0.000000 0.000000 0.000000 0.000000 0.000000 0.000000 0.000000 0.000000 0.000000 0.000000 0.000000 0.000000 0.000000 0.000000 0.000000 0.000000 0.000001 0.000001 0.000001 0.000002 0.000002 0.000003 0.000005 0.000007 0.000009 0.000012 0.000016 0.000021 0.000027 0.000034 0.000043 0.000054 0.000067 0.000083 0.000100 0.000120 0.000141 0.000165 0.000191 0.000218 0.000247 0.000275 0.000304 0.000331 0.000357 0.000381 0.000401 0.000418 0.000430 0.000437 0.000440 0.000437 0.000430 0.000418 0.000401 0.000381 0.000357 0.000331 0.000304 0.000275 0.000247 0.000218 0.000191 0.000165 0.000141 0.000120 0.000100 0.000083 0.000067 0.000054 0.000043 0.000034 0.000027 0.000021 0.000016 0.000012 0.000009 0.000007 0.000005 0.000003 0.000002 0.000002 0.000001 0.000001 0.000001 0.000000 0.000000 0.000000 0.000000 0.000000 0.000000 0.000000 0.000000 0.000000 0.000000 0.000000 0.000000 0.000000 0.000000 0.000000 
0.000000 0.000000 0.000000 0.000000 0.000000 0.000000 0.000000 0.000000 0.000000 0.000000 0.000000 0.000000 0.000000 0.000000 0.000000 0.000000 0.000001 0.000001 0.000001 0.000002 0.000002 0.000003 0.000005 0.000007 0.000009 0.000012 0.000016 0.000021 0.000027 0.000034 0.000043 0.000054 0.000067 0.000083 0.000100 0.000120 0.000141 0.000165 0.000191 0.000218 0.000247 0.000275 0.000304 0.000331 0.000357 0.000381 0.000401 0.000418 0.000430 0.000437 0.000440 0.000437 0.000430 0.000418 0.000401 0.000381 0.000357 0.000331 0.000304 0.000275 0.000247 0.000218 0.000191 0.000165 0.000141 0.000120 0.000100 0.000083 0.000067 0.000054 0.000043 0.000034 0.000027 0.000021 0.000016 0.000012 0.000009 0.000007 0.000005 0.000003 0.000002 0.000002 0.000001 0.000001 0.000001 0.000000 0.000000 0.000000 0.000000 0.000000 0.000000 0.000000 0.000000 0.000000 0.000000 0.000000 0.000000 0.000000 0.000000 0.000000 
0.000000 0.000000 0.000000 0.000000 0.000000 0.000000 0.000000 0.000000 0.000000 0.000000 0.000000 0.000000 0.000000 0.000000 0.000000 0.000000 0.000001 0.000001 0.000002 0.000002 0.000003 0.000004 0.000006 0.000008 0.000011 0.000015 0.000020 0.000027 0.000035 0.000044 0.000056 0.000071 0.000087 0.000107 0.000129 0.000155 0.000183 0.000214 0.000247 0.000282 0.000319 0.000356 0.000392 0.000428 0.000461 0.000492 0.000518 0.000540 0.000555 0.000565 0.000568 0.000565 0.000555 0.000540 0.000518 0.000492 0.000461 0.000428 0.000392 0.000356 0.000319 0.000282 0.000247 0.000214 0.000183 0.000155 0.000129 0.000107 0.000087 0.000071 0.000056 0.000044 0.000035 0.000027 0.000020 0.000015 0.000011 0.000008 0.000006 0.000004 0.000003 0.000002 0.000002 0.000001 0.000001 0.000000 0.000000 0.000000 0.000000 0.000000 0.000000 0.000000 0.000000 0.000000 0.000000 0.000000 0.000000 0.000000 0.000000 0.000000 
0.000000 0.000000 0.000000 0.000000 0.000000 0.000000 0.000000 0.000000 0.000000 0.000000 0.000000 0.000000 0.000000 0.000000 0.000000 0.000001 0.000001 0.000002 0.000002 0.000003 0.000005 0.000007 0.000009 0.000013 0.000017 0.000023 0.000031 0.000041 0.000052 0.000067 0.000085 0.000107 0.000132 0.000161 0.000195 0.000234 0.000276 0.000323 0.000373 0.000426 0.000481 0.000536 0.000592 0.000645 0.000696 0.000742 0.000781 0.000813 0.000837 0.000852 0.000857 0.000852 0.000837 0.000813 0.000781 0.000742 0.000696 0.000645 0.000592 0.000536 0.000481 0.000426 0.000373 0.000323 0.000276 0.000234 0.000195 0.000161 0.000132 0.000107 0.000085 0.000067 0.000052 0.000041 0.000031 0.000023 0.000017 0.000013 0.000009 0.000007 0.000005 0.000003 0.000002 0.000002 0.000001 0.000001 0.000000 0.000000 0.000000 0.000000 0.000000 0.000000 0.000000 0.000000 0.000000 0.000000 0.000000 0.000000 0.000000 0.000000 
0.000000 0.000000 0.000000 0.000000 0.000000 0.000000 0.000000 0.000000 0.000000 0.000000 0.000000 0.000000 0.000000 0.000001 0.000001 0.000001 0.000002 0.000003 0.000004 0.000005 0.000008 0.000011 0.000015 0.000021 0.000028 0.000038 0.000050 0.000065 0.000084 0.000108 0.000137 0.000171 0.000212 0.000260 0.000314 0.000375 0.000444 0.000518 0.000599 0.000684 0.000772 0.000861 0.000950 0.001036 0.001116 0.001190 0.001253 0.001305 0.001343 0.001366 0.001374 0.001366 0.001343 0.001305 0.001253 0.001190 0.001116 0.001036 0.000950 0.000861 0.000772 0.000684 0.000599 0.000518 0.000444 0.000375 0.000314 0.000260 0.000212 0.000171 0.000137 0.000108 0.000084 0.000065 0.000050 0.000038 0.000028 0.000021 0.000015 0.000011 0.000008 0.000005 0.000004 0.000003 0.000002 0.000001 0.000001 0.000001 0.000000 0.000000 0.000000 0.000000 0.000000 0.000000 0.000000 0.000000 0.000000 0.000000 0.000000 0.000000 
0.000000 0.000000 0.000000 0.000000 0.000000 0.000000 0.000000 0.000000 0.000000 0.000000 0.000000 0.000000 0.000001 0.000001 0.000001 0.000002 0.000003 0.000004 0.000006 0.000009 0.000013 0.000018 0.000025 0.000034 0.000046 0.000062 0.000082 0.000107 0.000138 0.000177 0.000224 0.000280 0.000347 0.000424 0.000513 0.000613 0.000724 0.000846 0.000977 0.001116 0.001259 0.001405 0.001550 0.001690 0.001821 0.001940 0.002044 0.002128 0.002190 0.002228 0.002241 0.002228 0.002190 0.002128 0.002044 0.001940 0.001821 0.001690 0.001550 0.001405 0.001259 0.001116 0.000977 0.000846 0.000724 0.000613 0.000513 0.000424 0.000347 0.000280 0.000224 0.000177 0.000138 0.000107 0.000082 0.000062 0.000046 0.000034 0.000025 0.000018 0.000013 0.000009 0.000006 0.000004 0.000003 0.000002 0.000001 0.000001 0.000001 0.000000 0.000000 0.000000 0.000000 0.000000 0.000000 0.000000 0.000000 0.000000 0.000000 0.000000 
0.000000 0.000000 0.000000 0.000000 0.000000 0.000000 0.000000 0.000000 0.000000 0.000000 0.000000 0.000001 0.000001 0.000001 0.000002 0.000003 0.000005 0.000007 0.000010 0.000015 0.000021 0.000029 0.000040 0.000055 0.000075 0.000101 0.000133 0.000174 0.000226 0.000289 0.000366 0.000458 0.000566 0.000692 0.000837 0.001000 0.001181 0.001380 0.001593 0.001819 0.002052 0.002290 0.002525 0.002753 0.002967 0.003161 0.003329 0.003466 0.003567 0.003629 0.003650 0.003629 0.003567 0.003466 0.003329 0.003161 0.002967 0.002753 0.002525 0.002290 0.002052 0.001819 0.001593 0.001380 0.001181 0.001000 0.000837 0.000692 0.000566 0.000458 0.000366 0.000289 0.000226 0.000174 0.000133 0.000101 0.000075 0.000055 0.000040 0.000029 0.000021 0.000015 0.000010 0.000007 0.000005 0.000003 0.000002 0.000001 0.000001 0.000001 0.000000 0.000000 0.000000 0.000000 0.000000 0.000000 0.000000 0.000000 0.000000 0.000000 
0.000000 0.000000 0.000000 0.000000 0.000000 0.000000 0.000000 0.000000 0.000000 0.000000 0.000001 0.000001 0.000002 0.000002 0.000004 0.000005 0.000008 0.000012 0.000017 0.000024 0.000034 0.000047 0.000066 0.000090 0.000122 0.000163 0.000216 0.000283 0.000366 0.000469 0.000593 0.000741 0.000917 0.001121 0.001354 0.001618 0.001912 0.002233 0.002578 0.002942 0.003320 0.003703 0.004083 0.004451 0.004797 0.005110 0.005382 0.005603 0.005767 0.005867 0.005901 0.005867 0.005767 0.005603 0.005382 0.005110 0.004797 0.004451 0.004083 0.003703 0.003320 0.002942 0.002578 0.002233 0.001912 0.001618 0.001354 0.001121 0.000917 0.000741 0.000593 0.000469 0.000366 0.000283 0.000216 0.000163 0.000122 0.000090 0.000066 0.000047 0.000034 0.000024 0.000017 0.000012 0.000008 0.000005 0.000004 0.000002 0.000002 0.000001 0.000001 0.000000 0.000000 0.000000 0.000000 0.000000 0.000000 0.000000 0.000000 0.000000 
0.000000 0.000000 0.000000 0.000000 0.000000 0.000000 0.000000 0.000000 0.000000 0.000001 0.000001 0.000002 0.000002 0.000004 0.000006 0.000009 0.000013 0.000019 0.000027 0.000039 0.000055 0.000076 0.000106 0.000145 0.000196 0.000262 0.000347 0.000454 0.000588 0.000752 0.000951 0.001189 0.001470 0.001797 0.002172 0.002594 0.003064 0.003578 0.004130 0.004713 0.005318 0.005931 0.006539 0.007128 0.007681 0.008182 0.008617 0.008970 0.009232 0.009393 0.009447 0.009393 0.009232 0.008970 0.008617 0.008182 0.007681 0.007128 0.006539 0.005931 0.005318 0.004713 0.004130 0.003578 0.003064 0.002594 0.002172 0.001797 0.001470 0.001189 0.000951 0.000752 0.000588 0.000454 0.000347 0.000262 0.000196 0.000145 0.000106 0.000076 0.000055 0.000039 0.000027 0.000019 0.000013 0.000009 0.000006 0.000004 0.000002 0.000002 0.000001 0.000001 0.000000 0.000000 0.000000 0.000000 0.000000 0.000000 0.000000 0.000000 
0.000000 0.000000 0.000000 0.000000 0.000000 0.000000 0.000000 0.000000 0.000001 0.000001 0.000002 0.000003 0.000004 0.000006 0.000009 0.000014 0.000020 0.000030 0.000043 0.000061 0.000087 0.000122 0.000168 0.000230 0.000312 0.000417 0.000552 0.000722 0.000934 0.001195 0.001511 0.001888 0.002334 0.002852 0.003446 0.004116 0.004860 0.005674 0.006549 0.007473 0.008430 0.009401 0.010364 0.011296 0.012171 0.012965 0.013653 0.014213 0.014627 0.014881 0.014967 0.014881 0.014627 0.014213 0.013653 0.012965 0.012171 0.011296 0.010364 0.009401 0.008430 0.007473 0.006549 0.005674 0.004860 0.004116 0.003446 0.002852 0.002334 0.001888 0.001511 0.001195 0.000934 0.000722 0.000552 0.000417 0.000312 0.000230 0.000168 0.000122 0.000087 0.000061 0.000043 0.000030 0.000020 0.000014 0.000009 0.000006 0.000004 0.000003 0.000002 0.000001 0.000001 0.000000 0.000000 0.000000 0.000000 0.000000 0.000000 0.000000 
0.000000 0.000000 0.000000 0.000000 0.000000 0.000000 0.000000 0.000001 0.000001 0.000002 0.000003 0.000004 0.000006 0.000010 0.000014 0.000022 0.000032 0.000047 0.000068 0.000097 0.000137 0.000192 0.000265 0.000363 0.000491 0.000656 0.000868 0.001135 0.001468 0.001877 0.002373 0.002966 0.003665 0.004478 0.005409 0.006460 0.007627 0.008903 0.010274 0.011721 0.013220 0.014742 0.016251 0.017711 0.019082 0.020325 0.021402 0.022279 0.022927 0.023325 0.023460 0.023325 0.022927 0.022279 0.021402 0.020325 0.019082 0.017711 0.016251 0.014742 0.013220 0.011721 0.010274 0.008903 0.007627 0.006460 0.005409 0.004478 0.003665 0.002966 0.002373 0.001877 0.001468 0.001135 0.000868 0.000656 0.000491 0.000363 0.000265 0.000192 0.000137 0.000097 0.000068 0.000047 0.000032 0.000022 0.000014 0.000010 0.000006 0.000004 0.000003 0.000002 0.000001 0.000001 0.000000 0.000000 0.000000 0.000000 0.000000 0.000000 
0.000000 0.000000 0.000000 0.000000 0.000000 0.000000 0.000001 0.000001 0.000002 0.000003 0.000004 0.000006 0.000010 0.000015 0.000023 0.000034 0.000050 0.000073 0.000105 0.000151 0.000213 0.000298 0.000413 0.000565 0.000764 0.001021 0.001350 0.001766 0.002283 0.002918 0.003688 0.004609 0.005694 0.006955 0.008400 0.010029 0.011839 0.013818 0.015944 0.018188 0.020512 0.022870 0.025209 0.027471 0.029596 0.031521 0.033190 0.034549 0.035553 0.036170 0.036378 0.036170 0.035553 0.034549 0.033190 0.031521 0.029596 0.027471 0.025209 0.022870 0.020512 0.018188 0.015944 0.013818 0.011839 0.010029 0.008400 0.006955 0.005694 0.004609 0.003688 0.002918 0.002283 0.001766 0.001350 0.001021 0.000764 0.000565 0.000413 0.000298 0.000213 0.000151 0.000105 0.000073 0.000050 0.000034 0.000023 0.000015 0.000010 0.000006 0.000004 0.000003 0.000002 0.000001 0.000001 0.000000 0.000000 0.000000 0.000000 0.000000 
0.000000 0.000000 0.000000 0.000000 0.000000 0.000001 0.000001 0.000002 0.000002 0.000004 0.000006 0.000010 0.000015 0.000023 0.000035 0.000052 0.000077 0.000112 0.000163 0.000232 0.000329 0.000460 0.000636 0.000869 0.001176 0.001572 0.002078 0.002716 0.003511 0.004487 0.005669 0.007083 0.008749 0.010685 0.012902 0.015403 0.018180 0.021215 0.024476 0.027917 0.031481 0.035096 0.038683 0.042151 0.045407 0.048359 0.050916 0.052998 0.054537 0.055482 0.055801 0.055482 0.054537 0.052998 0.050916 0.048359 0.045407 0.042151 0.038683 0.035096 0.031481 0.027917 0.024476 0.021215 0.018180 0.015403 0.012902 0.010685 0.008749 0.007083 0.005669 0.004487 0.003511 0.002716 0.002078 0.001572 0.001176 0.000869 0.000636 0.000460 0.000329 0.000232 0.000163 0.000112 0.000077 0.000052 0.000035 0.000023 0.000015 0.000010 0.000006 0.000004 0.000002 0.000002 0.000001 0.000001 0.000000 0.000000 0.000000 0.000000 
0.000000 0.000000 0.000000 0.000000 0.000001 0.000001 0.000001 0.000002 0.000004 0.000006 0.000010 0.000015 0.000023 0.000035 0.000053 0.000079 0.000117 0.000172 0.000248 0.000355 0.000501 0.000701 0.000969 0.001324 0.001790 0.002393 0.003163 0.004133 0.005341 0.006824 0.008621 0.010768 0.013298 0.016238 0.019604 0.023400 0.027614 0.032220 0.037167 0.042388 0.047793 0.053277 0.058716 0.063975 0.068913 0.073388 0.077265 0.080422 0.082755 0.084188 0.084671 0.084188 0.082755 0.080422 0.077265 0.073388 0.068913 0.063975 0.058716 0.053277 0.047793 0.042388 0.037167 0.032220 0.027614 0.023400 0.019604 0.016238 0.013298 0.010768 0.008621 0.006824 0.005341 0.004133 0.003163 0.002393 0.001790 0.001324 0.000969 0.000701 0.000501 0.000355 0.000248 0.000172 0.000117 0.000079 0.000053 0.000035 0.000023 0.000015 0.000010 0.000006 0.000004 0.000002 0.000001 0.000001 0.000001 0.000000 0.000000 0.000000 
0.000000 0.000000 0.000000 0.000000 0.000001 0.000001 0.000002 0.000004 0.000006 0.000009 0.000014 0.000023 0.000035 0.000053 0.000080 0.000120 0.000177 0.000259 0.000374 0.000535 0.000756 0.001056 0.001460 0.001995 0.002696 0.003603 0.004761 0.006220 0.008036 0.010266 0.012966 0.016192 0.019993 0.024409 0.029463 0.035162 0.041490 0.048402 0.055827 0.063661 0.071772 0.080000 0.088159 0.096047 0.103454 0.110166 0.115980 0.120715 0.124215 0.126363 0.127087 0.126363 0.124215 0.120715 0.115980 0.110166 0.103454 0.096047 0.088159 0.080000 0.071772 0.063661 0.055827 0.048402 0.041490 0.035162 0.029463 0.024409 0.019993 0.016192 0.012966 0.010266 0.008036 0.006220 0.004761 0.003603 0.002696 0.001995 0.001460 0.001056 0.000756 0.000535 0.000374 0.000259 0.000177 0.000120 0.000080 0.000053 0.000035 0.000023 0.000014 0.000009 0.000006 0.000004 0.000002 0.000001 0.000001 0.000001 0.000000 0.000000 
0.000000 0.000000 0.000000 0.000001 0.000001 0.000002 0.000003 0.000005 0.000009 0.000014 0.000022 0.000034 0.000052 0.000079 0.000120 0.000179 0.000264 0.000386 0.000558 0.000798 0.001127 0.001575 0.002176 0.002973 0.004017 0.005366 0.007089 0.009260 0.011960 0.015275 0.019289 0.024083 0.029732 0.036292 0.043799 0.052263 0.061659 0.071922 0.082944 0.094573 0.106612 0.118822 0.130929 0.142634 0.153623 0.163581 0.172208 0.179231 0.184422 0.187609 0.188684 0.187609 0.184422 0.179231 0.172208 0.163581 0.153623 0.142634 0.130929 0.118822 0.106612 0.094573 0.082944 0.071922 0.061659 0.052263 0.043799 0.036292 0.029732 0.024083 0.019289 0.015275 0.011960 0.009260 0.007089 0.005366 0.004017 0.002973 0.002176 0.001575 0.001127 0.000798 0.000558 0.000386 0.000264 0.000179 0.000120 0.000079 0.000052 0.000034 0.000022 0.000014 0.000009 0.000005 0.000003 0.000002 0.000001 0.000001 0.000001 0.000001 
0.000001 0.000001 0.000001 0.000001 0.000002 0.000003 0.000005 0.000008 0.000013 0.000020 0.000032 0.000050 0.000077 0.000117 0.000177 0.000264 0.000391 0.000570 0.000824 0.001177 0.001662 0.002322 0.003207 0.004381 0.005918 0.007904 0.010439 0.013633 0.017605 0.022480 0.028381 0.035430 0.043732 0.053371 0.064401 0.076836 0.090636 0.105708 0.121894 0.138968 0.156642 0.174566 0.192337 0.209516 0.225644 0.240257 0.252916 0.263222 0.270840 0.275516 0.277093 0.275516 0.270840 0.263222 0.252916 0.240257 0.225644 0.209516 0.192337 0.174566 0.156642 0.138968 0.121894 0.105708 0.090636 0.076836 0.064401 0.053371 0.043732 0.035430 0.028381 0.022480 0.017605 0.013633 0.010439 0.007904 0.005918 0.004381 0.003207 0.002322 0.001662 0.001177 0.000824 0.000570 0.000391 0.000264 0.000177 0.000117 0.000077 0.000050 0.000032 0.000020 0.000013 0.000008 0.000005 0.000003 0.000002 0.000001 0.000001 0.000001 
0.000001 0.000001 0.000001 0.000002 0.000003 0.000004 0.000007 0.000012 0.000019 0.000030 0.000047 0.000073 0.000112 0.000172 0.000259 0.000386 0.000570 0.000833 0.001203 0.001717 0.002425 0.003386 0.004676 0.006386 0.008624 0.011515 0.015205 0.019853 0.025632 0.032721 0.041304 0.051552 0.063621 0.077631 0.093661 0.111729 0.131778 0.153672 0.177181 0.201978 0.227643 0.253668 0.279470 0.304410 0.327822 0.349035 0.367410 0.382368 0.393425 0.400213 0.402501 0.400213 0.393425 0.382368 0.367410 0.349035 0.327822 0.304410 0.279470 0.253668 0.227643 0.201978 0.177181 0.153672 0.131778 0.111729 0.093661 0.077631 0.063621 0.051552 0.041304 0.032721 0.025632 0.019853 0.015205 0.011515 0.008624 0.006386 0.004676 0.003386 0.002425 0.001717 0.001203 0.000833 0.000570 0.000386 0.000259 0.000172 0.000112 0.000073 0.000047 0.000030 0.000019 0.000012 0.000007 0.000004 0.000003 0.000002 0.000001 0.000001 
0.000001 0.000001 0.000002 0.000002 0.000004 0.000006 0.000010 0.000017 0.000027 0.000043 0.000068 0.000105 0.000163 0.000248 0.000374 0.000558 0.000824 0.001203 0.001736 0.002478 0.003498 0.004884 0.006743 0.009206 0.012428 0.016592 0.021904 0.028593 0.036908 0.047108 0.059452 0.074191 0.091543 0.111685 0.134727 0.160693 0.189504 0.220961 0.254734 0.290355 0.327219 0.364595 0.401648 0.437463 0.471079 0.501537 0.527918 0.549394 0.565268 0.575012 0.578297 0.575012 0.565268 0.549394 0.527918 0.501537 0.471079 0.437463 0.401648 0.364595 0.327219 0.290355 0.254734 0.220961 0.189504 0.160693 0.134727 0.111685 0.091543 0.074191 0.059452 0.047108 0.036908 0.028593 0.021904 0.016592 0.012428 0.009206 0.006743 0.004884 0.003498 0.002478 0.001736 0.001203 0.000824 0.000558 0.000374 0.000248 0.000163 0.000105 0.000068 0.000043 0.000027 0.000017 0.000010 0.000006 0.000004 0.000003 0.000002 0.000002 
0.000002 0.000002 0.000002 0.000003 0.000005 0.000009 0.000015 0.000024 0.000039 0.000061 0.000097 0.000151 0.000232 0.000355 0.000535 0.000798 0.001177 0.001717 0.002478 0.003536 0.004991 0.006966 0.009615 0.013124 0.017714 0.023644 0.031206 0.040728 0.052562 0.067075 0.084637 0.105600 0.130278 0.158918 0.191676 0.228586 0.269535 0.314240 0.362231 0.412841 0.465212 0.518308 0.570939 0.621807 0.669551 0.712806 0.750270 0.780768 0.803309 0.817145 0.821810 0.817145 0.803309 0.780768 0.750270 0.712806 0.669551 0.621807 0.570939 0.518308 0.465212 0.412841 0.362231 0.314240 0.269535 0.228586 0.191676 0.158918 0.130278 0.105600 0.084637 0.067075 0.052562 0.040728 0.031206 0.023644 0.017714 0.013124 0.009615 0.006966 0.004991 0.003536 0.002478 0.001717 0.001177 0.000798 0.000535 0.000355 0.000232 0.000151 0.000097 0.000061 0.000039 0.000024 0.000015 0.000009 0.000006 0.000004 0.000003 0.000003 
0.000002 0.000002 0.000003 0.000005 0.000008 0.000013 0.000021 0.000034 0.000055 0.000087 0.000137 0.000213 0.000329 0.000501 0.000756 0.001127 0.001662 0.002425 0.003498 0.004991 0.007043 0.009827 0.013560 0.018505 0.024971 0.033322 0.043971 0.057376 0.074032 0.094456 0.119167 0.148658 0.183368 0.223646 0.269708 0.321602 0.379167 0.442005 0.509453 0.580575 0.654165 0.728766 0.802710 0.874171 0.941239 1.001999 1.054622 1.097458 1.129117 1.148550 1.155102 1.148550 1.129117 1.097458 1.054622 1.001999 0.941239 0.874171 0.802710 0.728766 0.654165 0.580575 0.509453 0.442005 0.379167 0.321602 0.269708 0.223646 0.183368 0.148658 0.119167 0.094456 0.074032 0.057376 0.043971 0.033322 0.024971 0.018505 0.013560 0.009827 0.007043 0.004991 0.003498 0.002425 0.001662 0.001127 0.000756 0.000501 0.000329 0.000213 0.000137 0.000087 0.000055 0.000034 0.000021 0.000013 0.000008 0.000005 0.000004 0.000004 
0.000003 0.000003 0.000004 0.000007 0.000011 0.000018 0.000029 0.000047 0.000076 0.000122 0.000192 0.000298 0.000460 0.000701 0.001056 0.001575 0.002322 0.003386 0.004884 0.006966 0.009827 0.013709 0.018913 0.025803 0.034812 0.046444 0.061274 0.079939 0.103126 0.131552 0.165939 0.206971 0.255259 0.311283 0.375343 0.447504 0.527541 0.614899 0.708656 0.807510 0.909786 1.013458 1.116209 1.215504 1.308688 1.393104 1.466212 1.525721 1.569703 1.596699 1.605800 1.596699 1.569703 1.525721 1.466212 1.393104 1.308688 1.215504 1.116209 1.013458 0.909786 0.807510 0.708656 0.614899 0.527541 0.447504 0.375343 0.311283 0.255259 0.206971 0.165939 0.131552 0.103126 0.079939 0.061274 0.046444 0.034812 0.025803 0.018913 0.013709 0.009827 0.006966 0.004884 0.003386 0.002322 0.001575 0.001056 0.000701 0.000460 0.000298 0.000192 0.000122 0.000076 0.000048 0.000029 0.000018 0.000011 0.000008 0.000006 0.000006 
0.000005 0.000005 0.000006 0.000009 0.000015 0.000025 0.000040 0.000066 0.000106 0.000168 0.000265 0.000413 0.000636 0.000969 0.001460 0.002176 0.003207 0.004676 0.006743 0.009615 0.013560 0.018913 0.026086 0.035581 0.047994 0.064019 0.084444 0.110145 0.142068 0.181198 0.228524 0.284988 0.351425 0.428495 0.516609 0.615852 0.725914 0.846030 0.974930 1.110826 1.251412 1.393907 1.535126 1.671585 1.799640 1.915639 2.016097 2.097864 2.158295 2.195388 2.207893 2.195388 2.158295 2.097864 2.016097 1.915639 1.799640 1.671585 1.535126 1.393907 1.251412 1.110826 0.974930 0.846030 0.725914 0.615852 0.516609 0.428495 0.351425 0.284988 0.228524 0.181198 0.142068 0.110145 0.084444 0.064019 0.047994 0.035581 0.026086 0.018913 0.013560 0.009615 0.006743 0.004676 0.003207 0.002176 0.001460 0.000969 0.000636 0.000413 0.000265 0.000168 0.000106 0.000066 0.000041 0.000025 0.000016 0.000011 0.000008 0.000008 
0.000007 0.000007 0.000008 0.000013 0.000021 0.000034 0.000055 0.000090 0.000145 0.000230 0.000363 0.000565 0.000869 0.001324 0.001995 0.002973 0.004381 0.006386 0.009206 0.013124 0.018505 0.025803 0.035581 0.048522 0.065437 0.087268 0.115089 0.150090 0.193557 0.246827 0.311245 0.388089 0.478492 0.583350 0.703217 0.838207 0.987897 1.151241 1.326515 1.511283 1.702412 1.896121 2.088081 2.273561 2.447607 2.605261 2.741787 2.852909 2.935033 2.985439 3.002433 2.985439 2.935033 2.852909 2.741787 2.605261 2.447607 2.273561 2.088081 1.896121 1.702412 1.511283 1.326515 1.151241 0.987897 0.838207 0.703217 0.583350 0.478492 0.388089 0.311245 0.246827 0.193557 0.150090 0.115089 0.087268 0.065437 0.048522 0.035581 0.025803 0.018505 0.013124 0.009206 0.006386 0.004381 0.002973 0.001995 0.001324 0.000869 0.000565 0.000363 0.000230 0.000145 0.000090 0.000056 0.000034 0.000022 0.000014 0.000011 0.000011 
0.000009 0.000009 0.000011 0.000017 0.000028 0.000046 0.000075 0.000122 0.000196 0.000312 0.000491 0.000764 0.001176 0.001790 0.002696 0.004017 0.005918 0.008624 0.012428 0.017714 0.024971 0.034812 0.047994 0.065437 0.088230 0.117643 0.155119 0.202260 0.260791 0.332512 0.419228 0.522656 0.644317 0.785411 0.946681 1.128276 1.329623 1.549313 1.785025 2.033484 2.290474 2.550914 2.808985 3.058330 3.292292 3.504208 3.687718 3.837077 3.947457 4.015205 4.038046 4.015205 3.947457 3.837077 3.687718 3.504208 3.292292 3.058330 2.808985 2.550914 2.290474 2.033484 1.785025 1.549313 1.329623 1.128276 0.946681 0.785411 0.644317 0.522656 0.419228 0.332512 0.260791 0.202260 0.155119 0.117643 0.088230 0.065437 0.047994 0.034812 0.024971 0.017714 0.012428 0.008624 0.005918 0.004017 0.002696 0.001790 0.001176 0.000764 0.000491 0.000312 0.000196 0.000122 0.000076 0.000047 0.000029 0.000020 0.000015 0.000015 
0.000012 0.000012 0.000015 0.000023 0.000038 0.000062 0.000101 0.000163 0.000262 0.000417 0.000656 0.001021 0.001572 0.002393 0.003603 0.005366 0.007904 0.011515 0.016592 0.023644 0.033322 0.046444 0.064019 0.087268 0.117643 0.156833 0.206757 0.269545 0.347491 0.442987 0.558432 0.696106 0.858027 1.045788 1.260372 1.501973 1.769823 2.062046 2.375551 2.705981 3.047731 3.394042 3.737182 4.068698 4.379748 4.661476 4.905430 5.103980 5.250710 5.340768 5.371130 5.340768 5.250710 5.103980 4.905430 4.661476 4.379748 4.068698 3.737182 3.394042 3.047731 2.705981 2.375551 2.062046 1.769823 1.501973 1.260372 1.045788 0.858027 0.696106 0.558432 0.442987 0.347491 0.269545 0.206757 0.156833 0.117643 0.087268 0.064019 0.046444 0.033322 0.023644 0.016592 0.011515 0.007904 0.005366 0.003603 0.002393 0.001572 0.001021 0.000656 0.000417 0.000263 0.000164 0.000101 0.000063 0.000039 0.000026 0.000020 0.000020 
0.000016 0.000016 0.000020 0.000031 0.000050 0.000082 0.000133 0.000216 0.000347 0.000552 0.000868 0.001350 0.002078 0.003163 0.004761 0.007089 0.010439 0.015205 0.021904 0.031206 0.043971 0.061274 0.084444 0.115089 0.155119 0.206757 0.272528 0.355231 0.457884 0.583632 0.735626 0.916860 1.129988 1.377094 1.659469 1.977360 2.329753 2.714175 3.126556 3.561164 4.010626 4.466056 4.917287 5.353210 5.762200 6.132620 6.453363 6.714403 6.907309 7.025708 7.065624 7.025708 6.907309 6.714403 6.453363 6.132620 5.762200 5.353210 4.917287 4.466056 4.010626 3.561164 3.126556 2.714175 2.329753 1.977360 1.659469 1.377094 1.129988 0.916860 0.735626 0.583632 0.457884 0.355231 0.272528 0.206757 0.155119 0.115089 0.084444 0.061274 0.043971 0.031206 0.021904 0.015205 0.010439 0.007089 0.004761 0.003163 0.002078 0.001351 0.000868 0.000552 0.000348 0.000217 0.000134 0.000083 0.000052 0.000035 0.000027 0.000027 
0.000021 0.000021 0.000027 0.000041 0.000065 0.000107 0.000174 0.000283 0.000454 0.000722 0.001135 0.001766 0.002716 0.004133 0.006220 0.009260 0.013633 0.019853 0.028593 0.040728 0.057376 0.079939 0.110145 0.150090 0.202260 0.269545 0.355231 0.462960 0.596656 0.760406 0.958305 1.194247 1.471673 1.793292 2.160771 2.574428 3.032934 3.533067 4.069529 4.634861 5.219471 5.811805 6.398643 6.965541 7.497389 7.979063 8.396126 8.735546 8.986371 9.140316 9.192215 9.140316 8.986371 8.735546 8.396126 7.979063 7.497389 6.965541 6.398643 5.811805 5.219471 4.634861 4.069529 3.533067 3.032934 2.574428 2.160771 1.793292 1.471673 1.194247 0.958305 0.760406 0.596656 0.462960 0.355231 0.269545 0.202260 0.150090 0.110145 0.079939 0.057376 0.040728 0.028593 0.019853 0.013633 0.009260 0.006221 0.004133 0.002716 0.001766 0.001136 0.000722 0.000455 0.000284 0.000175 0.000108 0.000068 0.000046 0.000036 0.000036 
0.000027 0.000027 0.000035 0.000052 0.000084 0.000138 0.000226 0.000366 0.000588 0.000934 0.001468 0.002283 0.003511 0.005341 0.008036 0.011960 0.017605 0.025632 0.036908 0.052562 0.074032 0.103126 0.142068 0.193557 0.260791 0.347491 0.457884 0.596656 0.768850 0.979725 1.234543 1.538305 1.895434 2.309404 2.782352 3.314677 3.904661 4.548151 5.238327 5.965588 6.717598 7.479494 8.234277 8.963377 9.647369 10.266809 10.803142 11.239616 11.562156 11.760113 11.826850 11.760113 11.562156 11.239616 10.803142 10.266809 9.647369 8.963377 8.234277 7.479494 6.717598 5.965588 5.238327 4.548151 3.904661 3.314677 2.782352 2.309404 1.895434 1.538305 1.234543 0.979725 0.768850 0.596656 0.457884 0.347491 0.260791 0.193557 0.142068 0.103126 0.074032 0.052562 0.036908 0.025632 0.017605 0.011960 0.008036 0.005341 0.003511 0.002283 0.001468 0.000934 0.000588 0.000367 0.000227 0.000140 0.000088 0.000059 0.000046 0.000046 
0.000034 0.000034 0.000044 0.000067 0.000108 0.000177 0.000289 0.000469 0.000752 0.001195 0.001877 0.002918 0.004487 0.006824 0.010266 0.015275 0.022480 0.032721 0.047108 0.067075 0.094456 0.131552 0.181198 0.246827 0.332512 0.442987 0.583632 0.760406 0.979725 1.248274 1.572744 1.959489 2.414127 2.941069 3.543022 4.220481 4.971251 5.790041 6.668163 7.593403 8.550064 9.519243 10.479322 11.406686 12.276639 13.064461 13.746564 14.301655 14.711841 14.963587 15.048457 14.963587 14.711841 14.301655 13.746564 13.064461 12.276639 11.406686 10.479322 9.519243 8.550064 7.593403 6.668163 5.790041 4.971251 4.220481 3.543022 2.941069 2.414127 1.959489 1.572744 1.248274 0.979725 0.760406 0.583632 0.442987 0.332512 0.246827 0.181198 0.131552 0.094456 0.067075 0.047108 0.032721 0.022480 0.015275 0.010266 0.006824 0.004487 0.002918 0.001877 0.001195 0.000753 0.000469 0.000291 0.000180 0.000113 0.000076 0.000059 0.000059 
0.000043 0.000043 0.000056 0.000085 0.000137 0.000224 0.000366 0.000593 0.000951 0.001511 0.002373 0.003688 0.005669 0.008621 0.012966 0.019289 0.028381 0.041304 0.059452 0.084637 0.119167 0.165939 0.228524 0.311245 0.419228 0.558432 0.735626 0.958305 1.234543 1.572744 1.981318 2.468255 3.040610 3.703921 4.461580 5.314199 6.259001 7.289317 8.394211 9.558309 10.761863 11.981095 13.188816 14.355329 15.449581 16.440493 17.298406 17.996555 18.512445 18.829061 18.935801 18.829061 18.512445 17.996555 17.298406 16.440493 15.449581 14.355329 13.188816 11.981095 10.761863 9.558309 8.394211 7.289317 6.259001 5.314199 4.461580 3.703921 3.040610 2.468255 1.981318 1.572744 1.234543 0.958305 0.735626 0.558432 0.419228 0.311245 0.228524 0.165939 0.119167 0.084637 0.059452 0.041304 0.028381 0.019289 0.012966 0.008621 0.005669 0.003688 0.002373 0.001511 0.000952 0.000594 0.000368 0.000228 0.000143 0.000096 0.000075 0.000075 
0.000054 0.000054 0.000071 0.000107 0.000171 0.000280 0.000458 0.000741 0.001189 0.001888 0.002966 0.004609 0.007083 0.010768 0.016192 0.024083 0.035430 0.051552 0.074191 0.105600 0.148658 0.206971 0.284988 0.388089 0.522656 0.696106 0.916860 1.194247 1.538305 1.959489 2.468255 3.074533 3.787089 4.612799 5.555869 6.617041 7.792849 9.074979 10.449816 11.898226 13.395638 14.912470 16.414907 17.866017 19.227183 20.459760 21.526874 22.395246 23.036910 23.430713 23.563473 23.430713 23.036910 22.395246 21.526874 20.459760 19.227183 17.866017 16.414907 14.912470 13.395638 11.898226 10.449816 9.074979 7.792849 6.617041 5.555869 4.612799 3.787089 3.074533 2.468255 1.959489 1.538305 1.194247 0.916860 0.696106 0.522656 0.388089 0.284988 0.206971 0.148658 0.105600 0.074191 0.051552 0.035430 0.024083 0.016192 0.010768 0.007083 0.004609 0.002966 0.001889 0.001190 0.000743 0.000460 0.000285 0.000179 0.000120 0.000094 0.000094 
0.000067 0.000067 0.000087 0.000132 0.000212 0.000347 0.000566 0.000917 0.001470 0.002334 0.003665 0.005694 0.008749 0.013298 0.019993 0.029732 0.043732 0.063621 0.091543 0.130278 0.183368 0.255259 0.351425 0.478492 0.644317 0.858027 1.129988 1.471673 1.895434 2.414127 3.040610 3.787089 4.664335 5.680793 6.841618 8.147706 9.594774 11.172577 12.864351 14.646545 16.488928 18.355108 20.203489 21.988651 23.663101 25.179318 26.491962 27.560112 28.349386 28.833776 28.997074 28.833776 28.349386 27.560112 26.491962 25.179318 23.663101 21.988651 20.203489 18.355108 16.488928 14.646545 12.864351 11.172577 9.594774 8.147706 6.841618 5.680793 4.664335 3.787089 3.040610 2.414127 1.895434 1.471673 1.129988 0.858027 0.644317 0.478492 0.351425 0.255259 0.183368 0.130278 0.091543 0.063621 0.043732 0.029732 0.019993 0.013298 0.008749 0.005694 0.003666 0.002335 0.001471 0.000918 0.000569 0.000352 0.000222 0.000149 0.000116 0.000116 
0.000083 0.000083 0.000107 0.000161 0.000260 0.000424 0.000692 0.001121 0.001797 0.002852 0.004478 0.006955 0.010685 0.016238 0.024409 0.036292 0.053371 0.077631 0.111685 0.158918 0.223646 0.311283 0.428495 0.583350 0.785411 1.045788 1.377094 1.793292 2.309404 2.941069 3.703921 4.612799 5.680793 6.918157 8.331147 9.920828 11.681968 13.602086 15.660769 17.829352 20.071051 22.341592 24.590377 26.762161 28.799185 30.643659 32.240447 33.539790 34.499882 35.089100 35.287737 35.089100 34.499882 33.539790 32.240447 30.643659 28.799185 26.762161 24.590377 22.341592 20.071051 17.829352 15.660769 13.602086 11.681968 9.920828 8.331147 6.918157 5.680793 4.612799 3.703921 2.941069 2.309404 1.793292 1.377094 1.045788 0.785411 0.583350 0.428495 0.311283 0.223646 0.158918 0.111685 0.077631 0.053371 0.036292 0.024409 0.016238 0.010685 0.006955 0.004478 0.002853 0.001798 0.001123 0.000696 0.000431 0.000271 0.000182 0.000142 0.000142 
0.000100 0.000100 0.000129 0.000195 0.000314 0.000513 0.000837 0.001354 0.002172 0.003446 0.005409 0.008400 0.012902 0.019604 0.029463 0.043799 0.064401 0.093661 0.134727 0.191676 0.269708 0.375343 0.516609 0.703217 0.946681 1.260372 1.659469 2.160771 2.782352 3.543022 4.461580 5.555869 6.841618 8.331147 10.031955 11.945304 14.064873 16.375624 18.852978 21.462437 24.159737 26.891613 29.597198 32.210042 34.660679 36.879607 38.800518 40.363580 41.518519 42.227310 42.466256 42.227310 41.518519 40.363580 38.800518 36.879607 34.660679 32.210042 29.597198 26.891613 24.159737 21.462437 18.852978 16.375624 14.064873 11.945304 10.031955 8.331147 6.841618 5.555869 4.461580 3.543022 2.782352 2.160771 1.659469 1.260372 0.946681 0.703217 0.516609 0.375343 0.269708 0.191676 0.134727 0.093661 0.064401 0.043799 0.029463 0.019604 0.012902 0.008400 0.005410 0.003447 0.002173 0.001357 0.000841 0.000521 0.000328 0.000220 0.000172 0.000172 
0.000120 0.000120 0.000155 0.000234 0.000375 0.000613 0.001000 0.001618 0.002594 0.004116 0.006460 0.010029 0.015403 0.023400 0.035162 0.052263 0.076836 0.111729 0.160693 0.228586 0.321602 0.447504 0.615852 0.838207 1.128276 1.501973 1.977360 2.574428 3.314677 4.220481 5.314199 6.617041 8.147706 9.920828 11.945304 14.222607 16.745191 19.495138 22.443186 25.548274 28.757733 32.008189 35.227236 38.335834 41.251356 43.891144 46.176342 48.035794 49.409716 50.252889 50.537138 50.252889 49.409716 48.035794 46.176342 43.891144 41.251356 38.335834 35.227236 32.008189 28.757733 25.548274 22.443186 19.495138 16.745191 14.222607 11.945304 9.920828 8.147706 6.617041 5.314199 4.220481 3.314677 2.574428 1.977360 1.501973 1.128276 0.838207 0.615852 0.447504 0.321602 0.228586 0.160693 0.111729 0.076836 0.052263 0.035162 0.023400 0.015403 0.010029 0.006460 0.004117 0.002596 0.001622 0.001005 0.000623 0.000392 0.000263 0.000205 0.000205 
0.000141 0.000141 0.000183 0.000276 0.000444 0.000724 0.001181 0.001912 0.003064 0.004860 0.007627 0.011839 0.018180 0.027614 0.041490 0.061659 0.090636 0.131778 0.189504 0.269535 0.379167 0.527541 0.725914 0.987897 1.329623 1.769823 2.329753 3.032934 3.904661 4.971251 6.259001 7.792849 9.594774 11.681968 14.064873 16.745191 19.714014 22.950233 26.419398 30.073183 33.849609 37.674118 41.461531 45.118871 48.548956 51.654564 54.342956 56.530448 58.146733 59.138637 59.473023 59.138637 58.146733 56.530448 54.342956 51.654564 48.548956 45.118871 41.461531 37.674118 33.849609 30.073183 26.419398 22.950233 19.714014 16.745191 14.064873 11.681968 9.594774 7.792849 6.259001 4.971251 3.904661 3.032934 2.329753 1.769823 1.329623 0.987897 0.725914 0.527541 0.379167 0.269535 0.189504 0.131778 0.090636 0.061659 0.041490 0.027615 0.018180 0.011840 0.007627 0.004861 0.003066 0.001915 0.001188 0.000736 0.000464 0.000311 0.000243 0.000243 
0.000165 0.000165 0.000214 0.000323 0.000518 0.000846 0.001380 0.002233 0.003578 0.005674 0.008903 0.013818 0.021215 0.032220 0.048402 0.071922 0.105708 0.153672 0.220961 0.314240 0.442005 0.614899 0.846030 1.151241 1.549313 2.062046 2.714175 3.533067 4.548151 5.790041 7.289317 9.074979 11.172577 13.602086 16.375624 19.495138 22.950233 26.716321 30.753293 35.004907 39.399043 43.848956 48.255554 52.510684 56.501306 60.114344 63.241935 65.786756 67.667042 68.820952 69.209952 68.820952 67.667042 65.786756 63.241935 60.114344 56.501306 52.510684 48.255554 43.848956 39.399043 35.004907 30.753293 26.716321 22.950233 19.495138 16.375624 13.602086 11.172577 9.074979 7.289317 5.790041 4.548151 3.533067 2.714175 2.062046 1.549313 1.151241 0.846030 0.614899 0.442005 0.314240 0.220961 0.153672 0.105708 0.071922 0.048402 0.032220 0.021215 0.013818 0.008903 0.005675 0.003580 0.002237 0.001387 0.000860 0.000542 0.000364 0.000284 0.000284 
0.000191 0.000191 0.000247 0.000373 0.000599 0.000977 0.001593 0.002578 0.004130 0.006549 0.010274 0.015944 0.024476 0.037167 0.055827 0.082944 0.121894 0.177181 0.254734 0.362231 0.509453 0.708656 0.974930 1.326515 1.785025 2.375551 3.126556 4.069529 5.238327 6.668163 8.394211 10.449816 12.864351 15.660769 18.852978 22.443186 26.419398 30.753293 35.398699 40.290887 45.346873 50.466856 55.536839 60.432412 65.023552 69.180198 72.778295 75.705910 77.869007 79.196465 79.643969 79.196465 77.869007 75.705910 72.778295 69.180198 65.023552 60.432412 55.536839 50.466856 45.346873 40.290887 35.398699 30.753293 26.419398 22.443186 18.852978 15.660769 12.864351 10.449816 8.394211 6.668163 5.238327 4.069529 3.126556 2.375551 1.785025 1.326515 0.974930 0.708656 0.509453 0.362231 0.254734 0.177181 0.121894 0.082944 0.055827 0.037167 0.024476 0.015944 0.010274 0.006550 0.004133 0.002583 0.001602 0.000993 0.000626 0.000420 0.000328 0.000328 
0.000218 0.000218 0.000282 0.000426 0.000684 0.001116 0.001819 0.002942 0.004713 0.007473 0.011721 0.018188 0.027917 0.042388 0.063661 0.094573 0.138968 0.201978 0.290355 0.412841 0.580575 0.807510 1.110826 1.511283 2.033484 2.705981 3.561164 4.634861 5.965588 7.593403 9.558309 11.898226 14.646545 17.829352 21.462437 25.548274 30.073183 35.004907 40.290887 45.857461 51.610206 57.435576 63.203887 68.773621 73.996879 78.725728 82.819071 86.149602 88.610373 90.120500 90.629582 90.120500 88.610373 86.149602 82.819071 78.725728 73.996879 68.773621 63.203887 57.435576 51.610206 45.857461 40.290887 35.004907 30.073183 25.548274 21.462437 17.829352 14.646545 11.898226 9.558309 7.593403 5.965588 4.634861 3.561164 2.705981 2.033484 1.511283 1.110826 0.807510 0.580575 0.412841 0.290355 0.201978 0.138968 0.094574 0.063661 0.042388 0.027917 0.018188 0.011722 0.007474 0.004716 0.002948 0.001829 0.001134 0.000715 0.000480 0.000375 0.000375 
0.000247 0.000247 0.000319 0.000481 0.000772 0.001259 0.002052 0.003320 0.005318 0.008430 0.013220 0.020512 0.031481 0.047793 0.071772 0.106612 0.156642 0.227643 0.327219 0.465212 0.654165 0.909786 1.251412 1.702412 2.290474 3.047731 4.010626 5.219471 6.717598 8.550064 10.761863 13.395638 16.488928 20.071051 24.159737 28.757733 33.849609 39.399043 45.346873 51.610206 58.082800 64.636911 71.126650 77.392827 83.269081 88.589021 93.193950 96.940686 99.708947 101.407764 101.980454 101.407764 99.708947 96.940686 93.193950 88.589021 83.269081 77.392827 71.126650 64.636911 58.082800 51.610206 45.346873 39.399043 33.849609 28.757733 24.159737 20.071051 16.488928 13.395638 10.761863 8.550064 6.717598 5.219471 4.010626 3.047731 2.290474 1.702412 1.251412 0.909786 0.654165 0.465212 0.327219 0.227643 0.156642 0.106612 0.071772 0.047794 0.031481 0.020512 0.013222 0.008431 0.005321 0.003326 0.002064 0.001279 0.000807 0.000542 0.000423 0.000423 
0.000275 0.000275 0.000356 0.000536 0.000861 0.001405 0.002290 0.003703 0.005931 0.009401 0.014742 0.022870 0.035096 0.053277 0.080000 0.118822 0.174566 0.253668 0.364595 0.518308 0.728766 1.013458 1.393907 1.896121 2.550914 3.394042 4.466056 5.811805 7.479494 9.519243 11.981095 14.912470 18.355108 22.341592 26.891613 32.008189 37.674118 43.848956 50.466856 57.435576 64.636911 71.928743 79.148782 86.119950 92.657202 98.575466 103.698235 107.866259 110.945761 112.835569 113.472642 112.835569 110.945761 107.866259 103.698235 98.575466 92.657202 86.119950 79.148782 71.928743 64.636911 57.435576 50.466856 43.848956 37.674118 32.008189 26.891613 22.341592 18.355108 14.912470 11.981095 9.519243 7.479494 5.811805 4.466056 3.394042 2.550914 1.896121 1.393907 1.013458 0.728766 0.518308 0.364595 0.253668 0.174566 0.118822 0.080000 0.053277 0.035097 0.022870 0.014743 0.009403 0.005935 0.003710 0.002302 0.001428 0.000901 0.000605 0.000472 0.000472 
0.000304 0.000304 0.000392 0.000592 0.000950 0.001550 0.002525 0.004083 0.006539 0.010364 0.016251 0.025209 0.038683 0.058716 0.088159 0.130929 0.192337 0.279470 0.401648 0.570939 0.802710 1.116209 1.535126 2.088081 2.808985 3.737182 4.917287 6.398643 8.234277 10.479322 13.188816 16.414907 20.203489 24.590377 29.597198 35.227236 41.461531 48.255554 55.536839 63.203887 71.126650 79.148782 87.091758 94.760795 101.952355 108.462880 114.098232 118.683264 122.070843 124.149700 124.850502 124.149700 122.070843 118.683264 114.098232 108.462880 101.952355 94.760795 87.091758 79.148782 71.126650 63.203887 55.536839 48.255554 41.461531 35.227236 29.597198 24.590377 20.203489 16.414907 13.188816 10.479322 8.234277 6.398643 4.917287 3.737182 2.808985 2.088081 1.535126 1.116209 0.802710 0.570939 0.401648 0.279470 0.192337 0.130929 0.088159 0.058716 0.038683 0.025210 0.016253 0.010367 0.006544 0.004091 0.002539 0.001575 0.000993 0.000667 0.000521 0.000521 
