0.000000 0.000000 0.000000 0.000000 0.000000 0.000000 0.000000 0.000000 0.000000 0.000000 0.000000 0.000000 0.000000 0.000000 0.000000 0.000000 0.000000 0.000000 0.000000 0.000000 0.000000 0.000000 0.000000 0.000000 0.000000 0.000000 0.000000 0.000000 0.000000 0.000000 0.000000 0.000000 0.000000 0.000000 0.000000 0.000000 0.000000 0.000000 0.000000 0.000000 0.000000 0.000000 0.000001 0.000001 0.000001 0.000001 0.000001 0.000001 0.000001 0.000001 0.000001 0.000001 0.000001 0.000001 0.000001 0.000001 0.000001 0.000001 0.000001 0.000000 0.000000 0.000000 0.000000 0.000000 0.000000 0.000000 0.000000 0.000000 0.000000 0.000000 0.000000 0.000000 0.000000 0.000000 0.000000 0.000000 0.000000 0.000000 0.000000 0.000000 0.000000 0.000000 0.000000 0.000000 0.000000 0.000000 0.000000 0.000000 0.000000 0.000000 0.000000 0.000000 0.000000 0.000000 0.000000 0.000000 0.000000 0.000000 0.000000 0.000000 
0.000000 0.000000 0.000000 0.000000 0.000000 0.000000 0.000000 0.000000 0.000000 0.000000 0.000000 0.000000 0.000000 0.000000 0.000000 0.000000 0.000000 0.000000 0.000000 0.000000 0.000000 0.000000 0.000000 0.000000 0.000000 0.000000 0.000000 0.000000 0.000000 0.000000 0.000000 0.000000 0.000000 0.000000 0.000000 0.000000 0.000000 0.000000 0.000000 0.000000 0.000000 0.000000 0.000001 0.000001 0.000001 0.000001 0.000001 0.000001 0.000001 0.000001 0.000001 0.000001 0.000001 0.000001 0.000001 0.000001 0.000001 0.000001 0.000001 0.000000 0.000000 0.000000 0.000000 0.000000 0.000000 0.000000 0.000000 0.000000 0.000000 0.000000 0.000000 0.000000 0.000000 0.000000 0.000000 0.000000 0.000000 0.000000 0.000000 0.000000 0.000000 0.000000 0.000000 0.000000 0.000000 0.000000 0.000000 0.000000 0.000000 0.000000 0.000000 0.000000 0.000000 0.000000 0.000000 0.000000 0.000000 0.000000 0.000000 0.000000 
0.000000 0.000000 0.000000 0.000000 0.000000 0.000000 0.000000 0.000000 0.000000 0.000000 0.000000 0.000000 0.000000 0.000000 0.000000 0.000000 0.000000 0.000000 0.000000 0.000000 0.000000 0.000000 0.000000 0.000000 0.000000 0.000000 0.000000 0.000000 0.000000 0.000000 0.000000 0.000000 0.000000 0.000000 0.000000 0.000000 0.000000 0.000000 0.000000 0.000000 0.000001 0.000001 0.000001 0.000001 0.000001 0.000001 0.000001 0.000001 0.000001 0.000001 0.000001 0.000001 0.000001 0.000001 0.000001 0.000001 0.000001 0.000001 0.000001 0.000001 0.000001 0.000000 0.000000 0.000000 0.000000 0.000000 0.000000 0.000000 0.000000 0.000000 0.000000 0.000000 0.000000 0.000000 0.000000 0.000000 0.000000 0.000000 0.000000 0.000000 0.000000 0.000000 0.000000 0.000000 0.000000 0.000000 0.000000 0.000000 0.000000 0.000000 0.000000 0.000000 0.000000 0.000000 0.000000 0.000000 0.000000 0.000000 0.000000 0.000000 
0.000000 0.000000 0.000000 0.000000 0.000000 0.000000 0.000000 0.000000 0.000000 0.000000 0.000000 0.000000 0.000000 0.000000 0.000000 0.000000 0.000000 0.000000 0.000000 0.000000 0.000000 0.000000 0.000000 0.000000 0.000000 0.000000 0.000000 0.000000 0.000000 0.000000 0.000000 0.000000 0.000000 0.000000 0.000000 0.000000 0.000001 0.000001 0.000001 0.000001 0.000001 0.000001 0.000002 0.000002 0.000002 0.000002 0.000003 0.000003 0.000003 0.000003 0.000003 0.000003 0.000003 0.000003 0.000003 0.000002 0.000002 0.000002 0.000002 0.000001 0.000001 0.000001 0.000001 0.000001 0.000001 0.000000 0.000000 0.000000 0.000000 0.000000 0.000000 0.000000 0.000000 0.000000 0.000000 0.000000 0.000000 0.000000 0.000000 0.000000 0.000000 0.000000 0.000000 0.000000 0.000000 0.000000 0.000000 0.000000 0.000000 0.000000 0.000000 0.000000 0.000000 0.000000 0.000000 0.000000 0.000000 0.000000 0.000000 0.000000 
0.000000 0.000000 0.000000 0.000000 0.000000 0.000000 0.000000 0.000000 0.000000 0.000000 0.000000 0.000000 0.000000 0.000000 0.000000 0.000000 0.000000 0.000000 0.000000 0.000000 0.000000 0.000000 0.000000 0.000000 0.000000 0.000000 0.000000 0.000000 0.000000 0.000000 0.000000 0.000000 0.000000 0.000000 0.000001 0.000001 0.000001 0.000001 0.000002 0.000002 0.000003 0.000003 0.000004 0.000004 0.000005 0.000005 0.000005 0.000006 0.000006 0.000006 0.000006 0.000006 0.000006 0.000006 0.000005 0.000005 0.000005 0.000004 0.000004 0.000003 0.000003 0.000002 0.000002 0.000001 0.000001 0.000001 0.000001 0.000000 0.000000 0.000000 0.000000 0.000000 0.000000 0.000000 0.000000 0.000000 0.000000 0.000000 0.000000 0.000000 0.000000 0.000000 0.000000 0.000000 0.000000 0.000000 0.000000 0.000000 0.000000 0.000000 0.000000 0.000000 0.000000 0.000000 0.000000 0.000000 0.000000 0.000000 0.000000 0.000000 
0.000000 0.000000 0.000000 0.000000 0.000000 0.000000 0.000000 0.000000 0.000000 0.000000 0.000000 0.000000 0.000000 0.000000 0.000000 0.000000 0.000000 0.000000 0.000000 0.000000 0.000000 0.000000 0.000000 0.000000 0.000000 0.000000 0.000000 0.000000 0.000000 0.000000 0.000000 0.000001 0.000001 0.000001 0.000001 0.000002 0.000002 0.000003 0.000004 0.000004 0.000005 0.000006 0.000007 0.000009 0.000010 0.000011 0.000011 0.000012 0.000013 0.000013 0.000013 0.000013 0.000013 0.000012 0.000011 0.000011 0.000010 0.000009 0.000007 0.000006 0.000005 0.000004 0.000004 0.000003 0.000002 0.000002 0.000001 0.000001 0.000001 0.000001 0.000000 0.000000 0.000000 0.000000 0.000000 0.000000 0.000000 0.000000 0.000000 0.000000 0.000000 0.000000 0.000000 0.000000 0.000000 0.000000 0.000000 0.000000 0.000000 0.000000 0.000000 0.000000 0.000000 0.000000 0.000000 0.000000 0.000000 0.000000 0.000000 0.000000 
0.000000 0.000000 0.000000 0.000000 0.000000 0.000000 0.000000 0.000000 0.000000 0.000000 0.000000 0.000000 0.000000 0.000000 0.000000 0.000000 0.000000 0.000000 0.000000 0.000000 0.000000 0.000000 0.000000 0.000000 0.000000 0.000000 0.000000 0.000000 0.000000 0.000001 0.000001 0.000001 0.000002 0.000002 0.000003 0.000004 0.000005 0.000006 0.000008 0.000009 0.000011 0.000013 0.000016 0.000018 0.000020 0.000022 0.000024 0.000025 0.000026 0.000027 0.000027 0.000027 0.000026 0.000025 0.000024 0.000022 0.000020 0.000018 0.000016 0.000013 0.000011 0.000009 0.000008 0.000006 0.000005 0.000004 0.000003 0.000002 0.000002 0.000001 0.000001 0.000001 0.000000 0.000000 0.000000 0.000000 0.000000 0.000000 0.000000 0.000000 0.000000 0.000000 0.000000 0.000000 0.000000 0.000000 0.000000 0.000000 0.000000 0.000000 0.000000 0.000000 0.000000 0.000000 0.000000 0.000000 0.000000 0.000000 0.000000 0.000000 
0.000000 0.000000 0.000000 0.000000 0.000000 0.000000 0.000000 0.000000 0.000000 0.000000 0.000000 0.000000 0.000000 0.000000 0.000000 0.000000 0.000000 0.000000 0.000000 0.000000 0.000000 0.000000 0.000000 0.000000 0.000000 0.000000 0.000000 0.000001 0.000001 0.000001 0.000002 0.000002 0.000003 0.000004 0.000006 0.000008 0.000010 0.000012 0.000016 0.000019 0.000023 0.000027 0.000032 0.000036 0.000041 0.000045 0.000049 0.000052 0.000054 0.000055 0.000056 0.000055 0.000054 0.000052 0.000049 0.000045 0.000041 0.000036 0.000032 0.000027 0.000023 0.000019 0.000016 0.000012 0.000010 0.000008 0.000006 0.000004 0.000003 0.000002 0.000002 0.000001 0.000001 0.000001 0.000000 0.000000 0.000000 0.000000 0.000000 0.000000 0.000000 0.000000 0.000000 0.000000 0.000000 0.000000 0.000000 0.000000 0.000000 0.000000 0.000000 0.000000 0.000000 0.000000 0.000000 0.000000 0.000000 0.000000 0.000000 0.000000 
0.000000 0.000000 0.000000 0.000000 0.000000 0.000000 0.000000 0.000000 0.000000 0.000000 0.000000 0.000000 0.000000 0.000000 0.000000 0.000000 0.000000 0.000000 0.000000 0.000000 0.000000 0.000000 0.000000 0.000000 0.000000 0.000000 0.000001 0.000001 0.000002 0.000002 0.000003 0.000005 0.000006 0.000009 0.000012 0.000015 0.000020 0.000025 0.000031 0.000038 0.000046 0.000055 0.000064 0.000073 0.000082 0.000090 0.000097 0.000104 0.000108 0.000111 0.000112 0.000111 0.000108 0.000104 0.000097 0.000090 0.000082 0.000073 0.000064 0.000055 0.000046 0.000038 0.000031 0.000025 0.000020 0.000015 0.000012 0.000009 0.000006 0.000005 0.000003 0.000002 0.000002 0.000001 0.000001 0.000000 0.000000 0.000000 0.000000 0.000000 0.000000 0.000000 0.000000 0.000000 0.000000 0.000000 0.000000 0.000000 0.000000 0.000000 0.000000 0.000000 0.000000 0.000000 0.000000 0.000000 0.000000 0.000000 0.000000 0.000000 
0.000000 0.000000 0.000000 0.000000 0.000000 0.000000 0.000000 0.000000 0.000000 0.000000 0.000000 0.000000 0.000000 0.000000 0.000000 0.000000 0.000000 0.000000 0.000000 0.000000 0.000000 0.000000 0.000000 0.000000 0.000001 0.000001 0.000001 0.000002 0.000003 0.000005 0.000007 0.000009 0.000013 0.000017 0.000023 0.000030 0.000039 0.000050 0.000062 0.000076 0.000092 0.000108 0.000126 0.000144 0.000161 0.000178 0.000193 0.000205 0.000214 0.000220 0.000222 0.000220 0.000214 0.000205 0.000193 0.000178 0.000161 0.000144 0.000126 0.000108 0.000092 0.000076 0.000062 0.000050 0.000039 0.000030 0.000023 0.000017 0.000013 0.000009 0.000007 0.000005 0.000003 0.000002 0.000001 0.000001 0.000001 0.000000 0.000000 0.000000 0.000000 0.000000 0.000000 0.000000 0.000000 0.000000 0.000000 0.000000 0.000000 0.000000 0.000000 0.000000 0.000000 0.000000 0.000000 0.000000 0.000000 0.000000 0.000000 0.000000 
0.000000 0.000000 0.000000 0.000000 0.000000 0.000000 0.000000 0.000000 0.000000 0.000000 0.000000 0.000000 0.000000 0.000000 0.000000 0.000000 0.000000 0.000000 0.000000 0.000000 0.000000 0.000000 0.000000 0.000001 0.000001 0.000002 0.000003 0.000004 0.000006 0.000009 0.000013 0.000018 0.000025 0.000034 0.000045 0.000059 0.000077 0.000097 0.000121 0.000148 0.000179 0.000211 0.000245 0.000280 0.000314 0.000346 0.000375 0.000399 0.000417 0.000428 0.000432 0.000428 0.000417 0.000399 0.000375 0.000346 0.000314 0.000280 0.000245 0.000211 0.000179 0.000148 0.000121 0.000097 0.000077 0.000059 0.000045 0.000034 0.000025 0.000018 0.000013 0.000009 0.000006 0.000004 0.000003 0.000002 0.000001 0.000001 0.000000 0.000000 0.000000 0.000000 0.000000 0.000000 0.000000 0.000000 0.000000 0.000000 0.000000 0.000000 0.000000 0.000000 0.000000 0.000000 0.000000 0.000000 0.000000 0.000000 0.000000 0.000000 
0.000000 0.000000 0.000000 0.000000 0.000000 0.000000 0.000000 0.000000 0.000000 0.000000 0.000000 0.000000 0.000000 0.000000 0.000000 0.000000 0.000000 0.000000 0.000000 0.000000 0.000000 0.000001 0.000001 0.000001 0.000002 0.000003 0.000005 0.000008 0.000012 0.000017 0.000025 0.000035 0.000048 0.000065 0.000087 0.000114 0.000147 0.000187 0.000233 0.000285 0.000343 0.000405 0.000471 0.000537 0.000603 0.000664 0.000719 0.000765 0.000799 0.000821 0.000828 0.000821 0.000799 0.000765 0.000719 0.000664 0.000603 0.000537 0.000471 0.000405 0.000343 0.000285 0.000233 0.000187 0.000147 0.000114 0.000087 0.000065 0.000048 0.000035 0.000025 0.000017 0.000012 0.000008 0.000005 0.000003 0.000002 0.000001 0.000001 0.000001 0.000000 0.000000 0.000000 0.000000 0.000000 0.000000 0.000000 0.000000 0.000000 0.000000 0.000000 0.000000 0.000000 0.000000 0.000000 0.000000 0.000000 0.000000 0.000000 0.000000 
0.000000 0.000000 0.000000 0.000000 0.000000 0.000000 0.000000 0.000000 0.000000 0.000000 0.000000 0.000000 0.000000 0.000000 0.000000 0.000000 0.000000 0.000000 0.000000 0.000000 0.000001 0.000001 0.000002 0.000003 0.000004 0.000007 0.000010 0.000015 0.000022 0.000033 0.000047 0.000066 0.000091 0.000123 0.000165 0.000216 0.000279 0.000354 0.000440 0.000539 0.000648 0.000766 0.000889 0.001015 0.001138 0.001253 0.001357 0.001443 0.001508 0.001548 0.001562 0.001548 0.001508 0.001443 0.001357 0.001253 0.001138 0.001015 0.000889 0.000766 0.000648 0.000539 0.000440 0.000354 0.000279 0.000216 0.000165 0.000123 0.000091 0.000066 0.000047 0.000033 0.000022 0.000015 0.000010 0.000007 0.000004 0.000003 0.000002 0.000001 0.000001 0.000000 0.000000 0.000000 0.000000 0.000000 0.000000 0.000000 0.000000 0.000000 0.000000 0.000000 0.000000 0.000000 0.000000 0.000000 0.000000 0.000000 0.000000 0.000000 
0.000000 0.000000 0.000000 0.000000 0.000000 0.000000 0.000000 0.000000 0.000000 0.000000 0.000000 0.000000 0.000000 0.000000 0.000000 0.000000 0.000000 0.000000 0.000000 0.000001 0.000001 0.000002 0.000003 0.000005 0.000008 0.000012 0.000019 0.000028 0.000042 0.000061 0.000087 0.000123 0.000170 0.000230 0.000308 0.000403 0.000520 0.000658 0.000820 0.001003 0.001205 0.001424 0.001653 0.001886 0.002114 0.002328 0.002520 0.002680 0.002800 0.002875 0.002900 0.002875 0.002800 0.002680 0.002520 0.002328 0.002114 0.001886 0.001653 0.001424 0.001205 0.001003 0.000820 0.000658 0.000520 0.000403 0.000308 0.000230 0.000170 0.000123 0.000087 0.000061 0.000042 0.000028 0.000019 0.000012 0.000008 0.000005 0.000003 0.000002 0.000001 0.000001 0.000000 0.000000 0.000000 0.000000 0.000000 0.000000 0.000000 0.000000 0.000000 0.000000 0.000000 0.000000 0.000000 0.000000 0.000000 0.000000 0.000000 0.000000 
0.000000 0.000000 0.000000 0.000000 0.000000 0.000000 0.000000 0.000000 0.000000 0.000000 0.000000 0.000000 0.000000 0.000000 0.000000 0.000000 0.000000 0.000000 0.000001 0.000001 0.000002 0.000004 0.000006 0.000009 0.000015 0.000023 0.000035 0.000052 0.000078 0.000113 0.000161 0.000226 0.000312 0.000423 0.000565 0.000740 0.000953 0.001207 0.001502 0.001837 0.002207 0.002607 0.003025 0.003450 0.003866 0.004258 0.004607 0.004899 0.005118 0.005255 0.005301 0.005255 0.005118 0.004899 0.004607 0.004258 0.003866 0.003450 0.003025 0.002607 0.002207 0.001837 0.001502 0.001207 0.000953 0.000740 0.000565 0.000423 0.000312 0.000226 0.000161 0.000113 0.000078 0.000052 0.000035 0.000023 0.000015 0.000009 0.000006 0.000004 0.000002 0.000001 0.000001 0.000000 0.000000 0.000000 0.000000 0.000000 0.000000 0.000000 0.000000 0.000000 0.000000 0.000000 0.000000 0.000000 0.000000 0.000000 0.000000 0.000000 
0.000000 0.000000 0.000000 0.000000 0.000000 0.000000 0.000000 0.000000 0.000000 0.000000 0.000000 0.000000 0.000000 0.000000 0.000000 0.000000 0.000000 0.000001 0.000001 0.000002 0.000004 0.000006 0.000010 0.000017 0.000027 0.000041 0.000063 0.000095 0.000141 0.000204 0.000292 0.000409 0.000564 0.000765 0.001020 0.001336 0.001721 0.002178 0.002709 0.003311 0.003978 0.004696 0.005448 0.006212 0.006960 0.007663 0.008291 0.008815 0.009209 0.009454 0.009537 0.009454 0.009209 0.008815 0.008291 0.007663 0.006960 0.006212 0.005448 0.004696 0.003978 0.003311 0.002709 0.002178 0.001721 0.001336 0.001020 0.000765 0.000564 0.000409 0.000292 0.000204 0.000141 0.000095 0.000063 0.000041 0.000027 0.000017 0.000010 0.000006 0.000004 0.000002 0.000001 0.000001 0.000000 0.000000 0.000000 0.000000 0.000000 0.000000 0.000000 0.000000 0.000000 0.000000 0.000000 0.000000 0.000000 0.000000 0.000000 0.000000 
0.000000 0.000000 0.000000 0.000000 0.000000 0.000000 0.000000 0.000000 0.000000 0.000000 0.000000 0.000000 0.000000 0.000000 0.000000 0.000000 0.000001 0.000001 0.000002 0.000004 0.000007 0.000012 0.000019 0.000030 0.000048 0.000074 0.000113 0.000170 0.000251 0.000364 0.000520 0.000729 0.001005 0.001361 0.001814 0.002375 0.003057 0.003867 0.004807 0.005874 0.007055 0.008326 0.009657 0.011008 0.012331 0.013575 0.014685 0.015611 0.016308 0.016741 0.016888 0.016741 0.016308 0.015611 0.014685 0.013575 0.012331 0.011008 0.009657 0.008326 0.007055 0.005874 0.004807 0.003867 0.003057 0.002375 0.001814 0.001361 0.001005 0.000729 0.000520 0.000364 0.000251 0.000170 0.000113 0.000074 0.000048 0.000030 0.000019 0.000012 0.000007 0.000004 0.000002 0.000001 0.000001 0.000000 0.000000 0.000000 0.000000 0.000000 0.000000 0.000000 0.000000 0.000000 0.000000 0.000000 0.000000 0.000000 0.000000 0.000000 
0.000000 0.000000 0.000000 0.000000 0.000000 0.000000 0.000000 0.000000 0.000000 0.000000 0.000000 0.000000 0.000000 0.000000 0.000000 0.000001 0.000001 0.000002 0.000004 0.000007 0.000012 0.000020 0.000033 0.000053 0.000084 0.000131 0.000199 0.000299 0.000441 0.000639 0.000911 0.001277 0.001760 0.002384 0.003174 0.004154 0.005343 0.006756 0.008397 0.010257 0.012314 0.014529 0.016847 0.019199 0.021502 0.023666 0.025598 0.027209 0.028422 0.029175 0.029431 0.029175 0.028422 0.027209 0.025598 0.023666 0.021502 0.019199 0.016847 0.014529 0.012314 0.010257 0.008397 0.006756 0.005343 0.004154 0.003174 0.002384 0.001760 0.001277 0.000911 0.000639 0.000441 0.000299 0.000199 0.000131 0.000084 0.000053 0.000033 0.000020 0.000012 0.000007 0.000004 0.000002 0.000001 0.000001 0.000000 0.000000 0.000000 0.000000 0.000000 0.000000 0.000000 0.000000 0.000000 0.000000 0.000000 0.000000 0.000000 0.000000 
0.000000 0.000000 0.000000 0.000000 0.000000 0.000000 0.000000 0.000000 0.000000 0.000000 0.000000 0.000000 0.000000 0.000000 0.000001 0.000001 0.000002 0.000004 0.000007 0.000013 0.000021 0.000035 0.000058 0.000092 0.000146 0.000226 0.000345 0.000517 0.000761 0.001103 0.001572 0.002202 0.003033 0.004106 0.005464 0.007148 0.009192 0.011618 0.014434 0.017624 0.021152 0.024949 0.028923 0.032954 0.036899 0.040606 0.043914 0.046673 0.048749 0.050039 0.050477 0.050039 0.048749 0.046673 0.043914 0.040606 0.036899 0.032954 0.028923 0.024949 0.021152 0.017624 0.014434 0.011618 0.009192 0.007148 0.005464 0.004106 0.003033 0.002202 0.001572 0.001103 0.000761 0.000517 0.000345 0.000226 0.000146 0.000092 0.000058 0.000035 0.000021 0.000013 0.000007 0.000004 0.000002 0.000001 0.000001 0.000000 0.000000 0.000000 0.000000 0.000000 0.000000 0.000000 0.000000 0.000000 0.000000 0.000000 0.000000 0.000000 
0.000000 0.000000 0.000000 0.000000 0.000000 0.000000 0.000000 0.000000 0.000000 0.000000 0.000000 0.000000 0.000000 0.000001 0.000001 0.000002 0.000004 0.000007 0.000013 0.000022 0.000036 0.000060 0.000098 0.000158 0.000248 0.000385 0.000587 0.000879 0.001294 0.001875 0.002670 0.003737 0.005144 0.006960 0.009258 0.012106 0.015560 0.019659 0.024414 0.029801 0.035754 0.042161 0.048864 0.055660 0.062313 0.068560 0.074136 0.078786 0.082285 0.084458 0.085196 0.084458 0.082285 0.078786 0.074136 0.068560 0.062313 0.055660 0.048864 0.042161 0.035754 0.029801 0.024414 0.019659 0.015560 0.012106 0.009258 0.006960 0.005144 0.003737 0.002670 0.001875 0.001294 0.000879 0.000587 0.000385 0.000248 0.000158 0.000098 0.000060 0.000036 0.000022 0.000013 0.000007 0.000004 0.000002 0.000001 0.000001 0.000000 0.000000 0.000000 0.000000 0.000000 0.000000 0.000000 0.000000 0.000000 0.000000 0.000000 0.000000 
0.000000 0.000000 0.000000 0.000000 0.000000 0.000000 0.000000 0.000000 0.000000 0.000000 0.000000 0.000000 0.000001 0.000001 0.000002 0.000004 0.000007 0.000012 0.000021 0.000036 0.000061 0.000102 0.000165 0.000265 0.000417 0.000645 0.000982 0.001471 0.002165 0.003133 0.004459 0.006240 0.008584 0.011609 0.015434 0.020172 0.025917 0.032731 0.040633 0.049582 0.059469 0.070107 0.081233 0.092512 0.103549 0.113913 0.123161 0.130872 0.136674 0.140278 0.141501 0.140278 0.136674 0.130872 0.123161 0.113913 0.103549 0.092512 0.081233 0.070107 0.059469 0.049582 0.040633 0.032731 0.025917 0.020172 0.015434 0.011609 0.008584 0.006240 0.004459 0.003133 0.002165 0.001471 0.000982 0.000645 0.000417 0.000265 0.000165 0.000102 0.000061 0.000036 0.000021 0.000012 0.000007 0.000004 0.000002 0.000001 0.000001 0.000000 0.000000 0.000000 0.000000 0.000000 0.000000 0.000000 0.000000 0.000000 0.000000 0.000000 
0.000000 0.000000 0.000000 0.000000 0.000000 0.000000 0.000000 0.000000 0.000000 0.000000 0.000000 0.000001 0.000001 0.000002 0.000004 0.000006 0.000012 0.000020 0.000035 0.000060 0.000102 0.000168 0.000273 0.000437 0.000687 0.001064 0.001618 0.002421 0.003562 0.005153 0.007329 0.010249 0.014092 0.019049 0.025314 0.033071 0.042473 0.053620 0.066542 0.081171 0.097328 0.114708 0.132881 0.151298 0.169317 0.186235 0.201330 0.213914 0.223382 0.229263 0.231258 0.229263 0.223382 0.213914 0.201330 0.186235 0.169317 0.151298 0.132881 0.114708 0.097328 0.081171 0.066542 0.053620 0.042473 0.033071 0.025314 0.019049 0.014092 0.010249 0.007329 0.005153 0.003562 0.002421 0.001618 0.001064 0.000687 0.000437 0.000273 0.000168 0.000102 0.000060 0.000035 0.000020 0.000012 0.000006 0.000004 0.000002 0.000001 0.000001 0.000000 0.000000 0.000000 0.000000 0.000000 0.000000 0.000000 0.000000 0.000000 0.000000 
0.000000 0.000000 0.000000 0.000000 0.000000 0.000000 0.000000 0.000000 0.000000 0.000000 0.000000 0.000001 0.000002 0.000003 0.000006 0.000010 0.000019 0.000033 0.000058 0.000098 0.000165 0.000273 0.000444 0.000710 0.001116 0.001725 0.002623 0.003921 0.005765 0.008335 0.011849 0.016562 0.022761 0.030753 0.040850 0.053344 0.068482 0.086424 0.107215 0.130746 0.156726 0.184665 0.213871 0.243464 0.272412 0.299587 0.323829 0.344037 0.359240 0.368683 0.371886 0.368683 0.359240 0.344037 0.323829 0.299587 0.272412 0.243464 0.213871 0.184665 0.156726 0.130746 0.107215 0.086424 0.068482 0.053344 0.040850 0.030753 0.022761 0.016562 0.011849 0.008335 0.005765 0.003921 0.002623 0.001725 0.001116 0.000710 0.000444 0.000273 0.000165 0.000098 0.000058 0.000033 0.000019 0.000010 0.000006 0.000003 0.000002 0.000001 0.000000 0.000000 0.000000 0.000000 0.000000 0.000000 0.000000 0.000000 0.000000 0.000000 
0.000000 0.000000 0.000000 0.000000 0.000000 0.000000 0.000000 0.000000 0.000000 0.000000 0.000001 0.000001 0.000003 0.000005 0.000009 0.000017 0.000030 0.000053 0.000092 0.000158 0.000265 0.000437 0.000710 0.001134 0.001781 0.002751 0.004181 0.006247 0.009180 0.013265 0.018847 0.026329 0.036166 0.048842 0.064850 0.084652 0.108632 0.137046 0.169959 0.207198 0.248302 0.292493 0.338677 0.385464 0.431222 0.474170 0.512480 0.544409 0.568429 0.583348 0.588408 0.583348 0.568429 0.544409 0.512480 0.474170 0.431222 0.385464 0.338677 0.292493 0.248302 0.207198 0.169959 0.137046 0.108632 0.084652 0.064850 0.048842 0.036166 0.026329 0.018847 0.013265 0.009180 0.006247 0.004181 0.002751 0.001781 0.001134 0.000710 0.000437 0.000265 0.000158 0.000092 0.000053 0.000030 0.000017 0.000009 0.000005 0.000003 0.000001 0.000001 0.000000 0.000000 0.000000 0.000000 0.000000 0.000000 0.000000 0.000000 0.000000 
0.000000 0.000000 0.000000 0.000000 0.000000 0.000000 0.000000 0.000000 0.000000 0.000001 0.000001 0.000002 0.000004 0.000008 0.000015 0.000027 0.000048 0.000084 0.000146 0.000248 0.000417 0.000687 0.001116 0.001781 0.002796 0.004317 0.006555 0.009790 0.014378 0.020764 0.029487 0.041174 0.056530 0.076310 0.101279 0.132153 0.169527 0.213796 0.265058 0.323040 0.387021 0.455792 0.527647 0.600425 0.671592 0.738376 0.797941 0.847580 0.884921 0.908112 0.915977 0.908112 0.884921 0.847580 0.797941 0.738376 0.671592 0.600425 0.527647 0.455792 0.387021 0.323040 0.265058 0.213796 0.169527 0.132153 0.101279 0.076310 0.056530 0.041174 0.029487 0.020764 0.014378 0.009790 0.006555 0.004317 0.002796 0.001781 0.001116 0.000687 0.000417 0.000248 0.000146 0.000084 0.000048 0.000027 0.000015 0.000008 0.000004 0.000002 0.000001 0.000001 0.000000 0.000000 0.000000 0.000000 0.000000 0.000000 0.000000 0.000000 
0.000000 0.000000 0.000000 0.000000 0.000000 0.000000 0.000000 0.000000 0.000000 0.000001 0.000002 0.000003 0.000007 0.000012 0.000023 0.000041 0.000074 0.000131 0.000226 0.000385 0.000645 0.001064 0.001725 0.002751 0.004317 0.006661 0.010110 0.015090 0.022149 0.031971 0.045379 0.063336 0.086918 0.117282 0.155594 0.202950 0.260255 0.328108 0.406656 0.495474 0.593455 0.698746 0.808735 0.920115 1.029011 1.131186 1.222305 1.298232 1.355344 1.390813 1.402841 1.390813 1.355344 1.298232 1.222305 1.131186 1.029011 0.920115 0.808735 0.698746 0.593455 0.495474 0.406656 0.328108 0.260255 0.202950 0.155594 0.117282 0.086918 0.063336 0.045379 0.031971 0.022149 0.015090 0.010110 0.006661 0.004317 0.002751 0.001725 0.001064 0.000645 0.000385 0.000226 0.000131 0.000074 0.000041 0.000023 0.000012 0.000007 0.000003 0.000002 0.000001 0.000000 0.000000 0.000000 0.000000 0.000000 0.000000 0.000000 0.000000 
0.000000 0.000000 0.000000 0.000000 0.000000 0.000000 0.000000 0.000000 0.000001 0.000001 0.000003 0.000005 0.000010 0.000019 0.000035 0.000063 0.000113 0.000199 0.000345 0.000587 0.000982 0.001618 0.002623 0.004181 0.006555 0.010110 0.015335 0.022876 0.033561 0.048419 0.068692 0.095830 0.131455 0.177305 0.235135 0.306588 0.393024 0.495335 0.613738 0.747584 0.895201 1.053792 1.219427 1.387124 1.551054 1.704846 1.841979 1.956238 2.042177 2.095546 2.113645 2.095546 2.042177 1.956238 1.841979 1.704846 1.551054 1.387124 1.219427 1.053792 0.895201 0.747584 0.613738 0.495335 0.393024 0.306588 0.235135 0.177305 0.131455 0.095830 0.068692 0.048419 0.033561 0.022876 0.015335 0.010110 0.006555 0.004181 0.002623 0.001618 0.000982 0.000587 0.000345 0.000199 0.000113 0.000063 0.000035 0.000019 0.000010 0.000005 0.000003 0.000001 0.000001 0.000000 0.000000 0.000000 0.000000 0.000000 0.000000 0.000000 
0.000000 0.000000 0.000000 0.000000 0.000000 0.000000 0.000000 0.000001 0.000001 0.000002 0.000004 0.000008 0.000015 0.000028 0.000052 0.000095 0.000170 0.000299 0.000517 0.000879 0.001471 0.002421 0.003921 0.006247 0.009790 0.015090 0.022876 0.034108 0.050014 0.072121 0.102273 0.142614 0.195551 0.263654 0.349519 0.455572 0.583823 0.735579 0.911153 1.109574 1.328355 1.563350 1.808731 2.057123 2.299896 2.527624 2.730663 2.899819 3.027039 3.106042 3.132832 3.106042 3.027039 2.899819 2.730663 2.527624 2.299896 2.057123 1.808731 1.563350 1.328355 1.109574 0.911153 0.735579 0.583823 0.455572 0.349519 0.263654 0.195551 0.142614 0.102273 0.072121 0.050014 0.034108 0.022876 0.015090 0.009790 0.006247 0.003921 0.002421 0.001471 0.000879 0.000517 0.000299 0.000170 0.000095 0.000052 0.000028 0.000015 0.000008 0.000004 0.000002 0.000001 0.000001 0.000000 0.000000 0.000000 0.000000 0.000000 0.000000 
0.000000 0.000000 0.000000 0.000000 0.000000 0.000000 0.000000 0.000001 0.000002 0.000003 0.000006 0.000012 0.000022 0.000042 0.000078 0.000141 0.000251 0.000441 0.000761 0.001294 0.002165 0.003562 0.005765 0.009180 0.014378 0.022149 0.033561 0.050014 0.073302 0.105655 0.149760 0.208746 0.286116 0.385614 0.511018 0.665854 0.853036 1.074459 1.330561 1.619915 1.938885 2.281419 2.639023 3.000953 3.354643 3.686371 3.982102 4.228462 4.413733 4.528780 4.567793 4.528780 4.413733 4.228462 3.982102 3.686371 3.354643 3.000953 2.639023 2.281419 1.938885 1.619915 1.330561 1.074459 0.853036 0.665854 0.511018 0.385614 0.286116 0.208746 0.149760 0.105655 0.073302 0.050014 0.033561 0.022149 0.014378 0.009180 0.005765 0.003562 0.002165 0.001294 0.000761 0.000441 0.000251 0.000141 0.000078 0.000042 0.000022 0.000012 0.000006 0.000003 0.000002 0.000001 0.000000 0.000000 0.000000 0.000000 0.000000 0.000000 
0.000000 0.000000 0.000000 0.000000 0.000000 0.000000 0.000001 0.000001 0.000002 0.000005 0.000009 0.000017 0.000033 0.000061 0.000113 0.000204 0.000364 0.000639 0.001103 0.001875 0.003133 0.005153 0.008335 0.013265 0.020764 0.031971 0.048419 0.072121 0.105655 0.152220 0.215673 0.300501 0.411723 0.554704 0.734848 0.957198 1.225916 1.543700 1.911157 2.326221 2.783664 3.274800 3.787449 4.306213 4.813094 5.288441 5.712164 6.065119 6.330537 6.495345 6.551231 6.495345 6.330537 6.065119 5.712164 5.288441 4.813094 4.306213 3.787449 3.274800 2.783664 2.326221 1.911157 1.543700 1.225916 0.957198 0.734848 0.554704 0.411723 0.300501 0.215673 0.152220 0.105655 0.072121 0.048419 0.031971 0.020764 0.013265 0.008335 0.005153 0.003133 0.001875 0.001103 0.000639 0.000364 0.000204 0.000113 0.000061 0.000033 0.000017 0.000009 0.000005 0.000002 0.000001 0.000001 0.000000 0.000000 0.000000 0.000000 0.000000 
0.000000 0.000000 0.000000 0.000000 0.000000 0.000000 0.000001 0.000002 0.000003 0.000007 0.000013 0.000025 0.000047 0.000087 0.000161 0.000292 0.000520 0.000911 0.001572 0.002670 0.004459 0.007329 0.011849 0.018847 0.029487 0.045379 0.068692 0.102273 0.149760 0.215673 0.305455 0.425433 0.582686 0.784768 1.039292 1.353349 1.732789 2.181386 2.699974 3.285609 3.930900 4.623585 5.346483 6.077889 6.792442 7.462463 8.059658 8.557074 8.931104 9.163342 9.242093 9.163342 8.931104 8.557074 8.059658 7.462463 6.792442 6.077889 5.346483 4.623585 3.930900 3.285609 2.699974 2.181386 1.732789 1.353349 1.039292 0.784768 0.582686 0.425433 0.305455 0.215673 0.149760 0.102273 0.068692 0.045379 0.029487 0.018847 0.011849 0.007329 0.004459 0.002670 0.001572 0.000911 0.000520 0.000292 0.000161 0.000087 0.000047 0.000025 0.000013 0.000007 0.000003 0.000002 0.000001 0.000000 0.000000 0.000000 0.000000 0.000000 
0.000000 0.000000 0.000000 0.000000 0.000000 0.000001 0.000001 0.000002 0.000005 0.000009 0.000018 0.000035 0.000066 0.000123 0.000226 0.000409 0.000729 0.001277 0.002202 0.003737 0.006240 0.010249 0.016562 0.026329 0.041174 0.063336 0.095830 0.142614 0.208746 0.300501 0.425433 0.592323 0.810984 1.091887 1.445575 1.881860 2.408826 3.031677 3.751529 4.564270 5.459615 6.420539 7.423208 8.437526 9.428343 10.357305 11.185219 11.874754 12.393217 12.715124 12.824278 12.715124 12.393217 11.874754 11.185219 10.357305 9.428343 8.437526 7.423208 6.420539 5.459615 4.564270 3.751529 3.031677 2.408826 1.881860 1.445575 1.091887 0.810984 0.592323 0.425433 0.300501 0.208746 0.142614 0.095830 0.063336 0.041174 0.026329 0.016562 0.010249 0.006240 0.003737 0.002202 0.001277 0.000729 0.000409 0.000226 0.000123 0.000066 0.000035 0.000018 0.000009 0.000005 0.000002 0.000001 0.000001 0.000000 0.000000 0.000000 0.000000 
0.000000 0.000000 0.000000 0.000000 0.000000 0.000001 0.000002 0.000003 0.000006 0.000013 0.000025 0.000048 0.000091 0.000170 0.000312 0.000564 0.001005 0.001760 0.003033 0.005144 0.008584 0.014092 0.022761 0.036166 0.056530 0.086918 0.131455 0.195551 0.286116 0.411723 0.582686 0.810984 1.110003 1.494016 1.977385 2.573468 3.293254 4.143798 5.126579 6.235939 7.457813 8.768949 10.136826 11.520397 12.871744 14.138593 15.267540 16.207726 16.914616 17.353499 17.502315 17.353499 16.914616 16.207726 15.267540 14.138593 12.871744 11.520397 10.136826 8.768949 7.457813 6.235939 5.126579 4.143798 3.293254 2.573468 1.977385 1.494016 1.110003 0.810984 0.582686 0.411723 0.286116 0.195551 0.131455 0.086918 0.056530 0.036166 0.022761 0.014092 0.008584 0.005144 0.003033 0.001760 0.001005 0.000564 0.000312 0.000170 0.000091 0.000048 0.000025 0.000013 0.000006 0.000003 0.000002 0.000001 0.000000 0.000000 0.000000 0.000000 
0.000000 0.000000 0.000000 0.000000 0.000000 0.000001 0.000002 0.000004 0.000009 0.000017 0.000034 0.000065 0.000123 0.000230 0.000423 0.000765 0.001361 0.002384 0.004106 0.006960 0.011609 0.019049 0.030753 0.048842 0.076310 0.117282 0.177305 0.263654 0.385614 0.554704 0.784768 1.091887 1.494016 2.010291 2.659958 3.460903 4.427822 5.570127 6.889740 8.379016 10.019034 11.778566 13.613964 15.470171 17.282932 18.982173 20.496316 21.757207 22.705175 23.293715 23.493274 23.293715 22.705175 21.757207 20.496316 18.982173 17.282932 15.470171 13.613964 11.778566 10.019034 8.379016 6.889740 5.570127 4.427822 3.460903 2.659958 2.010291 1.494016 1.091887 0.784768 0.554704 0.385614 0.263654 0.177305 0.117282 0.076310 0.048842 0.030753 0.019049 0.011609 0.006960 0.004106 0.002384 0.001361 0.000765 0.000423 0.000230 0.000123 0.000065 0.000034 0.000017 0.000009 0.000004 0.000002 0.000001 0.000000 0.000000 0.000000 0.000000 
0.000000 0.000000 0.000000 0.000000 0.000001 0.000001 0.000003 0.000006 0.000012 0.000023 0.000045 0.000087 0.000165 0.000308 0.000565 0.001020 0.001814 0.003174 0.005464 0.009258 0.015434 0.025314 0.040850 0.064850 0.101279 0.155594 0.235135 0.349519 0.511018 0.734848 1.039292 1.445575 1.977385 2.659958 3.518660 4.577047 5.854454 7.363229 9.105838 11.072120 13.237048 15.559374 17.981487 20.430747 22.822416 25.064097 27.061433 28.724594 29.974939 30.751183 31.014383 30.751183 29.974939 28.724594 27.061433 25.064097 22.822416 20.430747 17.981487 15.559374 13.237048 11.072120 9.105838 7.363229 5.854454 4.577047 3.518660 2.659958 1.977385 1.445575 1.039292 0.734848 0.511018 0.349519 0.235135 0.155594 0.101279 0.064850 0.040850 0.025314 0.015434 0.009258 0.005464 0.003174 0.001814 0.001020 0.000565 0.000308 0.000165 0.000087 0.000045 0.000023 0.000012 0.000006 0.000003 0.000001 0.000001 0.000000 0.000000 0.000000 
0.000000 0.000000 0.000000 0.000000 0.000001 0.000002 0.000004 0.000008 0.000015 0.000030 0.000059 0.000114 0.000216 0.000403 0.000740 0.001336 0.002375 0.004154 0.007148 0.012106 0.020172 0.033071 0.053344 0.084652 0.132153 0.202950 0.306588 0.455572 0.665854 0.957198 1.353349 1.881860 2.573468 3.460903 4.577047 5.952417 7.612030 9.571830 11.834928 14.388048 17.198641 20.213123 23.356710 26.535152 29.638531 32.547028 35.138304 37.295902 38.917887 39.924824 40.266240 39.924824 38.917887 37.295902 35.138304 32.547028 29.638531 26.535152 23.356710 20.213123 17.198641 14.388048 11.834928 9.571830 7.612030 5.952417 4.577047 3.460903 2.573468 1.881860 1.353349 0.957198 0.665854 0.455572 0.306588 0.202950 0.132153 0.084652 0.053344 0.033071 0.020172 0.012106 0.007148 0.004154 0.002375 0.001336 0.000740 0.000403 0.000216 0.000114 0.000059 0.000030 0.000015 0.000008 0.000004 0.000002 0.000001 0.000000 0.000000 0.000000 
0.000000 0.000000 0.000000 0.000001 0.000001 0.000002 0.000005 0.000010 0.000020 0.000039 0.000077 0.000147 0.000279 0.000520 0.000953 0.001721 0.003057 0.005343 0.009192 0.015560 0.025917 0.042473 0.068482 0.108632 0.169527 0.260255 0.393024 0.583823 0.853036 1.225916 1.732789 2.408826 3.293254 4.427822 5.854454 7.612030 9.732397 12.235803 15.126111 18.386274 21.974661 25.822823 29.835290 33.891792 37.852107 41.563416 44.869711 47.622508 49.691850 50.976472 51.412035 50.976472 49.691850 47.622508 44.869711 41.563416 37.852107 33.891792 29.835290 25.822823 21.974661 18.386274 15.126111 12.235803 9.732397 7.612030 5.854454 4.427822 3.293254 2.408826 1.732789 1.225916 0.853036 0.583823 0.393024 0.260255 0.169527 0.108632 0.068482 0.042473 0.025917 0.015560 0.009192 0.005343 0.003057 0.001721 0.000953 0.000520 0.000279 0.000147 0.000077 0.000039 0.000020 0.000010 0.000005 0.000002 0.000001 0.000001 0.000000 0.000000 
0.000000 0.000000 0.000000 0.000001 0.000001 0.000003 0.000006 0.000012 0.000025 0.000050 0.000097 0.000187 0.000354 0.000658 0.001207 0.002178 0.003867 0.006756 0.011618 0.019659 0.032731 0.053620 0.086424 0.137046 0.213796 0.328108 0.495335 0.735579 1.074459 1.543700 2.181386 3.031677 4.143798 5.570127 7.363229 9.571830 12.235803 15.380445 19.010477 23.104385 27.609810 32.440770 37.477406 42.568786 47.538986 52.196319 56.345128 59.799216 62.395632 64.007414 64.553896 64.007414 62.395632 59.799216 56.345128 52.196319 47.538986 42.568786 37.477406 32.440770 27.609810 23.104385 19.010477 15.380445 12.235803 9.571830 7.363229 5.570127 4.143798 3.031677 2.181386 1.543700 1.074459 0.735579 0.495335 0.328108 0.213796 0.137046 0.086424 0.053620 0.032731 0.019659 0.011618 0.006756 0.003867 0.002178 0.001207 0.000658 0.000354 0.000187 0.000097 0.000050 0.000025 0.000012 0.000006 0.000003 0.000001 0.000001 0.000000 0.000000 
0.000000 0.000000 0.000000 0.000001 0.000002 0.000004 0.000008 0.000016 0.000031 0.000062 0.000121 0.000233 0.000440 0.000820 0.001502 0.002709 0.004807 0.008397 0.014434 0.024414 0.040633 0.066542 0.107215 0.169959 0.265058 0.406656 0.613738 0.911153 1.330561 1.911157 2.699974 3.751529 5.126579 6.889740 9.105838 11.834928 15.126111 19.010477 23.493712 28.549122 34.111961 40.076018 46.293316 52.577584 58.711762 64.459385 69.579128 73.841360 77.045137 79.033903 79.708195 79.033903 77.045137 73.841360 69.579128 64.459385 58.711762 52.577584 46.293316 40.076018 34.111961 28.549122 23.493712 19.010477 15.126111 11.834928 9.105838 6.889740 5.126579 3.751529 2.699974 1.911157 1.330561 0.911153 0.613738 0.406656 0.265058 0.169959 0.107215 0.066542 0.040633 0.024414 0.014434 0.008397 0.004807 0.002709 0.001502 0.000820 0.000440 0.000233 0.000121 0.000062 0.000031 0.000016 0.000008 0.000004 0.000002 0.000001 0.000001 0.000001 
0.000000 0.000000 0.000000 0.000001 0.000002 0.000004 0.000009 0.000019 0.000038 0.000076 0.000148 0.000285 0.000539 0.001003 0.001837 0.003311 0.005874 0.010257 0.017624 0.029801 0.049582 0.081171 0.130746 0.207198 0.323040 0.495474 0.747584 1.109574 1.619915 2.326221 3.285609 4.564270 6.235939 8.379016 11.072120 14.388048 18.386274 23.104385 28.549122 34.687929 41.442084 48.682577 56.229756 63.857550 71.302587 78.277996 84.491055 89.663252 93.550889 95.964112 96.782308 95.964112 93.550889 89.663252 84.491055 78.277996 71.302587 63.857550 56.229756 48.682577 41.442084 34.687929 28.549122 23.104385 18.386274 14.388048 11.072120 8.379016 6.235939 4.564270 3.285609 2.326221 1.619915 1.109574 0.747584 0.495474 0.323040 0.207198 0.130746 0.081171 0.049582 0.029801 0.017624 0.010257 0.005874 0.003311 0.001837 0.001003 0.000539 0.000285 0.000148 0.000076 0.000038 0.000019 0.000009 0.000005 0.000002 0.000001 0.000001 0.000001 
0.000000 0.000000 0.000001 0.000001 0.000003 0.000005 0.000011 0.000023 0.000046 0.000092 0.000179 0.000343 0.000648 0.001205 0.002207 0.003978 0.007055 0.012314 0.021152 0.035754 0.059469 0.097328 0.156726 0.248302 0.387021 0.593455 0.895201 1.328355 1.938885 2.783664 3.930900 5.459615 7.457813 10.019034 13.237048 17.198641 21.974661 27.609810 34.111961 41.442084 49.506074 58.149838 67.158905 76.263462 85.149247 93.474015 100.888583 107.060752 111.699867 114.579506 115.555828 114.579506 111.699867 107.060752 100.888583 93.474015 85.149247 76.263462 67.158905 58.149838 49.506074 41.442084 34.111961 27.609810 21.974661 17.198641 13.237048 10.019034 7.457813 5.459615 3.930900 2.783664 1.938885 1.328355 0.895201 0.593455 0.387021 0.248302 0.156726 0.097328 0.059469 0.035754 0.021152 0.012314 0.007055 0.003978 0.002207 0.001205 0.000648 0.000343 0.000179 0.000092 0.000046 0.000023 0.000011 0.000005 0.000003 0.000001 0.000001 0.000001 
0.000000 0.000000 0.000001 0.000001 0.000003 0.000006 0.000013 0.000027 0.000055 0.000108 0.000211 0.000405 0.000766 0.001424 0.002607 0.004696 0.008326 0.014529 0.024949 0.042161 0.070107 0.114708 0.184665 0.292493 0.455792 0.698746 1.053792 1.563350 2.281419 3.274800 4.623585 6.420539 8.768949 11.778566 15.559374 20.213123 25.822823 32.440770 40.076018 48.682577 58.149838 68.296833 78.871785 89.558039 99.986842 109.756669 118.457898 125.700864 131.144661 134.523728 135.669367 134.523728 131.144661 125.700864 118.457898 109.756669 99.986842 89.558039 78.871785 68.296833 58.149838 48.682577 40.076018 32.440770 25.822823 20.213123 15.559374 11.778566 8.768949 6.420539 4.623585 3.274800 2.281419 1.563350 1.053792 0.698746 0.455792 0.292493 0.184665 0.114708 0.070107 0.042161 0.024949 0.014529 0.008326 0.004696 0.002607 0.001424 0.000766 0.000405 0.000211 0.000108 0.000055 0.000027 0.000013 0.000006 0.000003 0.000002 0.000001 0.000001 
0.000001 0.000001 0.000001 0.000002 0.000004 0.000007 0.000016 0.000032 0.000064 0.000126 0.000245 0.000471 0.000889 0.001653 0.003025 0.005448 0.009657 0.016847 0.028923 0.048864 0.081233 0.132881 0.213871 0.338677 0.527647 0.808735 1.219427 1.808731 2.639023 3.787449 5.346483 7.423208 10.136826 13.613964 17.981487 23.356710 29.835290 37.477406 46.293316 56.229756 67.158905 78.871785 91.077761 103.411392 115.447192 126.721914 136.763023 145.121041 151.402751 155.301862 156.623807 155.301862 151.402751 145.121041 136.763023 126.721914 115.447192 103.411392 91.077761 78.871785 67.158905 56.229756 46.293316 37.477406 29.835290 23.356710 17.981487 13.613964 10.136826 7.423208 5.346483 3.787449 2.639023 1.808731 1.219427 0.808735 0.527647 0.338677 0.213871 0.132881 0.081233 0.048864 0.028923 0.016847 0.009657 0.005448 0.003025 0.001653 0.000889 0.000471 0.000245 0.000126 0.000064 0.000032 0.000016 0.000008 0.000004 0.000002 0.000001 0.000001 
