0.000000 0.000000 0.000000 0.000000 0.000000 0.000000 0.000000 0.000000 0.000000 0.000000 0.000000 0.000000 0.000001 0.000001 0.000001 0.000002 0.000003 0.000004 0.000005 0.000007 0.000010 0.000013 0.000018 0.000024 0.000032 0.000042 0.000055 0.000070 0.000089 0.000112 0.000139 0.000171 0.000208 0.000250 0.000298 0.000351 0.000409 0.000473 0.000540 0.000610 0.000682 0.000754 0.000825 0.000894 0.000958 0.001015 0.001065 0.001105 0.001135 0.001154 0.001160 0.001154 0.001135 0.001105 0.001065 0.001015 0.000958 0.000894 0.000825 0.000754 0.000682 0.000610 0.000540 0.000473 0.000409 0.000351 0.000298 0.000250 0.000208 0.000171 0.000139 0.000112 0.000089 0.000070 0.000055 0.000042 0.000032 0.000024 0.000018 0.000013 0.000010 0.000007 0.000005 0.000004 0.000003 0.000002 0.000001 0.000001 0.000001 0.000000 0.000000 0.000000 0.000000 0.000000 0.000000 0.000000 0.000000 0.000000 0.000000 0.000000 
0.000000 0.000000 0.000000 0.000000 0.000000 0.000000 0.000000 0.000000 0.000000 0.000000 0.000000 0.000000 0.000001 0.000001 0.000001 0.000002 0.000003 0.000004 0.000005 0.000007 0.000010 0.000013 0.000018 0.000024 0.000032 0.000042 0.000055 0.000070 0.000089 0.000112 0.000139 0.000171 0.000208 0.000250 0.000298 0.000351 0.000409 0.000473 0.000540 0.000610 0.000682 0.000754 0.000825 0.000894 0.000958 0.001015 0.001065 0.001105 0.001135 0.001154 0.001160 0.001154 0.001135 0.001105 0.001065 0.001015 0.000958 0.000894 0.000825 0.000754 0.000682 0.000610 0.000540 0.000473 0.000409 0.000351 0.000298 0.000250 0.000208 0.000171 0.000139 0.000112 0.000089 0.000070 0.000055 0.000042 0.000032 0.000024 0.000018 0.000013 0.000010 0.000007 0.000005 0.000004 0.000003 0.000002 0.000001 0.000001 0.000001 0.000000 0.000000 0.000000 0.000000 0.000000 0.000000 0.000000 0.000000 0.000000 0.000000 0.000000 
0.000000 0.000000 0.000000 0.000000 0.000000 0.000000 0.000000 0.000000 0.000000 0.000000 0.000000 0.000000 0.000001 0.000001 0.000002 0.000002 0.000003 0.000005 0.000006 0.000009 0.000012 0.000017 0.000023 0.000030 0.000040 0.000053 0.000068 0.000088 0.000111 0.000140 0.000173 0.000213 0.000259 0.000312 0.000372 0.000438 0.000511 0.000590 0.000674 0.000761 0.000851 0.000941 0.001030 0.001115 0.001195 0.001267 0.001329 0.001379 0.001416 0.001439 0.001447 0.001439 0.001416 0.001379 0.001329 0.001267 0.001195 0.001115 0.001030 0.000941 0.000851 0.000761 0.000674 0.000590 0.000511 0.000438 0.000372 0.000312 0.000259 0.000213 0.000173 0.000140 0.000111 0.000088 0.000068 0.000053 0.000040 0.000030 0.000023 0.000017 0.000012 0.000009 0.000006 0.000005 0.000003 0.000002 0.000002 0.000001 0.000001 0.000000 0.000000 0.000000 0.000000 0.000000 0.000000 0.000000 0.000000 0.000000 0.000000 0.000000 
0.000000 0.000000 0.000000 0.000000 0.000000 0.000000 0.000000 0.000000 0.000000 0.000000 0.000000 0.000001 0.000001 0.000002 0.000002 0.000003 0.000005 0.000007 0.000009 0.000013 0.000018 0.000024 0.000033 0.000044 0.000058 0.000076 0.000099 0.000126 0.000160 0.000201 0.000250 0.000307 0.000374 0.000450 0.000535 0.000631 0.000736 0.000849 0.000969 0.001095 0.001224 0.001353 0.001481 0.001604 0.001718 0.001821 0.001910 0.001983 0.002036 0.002069 0.002080 0.002069 0.002036 0.001983 0.001910 0.001821 0.001718 0.001604 0.001481 0.001353 0.001224 0.001095 0.000969 0.000849 0.000736 0.000631 0.000535 0.000450 0.000374 0.000307 0.000250 0.000201 0.000160 0.000126 0.000099 0.000076 0.000058 0.000044 0.000033 0.000024 0.000018 0.000013 0.000009 0.000007 0.000005 0.000003 0.000002 0.000002 0.000001 0.000001 0.000000 0.000000 0.000000 0.000000 0.000000 0.000000 0.000000 0.000000 0.000000 0.000000 
0.000000 0.000000 0.000000 0.000000 0.000000 0.000000 0.000000 0.000000 0.000000 0.000000 0.000001 0.000001 0.000002 0.000002 0.000003 0.000005 0.000007 0.000010 0.000014 0.000020 0.000027 0.000037 0.000051 0.000068 0.000089 0.000117 0.000151 0.000194 0.000246 0.000309 0.000384 0.000471 0.000573 0.000690 0.000821 0.000968 0.001128 0.001302 0.001486 0.001678 0.001876 0.002074 0.002269 0.002457 0.002632 0.002790 0.002927 0.003037 0.003119 0.003169 0.003186 0.003169 0.003119 0.003037 0.002927 0.002790 0.002632 0.002457 0.002269 0.002074 0.001876 0.001678 0.001486 0.001302 0.001128 0.000968 0.000821 0.000690 0.000573 0.000471 0.000384 0.000309 0.000246 0.000194 0.000151 0.000117 0.000089 0.000068 0.000051 0.000037 0.000027 0.000020 0.000014 0.000010 0.000007 0.000005 0.000003 0.000002 0.000002 0.000001 0.000001 0.000000 0.000000 0.000000 0.000000 0.000000 0.000000 0.000000 0.000000 0.000000 
0.000000 0.000000 0.000000 0.000000 0.000000 0.000000 0.000000 0.000000 0.000000 0.000001 0.000001 0.000002 0.000002 0.000004 0.000005 0.000008 0.000011 0.000016 0.000022 0.000031 0.000043 0.000059 0.000079 0.000106 0.000140 0.000183 0.000237 0.000304 0.000386 0.000484 0.000601 0.000738 0.000898 0.001080 0.001286 0.001515 0.001765 0.002036 0.002324 0.002625 0.002933 0.003243 0.003548 0.003842 0.004115 0.004362 0.004575 0.004747 0.004875 0.004953 0.004979 0.004953 0.004875 0.004747 0.004575 0.004362 0.004115 0.003842 0.003548 0.003243 0.002933 0.002625 0.002324 0.002036 0.001765 0.001515 0.001286 0.001080 0.000898 0.000738 0.000601 0.000484 0.000386 0.000304 0.000237 0.000183 0.000140 0.000106 0.000079 0.000059 0.000043 0.000031 0.000022 0.000016 0.000011 0.000008 0.000005 0.000004 0.000002 0.000002 0.000001 0.000001 0.000000 0.000000 0.000000 0.000000 0.000000 0.000000 0.000000 0.000000 
0.000000 0.000000 0.000000 0.000000 0.000000 0.000000 0.000000 0.000000 0.000001 0.000001 0.000002 0.000003 0.000004 0.000006 0.000008 0.000012 0.000018 0.000025 0.000035 0.000049 0.000068 0.000092 0.000125 0.000167 0.000220 0.000288 0.000373 0.000478 0.000605 0.000759 0.000943 0.001158 0.001408 0.001693 0.002015 0.002374 0.002766 0.003190 0.003641 0.004111 0.004594 0.005079 0.005557 0.006015 0.006443 0.006829 0.007162 0.007432 0.007631 0.007753 0.007794 0.007753 0.007631 0.007432 0.007162 0.006829 0.006443 0.006015 0.005557 0.005079 0.004594 0.004111 0.003641 0.003190 0.002766 0.002374 0.002015 0.001693 0.001408 0.001158 0.000943 0.000759 0.000605 0.000478 0.000373 0.000288 0.000220 0.000167 0.000125 0.000092 0.000068 0.000049 0.000035 0.000025 0.000018 0.000012 0.000008 0.000006 0.000004 0.000003 0.000002 0.000001 0.000001 0.000000 0.000000 0.000000 0.000000 0.000000 0.000000 0.000000 
0.000000 0.000000 0.000000 0.000000 0.000000 0.000000 0.000000 0.000001 0.000001 0.000002 0.000003 0.000004 0.000006 0.000009 0.000013 0.000019 0.000028 0.000039 0.000055 0.000077 0.000106 0.000145 0.000195 0.000260 0.000344 0.000450 0.000582 0.000745 0.000945 0.001185 0.001470 0.001806 0.002194 0.002639 0.003141 0.003699 0.004310 0.004970 0.005671 0.006403 0.007154 0.007909 0.008652 0.009365 0.010031 0.010631 0.011148 0.011568 0.011878 0.012068 0.012132 0.012068 0.011878 0.011568 0.011148 0.010631 0.010031 0.009365 0.008652 0.007909 0.007154 0.006403 0.005671 0.004970 0.004310 0.003699 0.003141 0.002639 0.002194 0.001806 0.001470 0.001185 0.000945 0.000745 0.000582 0.000450 0.000344 0.000260 0.000195 0.000145 0.000106 0.000077 0.000055 0.000039 0.000028 0.000019 0.000013 0.000009 0.000006 0.000004 0.000003 0.000002 0.000001 0.000001 0.000000 0.000000 0.000000 0.000000 0.000000 0.000000 
0.000000 0.000000 0.000000 0.000000 0.000000 0.000000 0.000001 0.000001 0.000002 0.000003 0.000004 0.000006 0.000010 0.000014 0.000021 0.000030 0.000043 0.000061 0.000086 0.000119 0.000164 0.000224 0.000302 0.000403 0.000533 0.000696 0.000901 0.001153 0.001461 0.001832 0.002274 0.002792 0.003392 0.004079 0.004854 0.005715 0.006659 0.007677 0.008759 0.009889 0.011047 0.012212 0.013358 0.014458 0.015485 0.016410 0.017209 0.017856 0.018334 0.018627 0.018725 0.018627 0.018334 0.017856 0.017209 0.016410 0.015485 0.014458 0.013358 0.012212 0.011047 0.009889 0.008759 0.007677 0.006659 0.005715 0.004854 0.004079 0.003392 0.002792 0.002274 0.001832 0.001461 0.001153 0.000901 0.000696 0.000533 0.000403 0.000302 0.000224 0.000164 0.000119 0.000086 0.000061 0.000043 0.000030 0.000021 0.000014 0.000010 0.000006 0.000004 0.000003 0.000002 0.000001 0.000001 0.000000 0.000000 0.000000 0.000000 0.000000 
0.000000 0.000000 0.000000 0.000000 0.000000 0.000001 0.000001 0.000002 0.000003 0.000004 0.000006 0.000010 0.000015 0.000022 0.000032 0.000046 0.000066 0.000094 0.000132 0.000183 0.000252 0.000344 0.000463 0.000619 0.000817 0.001068 0.001381 0.001768 0.002239 0.002807 0.003483 0.004276 0.005194 0.006245 0.007430 0.008747 0.010190 0.011748 0.013401 0.015128 0.016899 0.018679 0.020430 0.022111 0.023680 0.025094 0.026314 0.027304 0.028033 0.028480 0.028631 0.028480 0.028033 0.027304 0.026314 0.025094 0.023680 0.022111 0.020430 0.018679 0.016899 0.015128 0.013401 0.011748 0.010190 0.008747 0.007430 0.006245 0.005194 0.004276 0.003483 0.002807 0.002239 0.001768 0.001381 0.001068 0.000817 0.000619 0.000463 0.000344 0.000252 0.000183 0.000132 0.000094 0.000066 0.000046 0.000032 0.000022 0.000015 0.000010 0.000006 0.000004 0.000003 0.000002 0.000001 0.000001 0.000000 0.000000 0.000000 0.000000 
0.000000 0.000000 0.000000 0.000000 0.000001 0.000001 0.000002 0.000003 0.000004 0.000006 0.000010 0.000015 0.000022 0.000033 0.000048 0.000070 0.000101 0.000143 0.000200 0.000279 0.000384 0.000522 0.000704 0.000940 0.001240 0.001621 0.002096 0.002683 0.003398 0.004259 0.005282 0.006484 0.007876 0.009468 0.011262 0.013257 0.015442 0.017800 0.020304 0.022918 0.025597 0.028291 0.030941 0.033485 0.035859 0.037999 0.039844 0.041341 0.042445 0.043122 0.043349 0.043122 0.042445 0.041341 0.039844 0.037999 0.035859 0.033485 0.030941 0.028291 0.025597 0.022918 0.020304 0.017800 0.015442 0.013257 0.011262 0.009468 0.007876 0.006484 0.005282 0.004259 0.003398 0.002683 0.002096 0.001621 0.001240 0.000940 0.000704 0.000522 0.000384 0.000279 0.000200 0.000143 0.000101 0.000070 0.000048 0.000033 0.000022 0.000015 0.000010 0.000006 0.000004 0.000003 0.000002 0.000001 0.000001 0.000001 0.000000 0.000000 
0.000000 0.000000 0.000000 0.000001 0.000001 0.000002 0.000003 0.000004 0.000006 0.000010 0.000015 0.000023 0.000034 0.000050 0.000073 0.000106 0.000151 0.000215 0.000302 0.000420 0.000577 0.000786 0.001059 0.001413 0.001865 0.002437 0.003150 0.004031 0.005104 0.006396 0.007932 0.009735 0.011824 0.014210 0.016901 0.019893 0.023169 0.026704 0.030456 0.034373 0.038389 0.042426 0.046397 0.050208 0.053764 0.056970 0.059734 0.061977 0.063630 0.064643 0.064984 0.064643 0.063630 0.061977 0.059734 0.056970 0.053764 0.050208 0.046397 0.042426 0.038389 0.034373 0.030456 0.026704 0.023169 0.019893 0.016901 0.014210 0.011824 0.009735 0.007932 0.006396 0.005104 0.004031 0.003150 0.002437 0.001865 0.001413 0.001059 0.000786 0.000577 0.000420 0.000302 0.000215 0.000151 0.000106 0.000073 0.000050 0.000034 0.000023 0.000015 0.000010 0.000006 0.000004 0.000003 0.000002 0.000001 0.000001 0.000001 0.000001 
0.000001 0.000001 0.000001 0.000001 0.000002 0.000002 0.000004 0.000006 0.000010 0.000015 0.000022 0.000034 0.000050 0.000074 0.000109 0.000158 0.000226 0.000320 0.000450 0.000625 0.000860 0.001171 0.001577 0.002103 0.002776 0.003626 0.004687 0.005996 0.007591 0.009511 0.011793 0.014471 0.017572 0.021116 0.025111 0.029552 0.034415 0.039660 0.045229 0.051041 0.056999 0.062988 0.068878 0.074532 0.079806 0.084560 0.088660 0.091986 0.094438 0.095940 0.096446 0.095940 0.094438 0.091986 0.088660 0.084560 0.079806 0.074532 0.068878 0.062988 0.056999 0.051041 0.045229 0.039660 0.034415 0.029552 0.025111 0.021116 0.017572 0.014471 0.011793 0.009511 0.007591 0.005996 0.004687 0.003626 0.002776 0.002103 0.001577 0.001171 0.000860 0.000625 0.000450 0.000320 0.000226 0.000158 0.000109 0.000074 0.000050 0.000034 0.000022 0.000015 0.000010 0.000006 0.000004 0.000003 0.000002 0.000001 0.000001 0.000001 
0.000001 0.000001 0.000001 0.000002 0.000002 0.000004 0.000006 0.000009 0.000014 0.000022 0.000033 0.000050 0.000074 0.000110 0.000161 0.000233 0.000333 0.000473 0.000664 0.000922 0.001268 0.001726 0.002325 0.003100 0.004090 0.005341 0.006903 0.008829 0.011175 0.014000 0.017356 0.021293 0.025853 0.031063 0.036935 0.043461 0.050607 0.058314 0.066495 0.075033 0.083784 0.092579 0.101229 0.109532 0.117277 0.124257 0.130277 0.135160 0.138760 0.140966 0.141709 0.140966 0.138760 0.135160 0.130277 0.124257 0.117277 0.109532 0.101229 0.092579 0.083784 0.075033 0.066495 0.058314 0.050607 0.043461 0.036935 0.031063 0.025853 0.021293 0.017356 0.014000 0.011175 0.008829 0.006903 0.005341 0.004090 0.003100 0.002325 0.001726 0.001268 0.000922 0.000664 0.000473 0.000333 0.000233 0.000161 0.000110 0.000074 0.000050 0.000033 0.000022 0.000014 0.000009 0.000006 0.000004 0.000002 0.000002 0.000001 0.000001 
0.000001 0.000001 0.000002 0.000002 0.000003 0.000005 0.000008 0.000013 0.000021 0.000032 0.000048 0.000073 0.000109 0.000161 0.000235 0.000340 0.000487 0.000691 0.000969 0.001347 0.001851 0.002519 0.003393 0.004522 0.005965 0.007788 0.010064 0.012869 0.016287 0.020400 0.025286 0.031018 0.037654 0.045236 0.053781 0.063274 0.073670 0.084880 0.096778 0.109194 0.121919 0.134707 0.147284 0.159354 0.170613 0.180761 0.189511 0.196609 0.201841 0.205047 0.206127 0.205047 0.201841 0.196609 0.189511 0.180761 0.170613 0.159354 0.147284 0.134707 0.121919 0.109194 0.096778 0.084880 0.073670 0.063274 0.053781 0.045236 0.037654 0.031018 0.025286 0.020400 0.016287 0.012869 0.010064 0.007788 0.005965 0.004522 0.003393 0.002519 0.001851 0.001347 0.000969 0.000691 0.000487 0.000340 0.000235 0.000161 0.000109 0.000073 0.000048 0.000032 0.000021 0.000013 0.000009 0.000005 0.000004 0.000003 0.000002 0.000002 
0.000002 0.000002 0.000002 0.000003 0.000005 0.000008 0.000012 0.000019 0.000030 0.000046 0.000070 0.000106 0.000158 0.000233 0.000340 0.000492 0.000705 0.000999 0.001402 0.001946 0.002675 0.003639 0.004900 0.006530 0.008613 0.011243 0.014524 0.018570 0.023498 0.029426 0.036468 0.044728 0.054290 0.065213 0.077521 0.091194 0.106164 0.122307 0.139437 0.157312 0.175630 0.194038 0.212140 0.229511 0.245715 0.260318 0.272909 0.283123 0.290652 0.295266 0.296820 0.295266 0.290652 0.283123 0.272909 0.260318 0.245715 0.229511 0.212140 0.194038 0.175630 0.157312 0.139437 0.122307 0.106164 0.091194 0.077521 0.065213 0.054290 0.044728 0.036468 0.029426 0.023498 0.018570 0.014524 0.011243 0.008613 0.006530 0.004900 0.003639 0.002675 0.001946 0.001402 0.000999 0.000705 0.000492 0.000340 0.000233 0.000158 0.000106 0.000070 0.000046 0.000030 0.000019 0.000012 0.000008 0.000005 0.000004 0.000003 0.000003 
0.000003 0.000003 0.000003 0.000005 0.000007 0.000011 0.000018 0.000028 0.000043 0.000066 0.000101 0.000151 0.000226 0.000333 0.000487 0.000705 0.001009 0.001430 0.002006 0.002785 0.003826 0.005204 0.007006 0.009334 0.012309 0.016064 0.020750 0.026525 0.033558 0.042017 0.052065 0.063848 0.077486 0.093064 0.110614 0.130109 0.151451 0.174461 0.198878 0.224353 0.250458 0.276688 0.302481 0.327232 0.350317 0.371121 0.389059 0.403609 0.414334 0.420906 0.423119 0.420906 0.414334 0.403609 0.389059 0.371121 0.350317 0.327232 0.302481 0.276688 0.250458 0.224353 0.198878 0.174461 0.151451 0.130109 0.110614 0.093064 0.077486 0.063848 0.052065 0.042017 0.033558 0.026525 0.020750 0.016064 0.012309 0.009334 0.007006 0.005204 0.003826 0.002785 0.002006 0.001430 0.001009 0.000705 0.000487 0.000333 0.000226 0.000151 0.000101 0.000066 0.000043 0.000028 0.000018 0.000011 0.000008 0.000005 0.000004 0.000004 
0.000004 0.000004 0.000005 0.000007 0.000010 0.000016 0.000025 0.000039 0.000061 0.000094 0.000143 0.000215 0.000320 0.000473 0.000691 0.000999 0.001430 0.002026 0.002841 0.003943 0.005418 0.007367 0.009915 0.013208 0.017413 0.022722 0.029343 0.037504 0.047440 0.059389 0.073580 0.090219 0.109476 0.131468 0.156242 0.183758 0.213876 0.246347 0.280798 0.316741 0.353567 0.390568 0.426950 0.461860 0.494420 0.523760 0.549057 0.569576 0.584701 0.593968 0.597090 0.593968 0.584701 0.569576 0.549057 0.523760 0.494420 0.461860 0.426950 0.390568 0.353567 0.316741 0.280798 0.246347 0.213876 0.183758 0.156242 0.131468 0.109476 0.090219 0.073580 0.059389 0.047440 0.037504 0.029343 0.022722 0.017413 0.013208 0.009915 0.007367 0.005418 0.003943 0.002841 0.002026 0.001430 0.000999 0.000691 0.000473 0.000320 0.000215 0.000143 0.000094 0.000061 0.000039 0.000025 0.000016 0.000011 0.000007 0.000006 0.000006 
0.000005 0.000005 0.000006 0.000009 0.000014 0.000022 0.000035 0.000055 0.000086 0.000132 0.000200 0.000302 0.000450 0.000664 0.000969 0.001402 0.002006 0.002841 0.003983 0.005528 0.007593 0.010322 0.013890 0.018499 0.024384 0.031812 0.041075 0.052490 0.066386 0.083094 0.102934 0.126194 0.153110 0.183844 0.218461 0.256905 0.298982 0.344340 0.392461 0.442660 0.494089 0.545759 0.596560 0.645304 0.690764 0.731726 0.767044 0.795689 0.816804 0.829741 0.834099 0.829741 0.816804 0.795689 0.767044 0.731726 0.690764 0.645304 0.596560 0.545759 0.494089 0.442660 0.392461 0.344340 0.298982 0.256905 0.218461 0.183844 0.153110 0.126194 0.102934 0.083094 0.066386 0.052490 0.041075 0.031812 0.024384 0.018499 0.013890 0.010322 0.007593 0.005528 0.003983 0.002841 0.002006 0.001402 0.000969 0.000664 0.000450 0.000302 0.000200 0.000132 0.000086 0.000055 0.000036 0.000023 0.000015 0.000011 0.000008 0.000008 
0.000007 0.000007 0.000009 0.000013 0.000020 0.000031 0.000049 0.000077 0.000119 0.000183 0.000279 0.000420 0.000625 0.000922 0.001347 0.001946 0.002785 0.003943 0.005528 0.007669 0.010532 0.014316 0.019260 0.025646 0.033799 0.044086 0.056914 0.072719 0.091955 0.115082 0.142540 0.174725 0.211965 0.254482 0.302365 0.355538 0.413727 0.476448 0.542983 0.612386 0.683485 0.754911 0.825133 0.892506 0.955337 1.011950 1.060760 1.100347 1.129526 1.147404 1.153426 1.147404 1.129526 1.100347 1.060760 1.011950 0.955337 0.892506 0.825133 0.754911 0.683485 0.612386 0.542983 0.476448 0.413727 0.355538 0.302365 0.254482 0.211965 0.174725 0.142540 0.115082 0.091955 0.072719 0.056914 0.044086 0.033799 0.025646 0.019260 0.014316 0.010532 0.007669 0.005528 0.003943 0.002785 0.001946 0.001347 0.000922 0.000625 0.000420 0.000279 0.000183 0.000119 0.000077 0.000050 0.000032 0.000021 0.000015 0.000012 0.000012 
0.000010 0.000010 0.000012 0.000018 0.000027 0.000043 0.000068 0.000106 0.000164 0.000252 0.000384 0.000577 0.000860 0.001268 0.001851 0.002675 0.003826 0.005418 0.007593 0.010532 0.014461 0.019652 0.026433 0.035191 0.046371 0.060475 0.078059 0.099719 0.126080 0.157766 0.195381 0.239467 0.290469 0.348692 0.414256 0.487053 0.566713 0.652566 0.743634 0.838618 0.935917 1.033656 1.129742 1.221926 1.307891 1.385344 1.452119 1.506277 1.546194 1.570652 1.578890 1.570652 1.546194 1.506277 1.452119 1.385344 1.307891 1.221926 1.129742 1.033656 0.935917 0.838618 0.743634 0.652566 0.566713 0.487053 0.414256 0.348692 0.290469 0.239467 0.195381 0.157766 0.126080 0.099719 0.078059 0.060475 0.046371 0.035191 0.026433 0.019652 0.014461 0.010532 0.007593 0.005418 0.003826 0.002675 0.001851 0.001268 0.000860 0.000577 0.000384 0.000252 0.000165 0.000106 0.000068 0.000044 0.000029 0.000020 0.000016 0.000016 
0.000013 0.000013 0.000017 0.000024 0.000037 0.000059 0.000092 0.000145 0.000224 0.000344 0.000522 0.000786 0.001171 0.001726 0.002519 0.003639 0.005204 0.007367 0.010322 0.014316 0.019652 0.026701 0.035909 0.047798 0.062972 0.082112 0.105970 0.135355 0.171110 0.214084 0.265090 0.324864 0.394007 0.472930 0.561793 0.660451 0.768398 0.884728 1.008113 1.136793 1.268600 1.400996 1.531144 1.656000 1.772427 1.877323 1.967754 2.041096 2.095153 2.128272 2.139428 2.128272 2.095153 2.041096 1.967754 1.877323 1.772427 1.656000 1.531144 1.400996 1.268600 1.136793 1.008113 0.884728 0.768398 0.660451 0.561793 0.472930 0.394007 0.324864 0.265090 0.214084 0.171110 0.135355 0.105970 0.082112 0.062972 0.047798 0.035909 0.026701 0.019652 0.014316 0.010322 0.007367 0.005204 0.003639 0.002519 0.001726 0.001171 0.000786 0.000522 0.000344 0.000224 0.000145 0.000093 0.000060 0.000039 0.000028 0.000022 0.000022 
0.000018 0.000018 0.000023 0.000033 0.000051 0.000079 0.000125 0.000195 0.000302 0.000463 0.000704 0.001059 0.001577 0.002325 0.003393 0.004900 0.007006 0.009915 0.013890 0.019260 0.026433 0.035909 0.048284 0.064259 0.084643 0.110352 0.142394 0.181853 0.229859 0.287548 0.356012 0.436234 0.529019 0.634916 0.754139 0.886489 1.031286 1.187314 1.352791 1.525358 1.702105 1.879630 2.054131 2.221529 2.377619 2.518244 2.639474 2.737791 2.810255 2.854652 2.869606 2.854652 2.810255 2.737791 2.639474 2.518244 2.377619 2.221529 2.054131 1.879630 1.702105 1.525358 1.352791 1.187314 1.031286 0.886489 0.754139 0.634916 0.529019 0.436234 0.356012 0.287548 0.229859 0.181853 0.142394 0.110352 0.084643 0.064259 0.048284 0.035909 0.026434 0.019260 0.013890 0.009915 0.007006 0.004900 0.003393 0.002325 0.001577 0.001059 0.000704 0.000464 0.000302 0.000196 0.000126 0.000081 0.000053 0.000037 0.000030 0.000030 
0.000024 0.000024 0.000030 0.000044 0.000068 0.000106 0.000167 0.000260 0.000403 0.000619 0.000940 0.001413 0.002103 0.003100 0.004522 0.006530 0.009334 0.013208 0.018499 0.025646 0.035191 0.047798 0.064259 0.085505 0.112611 0.146793 0.189387 0.241833 0.305631 0.382288 0.473250 0.579821 0.703068 0.843716 1.002046 1.177792 1.370049 1.577201 1.796880 2.025954 2.260562 2.496189 2.727789 2.949951 3.157097 3.343712 3.504585 3.635049 3.731205 3.790116 3.809960 3.790116 3.731205 3.635049 3.504585 3.343712 3.157097 2.949951 2.727789 2.496189 2.260562 2.025954 1.796880 1.577201 1.370049 1.177792 1.002046 0.843716 0.703068 0.579821 0.473250 0.382288 0.305631 0.241833 0.189387 0.146793 0.112611 0.085505 0.064259 0.047798 0.035191 0.025646 0.018499 0.013208 0.009334 0.006530 0.004522 0.003100 0.002103 0.001413 0.000940 0.000619 0.000404 0.000261 0.000168 0.000108 0.000071 0.000050 0.000040 0.000040 
0.000032 0.000032 0.000040 0.000058 0.000089 0.000140 0.000220 0.000344 0.000533 0.000817 0.001240 0.001865 0.002776 0.004090 0.005965 0.008613 0.012309 0.017413 0.024384 0.033799 0.046371 0.062972 0.084643 0.112611 0.148289 0.193270 0.249315 0.318314 0.402235 0.503058 0.622682 0.762817 0.924860 1.109764 1.317893 1.548894 1.801575 2.073810 2.362486 2.663486 2.971738 3.281311 3.585577 3.877429 4.149544 4.394681 4.605997 4.777364 4.903665 4.981044 5.007109 4.981044 4.903665 4.777364 4.605997 4.394681 4.149544 3.877429 3.585577 3.281311 2.971738 2.663486 2.362486 2.073810 1.801575 1.548894 1.317893 1.109764 0.924860 0.762817 0.622682 0.503058 0.402235 0.318314 0.249315 0.193270 0.148289 0.112611 0.084643 0.062972 0.046371 0.033799 0.024384 0.017413 0.012309 0.008613 0.005965 0.004090 0.002776 0.001865 0.001241 0.000817 0.000533 0.000345 0.000222 0.000143 0.000094 0.000066 0.000053 0.000053 
0.000042 0.000042 0.000053 0.000076 0.000117 0.000183 0.000288 0.000450 0.000696 0.001068 0.001621 0.002437 0.003626 0.005341 0.007788 0.011243 0.016064 0.022722 0.031812 0.044086 0.060475 0.082112 0.110352 0.146793 0.193270 0.251860 0.324851 0.414699 0.523966 0.655222 0.810936 0.993328 1.204214 1.444825 1.715633 2.016174 2.344893 2.699023 3.074512 3.466005 3.866905 4.269500 4.665174 5.044688 5.398522 5.717265 5.992024 6.214836 6.379049 6.479656 6.513543 6.479656 6.379049 6.214836 5.992024 5.717265 5.398522 5.044688 4.665174 4.269500 3.866905 3.466005 3.074512 2.699023 2.344893 2.016174 1.715633 1.444825 1.204214 0.993328 0.810936 0.655222 0.523966 0.414699 0.324851 0.251860 0.193270 0.146793 0.110352 0.082112 0.060475 0.044086 0.031812 0.022722 0.016064 0.011243 0.007788 0.005341 0.003626 0.002437 0.001621 0.001068 0.000697 0.000451 0.000290 0.000187 0.000123 0.000086 0.000070 0.000070 
0.000055 0.000055 0.000068 0.000099 0.000151 0.000237 0.000373 0.000582 0.000901 0.001381 0.002096 0.003150 0.004687 0.006903 0.010064 0.014524 0.020750 0.029343 0.041075 0.056914 0.078059 0.105970 0.142394 0.189387 0.249315 0.324851 0.418939 0.534743 0.675557 0.844690 1.045315 1.280287 1.551938 1.861851 2.210626 2.597661 3.020949 3.476924 3.960366 4.464381 4.980475 5.498724 6.008038 6.496529 6.951950 7.362192 7.715814 8.002572 8.213911 8.343387 8.386999 8.343387 8.213911 8.002572 7.715814 7.362192 6.951950 6.496529 6.008038 5.498724 4.980475 4.464381 3.960366 3.476924 3.020949 2.597661 2.210626 1.861851 1.551938 1.280287 1.045315 0.844690 0.675557 0.534743 0.418939 0.324851 0.249315 0.189387 0.142394 0.105970 0.078059 0.056914 0.041075 0.029343 0.020750 0.014524 0.010064 0.006903 0.004687 0.003150 0.002097 0.001381 0.000902 0.000584 0.000376 0.000242 0.000159 0.000112 0.000090 0.000090 
0.000070 0.000070 0.000088 0.000126 0.000194 0.000304 0.000478 0.000745 0.001153 0.001768 0.002683 0.004031 0.005996 0.008829 0.012869 0.018570 0.026525 0.037504 0.052490 0.072719 0.099719 0.135355 0.181853 0.241833 0.318314 0.414699 0.534743 0.682474 0.862089 1.077803 1.333653 1.633274 1.979632 2.374737 2.819348 3.312690 3.852201 4.433331 5.049426 5.691700 6.349328 7.009667 7.658591 8.280960 8.861173 9.383811 9.834304 10.199610 10.468833 10.633771 10.689327 10.633771 10.468833 10.199610 9.834304 9.383811 8.861173 8.280960 7.658591 7.009667 6.349328 5.691700 5.049426 4.433331 3.852201 3.312690 2.819348 2.374737 1.979632 1.633274 1.333653 1.077803 0.862089 0.682474 0.534743 0.414699 0.318314 0.241833 0.181853 0.135355 0.099719 0.072719 0.052490 0.037504 0.026525 0.018570 0.012869 0.008829 0.005996 0.004031 0.002683 0.001768 0.001155 0.000747 0.000481 0.000310 0.000204 0.000143 0.000116 0.000116 
0.000089 0.000089 0.000111 0.000160 0.000246 0.000386 0.000605 0.000945 0.001461 0.002239 0.003398 0.005104 0.007591 0.011175 0.016287 0.023498 0.033558 0.047440 0.066386 0.091955 0.126080 0.171110 0.229859 0.305631 0.402235 0.523966 0.675557 0.862089 1.088855 1.361164 1.684107 2.062262 2.499363 2.997937 3.558934 4.181369 4.862003 5.595092 6.372238 7.182358 8.011800 8.844618 9.663005 10.447869 11.179545 11.838597 12.406660 12.867294 13.206767 13.414741 13.484792 13.414741 13.206767 12.867294 12.406660 11.838597 11.179545 10.447869 9.663005 8.844618 8.011800 7.182358 6.372238 5.595092 4.862003 4.181369 3.558934 2.997937 2.499363 2.062262 1.684107 1.361164 1.088855 0.862089 0.675557 0.523966 0.402235 0.305631 0.229859 0.171110 0.126080 0.091955 0.066386 0.047440 0.033558 0.023498 0.016287 0.011176 0.007591 0.005104 0.003398 0.002240 0.001463 0.000947 0.000610 0.000394 0.000259 0.000182 0.000147 0.000147 
0.000112 0.000112 0.000140 0.000201 0.000309 0.000484 0.000759 0.001185 0.001832 0.002807 0.004259 0.006396 0.009511 0.014000 0.020400 0.029426 0.042017 0.059389 0.083094 0.115082 0.157766 0.214084 0.287548 0.382288 0.503058 0.655222 0.844690 1.077803 1.361164 1.701400 2.104861 2.577255 3.123234 3.745946 4.446567 5.223858 6.073766 6.989115 7.959413 8.970823 10.006301 11.045945 12.067529 13.047230 13.960510 14.783116 15.492136 16.067058 16.490752 16.750321 16.837750 16.750321 16.490752 16.067058 15.492136 14.783116 13.960510 13.047230 12.067529 11.045945 10.006301 8.970823 7.959413 6.989115 6.073766 5.223858 4.446567 3.745946 3.123234 2.577255 2.104861 1.701400 1.361164 1.077803 0.844690 0.655222 0.503058 0.382288 0.287548 0.214084 0.157766 0.115082 0.083094 0.059389 0.042017 0.029426 0.020400 0.014000 0.009511 0.006397 0.004259 0.002808 0.001834 0.001188 0.000765 0.000494 0.000325 0.000228 0.000184 0.000184 
0.000139 0.000139 0.000173 0.000250 0.000384 0.000601 0.000943 0.001470 0.002274 0.003483 0.005282 0.007932 0.011793 0.017356 0.025286 0.036468 0.052065 0.073580 0.102934 0.142540 0.195381 0.265090 0.356012 0.473250 0.622682 0.810936 1.045315 1.333653 1.684107 2.104861 2.603754 3.187833 3.862836 4.632641 5.498693 6.459448 7.509888 8.641138 9.840227 11.090053 12.369557 13.654151 14.916378 16.126811 17.255145 18.271425 19.147357 19.857610 20.381030 20.701691 20.809697 20.701691 20.381030 19.857610 19.147357 18.271425 17.255145 16.126811 14.916378 13.654151 12.369557 11.090053 9.840227 8.641138 7.509888 6.459448 5.498693 4.632641 3.862836 3.187833 2.603754 2.104861 1.684107 1.333653 1.045315 0.810936 0.622682 0.473250 0.356012 0.265090 0.195381 0.142540 0.102934 0.073580 0.052065 0.036468 0.025286 0.017356 0.011793 0.007933 0.005283 0.003484 0.002276 0.001474 0.000950 0.000613 0.000404 0.000284 0.000229 0.000229 
0.000171 0.000171 0.000213 0.000307 0.000471 0.000738 0.001158 0.001806 0.002792 0.004276 0.006484 0.009735 0.014471 0.021293 0.031018 0.044728 0.063848 0.090219 0.126194 0.174725 0.239467 0.324864 0.436234 0.579821 0.762817 0.993328 1.280287 1.633274 2.062262 2.577255 3.187833 3.902604 4.728577 5.670483 6.730075 7.905452 9.190466 10.574252 12.040938 13.569605 15.134497 16.705546 18.249180 19.729422 21.109222 22.351964 23.423060 24.291548 24.931571 25.323662 25.455727 25.323662 24.931571 24.291548 23.423060 22.351964 21.109222 19.729422 18.249180 16.705546 15.134497 13.569605 12.040938 10.574252 9.190466 7.905452 6.730075 5.670483 4.728577 3.902604 3.187833 2.577255 2.062262 1.633274 1.280287 0.993328 0.762817 0.579821 0.436234 0.324864 0.239467 0.174725 0.126194 0.090219 0.063848 0.044728 0.031018 0.021293 0.014471 0.009736 0.006485 0.004277 0.002795 0.001811 0.001167 0.000753 0.000497 0.000349 0.000281 0.000281 
0.000208 0.000208 0.000259 0.000374 0.000573 0.000898 0.001408 0.002194 0.003392 0.005194 0.007876 0.011824 0.017572 0.025853 0.037654 0.054290 0.077486 0.109476 0.153110 0.211965 0.290469 0.394007 0.529019 0.703068 0.924860 1.204214 1.551938 1.979632 2.499363 3.123234 3.862836 4.728577 5.728931 6.869609 8.152718 9.575944 11.131831 12.807212 14.582870 16.433473 18.327845 20.229591 22.098083 23.889784 25.559861 27.064008 28.360379 29.411510 30.186121 30.660660 30.820494 30.660660 30.186121 29.411510 28.360379 27.064008 25.559861 23.889784 22.098083 20.229591 18.327845 16.433473 14.582870 12.807212 11.131831 9.575944 8.152718 6.869609 5.728931 4.728577 3.862836 3.123234 2.499363 1.979632 1.551938 1.204214 0.924860 0.703068 0.529019 0.394007 0.290469 0.211965 0.153110 0.109477 0.077486 0.054290 0.037654 0.025853 0.017572 0.011824 0.007877 0.005197 0.003396 0.002201 0.001418 0.000916 0.000604 0.000424 0.000342 0.000342 
0.000250 0.000250 0.000312 0.000450 0.000690 0.001080 0.001693 0.002639 0.004079 0.006245 0.009468 0.014210 0.021116 0.031063 0.045236 0.065213 0.093064 0.131468 0.183844 0.254482 0.348692 0.472930 0.634916 0.843716 1.109764 1.444825 1.861851 2.374737 2.997937 3.745946 4.632641 5.670483 6.869609 8.236846 9.774702 11.480388 13.344954 15.352613 17.480329 19.697746 21.967511 24.246023 26.484614 28.631136 30.631895 32.433827 33.986816 35.246002 36.173924 36.742380 36.933846 36.742380 36.173924 35.246002 33.986816 32.433827 30.631895 28.631136 26.484614 24.246023 21.967511 19.697746 17.480329 15.352613 13.344954 11.480388 9.774702 8.236846 6.869609 5.670483 4.632641 3.745946 2.997937 2.374737 1.861851 1.444825 1.109764 0.843716 0.634916 0.472930 0.348692 0.254482 0.183844 0.131468 0.093064 0.065213 0.045236 0.031063 0.021117 0.014211 0.009469 0.006247 0.004083 0.002647 0.001706 0.001102 0.000727 0.000510 0.000412 0.000412 
0.000298 0.000298 0.000372 0.000535 0.000821 0.001286 0.002015 0.003141 0.004854 0.007430 0.011262 0.016901 0.025111 0.036935 0.053781 0.077521 0.110614 0.156242 0.218461 0.302365 0.414256 0.561793 0.754139 1.002046 1.317893 1.715633 2.210626 2.819348 3.558934 4.446567 5.498693 6.730075 8.152718 9.774702 11.598981 13.622230 15.833819 18.215010 20.738474 23.368208 26.059915 28.761897 31.416450 33.961753 36.334150 38.470742 40.312124 41.805120 42.905331 43.579327 43.806340 43.579327 42.905331 41.805120 40.312124 38.470742 36.334150 33.961753 31.416450 28.761897 26.059915 23.368208 20.738474 18.215010 15.833819 13.622230 11.598981 9.774702 8.152718 6.730075 5.498693 4.446567 3.558934 2.819348 2.210626 1.715633 1.317893 1.002046 0.754139 0.561793 0.414256 0.302365 0.218461 0.156242 0.110614 0.077521 0.053781 0.036936 0.025112 0.016902 0.011264 0.007433 0.004859 0.003150 0.002031 0.001312 0.000865 0.000608 0.000491 0.000491 
0.000351 0.000351 0.000438 0.000631 0.000968 0.001515 0.002374 0.003699 0.005715 0.008747 0.013257 0.019893 0.029552 0.043461 0.063274 0.091194 0.130109 0.183758 0.256905 0.355538 0.487053 0.660451 0.886489 1.177792 1.548894 2.016174 2.597661 3.312690 4.181369 5.223858 6.459448 7.905452 9.575944 11.480388 13.622230 15.997549 18.593845 21.389112 24.351260 27.438024 30.597412 33.768751 36.884326 39.871594 42.655867 45.163344 47.324329 49.076436 50.367575 51.158530 51.424936 51.158530 50.367575 49.076436 47.324329 45.163344 42.655867 39.871594 36.884326 33.768751 30.597412 27.438024 24.351260 21.389112 18.593845 15.997549 13.622230 11.480388 9.575944 7.905452 6.459448 5.223858 4.181369 3.312690 2.597661 2.016174 1.548894 1.177792 0.886489 0.660451 0.487053 0.355538 0.256905 0.183758 0.130109 0.091194 0.063274 0.043461 0.029552 0.019894 0.013259 0.008751 0.005721 0.003709 0.002392 0.001545 0.001019 0.000716 0.000578 0.000578 
0.000409 0.000409 0.000511 0.000736 0.001128 0.001765 0.002766 0.004310 0.006659 0.010190 0.015442 0.023169 0.034415 0.050607 0.073670 0.106164 0.151451 0.213876 0.298982 0.413727 0.566713 0.768398 1.031286 1.370049 1.801575 2.344893 3.020949 3.852201 4.862003 6.073766 7.509888 9.190466 11.131831 13.344954 15.833819 18.593845 21.610494 24.858181 28.299614 31.885689 35.556005 39.240085 42.859281 46.329341 49.563525 52.476128 54.986218 57.021349 58.521037 59.439743 59.749176 59.439743 58.521037 57.021349 54.986218 52.476128 49.563525 46.329341 42.859281 39.240085 35.556005 31.885689 28.299614 24.858181 21.610494 18.593845 15.833819 13.344954 11.131831 9.190466 7.509888 6.073766 4.862003 3.852201 3.020949 2.344893 1.801575 1.370049 1.031286 0.768398 0.566713 0.413727 0.298982 0.213877 0.151451 0.106164 0.073670 0.050607 0.034416 0.023170 0.015445 0.010194 0.006666 0.004323 0.002788 0.001801 0.001188 0.000835 0.000675 0.000675 
0.000473 0.000473 0.000590 0.000849 0.001302 0.002036 0.003190 0.004970 0.007677 0.011748 0.017800 0.026704 0.039660 0.058314 0.084880 0.122307 0.174461 0.246347 0.344340 0.476448 0.652566 0.884728 1.187314 1.577201 2.073810 2.699023 3.476924 4.433331 5.595092 6.989115 8.641138 10.574252 12.807212 15.352613 18.215010 21.389112 24.858181 28.592780 32.550020 36.673431 40.893567 45.129402 49.290523 53.280080 56.998371 60.346886 63.232602 65.572255 67.296329 68.352488 68.708216 68.352488 67.296329 65.572255 63.232602 60.346886 56.998371 53.280080 49.290523 45.129402 40.893567 36.673431 32.550020 28.592780 24.858181 21.389112 18.215010 15.352613 12.807212 10.574252 8.641138 6.989115 5.595092 4.433331 3.476924 2.699023 2.073810 1.577201 1.187314 0.884728 0.652566 0.476448 0.344340 0.246347 0.174461 0.122307 0.084880 0.058314 0.039661 0.026705 0.017803 0.011752 0.007686 0.004984 0.003215 0.002078 0.001371 0.000964 0.000778 0.000778 
0.000540 0.000540 0.000674 0.000969 0.001486 0.002324 0.003641 0.005671 0.008759 0.013401 0.020304 0.030456 0.045229 0.066495 0.096778 0.139437 0.198878 0.280798 0.392461 0.542983 0.743634 1.008113 1.352791 1.796880 2.362486 3.074512 3.960366 5.049426 6.372238 7.959413 9.840227 12.040938 14.582870 17.480329 20.738474 24.351260 28.299614 32.550020 37.053653 41.746246 46.548768 51.369021 56.104134 60.643916 64.874937 68.685129 71.968667 74.630833 76.592549 77.794279 78.199037 77.794279 76.592549 74.630833 71.968667 68.685129 64.874937 60.643916 56.104134 51.369021 46.548768 41.746246 37.053653 32.550020 28.299614 24.351260 20.738474 17.480329 14.582870 12.040938 9.840227 7.959413 6.372238 5.049426 3.960366 3.074512 2.362486 1.796880 1.352791 1.008113 0.743634 0.542983 0.392461 0.280799 0.198878 0.139437 0.096778 0.066495 0.045230 0.030458 0.020307 0.013407 0.008769 0.005687 0.003669 0.002371 0.001565 0.001100 0.000889 0.000889 
0.000610 0.000610 0.000761 0.001095 0.001678 0.002625 0.004111 0.006403 0.009889 0.015128 0.022918 0.034373 0.051041 0.075033 0.109194 0.157312 0.224353 0.316741 0.442660 0.612386 0.838618 1.136793 1.525358 2.025954 2.663486 3.466005 4.464381 5.691700 7.182358 8.970823 11.090053 13.569605 16.433473 19.697746 23.368208 27.438024 31.885689 36.673431 41.746246 47.031738 52.440898 57.869889 63.202865 68.315743 73.080797 77.371839 81.069716 84.067782 86.277000 87.630341 88.086162 87.630341 86.277000 84.067782 81.069716 77.371839 73.080797 68.315743 63.202865 57.869889 52.440898 47.031738 41.746246 36.673431 31.885689 27.438024 23.368208 19.697746 16.433473 13.569605 11.090053 8.970823 7.182358 5.691700 4.464381 3.466005 2.663486 2.025954 1.525358 1.136793 0.838618 0.612386 0.442660 0.316741 0.224354 0.157313 0.109195 0.075033 0.051042 0.034375 0.022921 0.015134 0.009899 0.006422 0.004143 0.002678 0.001768 0.001243 0.001004 0.001004 
0.000682 0.000682 0.000851 0.001224 0.001876 0.002933 0.004594 0.007154 0.011047 0.016899 0.025597 0.038389 0.056999 0.083784 0.121919 0.175630 0.250458 0.353567 0.494089 0.683485 0.935917 1.268600 1.702105 2.260562 2.971738 3.866905 4.980475 6.349328 8.011800 10.006301 12.369557 15.134497 18.327845 21.967511 26.059915 30.597412 35.556005 40.893567 46.548768 52.440898 58.470734 64.522536 70.467182 76.166380 81.477779 86.260752 90.382510 93.724207 96.186624 97.695064 98.203123 97.695064 96.186624 93.724207 90.382510 86.260752 81.477779 76.166380 70.467182 64.522536 58.470734 52.440898 46.548768 40.893567 35.556005 30.597412 26.059915 21.967511 18.327845 15.134497 12.369557 10.006301 8.011800 6.349328 4.980475 3.866905 2.971738 2.260562 1.702105 1.268600 0.935917 0.683485 0.494089 0.353567 0.250458 0.175630 0.121920 0.083784 0.057000 0.038391 0.025601 0.016906 0.011059 0.007175 0.004629 0.002993 0.001976 0.001390 0.001123 0.001123 
0.000754 0.000754 0.000941 0.001353 0.002074 0.003243 0.005079 0.007909 0.012212 0.018679 0.028291 0.042426 0.062988 0.092579 0.134707 0.194038 0.276688 0.390568 0.545759 0.754911 1.033656 1.400996 1.879630 2.496189 3.281311 4.269500 5.498724 7.009667 8.844618 11.045945 13.654151 16.705546 20.229591 24.246023 28.761897 33.768751 39.240085 45.129402 51.369021 57.869889 64.522536 71.199276 77.757670 84.045167 89.904750 95.181300 99.728354 103.414827 106.131283 107.795337 108.355808 107.795337 106.131283 103.414827 99.728354 95.181300 89.904750 84.045167 77.757670 71.199276 64.522536 57.869889 51.369021 45.129402 39.240085 33.768751 28.761897 24.246023 20.229591 16.705546 13.654151 11.045945 8.844618 7.009667 5.498724 4.269500 3.281311 2.496189 1.879630 1.400996 1.033656 0.754911 0.545759 0.390568 0.276688 0.194038 0.134708 0.092580 0.062989 0.042428 0.028296 0.018686 0.012225 0.007932 0.005118 0.003309 0.002185 0.001537 0.001242 0.001242 
0.000825 0.000825 0.001030 0.001481 0.002269 0.003548 0.005557 0.008652 0.013358 0.020430 0.030941 0.046397 0.068878 0.101229 0.147284 0.212140 0.302481 0.426950 0.596560 0.825133 1.129742 1.531144 2.054131 2.727789 3.585577 4.665174 6.008038 7.658591 9.663005 12.067529 14.916378 18.249180 22.098083 26.484614 31.416450 36.884326 42.859281 49.290523 56.104134 63.202865 70.467182 77.757670 84.918810 91.784055 98.181979 103.943240 108.907945 112.932993 115.898918 117.715786 118.327725 117.715786 115.898918 112.932993 108.907945 103.943240 98.181979 91.784055 84.918810 77.757670 70.467182 63.202865 56.104134 49.290523 42.859281 36.884326 31.416450 26.484614 22.098083 18.249180 14.916378 12.067529 9.663005 7.658591 6.008038 4.665174 3.585577 2.727789 2.054131 1.531144 1.129742 0.825133 0.596560 0.426950 0.302481 0.212140 0.147284 0.101230 0.068879 0.046399 0.030946 0.020438 0.013372 0.008677 0.005600 0.003621 0.002391 0.001682 0.001359 0.001359 
