0.000000 0.000000 0.000000 0.000000 0.000000 0.000000 0.000000 0.000000 0.000000 0.000000 0.000000 0.000000 0.000000 0.000000 0.000000 0.000000 0.000000 0.000000 0.000000 0.000000 0.000000 0.000000 0.000000 0.000000 0.000000 0.000000 0.000000 0.000000 0.000000 0.000000 0.000000 0.000000 0.000000 0.000000 0.000000 0.000000 0.000000 0.000001 0.000001 0.000001 0.000001 0.000001 0.000001 0.000002 0.000002 0.000002 0.000002 0.000002 0.000002 0.000002 0.000002 0.000002 0.000002 0.000002 0.000002 0.000002 0.000002 0.000002 0.000001 0.000001 0.000001 0.000001 0.000001 0.000001 0.000000 0.000000 0.000000 0.000000 0.000000 0.000000 0.000000 0.000000 0.000000 0.000000 0.000000 0.000000 0.000000 0.000000 0.000000 0.000000 0.000000 0.000000 0.000000 0.000000 0.000000 0.000000 0.000000 0.000000 0.000000 0.000000 0.000000 0.000000 0.000000 0.000000 0.000000 0.000000 0.000000 0.000000 0.000000 0.000000 
0.000000 0.000000 0.000000 0.000000 0.000000 0.000000 0.000000 0.000000 0.000000 0.000000 0.000000 0.000000 0.000000 0.000000 0.000000 0.000000 0.000000 0.000000 0.000000 0.000000 0.000000 0.000000 0.000000 0.000000 0.000000 0.000000 0.000000 0.000000 0.000000 0.000000 0.000000 0.000000 0.000000 0.000000 0.000000 0.000000 0.000000 0.000001 0.000001 0.000001 0.000001 0.000001 0.000001 0.000002 0.000002 0.000002 0.000002 0.000002 0.000002 0.000002 0.000002 0.000002 0.000002 0.000002 0.000002 0.000002 0.000002 0.000002 0.000001 0.000001 0.000001 0.000001 0.000001 0.000001 0.000000 0.000000 0.000000 0.000000 0.000000 0.000000 0.000000 0.000000 0.000000 0.000000 0.000000 0.000000 0.000000 0.000000 0.000000 0.000000 0.000000 0.000000 0.000000 0.000000 0.000000 0.000000 0.000000 0.000000 0.000000 0.000000 0.000000 0.000000 0.000000 0.000000 0.000000 0.000000 0.000000 0.000000 0.000000 0.000000 
0.000000 0.000000 0.000000 0.000000 0.000000 0.000000 0.000000 0.000000 0.000000 0.000000 0.000000 0.000000 0.000000 0.000000 0.000000 0.000000 0.000000 0.000000 0.000000 0.000000 0.000000 0.000000 0.000000 0.000000 0.000000 0.000000 0.000000 0.000000 0.000000 0.000000 0.000000 0.000000 0.000000 0.000000 0.000000 0.000001 0.000001 0.000001 0.000001 0.000001 0.000002 0.000002 0.000002 0.000003 0.000003 0.000003 0.000003 0.000004 0.000004 0.000004 0.000004 0.000004 0.000004 0.000004 0.000003 0.000003 0.000003 0.000003 0.000002 0.000002 0.000002 0.000001 0.000001 0.000001 0.000001 0.000001 0.000000 0.000000 0.000000 0.000000 0.000000 0.000000 0.000000 0.000000 0.000000 0.000000 0.000000 0.000000 0.000000 0.000000 0.000000 0.000000 0.000000 0.000000 0.000000 0.000000 0.000000 0.000000 0.000000 0.000000 0.000000 0.000000 0.000000 0.000000 0.000000 0.000000 0.000000 0.000000 0.000000 0.000000 
0.000000 0.000000 0.000000 0.000000 0.000000 0.000000 0.000000 0.000000 0.000000 0.000000 0.000000 0.000000 0.000000 0.000000 0.000000 0.000000 0.000000 0.000000 0.000000 0.000000 0.000000 0.000000 0.000000 0.000000 0.000000 0.000000 0.000000 0.000000 0.000000 0.000000 0.000000 0.000000 0.000000 0.000001 0.000001 0.000001 0.000001 0.000002 0.000002 0.000003 0.000003 0.000004 0.000004 0.000005 0.000006 0.000006 0.000007 0.000007 0.000007 0.000007 0.000007 0.000007 0.000007 0.000007 0.000007 0.000006 0.000006 0.000005 0.000004 0.000004 0.000003 0.000003 0.000002 0.000002 0.000001 0.000001 0.000001 0.000001 0.000000 0.000000 0.000000 0.000000 0.000000 0.000000 0.000000 0.000000 0.000000 0.000000 0.000000 0.000000 0.000000 0.000000 0.000000 0.000000 0.000000 0.000000 0.000000 0.000000 0.000000 0.000000 0.000000 0.000000 0.000000 0.000000 0.000000 0.000000 0.000000 0.000000 0.000000 0.000000 
0.000000 0.000000 0.000000 0.000000 0.000000 0.000000 0.000000 0.000000 0.000000 0.000000 0.000000 0.000000 0.000000 0.000000 0.000000 0.000000 0.000000 0.000000 0.000000 0.000000 0.000000 0.000000 0.000000 0.000000 0.000000 0.000000 0.000000 0.000000 0.000000 0.000000 0.000001 0.000001 0.000001 0.000001 0.000002 0.000002 0.000003 0.000004 0.000004 0.000005 0.000007 0.000008 0.000009 0.000010 0.000011 0.000012 0.000013 0.000014 0.000015 0.000015 0.000015 0.000015 0.000015 0.000014 0.000013 0.000012 0.000011 0.000010 0.000009 0.000008 0.000007 0.000005 0.000004 0.000004 0.000003 0.000002 0.000002 0.000001 0.000001 0.000001 0.000001 0.000000 0.000000 0.000000 0.000000 0.000000 0.000000 0.000000 0.000000 0.000000 0.000000 0.000000 0.000000 0.000000 0.000000 0.000000 0.000000 0.000000 0.000000 0.000000 0.000000 0.000000 0.000000 0.000000 0.000000 0.000000 0.000000 0.000000 0.000000 0.000000 
0.000000 0.000000 0.000000 0.000000 0.000000 0.000000 0.000000 0.000000 0.000000 0.000000 0.000000 0.000000 0.000000 0.000000 0.000000 0.000000 0.000000 0.000000 0.000000 0.000000 0.000000 0.000000 0.000000 0.000000 0.000000 0.000000 0.000000 0.000000 0.000001 0.000001 0.000001 0.000001 0.000002 0.000003 0.000004 0.000005 0.000006 0.000007 0.000009 0.000011 0.000013 0.000015 0.000018 0.000020 0.000023 0.000025 0.000027 0.000028 0.000029 0.000030 0.000030 0.000030 0.000029 0.000028 0.000027 0.000025 0.000023 0.000020 0.000018 0.000015 0.000013 0.000011 0.000009 0.000007 0.000006 0.000005 0.000004 0.000003 0.000002 0.000001 0.000001 0.000001 0.000001 0.000000 0.000000 0.000000 0.000000 0.000000 0.000000 0.000000 0.000000 0.000000 0.000000 0.000000 0.000000 0.000000 0.000000 0.000000 0.000000 0.000000 0.000000 0.000000 0.000000 0.000000 0.000000 0.000000 0.000000 0.000000 0.000000 0.000000 
0.000000 0.000000 0.000000 0.000000 0.000000 0.000000 0.000000 0.000000 0.000000 0.000000 0.000000 0.000000 0.000000 0.000000 0.000000 0.000000 0.000000 0.000000 0.000000 0.000000 0.000000 0.000000 0.000000 0.000000 0.000000 0.000000 0.000000 0.000001 0.000001 0.000002 0.000002 0.000003 0.000004 0.000005 0.000007 0.000009 0.000012 0.000015 0.000018 0.000022 0.000026 0.000031 0.000035 0.000040 0.000045 0.000049 0.000053 0.000056 0.000059 0.000060 0.000061 0.000060 0.000059 0.000056 0.000053 0.000049 0.000045 0.000040 0.000035 0.000031 0.000026 0.000022 0.000018 0.000015 0.000012 0.000009 0.000007 0.000005 0.000004 0.000003 0.000002 0.000002 0.000001 0.000001 0.000000 0.000000 0.000000 0.000000 0.000000 0.000000 0.000000 0.000000 0.000000 0.000000 0.000000 0.000000 0.000000 0.000000 0.000000 0.000000 0.000000 0.000000 0.000000 0.000000 0.000000 0.000000 0.000000 0.000000 0.000000 0.000000 
0.000000 0.000000 0.000000 0.000000 0.000000 0.000000 0.000000 0.000000 0.000000 0.000000 0.000000 0.000000 0.000000 0.000000 0.000000 0.000000 0.000000 0.000000 0.000000 0.000000 0.000000 0.000000 0.000000 0.000000 0.000000 0.000001 0.000001 0.000001 0.000002 0.000003 0.000004 0.000006 0.000008 0.000011 0.000014 0.000018 0.000023 0.000029 0.000036 0.000043 0.000052 0.000061 0.000070 0.000079 0.000088 0.000097 0.000104 0.000111 0.000115 0.000118 0.000119 0.000118 0.000115 0.000111 0.000104 0.000097 0.000088 0.000079 0.000070 0.000061 0.000052 0.000043 0.000036 0.000029 0.000023 0.000018 0.000014 0.000011 0.000008 0.000006 0.000004 0.000003 0.000002 0.000001 0.000001 0.000001 0.000000 0.000000 0.000000 0.000000 0.000000 0.000000 0.000000 0.000000 0.000000 0.000000 0.000000 0.000000 0.000000 0.000000 0.000000 0.000000 0.000000 0.000000 0.000000 0.000000 0.000000 0.000000 0.000000 0.000000 
0.000000 0.000000 0.000000 0.000000 0.000000 0.000000 0.000000 0.000000 0.000000 0.000000 0.000000 0.000000 0.000000 0.000000 0.000000 0.000000 0.000000 0.000000 0.000000 0.000000 0.000000 0.000000 0.000000 0.000001 0.000001 0.000001 0.000002 0.000003 0.000004 0.000006 0.000008 0.000011 0.000016 0.000021 0.000027 0.000035 0.000045 0.000056 0.000069 0.000084 0.000100 0.000117 0.000135 0.000153 0.000171 0.000187 0.000202 0.000214 0.000223 0.000229 0.000231 0.000229 0.000223 0.000214 0.000202 0.000187 0.000171 0.000153 0.000135 0.000117 0.000100 0.000084 0.000069 0.000056 0.000045 0.000035 0.000027 0.000021 0.000016 0.000011 0.000008 0.000006 0.000004 0.000003 0.000002 0.000001 0.000001 0.000001 0.000000 0.000000 0.000000 0.000000 0.000000 0.000000 0.000000 0.000000 0.000000 0.000000 0.000000 0.000000 0.000000 0.000000 0.000000 0.000000 0.000000 0.000000 0.000000 0.000000 0.000000 0.000000 
0.000000 0.000000 0.000000 0.000000 0.000000 0.000000 0.000000 0.000000 0.000000 0.000000 0.000000 0.000000 0.000000 0.000000 0.000000 0.000000 0.000000 0.000000 0.000000 0.000000 0.000000 0.000000 0.000001 0.000001 0.000002 0.000002 0.000004 0.000005 0.000008 0.000011 0.000016 0.000022 0.000030 0.000040 0.000052 0.000068 0.000086 0.000108 0.000133 0.000161 0.000192 0.000225 0.000259 0.000293 0.000327 0.000358 0.000386 0.000409 0.000426 0.000437 0.000441 0.000437 0.000426 0.000409 0.000386 0.000358 0.000327 0.000293 0.000259 0.000225 0.000192 0.000161 0.000133 0.000108 0.000086 0.000068 0.000052 0.000040 0.000030 0.000022 0.000016 0.000011 0.000008 0.000005 0.000004 0.000002 0.000002 0.000001 0.000001 0.000000 0.000000 0.000000 0.000000 0.000000 0.000000 0.000000 0.000000 0.000000 0.000000 0.000000 0.000000 0.000000 0.000000 0.000000 0.000000 0.000000 0.000000 0.000000 0.000000 0.000000 
0.000000 0.000000 0.000000 0.000000 0.000000 0.000000 0.000000 0.000000 0.000000 0.000000 0.000000 0.000000 0.000000 0.000000 0.000000 0.000000 0.000000 0.000000 0.000000 0.000000 0.000000 0.000001 0.000001 0.000002 0.000003 0.000005 0.000007 0.000010 0.000015 0.000021 0.000030 0.000041 0.000056 0.000075 0.000099 0.000128 0.000163 0.000204 0.000250 0.000303 0.000361 0.000423 0.000487 0.000552 0.000615 0.000673 0.000726 0.000769 0.000802 0.000822 0.000829 0.000822 0.000802 0.000769 0.000726 0.000673 0.000615 0.000552 0.000487 0.000423 0.000361 0.000303 0.000250 0.000204 0.000163 0.000128 0.000099 0.000075 0.000056 0.000041 0.000030 0.000021 0.000015 0.000010 0.000007 0.000005 0.000003 0.000002 0.000001 0.000001 0.000000 0.000000 0.000000 0.000000 0.000000 0.000000 0.000000 0.000000 0.000000 0.000000 0.000000 0.000000 0.000000 0.000000 0.000000 0.000000 0.000000 0.000000 0.000000 0.000000 
0.000000 0.000000 0.000000 0.000000 0.000000 0.000000 0.000000 0.000000 0.000000 0.000000 0.000000 0.000000 0.000000 0.000000 0.000000 0.000000 0.000000 0.000000 0.000000 0.000001 0.000001 0.000001 0.000002 0.000004 0.000006 0.000009 0.000013 0.000019 0.000028 0.000040 0.000056 0.000077 0.000105 0.000140 0.000184 0.000238 0.000302 0.000378 0.000465 0.000563 0.000670 0.000784 0.000903 0.001023 0.001139 0.001248 0.001345 0.001425 0.001486 0.001523 0.001536 0.001523 0.001486 0.001425 0.001345 0.001248 0.001139 0.001023 0.000903 0.000784 0.000670 0.000563 0.000465 0.000378 0.000302 0.000238 0.000184 0.000140 0.000105 0.000077 0.000056 0.000040 0.000028 0.000019 0.000013 0.000009 0.000006 0.000004 0.000002 0.000001 0.000001 0.000001 0.000000 0.000000 0.000000 0.000000 0.000000 0.000000 0.000000 0.000000 0.000000 0.000000 0.000000 0.000000 0.000000 0.000000 0.000000 0.000000 0.000000 0.000000 
0.000000 0.000000 0.000000 0.000000 0.000000 0.000000 0.000000 0.000000 0.000000 0.000000 0.000000 0.000000 0.000000 0.000000 0.000000 0.000000 0.000000 0.000000 0.000001 0.000001 0.000002 0.000003 0.000004 0.000007 0.000011 0.000016 0.000024 0.000036 0.000052 0.000073 0.000103 0.000142 0.000192 0.000257 0.000337 0.000435 0.000553 0.000692 0.000851 0.001029 0.001224 0.001433 0.001649 0.001868 0.002080 0.002279 0.002455 0.002602 0.002712 0.002780 0.002803 0.002780 0.002712 0.002602 0.002455 0.002279 0.002080 0.001868 0.001649 0.001433 0.001224 0.001029 0.000851 0.000692 0.000553 0.000435 0.000337 0.000257 0.000192 0.000142 0.000103 0.000073 0.000052 0.000036 0.000024 0.000016 0.000011 0.000007 0.000004 0.000003 0.000002 0.000001 0.000001 0.000000 0.000000 0.000000 0.000000 0.000000 0.000000 0.000000 0.000000 0.000000 0.000000 0.000000 0.000000 0.000000 0.000000 0.000000 0.000000 0.000000 
0.000000 0.000000 0.000000 0.000000 0.000000 0.000000 0.000000 0.000000 0.000000 0.000000 0.000000 0.000000 0.000000 0.000000 0.000000 0.000000 0.000000 0.000001 0.000001 0.000002 0.000003 0.000005 0.000008 0.000013 0.000019 0.000029 0.000044 0.000064 0.000093 0.000133 0.000186 0.000256 0.000348 0.000464 0.000608 0.000786 0.000998 0.001247 0.001533 0.001853 0.002204 0.002579 0.002968 0.003360 0.003742 0.004098 0.004415 0.004679 0.004876 0.004999 0.005040 0.004999 0.004876 0.004679 0.004415 0.004098 0.003742 0.003360 0.002968 0.002579 0.002204 0.001853 0.001533 0.001247 0.000998 0.000786 0.000608 0.000464 0.000348 0.000256 0.000186 0.000133 0.000093 0.000064 0.000044 0.000029 0.000019 0.000013 0.000008 0.000005 0.000003 0.000002 0.000001 0.000001 0.000000 0.000000 0.000000 0.000000 0.000000 0.000000 0.000000 0.000000 0.000000 0.000000 0.000000 0.000000 0.000000 0.000000 0.000000 0.000000 
0.000000 0.000000 0.000000 0.000000 0.000000 0.000000 0.000000 0.000000 0.000000 0.000000 0.000000 0.000000 0.000000 0.000000 0.000000 0.000000 0.000001 0.000001 0.000002 0.000003 0.000006 0.000009 0.000014 0.000022 0.000035 0.000052 0.000078 0.000115 0.000166 0.000237 0.000331 0.000456 0.000618 0.000825 0.001082 0.001396 0.001772 0.002214 0.002720 0.003288 0.003910 0.004574 0.005262 0.005956 0.006631 0.007261 0.007822 0.008287 0.008637 0.008854 0.008927 0.008854 0.008637 0.008287 0.007822 0.007261 0.006631 0.005956 0.005262 0.004574 0.003910 0.003288 0.002720 0.002214 0.001772 0.001396 0.001082 0.000825 0.000618 0.000456 0.000331 0.000237 0.000166 0.000115 0.000078 0.000052 0.000035 0.000022 0.000014 0.000009 0.000006 0.000003 0.000002 0.000001 0.000001 0.000000 0.000000 0.000000 0.000000 0.000000 0.000000 0.000000 0.000000 0.000000 0.000000 0.000000 0.000000 0.000000 0.000000 0.000000 
0.000000 0.000000 0.000000 0.000000 0.000000 0.000000 0.000000 0.000000 0.000000 0.000000 0.000000 0.000000 0.000000 0.000000 0.000000 0.000001 0.000001 0.000002 0.000004 0.000006 0.000010 0.000016 0.000025 0.000040 0.000061 0.000092 0.000138 0.000202 0.000292 0.000416 0.000581 0.000800 0.001084 0.001445 0.001894 0.002443 0.003101 0.003872 0.004756 0.005747 0.006831 0.007988 0.009189 0.010398 0.011575 0.012673 0.013650 0.014461 0.015070 0.015447 0.015575 0.015447 0.015070 0.014461 0.013650 0.012673 0.011575 0.010398 0.009189 0.007988 0.006831 0.005747 0.004756 0.003872 0.003101 0.002443 0.001894 0.001445 0.001084 0.000800 0.000581 0.000416 0.000292 0.000202 0.000138 0.000092 0.000061 0.000040 0.000025 0.000016 0.000010 0.000006 0.000004 0.000002 0.000001 0.000001 0.000000 0.000000 0.000000 0.000000 0.000000 0.000000 0.000000 0.000000 0.000000 0.000000 0.000000 0.000000 0.000000 0.000000 
0.000000 0.000000 0.000000 0.000000 0.000000 0.000000 0.000000 0.000000 0.000000 0.000000 0.000000 0.000000 0.000000 0.000000 0.000001 0.000001 0.000002 0.000004 0.000006 0.000010 0.000017 0.000028 0.000044 0.000069 0.000106 0.000160 0.000239 0.000350 0.000506 0.000719 0.001005 0.001382 0.001871 0.002492 0.003267 0.004212 0.005343 0.006669 0.008189 0.009892 0.011756 0.013744 0.015806 0.017882 0.019901 0.021787 0.023462 0.024854 0.025899 0.026546 0.026766 0.026546 0.025899 0.024854 0.023462 0.021787 0.019901 0.017882 0.015806 0.013744 0.011756 0.009892 0.008189 0.006669 0.005343 0.004212 0.003267 0.002492 0.001871 0.001382 0.001005 0.000719 0.000506 0.000350 0.000239 0.000160 0.000106 0.000069 0.000044 0.000028 0.000017 0.000010 0.000006 0.000004 0.000002 0.000001 0.000001 0.000000 0.000000 0.000000 0.000000 0.000000 0.000000 0.000000 0.000000 0.000000 0.000000 0.000000 0.000000 0.000000 
0.000000 0.000000 0.000000 0.000000 0.000000 0.000000 0.000000 0.000000 0.000000 0.000000 0.000000 0.000000 0.000000 0.000001 0.000001 0.000002 0.000004 0.000006 0.000011 0.000018 0.000029 0.000047 0.000075 0.000117 0.000181 0.000273 0.000407 0.000597 0.000862 0.001223 0.001710 0.002351 0.003181 0.004235 0.005548 0.007151 0.009068 0.011314 0.013888 0.016772 0.019926 0.023288 0.026777 0.030288 0.033702 0.036890 0.039722 0.042074 0.043840 0.044934 0.045305 0.044934 0.043840 0.042074 0.039722 0.036890 0.033702 0.030288 0.026777 0.023288 0.019926 0.016772 0.013888 0.011314 0.009068 0.007151 0.005548 0.004235 0.003181 0.002351 0.001710 0.001223 0.000862 0.000597 0.000407 0.000273 0.000181 0.000117 0.000075 0.000047 0.000029 0.000018 0.000011 0.000006 0.000004 0.000002 0.000001 0.000001 0.000000 0.000000 0.000000 0.000000 0.000000 0.000000 0.000000 0.000000 0.000000 0.000000 0.000000 0.000000 
0.000000 0.000000 0.000000 0.000000 0.000000 0.000000 0.000000 0.000000 0.000000 0.000000 0.000000 0.000000 0.000001 0.000001 0.000002 0.000004 0.000006 0.000011 0.000018 0.000030 0.000049 0.000080 0.000126 0.000198 0.000304 0.000459 0.000684 0.001002 0.001445 0.002051 0.002865 0.003938 0.005326 0.007087 0.009280 0.011957 0.015157 0.018904 0.023197 0.028005 0.033262 0.038866 0.044678 0.050526 0.056211 0.061520 0.066235 0.070151 0.073090 0.074912 0.075530 0.074912 0.073090 0.070151 0.066235 0.061520 0.056211 0.050526 0.044678 0.038866 0.033262 0.028005 0.023197 0.018904 0.015157 0.011957 0.009280 0.007087 0.005326 0.003938 0.002865 0.002051 0.001445 0.001002 0.000684 0.000459 0.000304 0.000198 0.000126 0.000080 0.000049 0.000030 0.000018 0.000011 0.000006 0.000004 0.000002 0.000001 0.000001 0.000000 0.000000 0.000000 0.000000 0.000000 0.000000 0.000000 0.000000 0.000000 0.000000 0.000000 
0.000000 0.000000 0.000000 0.000000 0.000000 0.000000 0.000000 0.000000 0.000000 0.000000 0.000000 0.000001 0.000001 0.000002 0.000003 0.000006 0.000010 0.000018 0.000030 0.000050 0.000082 0.000132 0.000210 0.000327 0.000503 0.000760 0.001131 0.001656 0.002388 0.003387 0.004728 0.006495 0.008780 0.011679 0.015287 0.019688 0.024948 0.031105 0.038157 0.046051 0.054682 0.063880 0.073417 0.083011 0.092336 0.101042 0.108774 0.115196 0.120014 0.123001 0.124013 0.123001 0.120014 0.115196 0.108774 0.101042 0.092336 0.083011 0.073417 0.063880 0.054682 0.046051 0.038157 0.031105 0.024948 0.019688 0.015287 0.011679 0.008780 0.006495 0.004728 0.003387 0.002388 0.001656 0.001131 0.000760 0.000503 0.000327 0.000210 0.000132 0.000082 0.000050 0.000030 0.000018 0.000010 0.000006 0.000003 0.000002 0.000001 0.000001 0.000000 0.000000 0.000000 0.000000 0.000000 0.000000 0.000000 0.000000 0.000000 0.000000 
0.000000 0.000000 0.000000 0.000000 0.000000 0.000000 0.000000 0.000000 0.000000 0.000000 0.000000 0.000001 0.000002 0.000003 0.000006 0.000010 0.000017 0.000029 0.000049 0.000082 0.000134 0.000216 0.000342 0.000534 0.000820 0.001238 0.001842 0.002696 0.003884 0.005506 0.007683 0.010549 0.014254 0.018952 0.024796 0.031923 0.040438 0.050401 0.061809 0.074576 0.088530 0.103397 0.118810 0.134310 0.149375 0.163437 0.175924 0.186294 0.194073 0.198897 0.200531 0.198897 0.194073 0.186294 0.175924 0.163437 0.149375 0.134310 0.118810 0.103397 0.088530 0.074576 0.061809 0.050401 0.040438 0.031923 0.024796 0.018952 0.014254 0.010549 0.007683 0.005506 0.003884 0.002696 0.001842 0.001238 0.000820 0.000534 0.000342 0.000216 0.000134 0.000082 0.000049 0.000029 0.000017 0.000010 0.000006 0.000003 0.000002 0.000001 0.000000 0.000000 0.000000 0.000000 0.000000 0.000000 0.000000 0.000000 0.000000 0.000000 
0.000000 0.000000 0.000000 0.000000 0.000000 0.000000 0.000000 0.000000 0.000000 0.000000 0.000001 0.000001 0.000003 0.000005 0.000009 0.000016 0.000028 0.000047 0.000080 0.000132 0.000216 0.000348 0.000550 0.000858 0.001316 0.001987 0.002953 0.004320 0.006220 0.008814 0.012292 0.016871 0.022786 0.030284 0.039607 0.050971 0.064545 0.080422 0.098594 0.118928 0.141145 0.164811 0.189339 0.214004 0.237970 0.260339 0.280199 0.296690 0.309062 0.316732 0.319331 0.316732 0.309062 0.296690 0.280199 0.260339 0.237970 0.214004 0.189339 0.164811 0.141145 0.118928 0.098594 0.080422 0.064545 0.050971 0.039607 0.030284 0.022786 0.016871 0.012292 0.008814 0.006220 0.004320 0.002953 0.001987 0.001316 0.000858 0.000550 0.000348 0.000216 0.000132 0.000080 0.000047 0.000028 0.000016 0.000009 0.000005 0.000003 0.000001 0.000001 0.000000 0.000000 0.000000 0.000000 0.000000 0.000000 0.000000 0.000000 0.000000 
0.000000 0.000000 0.000000 0.000000 0.000000 0.000000 0.000000 0.000000 0.000000 0.000001 0.000001 0.000002 0.000004 0.000008 0.000014 0.000025 0.000044 0.000075 0.000126 0.000210 0.000342 0.000550 0.000871 0.001356 0.002079 0.003138 0.004661 0.006815 0.009808 0.013892 0.019365 0.026565 0.035864 0.047647 0.062292 0.080136 0.101443 0.126358 0.154866 0.186757 0.221591 0.258690 0.297131 0.335779 0.373327 0.408367 0.439475 0.465303 0.484678 0.496689 0.500759 0.496689 0.484678 0.465303 0.439475 0.408367 0.373327 0.335779 0.297131 0.258690 0.221591 0.186757 0.154866 0.126358 0.101443 0.080136 0.062292 0.047647 0.035864 0.026565 0.019365 0.013892 0.009808 0.006815 0.004661 0.003138 0.002079 0.001356 0.000871 0.000550 0.000342 0.000210 0.000126 0.000075 0.000044 0.000025 0.000014 0.000008 0.000004 0.000002 0.000001 0.000001 0.000000 0.000000 0.000000 0.000000 0.000000 0.000000 0.000000 0.000000 
0.000000 0.000000 0.000000 0.000000 0.000000 0.000000 0.000000 0.000000 0.000001 0.000001 0.000002 0.000004 0.000007 0.000013 0.000022 0.000040 0.000069 0.000117 0.000198 0.000327 0.000534 0.000858 0.001356 0.002111 0.003234 0.004879 0.007243 0.010586 0.015226 0.021556 0.030035 0.041186 0.055580 0.073812 0.096463 0.124054 0.156988 0.195486 0.239524 0.288774 0.342558 0.399824 0.459151 0.518786 0.576716 0.630769 0.678751 0.718585 0.748465 0.766987 0.773263 0.766987 0.748465 0.718585 0.678751 0.630769 0.576716 0.518786 0.459151 0.399824 0.342558 0.288774 0.239524 0.195486 0.156988 0.124054 0.096463 0.073812 0.055580 0.041186 0.030035 0.021556 0.015226 0.010586 0.007243 0.004879 0.003234 0.002111 0.001356 0.000858 0.000534 0.000327 0.000198 0.000117 0.000069 0.000040 0.000022 0.000013 0.000007 0.000004 0.000002 0.000001 0.000001 0.000000 0.000000 0.000000 0.000000 0.000000 0.000000 0.000000 
0.000000 0.000000 0.000000 0.000000 0.000000 0.000000 0.000000 0.000000 0.000001 0.000002 0.000003 0.000006 0.000011 0.000019 0.000035 0.000061 0.000106 0.000181 0.000304 0.000503 0.000820 0.001316 0.002079 0.003234 0.004953 0.007467 0.011082 0.016187 0.023272 0.032931 0.045864 0.062865 0.084803 0.112579 0.147076 0.189082 0.239205 0.297779 0.364764 0.439657 0.521426 0.608470 0.698630 0.789242 0.877249 0.959357 1.032234 1.092732 1.138108 1.166236 1.175765 1.166236 1.138108 1.092732 1.032234 0.959357 0.877249 0.789242 0.698630 0.608470 0.521426 0.439657 0.364764 0.297779 0.239205 0.189082 0.147076 0.112579 0.084803 0.062865 0.045864 0.032931 0.023272 0.016187 0.011082 0.007467 0.004953 0.003234 0.002079 0.001316 0.000820 0.000503 0.000304 0.000181 0.000106 0.000061 0.000035 0.000019 0.000011 0.000006 0.000003 0.000002 0.000001 0.000000 0.000000 0.000000 0.000000 0.000000 0.000000 0.000000 
0.000000 0.000000 0.000000 0.000000 0.000000 0.000000 0.000000 0.000001 0.000001 0.000002 0.000005 0.000009 0.000016 0.000029 0.000052 0.000092 0.000160 0.000273 0.000459 0.000760 0.001238 0.001987 0.003138 0.004879 0.007467 0.011252 0.016689 0.024366 0.035016 0.049528 0.068949 0.094470 0.127389 0.169053 0.220779 0.283745 0.358855 0.446604 0.546926 0.659065 0.781470 0.911746 1.046660 1.182229 1.313881 1.436693 1.545688 1.636160 1.704014 1.746073 1.760323 1.746073 1.704014 1.636160 1.545688 1.436693 1.313881 1.182229 1.046660 0.911746 0.781470 0.659065 0.546926 0.446604 0.358855 0.283745 0.220779 0.169053 0.127389 0.094470 0.068949 0.049528 0.035016 0.024366 0.016689 0.011252 0.007467 0.004879 0.003138 0.001987 0.001238 0.000760 0.000459 0.000273 0.000160 0.000092 0.000052 0.000029 0.000016 0.000009 0.000005 0.000002 0.000001 0.000001 0.000000 0.000000 0.000000 0.000000 0.000000 0.000000 
0.000000 0.000000 0.000000 0.000000 0.000000 0.000000 0.000000 0.000001 0.000002 0.000004 0.000007 0.000013 0.000024 0.000044 0.000078 0.000138 0.000239 0.000407 0.000684 0.001131 0.001842 0.002953 0.004661 0.007243 0.011082 0.016689 0.024742 0.036107 0.051865 0.073329 0.102043 0.139759 0.188390 0.249919 0.326282 0.419208 0.530026 0.659455 0.807390 0.972711 1.153128 1.345109 1.543889 1.743601 1.937517 2.118392 2.278899 2.412120 2.512030 2.573956 2.594936 2.573956 2.512030 2.412120 2.278899 2.118392 1.937517 1.743601 1.543889 1.345109 1.153128 0.972711 0.807390 0.659455 0.530026 0.419208 0.326282 0.249919 0.188390 0.139759 0.102043 0.073329 0.051865 0.036107 0.024742 0.016689 0.011082 0.007243 0.004661 0.002953 0.001842 0.001131 0.000684 0.000407 0.000239 0.000138 0.000078 0.000044 0.000024 0.000013 0.000007 0.000004 0.000002 0.000001 0.000000 0.000000 0.000000 0.000000 0.000000 0.000000 
0.000000 0.000000 0.000000 0.000000 0.000000 0.000000 0.000001 0.000001 0.000003 0.000005 0.000010 0.000019 0.000036 0.000064 0.000115 0.000202 0.000350 0.000597 0.001002 0.001656 0.002696 0.004320 0.006815 0.010586 0.016187 0.024366 0.036107 0.052668 0.075621 0.106874 0.148666 0.203540 0.274268 0.363725 0.474714 0.609735 0.770706 0.958661 1.173439 1.413403 1.675224 1.953773 2.242138 2.531813 2.813042 3.075327 3.308056 3.501205 3.646052 3.735827 3.766241 3.735827 3.646052 3.501205 3.308056 3.075327 2.813042 2.531813 2.242138 1.953773 1.675224 1.413403 1.173439 0.958661 0.770706 0.609735 0.474714 0.363725 0.274268 0.203540 0.148666 0.106874 0.075621 0.052668 0.036107 0.024366 0.016187 0.010586 0.006815 0.004320 0.002696 0.001656 0.001002 0.000597 0.000350 0.000202 0.000115 0.000064 0.000036 0.000019 0.000010 0.000005 0.000003 0.000001 0.000001 0.000000 0.000000 0.000000 0.000000 0.000000 
0.000000 0.000000 0.000000 0.000000 0.000000 0.000001 0.000001 0.000002 0.000004 0.000008 0.000015 0.000028 0.000052 0.000093 0.000166 0.000292 0.000506 0.000862 0.001445 0.002388 0.003884 0.006220 0.009808 0.015226 0.023272 0.035016 0.051865 0.075621 0.108535 0.153330 0.213209 0.291804 0.393070 0.521111 0.679922 0.873063 1.103262 1.371982 1.678978 2.021898 2.395980 2.793889 3.205753 3.619426 4.020987 4.395458 4.727701 5.003420 5.210175 5.338316 5.381728 5.338316 5.210175 5.003420 4.727701 4.395458 4.020987 3.619426 3.205753 2.793889 2.395980 2.021898 1.678978 1.371982 1.103262 0.873063 0.679922 0.521111 0.393070 0.291804 0.213209 0.153330 0.108535 0.075621 0.051865 0.035016 0.023272 0.015226 0.009808 0.006220 0.003884 0.002388 0.001445 0.000862 0.000506 0.000292 0.000166 0.000093 0.000052 0.000028 0.000015 0.000008 0.000004 0.000002 0.000001 0.000001 0.000000 0.000000 0.000000 0.000000 
0.000000 0.000000 0.000000 0.000000 0.000000 0.000001 0.000002 0.000003 0.000006 0.000011 0.000021 0.000040 0.000073 0.000133 0.000237 0.000416 0.000719 0.001223 0.002051 0.003387 0.005506 0.008814 0.013892 0.021556 0.032931 0.049528 0.073329 0.106874 0.153330 0.216533 0.300987 0.411800 0.554532 0.734945 0.958649 1.230635 1.554722 1.932949 2.364952 2.847408 3.373603 3.933217 4.512366 5.093978 5.658492 6.184868 6.651845 7.039348 7.329913 7.509991 7.570997 7.509991 7.329913 7.039348 6.651845 6.184868 5.658492 5.093978 4.512366 3.933217 3.373603 2.847408 2.364952 1.932949 1.554722 1.230635 0.958649 0.734945 0.554532 0.411800 0.300987 0.216533 0.153330 0.106874 0.073329 0.049528 0.032931 0.021556 0.013892 0.008814 0.005506 0.003387 0.002051 0.001223 0.000719 0.000416 0.000237 0.000133 0.000073 0.000040 0.000021 0.000011 0.000006 0.000003 0.000002 0.000001 0.000000 0.000000 0.000000 0.000000 
0.000000 0.000000 0.000000 0.000000 0.000001 0.000001 0.000002 0.000004 0.000008 0.000016 0.000030 0.000056 0.000103 0.000186 0.000331 0.000581 0.001005 0.001710 0.002865 0.004728 0.007683 0.012292 0.019365 0.030035 0.045864 0.068949 0.102043 0.148666 0.213209 0.300987 0.418240 0.572037 0.770072 1.020314 1.330514 1.707566 2.156734 2.680815 3.279280 3.947505 4.676179 5.451001 6.252752 7.057805 7.839101 8.567539 9.213723 9.749899 10.151924 10.401071 10.485475 10.401071 10.151924 9.749899 9.213723 8.567539 7.839101 7.057805 6.252752 5.451001 4.676179 3.947505 3.279280 2.680815 2.156734 1.707566 1.330514 1.020314 0.770072 0.572037 0.418240 0.300987 0.213209 0.148666 0.102043 0.068949 0.045864 0.030035 0.019365 0.012292 0.007683 0.004728 0.002865 0.001710 0.001005 0.000581 0.000331 0.000186 0.000103 0.000056 0.000030 0.000016 0.000008 0.000004 0.000002 0.000001 0.000001 0.000000 0.000000 0.000000 
0.000000 0.000000 0.000000 0.000000 0.000001 0.000001 0.000003 0.000006 0.000011 0.000022 0.000041 0.000077 0.000142 0.000256 0.000456 0.000800 0.001382 0.002351 0.003938 0.006495 0.010549 0.016871 0.026565 0.041186 0.062865 0.094470 0.139759 0.203540 0.291804 0.411800 0.572037 0.782150 1.052617 1.394289 1.817714 2.332261 2.945078 3.659943 4.476102 5.387224 6.380596 7.436711 8.529376 9.626403 10.690936 11.683357 12.563645 13.294024 13.841637 14.180998 14.295962 14.180998 13.841637 13.294024 12.563645 11.683357 10.690936 9.626403 8.529376 7.436711 6.380596 5.387224 4.476102 3.659943 2.945078 2.332261 1.817714 1.394289 1.052617 0.782150 0.572037 0.411800 0.291804 0.203540 0.139759 0.094470 0.062865 0.041186 0.026565 0.016871 0.010549 0.006495 0.003938 0.002351 0.001382 0.000800 0.000456 0.000256 0.000142 0.000077 0.000041 0.000022 0.000011 0.000006 0.000003 0.000001 0.000001 0.000000 0.000000 0.000000 
0.000000 0.000000 0.000000 0.000000 0.000001 0.000002 0.000004 0.000008 0.000016 0.000030 0.000056 0.000105 0.000192 0.000348 0.000618 0.001084 0.001871 0.003181 0.005326 0.008780 0.014254 0.022786 0.035864 0.055580 0.084803 0.127389 0.188390 0.274268 0.393070 0.554532 0.770072 1.052617 1.416219 1.875423 2.444356 3.135560 3.958588 4.918465 6.014143 7.237085 8.570205 9.987315 11.453269 12.924898 14.352789 15.683831 16.864391 17.843849 18.578179 19.033237 19.187392 19.033237 18.578179 17.843849 16.864391 15.683831 14.352789 12.924898 11.453269 9.987315 8.570205 7.237085 6.014143 4.918465 3.958588 3.135560 2.444356 1.875423 1.416219 1.052617 0.770072 0.554532 0.393070 0.274268 0.188390 0.127389 0.084803 0.055580 0.035864 0.022786 0.014254 0.008780 0.005326 0.003181 0.001871 0.001084 0.000618 0.000348 0.000192 0.000105 0.000056 0.000030 0.000016 0.000008 0.000004 0.000002 0.000001 0.000001 0.000000 0.000000 
0.000000 0.000000 0.000000 0.000001 0.000001 0.000003 0.000005 0.000011 0.000021 0.000040 0.000075 0.000140 0.000257 0.000464 0.000825 0.001445 0.002492 0.004235 0.007087 0.011679 0.018952 0.030284 0.047647 0.073812 0.112579 0.169053 0.249919 0.363725 0.521111 0.734945 1.020314 1.394289 1.875423 2.482905 3.235369 4.149339 5.237385 6.506096 7.954031 9.569871 11.331010 13.202840 15.138938 17.082310 18.967734 20.725127 22.283725 23.576750 24.546130 25.146828 25.350318 25.146828 24.546130 23.576750 22.283725 20.725127 18.967734 17.082310 15.138938 13.202840 11.331010 9.569871 7.954031 6.506096 5.237385 4.149339 3.235369 2.482905 1.875423 1.394289 1.020314 0.734945 0.521111 0.363725 0.249919 0.169053 0.112579 0.073812 0.047647 0.030284 0.018952 0.011679 0.007087 0.004235 0.002492 0.001445 0.000825 0.000464 0.000257 0.000140 0.000075 0.000040 0.000021 0.000011 0.000005 0.000003 0.000001 0.000001 0.000000 0.000000 
0.000000 0.000000 0.000000 0.000001 0.000002 0.000004 0.000007 0.000014 0.000027 0.000052 0.000099 0.000184 0.000337 0.000608 0.001082 0.001894 0.003267 0.005548 0.009280 0.015287 0.024796 0.039607 0.062292 0.096463 0.147076 0.220779 0.326282 0.474714 0.679922 0.958649 1.330514 1.817714 2.444356 3.235369 4.214942 5.404511 6.820364 8.471003 10.354491 12.456053 14.746252 17.180068 19.697143 22.223402 24.674102 26.958201 28.983789 30.664141 31.923849 32.704436 32.968859 32.704436 31.923849 30.664141 28.983789 26.958201 24.674102 22.223402 19.697143 17.180068 14.746252 12.456053 10.354491 8.471003 6.820364 5.404511 4.214942 3.235369 2.444356 1.817714 1.330514 0.958649 0.679922 0.474714 0.326282 0.220779 0.147076 0.096463 0.062292 0.039607 0.024796 0.015287 0.009280 0.005548 0.003267 0.001894 0.001082 0.000608 0.000337 0.000184 0.000099 0.000052 0.000027 0.000014 0.000007 0.000004 0.000002 0.000001 0.000001 0.000001 
0.000000 0.000000 0.000001 0.000001 0.000002 0.000005 0.000009 0.000018 0.000035 0.000068 0.000128 0.000238 0.000435 0.000786 0.001396 0.002443 0.004212 0.007151 0.011957 0.019688 0.031923 0.050971 0.080136 0.124054 0.189082 0.283745 0.419208 0.609735 0.873063 1.230635 1.707566 2.332261 3.135560 4.149339 5.404511 6.928456 8.741947 10.855791 13.267431 15.957887 18.889435 22.004423 25.225607 28.458218 31.593864 34.516125 37.107485 39.257071 40.868488 41.866989 42.205226 41.866989 40.868488 39.257071 37.107485 34.516125 31.593864 28.458218 25.225607 22.004423 18.889435 15.957887 13.267431 10.855791 8.741947 6.928456 5.404511 4.149339 3.135560 2.332261 1.707566 1.230635 0.873063 0.609735 0.419208 0.283745 0.189082 0.124054 0.080136 0.050971 0.031923 0.019688 0.011957 0.007151 0.004212 0.002443 0.001396 0.000786 0.000435 0.000238 0.000128 0.000068 0.000035 0.000018 0.000009 0.000005 0.000002 0.000001 0.000001 0.000001 
0.000000 0.000000 0.000001 0.000001 0.000003 0.000006 0.000012 0.000023 0.000045 0.000086 0.000163 0.000302 0.000553 0.000998 0.001772 0.003101 0.005343 0.009068 0.015157 0.024948 0.040438 0.064545 0.101443 0.156988 0.239205 0.358855 0.530026 0.770706 1.103262 1.554722 2.156734 2.945078 3.958588 5.237385 6.820364 8.741947 11.028223 13.692715 16.732112 20.122422 23.816056 27.740355 31.798007 35.869669 39.818871 43.499063 46.762335 49.469159 51.498232 52.755499 53.181387 52.755499 51.498232 49.469159 46.762335 43.499063 39.818871 35.869669 31.798007 27.740355 23.816056 20.122422 16.732112 13.692715 11.028223 8.741947 6.820364 5.237385 3.958588 2.945078 2.156734 1.554722 1.103262 0.770706 0.530026 0.358855 0.239205 0.156988 0.101443 0.064545 0.040438 0.024948 0.015157 0.009068 0.005343 0.003101 0.001772 0.000998 0.000553 0.000302 0.000163 0.000086 0.000045 0.000023 0.000012 0.000006 0.000003 0.000002 0.000001 0.000001 
0.000001 0.000001 0.000001 0.000002 0.000004 0.000007 0.000015 0.000029 0.000056 0.000108 0.000204 0.000378 0.000692 0.001247 0.002214 0.003872 0.006669 0.011314 0.018904 0.031105 0.050401 0.080422 0.126358 0.195486 0.297779 0.446604 0.659455 0.958661 1.371982 1.932949 2.680815 3.659943 4.918465 6.506096 8.471003 10.855791 13.692715 16.998440 20.768755 24.973816 29.554541 34.420792 39.451906 44.499946 49.395783 53.957824 58.002821 61.357922 63.872870 65.431163 65.959015 65.431163 63.872870 61.357922 58.002821 53.957824 49.395783 44.499946 39.451906 34.420792 29.554541 24.973816 20.768755 16.998440 13.692715 10.855791 8.471003 6.506096 4.918465 3.659943 2.680815 1.932949 1.371982 0.958661 0.659455 0.446604 0.297779 0.195486 0.126358 0.080422 0.050401 0.031105 0.018904 0.011314 0.006669 0.003872 0.002214 0.001247 0.000692 0.000378 0.000204 0.000108 0.000056 0.000029 0.000015 0.000007 0.000004 0.000002 0.000001 0.000001 
0.000001 0.000001 0.000001 0.000002 0.000004 0.000009 0.000018 0.000036 0.000069 0.000133 0.000250 0.000465 0.000851 0.001533 0.002720 0.004756 0.008189 0.013888 0.023197 0.038157 0.061809 0.098594 0.154866 0.239524 0.364764 0.546926 0.807390 1.173439 1.678978 2.364952 3.279280 4.476102 6.014143 7.954031 10.354491 13.267431 16.732112 20.768755 25.372102 30.505623 36.097124 42.036550 48.176633 54.336869 60.310940 65.877361 70.812652 74.906036 77.974298 79.875393 80.519359 79.875393 77.974298 74.906036 70.812652 65.877361 60.310940 54.336869 48.176633 42.036550 36.097124 30.505623 25.372102 20.768755 16.732112 13.267431 10.354491 7.954031 6.014143 4.476102 3.279280 2.364952 1.678978 1.173439 0.807390 0.546926 0.364764 0.239524 0.154866 0.098594 0.061809 0.038157 0.023197 0.013888 0.008189 0.004756 0.002720 0.001533 0.000851 0.000465 0.000250 0.000133 0.000069 0.000036 0.000018 0.000009 0.000005 0.000002 0.000002 0.000002 
0.000001 0.000001 0.000001 0.000003 0.000005 0.000011 0.000022 0.000043 0.000084 0.000161 0.000303 0.000563 0.001029 0.001853 0.003288 0.005747 0.009892 0.016772 0.028005 0.046051 0.074576 0.118928 0.186757 0.288774 0.439657 0.659065 0.972711 1.413403 2.021898 2.847408 3.947505 5.387224 7.237085 9.569871 12.456053 15.957887 20.122422 24.973816 30.505623 36.673840 43.391653 50.526804 57.902385 65.301615 72.476768 79.161933 85.088846 90.004505 93.689014 95.971891 96.745173 95.971891 93.689014 90.004505 85.088846 79.161933 72.476768 65.301615 57.902385 50.526804 43.391653 36.673840 30.505623 24.973816 20.122422 15.957887 12.456053 9.569871 7.237085 5.387224 3.947505 2.847408 2.021898 1.413403 0.972711 0.659065 0.439657 0.288774 0.186757 0.118928 0.074576 0.046051 0.028005 0.016772 0.009892 0.005747 0.003288 0.001853 0.001029 0.000563 0.000303 0.000161 0.000084 0.000043 0.000022 0.000011 0.000006 0.000003 0.000002 0.000002 
0.000001 0.000001 0.000002 0.000003 0.000007 0.000013 0.000026 0.000052 0.000100 0.000192 0.000361 0.000670 0.001224 0.002204 0.003910 0.006831 0.011756 0.019926 0.033262 0.054682 0.088530 0.141145 0.221591 0.342558 0.521426 0.781470 1.153128 1.675224 2.395980 3.373603 4.676179 6.380596 8.570205 11.331010 14.746252 18.889435 23.816056 29.554541 36.097124 43.391653 51.335385 59.771888 68.491999 77.239471 85.721523 93.623933 100.629725 106.439985 110.794925 113.493147 114.407111 113.493147 110.794925 106.439985 100.629725 93.623933 85.721523 77.239471 68.491999 59.771888 51.335385 43.391653 36.097124 29.554541 23.816056 18.889435 14.746252 11.331010 8.570205 6.380596 4.676179 3.373603 2.395980 1.675224 1.153128 0.781470 0.521426 0.342558 0.221591 0.141145 0.088530 0.054682 0.033262 0.019926 0.011756 0.006831 0.003910 0.002204 0.001224 0.000670 0.000361 0.000192 0.000100 0.000052 0.000026 0.000013 0.000007 0.000003 0.000002 0.000002 
0.000001 0.000001 0.000002 0.000004 0.000008 0.000015 0.000031 0.000061 0.000117 0.000225 0.000423 0.000784 0.001433 0.002579 0.004574 0.007988 0.013744 0.023288 0.038866 0.063880 0.103397 0.164811 0.258690 0.399824 0.608470 0.911746 1.345109 1.953773 2.793889 3.933217 5.451001 7.436711 9.987315 13.202840 17.180068 22.004423 27.740355 34.420792 42.036550 50.526804 59.771888 69.589709 79.736862 89.915220 99.784204 108.978338 117.128976 123.888504 128.954826 132.093757 133.156992 132.093757 128.954826 123.888504 117.128976 108.978338 99.784204 89.915220 79.736862 69.589709 59.771888 50.526804 42.036550 34.420792 27.740355 22.004423 17.180068 13.202840 9.987315 7.436711 5.451001 3.933217 2.793889 1.953773 1.345109 0.911746 0.608470 0.399824 0.258690 0.164811 0.103397 0.063880 0.038866 0.023288 0.013744 0.007988 0.004574 0.002579 0.001433 0.000784 0.000423 0.000225 0.000117 0.000061 0.000031 0.000015 0.000008 0.000004 0.000003 0.000003 
0.000001 0.000001 0.000002 0.000004 0.000009 0.000018 0.000035 0.000070 0.000135 0.000259 0.000487 0.000903 0.001649 0.002968 0.005262 0.009189 0.015806 0.026777 0.044678 0.073417 0.118810 0.189339 0.297131 0.459151 0.698630 1.046660 1.543889 2.242138 3.205753 4.512366 6.252752 8.529376 11.453269 15.138938 19.697143 25.225607 31.798007 39.451906 48.176633 57.902385 68.491999 79.736862 91.358199 103.014625 114.316199 124.844522 134.177598 141.917536 147.718563 151.312642 152.530040 151.312642 147.718563 141.917536 134.177598 124.844522 114.316199 103.014625 91.358199 79.736862 68.491999 57.902385 48.176633 39.451906 31.798007 25.225607 19.697143 15.138938 11.453269 8.529376 6.252752 4.512366 3.205753 2.242138 1.543889 1.046660 0.698630 0.459151 0.297131 0.189339 0.118810 0.073417 0.044678 0.026777 0.015806 0.009189 0.005262 0.002968 0.001649 0.000903 0.000487 0.000259 0.000135 0.000070 0.000036 0.000018 0.000009 0.000005 0.000003 0.000003 
