0.000000 0.000000 0.000000 0.000000 0.000000 0.000000 0.000000 0.000000 0.000000 0.000000 0.000000 0.000000 0.000000 0.000000 0.000000 0.000000 0.000000 0.000000 0.000000 0.000000 0.000000 0.000000 0.000000 0.000000 0.000000 0.000000 0.000000 0.000000 0.000000 0.000000 0.000000 0.000000 0.000000 0.000000 0.000000 0.000000 0.000000 0.000000 0.000000 0.000000 0.000000 0.000000 0.000000 0.000000 0.000000 0.000000 0.000000 0.000000 0.000000 0.000000 0.000000 0.000000 0.000000 0.000000 0.000000 0.000000 0.000000 0.000000 0.000000 0.000000 0.000000 0.000000 0.000000 0.000000 0.000000 0.000000 0.000000 0.000000 0.000000 0.000000 0.000000 0.000000 0.000000 0.000000 0.000000 0.000000 0.000000 0.000000 0.000000 0.000000 0.000000 0.000000 0.000000 0.000000 0.000000 0.000000 0.000000 0.000000 0.000000 0.000000 0.000000 0.000000 0.000000 0.000000 0.000000 0.000000 0.000000 0.000000 0.000000 0.000000 
0.000000 0.000000 0.000000 0.000000 0.000000 0.000000 0.000000 0.000000 0.000000 0.000000 0.000000 0.000000 0.000000 0.000000 0.000000 0.000000 0.000000 0.000000 0.000000 0.000000 0.000000 0.000000 0.000000 0.000000 0.000000 0.000000 0.000000 0.000000 0.000000 0.000000 0.000000 0.000000 0.000000 0.000000 0.000000 0.000000 0.000000 0.000000 0.000000 0.000000 0.000000 0.000000 0.000000 0.000000 0.000000 0.000000 0.000000 0.000000 0.000000 0.000000 0.000000 0.000000 0.000000 0.000000 0.000000 0.000000 0.000000 0.000000 0.000000 0.000000 0.000000 0.000000 0.000000 0.000000 0.000000 0.000000 0.000000 0.000000 0.000000 0.000000 0.000000 0.000000 0.000000 0.000000 0.000000 0.000000 0.000000 0.000000 0.000000 0.000000 0.000000 0.000000 0.000000 0.000000 0.000000 0.000000 0.000000 0.000000 0.000000 0.000000 0.000000 0.000000 0.000000 0.000000 0.000000 0.000000 0.000000 0.000000 0.000000 0.000000 
0.000000 0.000000 0.000000 0.000000 0.000000 0.000000 0.000000 0.000000 0.000000 0.000000 0.000000 0.000000 0.000000 0.000000 0.000000 0.000000 0.000000 0.000000 0.000000 0.000000 0.000000 0.000000 0.000000 0.000000 0.000000 0.000000 0.000000 0.000000 0.000000 0.000000 0.000000 0.000000 0.000000 0.000000 0.000000 0.000000 0.000000 0.000000 0.000000 0.000000 0.000000 0.000000 0.000000 0.000000 0.000000 0.000000 0.000000 0.000000 0.000000 0.000000 0.000000 0.000000 0.000000 0.000000 0.000000 0.000000 0.000000 0.000000 0.000000 0.000000 0.000000 0.000000 0.000000 0.000000 0.000000 0.000000 0.000000 0.000000 0.000000 0.000000 0.000000 0.000000 0.000000 0.000000 0.000000 0.000000 0.000000 0.000000 0.000000 0.000000 0.000000 0.000000 0.000000 0.000000 0.000000 0.000000 0.000000 0.000000 0.000000 0.000000 0.000000 0.000000 0.000000 0.000000 0.000000 0.000000 0.000000 0.000000 0.000000 0.000000 
0.000000 0.000000 0.000000 0.000000 0.000000 0.000000 0.000000 0.000000 0.000000 0.000000 0.000000 0.000000 0.000000 0.000000 0.000000 0.000000 0.000000 0.000000 0.000000 0.000000 0.000000 0.000000 0.000000 0.000000 0.000000 0.000000 0.000000 0.000000 0.000000 0.000000 0.000000 0.000000 0.000000 0.000000 0.000000 0.000000 0.000000 0.000000 0.000000 0.000000 0.000000 0.000000 0.000000 0.000000 0.000000 0.000000 0.000000 0.000000 0.000000 0.000000 0.000000 0.000000 0.000000 0.000000 0.000000 0.000000 0.000000 0.000000 0.000000 0.000000 0.000000 0.000000 0.000000 0.000000 0.000000 0.000000 0.000000 0.000000 0.000000 0.000000 0.000000 0.000000 0.000000 0.000000 0.000000 0.000000 0.000000 0.000000 0.000000 0.000000 0.000000 0.000000 0.000000 0.000000 0.000000 0.000000 0.000000 0.000000 0.000000 0.000000 0.000000 0.000000 0.000000 0.000000 0.000000 0.000000 0.000000 0.000000 0.000000 0.000000 
0.000000 0.000000 0.000000 0.000000 0.000000 0.000000 0.000000 0.000000 0.000000 0.000000 0.000000 0.000000 0.000000 0.000000 0.000000 0.000000 0.000000 0.000000 0.000000 0.000000 0.000000 0.000000 0.000000 0.000000 0.000000 0.000000 0.000000 0.000000 0.000000 0.000000 0.000000 0.000000 0.000000 0.000000 0.000000 0.000000 0.000000 0.000000 0.000000 0.000000 0.000000 0.000000 0.000000 0.000000 0.000000 0.000000 0.000000 0.000000 0.000000 0.000000 0.000000 0.000000 0.000000 0.000000 0.000000 0.000000 0.000000 0.000000 0.000000 0.000000 0.000000 0.000000 0.000000 0.000000 0.000000 0.000000 0.000000 0.000000 0.000000 0.000000 0.000000 0.000000 0.000000 0.000000 0.000000 0.000000 0.000000 0.000000 0.000000 0.000000 0.000000 0.000000 0.000000 0.000000 0.000000 0.000000 0.000000 0.000000 0.000000 0.000000 0.000000 0.000000 0.000000 0.000000 0.000000 0.000000 0.000000 0.000000 0.000000 0.000000 
0.000000 0.000000 0.000000 0.000000 0.000000 0.000000 0.000000 0.000000 0.000000 0.000000 0.000000 0.000000 0.000000 0.000000 0.000000 0.000000 0.000000 0.000000 0.000000 0.000000 0.000000 0.000000 0.000000 0.000000 0.000000 0.000000 0.000000 0.000000 0.000000 0.000000 0.000000 0.000000 0.000000 0.000000 0.000000 0.000000 0.000000 0.000000 0.000000 0.000000 0.000000 0.000000 0.000000 0.000000 0.000000 0.000000 0.000000 0.000000 0.000000 0.000000 0.000000 0.000000 0.000000 0.000000 0.000000 0.000000 0.000000 0.000000 0.000000 0.000000 0.000000 0.000000 0.000000 0.000000 0.000000 0.000000 0.000000 0.000000 0.000000 0.000000 0.000000 0.000000 0.000000 0.000000 0.000000 0.000000 0.000000 0.000000 0.000000 0.000000 0.000000 0.000000 0.000000 0.000000 0.000000 0.000000 0.000000 0.000000 0.000000 0.000000 0.000000 0.000000 0.000000 0.000000 0.000000 0.000000 0.000000 0.000000 0.000000 0.000000 
0.000000 0.000000 0.000000 0.000000 0.000000 0.000000 0.000000 0.000000 0.000000 0.000000 0.000000 0.000000 0.000000 0.000000 0.000000 0.000000 0.000000 0.000000 0.000000 0.000000 0.000000 0.000000 0.000000 0.000000 0.000000 0.000000 0.000000 0.000000 0.000000 0.000000 0.000000 0.000000 0.000000 0.000000 0.000000 0.000000 0.000000 0.000000 0.000000 0.000000 0.000000 0.000000 0.000000 0.000000 0.000000 0.000000 0.000000 0.000000 0.000000 0.000000 0.000000 0.000000 0.000000 0.000000 0.000000 0.000000 0.000000 0.000000 0.000000 0.000000 0.000000 0.000000 0.000000 0.000000 0.000000 0.000000 0.000000 0.000000 0.000000 0.000000 0.000000 0.000000 0.000000 0.000000 0.000000 0.000000 0.000000 0.000000 0.000000 0.000000 0.000000 0.000000 0.000000 0.000000 0.000000 0.000000 0.000000 0.000000 0.000000 0.000000 0.000000 0.000000 0.000000 0.000000 0.000000 0.000000 0.000000 0.000000 0.000000 0.000000 
0.000000 0.000000 0.000000 0.000000 0.000000 0.000000 0.000000 0.000000 0.000000 0.000000 0.000000 0.000000 0.000000 0.000000 0.000000 0.000000 0.000000 0.000000 0.000000 0.000000 0.000000 0.000000 0.000000 0.000000 0.000000 0.000000 0.000000 0.000000 0.000000 0.000000 0.000000 0.000000 0.000000 0.000000 0.000000 0.000000 0.000000 0.000000 0.000000 0.000000 0.000000 0.000000 0.000000 0.000000 0.000000 0.000000 0.000000 0.000000 0.000000 0.000000 0.000000 0.000000 0.000000 0.000000 0.000000 0.000000 0.000000 0.000000 0.000000 0.000000 0.000000 0.000000 0.000000 0.000000 0.000000 0.000000 0.000000 0.000000 0.000000 0.000000 0.000000 0.000000 0.000000 0.000000 0.000000 0.000000 0.000000 0.000000 0.000000 0.000000 0.000000 0.000000 0.000000 0.000000 0.000000 0.000000 0.000000 0.000000 0.000000 0.000000 0.000000 0.000000 0.000000 0.000000 0.000000 0.000000 0.000000 0.000000 0.000000 0.000000 
0.000000 0.000000 0.000000 0.000000 0.000000 0.000000 0.000000 0.000000 0.000000 0.000000 0.000000 0.000000 0.000000 0.000000 0.000000 0.000000 0.000000 0.000000 0.000000 0.000000 0.000000 0.000000 0.000000 0.000000 0.000000 0.000000 0.000000 0.000000 0.000000 0.000000 0.000000 0.000000 0.000000 0.000000 0.000000 0.000000 0.000000 0.000000 0.000000 0.000000 0.000000 0.000000 0.000000 0.000000 0.000000 0.000000 0.000000 0.000000 0.000000 0.000000 0.000000 0.000000 0.000000 0.000000 0.000000 0.000000 0.000000 0.000000 0.000000 0.000000 0.000000 0.000000 0.000000 0.000000 0.000000 0.000000 0.000000 0.000000 0.000000 0.000000 0.000000 0.000000 0.000000 0.000000 0.000000 0.000000 0.000000 0.000000 0.000000 0.000000 0.000000 0.000000 0.000000 0.000000 0.000000 0.000000 0.000000 0.000000 0.000000 0.000000 0.000000 0.000000 0.000000 0.000000 0.000000 0.000000 0.000000 0.000000 0.000000 0.000000 
0.000000 0.000000 0.000000 0.000000 0.000000 0.000000 0.000000 0.000000 0.000000 0.000000 0.000000 0.000000 0.000000 0.000000 0.000000 0.000000 0.000000 0.000000 0.000000 0.000000 0.000000 0.000000 0.000000 0.000000 0.000000 0.000000 0.000000 0.000000 0.000000 0.000000 0.000000 0.000000 0.000000 0.000000 0.000000 0.000000 0.000000 0.000000 0.000000 0.000000 0.000000 0.000000 0.000000 0.000000 0.000000 0.000000 0.000000 0.000000 0.000000 0.000000 0.000000 0.000000 0.000000 0.000000 0.000000 0.000000 0.000000 0.000000 0.000000 0.000000 0.000000 0.000000 0.000000 0.000000 0.000000 0.000000 0.000000 0.000000 0.000000 0.000000 0.000000 0.000000 0.000000 0.000000 0.000000 0.000000 0.000000 0.000000 0.000000 0.000000 0.000000 0.000000 0.000000 0.000000 0.000000 0.000000 0.000000 0.000000 0.000000 0.000000 0.000000 0.000000 0.000000 0.000000 0.000000 0.000000 0.000000 0.000000 0.000000 0.000000 
0.000000 0.000000 0.000000 0.000000 0.000000 0.000000 0.000000 0.000000 0.000000 0.000000 0.000000 0.000000 0.000000 0.000000 0.000000 0.000000 0.000000 0.000000 0.000000 0.000000 0.000000 0.000000 0.000000 0.000000 0.000000 0.000000 0.000000 0.000000 0.000000 0.000000 0.000000 0.000000 0.000000 0.000000 0.000000 0.000000 0.000000 0.000000 0.000000 0.000000 0.000000 0.000000 0.000000 0.000000 0.000000 0.000000 0.000000 0.000000 0.000000 0.000000 0.000000 0.000000 0.000000 0.000000 0.000000 0.000000 0.000000 0.000000 0.000000 0.000000 0.000000 0.000000 0.000000 0.000000 0.000000 0.000000 0.000000 0.000000 0.000000 0.000000 0.000000 0.000000 0.000000 0.000000 0.000000 0.000000 0.000000 0.000000 0.000000 0.000000 0.000000 0.000000 0.000000 0.000000 0.000000 0.000000 0.000000 0.000000 0.000000 0.000000 0.000000 0.000000 0.000000 0.000000 0.000000 0.000000 0.000000 0.000000 0.000000 0.000000 
0.000000 0.000000 0.000000 0.000000 0.000000 0.000000 0.000000 0.000000 0.000000 0.000000 0.000000 0.000000 0.000000 0.000000 0.000000 0.000000 0.000000 0.000000 0.000000 0.000000 0.000000 0.000000 0.000000 0.000000 0.000000 0.000000 0.000000 0.000000 0.000000 0.000000 0.000000 0.000000 0.000000 0.000000 0.000000 0.000000 0.000000 0.000000 0.000000 0.000000 0.000000 0.000000 0.000000 0.000000 0.000000 0.000001 0.000001 0.000001 0.000001 0.000001 0.000001 0.000001 0.000001 0.000001 0.000001 0.000001 0.000000 0.000000 0.000000 0.000000 0.000000 0.000000 0.000000 0.000000 0.000000 0.000000 0.000000 0.000000 0.000000 0.000000 0.000000 0.000000 0.000000 0.000000 0.000000 0.000000 0.000000 0.000000 0.000000 0.000000 0.000000 0.000000 0.000000 0.000000 0.000000 0.000000 0.000000 0.000000 0.000000 0.000000 0.000000 0.000000 0.000000 0.000000 0.000000 0.000000 0.000000 0.000000 0.000000 0.000000 
0.000000 0.000000 0.000000 0.000000 0.000000 0.000000 0.000000 0.000000 0.000000 0.000000 0.000000 0.000000 0.000000 0.000000 0.000000 0.000000 0.000000 0.000000 0.000000 0.000000 0.000000 0.000000 0.000000 0.000000 0.000000 0.000000 0.000000 0.000000 0.000000 0.000000 0.000000 0.000000 0.000000 0.000000 0.000000 0.000000 0.000000 0.000000 0.000000 0.000000 0.000000 0.000001 0.000001 0.000001 0.000001 0.000001 0.000002 0.000002 0.000002 0.000002 0.000002 0.000002 0.000002 0.000002 0.000002 0.000001 0.000001 0.000001 0.000001 0.000001 0.000000 0.000000 0.000000 0.000000 0.000000 0.000000 0.000000 0.000000 0.000000 0.000000 0.000000 0.000000 0.000000 0.000000 0.000000 0.000000 0.000000 0.000000 0.000000 0.000000 0.000000 0.000000 0.000000 0.000000 0.000000 0.000000 0.000000 0.000000 0.000000 0.000000 0.000000 0.000000 0.000000 0.000000 0.000000 0.000000 0.000000 0.000000 0.000000 0.000000 
0.000000 0.000000 0.000000 0.000000 0.000000 0.000000 0.000000 0.000000 0.000000 0.000000 0.000000 0.000000 0.000000 0.000000 0.000000 0.000000 0.000000 0.000000 0.000000 0.000000 0.000000 0.000000 0.000000 0.000000 0.000000 0.000000 0.000000 0.000000 0.000000 0.000000 0.000000 0.000000 0.000000 0.000000 0.000000 0.000000 0.000000 0.000000 0.000001 0.000001 0.000001 0.000002 0.000002 0.000003 0.000003 0.000004 0.000004 0.000005 0.000005 0.000005 0.000005 0.000005 0.000005 0.000005 0.000004 0.000004 0.000003 0.000003 0.000002 0.000002 0.000001 0.000001 0.000001 0.000000 0.000000 0.000000 0.000000 0.000000 0.000000 0.000000 0.000000 0.000000 0.000000 0.000000 0.000000 0.000000 0.000000 0.000000 0.000000 0.000000 0.000000 0.000000 0.000000 0.000000 0.000000 0.000000 0.000000 0.000000 0.000000 0.000000 0.000000 0.000000 0.000000 0.000000 0.000000 0.000000 0.000000 0.000000 0.000000 0.000000 
0.000000 0.000000 0.000000 0.000000 0.000000 0.000000 0.000000 0.000000 0.000000 0.000000 0.000000 0.000000 0.000000 0.000000 0.000000 0.000000 0.000000 0.000000 0.000000 0.000000 0.000000 0.000000 0.000000 0.000000 0.000000 0.000000 0.000000 0.000000 0.000000 0.000000 0.000000 0.000000 0.000000 0.000000 0.000000 0.000000 0.000001 0.000001 0.000002 0.000002 0.000003 0.000004 0.000005 0.000007 0.000008 0.000010 0.000011 0.000012 0.000013 0.000014 0.000014 0.000014 0.000013 0.000012 0.000011 0.000010 0.000008 0.000007 0.000005 0.000004 0.000003 0.000002 0.000002 0.000001 0.000001 0.000000 0.000000 0.000000 0.000000 0.000000 0.000000 0.000000 0.000000 0.000000 0.000000 0.000000 0.000000 0.000000 0.000000 0.000000 0.000000 0.000000 0.000000 0.000000 0.000000 0.000000 0.000000 0.000000 0.000000 0.000000 0.000000 0.000000 0.000000 0.000000 0.000000 0.000000 0.000000 0.000000 0.000000 0.000000 
0.000000 0.000000 0.000000 0.000000 0.000000 0.000000 0.000000 0.000000 0.000000 0.000000 0.000000 0.000000 0.000000 0.000000 0.000000 0.000000 0.000000 0.000000 0.000000 0.000000 0.000000 0.000000 0.000000 0.000000 0.000000 0.000000 0.000000 0.000000 0.000000 0.000000 0.000000 0.000000 0.000000 0.000000 0.000001 0.000001 0.000002 0.000003 0.000004 0.000006 0.000008 0.000011 0.000014 0.000017 0.000021 0.000024 0.000028 0.000031 0.000033 0.000035 0.000035 0.000035 0.000033 0.000031 0.000028 0.000024 0.000021 0.000017 0.000014 0.000011 0.000008 0.000006 0.000004 0.000003 0.000002 0.000001 0.000001 0.000000 0.000000 0.000000 0.000000 0.000000 0.000000 0.000000 0.000000 0.000000 0.000000 0.000000 0.000000 0.000000 0.000000 0.000000 0.000000 0.000000 0.000000 0.000000 0.000000 0.000000 0.000000 0.000000 0.000000 0.000000 0.000000 0.000000 0.000000 0.000000 0.000000 0.000000 0.000000 0.000000 
0.000000 0.000000 0.000000 0.000000 0.000000 0.000000 0.000000 0.000000 0.000000 0.000000 0.000000 0.000000 0.000000 0.000000 0.000000 0.000000 0.000000 0.000000 0.000000 0.000000 0.000000 0.000000 0.000000 0.000000 0.000000 0.000000 0.000000 0.000000 0.000000 0.000000 0.000000 0.000000 0.000001 0.000001 0.000002 0.000003 0.000005 0.000007 0.000010 0.000014 0.000020 0.000026 0.000034 0.000042 0.000051 0.000060 0.000069 0.000076 0.000082 0.000086 0.000087 0.000086 0.000082 0.000076 0.000069 0.000060 0.000051 0.000042 0.000034 0.000026 0.000020 0.000014 0.000010 0.000007 0.000005 0.000003 0.000002 0.000001 0.000001 0.000000 0.000000 0.000000 0.000000 0.000000 0.000000 0.000000 0.000000 0.000000 0.000000 0.000000 0.000000 0.000000 0.000000 0.000000 0.000000 0.000000 0.000000 0.000000 0.000000 0.000000 0.000000 0.000000 0.000000 0.000000 0.000000 0.000000 0.000000 0.000000 0.000000 0.000000 
0.000000 0.000000 0.000000 0.000000 0.000000 0.000000 0.000000 0.000000 0.000000 0.000000 0.000000 0.000000 0.000000 0.000000 0.000000 0.000000 0.000000 0.000000 0.000000 0.000000 0.000000 0.000000 0.000000 0.000000 0.000000 0.000000 0.000000 0.000000 0.000000 0.000000 0.000001 0.000001 0.000002 0.000003 0.000005 0.000008 0.000012 0.000017 0.000025 0.000035 0.000048 0.000063 0.000081 0.000101 0.000122 0.000144 0.000165 0.000182 0.000196 0.000205 0.000208 0.000205 0.000196 0.000182 0.000165 0.000144 0.000122 0.000101 0.000081 0.000063 0.000048 0.000035 0.000025 0.000017 0.000012 0.000008 0.000005 0.000003 0.000002 0.000001 0.000001 0.000000 0.000000 0.000000 0.000000 0.000000 0.000000 0.000000 0.000000 0.000000 0.000000 0.000000 0.000000 0.000000 0.000000 0.000000 0.000000 0.000000 0.000000 0.000000 0.000000 0.000000 0.000000 0.000000 0.000000 0.000000 0.000000 0.000000 0.000000 0.000000 
0.000000 0.000000 0.000000 0.000000 0.000000 0.000000 0.000000 0.000000 0.000000 0.000000 0.000000 0.000000 0.000000 0.000000 0.000000 0.000000 0.000000 0.000000 0.000000 0.000000 0.000000 0.000000 0.000000 0.000000 0.000000 0.000000 0.000000 0.000000 0.000000 0.000001 0.000001 0.000003 0.000004 0.000007 0.000012 0.000018 0.000028 0.000041 0.000059 0.000083 0.000112 0.000148 0.000190 0.000237 0.000287 0.000338 0.000386 0.000427 0.000460 0.000481 0.000488 0.000481 0.000460 0.000427 0.000386 0.000338 0.000287 0.000237 0.000190 0.000148 0.000112 0.000083 0.000059 0.000041 0.000028 0.000018 0.000012 0.000007 0.000004 0.000003 0.000001 0.000001 0.000000 0.000000 0.000000 0.000000 0.000000 0.000000 0.000000 0.000000 0.000000 0.000000 0.000000 0.000000 0.000000 0.000000 0.000000 0.000000 0.000000 0.000000 0.000000 0.000000 0.000000 0.000000 0.000000 0.000000 0.000000 0.000000 0.000000 0.000000 
0.000000 0.000000 0.000000 0.000000 0.000000 0.000000 0.000000 0.000000 0.000000 0.000000 0.000000 0.000000 0.000000 0.000000 0.000000 0.000000 0.000000 0.000000 0.000000 0.000000 0.000000 0.000000 0.000000 0.000000 0.000000 0.000000 0.000000 0.000001 0.000001 0.000002 0.000003 0.000006 0.000010 0.000017 0.000027 0.000042 0.000064 0.000095 0.000136 0.000190 0.000258 0.000341 0.000437 0.000544 0.000658 0.000773 0.000882 0.000977 0.001051 0.001099 0.001115 0.001099 0.001051 0.000977 0.000882 0.000773 0.000658 0.000544 0.000437 0.000341 0.000258 0.000190 0.000136 0.000095 0.000064 0.000042 0.000027 0.000017 0.000010 0.000006 0.000003 0.000002 0.000001 0.000001 0.000000 0.000000 0.000000 0.000000 0.000000 0.000000 0.000000 0.000000 0.000000 0.000000 0.000000 0.000000 0.000000 0.000000 0.000000 0.000000 0.000000 0.000000 0.000000 0.000000 0.000000 0.000000 0.000000 0.000000 0.000000 0.000000 
0.000000 0.000000 0.000000 0.000000 0.000000 0.000000 0.000000 0.000000 0.000000 0.000000 0.000000 0.000000 0.000000 0.000000 0.000000 0.000000 0.000000 0.000000 0.000000 0.000000 0.000000 0.000000 0.000000 0.000000 0.000000 0.000000 0.000001 0.000001 0.000002 0.000004 0.000008 0.000013 0.000023 0.000038 0.000061 0.000095 0.000144 0.000213 0.000306 0.000427 0.000579 0.000764 0.000978 0.001217 0.001470 0.001726 0.001968 0.002180 0.002345 0.002450 0.002486 0.002450 0.002345 0.002180 0.001968 0.001726 0.001470 0.001217 0.000978 0.000764 0.000579 0.000427 0.000306 0.000213 0.000144 0.000095 0.000061 0.000038 0.000023 0.000013 0.000008 0.000004 0.000002 0.000001 0.000001 0.000000 0.000000 0.000000 0.000000 0.000000 0.000000 0.000000 0.000000 0.000000 0.000000 0.000000 0.000000 0.000000 0.000000 0.000000 0.000000 0.000000 0.000000 0.000000 0.000000 0.000000 0.000000 0.000000 0.000000 0.000000 
0.000000 0.000000 0.000000 0.000000 0.000000 0.000000 0.000000 0.000000 0.000000 0.000000 0.000000 0.000000 0.000000 0.000000 0.000000 0.000000 0.000000 0.000000 0.000000 0.000000 0.000000 0.000000 0.000000 0.000000 0.000000 0.000001 0.000001 0.000003 0.000005 0.000010 0.000017 0.000030 0.000050 0.000083 0.000134 0.000209 0.000317 0.000468 0.000671 0.000936 0.001268 0.001669 0.002136 0.002655 0.003206 0.003762 0.004287 0.004747 0.005105 0.005332 0.005410 0.005332 0.005105 0.004747 0.004287 0.003762 0.003206 0.002655 0.002136 0.001669 0.001268 0.000936 0.000671 0.000468 0.000317 0.000209 0.000134 0.000083 0.000050 0.000030 0.000017 0.000010 0.000005 0.000003 0.000001 0.000001 0.000000 0.000000 0.000000 0.000000 0.000000 0.000000 0.000000 0.000000 0.000000 0.000000 0.000000 0.000000 0.000000 0.000000 0.000000 0.000000 0.000000 0.000000 0.000000 0.000000 0.000000 0.000000 0.000000 0.000000 
0.000000 0.000000 0.000000 0.000000 0.000000 0.000000 0.000000 0.000000 0.000000 0.000000 0.000000 0.000000 0.000000 0.000000 0.000000 0.000000 0.000000 0.000000 0.000000 0.000000 0.000000 0.000000 0.000000 0.000000 0.000001 0.000002 0.000003 0.000006 0.000011 0.000021 0.000037 0.000064 0.000109 0.000180 0.000288 0.000449 0.000681 0.001003 0.001436 0.002000 0.002707 0.003560 0.004550 0.005651 0.006820 0.007997 0.009110 0.010082 0.010839 0.011321 0.011486 0.011321 0.010839 0.010082 0.009110 0.007997 0.006820 0.005651 0.004550 0.003560 0.002707 0.002000 0.001436 0.001003 0.000681 0.000449 0.000288 0.000180 0.000109 0.000064 0.000037 0.000021 0.000011 0.000006 0.000003 0.000002 0.000001 0.000000 0.000000 0.000000 0.000000 0.000000 0.000000 0.000000 0.000000 0.000000 0.000000 0.000000 0.000000 0.000000 0.000000 0.000000 0.000000 0.000000 0.000000 0.000000 0.000000 0.000000 0.000000 0.000000 
0.000000 0.000000 0.000000 0.000000 0.000000 0.000000 0.000000 0.000000 0.000000 0.000000 0.000000 0.000000 0.000000 0.000000 0.000000 0.000000 0.000000 0.000000 0.000000 0.000000 0.000000 0.000000 0.000000 0.000001 0.000002 0.000003 0.000007 0.000013 0.000024 0.000044 0.000078 0.000136 0.000230 0.000378 0.000605 0.000941 0.001424 0.002096 0.002998 0.004169 0.005636 0.007405 0.009456 0.011735 0.014151 0.016583 0.018881 0.020888 0.022451 0.023445 0.023786 0.023445 0.022451 0.020888 0.018881 0.016583 0.014151 0.011735 0.009456 0.007405 0.005636 0.004169 0.002998 0.002096 0.001424 0.000941 0.000605 0.000378 0.000230 0.000136 0.000078 0.000044 0.000024 0.000013 0.000007 0.000003 0.000002 0.000001 0.000000 0.000000 0.000000 0.000000 0.000000 0.000000 0.000000 0.000000 0.000000 0.000000 0.000000 0.000000 0.000000 0.000000 0.000000 0.000000 0.000000 0.000000 0.000000 0.000000 0.000000 0.000000 
0.000000 0.000000 0.000000 0.000000 0.000000 0.000000 0.000000 0.000000 0.000000 0.000000 0.000000 0.000000 0.000000 0.000000 0.000000 0.000000 0.000000 0.000000 0.000000 0.000000 0.000000 0.000000 0.000001 0.000002 0.000003 0.000007 0.000014 0.000026 0.000050 0.000091 0.000161 0.000280 0.000472 0.000776 0.001239 0.001924 0.002907 0.004271 0.006101 0.008474 0.011443 0.015020 0.019163 0.023763 0.028638 0.033539 0.038170 0.042211 0.045358 0.047358 0.048044 0.047358 0.045358 0.042211 0.038170 0.033539 0.028638 0.023763 0.019163 0.015020 0.011443 0.008474 0.006101 0.004271 0.002907 0.001924 0.001239 0.000776 0.000472 0.000280 0.000161 0.000091 0.000050 0.000026 0.000014 0.000007 0.000003 0.000002 0.000001 0.000000 0.000000 0.000000 0.000000 0.000000 0.000000 0.000000 0.000000 0.000000 0.000000 0.000000 0.000000 0.000000 0.000000 0.000000 0.000000 0.000000 0.000000 0.000000 0.000000 0.000000 
0.000000 0.000000 0.000000 0.000000 0.000000 0.000000 0.000000 0.000000 0.000000 0.000000 0.000000 0.000000 0.000000 0.000000 0.000000 0.000000 0.000000 0.000000 0.000000 0.000000 0.000000 0.000001 0.000002 0.000003 0.000007 0.000014 0.000028 0.000053 0.000100 0.000182 0.000324 0.000562 0.000946 0.001550 0.002471 0.003833 0.005783 0.008484 0.012106 0.016795 0.022655 0.029708 0.037871 0.046925 0.056513 0.066149 0.075247 0.083184 0.089363 0.093289 0.094636 0.093289 0.089363 0.083184 0.075247 0.066149 0.056513 0.046925 0.037871 0.029708 0.022655 0.016795 0.012106 0.008484 0.005783 0.003833 0.002471 0.001550 0.000946 0.000562 0.000324 0.000182 0.000100 0.000053 0.000028 0.000014 0.000007 0.000003 0.000002 0.000001 0.000000 0.000000 0.000000 0.000000 0.000000 0.000000 0.000000 0.000000 0.000000 0.000000 0.000000 0.000000 0.000000 0.000000 0.000000 0.000000 0.000000 0.000000 0.000000 0.000000 
0.000000 0.000000 0.000000 0.000000 0.000000 0.000000 0.000000 0.000000 0.000000 0.000000 0.000000 0.000000 0.000000 0.000000 0.000000 0.000000 0.000000 0.000000 0.000000 0.000000 0.000001 0.000001 0.000003 0.000007 0.000014 0.000028 0.000055 0.000105 0.000196 0.000358 0.000635 0.001098 0.001845 0.003019 0.004806 0.007443 0.011213 0.016431 0.023415 0.032449 0.043726 0.057287 0.072966 0.090345 0.108737 0.127207 0.144640 0.159842 0.171673 0.179189 0.181768 0.179189 0.171673 0.159842 0.144640 0.127207 0.108737 0.090345 0.072966 0.057287 0.043726 0.032449 0.023415 0.016431 0.011213 0.007443 0.004806 0.003019 0.001845 0.001098 0.000635 0.000358 0.000196 0.000105 0.000055 0.000028 0.000014 0.000007 0.000003 0.000001 0.000001 0.000000 0.000000 0.000000 0.000000 0.000000 0.000000 0.000000 0.000000 0.000000 0.000000 0.000000 0.000000 0.000000 0.000000 0.000000 0.000000 0.000000 0.000000 0.000000 
0.000000 0.000000 0.000000 0.000000 0.000000 0.000000 0.000000 0.000000 0.000000 0.000000 0.000000 0.000000 0.000000 0.000000 0.000000 0.000000 0.000000 0.000000 0.000000 0.000001 0.000001 0.000003 0.000006 0.000013 0.000026 0.000053 0.000105 0.000201 0.000376 0.000684 0.001212 0.002090 0.003508 0.005730 0.009107 0.014084 0.021190 0.031011 0.044143 0.061109 0.082264 0.107682 0.137046 0.169568 0.203963 0.238486 0.271055 0.299444 0.321532 0.335563 0.340375 0.335563 0.321532 0.299444 0.271055 0.238486 0.203963 0.169568 0.137046 0.107682 0.082264 0.061109 0.044143 0.031011 0.021190 0.014084 0.009107 0.005730 0.003508 0.002090 0.001212 0.000684 0.000376 0.000201 0.000105 0.000053 0.000026 0.000013 0.000006 0.000003 0.000001 0.000001 0.000000 0.000000 0.000000 0.000000 0.000000 0.000000 0.000000 0.000000 0.000000 0.000000 0.000000 0.000000 0.000000 0.000000 0.000000 0.000000 0.000000 0.000000 
0.000000 0.000000 0.000000 0.000000 0.000000 0.000000 0.000000 0.000000 0.000000 0.000000 0.000000 0.000000 0.000000 0.000000 0.000000 0.000000 0.000000 0.000000 0.000000 0.000001 0.000002 0.000005 0.000011 0.000024 0.000050 0.000100 0.000196 0.000376 0.000701 0.001273 0.002252 0.003877 0.006496 0.010595 0.016816 0.025970 0.039022 0.057039 0.081102 0.112158 0.150844 0.197283 0.250888 0.310217 0.372924 0.435829 0.495146 0.546833 0.587036 0.612569 0.621326 0.612569 0.587036 0.546833 0.495146 0.435829 0.372924 0.310217 0.250888 0.197283 0.150844 0.112158 0.081102 0.057039 0.039022 0.025970 0.016816 0.010595 0.006496 0.003877 0.002252 0.001273 0.000701 0.000376 0.000196 0.000100 0.000050 0.000024 0.000011 0.000005 0.000002 0.000001 0.000000 0.000000 0.000000 0.000000 0.000000 0.000000 0.000000 0.000000 0.000000 0.000000 0.000000 0.000000 0.000000 0.000000 0.000000 0.000000 0.000000 0.000000 
0.000000 0.000000 0.000000 0.000000 0.000000 0.000000 0.000000 0.000000 0.000000 0.000000 0.000000 0.000000 0.000000 0.000000 0.000000 0.000000 0.000000 0.000000 0.000001 0.000002 0.000004 0.000010 0.000021 0.000044 0.000091 0.000182 0.000358 0.000684 0.001273 0.002309 0.004075 0.007004 0.011719 0.019084 0.030248 0.046653 0.070014 0.102224 0.145193 0.200593 0.269540 0.352234 0.447615 0.553108 0.664539 0.776266 0.881575 0.973305 1.044637 1.089932 1.105465 1.089932 1.044637 0.973305 0.881575 0.776266 0.664539 0.553108 0.447615 0.352234 0.269540 0.200593 0.145193 0.102224 0.070014 0.046653 0.030248 0.019084 0.011719 0.007004 0.004075 0.002309 0.001273 0.000684 0.000358 0.000182 0.000091 0.000044 0.000021 0.000010 0.000004 0.000002 0.000001 0.000000 0.000000 0.000000 0.000000 0.000000 0.000000 0.000000 0.000000 0.000000 0.000000 0.000000 0.000000 0.000000 0.000000 0.000000 0.000000 0.000000 
0.000000 0.000000 0.000000 0.000000 0.000000 0.000000 0.000000 0.000000 0.000000 0.000000 0.000000 0.000000 0.000000 0.000000 0.000000 0.000000 0.000000 0.000001 0.000001 0.000003 0.000008 0.000017 0.000037 0.000078 0.000161 0.000324 0.000635 0.001212 0.002252 0.004075 0.007182 0.012325 0.020590 0.033484 0.053000 0.081642 0.122378 0.178483 0.253247 0.349548 0.469291 0.612790 0.778182 0.960991 1.153976 1.347380 1.529598 1.688267 1.811624 1.889941 1.916794 1.889941 1.811624 1.688267 1.529598 1.347380 1.153976 0.960991 0.778182 0.612790 0.469291 0.349548 0.253247 0.178483 0.122378 0.081642 0.053000 0.033484 0.020590 0.012325 0.007182 0.004075 0.002252 0.001212 0.000635 0.000324 0.000161 0.000078 0.000037 0.000017 0.000008 0.000003 0.000001 0.000001 0.000000 0.000000 0.000000 0.000000 0.000000 0.000000 0.000000 0.000000 0.000000 0.000000 0.000000 0.000000 0.000000 0.000000 0.000000 0.000000 
0.000000 0.000000 0.000000 0.000000 0.000000 0.000000 0.000000 0.000000 0.000000 0.000000 0.000000 0.000000 0.000000 0.000000 0.000000 0.000000 0.000000 0.000001 0.000003 0.000006 0.000013 0.000030 0.000064 0.000136 0.000280 0.000562 0.001098 0.002090 0.003877 0.007004 0.012325 0.021117 0.035229 0.057214 0.090446 0.139158 0.208358 0.303562 0.430303 0.593400 0.796024 1.038659 1.318115 1.626806 1.952504 2.278752 2.586012 2.853480 3.061372 3.193338 3.238584 3.193338 3.061372 2.853480 2.586012 2.278752 1.952504 1.626806 1.318115 1.038659 0.796024 0.593400 0.430303 0.303562 0.208358 0.139158 0.090446 0.057214 0.035229 0.021117 0.012325 0.007004 0.003877 0.002090 0.001098 0.000562 0.000280 0.000136 0.000064 0.000030 0.000013 0.000006 0.000003 0.000001 0.000000 0.000000 0.000000 0.000000 0.000000 0.000000 0.000000 0.000000 0.000000 0.000000 0.000000 0.000000 0.000000 0.000000 0.000000 0.000000 
0.000000 0.000000 0.000000 0.000000 0.000000 0.000000 0.000000 0.000000 0.000000 0.000000 0.000000 0.000000 0.000000 0.000000 0.000000 0.000000 0.000001 0.000002 0.000004 0.000010 0.000023 0.000050 0.000109 0.000230 0.000472 0.000946 0.001845 0.003508 0.006496 0.011719 0.020590 0.035229 0.058692 0.095196 0.150308 0.230997 0.345498 0.502864 0.712157 0.981249 1.315285 1.714983 2.175030 2.682901 3.218474 3.754713 4.259553 4.698880 5.040277 5.256956 5.331240 5.256956 5.040277 4.698880 4.259553 3.754713 3.218474 2.682901 2.175030 1.714983 1.315285 0.981249 0.712157 0.502864 0.345498 0.230997 0.150308 0.095196 0.058692 0.035229 0.020590 0.011719 0.006496 0.003508 0.001845 0.000946 0.000472 0.000230 0.000109 0.000050 0.000023 0.000010 0.000004 0.000002 0.000001 0.000000 0.000000 0.000000 0.000000 0.000000 0.000000 0.000000 0.000000 0.000000 0.000000 0.000000 0.000000 0.000000 0.000000 0.000000 
0.000000 0.000000 0.000000 0.000000 0.000000 0.000000 0.000000 0.000000 0.000000 0.000000 0.000000 0.000000 0.000000 0.000000 0.000000 0.000000 0.000001 0.000003 0.000007 0.000017 0.000038 0.000083 0.000180 0.000378 0.000776 0.001550 0.003019 0.005730 0.010595 0.019084 0.033484 0.057214 0.095196 0.154219 0.243221 0.373386 0.557901 0.811244 1.147881 1.580335 2.116746 2.758151 3.495931 4.309947 5.167940 6.026636 6.834764 7.537825 8.084049 8.430679 8.549508 8.430679 8.084049 7.537825 6.834764 6.026636 5.167940 4.309947 3.495931 2.758151 2.116746 1.580335 1.147881 0.811244 0.557901 0.373386 0.243221 0.154219 0.095196 0.057214 0.033484 0.019084 0.010595 0.005730 0.003019 0.001550 0.000776 0.000378 0.000180 0.000083 0.000038 0.000017 0.000007 0.000003 0.000001 0.000000 0.000000 0.000000 0.000000 0.000000 0.000000 0.000000 0.000000 0.000000 0.000000 0.000000 0.000000 0.000000 0.000000 0.000000 
0.000000 0.000000 0.000000 0.000000 0.000000 0.000000 0.000000 0.000000 0.000000 0.000000 0.000000 0.000000 0.000000 0.000000 0.000000 0.000001 0.000002 0.000005 0.000012 0.000027 0.000061 0.000134 0.000288 0.000605 0.001239 0.002471 0.004806 0.009107 0.016816 0.030248 0.053000 0.090446 0.150308 0.243221 0.383172 0.587634 0.877183 1.274376 1.801702 2.478586 3.317572 4.320111 5.472597 6.743494 8.082425 9.421917 10.682107 11.778161 12.629540 13.169747 13.354923 13.169747 12.629540 11.778161 10.682107 9.421917 8.082425 6.743494 5.472597 4.320111 3.317572 2.478586 1.801702 1.274376 0.877183 0.587634 0.383172 0.243221 0.150308 0.090446 0.053000 0.030248 0.016816 0.009107 0.004806 0.002471 0.001239 0.000605 0.000288 0.000134 0.000061 0.000027 0.000012 0.000005 0.000002 0.000001 0.000000 0.000000 0.000000 0.000000 0.000000 0.000000 0.000000 0.000000 0.000000 0.000000 0.000000 0.000000 0.000000 0.000000 
0.000000 0.000000 0.000000 0.000000 0.000000 0.000000 0.000000 0.000000 0.000000 0.000000 0.000000 0.000000 0.000000 0.000000 0.000000 0.000001 0.000003 0.000008 0.000018 0.000042 0.000095 0.000209 0.000449 0.000941 0.001924 0.003833 0.007443 0.014084 0.025970 0.046653 0.081642 0.139158 0.230997 0.373386 0.587634 0.900331 1.342749 1.949114 2.753494 3.785236 5.063185 6.589307 8.342697 10.275269 12.310401 14.345617 16.259740 17.924136 19.216740 20.036804 20.317893 20.036804 19.216740 17.924136 16.259740 14.345617 12.310401 10.275269 8.342697 6.589307 5.063185 3.785236 2.753494 1.949114 1.342749 0.900331 0.587634 0.373386 0.230997 0.139158 0.081642 0.046653 0.025970 0.014084 0.007443 0.003833 0.001924 0.000941 0.000449 0.000209 0.000095 0.000042 0.000018 0.000008 0.000003 0.000001 0.000000 0.000000 0.000000 0.000000 0.000000 0.000000 0.000000 0.000000 0.000000 0.000000 0.000000 0.000000 0.000000 0.000000 
0.000000 0.000000 0.000000 0.000000 0.000000 0.000000 0.000000 0.000000 0.000000 0.000000 0.000000 0.000000 0.000000 0.000000 0.000001 0.000002 0.000005 0.000012 0.000028 0.000064 0.000144 0.000317 0.000681 0.001424 0.002907 0.005783 0.011213 0.021190 0.039022 0.070014 0.122378 0.208358 0.345498 0.557901 0.877183 1.342749 2.000879 2.902158 4.096855 5.628166 7.523678 9.785964 12.383776 15.245716 18.258296 21.269936 24.101552 26.563157 28.474551 29.687051 30.102628 29.687051 28.474551 26.563157 24.101552 21.269936 18.258296 15.245716 12.383776 9.785964 7.523678 5.628166 4.096855 2.902158 2.000879 1.342749 0.877183 0.557901 0.345498 0.208358 0.122378 0.070014 0.039022 0.021190 0.011213 0.005783 0.002907 0.001424 0.000681 0.000317 0.000144 0.000064 0.000028 0.000012 0.000005 0.000002 0.000001 0.000000 0.000000 0.000000 0.000000 0.000000 0.000000 0.000000 0.000000 0.000000 0.000000 0.000000 0.000000 0.000000 
0.000000 0.000000 0.000000 0.000000 0.000000 0.000000 0.000000 0.000000 0.000000 0.000000 0.000000 0.000000 0.000000 0.000000 0.000001 0.000003 0.000007 0.000017 0.000041 0.000095 0.000213 0.000468 0.001003 0.002096 0.004271 0.008484 0.016431 0.031011 0.057039 0.102224 0.178483 0.303562 0.502864 0.811244 1.274376 1.949114 2.902158 4.206318 5.933836 8.146647 10.884103 14.149459 17.897263 22.024308 26.366914 30.706733 34.786013 38.331468 41.083998 42.829882 43.428241 42.829882 41.083998 38.331468 34.786013 30.706733 26.366914 22.024308 17.897263 14.149459 10.884103 8.146647 5.933836 4.206318 2.902158 1.949114 1.274376 0.811244 0.502864 0.303562 0.178483 0.102224 0.057039 0.031011 0.016431 0.008484 0.004271 0.002096 0.001003 0.000468 0.000213 0.000095 0.000041 0.000017 0.000007 0.000003 0.000001 0.000000 0.000000 0.000000 0.000000 0.000000 0.000000 0.000000 0.000000 0.000000 0.000000 0.000000 0.000000 0.000000 
0.000000 0.000000 0.000000 0.000000 0.000000 0.000000 0.000000 0.000000 0.000000 0.000000 0.000000 0.000000 0.000000 0.000001 0.000002 0.000004 0.000010 0.000025 0.000059 0.000136 0.000306 0.000671 0.001436 0.002998 0.006101 0.012106 0.023415 0.044143 0.081102 0.145193 0.253247 0.430303 0.712157 1.147881 1.801702 2.753494 4.096855 5.933836 8.365545 11.478482 15.327333 19.916085 25.180406 30.975067 37.070217 43.159594 48.881938 53.854424 57.714246 60.162216 61.001155 60.162216 57.714246 53.854424 48.881938 43.159594 37.070217 30.975067 25.180406 19.916085 15.327333 11.478482 8.365545 5.933836 4.096855 2.753494 1.801702 1.147881 0.712157 0.430303 0.253247 0.145193 0.081102 0.044143 0.023415 0.012106 0.006101 0.002998 0.001436 0.000671 0.000306 0.000136 0.000059 0.000025 0.000010 0.000004 0.000002 0.000001 0.000000 0.000000 0.000000 0.000000 0.000000 0.000000 0.000000 0.000000 0.000000 0.000000 0.000000 0.000000 
0.000000 0.000000 0.000000 0.000000 0.000000 0.000000 0.000000 0.000000 0.000000 0.000000 0.000000 0.000000 0.000000 0.000001 0.000002 0.000006 0.000014 0.000035 0.000083 0.000190 0.000427 0.000936 0.002000 0.004169 0.008474 0.016795 0.032449 0.061109 0.112158 0.200593 0.349548 0.593400 0.981249 1.580335 2.478586 3.785236 5.628166 8.146647 11.478482 15.741326 21.009227 27.286889 34.485737 42.406841 50.735969 59.054863 66.870502 73.660700 78.930750 82.272798 83.418091 82.272798 78.930750 73.660700 66.870502 59.054863 50.735969 42.406841 34.485737 27.286889 21.009227 15.741326 11.478482 8.146647 5.628166 3.785236 2.478586 1.580335 0.981249 0.593400 0.349548 0.200593 0.112158 0.061109 0.032449 0.016795 0.008474 0.004169 0.002000 0.000936 0.000427 0.000190 0.000083 0.000035 0.000014 0.000006 0.000002 0.000001 0.000000 0.000000 0.000000 0.000000 0.000000 0.000000 0.000000 0.000000 0.000000 0.000000 0.000000 0.000000 
0.000000 0.000000 0.000000 0.000000 0.000000 0.000000 0.000000 0.000000 0.000000 0.000000 0.000000 0.000000 0.000000 0.000001 0.000003 0.000008 0.000020 0.000048 0.000112 0.000258 0.000579 0.001268 0.002707 0.005636 0.011443 0.022655 0.043726 0.082264 0.150844 0.269540 0.469291 0.796024 1.315285 2.116746 3.317572 5.063185 7.523678 10.884103 15.327333 21.009227 28.027453 36.387375 45.970340 56.511146 67.591590 78.655567 89.047989 98.075333 105.080785 109.522971 111.045207 109.522971 105.080785 98.075333 89.047989 78.655567 67.591590 56.511146 45.970340 36.387375 28.027453 21.009227 15.327333 10.884103 7.523678 5.063185 3.317572 2.116746 1.315285 0.796024 0.469291 0.269540 0.150844 0.082264 0.043726 0.022655 0.011443 0.005636 0.002707 0.001268 0.000579 0.000258 0.000112 0.000048 0.000020 0.000008 0.000003 0.000001 0.000000 0.000000 0.000000 0.000000 0.000000 0.000000 0.000000 0.000000 0.000000 0.000000 0.000000 0.000000 
0.000000 0.000000 0.000000 0.000000 0.000000 0.000000 0.000000 0.000000 0.000000 0.000000 0.000000 0.000000 0.000001 0.000002 0.000004 0.000011 0.000026 0.000063 0.000148 0.000341 0.000764 0.001669 0.003560 0.007405 0.015020 0.029708 0.057287 0.107682 0.197283 0.352234 0.612790 1.038659 1.714983 2.758151 4.320111 6.589307 9.785964 14.149459 19.916085 27.286889 36.387375 47.223431 59.640451 73.294341 87.643336 101.967662 115.419918 127.103353 136.168940 141.917017 143.886676 141.917017 136.168940 127.103353 115.419918 101.967662 87.643336 73.294341 59.640451 47.223431 36.387375 27.286889 19.916085 14.149459 9.785964 6.589307 4.320111 2.758151 1.714983 1.038659 0.612790 0.352234 0.197283 0.107682 0.057287 0.029708 0.015020 0.007405 0.003560 0.001669 0.000764 0.000341 0.000148 0.000063 0.000026 0.000011 0.000004 0.000002 0.000001 0.000000 0.000000 0.000000 0.000000 0.000000 0.000000 0.000000 0.000000 0.000000 0.000000 0.000000 
0.000000 0.000000 0.000000 0.000000 0.000000 0.000000 0.000000 0.000000 0.000000 0.000000 0.000000 0.000000 0.000001 0.000002 0.000005 0.000014 0.000034 0.000081 0.000190 0.000437 0.000978 0.002136 0.004550 0.009456 0.019163 0.037871 0.072966 0.137046 0.250888 0.447615 0.778182 1.318115 2.175030 3.495931 5.472597 8.342697 12.383776 17.897263 25.180406 34.485737 45.970340 59.640451 75.300114 92.514856 110.601571 128.653414 145.603295 160.322400 171.742273 178.982588 181.463496 178.982588 171.742273 160.322400 145.603295 128.653414 110.601571 92.514856 75.300114 59.640451 45.970340 34.485737 25.180406 17.897263 12.383776 8.342697 5.472597 3.495931 2.175030 1.318115 0.778182 0.447615 0.250888 0.137046 0.072966 0.037871 0.019163 0.009456 0.004550 0.002136 0.000978 0.000437 0.000190 0.000081 0.000034 0.000014 0.000005 0.000002 0.000001 0.000000 0.000000 0.000000 0.000000 0.000000 0.000000 0.000000 0.000000 0.000000 0.000000 0.000000 
0.000000 0.000000 0.000000 0.000000 0.000000 0.000000 0.000000 0.000000 0.000000 0.000000 0.000000 0.000000 0.000001 0.000003 0.000007 0.000017 0.000042 0.000101 0.000237 0.000544 0.001217 0.002655 0.005651 0.011735 0.023763 0.046925 0.090345 0.169568 0.310217 0.553108 0.960991 1.626806 2.682901 4.309947 6.743494 10.275269 15.245716 22.024308 30.975067 42.406841 56.511146 73.294341 92.514856 113.638863 135.828080 157.970420 178.757892 196.807293 210.809691 219.686805 222.728471 219.686805 210.809691 196.807293 178.757892 157.970420 135.828080 113.638863 92.514856 73.294341 56.511146 42.406841 30.975067 22.024308 15.245716 10.275269 6.743494 4.309947 2.682901 1.626806 0.960991 0.553108 0.310217 0.169568 0.090345 0.046925 0.023763 0.011735 0.005651 0.002655 0.001217 0.000544 0.000237 0.000101 0.000042 0.000017 0.000007 0.000003 0.000001 0.000000 0.000000 0.000000 0.000000 0.000000 0.000000 0.000000 0.000000 0.000000 0.000000 0.000000 
