0.000000 0.000000 0.000000 0.000000 0.000000 0.000000 0.000000 0.000000 0.000000 0.000000 0.000000 0.000000 0.000000 0.000000 0.000000 0.000000 0.000000 0.000000 0.000000 0.000000 0.000000 0.000000 0.000000 0.000000 0.000000 0.000000 0.000000 0.000000 0.000000 0.000000 0.000000 0.000000 0.000000 0.000000 0.000000 0.000000 0.000000 0.000000 0.000000 0.000000 0.000000 0.000000 0.000000 0.000000 0.000000 0.000000 0.000000 0.000000 0.000000 0.000000 0.000000 0.000000 0.000000 0.000000 0.000000 0.000000 0.000000 0.000000 0.000000 0.000000 0.000000 0.000000 0.000000 0.000000 0.000000 0.000000 0.000000 0.000000 0.000000 0.000000 0.000000 0.000000 0.000000 0.000000 0.000000 0.000000 0.000000 0.000000 0.000000 0.000000 0.000000 0.000000 0.000000 0.000000 0.000000 0.000000 0.000000 0.000000 0.000000 0.000000 0.000000 0.000000 0.000000 0.000000 0.000000 0.000000 0.000000 0.000000 0.000000 0.000000 
0.000000 0.000000 0.000000 0.000000 0.000000 0.000000 0.000000 0.000000 0.000000 0.000000 0.000000 0.000000 0.000000 0.000000 0.000000 0.000000 0.000000 0.000000 0.000000 0.000000 0.000000 0.000000 0.000000 0.000000 0.000000 0.000000 0.000000 0.000000 0.000000 0.000000 0.000000 0.000000 0.000000 0.000000 0.000000 0.000000 0.000000 0.000000 0.000000 0.000000 0.000000 0.000000 0.000000 0.000000 0.000000 0.000000 0.000000 0.000000 0.000000 0.000000 0.000000 0.000000 0.000000 0.000000 0.000000 0.000000 0.000000 0.000000 0.000000 0.000000 0.000000 0.000000 0.000000 0.000000 0.000000 0.000000 0.000000 0.000000 0.000000 0.000000 0.000000 0.000000 0.000000 0.000000 0.000000 0.000000 0.000000 0.000000 0.000000 0.000000 0.000000 0.000000 0.000000 0.000000 0.000000 0.000000 0.000000 0.000000 0.000000 0.000000 0.000000 0.000000 0.000000 0.000000 0.000000 0.000000 0.000000 0.000000 0.000000 0.000000 
0.000000 0.000000 0.000000 0.000000 0.000000 0.000000 0.000000 0.000000 0.000000 0.000000 0.000000 0.000000 0.000000 0.000000 0.000000 0.000000 0.000000 0.000000 0.000000 0.000000 0.000000 0.000000 0.000000 0.000000 0.000000 0.000000 0.000000 0.000000 0.000000 0.000000 0.000000 0.000000 0.000000 0.000000 0.000000 0.000000 0.000000 0.000000 0.000000 0.000000 0.000000 0.000000 0.000000 0.000000 0.000000 0.000000 0.000000 0.000000 0.000000 0.000000 0.000000 0.000000 0.000000 0.000000 0.000000 0.000000 0.000000 0.000000 0.000000 0.000000 0.000000 0.000000 0.000000 0.000000 0.000000 0.000000 0.000000 0.000000 0.000000 0.000000 0.000000 0.000000 0.000000 0.000000 0.000000 0.000000 0.000000 0.000000 0.000000 0.000000 0.000000 0.000000 0.000000 0.000000 0.000000 0.000000 0.000000 0.000000 0.000000 0.000000 0.000000 0.000000 0.000000 0.000000 0.000000 0.000000 0.000000 0.000000 0.000000 0.000000 
0.000000 0.000000 0.000000 0.000000 0.000000 0.000000 0.000000 0.000000 0.000000 0.000000 0.000000 0.000000 0.000000 0.000000 0.000000 0.000000 0.000000 0.000000 0.000000 0.000000 0.000000 0.000000 0.000000 0.000000 0.000000 0.000000 0.000000 0.000000 0.000000 0.000000 0.000000 0.000000 0.000000 0.000000 0.000000 0.000000 0.000000 0.000000 0.000000 0.000000 0.000000 0.000000 0.000000 0.000000 0.000000 0.000000 0.000000 0.000000 0.000000 0.000000 0.000000 0.000000 0.000000 0.000000 0.000000 0.000000 0.000000 0.000000 0.000000 0.000000 0.000000 0.000000 0.000000 0.000000 0.000000 0.000000 0.000000 0.000000 0.000000 0.000000 0.000000 0.000000 0.000000 0.000000 0.000000 0.000000 0.000000 0.000000 0.000000 0.000000 0.000000 0.000000 0.000000 0.000000 0.000000 0.000000 0.000000 0.000000 0.000000 0.000000 0.000000 0.000000 0.000000 0.000000 0.000000 0.000000 0.000000 0.000000 0.000000 0.000000 
0.000000 0.000000 0.000000 0.000000 0.000000 0.000000 0.000000 0.000000 0.000000 0.000000 0.000000 0.000000 0.000000 0.000000 0.000000 0.000000 0.000000 0.000000 0.000000 0.000000 0.000000 0.000000 0.000000 0.000000 0.000000 0.000000 0.000000 0.000000 0.000000 0.000000 0.000000 0.000000 0.000000 0.000000 0.000000 0.000000 0.000000 0.000000 0.000000 0.000000 0.000000 0.000000 0.000000 0.000000 0.000000 0.000000 0.000000 0.000000 0.000000 0.000000 0.000000 0.000000 0.000000 0.000000 0.000000 0.000000 0.000000 0.000000 0.000000 0.000000 0.000000 0.000000 0.000000 0.000000 0.000000 0.000000 0.000000 0.000000 0.000000 0.000000 0.000000 0.000000 0.000000 0.000000 0.000000 0.000000 0.000000 0.000000 0.000000 0.000000 0.000000 0.000000 0.000000 0.000000 0.000000 0.000000 0.000000 0.000000 0.000000 0.000000 0.000000 0.000000 0.000000 0.000000 0.000000 0.000000 0.000000 0.000000 0.000000 0.000000 
0.000000 0.000000 0.000000 0.000000 0.000000 0.000000 0.000000 0.000000 0.000000 0.000000 0.000000 0.000000 0.000000 0.000000 0.000000 0.000000 0.000000 0.000000 0.000000 0.000000 0.000000 0.000000 0.000000 0.000000 0.000000 0.000000 0.000000 0.000000 0.000000 0.000000 0.000000 0.000000 0.000000 0.000000 0.000000 0.000000 0.000000 0.000000 0.000000 0.000000 0.000000 0.000000 0.000000 0.000000 0.000001 0.000001 0.000001 0.000001 0.000001 0.000001 0.000001 0.000001 0.000001 0.000001 0.000001 0.000001 0.000001 0.000000 0.000000 0.000000 0.000000 0.000000 0.000000 0.000000 0.000000 0.000000 0.000000 0.000000 0.000000 0.000000 0.000000 0.000000 0.000000 0.000000 0.000000 0.000000 0.000000 0.000000 0.000000 0.000000 0.000000 0.000000 0.000000 0.000000 0.000000 0.000000 0.000000 0.000000 0.000000 0.000000 0.000000 0.000000 0.000000 0.000000 0.000000 0.000000 0.000000 0.000000 0.000000 0.000000 
0.000000 0.000000 0.000000 0.000000 0.000000 0.000000 0.000000 0.000000 0.000000 0.000000 0.000000 0.000000 0.000000 0.000000 0.000000 0.000000 0.000000 0.000000 0.000000 0.000000 0.000000 0.000000 0.000000 0.000000 0.000000 0.000000 0.000000 0.000000 0.000000 0.000000 0.000000 0.000000 0.000000 0.000000 0.000000 0.000000 0.000000 0.000000 0.000000 0.000001 0.000001 0.000001 0.000001 0.000001 0.000001 0.000001 0.000002 0.000002 0.000002 0.000002 0.000002 0.000002 0.000002 0.000002 0.000002 0.000001 0.000001 0.000001 0.000001 0.000001 0.000001 0.000001 0.000000 0.000000 0.000000 0.000000 0.000000 0.000000 0.000000 0.000000 0.000000 0.000000 0.000000 0.000000 0.000000 0.000000 0.000000 0.000000 0.000000 0.000000 0.000000 0.000000 0.000000 0.000000 0.000000 0.000000 0.000000 0.000000 0.000000 0.000000 0.000000 0.000000 0.000000 0.000000 0.000000 0.000000 0.000000 0.000000 0.000000 0.000000 
0.000000 0.000000 0.000000 0.000000 0.000000 0.000000 0.000000 0.000000 0.000000 0.000000 0.000000 0.000000 0.000000 0.000000 0.000000 0.000000 0.000000 0.000000 0.000000 0.000000 0.000000 0.000000 0.000000 0.000000 0.000000 0.000000 0.000000 0.000000 0.000000 0.000000 0.000000 0.000000 0.000000 0.000000 0.000000 0.000000 0.000001 0.000001 0.000001 0.000001 0.000001 0.000002 0.000002 0.000003 0.000003 0.000003 0.000004 0.000004 0.000004 0.000004 0.000004 0.000004 0.000004 0.000004 0.000004 0.000003 0.000003 0.000003 0.000002 0.000002 0.000001 0.000001 0.000001 0.000001 0.000001 0.000000 0.000000 0.000000 0.000000 0.000000 0.000000 0.000000 0.000000 0.000000 0.000000 0.000000 0.000000 0.000000 0.000000 0.000000 0.000000 0.000000 0.000000 0.000000 0.000000 0.000000 0.000000 0.000000 0.000000 0.000000 0.000000 0.000000 0.000000 0.000000 0.000000 0.000000 0.000000 0.000000 0.000000 0.000000 
0.000000 0.000000 0.000000 0.000000 0.000000 0.000000 0.000000 0.000000 0.000000 0.000000 0.000000 0.000000 0.000000 0.000000 0.000000 0.000000 0.000000 0.000000 0.000000 0.000000 0.000000 0.000000 0.000000 0.000000 0.000000 0.000000 0.000000 0.000000 0.000000 0.000000 0.000000 0.000000 0.000000 0.000000 0.000001 0.000001 0.000001 0.000002 0.000002 0.000003 0.000003 0.000004 0.000005 0.000006 0.000007 0.000007 0.000008 0.000009 0.000009 0.000010 0.000010 0.000010 0.000009 0.000009 0.000008 0.000007 0.000007 0.000006 0.000005 0.000004 0.000003 0.000003 0.000002 0.000002 0.000001 0.000001 0.000001 0.000000 0.000000 0.000000 0.000000 0.000000 0.000000 0.000000 0.000000 0.000000 0.000000 0.000000 0.000000 0.000000 0.000000 0.000000 0.000000 0.000000 0.000000 0.000000 0.000000 0.000000 0.000000 0.000000 0.000000 0.000000 0.000000 0.000000 0.000000 0.000000 0.000000 0.000000 0.000000 0.000000 
0.000000 0.000000 0.000000 0.000000 0.000000 0.000000 0.000000 0.000000 0.000000 0.000000 0.000000 0.000000 0.000000 0.000000 0.000000 0.000000 0.000000 0.000000 0.000000 0.000000 0.000000 0.000000 0.000000 0.000000 0.000000 0.000000 0.000000 0.000000 0.000000 0.000000 0.000000 0.000000 0.000001 0.000001 0.000001 0.000002 0.000003 0.000004 0.000005 0.000006 0.000007 0.000009 0.000011 0.000013 0.000015 0.000017 0.000018 0.000020 0.000021 0.000022 0.000022 0.000022 0.000021 0.000020 0.000018 0.000017 0.000015 0.000013 0.000011 0.000009 0.000007 0.000006 0.000005 0.000004 0.000003 0.000002 0.000001 0.000001 0.000001 0.000000 0.000000 0.000000 0.000000 0.000000 0.000000 0.000000 0.000000 0.000000 0.000000 0.000000 0.000000 0.000000 0.000000 0.000000 0.000000 0.000000 0.000000 0.000000 0.000000 0.000000 0.000000 0.000000 0.000000 0.000000 0.000000 0.000000 0.000000 0.000000 0.000000 0.000000 
0.000000 0.000000 0.000000 0.000000 0.000000 0.000000 0.000000 0.000000 0.000000 0.000000 0.000000 0.000000 0.000000 0.000000 0.000000 0.000000 0.000000 0.000000 0.000000 0.000000 0.000000 0.000000 0.000000 0.000000 0.000000 0.000000 0.000000 0.000000 0.000000 0.000000 0.000001 0.000001 0.000002 0.000002 0.000003 0.000004 0.000006 0.000008 0.000010 0.000013 0.000016 0.000020 0.000024 0.000028 0.000032 0.000036 0.000040 0.000043 0.000046 0.000047 0.000048 0.000047 0.000046 0.000043 0.000040 0.000036 0.000032 0.000028 0.000024 0.000020 0.000016 0.000013 0.000010 0.000008 0.000006 0.000004 0.000003 0.000002 0.000002 0.000001 0.000001 0.000000 0.000000 0.000000 0.000000 0.000000 0.000000 0.000000 0.000000 0.000000 0.000000 0.000000 0.000000 0.000000 0.000000 0.000000 0.000000 0.000000 0.000000 0.000000 0.000000 0.000000 0.000000 0.000000 0.000000 0.000000 0.000000 0.000000 0.000000 0.000000 
0.000000 0.000000 0.000000 0.000000 0.000000 0.000000 0.000000 0.000000 0.000000 0.000000 0.000000 0.000000 0.000000 0.000000 0.000000 0.000000 0.000000 0.000000 0.000000 0.000000 0.000000 0.000000 0.000000 0.000000 0.000000 0.000000 0.000000 0.000000 0.000001 0.000001 0.000001 0.000002 0.000003 0.000005 0.000007 0.000009 0.000013 0.000017 0.000022 0.000028 0.000035 0.000043 0.000052 0.000061 0.000070 0.000078 0.000086 0.000093 0.000098 0.000101 0.000102 0.000101 0.000098 0.000093 0.000086 0.000078 0.000070 0.000061 0.000052 0.000043 0.000035 0.000028 0.000022 0.000017 0.000013 0.000009 0.000007 0.000005 0.000003 0.000002 0.000001 0.000001 0.000001 0.000000 0.000000 0.000000 0.000000 0.000000 0.000000 0.000000 0.000000 0.000000 0.000000 0.000000 0.000000 0.000000 0.000000 0.000000 0.000000 0.000000 0.000000 0.000000 0.000000 0.000000 0.000000 0.000000 0.000000 0.000000 0.000000 0.000000 
0.000000 0.000000 0.000000 0.000000 0.000000 0.000000 0.000000 0.000000 0.000000 0.000000 0.000000 0.000000 0.000000 0.000000 0.000000 0.000000 0.000000 0.000000 0.000000 0.000000 0.000000 0.000000 0.000000 0.000000 0.000000 0.000000 0.000001 0.000001 0.000001 0.000002 0.000003 0.000005 0.000007 0.000010 0.000014 0.000020 0.000027 0.000036 0.000047 0.000060 0.000075 0.000091 0.000109 0.000128 0.000147 0.000165 0.000181 0.000195 0.000206 0.000213 0.000215 0.000213 0.000206 0.000195 0.000181 0.000165 0.000147 0.000128 0.000109 0.000091 0.000075 0.000060 0.000047 0.000036 0.000027 0.000020 0.000014 0.000010 0.000007 0.000005 0.000003 0.000002 0.000001 0.000001 0.000001 0.000000 0.000000 0.000000 0.000000 0.000000 0.000000 0.000000 0.000000 0.000000 0.000000 0.000000 0.000000 0.000000 0.000000 0.000000 0.000000 0.000000 0.000000 0.000000 0.000000 0.000000 0.000000 0.000000 0.000000 0.000000 
0.000000 0.000000 0.000000 0.000000 0.000000 0.000000 0.000000 0.000000 0.000000 0.000000 0.000000 0.000000 0.000000 0.000000 0.000000 0.000000 0.000000 0.000000 0.000000 0.000000 0.000000 0.000000 0.000000 0.000000 0.000000 0.000001 0.000001 0.000002 0.000003 0.000004 0.000007 0.000010 0.000015 0.000021 0.000030 0.000042 0.000056 0.000075 0.000097 0.000124 0.000155 0.000189 0.000226 0.000265 0.000304 0.000341 0.000375 0.000404 0.000426 0.000439 0.000444 0.000439 0.000426 0.000404 0.000375 0.000341 0.000304 0.000265 0.000226 0.000189 0.000155 0.000124 0.000097 0.000075 0.000056 0.000042 0.000030 0.000021 0.000015 0.000010 0.000007 0.000004 0.000003 0.000002 0.000001 0.000001 0.000000 0.000000 0.000000 0.000000 0.000000 0.000000 0.000000 0.000000 0.000000 0.000000 0.000000 0.000000 0.000000 0.000000 0.000000 0.000000 0.000000 0.000000 0.000000 0.000000 0.000000 0.000000 0.000000 0.000000 
0.000000 0.000000 0.000000 0.000000 0.000000 0.000000 0.000000 0.000000 0.000000 0.000000 0.000000 0.000000 0.000000 0.000000 0.000000 0.000000 0.000000 0.000000 0.000000 0.000000 0.000000 0.000000 0.000000 0.000000 0.000001 0.000001 0.000002 0.000004 0.000006 0.000009 0.000014 0.000021 0.000030 0.000043 0.000061 0.000085 0.000115 0.000153 0.000198 0.000253 0.000315 0.000385 0.000460 0.000538 0.000617 0.000693 0.000762 0.000820 0.000865 0.000892 0.000902 0.000892 0.000865 0.000820 0.000762 0.000693 0.000617 0.000538 0.000460 0.000385 0.000315 0.000253 0.000198 0.000153 0.000115 0.000085 0.000061 0.000043 0.000030 0.000021 0.000014 0.000009 0.000006 0.000004 0.000002 0.000001 0.000001 0.000000 0.000000 0.000000 0.000000 0.000000 0.000000 0.000000 0.000000 0.000000 0.000000 0.000000 0.000000 0.000000 0.000000 0.000000 0.000000 0.000000 0.000000 0.000000 0.000000 0.000000 0.000000 0.000000 
0.000000 0.000000 0.000000 0.000000 0.000000 0.000000 0.000000 0.000000 0.000000 0.000000 0.000000 0.000000 0.000000 0.000000 0.000000 0.000000 0.000000 0.000000 0.000000 0.000000 0.000000 0.000000 0.000001 0.000001 0.000002 0.000003 0.000004 0.000007 0.000012 0.000018 0.000028 0.000041 0.000061 0.000087 0.000123 0.000170 0.000231 0.000306 0.000397 0.000505 0.000630 0.000768 0.000918 0.001075 0.001232 0.001383 0.001520 0.001635 0.001724 0.001779 0.001798 0.001779 0.001724 0.001635 0.001520 0.001383 0.001232 0.001075 0.000918 0.000768 0.000630 0.000505 0.000397 0.000306 0.000231 0.000170 0.000123 0.000087 0.000061 0.000041 0.000028 0.000018 0.000012 0.000007 0.000004 0.000003 0.000002 0.000001 0.000001 0.000000 0.000000 0.000000 0.000000 0.000000 0.000000 0.000000 0.000000 0.000000 0.000000 0.000000 0.000000 0.000000 0.000000 0.000000 0.000000 0.000000 0.000000 0.000000 0.000000 0.000000 
0.000000 0.000000 0.000000 0.000000 0.000000 0.000000 0.000000 0.000000 0.000000 0.000000 0.000000 0.000000 0.000000 0.000000 0.000000 0.000000 0.000000 0.000000 0.000000 0.000000 0.000000 0.000001 0.000001 0.000002 0.000003 0.000005 0.000009 0.000014 0.000023 0.000036 0.000054 0.000082 0.000120 0.000172 0.000243 0.000335 0.000454 0.000601 0.000780 0.000992 0.001236 0.001507 0.001800 0.002106 0.002413 0.002708 0.002975 0.003202 0.003374 0.003482 0.003518 0.003482 0.003374 0.003202 0.002975 0.002708 0.002413 0.002106 0.001800 0.001507 0.001236 0.000992 0.000780 0.000601 0.000454 0.000335 0.000243 0.000172 0.000120 0.000082 0.000054 0.000036 0.000023 0.000014 0.000009 0.000005 0.000003 0.000002 0.000001 0.000001 0.000000 0.000000 0.000000 0.000000 0.000000 0.000000 0.000000 0.000000 0.000000 0.000000 0.000000 0.000000 0.000000 0.000000 0.000000 0.000000 0.000000 0.000000 0.000000 0.000000 
0.000000 0.000000 0.000000 0.000000 0.000000 0.000000 0.000000 0.000000 0.000000 0.000000 0.000000 0.000000 0.000000 0.000000 0.000000 0.000000 0.000000 0.000000 0.000000 0.000000 0.000001 0.000001 0.000002 0.000004 0.000006 0.000010 0.000017 0.000028 0.000044 0.000069 0.000106 0.000158 0.000232 0.000334 0.000470 0.000648 0.000876 0.001160 0.001505 0.001912 0.002380 0.002901 0.003464 0.004051 0.004640 0.005205 0.005719 0.006153 0.006483 0.006689 0.006759 0.006689 0.006483 0.006153 0.005719 0.005205 0.004640 0.004051 0.003464 0.002901 0.002380 0.001912 0.001505 0.001160 0.000876 0.000648 0.000470 0.000334 0.000232 0.000158 0.000106 0.000069 0.000044 0.000028 0.000017 0.000010 0.000006 0.000004 0.000002 0.000001 0.000001 0.000000 0.000000 0.000000 0.000000 0.000000 0.000000 0.000000 0.000000 0.000000 0.000000 0.000000 0.000000 0.000000 0.000000 0.000000 0.000000 0.000000 0.000000 0.000000 
0.000000 0.000000 0.000000 0.000000 0.000000 0.000000 0.000000 0.000000 0.000000 0.000000 0.000000 0.000000 0.000000 0.000000 0.000000 0.000000 0.000000 0.000000 0.000000 0.000001 0.000001 0.000002 0.000004 0.000007 0.000012 0.000020 0.000033 0.000053 0.000085 0.000132 0.000201 0.000301 0.000441 0.000634 0.000892 0.001229 0.001661 0.002197 0.002849 0.003617 0.004500 0.005483 0.006544 0.007650 0.008760 0.009823 0.010789 0.011606 0.012227 0.012616 0.012748 0.012616 0.012227 0.011606 0.010789 0.009823 0.008760 0.007650 0.006544 0.005483 0.004500 0.003617 0.002849 0.002197 0.001661 0.001229 0.000892 0.000634 0.000441 0.000301 0.000201 0.000132 0.000085 0.000053 0.000033 0.000020 0.000012 0.000007 0.000004 0.000002 0.000001 0.000001 0.000000 0.000000 0.000000 0.000000 0.000000 0.000000 0.000000 0.000000 0.000000 0.000000 0.000000 0.000000 0.000000 0.000000 0.000000 0.000000 0.000000 0.000000 
0.000000 0.000000 0.000000 0.000000 0.000000 0.000000 0.000000 0.000000 0.000000 0.000000 0.000000 0.000000 0.000000 0.000000 0.000000 0.000000 0.000000 0.000000 0.000001 0.000001 0.000002 0.000004 0.000007 0.000013 0.000022 0.000037 0.000062 0.000100 0.000159 0.000247 0.000376 0.000562 0.000823 0.001181 0.001661 0.002288 0.003089 0.004084 0.005292 0.006716 0.008350 0.010170 0.012133 0.014179 0.016229 0.018195 0.019980 0.021489 0.022636 0.023353 0.023598 0.023353 0.022636 0.021489 0.019980 0.018195 0.016229 0.014179 0.012133 0.010170 0.008350 0.006716 0.005292 0.004084 0.003089 0.002288 0.001661 0.001181 0.000823 0.000562 0.000376 0.000247 0.000159 0.000100 0.000062 0.000037 0.000022 0.000013 0.000007 0.000004 0.000002 0.000001 0.000001 0.000000 0.000000 0.000000 0.000000 0.000000 0.000000 0.000000 0.000000 0.000000 0.000000 0.000000 0.000000 0.000000 0.000000 0.000000 0.000000 0.000000 
0.000000 0.000000 0.000000 0.000000 0.000000 0.000000 0.000000 0.000000 0.000000 0.000000 0.000000 0.000000 0.000000 0.000000 0.000000 0.000000 0.000000 0.000001 0.000001 0.000002 0.000004 0.000008 0.000014 0.000024 0.000041 0.000069 0.000114 0.000184 0.000292 0.000453 0.000690 0.001030 0.001507 0.002161 0.003036 0.004180 0.005638 0.007451 0.009647 0.012237 0.015207 0.018513 0.022078 0.025791 0.029511 0.033077 0.036314 0.039050 0.041129 0.042430 0.042873 0.042430 0.041129 0.039050 0.036314 0.033077 0.029511 0.025791 0.022078 0.018513 0.015207 0.012237 0.009647 0.007451 0.005638 0.004180 0.003036 0.002161 0.001507 0.001030 0.000690 0.000453 0.000292 0.000184 0.000114 0.000069 0.000041 0.000024 0.000014 0.000008 0.000004 0.000002 0.000001 0.000001 0.000000 0.000000 0.000000 0.000000 0.000000 0.000000 0.000000 0.000000 0.000000 0.000000 0.000000 0.000000 0.000000 0.000000 0.000000 0.000000 
0.000000 0.000000 0.000000 0.000000 0.000000 0.000000 0.000000 0.000000 0.000000 0.000000 0.000000 0.000000 0.000000 0.000000 0.000000 0.000000 0.000001 0.000001 0.000002 0.000004 0.000008 0.000014 0.000025 0.000043 0.000074 0.000125 0.000206 0.000332 0.000526 0.000816 0.001242 0.001853 0.002708 0.003879 0.005446 0.007491 0.010098 0.013337 0.017258 0.021881 0.027178 0.033071 0.039423 0.046037 0.052663 0.059012 0.064773 0.069641 0.073341 0.075655 0.076443 0.075655 0.073341 0.069641 0.064773 0.059012 0.052663 0.046037 0.039423 0.033071 0.027178 0.021881 0.017258 0.013337 0.010098 0.007491 0.005446 0.003879 0.002708 0.001853 0.001242 0.000816 0.000526 0.000332 0.000206 0.000125 0.000074 0.000043 0.000025 0.000014 0.000008 0.000004 0.000002 0.000001 0.000001 0.000000 0.000000 0.000000 0.000000 0.000000 0.000000 0.000000 0.000000 0.000000 0.000000 0.000000 0.000000 0.000000 0.000000 0.000000 
0.000000 0.000000 0.000000 0.000000 0.000000 0.000000 0.000000 0.000000 0.000000 0.000000 0.000000 0.000000 0.000000 0.000000 0.000000 0.000001 0.000001 0.000002 0.000004 0.000007 0.000014 0.000025 0.000044 0.000077 0.000132 0.000221 0.000364 0.000588 0.000930 0.001442 0.002193 0.003268 0.004773 0.006832 0.009583 0.013174 0.017746 0.023424 0.030295 0.038389 0.047660 0.057971 0.069079 0.080641 0.092221 0.103312 0.113375 0.121877 0.128338 0.132379 0.133754 0.132379 0.128338 0.121877 0.113375 0.103312 0.092221 0.080641 0.069079 0.057971 0.047660 0.038389 0.030295 0.023424 0.017746 0.013174 0.009583 0.006832 0.004773 0.003268 0.002193 0.001442 0.000930 0.000588 0.000364 0.000221 0.000132 0.000077 0.000044 0.000025 0.000014 0.000007 0.000004 0.000002 0.000001 0.000001 0.000000 0.000000 0.000000 0.000000 0.000000 0.000000 0.000000 0.000000 0.000000 0.000000 0.000000 0.000000 0.000000 0.000000 
0.000000 0.000000 0.000000 0.000000 0.000000 0.000000 0.000000 0.000000 0.000000 0.000000 0.000000 0.000000 0.000000 0.000000 0.000000 0.000001 0.000002 0.000004 0.000007 0.000013 0.000024 0.000043 0.000077 0.000134 0.000230 0.000385 0.000633 0.001021 0.001614 0.002500 0.003798 0.005654 0.008252 0.011803 0.016545 0.022729 0.030598 0.040365 0.052176 0.066084 0.082007 0.099707 0.118769 0.138603 0.158461 0.177477 0.194726 0.209296 0.220368 0.227291 0.229647 0.227291 0.220368 0.209296 0.194726 0.177477 0.158461 0.138603 0.118769 0.099707 0.082007 0.066084 0.052176 0.040365 0.030598 0.022729 0.016545 0.011803 0.008252 0.005654 0.003798 0.002500 0.001614 0.001021 0.000633 0.000385 0.000230 0.000134 0.000077 0.000043 0.000024 0.000013 0.000007 0.000004 0.000002 0.000001 0.000000 0.000000 0.000000 0.000000 0.000000 0.000000 0.000000 0.000000 0.000000 0.000000 0.000000 0.000000 0.000000 0.000000 
0.000000 0.000000 0.000000 0.000000 0.000000 0.000000 0.000000 0.000000 0.000000 0.000000 0.000000 0.000000 0.000000 0.000000 0.000001 0.000002 0.000003 0.000006 0.000012 0.000022 0.000041 0.000074 0.000132 0.000230 0.000392 0.000657 0.001079 0.001739 0.002746 0.004251 0.006451 0.009597 0.013995 0.020003 0.028021 0.038470 0.051758 0.068240 0.088164 0.111610 0.138443 0.168256 0.200353 0.233737 0.267152 0.299143 0.328155 0.352657 0.371275 0.382915 0.386876 0.382915 0.371275 0.352657 0.328155 0.299143 0.267152 0.233737 0.200353 0.168256 0.138443 0.111610 0.088164 0.068240 0.051758 0.038470 0.028021 0.020003 0.013995 0.009597 0.006451 0.004251 0.002746 0.001739 0.001079 0.000657 0.000392 0.000230 0.000132 0.000074 0.000041 0.000022 0.000012 0.000006 0.000003 0.000002 0.000001 0.000000 0.000000 0.000000 0.000000 0.000000 0.000000 0.000000 0.000000 0.000000 0.000000 0.000000 0.000000 0.000000 
0.000000 0.000000 0.000000 0.000000 0.000000 0.000000 0.000000 0.000000 0.000000 0.000000 0.000000 0.000000 0.000000 0.000001 0.000001 0.000003 0.000005 0.000010 0.000020 0.000037 0.000069 0.000125 0.000221 0.000385 0.000657 0.001100 0.001805 0.002904 0.004582 0.007088 0.010748 0.015978 0.023282 0.033254 0.046553 0.063873 0.085886 0.113176 0.146145 0.184926 0.229287 0.278558 0.331582 0.386716 0.441886 0.494691 0.542569 0.582999 0.613714 0.632917 0.639451 0.632917 0.613714 0.582999 0.542569 0.494691 0.441886 0.386716 0.331582 0.278558 0.229287 0.184926 0.146145 0.113176 0.085886 0.063873 0.046553 0.033254 0.023282 0.015978 0.010748 0.007088 0.004582 0.002904 0.001805 0.001100 0.000657 0.000385 0.000221 0.000125 0.000069 0.000037 0.000020 0.000010 0.000005 0.000003 0.000001 0.000001 0.000000 0.000000 0.000000 0.000000 0.000000 0.000000 0.000000 0.000000 0.000000 0.000000 0.000000 0.000000 
0.000000 0.000000 0.000000 0.000000 0.000000 0.000000 0.000000 0.000000 0.000000 0.000000 0.000000 0.000000 0.000001 0.000001 0.000002 0.000004 0.000009 0.000017 0.000033 0.000062 0.000114 0.000206 0.000364 0.000633 0.001079 0.001805 0.002959 0.004757 0.007500 0.011591 0.017563 0.026090 0.037990 0.054225 0.075863 0.104025 0.139798 0.184122 0.237643 0.300571 0.372524 0.452408 0.538347 0.627680 0.717045 0.802560 0.880082 0.945533 0.995252 1.026333 1.036908 1.026333 0.995252 0.945533 0.880082 0.802560 0.717045 0.627680 0.538347 0.452408 0.372524 0.300571 0.237643 0.184122 0.139798 0.104025 0.075863 0.054225 0.037990 0.026090 0.017563 0.011591 0.007500 0.004757 0.002959 0.001805 0.001079 0.000633 0.000364 0.000206 0.000114 0.000062 0.000033 0.000017 0.000009 0.000004 0.000002 0.000001 0.000001 0.000000 0.000000 0.000000 0.000000 0.000000 0.000000 0.000000 0.000000 0.000000 0.000000 0.000000 
0.000000 0.000000 0.000000 0.000000 0.000000 0.000000 0.000000 0.000000 0.000000 0.000000 0.000000 0.000000 0.000001 0.000002 0.000004 0.000007 0.000014 0.000028 0.000053 0.000100 0.000184 0.000332 0.000588 0.001021 0.001739 0.002904 0.004757 0.007642 0.012037 0.018589 0.028146 0.041780 0.060796 0.086722 0.121253 0.166170 0.223195 0.293812 0.379044 0.479211 0.593696 0.720754 0.857397 0.999394 1.141405 1.277267 1.400407 1.504359 1.583315 1.632669 1.649461 1.632669 1.583315 1.504359 1.400407 1.277267 1.141405 0.999394 0.857397 0.720754 0.593696 0.479211 0.379044 0.293812 0.223195 0.166170 0.121253 0.086722 0.060796 0.041780 0.028146 0.018589 0.012037 0.007642 0.004757 0.002904 0.001739 0.001021 0.000588 0.000332 0.000184 0.000100 0.000053 0.000028 0.000014 0.000007 0.000004 0.000002 0.000001 0.000000 0.000000 0.000000 0.000000 0.000000 0.000000 0.000000 0.000000 0.000000 0.000000 0.000000 
0.000000 0.000000 0.000000 0.000000 0.000000 0.000000 0.000000 0.000000 0.000000 0.000000 0.000000 0.000001 0.000001 0.000003 0.000006 0.000012 0.000023 0.000044 0.000085 0.000159 0.000292 0.000526 0.000930 0.001614 0.002746 0.004582 0.007500 0.012037 0.018944 0.029235 0.044233 0.065613 0.095416 0.136019 0.190070 0.260336 0.349497 0.459855 0.592991 0.749389 0.928074 1.126312 1.339436 1.560847 1.782225 1.993973 2.185860 2.347820 2.470824 2.547708 2.573865 2.547708 2.470824 2.347820 2.185860 1.993973 1.782225 1.560847 1.339436 1.126312 0.928074 0.749389 0.592991 0.459855 0.349497 0.260336 0.190070 0.136019 0.095416 0.065613 0.044233 0.029235 0.018944 0.012037 0.007500 0.004582 0.002746 0.001614 0.000930 0.000526 0.000292 0.000159 0.000085 0.000044 0.000023 0.000012 0.000006 0.000003 0.000001 0.000001 0.000000 0.000000 0.000000 0.000000 0.000000 0.000000 0.000000 0.000000 0.000000 0.000000 
0.000000 0.000000 0.000000 0.000000 0.000000 0.000000 0.000000 0.000000 0.000000 0.000000 0.000000 0.000001 0.000002 0.000004 0.000009 0.000018 0.000036 0.000069 0.000132 0.000247 0.000453 0.000816 0.001442 0.002500 0.004251 0.007088 0.011591 0.018589 0.029235 0.045082 0.068163 0.101044 0.146848 0.209215 0.292188 0.399996 0.536725 0.705879 0.909857 1.149377 1.422926 1.726307 2.052369 2.391017 2.729534 3.053258 3.346568 3.594101 3.782076 3.899560 3.939529 3.899560 3.782076 3.594101 3.346568 3.053258 2.729534 2.391017 2.052369 1.726307 1.422926 1.149377 0.909857 0.705879 0.536725 0.399996 0.292188 0.209215 0.146848 0.101044 0.068163 0.045082 0.029235 0.018589 0.011591 0.007088 0.004251 0.002500 0.001442 0.000816 0.000453 0.000247 0.000132 0.000069 0.000036 0.000018 0.000009 0.000004 0.000002 0.000001 0.000000 0.000000 0.000000 0.000000 0.000000 0.000000 0.000000 0.000000 0.000000 0.000000 
0.000000 0.000000 0.000000 0.000000 0.000000 0.000000 0.000000 0.000000 0.000000 0.000000 0.000001 0.000001 0.000003 0.000007 0.000014 0.000028 0.000054 0.000106 0.000201 0.000376 0.000690 0.001242 0.002193 0.003798 0.006451 0.010748 0.017563 0.028146 0.044233 0.068163 0.102993 0.152581 0.221615 0.315557 0.440470 0.602687 0.808321 1.062606 1.369112 1.728885 2.139626 2.595011 3.084299 3.592341 4.100071 4.585519 5.025287 5.396371 5.678142 5.854238 5.914146 5.854238 5.678142 5.396371 5.025287 4.585519 4.100071 3.592341 3.084299 2.595011 2.139626 1.728885 1.369112 1.062606 0.808321 0.602687 0.440470 0.315557 0.221615 0.152581 0.102993 0.068163 0.044233 0.028146 0.017563 0.010748 0.006451 0.003798 0.002193 0.001242 0.000690 0.000376 0.000201 0.000106 0.000054 0.000028 0.000014 0.000007 0.000003 0.000001 0.000001 0.000000 0.000000 0.000000 0.000000 0.000000 0.000000 0.000000 0.000000 0.000000 
0.000000 0.000000 0.000000 0.000000 0.000000 0.000000 0.000000 0.000000 0.000000 0.000000 0.000001 0.000002 0.000005 0.000010 0.000021 0.000041 0.000082 0.000158 0.000301 0.000562 0.001030 0.001853 0.003268 0.005654 0.009597 0.015978 0.026090 0.041780 0.065613 0.101044 0.152581 0.225909 0.327932 0.466692 0.651101 0.890464 1.193752 1.568634 2.020322 2.550312 3.155178 3.825580 4.545692 5.293220 6.040127 6.754123 7.400832 7.946470 8.360743 8.619633 8.707703 8.619633 8.360743 7.946470 7.400832 6.754123 6.040127 5.293220 4.545692 3.825580 3.155178 2.550312 2.020322 1.568634 1.193752 0.890464 0.651101 0.466692 0.327932 0.225909 0.152581 0.101044 0.065613 0.041780 0.026090 0.015978 0.009597 0.005654 0.003268 0.001853 0.001030 0.000562 0.000301 0.000158 0.000082 0.000041 0.000021 0.000010 0.000005 0.000002 0.000001 0.000000 0.000000 0.000000 0.000000 0.000000 0.000000 0.000000 0.000000 0.000000 
0.000000 0.000000 0.000000 0.000000 0.000000 0.000000 0.000000 0.000000 0.000000 0.000001 0.000002 0.000003 0.000007 0.000015 0.000030 0.000061 0.000120 0.000232 0.000441 0.000823 0.001507 0.002708 0.004773 0.008252 0.013995 0.023282 0.037990 0.060796 0.095416 0.146848 0.221615 0.327932 0.475774 0.676745 0.943699 1.290046 1.728695 2.270670 2.923435 3.689091 4.562635 5.530542 6.569944 7.648662 8.726263 9.756199 10.688938 11.475810 12.073186 12.446478 12.573464 12.446478 12.073186 11.475810 10.688938 9.756199 8.726263 7.648662 6.569944 5.530542 4.562635 3.689091 2.923435 2.270670 1.728695 1.290046 0.943699 0.676745 0.475774 0.327932 0.221615 0.146848 0.095416 0.060796 0.037990 0.023282 0.013995 0.008252 0.004773 0.002708 0.001507 0.000823 0.000441 0.000232 0.000120 0.000061 0.000030 0.000015 0.000007 0.000003 0.000002 0.000001 0.000000 0.000000 0.000000 0.000000 0.000000 0.000000 0.000000 0.000000 
0.000000 0.000000 0.000000 0.000000 0.000000 0.000000 0.000000 0.000000 0.000000 0.000001 0.000002 0.000005 0.000010 0.000021 0.000043 0.000087 0.000172 0.000334 0.000634 0.001181 0.002161 0.003879 0.006832 0.011803 0.020003 0.033254 0.054225 0.086722 0.136019 0.209215 0.315557 0.466692 0.676745 0.962142 1.341064 1.832459 2.454555 3.222890 4.147954 5.232640 6.469789 7.840197 9.311463 10.838040 12.362738 13.819752 15.139078 16.251958 17.096761 17.624637 17.804204 17.624637 17.096761 16.251958 15.139078 13.819752 12.362738 10.838040 9.311463 7.840197 6.469789 5.232640 4.147954 3.222890 2.454555 1.832459 1.341064 0.962142 0.676745 0.466692 0.315557 0.209215 0.136019 0.086722 0.054225 0.033254 0.020003 0.011803 0.006832 0.003879 0.002161 0.001181 0.000634 0.000334 0.000172 0.000087 0.000043 0.000021 0.000010 0.000005 0.000002 0.000001 0.000000 0.000000 0.000000 0.000000 0.000000 0.000000 0.000000 0.000000 
0.000000 0.000000 0.000000 0.000000 0.000000 0.000000 0.000000 0.000000 0.000001 0.000001 0.000003 0.000007 0.000014 0.000030 0.000061 0.000123 0.000243 0.000470 0.000892 0.001661 0.003036 0.005446 0.009583 0.016545 0.028021 0.046553 0.075863 0.121253 0.190070 0.292188 0.440470 0.651101 0.943699 1.341064 1.868411 2.552002 3.417076 4.485115 5.770581 7.277382 8.995483 10.898148 12.940360 15.058902 17.174445 19.195756 21.025813 22.569342 23.740963 24.473015 24.722029 24.473015 23.740963 22.569342 21.025813 19.195756 17.174445 15.058902 12.940360 10.898148 8.995483 7.277382 5.770581 4.485115 3.417076 2.552002 1.868411 1.341064 0.943699 0.651101 0.440470 0.292188 0.190070 0.121253 0.075863 0.046553 0.028021 0.016545 0.009583 0.005446 0.003036 0.001661 0.000892 0.000470 0.000243 0.000123 0.000061 0.000030 0.000014 0.000007 0.000003 0.000001 0.000001 0.000000 0.000000 0.000000 0.000000 0.000000 0.000000 0.000000 
0.000000 0.000000 0.000000 0.000000 0.000000 0.000000 0.000000 0.000000 0.000001 0.000002 0.000004 0.000009 0.000020 0.000042 0.000085 0.000170 0.000335 0.000648 0.001229 0.002288 0.004180 0.007491 0.013174 0.022729 0.038470 0.063873 0.104025 0.166170 0.260336 0.399996 0.602687 0.890464 1.290046 1.832459 2.552002 3.484368 4.663827 6.119511 7.870976 9.923407 12.263015 14.853312 17.632970 20.515950 23.394351 26.144129 28.633420 30.732757 32.326150 33.321683 33.660314 33.321683 32.326150 30.732757 28.633420 26.144129 23.394351 20.515950 17.632970 14.853312 12.263015 9.923407 7.870976 6.119511 4.663827 3.484368 2.552002 1.832459 1.290046 0.890464 0.602687 0.399996 0.260336 0.166170 0.104025 0.063873 0.038470 0.022729 0.013174 0.007491 0.004180 0.002288 0.001229 0.000648 0.000335 0.000170 0.000085 0.000042 0.000020 0.000009 0.000004 0.000002 0.000001 0.000000 0.000000 0.000000 0.000000 0.000000 0.000000 0.000000 
0.000000 0.000000 0.000000 0.000000 0.000000 0.000000 0.000000 0.000001 0.000001 0.000003 0.000006 0.000013 0.000027 0.000056 0.000115 0.000231 0.000454 0.000876 0.001661 0.003089 0.005638 0.010098 0.017746 0.030598 0.051758 0.085886 0.139798 0.223195 0.349497 0.536725 0.808321 1.193752 1.728695 2.454555 3.417076 4.663827 6.240444 8.185672 10.525450 13.266526 16.390341 19.848073 23.557805 27.404717 31.244895 34.912963 38.233167 41.032994 43.157908 44.485468 44.937027 44.485468 43.157908 41.032994 38.233167 34.912963 31.244895 27.404717 23.557805 19.848073 16.390341 13.266526 10.525450 8.185672 6.240444 4.663827 3.417076 2.454555 1.728695 1.193752 0.808321 0.536725 0.349497 0.223195 0.139798 0.085886 0.051758 0.030598 0.017746 0.010098 0.005638 0.003089 0.001661 0.000876 0.000454 0.000231 0.000115 0.000056 0.000027 0.000013 0.000006 0.000003 0.000001 0.000001 0.000000 0.000000 0.000000 0.000000 0.000000 0.000000 
0.000000 0.000000 0.000000 0.000000 0.000000 0.000000 0.000000 0.000001 0.000002 0.000004 0.000008 0.000017 0.000036 0.000075 0.000153 0.000306 0.000601 0.001160 0.002197 0.004084 0.007451 0.013337 0.023424 0.040365 0.068240 0.113176 0.184122 0.293812 0.459855 0.705879 1.062606 1.568634 2.270670 3.222890 4.485115 6.119511 8.185672 10.734133 13.798638 17.387814 21.477182 26.002700 30.857096 35.890129 40.913593 45.711292 50.053526 53.714883 56.493471 58.229344 58.819774 58.229344 56.493471 53.714883 50.053526 45.711292 40.913593 35.890129 30.857096 26.002700 21.477182 17.387814 13.798638 10.734133 8.185672 6.119511 4.485115 3.222890 2.270670 1.568634 1.062606 0.705879 0.459855 0.293812 0.184122 0.113176 0.068240 0.040365 0.023424 0.013337 0.007451 0.004084 0.002197 0.001160 0.000601 0.000306 0.000153 0.000075 0.000036 0.000017 0.000008 0.000004 0.000002 0.000001 0.000000 0.000000 0.000000 0.000000 0.000000 0.000000 
0.000000 0.000000 0.000000 0.000000 0.000000 0.000000 0.000000 0.000001 0.000002 0.000005 0.000010 0.000022 0.000047 0.000097 0.000198 0.000397 0.000780 0.001505 0.002849 0.005292 0.009647 0.017258 0.030295 0.052176 0.088164 0.146145 0.237643 0.379044 0.592991 0.909857 1.369112 2.020322 2.923435 4.147954 5.770581 7.870976 10.525450 13.798638 17.733604 22.341168 27.589693 33.396838 39.624877 46.081068 52.524080 58.676788 64.244838 68.939421 72.501905 74.727414 75.484372 74.727414 72.501905 68.939421 64.244838 58.676788 52.524080 46.081068 39.624877 33.396838 27.589693 22.341168 17.733604 13.798638 10.525450 7.870976 5.770581 4.147954 2.923435 2.020322 1.369112 0.909857 0.592991 0.379044 0.237643 0.146145 0.088164 0.052176 0.030295 0.017258 0.009647 0.005292 0.002849 0.001505 0.000780 0.000397 0.000198 0.000097 0.000047 0.000022 0.000010 0.000005 0.000002 0.000001 0.000000 0.000000 0.000000 0.000000 0.000000 0.000000 
0.000000 0.000000 0.000000 0.000000 0.000000 0.000000 0.000001 0.000001 0.000003 0.000006 0.000013 0.000028 0.000060 0.000124 0.000253 0.000505 0.000992 0.001912 0.003617 0.006716 0.012237 0.021881 0.038389 0.066084 0.111610 0.184926 0.300571 0.479211 0.749389 1.149377 1.728885 2.550312 3.689091 5.232640 7.277382 9.923407 13.266526 17.387814 22.341168 28.139911 34.743987 42.049612 49.883441 58.003048 66.105034 73.841111 80.841423 86.743152 91.221431 94.018939 94.970432 94.018939 91.221431 86.743152 80.841423 73.841111 66.105034 58.003048 49.883441 42.049612 34.743987 28.139911 22.341168 17.387814 13.266526 9.923407 7.277382 5.232640 3.689091 2.550312 1.728885 1.149377 0.749389 0.479211 0.300571 0.184926 0.111610 0.066084 0.038389 0.021881 0.012237 0.006716 0.003617 0.001912 0.000992 0.000505 0.000253 0.000124 0.000060 0.000028 0.000013 0.000006 0.000003 0.000001 0.000001 0.000000 0.000000 0.000000 0.000000 0.000000 
0.000000 0.000000 0.000000 0.000000 0.000000 0.000000 0.000001 0.000001 0.000003 0.000007 0.000016 0.000035 0.000075 0.000155 0.000315 0.000630 0.001236 0.002380 0.004500 0.008350 0.015207 0.027178 0.047660 0.082007 0.138443 0.229287 0.372524 0.593696 0.928074 1.422926 2.139626 3.155178 4.562635 6.469789 8.995483 12.263015 16.390341 21.477182 27.589693 34.743987 42.890365 51.900616 61.560851 71.572143 81.560529 91.096845 99.725451 106.999449 112.518736 115.966429 117.139044 115.966429 112.518736 106.999449 99.725451 91.096845 81.560529 71.572143 61.560851 51.900616 42.890365 34.743987 27.589693 21.477182 16.390341 12.263015 8.995483 6.469789 4.562635 3.155178 2.139626 1.422926 0.928074 0.593696 0.372524 0.229287 0.138443 0.082007 0.047660 0.027178 0.015207 0.008350 0.004500 0.002380 0.001236 0.000630 0.000315 0.000155 0.000075 0.000035 0.000016 0.000007 0.000003 0.000001 0.000001 0.000000 0.000000 0.000000 0.000000 0.000000 
0.000000 0.000000 0.000000 0.000000 0.000000 0.000000 0.000001 0.000002 0.000004 0.000009 0.000020 0.000043 0.000091 0.000189 0.000385 0.000768 0.001507 0.002901 0.005483 0.010170 0.018513 0.033071 0.057971 0.099707 0.168256 0.278558 0.452408 0.720754 1.126312 1.726307 2.595011 3.825580 5.530542 7.840197 10.898148 14.853312 19.848073 26.002700 33.396838 42.049612 51.900616 62.794597 74.472849 86.574016 98.646205 110.170956 120.597931 129.387434 136.056333 140.222020 141.638813 140.222020 136.056333 129.387434 120.597931 110.170956 98.646205 86.574016 74.472849 62.794597 51.900616 42.049612 33.396838 26.002700 19.848073 14.853312 10.898148 7.840197 5.530542 3.825580 2.595011 1.726307 1.126312 0.720754 0.452408 0.278558 0.168256 0.099707 0.057971 0.033071 0.018513 0.010170 0.005483 0.002901 0.001507 0.000768 0.000385 0.000189 0.000091 0.000043 0.000020 0.000009 0.000004 0.000002 0.000001 0.000000 0.000000 0.000000 0.000000 0.000000 
0.000000 0.000000 0.000000 0.000000 0.000000 0.000000 0.000001 0.000002 0.000005 0.000011 0.000024 0.000052 0.000109 0.000226 0.000460 0.000918 0.001800 0.003464 0.006544 0.012133 0.022078 0.039423 0.069079 0.118769 0.200353 0.331582 0.538347 0.857397 1.339436 2.052369 3.084299 4.545692 6.569944 9.311463 12.940360 17.632970 23.557805 30.857096 39.624877 49.883441 61.560851 74.472849 88.312697 102.652171 116.955939 130.609953 142.962526 153.374655 161.274374 166.208748 167.886957 166.208748 161.274374 153.374655 142.962526 130.609953 116.955939 102.652171 88.312697 74.472849 61.560851 49.883441 39.624877 30.857096 23.557805 17.632970 12.940360 9.311463 6.569944 4.545692 3.084299 2.052369 1.339436 0.857397 0.538347 0.331582 0.200353 0.118769 0.069079 0.039423 0.022078 0.012133 0.006544 0.003464 0.001800 0.000918 0.000460 0.000226 0.000109 0.000052 0.000024 0.000011 0.000005 0.000002 0.000001 0.000000 0.000000 0.000000 0.000000 0.000000 
0.000000 0.000000 0.000000 0.000000 0.000000 0.000000 0.000001 0.000003 0.000006 0.000013 0.000028 0.000061 0.000128 0.000265 0.000538 0.001075 0.002106 0.004051 0.007650 0.014179 0.025791 0.046037 0.080641 0.138603 0.233737 0.386716 0.627680 0.999394 1.560847 2.391017 3.592341 5.293220 7.648662 10.838040 15.058902 20.515950 27.404717 35.890129 46.081068 58.003048 71.572143 86.574016 102.652171 119.309150 135.923248 151.781494 166.127335 178.219028 187.392706 193.122690 195.071467 193.122690 187.392706 178.219028 166.127335 151.781494 135.923248 119.309150 102.652171 86.574016 71.572143 58.003048 46.081068 35.890129 27.404717 20.515950 15.058902 10.838040 7.648662 5.293220 3.592341 2.391017 1.560847 0.999394 0.627680 0.386716 0.233737 0.138603 0.080641 0.046037 0.025791 0.014179 0.007650 0.004051 0.002106 0.001075 0.000538 0.000265 0.000128 0.000061 0.000028 0.000013 0.000006 0.000003 0.000001 0.000000 0.000000 0.000000 0.000000 0.000000 
