0.000000 0.000000 0.000000 0.000000 0.000000 0.000000 0.000000 0.000000 0.000000 0.000000 0.000000 0.000000 0.000000 0.000000 0.000000 0.000000 0.000000 0.000000 0.000000 0.000000 0.000000 0.000000 0.000000 0.000000 0.000000 0.000000 0.000000 0.000000 0.000000 0.000000 0.000000 0.000000 0.000000 0.000000 0.000000 0.000000 0.000000 0.000000 0.000000 0.000000 0.000000 0.000000 0.000000 0.000000 0.000000 0.000000 0.000000 0.000000 0.000000 0.000000 0.000000 0.000000 0.000000 0.000000 0.000000 0.000000 0.000000 0.000000 0.000000 0.000000 0.000000 0.000000 0.000000 0.000000 0.000000 0.000000 0.000000 0.000000 0.000000 0.000000 0.000000 0.000000 0.000000 0.000000 0.000000 0.000000 0.000000 0.000000 0.000000 0.000000 0.000000 0.000000 0.000000 0.000000 0.000000 0.000000 0.000000 0.000000 0.000000 0.000000 0.000000 0.000000 0.000000 0.000000 0.000000 0.000000 0.000000 0.000000 0.000000 0.000000 
0.000000 0.000000 0.000000 0.000000 0.000000 0.000000 0.000000 0.000000 0.000000 0.000000 0.000000 0.000000 0.000000 0.000000 0.000000 0.000000 0.000000 0.000000 0.000000 0.000000 0.000000 0.000000 0.000000 0.000000 0.000000 0.000000 0.000000 0.000000 0.000000 0.000000 0.000000 0.000000 0.000000 0.000000 0.000000 0.000000 0.000000 0.000000 0.000000 0.000000 0.000000 0.000000 0.000000 0.000000 0.000000 0.000000 0.000000 0.000000 0.000000 0.000000 0.000000 0.000000 0.000000 0.000000 0.000000 0.000000 0.000000 0.000000 0.000000 0.000000 0.000000 0.000000 0.000000 0.000000 0.000000 0.000000 0.000000 0.000000 0.000000 0.000000 0.000000 0.000000 0.000000 0.000000 0.000000 0.000000 0.000000 0.000000 0.000000 0.000000 0.000000 0.000000 0.000000 0.000000 0.000000 0.000000 0.000000 0.000000 0.000000 0.000000 0.000000 0.000000 0.000000 0.000000 0.000000 0.000000 0.000000 0.000000 0.000000 0.000000 
0.000000 0.000000 0.000000 0.000000 0.000000 0.000000 0.000000 0.000000 0.000000 0.000000 0.000000 0.000000 0.000000 0.000000 0.000000 0.000000 0.000000 0.000000 0.000000 0.000000 0.000000 0.000000 0.000000 0.000000 0.000000 0.000000 0.000000 0.000000 0.000000 0.000000 0.000000 0.000000 0.000000 0.000000 0.000000 0.000000 0.000000 0.000000 0.000000 0.000000 0.000000 0.000000 0.000000 0.000000 0.000000 0.000000 0.000000 0.000000 0.000000 0.000000 0.000000 0.000000 0.000000 0.000000 0.000000 0.000000 0.000000 0.000000 0.000000 0.000000 0.000000 0.000000 0.000000 0.000000 0.000000 0.000000 0.000000 0.000000 0.000000 0.000000 0.000000 0.000000 0.000000 0.000000 0.000000 0.000000 0.000000 0.000000 0.000000 0.000000 0.000000 0.000000 0.000000 0.000000 0.000000 0.000000 0.000000 0.000000 0.000000 0.000000 0.000000 0.000000 0.000000 0.000000 0.000000 0.000000 0.000000 0.000000 0.000000 0.000000 
0.000000 0.000000 0.000000 0.000000 0.000000 0.000000 0.000000 0.000000 0.000000 0.000000 0.000000 0.000000 0.000000 0.000000 0.000000 0.000000 0.000000 0.000000 0.000000 0.000000 0.000000 0.000000 0.000000 0.000000 0.000000 0.000000 0.000000 0.000000 0.000000 0.000000 0.000000 0.000000 0.000000 0.000000 0.000000 0.000000 0.000000 0.000000 0.000000 0.000000 0.000000 0.000000 0.000000 0.000000 0.000000 0.000000 0.000000 0.000000 0.000000 0.000000 0.000000 0.000000 0.000000 0.000000 0.000000 0.000000 0.000000 0.000000 0.000000 0.000000 0.000000 0.000000 0.000000 0.000000 0.000000 0.000000 0.000000 0.000000 0.000000 0.000000 0.000000 0.000000 0.000000 0.000000 0.000000 0.000000 0.000000 0.000000 0.000000 0.000000 0.000000 0.000000 0.000000 0.000000 0.000000 0.000000 0.000000 0.000000 0.000000 0.000000 0.000000 0.000000 0.000000 0.000000 0.000000 0.000000 0.000000 0.000000 0.000000 0.000000 
0.000000 0.000000 0.000000 0.000000 0.000000 0.000000 0.000000 0.000000 0.000000 0.000000 0.000000 0.000000 0.000000 0.000000 0.000000 0.000000 0.000000 0.000000 0.000000 0.000000 0.000000 0.000000 0.000000 0.000000 0.000000 0.000000 0.000000 0.000000 0.000000 0.000000 0.000000 0.000000 0.000000 0.000000 0.000000 0.000000 0.000000 0.000000 0.000000 0.000000 0.000000 0.000000 0.000000 0.000000 0.000000 0.000000 0.000000 0.000000 0.000000 0.000000 0.000000 0.000000 0.000000 0.000000 0.000000 0.000000 0.000000 0.000000 0.000000 0.000000 0.000000 0.000000 0.000000 0.000000 0.000000 0.000000 0.000000 0.000000 0.000000 0.000000 0.000000 0.000000 0.000000 0.000000 0.000000 0.000000 0.000000 0.000000 0.000000 0.000000 0.000000 0.000000 0.000000 0.000000 0.000000 0.000000 0.000000 0.000000 0.000000 0.000000 0.000000 0.000000 0.000000 0.000000 0.000000 0.000000 0.000000 0.000000 0.000000 0.000000 
0.000000 0.000000 0.000000 0.000000 0.000000 0.000000 0.000000 0.000000 0.000000 0.000000 0.000000 0.000000 0.000000 0.000000 0.000000 0.000000 0.000000 0.000000 0.000000 0.000000 0.000000 0.000000 0.000000 0.000000 0.000000 0.000000 0.000000 0.000000 0.000000 0.000000 0.000000 0.000000 0.000000 0.000000 0.000000 0.000000 0.000000 0.000000 0.000000 0.000000 0.000000 0.000000 0.000000 0.000000 0.000000 0.000000 0.000000 0.000000 0.000000 0.000000 0.000000 0.000000 0.000000 0.000000 0.000000 0.000000 0.000000 0.000000 0.000000 0.000000 0.000000 0.000000 0.000000 0.000000 0.000000 0.000000 0.000000 0.000000 0.000000 0.000000 0.000000 0.000000 0.000000 0.000000 0.000000 0.000000 0.000000 0.000000 0.000000 0.000000 0.000000 0.000000 0.000000 0.000000 0.000000 0.000000 0.000000 0.000000 0.000000 0.000000 0.000000 0.000000 0.000000 0.000000 0.000000 0.000000 0.000000 0.000000 0.000000 0.000000 
0.000000 0.000000 0.000000 0.000000 0.000000 0.000000 0.000000 0.000000 0.000000 0.000000 0.000000 0.000000 0.000000 0.000000 0.000000 0.000000 0.000000 0.000000 0.000000 0.000000 0.000000 0.000000 0.000000 0.000000 0.000000 0.000000 0.000000 0.000000 0.000000 0.000000 0.000000 0.000000 0.000000 0.000000 0.000000 0.000000 0.000000 0.000000 0.000000 0.000000 0.000000 0.000000 0.000000 0.000000 0.000000 0.000000 0.000000 0.000000 0.000000 0.000000 0.000000 0.000000 0.000000 0.000000 0.000000 0.000000 0.000000 0.000000 0.000000 0.000000 0.000000 0.000000 0.000000 0.000000 0.000000 0.000000 0.000000 0.000000 0.000000 0.000000 0.000000 0.000000 0.000000 0.000000 0.000000 0.000000 0.000000 0.000000 0.000000 0.000000 0.000000 0.000000 0.000000 0.000000 0.000000 0.000000 0.000000 0.000000 0.000000 0.000000 0.000000 0.000000 0.000000 0.000000 0.000000 0.000000 0.000000 0.000000 0.000000 0.000000 
0.000000 0.000000 0.000000 0.000000 0.000000 0.000000 0.000000 0.000000 0.000000 0.000000 0.000000 0.000000 0.000000 0.000000 0.000000 0.000000 0.000000 0.000000 0.000000 0.000000 0.000000 0.000000 0.000000 0.000000 0.000000 0.000000 0.000000 0.000000 0.000000 0.000000 0.000000 0.000000 0.000000 0.000000 0.000000 0.000000 0.000000 0.000000 0.000000 0.000000 0.000000 0.000000 0.000000 0.000000 0.000000 0.000000 0.000000 0.000000 0.000000 0.000000 0.000000 0.000000 0.000000 0.000000 0.000000 0.000000 0.000000 0.000000 0.000000 0.000000 0.000000 0.000000 0.000000 0.000000 0.000000 0.000000 0.000000 0.000000 0.000000 0.000000 0.000000 0.000000 0.000000 0.000000 0.000000 0.000000 0.000000 0.000000 0.000000 0.000000 0.000000 0.000000 0.000000 0.000000 0.000000 0.000000 0.000000 0.000000 0.000000 0.000000 0.000000 0.000000 0.000000 0.000000 0.000000 0.000000 0.000000 0.000000 0.000000 0.000000 
0.000000 0.000000 0.000000 0.000000 0.000000 0.000000 0.000000 0.000000 0.000000 0.000000 0.000000 0.000000 0.000000 0.000000 0.000000 0.000000 0.000000 0.000000 0.000000 0.000000 0.000000 0.000000 0.000000 0.000000 0.000000 0.000000 0.000000 0.000000 0.000000 0.000000 0.000000 0.000000 0.000000 0.000000 0.000000 0.000000 0.000000 0.000000 0.000000 0.000000 0.000000 0.000000 0.000000 0.000000 0.000000 0.000000 0.000000 0.000000 0.000000 0.000000 0.000000 0.000000 0.000000 0.000000 0.000000 0.000000 0.000000 0.000000 0.000000 0.000000 0.000000 0.000000 0.000000 0.000000 0.000000 0.000000 0.000000 0.000000 0.000000 0.000000 0.000000 0.000000 0.000000 0.000000 0.000000 0.000000 0.000000 0.000000 0.000000 0.000000 0.000000 0.000000 0.000000 0.000000 0.000000 0.000000 0.000000 0.000000 0.000000 0.000000 0.000000 0.000000 0.000000 0.000000 0.000000 0.000000 0.000000 0.000000 0.000000 0.000000 
0.000000 0.000000 0.000000 0.000000 0.000000 0.000000 0.000000 0.000000 0.000000 0.000000 0.000000 0.000000 0.000000 0.000000 0.000000 0.000000 0.000000 0.000000 0.000000 0.000000 0.000000 0.000000 0.000000 0.000000 0.000000 0.000000 0.000000 0.000000 0.000000 0.000000 0.000000 0.000000 0.000000 0.000000 0.000000 0.000000 0.000000 0.000000 0.000000 0.000000 0.000000 0.000000 0.000000 0.000000 0.000000 0.000000 0.000000 0.000000 0.000000 0.000000 0.000000 0.000000 0.000000 0.000000 0.000000 0.000000 0.000000 0.000000 0.000000 0.000000 0.000000 0.000000 0.000000 0.000000 0.000000 0.000000 0.000000 0.000000 0.000000 0.000000 0.000000 0.000000 0.000000 0.000000 0.000000 0.000000 0.000000 0.000000 0.000000 0.000000 0.000000 0.000000 0.000000 0.000000 0.000000 0.000000 0.000000 0.000000 0.000000 0.000000 0.000000 0.000000 0.000000 0.000000 0.000000 0.000000 0.000000 0.000000 0.000000 0.000000 
0.000000 0.000000 0.000000 0.000000 0.000000 0.000000 0.000000 0.000000 0.000000 0.000000 0.000000 0.000000 0.000000 0.000000 0.000000 0.000000 0.000000 0.000000 0.000000 0.000000 0.000000 0.000000 0.000000 0.000000 0.000000 0.000000 0.000000 0.000000 0.000000 0.000000 0.000000 0.000000 0.000000 0.000000 0.000000 0.000000 0.000000 0.000000 0.000000 0.000000 0.000000 0.000000 0.000000 0.000000 0.000000 0.000000 0.000000 0.000000 0.000000 0.000000 0.000000 0.000000 0.000000 0.000000 0.000000 0.000000 0.000000 0.000000 0.000000 0.000000 0.000000 0.000000 0.000000 0.000000 0.000000 0.000000 0.000000 0.000000 0.000000 0.000000 0.000000 0.000000 0.000000 0.000000 0.000000 0.000000 0.000000 0.000000 0.000000 0.000000 0.000000 0.000000 0.000000 0.000000 0.000000 0.000000 0.000000 0.000000 0.000000 0.000000 0.000000 0.000000 0.000000 0.000000 0.000000 0.000000 0.000000 0.000000 0.000000 0.000000 
0.000000 0.000000 0.000000 0.000000 0.000000 0.000000 0.000000 0.000000 0.000000 0.000000 0.000000 0.000000 0.000000 0.000000 0.000000 0.000000 0.000000 0.000000 0.000000 0.000000 0.000000 0.000000 0.000000 0.000000 0.000000 0.000000 0.000000 0.000000 0.000000 0.000000 0.000000 0.000000 0.000000 0.000000 0.000000 0.000000 0.000000 0.000000 0.000000 0.000000 0.000000 0.000000 0.000000 0.000000 0.000000 0.000000 0.000000 0.000000 0.000000 0.000000 0.000000 0.000000 0.000000 0.000000 0.000000 0.000000 0.000000 0.000000 0.000000 0.000000 0.000000 0.000000 0.000000 0.000000 0.000000 0.000000 0.000000 0.000000 0.000000 0.000000 0.000000 0.000000 0.000000 0.000000 0.000000 0.000000 0.000000 0.000000 0.000000 0.000000 0.000000 0.000000 0.000000 0.000000 0.000000 0.000000 0.000000 0.000000 0.000000 0.000000 0.000000 0.000000 0.000000 0.000000 0.000000 0.000000 0.000000 0.000000 0.000000 0.000000 
0.000000 0.000000 0.000000 0.000000 0.000000 0.000000 0.000000 0.000000 0.000000 0.000000 0.000000 0.000000 0.000000 0.000000 0.000000 0.000000 0.000000 0.000000 0.000000 0.000000 0.000000 0.000000 0.000000 0.000000 0.000000 0.000000 0.000000 0.000000 0.000000 0.000000 0.000000 0.000000 0.000000 0.000000 0.000000 0.000000 0.000000 0.000000 0.000000 0.000000 0.000000 0.000000 0.000000 0.000000 0.000001 0.000001 0.000001 0.000001 0.000001 0.000001 0.000001 0.000001 0.000001 0.000001 0.000001 0.000001 0.000001 0.000000 0.000000 0.000000 0.000000 0.000000 0.000000 0.000000 0.000000 0.000000 0.000000 0.000000 0.000000 0.000000 0.000000 0.000000 0.000000 0.000000 0.000000 0.000000 0.000000 0.000000 0.000000 0.000000 0.000000 0.000000 0.000000 0.000000 0.000000 0.000000 0.000000 0.000000 0.000000 0.000000 0.000000 0.000000 0.000000 0.000000 0.000000 0.000000 0.000000 0.000000 0.000000 0.000000 
0.000000 0.000000 0.000000 0.000000 0.000000 0.000000 0.000000 0.000000 0.000000 0.000000 0.000000 0.000000 0.000000 0.000000 0.000000 0.000000 0.000000 0.000000 0.000000 0.000000 0.000000 0.000000 0.000000 0.000000 0.000000 0.000000 0.000000 0.000000 0.000000 0.000000 0.000000 0.000000 0.000000 0.000000 0.000000 0.000000 0.000000 0.000000 0.000000 0.000000 0.000001 0.000001 0.000001 0.000001 0.000001 0.000002 0.000002 0.000002 0.000002 0.000003 0.000003 0.000003 0.000002 0.000002 0.000002 0.000002 0.000001 0.000001 0.000001 0.000001 0.000001 0.000000 0.000000 0.000000 0.000000 0.000000 0.000000 0.000000 0.000000 0.000000 0.000000 0.000000 0.000000 0.000000 0.000000 0.000000 0.000000 0.000000 0.000000 0.000000 0.000000 0.000000 0.000000 0.000000 0.000000 0.000000 0.000000 0.000000 0.000000 0.000000 0.000000 0.000000 0.000000 0.000000 0.000000 0.000000 0.000000 0.000000 0.000000 0.000000 
0.000000 0.000000 0.000000 0.000000 0.000000 0.000000 0.000000 0.000000 0.000000 0.000000 0.000000 0.000000 0.000000 0.000000 0.000000 0.000000 0.000000 0.000000 0.000000 0.000000 0.000000 0.000000 0.000000 0.000000 0.000000 0.000000 0.000000 0.000000 0.000000 0.000000 0.000000 0.000000 0.000000 0.000000 0.000000 0.000000 0.000000 0.000000 0.000001 0.000001 0.000001 0.000002 0.000003 0.000003 0.000004 0.000005 0.000005 0.000006 0.000007 0.000007 0.000007 0.000007 0.000007 0.000006 0.000005 0.000005 0.000004 0.000003 0.000003 0.000002 0.000001 0.000001 0.000001 0.000000 0.000000 0.000000 0.000000 0.000000 0.000000 0.000000 0.000000 0.000000 0.000000 0.000000 0.000000 0.000000 0.000000 0.000000 0.000000 0.000000 0.000000 0.000000 0.000000 0.000000 0.000000 0.000000 0.000000 0.000000 0.000000 0.000000 0.000000 0.000000 0.000000 0.000000 0.000000 0.000000 0.000000 0.000000 0.000000 0.000000 
0.000000 0.000000 0.000000 0.000000 0.000000 0.000000 0.000000 0.000000 0.000000 0.000000 0.000000 0.000000 0.000000 0.000000 0.000000 0.000000 0.000000 0.000000 0.000000 0.000000 0.000000 0.000000 0.000000 0.000000 0.000000 0.000000 0.000000 0.000000 0.000000 0.000000 0.000000 0.000000 0.000000 0.000000 0.000000 0.000001 0.000001 0.000001 0.000002 0.000003 0.000004 0.000005 0.000007 0.000008 0.000010 0.000012 0.000014 0.000016 0.000017 0.000018 0.000018 0.000018 0.000017 0.000016 0.000014 0.000012 0.000010 0.000008 0.000007 0.000005 0.000004 0.000003 0.000002 0.000001 0.000001 0.000001 0.000000 0.000000 0.000000 0.000000 0.000000 0.000000 0.000000 0.000000 0.000000 0.000000 0.000000 0.000000 0.000000 0.000000 0.000000 0.000000 0.000000 0.000000 0.000000 0.000000 0.000000 0.000000 0.000000 0.000000 0.000000 0.000000 0.000000 0.000000 0.000000 0.000000 0.000000 0.000000 0.000000 0.000000 
0.000000 0.000000 0.000000 0.000000 0.000000 0.000000 0.000000 0.000000 0.000000 0.000000 0.000000 0.000000 0.000000 0.000000 0.000000 0.000000 0.000000 0.000000 0.000000 0.000000 0.000000 0.000000 0.000000 0.000000 0.000000 0.000000 0.000000 0.000000 0.000000 0.000000 0.000000 0.000000 0.000000 0.000001 0.000001 0.000001 0.000002 0.000003 0.000005 0.000007 0.000010 0.000013 0.000017 0.000022 0.000026 0.000031 0.000036 0.000040 0.000044 0.000046 0.000046 0.000046 0.000044 0.000040 0.000036 0.000031 0.000026 0.000022 0.000017 0.000013 0.000010 0.000007 0.000005 0.000003 0.000002 0.000001 0.000001 0.000001 0.000000 0.000000 0.000000 0.000000 0.000000 0.000000 0.000000 0.000000 0.000000 0.000000 0.000000 0.000000 0.000000 0.000000 0.000000 0.000000 0.000000 0.000000 0.000000 0.000000 0.000000 0.000000 0.000000 0.000000 0.000000 0.000000 0.000000 0.000000 0.000000 0.000000 0.000000 0.000000 
0.000000 0.000000 0.000000 0.000000 0.000000 0.000000 0.000000 0.000000 0.000000 0.000000 0.000000 0.000000 0.000000 0.000000 0.000000 0.000000 0.000000 0.000000 0.000000 0.000000 0.000000 0.000000 0.000000 0.000000 0.000000 0.000000 0.000000 0.000000 0.000000 0.000000 0.000000 0.000000 0.000001 0.000001 0.000002 0.000004 0.000006 0.000008 0.000012 0.000018 0.000024 0.000033 0.000043 0.000054 0.000066 0.000078 0.000090 0.000100 0.000108 0.000114 0.000115 0.000114 0.000108 0.000100 0.000090 0.000078 0.000066 0.000054 0.000043 0.000033 0.000024 0.000018 0.000012 0.000008 0.000006 0.000004 0.000002 0.000001 0.000001 0.000000 0.000000 0.000000 0.000000 0.000000 0.000000 0.000000 0.000000 0.000000 0.000000 0.000000 0.000000 0.000000 0.000000 0.000000 0.000000 0.000000 0.000000 0.000000 0.000000 0.000000 0.000000 0.000000 0.000000 0.000000 0.000000 0.000000 0.000000 0.000000 0.000000 0.000000 
0.000000 0.000000 0.000000 0.000000 0.000000 0.000000 0.000000 0.000000 0.000000 0.000000 0.000000 0.000000 0.000000 0.000000 0.000000 0.000000 0.000000 0.000000 0.000000 0.000000 0.000000 0.000000 0.000000 0.000000 0.000000 0.000000 0.000000 0.000000 0.000000 0.000000 0.000001 0.000001 0.000002 0.000003 0.000005 0.000009 0.000014 0.000021 0.000030 0.000043 0.000060 0.000080 0.000104 0.000131 0.000160 0.000190 0.000219 0.000244 0.000263 0.000276 0.000280 0.000276 0.000263 0.000244 0.000219 0.000190 0.000160 0.000131 0.000104 0.000080 0.000060 0.000043 0.000030 0.000021 0.000014 0.000009 0.000005 0.000003 0.000002 0.000001 0.000001 0.000000 0.000000 0.000000 0.000000 0.000000 0.000000 0.000000 0.000000 0.000000 0.000000 0.000000 0.000000 0.000000 0.000000 0.000000 0.000000 0.000000 0.000000 0.000000 0.000000 0.000000 0.000000 0.000000 0.000000 0.000000 0.000000 0.000000 0.000000 0.000000 
0.000000 0.000000 0.000000 0.000000 0.000000 0.000000 0.000000 0.000000 0.000000 0.000000 0.000000 0.000000 0.000000 0.000000 0.000000 0.000000 0.000000 0.000000 0.000000 0.000000 0.000000 0.000000 0.000000 0.000000 0.000000 0.000000 0.000000 0.000000 0.000000 0.000001 0.000001 0.000003 0.000005 0.000008 0.000013 0.000021 0.000033 0.000049 0.000072 0.000103 0.000142 0.000190 0.000247 0.000311 0.000380 0.000451 0.000518 0.000577 0.000623 0.000653 0.000663 0.000653 0.000623 0.000577 0.000518 0.000451 0.000380 0.000311 0.000247 0.000190 0.000142 0.000103 0.000072 0.000049 0.000033 0.000021 0.000013 0.000008 0.000005 0.000003 0.000001 0.000001 0.000000 0.000000 0.000000 0.000000 0.000000 0.000000 0.000000 0.000000 0.000000 0.000000 0.000000 0.000000 0.000000 0.000000 0.000000 0.000000 0.000000 0.000000 0.000000 0.000000 0.000000 0.000000 0.000000 0.000000 0.000000 0.000000 0.000000 0.000000 
0.000000 0.000000 0.000000 0.000000 0.000000 0.000000 0.000000 0.000000 0.000000 0.000000 0.000000 0.000000 0.000000 0.000000 0.000000 0.000000 0.000000 0.000000 0.000000 0.000000 0.000000 0.000000 0.000000 0.000000 0.000000 0.000000 0.000000 0.000001 0.000001 0.000002 0.000004 0.000006 0.000011 0.000019 0.000031 0.000049 0.000077 0.000115 0.000169 0.000240 0.000330 0.000442 0.000573 0.000721 0.000880 0.001042 0.001196 0.001332 0.001438 0.001506 0.001529 0.001506 0.001438 0.001332 0.001196 0.001042 0.000880 0.000721 0.000573 0.000442 0.000330 0.000240 0.000169 0.000115 0.000077 0.000049 0.000031 0.000019 0.000011 0.000006 0.000004 0.000002 0.000001 0.000001 0.000000 0.000000 0.000000 0.000000 0.000000 0.000000 0.000000 0.000000 0.000000 0.000000 0.000000 0.000000 0.000000 0.000000 0.000000 0.000000 0.000000 0.000000 0.000000 0.000000 0.000000 0.000000 0.000000 0.000000 0.000000 0.000000 
0.000000 0.000000 0.000000 0.000000 0.000000 0.000000 0.000000 0.000000 0.000000 0.000000 0.000000 0.000000 0.000000 0.000000 0.000000 0.000000 0.000000 0.000000 0.000000 0.000000 0.000000 0.000000 0.000000 0.000000 0.000000 0.000000 0.000001 0.000001 0.000002 0.000004 0.000008 0.000015 0.000025 0.000043 0.000070 0.000113 0.000174 0.000262 0.000383 0.000544 0.000748 0.000999 0.001294 0.001627 0.001984 0.002347 0.002693 0.002997 0.003235 0.003387 0.003439 0.003387 0.003235 0.002997 0.002693 0.002347 0.001984 0.001627 0.001294 0.000999 0.000748 0.000544 0.000383 0.000262 0.000174 0.000113 0.000070 0.000043 0.000025 0.000015 0.000008 0.000004 0.000002 0.000001 0.000001 0.000000 0.000000 0.000000 0.000000 0.000000 0.000000 0.000000 0.000000 0.000000 0.000000 0.000000 0.000000 0.000000 0.000000 0.000000 0.000000 0.000000 0.000000 0.000000 0.000000 0.000000 0.000000 0.000000 0.000000 0.000000 
0.000000 0.000000 0.000000 0.000000 0.000000 0.000000 0.000000 0.000000 0.000000 0.000000 0.000000 0.000000 0.000000 0.000000 0.000000 0.000000 0.000000 0.000000 0.000000 0.000000 0.000000 0.000000 0.000000 0.000000 0.000000 0.000001 0.000001 0.000003 0.000005 0.000010 0.000018 0.000033 0.000057 0.000096 0.000157 0.000250 0.000387 0.000582 0.000848 0.001201 0.001651 0.002201 0.002849 0.003578 0.004359 0.005153 0.005909 0.006574 0.007094 0.007425 0.007539 0.007425 0.007094 0.006574 0.005909 0.005153 0.004359 0.003578 0.002849 0.002201 0.001651 0.001201 0.000848 0.000582 0.000387 0.000250 0.000157 0.000096 0.000057 0.000033 0.000018 0.000010 0.000005 0.000003 0.000001 0.000001 0.000000 0.000000 0.000000 0.000000 0.000000 0.000000 0.000000 0.000000 0.000000 0.000000 0.000000 0.000000 0.000000 0.000000 0.000000 0.000000 0.000000 0.000000 0.000000 0.000000 0.000000 0.000000 0.000000 0.000000 
0.000000 0.000000 0.000000 0.000000 0.000000 0.000000 0.000000 0.000000 0.000000 0.000000 0.000000 0.000000 0.000000 0.000000 0.000000 0.000000 0.000000 0.000000 0.000000 0.000000 0.000000 0.000000 0.000000 0.000000 0.000001 0.000001 0.000003 0.000006 0.000011 0.000022 0.000040 0.000071 0.000124 0.000208 0.000341 0.000542 0.000837 0.001256 0.001829 0.002586 0.003549 0.004727 0.006111 0.007667 0.009334 0.011026 0.012638 0.014053 0.015160 0.015865 0.016108 0.015865 0.015160 0.014053 0.012638 0.011026 0.009334 0.007667 0.006111 0.004727 0.003549 0.002586 0.001829 0.001256 0.000837 0.000542 0.000341 0.000208 0.000124 0.000071 0.000040 0.000022 0.000011 0.000006 0.000003 0.000001 0.000001 0.000000 0.000000 0.000000 0.000000 0.000000 0.000000 0.000000 0.000000 0.000000 0.000000 0.000000 0.000000 0.000000 0.000000 0.000000 0.000000 0.000000 0.000000 0.000000 0.000000 0.000000 0.000000 0.000000 
0.000000 0.000000 0.000000 0.000000 0.000000 0.000000 0.000000 0.000000 0.000000 0.000000 0.000000 0.000000 0.000000 0.000000 0.000000 0.000000 0.000000 0.000000 0.000000 0.000000 0.000000 0.000000 0.000000 0.000001 0.000001 0.000003 0.000006 0.000013 0.000025 0.000046 0.000085 0.000151 0.000262 0.000441 0.000721 0.001144 0.001764 0.002641 0.003841 0.005422 0.007432 0.009889 0.012772 0.016010 0.019475 0.022990 0.026335 0.029272 0.031568 0.033032 0.033535 0.033032 0.031568 0.029272 0.026335 0.022990 0.019475 0.016010 0.012772 0.009889 0.007432 0.005422 0.003841 0.002641 0.001764 0.001144 0.000721 0.000441 0.000262 0.000151 0.000085 0.000046 0.000025 0.000013 0.000006 0.000003 0.000001 0.000001 0.000000 0.000000 0.000000 0.000000 0.000000 0.000000 0.000000 0.000000 0.000000 0.000000 0.000000 0.000000 0.000000 0.000000 0.000000 0.000000 0.000000 0.000000 0.000000 0.000000 0.000000 0.000000 
0.000000 0.000000 0.000000 0.000000 0.000000 0.000000 0.000000 0.000000 0.000000 0.000000 0.000000 0.000000 0.000000 0.000000 0.000000 0.000000 0.000000 0.000000 0.000000 0.000000 0.000000 0.000000 0.000001 0.000001 0.000003 0.000007 0.000013 0.000027 0.000051 0.000097 0.000176 0.000314 0.000542 0.000909 0.001483 0.002350 0.003618 0.005410 0.007855 0.011075 0.015163 0.020153 0.026002 0.032565 0.039584 0.046699 0.053466 0.059403 0.064045 0.067003 0.068020 0.067003 0.064045 0.059403 0.053466 0.046699 0.039584 0.032565 0.026002 0.020153 0.015163 0.011075 0.007855 0.005410 0.003618 0.002350 0.001483 0.000909 0.000542 0.000314 0.000176 0.000097 0.000051 0.000027 0.000013 0.000007 0.000003 0.000001 0.000001 0.000000 0.000000 0.000000 0.000000 0.000000 0.000000 0.000000 0.000000 0.000000 0.000000 0.000000 0.000000 0.000000 0.000000 0.000000 0.000000 0.000000 0.000000 0.000000 0.000000 0.000000 
0.000000 0.000000 0.000000 0.000000 0.000000 0.000000 0.000000 0.000000 0.000000 0.000000 0.000000 0.000000 0.000000 0.000000 0.000000 0.000000 0.000000 0.000000 0.000000 0.000000 0.000000 0.000001 0.000001 0.000003 0.000006 0.000013 0.000027 0.000054 0.000104 0.000195 0.000356 0.000632 0.001090 0.001825 0.002972 0.004702 0.007227 0.010789 0.015645 0.022031 0.030126 0.039999 0.051559 0.064518 0.078369 0.092399 0.105734 0.117430 0.126570 0.132394 0.134395 0.132394 0.126570 0.117430 0.105734 0.092399 0.078369 0.064518 0.051559 0.039999 0.030126 0.022031 0.015645 0.010789 0.007227 0.004702 0.002972 0.001825 0.001090 0.000632 0.000356 0.000195 0.000104 0.000054 0.000027 0.000013 0.000006 0.000003 0.000001 0.000001 0.000000 0.000000 0.000000 0.000000 0.000000 0.000000 0.000000 0.000000 0.000000 0.000000 0.000000 0.000000 0.000000 0.000000 0.000000 0.000000 0.000000 0.000000 0.000000 0.000000 
0.000000 0.000000 0.000000 0.000000 0.000000 0.000000 0.000000 0.000000 0.000000 0.000000 0.000000 0.000000 0.000000 0.000000 0.000000 0.000000 0.000000 0.000000 0.000000 0.000000 0.000001 0.000001 0.000003 0.000006 0.000013 0.000027 0.000054 0.000107 0.000206 0.000385 0.000700 0.001240 0.002133 0.003567 0.005798 0.009157 0.014053 0.020950 0.030339 0.042671 0.058285 0.077308 0.099561 0.124486 0.151106 0.178051 0.203651 0.226091 0.243625 0.254794 0.258630 0.254794 0.243625 0.226091 0.203651 0.178051 0.151106 0.124486 0.099561 0.077308 0.058285 0.042671 0.030339 0.020950 0.014053 0.009157 0.005798 0.003567 0.002133 0.001240 0.000700 0.000385 0.000206 0.000107 0.000054 0.000027 0.000013 0.000006 0.000003 0.000001 0.000001 0.000000 0.000000 0.000000 0.000000 0.000000 0.000000 0.000000 0.000000 0.000000 0.000000 0.000000 0.000000 0.000000 0.000000 0.000000 0.000000 0.000000 0.000000 0.000000 
0.000000 0.000000 0.000000 0.000000 0.000000 0.000000 0.000000 0.000000 0.000000 0.000000 0.000000 0.000000 0.000000 0.000000 0.000000 0.000000 0.000000 0.000000 0.000000 0.000000 0.000001 0.000002 0.000005 0.000011 0.000025 0.000051 0.000104 0.000206 0.000395 0.000737 0.001340 0.002366 0.004064 0.006784 0.011008 0.017360 0.026601 0.039602 0.057276 0.080465 0.109791 0.145482 0.187196 0.233880 0.283703 0.334103 0.381962 0.423898 0.456654 0.477516 0.484680 0.477516 0.456654 0.423898 0.381962 0.334103 0.283703 0.233880 0.187196 0.145482 0.109791 0.080465 0.057276 0.039602 0.026601 0.017360 0.011008 0.006784 0.004064 0.002366 0.001340 0.000737 0.000395 0.000206 0.000104 0.000051 0.000025 0.000011 0.000005 0.000002 0.000001 0.000000 0.000000 0.000000 0.000000 0.000000 0.000000 0.000000 0.000000 0.000000 0.000000 0.000000 0.000000 0.000000 0.000000 0.000000 0.000000 0.000000 0.000000 0.000000 
0.000000 0.000000 0.000000 0.000000 0.000000 0.000000 0.000000 0.000000 0.000000 0.000000 0.000000 0.000000 0.000000 0.000000 0.000000 0.000000 0.000000 0.000000 0.000000 0.000001 0.000002 0.000004 0.000010 0.000022 0.000046 0.000097 0.000195 0.000385 0.000737 0.001375 0.002492 0.004394 0.007533 0.012554 0.020339 0.032026 0.049006 0.072863 0.105253 0.147700 0.201323 0.266521 0.342656 0.427793 0.518593 0.610392 0.697518 0.773831 0.833423 0.871367 0.884397 0.871367 0.833423 0.773831 0.697518 0.610392 0.518593 0.427793 0.342656 0.266521 0.201323 0.147700 0.105253 0.072863 0.049006 0.032026 0.020339 0.012554 0.007533 0.004394 0.002492 0.001375 0.000737 0.000385 0.000195 0.000097 0.000046 0.000022 0.000010 0.000004 0.000002 0.000001 0.000000 0.000000 0.000000 0.000000 0.000000 0.000000 0.000000 0.000000 0.000000 0.000000 0.000000 0.000000 0.000000 0.000000 0.000000 0.000000 0.000000 0.000000 
0.000000 0.000000 0.000000 0.000000 0.000000 0.000000 0.000000 0.000000 0.000000 0.000000 0.000000 0.000000 0.000000 0.000000 0.000000 0.000000 0.000000 0.000000 0.000001 0.000001 0.000004 0.000008 0.000018 0.000040 0.000085 0.000176 0.000356 0.000700 0.001340 0.002492 0.004510 0.007937 0.013584 0.022604 0.036565 0.057493 0.087856 0.130464 0.188240 0.263870 0.359316 0.475259 0.610534 0.761693 0.922801 1.085588 1.240016 1.375228 1.480782 1.547981 1.571054 1.547981 1.480782 1.375228 1.240016 1.085588 0.922801 0.761693 0.610534 0.475259 0.359316 0.263870 0.188240 0.130464 0.087856 0.057493 0.036565 0.022604 0.013584 0.007937 0.004510 0.002492 0.001340 0.000700 0.000356 0.000176 0.000085 0.000040 0.000018 0.000008 0.000004 0.000001 0.000001 0.000000 0.000000 0.000000 0.000000 0.000000 0.000000 0.000000 0.000000 0.000000 0.000000 0.000000 0.000000 0.000000 0.000000 0.000000 0.000000 0.000000 
0.000000 0.000000 0.000000 0.000000 0.000000 0.000000 0.000000 0.000000 0.000000 0.000000 0.000000 0.000000 0.000000 0.000000 0.000000 0.000000 0.000000 0.000000 0.000001 0.000003 0.000006 0.000015 0.000033 0.000071 0.000151 0.000314 0.000632 0.001240 0.002366 0.004394 0.007937 0.013946 0.023829 0.039591 0.063950 0.100415 0.153250 0.227300 0.327597 0.458747 0.624101 0.824784 1.058741 1.319983 1.598244 1.879255 2.145717 2.378938 2.560954 2.676811 2.716587 2.676811 2.560954 2.378938 2.145717 1.879255 1.598244 1.319983 1.058741 0.824784 0.624101 0.458747 0.327597 0.227300 0.153250 0.100415 0.063950 0.039591 0.023829 0.013946 0.007937 0.004394 0.002366 0.001240 0.000632 0.000314 0.000151 0.000071 0.000033 0.000015 0.000006 0.000003 0.000001 0.000000 0.000000 0.000000 0.000000 0.000000 0.000000 0.000000 0.000000 0.000000 0.000000 0.000000 0.000000 0.000000 0.000000 0.000000 0.000000 0.000000 
0.000000 0.000000 0.000000 0.000000 0.000000 0.000000 0.000000 0.000000 0.000000 0.000000 0.000000 0.000000 0.000000 0.000000 0.000000 0.000000 0.000000 0.000001 0.000002 0.000005 0.000011 0.000025 0.000057 0.000124 0.000262 0.000542 0.001090 0.002133 0.004064 0.007533 0.013584 0.023829 0.040654 0.067445 0.108793 0.170606 0.260057 0.385278 0.554699 0.776013 1.054785 1.392833 1.786632 2.226057 2.693831 3.165988 3.613507 4.005064 4.310577 4.505007 4.571754 4.505007 4.310577 4.005064 3.613507 3.165988 2.693831 2.226057 1.786632 1.392833 1.054785 0.776013 0.554699 0.385278 0.260057 0.170606 0.108793 0.067445 0.040654 0.023829 0.013584 0.007533 0.004064 0.002133 0.001090 0.000542 0.000262 0.000124 0.000057 0.000025 0.000011 0.000005 0.000002 0.000001 0.000000 0.000000 0.000000 0.000000 0.000000 0.000000 0.000000 0.000000 0.000000 0.000000 0.000000 0.000000 0.000000 0.000000 0.000000 0.000000 
0.000000 0.000000 0.000000 0.000000 0.000000 0.000000 0.000000 0.000000 0.000000 0.000000 0.000000 0.000000 0.000000 0.000000 0.000000 0.000000 0.000001 0.000001 0.000003 0.000008 0.000019 0.000043 0.000096 0.000208 0.000441 0.000909 0.001825 0.003567 0.006784 0.012554 0.022604 0.039591 0.067445 0.111739 0.180006 0.281931 0.429257 0.635264 0.913699 1.277070 1.734377 2.288478 2.933494 3.652779 4.418036 5.190090 5.921562 6.561357 7.060435 7.378000 7.487010 7.378000 7.060435 6.561357 5.921562 5.190090 4.418036 3.652779 2.933494 2.288478 1.734377 1.277070 0.913699 0.635264 0.429257 0.281931 0.180006 0.111739 0.067445 0.039591 0.022604 0.012554 0.006784 0.003567 0.001825 0.000909 0.000441 0.000208 0.000096 0.000043 0.000019 0.000008 0.000003 0.000001 0.000001 0.000000 0.000000 0.000000 0.000000 0.000000 0.000000 0.000000 0.000000 0.000000 0.000000 0.000000 0.000000 0.000000 0.000000 0.000000 
0.000000 0.000000 0.000000 0.000000 0.000000 0.000000 0.000000 0.000000 0.000000 0.000000 0.000000 0.000000 0.000000 0.000000 0.000000 0.000000 0.000001 0.000002 0.000005 0.000013 0.000031 0.000070 0.000157 0.000341 0.000721 0.001483 0.002972 0.005798 0.011008 0.020339 0.036565 0.063950 0.108793 0.180006 0.289623 0.453091 0.689105 1.018779 1.463924 2.044333 2.774178 3.657832 4.685772 5.831374 7.049546 8.277975 9.441389 10.458677 11.252042 11.756785 11.930035 11.756785 11.252042 10.458677 9.441389 8.277975 7.049546 5.831374 4.685772 3.657832 2.774178 2.044333 1.463924 1.018779 0.689105 0.453091 0.289623 0.180006 0.108793 0.063950 0.036565 0.020339 0.011008 0.005798 0.002972 0.001483 0.000721 0.000341 0.000157 0.000070 0.000031 0.000013 0.000005 0.000002 0.000001 0.000000 0.000000 0.000000 0.000000 0.000000 0.000000 0.000000 0.000000 0.000000 0.000000 0.000000 0.000000 0.000000 0.000000 0.000000 
0.000000 0.000000 0.000000 0.000000 0.000000 0.000000 0.000000 0.000000 0.000000 0.000000 0.000000 0.000000 0.000000 0.000000 0.000000 0.000001 0.000001 0.000004 0.000009 0.000021 0.000049 0.000113 0.000250 0.000542 0.001144 0.002350 0.004702 0.009157 0.017360 0.032026 0.057493 0.100415 0.170606 0.281931 0.453091 0.708045 1.075758 1.588888 2.281104 3.182894 4.315976 5.686868 7.280577 9.055691 10.942306 12.843987 14.644373 16.218177 17.445294 18.225878 18.493790 18.225878 17.445294 16.218177 14.644373 12.843987 10.942306 9.055691 7.280577 5.686868 4.315976 3.182894 2.281104 1.588888 1.075758 0.708045 0.453091 0.281931 0.170606 0.100415 0.057493 0.032026 0.017360 0.009157 0.004702 0.002350 0.001144 0.000542 0.000250 0.000113 0.000049 0.000021 0.000009 0.000004 0.000001 0.000001 0.000000 0.000000 0.000000 0.000000 0.000000 0.000000 0.000000 0.000000 0.000000 0.000000 0.000000 0.000000 0.000000 0.000000 
0.000000 0.000000 0.000000 0.000000 0.000000 0.000000 0.000000 0.000000 0.000000 0.000000 0.000000 0.000000 0.000000 0.000000 0.000000 0.000001 0.000002 0.000006 0.000014 0.000033 0.000077 0.000174 0.000387 0.000837 0.001764 0.003618 0.007227 0.014053 0.026601 0.049006 0.087856 0.153250 0.260057 0.429257 0.689105 1.075758 1.632865 2.409563 3.456432 4.819157 6.530138 8.598834 11.002315 13.677937 16.520286 19.384175 22.094604 24.463282 26.309797 27.484231 27.887293 27.484231 26.309797 24.463282 22.094604 19.384175 16.520286 13.677937 11.002315 8.598834 6.530138 4.819157 3.456432 2.409563 1.632865 1.075758 0.689105 0.429257 0.260057 0.153250 0.087856 0.049006 0.026601 0.014053 0.007227 0.003618 0.001764 0.000837 0.000387 0.000174 0.000077 0.000033 0.000014 0.000006 0.000002 0.000001 0.000000 0.000000 0.000000 0.000000 0.000000 0.000000 0.000000 0.000000 0.000000 0.000000 0.000000 0.000000 0.000000 0.000000 
0.000000 0.000000 0.000000 0.000000 0.000000 0.000000 0.000000 0.000000 0.000000 0.000000 0.000000 0.000000 0.000000 0.000000 0.000000 0.000001 0.000003 0.000008 0.000021 0.000049 0.000115 0.000262 0.000582 0.001256 0.002641 0.005410 0.010789 0.020950 0.039602 0.072863 0.130464 0.227300 0.385278 0.635264 1.018779 1.588888 2.409563 3.552729 5.092298 7.094884 9.607523 12.643588 16.169005 20.091632 24.256863 28.452078 32.421247 35.889080 38.591938 40.310812 40.900686 40.310812 38.591938 35.889080 32.421247 28.452078 24.256863 20.091632 16.169005 12.643588 9.607523 7.094884 5.092298 3.552729 2.409563 1.588888 1.018779 0.635264 0.385278 0.227300 0.130464 0.072863 0.039602 0.020950 0.010789 0.005410 0.002641 0.001256 0.000582 0.000262 0.000115 0.000049 0.000021 0.000008 0.000003 0.000001 0.000000 0.000000 0.000000 0.000000 0.000000 0.000000 0.000000 0.000000 0.000000 0.000000 0.000000 0.000000 0.000000 0.000000 
0.000000 0.000000 0.000000 0.000000 0.000000 0.000000 0.000000 0.000000 0.000000 0.000000 0.000000 0.000000 0.000000 0.000000 0.000001 0.000002 0.000005 0.000012 0.000030 0.000072 0.000169 0.000383 0.000848 0.001829 0.003841 0.007855 0.015645 0.030339 0.057276 0.105253 0.188240 0.327597 0.554699 0.913699 1.463924 2.281104 3.456432 5.092298 7.293766 10.155333 13.743454 18.076531 23.105386 28.698243 34.634586 40.611574 46.264862 51.202944 55.051052 57.497958 58.337625 57.497958 55.051052 51.202944 46.264862 40.611574 34.634586 28.698243 23.105386 18.076531 13.743454 10.155333 7.293766 5.092298 3.456432 2.281104 1.463924 0.913699 0.554699 0.327597 0.188240 0.105253 0.057276 0.030339 0.015645 0.007855 0.003841 0.001829 0.000848 0.000383 0.000169 0.000072 0.000030 0.000012 0.000005 0.000002 0.000001 0.000000 0.000000 0.000000 0.000000 0.000000 0.000000 0.000000 0.000000 0.000000 0.000000 0.000000 0.000000 0.000000 
0.000000 0.000000 0.000000 0.000000 0.000000 0.000000 0.000000 0.000000 0.000000 0.000000 0.000000 0.000000 0.000000 0.000000 0.000001 0.000003 0.000007 0.000018 0.000043 0.000103 0.000240 0.000544 0.001201 0.002586 0.005422 0.011075 0.022031 0.042671 0.080465 0.147700 0.263870 0.458747 0.776013 1.277070 2.044333 3.182894 4.819157 7.094884 10.155333 14.130907 19.112960 25.126164 32.101573 39.855975 48.083525 56.364740 64.195358 71.033842 76.362018 79.749693 80.912128 79.749693 76.362018 71.033842 64.195358 56.364740 48.083525 39.855975 32.101573 25.126164 19.112960 14.130907 10.155333 7.094884 4.819157 3.182894 2.044333 1.277070 0.776013 0.458747 0.263870 0.147700 0.080465 0.042671 0.022031 0.011075 0.005422 0.002586 0.001201 0.000544 0.000240 0.000103 0.000043 0.000018 0.000007 0.000003 0.000001 0.000000 0.000000 0.000000 0.000000 0.000000 0.000000 0.000000 0.000000 0.000000 0.000000 0.000000 0.000000 0.000000 
0.000000 0.000000 0.000000 0.000000 0.000000 0.000000 0.000000 0.000000 0.000000 0.000000 0.000000 0.000000 0.000000 0.000001 0.000001 0.000004 0.000010 0.000024 0.000060 0.000142 0.000330 0.000748 0.001651 0.003549 0.007432 0.015163 0.030126 0.058285 0.109791 0.201323 0.359316 0.624101 1.054785 1.734377 2.774178 4.315976 6.530138 9.607523 13.743454 19.112960 25.838237 33.951502 43.358876 53.812738 64.900655 76.057605 86.604892 95.814032 102.988235 107.549172 109.114119 107.549172 102.988235 95.814032 86.604892 76.057605 64.900655 53.812738 43.358876 33.951502 25.838237 19.112960 13.743454 9.607523 6.530138 4.315976 2.774178 1.734377 1.054785 0.624101 0.359316 0.201323 0.109791 0.058285 0.030126 0.015163 0.007432 0.003549 0.001651 0.000748 0.000330 0.000142 0.000060 0.000024 0.000010 0.000004 0.000001 0.000001 0.000000 0.000000 0.000000 0.000000 0.000000 0.000000 0.000000 0.000000 0.000000 0.000000 0.000000 0.000000 
0.000000 0.000000 0.000000 0.000000 0.000000 0.000000 0.000000 0.000000 0.000000 0.000000 0.000000 0.000000 0.000000 0.000001 0.000002 0.000005 0.000013 0.000033 0.000080 0.000190 0.000442 0.000999 0.002201 0.004727 0.009889 0.020153 0.039999 0.077308 0.145482 0.266521 0.475259 0.824784 1.392833 2.288478 3.657832 5.686868 8.598834 12.643588 18.076531 25.126164 33.951502 44.593541 56.928118 70.629945 85.158304 99.773213 113.586424 125.644986 135.037720 141.008535 143.057147 141.008535 135.037720 125.644986 113.586424 99.773213 85.158304 70.629945 56.928118 44.593541 33.951502 25.126164 18.076531 12.643588 8.598834 5.686868 3.657832 2.288478 1.392833 0.824784 0.475259 0.266521 0.145482 0.077308 0.039999 0.020153 0.009889 0.004727 0.002201 0.000999 0.000442 0.000190 0.000080 0.000033 0.000013 0.000005 0.000002 0.000001 0.000000 0.000000 0.000000 0.000000 0.000000 0.000000 0.000000 0.000000 0.000000 0.000000 0.000000 0.000000 
0.000000 0.000000 0.000000 0.000000 0.000000 0.000000 0.000000 0.000000 0.000000 0.000000 0.000000 0.000000 0.000000 0.000001 0.000003 0.000007 0.000017 0.000043 0.000104 0.000247 0.000573 0.001294 0.002849 0.006111 0.012772 0.026002 0.051559 0.099561 0.187196 0.342656 0.610534 1.058741 1.786632 2.933494 4.685772 7.280577 11.002315 16.169005 23.105386 32.101573 43.358876 56.928118 72.649831 90.108691 108.615557 127.228222 144.816381 160.167919 172.124204 179.724021 182.331447 179.724021 172.124204 160.167919 144.816381 127.228222 108.615557 90.108691 72.649831 56.928118 43.358876 32.101573 23.105386 16.169005 11.002315 7.280577 4.685772 2.933494 1.786632 1.058741 0.610534 0.342656 0.187196 0.099561 0.051559 0.026002 0.012772 0.006111 0.002849 0.001294 0.000573 0.000247 0.000104 0.000043 0.000017 0.000007 0.000003 0.000001 0.000000 0.000000 0.000000 0.000000 0.000000 0.000000 0.000000 0.000000 0.000000 0.000000 0.000000 0.000000 
0.000000 0.000000 0.000000 0.000000 0.000000 0.000000 0.000000 0.000000 0.000000 0.000000 0.000000 0.000000 0.000000 0.000001 0.000003 0.000008 0.000022 0.000054 0.000131 0.000311 0.000721 0.001627 0.003578 0.007667 0.016010 0.032565 0.064518 0.124486 0.233880 0.427793 0.761693 1.319983 2.226057 3.652779 5.831374 9.055691 13.677937 20.091632 28.698243 39.855975 53.812738 70.629945 90.108691 111.733632 134.651011 157.694532 179.465818 198.465847 213.262129 222.666480 225.892910 222.666480 213.262129 198.465847 179.465818 157.694532 134.651011 111.733632 90.108691 70.629945 53.812738 39.855975 28.698243 20.091632 13.677937 9.055691 5.831374 3.652779 2.226057 1.319983 0.761693 0.427793 0.233880 0.124486 0.064518 0.032565 0.016010 0.007667 0.003578 0.001627 0.000721 0.000311 0.000131 0.000054 0.000022 0.000008 0.000003 0.000001 0.000000 0.000000 0.000000 0.000000 0.000000 0.000000 0.000000 0.000000 0.000000 0.000000 0.000000 0.000000 
