0.000000 0.000000 0.000000 0.000000 0.000000 0.000000 0.000000 0.000001 0.000001 0.000001 0.000002 0.000003 0.000004 0.000006 0.000008 0.000011 0.000016 0.000021 0.000029 0.000039 0.000052 0.000069 0.000090 0.000116 0.000150 0.000190 0.000240 0.000300 0.000371 0.000455 0.000553 0.000665 0.000792 0.000935 0.001094 0.001267 0.001454 0.001652 0.001861 0.002075 0.002292 0.002509 0.002720 0.002920 0.003106 0.003273 0.003416 0.003531 0.003616 0.003668 0.003685 0.003668 0.003616 0.003531 0.003416 0.003273 0.003106 0.002920 0.002720 0.002509 0.002292 0.002075 0.001861 0.001652 0.001454 0.001267 0.001094 0.000935 0.000792 0.000665 0.000553 0.000455 0.000371 0.000300 0.000240 0.000190 0.000150 0.000116 0.000090 0.000069 0.000052 0.000039 0.000029 0.000021 0.000016 0.000011 0.000008 0.000006 0.000004 0.000003 0.000002 0.000001 0.000001 0.000001 0.000000 0.000000 0.000000 0.000000 0.000000 0.000000 
0.000000 0.000000 0.000000 0.000000 0.000000 0.000000 0.000000 0.000001 0.000001 0.000001 0.000002 0.000003 0.000004 0.000006 0.000008 0.000011 0.000016 0.000021 0.000029 0.000039 0.000052 0.000069 0.000090 0.000116 0.000150 0.000190 0.000240 0.000300 0.000371 0.000455 0.000553 0.000665 0.000792 0.000935 0.001094 0.001267 0.001454 0.001652 0.001861 0.002075 0.002292 0.002509 0.002720 0.002920 0.003106 0.003273 0.003416 0.003531 0.003616 0.003668 0.003685 0.003668 0.003616 0.003531 0.003416 0.003273 0.003106 0.002920 0.002720 0.002509 0.002292 0.002075 0.001861 0.001652 0.001454 0.001267 0.001094 0.000935 0.000792 0.000665 0.000553 0.000455 0.000371 0.000300 0.000240 0.000190 0.000150 0.000116 0.000090 0.000069 0.000052 0.000039 0.000029 0.000021 0.000016 0.000011 0.000008 0.000006 0.000004 0.000003 0.000002 0.000001 0.000001 0.000001 0.000000 0.000000 0.000000 0.000000 0.000000 0.000000 
0.000000 0.000000 0.000000 0.000000 0.000000 0.000000 0.000000 0.000001 0.000001 0.000002 0.000002 0.000003 0.000005 0.000007 0.000010 0.000013 0.000019 0.000026 0.000035 0.000047 0.000062 0.000082 0.000108 0.000140 0.000180 0.000229 0.000289 0.000360 0.000446 0.000547 0.000664 0.000798 0.000951 0.001123 0.001313 0.001520 0.001744 0.001982 0.002232 0.002489 0.002750 0.003009 0.003262 0.003502 0.003725 0.003925 0.004096 0.004235 0.004336 0.004398 0.004419 0.004398 0.004336 0.004235 0.004096 0.003925 0.003725 0.003502 0.003262 0.003009 0.002750 0.002489 0.002232 0.001982 0.001744 0.001520 0.001313 0.001123 0.000951 0.000798 0.000664 0.000547 0.000446 0.000360 0.000289 0.000229 0.000180 0.000140 0.000108 0.000082 0.000062 0.000047 0.000035 0.000026 0.000019 0.000013 0.000010 0.000007 0.000005 0.000003 0.000002 0.000002 0.000001 0.000001 0.000000 0.000000 0.000000 0.000000 0.000000 0.000000 
0.000000 0.000000 0.000000 0.000000 0.000000 0.000000 0.000001 0.000001 0.000001 0.000002 0.000003 0.000005 0.000007 0.000009 0.000013 0.000018 0.000025 0.000035 0.000047 0.000064 0.000085 0.000112 0.000147 0.000191 0.000245 0.000312 0.000393 0.000491 0.000607 0.000744 0.000903 0.001086 0.001294 0.001527 0.001786 0.002068 0.002372 0.002696 0.003035 0.003384 0.003738 0.004090 0.004434 0.004760 0.005063 0.005334 0.005567 0.005754 0.005892 0.005977 0.006005 0.005977 0.005892 0.005754 0.005567 0.005334 0.005063 0.004760 0.004434 0.004090 0.003738 0.003384 0.003035 0.002696 0.002372 0.002068 0.001786 0.001527 0.001294 0.001086 0.000903 0.000744 0.000607 0.000491 0.000393 0.000312 0.000245 0.000191 0.000147 0.000112 0.000085 0.000064 0.000047 0.000035 0.000025 0.000018 0.000013 0.000009 0.000007 0.000005 0.000003 0.000002 0.000001 0.000001 0.000001 0.000000 0.000000 0.000000 0.000000 0.000000 
0.000000 0.000000 0.000000 0.000000 0.000000 0.000001 0.000001 0.000001 0.000002 0.000003 0.000005 0.000007 0.000010 0.000014 0.000019 0.000027 0.000037 0.000051 0.000069 0.000093 0.000124 0.000163 0.000214 0.000277 0.000356 0.000453 0.000570 0.000712 0.000881 0.001079 0.001310 0.001575 0.001876 0.002214 0.002588 0.002996 0.003437 0.003906 0.004396 0.004902 0.005414 0.005924 0.006420 0.006893 0.007330 0.007722 0.008059 0.008330 0.008530 0.008652 0.008693 0.008652 0.008530 0.008330 0.008059 0.007722 0.007330 0.006893 0.006420 0.005924 0.005414 0.004902 0.004396 0.003906 0.003437 0.002996 0.002588 0.002214 0.001876 0.001575 0.001310 0.001079 0.000881 0.000712 0.000570 0.000453 0.000356 0.000277 0.000214 0.000163 0.000124 0.000093 0.000069 0.000051 0.000037 0.000027 0.000019 0.000014 0.000010 0.000007 0.000005 0.000003 0.000002 0.000001 0.000001 0.000001 0.000000 0.000000 0.000000 0.000000 
0.000000 0.000000 0.000000 0.000000 0.000001 0.000001 0.000001 0.000002 0.000003 0.000005 0.000007 0.000010 0.000014 0.000020 0.000029 0.000040 0.000055 0.000076 0.000103 0.000138 0.000184 0.000243 0.000318 0.000412 0.000529 0.000673 0.000848 0.001059 0.001309 0.001604 0.001946 0.002340 0.002787 0.003288 0.003842 0.004449 0.005102 0.005797 0.006525 0.007274 0.008034 0.008789 0.009525 0.010226 0.010875 0.011456 0.011954 0.012357 0.012653 0.012834 0.012895 0.012834 0.012653 0.012357 0.011954 0.011456 0.010875 0.010226 0.009525 0.008789 0.008034 0.007274 0.006525 0.005797 0.005102 0.004449 0.003842 0.003288 0.002787 0.002340 0.001946 0.001604 0.001309 0.001059 0.000848 0.000673 0.000529 0.000412 0.000318 0.000243 0.000184 0.000138 0.000103 0.000076 0.000055 0.000040 0.000029 0.000020 0.000014 0.000010 0.000007 0.000005 0.000003 0.000002 0.000001 0.000001 0.000001 0.000000 0.000000 0.000000 
0.000000 0.000000 0.000000 0.000001 0.000001 0.000001 0.000002 0.000003 0.000005 0.000007 0.000010 0.000015 0.000021 0.000030 0.000043 0.000060 0.000083 0.000113 0.000154 0.000207 0.000276 0.000364 0.000476 0.000616 0.000791 0.001006 0.001267 0.001582 0.001956 0.002395 0.002906 0.003494 0.004160 0.004908 0.005735 0.006639 0.007614 0.008649 0.009734 0.010851 0.011984 0.013110 0.014207 0.015251 0.016217 0.017083 0.017826 0.018426 0.018866 0.019136 0.019227 0.019136 0.018866 0.018426 0.017826 0.017083 0.016217 0.015251 0.014207 0.013110 0.011984 0.010851 0.009734 0.008649 0.007614 0.006639 0.005735 0.004908 0.004160 0.003494 0.002906 0.002395 0.001956 0.001582 0.001267 0.001006 0.000791 0.000616 0.000476 0.000364 0.000276 0.000207 0.000154 0.000113 0.000083 0.000060 0.000043 0.000030 0.000021 0.000015 0.000010 0.000007 0.000005 0.000003 0.000002 0.000001 0.000001 0.000001 0.000001 0.000001 
0.000001 0.000001 0.000001 0.000001 0.000001 0.000002 0.000003 0.000005 0.000007 0.000011 0.000015 0.000022 0.000032 0.000045 0.000064 0.000089 0.000123 0.000169 0.000230 0.000309 0.000411 0.000542 0.000709 0.000919 0.001179 0.001499 0.001888 0.002356 0.002912 0.003566 0.004326 0.005200 0.006191 0.007302 0.008532 0.009876 0.011325 0.012864 0.014476 0.016137 0.017819 0.019492 0.021121 0.022672 0.024108 0.025395 0.026498 0.027389 0.028044 0.028444 0.028579 0.028444 0.028044 0.027389 0.026498 0.025395 0.024108 0.022672 0.021121 0.019492 0.017819 0.016137 0.014476 0.012864 0.011325 0.009876 0.008532 0.007302 0.006191 0.005200 0.004326 0.003566 0.002912 0.002356 0.001888 0.001499 0.001179 0.000919 0.000709 0.000542 0.000411 0.000309 0.000230 0.000169 0.000123 0.000089 0.000064 0.000045 0.000032 0.000022 0.000015 0.000011 0.000007 0.000005 0.000003 0.000002 0.000002 0.000001 0.000001 0.000001 
0.000001 0.000001 0.000001 0.000001 0.000002 0.000003 0.000005 0.000007 0.000011 0.000016 0.000023 0.000033 0.000047 0.000067 0.000095 0.000132 0.000183 0.000251 0.000340 0.000457 0.000609 0.000803 0.001050 0.001360 0.001745 0.002218 0.002793 0.003485 0.004307 0.005274 0.006397 0.007687 0.009152 0.010793 0.012610 0.014595 0.016734 0.019006 0.021386 0.023837 0.026320 0.028789 0.031194 0.033483 0.035602 0.037500 0.039128 0.040443 0.041409 0.042000 0.042199 0.042000 0.041409 0.040443 0.039128 0.037500 0.035602 0.033483 0.031194 0.028789 0.026320 0.023837 0.021386 0.019006 0.016734 0.014595 0.012610 0.010793 0.009152 0.007687 0.006397 0.005274 0.004307 0.003485 0.002793 0.002218 0.001745 0.001360 0.001050 0.000803 0.000609 0.000457 0.000340 0.000251 0.000183 0.000132 0.000095 0.000067 0.000047 0.000033 0.000023 0.000016 0.000011 0.000007 0.000005 0.000003 0.000002 0.000002 0.000001 0.000001 
0.000001 0.000001 0.000002 0.000002 0.000003 0.000005 0.000007 0.000011 0.000016 0.000023 0.000034 0.000049 0.000070 0.000099 0.000140 0.000195 0.000269 0.000369 0.000500 0.000672 0.000894 0.001180 0.001542 0.001997 0.002561 0.003255 0.004099 0.005113 0.006318 0.007736 0.009382 0.011273 0.013419 0.015824 0.018486 0.021393 0.024526 0.027855 0.031339 0.034928 0.038564 0.042179 0.045701 0.049052 0.052154 0.054932 0.057315 0.059239 0.060653 0.061518 0.061809 0.061518 0.060653 0.059239 0.057315 0.054932 0.052154 0.049052 0.045701 0.042179 0.038564 0.034928 0.031339 0.027855 0.024526 0.021393 0.018486 0.015824 0.013419 0.011273 0.009382 0.007736 0.006318 0.005113 0.004099 0.003255 0.002561 0.001997 0.001542 0.001180 0.000894 0.000672 0.000500 0.000369 0.000269 0.000195 0.000140 0.000099 0.000070 0.000049 0.000034 0.000023 0.000016 0.000011 0.000007 0.000005 0.000003 0.000002 0.000002 0.000002 
0.000002 0.000002 0.000002 0.000003 0.000005 0.000007 0.000010 0.000015 0.000023 0.000034 0.000049 0.000071 0.000102 0.000145 0.000204 0.000284 0.000392 0.000537 0.000728 0.000978 0.001303 0.001718 0.002245 0.002906 0.003728 0.004737 0.005963 0.007437 0.009189 0.011249 0.013642 0.016389 0.019506 0.022999 0.026865 0.031087 0.035637 0.040470 0.045528 0.050739 0.056017 0.061265 0.066376 0.071239 0.075741 0.079773 0.083231 0.086024 0.088076 0.089330 0.089753 0.089330 0.088076 0.086024 0.083231 0.079773 0.075741 0.071239 0.066376 0.061265 0.056017 0.050739 0.045528 0.040470 0.035637 0.031087 0.026865 0.022999 0.019506 0.016389 0.013642 0.011249 0.009189 0.007437 0.005963 0.004737 0.003728 0.002906 0.002245 0.001718 0.001303 0.000978 0.000728 0.000537 0.000392 0.000284 0.000204 0.000145 0.000102 0.000071 0.000049 0.000034 0.000023 0.000015 0.000010 0.000007 0.000005 0.000004 0.000003 0.000003 
0.000003 0.000003 0.000003 0.000005 0.000007 0.000010 0.000015 0.000022 0.000033 0.000049 0.000071 0.000103 0.000147 0.000209 0.000294 0.000410 0.000567 0.000775 0.001051 0.001412 0.001880 0.002479 0.003239 0.004192 0.005376 0.006831 0.008598 0.010722 0.013246 0.016212 0.019658 0.023614 0.028102 0.033132 0.038696 0.044774 0.051321 0.058276 0.065555 0.073053 0.080647 0.088196 0.095549 0.102545 0.109021 0.114820 0.119794 0.123811 0.126763 0.128567 0.129175 0.128567 0.126763 0.123811 0.119794 0.114820 0.109021 0.102545 0.095549 0.088196 0.080647 0.073053 0.065555 0.058276 0.051321 0.044774 0.038696 0.033132 0.028102 0.023614 0.019658 0.016212 0.013246 0.010722 0.008598 0.006831 0.005376 0.004192 0.003239 0.002479 0.001880 0.001412 0.001051 0.000775 0.000567 0.000410 0.000294 0.000209 0.000147 0.000103 0.000071 0.000049 0.000033 0.000022 0.000015 0.000010 0.000007 0.000005 0.000004 0.000004 
0.000004 0.000004 0.000005 0.000007 0.000010 0.000014 0.000021 0.000032 0.000047 0.000070 0.000102 0.000147 0.000211 0.000300 0.000421 0.000587 0.000811 0.001110 0.001504 0.002021 0.002689 0.003545 0.004631 0.005993 0.007684 0.009761 0.012285 0.015317 0.018921 0.023155 0.028073 0.033719 0.040123 0.047299 0.055237 0.063906 0.073245 0.083164 0.093545 0.104237 0.115064 0.125828 0.136311 0.146284 0.155517 0.163784 0.170874 0.176600 0.180807 0.183380 0.184245 0.183380 0.180807 0.176600 0.170874 0.163784 0.155517 0.146284 0.136311 0.125828 0.115064 0.104237 0.093545 0.083164 0.073245 0.063906 0.055237 0.047299 0.040123 0.033719 0.028073 0.023155 0.018921 0.015317 0.012285 0.009761 0.007684 0.005993 0.004631 0.003545 0.002689 0.002021 0.001504 0.001110 0.000811 0.000587 0.000421 0.000300 0.000211 0.000147 0.000102 0.000070 0.000048 0.000032 0.000022 0.000015 0.000010 0.000008 0.000006 0.000006 
0.000006 0.000006 0.000007 0.000009 0.000014 0.000020 0.000030 0.000045 0.000067 0.000099 0.000145 0.000209 0.000300 0.000425 0.000598 0.000833 0.001150 0.001574 0.002133 0.002864 0.003811 0.005023 0.006561 0.008489 0.010883 0.013823 0.017394 0.021685 0.026783 0.032772 0.039728 0.047712 0.056768 0.066913 0.078136 0.090390 0.103590 0.117610 0.132279 0.147389 0.162689 0.177898 0.192709 0.206799 0.219843 0.231521 0.241537 0.249626 0.255569 0.259203 0.260425 0.259203 0.255569 0.249626 0.241537 0.231521 0.219843 0.206799 0.192709 0.177898 0.162689 0.147389 0.132279 0.117610 0.103590 0.090390 0.078136 0.066913 0.056768 0.047712 0.039728 0.032772 0.026783 0.021685 0.017394 0.013823 0.010883 0.008489 0.006561 0.005023 0.003811 0.002864 0.002133 0.001574 0.001150 0.000833 0.000598 0.000425 0.000300 0.000209 0.000145 0.000099 0.000068 0.000046 0.000031 0.000021 0.000014 0.000011 0.000009 0.000009 
0.000008 0.000008 0.000010 0.000013 0.000019 0.000029 0.000043 0.000064 0.000095 0.000140 0.000204 0.000294 0.000421 0.000598 0.000841 0.001171 0.001617 0.002211 0.002997 0.004023 0.005352 0.007054 0.009211 0.011916 0.015274 0.019397 0.024405 0.030420 0.037567 0.045963 0.055712 0.066901 0.079589 0.093803 0.109526 0.126691 0.145181 0.164816 0.185361 0.206519 0.227944 0.249239 0.269976 0.289704 0.307965 0.324314 0.338335 0.349658 0.357978 0.363065 0.364776 0.363065 0.357978 0.349658 0.338335 0.324314 0.307965 0.289704 0.269976 0.249239 0.227944 0.206519 0.185361 0.164816 0.145181 0.126691 0.109526 0.093803 0.079589 0.066901 0.055712 0.045963 0.037567 0.030420 0.024405 0.019397 0.015274 0.011916 0.009211 0.007054 0.005352 0.004023 0.002997 0.002211 0.001617 0.001171 0.000841 0.000598 0.000422 0.000294 0.000204 0.000140 0.000095 0.000064 0.000043 0.000029 0.000020 0.000015 0.000013 0.000013 
0.000011 0.000011 0.000013 0.000018 0.000027 0.000040 0.000060 0.000089 0.000132 0.000195 0.000284 0.000410 0.000587 0.000833 0.001171 0.001632 0.002252 0.003079 0.004171 0.005599 0.007447 0.009814 0.012813 0.016574 0.021241 0.026971 0.033929 0.042287 0.052215 0.063876 0.077416 0.092954 0.110572 0.130306 0.152133 0.175961 0.201624 0.228876 0.257387 0.286749 0.316477 0.346025 0.374797 0.402167 0.427501 0.450182 0.469633 0.485341 0.496882 0.503938 0.506312 0.503938 0.496882 0.485341 0.469633 0.450182 0.427501 0.402167 0.374797 0.346025 0.316477 0.286749 0.257387 0.228876 0.201624 0.175961 0.152133 0.130306 0.110572 0.092954 0.077416 0.063876 0.052215 0.042287 0.033929 0.026971 0.021241 0.016574 0.012813 0.009814 0.007447 0.005599 0.004171 0.003079 0.002252 0.001632 0.001171 0.000833 0.000587 0.000410 0.000284 0.000195 0.000133 0.000090 0.000060 0.000041 0.000028 0.000021 0.000018 0.000018 
0.000016 0.000016 0.000019 0.000025 0.000037 0.000055 0.000083 0.000123 0.000183 0.000269 0.000392 0.000567 0.000811 0.001150 0.001617 0.002252 0.003107 0.004247 0.005753 0.007722 0.010268 0.013529 0.017661 0.022842 0.029270 0.037160 0.046741 0.058247 0.071914 0.087964 0.106597 0.127978 0.152219 0.179369 0.209394 0.242170 0.277468 0.314947 0.354156 0.394532 0.435409 0.476037 0.515594 0.553223 0.588052 0.619233 0.645971 0.667564 0.683429 0.693129 0.696393 0.693129 0.683429 0.667564 0.645971 0.619233 0.588052 0.553223 0.515594 0.476037 0.435409 0.394532 0.354156 0.314947 0.277468 0.242170 0.209394 0.179369 0.152219 0.127978 0.106597 0.087964 0.071914 0.058247 0.046741 0.037160 0.029270 0.022842 0.017661 0.013529 0.010268 0.007722 0.005753 0.004247 0.003107 0.002252 0.001617 0.001151 0.000811 0.000567 0.000392 0.000269 0.000183 0.000124 0.000084 0.000057 0.000039 0.000029 0.000024 0.000024 
0.000021 0.000021 0.000026 0.000035 0.000051 0.000076 0.000113 0.000169 0.000251 0.000369 0.000537 0.000775 0.001110 0.001574 0.002211 0.003079 0.004247 0.005806 0.007863 0.010551 0.014029 0.018481 0.024121 0.031193 0.039965 0.050731 0.063803 0.079499 0.098141 0.120030 0.145440 0.174593 0.207644 0.244656 0.285586 0.330260 0.378368 0.429446 0.482877 0.537894 0.593592 0.648946 0.702840 0.754104 0.801552 0.844028 0.880452 0.909866 0.931477 0.944690 0.949135 0.944690 0.931477 0.909866 0.880452 0.844028 0.801552 0.754104 0.702840 0.648946 0.593592 0.537894 0.482877 0.429446 0.378368 0.330260 0.285586 0.244656 0.207644 0.174593 0.145440 0.120030 0.098141 0.079499 0.063803 0.050731 0.039965 0.031193 0.024121 0.018481 0.014029 0.010551 0.007863 0.005806 0.004247 0.003079 0.002211 0.001574 0.001110 0.000776 0.000537 0.000369 0.000251 0.000170 0.000115 0.000078 0.000054 0.000040 0.000033 0.000033 
0.000029 0.000029 0.000035 0.000047 0.000069 0.000103 0.000154 0.000230 0.000340 0.000500 0.000728 0.001051 0.001504 0.002133 0.002997 0.004171 0.005753 0.007863 0.010647 0.014286 0.018991 0.025013 0.032643 0.042207 0.054069 0.068626 0.086297 0.107515 0.132709 0.162291 0.196627 0.236017 0.280668 0.330667 0.385952 0.446291 0.511262 0.580239 0.652390 0.726677 0.801879 0.876613 0.949373 1.018579 1.082631 1.139969 1.189137 1.228841 1.258012 1.275846 1.281847 1.275846 1.258012 1.228841 1.189137 1.139969 1.082631 1.018579 0.949373 0.876613 0.801879 0.726677 0.652390 0.580239 0.511262 0.446291 0.385952 0.330667 0.280668 0.236017 0.196627 0.162291 0.132709 0.107515 0.086297 0.068626 0.054069 0.042207 0.032643 0.025013 0.018991 0.014286 0.010647 0.007863 0.005753 0.004171 0.002997 0.002133 0.001505 0.001052 0.000728 0.000500 0.000341 0.000231 0.000156 0.000105 0.000073 0.000054 0.000045 0.000045 
0.000039 0.000039 0.000047 0.000064 0.000093 0.000138 0.000207 0.000309 0.000457 0.000672 0.000978 0.001412 0.002021 0.002864 0.004023 0.005599 0.007722 0.010551 0.014286 0.019164 0.025472 0.033545 0.043770 0.056587 0.072481 0.091983 0.115654 0.144073 0.177815 0.217427 0.263401 0.316137 0.375911 0.442838 0.516834 0.597588 0.684535 0.776837 0.873378 0.972773 1.073387 1.173368 1.270705 1.363284 1.448964 1.525662 1.591428 1.644536 1.683553 1.707407 1.715434 1.707407 1.683553 1.644536 1.591428 1.525662 1.448964 1.363284 1.270705 1.173368 1.073387 0.972773 0.873378 0.776837 0.684535 0.597588 0.516834 0.442838 0.375911 0.316137 0.263401 0.217427 0.177815 0.144073 0.115654 0.091983 0.072481 0.056587 0.043770 0.033545 0.025472 0.019164 0.014286 0.010551 0.007722 0.005599 0.004023 0.002864 0.002021 0.001413 0.000979 0.000672 0.000458 0.000310 0.000209 0.000142 0.000099 0.000073 0.000061 0.000061 
0.000052 0.000052 0.000062 0.000085 0.000124 0.000184 0.000276 0.000411 0.000609 0.000894 0.001303 0.001880 0.002689 0.003811 0.005352 0.007447 0.010268 0.014029 0.018991 0.025472 0.033851 0.044574 0.058153 0.075171 0.096272 0.122161 0.153580 0.191296 0.236072 0.288632 0.349626 0.419586 0.498875 0.587644 0.685781 0.792873 0.908169 1.030557 1.158560 1.290338 1.423723 1.556265 1.685295 1.808013 1.921584 2.023243 2.110412 2.180802 2.232515 2.264131 2.274769 2.264131 2.232515 2.180802 2.110412 2.023243 1.921584 1.808013 1.685295 1.556265 1.423723 1.290338 1.158560 1.030557 0.908169 0.792873 0.685781 0.587644 0.498875 0.419586 0.349626 0.288632 0.236072 0.191296 0.153580 0.122161 0.096272 0.075171 0.058153 0.044574 0.033851 0.025472 0.018991 0.014029 0.010268 0.007447 0.005352 0.003811 0.002689 0.001880 0.001303 0.000895 0.000610 0.000413 0.000279 0.000189 0.000132 0.000097 0.000082 0.000082 
0.000069 0.000069 0.000082 0.000112 0.000163 0.000243 0.000364 0.000542 0.000803 0.001180 0.001718 0.002479 0.003545 0.005023 0.007054 0.009814 0.013529 0.018481 0.025013 0.033545 0.044574 0.058685 0.076553 0.098941 0.126701 0.160752 0.202074 0.251671 0.310545 0.379648 0.459832 0.551792 0.656007 0.772672 0.901640 1.042364 1.193858 1.354661 1.522829 1.695948 1.871170 2.045275 2.214760 2.375947 2.525115 2.658635 2.773120 2.865566 2.933482 2.975003 2.988974 2.975003 2.933482 2.865566 2.773120 2.658635 2.525115 2.375947 2.214760 2.045275 1.871170 1.695948 1.522829 1.354661 1.193858 1.042364 0.901640 0.772672 0.656007 0.551792 0.459832 0.379648 0.310545 0.251671 0.202074 0.160752 0.126701 0.098941 0.076553 0.058685 0.044574 0.033545 0.025013 0.018481 0.013529 0.009814 0.007054 0.005024 0.003545 0.002479 0.001719 0.001181 0.000805 0.000545 0.000368 0.000250 0.000174 0.000129 0.000108 0.000108 
0.000090 0.000090 0.000108 0.000147 0.000214 0.000318 0.000476 0.000709 0.001050 0.001542 0.002245 0.003239 0.004631 0.006561 0.009211 0.012813 0.017661 0.024121 0.032643 0.043770 0.058153 0.076553 0.099848 0.129033 0.165215 0.209594 0.263440 0.328065 0.404769 0.494789 0.599236 0.719012 0.854737 1.006663 1.174598 1.357829 1.555069 1.764415 1.983337 2.208691 2.436772 2.663389 2.883983 3.093770 3.287907 3.461673 3.610665 3.730972 3.819355 3.873389 3.891569 3.873389 3.819355 3.730972 3.610665 3.461673 3.287907 3.093770 2.883983 2.663389 2.436772 2.208691 1.983337 1.764415 1.555069 1.357829 1.174598 1.006663 0.854737 0.719012 0.599236 0.494789 0.404769 0.328065 0.263440 0.209594 0.165215 0.129033 0.099848 0.076553 0.058153 0.043770 0.032643 0.024121 0.017661 0.012813 0.009211 0.006561 0.004631 0.003239 0.002246 0.001543 0.001052 0.000712 0.000481 0.000327 0.000227 0.000168 0.000141 0.000141 
0.000116 0.000116 0.000140 0.000191 0.000277 0.000412 0.000616 0.000919 0.001360 0.001997 0.002906 0.004192 0.005993 0.008489 0.011916 0.016574 0.022842 0.031193 0.042207 0.056587 0.075171 0.098941 0.129033 0.166730 0.213458 0.270765 0.340290 0.423723 0.522740 0.638938 0.773743 0.928320 1.103465 1.299503 1.516180 1.752576 2.007029 2.277083 2.559474 2.850148 3.144323 3.436598 3.721093 3.991641 4.241998 4.466080 4.658209 4.813346 4.927316 4.996990 5.020434 4.996990 4.927316 4.813346 4.658209 4.466080 4.241998 3.991641 3.721093 3.436598 3.144323 2.850148 2.559474 2.277083 2.007029 1.752576 1.516180 1.299503 1.103465 0.928320 0.773743 0.638938 0.522740 0.423723 0.340290 0.270765 0.213458 0.166730 0.129033 0.098941 0.075171 0.056587 0.042207 0.031193 0.022842 0.016574 0.011916 0.008490 0.005993 0.004193 0.002907 0.001998 0.001362 0.000923 0.000623 0.000423 0.000295 0.000218 0.000183 0.000183 
0.000150 0.000150 0.000180 0.000245 0.000356 0.000529 0.000791 0.001179 0.001745 0.002561 0.003728 0.005376 0.007684 0.010883 0.015274 0.021241 0.029270 0.039965 0.054069 0.072481 0.096272 0.126701 0.165215 0.213458 0.273251 0.346572 0.435518 0.542245 0.668896 0.817507 0.989902 1.187565 1.411511 1.662151 1.939160 2.241358 2.566618 2.911800 3.272731 3.644230 4.020187 4.393698 4.757254 5.102975 5.422885 5.709214 5.954708 6.152932 6.298553 6.387577 6.417531 6.387577 6.298553 6.152932 5.954708 5.709214 5.422885 5.102975 4.757254 4.393698 4.020187 3.644230 3.272731 2.911800 2.566618 2.241358 1.939160 1.662151 1.411511 1.187565 0.989902 0.817507 0.668896 0.542245 0.435518 0.346572 0.273251 0.213458 0.165215 0.126701 0.096272 0.072481 0.054069 0.039965 0.029270 0.021241 0.015274 0.010884 0.007685 0.005377 0.003729 0.002563 0.001748 0.001184 0.000800 0.000543 0.000378 0.000280 0.000235 0.000235 
0.000190 0.000190 0.000229 0.000312 0.000453 0.000673 0.001006 0.001499 0.002218 0.003255 0.004737 0.006831 0.009761 0.013823 0.019397 0.026971 0.037160 0.050731 0.068626 0.091983 0.122161 0.160752 0.209594 0.270765 0.346572 0.439523 0.552269 0.687541 0.848050 1.036374 1.254817 1.505258 1.788979 2.106495 2.457391 2.840171 3.252137 3.689310 4.146405 4.616860 5.092939 5.565902 6.026243 6.463986 6.869036 7.231560 7.542375 7.793339 7.977702 8.090409 8.128331 8.090409 7.977702 7.793339 7.542375 7.231560 6.869036 6.463986 6.026243 5.565902 5.092939 4.616860 4.146405 3.689310 3.252137 2.840171 2.457391 2.106495 1.788979 1.505258 1.254817 1.036374 0.848050 0.687541 0.552269 0.439523 0.346572 0.270765 0.209594 0.160752 0.122161 0.091983 0.068626 0.050731 0.037160 0.026971 0.019397 0.013823 0.009762 0.006831 0.004738 0.003258 0.002222 0.001506 0.001017 0.000691 0.000481 0.000357 0.000299 0.000299 
0.000240 0.000240 0.000289 0.000393 0.000570 0.000848 0.001267 0.001888 0.002793 0.004099 0.005963 0.008598 0.012285 0.017394 0.024405 0.033929 0.046741 0.063803 0.086297 0.115654 0.153580 0.202074 0.263440 0.340290 0.435518 0.552269 0.693870 0.863746 1.065297 1.301755 1.576008 1.890409 2.246562 2.645110 3.085528 3.565933 4.082938 4.631548 5.205128 5.795444 6.392792 6.986207 7.563764 8.112952 8.621112 9.075907 9.465825 9.780655 10.011932 10.153319 10.200890 10.153319 10.011932 9.780655 9.465825 9.075907 8.621112 8.112952 7.563764 6.986207 6.392792 5.795444 5.205128 4.631548 4.082938 3.565933 3.085528 2.645110 2.246562 1.890409 1.576008 1.301755 1.065297 0.863746 0.693870 0.552269 0.435518 0.340290 0.263440 0.202074 0.153580 0.115654 0.086297 0.063803 0.046741 0.033929 0.024405 0.017395 0.012286 0.008599 0.005965 0.004102 0.002798 0.001897 0.001282 0.000871 0.000606 0.000450 0.000377 0.000377 
0.000300 0.000300 0.000360 0.000491 0.000712 0.001059 0.001582 0.002356 0.003485 0.005113 0.007437 0.010722 0.015317 0.021685 0.030420 0.042287 0.058247 0.079499 0.107515 0.144073 0.191296 0.251671 0.328065 0.423723 0.542245 0.687541 0.863746 1.075116 1.325877 1.620043 1.961202 2.352274 2.795248 3.290918 3.838626 4.436027 5.078904 5.761045 6.474199 7.208129 7.950770 8.688494 9.406479 10.089177 10.720855 11.286185 11.770861 12.162195 12.449669 12.625410 12.684540 12.625410 12.449669 12.162195 11.770861 11.286185 10.720855 10.089177 9.406479 8.688494 7.950770 7.208129 6.474199 5.761045 5.078904 4.436027 3.838626 3.290918 2.795248 2.352274 1.961202 1.620043 1.325877 1.075116 0.863746 0.687541 0.542245 0.423723 0.328065 0.251671 0.191296 0.144073 0.107515 0.079499 0.058247 0.042287 0.030421 0.021685 0.015318 0.010723 0.007440 0.005117 0.003491 0.002367 0.001599 0.001087 0.000757 0.000562 0.000471 0.000471 
0.000371 0.000371 0.000446 0.000607 0.000881 0.001309 0.001956 0.002912 0.004307 0.006318 0.009189 0.013246 0.018921 0.026783 0.037567 0.052215 0.071914 0.098141 0.132709 0.177815 0.236072 0.310545 0.404769 0.522740 0.668896 0.848050 1.065297 1.325877 1.634993 1.997587 2.418073 2.900042 3.445941 4.056740 4.731622 5.467693 6.259753 7.100146 7.978706 8.882821 9.797632 10.706351 11.590728 12.431617 13.209643 13.905936 14.502878 14.984851 15.338905 15.555346 15.628170 15.555346 15.338905 14.984851 14.502878 13.905936 13.209643 12.431617 11.590728 10.706351 9.797632 8.882821 7.978706 7.100146 6.259753 5.467693 4.731622 4.056740 3.445941 2.900042 2.418073 1.997587 1.634993 1.325877 1.065297 0.848050 0.668896 0.522740 0.404769 0.310545 0.236072 0.177815 0.132710 0.098141 0.071914 0.052216 0.037568 0.026784 0.018922 0.013248 0.009192 0.006323 0.004315 0.002925 0.001977 0.001344 0.000937 0.000695 0.000583 0.000583 
0.000455 0.000455 0.000547 0.000744 0.001079 0.001604 0.002395 0.003566 0.005274 0.007736 0.011249 0.016212 0.023155 0.032772 0.045963 0.063876 0.087964 0.120030 0.162291 0.217427 0.288632 0.379648 0.494789 0.638938 0.817507 1.036374 1.301755 1.620043 1.997587 2.440412 2.953903 3.542436 4.208989 4.954741 5.778686 6.677286 7.644187 8.670041 9.742437 10.845981 11.962536 13.071619 14.150959 15.177195 16.126690 16.976420 17.704894 18.293057 18.725115 18.989238 19.078106 18.989238 18.725115 18.293057 17.704894 16.976420 16.126690 15.177195 14.150959 13.071619 11.962536 10.845981 9.742437 8.670041 7.644187 6.677286 5.778686 4.954741 4.208989 3.542436 2.953903 2.440412 1.997587 1.620043 1.301755 1.036374 0.817507 0.638938 0.494789 0.379648 0.288632 0.217427 0.162291 0.120030 0.087964 0.063877 0.045963 0.032773 0.023156 0.016214 0.011253 0.007742 0.005284 0.003583 0.002422 0.001647 0.001148 0.000852 0.000714 0.000714 
0.000553 0.000553 0.000664 0.000903 0.001310 0.001946 0.002906 0.004326 0.006397 0.009382 0.013642 0.019658 0.028073 0.039728 0.055712 0.077416 0.106597 0.145440 0.196627 0.263401 0.349626 0.459832 0.599236 0.773743 0.989902 1.254817 1.576008 1.961202 2.418073 2.953903 3.575198 4.287242 5.093629 5.995778 6.992462 8.079394 9.248886 10.489626 11.786600 13.121193 14.471473 15.812672 17.117865 18.358808 19.506929 20.534394 21.415227 22.126394 22.648802 22.968157 23.075607 22.968157 22.648802 22.126394 21.415227 20.534394 19.506929 18.358808 17.117865 15.812672 14.471473 13.121193 11.786600 10.489626 9.248886 8.079394 6.992462 5.995778 5.093629 4.287242 3.575198 2.953903 2.418073 1.961202 1.576008 1.254817 0.989902 0.773743 0.599236 0.459832 0.349626 0.263401 0.196627 0.145440 0.106597 0.077416 0.055712 0.039729 0.028075 0.019661 0.013646 0.009390 0.006409 0.004346 0.002939 0.001998 0.001393 0.001034 0.000867 0.000867 
0.000665 0.000665 0.000798 0.001086 0.001575 0.002340 0.003494 0.005200 0.007687 0.011273 0.016389 0.023614 0.033719 0.047712 0.066901 0.092954 0.127978 0.174593 0.236017 0.316137 0.419586 0.551792 0.719012 0.928320 1.187565 1.505258 1.890409 2.352274 2.900042 3.542436 4.287242 5.140785 6.107362 7.188662 8.383207 9.685852 11.087375 12.574216 14.128382 15.727568 17.345495 18.952491 20.516300 22.003092 23.378642 24.609613 25.664892 26.516892 27.142748 27.525339 27.654066 27.525339 27.142748 26.516892 25.664892 24.609613 23.378642 22.003092 20.516300 18.952491 17.345495 15.727568 14.128382 12.574216 11.087375 9.685852 8.383207 7.188662 6.107362 5.140785 4.287242 3.542436 2.900042 2.352274 1.890409 1.505258 1.187565 0.928320 0.719012 0.551792 0.419586 0.316137 0.236017 0.174593 0.127978 0.092954 0.066901 0.047714 0.033721 0.023618 0.016394 0.011282 0.007702 0.005224 0.003533 0.002403 0.001675 0.001243 0.001043 0.001043 
0.000792 0.000792 0.000951 0.001294 0.001876 0.002787 0.004160 0.006191 0.009152 0.013419 0.019506 0.028102 0.040123 0.056768 0.079589 0.110572 0.152219 0.207644 0.280668 0.375911 0.498875 0.656007 0.854737 1.103465 1.411511 1.788979 2.246562 2.795248 3.445941 4.208989 5.093629 6.107362 7.255277 8.539370 9.957875 11.504673 13.168809 14.934175 16.779408 18.678023 20.598826 22.506594 24.363044 26.128022 27.760909 29.222144 30.474804 31.486151 32.229053 32.683192 32.835991 32.683192 32.229053 31.486151 30.474804 29.222144 27.760909 26.128022 24.363044 22.506594 20.598826 18.678023 16.779408 14.934175 13.168809 11.504673 9.957875 8.539370 7.255277 6.107362 5.093629 4.208989 3.445941 2.795248 2.246562 1.788979 1.411511 1.103465 0.854737 0.656007 0.498875 0.375911 0.280668 0.207644 0.152219 0.110573 0.079590 0.056769 0.040125 0.028106 0.019513 0.013430 0.009169 0.006220 0.004207 0.002862 0.001995 0.001481 0.001243 0.001243 
0.000935 0.000935 0.001123 0.001527 0.002214 0.003288 0.004908 0.007302 0.010793 0.015824 0.022999 0.033132 0.047299 0.066913 0.093803 0.130306 0.179369 0.244656 0.330667 0.442838 0.587644 0.772672 1.006663 1.299503 1.662151 2.106495 2.645110 3.290918 4.056740 4.954741 5.995778 7.188662 8.539370 10.050236 11.719174 13.538972 15.496734 17.573507 19.744155 21.977524 24.236923 26.480927 28.664512 30.740461 32.661007 34.379633 35.852923 37.042385 37.916116 38.450229 38.629936 38.450229 37.916116 37.042385 35.852923 34.379633 32.661007 30.740461 28.664512 26.480927 24.236923 21.977524 19.744155 17.573507 15.496734 13.538972 11.719174 10.050236 8.539370 7.188662 5.995778 4.954741 4.056740 3.290918 2.645110 2.106495 1.662151 1.299503 1.006663 0.772672 0.587644 0.442838 0.330667 0.244657 0.179369 0.130307 0.093804 0.066914 0.047301 0.033136 0.023007 0.015837 0.010814 0.007336 0.004963 0.003376 0.002354 0.001748 0.001467 0.001467 
0.001094 0.001094 0.001313 0.001786 0.002588 0.003842 0.005735 0.008532 0.012610 0.018486 0.026865 0.038696 0.055237 0.078136 0.109526 0.152133 0.209394 0.285586 0.385952 0.516834 0.685781 0.901640 1.174598 1.516180 1.939160 2.457391 3.085528 3.838626 4.731622 5.778686 6.992462 8.383207 9.957875 11.719174 13.664657 15.785908 18.067886 20.488494 23.018433 25.621392 28.254611 30.869819 33.414552 35.833795 38.071896 40.074658 41.791501 43.177580 44.195731 44.818124 45.027533 44.818124 44.195731 43.177580 41.791501 40.074658 38.071896 35.833795 33.414552 30.869819 28.254611 25.621392 23.018433 20.488494 18.067886 15.785908 13.664657 11.719174 9.957875 8.383207 6.992462 5.778686 4.731622 3.838626 3.085528 2.457391 1.939160 1.516180 1.174598 0.901640 0.685781 0.516834 0.385952 0.285586 0.209395 0.152133 0.109527 0.078137 0.055240 0.038702 0.026874 0.018500 0.012634 0.008572 0.005800 0.003946 0.002752 0.002044 0.001715 0.001715 
0.001267 0.001267 0.001520 0.002068 0.002996 0.004449 0.006639 0.009876 0.014595 0.021393 0.031087 0.044774 0.063906 0.090390 0.126691 0.175961 0.242170 0.330260 0.446291 0.597588 0.792873 1.042364 1.357829 1.752576 2.241358 2.840171 3.565933 4.436027 5.467693 6.677286 8.079394 9.685852 11.504673 13.538972 15.785908 18.235750 20.871118 23.666487 26.588018 29.593783 32.634406 35.654157 38.592465 41.385819 43.969974 46.282366 48.264612 49.864946 51.040470 51.759062 52.000837 51.759062 51.040470 49.864946 48.264612 46.282366 43.969974 41.385819 38.592465 35.654157 32.634406 29.593783 26.588018 23.666487 20.871118 18.235750 15.785908 13.538972 11.504673 9.685852 8.079394 6.677286 5.467693 4.436027 3.565933 2.840171 2.241358 1.752576 1.357829 1.042364 0.792873 0.597588 0.446291 0.330260 0.242171 0.175962 0.126693 0.090392 0.063909 0.044780 0.031098 0.021410 0.014623 0.009923 0.006714 0.004569 0.003187 0.002367 0.001986 0.001986 
0.001454 0.001454 0.001744 0.002372 0.003437 0.005102 0.007614 0.011325 0.016734 0.024526 0.035637 0.051321 0.073245 0.103590 0.145181 0.201624 0.277468 0.378368 0.511262 0.684535 0.908169 1.193858 1.555069 2.007029 2.566618 3.252137 4.082938 5.078904 6.259753 7.644187 9.248886 11.087375 13.168809 15.496734 18.067886 20.871118 23.886533 27.084918 30.427553 33.866466 37.345172 40.799918 44.161419 47.357028 50.313265 52.958573 55.226176 57.056872 58.401598 59.223618 59.500192 59.223618 58.401598 57.056872 55.226176 52.958573 50.313265 47.357028 44.161419 40.799918 37.345172 33.866466 30.427553 27.084918 23.886533 20.871118 18.067886 15.496734 13.168809 11.087375 9.248886 7.644187 6.259753 5.078904 4.082938 3.252137 2.566618 2.007029 1.555069 1.193858 0.908169 0.684535 0.511262 0.378368 0.277468 0.201625 0.145182 0.103593 0.073249 0.051328 0.035649 0.024546 0.016766 0.011378 0.007700 0.005240 0.003655 0.002715 0.002279 0.002279 
0.001652 0.001652 0.001982 0.002696 0.003906 0.005797 0.008649 0.012864 0.019006 0.027855 0.040470 0.058276 0.083164 0.117610 0.164816 0.228876 0.314947 0.429446 0.580239 0.776837 1.030557 1.354661 1.764415 2.277083 2.911800 3.689310 4.631548 5.761045 7.100146 8.670041 10.489626 12.574216 14.934175 17.573507 20.488494 23.666487 27.084918 30.710662 34.499825 38.398025 42.341238 46.257208 50.067409 53.689512 57.040244 60.038516 62.608658 64.683584 66.207698 67.139372 67.452838 67.139372 66.207698 64.683584 62.608658 60.038516 57.040244 53.689512 50.067409 46.257208 42.341238 38.398025 34.499825 30.710662 27.084918 23.666487 20.488494 17.573507 14.934175 12.574216 10.489626 8.670041 7.100146 5.761045 4.631548 3.689310 2.911800 2.277083 1.764415 1.354661 1.030558 0.776837 0.580239 0.429446 0.314948 0.228877 0.164818 0.117612 0.083169 0.058284 0.040483 0.027877 0.019043 0.012925 0.008747 0.005953 0.004154 0.003086 0.002590 0.002590 
0.001861 0.001861 0.002232 0.003035 0.004396 0.006525 0.009734 0.014476 0.021386 0.031339 0.045528 0.065555 0.093545 0.132279 0.185361 0.257387 0.354156 0.482877 0.652390 0.873378 1.158560 1.522829 1.983337 2.559474 3.272731 4.146405 5.205128 6.474199 7.978706 9.742437 11.786600 14.128382 16.779408 19.744155 23.018433 26.588018 30.427553 34.499825 38.755529 43.133591 47.562109 51.959941 56.238913 60.306580 64.069441 67.436449 70.322646 72.652710 74.364222 75.410447 75.762454 75.410447 74.364222 72.652710 70.322646 67.436449 64.069441 60.306580 56.238913 51.959941 47.562109 43.133591 38.755529 34.499825 30.427553 26.588018 23.018433 19.744155 16.779408 14.128382 11.786600 9.742437 7.978706 6.474199 5.205128 4.146405 3.272731 2.559474 1.983337 1.522829 1.158560 0.873378 0.652390 0.482877 0.354157 0.257388 0.185363 0.132283 0.093550 0.065564 0.045543 0.031364 0.021427 0.014544 0.009844 0.006701 0.004675 0.003474 0.002916 0.002916 
0.002075 0.002075 0.002489 0.003384 0.004902 0.007274 0.010851 0.016137 0.023837 0.034928 0.050739 0.073053 0.104237 0.147389 0.206519 0.286749 0.394532 0.537894 0.726677 0.972773 1.290338 1.695948 2.208691 2.850148 3.644230 4.616860 5.795444 7.208129 8.882821 10.845981 13.121193 15.727568 18.678023 21.977524 25.621392 29.593783 33.866466 38.398025 43.133591 48.005203 52.932859 57.826280 62.587367 67.113273 71.299982 75.046208 78.257440 80.849890 82.754124 83.918152 84.309794 83.918152 82.754124 80.849890 78.257440 75.046208 71.299982 67.113273 62.587367 57.826280 52.932859 48.005203 43.133591 38.398025 33.866466 29.593783 25.621392 21.977524 18.678023 15.727568 13.121193 10.845981 8.882821 7.208129 5.795444 4.616860 3.644230 2.850148 2.208691 1.695948 1.290338 0.972774 0.726677 0.537895 0.394533 0.286750 0.206521 0.147392 0.104243 0.073063 0.050756 0.034957 0.023883 0.016212 0.010974 0.007471 0.005213 0.003874 0.003252 0.003252 
0.002292 0.002292 0.002750 0.003738 0.005414 0.008034 0.011984 0.017819 0.026320 0.038564 0.056017 0.080647 0.115064 0.162689 0.227944 0.316477 0.435409 0.593592 0.801879 1.073387 1.423723 1.871170 2.436772 3.144323 4.020187 5.092939 6.392792 7.950770 9.797632 11.962536 14.471473 17.345495 20.598826 24.236923 28.254611 32.634406 37.345172 42.341238 47.562109 52.932859 58.365294 63.759895 69.008529 73.997833 78.613154 82.742857 86.282771 89.140550 91.239665 92.522817 92.954537 92.522817 91.239665 89.140550 86.282771 82.742857 78.613154 73.997833 69.008529 63.759895 58.365294 52.932859 47.562109 42.341238 37.345172 32.634406 28.254611 24.236923 20.598826 17.345495 14.471473 11.962536 9.797632 7.950770 6.392792 5.092939 4.020187 3.144323 2.436772 1.871170 1.423723 1.073387 0.801880 0.593593 0.435410 0.316479 0.227946 0.162693 0.115071 0.080658 0.056036 0.038596 0.026371 0.017903 0.012119 0.008251 0.005758 0.004279 0.003592 0.003592 
0.002509 0.002509 0.003009 0.004090 0.005924 0.008789 0.013110 0.019492 0.028789 0.042179 0.061265 0.088196 0.125828 0.177898 0.249239 0.346025 0.476037 0.648946 0.876613 1.173368 1.556265 2.045275 2.663389 3.436598 4.393698 5.565902 6.986207 8.688494 10.706351 13.071619 15.812672 18.952491 22.506594 26.480927 30.869819 35.654157 40.799918 46.257208 51.959941 57.826280 63.759895 69.652097 75.384789 80.834166 85.875021 90.385442 94.251673 97.372868 99.665458 101.066875 101.538384 101.066875 99.665458 97.372868 94.251673 90.385442 85.875021 80.834166 75.384789 69.652097 63.759895 57.826280 51.959941 46.257208 40.799918 35.654157 30.869819 26.480927 22.506594 18.952491 15.812672 13.071619 10.706351 8.688494 6.986207 5.565902 4.393698 3.436598 2.663389 2.045275 1.556265 1.173369 0.876613 0.648946 0.476037 0.346027 0.249241 0.177902 0.125836 0.088209 0.061285 0.042214 0.028845 0.019584 0.013258 0.009027 0.006300 0.004683 0.003931 0.003931 
0.002720 0.002720 0.003262 0.004434 0.006420 0.009525 0.014207 0.021121 0.031194 0.045701 0.066376 0.095549 0.136311 0.192709 0.269976 0.374797 0.515594 0.702840 0.949373 1.270705 1.685295 2.214760 2.883983 3.721093 4.757254 6.026243 7.563764 9.406479 11.590728 14.150959 17.117865 20.516300 24.363044 28.664512 33.414552 38.592465 44.161419 50.067409 56.238913 62.587367 69.008529 75.384789 81.588357 87.485275 92.940068 97.820829 102.004479 105.381906 107.862696 109.379150 109.889364 109.379150 107.862696 105.381906 102.004479 97.820829 92.940068 87.485275 81.588357 75.384789 69.008529 62.587367 56.238913 50.067409 44.161419 38.592465 33.414552 28.664512 24.363044 20.516300 17.117865 14.150959 11.590728 9.406479 7.563764 6.026243 4.757254 3.721093 2.883983 2.214760 1.685295 1.270705 0.949373 0.702841 0.515595 0.374799 0.269979 0.192713 0.136319 0.095562 0.066398 0.045738 0.031255 0.021221 0.014367 0.009783 0.006829 0.005075 0.004261 0.004261 
