0.000000 0.000000 0.000000 0.000000 0.000000 0.000000 0.000000 0.000000 0.000000 0.000000 0.000000 0.000000 0.000000 0.000000 0.000000 0.000000 0.000000 0.000000 0.000000 0.000000 0.000000 0.000000 0.000000 0.000000 0.000000 0.000001 0.000001 0.000001 0.000001 0.000002 0.000002 0.000003 0.000004 0.000005 0.000007 0.000008 0.000010 0.000012 0.000015 0.000017 0.000020 0.000023 0.000026 0.000029 0.000032 0.000034 0.000036 0.000038 0.000040 0.000040 0.000041 0.000040 0.000040 0.000038 0.000036 0.000034 0.000032 0.000029 0.000026 0.000023 0.000020 0.000017 0.000015 0.000012 0.000010 0.000008 0.000007 0.000005 0.000004 0.000003 0.000002 0.000002 0.000001 0.000001 0.000001 0.000001 0.000000 0.000000 0.000000 0.000000 0.000000 0.000000 0.000000 0.000000 0.000000 0.000000 0.000000 0.000000 0.000000 0.000000 0.000000 0.000000 0.000000 0.000000 0.000000 0.000000 0.000000 0.000000 0.000000 0.000000 
0.000000 0.000000 0.000000 0.000000 0.000000 0.000000 0.000000 0.000000 0.000000 0.000000 0.000000 0.000000 0.000000 0.000000 0.000000 0.000000 0.000000 0.000000 0.000000 0.000000 0.000000 0.000000 0.000000 0.000000 0.000000 0.000001 0.000001 0.000001 0.000001 0.000002 0.000002 0.000003 0.000004 0.000005 0.000007 0.000008 0.000010 0.000012 0.000015 0.000017 0.000020 0.000023 0.000026 0.000029 0.000032 0.000034 0.000036 0.000038 0.000040 0.000040 0.000041 0.000040 0.000040 0.000038 0.000036 0.000034 0.000032 0.000029 0.000026 0.000023 0.000020 0.000017 0.000015 0.000012 0.000010 0.000008 0.000007 0.000005 0.000004 0.000003 0.000002 0.000002 0.000001 0.000001 0.000001 0.000001 0.000000 0.000000 0.000000 0.000000 0.000000 0.000000 0.000000 0.000000 0.000000 0.000000 0.000000 0.000000 0.000000 0.000000 0.000000 0.000000 0.000000 0.000000 0.000000 0.000000 0.000000 0.000000 0.000000 0.000000 
0.000000 0.000000 0.000000 0.000000 0.000000 0.000000 0.000000 0.000000 0.000000 0.000000 0.000000 0.000000 0.000000 0.000000 0.000000 0.000000 0.000000 0.000000 0.000000 0.000000 0.000000 0.000000 0.000000 0.000000 0.000001 0.000001 0.000001 0.000001 0.000002 0.000003 0.000004 0.000005 0.000006 0.000008 0.000010 0.000012 0.000015 0.000018 0.000021 0.000025 0.000029 0.000033 0.000037 0.000041 0.000045 0.000048 0.000051 0.000054 0.000056 0.000057 0.000058 0.000057 0.000056 0.000054 0.000051 0.000048 0.000045 0.000041 0.000037 0.000033 0.000029 0.000025 0.000021 0.000018 0.000015 0.000012 0.000010 0.000008 0.000006 0.000005 0.000004 0.000003 0.000002 0.000001 0.000001 0.000001 0.000001 0.000000 0.000000 0.000000 0.000000 0.000000 0.000000 0.000000 0.000000 0.000000 0.000000 0.000000 0.000000 0.000000 0.000000 0.000000 0.000000 0.000000 0.000000 0.000000 0.000000 0.000000 0.000000 0.000000 
0.000000 0.000000 0.000000 0.000000 0.000000 0.000000 0.000000 0.000000 0.000000 0.000000 0.000000 0.000000 0.000000 0.000000 0.000000 0.000000 0.000000 0.000000 0.000000 0.000000 0.000000 0.000000 0.000000 0.000001 0.000001 0.000001 0.000002 0.000002 0.000003 0.000005 0.000006 0.000008 0.000010 0.000013 0.000016 0.000020 0.000025 0.000030 0.000036 0.000042 0.000048 0.000055 0.000062 0.000069 0.000076 0.000082 0.000087 0.000091 0.000095 0.000097 0.000097 0.000097 0.000095 0.000091 0.000087 0.000082 0.000076 0.000069 0.000062 0.000055 0.000048 0.000042 0.000036 0.000030 0.000025 0.000020 0.000016 0.000013 0.000010 0.000008 0.000006 0.000005 0.000003 0.000002 0.000002 0.000001 0.000001 0.000001 0.000000 0.000000 0.000000 0.000000 0.000000 0.000000 0.000000 0.000000 0.000000 0.000000 0.000000 0.000000 0.000000 0.000000 0.000000 0.000000 0.000000 0.000000 0.000000 0.000000 0.000000 0.000000 
0.000000 0.000000 0.000000 0.000000 0.000000 0.000000 0.000000 0.000000 0.000000 0.000000 0.000000 0.000000 0.000000 0.000000 0.000000 0.000000 0.000000 0.000000 0.000000 0.000000 0.000000 0.000001 0.000001 0.000001 0.000002 0.000002 0.000003 0.000004 0.000006 0.000008 0.000011 0.000014 0.000018 0.000023 0.000029 0.000036 0.000045 0.000054 0.000064 0.000075 0.000087 0.000099 0.000112 0.000124 0.000136 0.000146 0.000156 0.000164 0.000169 0.000173 0.000174 0.000173 0.000169 0.000164 0.000156 0.000146 0.000136 0.000124 0.000112 0.000099 0.000087 0.000075 0.000064 0.000054 0.000045 0.000036 0.000029 0.000023 0.000018 0.000014 0.000011 0.000008 0.000006 0.000004 0.000003 0.000002 0.000002 0.000001 0.000001 0.000001 0.000000 0.000000 0.000000 0.000000 0.000000 0.000000 0.000000 0.000000 0.000000 0.000000 0.000000 0.000000 0.000000 0.000000 0.000000 0.000000 0.000000 0.000000 0.000000 0.000000 
0.000000 0.000000 0.000000 0.000000 0.000000 0.000000 0.000000 0.000000 0.000000 0.000000 0.000000 0.000000 0.000000 0.000000 0.000000 0.000000 0.000000 0.000000 0.000000 0.000000 0.000001 0.000001 0.000001 0.000002 0.000003 0.000004 0.000006 0.000008 0.000011 0.000015 0.000020 0.000026 0.000033 0.000042 0.000053 0.000066 0.000080 0.000097 0.000115 0.000135 0.000157 0.000179 0.000201 0.000223 0.000244 0.000264 0.000281 0.000295 0.000305 0.000312 0.000314 0.000312 0.000305 0.000295 0.000281 0.000264 0.000244 0.000223 0.000201 0.000179 0.000157 0.000135 0.000115 0.000097 0.000080 0.000066 0.000053 0.000042 0.000033 0.000026 0.000020 0.000015 0.000011 0.000008 0.000006 0.000004 0.000003 0.000002 0.000001 0.000001 0.000001 0.000000 0.000000 0.000000 0.000000 0.000000 0.000000 0.000000 0.000000 0.000000 0.000000 0.000000 0.000000 0.000000 0.000000 0.000000 0.000000 0.000000 0.000000 0.000000 
0.000000 0.000000 0.000000 0.000000 0.000000 0.000000 0.000000 0.000000 0.000000 0.000000 0.000000 0.000000 0.000000 0.000000 0.000000 0.000000 0.000000 0.000000 0.000000 0.000001 0.000001 0.000002 0.000002 0.000004 0.000005 0.000007 0.000010 0.000014 0.000020 0.000027 0.000035 0.000046 0.000059 0.000076 0.000095 0.000118 0.000144 0.000174 0.000207 0.000243 0.000281 0.000320 0.000360 0.000400 0.000437 0.000472 0.000503 0.000528 0.000546 0.000558 0.000562 0.000558 0.000546 0.000528 0.000503 0.000472 0.000437 0.000400 0.000360 0.000320 0.000281 0.000243 0.000207 0.000174 0.000144 0.000118 0.000095 0.000076 0.000059 0.000046 0.000035 0.000027 0.000020 0.000014 0.000010 0.000007 0.000005 0.000004 0.000002 0.000002 0.000001 0.000001 0.000000 0.000000 0.000000 0.000000 0.000000 0.000000 0.000000 0.000000 0.000000 0.000000 0.000000 0.000000 0.000000 0.000000 0.000000 0.000000 0.000000 0.000000 
0.000000 0.000000 0.000000 0.000000 0.000000 0.000000 0.000000 0.000000 0.000000 0.000000 0.000000 0.000000 0.000000 0.000000 0.000000 0.000000 0.000000 0.000001 0.000001 0.000001 0.000002 0.000003 0.000004 0.000006 0.000009 0.000013 0.000019 0.000026 0.000035 0.000047 0.000063 0.000082 0.000106 0.000135 0.000169 0.000209 0.000256 0.000308 0.000367 0.000430 0.000497 0.000567 0.000638 0.000708 0.000775 0.000836 0.000890 0.000934 0.000967 0.000987 0.000994 0.000987 0.000967 0.000934 0.000890 0.000836 0.000775 0.000708 0.000638 0.000567 0.000497 0.000430 0.000367 0.000308 0.000256 0.000209 0.000169 0.000135 0.000106 0.000082 0.000063 0.000047 0.000035 0.000026 0.000019 0.000013 0.000009 0.000006 0.000004 0.000003 0.000002 0.000001 0.000001 0.000001 0.000000 0.000000 0.000000 0.000000 0.000000 0.000000 0.000000 0.000000 0.000000 0.000000 0.000000 0.000000 0.000000 0.000000 0.000000 0.000000 
0.000000 0.000000 0.000000 0.000000 0.000000 0.000000 0.000000 0.000000 0.000000 0.000000 0.000000 0.000000 0.000000 0.000000 0.000000 0.000000 0.000001 0.000001 0.000002 0.000002 0.000004 0.000005 0.000008 0.000011 0.000016 0.000023 0.000033 0.000045 0.000062 0.000083 0.000110 0.000144 0.000185 0.000236 0.000296 0.000367 0.000448 0.000540 0.000642 0.000753 0.000870 0.000993 0.001116 0.001238 0.001355 0.001462 0.001556 0.001633 0.001691 0.001726 0.001738 0.001726 0.001691 0.001633 0.001556 0.001462 0.001355 0.001238 0.001116 0.000993 0.000870 0.000753 0.000642 0.000540 0.000448 0.000367 0.000296 0.000236 0.000185 0.000144 0.000110 0.000083 0.000062 0.000045 0.000033 0.000023 0.000016 0.000011 0.000008 0.000005 0.000004 0.000002 0.000002 0.000001 0.000001 0.000000 0.000000 0.000000 0.000000 0.000000 0.000000 0.000000 0.000000 0.000000 0.000000 0.000000 0.000000 0.000000 0.000000 0.000000 
0.000000 0.000000 0.000000 0.000000 0.000000 0.000000 0.000000 0.000000 0.000000 0.000000 0.000000 0.000000 0.000000 0.000000 0.000000 0.000001 0.000001 0.000002 0.000003 0.000004 0.000006 0.000009 0.000014 0.000020 0.000029 0.000041 0.000057 0.000078 0.000107 0.000144 0.000190 0.000249 0.000321 0.000409 0.000513 0.000635 0.000776 0.000934 0.001110 0.001301 0.001504 0.001715 0.001929 0.002139 0.002341 0.002525 0.002687 0.002821 0.002920 0.002981 0.003002 0.002981 0.002920 0.002821 0.002687 0.002525 0.002341 0.002139 0.001929 0.001715 0.001504 0.001301 0.001110 0.000934 0.000776 0.000635 0.000513 0.000409 0.000321 0.000249 0.000190 0.000144 0.000107 0.000078 0.000057 0.000041 0.000029 0.000020 0.000014 0.000009 0.000006 0.000004 0.000003 0.000002 0.000001 0.000001 0.000000 0.000000 0.000000 0.000000 0.000000 0.000000 0.000000 0.000000 0.000000 0.000000 0.000000 0.000000 0.000000 0.000000 
0.000000 0.000000 0.000000 0.000000 0.000000 0.000000 0.000000 0.000000 0.000000 0.000000 0.000000 0.000000 0.000000 0.000000 0.000001 0.000001 0.000002 0.000003 0.000005 0.000007 0.000011 0.000016 0.000023 0.000034 0.000049 0.000070 0.000097 0.000134 0.000183 0.000246 0.000326 0.000426 0.000549 0.000699 0.000877 0.001085 0.001325 0.001596 0.001896 0.002221 0.002567 0.002927 0.003291 0.003649 0.003992 0.004307 0.004583 0.004810 0.004979 0.005083 0.005118 0.005083 0.004979 0.004810 0.004583 0.004307 0.003992 0.003649 0.003291 0.002927 0.002567 0.002221 0.001896 0.001596 0.001325 0.001085 0.000877 0.000699 0.000549 0.000426 0.000326 0.000246 0.000183 0.000134 0.000097 0.000070 0.000049 0.000034 0.000023 0.000016 0.000011 0.000007 0.000005 0.000003 0.000002 0.000001 0.000001 0.000000 0.000000 0.000000 0.000000 0.000000 0.000000 0.000000 0.000000 0.000000 0.000000 0.000000 0.000000 0.000000 
0.000000 0.000000 0.000000 0.000000 0.000000 0.000000 0.000000 0.000000 0.000000 0.000000 0.000000 0.000000 0.000000 0.000001 0.000001 0.000002 0.000003 0.000005 0.000008 0.000012 0.000018 0.000027 0.000040 0.000058 0.000083 0.000118 0.000165 0.000227 0.000309 0.000415 0.000550 0.000719 0.000927 0.001179 0.001479 0.001831 0.002234 0.002690 0.003195 0.003744 0.004326 0.004931 0.005543 0.006146 0.006722 0.007252 0.007716 0.008097 0.008381 0.008556 0.008616 0.008556 0.008381 0.008097 0.007716 0.007252 0.006722 0.006146 0.005543 0.004931 0.004326 0.003744 0.003195 0.002690 0.002234 0.001831 0.001479 0.001179 0.000927 0.000719 0.000550 0.000415 0.000309 0.000227 0.000165 0.000118 0.000083 0.000058 0.000040 0.000027 0.000018 0.000012 0.000008 0.000005 0.000003 0.000002 0.000001 0.000001 0.000000 0.000000 0.000000 0.000000 0.000000 0.000000 0.000000 0.000000 0.000000 0.000000 0.000000 0.000000 
0.000000 0.000000 0.000000 0.000000 0.000000 0.000000 0.000000 0.000000 0.000000 0.000000 0.000000 0.000000 0.000001 0.000001 0.000002 0.000003 0.000005 0.000008 0.000013 0.000020 0.000030 0.000045 0.000067 0.000097 0.000139 0.000197 0.000275 0.000380 0.000516 0.000693 0.000918 0.001199 0.001546 0.001965 0.002464 0.003049 0.003721 0.004479 0.005318 0.006229 0.007196 0.008201 0.009218 0.010220 0.011177 0.012056 0.012826 0.013459 0.013931 0.014222 0.014320 0.014222 0.013931 0.013459 0.012826 0.012056 0.011177 0.010220 0.009218 0.008201 0.007196 0.006229 0.005318 0.004479 0.003721 0.003049 0.002464 0.001965 0.001546 0.001199 0.000918 0.000693 0.000516 0.000380 0.000275 0.000197 0.000139 0.000097 0.000067 0.000045 0.000030 0.000020 0.000013 0.000008 0.000005 0.000003 0.000002 0.000001 0.000001 0.000000 0.000000 0.000000 0.000000 0.000000 0.000000 0.000000 0.000000 0.000000 0.000000 0.000000 
0.000000 0.000000 0.000000 0.000000 0.000000 0.000000 0.000000 0.000000 0.000000 0.000000 0.000000 0.000001 0.000001 0.000002 0.000003 0.000005 0.000009 0.000014 0.000021 0.000033 0.000050 0.000075 0.000110 0.000160 0.000229 0.000325 0.000454 0.000626 0.000851 0.001142 0.001512 0.001974 0.002544 0.003233 0.004053 0.005013 0.006116 0.007360 0.008738 0.010232 0.011820 0.013467 0.015135 0.016779 0.018347 0.019787 0.021050 0.022088 0.022861 0.023337 0.023498 0.023337 0.022861 0.022088 0.021050 0.019787 0.018347 0.016779 0.015135 0.013467 0.011820 0.010232 0.008738 0.007360 0.006116 0.005013 0.004053 0.003233 0.002544 0.001974 0.001512 0.001142 0.000851 0.000626 0.000454 0.000325 0.000229 0.000160 0.000110 0.000075 0.000050 0.000033 0.000021 0.000014 0.000009 0.000005 0.000003 0.000002 0.000001 0.000001 0.000000 0.000000 0.000000 0.000000 0.000000 0.000000 0.000000 0.000000 0.000000 0.000000 
0.000000 0.000000 0.000000 0.000000 0.000000 0.000000 0.000000 0.000000 0.000000 0.000000 0.000001 0.000001 0.000002 0.000003 0.000006 0.000009 0.000014 0.000023 0.000035 0.000054 0.000081 0.000122 0.000179 0.000261 0.000374 0.000529 0.000739 0.001019 0.001385 0.001857 0.002458 0.003209 0.004132 0.005250 0.006581 0.008137 0.009925 0.011942 0.014174 0.016594 0.019165 0.021833 0.024534 0.027194 0.029732 0.032064 0.034107 0.035787 0.037037 0.037808 0.038068 0.037808 0.037037 0.035787 0.034107 0.032064 0.029732 0.027194 0.024534 0.021833 0.019165 0.016594 0.014174 0.011942 0.009925 0.008137 0.006581 0.005250 0.004132 0.003209 0.002458 0.001857 0.001385 0.001019 0.000739 0.000529 0.000374 0.000261 0.000179 0.000122 0.000081 0.000054 0.000035 0.000023 0.000014 0.000009 0.000006 0.000003 0.000002 0.000001 0.000001 0.000000 0.000000 0.000000 0.000000 0.000000 0.000000 0.000000 0.000000 0.000000 
0.000000 0.000000 0.000000 0.000000 0.000000 0.000000 0.000000 0.000000 0.000000 0.000001 0.000001 0.000002 0.000003 0.000005 0.000009 0.000015 0.000023 0.000036 0.000057 0.000087 0.000131 0.000196 0.000289 0.000419 0.000601 0.000851 0.001188 0.001636 0.002224 0.002982 0.003944 0.005147 0.006627 0.008418 0.010548 0.013038 0.015900 0.019126 0.022696 0.026568 0.030678 0.034942 0.039260 0.043511 0.047566 0.051292 0.054557 0.057240 0.059237 0.060469 0.060885 0.060469 0.059237 0.057240 0.054557 0.051292 0.047566 0.043511 0.039260 0.034942 0.030678 0.026568 0.022696 0.019126 0.015900 0.013038 0.010548 0.008418 0.006627 0.005147 0.003944 0.002982 0.002224 0.001636 0.001188 0.000851 0.000601 0.000419 0.000289 0.000196 0.000131 0.000087 0.000057 0.000036 0.000023 0.000015 0.000009 0.000005 0.000003 0.000002 0.000001 0.000001 0.000000 0.000000 0.000000 0.000000 0.000000 0.000000 0.000000 0.000000 
0.000000 0.000000 0.000000 0.000000 0.000000 0.000000 0.000000 0.000000 0.000001 0.000001 0.000002 0.000003 0.000005 0.000009 0.000014 0.000023 0.000037 0.000058 0.000090 0.000138 0.000209 0.000311 0.000459 0.000666 0.000955 0.001350 0.001884 0.002595 0.003525 0.004725 0.006248 0.008151 0.010491 0.013322 0.016689 0.020624 0.025144 0.030240 0.035878 0.041989 0.048477 0.055207 0.062020 0.068727 0.075125 0.081002 0.086152 0.090383 0.093533 0.095475 0.096131 0.095475 0.093533 0.090383 0.086152 0.081002 0.075125 0.068727 0.062020 0.055207 0.048477 0.041989 0.035878 0.030240 0.025144 0.020624 0.016689 0.013322 0.010491 0.008151 0.006248 0.004725 0.003525 0.002595 0.001884 0.001350 0.000955 0.000666 0.000459 0.000311 0.000209 0.000138 0.000090 0.000058 0.000037 0.000023 0.000014 0.000009 0.000005 0.000003 0.000002 0.000001 0.000001 0.000000 0.000000 0.000000 0.000000 0.000000 0.000000 0.000000 
0.000000 0.000000 0.000000 0.000000 0.000000 0.000000 0.000000 0.000001 0.000001 0.000002 0.000003 0.000005 0.000008 0.000014 0.000023 0.000036 0.000058 0.000091 0.000142 0.000217 0.000328 0.000489 0.000719 0.001044 0.001496 0.002115 0.002951 0.004061 0.005515 0.007390 0.009769 0.012741 0.016395 0.020812 0.026065 0.032204 0.039253 0.047198 0.055985 0.065510 0.075619 0.086105 0.096717 0.107163 0.117127 0.126280 0.134299 0.140887 0.145790 0.148814 0.149835 0.148814 0.145790 0.140887 0.134299 0.126280 0.117127 0.107163 0.096717 0.086105 0.075619 0.065510 0.055985 0.047198 0.039253 0.032204 0.026065 0.020812 0.016395 0.012741 0.009769 0.007390 0.005515 0.004061 0.002951 0.002115 0.001496 0.001044 0.000719 0.000489 0.000328 0.000217 0.000142 0.000091 0.000058 0.000036 0.000023 0.000014 0.000008 0.000005 0.000003 0.000002 0.000001 0.000001 0.000000 0.000000 0.000000 0.000000 0.000000 0.000000 
0.000000 0.000000 0.000000 0.000000 0.000000 0.000000 0.000000 0.000001 0.000002 0.000003 0.000005 0.000008 0.000013 0.000021 0.000035 0.000057 0.000090 0.000142 0.000220 0.000336 0.000508 0.000757 0.001113 0.001616 0.002314 0.003270 0.004560 0.006274 0.008518 0.011409 0.015077 0.019659 0.025289 0.032094 0.040184 0.049637 0.060487 0.072715 0.086236 0.100890 0.116439 0.132567 0.148885 0.164947 0.180265 0.194335 0.206661 0.216788 0.224324 0.228971 0.230541 0.228971 0.224324 0.216788 0.206661 0.194335 0.180265 0.164947 0.148885 0.132567 0.116439 0.100890 0.086236 0.072715 0.060487 0.049637 0.040184 0.032094 0.025289 0.019659 0.015077 0.011409 0.008518 0.006274 0.004560 0.003270 0.002314 0.001616 0.001113 0.000757 0.000508 0.000336 0.000220 0.000142 0.000090 0.000057 0.000035 0.000021 0.000013 0.000008 0.000005 0.000003 0.000002 0.000001 0.000000 0.000000 0.000000 0.000000 0.000000 0.000000 
0.000000 0.000000 0.000000 0.000000 0.000000 0.000000 0.000001 0.000001 0.000002 0.000004 0.000007 0.000012 0.000020 0.000033 0.000054 0.000087 0.000138 0.000217 0.000336 0.000514 0.000776 0.001157 0.001701 0.002468 0.003533 0.004990 0.006956 0.009567 0.012984 0.017386 0.022969 0.029939 0.038502 0.048851 0.061150 0.075516 0.092004 0.110581 0.131119 0.153373 0.176983 0.201467 0.226238 0.250617 0.273864 0.295215 0.313919 0.329283 0.340717 0.347767 0.350149 0.347767 0.340717 0.329283 0.313919 0.295215 0.273864 0.250617 0.226238 0.201467 0.176983 0.153373 0.131119 0.110581 0.092004 0.075516 0.061150 0.048851 0.038502 0.029939 0.022969 0.017386 0.012984 0.009567 0.006956 0.004990 0.003533 0.002468 0.001701 0.001157 0.000776 0.000514 0.000336 0.000217 0.000138 0.000087 0.000054 0.000033 0.000020 0.000012 0.000007 0.000004 0.000002 0.000001 0.000001 0.000000 0.000000 0.000000 0.000000 0.000000 
0.000000 0.000000 0.000000 0.000000 0.000000 0.000001 0.000001 0.000002 0.000004 0.000006 0.000011 0.000018 0.000030 0.000050 0.000081 0.000131 0.000209 0.000328 0.000508 0.000776 0.001172 0.001745 0.002564 0.003719 0.005322 0.007516 0.010472 0.014399 0.019534 0.026148 0.034535 0.045003 0.057860 0.073393 0.091848 0.113401 0.138131 0.165990 0.196782 0.230143 0.265530 0.302222 0.339339 0.375864 0.410691 0.442673 0.470689 0.493701 0.510825 0.521384 0.524952 0.521384 0.510825 0.493701 0.470689 0.442673 0.410691 0.375864 0.339339 0.302222 0.265530 0.230143 0.196782 0.165990 0.138131 0.113401 0.091848 0.073393 0.057860 0.045003 0.034535 0.026148 0.019534 0.014399 0.010472 0.007516 0.005322 0.003719 0.002564 0.001745 0.001172 0.000776 0.000508 0.000328 0.000209 0.000131 0.000081 0.000050 0.000030 0.000018 0.000011 0.000006 0.000004 0.000002 0.000001 0.000001 0.000000 0.000000 0.000000 0.000000 
0.000000 0.000000 0.000000 0.000000 0.000001 0.000001 0.000002 0.000003 0.000005 0.000009 0.000016 0.000027 0.000045 0.000075 0.000122 0.000196 0.000311 0.000489 0.000757 0.001157 0.001745 0.002597 0.003816 0.005532 0.007913 0.011171 0.015560 0.021387 0.029006 0.038816 0.051251 0.066767 0.085818 0.108831 0.136166 0.168082 0.204694 0.245932 0.291503 0.340866 0.393219 0.447497 0.502394 0.556411 0.607912 0.655202 0.696623 0.730645 0.755961 0.771570 0.776845 0.771570 0.755961 0.730645 0.696623 0.655202 0.607912 0.556411 0.502394 0.447497 0.393219 0.340866 0.291503 0.245932 0.204694 0.168082 0.136166 0.108831 0.085818 0.066767 0.051251 0.038816 0.029006 0.021387 0.015560 0.011171 0.007913 0.005532 0.003816 0.002597 0.001745 0.001157 0.000757 0.000489 0.000311 0.000196 0.000122 0.000075 0.000045 0.000027 0.000016 0.000009 0.000005 0.000003 0.000002 0.000001 0.000001 0.000000 0.000000 0.000000 
0.000000 0.000000 0.000000 0.000000 0.000001 0.000001 0.000002 0.000004 0.000008 0.000014 0.000023 0.000040 0.000067 0.000110 0.000179 0.000289 0.000459 0.000719 0.001113 0.001701 0.002564 0.003816 0.005603 0.008120 0.011612 0.016386 0.022817 0.031352 0.042508 0.056867 0.075064 0.097764 0.125629 0.159279 0.199241 0.245889 0.299391 0.359640 0.426208 0.498306 0.574757 0.654008 0.734155 0.813008 0.888179 0.957200 1.017651 1.067300 1.104243 1.127021 1.134718 1.127021 1.104243 1.067300 1.017651 0.957200 0.888179 0.813008 0.734155 0.654008 0.574757 0.498306 0.426208 0.359640 0.299391 0.245889 0.199241 0.159279 0.125629 0.097764 0.075064 0.056867 0.042508 0.031352 0.022817 0.016386 0.011612 0.008120 0.005603 0.003816 0.002564 0.001701 0.001113 0.000719 0.000459 0.000289 0.000179 0.000110 0.000067 0.000040 0.000023 0.000014 0.000008 0.000004 0.000002 0.000001 0.000001 0.000000 0.000000 0.000000 
0.000000 0.000000 0.000000 0.000001 0.000001 0.000002 0.000004 0.000006 0.000011 0.000020 0.000034 0.000058 0.000097 0.000160 0.000261 0.000419 0.000666 0.001044 0.001616 0.002468 0.003719 0.005532 0.008120 0.011763 0.016815 0.023721 0.033021 0.045358 0.061480 0.082224 0.108507 0.141283 0.181508 0.230073 0.287733 0.355029 0.432195 0.519077 0.615056 0.718991 0.829185 0.943400 1.058893 1.172509 1.280810 1.380243 1.467323 1.538840 1.592053 1.624861 1.635947 1.624861 1.592053 1.538840 1.467323 1.380243 1.280810 1.172509 1.058893 0.943400 0.829185 0.718991 0.615056 0.519077 0.432195 0.355029 0.287733 0.230073 0.181508 0.141283 0.108507 0.082224 0.061480 0.045358 0.033021 0.023721 0.016815 0.011763 0.008120 0.005532 0.003719 0.002468 0.001616 0.001044 0.000666 0.000419 0.000261 0.000160 0.000097 0.000058 0.000034 0.000020 0.000011 0.000006 0.000004 0.000002 0.000001 0.000001 0.000000 0.000000 
0.000000 0.000000 0.000001 0.000001 0.000002 0.000003 0.000005 0.000009 0.000016 0.000029 0.000049 0.000083 0.000139 0.000229 0.000374 0.000601 0.000955 0.001496 0.002314 0.003533 0.005322 0.007913 0.011612 0.016815 0.024030 0.033888 0.047159 0.064760 0.087752 0.117330 0.154794 0.201504 0.258814 0.327989 0.410104 0.505920 0.615770 0.739429 0.876013 1.023895 1.180664 1.343130 1.507396 1.668975 1.822984 1.964370 2.088183 2.189864 2.265516 2.312158 2.327918 2.312158 2.265516 2.189864 2.088183 1.964370 1.822984 1.668975 1.507396 1.343130 1.180664 1.023895 0.876013 0.739429 0.615770 0.505920 0.410104 0.327989 0.258814 0.201504 0.154794 0.117330 0.087752 0.064760 0.047159 0.033888 0.024030 0.016815 0.011612 0.007913 0.005322 0.003533 0.002314 0.001496 0.000955 0.000601 0.000374 0.000229 0.000139 0.000083 0.000049 0.000029 0.000016 0.000009 0.000005 0.000003 0.000002 0.000001 0.000001 0.000001 
0.000001 0.000001 0.000001 0.000001 0.000002 0.000004 0.000007 0.000013 0.000023 0.000041 0.000070 0.000118 0.000197 0.000325 0.000529 0.000851 0.001350 0.002115 0.003270 0.004990 0.007516 0.011171 0.016386 0.023721 0.033888 0.047776 0.066466 0.091246 0.123608 0.165228 0.217932 0.283626 0.364210 0.461458 0.576871 0.711517 0.865854 1.039564 1.231400 1.439073 1.659196 1.887293 2.117890 2.344694 2.560852 2.759279 2.933034 3.075722 3.181879 3.247328 3.269443 3.247328 3.181879 3.075722 2.933034 2.759279 2.560852 2.344694 2.117890 1.887293 1.659196 1.439073 1.231400 1.039564 0.865854 0.711517 0.576871 0.461458 0.364210 0.283626 0.217932 0.165228 0.123608 0.091246 0.066466 0.047776 0.033888 0.023721 0.016386 0.011171 0.007516 0.004990 0.003270 0.002115 0.001350 0.000851 0.000529 0.000325 0.000197 0.000118 0.000070 0.000041 0.000023 0.000013 0.000007 0.000004 0.000002 0.000001 0.000001 0.000001 
0.000001 0.000001 0.000001 0.000002 0.000003 0.000006 0.000010 0.000019 0.000033 0.000057 0.000097 0.000165 0.000275 0.000454 0.000739 0.001188 0.001884 0.002951 0.004560 0.006956 0.010472 0.015560 0.022817 0.033021 0.047159 0.066466 0.092441 0.126871 0.171823 0.229621 0.302791 0.393975 0.505803 0.640726 0.800821 0.987558 1.201568 1.442402 1.708324 1.996161 2.301213 2.617278 2.936774 3.250985 3.550424 3.825280 4.065946 4.263572 4.410599 4.501242 4.531869 4.501242 4.410599 4.263572 4.065946 3.825280 3.550424 3.250985 2.936774 2.617278 2.301213 1.996161 1.708324 1.442402 1.201568 0.987558 0.800821 0.640726 0.505803 0.393975 0.302791 0.229621 0.171823 0.126871 0.092441 0.066466 0.047159 0.033021 0.022817 0.015560 0.010472 0.006956 0.004560 0.002951 0.001884 0.001188 0.000739 0.000454 0.000275 0.000165 0.000097 0.000057 0.000033 0.000019 0.000010 0.000006 0.000003 0.000002 0.000001 0.000001 
0.000001 0.000001 0.000001 0.000002 0.000004 0.000008 0.000014 0.000026 0.000045 0.000078 0.000134 0.000227 0.000380 0.000626 0.001019 0.001636 0.002595 0.004061 0.006274 0.009567 0.014399 0.021387 0.031352 0.045358 0.064760 0.091246 0.126871 0.174079 0.235698 0.314906 0.415157 0.540062 0.693212 0.877954 1.097119 1.352713 1.645585 1.975113 2.338918 2.732649 3.149878 3.582121 4.019011 4.448637 4.858030 5.233790 5.562790 5.832939 6.033914 6.157813 6.199677 6.157813 6.033914 5.832939 5.562790 5.233790 4.858030 4.448637 4.019011 3.582121 3.149878 2.732649 2.338918 1.975113 1.645585 1.352713 1.097119 0.877954 0.693212 0.540062 0.415157 0.314906 0.235698 0.174079 0.126871 0.091246 0.064760 0.045358 0.031352 0.021387 0.014399 0.009567 0.006274 0.004061 0.002595 0.001636 0.001019 0.000626 0.000380 0.000227 0.000134 0.000078 0.000045 0.000026 0.000014 0.000008 0.000005 0.000003 0.000002 0.000002 
0.000001 0.000001 0.000002 0.000003 0.000006 0.000011 0.000020 0.000035 0.000062 0.000107 0.000183 0.000309 0.000516 0.000851 0.001385 0.002224 0.003525 0.005515 0.008518 0.012984 0.019534 0.029006 0.042508 0.061480 0.087752 0.123608 0.171823 0.235698 0.319051 0.426171 0.561721 0.730567 0.937554 1.187190 1.483287 1.828539 2.224084 2.669067 3.160268 3.691805 4.254999 4.838395 5.428006 6.007763 6.560177 7.067173 7.511056 7.875521 8.146653 8.313800 8.370276 8.313800 8.146653 7.875521 7.511056 7.067173 6.560177 6.007763 5.428006 4.838395 4.254999 3.691805 3.160268 2.669067 2.224084 1.828539 1.483287 1.187190 0.937554 0.730567 0.561721 0.426171 0.319051 0.235698 0.171823 0.123608 0.087752 0.061480 0.042508 0.029006 0.019534 0.012984 0.008518 0.005515 0.003525 0.002224 0.001385 0.000851 0.000516 0.000309 0.000183 0.000107 0.000062 0.000035 0.000020 0.000011 0.000006 0.000004 0.000003 0.000003 
0.000002 0.000002 0.000003 0.000005 0.000008 0.000015 0.000027 0.000047 0.000083 0.000144 0.000246 0.000415 0.000693 0.001142 0.001857 0.002982 0.004725 0.007390 0.011409 0.017386 0.026148 0.038816 0.056867 0.082224 0.117330 0.165228 0.229621 0.314906 0.426171 0.569131 0.749993 0.975237 1.251305 1.584197 1.978975 2.439215 2.966415 3.559425 4.213937 4.922111 5.672375 6.449472 7.234774 8.006889 8.742534 9.417655 10.008703 10.493984 10.854980 11.077523 11.152715 11.077523 10.854980 10.493984 10.008703 9.417655 8.742534 8.006889 7.234774 6.449472 5.672375 4.922111 4.213937 3.559425 2.966415 2.439215 1.978975 1.584197 1.251305 0.975237 0.749993 0.569131 0.426171 0.314906 0.229621 0.165228 0.117330 0.082224 0.056867 0.038816 0.026148 0.017386 0.011409 0.007390 0.004725 0.002982 0.001857 0.001142 0.000693 0.000415 0.000246 0.000144 0.000083 0.000047 0.000027 0.000015 0.000008 0.000005 0.000004 0.000004 
0.000002 0.000002 0.000004 0.000006 0.000011 0.000020 0.000035 0.000063 0.000110 0.000190 0.000326 0.000550 0.000918 0.001512 0.002458 0.003944 0.006248 0.009769 0.015077 0.022969 0.034535 0.051251 0.075064 0.108507 0.154794 0.217932 0.302791 0.415157 0.561721 0.749993 0.988132 1.284650 1.648006 2.086075 2.605498 3.210955 3.904399 4.684296 5.544969 6.476095 7.462456 8.483993 9.516225 10.531042 11.497860 12.385082 13.161779 13.799462 14.273816 14.566234 14.665034 14.566234 14.273816 13.799462 13.161779 12.385082 11.497860 10.531042 9.516225 8.483993 7.462456 6.476095 5.544969 4.684296 3.904399 3.210955 2.605498 2.086075 1.648006 1.284650 0.988132 0.749993 0.561721 0.415157 0.302791 0.217932 0.154794 0.108507 0.075064 0.051251 0.034535 0.022969 0.015077 0.009769 0.006248 0.003944 0.002458 0.001512 0.000918 0.000550 0.000326 0.000190 0.000110 0.000063 0.000035 0.000020 0.000011 0.000007 0.000005 0.000005 
0.000003 0.000003 0.000005 0.000008 0.000014 0.000026 0.000046 0.000082 0.000144 0.000249 0.000426 0.000719 0.001199 0.001974 0.003209 0.005147 0.008151 0.012741 0.019659 0.029939 0.045003 0.066767 0.097764 0.141283 0.201504 0.283626 0.393975 0.540062 0.730567 0.975237 1.284650 1.669842 2.141779 2.710657 3.385075 4.171082 5.071187 6.083379 7.200270 8.408451 9.688170 11.013403 12.352398 13.668703 14.922667 16.073330 17.080602 17.907562 18.522695 18.901890 19.030009 18.901890 18.522695 17.907562 17.080602 16.073330 14.922667 13.668703 12.352398 11.013403 9.688170 8.408451 7.200270 6.083379 5.071187 4.171082 3.385075 2.710657 2.141779 1.669842 1.284650 0.975237 0.730567 0.540062 0.393975 0.283626 0.201504 0.141283 0.097764 0.066767 0.045003 0.029939 0.019659 0.012741 0.008151 0.005147 0.003209 0.001974 0.001199 0.000719 0.000426 0.000249 0.000144 0.000082 0.000046 0.000026 0.000015 0.000009 0.000006 0.000006 
0.000004 0.000004 0.000006 0.000010 0.000018 0.000033 0.000059 0.000106 0.000185 0.000321 0.000549 0.000927 0.001546 0.002544 0.004132 0.006627 0.010491 0.016395 0.025289 0.038502 0.057860 0.085818 0.125629 0.181508 0.258814 0.364210 0.505803 0.693212 0.937554 1.251305 1.648006 2.141779 2.746645 3.475642 4.339753 5.346698 6.499659 7.796032 9.226333 10.773378 12.411864 14.108473 15.822563 17.507487 19.112512 20.585237 21.874379 22.932713 23.719933 24.205202 24.369158 24.205202 23.719933 22.932713 21.874379 20.585237 19.112512 17.507487 15.822563 14.108473 12.411864 10.773378 9.226333 7.796032 6.499659 5.346698 4.339753 3.475642 2.746645 2.141779 1.648006 1.251305 0.937554 0.693212 0.505803 0.364210 0.258814 0.181508 0.125629 0.085818 0.057860 0.038502 0.025289 0.016395 0.010491 0.006627 0.004132 0.002544 0.001546 0.000927 0.000549 0.000321 0.000185 0.000106 0.000060 0.000033 0.000019 0.000011 0.000008 0.000008 
0.000005 0.000005 0.000008 0.000013 0.000023 0.000042 0.000076 0.000135 0.000236 0.000409 0.000699 0.001179 0.001965 0.003233 0.005250 0.008418 0.013322 0.020812 0.032094 0.048851 0.073393 0.108831 0.159279 0.230073 0.327989 0.461458 0.640726 0.877954 1.187190 1.584197 2.086075 2.710657 3.475642 4.397478 5.490013 6.762969 8.220331 9.858775 11.666290 13.621139 15.691341 17.834800 20.000180 22.128572 24.155915 26.016053 27.644248 28.980885 29.975089 30.587939 30.794999 30.587939 29.975089 28.980885 27.644248 26.016053 24.155915 22.128572 20.000180 17.834800 15.691341 13.621139 11.666290 9.858775 8.220331 6.762969 5.490013 4.397478 3.475642 2.710657 2.086075 1.584197 1.187190 0.877954 0.640726 0.461458 0.327989 0.230073 0.159279 0.108831 0.073393 0.048851 0.032094 0.020812 0.013322 0.008418 0.005250 0.003233 0.001965 0.001179 0.000699 0.000409 0.000236 0.000135 0.000076 0.000043 0.000024 0.000014 0.000010 0.000010 
0.000007 0.000007 0.000010 0.000016 0.000029 0.000053 0.000095 0.000169 0.000296 0.000513 0.000877 0.001479 0.002464 0.004053 0.006581 0.010548 0.016689 0.026065 0.040184 0.061150 0.091848 0.136166 0.199241 0.287733 0.410104 0.576871 0.800821 1.097119 1.483287 1.978975 2.605498 3.385075 4.339753 5.490013 6.853088 8.441058 10.258851 12.302286 14.556348 16.993912 19.575089 22.247391 24.946828 27.599987 30.127042 32.445568 34.474912 36.140812 37.379896 38.143684 38.401739 38.143684 37.379896 36.140812 34.474912 32.445568 30.127042 27.599987 24.946828 22.247391 19.575089 16.993912 14.556348 12.302286 10.258851 8.441058 6.853088 5.490013 4.339753 3.385075 2.605498 1.978975 1.483287 1.097119 0.800821 0.576871 0.410104 0.287733 0.199241 0.136166 0.091848 0.061150 0.040184 0.026065 0.016689 0.010548 0.006581 0.004053 0.002464 0.001479 0.000877 0.000513 0.000296 0.000169 0.000095 0.000054 0.000030 0.000018 0.000013 0.000013 
0.000008 0.000008 0.000012 0.000020 0.000036 0.000066 0.000118 0.000209 0.000367 0.000635 0.001085 0.001831 0.003049 0.005013 0.008137 0.013038 0.020624 0.032204 0.049637 0.075516 0.113401 0.168082 0.245889 0.355029 0.505920 0.711517 0.987558 1.352713 1.828539 2.439215 3.210955 4.171082 5.346698 6.762969 8.441058 10.395784 12.633162 15.148002 17.921792 20.921125 24.096906 27.384559 30.705373 33.969061 37.077463 39.929236 42.425224 44.474134 45.998063 46.937419 47.254789 46.937419 45.998063 44.474134 42.425224 39.929236 37.077463 33.969061 30.705373 27.384559 24.096906 20.921125 17.921792 15.148002 12.633162 10.395784 8.441058 6.762969 5.346698 4.171082 3.210955 2.439215 1.828539 1.352713 0.987558 0.711517 0.505920 0.355029 0.245889 0.168082 0.113401 0.075516 0.049637 0.032204 0.020624 0.013038 0.008137 0.005013 0.003049 0.001831 0.001085 0.000635 0.000367 0.000210 0.000118 0.000066 0.000038 0.000022 0.000016 0.000016 
0.000010 0.000010 0.000015 0.000025 0.000045 0.000080 0.000144 0.000256 0.000448 0.000776 0.001325 0.002234 0.003721 0.006116 0.009925 0.015900 0.025144 0.039253 0.060487 0.092004 0.138131 0.204694 0.299391 0.432195 0.615770 0.865854 1.201568 1.645585 2.224084 2.966415 3.904399 5.071187 6.499659 8.220331 10.258851 12.633162 15.350514 18.404550 21.772751 25.414523 29.270241 33.261503 37.292769 41.254466 45.027481 48.488851 51.518277 54.005006 55.854536 56.994578 57.379749 56.994578 55.854536 54.005006 51.518277 48.488851 45.027481 41.254466 37.292769 33.261503 29.270241 25.414523 21.772751 18.404550 15.350514 12.633162 10.258851 8.220331 6.499659 5.071187 3.904399 2.966415 2.224084 1.645585 1.201568 0.865854 0.615770 0.432195 0.299391 0.204694 0.138131 0.092004 0.060487 0.039253 0.025144 0.015900 0.009925 0.006116 0.003721 0.002234 0.001325 0.000776 0.000448 0.000256 0.000145 0.000081 0.000046 0.000027 0.000020 0.000020 
0.000012 0.000012 0.000018 0.000030 0.000054 0.000097 0.000174 0.000308 0.000540 0.000934 0.001596 0.002690 0.004479 0.007360 0.011942 0.019126 0.030240 0.047198 0.072715 0.110581 0.165990 0.245932 0.359640 0.519077 0.739429 1.039564 1.442402 1.975113 2.669067 3.559425 4.684296 6.083379 7.796032 9.858775 12.302286 15.148002 18.404550 22.064258 26.100093 30.463384 35.082678 39.864048 44.693058 49.438484 53.957696 58.103466 61.731767 64.710011 66.925066 68.290398 68.751682 68.290398 66.925066 64.710011 61.731767 58.103466 53.957696 49.438484 44.693058 39.864048 35.082678 30.463384 26.100093 22.064258 18.404550 15.148002 12.302286 9.858775 7.796032 6.083379 4.684296 3.559425 2.669067 1.975113 1.442402 1.039564 0.739429 0.519077 0.359640 0.245932 0.165990 0.110581 0.072715 0.047198 0.030240 0.019126 0.011942 0.007360 0.004479 0.002690 0.001596 0.000934 0.000540 0.000309 0.000174 0.000098 0.000055 0.000033 0.000024 0.000024 
0.000015 0.000015 0.000021 0.000036 0.000064 0.000115 0.000207 0.000367 0.000642 0.001110 0.001896 0.003195 0.005318 0.008738 0.014174 0.022696 0.035878 0.055985 0.086236 0.131119 0.196782 0.291503 0.426208 0.615056 0.876013 1.231400 1.708324 2.338918 3.160268 4.213937 5.544969 7.200270 9.226333 11.666290 14.556348 17.921792 21.772751 26.100093 30.871804 36.030305 41.491104 47.143163 52.851228 58.460221 63.801609 68.701437 72.989547 76.509299 79.127053 80.740583 81.285719 80.740583 79.127053 76.509299 72.989547 68.701437 63.801609 58.460221 52.851228 47.143163 41.491104 36.030305 30.871804 26.100093 21.772751 17.921792 14.556348 11.666290 9.226333 7.200270 5.544969 4.213937 3.160268 2.338918 1.708324 1.231400 0.876013 0.615056 0.426208 0.291503 0.196782 0.131119 0.086236 0.055985 0.035878 0.022696 0.014174 0.008738 0.005318 0.003195 0.001896 0.001110 0.000642 0.000367 0.000207 0.000116 0.000066 0.000039 0.000028 0.000028 
0.000017 0.000017 0.000025 0.000042 0.000075 0.000135 0.000243 0.000430 0.000753 0.001301 0.002221 0.003744 0.006229 0.010232 0.016594 0.026568 0.041989 0.065510 0.100890 0.153373 0.230143 0.340866 0.498306 0.718991 1.023895 1.439073 1.996161 2.732649 3.691805 4.922111 6.476095 8.408451 10.773378 13.621139 16.993912 20.921125 25.414523 30.463384 36.030305 42.048075 48.418107 55.010879 61.668645 68.210566 74.440128 80.154517 85.155355 89.260035 92.312767 94.194389 94.830096 94.194389 92.312767 89.260035 85.155355 80.154517 74.440128 68.210566 61.668645 55.010879 48.418107 42.048075 36.030305 30.463384 25.414523 20.921125 16.993912 13.621139 10.773378 8.408451 6.476095 4.922111 3.691805 2.732649 1.996161 1.439073 1.023895 0.718991 0.498306 0.340866 0.230143 0.153373 0.100890 0.065510 0.041989 0.026568 0.016594 0.010232 0.006229 0.003744 0.002221 0.001301 0.000753 0.000430 0.000243 0.000137 0.000077 0.000046 0.000033 0.000033 
0.000020 0.000020 0.000029 0.000048 0.000087 0.000157 0.000281 0.000497 0.000870 0.001504 0.002567 0.004326 0.007196 0.011820 0.019165 0.030678 0.048477 0.075619 0.116439 0.176983 0.265530 0.393219 0.574757 0.829185 1.180664 1.659196 2.301213 3.149878 4.254999 5.672375 7.462456 9.688170 12.411864 15.691341 19.575089 24.096906 29.270241 35.082678 41.491104 48.418107 55.750189 63.338265 71.000796 78.529694 85.698853 92.274936 98.029721 102.753146 106.265996 108.431200 109.162712 108.431200 106.265996 102.753146 98.029721 92.274936 85.698853 78.529694 71.000796 63.338265 55.750189 48.418107 41.491104 35.082678 29.270241 24.096906 19.575089 15.691341 12.411864 9.688170 7.462456 5.672375 4.254999 3.149878 2.301213 1.659196 1.180664 0.829185 0.574757 0.393219 0.265530 0.176983 0.116439 0.075619 0.048477 0.030678 0.019165 0.011820 0.007196 0.004326 0.002567 0.001504 0.000871 0.000498 0.000281 0.000158 0.000089 0.000054 0.000038 0.000038 
0.000023 0.000023 0.000033 0.000055 0.000099 0.000179 0.000320 0.000567 0.000993 0.001715 0.002927 0.004931 0.008201 0.013467 0.021833 0.034942 0.055207 0.086105 0.132567 0.201467 0.302222 0.447497 0.654008 0.943400 1.343130 1.887293 2.617278 3.582121 4.838395 6.449472 8.483993 11.013403 14.108473 17.834800 22.247391 27.384559 33.261503 39.864048 47.143163 55.010879 63.338265 71.955998 80.657932 89.207789 97.348864 104.816254 111.350880 116.714284 120.703038 123.161550 123.992153 123.161550 120.703038 116.714284 111.350880 104.816254 97.348864 89.207789 80.657932 71.955998 63.338265 55.010879 47.143163 39.864048 33.261503 27.384559 22.247391 17.834800 14.108473 11.013403 8.483993 6.449472 4.838395 3.582121 2.617278 1.887293 1.343130 0.943400 0.654008 0.447497 0.302222 0.201467 0.132567 0.086105 0.055207 0.034942 0.021833 0.013467 0.008201 0.004931 0.002927 0.001715 0.000993 0.000568 0.000321 0.000180 0.000102 0.000061 0.000044 0.000044 
0.000026 0.000026 0.000037 0.000062 0.000112 0.000201 0.000360 0.000638 0.001116 0.001929 0.003291 0.005543 0.009218 0.015135 0.024534 0.039260 0.062020 0.096717 0.148885 0.226238 0.339339 0.502394 0.734155 1.058893 1.507396 2.117890 2.936774 4.019011 5.428006 7.234774 9.516225 12.352398 15.822563 20.000180 24.946828 30.705373 37.292769 44.693058 52.851228 61.668645 71.000796 80.657932 90.409061 99.989465 109.111550 117.478564 124.800290 130.809620 135.278693 138.033233 138.963844 138.033233 135.278693 130.809620 124.800290 117.478564 109.111550 99.989465 90.409061 80.657932 71.000796 61.668645 52.851228 44.693058 37.292769 30.705373 24.946828 20.000180 15.822563 12.352398 9.516225 7.234774 5.428006 4.019011 2.936774 2.117890 1.507396 1.058893 0.734155 0.502394 0.339339 0.226238 0.148885 0.096717 0.062020 0.039260 0.024534 0.015135 0.009218 0.005543 0.003291 0.001929 0.001117 0.000639 0.000361 0.000203 0.000115 0.000069 0.000049 0.000049 
