0.000000 0.000000 0.000000 0.000000 0.000000 0.000000 0.000000 0.000000 0.000001 0.000001 0.000002 0.000002 0.000003 0.000005 0.000006 0.000009 0.000013 0.000017 0.000024 0.000032 0.000043 0.000057 0.000075 0.000097 0.000125 0.000160 0.000202 0.000254 0.000315 0.000387 0.000471 0.000568 0.000679 0.000803 0.000941 0.001092 0.001256 0.001430 0.001613 0.001801 0.001993 0.002184 0.002370 0.002547 0.002712 0.002859 0.002986 0.003088 0.003163 0.003209 0.003225 0.003209 0.003163 0.003088 0.002986 0.002859 0.002712 0.002547 0.002370 0.002184 0.001993 0.001801 0.001613 0.001430 0.001256 0.001092 0.000941 0.000803 0.000679 0.000568 0.000471 0.000387 0.000315 0.000254 0.000202 0.000160 0.000125 0.000097 0.000075 0.000057 0.000043 0.000032 0.000024 0.000017 0.000013 0.000009 0.000006 0.000005 0.000003 0.000002 0.000002 0.000001 0.000001 0.000000 0.000000 0.000000 0.000000 0.000000 0.000000 0.000000 
0.000000 0.000000 0.000000 0.000000 0.000000 0.000000 0.000000 0.000000 0.000001 0.000001 0.000002 0.000002 0.000003 0.000005 0.000006 0.000009 0.000013 0.000017 0.000024 0.000032 0.000043 0.000057 0.000075 0.000097 0.000125 0.000160 0.000202 0.000254 0.000315 0.000387 0.000471 0.000568 0.000679 0.000803 0.000941 0.001092 0.001256 0.001430 0.001613 0.001801 0.001993 0.002184 0.002370 0.002547 0.002712 0.002859 0.002986 0.003088 0.003163 0.003209 0.003225 0.003209 0.003163 0.003088 0.002986 0.002859 0.002712 0.002547 0.002370 0.002184 0.001993 0.001801 0.001613 0.001430 0.001256 0.001092 0.000941 0.000803 0.000679 0.000568 0.000471 0.000387 0.000315 0.000254 0.000202 0.000160 0.000125 0.000097 0.000075 0.000057 0.000043 0.000032 0.000024 0.000017 0.000013 0.000009 0.000006 0.000005 0.000003 0.000002 0.000002 0.000001 0.000001 0.000000 0.000000 0.000000 0.000000 0.000000 0.000000 0.000000 
0.000000 0.000000 0.000000 0.000000 0.000000 0.000000 0.000000 0.000001 0.000001 0.000001 0.000002 0.000003 0.000004 0.000006 0.000008 0.000011 0.000015 0.000021 0.000029 0.000039 0.000052 0.000069 0.000090 0.000117 0.000151 0.000193 0.000244 0.000306 0.000380 0.000467 0.000568 0.000685 0.000818 0.000968 0.001135 0.001317 0.001514 0.001723 0.001943 0.002171 0.002401 0.002631 0.002855 0.003068 0.003266 0.003444 0.003596 0.003719 0.003810 0.003865 0.003884 0.003865 0.003810 0.003719 0.003596 0.003444 0.003266 0.003068 0.002855 0.002631 0.002401 0.002171 0.001943 0.001723 0.001514 0.001317 0.001135 0.000968 0.000818 0.000685 0.000568 0.000467 0.000380 0.000306 0.000244 0.000193 0.000151 0.000117 0.000090 0.000069 0.000052 0.000039 0.000029 0.000021 0.000015 0.000011 0.000008 0.000006 0.000004 0.000003 0.000002 0.000001 0.000001 0.000001 0.000000 0.000000 0.000000 0.000000 0.000000 0.000000 
0.000000 0.000000 0.000000 0.000000 0.000000 0.000000 0.000001 0.000001 0.000001 0.000002 0.000003 0.000004 0.000005 0.000008 0.000011 0.000015 0.000021 0.000029 0.000039 0.000053 0.000071 0.000094 0.000124 0.000161 0.000208 0.000265 0.000335 0.000420 0.000521 0.000640 0.000779 0.000939 0.001121 0.001326 0.001554 0.001803 0.002072 0.002359 0.002660 0.002970 0.003285 0.003599 0.003906 0.004198 0.004468 0.004711 0.004919 0.005087 0.005211 0.005287 0.005312 0.005287 0.005211 0.005087 0.004919 0.004711 0.004468 0.004198 0.003906 0.003599 0.003285 0.002970 0.002660 0.002359 0.002072 0.001803 0.001554 0.001326 0.001121 0.000939 0.000779 0.000640 0.000521 0.000420 0.000335 0.000265 0.000208 0.000161 0.000124 0.000094 0.000071 0.000053 0.000039 0.000029 0.000021 0.000015 0.000011 0.000008 0.000005 0.000004 0.000003 0.000002 0.000001 0.000001 0.000001 0.000000 0.000000 0.000000 0.000000 0.000000 
0.000000 0.000000 0.000000 0.000000 0.000000 0.000000 0.000001 0.000001 0.000002 0.000003 0.000004 0.000005 0.000008 0.000011 0.000016 0.000022 0.000031 0.000042 0.000058 0.000078 0.000104 0.000138 0.000181 0.000235 0.000303 0.000387 0.000489 0.000613 0.000760 0.000934 0.001137 0.001370 0.001636 0.001935 0.002266 0.002630 0.003022 0.003440 0.003878 0.004331 0.004790 0.005247 0.005693 0.006118 0.006512 0.006865 0.007168 0.007413 0.007594 0.007704 0.007741 0.007704 0.007594 0.007413 0.007168 0.006865 0.006512 0.006118 0.005693 0.005247 0.004790 0.004331 0.003878 0.003440 0.003022 0.002630 0.002266 0.001935 0.001636 0.001370 0.001137 0.000934 0.000760 0.000613 0.000489 0.000387 0.000303 0.000235 0.000181 0.000138 0.000104 0.000078 0.000058 0.000042 0.000031 0.000022 0.000016 0.000011 0.000008 0.000005 0.000004 0.000003 0.000002 0.000001 0.000001 0.000001 0.000000 0.000000 0.000000 0.000000 
0.000000 0.000000 0.000000 0.000000 0.000000 0.000001 0.000001 0.000002 0.000003 0.000004 0.000006 0.000008 0.000012 0.000017 0.000024 0.000033 0.000046 0.000063 0.000086 0.000116 0.000156 0.000206 0.000271 0.000352 0.000454 0.000579 0.000732 0.000917 0.001137 0.001397 0.001699 0.002048 0.002445 0.002891 0.003386 0.003928 0.004514 0.005137 0.005791 0.006466 0.007151 0.007834 0.008499 0.009133 0.009720 0.010247 0.010699 0.011064 0.011333 0.011497 0.011553 0.011497 0.011333 0.011064 0.010699 0.010247 0.009720 0.009133 0.008499 0.007834 0.007151 0.006466 0.005791 0.005137 0.004514 0.003928 0.003386 0.002891 0.002445 0.002048 0.001699 0.001397 0.001137 0.000917 0.000732 0.000579 0.000454 0.000352 0.000271 0.000206 0.000156 0.000116 0.000086 0.000063 0.000046 0.000033 0.000024 0.000017 0.000012 0.000008 0.000006 0.000004 0.000003 0.000002 0.000001 0.000001 0.000001 0.000000 0.000000 0.000000 
0.000000 0.000000 0.000000 0.000001 0.000001 0.000001 0.000002 0.000003 0.000004 0.000006 0.000008 0.000012 0.000018 0.000025 0.000036 0.000050 0.000069 0.000095 0.000130 0.000175 0.000234 0.000311 0.000408 0.000530 0.000683 0.000871 0.001101 0.001378 0.001708 0.002098 0.002552 0.003076 0.003671 0.004341 0.005083 0.005896 0.006774 0.007709 0.008690 0.009702 0.010729 0.011751 0.012748 0.013698 0.014579 0.015368 0.016045 0.016593 0.016995 0.017242 0.017324 0.017242 0.016995 0.016593 0.016045 0.015368 0.014579 0.013698 0.012748 0.011751 0.010729 0.009702 0.008690 0.007709 0.006774 0.005896 0.005083 0.004341 0.003671 0.003076 0.002552 0.002098 0.001708 0.001378 0.001101 0.000871 0.000683 0.000530 0.000408 0.000311 0.000234 0.000175 0.000130 0.000095 0.000069 0.000050 0.000036 0.000025 0.000018 0.000012 0.000008 0.000006 0.000004 0.000003 0.000002 0.000001 0.000001 0.000001 0.000000 0.000000 
0.000000 0.000000 0.000001 0.000001 0.000001 0.000002 0.000003 0.000004 0.000006 0.000009 0.000013 0.000018 0.000026 0.000038 0.000053 0.000075 0.000104 0.000143 0.000195 0.000263 0.000352 0.000466 0.000611 0.000794 0.001023 0.001305 0.001648 0.002063 0.002557 0.003141 0.003820 0.004603 0.005493 0.006494 0.007604 0.008819 0.010131 0.011528 0.012993 0.014505 0.016039 0.017566 0.019056 0.020475 0.021790 0.022969 0.023980 0.024798 0.025399 0.025767 0.025890 0.025767 0.025399 0.024798 0.023980 0.022969 0.021790 0.020475 0.019056 0.017566 0.016039 0.014505 0.012993 0.011528 0.010131 0.008819 0.007604 0.006494 0.005493 0.004603 0.003820 0.003141 0.002557 0.002063 0.001648 0.001305 0.001023 0.000794 0.000611 0.000466 0.000352 0.000263 0.000195 0.000143 0.000104 0.000075 0.000053 0.000038 0.000026 0.000018 0.000013 0.000009 0.000006 0.000004 0.000003 0.000002 0.000001 0.000001 0.000001 0.000001 
0.000001 0.000001 0.000001 0.000001 0.000002 0.000003 0.000004 0.000006 0.000009 0.000013 0.000019 0.000027 0.000039 0.000056 0.000080 0.000112 0.000155 0.000213 0.000290 0.000392 0.000524 0.000693 0.000910 0.001182 0.001522 0.001941 0.002452 0.003068 0.003802 0.004669 0.005678 0.006840 0.008163 0.009648 0.011296 0.013100 0.015048 0.017121 0.019295 0.021539 0.023814 0.026080 0.028290 0.030395 0.032346 0.034094 0.035594 0.036807 0.037698 0.038244 0.038427 0.038244 0.037698 0.036807 0.035594 0.034094 0.032346 0.030395 0.028290 0.026080 0.023814 0.021539 0.019295 0.017121 0.015048 0.013100 0.011296 0.009648 0.008163 0.006840 0.005678 0.004669 0.003802 0.003068 0.002452 0.001941 0.001522 0.001182 0.000910 0.000693 0.000524 0.000392 0.000290 0.000213 0.000155 0.000112 0.000080 0.000056 0.000039 0.000027 0.000019 0.000013 0.000009 0.000006 0.000004 0.000003 0.000002 0.000001 0.000001 0.000001 
0.000001 0.000001 0.000001 0.000002 0.000003 0.000004 0.000006 0.000009 0.000013 0.000019 0.000028 0.000041 0.000058 0.000083 0.000118 0.000165 0.000229 0.000315 0.000429 0.000578 0.000773 0.001024 0.001343 0.001744 0.002245 0.002863 0.003616 0.004524 0.005607 0.006883 0.008370 0.010082 0.012029 0.014217 0.016643 0.019299 0.022166 0.025218 0.028418 0.031719 0.035068 0.038402 0.041654 0.044751 0.047621 0.050192 0.052400 0.054184 0.055495 0.056297 0.056567 0.056297 0.055495 0.054184 0.052400 0.050192 0.047621 0.044751 0.041654 0.038402 0.035068 0.031719 0.028418 0.025218 0.022166 0.019299 0.016643 0.014217 0.012029 0.010082 0.008370 0.006883 0.005607 0.004524 0.003616 0.002863 0.002245 0.001744 0.001343 0.001024 0.000773 0.000578 0.000429 0.000315 0.000229 0.000165 0.000118 0.000083 0.000058 0.000041 0.000028 0.000019 0.000013 0.000009 0.000006 0.000004 0.000003 0.000002 0.000002 0.000002 
0.000002 0.000002 0.000002 0.000003 0.000004 0.000006 0.000008 0.000013 0.000019 0.000028 0.000041 0.000059 0.000086 0.000122 0.000173 0.000242 0.000335 0.000461 0.000628 0.000847 0.001131 0.001498 0.001964 0.002552 0.003284 0.004186 0.005287 0.006613 0.008195 0.010058 0.012230 0.014729 0.017572 0.020765 0.024306 0.028182 0.032366 0.036818 0.041486 0.046303 0.051188 0.056051 0.060793 0.065309 0.069495 0.073245 0.076464 0.079065 0.080977 0.082147 0.082540 0.082147 0.080977 0.079065 0.076464 0.073245 0.069495 0.065309 0.060793 0.056051 0.051188 0.046303 0.041486 0.036818 0.032366 0.028182 0.024306 0.020765 0.017572 0.014729 0.012230 0.010058 0.008195 0.006613 0.005287 0.004186 0.003284 0.002552 0.001964 0.001498 0.001131 0.000847 0.000628 0.000461 0.000335 0.000242 0.000173 0.000122 0.000086 0.000059 0.000041 0.000028 0.000019 0.000013 0.000008 0.000006 0.000004 0.000003 0.000002 0.000002 
0.000002 0.000002 0.000003 0.000004 0.000005 0.000008 0.000012 0.000018 0.000027 0.000041 0.000059 0.000086 0.000124 0.000177 0.000251 0.000351 0.000487 0.000669 0.000911 0.001228 0.001641 0.002172 0.002848 0.003699 0.004759 0.006066 0.007659 0.009579 0.011869 0.014566 0.017708 0.021324 0.025437 0.030056 0.035178 0.040782 0.046833 0.053271 0.060020 0.066983 0.074045 0.081074 0.087928 0.094456 0.100505 0.105925 0.110577 0.114336 0.117099 0.118789 0.119358 0.118789 0.117099 0.114336 0.110577 0.105925 0.100505 0.094456 0.087928 0.081074 0.074045 0.066983 0.060020 0.053271 0.046833 0.040782 0.035178 0.030056 0.025437 0.021324 0.017708 0.014566 0.011869 0.009579 0.007659 0.006066 0.004759 0.003699 0.002848 0.002172 0.001641 0.001228 0.000911 0.000669 0.000487 0.000351 0.000251 0.000177 0.000124 0.000086 0.000059 0.000041 0.000027 0.000018 0.000012 0.000008 0.000006 0.000004 0.000003 0.000003 
0.000003 0.000003 0.000004 0.000005 0.000008 0.000012 0.000018 0.000026 0.000039 0.000058 0.000086 0.000124 0.000179 0.000255 0.000361 0.000505 0.000700 0.000962 0.001309 0.001765 0.002358 0.003120 0.004091 0.005312 0.006834 0.008709 0.010995 0.013750 0.017033 0.020901 0.025407 0.030591 0.036487 0.043107 0.050448 0.058480 0.067149 0.076374 0.086043 0.096018 0.106134 0.116203 0.126020 0.135370 0.144033 0.151795 0.158457 0.163840 0.167796 0.170216 0.171031 0.170216 0.167796 0.163840 0.158457 0.151795 0.144033 0.135370 0.126020 0.116203 0.106134 0.096018 0.086043 0.076374 0.067149 0.058480 0.050448 0.043107 0.036487 0.030591 0.025407 0.020901 0.017033 0.013750 0.010995 0.008709 0.006834 0.005312 0.004091 0.003120 0.002358 0.001765 0.001309 0.000962 0.000700 0.000505 0.000361 0.000255 0.000179 0.000124 0.000086 0.000058 0.000040 0.000027 0.000018 0.000012 0.000008 0.000006 0.000005 0.000005 
0.000005 0.000005 0.000006 0.000008 0.000011 0.000017 0.000025 0.000038 0.000056 0.000083 0.000122 0.000177 0.000255 0.000364 0.000514 0.000719 0.000998 0.001370 0.001865 0.002514 0.003357 0.004442 0.005822 0.007560 0.009724 0.012390 0.015639 0.019555 0.024220 0.029717 0.036118 0.043484 0.051858 0.061261 0.071685 0.083090 0.095399 0.108496 0.122223 0.136382 0.150740 0.165031 0.178964 0.192232 0.204526 0.215541 0.224994 0.232633 0.238247 0.241681 0.242836 0.241681 0.238247 0.232633 0.224994 0.215541 0.204526 0.192232 0.178964 0.165031 0.150740 0.136382 0.122223 0.108496 0.095399 0.083090 0.071685 0.061261 0.051858 0.043484 0.036118 0.029717 0.024220 0.019555 0.015639 0.012390 0.009724 0.007560 0.005822 0.004442 0.003357 0.002514 0.001865 0.001370 0.000998 0.000719 0.000514 0.000364 0.000255 0.000177 0.000122 0.000083 0.000056 0.000038 0.000025 0.000017 0.000012 0.000009 0.000007 0.000007 
0.000006 0.000006 0.000008 0.000011 0.000016 0.000024 0.000036 0.000053 0.000080 0.000118 0.000173 0.000251 0.000361 0.000514 0.000726 0.001016 0.001408 0.001934 0.002631 0.003547 0.004736 0.006265 0.008210 0.010659 0.013708 0.017464 0.022040 0.027554 0.034124 0.041863 0.050874 0.061242 0.073027 0.086259 0.100927 0.116974 0.134292 0.152715 0.172023 0.191938 0.212132 0.232230 0.251823 0.270481 0.287767 0.303256 0.316547 0.327286 0.335180 0.340008 0.341632 0.340008 0.335180 0.327286 0.316547 0.303256 0.287767 0.270481 0.251823 0.232230 0.212132 0.191938 0.172023 0.152715 0.134292 0.116974 0.100927 0.086259 0.073027 0.061242 0.050874 0.041863 0.034124 0.027554 0.022040 0.017464 0.013708 0.010659 0.008210 0.006265 0.004736 0.003547 0.002631 0.001934 0.001408 0.001016 0.000726 0.000514 0.000361 0.000251 0.000173 0.000118 0.000080 0.000054 0.000036 0.000024 0.000017 0.000012 0.000010 0.000010 
0.000009 0.000009 0.000011 0.000015 0.000022 0.000033 0.000050 0.000075 0.000112 0.000165 0.000242 0.000351 0.000505 0.000719 0.001016 0.001421 0.001970 0.002705 0.003679 0.004958 0.006619 0.008755 0.011471 0.014890 0.019146 0.024388 0.030775 0.038469 0.047635 0.058431 0.070999 0.085458 0.101893 0.120343 0.140793 0.163164 0.187303 0.212982 0.239892 0.267646 0.295787 0.323792 0.351092 0.377089 0.401173 0.422751 0.441268 0.456230 0.467227 0.473952 0.476215 0.473952 0.467227 0.456230 0.441268 0.422751 0.401173 0.377089 0.351092 0.323792 0.295787 0.267646 0.239892 0.212982 0.187303 0.163164 0.140793 0.120343 0.101893 0.085458 0.070999 0.058431 0.047635 0.038469 0.030775 0.024388 0.019146 0.014890 0.011471 0.008755 0.006619 0.004958 0.003679 0.002705 0.001970 0.001421 0.001016 0.000719 0.000505 0.000351 0.000242 0.000165 0.000112 0.000075 0.000050 0.000034 0.000023 0.000017 0.000014 0.000014 
0.000013 0.000013 0.000015 0.000021 0.000031 0.000046 0.000069 0.000104 0.000155 0.000229 0.000335 0.000487 0.000700 0.000998 0.001408 0.001970 0.002729 0.003747 0.005096 0.006867 0.009166 0.012121 0.015879 0.020608 0.026494 0.033744 0.042574 0.053211 0.065882 0.080803 0.098171 0.118151 0.140859 0.166348 0.194597 0.225497 0.258837 0.294300 0.331461 0.369785 0.408640 0.447305 0.484996 0.520885 0.554133 0.583920 0.609481 0.630133 0.645312 0.654595 0.657719 0.654595 0.645312 0.630133 0.609481 0.583920 0.554133 0.520885 0.484996 0.447305 0.408640 0.369785 0.331461 0.294300 0.258837 0.225497 0.194597 0.166348 0.140859 0.118151 0.098171 0.080803 0.065882 0.053211 0.042574 0.033744 0.026494 0.020608 0.015879 0.012121 0.009166 0.006867 0.005096 0.003747 0.002729 0.001970 0.001408 0.000998 0.000700 0.000487 0.000335 0.000229 0.000155 0.000104 0.000070 0.000047 0.000033 0.000024 0.000020 0.000020 
0.000017 0.000017 0.000021 0.000029 0.000042 0.000063 0.000095 0.000143 0.000213 0.000315 0.000461 0.000669 0.000962 0.001370 0.001934 0.002705 0.003747 0.005143 0.006994 0.009421 0.012574 0.016625 0.021777 0.028257 0.036324 0.046257 0.058353 0.072923 0.090276 0.110709 0.134491 0.161845 0.192930 0.227820 0.266485 0.308772 0.354396 0.402921 0.453766 0.506199 0.559354 0.612248 0.663806 0.712897 0.758374 0.799116 0.834075 0.862321 0.883081 0.895777 0.900049 0.895777 0.883081 0.862321 0.834075 0.799116 0.758374 0.712897 0.663806 0.612248 0.559354 0.506199 0.453766 0.402921 0.354396 0.308772 0.266485 0.227820 0.192930 0.161845 0.134491 0.110709 0.090276 0.072923 0.058353 0.046257 0.036324 0.028257 0.021777 0.016625 0.012574 0.009422 0.006994 0.005143 0.003747 0.002705 0.001934 0.001370 0.000962 0.000669 0.000461 0.000315 0.000213 0.000144 0.000096 0.000065 0.000045 0.000033 0.000027 0.000027 
0.000024 0.000024 0.000029 0.000039 0.000058 0.000086 0.000130 0.000195 0.000290 0.000429 0.000628 0.000911 0.001309 0.001865 0.002631 0.003679 0.005096 0.006994 0.009508 0.012807 0.017090 0.022592 0.029588 0.038388 0.049339 0.062822 0.079241 0.099014 0.122560 0.150283 0.182546 0.219651 0.261812 0.309129 0.361561 0.418901 0.480759 0.546547 0.615474 0.686551 0.758601 0.830294 0.900172 0.966704 1.028335 1.083548 1.130923 1.169200 1.197332 1.214535 1.220325 1.214535 1.197332 1.169200 1.130923 1.083548 1.028335 0.966704 0.900172 0.830294 0.758601 0.686551 0.615474 0.546547 0.480759 0.418901 0.361561 0.309129 0.261812 0.219651 0.182546 0.150283 0.122560 0.099014 0.079241 0.062822 0.049339 0.038388 0.029588 0.022592 0.017090 0.012807 0.009508 0.006994 0.005096 0.003679 0.002631 0.001865 0.001309 0.000911 0.000628 0.000429 0.000291 0.000196 0.000131 0.000088 0.000061 0.000045 0.000037 0.000037 
0.000032 0.000032 0.000039 0.000053 0.000078 0.000116 0.000175 0.000263 0.000392 0.000578 0.000847 0.001228 0.001765 0.002514 0.003547 0.004958 0.006867 0.009421 0.012807 0.017248 0.023012 0.030416 0.039828 0.051667 0.066397 0.084530 0.106608 0.133194 0.164850 0.202116 0.245479 0.295346 0.352003 0.415582 0.486028 0.563061 0.646158 0.734528 0.827108 0.922569 1.019333 1.115610 1.209447 1.298786 1.381542 1.455677 1.519287 1.570679 1.608450 1.631547 1.639320 1.631547 1.608450 1.570679 1.519287 1.455677 1.381542 1.298786 1.209447 1.115610 1.019333 0.922569 0.827108 0.734528 0.646158 0.563061 0.486028 0.415582 0.352003 0.295346 0.245479 0.202116 0.164850 0.133194 0.106608 0.084530 0.066397 0.051667 0.039828 0.030416 0.023012 0.017248 0.012807 0.009422 0.006867 0.004958 0.003547 0.002514 0.001765 0.001228 0.000847 0.000579 0.000392 0.000264 0.000177 0.000119 0.000083 0.000061 0.000051 0.000051 
0.000043 0.000043 0.000052 0.000071 0.000104 0.000156 0.000234 0.000352 0.000524 0.000773 0.001131 0.001641 0.002358 0.003357 0.004736 0.006619 0.009166 0.012574 0.017090 0.023012 0.030697 0.040569 0.053115 0.068893 0.088523 0.112684 0.142098 0.177513 0.219677 0.269308 0.327054 0.393453 0.468885 0.553527 0.647301 0.749837 0.860435 0.978043 1.101246 1.228274 1.357030 1.485132 1.609980 1.728841 1.838938 1.937563 2.022184 2.090550 2.140795 2.171521 2.181861 2.171521 2.140795 2.090550 2.022184 1.937563 1.838938 1.728841 1.609980 1.485132 1.357030 1.228274 1.101246 0.978043 0.860435 0.749837 0.647301 0.553527 0.468885 0.393453 0.327054 0.269308 0.219677 0.177513 0.142098 0.112684 0.088523 0.068893 0.053115 0.040569 0.030697 0.023012 0.017090 0.012574 0.009166 0.006619 0.004736 0.003357 0.002358 0.001641 0.001132 0.000774 0.000524 0.000353 0.000237 0.000160 0.000110 0.000081 0.000068 0.000068 
0.000057 0.000057 0.000069 0.000094 0.000138 0.000206 0.000311 0.000466 0.000693 0.001024 0.001498 0.002172 0.003120 0.004442 0.006265 0.008755 0.012121 0.016625 0.022592 0.030416 0.040569 0.053607 0.070176 0.091009 0.116926 0.148820 0.187645 0.234384 0.290024 0.355510 0.431697 0.519291 0.618794 0.730434 0.854109 0.989329 1.135171 1.290245 1.452686 1.620162 1.789905 1.958779 2.123356 2.280034 2.425155 2.555151 2.666684 2.756792 2.823016 2.863512 2.877139 2.863512 2.823016 2.756792 2.666684 2.555151 2.425155 2.280034 2.123356 1.958779 1.789905 1.620162 1.452686 1.290245 1.135171 0.989329 0.854109 0.730434 0.618794 0.519291 0.431697 0.355510 0.290024 0.234384 0.187645 0.148820 0.116926 0.091009 0.070176 0.053607 0.040569 0.030416 0.022592 0.016625 0.012121 0.008755 0.006265 0.004442 0.003121 0.002172 0.001498 0.001024 0.000695 0.000468 0.000314 0.000212 0.000146 0.000108 0.000090 0.000090 
0.000075 0.000075 0.000090 0.000124 0.000181 0.000271 0.000408 0.000611 0.000910 0.001343 0.001964 0.002848 0.004091 0.005822 0.008210 0.011471 0.015879 0.021777 0.029588 0.039828 0.053115 0.070176 0.091853 0.119106 0.153005 0.194718 0.245488 0.306601 0.379344 0.464951 0.564536 0.679022 0.809059 0.954947 1.116549 1.293223 1.483760 1.686347 1.898545 2.117306 2.339019 2.559584 2.774530 2.979150 3.168671 3.338435 3.484084 3.601753 3.688230 3.741111 3.758906 3.741111 3.688230 3.601753 3.484084 3.338435 3.168671 2.979150 2.774530 2.559584 2.339019 2.117306 1.898545 1.686347 1.483760 1.293223 1.116549 0.954947 0.809059 0.679022 0.564536 0.464951 0.379344 0.306601 0.245488 0.194718 0.153005 0.119106 0.091853 0.070176 0.053115 0.039828 0.029588 0.021777 0.015879 0.011471 0.008210 0.005822 0.004091 0.002848 0.001965 0.001344 0.000911 0.000614 0.000412 0.000278 0.000192 0.000142 0.000118 0.000118 
0.000097 0.000097 0.000117 0.000161 0.000235 0.000352 0.000530 0.000794 0.001182 0.001744 0.002552 0.003699 0.005312 0.007560 0.010659 0.014890 0.020608 0.028257 0.038388 0.051667 0.068893 0.091009 0.119106 0.154426 0.198354 0.252400 0.318174 0.397340 0.491561 0.602433 0.731396 0.879642 1.048011 1.236887 1.446091 1.674791 1.921419 2.183627 2.458258 2.741369 3.028284 3.313701 3.591835 3.856598 4.101817 4.321466 4.509910 4.662149 4.774031 4.842447 4.865469 4.842447 4.774031 4.662149 4.509910 4.321466 4.101817 3.856598 3.591835 3.313701 3.028284 2.741369 2.458258 2.183627 1.921419 1.674791 1.446091 1.236887 1.048011 0.879642 0.731396 0.602433 0.491561 0.397340 0.318174 0.252400 0.198354 0.154426 0.119106 0.091009 0.068893 0.051667 0.038388 0.028257 0.020608 0.014890 0.010659 0.007560 0.005313 0.003699 0.002552 0.001746 0.001184 0.000798 0.000536 0.000362 0.000250 0.000184 0.000154 0.000154 
0.000125 0.000125 0.000151 0.000208 0.000303 0.000454 0.000683 0.001023 0.001522 0.002245 0.003284 0.004759 0.006834 0.009724 0.013708 0.019146 0.026494 0.036324 0.049339 0.066397 0.088523 0.116926 0.153005 0.198354 0.254748 0.324124 0.408544 0.510142 0.631050 0.773310 0.938768 1.128949 1.344927 1.587192 1.855511 2.148813 2.465087 2.801320 3.153464 3.516461 3.884318 4.250239 4.606807 4.946222 5.260573 5.542137 5.783696 5.978840 6.122253 6.209948 6.239459 6.209948 6.122253 5.978840 5.783696 5.542137 5.260573 4.946222 4.606807 4.250239 3.884318 3.516461 3.153464 2.801320 2.465087 2.148813 1.855511 1.587192 1.344927 1.128949 0.938768 0.773310 0.631050 0.510142 0.408544 0.324124 0.254748 0.198354 0.153005 0.116926 0.088523 0.066397 0.049339 0.036324 0.026494 0.019146 0.013708 0.009724 0.006835 0.004760 0.003285 0.002247 0.001524 0.001027 0.000690 0.000466 0.000322 0.000237 0.000198 0.000198 
0.000160 0.000160 0.000193 0.000265 0.000387 0.000579 0.000871 0.001305 0.001941 0.002863 0.004186 0.006066 0.008709 0.012390 0.017464 0.024388 0.033744 0.046257 0.062822 0.084530 0.112684 0.148820 0.194718 0.252400 0.324124 0.412349 0.519694 0.648868 0.802578 0.983418 1.193726 1.435439 1.709918 2.017779 2.358725 2.731390 3.133219 3.560380 4.007729 4.468842 4.936107 5.400893 5.853783 6.284871 6.684112 7.041704 7.348482 7.596310 7.778437 7.889806 7.927282 7.889806 7.778437 7.596310 7.348482 7.041704 6.684112 6.284871 5.853783 5.400893 4.936107 4.468842 4.007729 3.560380 3.133219 2.731390 2.358725 2.017779 1.709918 1.435439 1.193726 0.983418 0.802578 0.648868 0.519694 0.412349 0.324124 0.252400 0.194718 0.148820 0.112684 0.084530 0.062822 0.046257 0.033744 0.024388 0.017464 0.012390 0.008710 0.006067 0.004188 0.002865 0.001944 0.001310 0.000880 0.000594 0.000411 0.000303 0.000253 0.000253 
0.000202 0.000202 0.000244 0.000335 0.000489 0.000732 0.001101 0.001648 0.002452 0.003616 0.005287 0.007659 0.010995 0.015639 0.022040 0.030775 0.042574 0.058353 0.079241 0.106608 0.142098 0.187645 0.245488 0.318174 0.408544 0.519694 0.654918 0.817625 1.011220 1.238962 1.503795 1.808149 2.153733 2.541319 2.970528 3.439636 3.945426 4.483069 5.046093 5.626412 6.214447 6.799338 7.369237 7.911684 8.414044 8.863985 9.249982 9.561801 9.790953 9.931075 9.978227 9.931075 9.790953 9.561801 9.249982 8.863985 8.414044 7.911684 7.369237 6.799338 6.214447 5.626412 5.046093 4.483069 3.945426 3.439636 2.970528 2.541319 2.153733 1.808149 1.503795 1.238962 1.011220 0.817625 0.654918 0.519694 0.408544 0.318174 0.245488 0.187645 0.142098 0.106609 0.079241 0.058353 0.042574 0.030775 0.022040 0.015639 0.010996 0.007660 0.005288 0.003619 0.002456 0.001656 0.001112 0.000751 0.000520 0.000383 0.000320 0.000320 
0.000254 0.000254 0.000306 0.000420 0.000613 0.000917 0.001378 0.002063 0.003068 0.004524 0.006613 0.009579 0.013750 0.019555 0.027554 0.038469 0.053211 0.072923 0.099014 0.133194 0.177513 0.234384 0.306601 0.397340 0.510142 0.648868 0.817625 1.020661 1.262219 1.546360 1.876750 2.256414 2.687479 3.170901 3.706201 4.291227 4.921961 5.592381 6.294413 7.017977 7.751130 8.480334 9.190822 9.867066 10.493316 11.054208 11.535378 11.924075 12.209719 12.384384 12.443160 12.384384 12.209719 11.924075 11.535378 11.054208 10.493316 9.867066 9.190822 8.480334 7.751130 7.017977 6.294413 5.592381 4.921961 4.291227 3.706201 3.170901 2.687479 2.256414 1.876750 1.546360 1.262219 1.020661 0.817625 0.648868 0.510142 0.397340 0.306601 0.234384 0.177513 0.133194 0.099014 0.072923 0.053211 0.038469 0.027554 0.019555 0.013750 0.009581 0.006615 0.004527 0.003073 0.002072 0.001392 0.000941 0.000651 0.000480 0.000400 0.000400 
0.000315 0.000315 0.000380 0.000521 0.000760 0.001137 0.001708 0.002557 0.003802 0.005607 0.008195 0.011869 0.017033 0.024220 0.034124 0.047635 0.065882 0.090276 0.122560 0.164850 0.219677 0.290024 0.379344 0.491561 0.631050 0.802578 1.011220 1.262219 1.560815 1.912020 2.320356 2.789558 3.322244 3.919590 4.580997 5.303802 6.083035 6.911254 7.778485 8.672272 9.577868 10.478553 11.356091 12.191306 12.964757 13.657471 14.251715 14.731747 15.084508 15.300212 15.372797 15.300212 15.084508 14.731747 14.251715 13.657471 12.964757 12.191306 11.356091 10.478553 9.577868 8.672272 7.778485 6.911254 6.083035 5.303802 4.580997 3.919590 3.322244 2.789558 2.320356 1.912020 1.560815 1.262219 1.011220 0.802578 0.631050 0.491561 0.379344 0.290024 0.219677 0.164850 0.122561 0.090276 0.065882 0.047635 0.034124 0.024221 0.017034 0.011870 0.008197 0.005611 0.003809 0.002569 0.001726 0.001166 0.000807 0.000595 0.000497 0.000497 
0.000387 0.000387 0.000467 0.000640 0.000934 0.001397 0.002098 0.003141 0.004669 0.006883 0.010058 0.014566 0.020901 0.029717 0.041863 0.058431 0.080803 0.110709 0.150283 0.202116 0.269308 0.355510 0.464951 0.602433 0.773310 0.983418 1.238962 1.546360 1.912020 2.342071 2.842041 3.416494 4.068629 4.799875 5.609493 6.494217 7.447957 8.461604 9.522946 10.616743 11.724946 12.827100 13.900895 14.922873 15.869251 16.716823 17.443899 18.031225 18.462828 18.726740 18.815547 18.726740 18.462828 18.031225 17.443899 16.716823 15.869251 14.922873 13.900895 12.827100 11.724946 10.616743 9.522946 8.461604 7.447957 6.494217 5.609493 4.799875 4.068629 3.416494 2.842041 2.342071 1.912020 1.546360 1.238962 0.983418 0.773310 0.602433 0.464951 0.355510 0.269308 0.202116 0.150283 0.110709 0.080803 0.058431 0.041864 0.029718 0.020902 0.014568 0.010061 0.006888 0.004677 0.003154 0.002121 0.001433 0.000992 0.000731 0.000611 0.000611 
0.000471 0.000471 0.000568 0.000779 0.001137 0.001699 0.002552 0.003820 0.005678 0.008370 0.012230 0.017708 0.025407 0.036118 0.050874 0.070999 0.098171 0.134491 0.182546 0.245479 0.327054 0.431697 0.564536 0.731396 0.938768 1.193726 1.503795 1.876750 2.320356 2.842041 3.448501 4.145260 4.936188 5.823010 6.804821 7.877652 9.034116 10.263160 11.549978 12.876090 14.219618 15.555767 16.857496 18.096375 19.243581 20.270992 21.152326 21.864250 22.387410 22.707304 22.814949 22.707304 22.387410 21.864250 21.152326 20.270992 19.243581 18.096375 16.857496 15.555767 14.219618 12.876090 11.549978 10.263160 9.034116 7.877652 6.804821 5.823010 4.936188 4.145260 3.448501 2.842041 2.320356 1.876750 1.503795 1.193726 0.938768 0.731396 0.564536 0.431697 0.327054 0.245479 0.182546 0.134491 0.098172 0.070999 0.050874 0.036119 0.025408 0.017710 0.012233 0.008376 0.005688 0.003837 0.002580 0.001744 0.001207 0.000890 0.000744 0.000744 
0.000568 0.000568 0.000685 0.000939 0.001370 0.002048 0.003076 0.004603 0.006840 0.010082 0.014729 0.021324 0.030591 0.043484 0.061242 0.085458 0.118151 0.161845 0.219651 0.295346 0.393453 0.519291 0.679022 0.879642 1.128949 1.435439 1.808149 2.256414 2.789558 3.416494 4.145260 4.982480 5.932795 6.998266 8.177796 9.466611 10.855825 12.332161 13.877830 15.470634 17.084300 18.689050 20.252415 21.740259 23.117976 24.351804 25.410188 26.265119 26.893362 27.277508 27.406773 27.277508 26.893362 26.265119 25.410188 24.351804 23.117976 21.740259 20.252415 18.689050 17.084300 15.470634 13.877830 12.332161 10.855825 9.466611 8.177796 6.998266 5.932795 4.982480 4.145260 3.416494 2.789558 2.256414 1.808149 1.435439 1.128949 0.879642 0.679022 0.519291 0.393453 0.295346 0.219651 0.161845 0.118151 0.085458 0.061242 0.043485 0.030593 0.021327 0.014734 0.010089 0.006853 0.004623 0.003109 0.002101 0.001455 0.001074 0.000897 0.000897 
0.000679 0.000679 0.000818 0.001121 0.001636 0.002445 0.003671 0.005493 0.008163 0.012029 0.017572 0.025437 0.036487 0.051858 0.073027 0.101893 0.140859 0.192930 0.261812 0.352003 0.468885 0.618794 0.809059 1.048011 1.344927 1.709918 2.153733 2.687479 3.322244 4.068629 4.936188 5.932795 7.063962 8.332128 9.735980 11.269822 12.923077 14.679936 16.519227 18.414539 20.334608 22.244010 24.104118 25.874327 27.513473 28.981399 30.240574 31.257686 32.005100 32.462111 32.615895 32.462111 32.005100 31.257686 30.240574 28.981399 27.513473 25.874327 24.104118 22.244010 20.334608 18.414539 16.519227 14.679936 12.923077 11.269822 9.735980 8.332128 7.063962 5.932795 4.936188 4.068629 3.322244 2.687479 2.153733 1.709918 1.344927 1.048011 0.809059 0.618794 0.468885 0.352003 0.261812 0.192930 0.140859 0.101893 0.073028 0.051859 0.036489 0.025440 0.017577 0.012038 0.008177 0.005517 0.003711 0.002509 0.001738 0.001282 0.001071 0.001071 
0.000803 0.000803 0.000968 0.001326 0.001935 0.002891 0.004341 0.006494 0.009648 0.014217 0.020765 0.030056 0.043107 0.061261 0.086259 0.120343 0.166348 0.227820 0.309129 0.415582 0.553527 0.730434 0.954947 1.236887 1.587192 2.017779 2.541319 3.170901 3.919590 4.799875 5.823010 6.998266 8.332128 9.827461 11.482702 13.291128 15.240257 17.311446 19.479734 21.713985 23.977347 26.228069 28.420628 30.507172 32.439193 34.169370 35.653481 36.852272 37.733184 38.271819 38.453070 38.271819 37.733184 36.852272 35.653481 34.169370 32.439193 30.507172 28.420628 26.228069 23.977347 21.713985 19.479734 17.311446 15.240257 13.291128 11.482702 9.827461 8.332128 6.998266 5.823010 4.799875 3.919590 3.170901 2.541319 2.017779 1.587192 1.236887 0.954947 0.730434 0.553527 0.415583 0.309129 0.227820 0.166348 0.120343 0.086260 0.061262 0.043110 0.030060 0.020771 0.014227 0.009666 0.006522 0.004387 0.002966 0.002055 0.001516 0.001267 0.001267 
0.000941 0.000941 0.001135 0.001554 0.002266 0.003386 0.005083 0.007604 0.011296 0.016643 0.024306 0.035178 0.050448 0.071685 0.100927 0.140793 0.194597 0.266485 0.361561 0.486028 0.647301 0.854109 1.116549 1.446091 1.855511 2.358725 2.970528 3.706201 4.580997 5.609493 6.804821 8.177796 9.735980 11.482702 13.416125 15.528384 17.804892 20.223868 22.756157 25.365395 28.008552 30.636874 33.197211 35.633697 37.889700 39.909979 41.642909 43.042669 44.071251 44.700176 44.911808 44.700176 44.071251 43.042669 41.642909 39.909979 37.889700 35.633697 33.197211 30.636874 28.008552 25.365395 22.756157 20.223868 17.804892 15.528384 13.416125 11.482702 9.735980 8.177796 6.804821 5.609493 4.580997 3.706201 2.970528 2.358725 1.855511 1.446091 1.116549 0.854109 0.647301 0.486028 0.361561 0.266485 0.194598 0.140793 0.100928 0.071686 0.050450 0.035182 0.024313 0.016656 0.011317 0.007637 0.005138 0.003475 0.002407 0.001777 0.001484 0.001484 
0.001092 0.001092 0.001317 0.001803 0.002630 0.003928 0.005896 0.008819 0.013100 0.019299 0.028182 0.040782 0.058480 0.083090 0.116974 0.163164 0.225497 0.308772 0.418901 0.563061 0.749837 0.989329 1.293223 1.674791 2.148813 2.731390 3.439636 4.291227 5.303802 6.494217 7.877652 9.466611 11.269822 13.291128 15.528384 17.972479 20.606524 23.405311 26.335104 29.353831 32.411713 35.452353 38.414275 41.232860 43.842611 46.179640 48.184242 49.803426 50.993237 51.720742 51.965546 51.720742 50.993237 49.803426 48.184242 46.179640 43.842611 41.232860 38.414275 35.452353 32.411713 29.353831 26.335104 23.405311 20.606524 17.972479 15.528384 13.291128 11.269822 9.466611 7.877652 6.494217 5.303802 4.291227 3.439636 2.731390 2.148813 1.674791 1.293223 0.989329 0.749837 0.563061 0.418901 0.308772 0.225497 0.163164 0.116975 0.083092 0.058483 0.040787 0.028190 0.019313 0.013124 0.008858 0.005960 0.004031 0.002793 0.002062 0.001723 0.001723 
0.001256 0.001256 0.001514 0.002072 0.003022 0.004514 0.006774 0.010131 0.015048 0.022166 0.032366 0.046833 0.067149 0.095399 0.134292 0.187303 0.258837 0.354396 0.480759 0.646158 0.860435 1.135171 1.483760 1.921419 2.465087 3.133219 3.945426 4.921961 6.083035 7.447957 9.034116 10.855825 12.923077 15.240257 17.804892 20.606524 23.625783 26.833768 30.191808 33.651679 37.156334 40.641144 44.035662 47.265847 50.256650 52.934872 55.232107 57.087641 58.451118 59.284806 59.565339 59.284806 58.451118 57.087641 55.232107 52.934872 50.256650 47.265847 44.035662 40.641144 37.156334 33.651679 30.191808 26.833768 23.625783 20.606524 17.804892 15.240257 12.923077 10.855825 9.034116 7.447957 6.083035 4.921961 3.945426 3.133219 2.465087 1.921419 1.483760 1.135171 0.860435 0.646158 0.480759 0.354396 0.258837 0.187303 0.134293 0.095401 0.067153 0.046838 0.032375 0.022183 0.015075 0.010176 0.006847 0.004632 0.003210 0.002370 0.001980 0.001980 
0.001430 0.001430 0.001723 0.002359 0.003440 0.005137 0.007709 0.011528 0.017121 0.025218 0.036818 0.053271 0.076374 0.108496 0.152715 0.212982 0.294300 0.402921 0.546547 0.734528 0.978043 1.290245 1.686347 2.183627 2.801320 3.560380 4.483069 5.592381 6.911254 8.461604 10.263160 12.332161 14.679936 17.311446 20.223868 23.405311 26.833768 30.476414 34.289334 38.217774 42.196963 46.153530 50.007505 53.674836 57.070337 60.110918 62.718935 64.825478 66.373389 67.319844 67.638322 67.319844 66.373389 64.825478 62.718935 60.110918 57.070337 53.674836 50.007505 46.153530 42.196963 38.217774 34.289334 30.476414 26.833768 23.405311 20.223868 17.311446 14.679936 12.332161 10.263160 8.461604 6.911254 5.592381 4.483069 3.560380 2.801320 2.183627 1.686347 1.290245 0.978043 0.734528 0.546547 0.402921 0.294300 0.212982 0.152716 0.108498 0.076378 0.053278 0.036830 0.025237 0.017152 0.011580 0.007793 0.005272 0.003654 0.002698 0.002254 0.002254 
0.001613 0.001613 0.001943 0.002660 0.003878 0.005791 0.008690 0.012993 0.019295 0.028418 0.041486 0.060020 0.086043 0.122223 0.172023 0.239892 0.331461 0.453766 0.615474 0.827108 1.101246 1.452686 1.898545 2.458258 3.153464 4.007729 5.046093 6.294413 7.778485 9.522946 11.549978 13.877830 16.519227 19.479734 22.756157 26.335104 30.191808 34.289334 38.578281 42.997059 47.472817 51.923038 56.257785 60.382535 64.201494 67.621228 70.554428 72.923607 74.664495 75.728939 76.087120 75.728939 74.664495 72.923607 70.554428 67.621228 64.201494 60.382535 56.257785 51.923038 47.472817 42.997059 38.578281 34.289334 30.191808 26.335104 22.756157 19.479734 16.519227 13.877830 11.549978 9.522946 7.778485 6.294413 5.046093 4.007729 3.153464 2.458258 1.898545 1.452686 1.101246 0.827108 0.615475 0.453766 0.331461 0.239893 0.172025 0.122225 0.086048 0.060028 0.041499 0.028439 0.019330 0.013051 0.008784 0.005943 0.004120 0.003042 0.002542 0.002542 
0.001801 0.001801 0.002171 0.002970 0.004331 0.006466 0.009702 0.014505 0.021539 0.031719 0.046303 0.066983 0.096018 0.136382 0.191938 0.267646 0.369785 0.506199 0.686551 0.922569 1.228274 1.620162 2.117306 2.741369 3.516461 4.468842 5.626412 7.017977 8.672272 10.616743 12.876090 15.470634 18.414539 21.713985 25.365395 29.353831 33.651679 38.217774 42.997059 47.920905 52.908138 57.866820 62.696750 67.292624 71.547723 75.357959 78.626073 81.265744 83.205380 84.391342 84.790413 84.391342 83.205380 81.265744 78.626073 75.357959 71.547723 67.292624 62.696750 57.866820 52.908138 47.920905 42.997059 38.217774 33.651679 29.353831 25.365395 21.713985 18.414539 15.470634 12.876090 10.616743 8.672272 7.017977 5.626412 4.468842 3.516461 2.741369 2.117306 1.620162 1.228274 0.922569 0.686551 0.506199 0.369786 0.267647 0.191940 0.136385 0.096023 0.066991 0.046317 0.031743 0.021578 0.014570 0.009807 0.006636 0.004601 0.003397 0.002839 0.002839 
0.001993 0.001993 0.002401 0.003285 0.004790 0.007151 0.010729 0.016039 0.023814 0.035068 0.051188 0.074045 0.106134 0.150740 0.212132 0.295787 0.408640 0.559354 0.758601 1.019333 1.357030 1.789905 2.339019 3.028284 3.884318 4.936107 6.214447 7.751130 9.577868 11.724946 14.219618 17.084300 20.334608 23.977347 28.008552 32.411713 37.156334 42.196963 47.472817 52.908138 58.413324 63.886897 69.218266 74.291207 78.987942 83.193597 86.800837 89.714403 91.855285 93.164292 93.604765 93.164292 91.855285 89.714403 86.800837 83.193597 78.987942 74.291207 69.218266 63.886897 58.413324 52.908138 47.472817 42.196963 37.156334 32.411713 28.008552 23.977347 20.334608 17.084300 14.219618 11.724946 9.577868 7.751130 6.214447 4.936107 3.884318 3.028284 2.339019 1.789905 1.357030 1.019333 0.758602 0.559355 0.408640 0.295788 0.212134 0.150743 0.106140 0.074054 0.051203 0.035095 0.023858 0.016111 0.010845 0.007339 0.005088 0.003758 0.003141 0.003141 
0.002184 0.002184 0.002631 0.003599 0.005247 0.007834 0.011751 0.017566 0.026080 0.038402 0.056051 0.081074 0.116203 0.165031 0.232230 0.323792 0.447305 0.612248 0.830294 1.115610 1.485132 1.958779 2.559584 3.313701 4.250239 5.400893 6.799338 8.480334 10.478553 12.827100 15.555767 18.689050 22.244010 26.228069 30.636874 35.452353 40.641144 46.153530 51.923038 57.866820 63.886897 69.872310 75.702137 81.249304 86.385039 90.983750 94.928087 98.113906 100.454828 101.886141 102.367769 101.886141 100.454828 98.113906 94.928087 90.983750 86.385039 81.249304 75.702137 69.872310 63.886897 57.866820 51.923038 46.153530 40.641144 35.452353 30.636874 26.228069 22.244010 18.689050 15.555767 12.827100 10.478553 8.480334 6.799338 5.400893 4.250239 3.313702 2.559584 1.958779 1.485132 1.115610 0.830294 0.612248 0.447306 0.323793 0.232232 0.165034 0.116209 0.081084 0.056068 0.038431 0.026128 0.017645 0.011878 0.008039 0.005574 0.004117 0.003441 0.003441 
0.002370 0.002370 0.002855 0.003906 0.005693 0.008499 0.012748 0.019056 0.028290 0.041654 0.060793 0.087928 0.126020 0.178964 0.251823 0.351092 0.484996 0.663806 0.900172 1.209447 1.609980 2.123356 2.774530 3.591835 4.606807 5.853783 7.369237 9.190822 11.356091 13.900895 16.857496 20.252415 24.104118 28.420628 33.197211 38.414275 44.035662 50.007505 56.257785 62.696750 69.218266 75.702137 82.017384 88.026367 93.589610 98.571083 102.843687 106.294625 108.830345 110.380759 110.902463 110.380759 108.830345 106.294625 102.843687 98.571083 93.589610 88.026367 82.017384 75.702137 69.218266 62.696750 56.257785 50.007505 44.035662 38.414275 33.197211 28.420628 24.104118 20.252415 16.857496 13.900895 11.356091 9.190822 7.369237 5.853783 4.606807 3.591835 2.774530 2.123356 1.609981 1.209447 0.900172 0.663806 0.484997 0.351093 0.251825 0.178968 0.126026 0.087939 0.060811 0.041685 0.028342 0.019141 0.012886 0.008721 0.006048 0.004467 0.003734 0.003734 
