0.000000 0.000000 0.000000 0.000000 0.000000 0.000000 0.000000 0.000000 0.000000 0.000000 0.000000 0.000000 0.000000 0.000000 0.000000 0.000000 0.000001 0.000001 0.000001 0.000002 0.000003 0.000004 0.000005 0.000007 0.000010 0.000013 0.000017 0.000022 0.000029 0.000037 0.000046 0.000058 0.000072 0.000088 0.000106 0.000127 0.000150 0.000176 0.000203 0.000231 0.000261 0.000291 0.000321 0.000350 0.000378 0.000403 0.000424 0.000441 0.000454 0.000462 0.000465 0.000462 0.000454 0.000441 0.000424 0.000403 0.000378 0.000350 0.000321 0.000291 0.000261 0.000231 0.000203 0.000176 0.000150 0.000127 0.000106 0.000088 0.000072 0.000058 0.000046 0.000037 0.000029 0.000022 0.000017 0.000013 0.000010 0.000007 0.000005 0.000004 0.000003 0.000002 0.000001 0.000001 0.000001 0.000000 0.000000 0.000000 0.000000 0.000000 0.000000 0.000000 0.000000 0.000000 0.000000 0.000000 0.000000 0.000000 0.000000 0.000000 
0.000000 0.000000 0.000000 0.000000 0.000000 0.000000 0.000000 0.000000 0.000000 0.000000 0.000000 0.000000 0.000000 0.000000 0.000000 0.000000 0.000001 0.000001 0.000001 0.000002 0.000003 0.000004 0.000005 0.000007 0.000010 0.000013 0.000017 0.000022 0.000029 0.000037 0.000046 0.000058 0.000072 0.000088 0.000106 0.000127 0.000150 0.000176 0.000203 0.000231 0.000261 0.000291 0.000321 0.000350 0.000378 0.000403 0.000424 0.000441 0.000454 0.000462 0.000465 0.000462 0.000454 0.000441 0.000424 0.000403 0.000378 0.000350 0.000321 0.000291 0.000261 0.000231 0.000203 0.000176 0.000150 0.000127 0.000106 0.000088 0.000072 0.000058 0.000046 0.000037 0.000029 0.000022 0.000017 0.000013 0.000010 0.000007 0.000005 0.000004 0.000003 0.000002 0.000001 0.000001 0.000001 0.000000 0.000000 0.000000 0.000000 0.000000 0.000000 0.000000 0.000000 0.000000 0.000000 0.000000 0.000000 0.000000 0.000000 0.000000 
0.000000 0.000000 0.000000 0.000000 0.000000 0.000000 0.000000 0.000000 0.000000 0.000000 0.000000 0.000000 0.000000 0.000000 0.000000 0.000001 0.000001 0.000001 0.000002 0.000002 0.000003 0.000005 0.000007 0.000009 0.000012 0.000017 0.000022 0.000029 0.000037 0.000047 0.000060 0.000075 0.000093 0.000114 0.000137 0.000164 0.000194 0.000227 0.000262 0.000299 0.000337 0.000376 0.000415 0.000452 0.000487 0.000519 0.000547 0.000569 0.000586 0.000596 0.000599 0.000596 0.000586 0.000569 0.000547 0.000519 0.000487 0.000452 0.000415 0.000376 0.000337 0.000299 0.000262 0.000227 0.000194 0.000164 0.000137 0.000114 0.000093 0.000075 0.000060 0.000047 0.000037 0.000029 0.000022 0.000017 0.000012 0.000009 0.000007 0.000005 0.000003 0.000002 0.000002 0.000001 0.000001 0.000001 0.000000 0.000000 0.000000 0.000000 0.000000 0.000000 0.000000 0.000000 0.000000 0.000000 0.000000 0.000000 0.000000 0.000000 
0.000000 0.000000 0.000000 0.000000 0.000000 0.000000 0.000000 0.000000 0.000000 0.000000 0.000000 0.000000 0.000000 0.000000 0.000001 0.000001 0.000001 0.000002 0.000003 0.000004 0.000005 0.000007 0.000010 0.000014 0.000019 0.000025 0.000033 0.000043 0.000056 0.000072 0.000091 0.000113 0.000140 0.000171 0.000207 0.000247 0.000292 0.000341 0.000394 0.000449 0.000507 0.000565 0.000624 0.000680 0.000733 0.000780 0.000822 0.000856 0.000881 0.000896 0.000901 0.000896 0.000881 0.000856 0.000822 0.000780 0.000733 0.000680 0.000624 0.000565 0.000507 0.000449 0.000394 0.000341 0.000292 0.000247 0.000207 0.000171 0.000140 0.000113 0.000091 0.000072 0.000056 0.000043 0.000033 0.000025 0.000019 0.000014 0.000010 0.000007 0.000005 0.000004 0.000003 0.000002 0.000001 0.000001 0.000001 0.000000 0.000000 0.000000 0.000000 0.000000 0.000000 0.000000 0.000000 0.000000 0.000000 0.000000 0.000000 0.000000 
0.000000 0.000000 0.000000 0.000000 0.000000 0.000000 0.000000 0.000000 0.000000 0.000000 0.000000 0.000000 0.000000 0.000001 0.000001 0.000001 0.000002 0.000003 0.000004 0.000006 0.000008 0.000012 0.000016 0.000022 0.000030 0.000040 0.000053 0.000069 0.000090 0.000115 0.000145 0.000182 0.000225 0.000274 0.000332 0.000396 0.000468 0.000546 0.000630 0.000719 0.000812 0.000905 0.000998 0.001088 0.001172 0.001249 0.001315 0.001369 0.001409 0.001433 0.001442 0.001433 0.001409 0.001369 0.001315 0.001249 0.001172 0.001088 0.000998 0.000905 0.000812 0.000719 0.000630 0.000546 0.000468 0.000396 0.000332 0.000274 0.000225 0.000182 0.000145 0.000115 0.000090 0.000069 0.000053 0.000040 0.000030 0.000022 0.000016 0.000012 0.000008 0.000006 0.000004 0.000003 0.000002 0.000001 0.000001 0.000001 0.000000 0.000000 0.000000 0.000000 0.000000 0.000000 0.000000 0.000000 0.000000 0.000000 0.000000 0.000000 
0.000000 0.000000 0.000000 0.000000 0.000000 0.000000 0.000000 0.000000 0.000000 0.000000 0.000000 0.000000 0.000001 0.000001 0.000001 0.000002 0.000003 0.000005 0.000007 0.000010 0.000014 0.000019 0.000026 0.000036 0.000049 0.000065 0.000087 0.000113 0.000147 0.000187 0.000237 0.000296 0.000366 0.000447 0.000540 0.000645 0.000762 0.000890 0.001027 0.001171 0.001321 0.001474 0.001625 0.001771 0.001908 0.002032 0.002140 0.002227 0.002292 0.002332 0.002346 0.002332 0.002292 0.002227 0.002140 0.002032 0.001908 0.001771 0.001625 0.001474 0.001321 0.001171 0.001027 0.000890 0.000762 0.000645 0.000540 0.000447 0.000366 0.000296 0.000237 0.000187 0.000147 0.000113 0.000087 0.000065 0.000049 0.000036 0.000026 0.000019 0.000014 0.000010 0.000007 0.000005 0.000003 0.000002 0.000001 0.000001 0.000001 0.000000 0.000000 0.000000 0.000000 0.000000 0.000000 0.000000 0.000000 0.000000 0.000000 0.000000 
0.000000 0.000000 0.000000 0.000000 0.000000 0.000000 0.000000 0.000000 0.000000 0.000000 0.000000 0.000001 0.000001 0.000002 0.000002 0.000004 0.000005 0.000008 0.000011 0.000016 0.000022 0.000031 0.000043 0.000059 0.000080 0.000107 0.000141 0.000185 0.000239 0.000305 0.000386 0.000482 0.000596 0.000728 0.000880 0.001050 0.001240 0.001447 0.001670 0.001905 0.002149 0.002396 0.002641 0.002878 0.003101 0.003303 0.003478 0.003620 0.003725 0.003790 0.003812 0.003790 0.003725 0.003620 0.003478 0.003303 0.003101 0.002878 0.002641 0.002396 0.002149 0.001905 0.001670 0.001447 0.001240 0.001050 0.000880 0.000728 0.000596 0.000482 0.000386 0.000305 0.000239 0.000185 0.000141 0.000107 0.000080 0.000059 0.000043 0.000031 0.000022 0.000016 0.000011 0.000008 0.000005 0.000004 0.000002 0.000002 0.000001 0.000001 0.000000 0.000000 0.000000 0.000000 0.000000 0.000000 0.000000 0.000000 0.000000 0.000000 
0.000000 0.000000 0.000000 0.000000 0.000000 0.000000 0.000000 0.000000 0.000000 0.000000 0.000001 0.000001 0.000002 0.000003 0.000004 0.000006 0.000008 0.000012 0.000018 0.000026 0.000036 0.000051 0.000070 0.000096 0.000129 0.000173 0.000229 0.000299 0.000387 0.000494 0.000624 0.000780 0.000964 0.001177 0.001421 0.001697 0.002003 0.002337 0.002696 0.003075 0.003468 0.003867 0.004262 0.004644 0.005003 0.005328 0.005610 0.005839 0.006009 0.006113 0.006148 0.006113 0.006009 0.005839 0.005610 0.005328 0.005003 0.004644 0.004262 0.003867 0.003468 0.003075 0.002696 0.002337 0.002003 0.001697 0.001421 0.001177 0.000964 0.000780 0.000624 0.000494 0.000387 0.000299 0.000229 0.000173 0.000129 0.000096 0.000070 0.000051 0.000036 0.000026 0.000018 0.000012 0.000008 0.000006 0.000004 0.000003 0.000002 0.000001 0.000001 0.000000 0.000000 0.000000 0.000000 0.000000 0.000000 0.000000 0.000000 0.000000 
0.000000 0.000000 0.000000 0.000000 0.000000 0.000000 0.000000 0.000000 0.000000 0.000001 0.000001 0.000002 0.000003 0.000004 0.000006 0.000009 0.000014 0.000020 0.000029 0.000041 0.000058 0.000081 0.000112 0.000154 0.000208 0.000277 0.000367 0.000479 0.000619 0.000791 0.001000 0.001249 0.001542 0.001883 0.002274 0.002714 0.003203 0.003737 0.004311 0.004917 0.005544 0.006180 0.006811 0.007421 0.007994 0.008513 0.008963 0.009330 0.009600 0.009767 0.009823 0.009767 0.009600 0.009330 0.008963 0.008513 0.007994 0.007421 0.006811 0.006180 0.005544 0.004917 0.004311 0.003737 0.003203 0.002714 0.002274 0.001883 0.001542 0.001249 0.001000 0.000791 0.000619 0.000479 0.000367 0.000277 0.000208 0.000154 0.000112 0.000081 0.000058 0.000041 0.000029 0.000020 0.000014 0.000009 0.000006 0.000004 0.000003 0.000002 0.000001 0.000001 0.000000 0.000000 0.000000 0.000000 0.000000 0.000000 0.000000 0.000000 
0.000000 0.000000 0.000000 0.000000 0.000000 0.000000 0.000000 0.000000 0.000001 0.000001 0.000002 0.000003 0.000004 0.000006 0.000010 0.000015 0.000022 0.000032 0.000046 0.000065 0.000092 0.000129 0.000178 0.000244 0.000329 0.000440 0.000582 0.000760 0.000982 0.001254 0.001584 0.001979 0.002443 0.002983 0.003600 0.004297 0.005070 0.005915 0.006822 0.007779 0.008771 0.009776 0.010773 0.011737 0.012642 0.013463 0.014173 0.014752 0.015180 0.015442 0.015531 0.015442 0.015180 0.014752 0.014173 0.013463 0.012642 0.011737 0.010773 0.009776 0.008771 0.007779 0.006822 0.005915 0.005070 0.004297 0.003600 0.002983 0.002443 0.001979 0.001584 0.001254 0.000982 0.000760 0.000582 0.000440 0.000329 0.000244 0.000178 0.000129 0.000092 0.000065 0.000046 0.000032 0.000022 0.000015 0.000010 0.000006 0.000004 0.000003 0.000002 0.000001 0.000001 0.000000 0.000000 0.000000 0.000000 0.000000 0.000000 0.000000 
0.000000 0.000000 0.000000 0.000000 0.000000 0.000000 0.000000 0.000001 0.000001 0.000002 0.000003 0.000004 0.000007 0.000010 0.000015 0.000023 0.000034 0.000050 0.000072 0.000103 0.000145 0.000203 0.000280 0.000383 0.000517 0.000691 0.000913 0.001193 0.001540 0.001967 0.002484 0.003101 0.003829 0.004674 0.005640 0.006730 0.007940 0.009262 0.010681 0.012178 0.013729 0.015301 0.016860 0.018367 0.019782 0.021064 0.022175 0.023079 0.023747 0.024158 0.024296 0.024158 0.023747 0.023079 0.022175 0.021064 0.019782 0.018367 0.016860 0.015301 0.013729 0.012178 0.010681 0.009262 0.007940 0.006730 0.005640 0.004674 0.003829 0.003101 0.002484 0.001967 0.001540 0.001193 0.000913 0.000691 0.000517 0.000383 0.000280 0.000203 0.000145 0.000103 0.000072 0.000050 0.000034 0.000023 0.000015 0.000010 0.000007 0.000004 0.000003 0.000002 0.000001 0.000001 0.000000 0.000000 0.000000 0.000000 0.000000 0.000000 
0.000000 0.000000 0.000000 0.000000 0.000000 0.000000 0.000001 0.000001 0.000002 0.000003 0.000004 0.000007 0.000010 0.000016 0.000024 0.000036 0.000053 0.000077 0.000112 0.000160 0.000226 0.000315 0.000436 0.000595 0.000804 0.001073 0.001417 0.001851 0.002390 0.003052 0.003853 0.004810 0.005936 0.007245 0.008742 0.010429 0.012302 0.014347 0.016544 0.018861 0.021259 0.023691 0.026103 0.028434 0.030622 0.032605 0.034322 0.035721 0.036754 0.037389 0.037603 0.037389 0.036754 0.035721 0.034322 0.032605 0.030622 0.028434 0.026103 0.023691 0.021259 0.018861 0.016544 0.014347 0.012302 0.010429 0.008742 0.007245 0.005936 0.004810 0.003853 0.003052 0.002390 0.001851 0.001417 0.001073 0.000804 0.000595 0.000436 0.000315 0.000226 0.000160 0.000112 0.000077 0.000053 0.000036 0.000024 0.000016 0.000010 0.000007 0.000004 0.000003 0.000002 0.000001 0.000001 0.000000 0.000000 0.000000 0.000000 0.000000 
0.000000 0.000000 0.000000 0.000000 0.000000 0.000001 0.000001 0.000002 0.000003 0.000004 0.000007 0.000010 0.000016 0.000025 0.000037 0.000055 0.000082 0.000119 0.000172 0.000246 0.000347 0.000485 0.000670 0.000914 0.001235 0.001649 0.002177 0.002842 0.003669 0.004683 0.005912 0.007378 0.009105 0.011109 0.013402 0.015987 0.018855 0.021987 0.025349 0.028896 0.032567 0.036289 0.039979 0.043545 0.046893 0.049927 0.052555 0.054694 0.056275 0.057245 0.057573 0.057245 0.056275 0.054694 0.052555 0.049927 0.046893 0.043545 0.039979 0.036289 0.032567 0.028896 0.025349 0.021987 0.018855 0.015987 0.013402 0.011109 0.009105 0.007378 0.005912 0.004683 0.003669 0.002842 0.002177 0.001649 0.001235 0.000914 0.000670 0.000485 0.000347 0.000246 0.000172 0.000119 0.000082 0.000055 0.000037 0.000025 0.000016 0.000010 0.000007 0.000004 0.000003 0.000002 0.000001 0.000001 0.000000 0.000000 0.000000 0.000000 
0.000000 0.000000 0.000000 0.000000 0.000001 0.000001 0.000002 0.000003 0.000004 0.000006 0.000010 0.000016 0.000025 0.000037 0.000057 0.000084 0.000125 0.000182 0.000262 0.000374 0.000528 0.000738 0.001018 0.001390 0.001877 0.002505 0.003307 0.004316 0.005571 0.007110 0.008972 0.011196 0.013813 0.016851 0.020326 0.024242 0.028587 0.033330 0.038423 0.043793 0.049351 0.054986 0.060572 0.065971 0.071038 0.075629 0.079606 0.082843 0.085236 0.086705 0.087200 0.086705 0.085236 0.082843 0.079606 0.075629 0.071038 0.065971 0.060572 0.054986 0.049351 0.043793 0.038423 0.033330 0.028587 0.024242 0.020326 0.016851 0.013813 0.011196 0.008972 0.007110 0.005571 0.004316 0.003307 0.002505 0.001877 0.001390 0.001018 0.000738 0.000528 0.000374 0.000262 0.000182 0.000125 0.000084 0.000057 0.000037 0.000025 0.000016 0.000010 0.000006 0.000004 0.000003 0.000002 0.000001 0.000001 0.000000 0.000000 0.000000 
0.000000 0.000000 0.000000 0.000001 0.000001 0.000001 0.000002 0.000004 0.000006 0.000010 0.000015 0.000024 0.000037 0.000057 0.000085 0.000127 0.000188 0.000274 0.000395 0.000564 0.000795 0.001110 0.001532 0.002091 0.002821 0.003765 0.004969 0.006484 0.008367 0.010676 0.013470 0.016805 0.020730 0.025285 0.030494 0.036363 0.042874 0.049981 0.057610 0.065655 0.073979 0.082418 0.090783 0.098867 0.106455 0.113328 0.119282 0.124128 0.127710 0.129909 0.130650 0.129909 0.127710 0.124128 0.119282 0.113328 0.106455 0.098867 0.090783 0.082418 0.073979 0.065655 0.057610 0.049981 0.042874 0.036363 0.030494 0.025285 0.020730 0.016805 0.013470 0.010676 0.008367 0.006484 0.004969 0.003765 0.002821 0.002091 0.001532 0.001110 0.000795 0.000564 0.000395 0.000274 0.000188 0.000127 0.000085 0.000057 0.000037 0.000024 0.000015 0.000010 0.000006 0.000004 0.000002 0.000001 0.000001 0.000001 0.000000 0.000000 
0.000000 0.000000 0.000001 0.000001 0.000001 0.000002 0.000004 0.000006 0.000009 0.000015 0.000023 0.000036 0.000055 0.000084 0.000127 0.000190 0.000280 0.000408 0.000588 0.000839 0.001184 0.001652 0.002279 0.003110 0.004195 0.005598 0.007385 0.009635 0.012431 0.015858 0.020004 0.024951 0.030773 0.037528 0.045252 0.053953 0.063605 0.074139 0.085445 0.097365 0.109699 0.122201 0.134593 0.146567 0.157805 0.167986 0.176802 0.183979 0.189283 0.192539 0.193637 0.192539 0.189283 0.183979 0.176802 0.167986 0.157805 0.146567 0.134593 0.122201 0.109699 0.097365 0.085445 0.074139 0.063605 0.053953 0.045252 0.037528 0.030773 0.024951 0.020004 0.015858 0.012431 0.009635 0.007385 0.005598 0.004195 0.003110 0.002279 0.001652 0.001184 0.000839 0.000588 0.000408 0.000280 0.000190 0.000127 0.000084 0.000055 0.000036 0.000023 0.000015 0.000009 0.000006 0.000004 0.000002 0.000001 0.000001 0.000001 0.000001 
0.000001 0.000001 0.000001 0.000001 0.000002 0.000003 0.000005 0.000008 0.000014 0.000022 0.000034 0.000053 0.000082 0.000125 0.000188 0.000280 0.000412 0.000601 0.000867 0.001236 0.001743 0.002432 0.003354 0.004575 0.006171 0.008231 0.010857 0.014162 0.018267 0.023298 0.029383 0.036643 0.045185 0.055095 0.066425 0.079185 0.093337 0.108781 0.125355 0.142828 0.160905 0.179226 0.197384 0.214930 0.231395 0.246310 0.259226 0.269740 0.277510 0.282279 0.283887 0.282279 0.277510 0.269740 0.259226 0.246310 0.231395 0.214930 0.197384 0.179226 0.160905 0.142828 0.125355 0.108781 0.093337 0.079185 0.066425 0.055095 0.045185 0.036643 0.029383 0.023298 0.018267 0.014162 0.010857 0.008231 0.006171 0.004575 0.003354 0.002432 0.001743 0.001236 0.000867 0.000601 0.000412 0.000280 0.000188 0.000125 0.000082 0.000053 0.000034 0.000022 0.000014 0.000008 0.000005 0.000003 0.000002 0.000001 0.000001 0.000001 
0.000001 0.000001 0.000001 0.000002 0.000003 0.000005 0.000008 0.000012 0.000020 0.000032 0.000050 0.000077 0.000119 0.000182 0.000274 0.000408 0.000601 0.000876 0.001263 0.001801 0.002539 0.003540 0.004881 0.006657 0.008977 0.011971 0.015787 0.020588 0.026550 0.033856 0.042690 0.053229 0.065627 0.080006 0.096444 0.114954 0.135480 0.157878 0.181912 0.207246 0.233453 0.260012 0.286332 0.311762 0.335625 0.357240 0.375958 0.391193 0.402452 0.409363 0.411693 0.409363 0.402452 0.391193 0.375958 0.357240 0.335625 0.311762 0.286332 0.260012 0.233453 0.207246 0.181912 0.157878 0.135480 0.114954 0.096444 0.080006 0.065627 0.053229 0.042690 0.033856 0.026550 0.020588 0.015787 0.011971 0.008977 0.006657 0.004881 0.003540 0.002539 0.001801 0.001263 0.000876 0.000601 0.000408 0.000274 0.000182 0.000119 0.000077 0.000050 0.000032 0.000020 0.000012 0.000008 0.000005 0.000003 0.000002 0.000002 0.000002 
0.000001 0.000001 0.000002 0.000003 0.000004 0.000007 0.000011 0.000018 0.000029 0.000046 0.000072 0.000112 0.000172 0.000262 0.000395 0.000588 0.000867 0.001263 0.001820 0.002594 0.003657 0.005097 0.007027 0.009580 0.012916 0.017221 0.022705 0.029604 0.038168 0.048662 0.061349 0.076480 0.094277 0.114916 0.138505 0.165066 0.194515 0.226645 0.261116 0.297451 0.335032 0.373116 0.410853 0.447312 0.481522 0.512507 0.539339 0.561177 0.577316 0.587221 0.590561 0.587221 0.577316 0.561177 0.539339 0.512507 0.481522 0.447312 0.410853 0.373116 0.335032 0.297451 0.261116 0.226645 0.194515 0.165066 0.138505 0.114916 0.094277 0.076480 0.061349 0.048662 0.038168 0.029604 0.022705 0.017221 0.012916 0.009580 0.007027 0.005097 0.003657 0.002594 0.001820 0.001263 0.000867 0.000588 0.000395 0.000262 0.000172 0.000112 0.000072 0.000046 0.000029 0.000018 0.000011 0.000007 0.000004 0.000003 0.000002 0.000002 
0.000002 0.000002 0.000002 0.000004 0.000006 0.000010 0.000016 0.000026 0.000041 0.000065 0.000103 0.000160 0.000246 0.000374 0.000564 0.000839 0.001236 0.001801 0.002594 0.003696 0.005209 0.007259 0.010005 0.013637 0.018381 0.024501 0.032297 0.042101 0.054271 0.069179 0.087199 0.108687 0.133958 0.163259 0.196744 0.234441 0.276231 0.321821 0.370728 0.422273 0.475580 0.529597 0.583117 0.634822 0.683333 0.727269 0.765314 0.796278 0.819160 0.833204 0.837938 0.833204 0.819160 0.796278 0.765314 0.727269 0.683333 0.634822 0.583117 0.529597 0.475580 0.422273 0.370728 0.321821 0.276231 0.234441 0.196744 0.163259 0.133958 0.108687 0.087199 0.069179 0.054271 0.042101 0.032297 0.024501 0.018381 0.013637 0.010005 0.007259 0.005209 0.003696 0.002594 0.001801 0.001236 0.000839 0.000564 0.000374 0.000246 0.000160 0.000103 0.000065 0.000041 0.000026 0.000016 0.000010 0.000006 0.000004 0.000003 0.000003 
0.000003 0.000003 0.000003 0.000005 0.000008 0.000014 0.000022 0.000036 0.000058 0.000092 0.000145 0.000226 0.000347 0.000528 0.000795 0.001184 0.001743 0.002539 0.003657 0.005209 0.007338 0.010224 0.014088 0.019197 0.025871 0.034478 0.045439 0.059220 0.076322 0.097270 0.122587 0.152771 0.188262 0.229407 0.276420 0.329341 0.387999 0.451984 0.520617 0.592943 0.667737 0.743519 0.818597 0.891125 0.959170 1.020794 1.074153 1.117578 1.149669 1.169364 1.176004 1.169364 1.149669 1.117578 1.074153 1.020794 0.959170 0.891125 0.818597 0.743519 0.667737 0.592943 0.520617 0.451984 0.387999 0.329341 0.276420 0.229407 0.188262 0.152771 0.122587 0.097270 0.076322 0.059220 0.045439 0.034478 0.025871 0.019197 0.014088 0.010224 0.007338 0.005209 0.003657 0.002539 0.001743 0.001184 0.000795 0.000528 0.000347 0.000226 0.000145 0.000092 0.000058 0.000036 0.000022 0.000014 0.000009 0.000006 0.000005 0.000005 
0.000004 0.000004 0.000005 0.000007 0.000012 0.000019 0.000031 0.000051 0.000081 0.000129 0.000203 0.000315 0.000485 0.000738 0.001110 0.001652 0.002432 0.003540 0.005097 0.007259 0.010224 0.014241 0.019619 0.026728 0.036012 0.047983 0.063225 0.082385 0.106158 0.135271 0.170450 0.212385 0.261686 0.318832 0.384118 0.457600 0.539039 0.627862 0.723127 0.823509 0.927306 1.032466 1.136643 1.237273 1.331677 1.417171 1.491194 1.551434 1.595950 1.623271 1.632481 1.623271 1.595950 1.551434 1.491194 1.417171 1.331677 1.237273 1.136643 1.032466 0.927306 0.823509 0.723127 0.627862 0.539039 0.457600 0.384118 0.318832 0.261686 0.212385 0.170450 0.135271 0.106158 0.082385 0.063225 0.047983 0.036012 0.026728 0.019619 0.014241 0.010224 0.007259 0.005097 0.003540 0.002432 0.001652 0.001110 0.000738 0.000485 0.000315 0.000203 0.000129 0.000081 0.000051 0.000031 0.000019 0.000012 0.000008 0.000006 0.000006 
0.000005 0.000005 0.000007 0.000010 0.000016 0.000026 0.000043 0.000070 0.000112 0.000178 0.000280 0.000436 0.000670 0.001018 0.001532 0.002279 0.003354 0.004881 0.007027 0.010005 0.014088 0.019619 0.027021 0.036805 0.049577 0.066045 0.087007 0.113353 0.146037 0.186054 0.234402 0.292025 0.359760 0.438263 0.527937 0.628853 0.740684 0.862642 0.993432 1.131234 1.273711 1.418048 1.561024 1.699126 1.828674 1.945990 2.047562 2.130219 2.191298 2.228784 2.241421 2.228784 2.191298 2.130219 2.047562 1.945990 1.828674 1.699126 1.561024 1.418048 1.273711 1.131234 0.993432 0.862642 0.740684 0.628853 0.527937 0.438263 0.359760 0.292025 0.234402 0.186054 0.146037 0.113353 0.087007 0.066045 0.049577 0.036805 0.027021 0.019619 0.014088 0.010005 0.007027 0.004881 0.003354 0.002279 0.001532 0.001018 0.000670 0.000436 0.000280 0.000178 0.000112 0.000070 0.000043 0.000027 0.000017 0.000011 0.000009 0.000009 
0.000007 0.000007 0.000009 0.000014 0.000022 0.000036 0.000059 0.000096 0.000154 0.000244 0.000383 0.000595 0.000914 0.001390 0.002091 0.003110 0.004575 0.006657 0.009580 0.013637 0.019197 0.026728 0.036805 0.050121 0.067501 0.089904 0.118418 0.154246 0.198688 0.253092 0.318809 0.397124 0.489167 0.595828 0.717650 0.854729 1.006617 1.172241 1.349842 1.536947 1.730383 1.926329 2.120416 2.307873 2.483712 2.642939 2.780791 2.892970 2.975862 3.026735 3.043885 3.026735 2.975862 2.892970 2.780791 2.642939 2.483712 2.307873 2.120416 1.926329 1.730383 1.536947 1.349842 1.172241 1.006617 0.854729 0.717650 0.595828 0.489167 0.397124 0.318809 0.253092 0.198688 0.154246 0.118418 0.089904 0.067501 0.050121 0.036805 0.026728 0.019197 0.013637 0.009580 0.006657 0.004575 0.003110 0.002091 0.001390 0.000914 0.000595 0.000383 0.000244 0.000154 0.000096 0.000059 0.000037 0.000023 0.000015 0.000012 0.000012 
0.000010 0.000010 0.000012 0.000019 0.000030 0.000049 0.000080 0.000129 0.000208 0.000329 0.000517 0.000804 0.001235 0.001877 0.002821 0.004195 0.006171 0.008977 0.012916 0.018381 0.025871 0.036012 0.049577 0.067501 0.090891 0.121034 0.159392 0.207583 0.267346 0.340497 0.428845 0.534113 0.657817 0.801148 0.964832 1.148994 1.353029 1.575493 1.814020 2.065292 2.325044 2.588146 2.848735 3.100408 3.336469 3.550221 3.735272 3.885854 3.997121 4.065407 4.088428 4.065407 3.997121 3.885854 3.735272 3.550221 3.336469 3.100408 2.848735 2.588146 2.325044 2.065292 1.814020 1.575493 1.353029 1.148994 0.964832 0.801148 0.657817 0.534113 0.428845 0.340497 0.267346 0.207583 0.159392 0.121034 0.090891 0.067501 0.049577 0.036012 0.025871 0.018381 0.012916 0.008977 0.006171 0.004195 0.002821 0.001877 0.001235 0.000804 0.000517 0.000329 0.000208 0.000130 0.000080 0.000050 0.000031 0.000021 0.000016 0.000016 
0.000013 0.000013 0.000017 0.000025 0.000040 0.000065 0.000107 0.000173 0.000277 0.000440 0.000691 0.001073 0.001649 0.002505 0.003765 0.005598 0.008231 0.011971 0.017221 0.024501 0.034478 0.047983 0.066045 0.089904 0.121034 0.161145 0.212178 0.276282 0.355768 0.453042 0.570510 0.710454 0.874885 1.065380 1.282899 1.527604 1.798687 2.094224 2.411072 2.744820 3.089806 3.439216 3.785266 4.119457 4.432903 4.716713 4.962406 5.162330 5.310053 5.400711 5.431274 5.400711 5.310053 5.162330 4.962406 4.716713 4.432903 4.119457 3.785266 3.439216 3.089806 2.744820 2.411072 2.094224 1.798687 1.527604 1.282899 1.065380 0.874885 0.710454 0.570510 0.453042 0.355768 0.276282 0.212178 0.161145 0.121034 0.089904 0.066045 0.047983 0.034478 0.024501 0.017221 0.011971 0.008231 0.005598 0.003765 0.002505 0.001649 0.001073 0.000691 0.000440 0.000278 0.000173 0.000107 0.000067 0.000042 0.000028 0.000022 0.000022 
0.000017 0.000017 0.000022 0.000033 0.000053 0.000087 0.000141 0.000229 0.000367 0.000582 0.000913 0.001417 0.002177 0.003307 0.004969 0.007385 0.010857 0.015787 0.022705 0.032297 0.045439 0.063225 0.087007 0.118418 0.159392 0.212178 0.279326 0.363658 0.468211 0.596142 0.750609 0.934606 1.150771 1.401169 1.687057 2.008639 2.364850 2.753157 3.169429 3.607867 4.061034 4.519982 4.974488 5.413394 5.825035 6.197740 6.520380 6.782908 6.976885 7.095928 7.136059 7.095928 6.976885 6.782908 6.520380 6.197740 5.825035 5.413394 4.974488 4.519982 4.061034 3.607867 3.169429 2.753157 2.364850 2.008639 1.687057 1.401169 1.150771 0.934606 0.750609 0.596142 0.468211 0.363658 0.279326 0.212178 0.159392 0.118418 0.087007 0.063225 0.045439 0.032297 0.022705 0.015787 0.010857 0.007385 0.004969 0.003307 0.002177 0.001417 0.000913 0.000582 0.000367 0.000229 0.000142 0.000088 0.000055 0.000037 0.000029 0.000029 
0.000022 0.000022 0.000029 0.000043 0.000069 0.000113 0.000185 0.000299 0.000479 0.000760 0.001193 0.001851 0.002842 0.004316 0.006484 0.009635 0.014162 0.020588 0.029604 0.042101 0.059220 0.082385 0.113353 0.154246 0.207583 0.276282 0.363658 0.473379 0.609387 0.775783 0.976666 1.215921 1.496970 1.822490 2.194104 2.612073 3.075004 3.579601 4.120492 4.690139 5.278881 5.875094 6.465503 7.035616 7.570288 8.054370 8.473411 8.814370 9.066294 9.220896 9.273015 9.220896 9.066294 8.814370 8.473411 8.054370 7.570288 7.035616 6.465503 5.875094 5.278881 4.690139 4.120492 3.579601 3.075004 2.612073 2.194104 1.822490 1.496970 1.215921 0.976666 0.775783 0.609387 0.473379 0.363658 0.276282 0.207583 0.154246 0.113353 0.082385 0.059220 0.042101 0.029604 0.020588 0.014162 0.009635 0.006484 0.004316 0.002842 0.001851 0.001193 0.000760 0.000480 0.000300 0.000186 0.000115 0.000073 0.000049 0.000038 0.000038 
0.000029 0.000029 0.000037 0.000056 0.000090 0.000147 0.000239 0.000387 0.000619 0.000982 0.001540 0.002390 0.003669 0.005571 0.008367 0.012431 0.018267 0.026550 0.038168 0.054271 0.076322 0.106158 0.146037 0.198688 0.267346 0.355768 0.468211 0.609387 0.784361 0.998401 1.256767 1.564447 1.925831 2.344351 2.822082 3.359352 3.954361 4.602867 5.297960 6.029954 6.786430 7.552460 8.310987 9.043404 9.730261 10.352103 10.890378 11.328343 11.651935 11.850517 11.917462 11.850517 11.651935 11.328343 10.890378 10.352103 9.730261 9.043404 8.310987 7.552460 6.786430 6.029954 5.297960 4.602867 3.954361 3.359352 2.822082 2.344351 1.925831 1.564447 1.256767 0.998401 0.784361 0.609387 0.468211 0.355768 0.267346 0.198688 0.146037 0.106158 0.076322 0.054271 0.038168 0.026550 0.018267 0.012431 0.008367 0.005571 0.003669 0.002390 0.001540 0.000982 0.000620 0.000387 0.000240 0.000149 0.000094 0.000063 0.000049 0.000049 
0.000037 0.000037 0.000047 0.000072 0.000115 0.000187 0.000305 0.000494 0.000791 0.001254 0.001967 0.003052 0.004683 0.007110 0.010676 0.015858 0.023298 0.033856 0.048662 0.069179 0.097270 0.135271 0.186054 0.253092 0.340497 0.453042 0.596142 0.775783 0.998401 1.270685 1.599317 1.990627 2.450186 2.982344 3.589731 4.272748 5.029099 5.853385 6.736817 7.667080 8.628394 9.601789 10.565600 11.496188 12.368852 13.158887 13.842729 14.399122 14.810207 15.062479 15.147523 15.062479 14.810207 14.399122 13.842729 13.158887 12.368852 11.496188 10.565600 9.601789 8.628394 7.667080 6.736817 5.853385 5.029099 4.272748 3.589731 2.982344 2.450186 1.990627 1.599317 1.270685 0.998401 0.775783 0.596142 0.453042 0.340497 0.253092 0.186054 0.135271 0.097270 0.069179 0.048662 0.033856 0.023298 0.015858 0.010676 0.007110 0.004684 0.003052 0.001967 0.001255 0.000792 0.000495 0.000307 0.000190 0.000120 0.000081 0.000063 0.000063 
0.000046 0.000046 0.000060 0.000091 0.000145 0.000237 0.000386 0.000624 0.001000 0.001584 0.002484 0.003853 0.005912 0.008972 0.013470 0.020004 0.029383 0.042690 0.061349 0.087199 0.122587 0.170450 0.234402 0.318809 0.428845 0.570510 0.750609 0.976666 1.256767 1.599317 2.012706 2.504881 3.082835 3.752024 4.515737 5.374468 6.325317 7.361488 8.471925 9.641147 10.849320 12.072606 13.283785 14.453161 15.549705 16.542387 17.401614 18.100689 18.617183 18.934139 19.040987 18.934139 18.617183 18.100689 17.401614 16.542387 15.549705 14.453161 13.283785 12.072606 10.849320 9.641147 8.471925 7.361488 6.325317 5.374468 4.515737 3.752024 3.082835 2.504881 2.012706 1.599317 1.256767 0.976666 0.750609 0.570510 0.428845 0.318809 0.234402 0.170450 0.122587 0.087199 0.061349 0.042690 0.029383 0.020004 0.013470 0.008972 0.005912 0.003853 0.002484 0.001585 0.001000 0.000625 0.000388 0.000241 0.000152 0.000102 0.000080 0.000080 
0.000058 0.000058 0.000075 0.000113 0.000182 0.000296 0.000482 0.000780 0.001249 0.001979 0.003101 0.004810 0.007378 0.011196 0.016805 0.024951 0.036643 0.053229 0.076480 0.108687 0.152771 0.212385 0.292025 0.397124 0.534113 0.710454 0.934606 1.215921 1.564447 1.990627 2.504881 3.117079 3.835900 4.668111 5.617786 6.685521 7.867700 9.155859 10.536248 11.989616 13.491313 15.011711 16.516987 17.970246 19.332940 20.566523 21.634235 22.502915 23.144709 23.538552 23.671319 23.538552 23.144709 22.502915 21.634235 20.566523 19.332940 17.970246 16.516987 15.011711 13.491313 11.989616 10.536248 9.155859 7.867700 6.685521 5.617786 4.668111 3.835900 3.117079 2.504881 1.990627 1.564447 1.215921 0.934606 0.710454 0.534113 0.397124 0.292025 0.212385 0.152771 0.108687 0.076480 0.053229 0.036643 0.024951 0.016805 0.011196 0.007378 0.004810 0.003102 0.001979 0.001250 0.000782 0.000485 0.000301 0.000190 0.000128 0.000100 0.000100 
0.000072 0.000072 0.000093 0.000140 0.000225 0.000366 0.000596 0.000964 0.001542 0.002443 0.003829 0.005936 0.009105 0.013813 0.020730 0.030773 0.045185 0.065627 0.094277 0.133958 0.188262 0.261686 0.359760 0.489167 0.657817 0.874885 1.150771 1.496970 1.925831 2.450186 3.082835 3.835900 4.720036 5.743543 6.911412 8.224359 9.677919 11.261674 12.958707 14.745351 16.591300 18.460139 20.310306 22.096463 23.771250 25.287307 26.599478 27.667025 28.455733 28.939726 29.102882 28.939726 28.455733 27.667025 26.599478 25.287307 23.771250 22.096463 20.310306 18.460139 16.591300 14.745351 12.958707 11.261674 9.677919 8.224359 6.911412 5.743543 4.720036 3.835900 3.082835 2.450186 1.925831 1.496970 1.150771 0.874885 0.657817 0.489167 0.359760 0.261686 0.188262 0.133958 0.094277 0.065627 0.045185 0.030773 0.020730 0.013813 0.009105 0.005936 0.003829 0.002444 0.001543 0.000965 0.000600 0.000372 0.000235 0.000158 0.000123 0.000123 
0.000088 0.000088 0.000114 0.000171 0.000274 0.000447 0.000728 0.001177 0.001883 0.002983 0.004674 0.007245 0.011109 0.016851 0.025285 0.037528 0.055095 0.080006 0.114916 0.163259 0.229407 0.318832 0.438263 0.595828 0.801148 1.065380 1.401169 1.822490 2.344351 2.982344 3.752024 4.668111 5.743543 6.988391 8.408704 10.005330 11.772818 13.698489 15.761763 17.933859 20.177933 22.449724 24.698716 26.869815 28.905472 30.748144 32.342965 33.640444 34.599012 35.187234 35.385526 35.187234 34.599012 33.640444 32.342965 30.748144 28.905472 26.869815 24.698716 22.449724 20.177933 17.933859 15.761763 13.698489 11.772818 10.005330 8.408704 6.988391 5.743543 4.668111 3.752024 2.982344 2.344351 1.822490 1.401169 1.065380 0.801148 0.595828 0.438263 0.318832 0.229407 0.163259 0.114916 0.080006 0.055095 0.037528 0.025285 0.016851 0.011109 0.007245 0.004674 0.002983 0.001885 0.001179 0.000732 0.000455 0.000287 0.000193 0.000151 0.000151 
0.000106 0.000106 0.000137 0.000207 0.000332 0.000540 0.000880 0.001421 0.002274 0.003600 0.005640 0.008742 0.013402 0.020326 0.030494 0.045252 0.066425 0.096444 0.138505 0.196744 0.276420 0.384118 0.527937 0.717650 0.964832 1.282899 1.687057 2.194104 2.822082 3.589731 4.515737 5.617786 6.911412 8.408704 10.116909 12.037022 14.162470 16.477986 18.958813 21.570340 24.268270 26.999396 29.703001 32.312872 34.759848 36.974784 38.891753 40.451289 41.603447 42.310458 42.548793 42.310458 41.603447 40.451289 38.891753 36.974784 34.759848 32.312872 29.703001 26.999396 24.268270 21.570340 18.958813 16.477986 14.162470 12.037022 10.116909 8.408704 6.911412 5.617786 4.515737 3.589731 2.822082 2.194104 1.687057 1.282899 0.964832 0.717650 0.527937 0.384118 0.276420 0.196744 0.138505 0.096444 0.066425 0.045252 0.030494 0.020326 0.013402 0.008742 0.005641 0.003601 0.002275 0.001424 0.000885 0.000549 0.000347 0.000233 0.000182 0.000182 
0.000127 0.000127 0.000164 0.000247 0.000396 0.000645 0.001050 0.001697 0.002714 0.004297 0.006730 0.010429 0.015987 0.024242 0.036363 0.053953 0.079185 0.114954 0.165066 0.234441 0.329341 0.457600 0.628853 0.854729 1.148994 1.527604 2.008639 2.612073 3.359352 4.272748 5.374468 6.685521 8.224359 10.005330 12.037022 14.320595 16.848206 19.601681 22.551568 25.656705 28.864423 32.111468 35.325668 38.428323 41.337239 43.970240 46.248985 48.102808 49.472362 50.312770 50.596071 50.312770 49.472362 48.102808 46.248985 43.970240 41.337239 38.428323 35.325668 32.111468 28.864423 25.656705 22.551568 19.601681 16.848206 14.320595 12.037022 10.005330 8.224359 6.685521 5.374468 4.272748 3.359352 2.612073 2.008639 1.527604 1.148994 0.854729 0.628853 0.457600 0.329341 0.234441 0.165066 0.114954 0.079185 0.053953 0.036363 0.024242 0.015987 0.010429 0.006731 0.004298 0.002716 0.001700 0.001056 0.000656 0.000414 0.000279 0.000218 0.000218 
0.000150 0.000150 0.000194 0.000292 0.000468 0.000762 0.001240 0.002003 0.003203 0.005070 0.007940 0.012302 0.018855 0.028587 0.042874 0.063605 0.093337 0.135480 0.194515 0.276231 0.387999 0.539039 0.740684 1.006617 1.353029 1.798687 2.364850 3.075004 3.954361 5.029099 6.325317 7.867700 9.677919 11.772818 14.162470 16.848206 19.820777 23.058789 26.527593 30.178778 33.950415 37.768138 41.547105 45.194809 48.614641 51.710024 54.388883 56.568175 58.178157 59.166092 59.499123 59.166092 58.178157 56.568175 54.388883 51.710024 48.614641 45.194809 41.547105 37.768138 33.950415 30.178778 26.527593 23.058789 19.820777 16.848206 14.162470 11.772818 9.677919 7.867700 6.325317 5.029099 3.954361 3.075004 2.364850 1.798687 1.353029 1.006617 0.740684 0.539039 0.387999 0.276231 0.194515 0.135480 0.093337 0.063605 0.042874 0.028587 0.018855 0.012302 0.007941 0.005071 0.003205 0.002006 0.001247 0.000774 0.000489 0.000329 0.000257 0.000257 
0.000176 0.000176 0.000227 0.000341 0.000546 0.000890 0.001447 0.002337 0.003737 0.005915 0.009262 0.014347 0.021987 0.033330 0.049981 0.074139 0.108781 0.157878 0.226645 0.321821 0.451984 0.627862 0.862642 1.172241 1.575493 2.094224 2.753157 3.579601 4.602867 5.853385 7.361488 9.155859 11.261674 13.698489 16.477986 19.601681 23.058789 26.824406 30.858222 35.103933 39.489527 43.928542 48.322342 52.563396 56.539405 60.138116 63.252516 65.786089 67.657779 68.806298 69.193460 68.806298 67.657779 65.786089 63.252516 60.138116 56.539405 52.563396 48.322342 43.928542 39.489527 35.103933 30.858222 26.824406 23.058789 19.601681 16.477986 13.698489 11.261674 9.155859 7.361488 5.853385 4.602867 3.579601 2.753157 2.094224 1.575493 1.172241 0.862642 0.627862 0.451984 0.321821 0.226645 0.157878 0.108781 0.074139 0.049981 0.033330 0.021987 0.014348 0.009262 0.005916 0.003740 0.002342 0.001455 0.000904 0.000571 0.000384 0.000301 0.000301 
0.000203 0.000203 0.000262 0.000394 0.000630 0.001027 0.001670 0.002696 0.004311 0.006822 0.010681 0.016544 0.025349 0.038423 0.057610 0.085445 0.125355 0.181912 0.261116 0.370728 0.520617 0.723127 0.993432 1.349842 1.814020 2.411072 3.169429 4.120492 5.297960 6.736817 8.471925 10.536248 12.958707 15.761763 18.958813 22.551568 26.527593 30.858222 35.497080 40.379411 45.422406 50.526649 55.578743 60.455068 65.026535 69.164112 72.744795 75.657650 77.809513 79.129944 79.575056 79.129944 77.809513 75.657650 72.744795 69.164112 65.026535 60.455068 55.578743 50.526649 45.422406 40.379411 35.497080 30.858222 26.527593 22.551568 18.958813 15.761763 12.958707 10.536248 8.471925 6.736817 5.297960 4.120492 3.169429 2.411072 1.814020 1.349842 0.993432 0.723127 0.520617 0.370728 0.261116 0.181912 0.125355 0.085445 0.057610 0.038423 0.025349 0.016544 0.010682 0.006824 0.004314 0.002702 0.001679 0.001043 0.000660 0.000444 0.000347 0.000347 
0.000231 0.000231 0.000299 0.000449 0.000719 0.001171 0.001905 0.003075 0.004917 0.007779 0.012178 0.018861 0.028896 0.043793 0.065655 0.097365 0.142828 0.207246 0.297451 0.422273 0.592943 0.823509 1.131234 1.536947 2.065292 2.744820 3.607867 4.690139 6.029954 7.667080 9.641147 11.989616 14.745351 17.933859 21.570340 25.656705 30.178778 35.103933 40.379411 45.931561 51.666212 57.470325 63.214972 68.759611 73.957493 78.661939 82.733128 86.044962 88.491547 89.992816 90.498886 89.992816 88.491547 86.044962 82.733128 78.661939 73.957493 68.759611 63.214972 57.470325 51.666212 45.931561 40.379411 35.103933 30.178778 25.656705 21.570340 17.933859 14.745351 11.989616 9.641147 7.667080 6.029954 4.690139 3.607867 2.744820 2.065292 1.536947 1.131234 0.823509 0.592943 0.422273 0.297451 0.207246 0.142828 0.097366 0.065655 0.043793 0.028896 0.018861 0.012179 0.007781 0.004920 0.003081 0.001916 0.001191 0.000753 0.000507 0.000396 0.000396 
0.000261 0.000261 0.000337 0.000507 0.000812 0.001321 0.002149 0.003468 0.005544 0.008771 0.013729 0.021259 0.032567 0.049351 0.073979 0.109699 0.160905 0.233453 0.335032 0.475580 0.667737 0.927306 1.273711 1.730383 2.325044 3.089806 4.061034 5.278881 6.786430 8.628394 10.849320 13.491313 16.591300 20.177933 24.268270 28.864423 33.950415 39.489527 45.422406 51.666212 58.115046 64.641799 71.101512 77.336173 83.180804 88.470509 93.048108 96.771854 99.522710 101.210675 101.779678 101.210675 99.522710 96.771854 93.048108 88.470509 83.180804 77.336173 71.101512 64.641799 58.115046 51.666212 45.422406 39.489527 33.950415 28.864423 24.268270 20.177933 16.591300 13.491313 10.849320 8.628394 6.786430 5.278881 4.061034 3.089806 2.325044 1.730383 1.273711 0.927306 0.667737 0.475580 0.335032 0.233453 0.160905 0.109699 0.073979 0.049351 0.032567 0.021260 0.013730 0.008773 0.005548 0.003475 0.002161 0.001343 0.000849 0.000572 0.000447 0.000447 
0.000291 0.000291 0.000376 0.000565 0.000905 0.001474 0.002396 0.003867 0.006180 0.009776 0.015301 0.023691 0.036289 0.054986 0.082418 0.122201 0.179226 0.260012 0.373116 0.529597 0.743519 1.032466 1.418048 1.926329 2.588146 3.439216 4.519982 5.875094 7.552460 9.601789 12.072606 15.011711 18.460139 22.449724 26.999396 32.111468 37.768138 43.928542 50.526649 57.470325 64.641799 71.899731 79.082939 86.015743 92.514719 98.396547 103.486490 107.626968 110.685654 112.562498 113.195169 112.562498 110.685654 107.626968 103.486490 98.396547 92.514719 86.015743 79.082939 71.899731 64.641799 57.470325 50.526649 43.928542 37.768138 32.111468 26.999396 22.449724 18.460139 15.011711 12.072606 9.601789 7.552460 5.875094 4.519982 3.439216 2.588146 1.926329 1.418048 1.032466 0.743519 0.529597 0.373116 0.260012 0.179226 0.122201 0.082418 0.054986 0.036289 0.023692 0.015302 0.009779 0.006184 0.003874 0.002410 0.001498 0.000947 0.000638 0.000499 0.000499 
0.000321 0.000321 0.000415 0.000624 0.000998 0.001625 0.002641 0.004262 0.006811 0.010773 0.016860 0.026103 0.039979 0.060572 0.090783 0.134593 0.197384 0.286332 0.410853 0.583117 0.818597 1.136643 1.561024 2.120416 2.848735 3.785266 4.974488 6.465503 8.310987 10.565600 13.283785 16.516987 20.310306 24.698716 29.703001 35.325668 41.547105 48.322342 55.578743 63.214972 71.101512 79.082939 86.982025 94.605604 101.752011 108.219697 113.816555 118.369346 121.732594 123.796312 124.491975 123.796312 121.732594 118.369346 113.816555 108.219697 101.752011 94.605604 86.982025 79.082939 71.101512 63.214972 55.578743 48.322342 41.547105 35.325668 29.703001 24.698716 20.310306 16.516987 13.283785 10.565600 8.310987 6.465503 4.974488 3.785266 2.848735 2.120416 1.561024 1.136643 0.818597 0.583117 0.410853 0.286332 0.197384 0.134593 0.090783 0.060572 0.039979 0.026103 0.016861 0.010776 0.006816 0.004270 0.002656 0.001651 0.001044 0.000703 0.000550 0.000550 
