0.000000 0.000000 0.000000 0.000000 0.000000 0.000000 0.000000 0.000000 0.000000 0.000000 0.000000 0.000001 0.000001 0.000001 0.000002 0.000003 0.000004 0.000005 0.000007 0.000010 0.000014 0.000019 0.000026 0.000034 0.000045 0.000059 0.000075 0.000096 0.000121 0.000152 0.000188 0.000230 0.000278 0.000333 0.000396 0.000465 0.000540 0.000621 0.000707 0.000797 0.000888 0.000980 0.001071 0.001157 0.001238 0.001311 0.001373 0.001424 0.001462 0.001485 0.001492 0.001485 0.001462 0.001424 0.001373 0.001311 0.001238 0.001157 0.001071 0.000980 0.000888 0.000797 0.000707 0.000621 0.000540 0.000465 0.000396 0.000333 0.000278 0.000230 0.000188 0.000152 0.000121 0.000096 0.000075 0.000059 0.000045 0.000034 0.000026 0.000019 0.000014 0.000010 0.000007 0.000005 0.000004 0.000003 0.000002 0.000001 0.000001 0.000001 0.000000 0.000000 0.000000 0.000000 0.000000 0.000000 0.000000 0.000000 0.000000 0.000000 
0.000000 0.000000 0.000000 0.000000 0.000000 0.000000 0.000000 0.000000 0.000000 0.000000 0.000000 0.000001 0.000001 0.000001 0.000002 0.000003 0.000004 0.000005 0.000007 0.000010 0.000014 0.000019 0.000026 0.000034 0.000045 0.000059 0.000075 0.000096 0.000121 0.000152 0.000188 0.000230 0.000278 0.000333 0.000396 0.000465 0.000540 0.000621 0.000707 0.000797 0.000888 0.000980 0.001071 0.001157 0.001238 0.001311 0.001373 0.001424 0.001462 0.001485 0.001492 0.001485 0.001462 0.001424 0.001373 0.001311 0.001238 0.001157 0.001071 0.000980 0.000888 0.000797 0.000707 0.000621 0.000540 0.000465 0.000396 0.000333 0.000278 0.000230 0.000188 0.000152 0.000121 0.000096 0.000075 0.000059 0.000045 0.000034 0.000026 0.000019 0.000014 0.000010 0.000007 0.000005 0.000004 0.000003 0.000002 0.000001 0.000001 0.000001 0.000000 0.000000 0.000000 0.000000 0.000000 0.000000 0.000000 0.000000 0.000000 0.000000 
0.000000 0.000000 0.000000 0.000000 0.000000 0.000000 0.000000 0.000000 0.000000 0.000000 0.000000 0.000001 0.000001 0.000002 0.000002 0.000003 0.000005 0.000007 0.000009 0.000013 0.000018 0.000024 0.000032 0.000042 0.000056 0.000073 0.000094 0.000119 0.000150 0.000188 0.000232 0.000284 0.000344 0.000413 0.000490 0.000575 0.000668 0.000768 0.000875 0.000985 0.001099 0.001212 0.001324 0.001431 0.001531 0.001621 0.001699 0.001761 0.001808 0.001836 0.001845 0.001836 0.001808 0.001761 0.001699 0.001621 0.001531 0.001431 0.001324 0.001212 0.001099 0.000985 0.000875 0.000768 0.000668 0.000575 0.000490 0.000413 0.000344 0.000284 0.000232 0.000188 0.000150 0.000119 0.000094 0.000073 0.000056 0.000042 0.000032 0.000024 0.000018 0.000013 0.000009 0.000007 0.000005 0.000003 0.000002 0.000002 0.000001 0.000001 0.000000 0.000000 0.000000 0.000000 0.000000 0.000000 0.000000 0.000000 0.000000 0.000000 
0.000000 0.000000 0.000000 0.000000 0.000000 0.000000 0.000000 0.000000 0.000000 0.000000 0.000001 0.000001 0.000002 0.000002 0.000003 0.000005 0.000007 0.000009 0.000013 0.000018 0.000025 0.000034 0.000046 0.000061 0.000080 0.000103 0.000133 0.000170 0.000214 0.000268 0.000331 0.000405 0.000490 0.000587 0.000696 0.000817 0.000950 0.001092 0.001243 0.001400 0.001561 0.001722 0.001881 0.002033 0.002175 0.002302 0.002412 0.002501 0.002567 0.002607 0.002620 0.002607 0.002567 0.002501 0.002412 0.002302 0.002175 0.002033 0.001881 0.001722 0.001561 0.001400 0.001243 0.001092 0.000950 0.000817 0.000696 0.000587 0.000490 0.000405 0.000331 0.000268 0.000214 0.000170 0.000133 0.000103 0.000080 0.000061 0.000046 0.000034 0.000025 0.000018 0.000013 0.000009 0.000007 0.000005 0.000003 0.000002 0.000002 0.000001 0.000001 0.000000 0.000000 0.000000 0.000000 0.000000 0.000000 0.000000 0.000000 0.000000 
0.000000 0.000000 0.000000 0.000000 0.000000 0.000000 0.000000 0.000000 0.000000 0.000001 0.000001 0.000002 0.000002 0.000003 0.000005 0.000007 0.000010 0.000014 0.000020 0.000028 0.000038 0.000052 0.000069 0.000092 0.000121 0.000157 0.000202 0.000258 0.000325 0.000406 0.000502 0.000613 0.000743 0.000890 0.001055 0.001238 0.001439 0.001654 0.001882 0.002120 0.002363 0.002608 0.002847 0.003077 0.003291 0.003484 0.003650 0.003785 0.003884 0.003945 0.003965 0.003945 0.003884 0.003785 0.003650 0.003484 0.003291 0.003077 0.002847 0.002608 0.002363 0.002120 0.001882 0.001654 0.001439 0.001238 0.001055 0.000890 0.000743 0.000613 0.000502 0.000406 0.000325 0.000258 0.000202 0.000157 0.000121 0.000092 0.000069 0.000052 0.000038 0.000028 0.000020 0.000014 0.000010 0.000007 0.000005 0.000003 0.000002 0.000002 0.000001 0.000001 0.000000 0.000000 0.000000 0.000000 0.000000 0.000000 0.000000 0.000000 
0.000000 0.000000 0.000000 0.000000 0.000000 0.000000 0.000000 0.000000 0.000001 0.000001 0.000002 0.000002 0.000004 0.000005 0.000008 0.000011 0.000016 0.000022 0.000031 0.000043 0.000059 0.000080 0.000108 0.000143 0.000187 0.000244 0.000314 0.000400 0.000504 0.000629 0.000777 0.000950 0.001150 0.001377 0.001633 0.001916 0.002226 0.002559 0.002911 0.003279 0.003655 0.004032 0.004402 0.004757 0.005087 0.005385 0.005642 0.005850 0.006003 0.006097 0.006128 0.006097 0.006003 0.005850 0.005642 0.005385 0.005087 0.004757 0.004402 0.004032 0.003655 0.003279 0.002911 0.002559 0.002226 0.001916 0.001633 0.001377 0.001150 0.000950 0.000777 0.000629 0.000504 0.000400 0.000314 0.000244 0.000187 0.000143 0.000108 0.000080 0.000059 0.000043 0.000031 0.000022 0.000016 0.000011 0.000008 0.000005 0.000004 0.000002 0.000002 0.000001 0.000001 0.000000 0.000000 0.000000 0.000000 0.000000 0.000000 0.000000 
0.000000 0.000000 0.000000 0.000000 0.000000 0.000000 0.000000 0.000001 0.000001 0.000002 0.000003 0.000004 0.000006 0.000008 0.000012 0.000017 0.000025 0.000035 0.000049 0.000067 0.000092 0.000125 0.000167 0.000222 0.000291 0.000379 0.000487 0.000620 0.000782 0.000976 0.001206 0.001474 0.001784 0.002136 0.002533 0.002972 0.003451 0.003967 0.004513 0.005082 0.005664 0.006248 0.006821 0.007370 0.007882 0.008343 0.008740 0.009062 0.009299 0.009444 0.009493 0.009444 0.009299 0.009062 0.008740 0.008343 0.007882 0.007370 0.006821 0.006248 0.005664 0.005082 0.004513 0.003967 0.003451 0.002972 0.002533 0.002136 0.001784 0.001474 0.001206 0.000976 0.000782 0.000620 0.000487 0.000379 0.000291 0.000222 0.000167 0.000125 0.000092 0.000067 0.000049 0.000035 0.000025 0.000017 0.000012 0.000008 0.000006 0.000004 0.000003 0.000002 0.000001 0.000001 0.000000 0.000000 0.000000 0.000000 0.000000 0.000000 
0.000000 0.000000 0.000000 0.000000 0.000000 0.000000 0.000001 0.000001 0.000002 0.000003 0.000004 0.000006 0.000009 0.000013 0.000019 0.000027 0.000038 0.000054 0.000075 0.000104 0.000143 0.000193 0.000259 0.000343 0.000450 0.000585 0.000753 0.000959 0.001208 0.001507 0.001861 0.002275 0.002753 0.003297 0.003907 0.004584 0.005323 0.006118 0.006960 0.007837 0.008733 0.009632 0.010515 0.011361 0.012150 0.012859 0.013471 0.013966 0.014331 0.014555 0.014630 0.014555 0.014331 0.013966 0.013471 0.012859 0.012150 0.011361 0.010515 0.009632 0.008733 0.007837 0.006960 0.006118 0.005323 0.004584 0.003907 0.003297 0.002753 0.002275 0.001861 0.001507 0.001208 0.000959 0.000753 0.000585 0.000450 0.000343 0.000259 0.000193 0.000143 0.000104 0.000075 0.000054 0.000038 0.000027 0.000019 0.000013 0.000009 0.000006 0.000004 0.000003 0.000002 0.000001 0.000001 0.000000 0.000000 0.000000 0.000000 0.000000 
0.000000 0.000000 0.000000 0.000000 0.000000 0.000001 0.000001 0.000002 0.000003 0.000004 0.000006 0.000009 0.000014 0.000020 0.000029 0.000041 0.000059 0.000083 0.000116 0.000160 0.000219 0.000296 0.000397 0.000526 0.000690 0.000897 0.001154 0.001469 0.001851 0.002309 0.002851 0.003484 0.004214 0.005046 0.005980 0.007015 0.008145 0.009360 0.010647 0.011986 0.013356 0.014730 0.016079 0.017372 0.018576 0.019660 0.020594 0.021351 0.021909 0.022251 0.022366 0.022251 0.021909 0.021351 0.020594 0.019660 0.018576 0.017372 0.016079 0.014730 0.013356 0.011986 0.010647 0.009360 0.008145 0.007015 0.005980 0.005046 0.004214 0.003484 0.002851 0.002309 0.001851 0.001469 0.001154 0.000897 0.000690 0.000526 0.000397 0.000296 0.000219 0.000160 0.000116 0.000083 0.000059 0.000041 0.000029 0.000020 0.000014 0.000009 0.000006 0.000004 0.000003 0.000002 0.000001 0.000001 0.000000 0.000000 0.000000 0.000000 
0.000000 0.000000 0.000000 0.000000 0.000001 0.000001 0.000002 0.000003 0.000004 0.000006 0.000009 0.000014 0.000021 0.000030 0.000044 0.000063 0.000090 0.000126 0.000176 0.000243 0.000333 0.000450 0.000603 0.000799 0.001049 0.001362 0.001752 0.002230 0.002810 0.003504 0.004326 0.005286 0.006393 0.007653 0.009069 0.010637 0.012349 0.014189 0.016138 0.018167 0.020241 0.022322 0.024364 0.026321 0.028144 0.029785 0.031199 0.032345 0.033189 0.033706 0.033880 0.033706 0.033189 0.032345 0.031199 0.029785 0.028144 0.026321 0.024364 0.022322 0.020241 0.018167 0.016138 0.014189 0.012349 0.010637 0.009069 0.007653 0.006393 0.005286 0.004326 0.003504 0.002810 0.002230 0.001752 0.001362 0.001049 0.000799 0.000603 0.000450 0.000333 0.000243 0.000176 0.000126 0.000090 0.000063 0.000044 0.000030 0.000021 0.000014 0.000009 0.000006 0.000004 0.000003 0.000002 0.000001 0.000001 0.000001 0.000000 0.000000 
0.000000 0.000000 0.000000 0.000001 0.000001 0.000002 0.000003 0.000004 0.000006 0.000009 0.000014 0.000021 0.000031 0.000046 0.000066 0.000095 0.000135 0.000191 0.000266 0.000367 0.000501 0.000678 0.000907 0.001203 0.001578 0.002049 0.002635 0.003353 0.004224 0.005267 0.006501 0.007942 0.009605 0.011497 0.013622 0.015975 0.018543 0.021305 0.024228 0.027271 0.030383 0.033503 0.036566 0.039501 0.042234 0.044695 0.046814 0.048532 0.049798 0.050573 0.050834 0.050573 0.049798 0.048532 0.046814 0.044695 0.042234 0.039501 0.036566 0.033503 0.030383 0.027271 0.024228 0.021305 0.018543 0.015975 0.013622 0.011497 0.009605 0.007942 0.006501 0.005267 0.004224 0.003353 0.002635 0.002049 0.001578 0.001203 0.000907 0.000678 0.000501 0.000367 0.000266 0.000191 0.000135 0.000095 0.000066 0.000046 0.000031 0.000021 0.000014 0.000009 0.000006 0.000004 0.000003 0.000002 0.000001 0.000001 0.000001 0.000001 
0.000001 0.000001 0.000001 0.000001 0.000002 0.000002 0.000004 0.000006 0.000009 0.000014 0.000021 0.000031 0.000047 0.000068 0.000099 0.000142 0.000202 0.000284 0.000397 0.000547 0.000747 0.001011 0.001353 0.001792 0.002351 0.003053 0.003924 0.004993 0.006289 0.007840 0.009675 0.011819 0.014290 0.017103 0.020261 0.023758 0.027575 0.031678 0.036021 0.040541 0.045163 0.049797 0.054346 0.058705 0.062764 0.066417 0.069565 0.072115 0.073994 0.075145 0.075533 0.075145 0.073994 0.072115 0.069565 0.066417 0.062764 0.058705 0.054346 0.049797 0.045163 0.040541 0.036021 0.031678 0.027575 0.023758 0.020261 0.017103 0.014290 0.011819 0.009675 0.007840 0.006289 0.004993 0.003924 0.003053 0.002351 0.001792 0.001353 0.001011 0.000747 0.000547 0.000397 0.000284 0.000202 0.000142 0.000099 0.000068 0.000047 0.000031 0.000021 0.000014 0.000009 0.000006 0.000004 0.000003 0.000002 0.000001 0.000001 0.000001 
0.000001 0.000001 0.000001 0.000002 0.000002 0.000004 0.000006 0.000009 0.000014 0.000021 0.000031 0.000047 0.000069 0.000101 0.000146 0.000210 0.000299 0.000420 0.000586 0.000808 0.001103 0.001492 0.001996 0.002645 0.003469 0.004503 0.005787 0.007362 0.009271 0.011556 0.014258 0.017415 0.021053 0.025194 0.029842 0.034988 0.040605 0.046642 0.053031 0.059681 0.066478 0.073295 0.079985 0.086394 0.092363 0.097735 0.102363 0.106113 0.108876 0.110568 0.111138 0.110568 0.108876 0.106113 0.102363 0.097735 0.092363 0.086394 0.079985 0.073295 0.066478 0.059681 0.053031 0.046642 0.040605 0.034988 0.029842 0.025194 0.021053 0.017415 0.014258 0.011556 0.009271 0.007362 0.005787 0.004503 0.003469 0.002645 0.001996 0.001492 0.001103 0.000808 0.000586 0.000420 0.000299 0.000210 0.000146 0.000101 0.000069 0.000047 0.000031 0.000021 0.000014 0.000009 0.000006 0.000004 0.000002 0.000002 0.000001 0.000001 
0.000001 0.000001 0.000002 0.000002 0.000003 0.000005 0.000008 0.000013 0.000020 0.000030 0.000046 0.000068 0.000101 0.000148 0.000214 0.000308 0.000437 0.000615 0.000857 0.001182 0.001613 0.002181 0.002918 0.003864 0.005067 0.006577 0.008450 0.010748 0.013532 0.016865 0.020806 0.025408 0.030713 0.036748 0.043523 0.051022 0.059205 0.068001 0.077308 0.086994 0.096895 0.106823 0.116565 0.125898 0.134590 0.142412 0.149150 0.154610 0.158633 0.161096 0.161926 0.161096 0.158633 0.154610 0.149150 0.142412 0.134590 0.125898 0.116565 0.106823 0.096895 0.086994 0.077308 0.068001 0.059205 0.051022 0.043523 0.036748 0.030713 0.025408 0.020806 0.016865 0.013532 0.010748 0.008450 0.006577 0.005067 0.003864 0.002918 0.002181 0.001613 0.001182 0.000857 0.000615 0.000437 0.000308 0.000214 0.000148 0.000101 0.000068 0.000046 0.000030 0.000020 0.000013 0.000008 0.000005 0.000004 0.000003 0.000002 0.000002 
0.000002 0.000002 0.000002 0.000003 0.000005 0.000008 0.000012 0.000019 0.000029 0.000044 0.000066 0.000099 0.000146 0.000214 0.000311 0.000446 0.000633 0.000891 0.001241 0.001711 0.002335 0.003156 0.004222 0.005590 0.007329 0.009511 0.012218 0.015537 0.019559 0.024372 0.030062 0.036706 0.044363 0.053074 0.062850 0.073671 0.085477 0.098167 0.111593 0.125563 0.139843 0.154159 0.168209 0.181666 0.194199 0.205477 0.215191 0.223063 0.228862 0.232413 0.233609 0.232413 0.228862 0.223063 0.215191 0.205477 0.194199 0.181666 0.168209 0.154159 0.139843 0.125563 0.111593 0.098167 0.085477 0.073671 0.062850 0.053074 0.044363 0.036706 0.030062 0.024372 0.019559 0.015537 0.012218 0.009511 0.007329 0.005590 0.004222 0.003156 0.002335 0.001711 0.001241 0.000891 0.000633 0.000446 0.000311 0.000214 0.000146 0.000099 0.000066 0.000044 0.000029 0.000019 0.000012 0.000008 0.000005 0.000004 0.000003 0.000003 
0.000003 0.000003 0.000003 0.000005 0.000007 0.000011 0.000017 0.000027 0.000041 0.000063 0.000095 0.000142 0.000210 0.000308 0.000446 0.000640 0.000909 0.001278 0.001779 0.002453 0.003347 0.004522 0.006048 0.008007 0.010495 0.013617 0.017490 0.022238 0.027989 0.034872 0.043007 0.052504 0.063448 0.075897 0.089867 0.105327 0.122194 0.140320 0.159497 0.179449 0.199842 0.220285 0.240346 0.259561 0.277453 0.293555 0.307423 0.318660 0.326939 0.332008 0.333716 0.332008 0.326939 0.318660 0.307423 0.293555 0.277453 0.259561 0.240346 0.220285 0.199842 0.179449 0.159497 0.140320 0.122194 0.105327 0.089867 0.075897 0.063448 0.052504 0.043007 0.034872 0.027989 0.022238 0.017490 0.013617 0.010495 0.008007 0.006048 0.004522 0.003347 0.002453 0.001779 0.001278 0.000909 0.000640 0.000446 0.000308 0.000210 0.000142 0.000095 0.000063 0.000041 0.000027 0.000018 0.000011 0.000008 0.000005 0.000004 0.000004 
0.000004 0.000004 0.000005 0.000007 0.000010 0.000016 0.000025 0.000038 0.000059 0.000090 0.000135 0.000202 0.000299 0.000437 0.000633 0.000909 0.001290 0.001814 0.002526 0.003481 0.004750 0.006415 0.008578 0.011355 0.014880 0.019304 0.024790 0.031514 0.039658 0.049402 0.060919 0.074360 0.089849 0.107464 0.127229 0.149101 0.172959 0.198597 0.225718 0.253934 0.282770 0.311676 0.340039 0.367204 0.392499 0.415261 0.434864 0.450749 0.462450 0.469616 0.472030 0.469616 0.462450 0.450749 0.434864 0.415261 0.392499 0.367204 0.340039 0.311676 0.282770 0.253934 0.225718 0.198597 0.172959 0.149101 0.127229 0.107464 0.089849 0.074360 0.060919 0.049402 0.039658 0.031514 0.024790 0.019304 0.014880 0.011355 0.008578 0.006415 0.004750 0.003481 0.002526 0.001814 0.001290 0.000909 0.000633 0.000437 0.000299 0.000202 0.000135 0.000090 0.000059 0.000039 0.000025 0.000016 0.000011 0.000008 0.000006 0.000006 
0.000005 0.000005 0.000007 0.000009 0.000014 0.000022 0.000035 0.000054 0.000083 0.000126 0.000191 0.000284 0.000420 0.000615 0.000891 0.001278 0.001814 0.002551 0.003550 0.004892 0.006672 0.009011 0.012046 0.015943 0.020889 0.027094 0.034788 0.044217 0.055635 0.069294 0.085436 0.104274 0.125977 0.150657 0.178346 0.208983 0.242399 0.278304 0.316282 0.355791 0.396165 0.436634 0.476340 0.514367 0.549775 0.581635 0.609074 0.631307 0.647685 0.657715 0.661092 0.657715 0.647685 0.631307 0.609074 0.581635 0.549775 0.514367 0.476340 0.436634 0.396165 0.355791 0.316282 0.278304 0.242399 0.208983 0.178346 0.150657 0.125977 0.104274 0.085436 0.069294 0.055635 0.044217 0.034788 0.027094 0.020889 0.015943 0.012046 0.009011 0.006672 0.004892 0.003550 0.002551 0.001814 0.001278 0.000891 0.000615 0.000420 0.000285 0.000191 0.000127 0.000083 0.000054 0.000035 0.000023 0.000015 0.000011 0.000009 0.000009 
0.000007 0.000007 0.000009 0.000013 0.000020 0.000031 0.000049 0.000075 0.000116 0.000176 0.000266 0.000397 0.000586 0.000857 0.001241 0.001779 0.002526 0.003550 0.004940 0.006805 0.009281 0.012530 0.016749 0.022163 0.029033 0.037650 0.048334 0.061425 0.077274 0.096234 0.118635 0.144773 0.174884 0.209120 0.247527 0.290019 0.336359 0.386147 0.438805 0.493580 0.549552 0.605651 0.660690 0.713398 0.762474 0.806631 0.844657 0.875470 0.898166 0.912066 0.916747 0.912066 0.898166 0.875470 0.844657 0.806631 0.762474 0.713398 0.660690 0.605651 0.549552 0.493580 0.438805 0.386147 0.336359 0.290019 0.247527 0.209120 0.174884 0.144773 0.118635 0.096234 0.077274 0.061425 0.048334 0.037650 0.029033 0.022163 0.016749 0.012530 0.009281 0.006805 0.004940 0.003550 0.002526 0.001779 0.001241 0.000857 0.000586 0.000397 0.000266 0.000176 0.000116 0.000076 0.000049 0.000032 0.000021 0.000015 0.000012 0.000012 
0.000010 0.000010 0.000013 0.000018 0.000028 0.000043 0.000067 0.000104 0.000160 0.000243 0.000367 0.000547 0.000808 0.001182 0.001711 0.002453 0.003481 0.004892 0.006805 0.009372 0.012780 0.017252 0.023055 0.030502 0.039950 0.051799 0.066487 0.084482 0.106266 0.132320 0.163100 0.199009 0.240372 0.287396 0.340142 0.398492 0.462122 0.530479 0.602771 0.677962 0.754791 0.831790 0.907328 0.979666 1.047014 1.107609 1.159791 1.202073 1.233216 1.252288 1.258711 1.252288 1.233216 1.202073 1.159791 1.107609 1.047014 0.979666 0.907328 0.831790 0.754791 0.677962 0.602771 0.530479 0.462122 0.398492 0.340142 0.287396 0.240372 0.199009 0.163100 0.132320 0.106266 0.084482 0.066487 0.051799 0.039950 0.030502 0.023055 0.017252 0.012780 0.009372 0.006805 0.004892 0.003481 0.002453 0.001711 0.001182 0.000808 0.000547 0.000367 0.000244 0.000160 0.000105 0.000068 0.000044 0.000029 0.000021 0.000017 0.000017 
0.000014 0.000014 0.000018 0.000025 0.000038 0.000059 0.000092 0.000143 0.000219 0.000333 0.000501 0.000747 0.001103 0.001613 0.002335 0.003347 0.004750 0.006672 0.009281 0.012780 0.017422 0.023514 0.031419 0.041561 0.054425 0.070556 0.090549 0.115039 0.144682 0.180131 0.222004 0.270849 0.327105 0.391054 0.462776 0.542111 0.628616 0.721540 0.819803 0.922002 1.026418 1.131058 1.233709 1.332004 1.423516 1.505849 1.576748 1.634194 1.676506 1.702418 1.711144 1.702418 1.676506 1.634194 1.576748 1.505849 1.423516 1.332004 1.233709 1.131058 1.026418 0.922002 0.819803 0.721540 0.628616 0.542111 0.462776 0.391054 0.327105 0.270849 0.222004 0.180131 0.144682 0.115039 0.090549 0.070556 0.054425 0.041561 0.031419 0.023514 0.017422 0.012780 0.009281 0.006672 0.004750 0.003347 0.002335 0.001613 0.001104 0.000747 0.000501 0.000333 0.000219 0.000143 0.000093 0.000060 0.000040 0.000029 0.000023 0.000023 
0.000019 0.000019 0.000024 0.000034 0.000052 0.000080 0.000125 0.000193 0.000296 0.000450 0.000678 0.001011 0.001492 0.002181 0.003156 0.004522 0.006415 0.009011 0.012530 0.017252 0.023514 0.031731 0.042391 0.056064 0.073406 0.095148 0.122091 0.155091 0.195027 0.242779 0.299177 0.364959 0.440713 0.526815 0.623375 0.730172 0.846612 0.971680 1.103925 1.241456 1.381962 1.522761 1.660875 1.793123 1.916238 2.027001 2.122379 2.199657 2.256576 2.291432 2.303171 2.291432 2.256576 2.199657 2.122379 2.027001 1.916238 1.793123 1.660875 1.522761 1.381962 1.241456 1.103925 0.971680 0.846612 0.730172 0.623375 0.526815 0.440713 0.364959 0.299177 0.242779 0.195027 0.155091 0.122091 0.095148 0.073406 0.056064 0.042391 0.031731 0.023514 0.017252 0.012530 0.009011 0.006415 0.004522 0.003156 0.002181 0.001492 0.001011 0.000678 0.000450 0.000296 0.000194 0.000126 0.000082 0.000054 0.000039 0.000031 0.000031 
0.000026 0.000026 0.000032 0.000046 0.000069 0.000108 0.000167 0.000259 0.000397 0.000603 0.000907 0.001353 0.001996 0.002918 0.004222 0.006048 0.008578 0.012046 0.016749 0.023055 0.031419 0.042391 0.056622 0.074874 0.098018 0.127031 0.162980 0.207002 0.260272 0.323957 0.399166 0.486877 0.587873 0.702653 0.831361 0.973703 1.128882 1.295546 1.471761 1.655006 1.842203 2.029780 2.213769 2.389935 2.553930 2.701466 2.828504 2.931433 3.007242 3.053667 3.069301 3.053667 3.007242 2.931433 2.828504 2.701466 2.553930 2.389935 2.213769 2.029780 1.842203 1.655006 1.471761 1.295546 1.128882 0.973703 0.831361 0.702653 0.587873 0.486877 0.399166 0.323957 0.260272 0.207002 0.162980 0.127031 0.098018 0.074874 0.056622 0.042391 0.031419 0.023055 0.016749 0.012046 0.008578 0.006048 0.004222 0.002918 0.001996 0.001353 0.000908 0.000603 0.000397 0.000259 0.000169 0.000110 0.000073 0.000052 0.000042 0.000042 
0.000034 0.000034 0.000042 0.000061 0.000092 0.000143 0.000222 0.000343 0.000526 0.000799 0.001203 0.001792 0.002645 0.003864 0.005590 0.008007 0.011355 0.015943 0.022163 0.030502 0.041561 0.056064 0.074874 0.098994 0.129575 0.167905 0.215391 0.273533 0.343879 0.427971 0.527265 0.643054 0.776364 0.927856 1.097712 1.285544 1.490298 1.710190 1.942665 2.184397 2.431328 2.678746 2.921420 3.153764 3.370047 3.564617 3.732149 3.867885 3.967856 4.029076 4.049692 4.029076 3.967856 3.867885 3.732149 3.564617 3.370047 3.153764 2.921420 2.678746 2.431328 2.184397 1.942665 1.710190 1.490298 1.285544 1.097712 0.927856 0.776364 0.643054 0.527265 0.427971 0.343879 0.273533 0.215391 0.167905 0.129575 0.098994 0.074874 0.056064 0.041561 0.030502 0.022163 0.015943 0.011355 0.008007 0.005590 0.003864 0.002645 0.001793 0.001203 0.000800 0.000527 0.000344 0.000224 0.000146 0.000097 0.000069 0.000056 0.000056 
0.000045 0.000045 0.000056 0.000080 0.000121 0.000187 0.000291 0.000450 0.000690 0.001049 0.001578 0.002351 0.003469 0.005067 0.007329 0.010495 0.014880 0.020889 0.029033 0.039950 0.054425 0.073406 0.098018 0.129575 0.169579 0.219711 0.281811 0.357837 0.449809 0.559739 0.689528 0.840860 1.015075 1.213029 1.434961 1.680358 1.947841 2.235077 2.538729 2.854452 3.176944 3.500056 3.816956 4.120354 4.402767 4.656821 4.875566 5.052790 5.183314 5.263244 5.290161 5.263244 5.183314 5.052790 4.875566 4.656821 4.402767 4.120354 3.816956 3.500056 3.176944 2.854452 2.538729 2.235077 1.947841 1.680358 1.434961 1.213029 1.015075 0.840860 0.689528 0.559739 0.449809 0.357837 0.281811 0.219711 0.169579 0.129575 0.098018 0.073406 0.054425 0.039950 0.029033 0.020889 0.014880 0.010495 0.007329 0.005067 0.003469 0.002351 0.001578 0.001049 0.000691 0.000452 0.000294 0.000191 0.000127 0.000090 0.000074 0.000074 
0.000059 0.000059 0.000073 0.000103 0.000157 0.000244 0.000379 0.000585 0.000897 0.001362 0.002049 0.003053 0.004503 0.006577 0.009511 0.013617 0.019304 0.027094 0.037650 0.051799 0.070556 0.095148 0.127031 0.167905 0.219711 0.284626 0.365026 0.463444 0.582491 0.724765 0.892723 1.088539 1.313942 1.570035 1.857122 2.174536 2.520490 2.891965 3.284643 3.692906 4.109898 4.527669 4.937389 5.329635 5.694739 6.023169 6.305945 6.535041 6.703767 6.807089 6.841883 6.807089 6.703767 6.535041 6.305945 6.023169 5.694739 5.329635 4.937389 4.527669 4.109898 3.692906 3.284643 2.891965 2.520490 2.174536 1.857122 1.570035 1.313942 1.088539 0.892723 0.724765 0.582491 0.463444 0.365026 0.284626 0.219711 0.167905 0.127031 0.095148 0.070556 0.051799 0.037650 0.027094 0.019304 0.013617 0.009511 0.006577 0.004503 0.003053 0.002050 0.001363 0.000898 0.000587 0.000382 0.000249 0.000166 0.000118 0.000096 0.000096 
0.000075 0.000075 0.000094 0.000133 0.000202 0.000314 0.000487 0.000753 0.001154 0.001752 0.002635 0.003924 0.005787 0.008450 0.012218 0.017490 0.024790 0.034788 0.048334 0.066487 0.090549 0.122091 0.162980 0.215391 0.281811 0.365026 0.468080 0.594212 0.746765 0.929062 1.144246 1.395095 1.683818 2.011823 2.379494 2.785972 3.228965 3.704602 4.207356 4.730030 5.263851 5.798641 6.323102 6.825175 7.292489 7.712850 8.074768 8.367978 8.583919 8.716153 8.760682 8.716153 8.583919 8.367978 8.074768 7.712850 7.292489 6.825175 6.323102 5.798641 5.263851 4.730030 4.207356 3.704602 3.228965 2.785972 2.379494 2.011823 1.683818 1.395095 1.144246 0.929062 0.746765 0.594212 0.468080 0.365026 0.281811 0.215391 0.162980 0.122091 0.090549 0.066487 0.048334 0.034788 0.024790 0.017490 0.012218 0.008451 0.005787 0.003924 0.002635 0.001753 0.001155 0.000755 0.000491 0.000320 0.000213 0.000152 0.000123 0.000123 
0.000096 0.000096 0.000119 0.000170 0.000258 0.000400 0.000620 0.000959 0.001469 0.002230 0.003353 0.004993 0.007362 0.010748 0.015537 0.022238 0.031514 0.044217 0.061425 0.084482 0.115039 0.155091 0.207002 0.273533 0.357837 0.463444 0.594212 0.754246 0.947783 1.179028 1.451963 1.770105 2.136245 2.552166 3.018345 3.533688 4.095285 4.698226 5.335499 5.997986 6.674564 7.352338 8.016992 8.653249 9.245436 9.778109 10.236713 10.608246 10.881865 11.049418 11.105841 11.049418 10.881865 10.608246 10.236713 9.778109 9.245436 8.653249 8.016992 7.352338 6.674564 5.997986 5.335499 4.698226 4.095285 3.533688 3.018345 2.552166 2.136245 1.770105 1.451963 1.179028 0.947783 0.754246 0.594212 0.463444 0.357837 0.273533 0.207002 0.155091 0.115039 0.084482 0.061425 0.044217 0.031514 0.022238 0.015537 0.010748 0.007362 0.004993 0.003354 0.002231 0.001470 0.000962 0.000626 0.000408 0.000272 0.000193 0.000157 0.000157 
0.000121 0.000121 0.000150 0.000214 0.000325 0.000504 0.000782 0.001208 0.001851 0.002810 0.004224 0.006289 0.009271 0.013532 0.019559 0.027989 0.039658 0.055635 0.077274 0.106266 0.144682 0.195027 0.260272 0.343879 0.449809 0.582491 0.746765 0.947783 1.190856 1.481259 1.823984 2.223438 2.683118 3.205252 3.790433 4.437280 5.142133 5.898829 6.698564 7.529892 8.378860 9.229289 10.063220 10.861494 11.604451 12.272722 12.848056 13.314148 13.657402 13.867593 13.938375 13.867593 13.657402 13.314148 12.848056 12.272722 11.604451 10.861494 10.063220 9.229289 8.378860 7.529892 6.698564 5.898829 5.142133 4.437280 3.790433 3.205252 2.683118 2.223438 1.823984 1.481259 1.190856 0.947783 0.746765 0.582491 0.449809 0.343879 0.260272 0.195027 0.144682 0.106266 0.077274 0.055635 0.039658 0.027989 0.019559 0.013532 0.009271 0.006289 0.004225 0.002811 0.001853 0.001212 0.000789 0.000515 0.000343 0.000244 0.000198 0.000198 
0.000152 0.000152 0.000188 0.000268 0.000406 0.000629 0.000976 0.001507 0.002309 0.003504 0.005267 0.007840 0.011556 0.016865 0.024372 0.034872 0.049402 0.069294 0.096234 0.132320 0.180131 0.242779 0.323957 0.427971 0.559739 0.724765 0.929062 1.179028 1.481259 1.842305 2.268359 2.764892 3.336240 3.985161 4.712383 5.516182 6.392004 7.332185 8.325783 9.358579 10.413237 11.469663 12.505554 13.497116 14.419938 15.249971 15.964556 16.543447 16.969767 17.230821 17.318730 17.230821 16.969767 16.543447 15.964556 15.249971 14.419938 13.497116 12.505554 11.469663 10.413237 9.358579 8.325783 7.332185 6.392004 5.516182 4.712383 3.985161 3.336240 2.764892 2.268359 1.842305 1.481259 1.179028 0.929062 0.724765 0.559739 0.427971 0.323957 0.242779 0.180131 0.132320 0.096234 0.069294 0.049402 0.034872 0.024372 0.016866 0.011556 0.007841 0.005268 0.003506 0.002312 0.001512 0.000984 0.000642 0.000428 0.000304 0.000248 0.000248 
0.000188 0.000188 0.000232 0.000331 0.000502 0.000777 0.001206 0.001861 0.002851 0.004326 0.006501 0.009675 0.014258 0.020806 0.030062 0.043007 0.060919 0.085436 0.118635 0.163100 0.222004 0.299177 0.399166 0.527265 0.689528 0.892723 1.144246 1.451963 1.823984 2.268359 2.792700 3.403728 4.106765 4.905193 5.799898 6.788750 7.866137 9.022625 10.244754 11.515032 12.812137 14.111362 15.385283 16.604647 17.739446 18.760116 19.638803 20.350623 20.874830 21.195823 21.303915 21.195823 20.874830 20.350623 19.638803 18.760116 17.739446 16.604647 15.385283 14.111362 12.812137 11.515032 10.244754 9.022625 7.866137 6.788750 5.799898 4.905193 4.106765 3.403728 2.792700 2.268359 1.823984 1.451963 1.144246 0.892723 0.689528 0.527265 0.399166 0.299177 0.222004 0.163100 0.118635 0.085437 0.060919 0.043007 0.030062 0.020807 0.014259 0.009676 0.006502 0.004328 0.002854 0.001867 0.001216 0.000793 0.000529 0.000376 0.000306 0.000306 
0.000230 0.000230 0.000284 0.000405 0.000613 0.000950 0.001474 0.002275 0.003484 0.005286 0.007942 0.011819 0.017415 0.025408 0.036706 0.052504 0.074360 0.104274 0.144773 0.199009 0.270849 0.364959 0.486877 0.643054 0.840860 1.088539 1.395095 1.770105 2.223438 2.764892 3.403728 4.148118 5.004535 5.977082 7.066829 8.271167 9.583255 10.991596 12.479794 14.026547 15.605898 17.187765 18.738767 20.223298 21.604836 22.847398 23.917090 24.783627 25.421765 25.812519 25.944103 25.812519 25.421765 24.783627 23.917090 22.847398 21.604836 20.223298 18.738767 17.187765 15.605898 14.026547 12.479794 10.991596 9.583255 8.271167 7.066829 5.977082 5.004535 4.148118 3.403728 2.764892 2.223438 1.770105 1.395095 1.088539 0.840860 0.643054 0.486877 0.364959 0.270849 0.199009 0.144773 0.104274 0.074360 0.052504 0.036706 0.025408 0.017415 0.011819 0.007944 0.005288 0.003488 0.002282 0.001486 0.000970 0.000647 0.000460 0.000375 0.000375 
0.000278 0.000278 0.000344 0.000490 0.000743 0.001150 0.001784 0.002753 0.004214 0.006393 0.009605 0.014290 0.021053 0.030713 0.044363 0.063448 0.089849 0.125977 0.174884 0.240372 0.327105 0.440713 0.587873 0.776364 1.015075 1.313942 1.683818 2.136245 2.683118 3.336240 4.106765 5.004535 6.037338 7.210110 8.524124 9.976223 11.558147 13.256028 15.050094 16.914665 18.818451 20.725197 22.594674 24.383977 26.049097 27.546680 28.835888 29.880235 30.649308 31.120235 31.278815 31.120235 30.649308 29.880235 28.835888 27.546680 26.049097 24.383977 22.594674 20.725197 18.818451 16.914665 15.050094 13.256028 11.558147 9.976223 8.524124 7.210110 6.037338 5.004535 4.106765 3.336240 2.683118 2.136245 1.683818 1.313942 1.015075 0.776364 0.587873 0.440713 0.327105 0.240372 0.174884 0.125977 0.089849 0.063449 0.044363 0.030713 0.021054 0.014291 0.009606 0.006396 0.004219 0.002762 0.001798 0.001174 0.000784 0.000557 0.000454 0.000454 
0.000333 0.000333 0.000413 0.000587 0.000890 0.001377 0.002136 0.003297 0.005046 0.007653 0.011497 0.017103 0.025194 0.036748 0.053074 0.075897 0.107464 0.150657 0.209120 0.287396 0.391054 0.526815 0.702653 0.927856 1.213029 1.570035 2.011823 2.552166 3.205252 3.985161 4.905193 5.977082 7.210110 8.610150 10.178706 11.911995 13.800147 15.826599 17.967750 20.192948 22.464855 24.740212 26.971022 29.106100 31.092946 32.879846 34.418087 35.664150 36.581759 37.143635 37.332841 37.143635 36.581759 35.664150 34.418087 32.879846 31.092946 29.106100 26.971022 24.740212 22.464855 20.192948 17.967750 15.826599 13.800147 11.911995 10.178706 8.610150 7.210110 5.977082 4.905193 3.985161 3.205252 2.552166 2.011823 1.570035 1.213029 0.927856 0.702653 0.526815 0.391054 0.287396 0.209120 0.150657 0.107464 0.075897 0.053074 0.036748 0.025195 0.017104 0.011499 0.007657 0.005052 0.003307 0.002154 0.001407 0.000939 0.000668 0.000544 0.000544 
0.000396 0.000396 0.000490 0.000696 0.001055 0.001633 0.002533 0.003907 0.005980 0.009069 0.013622 0.020261 0.029842 0.043523 0.062850 0.089867 0.127229 0.178346 0.247527 0.340142 0.462776 0.623375 0.831361 1.097712 1.434961 1.857122 2.379494 3.018345 3.790433 4.712383 5.799898 7.066829 8.524124 10.178706 12.032335 14.080523 16.311595 18.705970 21.235756 23.864736 26.548798 29.236846 31.872185 34.394364 36.741379 38.852159 40.669178 42.141048 43.224932 43.888617 44.112106 43.888617 43.224932 42.141048 40.669178 38.852159 36.741379 34.394364 31.872185 29.236846 26.548798 23.864736 21.235756 18.705970 16.311595 14.080523 12.032335 10.178706 8.524124 7.066829 5.799898 4.712383 3.790433 3.018345 2.379494 1.857122 1.434961 1.097712 0.831361 0.623375 0.462776 0.340142 0.247527 0.178346 0.127229 0.089867 0.062850 0.043523 0.029843 0.020263 0.013624 0.009073 0.005988 0.003920 0.002554 0.001668 0.001114 0.000792 0.000645 0.000645 
0.000465 0.000465 0.000575 0.000817 0.001238 0.001916 0.002972 0.004584 0.007015 0.010637 0.015975 0.023758 0.034988 0.051022 0.073671 0.105327 0.149101 0.208983 0.290019 0.398492 0.542111 0.730172 0.973703 1.285544 1.680358 2.174536 2.785972 3.533688 4.437280 5.516182 6.788750 8.271167 9.976223 11.911995 14.080523 16.476540 19.086372 21.887104 24.846105 27.921011 31.060231 34.204011 37.286057 40.235684 42.980401 45.448805 47.573642 49.294837 50.562312 51.338408 51.599748 51.338408 50.562312 49.294837 47.573642 45.448805 42.980401 40.235684 37.286057 34.204011 31.060231 27.921011 24.846105 21.887104 19.086372 16.476540 14.080523 11.911995 9.976223 8.271167 6.788750 5.516182 4.437280 3.533688 2.785972 2.174536 1.680358 1.285544 0.973703 0.730172 0.542111 0.398492 0.290019 0.208983 0.149101 0.105327 0.073671 0.051022 0.034989 0.023760 0.015978 0.010642 0.007024 0.004599 0.002996 0.001958 0.001307 0.000930 0.000757 0.000757 
0.000540 0.000540 0.000668 0.000950 0.001439 0.002226 0.003451 0.005323 0.008145 0.012349 0.018543 0.027575 0.040605 0.059205 0.085477 0.122194 0.172959 0.242399 0.336359 0.462122 0.628616 0.846612 1.128882 1.490298 1.947841 2.520490 3.228965 4.095285 5.142133 6.392004 7.866137 9.583255 11.558147 13.800147 16.311595 19.086372 22.108629 25.351815 28.778139 32.338544 35.973299 39.613222 43.181573 46.596529 49.774180 52.631884 55.091799 57.084394 58.551713 59.450172 59.752715 59.450172 58.551713 57.084394 55.091799 52.631884 49.774180 46.596529 43.181573 39.613222 35.973299 32.338544 28.778139 25.351815 22.108629 19.086372 16.311595 13.800147 11.558147 9.583255 7.866137 6.392004 5.142133 4.095285 3.228965 2.520490 1.947841 1.490298 1.128882 0.846612 0.628616 0.462122 0.336359 0.242399 0.172960 0.122194 0.085478 0.059205 0.040606 0.027577 0.018546 0.012355 0.008155 0.005340 0.003480 0.002274 0.001518 0.001080 0.000880 0.000880 
0.000621 0.000621 0.000768 0.001092 0.001654 0.002559 0.003967 0.006118 0.009360 0.014189 0.021305 0.031678 0.046642 0.068001 0.098167 0.140320 0.198597 0.278304 0.386147 0.530479 0.721540 0.971680 1.295546 1.710190 2.235077 2.891965 3.704602 4.698226 5.898829 7.332185 9.022625 10.991596 13.256028 15.826599 18.705970 21.887104 25.351815 29.069653 32.997289 37.078487 41.244781 45.416882 49.506843 53.420899 57.062896 60.338137 63.157428 65.441103 67.122753 68.152445 68.499179 68.152445 67.122753 65.441103 63.157428 60.338137 57.062896 53.420899 49.506843 45.416882 41.244781 37.078487 32.997289 29.069653 25.351815 21.887104 18.705970 15.826599 13.256028 10.991596 9.022625 7.332185 5.898829 4.698226 3.704602 2.891965 2.235077 1.710190 1.295546 0.971680 0.721540 0.530479 0.386147 0.278304 0.198597 0.140320 0.098167 0.068002 0.046643 0.031680 0.021309 0.014196 0.009372 0.006138 0.004000 0.002614 0.001746 0.001242 0.001012 0.001012 
0.000707 0.000707 0.000875 0.001243 0.001882 0.002911 0.004513 0.006960 0.010647 0.016138 0.024228 0.036021 0.053031 0.077308 0.111593 0.159497 0.225718 0.316282 0.438805 0.602771 0.819803 1.103925 1.471761 1.942665 2.538729 3.284643 4.207356 5.335499 6.698564 8.325783 10.244754 12.479794 15.050094 17.967750 21.235756 24.846105 28.778139 32.997289 37.454375 42.085580 46.813212 51.547313 56.188100 60.629198 64.761529 68.477668 71.676438 74.267470 76.175438 77.343699 77.737093 77.343699 76.175438 74.267470 71.676438 68.477668 64.761529 60.629198 56.188100 51.547313 46.813212 42.085580 37.454375 32.997289 28.778139 24.846105 21.235756 17.967750 15.050094 12.479794 10.244754 8.325783 6.698564 5.335499 4.207356 3.284643 2.538729 1.942665 1.471761 1.103925 0.819803 0.602771 0.438806 0.316282 0.225718 0.159497 0.111593 0.077309 0.053033 0.036024 0.024233 0.016146 0.010660 0.006982 0.004551 0.002975 0.001987 0.001414 0.001152 0.001152 
0.000797 0.000797 0.000985 0.001400 0.002120 0.003279 0.005082 0.007837 0.011986 0.018167 0.027271 0.040541 0.059681 0.086994 0.125563 0.179449 0.253934 0.355791 0.493580 0.677962 0.922002 1.241456 1.655006 2.184397 2.854452 3.692906 4.730030 5.997986 7.529892 9.358579 11.515032 14.026547 16.914665 20.192948 23.864736 27.921011 32.338544 37.078487 42.085580 47.288128 52.598861 57.916732 63.129671 68.118206 72.759836 76.933919 80.526835 83.437100 85.580127 86.892311 87.334168 86.892311 85.580127 83.437100 80.526835 76.933919 72.759836 68.118206 63.129671 57.916732 52.598861 47.288128 42.085580 37.078487 32.338544 27.921011 23.864736 20.192948 16.914665 14.026547 11.515032 9.358579 7.529892 5.997986 4.730030 3.692906 2.854452 2.184397 1.655006 1.241456 0.922002 0.677962 0.493581 0.355791 0.253934 0.179449 0.125564 0.086995 0.059682 0.040544 0.027276 0.018175 0.012001 0.007862 0.005125 0.003350 0.002238 0.001593 0.001298 0.001298 
0.000888 0.000888 0.001099 0.001561 0.002363 0.003655 0.005664 0.008733 0.013356 0.020241 0.030383 0.045163 0.066478 0.096895 0.139843 0.199842 0.282770 0.396165 0.549552 0.754791 1.026418 1.381962 1.842203 2.431328 3.176944 4.109898 5.263851 6.674564 8.378860 10.413237 12.812137 15.605898 18.818451 22.464855 26.548798 31.060231 35.973299 41.244781 46.813212 52.598861 58.504677 64.418303 70.215126 75.762315 80.923670 85.565066 89.560186 92.796209 95.179098 96.638144 97.129453 96.638144 95.179098 92.796209 89.560186 85.565066 80.923670 75.762315 70.215126 64.418303 58.504677 52.598861 46.813212 41.244781 35.973299 31.060231 26.548798 22.464855 18.818451 15.605898 12.812137 10.413237 8.378860 6.674564 5.263851 4.109898 3.176944 2.431328 1.842203 1.381962 1.026418 0.754791 0.549552 0.396165 0.282770 0.199842 0.139844 0.096896 0.066480 0.045166 0.030388 0.020251 0.013373 0.008761 0.005712 0.003734 0.002495 0.001776 0.001447 0.001447 
0.000980 0.000980 0.001212 0.001722 0.002608 0.004032 0.006248 0.009632 0.014730 0.022322 0.033503 0.049797 0.073295 0.106823 0.154159 0.220285 0.311676 0.436634 0.605651 0.831790 1.131058 1.522761 2.029780 2.678746 3.500056 4.527669 5.798641 7.352338 9.229289 11.469663 14.111362 17.187765 20.725197 24.740212 29.236846 34.204011 39.613222 45.416882 51.547313 57.916732 64.418303 70.928342 77.309685 83.416125 89.097755 94.206952 98.604692 102.166806 104.789801 106.395858 106.936670 106.395858 104.789801 102.166806 98.604692 94.206952 89.097755 83.416125 77.309685 70.928342 64.418303 57.916732 51.547313 45.416882 39.613222 34.204011 29.236846 24.740212 20.725197 17.187765 14.111362 11.469663 9.229289 7.352338 5.798641 4.527669 3.500056 2.678746 2.029780 1.522761 1.131058 0.831790 0.605651 0.436634 0.311676 0.220286 0.154160 0.106824 0.073297 0.049801 0.033509 0.022332 0.014749 0.009663 0.006300 0.004119 0.002752 0.001960 0.001597 0.001597 
0.001071 0.001071 0.001324 0.001881 0.002847 0.004402 0.006821 0.010515 0.016079 0.024364 0.036566 0.054346 0.079985 0.116565 0.168209 0.240346 0.340039 0.476340 0.660690 0.907328 1.233709 1.660875 2.213769 2.921420 3.816956 4.937389 6.323102 8.016992 10.063220 12.505554 15.385283 18.738767 22.594674 26.971022 31.872185 37.286057 43.181573 49.506843 56.188100 63.129671 70.215126 77.309685 84.263882 90.918404 97.109910 102.677553 107.469858 111.351538 114.209833 115.959957 116.549279 115.959957 114.209833 111.351538 107.469858 102.677553 97.109910 90.918404 84.263882 77.309685 70.215126 63.129671 56.188100 49.506843 43.181573 37.286057 31.872185 26.971022 22.594674 18.738767 15.385283 12.505554 10.063220 8.016992 6.323102 4.937389 3.816956 2.921420 2.213769 1.660875 1.233709 0.907329 0.660690 0.476340 0.340039 0.240346 0.168209 0.116567 0.079987 0.054350 0.036573 0.024376 0.016099 0.010549 0.006878 0.004498 0.003005 0.002140 0.001744 0.001744 
