0.000000 0.000000 0.000000 0.000000 0.000000 0.000000 0.000000 0.000000 0.000000 0.000000 0.000000 0.000000 0.000000 0.000000 0.000000 0.000000 0.000000 0.000000 0.000000 0.000000 0.000000 0.000000 0.000000 0.000000 0.000000 0.000000 0.000000 0.000000 0.000000 0.000000 0.000000 0.000000 0.000000 0.000000 0.000000 0.000000 0.000000 0.000000 0.000000 0.000000 0.000000 0.000000 0.000000 0.000000 0.000000 0.000000 0.000000 0.000000 0.000001 0.000001 0.000001 0.000001 0.000001 0.000000 0.000000 0.000000 0.000000 0.000000 0.000000 0.000000 0.000000 0.000000 0.000000 0.000000 0.000000 0.000000 0.000000 0.000000 0.000000 0.000000 0.000000 0.000000 0.000000 0.000000 0.000000 0.000000 0.000000 0.000000 0.000000 0.000000 0.000000 0.000000 0.000000 0.000000 0.000000 0.000000 0.000000 0.000000 0.000000 0.000000 0.000000 0.000000 0.000000 0.000000 0.000000 0.000000 0.000000 0.000000 0.000000 0.000000 
0.000000 0.000000 0.000000 0.000000 0.000000 0.000000 0.000000 0.000000 0.000000 0.000000 0.000000 0.000000 0.000000 0.000000 0.000000 0.000000 0.000000 0.000000 0.000000 0.000000 0.000000 0.000000 0.000000 0.000000 0.000000 0.000000 0.000000 0.000000 0.000000 0.000000 0.000000 0.000000 0.000000 0.000000 0.000000 0.000000 0.000000 0.000000 0.000000 0.000000 0.000000 0.000000 0.000000 0.000000 0.000000 0.000000 0.000000 0.000000 0.000001 0.000001 0.000001 0.000001 0.000001 0.000000 0.000000 0.000000 0.000000 0.000000 0.000000 0.000000 0.000000 0.000000 0.000000 0.000000 0.000000 0.000000 0.000000 0.000000 0.000000 0.000000 0.000000 0.000000 0.000000 0.000000 0.000000 0.000000 0.000000 0.000000 0.000000 0.000000 0.000000 0.000000 0.000000 0.000000 0.000000 0.000000 0.000000 0.000000 0.000000 0.000000 0.000000 0.000000 0.000000 0.000000 0.000000 0.000000 0.000000 0.000000 0.000000 0.000000 
0.000000 0.000000 0.000000 0.000000 0.000000 0.000000 0.000000 0.000000 0.000000 0.000000 0.000000 0.000000 0.000000 0.000000 0.000000 0.000000 0.000000 0.000000 0.000000 0.000000 0.000000 0.000000 0.000000 0.000000 0.000000 0.000000 0.000000 0.000000 0.000000 0.000000 0.000000 0.000000 0.000000 0.000000 0.000000 0.000000 0.000000 0.000000 0.000000 0.000000 0.000000 0.000000 0.000001 0.000001 0.000001 0.000001 0.000001 0.000001 0.000001 0.000001 0.000001 0.000001 0.000001 0.000001 0.000001 0.000001 0.000001 0.000001 0.000001 0.000000 0.000000 0.000000 0.000000 0.000000 0.000000 0.000000 0.000000 0.000000 0.000000 0.000000 0.000000 0.000000 0.000000 0.000000 0.000000 0.000000 0.000000 0.000000 0.000000 0.000000 0.000000 0.000000 0.000000 0.000000 0.000000 0.000000 0.000000 0.000000 0.000000 0.000000 0.000000 0.000000 0.000000 0.000000 0.000000 0.000000 0.000000 0.000000 0.000000 0.000000 
0.000000 0.000000 0.000000 0.000000 0.000000 0.000000 0.000000 0.000000 0.000000 0.000000 0.000000 0.000000 0.000000 0.000000 0.000000 0.000000 0.000000 0.000000 0.000000 0.000000 0.000000 0.000000 0.000000 0.000000 0.000000 0.000000 0.000000 0.000000 0.000000 0.000000 0.000000 0.000000 0.000000 0.000000 0.000000 0.000000 0.000000 0.000000 0.000000 0.000001 0.000001 0.000001 0.000001 0.000001 0.000001 0.000001 0.000002 0.000002 0.000002 0.000002 0.000002 0.000002 0.000002 0.000002 0.000002 0.000001 0.000001 0.000001 0.000001 0.000001 0.000001 0.000001 0.000000 0.000000 0.000000 0.000000 0.000000 0.000000 0.000000 0.000000 0.000000 0.000000 0.000000 0.000000 0.000000 0.000000 0.000000 0.000000 0.000000 0.000000 0.000000 0.000000 0.000000 0.000000 0.000000 0.000000 0.000000 0.000000 0.000000 0.000000 0.000000 0.000000 0.000000 0.000000 0.000000 0.000000 0.000000 0.000000 0.000000 0.000000 
0.000000 0.000000 0.000000 0.000000 0.000000 0.000000 0.000000 0.000000 0.000000 0.000000 0.000000 0.000000 0.000000 0.000000 0.000000 0.000000 0.000000 0.000000 0.000000 0.000000 0.000000 0.000000 0.000000 0.000000 0.000000 0.000000 0.000000 0.000000 0.000000 0.000000 0.000000 0.000000 0.000000 0.000000 0.000000 0.000001 0.000001 0.000001 0.000001 0.000001 0.000002 0.000002 0.000002 0.000003 0.000003 0.000003 0.000003 0.000004 0.000004 0.000004 0.000004 0.000004 0.000004 0.000004 0.000003 0.000003 0.000003 0.000003 0.000002 0.000002 0.000002 0.000001 0.000001 0.000001 0.000001 0.000001 0.000000 0.000000 0.000000 0.000000 0.000000 0.000000 0.000000 0.000000 0.000000 0.000000 0.000000 0.000000 0.000000 0.000000 0.000000 0.000000 0.000000 0.000000 0.000000 0.000000 0.000000 0.000000 0.000000 0.000000 0.000000 0.000000 0.000000 0.000000 0.000000 0.000000 0.000000 0.000000 0.000000 0.000000 
0.000000 0.000000 0.000000 0.000000 0.000000 0.000000 0.000000 0.000000 0.000000 0.000000 0.000000 0.000000 0.000000 0.000000 0.000000 0.000000 0.000000 0.000000 0.000000 0.000000 0.000000 0.000000 0.000000 0.000000 0.000000 0.000000 0.000000 0.000000 0.000000 0.000000 0.000000 0.000000 0.000000 0.000001 0.000001 0.000001 0.000001 0.000002 0.000002 0.000003 0.000003 0.000004 0.000005 0.000006 0.000006 0.000007 0.000007 0.000008 0.000008 0.000009 0.000009 0.000009 0.000008 0.000008 0.000007 0.000007 0.000006 0.000006 0.000005 0.000004 0.000003 0.000003 0.000002 0.000002 0.000001 0.000001 0.000001 0.000001 0.000000 0.000000 0.000000 0.000000 0.000000 0.000000 0.000000 0.000000 0.000000 0.000000 0.000000 0.000000 0.000000 0.000000 0.000000 0.000000 0.000000 0.000000 0.000000 0.000000 0.000000 0.000000 0.000000 0.000000 0.000000 0.000000 0.000000 0.000000 0.000000 0.000000 0.000000 0.000000 
0.000000 0.000000 0.000000 0.000000 0.000000 0.000000 0.000000 0.000000 0.000000 0.000000 0.000000 0.000000 0.000000 0.000000 0.000000 0.000000 0.000000 0.000000 0.000000 0.000000 0.000000 0.000000 0.000000 0.000000 0.000000 0.000000 0.000000 0.000000 0.000000 0.000000 0.000000 0.000001 0.000001 0.000001 0.000002 0.000002 0.000003 0.000004 0.000005 0.000006 0.000007 0.000009 0.000010 0.000012 0.000013 0.000015 0.000016 0.000017 0.000018 0.000018 0.000018 0.000018 0.000018 0.000017 0.000016 0.000015 0.000013 0.000012 0.000010 0.000009 0.000007 0.000006 0.000005 0.000004 0.000003 0.000002 0.000002 0.000001 0.000001 0.000001 0.000000 0.000000 0.000000 0.000000 0.000000 0.000000 0.000000 0.000000 0.000000 0.000000 0.000000 0.000000 0.000000 0.000000 0.000000 0.000000 0.000000 0.000000 0.000000 0.000000 0.000000 0.000000 0.000000 0.000000 0.000000 0.000000 0.000000 0.000000 0.000000 0.000000 
0.000000 0.000000 0.000000 0.000000 0.000000 0.000000 0.000000 0.000000 0.000000 0.000000 0.000000 0.000000 0.000000 0.000000 0.000000 0.000000 0.000000 0.000000 0.000000 0.000000 0.000000 0.000000 0.000000 0.000000 0.000000 0.000000 0.000000 0.000000 0.000000 0.000001 0.000001 0.000001 0.000002 0.000003 0.000004 0.000005 0.000006 0.000008 0.000010 0.000013 0.000015 0.000018 0.000021 0.000024 0.000027 0.000030 0.000033 0.000035 0.000037 0.000038 0.000038 0.000038 0.000037 0.000035 0.000033 0.000030 0.000027 0.000024 0.000021 0.000018 0.000015 0.000013 0.000010 0.000008 0.000006 0.000005 0.000004 0.000003 0.000002 0.000001 0.000001 0.000001 0.000000 0.000000 0.000000 0.000000 0.000000 0.000000 0.000000 0.000000 0.000000 0.000000 0.000000 0.000000 0.000000 0.000000 0.000000 0.000000 0.000000 0.000000 0.000000 0.000000 0.000000 0.000000 0.000000 0.000000 0.000000 0.000000 0.000000 0.000000 
0.000000 0.000000 0.000000 0.000000 0.000000 0.000000 0.000000 0.000000 0.000000 0.000000 0.000000 0.000000 0.000000 0.000000 0.000000 0.000000 0.000000 0.000000 0.000000 0.000000 0.000000 0.000000 0.000000 0.000000 0.000000 0.000000 0.000000 0.000001 0.000001 0.000001 0.000002 0.000003 0.000004 0.000006 0.000008 0.000010 0.000013 0.000017 0.000021 0.000026 0.000031 0.000037 0.000043 0.000050 0.000056 0.000062 0.000067 0.000072 0.000075 0.000077 0.000078 0.000077 0.000075 0.000072 0.000067 0.000062 0.000056 0.000050 0.000043 0.000037 0.000031 0.000026 0.000021 0.000017 0.000013 0.000010 0.000008 0.000006 0.000004 0.000003 0.000002 0.000001 0.000001 0.000001 0.000000 0.000000 0.000000 0.000000 0.000000 0.000000 0.000000 0.000000 0.000000 0.000000 0.000000 0.000000 0.000000 0.000000 0.000000 0.000000 0.000000 0.000000 0.000000 0.000000 0.000000 0.000000 0.000000 0.000000 0.000000 0.000000 
0.000000 0.000000 0.000000 0.000000 0.000000 0.000000 0.000000 0.000000 0.000000 0.000000 0.000000 0.000000 0.000000 0.000000 0.000000 0.000000 0.000000 0.000000 0.000000 0.000000 0.000000 0.000000 0.000000 0.000000 0.000000 0.000001 0.000001 0.000001 0.000002 0.000003 0.000004 0.000006 0.000008 0.000011 0.000015 0.000020 0.000026 0.000034 0.000042 0.000052 0.000063 0.000075 0.000087 0.000100 0.000113 0.000124 0.000135 0.000144 0.000151 0.000155 0.000156 0.000155 0.000151 0.000144 0.000135 0.000124 0.000113 0.000100 0.000087 0.000075 0.000063 0.000052 0.000042 0.000034 0.000026 0.000020 0.000015 0.000011 0.000008 0.000006 0.000004 0.000003 0.000002 0.000001 0.000001 0.000001 0.000000 0.000000 0.000000 0.000000 0.000000 0.000000 0.000000 0.000000 0.000000 0.000000 0.000000 0.000000 0.000000 0.000000 0.000000 0.000000 0.000000 0.000000 0.000000 0.000000 0.000000 0.000000 0.000000 0.000000 
0.000000 0.000000 0.000000 0.000000 0.000000 0.000000 0.000000 0.000000 0.000000 0.000000 0.000000 0.000000 0.000000 0.000000 0.000000 0.000000 0.000000 0.000000 0.000000 0.000000 0.000000 0.000000 0.000000 0.000000 0.000001 0.000001 0.000002 0.000003 0.000004 0.000006 0.000008 0.000012 0.000016 0.000022 0.000030 0.000040 0.000052 0.000067 0.000084 0.000103 0.000125 0.000148 0.000173 0.000198 0.000223 0.000247 0.000268 0.000285 0.000299 0.000307 0.000310 0.000307 0.000299 0.000285 0.000268 0.000247 0.000223 0.000198 0.000173 0.000148 0.000125 0.000103 0.000084 0.000067 0.000052 0.000040 0.000030 0.000022 0.000016 0.000012 0.000008 0.000006 0.000004 0.000003 0.000002 0.000001 0.000001 0.000000 0.000000 0.000000 0.000000 0.000000 0.000000 0.000000 0.000000 0.000000 0.000000 0.000000 0.000000 0.000000 0.000000 0.000000 0.000000 0.000000 0.000000 0.000000 0.000000 0.000000 0.000000 0.000000 
0.000000 0.000000 0.000000 0.000000 0.000000 0.000000 0.000000 0.000000 0.000000 0.000000 0.000000 0.000000 0.000000 0.000000 0.000000 0.000000 0.000000 0.000000 0.000000 0.000000 0.000000 0.000000 0.000001 0.000001 0.000001 0.000002 0.000003 0.000005 0.000008 0.000011 0.000016 0.000023 0.000032 0.000044 0.000059 0.000078 0.000102 0.000130 0.000163 0.000201 0.000243 0.000289 0.000337 0.000387 0.000435 0.000481 0.000522 0.000556 0.000582 0.000598 0.000604 0.000598 0.000582 0.000556 0.000522 0.000481 0.000435 0.000387 0.000337 0.000289 0.000243 0.000201 0.000163 0.000130 0.000102 0.000078 0.000059 0.000044 0.000032 0.000023 0.000016 0.000011 0.000008 0.000005 0.000003 0.000002 0.000001 0.000001 0.000001 0.000000 0.000000 0.000000 0.000000 0.000000 0.000000 0.000000 0.000000 0.000000 0.000000 0.000000 0.000000 0.000000 0.000000 0.000000 0.000000 0.000000 0.000000 0.000000 0.000000 0.000000 
0.000000 0.000000 0.000000 0.000000 0.000000 0.000000 0.000000 0.000000 0.000000 0.000000 0.000000 0.000000 0.000000 0.000000 0.000000 0.000000 0.000000 0.000000 0.000000 0.000000 0.000000 0.000001 0.000001 0.000002 0.000003 0.000004 0.000006 0.000010 0.000015 0.000022 0.000031 0.000044 0.000062 0.000085 0.000114 0.000151 0.000196 0.000251 0.000314 0.000387 0.000468 0.000556 0.000648 0.000743 0.000835 0.000923 0.001001 0.001067 0.001117 0.001147 0.001158 0.001147 0.001117 0.001067 0.001001 0.000923 0.000835 0.000743 0.000648 0.000556 0.000468 0.000387 0.000314 0.000251 0.000196 0.000151 0.000114 0.000085 0.000062 0.000044 0.000031 0.000022 0.000015 0.000010 0.000006 0.000004 0.000003 0.000002 0.000001 0.000001 0.000000 0.000000 0.000000 0.000000 0.000000 0.000000 0.000000 0.000000 0.000000 0.000000 0.000000 0.000000 0.000000 0.000000 0.000000 0.000000 0.000000 0.000000 0.000000 0.000000 
0.000000 0.000000 0.000000 0.000000 0.000000 0.000000 0.000000 0.000000 0.000000 0.000000 0.000000 0.000000 0.000000 0.000000 0.000000 0.000000 0.000000 0.000000 0.000000 0.000000 0.000001 0.000001 0.000002 0.000003 0.000005 0.000008 0.000012 0.000019 0.000028 0.000041 0.000059 0.000084 0.000118 0.000161 0.000217 0.000287 0.000372 0.000475 0.000595 0.000732 0.000885 0.001051 0.001225 0.001403 0.001578 0.001743 0.001891 0.002015 0.002108 0.002166 0.002185 0.002166 0.002108 0.002015 0.001891 0.001743 0.001578 0.001403 0.001225 0.001051 0.000885 0.000732 0.000595 0.000475 0.000372 0.000287 0.000217 0.000161 0.000118 0.000084 0.000059 0.000041 0.000028 0.000019 0.000012 0.000008 0.000005 0.000003 0.000002 0.000001 0.000001 0.000000 0.000000 0.000000 0.000000 0.000000 0.000000 0.000000 0.000000 0.000000 0.000000 0.000000 0.000000 0.000000 0.000000 0.000000 0.000000 0.000000 0.000000 0.000000 
0.000000 0.000000 0.000000 0.000000 0.000000 0.000000 0.000000 0.000000 0.000000 0.000000 0.000000 0.000000 0.000000 0.000000 0.000000 0.000000 0.000000 0.000000 0.000000 0.000001 0.000001 0.000002 0.000004 0.000006 0.000009 0.000015 0.000023 0.000035 0.000052 0.000077 0.000111 0.000158 0.000220 0.000301 0.000404 0.000534 0.000694 0.000884 0.001108 0.001363 0.001646 0.001954 0.002278 0.002608 0.002933 0.003239 0.003513 0.003742 0.003915 0.004023 0.004059 0.004023 0.003915 0.003742 0.003513 0.003239 0.002933 0.002608 0.002278 0.001954 0.001646 0.001363 0.001108 0.000884 0.000694 0.000534 0.000404 0.000301 0.000220 0.000158 0.000111 0.000077 0.000052 0.000035 0.000023 0.000015 0.000009 0.000006 0.000004 0.000002 0.000001 0.000001 0.000000 0.000000 0.000000 0.000000 0.000000 0.000000 0.000000 0.000000 0.000000 0.000000 0.000000 0.000000 0.000000 0.000000 0.000000 0.000000 0.000000 0.000000 
0.000000 0.000000 0.000000 0.000000 0.000000 0.000000 0.000000 0.000000 0.000000 0.000000 0.000000 0.000000 0.000000 0.000000 0.000000 0.000000 0.000000 0.000000 0.000001 0.000001 0.000002 0.000004 0.000007 0.000011 0.000017 0.000027 0.000043 0.000065 0.000097 0.000142 0.000205 0.000290 0.000404 0.000552 0.000743 0.000981 0.001272 0.001621 0.002029 0.002495 0.003014 0.003576 0.004168 0.004770 0.005363 0.005921 0.006422 0.006840 0.007155 0.007351 0.007418 0.007351 0.007155 0.006840 0.006422 0.005921 0.005363 0.004770 0.004168 0.003576 0.003014 0.002495 0.002029 0.001621 0.001272 0.000981 0.000743 0.000552 0.000404 0.000290 0.000205 0.000142 0.000097 0.000065 0.000043 0.000027 0.000017 0.000011 0.000007 0.000004 0.000002 0.000001 0.000001 0.000000 0.000000 0.000000 0.000000 0.000000 0.000000 0.000000 0.000000 0.000000 0.000000 0.000000 0.000000 0.000000 0.000000 0.000000 0.000000 0.000000 
0.000000 0.000000 0.000000 0.000000 0.000000 0.000000 0.000000 0.000000 0.000000 0.000000 0.000000 0.000000 0.000000 0.000000 0.000000 0.000000 0.000000 0.000001 0.000001 0.000003 0.000004 0.000007 0.000012 0.000020 0.000032 0.000050 0.000077 0.000117 0.000175 0.000257 0.000370 0.000525 0.000730 0.000998 0.001341 0.001770 0.002295 0.002923 0.003658 0.004496 0.005429 0.006439 0.007501 0.008584 0.009648 0.010651 0.011549 0.012299 0.012865 0.013217 0.013336 0.013217 0.012865 0.012299 0.011549 0.010651 0.009648 0.008584 0.007501 0.006439 0.005429 0.004496 0.003658 0.002923 0.002295 0.001770 0.001341 0.000998 0.000730 0.000525 0.000370 0.000257 0.000175 0.000117 0.000077 0.000050 0.000032 0.000020 0.000012 0.000007 0.000004 0.000003 0.000001 0.000001 0.000000 0.000000 0.000000 0.000000 0.000000 0.000000 0.000000 0.000000 0.000000 0.000000 0.000000 0.000000 0.000000 0.000000 0.000000 0.000000 
0.000000 0.000000 0.000000 0.000000 0.000000 0.000000 0.000000 0.000000 0.000000 0.000000 0.000000 0.000000 0.000000 0.000000 0.000000 0.000000 0.000001 0.000001 0.000003 0.000005 0.000008 0.000013 0.000022 0.000036 0.000057 0.000089 0.000138 0.000209 0.000312 0.000458 0.000660 0.000934 0.001298 0.001774 0.002382 0.003143 0.004073 0.005186 0.006486 0.007970 0.009619 0.011405 0.013283 0.015196 0.017076 0.018847 0.020433 0.021758 0.022757 0.023378 0.023589 0.023378 0.022757 0.021758 0.020433 0.018847 0.017076 0.015196 0.013283 0.011405 0.009619 0.007970 0.006486 0.005186 0.004073 0.003143 0.002382 0.001774 0.001298 0.000934 0.000660 0.000458 0.000312 0.000209 0.000138 0.000089 0.000057 0.000036 0.000022 0.000013 0.000008 0.000005 0.000003 0.000001 0.000001 0.000000 0.000000 0.000000 0.000000 0.000000 0.000000 0.000000 0.000000 0.000000 0.000000 0.000000 0.000000 0.000000 0.000000 0.000000 
0.000000 0.000000 0.000000 0.000000 0.000000 0.000000 0.000000 0.000000 0.000000 0.000000 0.000000 0.000000 0.000000 0.000000 0.000000 0.000001 0.000001 0.000003 0.000005 0.000008 0.000014 0.000023 0.000039 0.000063 0.000100 0.000157 0.000242 0.000368 0.000548 0.000803 0.001155 0.001634 0.002272 0.003102 0.004163 0.005489 0.007111 0.009049 0.011313 0.013896 0.016766 0.019872 0.023138 0.026463 0.029730 0.032809 0.035564 0.037866 0.039601 0.040680 0.041047 0.040680 0.039601 0.037866 0.035564 0.032809 0.029730 0.026463 0.023138 0.019872 0.016766 0.013896 0.011313 0.009049 0.007111 0.005489 0.004163 0.003102 0.002272 0.001634 0.001155 0.000803 0.000548 0.000368 0.000242 0.000157 0.000100 0.000063 0.000039 0.000023 0.000014 0.000008 0.000005 0.000003 0.000001 0.000001 0.000000 0.000000 0.000000 0.000000 0.000000 0.000000 0.000000 0.000000 0.000000 0.000000 0.000000 0.000000 0.000000 0.000000 
0.000000 0.000000 0.000000 0.000000 0.000000 0.000000 0.000000 0.000000 0.000000 0.000000 0.000000 0.000000 0.000000 0.000000 0.000001 0.000001 0.000003 0.000005 0.000008 0.000014 0.000024 0.000040 0.000067 0.000108 0.000173 0.000271 0.000419 0.000634 0.000945 0.001383 0.001990 0.002814 0.003909 0.005335 0.007156 0.009430 0.012210 0.015532 0.019410 0.023832 0.028745 0.034060 0.039646 0.045333 0.050919 0.056181 0.060890 0.064824 0.067790 0.069634 0.070259 0.069634 0.067790 0.064824 0.060890 0.056181 0.050919 0.045333 0.039646 0.034060 0.028745 0.023832 0.019410 0.015532 0.012210 0.009430 0.007156 0.005335 0.003909 0.002814 0.001990 0.001383 0.000945 0.000634 0.000419 0.000271 0.000173 0.000108 0.000067 0.000040 0.000024 0.000014 0.000008 0.000005 0.000003 0.000001 0.000001 0.000000 0.000000 0.000000 0.000000 0.000000 0.000000 0.000000 0.000000 0.000000 0.000000 0.000000 0.000000 0.000000 
0.000000 0.000000 0.000000 0.000000 0.000000 0.000000 0.000000 0.000000 0.000000 0.000000 0.000000 0.000000 0.000000 0.000001 0.000001 0.000002 0.000004 0.000008 0.000014 0.000024 0.000041 0.000069 0.000114 0.000185 0.000294 0.000462 0.000711 0.001077 0.001603 0.002345 0.003372 0.004764 0.006615 0.009024 0.012097 0.015934 0.020621 0.026220 0.032755 0.040202 0.048474 0.057420 0.066819 0.076386 0.085781 0.094630 0.102547 0.109161 0.114145 0.117245 0.118296 0.117245 0.114145 0.109161 0.102547 0.094630 0.085781 0.076386 0.066819 0.057420 0.048474 0.040202 0.032755 0.026220 0.020621 0.015934 0.012097 0.009024 0.006615 0.004764 0.003372 0.002345 0.001603 0.001077 0.000711 0.000462 0.000294 0.000185 0.000114 0.000069 0.000041 0.000024 0.000014 0.000008 0.000004 0.000002 0.000001 0.000001 0.000000 0.000000 0.000000 0.000000 0.000000 0.000000 0.000000 0.000000 0.000000 0.000000 0.000000 0.000000 
0.000000 0.000000 0.000000 0.000000 0.000000 0.000000 0.000000 0.000000 0.000000 0.000000 0.000000 0.000000 0.000001 0.000001 0.000002 0.000004 0.000007 0.000013 0.000023 0.000040 0.000069 0.000116 0.000191 0.000309 0.000493 0.000772 0.001188 0.001798 0.002675 0.003910 0.005618 0.007933 0.011008 0.015010 0.020112 0.026478 0.034252 0.043535 0.054365 0.066701 0.080400 0.095211 0.110767 0.126597 0.142140 0.156777 0.169869 0.180806 0.189047 0.194171 0.195910 0.194171 0.189047 0.180806 0.169869 0.156777 0.142140 0.126597 0.110767 0.095211 0.080400 0.066701 0.054365 0.043535 0.034252 0.026478 0.020112 0.015010 0.011008 0.007933 0.005618 0.003910 0.002675 0.001798 0.001188 0.000772 0.000493 0.000309 0.000191 0.000116 0.000069 0.000040 0.000023 0.000013 0.000007 0.000004 0.000002 0.000001 0.000001 0.000000 0.000000 0.000000 0.000000 0.000000 0.000000 0.000000 0.000000 0.000000 0.000000 0.000000 
0.000000 0.000000 0.000000 0.000000 0.000000 0.000000 0.000000 0.000000 0.000000 0.000000 0.000000 0.000001 0.000001 0.000002 0.000004 0.000007 0.000012 0.000022 0.000039 0.000067 0.000114 0.000191 0.000314 0.000509 0.000810 0.001268 0.001952 0.002952 0.004388 0.006411 0.009205 0.012991 0.018016 0.024553 0.032882 0.043272 0.055952 0.071088 0.088741 0.108840 0.131153 0.155270 0.180594 0.206358 0.231648 0.255461 0.276758 0.294546 0.307949 0.316282 0.319110 0.316282 0.307949 0.294546 0.276758 0.255461 0.231648 0.206358 0.180594 0.155270 0.131153 0.108840 0.088741 0.071088 0.055952 0.043272 0.032882 0.024553 0.018016 0.012991 0.009205 0.006411 0.004388 0.002952 0.001952 0.001268 0.000810 0.000509 0.000314 0.000191 0.000114 0.000067 0.000039 0.000022 0.000012 0.000007 0.000004 0.000002 0.000001 0.000001 0.000000 0.000000 0.000000 0.000000 0.000000 0.000000 0.000000 0.000000 0.000000 0.000000 
0.000000 0.000000 0.000000 0.000000 0.000000 0.000000 0.000000 0.000000 0.000000 0.000000 0.000000 0.000001 0.000002 0.000003 0.000006 0.000011 0.000020 0.000036 0.000063 0.000108 0.000185 0.000309 0.000509 0.000824 0.001310 0.002050 0.003152 0.004764 0.007077 0.010334 0.014831 0.020918 0.028994 0.039496 0.052869 0.069542 0.089885 0.114156 0.142453 0.174660 0.210405 0.249028 0.289574 0.330813 0.371288 0.409391 0.443464 0.471919 0.493358 0.506687 0.511210 0.506687 0.493358 0.471919 0.443464 0.409391 0.371288 0.330813 0.289574 0.249028 0.210405 0.174660 0.142453 0.114156 0.089885 0.069542 0.052869 0.039496 0.028994 0.020918 0.014831 0.010334 0.007077 0.004764 0.003152 0.002050 0.001310 0.000824 0.000509 0.000309 0.000185 0.000108 0.000063 0.000036 0.000020 0.000011 0.000006 0.000003 0.000002 0.000001 0.000000 0.000000 0.000000 0.000000 0.000000 0.000000 0.000000 0.000000 0.000000 0.000000 
0.000000 0.000000 0.000000 0.000000 0.000000 0.000000 0.000000 0.000000 0.000000 0.000000 0.000001 0.000001 0.000003 0.000005 0.000009 0.000017 0.000032 0.000057 0.000100 0.000173 0.000294 0.000493 0.000810 0.001310 0.002084 0.003257 0.005005 0.007560 0.011224 0.016379 0.023493 0.033118 0.045883 0.062471 0.083586 0.109901 0.141993 0.180268 0.224876 0.275632 0.331945 0.392776 0.456620 0.521542 0.585248 0.645211 0.698824 0.743593 0.777321 0.798290 0.805404 0.798290 0.777321 0.743593 0.698824 0.645211 0.585248 0.521542 0.456620 0.392776 0.331945 0.275632 0.224876 0.180268 0.141993 0.109901 0.083586 0.062471 0.045883 0.033118 0.023493 0.016379 0.011224 0.007560 0.005005 0.003257 0.002084 0.001310 0.000810 0.000493 0.000294 0.000173 0.000100 0.000057 0.000032 0.000017 0.000009 0.000005 0.000003 0.000001 0.000001 0.000000 0.000000 0.000000 0.000000 0.000000 0.000000 0.000000 0.000000 0.000000 
0.000000 0.000000 0.000000 0.000000 0.000000 0.000000 0.000000 0.000000 0.000000 0.000001 0.000001 0.000002 0.000004 0.000008 0.000015 0.000027 0.000050 0.000089 0.000157 0.000271 0.000462 0.000772 0.001268 0.002050 0.003257 0.005088 0.007813 0.011794 0.017500 0.025525 0.036591 0.051556 0.071393 0.097159 0.129942 0.170781 0.220566 0.279922 0.349075 0.427733 0.514979 0.609199 0.708063 0.808575 0.907186 0.999988 1.082953 1.152224 1.204406 1.236846 1.247853 1.236846 1.204406 1.152224 1.082953 0.999988 0.907186 0.808575 0.708063 0.609199 0.514979 0.427733 0.349075 0.279922 0.220566 0.170781 0.129942 0.097159 0.071393 0.051556 0.036591 0.025525 0.017500 0.011794 0.007813 0.005088 0.003257 0.002050 0.001268 0.000772 0.000462 0.000271 0.000157 0.000089 0.000050 0.000027 0.000015 0.000008 0.000004 0.000002 0.000001 0.000001 0.000000 0.000000 0.000000 0.000000 0.000000 0.000000 0.000000 0.000000 
0.000000 0.000000 0.000000 0.000000 0.000000 0.000000 0.000000 0.000000 0.000000 0.000001 0.000002 0.000003 0.000006 0.000012 0.000023 0.000043 0.000077 0.000138 0.000242 0.000419 0.000711 0.001188 0.001952 0.003152 0.005005 0.007813 0.011990 0.018090 0.026827 0.039106 0.056033 0.078910 0.109220 0.148572 0.198620 0.260942 0.336887 0.427399 0.532817 0.652688 0.785610 0.929119 1.079668 1.232695 1.382803 1.524044 1.650300 1.755704 1.835100 1.884456 1.901201 1.884456 1.835100 1.755704 1.650300 1.524044 1.382803 1.232695 1.079668 0.929119 0.785610 0.652688 0.532817 0.427399 0.336887 0.260942 0.198620 0.148572 0.109220 0.078910 0.056033 0.039106 0.026827 0.018090 0.011990 0.007813 0.005005 0.003152 0.001952 0.001188 0.000711 0.000419 0.000242 0.000138 0.000077 0.000043 0.000023 0.000012 0.000006 0.000003 0.000002 0.000001 0.000000 0.000000 0.000000 0.000000 0.000000 0.000000 0.000000 0.000000 
0.000000 0.000000 0.000000 0.000000 0.000000 0.000000 0.000000 0.000000 0.000001 0.000001 0.000003 0.000005 0.000010 0.000019 0.000035 0.000065 0.000117 0.000209 0.000368 0.000634 0.001077 0.001798 0.002952 0.004764 0.007560 0.011794 0.018090 0.027276 0.040428 0.058903 0.084355 0.118740 0.164276 0.223371 0.298496 0.392008 0.505922 0.641637 0.799653 0.979282 1.178414 1.393355 1.618791 1.847892 2.072583 2.283974 2.472911 2.630630 2.749424 2.823267 2.848320 2.823267 2.749424 2.630630 2.472911 2.283974 2.072583 1.847892 1.618791 1.393355 1.178414 0.979282 0.799653 0.641637 0.505922 0.392008 0.298496 0.223371 0.164276 0.118740 0.084355 0.058903 0.040428 0.027276 0.018090 0.011794 0.007560 0.004764 0.002952 0.001798 0.001077 0.000634 0.000368 0.000209 0.000117 0.000065 0.000035 0.000019 0.000010 0.000005 0.000003 0.000001 0.000001 0.000000 0.000000 0.000000 0.000000 0.000000 0.000000 0.000000 
0.000000 0.000000 0.000000 0.000000 0.000000 0.000000 0.000000 0.000000 0.000001 0.000002 0.000004 0.000008 0.000015 0.000028 0.000052 0.000097 0.000175 0.000312 0.000548 0.000945 0.001603 0.002675 0.004388 0.007077 0.011224 0.017500 0.026827 0.040428 0.059892 0.087217 0.124846 0.175656 0.242915 0.330164 0.441036 0.578995 0.746992 0.947077 1.179970 1.444644 1.737978 2.054526 2.386460 2.723728 3.054450 3.365551 3.643575 3.875641 4.050419 4.159057 4.195914 4.159057 4.050419 3.875641 3.643575 3.365551 3.054450 2.723728 2.386460 2.054526 1.737978 1.444644 1.179970 0.947077 0.746992 0.578995 0.441036 0.330164 0.242915 0.175656 0.124846 0.087217 0.059892 0.040428 0.026827 0.017500 0.011224 0.007077 0.004388 0.002675 0.001603 0.000945 0.000548 0.000312 0.000175 0.000097 0.000052 0.000028 0.000015 0.000008 0.000004 0.000002 0.000001 0.000000 0.000000 0.000000 0.000000 0.000000 0.000000 0.000000 
0.000000 0.000000 0.000000 0.000000 0.000000 0.000000 0.000000 0.000001 0.000001 0.000003 0.000006 0.000011 0.000022 0.000041 0.000077 0.000142 0.000257 0.000458 0.000803 0.001383 0.002345 0.003910 0.006411 0.010334 0.016379 0.025525 0.039106 0.058903 0.087217 0.126950 0.181638 0.255452 0.353119 0.479764 0.640638 0.840743 1.084338 1.374369 1.711857 2.095298 2.520156 2.978534 3.459095 3.947290 4.425936 4.876124 5.278402 5.614152 5.867002 6.024160 6.077478 6.024160 5.867002 5.614152 5.278402 4.876124 4.425936 3.947290 3.459095 2.978534 2.520156 2.095298 1.711857 1.374369 1.084338 0.840743 0.640638 0.479764 0.353119 0.255452 0.181638 0.126950 0.087217 0.058903 0.039106 0.025525 0.016379 0.010334 0.006411 0.003910 0.002345 0.001383 0.000803 0.000458 0.000257 0.000142 0.000077 0.000041 0.000022 0.000011 0.000006 0.000003 0.000001 0.000001 0.000000 0.000000 0.000000 0.000000 0.000000 0.000000 
0.000000 0.000000 0.000000 0.000000 0.000000 0.000000 0.000000 0.000001 0.000002 0.000004 0.000008 0.000016 0.000031 0.000059 0.000111 0.000205 0.000370 0.000660 0.001155 0.001990 0.003372 0.005618 0.009205 0.014831 0.023493 0.036591 0.056033 0.084355 0.124846 0.181638 0.259773 0.365187 0.504612 0.685335 0.914822 1.200173 1.547431 1.960763 2.441596 2.987759 3.592773 4.245383 4.929443 5.624253 6.305371 6.945909 7.518220 7.995840 8.355511 8.579052 8.654890 8.579052 8.355511 7.995840 7.518220 6.945909 6.305371 5.624253 4.929443 4.245383 3.592773 2.987759 2.441596 1.960763 1.547431 1.200173 0.914822 0.685335 0.504612 0.365187 0.259773 0.181638 0.124846 0.084355 0.056033 0.036591 0.023493 0.014831 0.009205 0.005618 0.003372 0.001990 0.001155 0.000660 0.000370 0.000205 0.000111 0.000059 0.000031 0.000016 0.000008 0.000004 0.000002 0.000001 0.000000 0.000000 0.000000 0.000000 0.000000 0.000000 
0.000000 0.000000 0.000000 0.000000 0.000000 0.000000 0.000001 0.000001 0.000003 0.000006 0.000012 0.000023 0.000044 0.000084 0.000158 0.000290 0.000525 0.000934 0.001634 0.002814 0.004764 0.007933 0.012991 0.020918 0.033118 0.051556 0.078910 0.118740 0.175656 0.255452 0.365187 0.513177 0.708838 0.962364 1.284186 1.684221 2.170895 2.750008 3.423516 4.188348 5.035405 5.948912 6.906268 7.878510 8.831457 9.727521 10.528058 11.196090 11.699118 12.011746 12.117806 12.011746 11.699118 11.196090 10.528058 9.727521 8.831457 7.878510 6.906268 5.948912 5.035405 4.188348 3.423516 2.750008 2.170895 1.684221 1.284186 0.962364 0.708838 0.513177 0.365187 0.255452 0.175656 0.118740 0.078910 0.051556 0.033118 0.020918 0.012991 0.007933 0.004764 0.002814 0.001634 0.000934 0.000525 0.000290 0.000158 0.000084 0.000044 0.000023 0.000012 0.000006 0.000003 0.000001 0.000001 0.000000 0.000000 0.000000 0.000000 0.000000 
0.000000 0.000000 0.000000 0.000000 0.000000 0.000000 0.000001 0.000002 0.000004 0.000008 0.000016 0.000032 0.000062 0.000118 0.000220 0.000404 0.000730 0.001298 0.002272 0.003909 0.006615 0.011008 0.018016 0.028994 0.045883 0.071393 0.109220 0.164276 0.242915 0.353119 0.504612 0.708838 0.978753 1.328371 1.772028 2.323338 2.993856 3.791518 4.718967 5.771929 6.937845 8.194984 9.512238 10.849766 12.160573 13.392993 14.493922 15.412553 16.104243 16.534106 16.679934 16.534106 16.104243 15.412553 14.493922 13.392993 12.160573 10.849766 9.512238 8.194984 6.937845 5.771929 4.718967 3.791518 2.993856 2.323338 1.772028 1.328371 0.978753 0.708838 0.504612 0.353119 0.242915 0.164276 0.109220 0.071393 0.045883 0.028994 0.018016 0.011008 0.006615 0.003909 0.002272 0.001298 0.000730 0.000404 0.000220 0.000118 0.000062 0.000032 0.000016 0.000008 0.000004 0.000002 0.000001 0.000000 0.000000 0.000000 0.000000 0.000000 
0.000000 0.000000 0.000000 0.000000 0.000000 0.000001 0.000001 0.000003 0.000006 0.000011 0.000022 0.000044 0.000085 0.000161 0.000301 0.000552 0.000998 0.001774 0.003102 0.005335 0.009024 0.015010 0.024553 0.039496 0.062471 0.097159 0.148572 0.223371 0.330164 0.479764 0.685335 0.962364 1.328371 1.802302 2.403524 3.150414 4.058556 5.138625 6.394133 7.819239 9.396904 11.097697 12.879526 14.688516 16.461140 18.127576 19.616079 20.858016 21.793090 22.374187 22.571317 22.374187 21.793090 20.858016 19.616079 18.127576 16.461140 14.688516 12.879526 11.097697 9.396904 7.819239 6.394133 5.138625 4.058556 3.150414 2.403524 1.802302 1.328371 0.962364 0.685335 0.479764 0.330164 0.223371 0.148572 0.097159 0.062471 0.039496 0.024553 0.015010 0.009024 0.005335 0.003102 0.001774 0.000998 0.000552 0.000301 0.000161 0.000085 0.000044 0.000022 0.000011 0.000006 0.000003 0.000001 0.000001 0.000000 0.000000 0.000000 0.000000 
0.000000 0.000000 0.000000 0.000000 0.000000 0.000001 0.000002 0.000004 0.000008 0.000015 0.000030 0.000059 0.000114 0.000217 0.000404 0.000743 0.001341 0.002382 0.004163 0.007156 0.012097 0.020112 0.032882 0.052869 0.083586 0.129942 0.198620 0.298496 0.441036 0.640638 0.914822 1.284186 1.772028 2.403524 3.204398 4.199040 5.408111 6.845735 8.516505 10.412575 12.511224 14.773271 17.142728 19.547971 21.904579 24.119785 26.098292 27.748952 28.991695 29.763965 30.025944 29.763965 28.991695 27.748952 26.098292 24.119785 21.904579 19.547971 17.142728 14.773271 12.511224 10.412575 8.516505 6.845735 5.408111 4.199040 3.204398 2.403524 1.772028 1.284186 0.914822 0.640638 0.441036 0.298496 0.198620 0.129942 0.083586 0.052869 0.032882 0.020112 0.012097 0.007156 0.004163 0.002382 0.001341 0.000743 0.000404 0.000217 0.000114 0.000059 0.000030 0.000015 0.000008 0.000004 0.000002 0.000001 0.000000 0.000000 0.000000 0.000000 
0.000000 0.000000 0.000000 0.000000 0.000001 0.000001 0.000002 0.000005 0.000010 0.000020 0.000040 0.000078 0.000151 0.000287 0.000534 0.000981 0.001770 0.003143 0.005489 0.009430 0.015934 0.026478 0.043272 0.069542 0.109901 0.170781 0.260942 0.392008 0.578995 0.840743 1.200173 1.684221 2.323338 3.150414 4.199040 5.501042 7.083350 8.964340 11.149920 13.629739 16.374017 19.331483 22.428928 25.572745 28.652643 31.547458 34.132747 36.289502 37.913194 38.922161 39.264430 38.922161 37.913194 36.289502 34.132747 31.547458 28.652643 25.572745 22.428928 19.331483 16.374017 13.629739 11.149920 8.964340 7.083350 5.501042 4.199040 3.150414 2.323338 1.684221 1.200173 0.840743 0.578995 0.392008 0.260942 0.170781 0.109901 0.069542 0.043272 0.026478 0.015934 0.009430 0.005489 0.003143 0.001770 0.000981 0.000534 0.000287 0.000151 0.000078 0.000040 0.000020 0.000010 0.000005 0.000002 0.000001 0.000001 0.000000 0.000000 0.000000 
0.000000 0.000000 0.000000 0.000000 0.000001 0.000001 0.000003 0.000006 0.000013 0.000026 0.000052 0.000102 0.000196 0.000372 0.000694 0.001272 0.002295 0.004073 0.007111 0.012210 0.020621 0.034252 0.055952 0.089885 0.141993 0.220566 0.336887 0.505922 0.746992 1.084338 1.547431 2.170895 2.993856 4.058556 5.408111 7.083350 9.118788 11.537931 14.348253 17.536344 21.063839 24.864788 28.845096 32.884504 36.841360 40.560097 43.880957 46.651189 48.736634 50.032497 50.472081 50.032497 48.736634 46.651189 43.880957 40.560097 36.841360 32.884504 28.845096 24.864788 21.063839 17.536344 14.348253 11.537931 9.118788 7.083350 5.408111 4.058556 2.993856 2.170895 1.547431 1.084338 0.746992 0.505922 0.336887 0.220566 0.141993 0.089885 0.055952 0.034252 0.020621 0.012210 0.007111 0.004073 0.002295 0.001272 0.000694 0.000372 0.000196 0.000102 0.000052 0.000026 0.000013 0.000006 0.000003 0.000001 0.000001 0.000000 0.000000 0.000000 
0.000000 0.000000 0.000000 0.000000 0.000001 0.000002 0.000004 0.000008 0.000017 0.000034 0.000067 0.000130 0.000251 0.000475 0.000884 0.001621 0.002923 0.005186 0.009049 0.015532 0.026220 0.043535 0.071088 0.114156 0.180268 0.279922 0.427399 0.641637 0.947077 1.374369 1.960763 2.750008 3.791518 5.138625 6.845735 8.964340 11.537931 14.596072 18.148068 22.176848 26.633838 31.435660 36.463430 41.565275 46.562361 51.258329 55.451566 58.949328 61.582351 63.218424 63.773407 63.218424 61.582351 58.949328 55.451566 51.258329 46.562361 41.565275 36.463430 31.435660 26.633838 22.176848 18.148068 14.596072 11.537931 8.964340 6.845735 5.138625 3.791518 2.750008 1.960763 1.374369 0.947077 0.641637 0.427399 0.279922 0.180268 0.114156 0.071088 0.043535 0.026220 0.015532 0.009049 0.005186 0.002923 0.001621 0.000884 0.000475 0.000251 0.000130 0.000067 0.000034 0.000017 0.000008 0.000004 0.000002 0.000001 0.000000 0.000000 0.000000 
0.000000 0.000000 0.000000 0.000000 0.000001 0.000002 0.000005 0.000010 0.000021 0.000042 0.000084 0.000163 0.000314 0.000595 0.001108 0.002029 0.003658 0.006486 0.011313 0.019410 0.032755 0.054365 0.088741 0.142453 0.224876 0.349075 0.532817 0.799653 1.179970 1.711857 2.441596 3.423516 4.718967 6.394133 8.516505 11.149920 14.348253 18.148068 22.560760 27.564982 33.100295 39.063087 45.305720 51.639662 57.842978 63.672029 68.876706 73.217926 76.485753 78.516217 79.204976 78.516217 76.485753 73.217926 68.876706 63.672029 57.842978 51.639662 45.305720 39.063087 33.100295 27.564982 22.560760 18.148068 14.348253 11.149920 8.516505 6.394133 4.718967 3.423516 2.441596 1.711857 1.179970 0.799653 0.532817 0.349075 0.224876 0.142453 0.088741 0.054365 0.032755 0.019410 0.011313 0.006486 0.003658 0.002029 0.001108 0.000595 0.000314 0.000163 0.000084 0.000042 0.000021 0.000010 0.000005 0.000002 0.000001 0.000001 0.000000 0.000000 
0.000000 0.000000 0.000000 0.000001 0.000001 0.000003 0.000006 0.000013 0.000026 0.000052 0.000103 0.000201 0.000387 0.000732 0.001363 0.002495 0.004496 0.007970 0.013896 0.023832 0.040202 0.066701 0.108840 0.174660 0.275632 0.427733 0.652688 0.979282 1.444644 2.095298 2.987759 4.188348 5.771929 7.819239 10.412575 13.629739 17.536344 22.176848 27.564982 33.674522 40.431564 47.709560 55.328293 63.057717 70.627096 77.739275 84.089255 89.385516 93.372100 95.849104 96.689325 95.849104 93.372100 89.385516 84.089255 77.739275 70.627096 63.057717 55.328293 47.709560 40.431564 33.674522 27.564982 22.176848 17.536344 13.629739 10.412575 7.819239 5.771929 4.188348 2.987759 2.095298 1.444644 0.979282 0.652688 0.427733 0.275632 0.174660 0.108840 0.066701 0.040202 0.023832 0.013896 0.007970 0.004496 0.002495 0.001363 0.000732 0.000387 0.000201 0.000103 0.000052 0.000026 0.000013 0.000006 0.000003 0.000001 0.000001 0.000000 0.000000 
0.000000 0.000000 0.000000 0.000001 0.000002 0.000003 0.000007 0.000015 0.000031 0.000063 0.000125 0.000243 0.000468 0.000885 0.001646 0.003014 0.005429 0.009619 0.016766 0.028745 0.048474 0.080400 0.131153 0.210405 0.331945 0.514979 0.785610 1.178414 1.737978 2.520156 3.592773 5.035405 6.937845 9.396904 12.511224 16.374017 21.063839 26.633838 33.100295 40.431564 48.538837 57.270199 66.409436 75.680638 84.759168 93.288780 100.903868 107.255024 112.035486 115.005689 116.013196 115.005689 112.035486 107.255024 100.903868 93.288780 84.759168 75.680638 66.409436 57.270199 48.538837 40.431564 33.100295 26.633838 21.063839 16.374017 12.511224 9.396904 6.937845 5.035405 3.592773 2.520156 1.737978 1.178414 0.785610 0.514979 0.331945 0.210405 0.131153 0.080400 0.048474 0.028745 0.016766 0.009619 0.005429 0.003014 0.001646 0.000885 0.000468 0.000243 0.000125 0.000063 0.000031 0.000015 0.000007 0.000003 0.000002 0.000001 0.000000 0.000000 
0.000000 0.000000 0.000000 0.000001 0.000002 0.000004 0.000009 0.000018 0.000037 0.000075 0.000148 0.000289 0.000556 0.001051 0.001954 0.003576 0.006439 0.011405 0.019872 0.034060 0.057420 0.095211 0.155270 0.249028 0.392776 0.609199 0.929119 1.393355 2.054526 2.978534 4.245383 5.948912 8.194984 11.097697 14.773271 19.331483 24.864788 31.435660 39.063087 47.709560 57.270199 67.565782 78.341341 89.271619 99.973999 110.028676 119.004865 126.490912 132.125427 135.626202 136.813669 135.626202 132.125427 126.490912 119.004865 110.028676 99.973999 89.271619 78.341341 67.565782 57.270199 47.709560 39.063087 31.435660 24.864788 19.331483 14.773271 11.097697 8.194984 5.948912 4.245383 2.978534 2.054526 1.393355 0.929119 0.609199 0.392776 0.249028 0.155270 0.095211 0.057420 0.034060 0.019872 0.011405 0.006439 0.003576 0.001954 0.001051 0.000556 0.000289 0.000148 0.000075 0.000037 0.000018 0.000009 0.000004 0.000002 0.000001 0.000001 0.000001 
0.000000 0.000000 0.000001 0.000001 0.000002 0.000005 0.000010 0.000021 0.000043 0.000087 0.000173 0.000337 0.000648 0.001225 0.002278 0.004168 0.007501 0.013283 0.023138 0.039646 0.066819 0.110767 0.180594 0.289574 0.456620 0.708063 1.079668 1.618791 2.386460 3.459095 4.929443 6.906268 9.512238 12.879526 17.142728 22.428928 28.845096 36.463430 45.305720 55.328293 66.409436 78.341341 90.828504 103.494056 115.894752 127.544338 137.943898 146.616711 153.144293 157.199865 158.575508 157.199865 153.144293 146.616711 137.943898 127.544338 115.894752 103.494056 90.828504 78.341341 66.409436 55.328293 45.305720 36.463430 28.845096 22.428928 17.142728 12.879526 9.512238 6.906268 4.929443 3.459095 2.386460 1.618791 1.079668 0.708063 0.456620 0.289574 0.180594 0.110767 0.066819 0.039646 0.023138 0.013283 0.007501 0.004168 0.002278 0.001225 0.000648 0.000337 0.000173 0.000087 0.000043 0.000021 0.000010 0.000005 0.000002 0.000001 0.000001 0.000001 
