0.000000 0.000000 0.000000 0.000000 0.000000 0.000000 0.000000 0.000000 0.000000 0.000000 0.000000 0.000000 0.000000 0.000000 0.000000 0.000001 0.000001 0.000001 0.000002 0.000003 0.000004 0.000006 0.000008 0.000010 0.000014 0.000019 0.000025 0.000032 0.000041 0.000053 0.000066 0.000082 0.000101 0.000123 0.000148 0.000176 0.000208 0.000242 0.000278 0.000316 0.000356 0.000396 0.000436 0.000474 0.000510 0.000542 0.000571 0.000594 0.000610 0.000621 0.000624 0.000621 0.000610 0.000594 0.000571 0.000542 0.000510 0.000474 0.000436 0.000396 0.000356 0.000316 0.000278 0.000242 0.000208 0.000176 0.000148 0.000123 0.000101 0.000082 0.000066 0.000053 0.000041 0.000032 0.000025 0.000019 0.000014 0.000010 0.000008 0.000006 0.000004 0.000003 0.000002 0.000001 0.000001 0.000001 0.000000 0.000000 0.000000 0.000000 0.000000 0.000000 0.000000 0.000000 0.000000 0.000000 0.000000 0.000000 0.000000 0.000000 
0.000000 0.000000 0.000000 0.000000 0.000000 0.000000 0.000000 0.000000 0.000000 0.000000 0.000000 0.000000 0.000000 0.000000 0.000000 0.000001 0.000001 0.000001 0.000002 0.000003 0.000004 0.000006 0.000008 0.000010 0.000014 0.000019 0.000025 0.000032 0.000041 0.000053 0.000066 0.000082 0.000101 0.000123 0.000148 0.000176 0.000208 0.000242 0.000278 0.000316 0.000356 0.000396 0.000436 0.000474 0.000510 0.000542 0.000571 0.000594 0.000610 0.000621 0.000624 0.000621 0.000610 0.000594 0.000571 0.000542 0.000510 0.000474 0.000436 0.000396 0.000356 0.000316 0.000278 0.000242 0.000208 0.000176 0.000148 0.000123 0.000101 0.000082 0.000066 0.000053 0.000041 0.000032 0.000025 0.000019 0.000014 0.000010 0.000008 0.000006 0.000004 0.000003 0.000002 0.000001 0.000001 0.000001 0.000000 0.000000 0.000000 0.000000 0.000000 0.000000 0.000000 0.000000 0.000000 0.000000 0.000000 0.000000 0.000000 0.000000 
0.000000 0.000000 0.000000 0.000000 0.000000 0.000000 0.000000 0.000000 0.000000 0.000000 0.000000 0.000000 0.000000 0.000000 0.000001 0.000001 0.000001 0.000002 0.000003 0.000004 0.000005 0.000007 0.000010 0.000013 0.000018 0.000024 0.000032 0.000041 0.000053 0.000067 0.000085 0.000105 0.000129 0.000157 0.000189 0.000225 0.000265 0.000308 0.000355 0.000404 0.000454 0.000505 0.000556 0.000605 0.000651 0.000692 0.000728 0.000757 0.000779 0.000792 0.000796 0.000792 0.000779 0.000757 0.000728 0.000692 0.000651 0.000605 0.000556 0.000505 0.000454 0.000404 0.000355 0.000308 0.000265 0.000225 0.000189 0.000157 0.000129 0.000105 0.000085 0.000067 0.000053 0.000041 0.000032 0.000024 0.000018 0.000013 0.000010 0.000007 0.000005 0.000004 0.000003 0.000002 0.000001 0.000001 0.000001 0.000000 0.000000 0.000000 0.000000 0.000000 0.000000 0.000000 0.000000 0.000000 0.000000 0.000000 0.000000 0.000000 
0.000000 0.000000 0.000000 0.000000 0.000000 0.000000 0.000000 0.000000 0.000000 0.000000 0.000000 0.000000 0.000000 0.000001 0.000001 0.000001 0.000002 0.000003 0.000004 0.000005 0.000008 0.000011 0.000015 0.000020 0.000027 0.000036 0.000047 0.000061 0.000079 0.000100 0.000126 0.000156 0.000192 0.000234 0.000281 0.000334 0.000393 0.000458 0.000526 0.000599 0.000673 0.000749 0.000824 0.000896 0.000964 0.001026 0.001079 0.001122 0.001154 0.001173 0.001180 0.001173 0.001154 0.001122 0.001079 0.001026 0.000964 0.000896 0.000824 0.000749 0.000673 0.000599 0.000526 0.000458 0.000393 0.000334 0.000281 0.000234 0.000192 0.000156 0.000126 0.000100 0.000079 0.000061 0.000047 0.000036 0.000027 0.000020 0.000015 0.000011 0.000008 0.000005 0.000004 0.000003 0.000002 0.000001 0.000001 0.000001 0.000000 0.000000 0.000000 0.000000 0.000000 0.000000 0.000000 0.000000 0.000000 0.000000 0.000000 0.000000 
0.000000 0.000000 0.000000 0.000000 0.000000 0.000000 0.000000 0.000000 0.000000 0.000000 0.000000 0.000000 0.000001 0.000001 0.000001 0.000002 0.000003 0.000004 0.000006 0.000009 0.000012 0.000017 0.000023 0.000032 0.000043 0.000057 0.000074 0.000097 0.000124 0.000158 0.000199 0.000247 0.000304 0.000369 0.000444 0.000528 0.000621 0.000723 0.000831 0.000945 0.001063 0.001183 0.001301 0.001415 0.001522 0.001618 0.001702 0.001770 0.001820 0.001851 0.001862 0.001851 0.001820 0.001770 0.001702 0.001618 0.001522 0.001415 0.001301 0.001183 0.001063 0.000945 0.000831 0.000723 0.000621 0.000528 0.000444 0.000369 0.000304 0.000247 0.000199 0.000158 0.000124 0.000097 0.000074 0.000057 0.000043 0.000032 0.000023 0.000017 0.000012 0.000009 0.000006 0.000004 0.000003 0.000002 0.000001 0.000001 0.000001 0.000000 0.000000 0.000000 0.000000 0.000000 0.000000 0.000000 0.000000 0.000000 0.000000 0.000000 
0.000000 0.000000 0.000000 0.000000 0.000000 0.000000 0.000000 0.000000 0.000000 0.000000 0.000000 0.000001 0.000001 0.000001 0.000002 0.000003 0.000005 0.000007 0.000010 0.000014 0.000020 0.000027 0.000038 0.000051 0.000069 0.000091 0.000120 0.000156 0.000200 0.000255 0.000320 0.000398 0.000489 0.000594 0.000715 0.000850 0.000999 0.001162 0.001336 0.001520 0.001709 0.001901 0.002090 0.002273 0.002445 0.002600 0.002734 0.002843 0.002924 0.002973 0.002990 0.002973 0.002924 0.002843 0.002734 0.002600 0.002445 0.002273 0.002090 0.001901 0.001709 0.001520 0.001336 0.001162 0.000999 0.000850 0.000715 0.000594 0.000489 0.000398 0.000320 0.000255 0.000200 0.000156 0.000120 0.000091 0.000069 0.000051 0.000038 0.000027 0.000020 0.000014 0.000010 0.000007 0.000005 0.000003 0.000002 0.000001 0.000001 0.000001 0.000000 0.000000 0.000000 0.000000 0.000000 0.000000 0.000000 0.000000 0.000000 0.000000 
0.000000 0.000000 0.000000 0.000000 0.000000 0.000000 0.000000 0.000000 0.000000 0.000000 0.000001 0.000001 0.000002 0.000002 0.000004 0.000005 0.000008 0.000011 0.000016 0.000023 0.000032 0.000044 0.000061 0.000083 0.000111 0.000147 0.000193 0.000251 0.000323 0.000410 0.000515 0.000640 0.000787 0.000956 0.001149 0.001366 0.001607 0.001868 0.002148 0.002442 0.002746 0.003053 0.003358 0.003651 0.003926 0.004175 0.004391 0.004566 0.004695 0.004775 0.004801 0.004775 0.004695 0.004566 0.004391 0.004175 0.003926 0.003651 0.003358 0.003053 0.002746 0.002442 0.002148 0.001868 0.001607 0.001366 0.001149 0.000956 0.000787 0.000640 0.000515 0.000410 0.000323 0.000251 0.000193 0.000147 0.000111 0.000083 0.000061 0.000044 0.000032 0.000023 0.000016 0.000011 0.000008 0.000005 0.000004 0.000002 0.000002 0.000001 0.000001 0.000000 0.000000 0.000000 0.000000 0.000000 0.000000 0.000000 0.000000 0.000000 
0.000000 0.000000 0.000000 0.000000 0.000000 0.000000 0.000000 0.000000 0.000000 0.000001 0.000001 0.000002 0.000003 0.000004 0.000006 0.000008 0.000012 0.000018 0.000026 0.000037 0.000051 0.000071 0.000097 0.000132 0.000177 0.000236 0.000309 0.000402 0.000516 0.000655 0.000823 0.001023 0.001257 0.001527 0.001836 0.002182 0.002565 0.002982 0.003428 0.003897 0.004381 0.004871 0.005356 0.005824 0.006262 0.006659 0.007002 0.007281 0.007487 0.007614 0.007657 0.007614 0.007487 0.007281 0.007002 0.006659 0.006262 0.005824 0.005356 0.004871 0.004381 0.003897 0.003428 0.002982 0.002565 0.002182 0.001836 0.001527 0.001257 0.001023 0.000823 0.000655 0.000516 0.000402 0.000309 0.000236 0.000177 0.000132 0.000097 0.000071 0.000051 0.000037 0.000026 0.000018 0.000012 0.000008 0.000006 0.000004 0.000003 0.000002 0.000001 0.000001 0.000000 0.000000 0.000000 0.000000 0.000000 0.000000 0.000000 0.000000 
0.000000 0.000000 0.000000 0.000000 0.000000 0.000000 0.000000 0.000000 0.000001 0.000001 0.000002 0.000003 0.000004 0.000006 0.000009 0.000013 0.000020 0.000029 0.000041 0.000058 0.000081 0.000113 0.000155 0.000210 0.000281 0.000373 0.000490 0.000636 0.000817 0.001038 0.001303 0.001619 0.001989 0.002417 0.002905 0.003452 0.004057 0.004715 0.005420 0.006161 0.006926 0.007700 0.008466 0.009204 0.009897 0.010523 0.011065 0.011505 0.011831 0.012030 0.012098 0.012030 0.011831 0.011505 0.011065 0.010523 0.009897 0.009204 0.008466 0.007700 0.006926 0.006161 0.005420 0.004715 0.004057 0.003452 0.002905 0.002417 0.001989 0.001619 0.001303 0.001038 0.000817 0.000636 0.000490 0.000373 0.000281 0.000210 0.000155 0.000113 0.000081 0.000058 0.000041 0.000029 0.000020 0.000013 0.000009 0.000006 0.000004 0.000003 0.000002 0.000001 0.000001 0.000000 0.000000 0.000000 0.000000 0.000000 0.000000 0.000000 
0.000000 0.000000 0.000000 0.000000 0.000000 0.000000 0.000000 0.000001 0.000001 0.000002 0.000003 0.000004 0.000006 0.000010 0.000014 0.000021 0.000031 0.000045 0.000064 0.000091 0.000128 0.000177 0.000243 0.000329 0.000442 0.000586 0.000769 0.000998 0.001281 0.001627 0.002043 0.002538 0.003117 0.003787 0.004549 0.005406 0.006352 0.007382 0.008484 0.009644 0.010840 0.012050 0.013247 0.014401 0.015483 0.016462 0.017308 0.017997 0.018506 0.018818 0.018923 0.018818 0.018506 0.017997 0.017308 0.016462 0.015483 0.014401 0.013247 0.012050 0.010840 0.009644 0.008484 0.007382 0.006352 0.005406 0.004549 0.003787 0.003117 0.002538 0.002043 0.001627 0.001281 0.000998 0.000769 0.000586 0.000442 0.000329 0.000243 0.000177 0.000128 0.000091 0.000064 0.000045 0.000031 0.000021 0.000014 0.000010 0.000006 0.000004 0.000003 0.000002 0.000001 0.000001 0.000000 0.000000 0.000000 0.000000 0.000000 0.000000 
0.000000 0.000000 0.000000 0.000000 0.000000 0.000000 0.000001 0.000001 0.000002 0.000003 0.000004 0.000006 0.000010 0.000015 0.000022 0.000033 0.000048 0.000070 0.000100 0.000142 0.000199 0.000275 0.000377 0.000512 0.000686 0.000910 0.001194 0.001550 0.001989 0.002525 0.003170 0.003936 0.004833 0.005871 0.007052 0.008378 0.009844 0.011438 0.013144 0.014938 0.016789 0.018661 0.020513 0.022299 0.023973 0.025487 0.026796 0.027861 0.028648 0.029130 0.029293 0.029130 0.028648 0.027861 0.026796 0.025487 0.023973 0.022299 0.020513 0.018661 0.016789 0.014938 0.013144 0.011438 0.009844 0.008378 0.007052 0.005871 0.004833 0.003936 0.003170 0.002525 0.001989 0.001550 0.001194 0.000910 0.000686 0.000512 0.000377 0.000275 0.000199 0.000142 0.000100 0.000070 0.000048 0.000033 0.000022 0.000015 0.000010 0.000006 0.000004 0.000003 0.000002 0.000001 0.000001 0.000000 0.000000 0.000000 0.000000 0.000000 
0.000000 0.000000 0.000000 0.000000 0.000000 0.000001 0.000001 0.000002 0.000003 0.000004 0.000006 0.000010 0.000015 0.000023 0.000034 0.000051 0.000074 0.000108 0.000154 0.000218 0.000306 0.000424 0.000580 0.000787 0.001055 0.001399 0.001835 0.002380 0.003054 0.003876 0.004865 0.006040 0.007416 0.009006 0.010817 0.012849 0.015094 0.017537 0.020150 0.022897 0.025732 0.028599 0.031434 0.034168 0.036730 0.039047 0.041052 0.042682 0.043886 0.044624 0.044873 0.044624 0.043886 0.042682 0.041052 0.039047 0.036730 0.034168 0.031434 0.028599 0.025732 0.022897 0.020150 0.017537 0.015094 0.012849 0.010817 0.009006 0.007416 0.006040 0.004865 0.003876 0.003054 0.002380 0.001835 0.001399 0.001055 0.000787 0.000580 0.000424 0.000306 0.000218 0.000154 0.000108 0.000074 0.000051 0.000034 0.000023 0.000015 0.000010 0.000006 0.000004 0.000003 0.000002 0.000001 0.000001 0.000000 0.000000 0.000000 0.000000 
0.000000 0.000000 0.000000 0.000000 0.000001 0.000001 0.000002 0.000003 0.000004 0.000006 0.000010 0.000015 0.000023 0.000035 0.000053 0.000078 0.000113 0.000164 0.000235 0.000332 0.000465 0.000645 0.000883 0.001197 0.001604 0.002127 0.002789 0.003617 0.004641 0.005888 0.007390 0.009172 0.011260 0.013672 0.016417 0.019498 0.022902 0.026605 0.030565 0.034729 0.039025 0.043368 0.047663 0.051805 0.055686 0.059196 0.062232 0.064701 0.066524 0.067643 0.068020 0.067643 0.066524 0.064701 0.062232 0.059196 0.055686 0.051805 0.047663 0.043368 0.039025 0.034729 0.030565 0.026605 0.022902 0.019498 0.016417 0.013672 0.011260 0.009172 0.007390 0.005888 0.004641 0.003617 0.002789 0.002127 0.001604 0.001197 0.000883 0.000645 0.000465 0.000332 0.000235 0.000164 0.000113 0.000078 0.000053 0.000035 0.000023 0.000015 0.000010 0.000006 0.000004 0.000003 0.000002 0.000001 0.000001 0.000000 0.000000 0.000000 
0.000000 0.000000 0.000000 0.000001 0.000001 0.000001 0.000002 0.000004 0.000006 0.000010 0.000015 0.000023 0.000035 0.000053 0.000079 0.000117 0.000171 0.000248 0.000354 0.000501 0.000701 0.000971 0.001330 0.001801 0.002414 0.003199 0.004195 0.005439 0.006977 0.008850 0.011105 0.013781 0.016915 0.020534 0.024655 0.029277 0.034383 0.039936 0.045876 0.052120 0.058560 0.065072 0.071511 0.077720 0.083537 0.088798 0.093348 0.097048 0.099780 0.101457 0.102022 0.101457 0.099780 0.097048 0.093348 0.088798 0.083537 0.077720 0.071511 0.065072 0.058560 0.052120 0.045876 0.039936 0.034383 0.029277 0.024655 0.020534 0.016915 0.013781 0.011105 0.008850 0.006977 0.005439 0.004195 0.003199 0.002414 0.001801 0.001330 0.000971 0.000701 0.000501 0.000354 0.000248 0.000171 0.000117 0.000079 0.000053 0.000035 0.000023 0.000015 0.000010 0.000006 0.000004 0.000002 0.000001 0.000001 0.000001 0.000001 0.000001 
0.000000 0.000000 0.000001 0.000001 0.000001 0.000002 0.000004 0.000006 0.000009 0.000014 0.000022 0.000034 0.000053 0.000079 0.000118 0.000175 0.000255 0.000369 0.000528 0.000747 0.001045 0.001447 0.001981 0.002683 0.003594 0.004762 0.006242 0.008092 0.010377 0.013162 0.016511 0.020487 0.025142 0.030516 0.036633 0.043495 0.051074 0.059316 0.068130 0.077394 0.086949 0.096609 0.106160 0.115370 0.123996 0.131798 0.138546 0.144033 0.148085 0.150570 0.151408 0.150570 0.148085 0.144033 0.138546 0.131798 0.123996 0.115370 0.106160 0.096609 0.086949 0.077394 0.068130 0.059316 0.051074 0.043495 0.036633 0.030516 0.025142 0.020487 0.016511 0.013162 0.010377 0.008092 0.006242 0.004762 0.003594 0.002683 0.001981 0.001447 0.001045 0.000747 0.000528 0.000369 0.000255 0.000175 0.000118 0.000079 0.000053 0.000034 0.000022 0.000014 0.000009 0.000006 0.000004 0.000002 0.000001 0.000001 0.000001 0.000001 
0.000001 0.000001 0.000001 0.000001 0.000002 0.000003 0.000005 0.000008 0.000013 0.000021 0.000033 0.000051 0.000078 0.000117 0.000175 0.000258 0.000377 0.000545 0.000779 0.001101 0.001541 0.002132 0.002919 0.003952 0.005293 0.007013 0.009190 0.011912 0.015272 0.019366 0.024290 0.030133 0.036973 0.044870 0.053856 0.063934 0.075066 0.087168 0.100110 0.113709 0.127736 0.141915 0.155933 0.169449 0.182108 0.193557 0.203459 0.211509 0.217454 0.221101 0.222331 0.221101 0.217454 0.211509 0.203459 0.193557 0.182108 0.169449 0.155933 0.141915 0.127736 0.113709 0.100110 0.087168 0.075066 0.063934 0.053856 0.044870 0.036973 0.030133 0.024290 0.019366 0.015272 0.011912 0.009190 0.007013 0.005293 0.003952 0.002919 0.002132 0.001541 0.001101 0.000779 0.000545 0.000377 0.000258 0.000175 0.000117 0.000078 0.000051 0.000033 0.000021 0.000013 0.000008 0.000005 0.000003 0.000002 0.000001 0.000001 0.000001 
0.000001 0.000001 0.000001 0.000002 0.000003 0.000005 0.000008 0.000012 0.000020 0.000031 0.000048 0.000074 0.000113 0.000171 0.000255 0.000377 0.000551 0.000795 0.001137 0.001607 0.002248 0.003110 0.004256 0.005761 0.007714 0.010217 0.013386 0.017348 0.022236 0.028192 0.035354 0.043851 0.053796 0.065275 0.078337 0.092983 0.109158 0.126741 0.145542 0.165297 0.185671 0.206263 0.226620 0.246246 0.264628 0.281251 0.295626 0.307314 0.315945 0.321239 0.323024 0.321239 0.315945 0.307314 0.295626 0.281251 0.264628 0.246246 0.226620 0.206263 0.185671 0.165297 0.145542 0.126741 0.109158 0.092983 0.078337 0.065275 0.053796 0.043851 0.035354 0.028192 0.022236 0.017348 0.013386 0.010217 0.007714 0.005761 0.004256 0.003110 0.002248 0.001607 0.001137 0.000795 0.000551 0.000377 0.000255 0.000171 0.000113 0.000074 0.000048 0.000031 0.000020 0.000012 0.000008 0.000005 0.000003 0.000002 0.000002 0.000002 
0.000001 0.000001 0.000002 0.000003 0.000004 0.000007 0.000011 0.000018 0.000029 0.000045 0.000070 0.000108 0.000164 0.000248 0.000369 0.000545 0.000795 0.001149 0.001641 0.002320 0.003244 0.004486 0.006138 0.008307 0.011121 0.014727 0.019291 0.024994 0.032032 0.040604 0.050910 0.063135 0.077441 0.093952 0.112736 0.133795 0.157050 0.182327 0.209350 0.237742 0.267021 0.296611 0.325861 0.354059 0.380467 0.404347 0.424998 0.441787 0.454185 0.461790 0.464353 0.461790 0.454185 0.441787 0.424998 0.404347 0.380467 0.354059 0.325861 0.296611 0.267021 0.237742 0.209350 0.182327 0.157050 0.133795 0.112736 0.093952 0.077441 0.063135 0.050910 0.040604 0.032032 0.024994 0.019291 0.014727 0.011121 0.008307 0.006138 0.004486 0.003244 0.002320 0.001641 0.001149 0.000795 0.000545 0.000369 0.000248 0.000164 0.000108 0.000070 0.000045 0.000029 0.000018 0.000011 0.000007 0.000004 0.000003 0.000002 0.000002 
0.000002 0.000002 0.000003 0.000004 0.000006 0.000010 0.000016 0.000026 0.000041 0.000064 0.000100 0.000154 0.000235 0.000354 0.000528 0.000779 0.001137 0.001641 0.002344 0.003313 0.004631 0.006403 0.008759 0.011851 0.015863 0.021001 0.027504 0.035628 0.045651 0.057858 0.072530 0.089932 0.110293 0.133788 0.160515 0.190475 0.223553 0.259504 0.297935 0.338308 0.379939 0.422009 0.463590 0.503675 0.541213 0.575156 0.604507 0.628369 0.645989 0.656798 0.660441 0.656798 0.645989 0.628369 0.604507 0.575156 0.541213 0.503675 0.463590 0.422009 0.379939 0.338308 0.297935 0.259504 0.223553 0.190475 0.160515 0.133788 0.110293 0.089932 0.072530 0.057858 0.045651 0.035628 0.027504 0.021001 0.015863 0.011851 0.008759 0.006403 0.004631 0.003313 0.002344 0.001641 0.001137 0.000779 0.000528 0.000354 0.000235 0.000154 0.000100 0.000064 0.000041 0.000026 0.000016 0.000010 0.000006 0.000004 0.000003 0.000003 
0.000003 0.000003 0.000004 0.000005 0.000009 0.000014 0.000023 0.000037 0.000058 0.000091 0.000142 0.000218 0.000332 0.000501 0.000747 0.001101 0.001607 0.002320 0.003313 0.004680 0.006540 0.009041 0.012365 0.016727 0.022383 0.029628 0.038793 0.050243 0.064366 0.081562 0.102229 0.126737 0.155408 0.188486 0.226109 0.268278 0.314832 0.365421 0.419496 0.476297 0.534861 0.594039 0.652526 0.708904 0.761697 0.809432 0.850707 0.884263 0.909040 0.924238 0.929361 0.924238 0.909040 0.884263 0.850707 0.809432 0.761697 0.708904 0.652526 0.594039 0.534861 0.476297 0.419496 0.365421 0.314832 0.268278 0.226109 0.188486 0.155408 0.126737 0.102229 0.081562 0.064366 0.050243 0.038793 0.029628 0.022383 0.016727 0.012365 0.009041 0.006540 0.004680 0.003313 0.002320 0.001607 0.001101 0.000747 0.000501 0.000332 0.000218 0.000142 0.000091 0.000058 0.000037 0.000023 0.000014 0.000009 0.000006 0.000005 0.000005 
0.000004 0.000004 0.000005 0.000008 0.000012 0.000020 0.000032 0.000051 0.000081 0.000128 0.000199 0.000306 0.000465 0.000701 0.001045 0.001541 0.002248 0.003244 0.004631 0.006540 0.009138 0.012629 0.017267 0.023354 0.031245 0.041350 0.054132 0.070096 0.089783 0.113751 0.142550 0.176697 0.216639 0.262714 0.315112 0.373835 0.438655 0.509087 0.584364 0.663429 0.744940 0.827300 0.908692 0.987144 1.060603 1.127021 1.184450 1.231135 1.265607 1.286751 1.293878 1.286751 1.265607 1.231135 1.184450 1.127021 1.060603 0.987144 0.908692 0.827300 0.744940 0.663429 0.584364 0.509087 0.438655 0.373835 0.315112 0.262714 0.216639 0.176697 0.142550 0.113751 0.089783 0.070096 0.054132 0.041350 0.031245 0.023354 0.017267 0.012629 0.009138 0.006540 0.004631 0.003244 0.002248 0.001541 0.001045 0.000701 0.000465 0.000306 0.000199 0.000128 0.000081 0.000051 0.000032 0.000020 0.000013 0.000009 0.000007 0.000007 
0.000006 0.000006 0.000007 0.000011 0.000017 0.000027 0.000044 0.000071 0.000113 0.000177 0.000275 0.000424 0.000645 0.000971 0.001447 0.002132 0.003110 0.004486 0.006403 0.009041 0.012629 0.017451 0.023855 0.032257 0.043148 0.057092 0.074725 0.096745 0.123896 0.156944 0.196649 0.243719 0.298768 0.362262 0.434461 0.515365 0.604658 0.701672 0.805348 0.914232 1.026476 1.139879 1.251942 1.359951 1.461080 1.552511 1.631565 1.695829 1.743278 1.772383 1.782192 1.772383 1.743278 1.695829 1.631565 1.552511 1.461080 1.359951 1.251942 1.139879 1.026476 0.914232 0.805348 0.701672 0.604658 0.515365 0.434461 0.362262 0.298768 0.243719 0.196649 0.156944 0.123896 0.096745 0.074725 0.057092 0.043148 0.032257 0.023855 0.017451 0.012629 0.009041 0.006403 0.004486 0.003110 0.002132 0.001447 0.000971 0.000645 0.000424 0.000275 0.000177 0.000113 0.000071 0.000045 0.000028 0.000018 0.000012 0.000010 0.000010 
0.000008 0.000008 0.000010 0.000015 0.000023 0.000038 0.000061 0.000097 0.000155 0.000243 0.000377 0.000580 0.000883 0.001330 0.001981 0.002919 0.004256 0.006138 0.008759 0.012365 0.017267 0.023855 0.032602 0.044076 0.058945 0.077980 0.102045 0.132093 0.169137 0.214220 0.268374 0.332564 0.407625 0.494190 0.592610 0.702882 0.824578 0.956781 1.098050 1.246401 1.399318 1.553804 1.706453 1.853571 1.991311 2.115837 2.223502 2.311020 2.375638 2.415274 2.428633 2.415274 2.375638 2.311020 2.223502 2.115837 1.991311 1.853571 1.706453 1.553804 1.399318 1.246401 1.098050 0.956781 0.824578 0.702882 0.592610 0.494190 0.407625 0.332564 0.268374 0.214220 0.169137 0.132093 0.102045 0.077980 0.058945 0.044076 0.032602 0.023855 0.017267 0.012365 0.008759 0.006138 0.004256 0.002919 0.001981 0.001330 0.000883 0.000580 0.000377 0.000243 0.000155 0.000098 0.000061 0.000038 0.000024 0.000017 0.000013 0.000013 
0.000010 0.000010 0.000013 0.000020 0.000032 0.000051 0.000083 0.000132 0.000210 0.000329 0.000512 0.000787 0.001197 0.001801 0.002683 0.003952 0.005761 0.008307 0.011851 0.016727 0.023354 0.032257 0.044076 0.059576 0.079660 0.105364 0.137858 0.178421 0.228420 0.289260 0.362331 0.448932 0.550187 0.666943 0.799673 0.948371 1.112455 1.290689 1.481128 1.681096 1.887204 2.095410 2.301129 2.499382 2.684988 2.852781 2.997849 3.115768 3.202830 3.256232 3.274230 3.256232 3.202830 3.115768 2.997849 2.852781 2.684988 2.499382 2.301129 2.095410 1.887204 1.681096 1.481128 1.290689 1.112455 0.948371 0.799673 0.666943 0.550187 0.448932 0.362331 0.289260 0.228420 0.178421 0.137858 0.105364 0.079660 0.059576 0.044076 0.032257 0.023354 0.016727 0.011851 0.008307 0.005761 0.003952 0.002683 0.001801 0.001197 0.000787 0.000512 0.000329 0.000210 0.000132 0.000083 0.000052 0.000033 0.000023 0.000018 0.000018 
0.000014 0.000014 0.000018 0.000027 0.000043 0.000069 0.000111 0.000177 0.000281 0.000442 0.000686 0.001055 0.001604 0.002414 0.003594 0.005293 0.007714 0.011121 0.015863 0.022383 0.031245 0.043148 0.058945 0.079660 0.106494 0.140833 0.184234 0.238405 0.305166 0.386391 0.483931 0.599516 0.734641 0.890433 1.067521 1.265890 1.484762 1.722486 1.976466 2.243133 2.517966 2.795579 3.069858 3.334168 3.581605 3.805287 3.998667 4.155854 4.271904 4.343087 4.367077 4.343087 4.271904 4.155854 3.998667 3.805287 3.581605 3.334168 3.069858 2.795579 2.517966 2.243133 1.976466 1.722486 1.484762 1.265890 1.067521 0.890433 0.734641 0.599516 0.483931 0.386391 0.305166 0.238405 0.184234 0.140833 0.106494 0.079660 0.058945 0.043148 0.031245 0.022383 0.015863 0.011121 0.007714 0.005293 0.003594 0.002414 0.001604 0.001055 0.000686 0.000442 0.000282 0.000178 0.000112 0.000070 0.000045 0.000030 0.000024 0.000024 
0.000019 0.000019 0.000024 0.000036 0.000057 0.000091 0.000147 0.000236 0.000373 0.000586 0.000910 0.001399 0.002127 0.003199 0.004762 0.007013 0.010217 0.014727 0.021001 0.029628 0.041350 0.057092 0.077980 0.105364 0.140833 0.186214 0.243561 0.315127 0.403312 0.510588 0.639394 0.792009 0.970400 1.176053 1.409790 1.671590 1.960419 2.274097 2.609196 2.961006 3.323564 3.689764 4.051545 4.400158 4.726502 5.021502 5.276532 5.483823 5.636864 5.730734 5.762370 5.730734 5.636864 5.483823 5.276532 5.021502 4.726502 4.400158 4.051545 3.689764 3.323564 2.961006 2.609196 2.274097 1.960419 1.671590 1.409790 1.176053 0.970400 0.792009 0.639394 0.510588 0.403312 0.315127 0.243561 0.186214 0.140833 0.105364 0.077980 0.057092 0.041350 0.029628 0.021001 0.014727 0.010217 0.007013 0.004762 0.003199 0.002127 0.001399 0.000910 0.000586 0.000374 0.000236 0.000148 0.000093 0.000059 0.000040 0.000032 0.000032 
0.000025 0.000025 0.000032 0.000047 0.000074 0.000120 0.000193 0.000309 0.000490 0.000769 0.001194 0.001835 0.002789 0.004195 0.006242 0.009190 0.013386 0.019291 0.027504 0.038793 0.054132 0.074725 0.102045 0.137858 0.184234 0.243561 0.318519 0.412048 0.527282 0.667441 0.835707 1.035051 1.268036 1.536596 1.841796 2.183605 2.560668 2.970134 3.407526 3.866696 4.339861 4.817747 5.289841 5.744729 6.170539 6.555438 6.888175 7.158621 7.358284 7.480749 7.522022 7.480749 7.358284 7.158621 6.888175 6.555438 6.170539 5.744729 5.289841 4.817747 4.339861 3.866696 3.407526 2.970134 2.560668 2.183605 1.841796 1.536596 1.268036 1.035051 0.835707 0.667441 0.527282 0.412048 0.318519 0.243561 0.184234 0.137858 0.102045 0.074725 0.054132 0.038793 0.027504 0.019291 0.013386 0.009190 0.006242 0.004195 0.002789 0.001835 0.001194 0.000769 0.000491 0.000310 0.000194 0.000122 0.000078 0.000053 0.000042 0.000042 
0.000032 0.000032 0.000041 0.000061 0.000097 0.000156 0.000251 0.000402 0.000636 0.000998 0.001550 0.002380 0.003617 0.005439 0.008092 0.011912 0.017348 0.024994 0.035628 0.050243 0.070096 0.096745 0.132093 0.178421 0.238405 0.315127 0.412048 0.532966 0.681922 0.863074 1.080526 1.338109 1.639126 1.986068 2.380304 2.821784 3.308755 3.837528 4.402320 4.995189 5.606087 6.223044 6.832489 7.419693 7.969338 8.466156 8.895631 9.244697 9.502398 9.660459 9.713729 9.660459 9.502398 9.244697 8.895631 8.466156 7.969338 7.419693 6.832489 6.223044 5.606087 4.995189 4.402320 3.837528 3.308755 2.821784 2.380304 1.986068 1.639126 1.338109 1.080526 0.863074 0.681922 0.532966 0.412048 0.315127 0.238405 0.178421 0.132093 0.096745 0.070096 0.050243 0.035628 0.024994 0.017348 0.011912 0.008092 0.005439 0.003617 0.002380 0.001550 0.000999 0.000637 0.000402 0.000253 0.000159 0.000101 0.000069 0.000054 0.000054 
0.000041 0.000041 0.000053 0.000079 0.000124 0.000200 0.000323 0.000516 0.000817 0.001281 0.001989 0.003054 0.004641 0.006977 0.010377 0.015272 0.022236 0.032032 0.045651 0.064366 0.089783 0.123896 0.169137 0.228420 0.305166 0.403312 0.527282 0.681922 0.872394 1.104007 1.381997 1.711251 2.095984 2.539365 3.043139 3.607229 4.229391 4.904904 5.626377 6.383663 7.163927 7.951885 8.730206 9.480089 10.181979 10.816387 11.364786 11.810500 12.139547 12.341365 12.409382 12.341365 12.139547 11.810500 11.364786 10.816387 10.181979 9.480089 8.730206 7.951885 7.163927 6.383663 5.626377 4.904904 4.229391 3.607229 3.043139 2.539365 2.095984 1.711251 1.381997 1.104007 0.872394 0.681922 0.527282 0.403312 0.305166 0.228420 0.169137 0.123896 0.089783 0.064366 0.045651 0.032032 0.022236 0.015272 0.010377 0.006977 0.004641 0.003054 0.001989 0.001282 0.000818 0.000517 0.000325 0.000204 0.000130 0.000089 0.000070 0.000070 
0.000053 0.000053 0.000067 0.000100 0.000158 0.000255 0.000410 0.000655 0.001038 0.001627 0.002525 0.003876 0.005888 0.008850 0.013162 0.019366 0.028192 0.040604 0.057858 0.081562 0.113751 0.156944 0.214220 0.289260 0.386391 0.510588 0.667441 0.863074 1.104007 1.396943 1.748495 2.164831 2.651266 3.211797 3.848617 4.561620 5.347958 6.201660 7.113379 8.070289 9.056175 10.051726 11.035052 11.982408 12.869096 13.670510 14.363253 14.926271 15.341910 15.596836 15.682751 15.596836 15.341910 14.926271 14.363253 13.670510 12.869096 11.982408 11.035052 10.051726 9.056175 8.070289 7.113379 6.201660 5.347958 4.561620 3.848617 3.211797 2.651266 2.164831 1.748495 1.396943 1.104007 0.863074 0.667441 0.510588 0.386391 0.289260 0.214220 0.156944 0.113751 0.081562 0.057858 0.040604 0.028192 0.019366 0.013162 0.008850 0.005888 0.003876 0.002525 0.001628 0.001039 0.000657 0.000412 0.000259 0.000166 0.000113 0.000089 0.000089 
0.000066 0.000066 0.000085 0.000126 0.000199 0.000320 0.000515 0.000823 0.001303 0.002043 0.003170 0.004865 0.007390 0.011105 0.016511 0.024290 0.035354 0.050910 0.072530 0.102229 0.142550 0.196649 0.268374 0.362331 0.483931 0.639394 0.835707 1.080526 1.381997 1.748495 2.188278 2.709051 3.317445 4.018446 4.814781 5.706307 6.689450 7.756738 8.896479 10.092638 11.324944 12.569264 13.798247 14.982222 16.090336 17.091848 17.957534 18.661093 19.180475 19.499028 19.606386 19.499028 19.180475 18.661093 17.957534 17.091848 16.090336 14.982222 13.798247 12.569264 11.324944 10.092638 8.896479 7.756738 6.689450 5.706307 4.814781 4.018446 3.317445 2.709051 2.188278 1.748495 1.381997 1.080526 0.835707 0.639394 0.483931 0.362331 0.268374 0.196649 0.142550 0.102229 0.072530 0.050910 0.035354 0.024290 0.016511 0.011105 0.007390 0.004865 0.003170 0.002044 0.001305 0.000825 0.000518 0.000326 0.000208 0.000142 0.000112 0.000112 
0.000082 0.000082 0.000105 0.000156 0.000247 0.000398 0.000640 0.001023 0.001619 0.002538 0.003936 0.006040 0.009172 0.013781 0.020487 0.030133 0.043851 0.063135 0.089932 0.126737 0.176697 0.243719 0.332564 0.448932 0.599516 0.792009 1.035051 1.338109 1.711251 2.164831 2.709051 3.353427 4.106149 4.973369 5.958442 7.061179 8.277145 9.597089 11.006545 12.485680 14.009428 15.547955 17.067447 18.531234 19.901182 21.139302 22.209479 23.079215 23.721262 24.115046 24.247756 24.115046 23.721262 23.079215 22.209479 21.139302 19.901182 18.531234 17.067447 15.547955 14.009428 12.485680 11.006545 9.597089 8.277145 7.061179 5.958442 4.973369 4.106149 3.353427 2.709051 2.164831 1.711251 1.338109 1.035051 0.792009 0.599516 0.448932 0.332564 0.243719 0.176697 0.126737 0.089932 0.063135 0.043851 0.030133 0.020487 0.013781 0.009172 0.006040 0.003936 0.002538 0.001620 0.001025 0.000644 0.000405 0.000259 0.000176 0.000139 0.000139 
0.000101 0.000101 0.000129 0.000192 0.000304 0.000489 0.000787 0.001257 0.001989 0.003117 0.004833 0.007416 0.011260 0.016915 0.025142 0.036973 0.053796 0.077441 0.110293 0.155408 0.216639 0.298768 0.407625 0.550187 0.734641 0.970400 1.268036 1.639126 2.095984 2.651266 3.317445 4.106149 5.027384 6.088656 7.294055 8.643330 10.131042 11.745861 13.470081 15.279436 17.143266 19.025081 20.883535 22.673788 24.349217 25.863378 27.172122 28.235721 29.020868 29.502414 29.664701 29.502414 29.020868 28.235721 27.172122 25.863378 24.349217 22.673788 20.883535 19.025081 17.143266 15.279436 13.470081 11.745861 10.131042 8.643330 7.294055 6.088656 5.027384 4.106149 3.317445 2.651266 2.095984 1.639126 1.268036 0.970400 0.734641 0.550187 0.407625 0.298768 0.216639 0.155408 0.110293 0.077441 0.053796 0.036973 0.025142 0.016915 0.011260 0.007417 0.004834 0.003118 0.001991 0.001260 0.000792 0.000497 0.000318 0.000217 0.000171 0.000171 
0.000123 0.000123 0.000157 0.000234 0.000369 0.000594 0.000956 0.001527 0.002417 0.003787 0.005871 0.009006 0.013672 0.020534 0.030516 0.044870 0.065275 0.093952 0.133788 0.188486 0.262714 0.362262 0.494190 0.666943 0.890433 1.176053 1.536596 1.986068 2.539365 3.211797 4.018446 4.973369 6.088656 7.373374 8.832450 10.465564 12.266114 14.220373 16.306907 18.496346 20.751590 23.028493 25.277038 27.442987 29.469950 31.301759 32.885021 34.171694 35.121502 35.704031 35.900350 35.704031 35.121502 34.171694 32.885021 31.301759 29.469950 27.442987 25.277038 23.028493 20.751590 18.496346 16.306907 14.220373 12.266114 10.465564 8.832450 7.373374 6.088656 4.973369 4.018446 3.211797 2.539365 1.986068 1.536596 1.176053 0.890433 0.666943 0.494190 0.362262 0.262714 0.188486 0.133788 0.093952 0.065275 0.044870 0.030516 0.020535 0.013672 0.009007 0.005871 0.003788 0.002419 0.001531 0.000962 0.000605 0.000387 0.000264 0.000209 0.000209 
0.000148 0.000148 0.000189 0.000281 0.000444 0.000715 0.001149 0.001836 0.002905 0.004549 0.007052 0.010817 0.016417 0.024655 0.036633 0.053856 0.078337 0.112736 0.160515 0.226109 0.315112 0.434461 0.592610 0.799673 1.067521 1.409790 1.841796 2.380304 3.043139 3.848617 4.814781 5.958442 7.294055 8.832450 10.579507 12.534815 14.690454 17.029976 19.527709 22.148491 24.847916 27.573149 30.264334 32.856576 35.282405 37.474619 39.369346 40.909110 42.045733 42.742832 42.977761 42.742832 42.045733 40.909110 39.369346 37.474619 35.282405 32.856576 30.264334 27.573149 24.847916 22.148491 19.527709 17.029976 14.690454 12.534815 10.579507 8.832450 7.294055 5.958442 4.814781 3.848617 3.043139 2.380304 1.841796 1.409790 1.067521 0.799673 0.592610 0.434461 0.315112 0.226109 0.160515 0.112736 0.078337 0.053856 0.036634 0.024655 0.016418 0.010817 0.007053 0.004551 0.002907 0.001840 0.001157 0.000727 0.000466 0.000318 0.000251 0.000251 
0.000176 0.000176 0.000225 0.000334 0.000528 0.000850 0.001366 0.002182 0.003452 0.005406 0.008378 0.012849 0.019498 0.029277 0.043495 0.063934 0.092983 0.133795 0.190475 0.268278 0.373835 0.515365 0.702882 0.948371 1.265890 1.671590 2.183605 2.821784 3.607229 4.561620 5.706307 7.061179 8.643330 10.465564 12.534815 14.850574 17.403441 20.173918 23.131595 26.234829 29.431042 32.657681 35.843893 38.912862 41.784732 44.379971 46.622984 48.445757 49.791275 50.616484 50.894587 50.616484 49.791275 48.445757 46.622984 44.379971 41.784732 38.912862 35.843893 32.657681 29.431042 26.234829 23.131595 20.173918 17.403441 14.850574 12.534815 10.465564 8.643330 7.061179 5.706307 4.561620 3.607229 2.821784 2.183605 1.671590 1.265890 0.948371 0.702882 0.515365 0.373835 0.268278 0.190475 0.133795 0.092983 0.063934 0.043495 0.029277 0.019498 0.012849 0.008379 0.005407 0.003454 0.002187 0.001375 0.000865 0.000554 0.000378 0.000299 0.000299 
0.000208 0.000208 0.000265 0.000393 0.000621 0.000999 0.001607 0.002565 0.004057 0.006352 0.009844 0.015094 0.022902 0.034383 0.051074 0.075066 0.109158 0.157050 0.223553 0.314832 0.438655 0.604658 0.824578 1.112455 1.484762 1.960419 2.560668 3.308755 4.229391 5.347958 6.689450 8.277145 10.131042 12.266114 14.690454 17.403441 20.394036 23.639384 27.103848 30.738647 34.482193 38.261234 41.992799 45.586946 48.950176 51.989375 54.616046 56.750564 58.326184 59.292508 59.618167 59.292508 58.326184 56.750564 54.616046 51.989375 48.950176 45.586946 41.992799 38.261234 34.482193 30.738647 27.103848 23.639384 20.394036 17.403441 14.690454 12.266114 10.131042 8.277145 6.689450 5.347958 4.229391 3.308755 2.560668 1.960419 1.484762 1.112455 0.824578 0.604658 0.438655 0.314832 0.223553 0.157050 0.109158 0.075066 0.051074 0.034383 0.022902 0.015095 0.009845 0.006354 0.004060 0.002571 0.001617 0.001017 0.000651 0.000444 0.000351 0.000351 
0.000242 0.000242 0.000308 0.000458 0.000723 0.001162 0.001868 0.002982 0.004715 0.007382 0.011438 0.017537 0.026605 0.039936 0.059316 0.087168 0.126741 0.182327 0.259504 0.365421 0.509087 0.701672 0.956781 1.290689 1.722486 2.274097 2.970134 3.837528 4.904904 6.201660 7.756738 9.597089 11.745861 14.220373 17.029976 20.173918 23.639384 27.399869 31.414067 35.625450 39.962664 44.340846 48.663890 52.827616 56.723734 60.244406 63.287143 65.759734 67.584889 68.704244 69.081474 68.704244 67.584889 65.759734 63.287143 60.244406 56.723734 52.827616 48.663890 44.340846 39.962664 35.625450 31.414067 27.399869 23.639384 20.173918 17.029976 14.220373 11.745861 9.597089 7.756738 6.201660 4.904904 3.837528 2.970134 2.274097 1.722486 1.290689 0.956781 0.701672 0.509087 0.365421 0.259504 0.182327 0.126742 0.087168 0.059316 0.039937 0.026605 0.017537 0.011439 0.007384 0.004719 0.002988 0.001880 0.001182 0.000758 0.000517 0.000409 0.000409 
0.000278 0.000278 0.000355 0.000526 0.000831 0.001336 0.002148 0.003428 0.005420 0.008484 0.013144 0.020150 0.030565 0.045876 0.068130 0.100110 0.145542 0.209350 0.297935 0.419496 0.584364 0.805348 1.098050 1.481128 1.976466 2.609196 3.407526 4.402320 5.626377 7.113379 8.896479 11.006545 13.470081 16.306907 19.527709 23.131595 27.103848 31.414067 36.014894 40.841533 45.812208 50.829671 55.783800 60.555228 65.019889 69.054238 72.540862 75.374129 77.465497 78.748112 79.180359 78.748112 77.465497 75.374129 72.540862 69.054238 65.019889 60.555228 55.783800 50.829671 45.812208 40.841533 36.014894 31.414067 27.103848 23.131595 19.527709 16.306907 13.470081 11.006545 8.896479 7.113379 5.626377 4.402320 3.407526 2.609196 1.976466 1.481128 1.098050 0.805348 0.584364 0.419496 0.297936 0.209351 0.145542 0.100110 0.068130 0.045876 0.030566 0.020151 0.013145 0.008487 0.005424 0.003435 0.002161 0.001360 0.000871 0.000595 0.000470 0.000470 
0.000316 0.000316 0.000404 0.000599 0.000945 0.001520 0.002442 0.003897 0.006161 0.009644 0.014938 0.022897 0.034729 0.052120 0.077394 0.113709 0.165297 0.237742 0.338308 0.476297 0.663429 0.914232 1.246401 1.681096 2.243133 2.961006 3.866696 4.995189 6.383663 8.070289 10.092638 12.485680 15.279436 18.496346 22.148491 26.234829 30.738647 35.625450 40.841533 46.313429 51.948430 57.636302 63.252225 68.660912 73.721755 78.294742 82.246816 85.458274 87.828781 89.282580 89.772516 89.282580 87.828781 85.458274 82.246816 78.294742 73.721755 68.660912 63.252225 57.636302 51.948430 46.313429 40.841533 35.625450 30.738647 26.234829 22.148491 18.496346 15.279436 12.485680 10.092638 8.070289 6.383663 4.995189 3.866696 2.961006 2.243133 1.681096 1.246401 0.914232 0.663429 0.476297 0.338309 0.237742 0.165297 0.113709 0.077394 0.052120 0.034729 0.022898 0.014939 0.009646 0.006166 0.003906 0.002457 0.001546 0.000991 0.000677 0.000535 0.000535 
0.000356 0.000356 0.000454 0.000673 0.001063 0.001709 0.002746 0.004381 0.006926 0.010840 0.016789 0.025732 0.039025 0.058560 0.086949 0.127736 0.185671 0.267021 0.379939 0.534861 0.744940 1.026476 1.399318 1.887204 2.517966 3.323564 4.339861 5.606087 7.163927 9.056175 11.324944 14.009428 17.143266 20.751590 24.847916 29.431042 34.482193 39.962664 45.812208 51.948430 58.267369 64.645421 70.942639 77.007346 82.681911 87.809373 92.240577 95.841336 98.499180 100.129190 100.678508 100.129190 98.499180 95.841336 92.240577 87.809373 82.681911 77.007346 70.942639 64.645421 58.267369 51.948430 45.812208 39.962664 34.482193 29.431042 24.847916 20.751590 17.143266 14.009428 11.324944 9.056175 7.163927 5.606087 4.339861 3.323564 2.517966 1.887204 1.399318 1.026476 0.744940 0.534861 0.379939 0.267021 0.185671 0.127736 0.086949 0.058561 0.039025 0.025733 0.016791 0.010843 0.006932 0.004391 0.002763 0.001739 0.001115 0.000761 0.000602 0.000602 
0.000396 0.000396 0.000505 0.000749 0.001183 0.001901 0.003053 0.004871 0.007700 0.012050 0.018661 0.028599 0.043368 0.065072 0.096609 0.141915 0.206263 0.296611 0.422009 0.594039 0.827300 1.139879 1.553804 2.095410 2.795579 3.689764 4.817747 6.223044 7.951885 10.051726 12.569264 15.547955 19.025081 23.028493 27.573149 32.657681 38.261234 44.340846 50.829671 57.636302 64.645421 71.719935 78.704631 85.431301 91.725133 97.412074 102.326722 106.320286 109.268050 111.075854 111.685087 111.075854 109.268050 106.320286 102.326722 97.412074 91.725133 85.431301 78.704631 71.719935 64.645421 57.636302 50.829671 44.340846 38.261234 32.657681 27.573149 23.028493 19.025081 15.547955 12.569264 10.051726 7.951885 6.223044 4.817747 3.689764 2.795579 2.095410 1.553804 1.139879 0.827300 0.594039 0.422009 0.296611 0.206263 0.141915 0.096609 0.065073 0.043369 0.028600 0.018663 0.012053 0.007706 0.004882 0.003072 0.001934 0.001240 0.000847 0.000669 0.000669 
0.000436 0.000436 0.000556 0.000824 0.001301 0.002090 0.003358 0.005356 0.008466 0.013247 0.020513 0.031434 0.047663 0.071511 0.106160 0.155933 0.226620 0.325861 0.463590 0.652526 0.908692 1.251942 1.706453 2.301129 3.069858 4.051545 5.289841 6.832489 8.730206 11.035052 13.798247 17.067447 20.883535 25.277038 30.264334 35.843893 41.992799 48.663890 55.783800 63.252225 70.942639 78.704631 86.367925 93.747991 100.653071 106.892234 112.284054 116.665319 119.899236 121.882522 122.550892 121.882522 119.899236 116.665319 112.284054 106.892234 100.653071 93.747991 86.367925 78.704631 70.942639 63.252225 55.783800 48.663890 41.992799 35.843893 30.264334 25.277038 20.883535 17.067447 13.798247 11.035052 8.730206 6.832489 5.289841 4.051545 3.069858 2.301129 1.706453 1.251942 0.908692 0.652526 0.463590 0.325861 0.226620 0.155933 0.106160 0.071511 0.047664 0.031435 0.020515 0.013250 0.008473 0.005368 0.003379 0.002127 0.001364 0.000931 0.000737 0.000737 
