0.000000 0.000000 0.000000 0.000000 0.000000 0.000000 0.000000 0.000000 0.000000 0.000000 0.000000 0.000000 0.000000 0.000000 0.000000 0.000000 0.000000 0.000000 0.000000 0.000000 0.000000 0.000000 0.000000 0.000001 0.000001 0.000001 0.000001 0.000002 0.000003 0.000004 0.000005 0.000006 0.000008 0.000010 0.000012 0.000015 0.000019 0.000022 0.000026 0.000031 0.000035 0.000040 0.000045 0.000050 0.000054 0.000059 0.000062 0.000065 0.000067 0.000069 0.000069 0.000069 0.000067 0.000065 0.000062 0.000059 0.000054 0.000050 0.000045 0.000040 0.000035 0.000031 0.000026 0.000022 0.000019 0.000015 0.000012 0.000010 0.000008 0.000006 0.000005 0.000004 0.000003 0.000002 0.000001 0.000001 0.000001 0.000001 0.000000 0.000000 0.000000 0.000000 0.000000 0.000000 0.000000 0.000000 0.000000 0.000000 0.000000 0.000000 0.000000 0.000000 0.000000 0.000000 0.000000 0.000000 0.000000 0.000000 0.000000 0.000000 
0.000000 0.000000 0.000000 0.000000 0.000000 0.000000 0.000000 0.000000 0.000000 0.000000 0.000000 0.000000 0.000000 0.000000 0.000000 0.000000 0.000000 0.000000 0.000000 0.000000 0.000000 0.000000 0.000000 0.000001 0.000001 0.000001 0.000001 0.000002 0.000003 0.000004 0.000005 0.000006 0.000008 0.000010 0.000012 0.000015 0.000019 0.000022 0.000026 0.000031 0.000035 0.000040 0.000045 0.000050 0.000054 0.000059 0.000062 0.000065 0.000067 0.000069 0.000069 0.000069 0.000067 0.000065 0.000062 0.000059 0.000054 0.000050 0.000045 0.000040 0.000035 0.000031 0.000026 0.000022 0.000019 0.000015 0.000012 0.000010 0.000008 0.000006 0.000005 0.000004 0.000003 0.000002 0.000001 0.000001 0.000001 0.000001 0.000000 0.000000 0.000000 0.000000 0.000000 0.000000 0.000000 0.000000 0.000000 0.000000 0.000000 0.000000 0.000000 0.000000 0.000000 0.000000 0.000000 0.000000 0.000000 0.000000 0.000000 0.000000 
0.000000 0.000000 0.000000 0.000000 0.000000 0.000000 0.000000 0.000000 0.000000 0.000000 0.000000 0.000000 0.000000 0.000000 0.000000 0.000000 0.000000 0.000000 0.000000 0.000000 0.000000 0.000000 0.000001 0.000001 0.000001 0.000001 0.000002 0.000003 0.000004 0.000005 0.000007 0.000009 0.000011 0.000014 0.000017 0.000021 0.000026 0.000031 0.000036 0.000043 0.000049 0.000056 0.000062 0.000069 0.000075 0.000081 0.000086 0.000090 0.000093 0.000095 0.000096 0.000095 0.000093 0.000090 0.000086 0.000081 0.000075 0.000069 0.000062 0.000056 0.000049 0.000043 0.000036 0.000031 0.000026 0.000021 0.000017 0.000014 0.000011 0.000009 0.000007 0.000005 0.000004 0.000003 0.000002 0.000001 0.000001 0.000001 0.000001 0.000000 0.000000 0.000000 0.000000 0.000000 0.000000 0.000000 0.000000 0.000000 0.000000 0.000000 0.000000 0.000000 0.000000 0.000000 0.000000 0.000000 0.000000 0.000000 0.000000 0.000000 
0.000000 0.000000 0.000000 0.000000 0.000000 0.000000 0.000000 0.000000 0.000000 0.000000 0.000000 0.000000 0.000000 0.000000 0.000000 0.000000 0.000000 0.000000 0.000000 0.000000 0.000000 0.000001 0.000001 0.000001 0.000002 0.000002 0.000003 0.000005 0.000006 0.000008 0.000011 0.000014 0.000018 0.000023 0.000029 0.000035 0.000043 0.000051 0.000060 0.000070 0.000081 0.000092 0.000103 0.000114 0.000124 0.000134 0.000142 0.000149 0.000154 0.000157 0.000158 0.000157 0.000154 0.000149 0.000142 0.000134 0.000124 0.000114 0.000103 0.000092 0.000081 0.000070 0.000060 0.000051 0.000043 0.000035 0.000029 0.000023 0.000018 0.000014 0.000011 0.000008 0.000006 0.000005 0.000003 0.000002 0.000002 0.000001 0.000001 0.000001 0.000000 0.000000 0.000000 0.000000 0.000000 0.000000 0.000000 0.000000 0.000000 0.000000 0.000000 0.000000 0.000000 0.000000 0.000000 0.000000 0.000000 0.000000 0.000000 0.000000 
0.000000 0.000000 0.000000 0.000000 0.000000 0.000000 0.000000 0.000000 0.000000 0.000000 0.000000 0.000000 0.000000 0.000000 0.000000 0.000000 0.000000 0.000000 0.000000 0.000000 0.000001 0.000001 0.000001 0.000002 0.000003 0.000004 0.000006 0.000008 0.000011 0.000015 0.000019 0.000025 0.000032 0.000040 0.000050 0.000061 0.000075 0.000089 0.000105 0.000123 0.000142 0.000161 0.000180 0.000199 0.000217 0.000234 0.000248 0.000260 0.000269 0.000275 0.000276 0.000275 0.000269 0.000260 0.000248 0.000234 0.000217 0.000199 0.000180 0.000161 0.000142 0.000123 0.000105 0.000089 0.000075 0.000061 0.000050 0.000040 0.000032 0.000025 0.000019 0.000015 0.000011 0.000008 0.000006 0.000004 0.000003 0.000002 0.000001 0.000001 0.000001 0.000000 0.000000 0.000000 0.000000 0.000000 0.000000 0.000000 0.000000 0.000000 0.000000 0.000000 0.000000 0.000000 0.000000 0.000000 0.000000 0.000000 0.000000 0.000000 
0.000000 0.000000 0.000000 0.000000 0.000000 0.000000 0.000000 0.000000 0.000000 0.000000 0.000000 0.000000 0.000000 0.000000 0.000000 0.000000 0.000000 0.000000 0.000001 0.000001 0.000001 0.000002 0.000003 0.000004 0.000005 0.000008 0.000010 0.000014 0.000019 0.000026 0.000034 0.000044 0.000056 0.000071 0.000088 0.000109 0.000132 0.000158 0.000186 0.000217 0.000250 0.000284 0.000318 0.000351 0.000383 0.000412 0.000438 0.000459 0.000475 0.000484 0.000487 0.000484 0.000475 0.000459 0.000438 0.000412 0.000383 0.000351 0.000318 0.000284 0.000250 0.000217 0.000186 0.000158 0.000132 0.000109 0.000088 0.000071 0.000056 0.000044 0.000034 0.000026 0.000019 0.000014 0.000010 0.000008 0.000005 0.000004 0.000003 0.000002 0.000001 0.000001 0.000001 0.000000 0.000000 0.000000 0.000000 0.000000 0.000000 0.000000 0.000000 0.000000 0.000000 0.000000 0.000000 0.000000 0.000000 0.000000 0.000000 0.000000 
0.000000 0.000000 0.000000 0.000000 0.000000 0.000000 0.000000 0.000000 0.000000 0.000000 0.000000 0.000000 0.000000 0.000000 0.000000 0.000000 0.000000 0.000001 0.000001 0.000001 0.000002 0.000003 0.000005 0.000007 0.000010 0.000013 0.000018 0.000025 0.000034 0.000045 0.000060 0.000077 0.000099 0.000124 0.000155 0.000191 0.000231 0.000277 0.000327 0.000381 0.000438 0.000498 0.000557 0.000616 0.000672 0.000723 0.000768 0.000805 0.000832 0.000849 0.000854 0.000849 0.000832 0.000805 0.000768 0.000723 0.000672 0.000616 0.000557 0.000498 0.000438 0.000381 0.000327 0.000277 0.000231 0.000191 0.000155 0.000124 0.000099 0.000077 0.000060 0.000045 0.000034 0.000025 0.000018 0.000013 0.000010 0.000007 0.000005 0.000003 0.000002 0.000001 0.000001 0.000001 0.000000 0.000000 0.000000 0.000000 0.000000 0.000000 0.000000 0.000000 0.000000 0.000000 0.000000 0.000000 0.000000 0.000000 0.000000 0.000000 
0.000000 0.000000 0.000000 0.000000 0.000000 0.000000 0.000000 0.000000 0.000000 0.000000 0.000000 0.000000 0.000000 0.000000 0.000000 0.000000 0.000001 0.000001 0.000002 0.000003 0.000004 0.000006 0.000008 0.000012 0.000017 0.000023 0.000032 0.000044 0.000059 0.000079 0.000104 0.000134 0.000172 0.000217 0.000270 0.000331 0.000402 0.000481 0.000568 0.000662 0.000761 0.000864 0.000968 0.001069 0.001166 0.001255 0.001332 0.001396 0.001443 0.001472 0.001482 0.001472 0.001443 0.001396 0.001332 0.001255 0.001166 0.001069 0.000968 0.000864 0.000761 0.000662 0.000568 0.000481 0.000402 0.000331 0.000270 0.000217 0.000172 0.000134 0.000104 0.000079 0.000059 0.000044 0.000032 0.000023 0.000017 0.000012 0.000008 0.000006 0.000004 0.000003 0.000002 0.000001 0.000001 0.000000 0.000000 0.000000 0.000000 0.000000 0.000000 0.000000 0.000000 0.000000 0.000000 0.000000 0.000000 0.000000 0.000000 0.000000 
0.000000 0.000000 0.000000 0.000000 0.000000 0.000000 0.000000 0.000000 0.000000 0.000000 0.000000 0.000000 0.000000 0.000000 0.000000 0.000001 0.000001 0.000002 0.000003 0.000004 0.000007 0.000010 0.000014 0.000020 0.000029 0.000040 0.000056 0.000076 0.000102 0.000136 0.000178 0.000231 0.000295 0.000372 0.000463 0.000569 0.000690 0.000826 0.000975 0.001136 0.001306 0.001482 0.001660 0.001834 0.002000 0.002152 0.002285 0.002394 0.002475 0.002524 0.002541 0.002524 0.002475 0.002394 0.002285 0.002152 0.002000 0.001834 0.001660 0.001482 0.001306 0.001136 0.000975 0.000826 0.000690 0.000569 0.000463 0.000372 0.000295 0.000231 0.000178 0.000136 0.000102 0.000076 0.000056 0.000040 0.000029 0.000020 0.000014 0.000010 0.000007 0.000004 0.000003 0.000002 0.000001 0.000001 0.000000 0.000000 0.000000 0.000000 0.000000 0.000000 0.000000 0.000000 0.000000 0.000000 0.000000 0.000000 0.000000 0.000000 
0.000000 0.000000 0.000000 0.000000 0.000000 0.000000 0.000000 0.000000 0.000000 0.000000 0.000000 0.000000 0.000000 0.000001 0.000001 0.000001 0.000002 0.000003 0.000005 0.000007 0.000011 0.000016 0.000024 0.000034 0.000049 0.000068 0.000095 0.000129 0.000174 0.000231 0.000303 0.000392 0.000501 0.000632 0.000787 0.000966 0.001171 0.001401 0.001654 0.001927 0.002215 0.002513 0.002814 0.003108 0.003389 0.003646 0.003871 0.004055 0.004192 0.004277 0.004305 0.004277 0.004192 0.004055 0.003871 0.003646 0.003389 0.003108 0.002814 0.002513 0.002215 0.001927 0.001654 0.001401 0.001171 0.000966 0.000787 0.000632 0.000501 0.000392 0.000303 0.000231 0.000174 0.000129 0.000095 0.000068 0.000049 0.000034 0.000024 0.000016 0.000011 0.000007 0.000005 0.000003 0.000002 0.000001 0.000001 0.000001 0.000000 0.000000 0.000000 0.000000 0.000000 0.000000 0.000000 0.000000 0.000000 0.000000 0.000000 0.000000 
0.000000 0.000000 0.000000 0.000000 0.000000 0.000000 0.000000 0.000000 0.000000 0.000000 0.000000 0.000000 0.000001 0.000001 0.000001 0.000002 0.000004 0.000005 0.000008 0.000013 0.000019 0.000028 0.000040 0.000058 0.000082 0.000115 0.000159 0.000217 0.000292 0.000388 0.000509 0.000659 0.000841 0.001061 0.001320 0.001620 0.001963 0.002348 0.002771 0.003228 0.003710 0.004208 0.004711 0.005204 0.005673 0.006102 0.006478 0.006786 0.007015 0.007157 0.007204 0.007157 0.007015 0.006786 0.006478 0.006102 0.005673 0.005204 0.004711 0.004208 0.003710 0.003228 0.002771 0.002348 0.001963 0.001620 0.001320 0.001061 0.000841 0.000659 0.000509 0.000388 0.000292 0.000217 0.000159 0.000115 0.000082 0.000058 0.000040 0.000028 0.000019 0.000013 0.000008 0.000005 0.000004 0.000002 0.000001 0.000001 0.000001 0.000000 0.000000 0.000000 0.000000 0.000000 0.000000 0.000000 0.000000 0.000000 0.000000 0.000000 
0.000000 0.000000 0.000000 0.000000 0.000000 0.000000 0.000000 0.000000 0.000000 0.000000 0.000000 0.000001 0.000001 0.000001 0.000002 0.000004 0.000006 0.000009 0.000014 0.000021 0.000031 0.000046 0.000067 0.000097 0.000137 0.000191 0.000264 0.000360 0.000485 0.000644 0.000844 0.001092 0.001394 0.001757 0.002186 0.002683 0.003251 0.003887 0.004586 0.005341 0.006138 0.006961 0.007791 0.008605 0.009380 0.010089 0.010710 0.011218 0.011597 0.011830 0.011908 0.011830 0.011597 0.011218 0.010710 0.010089 0.009380 0.008605 0.007791 0.006961 0.006138 0.005341 0.004586 0.003887 0.003251 0.002683 0.002186 0.001757 0.001394 0.001092 0.000844 0.000644 0.000485 0.000360 0.000264 0.000191 0.000137 0.000097 0.000067 0.000046 0.000031 0.000021 0.000014 0.000009 0.000006 0.000004 0.000002 0.000001 0.000001 0.000001 0.000000 0.000000 0.000000 0.000000 0.000000 0.000000 0.000000 0.000000 0.000000 0.000000 
0.000000 0.000000 0.000000 0.000000 0.000000 0.000000 0.000000 0.000000 0.000000 0.000000 0.000001 0.000001 0.000001 0.000002 0.000004 0.000006 0.000010 0.000015 0.000023 0.000035 0.000052 0.000076 0.000111 0.000159 0.000225 0.000314 0.000434 0.000591 0.000795 0.001055 0.001383 0.001788 0.002283 0.002876 0.003576 0.004389 0.005316 0.006354 0.007497 0.008728 0.010029 0.011372 0.012727 0.014055 0.015318 0.016476 0.017488 0.018317 0.018934 0.019314 0.019442 0.019314 0.018934 0.018317 0.017488 0.016476 0.015318 0.014055 0.012727 0.011372 0.010029 0.008728 0.007497 0.006354 0.005316 0.004389 0.003576 0.002876 0.002283 0.001788 0.001383 0.001055 0.000795 0.000591 0.000434 0.000314 0.000225 0.000159 0.000111 0.000076 0.000052 0.000035 0.000023 0.000015 0.000010 0.000006 0.000004 0.000002 0.000001 0.000001 0.000001 0.000000 0.000000 0.000000 0.000000 0.000000 0.000000 0.000000 0.000000 0.000000 
0.000000 0.000000 0.000000 0.000000 0.000000 0.000000 0.000000 0.000000 0.000000 0.000001 0.000001 0.000001 0.000002 0.000004 0.000006 0.000010 0.000016 0.000024 0.000037 0.000056 0.000084 0.000123 0.000179 0.000257 0.000364 0.000509 0.000703 0.000957 0.001287 0.001708 0.002237 0.002892 0.003691 0.004649 0.005779 0.007090 0.008586 0.010261 0.012103 0.014089 0.016186 0.018351 0.020534 0.022675 0.024710 0.026575 0.028204 0.029541 0.030535 0.031147 0.031353 0.031147 0.030535 0.029541 0.028204 0.026575 0.024710 0.022675 0.020534 0.018351 0.016186 0.014089 0.012103 0.010261 0.008586 0.007090 0.005779 0.004649 0.003691 0.002892 0.002237 0.001708 0.001287 0.000957 0.000703 0.000509 0.000364 0.000257 0.000179 0.000123 0.000084 0.000056 0.000037 0.000024 0.000016 0.000010 0.000006 0.000004 0.000002 0.000001 0.000001 0.000001 0.000000 0.000000 0.000000 0.000000 0.000000 0.000000 0.000000 0.000000 
0.000000 0.000000 0.000000 0.000000 0.000000 0.000000 0.000000 0.000000 0.000000 0.000001 0.000001 0.000002 0.000004 0.000006 0.000010 0.000016 0.000025 0.000039 0.000060 0.000090 0.000134 0.000198 0.000287 0.000412 0.000583 0.000815 0.001124 0.001531 0.002057 0.002729 0.003574 0.004619 0.005893 0.007421 0.009223 0.011313 0.013696 0.016365 0.019299 0.022461 0.025800 0.029248 0.032722 0.036129 0.039368 0.042335 0.044928 0.047055 0.048636 0.049609 0.049938 0.049609 0.048636 0.047055 0.044928 0.042335 0.039368 0.036129 0.032722 0.029248 0.025800 0.022461 0.019299 0.016365 0.013696 0.011313 0.009223 0.007421 0.005893 0.004619 0.003574 0.002729 0.002057 0.001531 0.001124 0.000815 0.000583 0.000412 0.000287 0.000198 0.000134 0.000090 0.000060 0.000039 0.000025 0.000016 0.000010 0.000006 0.000004 0.000002 0.000001 0.000001 0.000000 0.000000 0.000000 0.000000 0.000000 0.000000 0.000000 0.000000 
0.000000 0.000000 0.000000 0.000000 0.000000 0.000000 0.000000 0.000000 0.000001 0.000001 0.000002 0.000004 0.000006 0.000010 0.000016 0.000026 0.000040 0.000062 0.000095 0.000143 0.000213 0.000313 0.000455 0.000652 0.000922 0.001288 0.001776 0.002418 0.003248 0.004308 0.005639 0.007287 0.009293 0.011699 0.014536 0.017826 0.021577 0.025777 0.030392 0.035366 0.040617 0.046038 0.051499 0.056855 0.061947 0.066610 0.070685 0.074027 0.076511 0.078041 0.078558 0.078041 0.076511 0.074027 0.070685 0.066610 0.061947 0.056855 0.051499 0.046038 0.040617 0.035366 0.030392 0.025777 0.021577 0.017826 0.014536 0.011699 0.009293 0.007287 0.005639 0.004308 0.003248 0.002418 0.001776 0.001288 0.000922 0.000652 0.000455 0.000313 0.000213 0.000143 0.000095 0.000062 0.000040 0.000026 0.000016 0.000010 0.000006 0.000004 0.000002 0.000001 0.000001 0.000000 0.000000 0.000000 0.000000 0.000000 0.000000 0.000000 
0.000000 0.000000 0.000000 0.000000 0.000000 0.000000 0.000000 0.000001 0.000001 0.000002 0.000004 0.000006 0.000010 0.000016 0.000025 0.000040 0.000063 0.000097 0.000148 0.000224 0.000333 0.000490 0.000711 0.001018 0.001440 0.002011 0.002771 0.003771 0.005064 0.006714 0.008787 0.011351 0.014473 0.018215 0.022626 0.027742 0.033571 0.040097 0.047268 0.054995 0.063151 0.071569 0.080049 0.088365 0.096268 0.103507 0.109833 0.115020 0.118874 0.121249 0.122051 0.121249 0.118874 0.115020 0.109833 0.103507 0.096268 0.088365 0.080049 0.071569 0.063151 0.054995 0.047268 0.040097 0.033571 0.027742 0.022626 0.018215 0.014473 0.011351 0.008787 0.006714 0.005064 0.003771 0.002771 0.002011 0.001440 0.001018 0.000711 0.000490 0.000333 0.000224 0.000148 0.000097 0.000063 0.000040 0.000025 0.000016 0.000010 0.000006 0.000004 0.000002 0.000001 0.000001 0.000000 0.000000 0.000000 0.000000 0.000000 0.000000 
0.000000 0.000000 0.000000 0.000000 0.000000 0.000000 0.000001 0.000001 0.000002 0.000003 0.000005 0.000009 0.000015 0.000024 0.000039 0.000062 0.000097 0.000150 0.000229 0.000346 0.000514 0.000756 0.001096 0.001570 0.002220 0.003099 0.004270 0.005807 0.007798 0.010335 0.013521 0.017461 0.022258 0.028006 0.034781 0.042635 0.051584 0.061599 0.072602 0.084457 0.096967 0.109878 0.122883 0.135633 0.147751 0.158848 0.168545 0.176496 0.182404 0.186044 0.187273 0.186044 0.182404 0.176496 0.168545 0.158848 0.147751 0.135633 0.122883 0.109878 0.096967 0.084457 0.072602 0.061599 0.051584 0.042635 0.034781 0.028006 0.022258 0.017461 0.013521 0.010335 0.007798 0.005807 0.004270 0.003099 0.002220 0.001570 0.001096 0.000756 0.000514 0.000346 0.000229 0.000150 0.000097 0.000062 0.000039 0.000024 0.000015 0.000009 0.000005 0.000003 0.000002 0.000001 0.000001 0.000000 0.000000 0.000000 0.000000 0.000000 
0.000000 0.000000 0.000000 0.000000 0.000000 0.000001 0.000001 0.000002 0.000003 0.000005 0.000008 0.000014 0.000023 0.000037 0.000060 0.000095 0.000148 0.000229 0.000350 0.000527 0.000784 0.001152 0.001670 0.002391 0.003380 0.004716 0.006496 0.008832 0.011855 0.015709 0.020546 0.026526 0.033805 0.042524 0.052799 0.064707 0.078273 0.093453 0.110127 0.128088 0.147039 0.166595 0.186291 0.205600 0.223948 0.240749 0.255431 0.267467 0.276411 0.281920 0.283781 0.281920 0.276411 0.267467 0.255431 0.240749 0.223948 0.205600 0.186291 0.166595 0.147039 0.128088 0.110127 0.093453 0.078273 0.064707 0.052799 0.042524 0.033805 0.026526 0.020546 0.015709 0.011855 0.008832 0.006496 0.004716 0.003380 0.002391 0.001670 0.001152 0.000784 0.000527 0.000350 0.000229 0.000148 0.000095 0.000060 0.000037 0.000023 0.000014 0.000008 0.000005 0.000003 0.000002 0.000001 0.000001 0.000000 0.000000 0.000000 0.000000 
0.000000 0.000000 0.000000 0.000000 0.000000 0.000001 0.000001 0.000003 0.000004 0.000007 0.000013 0.000021 0.000035 0.000056 0.000090 0.000143 0.000224 0.000346 0.000527 0.000794 0.001181 0.001734 0.002513 0.003596 0.005081 0.007087 0.009758 0.013264 0.017799 0.023577 0.030829 0.039792 0.050698 0.063759 0.079148 0.096980 0.117288 0.140010 0.164963 0.191837 0.220189 0.249442 0.278902 0.307778 0.335215 0.360337 0.382288 0.400284 0.413655 0.421891 0.424673 0.421891 0.413655 0.400284 0.382288 0.360337 0.335215 0.307778 0.278902 0.249442 0.220189 0.191837 0.164963 0.140010 0.117288 0.096980 0.079148 0.063759 0.050698 0.039792 0.030829 0.023577 0.017799 0.013264 0.009758 0.007087 0.005081 0.003596 0.002513 0.001734 0.001181 0.000794 0.000527 0.000346 0.000224 0.000143 0.000090 0.000056 0.000035 0.000021 0.000013 0.000007 0.000004 0.000003 0.000001 0.000001 0.000000 0.000000 0.000000 0.000000 
0.000000 0.000000 0.000000 0.000000 0.000001 0.000001 0.000002 0.000004 0.000007 0.000011 0.000019 0.000031 0.000052 0.000084 0.000134 0.000213 0.000333 0.000514 0.000784 0.001181 0.001755 0.002576 0.003733 0.005340 0.007542 0.010516 0.014475 0.019670 0.026387 0.034943 0.045679 0.058944 0.075082 0.094403 0.117163 0.143529 0.173553 0.207138 0.244015 0.283726 0.325614 0.368827 0.412341 0.454987 0.495506 0.532603 0.565015 0.591585 0.611326 0.623486 0.627593 0.623486 0.611326 0.591585 0.565015 0.532603 0.495506 0.454987 0.412341 0.368827 0.325614 0.283726 0.244015 0.207138 0.173553 0.143529 0.117163 0.094403 0.075082 0.058944 0.045679 0.034943 0.026387 0.019670 0.014475 0.010516 0.007542 0.005340 0.003733 0.002576 0.001755 0.001181 0.000784 0.000514 0.000333 0.000213 0.000134 0.000084 0.000052 0.000031 0.000019 0.000011 0.000007 0.000004 0.000002 0.000001 0.000001 0.000000 0.000000 0.000000 
0.000000 0.000000 0.000000 0.000001 0.000001 0.000002 0.000003 0.000006 0.000010 0.000016 0.000028 0.000046 0.000076 0.000123 0.000198 0.000313 0.000490 0.000756 0.001152 0.001734 0.002576 0.003779 0.005474 0.007829 0.011053 0.015407 0.021201 0.028802 0.038626 0.051137 0.066831 0.086218 0.109796 0.138020 0.171261 0.209761 0.253592 0.302614 0.356433 0.414379 0.475492 0.538532 0.602002 0.664202 0.723293 0.777389 0.824650 0.863391 0.892174 0.909904 0.915891 0.909904 0.892174 0.863391 0.824650 0.777389 0.723293 0.664202 0.602002 0.538532 0.475492 0.414379 0.356433 0.302614 0.253592 0.209761 0.171261 0.138020 0.109796 0.086218 0.066831 0.051137 0.038626 0.028802 0.021201 0.015407 0.011053 0.007829 0.005474 0.003779 0.002576 0.001734 0.001152 0.000756 0.000490 0.000313 0.000198 0.000123 0.000076 0.000046 0.000028 0.000016 0.000010 0.000006 0.000003 0.000002 0.000001 0.000001 0.000000 0.000000 
0.000000 0.000000 0.000001 0.000001 0.000001 0.000003 0.000005 0.000008 0.000014 0.000024 0.000040 0.000067 0.000111 0.000179 0.000287 0.000455 0.000711 0.001096 0.001670 0.002513 0.003733 0.005474 0.007927 0.011332 0.015994 0.022288 0.030661 0.041641 0.055829 0.073892 0.096546 0.124523 0.158542 0.199254 0.247192 0.302704 0.365893 0.436552 0.514113 0.597609 0.685658 0.776470 0.867894 0.957477 1.042577 1.120477 1.188532 1.244314 1.285757 1.311283 1.319905 1.311283 1.285757 1.244314 1.188532 1.120477 1.042577 0.957477 0.867894 0.776470 0.685658 0.597609 0.514113 0.436552 0.365893 0.302704 0.247192 0.199254 0.158542 0.124523 0.096546 0.073892 0.055829 0.041641 0.030661 0.022288 0.015994 0.011332 0.007927 0.005474 0.003733 0.002513 0.001670 0.001096 0.000711 0.000455 0.000287 0.000179 0.000111 0.000067 0.000040 0.000024 0.000014 0.000008 0.000005 0.000003 0.000002 0.000001 0.000001 0.000001 
0.000001 0.000001 0.000001 0.000001 0.000002 0.000004 0.000007 0.000012 0.000020 0.000034 0.000058 0.000097 0.000159 0.000257 0.000412 0.000652 0.001018 0.001570 0.002391 0.003596 0.005340 0.007829 0.011332 0.016195 0.022851 0.031833 0.043780 0.059441 0.079674 0.105426 0.137714 0.177580 0.226044 0.284033 0.352299 0.431336 0.521288 0.621857 0.732233 0.851038 0.976304 1.105488 1.235526 1.362937 1.483960 1.594736 1.691506 1.770821 1.829745 1.866039 1.878296 1.866039 1.829745 1.770821 1.691506 1.594736 1.483960 1.362937 1.235526 1.105488 0.976304 0.851038 0.732233 0.621857 0.521288 0.431336 0.352299 0.284033 0.226044 0.177580 0.137714 0.105426 0.079674 0.059441 0.043780 0.031833 0.022851 0.016195 0.011332 0.007829 0.005340 0.003596 0.002391 0.001570 0.001018 0.000652 0.000412 0.000257 0.000159 0.000097 0.000058 0.000034 0.000020 0.000012 0.000007 0.000004 0.000002 0.000001 0.000001 0.000001 
0.000001 0.000001 0.000001 0.000002 0.000003 0.000005 0.000010 0.000017 0.000029 0.000049 0.000082 0.000137 0.000225 0.000364 0.000583 0.000922 0.001440 0.002220 0.003380 0.005081 0.007542 0.011053 0.015994 0.022851 0.032234 0.044890 0.061720 0.083777 0.112265 0.148515 0.193954 0.250046 0.318220 0.399776 0.495767 0.606885 0.733326 0.874668 1.029769 1.196693 1.372674 1.554138 1.736783 1.915720 2.085674 2.241227 2.377105 2.488468 2.571200 2.622155 2.639364 2.622155 2.571200 2.488468 2.377105 2.241227 2.085674 1.915720 1.736783 1.554138 1.372674 1.196693 1.029769 0.874668 0.733326 0.606885 0.495767 0.399776 0.318220 0.250046 0.193954 0.148515 0.112265 0.083777 0.061720 0.044890 0.032234 0.022851 0.015994 0.011053 0.007542 0.005081 0.003380 0.002220 0.001440 0.000922 0.000583 0.000364 0.000225 0.000137 0.000082 0.000049 0.000029 0.000017 0.000010 0.000005 0.000003 0.000002 0.000001 0.000001 
0.000001 0.000001 0.000001 0.000002 0.000004 0.000008 0.000013 0.000023 0.000040 0.000068 0.000115 0.000191 0.000314 0.000509 0.000815 0.001288 0.002011 0.003099 0.004716 0.007087 0.010516 0.015407 0.022288 0.031833 0.044890 0.062499 0.085907 0.116579 0.156182 0.206565 0.269704 0.347629 0.442321 0.555575 0.688852 0.843104 1.018598 1.214744 1.429955 1.661539 1.905659 2.157358 2.410670 2.658818 2.894489 3.110178 3.298574 3.452975 3.567674 3.638317 3.662175 3.638317 3.567674 3.452975 3.298574 3.110178 2.894489 2.658818 2.410670 2.157358 1.905659 1.661539 1.429955 1.214744 1.018598 0.843104 0.688852 0.555575 0.442321 0.347629 0.269704 0.206565 0.156182 0.116579 0.085907 0.062499 0.044890 0.031833 0.022288 0.015407 0.010516 0.007087 0.004716 0.003099 0.002011 0.001288 0.000815 0.000509 0.000314 0.000191 0.000115 0.000069 0.000040 0.000023 0.000013 0.000008 0.000004 0.000003 0.000002 0.000002 
0.000001 0.000001 0.000002 0.000003 0.000006 0.000010 0.000018 0.000032 0.000056 0.000095 0.000159 0.000264 0.000434 0.000703 0.001124 0.001776 0.002771 0.004270 0.006496 0.009758 0.014475 0.021201 0.030661 0.043780 0.061720 0.085907 0.118053 0.160163 0.214521 0.283660 0.370284 0.477173 0.607034 0.762322 0.945032 1.156462 1.396968 1.665739 1.960593 2.277839 2.612220 2.956944 3.303846 3.643648 3.966340 4.261653 4.519585 4.730964 4.887986 4.984694 5.017354 4.984694 4.887986 4.730964 4.519585 4.261653 3.966340 3.643648 3.303846 2.956944 2.612220 2.277839 1.960593 1.665739 1.396968 1.156462 0.945032 0.762322 0.607034 0.477173 0.370284 0.283660 0.214521 0.160163 0.118053 0.085907 0.061720 0.043780 0.030661 0.021201 0.014475 0.009758 0.006496 0.004270 0.002771 0.001776 0.001124 0.000703 0.000434 0.000264 0.000159 0.000095 0.000056 0.000032 0.000019 0.000011 0.000006 0.000004 0.000003 0.000003 
0.000002 0.000002 0.000003 0.000005 0.000008 0.000014 0.000025 0.000044 0.000076 0.000129 0.000217 0.000360 0.000591 0.000957 0.001531 0.002418 0.003771 0.005807 0.008832 0.013264 0.019670 0.028802 0.041641 0.059441 0.083777 0.116579 0.160163 0.217241 0.290906 0.384580 0.501920 0.646681 0.822519 1.032749 1.280062 1.566202 1.891645 2.255282 2.654156 3.083271 3.535511 4.001695 4.470780 4.930227 5.366510 5.765751 6.114439 6.400181 6.612438 6.743162 6.787309 6.743162 6.612438 6.400181 6.114439 5.765751 5.366510 4.930227 4.470780 4.001695 3.535511 3.083271 2.654156 2.255282 1.891645 1.566202 1.280062 1.032749 0.822519 0.646681 0.501920 0.384580 0.290906 0.217241 0.160163 0.116579 0.083777 0.059441 0.041641 0.028802 0.019670 0.013264 0.008832 0.005807 0.003771 0.002418 0.001531 0.000957 0.000591 0.000360 0.000217 0.000129 0.000076 0.000044 0.000025 0.000014 0.000008 0.000005 0.000004 0.000004 
0.000003 0.000003 0.000004 0.000006 0.000011 0.000019 0.000034 0.000059 0.000102 0.000174 0.000292 0.000485 0.000795 0.001287 0.002057 0.003248 0.005064 0.007798 0.011855 0.017799 0.026387 0.038626 0.055829 0.079674 0.112265 0.156182 0.214521 0.290906 0.389466 0.514770 0.671701 0.865267 1.100343 1.381351 1.711870 2.094222 2.529027 3.014797 3.547572 4.120673 4.724594 5.347076 5.973377 6.586762 7.169183 7.702123 8.167557 8.548957 8.832261 9.006739 9.065662 9.006739 8.832261 8.548957 8.167557 7.702123 7.169183 6.586762 5.973377 5.347076 4.724594 4.120673 3.547572 3.014797 2.529027 2.094222 1.711870 1.381351 1.100343 0.865267 0.671701 0.514770 0.389466 0.290906 0.214521 0.156182 0.112265 0.079674 0.055829 0.038626 0.026387 0.017799 0.011855 0.007798 0.005064 0.003248 0.002057 0.001287 0.000795 0.000485 0.000292 0.000174 0.000102 0.000059 0.000034 0.000020 0.000011 0.000007 0.000005 0.000005 
0.000004 0.000004 0.000005 0.000008 0.000015 0.000026 0.000045 0.000079 0.000136 0.000231 0.000388 0.000644 0.001055 0.001708 0.002729 0.004308 0.006714 0.010335 0.015709 0.023577 0.034943 0.051137 0.073892 0.105426 0.148515 0.206565 0.283660 0.384580 0.514770 0.680254 0.887466 1.143004 1.453289 1.824137 2.260259 2.764699 3.338263 3.978972 4.681595 5.437316 6.233597 7.054274 7.879918 8.688476 9.456166 10.158597 10.772025 11.274679 11.648042 11.877979 11.955630 11.877979 11.648042 11.274679 10.772025 10.158597 9.456166 8.688476 7.879918 7.054274 6.233597 5.437316 4.681595 3.978972 3.338263 2.764699 2.260259 1.824137 1.453289 1.143004 0.887466 0.680254 0.514770 0.384580 0.283660 0.206565 0.148515 0.105426 0.073892 0.051137 0.034943 0.023577 0.015709 0.010335 0.006714 0.004308 0.002729 0.001708 0.001055 0.000644 0.000388 0.000231 0.000136 0.000079 0.000045 0.000026 0.000015 0.000009 0.000007 0.000007 
0.000005 0.000005 0.000007 0.000011 0.000019 0.000034 0.000060 0.000104 0.000178 0.000303 0.000509 0.000844 0.001383 0.002237 0.003574 0.005639 0.008787 0.013521 0.020546 0.030829 0.045679 0.066831 0.096546 0.137714 0.193954 0.269704 0.370284 0.501920 0.671701 0.887466 1.157588 1.490649 1.894999 2.378197 2.946358 3.603427 4.350437 5.184795 6.099673 7.083586 8.120206 9.188491 10.263157 11.315508 12.314609 13.228729 14.026989 14.681075 15.166905 15.466100 15.567140 15.466100 15.166905 14.681075 14.026989 13.228729 12.314609 11.315508 10.263157 9.188491 8.120206 7.083586 6.099673 5.184795 4.350437 3.603427 2.946358 2.378197 1.894999 1.490649 1.157588 0.887466 0.671701 0.501920 0.370284 0.269704 0.193954 0.137714 0.096546 0.066831 0.045679 0.030829 0.020546 0.013521 0.008787 0.005639 0.003574 0.002237 0.001383 0.000844 0.000509 0.000303 0.000178 0.000104 0.000060 0.000034 0.000020 0.000012 0.000009 0.000009 
0.000006 0.000006 0.000009 0.000014 0.000025 0.000044 0.000077 0.000134 0.000231 0.000392 0.000659 0.001092 0.001788 0.002892 0.004619 0.007287 0.011351 0.017461 0.026526 0.039792 0.058944 0.086218 0.124523 0.177580 0.250046 0.347629 0.477173 0.646681 0.865267 1.143004 1.490649 1.919226 2.439453 3.061030 3.791797 4.636805 5.597359 6.670104 7.846247 9.111013 10.443407 11.816386 13.197460 14.549767 15.833570 17.008117 18.033753 18.874120 19.498297 19.882685 20.012495 19.882685 19.498297 18.874120 18.033753 17.008117 15.833570 14.549767 13.197460 11.816386 10.443407 9.111013 7.846247 6.670104 5.597359 4.636805 3.791797 3.061030 2.439453 1.919226 1.490649 1.143004 0.865267 0.646681 0.477173 0.347629 0.250046 0.177580 0.124523 0.086218 0.058944 0.039792 0.026526 0.017461 0.011351 0.007287 0.004619 0.002892 0.001788 0.001092 0.000659 0.000392 0.000231 0.000134 0.000077 0.000044 0.000026 0.000016 0.000011 0.000011 
0.000008 0.000008 0.000011 0.000018 0.000032 0.000056 0.000099 0.000172 0.000295 0.000501 0.000841 0.001394 0.002283 0.003691 0.005893 0.009293 0.014473 0.022258 0.033805 0.050698 0.075082 0.109796 0.158542 0.226044 0.318220 0.442321 0.607034 0.822519 1.100343 1.453289 1.894999 2.439453 3.100236 3.889641 4.817591 5.890473 7.109914 8.471631 9.964445 11.569589 13.260415 15.002603 16.754938 18.470663 20.099383 21.589423 22.890500 23.956520 24.748280 25.235864 25.400522 25.235864 24.748280 23.956520 22.890500 21.589423 20.099383 18.470663 16.754938 15.002603 13.260415 11.569589 9.964445 8.471631 7.109914 5.890473 4.817591 3.889641 3.100236 2.439453 1.894999 1.453289 1.100343 0.822519 0.607034 0.442321 0.318220 0.226044 0.158542 0.109796 0.075082 0.050698 0.033805 0.022258 0.014473 0.009293 0.005893 0.003691 0.002283 0.001394 0.000841 0.000501 0.000295 0.000172 0.000099 0.000057 0.000033 0.000020 0.000015 0.000015 
0.000010 0.000010 0.000014 0.000023 0.000040 0.000071 0.000124 0.000217 0.000372 0.000632 0.001061 0.001757 0.002876 0.004649 0.007421 0.011699 0.018215 0.028006 0.042524 0.063759 0.094403 0.138020 0.199254 0.284033 0.399776 0.555575 0.762322 1.032749 1.381351 1.824137 2.378197 3.061030 3.889641 4.879406 6.042734 7.387592 8.915991 10.622532 12.493185 14.504417 16.622831 18.805432 21.000597 23.149770 25.189850 27.056138 28.685688 30.020797 31.012393 31.623033 31.829244 31.623033 31.012393 30.020797 28.685688 27.056138 25.189850 23.149770 21.000597 18.805432 16.622831 14.504417 12.493185 10.622532 8.915991 7.387592 6.042734 4.879406 3.889641 3.061030 2.378197 1.824137 1.381351 1.032749 0.762322 0.555575 0.399776 0.284033 0.199254 0.138020 0.094403 0.063759 0.042524 0.028006 0.018215 0.011699 0.007421 0.004649 0.002876 0.001757 0.001061 0.000632 0.000372 0.000217 0.000125 0.000072 0.000041 0.000025 0.000018 0.000018 
0.000012 0.000012 0.000017 0.000029 0.000050 0.000088 0.000155 0.000270 0.000463 0.000787 0.001320 0.002186 0.003576 0.005779 0.009223 0.014536 0.022626 0.034781 0.052799 0.079148 0.117163 0.171261 0.247192 0.352299 0.495767 0.688852 0.945032 1.280062 1.711870 2.260259 2.946358 3.791797 4.817591 6.042734 7.482540 9.146831 11.038055 13.149501 15.463783 17.951769 20.572140 23.271715 25.986655 28.644563 31.167427 33.475274 35.490299 37.141184 38.367285 39.122324 39.377297 39.122324 38.367285 37.141184 35.490299 33.475274 31.167427 28.644563 25.986655 23.271715 20.572140 17.951769 15.463783 13.149501 11.038055 9.146831 7.482540 6.042734 4.817591 3.791797 2.946358 2.260259 1.711870 1.280062 0.945032 0.688852 0.495767 0.352299 0.247192 0.171261 0.117163 0.079148 0.052799 0.034781 0.022626 0.014536 0.009223 0.005779 0.003576 0.002186 0.001320 0.000787 0.000464 0.000270 0.000156 0.000089 0.000052 0.000032 0.000023 0.000023 
0.000015 0.000015 0.000021 0.000035 0.000061 0.000109 0.000191 0.000331 0.000569 0.000966 0.001620 0.002683 0.004389 0.007090 0.011313 0.017826 0.027742 0.042635 0.064707 0.096980 0.143529 0.209761 0.302704 0.431336 0.606885 0.843104 1.156462 1.566202 2.094222 2.764699 3.603427 4.636805 5.890473 7.387592 9.146831 11.180142 13.490470 16.069582 18.896210 21.934756 25.134745 28.431237 31.746292 34.991533 38.071746 40.889327 43.349328 45.364723 46.861512 47.783230 48.094488 47.783230 46.861512 45.364723 43.349328 40.889327 38.071746 34.991533 31.746292 28.431237 25.134745 21.934756 18.896210 16.069582 13.490470 11.180142 9.146831 7.387592 5.890473 4.636805 3.603427 2.764699 2.094222 1.566202 1.156462 0.843104 0.606885 0.431336 0.302704 0.209761 0.143529 0.096980 0.064707 0.042635 0.027742 0.017826 0.011313 0.007090 0.004389 0.002683 0.001620 0.000966 0.000569 0.000332 0.000191 0.000110 0.000063 0.000039 0.000028 0.000028 
0.000019 0.000019 0.000026 0.000043 0.000075 0.000132 0.000231 0.000402 0.000690 0.001171 0.001963 0.003251 0.005316 0.008586 0.013696 0.021577 0.033571 0.051584 0.078273 0.117288 0.173553 0.253592 0.365893 0.521288 0.733326 1.018598 1.396968 1.891645 2.529027 3.338263 4.350437 5.597359 7.109914 8.915991 11.038055 13.490470 16.276741 19.386894 22.795250 26.458862 30.316862 34.290960 38.287212 42.199108 45.911912 49.308019 52.273031 54.702104 56.506089 57.616963 57.992095 57.616963 56.506089 54.702104 52.273031 49.308019 45.911912 42.199108 38.287212 34.290960 30.316862 26.458862 22.795250 19.386894 16.276741 13.490470 11.038055 8.915991 7.109914 5.597359 4.350437 3.338263 2.529027 1.891645 1.396968 1.018598 0.733326 0.521288 0.365893 0.253592 0.173553 0.117288 0.078273 0.051584 0.033571 0.021577 0.013696 0.008586 0.005316 0.003251 0.001963 0.001171 0.000690 0.000402 0.000232 0.000133 0.000077 0.000047 0.000034 0.000034 
0.000022 0.000022 0.000031 0.000051 0.000089 0.000158 0.000277 0.000481 0.000826 0.001401 0.002348 0.003887 0.006354 0.010261 0.016365 0.025777 0.040097 0.061599 0.093453 0.140010 0.207138 0.302614 0.436552 0.621857 0.874668 1.214744 1.665739 2.255282 3.014797 3.978972 5.184795 6.670104 8.471631 10.622532 13.149501 16.069582 19.386894 23.089515 27.146840 31.507716 36.099683 40.829559 45.585551 50.240934 54.659204 58.700461 62.228626 65.118992 67.265524 68.587321 69.033677 68.587321 67.265524 65.118992 62.228626 58.700461 54.659204 50.240934 45.585551 40.829559 36.099683 31.507716 27.146840 23.089515 19.386894 16.069582 13.149501 10.622532 8.471631 6.670104 5.184795 3.978972 3.014797 2.255282 1.665739 1.214744 0.874668 0.621857 0.436552 0.302614 0.207138 0.140010 0.093453 0.061599 0.040097 0.025777 0.016365 0.010261 0.006354 0.003887 0.002348 0.001401 0.000826 0.000481 0.000278 0.000159 0.000092 0.000057 0.000041 0.000041 
0.000026 0.000026 0.000036 0.000060 0.000105 0.000186 0.000327 0.000568 0.000975 0.001654 0.002771 0.004586 0.007497 0.012103 0.019299 0.030392 0.047268 0.072602 0.110127 0.164963 0.244015 0.356433 0.514113 0.732233 1.029769 1.429955 1.960593 2.654156 3.547572 4.681595 6.099673 7.846247 9.964445 12.493185 15.463783 18.896210 22.795250 27.146840 31.914968 37.039494 42.435257 47.992770 53.580697 59.050179 64.240887 68.988516 73.133256 76.528664 79.050225 80.602941 81.127273 80.602941 79.050225 76.528664 73.133256 68.988516 64.240887 59.050179 53.580697 47.992770 42.435257 37.039494 31.914968 27.146840 22.795250 18.896210 15.463783 12.493185 9.964445 7.846247 6.099673 4.681595 3.547572 2.654156 1.960593 1.429955 1.029769 0.732233 0.514113 0.356433 0.244015 0.164963 0.110127 0.072602 0.047268 0.030392 0.019299 0.012103 0.007497 0.004586 0.002771 0.001654 0.000975 0.000568 0.000328 0.000188 0.000109 0.000067 0.000049 0.000049 
0.000031 0.000031 0.000043 0.000070 0.000123 0.000217 0.000381 0.000662 0.001136 0.001927 0.003228 0.005341 0.008728 0.014089 0.022461 0.035366 0.054995 0.084457 0.128088 0.191837 0.283726 0.414379 0.597609 0.851038 1.196693 1.661539 2.277839 3.083271 4.120673 5.437316 7.083586 9.111013 11.569589 14.504417 17.951769 21.934756 26.458862 31.507716 37.039494 42.984395 49.243614 55.690144 62.171665 68.515546 74.535877 80.042147 84.849072 88.786868 91.711184 93.511888 94.119960 93.511888 91.711184 88.786868 84.849072 80.042147 74.535877 68.515546 62.171665 55.690144 49.243614 42.984395 37.039494 31.507716 26.458862 21.934756 17.951769 14.504417 11.569589 9.111013 7.083586 5.437316 4.120673 3.083271 2.277839 1.661539 1.196693 0.851038 0.597609 0.414379 0.283726 0.191837 0.128088 0.084457 0.054995 0.035366 0.022461 0.014089 0.008728 0.005341 0.003228 0.001927 0.001136 0.000662 0.000382 0.000219 0.000127 0.000078 0.000057 0.000057 
0.000035 0.000035 0.000049 0.000081 0.000142 0.000250 0.000438 0.000761 0.001306 0.002215 0.003710 0.006138 0.010029 0.016186 0.025800 0.040617 0.063151 0.096967 0.147039 0.220189 0.325614 0.475492 0.685658 0.976304 1.372674 1.905659 2.612220 3.535511 4.724594 6.233597 8.120206 10.443407 13.260415 16.622831 20.572140 25.134745 30.316862 36.099683 42.435257 49.243614 56.411581 63.793721 71.215624 78.479656 85.372988 91.677543 97.181239 101.689743 105.037837 107.099471 107.795652 107.099471 105.037837 101.689743 97.181239 91.677543 85.372988 78.479656 71.215624 63.793721 56.411581 49.243614 42.435257 36.099683 30.316862 25.134745 20.572140 16.622831 13.260415 10.443407 8.120206 6.233597 4.724594 3.535511 2.612220 1.905659 1.372674 0.976304 0.685658 0.475492 0.325614 0.220189 0.147039 0.096967 0.063151 0.040617 0.025800 0.016186 0.010029 0.006138 0.003710 0.002215 0.001307 0.000762 0.000440 0.000252 0.000146 0.000090 0.000066 0.000066 
0.000040 0.000040 0.000056 0.000092 0.000161 0.000284 0.000498 0.000864 0.001482 0.002513 0.004208 0.006961 0.011372 0.018351 0.029248 0.046038 0.071569 0.109878 0.166595 0.249442 0.368827 0.538532 0.776470 1.105488 1.554138 2.157358 2.956944 4.001695 5.347076 7.054274 9.188491 11.816386 15.002603 18.805432 23.271715 28.431237 34.290960 40.829559 47.992770 55.690144 63.793721 72.139081 80.529084 88.740352 96.532356 103.658649 109.879571 114.975526 118.759825 121.090039 121.876911 121.090039 118.759825 114.975526 109.879571 103.658649 96.532356 88.740352 80.529084 72.139081 63.793721 55.690144 47.992770 40.829559 34.290960 28.431237 23.271715 18.805432 15.002603 11.816386 9.188491 7.054274 5.347076 4.001695 2.956944 2.157358 1.554138 1.105488 0.776470 0.538532 0.368827 0.249442 0.166595 0.109878 0.071569 0.046038 0.029248 0.018351 0.011373 0.006961 0.004208 0.002513 0.001483 0.000865 0.000499 0.000287 0.000166 0.000102 0.000074 0.000074 
0.000045 0.000045 0.000062 0.000103 0.000180 0.000318 0.000557 0.000968 0.001660 0.002814 0.004711 0.007791 0.012727 0.020534 0.032722 0.051499 0.080049 0.122883 0.186291 0.278902 0.412341 0.602002 0.867894 1.235526 1.736783 2.410670 3.303846 4.470780 5.973377 7.879918 10.263157 13.197460 16.754938 21.000597 25.986655 31.746292 38.287212 45.585551 53.580697 62.171665 71.215624 80.529084 89.892054 99.055292 107.750434 115.702531 122.644212 128.330504 132.553145 135.153253 136.031260 135.153253 132.553145 128.330504 122.644212 115.702531 107.750434 99.055292 89.892054 80.529084 71.215624 62.171665 53.580697 45.585551 38.287212 31.746292 25.986655 21.000597 16.754938 13.197460 10.263157 7.879918 5.973377 4.470780 3.303846 2.410670 1.736783 1.235526 0.867894 0.602002 0.412341 0.278902 0.186291 0.122883 0.080049 0.051499 0.032722 0.020534 0.012727 0.007791 0.004711 0.002814 0.001660 0.000968 0.000559 0.000321 0.000186 0.000114 0.000083 0.000083 
