0.000000 0.000000 0.000000 0.000000 0.000000 0.000000 0.000000 0.000000 0.000001 0.000001 0.000001 0.000002 0.000003 0.000004 0.000006 0.000008 0.000011 0.000015 0.000021 0.000029 0.000038 0.000051 0.000067 0.000087 0.000113 0.000145 0.000183 0.000230 0.000286 0.000352 0.000429 0.000519 0.000620 0.000735 0.000862 0.001002 0.001153 0.001314 0.001484 0.001659 0.001836 0.002014 0.002187 0.002352 0.002505 0.002642 0.002760 0.002855 0.002925 0.002968 0.002983 0.002968 0.002925 0.002855 0.002760 0.002642 0.002505 0.002352 0.002187 0.002014 0.001836 0.001659 0.001484 0.001314 0.001153 0.001002 0.000862 0.000735 0.000620 0.000519 0.000429 0.000352 0.000286 0.000230 0.000183 0.000145 0.000113 0.000087 0.000067 0.000051 0.000038 0.000029 0.000021 0.000015 0.000011 0.000008 0.000006 0.000004 0.000003 0.000002 0.000001 0.000001 0.000001 0.000000 0.000000 0.000000 0.000000 0.000000 0.000000 0.000000 
0.000000 0.000000 0.000000 0.000000 0.000000 0.000000 0.000000 0.000000 0.000001 0.000001 0.000001 0.000002 0.000003 0.000004 0.000006 0.000008 0.000011 0.000015 0.000021 0.000029 0.000038 0.000051 0.000067 0.000087 0.000113 0.000145 0.000183 0.000230 0.000286 0.000352 0.000429 0.000519 0.000620 0.000735 0.000862 0.001002 0.001153 0.001314 0.001484 0.001659 0.001836 0.002014 0.002187 0.002352 0.002505 0.002642 0.002760 0.002855 0.002925 0.002968 0.002983 0.002968 0.002925 0.002855 0.002760 0.002642 0.002505 0.002352 0.002187 0.002014 0.001836 0.001659 0.001484 0.001314 0.001153 0.001002 0.000862 0.000735 0.000620 0.000519 0.000429 0.000352 0.000286 0.000230 0.000183 0.000145 0.000113 0.000087 0.000067 0.000051 0.000038 0.000029 0.000021 0.000015 0.000011 0.000008 0.000006 0.000004 0.000003 0.000002 0.000001 0.000001 0.000001 0.000000 0.000000 0.000000 0.000000 0.000000 0.000000 0.000000 
0.000000 0.000000 0.000000 0.000000 0.000000 0.000000 0.000000 0.000000 0.000001 0.000001 0.000002 0.000002 0.000003 0.000005 0.000007 0.000010 0.000014 0.000019 0.000026 0.000035 0.000046 0.000062 0.000081 0.000106 0.000137 0.000175 0.000222 0.000278 0.000346 0.000426 0.000519 0.000627 0.000750 0.000888 0.001042 0.001211 0.001393 0.001588 0.001792 0.002004 0.002218 0.002432 0.002641 0.002840 0.003025 0.003191 0.003333 0.003448 0.003533 0.003585 0.003602 0.003585 0.003533 0.003448 0.003333 0.003191 0.003025 0.002840 0.002641 0.002432 0.002218 0.002004 0.001792 0.001588 0.001393 0.001211 0.001042 0.000888 0.000750 0.000627 0.000519 0.000426 0.000346 0.000278 0.000222 0.000175 0.000137 0.000106 0.000081 0.000062 0.000046 0.000035 0.000026 0.000019 0.000014 0.000010 0.000007 0.000005 0.000003 0.000002 0.000002 0.000001 0.000001 0.000000 0.000000 0.000000 0.000000 0.000000 0.000000 0.000000 
0.000000 0.000000 0.000000 0.000000 0.000000 0.000000 0.000000 0.000001 0.000001 0.000001 0.000002 0.000003 0.000005 0.000007 0.000010 0.000013 0.000019 0.000026 0.000035 0.000048 0.000064 0.000085 0.000112 0.000146 0.000188 0.000241 0.000305 0.000383 0.000476 0.000586 0.000714 0.000862 0.001031 0.001221 0.001432 0.001664 0.001915 0.002182 0.002462 0.002752 0.003047 0.003341 0.003627 0.003900 0.004154 0.004381 0.004576 0.004734 0.004850 0.004921 0.004945 0.004921 0.004850 0.004734 0.004576 0.004381 0.004154 0.003900 0.003627 0.003341 0.003047 0.002752 0.002462 0.002182 0.001915 0.001664 0.001432 0.001221 0.001031 0.000862 0.000714 0.000586 0.000476 0.000383 0.000305 0.000241 0.000188 0.000146 0.000112 0.000085 0.000064 0.000048 0.000035 0.000026 0.000019 0.000013 0.000010 0.000007 0.000005 0.000003 0.000002 0.000001 0.000001 0.000001 0.000000 0.000000 0.000000 0.000000 0.000000 0.000000 
0.000000 0.000000 0.000000 0.000000 0.000000 0.000000 0.000001 0.000001 0.000001 0.000002 0.000003 0.000005 0.000007 0.000010 0.000014 0.000020 0.000027 0.000038 0.000052 0.000070 0.000094 0.000125 0.000164 0.000214 0.000276 0.000353 0.000448 0.000561 0.000698 0.000858 0.001046 0.001263 0.001510 0.001789 0.002098 0.002437 0.002803 0.003194 0.003605 0.004029 0.004459 0.004888 0.005307 0.005707 0.006077 0.006410 0.006695 0.006926 0.007095 0.007199 0.007234 0.007199 0.007095 0.006926 0.006695 0.006410 0.006077 0.005707 0.005307 0.004888 0.004459 0.004029 0.003605 0.003194 0.002803 0.002437 0.002098 0.001789 0.001510 0.001263 0.001046 0.000858 0.000698 0.000561 0.000448 0.000353 0.000276 0.000214 0.000164 0.000125 0.000094 0.000070 0.000052 0.000038 0.000027 0.000020 0.000014 0.000010 0.000007 0.000005 0.000003 0.000002 0.000001 0.000001 0.000001 0.000000 0.000000 0.000000 0.000000 0.000000 
0.000000 0.000000 0.000000 0.000000 0.000000 0.000001 0.000001 0.000001 0.000002 0.000003 0.000005 0.000007 0.000010 0.000015 0.000021 0.000030 0.000041 0.000057 0.000078 0.000105 0.000141 0.000188 0.000247 0.000322 0.000415 0.000531 0.000672 0.000843 0.001047 0.001288 0.001570 0.001895 0.002265 0.002682 0.003145 0.003653 0.004202 0.004788 0.005402 0.006037 0.006682 0.007324 0.007952 0.008550 0.009104 0.009601 0.010028 0.010373 0.010627 0.010783 0.010835 0.010783 0.010627 0.010373 0.010028 0.009601 0.009104 0.008550 0.007952 0.007324 0.006682 0.006037 0.005402 0.004788 0.004202 0.003653 0.003145 0.002682 0.002265 0.001895 0.001570 0.001288 0.001047 0.000843 0.000672 0.000531 0.000415 0.000322 0.000247 0.000188 0.000141 0.000105 0.000078 0.000057 0.000041 0.000030 0.000021 0.000015 0.000010 0.000007 0.000005 0.000003 0.000002 0.000002 0.000001 0.000001 0.000000 0.000000 0.000000 0.000000 
0.000000 0.000000 0.000000 0.000000 0.000001 0.000001 0.000002 0.000002 0.000003 0.000005 0.000007 0.000011 0.000016 0.000022 0.000032 0.000045 0.000062 0.000086 0.000118 0.000159 0.000213 0.000283 0.000373 0.000485 0.000626 0.000801 0.001014 0.001271 0.001579 0.001942 0.002366 0.002855 0.003413 0.004040 0.004737 0.005502 0.006328 0.007208 0.008133 0.009088 0.010058 0.011024 0.011967 0.012866 0.013700 0.014448 0.015090 0.015608 0.015990 0.016224 0.016302 0.016224 0.015990 0.015608 0.015090 0.014448 0.013700 0.012866 0.011967 0.011024 0.010058 0.009088 0.008133 0.007208 0.006328 0.005502 0.004737 0.004040 0.003413 0.002855 0.002366 0.001942 0.001579 0.001271 0.001014 0.000801 0.000626 0.000485 0.000373 0.000283 0.000213 0.000159 0.000118 0.000086 0.000062 0.000045 0.000032 0.000022 0.000016 0.000011 0.000007 0.000005 0.000003 0.000002 0.000002 0.000001 0.000001 0.000001 0.000000 0.000000 
0.000000 0.000000 0.000000 0.000001 0.000001 0.000001 0.000002 0.000003 0.000005 0.000008 0.000011 0.000016 0.000024 0.000034 0.000048 0.000068 0.000094 0.000130 0.000177 0.000239 0.000321 0.000426 0.000560 0.000730 0.000941 0.001203 0.001523 0.001909 0.002371 0.002916 0.003552 0.004286 0.005123 0.006064 0.007109 0.008255 0.009493 0.010813 0.012199 0.013630 0.015083 0.016531 0.017945 0.019292 0.020541 0.021661 0.022623 0.023400 0.023972 0.024321 0.024439 0.024321 0.023972 0.023400 0.022623 0.021661 0.020541 0.019292 0.017945 0.016531 0.015083 0.013630 0.012199 0.010813 0.009493 0.008255 0.007109 0.006064 0.005123 0.004286 0.003552 0.002916 0.002371 0.001909 0.001523 0.001203 0.000941 0.000730 0.000560 0.000426 0.000321 0.000239 0.000177 0.000130 0.000094 0.000068 0.000048 0.000034 0.000024 0.000016 0.000011 0.000008 0.000005 0.000003 0.000002 0.000002 0.000001 0.000001 0.000001 0.000001 
0.000001 0.000001 0.000001 0.000001 0.000001 0.000002 0.000003 0.000005 0.000008 0.000011 0.000017 0.000024 0.000035 0.000051 0.000072 0.000101 0.000140 0.000194 0.000264 0.000358 0.000479 0.000636 0.000836 0.001089 0.001405 0.001795 0.002272 0.002848 0.003536 0.004348 0.005296 0.006390 0.007635 0.009037 0.010593 0.012299 0.014143 0.016108 0.018170 0.020300 0.022463 0.024618 0.026721 0.028725 0.030583 0.032250 0.033680 0.034837 0.035687 0.036207 0.036382 0.036207 0.035687 0.034837 0.033680 0.032250 0.030583 0.028725 0.026721 0.024618 0.022463 0.020300 0.018170 0.016108 0.014143 0.012299 0.010593 0.009037 0.007635 0.006390 0.005296 0.004348 0.003536 0.002848 0.002272 0.001795 0.001405 0.001089 0.000836 0.000636 0.000479 0.000358 0.000264 0.000194 0.000140 0.000101 0.000072 0.000051 0.000035 0.000025 0.000017 0.000011 0.000008 0.000005 0.000003 0.000002 0.000002 0.000001 0.000001 0.000001 
0.000001 0.000001 0.000001 0.000001 0.000002 0.000003 0.000005 0.000008 0.000011 0.000017 0.000025 0.000036 0.000053 0.000075 0.000107 0.000150 0.000208 0.000287 0.000392 0.000530 0.000710 0.000942 0.001238 0.001612 0.002079 0.002656 0.003361 0.004212 0.005229 0.006429 0.007830 0.009445 0.011285 0.013355 0.015653 0.018172 0.020895 0.023795 0.026839 0.029983 0.033175 0.036355 0.039458 0.042415 0.045157 0.047616 0.049727 0.051433 0.052688 0.053455 0.053713 0.053455 0.052688 0.051433 0.049727 0.047616 0.045157 0.042415 0.039458 0.036355 0.033175 0.029983 0.026839 0.023795 0.020895 0.018172 0.015653 0.013355 0.011285 0.009445 0.007830 0.006429 0.005229 0.004212 0.003361 0.002656 0.002079 0.001612 0.001238 0.000942 0.000710 0.000530 0.000392 0.000287 0.000208 0.000150 0.000107 0.000075 0.000053 0.000036 0.000025 0.000017 0.000011 0.000008 0.000005 0.000003 0.000002 0.000002 0.000001 0.000001 
0.000001 0.000001 0.000002 0.000002 0.000003 0.000005 0.000007 0.000011 0.000017 0.000025 0.000037 0.000053 0.000077 0.000111 0.000157 0.000220 0.000306 0.000422 0.000575 0.000778 0.001042 0.001383 0.001817 0.002365 0.003050 0.003895 0.004928 0.006175 0.007664 0.009422 0.011474 0.013839 0.016532 0.019562 0.022926 0.026612 0.030596 0.034840 0.039294 0.043893 0.048562 0.053213 0.057752 0.062077 0.066087 0.069683 0.072769 0.075264 0.077099 0.078221 0.078599 0.078221 0.077099 0.075264 0.072769 0.069683 0.066087 0.062077 0.057752 0.053213 0.048562 0.043893 0.039294 0.034840 0.030596 0.026612 0.022926 0.019562 0.016532 0.013839 0.011474 0.009422 0.007664 0.006175 0.004928 0.003895 0.003050 0.002365 0.001817 0.001383 0.001042 0.000778 0.000575 0.000422 0.000306 0.000220 0.000157 0.000111 0.000077 0.000053 0.000037 0.000025 0.000017 0.000011 0.000008 0.000005 0.000003 0.000003 0.000002 0.000002 
0.000002 0.000002 0.000002 0.000003 0.000005 0.000007 0.000011 0.000016 0.000024 0.000036 0.000053 0.000078 0.000113 0.000161 0.000228 0.000320 0.000445 0.000614 0.000837 0.001132 0.001516 0.002010 0.002641 0.003438 0.004432 0.005660 0.007159 0.008970 0.011131 0.013683 0.016660 0.020091 0.023999 0.028393 0.033272 0.038618 0.044395 0.050548 0.057005 0.063673 0.070441 0.077183 0.083761 0.090030 0.095842 0.101052 0.105525 0.109141 0.111799 0.113425 0.113972 0.113425 0.111799 0.109141 0.105525 0.101052 0.095842 0.090030 0.083761 0.077183 0.070441 0.063673 0.057005 0.050548 0.044395 0.038618 0.033272 0.028393 0.023999 0.020091 0.016660 0.013683 0.011131 0.008970 0.007159 0.005660 0.004432 0.003438 0.002641 0.002010 0.001516 0.001132 0.000837 0.000614 0.000445 0.000320 0.000228 0.000161 0.000113 0.000078 0.000054 0.000036 0.000025 0.000016 0.000011 0.000007 0.000005 0.000004 0.000003 0.000003 
0.000003 0.000003 0.000003 0.000005 0.000007 0.000010 0.000016 0.000024 0.000035 0.000053 0.000077 0.000113 0.000162 0.000232 0.000329 0.000462 0.000642 0.000885 0.001207 0.001631 0.002184 0.002896 0.003805 0.004951 0.006382 0.008148 0.010305 0.012909 0.016019 0.019688 0.023968 0.028900 0.034517 0.040833 0.047845 0.055526 0.063826 0.072667 0.081943 0.091521 0.101241 0.110924 0.120371 0.129374 0.137719 0.145201 0.151624 0.156816 0.160633 0.162967 0.163753 0.162967 0.160633 0.156816 0.151624 0.145201 0.137719 0.129374 0.120371 0.110924 0.101241 0.091521 0.081943 0.072667 0.063826 0.055526 0.047845 0.040833 0.034517 0.028900 0.023968 0.019688 0.016019 0.012909 0.010305 0.008148 0.006382 0.004951 0.003805 0.002896 0.002184 0.001631 0.001207 0.000885 0.000642 0.000462 0.000329 0.000232 0.000162 0.000113 0.000077 0.000053 0.000035 0.000024 0.000016 0.000011 0.000007 0.000005 0.000004 0.000004 
0.000004 0.000004 0.000005 0.000007 0.000010 0.000015 0.000022 0.000034 0.000051 0.000075 0.000111 0.000161 0.000232 0.000332 0.000471 0.000660 0.000918 0.001264 0.001724 0.002329 0.003118 0.004134 0.005430 0.007065 0.009105 0.011623 0.014697 0.018408 0.022839 0.028066 0.034163 0.041189 0.049188 0.058182 0.068166 0.079102 0.090917 0.103502 0.116705 0.130336 0.144169 0.157948 0.171391 0.184201 0.196075 0.206720 0.215858 0.223244 0.228674 0.231996 0.233113 0.231996 0.228674 0.223244 0.215858 0.206720 0.196075 0.184201 0.171391 0.157948 0.144169 0.130336 0.116705 0.103502 0.090917 0.079102 0.068166 0.058182 0.049188 0.041189 0.034163 0.028066 0.022839 0.018408 0.014697 0.011623 0.009105 0.007065 0.005430 0.004134 0.003118 0.002329 0.001724 0.001264 0.000918 0.000660 0.000471 0.000332 0.000232 0.000161 0.000111 0.000075 0.000051 0.000034 0.000023 0.000015 0.000010 0.000008 0.000006 0.000006 
0.000006 0.000006 0.000007 0.000010 0.000014 0.000021 0.000032 0.000048 0.000072 0.000107 0.000157 0.000228 0.000329 0.000471 0.000666 0.000935 0.001299 0.001788 0.002439 0.003295 0.004410 0.005846 0.007677 0.009987 0.012868 0.016425 0.020766 0.026006 0.032261 0.039640 0.048244 0.058160 0.069447 0.082136 0.096220 0.111646 0.128311 0.146060 0.164678 0.183900 0.203405 0.222833 0.241785 0.259843 0.276583 0.291588 0.304470 0.314881 0.322535 0.327217 0.328793 0.327217 0.322535 0.314881 0.304470 0.291588 0.276583 0.259843 0.241785 0.222833 0.203405 0.183900 0.164678 0.146060 0.128311 0.111646 0.096220 0.082136 0.069447 0.058160 0.048244 0.039640 0.032261 0.026006 0.020766 0.016425 0.012868 0.009987 0.007677 0.005846 0.004410 0.003295 0.002439 0.001788 0.001299 0.000935 0.000666 0.000471 0.000329 0.000228 0.000157 0.000107 0.000072 0.000048 0.000032 0.000022 0.000015 0.000011 0.000009 0.000009 
0.000008 0.000008 0.000010 0.000013 0.000020 0.000030 0.000045 0.000068 0.000101 0.000150 0.000220 0.000320 0.000462 0.000660 0.000935 0.001311 0.001822 0.002507 0.003419 0.004618 0.006179 0.008190 0.010753 0.013986 0.018019 0.022996 0.029069 0.036400 0.045147 0.055466 0.067498 0.081361 0.097140 0.114877 0.134562 0.156121 0.179410 0.204209 0.230223 0.257077 0.284327 0.311465 0.337938 0.363162 0.386542 0.407499 0.425490 0.440030 0.450720 0.457258 0.459458 0.457258 0.450720 0.440030 0.425490 0.407499 0.386542 0.363162 0.337938 0.311465 0.284327 0.257077 0.230223 0.204209 0.179410 0.156121 0.134562 0.114877 0.097140 0.081361 0.067498 0.055466 0.045147 0.036400 0.029069 0.022996 0.018019 0.013986 0.010753 0.008190 0.006179 0.004618 0.003419 0.002507 0.001822 0.001311 0.000935 0.000660 0.000462 0.000320 0.000220 0.000150 0.000101 0.000068 0.000045 0.000030 0.000021 0.000015 0.000013 0.000013 
0.000011 0.000011 0.000014 0.000019 0.000027 0.000041 0.000062 0.000094 0.000140 0.000208 0.000306 0.000445 0.000642 0.000918 0.001299 0.001822 0.002531 0.003482 0.004748 0.006411 0.008577 0.011367 0.014922 0.019405 0.024996 0.031895 0.040314 0.050473 0.062594 0.076892 0.093560 0.112762 0.134617 0.159181 0.186439 0.216289 0.248533 0.282865 0.318875 0.356046 0.393761 0.431321 0.467958 0.502864 0.535219 0.564218 0.589112 0.609231 0.624022 0.633069 0.636113 0.633069 0.624022 0.609231 0.589112 0.564218 0.535219 0.502864 0.467958 0.431321 0.393761 0.356046 0.318875 0.282865 0.248533 0.216289 0.186439 0.159181 0.134617 0.112762 0.093560 0.076892 0.062594 0.050473 0.040314 0.031895 0.024996 0.019405 0.014922 0.011367 0.008577 0.006411 0.004748 0.003482 0.002531 0.001822 0.001299 0.000918 0.000642 0.000445 0.000306 0.000208 0.000141 0.000094 0.000063 0.000042 0.000029 0.000021 0.000018 0.000018 
0.000015 0.000015 0.000019 0.000026 0.000038 0.000057 0.000086 0.000130 0.000194 0.000287 0.000422 0.000614 0.000885 0.001264 0.001788 0.002507 0.003482 0.004792 0.006531 0.008818 0.011795 0.015629 0.020514 0.026672 0.034352 0.043827 0.055387 0.069336 0.085976 0.105602 0.128479 0.154831 0.184819 0.218522 0.255918 0.296866 0.341093 0.388182 0.437568 0.488543 0.540261 0.591763 0.641997 0.689856 0.734214 0.773972 0.808099 0.835681 0.855957 0.868359 0.872533 0.868359 0.855957 0.835681 0.808099 0.773972 0.734214 0.689856 0.641997 0.591763 0.540261 0.488543 0.437568 0.388182 0.341093 0.296866 0.255918 0.218522 0.184819 0.154831 0.128479 0.105602 0.085976 0.069336 0.055387 0.043827 0.034352 0.026672 0.020514 0.015629 0.011795 0.008818 0.006531 0.004792 0.003482 0.002507 0.001788 0.001264 0.000885 0.000614 0.000422 0.000287 0.000194 0.000130 0.000087 0.000058 0.000040 0.000029 0.000024 0.000024 
0.000021 0.000021 0.000026 0.000035 0.000052 0.000078 0.000118 0.000177 0.000264 0.000392 0.000575 0.000837 0.001207 0.001724 0.002439 0.003419 0.004748 0.006531 0.008900 0.012015 0.016069 0.021288 0.027937 0.036319 0.046770 0.059661 0.075388 0.094361 0.116993 0.143681 0.174788 0.210616 0.251383 0.297196 0.348024 0.403675 0.463777 0.527764 0.594867 0.664124 0.734387 0.804352 0.872592 0.937602 0.997855 1.051857 1.098209 1.135671 1.163210 1.180054 1.185722 1.180054 1.163210 1.135671 1.098209 1.051857 0.997855 0.937602 0.872592 0.804352 0.734387 0.664124 0.594867 0.527764 0.463777 0.403675 0.348024 0.297196 0.251383 0.210616 0.174788 0.143681 0.116993 0.094361 0.075388 0.059661 0.046770 0.036319 0.027937 0.021288 0.016069 0.012015 0.008900 0.006531 0.004748 0.003419 0.002439 0.001724 0.001207 0.000837 0.000576 0.000392 0.000265 0.000178 0.000119 0.000080 0.000055 0.000040 0.000033 0.000033 
0.000029 0.000029 0.000035 0.000048 0.000070 0.000105 0.000159 0.000239 0.000358 0.000530 0.000778 0.001132 0.001631 0.002329 0.003295 0.004618 0.006411 0.008818 0.012015 0.016218 0.021686 0.028725 0.037692 0.048992 0.063082 0.080458 0.101654 0.127221 0.157715 0.193671 0.235575 0.283833 0.338738 0.400433 0.468876 0.543807 0.624724 0.710865 0.801196 0.894419 0.988992 1.083158 1.174997 1.262486 1.343570 1.416239 1.478614 1.529023 1.566080 1.588744 1.596371 1.588744 1.566080 1.529023 1.478614 1.416239 1.343570 1.262486 1.174997 1.083158 0.988992 0.894419 0.801196 0.710865 0.624724 0.543807 0.468876 0.400433 0.338738 0.283833 0.235575 0.193671 0.157715 0.127221 0.101654 0.080458 0.063082 0.048992 0.037692 0.028725 0.021686 0.016218 0.012015 0.008818 0.006411 0.004618 0.003295 0.002329 0.001631 0.001132 0.000778 0.000530 0.000358 0.000240 0.000161 0.000108 0.000074 0.000054 0.000045 0.000045 
0.000038 0.000038 0.000046 0.000064 0.000094 0.000141 0.000213 0.000321 0.000479 0.000710 0.001042 0.001516 0.002184 0.003118 0.004410 0.006179 0.008577 0.011795 0.016069 0.021686 0.028993 0.038398 0.050376 0.065470 0.084287 0.107490 0.135790 0.169922 0.210627 0.258617 0.314540 0.378936 0.452195 0.534505 0.625810 0.725762 0.833692 0.948580 1.069048 1.193366 1.319476 1.445038 1.567492 1.684140 1.792244 1.889127 1.972282 2.039484 2.088885 2.119099 2.129267 2.119099 2.088885 2.039484 1.972282 1.889127 1.792244 1.684140 1.567492 1.445038 1.319476 1.193366 1.069048 0.948580 0.833692 0.725762 0.625810 0.534505 0.452195 0.378936 0.314540 0.258617 0.210627 0.169922 0.135790 0.107490 0.084287 0.065470 0.050376 0.038398 0.028993 0.021686 0.016069 0.011795 0.008577 0.006179 0.004410 0.003118 0.002184 0.001516 0.001042 0.000710 0.000480 0.000322 0.000216 0.000145 0.000100 0.000073 0.000061 0.000061 
0.000051 0.000051 0.000062 0.000085 0.000125 0.000188 0.000283 0.000426 0.000636 0.000942 0.001383 0.002010 0.002896 0.004134 0.005846 0.008190 0.011367 0.015629 0.021288 0.028725 0.038398 0.050846 0.066698 0.086671 0.111566 0.142261 0.179693 0.224835 0.278663 0.342117 0.416053 0.501183 0.598021 0.706813 0.827483 0.959571 1.102191 1.253995 1.413161 1.577405 1.744006 1.909875 2.071631 2.225712 2.368502 2.496466 2.606296 2.695054 2.760300 2.800204 2.813633 2.800204 2.760300 2.695054 2.606296 2.496466 2.368502 2.225712 2.071631 1.909875 1.744006 1.577405 1.413161 1.253995 1.102191 0.959571 0.827483 0.706813 0.598021 0.501183 0.416053 0.342117 0.278663 0.224835 0.179693 0.142261 0.111566 0.086671 0.066698 0.050846 0.038398 0.028725 0.021288 0.015629 0.011367 0.008190 0.005846 0.004134 0.002896 0.002011 0.001383 0.000943 0.000637 0.000428 0.000286 0.000192 0.000132 0.000097 0.000081 0.000081 
0.000067 0.000067 0.000081 0.000112 0.000164 0.000247 0.000373 0.000560 0.000836 0.001238 0.001817 0.002641 0.003805 0.005430 0.007677 0.010753 0.014922 0.020514 0.027937 0.037692 0.050376 0.066698 0.087481 0.113662 0.146292 0.186517 0.235566 0.294710 0.365227 0.448346 0.545185 0.656676 0.783487 0.925941 1.083934 1.256865 1.443569 1.642283 1.850622 2.065594 2.283640 2.500717 2.712402 2.914036 3.100887 3.268332 3.412046 3.528183 3.613555 3.665767 3.683338 3.665767 3.613555 3.528183 3.412046 3.268332 3.100887 2.914036 2.712402 2.500717 2.283640 2.065594 1.850622 1.642283 1.443569 1.256865 1.083934 0.925941 0.783487 0.656676 0.545185 0.448346 0.365227 0.294710 0.235566 0.186517 0.146292 0.113662 0.087481 0.066698 0.050376 0.037692 0.027937 0.020514 0.014922 0.010754 0.007677 0.005430 0.003805 0.002642 0.001817 0.001239 0.000838 0.000563 0.000376 0.000253 0.000174 0.000128 0.000106 0.000106 
0.000087 0.000087 0.000106 0.000146 0.000214 0.000322 0.000485 0.000730 0.001089 0.001612 0.002365 0.003438 0.004951 0.007065 0.009987 0.013986 0.019405 0.026672 0.036319 0.048992 0.065470 0.086671 0.113662 0.147660 0.190026 0.242249 0.305918 0.382683 0.474200 0.582062 0.707714 0.852365 1.016877 1.201668 1.406600 1.630890 1.873028 2.130724 2.400886 2.679632 2.962352 3.243800 3.518247 3.779652 4.021885 4.238954 4.425254 4.575803 4.686469 4.754150 4.776928 4.754150 4.686469 4.575803 4.425254 4.238954 4.021885 3.779652 3.518247 3.243800 2.962352 2.679632 2.400886 2.130724 1.873028 1.630890 1.406600 1.201668 1.016877 0.852365 0.707714 0.582062 0.474200 0.382683 0.305918 0.242249 0.190026 0.147660 0.113662 0.086671 0.065470 0.048992 0.036319 0.026672 0.019405 0.013986 0.009987 0.007065 0.004951 0.003438 0.002366 0.001613 0.001091 0.000733 0.000490 0.000330 0.000227 0.000167 0.000139 0.000139 
0.000113 0.000113 0.000137 0.000188 0.000276 0.000415 0.000626 0.000941 0.001405 0.002079 0.003050 0.004432 0.006382 0.009105 0.012868 0.018019 0.024996 0.034352 0.046770 0.063082 0.084287 0.111566 0.146292 0.190026 0.244518 0.311680 0.393554 0.492259 0.609919 0.748579 0.910094 1.096012 1.307441 1.544913 1.808247 2.096435 2.407535 2.738603 3.085666 3.443737 3.806894 4.168403 4.520903 4.856641 5.167745 5.446523 5.685778 5.879119 6.021237 6.108153 6.137404 6.108153 6.021237 5.879119 5.685778 5.446523 5.167745 4.856641 4.520903 4.168403 3.806894 3.443737 3.085666 2.738603 2.407535 2.096435 1.808247 1.544913 1.307441 1.096012 0.910094 0.748579 0.609919 0.492259 0.393554 0.311680 0.244518 0.190026 0.146292 0.111566 0.084287 0.063082 0.046770 0.034352 0.024996 0.018019 0.012868 0.009105 0.006382 0.004433 0.003050 0.002081 0.001407 0.000945 0.000633 0.000426 0.000293 0.000215 0.000179 0.000179 
0.000145 0.000145 0.000175 0.000241 0.000353 0.000531 0.000801 0.001203 0.001795 0.002656 0.003895 0.005660 0.008148 0.011623 0.016425 0.022996 0.031895 0.043827 0.059661 0.080458 0.107490 0.142261 0.186517 0.242249 0.311680 0.397246 0.501544 0.627269 0.777124 0.953707 1.159378 1.396103 1.665288 1.967606 2.302825 2.669656 3.065626 3.486985 3.928676 4.384354 4.846482 5.306492 5.755021 6.182208 6.578038 6.932729 7.237129 7.483108 7.663916 7.774494 7.811707 7.774494 7.663916 7.483108 7.237129 6.932729 6.578038 6.182208 5.755021 5.306492 4.846482 4.384354 3.928676 3.486985 3.065626 2.669656 2.302825 1.967606 1.665288 1.396103 1.159378 0.953707 0.777124 0.627269 0.501544 0.397246 0.311680 0.242249 0.186517 0.142261 0.107490 0.080458 0.059661 0.043827 0.031895 0.022996 0.016425 0.011623 0.008149 0.005660 0.003896 0.002658 0.001798 0.001208 0.000809 0.000544 0.000375 0.000275 0.000229 0.000229 
0.000183 0.000183 0.000222 0.000305 0.000448 0.000672 0.001014 0.001523 0.002272 0.003361 0.004928 0.007159 0.010305 0.014697 0.020766 0.029069 0.040314 0.055387 0.075388 0.101654 0.135790 0.179693 0.235566 0.305918 0.393554 0.501544 0.633161 0.791802 0.980871 1.203643 1.463089 1.761684 2.101195 2.482466 2.905201 3.367770 3.867051 4.398316 4.955185 5.529660 6.112239 6.692124 7.257515 7.795985 8.294914 8.741979 9.125647 9.435676 9.663561 9.802929 9.849831 9.802929 9.663561 9.435676 9.125647 8.741979 8.294914 7.795985 7.257515 6.692124 6.112239 5.529660 4.955185 4.398316 3.867051 3.367770 2.905201 2.482466 2.101195 1.761684 1.463089 1.203643 0.980871 0.791802 0.633161 0.501544 0.393554 0.305918 0.235566 0.179693 0.135790 0.101654 0.075388 0.055387 0.040314 0.029069 0.020766 0.014697 0.010306 0.007160 0.004929 0.003363 0.002276 0.001529 0.001024 0.000689 0.000475 0.000349 0.000290 0.000290 
0.000230 0.000230 0.000278 0.000383 0.000561 0.000843 0.001271 0.001909 0.002848 0.004212 0.006175 0.008970 0.012909 0.018408 0.026006 0.036400 0.050473 0.069336 0.094361 0.127221 0.169922 0.224835 0.294710 0.382683 0.492259 0.627269 0.791802 0.990097 1.226406 1.504813 1.829027 2.202131 2.626331 3.102673 3.630781 4.208617 4.832275 5.495847 6.191364 6.908835 7.636395 8.360562 9.066604 9.739006 10.362015 10.920247 11.399310 11.786416 12.070954 12.244967 12.303528 12.244967 12.070954 11.786416 11.399310 10.920247 10.362015 9.739006 9.066604 8.360562 7.636395 6.908835 6.191364 5.495847 4.832275 4.208617 3.630781 3.102673 2.626331 2.202131 1.829027 1.504813 1.226406 0.990097 0.791802 0.627269 0.492259 0.382683 0.294710 0.224835 0.169922 0.127221 0.094361 0.069336 0.050473 0.036400 0.026007 0.018409 0.012910 0.008971 0.006176 0.004215 0.002853 0.001917 0.001284 0.000864 0.000596 0.000438 0.000364 0.000364 
0.000286 0.000286 0.000346 0.000476 0.000698 0.001047 0.001579 0.002371 0.003536 0.005229 0.007664 0.011131 0.016019 0.022839 0.032261 0.045147 0.062594 0.085976 0.116993 0.157715 0.210627 0.278663 0.365227 0.474200 0.609919 0.777124 0.980871 1.226406 1.518984 1.863657 2.265005 2.726842 3.251886 3.841428 4.494996 5.210061 5.981786 6.802857 7.663412 8.551089 9.451212 10.347102 11.220539 12.052334 12.823007 13.513535 14.106118 14.584948 14.936902 15.152143 15.224579 15.152143 14.936902 14.584948 14.106118 13.513535 12.823007 12.052334 11.220539 10.347102 9.451212 8.551089 7.663412 6.802857 5.981786 5.210061 4.494996 3.841428 3.251886 2.726842 2.265005 1.863657 1.518984 1.226406 0.980871 0.777124 0.609919 0.474200 0.365227 0.278663 0.210627 0.157715 0.116993 0.085976 0.062594 0.045147 0.032261 0.022839 0.016019 0.011133 0.007666 0.005232 0.003542 0.002381 0.001595 0.001074 0.000740 0.000544 0.000453 0.000453 
0.000352 0.000352 0.000426 0.000586 0.000858 0.001288 0.001942 0.002916 0.004348 0.006429 0.009422 0.013683 0.019688 0.028066 0.039640 0.055466 0.076892 0.105602 0.143681 0.193671 0.258617 0.342117 0.448346 0.582062 0.748579 0.953707 1.203643 1.504813 1.863657 2.286359 2.778530 3.344836 3.988603 4.711403 5.512652 6.389243 7.335240 8.341675 9.396457 10.484436 11.587624 12.685584 13.755990 14.775334 15.719752 16.565935 17.292084 17.878831 18.310102 18.573849 18.662607 18.573849 18.310102 17.878831 17.292084 16.565935 15.719752 14.775334 13.755990 12.685584 11.587624 10.484436 9.396457 8.341675 7.335240 6.389243 5.512652 4.711403 3.988603 3.344836 2.778530 2.286359 1.863657 1.504813 1.203643 0.953707 0.748579 0.582062 0.448346 0.342117 0.258617 0.193671 0.143681 0.105602 0.076892 0.055467 0.039640 0.028067 0.019689 0.013685 0.009425 0.006434 0.004356 0.002928 0.001962 0.001321 0.000911 0.000669 0.000557 0.000557 
0.000429 0.000429 0.000519 0.000714 0.001046 0.001570 0.002366 0.003552 0.005296 0.007830 0.011474 0.016660 0.023968 0.034163 0.048244 0.067498 0.093560 0.128479 0.174788 0.235575 0.314540 0.416053 0.545185 0.707714 0.910094 1.159378 1.463089 1.829027 2.265005 2.778530 3.376406 4.064291 4.846214 5.724077 6.697161 7.761684 8.910434 10.132515 11.413244 12.734226 14.073622 15.406625 16.706134 17.943617 19.090111 20.117331 20.998820 21.711075 22.234593 22.554751 22.662493 22.554751 22.234593 21.711075 20.998820 20.117331 19.090111 17.943617 16.706134 15.406625 14.073622 12.734226 11.413244 10.132515 8.910434 7.761684 6.697161 5.724077 4.846214 4.064291 3.376406 2.778530 2.265005 1.829027 1.463089 1.159378 0.910094 0.707714 0.545185 0.416053 0.314540 0.235575 0.174788 0.128479 0.093560 0.067499 0.048245 0.034164 0.023969 0.016662 0.011477 0.007836 0.005305 0.003568 0.002391 0.001610 0.001111 0.000816 0.000680 0.000680 
0.000519 0.000519 0.000627 0.000862 0.001263 0.001895 0.002855 0.004286 0.006390 0.009445 0.013839 0.020091 0.028900 0.041189 0.058160 0.081361 0.112762 0.154831 0.210616 0.283833 0.378936 0.501183 0.656676 0.852365 1.096012 1.396103 1.761684 2.202131 2.726842 3.344836 4.064291 4.892003 5.832810 6.888987 8.059661 9.340274 10.722141 12.192152 13.732643 15.321487 16.932420 18.535610 20.098472 21.586697 22.965465 24.200770 25.260804 26.117316 26.746858 27.131853 27.261413 27.131853 26.746858 26.117316 25.260804 24.200770 22.965465 21.586697 20.098472 18.535610 16.932420 15.321487 13.732643 12.192152 10.722141 9.340274 8.059661 6.888987 5.832810 4.892003 4.064291 3.344836 2.726842 2.202131 1.761684 1.396103 1.096012 0.852365 0.656676 0.501183 0.378936 0.283833 0.210616 0.154831 0.112763 0.081361 0.058160 0.041190 0.028902 0.020093 0.013843 0.009452 0.006401 0.004305 0.002885 0.001943 0.001341 0.000985 0.000821 0.000821 
0.000620 0.000620 0.000750 0.001031 0.001510 0.002265 0.003413 0.005123 0.007635 0.011285 0.016532 0.023999 0.034517 0.049188 0.069447 0.097140 0.134617 0.184819 0.251383 0.338738 0.452195 0.598021 0.783487 1.016877 1.307441 1.665288 2.101195 2.626331 3.251886 3.988603 4.846214 5.832810 6.954142 8.212911 9.608064 11.134159 12.780840 14.532479 16.368025 18.261115 20.180456 22.090511 23.952466 25.725456 27.368007 28.839621 30.102416 31.122746 31.872688 32.331310 32.485648 32.331310 31.872688 31.122746 30.102416 28.839621 27.368007 25.725456 23.952466 22.090511 20.180456 18.261115 16.368025 14.532479 12.780840 11.134159 9.608064 8.212911 6.954142 5.832810 4.846214 3.988603 3.251886 2.626331 2.101195 1.665288 1.307441 1.016877 0.783487 0.598021 0.452195 0.338738 0.251383 0.184819 0.134617 0.097140 0.069447 0.049189 0.034519 0.024001 0.016537 0.011293 0.007649 0.005145 0.003449 0.002323 0.001603 0.001178 0.000982 0.000982 
0.000735 0.000735 0.000888 0.001221 0.001789 0.002682 0.004040 0.006064 0.009037 0.013355 0.019562 0.028393 0.040833 0.058182 0.082136 0.114877 0.159181 0.218522 0.297196 0.400433 0.534505 0.706813 0.925941 1.201668 1.544913 1.967606 2.482466 3.102673 3.841428 4.711403 5.724077 6.888987 8.212911 9.699022 11.346065 13.147605 15.091410 17.159024 19.325597 21.560010 23.825333 26.079629 28.277097 30.369518 32.307961 34.044641 35.534868 36.738947 37.623936 38.165143 38.347272 38.165143 37.623936 36.738947 35.534868 34.044641 32.307961 30.369518 28.277097 26.079629 23.825333 21.560010 19.325597 17.159024 15.091410 13.147605 11.346065 9.699022 8.212911 6.888987 5.724077 4.711403 3.841428 3.102673 2.482466 1.967606 1.544913 1.201668 0.925941 0.706813 0.534505 0.400433 0.297196 0.218522 0.159181 0.114878 0.082136 0.058183 0.040835 0.028396 0.019567 0.013364 0.009052 0.006090 0.004083 0.002751 0.001898 0.001396 0.001163 0.001163 
0.000862 0.000862 0.001042 0.001432 0.002098 0.003145 0.004737 0.007109 0.010593 0.015653 0.022926 0.033272 0.047845 0.068166 0.096220 0.134562 0.186439 0.255918 0.348024 0.468876 0.625810 0.827483 1.083934 1.406600 1.808247 2.302825 2.905201 3.630781 4.494996 5.512652 6.697161 8.059661 9.608064 11.346065 13.272184 15.378883 17.651848 20.069492 22.602756 25.215253 27.863809 30.499397 33.068480 35.514697 37.780855 39.811105 41.553218 42.960800 43.995354 44.628022 44.840930 44.628022 43.995354 42.960800 41.553218 39.811105 37.780855 35.514697 33.068480 30.499397 27.863809 25.215253 22.602756 20.069492 17.651848 15.378883 13.272184 11.346065 9.608064 8.059661 6.697161 5.512652 4.494996 3.630781 2.905201 2.302825 1.808247 1.406600 1.083934 0.827483 0.625810 0.468876 0.348024 0.255918 0.186439 0.134563 0.096220 0.068167 0.047847 0.033276 0.022932 0.015664 0.010612 0.007139 0.004787 0.003226 0.002227 0.001637 0.001364 0.001364 
0.001002 0.001002 0.001211 0.001664 0.002437 0.003653 0.005502 0.008255 0.012299 0.018172 0.026612 0.038618 0.055526 0.079102 0.111646 0.156121 0.216289 0.296866 0.403675 0.543807 0.725762 0.959571 1.256865 1.630890 2.096435 2.669656 3.367770 4.208617 5.210061 6.389243 7.761684 9.340274 11.134159 13.147605 15.378883 17.819247 20.452106 23.252449 26.186612 29.212451 32.279964 35.332377 38.307696 41.140661 43.765050 46.116203 48.133648 49.763674 50.961712 51.694353 51.940903 51.694353 50.961712 49.763674 48.133648 46.116203 43.765050 41.140661 38.307696 35.332377 32.279964 29.212451 26.186612 23.252449 20.452106 17.819247 15.378883 13.147605 11.134159 9.340274 7.761684 6.389243 5.210061 4.208617 3.367770 2.669656 2.096435 1.630890 1.256865 0.959571 0.725762 0.543807 0.403675 0.296866 0.216290 0.156121 0.111647 0.079103 0.055529 0.038622 0.026620 0.018185 0.012320 0.008290 0.005559 0.003747 0.002587 0.001902 0.001585 0.001585 
0.001153 0.001153 0.001393 0.001915 0.002803 0.004202 0.006328 0.009493 0.014143 0.020895 0.030596 0.044395 0.063826 0.090917 0.128311 0.179410 0.248533 0.341093 0.463777 0.624724 0.833692 1.102191 1.443569 1.873028 2.407535 3.065626 3.867051 4.832275 5.981786 7.335240 8.910434 10.722141 12.780840 15.091410 17.651848 20.452106 23.473136 26.686229 30.052758 33.524370 37.043699 40.545617 43.959011 47.209027 50.219710 52.916899 55.231235 57.101122 58.475442 59.315881 59.598707 59.315881 58.475442 57.101122 55.231235 52.916899 50.219710 47.209027 43.959011 40.545617 37.043699 33.524370 30.052758 26.686229 23.473136 20.452106 17.651848 15.091410 12.780840 10.722141 8.910434 7.335240 5.981786 4.832275 3.867051 3.065626 2.407535 1.873028 1.443569 1.102191 0.833692 0.624724 0.463777 0.341093 0.248533 0.179410 0.128312 0.090919 0.063829 0.044400 0.030605 0.020909 0.014168 0.009534 0.006394 0.004310 0.002976 0.002189 0.001824 0.001824 
0.001314 0.001314 0.001588 0.002182 0.003194 0.004788 0.007208 0.010813 0.016108 0.023795 0.034840 0.050548 0.072667 0.103502 0.146060 0.204209 0.282865 0.388182 0.527764 0.710865 0.948580 1.253995 1.642283 2.130724 2.738603 3.486985 4.398316 5.495847 6.802857 8.341675 10.132515 12.192152 14.532479 17.159024 20.069492 23.252449 26.686229 30.338197 34.164443 38.110011 42.109710 46.089530 49.968663 53.662059 57.083416 60.148472 62.778430 64.903306 66.465025 67.420061 67.741450 67.420061 66.465025 64.903306 62.778430 60.148472 57.083416 53.662059 49.968663 46.089530 42.109710 38.110011 34.164443 30.338197 26.686229 23.252449 20.069492 17.159024 14.532479 12.192152 10.132515 8.341675 6.802857 5.495847 4.398316 3.486985 2.738603 2.130724 1.642283 1.253995 0.948580 0.710865 0.527764 0.388182 0.282865 0.204210 0.146061 0.103504 0.072670 0.050554 0.034850 0.023812 0.016136 0.010860 0.007284 0.004910 0.003391 0.002494 0.002079 0.002079 
0.001484 0.001484 0.001792 0.002462 0.003605 0.005402 0.008133 0.012199 0.018170 0.026839 0.039294 0.057005 0.081943 0.116705 0.164678 0.230223 0.318875 0.437568 0.594867 0.801196 1.069048 1.413161 1.850622 2.400886 3.085666 3.928676 4.955185 6.191364 7.663412 9.396457 11.413244 13.732643 16.368025 19.325597 22.602756 26.186612 30.052758 34.164443 38.472224 42.914231 47.417073 51.897439 56.264372 60.422139 64.273605 67.723936 70.684444 73.076369 74.834349 75.909399 76.271175 75.909399 74.834349 73.076369 70.684444 67.723936 64.273605 60.422139 56.264372 51.897439 47.417073 42.914231 38.472224 34.164443 30.052758 26.186612 22.602756 19.325597 16.368025 13.732643 11.413244 9.396457 7.663412 6.191364 4.955185 3.928676 3.085666 2.400886 1.850622 1.413161 1.069048 0.801196 0.594867 0.437569 0.318876 0.230224 0.164680 0.116707 0.081947 0.057012 0.039305 0.026859 0.018202 0.012252 0.008219 0.005541 0.003827 0.002815 0.002347 0.002347 
0.001659 0.001659 0.002004 0.002752 0.004029 0.006037 0.009088 0.013630 0.020300 0.029983 0.043893 0.063673 0.091521 0.130336 0.183900 0.257077 0.356046 0.488543 0.664124 0.894419 1.193366 1.577405 2.065594 2.679632 3.443737 4.384354 5.529660 6.908835 8.551089 10.484436 12.734226 15.321487 18.261115 21.560010 25.215253 29.212451 33.524370 38.110011 42.914231 47.868028 52.889559 57.885928 62.755713 67.392174 71.687010 75.534486 78.835728 81.502925 83.463209 84.661969 85.065374 84.661969 83.463209 81.502925 78.835728 75.534486 71.687010 67.392174 62.755713 57.885928 52.889559 47.868028 42.914231 38.110011 33.524370 29.212451 25.215253 21.560010 18.261115 15.321487 12.734226 10.484436 8.551089 6.908835 5.529660 4.384354 3.443737 2.679632 2.065594 1.577405 1.193366 0.894419 0.664124 0.488543 0.356046 0.257078 0.183901 0.130338 0.091525 0.063681 0.043906 0.030005 0.020336 0.013689 0.009184 0.006192 0.004277 0.003146 0.002623 0.002623 
0.001836 0.001836 0.002218 0.003047 0.004459 0.006682 0.010058 0.015083 0.022463 0.033175 0.048562 0.070441 0.101241 0.144169 0.203405 0.284327 0.393761 0.540261 0.734387 0.988992 1.319476 1.744006 2.283640 2.962352 3.806894 4.846482 6.112239 7.636395 9.451212 11.587624 14.073622 16.932420 20.180456 23.825333 27.863809 32.279964 37.043699 42.109710 47.417073 52.889559 58.436763 63.956071 69.335459 74.457033 79.201178 83.451117 87.097650 90.043799 92.209091 93.533212 93.978803 93.533212 92.209091 90.043799 87.097650 83.451117 79.201178 74.457033 69.335459 63.956071 58.436763 52.889559 47.417073 42.109710 37.043699 32.279964 27.863809 23.825333 20.180456 16.932420 14.073622 11.587624 9.451212 7.636395 6.112239 4.846482 3.806894 2.962352 2.283640 1.744006 1.319476 0.988992 0.734387 0.540261 0.393762 0.284327 0.203407 0.144172 0.101246 0.070449 0.048576 0.033199 0.022502 0.015148 0.010164 0.006853 0.004734 0.003483 0.002904 0.002904 
0.002014 0.002014 0.002432 0.003341 0.004888 0.007324 0.011024 0.016531 0.024618 0.036355 0.053213 0.077183 0.110924 0.157948 0.222833 0.311465 0.431321 0.591763 0.804352 1.083158 1.445038 1.909875 2.500717 3.243800 4.168403 5.306492 6.692124 8.360562 10.347102 12.685584 15.406625 18.535610 22.090511 26.079629 30.499397 35.332377 40.545617 46.089530 51.897439 57.885928 63.956071 69.995591 75.881916 81.486058 86.677149 91.327431 95.317433 98.541060 100.910275 102.359094 102.846648 102.359094 100.910275 98.541060 95.317433 91.327431 86.677149 81.486058 75.881916 69.995591 63.956071 57.885928 51.897439 46.089530 40.545617 35.332377 30.499397 26.079629 22.090511 18.535610 15.406625 12.685584 10.347102 8.360562 6.692124 5.306492 4.168403 3.243800 2.500717 1.909875 1.445038 1.083158 0.804353 0.591763 0.431321 0.311466 0.222834 0.157951 0.110929 0.077192 0.053229 0.036381 0.024661 0.016603 0.011140 0.007513 0.005190 0.003819 0.003184 0.003184 
0.002187 0.002187 0.002641 0.003627 0.005307 0.007952 0.011967 0.017945 0.026721 0.039458 0.057752 0.083761 0.120371 0.171391 0.241785 0.337938 0.467958 0.641997 0.872592 1.174997 1.567492 2.071631 2.712402 3.518247 4.520903 5.755021 7.257515 9.066604 11.220539 13.755990 16.706134 20.098472 23.952466 28.277097 33.068480 38.307696 43.959011 49.968663 56.264372 62.755713 69.335459 75.881916 82.262235 88.336620 93.963237 99.003627 103.328316 106.822325 109.390246 110.960575 111.489017 110.960575 109.390246 106.822325 103.328316 99.003627 93.963237 88.336620 82.262235 75.881916 69.335459 62.755713 56.264372 49.968663 43.959011 38.307696 33.068480 28.277097 23.952466 20.098472 16.706134 13.755990 11.220539 9.066604 7.257515 5.755021 4.520903 3.518247 2.712402 2.071631 1.567492 1.174997 0.872592 0.641997 0.467959 0.337939 0.241787 0.171394 0.120377 0.083771 0.057768 0.039486 0.026768 0.018022 0.012093 0.008156 0.005635 0.004146 0.003458 0.003458 
