0.000000 0.000000 0.000000 0.000001 0.000001 0.000001 0.000002 0.000002 0.000003 0.000005 0.000007 0.000009 0.000013 0.000018 0.000025 0.000034 0.000046 0.000062 0.000082 0.000108 0.000142 0.000184 0.000236 0.000300 0.000379 0.000474 0.000588 0.000723 0.000881 0.001064 0.001274 0.001513 0.001780 0.002077 0.002402 0.002753 0.003128 0.003523 0.003933 0.004352 0.004774 0.005191 0.005594 0.005977 0.006329 0.006643 0.006912 0.007129 0.007288 0.007385 0.007417 0.007385 0.007288 0.007129 0.006912 0.006643 0.006329 0.005977 0.005594 0.005191 0.004774 0.004352 0.003933 0.003523 0.003128 0.002753 0.002402 0.002077 0.001780 0.001513 0.001274 0.001064 0.000881 0.000723 0.000588 0.000474 0.000379 0.000300 0.000236 0.000184 0.000142 0.000108 0.000082 0.000062 0.000046 0.000034 0.000025 0.000018 0.000013 0.000009 0.000007 0.000005 0.000003 0.000002 0.000002 0.000001 0.000001 0.000001 0.000001 0.000001 
0.000000 0.000000 0.000000 0.000001 0.000001 0.000001 0.000002 0.000002 0.000003 0.000005 0.000007 0.000009 0.000013 0.000018 0.000025 0.000034 0.000046 0.000062 0.000082 0.000108 0.000142 0.000184 0.000236 0.000300 0.000379 0.000474 0.000588 0.000723 0.000881 0.001064 0.001274 0.001513 0.001780 0.002077 0.002402 0.002753 0.003128 0.003523 0.003933 0.004352 0.004774 0.005191 0.005594 0.005977 0.006329 0.006643 0.006912 0.007129 0.007288 0.007385 0.007417 0.007385 0.007288 0.007129 0.006912 0.006643 0.006329 0.005977 0.005594 0.005191 0.004774 0.004352 0.003933 0.003523 0.003128 0.002753 0.002402 0.002077 0.001780 0.001513 0.001274 0.001064 0.000881 0.000723 0.000588 0.000474 0.000379 0.000300 0.000236 0.000184 0.000142 0.000108 0.000082 0.000062 0.000046 0.000034 0.000025 0.000018 0.000013 0.000009 0.000007 0.000005 0.000003 0.000002 0.000002 0.000001 0.000001 0.000001 0.000001 0.000001 
0.000000 0.000000 0.000000 0.000001 0.000001 0.000001 0.000002 0.000003 0.000004 0.000005 0.000008 0.000011 0.000015 0.000021 0.000029 0.000040 0.000054 0.000073 0.000097 0.000127 0.000166 0.000216 0.000277 0.000352 0.000445 0.000556 0.000690 0.000848 0.001034 0.001249 0.001495 0.001775 0.002089 0.002436 0.002817 0.003229 0.003668 0.004131 0.004612 0.005103 0.005597 0.006086 0.006559 0.007007 0.007420 0.007788 0.008103 0.008357 0.008543 0.008657 0.008695 0.008657 0.008543 0.008357 0.008103 0.007788 0.007420 0.007007 0.006559 0.006086 0.005597 0.005103 0.004612 0.004131 0.003668 0.003229 0.002817 0.002436 0.002089 0.001775 0.001495 0.001249 0.001034 0.000848 0.000690 0.000556 0.000445 0.000352 0.000277 0.000216 0.000166 0.000127 0.000097 0.000073 0.000054 0.000040 0.000029 0.000021 0.000015 0.000011 0.000008 0.000005 0.000004 0.000003 0.000002 0.000001 0.000001 0.000001 0.000001 0.000001 
0.000001 0.000001 0.000001 0.000001 0.000001 0.000002 0.000002 0.000003 0.000005 0.000007 0.000010 0.000014 0.000020 0.000028 0.000039 0.000053 0.000071 0.000096 0.000127 0.000168 0.000219 0.000284 0.000365 0.000464 0.000586 0.000733 0.000908 0.001116 0.001360 0.001643 0.001967 0.002335 0.002747 0.003204 0.003704 0.004245 0.004823 0.005431 0.006062 0.006708 0.007357 0.007998 0.008620 0.009208 0.009750 0.010234 0.010647 0.010980 0.011225 0.011374 0.011424 0.011374 0.011225 0.010980 0.010647 0.010234 0.009750 0.009208 0.008620 0.007998 0.007357 0.006708 0.006062 0.005431 0.004823 0.004245 0.003704 0.003204 0.002747 0.002335 0.001967 0.001643 0.001360 0.001116 0.000908 0.000733 0.000586 0.000464 0.000365 0.000284 0.000219 0.000168 0.000127 0.000096 0.000071 0.000053 0.000039 0.000028 0.000020 0.000014 0.000010 0.000007 0.000005 0.000003 0.000002 0.000002 0.000001 0.000001 0.000001 0.000001 
0.000001 0.000001 0.000001 0.000001 0.000002 0.000002 0.000003 0.000005 0.000007 0.000010 0.000014 0.000020 0.000029 0.000040 0.000054 0.000074 0.000100 0.000135 0.000179 0.000236 0.000308 0.000398 0.000511 0.000651 0.000821 0.001026 0.001273 0.001564 0.001905 0.002301 0.002754 0.003269 0.003845 0.004484 0.005184 0.005940 0.006747 0.007597 0.008480 0.009382 0.010289 0.011185 0.012053 0.012875 0.013633 0.014308 0.014886 0.015352 0.015693 0.015901 0.015972 0.015901 0.015693 0.015352 0.014886 0.014308 0.013633 0.012875 0.012053 0.011185 0.010289 0.009382 0.008480 0.007597 0.006747 0.005940 0.005184 0.004484 0.003845 0.003269 0.002754 0.002301 0.001905 0.001564 0.001273 0.001026 0.000821 0.000651 0.000511 0.000398 0.000308 0.000236 0.000179 0.000135 0.000100 0.000074 0.000054 0.000040 0.000029 0.000020 0.000014 0.000010 0.000007 0.000005 0.000003 0.000002 0.000002 0.000001 0.000001 0.000001 
0.000001 0.000001 0.000001 0.000002 0.000002 0.000003 0.000005 0.000007 0.000010 0.000015 0.000021 0.000029 0.000041 0.000057 0.000078 0.000107 0.000145 0.000194 0.000258 0.000339 0.000443 0.000573 0.000736 0.000936 0.001181 0.001477 0.001830 0.002249 0.002739 0.003308 0.003960 0.004698 0.005526 0.006444 0.007448 0.008534 0.009693 0.010913 0.012179 0.013474 0.014776 0.016062 0.017307 0.018487 0.019573 0.020543 0.021371 0.022039 0.022529 0.022828 0.022928 0.022828 0.022529 0.022039 0.021371 0.020543 0.019573 0.018487 0.017307 0.016062 0.014776 0.013474 0.012179 0.010913 0.009693 0.008534 0.007448 0.006444 0.005526 0.004698 0.003960 0.003308 0.002739 0.002249 0.001830 0.001477 0.001181 0.000936 0.000736 0.000573 0.000443 0.000339 0.000258 0.000194 0.000145 0.000107 0.000078 0.000057 0.000041 0.000029 0.000021 0.000015 0.000010 0.000007 0.000005 0.000003 0.000002 0.000002 0.000002 0.000002 
0.000002 0.000002 0.000002 0.000002 0.000003 0.000005 0.000007 0.000010 0.000015 0.000021 0.000030 0.000043 0.000060 0.000083 0.000114 0.000155 0.000210 0.000281 0.000374 0.000492 0.000643 0.000832 0.001067 0.001358 0.001712 0.002140 0.002652 0.003259 0.003969 0.004792 0.005735 0.006804 0.008002 0.009330 0.010782 0.012353 0.014029 0.015794 0.017625 0.019497 0.021380 0.023239 0.025040 0.026745 0.028316 0.029717 0.030915 0.031880 0.032588 0.033020 0.033166 0.033020 0.032588 0.031880 0.030915 0.029717 0.028316 0.026745 0.025040 0.023239 0.021380 0.019497 0.017625 0.015794 0.014029 0.012353 0.010782 0.009330 0.008002 0.006804 0.005735 0.004792 0.003969 0.003259 0.002652 0.002140 0.001712 0.001358 0.001067 0.000832 0.000643 0.000492 0.000374 0.000281 0.000210 0.000155 0.000114 0.000083 0.000060 0.000043 0.000030 0.000021 0.000015 0.000010 0.000007 0.000005 0.000004 0.000003 0.000002 0.000002 
0.000002 0.000002 0.000003 0.000003 0.000005 0.000007 0.000010 0.000015 0.000022 0.000031 0.000044 0.000062 0.000087 0.000120 0.000165 0.000225 0.000304 0.000408 0.000541 0.000713 0.000931 0.001204 0.001545 0.001965 0.002478 0.003097 0.003838 0.004714 0.005741 0.006930 0.008294 0.009839 0.011570 0.013488 0.015587 0.017856 0.020277 0.022825 0.025470 0.028174 0.030892 0.033578 0.036178 0.038639 0.040907 0.042930 0.044660 0.046053 0.047075 0.047699 0.047908 0.047699 0.047075 0.046053 0.044660 0.042930 0.040907 0.038639 0.036178 0.033578 0.030892 0.028174 0.025470 0.022825 0.020277 0.017856 0.015587 0.013488 0.011570 0.009839 0.008294 0.006930 0.005741 0.004714 0.003838 0.003097 0.002478 0.001965 0.001545 0.001204 0.000931 0.000713 0.000541 0.000408 0.000304 0.000225 0.000165 0.000120 0.000087 0.000062 0.000044 0.000031 0.000022 0.000015 0.000010 0.000007 0.000005 0.000004 0.000003 0.000003 
0.000003 0.000003 0.000004 0.000005 0.000007 0.000010 0.000015 0.000022 0.000031 0.000045 0.000063 0.000089 0.000125 0.000173 0.000238 0.000325 0.000439 0.000588 0.000780 0.001027 0.001341 0.001735 0.002225 0.002829 0.003567 0.004458 0.005523 0.006784 0.008260 0.009970 0.011930 0.014151 0.016639 0.019395 0.022412 0.025672 0.029150 0.032811 0.036610 0.040494 0.044398 0.048255 0.051989 0.055524 0.058781 0.061686 0.064170 0.066170 0.067637 0.068533 0.068834 0.068533 0.067637 0.066170 0.064170 0.061686 0.058781 0.055524 0.051989 0.048255 0.044398 0.040494 0.036610 0.032811 0.029150 0.025672 0.022412 0.019395 0.016639 0.014151 0.011930 0.009970 0.008260 0.006784 0.005523 0.004458 0.003567 0.002829 0.002225 0.001735 0.001341 0.001027 0.000780 0.000588 0.000439 0.000325 0.000238 0.000173 0.000125 0.000089 0.000063 0.000045 0.000031 0.000022 0.000015 0.000011 0.000008 0.000006 0.000005 0.000005 
0.000005 0.000005 0.000005 0.000007 0.000010 0.000015 0.000021 0.000031 0.000045 0.000064 0.000091 0.000128 0.000179 0.000248 0.000341 0.000465 0.000628 0.000841 0.001116 0.001469 0.001917 0.002480 0.003181 0.004044 0.005098 0.006370 0.007892 0.009692 0.011799 0.014240 0.017037 0.020207 0.023758 0.027691 0.031995 0.036645 0.041607 0.046829 0.052249 0.057787 0.063356 0.068856 0.074181 0.079220 0.083865 0.088007 0.091548 0.094401 0.096492 0.097770 0.098199 0.097770 0.096492 0.094401 0.091548 0.088007 0.083865 0.079220 0.074181 0.068856 0.063356 0.057787 0.052249 0.046829 0.041607 0.036645 0.031995 0.027691 0.023758 0.020207 0.017037 0.014240 0.011799 0.009692 0.007892 0.006370 0.005098 0.004044 0.003181 0.002480 0.001917 0.001469 0.001116 0.000841 0.000628 0.000465 0.000341 0.000248 0.000179 0.000128 0.000091 0.000064 0.000045 0.000031 0.000022 0.000015 0.000011 0.000008 0.000007 0.000007 
0.000007 0.000007 0.000008 0.000010 0.000014 0.000021 0.000030 0.000044 0.000063 0.000091 0.000129 0.000182 0.000254 0.000353 0.000484 0.000660 0.000891 0.001193 0.001584 0.002085 0.002720 0.003518 0.004512 0.005735 0.007229 0.009032 0.011187 0.013737 0.016721 0.020179 0.024140 0.028628 0.033656 0.039224 0.045315 0.051898 0.058921 0.066312 0.073980 0.081818 0.089697 0.097479 0.105013 0.112143 0.118713 0.124573 0.129582 0.133618 0.136577 0.138383 0.138991 0.138383 0.136577 0.133618 0.129582 0.124573 0.118713 0.112143 0.105013 0.097479 0.089697 0.081818 0.073980 0.066312 0.058921 0.051898 0.045315 0.039224 0.033656 0.028628 0.024140 0.020179 0.016721 0.013737 0.011187 0.009032 0.007229 0.005735 0.004512 0.003518 0.002720 0.002085 0.001584 0.001193 0.000891 0.000660 0.000484 0.000353 0.000254 0.000182 0.000129 0.000091 0.000064 0.000044 0.000031 0.000021 0.000015 0.000012 0.000010 0.000010 
0.000009 0.000009 0.000011 0.000014 0.000020 0.000029 0.000043 0.000062 0.000089 0.000128 0.000182 0.000257 0.000359 0.000497 0.000682 0.000929 0.001255 0.001680 0.002230 0.002934 0.003827 0.004949 0.006346 0.008066 0.010165 0.012699 0.015727 0.019310 0.023503 0.028359 0.033922 0.040225 0.047286 0.055103 0.063656 0.072898 0.082755 0.093130 0.103893 0.114892 0.125950 0.136871 0.147443 0.157448 0.166667 0.174889 0.181918 0.187579 0.191730 0.194265 0.195118 0.194265 0.191730 0.187579 0.181918 0.174889 0.166667 0.157448 0.147443 0.136871 0.125950 0.114892 0.103893 0.093130 0.082755 0.072898 0.063656 0.055103 0.047286 0.040225 0.033922 0.028359 0.023503 0.019310 0.015727 0.012699 0.010165 0.008066 0.006346 0.004949 0.003827 0.002934 0.002230 0.001680 0.001255 0.000929 0.000682 0.000497 0.000359 0.000257 0.000182 0.000128 0.000090 0.000062 0.000043 0.000030 0.000022 0.000017 0.000014 0.000014 
0.000013 0.000013 0.000015 0.000020 0.000029 0.000041 0.000060 0.000087 0.000125 0.000179 0.000254 0.000359 0.000501 0.000694 0.000953 0.001298 0.001752 0.002345 0.003112 0.004094 0.005340 0.006905 0.008852 0.011250 0.014175 0.017706 0.021926 0.026917 0.032758 0.039523 0.047271 0.056049 0.065881 0.076766 0.088674 0.101539 0.115262 0.129703 0.144684 0.159993 0.175382 0.190579 0.205291 0.219214 0.232043 0.243483 0.253262 0.261139 0.266915 0.270442 0.271628 0.270442 0.266915 0.261139 0.253262 0.243483 0.232043 0.219214 0.205291 0.190579 0.175382 0.159993 0.144684 0.129703 0.115262 0.101539 0.088674 0.076766 0.065881 0.056049 0.047271 0.039523 0.032758 0.026917 0.021926 0.017706 0.014175 0.011250 0.008852 0.006905 0.005340 0.004094 0.003112 0.002345 0.001752 0.001298 0.000953 0.000694 0.000501 0.000359 0.000255 0.000179 0.000125 0.000087 0.000061 0.000042 0.000030 0.000023 0.000020 0.000020 
0.000018 0.000018 0.000021 0.000028 0.000040 0.000057 0.000083 0.000120 0.000173 0.000248 0.000353 0.000497 0.000694 0.000961 0.001320 0.001797 0.002425 0.003245 0.004306 0.005664 0.007387 0.009551 0.012242 0.015557 0.019599 0.024479 0.030309 0.037204 0.045273 0.054616 0.065318 0.077439 0.091015 0.106044 0.122484 0.140245 0.159187 0.179119 0.199796 0.220924 0.242162 0.263134 0.283435 0.302646 0.320348 0.336133 0.349626 0.360494 0.368463 0.373329 0.374965 0.373329 0.368463 0.360494 0.349626 0.336133 0.320348 0.302646 0.283435 0.263134 0.242162 0.220924 0.199796 0.179119 0.159187 0.140245 0.122484 0.106044 0.091015 0.077439 0.065318 0.054616 0.045273 0.037204 0.030309 0.024479 0.019599 0.015557 0.012242 0.009551 0.007387 0.005664 0.004306 0.003245 0.002425 0.001797 0.001320 0.000961 0.000694 0.000497 0.000353 0.000249 0.000174 0.000121 0.000084 0.000059 0.000042 0.000032 0.000028 0.000028 
0.000025 0.000025 0.000029 0.000039 0.000054 0.000078 0.000114 0.000165 0.000238 0.000341 0.000484 0.000682 0.000953 0.001320 0.001812 0.002466 0.003328 0.004454 0.005908 0.007771 0.010133 0.013099 0.016788 0.021331 0.026870 0.033555 0.041543 0.050988 0.062040 0.074836 0.089490 0.106088 0.124676 0.145252 0.167756 0.192068 0.217995 0.245275 0.273573 0.302486 0.331549 0.360246 0.388023 0.414309 0.438528 0.460124 0.478584 0.493453 0.504355 0.511013 0.513251 0.511013 0.504355 0.493453 0.478584 0.460124 0.438528 0.414309 0.388023 0.360246 0.331549 0.302486 0.273573 0.245275 0.217995 0.192068 0.167756 0.145252 0.124676 0.106088 0.089490 0.074836 0.062040 0.050988 0.041543 0.033555 0.026870 0.021331 0.016788 0.013099 0.010133 0.007771 0.005908 0.004454 0.003328 0.002466 0.001812 0.001320 0.000953 0.000683 0.000485 0.000342 0.000239 0.000166 0.000116 0.000081 0.000058 0.000045 0.000038 0.000038 
0.000034 0.000034 0.000040 0.000053 0.000074 0.000107 0.000155 0.000225 0.000325 0.000465 0.000660 0.000929 0.001298 0.001797 0.002466 0.003357 0.004529 0.006060 0.008038 0.010570 0.013781 0.017812 0.022826 0.028999 0.036525 0.045607 0.056457 0.069286 0.084296 0.101672 0.121570 0.144105 0.169340 0.197270 0.227817 0.260814 0.296002 0.333023 0.371424 0.410656 0.450090 0.489026 0.526713 0.562375 0.595231 0.624529 0.649571 0.669742 0.684532 0.693562 0.696599 0.693562 0.684532 0.669742 0.649571 0.624529 0.595231 0.562375 0.526713 0.489026 0.450090 0.410656 0.371424 0.333023 0.296002 0.260814 0.227817 0.197270 0.169340 0.144105 0.121570 0.101672 0.084296 0.069286 0.056457 0.045607 0.036525 0.028999 0.022826 0.017812 0.013781 0.010570 0.008038 0.006060 0.004529 0.003357 0.002466 0.001797 0.001298 0.000930 0.000660 0.000465 0.000326 0.000227 0.000158 0.000110 0.000079 0.000061 0.000052 0.000052 
0.000046 0.000046 0.000054 0.000071 0.000100 0.000145 0.000210 0.000304 0.000439 0.000628 0.000891 0.001255 0.001752 0.002425 0.003328 0.004529 0.006111 0.008175 0.010841 0.014255 0.018582 0.024016 0.030771 0.039088 0.049227 0.061461 0.076074 0.093351 0.113563 0.136958 0.163747 0.194084 0.228051 0.265645 0.306757 0.351164 0.398515 0.448331 0.500000 0.552785 0.605839 0.658221 0.708920 0.756893 0.801091 0.840501 0.874186 0.901316 0.921210 0.933357 0.937441 0.933357 0.921210 0.901316 0.874186 0.840501 0.801091 0.756893 0.708920 0.658221 0.605839 0.552785 0.500000 0.448331 0.398515 0.351164 0.306757 0.265645 0.228051 0.194084 0.163747 0.136958 0.113563 0.093351 0.076074 0.061461 0.049227 0.039088 0.030771 0.024016 0.018582 0.014255 0.010841 0.008175 0.006111 0.004529 0.003329 0.002425 0.001752 0.001255 0.000892 0.000629 0.000440 0.000306 0.000213 0.000149 0.000107 0.000082 0.000070 0.000070 
0.000062 0.000062 0.000073 0.000096 0.000135 0.000194 0.000281 0.000408 0.000588 0.000841 0.001193 0.001680 0.002345 0.003245 0.004454 0.006060 0.008175 0.010933 0.014498 0.019060 0.024843 0.032103 0.041129 0.052239 0.065781 0.082120 0.101635 0.124704 0.151689 0.182923 0.218683 0.259175 0.304510 0.354681 0.409543 0.468798 0.531979 0.598443 0.667375 0.737794 0.808568 0.878441 0.946069 1.010057 1.069007 1.121571 1.166498 1.202682 1.229214 1.245414 1.250861 1.245414 1.229214 1.202682 1.166498 1.121571 1.069007 1.010057 0.946069 0.878441 0.808568 0.737794 0.667375 0.598443 0.531979 0.468798 0.409543 0.354681 0.304510 0.259175 0.218683 0.182923 0.151689 0.124704 0.101635 0.082120 0.065781 0.052239 0.041129 0.032103 0.024843 0.019060 0.014498 0.010933 0.008175 0.006060 0.004454 0.003246 0.002345 0.001680 0.001194 0.000842 0.000589 0.000410 0.000285 0.000200 0.000144 0.000110 0.000094 0.000094 
0.000082 0.000082 0.000097 0.000127 0.000179 0.000258 0.000374 0.000541 0.000780 0.001116 0.001584 0.002230 0.003112 0.004306 0.005908 0.008038 0.010841 0.014498 0.019222 0.025267 0.032929 0.042547 0.054503 0.069219 0.087152 0.108788 0.134627 0.165168 0.200891 0.242233 0.289563 0.343152 0.403145 0.469533 0.542123 0.620520 0.704106 0.792030 0.883215 0.976362 1.069973 1.162389 1.251832 1.336459 1.414421 1.483935 1.543347 1.591198 1.626284 1.647706 1.654910 1.647706 1.626284 1.591198 1.543347 1.483935 1.414421 1.336459 1.251832 1.162389 1.069973 0.976362 0.883215 0.792030 0.704106 0.620520 0.542123 0.469533 0.403145 0.343152 0.289563 0.242233 0.200891 0.165168 0.134627 0.108788 0.087152 0.069219 0.054503 0.042547 0.032929 0.025267 0.019222 0.014498 0.010841 0.008038 0.005908 0.004306 0.003112 0.002230 0.001585 0.001117 0.000782 0.000545 0.000379 0.000266 0.000191 0.000146 0.000125 0.000125 
0.000108 0.000108 0.000127 0.000168 0.000236 0.000339 0.000492 0.000713 0.001027 0.001469 0.002085 0.002934 0.004094 0.005664 0.007771 0.010570 0.014255 0.019060 0.025267 0.033210 0.043275 0.055908 0.071610 0.090934 0.114482 0.142888 0.176808 0.216897 0.263784 0.318042 0.380152 0.450471 0.529187 0.616287 0.711518 0.814360 0.924001 1.039328 1.158925 1.281088 1.403856 1.525052 1.642345 1.753317 1.855547 1.946698 2.024600 2.087343 2.133347 2.161435 2.170880 2.161435 2.133347 2.087343 2.024600 1.946698 1.855547 1.753317 1.642345 1.525052 1.403856 1.281088 1.158925 1.039328 0.924001 0.814360 0.711518 0.616287 0.529187 0.450471 0.380152 0.318042 0.263784 0.216897 0.176808 0.142888 0.114482 0.090934 0.071610 0.055908 0.043275 0.033210 0.025267 0.019060 0.014255 0.010570 0.007771 0.005665 0.004094 0.002934 0.002086 0.001471 0.001030 0.000717 0.000499 0.000350 0.000252 0.000193 0.000165 0.000165 
0.000142 0.000142 0.000166 0.000219 0.000308 0.000443 0.000643 0.000931 0.001341 0.001917 0.002720 0.003827 0.005340 0.007387 0.010133 0.013781 0.018582 0.024843 0.032929 0.043275 0.056385 0.072836 0.093282 0.118442 0.149096 0.186073 0.230223 0.282397 0.343413 0.414015 0.494828 0.586313 0.688717 0.802019 0.925890 1.059652 1.202249 1.352234 1.507763 1.666622 1.826261 1.983849 2.136356 2.280641 2.413556 2.532063 2.633343 2.714913 2.774722 2.811238 2.823517 2.811238 2.774722 2.714913 2.633343 2.532063 2.413556 2.280641 2.136356 1.983849 1.826261 1.666622 1.507763 1.352234 1.202249 1.059652 0.925890 0.802019 0.688717 0.586313 0.494828 0.414015 0.343413 0.282397 0.230223 0.186073 0.149096 0.118442 0.093282 0.072836 0.056385 0.043275 0.032929 0.024843 0.018582 0.013781 0.010133 0.007387 0.005340 0.003828 0.002721 0.001919 0.001344 0.000936 0.000652 0.000457 0.000329 0.000252 0.000216 0.000216 
0.000184 0.000184 0.000216 0.000284 0.000398 0.000573 0.000832 0.001204 0.001735 0.002480 0.003518 0.004949 0.006905 0.009551 0.013099 0.017812 0.024016 0.032103 0.042547 0.055908 0.072836 0.094078 0.120473 0.152950 0.192517 0.240239 0.297213 0.364537 0.443263 0.534349 0.638600 0.756611 0.888695 1.034827 1.194580 1.367079 1.550962 1.744359 1.944897 2.149719 2.355536 2.558703 2.755312 2.941316 3.112658 3.265423 3.395979 3.501125 3.578219 3.625289 3.641117 3.625289 3.578219 3.501125 3.395979 3.265423 3.112658 2.941316 2.755312 2.558703 2.355536 2.149719 1.944897 1.744359 1.550962 1.367079 1.194580 1.034827 0.888695 0.756611 0.638600 0.534349 0.443263 0.364537 0.297213 0.240239 0.192517 0.152950 0.120473 0.094078 0.072836 0.055908 0.042547 0.032103 0.024016 0.017812 0.013099 0.009551 0.006905 0.004951 0.003520 0.002483 0.001739 0.001212 0.000843 0.000592 0.000426 0.000326 0.000280 0.000280 
0.000236 0.000236 0.000277 0.000365 0.000511 0.000736 0.001067 0.001545 0.002225 0.003181 0.004512 0.006346 0.008852 0.012242 0.016788 0.022826 0.030771 0.041129 0.054503 0.071610 0.093282 0.120473 0.154257 0.195823 0.246457 0.307520 0.380416 0.466547 0.567256 0.683767 0.817108 0.968037 1.136953 1.323822 1.528097 1.748656 1.983758 2.231011 2.487382 2.749218 3.012316 3.272017 3.523326 3.761072 3.980072 4.175324 4.342187 4.476572 4.575103 4.635261 4.655490 4.635261 4.575103 4.476572 4.342187 4.175324 3.980072 3.761072 3.523326 3.272017 3.012316 2.749218 2.487382 2.231011 1.983758 1.748656 1.528097 1.323822 1.136953 0.968037 0.817108 0.683767 0.567256 0.466547 0.380416 0.307520 0.246457 0.195823 0.154257 0.120473 0.093282 0.071610 0.054503 0.041129 0.030771 0.022826 0.016788 0.012243 0.008853 0.006347 0.004514 0.003185 0.002231 0.001555 0.001082 0.000759 0.000547 0.000419 0.000359 0.000359 
0.000300 0.000300 0.000352 0.000464 0.000651 0.000936 0.001358 0.001965 0.002829 0.004044 0.005735 0.008066 0.011250 0.015557 0.021331 0.028999 0.039088 0.052239 0.069219 0.090934 0.118442 0.152950 0.195823 0.248565 0.312806 0.390274 0.482744 0.591994 0.719725 0.867486 1.036579 1.227962 1.442138 1.679063 1.938039 2.217646 2.515673 2.829088 3.154045 3.485915 3.819372 4.148511 4.467005 4.768301 5.045834 5.293265 5.504718 5.675011 5.799869 5.876100 5.901733 5.876100 5.799869 5.675011 5.504718 5.293265 5.045834 4.768301 4.467005 4.148511 3.819372 3.485915 3.154045 2.829088 2.515673 2.217646 1.938039 1.679063 1.442138 1.227962 1.036579 0.867486 0.719725 0.591994 0.482744 0.390274 0.312806 0.248565 0.195823 0.152950 0.118442 0.090934 0.069219 0.052239 0.039089 0.028999 0.021331 0.015558 0.011251 0.008068 0.005738 0.004049 0.002837 0.001977 0.001377 0.000966 0.000696 0.000533 0.000457 0.000457 
0.000379 0.000379 0.000445 0.000586 0.000821 0.001181 0.001712 0.002478 0.003567 0.005098 0.007229 0.010165 0.014175 0.019599 0.026870 0.036525 0.049227 0.065781 0.087152 0.114482 0.149096 0.192517 0.246457 0.312806 0.393616 0.491053 0.607351 0.744741 0.905359 1.091151 1.303751 1.544358 1.813605 2.111429 2.436957 2.788396 3.162967 3.556862 3.965242 4.382295 4.801325 5.214915 5.615117 5.993697 6.342412 6.653297 6.918973 7.132932 7.289803 7.385579 7.417784 7.385579 7.289803 7.132932 6.918973 6.653297 6.342412 5.993697 5.615117 5.214915 4.801325 4.382295 3.965242 3.556862 3.162967 2.788396 2.436957 2.111429 1.813605 1.544358 1.303751 1.091151 0.905359 0.744741 0.607351 0.491053 0.393616 0.312806 0.246457 0.192517 0.149096 0.114482 0.087152 0.065781 0.049227 0.036525 0.026870 0.019600 0.014176 0.010167 0.007232 0.005104 0.003577 0.002493 0.001736 0.001218 0.000878 0.000673 0.000577 0.000577 
0.000474 0.000474 0.000556 0.000733 0.001026 0.001477 0.002140 0.003097 0.004458 0.006370 0.009032 0.012699 0.017706 0.024479 0.033555 0.045607 0.061461 0.082120 0.108788 0.142888 0.186073 0.240239 0.307520 0.390274 0.491053 0.612559 0.757573 0.928872 1.129119 1.360733 1.625748 1.925656 2.261242 2.632424 3.038109 3.476065 3.942824 4.433639 4.942483 5.462111 5.984185 6.499464 6.998047 7.469683 7.904101 8.291385 8.622344 8.888874 9.084288 9.203595 9.243712 9.203595 9.084288 8.888874 8.622344 8.291385 7.904101 7.469683 6.998047 6.499464 5.984185 5.462111 4.942483 4.433639 3.942824 3.476065 3.038109 2.632424 2.261242 1.925656 1.625748 1.360733 1.129119 0.928872 0.757573 0.612559 0.491053 0.390274 0.307520 0.240239 0.186073 0.142888 0.108788 0.082120 0.061461 0.045608 0.033556 0.024480 0.017708 0.012702 0.009036 0.006378 0.004470 0.003116 0.002170 0.001523 0.001098 0.000842 0.000722 0.000722 
0.000588 0.000588 0.000690 0.000908 0.001273 0.001830 0.002652 0.003838 0.005523 0.007892 0.011187 0.015727 0.021926 0.030309 0.041543 0.056457 0.076074 0.101635 0.134627 0.176808 0.230223 0.297213 0.380416 0.482744 0.607351 0.757573 0.936845 1.148595 1.396110 1.682377 2.009905 2.380533 2.795227 3.253882 3.755145 4.296253 4.872921 5.479283 6.107893 6.749800 7.394707 8.031198 8.647051 9.229601 9.766170 10.244513 10.653281 10.982469 11.223820 11.371172 11.420719 11.371172 11.223820 10.982469 10.653281 10.244513 9.766170 9.229601 8.647051 8.031198 7.394707 6.749800 6.107893 5.479283 4.872921 4.296253 3.755145 3.253882 2.795227 2.380533 2.009905 1.682377 1.396110 1.148595 0.936845 0.757573 0.607351 0.482744 0.380416 0.297213 0.230223 0.176808 0.134627 0.101635 0.076075 0.056458 0.041544 0.030310 0.021928 0.015731 0.011193 0.007901 0.005538 0.003862 0.002690 0.001888 0.001361 0.001044 0.000895 0.000895 
0.000723 0.000723 0.000848 0.001116 0.001564 0.002249 0.003259 0.004714 0.006784 0.009692 0.013737 0.019310 0.026917 0.037204 0.050988 0.069286 0.093351 0.124704 0.165168 0.216897 0.282397 0.364537 0.466547 0.591994 0.744741 0.928872 1.148595 1.408105 1.711426 2.062213 2.463536 2.917641 3.425707 3.987603 4.601665 5.264506 5.970876 6.713587 7.483517 8.269705 9.059541 9.839047 10.593256 11.306664 11.963748 12.549517 13.050078 13.453184 13.748727 13.929163 13.989834 13.929163 13.748727 13.453184 13.050078 12.549517 11.963748 11.306664 10.593256 9.839047 9.059541 8.269705 7.483517 6.713587 5.970876 5.264506 4.601665 3.987603 3.425707 2.917641 2.463536 2.062213 1.711426 1.408105 1.148595 0.928872 0.744741 0.591994 0.466547 0.364537 0.282397 0.216897 0.165168 0.124704 0.093351 0.069287 0.050989 0.037206 0.026919 0.019314 0.013744 0.009703 0.006802 0.004744 0.003304 0.002320 0.001673 0.001283 0.001100 0.001100 
0.000881 0.000881 0.001034 0.001360 0.001905 0.002739 0.003969 0.005741 0.008260 0.011799 0.016721 0.023503 0.032758 0.045273 0.062040 0.084296 0.113563 0.151689 0.200891 0.263784 0.343413 0.443263 0.567256 0.719725 0.905359 1.129119 1.396110 1.711426 2.079950 2.506116 2.993647 3.545266 4.162400 4.844885 5.590694 6.395709 7.253553 8.155494 9.090454 10.045125 11.004193 11.950691 12.866448 13.732645 14.530439 15.241633 15.849367 16.338774 16.697586 16.916649 16.990308 16.916649 16.697586 16.338774 15.849367 15.241633 14.530439 13.732645 12.866448 11.950691 11.004193 10.045125 9.090454 8.155494 7.253553 6.395709 5.590694 4.844885 4.162400 3.545266 2.993647 2.506116 2.079950 1.711426 1.396110 1.129119 0.905359 0.719725 0.567256 0.443263 0.343413 0.263784 0.200891 0.151690 0.113563 0.084297 0.062042 0.045275 0.032761 0.023508 0.016730 0.011813 0.008282 0.005777 0.004025 0.002826 0.002038 0.001563 0.001341 0.001341 
0.001064 0.001064 0.001249 0.001643 0.002301 0.003308 0.004792 0.006930 0.009970 0.014240 0.020179 0.028359 0.039523 0.054616 0.074836 0.101672 0.136958 0.182923 0.242233 0.318042 0.414015 0.534349 0.683767 0.867486 1.091151 1.360733 1.682377 2.062213 2.506116 3.019420 3.606601 4.270934 5.014129 5.835982 6.734049 7.703367 8.736251 9.822188 10.947840 12.097184 13.251788 14.391226 15.493629 16.536348 17.496704 18.352802 19.084349 19.673455 20.105360 20.369046 20.457709 20.369046 20.105360 19.673455 19.084349 18.352802 17.496704 16.536348 15.493629 14.391226 13.251788 12.097184 10.947840 9.822188 8.736251 7.703367 6.734049 5.835982 5.014129 4.270934 3.606601 3.019420 2.506116 2.062213 1.682377 1.360733 1.091151 0.867486 0.683767 0.534349 0.414015 0.318042 0.242233 0.182923 0.136959 0.101673 0.074838 0.054619 0.039527 0.028366 0.020189 0.014257 0.009997 0.006974 0.004859 0.003413 0.002462 0.001888 0.001619 0.001619 
0.001274 0.001274 0.001495 0.001967 0.002754 0.003960 0.005735 0.008294 0.011930 0.017037 0.024140 0.033922 0.047271 0.065318 0.089490 0.121570 0.163747 0.218683 0.289563 0.380152 0.494828 0.638600 0.817108 1.036579 1.303751 1.625748 2.009905 2.463536 2.993647 3.606601 4.307737 5.100955 5.988290 6.969492 8.041636 9.198792 10.431785 11.728061 13.071697 14.443570 15.821681 17.181654 18.497393 19.741871 20.888029 21.909741 22.782795 23.485848 24.001289 24.315975 24.421785 24.315975 24.001289 23.485848 22.782795 21.909741 20.888029 19.741871 18.497393 17.181654 15.821681 14.443570 13.071697 11.728061 10.431785 9.198792 8.041636 6.969492 5.988290 5.100955 4.307737 3.606601 2.993647 2.463536 2.009905 1.625748 1.303751 1.036579 0.817108 0.638600 0.494828 0.380153 0.289563 0.218683 0.163748 0.121571 0.089492 0.065320 0.047276 0.033930 0.024153 0.017058 0.011962 0.008345 0.005816 0.004085 0.002947 0.002261 0.001939 0.001939 
0.001513 0.001513 0.001775 0.002335 0.003269 0.004698 0.006804 0.009839 0.014151 0.020207 0.028628 0.040225 0.056049 0.077439 0.106088 0.144105 0.194084 0.259175 0.343152 0.450471 0.586313 0.756611 0.968037 1.227962 1.544358 1.925656 2.380533 2.917641 3.545266 4.270934 5.100955 6.039937 7.090281 8.251683 9.520675 10.890233 12.349492 13.883591 15.473690 17.097155 18.727956 20.337253 21.894171 23.366736 24.722937 25.931867 26.964888 27.796750 28.406622 28.778957 28.904151 28.778957 28.406622 27.796750 26.964888 25.931867 24.722937 23.366736 21.894171 20.337253 18.727956 17.097155 15.473690 13.883591 12.349492 10.890233 9.520675 8.251683 7.090281 6.039937 5.100955 4.270934 3.545266 2.917641 2.380533 1.925656 1.544358 1.227962 0.968037 0.756611 0.586314 0.450471 0.343152 0.259175 0.194084 0.144106 0.106091 0.077443 0.056055 0.040235 0.028643 0.020231 0.014189 0.009900 0.006900 0.004847 0.003498 0.002684 0.002302 0.002302 
0.001780 0.001780 0.002089 0.002747 0.003845 0.005526 0.008002 0.011570 0.016639 0.023758 0.033656 0.047286 0.065881 0.091015 0.124676 0.169340 0.228051 0.304510 0.403145 0.529187 0.688717 0.888695 1.136953 1.442138 1.813605 2.261242 2.795227 3.425707 4.162400 5.014129 5.988290 7.090281 8.322911 9.685814 11.174913 12.781960 14.494200 16.294197 18.159839 20.064575 21.977868 23.865886 25.692415 27.419949 29.010946 30.429154 31.640986 32.616831 33.332258 33.769033 33.915895 33.769033 33.332258 32.616831 31.640986 30.429154 29.010946 27.419949 25.692415 23.865886 21.977868 20.064575 18.159839 16.294197 14.494200 12.781960 11.174913 9.685814 8.322911 7.090281 5.988290 5.014129 4.162400 3.425707 2.795227 2.261242 1.813605 1.442138 1.136954 0.888695 0.688717 0.529187 0.403146 0.304510 0.228052 0.169341 0.124679 0.091019 0.065888 0.047297 0.033674 0.023787 0.016685 0.011643 0.008115 0.005702 0.004115 0.003158 0.002708 0.002708 
0.002077 0.002077 0.002436 0.003204 0.004484 0.006444 0.009330 0.013488 0.019395 0.027691 0.039224 0.055103 0.076766 0.106044 0.145252 0.197270 0.265645 0.354681 0.469533 0.616287 0.802019 1.034827 1.323822 1.679063 2.111429 2.632424 3.253882 3.987603 4.844885 5.835982 6.969492 8.251683 9.685814 11.271450 13.003839 14.873377 16.865224 18.959091 21.129257 23.344838 25.570316 27.766347 29.890813 31.900100 33.750551 35.400015 36.809434 37.944377 38.776440 39.284420 39.455223 39.284420 38.776440 37.944377 36.809434 35.400015 33.750551 31.900100 29.890813 27.766347 25.570316 23.344838 21.129257 18.959091 16.865224 14.873377 13.003839 11.271450 9.685814 8.251683 6.969492 5.835982 4.844885 3.987603 3.253882 2.632424 2.111430 1.679063 1.323822 1.034827 0.802019 0.616287 0.469533 0.354682 0.265646 0.197272 0.145255 0.106049 0.076774 0.055116 0.039245 0.027725 0.019449 0.013572 0.009461 0.006648 0.004798 0.003683 0.003159 0.003159 
0.002402 0.002402 0.002817 0.003704 0.005184 0.007448 0.010782 0.015587 0.022412 0.031995 0.045315 0.063656 0.088674 0.122484 0.167756 0.227817 0.306757 0.409543 0.542123 0.711518 0.925890 1.194580 1.528097 1.938039 2.436957 3.038109 3.755145 4.601665 5.590694 6.734049 8.041636 9.520675 11.174913 13.003839 15.001961 17.158197 19.455424 21.870240 24.372981 26.928030 29.494433 32.026824 34.476640 36.793600 38.927370 40.829354 42.454528 43.763199 44.722619 45.308350 45.505296 45.308350 44.722619 43.763199 42.454528 40.829354 38.927370 36.793600 34.476640 32.026824 29.494433 26.928030 24.372981 21.870240 19.455424 17.158197 15.001961 13.003839 11.174913 9.520675 8.041636 6.734049 5.590694 4.601665 3.755145 3.038109 2.436957 1.938039 1.528097 1.194580 0.925890 0.711518 0.542124 0.409544 0.306758 0.227819 0.167760 0.122489 0.088683 0.063671 0.045340 0.032033 0.022473 0.015685 0.010935 0.007685 0.005547 0.004258 0.003653 0.003653 
0.002753 0.002753 0.003229 0.004245 0.005940 0.008534 0.012353 0.017856 0.025672 0.036645 0.051898 0.072898 0.101539 0.140245 0.192068 0.260814 0.351164 0.468798 0.620520 0.814360 1.059652 1.367079 1.748656 2.217646 2.788396 3.476065 4.296253 5.264506 6.395709 7.703367 9.198792 10.890233 12.781960 14.873377 17.158197 19.623738 22.250416 25.011468 27.872978 30.794224 33.728386 36.623604 39.424366 42.073196 44.512563 46.686922 48.544811 50.040863 51.137652 51.807244 52.032386 51.807244 51.137652 50.040863 48.544811 46.686922 44.512563 42.073196 39.424366 36.623604 33.728386 30.794224 27.872978 25.011468 22.250416 19.623738 17.158197 14.873377 12.781960 10.890233 9.198792 7.703367 6.395709 5.264506 4.296253 3.476065 2.788396 2.217646 1.748656 1.367079 1.059652 0.814360 0.620521 0.468799 0.351165 0.260816 0.192072 0.140251 0.101550 0.072915 0.051926 0.036690 0.025742 0.017968 0.012528 0.008805 0.006356 0.004880 0.004186 0.004186 
0.003128 0.003128 0.003668 0.004823 0.006747 0.009693 0.014029 0.020277 0.029150 0.041607 0.058921 0.082755 0.115262 0.159187 0.217995 0.296002 0.398515 0.531979 0.704106 0.924001 1.202249 1.550962 1.983758 2.515673 3.162967 3.942824 4.872921 5.970876 7.253553 8.736251 10.431785 12.349492 14.494200 16.865224 19.455424 22.250416 25.227992 28.357811 31.601425 34.912678 38.238503 41.520122 44.694626 47.696880 50.461684 52.926100 55.031808 56.727402 57.970472 58.729366 58.984535 58.729366 57.970472 56.727402 55.031808 52.926100 50.461684 47.696880 44.694626 41.520122 38.238503 34.912678 31.601425 28.357811 25.227992 22.250416 19.455424 16.865224 14.494200 12.349492 10.431785 8.736251 7.253553 5.970876 4.872921 3.942824 3.162967 2.515673 1.983758 1.550962 1.202250 0.924001 0.704106 0.531979 0.398517 0.296004 0.218000 0.159194 0.115274 0.082775 0.058952 0.041658 0.029230 0.020404 0.014228 0.010001 0.007220 0.005543 0.004756 0.004756 
0.003523 0.003523 0.004131 0.005431 0.007597 0.010913 0.015794 0.022825 0.032811 0.046829 0.066312 0.093130 0.129703 0.179119 0.245275 0.333023 0.448331 0.598443 0.792030 1.039328 1.352234 1.744359 2.231011 2.829088 3.556862 4.433639 5.479283 6.713587 8.155494 9.822188 11.728061 13.883591 16.294197 18.959091 21.870240 25.011468 28.357811 31.875166 35.520323 39.241414 42.978808 46.666462 50.233691 53.607313 56.714076 59.483267 61.849369 63.754629 65.151401 66.004128 66.290846 66.004128 65.151401 63.754629 61.849369 59.483267 56.714076 53.607313 50.233691 46.666462 42.978808 39.241414 35.520323 31.875166 28.357811 25.011468 21.870240 18.959091 16.294197 13.883591 11.728061 9.822188 8.155494 6.713587 5.479283 4.433639 3.556862 2.829088 2.231012 1.744359 1.352234 1.039328 0.792031 0.598444 0.448333 0.333026 0.245280 0.179127 0.129716 0.093152 0.066347 0.046887 0.032902 0.022969 0.016017 0.011260 0.008130 0.006242 0.005356 0.005356 
0.003933 0.003933 0.004612 0.006062 0.008480 0.012179 0.017625 0.025470 0.036610 0.052249 0.073980 0.103893 0.144684 0.199796 0.273573 0.371424 0.500000 0.667375 0.883215 1.158925 1.507763 1.944897 2.487382 3.154045 3.965242 4.942483 6.107893 7.483517 9.090454 10.947840 13.071697 15.473690 18.159839 21.129257 24.372981 27.872978 31.601425 35.520323 39.581527 43.727252 47.891066 51.999397 55.973508 59.731880 63.192920 66.277863 68.913734 71.036207 72.592213 73.542148 73.861551 73.542148 72.592213 71.036207 68.913734 66.277863 63.192920 59.731880 55.973508 51.999397 47.891066 43.727252 39.581527 35.520323 31.601425 27.872978 24.372981 21.129257 18.159839 15.473690 13.071697 10.947840 9.090454 7.483517 6.107893 4.942483 3.965242 3.154045 2.487382 1.944897 1.507763 1.158925 0.883216 0.667377 0.500002 0.371427 0.273579 0.199806 0.144699 0.103918 0.074020 0.052312 0.036712 0.025630 0.017875 0.012566 0.009074 0.006968 0.005979 0.005979 
0.004352 0.004352 0.005103 0.006708 0.009382 0.013474 0.019497 0.028174 0.040494 0.057787 0.081818 0.114892 0.159993 0.220924 0.302486 0.410656 0.552785 0.737794 0.976362 1.281088 1.666622 2.149719 2.749218 3.485915 4.382295 5.462111 6.749800 8.269705 10.045125 12.097184 14.443570 17.097155 20.064575 23.344838 26.928030 30.794224 34.912678 39.241414 43.727252 48.306365 52.905383 57.443052 61.832415 65.983447 69.806042 73.213222 76.124400 78.468544 80.187051 81.236190 81.588948 81.236190 80.187051 78.468544 76.124400 73.213222 69.806042 65.983447 61.832415 57.443052 52.905383 48.306365 43.727252 39.241414 34.912678 30.794224 26.928030 23.344838 20.064575 17.097155 14.443570 12.097184 10.045125 8.269705 6.749800 5.462111 4.382295 3.485915 2.749218 2.149719 1.666623 1.281089 0.976362 0.737796 0.552788 0.410660 0.302492 0.220934 0.160009 0.114920 0.081862 0.057858 0.040606 0.028351 0.019774 0.013902 0.010040 0.007710 0.006616 0.006616 
0.004774 0.004774 0.005597 0.007357 0.010289 0.014776 0.021380 0.030892 0.044398 0.063356 0.089697 0.125950 0.175382 0.242162 0.331549 0.450090 0.605839 0.808568 1.069973 1.403856 1.826261 2.355536 3.012316 3.819372 4.801325 5.984185 7.394707 9.059541 11.004193 13.251788 15.821681 18.727956 21.977868 25.570316 29.494433 33.728386 38.238503 42.978808 47.891066 52.905383 57.941422 62.910214 67.716551 72.261866 76.447508 80.178251 83.365868 85.932591 87.814266 88.963014 89.349264 88.963014 87.814266 85.932591 83.365868 80.178251 76.447508 72.261866 67.716551 62.910214 57.941422 52.905383 47.891066 42.978808 38.238503 33.728386 29.494433 25.570316 21.977868 18.727956 15.821681 13.251788 11.004193 9.059541 7.394707 5.984185 4.801325 3.819372 3.012316 2.355536 1.826261 1.403857 1.069974 0.808569 0.605842 0.450094 0.331555 0.242173 0.175401 0.125980 0.089745 0.063433 0.044521 0.031087 0.021683 0.015246 0.011011 0.008456 0.007257 0.007257 
0.005191 0.005191 0.006086 0.007998 0.011185 0.016062 0.023239 0.033578 0.048255 0.068856 0.097479 0.136871 0.190579 0.263134 0.360246 0.489026 0.658221 0.878441 1.162389 1.525052 1.983849 2.558703 3.272017 4.148511 5.214915 6.499464 8.031198 9.839047 11.950691 14.391226 17.181654 20.337253 23.865886 27.766347 32.026824 36.623604 41.520122 46.666462 51.999397 57.443052 62.910214 68.304306 73.521979 78.456244 83.000018 87.049942 90.510250 93.296536 95.339165 96.586172 97.005459 96.586172 95.339165 93.296536 90.510250 87.049942 83.000018 78.456244 73.521979 68.304306 62.910214 57.443052 51.999397 46.666462 41.520122 36.623604 32.026824 27.766347 23.865886 20.337253 17.181654 14.391226 11.950691 9.839047 8.031198 6.499464 5.214915 4.148511 3.272017 2.558703 1.983849 1.525053 1.162390 0.878443 0.658223 0.489030 0.360253 0.263146 0.190599 0.136903 0.097531 0.068940 0.048389 0.033789 0.023569 0.016573 0.011971 0.009194 0.007890 0.007890 
0.005594 0.005594 0.006559 0.008620 0.012053 0.017307 0.025040 0.036178 0.051989 0.074181 0.105013 0.147443 0.205291 0.283435 0.388023 0.526713 0.708920 0.946069 1.251832 1.642345 2.136356 2.755312 3.523326 4.467005 5.615117 6.998047 8.647051 10.593256 12.866448 15.493629 18.497393 21.894171 25.692415 29.890813 34.476640 39.424366 44.694626 50.233691 55.973508 61.832415 67.716551 73.521979 79.137480 84.447916 89.338055 93.696669 97.420706 100.419336 102.617627 103.959662 104.410900 103.959662 102.617627 100.419336 97.420706 93.696669 89.338055 84.447916 79.137480 73.521979 67.716551 61.832415 55.973508 50.233691 44.694626 39.424366 34.476640 29.890813 25.692415 21.894171 18.497393 15.493629 12.866448 10.593256 8.647051 6.998047 5.615117 4.467005 3.523326 2.755313 2.136356 1.642345 1.251833 0.946070 0.708923 0.526718 0.388031 0.283448 0.205313 0.147478 0.105069 0.074271 0.052134 0.036405 0.025396 0.017858 0.012900 0.009908 0.008503 0.008503 
