0.000000 0.000000 0.000000 0.000000 0.000000 0.000000 0.000000 0.000000 0.000000 0.000000 0.000000 0.000000 0.000000 0.000000 0.000000 0.000000 0.000000 0.000000 0.000000 0.000000 0.000000 0.000000 0.000000 0.000000 0.000000 0.000000 0.000000 0.000000 0.000000 0.000000 0.000000 0.000000 0.000000 0.000000 0.000000 0.000000 0.000000 0.000000 0.000000 0.000000 0.000000 0.000000 0.000000 0.000000 0.000000 0.000000 0.000000 0.000000 0.000000 0.000000 0.000000 0.000000 0.000000 0.000000 0.000000 0.000000 0.000000 0.000000 0.000000 0.000000 0.000000 0.000000 0.000000 0.000000 0.000000 0.000000 0.000000 0.000000 0.000000 0.000000 0.000000 0.000000 0.000000 0.000000 0.000000 0.000000 0.000000 0.000000 0.000000 0.000000 0.000000 0.000000 0.000000 0.000000 0.000000 0.000000 0.000000 0.000000 0.000000 0.000000 0.000000 0.000000 0.000000 0.000000 0.000000 0.000000 0.000000 0.000000 0.000000 0.000000 
0.000000 0.000000 0.000000 0.000000 0.000000 0.000000 0.000000 0.000000 0.000000 0.000000 0.000000 0.000000 0.000000 0.000000 0.000000 0.000000 0.000000 0.000000 0.000000 0.000000 0.000000 0.000000 0.000000 0.000000 0.000000 0.000000 0.000000 0.000000 0.000000 0.000000 0.000000 0.000000 0.000000 0.000000 0.000000 0.000000 0.000000 0.000000 0.000000 0.000000 0.000000 0.000000 0.000000 0.000000 0.000000 0.000000 0.000000 0.000000 0.000000 0.000000 0.000000 0.000000 0.000000 0.000000 0.000000 0.000000 0.000000 0.000000 0.000000 0.000000 0.000000 0.000000 0.000000 0.000000 0.000000 0.000000 0.000000 0.000000 0.000000 0.000000 0.000000 0.000000 0.000000 0.000000 0.000000 0.000000 0.000000 0.000000 0.000000 0.000000 0.000000 0.000000 0.000000 0.000000 0.000000 0.000000 0.000000 0.000000 0.000000 0.000000 0.000000 0.000000 0.000000 0.000000 0.000000 0.000000 0.000000 0.000000 0.000000 0.000000 
0.000000 0.000000 0.000000 0.000000 0.000000 0.000000 0.000000 0.000000 0.000000 0.000000 0.000000 0.000000 0.000000 0.000000 0.000000 0.000000 0.000000 0.000000 0.000000 0.000000 0.000000 0.000000 0.000000 0.000000 0.000000 0.000000 0.000000 0.000000 0.000000 0.000000 0.000000 0.000000 0.000000 0.000000 0.000000 0.000000 0.000000 0.000000 0.000000 0.000000 0.000000 0.000000 0.000000 0.000000 0.000000 0.000000 0.000000 0.000000 0.000000 0.000000 0.000000 0.000000 0.000000 0.000000 0.000000 0.000000 0.000000 0.000000 0.000000 0.000000 0.000000 0.000000 0.000000 0.000000 0.000000 0.000000 0.000000 0.000000 0.000000 0.000000 0.000000 0.000000 0.000000 0.000000 0.000000 0.000000 0.000000 0.000000 0.000000 0.000000 0.000000 0.000000 0.000000 0.000000 0.000000 0.000000 0.000000 0.000000 0.000000 0.000000 0.000000 0.000000 0.000000 0.000000 0.000000 0.000000 0.000000 0.000000 0.000000 0.000000 
0.000000 0.000000 0.000000 0.000000 0.000000 0.000000 0.000000 0.000000 0.000000 0.000000 0.000000 0.000000 0.000000 0.000000 0.000000 0.000000 0.000000 0.000000 0.000000 0.000000 0.000000 0.000000 0.000000 0.000000 0.000000 0.000000 0.000000 0.000000 0.000000 0.000000 0.000000 0.000000 0.000000 0.000000 0.000000 0.000000 0.000000 0.000000 0.000000 0.000000 0.000000 0.000000 0.000000 0.000000 0.000000 0.000000 0.000000 0.000000 0.000000 0.000000 0.000000 0.000000 0.000000 0.000000 0.000000 0.000000 0.000000 0.000000 0.000000 0.000000 0.000000 0.000000 0.000000 0.000000 0.000000 0.000000 0.000000 0.000000 0.000000 0.000000 0.000000 0.000000 0.000000 0.000000 0.000000 0.000000 0.000000 0.000000 0.000000 0.000000 0.000000 0.000000 0.000000 0.000000 0.000000 0.000000 0.000000 0.000000 0.000000 0.000000 0.000000 0.000000 0.000000 0.000000 0.000000 0.000000 0.000000 0.000000 0.000000 0.000000 
0.000000 0.000000 0.000000 0.000000 0.000000 0.000000 0.000000 0.000000 0.000000 0.000000 0.000000 0.000000 0.000000 0.000000 0.000000 0.000000 0.000000 0.000000 0.000000 0.000000 0.000000 0.000000 0.000000 0.000000 0.000000 0.000000 0.000000 0.000000 0.000000 0.000000 0.000000 0.000000 0.000000 0.000000 0.000000 0.000000 0.000000 0.000000 0.000000 0.000000 0.000000 0.000000 0.000000 0.000000 0.000000 0.000000 0.000000 0.000000 0.000000 0.000000 0.000000 0.000000 0.000000 0.000000 0.000000 0.000000 0.000000 0.000000 0.000000 0.000000 0.000000 0.000000 0.000000 0.000000 0.000000 0.000000 0.000000 0.000000 0.000000 0.000000 0.000000 0.000000 0.000000 0.000000 0.000000 0.000000 0.000000 0.000000 0.000000 0.000000 0.000000 0.000000 0.000000 0.000000 0.000000 0.000000 0.000000 0.000000 0.000000 0.000000 0.000000 0.000000 0.000000 0.000000 0.000000 0.000000 0.000000 0.000000 0.000000 0.000000 
0.000000 0.000000 0.000000 0.000000 0.000000 0.000000 0.000000 0.000000 0.000000 0.000000 0.000000 0.000000 0.000000 0.000000 0.000000 0.000000 0.000000 0.000000 0.000000 0.000000 0.000000 0.000000 0.000000 0.000000 0.000000 0.000000 0.000000 0.000000 0.000000 0.000000 0.000000 0.000000 0.000000 0.000000 0.000000 0.000000 0.000000 0.000000 0.000000 0.000000 0.000000 0.000000 0.000000 0.000000 0.000000 0.000000 0.000000 0.000000 0.000000 0.000000 0.000000 0.000000 0.000000 0.000000 0.000000 0.000000 0.000000 0.000000 0.000000 0.000000 0.000000 0.000000 0.000000 0.000000 0.000000 0.000000 0.000000 0.000000 0.000000 0.000000 0.000000 0.000000 0.000000 0.000000 0.000000 0.000000 0.000000 0.000000 0.000000 0.000000 0.000000 0.000000 0.000000 0.000000 0.000000 0.000000 0.000000 0.000000 0.000000 0.000000 0.000000 0.000000 0.000000 0.000000 0.000000 0.000000 0.000000 0.000000 0.000000 0.000000 
0.000000 0.000000 0.000000 0.000000 0.000000 0.000000 0.000000 0.000000 0.000000 0.000000 0.000000 0.000000 0.000000 0.000000 0.000000 0.000000 0.000000 0.000000 0.000000 0.000000 0.000000 0.000000 0.000000 0.000000 0.000000 0.000000 0.000000 0.000000 0.000000 0.000000 0.000000 0.000000 0.000000 0.000000 0.000000 0.000000 0.000000 0.000000 0.000000 0.000000 0.000000 0.000000 0.000000 0.000000 0.000000 0.000000 0.000000 0.000000 0.000000 0.000000 0.000000 0.000000 0.000000 0.000000 0.000000 0.000000 0.000000 0.000000 0.000000 0.000000 0.000000 0.000000 0.000000 0.000000 0.000000 0.000000 0.000000 0.000000 0.000000 0.000000 0.000000 0.000000 0.000000 0.000000 0.000000 0.000000 0.000000 0.000000 0.000000 0.000000 0.000000 0.000000 0.000000 0.000000 0.000000 0.000000 0.000000 0.000000 0.000000 0.000000 0.000000 0.000000 0.000000 0.000000 0.000000 0.000000 0.000000 0.000000 0.000000 0.000000 
0.000000 0.000000 0.000000 0.000000 0.000000 0.000000 0.000000 0.000000 0.000000 0.000000 0.000000 0.000000 0.000000 0.000000 0.000000 0.000000 0.000000 0.000000 0.000000 0.000000 0.000000 0.000000 0.000000 0.000000 0.000000 0.000000 0.000000 0.000000 0.000000 0.000000 0.000000 0.000000 0.000000 0.000000 0.000000 0.000000 0.000000 0.000000 0.000000 0.000000 0.000000 0.000000 0.000000 0.000000 0.000000 0.000000 0.000000 0.000000 0.000000 0.000000 0.000000 0.000000 0.000000 0.000000 0.000000 0.000000 0.000000 0.000000 0.000000 0.000000 0.000000 0.000000 0.000000 0.000000 0.000000 0.000000 0.000000 0.000000 0.000000 0.000000 0.000000 0.000000 0.000000 0.000000 0.000000 0.000000 0.000000 0.000000 0.000000 0.000000 0.000000 0.000000 0.000000 0.000000 0.000000 0.000000 0.000000 0.000000 0.000000 0.000000 0.000000 0.000000 0.000000 0.000000 0.000000 0.000000 0.000000 0.000000 0.000000 0.000000 
0.000000 0.000000 0.000000 0.000000 0.000000 0.000000 0.000000 0.000000 0.000000 0.000000 0.000000 0.000000 0.000000 0.000000 0.000000 0.000000 0.000000 0.000000 0.000000 0.000000 0.000000 0.000000 0.000000 0.000000 0.000000 0.000000 0.000000 0.000000 0.000000 0.000000 0.000000 0.000000 0.000000 0.000000 0.000000 0.000000 0.000000 0.000000 0.000000 0.000000 0.000000 0.000000 0.000000 0.000000 0.000000 0.000000 0.000000 0.000000 0.000000 0.000000 0.000000 0.000000 0.000000 0.000000 0.000000 0.000000 0.000000 0.000000 0.000000 0.000000 0.000000 0.000000 0.000000 0.000000 0.000000 0.000000 0.000000 0.000000 0.000000 0.000000 0.000000 0.000000 0.000000 0.000000 0.000000 0.000000 0.000000 0.000000 0.000000 0.000000 0.000000 0.000000 0.000000 0.000000 0.000000 0.000000 0.000000 0.000000 0.000000 0.000000 0.000000 0.000000 0.000000 0.000000 0.000000 0.000000 0.000000 0.000000 0.000000 0.000000 
0.000000 0.000000 0.000000 0.000000 0.000000 0.000000 0.000000 0.000000 0.000000 0.000000 0.000000 0.000000 0.000000 0.000000 0.000000 0.000000 0.000000 0.000000 0.000000 0.000000 0.000000 0.000000 0.000000 0.000000 0.000000 0.000000 0.000000 0.000000 0.000000 0.000000 0.000000 0.000000 0.000000 0.000000 0.000000 0.000000 0.000000 0.000000 0.000000 0.000000 0.000000 0.000000 0.000000 0.000000 0.000000 0.000000 0.000000 0.000000 0.000000 0.000000 0.000000 0.000000 0.000000 0.000000 0.000000 0.000000 0.000000 0.000000 0.000000 0.000000 0.000000 0.000000 0.000000 0.000000 0.000000 0.000000 0.000000 0.000000 0.000000 0.000000 0.000000 0.000000 0.000000 0.000000 0.000000 0.000000 0.000000 0.000000 0.000000 0.000000 0.000000 0.000000 0.000000 0.000000 0.000000 0.000000 0.000000 0.000000 0.000000 0.000000 0.000000 0.000000 0.000000 0.000000 0.000000 0.000000 0.000000 0.000000 0.000000 0.000000 
0.000000 0.000000 0.000000 0.000000 0.000000 0.000000 0.000000 0.000000 0.000000 0.000000 0.000000 0.000000 0.000000 0.000000 0.000000 0.000000 0.000000 0.000000 0.000000 0.000000 0.000000 0.000000 0.000000 0.000000 0.000000 0.000000 0.000000 0.000000 0.000000 0.000000 0.000000 0.000000 0.000000 0.000000 0.000000 0.000000 0.000000 0.000000 0.000000 0.000000 0.000000 0.000000 0.000000 0.000000 0.000001 0.000001 0.000001 0.000001 0.000001 0.000001 0.000001 0.000001 0.000001 0.000001 0.000001 0.000001 0.000001 0.000000 0.000000 0.000000 0.000000 0.000000 0.000000 0.000000 0.000000 0.000000 0.000000 0.000000 0.000000 0.000000 0.000000 0.000000 0.000000 0.000000 0.000000 0.000000 0.000000 0.000000 0.000000 0.000000 0.000000 0.000000 0.000000 0.000000 0.000000 0.000000 0.000000 0.000000 0.000000 0.000000 0.000000 0.000000 0.000000 0.000000 0.000000 0.000000 0.000000 0.000000 0.000000 0.000000 
0.000000 0.000000 0.000000 0.000000 0.000000 0.000000 0.000000 0.000000 0.000000 0.000000 0.000000 0.000000 0.000000 0.000000 0.000000 0.000000 0.000000 0.000000 0.000000 0.000000 0.000000 0.000000 0.000000 0.000000 0.000000 0.000000 0.000000 0.000000 0.000000 0.000000 0.000000 0.000000 0.000000 0.000000 0.000000 0.000000 0.000000 0.000000 0.000000 0.000000 0.000001 0.000001 0.000001 0.000001 0.000002 0.000002 0.000002 0.000002 0.000002 0.000003 0.000003 0.000003 0.000002 0.000002 0.000002 0.000002 0.000002 0.000001 0.000001 0.000001 0.000001 0.000000 0.000000 0.000000 0.000000 0.000000 0.000000 0.000000 0.000000 0.000000 0.000000 0.000000 0.000000 0.000000 0.000000 0.000000 0.000000 0.000000 0.000000 0.000000 0.000000 0.000000 0.000000 0.000000 0.000000 0.000000 0.000000 0.000000 0.000000 0.000000 0.000000 0.000000 0.000000 0.000000 0.000000 0.000000 0.000000 0.000000 0.000000 0.000000 
0.000000 0.000000 0.000000 0.000000 0.000000 0.000000 0.000000 0.000000 0.000000 0.000000 0.000000 0.000000 0.000000 0.000000 0.000000 0.000000 0.000000 0.000000 0.000000 0.000000 0.000000 0.000000 0.000000 0.000000 0.000000 0.000000 0.000000 0.000000 0.000000 0.000000 0.000000 0.000000 0.000000 0.000000 0.000000 0.000000 0.000000 0.000001 0.000001 0.000001 0.000002 0.000002 0.000003 0.000003 0.000004 0.000005 0.000005 0.000006 0.000006 0.000006 0.000006 0.000006 0.000006 0.000006 0.000005 0.000005 0.000004 0.000003 0.000003 0.000002 0.000002 0.000001 0.000001 0.000001 0.000000 0.000000 0.000000 0.000000 0.000000 0.000000 0.000000 0.000000 0.000000 0.000000 0.000000 0.000000 0.000000 0.000000 0.000000 0.000000 0.000000 0.000000 0.000000 0.000000 0.000000 0.000000 0.000000 0.000000 0.000000 0.000000 0.000000 0.000000 0.000000 0.000000 0.000000 0.000000 0.000000 0.000000 0.000000 0.000000 
0.000000 0.000000 0.000000 0.000000 0.000000 0.000000 0.000000 0.000000 0.000000 0.000000 0.000000 0.000000 0.000000 0.000000 0.000000 0.000000 0.000000 0.000000 0.000000 0.000000 0.000000 0.000000 0.000000 0.000000 0.000000 0.000000 0.000000 0.000000 0.000000 0.000000 0.000000 0.000000 0.000000 0.000000 0.000000 0.000001 0.000001 0.000002 0.000002 0.000003 0.000004 0.000005 0.000007 0.000008 0.000010 0.000011 0.000013 0.000014 0.000015 0.000016 0.000016 0.000016 0.000015 0.000014 0.000013 0.000011 0.000010 0.000008 0.000007 0.000005 0.000004 0.000003 0.000002 0.000002 0.000001 0.000001 0.000000 0.000000 0.000000 0.000000 0.000000 0.000000 0.000000 0.000000 0.000000 0.000000 0.000000 0.000000 0.000000 0.000000 0.000000 0.000000 0.000000 0.000000 0.000000 0.000000 0.000000 0.000000 0.000000 0.000000 0.000000 0.000000 0.000000 0.000000 0.000000 0.000000 0.000000 0.000000 0.000000 0.000000 
0.000000 0.000000 0.000000 0.000000 0.000000 0.000000 0.000000 0.000000 0.000000 0.000000 0.000000 0.000000 0.000000 0.000000 0.000000 0.000000 0.000000 0.000000 0.000000 0.000000 0.000000 0.000000 0.000000 0.000000 0.000000 0.000000 0.000000 0.000000 0.000000 0.000000 0.000000 0.000000 0.000000 0.000001 0.000001 0.000002 0.000003 0.000004 0.000005 0.000007 0.000010 0.000013 0.000016 0.000020 0.000024 0.000028 0.000031 0.000035 0.000037 0.000039 0.000039 0.000039 0.000037 0.000035 0.000031 0.000028 0.000024 0.000020 0.000016 0.000013 0.000010 0.000007 0.000005 0.000004 0.000003 0.000002 0.000001 0.000001 0.000000 0.000000 0.000000 0.000000 0.000000 0.000000 0.000000 0.000000 0.000000 0.000000 0.000000 0.000000 0.000000 0.000000 0.000000 0.000000 0.000000 0.000000 0.000000 0.000000 0.000000 0.000000 0.000000 0.000000 0.000000 0.000000 0.000000 0.000000 0.000000 0.000000 0.000000 0.000000 
0.000000 0.000000 0.000000 0.000000 0.000000 0.000000 0.000000 0.000000 0.000000 0.000000 0.000000 0.000000 0.000000 0.000000 0.000000 0.000000 0.000000 0.000000 0.000000 0.000000 0.000000 0.000000 0.000000 0.000000 0.000000 0.000000 0.000000 0.000000 0.000000 0.000000 0.000000 0.000001 0.000001 0.000002 0.000003 0.000004 0.000006 0.000009 0.000013 0.000018 0.000024 0.000031 0.000039 0.000047 0.000057 0.000066 0.000075 0.000082 0.000088 0.000092 0.000093 0.000092 0.000088 0.000082 0.000075 0.000066 0.000057 0.000047 0.000039 0.000031 0.000024 0.000018 0.000013 0.000009 0.000006 0.000004 0.000003 0.000002 0.000001 0.000001 0.000000 0.000000 0.000000 0.000000 0.000000 0.000000 0.000000 0.000000 0.000000 0.000000 0.000000 0.000000 0.000000 0.000000 0.000000 0.000000 0.000000 0.000000 0.000000 0.000000 0.000000 0.000000 0.000000 0.000000 0.000000 0.000000 0.000000 0.000000 0.000000 0.000000 
0.000000 0.000000 0.000000 0.000000 0.000000 0.000000 0.000000 0.000000 0.000000 0.000000 0.000000 0.000000 0.000000 0.000000 0.000000 0.000000 0.000000 0.000000 0.000000 0.000000 0.000000 0.000000 0.000000 0.000000 0.000000 0.000000 0.000000 0.000000 0.000000 0.000001 0.000001 0.000002 0.000003 0.000004 0.000007 0.000010 0.000015 0.000021 0.000030 0.000041 0.000055 0.000071 0.000090 0.000111 0.000132 0.000154 0.000174 0.000191 0.000205 0.000214 0.000217 0.000214 0.000205 0.000191 0.000174 0.000154 0.000132 0.000111 0.000090 0.000071 0.000055 0.000041 0.000030 0.000021 0.000015 0.000010 0.000007 0.000004 0.000003 0.000002 0.000001 0.000001 0.000000 0.000000 0.000000 0.000000 0.000000 0.000000 0.000000 0.000000 0.000000 0.000000 0.000000 0.000000 0.000000 0.000000 0.000000 0.000000 0.000000 0.000000 0.000000 0.000000 0.000000 0.000000 0.000000 0.000000 0.000000 0.000000 0.000000 0.000000 
0.000000 0.000000 0.000000 0.000000 0.000000 0.000000 0.000000 0.000000 0.000000 0.000000 0.000000 0.000000 0.000000 0.000000 0.000000 0.000000 0.000000 0.000000 0.000000 0.000000 0.000000 0.000000 0.000000 0.000000 0.000000 0.000000 0.000000 0.000000 0.000001 0.000001 0.000002 0.000004 0.000006 0.000010 0.000015 0.000023 0.000034 0.000049 0.000069 0.000094 0.000126 0.000163 0.000205 0.000252 0.000301 0.000350 0.000396 0.000435 0.000466 0.000486 0.000492 0.000486 0.000466 0.000435 0.000396 0.000350 0.000301 0.000252 0.000205 0.000163 0.000126 0.000094 0.000069 0.000049 0.000034 0.000023 0.000015 0.000010 0.000006 0.000004 0.000002 0.000001 0.000001 0.000000 0.000000 0.000000 0.000000 0.000000 0.000000 0.000000 0.000000 0.000000 0.000000 0.000000 0.000000 0.000000 0.000000 0.000000 0.000000 0.000000 0.000000 0.000000 0.000000 0.000000 0.000000 0.000000 0.000000 0.000000 0.000000 0.000000 
0.000000 0.000000 0.000000 0.000000 0.000000 0.000000 0.000000 0.000000 0.000000 0.000000 0.000000 0.000000 0.000000 0.000000 0.000000 0.000000 0.000000 0.000000 0.000000 0.000000 0.000000 0.000000 0.000000 0.000000 0.000000 0.000000 0.000000 0.000001 0.000002 0.000003 0.000005 0.000008 0.000014 0.000022 0.000034 0.000052 0.000077 0.000110 0.000155 0.000211 0.000281 0.000363 0.000458 0.000561 0.000670 0.000778 0.000879 0.000967 0.001036 0.001079 0.001094 0.001079 0.001036 0.000967 0.000879 0.000778 0.000670 0.000561 0.000458 0.000363 0.000281 0.000211 0.000155 0.000110 0.000077 0.000052 0.000034 0.000022 0.000014 0.000008 0.000005 0.000003 0.000002 0.000001 0.000000 0.000000 0.000000 0.000000 0.000000 0.000000 0.000000 0.000000 0.000000 0.000000 0.000000 0.000000 0.000000 0.000000 0.000000 0.000000 0.000000 0.000000 0.000000 0.000000 0.000000 0.000000 0.000000 0.000000 0.000000 0.000000 
0.000000 0.000000 0.000000 0.000000 0.000000 0.000000 0.000000 0.000000 0.000000 0.000000 0.000000 0.000000 0.000000 0.000000 0.000000 0.000000 0.000000 0.000000 0.000000 0.000000 0.000000 0.000000 0.000000 0.000000 0.000000 0.000001 0.000001 0.000002 0.000004 0.000006 0.000011 0.000018 0.000030 0.000048 0.000075 0.000114 0.000168 0.000241 0.000338 0.000461 0.000613 0.000792 0.000997 0.001222 0.001457 0.001691 0.001911 0.002101 0.002249 0.002342 0.002374 0.002342 0.002249 0.002101 0.001911 0.001691 0.001457 0.001222 0.000997 0.000792 0.000613 0.000461 0.000338 0.000241 0.000168 0.000114 0.000075 0.000048 0.000030 0.000018 0.000011 0.000006 0.000004 0.000002 0.000001 0.000001 0.000000 0.000000 0.000000 0.000000 0.000000 0.000000 0.000000 0.000000 0.000000 0.000000 0.000000 0.000000 0.000000 0.000000 0.000000 0.000000 0.000000 0.000000 0.000000 0.000000 0.000000 0.000000 0.000000 0.000000 
0.000000 0.000000 0.000000 0.000000 0.000000 0.000000 0.000000 0.000000 0.000000 0.000000 0.000000 0.000000 0.000000 0.000000 0.000000 0.000000 0.000000 0.000000 0.000000 0.000000 0.000000 0.000000 0.000000 0.000000 0.000001 0.000001 0.000002 0.000004 0.000008 0.000014 0.000024 0.000040 0.000065 0.000104 0.000161 0.000244 0.000360 0.000517 0.000723 0.000985 0.001306 0.001687 0.002122 0.002598 0.003096 0.003592 0.004057 0.004460 0.004772 0.004969 0.005037 0.004969 0.004772 0.004460 0.004057 0.003592 0.003096 0.002598 0.002122 0.001687 0.001306 0.000985 0.000723 0.000517 0.000360 0.000244 0.000161 0.000104 0.000065 0.000040 0.000024 0.000014 0.000008 0.000004 0.000002 0.000001 0.000001 0.000000 0.000000 0.000000 0.000000 0.000000 0.000000 0.000000 0.000000 0.000000 0.000000 0.000000 0.000000 0.000000 0.000000 0.000000 0.000000 0.000000 0.000000 0.000000 0.000000 0.000000 0.000000 0.000000 
0.000000 0.000000 0.000000 0.000000 0.000000 0.000000 0.000000 0.000000 0.000000 0.000000 0.000000 0.000000 0.000000 0.000000 0.000000 0.000000 0.000000 0.000000 0.000000 0.000000 0.000000 0.000000 0.000000 0.000001 0.000001 0.000003 0.000005 0.000009 0.000016 0.000029 0.000050 0.000084 0.000137 0.000218 0.000338 0.000511 0.000752 0.001079 0.001508 0.002053 0.002721 0.003511 0.004412 0.005398 0.006430 0.007456 0.008417 0.009249 0.009894 0.010302 0.010442 0.010302 0.009894 0.009249 0.008417 0.007456 0.006430 0.005398 0.004412 0.003511 0.002721 0.002053 0.001508 0.001079 0.000752 0.000511 0.000338 0.000218 0.000137 0.000084 0.000050 0.000029 0.000016 0.000009 0.000005 0.000003 0.000001 0.000001 0.000000 0.000000 0.000000 0.000000 0.000000 0.000000 0.000000 0.000000 0.000000 0.000000 0.000000 0.000000 0.000000 0.000000 0.000000 0.000000 0.000000 0.000000 0.000000 0.000000 0.000000 0.000000 
0.000000 0.000000 0.000000 0.000000 0.000000 0.000000 0.000000 0.000000 0.000000 0.000000 0.000000 0.000000 0.000000 0.000000 0.000000 0.000000 0.000000 0.000000 0.000000 0.000000 0.000000 0.000000 0.000001 0.000001 0.000003 0.000005 0.000010 0.000019 0.000034 0.000060 0.000103 0.000172 0.000281 0.000447 0.000692 0.001045 0.001537 0.002203 0.003075 0.004180 0.005535 0.007137 0.008962 0.010957 0.013043 0.015117 0.017059 0.018740 0.020041 0.020866 0.021148 0.020866 0.020041 0.018740 0.017059 0.015117 0.013043 0.010957 0.008962 0.007137 0.005535 0.004180 0.003075 0.002203 0.001537 0.001045 0.000692 0.000447 0.000281 0.000172 0.000103 0.000060 0.000034 0.000019 0.000010 0.000005 0.000003 0.000001 0.000001 0.000000 0.000000 0.000000 0.000000 0.000000 0.000000 0.000000 0.000000 0.000000 0.000000 0.000000 0.000000 0.000000 0.000000 0.000000 0.000000 0.000000 0.000000 0.000000 0.000000 0.000000 
0.000000 0.000000 0.000000 0.000000 0.000000 0.000000 0.000000 0.000000 0.000000 0.000000 0.000000 0.000000 0.000000 0.000000 0.000000 0.000000 0.000000 0.000000 0.000000 0.000000 0.000000 0.000001 0.000001 0.000003 0.000006 0.000011 0.000021 0.000038 0.000069 0.000121 0.000207 0.000346 0.000564 0.000895 0.001385 0.002088 0.003068 0.004391 0.006122 0.008315 0.011000 0.014171 0.017780 0.021724 0.025846 0.029942 0.033773 0.037090 0.039657 0.041282 0.041839 0.041282 0.039657 0.037090 0.033773 0.029942 0.025846 0.021724 0.017780 0.014171 0.011000 0.008315 0.006122 0.004391 0.003068 0.002088 0.001385 0.000895 0.000564 0.000346 0.000207 0.000121 0.000069 0.000038 0.000021 0.000011 0.000006 0.000003 0.000001 0.000001 0.000000 0.000000 0.000000 0.000000 0.000000 0.000000 0.000000 0.000000 0.000000 0.000000 0.000000 0.000000 0.000000 0.000000 0.000000 0.000000 0.000000 0.000000 0.000000 0.000000 
0.000000 0.000000 0.000000 0.000000 0.000000 0.000000 0.000000 0.000000 0.000000 0.000000 0.000000 0.000000 0.000000 0.000000 0.000000 0.000000 0.000000 0.000000 0.000000 0.000000 0.000001 0.000001 0.000003 0.000006 0.000011 0.000022 0.000041 0.000075 0.000135 0.000238 0.000407 0.000679 0.001104 0.001751 0.002706 0.004074 0.005978 0.008547 0.011904 0.016152 0.021347 0.027480 0.034453 0.042068 0.050022 0.057921 0.065307 0.071699 0.076646 0.079777 0.080849 0.079777 0.076646 0.071699 0.065307 0.057921 0.050022 0.042068 0.034453 0.027480 0.021347 0.016152 0.011904 0.008547 0.005978 0.004074 0.002706 0.001751 0.001104 0.000679 0.000407 0.000238 0.000135 0.000075 0.000041 0.000022 0.000011 0.000006 0.000003 0.000001 0.000001 0.000000 0.000000 0.000000 0.000000 0.000000 0.000000 0.000000 0.000000 0.000000 0.000000 0.000000 0.000000 0.000000 0.000000 0.000000 0.000000 0.000000 0.000000 0.000000 
0.000000 0.000000 0.000000 0.000000 0.000000 0.000000 0.000000 0.000000 0.000000 0.000000 0.000000 0.000000 0.000000 0.000000 0.000000 0.000000 0.000000 0.000000 0.000000 0.000001 0.000001 0.000003 0.000005 0.000011 0.000022 0.000042 0.000079 0.000145 0.000261 0.000457 0.000781 0.001301 0.002112 0.003344 0.005160 0.007761 0.011374 0.016242 0.022599 0.030634 0.040452 0.052034 0.065192 0.079552 0.094543 0.109422 0.123329 0.135361 0.144670 0.150562 0.152578 0.150562 0.144670 0.135361 0.123329 0.109422 0.094543 0.079552 0.065192 0.052034 0.040452 0.030634 0.022599 0.016242 0.011374 0.007761 0.005160 0.003344 0.002112 0.001301 0.000781 0.000457 0.000261 0.000145 0.000079 0.000042 0.000022 0.000011 0.000005 0.000003 0.000001 0.000001 0.000000 0.000000 0.000000 0.000000 0.000000 0.000000 0.000000 0.000000 0.000000 0.000000 0.000000 0.000000 0.000000 0.000000 0.000000 0.000000 0.000000 0.000000 
0.000000 0.000000 0.000000 0.000000 0.000000 0.000000 0.000000 0.000000 0.000000 0.000000 0.000000 0.000000 0.000000 0.000000 0.000000 0.000000 0.000000 0.000000 0.000000 0.000001 0.000002 0.000005 0.000010 0.000021 0.000041 0.000079 0.000148 0.000273 0.000490 0.000857 0.001462 0.002431 0.003943 0.006234 0.009607 0.014430 0.021124 0.030134 0.041887 0.056727 0.074846 0.096201 0.120448 0.146891 0.174481 0.201852 0.227425 0.249543 0.266651 0.277476 0.281182 0.277476 0.266651 0.249543 0.227425 0.201852 0.174481 0.146891 0.120448 0.096201 0.074846 0.056727 0.041887 0.030134 0.021124 0.014430 0.009607 0.006234 0.003943 0.002431 0.001462 0.000857 0.000490 0.000273 0.000148 0.000079 0.000041 0.000021 0.000010 0.000005 0.000002 0.000001 0.000000 0.000000 0.000000 0.000000 0.000000 0.000000 0.000000 0.000000 0.000000 0.000000 0.000000 0.000000 0.000000 0.000000 0.000000 0.000000 0.000000 0.000000 
0.000000 0.000000 0.000000 0.000000 0.000000 0.000000 0.000000 0.000000 0.000000 0.000000 0.000000 0.000000 0.000000 0.000000 0.000000 0.000000 0.000000 0.000000 0.000001 0.000002 0.000004 0.000009 0.000019 0.000038 0.000075 0.000145 0.000273 0.000501 0.000898 0.001568 0.002670 0.004435 0.007182 0.011340 0.017455 0.026189 0.038295 0.054573 0.075785 0.102546 0.135191 0.173639 0.217261 0.264807 0.314387 0.363554 0.409470 0.449172 0.479875 0.499299 0.505947 0.499299 0.479875 0.449172 0.409470 0.363554 0.314387 0.264807 0.217261 0.173639 0.135191 0.102546 0.075785 0.054573 0.038295 0.026189 0.017455 0.011340 0.007182 0.004435 0.002670 0.001568 0.000898 0.000501 0.000273 0.000145 0.000075 0.000038 0.000019 0.000009 0.000004 0.000002 0.000001 0.000000 0.000000 0.000000 0.000000 0.000000 0.000000 0.000000 0.000000 0.000000 0.000000 0.000000 0.000000 0.000000 0.000000 0.000000 0.000000 0.000000 
0.000000 0.000000 0.000000 0.000000 0.000000 0.000000 0.000000 0.000000 0.000000 0.000000 0.000000 0.000000 0.000000 0.000000 0.000000 0.000000 0.000000 0.000001 0.000002 0.000004 0.000008 0.000016 0.000034 0.000069 0.000135 0.000261 0.000490 0.000898 0.001605 0.002798 0.004759 0.007893 0.012767 0.020132 0.030951 0.046385 0.067756 0.096462 0.133834 0.180941 0.238361 0.305936 0.382557 0.466019 0.553009 0.639234 0.719730 0.789311 0.843108 0.877137 0.888784 0.877137 0.843108 0.789311 0.719730 0.639234 0.553009 0.466019 0.382557 0.305936 0.238361 0.180941 0.133834 0.096462 0.067756 0.046385 0.030951 0.020132 0.012767 0.007893 0.004759 0.002798 0.001605 0.000898 0.000490 0.000261 0.000135 0.000069 0.000034 0.000016 0.000008 0.000004 0.000002 0.000001 0.000000 0.000000 0.000000 0.000000 0.000000 0.000000 0.000000 0.000000 0.000000 0.000000 0.000000 0.000000 0.000000 0.000000 0.000000 0.000000 
0.000000 0.000000 0.000000 0.000000 0.000000 0.000000 0.000000 0.000000 0.000000 0.000000 0.000000 0.000000 0.000000 0.000000 0.000000 0.000000 0.000001 0.000001 0.000003 0.000006 0.000014 0.000029 0.000060 0.000121 0.000238 0.000457 0.000857 0.001568 0.002798 0.004872 0.008275 0.013707 0.022141 0.034873 0.053552 0.080169 0.116989 0.166397 0.230662 0.311599 0.410182 0.526118 0.657490 0.800513 0.949506 1.097128 1.234893 1.353943 1.445970 1.504172 1.524091 1.504172 1.445970 1.353943 1.234893 1.097128 0.949506 0.800513 0.657490 0.526118 0.410182 0.311599 0.230662 0.166397 0.116989 0.080169 0.053552 0.034873 0.022141 0.013707 0.008275 0.004872 0.002798 0.001568 0.000857 0.000457 0.000238 0.000121 0.000060 0.000029 0.000014 0.000006 0.000003 0.000001 0.000001 0.000000 0.000000 0.000000 0.000000 0.000000 0.000000 0.000000 0.000000 0.000000 0.000000 0.000000 0.000000 0.000000 0.000000 0.000000 
0.000000 0.000000 0.000000 0.000000 0.000000 0.000000 0.000000 0.000000 0.000000 0.000000 0.000000 0.000000 0.000000 0.000000 0.000000 0.000000 0.000001 0.000002 0.000005 0.000011 0.000024 0.000050 0.000103 0.000207 0.000407 0.000781 0.001462 0.002670 0.004759 0.008275 0.014035 0.023219 0.037461 0.058934 0.090402 0.135196 0.197098 0.280088 0.387938 0.523661 0.688850 0.882989 1.102843 1.342067 1.591160 1.837860 2.068013 2.266845 2.420512 2.517687 2.550941 2.517687 2.420512 2.266845 2.068013 1.837860 1.591160 1.342067 1.102843 0.882989 0.688850 0.523661 0.387938 0.280088 0.197098 0.135196 0.090402 0.058934 0.037461 0.023219 0.014035 0.008275 0.004759 0.002670 0.001462 0.000781 0.000407 0.000207 0.000103 0.000050 0.000024 0.000011 0.000005 0.000002 0.000001 0.000000 0.000000 0.000000 0.000000 0.000000 0.000000 0.000000 0.000000 0.000000 0.000000 0.000000 0.000000 0.000000 0.000000 0.000000 
0.000000 0.000000 0.000000 0.000000 0.000000 0.000000 0.000000 0.000000 0.000000 0.000000 0.000000 0.000000 0.000000 0.000000 0.000000 0.000001 0.000002 0.000004 0.000008 0.000018 0.000040 0.000084 0.000172 0.000346 0.000679 0.001301 0.002431 0.004435 0.007893 0.013707 0.023219 0.038365 0.061824 0.097157 0.148879 0.222431 0.323977 0.459997 0.636616 0.858713 1.128839 1.446103 1.805185 2.195703 2.602150 3.004539 3.379816 3.703941 3.954393 4.112751 4.166939 4.112751 3.954393 3.703941 3.379816 3.004539 2.602150 2.195703 1.805185 1.446103 1.128839 0.858713 0.636616 0.459997 0.323977 0.222431 0.148879 0.097157 0.061824 0.038365 0.023219 0.013707 0.007893 0.004435 0.002431 0.001301 0.000679 0.000346 0.000172 0.000084 0.000040 0.000018 0.000008 0.000004 0.000002 0.000001 0.000000 0.000000 0.000000 0.000000 0.000000 0.000000 0.000000 0.000000 0.000000 0.000000 0.000000 0.000000 0.000000 0.000000 
0.000000 0.000000 0.000000 0.000000 0.000000 0.000000 0.000000 0.000000 0.000000 0.000000 0.000000 0.000000 0.000000 0.000000 0.000000 0.000001 0.000003 0.000006 0.000014 0.000030 0.000065 0.000137 0.000281 0.000564 0.001104 0.002112 0.003943 0.007182 0.012767 0.022141 0.037461 0.061824 0.099519 0.156231 0.239164 0.356987 0.519510 0.737022 1.019238 1.373863 1.804892 2.310831 2.883143 3.505258 4.152473 4.792992 5.390174 5.905830 6.304206 6.556064 6.642241 6.556064 6.304206 5.905830 5.390174 4.792992 4.152473 3.505258 2.883143 2.310831 1.804892 1.373863 1.019238 0.737022 0.519510 0.356987 0.239164 0.156231 0.099519 0.061824 0.037461 0.022141 0.012767 0.007182 0.003943 0.002112 0.001104 0.000564 0.000281 0.000137 0.000065 0.000030 0.000014 0.000006 0.000003 0.000001 0.000000 0.000000 0.000000 0.000000 0.000000 0.000000 0.000000 0.000000 0.000000 0.000000 0.000000 0.000000 0.000000 0.000000 
0.000000 0.000000 0.000000 0.000000 0.000000 0.000000 0.000000 0.000000 0.000000 0.000000 0.000000 0.000000 0.000000 0.000000 0.000001 0.000002 0.000004 0.000010 0.000022 0.000048 0.000104 0.000218 0.000447 0.000895 0.001751 0.003344 0.006234 0.011340 0.020132 0.034873 0.058934 0.097157 0.156231 0.245017 0.374730 0.558845 0.812594 1.151928 1.591878 2.144328 2.815381 3.602606 4.492647 5.459694 6.465351 7.460261 8.387587 9.188133 9.806496 10.197388 10.331130 10.197388 9.806496 9.188133 8.387587 7.460261 6.465351 5.459694 4.492647 3.602606 2.815381 2.144328 1.591878 1.151928 0.812594 0.558845 0.374730 0.245017 0.156231 0.097157 0.058934 0.034873 0.020132 0.011340 0.006234 0.003344 0.001751 0.000895 0.000447 0.000218 0.000104 0.000048 0.000022 0.000010 0.000004 0.000002 0.000001 0.000000 0.000000 0.000000 0.000000 0.000000 0.000000 0.000000 0.000000 0.000000 0.000000 0.000000 0.000000 0.000000 
0.000000 0.000000 0.000000 0.000000 0.000000 0.000000 0.000000 0.000000 0.000000 0.000000 0.000000 0.000000 0.000000 0.000000 0.000001 0.000003 0.000007 0.000015 0.000034 0.000075 0.000161 0.000338 0.000692 0.001385 0.002706 0.005160 0.009607 0.017455 0.030951 0.053552 0.090402 0.148879 0.239164 0.374730 0.572607 0.853233 1.239682 1.756086 2.425138 3.264731 4.283964 5.479000 6.829454 8.296111 9.820746 11.328594 12.733632 13.946314 14.882869 15.474838 15.677366 15.474838 14.882869 13.946314 12.733632 11.328594 9.820746 8.296111 6.829454 5.479000 4.283964 3.264731 2.425138 1.756086 1.239682 0.853233 0.572607 0.374730 0.239164 0.148879 0.090402 0.053552 0.030951 0.017455 0.009607 0.005160 0.002706 0.001385 0.000692 0.000338 0.000161 0.000075 0.000034 0.000015 0.000007 0.000003 0.000001 0.000000 0.000000 0.000000 0.000000 0.000000 0.000000 0.000000 0.000000 0.000000 0.000000 0.000000 0.000000 0.000000 
0.000000 0.000000 0.000000 0.000000 0.000000 0.000000 0.000000 0.000000 0.000000 0.000000 0.000000 0.000000 0.000000 0.000001 0.000002 0.000004 0.000010 0.000023 0.000052 0.000114 0.000244 0.000511 0.001045 0.002088 0.004074 0.007761 0.014430 0.026189 0.046385 0.080169 0.135196 0.222431 0.356987 0.558845 0.853233 1.270392 1.844426 2.610951 3.603405 4.848076 6.358212 8.127922 10.126869 12.296932 14.551971 16.781495 18.858470 20.650732 22.034682 22.909347 23.208578 22.909347 22.034682 20.650732 18.858470 16.781495 14.551971 12.296932 10.126869 8.127922 6.358212 4.848076 3.603405 2.610951 1.844426 1.270392 0.853233 0.558845 0.356987 0.222431 0.135196 0.080169 0.046385 0.026189 0.014430 0.007761 0.004074 0.002088 0.001045 0.000511 0.000244 0.000114 0.000052 0.000023 0.000010 0.000004 0.000002 0.000001 0.000000 0.000000 0.000000 0.000000 0.000000 0.000000 0.000000 0.000000 0.000000 0.000000 0.000000 0.000000 
0.000000 0.000000 0.000000 0.000000 0.000000 0.000000 0.000000 0.000000 0.000000 0.000000 0.000000 0.000000 0.000000 0.000001 0.000003 0.000006 0.000015 0.000034 0.000077 0.000168 0.000360 0.000752 0.001537 0.003068 0.005978 0.011374 0.021124 0.038295 0.067756 0.116989 0.197098 0.323977 0.519510 0.812594 1.239682 1.844426 2.675995 3.785677 5.221544 7.021286 9.203733 11.760095 14.646348 17.778473 21.032153 24.248093 27.243273 29.827373 31.822477 33.083273 33.514583 33.083273 31.822477 29.827373 27.243273 24.248093 21.032153 17.778473 14.646348 11.760095 9.203733 7.021286 5.221544 3.785677 2.675995 1.844426 1.239682 0.812594 0.519510 0.323977 0.197098 0.116989 0.067756 0.038295 0.021124 0.011374 0.005978 0.003068 0.001537 0.000752 0.000360 0.000168 0.000077 0.000034 0.000015 0.000006 0.000003 0.000001 0.000000 0.000000 0.000000 0.000000 0.000000 0.000000 0.000000 0.000000 0.000000 0.000000 0.000000 0.000000 
0.000000 0.000000 0.000000 0.000000 0.000000 0.000000 0.000000 0.000000 0.000000 0.000000 0.000000 0.000000 0.000001 0.000002 0.000004 0.000009 0.000021 0.000049 0.000110 0.000241 0.000517 0.001079 0.002203 0.004391 0.008547 0.016242 0.030134 0.054573 0.096462 0.166397 0.280088 0.459997 0.737022 1.151928 1.756086 2.610951 3.785677 5.352312 7.378282 9.916316 12.992544 16.594211 20.659030 25.068543 29.647752 34.172629 38.385949 42.020352 44.825984 46.598830 47.205282 46.598830 44.825984 42.020352 38.385949 34.172629 29.647752 25.068543 20.659030 16.594211 12.992544 9.916316 7.378282 5.352312 3.785677 2.610951 1.756086 1.151928 0.737022 0.459997 0.280088 0.166397 0.096462 0.054573 0.030134 0.016242 0.008547 0.004391 0.002203 0.001079 0.000517 0.000241 0.000110 0.000049 0.000021 0.000009 0.000004 0.000002 0.000001 0.000000 0.000000 0.000000 0.000000 0.000000 0.000000 0.000000 0.000000 0.000000 0.000000 0.000000 
0.000000 0.000000 0.000000 0.000000 0.000000 0.000000 0.000000 0.000000 0.000000 0.000000 0.000000 0.000000 0.000001 0.000002 0.000005 0.000013 0.000030 0.000069 0.000155 0.000338 0.000723 0.001508 0.003075 0.006122 0.011904 0.022599 0.041887 0.075785 0.133834 0.230662 0.387938 0.636616 1.019238 1.591878 2.425138 3.603405 5.221544 7.378282 10.165883 13.656323 17.884996 22.833907 28.417137 34.471814 40.757674 46.967406 52.748370 57.734189 61.582588 64.014144 64.845891 64.014144 61.582588 57.734189 52.748370 46.967406 40.757674 34.471814 28.417137 22.833907 17.884996 13.656323 10.165883 7.378282 5.221544 3.603405 2.425138 1.591878 1.019238 0.636616 0.387938 0.230662 0.133834 0.075785 0.041887 0.022599 0.011904 0.006122 0.003075 0.001508 0.000723 0.000338 0.000155 0.000069 0.000030 0.000013 0.000005 0.000002 0.000001 0.000000 0.000000 0.000000 0.000000 0.000000 0.000000 0.000000 0.000000 0.000000 0.000000 0.000000 
0.000000 0.000000 0.000000 0.000000 0.000000 0.000000 0.000000 0.000000 0.000000 0.000000 0.000000 0.000000 0.000001 0.000003 0.000007 0.000018 0.000041 0.000094 0.000211 0.000461 0.000985 0.002053 0.004180 0.008315 0.016152 0.030634 0.056727 0.102546 0.180941 0.311599 0.523661 0.858713 1.373863 2.144328 3.264731 4.848076 7.021286 9.916316 13.656323 18.337167 24.005645 30.637065 38.115890 46.223750 54.638937 62.950299 70.686298 77.357225 82.505713 85.758463 86.871067 85.758463 82.505713 77.357225 70.686298 62.950299 54.638937 46.223750 38.115890 30.637065 24.005645 18.337167 13.656323 9.916316 7.021286 4.848076 3.264731 2.144328 1.373863 0.858713 0.523661 0.311599 0.180941 0.102546 0.056727 0.030634 0.016152 0.008315 0.004180 0.002053 0.000985 0.000461 0.000211 0.000094 0.000041 0.000018 0.000007 0.000003 0.000001 0.000000 0.000000 0.000000 0.000000 0.000000 0.000000 0.000000 0.000000 0.000000 0.000000 0.000000 
0.000000 0.000000 0.000000 0.000000 0.000000 0.000000 0.000000 0.000000 0.000000 0.000000 0.000000 0.000001 0.000002 0.000004 0.000010 0.000024 0.000055 0.000126 0.000281 0.000613 0.001306 0.002721 0.005535 0.011000 0.021347 0.040452 0.074846 0.135191 0.238361 0.410182 0.688850 1.128839 1.804892 2.815381 4.283964 6.358212 9.203733 12.992544 17.884996 24.005645 31.414884 40.079762 49.848829 60.436602 71.423014 82.271601 92.367416 101.072045 107.789398 112.033039 113.484527 112.033039 107.789398 101.072045 92.367416 82.271601 71.423014 60.436602 49.848829 40.079762 31.414884 24.005645 17.884996 12.992544 9.203733 6.358212 4.283964 2.815381 1.804892 1.128839 0.688850 0.410182 0.238361 0.135191 0.074846 0.040452 0.021347 0.011000 0.005535 0.002721 0.001306 0.000613 0.000281 0.000126 0.000055 0.000024 0.000010 0.000004 0.000002 0.000001 0.000000 0.000000 0.000000 0.000000 0.000000 0.000000 0.000000 0.000000 0.000000 0.000000 
0.000000 0.000000 0.000000 0.000000 0.000000 0.000000 0.000000 0.000000 0.000000 0.000000 0.000000 0.000001 0.000002 0.000005 0.000013 0.000031 0.000071 0.000163 0.000363 0.000792 0.001687 0.003511 0.007137 0.014171 0.027480 0.052034 0.096201 0.173639 0.305936 0.526118 0.882989 1.446103 2.310831 3.602606 5.479000 8.127922 11.760095 16.594211 22.833907 30.637065 40.079762 51.119226 63.561939 77.044015 91.030603 104.839103 117.687407 128.763831 137.310681 142.709751 144.556381 142.709751 137.310681 128.763831 117.687407 104.839103 91.030603 77.044015 63.561939 51.119226 40.079762 30.637065 22.833907 16.594211 11.760095 8.127922 5.479000 3.602606 2.310831 1.446103 0.882989 0.526118 0.305936 0.173639 0.096201 0.052034 0.027480 0.014171 0.007137 0.003511 0.001687 0.000792 0.000363 0.000163 0.000071 0.000031 0.000013 0.000005 0.000002 0.000001 0.000000 0.000000 0.000000 0.000000 0.000000 0.000000 0.000000 0.000000 0.000000 0.000000 
0.000000 0.000000 0.000000 0.000000 0.000000 0.000000 0.000000 0.000000 0.000000 0.000000 0.000000 0.000001 0.000003 0.000007 0.000016 0.000039 0.000090 0.000205 0.000458 0.000997 0.002122 0.004412 0.008962 0.017780 0.034453 0.065192 0.120448 0.217261 0.382557 0.657490 1.102843 1.805185 2.883143 4.492647 6.829454 10.126869 14.646348 20.659030 28.417137 38.115890 49.848829 63.561939 79.014216 95.753455 113.115646 130.253849 146.198054 159.941867 170.546037 177.244341 179.535280 177.244341 170.546037 159.941867 146.198054 130.253849 113.115646 95.753455 79.014216 63.561939 49.848829 38.115890 28.417137 20.659030 14.646348 10.126869 6.829454 4.492647 2.883143 1.805185 1.102843 0.657490 0.382557 0.217261 0.120448 0.065192 0.034453 0.017780 0.008962 0.004412 0.002122 0.000997 0.000458 0.000205 0.000090 0.000039 0.000016 0.000007 0.000003 0.000001 0.000000 0.000000 0.000000 0.000000 0.000000 0.000000 0.000000 0.000000 0.000000 0.000000 
0.000000 0.000000 0.000000 0.000000 0.000000 0.000000 0.000000 0.000000 0.000000 0.000000 0.000000 0.000001 0.000003 0.000008 0.000020 0.000047 0.000111 0.000252 0.000561 0.001222 0.002598 0.005398 0.010957 0.021724 0.042068 0.079552 0.146891 0.264807 0.466019 0.800513 1.342067 2.195703 3.505258 5.459694 8.296111 12.296932 17.778473 25.068543 34.471814 46.223750 60.436602 77.044015 95.753455 116.017078 137.031128 157.770955 177.063443 193.691787 206.520577 214.623692 217.395032 214.623692 206.520577 193.691787 177.063443 157.770955 137.031128 116.017078 95.753455 77.044015 60.436602 46.223750 34.471814 25.068543 17.778473 12.296932 8.296111 5.459694 3.505258 2.195703 1.342067 0.800513 0.466019 0.264807 0.146891 0.079552 0.042068 0.021724 0.010957 0.005398 0.002598 0.001222 0.000561 0.000252 0.000111 0.000047 0.000020 0.000008 0.000003 0.000001 0.000000 0.000000 0.000000 0.000000 0.000000 0.000000 0.000000 0.000000 0.000000 0.000000 
