0.000000 0.000000 0.000000 0.000000 0.000000 0.000000 0.000000 0.000000 0.000000 0.000000 0.000000 0.000000 0.000000 0.000000 0.000000 0.000000 0.000000 0.000000 0.000000 0.000000 0.000000 0.000000 0.000000 0.000000 0.000000 0.000001 0.000001 0.000001 0.000002 0.000002 0.000003 0.000004 0.000006 0.000007 0.000009 0.000011 0.000013 0.000016 0.000019 0.000022 0.000026 0.000029 0.000033 0.000037 0.000040 0.000043 0.000046 0.000048 0.000050 0.000051 0.000051 0.000051 0.000050 0.000048 0.000046 0.000043 0.000040 0.000037 0.000033 0.000029 0.000026 0.000022 0.000019 0.000016 0.000013 0.000011 0.000009 0.000007 0.000006 0.000004 0.000003 0.000002 0.000002 0.000001 0.000001 0.000001 0.000000 0.000000 0.000000 0.000000 0.000000 0.000000 0.000000 0.000000 0.000000 0.000000 0.000000 0.000000 0.000000 0.000000 0.000000 0.000000 0.000000 0.000000 0.000000 0.000000 0.000000 0.000000 0.000000 0.000000 
0.000000 0.000000 0.000000 0.000000 0.000000 0.000000 0.000000 0.000000 0.000000 0.000000 0.000000 0.000000 0.000000 0.000000 0.000000 0.000000 0.000000 0.000000 0.000000 0.000000 0.000000 0.000000 0.000000 0.000000 0.000000 0.000001 0.000001 0.000001 0.000002 0.000002 0.000003 0.000004 0.000006 0.000007 0.000009 0.000011 0.000013 0.000016 0.000019 0.000022 0.000026 0.000029 0.000033 0.000037 0.000040 0.000043 0.000046 0.000048 0.000050 0.000051 0.000051 0.000051 0.000050 0.000048 0.000046 0.000043 0.000040 0.000037 0.000033 0.000029 0.000026 0.000022 0.000019 0.000016 0.000013 0.000011 0.000009 0.000007 0.000006 0.000004 0.000003 0.000002 0.000002 0.000001 0.000001 0.000001 0.000000 0.000000 0.000000 0.000000 0.000000 0.000000 0.000000 0.000000 0.000000 0.000000 0.000000 0.000000 0.000000 0.000000 0.000000 0.000000 0.000000 0.000000 0.000000 0.000000 0.000000 0.000000 0.000000 0.000000 
0.000000 0.000000 0.000000 0.000000 0.000000 0.000000 0.000000 0.000000 0.000000 0.000000 0.000000 0.000000 0.000000 0.000000 0.000000 0.000000 0.000000 0.000000 0.000000 0.000000 0.000000 0.000000 0.000000 0.000000 0.000001 0.000001 0.000001 0.000002 0.000003 0.000004 0.000005 0.000006 0.000008 0.000010 0.000012 0.000015 0.000019 0.000023 0.000027 0.000031 0.000036 0.000041 0.000046 0.000051 0.000056 0.000061 0.000064 0.000068 0.000070 0.000071 0.000072 0.000071 0.000070 0.000068 0.000064 0.000061 0.000056 0.000051 0.000046 0.000041 0.000036 0.000031 0.000027 0.000023 0.000019 0.000015 0.000012 0.000010 0.000008 0.000006 0.000005 0.000004 0.000003 0.000002 0.000001 0.000001 0.000001 0.000000 0.000000 0.000000 0.000000 0.000000 0.000000 0.000000 0.000000 0.000000 0.000000 0.000000 0.000000 0.000000 0.000000 0.000000 0.000000 0.000000 0.000000 0.000000 0.000000 0.000000 0.000000 0.000000 
0.000000 0.000000 0.000000 0.000000 0.000000 0.000000 0.000000 0.000000 0.000000 0.000000 0.000000 0.000000 0.000000 0.000000 0.000000 0.000000 0.000000 0.000000 0.000000 0.000000 0.000000 0.000000 0.000001 0.000001 0.000001 0.000002 0.000002 0.000003 0.000004 0.000006 0.000008 0.000010 0.000013 0.000017 0.000021 0.000026 0.000031 0.000038 0.000045 0.000053 0.000061 0.000069 0.000078 0.000086 0.000094 0.000101 0.000108 0.000113 0.000117 0.000120 0.000120 0.000120 0.000117 0.000113 0.000108 0.000101 0.000094 0.000086 0.000078 0.000069 0.000061 0.000053 0.000045 0.000038 0.000031 0.000026 0.000021 0.000017 0.000013 0.000010 0.000008 0.000006 0.000004 0.000003 0.000002 0.000002 0.000001 0.000001 0.000001 0.000000 0.000000 0.000000 0.000000 0.000000 0.000000 0.000000 0.000000 0.000000 0.000000 0.000000 0.000000 0.000000 0.000000 0.000000 0.000000 0.000000 0.000000 0.000000 0.000000 0.000000 
0.000000 0.000000 0.000000 0.000000 0.000000 0.000000 0.000000 0.000000 0.000000 0.000000 0.000000 0.000000 0.000000 0.000000 0.000000 0.000000 0.000000 0.000000 0.000000 0.000000 0.000000 0.000001 0.000001 0.000001 0.000002 0.000003 0.000004 0.000006 0.000008 0.000010 0.000014 0.000018 0.000023 0.000030 0.000037 0.000046 0.000056 0.000067 0.000080 0.000093 0.000108 0.000122 0.000138 0.000152 0.000167 0.000180 0.000191 0.000200 0.000207 0.000212 0.000213 0.000212 0.000207 0.000200 0.000191 0.000180 0.000167 0.000152 0.000138 0.000122 0.000108 0.000093 0.000080 0.000067 0.000056 0.000046 0.000037 0.000030 0.000023 0.000018 0.000014 0.000010 0.000008 0.000006 0.000004 0.000003 0.000002 0.000001 0.000001 0.000001 0.000000 0.000000 0.000000 0.000000 0.000000 0.000000 0.000000 0.000000 0.000000 0.000000 0.000000 0.000000 0.000000 0.000000 0.000000 0.000000 0.000000 0.000000 0.000000 0.000000 
0.000000 0.000000 0.000000 0.000000 0.000000 0.000000 0.000000 0.000000 0.000000 0.000000 0.000000 0.000000 0.000000 0.000000 0.000000 0.000000 0.000000 0.000000 0.000000 0.000001 0.000001 0.000001 0.000002 0.000003 0.000004 0.000005 0.000008 0.000010 0.000014 0.000019 0.000025 0.000032 0.000042 0.000053 0.000066 0.000082 0.000100 0.000120 0.000142 0.000166 0.000192 0.000219 0.000246 0.000272 0.000298 0.000321 0.000341 0.000358 0.000370 0.000378 0.000381 0.000378 0.000370 0.000358 0.000341 0.000321 0.000298 0.000272 0.000246 0.000219 0.000192 0.000166 0.000142 0.000120 0.000100 0.000082 0.000066 0.000053 0.000042 0.000032 0.000025 0.000019 0.000014 0.000010 0.000008 0.000005 0.000004 0.000003 0.000002 0.000001 0.000001 0.000001 0.000000 0.000000 0.000000 0.000000 0.000000 0.000000 0.000000 0.000000 0.000000 0.000000 0.000000 0.000000 0.000000 0.000000 0.000000 0.000000 0.000000 0.000000 
0.000000 0.000000 0.000000 0.000000 0.000000 0.000000 0.000000 0.000000 0.000000 0.000000 0.000000 0.000000 0.000000 0.000000 0.000000 0.000000 0.000000 0.000000 0.000001 0.000001 0.000001 0.000002 0.000003 0.000005 0.000007 0.000010 0.000013 0.000018 0.000025 0.000034 0.000044 0.000058 0.000074 0.000094 0.000118 0.000146 0.000177 0.000213 0.000253 0.000296 0.000341 0.000388 0.000436 0.000483 0.000528 0.000569 0.000605 0.000635 0.000657 0.000670 0.000675 0.000670 0.000657 0.000635 0.000605 0.000569 0.000528 0.000483 0.000436 0.000388 0.000341 0.000296 0.000253 0.000213 0.000177 0.000146 0.000118 0.000094 0.000074 0.000058 0.000044 0.000034 0.000025 0.000018 0.000013 0.000010 0.000007 0.000005 0.000003 0.000002 0.000001 0.000001 0.000001 0.000000 0.000000 0.000000 0.000000 0.000000 0.000000 0.000000 0.000000 0.000000 0.000000 0.000000 0.000000 0.000000 0.000000 0.000000 0.000000 0.000000 
0.000000 0.000000 0.000000 0.000000 0.000000 0.000000 0.000000 0.000000 0.000000 0.000000 0.000000 0.000000 0.000000 0.000000 0.000000 0.000000 0.000000 0.000001 0.000001 0.000002 0.000003 0.000004 0.000006 0.000008 0.000012 0.000017 0.000024 0.000033 0.000044 0.000059 0.000078 0.000102 0.000131 0.000166 0.000207 0.000256 0.000312 0.000375 0.000444 0.000519 0.000599 0.000682 0.000766 0.000848 0.000927 0.000999 0.001062 0.001114 0.001152 0.001176 0.001184 0.001176 0.001152 0.001114 0.001062 0.000999 0.000927 0.000848 0.000766 0.000682 0.000599 0.000519 0.000444 0.000375 0.000312 0.000256 0.000207 0.000166 0.000131 0.000102 0.000078 0.000059 0.000044 0.000033 0.000024 0.000017 0.000012 0.000008 0.000006 0.000004 0.000003 0.000002 0.000001 0.000001 0.000000 0.000000 0.000000 0.000000 0.000000 0.000000 0.000000 0.000000 0.000000 0.000000 0.000000 0.000000 0.000000 0.000000 0.000000 0.000000 
0.000000 0.000000 0.000000 0.000000 0.000000 0.000000 0.000000 0.000000 0.000000 0.000000 0.000000 0.000000 0.000000 0.000000 0.000000 0.000001 0.000001 0.000001 0.000002 0.000003 0.000005 0.000007 0.000010 0.000015 0.000021 0.000030 0.000041 0.000057 0.000077 0.000103 0.000136 0.000177 0.000227 0.000288 0.000360 0.000445 0.000542 0.000651 0.000771 0.000901 0.001040 0.001183 0.001328 0.001471 0.001607 0.001732 0.001841 0.001931 0.001998 0.002039 0.002053 0.002039 0.001998 0.001931 0.001841 0.001732 0.001607 0.001471 0.001328 0.001183 0.001040 0.000901 0.000771 0.000651 0.000542 0.000445 0.000360 0.000288 0.000227 0.000177 0.000136 0.000103 0.000077 0.000057 0.000041 0.000030 0.000021 0.000015 0.000010 0.000007 0.000005 0.000003 0.000002 0.000001 0.000001 0.000001 0.000000 0.000000 0.000000 0.000000 0.000000 0.000000 0.000000 0.000000 0.000000 0.000000 0.000000 0.000000 0.000000 0.000000 
0.000000 0.000000 0.000000 0.000000 0.000000 0.000000 0.000000 0.000000 0.000000 0.000000 0.000000 0.000000 0.000000 0.000000 0.000001 0.000001 0.000001 0.000002 0.000003 0.000005 0.000008 0.000012 0.000017 0.000025 0.000036 0.000051 0.000071 0.000098 0.000132 0.000177 0.000233 0.000304 0.000390 0.000495 0.000619 0.000763 0.000929 0.001116 0.001322 0.001545 0.001782 0.002027 0.002276 0.002520 0.002752 0.002966 0.003153 0.003307 0.003421 0.003491 0.003515 0.003491 0.003421 0.003307 0.003153 0.002966 0.002752 0.002520 0.002276 0.002027 0.001782 0.001545 0.001322 0.001116 0.000929 0.000763 0.000619 0.000495 0.000390 0.000304 0.000233 0.000177 0.000132 0.000098 0.000071 0.000051 0.000036 0.000025 0.000017 0.000012 0.000008 0.000005 0.000003 0.000002 0.000001 0.000001 0.000001 0.000000 0.000000 0.000000 0.000000 0.000000 0.000000 0.000000 0.000000 0.000000 0.000000 0.000000 0.000000 0.000000 
0.000000 0.000000 0.000000 0.000000 0.000000 0.000000 0.000000 0.000000 0.000000 0.000000 0.000000 0.000000 0.000000 0.000001 0.000001 0.000002 0.000002 0.000004 0.000006 0.000009 0.000014 0.000020 0.000030 0.000043 0.000062 0.000087 0.000121 0.000166 0.000225 0.000300 0.000396 0.000515 0.000662 0.000839 0.001049 0.001293 0.001574 0.001890 0.002239 0.002616 0.003016 0.003431 0.003850 0.004263 0.004656 0.005017 0.005333 0.005592 0.005785 0.005904 0.005944 0.005904 0.005785 0.005592 0.005333 0.005017 0.004656 0.004263 0.003850 0.003431 0.003016 0.002616 0.002239 0.001890 0.001574 0.001293 0.001049 0.000839 0.000662 0.000515 0.000396 0.000300 0.000225 0.000166 0.000121 0.000087 0.000062 0.000043 0.000030 0.000020 0.000014 0.000009 0.000006 0.000004 0.000002 0.000002 0.000001 0.000001 0.000000 0.000000 0.000000 0.000000 0.000000 0.000000 0.000000 0.000000 0.000000 0.000000 0.000000 0.000000 
0.000000 0.000000 0.000000 0.000000 0.000000 0.000000 0.000000 0.000000 0.000000 0.000000 0.000000 0.000000 0.000001 0.000001 0.000002 0.000003 0.000004 0.000006 0.000010 0.000015 0.000023 0.000034 0.000050 0.000072 0.000103 0.000146 0.000203 0.000278 0.000377 0.000503 0.000664 0.000864 0.001109 0.001404 0.001755 0.002164 0.002633 0.003161 0.003743 0.004374 0.005042 0.005734 0.006434 0.007122 0.007778 0.008380 0.008907 0.009340 0.009662 0.009860 0.009927 0.009860 0.009662 0.009340 0.008907 0.008380 0.007778 0.007122 0.006434 0.005734 0.005042 0.004374 0.003743 0.003161 0.002633 0.002164 0.001755 0.001404 0.001109 0.000864 0.000664 0.000503 0.000377 0.000278 0.000203 0.000146 0.000103 0.000072 0.000050 0.000034 0.000023 0.000015 0.000010 0.000006 0.000004 0.000003 0.000002 0.000001 0.000001 0.000000 0.000000 0.000000 0.000000 0.000000 0.000000 0.000000 0.000000 0.000000 0.000000 0.000000 
0.000000 0.000000 0.000000 0.000000 0.000000 0.000000 0.000000 0.000000 0.000000 0.000000 0.000000 0.000001 0.000001 0.000002 0.000003 0.000004 0.000007 0.000011 0.000017 0.000025 0.000038 0.000057 0.000083 0.000120 0.000172 0.000242 0.000336 0.000461 0.000624 0.000833 0.001098 0.001429 0.001834 0.002322 0.002901 0.003576 0.004350 0.005220 0.006181 0.007221 0.008322 0.009463 0.010617 0.011751 0.012831 0.013823 0.014691 0.015404 0.015935 0.016262 0.016372 0.016262 0.015935 0.015404 0.014691 0.013823 0.012831 0.011751 0.010617 0.009463 0.008322 0.007221 0.006181 0.005220 0.004350 0.003576 0.002901 0.002322 0.001834 0.001429 0.001098 0.000833 0.000624 0.000461 0.000336 0.000242 0.000172 0.000120 0.000083 0.000057 0.000038 0.000025 0.000017 0.000011 0.000007 0.000004 0.000003 0.000002 0.000001 0.000001 0.000000 0.000000 0.000000 0.000000 0.000000 0.000000 0.000000 0.000000 0.000000 0.000000 
0.000000 0.000000 0.000000 0.000000 0.000000 0.000000 0.000000 0.000000 0.000000 0.000000 0.000001 0.000001 0.000002 0.000003 0.000004 0.000007 0.000011 0.000018 0.000027 0.000042 0.000063 0.000093 0.000136 0.000197 0.000281 0.000396 0.000550 0.000754 0.001020 0.001362 0.001795 0.002334 0.002994 0.003790 0.004734 0.005835 0.007096 0.008513 0.010078 0.011771 0.013564 0.015422 0.017299 0.019144 0.020902 0.022516 0.023928 0.025088 0.025950 0.026482 0.026662 0.026482 0.025950 0.025088 0.023928 0.022516 0.020902 0.019144 0.017299 0.015422 0.013564 0.011771 0.010078 0.008513 0.007096 0.005835 0.004734 0.003790 0.002994 0.002334 0.001795 0.001362 0.001020 0.000754 0.000550 0.000396 0.000281 0.000197 0.000136 0.000093 0.000063 0.000042 0.000027 0.000018 0.000011 0.000007 0.000004 0.000003 0.000002 0.000001 0.000001 0.000000 0.000000 0.000000 0.000000 0.000000 0.000000 0.000000 0.000000 0.000000 
0.000000 0.000000 0.000000 0.000000 0.000000 0.000000 0.000000 0.000000 0.000000 0.000001 0.000001 0.000002 0.000003 0.000004 0.000007 0.000012 0.000018 0.000029 0.000044 0.000068 0.000101 0.000151 0.000220 0.000319 0.000454 0.000639 0.000888 0.001218 0.001647 0.002198 0.002896 0.003764 0.004828 0.006110 0.007629 0.009400 0.011429 0.013709 0.016226 0.018948 0.021831 0.024816 0.027832 0.030798 0.033622 0.036214 0.038483 0.040346 0.041731 0.042585 0.042874 0.042585 0.041731 0.040346 0.038483 0.036214 0.033622 0.030798 0.027832 0.024816 0.021831 0.018948 0.016226 0.013709 0.011429 0.009400 0.007629 0.006110 0.004828 0.003764 0.002896 0.002198 0.001647 0.001218 0.000888 0.000639 0.000454 0.000319 0.000220 0.000151 0.000101 0.000068 0.000044 0.000029 0.000018 0.000012 0.000007 0.000004 0.000003 0.000002 0.000001 0.000001 0.000000 0.000000 0.000000 0.000000 0.000000 0.000000 0.000000 0.000000 
0.000000 0.000000 0.000000 0.000000 0.000000 0.000000 0.000000 0.000000 0.000001 0.000001 0.000002 0.000003 0.000004 0.000007 0.000012 0.000019 0.000029 0.000046 0.000071 0.000108 0.000162 0.000241 0.000352 0.000509 0.000725 0.001020 0.001417 0.001941 0.002625 0.003503 0.004613 0.005994 0.007685 0.009723 0.012139 0.014953 0.018175 0.021797 0.025793 0.030115 0.034691 0.039429 0.044216 0.048920 0.053402 0.057513 0.061112 0.064067 0.066264 0.067619 0.068076 0.067619 0.066264 0.064067 0.061112 0.057513 0.053402 0.048920 0.044216 0.039429 0.034691 0.030115 0.025793 0.021797 0.018175 0.014953 0.012139 0.009723 0.007685 0.005994 0.004613 0.003503 0.002625 0.001941 0.001417 0.001020 0.000725 0.000509 0.000352 0.000241 0.000162 0.000108 0.000071 0.000046 0.000029 0.000019 0.000012 0.000007 0.000004 0.000003 0.000002 0.000001 0.000001 0.000000 0.000000 0.000000 0.000000 0.000000 0.000000 0.000000 
0.000000 0.000000 0.000000 0.000000 0.000000 0.000000 0.000000 0.000000 0.000001 0.000001 0.000002 0.000004 0.000007 0.000011 0.000018 0.000029 0.000047 0.000073 0.000112 0.000171 0.000256 0.000380 0.000556 0.000802 0.001143 0.001608 0.002231 0.003056 0.004131 0.005511 0.007255 0.009424 0.012079 0.015279 0.019070 0.023485 0.028539 0.034219 0.040484 0.047259 0.054431 0.061857 0.069356 0.076727 0.083747 0.090187 0.095824 0.100451 0.103892 0.106014 0.106730 0.106014 0.103892 0.100451 0.095824 0.090187 0.083747 0.076727 0.069356 0.061857 0.054431 0.047259 0.040484 0.034219 0.028539 0.023485 0.019070 0.015279 0.012079 0.009424 0.007255 0.005511 0.004131 0.003056 0.002231 0.001608 0.001143 0.000802 0.000556 0.000380 0.000256 0.000171 0.000112 0.000073 0.000047 0.000029 0.000018 0.000011 0.000007 0.000004 0.000002 0.000001 0.000001 0.000000 0.000000 0.000000 0.000000 0.000000 0.000000 0.000000 
0.000000 0.000000 0.000000 0.000000 0.000000 0.000000 0.000000 0.000001 0.000001 0.000002 0.000004 0.000006 0.000011 0.000018 0.000029 0.000046 0.000073 0.000114 0.000175 0.000266 0.000399 0.000592 0.000865 0.001249 0.001779 0.002500 0.003469 0.004750 0.006419 0.008560 0.011264 0.014628 0.018745 0.023704 0.029577 0.036417 0.044244 0.053039 0.062738 0.073224 0.084324 0.095813 0.107416 0.118818 0.129676 0.139636 0.148353 0.155508 0.160830 0.164110 0.165218 0.164110 0.160830 0.155508 0.148353 0.139636 0.129676 0.118818 0.107416 0.095813 0.084324 0.073224 0.062738 0.053039 0.044244 0.036417 0.029577 0.023704 0.018745 0.014628 0.011264 0.008560 0.006419 0.004750 0.003469 0.002500 0.001779 0.001249 0.000865 0.000592 0.000399 0.000266 0.000175 0.000114 0.000073 0.000046 0.000029 0.000018 0.000011 0.000006 0.000004 0.000002 0.000001 0.000001 0.000000 0.000000 0.000000 0.000000 0.000000 0.000000 
0.000000 0.000000 0.000000 0.000000 0.000000 0.000000 0.000001 0.000001 0.000002 0.000003 0.000006 0.000010 0.000017 0.000027 0.000044 0.000071 0.000112 0.000175 0.000269 0.000409 0.000614 0.000910 0.001330 0.001919 0.002732 0.003839 0.005325 0.007289 0.009846 0.013125 0.017267 0.022417 0.028718 0.036306 0.045291 0.055752 0.067720 0.081167 0.095991 0.112015 0.128975 0.146528 0.164252 0.181666 0.198249 0.213459 0.226769 0.237694 0.245819 0.250827 0.252519 0.250827 0.245819 0.237694 0.226769 0.213459 0.198249 0.181666 0.164252 0.146528 0.128975 0.112015 0.095991 0.081167 0.067720 0.055752 0.045291 0.036306 0.028718 0.022417 0.017267 0.013125 0.009846 0.007289 0.005325 0.003839 0.002732 0.001919 0.001330 0.000910 0.000614 0.000409 0.000269 0.000175 0.000112 0.000071 0.000044 0.000027 0.000017 0.000010 0.000006 0.000003 0.000002 0.000001 0.000001 0.000000 0.000000 0.000000 0.000000 0.000000 
0.000000 0.000000 0.000000 0.000000 0.000000 0.000001 0.000001 0.000002 0.000003 0.000005 0.000009 0.000015 0.000025 0.000042 0.000068 0.000108 0.000171 0.000266 0.000409 0.000622 0.000933 0.001381 0.002018 0.002910 0.004142 0.005819 0.008068 0.011040 0.014909 0.019868 0.026131 0.033914 0.043437 0.054899 0.068470 0.084266 0.102334 0.122629 0.145001 0.169178 0.194764 0.221240 0.247971 0.274232 0.299236 0.322169 0.342236 0.358706 0.370954 0.378503 0.381053 0.378503 0.370954 0.358706 0.342236 0.322169 0.299236 0.274232 0.247971 0.221240 0.194764 0.169178 0.145001 0.122629 0.102334 0.084266 0.068470 0.054899 0.043437 0.033914 0.026131 0.019868 0.014909 0.011040 0.008068 0.005819 0.004142 0.002910 0.002018 0.001381 0.000933 0.000622 0.000409 0.000266 0.000171 0.000108 0.000068 0.000042 0.000025 0.000015 0.000009 0.000005 0.000003 0.000002 0.000001 0.000001 0.000000 0.000000 0.000000 0.000000 
0.000000 0.000000 0.000000 0.000000 0.000000 0.000001 0.000001 0.000003 0.000005 0.000008 0.000014 0.000023 0.000038 0.000063 0.000101 0.000162 0.000256 0.000399 0.000614 0.000933 0.001399 0.002070 0.003023 0.004358 0.006200 0.008707 0.012068 0.016508 0.022286 0.029691 0.039038 0.050653 0.064859 0.081954 0.102189 0.125738 0.152667 0.182911 0.216242 0.252258 0.290367 0.329794 0.369598 0.408698 0.445921 0.480059 0.509929 0.534443 0.552672 0.563907 0.567703 0.563907 0.552672 0.534443 0.509929 0.480059 0.445921 0.408698 0.369598 0.329794 0.290367 0.252258 0.216242 0.182911 0.152667 0.125738 0.102189 0.081954 0.064859 0.050653 0.039038 0.029691 0.022286 0.016508 0.012068 0.008707 0.006200 0.004358 0.003023 0.002070 0.001399 0.000933 0.000614 0.000399 0.000256 0.000162 0.000101 0.000063 0.000038 0.000023 0.000014 0.000008 0.000005 0.000003 0.000002 0.000001 0.000000 0.000000 0.000000 0.000000 
0.000000 0.000000 0.000000 0.000000 0.000001 0.000001 0.000002 0.000004 0.000007 0.000012 0.000020 0.000034 0.000057 0.000093 0.000151 0.000241 0.000380 0.000592 0.000910 0.001381 0.002070 0.003061 0.004470 0.006441 0.009161 0.012861 0.017819 0.024367 0.032885 0.043801 0.057574 0.074684 0.095605 0.120777 0.150564 0.185222 0.224847 0.269341 0.318369 0.371336 0.427374 0.485344 0.543859 0.601333 0.656044 0.706216 0.750112 0.786135 0.812921 0.829431 0.835008 0.829431 0.812921 0.786135 0.750112 0.706216 0.656044 0.601333 0.543859 0.485344 0.427374 0.371336 0.318369 0.269341 0.224847 0.185222 0.150564 0.120777 0.095605 0.074684 0.057574 0.043801 0.032885 0.024367 0.017819 0.012861 0.009161 0.006441 0.004470 0.003061 0.002070 0.001381 0.000910 0.000592 0.000380 0.000241 0.000151 0.000093 0.000057 0.000034 0.000020 0.000012 0.000007 0.000004 0.000002 0.000001 0.000001 0.000000 0.000000 0.000000 
0.000000 0.000000 0.000000 0.000001 0.000001 0.000002 0.000003 0.000006 0.000010 0.000017 0.000030 0.000050 0.000083 0.000136 0.000220 0.000352 0.000556 0.000865 0.001330 0.002018 0.003023 0.004470 0.006523 0.009397 0.013361 0.018751 0.025972 0.035505 0.047902 0.063784 0.083819 0.108702 0.139120 0.175708 0.218996 0.269351 0.326913 0.391536 0.462732 0.539637 0.620988 0.705132 0.790059 0.873466 0.952856 1.025653 1.089341 1.141603 1.180463 1.204413 1.212504 1.204413 1.180463 1.141603 1.089341 1.025653 0.952856 0.873466 0.790059 0.705132 0.620988 0.539637 0.462732 0.391536 0.326913 0.269351 0.218996 0.175708 0.139120 0.108702 0.083819 0.063784 0.047902 0.035505 0.025972 0.018751 0.013361 0.009397 0.006523 0.004470 0.003023 0.002018 0.001330 0.000865 0.000556 0.000352 0.000220 0.000136 0.000083 0.000050 0.000030 0.000017 0.000010 0.000006 0.000003 0.000002 0.000001 0.000001 0.000000 0.000000 
0.000000 0.000000 0.000000 0.000001 0.000001 0.000003 0.000005 0.000008 0.000015 0.000025 0.000043 0.000072 0.000120 0.000197 0.000319 0.000509 0.000802 0.001249 0.001919 0.002910 0.004358 0.006441 0.009397 0.013532 0.019234 0.026985 0.037365 0.051065 0.068878 0.091689 0.120458 0.156179 0.199837 0.252338 0.314441 0.386668 0.469216 0.561872 0.663938 0.774171 0.890762 1.011340 1.133025 1.252522 1.366253 1.470532 1.561756 1.636610 1.692268 1.726569 1.738156 1.726569 1.692268 1.636610 1.561756 1.470532 1.366253 1.252522 1.133025 1.011340 0.890762 0.774171 0.663938 0.561872 0.469216 0.386668 0.314441 0.252338 0.199837 0.156179 0.120458 0.091689 0.068878 0.051065 0.037365 0.026985 0.019234 0.013532 0.009397 0.006441 0.004358 0.002910 0.001919 0.001249 0.000802 0.000509 0.000319 0.000197 0.000120 0.000072 0.000043 0.000025 0.000015 0.000008 0.000005 0.000003 0.000002 0.000001 0.000001 0.000001 
0.000000 0.000000 0.000001 0.000001 0.000002 0.000004 0.000007 0.000012 0.000021 0.000036 0.000062 0.000103 0.000172 0.000281 0.000454 0.000725 0.001143 0.001779 0.002732 0.004142 0.006200 0.009161 0.013361 0.019234 0.027331 0.038332 0.053062 0.072497 0.097759 0.130102 0.170881 0.221503 0.283357 0.357726 0.445677 0.547946 0.664808 0.795959 0.940405 1.096388 1.261344 1.431921 1.604046 1.773058 1.933903 2.081369 2.210366 2.316209 2.394906 2.443404 2.459788 2.443404 2.394906 2.316209 2.210366 2.081369 1.933903 1.773058 1.604046 1.431921 1.261344 1.096388 0.940405 0.795959 0.664808 0.547946 0.445677 0.357726 0.283357 0.221503 0.170881 0.130102 0.097759 0.072497 0.053062 0.038332 0.027331 0.019234 0.013361 0.009161 0.006200 0.004142 0.002732 0.001779 0.001143 0.000725 0.000454 0.000281 0.000172 0.000103 0.000062 0.000036 0.000021 0.000012 0.000007 0.000004 0.000002 0.000001 0.000001 0.000001 
0.000001 0.000001 0.000001 0.000002 0.000003 0.000005 0.000010 0.000017 0.000030 0.000051 0.000087 0.000146 0.000242 0.000396 0.000639 0.001020 0.001608 0.002500 0.003839 0.005819 0.008707 0.012861 0.018751 0.026985 0.038332 0.053745 0.074378 0.101592 0.136956 0.182221 0.239280 0.310095 0.396603 0.500592 0.623548 0.766495 0.929811 1.113066 1.314867 1.532756 1.763150 2.001367 2.241720 2.477705 2.702268 2.908138 3.088212 3.235958 3.345808 3.413503 3.436371 3.413503 3.345808 3.235958 3.088212 2.908138 2.702268 2.477705 2.241720 2.001367 1.763150 1.532756 1.314867 1.113066 0.929811 0.766495 0.623548 0.500592 0.396603 0.310095 0.239280 0.182221 0.136956 0.101592 0.074378 0.053745 0.038332 0.026985 0.018751 0.012861 0.008707 0.005819 0.003839 0.002500 0.001608 0.001020 0.000639 0.000396 0.000242 0.000146 0.000087 0.000051 0.000030 0.000017 0.000010 0.000005 0.000003 0.000002 0.000001 0.000001 
0.000001 0.000001 0.000001 0.000002 0.000004 0.000008 0.000013 0.000024 0.000041 0.000071 0.000121 0.000203 0.000336 0.000550 0.000888 0.001417 0.002231 0.003469 0.005325 0.008068 0.012068 0.017819 0.025972 0.037365 0.053062 0.074378 0.102902 0.140517 0.189383 0.251916 0.330723 0.428507 0.547936 0.691469 0.861151 1.058384 1.283684 1.536451 1.814759 2.115213 2.432874 2.761282 3.092601 3.417871 3.727372 4.011091 4.259246 4.462842 4.614210 4.707489 4.739000 4.707489 4.614210 4.462842 4.259246 4.011091 3.727372 3.417871 3.092601 2.761282 2.432874 2.115213 1.814759 1.536451 1.283684 1.058384 0.861151 0.691469 0.547936 0.428507 0.330723 0.251916 0.189383 0.140517 0.102902 0.074378 0.053062 0.037365 0.025972 0.017819 0.012068 0.008068 0.005325 0.003469 0.002231 0.001417 0.000888 0.000550 0.000336 0.000203 0.000121 0.000071 0.000041 0.000024 0.000013 0.000008 0.000004 0.000003 0.000002 0.000002 
0.000001 0.000001 0.000002 0.000003 0.000006 0.000010 0.000018 0.000033 0.000057 0.000098 0.000166 0.000278 0.000461 0.000754 0.001218 0.001941 0.003056 0.004750 0.007289 0.011040 0.016508 0.024367 0.035505 0.051065 0.072497 0.101592 0.140517 0.191832 0.258482 0.343752 0.451189 0.584470 0.747219 0.942777 1.173921 1.442548 1.749355 2.093511 2.472392 2.881369 3.313715 3.760642 4.211486 4.654061 5.075148 5.461133 5.798717 6.075672 6.281575 6.408457 6.451319 6.408457 6.281575 6.075672 5.798717 5.461133 5.075148 4.654061 4.211486 3.760642 3.313715 2.881369 2.472392 2.093511 1.749355 1.442548 1.173921 0.942777 0.747219 0.584470 0.451189 0.343752 0.258482 0.191832 0.140517 0.101592 0.072497 0.051065 0.035505 0.024367 0.016508 0.011040 0.007289 0.004750 0.003056 0.001941 0.001218 0.000754 0.000461 0.000278 0.000166 0.000098 0.000057 0.000033 0.000018 0.000010 0.000006 0.000004 0.000003 0.000003 
0.000002 0.000002 0.000003 0.000004 0.000008 0.000014 0.000025 0.000044 0.000077 0.000132 0.000225 0.000377 0.000624 0.001020 0.001647 0.002625 0.004131 0.006419 0.009846 0.014909 0.022286 0.032885 0.047902 0.068878 0.097759 0.136956 0.189383 0.258482 0.348208 0.462976 0.607548 0.786859 1.005774 1.268772 1.579572 1.940716 2.353124 2.815671 3.324819 3.874343 4.455201 5.055588 5.661181 6.255616 6.821150 7.339509 7.792845 8.164747 8.441229 8.611601 8.669154 8.611601 8.441229 8.164747 7.792845 7.339509 6.821150 6.255616 5.661181 5.055588 4.455201 3.874343 3.324819 2.815671 2.353124 1.940716 1.579572 1.268772 1.005774 0.786859 0.607548 0.462976 0.348208 0.258482 0.189383 0.136956 0.097759 0.068878 0.047902 0.032885 0.022286 0.014909 0.009846 0.006419 0.004131 0.002625 0.001647 0.001020 0.000624 0.000377 0.000225 0.000132 0.000077 0.000044 0.000025 0.000014 0.000008 0.000005 0.000003 0.000003 
0.000002 0.000002 0.000004 0.000006 0.000010 0.000019 0.000034 0.000059 0.000103 0.000177 0.000300 0.000503 0.000833 0.001362 0.002198 0.003503 0.005511 0.008560 0.013125 0.019868 0.029691 0.043801 0.063784 0.091689 0.130102 0.182221 0.251916 0.343752 0.462976 0.615441 0.807460 1.045573 1.336223 1.685340 2.097845 2.577090 3.124283 3.737919 4.413290 5.142134 5.912454 6.708592 7.511564 8.299679 9.049425 9.736589 10.337524 10.830493 11.196969 11.422791 11.499075 11.422791 11.196969 10.830493 10.337524 9.736589 9.049425 8.299679 7.511564 6.708592 5.912454 5.142134 4.413290 3.737919 3.124283 2.577090 2.097845 1.685340 1.336223 1.045573 0.807460 0.615441 0.462976 0.343752 0.251916 0.182221 0.130102 0.091689 0.063784 0.043801 0.029691 0.019868 0.013125 0.008560 0.005511 0.003503 0.002198 0.001362 0.000833 0.000503 0.000300 0.000177 0.000103 0.000059 0.000034 0.000019 0.000011 0.000007 0.000005 0.000005 
0.000003 0.000003 0.000005 0.000008 0.000014 0.000025 0.000044 0.000078 0.000136 0.000233 0.000396 0.000664 0.001098 0.001795 0.002896 0.004613 0.007255 0.011264 0.017267 0.026131 0.039038 0.057574 0.083819 0.120458 0.170881 0.239280 0.330723 0.451189 0.607548 0.807460 1.059186 1.371281 1.752168 2.209598 2.749994 3.377731 4.094366 4.897913 5.782195 6.736381 7.744764 8.786846 9.837784 10.869198 11.850336 12.749525 13.535843 14.180864 14.660362 14.955824 15.055630 14.955824 14.660362 14.180864 13.535843 12.749525 11.850336 10.869198 9.837784 8.786846 7.744764 6.736381 5.782195 4.897913 4.094366 3.377731 2.749994 2.209598 1.752168 1.371281 1.059186 0.807460 0.607548 0.451189 0.330723 0.239280 0.170881 0.120458 0.083819 0.057574 0.039038 0.026131 0.017267 0.011264 0.007255 0.004613 0.002896 0.001795 0.001098 0.000664 0.000396 0.000233 0.000136 0.000078 0.000044 0.000025 0.000014 0.000009 0.000006 0.000006 
0.000004 0.000004 0.000006 0.000010 0.000018 0.000032 0.000058 0.000102 0.000177 0.000304 0.000515 0.000864 0.001429 0.002334 0.003764 0.005994 0.009424 0.014628 0.022417 0.033914 0.050653 0.074684 0.108702 0.156179 0.221503 0.310095 0.428507 0.584470 0.786859 1.045573 1.371281 1.775028 2.267686 2.859253 3.558010 4.369586 5.295973 6.334578 7.477404 8.710440 10.013382 11.359748 12.717446 14.049827 15.317180 16.478617 17.494218 18.327291 18.946569 19.328153 19.457051 19.328153 18.946569 18.327291 17.494218 16.478617 15.317180 14.049827 12.717446 11.359748 10.013382 8.710440 7.477404 6.334578 5.295973 4.369586 3.558010 2.859253 2.267686 1.775028 1.371281 1.045573 0.786859 0.584470 0.428507 0.310095 0.221503 0.156179 0.108702 0.074684 0.050653 0.033914 0.022417 0.014628 0.009424 0.005994 0.003764 0.002334 0.001429 0.000864 0.000515 0.000304 0.000177 0.000102 0.000058 0.000033 0.000019 0.000011 0.000008 0.000008 
0.000006 0.000006 0.000008 0.000013 0.000023 0.000042 0.000074 0.000131 0.000227 0.000390 0.000662 0.001109 0.001834 0.002994 0.004828 0.007685 0.012079 0.018745 0.028718 0.043437 0.064859 0.095605 0.139120 0.199837 0.283357 0.396603 0.547936 0.747219 1.005774 1.336223 1.752168 2.267686 2.896628 3.651725 4.543515 5.579150 6.761142 8.086159 9.543976 11.116707 12.778448 14.495425 16.226721 17.925618 19.541504 21.022269 22.317048 23.379088 24.168551 24.654991 24.819308 24.654991 24.168551 23.379088 22.317048 21.022269 19.541504 17.925618 16.226721 14.495425 12.778448 11.116707 9.543976 8.086159 6.761142 5.579150 4.543515 3.651725 2.896628 2.267686 1.752168 1.336223 1.005774 0.747219 0.547936 0.396603 0.283357 0.199837 0.139120 0.095605 0.064859 0.043437 0.028718 0.018745 0.012079 0.007685 0.004828 0.002994 0.001834 0.001109 0.000662 0.000390 0.000227 0.000131 0.000074 0.000042 0.000024 0.000015 0.000010 0.000010 
0.000007 0.000007 0.000010 0.000017 0.000030 0.000053 0.000094 0.000166 0.000288 0.000495 0.000839 0.001404 0.002322 0.003790 0.006110 0.009723 0.015279 0.023704 0.036306 0.054899 0.081954 0.120777 0.175708 0.252338 0.357726 0.500592 0.691469 0.942777 1.268772 1.685340 2.209598 2.859253 3.651725 4.603015 5.726363 7.030738 8.519271 10.187733 12.023226 14.003213 16.095074 18.256294 20.435382 22.573552 24.607132 26.470576 28.099901 29.436310 30.429700 31.041783 31.248540 31.041783 30.429700 29.436310 28.099901 26.470576 24.607132 22.573552 20.435382 18.256294 16.095074 14.003213 12.023226 10.187733 8.519271 7.030738 5.726363 4.603015 3.651725 2.859253 2.209598 1.685340 1.268772 0.942777 0.691469 0.500592 0.357726 0.252338 0.175708 0.120777 0.081954 0.054899 0.036306 0.023704 0.015279 0.009723 0.006110 0.003790 0.002322 0.001404 0.000839 0.000495 0.000288 0.000166 0.000094 0.000053 0.000031 0.000018 0.000013 0.000013 
0.000009 0.000009 0.000012 0.000021 0.000037 0.000066 0.000118 0.000207 0.000360 0.000619 0.001049 0.001755 0.002901 0.004734 0.007629 0.012139 0.019070 0.029577 0.045291 0.068470 0.102189 0.150564 0.218996 0.314441 0.445677 0.623548 0.861151 1.173921 1.579572 2.097845 2.749994 3.558010 4.543515 5.726363 7.122970 8.744445 10.594636 12.668255 14.949238 17.409563 20.008686 22.693783 25.400895 28.057013 30.583071 32.897684 34.921419 36.581280 37.815074 38.575271 38.832058 38.575271 37.815074 36.581280 34.921419 32.897684 30.583071 28.057013 25.400895 22.693783 20.008686 17.409563 14.949238 12.668255 10.594636 8.744445 7.122970 5.726363 4.543515 3.558010 2.749994 2.097845 1.579572 1.173921 0.861151 0.623548 0.445677 0.314441 0.218996 0.150564 0.102189 0.068470 0.045291 0.029577 0.019070 0.012139 0.007629 0.004734 0.002901 0.001755 0.001049 0.000619 0.000360 0.000208 0.000118 0.000067 0.000038 0.000023 0.000017 0.000017 
0.000011 0.000011 0.000015 0.000026 0.000046 0.000082 0.000146 0.000256 0.000445 0.000763 0.001293 0.002164 0.003576 0.005835 0.009400 0.014953 0.023485 0.036417 0.055752 0.084266 0.125738 0.185222 0.269351 0.386668 0.547946 0.766495 1.058384 1.442548 1.940716 2.577090 3.377731 4.369586 5.579150 7.030738 8.744445 10.733848 13.003625 15.547244 18.344971 21.362410 24.549826 27.842442 31.161840 34.418526 37.515589 40.353290 42.834287 44.869136 46.381629 47.313534 47.628319 47.313534 46.381629 44.869136 42.834287 40.353290 37.515589 34.418526 31.161840 27.842442 24.549826 21.362410 18.344971 15.547244 13.003625 10.733848 8.744445 7.030738 5.579150 4.369586 3.377731 2.577090 1.940716 1.442548 1.058384 0.766495 0.547946 0.386668 0.269351 0.185222 0.125738 0.084266 0.055752 0.036417 0.023485 0.014953 0.009400 0.005835 0.003576 0.002164 0.001293 0.000763 0.000445 0.000256 0.000146 0.000083 0.000047 0.000029 0.000021 0.000021 
0.000013 0.000013 0.000019 0.000031 0.000056 0.000100 0.000177 0.000312 0.000542 0.000929 0.001574 0.002633 0.004350 0.007096 0.011429 0.018175 0.028539 0.044244 0.067720 0.102334 0.152667 0.224847 0.326913 0.469216 0.664808 0.929811 1.283684 1.749355 2.353124 3.124283 4.094366 5.295973 6.761142 8.519271 10.594636 13.003625 15.751846 18.831346 22.218196 25.870730 29.728735 33.713806 37.731051 41.672188 45.419981 48.853779 51.855843 54.317991 56.148057 57.275615 57.656487 57.275615 56.148057 54.317991 51.855843 48.853779 45.419981 41.672188 37.731051 33.713806 29.728735 25.870730 22.218196 18.831346 15.751846 13.003625 10.594636 8.519271 6.761142 5.295973 4.094366 3.124283 2.353124 1.749355 1.283684 0.929811 0.664808 0.469216 0.326913 0.224847 0.152667 0.102334 0.067720 0.044244 0.028539 0.018175 0.011429 0.007096 0.004350 0.002633 0.001574 0.000929 0.000542 0.000312 0.000178 0.000101 0.000058 0.000035 0.000025 0.000025 
0.000016 0.000016 0.000023 0.000038 0.000067 0.000120 0.000213 0.000375 0.000651 0.001116 0.001890 0.003161 0.005220 0.008513 0.013709 0.021797 0.034219 0.053039 0.081167 0.122629 0.182911 0.269341 0.391536 0.561872 0.795959 1.113066 1.536451 2.093511 2.815671 3.737919 4.897913 6.334578 8.086159 10.187733 12.668255 15.547244 18.831346 22.511005 26.557585 30.921278 35.530133 40.290489 45.089009 49.796386 54.272634 58.373703 61.959029 64.899469 67.084998 68.431551 68.886393 68.431551 67.084998 64.899469 61.959029 58.373703 54.272634 49.796386 45.089009 40.290489 35.530133 30.921278 26.557585 22.511005 18.831346 15.547244 12.668255 10.187733 8.086159 6.334578 4.897913 3.737919 2.815671 2.093511 1.536451 1.113066 0.795959 0.561872 0.391536 0.269341 0.182911 0.122629 0.081167 0.053039 0.034219 0.021797 0.013709 0.008513 0.005220 0.003161 0.001890 0.001116 0.000651 0.000375 0.000214 0.000121 0.000069 0.000042 0.000030 0.000030 
0.000019 0.000019 0.000027 0.000045 0.000080 0.000142 0.000253 0.000444 0.000771 0.001322 0.002239 0.003743 0.006181 0.010078 0.016226 0.025793 0.040484 0.062738 0.095991 0.145001 0.216242 0.318369 0.462732 0.663938 0.940405 1.314867 1.814759 2.472392 3.324819 4.413290 5.782195 7.477404 9.543976 12.023226 14.949238 18.344971 22.218196 26.557585 31.329325 36.474651 41.908709 47.521070 53.178133 58.727492 64.004167 68.838408 73.064582 76.530521 79.106592 80.693749 81.229859 80.693749 79.106592 76.530521 73.064582 68.838408 64.004167 58.727492 53.178133 47.521070 41.908709 36.474651 31.329325 26.557585 22.218196 18.344971 14.949238 12.023226 9.543976 7.477404 5.782195 4.413290 3.324819 2.472392 1.814759 1.314867 0.940405 0.663938 0.462732 0.318369 0.216242 0.145001 0.095991 0.062738 0.040484 0.025793 0.016226 0.010078 0.006181 0.003743 0.002239 0.001322 0.000771 0.000444 0.000253 0.000144 0.000082 0.000050 0.000036 0.000036 
0.000022 0.000022 0.000031 0.000053 0.000093 0.000166 0.000296 0.000519 0.000901 0.001545 0.002616 0.004374 0.007221 0.011771 0.018948 0.030115 0.047259 0.073224 0.112015 0.169178 0.252258 0.371336 0.539637 0.774171 1.096388 1.532756 2.115213 2.881369 3.874343 5.142134 6.736381 8.710440 11.116707 14.003213 17.409563 21.362410 25.870730 30.921278 36.474651 42.462425 48.785837 55.316388 61.898641 68.355300 74.494465 80.118700 85.035371 89.067509 92.064361 93.910748 94.534418 93.910748 92.064361 89.067509 85.035371 80.118700 74.494465 68.355300 61.898641 55.316388 48.785837 42.462425 36.474651 30.921278 25.870730 21.362410 17.409563 14.003213 11.116707 8.710440 6.736381 5.142134 3.874343 2.881369 2.115213 1.532756 1.096388 0.774171 0.539637 0.371336 0.252258 0.169178 0.112015 0.073224 0.047259 0.030115 0.018948 0.011771 0.007221 0.004374 0.002616 0.001545 0.000902 0.000520 0.000296 0.000168 0.000096 0.000058 0.000042 0.000042 
0.000026 0.000026 0.000036 0.000061 0.000108 0.000192 0.000341 0.000599 0.001040 0.001782 0.003016 0.005042 0.008322 0.013564 0.021831 0.034691 0.054431 0.084324 0.128975 0.194764 0.290367 0.427374 0.620988 0.890762 1.261344 1.763150 2.432874 3.313715 4.455201 5.912454 7.744764 10.013382 12.778448 16.095074 20.008686 24.549826 29.728735 35.530133 41.908709 48.785837 56.048069 63.547830 71.106637 78.520930 85.570401 92.028400 97.673806 102.303487 105.744407 107.864368 108.580441 107.864368 105.744407 102.303487 97.673806 92.028400 85.570401 78.520930 71.106637 63.547830 56.048069 48.785837 41.908709 35.530133 29.728735 24.549826 20.008686 16.095074 12.778448 10.013382 7.744764 5.912454 4.455201 3.313715 2.432874 1.763150 1.261344 0.890762 0.620988 0.427374 0.290367 0.194764 0.128975 0.084324 0.054431 0.034691 0.021831 0.013565 0.008322 0.005042 0.003016 0.001782 0.001040 0.000600 0.000342 0.000194 0.000111 0.000067 0.000048 0.000048 
0.000029 0.000029 0.000041 0.000069 0.000122 0.000219 0.000388 0.000682 0.001183 0.002027 0.003431 0.005734 0.009463 0.015422 0.024816 0.039429 0.061857 0.095813 0.146528 0.221240 0.329794 0.485344 0.705132 1.011340 1.431921 2.001367 2.761282 3.760642 5.055588 6.708592 8.786846 11.359748 14.495425 18.256294 22.693783 27.842442 33.713806 40.290489 47.521070 55.316388 63.547830 72.048131 80.615015 89.017819 97.006916 104.325511 110.723086 115.969513 119.868767 122.271087 123.082532 122.271087 119.868767 115.969513 110.723086 104.325511 97.006916 89.017819 80.615015 72.048131 63.547830 55.316388 47.521070 40.290489 33.713806 27.842442 22.693783 18.256294 14.495425 11.359748 8.786846 6.708592 5.055588 3.760642 2.761282 2.001367 1.431921 1.011340 0.705132 0.485344 0.329794 0.221240 0.146528 0.095813 0.061857 0.039429 0.024816 0.015422 0.009464 0.005734 0.003431 0.002028 0.001183 0.000682 0.000389 0.000221 0.000126 0.000077 0.000055 0.000055 
0.000033 0.000033 0.000046 0.000078 0.000138 0.000246 0.000436 0.000766 0.001328 0.002276 0.003850 0.006434 0.010617 0.017299 0.027832 0.044216 0.069356 0.107416 0.164252 0.247971 0.369598 0.543859 0.790059 1.133025 1.604046 2.241720 3.092601 4.211486 5.661181 7.511564 9.837784 12.717446 16.226721 20.435382 25.400895 31.161840 37.731051 45.089009 53.178133 61.898641 71.106637 80.615015 90.197537 99.596230 108.531939 116.717508 123.872810 129.740530 134.101491 136.788247 137.695763 136.788247 134.101491 129.740530 123.872810 116.717508 108.531939 99.596230 90.197537 80.615015 71.106637 61.898641 53.178133 45.089009 37.731051 31.161840 25.400895 20.435382 16.226721 12.717446 9.837784 7.511564 5.661181 4.211486 3.092601 2.241720 1.604046 1.133025 0.790059 0.543859 0.369598 0.247971 0.164252 0.107416 0.069356 0.044216 0.027832 0.017299 0.010617 0.006434 0.003851 0.002276 0.001328 0.000766 0.000437 0.000248 0.000142 0.000086 0.000062 0.000062 
