0.000000 0.000000 0.000000 0.000000 0.000000 0.000000 0.000000 0.000000 0.000000 0.000000 0.000000 0.000000 0.000000 0.000000 0.000000 0.000000 0.000000 0.000000 0.000000 0.000000 0.000000 0.000000 0.000000 0.000000 0.000000 0.000000 0.000000 0.000000 0.000000 0.000000 0.000000 0.000000 0.000000 0.000000 0.000000 0.000000 0.000000 0.000000 0.000000 0.000000 0.000000 0.000000 0.000000 0.000000 0.000000 0.000000 0.000000 0.000000 0.000000 0.000000 0.000000 0.000000 0.000000 0.000000 0.000000 0.000000 0.000000 0.000000 0.000000 0.000000 0.000000 0.000000 0.000000 0.000000 0.000000 0.000000 0.000000 0.000000 0.000000 0.000000 0.000000 0.000000 0.000000 0.000000 0.000000 0.000000 0.000000 0.000000 0.000000 0.000000 0.000000 0.000000 0.000000 0.000000 0.000000 0.000000 0.000000 0.000000 0.000000 0.000000 0.000000 0.000000 0.000000 0.000000 0.000000 0.000000 0.000000 0.000000 0.000000 0.000000 
0.000000 0.000000 0.000000 0.000000 0.000000 0.000000 0.000000 0.000000 0.000000 0.000000 0.000000 0.000000 0.000000 0.000000 0.000000 0.000000 0.000000 0.000000 0.000000 0.000000 0.000000 0.000000 0.000000 0.000000 0.000000 0.000000 0.000000 0.000000 0.000000 0.000000 0.000000 0.000000 0.000000 0.000000 0.000000 0.000000 0.000000 0.000000 0.000000 0.000000 0.000000 0.000000 0.000000 0.000000 0.000000 0.000000 0.000000 0.000000 0.000000 0.000000 0.000000 0.000000 0.000000 0.000000 0.000000 0.000000 0.000000 0.000000 0.000000 0.000000 0.000000 0.000000 0.000000 0.000000 0.000000 0.000000 0.000000 0.000000 0.000000 0.000000 0.000000 0.000000 0.000000 0.000000 0.000000 0.000000 0.000000 0.000000 0.000000 0.000000 0.000000 0.000000 0.000000 0.000000 0.000000 0.000000 0.000000 0.000000 0.000000 0.000000 0.000000 0.000000 0.000000 0.000000 0.000000 0.000000 0.000000 0.000000 0.000000 0.000000 
0.000000 0.000000 0.000000 0.000000 0.000000 0.000000 0.000000 0.000000 0.000000 0.000000 0.000000 0.000000 0.000000 0.000000 0.000000 0.000000 0.000000 0.000000 0.000000 0.000000 0.000000 0.000000 0.000000 0.000000 0.000000 0.000000 0.000000 0.000000 0.000000 0.000000 0.000000 0.000000 0.000000 0.000000 0.000000 0.000000 0.000000 0.000000 0.000000 0.000000 0.000000 0.000000 0.000000 0.000000 0.000000 0.000000 0.000000 0.000000 0.000000 0.000000 0.000000 0.000000 0.000000 0.000000 0.000000 0.000000 0.000000 0.000000 0.000000 0.000000 0.000000 0.000000 0.000000 0.000000 0.000000 0.000000 0.000000 0.000000 0.000000 0.000000 0.000000 0.000000 0.000000 0.000000 0.000000 0.000000 0.000000 0.000000 0.000000 0.000000 0.000000 0.000000 0.000000 0.000000 0.000000 0.000000 0.000000 0.000000 0.000000 0.000000 0.000000 0.000000 0.000000 0.000000 0.000000 0.000000 0.000000 0.000000 0.000000 0.000000 
0.000000 0.000000 0.000000 0.000000 0.000000 0.000000 0.000000 0.000000 0.000000 0.000000 0.000000 0.000000 0.000000 0.000000 0.000000 0.000000 0.000000 0.000000 0.000000 0.000000 0.000000 0.000000 0.000000 0.000000 0.000000 0.000000 0.000000 0.000000 0.000000 0.000000 0.000000 0.000000 0.000000 0.000000 0.000000 0.000000 0.000000 0.000000 0.000000 0.000000 0.000000 0.000000 0.000000 0.000000 0.000000 0.000000 0.000000 0.000000 0.000000 0.000000 0.000000 0.000000 0.000000 0.000000 0.000000 0.000000 0.000000 0.000000 0.000000 0.000000 0.000000 0.000000 0.000000 0.000000 0.000000 0.000000 0.000000 0.000000 0.000000 0.000000 0.000000 0.000000 0.000000 0.000000 0.000000 0.000000 0.000000 0.000000 0.000000 0.000000 0.000000 0.000000 0.000000 0.000000 0.000000 0.000000 0.000000 0.000000 0.000000 0.000000 0.000000 0.000000 0.000000 0.000000 0.000000 0.000000 0.000000 0.000000 0.000000 0.000000 
0.000000 0.000000 0.000000 0.000000 0.000000 0.000000 0.000000 0.000000 0.000000 0.000000 0.000000 0.000000 0.000000 0.000000 0.000000 0.000000 0.000000 0.000000 0.000000 0.000000 0.000000 0.000000 0.000000 0.000000 0.000000 0.000000 0.000000 0.000000 0.000000 0.000000 0.000000 0.000000 0.000000 0.000000 0.000000 0.000000 0.000000 0.000000 0.000000 0.000000 0.000000 0.000000 0.000000 0.000000 0.000000 0.000000 0.000000 0.000000 0.000000 0.000000 0.000000 0.000000 0.000000 0.000000 0.000000 0.000000 0.000000 0.000000 0.000000 0.000000 0.000000 0.000000 0.000000 0.000000 0.000000 0.000000 0.000000 0.000000 0.000000 0.000000 0.000000 0.000000 0.000000 0.000000 0.000000 0.000000 0.000000 0.000000 0.000000 0.000000 0.000000 0.000000 0.000000 0.000000 0.000000 0.000000 0.000000 0.000000 0.000000 0.000000 0.000000 0.000000 0.000000 0.000000 0.000000 0.000000 0.000000 0.000000 0.000000 0.000000 
0.000000 0.000000 0.000000 0.000000 0.000000 0.000000 0.000000 0.000000 0.000000 0.000000 0.000000 0.000000 0.000000 0.000000 0.000000 0.000000 0.000000 0.000000 0.000000 0.000000 0.000000 0.000000 0.000000 0.000000 0.000000 0.000000 0.000000 0.000000 0.000000 0.000000 0.000000 0.000000 0.000000 0.000000 0.000000 0.000000 0.000000 0.000000 0.000000 0.000000 0.000000 0.000000 0.000000 0.000000 0.000000 0.000000 0.000000 0.000000 0.000000 0.000000 0.000000 0.000000 0.000000 0.000000 0.000000 0.000000 0.000000 0.000000 0.000000 0.000000 0.000000 0.000000 0.000000 0.000000 0.000000 0.000000 0.000000 0.000000 0.000000 0.000000 0.000000 0.000000 0.000000 0.000000 0.000000 0.000000 0.000000 0.000000 0.000000 0.000000 0.000000 0.000000 0.000000 0.000000 0.000000 0.000000 0.000000 0.000000 0.000000 0.000000 0.000000 0.000000 0.000000 0.000000 0.000000 0.000000 0.000000 0.000000 0.000000 0.000000 
0.000000 0.000000 0.000000 0.000000 0.000000 0.000000 0.000000 0.000000 0.000000 0.000000 0.000000 0.000000 0.000000 0.000000 0.000000 0.000000 0.000000 0.000000 0.000000 0.000000 0.000000 0.000000 0.000000 0.000000 0.000000 0.000000 0.000000 0.000000 0.000000 0.000000 0.000000 0.000000 0.000000 0.000000 0.000000 0.000000 0.000000 0.000000 0.000000 0.000000 0.000000 0.000000 0.000001 0.000001 0.000001 0.000001 0.000001 0.000001 0.000001 0.000001 0.000001 0.000001 0.000001 0.000001 0.000001 0.000001 0.000001 0.000001 0.000001 0.000000 0.000000 0.000000 0.000000 0.000000 0.000000 0.000000 0.000000 0.000000 0.000000 0.000000 0.000000 0.000000 0.000000 0.000000 0.000000 0.000000 0.000000 0.000000 0.000000 0.000000 0.000000 0.000000 0.000000 0.000000 0.000000 0.000000 0.000000 0.000000 0.000000 0.000000 0.000000 0.000000 0.000000 0.000000 0.000000 0.000000 0.000000 0.000000 0.000000 0.000000 
0.000000 0.000000 0.000000 0.000000 0.000000 0.000000 0.000000 0.000000 0.000000 0.000000 0.000000 0.000000 0.000000 0.000000 0.000000 0.000000 0.000000 0.000000 0.000000 0.000000 0.000000 0.000000 0.000000 0.000000 0.000000 0.000000 0.000000 0.000000 0.000000 0.000000 0.000000 0.000000 0.000000 0.000000 0.000000 0.000000 0.000000 0.000000 0.000001 0.000001 0.000001 0.000001 0.000001 0.000002 0.000002 0.000002 0.000002 0.000002 0.000003 0.000003 0.000003 0.000003 0.000003 0.000002 0.000002 0.000002 0.000002 0.000002 0.000001 0.000001 0.000001 0.000001 0.000001 0.000000 0.000000 0.000000 0.000000 0.000000 0.000000 0.000000 0.000000 0.000000 0.000000 0.000000 0.000000 0.000000 0.000000 0.000000 0.000000 0.000000 0.000000 0.000000 0.000000 0.000000 0.000000 0.000000 0.000000 0.000000 0.000000 0.000000 0.000000 0.000000 0.000000 0.000000 0.000000 0.000000 0.000000 0.000000 0.000000 0.000000 
0.000000 0.000000 0.000000 0.000000 0.000000 0.000000 0.000000 0.000000 0.000000 0.000000 0.000000 0.000000 0.000000 0.000000 0.000000 0.000000 0.000000 0.000000 0.000000 0.000000 0.000000 0.000000 0.000000 0.000000 0.000000 0.000000 0.000000 0.000000 0.000000 0.000000 0.000000 0.000000 0.000000 0.000000 0.000000 0.000001 0.000001 0.000001 0.000001 0.000002 0.000002 0.000003 0.000003 0.000004 0.000004 0.000005 0.000005 0.000006 0.000006 0.000006 0.000006 0.000006 0.000006 0.000006 0.000005 0.000005 0.000004 0.000004 0.000003 0.000003 0.000002 0.000002 0.000001 0.000001 0.000001 0.000001 0.000000 0.000000 0.000000 0.000000 0.000000 0.000000 0.000000 0.000000 0.000000 0.000000 0.000000 0.000000 0.000000 0.000000 0.000000 0.000000 0.000000 0.000000 0.000000 0.000000 0.000000 0.000000 0.000000 0.000000 0.000000 0.000000 0.000000 0.000000 0.000000 0.000000 0.000000 0.000000 0.000000 0.000000 
0.000000 0.000000 0.000000 0.000000 0.000000 0.000000 0.000000 0.000000 0.000000 0.000000 0.000000 0.000000 0.000000 0.000000 0.000000 0.000000 0.000000 0.000000 0.000000 0.000000 0.000000 0.000000 0.000000 0.000000 0.000000 0.000000 0.000000 0.000000 0.000000 0.000000 0.000000 0.000000 0.000000 0.000001 0.000001 0.000001 0.000002 0.000002 0.000003 0.000004 0.000005 0.000006 0.000007 0.000008 0.000010 0.000011 0.000012 0.000013 0.000014 0.000014 0.000014 0.000014 0.000014 0.000013 0.000012 0.000011 0.000010 0.000008 0.000007 0.000006 0.000005 0.000004 0.000003 0.000002 0.000002 0.000001 0.000001 0.000001 0.000000 0.000000 0.000000 0.000000 0.000000 0.000000 0.000000 0.000000 0.000000 0.000000 0.000000 0.000000 0.000000 0.000000 0.000000 0.000000 0.000000 0.000000 0.000000 0.000000 0.000000 0.000000 0.000000 0.000000 0.000000 0.000000 0.000000 0.000000 0.000000 0.000000 0.000000 0.000000 
0.000000 0.000000 0.000000 0.000000 0.000000 0.000000 0.000000 0.000000 0.000000 0.000000 0.000000 0.000000 0.000000 0.000000 0.000000 0.000000 0.000000 0.000000 0.000000 0.000000 0.000000 0.000000 0.000000 0.000000 0.000000 0.000000 0.000000 0.000000 0.000000 0.000000 0.000000 0.000001 0.000001 0.000001 0.000002 0.000003 0.000004 0.000005 0.000007 0.000008 0.000011 0.000013 0.000016 0.000018 0.000021 0.000024 0.000027 0.000029 0.000030 0.000031 0.000032 0.000031 0.000030 0.000029 0.000027 0.000024 0.000021 0.000018 0.000016 0.000013 0.000011 0.000008 0.000007 0.000005 0.000004 0.000003 0.000002 0.000001 0.000001 0.000001 0.000000 0.000000 0.000000 0.000000 0.000000 0.000000 0.000000 0.000000 0.000000 0.000000 0.000000 0.000000 0.000000 0.000000 0.000000 0.000000 0.000000 0.000000 0.000000 0.000000 0.000000 0.000000 0.000000 0.000000 0.000000 0.000000 0.000000 0.000000 0.000000 0.000000 
0.000000 0.000000 0.000000 0.000000 0.000000 0.000000 0.000000 0.000000 0.000000 0.000000 0.000000 0.000000 0.000000 0.000000 0.000000 0.000000 0.000000 0.000000 0.000000 0.000000 0.000000 0.000000 0.000000 0.000000 0.000000 0.000000 0.000000 0.000000 0.000000 0.000001 0.000001 0.000001 0.000002 0.000003 0.000004 0.000006 0.000008 0.000011 0.000014 0.000018 0.000023 0.000029 0.000034 0.000040 0.000047 0.000053 0.000058 0.000063 0.000066 0.000068 0.000069 0.000068 0.000066 0.000063 0.000058 0.000053 0.000047 0.000040 0.000034 0.000029 0.000023 0.000018 0.000014 0.000011 0.000008 0.000006 0.000004 0.000003 0.000002 0.000001 0.000001 0.000001 0.000000 0.000000 0.000000 0.000000 0.000000 0.000000 0.000000 0.000000 0.000000 0.000000 0.000000 0.000000 0.000000 0.000000 0.000000 0.000000 0.000000 0.000000 0.000000 0.000000 0.000000 0.000000 0.000000 0.000000 0.000000 0.000000 0.000000 0.000000 
0.000000 0.000000 0.000000 0.000000 0.000000 0.000000 0.000000 0.000000 0.000000 0.000000 0.000000 0.000000 0.000000 0.000000 0.000000 0.000000 0.000000 0.000000 0.000000 0.000000 0.000000 0.000000 0.000000 0.000000 0.000000 0.000000 0.000000 0.000000 0.000001 0.000001 0.000002 0.000003 0.000004 0.000006 0.000009 0.000013 0.000018 0.000024 0.000031 0.000040 0.000050 0.000061 0.000074 0.000087 0.000100 0.000113 0.000125 0.000135 0.000142 0.000147 0.000149 0.000147 0.000142 0.000135 0.000125 0.000113 0.000100 0.000087 0.000074 0.000061 0.000050 0.000040 0.000031 0.000024 0.000018 0.000013 0.000009 0.000006 0.000004 0.000003 0.000002 0.000001 0.000001 0.000000 0.000000 0.000000 0.000000 0.000000 0.000000 0.000000 0.000000 0.000000 0.000000 0.000000 0.000000 0.000000 0.000000 0.000000 0.000000 0.000000 0.000000 0.000000 0.000000 0.000000 0.000000 0.000000 0.000000 0.000000 0.000000 0.000000 
0.000000 0.000000 0.000000 0.000000 0.000000 0.000000 0.000000 0.000000 0.000000 0.000000 0.000000 0.000000 0.000000 0.000000 0.000000 0.000000 0.000000 0.000000 0.000000 0.000000 0.000000 0.000000 0.000000 0.000000 0.000000 0.000000 0.000001 0.000001 0.000002 0.000003 0.000004 0.000006 0.000009 0.000014 0.000019 0.000027 0.000037 0.000050 0.000066 0.000084 0.000106 0.000130 0.000156 0.000184 0.000212 0.000239 0.000263 0.000284 0.000300 0.000310 0.000314 0.000310 0.000300 0.000284 0.000263 0.000239 0.000212 0.000184 0.000156 0.000130 0.000106 0.000084 0.000066 0.000050 0.000037 0.000027 0.000019 0.000014 0.000009 0.000006 0.000004 0.000003 0.000002 0.000001 0.000001 0.000000 0.000000 0.000000 0.000000 0.000000 0.000000 0.000000 0.000000 0.000000 0.000000 0.000000 0.000000 0.000000 0.000000 0.000000 0.000000 0.000000 0.000000 0.000000 0.000000 0.000000 0.000000 0.000000 0.000000 0.000000 
0.000000 0.000000 0.000000 0.000000 0.000000 0.000000 0.000000 0.000000 0.000000 0.000000 0.000000 0.000000 0.000000 0.000000 0.000000 0.000000 0.000000 0.000000 0.000000 0.000000 0.000000 0.000000 0.000000 0.000000 0.000000 0.000001 0.000001 0.000002 0.000003 0.000006 0.000009 0.000013 0.000020 0.000028 0.000041 0.000057 0.000078 0.000104 0.000136 0.000175 0.000219 0.000269 0.000324 0.000381 0.000439 0.000495 0.000546 0.000589 0.000622 0.000642 0.000649 0.000642 0.000622 0.000589 0.000546 0.000495 0.000439 0.000381 0.000324 0.000269 0.000219 0.000175 0.000136 0.000104 0.000078 0.000057 0.000041 0.000028 0.000020 0.000013 0.000009 0.000006 0.000003 0.000002 0.000001 0.000001 0.000000 0.000000 0.000000 0.000000 0.000000 0.000000 0.000000 0.000000 0.000000 0.000000 0.000000 0.000000 0.000000 0.000000 0.000000 0.000000 0.000000 0.000000 0.000000 0.000000 0.000000 0.000000 0.000000 0.000000 
0.000000 0.000000 0.000000 0.000000 0.000000 0.000000 0.000000 0.000000 0.000000 0.000000 0.000000 0.000000 0.000000 0.000000 0.000000 0.000000 0.000000 0.000000 0.000000 0.000000 0.000000 0.000000 0.000000 0.000001 0.000001 0.000002 0.000003 0.000004 0.000007 0.000011 0.000018 0.000027 0.000040 0.000058 0.000083 0.000116 0.000159 0.000212 0.000278 0.000356 0.000447 0.000549 0.000659 0.000776 0.000893 0.001006 0.001109 0.001196 0.001263 0.001304 0.001319 0.001304 0.001263 0.001196 0.001109 0.001006 0.000893 0.000776 0.000659 0.000549 0.000447 0.000356 0.000278 0.000212 0.000159 0.000116 0.000083 0.000058 0.000040 0.000027 0.000018 0.000011 0.000007 0.000004 0.000003 0.000002 0.000001 0.000001 0.000000 0.000000 0.000000 0.000000 0.000000 0.000000 0.000000 0.000000 0.000000 0.000000 0.000000 0.000000 0.000000 0.000000 0.000000 0.000000 0.000000 0.000000 0.000000 0.000000 0.000000 0.000000 
0.000000 0.000000 0.000000 0.000000 0.000000 0.000000 0.000000 0.000000 0.000000 0.000000 0.000000 0.000000 0.000000 0.000000 0.000000 0.000000 0.000000 0.000000 0.000000 0.000000 0.000000 0.000000 0.000001 0.000001 0.000002 0.000003 0.000005 0.000009 0.000015 0.000023 0.000036 0.000054 0.000081 0.000117 0.000167 0.000233 0.000318 0.000425 0.000556 0.000712 0.000893 0.001096 0.001317 0.001548 0.001782 0.002006 0.002211 0.002385 0.002517 0.002600 0.002628 0.002600 0.002517 0.002385 0.002211 0.002006 0.001782 0.001548 0.001317 0.001096 0.000893 0.000712 0.000556 0.000425 0.000318 0.000233 0.000167 0.000117 0.000081 0.000054 0.000036 0.000023 0.000015 0.000009 0.000005 0.000003 0.000002 0.000001 0.000001 0.000000 0.000000 0.000000 0.000000 0.000000 0.000000 0.000000 0.000000 0.000000 0.000000 0.000000 0.000000 0.000000 0.000000 0.000000 0.000000 0.000000 0.000000 0.000000 0.000000 0.000000 
0.000000 0.000000 0.000000 0.000000 0.000000 0.000000 0.000000 0.000000 0.000000 0.000000 0.000000 0.000000 0.000000 0.000000 0.000000 0.000000 0.000000 0.000000 0.000000 0.000000 0.000000 0.000001 0.000001 0.000002 0.000004 0.000006 0.000011 0.000018 0.000029 0.000046 0.000071 0.000107 0.000159 0.000231 0.000329 0.000458 0.000625 0.000835 0.001092 0.001398 0.001752 0.002149 0.002580 0.003032 0.003488 0.003927 0.004327 0.004666 0.004924 0.005086 0.005141 0.005086 0.004924 0.004666 0.004327 0.003927 0.003488 0.003032 0.002580 0.002149 0.001752 0.001398 0.001092 0.000835 0.000625 0.000458 0.000329 0.000231 0.000159 0.000107 0.000071 0.000046 0.000029 0.000018 0.000011 0.000006 0.000004 0.000002 0.000001 0.000001 0.000000 0.000000 0.000000 0.000000 0.000000 0.000000 0.000000 0.000000 0.000000 0.000000 0.000000 0.000000 0.000000 0.000000 0.000000 0.000000 0.000000 0.000000 0.000000 0.000000 
0.000000 0.000000 0.000000 0.000000 0.000000 0.000000 0.000000 0.000000 0.000000 0.000000 0.000000 0.000000 0.000000 0.000000 0.000000 0.000000 0.000000 0.000000 0.000000 0.000000 0.000001 0.000001 0.000002 0.000004 0.000007 0.000013 0.000021 0.000035 0.000056 0.000089 0.000137 0.000208 0.000308 0.000447 0.000636 0.000885 0.001206 0.001610 0.002104 0.002692 0.003372 0.004134 0.004961 0.005827 0.006700 0.007541 0.008307 0.008956 0.009450 0.009760 0.009866 0.009760 0.009450 0.008956 0.008307 0.007541 0.006700 0.005827 0.004961 0.004134 0.003372 0.002692 0.002104 0.001610 0.001206 0.000885 0.000636 0.000447 0.000308 0.000208 0.000137 0.000089 0.000056 0.000035 0.000021 0.000013 0.000007 0.000004 0.000002 0.000001 0.000001 0.000000 0.000000 0.000000 0.000000 0.000000 0.000000 0.000000 0.000000 0.000000 0.000000 0.000000 0.000000 0.000000 0.000000 0.000000 0.000000 0.000000 0.000000 0.000000 
0.000000 0.000000 0.000000 0.000000 0.000000 0.000000 0.000000 0.000000 0.000000 0.000000 0.000000 0.000000 0.000000 0.000000 0.000000 0.000000 0.000000 0.000000 0.000000 0.000001 0.000001 0.000002 0.000005 0.000008 0.000014 0.000024 0.000041 0.000067 0.000107 0.000169 0.000261 0.000395 0.000585 0.000848 0.001205 0.001676 0.002283 0.003045 0.003977 0.005085 0.006365 0.007799 0.009356 0.010986 0.012627 0.014207 0.015646 0.016865 0.017794 0.018376 0.018574 0.018376 0.017794 0.016865 0.015646 0.014207 0.012627 0.010986 0.009356 0.007799 0.006365 0.005085 0.003977 0.003045 0.002283 0.001676 0.001205 0.000848 0.000585 0.000395 0.000261 0.000169 0.000107 0.000067 0.000041 0.000024 0.000014 0.000008 0.000005 0.000002 0.000001 0.000001 0.000000 0.000000 0.000000 0.000000 0.000000 0.000000 0.000000 0.000000 0.000000 0.000000 0.000000 0.000000 0.000000 0.000000 0.000000 0.000000 0.000000 0.000000 
0.000000 0.000000 0.000000 0.000000 0.000000 0.000000 0.000000 0.000000 0.000000 0.000000 0.000000 0.000000 0.000000 0.000000 0.000000 0.000000 0.000000 0.000000 0.000001 0.000001 0.000003 0.000005 0.000009 0.000015 0.000027 0.000045 0.000076 0.000125 0.000200 0.000316 0.000487 0.000736 0.001089 0.001578 0.002240 0.003114 0.004238 0.005649 0.007373 0.009421 0.011786 0.014435 0.017308 0.020316 0.023344 0.026257 0.028909 0.031157 0.032869 0.033941 0.034306 0.033941 0.032869 0.031157 0.028909 0.026257 0.023344 0.020316 0.017308 0.014435 0.011786 0.009421 0.007373 0.005649 0.004238 0.003114 0.002240 0.001578 0.001089 0.000736 0.000487 0.000316 0.000200 0.000125 0.000076 0.000045 0.000027 0.000015 0.000009 0.000005 0.000003 0.000001 0.000001 0.000000 0.000000 0.000000 0.000000 0.000000 0.000000 0.000000 0.000000 0.000000 0.000000 0.000000 0.000000 0.000000 0.000000 0.000000 0.000000 0.000000 
0.000000 0.000000 0.000000 0.000000 0.000000 0.000000 0.000000 0.000000 0.000000 0.000000 0.000000 0.000000 0.000000 0.000000 0.000000 0.000000 0.000000 0.000001 0.000001 0.000002 0.000005 0.000009 0.000016 0.000028 0.000049 0.000084 0.000140 0.000229 0.000368 0.000578 0.000891 0.001345 0.001988 0.002880 0.004084 0.005673 0.007717 0.010279 0.013406 0.017121 0.021407 0.026206 0.031408 0.036853 0.042331 0.047600 0.052397 0.056461 0.059556 0.061494 0.062154 0.061494 0.059556 0.056461 0.052397 0.047600 0.042331 0.036853 0.031408 0.026206 0.021407 0.017121 0.013406 0.010279 0.007717 0.005673 0.004084 0.002880 0.001988 0.001345 0.000891 0.000578 0.000368 0.000229 0.000140 0.000084 0.000049 0.000028 0.000016 0.000009 0.000005 0.000002 0.000001 0.000001 0.000000 0.000000 0.000000 0.000000 0.000000 0.000000 0.000000 0.000000 0.000000 0.000000 0.000000 0.000000 0.000000 0.000000 0.000000 0.000000 
0.000000 0.000000 0.000000 0.000000 0.000000 0.000000 0.000000 0.000000 0.000000 0.000000 0.000000 0.000000 0.000000 0.000000 0.000000 0.000000 0.000001 0.000001 0.000002 0.000005 0.000009 0.000016 0.000029 0.000051 0.000088 0.000151 0.000252 0.000412 0.000661 0.001038 0.001599 0.002411 0.003561 0.005153 0.007303 0.010137 0.013779 0.018341 0.023907 0.030514 0.038134 0.046662 0.055902 0.065568 0.075291 0.084640 0.093150 0.100357 0.105845 0.109281 0.110451 0.109281 0.105845 0.100357 0.093150 0.084640 0.075291 0.065568 0.055902 0.046662 0.038134 0.030514 0.023907 0.018341 0.013779 0.010137 0.007303 0.005153 0.003561 0.002411 0.001599 0.001038 0.000661 0.000412 0.000252 0.000151 0.000088 0.000051 0.000029 0.000016 0.000009 0.000005 0.000002 0.000001 0.000001 0.000000 0.000000 0.000000 0.000000 0.000000 0.000000 0.000000 0.000000 0.000000 0.000000 0.000000 0.000000 0.000000 0.000000 0.000000 
0.000000 0.000000 0.000000 0.000000 0.000000 0.000000 0.000000 0.000000 0.000000 0.000000 0.000000 0.000000 0.000000 0.000000 0.000000 0.000001 0.000001 0.000002 0.000004 0.000008 0.000015 0.000028 0.000051 0.000090 0.000156 0.000266 0.000445 0.000727 0.001165 0.001828 0.002812 0.004237 0.006254 0.009043 0.012805 0.017761 0.024126 0.032094 0.041810 0.053335 0.066621 0.081483 0.097579 0.114411 0.131337 0.147608 0.162413 0.174950 0.184496 0.190472 0.192507 0.190472 0.184496 0.174950 0.162413 0.147608 0.131337 0.114411 0.097579 0.081483 0.066621 0.053335 0.041810 0.032094 0.024126 0.017761 0.012805 0.009043 0.006254 0.004237 0.002812 0.001828 0.001165 0.000727 0.000445 0.000266 0.000156 0.000090 0.000051 0.000028 0.000015 0.000008 0.000004 0.000002 0.000001 0.000001 0.000000 0.000000 0.000000 0.000000 0.000000 0.000000 0.000000 0.000000 0.000000 0.000000 0.000000 0.000000 0.000000 0.000000 
0.000000 0.000000 0.000000 0.000000 0.000000 0.000000 0.000000 0.000000 0.000000 0.000000 0.000000 0.000000 0.000000 0.000000 0.000000 0.000001 0.000002 0.000004 0.000007 0.000014 0.000027 0.000049 0.000088 0.000156 0.000272 0.000462 0.000770 0.001257 0.002013 0.003157 0.004851 0.007302 0.010769 0.015558 0.022015 0.030513 0.041422 0.055069 0.071699 0.091415 0.114134 0.139535 0.167033 0.195779 0.224678 0.252448 0.277712 0.299102 0.315386 0.325579 0.329050 0.325579 0.315386 0.299102 0.277712 0.252448 0.224678 0.195779 0.167033 0.139535 0.114134 0.091415 0.071699 0.055069 0.041422 0.030513 0.022015 0.015558 0.010769 0.007302 0.004851 0.003157 0.002013 0.001257 0.000770 0.000462 0.000272 0.000156 0.000088 0.000049 0.000027 0.000014 0.000007 0.000004 0.000002 0.000001 0.000000 0.000000 0.000000 0.000000 0.000000 0.000000 0.000000 0.000000 0.000000 0.000000 0.000000 0.000000 0.000000 0.000000 
0.000000 0.000000 0.000000 0.000000 0.000000 0.000000 0.000000 0.000000 0.000000 0.000000 0.000000 0.000000 0.000000 0.000000 0.000001 0.000002 0.000003 0.000006 0.000013 0.000024 0.000045 0.000084 0.000151 0.000266 0.000462 0.000785 0.001306 0.002132 0.003409 0.005342 0.008201 0.012336 0.018179 0.026242 0.037109 0.051398 0.069729 0.092648 0.120560 0.153637 0.191731 0.234303 0.280374 0.328518 0.376902 0.423386 0.465664 0.501454 0.528696 0.545748 0.551554 0.545748 0.528696 0.501454 0.465664 0.423386 0.376902 0.328518 0.280374 0.234303 0.191731 0.153637 0.120560 0.092648 0.069729 0.051398 0.037109 0.026242 0.018179 0.012336 0.008201 0.005342 0.003409 0.002132 0.001306 0.000785 0.000462 0.000266 0.000151 0.000084 0.000045 0.000024 0.000013 0.000006 0.000003 0.000002 0.000001 0.000000 0.000000 0.000000 0.000000 0.000000 0.000000 0.000000 0.000000 0.000000 0.000000 0.000000 0.000000 0.000000 
0.000000 0.000000 0.000000 0.000000 0.000000 0.000000 0.000000 0.000000 0.000000 0.000000 0.000000 0.000000 0.000000 0.000001 0.000001 0.000003 0.000005 0.000011 0.000021 0.000041 0.000076 0.000140 0.000252 0.000445 0.000770 0.001306 0.002173 0.003543 0.005660 0.008862 0.013594 0.020430 0.030083 0.043395 0.061321 0.084880 0.115082 0.152822 0.198758 0.253167 0.315800 0.385767 0.461455 0.540522 0.619960 0.696259 0.765640 0.824364 0.869056 0.897029 0.906552 0.897029 0.869056 0.824364 0.765640 0.696259 0.619960 0.540522 0.461455 0.385767 0.315800 0.253167 0.198758 0.152822 0.115082 0.084880 0.061321 0.043395 0.030083 0.020430 0.013594 0.008862 0.005660 0.003543 0.002173 0.001306 0.000770 0.000445 0.000252 0.000140 0.000076 0.000041 0.000021 0.000011 0.000005 0.000003 0.000001 0.000001 0.000000 0.000000 0.000000 0.000000 0.000000 0.000000 0.000000 0.000000 0.000000 0.000000 0.000000 0.000000 
0.000000 0.000000 0.000000 0.000000 0.000000 0.000000 0.000000 0.000000 0.000000 0.000000 0.000000 0.000000 0.000000 0.000001 0.000002 0.000004 0.000009 0.000018 0.000035 0.000067 0.000125 0.000229 0.000412 0.000727 0.001257 0.002132 0.003543 0.005771 0.009211 0.014408 0.022084 0.033165 0.048799 0.070344 0.099336 0.137415 0.186200 0.247128 0.321250 0.409000 0.509970 0.622717 0.744640 0.871964 0.999849 1.122650 1.234296 1.328777 1.400672 1.445669 1.460988 1.445669 1.400672 1.328777 1.234296 1.122650 0.999849 0.871964 0.744640 0.622717 0.509970 0.409000 0.321250 0.247128 0.186200 0.137415 0.099336 0.070344 0.048799 0.033165 0.022084 0.014408 0.009211 0.005771 0.003543 0.002132 0.001257 0.000727 0.000412 0.000229 0.000125 0.000067 0.000035 0.000018 0.000009 0.000004 0.000002 0.000001 0.000000 0.000000 0.000000 0.000000 0.000000 0.000000 0.000000 0.000000 0.000000 0.000000 0.000000 0.000000 
0.000000 0.000000 0.000000 0.000000 0.000000 0.000000 0.000000 0.000000 0.000000 0.000000 0.000000 0.000000 0.000001 0.000002 0.000003 0.000007 0.000015 0.000029 0.000056 0.000107 0.000200 0.000368 0.000661 0.001165 0.002013 0.003409 0.005660 0.009211 0.014691 0.022960 0.035164 0.052769 0.077589 0.111770 0.157736 0.218071 0.295325 0.391758 0.509014 0.647763 0.807349 0.985478 1.178039 1.379066 1.580926 1.774716 1.950867 2.099912 2.213316 2.284286 2.308446 2.284286 2.213316 2.099912 1.950867 1.774716 1.580926 1.379066 1.178039 0.985478 0.807349 0.647763 0.509014 0.391758 0.295325 0.218071 0.157736 0.111770 0.077589 0.052769 0.035164 0.022960 0.014691 0.009211 0.005660 0.003409 0.002013 0.001165 0.000661 0.000368 0.000200 0.000107 0.000056 0.000029 0.000015 0.000007 0.000003 0.000002 0.000001 0.000000 0.000000 0.000000 0.000000 0.000000 0.000000 0.000000 0.000000 0.000000 0.000000 0.000000 
0.000000 0.000000 0.000000 0.000000 0.000000 0.000000 0.000000 0.000000 0.000000 0.000000 0.000000 0.000001 0.000001 0.000003 0.000006 0.000011 0.000023 0.000046 0.000089 0.000169 0.000316 0.000578 0.001038 0.001828 0.003157 0.005342 0.008862 0.014408 0.022960 0.035857 0.054874 0.082289 0.120910 0.174064 0.245501 0.339212 0.459136 0.608755 0.790594 1.005670 1.252943 1.528849 1.827006 2.138181 2.450565 2.750392 3.022879 3.253401 3.428779 3.538525 3.575884 3.538525 3.428779 3.253401 3.022879 2.750392 2.450565 2.138181 1.827006 1.528849 1.252943 1.005670 0.790594 0.608755 0.459136 0.339212 0.245501 0.174064 0.120910 0.082289 0.054874 0.035857 0.022960 0.014408 0.008862 0.005342 0.003157 0.001828 0.001038 0.000578 0.000316 0.000169 0.000089 0.000046 0.000023 0.000011 0.000006 0.000003 0.000001 0.000001 0.000000 0.000000 0.000000 0.000000 0.000000 0.000000 0.000000 0.000000 0.000000 0.000000 
0.000000 0.000000 0.000000 0.000000 0.000000 0.000000 0.000000 0.000000 0.000000 0.000000 0.000000 0.000001 0.000002 0.000004 0.000009 0.000018 0.000036 0.000071 0.000137 0.000261 0.000487 0.000891 0.001599 0.002812 0.004851 0.008201 0.013594 0.022084 0.035164 0.054874 0.083918 0.125757 0.184660 0.265675 0.374493 0.517161 0.699639 0.927189 1.203616 1.530431 1.906023 2.324958 2.777537 3.249741 3.723662 4.178436 4.591669 4.941212 5.207109 5.373488 5.430124 5.373488 5.207109 4.941212 4.591669 4.178436 3.723662 3.249741 2.777537 2.324958 1.906023 1.530431 1.203616 0.927189 0.699639 0.517161 0.374493 0.265675 0.184660 0.125757 0.083918 0.054874 0.035164 0.022084 0.013594 0.008201 0.004851 0.002812 0.001599 0.000891 0.000487 0.000261 0.000137 0.000071 0.000036 0.000018 0.000009 0.000004 0.000002 0.000001 0.000000 0.000000 0.000000 0.000000 0.000000 0.000000 0.000000 0.000000 0.000000 0.000000 
0.000000 0.000000 0.000000 0.000000 0.000000 0.000000 0.000000 0.000000 0.000000 0.000000 0.000001 0.000001 0.000003 0.000006 0.000013 0.000027 0.000054 0.000107 0.000208 0.000395 0.000736 0.001345 0.002411 0.004237 0.007302 0.012336 0.020430 0.033165 0.052769 0.082289 0.125757 0.188333 0.276375 0.397397 0.559857 0.772740 1.044891 1.384103 1.795996 2.282774 2.841998 3.465546 4.138964 4.841396 5.546214 6.222421 6.836756 7.356335 7.751539 7.998811 8.082981 7.998811 7.751539 7.356335 6.836756 6.222421 5.546214 4.841396 4.138964 3.465546 2.841998 2.282774 1.795996 1.384103 1.044891 0.772740 0.559857 0.397397 0.276375 0.188333 0.125757 0.082289 0.052769 0.033165 0.020430 0.012336 0.007302 0.004237 0.002411 0.001345 0.000736 0.000395 0.000208 0.000107 0.000054 0.000027 0.000013 0.000006 0.000003 0.000001 0.000001 0.000000 0.000000 0.000000 0.000000 0.000000 0.000000 0.000000 0.000000 0.000000 
0.000000 0.000000 0.000000 0.000000 0.000000 0.000000 0.000000 0.000000 0.000000 0.000000 0.000001 0.000002 0.000004 0.000009 0.000020 0.000040 0.000081 0.000159 0.000308 0.000585 0.001089 0.001988 0.003561 0.006254 0.010769 0.018179 0.030083 0.048799 0.077589 0.120910 0.184660 0.276375 0.405339 0.582508 0.820213 1.131537 1.529346 2.024958 2.626512 3.337162 4.153289 5.062998 6.045182 7.069420 8.096907 9.082494 9.977758 10.734837 11.310635 11.670878 11.793498 11.670878 11.310635 10.734837 9.977758 9.082494 8.096907 7.069420 6.045182 5.062998 4.153289 3.337162 2.626512 2.024958 1.529346 1.131537 0.820213 0.582508 0.405339 0.276375 0.184660 0.120910 0.077589 0.048799 0.030083 0.018179 0.010769 0.006254 0.003561 0.001988 0.001089 0.000585 0.000308 0.000159 0.000081 0.000040 0.000020 0.000009 0.000004 0.000002 0.000001 0.000000 0.000000 0.000000 0.000000 0.000000 0.000000 0.000000 0.000000 0.000000 
0.000000 0.000000 0.000000 0.000000 0.000000 0.000000 0.000000 0.000000 0.000000 0.000001 0.000001 0.000003 0.000006 0.000014 0.000028 0.000058 0.000117 0.000231 0.000447 0.000848 0.001578 0.002880 0.005153 0.009043 0.015558 0.026242 0.043395 0.070344 0.111770 0.174064 0.265675 0.397397 0.582508 0.836676 1.177515 1.623700 2.193574 2.903256 3.764303 4.781136 5.948503 7.249333 8.653415 10.117260 11.585436 12.993485 14.272301 15.353598 16.175906 16.690344 16.865444 16.690344 16.175906 15.353598 14.272301 12.993485 11.585436 10.117260 8.653415 7.249333 5.948503 4.781136 3.764303 2.903256 2.193574 1.623700 1.177515 0.836676 0.582508 0.397397 0.265675 0.174064 0.111770 0.070344 0.043395 0.026242 0.015558 0.009043 0.005153 0.002880 0.001578 0.000848 0.000447 0.000231 0.000117 0.000058 0.000028 0.000014 0.000006 0.000003 0.000001 0.000001 0.000000 0.000000 0.000000 0.000000 0.000000 0.000000 0.000000 0.000000 
0.000000 0.000000 0.000000 0.000000 0.000000 0.000000 0.000000 0.000000 0.000000 0.000001 0.000002 0.000004 0.000009 0.000019 0.000041 0.000083 0.000167 0.000329 0.000636 0.001205 0.002240 0.004084 0.007303 0.012805 0.022015 0.037109 0.061321 0.099336 0.157736 0.245501 0.374493 0.559857 0.820213 1.177515 1.656426 2.283071 3.083093 4.078987 5.286842 6.712744 8.349223 10.172277 12.139528 14.190043 16.246211 18.217833 20.008238 21.521934 22.672975 23.393027 23.638106 23.393027 22.672975 21.521934 20.008238 18.217833 16.246211 14.190043 12.139528 10.172277 8.349223 6.712744 5.286842 4.078987 3.083093 2.283071 1.656426 1.177515 0.820213 0.559857 0.374493 0.245501 0.157736 0.099336 0.061321 0.037109 0.022015 0.012805 0.007303 0.004084 0.002240 0.001205 0.000636 0.000329 0.000167 0.000083 0.000041 0.000019 0.000009 0.000004 0.000002 0.000001 0.000000 0.000000 0.000000 0.000000 0.000000 0.000000 0.000000 0.000000 
0.000000 0.000000 0.000000 0.000000 0.000000 0.000000 0.000000 0.000000 0.000001 0.000001 0.000003 0.000006 0.000013 0.000027 0.000057 0.000116 0.000233 0.000458 0.000885 0.001676 0.003114 0.005673 0.010137 0.017761 0.030513 0.051398 0.084880 0.137415 0.218071 0.339212 0.517161 0.772740 1.131537 1.623700 2.283071 3.145478 4.246049 5.615562 7.275979 9.235508 11.483756 13.987654 16.688947 19.503963 22.326209 25.031971 27.488707 29.565529 31.144651 32.132445 32.468643 32.132445 31.144651 29.565529 27.488707 25.031971 22.326209 19.503963 16.688947 13.987654 11.483756 9.235508 7.275979 5.615562 4.246049 3.145478 2.283071 1.623700 1.131537 0.772740 0.517161 0.339212 0.218071 0.137415 0.084880 0.051398 0.030513 0.017761 0.010137 0.005673 0.003114 0.001676 0.000885 0.000458 0.000233 0.000116 0.000057 0.000027 0.000013 0.000006 0.000003 0.000001 0.000001 0.000000 0.000000 0.000000 0.000000 0.000000 0.000000 0.000000 
0.000000 0.000000 0.000000 0.000000 0.000000 0.000000 0.000000 0.000000 0.000001 0.000002 0.000004 0.000008 0.000018 0.000037 0.000078 0.000159 0.000318 0.000625 0.001206 0.002283 0.004238 0.007717 0.013779 0.024126 0.041422 0.069729 0.115082 0.186200 0.295325 0.459136 0.699639 1.044891 1.529346 2.193574 3.083093 4.246049 5.729612 7.575059 9.811774 12.450622 15.477442 18.847595 22.482608 26.269891 30.066229 33.705326 37.009082 39.801655 41.924841 43.252897 43.704893 43.252897 41.924841 39.801655 37.009082 33.705326 30.066229 26.269891 22.482608 18.847595 15.477442 12.450622 9.811774 7.575059 5.729612 4.246049 3.083093 2.193574 1.529346 1.044891 0.699639 0.459136 0.295325 0.186200 0.115082 0.069729 0.041422 0.024126 0.013779 0.007717 0.004238 0.002283 0.001206 0.000625 0.000318 0.000159 0.000078 0.000037 0.000018 0.000008 0.000004 0.000002 0.000001 0.000000 0.000000 0.000000 0.000000 0.000000 0.000000 0.000000 
0.000000 0.000000 0.000000 0.000000 0.000000 0.000000 0.000000 0.000000 0.000001 0.000002 0.000005 0.000011 0.000024 0.000050 0.000104 0.000212 0.000425 0.000835 0.001610 0.003045 0.005649 0.010279 0.018341 0.032094 0.055069 0.092648 0.152822 0.247128 0.391758 0.608755 0.927189 1.384103 2.024958 2.903256 4.078987 5.615562 7.575059 10.011737 12.964135 16.446358 20.439518 24.884580 29.677966 34.671205 39.675558 44.471957 48.825857 52.505741 55.303350 57.053176 57.648704 57.053176 55.303350 52.505741 48.825857 44.471957 39.675558 34.671205 29.677966 24.884580 20.439518 16.446358 12.964135 10.011737 7.575059 5.615562 4.078987 2.903256 2.024958 1.384103 0.927189 0.608755 0.391758 0.247128 0.152822 0.092648 0.055069 0.032094 0.018341 0.010279 0.005649 0.003045 0.001610 0.000835 0.000425 0.000212 0.000104 0.000050 0.000024 0.000011 0.000005 0.000002 0.000001 0.000000 0.000000 0.000000 0.000000 0.000000 0.000000 0.000000 
0.000000 0.000000 0.000000 0.000000 0.000000 0.000000 0.000000 0.000001 0.000001 0.000003 0.000007 0.000014 0.000031 0.000066 0.000136 0.000278 0.000556 0.001092 0.002104 0.003977 0.007373 0.013406 0.023907 0.041810 0.071699 0.120560 0.198758 0.321250 0.509014 0.790594 1.203616 1.795996 2.626512 3.764303 5.286842 7.275979 9.811774 12.964135 16.782613 21.285165 26.447130 32.192019 38.385874 44.836848 51.301193 57.496104 63.118878 67.870791 71.483166 73.742507 74.511425 73.742507 71.483166 67.870791 63.118878 57.496104 51.301193 44.836848 38.385874 32.192019 26.447130 21.285165 16.782613 12.964135 9.811774 7.275979 5.286842 3.764303 2.626512 1.795996 1.203616 0.790594 0.509014 0.321250 0.198758 0.120560 0.071699 0.041810 0.023907 0.013406 0.007373 0.003977 0.002104 0.001092 0.000556 0.000278 0.000136 0.000066 0.000031 0.000014 0.000007 0.000003 0.000001 0.000001 0.000000 0.000000 0.000000 0.000000 0.000000 0.000000 
0.000000 0.000000 0.000000 0.000000 0.000000 0.000000 0.000000 0.000001 0.000002 0.000004 0.000008 0.000018 0.000040 0.000084 0.000175 0.000356 0.000712 0.001398 0.002692 0.005085 0.009421 0.017121 0.030514 0.053335 0.091415 0.153637 0.253167 0.409000 0.647763 1.005670 1.530431 2.282774 3.337162 4.781136 6.712744 9.235508 12.450622 16.446358 21.285165 26.989467 33.527742 40.802905 48.645209 56.811751 64.994069 72.834403 79.949919 85.962893 90.533642 93.392278 94.365134 93.392278 90.533642 85.962893 79.949919 72.834403 64.994069 56.811751 48.645209 40.802905 33.527742 26.989467 21.285165 16.446358 12.450622 9.235508 6.712744 4.781136 3.337162 2.282774 1.530431 1.005670 0.647763 0.409000 0.253167 0.153637 0.091415 0.053335 0.030514 0.017121 0.009421 0.005085 0.002692 0.001398 0.000712 0.000356 0.000175 0.000084 0.000040 0.000018 0.000008 0.000004 0.000002 0.000001 0.000000 0.000000 0.000000 0.000000 0.000000 0.000000 
0.000000 0.000000 0.000000 0.000000 0.000000 0.000000 0.000000 0.000001 0.000002 0.000005 0.000011 0.000023 0.000050 0.000106 0.000219 0.000447 0.000893 0.001752 0.003372 0.006365 0.011786 0.021407 0.038134 0.066621 0.114134 0.191731 0.315800 0.509970 0.807349 1.252943 1.906023 2.841998 4.153289 5.948503 8.349223 11.483756 15.477442 20.439518 26.447130 33.527742 41.641911 50.668923 60.398038 70.527914 80.676053 90.398974 99.222227 106.677776 112.344784 115.888910 117.095031 115.888910 112.344784 106.677776 99.222227 90.398974 80.676053 70.527914 60.398038 50.668923 41.641911 33.527742 26.447130 20.439518 15.477442 11.483756 8.349223 5.948503 4.153289 2.841998 1.906023 1.252943 0.807349 0.509970 0.315800 0.191731 0.114134 0.066621 0.038134 0.021407 0.011786 0.006365 0.003372 0.001752 0.000893 0.000447 0.000219 0.000106 0.000050 0.000023 0.000011 0.000005 0.000002 0.000001 0.000000 0.000000 0.000000 0.000000 0.000000 0.000000 
0.000000 0.000000 0.000000 0.000000 0.000000 0.000000 0.000000 0.000001 0.000003 0.000006 0.000013 0.000029 0.000061 0.000130 0.000269 0.000549 0.001096 0.002149 0.004134 0.007799 0.014435 0.026206 0.046662 0.081483 0.139535 0.234303 0.385767 0.622717 0.985478 1.528849 2.324958 3.465546 5.062998 7.249333 10.172277 13.987654 18.847595 24.884580 32.192019 40.802905 50.668923 61.643046 73.468948 85.780344 98.112503 109.926750 120.646926 129.704750 136.589312 140.894750 142.359932 140.894750 136.589312 129.704750 120.646926 109.926750 98.112503 85.780344 73.468948 61.643046 50.668923 40.802905 32.192019 24.884580 18.847595 13.987654 10.172277 7.249333 5.062998 3.465546 2.324958 1.528849 0.985478 0.622717 0.385767 0.234303 0.139535 0.081483 0.046662 0.026206 0.014435 0.007799 0.004134 0.002149 0.001096 0.000549 0.000269 0.000130 0.000061 0.000029 0.000013 0.000006 0.000003 0.000001 0.000000 0.000000 0.000000 0.000000 0.000000 0.000000 
0.000000 0.000000 0.000000 0.000000 0.000000 0.000000 0.000001 0.000001 0.000003 0.000007 0.000016 0.000034 0.000074 0.000156 0.000324 0.000659 0.001317 0.002580 0.004961 0.009356 0.017308 0.031408 0.055902 0.097579 0.167033 0.280374 0.461455 0.744640 1.178039 1.827006 2.777537 4.138964 6.045182 8.653415 12.139528 16.688947 22.482608 29.677966 38.385874 48.645209 60.398038 73.468948 87.552499 102.212484 116.895661 130.960935 143.722727 154.504936 162.699782 167.824485 169.568445 167.824485 162.699782 154.504936 143.722727 130.960935 116.895661 102.212484 87.552499 73.468948 60.398038 48.645209 38.385874 29.677966 22.482608 16.688947 12.139528 8.653415 6.045182 4.138964 2.777537 1.827006 1.178039 0.744640 0.461455 0.280374 0.167033 0.097579 0.055902 0.031408 0.017308 0.009356 0.004961 0.002580 0.001317 0.000659 0.000324 0.000156 0.000074 0.000034 0.000016 0.000007 0.000003 0.000001 0.000001 0.000000 0.000000 0.000000 0.000000 0.000000 
0.000000 0.000000 0.000000 0.000000 0.000000 0.000000 0.000001 0.000002 0.000004 0.000008 0.000018 0.000040 0.000087 0.000184 0.000381 0.000776 0.001548 0.003032 0.005827 0.010986 0.020316 0.036853 0.065568 0.114411 0.195779 0.328518 0.540522 0.871964 1.379066 2.138181 3.249741 4.841396 7.069420 10.117260 14.190043 19.503963 26.269891 34.671205 44.836848 56.811751 70.527914 85.780344 102.212484 119.315387 136.443770 152.850055 167.734929 180.310229 189.867507 195.844059 197.877881 195.844059 189.867507 180.310229 167.734929 152.850055 136.443770 119.315387 102.212484 85.780344 70.527914 56.811751 44.836848 34.671205 26.269891 19.503963 14.190043 10.117260 7.069420 4.841396 3.249741 2.138181 1.379066 0.871964 0.540522 0.328518 0.195779 0.114411 0.065568 0.036853 0.020316 0.010986 0.005827 0.003032 0.001548 0.000776 0.000381 0.000184 0.000087 0.000040 0.000018 0.000008 0.000004 0.000002 0.000001 0.000000 0.000000 0.000000 0.000000 0.000000 
