0.000000 0.000000 0.000000 0.000000 0.000000 0.000000 0.000000 0.000000 0.000000 0.000000 0.000000 0.000000 0.000000 0.000000 0.000000 0.000000 0.000000 0.000000 0.000000 0.000000 0.000000 0.000000 0.000000 0.000000 0.000000 0.000000 0.000000 0.000000 0.000000 0.000000 0.000000 0.000000 0.000000 0.000000 0.000000 0.000000 0.000000 0.000000 0.000000 0.000000 0.000000 0.000000 0.000000 0.000000 0.000000 0.000000 0.000000 0.000000 0.000000 0.000000 0.000000 0.000000 0.000000 0.000000 0.000000 0.000000 0.000000 0.000000 0.000000 0.000000 0.000000 0.000000 0.000000 0.000000 0.000000 0.000000 0.000000 0.000000 0.000000 0.000000 0.000000 0.000000 0.000000 0.000000 0.000000 0.000000 0.000000 0.000000 0.000000 0.000000 0.000000 0.000000 0.000000 0.000000 0.000000 0.000000 0.000000 0.000000 0.000000 0.000000 0.000000 0.000000 0.000000 0.000000 0.000000 0.000000 0.000000 0.000000 0.000000 0.000000 
0.000000 0.000000 0.000000 0.000000 0.000000 0.000000 0.000000 0.000000 0.000000 0.000000 0.000000 0.000000 0.000000 0.000000 0.000000 0.000000 0.000000 0.000000 0.000000 0.000000 0.000000 0.000000 0.000000 0.000000 0.000000 0.000000 0.000000 0.000000 0.000000 0.000000 0.000000 0.000000 0.000000 0.000000 0.000000 0.000000 0.000000 0.000000 0.000000 0.000000 0.000000 0.000000 0.000000 0.000000 0.000000 0.000000 0.000000 0.000000 0.000000 0.000000 0.000000 0.000000 0.000000 0.000000 0.000000 0.000000 0.000000 0.000000 0.000000 0.000000 0.000000 0.000000 0.000000 0.000000 0.000000 0.000000 0.000000 0.000000 0.000000 0.000000 0.000000 0.000000 0.000000 0.000000 0.000000 0.000000 0.000000 0.000000 0.000000 0.000000 0.000000 0.000000 0.000000 0.000000 0.000000 0.000000 0.000000 0.000000 0.000000 0.000000 0.000000 0.000000 0.000000 0.000000 0.000000 0.000000 0.000000 0.000000 0.000000 0.000000 
0.000000 0.000000 0.000000 0.000000 0.000000 0.000000 0.000000 0.000000 0.000000 0.000000 0.000000 0.000000 0.000000 0.000000 0.000000 0.000000 0.000000 0.000000 0.000000 0.000000 0.000000 0.000000 0.000000 0.000000 0.000000 0.000000 0.000000 0.000000 0.000000 0.000000 0.000000 0.000000 0.000000 0.000000 0.000000 0.000000 0.000000 0.000000 0.000000 0.000000 0.000000 0.000000 0.000000 0.000000 0.000000 0.000000 0.000000 0.000000 0.000000 0.000000 0.000000 0.000000 0.000000 0.000000 0.000000 0.000000 0.000000 0.000000 0.000000 0.000000 0.000000 0.000000 0.000000 0.000000 0.000000 0.000000 0.000000 0.000000 0.000000 0.000000 0.000000 0.000000 0.000000 0.000000 0.000000 0.000000 0.000000 0.000000 0.000000 0.000000 0.000000 0.000000 0.000000 0.000000 0.000000 0.000000 0.000000 0.000000 0.000000 0.000000 0.000000 0.000000 0.000000 0.000000 0.000000 0.000000 0.000000 0.000000 0.000000 0.000000 
0.000000 0.000000 0.000000 0.000000 0.000000 0.000000 0.000000 0.000000 0.000000 0.000000 0.000000 0.000000 0.000000 0.000000 0.000000 0.000000 0.000000 0.000000 0.000000 0.000000 0.000000 0.000000 0.000000 0.000000 0.000000 0.000000 0.000000 0.000000 0.000000 0.000000 0.000000 0.000000 0.000000 0.000000 0.000000 0.000000 0.000000 0.000000 0.000000 0.000000 0.000000 0.000000 0.000000 0.000000 0.000000 0.000000 0.000000 0.000000 0.000000 0.000000 0.000000 0.000000 0.000000 0.000000 0.000000 0.000000 0.000000 0.000000 0.000000 0.000000 0.000000 0.000000 0.000000 0.000000 0.000000 0.000000 0.000000 0.000000 0.000000 0.000000 0.000000 0.000000 0.000000 0.000000 0.000000 0.000000 0.000000 0.000000 0.000000 0.000000 0.000000 0.000000 0.000000 0.000000 0.000000 0.000000 0.000000 0.000000 0.000000 0.000000 0.000000 0.000000 0.000000 0.000000 0.000000 0.000000 0.000000 0.000000 0.000000 0.000000 
0.000000 0.000000 0.000000 0.000000 0.000000 0.000000 0.000000 0.000000 0.000000 0.000000 0.000000 0.000000 0.000000 0.000000 0.000000 0.000000 0.000000 0.000000 0.000000 0.000000 0.000000 0.000000 0.000000 0.000000 0.000000 0.000000 0.000000 0.000000 0.000000 0.000000 0.000000 0.000000 0.000000 0.000000 0.000000 0.000000 0.000000 0.000000 0.000000 0.000000 0.000000 0.000000 0.000000 0.000000 0.000000 0.000000 0.000000 0.000000 0.000000 0.000000 0.000000 0.000000 0.000000 0.000000 0.000000 0.000000 0.000000 0.000000 0.000000 0.000000 0.000000 0.000000 0.000000 0.000000 0.000000 0.000000 0.000000 0.000000 0.000000 0.000000 0.000000 0.000000 0.000000 0.000000 0.000000 0.000000 0.000000 0.000000 0.000000 0.000000 0.000000 0.000000 0.000000 0.000000 0.000000 0.000000 0.000000 0.000000 0.000000 0.000000 0.000000 0.000000 0.000000 0.000000 0.000000 0.000000 0.000000 0.000000 0.000000 0.000000 
0.000000 0.000000 0.000000 0.000000 0.000000 0.000000 0.000000 0.000000 0.000000 0.000000 0.000000 0.000000 0.000000 0.000000 0.000000 0.000000 0.000000 0.000000 0.000000 0.000000 0.000000 0.000000 0.000000 0.000000 0.000000 0.000000 0.000000 0.000000 0.000000 0.000000 0.000000 0.000000 0.000000 0.000000 0.000000 0.000000 0.000000 0.000000 0.000000 0.000000 0.000000 0.000000 0.000000 0.000000 0.000000 0.000000 0.000000 0.000000 0.000000 0.000000 0.000000 0.000000 0.000000 0.000000 0.000000 0.000000 0.000000 0.000000 0.000000 0.000000 0.000000 0.000000 0.000000 0.000000 0.000000 0.000000 0.000000 0.000000 0.000000 0.000000 0.000000 0.000000 0.000000 0.000000 0.000000 0.000000 0.000000 0.000000 0.000000 0.000000 0.000000 0.000000 0.000000 0.000000 0.000000 0.000000 0.000000 0.000000 0.000000 0.000000 0.000000 0.000000 0.000000 0.000000 0.000000 0.000000 0.000000 0.000000 0.000000 0.000000 
0.000000 0.000000 0.000000 0.000000 0.000000 0.000000 0.000000 0.000000 0.000000 0.000000 0.000000 0.000000 0.000000 0.000000 0.000000 0.000000 0.000000 0.000000 0.000000 0.000000 0.000000 0.000000 0.000000 0.000000 0.000000 0.000000 0.000000 0.000000 0.000000 0.000000 0.000000 0.000000 0.000000 0.000000 0.000000 0.000000 0.000000 0.000000 0.000000 0.000000 0.000000 0.000000 0.000000 0.000000 0.000000 0.000000 0.000000 0.000000 0.000000 0.000000 0.000000 0.000000 0.000000 0.000000 0.000000 0.000000 0.000000 0.000000 0.000000 0.000000 0.000000 0.000000 0.000000 0.000000 0.000000 0.000000 0.000000 0.000000 0.000000 0.000000 0.000000 0.000000 0.000000 0.000000 0.000000 0.000000 0.000000 0.000000 0.000000 0.000000 0.000000 0.000000 0.000000 0.000000 0.000000 0.000000 0.000000 0.000000 0.000000 0.000000 0.000000 0.000000 0.000000 0.000000 0.000000 0.000000 0.000000 0.000000 0.000000 0.000000 
0.000000 0.000000 0.000000 0.000000 0.000000 0.000000 0.000000 0.000000 0.000000 0.000000 0.000000 0.000000 0.000000 0.000000 0.000000 0.000000 0.000000 0.000000 0.000000 0.000000 0.000000 0.000000 0.000000 0.000000 0.000000 0.000000 0.000000 0.000000 0.000000 0.000000 0.000000 0.000000 0.000000 0.000000 0.000000 0.000000 0.000000 0.000000 0.000000 0.000000 0.000000 0.000000 0.000000 0.000000 0.000000 0.000000 0.000000 0.000000 0.000000 0.000000 0.000000 0.000000 0.000000 0.000000 0.000000 0.000000 0.000000 0.000000 0.000000 0.000000 0.000000 0.000000 0.000000 0.000000 0.000000 0.000000 0.000000 0.000000 0.000000 0.000000 0.000000 0.000000 0.000000 0.000000 0.000000 0.000000 0.000000 0.000000 0.000000 0.000000 0.000000 0.000000 0.000000 0.000000 0.000000 0.000000 0.000000 0.000000 0.000000 0.000000 0.000000 0.000000 0.000000 0.000000 0.000000 0.000000 0.000000 0.000000 0.000000 0.000000 
0.000000 0.000000 0.000000 0.000000 0.000000 0.000000 0.000000 0.000000 0.000000 0.000000 0.000000 0.000000 0.000000 0.000000 0.000000 0.000000 0.000000 0.000000 0.000000 0.000000 0.000000 0.000000 0.000000 0.000000 0.000000 0.000000 0.000000 0.000000 0.000000 0.000000 0.000000 0.000000 0.000000 0.000000 0.000000 0.000000 0.000000 0.000000 0.000000 0.000000 0.000000 0.000000 0.000000 0.000000 0.000000 0.000000 0.000000 0.000000 0.000000 0.000000 0.000000 0.000000 0.000000 0.000000 0.000000 0.000000 0.000000 0.000000 0.000000 0.000000 0.000000 0.000000 0.000000 0.000000 0.000000 0.000000 0.000000 0.000000 0.000000 0.000000 0.000000 0.000000 0.000000 0.000000 0.000000 0.000000 0.000000 0.000000 0.000000 0.000000 0.000000 0.000000 0.000000 0.000000 0.000000 0.000000 0.000000 0.000000 0.000000 0.000000 0.000000 0.000000 0.000000 0.000000 0.000000 0.000000 0.000000 0.000000 0.000000 0.000000 
0.000000 0.000000 0.000000 0.000000 0.000000 0.000000 0.000000 0.000000 0.000000 0.000000 0.000000 0.000000 0.000000 0.000000 0.000000 0.000000 0.000000 0.000000 0.000000 0.000000 0.000000 0.000000 0.000000 0.000000 0.000000 0.000000 0.000000 0.000000 0.000000 0.000000 0.000000 0.000000 0.000000 0.000000 0.000000 0.000000 0.000000 0.000000 0.000000 0.000000 0.000000 0.000000 0.000000 0.000000 0.000000 0.000001 0.000001 0.000001 0.000001 0.000001 0.000001 0.000001 0.000001 0.000001 0.000001 0.000001 0.000000 0.000000 0.000000 0.000000 0.000000 0.000000 0.000000 0.000000 0.000000 0.000000 0.000000 0.000000 0.000000 0.000000 0.000000 0.000000 0.000000 0.000000 0.000000 0.000000 0.000000 0.000000 0.000000 0.000000 0.000000 0.000000 0.000000 0.000000 0.000000 0.000000 0.000000 0.000000 0.000000 0.000000 0.000000 0.000000 0.000000 0.000000 0.000000 0.000000 0.000000 0.000000 0.000000 0.000000 
0.000000 0.000000 0.000000 0.000000 0.000000 0.000000 0.000000 0.000000 0.000000 0.000000 0.000000 0.000000 0.000000 0.000000 0.000000 0.000000 0.000000 0.000000 0.000000 0.000000 0.000000 0.000000 0.000000 0.000000 0.000000 0.000000 0.000000 0.000000 0.000000 0.000000 0.000000 0.000000 0.000000 0.000000 0.000000 0.000000 0.000000 0.000000 0.000000 0.000000 0.000000 0.000001 0.000001 0.000001 0.000001 0.000001 0.000001 0.000002 0.000002 0.000002 0.000002 0.000002 0.000002 0.000002 0.000001 0.000001 0.000001 0.000001 0.000001 0.000001 0.000000 0.000000 0.000000 0.000000 0.000000 0.000000 0.000000 0.000000 0.000000 0.000000 0.000000 0.000000 0.000000 0.000000 0.000000 0.000000 0.000000 0.000000 0.000000 0.000000 0.000000 0.000000 0.000000 0.000000 0.000000 0.000000 0.000000 0.000000 0.000000 0.000000 0.000000 0.000000 0.000000 0.000000 0.000000 0.000000 0.000000 0.000000 0.000000 0.000000 
0.000000 0.000000 0.000000 0.000000 0.000000 0.000000 0.000000 0.000000 0.000000 0.000000 0.000000 0.000000 0.000000 0.000000 0.000000 0.000000 0.000000 0.000000 0.000000 0.000000 0.000000 0.000000 0.000000 0.000000 0.000000 0.000000 0.000000 0.000000 0.000000 0.000000 0.000000 0.000000 0.000000 0.000000 0.000000 0.000000 0.000000 0.000000 0.000001 0.000001 0.000001 0.000002 0.000002 0.000002 0.000003 0.000003 0.000004 0.000004 0.000004 0.000005 0.000005 0.000005 0.000004 0.000004 0.000004 0.000003 0.000003 0.000002 0.000002 0.000002 0.000001 0.000001 0.000001 0.000000 0.000000 0.000000 0.000000 0.000000 0.000000 0.000000 0.000000 0.000000 0.000000 0.000000 0.000000 0.000000 0.000000 0.000000 0.000000 0.000000 0.000000 0.000000 0.000000 0.000000 0.000000 0.000000 0.000000 0.000000 0.000000 0.000000 0.000000 0.000000 0.000000 0.000000 0.000000 0.000000 0.000000 0.000000 0.000000 0.000000 
0.000000 0.000000 0.000000 0.000000 0.000000 0.000000 0.000000 0.000000 0.000000 0.000000 0.000000 0.000000 0.000000 0.000000 0.000000 0.000000 0.000000 0.000000 0.000000 0.000000 0.000000 0.000000 0.000000 0.000000 0.000000 0.000000 0.000000 0.000000 0.000000 0.000000 0.000000 0.000000 0.000000 0.000000 0.000000 0.000001 0.000001 0.000001 0.000002 0.000002 0.000003 0.000004 0.000005 0.000006 0.000007 0.000008 0.000009 0.000010 0.000011 0.000011 0.000011 0.000011 0.000011 0.000010 0.000009 0.000008 0.000007 0.000006 0.000005 0.000004 0.000003 0.000002 0.000002 0.000001 0.000001 0.000001 0.000000 0.000000 0.000000 0.000000 0.000000 0.000000 0.000000 0.000000 0.000000 0.000000 0.000000 0.000000 0.000000 0.000000 0.000000 0.000000 0.000000 0.000000 0.000000 0.000000 0.000000 0.000000 0.000000 0.000000 0.000000 0.000000 0.000000 0.000000 0.000000 0.000000 0.000000 0.000000 0.000000 0.000000 
0.000000 0.000000 0.000000 0.000000 0.000000 0.000000 0.000000 0.000000 0.000000 0.000000 0.000000 0.000000 0.000000 0.000000 0.000000 0.000000 0.000000 0.000000 0.000000 0.000000 0.000000 0.000000 0.000000 0.000000 0.000000 0.000000 0.000000 0.000000 0.000000 0.000000 0.000000 0.000000 0.000000 0.000001 0.000001 0.000001 0.000002 0.000003 0.000004 0.000005 0.000007 0.000009 0.000012 0.000014 0.000017 0.000020 0.000022 0.000024 0.000026 0.000027 0.000027 0.000027 0.000026 0.000024 0.000022 0.000020 0.000017 0.000014 0.000012 0.000009 0.000007 0.000005 0.000004 0.000003 0.000002 0.000001 0.000001 0.000001 0.000000 0.000000 0.000000 0.000000 0.000000 0.000000 0.000000 0.000000 0.000000 0.000000 0.000000 0.000000 0.000000 0.000000 0.000000 0.000000 0.000000 0.000000 0.000000 0.000000 0.000000 0.000000 0.000000 0.000000 0.000000 0.000000 0.000000 0.000000 0.000000 0.000000 0.000000 0.000000 
0.000000 0.000000 0.000000 0.000000 0.000000 0.000000 0.000000 0.000000 0.000000 0.000000 0.000000 0.000000 0.000000 0.000000 0.000000 0.000000 0.000000 0.000000 0.000000 0.000000 0.000000 0.000000 0.000000 0.000000 0.000000 0.000000 0.000000 0.000000 0.000000 0.000000 0.000000 0.000001 0.000001 0.000001 0.000002 0.000003 0.000005 0.000007 0.000010 0.000013 0.000017 0.000022 0.000028 0.000034 0.000040 0.000046 0.000052 0.000057 0.000061 0.000064 0.000065 0.000064 0.000061 0.000057 0.000052 0.000046 0.000040 0.000034 0.000028 0.000022 0.000017 0.000013 0.000010 0.000007 0.000005 0.000003 0.000002 0.000001 0.000001 0.000001 0.000000 0.000000 0.000000 0.000000 0.000000 0.000000 0.000000 0.000000 0.000000 0.000000 0.000000 0.000000 0.000000 0.000000 0.000000 0.000000 0.000000 0.000000 0.000000 0.000000 0.000000 0.000000 0.000000 0.000000 0.000000 0.000000 0.000000 0.000000 0.000000 0.000000 
0.000000 0.000000 0.000000 0.000000 0.000000 0.000000 0.000000 0.000000 0.000000 0.000000 0.000000 0.000000 0.000000 0.000000 0.000000 0.000000 0.000000 0.000000 0.000000 0.000000 0.000000 0.000000 0.000000 0.000000 0.000000 0.000000 0.000000 0.000000 0.000000 0.000000 0.000001 0.000001 0.000002 0.000003 0.000005 0.000008 0.000011 0.000016 0.000022 0.000030 0.000040 0.000051 0.000064 0.000078 0.000093 0.000107 0.000121 0.000133 0.000142 0.000147 0.000149 0.000147 0.000142 0.000133 0.000121 0.000107 0.000093 0.000078 0.000064 0.000051 0.000040 0.000030 0.000022 0.000016 0.000011 0.000008 0.000005 0.000003 0.000002 0.000001 0.000001 0.000000 0.000000 0.000000 0.000000 0.000000 0.000000 0.000000 0.000000 0.000000 0.000000 0.000000 0.000000 0.000000 0.000000 0.000000 0.000000 0.000000 0.000000 0.000000 0.000000 0.000000 0.000000 0.000000 0.000000 0.000000 0.000000 0.000000 0.000000 0.000000 
0.000000 0.000000 0.000000 0.000000 0.000000 0.000000 0.000000 0.000000 0.000000 0.000000 0.000000 0.000000 0.000000 0.000000 0.000000 0.000000 0.000000 0.000000 0.000000 0.000000 0.000000 0.000000 0.000000 0.000000 0.000000 0.000000 0.000000 0.000000 0.000001 0.000001 0.000002 0.000003 0.000005 0.000008 0.000012 0.000018 0.000026 0.000037 0.000051 0.000069 0.000091 0.000116 0.000145 0.000177 0.000210 0.000243 0.000274 0.000300 0.000320 0.000333 0.000338 0.000333 0.000320 0.000300 0.000274 0.000243 0.000210 0.000177 0.000145 0.000116 0.000091 0.000069 0.000051 0.000037 0.000026 0.000018 0.000012 0.000008 0.000005 0.000003 0.000002 0.000001 0.000001 0.000000 0.000000 0.000000 0.000000 0.000000 0.000000 0.000000 0.000000 0.000000 0.000000 0.000000 0.000000 0.000000 0.000000 0.000000 0.000000 0.000000 0.000000 0.000000 0.000000 0.000000 0.000000 0.000000 0.000000 0.000000 0.000000 0.000000 
0.000000 0.000000 0.000000 0.000000 0.000000 0.000000 0.000000 0.000000 0.000000 0.000000 0.000000 0.000000 0.000000 0.000000 0.000000 0.000000 0.000000 0.000000 0.000000 0.000000 0.000000 0.000000 0.000000 0.000000 0.000000 0.000000 0.000000 0.000001 0.000001 0.000002 0.000004 0.000007 0.000011 0.000017 0.000026 0.000039 0.000057 0.000082 0.000113 0.000153 0.000201 0.000258 0.000323 0.000393 0.000466 0.000538 0.000606 0.000664 0.000709 0.000738 0.000748 0.000738 0.000709 0.000664 0.000606 0.000538 0.000466 0.000393 0.000323 0.000258 0.000201 0.000153 0.000113 0.000082 0.000057 0.000039 0.000026 0.000017 0.000011 0.000007 0.000004 0.000002 0.000001 0.000001 0.000000 0.000000 0.000000 0.000000 0.000000 0.000000 0.000000 0.000000 0.000000 0.000000 0.000000 0.000000 0.000000 0.000000 0.000000 0.000000 0.000000 0.000000 0.000000 0.000000 0.000000 0.000000 0.000000 0.000000 0.000000 0.000000 
0.000000 0.000000 0.000000 0.000000 0.000000 0.000000 0.000000 0.000000 0.000000 0.000000 0.000000 0.000000 0.000000 0.000000 0.000000 0.000000 0.000000 0.000000 0.000000 0.000000 0.000000 0.000000 0.000000 0.000000 0.000000 0.000000 0.000001 0.000002 0.000003 0.000005 0.000009 0.000015 0.000024 0.000038 0.000058 0.000086 0.000125 0.000178 0.000247 0.000333 0.000438 0.000561 0.000701 0.000852 0.001010 0.001167 0.001313 0.001439 0.001536 0.001598 0.001619 0.001598 0.001536 0.001439 0.001313 0.001167 0.001010 0.000852 0.000701 0.000561 0.000438 0.000333 0.000247 0.000178 0.000125 0.000086 0.000058 0.000038 0.000024 0.000015 0.000009 0.000005 0.000003 0.000002 0.000001 0.000000 0.000000 0.000000 0.000000 0.000000 0.000000 0.000000 0.000000 0.000000 0.000000 0.000000 0.000000 0.000000 0.000000 0.000000 0.000000 0.000000 0.000000 0.000000 0.000000 0.000000 0.000000 0.000000 0.000000 0.000000 
0.000000 0.000000 0.000000 0.000000 0.000000 0.000000 0.000000 0.000000 0.000000 0.000000 0.000000 0.000000 0.000000 0.000000 0.000000 0.000000 0.000000 0.000000 0.000000 0.000000 0.000000 0.000000 0.000000 0.000000 0.000001 0.000001 0.000002 0.000004 0.000007 0.000011 0.000019 0.000032 0.000051 0.000081 0.000123 0.000184 0.000268 0.000380 0.000526 0.000709 0.000931 0.001192 0.001488 0.001809 0.002143 0.002473 0.002781 0.003047 0.003253 0.003383 0.003427 0.003383 0.003253 0.003047 0.002781 0.002473 0.002143 0.001809 0.001488 0.001192 0.000931 0.000709 0.000526 0.000380 0.000268 0.000184 0.000123 0.000081 0.000051 0.000032 0.000019 0.000011 0.000007 0.000004 0.000002 0.000001 0.000001 0.000000 0.000000 0.000000 0.000000 0.000000 0.000000 0.000000 0.000000 0.000000 0.000000 0.000000 0.000000 0.000000 0.000000 0.000000 0.000000 0.000000 0.000000 0.000000 0.000000 0.000000 0.000000 0.000000 
0.000000 0.000000 0.000000 0.000000 0.000000 0.000000 0.000000 0.000000 0.000000 0.000000 0.000000 0.000000 0.000000 0.000000 0.000000 0.000000 0.000000 0.000000 0.000000 0.000000 0.000000 0.000000 0.000000 0.000001 0.000001 0.000002 0.000004 0.000008 0.000014 0.000024 0.000041 0.000067 0.000108 0.000169 0.000258 0.000385 0.000560 0.000793 0.001096 0.001476 0.001937 0.002478 0.003089 0.003753 0.004443 0.005126 0.005763 0.006312 0.006736 0.007004 0.007096 0.007004 0.006736 0.006312 0.005763 0.005126 0.004443 0.003753 0.003089 0.002478 0.001937 0.001476 0.001096 0.000793 0.000560 0.000385 0.000258 0.000169 0.000108 0.000067 0.000041 0.000024 0.000014 0.000008 0.000004 0.000002 0.000001 0.000001 0.000000 0.000000 0.000000 0.000000 0.000000 0.000000 0.000000 0.000000 0.000000 0.000000 0.000000 0.000000 0.000000 0.000000 0.000000 0.000000 0.000000 0.000000 0.000000 0.000000 0.000000 0.000000 
0.000000 0.000000 0.000000 0.000000 0.000000 0.000000 0.000000 0.000000 0.000000 0.000000 0.000000 0.000000 0.000000 0.000000 0.000000 0.000000 0.000000 0.000000 0.000000 0.000000 0.000000 0.000000 0.000001 0.000001 0.000003 0.000005 0.000009 0.000016 0.000029 0.000050 0.000084 0.000138 0.000221 0.000346 0.000529 0.000787 0.001143 0.001617 0.002232 0.003003 0.003938 0.005033 0.006270 0.007613 0.009009 0.010389 0.011674 0.012783 0.013639 0.014180 0.014365 0.014180 0.013639 0.012783 0.011674 0.010389 0.009009 0.007613 0.006270 0.005033 0.003938 0.003003 0.002232 0.001617 0.001143 0.000787 0.000529 0.000346 0.000221 0.000138 0.000084 0.000050 0.000029 0.000016 0.000009 0.000005 0.000003 0.000001 0.000001 0.000000 0.000000 0.000000 0.000000 0.000000 0.000000 0.000000 0.000000 0.000000 0.000000 0.000000 0.000000 0.000000 0.000000 0.000000 0.000000 0.000000 0.000000 0.000000 0.000000 0.000000 
0.000000 0.000000 0.000000 0.000000 0.000000 0.000000 0.000000 0.000000 0.000000 0.000000 0.000000 0.000000 0.000000 0.000000 0.000000 0.000000 0.000000 0.000000 0.000000 0.000000 0.000000 0.000001 0.000001 0.000003 0.000005 0.000010 0.000018 0.000033 0.000058 0.000100 0.000168 0.000277 0.000444 0.000693 0.001057 0.001572 0.002280 0.003223 0.004444 0.005972 0.007825 0.009995 0.012443 0.015099 0.017857 0.020582 0.023120 0.025308 0.026998 0.028066 0.028431 0.028066 0.026998 0.025308 0.023120 0.020582 0.017857 0.015099 0.012443 0.009995 0.007825 0.005972 0.004444 0.003223 0.002280 0.001572 0.001057 0.000693 0.000444 0.000277 0.000168 0.000100 0.000058 0.000033 0.000018 0.000010 0.000005 0.000003 0.000001 0.000001 0.000000 0.000000 0.000000 0.000000 0.000000 0.000000 0.000000 0.000000 0.000000 0.000000 0.000000 0.000000 0.000000 0.000000 0.000000 0.000000 0.000000 0.000000 0.000000 0.000000 
0.000000 0.000000 0.000000 0.000000 0.000000 0.000000 0.000000 0.000000 0.000000 0.000000 0.000000 0.000000 0.000000 0.000000 0.000000 0.000000 0.000000 0.000000 0.000000 0.000000 0.000001 0.000001 0.000003 0.000005 0.000010 0.000019 0.000036 0.000065 0.000114 0.000197 0.000331 0.000543 0.000869 0.001357 0.002066 0.003069 0.004445 0.006278 0.008646 0.011611 0.015200 0.019399 0.024135 0.029269 0.034597 0.039860 0.044758 0.048981 0.052241 0.054300 0.055004 0.054300 0.052241 0.048981 0.044758 0.039860 0.034597 0.029269 0.024135 0.019399 0.015200 0.011611 0.008646 0.006278 0.004445 0.003069 0.002066 0.001357 0.000869 0.000543 0.000331 0.000197 0.000114 0.000065 0.000036 0.000019 0.000010 0.000005 0.000003 0.000001 0.000001 0.000000 0.000000 0.000000 0.000000 0.000000 0.000000 0.000000 0.000000 0.000000 0.000000 0.000000 0.000000 0.000000 0.000000 0.000000 0.000000 0.000000 0.000000 0.000000 
0.000000 0.000000 0.000000 0.000000 0.000000 0.000000 0.000000 0.000000 0.000000 0.000000 0.000000 0.000000 0.000000 0.000000 0.000000 0.000000 0.000000 0.000000 0.000000 0.000001 0.000001 0.000003 0.000005 0.000010 0.000020 0.000037 0.000069 0.000125 0.000220 0.000379 0.000636 0.001041 0.001664 0.002595 0.003946 0.005854 0.008469 0.011950 0.016442 0.022059 0.028855 0.036800 0.045753 0.055453 0.065515 0.075448 0.084690 0.092656 0.098803 0.102686 0.104014 0.102686 0.098803 0.092656 0.084690 0.075448 0.065515 0.055453 0.045753 0.036800 0.028855 0.022059 0.016442 0.011950 0.008469 0.005854 0.003946 0.002595 0.001664 0.001041 0.000636 0.000379 0.000220 0.000125 0.000069 0.000037 0.000020 0.000010 0.000005 0.000003 0.000001 0.000001 0.000000 0.000000 0.000000 0.000000 0.000000 0.000000 0.000000 0.000000 0.000000 0.000000 0.000000 0.000000 0.000000 0.000000 0.000000 0.000000 0.000000 0.000000 
0.000000 0.000000 0.000000 0.000000 0.000000 0.000000 0.000000 0.000000 0.000000 0.000000 0.000000 0.000000 0.000000 0.000000 0.000000 0.000000 0.000000 0.000000 0.000000 0.000001 0.000002 0.000005 0.000010 0.000019 0.000037 0.000071 0.000131 0.000235 0.000414 0.000711 0.001192 0.001950 0.003113 0.004847 0.007362 0.010909 0.015766 0.022223 0.030549 0.040951 0.053526 0.068216 0.084759 0.102671 0.121242 0.139567 0.156610 0.171297 0.182626 0.189782 0.192229 0.189782 0.182626 0.171297 0.156610 0.139567 0.121242 0.102671 0.084759 0.068216 0.053526 0.040951 0.030549 0.022223 0.015766 0.010909 0.007362 0.004847 0.003113 0.001950 0.001192 0.000711 0.000414 0.000235 0.000131 0.000071 0.000037 0.000019 0.000010 0.000005 0.000002 0.000001 0.000000 0.000000 0.000000 0.000000 0.000000 0.000000 0.000000 0.000000 0.000000 0.000000 0.000000 0.000000 0.000000 0.000000 0.000000 0.000000 0.000000 0.000000 
0.000000 0.000000 0.000000 0.000000 0.000000 0.000000 0.000000 0.000000 0.000000 0.000000 0.000000 0.000000 0.000000 0.000000 0.000000 0.000000 0.000000 0.000000 0.000001 0.000002 0.000004 0.000009 0.000018 0.000036 0.000069 0.000131 0.000241 0.000433 0.000761 0.001305 0.002184 0.003568 0.005687 0.008844 0.013418 0.019860 0.028674 0.040379 0.055458 0.074279 0.097016 0.123556 0.153427 0.185751 0.219247 0.252285 0.283000 0.309462 0.329870 0.342758 0.347165 0.342758 0.329870 0.309462 0.283000 0.252285 0.219247 0.185751 0.153427 0.123556 0.097016 0.074279 0.055458 0.040379 0.028674 0.019860 0.013418 0.008844 0.005687 0.003568 0.002184 0.001305 0.000761 0.000433 0.000241 0.000131 0.000069 0.000036 0.000018 0.000009 0.000004 0.000002 0.000001 0.000000 0.000000 0.000000 0.000000 0.000000 0.000000 0.000000 0.000000 0.000000 0.000000 0.000000 0.000000 0.000000 0.000000 0.000000 0.000000 0.000000 
0.000000 0.000000 0.000000 0.000000 0.000000 0.000000 0.000000 0.000000 0.000000 0.000000 0.000000 0.000000 0.000000 0.000000 0.000000 0.000000 0.000000 0.000001 0.000002 0.000004 0.000008 0.000016 0.000033 0.000065 0.000125 0.000235 0.000433 0.000778 0.001365 0.002338 0.003908 0.006374 0.010147 0.015761 0.023887 0.035318 0.050941 0.071670 0.098350 0.131625 0.171791 0.218644 0.271344 0.328341 0.387376 0.445579 0.499671 0.546261 0.582185 0.604868 0.612625 0.604868 0.582185 0.546261 0.499671 0.445579 0.387376 0.328341 0.271344 0.218644 0.171791 0.131625 0.098350 0.071670 0.050941 0.035318 0.023887 0.015761 0.010147 0.006374 0.003908 0.002338 0.001365 0.000778 0.000433 0.000235 0.000125 0.000065 0.000033 0.000016 0.000008 0.000004 0.000002 0.000001 0.000000 0.000000 0.000000 0.000000 0.000000 0.000000 0.000000 0.000000 0.000000 0.000000 0.000000 0.000000 0.000000 0.000000 0.000000 0.000000 
0.000000 0.000000 0.000000 0.000000 0.000000 0.000000 0.000000 0.000000 0.000000 0.000000 0.000000 0.000000 0.000000 0.000000 0.000000 0.000000 0.000001 0.000001 0.000003 0.000007 0.000014 0.000029 0.000058 0.000114 0.000220 0.000414 0.000761 0.001365 0.002392 0.004090 0.006826 0.011121 0.017681 0.027433 0.041531 0.061344 0.088395 0.124256 0.170370 0.227839 0.297161 0.377968 0.468806 0.567001 0.668658 0.768843 0.861922 0.942069 1.003857 1.042865 1.056203 1.042865 1.003857 0.942069 0.861922 0.768843 0.668658 0.567001 0.468806 0.377968 0.297161 0.227839 0.170370 0.124256 0.088395 0.061344 0.041531 0.027433 0.017681 0.011121 0.006826 0.004090 0.002392 0.001365 0.000761 0.000414 0.000220 0.000114 0.000058 0.000029 0.000014 0.000007 0.000003 0.000001 0.000001 0.000000 0.000000 0.000000 0.000000 0.000000 0.000000 0.000000 0.000000 0.000000 0.000000 0.000000 0.000000 0.000000 0.000000 0.000000 
0.000000 0.000000 0.000000 0.000000 0.000000 0.000000 0.000000 0.000000 0.000000 0.000000 0.000000 0.000000 0.000000 0.000000 0.000000 0.000000 0.000001 0.000002 0.000005 0.000011 0.000024 0.000050 0.000100 0.000197 0.000379 0.000711 0.001305 0.002338 0.004090 0.006984 0.011642 0.018943 0.030084 0.046626 0.070514 0.104053 0.149803 0.210396 0.288252 0.385206 0.502076 0.638223 0.791184 0.956447 1.127464 1.295939 1.452415 1.587117 1.690943 1.756482 1.778891 1.756482 1.690943 1.587117 1.452415 1.295939 1.127464 0.956447 0.791184 0.638223 0.502076 0.385206 0.288252 0.210396 0.149803 0.104053 0.070514 0.046626 0.030084 0.018943 0.011642 0.006984 0.004090 0.002338 0.001305 0.000711 0.000379 0.000197 0.000100 0.000050 0.000024 0.000011 0.000005 0.000002 0.000001 0.000000 0.000000 0.000000 0.000000 0.000000 0.000000 0.000000 0.000000 0.000000 0.000000 0.000000 0.000000 0.000000 0.000000 0.000000 
0.000000 0.000000 0.000000 0.000000 0.000000 0.000000 0.000000 0.000000 0.000000 0.000000 0.000000 0.000000 0.000000 0.000000 0.000000 0.000001 0.000002 0.000004 0.000009 0.000019 0.000041 0.000084 0.000168 0.000331 0.000636 0.001192 0.002184 0.003908 0.006826 0.011642 0.019384 0.031504 0.049977 0.077376 0.116904 0.172348 0.247910 0.347905 0.476287 0.636047 0.828495 1.052554 1.304146 1.575842 1.856878 2.133636 2.390606 2.611763 2.782198 2.889770 2.926547 2.889770 2.782198 2.611763 2.390606 2.133636 1.856878 1.575842 1.304146 1.052554 0.828495 0.636047 0.476287 0.347905 0.247910 0.172348 0.116904 0.077376 0.049977 0.031504 0.019384 0.011642 0.006826 0.003908 0.002184 0.001192 0.000636 0.000331 0.000168 0.000084 0.000041 0.000019 0.000009 0.000004 0.000002 0.000001 0.000000 0.000000 0.000000 0.000000 0.000000 0.000000 0.000000 0.000000 0.000000 0.000000 0.000000 0.000000 0.000000 0.000000 
0.000000 0.000000 0.000000 0.000000 0.000000 0.000000 0.000000 0.000000 0.000000 0.000000 0.000000 0.000000 0.000000 0.000000 0.000001 0.000001 0.000003 0.000007 0.000015 0.000032 0.000067 0.000138 0.000277 0.000543 0.001041 0.001950 0.003568 0.006374 0.011121 0.018943 0.031504 0.051147 0.081053 0.125363 0.189229 0.278728 0.400598 0.561746 0.768489 1.025584 1.335089 1.695224 2.099405 2.535683 2.986777 3.430849 3.843052 4.197727 4.471008 4.643475 4.702434 4.643475 4.471008 4.197727 3.843052 3.430849 2.986777 2.535683 2.099405 1.695224 1.335089 1.025584 0.768489 0.561746 0.400598 0.278728 0.189229 0.125363 0.081053 0.051147 0.031504 0.018943 0.011121 0.006374 0.003568 0.001950 0.001041 0.000543 0.000277 0.000138 0.000067 0.000032 0.000015 0.000007 0.000003 0.000001 0.000001 0.000000 0.000000 0.000000 0.000000 0.000000 0.000000 0.000000 0.000000 0.000000 0.000000 0.000000 0.000000 0.000000 
0.000000 0.000000 0.000000 0.000000 0.000000 0.000000 0.000000 0.000000 0.000000 0.000000 0.000000 0.000000 0.000000 0.000000 0.000001 0.000002 0.000005 0.000011 0.000024 0.000051 0.000108 0.000221 0.000444 0.000869 0.001664 0.003113 0.005687 0.010147 0.017681 0.030084 0.049977 0.081053 0.128317 0.198279 0.299024 0.440082 0.632006 0.885591 1.210698 1.614719 2.100811 2.666110 3.300237 3.984422 4.691570 5.387483 6.033276 6.588818 7.016799 7.286866 7.379187 7.286866 7.016799 6.588818 6.033276 5.387483 4.691570 3.984422 3.300237 2.666110 2.100811 1.614719 1.210698 0.885591 0.632006 0.440082 0.299024 0.198279 0.128317 0.081053 0.049977 0.030084 0.017681 0.010147 0.005687 0.003113 0.001664 0.000869 0.000444 0.000221 0.000108 0.000051 0.000024 0.000011 0.000005 0.000002 0.000001 0.000000 0.000000 0.000000 0.000000 0.000000 0.000000 0.000000 0.000000 0.000000 0.000000 0.000000 0.000000 0.000000 
0.000000 0.000000 0.000000 0.000000 0.000000 0.000000 0.000000 0.000000 0.000000 0.000000 0.000000 0.000000 0.000000 0.000001 0.000001 0.000003 0.000008 0.000017 0.000038 0.000081 0.000169 0.000346 0.000693 0.001357 0.002595 0.004847 0.008844 0.015761 0.027433 0.046626 0.077376 0.125363 0.198279 0.306112 0.461258 0.678306 0.973396 1.363011 1.862181 2.482132 3.227593 4.094077 5.065608 6.113397 7.195959 8.260989 9.249058 10.098866 10.753443 11.166455 11.307633 11.166455 10.753443 10.098866 9.249058 8.260989 7.195959 6.113397 5.065608 4.094077 3.227593 2.482132 1.862181 1.363011 0.973396 0.678306 0.461258 0.306112 0.198279 0.125363 0.077376 0.046626 0.027433 0.015761 0.008844 0.004847 0.002595 0.001357 0.000693 0.000346 0.000169 0.000081 0.000038 0.000017 0.000008 0.000003 0.000001 0.000001 0.000000 0.000000 0.000000 0.000000 0.000000 0.000000 0.000000 0.000000 0.000000 0.000000 0.000000 0.000000 
0.000000 0.000000 0.000000 0.000000 0.000000 0.000000 0.000000 0.000000 0.000000 0.000000 0.000000 0.000000 0.000000 0.000001 0.000002 0.000005 0.000012 0.000026 0.000058 0.000123 0.000258 0.000529 0.001057 0.002066 0.003946 0.007362 0.013418 0.023887 0.041531 0.070514 0.116904 0.189229 0.299024 0.461258 0.694480 1.020505 1.463434 2.047848 2.796118 3.724901 4.841118 6.137918 7.591292 9.158131 10.776414 12.368021 13.844254 15.113666 16.091306 16.708097 16.918922 16.708097 16.091306 15.113666 13.844254 12.368021 10.776414 9.158131 7.591292 6.137918 4.841118 3.724901 2.796118 2.047848 1.463434 1.020505 0.694480 0.461258 0.299024 0.189229 0.116904 0.070514 0.041531 0.023887 0.013418 0.007362 0.003946 0.002066 0.001057 0.000529 0.000258 0.000123 0.000058 0.000026 0.000012 0.000005 0.000002 0.000001 0.000000 0.000000 0.000000 0.000000 0.000000 0.000000 0.000000 0.000000 0.000000 0.000000 0.000000 0.000000 
0.000000 0.000000 0.000000 0.000000 0.000000 0.000000 0.000000 0.000000 0.000000 0.000000 0.000000 0.000000 0.000001 0.000001 0.000003 0.000008 0.000018 0.000039 0.000086 0.000184 0.000385 0.000787 0.001572 0.003069 0.005854 0.010909 0.019860 0.035318 0.061344 0.104053 0.172348 0.278728 0.440082 0.678306 1.020505 1.498524 2.147502 3.003238 4.098251 5.456677 7.088419 8.983275 11.106035 13.393677 15.755666 18.078076 20.231639 22.083146 23.508889 24.408304 24.715718 24.408304 23.508889 22.083146 20.231639 18.078076 15.755666 13.393677 11.106035 8.983275 7.088419 5.456677 4.098251 3.003238 2.147502 1.498524 1.020505 0.678306 0.440082 0.278728 0.172348 0.104053 0.061344 0.035318 0.019860 0.010909 0.005854 0.003069 0.001572 0.000787 0.000385 0.000184 0.000086 0.000039 0.000018 0.000008 0.000003 0.000001 0.000001 0.000000 0.000000 0.000000 0.000000 0.000000 0.000000 0.000000 0.000000 0.000000 0.000000 0.000000 
0.000000 0.000000 0.000000 0.000000 0.000000 0.000000 0.000000 0.000000 0.000000 0.000000 0.000000 0.000000 0.000001 0.000002 0.000005 0.000011 0.000026 0.000057 0.000125 0.000268 0.000560 0.001143 0.002280 0.004445 0.008469 0.015766 0.028674 0.050941 0.088395 0.149803 0.247910 0.400598 0.632006 0.973396 1.463434 2.147502 3.075628 4.298712 5.862917 7.802403 10.131015 12.833944 15.860796 19.121625 22.487412 25.795942 28.863267 31.499915 33.529989 34.810528 35.248188 34.810528 33.529989 31.499915 28.863267 25.795942 22.487412 19.121625 15.860796 12.833944 10.131015 7.802403 5.862917 4.298712 3.075628 2.147502 1.463434 0.973396 0.632006 0.400598 0.247910 0.149803 0.088395 0.050941 0.028674 0.015766 0.008469 0.004445 0.002280 0.001143 0.000560 0.000268 0.000125 0.000057 0.000026 0.000011 0.000005 0.000002 0.000001 0.000000 0.000000 0.000000 0.000000 0.000000 0.000000 0.000000 0.000000 0.000000 0.000000 0.000000 
0.000000 0.000000 0.000000 0.000000 0.000000 0.000000 0.000000 0.000000 0.000000 0.000000 0.000000 0.000000 0.000001 0.000003 0.000007 0.000016 0.000037 0.000082 0.000178 0.000380 0.000793 0.001617 0.003223 0.006278 0.011950 0.022223 0.040379 0.071670 0.124256 0.210396 0.347905 0.561746 0.885591 1.363011 2.047848 3.003238 4.298712 6.004933 8.185891 10.888802 14.132576 17.896266 22.109476 26.646910 31.329072 35.930469 40.195546 43.861181 46.683174 48.463100 49.071416 48.463100 46.683174 43.861181 40.195546 35.930469 31.329072 26.646910 22.109476 17.896266 14.132576 10.888802 8.185891 6.004933 4.298712 3.003238 2.047848 1.363011 0.885591 0.561746 0.347905 0.210396 0.124256 0.071670 0.040379 0.022223 0.011950 0.006278 0.003223 0.001617 0.000793 0.000380 0.000178 0.000082 0.000037 0.000016 0.000007 0.000003 0.000001 0.000000 0.000000 0.000000 0.000000 0.000000 0.000000 0.000000 0.000000 0.000000 0.000000 0.000000 
0.000000 0.000000 0.000000 0.000000 0.000000 0.000000 0.000000 0.000000 0.000000 0.000000 0.000000 0.000001 0.000002 0.000004 0.000010 0.000022 0.000051 0.000113 0.000247 0.000526 0.001096 0.002232 0.004444 0.008646 0.016442 0.030549 0.055458 0.098350 0.170370 0.288252 0.476287 0.768489 1.210698 1.862181 2.796118 4.098251 5.862917 8.185891 11.153775 14.830305 19.240718 24.356133 30.080592 36.243732 42.601791 48.848775 54.638079 59.612969 63.442465 65.857675 66.683078 65.857675 63.442465 59.612969 54.638079 48.848775 42.601791 36.243732 30.080592 24.356133 19.240718 14.830305 11.153775 8.185891 5.862917 4.098251 2.796118 1.862181 1.210698 0.768489 0.476287 0.288252 0.170370 0.098350 0.055458 0.030549 0.016442 0.008646 0.004444 0.002232 0.001096 0.000526 0.000247 0.000113 0.000051 0.000022 0.000010 0.000004 0.000002 0.000001 0.000000 0.000000 0.000000 0.000000 0.000000 0.000000 0.000000 0.000000 0.000000 0.000000 
0.000000 0.000000 0.000000 0.000000 0.000000 0.000000 0.000000 0.000000 0.000000 0.000000 0.000000 0.000001 0.000002 0.000005 0.000013 0.000030 0.000069 0.000153 0.000333 0.000709 0.001476 0.003003 0.005972 0.011611 0.022059 0.040951 0.074279 0.131625 0.227839 0.385206 0.636047 1.025584 1.614719 2.482132 3.724901 5.456677 7.802403 10.888802 14.830305 19.710923 25.563570 32.349431 39.940874 48.111822 56.539159 64.817561 72.488128 79.078726 84.151411 87.350462 88.443707 87.350462 84.151411 79.078726 72.488128 64.817561 56.539159 48.111822 39.940874 32.349431 25.563570 19.710923 14.830305 10.888802 7.802403 5.456677 3.724901 2.482132 1.614719 1.025584 0.636047 0.385206 0.227839 0.131625 0.074279 0.040951 0.022059 0.011611 0.005972 0.003003 0.001476 0.000709 0.000333 0.000153 0.000069 0.000030 0.000013 0.000005 0.000002 0.000001 0.000000 0.000000 0.000000 0.000000 0.000000 0.000000 0.000000 0.000000 0.000000 0.000000 
0.000000 0.000000 0.000000 0.000000 0.000000 0.000000 0.000000 0.000000 0.000000 0.000000 0.000000 0.000001 0.000003 0.000007 0.000017 0.000040 0.000091 0.000201 0.000438 0.000931 0.001937 0.003938 0.007825 0.015200 0.028855 0.053526 0.097016 0.171791 0.297161 0.502076 0.828495 1.335089 2.100811 3.227593 4.841118 7.088419 10.131015 14.132576 19.240718 25.563570 33.143077 41.928393 51.753880 62.326751 73.228978 83.936507 93.856282 102.378338 108.937016 113.072938 114.486304 113.072938 108.937016 102.378338 93.856282 83.936507 73.228978 62.326751 51.753880 41.928393 33.143077 25.563570 19.240718 14.132576 10.131015 7.088419 4.841118 3.227593 2.100811 1.335089 0.828495 0.502076 0.297161 0.171791 0.097016 0.053526 0.028855 0.015200 0.007825 0.003938 0.001937 0.000931 0.000438 0.000201 0.000091 0.000040 0.000017 0.000007 0.000003 0.000001 0.000000 0.000000 0.000000 0.000000 0.000000 0.000000 0.000000 0.000000 0.000000 0.000000 
0.000000 0.000000 0.000000 0.000000 0.000000 0.000000 0.000000 0.000000 0.000000 0.000000 0.000001 0.000002 0.000004 0.000009 0.000022 0.000051 0.000116 0.000258 0.000561 0.001192 0.002478 0.005033 0.009995 0.019399 0.036800 0.068216 0.123556 0.218644 0.377968 0.638223 1.052554 1.695224 2.666110 4.094077 6.137918 8.983275 12.833944 17.896266 24.356133 32.349431 41.928393 53.028100 65.438821 78.790534 92.555419 106.072170 118.592705 129.347838 137.624410 142.843342 144.626754 142.843342 137.624410 129.347838 118.592705 106.072170 92.555419 78.790534 65.438821 53.028100 41.928393 32.349431 24.356133 17.896266 12.833944 8.983275 6.137918 4.094077 2.666110 1.695224 1.052554 0.638223 0.377968 0.218644 0.123556 0.068216 0.036800 0.019399 0.009995 0.005033 0.002478 0.001192 0.000561 0.000258 0.000116 0.000051 0.000022 0.000009 0.000004 0.000002 0.000001 0.000000 0.000000 0.000000 0.000000 0.000000 0.000000 0.000000 0.000000 0.000000 
0.000000 0.000000 0.000000 0.000000 0.000000 0.000000 0.000000 0.000000 0.000000 0.000000 0.000001 0.000002 0.000005 0.000012 0.000028 0.000064 0.000145 0.000323 0.000701 0.001488 0.003089 0.006270 0.012443 0.024135 0.045753 0.084759 0.153427 0.271344 0.468806 0.791184 1.304146 2.099405 3.300237 5.065608 7.591292 11.106035 15.860796 22.109476 30.080592 39.940874 51.753880 65.438821 80.736617 97.190948 114.151432 130.803622 146.226535 159.473452 169.666786 176.094034 178.290296 176.094034 169.666786 159.473452 146.226535 130.803622 114.151432 97.190948 80.736617 65.438821 51.753880 39.940874 30.080592 22.109476 15.860796 11.106035 7.591292 5.065608 3.300237 2.099405 1.304146 0.791184 0.468806 0.271344 0.153427 0.084759 0.045753 0.024135 0.012443 0.006270 0.003089 0.001488 0.000701 0.000323 0.000145 0.000064 0.000028 0.000012 0.000005 0.000002 0.000001 0.000000 0.000000 0.000000 0.000000 0.000000 0.000000 0.000000 0.000000 0.000000 
0.000000 0.000000 0.000000 0.000000 0.000000 0.000000 0.000000 0.000000 0.000000 0.000000 0.000001 0.000002 0.000006 0.000014 0.000034 0.000078 0.000177 0.000393 0.000852 0.001809 0.003753 0.007613 0.015099 0.029269 0.055453 0.102671 0.185751 0.328341 0.567001 0.956447 1.575842 2.535683 3.984422 6.113397 9.158131 13.393677 19.121625 26.646910 36.243732 48.111822 62.326751 78.790534 97.190948 116.978893 137.372317 157.392335 175.932366 191.855173 204.106738 211.831423 214.470973 211.831423 204.106738 191.855173 175.932366 157.392335 137.372317 116.978893 97.190948 78.790534 62.326751 48.111822 36.243732 26.646910 19.121625 13.393677 9.158131 6.113397 3.984422 2.535683 1.575842 0.956447 0.567001 0.328341 0.185751 0.102671 0.055453 0.029269 0.015099 0.007613 0.003753 0.001809 0.000852 0.000393 0.000177 0.000078 0.000034 0.000014 0.000006 0.000002 0.000001 0.000000 0.000000 0.000000 0.000000 0.000000 0.000000 0.000000 0.000000 0.000000 
