0.000000 0.000000 0.000000 0.000000 0.000000 0.000000 0.000000 0.000000 0.000000 0.000000 0.000000 0.000000 0.000000 0.000000 0.000000 0.000000 0.000000 0.000000 0.000000 0.000000 0.000000 0.000000 0.000000 0.000000 0.000000 0.000000 0.000000 0.000000 0.000000 0.000000 0.000000 0.000000 0.000000 0.000000 0.000000 0.000000 0.000000 0.000000 0.000000 0.000000 0.000000 0.000000 0.000000 0.000000 0.000000 0.000000 0.000000 0.000000 0.000000 0.000000 0.000000 0.000000 0.000000 0.000000 0.000000 0.000000 0.000000 0.000000 0.000000 0.000000 0.000000 0.000000 0.000000 0.000000 0.000000 0.000000 0.000000 0.000000 0.000000 0.000000 0.000000 0.000000 0.000000 0.000000 0.000000 0.000000 0.000000 0.000000 0.000000 0.000000 0.000000 0.000000 0.000000 0.000000 0.000000 0.000000 0.000000 0.000000 0.000000 0.000000 0.000000 0.000000 0.000000 0.000000 0.000000 0.000000 0.000000 0.000000 0.000000 0.000000 
0.000000 0.000000 0.000000 0.000000 0.000000 0.000000 0.000000 0.000000 0.000000 0.000000 0.000000 0.000000 0.000000 0.000000 0.000000 0.000000 0.000000 0.000000 0.000000 0.000000 0.000000 0.000000 0.000000 0.000000 0.000000 0.000000 0.000000 0.000000 0.000000 0.000000 0.000000 0.000000 0.000000 0.000000 0.000000 0.000000 0.000000 0.000000 0.000000 0.000000 0.000000 0.000000 0.000000 0.000000 0.000000 0.000000 0.000000 0.000000 0.000000 0.000000 0.000000 0.000000 0.000000 0.000000 0.000000 0.000000 0.000000 0.000000 0.000000 0.000000 0.000000 0.000000 0.000000 0.000000 0.000000 0.000000 0.000000 0.000000 0.000000 0.000000 0.000000 0.000000 0.000000 0.000000 0.000000 0.000000 0.000000 0.000000 0.000000 0.000000 0.000000 0.000000 0.000000 0.000000 0.000000 0.000000 0.000000 0.000000 0.000000 0.000000 0.000000 0.000000 0.000000 0.000000 0.000000 0.000000 0.000000 0.000000 0.000000 0.000000 
0.000000 0.000000 0.000000 0.000000 0.000000 0.000000 0.000000 0.000000 0.000000 0.000000 0.000000 0.000000 0.000000 0.000000 0.000000 0.000000 0.000000 0.000000 0.000000 0.000000 0.000000 0.000000 0.000000 0.000000 0.000000 0.000000 0.000000 0.000000 0.000000 0.000000 0.000000 0.000000 0.000000 0.000000 0.000000 0.000000 0.000000 0.000000 0.000000 0.000000 0.000000 0.000000 0.000000 0.000000 0.000000 0.000000 0.000000 0.000000 0.000000 0.000000 0.000000 0.000000 0.000000 0.000000 0.000000 0.000000 0.000000 0.000000 0.000000 0.000000 0.000000 0.000000 0.000000 0.000000 0.000000 0.000000 0.000000 0.000000 0.000000 0.000000 0.000000 0.000000 0.000000 0.000000 0.000000 0.000000 0.000000 0.000000 0.000000 0.000000 0.000000 0.000000 0.000000 0.000000 0.000000 0.000000 0.000000 0.000000 0.000000 0.000000 0.000000 0.000000 0.000000 0.000000 0.000000 0.000000 0.000000 0.000000 0.000000 0.000000 
0.000000 0.000000 0.000000 0.000000 0.000000 0.000000 0.000000 0.000000 0.000000 0.000000 0.000000 0.000000 0.000000 0.000000 0.000000 0.000000 0.000000 0.000000 0.000000 0.000000 0.000000 0.000000 0.000000 0.000000 0.000000 0.000000 0.000000 0.000000 0.000000 0.000000 0.000000 0.000000 0.000000 0.000000 0.000000 0.000000 0.000000 0.000000 0.000000 0.000000 0.000000 0.000000 0.000000 0.000000 0.000000 0.000000 0.000000 0.000000 0.000000 0.000000 0.000000 0.000000 0.000000 0.000000 0.000000 0.000000 0.000000 0.000000 0.000000 0.000000 0.000000 0.000000 0.000000 0.000000 0.000000 0.000000 0.000000 0.000000 0.000000 0.000000 0.000000 0.000000 0.000000 0.000000 0.000000 0.000000 0.000000 0.000000 0.000000 0.000000 0.000000 0.000000 0.000000 0.000000 0.000000 0.000000 0.000000 0.000000 0.000000 0.000000 0.000000 0.000000 0.000000 0.000000 0.000000 0.000000 0.000000 0.000000 0.000000 0.000000 
0.000000 0.000000 0.000000 0.000000 0.000000 0.000000 0.000000 0.000000 0.000000 0.000000 0.000000 0.000000 0.000000 0.000000 0.000000 0.000000 0.000000 0.000000 0.000000 0.000000 0.000000 0.000000 0.000000 0.000000 0.000000 0.000000 0.000000 0.000000 0.000000 0.000000 0.000000 0.000000 0.000000 0.000000 0.000000 0.000000 0.000000 0.000000 0.000000 0.000000 0.000000 0.000000 0.000001 0.000001 0.000001 0.000001 0.000001 0.000001 0.000001 0.000001 0.000001 0.000001 0.000001 0.000001 0.000001 0.000001 0.000001 0.000001 0.000001 0.000000 0.000000 0.000000 0.000000 0.000000 0.000000 0.000000 0.000000 0.000000 0.000000 0.000000 0.000000 0.000000 0.000000 0.000000 0.000000 0.000000 0.000000 0.000000 0.000000 0.000000 0.000000 0.000000 0.000000 0.000000 0.000000 0.000000 0.000000 0.000000 0.000000 0.000000 0.000000 0.000000 0.000000 0.000000 0.000000 0.000000 0.000000 0.000000 0.000000 0.000000 
0.000000 0.000000 0.000000 0.000000 0.000000 0.000000 0.000000 0.000000 0.000000 0.000000 0.000000 0.000000 0.000000 0.000000 0.000000 0.000000 0.000000 0.000000 0.000000 0.000000 0.000000 0.000000 0.000000 0.000000 0.000000 0.000000 0.000000 0.000000 0.000000 0.000000 0.000000 0.000000 0.000000 0.000000 0.000000 0.000000 0.000000 0.000000 0.000001 0.000001 0.000001 0.000001 0.000001 0.000002 0.000002 0.000002 0.000002 0.000002 0.000002 0.000002 0.000003 0.000002 0.000002 0.000002 0.000002 0.000002 0.000002 0.000002 0.000001 0.000001 0.000001 0.000001 0.000001 0.000000 0.000000 0.000000 0.000000 0.000000 0.000000 0.000000 0.000000 0.000000 0.000000 0.000000 0.000000 0.000000 0.000000 0.000000 0.000000 0.000000 0.000000 0.000000 0.000000 0.000000 0.000000 0.000000 0.000000 0.000000 0.000000 0.000000 0.000000 0.000000 0.000000 0.000000 0.000000 0.000000 0.000000 0.000000 0.000000 0.000000 
0.000000 0.000000 0.000000 0.000000 0.000000 0.000000 0.000000 0.000000 0.000000 0.000000 0.000000 0.000000 0.000000 0.000000 0.000000 0.000000 0.000000 0.000000 0.000000 0.000000 0.000000 0.000000 0.000000 0.000000 0.000000 0.000000 0.000000 0.000000 0.000000 0.000000 0.000000 0.000000 0.000000 0.000000 0.000000 0.000001 0.000001 0.000001 0.000001 0.000002 0.000002 0.000003 0.000003 0.000003 0.000004 0.000004 0.000005 0.000005 0.000005 0.000006 0.000006 0.000006 0.000005 0.000005 0.000005 0.000004 0.000004 0.000003 0.000003 0.000003 0.000002 0.000002 0.000001 0.000001 0.000001 0.000001 0.000000 0.000000 0.000000 0.000000 0.000000 0.000000 0.000000 0.000000 0.000000 0.000000 0.000000 0.000000 0.000000 0.000000 0.000000 0.000000 0.000000 0.000000 0.000000 0.000000 0.000000 0.000000 0.000000 0.000000 0.000000 0.000000 0.000000 0.000000 0.000000 0.000000 0.000000 0.000000 0.000000 0.000000 
0.000000 0.000000 0.000000 0.000000 0.000000 0.000000 0.000000 0.000000 0.000000 0.000000 0.000000 0.000000 0.000000 0.000000 0.000000 0.000000 0.000000 0.000000 0.000000 0.000000 0.000000 0.000000 0.000000 0.000000 0.000000 0.000000 0.000000 0.000000 0.000000 0.000000 0.000000 0.000000 0.000000 0.000001 0.000001 0.000001 0.000002 0.000002 0.000003 0.000004 0.000005 0.000005 0.000007 0.000008 0.000009 0.000010 0.000011 0.000011 0.000012 0.000012 0.000012 0.000012 0.000012 0.000011 0.000011 0.000010 0.000009 0.000008 0.000007 0.000005 0.000005 0.000004 0.000003 0.000002 0.000002 0.000001 0.000001 0.000001 0.000000 0.000000 0.000000 0.000000 0.000000 0.000000 0.000000 0.000000 0.000000 0.000000 0.000000 0.000000 0.000000 0.000000 0.000000 0.000000 0.000000 0.000000 0.000000 0.000000 0.000000 0.000000 0.000000 0.000000 0.000000 0.000000 0.000000 0.000000 0.000000 0.000000 0.000000 0.000000 
0.000000 0.000000 0.000000 0.000000 0.000000 0.000000 0.000000 0.000000 0.000000 0.000000 0.000000 0.000000 0.000000 0.000000 0.000000 0.000000 0.000000 0.000000 0.000000 0.000000 0.000000 0.000000 0.000000 0.000000 0.000000 0.000000 0.000000 0.000000 0.000000 0.000000 0.000001 0.000001 0.000001 0.000002 0.000002 0.000003 0.000004 0.000005 0.000006 0.000008 0.000010 0.000012 0.000014 0.000016 0.000019 0.000021 0.000023 0.000024 0.000026 0.000026 0.000027 0.000026 0.000026 0.000024 0.000023 0.000021 0.000019 0.000016 0.000014 0.000012 0.000010 0.000008 0.000006 0.000005 0.000004 0.000003 0.000002 0.000002 0.000001 0.000001 0.000001 0.000000 0.000000 0.000000 0.000000 0.000000 0.000000 0.000000 0.000000 0.000000 0.000000 0.000000 0.000000 0.000000 0.000000 0.000000 0.000000 0.000000 0.000000 0.000000 0.000000 0.000000 0.000000 0.000000 0.000000 0.000000 0.000000 0.000000 0.000000 0.000000 
0.000000 0.000000 0.000000 0.000000 0.000000 0.000000 0.000000 0.000000 0.000000 0.000000 0.000000 0.000000 0.000000 0.000000 0.000000 0.000000 0.000000 0.000000 0.000000 0.000000 0.000000 0.000000 0.000000 0.000000 0.000000 0.000000 0.000000 0.000000 0.000000 0.000001 0.000001 0.000002 0.000002 0.000003 0.000004 0.000006 0.000008 0.000011 0.000014 0.000017 0.000021 0.000025 0.000030 0.000035 0.000039 0.000044 0.000048 0.000052 0.000054 0.000056 0.000056 0.000056 0.000054 0.000052 0.000048 0.000044 0.000039 0.000035 0.000030 0.000025 0.000021 0.000017 0.000014 0.000011 0.000008 0.000006 0.000004 0.000003 0.000002 0.000002 0.000001 0.000001 0.000000 0.000000 0.000000 0.000000 0.000000 0.000000 0.000000 0.000000 0.000000 0.000000 0.000000 0.000000 0.000000 0.000000 0.000000 0.000000 0.000000 0.000000 0.000000 0.000000 0.000000 0.000000 0.000000 0.000000 0.000000 0.000000 0.000000 0.000000 
0.000000 0.000000 0.000000 0.000000 0.000000 0.000000 0.000000 0.000000 0.000000 0.000000 0.000000 0.000000 0.000000 0.000000 0.000000 0.000000 0.000000 0.000000 0.000000 0.000000 0.000000 0.000000 0.000000 0.000000 0.000000 0.000000 0.000000 0.000001 0.000001 0.000002 0.000002 0.000003 0.000005 0.000007 0.000009 0.000013 0.000017 0.000022 0.000028 0.000035 0.000044 0.000053 0.000062 0.000072 0.000082 0.000092 0.000100 0.000107 0.000113 0.000116 0.000117 0.000116 0.000113 0.000107 0.000100 0.000092 0.000082 0.000072 0.000062 0.000053 0.000044 0.000035 0.000028 0.000022 0.000017 0.000013 0.000009 0.000007 0.000005 0.000003 0.000002 0.000002 0.000001 0.000001 0.000000 0.000000 0.000000 0.000000 0.000000 0.000000 0.000000 0.000000 0.000000 0.000000 0.000000 0.000000 0.000000 0.000000 0.000000 0.000000 0.000000 0.000000 0.000000 0.000000 0.000000 0.000000 0.000000 0.000000 0.000000 0.000000 
0.000000 0.000000 0.000000 0.000000 0.000000 0.000000 0.000000 0.000000 0.000000 0.000000 0.000000 0.000000 0.000000 0.000000 0.000000 0.000000 0.000000 0.000000 0.000000 0.000000 0.000000 0.000000 0.000000 0.000000 0.000000 0.000001 0.000001 0.000001 0.000002 0.000003 0.000005 0.000007 0.000010 0.000014 0.000019 0.000026 0.000035 0.000045 0.000058 0.000073 0.000090 0.000108 0.000128 0.000148 0.000169 0.000188 0.000205 0.000220 0.000231 0.000238 0.000240 0.000238 0.000231 0.000220 0.000205 0.000188 0.000169 0.000148 0.000128 0.000108 0.000090 0.000073 0.000058 0.000045 0.000035 0.000026 0.000019 0.000014 0.000010 0.000007 0.000005 0.000003 0.000002 0.000001 0.000001 0.000001 0.000000 0.000000 0.000000 0.000000 0.000000 0.000000 0.000000 0.000000 0.000000 0.000000 0.000000 0.000000 0.000000 0.000000 0.000000 0.000000 0.000000 0.000000 0.000000 0.000000 0.000000 0.000000 0.000000 0.000000 
0.000000 0.000000 0.000000 0.000000 0.000000 0.000000 0.000000 0.000000 0.000000 0.000000 0.000000 0.000000 0.000000 0.000000 0.000000 0.000000 0.000000 0.000000 0.000000 0.000000 0.000000 0.000000 0.000000 0.000000 0.000001 0.000001 0.000002 0.000003 0.000004 0.000006 0.000010 0.000014 0.000020 0.000028 0.000039 0.000053 0.000071 0.000092 0.000118 0.000147 0.000181 0.000218 0.000258 0.000299 0.000340 0.000379 0.000414 0.000443 0.000466 0.000479 0.000484 0.000479 0.000466 0.000443 0.000414 0.000379 0.000340 0.000299 0.000258 0.000218 0.000181 0.000147 0.000118 0.000092 0.000071 0.000053 0.000039 0.000028 0.000020 0.000014 0.000010 0.000006 0.000004 0.000003 0.000002 0.000001 0.000001 0.000000 0.000000 0.000000 0.000000 0.000000 0.000000 0.000000 0.000000 0.000000 0.000000 0.000000 0.000000 0.000000 0.000000 0.000000 0.000000 0.000000 0.000000 0.000000 0.000000 0.000000 0.000000 0.000000 
0.000000 0.000000 0.000000 0.000000 0.000000 0.000000 0.000000 0.000000 0.000000 0.000000 0.000000 0.000000 0.000000 0.000000 0.000000 0.000000 0.000000 0.000000 0.000000 0.000000 0.000000 0.000000 0.000000 0.000001 0.000001 0.000002 0.000003 0.000005 0.000008 0.000013 0.000019 0.000028 0.000040 0.000057 0.000078 0.000106 0.000140 0.000183 0.000233 0.000292 0.000359 0.000433 0.000511 0.000592 0.000673 0.000750 0.000819 0.000877 0.000921 0.000949 0.000958 0.000949 0.000921 0.000877 0.000819 0.000750 0.000673 0.000592 0.000511 0.000433 0.000359 0.000292 0.000233 0.000183 0.000140 0.000106 0.000078 0.000057 0.000040 0.000028 0.000019 0.000013 0.000008 0.000005 0.000003 0.000002 0.000001 0.000001 0.000000 0.000000 0.000000 0.000000 0.000000 0.000000 0.000000 0.000000 0.000000 0.000000 0.000000 0.000000 0.000000 0.000000 0.000000 0.000000 0.000000 0.000000 0.000000 0.000000 0.000000 0.000000 
0.000000 0.000000 0.000000 0.000000 0.000000 0.000000 0.000000 0.000000 0.000000 0.000000 0.000000 0.000000 0.000000 0.000000 0.000000 0.000000 0.000000 0.000000 0.000000 0.000000 0.000000 0.000001 0.000001 0.000002 0.000003 0.000004 0.000007 0.000011 0.000017 0.000025 0.000038 0.000055 0.000079 0.000111 0.000153 0.000207 0.000274 0.000357 0.000456 0.000570 0.000700 0.000843 0.000996 0.001154 0.001310 0.001459 0.001594 0.001707 0.001793 0.001846 0.001864 0.001846 0.001793 0.001707 0.001594 0.001459 0.001310 0.001154 0.000996 0.000843 0.000700 0.000570 0.000456 0.000357 0.000274 0.000207 0.000153 0.000111 0.000079 0.000055 0.000038 0.000025 0.000017 0.000011 0.000007 0.000004 0.000003 0.000002 0.000001 0.000001 0.000000 0.000000 0.000000 0.000000 0.000000 0.000000 0.000000 0.000000 0.000000 0.000000 0.000000 0.000000 0.000000 0.000000 0.000000 0.000000 0.000000 0.000000 0.000000 0.000000 
0.000000 0.000000 0.000000 0.000000 0.000000 0.000000 0.000000 0.000000 0.000000 0.000000 0.000000 0.000000 0.000000 0.000000 0.000000 0.000000 0.000000 0.000000 0.000000 0.000000 0.000001 0.000001 0.000002 0.000003 0.000005 0.000008 0.000013 0.000021 0.000032 0.000049 0.000073 0.000106 0.000152 0.000213 0.000294 0.000397 0.000527 0.000685 0.000874 0.001093 0.001342 0.001615 0.001907 0.002208 0.002507 0.002792 0.003048 0.003264 0.003428 0.003530 0.003565 0.003530 0.003428 0.003264 0.003048 0.002792 0.002507 0.002208 0.001907 0.001615 0.001342 0.001093 0.000874 0.000685 0.000527 0.000397 0.000294 0.000213 0.000152 0.000106 0.000073 0.000049 0.000032 0.000021 0.000013 0.000008 0.000005 0.000003 0.000002 0.000001 0.000001 0.000000 0.000000 0.000000 0.000000 0.000000 0.000000 0.000000 0.000000 0.000000 0.000000 0.000000 0.000000 0.000000 0.000000 0.000000 0.000000 0.000000 0.000000 0.000000 
0.000000 0.000000 0.000000 0.000000 0.000000 0.000000 0.000000 0.000000 0.000000 0.000000 0.000000 0.000000 0.000000 0.000000 0.000000 0.000000 0.000000 0.000000 0.000000 0.000001 0.000001 0.000002 0.000003 0.000006 0.000010 0.000016 0.000025 0.000040 0.000061 0.000093 0.000138 0.000201 0.000287 0.000403 0.000555 0.000750 0.000994 0.001292 0.001647 0.002060 0.002527 0.003041 0.003588 0.004153 0.004714 0.005248 0.005730 0.006135 0.006441 0.006633 0.006698 0.006633 0.006441 0.006135 0.005730 0.005248 0.004714 0.004153 0.003588 0.003041 0.002527 0.002060 0.001647 0.001292 0.000994 0.000750 0.000555 0.000403 0.000287 0.000201 0.000138 0.000093 0.000061 0.000040 0.000025 0.000016 0.000010 0.000006 0.000003 0.000002 0.000001 0.000001 0.000000 0.000000 0.000000 0.000000 0.000000 0.000000 0.000000 0.000000 0.000000 0.000000 0.000000 0.000000 0.000000 0.000000 0.000000 0.000000 0.000000 0.000000 
0.000000 0.000000 0.000000 0.000000 0.000000 0.000000 0.000000 0.000000 0.000000 0.000000 0.000000 0.000000 0.000000 0.000000 0.000000 0.000000 0.000000 0.000000 0.000001 0.000001 0.000002 0.000004 0.000006 0.000011 0.000018 0.000029 0.000047 0.000074 0.000114 0.000173 0.000256 0.000374 0.000534 0.000749 0.001031 0.001391 0.001843 0.002394 0.003051 0.003814 0.004676 0.005624 0.006635 0.007677 0.008712 0.009696 0.010583 0.011329 0.011894 0.012247 0.012367 0.012247 0.011894 0.011329 0.010583 0.009696 0.008712 0.007677 0.006635 0.005624 0.004676 0.003814 0.003051 0.002394 0.001843 0.001391 0.001031 0.000749 0.000534 0.000374 0.000256 0.000173 0.000114 0.000074 0.000047 0.000029 0.000018 0.000011 0.000006 0.000004 0.000002 0.000001 0.000001 0.000000 0.000000 0.000000 0.000000 0.000000 0.000000 0.000000 0.000000 0.000000 0.000000 0.000000 0.000000 0.000000 0.000000 0.000000 0.000000 0.000000 
0.000000 0.000000 0.000000 0.000000 0.000000 0.000000 0.000000 0.000000 0.000000 0.000000 0.000000 0.000000 0.000000 0.000000 0.000000 0.000000 0.000000 0.000001 0.000001 0.000002 0.000004 0.000007 0.000012 0.000020 0.000033 0.000054 0.000087 0.000136 0.000209 0.000316 0.000469 0.000683 0.000975 0.001367 0.001880 0.002536 0.003357 0.004359 0.005552 0.006937 0.008503 0.010222 0.012054 0.013943 0.015818 0.017601 0.019208 0.020560 0.021583 0.022221 0.022438 0.022221 0.021583 0.020560 0.019208 0.017601 0.015818 0.013943 0.012054 0.010222 0.008503 0.006937 0.005552 0.004359 0.003357 0.002536 0.001880 0.001367 0.000975 0.000683 0.000469 0.000316 0.000209 0.000136 0.000087 0.000054 0.000033 0.000020 0.000012 0.000007 0.000004 0.000002 0.000001 0.000001 0.000000 0.000000 0.000000 0.000000 0.000000 0.000000 0.000000 0.000000 0.000000 0.000000 0.000000 0.000000 0.000000 0.000000 0.000000 0.000000 
0.000000 0.000000 0.000000 0.000000 0.000000 0.000000 0.000000 0.000000 0.000000 0.000000 0.000000 0.000000 0.000000 0.000000 0.000000 0.000000 0.000001 0.000001 0.000002 0.000004 0.000007 0.000012 0.000021 0.000036 0.000060 0.000098 0.000156 0.000245 0.000377 0.000569 0.000843 0.001226 0.001750 0.002452 0.003369 0.004542 0.006008 0.007797 0.009927 0.012397 0.015189 0.018253 0.021518 0.024881 0.028220 0.031393 0.034254 0.036659 0.038480 0.039615 0.040001 0.039615 0.038480 0.036659 0.034254 0.031393 0.028220 0.024881 0.021518 0.018253 0.015189 0.012397 0.009927 0.007797 0.006008 0.004542 0.003369 0.002452 0.001750 0.001226 0.000843 0.000569 0.000377 0.000245 0.000156 0.000098 0.000060 0.000036 0.000021 0.000012 0.000007 0.000004 0.000002 0.000001 0.000001 0.000000 0.000000 0.000000 0.000000 0.000000 0.000000 0.000000 0.000000 0.000000 0.000000 0.000000 0.000000 0.000000 0.000000 0.000000 
0.000000 0.000000 0.000000 0.000000 0.000000 0.000000 0.000000 0.000000 0.000000 0.000000 0.000000 0.000000 0.000000 0.000000 0.000000 0.000001 0.000001 0.000002 0.000004 0.000007 0.000013 0.000022 0.000038 0.000064 0.000107 0.000173 0.000276 0.000433 0.000666 0.001005 0.001488 0.002163 0.003085 0.004318 0.005930 0.007991 0.010564 0.013702 0.017436 0.021767 0.026656 0.032023 0.037737 0.043623 0.049464 0.055015 0.060018 0.064222 0.067405 0.069390 0.070065 0.069390 0.067405 0.064222 0.060018 0.055015 0.049464 0.043623 0.037737 0.032023 0.026656 0.021767 0.017436 0.013702 0.010564 0.007991 0.005930 0.004318 0.003085 0.002163 0.001488 0.001005 0.000666 0.000433 0.000276 0.000173 0.000107 0.000064 0.000038 0.000022 0.000013 0.000007 0.000004 0.000002 0.000001 0.000001 0.000000 0.000000 0.000000 0.000000 0.000000 0.000000 0.000000 0.000000 0.000000 0.000000 0.000000 0.000000 0.000000 0.000000 
0.000000 0.000000 0.000000 0.000000 0.000000 0.000000 0.000000 0.000000 0.000000 0.000000 0.000000 0.000000 0.000000 0.000000 0.000001 0.000001 0.000002 0.000004 0.000007 0.000012 0.000022 0.000039 0.000067 0.000112 0.000186 0.000302 0.000481 0.000753 0.001156 0.001744 0.002581 0.003748 0.005342 0.007472 0.010255 0.013810 0.018247 0.023655 0.030087 0.037543 0.045958 0.055191 0.065019 0.075138 0.085177 0.094716 0.103311 0.110534 0.116001 0.119411 0.120569 0.119411 0.116001 0.110534 0.103311 0.094716 0.085177 0.075138 0.065019 0.055191 0.045958 0.037543 0.030087 0.023655 0.018247 0.013810 0.010255 0.007472 0.005342 0.003748 0.002581 0.001744 0.001156 0.000753 0.000481 0.000302 0.000186 0.000112 0.000067 0.000039 0.000022 0.000012 0.000007 0.000004 0.000002 0.000001 0.000001 0.000000 0.000000 0.000000 0.000000 0.000000 0.000000 0.000000 0.000000 0.000000 0.000000 0.000000 0.000000 0.000000 
0.000000 0.000000 0.000000 0.000000 0.000000 0.000000 0.000000 0.000000 0.000000 0.000000 0.000000 0.000000 0.000000 0.000000 0.000001 0.000002 0.000003 0.000006 0.000012 0.000021 0.000038 0.000067 0.000114 0.000192 0.000318 0.000516 0.000822 0.001285 0.001972 0.002972 0.004395 0.006378 0.009085 0.012699 0.017418 0.023443 0.030958 0.040114 0.050997 0.063608 0.077836 0.093441 0.110045 0.127137 0.144089 0.160193 0.174701 0.186891 0.196117 0.201870 0.203825 0.201870 0.196117 0.186891 0.174701 0.160193 0.144089 0.127137 0.110045 0.093441 0.077836 0.063608 0.050997 0.040114 0.030958 0.023443 0.017418 0.012699 0.009085 0.006378 0.004395 0.002972 0.001972 0.001285 0.000822 0.000516 0.000318 0.000192 0.000114 0.000067 0.000038 0.000021 0.000012 0.000006 0.000003 0.000002 0.000001 0.000000 0.000000 0.000000 0.000000 0.000000 0.000000 0.000000 0.000000 0.000000 0.000000 0.000000 0.000000 0.000000 
0.000000 0.000000 0.000000 0.000000 0.000000 0.000000 0.000000 0.000000 0.000000 0.000000 0.000000 0.000000 0.000000 0.000001 0.000002 0.000003 0.000006 0.000011 0.000020 0.000036 0.000064 0.000112 0.000192 0.000323 0.000534 0.000866 0.001378 0.002154 0.003303 0.004974 0.007350 0.010660 0.015174 0.021196 0.029057 0.039086 0.051591 0.066816 0.084906 0.105859 0.129489 0.155397 0.182955 0.211315 0.239436 0.266143 0.290201 0.310411 0.325705 0.335242 0.338483 0.335242 0.325705 0.310411 0.290201 0.266143 0.239436 0.211315 0.182955 0.155397 0.129489 0.105859 0.084906 0.066816 0.051591 0.039086 0.029057 0.021196 0.015174 0.010660 0.007350 0.004974 0.003303 0.002154 0.001378 0.000866 0.000534 0.000323 0.000192 0.000112 0.000064 0.000036 0.000020 0.000011 0.000006 0.000003 0.000002 0.000001 0.000000 0.000000 0.000000 0.000000 0.000000 0.000000 0.000000 0.000000 0.000000 0.000000 0.000000 0.000000 
0.000000 0.000000 0.000000 0.000000 0.000000 0.000000 0.000000 0.000000 0.000000 0.000000 0.000000 0.000000 0.000001 0.000001 0.000003 0.000005 0.000010 0.000018 0.000033 0.000060 0.000107 0.000186 0.000318 0.000534 0.000881 0.001427 0.002270 0.003545 0.005433 0.008174 0.012071 0.017497 0.024890 0.034748 0.047606 0.064004 0.084439 0.109309 0.138844 0.173039 0.211588 0.253840 0.298769 0.344992 0.390815 0.434324 0.473512 0.506427 0.531333 0.546863 0.552140 0.546863 0.531333 0.506427 0.473512 0.434324 0.390815 0.344992 0.298769 0.253840 0.211588 0.173039 0.138844 0.109309 0.084439 0.064004 0.047606 0.034748 0.024890 0.017497 0.012071 0.008174 0.005433 0.003545 0.002270 0.001427 0.000881 0.000534 0.000318 0.000186 0.000107 0.000060 0.000033 0.000018 0.000010 0.000005 0.000003 0.000001 0.000001 0.000000 0.000000 0.000000 0.000000 0.000000 0.000000 0.000000 0.000000 0.000000 0.000000 0.000000 
0.000000 0.000000 0.000000 0.000000 0.000000 0.000000 0.000000 0.000000 0.000000 0.000000 0.000000 0.000001 0.000001 0.000002 0.000004 0.000008 0.000016 0.000029 0.000054 0.000098 0.000173 0.000302 0.000516 0.000866 0.001427 0.002311 0.003672 0.005729 0.008775 0.013192 0.019469 0.028201 0.040092 0.055939 0.076598 0.102930 0.135728 0.175626 0.222988 0.277801 0.339572 0.407252 0.479200 0.553200 0.626544 0.696170 0.758870 0.811527 0.851367 0.876207 0.884647 0.876207 0.851367 0.811527 0.758870 0.696170 0.626544 0.553200 0.479200 0.407252 0.339572 0.277801 0.222988 0.175626 0.135728 0.102930 0.076598 0.055939 0.040092 0.028201 0.019469 0.013192 0.008775 0.005729 0.003672 0.002311 0.001427 0.000866 0.000516 0.000302 0.000173 0.000098 0.000054 0.000029 0.000016 0.000008 0.000004 0.000002 0.000001 0.000001 0.000000 0.000000 0.000000 0.000000 0.000000 0.000000 0.000000 0.000000 0.000000 0.000000 
0.000000 0.000000 0.000000 0.000000 0.000000 0.000000 0.000000 0.000000 0.000000 0.000000 0.000000 0.000001 0.000002 0.000003 0.000007 0.000013 0.000025 0.000047 0.000087 0.000156 0.000276 0.000481 0.000822 0.001378 0.002270 0.003672 0.005831 0.009091 0.013914 0.020906 0.030832 0.044632 0.063415 0.088433 0.121028 0.162554 0.214254 0.277116 0.351708 0.438002 0.535216 0.641696 0.754858 0.871219 0.986521 1.095958 1.194494 1.277235 1.339832 1.378857 1.392117 1.378857 1.339832 1.277235 1.194494 1.095958 0.986521 0.871219 0.754858 0.641696 0.535216 0.438002 0.351708 0.277116 0.214254 0.162554 0.121028 0.088433 0.063415 0.044632 0.030832 0.020906 0.013914 0.009091 0.005831 0.003672 0.002270 0.001378 0.000822 0.000481 0.000276 0.000156 0.000087 0.000047 0.000025 0.000013 0.000007 0.000003 0.000002 0.000001 0.000000 0.000000 0.000000 0.000000 0.000000 0.000000 0.000000 0.000000 0.000000 0.000000 
0.000000 0.000000 0.000000 0.000000 0.000000 0.000000 0.000000 0.000000 0.000000 0.000000 0.000001 0.000001 0.000003 0.000005 0.000011 0.000021 0.000040 0.000074 0.000136 0.000245 0.000433 0.000753 0.001285 0.002154 0.003545 0.005729 0.009091 0.014164 0.021663 0.032527 0.047941 0.069359 0.098493 0.137275 0.187780 0.252090 0.332120 0.429388 0.544759 0.678181 0.828438 0.992965 1.167770 1.347472 1.525500 1.694443 1.846533 1.974228 2.070825 2.131043 2.151504 2.131043 2.070825 1.974228 1.846533 1.694443 1.525500 1.347472 1.167770 0.992965 0.828438 0.678181 0.544759 0.429388 0.332120 0.252090 0.187780 0.137275 0.098493 0.069359 0.047941 0.032527 0.021663 0.014164 0.009091 0.005729 0.003545 0.002154 0.001285 0.000753 0.000433 0.000245 0.000136 0.000074 0.000040 0.000021 0.000011 0.000005 0.000003 0.000001 0.000001 0.000000 0.000000 0.000000 0.000000 0.000000 0.000000 0.000000 0.000000 0.000000 
0.000000 0.000000 0.000000 0.000000 0.000000 0.000000 0.000000 0.000000 0.000000 0.000000 0.000001 0.000002 0.000004 0.000008 0.000017 0.000032 0.000061 0.000114 0.000209 0.000377 0.000666 0.001156 0.001972 0.003303 0.005433 0.008775 0.013914 0.021663 0.033112 0.049686 0.073189 0.105826 0.150198 0.209233 0.286075 0.383875 0.505528 0.653324 0.828563 1.031147 1.259219 1.508879 1.774066 2.046617 2.316574 2.572709 2.803260 2.996809 3.143209 3.234469 3.265475 3.234469 3.143209 2.996809 2.803260 2.572709 2.316574 2.046617 1.774066 1.508879 1.259219 1.031147 0.828563 0.653324 0.505528 0.383875 0.286075 0.209233 0.150198 0.105826 0.073189 0.049686 0.033112 0.021663 0.013914 0.008775 0.005433 0.003303 0.001972 0.001156 0.000666 0.000377 0.000209 0.000114 0.000061 0.000032 0.000017 0.000008 0.000004 0.000002 0.000001 0.000000 0.000000 0.000000 0.000000 0.000000 0.000000 0.000000 0.000000 0.000000 
0.000000 0.000000 0.000000 0.000000 0.000000 0.000000 0.000000 0.000000 0.000000 0.000001 0.000002 0.000003 0.000006 0.000013 0.000025 0.000049 0.000093 0.000173 0.000316 0.000569 0.001005 0.001744 0.002972 0.004974 0.008174 0.013192 0.020906 0.032527 0.049686 0.074512 0.109695 0.158527 0.224879 0.313116 0.427912 0.573955 0.755540 0.976062 1.237434 1.539493 1.879448 2.251481 2.646549 3.052498 3.454504 3.835863 4.179082 4.467184 4.685085 4.820909 4.867055 4.820909 4.685085 4.467184 4.179082 3.835863 3.454504 3.052498 2.646549 2.251481 1.879448 1.539493 1.237434 0.976062 0.755540 0.573955 0.427912 0.313116 0.224879 0.158527 0.109695 0.074512 0.049686 0.032527 0.020906 0.013192 0.008174 0.004974 0.002972 0.001744 0.001005 0.000569 0.000316 0.000173 0.000093 0.000049 0.000025 0.000013 0.000006 0.000003 0.000002 0.000001 0.000000 0.000000 0.000000 0.000000 0.000000 0.000000 0.000000 0.000000 
0.000000 0.000000 0.000000 0.000000 0.000000 0.000000 0.000000 0.000000 0.000001 0.000001 0.000002 0.000005 0.000010 0.000019 0.000038 0.000073 0.000138 0.000256 0.000469 0.000843 0.001488 0.002581 0.004395 0.007350 0.012071 0.019469 0.030832 0.047941 0.073189 0.109695 0.161405 0.233135 0.330552 0.460039 0.628425 0.842554 1.108688 1.431769 1.814567 2.256810 2.754393 3.298780 3.876736 4.470482 5.058352 5.615939 6.117695 6.538828 6.857320 7.055834 7.123277 7.055834 6.857320 6.538828 6.117695 5.615939 5.058352 4.470482 3.876736 3.298780 2.754393 2.256810 1.814567 1.431769 1.108688 0.842554 0.628425 0.460039 0.330552 0.233135 0.161405 0.109695 0.073189 0.047941 0.030832 0.019469 0.012071 0.007350 0.004395 0.002581 0.001488 0.000843 0.000469 0.000256 0.000138 0.000073 0.000038 0.000019 0.000010 0.000005 0.000002 0.000001 0.000001 0.000000 0.000000 0.000000 0.000000 0.000000 0.000000 0.000000 
0.000000 0.000000 0.000000 0.000000 0.000000 0.000000 0.000000 0.000000 0.000001 0.000002 0.000003 0.000007 0.000014 0.000028 0.000055 0.000106 0.000201 0.000374 0.000683 0.001226 0.002163 0.003748 0.006378 0.010660 0.017497 0.028201 0.044632 0.069359 0.105826 0.158527 0.233135 0.336577 0.476995 0.663556 0.906055 1.214306 1.597276 2.062029 2.612503 3.248268 3.963388 4.745575 5.575805 6.428544 7.272692 8.073234 8.793526 9.398018 9.855146 10.140055 10.236848 10.140055 9.855146 9.398018 8.793526 8.073234 7.272692 6.428544 5.575805 4.745575 3.963388 3.248268 2.612503 2.062029 1.597276 1.214306 0.906055 0.663556 0.476995 0.336577 0.233135 0.158527 0.105826 0.069359 0.044632 0.028201 0.017497 0.010660 0.006378 0.003748 0.002163 0.001226 0.000683 0.000374 0.000201 0.000106 0.000055 0.000028 0.000014 0.000007 0.000003 0.000002 0.000001 0.000000 0.000000 0.000000 0.000000 0.000000 0.000000 0.000000 
0.000000 0.000000 0.000000 0.000000 0.000000 0.000000 0.000000 0.000000 0.000001 0.000002 0.000005 0.000010 0.000020 0.000040 0.000079 0.000152 0.000287 0.000534 0.000975 0.001750 0.003085 0.005342 0.009085 0.015174 0.024890 0.040092 0.063415 0.098493 0.150198 0.224879 0.330552 0.476995 0.675696 0.939577 1.282441 1.718101 2.259170 2.915562 3.692778 4.590157 5.599277 6.702771 7.873788 9.076321 10.266537 11.395106 12.410418 13.262419 13.906670 14.308186 14.444592 14.308186 13.906670 13.262419 12.410418 11.395106 10.266537 9.076321 7.873788 6.702771 5.599277 4.590157 3.692778 2.915562 2.259170 1.718101 1.282441 0.939577 0.675696 0.476995 0.330552 0.224879 0.150198 0.098493 0.063415 0.040092 0.024890 0.015174 0.009085 0.005342 0.003085 0.001750 0.000975 0.000534 0.000287 0.000152 0.000079 0.000040 0.000020 0.000010 0.000005 0.000002 0.000001 0.000000 0.000000 0.000000 0.000000 0.000000 0.000000 0.000000 
0.000000 0.000000 0.000000 0.000000 0.000000 0.000000 0.000000 0.000001 0.000002 0.000003 0.000007 0.000014 0.000028 0.000057 0.000111 0.000213 0.000403 0.000749 0.001367 0.002452 0.004318 0.007472 0.012699 0.021196 0.034748 0.055939 0.088433 0.137275 0.209233 0.313116 0.460039 0.663556 0.939577 1.305991 1.781894 2.386381 3.136869 4.047024 5.124395 6.367994 7.766094 9.294596 10.916291 12.581329 14.229047 15.791206 17.196436 18.375528 19.267051 19.822650 20.011397 19.822650 19.267051 18.375528 17.196436 15.791206 14.229047 12.581329 10.916291 9.294596 7.766094 6.367994 5.124395 4.047024 3.136869 2.386381 1.781894 1.305991 0.939577 0.663556 0.460039 0.313116 0.209233 0.137275 0.088433 0.055939 0.034748 0.021196 0.012699 0.007472 0.004318 0.002452 0.001367 0.000749 0.000403 0.000213 0.000111 0.000057 0.000028 0.000014 0.000007 0.000003 0.000002 0.000001 0.000000 0.000000 0.000000 0.000000 0.000000 0.000000 
0.000000 0.000000 0.000000 0.000000 0.000000 0.000000 0.000000 0.000001 0.000002 0.000004 0.000009 0.000019 0.000039 0.000078 0.000153 0.000294 0.000555 0.001031 0.001880 0.003369 0.005930 0.010255 0.017418 0.029057 0.047606 0.076598 0.121028 0.187780 0.286075 0.427912 0.628425 0.906055 1.282441 1.781894 2.430355 3.253739 4.275666 5.514634 6.980818 8.672782 10.574500 12.653144 14.858095 17.121585 19.361191 21.484229 23.393785 24.995907 26.207208 26.962060 27.218491 26.962060 26.207208 24.995907 23.393785 21.484229 19.361191 17.121585 14.858095 12.653144 10.574500 8.672782 6.980818 5.514634 4.275666 3.253739 2.430355 1.781894 1.282441 0.906055 0.628425 0.427912 0.286075 0.187780 0.121028 0.076598 0.047606 0.029057 0.017418 0.010255 0.005930 0.003369 0.001880 0.001031 0.000555 0.000294 0.000153 0.000078 0.000039 0.000019 0.000009 0.000004 0.000002 0.000001 0.000000 0.000000 0.000000 0.000000 0.000000 0.000000 
0.000000 0.000000 0.000000 0.000000 0.000000 0.000000 0.000001 0.000001 0.000003 0.000006 0.000013 0.000026 0.000053 0.000106 0.000207 0.000397 0.000750 0.001391 0.002536 0.004542 0.007991 0.013810 0.023443 0.039086 0.064004 0.102930 0.162554 0.252090 0.383875 0.573955 0.842554 1.214306 1.718101 2.386381 3.253739 4.354712 5.720749 7.376442 9.335260 11.595168 14.134673 16.909875 19.853173 22.874119 25.862765 28.695509 31.243148 33.380448 34.996278 36.003181 36.345229 36.003181 34.996278 33.380448 31.243148 28.695509 25.862765 22.874119 19.853173 16.909875 14.134673 11.595168 9.335260 7.376442 5.720749 4.354712 3.253739 2.386381 1.718101 1.214306 0.842554 0.573955 0.383875 0.252090 0.162554 0.102930 0.064004 0.039086 0.023443 0.013810 0.007991 0.004542 0.002536 0.001391 0.000750 0.000397 0.000207 0.000106 0.000053 0.000026 0.000013 0.000006 0.000003 0.000001 0.000001 0.000000 0.000000 0.000000 0.000000 0.000000 
0.000000 0.000000 0.000000 0.000000 0.000000 0.000000 0.000001 0.000002 0.000004 0.000008 0.000017 0.000035 0.000071 0.000140 0.000274 0.000527 0.000994 0.001843 0.003357 0.006008 0.010564 0.018247 0.030958 0.051591 0.084439 0.135728 0.214254 0.332120 0.505528 0.755540 1.108688 1.597276 2.259170 3.136869 4.275666 5.720749 7.513234 9.685223 12.254225 15.217437 18.546561 22.183977 26.041053 29.999281 33.914665 37.625380 40.962308 43.761555 45.877705 47.196332 47.644265 47.196332 45.877705 43.761555 40.962308 37.625380 33.914665 29.999281 26.041053 22.183977 18.546561 15.217437 12.254225 9.685223 7.513234 5.720749 4.275666 3.136869 2.259170 1.597276 1.108688 0.755540 0.505528 0.332120 0.214254 0.135728 0.084439 0.051591 0.030958 0.018247 0.010564 0.006008 0.003357 0.001843 0.000994 0.000527 0.000274 0.000140 0.000071 0.000035 0.000017 0.000008 0.000004 0.000002 0.000001 0.000000 0.000000 0.000000 0.000000 0.000000 
0.000000 0.000000 0.000000 0.000000 0.000000 0.000000 0.000001 0.000002 0.000005 0.000011 0.000022 0.000045 0.000092 0.000183 0.000357 0.000685 0.001292 0.002394 0.004359 0.007797 0.013702 0.023655 0.040114 0.066816 0.109309 0.175626 0.277116 0.429388 0.653324 0.976062 1.431769 2.062029 2.915562 4.047024 5.514634 7.376442 9.685223 12.482125 15.789509 19.603595 23.887829 28.567974 33.529956 38.621344 43.656995 48.428910 52.719759 56.318965 59.039716 60.735026 61.310906 60.735026 59.039716 56.318965 52.719759 48.428910 43.656995 38.621344 33.529956 28.567974 23.887829 19.603595 15.789509 12.482125 9.685223 7.376442 5.514634 4.047024 2.915562 2.062029 1.431769 0.976062 0.653324 0.429388 0.277116 0.175626 0.109309 0.066816 0.040114 0.023655 0.013702 0.007797 0.004359 0.002394 0.001292 0.000685 0.000357 0.000183 0.000092 0.000045 0.000022 0.000011 0.000005 0.000002 0.000001 0.000000 0.000000 0.000000 0.000000 0.000000 
0.000000 0.000000 0.000000 0.000000 0.000000 0.000001 0.000001 0.000003 0.000006 0.000014 0.000028 0.000058 0.000118 0.000233 0.000456 0.000874 0.001647 0.003051 0.005552 0.009927 0.017436 0.030087 0.050997 0.084906 0.138844 0.222988 0.351708 0.544759 0.828563 1.237434 1.814567 2.612503 3.692778 5.124395 6.980818 9.335260 12.254225 15.789509 19.969151 24.788178 30.200253 36.111493 42.377778 48.806640 55.164391 61.188567 66.604989 71.148037 74.582097 76.721801 77.448627 76.721801 74.582097 71.148037 66.604989 61.188567 55.164391 48.806640 42.377778 36.111493 30.200253 24.788178 19.969151 15.789509 12.254225 9.335260 6.980818 5.124395 3.692778 2.612503 1.814567 1.237434 0.828563 0.544759 0.351708 0.222988 0.138844 0.084906 0.050997 0.030087 0.017436 0.009927 0.005552 0.003051 0.001647 0.000874 0.000456 0.000233 0.000118 0.000058 0.000028 0.000014 0.000006 0.000003 0.000001 0.000001 0.000000 0.000000 0.000000 0.000000 
0.000000 0.000000 0.000000 0.000000 0.000000 0.000001 0.000002 0.000004 0.000008 0.000017 0.000035 0.000073 0.000147 0.000292 0.000570 0.001093 0.002060 0.003814 0.006937 0.012397 0.021767 0.037543 0.063608 0.105859 0.173039 0.277801 0.438002 0.678181 1.031147 1.539493 2.256810 3.248268 4.590157 6.367994 8.672782 11.595168 15.217437 19.603595 24.788178 30.764798 37.475807 44.804674 52.572677 60.541251 68.420849 75.886344 82.598168 88.227398 92.482303 95.133381 96.033899 95.133381 92.482303 88.227398 82.598168 75.886344 68.420849 60.541251 52.572677 44.804674 37.475807 30.764798 24.788178 19.603595 15.217437 11.595168 8.672782 6.367994 4.590157 3.248268 2.256810 1.539493 1.031147 0.678181 0.438002 0.277801 0.173039 0.105859 0.063608 0.037543 0.021767 0.012397 0.006937 0.003814 0.002060 0.001093 0.000570 0.000292 0.000147 0.000073 0.000035 0.000017 0.000008 0.000004 0.000002 0.000001 0.000000 0.000000 0.000000 0.000000 
0.000000 0.000000 0.000000 0.000000 0.000000 0.000001 0.000002 0.000005 0.000010 0.000021 0.000044 0.000090 0.000181 0.000359 0.000700 0.001342 0.002527 0.004676 0.008503 0.015189 0.026656 0.045958 0.077836 0.129489 0.211588 0.339572 0.535216 0.828438 1.259219 1.879448 2.754393 3.963388 5.599277 7.766094 10.574500 14.134673 18.546561 23.887829 30.200253 37.475807 45.644117 54.563223 64.015572 73.710910 83.297061 92.378670 100.542888 107.389866 112.565003 115.789354 116.884586 115.789354 112.565003 107.389866 100.542888 92.378670 83.297061 73.710910 64.015572 54.563223 45.644117 37.475807 30.200253 23.887829 18.546561 14.134673 10.574500 7.766094 5.599277 3.963388 2.754393 1.879448 1.259219 0.828438 0.535216 0.339572 0.211588 0.129489 0.077836 0.045958 0.026656 0.015189 0.008503 0.004676 0.002527 0.001342 0.000700 0.000359 0.000181 0.000090 0.000044 0.000021 0.000010 0.000005 0.000002 0.000001 0.000000 0.000000 0.000000 0.000000 
0.000000 0.000000 0.000000 0.000000 0.000000 0.000001 0.000003 0.000005 0.000012 0.000025 0.000053 0.000108 0.000218 0.000433 0.000843 0.001615 0.003041 0.005624 0.010222 0.018253 0.032023 0.055191 0.093441 0.155397 0.253840 0.407252 0.641696 0.992965 1.508879 2.251481 3.298780 4.745575 6.702771 9.294596 12.653144 16.909875 22.183977 28.567974 36.111493 44.804674 54.563223 65.217402 76.507286 88.086236 99.533781 110.377997 120.126160 128.301115 134.479739 138.329213 139.636768 138.329213 134.479739 128.301115 120.126160 110.377997 99.533781 88.086236 76.507286 65.217402 54.563223 44.804674 36.111493 28.567974 22.183977 16.909875 12.653144 9.294596 6.702771 4.745575 3.298780 2.251481 1.508879 0.992965 0.641696 0.407252 0.253840 0.155397 0.093441 0.055191 0.032023 0.018253 0.010222 0.005624 0.003041 0.001615 0.000843 0.000433 0.000218 0.000108 0.000053 0.000025 0.000012 0.000006 0.000003 0.000001 0.000000 0.000000 0.000000 0.000000 
0.000000 0.000000 0.000000 0.000000 0.000001 0.000001 0.000003 0.000007 0.000014 0.000030 0.000062 0.000128 0.000258 0.000511 0.000996 0.001907 0.003588 0.006635 0.012054 0.021518 0.037737 0.065019 0.110045 0.182955 0.298769 0.479200 0.754858 1.167770 1.774066 2.646549 3.876736 5.575805 7.873788 10.916291 14.858095 19.853173 26.041053 33.529956 42.377778 52.572677 64.015572 76.507286 89.743010 103.316404 116.734703 129.444953 140.869902 150.450603 157.691446 162.202614 163.734910 162.202614 157.691446 150.450603 140.869902 129.444953 116.734703 103.316404 89.743010 76.507286 64.015572 52.572677 42.377778 33.529956 26.041053 19.853173 14.858095 10.916291 7.873788 5.575805 3.876736 2.646549 1.774066 1.167770 0.754858 0.479200 0.298769 0.182955 0.110045 0.065019 0.037737 0.021518 0.012054 0.006635 0.003588 0.001907 0.000996 0.000511 0.000258 0.000128 0.000062 0.000030 0.000014 0.000007 0.000003 0.000001 0.000001 0.000000 0.000000 0.000000 
