0.000000 0.000000 0.000000 0.000000 0.000000 0.000000 0.000000 0.000000 0.000000 0.000000 0.000000 0.000000 0.000000 0.000000 0.000000 0.000000 0.000001 0.000001 0.000001 0.000002 0.000003 0.000004 0.000006 0.000008 0.000010 0.000014 0.000018 0.000024 0.000031 0.000039 0.000050 0.000062 0.000077 0.000094 0.000113 0.000135 0.000160 0.000186 0.000215 0.000245 0.000277 0.000309 0.000340 0.000371 0.000399 0.000425 0.000448 0.000466 0.000480 0.000488 0.000491 0.000488 0.000480 0.000466 0.000448 0.000425 0.000399 0.000371 0.000340 0.000309 0.000277 0.000245 0.000215 0.000186 0.000160 0.000135 0.000113 0.000094 0.000077 0.000062 0.000050 0.000039 0.000031 0.000024 0.000018 0.000014 0.000010 0.000008 0.000006 0.000004 0.000003 0.000002 0.000001 0.000001 0.000001 0.000000 0.000000 0.000000 0.000000 0.000000 0.000000 0.000000 0.000000 0.000000 0.000000 0.000000 0.000000 0.000000 0.000000 0.000000 
0.000000 0.000000 0.000000 0.000000 0.000000 0.000000 0.000000 0.000000 0.000000 0.000000 0.000000 0.000000 0.000000 0.000000 0.000000 0.000000 0.000001 0.000001 0.000001 0.000002 0.000003 0.000004 0.000006 0.000008 0.000010 0.000014 0.000018 0.000024 0.000031 0.000039 0.000050 0.000062 0.000077 0.000094 0.000113 0.000135 0.000160 0.000186 0.000215 0.000245 0.000277 0.000309 0.000340 0.000371 0.000399 0.000425 0.000448 0.000466 0.000480 0.000488 0.000491 0.000488 0.000480 0.000466 0.000448 0.000425 0.000399 0.000371 0.000340 0.000309 0.000277 0.000245 0.000215 0.000186 0.000160 0.000135 0.000113 0.000094 0.000077 0.000062 0.000050 0.000039 0.000031 0.000024 0.000018 0.000014 0.000010 0.000008 0.000006 0.000004 0.000003 0.000002 0.000001 0.000001 0.000001 0.000000 0.000000 0.000000 0.000000 0.000000 0.000000 0.000000 0.000000 0.000000 0.000000 0.000000 0.000000 0.000000 0.000000 0.000000 
0.000000 0.000000 0.000000 0.000000 0.000000 0.000000 0.000000 0.000000 0.000000 0.000000 0.000000 0.000000 0.000000 0.000000 0.000000 0.000001 0.000001 0.000001 0.000002 0.000003 0.000004 0.000005 0.000007 0.000010 0.000013 0.000018 0.000023 0.000031 0.000040 0.000051 0.000064 0.000080 0.000099 0.000121 0.000146 0.000174 0.000205 0.000240 0.000277 0.000316 0.000356 0.000397 0.000438 0.000477 0.000514 0.000547 0.000576 0.000600 0.000618 0.000628 0.000632 0.000628 0.000618 0.000600 0.000576 0.000547 0.000514 0.000477 0.000438 0.000397 0.000356 0.000316 0.000277 0.000240 0.000205 0.000174 0.000146 0.000121 0.000099 0.000080 0.000064 0.000051 0.000040 0.000031 0.000023 0.000018 0.000013 0.000010 0.000007 0.000005 0.000004 0.000003 0.000002 0.000001 0.000001 0.000001 0.000000 0.000000 0.000000 0.000000 0.000000 0.000000 0.000000 0.000000 0.000000 0.000000 0.000000 0.000000 0.000000 0.000000 
0.000000 0.000000 0.000000 0.000000 0.000000 0.000000 0.000000 0.000000 0.000000 0.000000 0.000000 0.000000 0.000000 0.000000 0.000001 0.000001 0.000001 0.000002 0.000003 0.000004 0.000006 0.000008 0.000011 0.000015 0.000020 0.000027 0.000035 0.000046 0.000060 0.000076 0.000096 0.000120 0.000148 0.000181 0.000219 0.000261 0.000309 0.000360 0.000415 0.000474 0.000534 0.000596 0.000657 0.000716 0.000771 0.000821 0.000864 0.000900 0.000926 0.000942 0.000947 0.000942 0.000926 0.000900 0.000864 0.000821 0.000771 0.000716 0.000657 0.000596 0.000534 0.000474 0.000415 0.000360 0.000309 0.000261 0.000219 0.000181 0.000148 0.000120 0.000096 0.000076 0.000060 0.000046 0.000035 0.000027 0.000020 0.000015 0.000011 0.000008 0.000006 0.000004 0.000003 0.000002 0.000001 0.000001 0.000001 0.000000 0.000000 0.000000 0.000000 0.000000 0.000000 0.000000 0.000000 0.000000 0.000000 0.000000 0.000000 0.000000 
0.000000 0.000000 0.000000 0.000000 0.000000 0.000000 0.000000 0.000000 0.000000 0.000000 0.000000 0.000000 0.000000 0.000001 0.000001 0.000001 0.000002 0.000003 0.000004 0.000006 0.000009 0.000013 0.000017 0.000024 0.000032 0.000043 0.000056 0.000074 0.000095 0.000122 0.000154 0.000192 0.000237 0.000290 0.000350 0.000418 0.000493 0.000575 0.000664 0.000757 0.000853 0.000951 0.001048 0.001142 0.001230 0.001310 0.001380 0.001436 0.001478 0.001503 0.001512 0.001503 0.001478 0.001436 0.001380 0.001310 0.001230 0.001142 0.001048 0.000951 0.000853 0.000757 0.000664 0.000575 0.000493 0.000418 0.000350 0.000290 0.000237 0.000192 0.000154 0.000122 0.000095 0.000074 0.000056 0.000043 0.000032 0.000024 0.000017 0.000013 0.000009 0.000006 0.000004 0.000003 0.000002 0.000001 0.000001 0.000001 0.000000 0.000000 0.000000 0.000000 0.000000 0.000000 0.000000 0.000000 0.000000 0.000000 0.000000 0.000000 
0.000000 0.000000 0.000000 0.000000 0.000000 0.000000 0.000000 0.000000 0.000000 0.000000 0.000000 0.000000 0.000001 0.000001 0.000002 0.000002 0.000003 0.000005 0.000007 0.000010 0.000015 0.000020 0.000028 0.000039 0.000052 0.000070 0.000092 0.000120 0.000155 0.000198 0.000251 0.000313 0.000386 0.000472 0.000569 0.000679 0.000801 0.000935 0.001078 0.001229 0.001386 0.001545 0.001702 0.001855 0.001997 0.002127 0.002239 0.002331 0.002398 0.002440 0.002454 0.002440 0.002398 0.002331 0.002239 0.002127 0.001997 0.001855 0.001702 0.001545 0.001386 0.001229 0.001078 0.000935 0.000801 0.000679 0.000569 0.000472 0.000386 0.000313 0.000251 0.000198 0.000155 0.000120 0.000092 0.000070 0.000052 0.000039 0.000028 0.000020 0.000015 0.000010 0.000007 0.000005 0.000003 0.000002 0.000002 0.000001 0.000001 0.000000 0.000000 0.000000 0.000000 0.000000 0.000000 0.000000 0.000000 0.000000 0.000000 0.000000 
0.000000 0.000000 0.000000 0.000000 0.000000 0.000000 0.000000 0.000000 0.000000 0.000000 0.000000 0.000001 0.000001 0.000002 0.000003 0.000004 0.000006 0.000008 0.000012 0.000017 0.000024 0.000033 0.000046 0.000063 0.000085 0.000113 0.000150 0.000196 0.000253 0.000323 0.000407 0.000508 0.000628 0.000766 0.000924 0.001103 0.001301 0.001517 0.001750 0.001995 0.002249 0.002506 0.002761 0.003008 0.003240 0.003449 0.003631 0.003779 0.003889 0.003956 0.003978 0.003956 0.003889 0.003779 0.003631 0.003449 0.003240 0.003008 0.002761 0.002506 0.002249 0.001995 0.001750 0.001517 0.001301 0.001103 0.000924 0.000766 0.000628 0.000508 0.000407 0.000323 0.000253 0.000196 0.000150 0.000113 0.000085 0.000063 0.000046 0.000033 0.000024 0.000017 0.000012 0.000008 0.000006 0.000004 0.000003 0.000002 0.000001 0.000001 0.000000 0.000000 0.000000 0.000000 0.000000 0.000000 0.000000 0.000000 0.000000 0.000000 
0.000000 0.000000 0.000000 0.000000 0.000000 0.000000 0.000000 0.000000 0.000000 0.000000 0.000001 0.000001 0.000002 0.000003 0.000004 0.000006 0.000009 0.000013 0.000019 0.000027 0.000039 0.000054 0.000074 0.000102 0.000137 0.000183 0.000242 0.000316 0.000408 0.000521 0.000657 0.000820 0.001012 0.001235 0.001490 0.001778 0.002097 0.002445 0.002819 0.003214 0.003622 0.004036 0.004446 0.004843 0.005216 0.005553 0.005846 0.006084 0.006259 0.006367 0.006404 0.006367 0.006259 0.006084 0.005846 0.005553 0.005216 0.004843 0.004446 0.004036 0.003622 0.003214 0.002819 0.002445 0.002097 0.001778 0.001490 0.001235 0.001012 0.000820 0.000657 0.000521 0.000408 0.000316 0.000242 0.000183 0.000137 0.000102 0.000074 0.000054 0.000039 0.000027 0.000019 0.000013 0.000009 0.000006 0.000004 0.000003 0.000002 0.000001 0.000001 0.000000 0.000000 0.000000 0.000000 0.000000 0.000000 0.000000 0.000000 0.000000 
0.000000 0.000000 0.000000 0.000000 0.000000 0.000000 0.000000 0.000000 0.000000 0.000001 0.000001 0.000002 0.000003 0.000004 0.000007 0.000010 0.000015 0.000021 0.000031 0.000044 0.000062 0.000086 0.000119 0.000163 0.000220 0.000293 0.000387 0.000505 0.000652 0.000832 0.001050 0.001310 0.001617 0.001973 0.002379 0.002838 0.003347 0.003902 0.004498 0.005127 0.005778 0.006438 0.007092 0.007724 0.008317 0.008855 0.009321 0.009700 0.009980 0.010152 0.010210 0.010152 0.009980 0.009700 0.009321 0.008855 0.008317 0.007724 0.007092 0.006438 0.005778 0.005127 0.004498 0.003902 0.003347 0.002838 0.002379 0.001973 0.001617 0.001310 0.001050 0.000832 0.000652 0.000505 0.000387 0.000293 0.000220 0.000163 0.000119 0.000086 0.000062 0.000044 0.000031 0.000021 0.000015 0.000010 0.000007 0.000004 0.000003 0.000002 0.000001 0.000001 0.000000 0.000000 0.000000 0.000000 0.000000 0.000000 0.000000 0.000000 
0.000000 0.000000 0.000000 0.000000 0.000000 0.000000 0.000000 0.000000 0.000001 0.000001 0.000002 0.000003 0.000005 0.000007 0.000011 0.000016 0.000023 0.000034 0.000049 0.000069 0.000098 0.000137 0.000189 0.000258 0.000348 0.000464 0.000613 0.000799 0.001032 0.001316 0.001661 0.002072 0.002556 0.003118 0.003760 0.004484 0.005287 0.006163 0.007104 0.008096 0.009122 0.010163 0.011195 0.012192 0.013127 0.013975 0.014709 0.015307 0.015748 0.016019 0.016111 0.016019 0.015748 0.015307 0.014709 0.013975 0.013127 0.012192 0.011195 0.010163 0.009122 0.008096 0.007104 0.006163 0.005287 0.004484 0.003760 0.003118 0.002556 0.002072 0.001661 0.001316 0.001032 0.000799 0.000613 0.000464 0.000348 0.000258 0.000189 0.000137 0.000098 0.000069 0.000049 0.000034 0.000023 0.000016 0.000011 0.000007 0.000005 0.000003 0.000002 0.000001 0.000001 0.000000 0.000000 0.000000 0.000000 0.000000 0.000000 0.000000 
0.000000 0.000000 0.000000 0.000000 0.000000 0.000000 0.000000 0.000001 0.000001 0.000002 0.000003 0.000005 0.000007 0.000011 0.000017 0.000025 0.000036 0.000053 0.000076 0.000109 0.000154 0.000215 0.000296 0.000404 0.000545 0.000727 0.000960 0.001252 0.001615 0.002060 0.002599 0.003242 0.003998 0.004876 0.005879 0.007010 0.008263 0.009632 0.011100 0.012649 0.014251 0.015875 0.017485 0.019040 0.020500 0.021823 0.022968 0.023900 0.024589 0.025012 0.025155 0.025012 0.024589 0.023900 0.022968 0.021823 0.020500 0.019040 0.017485 0.015875 0.014251 0.012649 0.011100 0.009632 0.008263 0.007010 0.005879 0.004876 0.003998 0.003242 0.002599 0.002060 0.001615 0.001252 0.000960 0.000727 0.000545 0.000404 0.000296 0.000215 0.000154 0.000109 0.000076 0.000053 0.000036 0.000025 0.000017 0.000011 0.000007 0.000005 0.000003 0.000002 0.000001 0.000001 0.000000 0.000000 0.000000 0.000000 0.000000 0.000000 
0.000000 0.000000 0.000000 0.000000 0.000000 0.000000 0.000001 0.000001 0.000002 0.000003 0.000005 0.000007 0.000011 0.000017 0.000026 0.000038 0.000056 0.000082 0.000119 0.000169 0.000239 0.000333 0.000459 0.000627 0.000845 0.001127 0.001487 0.001939 0.002501 0.003190 0.004023 0.005017 0.006187 0.007543 0.009094 0.010841 0.012778 0.014892 0.017161 0.019552 0.022026 0.024534 0.027019 0.029420 0.031673 0.033715 0.035482 0.036921 0.037984 0.038637 0.038857 0.038637 0.037984 0.036921 0.035482 0.033715 0.031673 0.029420 0.027019 0.024534 0.022026 0.019552 0.017161 0.014892 0.012778 0.010841 0.009094 0.007543 0.006187 0.005017 0.004023 0.003190 0.002501 0.001939 0.001487 0.001127 0.000845 0.000627 0.000459 0.000333 0.000239 0.000169 0.000119 0.000082 0.000056 0.000038 0.000026 0.000017 0.000011 0.000007 0.000005 0.000003 0.000002 0.000001 0.000001 0.000000 0.000000 0.000000 0.000000 0.000000 
0.000000 0.000000 0.000000 0.000000 0.000000 0.000001 0.000001 0.000002 0.000003 0.000005 0.000007 0.000011 0.000017 0.000026 0.000040 0.000059 0.000087 0.000127 0.000182 0.000260 0.000367 0.000511 0.000705 0.000961 0.001296 0.001728 0.002279 0.002972 0.003832 0.004887 0.006162 0.007682 0.009471 0.011546 0.013917 0.016587 0.019548 0.022779 0.026245 0.029899 0.033679 0.037509 0.041305 0.044972 0.048414 0.051531 0.054230 0.056427 0.058050 0.059047 0.059383 0.059047 0.058050 0.056427 0.054230 0.051531 0.048414 0.044972 0.041305 0.037509 0.033679 0.029899 0.026245 0.022779 0.019548 0.016587 0.013917 0.011546 0.009471 0.007682 0.006162 0.004887 0.003832 0.002972 0.002279 0.001728 0.001296 0.000961 0.000705 0.000511 0.000367 0.000260 0.000182 0.000127 0.000087 0.000059 0.000040 0.000026 0.000017 0.000011 0.000007 0.000005 0.000003 0.000002 0.000001 0.000001 0.000000 0.000000 0.000000 0.000000 
0.000000 0.000000 0.000000 0.000000 0.000001 0.000001 0.000002 0.000003 0.000004 0.000007 0.000011 0.000017 0.000026 0.000040 0.000060 0.000090 0.000132 0.000192 0.000277 0.000395 0.000557 0.000776 0.001070 0.001459 0.001966 0.002622 0.003456 0.004506 0.005809 0.007405 0.009335 0.011636 0.014343 0.017481 0.021068 0.025107 0.029584 0.034468 0.039709 0.045232 0.050944 0.056733 0.062468 0.068009 0.073208 0.077917 0.081995 0.085314 0.087766 0.089271 0.089779 0.089271 0.087766 0.085314 0.081995 0.077917 0.073208 0.068009 0.062468 0.056733 0.050944 0.045232 0.039709 0.034468 0.029584 0.025107 0.021068 0.017481 0.014343 0.011636 0.009335 0.007405 0.005809 0.004506 0.003456 0.002622 0.001966 0.001459 0.001070 0.000776 0.000557 0.000395 0.000277 0.000192 0.000132 0.000090 0.000060 0.000040 0.000026 0.000017 0.000011 0.000007 0.000004 0.000003 0.000002 0.000001 0.000001 0.000000 0.000000 0.000000 
0.000000 0.000000 0.000000 0.000001 0.000001 0.000002 0.000003 0.000004 0.000007 0.000011 0.000017 0.000026 0.000040 0.000060 0.000091 0.000135 0.000199 0.000289 0.000417 0.000594 0.000837 0.001166 0.001607 0.002190 0.002951 0.003933 0.005184 0.006757 0.008708 0.011099 0.013989 0.017435 0.021486 0.026183 0.031550 0.037592 0.044290 0.051596 0.059432 0.067691 0.076232 0.084886 0.093460 0.101742 0.109513 0.116551 0.122645 0.127604 0.131269 0.133519 0.134277 0.133519 0.131269 0.127604 0.122645 0.116551 0.109513 0.101742 0.093460 0.084886 0.076232 0.067691 0.059432 0.051596 0.044290 0.037592 0.031550 0.026183 0.021486 0.017435 0.013989 0.011099 0.008708 0.006757 0.005184 0.003933 0.002951 0.002190 0.001607 0.001166 0.000837 0.000594 0.000417 0.000289 0.000199 0.000135 0.000091 0.000060 0.000040 0.000026 0.000017 0.000011 0.000007 0.000004 0.000003 0.000002 0.000001 0.000001 0.000001 0.000001 
0.000000 0.000000 0.000001 0.000001 0.000001 0.000002 0.000004 0.000006 0.000010 0.000016 0.000025 0.000038 0.000059 0.000090 0.000135 0.000201 0.000296 0.000430 0.000620 0.000883 0.001243 0.001732 0.002386 0.003251 0.004380 0.005837 0.007691 0.010022 0.012915 0.016457 0.020738 0.025841 0.031840 0.038794 0.046739 0.055681 0.065592 0.076402 0.087995 0.100212 0.112845 0.125643 0.138322 0.150570 0.162060 0.172465 0.181474 0.188806 0.194224 0.197550 0.198671 0.197550 0.194224 0.188806 0.181474 0.172465 0.162060 0.150570 0.138322 0.125643 0.112845 0.100212 0.087995 0.076402 0.065592 0.055681 0.046739 0.038794 0.031840 0.025841 0.020738 0.016457 0.012915 0.010022 0.007691 0.005837 0.004380 0.003251 0.002386 0.001732 0.001243 0.000883 0.000620 0.000430 0.000296 0.000201 0.000135 0.000090 0.000059 0.000038 0.000025 0.000016 0.000010 0.000006 0.000004 0.000002 0.000001 0.000001 0.000001 0.000001 
0.000001 0.000001 0.000001 0.000001 0.000002 0.000003 0.000006 0.000009 0.000015 0.000023 0.000036 0.000056 0.000087 0.000132 0.000199 0.000296 0.000435 0.000633 0.000912 0.001298 0.001828 0.002545 0.003505 0.004775 0.006432 0.008568 0.011288 0.014706 0.018946 0.024138 0.030410 0.037886 0.046673 0.056857 0.068491 0.081583 0.096091 0.111913 0.128880 0.146757 0.165241 0.183965 0.202513 0.220429 0.237235 0.252454 0.265631 0.276354 0.284277 0.289140 0.290780 0.289140 0.284277 0.276354 0.265631 0.252454 0.237235 0.220429 0.202513 0.183965 0.165241 0.146757 0.128880 0.111913 0.096091 0.081583 0.068491 0.056857 0.046673 0.037886 0.030410 0.024138 0.018946 0.014706 0.011288 0.008568 0.006432 0.004775 0.003505 0.002545 0.001828 0.001298 0.000912 0.000633 0.000435 0.000296 0.000199 0.000132 0.000087 0.000056 0.000036 0.000023 0.000015 0.000009 0.000006 0.000003 0.000002 0.000001 0.000001 0.000001 
0.000001 0.000001 0.000001 0.000002 0.000003 0.000005 0.000008 0.000013 0.000021 0.000034 0.000053 0.000082 0.000127 0.000192 0.000289 0.000430 0.000633 0.000921 0.001326 0.001887 0.002657 0.003699 0.005094 0.006936 0.009341 0.012441 0.016386 0.021343 0.027492 0.035018 0.044109 0.054943 0.067676 0.082430 0.099281 0.118241 0.139250 0.162158 0.186721 0.212599 0.239352 0.266452 0.293293 0.319218 0.343536 0.365556 0.384619 0.400133 0.411596 0.418631 0.421003 0.418631 0.411596 0.400133 0.384619 0.365556 0.343536 0.319218 0.293293 0.266452 0.239352 0.212599 0.186721 0.162158 0.139250 0.118241 0.099281 0.082430 0.067676 0.054943 0.044109 0.035018 0.027492 0.021343 0.016386 0.012441 0.009341 0.006936 0.005094 0.003699 0.002657 0.001887 0.001326 0.000921 0.000633 0.000430 0.000289 0.000192 0.000127 0.000082 0.000053 0.000034 0.000021 0.000013 0.000008 0.000005 0.000003 0.000002 0.000002 0.000002 
0.000001 0.000001 0.000002 0.000003 0.000004 0.000007 0.000012 0.000019 0.000031 0.000049 0.000076 0.000119 0.000182 0.000277 0.000417 0.000620 0.000912 0.001326 0.001908 0.002715 0.003821 0.005318 0.007320 0.009966 0.013419 0.017867 0.023528 0.030640 0.039458 0.050251 0.063286 0.078816 0.097065 0.118208 0.142352 0.169515 0.199608 0.232417 0.267594 0.304649 0.342953 0.381750 0.420175 0.457285 0.492091 0.523608 0.550892 0.573094 0.589499 0.599567 0.602961 0.599567 0.589499 0.573094 0.550892 0.523608 0.492091 0.457285 0.420175 0.381750 0.342953 0.304649 0.267594 0.232417 0.199608 0.169515 0.142352 0.118208 0.097065 0.078816 0.063286 0.050251 0.039458 0.030640 0.023528 0.017867 0.013419 0.009966 0.007320 0.005318 0.003821 0.002715 0.001908 0.001326 0.000912 0.000620 0.000417 0.000277 0.000182 0.000119 0.000076 0.000049 0.000031 0.000019 0.000012 0.000007 0.000005 0.000003 0.000002 0.000002 
0.000002 0.000002 0.000003 0.000004 0.000006 0.000010 0.000017 0.000027 0.000044 0.000069 0.000109 0.000169 0.000260 0.000395 0.000594 0.000883 0.001298 0.001887 0.002715 0.003862 0.005434 0.007561 0.010406 0.014164 0.019066 0.025381 0.033416 0.043507 0.056018 0.071327 0.089813 0.111834 0.137706 0.167676 0.201895 0.240387 0.283026 0.329509 0.379340 0.431825 0.486075 0.541019 0.595431 0.647977 0.697259 0.741880 0.780508 0.811939 0.835163 0.849416 0.854220 0.849416 0.835163 0.811939 0.780508 0.741880 0.697259 0.647977 0.595431 0.541019 0.486075 0.431825 0.379340 0.329509 0.283026 0.240387 0.201895 0.167676 0.137706 0.111834 0.089813 0.071327 0.056018 0.043507 0.033416 0.025381 0.019066 0.014164 0.010406 0.007561 0.005434 0.003862 0.002715 0.001887 0.001298 0.000883 0.000594 0.000395 0.000260 0.000169 0.000109 0.000070 0.000044 0.000027 0.000017 0.000011 0.000007 0.000004 0.000003 0.000003 
0.000003 0.000003 0.000004 0.000006 0.000009 0.000015 0.000024 0.000039 0.000062 0.000098 0.000154 0.000239 0.000367 0.000557 0.000837 0.001243 0.001828 0.002657 0.003821 0.005434 0.007643 0.010633 0.014630 0.019909 0.026794 0.035661 0.046940 0.061103 0.078660 0.100140 0.126071 0.156957 0.193237 0.235259 0.283231 0.337187 0.396948 0.462088 0.531913 0.605450 0.681453 0.758420 0.834638 0.908236 0.977260 1.039752 1.093847 1.137863 1.170385 1.190343 1.197072 1.190343 1.170385 1.137863 1.093847 1.039752 0.977260 0.908236 0.834638 0.758420 0.681453 0.605450 0.531913 0.462088 0.396948 0.337187 0.283231 0.235259 0.193237 0.156957 0.126071 0.100140 0.078660 0.061103 0.046940 0.035661 0.026794 0.019909 0.014630 0.010633 0.007643 0.005434 0.003821 0.002657 0.001828 0.001243 0.000837 0.000557 0.000367 0.000239 0.000154 0.000098 0.000062 0.000039 0.000024 0.000015 0.000009 0.000006 0.000005 0.000005 
0.000004 0.000004 0.000005 0.000008 0.000013 0.000020 0.000033 0.000054 0.000086 0.000137 0.000215 0.000333 0.000511 0.000776 0.001166 0.001732 0.002545 0.003699 0.005318 0.007561 0.010633 0.014789 0.020344 0.027678 0.037242 0.049557 0.065218 0.084881 0.109249 0.139058 0.175038 0.217885 0.268209 0.326488 0.393010 0.467821 0.550670 0.640966 0.737746 0.839662 0.944985 1.051637 1.157242 1.259211 1.354835 1.441407 1.516345 1.577317 1.622366 1.650012 1.659332 1.650012 1.622366 1.577317 1.516345 1.441407 1.354835 1.259211 1.157242 1.051637 0.944985 0.839662 0.737746 0.640966 0.550670 0.467821 0.393010 0.326488 0.268209 0.217885 0.175038 0.139058 0.109249 0.084881 0.065218 0.049557 0.037242 0.027678 0.020344 0.014789 0.010633 0.007561 0.005318 0.003699 0.002545 0.001732 0.001166 0.000776 0.000511 0.000333 0.000215 0.000137 0.000086 0.000054 0.000033 0.000021 0.000013 0.000009 0.000007 0.000007 
0.000006 0.000006 0.000007 0.000011 0.000017 0.000028 0.000046 0.000074 0.000119 0.000189 0.000296 0.000459 0.000705 0.001070 0.001607 0.002386 0.003505 0.005094 0.007320 0.010406 0.014630 0.020344 0.027980 0.038058 0.051197 0.068114 0.089622 0.116621 0.150076 0.190991 0.240371 0.299165 0.368209 0.448155 0.539398 0.641996 0.755604 0.879411 1.012096 1.151808 1.296178 1.442358 1.587094 1.726836 1.857878 1.976509 2.079192 2.162737 2.224463 2.262342 2.275111 2.262342 2.224463 2.162737 2.079192 1.976509 1.857878 1.726836 1.587094 1.442358 1.296178 1.151808 1.012096 0.879411 0.755604 0.641996 0.539398 0.448155 0.368209 0.299165 0.240371 0.190991 0.150076 0.116621 0.089622 0.068114 0.051197 0.038058 0.027980 0.020344 0.014630 0.010406 0.007320 0.005094 0.003505 0.002386 0.001607 0.001070 0.000705 0.000459 0.000296 0.000189 0.000119 0.000075 0.000046 0.000029 0.000018 0.000012 0.000009 0.000009 
0.000008 0.000008 0.000010 0.000015 0.000024 0.000039 0.000063 0.000102 0.000163 0.000258 0.000404 0.000627 0.000961 0.001459 0.002190 0.003251 0.004775 0.006936 0.009966 0.014164 0.019909 0.027678 0.038058 0.051756 0.069610 0.092594 0.121809 0.158476 0.203903 0.259452 0.326481 0.406277 0.499972 0.608446 0.732232 0.871408 1.025501 1.193409 1.373339 1.562782 1.758525 1.956706 2.152917 2.342347 2.519972 2.680768 2.819943 2.933175 3.016832 3.068169 3.085475 3.068169 3.016832 2.933175 2.819943 2.680768 2.519972 2.342347 2.152917 1.956706 1.758525 1.562782 1.373339 1.193409 1.025501 0.871408 0.732232 0.608446 0.499972 0.406277 0.326481 0.259452 0.203903 0.158476 0.121809 0.092594 0.069610 0.051756 0.038058 0.027678 0.019909 0.014164 0.009966 0.006936 0.004775 0.003251 0.002190 0.001459 0.000961 0.000627 0.000404 0.000258 0.000163 0.000102 0.000063 0.000039 0.000025 0.000017 0.000013 0.000013 
0.000010 0.000010 0.000013 0.000020 0.000032 0.000052 0.000085 0.000137 0.000220 0.000348 0.000545 0.000845 0.001296 0.001966 0.002951 0.004380 0.006432 0.009341 0.013419 0.019066 0.026794 0.037242 0.051197 0.069610 0.093606 0.124489 0.163740 0.212991 0.274001 0.348592 0.438585 0.545704 0.671462 0.817040 0.983145 1.169879 1.376606 1.601844 1.843186 2.097266 2.359774 2.625532 2.888630 3.142622 3.380774 3.596352 3.782936 3.934735 4.046883 4.115704 4.138903 4.115704 4.046883 3.934735 3.782936 3.596352 3.380774 3.142622 2.888630 2.625532 2.359774 2.097266 1.843186 1.601844 1.376606 1.169879 0.983145 0.817040 0.671462 0.545704 0.438585 0.348592 0.274001 0.212991 0.163740 0.124489 0.093606 0.069610 0.051197 0.037242 0.026794 0.019066 0.013419 0.009341 0.006432 0.004380 0.002951 0.001966 0.001296 0.000845 0.000545 0.000348 0.000220 0.000137 0.000085 0.000053 0.000033 0.000022 0.000018 0.000018 
0.000014 0.000014 0.000018 0.000027 0.000043 0.000070 0.000113 0.000183 0.000293 0.000464 0.000727 0.001127 0.001728 0.002622 0.003933 0.005837 0.008568 0.012441 0.017867 0.025381 0.035661 0.049557 0.068114 0.092594 0.124489 0.165533 0.217687 0.283119 0.364158 0.463223 0.582727 0.724951 0.891901 1.085138 1.305597 1.553407 1.827721 2.126568 2.446753 2.783808 3.132018 3.484514 3.833459 4.170308 4.486134 4.772012 5.019432 5.220719 5.369427 5.460680 5.491442 5.460680 5.369427 5.220719 5.019432 4.772012 4.486134 4.170308 3.833459 3.484514 3.132018 2.783808 2.446753 2.126568 1.827721 1.553407 1.305597 1.085138 0.891901 0.724951 0.582727 0.463223 0.364158 0.283119 0.217687 0.165533 0.124489 0.092594 0.068114 0.049557 0.035661 0.025381 0.017867 0.012441 0.008568 0.005837 0.003933 0.002622 0.001728 0.001127 0.000727 0.000464 0.000293 0.000184 0.000114 0.000071 0.000045 0.000030 0.000023 0.000023 
0.000018 0.000018 0.000023 0.000035 0.000056 0.000092 0.000150 0.000242 0.000387 0.000613 0.000960 0.001487 0.002279 0.003456 0.005184 0.007691 0.011288 0.016386 0.023528 0.033416 0.046940 0.065218 0.089622 0.121809 0.163740 0.217687 0.286225 0.372200 0.478665 0.608793 0.765745 0.952512 1.171722 1.425416 1.714816 2.040086 2.400107 2.792289 3.212437 3.654686 4.111537 4.573981 5.031738 5.473604 5.887872 6.262842 6.587359 6.851361 7.046397 7.166078 7.206422 7.166078 7.046397 6.851361 6.587359 6.262842 5.887872 5.473604 5.031738 4.573981 4.111537 3.654686 3.212437 2.792289 2.400107 2.040086 1.714816 1.425416 1.171722 0.952512 0.765745 0.608793 0.478665 0.372200 0.286225 0.217687 0.163740 0.121809 0.089622 0.065218 0.046940 0.033416 0.023528 0.016386 0.011288 0.007691 0.005184 0.003456 0.002279 0.001487 0.000960 0.000613 0.000387 0.000242 0.000151 0.000094 0.000059 0.000040 0.000031 0.000031 
0.000024 0.000024 0.000031 0.000046 0.000074 0.000120 0.000196 0.000316 0.000505 0.000799 0.001252 0.001939 0.002972 0.004506 0.006757 0.010022 0.014706 0.021343 0.030640 0.043507 0.061103 0.084881 0.116621 0.158476 0.212991 0.283119 0.372200 0.483926 0.622259 0.791314 0.995190 1.237764 1.522439 1.851859 2.227602 2.649873 3.117212 3.626253 4.171547 4.745482 5.338323 5.938383 6.532328 7.105623 7.643089 8.129550 8.550543 8.893021 9.146029 9.301280 9.353615 9.301280 9.146029 8.893021 8.550543 8.129550 7.643089 7.105623 6.532328 5.938383 5.338323 4.745482 4.171547 3.626253 3.117212 2.649873 2.227602 1.851859 1.522439 1.237764 0.995190 0.791314 0.622259 0.483926 0.372200 0.283119 0.212991 0.158476 0.116621 0.084881 0.061103 0.043507 0.030640 0.021343 0.014706 0.010022 0.006757 0.004506 0.002972 0.001939 0.001252 0.000800 0.000505 0.000316 0.000197 0.000122 0.000077 0.000052 0.000041 0.000041 
0.000031 0.000031 0.000040 0.000060 0.000095 0.000155 0.000253 0.000408 0.000652 0.001032 0.001615 0.002501 0.003832 0.005809 0.008708 0.012915 0.018946 0.027492 0.039458 0.056018 0.078660 0.109249 0.150076 0.203903 0.274001 0.364158 0.478665 0.622259 0.800026 1.017240 1.279162 1.590761 1.956399 2.379460 2.861960 3.404154 4.004161 4.657652 5.357625 6.094310 6.855210 7.625327 8.387554 9.123244 9.812924 10.437133 10.977318 11.416749 11.741374 11.940570 12.007717 11.940570 11.741374 11.416749 10.977318 10.437133 9.812924 9.123244 8.387554 7.625327 6.855210 6.094310 5.357625 4.657652 4.004161 3.404154 2.861960 2.379460 1.956399 1.590761 1.279162 1.017240 0.800026 0.622259 0.478665 0.364158 0.274001 0.203903 0.150076 0.109249 0.078660 0.056018 0.039458 0.027492 0.018946 0.012915 0.008708 0.005809 0.003833 0.002501 0.001615 0.001032 0.000652 0.000409 0.000254 0.000158 0.000100 0.000067 0.000053 0.000053 
0.000039 0.000039 0.000051 0.000076 0.000122 0.000198 0.000323 0.000521 0.000832 0.001316 0.002060 0.003190 0.004887 0.007405 0.011099 0.016457 0.024138 0.035018 0.050251 0.071327 0.100140 0.139058 0.190991 0.259452 0.348592 0.463223 0.608793 0.791314 1.017240 1.293267 1.626063 2.021933 2.486404 3.023762 3.636557 4.325100 5.086993 5.916731 6.805420 7.740651 8.706561 9.684114 10.651600 11.585358 12.460682 13.252885 13.938429 14.496094 14.908056 15.160840 15.246052 15.160840 14.908056 14.496094 13.938429 13.252885 12.460682 11.585358 10.651600 9.684114 8.706561 7.740651 6.805420 5.916731 5.086993 4.325100 3.636557 3.023762 2.486404 2.021933 1.626063 1.293267 1.017240 0.791314 0.608793 0.463223 0.348592 0.259452 0.190991 0.139058 0.100140 0.071327 0.050251 0.035018 0.024138 0.016457 0.011099 0.007405 0.004887 0.003190 0.002061 0.001317 0.000833 0.000522 0.000324 0.000202 0.000128 0.000086 0.000067 0.000067 
0.000050 0.000050 0.000064 0.000096 0.000154 0.000251 0.000407 0.000657 0.001050 0.001661 0.002599 0.004023 0.006162 0.009335 0.013989 0.020738 0.030410 0.044109 0.063286 0.089813 0.126071 0.175038 0.240371 0.326481 0.438585 0.582727 0.765745 0.995190 1.279162 1.626063 2.044262 2.541664 3.125199 3.800237 4.569967 5.434764 6.391607 7.433573 8.549486 9.723761 10.936482 12.163750 13.378318 14.550492 15.649269 16.643670 17.504167 18.204132 18.721207 19.038486 19.145437 19.038486 18.721207 18.204132 17.504167 16.643670 15.649269 14.550492 13.378318 12.163750 10.936482 9.723761 8.549486 7.433573 6.391607 5.434764 4.569967 3.800237 3.125199 2.541664 2.044262 1.626063 1.279162 0.995190 0.765745 0.582727 0.438585 0.326481 0.240371 0.175038 0.126071 0.089813 0.063286 0.044109 0.030410 0.020738 0.013989 0.009335 0.006162 0.004024 0.002599 0.001661 0.001051 0.000658 0.000410 0.000255 0.000161 0.000108 0.000085 0.000085 
0.000062 0.000062 0.000080 0.000120 0.000192 0.000313 0.000508 0.000820 0.001310 0.002072 0.003242 0.005017 0.007682 0.011636 0.017435 0.025841 0.037886 0.054943 0.078816 0.111834 0.156957 0.217885 0.299165 0.406277 0.545704 0.724951 0.952512 1.237764 1.590761 2.021933 2.541664 3.159762 3.884818 4.723488 5.679716 6.753954 7.942433 9.236544 10.622401 12.080644 13.586539 15.110418 16.618454 18.073788 19.437945 20.672477 21.740739 22.609692 23.251589 23.645455 23.778224 23.645455 23.251589 22.609692 21.740739 20.672477 19.437945 18.073788 16.618454 15.110418 13.586539 12.080644 10.622401 9.236544 7.942433 6.753954 5.679716 4.723488 3.884818 3.159762 2.541664 2.021933 1.590761 1.237764 0.952512 0.724951 0.545704 0.406277 0.299165 0.217885 0.156957 0.111834 0.078816 0.054943 0.037886 0.025841 0.017435 0.011636 0.007682 0.005017 0.003242 0.002073 0.001311 0.000822 0.000511 0.000318 0.000201 0.000136 0.000106 0.000106 
0.000077 0.000077 0.000099 0.000148 0.000237 0.000386 0.000628 0.001012 0.001617 0.002556 0.003998 0.006187 0.009471 0.014343 0.021486 0.031840 0.046673 0.067676 0.097065 0.137706 0.193237 0.268209 0.368209 0.499972 0.671462 0.891901 1.171722 1.522439 1.956399 2.486404 3.125199 3.884818 4.775799 5.806300 6.981145 8.300873 9.760837 11.350449 13.052643 14.843636 16.693052 18.564458 20.416322 22.203397 23.878450 25.394289 26.705939 27.772847 28.560963 29.044543 29.207552 29.044543 28.560963 27.772847 26.705939 25.394289 23.878450 22.203397 20.416322 18.564458 16.693052 14.843636 13.052643 11.350449 9.760837 8.300873 6.981145 5.806300 4.775799 3.884818 3.125199 2.486404 1.956399 1.522439 1.171722 0.891901 0.671462 0.499972 0.368209 0.268209 0.193237 0.137706 0.097065 0.067676 0.046673 0.031840 0.021486 0.014343 0.009471 0.006187 0.003998 0.002557 0.001618 0.001014 0.000631 0.000393 0.000248 0.000167 0.000131 0.000131 
0.000094 0.000094 0.000121 0.000181 0.000290 0.000472 0.000766 0.001235 0.001973 0.003118 0.004876 0.007543 0.011546 0.017481 0.026183 0.038794 0.056857 0.082430 0.118208 0.167676 0.235259 0.326488 0.448155 0.608446 0.817040 1.085138 1.425416 1.851859 2.379460 3.023762 3.800237 4.723488 5.806300 7.058560 8.486111 10.089584 11.863317 13.794430 15.862182 18.037677 20.284018 22.556958 24.806066 26.976401 29.010623 30.851438 32.444250 33.739832 34.696853 35.284067 35.482009 35.284067 34.696853 33.739832 32.444250 30.851438 29.010623 26.976401 24.806066 22.556958 20.284018 18.037677 15.862182 13.794430 11.863317 10.089584 8.486111 7.058560 5.806300 4.723488 3.800237 3.023762 2.379460 1.851859 1.425416 1.085138 0.817040 0.608446 0.448155 0.326488 0.235259 0.167676 0.118208 0.082430 0.056857 0.038794 0.026183 0.017481 0.011546 0.007544 0.004876 0.003119 0.001974 0.001238 0.000770 0.000479 0.000303 0.000204 0.000160 0.000160 
0.000113 0.000113 0.000146 0.000219 0.000350 0.000569 0.000924 0.001490 0.002379 0.003760 0.005879 0.009094 0.013917 0.021068 0.031550 0.046739 0.068491 0.099281 0.142352 0.201895 0.283231 0.393010 0.539398 0.732232 0.983145 1.305597 1.714816 2.227602 2.861960 3.636557 4.569967 5.679716 6.981145 8.486111 10.201608 12.128373 14.259578 16.579734 19.063909 21.677382 24.375829 27.106104 29.807641 32.414464 34.857720 37.068620 38.981614 40.537601 41.686963 42.392187 42.629908 42.392187 41.686963 40.537601 38.981614 37.068620 34.857720 32.414464 29.807641 27.106104 24.375829 21.677382 19.063909 16.579734 14.259578 12.128373 10.201608 8.486111 6.981145 5.679716 4.569967 3.636557 2.861960 2.227602 1.714816 1.305597 0.983145 0.732232 0.539398 0.393010 0.283231 0.201895 0.142352 0.099281 0.068491 0.046739 0.031550 0.021068 0.013917 0.009095 0.005880 0.003761 0.002381 0.001493 0.000930 0.000578 0.000366 0.000247 0.000193 0.000193 
0.000135 0.000135 0.000174 0.000261 0.000418 0.000679 0.001103 0.001778 0.002838 0.004484 0.007010 0.010841 0.016587 0.025107 0.037592 0.055681 0.081583 0.118241 0.169515 0.240387 0.337187 0.467821 0.641996 0.871408 1.169879 1.553407 2.040086 2.649873 3.404154 4.325100 5.434764 6.753954 8.300873 10.089584 12.128373 14.418086 16.950587 19.707453 22.659046 25.764106 28.969972 32.213511 35.422786 38.519441 41.421707 44.047896 46.320172 48.168361 49.533545 50.371187 50.653542 50.371187 49.533545 48.168361 46.320172 44.047896 41.421707 38.519441 35.422786 32.213511 28.969972 25.764106 22.659046 19.707453 16.950587 14.418086 12.128373 10.089584 8.300873 6.753954 5.434764 4.325100 3.404154 2.649873 2.040086 1.553407 1.169879 0.871408 0.641996 0.467821 0.337187 0.240387 0.169515 0.118241 0.081583 0.055681 0.037593 0.025107 0.016587 0.010841 0.007010 0.004485 0.002840 0.001781 0.001109 0.000690 0.000437 0.000295 0.000231 0.000231 
0.000160 0.000160 0.000205 0.000309 0.000493 0.000801 0.001301 0.002097 0.003347 0.005287 0.008263 0.012778 0.019548 0.029584 0.044290 0.065592 0.096091 0.139250 0.199608 0.283026 0.396948 0.550670 0.755604 1.025501 1.376606 1.827721 2.400107 3.117212 4.004161 5.086993 6.391607 7.942433 9.760837 11.863317 14.259578 16.950587 19.926758 23.166418 26.634725 30.283190 34.049936 37.860794 41.631260 45.269294 48.678859 51.764017 54.433356 56.604466 58.208161 59.192139 59.523820 59.192139 58.208161 56.604466 54.433356 51.764017 48.678859 45.269294 41.631260 37.860794 34.049936 30.283190 26.634725 23.166418 19.926758 16.950587 14.259578 11.863317 9.760837 7.942433 6.391607 5.086993 4.004161 3.117212 2.400107 1.827721 1.376606 1.025501 0.755604 0.550670 0.396948 0.283026 0.199608 0.139250 0.096091 0.065592 0.044290 0.029584 0.019548 0.012778 0.008264 0.005288 0.003349 0.002101 0.001309 0.000815 0.000516 0.000348 0.000273 0.000273 
0.000186 0.000186 0.000240 0.000360 0.000575 0.000935 0.001517 0.002445 0.003902 0.006163 0.009632 0.014892 0.022779 0.034468 0.051596 0.076402 0.111913 0.162158 0.232417 0.329509 0.462088 0.640966 0.879411 1.193409 1.601844 2.126568 2.792289 3.626253 4.657652 5.916731 7.433573 9.236544 11.350449 13.794430 16.579734 19.707453 23.166418 26.931418 30.961947 35.201648 39.578618 44.006680 48.387660 52.614640 56.576061 60.160487 63.261745 65.784119 67.647255 68.790409 69.175744 68.790409 67.647255 65.784119 63.261745 60.160487 56.576061 52.614640 48.387660 44.006680 39.578618 35.201648 30.961947 26.931418 23.166418 19.707453 16.579734 13.794430 11.350449 9.236544 7.433573 5.916731 4.657652 3.626253 2.792289 2.126568 1.601844 1.193409 0.879411 0.640966 0.462088 0.329509 0.232417 0.162158 0.111913 0.076402 0.051596 0.034468 0.022779 0.014892 0.009633 0.006165 0.003905 0.002450 0.001526 0.000950 0.000602 0.000406 0.000318 0.000318 
0.000215 0.000215 0.000277 0.000415 0.000664 0.001078 0.001750 0.002819 0.004498 0.007104 0.011100 0.017161 0.026245 0.039709 0.059432 0.087995 0.128880 0.186721 0.267594 0.379340 0.531913 0.737746 1.012096 1.373339 1.843186 2.446753 3.212437 4.171547 5.357625 6.805420 8.549486 10.622401 13.052643 15.862182 19.063909 22.659046 26.634725 30.961947 35.594141 40.466528 45.496478 50.584967 55.619194 60.476323 65.028195 69.146795 72.710159 75.608343 77.749046 79.062497 79.505234 79.062497 77.749046 75.608343 72.710159 69.146795 65.028195 60.476323 55.619194 50.584967 45.496478 40.466528 35.594141 30.961947 26.634725 22.659046 19.063909 15.862182 13.052643 10.622401 8.549486 6.805420 5.357625 4.171547 3.212437 2.446753 1.843186 1.373339 1.012096 0.737746 0.531913 0.379340 0.267594 0.186721 0.128880 0.087995 0.059433 0.039709 0.026246 0.017161 0.011101 0.007106 0.004501 0.002825 0.001760 0.001096 0.000695 0.000469 0.000367 0.000367 
0.000245 0.000245 0.000316 0.000474 0.000757 0.001229 0.001995 0.003214 0.005127 0.008096 0.012649 0.019552 0.029899 0.045232 0.067691 0.100212 0.146757 0.212599 0.304649 0.431825 0.605450 0.839662 1.151808 1.562782 2.097266 2.783808 3.654686 4.745482 6.094310 7.740651 9.723761 12.080644 14.843636 18.037677 21.677382 25.764106 30.283190 35.201648 40.466528 46.004198 51.720744 57.503634 63.224695 68.744355 73.917003 78.597202 82.646391 85.939667 88.372176 89.864658 90.367741 89.864658 88.372176 85.939667 82.646391 78.597202 73.917003 68.744355 63.224695 57.503634 51.720744 46.004198 40.466528 35.201648 30.283190 25.764106 21.677382 18.037677 14.843636 12.080644 9.723761 7.740651 6.094310 4.745482 3.654686 2.783808 2.097266 1.562782 1.151808 0.839662 0.605450 0.431825 0.304649 0.212599 0.146757 0.100212 0.067691 0.045232 0.029900 0.019553 0.012650 0.008098 0.005131 0.003220 0.002007 0.001250 0.000792 0.000534 0.000419 0.000419 
0.000277 0.000277 0.000356 0.000534 0.000853 0.001386 0.002249 0.003622 0.005778 0.009122 0.014251 0.022026 0.033679 0.050944 0.076232 0.112845 0.165241 0.239352 0.342953 0.486075 0.681453 0.944985 1.296178 1.758525 2.359774 3.132018 4.111537 5.338323 6.855210 8.706561 10.936482 13.586539 16.693052 20.284018 24.375829 28.969972 34.049936 39.578618 45.496478 51.720744 58.145858 64.645352 71.075185 77.278522 83.091747 88.351446 92.901938 96.602890 99.336495 101.013707 101.579057 101.013707 99.336495 96.602890 92.901938 88.351446 83.091747 77.278522 71.075185 64.645352 58.145858 51.720744 45.496478 39.578618 34.049936 28.969972 24.375829 20.284018 16.693052 13.586539 10.936482 8.706561 6.855210 5.338323 4.111537 3.132018 2.359774 1.758525 1.296178 0.944985 0.681453 0.486075 0.342953 0.239352 0.165241 0.112845 0.076232 0.050944 0.033679 0.022027 0.014252 0.009125 0.005782 0.003629 0.002262 0.001409 0.000893 0.000603 0.000473 0.000473 
0.000309 0.000309 0.000397 0.000596 0.000951 0.001545 0.002506 0.004036 0.006438 0.010163 0.015875 0.024534 0.037509 0.056733 0.084886 0.125643 0.183965 0.266452 0.381750 0.541019 0.758420 1.051637 1.442358 1.956706 2.625532 3.484514 4.573981 5.938383 7.625327 9.684114 12.163750 15.110418 18.564458 22.556958 27.106104 32.213511 37.860794 44.006680 50.584967 57.503634 64.645352 71.869553 79.016158 85.910873 92.371878 98.217583 103.274998 107.388192 110.426265 112.290274 112.918587 112.290274 110.426265 107.388192 103.274998 98.217583 92.371878 85.910873 79.016158 71.869553 64.645352 57.503634 50.584967 44.006680 37.860794 32.213511 27.106104 22.556958 18.564458 15.110418 12.163750 9.684114 7.625327 5.938383 4.573981 3.484514 2.625532 1.956706 1.442358 1.051637 0.758420 0.541019 0.381750 0.266452 0.183965 0.125643 0.084886 0.056733 0.037510 0.024535 0.015877 0.010166 0.006442 0.004044 0.002521 0.001570 0.000996 0.000672 0.000527 0.000527 
0.000340 0.000340 0.000438 0.000657 0.001048 0.001702 0.002761 0.004446 0.007092 0.011195 0.017485 0.027019 0.041305 0.062468 0.093460 0.138322 0.202513 0.293293 0.420175 0.595431 0.834638 1.157242 1.587094 2.152917 2.888630 3.833459 5.031738 6.532328 8.387554 10.651600 13.378318 16.618454 20.416322 24.806066 29.807641 35.422786 41.631260 48.387660 55.619194 63.224695 71.075185 79.016158 86.871670 94.450161 101.551813 107.977064 113.535808 118.056689 121.395864 123.444603 124.135183 123.444603 121.395864 118.056689 113.535808 107.977064 101.551813 94.450161 86.871670 79.016158 71.075185 63.224695 55.619194 48.387660 41.631260 35.422786 29.807641 24.806066 20.416322 16.618454 13.378318 10.651600 8.387554 6.532328 5.031738 3.833459 2.888630 2.152917 1.587094 1.157242 0.834638 0.595431 0.420175 0.293293 0.202513 0.138322 0.093460 0.062468 0.041305 0.027020 0.017486 0.011197 0.007097 0.004455 0.002777 0.001730 0.001097 0.000741 0.000581 0.000581 
