0.000000 0.000000 0.000000 0.000000 0.000000 0.000000 0.000000 0.000000 0.000000 0.000001 0.000001 0.000001 0.000002 0.000003 0.000004 0.000006 0.000008 0.000012 0.000016 0.000022 0.000030 0.000040 0.000052 0.000069 0.000089 0.000114 0.000146 0.000183 0.000229 0.000283 0.000346 0.000420 0.000504 0.000598 0.000704 0.000821 0.000947 0.001082 0.001224 0.001371 0.001521 0.001670 0.001816 0.001956 0.002086 0.002202 0.002302 0.002383 0.002443 0.002479 0.002492 0.002479 0.002443 0.002383 0.002302 0.002202 0.002086 0.001956 0.001816 0.001670 0.001521 0.001371 0.001224 0.001082 0.000947 0.000821 0.000704 0.000598 0.000504 0.000420 0.000346 0.000283 0.000229 0.000183 0.000146 0.000114 0.000089 0.000069 0.000052 0.000040 0.000030 0.000022 0.000016 0.000012 0.000008 0.000006 0.000004 0.000003 0.000002 0.000001 0.000001 0.000001 0.000000 0.000000 0.000000 0.000000 0.000000 0.000000 0.000000 0.000000 
0.000000 0.000000 0.000000 0.000000 0.000000 0.000000 0.000000 0.000000 0.000000 0.000001 0.000001 0.000001 0.000002 0.000003 0.000004 0.000006 0.000008 0.000012 0.000016 0.000022 0.000030 0.000040 0.000052 0.000069 0.000089 0.000114 0.000146 0.000183 0.000229 0.000283 0.000346 0.000420 0.000504 0.000598 0.000704 0.000821 0.000947 0.001082 0.001224 0.001371 0.001521 0.001670 0.001816 0.001956 0.002086 0.002202 0.002302 0.002383 0.002443 0.002479 0.002492 0.002479 0.002443 0.002383 0.002302 0.002202 0.002086 0.001956 0.001816 0.001670 0.001521 0.001371 0.001224 0.001082 0.000947 0.000821 0.000704 0.000598 0.000504 0.000420 0.000346 0.000283 0.000229 0.000183 0.000146 0.000114 0.000089 0.000069 0.000052 0.000040 0.000030 0.000022 0.000016 0.000012 0.000008 0.000006 0.000004 0.000003 0.000002 0.000001 0.000001 0.000001 0.000000 0.000000 0.000000 0.000000 0.000000 0.000000 0.000000 0.000000 
0.000000 0.000000 0.000000 0.000000 0.000000 0.000000 0.000000 0.000000 0.000001 0.000001 0.000001 0.000002 0.000003 0.000004 0.000005 0.000007 0.000010 0.000014 0.000020 0.000027 0.000036 0.000048 0.000064 0.000084 0.000108 0.000139 0.000177 0.000223 0.000279 0.000344 0.000421 0.000510 0.000613 0.000728 0.000856 0.000998 0.001151 0.001315 0.001488 0.001666 0.001848 0.002030 0.002207 0.002377 0.002534 0.002676 0.002797 0.002896 0.002968 0.003012 0.003027 0.003012 0.002968 0.002896 0.002797 0.002676 0.002534 0.002377 0.002207 0.002030 0.001848 0.001666 0.001488 0.001315 0.001151 0.000998 0.000856 0.000728 0.000613 0.000510 0.000421 0.000344 0.000279 0.000223 0.000177 0.000139 0.000108 0.000084 0.000064 0.000048 0.000036 0.000027 0.000020 0.000014 0.000010 0.000007 0.000005 0.000004 0.000003 0.000002 0.000001 0.000001 0.000001 0.000000 0.000000 0.000000 0.000000 0.000000 0.000000 0.000000 
0.000000 0.000000 0.000000 0.000000 0.000000 0.000000 0.000000 0.000000 0.000001 0.000001 0.000002 0.000002 0.000003 0.000005 0.000007 0.000010 0.000014 0.000020 0.000027 0.000037 0.000050 0.000067 0.000089 0.000116 0.000151 0.000193 0.000246 0.000310 0.000387 0.000478 0.000585 0.000708 0.000850 0.001009 0.001187 0.001383 0.001596 0.001823 0.002062 0.002309 0.002561 0.002812 0.003058 0.003293 0.003511 0.003706 0.003874 0.004011 0.004111 0.004172 0.004193 0.004172 0.004111 0.004011 0.003874 0.003706 0.003511 0.003293 0.003058 0.002812 0.002561 0.002309 0.002062 0.001823 0.001596 0.001383 0.001187 0.001009 0.000850 0.000708 0.000585 0.000478 0.000387 0.000310 0.000246 0.000193 0.000151 0.000116 0.000089 0.000067 0.000050 0.000037 0.000027 0.000020 0.000014 0.000010 0.000007 0.000005 0.000003 0.000002 0.000002 0.000001 0.000001 0.000000 0.000000 0.000000 0.000000 0.000000 0.000000 0.000000 
0.000000 0.000000 0.000000 0.000000 0.000000 0.000000 0.000000 0.000001 0.000001 0.000002 0.000002 0.000004 0.000005 0.000007 0.000011 0.000015 0.000021 0.000029 0.000041 0.000055 0.000074 0.000099 0.000131 0.000172 0.000223 0.000286 0.000364 0.000459 0.000572 0.000707 0.000864 0.001047 0.001256 0.001492 0.001755 0.002044 0.002357 0.002692 0.003045 0.003410 0.003781 0.004152 0.004514 0.004861 0.005182 0.005470 0.005718 0.005919 0.006067 0.006157 0.006187 0.006157 0.006067 0.005919 0.005718 0.005470 0.005182 0.004861 0.004514 0.004152 0.003781 0.003410 0.003045 0.002692 0.002357 0.002044 0.001755 0.001492 0.001256 0.001047 0.000864 0.000707 0.000572 0.000459 0.000364 0.000286 0.000223 0.000172 0.000131 0.000099 0.000074 0.000055 0.000041 0.000029 0.000021 0.000015 0.000011 0.000007 0.000005 0.000004 0.000002 0.000002 0.000001 0.000001 0.000000 0.000000 0.000000 0.000000 0.000000 0.000000 
0.000000 0.000000 0.000000 0.000000 0.000000 0.000000 0.000001 0.000001 0.000002 0.000002 0.000004 0.000005 0.000008 0.000011 0.000016 0.000023 0.000032 0.000045 0.000061 0.000084 0.000113 0.000150 0.000199 0.000260 0.000338 0.000434 0.000551 0.000694 0.000866 0.001069 0.001308 0.001584 0.001899 0.002256 0.002653 0.003089 0.003563 0.004069 0.004601 0.005152 0.005712 0.006272 0.006819 0.007342 0.007827 0.008262 0.008636 0.008939 0.009162 0.009298 0.009344 0.009298 0.009162 0.008939 0.008636 0.008262 0.007827 0.007342 0.006819 0.006272 0.005712 0.005152 0.004601 0.004069 0.003563 0.003089 0.002653 0.002256 0.001899 0.001584 0.001308 0.001069 0.000866 0.000694 0.000551 0.000434 0.000338 0.000260 0.000199 0.000150 0.000113 0.000084 0.000061 0.000045 0.000032 0.000023 0.000016 0.000011 0.000008 0.000005 0.000004 0.000002 0.000002 0.000001 0.000001 0.000000 0.000000 0.000000 0.000000 0.000000 
0.000000 0.000000 0.000000 0.000000 0.000000 0.000001 0.000001 0.000002 0.000003 0.000004 0.000006 0.000008 0.000012 0.000017 0.000025 0.000035 0.000049 0.000068 0.000094 0.000127 0.000172 0.000229 0.000303 0.000396 0.000513 0.000659 0.000838 0.001055 0.001315 0.001624 0.001986 0.002405 0.002884 0.003424 0.004026 0.004689 0.005406 0.006173 0.006980 0.007815 0.008665 0.009513 0.010342 0.011133 0.011868 0.012528 0.013095 0.013553 0.013891 0.014097 0.014167 0.014097 0.013891 0.013553 0.013095 0.012528 0.011868 0.011133 0.010342 0.009513 0.008665 0.007815 0.006980 0.006173 0.005406 0.004689 0.004026 0.003424 0.002884 0.002405 0.001986 0.001624 0.001315 0.001055 0.000838 0.000659 0.000513 0.000396 0.000303 0.000229 0.000172 0.000127 0.000094 0.000068 0.000049 0.000035 0.000025 0.000017 0.000012 0.000008 0.000006 0.000004 0.000003 0.000002 0.000001 0.000001 0.000001 0.000000 0.000000 0.000000 
0.000000 0.000000 0.000000 0.000000 0.000001 0.000001 0.000002 0.000003 0.000004 0.000006 0.000009 0.000013 0.000018 0.000026 0.000038 0.000053 0.000074 0.000103 0.000142 0.000193 0.000260 0.000347 0.000458 0.000600 0.000777 0.000998 0.001268 0.001596 0.001990 0.002457 0.003004 0.003637 0.004360 0.005177 0.006086 0.007086 0.008170 0.009327 0.010545 0.011806 0.013089 0.014369 0.015620 0.016815 0.017923 0.018919 0.019774 0.020466 0.020975 0.021287 0.021391 0.021287 0.020975 0.020466 0.019774 0.018919 0.017923 0.016815 0.015620 0.014369 0.013089 0.011806 0.010545 0.009327 0.008170 0.007086 0.006086 0.005177 0.004360 0.003637 0.003004 0.002457 0.001990 0.001596 0.001268 0.000998 0.000777 0.000600 0.000458 0.000347 0.000260 0.000193 0.000142 0.000103 0.000074 0.000053 0.000038 0.000026 0.000018 0.000013 0.000009 0.000006 0.000004 0.000003 0.000002 0.000001 0.000001 0.000001 0.000000 0.000000 
0.000000 0.000000 0.000001 0.000001 0.000001 0.000002 0.000003 0.000004 0.000006 0.000009 0.000013 0.000019 0.000028 0.000040 0.000057 0.000080 0.000112 0.000155 0.000214 0.000290 0.000391 0.000522 0.000689 0.000902 0.001168 0.001499 0.001905 0.002398 0.002989 0.003689 0.004510 0.005459 0.006544 0.007769 0.009132 0.010632 0.012256 0.013991 0.015817 0.017706 0.019628 0.021546 0.023421 0.025211 0.026872 0.028363 0.029644 0.030681 0.031443 0.031910 0.032067 0.031910 0.031443 0.030681 0.029644 0.028363 0.026872 0.025211 0.023421 0.021546 0.019628 0.017706 0.015817 0.013991 0.012256 0.010632 0.009132 0.007769 0.006544 0.005459 0.004510 0.003689 0.002989 0.002398 0.001905 0.001499 0.001168 0.000902 0.000689 0.000522 0.000391 0.000290 0.000214 0.000155 0.000112 0.000080 0.000057 0.000040 0.000028 0.000019 0.000013 0.000009 0.000006 0.000004 0.000003 0.000002 0.000001 0.000001 0.000001 0.000001 
0.000001 0.000001 0.000001 0.000001 0.000002 0.000002 0.000004 0.000006 0.000009 0.000013 0.000019 0.000028 0.000041 0.000059 0.000085 0.000120 0.000167 0.000232 0.000319 0.000433 0.000583 0.000778 0.001027 0.001344 0.001741 0.002234 0.002838 0.003571 0.004450 0.005492 0.006713 0.008125 0.009738 0.011559 0.013586 0.015815 0.018229 0.020808 0.023521 0.026329 0.029184 0.032034 0.034819 0.037477 0.039945 0.042159 0.044062 0.045602 0.046734 0.047427 0.047661 0.047427 0.046734 0.045602 0.044062 0.042159 0.039945 0.037477 0.034819 0.032034 0.029184 0.026329 0.023521 0.020808 0.018229 0.015815 0.013586 0.011559 0.009738 0.008125 0.006713 0.005492 0.004450 0.003571 0.002838 0.002234 0.001741 0.001344 0.001027 0.000778 0.000583 0.000433 0.000319 0.000232 0.000167 0.000120 0.000085 0.000059 0.000041 0.000028 0.000019 0.000013 0.000009 0.000006 0.000004 0.000003 0.000002 0.000001 0.000001 0.000001 
0.000001 0.000001 0.000001 0.000002 0.000002 0.000004 0.000006 0.000009 0.000013 0.000019 0.000029 0.000042 0.000061 0.000088 0.000125 0.000177 0.000248 0.000343 0.000471 0.000640 0.000862 0.001149 0.001517 0.001984 0.002570 0.003297 0.004189 0.005270 0.006567 0.008103 0.009901 0.011982 0.014360 0.017042 0.020030 0.023312 0.026869 0.030667 0.034662 0.038796 0.043000 0.047196 0.051296 0.055209 0.058841 0.062101 0.064903 0.067168 0.068835 0.069855 0.070199 0.069855 0.068835 0.067168 0.064903 0.062101 0.058841 0.055209 0.051296 0.047196 0.043000 0.038796 0.034662 0.030667 0.026869 0.023312 0.020030 0.017042 0.014360 0.011982 0.009901 0.008103 0.006567 0.005270 0.004189 0.003297 0.002570 0.001984 0.001517 0.001149 0.000862 0.000640 0.000471 0.000343 0.000248 0.000177 0.000125 0.000088 0.000061 0.000042 0.000029 0.000019 0.000013 0.000009 0.000006 0.000004 0.000003 0.000002 0.000002 0.000002 
0.000001 0.000001 0.000002 0.000002 0.000004 0.000005 0.000008 0.000013 0.000019 0.000028 0.000042 0.000062 0.000089 0.000129 0.000184 0.000259 0.000363 0.000503 0.000690 0.000937 0.001262 0.001682 0.002220 0.002903 0.003760 0.004822 0.006125 0.007705 0.009599 0.011843 0.014470 0.017508 0.020979 0.024895 0.029256 0.034047 0.039237 0.044779 0.050608 0.056639 0.062772 0.068892 0.074873 0.080580 0.085878 0.090632 0.094718 0.098022 0.100453 0.101940 0.102441 0.101940 0.100453 0.098022 0.094718 0.090632 0.085878 0.080580 0.074873 0.068892 0.062772 0.056639 0.050608 0.044779 0.039237 0.034047 0.029256 0.024895 0.020979 0.017508 0.014470 0.011843 0.009599 0.007705 0.006125 0.004822 0.003760 0.002903 0.002220 0.001682 0.001262 0.000937 0.000690 0.000503 0.000363 0.000259 0.000184 0.000129 0.000089 0.000062 0.000042 0.000028 0.000019 0.000013 0.000008 0.000006 0.000004 0.000003 0.000002 0.000002 
0.000002 0.000002 0.000003 0.000003 0.000005 0.000008 0.000012 0.000018 0.000028 0.000041 0.000061 0.000089 0.000130 0.000187 0.000267 0.000377 0.000527 0.000729 0.001001 0.001360 0.001829 0.002438 0.003219 0.004208 0.005448 0.006987 0.008873 0.011160 0.013900 0.017147 0.020948 0.025343 0.030364 0.036027 0.042333 0.049260 0.056764 0.064776 0.073201 0.081918 0.090782 0.099626 0.108269 0.116516 0.124171 0.131040 0.136942 0.141716 0.145228 0.147377 0.148100 0.147377 0.145228 0.141716 0.136942 0.131040 0.124171 0.116516 0.108269 0.099626 0.090782 0.081918 0.073201 0.064776 0.056764 0.049260 0.042333 0.036027 0.030364 0.025343 0.020948 0.017147 0.013900 0.011160 0.008873 0.006987 0.005448 0.004208 0.003219 0.002438 0.001829 0.001360 0.001001 0.000729 0.000527 0.000377 0.000267 0.000187 0.000130 0.000090 0.000061 0.000041 0.000028 0.000018 0.000012 0.000008 0.000006 0.000004 0.000003 0.000003 
0.000003 0.000003 0.000004 0.000005 0.000007 0.000011 0.000017 0.000026 0.000040 0.000059 0.000088 0.000129 0.000187 0.000269 0.000384 0.000542 0.000757 0.001048 0.001438 0.001953 0.002628 0.003502 0.004622 0.006041 0.007821 0.010027 0.012732 0.016011 0.019940 0.024594 0.030041 0.036340 0.043534 0.051648 0.060681 0.070602 0.081350 0.092824 0.104888 0.117370 0.130060 0.142723 0.155095 0.166901 0.177858 0.187690 0.196138 0.202971 0.207997 0.211073 0.212108 0.211073 0.207997 0.202971 0.196138 0.187690 0.177858 0.166901 0.155095 0.142723 0.130060 0.117370 0.104888 0.092824 0.081350 0.070602 0.060681 0.051648 0.043534 0.036340 0.030041 0.024594 0.019940 0.016011 0.012732 0.010027 0.007821 0.006041 0.004622 0.003502 0.002628 0.001953 0.001438 0.001048 0.000757 0.000542 0.000384 0.000269 0.000187 0.000129 0.000088 0.000059 0.000040 0.000026 0.000018 0.000012 0.000008 0.000006 0.000005 0.000005 
0.000004 0.000004 0.000005 0.000007 0.000011 0.000016 0.000025 0.000038 0.000057 0.000085 0.000125 0.000184 0.000267 0.000384 0.000547 0.000771 0.001078 0.001493 0.002047 0.002780 0.003740 0.004982 0.006574 0.008592 0.011120 0.014255 0.018098 0.022755 0.028335 0.034943 0.042677 0.051619 0.061830 0.073346 0.086164 0.100242 0.115490 0.131768 0.148882 0.166586 0.184586 0.202544 0.220090 0.236831 0.252369 0.266311 0.278289 0.287978 0.295104 0.299464 0.300932 0.299464 0.295104 0.287978 0.278289 0.266311 0.252369 0.236831 0.220090 0.202544 0.184586 0.166586 0.148882 0.131768 0.115490 0.100242 0.086164 0.073346 0.061830 0.051619 0.042677 0.034943 0.028335 0.022755 0.018098 0.014255 0.011120 0.008592 0.006574 0.004982 0.003740 0.002780 0.002047 0.001493 0.001078 0.000771 0.000547 0.000384 0.000267 0.000184 0.000125 0.000085 0.000057 0.000038 0.000025 0.000017 0.000011 0.000008 0.000007 0.000007 
0.000006 0.000006 0.000007 0.000010 0.000015 0.000023 0.000035 0.000053 0.000080 0.000120 0.000177 0.000259 0.000377 0.000542 0.000771 0.001088 0.001521 0.002105 0.002886 0.003919 0.005271 0.007021 0.009263 0.012103 0.015663 0.020074 0.025482 0.032035 0.039885 0.049180 0.060056 0.072630 0.086988 0.103178 0.121197 0.140985 0.162416 0.185292 0.209341 0.234218 0.259508 0.284738 0.309387 0.332905 0.354731 0.374315 0.391140 0.404748 0.414758 0.420882 0.422944 0.420882 0.414758 0.404748 0.391140 0.374315 0.354731 0.332905 0.309387 0.284738 0.259508 0.234218 0.209341 0.185292 0.162416 0.140985 0.121197 0.103178 0.086988 0.072630 0.060056 0.049180 0.039885 0.032035 0.025482 0.020074 0.015663 0.012103 0.009263 0.007021 0.005271 0.003919 0.002886 0.002105 0.001521 0.001088 0.000771 0.000542 0.000377 0.000259 0.000177 0.000120 0.000080 0.000053 0.000035 0.000024 0.000016 0.000012 0.000010 0.000010 
0.000008 0.000008 0.000010 0.000014 0.000021 0.000032 0.000049 0.000074 0.000112 0.000167 0.000248 0.000363 0.000527 0.000757 0.001078 0.001521 0.002125 0.002941 0.004031 0.005472 0.007358 0.009800 0.012927 0.016888 0.021851 0.028002 0.035540 0.044672 0.055611 0.068562 0.083715 0.101230 0.121229 0.143775 0.168867 0.196420 0.226257 0.258104 0.291580 0.326206 0.361406 0.396519 0.430823 0.463551 0.493922 0.521172 0.544583 0.563518 0.577445 0.585966 0.588834 0.585966 0.577445 0.563518 0.544583 0.521172 0.493922 0.463551 0.430823 0.396519 0.361406 0.326206 0.291580 0.258104 0.226257 0.196420 0.168867 0.143775 0.121229 0.101230 0.083715 0.068562 0.055611 0.044672 0.035540 0.028002 0.021851 0.016888 0.012927 0.009800 0.007358 0.005472 0.004031 0.002941 0.002125 0.001521 0.001078 0.000757 0.000527 0.000363 0.000248 0.000168 0.000112 0.000075 0.000050 0.000033 0.000022 0.000016 0.000013 0.000013 
0.000012 0.000012 0.000014 0.000020 0.000029 0.000045 0.000068 0.000103 0.000155 0.000232 0.000343 0.000503 0.000729 0.001048 0.001493 0.002105 0.002941 0.004069 0.005576 0.007569 0.010175 0.013549 0.017869 0.023341 0.030196 0.038690 0.049098 0.061706 0.076806 0.094681 0.115591 0.139760 0.167351 0.198455 0.233067 0.271070 0.312220 0.356136 0.402298 0.450041 0.498571 0.546980 0.594270 0.639386 0.681251 0.718812 0.751082 0.777180 0.796375 0.808120 0.812073 0.808120 0.796375 0.777180 0.751082 0.718812 0.681251 0.639386 0.594270 0.546980 0.498571 0.450041 0.402298 0.356136 0.312220 0.271070 0.233067 0.198455 0.167351 0.139760 0.115591 0.094681 0.076806 0.061706 0.049098 0.038690 0.030196 0.023341 0.017869 0.013549 0.010175 0.007569 0.005576 0.004069 0.002941 0.002105 0.001493 0.001048 0.000729 0.000503 0.000343 0.000232 0.000156 0.000104 0.000069 0.000046 0.000031 0.000023 0.000019 0.000019 
0.000016 0.000016 0.000020 0.000027 0.000041 0.000061 0.000094 0.000142 0.000214 0.000319 0.000471 0.000690 0.001001 0.001438 0.002047 0.002886 0.004031 0.005576 0.007640 0.010368 0.013937 0.018555 0.024467 0.031954 0.041333 0.052952 0.067186 0.084427 0.105074 0.129511 0.158095 0.191129 0.228837 0.271341 0.318634 0.370556 0.426772 0.486764 0.549817 0.615026 0.681306 0.747416 0.811995 0.873602 0.930767 0.982054 1.026115 1.061748 1.087956 1.103991 1.109388 1.103991 1.087956 1.061748 1.026115 0.982054 0.930767 0.873602 0.811995 0.747416 0.681306 0.615026 0.549817 0.486764 0.426772 0.370556 0.318634 0.271341 0.228837 0.191129 0.158095 0.129511 0.105074 0.084427 0.067186 0.052952 0.041333 0.031954 0.024467 0.018555 0.013937 0.010368 0.007640 0.005576 0.004031 0.002886 0.002047 0.001438 0.001001 0.000690 0.000471 0.000319 0.000214 0.000142 0.000094 0.000063 0.000043 0.000031 0.000026 0.000026 
0.000022 0.000022 0.000027 0.000037 0.000055 0.000084 0.000127 0.000193 0.000290 0.000433 0.000640 0.000937 0.001360 0.001953 0.002780 0.003919 0.005472 0.007569 0.010368 0.014069 0.018908 0.025169 0.033183 0.043330 0.056039 0.071782 0.091065 0.114419 0.142382 0.175476 0.214180 0.258904 0.309951 0.367485 0.431496 0.501764 0.577839 0.659016 0.744329 0.832553 0.922221 1.011654 1.099011 1.182344 1.259666 1.329035 1.388628 1.436821 1.472267 1.493953 1.501253 1.493953 1.472267 1.436821 1.388628 1.329035 1.259666 1.182344 1.099011 1.011654 0.922221 0.832553 0.744329 0.659016 0.577839 0.501764 0.431496 0.367485 0.309951 0.258904 0.214180 0.175476 0.142382 0.114419 0.091065 0.071782 0.056039 0.043330 0.033183 0.025169 0.018908 0.014069 0.010368 0.007569 0.005472 0.003919 0.002780 0.001953 0.001360 0.000937 0.000640 0.000433 0.000291 0.000194 0.000129 0.000086 0.000058 0.000042 0.000035 0.000035 
0.000030 0.000030 0.000036 0.000050 0.000074 0.000113 0.000172 0.000260 0.000391 0.000583 0.000862 0.001262 0.001829 0.002628 0.003740 0.005271 0.007358 0.010175 0.013937 0.018908 0.025407 0.033815 0.044575 0.058197 0.075256 0.096384 0.122259 0.153594 0.191107 0.235498 0.287409 0.347387 0.415839 0.492981 0.578799 0.672998 0.774973 0.883779 0.998121 1.116357 1.236520 1.356362 1.473417 1.585073 1.688674 1.781614 1.861453 1.926020 1.973507 2.002560 2.012340 2.002560 1.973507 1.926020 1.861453 1.781614 1.688674 1.585073 1.473417 1.356362 1.236520 1.116357 0.998121 0.883779 0.774973 0.672998 0.578799 0.492981 0.415839 0.347387 0.287409 0.235498 0.191107 0.153594 0.122259 0.096384 0.075256 0.058197 0.044575 0.033815 0.025407 0.018908 0.013937 0.010175 0.007358 0.005271 0.003740 0.002628 0.001830 0.001262 0.000862 0.000584 0.000392 0.000261 0.000173 0.000115 0.000079 0.000057 0.000047 0.000047 
0.000040 0.000040 0.000048 0.000067 0.000099 0.000150 0.000229 0.000347 0.000522 0.000778 0.001149 0.001682 0.002438 0.003502 0.004982 0.007021 0.009800 0.013549 0.018555 0.025169 0.033815 0.044997 0.059307 0.077421 0.100101 0.128186 0.162578 0.204221 0.254069 0.313049 0.382014 0.461688 0.552608 0.655062 0.769027 0.894113 1.029513 1.173973 1.325772 1.482730 1.642238 1.801312 1.956678 2.104872 2.242369 2.365715 2.471671 2.557356 2.620374 2.658930 2.671907 2.658930 2.620374 2.557356 2.471671 2.365715 2.242369 2.104872 1.956678 1.801312 1.642238 1.482730 1.325772 1.173973 1.029513 0.894113 0.769027 0.655062 0.552608 0.461688 0.382014 0.313049 0.254069 0.204221 0.162578 0.128186 0.100101 0.077421 0.059307 0.044997 0.033815 0.025169 0.018555 0.013549 0.009800 0.007021 0.004982 0.003502 0.002438 0.001682 0.001149 0.000778 0.000522 0.000348 0.000231 0.000154 0.000105 0.000076 0.000063 0.000063 
0.000052 0.000052 0.000064 0.000089 0.000131 0.000199 0.000303 0.000458 0.000689 0.001027 0.001517 0.002220 0.003219 0.004622 0.006574 0.009263 0.012927 0.017869 0.024467 0.033183 0.044575 0.059307 0.078156 0.102012 0.131878 0.168857 0.214135 0.268953 0.334563 0.412183 0.502934 0.607767 0.727386 0.862167 1.012078 1.176604 1.354684 1.544665 1.744284 1.950675 2.160407 2.369558 2.573824 2.768654 2.949413 3.111563 3.250850 3.363486 3.446325 3.497006 3.514065 3.497006 3.446325 3.363486 3.250850 3.111563 2.949413 2.768654 2.573824 2.369558 2.160407 1.950675 1.744284 1.544665 1.354684 1.176604 1.012078 0.862167 0.727386 0.607767 0.502934 0.412183 0.334563 0.268953 0.214135 0.168857 0.131878 0.102012 0.078156 0.059307 0.044575 0.033183 0.024467 0.017869 0.012927 0.009263 0.006574 0.004622 0.003219 0.002221 0.001518 0.001028 0.000690 0.000460 0.000306 0.000204 0.000139 0.000101 0.000084 0.000084 
0.000069 0.000069 0.000084 0.000116 0.000172 0.000260 0.000396 0.000600 0.000902 0.001344 0.001984 0.002903 0.004208 0.006041 0.008592 0.012103 0.016888 0.023341 0.031954 0.043330 0.058197 0.077421 0.102012 0.133133 0.172087 0.220314 0.279356 0.350828 0.436363 0.537545 0.655831 0.792458 0.948341 1.123967 1.319292 1.533643 1.765634 2.013112 2.273129 2.541951 2.815110 3.087498 3.353513 3.607229 3.842614 4.053760 4.235129 4.381793 4.489656 4.555646 4.577858 4.555646 4.489656 4.381793 4.235129 4.053760 3.842614 3.607229 3.353513 3.087498 2.815110 2.541951 2.273129 2.013112 1.765634 1.533643 1.319292 1.123967 0.948341 0.792458 0.655831 0.537545 0.436363 0.350828 0.279356 0.220314 0.172087 0.133133 0.102012 0.077421 0.058197 0.043330 0.031954 0.023341 0.016888 0.012103 0.008592 0.006041 0.004208 0.002904 0.001985 0.001345 0.000903 0.000602 0.000400 0.000267 0.000182 0.000132 0.000110 0.000110 
0.000089 0.000089 0.000108 0.000151 0.000223 0.000338 0.000513 0.000777 0.001168 0.001741 0.002570 0.003760 0.005448 0.007821 0.011120 0.015663 0.021851 0.030196 0.041333 0.056039 0.075256 0.100101 0.131878 0.172087 0.222412 0.284707 0.360964 0.453265 0.563716 0.694357 0.847067 1.023439 1.224649 1.451325 1.703406 1.980019 2.279375 2.598694 2.934172 3.280990 3.633384 3.984769 4.327916 4.655186 4.958800 5.231142 5.465070 5.654233 5.793351 5.878461 5.907108 5.878461 5.793351 5.654233 5.465070 5.231142 4.958800 4.655186 4.327916 3.984769 3.633384 3.280990 2.934172 2.598694 2.279375 1.980019 1.703406 1.451325 1.224649 1.023439 0.847067 0.694357 0.563716 0.453265 0.360964 0.284707 0.222412 0.172087 0.131878 0.100101 0.075256 0.056039 0.041333 0.030197 0.021851 0.015663 0.011120 0.007821 0.005449 0.003760 0.002571 0.001742 0.001170 0.000780 0.000518 0.000346 0.000236 0.000172 0.000142 0.000142 
0.000114 0.000114 0.000139 0.000193 0.000286 0.000434 0.000659 0.000998 0.001499 0.002234 0.003297 0.004822 0.006987 0.010027 0.014255 0.020074 0.028002 0.038690 0.052952 0.071782 0.096384 0.128186 0.168857 0.220314 0.284707 0.364408 0.461961 0.580025 0.721289 0.888361 1.083638 1.309150 1.566400 1.856183 2.178419 2.531989 2.914603 3.322707 3.751436 4.194634 4.644934 5.093924 5.532370 5.950515 6.338422 6.686365 6.985225 7.226889 7.404615 7.513345 7.549942 7.513345 7.404615 7.226889 6.985225 6.686365 6.338422 5.950515 5.532370 5.093924 4.644934 4.194634 3.751436 3.322707 2.914603 2.531989 2.178419 1.856183 1.566400 1.309150 1.083638 0.888361 0.721289 0.580025 0.461961 0.364408 0.284707 0.220314 0.168857 0.128186 0.096384 0.071782 0.052952 0.038690 0.028002 0.020075 0.014255 0.010027 0.006987 0.004823 0.003298 0.002235 0.001502 0.001002 0.000666 0.000444 0.000303 0.000221 0.000183 0.000183 
0.000146 0.000146 0.000177 0.000246 0.000364 0.000551 0.000838 0.001268 0.001905 0.002838 0.004189 0.006125 0.008873 0.012732 0.018098 0.025482 0.035540 0.049098 0.067186 0.091065 0.122259 0.162578 0.214135 0.279356 0.360964 0.461961 0.585566 0.735145 0.914098 1.125724 1.373052 1.658652 1.984418 2.351354 2.759352 3.206992 3.691372 4.207990 4.750686 5.311666 5.881609 6.449869 7.004762 7.533944 8.024843 8.465156 8.843347 9.149155 9.374051 9.511637 9.557947 9.511637 9.374051 9.149155 8.843347 8.465156 8.024843 7.533944 7.004762 6.449869 5.881609 5.311666 4.750686 4.207990 3.691372 3.206992 2.759352 2.351354 1.984418 1.658652 1.373052 1.125724 0.914098 0.735145 0.585566 0.461961 0.360964 0.279356 0.214136 0.162578 0.122259 0.091065 0.067186 0.049098 0.035540 0.025482 0.018098 0.012732 0.008873 0.006126 0.004190 0.002840 0.001908 0.001273 0.000846 0.000565 0.000386 0.000281 0.000232 0.000232 
0.000183 0.000183 0.000223 0.000310 0.000459 0.000694 0.001055 0.001596 0.002398 0.003571 0.005270 0.007705 0.011160 0.016011 0.022755 0.032035 0.044672 0.061706 0.084427 0.114419 0.153594 0.204221 0.268953 0.350828 0.453265 0.580025 0.735145 0.922841 1.147376 1.412881 1.723151 2.081401 2.490003 2.950208 3.461876 4.023220 4.630599 5.278363 5.958789 6.662103 7.376621 8.088999 8.784594 9.447935 10.063271 10.615182 11.089217 11.472518 11.754401 11.926848 11.984892 11.926848 11.754401 11.472518 11.089217 10.615182 10.063271 9.447935 8.784594 8.088999 7.376621 6.662103 5.958789 5.278363 4.630599 4.023220 3.461876 2.950208 2.490003 2.081401 1.723151 1.412881 1.147376 0.922841 0.735145 0.580025 0.453265 0.350828 0.268953 0.204221 0.153594 0.114419 0.084427 0.061706 0.044672 0.032035 0.022755 0.016011 0.011160 0.007706 0.005271 0.003574 0.002402 0.001603 0.001065 0.000711 0.000486 0.000354 0.000293 0.000293 
0.000229 0.000229 0.000279 0.000387 0.000572 0.000866 0.001315 0.001990 0.002989 0.004450 0.006567 0.009599 0.013900 0.019940 0.028335 0.039885 0.055611 0.076806 0.105074 0.142382 0.191107 0.254069 0.334563 0.436363 0.563716 0.721289 0.914098 1.147376 1.426412 1.756335 2.141850 2.586946 3.094560 3.666241 4.301808 4.999034 5.753392 6.557864 7.402853 8.276225 9.163470 10.048022 10.911703 11.735309 12.499291 13.184510 13.773030 14.248896 14.598847 14.812935 14.884994 14.812935 14.598847 14.248896 13.773030 13.184510 12.499291 11.735309 10.911703 10.048022 9.163470 8.276225 7.402853 6.557864 5.753392 4.999034 4.301808 3.666241 3.094560 2.586946 2.141850 1.756335 1.426412 1.147376 0.914098 0.721289 0.563716 0.436363 0.334563 0.254069 0.191107 0.142382 0.105074 0.076806 0.055611 0.039885 0.028335 0.019941 0.013901 0.009600 0.006568 0.004453 0.002994 0.001998 0.001328 0.000887 0.000606 0.000441 0.000365 0.000365 
0.000283 0.000283 0.000344 0.000478 0.000707 0.001069 0.001624 0.002457 0.003689 0.005492 0.008103 0.011843 0.017147 0.024594 0.034943 0.049180 0.068562 0.094681 0.129511 0.175476 0.235498 0.313049 0.412183 0.537545 0.694357 0.888361 1.125724 1.412881 1.756335 2.162387 2.636823 3.184539 3.809142 4.512528 5.294466 6.152212 7.080188 8.069758 9.109117 10.183337 11.274575 12.362457 13.424635 14.437496 15.377006 16.219637 16.943343 17.528507 17.958831 18.222086 18.310694 18.222086 17.958831 17.528507 16.943343 16.219637 15.377006 14.437496 13.424635 12.362457 11.274575 10.183337 9.109117 8.069758 7.080188 6.152212 5.294466 4.512528 3.809142 3.184539 2.636823 2.162387 1.756335 1.412881 1.125724 0.888361 0.694357 0.537545 0.412183 0.313049 0.235498 0.175476 0.129511 0.094681 0.068563 0.049180 0.034944 0.024594 0.017148 0.011844 0.008105 0.005496 0.003695 0.002467 0.001640 0.001095 0.000749 0.000545 0.000452 0.000452 
0.000346 0.000346 0.000421 0.000585 0.000864 0.001308 0.001986 0.003004 0.004510 0.006713 0.009901 0.014470 0.020948 0.030041 0.042677 0.060056 0.083715 0.115591 0.158095 0.214180 0.287409 0.382014 0.502934 0.655831 0.847067 1.083638 1.373052 1.723151 2.141850 2.636823 3.215109 3.882666 4.643881 5.501054 6.453892 7.499046 8.629713 9.835364 11.101615 12.410280 13.739623 15.064829 16.358680 17.592422 18.736786 19.763126 20.644596 21.357312 21.881431 22.202064 22.309984 22.202064 21.881431 21.357312 20.644596 19.763126 18.736786 17.592422 16.358680 15.064829 13.739623 12.410280 11.101615 9.835364 8.629713 7.499046 6.453892 5.501054 4.643881 3.882666 3.215109 2.636823 2.141850 1.723151 1.373052 1.083638 0.847067 0.655831 0.502934 0.382014 0.287409 0.214180 0.158095 0.115591 0.083715 0.060056 0.042677 0.030042 0.020948 0.014471 0.009904 0.006717 0.004517 0.003016 0.002006 0.001340 0.000916 0.000667 0.000553 0.000553 
0.000420 0.000420 0.000510 0.000708 0.001047 0.001584 0.002405 0.003637 0.005459 0.008125 0.011982 0.017508 0.025343 0.036340 0.051619 0.072630 0.101230 0.139760 0.191129 0.258904 0.347387 0.461688 0.607767 0.792458 1.023439 1.309150 1.658652 2.081401 2.586946 3.184539 3.882666 4.688509 5.607350 6.641953 7.791956 9.053306 10.417786 11.872686 13.400643 14.979713 16.583673 18.182585 19.743617 21.232085 22.612688 23.850877 24.914273 25.774075 26.406351 26.793148 26.923336 26.793148 26.406351 25.774075 24.914273 23.850877 22.612688 21.232085 19.743617 18.182585 16.583673 14.979713 13.400643 11.872686 10.417786 9.053306 7.791956 6.641953 5.607350 4.688509 3.882666 3.184539 2.586946 2.081401 1.658652 1.309150 1.023439 0.792458 0.607767 0.461688 0.347387 0.258904 0.191129 0.139760 0.101230 0.072630 0.051619 0.036340 0.025344 0.017510 0.011985 0.008130 0.005468 0.003651 0.002429 0.001622 0.001110 0.000808 0.000670 0.000670 
0.000504 0.000504 0.000613 0.000850 0.001256 0.001899 0.002884 0.004360 0.006544 0.009738 0.014360 0.020979 0.030364 0.043534 0.061830 0.086988 0.121229 0.167351 0.228837 0.309951 0.415839 0.552608 0.727386 0.948341 1.224649 1.566400 1.984418 2.490003 3.094560 3.809142 4.643881 5.607350 6.705849 7.942672 9.317374 10.825097 12.456014 14.194925 16.021076 17.908240 19.825079 21.735822 23.601242 25.379900 27.029627 28.509148 29.779787 30.807141 31.562622 32.024787 32.180343 32.024787 31.562622 30.807141 29.779787 28.509148 27.029627 25.379900 23.601242 21.735822 19.825079 17.908240 16.021076 14.194925 12.456014 10.825097 9.317374 7.942672 6.705849 5.607350 4.643881 3.809142 3.094560 2.490003 1.984418 1.566400 1.224649 0.948341 0.727386 0.552608 0.415839 0.309951 0.228837 0.167351 0.121229 0.086988 0.061831 0.043535 0.030365 0.020981 0.014364 0.009744 0.006554 0.004377 0.002912 0.001946 0.001331 0.000970 0.000803 0.000803 
0.000598 0.000598 0.000728 0.001009 0.001492 0.002256 0.003424 0.005177 0.007769 0.011559 0.017042 0.024895 0.036027 0.051648 0.073346 0.103178 0.143775 0.198455 0.271341 0.367485 0.492981 0.655062 0.862167 1.123967 1.451325 1.856183 2.351354 2.950208 3.666241 4.512528 5.501054 6.641953 7.942672 9.407096 11.034684 12.819674 14.750421 16.808925 18.970616 21.204445 23.473321 25.734911 27.942793 30.047933 32.000431 33.751453 35.255239 36.471083 37.365166 37.912117 38.096210 37.912117 37.365166 36.471083 35.255239 33.751453 32.000431 30.047933 27.942793 25.734911 23.473321 21.204445 18.970616 16.808925 14.750421 12.819674 11.034684 9.407096 7.942672 6.641953 5.501054 4.512528 3.666241 2.950208 2.351354 1.856183 1.451325 1.123967 0.862167 0.655062 0.492981 0.367485 0.271341 0.198455 0.143775 0.103178 0.073346 0.051649 0.036029 0.024898 0.017047 0.011566 0.007781 0.005197 0.003458 0.002311 0.001581 0.001152 0.000955 0.000955 
0.000704 0.000704 0.000856 0.001187 0.001755 0.002653 0.004026 0.006086 0.009132 0.013586 0.020030 0.029256 0.042333 0.060681 0.086164 0.121197 0.168867 0.233067 0.318634 0.431496 0.578799 0.769027 1.012078 1.319292 1.703406 2.178419 2.759352 3.461876 4.301808 5.294466 6.453892 7.791956 9.317374 11.034684 12.943237 15.036266 17.300105 19.713641 22.248062 24.866966 27.526872 30.178158 32.766412 35.234165 37.522936 39.575494 41.338214 42.763396 43.811408 44.452520 44.668305 44.452520 43.811408 42.763396 41.338214 39.575494 37.522936 35.234165 32.766412 30.178158 27.526872 24.866966 22.248062 19.713641 17.300105 15.036266 12.943237 11.034684 9.317374 7.791956 6.453892 5.294466 4.301808 3.461876 2.759352 2.178419 1.703406 1.319292 1.012078 0.769027 0.578799 0.431496 0.318634 0.233067 0.168867 0.121197 0.086164 0.060682 0.042335 0.029259 0.020035 0.013595 0.009147 0.006110 0.004066 0.002718 0.001860 0.001356 0.001123 0.001123 
0.000821 0.000821 0.000998 0.001383 0.002044 0.003089 0.004689 0.007086 0.010632 0.015815 0.023312 0.034047 0.049260 0.070602 0.100242 0.140985 0.196420 0.271070 0.370556 0.501764 0.672998 0.894113 1.176604 1.533643 1.980019 2.531989 3.206992 4.023220 4.999034 6.152212 7.499046 9.053306 10.825097 12.819674 15.036266 17.466999 20.095992 22.898718 25.841716 28.882715 31.971230 35.049649 38.054805 40.919987 43.577310 45.960345 48.006846 49.661450 50.878159 51.622465 51.872982 51.622465 50.878159 49.661450 48.006846 45.960345 43.577310 40.919987 38.054805 35.049649 31.971230 28.882715 25.841716 22.898718 20.095992 17.466999 15.036266 12.819674 10.825097 9.053306 7.499046 6.152212 4.999034 4.023220 3.206992 2.531989 1.980019 1.533643 1.176604 0.894113 0.672998 0.501764 0.370556 0.271070 0.196420 0.140986 0.100243 0.070604 0.049262 0.034050 0.023318 0.015825 0.010648 0.007114 0.004735 0.003165 0.002166 0.001579 0.001308 0.001308 
0.000947 0.000947 0.001151 0.001596 0.002357 0.003563 0.005406 0.008170 0.012256 0.018229 0.026869 0.039237 0.056764 0.081350 0.115490 0.162416 0.226257 0.312220 0.426772 0.577839 0.774973 1.029513 1.354684 1.765634 2.279375 2.914603 3.691372 4.630599 5.753392 7.080188 8.629713 10.417786 12.456014 14.750421 17.300105 20.095992 23.119804 26.343322 29.728057 33.225393 36.777274 40.317451 43.773296 47.068104 50.123831 52.864102 55.217360 57.119959 58.519018 59.374870 59.662931 59.374870 58.519018 57.119959 55.217360 52.864102 50.123831 47.068104 43.773296 40.317451 36.777274 33.225393 29.728057 26.343322 23.119804 20.095992 17.300105 14.750421 12.456014 10.417786 8.629713 7.080188 5.753392 4.630599 3.691372 2.914603 2.279375 1.765634 1.354684 1.029513 0.774973 0.577839 0.426772 0.312220 0.226258 0.162417 0.115491 0.081351 0.056766 0.039241 0.026876 0.018241 0.012276 0.008202 0.005460 0.003650 0.002498 0.001822 0.001509 0.001509 
0.001082 0.001082 0.001315 0.001823 0.002692 0.004069 0.006173 0.009327 0.013991 0.020808 0.030667 0.044779 0.064776 0.092824 0.131768 0.185292 0.258104 0.356136 0.486764 0.659016 0.883779 1.173973 1.544665 2.013112 2.598694 3.322707 4.207990 5.278363 6.557864 8.069758 9.835364 11.872686 14.194925 16.808925 19.713641 22.898718 26.343322 30.015299 33.870799 37.854445 41.900111 45.932350 49.868447 53.621056 57.101305 60.222228 62.902345 65.069186 66.662542 67.637248 67.965311 67.637248 66.662542 65.069186 62.902345 60.222228 57.101305 53.621056 49.868447 45.932350 41.900111 37.854445 33.870799 30.015299 26.343322 22.898718 19.713641 16.808925 14.194925 11.872686 9.835364 8.069758 6.557864 5.278363 4.207990 3.322707 2.598694 2.013112 1.544665 1.173973 0.883779 0.659016 0.486764 0.356137 0.258104 0.185293 0.131769 0.092825 0.064778 0.044784 0.030675 0.020822 0.014014 0.009365 0.006234 0.004169 0.002854 0.002081 0.001724 0.001724 
0.001224 0.001224 0.001488 0.002062 0.003045 0.004601 0.006980 0.010545 0.015817 0.023521 0.034662 0.050608 0.073201 0.104888 0.148882 0.209341 0.291580 0.402298 0.549817 0.744329 0.998121 1.325772 1.744284 2.273129 2.934172 3.751436 4.750686 5.958789 7.402853 9.109117 11.101615 13.400643 16.021076 18.970616 22.248062 25.841716 29.728057 33.870799 38.220465 42.714580 47.278551 51.827270 56.267444 60.500554 64.426368 67.946805 70.969974 73.414146 75.211422 76.310867 76.680913 76.310867 75.211422 73.414146 70.969974 67.946805 64.426368 60.500554 56.267444 51.827270 47.278551 42.714580 38.220465 33.870799 29.728057 25.841716 22.248062 18.970616 16.021076 13.400643 11.101615 9.109117 7.402853 5.958789 4.750686 3.751436 2.934172 2.273129 1.744284 1.325772 0.998121 0.744329 0.549817 0.402298 0.291581 0.209342 0.148883 0.104890 0.073204 0.050613 0.034671 0.023536 0.015842 0.010588 0.007049 0.004714 0.003227 0.002354 0.001951 0.001951 
0.001371 0.001371 0.001666 0.002309 0.003410 0.005152 0.007815 0.011806 0.017706 0.026329 0.038796 0.056639 0.081918 0.117370 0.166586 0.234218 0.326206 0.450041 0.615026 0.832553 1.116357 1.482730 1.950675 2.541951 3.280990 4.194634 5.311666 6.662103 8.276225 10.183337 12.410280 14.979713 17.908240 21.204445 24.866966 28.882715 33.225393 37.854445 42.714580 47.735992 52.835339 57.917541 62.878373 67.607784 71.993806 75.926882 79.304368 82.034976 84.042865 85.271142 85.684550 85.271142 84.042865 82.034976 79.304368 75.926882 71.993806 67.607784 62.878373 57.917541 52.835339 47.735992 42.714580 37.854445 33.225393 28.882715 24.866966 21.204445 17.908240 14.979713 12.410280 10.183337 8.276225 6.662103 5.311666 4.194634 3.280990 2.541951 1.950675 1.482730 1.116357 0.832553 0.615026 0.450041 0.326207 0.234218 0.166587 0.117372 0.081921 0.056645 0.038806 0.026345 0.017735 0.011853 0.007893 0.005278 0.003614 0.002636 0.002185 0.002185 
0.001521 0.001521 0.001848 0.002561 0.003781 0.005712 0.008665 0.013089 0.019628 0.029184 0.043000 0.062772 0.090782 0.130060 0.184586 0.259508 0.361406 0.498571 0.681306 0.922221 1.236520 1.642238 2.160407 2.815110 3.633384 4.644934 5.881609 7.376621 9.163470 11.274575 13.739623 16.583673 19.825079 23.473321 27.526872 31.971230 36.777274 41.900111 47.278551 52.835339 58.478254 64.102090 69.591528 74.824806 79.678047 84.030041 87.767234 90.788633 93.010334 94.369402 94.826829 94.369402 93.010334 90.788633 87.767234 84.030041 79.678047 74.824806 69.591528 64.102090 58.478254 52.835339 47.278551 41.900111 36.777274 31.971230 27.526872 23.473321 19.825079 16.583673 13.739623 11.274575 9.163470 7.376621 5.881609 4.644934 3.633384 2.815110 2.160407 1.642238 1.236520 0.922221 0.681306 0.498571 0.361406 0.259508 0.184587 0.130063 0.090785 0.062779 0.043011 0.029203 0.019660 0.013141 0.008751 0.005853 0.004008 0.002924 0.002423 0.002423 
0.001670 0.001670 0.002030 0.002812 0.004152 0.006272 0.009513 0.014369 0.021546 0.032034 0.047196 0.068892 0.099626 0.142723 0.202544 0.284738 0.396519 0.546980 0.747416 1.011654 1.356362 1.801312 2.369558 3.087498 3.984769 5.093924 6.449869 8.088999 10.048022 12.362457 15.064829 18.182585 21.735822 25.734911 30.178158 35.049649 40.317451 45.932350 51.827270 57.917541 64.102090 70.265624 76.281769 82.017096 87.335864 92.105257 96.200848 99.511977 101.946711 103.436090 103.937376 103.436090 101.946711 99.511977 96.200848 92.105257 87.335864 82.017096 76.281769 70.265624 64.102090 57.917541 51.827270 45.932350 40.317451 35.049649 30.178158 25.734911 21.735822 18.182585 15.064829 12.362457 10.048022 8.088999 6.449869 5.093924 3.984769 3.087498 2.369558 1.801312 1.356362 1.011654 0.747416 0.546980 0.396520 0.284738 0.202545 0.142725 0.099630 0.068899 0.047208 0.032054 0.021581 0.014426 0.009607 0.006426 0.004401 0.003211 0.002661 0.002661 
0.001816 0.001816 0.002207 0.003058 0.004514 0.006819 0.010342 0.015620 0.023421 0.034819 0.051296 0.074873 0.108269 0.155095 0.220090 0.309387 0.430823 0.594270 0.811995 1.099011 1.473417 1.956678 2.573824 3.353513 4.327916 5.532370 7.004762 8.784594 10.911703 13.424635 16.358680 19.743617 23.601242 27.942793 32.766412 38.054805 43.773296 49.868447 56.267444 62.878373 69.591528 76.281769 82.811935 89.037215 94.810287 99.987012 104.432354 108.026221 110.668846 112.285392 112.829478 112.285392 110.668846 108.026221 104.432354 99.987012 94.810287 89.037215 82.811935 76.281769 69.591528 62.878373 56.267444 49.868447 43.773296 38.054805 32.766412 27.942793 23.601242 19.743617 16.358680 13.424635 10.911703 8.784594 7.004762 5.532370 4.327916 3.353513 2.573824 1.956678 1.473417 1.099011 0.811995 0.594271 0.430823 0.309388 0.220091 0.155098 0.108273 0.074881 0.051309 0.034841 0.023459 0.015683 0.010445 0.006987 0.004785 0.003492 0.002894 0.002894 
