0.000000 0.000000 0.000000 0.000000 0.000000 0.000000 0.000000 0.000000 0.000000 0.000001 0.000001 0.000001 0.000002 0.000003 0.000004 0.000006 0.000008 0.000011 0.000015 0.000021 0.000028 0.000037 0.000049 0.000065 0.000084 0.000108 0.000138 0.000174 0.000218 0.000269 0.000330 0.000400 0.000480 0.000571 0.000673 0.000784 0.000905 0.001035 0.001171 0.001313 0.001457 0.001601 0.001741 0.001876 0.002001 0.002113 0.002209 0.002288 0.002345 0.002380 0.002392 0.002380 0.002345 0.002288 0.002209 0.002113 0.002001 0.001876 0.001741 0.001601 0.001457 0.001313 0.001171 0.001035 0.000905 0.000784 0.000673 0.000571 0.000480 0.000400 0.000330 0.000269 0.000218 0.000174 0.000138 0.000108 0.000084 0.000065 0.000049 0.000037 0.000028 0.000021 0.000015 0.000011 0.000008 0.000006 0.000004 0.000003 0.000002 0.000001 0.000001 0.000001 0.000000 0.000000 0.000000 0.000000 0.000000 0.000000 0.000000 0.000000 
0.000000 0.000000 0.000000 0.000000 0.000000 0.000000 0.000000 0.000000 0.000000 0.000001 0.000001 0.000001 0.000002 0.000003 0.000004 0.000006 0.000008 0.000011 0.000015 0.000021 0.000028 0.000037 0.000049 0.000065 0.000084 0.000108 0.000138 0.000174 0.000218 0.000269 0.000330 0.000400 0.000480 0.000571 0.000673 0.000784 0.000905 0.001035 0.001171 0.001313 0.001457 0.001601 0.001741 0.001876 0.002001 0.002113 0.002209 0.002288 0.002345 0.002380 0.002392 0.002380 0.002345 0.002288 0.002209 0.002113 0.002001 0.001876 0.001741 0.001601 0.001457 0.001313 0.001171 0.001035 0.000905 0.000784 0.000673 0.000571 0.000480 0.000400 0.000330 0.000269 0.000218 0.000174 0.000138 0.000108 0.000084 0.000065 0.000049 0.000037 0.000028 0.000021 0.000015 0.000011 0.000008 0.000006 0.000004 0.000003 0.000002 0.000001 0.000001 0.000001 0.000000 0.000000 0.000000 0.000000 0.000000 0.000000 0.000000 0.000000 
0.000000 0.000000 0.000000 0.000000 0.000000 0.000000 0.000000 0.000000 0.000000 0.000001 0.000001 0.000002 0.000002 0.000003 0.000005 0.000007 0.000010 0.000013 0.000018 0.000025 0.000034 0.000046 0.000060 0.000079 0.000103 0.000132 0.000168 0.000212 0.000265 0.000328 0.000402 0.000487 0.000585 0.000696 0.000819 0.000955 0.001102 0.001260 0.001426 0.001598 0.001773 0.001948 0.002119 0.002283 0.002435 0.002571 0.002688 0.002783 0.002853 0.002896 0.002910 0.002896 0.002853 0.002783 0.002688 0.002571 0.002435 0.002283 0.002119 0.001948 0.001773 0.001598 0.001426 0.001260 0.001102 0.000955 0.000819 0.000696 0.000585 0.000487 0.000402 0.000328 0.000265 0.000212 0.000168 0.000132 0.000103 0.000079 0.000060 0.000046 0.000034 0.000025 0.000018 0.000013 0.000010 0.000007 0.000005 0.000003 0.000002 0.000002 0.000001 0.000001 0.000000 0.000000 0.000000 0.000000 0.000000 0.000000 0.000000 0.000000 
0.000000 0.000000 0.000000 0.000000 0.000000 0.000000 0.000000 0.000000 0.000001 0.000001 0.000002 0.000002 0.000003 0.000005 0.000007 0.000010 0.000013 0.000019 0.000026 0.000035 0.000047 0.000063 0.000084 0.000110 0.000143 0.000184 0.000234 0.000295 0.000369 0.000456 0.000559 0.000677 0.000813 0.000967 0.001138 0.001326 0.001531 0.001750 0.001980 0.002219 0.002462 0.002704 0.002942 0.003168 0.003379 0.003568 0.003731 0.003862 0.003959 0.004018 0.004038 0.004018 0.003959 0.003862 0.003731 0.003568 0.003379 0.003168 0.002942 0.002704 0.002462 0.002219 0.001980 0.001750 0.001531 0.001326 0.001138 0.000967 0.000813 0.000677 0.000559 0.000456 0.000369 0.000295 0.000234 0.000184 0.000143 0.000110 0.000084 0.000063 0.000047 0.000035 0.000026 0.000019 0.000013 0.000010 0.000007 0.000005 0.000003 0.000002 0.000002 0.000001 0.000001 0.000000 0.000000 0.000000 0.000000 0.000000 0.000000 0.000000 
0.000000 0.000000 0.000000 0.000000 0.000000 0.000000 0.000000 0.000001 0.000001 0.000002 0.000002 0.000003 0.000005 0.000007 0.000010 0.000014 0.000020 0.000028 0.000038 0.000052 0.000070 0.000094 0.000125 0.000164 0.000212 0.000273 0.000347 0.000438 0.000547 0.000676 0.000828 0.001003 0.001204 0.001432 0.001685 0.001964 0.002266 0.002590 0.002930 0.003283 0.003642 0.004001 0.004352 0.004687 0.004998 0.005277 0.005517 0.005712 0.005855 0.005942 0.005972 0.005942 0.005855 0.005712 0.005517 0.005277 0.004998 0.004687 0.004352 0.004001 0.003642 0.003283 0.002930 0.002590 0.002266 0.001964 0.001685 0.001432 0.001204 0.001003 0.000828 0.000676 0.000547 0.000438 0.000347 0.000273 0.000212 0.000164 0.000125 0.000094 0.000070 0.000052 0.000038 0.000028 0.000020 0.000014 0.000010 0.000007 0.000005 0.000003 0.000002 0.000002 0.000001 0.000001 0.000000 0.000000 0.000000 0.000000 0.000000 0.000000 
0.000000 0.000000 0.000000 0.000000 0.000000 0.000000 0.000001 0.000001 0.000002 0.000002 0.000003 0.000005 0.000007 0.000011 0.000015 0.000022 0.000030 0.000042 0.000058 0.000079 0.000107 0.000143 0.000189 0.000248 0.000322 0.000414 0.000527 0.000664 0.000829 0.001025 0.001255 0.001521 0.001825 0.002169 0.002552 0.002974 0.003432 0.003921 0.004436 0.004970 0.005513 0.006055 0.006586 0.007092 0.007563 0.007985 0.008348 0.008642 0.008858 0.008991 0.009035 0.008991 0.008858 0.008642 0.008348 0.007985 0.007563 0.007092 0.006586 0.006055 0.005513 0.004970 0.004436 0.003921 0.003432 0.002974 0.002552 0.002169 0.001825 0.001521 0.001255 0.001025 0.000829 0.000664 0.000527 0.000414 0.000322 0.000248 0.000189 0.000143 0.000107 0.000079 0.000058 0.000042 0.000030 0.000022 0.000015 0.000011 0.000007 0.000005 0.000003 0.000002 0.000002 0.000001 0.000001 0.000000 0.000000 0.000000 0.000000 0.000000 
0.000000 0.000000 0.000000 0.000000 0.000000 0.000001 0.000001 0.000002 0.000002 0.000004 0.000005 0.000008 0.000011 0.000016 0.000023 0.000033 0.000046 0.000065 0.000089 0.000121 0.000163 0.000218 0.000289 0.000378 0.000491 0.000631 0.000803 0.001011 0.001262 0.001560 0.001909 0.002313 0.002775 0.003298 0.003880 0.004521 0.005216 0.005959 0.006741 0.007552 0.008376 0.009199 0.010005 0.010773 0.011487 0.012129 0.012680 0.013126 0.013454 0.013654 0.013722 0.013654 0.013454 0.013126 0.012680 0.012129 0.011487 0.010773 0.010005 0.009199 0.008376 0.007552 0.006741 0.005959 0.005216 0.004521 0.003880 0.003298 0.002775 0.002313 0.001909 0.001560 0.001262 0.001011 0.000803 0.000631 0.000491 0.000378 0.000289 0.000218 0.000163 0.000121 0.000089 0.000065 0.000046 0.000033 0.000023 0.000016 0.000011 0.000008 0.000005 0.000004 0.000002 0.000002 0.000001 0.000001 0.000000 0.000000 0.000000 0.000000 
0.000000 0.000000 0.000000 0.000000 0.000001 0.000001 0.000002 0.000002 0.000004 0.000005 0.000008 0.000012 0.000017 0.000025 0.000036 0.000050 0.000071 0.000098 0.000135 0.000184 0.000248 0.000331 0.000438 0.000574 0.000744 0.000956 0.001217 0.001533 0.001913 0.002363 0.002891 0.003503 0.004203 0.004994 0.005875 0.006844 0.007896 0.009019 0.010202 0.011427 0.012674 0.013918 0.015135 0.016298 0.017377 0.018346 0.019179 0.019853 0.020348 0.020652 0.020754 0.020652 0.020348 0.019853 0.019179 0.018346 0.017377 0.016298 0.015135 0.013918 0.012674 0.011427 0.010202 0.009019 0.007896 0.006844 0.005875 0.004994 0.004203 0.003503 0.002891 0.002363 0.001913 0.001533 0.001217 0.000956 0.000744 0.000574 0.000438 0.000331 0.000248 0.000184 0.000135 0.000098 0.000071 0.000050 0.000036 0.000025 0.000017 0.000012 0.000008 0.000005 0.000004 0.000002 0.000002 0.000001 0.000001 0.000001 0.000000 0.000000 
0.000000 0.000000 0.000000 0.000001 0.000001 0.000002 0.000002 0.000004 0.000005 0.000008 0.000012 0.000018 0.000026 0.000038 0.000054 0.000076 0.000107 0.000148 0.000203 0.000277 0.000373 0.000499 0.000660 0.000864 0.001120 0.001439 0.001831 0.002306 0.002877 0.003554 0.004348 0.005267 0.006319 0.007506 0.008830 0.010285 0.011864 0.013551 0.015326 0.017165 0.019036 0.020904 0.022730 0.024474 0.026093 0.027547 0.028797 0.029808 0.030552 0.031007 0.031160 0.031007 0.030552 0.029808 0.028797 0.027547 0.026093 0.024474 0.022730 0.020904 0.019036 0.017165 0.015326 0.013551 0.011864 0.010285 0.008830 0.007506 0.006319 0.005267 0.004348 0.003554 0.002877 0.002306 0.001831 0.001439 0.001120 0.000864 0.000660 0.000499 0.000373 0.000277 0.000203 0.000148 0.000107 0.000076 0.000054 0.000038 0.000026 0.000018 0.000012 0.000008 0.000005 0.000004 0.000002 0.000002 0.000001 0.000001 0.000001 0.000001 
0.000001 0.000001 0.000001 0.000001 0.000002 0.000002 0.000004 0.000005 0.000008 0.000012 0.000018 0.000027 0.000039 0.000056 0.000080 0.000114 0.000159 0.000221 0.000304 0.000414 0.000558 0.000745 0.000985 0.001289 0.001672 0.002147 0.002731 0.003440 0.004290 0.005299 0.006482 0.007851 0.009417 0.011186 0.013156 0.015323 0.017673 0.020184 0.022826 0.025562 0.028346 0.031126 0.033843 0.036438 0.038847 0.041009 0.042868 0.044372 0.045478 0.046155 0.046383 0.046155 0.045478 0.044372 0.042868 0.041009 0.038847 0.036438 0.033843 0.031126 0.028346 0.025562 0.022826 0.020184 0.017673 0.015323 0.013156 0.011186 0.009417 0.007851 0.006482 0.005299 0.004290 0.003440 0.002731 0.002147 0.001672 0.001289 0.000985 0.000745 0.000558 0.000414 0.000304 0.000221 0.000159 0.000114 0.000080 0.000056 0.000039 0.000027 0.000018 0.000012 0.000008 0.000005 0.000004 0.000002 0.000002 0.000001 0.000001 0.000001 
0.000001 0.000001 0.000001 0.000002 0.000002 0.000003 0.000005 0.000008 0.000012 0.000018 0.000027 0.000040 0.000058 0.000083 0.000119 0.000168 0.000236 0.000327 0.000450 0.000612 0.000825 0.001102 0.001457 0.001907 0.002473 0.003175 0.004037 0.005084 0.006340 0.007830 0.009575 0.011596 0.013908 0.016517 0.019425 0.022621 0.026087 0.029791 0.033688 0.037723 0.041828 0.045926 0.049933 0.053757 0.057309 0.060497 0.063237 0.065454 0.067085 0.068083 0.068418 0.068083 0.067085 0.065454 0.063237 0.060497 0.057309 0.053757 0.049933 0.045926 0.041828 0.037723 0.033688 0.029791 0.026087 0.022621 0.019425 0.016517 0.013908 0.011596 0.009575 0.007830 0.006340 0.005084 0.004037 0.003175 0.002473 0.001907 0.001457 0.001102 0.000825 0.000612 0.000450 0.000327 0.000236 0.000168 0.000119 0.000083 0.000058 0.000040 0.000027 0.000018 0.000012 0.000008 0.000005 0.000004 0.000002 0.000002 0.000001 0.000001 
0.000001 0.000001 0.000002 0.000002 0.000003 0.000005 0.000008 0.000012 0.000018 0.000027 0.000040 0.000058 0.000085 0.000122 0.000175 0.000247 0.000346 0.000480 0.000660 0.000898 0.001210 0.001615 0.002135 0.002794 0.003622 0.004650 0.005912 0.007444 0.009281 0.011460 0.014013 0.016969 0.020348 0.024163 0.028413 0.033086 0.038151 0.043563 0.049257 0.055152 0.061149 0.067136 0.072988 0.078575 0.083762 0.088418 0.092420 0.095657 0.098039 0.099496 0.099987 0.099496 0.098039 0.095657 0.092420 0.088418 0.083762 0.078575 0.072988 0.067136 0.061149 0.055152 0.049257 0.043563 0.038151 0.033086 0.028413 0.024163 0.020348 0.016969 0.014013 0.011460 0.009281 0.007444 0.005912 0.004650 0.003622 0.002794 0.002135 0.001615 0.001210 0.000898 0.000660 0.000480 0.000346 0.000247 0.000175 0.000122 0.000085 0.000058 0.000040 0.000027 0.000018 0.000012 0.000008 0.000005 0.000004 0.000003 0.000002 0.000002 
0.000002 0.000002 0.000002 0.000003 0.000005 0.000007 0.000011 0.000017 0.000026 0.000039 0.000058 0.000085 0.000124 0.000178 0.000254 0.000359 0.000503 0.000698 0.000959 0.001304 0.001757 0.002345 0.003099 0.004055 0.005256 0.006747 0.008576 0.010796 0.013459 0.016617 0.020316 0.024598 0.029492 0.035017 0.041171 0.047937 0.055271 0.063105 0.071348 0.079880 0.088559 0.097223 0.105692 0.113776 0.121282 0.128019 0.133808 0.138492 0.141938 0.144046 0.144756 0.144046 0.141938 0.138492 0.133808 0.128019 0.121282 0.113776 0.105692 0.097223 0.088559 0.079880 0.071348 0.063105 0.055271 0.047937 0.041171 0.035017 0.029492 0.024598 0.020316 0.016617 0.013459 0.010796 0.008576 0.006747 0.005256 0.004055 0.003099 0.002345 0.001757 0.001304 0.000959 0.000698 0.000503 0.000359 0.000254 0.000178 0.000124 0.000085 0.000058 0.000039 0.000026 0.000017 0.000011 0.000008 0.000005 0.000004 0.000003 0.000003 
0.000003 0.000003 0.000003 0.000005 0.000007 0.000011 0.000016 0.000025 0.000038 0.000056 0.000083 0.000122 0.000178 0.000257 0.000366 0.000518 0.000725 0.001005 0.001380 0.001877 0.002528 0.003372 0.004456 0.005830 0.007555 0.009696 0.012324 0.015511 0.019335 0.023867 0.029176 0.035320 0.042343 0.050268 0.059098 0.068802 0.079320 0.090555 0.102374 0.114607 0.127051 0.139472 0.151612 0.163201 0.173959 0.183615 0.191913 0.198626 0.203564 0.206586 0.207603 0.206586 0.203564 0.198626 0.191913 0.183615 0.173959 0.163201 0.151612 0.139472 0.127051 0.114607 0.102374 0.090555 0.079320 0.068802 0.059098 0.050268 0.042343 0.035320 0.029176 0.023867 0.019335 0.015511 0.012324 0.009696 0.007555 0.005830 0.004456 0.003372 0.002528 0.001877 0.001380 0.001005 0.000725 0.000518 0.000366 0.000257 0.000178 0.000122 0.000083 0.000056 0.000038 0.000025 0.000017 0.000011 0.000007 0.000005 0.000004 0.000004 
0.000004 0.000004 0.000005 0.000007 0.000010 0.000015 0.000023 0.000036 0.000054 0.000080 0.000119 0.000175 0.000254 0.000366 0.000523 0.000738 0.001033 0.001433 0.001967 0.002675 0.003602 0.004804 0.006346 0.008303 0.010757 0.013803 0.017541 0.022075 0.027512 0.033956 0.041504 0.050238 0.060219 0.071483 0.084029 0.097817 0.112759 0.128720 0.145508 0.162883 0.180556 0.198195 0.215436 0.231891 0.247166 0.260876 0.272658 0.282189 0.289200 0.293490 0.294935 0.293490 0.289200 0.282189 0.272658 0.260876 0.247166 0.231891 0.215436 0.198195 0.180556 0.162883 0.145508 0.128720 0.112759 0.097817 0.084029 0.071483 0.060219 0.050238 0.041504 0.033956 0.027512 0.022075 0.017541 0.013803 0.010757 0.008303 0.006346 0.004804 0.003602 0.002675 0.001967 0.001433 0.001033 0.000738 0.000523 0.000366 0.000254 0.000175 0.000119 0.000080 0.000054 0.000036 0.000024 0.000016 0.000011 0.000008 0.000006 0.000006 
0.000006 0.000006 0.000007 0.000010 0.000014 0.000022 0.000033 0.000050 0.000076 0.000114 0.000168 0.000247 0.000359 0.000518 0.000738 0.001043 0.001460 0.002023 0.002777 0.003776 0.005084 0.006779 0.008954 0.011712 0.015172 0.019464 0.024730 0.031118 0.038777 0.047853 0.058482 0.070780 0.084833 0.100689 0.118349 0.137754 0.158783 0.181242 0.204864 0.229311 0.254174 0.278988 0.303239 0.326385 0.347871 0.367154 0.383725 0.397129 0.406989 0.413023 0.415054 0.413023 0.406989 0.397129 0.383725 0.367154 0.347871 0.326385 0.303239 0.278988 0.254174 0.229311 0.204864 0.181242 0.158783 0.137754 0.118349 0.100689 0.084833 0.070780 0.058482 0.047853 0.038777 0.031118 0.024730 0.019464 0.015172 0.011712 0.008954 0.006779 0.005084 0.003776 0.002777 0.002023 0.001460 0.001043 0.000738 0.000518 0.000359 0.000247 0.000168 0.000114 0.000076 0.000051 0.000033 0.000022 0.000015 0.000011 0.000009 0.000009 
0.000008 0.000008 0.000010 0.000013 0.000020 0.000030 0.000046 0.000071 0.000107 0.000159 0.000236 0.000346 0.000503 0.000725 0.001033 0.001460 0.002042 0.002830 0.003884 0.005279 0.007106 0.009475 0.012512 0.016363 0.021194 0.027186 0.034536 0.043450 0.054136 0.066799 0.081626 0.098778 0.118376 0.140486 0.165109 0.192163 0.221478 0.252783 0.285707 0.319778 0.354427 0.389005 0.422798 0.455048 0.484984 0.511850 0.534935 0.553610 0.567347 0.575752 0.578582 0.575752 0.567347 0.553610 0.534935 0.511850 0.484984 0.455048 0.422798 0.389005 0.354427 0.319778 0.285707 0.252783 0.221478 0.192163 0.165109 0.140486 0.118376 0.098778 0.081626 0.066799 0.054136 0.043450 0.034536 0.027186 0.021194 0.016363 0.012512 0.009475 0.007106 0.005279 0.003884 0.002830 0.002042 0.001460 0.001033 0.000725 0.000503 0.000346 0.000236 0.000159 0.000107 0.000071 0.000047 0.000031 0.000021 0.000015 0.000013 0.000013 
0.000011 0.000011 0.000013 0.000019 0.000028 0.000042 0.000065 0.000098 0.000148 0.000221 0.000327 0.000480 0.000698 0.001005 0.001433 0.002023 0.002830 0.003920 0.005379 0.007310 0.009839 0.013117 0.017318 0.022644 0.029324 0.037610 0.047771 0.060092 0.074862 0.092360 0.112847 0.136543 0.163616 0.194156 0.228162 0.265524 0.306002 0.349226 0.394682 0.441717 0.489547 0.537277 0.583920 0.628431 0.669747 0.706824 0.738684 0.764455 0.783412 0.795011 0.798916 0.795011 0.783412 0.764455 0.738684 0.706824 0.669747 0.628431 0.583920 0.537277 0.489547 0.441717 0.394682 0.349226 0.306002 0.265524 0.228162 0.194156 0.163616 0.136543 0.112847 0.092360 0.074862 0.060092 0.047771 0.037610 0.029324 0.022644 0.017318 0.013117 0.009839 0.007310 0.005379 0.003920 0.002830 0.002023 0.001433 0.001005 0.000698 0.000480 0.000328 0.000221 0.000148 0.000098 0.000065 0.000043 0.000029 0.000021 0.000018 0.000018 
0.000015 0.000015 0.000018 0.000026 0.000038 0.000058 0.000089 0.000135 0.000203 0.000304 0.000450 0.000660 0.000959 0.001380 0.001967 0.002777 0.003884 0.005379 0.007379 0.010027 0.013493 0.017985 0.023741 0.031038 0.040188 0.051535 0.065449 0.082319 0.102538 0.126489 0.154528 0.186955 0.223999 0.265783 0.312305 0.363411 0.418777 0.477893 0.540056 0.604374 0.669777 0.735037 0.798808 0.859662 0.916145 0.966832 1.010384 1.045612 1.071526 1.087381 1.092718 1.087381 1.071526 1.045612 1.010384 0.966832 0.916145 0.859662 0.798808 0.735037 0.669777 0.604374 0.540056 0.477893 0.418777 0.363411 0.312305 0.265783 0.223999 0.186955 0.154528 0.126489 0.102538 0.082319 0.065449 0.051535 0.040188 0.031038 0.023741 0.017985 0.013493 0.010027 0.007379 0.005379 0.003884 0.002777 0.001967 0.001380 0.000959 0.000660 0.000450 0.000304 0.000204 0.000135 0.000090 0.000060 0.000041 0.000029 0.000024 0.000024 
0.000021 0.000021 0.000025 0.000035 0.000052 0.000079 0.000121 0.000184 0.000277 0.000414 0.000612 0.000898 0.001304 0.001877 0.002675 0.003776 0.005279 0.007310 0.010027 0.013621 0.018328 0.024424 0.032236 0.042137 0.054552 0.069944 0.088816 0.111693 0.139109 0.171583 0.209592 0.253547 0.303753 0.360379 0.423418 0.492664 0.567675 0.647759 0.731966 0.819086 0.907670 0.996056 1.082420 1.164830 1.241317 1.309953 1.368927 1.416627 1.451715 1.473183 1.480410 1.473183 1.451715 1.416627 1.368927 1.309953 1.241317 1.164830 1.082420 0.996056 0.907670 0.819086 0.731966 0.647759 0.567675 0.492664 0.423418 0.360379 0.303753 0.253547 0.209592 0.171583 0.139109 0.111693 0.088816 0.069944 0.054552 0.042137 0.032236 0.024424 0.018328 0.013621 0.010027 0.007310 0.005279 0.003776 0.002675 0.001877 0.001304 0.000898 0.000613 0.000414 0.000277 0.000184 0.000122 0.000081 0.000055 0.000040 0.000033 0.000033 
0.000028 0.000028 0.000034 0.000047 0.000070 0.000107 0.000163 0.000248 0.000373 0.000558 0.000825 0.001210 0.001757 0.002528 0.003602 0.005084 0.007106 0.009839 0.013493 0.018328 0.024656 0.032852 0.043352 0.056660 0.073342 0.094023 0.119376 0.150106 0.186927 0.230536 0.281573 0.340587 0.407986 0.483996 0.568607 0.661540 0.762202 0.869665 0.982651 1.099539 1.218382 1.336954 1.452808 1.563352 1.665949 1.758010 1.837109 1.901086 1.948146 1.976940 1.986632 1.976940 1.948146 1.901086 1.837109 1.758010 1.665949 1.563352 1.452808 1.336954 1.218382 1.099539 0.982651 0.869665 0.762202 0.661540 0.568607 0.483996 0.407986 0.340587 0.281573 0.230536 0.186927 0.150106 0.119376 0.094023 0.073342 0.056660 0.043352 0.032852 0.024656 0.018328 0.013493 0.009839 0.007106 0.005084 0.003602 0.002528 0.001757 0.001210 0.000826 0.000558 0.000374 0.000249 0.000165 0.000110 0.000075 0.000054 0.000045 0.000045 
0.000037 0.000037 0.000046 0.000063 0.000094 0.000143 0.000218 0.000331 0.000499 0.000745 0.001102 0.001615 0.002345 0.003372 0.004804 0.006779 0.009475 0.013117 0.017985 0.024424 0.032852 0.043765 0.057744 0.075459 0.097663 0.125185 0.158920 0.199804 0.248786 0.306791 0.374669 0.453147 0.542768 0.643828 0.756315 0.879853 1.013656 1.156488 1.306651 1.461988 1.619916 1.777474 1.931413 2.078292 2.214604 2.336915 2.442003 2.526999 2.589517 2.627770 2.640646 2.627770 2.589517 2.526999 2.442003 2.336915 2.214604 2.078292 1.931413 1.777474 1.619916 1.461988 1.306651 1.156488 1.013656 0.879853 0.756315 0.643828 0.542768 0.453147 0.374669 0.306791 0.248786 0.199804 0.158920 0.125185 0.097663 0.075459 0.057744 0.043765 0.032852 0.024424 0.017985 0.013117 0.009475 0.006779 0.004804 0.003373 0.002345 0.001615 0.001102 0.000745 0.000499 0.000332 0.000220 0.000147 0.000100 0.000072 0.000060 0.000060 
0.000049 0.000049 0.000060 0.000084 0.000125 0.000189 0.000289 0.000438 0.000660 0.000985 0.001457 0.002135 0.003099 0.004456 0.006346 0.008954 0.012512 0.017318 0.023741 0.032236 0.043352 0.057744 0.076179 0.099535 0.128805 0.165081 0.209541 0.263416 0.327956 0.404373 0.493790 0.597159 0.715194 0.848281 0.996404 1.159067 1.335230 1.523268 1.720944 1.925419 2.133292 2.340668 2.543270 2.736573 2.915963 3.076922 3.215212 3.327059 3.409328 3.459664 3.476607 3.459664 3.409328 3.327059 3.215212 3.076922 2.915963 2.736573 2.543270 2.340668 2.133292 1.925419 1.720944 1.523268 1.335230 1.159067 0.996404 0.848281 0.715194 0.597159 0.493790 0.404373 0.327956 0.263416 0.209541 0.165081 0.128805 0.099535 0.076179 0.057744 0.043352 0.032236 0.023741 0.017318 0.012512 0.008954 0.006347 0.004456 0.003099 0.002135 0.001457 0.000985 0.000661 0.000440 0.000291 0.000194 0.000132 0.000096 0.000079 0.000079 
0.000065 0.000065 0.000079 0.000110 0.000164 0.000248 0.000378 0.000574 0.000864 0.001289 0.001907 0.002794 0.004055 0.005830 0.008303 0.011712 0.016363 0.022644 0.031038 0.042137 0.056660 0.075459 0.099535 0.130034 0.168251 0.215609 0.273644 0.343961 0.428187 0.527903 0.644569 0.779427 0.933402 1.106998 1.300190 1.512330 1.742059 1.987255 2.245003 2.511600 2.782612 3.052964 3.317080 3.569063 3.802902 4.012709 4.192963 4.338747 4.445976 4.511583 4.533667 4.511583 4.445976 4.338747 4.192963 4.012709 3.802902 3.569063 3.317080 3.052964 2.782612 2.511600 2.245003 1.987255 1.742059 1.512330 1.300190 1.106998 0.933402 0.779427 0.644569 0.527903 0.428187 0.343961 0.273644 0.215609 0.168251 0.130034 0.099535 0.075459 0.056660 0.042137 0.031038 0.022644 0.016363 0.011712 0.008303 0.005830 0.004055 0.002794 0.001907 0.001290 0.000865 0.000576 0.000382 0.000254 0.000173 0.000126 0.000104 0.000104 
0.000084 0.000084 0.000103 0.000143 0.000212 0.000322 0.000491 0.000744 0.001120 0.001672 0.002473 0.003622 0.005256 0.007555 0.010757 0.015172 0.021194 0.029324 0.040188 0.054552 0.073342 0.097663 0.128805 0.168251 0.217671 0.278906 0.353937 0.444836 0.553703 0.682579 0.833346 1.007606 1.206551 1.430827 1.680401 1.954430 2.251159 2.567845 2.900721 3.245006 3.594974 3.944072 4.285104 4.610456 4.912371 5.183251 5.415969 5.604181 5.742615 5.827314 5.855824 5.827314 5.742615 5.604181 5.415969 5.183251 4.912371 4.610456 4.285104 3.944072 3.594974 3.245006 2.900721 2.567845 2.251159 1.954430 1.680401 1.430827 1.206551 1.007606 0.833346 0.682579 0.553703 0.444836 0.353937 0.278906 0.217671 0.168251 0.128805 0.097663 0.073342 0.054552 0.040188 0.029324 0.021194 0.015172 0.010758 0.007555 0.005256 0.003622 0.002473 0.001673 0.001122 0.000747 0.000495 0.000330 0.000225 0.000163 0.000135 0.000135 
0.000108 0.000108 0.000132 0.000184 0.000273 0.000414 0.000631 0.000956 0.001439 0.002147 0.003175 0.004650 0.006747 0.009696 0.013803 0.019464 0.027186 0.037610 0.051535 0.069944 0.094023 0.125185 0.165081 0.215609 0.278906 0.357326 0.453401 0.569784 0.709156 0.874128 1.067103 1.290127 1.544722 1.831710 2.151044 2.501643 2.881258 3.286379 3.712185 4.152562 4.600184 5.046674 5.482828 5.898914 6.285014 6.631416 6.929008 7.169685 7.346704 7.455010 7.491466 7.455010 7.346704 7.169685 6.929008 6.631416 6.285014 5.898914 5.482828 5.046674 4.600184 4.152562 3.712185 3.286379 2.881258 2.501643 2.151044 1.831710 1.544722 1.290127 1.067103 0.874128 0.709156 0.569784 0.453401 0.357326 0.278906 0.215609 0.165081 0.125185 0.094023 0.069944 0.051535 0.037610 0.027186 0.019464 0.013804 0.009696 0.006747 0.004650 0.003176 0.002149 0.001441 0.000960 0.000637 0.000424 0.000289 0.000210 0.000173 0.000173 
0.000138 0.000138 0.000168 0.000234 0.000347 0.000527 0.000803 0.001217 0.001831 0.002731 0.004037 0.005912 0.008576 0.012324 0.017541 0.024730 0.034536 0.047771 0.065449 0.088816 0.119376 0.158920 0.209541 0.273644 0.353937 0.453401 0.575247 0.722830 0.899549 1.108707 1.353345 1.636051 1.958749 2.322478 2.727170 3.171453 3.652474 4.165782 4.705268 5.263184 5.830252 6.395860 6.948354 7.475407 7.964463 8.403221 8.780150 9.084983 9.309188 9.446362 9.492535 9.446362 9.309188 9.084983 8.780150 8.403221 7.964463 7.475407 6.948354 6.395860 5.830252 5.263184 4.705268 4.165782 3.652474 3.171453 2.727170 2.322478 1.958749 1.636051 1.353345 1.108707 0.899549 0.722830 0.575247 0.453401 0.353937 0.273644 0.209541 0.158920 0.119376 0.088816 0.065449 0.047771 0.034536 0.024730 0.017541 0.012324 0.008576 0.005913 0.004038 0.002733 0.001834 0.001221 0.000810 0.000540 0.000368 0.000267 0.000221 0.000221 
0.000174 0.000174 0.000212 0.000295 0.000438 0.000664 0.001011 0.001533 0.002306 0.003440 0.005084 0.007444 0.010796 0.015511 0.022075 0.031118 0.043450 0.060092 0.082319 0.111693 0.150106 0.199804 0.263416 0.343961 0.444836 0.569784 0.722830 0.908186 1.130113 1.392752 1.699916 2.054849 2.459958 2.916540 3.424507 3.982128 4.585822 5.229999 5.906990 6.607073 7.318606 8.028278 8.721467 9.382715 9.996273 10.546715 11.019578 11.401990 11.683250 11.855331 11.913253 11.855331 11.683250 11.401990 11.019578 10.546715 9.996273 9.382715 8.721467 8.028278 7.318606 6.607073 5.906990 5.229999 4.585822 3.982128 3.424507 2.916540 2.459958 2.054849 1.699916 1.392752 1.130113 0.908186 0.722830 0.569784 0.444836 0.343961 0.263416 0.199804 0.150106 0.111693 0.082319 0.060092 0.043450 0.031118 0.022075 0.015511 0.010797 0.007444 0.005085 0.003442 0.002310 0.001539 0.001021 0.000680 0.000464 0.000337 0.000279 0.000279 
0.000218 0.000218 0.000265 0.000369 0.000547 0.000829 0.001262 0.001913 0.002877 0.004290 0.006340 0.009281 0.013459 0.019335 0.027512 0.038777 0.054136 0.074862 0.102538 0.139109 0.186927 0.248786 0.327956 0.428187 0.553703 0.709156 0.899549 1.130113 1.406141 1.732778 2.114756 2.556101 3.059799 3.627456 4.258954 4.952137 5.702547 6.503233 7.344660 8.214746 9.099022 9.980949 10.842361 11.664053 12.426462 13.110427 13.697982 14.173139 14.522608 14.736418 14.808386 14.736418 14.522608 14.173139 13.697982 13.110427 12.426462 11.664053 10.842361 9.980949 9.099022 8.214746 7.344660 6.503233 5.702547 4.952137 4.258954 3.627456 3.059799 2.556101 2.114756 1.732778 1.406141 1.130113 0.899549 0.709156 0.553703 0.428187 0.327956 0.248786 0.186927 0.139109 0.102538 0.074862 0.054136 0.038777 0.027512 0.019335 0.013460 0.009282 0.006341 0.004293 0.002882 0.001920 0.001274 0.000849 0.000579 0.000421 0.000348 0.000348 
0.000269 0.000269 0.000328 0.000456 0.000676 0.001025 0.001560 0.002363 0.003554 0.005299 0.007830 0.011460 0.016617 0.023867 0.033956 0.047853 0.066799 0.092360 0.126489 0.171583 0.230536 0.306791 0.404373 0.527903 0.682579 0.874128 1.108707 1.392752 1.732778 2.135111 2.605572 3.149109 3.769392 4.468387 5.245943 6.099399 7.023258 8.008959 9.044764 10.115798 11.204253 12.289772 13.350005 14.361318 15.299641 16.141401 16.864494 17.449252 17.879326 18.142449 18.231016 18.142449 17.879326 17.449252 16.864494 16.141401 15.299641 14.361318 13.350005 12.289772 11.204253 10.115798 9.044764 8.008959 7.023258 6.099399 5.245943 4.468387 3.769392 3.149109 2.605572 2.135111 1.732778 1.392752 1.108707 0.874128 0.682579 0.527903 0.404373 0.306791 0.230536 0.171583 0.126489 0.092360 0.066799 0.047853 0.033956 0.023867 0.016618 0.011461 0.007832 0.005303 0.003560 0.002372 0.001575 0.001050 0.000716 0.000521 0.000430 0.000430 
0.000330 0.000330 0.000402 0.000559 0.000828 0.001255 0.001909 0.002891 0.004348 0.006482 0.009575 0.014013 0.020316 0.029176 0.041504 0.058482 0.081626 0.112847 0.154528 0.209592 0.281573 0.374669 0.493790 0.644569 0.833346 1.067103 1.353345 1.699916 2.114756 2.605572 3.179454 3.842428 4.598957 5.451432 6.399656 7.440378 8.566888 9.768743 11.031628 12.337405 13.664369 14.987704 16.280169 17.512962 18.656751 19.682808 20.564202 21.276965 21.801178 22.121893 22.229844 22.121893 21.801178 21.276965 20.564202 19.682808 18.656751 17.512962 16.280169 14.987704 13.664369 12.337405 11.031628 9.768743 8.566888 7.440378 6.399656 5.451432 4.598957 3.842428 3.179454 2.605572 2.114756 1.699916 1.353345 1.067103 0.833346 0.644569 0.493790 0.374669 0.281573 0.209592 0.154528 0.112847 0.081626 0.058482 0.041504 0.029176 0.020317 0.014015 0.009578 0.006486 0.004355 0.002903 0.001927 0.001285 0.000877 0.000637 0.000527 0.000527 
0.000400 0.000400 0.000487 0.000677 0.001003 0.001521 0.002313 0.003503 0.005267 0.007851 0.011596 0.016969 0.024598 0.035320 0.050238 0.070780 0.098778 0.136543 0.186955 0.253547 0.340587 0.453147 0.597159 0.779427 1.007606 1.290127 1.636051 2.054849 2.556101 3.149109 3.842428 4.643322 5.557174 6.586857 7.732126 8.989041 10.349494 11.800866 13.325869 14.902600 16.504849 18.102662 19.663151 21.151553 22.532461 23.771204 24.835278 25.695758 26.328605 26.715780 26.846101 26.715780 26.328605 25.695758 24.835278 23.771204 22.532461 21.151553 19.663151 18.102662 16.504849 14.902600 13.325869 11.800866 10.349494 8.989041 7.732126 6.586857 5.557174 4.643322 3.842428 3.149109 2.556101 2.054849 1.636051 1.290127 1.007606 0.779427 0.597159 0.453147 0.340587 0.253547 0.186956 0.136543 0.098778 0.070780 0.050238 0.035320 0.024599 0.016971 0.011599 0.007856 0.005275 0.003517 0.002335 0.001557 0.001063 0.000773 0.000639 0.000639 
0.000480 0.000480 0.000585 0.000813 0.001204 0.001825 0.002775 0.004203 0.006319 0.009417 0.013908 0.020348 0.029492 0.042343 0.060219 0.084833 0.118376 0.163616 0.223999 0.303753 0.407986 0.542768 0.715194 0.933402 1.206551 1.544722 1.958749 2.459958 3.059799 3.769392 4.598957 5.557174 6.650466 7.882261 9.252249 10.755711 12.382937 14.118829 15.942705 17.828372 19.744487 21.655230 23.521285 25.301087 26.952312 28.433513 29.705835 30.734706 31.491388 31.954323 32.110144 31.954323 31.491388 30.734706 29.705835 28.433513 26.952312 25.301087 23.521285 21.655230 19.744487 17.828372 15.942705 14.118829 12.382937 10.755711 9.252249 7.882261 6.650466 5.557174 4.598957 3.769392 3.059799 2.459958 1.958749 1.544722 1.206551 0.933402 0.715194 0.542768 0.407986 0.303753 0.223999 0.163616 0.118376 0.084833 0.060219 0.042343 0.029493 0.020350 0.013911 0.009423 0.006329 0.004220 0.002802 0.001869 0.001276 0.000928 0.000768 0.000768 
0.000571 0.000571 0.000696 0.000967 0.001432 0.002169 0.003298 0.004994 0.007506 0.011186 0.016517 0.024163 0.035017 0.050268 0.071483 0.100689 0.140486 0.194156 0.265783 0.360379 0.483996 0.643828 0.848281 1.106998 1.430827 1.831710 2.322478 2.916540 3.627456 4.468387 5.451432 6.586857 7.882261 9.341687 10.964757 12.745866 14.673503 16.729777 18.890183 21.123696 23.393194 25.656258 27.866330 29.974194 31.929737 33.683888 35.190645 36.409076 37.305163 37.853381 38.037907 37.853381 37.305163 36.409076 35.190645 33.683888 31.929737 29.974194 27.866330 25.656258 23.393194 21.123696 18.890183 16.729777 14.673503 12.745866 10.964757 9.341687 7.882261 6.586857 5.451432 4.468387 3.627456 2.916540 2.322478 1.831710 1.430827 1.106998 0.848281 0.643828 0.483996 0.360379 0.265783 0.194156 0.140486 0.100689 0.071483 0.050269 0.035018 0.024165 0.016521 0.011192 0.007518 0.005013 0.003330 0.002221 0.001517 0.001103 0.000913 0.000913 
0.000673 0.000673 0.000819 0.001138 0.001685 0.002552 0.003880 0.005875 0.008830 0.013156 0.019425 0.028413 0.041171 0.059098 0.084029 0.118349 0.165109 0.228162 0.312305 0.423418 0.568607 0.756315 0.996404 1.300190 1.680401 2.151044 2.727170 3.424507 4.258954 5.245943 6.399656 7.732126 9.252249 10.964757 12.869190 14.958956 17.220543 19.632949 22.167425 24.787570 27.449842 30.104486 32.696899 35.169363 37.463111 39.520598 41.287885 42.716974 43.767980 44.410971 44.627397 44.410971 43.767980 42.716974 41.287885 39.520598 37.463111 35.169363 32.696899 30.104486 27.449842 24.787570 22.167425 19.632949 17.220543 14.958956 12.869190 10.964757 9.252249 7.732126 6.399656 5.245943 4.258954 3.424507 2.727170 2.151044 1.680401 1.300190 0.996404 0.756315 0.568607 0.423418 0.312305 0.228163 0.165109 0.118349 0.084029 0.059099 0.041173 0.028416 0.019429 0.013164 0.008844 0.005898 0.003918 0.002614 0.001785 0.001299 0.001074 0.001074 
0.000784 0.000784 0.000955 0.001326 0.001964 0.002974 0.004521 0.006844 0.010285 0.015323 0.022621 0.033086 0.047937 0.068802 0.097817 0.137754 0.192163 0.265524 0.363411 0.492664 0.661540 0.879853 1.159067 1.512330 1.954430 2.501643 3.171453 3.982128 4.952137 6.099399 7.440378 8.989041 10.755711 12.745866 14.958956 17.387309 20.015209 22.818247 25.763012 28.807212 31.900260 34.984360 37.996083 40.868392 43.533030 45.923165 47.976151 49.636249 50.857136 51.604054 51.855460 51.604054 50.857136 49.636249 47.976151 45.923165 43.533030 40.868392 37.996083 34.984360 31.900260 28.807212 25.763012 22.818247 20.015209 17.387309 14.958956 12.745866 10.755711 8.989041 7.440378 6.099399 4.952137 3.982128 3.171453 2.501643 1.954430 1.512330 1.159067 0.879853 0.661540 0.492664 0.363411 0.265524 0.192164 0.137755 0.097817 0.068803 0.047939 0.033089 0.022627 0.015333 0.010301 0.006871 0.004565 0.003046 0.002081 0.001514 0.001253 0.001253 
0.000905 0.000905 0.001102 0.001531 0.002266 0.003432 0.005216 0.007896 0.011864 0.017673 0.026087 0.038151 0.055271 0.079320 0.112759 0.158783 0.221478 0.306002 0.418777 0.567675 0.762202 1.013656 1.335230 1.742059 2.251159 2.881258 3.652474 4.585822 5.702547 7.023258 8.566888 10.349494 12.382937 14.673503 17.220543 20.015209 23.039405 26.265029 29.653631 33.156545 36.715563 40.264192 43.729460 47.034249 50.100042 52.849961 55.211951 57.121897 58.526518 59.385837 59.675076 59.385837 58.526518 57.121897 55.211951 52.849961 50.100042 47.034249 43.729460 40.264192 36.715563 33.156545 29.653631 26.265029 23.039405 20.015209 17.220543 14.673503 12.382937 10.349494 8.566888 7.023258 5.702547 4.585822 3.652474 2.881258 2.251159 1.742059 1.335230 1.013656 0.762202 0.567675 0.418777 0.306002 0.221478 0.158784 0.112760 0.079321 0.055273 0.038155 0.026094 0.017684 0.011882 0.007927 0.005267 0.003515 0.002401 0.001747 0.001446 0.001446 
0.001035 0.001035 0.001260 0.001750 0.002590 0.003921 0.005959 0.009019 0.013551 0.020184 0.029791 0.043563 0.063105 0.090555 0.128720 0.181242 0.252783 0.349226 0.477893 0.647759 0.869665 1.156488 1.523268 1.987255 2.567845 3.286379 4.165782 5.229999 6.503233 8.008959 9.768743 11.800866 14.118829 16.729777 19.632949 22.818247 26.265029 29.941260 33.803114 37.795125 41.850965 45.894866 49.843684 53.609555 57.103024 60.236511 62.927925 65.104227 66.704721 67.683868 68.013437 67.683868 66.704721 65.104227 62.927925 60.236511 57.103024 53.609555 49.843684 45.894866 41.850965 37.795125 33.803114 29.941260 26.265029 22.818247 19.632949 16.729777 14.118829 11.800866 9.768743 8.008959 6.503233 5.229999 4.165782 3.286379 2.567845 1.987255 1.523268 1.156488 0.869665 0.647759 0.477893 0.349226 0.252783 0.181242 0.128720 0.090556 0.063108 0.043567 0.029798 0.020196 0.013572 0.009055 0.006018 0.004016 0.002744 0.001997 0.001653 0.001653 
0.001171 0.001171 0.001426 0.001980 0.002930 0.004436 0.006741 0.010202 0.015326 0.022826 0.033688 0.049257 0.071348 0.102374 0.145508 0.204864 0.285707 0.394682 0.540056 0.731966 0.982651 1.306651 1.720944 2.245003 2.900721 3.712185 4.705268 5.906990 7.344660 9.044764 11.031628 13.325869 15.942705 18.890183 22.167425 25.763012 29.653631 33.803114 38.161985 42.667642 47.245226 51.809229 56.265831 60.515882 64.458446 67.994702 71.032027 73.488014 75.294182 76.399150 76.771069 76.399150 75.294182 73.488014 71.032027 67.994702 64.458446 60.515882 56.265831 51.809229 47.245226 42.667642 38.161985 33.803114 29.653631 25.763012 22.167425 18.890183 15.942705 13.325869 11.031628 9.044764 7.344660 5.906990 4.705268 3.712185 2.900721 2.245003 1.720944 1.306651 0.982651 0.731966 0.540056 0.394682 0.285708 0.204865 0.145509 0.102375 0.071350 0.049262 0.033696 0.022841 0.015350 0.010242 0.006808 0.004544 0.003105 0.002260 0.001870 0.001870 
0.001313 0.001313 0.001598 0.002219 0.003283 0.004970 0.007552 0.011427 0.017165 0.025562 0.037723 0.055152 0.079880 0.114607 0.162883 0.229311 0.319778 0.441717 0.604374 0.819086 1.099539 1.461988 1.925419 2.511600 3.245006 4.152562 5.263184 6.607073 8.214746 10.115798 12.337405 14.902600 17.828372 21.123696 24.787570 28.807212 33.156545 37.795125 42.667642 47.704115 52.820870 57.922339 62.903663 67.654039 72.060664 76.013106 79.407863 82.152847 84.171534 85.406510 85.822188 85.406510 84.171534 82.152847 79.407863 76.013106 72.060664 67.654039 62.903663 57.922339 52.820870 47.704115 42.667642 37.795125 33.156545 28.807212 24.787570 21.123696 17.828372 14.902600 12.337405 10.115798 8.214746 6.607073 5.263184 4.152562 3.245006 2.511600 1.925419 1.461988 1.099539 0.819086 0.604374 0.441717 0.319778 0.229311 0.162884 0.114609 0.079883 0.055157 0.037732 0.025578 0.017192 0.011472 0.007626 0.005091 0.003479 0.002532 0.002096 0.002096 
0.001457 0.001457 0.001773 0.002462 0.003642 0.005513 0.008376 0.012674 0.019036 0.028346 0.041828 0.061149 0.088559 0.127051 0.180556 0.254174 0.354427 0.489547 0.669777 0.907670 1.218382 1.619916 2.133292 2.782612 3.594974 4.600184 5.830252 7.318606 9.099022 11.204253 13.664369 16.504849 19.744487 23.393194 27.449842 31.900260 36.715563 41.850965 47.245226 52.820870 58.485272 64.132643 69.646918 74.905454 79.783403 84.158540 87.916314 90.954808 93.189333 94.556347 95.016467 94.556347 93.189333 90.954808 87.916314 84.158540 79.783403 74.905454 69.646918 64.132643 58.485272 52.820870 47.245226 41.850965 36.715563 31.900260 27.449842 23.393194 19.744487 16.504849 13.664369 11.204253 9.099022 7.318606 5.830252 4.600184 3.594974 2.782612 2.133292 1.619916 1.218382 0.907670 0.669777 0.489548 0.354427 0.254175 0.180558 0.127053 0.088563 0.061155 0.041838 0.028364 0.019066 0.012723 0.008458 0.005647 0.003859 0.002810 0.002326 0.002326 
0.001601 0.001601 0.001948 0.002704 0.004001 0.006055 0.009199 0.013918 0.020904 0.031126 0.045926 0.067136 0.097223 0.139472 0.198195 0.278988 0.389005 0.537277 0.735037 0.996056 1.336954 1.777474 2.340668 3.052964 3.944072 5.046674 6.395860 8.028278 9.980949 12.289772 14.987704 18.102662 21.655230 25.656258 30.104486 34.984360 40.264192 45.894866 51.809229 57.922339 64.132643 70.324168 76.369677 82.134731 87.482473 92.278928 96.398533 99.729576 102.179230 103.677850 104.182264 103.677850 102.179230 99.729576 96.398533 92.278928 87.482473 82.134731 76.369677 70.324168 64.132643 57.922339 51.809229 45.894866 40.264192 34.984360 30.104486 25.656258 21.655230 18.102662 14.987704 12.289772 9.980949 8.028278 6.395860 5.046674 3.944072 3.052964 2.340668 1.777474 1.336954 0.996056 0.735038 0.537278 0.389006 0.278989 0.198197 0.139474 0.097227 0.067143 0.045937 0.031145 0.020937 0.013973 0.009290 0.006203 0.004239 0.003087 0.002555 0.002555 
0.001741 0.001741 0.002119 0.002942 0.004352 0.006586 0.010005 0.015135 0.022730 0.033843 0.049933 0.072988 0.105692 0.151612 0.215436 0.303239 0.422798 0.583920 0.798808 1.082420 1.452808 1.931413 2.543270 3.317080 4.285104 5.482828 6.948354 8.721467 10.842361 13.350005 16.280169 19.663151 23.521285 27.866330 32.696899 37.996083 43.729460 49.843684 56.265831 62.903663 69.646918 76.369677 82.933802 89.193334 94.999698 100.207447 104.680272 108.296902 110.956564 112.583654 113.131309 112.583654 110.956564 108.296902 104.680272 100.207447 94.999698 89.193334 82.933802 76.369677 69.646918 62.903663 56.265831 49.843684 43.729460 37.996083 32.696899 27.866330 23.521285 19.663151 16.280169 13.350005 10.842361 8.721467 6.948354 5.482828 4.285104 3.317080 2.543270 1.931413 1.452808 1.082420 0.798808 0.583920 0.422798 0.303240 0.215437 0.151615 0.105696 0.072996 0.049945 0.033864 0.022766 0.015195 0.010103 0.006746 0.004611 0.003358 0.002780 0.002780 
