0.000000 0.000000 0.000000 0.000000 0.000000 0.000000 0.000000 0.000000 0.000000 0.000000 0.000000 0.000000 0.000000 0.000000 0.000000 0.000000 0.000000 0.000000 0.000000 0.000000 0.000000 0.000000 0.000000 0.000000 0.000000 0.000000 0.000000 0.000000 0.000000 0.000000 0.000000 0.000000 0.000000 0.000000 0.000000 0.000000 0.000000 0.000000 0.000000 0.000000 0.000000 0.000000 0.000000 0.000000 0.000000 0.000000 0.000000 0.000000 0.000000 0.000000 0.000000 0.000000 0.000000 0.000000 0.000000 0.000000 0.000000 0.000000 0.000000 0.000000 0.000000 0.000000 0.000000 0.000000 0.000000 0.000000 0.000000 0.000000 0.000000 0.000000 0.000000 0.000000 0.000000 0.000000 0.000000 0.000000 0.000000 0.000000 0.000000 0.000000 0.000000 0.000000 0.000000 0.000000 0.000000 0.000000 0.000000 0.000000 0.000000 0.000000 0.000000 0.000000 0.000000 0.000000 0.000000 0.000000 0.000000 0.000000 0.000000 0.000000 
0.000000 0.000000 0.000000 0.000000 0.000000 0.000000 0.000000 0.000000 0.000000 0.000000 0.000000 0.000000 0.000000 0.000000 0.000000 0.000000 0.000000 0.000000 0.000000 0.000000 0.000000 0.000000 0.000000 0.000000 0.000000 0.000000 0.000000 0.000000 0.000000 0.000000 0.000000 0.000000 0.000000 0.000000 0.000000 0.000000 0.000000 0.000000 0.000000 0.000000 0.000000 0.000000 0.000000 0.000000 0.000000 0.000000 0.000000 0.000000 0.000000 0.000000 0.000000 0.000000 0.000000 0.000000 0.000000 0.000000 0.000000 0.000000 0.000000 0.000000 0.000000 0.000000 0.000000 0.000000 0.000000 0.000000 0.000000 0.000000 0.000000 0.000000 0.000000 0.000000 0.000000 0.000000 0.000000 0.000000 0.000000 0.000000 0.000000 0.000000 0.000000 0.000000 0.000000 0.000000 0.000000 0.000000 0.000000 0.000000 0.000000 0.000000 0.000000 0.000000 0.000000 0.000000 0.000000 0.000000 0.000000 0.000000 0.000000 0.000000 
0.000000 0.000000 0.000000 0.000000 0.000000 0.000000 0.000000 0.000000 0.000000 0.000000 0.000000 0.000000 0.000000 0.000000 0.000000 0.000000 0.000000 0.000000 0.000000 0.000000 0.000000 0.000000 0.000000 0.000000 0.000000 0.000000 0.000000 0.000000 0.000000 0.000000 0.000000 0.000000 0.000000 0.000000 0.000000 0.000000 0.000000 0.000000 0.000000 0.000000 0.000000 0.000000 0.000000 0.000000 0.000000 0.000000 0.000000 0.000000 0.000000 0.000000 0.000000 0.000000 0.000000 0.000000 0.000000 0.000000 0.000000 0.000000 0.000000 0.000000 0.000000 0.000000 0.000000 0.000000 0.000000 0.000000 0.000000 0.000000 0.000000 0.000000 0.000000 0.000000 0.000000 0.000000 0.000000 0.000000 0.000000 0.000000 0.000000 0.000000 0.000000 0.000000 0.000000 0.000000 0.000000 0.000000 0.000000 0.000000 0.000000 0.000000 0.000000 0.000000 0.000000 0.000000 0.000000 0.000000 0.000000 0.000000 0.000000 0.000000 
0.000000 0.000000 0.000000 0.000000 0.000000 0.000000 0.000000 0.000000 0.000000 0.000000 0.000000 0.000000 0.000000 0.000000 0.000000 0.000000 0.000000 0.000000 0.000000 0.000000 0.000000 0.000000 0.000000 0.000000 0.000000 0.000000 0.000000 0.000000 0.000000 0.000000 0.000000 0.000000 0.000000 0.000000 0.000000 0.000000 0.000000 0.000000 0.000000 0.000000 0.000000 0.000000 0.000000 0.000000 0.000000 0.000000 0.000000 0.000000 0.000000 0.000000 0.000000 0.000000 0.000000 0.000000 0.000000 0.000000 0.000000 0.000000 0.000000 0.000000 0.000000 0.000000 0.000000 0.000000 0.000000 0.000000 0.000000 0.000000 0.000000 0.000000 0.000000 0.000000 0.000000 0.000000 0.000000 0.000000 0.000000 0.000000 0.000000 0.000000 0.000000 0.000000 0.000000 0.000000 0.000000 0.000000 0.000000 0.000000 0.000000 0.000000 0.000000 0.000000 0.000000 0.000000 0.000000 0.000000 0.000000 0.000000 0.000000 0.000000 
0.000000 0.000000 0.000000 0.000000 0.000000 0.000000 0.000000 0.000000 0.000000 0.000000 0.000000 0.000000 0.000000 0.000000 0.000000 0.000000 0.000000 0.000000 0.000000 0.000000 0.000000 0.000000 0.000000 0.000000 0.000000 0.000000 0.000000 0.000000 0.000000 0.000000 0.000000 0.000000 0.000000 0.000000 0.000000 0.000000 0.000000 0.000000 0.000000 0.000000 0.000000 0.000000 0.000000 0.000000 0.000000 0.000000 0.000000 0.000000 0.000000 0.000000 0.000000 0.000000 0.000000 0.000000 0.000000 0.000000 0.000000 0.000000 0.000000 0.000000 0.000000 0.000000 0.000000 0.000000 0.000000 0.000000 0.000000 0.000000 0.000000 0.000000 0.000000 0.000000 0.000000 0.000000 0.000000 0.000000 0.000000 0.000000 0.000000 0.000000 0.000000 0.000000 0.000000 0.000000 0.000000 0.000000 0.000000 0.000000 0.000000 0.000000 0.000000 0.000000 0.000000 0.000000 0.000000 0.000000 0.000000 0.000000 0.000000 0.000000 
0.000000 0.000000 0.000000 0.000000 0.000000 0.000000 0.000000 0.000000 0.000000 0.000000 0.000000 0.000000 0.000000 0.000000 0.000000 0.000000 0.000000 0.000000 0.000000 0.000000 0.000000 0.000000 0.000000 0.000000 0.000000 0.000000 0.000000 0.000000 0.000000 0.000000 0.000000 0.000000 0.000000 0.000000 0.000000 0.000000 0.000000 0.000000 0.000000 0.000000 0.000000 0.000000 0.000000 0.000000 0.000000 0.000000 0.000000 0.000000 0.000000 0.000000 0.000000 0.000000 0.000000 0.000000 0.000000 0.000000 0.000000 0.000000 0.000000 0.000000 0.000000 0.000000 0.000000 0.000000 0.000000 0.000000 0.000000 0.000000 0.000000 0.000000 0.000000 0.000000 0.000000 0.000000 0.000000 0.000000 0.000000 0.000000 0.000000 0.000000 0.000000 0.000000 0.000000 0.000000 0.000000 0.000000 0.000000 0.000000 0.000000 0.000000 0.000000 0.000000 0.000000 0.000000 0.000000 0.000000 0.000000 0.000000 0.000000 0.000000 
0.000000 0.000000 0.000000 0.000000 0.000000 0.000000 0.000000 0.000000 0.000000 0.000000 0.000000 0.000000 0.000000 0.000000 0.000000 0.000000 0.000000 0.000000 0.000000 0.000000 0.000000 0.000000 0.000000 0.000000 0.000000 0.000000 0.000000 0.000000 0.000000 0.000000 0.000000 0.000000 0.000000 0.000000 0.000000 0.000000 0.000000 0.000000 0.000000 0.000000 0.000000 0.000000 0.000000 0.000000 0.000000 0.000000 0.000000 0.000000 0.000000 0.000000 0.000000 0.000000 0.000000 0.000000 0.000000 0.000000 0.000000 0.000000 0.000000 0.000000 0.000000 0.000000 0.000000 0.000000 0.000000 0.000000 0.000000 0.000000 0.000000 0.000000 0.000000 0.000000 0.000000 0.000000 0.000000 0.000000 0.000000 0.000000 0.000000 0.000000 0.000000 0.000000 0.000000 0.000000 0.000000 0.000000 0.000000 0.000000 0.000000 0.000000 0.000000 0.000000 0.000000 0.000000 0.000000 0.000000 0.000000 0.000000 0.000000 0.000000 
0.000000 0.000000 0.000000 0.000000 0.000000 0.000000 0.000000 0.000000 0.000000 0.000000 0.000000 0.000000 0.000000 0.000000 0.000000 0.000000 0.000000 0.000000 0.000000 0.000000 0.000000 0.000000 0.000000 0.000000 0.000000 0.000000 0.000000 0.000000 0.000000 0.000000 0.000000 0.000000 0.000000 0.000000 0.000000 0.000000 0.000000 0.000000 0.000000 0.000000 0.000000 0.000000 0.000001 0.000001 0.000001 0.000001 0.000001 0.000001 0.000001 0.000001 0.000001 0.000001 0.000001 0.000001 0.000001 0.000001 0.000001 0.000001 0.000001 0.000000 0.000000 0.000000 0.000000 0.000000 0.000000 0.000000 0.000000 0.000000 0.000000 0.000000 0.000000 0.000000 0.000000 0.000000 0.000000 0.000000 0.000000 0.000000 0.000000 0.000000 0.000000 0.000000 0.000000 0.000000 0.000000 0.000000 0.000000 0.000000 0.000000 0.000000 0.000000 0.000000 0.000000 0.000000 0.000000 0.000000 0.000000 0.000000 0.000000 0.000000 
0.000000 0.000000 0.000000 0.000000 0.000000 0.000000 0.000000 0.000000 0.000000 0.000000 0.000000 0.000000 0.000000 0.000000 0.000000 0.000000 0.000000 0.000000 0.000000 0.000000 0.000000 0.000000 0.000000 0.000000 0.000000 0.000000 0.000000 0.000000 0.000000 0.000000 0.000000 0.000000 0.000000 0.000000 0.000000 0.000000 0.000000 0.000000 0.000001 0.000001 0.000001 0.000001 0.000001 0.000002 0.000002 0.000002 0.000002 0.000002 0.000003 0.000003 0.000003 0.000003 0.000003 0.000002 0.000002 0.000002 0.000002 0.000002 0.000001 0.000001 0.000001 0.000001 0.000001 0.000000 0.000000 0.000000 0.000000 0.000000 0.000000 0.000000 0.000000 0.000000 0.000000 0.000000 0.000000 0.000000 0.000000 0.000000 0.000000 0.000000 0.000000 0.000000 0.000000 0.000000 0.000000 0.000000 0.000000 0.000000 0.000000 0.000000 0.000000 0.000000 0.000000 0.000000 0.000000 0.000000 0.000000 0.000000 0.000000 0.000000 
0.000000 0.000000 0.000000 0.000000 0.000000 0.000000 0.000000 0.000000 0.000000 0.000000 0.000000 0.000000 0.000000 0.000000 0.000000 0.000000 0.000000 0.000000 0.000000 0.000000 0.000000 0.000000 0.000000 0.000000 0.000000 0.000000 0.000000 0.000000 0.000000 0.000000 0.000000 0.000000 0.000000 0.000000 0.000000 0.000000 0.000001 0.000001 0.000001 0.000002 0.000002 0.000002 0.000003 0.000004 0.000004 0.000005 0.000005 0.000006 0.000006 0.000006 0.000006 0.000006 0.000006 0.000006 0.000005 0.000005 0.000004 0.000004 0.000003 0.000002 0.000002 0.000002 0.000001 0.000001 0.000001 0.000000 0.000000 0.000000 0.000000 0.000000 0.000000 0.000000 0.000000 0.000000 0.000000 0.000000 0.000000 0.000000 0.000000 0.000000 0.000000 0.000000 0.000000 0.000000 0.000000 0.000000 0.000000 0.000000 0.000000 0.000000 0.000000 0.000000 0.000000 0.000000 0.000000 0.000000 0.000000 0.000000 0.000000 0.000000 
0.000000 0.000000 0.000000 0.000000 0.000000 0.000000 0.000000 0.000000 0.000000 0.000000 0.000000 0.000000 0.000000 0.000000 0.000000 0.000000 0.000000 0.000000 0.000000 0.000000 0.000000 0.000000 0.000000 0.000000 0.000000 0.000000 0.000000 0.000000 0.000000 0.000000 0.000000 0.000000 0.000000 0.000001 0.000001 0.000001 0.000002 0.000002 0.000003 0.000004 0.000005 0.000006 0.000007 0.000008 0.000010 0.000011 0.000012 0.000013 0.000014 0.000015 0.000015 0.000015 0.000014 0.000013 0.000012 0.000011 0.000010 0.000008 0.000007 0.000006 0.000005 0.000004 0.000003 0.000002 0.000002 0.000001 0.000001 0.000001 0.000000 0.000000 0.000000 0.000000 0.000000 0.000000 0.000000 0.000000 0.000000 0.000000 0.000000 0.000000 0.000000 0.000000 0.000000 0.000000 0.000000 0.000000 0.000000 0.000000 0.000000 0.000000 0.000000 0.000000 0.000000 0.000000 0.000000 0.000000 0.000000 0.000000 0.000000 0.000000 
0.000000 0.000000 0.000000 0.000000 0.000000 0.000000 0.000000 0.000000 0.000000 0.000000 0.000000 0.000000 0.000000 0.000000 0.000000 0.000000 0.000000 0.000000 0.000000 0.000000 0.000000 0.000000 0.000000 0.000000 0.000000 0.000000 0.000000 0.000000 0.000000 0.000000 0.000000 0.000001 0.000001 0.000001 0.000002 0.000003 0.000003 0.000005 0.000006 0.000008 0.000011 0.000013 0.000016 0.000019 0.000022 0.000025 0.000028 0.000030 0.000032 0.000033 0.000034 0.000033 0.000032 0.000030 0.000028 0.000025 0.000022 0.000019 0.000016 0.000013 0.000011 0.000008 0.000006 0.000005 0.000003 0.000003 0.000002 0.000001 0.000001 0.000001 0.000000 0.000000 0.000000 0.000000 0.000000 0.000000 0.000000 0.000000 0.000000 0.000000 0.000000 0.000000 0.000000 0.000000 0.000000 0.000000 0.000000 0.000000 0.000000 0.000000 0.000000 0.000000 0.000000 0.000000 0.000000 0.000000 0.000000 0.000000 0.000000 0.000000 
0.000000 0.000000 0.000000 0.000000 0.000000 0.000000 0.000000 0.000000 0.000000 0.000000 0.000000 0.000000 0.000000 0.000000 0.000000 0.000000 0.000000 0.000000 0.000000 0.000000 0.000000 0.000000 0.000000 0.000000 0.000000 0.000000 0.000000 0.000000 0.000000 0.000000 0.000001 0.000001 0.000002 0.000003 0.000004 0.000006 0.000008 0.000011 0.000014 0.000019 0.000024 0.000030 0.000036 0.000043 0.000050 0.000056 0.000063 0.000068 0.000072 0.000074 0.000075 0.000074 0.000072 0.000068 0.000063 0.000056 0.000050 0.000043 0.000036 0.000030 0.000024 0.000019 0.000014 0.000011 0.000008 0.000006 0.000004 0.000003 0.000002 0.000001 0.000001 0.000000 0.000000 0.000000 0.000000 0.000000 0.000000 0.000000 0.000000 0.000000 0.000000 0.000000 0.000000 0.000000 0.000000 0.000000 0.000000 0.000000 0.000000 0.000000 0.000000 0.000000 0.000000 0.000000 0.000000 0.000000 0.000000 0.000000 0.000000 0.000000 
0.000000 0.000000 0.000000 0.000000 0.000000 0.000000 0.000000 0.000000 0.000000 0.000000 0.000000 0.000000 0.000000 0.000000 0.000000 0.000000 0.000000 0.000000 0.000000 0.000000 0.000000 0.000000 0.000000 0.000000 0.000000 0.000000 0.000000 0.000000 0.000001 0.000001 0.000002 0.000003 0.000004 0.000006 0.000009 0.000012 0.000017 0.000024 0.000031 0.000041 0.000052 0.000065 0.000079 0.000094 0.000109 0.000123 0.000137 0.000148 0.000157 0.000163 0.000165 0.000163 0.000157 0.000148 0.000137 0.000123 0.000109 0.000094 0.000079 0.000065 0.000052 0.000041 0.000031 0.000024 0.000017 0.000012 0.000009 0.000006 0.000004 0.000003 0.000002 0.000001 0.000001 0.000000 0.000000 0.000000 0.000000 0.000000 0.000000 0.000000 0.000000 0.000000 0.000000 0.000000 0.000000 0.000000 0.000000 0.000000 0.000000 0.000000 0.000000 0.000000 0.000000 0.000000 0.000000 0.000000 0.000000 0.000000 0.000000 0.000000 
0.000000 0.000000 0.000000 0.000000 0.000000 0.000000 0.000000 0.000000 0.000000 0.000000 0.000000 0.000000 0.000000 0.000000 0.000000 0.000000 0.000000 0.000000 0.000000 0.000000 0.000000 0.000000 0.000000 0.000000 0.000000 0.000000 0.000000 0.000001 0.000001 0.000002 0.000004 0.000006 0.000009 0.000013 0.000019 0.000027 0.000037 0.000051 0.000068 0.000088 0.000112 0.000139 0.000169 0.000201 0.000233 0.000265 0.000294 0.000318 0.000337 0.000349 0.000353 0.000349 0.000337 0.000318 0.000294 0.000265 0.000233 0.000201 0.000169 0.000139 0.000112 0.000088 0.000068 0.000051 0.000037 0.000027 0.000019 0.000013 0.000009 0.000006 0.000004 0.000002 0.000001 0.000001 0.000000 0.000000 0.000000 0.000000 0.000000 0.000000 0.000000 0.000000 0.000000 0.000000 0.000000 0.000000 0.000000 0.000000 0.000000 0.000000 0.000000 0.000000 0.000000 0.000000 0.000000 0.000000 0.000000 0.000000 0.000000 0.000000 
0.000000 0.000000 0.000000 0.000000 0.000000 0.000000 0.000000 0.000000 0.000000 0.000000 0.000000 0.000000 0.000000 0.000000 0.000000 0.000000 0.000000 0.000000 0.000000 0.000000 0.000000 0.000000 0.000000 0.000000 0.000000 0.000001 0.000001 0.000002 0.000003 0.000005 0.000008 0.000012 0.000018 0.000027 0.000040 0.000057 0.000079 0.000108 0.000143 0.000186 0.000236 0.000294 0.000357 0.000423 0.000491 0.000557 0.000618 0.000669 0.000709 0.000734 0.000742 0.000734 0.000709 0.000669 0.000618 0.000557 0.000491 0.000423 0.000357 0.000294 0.000236 0.000186 0.000143 0.000108 0.000079 0.000057 0.000040 0.000027 0.000018 0.000012 0.000008 0.000005 0.000003 0.000002 0.000001 0.000001 0.000000 0.000000 0.000000 0.000000 0.000000 0.000000 0.000000 0.000000 0.000000 0.000000 0.000000 0.000000 0.000000 0.000000 0.000000 0.000000 0.000000 0.000000 0.000000 0.000000 0.000000 0.000000 0.000000 0.000000 
0.000000 0.000000 0.000000 0.000000 0.000000 0.000000 0.000000 0.000000 0.000000 0.000000 0.000000 0.000000 0.000000 0.000000 0.000000 0.000000 0.000000 0.000000 0.000000 0.000000 0.000000 0.000000 0.000000 0.000000 0.000001 0.000001 0.000002 0.000004 0.000006 0.000010 0.000016 0.000025 0.000038 0.000057 0.000083 0.000118 0.000164 0.000223 0.000296 0.000385 0.000489 0.000607 0.000737 0.000874 0.001014 0.001150 0.001274 0.001380 0.001462 0.001513 0.001530 0.001513 0.001462 0.001380 0.001274 0.001150 0.001014 0.000874 0.000737 0.000607 0.000489 0.000385 0.000296 0.000223 0.000164 0.000118 0.000083 0.000057 0.000038 0.000025 0.000016 0.000010 0.000006 0.000004 0.000002 0.000001 0.000001 0.000000 0.000000 0.000000 0.000000 0.000000 0.000000 0.000000 0.000000 0.000000 0.000000 0.000000 0.000000 0.000000 0.000000 0.000000 0.000000 0.000000 0.000000 0.000000 0.000000 0.000000 0.000000 0.000000 
0.000000 0.000000 0.000000 0.000000 0.000000 0.000000 0.000000 0.000000 0.000000 0.000000 0.000000 0.000000 0.000000 0.000000 0.000000 0.000000 0.000000 0.000000 0.000000 0.000000 0.000000 0.000000 0.000000 0.000001 0.000002 0.000003 0.000005 0.000008 0.000013 0.000021 0.000033 0.000052 0.000079 0.000117 0.000169 0.000240 0.000334 0.000453 0.000602 0.000781 0.000992 0.001230 0.001493 0.001770 0.002053 0.002326 0.002577 0.002791 0.002955 0.003058 0.003093 0.003058 0.002955 0.002791 0.002577 0.002326 0.002053 0.001770 0.001493 0.001230 0.000992 0.000781 0.000602 0.000453 0.000334 0.000240 0.000169 0.000117 0.000079 0.000052 0.000033 0.000021 0.000013 0.000008 0.000005 0.000003 0.000002 0.000001 0.000000 0.000000 0.000000 0.000000 0.000000 0.000000 0.000000 0.000000 0.000000 0.000000 0.000000 0.000000 0.000000 0.000000 0.000000 0.000000 0.000000 0.000000 0.000000 0.000000 0.000000 0.000000 
0.000000 0.000000 0.000000 0.000000 0.000000 0.000000 0.000000 0.000000 0.000000 0.000000 0.000000 0.000000 0.000000 0.000000 0.000000 0.000000 0.000000 0.000000 0.000000 0.000000 0.000000 0.000000 0.000001 0.000002 0.000003 0.000005 0.000009 0.000016 0.000026 0.000042 0.000067 0.000104 0.000157 0.000233 0.000338 0.000480 0.000666 0.000903 0.001198 0.001554 0.001971 0.002445 0.002964 0.003514 0.004072 0.004614 0.005110 0.005533 0.005856 0.006059 0.006129 0.006059 0.005856 0.005533 0.005110 0.004614 0.004072 0.003514 0.002964 0.002445 0.001971 0.001554 0.001198 0.000903 0.000666 0.000480 0.000338 0.000233 0.000157 0.000104 0.000067 0.000042 0.000026 0.000016 0.000009 0.000005 0.000003 0.000002 0.000001 0.000000 0.000000 0.000000 0.000000 0.000000 0.000000 0.000000 0.000000 0.000000 0.000000 0.000000 0.000000 0.000000 0.000000 0.000000 0.000000 0.000000 0.000000 0.000000 0.000000 0.000000 
0.000000 0.000000 0.000000 0.000000 0.000000 0.000000 0.000000 0.000000 0.000000 0.000000 0.000000 0.000000 0.000000 0.000000 0.000000 0.000000 0.000000 0.000000 0.000000 0.000000 0.000001 0.000001 0.000002 0.000003 0.000006 0.000011 0.000019 0.000031 0.000052 0.000083 0.000132 0.000204 0.000309 0.000457 0.000663 0.000939 0.001301 0.001764 0.002338 0.003030 0.003841 0.004761 0.005769 0.006836 0.007919 0.008969 0.009932 0.010751 0.011378 0.011771 0.011905 0.011771 0.011378 0.010751 0.009932 0.008969 0.007919 0.006836 0.005769 0.004761 0.003841 0.003030 0.002338 0.001764 0.001301 0.000939 0.000663 0.000457 0.000309 0.000204 0.000132 0.000083 0.000052 0.000031 0.000019 0.000011 0.000006 0.000003 0.000002 0.000001 0.000001 0.000000 0.000000 0.000000 0.000000 0.000000 0.000000 0.000000 0.000000 0.000000 0.000000 0.000000 0.000000 0.000000 0.000000 0.000000 0.000000 0.000000 0.000000 0.000000 
0.000000 0.000000 0.000000 0.000000 0.000000 0.000000 0.000000 0.000000 0.000000 0.000000 0.000000 0.000000 0.000000 0.000000 0.000000 0.000000 0.000000 0.000000 0.000000 0.000001 0.000001 0.000002 0.000004 0.000007 0.000012 0.000021 0.000036 0.000060 0.000100 0.000161 0.000254 0.000393 0.000594 0.000878 0.001271 0.001800 0.002492 0.003375 0.004470 0.005791 0.007335 0.009086 0.011006 0.013035 0.015094 0.017090 0.018918 0.020475 0.021665 0.022412 0.022667 0.022412 0.021665 0.020475 0.018918 0.017090 0.015094 0.013035 0.011006 0.009086 0.007335 0.005791 0.004470 0.003375 0.002492 0.001800 0.001271 0.000878 0.000594 0.000393 0.000254 0.000161 0.000100 0.000060 0.000036 0.000021 0.000012 0.000007 0.000004 0.000002 0.000001 0.000001 0.000000 0.000000 0.000000 0.000000 0.000000 0.000000 0.000000 0.000000 0.000000 0.000000 0.000000 0.000000 0.000000 0.000000 0.000000 0.000000 0.000000 0.000000 
0.000000 0.000000 0.000000 0.000000 0.000000 0.000000 0.000000 0.000000 0.000000 0.000000 0.000000 0.000000 0.000000 0.000000 0.000000 0.000000 0.000000 0.000000 0.000000 0.000001 0.000002 0.000004 0.000007 0.000013 0.000023 0.000040 0.000068 0.000114 0.000189 0.000304 0.000480 0.000740 0.001119 0.001653 0.002390 0.003380 0.004677 0.006329 0.008377 0.010844 0.013728 0.016996 0.020576 0.024358 0.028196 0.031914 0.035318 0.038217 0.040432 0.041822 0.042296 0.041822 0.040432 0.038217 0.035318 0.031914 0.028196 0.024358 0.020576 0.016996 0.013728 0.010844 0.008377 0.006329 0.004677 0.003380 0.002390 0.001653 0.001119 0.000740 0.000480 0.000304 0.000189 0.000114 0.000068 0.000040 0.000023 0.000013 0.000007 0.000004 0.000002 0.000001 0.000000 0.000000 0.000000 0.000000 0.000000 0.000000 0.000000 0.000000 0.000000 0.000000 0.000000 0.000000 0.000000 0.000000 0.000000 0.000000 0.000000 0.000000 
0.000000 0.000000 0.000000 0.000000 0.000000 0.000000 0.000000 0.000000 0.000000 0.000000 0.000000 0.000000 0.000000 0.000000 0.000000 0.000000 0.000000 0.000000 0.000001 0.000002 0.000004 0.000007 0.000013 0.000023 0.000042 0.000074 0.000126 0.000212 0.000349 0.000563 0.000887 0.001368 0.002064 0.003048 0.004402 0.006221 0.008600 0.011629 0.015381 0.019898 0.025175 0.031151 0.037694 0.044605 0.051614 0.058401 0.064615 0.069904 0.073945 0.076481 0.077346 0.076481 0.073945 0.069904 0.064615 0.058401 0.051614 0.044605 0.037694 0.031151 0.025175 0.019898 0.015381 0.011629 0.008600 0.006221 0.004402 0.003048 0.002064 0.001368 0.000887 0.000563 0.000349 0.000212 0.000126 0.000074 0.000042 0.000023 0.000013 0.000007 0.000004 0.000002 0.000001 0.000000 0.000000 0.000000 0.000000 0.000000 0.000000 0.000000 0.000000 0.000000 0.000000 0.000000 0.000000 0.000000 0.000000 0.000000 0.000000 0.000000 
0.000000 0.000000 0.000000 0.000000 0.000000 0.000000 0.000000 0.000000 0.000000 0.000000 0.000000 0.000000 0.000000 0.000000 0.000000 0.000000 0.000000 0.000001 0.000002 0.000003 0.000007 0.000013 0.000023 0.000043 0.000077 0.000134 0.000230 0.000386 0.000634 0.001021 0.001607 0.002475 0.003731 0.005504 0.007944 0.011216 0.015493 0.020935 0.027671 0.035774 0.045236 0.055944 0.067664 0.080035 0.092579 0.104722 0.115837 0.125293 0.132518 0.137053 0.138598 0.137053 0.132518 0.125293 0.115837 0.104722 0.092579 0.080035 0.067664 0.055944 0.045236 0.035774 0.027671 0.020935 0.015493 0.011216 0.007944 0.005504 0.003731 0.002475 0.001607 0.001021 0.000634 0.000386 0.000230 0.000134 0.000077 0.000043 0.000023 0.000013 0.000007 0.000003 0.000002 0.000001 0.000000 0.000000 0.000000 0.000000 0.000000 0.000000 0.000000 0.000000 0.000000 0.000000 0.000000 0.000000 0.000000 0.000000 0.000000 0.000000 
0.000000 0.000000 0.000000 0.000000 0.000000 0.000000 0.000000 0.000000 0.000000 0.000000 0.000000 0.000000 0.000000 0.000000 0.000000 0.000000 0.000001 0.000002 0.000003 0.000006 0.000012 0.000023 0.000042 0.000077 0.000137 0.000239 0.000410 0.000687 0.001128 0.001813 0.002851 0.004387 0.006607 0.009738 0.014041 0.019810 0.027343 0.036921 0.048769 0.063012 0.079634 0.098435 0.119004 0.140707 0.162704 0.183991 0.203470 0.220040 0.232698 0.240641 0.243348 0.240641 0.232698 0.220040 0.203470 0.183991 0.162704 0.140707 0.119004 0.098435 0.079634 0.063012 0.048769 0.036921 0.027343 0.019810 0.014041 0.009738 0.006607 0.004387 0.002851 0.001813 0.001128 0.000687 0.000410 0.000239 0.000137 0.000077 0.000042 0.000023 0.000012 0.000006 0.000003 0.000002 0.000001 0.000000 0.000000 0.000000 0.000000 0.000000 0.000000 0.000000 0.000000 0.000000 0.000000 0.000000 0.000000 0.000000 0.000000 0.000000 
0.000000 0.000000 0.000000 0.000000 0.000000 0.000000 0.000000 0.000000 0.000000 0.000000 0.000000 0.000000 0.000000 0.000000 0.000000 0.000001 0.000001 0.000003 0.000005 0.000011 0.000021 0.000040 0.000074 0.000134 0.000239 0.000418 0.000715 0.001198 0.001965 0.003153 0.004953 0.007616 0.011460 0.016874 0.024312 0.034273 0.047271 0.063786 0.084200 0.108728 0.137337 0.169679 0.205047 0.242349 0.280143 0.316706 0.350155 0.378603 0.400331 0.413965 0.418612 0.413965 0.400331 0.378603 0.350155 0.316706 0.280143 0.242349 0.205047 0.169679 0.137337 0.108728 0.084200 0.063786 0.047271 0.034273 0.024312 0.016874 0.011460 0.007616 0.004953 0.003153 0.001965 0.001198 0.000715 0.000418 0.000239 0.000134 0.000074 0.000040 0.000021 0.000011 0.000005 0.000003 0.000001 0.000001 0.000000 0.000000 0.000000 0.000000 0.000000 0.000000 0.000000 0.000000 0.000000 0.000000 0.000000 0.000000 0.000000 0.000000 
0.000000 0.000000 0.000000 0.000000 0.000000 0.000000 0.000000 0.000000 0.000000 0.000000 0.000000 0.000000 0.000000 0.000000 0.000000 0.000001 0.000002 0.000005 0.000009 0.000019 0.000036 0.000068 0.000126 0.000230 0.000410 0.000715 0.001222 0.002045 0.003350 0.005371 0.008429 0.012948 0.019465 0.028637 0.041227 0.058076 0.080045 0.107939 0.142398 0.183776 0.232012 0.286519 0.346095 0.408907 0.472524 0.534052 0.590327 0.638177 0.674721 0.697647 0.705461 0.697647 0.674721 0.638177 0.590327 0.534052 0.472524 0.408907 0.346095 0.286519 0.232012 0.183776 0.142398 0.107939 0.080045 0.058076 0.041227 0.028637 0.019465 0.012948 0.008429 0.005371 0.003350 0.002045 0.001222 0.000715 0.000410 0.000230 0.000126 0.000068 0.000036 0.000019 0.000009 0.000005 0.000002 0.000001 0.000000 0.000000 0.000000 0.000000 0.000000 0.000000 0.000000 0.000000 0.000000 0.000000 0.000000 0.000000 0.000000 0.000000 
0.000000 0.000000 0.000000 0.000000 0.000000 0.000000 0.000000 0.000000 0.000000 0.000000 0.000000 0.000000 0.000000 0.000000 0.000001 0.000002 0.000004 0.000008 0.000016 0.000031 0.000060 0.000114 0.000212 0.000386 0.000687 0.001198 0.002045 0.003418 0.005593 0.008958 0.014046 0.021556 0.032379 0.047597 0.068469 0.096381 0.132751 0.178899 0.235874 0.304250 0.383918 0.473900 0.572211 0.675820 0.780726 0.882157 0.974905 1.053755 1.113964 1.151733 1.164606 1.151733 1.113964 1.053755 0.974905 0.882157 0.780726 0.675820 0.572211 0.473900 0.383918 0.304250 0.235874 0.178899 0.132751 0.096381 0.068469 0.047597 0.032379 0.021556 0.014046 0.008958 0.005593 0.003418 0.002045 0.001198 0.000687 0.000386 0.000212 0.000114 0.000060 0.000031 0.000016 0.000008 0.000004 0.000002 0.000001 0.000000 0.000000 0.000000 0.000000 0.000000 0.000000 0.000000 0.000000 0.000000 0.000000 0.000000 0.000000 0.000000 
0.000000 0.000000 0.000000 0.000000 0.000000 0.000000 0.000000 0.000000 0.000000 0.000000 0.000000 0.000000 0.000000 0.000001 0.000001 0.000003 0.000006 0.000013 0.000026 0.000052 0.000100 0.000189 0.000349 0.000634 0.001128 0.001965 0.003350 0.005593 0.009142 0.014629 0.022917 0.035140 0.052739 0.077466 0.111355 0.156641 0.215611 0.290387 0.382654 0.493324 0.622208 0.767710 0.926617 1.094028 1.263480 1.427275 1.577015 1.704294 1.801469 1.862422 1.883196 1.862422 1.801469 1.704294 1.577015 1.427275 1.263480 1.094028 0.926617 0.767710 0.622208 0.493324 0.382654 0.290387 0.215611 0.156641 0.111355 0.077466 0.052739 0.035140 0.022917 0.014629 0.009142 0.005593 0.003350 0.001965 0.001128 0.000634 0.000349 0.000189 0.000100 0.000052 0.000026 0.000013 0.000006 0.000003 0.000001 0.000001 0.000000 0.000000 0.000000 0.000000 0.000000 0.000000 0.000000 0.000000 0.000000 0.000000 0.000000 0.000000 
0.000000 0.000000 0.000000 0.000000 0.000000 0.000000 0.000000 0.000000 0.000000 0.000000 0.000000 0.000000 0.000000 0.000001 0.000002 0.000005 0.000010 0.000021 0.000042 0.000083 0.000161 0.000304 0.000563 0.001021 0.001813 0.003153 0.005371 0.008958 0.014629 0.023389 0.036608 0.056087 0.084110 0.123453 0.177335 0.249289 0.342924 0.461588 0.607923 0.783358 0.987569 1.218012 1.469587 1.734535 2.002631 2.261710 2.498507 2.699748 2.853373 2.949726 2.982564 2.949726 2.853373 2.699748 2.498507 2.261710 2.002631 1.734535 1.469587 1.218012 0.987569 0.783358 0.607923 0.461588 0.342924 0.249289 0.177335 0.123453 0.084110 0.056087 0.036608 0.023389 0.014629 0.008958 0.005371 0.003153 0.001813 0.001021 0.000563 0.000304 0.000161 0.000083 0.000042 0.000021 0.000010 0.000005 0.000002 0.000001 0.000000 0.000000 0.000000 0.000000 0.000000 0.000000 0.000000 0.000000 0.000000 0.000000 0.000000 0.000000 
0.000000 0.000000 0.000000 0.000000 0.000000 0.000000 0.000000 0.000000 0.000000 0.000000 0.000000 0.000000 0.000001 0.000002 0.000004 0.000008 0.000016 0.000033 0.000067 0.000132 0.000254 0.000480 0.000887 0.001607 0.002851 0.004953 0.008429 0.014046 0.022917 0.036608 0.057250 0.087642 0.131332 0.192627 0.276515 0.388465 0.534058 0.718464 0.945751 1.218101 1.534981 1.892419 2.282490 2.693162 3.108593 3.509953 3.876717 4.188361 4.426235 4.575417 4.626256 4.575417 4.426235 4.188361 3.876717 3.509953 3.108593 2.693162 2.282490 1.892419 1.534981 1.218101 0.945751 0.718464 0.534058 0.388465 0.276515 0.192627 0.131332 0.087642 0.057250 0.036608 0.022917 0.014046 0.008429 0.004953 0.002851 0.001607 0.000887 0.000480 0.000254 0.000132 0.000067 0.000033 0.000016 0.000008 0.000004 0.000002 0.000001 0.000000 0.000000 0.000000 0.000000 0.000000 0.000000 0.000000 0.000000 0.000000 0.000000 0.000000 
0.000000 0.000000 0.000000 0.000000 0.000000 0.000000 0.000000 0.000000 0.000000 0.000000 0.000000 0.000001 0.000001 0.000003 0.000006 0.000012 0.000025 0.000052 0.000104 0.000204 0.000393 0.000740 0.001368 0.002475 0.004387 0.007616 0.012948 0.021556 0.035140 0.056087 0.087642 0.134069 0.200759 0.294256 0.422133 0.592680 0.814351 1.094962 1.440652 1.854683 2.336205 2.879144 3.471445 4.094830 4.725267 5.334205 5.890547 6.363202 6.723933 6.950145 7.027233 6.950145 6.723933 6.363202 5.890547 5.334205 4.725267 4.094830 3.471445 2.879144 2.336205 1.854683 1.440652 1.094962 0.814351 0.592680 0.422133 0.294256 0.200759 0.134069 0.087642 0.056087 0.035140 0.021556 0.012948 0.007616 0.004387 0.002475 0.001368 0.000740 0.000393 0.000204 0.000104 0.000052 0.000025 0.000012 0.000006 0.000003 0.000001 0.000001 0.000000 0.000000 0.000000 0.000000 0.000000 0.000000 0.000000 0.000000 0.000000 0.000000 
0.000000 0.000000 0.000000 0.000000 0.000000 0.000000 0.000000 0.000000 0.000000 0.000000 0.000000 0.000001 0.000002 0.000004 0.000009 0.000018 0.000038 0.000079 0.000157 0.000309 0.000594 0.001119 0.002064 0.003731 0.006607 0.011460 0.019465 0.032379 0.052739 0.084110 0.131332 0.200759 0.300419 0.440045 0.630893 0.885274 1.215727 1.633827 2.148644 2.764965 3.481456 4.289037 5.169743 6.096393 7.033282 7.938018 8.764456 9.466473 10.002193 10.338114 10.452584 10.338114 10.002193 9.466473 8.764456 7.938018 7.033282 6.096393 5.169743 4.289037 3.481456 2.764965 2.148644 1.633827 1.215727 0.885274 0.630893 0.440045 0.300419 0.200759 0.131332 0.084110 0.052739 0.032379 0.019465 0.011460 0.006607 0.003731 0.002064 0.001119 0.000594 0.000309 0.000157 0.000079 0.000038 0.000018 0.000009 0.000004 0.000002 0.000001 0.000000 0.000000 0.000000 0.000000 0.000000 0.000000 0.000000 0.000000 0.000000 0.000000 
0.000000 0.000000 0.000000 0.000000 0.000000 0.000000 0.000000 0.000000 0.000000 0.000000 0.000001 0.000001 0.000003 0.000006 0.000013 0.000027 0.000057 0.000117 0.000233 0.000457 0.000878 0.001653 0.003048 0.005504 0.009738 0.016874 0.028637 0.047597 0.077466 0.123453 0.192627 0.294256 0.440045 0.644170 0.923016 1.294480 1.776776 2.386693 3.137359 4.035649 5.079535 6.255718 7.537996 8.886786 10.250143 11.566432 12.768593 13.789623 14.568704 15.057190 15.223643 15.057190 14.568704 13.789623 12.768593 11.566432 10.250143 8.886786 7.537996 6.255718 5.079535 4.035649 3.137359 2.386693 1.776776 1.294480 0.923016 0.644170 0.440045 0.294256 0.192627 0.123453 0.077466 0.047597 0.028637 0.016874 0.009738 0.005504 0.003048 0.001653 0.000878 0.000457 0.000233 0.000117 0.000057 0.000027 0.000013 0.000006 0.000003 0.000001 0.000001 0.000000 0.000000 0.000000 0.000000 0.000000 0.000000 0.000000 0.000000 0.000000 
0.000000 0.000000 0.000000 0.000000 0.000000 0.000000 0.000000 0.000000 0.000000 0.000000 0.000001 0.000002 0.000004 0.000009 0.000019 0.000040 0.000083 0.000169 0.000338 0.000663 0.001271 0.002390 0.004402 0.007944 0.014041 0.024312 0.041227 0.068469 0.111355 0.177335 0.276515 0.422133 0.630893 0.923016 1.321847 1.852868 2.541986 3.413051 4.484664 5.766509 7.255574 8.932797 10.760764 12.683035 14.625611 16.500750 18.213019 19.667104 20.776510 21.472064 21.709067 21.472064 20.776510 19.667104 18.213019 16.500750 14.625611 12.683035 10.760764 8.932797 7.255574 5.766509 4.484664 3.413051 2.541986 1.852868 1.321847 0.923016 0.630893 0.422133 0.276515 0.177335 0.111355 0.068469 0.041227 0.024312 0.014041 0.007944 0.004402 0.002390 0.001271 0.000663 0.000338 0.000169 0.000083 0.000040 0.000019 0.000009 0.000004 0.000002 0.000001 0.000000 0.000000 0.000000 0.000000 0.000000 0.000000 0.000000 0.000000 0.000000 
0.000000 0.000000 0.000000 0.000000 0.000000 0.000000 0.000000 0.000000 0.000000 0.000000 0.000001 0.000003 0.000006 0.000012 0.000027 0.000057 0.000118 0.000240 0.000480 0.000939 0.001800 0.003380 0.006221 0.011216 0.019810 0.034273 0.058076 0.096381 0.156641 0.249289 0.388465 0.592680 0.885274 1.294480 1.852868 2.595961 3.559841 4.777682 6.275304 8.066063 10.145595 12.487167 15.038471 17.720724 20.430716 23.046135 25.434012 27.461579 29.008381 29.978104 30.308518 29.978104 29.008381 27.461579 25.434012 23.046135 20.430716 17.720724 15.038471 12.487167 10.145595 8.066063 6.275304 4.777682 3.559841 2.595961 1.852868 1.294480 0.885274 0.592680 0.388465 0.249289 0.156641 0.096381 0.058076 0.034273 0.019810 0.011216 0.006221 0.003380 0.001800 0.000939 0.000480 0.000240 0.000118 0.000057 0.000027 0.000012 0.000006 0.000003 0.000001 0.000000 0.000000 0.000000 0.000000 0.000000 0.000000 0.000000 0.000000 0.000000 
0.000000 0.000000 0.000000 0.000000 0.000000 0.000000 0.000000 0.000000 0.000000 0.000001 0.000002 0.000003 0.000008 0.000017 0.000037 0.000079 0.000164 0.000334 0.000666 0.001301 0.002492 0.004677 0.008600 0.015493 0.027343 0.047271 0.080045 0.132751 0.215611 0.342924 0.534058 0.814351 1.215727 1.776776 2.541986 3.559841 4.879544 6.546276 8.595141 11.044180 13.887229 17.087590 20.573684 24.237846 27.939140 31.510637 34.770932 37.538953 39.650450 40.974114 41.425112 40.974114 39.650450 37.538953 34.770932 31.510637 27.939140 24.237846 20.573684 17.087590 13.887229 11.044180 8.595141 6.546276 4.879544 3.559841 2.541986 1.776776 1.215727 0.814351 0.534058 0.342924 0.215611 0.132751 0.080045 0.047271 0.027343 0.015493 0.008600 0.004677 0.002492 0.001301 0.000666 0.000334 0.000164 0.000079 0.000037 0.000017 0.000008 0.000003 0.000002 0.000001 0.000000 0.000000 0.000000 0.000000 0.000000 0.000000 0.000000 0.000000 
0.000000 0.000000 0.000000 0.000000 0.000000 0.000000 0.000000 0.000000 0.000000 0.000001 0.000002 0.000005 0.000011 0.000024 0.000051 0.000108 0.000223 0.000453 0.000903 0.001764 0.003375 0.006329 0.011629 0.020935 0.036921 0.063786 0.107939 0.178899 0.290387 0.461588 0.718464 1.094962 1.633827 2.386693 3.413051 4.777682 6.546276 8.779094 11.522858 14.801448 18.606369 22.888318 27.551419 32.451636 37.400562 42.175155 46.533117 50.232660 53.054507 54.823381 55.426055 54.823381 53.054507 50.232660 46.533117 42.175155 37.400562 32.451636 27.551419 22.888318 18.606369 14.801448 11.522858 8.779094 6.546276 4.777682 3.413051 2.386693 1.633827 1.094962 0.718464 0.461588 0.290387 0.178899 0.107939 0.063786 0.036921 0.020935 0.011629 0.006329 0.003375 0.001764 0.000903 0.000453 0.000223 0.000108 0.000051 0.000024 0.000011 0.000005 0.000002 0.000001 0.000000 0.000000 0.000000 0.000000 0.000000 0.000000 0.000000 0.000000 
0.000000 0.000000 0.000000 0.000000 0.000000 0.000000 0.000000 0.000000 0.000001 0.000001 0.000003 0.000006 0.000014 0.000031 0.000068 0.000143 0.000296 0.000602 0.001198 0.002338 0.004470 0.008377 0.015381 0.027671 0.048769 0.084200 0.142398 0.235874 0.382654 0.607923 0.945751 1.440652 2.148644 3.137359 4.484664 6.275304 8.595141 11.522858 15.119358 19.415602 24.400159 30.008217 36.114076 42.529112 49.006764 55.255278 60.957823 65.798310 69.490138 71.804241 72.592661 71.804241 69.490138 65.798310 60.957823 55.255278 49.006764 42.529112 36.114076 30.008217 24.400159 19.415602 15.119358 11.522858 8.595141 6.275304 4.484664 3.137359 2.148644 1.440652 0.945751 0.607923 0.382654 0.235874 0.142398 0.084200 0.048769 0.027671 0.015381 0.008377 0.004470 0.002338 0.001198 0.000602 0.000296 0.000143 0.000068 0.000031 0.000014 0.000006 0.000003 0.000001 0.000001 0.000000 0.000000 0.000000 0.000000 0.000000 0.000000 0.000000 
0.000000 0.000000 0.000000 0.000000 0.000000 0.000000 0.000000 0.000000 0.000001 0.000002 0.000004 0.000008 0.000019 0.000041 0.000088 0.000186 0.000385 0.000781 0.001554 0.003030 0.005791 0.010844 0.019898 0.035774 0.063012 0.108728 0.183776 0.304250 0.493324 0.783358 1.218101 1.854683 2.764965 4.035649 5.766509 8.066063 11.044180 14.801448 19.415602 24.925959 31.317506 38.506873 46.332762 54.553388 62.852895 70.857695 78.162213 84.361922 89.090092 92.053654 93.063322 92.053654 89.090092 84.361922 78.162213 70.857695 62.852895 54.553388 46.332762 38.506873 31.317506 24.925959 19.415602 14.801448 11.044180 8.066063 5.766509 4.035649 2.764965 1.854683 1.218101 0.783358 0.493324 0.304250 0.183776 0.108728 0.063012 0.035774 0.019898 0.010844 0.005791 0.003030 0.001554 0.000781 0.000385 0.000186 0.000088 0.000041 0.000019 0.000008 0.000004 0.000002 0.000001 0.000000 0.000000 0.000000 0.000000 0.000000 0.000000 0.000000 
0.000000 0.000000 0.000000 0.000000 0.000000 0.000000 0.000000 0.000000 0.000001 0.000002 0.000005 0.000011 0.000024 0.000052 0.000112 0.000236 0.000489 0.000992 0.001971 0.003841 0.007335 0.013728 0.025175 0.045236 0.079634 0.137337 0.232012 0.383918 0.622208 0.987569 1.534981 2.336205 3.481456 5.079535 7.255574 10.145595 13.887229 18.606369 24.400159 31.317506 39.339164 48.360196 58.178034 68.489321 78.897994 88.935777 98.094447 105.867202 111.794665 115.509771 116.775458 115.509771 111.794665 105.867202 98.094447 88.935777 78.897994 68.489321 58.178034 48.360196 39.339164 31.317506 24.400159 18.606369 13.887229 10.145595 7.255574 5.079535 3.481456 2.336205 1.534981 0.987569 0.622208 0.383918 0.232012 0.137337 0.079634 0.045236 0.025175 0.013728 0.007335 0.003841 0.001971 0.000992 0.000489 0.000236 0.000112 0.000052 0.000024 0.000011 0.000005 0.000002 0.000001 0.000000 0.000000 0.000000 0.000000 0.000000 0.000000 0.000000 
0.000000 0.000000 0.000000 0.000000 0.000000 0.000000 0.000000 0.000000 0.000001 0.000002 0.000006 0.000013 0.000030 0.000065 0.000139 0.000294 0.000607 0.001230 0.002445 0.004761 0.009086 0.016996 0.031151 0.055944 0.098435 0.169679 0.286519 0.473900 0.767710 1.218012 1.892419 2.879144 4.289037 6.255718 8.932797 12.487167 17.087590 22.888318 30.008217 38.506873 48.360196 59.438950 71.494169 84.153331 96.930321 109.250600 120.490775 130.029317 137.302936 141.861584 143.414625 141.861584 137.302936 130.029317 120.490775 109.250600 96.930321 84.153331 71.494169 59.438950 48.360196 38.506873 30.008217 22.888318 17.087590 12.487167 8.932797 6.255718 4.289037 2.879144 1.892419 1.218012 0.767710 0.473900 0.286519 0.169679 0.098435 0.055944 0.031151 0.016996 0.009086 0.004761 0.002445 0.001230 0.000607 0.000294 0.000139 0.000065 0.000030 0.000013 0.000006 0.000002 0.000001 0.000000 0.000000 0.000000 0.000000 0.000000 0.000000 0.000000 
0.000000 0.000000 0.000000 0.000000 0.000000 0.000000 0.000000 0.000001 0.000001 0.000003 0.000007 0.000016 0.000036 0.000079 0.000169 0.000357 0.000737 0.001493 0.002964 0.005769 0.011006 0.020576 0.037694 0.067664 0.119004 0.205047 0.346095 0.572211 0.926617 1.469587 2.282490 3.471445 5.169743 7.537996 10.760764 15.038471 20.573684 27.551419 36.114076 46.332762 58.178034 71.494169 85.981712 101.192945 116.543898 131.344594 144.846559 156.303687 165.039870 170.514970 172.380196 170.514970 165.039870 156.303687 144.846559 131.344594 116.543898 101.192945 85.981712 71.494169 58.178034 46.332762 36.114076 27.551419 20.573684 15.038471 10.760764 7.537996 5.169743 3.471445 2.282490 1.469587 0.926617 0.572211 0.346095 0.205047 0.119004 0.067664 0.037694 0.020576 0.011006 0.005769 0.002964 0.001493 0.000737 0.000357 0.000169 0.000079 0.000036 0.000016 0.000007 0.000003 0.000001 0.000001 0.000000 0.000000 0.000000 0.000000 0.000000 0.000000 
0.000000 0.000000 0.000000 0.000000 0.000000 0.000000 0.000000 0.000001 0.000002 0.000004 0.000008 0.000019 0.000043 0.000094 0.000201 0.000423 0.000874 0.001770 0.003514 0.006836 0.013035 0.024358 0.044605 0.080035 0.140707 0.242349 0.408907 0.675820 1.094028 1.734535 2.693162 4.094830 6.096393 8.886786 12.683035 17.720724 24.237846 32.451636 42.529112 54.553388 68.489321 84.153331 101.192945 119.081543 137.132520 154.534858 170.408960 183.878145 194.148070 200.584194 202.776781 200.584194 194.148070 183.878145 170.408960 154.534858 137.132520 119.081543 101.192945 84.153331 68.489321 54.553388 42.529112 32.451636 24.237846 17.720724 12.683035 8.886786 6.096393 4.094830 2.693162 1.734535 1.094028 0.675820 0.408907 0.242349 0.140707 0.080035 0.044605 0.024358 0.013035 0.006836 0.003514 0.001770 0.000874 0.000423 0.000201 0.000094 0.000043 0.000019 0.000008 0.000004 0.000002 0.000001 0.000000 0.000000 0.000000 0.000000 0.000000 0.000000 
