0.000000 0.000000 0.000000 0.000000 0.000001 0.000001 0.000001 0.000002 0.000003 0.000004 0.000006 0.000008 0.000011 0.000015 0.000021 0.000029 0.000040 0.000053 0.000071 0.000094 0.000123 0.000160 0.000206 0.000263 0.000332 0.000417 0.000518 0.000639 0.000780 0.000944 0.001133 0.001348 0.001589 0.001856 0.002150 0.002468 0.002808 0.003167 0.003539 0.003921 0.004305 0.004686 0.005054 0.005403 0.005726 0.006013 0.006259 0.006457 0.006603 0.006692 0.006722 0.006692 0.006603 0.006457 0.006259 0.006013 0.005726 0.005403 0.005054 0.004686 0.004305 0.003921 0.003539 0.003167 0.002808 0.002468 0.002150 0.001856 0.001589 0.001348 0.001133 0.000944 0.000780 0.000639 0.000518 0.000417 0.000332 0.000263 0.000206 0.000160 0.000123 0.000094 0.000071 0.000053 0.000040 0.000029 0.000021 0.000015 0.000011 0.000008 0.000006 0.000004 0.000003 0.000002 0.000001 0.000001 0.000001 0.000000 0.000000 0.000000 
0.000000 0.000000 0.000000 0.000000 0.000001 0.000001 0.000001 0.000002 0.000003 0.000004 0.000006 0.000008 0.000011 0.000015 0.000021 0.000029 0.000040 0.000053 0.000071 0.000094 0.000123 0.000160 0.000206 0.000263 0.000332 0.000417 0.000518 0.000639 0.000780 0.000944 0.001133 0.001348 0.001589 0.001856 0.002150 0.002468 0.002808 0.003167 0.003539 0.003921 0.004305 0.004686 0.005054 0.005403 0.005726 0.006013 0.006259 0.006457 0.006603 0.006692 0.006722 0.006692 0.006603 0.006457 0.006259 0.006013 0.005726 0.005403 0.005054 0.004686 0.004305 0.003921 0.003539 0.003167 0.002808 0.002468 0.002150 0.001856 0.001589 0.001348 0.001133 0.000944 0.000780 0.000639 0.000518 0.000417 0.000332 0.000263 0.000206 0.000160 0.000123 0.000094 0.000071 0.000053 0.000040 0.000029 0.000021 0.000015 0.000011 0.000008 0.000006 0.000004 0.000003 0.000002 0.000001 0.000001 0.000001 0.000000 0.000000 0.000000 
0.000000 0.000000 0.000000 0.000000 0.000001 0.000001 0.000001 0.000002 0.000003 0.000005 0.000007 0.000009 0.000013 0.000018 0.000025 0.000034 0.000047 0.000063 0.000084 0.000111 0.000145 0.000188 0.000242 0.000309 0.000391 0.000491 0.000610 0.000752 0.000918 0.001111 0.001334 0.001586 0.001870 0.002184 0.002530 0.002904 0.003303 0.003725 0.004163 0.004612 0.005064 0.005511 0.005944 0.006355 0.006733 0.007071 0.007360 0.007593 0.007764 0.007869 0.007904 0.007869 0.007764 0.007593 0.007360 0.007071 0.006733 0.006355 0.005944 0.005511 0.005064 0.004612 0.004163 0.003725 0.003303 0.002904 0.002530 0.002184 0.001870 0.001586 0.001334 0.001111 0.000918 0.000752 0.000610 0.000491 0.000391 0.000309 0.000242 0.000188 0.000145 0.000111 0.000084 0.000063 0.000047 0.000034 0.000025 0.000018 0.000013 0.000009 0.000007 0.000005 0.000003 0.000002 0.000002 0.000001 0.000001 0.000001 0.000000 0.000000 
0.000000 0.000000 0.000000 0.000001 0.000001 0.000001 0.000002 0.000003 0.000004 0.000006 0.000009 0.000012 0.000017 0.000024 0.000033 0.000046 0.000062 0.000083 0.000111 0.000147 0.000192 0.000249 0.000321 0.000410 0.000518 0.000650 0.000807 0.000994 0.001214 0.001470 0.001763 0.002096 0.002471 0.002887 0.003342 0.003836 0.004364 0.004920 0.005499 0.006091 0.006687 0.007277 0.007849 0.008390 0.008890 0.009336 0.009717 0.010025 0.010250 0.010388 0.010434 0.010388 0.010250 0.010025 0.009717 0.009336 0.008890 0.008390 0.007849 0.007277 0.006687 0.006091 0.005499 0.004920 0.004364 0.003836 0.003342 0.002887 0.002471 0.002096 0.001763 0.001470 0.001214 0.000994 0.000807 0.000650 0.000518 0.000410 0.000321 0.000249 0.000192 0.000147 0.000111 0.000083 0.000062 0.000046 0.000033 0.000024 0.000017 0.000012 0.000009 0.000006 0.000004 0.000003 0.000002 0.000001 0.000001 0.000001 0.000001 0.000001 
0.000001 0.000001 0.000001 0.000001 0.000001 0.000002 0.000003 0.000004 0.000006 0.000009 0.000012 0.000017 0.000024 0.000034 0.000047 0.000064 0.000087 0.000117 0.000156 0.000207 0.000271 0.000351 0.000452 0.000577 0.000730 0.000915 0.001137 0.001400 0.001709 0.002068 0.002481 0.002949 0.003476 0.004060 0.004700 0.005394 0.006136 0.006917 0.007730 0.008562 0.009399 0.010227 0.011030 0.011790 0.012492 0.013118 0.013653 0.014085 0.014401 0.014595 0.014660 0.014595 0.014401 0.014085 0.013653 0.013118 0.012492 0.011790 0.011030 0.010227 0.009399 0.008562 0.007730 0.006917 0.006136 0.005394 0.004700 0.004060 0.003476 0.002949 0.002481 0.002068 0.001709 0.001400 0.001137 0.000915 0.000730 0.000577 0.000452 0.000351 0.000271 0.000207 0.000156 0.000117 0.000087 0.000064 0.000047 0.000034 0.000024 0.000017 0.000012 0.000009 0.000006 0.000004 0.000003 0.000002 0.000001 0.000001 0.000001 0.000001 
0.000001 0.000001 0.000001 0.000001 0.000002 0.000003 0.000004 0.000006 0.000009 0.000012 0.000018 0.000025 0.000035 0.000049 0.000068 0.000093 0.000126 0.000170 0.000226 0.000299 0.000392 0.000508 0.000654 0.000834 0.001055 0.001322 0.001642 0.002023 0.002469 0.002987 0.003583 0.004259 0.005018 0.005861 0.006785 0.007786 0.008855 0.009983 0.011154 0.012353 0.013561 0.014754 0.015911 0.017008 0.018018 0.018921 0.019693 0.020314 0.020771 0.021049 0.021143 0.021049 0.020771 0.020314 0.019693 0.018921 0.018018 0.017008 0.015911 0.014754 0.013561 0.012353 0.011154 0.009983 0.008855 0.007786 0.006785 0.005861 0.005018 0.004259 0.003583 0.002987 0.002469 0.002023 0.001642 0.001322 0.001055 0.000834 0.000654 0.000508 0.000392 0.000299 0.000226 0.000170 0.000126 0.000093 0.000068 0.000049 0.000035 0.000025 0.000018 0.000012 0.000009 0.000006 0.000004 0.000003 0.000002 0.000002 0.000001 0.000001 
0.000001 0.000001 0.000001 0.000002 0.000003 0.000004 0.000006 0.000009 0.000013 0.000018 0.000026 0.000037 0.000052 0.000072 0.000099 0.000136 0.000184 0.000248 0.000330 0.000436 0.000570 0.000740 0.000953 0.001215 0.001536 0.001925 0.002391 0.002943 0.003592 0.004346 0.005212 0.006195 0.007298 0.008523 0.009866 0.011319 0.012873 0.014510 0.016212 0.017954 0.019707 0.021440 0.023120 0.024712 0.026180 0.027489 0.028610 0.029513 0.030175 0.030580 0.030716 0.030580 0.030175 0.029513 0.028610 0.027489 0.026180 0.024712 0.023120 0.021440 0.019707 0.017954 0.016212 0.014510 0.012873 0.011319 0.009866 0.008523 0.007298 0.006195 0.005212 0.004346 0.003592 0.002943 0.002391 0.001925 0.001536 0.001215 0.000953 0.000740 0.000570 0.000436 0.000330 0.000248 0.000184 0.000136 0.000099 0.000072 0.000052 0.000037 0.000026 0.000018 0.000013 0.000009 0.000006 0.000004 0.000003 0.000002 0.000002 0.000002 
0.000002 0.000002 0.000002 0.000003 0.000004 0.000006 0.000009 0.000013 0.000018 0.000027 0.000038 0.000054 0.000075 0.000105 0.000145 0.000198 0.000268 0.000360 0.000480 0.000634 0.000830 0.001077 0.001385 0.001766 0.002232 0.002797 0.003473 0.004276 0.005218 0.006312 0.007568 0.008994 0.010596 0.012373 0.014320 0.016429 0.018682 0.021057 0.023524 0.026049 0.028591 0.031105 0.033540 0.035847 0.037975 0.039874 0.041498 0.042807 0.043767 0.044353 0.044550 0.044353 0.043767 0.042807 0.041498 0.039874 0.037975 0.035847 0.033540 0.031105 0.028591 0.026049 0.023524 0.021057 0.018682 0.016429 0.014320 0.012373 0.010596 0.008994 0.007568 0.006312 0.005218 0.004276 0.003473 0.002797 0.002232 0.001766 0.001385 0.001077 0.000830 0.000634 0.000480 0.000360 0.000268 0.000198 0.000145 0.000105 0.000075 0.000054 0.000038 0.000027 0.000019 0.000013 0.000009 0.000006 0.000004 0.000003 0.000003 0.000003 
0.000003 0.000003 0.000003 0.000004 0.000006 0.000009 0.000013 0.000018 0.000027 0.000038 0.000055 0.000078 0.000109 0.000152 0.000209 0.000286 0.000388 0.000521 0.000694 0.000917 0.001200 0.001557 0.002002 0.002552 0.003226 0.004041 0.005018 0.006177 0.007537 0.009116 0.010929 0.012987 0.015297 0.017861 0.020670 0.023712 0.026961 0.030386 0.033945 0.037586 0.041251 0.044875 0.048386 0.051712 0.054780 0.057517 0.059858 0.061745 0.063129 0.063974 0.064258 0.063974 0.063129 0.061745 0.059858 0.057517 0.054780 0.051712 0.048386 0.044875 0.041251 0.037586 0.033945 0.030386 0.026961 0.023712 0.020670 0.017861 0.015297 0.012987 0.010929 0.009116 0.007537 0.006177 0.005018 0.004041 0.003226 0.002552 0.002002 0.001557 0.001200 0.000917 0.000694 0.000521 0.000388 0.000286 0.000209 0.000152 0.000109 0.000078 0.000055 0.000039 0.000027 0.000019 0.000013 0.000009 0.000006 0.000005 0.000004 0.000004 
0.000004 0.000004 0.000005 0.000006 0.000009 0.000012 0.000018 0.000027 0.000038 0.000055 0.000079 0.000112 0.000157 0.000218 0.000301 0.000411 0.000557 0.000749 0.000997 0.001316 0.001722 0.002234 0.002873 0.003662 0.004628 0.005797 0.007197 0.008858 0.010807 0.013069 0.015666 0.018615 0.021925 0.025596 0.029620 0.033975 0.038628 0.043532 0.048626 0.053839 0.059086 0.064272 0.069298 0.074059 0.078449 0.082366 0.085717 0.088417 0.090397 0.091607 0.092013 0.091607 0.090397 0.088417 0.085717 0.082366 0.078449 0.074059 0.069298 0.064272 0.059086 0.053839 0.048626 0.043532 0.038628 0.033975 0.029620 0.025596 0.021925 0.018615 0.015666 0.013069 0.010807 0.008858 0.007197 0.005797 0.004628 0.003662 0.002873 0.002234 0.001722 0.001316 0.000997 0.000749 0.000557 0.000411 0.000301 0.000218 0.000157 0.000112 0.000079 0.000055 0.000039 0.000027 0.000018 0.000013 0.000009 0.000007 0.000006 0.000006 
0.000006 0.000006 0.000007 0.000009 0.000012 0.000018 0.000026 0.000038 0.000055 0.000079 0.000113 0.000160 0.000224 0.000311 0.000429 0.000586 0.000794 0.001067 0.001420 0.001874 0.002452 0.003181 0.004090 0.005213 0.006586 0.008248 0.010240 0.012601 0.015372 0.018587 0.022279 0.026469 0.031172 0.036389 0.042105 0.048292 0.054901 0.061866 0.069102 0.076505 0.083956 0.091321 0.098458 0.105217 0.111450 0.117012 0.121769 0.125602 0.128413 0.130131 0.130708 0.130131 0.128413 0.125602 0.121769 0.117012 0.111450 0.105217 0.098458 0.091321 0.083956 0.076505 0.069102 0.061866 0.054901 0.048292 0.042105 0.036389 0.031172 0.026469 0.022279 0.018587 0.015372 0.012601 0.010240 0.008248 0.006586 0.005213 0.004090 0.003181 0.002452 0.001874 0.001420 0.001067 0.000794 0.000586 0.000429 0.000311 0.000224 0.000160 0.000113 0.000079 0.000055 0.000038 0.000026 0.000018 0.000013 0.000010 0.000009 0.000009 
0.000008 0.000008 0.000009 0.000012 0.000017 0.000025 0.000037 0.000054 0.000078 0.000112 0.000160 0.000226 0.000316 0.000440 0.000606 0.000828 0.001122 0.001507 0.002006 0.002647 0.003463 0.004491 0.005773 0.007357 0.009294 0.011639 0.014447 0.017777 0.021683 0.026216 0.031419 0.037325 0.043952 0.051302 0.059357 0.068073 0.077383 0.087194 0.097386 0.107812 0.118306 0.128678 0.138728 0.148246 0.157022 0.164854 0.171551 0.176948 0.180907 0.183325 0.184138 0.183325 0.180907 0.176948 0.171551 0.164854 0.157022 0.148246 0.138728 0.128678 0.118306 0.107812 0.097386 0.087194 0.077383 0.068073 0.059357 0.051302 0.043952 0.037325 0.031419 0.026216 0.021683 0.017777 0.014447 0.011639 0.009294 0.007357 0.005773 0.004491 0.003463 0.002647 0.002006 0.001507 0.001122 0.000828 0.000606 0.000440 0.000316 0.000226 0.000160 0.000112 0.000078 0.000054 0.000037 0.000026 0.000019 0.000014 0.000012 0.000012 
0.000011 0.000011 0.000013 0.000017 0.000024 0.000035 0.000052 0.000075 0.000109 0.000157 0.000224 0.000316 0.000444 0.000617 0.000850 0.001161 0.001572 0.002111 0.002809 0.003707 0.004849 0.006287 0.008081 0.010297 0.013006 0.016284 0.020211 0.024867 0.030327 0.036662 0.043934 0.052187 0.061448 0.071718 0.082970 0.095146 0.108152 0.121855 0.136089 0.150651 0.165304 0.179788 0.193822 0.207112 0.219366 0.230300 0.239651 0.247186 0.252713 0.256088 0.257224 0.256088 0.252713 0.247186 0.239651 0.230300 0.219366 0.207112 0.193822 0.179788 0.165304 0.150651 0.136089 0.121855 0.108152 0.095146 0.082970 0.071718 0.061448 0.052187 0.043934 0.036662 0.030327 0.024867 0.020211 0.016284 0.013006 0.010297 0.008081 0.006287 0.004849 0.003707 0.002809 0.002111 0.001572 0.001161 0.000850 0.000617 0.000444 0.000316 0.000224 0.000157 0.000109 0.000076 0.000052 0.000037 0.000026 0.000020 0.000017 0.000017 
0.000015 0.000015 0.000018 0.000024 0.000034 0.000049 0.000072 0.000105 0.000152 0.000218 0.000311 0.000440 0.000617 0.000857 0.001181 0.001613 0.002184 0.002931 0.003901 0.005147 0.006731 0.008726 0.011215 0.014288 0.018044 0.022590 0.028034 0.034487 0.042055 0.050835 0.060912 0.072347 0.085177 0.099405 0.114992 0.131857 0.149869 0.168847 0.188559 0.208723 0.229013 0.249067 0.268497 0.286897 0.303862 0.318999 0.331944 0.342374 0.350025 0.354698 0.356269 0.354698 0.350025 0.342374 0.331944 0.318999 0.303862 0.286897 0.268497 0.249067 0.229013 0.208723 0.188559 0.168847 0.149869 0.131857 0.114992 0.099405 0.085177 0.072347 0.060912 0.050835 0.042055 0.034487 0.028034 0.022590 0.018044 0.014288 0.011215 0.008726 0.006731 0.005147 0.003901 0.002931 0.002184 0.001613 0.001181 0.000857 0.000617 0.000440 0.000311 0.000218 0.000152 0.000105 0.000073 0.000051 0.000036 0.000028 0.000024 0.000024 
0.000021 0.000021 0.000025 0.000033 0.000047 0.000068 0.000099 0.000145 0.000209 0.000301 0.000429 0.000606 0.000850 0.001181 0.001626 0.002221 0.003007 0.004036 0.005371 0.007084 0.009263 0.012008 0.015430 0.019655 0.024820 0.031069 0.038552 0.047420 0.057820 0.069885 0.083729 0.099438 0.117062 0.136604 0.158011 0.181172 0.205907 0.231966 0.259031 0.286714 0.314570 0.342101 0.368772 0.394030 0.417317 0.438094 0.455862 0.470178 0.480679 0.487092 0.489249 0.487092 0.480679 0.470178 0.455862 0.438094 0.417317 0.394030 0.368772 0.342101 0.314570 0.286714 0.259031 0.231966 0.205907 0.181172 0.158011 0.136604 0.117062 0.099438 0.083729 0.069885 0.057820 0.047420 0.038552 0.031069 0.024820 0.019655 0.015430 0.012008 0.009263 0.007084 0.005371 0.004036 0.003007 0.002221 0.001626 0.001181 0.000850 0.000606 0.000429 0.000301 0.000210 0.000145 0.000101 0.000070 0.000050 0.000038 0.000033 0.000033 
0.000029 0.000029 0.000034 0.000046 0.000064 0.000093 0.000136 0.000198 0.000286 0.000411 0.000586 0.000828 0.001161 0.001613 0.002221 0.003033 0.004106 0.005510 0.007330 0.009667 0.012639 0.016381 0.021047 0.026807 0.033847 0.042363 0.052561 0.064645 0.078814 0.095249 0.114107 0.135504 0.159506 0.186118 0.215268 0.246803 0.280479 0.315956 0.352799 0.390483 0.428399 0.465871 0.502172 0.536547 0.568239 0.596515 0.620695 0.640177 0.654467 0.663194 0.666129 0.663194 0.654467 0.640177 0.620695 0.596515 0.568239 0.536547 0.502172 0.465871 0.428399 0.390483 0.352799 0.315956 0.280479 0.246803 0.215268 0.186118 0.159506 0.135504 0.114107 0.095249 0.078814 0.064645 0.052561 0.042363 0.033847 0.026807 0.021047 0.016381 0.012639 0.009667 0.007330 0.005510 0.004106 0.003033 0.002221 0.001613 0.001161 0.000829 0.000586 0.000412 0.000287 0.000199 0.000138 0.000096 0.000069 0.000052 0.000045 0.000045 
0.000040 0.000040 0.000047 0.000062 0.000087 0.000126 0.000184 0.000268 0.000388 0.000557 0.000794 0.001122 0.001572 0.002184 0.003007 0.004106 0.005557 0.007456 0.009918 0.013078 0.017096 0.022155 0.028462 0.036247 0.045761 0.057268 0.071045 0.087370 0.106508 0.128706 0.154174 0.183067 0.215476 0.251405 0.290759 0.333330 0.378787 0.426672 0.476398 0.527256 0.578425 0.628993 0.677978 0.724363 0.767126 0.805278 0.837902 0.864189 0.883469 0.895244 0.899203 0.895244 0.883469 0.864189 0.837902 0.805278 0.767126 0.724363 0.677978 0.628993 0.578425 0.527256 0.476398 0.426672 0.378787 0.333330 0.290759 0.251405 0.215476 0.183067 0.154174 0.128706 0.106508 0.087370 0.071045 0.057268 0.045761 0.036247 0.028462 0.022155 0.017096 0.013078 0.009918 0.007456 0.005557 0.004106 0.003007 0.002184 0.001572 0.001122 0.000794 0.000558 0.000389 0.000270 0.000187 0.000130 0.000093 0.000071 0.000061 0.000061 
0.000053 0.000053 0.000063 0.000083 0.000117 0.000170 0.000248 0.000360 0.000521 0.000749 0.001067 0.001507 0.002111 0.002931 0.004036 0.005510 0.007456 0.010003 0.013303 0.017540 0.022926 0.029707 0.038159 0.048590 0.061335 0.076751 0.095205 0.117068 0.142697 0.172422 0.206520 0.245203 0.288588 0.336682 0.389356 0.446331 0.507166 0.571246 0.637786 0.705837 0.774301 0.841957 0.907493 0.969548 1.026756 1.077794 1.121436 1.156600 1.182391 1.198141 1.203437 1.198141 1.182391 1.156600 1.121436 1.077794 1.026756 0.969548 0.907493 0.841957 0.774301 0.705837 0.637786 0.571246 0.507166 0.446331 0.389356 0.336682 0.288588 0.245203 0.206520 0.172422 0.142697 0.117068 0.095205 0.076751 0.061335 0.048590 0.038159 0.029707 0.022926 0.017540 0.013303 0.010003 0.007456 0.005510 0.004036 0.002932 0.002111 0.001507 0.001067 0.000749 0.000523 0.000362 0.000251 0.000175 0.000125 0.000095 0.000082 0.000082 
0.000071 0.000071 0.000084 0.000111 0.000156 0.000226 0.000330 0.000480 0.000694 0.000997 0.001420 0.002006 0.002809 0.003901 0.005371 0.007330 0.009918 0.013303 0.017691 0.023322 0.030480 0.039489 0.050717 0.064574 0.081503 0.101975 0.126481 0.155511 0.189539 0.228999 0.274262 0.325606 0.383187 0.447012 0.516910 0.592511 0.673228 0.758246 0.846523 0.936799 1.027618 1.117362 1.204291 1.286600 1.362476 1.430169 1.488051 1.534687 1.568891 1.589779 1.596804 1.589779 1.568891 1.534687 1.488051 1.430169 1.362476 1.286600 1.204291 1.117362 1.027618 0.936799 0.846523 0.758246 0.673228 0.592511 0.516910 0.447012 0.383187 0.325606 0.274262 0.228999 0.189539 0.155511 0.126481 0.101975 0.081503 0.064574 0.050717 0.039489 0.030480 0.023322 0.017691 0.013303 0.009918 0.007330 0.005371 0.003901 0.002810 0.002006 0.001421 0.000998 0.000696 0.000483 0.000334 0.000233 0.000167 0.000127 0.000109 0.000109 
0.000094 0.000094 0.000111 0.000147 0.000207 0.000299 0.000436 0.000634 0.000917 0.001316 0.001874 0.002647 0.003707 0.005147 0.007084 0.009667 0.013078 0.017540 0.023322 0.030741 0.040171 0.052038 0.066828 0.085076 0.107368 0.134323 0.166586 0.204800 0.249589 0.301524 0.361091 0.428655 0.504421 0.588395 0.680354 0.779809 0.885988 0.997817 1.113927 1.232660 1.352103 1.470126 1.584443 1.692680 1.792456 1.881468 1.957578 2.018899 2.063874 2.091339 2.100575 2.091339 2.063874 2.018899 1.957578 1.881468 1.792456 1.692680 1.584443 1.470126 1.352103 1.232660 1.113927 0.997817 0.885988 0.779809 0.680354 0.588395 0.504421 0.428655 0.361091 0.301524 0.249589 0.204800 0.166586 0.134323 0.107368 0.085076 0.066828 0.052038 0.040171 0.030741 0.023322 0.017540 0.013078 0.009667 0.007084 0.005147 0.003707 0.002648 0.001875 0.001318 0.000919 0.000637 0.000442 0.000308 0.000221 0.000168 0.000144 0.000144 
0.000123 0.000123 0.000145 0.000192 0.000271 0.000392 0.000570 0.000830 0.001200 0.001722 0.002452 0.003463 0.004849 0.006731 0.009263 0.012639 0.017096 0.022926 0.030480 0.040171 0.052486 0.067984 0.087295 0.111120 0.140220 0.175406 0.217514 0.267385 0.325832 0.393598 0.471316 0.559459 0.658295 0.767832 0.887775 1.017487 1.155959 1.301793 1.453201 1.608022 1.763762 1.917644 2.066688 2.207801 2.337880 2.453922 2.553142 2.633082 2.691712 2.727516 2.739556 2.727516 2.691712 2.633082 2.553142 2.453922 2.337880 2.207801 2.066688 1.917644 1.763762 1.608022 1.453201 1.301793 1.155959 1.017487 0.887775 0.767832 0.658295 0.559459 0.471316 0.393598 0.325832 0.267385 0.217514 0.175406 0.140220 0.111120 0.087295 0.067984 0.052486 0.040171 0.030480 0.022926 0.017096 0.012639 0.009263 0.006731 0.004849 0.003464 0.002454 0.001724 0.001203 0.000834 0.000578 0.000404 0.000289 0.000220 0.000188 0.000188 
0.000160 0.000160 0.000188 0.000249 0.000351 0.000508 0.000740 0.001077 0.001557 0.002234 0.003181 0.004491 0.006287 0.008726 0.012008 0.016381 0.022155 0.029707 0.039489 0.052038 0.067984 0.088047 0.113045 0.143882 0.181543 0.227075 0.281560 0.346085 0.421697 0.509358 0.609883 0.723886 0.851708 0.993359 1.148458 1.316178 1.495215 1.683759 1.879500 2.079644 2.280967 2.479881 2.672534 2.854930 3.023059 3.173042 3.301280 3.404598 3.480372 3.526645 3.542206 3.526645 3.480372 3.404598 3.301280 3.173042 3.023059 2.854930 2.672534 2.479881 2.280967 2.079644 1.879500 1.683759 1.495215 1.316178 1.148458 0.993359 0.851708 0.723886 0.609883 0.509358 0.421697 0.346085 0.281560 0.227075 0.181543 0.143882 0.113045 0.088047 0.067984 0.052038 0.039489 0.029707 0.022155 0.016381 0.012008 0.008726 0.006288 0.004492 0.003182 0.002237 0.001561 0.001083 0.000750 0.000524 0.000376 0.000286 0.000245 0.000245 
0.000206 0.000206 0.000242 0.000321 0.000452 0.000654 0.000953 0.001385 0.002002 0.002873 0.004090 0.005773 0.008081 0.011215 0.015430 0.021047 0.028462 0.038159 0.050717 0.066828 0.087295 0.113045 0.145124 0.184692 0.233013 0.291425 0.361317 0.444080 0.541055 0.653474 0.782382 0.928560 1.092447 1.274052 1.472884 1.687884 1.917377 2.159044 2.409924 2.666436 2.924447 3.179361 3.426244 3.659975 3.875418 4.067603 4.231922 4.364308 4.461400 4.520690 4.540628 4.520690 4.461400 4.364308 4.231922 4.067603 3.875418 3.659975 3.426244 3.179361 2.924447 2.666436 2.409924 2.159044 1.917377 1.687884 1.472884 1.274052 1.092447 0.928560 0.782382 0.653474 0.541055 0.444080 0.361317 0.291425 0.233013 0.184692 0.145124 0.113045 0.087295 0.066828 0.050718 0.038159 0.028463 0.021047 0.015430 0.011215 0.008082 0.005775 0.004092 0.002876 0.002007 0.001393 0.000965 0.000674 0.000483 0.000369 0.000315 0.000315 
0.000263 0.000263 0.000309 0.000410 0.000577 0.000834 0.001215 0.001766 0.002552 0.003662 0.005213 0.007357 0.010297 0.014288 0.019655 0.026807 0.036247 0.048590 0.064574 0.085076 0.111120 0.143882 0.184692 0.235026 0.296486 0.370776 0.459657 0.564897 0.688199 0.831126 0.995004 1.180824 1.389139 1.619961 1.872664 2.145899 2.437536 2.744629 3.063413 3.389339 3.717157 4.041028 4.354685 4.651625 4.925322 5.169469 5.378212 5.546385 5.669722 5.745039 5.770367 5.745039 5.669722 5.546385 5.378212 5.169469 4.925322 4.651625 4.354685 4.041028 3.717157 3.389339 3.063413 2.744629 2.437536 2.145899 1.872664 1.619961 1.389139 1.180824 0.995004 0.831126 0.688199 0.564897 0.459657 0.370776 0.296486 0.235026 0.184692 0.143882 0.111120 0.085076 0.064574 0.048590 0.036248 0.026807 0.019656 0.014288 0.010298 0.007359 0.005215 0.003666 0.002559 0.001776 0.001231 0.000860 0.000617 0.000470 0.000402 0.000402 
0.000332 0.000332 0.000391 0.000518 0.000730 0.001055 0.001536 0.002232 0.003226 0.004628 0.006586 0.009294 0.013006 0.018044 0.024820 0.033847 0.045761 0.061335 0.081503 0.107368 0.140220 0.181543 0.233013 0.296486 0.373984 0.467650 0.579703 0.712368 0.867791 1.047937 1.254473 1.488647 1.751153 2.042002 2.360403 2.704654 3.072072 3.458942 3.860520 4.271080 4.684006 5.091946 5.487009 5.861005 6.205718 6.513208 6.776102 6.987900 7.143229 7.238082 7.269979 7.238082 7.143229 6.987900 6.776102 6.513208 6.205718 5.861005 5.487009 5.091946 4.684006 4.271080 3.860520 3.458942 3.072072 2.704654 2.360403 2.042002 1.751153 1.488647 1.254473 1.047937 0.867791 0.712368 0.579703 0.467650 0.373984 0.296486 0.233013 0.181543 0.140220 0.107368 0.081503 0.061335 0.045761 0.033847 0.024820 0.018045 0.013007 0.009296 0.006589 0.004633 0.003234 0.002245 0.001557 0.001087 0.000780 0.000595 0.000508 0.000508 
0.000417 0.000417 0.000491 0.000650 0.000915 0.001322 0.001925 0.002797 0.004041 0.005797 0.008248 0.011639 0.016284 0.022590 0.031069 0.042363 0.057268 0.076751 0.101975 0.134323 0.175406 0.227075 0.291425 0.370776 0.467650 0.584724 0.724769 0.890562 1.084780 1.309875 1.567927 1.860491 2.188430 2.551754 2.949472 3.379458 3.838356 4.321527 4.823046 5.335759 5.851409 6.360815 6.854125 7.321117 7.751535 8.135466 8.463711 8.728153 8.922090 9.040517 9.080341 9.040517 8.922090 8.728153 8.463711 8.135466 7.751535 7.321117 6.854125 6.360815 5.851409 5.335759 4.823046 4.321527 3.838356 3.379458 2.949472 2.551754 2.188430 1.860491 1.567927 1.309875 1.084780 0.890562 0.724769 0.584724 0.467650 0.370776 0.291425 0.227075 0.175406 0.134323 0.101976 0.076751 0.057268 0.042364 0.031069 0.022591 0.016286 0.011641 0.008252 0.005803 0.004052 0.002813 0.001951 0.001363 0.000978 0.000746 0.000638 0.000638 
0.000518 0.000518 0.000610 0.000807 0.001137 0.001642 0.002391 0.003473 0.005018 0.007197 0.010240 0.014447 0.020211 0.028034 0.038552 0.052561 0.071045 0.095205 0.126481 0.166586 0.217514 0.281560 0.361317 0.459657 0.579703 0.724769 0.898284 1.103685 1.344283 1.623112 1.942743 2.305098 2.711241 3.161183 3.653690 4.186127 4.754337 5.352575 5.973504 6.608268 7.246644 7.877271 8.487953 9.066040 9.598840 10.074086 10.480395 10.807722 11.047776 11.194363 11.243657 11.194363 11.047776 10.807722 10.480395 10.074086 9.598840 9.066040 8.487953 7.877271 7.246644 6.608268 5.973504 5.352575 4.754337 4.186127 3.653690 3.161183 2.711241 2.305098 1.942743 1.623112 1.344283 1.103685 0.898284 0.724769 0.579703 0.459657 0.361317 0.281560 0.217514 0.166586 0.126481 0.095205 0.071046 0.052561 0.038553 0.028035 0.020213 0.014451 0.010245 0.007205 0.005031 0.003494 0.002423 0.001693 0.001215 0.000927 0.000792 0.000792 
0.000639 0.000639 0.000752 0.000994 0.001400 0.002023 0.002943 0.004276 0.006177 0.008858 0.012601 0.017777 0.024867 0.034487 0.047420 0.064645 0.087370 0.117068 0.155511 0.204800 0.267385 0.346085 0.444080 0.564897 0.712368 0.890562 1.103685 1.355952 1.651428 1.993829 2.386311 2.831226 3.329876 3.882270 4.486889 5.140494 5.837982 6.572296 7.334432 8.113520 8.897014 9.670972 10.420433 11.129872 11.783720 12.366928 12.865529 13.267205 13.561780 13.741660 13.802149 13.741660 13.561780 13.267205 12.865529 12.366928 11.783720 11.129872 10.420433 9.670972 8.897014 8.113520 7.334432 6.572296 5.837982 5.140494 4.486889 3.882270 3.329876 2.831226 2.386311 1.993829 1.651428 1.355952 1.103685 0.890562 0.712368 0.564897 0.444080 0.346085 0.267386 0.204800 0.155511 0.117068 0.087370 0.064645 0.047421 0.034488 0.024869 0.017781 0.012608 0.008868 0.006193 0.004302 0.002984 0.002085 0.001496 0.001142 0.000976 0.000976 
0.000780 0.000780 0.000918 0.001214 0.001709 0.002469 0.003592 0.005218 0.007537 0.010807 0.015372 0.021683 0.030327 0.042055 0.057820 0.078814 0.106508 0.142697 0.189539 0.249589 0.325832 0.421697 0.541055 0.688199 0.867791 1.084780 1.344283 1.651428 2.011154 2.427984 2.905749 3.447309 4.054242 4.726552 5.462388 6.257803 7.106583 8.000141 8.927516 9.875485 10.828784 11.770452 12.682290 13.545414 14.340888 15.050407 15.656988 16.145645 16.504008 16.722836 16.796423 16.722836 16.504008 16.145645 15.656988 15.050407 14.340888 13.545414 12.682290 11.770452 10.828784 9.875485 8.927516 8.000141 7.106583 6.257803 5.462388 4.726552 4.054242 3.447309 2.905749 2.427984 2.011154 1.651428 1.344283 1.084780 0.867791 0.688199 0.541055 0.421697 0.325832 0.249589 0.189539 0.142698 0.106508 0.078814 0.057821 0.042057 0.030330 0.021688 0.015380 0.010819 0.007557 0.005249 0.003641 0.002545 0.001827 0.001395 0.001192 0.001192 
0.000944 0.000944 0.001111 0.001470 0.002068 0.002987 0.004346 0.006312 0.009116 0.013069 0.018587 0.026216 0.036662 0.050835 0.069885 0.095249 0.128706 0.172422 0.228999 0.301524 0.393598 0.509358 0.653474 0.831126 1.047937 1.309875 1.623112 1.993829 2.427984 2.931024 3.507569 4.161060 4.893396 5.704576 6.592359 7.551981 8.575940 9.653875 10.772564 11.916056 13.065941 14.201763 15.301577 16.342610 17.302031 18.157766 18.889339 19.478682 19.910880 20.174794 20.263541 20.174794 19.910880 19.478682 18.889339 18.157766 17.302031 16.342610 15.301577 14.201763 13.065941 11.916056 10.772564 9.653875 8.575940 7.551981 6.592359 5.704576 4.893396 4.161060 3.507569 2.931024 2.427984 1.993829 1.623112 1.309875 1.047937 0.831126 0.653474 0.509358 0.393598 0.301524 0.228999 0.172422 0.128707 0.095250 0.069886 0.050837 0.036666 0.026221 0.018597 0.013084 0.009140 0.006350 0.004405 0.003080 0.002211 0.001688 0.001443 0.001443 
0.001133 0.001133 0.001334 0.001763 0.002481 0.003583 0.005212 0.007568 0.010929 0.015666 0.022279 0.031419 0.043934 0.060912 0.083729 0.114107 0.154174 0.206520 0.274262 0.361091 0.471316 0.609883 0.782382 0.995004 1.254473 1.567927 1.942743 2.386311 2.905749 3.507569 4.197287 4.979013 5.855011 6.825271 7.887107 9.034817 10.259424 11.548533 12.886334 14.253750 15.628769 16.986936 18.302012 19.546776 20.693934 21.717100 22.591799 23.296435 23.813178 24.128717 24.234824 24.128717 23.813178 23.296435 22.591799 21.717100 20.693934 19.546776 18.302012 16.986936 15.628769 14.253750 12.886334 11.548533 10.259424 9.034817 7.887107 6.825271 5.855011 4.979013 4.197287 3.507569 2.905749 2.386311 1.942743 1.567927 1.254473 0.995004 0.782382 0.609883 0.471316 0.361092 0.274263 0.206521 0.154174 0.114108 0.083730 0.060914 0.043938 0.031426 0.022290 0.015684 0.010957 0.007613 0.005283 0.003694 0.002652 0.002025 0.001731 0.001731 
0.001348 0.001348 0.001586 0.002096 0.002949 0.004259 0.006195 0.008994 0.012987 0.018615 0.026469 0.037325 0.052187 0.072347 0.099438 0.135504 0.183067 0.245203 0.325606 0.428655 0.559459 0.723886 0.928560 1.180824 1.488647 1.860491 2.305098 2.831226 3.447309 4.161060 4.979013 5.906032 6.944794 8.095277 9.354292 10.715070 12.166963 13.695275 15.281259 16.902303 18.532313 20.142303 21.701177 23.176672 24.536445 25.749226 26.786011 27.621212 28.233700 28.607701 28.733467 28.607701 28.233700 27.621212 26.786011 25.749226 24.536445 23.176672 21.701177 20.142303 18.532313 16.902303 15.281259 13.695275 12.166963 10.715070 9.354292 8.095277 6.944794 5.906032 4.979013 4.161060 3.447309 2.831226 2.305098 1.860491 1.488647 1.180824 0.928560 0.723886 0.559459 0.428655 0.325607 0.245203 0.183068 0.135505 0.099440 0.072350 0.052192 0.037333 0.026482 0.018636 0.013021 0.009048 0.006279 0.004391 0.003153 0.002408 0.002059 0.002059 
0.001589 0.001589 0.001870 0.002471 0.003476 0.005018 0.007298 0.010596 0.015297 0.021925 0.031172 0.043952 0.061448 0.085177 0.117062 0.159506 0.215476 0.288588 0.383187 0.504421 0.658295 0.851708 1.092447 1.389139 1.751153 2.188430 2.711241 3.329876 4.054242 4.893396 5.855011 6.944794 8.165881 9.518239 10.998111 12.597534 14.303988 16.100197 17.964128 19.869206 21.784770 23.676760 25.508639 27.242503 28.840353 30.265454 31.483734 32.465130 33.184824 33.624286 33.772064 33.624286 33.184824 32.465130 31.483734 30.265454 28.840353 27.242503 25.508639 23.676760 21.784770 19.869206 17.964128 16.100197 14.303988 12.597534 10.998111 9.518239 8.165881 6.944794 5.855011 4.893396 4.054242 3.329876 2.711241 2.188430 1.751153 1.389139 1.092447 0.851708 0.658295 0.504421 0.383188 0.288589 0.215477 0.159507 0.117064 0.085181 0.061454 0.043962 0.031188 0.021950 0.015338 0.010659 0.007398 0.005174 0.003716 0.002838 0.002427 0.002427 
0.001856 0.001856 0.002184 0.002887 0.004060 0.005861 0.008523 0.012373 0.017861 0.025596 0.036389 0.051302 0.071718 0.099405 0.136604 0.186118 0.251405 0.336682 0.447012 0.588395 0.767832 0.993359 1.274052 1.619961 2.042002 2.551754 3.161183 3.882270 4.726552 5.704576 6.825271 8.095277 9.518239 11.094109 12.818498 14.682122 16.670387 18.763162 20.934773 23.154262 25.385909 27.590041 29.724099 31.743938 33.605298 35.265396 36.684552 37.827756 38.666103 39.178015 39.350155 39.178015 38.666103 37.827756 36.684552 35.265396 33.605298 31.743938 29.724099 27.590041 25.385909 23.154262 20.934773 18.763162 16.670387 14.682122 12.818498 11.094109 9.518239 8.095277 6.825271 5.704576 4.726552 3.882270 3.161183 2.551754 2.042003 1.619961 1.274052 0.993360 0.767832 0.588396 0.447012 0.336682 0.251406 0.186119 0.136606 0.099409 0.071725 0.051314 0.036407 0.025626 0.017908 0.012447 0.008640 0.006043 0.004340 0.003316 0.002836 0.002836 
0.002150 0.002150 0.002530 0.003342 0.004700 0.006785 0.009866 0.014320 0.020670 0.029620 0.042105 0.059357 0.082970 0.114992 0.158011 0.215268 0.290759 0.389356 0.516910 0.680354 0.887775 1.148458 1.472884 1.872664 2.360403 2.949472 3.653690 4.486889 5.462388 6.592359 7.887107 9.354292 10.998111 12.818498 14.810374 16.963008 19.259536 21.676702 24.184854 26.748234 29.325594 31.871120 34.335670 36.668270 38.817819 40.734921 42.373761 43.693919 44.662027 45.253170 45.451953 45.253170 44.662027 43.693919 42.373761 40.734921 38.817819 36.668270 34.335670 31.871120 29.325594 26.748234 24.184854 21.676702 19.259536 16.963008 14.810374 12.818498 10.998111 9.354292 7.887107 6.592359 5.462388 4.486889 3.653690 2.949472 2.360403 1.872664 1.472884 1.148458 0.887775 0.680354 0.516911 0.389356 0.290760 0.215269 0.158014 0.114996 0.082978 0.059370 0.042126 0.029654 0.020725 0.014406 0.010001 0.006996 0.005025 0.003840 0.003284 0.003284 
0.002468 0.002468 0.002904 0.003836 0.005394 0.007786 0.011319 0.016429 0.023712 0.033975 0.048292 0.068073 0.095146 0.131857 0.181172 0.246803 0.333330 0.446331 0.592511 0.779809 1.017487 1.316178 1.687884 2.145899 2.704654 3.379458 4.186127 5.140494 6.257803 7.551981 9.034817 10.715070 12.597534 14.682122 16.963008 19.427894 22.057466 24.825091 27.696816 30.631702 33.582526 36.496843 39.318400 41.988849 44.449698 46.644410 48.520545 50.031844 51.140113 51.816838 52.044399 51.816838 51.140113 50.031844 48.520545 46.644410 44.449698 41.988849 39.318400 36.496843 33.582526 30.631702 27.696816 24.825091 22.057466 19.427894 16.963008 14.682122 12.597534 10.715070 9.034817 7.551981 6.257803 5.140494 4.186127 3.379458 2.704654 2.145899 1.687884 1.316178 1.017487 0.779810 0.592512 0.446332 0.333331 0.246805 0.181175 0.131862 0.095155 0.068088 0.048316 0.034014 0.023774 0.016528 0.011474 0.008028 0.005767 0.004407 0.003769 0.003769 
0.002808 0.002808 0.003303 0.004364 0.006136 0.008855 0.012873 0.018682 0.026961 0.038628 0.054901 0.077383 0.108152 0.149869 0.205907 0.280479 0.378787 0.507166 0.673228 0.885988 1.155959 1.495215 1.917377 2.437536 3.072072 3.838356 4.754337 5.837982 7.106583 8.575940 10.259424 12.166963 14.303988 16.670387 19.259536 22.057466 25.042247 28.183644 31.443117 34.774202 38.123306 41.430911 44.633182 47.663908 50.456719 52.947462 55.076638 56.791756 58.049484 58.817468 59.075716 58.817468 58.049484 56.791756 55.076638 52.947462 50.456719 47.663908 44.633182 41.430911 38.123306 34.774202 31.443117 28.183644 25.042247 22.057466 19.259536 16.670387 14.303988 12.166963 10.259424 8.575940 7.106583 5.837982 4.754337 3.838356 3.072072 2.437536 1.917377 1.495215 1.155959 0.885988 0.673229 0.507167 0.378788 0.280481 0.205910 0.149875 0.108162 0.077400 0.054929 0.038672 0.027032 0.018794 0.013049 0.009130 0.006560 0.005013 0.004288 0.004288 
0.003167 0.003167 0.003725 0.004920 0.006917 0.009983 0.014510 0.021057 0.030386 0.043532 0.061866 0.087194 0.121855 0.168847 0.231966 0.315956 0.426672 0.571246 0.758246 0.997817 1.301793 1.683759 2.159044 2.744629 3.458942 4.321527 5.352575 6.572296 8.000141 9.653875 11.548533 13.695275 16.100197 18.763162 21.676702 24.825091 28.183644 31.718336 35.385801 39.133760 42.901918 46.623317 50.226146 53.635924 56.777990 59.580183 61.975576 63.905126 65.320093 66.184086 66.474618 66.184086 65.320093 63.905126 61.975576 59.580183 56.777990 53.635924 50.226146 46.623317 42.901918 39.133760 35.385801 31.718336 28.183644 24.825091 21.676702 18.763162 16.100197 13.695275 11.548533 9.653875 8.000141 6.572296 5.352575 4.321527 3.458942 2.744629 2.159044 1.683759 1.301793 0.997817 0.758247 0.571247 0.426673 0.315958 0.231970 0.168854 0.121867 0.087213 0.061897 0.043582 0.030466 0.021183 0.014710 0.010293 0.007396 0.005653 0.004835 0.004835 
0.003539 0.003539 0.004163 0.005499 0.007730 0.011154 0.016212 0.023524 0.033945 0.048626 0.069102 0.097386 0.136089 0.188559 0.259031 0.352799 0.476398 0.637786 0.846523 1.113927 1.453201 1.879500 2.409924 3.063413 3.860520 4.823046 5.973504 7.334432 8.927516 10.772564 12.886334 15.281259 17.964128 20.934773 24.184854 27.696816 31.443117 35.385801 39.476493 43.656886 47.859730 52.010352 56.028668 59.831618 63.335946 66.461185 69.132703 71.284666 72.862723 73.826297 74.150315 73.826297 72.862723 71.284666 69.132703 66.461185 63.335946 59.831618 56.028668 52.010352 47.859730 43.656886 39.476493 35.385801 31.443117 27.696816 24.184854 20.934773 17.964128 15.281259 12.886334 10.772564 8.927516 7.334432 5.973504 4.823046 3.860521 3.063413 2.409924 1.879500 1.453201 1.113927 0.846523 0.637787 0.476400 0.352802 0.259035 0.188567 0.136102 0.097407 0.069137 0.048682 0.034034 0.023666 0.016435 0.011501 0.008265 0.006317 0.005404 0.005404 
0.003921 0.003921 0.004612 0.006091 0.008562 0.012353 0.017954 0.026049 0.037586 0.053839 0.076505 0.107812 0.150651 0.208723 0.286714 0.390483 0.527256 0.705837 0.936799 1.232660 1.608022 2.079644 2.666436 3.389339 4.271080 5.335759 6.608268 8.113520 9.875485 11.916056 14.253750 16.902303 19.869206 23.154262 26.748234 30.631702 34.774202 39.133760 43.656886 48.279109 52.926077 57.515235 61.958045 66.162687 70.037123 73.492399 76.446019 78.825205 80.569879 81.635187 81.993415 81.635187 80.569879 78.825205 76.446019 73.492399 70.037123 66.162687 61.958045 57.515235 52.926077 48.279109 43.656886 39.133760 34.774202 30.631702 26.748234 23.154262 19.869206 16.902303 14.253750 11.916056 9.875485 8.113520 6.608268 5.335759 4.271080 3.389339 2.666436 2.079644 1.608022 1.232661 0.936800 0.705838 0.527258 0.390486 0.286719 0.208731 0.150665 0.107836 0.076544 0.053901 0.037685 0.026207 0.018200 0.012738 0.009154 0.006998 0.005987 0.005987 
0.004305 0.004305 0.005064 0.006687 0.009399 0.013561 0.019707 0.028591 0.041251 0.059086 0.083956 0.118306 0.165304 0.229013 0.314570 0.428399 0.578425 0.774301 1.027618 1.352103 1.763762 2.280967 2.924447 3.717157 4.684006 5.851409 7.246644 8.897014 10.828784 13.065941 15.628769 18.532313 21.784770 25.385909 29.325594 33.582526 38.123306 42.901918 47.859730 52.926077 58.019468 63.049424 67.918915 72.527312 76.773752 80.560756 83.797917 86.405486 88.317627 89.485188 89.877799 89.485188 88.317627 86.405486 83.797917 80.560756 76.773752 72.527312 67.918915 63.049424 58.019468 52.926077 47.859730 42.901918 38.123306 33.582526 29.325594 25.385909 21.784770 18.532313 15.628769 13.065941 10.828784 8.897014 7.246644 5.851409 4.684006 3.717157 2.924447 2.280967 1.763762 1.352103 1.027619 0.774302 0.578427 0.428402 0.314576 0.229022 0.165320 0.118332 0.083998 0.059154 0.041360 0.028764 0.019978 0.013982 0.010050 0.007683 0.006573 0.006573 
0.004686 0.004686 0.005511 0.007277 0.010227 0.014754 0.021440 0.031105 0.044875 0.064272 0.091321 0.128678 0.179788 0.249067 0.342101 0.465871 0.628993 0.841957 1.117362 1.470126 1.917644 2.479881 3.179361 4.041028 5.091946 6.360815 7.877271 9.670972 11.770452 14.201763 16.986936 20.142303 23.676760 27.590041 31.871120 36.496843 41.430911 46.623317 52.010352 57.515235 63.049424 68.514620 73.805404 78.812455 83.426196 87.540730 91.057845 93.890904 95.968390 97.236909 97.663468 97.236909 95.968390 93.890904 91.057845 87.540730 83.426196 78.812455 73.805404 68.514620 63.049424 57.515235 52.010352 46.623317 41.430911 36.496843 31.871120 27.590041 23.676760 20.142303 16.986936 14.201763 11.770452 9.670972 7.877271 6.360815 5.091946 4.041028 3.179361 2.479881 1.917644 1.470126 1.117363 0.841958 0.628995 0.465875 0.342107 0.249078 0.179806 0.128706 0.091367 0.064347 0.044993 0.031292 0.021735 0.015213 0.010935 0.008360 0.007153 0.007153 
0.005054 0.005054 0.005944 0.007849 0.011030 0.015911 0.023120 0.033540 0.048386 0.069298 0.098458 0.138728 0.193822 0.268497 0.368772 0.502172 0.677978 0.907493 1.204291 1.584443 2.066688 2.672534 3.426244 4.354685 5.487009 6.854125 8.487953 10.420433 12.682290 15.301577 18.302012 21.701177 25.508639 29.724099 34.335670 39.318400 44.633182 50.226146 56.028668 61.958045 67.918915 73.805404 79.503979 84.896901 89.866165 94.297723 98.085809 101.137124 103.374650 104.740885 105.200303 104.740885 103.374650 101.137124 98.085809 94.297723 89.866165 84.896901 79.503979 73.805404 67.918915 61.958045 56.028668 50.226146 44.633182 39.318400 34.335670 29.724099 25.508639 21.701177 18.302012 15.301577 12.682290 10.420433 8.487953 6.854125 5.487009 4.354685 3.426244 2.672534 2.066688 1.584443 1.204292 0.907494 0.677980 0.502176 0.368779 0.268508 0.193840 0.138758 0.098507 0.069378 0.048514 0.033743 0.023438 0.016407 0.011794 0.009017 0.007715 0.007715 
