0.000000 0.000000 0.000000 0.000000 0.000000 0.000000 0.000000 0.000000 0.000000 0.000000 0.000000 0.000000 0.000000 0.000000 0.000000 0.000000 0.000000 0.000000 0.000000 0.000000 0.000000 0.000000 0.000000 0.000000 0.000000 0.000000 0.000000 0.000000 0.000000 0.000000 0.000000 0.000000 0.000000 0.000000 0.000000 0.000000 0.000000 0.000000 0.000000 0.000000 0.000000 0.000000 0.000000 0.000000 0.000000 0.000000 0.000000 0.000000 0.000000 0.000000 0.000000 0.000000 0.000000 0.000000 0.000000 0.000000 0.000000 0.000000 0.000000 0.000000 0.000000 0.000000 0.000000 0.000000 0.000000 0.000000 0.000000 0.000000 0.000000 0.000000 0.000000 0.000000 0.000000 0.000000 0.000000 0.000000 0.000000 0.000000 0.000000 0.000000 0.000000 0.000000 0.000000 0.000000 0.000000 0.000000 0.000000 0.000000 0.000000 0.000000 0.000000 0.000000 0.000000 0.000000 0.000000 0.000000 0.000000 0.000000 0.000000 0.000000 
0.000000 0.000000 0.000000 0.000000 0.000000 0.000000 0.000000 0.000000 0.000000 0.000000 0.000000 0.000000 0.000000 0.000000 0.000000 0.000000 0.000000 0.000000 0.000000 0.000000 0.000000 0.000000 0.000000 0.000000 0.000000 0.000000 0.000000 0.000000 0.000000 0.000000 0.000000 0.000000 0.000000 0.000000 0.000000 0.000000 0.000000 0.000000 0.000000 0.000000 0.000000 0.000000 0.000000 0.000000 0.000000 0.000000 0.000000 0.000000 0.000000 0.000000 0.000000 0.000000 0.000000 0.000000 0.000000 0.000000 0.000000 0.000000 0.000000 0.000000 0.000000 0.000000 0.000000 0.000000 0.000000 0.000000 0.000000 0.000000 0.000000 0.000000 0.000000 0.000000 0.000000 0.000000 0.000000 0.000000 0.000000 0.000000 0.000000 0.000000 0.000000 0.000000 0.000000 0.000000 0.000000 0.000000 0.000000 0.000000 0.000000 0.000000 0.000000 0.000000 0.000000 0.000000 0.000000 0.000000 0.000000 0.000000 0.000000 0.000000 
0.000000 0.000000 0.000000 0.000000 0.000000 0.000000 0.000000 0.000000 0.000000 0.000000 0.000000 0.000000 0.000000 0.000000 0.000000 0.000000 0.000000 0.000000 0.000000 0.000000 0.000000 0.000000 0.000000 0.000000 0.000000 0.000000 0.000000 0.000000 0.000000 0.000000 0.000000 0.000000 0.000000 0.000000 0.000000 0.000000 0.000000 0.000000 0.000000 0.000000 0.000000 0.000000 0.000000 0.000000 0.000000 0.000000 0.000000 0.000000 0.000000 0.000000 0.000000 0.000000 0.000000 0.000000 0.000000 0.000000 0.000000 0.000000 0.000000 0.000000 0.000000 0.000000 0.000000 0.000000 0.000000 0.000000 0.000000 0.000000 0.000000 0.000000 0.000000 0.000000 0.000000 0.000000 0.000000 0.000000 0.000000 0.000000 0.000000 0.000000 0.000000 0.000000 0.000000 0.000000 0.000000 0.000000 0.000000 0.000000 0.000000 0.000000 0.000000 0.000000 0.000000 0.000000 0.000000 0.000000 0.000000 0.000000 0.000000 0.000000 
0.000000 0.000000 0.000000 0.000000 0.000000 0.000000 0.000000 0.000000 0.000000 0.000000 0.000000 0.000000 0.000000 0.000000 0.000000 0.000000 0.000000 0.000000 0.000000 0.000000 0.000000 0.000000 0.000000 0.000000 0.000000 0.000000 0.000000 0.000000 0.000000 0.000000 0.000000 0.000000 0.000000 0.000000 0.000000 0.000000 0.000000 0.000000 0.000000 0.000000 0.000000 0.000000 0.000000 0.000000 0.000000 0.000000 0.000000 0.000000 0.000000 0.000000 0.000000 0.000000 0.000000 0.000000 0.000000 0.000000 0.000000 0.000000 0.000000 0.000000 0.000000 0.000000 0.000000 0.000000 0.000000 0.000000 0.000000 0.000000 0.000000 0.000000 0.000000 0.000000 0.000000 0.000000 0.000000 0.000000 0.000000 0.000000 0.000000 0.000000 0.000000 0.000000 0.000000 0.000000 0.000000 0.000000 0.000000 0.000000 0.000000 0.000000 0.000000 0.000000 0.000000 0.000000 0.000000 0.000000 0.000000 0.000000 0.000000 0.000000 
0.000000 0.000000 0.000000 0.000000 0.000000 0.000000 0.000000 0.000000 0.000000 0.000000 0.000000 0.000000 0.000000 0.000000 0.000000 0.000000 0.000000 0.000000 0.000000 0.000000 0.000000 0.000000 0.000000 0.000000 0.000000 0.000000 0.000000 0.000000 0.000000 0.000000 0.000000 0.000000 0.000000 0.000000 0.000000 0.000000 0.000000 0.000000 0.000000 0.000000 0.000000 0.000000 0.000000 0.000000 0.000000 0.000000 0.000000 0.000000 0.000000 0.000000 0.000000 0.000000 0.000000 0.000000 0.000000 0.000000 0.000000 0.000000 0.000000 0.000000 0.000000 0.000000 0.000000 0.000000 0.000000 0.000000 0.000000 0.000000 0.000000 0.000000 0.000000 0.000000 0.000000 0.000000 0.000000 0.000000 0.000000 0.000000 0.000000 0.000000 0.000000 0.000000 0.000000 0.000000 0.000000 0.000000 0.000000 0.000000 0.000000 0.000000 0.000000 0.000000 0.000000 0.000000 0.000000 0.000000 0.000000 0.000000 0.000000 0.000000 
0.000000 0.000000 0.000000 0.000000 0.000000 0.000000 0.000000 0.000000 0.000000 0.000000 0.000000 0.000000 0.000000 0.000000 0.000000 0.000000 0.000000 0.000000 0.000000 0.000000 0.000000 0.000000 0.000000 0.000000 0.000000 0.000000 0.000000 0.000000 0.000000 0.000000 0.000000 0.000000 0.000000 0.000000 0.000000 0.000000 0.000000 0.000000 0.000000 0.000000 0.000000 0.000000 0.000000 0.000000 0.000000 0.000000 0.000000 0.000000 0.000000 0.000000 0.000000 0.000000 0.000000 0.000000 0.000000 0.000000 0.000000 0.000000 0.000000 0.000000 0.000000 0.000000 0.000000 0.000000 0.000000 0.000000 0.000000 0.000000 0.000000 0.000000 0.000000 0.000000 0.000000 0.000000 0.000000 0.000000 0.000000 0.000000 0.000000 0.000000 0.000000 0.000000 0.000000 0.000000 0.000000 0.000000 0.000000 0.000000 0.000000 0.000000 0.000000 0.000000 0.000000 0.000000 0.000000 0.000000 0.000000 0.000000 0.000000 0.000000 
0.000000 0.000000 0.000000 0.000000 0.000000 0.000000 0.000000 0.000000 0.000000 0.000000 0.000000 0.000000 0.000000 0.000000 0.000000 0.000000 0.000000 0.000000 0.000000 0.000000 0.000000 0.000000 0.000000 0.000000 0.000000 0.000000 0.000000 0.000000 0.000000 0.000000 0.000000 0.000000 0.000000 0.000000 0.000000 0.000000 0.000000 0.000000 0.000000 0.000000 0.000000 0.000000 0.000000 0.000000 0.000000 0.000000 0.000000 0.000000 0.000000 0.000000 0.000000 0.000000 0.000000 0.000000 0.000000 0.000000 0.000000 0.000000 0.000000 0.000000 0.000000 0.000000 0.000000 0.000000 0.000000 0.000000 0.000000 0.000000 0.000000 0.000000 0.000000 0.000000 0.000000 0.000000 0.000000 0.000000 0.000000 0.000000 0.000000 0.000000 0.000000 0.000000 0.000000 0.000000 0.000000 0.000000 0.000000 0.000000 0.000000 0.000000 0.000000 0.000000 0.000000 0.000000 0.000000 0.000000 0.000000 0.000000 0.000000 0.000000 
0.000000 0.000000 0.000000 0.000000 0.000000 0.000000 0.000000 0.000000 0.000000 0.000000 0.000000 0.000000 0.000000 0.000000 0.000000 0.000000 0.000000 0.000000 0.000000 0.000000 0.000000 0.000000 0.000000 0.000000 0.000000 0.000000 0.000000 0.000000 0.000000 0.000000 0.000000 0.000000 0.000000 0.000000 0.000000 0.000000 0.000000 0.000000 0.000000 0.000000 0.000000 0.000000 0.000000 0.000000 0.000000 0.000000 0.000000 0.000000 0.000000 0.000000 0.000000 0.000000 0.000000 0.000000 0.000000 0.000000 0.000000 0.000000 0.000000 0.000000 0.000000 0.000000 0.000000 0.000000 0.000000 0.000000 0.000000 0.000000 0.000000 0.000000 0.000000 0.000000 0.000000 0.000000 0.000000 0.000000 0.000000 0.000000 0.000000 0.000000 0.000000 0.000000 0.000000 0.000000 0.000000 0.000000 0.000000 0.000000 0.000000 0.000000 0.000000 0.000000 0.000000 0.000000 0.000000 0.000000 0.000000 0.000000 0.000000 0.000000 
0.000000 0.000000 0.000000 0.000000 0.000000 0.000000 0.000000 0.000000 0.000000 0.000000 0.000000 0.000000 0.000000 0.000000 0.000000 0.000000 0.000000 0.000000 0.000000 0.000000 0.000000 0.000000 0.000000 0.000000 0.000000 0.000000 0.000000 0.000000 0.000000 0.000000 0.000000 0.000000 0.000000 0.000000 0.000000 0.000000 0.000000 0.000000 0.000000 0.000000 0.000000 0.000000 0.000000 0.000000 0.000000 0.000000 0.000000 0.000000 0.000000 0.000000 0.000000 0.000000 0.000000 0.000000 0.000000 0.000000 0.000000 0.000000 0.000000 0.000000 0.000000 0.000000 0.000000 0.000000 0.000000 0.000000 0.000000 0.000000 0.000000 0.000000 0.000000 0.000000 0.000000 0.000000 0.000000 0.000000 0.000000 0.000000 0.000000 0.000000 0.000000 0.000000 0.000000 0.000000 0.000000 0.000000 0.000000 0.000000 0.000000 0.000000 0.000000 0.000000 0.000000 0.000000 0.000000 0.000000 0.000000 0.000000 0.000000 0.000000 
0.000000 0.000000 0.000000 0.000000 0.000000 0.000000 0.000000 0.000000 0.000000 0.000000 0.000000 0.000000 0.000000 0.000000 0.000000 0.000000 0.000000 0.000000 0.000000 0.000000 0.000000 0.000000 0.000000 0.000000 0.000000 0.000000 0.000000 0.000000 0.000000 0.000000 0.000000 0.000000 0.000000 0.000000 0.000000 0.000000 0.000000 0.000000 0.000000 0.000000 0.000000 0.000000 0.000000 0.000000 0.000000 0.000000 0.000000 0.000000 0.000000 0.000000 0.000000 0.000000 0.000000 0.000000 0.000000 0.000000 0.000000 0.000000 0.000000 0.000000 0.000000 0.000000 0.000000 0.000000 0.000000 0.000000 0.000000 0.000000 0.000000 0.000000 0.000000 0.000000 0.000000 0.000000 0.000000 0.000000 0.000000 0.000000 0.000000 0.000000 0.000000 0.000000 0.000000 0.000000 0.000000 0.000000 0.000000 0.000000 0.000000 0.000000 0.000000 0.000000 0.000000 0.000000 0.000000 0.000000 0.000000 0.000000 0.000000 0.000000 
0.000000 0.000000 0.000000 0.000000 0.000000 0.000000 0.000000 0.000000 0.000000 0.000000 0.000000 0.000000 0.000000 0.000000 0.000000 0.000000 0.000000 0.000000 0.000000 0.000000 0.000000 0.000000 0.000000 0.000000 0.000000 0.000000 0.000000 0.000000 0.000000 0.000000 0.000000 0.000000 0.000000 0.000000 0.000000 0.000000 0.000000 0.000000 0.000000 0.000000 0.000000 0.000000 0.000000 0.000000 0.000000 0.000000 0.000000 0.000000 0.000000 0.000000 0.000000 0.000000 0.000000 0.000000 0.000000 0.000000 0.000000 0.000000 0.000000 0.000000 0.000000 0.000000 0.000000 0.000000 0.000000 0.000000 0.000000 0.000000 0.000000 0.000000 0.000000 0.000000 0.000000 0.000000 0.000000 0.000000 0.000000 0.000000 0.000000 0.000000 0.000000 0.000000 0.000000 0.000000 0.000000 0.000000 0.000000 0.000000 0.000000 0.000000 0.000000 0.000000 0.000000 0.000000 0.000000 0.000000 0.000000 0.000000 0.000000 0.000000 
0.000000 0.000000 0.000000 0.000000 0.000000 0.000000 0.000000 0.000000 0.000000 0.000000 0.000000 0.000000 0.000000 0.000000 0.000000 0.000000 0.000000 0.000000 0.000000 0.000000 0.000000 0.000000 0.000000 0.000000 0.000000 0.000000 0.000000 0.000000 0.000000 0.000000 0.000000 0.000000 0.000000 0.000000 0.000000 0.000000 0.000000 0.000000 0.000000 0.000000 0.000000 0.000000 0.000000 0.000000 0.000000 0.000000 0.000000 0.000000 0.000000 0.000000 0.000000 0.000000 0.000000 0.000000 0.000000 0.000000 0.000000 0.000000 0.000000 0.000000 0.000000 0.000000 0.000000 0.000000 0.000000 0.000000 0.000000 0.000000 0.000000 0.000000 0.000000 0.000000 0.000000 0.000000 0.000000 0.000000 0.000000 0.000000 0.000000 0.000000 0.000000 0.000000 0.000000 0.000000 0.000000 0.000000 0.000000 0.000000 0.000000 0.000000 0.000000 0.000000 0.000000 0.000000 0.000000 0.000000 0.000000 0.000000 0.000000 0.000000 
0.000000 0.000000 0.000000 0.000000 0.000000 0.000000 0.000000 0.000000 0.000000 0.000000 0.000000 0.000000 0.000000 0.000000 0.000000 0.000000 0.000000 0.000000 0.000000 0.000000 0.000000 0.000000 0.000000 0.000000 0.000000 0.000000 0.000000 0.000000 0.000000 0.000000 0.000000 0.000000 0.000000 0.000000 0.000000 0.000000 0.000000 0.000000 0.000000 0.000000 0.000000 0.000000 0.000000 0.000000 0.000000 0.000000 0.000000 0.000000 0.000001 0.000001 0.000001 0.000001 0.000001 0.000000 0.000000 0.000000 0.000000 0.000000 0.000000 0.000000 0.000000 0.000000 0.000000 0.000000 0.000000 0.000000 0.000000 0.000000 0.000000 0.000000 0.000000 0.000000 0.000000 0.000000 0.000000 0.000000 0.000000 0.000000 0.000000 0.000000 0.000000 0.000000 0.000000 0.000000 0.000000 0.000000 0.000000 0.000000 0.000000 0.000000 0.000000 0.000000 0.000000 0.000000 0.000000 0.000000 0.000000 0.000000 0.000000 0.000000 
0.000000 0.000000 0.000000 0.000000 0.000000 0.000000 0.000000 0.000000 0.000000 0.000000 0.000000 0.000000 0.000000 0.000000 0.000000 0.000000 0.000000 0.000000 0.000000 0.000000 0.000000 0.000000 0.000000 0.000000 0.000000 0.000000 0.000000 0.000000 0.000000 0.000000 0.000000 0.000000 0.000000 0.000000 0.000000 0.000000 0.000000 0.000000 0.000000 0.000000 0.000000 0.000000 0.000001 0.000001 0.000001 0.000001 0.000001 0.000001 0.000001 0.000002 0.000002 0.000002 0.000001 0.000001 0.000001 0.000001 0.000001 0.000001 0.000001 0.000000 0.000000 0.000000 0.000000 0.000000 0.000000 0.000000 0.000000 0.000000 0.000000 0.000000 0.000000 0.000000 0.000000 0.000000 0.000000 0.000000 0.000000 0.000000 0.000000 0.000000 0.000000 0.000000 0.000000 0.000000 0.000000 0.000000 0.000000 0.000000 0.000000 0.000000 0.000000 0.000000 0.000000 0.000000 0.000000 0.000000 0.000000 0.000000 0.000000 0.000000 
0.000000 0.000000 0.000000 0.000000 0.000000 0.000000 0.000000 0.000000 0.000000 0.000000 0.000000 0.000000 0.000000 0.000000 0.000000 0.000000 0.000000 0.000000 0.000000 0.000000 0.000000 0.000000 0.000000 0.000000 0.000000 0.000000 0.000000 0.000000 0.000000 0.000000 0.000000 0.000000 0.000000 0.000000 0.000000 0.000000 0.000000 0.000000 0.000000 0.000001 0.000001 0.000001 0.000002 0.000002 0.000002 0.000003 0.000003 0.000004 0.000004 0.000004 0.000004 0.000004 0.000004 0.000004 0.000003 0.000003 0.000002 0.000002 0.000002 0.000001 0.000001 0.000001 0.000000 0.000000 0.000000 0.000000 0.000000 0.000000 0.000000 0.000000 0.000000 0.000000 0.000000 0.000000 0.000000 0.000000 0.000000 0.000000 0.000000 0.000000 0.000000 0.000000 0.000000 0.000000 0.000000 0.000000 0.000000 0.000000 0.000000 0.000000 0.000000 0.000000 0.000000 0.000000 0.000000 0.000000 0.000000 0.000000 0.000000 0.000000 
0.000000 0.000000 0.000000 0.000000 0.000000 0.000000 0.000000 0.000000 0.000000 0.000000 0.000000 0.000000 0.000000 0.000000 0.000000 0.000000 0.000000 0.000000 0.000000 0.000000 0.000000 0.000000 0.000000 0.000000 0.000000 0.000000 0.000000 0.000000 0.000000 0.000000 0.000000 0.000000 0.000000 0.000000 0.000000 0.000000 0.000000 0.000001 0.000001 0.000002 0.000002 0.000003 0.000004 0.000005 0.000006 0.000008 0.000009 0.000010 0.000011 0.000011 0.000012 0.000011 0.000011 0.000010 0.000009 0.000008 0.000006 0.000005 0.000004 0.000003 0.000002 0.000002 0.000001 0.000001 0.000000 0.000000 0.000000 0.000000 0.000000 0.000000 0.000000 0.000000 0.000000 0.000000 0.000000 0.000000 0.000000 0.000000 0.000000 0.000000 0.000000 0.000000 0.000000 0.000000 0.000000 0.000000 0.000000 0.000000 0.000000 0.000000 0.000000 0.000000 0.000000 0.000000 0.000000 0.000000 0.000000 0.000000 0.000000 0.000000 
0.000000 0.000000 0.000000 0.000000 0.000000 0.000000 0.000000 0.000000 0.000000 0.000000 0.000000 0.000000 0.000000 0.000000 0.000000 0.000000 0.000000 0.000000 0.000000 0.000000 0.000000 0.000000 0.000000 0.000000 0.000000 0.000000 0.000000 0.000000 0.000000 0.000000 0.000000 0.000000 0.000000 0.000000 0.000000 0.000001 0.000001 0.000002 0.000003 0.000004 0.000006 0.000008 0.000011 0.000014 0.000017 0.000020 0.000023 0.000026 0.000029 0.000030 0.000030 0.000030 0.000029 0.000026 0.000023 0.000020 0.000017 0.000014 0.000011 0.000008 0.000006 0.000004 0.000003 0.000002 0.000001 0.000001 0.000000 0.000000 0.000000 0.000000 0.000000 0.000000 0.000000 0.000000 0.000000 0.000000 0.000000 0.000000 0.000000 0.000000 0.000000 0.000000 0.000000 0.000000 0.000000 0.000000 0.000000 0.000000 0.000000 0.000000 0.000000 0.000000 0.000000 0.000000 0.000000 0.000000 0.000000 0.000000 0.000000 0.000000 
0.000000 0.000000 0.000000 0.000000 0.000000 0.000000 0.000000 0.000000 0.000000 0.000000 0.000000 0.000000 0.000000 0.000000 0.000000 0.000000 0.000000 0.000000 0.000000 0.000000 0.000000 0.000000 0.000000 0.000000 0.000000 0.000000 0.000000 0.000000 0.000000 0.000000 0.000000 0.000000 0.000000 0.000001 0.000001 0.000002 0.000003 0.000005 0.000008 0.000011 0.000016 0.000021 0.000028 0.000035 0.000043 0.000052 0.000060 0.000067 0.000073 0.000076 0.000078 0.000076 0.000073 0.000067 0.000060 0.000052 0.000043 0.000035 0.000028 0.000021 0.000016 0.000011 0.000008 0.000005 0.000003 0.000002 0.000001 0.000001 0.000000 0.000000 0.000000 0.000000 0.000000 0.000000 0.000000 0.000000 0.000000 0.000000 0.000000 0.000000 0.000000 0.000000 0.000000 0.000000 0.000000 0.000000 0.000000 0.000000 0.000000 0.000000 0.000000 0.000000 0.000000 0.000000 0.000000 0.000000 0.000000 0.000000 0.000000 0.000000 
0.000000 0.000000 0.000000 0.000000 0.000000 0.000000 0.000000 0.000000 0.000000 0.000000 0.000000 0.000000 0.000000 0.000000 0.000000 0.000000 0.000000 0.000000 0.000000 0.000000 0.000000 0.000000 0.000000 0.000000 0.000000 0.000000 0.000000 0.000000 0.000000 0.000000 0.000000 0.000001 0.000001 0.000002 0.000003 0.000005 0.000008 0.000013 0.000019 0.000028 0.000039 0.000053 0.000069 0.000088 0.000108 0.000129 0.000149 0.000167 0.000181 0.000190 0.000193 0.000190 0.000181 0.000167 0.000149 0.000129 0.000108 0.000088 0.000069 0.000053 0.000039 0.000028 0.000019 0.000013 0.000008 0.000005 0.000003 0.000002 0.000001 0.000001 0.000000 0.000000 0.000000 0.000000 0.000000 0.000000 0.000000 0.000000 0.000000 0.000000 0.000000 0.000000 0.000000 0.000000 0.000000 0.000000 0.000000 0.000000 0.000000 0.000000 0.000000 0.000000 0.000000 0.000000 0.000000 0.000000 0.000000 0.000000 0.000000 0.000000 
0.000000 0.000000 0.000000 0.000000 0.000000 0.000000 0.000000 0.000000 0.000000 0.000000 0.000000 0.000000 0.000000 0.000000 0.000000 0.000000 0.000000 0.000000 0.000000 0.000000 0.000000 0.000000 0.000000 0.000000 0.000000 0.000000 0.000000 0.000000 0.000000 0.000000 0.000001 0.000002 0.000003 0.000005 0.000008 0.000013 0.000021 0.000032 0.000047 0.000068 0.000095 0.000129 0.000169 0.000214 0.000263 0.000314 0.000362 0.000405 0.000438 0.000460 0.000467 0.000460 0.000438 0.000405 0.000362 0.000314 0.000263 0.000214 0.000169 0.000129 0.000095 0.000068 0.000047 0.000032 0.000021 0.000013 0.000008 0.000005 0.000003 0.000002 0.000001 0.000000 0.000000 0.000000 0.000000 0.000000 0.000000 0.000000 0.000000 0.000000 0.000000 0.000000 0.000000 0.000000 0.000000 0.000000 0.000000 0.000000 0.000000 0.000000 0.000000 0.000000 0.000000 0.000000 0.000000 0.000000 0.000000 0.000000 0.000000 0.000000 
0.000000 0.000000 0.000000 0.000000 0.000000 0.000000 0.000000 0.000000 0.000000 0.000000 0.000000 0.000000 0.000000 0.000000 0.000000 0.000000 0.000000 0.000000 0.000000 0.000000 0.000000 0.000000 0.000000 0.000000 0.000000 0.000000 0.000000 0.000000 0.000001 0.000001 0.000002 0.000004 0.000007 0.000012 0.000020 0.000032 0.000050 0.000076 0.000113 0.000163 0.000226 0.000306 0.000400 0.000507 0.000623 0.000742 0.000855 0.000956 0.001035 0.001085 0.001103 0.001085 0.001035 0.000956 0.000855 0.000742 0.000623 0.000507 0.000400 0.000306 0.000226 0.000163 0.000113 0.000076 0.000050 0.000032 0.000020 0.000012 0.000007 0.000004 0.000002 0.000001 0.000001 0.000000 0.000000 0.000000 0.000000 0.000000 0.000000 0.000000 0.000000 0.000000 0.000000 0.000000 0.000000 0.000000 0.000000 0.000000 0.000000 0.000000 0.000000 0.000000 0.000000 0.000000 0.000000 0.000000 0.000000 0.000000 0.000000 0.000000 
0.000000 0.000000 0.000000 0.000000 0.000000 0.000000 0.000000 0.000000 0.000000 0.000000 0.000000 0.000000 0.000000 0.000000 0.000000 0.000000 0.000000 0.000000 0.000000 0.000000 0.000000 0.000000 0.000000 0.000000 0.000000 0.000000 0.000000 0.000001 0.000001 0.000003 0.000005 0.000009 0.000016 0.000027 0.000046 0.000074 0.000117 0.000178 0.000263 0.000377 0.000524 0.000707 0.000924 0.001170 0.001436 0.001708 0.001969 0.002199 0.002380 0.002496 0.002536 0.002496 0.002380 0.002199 0.001969 0.001708 0.001436 0.001170 0.000924 0.000707 0.000524 0.000377 0.000263 0.000178 0.000117 0.000074 0.000046 0.000027 0.000016 0.000009 0.000005 0.000003 0.000001 0.000001 0.000000 0.000000 0.000000 0.000000 0.000000 0.000000 0.000000 0.000000 0.000000 0.000000 0.000000 0.000000 0.000000 0.000000 0.000000 0.000000 0.000000 0.000000 0.000000 0.000000 0.000000 0.000000 0.000000 0.000000 0.000000 0.000000 
0.000000 0.000000 0.000000 0.000000 0.000000 0.000000 0.000000 0.000000 0.000000 0.000000 0.000000 0.000000 0.000000 0.000000 0.000000 0.000000 0.000000 0.000000 0.000000 0.000000 0.000000 0.000000 0.000000 0.000000 0.000000 0.000000 0.000001 0.000002 0.000003 0.000006 0.000011 0.000021 0.000036 0.000063 0.000104 0.000169 0.000265 0.000403 0.000595 0.000852 0.001183 0.001592 0.002078 0.002630 0.003225 0.003833 0.004416 0.004930 0.005333 0.005591 0.005680 0.005591 0.005333 0.004930 0.004416 0.003833 0.003225 0.002630 0.002078 0.001592 0.001183 0.000852 0.000595 0.000403 0.000265 0.000169 0.000104 0.000063 0.000036 0.000021 0.000011 0.000006 0.000003 0.000002 0.000001 0.000000 0.000000 0.000000 0.000000 0.000000 0.000000 0.000000 0.000000 0.000000 0.000000 0.000000 0.000000 0.000000 0.000000 0.000000 0.000000 0.000000 0.000000 0.000000 0.000000 0.000000 0.000000 0.000000 0.000000 0.000000 
0.000000 0.000000 0.000000 0.000000 0.000000 0.000000 0.000000 0.000000 0.000000 0.000000 0.000000 0.000000 0.000000 0.000000 0.000000 0.000000 0.000000 0.000000 0.000000 0.000000 0.000000 0.000000 0.000000 0.000000 0.000000 0.000001 0.000002 0.000004 0.000007 0.000014 0.000025 0.000046 0.000081 0.000139 0.000231 0.000374 0.000585 0.000889 0.001311 0.001874 0.002598 0.003493 0.004554 0.005756 0.007053 0.008377 0.009644 0.010761 0.011638 0.012198 0.012391 0.012198 0.011638 0.010761 0.009644 0.008377 0.007053 0.005756 0.004554 0.003493 0.002598 0.001874 0.001311 0.000889 0.000585 0.000374 0.000231 0.000139 0.000081 0.000046 0.000025 0.000014 0.000007 0.000004 0.000002 0.000001 0.000000 0.000000 0.000000 0.000000 0.000000 0.000000 0.000000 0.000000 0.000000 0.000000 0.000000 0.000000 0.000000 0.000000 0.000000 0.000000 0.000000 0.000000 0.000000 0.000000 0.000000 0.000000 0.000000 0.000000 
0.000000 0.000000 0.000000 0.000000 0.000000 0.000000 0.000000 0.000000 0.000000 0.000000 0.000000 0.000000 0.000000 0.000000 0.000000 0.000000 0.000000 0.000000 0.000000 0.000000 0.000000 0.000000 0.000000 0.000000 0.000001 0.000002 0.000004 0.000008 0.000015 0.000030 0.000055 0.000100 0.000176 0.000301 0.000500 0.000805 0.001259 0.001910 0.002810 0.004012 0.005556 0.007461 0.009716 0.012268 0.015019 0.017826 0.020510 0.022875 0.024731 0.025916 0.026324 0.025916 0.024731 0.022875 0.020510 0.017826 0.015019 0.012268 0.009716 0.007461 0.005556 0.004012 0.002810 0.001910 0.001259 0.000805 0.000500 0.000301 0.000176 0.000100 0.000055 0.000030 0.000015 0.000008 0.000004 0.000002 0.000001 0.000000 0.000000 0.000000 0.000000 0.000000 0.000000 0.000000 0.000000 0.000000 0.000000 0.000000 0.000000 0.000000 0.000000 0.000000 0.000000 0.000000 0.000000 0.000000 0.000000 0.000000 0.000000 0.000000 
0.000000 0.000000 0.000000 0.000000 0.000000 0.000000 0.000000 0.000000 0.000000 0.000000 0.000000 0.000000 0.000000 0.000000 0.000000 0.000000 0.000000 0.000000 0.000000 0.000000 0.000000 0.000000 0.000000 0.000001 0.000002 0.000004 0.000008 0.000017 0.000033 0.000063 0.000117 0.000212 0.000372 0.000634 0.001051 0.001689 0.002636 0.003992 0.005866 0.008362 0.011564 0.015511 0.020178 0.025454 0.031137 0.036930 0.042466 0.047343 0.051167 0.053609 0.054449 0.053609 0.051167 0.047343 0.042466 0.036930 0.031137 0.025454 0.020178 0.015511 0.011564 0.008362 0.005866 0.003992 0.002636 0.001689 0.001051 0.000634 0.000372 0.000212 0.000117 0.000063 0.000033 0.000017 0.000008 0.000004 0.000002 0.000001 0.000000 0.000000 0.000000 0.000000 0.000000 0.000000 0.000000 0.000000 0.000000 0.000000 0.000000 0.000000 0.000000 0.000000 0.000000 0.000000 0.000000 0.000000 0.000000 0.000000 0.000000 0.000000 
0.000000 0.000000 0.000000 0.000000 0.000000 0.000000 0.000000 0.000000 0.000000 0.000000 0.000000 0.000000 0.000000 0.000000 0.000000 0.000000 0.000000 0.000000 0.000000 0.000000 0.000000 0.000000 0.000001 0.000002 0.000004 0.000008 0.000017 0.000034 0.000068 0.000130 0.000241 0.000435 0.000763 0.001299 0.002148 0.003448 0.005371 0.008121 0.011915 0.016962 0.023427 0.031387 0.040788 0.051407 0.062834 0.074475 0.085594 0.095383 0.103056 0.107954 0.109638 0.107954 0.103056 0.095383 0.085594 0.074475 0.062834 0.051407 0.040788 0.031387 0.023427 0.016962 0.011915 0.008121 0.005371 0.003448 0.002148 0.001299 0.000763 0.000435 0.000241 0.000130 0.000068 0.000034 0.000017 0.000008 0.000004 0.000002 0.000001 0.000000 0.000000 0.000000 0.000000 0.000000 0.000000 0.000000 0.000000 0.000000 0.000000 0.000000 0.000000 0.000000 0.000000 0.000000 0.000000 0.000000 0.000000 0.000000 0.000000 0.000000 
0.000000 0.000000 0.000000 0.000000 0.000000 0.000000 0.000000 0.000000 0.000000 0.000000 0.000000 0.000000 0.000000 0.000000 0.000000 0.000000 0.000000 0.000000 0.000000 0.000000 0.000000 0.000001 0.000002 0.000004 0.000008 0.000017 0.000034 0.000070 0.000137 0.000261 0.000484 0.000871 0.001524 0.002590 0.004273 0.006846 0.010647 0.016073 0.023549 0.033479 0.046183 0.061806 0.080239 0.101042 0.123408 0.146177 0.167912 0.187038 0.202025 0.211591 0.214879 0.211591 0.202025 0.187038 0.167912 0.146177 0.123408 0.101042 0.080239 0.061806 0.046183 0.033479 0.023549 0.016073 0.010647 0.006846 0.004273 0.002590 0.001524 0.000871 0.000484 0.000261 0.000137 0.000070 0.000034 0.000017 0.000008 0.000004 0.000002 0.000001 0.000000 0.000000 0.000000 0.000000 0.000000 0.000000 0.000000 0.000000 0.000000 0.000000 0.000000 0.000000 0.000000 0.000000 0.000000 0.000000 0.000000 0.000000 0.000000 0.000000 
0.000000 0.000000 0.000000 0.000000 0.000000 0.000000 0.000000 0.000000 0.000000 0.000000 0.000000 0.000000 0.000000 0.000000 0.000000 0.000000 0.000000 0.000000 0.000000 0.000000 0.000001 0.000001 0.000003 0.000007 0.000015 0.000033 0.000068 0.000137 0.000268 0.000510 0.000943 0.001695 0.002959 0.005019 0.008267 0.013222 0.020530 0.030947 0.045277 0.064288 0.088579 0.118419 0.153590 0.193247 0.235852 0.279195 0.320547 0.356919 0.385411 0.403591 0.409840 0.403591 0.385411 0.356919 0.320547 0.279195 0.235852 0.193247 0.153590 0.118419 0.088579 0.064288 0.045277 0.030947 0.020530 0.013222 0.008267 0.005019 0.002959 0.001695 0.000943 0.000510 0.000268 0.000137 0.000068 0.000033 0.000015 0.000007 0.000003 0.000001 0.000001 0.000000 0.000000 0.000000 0.000000 0.000000 0.000000 0.000000 0.000000 0.000000 0.000000 0.000000 0.000000 0.000000 0.000000 0.000000 0.000000 0.000000 0.000000 0.000000 
0.000000 0.000000 0.000000 0.000000 0.000000 0.000000 0.000000 0.000000 0.000000 0.000000 0.000000 0.000000 0.000000 0.000000 0.000000 0.000000 0.000000 0.000000 0.000000 0.000000 0.000001 0.000003 0.000006 0.000014 0.000030 0.000063 0.000130 0.000261 0.000510 0.000968 0.001787 0.003206 0.005587 0.009458 0.015552 0.024833 0.038501 0.057952 0.084675 0.120083 0.165270 0.220722 0.286017 0.359580 0.438549 0.518836 0.595394 0.662703 0.715412 0.749037 0.760594 0.749037 0.715412 0.662703 0.595394 0.518836 0.438549 0.359580 0.286017 0.220722 0.165270 0.120083 0.084675 0.057952 0.038501 0.024833 0.015552 0.009458 0.005587 0.003206 0.001787 0.000968 0.000510 0.000261 0.000130 0.000063 0.000030 0.000014 0.000006 0.000003 0.000001 0.000000 0.000000 0.000000 0.000000 0.000000 0.000000 0.000000 0.000000 0.000000 0.000000 0.000000 0.000000 0.000000 0.000000 0.000000 0.000000 0.000000 0.000000 0.000000 
0.000000 0.000000 0.000000 0.000000 0.000000 0.000000 0.000000 0.000000 0.000000 0.000000 0.000000 0.000000 0.000000 0.000000 0.000000 0.000000 0.000000 0.000000 0.000000 0.000001 0.000002 0.000005 0.000011 0.000025 0.000055 0.000117 0.000241 0.000484 0.000943 0.001787 0.003292 0.005894 0.010254 0.017328 0.028446 0.045350 0.070209 0.105536 0.154006 0.218151 0.299920 0.400163 0.518092 0.650843 0.793250 0.937944 1.075847 1.197040 1.291915 1.352428 1.373225 1.352428 1.291915 1.197040 1.075847 0.937944 0.793250 0.650843 0.518092 0.400163 0.299920 0.218151 0.154006 0.105536 0.070209 0.045350 0.028446 0.017328 0.010254 0.005894 0.003292 0.001787 0.000943 0.000484 0.000241 0.000117 0.000055 0.000025 0.000011 0.000005 0.000002 0.000001 0.000000 0.000000 0.000000 0.000000 0.000000 0.000000 0.000000 0.000000 0.000000 0.000000 0.000000 0.000000 0.000000 0.000000 0.000000 0.000000 0.000000 0.000000 
0.000000 0.000000 0.000000 0.000000 0.000000 0.000000 0.000000 0.000000 0.000000 0.000000 0.000000 0.000000 0.000000 0.000000 0.000000 0.000000 0.000000 0.000000 0.000001 0.000002 0.000004 0.000009 0.000021 0.000046 0.000100 0.000212 0.000435 0.000871 0.001695 0.003206 0.005894 0.010533 0.018291 0.030860 0.050579 0.080518 0.124480 0.186870 0.272367 0.385381 0.529293 0.705547 0.912718 1.145747 1.395554 1.649225 1.890872 2.103154 2.269290 2.375233 2.411640 2.375233 2.269290 2.103154 1.890872 1.649225 1.395554 1.145747 0.912718 0.705547 0.529293 0.385381 0.272367 0.186870 0.124480 0.080518 0.050579 0.030860 0.018291 0.010533 0.005894 0.003206 0.001695 0.000871 0.000435 0.000212 0.000100 0.000046 0.000021 0.000009 0.000004 0.000002 0.000001 0.000000 0.000000 0.000000 0.000000 0.000000 0.000000 0.000000 0.000000 0.000000 0.000000 0.000000 0.000000 0.000000 0.000000 0.000000 0.000000 0.000000 
0.000000 0.000000 0.000000 0.000000 0.000000 0.000000 0.000000 0.000000 0.000000 0.000000 0.000000 0.000000 0.000000 0.000000 0.000000 0.000000 0.000000 0.000000 0.000001 0.000003 0.000007 0.000016 0.000036 0.000081 0.000176 0.000372 0.000763 0.001524 0.002959 0.005587 0.010254 0.018291 0.031710 0.053415 0.087413 0.138958 0.214545 0.321679 0.468315 0.661932 0.908236 1.209615 1.563565 1.961398 2.387600 2.820153 3.232011 3.593686 3.876660 4.057076 4.119069 4.057076 3.876660 3.593686 3.232011 2.820153 2.387600 1.961398 1.563565 1.209615 0.908236 0.661932 0.468315 0.321679 0.214545 0.138958 0.087413 0.053415 0.031710 0.018291 0.010254 0.005587 0.002959 0.001524 0.000763 0.000372 0.000176 0.000081 0.000036 0.000016 0.000007 0.000003 0.000001 0.000000 0.000000 0.000000 0.000000 0.000000 0.000000 0.000000 0.000000 0.000000 0.000000 0.000000 0.000000 0.000000 0.000000 0.000000 0.000000 0.000000 
0.000000 0.000000 0.000000 0.000000 0.000000 0.000000 0.000000 0.000000 0.000000 0.000000 0.000000 0.000000 0.000000 0.000000 0.000000 0.000000 0.000000 0.000001 0.000002 0.000005 0.000012 0.000027 0.000063 0.000139 0.000301 0.000634 0.001299 0.002590 0.005019 0.009458 0.017328 0.030860 0.053415 0.089841 0.146816 0.233076 0.359406 0.538244 0.782748 1.105252 1.515123 2.016205 2.604228 3.264693 3.971819 4.689105 5.371772 5.971048 6.439796 6.738603 6.841268 6.738603 6.439796 5.971048 5.371772 4.689105 3.971819 3.264693 2.604228 2.016205 1.515123 1.105252 0.782748 0.538244 0.359406 0.233076 0.146816 0.089841 0.053415 0.030860 0.017328 0.009458 0.005019 0.002590 0.001299 0.000634 0.000301 0.000139 0.000063 0.000027 0.000012 0.000005 0.000002 0.000001 0.000000 0.000000 0.000000 0.000000 0.000000 0.000000 0.000000 0.000000 0.000000 0.000000 0.000000 0.000000 0.000000 0.000000 0.000000 0.000000 
0.000000 0.000000 0.000000 0.000000 0.000000 0.000000 0.000000 0.000000 0.000000 0.000000 0.000000 0.000000 0.000000 0.000000 0.000000 0.000000 0.000000 0.000001 0.000003 0.000008 0.000020 0.000046 0.000104 0.000231 0.000500 0.001051 0.002148 0.004273 0.008267 0.015552 0.028446 0.050579 0.087413 0.146816 0.239601 0.379894 0.585106 0.875279 1.271577 1.793784 2.456855 3.266815 4.216602 5.282690 6.423434 7.579990 8.680268 9.645822 10.400878 10.882116 11.047447 10.882116 10.400878 9.645822 8.680268 7.579990 6.423434 5.282690 4.216602 3.266815 2.456855 1.793784 1.271577 0.875279 0.585106 0.379894 0.239601 0.146816 0.087413 0.050579 0.028446 0.015552 0.008267 0.004273 0.002148 0.001051 0.000500 0.000231 0.000104 0.000046 0.000020 0.000008 0.000003 0.000001 0.000000 0.000000 0.000000 0.000000 0.000000 0.000000 0.000000 0.000000 0.000000 0.000000 0.000000 0.000000 0.000000 0.000000 0.000000 0.000000 
0.000000 0.000000 0.000000 0.000000 0.000000 0.000000 0.000000 0.000000 0.000000 0.000000 0.000000 0.000000 0.000000 0.000000 0.000000 0.000000 0.000001 0.000002 0.000005 0.000013 0.000032 0.000074 0.000169 0.000374 0.000805 0.001689 0.003448 0.006846 0.013222 0.024833 0.045350 0.080518 0.138958 0.233076 0.379894 0.601615 0.925561 1.383131 2.007421 2.829293 3.871972 5.144644 6.635978 8.308880 10.097954 11.910974 13.635097 15.147633 16.330149 17.083710 17.342580 17.083710 16.330149 15.147633 13.635097 11.910974 10.097954 8.308880 6.635978 5.144644 3.871972 2.829293 2.007421 1.383131 0.925561 0.601615 0.379894 0.233076 0.138958 0.080518 0.045350 0.024833 0.013222 0.006846 0.003448 0.001689 0.000805 0.000374 0.000169 0.000074 0.000032 0.000013 0.000005 0.000002 0.000001 0.000000 0.000000 0.000000 0.000000 0.000000 0.000000 0.000000 0.000000 0.000000 0.000000 0.000000 0.000000 0.000000 0.000000 0.000000 
0.000000 0.000000 0.000000 0.000000 0.000000 0.000000 0.000000 0.000000 0.000000 0.000000 0.000000 0.000000 0.000000 0.000000 0.000000 0.000000 0.000001 0.000003 0.000008 0.000021 0.000050 0.000117 0.000265 0.000585 0.001259 0.002636 0.005371 0.010647 0.020530 0.038501 0.070209 0.124480 0.214545 0.359406 0.585106 0.925561 1.422445 2.123580 3.079280 4.336353 5.929882 7.873492 10.149544 12.701208 15.428669 18.191420 20.817742 23.121080 24.921454 26.068579 26.462619 26.068579 24.921454 23.121080 20.817742 18.191420 15.428669 12.701208 10.149544 7.873492 5.929882 4.336353 3.079280 2.123580 1.422445 0.925561 0.585106 0.359406 0.214545 0.124480 0.070209 0.038501 0.020530 0.010647 0.005371 0.002636 0.001259 0.000585 0.000265 0.000117 0.000050 0.000021 0.000008 0.000003 0.000001 0.000000 0.000000 0.000000 0.000000 0.000000 0.000000 0.000000 0.000000 0.000000 0.000000 0.000000 0.000000 0.000000 0.000000 0.000000 
0.000000 0.000000 0.000000 0.000000 0.000000 0.000000 0.000000 0.000000 0.000000 0.000000 0.000000 0.000000 0.000000 0.000000 0.000000 0.000001 0.000002 0.000005 0.000013 0.000032 0.000076 0.000178 0.000403 0.000889 0.001910 0.003992 0.008121 0.016073 0.030947 0.057952 0.105536 0.186870 0.321679 0.538244 0.875279 1.383131 2.123580 3.167415 4.588990 6.457332 8.823966 11.708564 15.084481 18.867129 22.908448 27.000377 30.888906 34.298291 36.962642 38.660026 39.243041 38.660026 36.962642 34.298291 30.888906 27.000377 22.908448 18.867129 15.084481 11.708564 8.823966 6.457332 4.588990 3.167415 2.123580 1.383131 0.875279 0.538244 0.321679 0.186870 0.105536 0.057952 0.030947 0.016073 0.008121 0.003992 0.001910 0.000889 0.000403 0.000178 0.000076 0.000032 0.000013 0.000005 0.000002 0.000001 0.000000 0.000000 0.000000 0.000000 0.000000 0.000000 0.000000 0.000000 0.000000 0.000000 0.000000 0.000000 0.000000 0.000000 
0.000000 0.000000 0.000000 0.000000 0.000000 0.000000 0.000000 0.000000 0.000000 0.000000 0.000000 0.000000 0.000000 0.000000 0.000000 0.000001 0.000003 0.000008 0.000019 0.000047 0.000113 0.000263 0.000595 0.001311 0.002810 0.005866 0.011915 0.023549 0.045277 0.084675 0.154006 0.272367 0.468315 0.782748 1.271577 2.007421 3.079280 4.588990 6.643357 9.341325 12.756483 16.916458 21.782213 27.231433 33.050707 38.940610 44.535961 49.440605 53.272733 55.713763 56.552151 55.713763 53.272733 49.440605 44.535961 38.940610 33.050707 27.231433 21.782213 16.916458 12.756483 9.341325 6.643357 4.588990 3.079280 2.007421 1.271577 0.782748 0.468315 0.272367 0.154006 0.084675 0.045277 0.023549 0.011915 0.005866 0.002810 0.001311 0.000595 0.000263 0.000113 0.000047 0.000019 0.000008 0.000003 0.000001 0.000000 0.000000 0.000000 0.000000 0.000000 0.000000 0.000000 0.000000 0.000000 0.000000 0.000000 0.000000 0.000000 0.000000 
0.000000 0.000000 0.000000 0.000000 0.000000 0.000000 0.000000 0.000000 0.000000 0.000000 0.000000 0.000000 0.000000 0.000000 0.000001 0.000002 0.000004 0.000011 0.000028 0.000068 0.000163 0.000377 0.000852 0.001874 0.004012 0.008362 0.016962 0.033479 0.064288 0.120083 0.218151 0.385381 0.661932 1.105252 1.793784 2.829293 4.336353 6.457332 9.341325 13.126197 17.914126 23.742871 30.556944 38.184546 46.326802 54.564987 62.388890 69.245378 74.601590 78.013046 79.184665 78.013046 74.601590 69.245378 62.388890 54.564987 46.326802 38.184546 30.556944 23.742871 17.914126 13.126197 9.341325 6.457332 4.336353 2.829293 1.793784 1.105252 0.661932 0.385381 0.218151 0.120083 0.064288 0.033479 0.016962 0.008362 0.004012 0.001874 0.000852 0.000377 0.000163 0.000068 0.000028 0.000011 0.000004 0.000002 0.000001 0.000000 0.000000 0.000000 0.000000 0.000000 0.000000 0.000000 0.000000 0.000000 0.000000 0.000000 0.000000 0.000000 
0.000000 0.000000 0.000000 0.000000 0.000000 0.000000 0.000000 0.000000 0.000000 0.000000 0.000000 0.000000 0.000000 0.000000 0.000001 0.000002 0.000006 0.000016 0.000039 0.000095 0.000226 0.000524 0.001183 0.002598 0.005556 0.011564 0.023427 0.046183 0.088579 0.165270 0.299920 0.529293 0.908236 1.515123 2.456855 3.871972 5.929882 8.823966 12.756483 17.914126 24.434825 32.368791 41.639517 52.012638 63.081515 74.277205 84.907036 94.220502 101.494906 106.127592 107.718540 106.127592 101.494906 94.220502 84.907036 74.277205 63.081515 52.012638 41.639517 32.368791 24.434825 17.914126 12.756483 8.823966 5.929882 3.871972 2.456855 1.515123 0.908236 0.529293 0.299920 0.165270 0.088579 0.046183 0.023427 0.011564 0.005556 0.002598 0.001183 0.000524 0.000226 0.000095 0.000039 0.000016 0.000006 0.000002 0.000001 0.000000 0.000000 0.000000 0.000000 0.000000 0.000000 0.000000 0.000000 0.000000 0.000000 0.000000 0.000000 0.000000 
0.000000 0.000000 0.000000 0.000000 0.000000 0.000000 0.000000 0.000000 0.000000 0.000000 0.000000 0.000000 0.000000 0.000000 0.000001 0.000003 0.000008 0.000021 0.000053 0.000129 0.000306 0.000707 0.001592 0.003493 0.007461 0.015511 0.031387 0.061806 0.118419 0.220722 0.400163 0.705547 1.209615 2.016205 3.266815 5.144644 7.873492 11.708564 16.916458 23.742871 32.368791 42.859196 55.111753 68.815972 83.434413 98.216028 112.247133 124.538279 134.137037 140.249387 142.348376 140.249387 134.137037 124.538279 112.247133 98.216028 83.434413 68.815972 55.111753 42.859196 32.368791 23.742871 16.916458 11.708564 7.873492 5.144644 3.266815 2.016205 1.209615 0.705547 0.400163 0.220722 0.118419 0.061806 0.031387 0.015511 0.007461 0.003493 0.001592 0.000707 0.000306 0.000129 0.000053 0.000021 0.000008 0.000003 0.000001 0.000000 0.000000 0.000000 0.000000 0.000000 0.000000 0.000000 0.000000 0.000000 0.000000 0.000000 0.000000 0.000000 
0.000000 0.000000 0.000000 0.000000 0.000000 0.000000 0.000000 0.000000 0.000000 0.000000 0.000000 0.000000 0.000000 0.000001 0.000002 0.000004 0.000011 0.000028 0.000069 0.000169 0.000400 0.000924 0.002078 0.004554 0.009716 0.020178 0.040788 0.080239 0.153590 0.286017 0.518092 0.912718 1.563565 2.604228 4.216602 6.635978 10.149544 15.084481 21.782213 30.556944 41.639517 55.111753 70.840890 88.427487 107.181599 126.140101 144.132101 159.890216 172.194889 180.029642 182.719991 180.029642 172.194889 159.890216 144.132101 126.140101 107.181599 88.427487 70.840890 55.111753 41.639517 30.556944 21.782213 15.084481 10.149544 6.635978 4.216602 2.604228 1.563565 0.912718 0.518092 0.286017 0.153590 0.080239 0.040788 0.020178 0.009716 0.004554 0.002078 0.000924 0.000400 0.000169 0.000069 0.000028 0.000011 0.000004 0.000002 0.000001 0.000000 0.000000 0.000000 0.000000 0.000000 0.000000 0.000000 0.000000 0.000000 0.000000 0.000000 0.000000 
0.000000 0.000000 0.000000 0.000000 0.000000 0.000000 0.000000 0.000000 0.000000 0.000000 0.000000 0.000000 0.000000 0.000001 0.000002 0.000005 0.000014 0.000035 0.000088 0.000214 0.000507 0.001170 0.002630 0.005756 0.012268 0.025454 0.051407 0.101042 0.193247 0.359580 0.650843 1.145747 1.961398 3.264693 5.282690 8.308880 12.701208 18.867129 27.231433 38.184546 52.012638 68.815972 88.427487 110.348211 133.717898 157.336831 179.747363 199.372382 214.694744 224.450197 227.799958 224.450197 214.694744 199.372382 179.747363 157.336831 133.717898 110.348211 88.427487 68.815972 52.012638 38.184546 27.231433 18.867129 12.701208 8.308880 5.282690 3.264693 1.961398 1.145747 0.650843 0.359580 0.193247 0.101042 0.051407 0.025454 0.012268 0.005756 0.002630 0.001170 0.000507 0.000214 0.000088 0.000035 0.000014 0.000005 0.000002 0.000001 0.000000 0.000000 0.000000 0.000000 0.000000 0.000000 0.000000 0.000000 0.000000 0.000000 0.000000 0.000000 
