0.000000 0.000000 0.000000 0.000000 0.000000 0.000000 0.000000 0.000000 0.000000 0.000000 0.000000 0.000000 0.000000 0.000000 0.000000 0.000000 0.000000 0.000000 0.000000 0.000000 0.000000 0.000000 0.000000 0.000000 0.000001 0.000001 0.000001 0.000002 0.000002 0.000003 0.000004 0.000005 0.000006 0.000008 0.000010 0.000012 0.000015 0.000018 0.000022 0.000025 0.000029 0.000033 0.000037 0.000041 0.000045 0.000048 0.000052 0.000054 0.000056 0.000057 0.000057 0.000057 0.000056 0.000054 0.000052 0.000048 0.000045 0.000041 0.000037 0.000033 0.000029 0.000025 0.000022 0.000018 0.000015 0.000012 0.000010 0.000008 0.000006 0.000005 0.000004 0.000003 0.000002 0.000002 0.000001 0.000001 0.000001 0.000000 0.000000 0.000000 0.000000 0.000000 0.000000 0.000000 0.000000 0.000000 0.000000 0.000000 0.000000 0.000000 0.000000 0.000000 0.000000 0.000000 0.000000 0.000000 0.000000 0.000000 0.000000 0.000000 
0.000000 0.000000 0.000000 0.000000 0.000000 0.000000 0.000000 0.000000 0.000000 0.000000 0.000000 0.000000 0.000000 0.000000 0.000000 0.000000 0.000000 0.000000 0.000000 0.000000 0.000000 0.000000 0.000000 0.000000 0.000001 0.000001 0.000001 0.000002 0.000002 0.000003 0.000004 0.000005 0.000006 0.000008 0.000010 0.000012 0.000015 0.000018 0.000022 0.000025 0.000029 0.000033 0.000037 0.000041 0.000045 0.000048 0.000052 0.000054 0.000056 0.000057 0.000057 0.000057 0.000056 0.000054 0.000052 0.000048 0.000045 0.000041 0.000037 0.000033 0.000029 0.000025 0.000022 0.000018 0.000015 0.000012 0.000010 0.000008 0.000006 0.000005 0.000004 0.000003 0.000002 0.000002 0.000001 0.000001 0.000001 0.000000 0.000000 0.000000 0.000000 0.000000 0.000000 0.000000 0.000000 0.000000 0.000000 0.000000 0.000000 0.000000 0.000000 0.000000 0.000000 0.000000 0.000000 0.000000 0.000000 0.000000 0.000000 0.000000 
0.000000 0.000000 0.000000 0.000000 0.000000 0.000000 0.000000 0.000000 0.000000 0.000000 0.000000 0.000000 0.000000 0.000000 0.000000 0.000000 0.000000 0.000000 0.000000 0.000000 0.000000 0.000000 0.000000 0.000001 0.000001 0.000001 0.000002 0.000002 0.000003 0.000004 0.000005 0.000007 0.000009 0.000011 0.000014 0.000017 0.000021 0.000025 0.000030 0.000035 0.000041 0.000046 0.000052 0.000057 0.000063 0.000068 0.000072 0.000075 0.000078 0.000080 0.000080 0.000080 0.000078 0.000075 0.000072 0.000068 0.000063 0.000057 0.000052 0.000046 0.000041 0.000035 0.000030 0.000025 0.000021 0.000017 0.000014 0.000011 0.000009 0.000007 0.000005 0.000004 0.000003 0.000002 0.000002 0.000001 0.000001 0.000001 0.000000 0.000000 0.000000 0.000000 0.000000 0.000000 0.000000 0.000000 0.000000 0.000000 0.000000 0.000000 0.000000 0.000000 0.000000 0.000000 0.000000 0.000000 0.000000 0.000000 0.000000 0.000000 
0.000000 0.000000 0.000000 0.000000 0.000000 0.000000 0.000000 0.000000 0.000000 0.000000 0.000000 0.000000 0.000000 0.000000 0.000000 0.000000 0.000000 0.000000 0.000000 0.000000 0.000000 0.000000 0.000001 0.000001 0.000001 0.000002 0.000003 0.000004 0.000005 0.000007 0.000009 0.000012 0.000015 0.000019 0.000023 0.000029 0.000035 0.000042 0.000050 0.000059 0.000068 0.000077 0.000086 0.000096 0.000105 0.000113 0.000120 0.000126 0.000130 0.000133 0.000134 0.000133 0.000130 0.000126 0.000120 0.000113 0.000105 0.000096 0.000086 0.000077 0.000068 0.000059 0.000050 0.000042 0.000035 0.000029 0.000023 0.000019 0.000015 0.000012 0.000009 0.000007 0.000005 0.000004 0.000003 0.000002 0.000001 0.000001 0.000001 0.000000 0.000000 0.000000 0.000000 0.000000 0.000000 0.000000 0.000000 0.000000 0.000000 0.000000 0.000000 0.000000 0.000000 0.000000 0.000000 0.000000 0.000000 0.000000 0.000000 0.000000 
0.000000 0.000000 0.000000 0.000000 0.000000 0.000000 0.000000 0.000000 0.000000 0.000000 0.000000 0.000000 0.000000 0.000000 0.000000 0.000000 0.000000 0.000000 0.000000 0.000000 0.000001 0.000001 0.000001 0.000002 0.000002 0.000003 0.000005 0.000007 0.000009 0.000012 0.000016 0.000020 0.000026 0.000033 0.000041 0.000051 0.000062 0.000075 0.000089 0.000104 0.000119 0.000136 0.000152 0.000169 0.000184 0.000199 0.000211 0.000221 0.000229 0.000234 0.000235 0.000234 0.000229 0.000221 0.000211 0.000199 0.000184 0.000169 0.000152 0.000136 0.000119 0.000104 0.000089 0.000075 0.000062 0.000051 0.000041 0.000033 0.000026 0.000020 0.000016 0.000012 0.000009 0.000007 0.000005 0.000003 0.000002 0.000002 0.000001 0.000001 0.000001 0.000000 0.000000 0.000000 0.000000 0.000000 0.000000 0.000000 0.000000 0.000000 0.000000 0.000000 0.000000 0.000000 0.000000 0.000000 0.000000 0.000000 0.000000 0.000000 
0.000000 0.000000 0.000000 0.000000 0.000000 0.000000 0.000000 0.000000 0.000000 0.000000 0.000000 0.000000 0.000000 0.000000 0.000000 0.000000 0.000000 0.000000 0.000000 0.000001 0.000001 0.000001 0.000002 0.000003 0.000004 0.000006 0.000009 0.000012 0.000016 0.000021 0.000028 0.000036 0.000047 0.000059 0.000074 0.000091 0.000111 0.000133 0.000158 0.000184 0.000212 0.000241 0.000271 0.000300 0.000328 0.000353 0.000375 0.000393 0.000407 0.000415 0.000418 0.000415 0.000407 0.000393 0.000375 0.000353 0.000328 0.000300 0.000271 0.000241 0.000212 0.000184 0.000158 0.000133 0.000111 0.000091 0.000074 0.000059 0.000047 0.000036 0.000028 0.000021 0.000016 0.000012 0.000009 0.000006 0.000004 0.000003 0.000002 0.000001 0.000001 0.000001 0.000000 0.000000 0.000000 0.000000 0.000000 0.000000 0.000000 0.000000 0.000000 0.000000 0.000000 0.000000 0.000000 0.000000 0.000000 0.000000 0.000000 0.000000 
0.000000 0.000000 0.000000 0.000000 0.000000 0.000000 0.000000 0.000000 0.000000 0.000000 0.000000 0.000000 0.000000 0.000000 0.000000 0.000000 0.000000 0.000000 0.000001 0.000001 0.000002 0.000003 0.000004 0.000005 0.000008 0.000011 0.000015 0.000021 0.000028 0.000038 0.000050 0.000064 0.000083 0.000105 0.000131 0.000161 0.000196 0.000235 0.000279 0.000326 0.000375 0.000427 0.000479 0.000530 0.000579 0.000623 0.000662 0.000695 0.000718 0.000733 0.000738 0.000733 0.000718 0.000695 0.000662 0.000623 0.000579 0.000530 0.000479 0.000427 0.000375 0.000326 0.000279 0.000235 0.000196 0.000161 0.000131 0.000105 0.000083 0.000064 0.000050 0.000038 0.000028 0.000021 0.000015 0.000011 0.000008 0.000005 0.000004 0.000003 0.000002 0.000001 0.000001 0.000000 0.000000 0.000000 0.000000 0.000000 0.000000 0.000000 0.000000 0.000000 0.000000 0.000000 0.000000 0.000000 0.000000 0.000000 0.000000 0.000000 
0.000000 0.000000 0.000000 0.000000 0.000000 0.000000 0.000000 0.000000 0.000000 0.000000 0.000000 0.000000 0.000000 0.000000 0.000000 0.000000 0.000001 0.000001 0.000001 0.000002 0.000003 0.000005 0.000007 0.000010 0.000014 0.000019 0.000027 0.000037 0.000049 0.000066 0.000087 0.000113 0.000145 0.000183 0.000229 0.000282 0.000343 0.000412 0.000488 0.000570 0.000656 0.000746 0.000837 0.000926 0.001011 0.001089 0.001157 0.001213 0.001255 0.001281 0.001290 0.001281 0.001255 0.001213 0.001157 0.001089 0.001011 0.000926 0.000837 0.000746 0.000656 0.000570 0.000488 0.000412 0.000343 0.000282 0.000229 0.000183 0.000145 0.000113 0.000087 0.000066 0.000049 0.000037 0.000027 0.000019 0.000014 0.000010 0.000007 0.000005 0.000003 0.000002 0.000001 0.000001 0.000001 0.000000 0.000000 0.000000 0.000000 0.000000 0.000000 0.000000 0.000000 0.000000 0.000000 0.000000 0.000000 0.000000 0.000000 0.000000 
0.000000 0.000000 0.000000 0.000000 0.000000 0.000000 0.000000 0.000000 0.000000 0.000000 0.000000 0.000000 0.000000 0.000000 0.000000 0.000001 0.000001 0.000001 0.000002 0.000004 0.000005 0.000008 0.000011 0.000017 0.000024 0.000033 0.000046 0.000063 0.000086 0.000114 0.000151 0.000196 0.000251 0.000318 0.000397 0.000489 0.000594 0.000712 0.000843 0.000984 0.001134 0.001289 0.001446 0.001599 0.001746 0.001881 0.001998 0.002095 0.002167 0.002211 0.002226 0.002211 0.002167 0.002095 0.001998 0.001881 0.001746 0.001599 0.001446 0.001289 0.001134 0.000984 0.000843 0.000712 0.000594 0.000489 0.000397 0.000318 0.000251 0.000196 0.000151 0.000114 0.000086 0.000063 0.000046 0.000033 0.000024 0.000017 0.000011 0.000008 0.000005 0.000004 0.000002 0.000001 0.000001 0.000001 0.000000 0.000000 0.000000 0.000000 0.000000 0.000000 0.000000 0.000000 0.000000 0.000000 0.000000 0.000000 0.000000 0.000000 
0.000000 0.000000 0.000000 0.000000 0.000000 0.000000 0.000000 0.000000 0.000000 0.000000 0.000000 0.000000 0.000000 0.000000 0.000001 0.000001 0.000002 0.000003 0.000004 0.000006 0.000009 0.000013 0.000020 0.000028 0.000041 0.000057 0.000079 0.000109 0.000147 0.000196 0.000258 0.000335 0.000429 0.000543 0.000678 0.000835 0.001015 0.001217 0.001439 0.001680 0.001936 0.002200 0.002467 0.002729 0.002979 0.003208 0.003409 0.003573 0.003696 0.003771 0.003797 0.003771 0.003696 0.003573 0.003409 0.003208 0.002979 0.002729 0.002467 0.002200 0.001936 0.001680 0.001439 0.001217 0.001015 0.000835 0.000678 0.000543 0.000429 0.000335 0.000258 0.000196 0.000147 0.000109 0.000079 0.000057 0.000041 0.000028 0.000020 0.000013 0.000009 0.000006 0.000004 0.000003 0.000002 0.000001 0.000001 0.000000 0.000000 0.000000 0.000000 0.000000 0.000000 0.000000 0.000000 0.000000 0.000000 0.000000 0.000000 0.000000 
0.000000 0.000000 0.000000 0.000000 0.000000 0.000000 0.000000 0.000000 0.000000 0.000000 0.000000 0.000000 0.000000 0.000001 0.000001 0.000002 0.000003 0.000004 0.000007 0.000010 0.000015 0.000023 0.000033 0.000048 0.000069 0.000097 0.000134 0.000184 0.000248 0.000331 0.000436 0.000566 0.000725 0.000917 0.001144 0.001409 0.001712 0.002052 0.002428 0.002834 0.003263 0.003708 0.004157 0.004599 0.005019 0.005405 0.005742 0.006019 0.006225 0.006352 0.006395 0.006352 0.006225 0.006019 0.005742 0.005405 0.005019 0.004599 0.004157 0.003708 0.003263 0.002834 0.002428 0.002052 0.001712 0.001409 0.001144 0.000917 0.000725 0.000566 0.000436 0.000331 0.000248 0.000184 0.000134 0.000097 0.000069 0.000048 0.000033 0.000023 0.000015 0.000010 0.000007 0.000004 0.000003 0.000002 0.000001 0.000001 0.000000 0.000000 0.000000 0.000000 0.000000 0.000000 0.000000 0.000000 0.000000 0.000000 0.000000 0.000000 
0.000000 0.000000 0.000000 0.000000 0.000000 0.000000 0.000000 0.000000 0.000000 0.000000 0.000000 0.000000 0.000001 0.000001 0.000002 0.000003 0.000005 0.000007 0.000011 0.000017 0.000026 0.000038 0.000056 0.000081 0.000115 0.000162 0.000224 0.000307 0.000415 0.000553 0.000727 0.000944 0.001210 0.001529 0.001908 0.002348 0.002853 0.003419 0.004044 0.004719 0.005433 0.006173 0.006919 0.007653 0.008352 0.008993 0.009553 0.010014 0.010356 0.010567 0.010638 0.010567 0.010356 0.010014 0.009553 0.008993 0.008352 0.007653 0.006919 0.006173 0.005433 0.004719 0.004044 0.003419 0.002853 0.002348 0.001908 0.001529 0.001210 0.000944 0.000727 0.000553 0.000415 0.000307 0.000224 0.000162 0.000115 0.000081 0.000056 0.000038 0.000026 0.000017 0.000011 0.000007 0.000005 0.000003 0.000002 0.000001 0.000001 0.000000 0.000000 0.000000 0.000000 0.000000 0.000000 0.000000 0.000000 0.000000 0.000000 0.000000 
0.000000 0.000000 0.000000 0.000000 0.000000 0.000000 0.000000 0.000000 0.000000 0.000000 0.000000 0.000001 0.000001 0.000002 0.000003 0.000005 0.000008 0.000012 0.000019 0.000029 0.000043 0.000063 0.000093 0.000134 0.000190 0.000267 0.000370 0.000507 0.000684 0.000912 0.001199 0.001556 0.001993 0.002519 0.003141 0.003866 0.004694 0.005625 0.006651 0.007760 0.008934 0.010148 0.011374 0.012578 0.013725 0.014777 0.015697 0.016452 0.017014 0.017360 0.017477 0.017360 0.017014 0.016452 0.015697 0.014777 0.013725 0.012578 0.011374 0.010148 0.008934 0.007760 0.006651 0.005625 0.004694 0.003866 0.003141 0.002519 0.001993 0.001556 0.001199 0.000912 0.000684 0.000507 0.000370 0.000267 0.000190 0.000134 0.000093 0.000063 0.000043 0.000029 0.000019 0.000012 0.000008 0.000005 0.000003 0.000002 0.000001 0.000001 0.000000 0.000000 0.000000 0.000000 0.000000 0.000000 0.000000 0.000000 0.000000 0.000000 
0.000000 0.000000 0.000000 0.000000 0.000000 0.000000 0.000000 0.000000 0.000000 0.000000 0.000001 0.000001 0.000002 0.000003 0.000005 0.000008 0.000013 0.000020 0.000031 0.000047 0.000070 0.000104 0.000151 0.000218 0.000310 0.000435 0.000604 0.000825 0.001114 0.001484 0.001952 0.002532 0.003242 0.004096 0.005107 0.006284 0.007629 0.009140 0.010805 0.012603 0.014507 0.016476 0.018464 0.020416 0.022275 0.023980 0.025471 0.026695 0.027606 0.028167 0.028356 0.028167 0.027606 0.026695 0.025471 0.023980 0.022275 0.020416 0.018464 0.016476 0.014507 0.012603 0.010805 0.009140 0.007629 0.006284 0.005107 0.004096 0.003242 0.002532 0.001952 0.001484 0.001114 0.000825 0.000604 0.000435 0.000310 0.000218 0.000151 0.000104 0.000070 0.000047 0.000031 0.000020 0.000013 0.000008 0.000005 0.000003 0.000002 0.000001 0.000001 0.000000 0.000000 0.000000 0.000000 0.000000 0.000000 0.000000 0.000000 0.000000 
0.000000 0.000000 0.000000 0.000000 0.000000 0.000000 0.000000 0.000000 0.000000 0.000001 0.000001 0.000002 0.000003 0.000005 0.000008 0.000013 0.000021 0.000032 0.000050 0.000075 0.000113 0.000167 0.000244 0.000351 0.000500 0.000701 0.000971 0.001328 0.001792 0.002387 0.003137 0.004069 0.005208 0.006578 0.008200 0.010086 0.012243 0.014664 0.017331 0.020213 0.023262 0.026415 0.029598 0.032725 0.035700 0.038429 0.040816 0.042775 0.044232 0.045130 0.045433 0.045130 0.044232 0.042775 0.040816 0.038429 0.035700 0.032725 0.029598 0.026415 0.023262 0.020213 0.017331 0.014664 0.012243 0.010086 0.008200 0.006578 0.005208 0.004069 0.003137 0.002387 0.001792 0.001328 0.000971 0.000701 0.000500 0.000351 0.000244 0.000167 0.000113 0.000075 0.000050 0.000032 0.000021 0.000013 0.000008 0.000005 0.000003 0.000002 0.000001 0.000001 0.000000 0.000000 0.000000 0.000000 0.000000 0.000000 0.000000 0.000000 
0.000000 0.000000 0.000000 0.000000 0.000000 0.000000 0.000000 0.000000 0.000001 0.000001 0.000002 0.000003 0.000005 0.000008 0.000013 0.000021 0.000033 0.000052 0.000079 0.000120 0.000180 0.000266 0.000388 0.000559 0.000795 0.001115 0.001544 0.002110 0.002847 0.003790 0.004979 0.006456 0.008261 0.010432 0.013000 0.015986 0.019400 0.023232 0.027453 0.032012 0.036834 0.041822 0.046855 0.051797 0.056502 0.060815 0.064588 0.067685 0.069987 0.071406 0.071885 0.071406 0.069987 0.067685 0.064588 0.060815 0.056502 0.051797 0.046855 0.041822 0.036834 0.032012 0.027453 0.023232 0.019400 0.015986 0.013000 0.010432 0.008261 0.006456 0.004979 0.003790 0.002847 0.002110 0.001544 0.001115 0.000795 0.000559 0.000388 0.000266 0.000180 0.000120 0.000079 0.000052 0.000033 0.000021 0.000013 0.000008 0.000005 0.000003 0.000002 0.000001 0.000001 0.000000 0.000000 0.000000 0.000000 0.000000 0.000000 0.000000 
0.000000 0.000000 0.000000 0.000000 0.000000 0.000000 0.000000 0.000001 0.000001 0.000002 0.000003 0.000005 0.000008 0.000013 0.000021 0.000033 0.000052 0.000081 0.000125 0.000189 0.000283 0.000418 0.000610 0.000878 0.001248 0.001750 0.002423 0.003310 0.004464 0.005941 0.007803 0.010114 0.012939 0.016335 0.020351 0.025020 0.030357 0.036345 0.042941 0.050063 0.057595 0.065383 0.073242 0.080959 0.088303 0.095036 0.100926 0.105759 0.109352 0.111566 0.112314 0.111566 0.109352 0.105759 0.100926 0.095036 0.088303 0.080959 0.073242 0.065383 0.057595 0.050063 0.042941 0.036345 0.030357 0.025020 0.020351 0.016335 0.012939 0.010114 0.007803 0.005941 0.004464 0.003310 0.002423 0.001750 0.001248 0.000878 0.000610 0.000418 0.000283 0.000189 0.000125 0.000081 0.000052 0.000033 0.000021 0.000013 0.000008 0.000005 0.000003 0.000002 0.000001 0.000001 0.000000 0.000000 0.000000 0.000000 0.000000 0.000000 
0.000000 0.000000 0.000000 0.000000 0.000000 0.000000 0.000000 0.000001 0.000001 0.000003 0.000004 0.000007 0.000012 0.000020 0.000032 0.000052 0.000081 0.000126 0.000194 0.000294 0.000440 0.000649 0.000947 0.001362 0.001935 0.002713 0.003754 0.005127 0.006912 0.009195 0.012074 0.015646 0.020010 0.025255 0.031457 0.038666 0.046903 0.056144 0.066320 0.077307 0.088924 0.100935 0.113053 0.124951 0.136272 0.146651 0.155729 0.163177 0.168715 0.172127 0.173280 0.172127 0.168715 0.163177 0.155729 0.146651 0.136272 0.124951 0.113053 0.100935 0.088924 0.077307 0.066320 0.056144 0.046903 0.038666 0.031457 0.025255 0.020010 0.015646 0.012074 0.009195 0.006912 0.005127 0.003754 0.002713 0.001935 0.001362 0.000947 0.000649 0.000440 0.000294 0.000194 0.000126 0.000081 0.000052 0.000032 0.000020 0.000012 0.000007 0.000004 0.000003 0.000001 0.000001 0.000000 0.000000 0.000000 0.000000 0.000000 0.000000 
0.000000 0.000000 0.000000 0.000000 0.000000 0.000000 0.000001 0.000001 0.000002 0.000004 0.000007 0.000011 0.000019 0.000031 0.000050 0.000079 0.000125 0.000194 0.000298 0.000451 0.000674 0.000995 0.001450 0.002086 0.002962 0.004151 0.005743 0.007841 0.010566 0.014053 0.018447 0.023898 0.030555 0.038555 0.048011 0.059001 0.071554 0.085635 0.101139 0.117874 0.135567 0.153856 0.172307 0.190420 0.207654 0.223451 0.237268 0.248604 0.257031 0.262225 0.263979 0.262225 0.257031 0.248604 0.237268 0.223451 0.207654 0.190420 0.172307 0.153856 0.135567 0.117874 0.101139 0.085635 0.071554 0.059001 0.048011 0.038555 0.030555 0.023898 0.018447 0.014053 0.010566 0.007841 0.005743 0.004151 0.002962 0.002086 0.001450 0.000995 0.000674 0.000451 0.000298 0.000194 0.000125 0.000079 0.000050 0.000031 0.000019 0.000011 0.000007 0.000004 0.000002 0.000001 0.000001 0.000000 0.000000 0.000000 0.000000 0.000000 
0.000000 0.000000 0.000000 0.000000 0.000000 0.000001 0.000001 0.000002 0.000004 0.000006 0.000010 0.000017 0.000029 0.000047 0.000075 0.000120 0.000189 0.000294 0.000451 0.000683 0.001020 0.001506 0.002194 0.003154 0.004477 0.006272 0.008673 0.011838 0.015948 0.021204 0.027826 0.036039 0.046067 0.058113 0.072349 0.088891 0.107782 0.128968 0.152290 0.177461 0.204067 0.231568 0.259307 0.286535 0.312440 0.336183 0.356948 0.373983 0.386647 0.394451 0.397087 0.394451 0.386647 0.373983 0.356948 0.336183 0.312440 0.286535 0.259307 0.231568 0.204067 0.177461 0.152290 0.128968 0.107782 0.088891 0.072349 0.058113 0.046067 0.036039 0.027826 0.021204 0.015948 0.011838 0.008673 0.006272 0.004477 0.003154 0.002194 0.001506 0.001020 0.000683 0.000451 0.000294 0.000189 0.000120 0.000075 0.000047 0.000029 0.000017 0.000010 0.000006 0.000004 0.000002 0.000001 0.000001 0.000000 0.000000 0.000000 0.000000 
0.000000 0.000000 0.000000 0.000000 0.000001 0.000001 0.000002 0.000003 0.000005 0.000009 0.000015 0.000026 0.000043 0.000070 0.000113 0.000180 0.000283 0.000440 0.000674 0.001020 0.001525 0.002249 0.003275 0.004708 0.006680 0.009355 0.012932 0.017646 0.023764 0.031588 0.041441 0.053659 0.068571 0.086482 0.107644 0.132228 0.160296 0.191771 0.226411 0.263792 0.303298 0.344127 0.385305 0.425720 0.464167 0.499403 0.530217 0.555495 0.574286 0.585865 0.589777 0.585865 0.574286 0.555495 0.530217 0.499403 0.464167 0.425720 0.385305 0.344127 0.303298 0.263792 0.226411 0.191771 0.160296 0.132228 0.107644 0.086482 0.068571 0.053659 0.041441 0.031588 0.023764 0.017646 0.012932 0.009355 0.006680 0.004708 0.003275 0.002249 0.001525 0.001020 0.000674 0.000440 0.000283 0.000180 0.000113 0.000070 0.000043 0.000026 0.000015 0.000009 0.000005 0.000003 0.000002 0.000001 0.000001 0.000000 0.000000 0.000000 
0.000000 0.000000 0.000000 0.000000 0.000001 0.000001 0.000003 0.000005 0.000008 0.000013 0.000023 0.000038 0.000063 0.000104 0.000167 0.000266 0.000418 0.000649 0.000995 0.001506 0.002249 0.003317 0.004828 0.006937 0.009839 0.013775 0.019036 0.025967 0.034960 0.046457 0.060932 0.078876 0.100772 0.127065 0.158123 0.194196 0.235374 0.281541 0.332342 0.387154 0.445074 0.504925 0.565281 0.624512 0.680853 0.732486 0.777636 0.814672 0.842203 0.859167 0.864897 0.859167 0.842203 0.814672 0.777636 0.732486 0.680853 0.624512 0.565281 0.504925 0.445074 0.387154 0.332342 0.281541 0.235374 0.194196 0.158123 0.127065 0.100772 0.078876 0.060932 0.046457 0.034960 0.025967 0.019036 0.013775 0.009839 0.006937 0.004828 0.003317 0.002249 0.001506 0.000995 0.000649 0.000418 0.000266 0.000167 0.000104 0.000063 0.000038 0.000023 0.000013 0.000008 0.000005 0.000003 0.000001 0.000001 0.000000 0.000000 0.000000 
0.000000 0.000000 0.000000 0.000001 0.000001 0.000002 0.000004 0.000007 0.000011 0.000020 0.000033 0.000056 0.000093 0.000151 0.000244 0.000388 0.000610 0.000947 0.001450 0.002194 0.003275 0.004828 0.007025 0.010090 0.014307 0.020024 0.027664 0.037723 0.050775 0.067454 0.088448 0.114467 0.146209 0.184316 0.229320 0.281580 0.341225 0.408084 0.481641 0.560994 0.644836 0.731462 0.818809 0.904519 0.986040 1.060743 1.126062 1.179639 1.219465 1.244004 1.252293 1.244004 1.219465 1.179639 1.126062 1.060743 0.986040 0.904519 0.818809 0.731462 0.644836 0.560994 0.481641 0.408084 0.341225 0.281580 0.229320 0.184316 0.146209 0.114467 0.088448 0.067454 0.050775 0.037723 0.027664 0.020024 0.014307 0.010090 0.007025 0.004828 0.003275 0.002194 0.001450 0.000947 0.000610 0.000388 0.000244 0.000151 0.000093 0.000056 0.000033 0.000020 0.000011 0.000007 0.000004 0.000002 0.000001 0.000001 0.000001 0.000001 
0.000000 0.000000 0.000001 0.000001 0.000002 0.000003 0.000005 0.000010 0.000017 0.000028 0.000048 0.000081 0.000134 0.000218 0.000351 0.000559 0.000878 0.001362 0.002086 0.003154 0.004708 0.006937 0.010090 0.014489 0.020537 0.028735 0.039686 0.054102 0.072799 0.096689 0.126750 0.163997 0.209426 0.263953 0.328336 0.403086 0.488380 0.583976 0.689133 0.802559 0.922385 1.046175 1.170980 1.293436 1.409895 1.516607 1.609908 1.686434 1.743316 1.778364 1.790203 1.778364 1.743316 1.686434 1.609908 1.516607 1.409895 1.293436 1.170980 1.046175 0.922385 0.802559 0.689133 0.583976 0.488380 0.403086 0.328336 0.263953 0.209426 0.163997 0.126750 0.096689 0.072799 0.054102 0.039686 0.028735 0.020537 0.014489 0.010090 0.006937 0.004708 0.003154 0.002086 0.001362 0.000878 0.000559 0.000351 0.000218 0.000134 0.000081 0.000048 0.000028 0.000017 0.000010 0.000005 0.000003 0.000002 0.000001 0.000001 0.000001 
0.000001 0.000001 0.000001 0.000001 0.000002 0.000004 0.000008 0.000014 0.000024 0.000041 0.000069 0.000115 0.000190 0.000310 0.000500 0.000795 0.001248 0.001935 0.002962 0.004477 0.006680 0.009839 0.014307 0.020537 0.029101 0.040705 0.056202 0.076596 0.103041 0.136819 0.179314 0.231954 0.296144 0.373173 0.464105 0.569661 0.690085 0.825032 0.973452 1.133520 1.302598 1.477249 1.653315 1.826048 1.990311 2.140813 2.272395 2.380312 2.460526 2.509949 2.526643 2.509949 2.460526 2.380312 2.272395 2.140813 1.990311 1.826048 1.653315 1.477249 1.302598 1.133520 0.973452 0.825032 0.690085 0.569661 0.464105 0.373173 0.296144 0.231954 0.179314 0.136819 0.103041 0.076596 0.056202 0.040705 0.029101 0.020537 0.014307 0.009839 0.006680 0.004477 0.002962 0.001935 0.001248 0.000795 0.000500 0.000310 0.000190 0.000115 0.000069 0.000041 0.000024 0.000014 0.000008 0.000004 0.000003 0.000002 0.000001 0.000001 
0.000001 0.000001 0.000001 0.000002 0.000003 0.000006 0.000011 0.000019 0.000033 0.000057 0.000097 0.000162 0.000267 0.000435 0.000701 0.001115 0.001750 0.002713 0.004151 0.006272 0.009355 0.013775 0.020024 0.028735 0.040705 0.056920 0.078568 0.107050 0.143972 0.191122 0.250425 0.323869 0.413409 0.520836 0.647629 0.794785 0.962641 1.150710 1.357525 1.580541 1.816080 2.059356 2.304576 2.545134 2.773877 2.983444 3.166653 3.316908 3.428586 3.497393 3.520635 3.497393 3.428586 3.316908 3.166653 2.983444 2.773877 2.545134 2.304576 2.059356 1.816080 1.580541 1.357525 1.150710 0.962641 0.794785 0.647629 0.520836 0.413409 0.323869 0.250425 0.191122 0.143972 0.107050 0.078568 0.056920 0.040705 0.028735 0.020024 0.013775 0.009355 0.006272 0.004151 0.002713 0.001750 0.001115 0.000701 0.000435 0.000267 0.000162 0.000097 0.000057 0.000033 0.000019 0.000011 0.000006 0.000004 0.000002 0.000002 0.000002 
0.000001 0.000001 0.000002 0.000003 0.000005 0.000009 0.000015 0.000027 0.000046 0.000079 0.000134 0.000224 0.000370 0.000604 0.000971 0.001544 0.002423 0.003754 0.005743 0.008673 0.012932 0.019036 0.027664 0.039686 0.056202 0.078568 0.108421 0.147688 0.198577 0.263549 0.345247 0.446406 0.569708 0.717614 0.892150 1.094681 1.325666 1.584423 1.868934 2.175692 2.499636 2.834183 3.171372 3.502120 3.816600 4.104697 4.356547 4.563086 4.716593 4.811169 4.843115 4.811169 4.716593 4.563086 4.356547 4.104697 3.816600 3.502120 3.171372 2.834183 2.499636 2.175692 1.868934 1.584423 1.325666 1.094681 0.892150 0.717614 0.569708 0.446406 0.345247 0.263549 0.198577 0.147688 0.108421 0.078568 0.056202 0.039686 0.027664 0.019036 0.012932 0.008673 0.005743 0.003754 0.002423 0.001544 0.000971 0.000604 0.000370 0.000224 0.000134 0.000079 0.000046 0.000027 0.000015 0.000009 0.000005 0.000003 0.000002 0.000002 
0.000002 0.000002 0.000002 0.000004 0.000007 0.000012 0.000021 0.000037 0.000063 0.000109 0.000184 0.000307 0.000507 0.000825 0.001328 0.002110 0.003310 0.005127 0.007841 0.011838 0.017646 0.025967 0.037723 0.054102 0.076596 0.107050 0.147688 0.201126 0.270366 0.358745 0.469854 0.607399 0.775019 0.976048 1.213230 1.488410 1.802199 2.153666 2.540061 2.956617 3.396460 3.850653 4.308388 4.757343 5.184183 5.575191 5.916985 6.197274 6.405588 6.533929 6.577279 6.533929 6.405588 6.197274 5.916985 5.575191 5.184183 4.757343 4.308388 3.850653 3.396460 2.956617 2.540061 2.153666 1.802199 1.488410 1.213230 0.976048 0.775019 0.607399 0.469854 0.358745 0.270366 0.201126 0.147688 0.107050 0.076596 0.054102 0.037723 0.025967 0.017646 0.011838 0.007841 0.005127 0.003310 0.002110 0.001328 0.000825 0.000507 0.000307 0.000184 0.000109 0.000063 0.000037 0.000021 0.000012 0.000007 0.000004 0.000003 0.000003 
0.000002 0.000002 0.000003 0.000005 0.000009 0.000016 0.000028 0.000049 0.000086 0.000147 0.000248 0.000415 0.000684 0.001114 0.001792 0.002847 0.004464 0.006912 0.010566 0.015948 0.023764 0.034960 0.050775 0.072799 0.103041 0.143972 0.198577 0.270366 0.363361 0.482035 0.631199 0.815817 1.040760 1.310488 1.628670 1.997767 2.418588 2.889872 3.407923 3.966344 4.555919 5.164667 5.778107 6.379732 6.951681 7.475584 7.933524 8.309044 8.588126 8.760063 8.818138 8.760063 8.588126 8.309044 7.933524 7.475584 6.951681 6.379732 5.778107 5.164667 4.555919 3.966344 3.407923 2.889872 2.418588 1.997767 1.628670 1.310488 1.040760 0.815817 0.631199 0.482035 0.363361 0.270366 0.198577 0.143972 0.103041 0.072799 0.050775 0.034960 0.023764 0.015948 0.010566 0.006912 0.004464 0.002847 0.001792 0.001114 0.000684 0.000415 0.000248 0.000147 0.000086 0.000049 0.000028 0.000016 0.000009 0.000006 0.000004 0.000004 
0.000003 0.000003 0.000004 0.000007 0.000012 0.000021 0.000038 0.000066 0.000114 0.000196 0.000331 0.000553 0.000912 0.001484 0.002387 0.003790 0.005941 0.009195 0.014053 0.021204 0.031588 0.046457 0.067454 0.096689 0.136819 0.191122 0.263549 0.358745 0.482035 0.639338 0.837013 1.081627 1.379617 1.736873 2.158239 2.646955 3.204078 3.827926 4.513594 5.252609 6.032770 6.838224 7.649818 8.445717 9.202307 9.895301 10.501013 10.997689 11.366803 11.594203 11.671011 11.594203 11.366803 10.997689 10.501013 9.895301 9.202307 8.445717 7.649818 6.838224 6.032770 5.252609 4.513594 3.827926 3.204078 2.646955 2.158239 1.736873 1.379617 1.081627 0.837013 0.639338 0.482035 0.358745 0.263549 0.191122 0.136819 0.096689 0.067454 0.046457 0.031588 0.021204 0.014053 0.009195 0.005941 0.003790 0.002387 0.001484 0.000912 0.000553 0.000331 0.000196 0.000114 0.000066 0.000038 0.000021 0.000012 0.000007 0.000005 0.000005 
0.000004 0.000004 0.000005 0.000009 0.000016 0.000028 0.000050 0.000087 0.000151 0.000258 0.000436 0.000727 0.001199 0.001952 0.003137 0.004979 0.007803 0.012074 0.018447 0.027826 0.041441 0.060932 0.088448 0.126750 0.179314 0.250425 0.345247 0.469854 0.631199 0.837013 1.095603 1.415537 1.805213 2.272315 2.823153 3.461941 4.190043 5.005243 5.901118 6.866589 7.885712 8.937779 9.997776 11.037201 12.025224 12.930148 13.721061 14.369576 14.851519 15.148423 15.248707 15.148423 14.851519 14.369576 13.721061 12.930148 12.025224 11.037201 9.997776 8.937779 7.885712 6.866589 5.901118 5.005243 4.190043 3.461941 2.823153 2.272315 1.805213 1.415537 1.095603 0.837013 0.631199 0.469854 0.345247 0.250425 0.179314 0.126750 0.088448 0.060932 0.041441 0.027826 0.018447 0.012074 0.007803 0.004979 0.003137 0.001952 0.001199 0.000727 0.000436 0.000258 0.000151 0.000087 0.000050 0.000028 0.000016 0.000010 0.000007 0.000007 
0.000005 0.000005 0.000007 0.000012 0.000020 0.000036 0.000064 0.000113 0.000196 0.000335 0.000566 0.000944 0.001556 0.002532 0.004069 0.006456 0.010114 0.015646 0.023898 0.036039 0.053659 0.078876 0.114467 0.163997 0.231954 0.323869 0.446406 0.607399 0.815817 1.081627 1.415537 1.828585 2.331593 2.934449 3.645272 4.469476 5.408794 6.460348 7.615838 8.860960 10.175149 11.531701 12.898373 14.238425 15.512131 16.678650 17.698154 18.534076 19.155273 19.537959 19.667215 19.537959 19.155273 18.534076 17.698154 16.678650 15.512131 14.238425 12.898373 11.531701 10.175149 8.860960 7.615838 6.460348 5.408794 4.469476 3.645272 2.934449 2.331593 1.828585 1.415537 1.081627 0.815817 0.607399 0.446406 0.323869 0.231954 0.163997 0.114467 0.078876 0.053659 0.036039 0.023898 0.015646 0.010114 0.006456 0.004069 0.002532 0.001556 0.000944 0.000566 0.000335 0.000196 0.000113 0.000065 0.000037 0.000021 0.000013 0.000009 0.000009 
0.000006 0.000006 0.000009 0.000015 0.000026 0.000047 0.000083 0.000145 0.000251 0.000429 0.000725 0.001210 0.001993 0.003242 0.005208 0.008261 0.012939 0.020010 0.030555 0.046067 0.068571 0.100772 0.146209 0.209426 0.296144 0.413409 0.569708 0.775019 1.040760 1.379617 1.805213 2.331593 2.972514 3.740545 4.645997 5.695736 6.891942 8.230921 9.702088 11.287217 12.960120 14.686807 16.426244 18.131689 19.752603 21.237036 22.534335 23.597993 24.388408 24.875332 25.039794 24.875332 24.388408 23.597993 22.534335 21.237036 19.752603 18.131689 16.426244 14.686807 12.960120 11.287217 9.702088 8.230921 6.891942 5.695736 4.645997 3.740545 2.972514 2.331593 1.805213 1.379617 1.040760 0.775019 0.569708 0.413409 0.296144 0.209426 0.146209 0.100772 0.068571 0.046067 0.030555 0.020010 0.012939 0.008261 0.005208 0.003242 0.001993 0.001210 0.000725 0.000429 0.000251 0.000145 0.000083 0.000047 0.000027 0.000016 0.000012 0.000012 
0.000008 0.000008 0.000011 0.000019 0.000033 0.000059 0.000105 0.000183 0.000318 0.000543 0.000917 0.001529 0.002519 0.004096 0.006578 0.010432 0.016335 0.025255 0.038555 0.058113 0.086482 0.127065 0.184316 0.263953 0.373173 0.520836 0.717614 0.976048 1.310488 1.736873 2.272315 2.934449 3.740545 4.706373 5.844863 7.164609 8.668318 10.351320 12.200282 14.192286 16.294411 18.463951 20.649356 22.791918 24.828172 26.692886 28.322462 29.658512 30.651321 31.262918 31.469488 31.262918 30.651321 29.658512 28.322462 26.692886 24.828172 22.791918 20.649356 18.463951 16.294411 14.192286 12.200282 10.351320 8.668318 7.164609 5.844863 4.706373 3.740545 2.934449 2.272315 1.736873 1.310488 0.976048 0.717614 0.520836 0.373173 0.263953 0.184316 0.127065 0.086482 0.058113 0.038555 0.025255 0.016335 0.010432 0.006578 0.004096 0.002519 0.001529 0.000917 0.000543 0.000318 0.000184 0.000105 0.000060 0.000034 0.000021 0.000015 0.000015 
0.000010 0.000010 0.000014 0.000023 0.000041 0.000074 0.000131 0.000229 0.000397 0.000678 0.001144 0.001908 0.003141 0.005107 0.008200 0.013000 0.020351 0.031457 0.048011 0.072349 0.107644 0.158123 0.229320 0.328336 0.464105 0.647629 0.892150 1.213230 1.628670 2.158239 2.823153 3.645272 4.645997 5.844863 7.257873 8.895652 10.761519 12.849643 15.143456 17.614508 20.221950 22.912814 25.623174 28.280243 30.805345 33.117621 35.138248 36.794863 38.025853 38.784164 39.040286 38.784164 38.025853 36.794863 35.138248 33.117621 30.805345 28.280243 25.623174 22.912814 20.221950 17.614508 15.143456 12.849643 10.761519 8.895652 7.257873 5.844863 4.645997 3.645272 2.823153 2.158239 1.628670 1.213230 0.892150 0.647629 0.464105 0.328336 0.229320 0.158123 0.107644 0.072349 0.048011 0.031457 0.020351 0.013000 0.008200 0.005107 0.003141 0.001908 0.001144 0.000678 0.000397 0.000229 0.000131 0.000075 0.000043 0.000026 0.000019 0.000019 
0.000012 0.000012 0.000017 0.000029 0.000051 0.000091 0.000161 0.000282 0.000489 0.000835 0.001409 0.002348 0.003866 0.006284 0.010086 0.015986 0.025020 0.038666 0.059001 0.088891 0.132228 0.194196 0.281580 0.403086 0.569661 0.794785 1.094681 1.488410 1.997767 2.646955 3.461941 4.469476 5.695736 7.164609 8.895652 10.901831 13.187165 15.744474 18.553435 21.579186 24.771701 28.066127 31.384214 34.636880 37.727846 40.558176 43.031428 45.059071 46.565732 47.493848 47.807320 47.493848 46.565732 45.059071 43.031428 40.558176 37.727846 34.636880 31.384214 28.066127 24.771701 21.579186 18.553435 15.744474 13.187165 10.901831 8.895652 7.164609 5.695736 4.469476 3.461941 2.646955 1.997767 1.488410 1.094681 0.794785 0.569661 0.403086 0.281580 0.194196 0.132228 0.088891 0.059001 0.038666 0.025020 0.015986 0.010086 0.006284 0.003866 0.002348 0.001409 0.000835 0.000489 0.000283 0.000162 0.000092 0.000053 0.000032 0.000023 0.000023 
0.000015 0.000015 0.000021 0.000035 0.000062 0.000111 0.000196 0.000343 0.000594 0.001015 0.001712 0.002853 0.004694 0.007629 0.012243 0.019400 0.030357 0.046903 0.071554 0.107782 0.160296 0.235374 0.341225 0.488380 0.690085 0.962641 1.325666 1.802199 2.418588 3.204078 4.190043 5.408794 6.891942 8.668318 10.761519 13.187165 15.950065 19.041493 22.436847 26.093962 29.952361 33.933669 37.943336 41.873742 45.608585 49.028365 52.016603 54.466383 56.286682 57.407987 57.786707 57.407987 56.286682 54.466383 52.016603 49.028365 45.608585 41.873742 37.943336 33.933669 29.952361 26.093962 22.436847 19.041493 15.950065 13.187165 10.761519 8.668318 6.891942 5.408794 4.190043 3.204078 2.418588 1.802199 1.325666 0.962641 0.690085 0.488380 0.341225 0.235374 0.160296 0.107782 0.071554 0.046903 0.030357 0.019400 0.012243 0.007629 0.004694 0.002853 0.001712 0.001015 0.000594 0.000344 0.000197 0.000112 0.000064 0.000039 0.000028 0.000028 
0.000018 0.000018 0.000025 0.000042 0.000075 0.000133 0.000235 0.000412 0.000712 0.001217 0.002052 0.003419 0.005625 0.009140 0.014664 0.023232 0.036345 0.056144 0.085635 0.128968 0.191771 0.281541 0.408084 0.583976 0.825032 1.150710 1.584423 2.153666 2.889872 3.827926 5.005243 6.460348 8.230921 10.351320 12.849643 15.744474 19.041493 22.730239 26.781315 31.144386 35.747291 40.496532 45.279341 49.967378 54.421967 58.500626 62.064493 64.986106 67.156959 68.494190 68.945835 68.494190 67.156959 64.986106 62.064493 58.500626 54.421967 49.967378 45.279341 40.496532 35.747291 31.144386 26.781315 22.730239 19.041493 15.744474 12.849643 10.351320 8.230921 6.460348 5.005243 3.827926 2.889872 2.153666 1.584423 1.150710 0.825032 0.583976 0.408084 0.281541 0.191771 0.128968 0.085635 0.056144 0.036345 0.023232 0.014664 0.009140 0.005625 0.003419 0.002052 0.001217 0.000712 0.000412 0.000236 0.000134 0.000077 0.000047 0.000034 0.000034 
0.000022 0.000022 0.000030 0.000050 0.000089 0.000158 0.000279 0.000488 0.000843 0.001439 0.002428 0.004044 0.006651 0.010805 0.017331 0.027453 0.042941 0.066320 0.101139 0.152290 0.226411 0.332342 0.481641 0.689133 0.973452 1.357525 1.868934 2.540061 3.407923 4.513594 5.901118 7.615838 9.702088 12.200282 15.143456 18.553435 22.436847 26.781315 31.552173 36.690116 42.110151 47.702186 53.333461 58.852903 64.097290 68.898933 73.094413 76.533738 79.089224 80.663368 81.195027 80.663368 79.089224 76.533738 73.094413 68.898933 64.097290 58.852903 53.333461 47.702186 42.110151 36.690116 31.552173 26.781315 22.436847 18.553435 15.143456 12.200282 9.702088 7.615838 5.901118 4.513594 3.407923 2.540061 1.868934 1.357525 0.973452 0.689133 0.481641 0.332342 0.226411 0.152290 0.101139 0.066320 0.042941 0.027453 0.017331 0.010805 0.006651 0.004044 0.002428 0.001440 0.000843 0.000488 0.000280 0.000159 0.000091 0.000056 0.000040 0.000040 
0.000025 0.000025 0.000035 0.000059 0.000104 0.000184 0.000326 0.000570 0.000984 0.001680 0.002834 0.004719 0.007760 0.012603 0.020213 0.032012 0.050063 0.077307 0.117874 0.177461 0.263792 0.387154 0.560994 0.802559 1.133520 1.580541 2.175692 2.956617 3.966344 5.252609 6.866589 8.860960 11.287217 14.192286 17.614508 21.579186 26.093962 31.144386 36.690116 42.662180 48.961775 55.460946 62.005418 68.419656 74.514026 80.093722 84.968907 88.965350 91.934740 93.763823 94.381584 93.763823 91.934740 88.965350 84.968907 80.093722 74.514026 68.419656 62.005418 55.460946 48.961775 42.662180 36.690116 31.144386 26.093962 21.579186 17.614508 14.192286 11.287217 8.860960 6.866589 5.252609 3.966344 2.956617 2.175692 1.580541 1.133520 0.802559 0.560994 0.387154 0.263792 0.177461 0.117874 0.077307 0.050063 0.032012 0.020213 0.012603 0.007760 0.004719 0.002834 0.001681 0.000985 0.000570 0.000327 0.000186 0.000107 0.000065 0.000047 0.000047 
0.000029 0.000029 0.000041 0.000068 0.000119 0.000212 0.000375 0.000656 0.001134 0.001936 0.003263 0.005433 0.008934 0.014507 0.023262 0.036834 0.057595 0.088924 0.135567 0.204067 0.303298 0.445074 0.644836 0.922385 1.302598 1.816080 2.499636 3.396460 4.555919 6.032770 7.885712 10.175149 12.960120 16.294411 20.221950 24.771701 29.952361 35.747291 42.110151 48.961775 56.188793 63.644416 71.151688 78.509288 85.499745 91.899671 97.491388 102.075123 105.480828 107.578653 108.287175 107.578653 105.480828 102.075123 97.491388 91.899671 85.499745 78.509288 71.151688 63.644416 56.188793 48.961775 42.110151 35.747291 29.952361 24.771701 20.221950 16.294411 12.960120 10.175149 7.885712 6.032770 4.555919 3.396460 2.499636 1.816080 1.302598 0.922385 0.644836 0.445074 0.303298 0.204067 0.135567 0.088924 0.057595 0.036834 0.023262 0.014507 0.008934 0.005433 0.003263 0.001936 0.001134 0.000657 0.000376 0.000214 0.000123 0.000075 0.000054 0.000054 
0.000033 0.000033 0.000046 0.000077 0.000136 0.000241 0.000427 0.000746 0.001289 0.002200 0.003708 0.006173 0.010148 0.016476 0.026415 0.041822 0.065383 0.100935 0.153856 0.231568 0.344127 0.504925 0.731462 1.046175 1.477249 2.059356 2.834183 3.850653 5.164667 6.838224 8.937779 11.531701 14.686807 18.463951 22.912814 28.066127 33.933669 40.496532 47.702186 55.460946 63.644416 72.086384 80.586508 88.916881 96.831331 104.077009 110.407538 115.596815 119.452386 121.827297 122.629399 121.827297 119.452386 115.596815 110.407538 104.077009 96.831331 88.916881 80.586508 72.086384 63.644416 55.460946 47.702186 40.496532 33.933669 28.066127 22.912814 18.463951 14.686807 11.531701 8.937779 6.838224 5.164667 3.850653 2.834183 2.059356 1.477249 1.046175 0.731462 0.504925 0.344127 0.231568 0.153856 0.100935 0.065383 0.041822 0.026415 0.016476 0.010148 0.006173 0.003708 0.002200 0.001289 0.000747 0.000428 0.000244 0.000140 0.000085 0.000062 0.000062 
0.000037 0.000037 0.000052 0.000086 0.000152 0.000271 0.000479 0.000837 0.001446 0.002467 0.004157 0.006919 0.011374 0.018464 0.029598 0.046855 0.073242 0.113053 0.172307 0.259307 0.385305 0.565281 0.818809 1.170980 1.653315 2.304576 3.171372 4.308388 5.778107 7.649818 9.997776 12.898373 16.426244 20.649356 25.623174 31.384214 37.943336 45.279341 53.333461 62.005418 71.151688 80.586508 90.085996 99.395489 108.239938 116.336843 123.410951 129.209668 133.517996 136.171770 137.068052 136.171770 133.517996 129.209668 123.410951 116.336843 108.239938 99.395489 90.085996 80.586508 71.151688 62.005418 53.333461 45.279341 37.943336 31.384214 25.623174 20.649356 16.426244 12.898373 9.997776 7.649818 5.778107 4.308388 3.171372 2.304576 1.653315 1.170980 0.818809 0.565281 0.385305 0.259307 0.172307 0.113053 0.073242 0.046855 0.029598 0.018464 0.011374 0.006919 0.004157 0.002467 0.001446 0.000838 0.000480 0.000274 0.000157 0.000096 0.000069 0.000069 
