0.000000 0.000000 0.000000 0.000000 0.000000 0.000000 0.000000 0.000000 0.000000 0.000000 0.000000 0.000000 0.000000 0.000000 0.000000 0.000000 0.000000 0.000000 0.000000 0.000000 0.000000 0.000000 0.000000 0.000001 0.000001 0.000001 0.000002 0.000002 0.000003 0.000004 0.000005 0.000007 0.000009 0.000011 0.000014 0.000017 0.000021 0.000025 0.000030 0.000034 0.000040 0.000045 0.000050 0.000056 0.000061 0.000065 0.000069 0.000073 0.000075 0.000077 0.000077 0.000077 0.000075 0.000073 0.000069 0.000065 0.000061 0.000056 0.000050 0.000045 0.000040 0.000034 0.000030 0.000025 0.000021 0.000017 0.000014 0.000011 0.000009 0.000007 0.000005 0.000004 0.000003 0.000002 0.000002 0.000001 0.000001 0.000001 0.000000 0.000000 0.000000 0.000000 0.000000 0.000000 0.000000 0.000000 0.000000 0.000000 0.000000 0.000000 0.000000 0.000000 0.000000 0.000000 0.000000 0.000000 0.000000 0.000000 0.000000 0.000000 
0.000000 0.000000 0.000000 0.000000 0.000000 0.000000 0.000000 0.000000 0.000000 0.000000 0.000000 0.000000 0.000000 0.000000 0.000000 0.000000 0.000000 0.000000 0.000000 0.000000 0.000000 0.000000 0.000000 0.000001 0.000001 0.000001 0.000002 0.000002 0.000003 0.000004 0.000005 0.000007 0.000009 0.000011 0.000014 0.000017 0.000021 0.000025 0.000030 0.000034 0.000040 0.000045 0.000050 0.000056 0.000061 0.000065 0.000069 0.000073 0.000075 0.000077 0.000077 0.000077 0.000075 0.000073 0.000069 0.000065 0.000061 0.000056 0.000050 0.000045 0.000040 0.000034 0.000030 0.000025 0.000021 0.000017 0.000014 0.000011 0.000009 0.000007 0.000005 0.000004 0.000003 0.000002 0.000002 0.000001 0.000001 0.000001 0.000000 0.000000 0.000000 0.000000 0.000000 0.000000 0.000000 0.000000 0.000000 0.000000 0.000000 0.000000 0.000000 0.000000 0.000000 0.000000 0.000000 0.000000 0.000000 0.000000 0.000000 0.000000 
0.000000 0.000000 0.000000 0.000000 0.000000 0.000000 0.000000 0.000000 0.000000 0.000000 0.000000 0.000000 0.000000 0.000000 0.000000 0.000000 0.000000 0.000000 0.000000 0.000000 0.000000 0.000000 0.000001 0.000001 0.000001 0.000002 0.000002 0.000003 0.000004 0.000006 0.000007 0.000010 0.000012 0.000016 0.000019 0.000024 0.000029 0.000035 0.000041 0.000048 0.000055 0.000062 0.000070 0.000077 0.000084 0.000090 0.000096 0.000100 0.000104 0.000106 0.000107 0.000106 0.000104 0.000100 0.000096 0.000090 0.000084 0.000077 0.000070 0.000062 0.000055 0.000048 0.000041 0.000035 0.000029 0.000024 0.000019 0.000016 0.000012 0.000010 0.000007 0.000006 0.000004 0.000003 0.000002 0.000002 0.000001 0.000001 0.000001 0.000000 0.000000 0.000000 0.000000 0.000000 0.000000 0.000000 0.000000 0.000000 0.000000 0.000000 0.000000 0.000000 0.000000 0.000000 0.000000 0.000000 0.000000 0.000000 0.000000 0.000000 
0.000000 0.000000 0.000000 0.000000 0.000000 0.000000 0.000000 0.000000 0.000000 0.000000 0.000000 0.000000 0.000000 0.000000 0.000000 0.000000 0.000000 0.000000 0.000000 0.000000 0.000000 0.000001 0.000001 0.000001 0.000002 0.000003 0.000004 0.000005 0.000007 0.000009 0.000012 0.000016 0.000020 0.000026 0.000032 0.000039 0.000048 0.000057 0.000067 0.000078 0.000090 0.000102 0.000114 0.000126 0.000138 0.000148 0.000157 0.000165 0.000170 0.000174 0.000175 0.000174 0.000170 0.000165 0.000157 0.000148 0.000138 0.000126 0.000114 0.000102 0.000090 0.000078 0.000067 0.000057 0.000048 0.000039 0.000032 0.000026 0.000020 0.000016 0.000012 0.000009 0.000007 0.000005 0.000004 0.000003 0.000002 0.000001 0.000001 0.000001 0.000000 0.000000 0.000000 0.000000 0.000000 0.000000 0.000000 0.000000 0.000000 0.000000 0.000000 0.000000 0.000000 0.000000 0.000000 0.000000 0.000000 0.000000 0.000000 0.000000 
0.000000 0.000000 0.000000 0.000000 0.000000 0.000000 0.000000 0.000000 0.000000 0.000000 0.000000 0.000000 0.000000 0.000000 0.000000 0.000000 0.000000 0.000000 0.000000 0.000001 0.000001 0.000001 0.000002 0.000002 0.000003 0.000005 0.000007 0.000009 0.000012 0.000016 0.000021 0.000028 0.000035 0.000045 0.000056 0.000068 0.000083 0.000099 0.000117 0.000136 0.000156 0.000178 0.000199 0.000219 0.000239 0.000257 0.000273 0.000286 0.000296 0.000302 0.000304 0.000302 0.000296 0.000286 0.000273 0.000257 0.000239 0.000219 0.000199 0.000178 0.000156 0.000136 0.000117 0.000099 0.000083 0.000068 0.000056 0.000045 0.000035 0.000028 0.000021 0.000016 0.000012 0.000009 0.000007 0.000005 0.000003 0.000002 0.000002 0.000001 0.000001 0.000001 0.000000 0.000000 0.000000 0.000000 0.000000 0.000000 0.000000 0.000000 0.000000 0.000000 0.000000 0.000000 0.000000 0.000000 0.000000 0.000000 0.000000 0.000000 
0.000000 0.000000 0.000000 0.000000 0.000000 0.000000 0.000000 0.000000 0.000000 0.000000 0.000000 0.000000 0.000000 0.000000 0.000000 0.000000 0.000000 0.000000 0.000001 0.000001 0.000001 0.000002 0.000003 0.000004 0.000006 0.000009 0.000012 0.000016 0.000022 0.000029 0.000038 0.000049 0.000062 0.000079 0.000098 0.000120 0.000146 0.000174 0.000205 0.000239 0.000275 0.000312 0.000349 0.000385 0.000420 0.000452 0.000480 0.000502 0.000519 0.000530 0.000533 0.000530 0.000519 0.000502 0.000480 0.000452 0.000420 0.000385 0.000349 0.000312 0.000275 0.000239 0.000205 0.000174 0.000146 0.000120 0.000098 0.000079 0.000062 0.000049 0.000038 0.000029 0.000022 0.000016 0.000012 0.000009 0.000006 0.000004 0.000003 0.000002 0.000001 0.000001 0.000001 0.000000 0.000000 0.000000 0.000000 0.000000 0.000000 0.000000 0.000000 0.000000 0.000000 0.000000 0.000000 0.000000 0.000000 0.000000 0.000000 0.000000 
0.000000 0.000000 0.000000 0.000000 0.000000 0.000000 0.000000 0.000000 0.000000 0.000000 0.000000 0.000000 0.000000 0.000000 0.000000 0.000000 0.000000 0.000001 0.000001 0.000002 0.000002 0.000004 0.000005 0.000008 0.000011 0.000015 0.000021 0.000028 0.000038 0.000051 0.000066 0.000086 0.000109 0.000138 0.000171 0.000210 0.000255 0.000304 0.000359 0.000418 0.000480 0.000545 0.000609 0.000673 0.000734 0.000789 0.000837 0.000877 0.000907 0.000925 0.000931 0.000925 0.000907 0.000877 0.000837 0.000789 0.000734 0.000673 0.000609 0.000545 0.000480 0.000418 0.000359 0.000304 0.000255 0.000210 0.000171 0.000138 0.000109 0.000086 0.000066 0.000051 0.000038 0.000028 0.000021 0.000015 0.000011 0.000008 0.000005 0.000004 0.000002 0.000002 0.000001 0.000001 0.000000 0.000000 0.000000 0.000000 0.000000 0.000000 0.000000 0.000000 0.000000 0.000000 0.000000 0.000000 0.000000 0.000000 0.000000 0.000000 
0.000000 0.000000 0.000000 0.000000 0.000000 0.000000 0.000000 0.000000 0.000000 0.000000 0.000000 0.000000 0.000000 0.000000 0.000000 0.000001 0.000001 0.000001 0.000002 0.000003 0.000004 0.000006 0.000009 0.000013 0.000019 0.000026 0.000036 0.000049 0.000066 0.000088 0.000115 0.000149 0.000190 0.000239 0.000297 0.000364 0.000441 0.000527 0.000621 0.000723 0.000831 0.000942 0.001054 0.001163 0.001268 0.001363 0.001447 0.001516 0.001566 0.001598 0.001608 0.001598 0.001566 0.001516 0.001447 0.001363 0.001268 0.001163 0.001054 0.000942 0.000831 0.000723 0.000621 0.000527 0.000441 0.000364 0.000297 0.000239 0.000190 0.000149 0.000115 0.000088 0.000066 0.000049 0.000036 0.000026 0.000019 0.000013 0.000009 0.000006 0.000004 0.000003 0.000002 0.000001 0.000001 0.000001 0.000000 0.000000 0.000000 0.000000 0.000000 0.000000 0.000000 0.000000 0.000000 0.000000 0.000000 0.000000 0.000000 0.000000 
0.000000 0.000000 0.000000 0.000000 0.000000 0.000000 0.000000 0.000000 0.000000 0.000000 0.000000 0.000000 0.000000 0.000000 0.000001 0.000001 0.000001 0.000002 0.000003 0.000005 0.000007 0.000011 0.000016 0.000023 0.000032 0.000045 0.000062 0.000084 0.000113 0.000150 0.000197 0.000254 0.000325 0.000409 0.000508 0.000623 0.000754 0.000901 0.001062 0.001236 0.001420 0.001609 0.001800 0.001988 0.002166 0.002329 0.002471 0.002588 0.002675 0.002729 0.002747 0.002729 0.002675 0.002588 0.002471 0.002329 0.002166 0.001988 0.001800 0.001609 0.001420 0.001236 0.001062 0.000901 0.000754 0.000623 0.000508 0.000409 0.000325 0.000254 0.000197 0.000150 0.000113 0.000084 0.000062 0.000045 0.000032 0.000023 0.000016 0.000011 0.000007 0.000005 0.000003 0.000002 0.000001 0.000001 0.000001 0.000000 0.000000 0.000000 0.000000 0.000000 0.000000 0.000000 0.000000 0.000000 0.000000 0.000000 0.000000 0.000000 
0.000000 0.000000 0.000000 0.000000 0.000000 0.000000 0.000000 0.000000 0.000000 0.000000 0.000000 0.000000 0.000000 0.000001 0.000001 0.000002 0.000002 0.000004 0.000006 0.000008 0.000013 0.000019 0.000027 0.000039 0.000055 0.000076 0.000105 0.000143 0.000192 0.000255 0.000333 0.000431 0.000549 0.000691 0.000859 0.001053 0.001274 0.001522 0.001795 0.002088 0.002398 0.002717 0.003040 0.003355 0.003656 0.003931 0.004171 0.004368 0.004514 0.004604 0.004635 0.004604 0.004514 0.004368 0.004171 0.003931 0.003656 0.003355 0.003040 0.002717 0.002398 0.002088 0.001795 0.001522 0.001274 0.001053 0.000859 0.000691 0.000549 0.000431 0.000333 0.000255 0.000192 0.000143 0.000105 0.000076 0.000055 0.000039 0.000027 0.000019 0.000013 0.000008 0.000006 0.000004 0.000002 0.000002 0.000001 0.000001 0.000000 0.000000 0.000000 0.000000 0.000000 0.000000 0.000000 0.000000 0.000000 0.000000 0.000000 0.000000 
0.000000 0.000000 0.000000 0.000000 0.000000 0.000000 0.000000 0.000000 0.000000 0.000000 0.000000 0.000000 0.000001 0.000001 0.000002 0.000003 0.000004 0.000006 0.000009 0.000014 0.000021 0.000031 0.000045 0.000065 0.000092 0.000128 0.000176 0.000239 0.000322 0.000426 0.000558 0.000720 0.000918 0.001155 0.001435 0.001759 0.002128 0.002541 0.002995 0.003484 0.004000 0.004533 0.005070 0.005596 0.006096 0.006554 0.006954 0.007282 0.007526 0.007676 0.007726 0.007676 0.007526 0.007282 0.006954 0.006554 0.006096 0.005596 0.005070 0.004533 0.004000 0.003484 0.002995 0.002541 0.002128 0.001759 0.001435 0.001155 0.000918 0.000720 0.000558 0.000426 0.000322 0.000239 0.000176 0.000128 0.000092 0.000065 0.000045 0.000031 0.000021 0.000014 0.000009 0.000006 0.000004 0.000003 0.000002 0.000001 0.000001 0.000000 0.000000 0.000000 0.000000 0.000000 0.000000 0.000000 0.000000 0.000000 0.000000 0.000000 
0.000000 0.000000 0.000000 0.000000 0.000000 0.000000 0.000000 0.000000 0.000000 0.000000 0.000000 0.000001 0.000001 0.000002 0.000003 0.000004 0.000007 0.000010 0.000016 0.000024 0.000035 0.000052 0.000075 0.000107 0.000152 0.000211 0.000291 0.000396 0.000532 0.000704 0.000921 0.001190 0.001516 0.001907 0.002368 0.002902 0.003510 0.004190 0.004938 0.005743 0.006593 0.007470 0.008353 0.009219 0.010041 0.010794 0.011453 0.011992 0.012393 0.012640 0.012724 0.012640 0.012393 0.011992 0.011453 0.010794 0.010041 0.009219 0.008353 0.007470 0.006593 0.005743 0.004938 0.004190 0.003510 0.002902 0.002368 0.001907 0.001516 0.001190 0.000921 0.000704 0.000532 0.000396 0.000291 0.000211 0.000152 0.000107 0.000075 0.000052 0.000035 0.000024 0.000016 0.000010 0.000007 0.000004 0.000003 0.000002 0.000001 0.000001 0.000000 0.000000 0.000000 0.000000 0.000000 0.000000 0.000000 0.000000 0.000000 0.000000 
0.000000 0.000000 0.000000 0.000000 0.000000 0.000000 0.000000 0.000000 0.000000 0.000000 0.000001 0.000001 0.000002 0.000003 0.000004 0.000007 0.000011 0.000017 0.000026 0.000039 0.000058 0.000085 0.000123 0.000175 0.000248 0.000346 0.000476 0.000647 0.000868 0.001150 0.001504 0.001941 0.002472 0.003109 0.003859 0.004728 0.005718 0.006826 0.008042 0.009352 0.010734 0.012159 0.013595 0.015002 0.016339 0.017563 0.018633 0.019510 0.020161 0.020562 0.020698 0.020562 0.020161 0.019510 0.018633 0.017563 0.016339 0.015002 0.013595 0.012159 0.010734 0.009352 0.008042 0.006826 0.005718 0.004728 0.003859 0.003109 0.002472 0.001941 0.001504 0.001150 0.000868 0.000647 0.000476 0.000346 0.000248 0.000175 0.000123 0.000085 0.000058 0.000039 0.000026 0.000017 0.000011 0.000007 0.000004 0.000003 0.000002 0.000001 0.000001 0.000000 0.000000 0.000000 0.000000 0.000000 0.000000 0.000000 0.000000 0.000000 
0.000000 0.000000 0.000000 0.000000 0.000000 0.000000 0.000000 0.000000 0.000000 0.000001 0.000001 0.000002 0.000003 0.000004 0.000007 0.000011 0.000018 0.000027 0.000042 0.000063 0.000093 0.000137 0.000198 0.000284 0.000400 0.000558 0.000768 0.001044 0.001400 0.001854 0.002424 0.003127 0.003983 0.005007 0.006214 0.007611 0.009203 0.010983 0.012937 0.015041 0.017261 0.019551 0.021856 0.024115 0.026262 0.028227 0.029944 0.031351 0.032397 0.033041 0.033259 0.033041 0.032397 0.031351 0.029944 0.028227 0.026262 0.024115 0.021856 0.019551 0.017261 0.015041 0.012937 0.010983 0.009203 0.007611 0.006214 0.005007 0.003983 0.003127 0.002424 0.001854 0.001400 0.001044 0.000768 0.000558 0.000400 0.000284 0.000198 0.000137 0.000093 0.000063 0.000042 0.000027 0.000018 0.000011 0.000007 0.000004 0.000003 0.000002 0.000001 0.000001 0.000000 0.000000 0.000000 0.000000 0.000000 0.000000 0.000000 0.000000 
0.000000 0.000000 0.000000 0.000000 0.000000 0.000000 0.000000 0.000000 0.000001 0.000001 0.000002 0.000003 0.000004 0.000007 0.000011 0.000018 0.000028 0.000044 0.000067 0.000100 0.000149 0.000219 0.000317 0.000453 0.000639 0.000890 0.001225 0.001664 0.002231 0.002953 0.003858 0.004977 0.006337 0.007965 0.009882 0.012101 0.014628 0.017454 0.020556 0.023896 0.027417 0.031050 0.034707 0.038290 0.041694 0.044811 0.047533 0.049765 0.051423 0.052444 0.052789 0.052444 0.051423 0.049765 0.047533 0.044811 0.041694 0.038290 0.034707 0.031050 0.027417 0.023896 0.020556 0.017454 0.014628 0.012101 0.009882 0.007965 0.006337 0.004977 0.003858 0.002953 0.002231 0.001664 0.001225 0.000890 0.000639 0.000453 0.000317 0.000219 0.000149 0.000100 0.000067 0.000044 0.000028 0.000018 0.000011 0.000007 0.000004 0.000003 0.000002 0.000001 0.000001 0.000000 0.000000 0.000000 0.000000 0.000000 0.000000 0.000000 
0.000000 0.000000 0.000000 0.000000 0.000000 0.000000 0.000000 0.000001 0.000001 0.000002 0.000003 0.000004 0.000007 0.000011 0.000018 0.000029 0.000045 0.000069 0.000105 0.000158 0.000235 0.000345 0.000499 0.000713 0.001007 0.001402 0.001928 0.002618 0.003510 0.004644 0.006067 0.007823 0.009959 0.012513 0.015521 0.019004 0.022967 0.027398 0.032262 0.037496 0.043016 0.048708 0.054438 0.060052 0.065384 0.070265 0.074529 0.078024 0.080621 0.082220 0.082760 0.082220 0.080621 0.078024 0.074529 0.070265 0.065384 0.060052 0.054438 0.048708 0.043016 0.037496 0.032262 0.027398 0.022967 0.019004 0.015521 0.012513 0.009959 0.007823 0.006067 0.004644 0.003510 0.002618 0.001928 0.001402 0.001007 0.000713 0.000499 0.000345 0.000235 0.000158 0.000105 0.000069 0.000045 0.000029 0.000018 0.000011 0.000007 0.000004 0.000003 0.000002 0.000001 0.000001 0.000000 0.000000 0.000000 0.000000 0.000000 0.000000 
0.000000 0.000000 0.000000 0.000000 0.000000 0.000000 0.000000 0.000001 0.000001 0.000002 0.000004 0.000007 0.000011 0.000018 0.000028 0.000045 0.000070 0.000108 0.000164 0.000247 0.000366 0.000537 0.000777 0.001110 0.001566 0.002181 0.002999 0.004070 0.005454 0.007215 0.009421 0.012146 0.015457 0.019417 0.024079 0.029475 0.035615 0.042478 0.050009 0.058114 0.066658 0.075469 0.084336 0.093023 0.101274 0.108826 0.115423 0.120829 0.124845 0.127319 0.128154 0.127319 0.124845 0.120829 0.115423 0.108826 0.101274 0.093023 0.084336 0.075469 0.066658 0.058114 0.050009 0.042478 0.035615 0.029475 0.024079 0.019417 0.015457 0.012146 0.009421 0.007215 0.005454 0.004070 0.002999 0.002181 0.001566 0.001110 0.000777 0.000537 0.000366 0.000247 0.000164 0.000108 0.000070 0.000045 0.000028 0.000018 0.000011 0.000007 0.000004 0.000002 0.000001 0.000001 0.000000 0.000000 0.000000 0.000000 0.000000 0.000000 
0.000000 0.000000 0.000000 0.000000 0.000000 0.000000 0.000001 0.000001 0.000002 0.000004 0.000006 0.000010 0.000017 0.000027 0.000044 0.000069 0.000108 0.000166 0.000253 0.000380 0.000564 0.000826 0.001195 0.001707 0.002407 0.003350 0.004605 0.006248 0.008369 0.011068 0.014450 0.018623 0.023694 0.029758 0.036894 0.045151 0.054546 0.065045 0.076563 0.088957 0.102022 0.115491 0.129046 0.142324 0.154933 0.166473 0.176553 0.184814 0.190950 0.194729 0.196006 0.194729 0.190950 0.184814 0.176553 0.166473 0.154933 0.142324 0.129046 0.115491 0.102022 0.088957 0.076563 0.065045 0.054546 0.045151 0.036894 0.029758 0.023694 0.018623 0.014450 0.011068 0.008369 0.006248 0.004605 0.003350 0.002407 0.001707 0.001195 0.000826 0.000564 0.000380 0.000253 0.000166 0.000108 0.000069 0.000044 0.000027 0.000017 0.000010 0.000006 0.000004 0.000002 0.000001 0.000001 0.000000 0.000000 0.000000 0.000000 0.000000 
0.000000 0.000000 0.000000 0.000000 0.000000 0.000001 0.000001 0.000002 0.000003 0.000006 0.000009 0.000016 0.000026 0.000042 0.000067 0.000105 0.000164 0.000253 0.000385 0.000578 0.000857 0.001255 0.001815 0.002591 0.003652 0.005082 0.006983 0.009472 0.012684 0.016770 0.021887 0.028201 0.035870 0.045040 0.055828 0.068310 0.082506 0.098369 0.115769 0.134489 0.154218 0.174556 0.195021 0.215065 0.234099 0.251517 0.266729 0.279196 0.288456 0.294160 0.296086 0.294160 0.288456 0.279196 0.266729 0.251517 0.234099 0.215065 0.195021 0.174556 0.154218 0.134489 0.115769 0.098369 0.082506 0.068310 0.055828 0.045040 0.035870 0.028201 0.021887 0.016770 0.012684 0.009472 0.006983 0.005082 0.003652 0.002591 0.001815 0.001255 0.000857 0.000578 0.000385 0.000253 0.000164 0.000105 0.000067 0.000042 0.000026 0.000016 0.000009 0.000006 0.000003 0.000002 0.000001 0.000001 0.000000 0.000000 0.000000 0.000000 
0.000000 0.000000 0.000000 0.000000 0.000001 0.000001 0.000002 0.000003 0.000005 0.000008 0.000014 0.000024 0.000039 0.000063 0.000100 0.000158 0.000247 0.000380 0.000578 0.000868 0.001286 0.001883 0.002722 0.003884 0.005473 0.007614 0.010457 0.014180 0.018984 0.025092 0.032740 0.042174 0.053630 0.067325 0.083432 0.102065 0.123253 0.146923 0.172884 0.200809 0.230236 0.260566 0.291081 0.320967 0.349344 0.375309 0.397986 0.416568 0.430370 0.438871 0.441741 0.438871 0.430370 0.416568 0.397986 0.375309 0.349344 0.320967 0.291081 0.260566 0.230236 0.200809 0.172884 0.146923 0.123253 0.102065 0.083432 0.067325 0.053630 0.042174 0.032740 0.025092 0.018984 0.014180 0.010457 0.007614 0.005473 0.003884 0.002722 0.001883 0.001286 0.000868 0.000578 0.000380 0.000247 0.000158 0.000100 0.000063 0.000039 0.000024 0.000014 0.000008 0.000005 0.000003 0.000002 0.000001 0.000001 0.000000 0.000000 0.000000 
0.000000 0.000000 0.000000 0.000000 0.000001 0.000001 0.000002 0.000004 0.000007 0.000013 0.000021 0.000035 0.000058 0.000093 0.000149 0.000235 0.000366 0.000564 0.000857 0.001286 0.001906 0.002790 0.004030 0.005750 0.008099 0.011263 0.015465 0.020965 0.028059 0.037076 0.048365 0.062285 0.079186 0.099384 0.123136 0.150605 0.181836 0.216721 0.254974 0.296116 0.339463 0.384135 0.429076 0.473084 0.514867 0.553097 0.586481 0.613837 0.634156 0.646669 0.650895 0.646669 0.634156 0.613837 0.586481 0.553097 0.514867 0.473084 0.429076 0.384135 0.339463 0.296116 0.254974 0.216721 0.181836 0.150605 0.123136 0.099384 0.079186 0.062285 0.048365 0.037076 0.028059 0.020965 0.015465 0.011263 0.008099 0.005750 0.004030 0.002790 0.001906 0.001286 0.000857 0.000564 0.000366 0.000235 0.000149 0.000093 0.000058 0.000035 0.000021 0.000013 0.000007 0.000004 0.000002 0.000001 0.000001 0.000001 0.000000 0.000000 
0.000000 0.000000 0.000000 0.000001 0.000001 0.000002 0.000004 0.000006 0.000011 0.000019 0.000031 0.000052 0.000085 0.000137 0.000219 0.000345 0.000537 0.000826 0.001255 0.001883 0.002790 0.004080 0.005893 0.008405 0.011834 0.016453 0.022585 0.030608 0.040954 0.054100 0.070554 0.090840 0.115463 0.144883 0.179471 0.219466 0.264930 0.315703 0.371371 0.431232 0.494294 0.559276 0.624641 0.688644 0.749405 0.804995 0.853536 0.893309 0.922850 0.941043 0.947186 0.941043 0.922850 0.893309 0.853536 0.804995 0.749405 0.688644 0.624641 0.559276 0.494294 0.431232 0.371371 0.315703 0.264930 0.219466 0.179471 0.144883 0.115463 0.090840 0.070554 0.054100 0.040954 0.030608 0.022585 0.016453 0.011834 0.008405 0.005893 0.004080 0.002790 0.001883 0.001255 0.000826 0.000537 0.000345 0.000219 0.000137 0.000085 0.000052 0.000031 0.000019 0.000011 0.000006 0.000004 0.000002 0.000001 0.000001 0.000001 0.000001 
0.000000 0.000000 0.000001 0.000001 0.000002 0.000003 0.000005 0.000009 0.000016 0.000027 0.000045 0.000075 0.000123 0.000198 0.000317 0.000499 0.000777 0.001195 0.001815 0.002722 0.004030 0.005893 0.008509 0.012131 0.017076 0.023733 0.032568 0.044126 0.059026 0.077953 0.101638 0.130830 0.166256 0.208575 0.258318 0.315826 0.381185 0.454166 0.534168 0.620186 0.710790 0.804143 0.898036 0.989964 1.077227 1.157058 1.226763 1.283874 1.326292 1.352413 1.361234 1.352413 1.326292 1.283874 1.226763 1.157058 1.077227 0.989964 0.898036 0.804143 0.710790 0.620186 0.534168 0.454166 0.381185 0.315826 0.258318 0.208575 0.166256 0.130830 0.101638 0.077953 0.059026 0.044126 0.032568 0.023733 0.017076 0.012131 0.008509 0.005893 0.004030 0.002722 0.001815 0.001195 0.000777 0.000499 0.000317 0.000198 0.000123 0.000075 0.000045 0.000027 0.000016 0.000009 0.000005 0.000003 0.000002 0.000001 0.000001 0.000001 
0.000001 0.000001 0.000001 0.000001 0.000002 0.000004 0.000008 0.000013 0.000023 0.000039 0.000065 0.000107 0.000175 0.000284 0.000453 0.000713 0.001110 0.001707 0.002591 0.003884 0.005750 0.008405 0.012131 0.017289 0.024329 0.033805 0.046376 0.062817 0.084006 0.110915 0.144582 0.186067 0.236400 0.296514 0.367160 0.448818 0.541610 0.645205 0.758750 0.880816 1.009375 1.141818 1.275013 1.405408 1.529178 1.642397 1.741251 1.822240 1.882389 1.919430 1.931938 1.919430 1.882389 1.822240 1.741251 1.642397 1.529178 1.405408 1.275013 1.141818 1.009375 0.880816 0.758750 0.645205 0.541610 0.448818 0.367160 0.296514 0.236400 0.186067 0.144582 0.110915 0.084006 0.062817 0.046376 0.033805 0.024329 0.017289 0.012131 0.008405 0.005750 0.003884 0.002591 0.001707 0.001110 0.000713 0.000453 0.000284 0.000175 0.000107 0.000065 0.000039 0.000023 0.000013 0.000008 0.000004 0.000003 0.000002 0.000001 0.000001 
0.000001 0.000001 0.000001 0.000002 0.000003 0.000006 0.000011 0.000019 0.000032 0.000055 0.000092 0.000152 0.000248 0.000400 0.000639 0.001007 0.001566 0.002407 0.003652 0.005473 0.008099 0.011834 0.017076 0.024329 0.034227 0.047544 0.065207 0.088300 0.118056 0.155836 0.203092 0.261308 0.331927 0.416252 0.515332 0.629837 0.759931 0.905149 1.064292 1.235355 1.415495 1.601057 1.787654 1.970314 2.143677 2.302253 2.440700 2.554122 2.638357 2.690228 2.707744 2.690228 2.638357 2.554122 2.440700 2.302253 2.143677 1.970314 1.787654 1.601057 1.415495 1.235355 1.064292 0.905149 0.759931 0.629837 0.515332 0.416252 0.331927 0.261308 0.203092 0.155836 0.118056 0.088300 0.065207 0.047544 0.034227 0.024329 0.017076 0.011834 0.008099 0.005473 0.003652 0.002407 0.001566 0.001007 0.000639 0.000400 0.000248 0.000152 0.000092 0.000055 0.000032 0.000019 0.000011 0.000006 0.000004 0.000002 0.000002 0.000002 
0.000001 0.000001 0.000002 0.000003 0.000005 0.000009 0.000015 0.000026 0.000045 0.000076 0.000128 0.000211 0.000346 0.000558 0.000890 0.001402 0.002181 0.003350 0.005082 0.007614 0.011263 0.016453 0.023733 0.033805 0.047544 0.066024 0.090529 0.122559 0.163821 0.216197 0.281695 0.362368 0.460208 0.577015 0.714235 0.872791 1.052905 1.253928 1.474196 1.710932 1.960201 2.216945 2.475096 2.727778 2.967582 3.186918 3.378401 3.535267 3.651762 3.723497 3.747721 3.723497 3.651762 3.535267 3.378401 3.186918 2.967582 2.727778 2.475096 2.216945 1.960201 1.710932 1.474196 1.253928 1.052905 0.872791 0.714235 0.577015 0.460208 0.362368 0.281695 0.216197 0.163821 0.122559 0.090529 0.066024 0.047544 0.033805 0.023733 0.016453 0.011263 0.007614 0.005082 0.003350 0.002181 0.001402 0.000890 0.000558 0.000346 0.000211 0.000128 0.000076 0.000045 0.000026 0.000015 0.000009 0.000005 0.000003 0.000002 0.000002 
0.000002 0.000002 0.000002 0.000004 0.000007 0.000012 0.000021 0.000036 0.000062 0.000105 0.000176 0.000291 0.000476 0.000768 0.001225 0.001928 0.002999 0.004605 0.006983 0.010457 0.015465 0.022585 0.032568 0.046376 0.065207 0.090529 0.124098 0.167966 0.224463 0.296162 0.385805 0.496194 0.630048 0.789820 0.977482 1.194287 1.440533 1.715325 2.016384 2.339911 2.680527 3.031322 3.384007 3.729191 4.056760 4.356351 4.617886 4.832129 4.991230 5.089198 5.122280 5.089198 4.991230 4.832129 4.617886 4.356351 4.056760 3.729191 3.384007 3.031322 2.680527 2.339911 2.016384 1.715325 1.440533 1.194287 0.977482 0.789820 0.630048 0.496194 0.385805 0.296162 0.224463 0.167966 0.124098 0.090529 0.065207 0.046376 0.032568 0.022585 0.015465 0.010457 0.006983 0.004605 0.002999 0.001928 0.001225 0.000768 0.000476 0.000291 0.000176 0.000105 0.000062 0.000036 0.000021 0.000012 0.000007 0.000004 0.000003 0.000003 
0.000002 0.000002 0.000003 0.000005 0.000009 0.000016 0.000028 0.000049 0.000084 0.000143 0.000239 0.000396 0.000647 0.001044 0.001664 0.002618 0.004070 0.006248 0.009472 0.014180 0.020965 0.030608 0.044126 0.062817 0.088300 0.122559 0.167966 0.227288 0.303672 0.400588 0.521733 0.670886 0.851710 1.067509 1.320935 1.613673 1.946112 2.317038 2.723369 3.159972 3.619588 4.092892 4.568704 5.034359 5.476221 5.880318 6.233067 6.522020 6.736595 6.868719 6.913335 6.868719 6.736595 6.522020 6.233067 5.880318 5.476221 5.034359 4.568704 4.092892 3.619588 3.159972 2.723369 2.317038 1.946112 1.613673 1.320935 1.067509 0.851710 0.670886 0.521733 0.400588 0.303672 0.227288 0.167966 0.122559 0.088300 0.062817 0.044126 0.030608 0.020965 0.014180 0.009472 0.006248 0.004070 0.002618 0.001664 0.001044 0.000647 0.000396 0.000239 0.000143 0.000084 0.000049 0.000028 0.000016 0.000009 0.000006 0.000004 0.000004 
0.000003 0.000003 0.000004 0.000007 0.000012 0.000022 0.000038 0.000066 0.000113 0.000192 0.000322 0.000532 0.000868 0.001400 0.002231 0.003510 0.005454 0.008369 0.012684 0.018984 0.028059 0.040954 0.059026 0.084006 0.118056 0.163821 0.224463 0.303672 0.405640 0.534991 0.696647 0.895640 1.136845 1.424654 1.762591 2.152891 2.596061 3.090472 3.632008 4.213824 4.826243 5.456840 6.090725 6.711033 7.299605 7.837845 8.307667 8.692506 8.978277 9.154238 9.213656 9.154238 8.978277 8.692506 8.307667 7.837845 7.299605 6.711033 6.090725 5.456840 4.826243 4.213824 3.632008 3.090472 2.596061 2.152891 1.762591 1.424654 1.136845 0.895640 0.696647 0.534991 0.405640 0.303672 0.224463 0.163821 0.118056 0.084006 0.059026 0.040954 0.028059 0.018984 0.012684 0.008369 0.005454 0.003510 0.002231 0.001400 0.000868 0.000532 0.000322 0.000192 0.000113 0.000066 0.000038 0.000022 0.000013 0.000008 0.000006 0.000006 
0.000004 0.000004 0.000006 0.000009 0.000016 0.000029 0.000051 0.000088 0.000150 0.000255 0.000426 0.000704 0.001150 0.001854 0.002953 0.004644 0.007215 0.011068 0.016770 0.025092 0.037076 0.054100 0.077953 0.110915 0.155836 0.216197 0.296162 0.400588 0.534991 0.705452 0.918447 1.180588 1.498283 1.877299 2.322261 2.836094 3.419453 4.070180 4.782848 5.548441 6.354224 7.183849 8.017733 8.833696 9.607865 10.315791 10.933703 11.439826 11.815649 12.047055 12.125194 12.047055 11.815649 11.439826 10.933703 10.315791 9.607865 8.833696 8.017733 7.183849 6.354224 5.548441 4.782848 4.070180 3.419453 2.836094 2.322261 1.877299 1.498283 1.180588 0.918447 0.705452 0.534991 0.400588 0.296162 0.216197 0.155836 0.110915 0.077953 0.054100 0.037076 0.025092 0.016770 0.011068 0.007215 0.004644 0.002953 0.001854 0.001150 0.000704 0.000426 0.000255 0.000150 0.000088 0.000051 0.000029 0.000017 0.000010 0.000008 0.000008 
0.000005 0.000005 0.000007 0.000012 0.000021 0.000038 0.000066 0.000115 0.000197 0.000333 0.000558 0.000921 0.001504 0.002424 0.003858 0.006067 0.009421 0.014450 0.021887 0.032740 0.048365 0.070554 0.101638 0.144582 0.203092 0.281695 0.385805 0.521733 0.696647 0.918447 1.195540 1.536511 1.949674 2.442510 3.021010 3.688959 4.447189 5.292879 6.218966 7.213723 8.260601 9.338363 10.421572 11.481429 12.486940 13.406364 14.208848 14.866127 15.354180 15.654683 15.756154 15.654683 15.354180 14.866127 14.208848 13.406364 12.486940 11.481429 10.421572 9.338363 8.260601 7.213723 6.218966 5.292879 4.447189 3.688959 3.021010 2.442510 1.949674 1.536511 1.195540 0.918447 0.696647 0.521733 0.385805 0.281695 0.203092 0.144582 0.101638 0.070554 0.048365 0.032740 0.021887 0.014450 0.009421 0.006067 0.003858 0.002424 0.001504 0.000921 0.000558 0.000333 0.000197 0.000115 0.000066 0.000038 0.000022 0.000014 0.000010 0.000010 
0.000007 0.000007 0.000010 0.000016 0.000028 0.000049 0.000086 0.000149 0.000254 0.000431 0.000720 0.001190 0.001941 0.003127 0.004977 0.007823 0.012146 0.018623 0.028201 0.042174 0.062285 0.090840 0.130830 0.186067 0.261308 0.362368 0.496194 0.670886 0.895640 1.180588 1.536511 1.974414 2.504948 3.137695 3.880323 4.737665 5.710767 6.795990 7.984254 9.260505 10.603503 11.986008 13.375399 14.734746 16.024316 17.203422 18.232516 19.075375 19.701212 20.086545 20.216659 20.086545 19.701212 19.075375 18.232516 17.203422 16.024316 14.734746 13.375399 11.986008 10.603503 9.260505 7.984254 6.795990 5.710767 4.737665 3.880323 3.137695 2.504948 1.974414 1.536511 1.180588 0.895640 0.670886 0.496194 0.362368 0.261308 0.186067 0.130830 0.090840 0.062285 0.042174 0.028201 0.018623 0.012146 0.007823 0.004977 0.003127 0.001941 0.001190 0.000720 0.000431 0.000255 0.000149 0.000086 0.000049 0.000029 0.000018 0.000013 0.000013 
0.000009 0.000009 0.000012 0.000020 0.000035 0.000062 0.000109 0.000190 0.000325 0.000549 0.000918 0.001516 0.002472 0.003983 0.006337 0.009959 0.015457 0.023694 0.035870 0.053630 0.079186 0.115463 0.166256 0.236400 0.331927 0.460208 0.630048 0.851710 1.136845 1.498283 1.949674 2.504948 3.177582 3.979694 4.920976 6.007521 7.240630 8.615669 10.121114 11.737880 13.439058 15.190142 16.949824 18.671348 20.304415 21.797525 23.100622 24.167865 24.960291 25.448187 25.612933 25.448187 24.960291 24.167865 23.100622 21.797525 20.304415 18.671348 16.949824 15.190142 13.439058 11.737880 10.121114 8.615669 7.240630 6.007521 4.920976 3.979694 3.177582 2.504948 1.949674 1.498283 1.136845 0.851710 0.630048 0.460208 0.331927 0.236400 0.166256 0.115463 0.079186 0.053630 0.035870 0.023694 0.015457 0.009959 0.006337 0.003983 0.002472 0.001516 0.000918 0.000549 0.000325 0.000190 0.000110 0.000063 0.000037 0.000023 0.000017 0.000017 
0.000011 0.000011 0.000016 0.000026 0.000045 0.000079 0.000138 0.000239 0.000409 0.000691 0.001155 0.001907 0.003109 0.005007 0.007965 0.012513 0.019417 0.029758 0.045040 0.067325 0.099384 0.144883 0.208575 0.296514 0.416252 0.577015 0.789820 1.067509 1.424654 1.877299 2.442510 3.137695 3.979694 4.983641 6.161629 7.521250 9.064099 10.784353 12.667572 14.689868 16.817575 19.007541 21.208112 23.360839 25.402847 27.269767 28.899044 30.233389 31.224118 31.834099 32.040068 31.834099 31.224118 30.233389 28.899044 27.269767 25.402847 23.360839 21.208112 19.007541 16.817575 14.689868 12.667572 10.784353 9.064099 7.521250 6.161629 4.983641 3.979694 3.137695 2.442510 1.877299 1.424654 1.067509 0.789820 0.577015 0.416252 0.296514 0.208575 0.144883 0.099384 0.067325 0.045040 0.029758 0.019417 0.012513 0.007965 0.005007 0.003109 0.001907 0.001155 0.000691 0.000409 0.000239 0.000138 0.000080 0.000046 0.000028 0.000021 0.000021 
0.000014 0.000014 0.000019 0.000032 0.000056 0.000098 0.000171 0.000297 0.000508 0.000859 0.001435 0.002368 0.003859 0.006214 0.009882 0.015521 0.024079 0.036894 0.055828 0.083432 0.123136 0.179471 0.258318 0.367160 0.515332 0.714235 0.977482 1.320935 1.762591 2.322261 3.021010 3.880323 4.920976 6.161629 7.617185 9.296988 11.202969 13.327902 15.653926 18.151522 20.779102 23.483379 26.200583 28.858561 31.379712 33.684595 35.696016 37.343284 38.566327 39.319331 39.573591 39.319331 38.566327 37.343284 35.696016 33.684595 31.379712 28.858561 26.200583 23.483379 20.779102 18.151522 15.653926 13.327902 11.202969 9.296988 7.617185 6.161629 4.920976 3.880323 3.021010 2.322261 1.762591 1.320935 0.977482 0.714235 0.515332 0.367160 0.258318 0.179471 0.123136 0.083432 0.055828 0.036894 0.024079 0.015521 0.009882 0.006214 0.003859 0.002368 0.001435 0.000859 0.000508 0.000297 0.000172 0.000099 0.000058 0.000035 0.000026 0.000026 
0.000017 0.000017 0.000024 0.000039 0.000068 0.000120 0.000210 0.000364 0.000623 0.001053 0.001759 0.002902 0.004728 0.007611 0.012101 0.019004 0.029475 0.045151 0.068310 0.102065 0.150605 0.219466 0.315826 0.448818 0.629837 0.872791 1.194287 1.613673 2.152891 2.836094 3.688959 4.737665 6.007521 7.521250 9.296988 11.346086 13.670858 16.262455 19.099065 22.144668 25.348547 28.645729 31.958476 35.198848 38.272271 41.081941 43.533799 45.541713 47.032494 47.950328 48.260242 47.950328 47.032494 45.541713 43.533799 41.081941 38.272271 35.198848 31.958476 28.645729 25.348547 22.144668 19.099065 16.262455 13.670858 11.346086 9.296988 7.521250 6.007521 4.737665 3.688959 2.836094 2.152891 1.613673 1.194287 0.872791 0.629837 0.448818 0.315826 0.219466 0.150605 0.102065 0.068310 0.045151 0.029475 0.019004 0.012101 0.007611 0.004728 0.002902 0.001759 0.001053 0.000623 0.000364 0.000211 0.000121 0.000071 0.000044 0.000032 0.000032 
0.000021 0.000021 0.000029 0.000048 0.000083 0.000146 0.000255 0.000441 0.000754 0.001274 0.002128 0.003510 0.005718 0.009203 0.014628 0.022967 0.035615 0.054546 0.082506 0.123253 0.181836 0.264930 0.381185 0.541610 0.759931 1.052905 1.440533 1.946112 2.596061 3.419453 4.447189 5.710767 7.240630 9.064099 11.202969 13.670858 16.470507 19.591218 23.006694 26.673543 30.530693 34.499928 38.487681 42.388121 46.087445 49.469179 52.420158 54.836760 56.630941 57.735556 58.108536 57.735556 56.630941 54.836760 52.420158 49.469179 46.087445 42.388121 38.487681 34.499928 30.530693 26.673543 23.006694 19.591218 16.470507 13.670858 11.202969 9.064099 7.240630 5.710767 4.447189 3.419453 2.596061 1.946112 1.440533 1.052905 0.759931 0.541610 0.381185 0.264930 0.181836 0.123253 0.082506 0.054546 0.035615 0.022967 0.014628 0.009203 0.005718 0.003510 0.002128 0.001274 0.000754 0.000441 0.000255 0.000147 0.000086 0.000053 0.000039 0.000039 
0.000025 0.000025 0.000035 0.000057 0.000099 0.000174 0.000304 0.000527 0.000901 0.001522 0.002541 0.004190 0.006826 0.010983 0.017454 0.027398 0.042478 0.065045 0.098369 0.146923 0.216721 0.315703 0.454166 0.645205 0.905149 1.253928 1.715325 2.317038 3.090472 4.070180 5.292879 6.795990 8.615669 10.784353 13.327902 16.262455 19.591218 23.301425 27.361778 31.720668 36.305486 41.023267 45.762814 50.398375 54.794741 58.813538 62.320331 65.192034 67.324063 68.636663 69.079870 68.636663 67.324063 65.192034 62.320331 58.813538 54.794741 50.398375 45.762814 41.023267 36.305486 31.720668 27.361778 23.301425 19.591218 16.262455 13.327902 10.784353 8.615669 6.795990 5.292879 4.070180 3.090472 2.317038 1.715325 1.253928 0.905149 0.645205 0.454166 0.315703 0.216721 0.146923 0.098369 0.065045 0.042478 0.027398 0.017454 0.010983 0.006826 0.004190 0.002541 0.001522 0.000901 0.000527 0.000305 0.000176 0.000102 0.000063 0.000046 0.000046 
0.000030 0.000030 0.000041 0.000067 0.000117 0.000205 0.000359 0.000621 0.001062 0.001795 0.002995 0.004938 0.008042 0.012937 0.020556 0.032262 0.050009 0.076563 0.115769 0.172884 0.254974 0.371371 0.534168 0.758750 1.064292 1.474196 2.016384 2.723369 3.632008 4.782848 6.218966 7.984254 10.121114 12.667572 15.653926 19.099065 23.006694 27.361778 32.127540 37.243380 42.624071 48.160512 53.722233 59.161699 64.320297 69.035715 73.150270 76.519595 79.021032 80.561046 81.081036 80.561046 79.021032 76.519595 73.150270 69.035715 64.320297 59.161699 53.722233 48.160512 42.624071 37.243380 32.127540 27.361778 23.006694 19.099065 15.653926 12.667572 10.121114 7.984254 6.218966 4.782848 3.632008 2.723369 2.016384 1.474196 1.064292 0.758750 0.534168 0.371371 0.254974 0.172884 0.115769 0.076563 0.050009 0.032262 0.020556 0.012937 0.008042 0.004938 0.002995 0.001795 0.001062 0.000622 0.000360 0.000208 0.000121 0.000075 0.000055 0.000055 
0.000034 0.000034 0.000048 0.000078 0.000136 0.000239 0.000418 0.000723 0.001236 0.002088 0.003484 0.005743 0.009352 0.015041 0.023896 0.037496 0.058114 0.088957 0.134489 0.200809 0.296116 0.431232 0.620186 0.880816 1.235355 1.710932 2.339911 3.159972 4.213824 5.548441 7.213723 9.260505 11.737880 14.689868 18.151522 22.144668 26.673543 31.720668 37.243380 43.171429 49.406045 55.820815 62.264595 68.566485 74.542773 80.005473 84.771970 88.675082 91.572768 93.356716 93.959069 93.356716 91.572768 88.675082 84.771970 80.005473 74.542773 68.566485 62.264595 55.820815 49.406045 43.171429 37.243380 31.720668 26.673543 22.144668 18.151522 14.689868 11.737880 9.260505 7.213723 5.548441 4.213824 3.159972 2.339911 1.710932 1.235355 0.880816 0.620186 0.431232 0.296116 0.200809 0.134489 0.088957 0.058114 0.037496 0.023896 0.015041 0.009352 0.005743 0.003484 0.002088 0.001236 0.000724 0.000419 0.000242 0.000141 0.000087 0.000064 0.000064 
0.000040 0.000040 0.000055 0.000090 0.000156 0.000275 0.000480 0.000831 0.001420 0.002398 0.004000 0.006593 0.010734 0.017261 0.027417 0.043016 0.066658 0.102022 0.154218 0.230236 0.339463 0.494294 0.710790 1.009375 1.415495 1.960201 2.680527 3.619588 4.826243 6.354224 8.260601 10.603503 13.439058 16.817575 20.779102 25.348547 30.530693 36.305486 42.624071 49.406045 56.538396 63.876518 71.247529 78.455979 85.291774 91.539950 96.991696 101.455854 104.770019 106.810352 107.499271 106.810352 104.770019 101.455854 96.991696 91.539950 85.291774 78.455979 71.247529 63.876518 56.538396 49.406045 42.624071 36.305486 30.530693 25.348547 20.779102 16.817575 13.439058 10.603503 8.260601 6.354224 4.826243 3.619588 2.680527 1.960201 1.415495 1.009375 0.710790 0.494294 0.339463 0.230236 0.154218 0.102022 0.066658 0.043016 0.027417 0.017261 0.010734 0.006593 0.004000 0.002398 0.001420 0.000831 0.000482 0.000278 0.000162 0.000100 0.000073 0.000073 
0.000045 0.000045 0.000062 0.000102 0.000178 0.000312 0.000545 0.000942 0.001609 0.002717 0.004533 0.007470 0.012159 0.019551 0.031050 0.048708 0.075469 0.115491 0.174556 0.260566 0.384135 0.559276 0.804143 1.141818 1.601057 2.216945 3.031322 4.092892 5.456840 7.183849 9.338363 11.986008 15.190142 19.007541 23.483379 28.645729 34.499928 41.023267 48.160512 55.820815 63.876518 72.164297 80.488922 88.629691 96.349390 103.405318 109.561732 114.602825 118.345258 120.649232 121.427165 120.649232 118.345258 114.602825 109.561732 103.405318 96.349390 88.629691 80.488922 72.164297 63.876518 55.820815 48.160512 41.023267 34.499928 28.645729 23.483379 19.007541 15.190142 11.986008 9.338363 7.183849 5.456840 4.092892 3.031322 2.216945 1.601057 1.141818 0.804143 0.559276 0.384135 0.260566 0.174556 0.115491 0.075469 0.048708 0.031050 0.019551 0.012159 0.007470 0.004533 0.002718 0.001610 0.000943 0.000546 0.000315 0.000184 0.000113 0.000083 0.000083 
0.000050 0.000050 0.000070 0.000114 0.000199 0.000349 0.000609 0.001054 0.001800 0.003040 0.005070 0.008353 0.013595 0.021856 0.034707 0.054438 0.084336 0.129046 0.195021 0.291081 0.429076 0.624641 0.898036 1.275013 1.787654 2.475096 3.384007 4.568704 6.090725 8.017733 10.421572 13.375399 16.949824 21.208112 26.200583 31.958476 38.487681 45.762814 53.722233 62.264595 71.247529 80.488922 89.771098 98.848010 107.455214 115.322165 122.186087 127.806433 131.978849 134.547516 135.414821 134.547516 131.978849 127.806433 122.186087 115.322165 107.455214 98.848010 89.771098 80.488922 71.247529 62.264595 53.722233 45.762814 38.487681 31.958476 26.200583 21.208112 16.949824 13.375399 10.421572 8.017733 6.090725 4.568704 3.384007 2.475096 1.787654 1.275013 0.898036 0.624641 0.429076 0.291081 0.195021 0.129046 0.084336 0.054438 0.034707 0.021856 0.013595 0.008353 0.005070 0.003040 0.001801 0.001055 0.000611 0.000353 0.000206 0.000127 0.000093 0.000093 
