0.000000 0.000000 0.000000 0.000000 0.000000 0.000000 0.000000 0.000000 0.000000 0.000000 0.000000 0.000000 0.000000 0.000000 0.000001 0.000001 0.000001 0.000002 0.000003 0.000004 0.000005 0.000007 0.000010 0.000013 0.000017 0.000023 0.000030 0.000039 0.000050 0.000063 0.000080 0.000099 0.000121 0.000147 0.000176 0.000210 0.000246 0.000286 0.000328 0.000373 0.000419 0.000465 0.000511 0.000555 0.000597 0.000634 0.000667 0.000693 0.000713 0.000725 0.000729 0.000725 0.000713 0.000693 0.000667 0.000634 0.000597 0.000555 0.000511 0.000465 0.000419 0.000373 0.000328 0.000286 0.000246 0.000210 0.000176 0.000147 0.000121 0.000099 0.000080 0.000063 0.000050 0.000039 0.000030 0.000023 0.000017 0.000013 0.000010 0.000007 0.000005 0.000004 0.000003 0.000002 0.000001 0.000001 0.000001 0.000000 0.000000 0.000000 0.000000 0.000000 0.000000 0.000000 0.000000 0.000000 0.000000 0.000000 0.000000 0.000000 
0.000000 0.000000 0.000000 0.000000 0.000000 0.000000 0.000000 0.000000 0.000000 0.000000 0.000000 0.000000 0.000000 0.000000 0.000001 0.000001 0.000001 0.000002 0.000003 0.000004 0.000005 0.000007 0.000010 0.000013 0.000017 0.000023 0.000030 0.000039 0.000050 0.000063 0.000080 0.000099 0.000121 0.000147 0.000176 0.000210 0.000246 0.000286 0.000328 0.000373 0.000419 0.000465 0.000511 0.000555 0.000597 0.000634 0.000667 0.000693 0.000713 0.000725 0.000729 0.000725 0.000713 0.000693 0.000667 0.000634 0.000597 0.000555 0.000511 0.000465 0.000419 0.000373 0.000328 0.000286 0.000246 0.000210 0.000176 0.000147 0.000121 0.000099 0.000080 0.000063 0.000050 0.000039 0.000030 0.000023 0.000017 0.000013 0.000010 0.000007 0.000005 0.000004 0.000003 0.000002 0.000001 0.000001 0.000001 0.000000 0.000000 0.000000 0.000000 0.000000 0.000000 0.000000 0.000000 0.000000 0.000000 0.000000 0.000000 0.000000 
0.000000 0.000000 0.000000 0.000000 0.000000 0.000000 0.000000 0.000000 0.000000 0.000000 0.000000 0.000000 0.000000 0.000000 0.000001 0.000001 0.000002 0.000002 0.000003 0.000005 0.000006 0.000009 0.000012 0.000016 0.000022 0.000029 0.000038 0.000050 0.000064 0.000081 0.000101 0.000125 0.000154 0.000187 0.000224 0.000266 0.000312 0.000363 0.000416 0.000473 0.000531 0.000590 0.000649 0.000705 0.000757 0.000805 0.000846 0.000879 0.000904 0.000919 0.000924 0.000919 0.000904 0.000879 0.000846 0.000805 0.000757 0.000705 0.000649 0.000590 0.000531 0.000473 0.000416 0.000363 0.000312 0.000266 0.000224 0.000187 0.000154 0.000125 0.000101 0.000081 0.000064 0.000050 0.000038 0.000029 0.000022 0.000016 0.000012 0.000009 0.000006 0.000005 0.000003 0.000002 0.000002 0.000001 0.000001 0.000000 0.000000 0.000000 0.000000 0.000000 0.000000 0.000000 0.000000 0.000000 0.000000 0.000000 0.000000 0.000000 
0.000000 0.000000 0.000000 0.000000 0.000000 0.000000 0.000000 0.000000 0.000000 0.000000 0.000000 0.000000 0.000000 0.000001 0.000001 0.000002 0.000002 0.000003 0.000005 0.000007 0.000010 0.000013 0.000018 0.000024 0.000033 0.000043 0.000057 0.000073 0.000094 0.000119 0.000149 0.000185 0.000227 0.000275 0.000330 0.000392 0.000460 0.000534 0.000613 0.000696 0.000782 0.000868 0.000954 0.001037 0.001114 0.001184 0.001244 0.001293 0.001330 0.001352 0.001359 0.001352 0.001330 0.001293 0.001244 0.001184 0.001114 0.001037 0.000954 0.000868 0.000782 0.000696 0.000613 0.000534 0.000460 0.000392 0.000330 0.000275 0.000227 0.000185 0.000149 0.000119 0.000094 0.000073 0.000057 0.000043 0.000033 0.000024 0.000018 0.000013 0.000010 0.000007 0.000005 0.000003 0.000002 0.000002 0.000001 0.000001 0.000000 0.000000 0.000000 0.000000 0.000000 0.000000 0.000000 0.000000 0.000000 0.000000 0.000000 0.000000 
0.000000 0.000000 0.000000 0.000000 0.000000 0.000000 0.000000 0.000000 0.000000 0.000000 0.000000 0.000001 0.000001 0.000001 0.000002 0.000003 0.000004 0.000005 0.000008 0.000011 0.000015 0.000021 0.000028 0.000038 0.000051 0.000068 0.000089 0.000115 0.000147 0.000187 0.000234 0.000290 0.000356 0.000432 0.000518 0.000615 0.000721 0.000837 0.000961 0.001091 0.001225 0.001361 0.001495 0.001624 0.001745 0.001854 0.001949 0.002026 0.002083 0.002117 0.002129 0.002117 0.002083 0.002026 0.001949 0.001854 0.001745 0.001624 0.001495 0.001361 0.001225 0.001091 0.000961 0.000837 0.000721 0.000615 0.000518 0.000432 0.000356 0.000290 0.000234 0.000187 0.000147 0.000115 0.000089 0.000068 0.000051 0.000038 0.000028 0.000021 0.000015 0.000011 0.000008 0.000005 0.000004 0.000003 0.000002 0.000001 0.000001 0.000001 0.000000 0.000000 0.000000 0.000000 0.000000 0.000000 0.000000 0.000000 0.000000 0.000000 
0.000000 0.000000 0.000000 0.000000 0.000000 0.000000 0.000000 0.000000 0.000000 0.000000 0.000001 0.000001 0.000001 0.000002 0.000003 0.000004 0.000006 0.000009 0.000012 0.000017 0.000024 0.000033 0.000045 0.000061 0.000082 0.000109 0.000142 0.000184 0.000236 0.000299 0.000375 0.000464 0.000569 0.000690 0.000828 0.000982 0.001152 0.001337 0.001535 0.001742 0.001956 0.002172 0.002386 0.002592 0.002785 0.002959 0.003110 0.003232 0.003323 0.003378 0.003397 0.003378 0.003323 0.003232 0.003110 0.002959 0.002785 0.002592 0.002386 0.002172 0.001956 0.001742 0.001535 0.001337 0.001152 0.000982 0.000828 0.000690 0.000569 0.000464 0.000375 0.000299 0.000236 0.000184 0.000142 0.000109 0.000082 0.000061 0.000045 0.000033 0.000024 0.000017 0.000012 0.000009 0.000006 0.000004 0.000003 0.000002 0.000001 0.000001 0.000001 0.000000 0.000000 0.000000 0.000000 0.000000 0.000000 0.000000 0.000000 0.000000 
0.000000 0.000000 0.000000 0.000000 0.000000 0.000000 0.000000 0.000000 0.000000 0.000001 0.000001 0.000001 0.000002 0.000003 0.000004 0.000007 0.000010 0.000014 0.000020 0.000028 0.000039 0.000053 0.000073 0.000098 0.000132 0.000174 0.000228 0.000295 0.000378 0.000478 0.000599 0.000742 0.000910 0.001103 0.001323 0.001569 0.001840 0.002136 0.002451 0.002782 0.003123 0.003468 0.003808 0.004137 0.004444 0.004722 0.004962 0.005157 0.005302 0.005390 0.005420 0.005390 0.005302 0.005157 0.004962 0.004722 0.004444 0.004137 0.003808 0.003468 0.003123 0.002782 0.002451 0.002136 0.001840 0.001569 0.001323 0.001103 0.000910 0.000742 0.000599 0.000478 0.000378 0.000295 0.000228 0.000174 0.000132 0.000098 0.000073 0.000053 0.000039 0.000028 0.000020 0.000014 0.000010 0.000007 0.000004 0.000003 0.000002 0.000001 0.000001 0.000001 0.000000 0.000000 0.000000 0.000000 0.000000 0.000000 0.000000 0.000000 
0.000000 0.000000 0.000000 0.000000 0.000000 0.000000 0.000000 0.000000 0.000001 0.000001 0.000001 0.000002 0.000003 0.000005 0.000007 0.000010 0.000015 0.000022 0.000031 0.000044 0.000061 0.000085 0.000116 0.000157 0.000209 0.000277 0.000362 0.000469 0.000600 0.000760 0.000952 0.001179 0.001445 0.001751 0.002100 0.002490 0.002921 0.003388 0.003888 0.004412 0.004953 0.005499 0.006039 0.006559 0.007046 0.007486 0.007866 0.008175 0.008404 0.008544 0.008591 0.008544 0.008404 0.008175 0.007866 0.007486 0.007046 0.006559 0.006039 0.005499 0.004953 0.004412 0.003888 0.003388 0.002921 0.002490 0.002100 0.001751 0.001445 0.001179 0.000952 0.000760 0.000600 0.000469 0.000362 0.000277 0.000209 0.000157 0.000116 0.000085 0.000061 0.000044 0.000031 0.000022 0.000015 0.000010 0.000007 0.000005 0.000003 0.000002 0.000001 0.000001 0.000001 0.000000 0.000000 0.000000 0.000000 0.000000 0.000000 0.000000 
0.000000 0.000000 0.000000 0.000000 0.000000 0.000000 0.000000 0.000001 0.000001 0.000001 0.000002 0.000003 0.000005 0.000008 0.000011 0.000016 0.000024 0.000035 0.000049 0.000069 0.000097 0.000134 0.000183 0.000247 0.000330 0.000436 0.000571 0.000738 0.000945 0.001196 0.001498 0.001856 0.002274 0.002755 0.003303 0.003916 0.004592 0.005327 0.006112 0.006936 0.007785 0.008642 0.009489 0.010306 0.011070 0.011760 0.012357 0.012843 0.013201 0.013421 0.013495 0.013421 0.013201 0.012843 0.012357 0.011760 0.011070 0.010306 0.009489 0.008642 0.007785 0.006936 0.006112 0.005327 0.004592 0.003916 0.003303 0.002755 0.002274 0.001856 0.001498 0.001196 0.000945 0.000738 0.000571 0.000436 0.000330 0.000247 0.000183 0.000134 0.000097 0.000069 0.000049 0.000035 0.000024 0.000016 0.000011 0.000008 0.000005 0.000003 0.000002 0.000001 0.000001 0.000001 0.000000 0.000000 0.000000 0.000000 0.000000 0.000000 
0.000000 0.000000 0.000000 0.000000 0.000000 0.000000 0.000001 0.000001 0.000001 0.000002 0.000003 0.000005 0.000008 0.000012 0.000017 0.000026 0.000037 0.000054 0.000077 0.000109 0.000151 0.000209 0.000285 0.000386 0.000515 0.000681 0.000890 0.001152 0.001474 0.001865 0.002335 0.002892 0.003542 0.004292 0.005144 0.006098 0.007150 0.008292 0.009513 0.010794 0.012114 0.013447 0.014764 0.016033 0.017220 0.018294 0.019222 0.019976 0.020533 0.020874 0.020989 0.020874 0.020533 0.019976 0.019222 0.018294 0.017220 0.016033 0.014764 0.013447 0.012114 0.010794 0.009513 0.008292 0.007150 0.006098 0.005144 0.004292 0.003542 0.002892 0.002335 0.001865 0.001474 0.001152 0.000890 0.000681 0.000515 0.000386 0.000285 0.000209 0.000151 0.000109 0.000077 0.000054 0.000037 0.000026 0.000017 0.000012 0.000008 0.000005 0.000003 0.000002 0.000001 0.000001 0.000001 0.000000 0.000000 0.000000 0.000000 0.000000 
0.000000 0.000000 0.000000 0.000000 0.000000 0.000001 0.000001 0.000001 0.000002 0.000003 0.000005 0.000008 0.000012 0.000018 0.000027 0.000040 0.000058 0.000084 0.000119 0.000168 0.000234 0.000323 0.000441 0.000596 0.000796 0.001052 0.001375 0.001778 0.002274 0.002878 0.003602 0.004460 0.005462 0.006617 0.007929 0.009398 0.011018 0.012777 0.014656 0.016627 0.018659 0.020710 0.022736 0.024688 0.026515 0.028166 0.029594 0.030754 0.031610 0.032136 0.032313 0.032136 0.031610 0.030754 0.029594 0.028166 0.026515 0.024688 0.022736 0.020710 0.018659 0.016627 0.014656 0.012777 0.011018 0.009398 0.007929 0.006617 0.005462 0.004460 0.003602 0.002878 0.002274 0.001778 0.001375 0.001052 0.000796 0.000596 0.000441 0.000323 0.000234 0.000168 0.000119 0.000084 0.000058 0.000040 0.000027 0.000018 0.000012 0.000008 0.000005 0.000003 0.000002 0.000001 0.000001 0.000001 0.000000 0.000000 0.000000 0.000000 
0.000000 0.000000 0.000000 0.000000 0.000001 0.000001 0.000001 0.000002 0.000003 0.000005 0.000008 0.000012 0.000019 0.000028 0.000042 0.000061 0.000089 0.000128 0.000182 0.000257 0.000358 0.000494 0.000675 0.000911 0.001217 0.001607 0.002100 0.002716 0.003473 0.004394 0.005499 0.006807 0.008335 0.010096 0.012096 0.014335 0.016803 0.019484 0.022345 0.025349 0.028443 0.031567 0.034652 0.037624 0.040406 0.042920 0.045094 0.046860 0.048163 0.048963 0.049233 0.048963 0.048163 0.046860 0.045094 0.042920 0.040406 0.037624 0.034652 0.031567 0.028443 0.025349 0.022345 0.019484 0.016803 0.014335 0.012096 0.010096 0.008335 0.006807 0.005499 0.004394 0.003473 0.002716 0.002100 0.001607 0.001217 0.000911 0.000675 0.000494 0.000358 0.000257 0.000182 0.000128 0.000089 0.000061 0.000042 0.000028 0.000019 0.000012 0.000008 0.000005 0.000003 0.000002 0.000001 0.000001 0.000001 0.000000 0.000000 0.000000 
0.000000 0.000000 0.000000 0.000000 0.000001 0.000001 0.000002 0.000003 0.000005 0.000008 0.000012 0.000019 0.000028 0.000042 0.000063 0.000093 0.000135 0.000194 0.000276 0.000389 0.000543 0.000749 0.001021 0.001378 0.001840 0.002431 0.003176 0.004105 0.005249 0.006639 0.008307 0.010281 0.012587 0.015244 0.018261 0.021638 0.025361 0.029402 0.033717 0.038244 0.042908 0.047616 0.052266 0.056745 0.060937 0.064725 0.068000 0.070660 0.072625 0.073829 0.074235 0.073829 0.072625 0.070660 0.068000 0.064725 0.060937 0.056745 0.052266 0.047616 0.042908 0.038244 0.033717 0.029402 0.025361 0.021638 0.018261 0.015244 0.012587 0.010281 0.008307 0.006639 0.005249 0.004105 0.003176 0.002431 0.001840 0.001378 0.001021 0.000749 0.000543 0.000389 0.000276 0.000194 0.000135 0.000093 0.000063 0.000042 0.000028 0.000019 0.000012 0.000008 0.000005 0.000003 0.000002 0.000001 0.000001 0.000001 0.000000 0.000000 
0.000000 0.000000 0.000000 0.000001 0.000001 0.000002 0.000003 0.000005 0.000008 0.000012 0.000018 0.000028 0.000042 0.000064 0.000095 0.000139 0.000202 0.000291 0.000414 0.000584 0.000813 0.001121 0.001529 0.002064 0.002755 0.003637 0.004752 0.006141 0.007850 0.009927 0.012419 0.015367 0.018811 0.022777 0.027281 0.032321 0.037878 0.043908 0.050345 0.057100 0.064056 0.071079 0.078014 0.084694 0.090945 0.096594 0.101476 0.105443 0.108372 0.110168 0.110773 0.110168 0.108372 0.105443 0.101476 0.096594 0.090945 0.084694 0.078014 0.071079 0.064056 0.057100 0.050345 0.043908 0.037878 0.032321 0.027281 0.022777 0.018811 0.015367 0.012419 0.009927 0.007850 0.006141 0.004752 0.003637 0.002755 0.002064 0.001529 0.001121 0.000813 0.000584 0.000414 0.000291 0.000202 0.000139 0.000095 0.000064 0.000042 0.000028 0.000018 0.000012 0.000008 0.000005 0.000003 0.000002 0.000001 0.000001 0.000001 0.000001 
0.000001 0.000001 0.000001 0.000001 0.000002 0.000003 0.000004 0.000007 0.000011 0.000017 0.000027 0.000042 0.000063 0.000095 0.000140 0.000206 0.000300 0.000432 0.000615 0.000866 0.001206 0.001662 0.002266 0.003057 0.004080 0.005386 0.007035 0.009089 0.011617 0.014688 0.018371 0.022730 0.027818 0.033678 0.040331 0.047776 0.055982 0.064887 0.074392 0.084363 0.094633 0.104999 0.115234 0.125093 0.134317 0.142653 0.149856 0.155710 0.160032 0.162682 0.163575 0.162682 0.160032 0.155710 0.149856 0.142653 0.134317 0.125093 0.115234 0.104999 0.094633 0.084363 0.074392 0.064887 0.055982 0.047776 0.040331 0.033678 0.027818 0.022730 0.018371 0.014688 0.011617 0.009089 0.007035 0.005386 0.004080 0.003057 0.002266 0.001662 0.001206 0.000866 0.000615 0.000432 0.000300 0.000206 0.000140 0.000095 0.000063 0.000042 0.000027 0.000017 0.000011 0.000007 0.000004 0.000003 0.000002 0.000001 0.000001 0.000001 
0.000001 0.000001 0.000001 0.000002 0.000003 0.000004 0.000007 0.000010 0.000016 0.000026 0.000040 0.000061 0.000093 0.000139 0.000206 0.000303 0.000441 0.000634 0.000902 0.001270 0.001769 0.002438 0.003323 0.004482 0.005980 0.007893 0.010306 0.013313 0.017012 0.021505 0.026893 0.033267 0.040708 0.049275 0.059001 0.069883 0.081876 0.094887 0.108775 0.123343 0.138345 0.153486 0.168436 0.182834 0.196305 0.208477 0.218996 0.227544 0.233853 0.237723 0.239027 0.237723 0.233853 0.227544 0.218996 0.208477 0.196305 0.182834 0.168436 0.153486 0.138345 0.123343 0.108775 0.094887 0.081876 0.069883 0.059001 0.049275 0.040708 0.033267 0.026893 0.021505 0.017012 0.013313 0.010306 0.007893 0.005980 0.004482 0.003323 0.002438 0.001769 0.001270 0.000902 0.000634 0.000441 0.000303 0.000206 0.000139 0.000093 0.000061 0.000040 0.000026 0.000016 0.000010 0.000007 0.000004 0.000003 0.000002 0.000001 0.000001 
0.000001 0.000001 0.000002 0.000002 0.000004 0.000006 0.000010 0.000015 0.000024 0.000037 0.000058 0.000089 0.000135 0.000202 0.000300 0.000441 0.000641 0.000921 0.001310 0.001844 0.002568 0.003538 0.004821 0.006501 0.008672 0.011444 0.014940 0.019294 0.024651 0.031156 0.038954 0.048179 0.058946 0.071341 0.085411 0.101149 0.118493 0.137308 0.157387 0.178448 0.200134 0.222021 0.243628 0.264435 0.283903 0.301493 0.316693 0.329044 0.338161 0.343752 0.345636 0.343752 0.338161 0.329044 0.316693 0.301493 0.283903 0.264435 0.243628 0.222021 0.200134 0.178448 0.157387 0.137308 0.118493 0.101149 0.085411 0.071341 0.058946 0.048179 0.038954 0.031156 0.024651 0.019294 0.014940 0.011444 0.008672 0.006501 0.004821 0.003538 0.002568 0.001844 0.001310 0.000921 0.000641 0.000441 0.000300 0.000202 0.000135 0.000089 0.000058 0.000037 0.000024 0.000015 0.000010 0.000006 0.000004 0.000003 0.000002 0.000002 
0.000002 0.000002 0.000002 0.000003 0.000005 0.000009 0.000014 0.000022 0.000035 0.000054 0.000084 0.000128 0.000194 0.000291 0.000432 0.000634 0.000921 0.001324 0.001883 0.002649 0.003688 0.005080 0.006921 0.009330 0.012443 0.016417 0.021428 0.027669 0.035344 0.044663 0.055832 0.069042 0.084459 0.102205 0.122344 0.144870 0.169689 0.196611 0.225340 0.255470 0.286490 0.317796 0.348699 0.378457 0.406297 0.431450 0.453185 0.470846 0.483881 0.491875 0.494569 0.491875 0.483881 0.470846 0.453185 0.431450 0.406297 0.378457 0.348699 0.317796 0.286490 0.255470 0.225340 0.196611 0.169689 0.144870 0.122344 0.102205 0.084459 0.069042 0.055832 0.044663 0.035344 0.027669 0.021428 0.016417 0.012443 0.009330 0.006921 0.005080 0.003688 0.002649 0.001883 0.001324 0.000921 0.000634 0.000432 0.000291 0.000194 0.000128 0.000084 0.000054 0.000035 0.000022 0.000014 0.000009 0.000006 0.000004 0.000003 0.000003 
0.000003 0.000003 0.000003 0.000005 0.000008 0.000012 0.000020 0.000031 0.000049 0.000077 0.000119 0.000182 0.000276 0.000414 0.000615 0.000902 0.001310 0.001883 0.002677 0.003766 0.005241 0.007217 0.009831 0.013250 0.017666 0.023304 0.030411 0.039260 0.050142 0.063351 0.079180 0.097901 0.119743 0.144882 0.173407 0.205309 0.240456 0.278575 0.319247 0.361900 0.405809 0.450118 0.493855 0.535968 0.575364 0.610957 0.641712 0.666701 0.685145 0.696455 0.700267 0.696455 0.685145 0.666701 0.641712 0.610957 0.575364 0.535968 0.493855 0.450118 0.405809 0.361900 0.319247 0.278575 0.240456 0.205309 0.173407 0.144882 0.119743 0.097901 0.079180 0.063351 0.050142 0.039260 0.030411 0.023304 0.017666 0.013250 0.009831 0.007217 0.005241 0.003766 0.002677 0.001883 0.001310 0.000902 0.000615 0.000414 0.000276 0.000182 0.000119 0.000077 0.000049 0.000031 0.000020 0.000012 0.000008 0.000005 0.000004 0.000004 
0.000004 0.000004 0.000005 0.000007 0.000011 0.000017 0.000028 0.000044 0.000069 0.000109 0.000168 0.000257 0.000389 0.000584 0.000866 0.001270 0.001844 0.002649 0.003766 0.005296 0.007369 0.010144 0.013816 0.018617 0.024817 0.032730 0.042704 0.055120 0.070385 0.088912 0.111111 0.137359 0.167982 0.203219 0.243199 0.287906 0.337153 0.390561 0.447540 0.507286 0.568789 0.630846 0.692097 0.751071 0.806238 0.856075 0.899138 0.934125 0.959948 0.975784 0.981120 0.975784 0.959948 0.934125 0.899138 0.856075 0.806238 0.751071 0.692097 0.630846 0.568789 0.507286 0.447540 0.390561 0.337153 0.287906 0.243199 0.203219 0.167982 0.137359 0.111111 0.088912 0.070385 0.055120 0.042704 0.032730 0.024817 0.018617 0.013816 0.010144 0.007369 0.005296 0.003766 0.002649 0.001844 0.001270 0.000866 0.000584 0.000389 0.000257 0.000168 0.000109 0.000070 0.000044 0.000028 0.000018 0.000011 0.000008 0.000006 0.000006 
0.000005 0.000005 0.000006 0.000010 0.000015 0.000024 0.000039 0.000061 0.000097 0.000151 0.000234 0.000358 0.000543 0.000813 0.001206 0.001769 0.002568 0.003688 0.005241 0.007369 0.010251 0.014108 0.019211 0.025881 0.034494 0.045483 0.059332 0.076570 0.097758 0.123470 0.154273 0.190690 0.233169 0.282043 0.337488 0.399481 0.467762 0.541804 0.620789 0.703603 0.788844 0.874847 0.959727 1.041446 1.117886 1.186938 1.246601 1.295075 1.330851 1.352790 1.360183 1.352790 1.330851 1.295075 1.246601 1.186938 1.117886 1.041446 0.959727 0.874847 0.788844 0.703603 0.620789 0.541804 0.467762 0.399481 0.337488 0.282043 0.233169 0.190690 0.154273 0.123470 0.097758 0.076570 0.059332 0.045483 0.034494 0.025881 0.019211 0.014108 0.010251 0.007369 0.005241 0.003688 0.002568 0.001769 0.001206 0.000813 0.000543 0.000358 0.000234 0.000152 0.000097 0.000062 0.000039 0.000024 0.000016 0.000011 0.000009 0.000009 
0.000007 0.000007 0.000009 0.000013 0.000021 0.000033 0.000053 0.000085 0.000134 0.000209 0.000323 0.000494 0.000749 0.001121 0.001662 0.002438 0.003538 0.005080 0.007217 0.010144 0.014108 0.019413 0.026429 0.035597 0.047435 0.062535 0.081562 0.105241 0.134340 0.169649 0.211940 0.261931 0.320237 0.387312 0.463396 0.548454 0.642130 0.743698 0.852037 0.965619 1.082520 1.200456 1.316846 1.428894 1.533698 1.628369 1.710165 1.776619 1.825663 1.855738 1.865873 1.855738 1.825663 1.776619 1.710165 1.628369 1.533698 1.428894 1.316846 1.200456 1.082520 0.965619 0.852037 0.743698 0.642130 0.548454 0.463396 0.387312 0.320237 0.261931 0.211940 0.169649 0.134340 0.105241 0.081562 0.062535 0.047435 0.035597 0.026429 0.019413 0.014108 0.010144 0.007217 0.005080 0.003538 0.002438 0.001662 0.001121 0.000749 0.000494 0.000323 0.000209 0.000134 0.000085 0.000054 0.000034 0.000022 0.000015 0.000012 0.000012 
0.000010 0.000010 0.000012 0.000018 0.000028 0.000045 0.000073 0.000116 0.000183 0.000285 0.000441 0.000675 0.001021 0.001529 0.002266 0.003323 0.004821 0.006921 0.009831 0.013816 0.019211 0.026429 0.035973 0.048443 0.064540 0.085070 0.110934 0.143116 0.182659 0.230632 0.288083 0.355986 0.435171 0.526255 0.629558 0.745035 0.872197 1.010059 1.157097 1.311238 1.469871 1.629897 1.787815 1.939834 2.082018 2.210449 2.321410 2.411555 2.478083 2.518879 2.532626 2.518879 2.478083 2.411555 2.321410 2.210449 2.082018 1.939834 1.787815 1.629897 1.469871 1.311238 1.157097 1.010059 0.872197 0.745035 0.629558 0.526255 0.435171 0.355986 0.288083 0.230632 0.182659 0.143116 0.110934 0.085070 0.064540 0.048443 0.035973 0.026429 0.019211 0.013816 0.009831 0.006921 0.004821 0.003323 0.002266 0.001529 0.001021 0.000675 0.000441 0.000286 0.000183 0.000116 0.000073 0.000046 0.000030 0.000020 0.000016 0.000016 
0.000013 0.000013 0.000016 0.000024 0.000038 0.000061 0.000098 0.000157 0.000247 0.000386 0.000596 0.000911 0.001378 0.002064 0.003057 0.004482 0.006501 0.009330 0.013250 0.018617 0.025881 0.035597 0.048443 0.065222 0.086880 0.114497 0.149282 0.192558 0.245724 0.310214 0.387436 0.478693 0.585100 0.707479 0.846261 1.001380 1.172178 1.357330 1.554790 1.761770 1.974765 2.189617 2.401626 2.605703 2.796567 2.968965 3.117905 3.238902 3.328197 3.382953 3.401405 3.382953 3.328197 3.238902 3.117905 2.968965 2.796567 2.605703 2.401626 2.189617 1.974765 1.761770 1.554790 1.357330 1.172178 1.001380 0.846261 0.707479 0.585100 0.478693 0.387436 0.310214 0.245724 0.192558 0.149282 0.114497 0.086880 0.065222 0.048443 0.035597 0.025881 0.018617 0.013250 0.009330 0.006501 0.004482 0.003057 0.002064 0.001378 0.000911 0.000596 0.000386 0.000247 0.000157 0.000099 0.000063 0.000040 0.000028 0.000022 0.000022 
0.000017 0.000017 0.000022 0.000033 0.000051 0.000082 0.000132 0.000209 0.000330 0.000515 0.000796 0.001217 0.001840 0.002755 0.004080 0.005980 0.008672 0.012443 0.017666 0.024817 0.034494 0.047435 0.064540 0.086880 0.115709 0.152464 0.198753 0.256330 0.327055 0.412833 0.515530 0.636876 0.778350 0.941040 1.125516 1.331686 1.558673 1.804713 2.067086 2.342086 2.625059 2.910479 3.192105 3.463182 3.716695 3.945671 4.143485 4.304182 4.422773 4.495493 4.519998 4.495493 4.422773 4.304182 4.143485 3.945671 3.716695 3.463182 3.192105 2.910479 2.625059 2.342086 2.067086 1.804713 1.558673 1.331686 1.125516 0.941040 0.778350 0.636876 0.515530 0.412833 0.327055 0.256330 0.198753 0.152464 0.115709 0.086880 0.064540 0.047435 0.034494 0.024817 0.017666 0.012443 0.008672 0.005980 0.004080 0.002755 0.001840 0.001217 0.000796 0.000515 0.000330 0.000210 0.000132 0.000084 0.000054 0.000037 0.000029 0.000029 
0.000023 0.000023 0.000029 0.000043 0.000068 0.000109 0.000174 0.000277 0.000436 0.000681 0.001052 0.001607 0.002431 0.003637 0.005386 0.007893 0.011444 0.016417 0.023304 0.032730 0.045483 0.062535 0.085070 0.114497 0.152464 0.200862 0.261803 0.337595 0.430682 0.543563 0.678693 0.838342 1.024447 1.238439 1.481060 1.752185 2.050658 2.374155 2.719098 3.080615 3.452586 3.827752 4.197908 4.554181 4.887356 5.188271 5.448226 5.659398 5.815236 5.910795 5.942995 5.910795 5.815236 5.659398 5.448226 5.188271 4.887356 4.554181 4.197908 3.827752 3.452586 3.080615 2.719098 2.374155 2.050658 1.752185 1.481060 1.238439 1.024447 0.838342 0.678693 0.543563 0.430682 0.337595 0.261803 0.200862 0.152464 0.114497 0.085070 0.062535 0.045483 0.032730 0.023304 0.016417 0.011444 0.007893 0.005386 0.003637 0.002431 0.001607 0.001052 0.000681 0.000437 0.000278 0.000175 0.000111 0.000071 0.000049 0.000039 0.000039 
0.000030 0.000030 0.000038 0.000057 0.000089 0.000142 0.000228 0.000362 0.000571 0.000890 0.001375 0.002100 0.003176 0.004752 0.007035 0.010306 0.014940 0.021428 0.030411 0.042704 0.059332 0.081562 0.110934 0.149282 0.198753 0.261803 0.341184 0.439893 0.561110 0.708084 0.884002 1.091816 1.334041 1.612530 1.928244 2.281015 2.669334 3.090174 3.538877 4.009106 4.492900 4.980818 5.462196 5.925495 6.358740 6.750021 7.088030 7.362604 7.565225 7.689469 7.731336 7.689469 7.565225 7.362604 7.088030 6.750021 6.358740 5.925495 5.462196 4.980818 4.492900 4.009106 3.538877 3.090174 2.669334 2.281015 1.928244 1.612530 1.334041 1.091816 0.884002 0.708084 0.561110 0.439893 0.341184 0.261803 0.198753 0.149282 0.110934 0.081562 0.059332 0.042704 0.030411 0.021428 0.014940 0.010306 0.007035 0.004752 0.003176 0.002101 0.001375 0.000891 0.000571 0.000363 0.000229 0.000145 0.000093 0.000064 0.000051 0.000051 
0.000039 0.000039 0.000050 0.000073 0.000115 0.000184 0.000295 0.000469 0.000738 0.001152 0.001778 0.002716 0.004105 0.006141 0.009089 0.013313 0.019294 0.027669 0.039260 0.055120 0.076570 0.105241 0.143116 0.192558 0.256330 0.337595 0.439893 0.567084 0.723253 0.912583 1.139172 1.406811 1.718732 2.077315 2.483788 2.937929 3.437788 3.979465 4.556961 5.162120 5.784695 6.412541 7.031938 7.628045 8.185460 8.688866 9.123723 9.476959 9.737625 9.897459 9.951319 9.897459 9.737625 9.476959 9.123723 8.688866 8.185460 7.628045 7.031938 6.412541 5.784695 5.162120 4.556961 3.979465 3.437788 2.937929 2.483788 2.077315 1.718732 1.406811 1.139172 0.912583 0.723253 0.567084 0.439893 0.337595 0.256330 0.192558 0.143116 0.105241 0.076570 0.055120 0.039260 0.027669 0.019294 0.013313 0.009089 0.006141 0.004105 0.002716 0.001778 0.001152 0.000739 0.000470 0.000297 0.000188 0.000121 0.000083 0.000066 0.000066 
0.000050 0.000050 0.000064 0.000094 0.000147 0.000236 0.000378 0.000600 0.000945 0.001474 0.002274 0.003473 0.005249 0.007850 0.011617 0.017012 0.024651 0.035344 0.050142 0.070385 0.097758 0.134340 0.182659 0.245724 0.327055 0.430682 0.561110 0.723253 0.922314 1.163614 1.452364 1.793389 2.190796 2.647606 3.165377 3.743814 4.380429 5.070250 5.805631 6.576186 7.368869 8.168218 8.956770 9.715638 10.425220 11.066029 11.619562 12.069190 12.400982 12.604426 12.672980 12.604426 12.400982 12.069190 11.619562 11.066029 10.425220 9.715638 8.956770 8.168218 7.368869 6.576186 5.805631 5.070250 4.380429 3.743814 3.165377 2.647606 2.190796 1.793389 1.452364 1.163614 0.922314 0.723253 0.561110 0.430682 0.327055 0.245724 0.182659 0.134340 0.097758 0.070385 0.050142 0.035344 0.024651 0.017012 0.011617 0.007850 0.005249 0.003473 0.002274 0.001474 0.000946 0.000602 0.000380 0.000240 0.000155 0.000106 0.000084 0.000084 
0.000063 0.000063 0.000081 0.000119 0.000187 0.000299 0.000478 0.000760 0.001196 0.001865 0.002878 0.004394 0.006639 0.009927 0.014688 0.021505 0.031156 0.044663 0.063351 0.088912 0.123470 0.169649 0.230632 0.310214 0.412833 0.543563 0.708084 0.912583 1.163614 1.467874 1.831925 2.261837 2.762775 3.338538 3.991074 4.720006 5.522187 6.391345 7.317844 8.288596 9.287165 10.294078 11.287342 12.243174 13.136896 13.943971 14.641106 15.207368 15.625220 15.881431 15.967766 15.881431 15.625220 15.207368 14.641106 13.943971 13.136896 12.243174 11.287342 10.294078 9.287165 8.288596 7.317844 6.391345 5.522187 4.720006 3.991074 3.338538 2.762775 2.261837 1.831925 1.467874 1.163614 0.912583 0.708084 0.543563 0.412833 0.310214 0.230632 0.169649 0.123470 0.088912 0.063351 0.044663 0.031156 0.021505 0.014688 0.009927 0.006639 0.004394 0.002878 0.001866 0.001197 0.000762 0.000481 0.000304 0.000196 0.000135 0.000107 0.000107 
0.000080 0.000080 0.000101 0.000149 0.000234 0.000375 0.000599 0.000952 0.001498 0.002335 0.003602 0.005499 0.008307 0.012419 0.018371 0.026893 0.038954 0.055832 0.079180 0.111111 0.154273 0.211940 0.288083 0.387436 0.515530 0.678693 0.884002 1.139172 1.452364 1.831925 2.286026 2.822224 3.446946 4.164917 4.978554 5.887372 6.887438 7.970927 9.125819 10.335799 11.580381 12.835298 14.073148 15.264299 16.378009 17.383713 18.252398 18.957990 19.478648 19.797892 19.905467 19.797892 19.478648 18.957990 18.252398 17.383713 16.378009 15.264299 14.073148 12.835298 11.580381 10.335799 9.125819 7.970927 6.887438 5.887372 4.978554 4.164917 3.446946 2.822224 2.286026 1.831925 1.452364 1.139172 0.884002 0.678693 0.515530 0.387436 0.288083 0.211940 0.154273 0.111111 0.079180 0.055832 0.038954 0.026893 0.018371 0.012419 0.008307 0.005499 0.003602 0.002336 0.001499 0.000954 0.000603 0.000381 0.000246 0.000169 0.000134 0.000134 
0.000099 0.000099 0.000125 0.000185 0.000290 0.000464 0.000742 0.001179 0.001856 0.002892 0.004460 0.006807 0.010281 0.015367 0.022730 0.033267 0.048179 0.069042 0.097901 0.137359 0.190690 0.261931 0.355986 0.478693 0.636876 0.838342 1.091816 1.406811 1.793389 2.261837 2.822224 3.483859 4.254657 5.140429 6.144142 7.265185 8.498695 9.835008 11.259297 12.751435 14.286163 15.833559 17.359844 18.828491 20.201608 21.441527 22.512491 23.382366 24.024241 24.417806 24.550423 24.417806 24.024241 23.382366 22.512491 21.441527 20.201608 18.828491 17.359844 15.833559 14.286163 12.751435 11.259297 9.835008 8.498695 7.265185 6.144142 5.140429 4.254657 3.483859 2.822224 2.261837 1.793389 1.406811 1.091816 0.838342 0.636876 0.478693 0.355986 0.261931 0.190690 0.137359 0.097901 0.069042 0.048179 0.033267 0.022730 0.015368 0.010281 0.006807 0.004460 0.002892 0.001857 0.001182 0.000747 0.000473 0.000305 0.000209 0.000166 0.000166 
0.000121 0.000121 0.000154 0.000227 0.000356 0.000569 0.000910 0.001445 0.002274 0.003542 0.005462 0.008335 0.012587 0.018811 0.027818 0.040708 0.058946 0.084459 0.119743 0.167982 0.233169 0.320237 0.435171 0.585100 0.778350 1.024447 1.334041 1.718732 2.190796 2.762775 3.446946 4.254657 5.195548 6.276695 7.501702 8.869805 10.375056 12.005654 13.743495 15.564023 17.436417 19.324180 21.186110 22.977660 24.652623 26.165065 27.471387 28.532410 29.315319 29.795354 29.957109 29.795354 29.315319 28.532410 27.471387 26.165065 24.652623 22.977660 21.186110 19.324180 17.436417 15.564023 13.743495 12.005654 10.375056 8.869805 7.501702 6.276695 5.195548 4.254657 3.446946 2.762775 2.190796 1.718732 1.334041 1.024447 0.778350 0.585100 0.435171 0.320237 0.233169 0.167982 0.119743 0.084459 0.058946 0.040708 0.027818 0.018811 0.012588 0.008335 0.005462 0.003543 0.002276 0.001448 0.000916 0.000579 0.000374 0.000257 0.000204 0.000204 
0.000147 0.000147 0.000187 0.000275 0.000432 0.000690 0.001103 0.001751 0.002755 0.004292 0.006617 0.010096 0.015244 0.022777 0.033678 0.049275 0.071341 0.102205 0.144882 0.203219 0.282043 0.387312 0.526255 0.707479 0.941040 1.238439 1.612530 2.077315 2.647606 3.338538 4.164917 5.140429 6.276695 7.582239 9.061390 10.713210 12.530501 14.499001 16.596850 18.794398 21.054446 23.332944 25.580174 27.742383 29.763824 31.589075 33.165542 34.445960 35.390744 35.970027 36.165224 35.970027 35.390744 34.445960 33.165542 31.589075 29.763824 27.742383 25.580174 23.332944 21.054446 18.794398 16.596850 14.499001 12.530501 10.713210 9.061390 7.582239 6.276695 5.140429 4.164917 3.338538 2.647606 2.077315 1.612530 1.238439 0.941040 0.707479 0.526255 0.387312 0.282043 0.203219 0.144882 0.102205 0.071341 0.049276 0.033678 0.022777 0.015244 0.010096 0.006617 0.004293 0.002758 0.001755 0.001110 0.000703 0.000453 0.000311 0.000247 0.000247 
0.000176 0.000176 0.000224 0.000330 0.000518 0.000828 0.001323 0.002100 0.003303 0.005144 0.007929 0.012096 0.018261 0.027281 0.040331 0.059001 0.085411 0.122344 0.173407 0.243199 0.337488 0.463396 0.629558 0.846261 1.125516 1.481060 1.928244 2.483788 3.165377 3.991074 4.978554 6.144142 7.501702 9.061390 10.828359 12.801463 14.972088 17.323188 19.828641 22.453035 25.151945 27.872776 30.556168 33.137953 35.551583 37.730907 39.613146 41.141889 42.269892 42.961507 43.194554 42.961507 42.269892 41.141889 39.613146 37.730907 35.551583 33.137953 30.556168 27.872776 25.151945 22.453035 19.828641 17.323188 14.972088 12.801463 10.828359 9.061390 7.501702 6.144142 4.978554 3.991074 3.165377 2.483788 1.928244 1.481060 1.125516 0.846261 0.629558 0.463396 0.337488 0.243199 0.173407 0.122344 0.085411 0.059002 0.040331 0.027281 0.018261 0.012096 0.007930 0.005145 0.003306 0.002105 0.001331 0.000843 0.000544 0.000374 0.000297 0.000297 
0.000210 0.000210 0.000266 0.000392 0.000615 0.000982 0.001569 0.002490 0.003916 0.006098 0.009398 0.014335 0.021638 0.032321 0.047776 0.069883 0.101149 0.144870 0.205309 0.287906 0.399481 0.548454 0.745035 1.001380 1.331686 1.752185 2.281015 2.937929 3.743814 4.720006 5.887372 7.265185 8.869805 10.713210 12.801463 15.133188 17.698186 20.476297 23.436646 26.537386 29.726032 32.940451 36.110528 39.160476 42.011699 44.586075 46.809471 48.615271 49.947688 50.764630 51.039907 50.764630 49.947688 48.615271 46.809471 44.586075 42.011699 39.160476 36.110528 32.940451 29.726032 26.537386 23.436646 20.476297 17.698186 15.133188 12.801463 10.713210 8.869805 7.265185 5.887372 4.720006 3.743814 2.937929 2.281015 1.752185 1.331686 1.001380 0.745035 0.548454 0.399481 0.287906 0.205309 0.144870 0.101149 0.069883 0.047776 0.032321 0.021638 0.014335 0.009399 0.006099 0.003919 0.002496 0.001579 0.001000 0.000645 0.000443 0.000352 0.000352 
0.000246 0.000246 0.000312 0.000460 0.000721 0.001152 0.001840 0.002921 0.004592 0.007150 0.011018 0.016803 0.025361 0.037878 0.055982 0.081876 0.118493 0.169689 0.240456 0.337153 0.467762 0.642130 0.872197 1.172178 1.558673 2.050658 2.669334 3.437788 4.380429 5.522187 6.887438 8.498695 10.375056 12.530501 14.972088 17.698186 20.696848 23.944488 27.405002 31.029470 34.756542 38.513603 42.218715 45.783320 49.115580 52.124221 54.722628 56.832974 58.390085 59.344786 59.666481 59.344786 58.390085 56.832974 54.722628 52.124221 49.115580 45.783320 42.218715 38.513603 34.756542 31.029470 27.405002 23.944488 20.696848 17.698186 14.972088 12.530501 10.375056 8.498695 6.887438 5.522187 4.380429 3.437788 2.669334 2.050658 1.558673 1.172178 0.872197 0.642130 0.467762 0.337153 0.240456 0.169689 0.118493 0.081876 0.055982 0.037878 0.025361 0.016804 0.011019 0.007152 0.004596 0.002927 0.001853 0.001173 0.000757 0.000520 0.000413 0.000413 
0.000286 0.000286 0.000363 0.000534 0.000837 0.001337 0.002136 0.003388 0.005327 0.008292 0.012777 0.019484 0.029402 0.043908 0.064887 0.094887 0.137308 0.196611 0.278575 0.390561 0.541804 0.743698 1.010059 1.357330 1.804713 2.374155 3.090174 3.979465 5.070250 6.391345 7.970927 9.835008 12.005654 14.499001 17.323188 20.476297 23.944488 27.700464 31.702459 35.893892 40.203818 44.548276 48.832532 52.954207 56.807136 60.285808 63.290107 65.730072 67.530373 68.634172 69.006106 68.634172 67.530373 65.730072 63.290107 60.285808 56.807136 52.954207 48.832532 44.548276 40.203818 35.893892 31.702459 27.700464 23.944488 20.476297 17.323188 14.499001 12.005654 9.835008 7.970927 6.391345 5.070250 3.979465 3.090174 2.374155 1.804713 1.357330 1.010059 0.743698 0.541804 0.390561 0.278575 0.196611 0.137308 0.094887 0.064887 0.043908 0.029402 0.019484 0.012778 0.008295 0.005332 0.003396 0.002150 0.001361 0.000879 0.000604 0.000480 0.000480 
0.000328 0.000328 0.000416 0.000613 0.000961 0.001535 0.002451 0.003888 0.006112 0.009513 0.014656 0.022345 0.033717 0.050345 0.074392 0.108775 0.157387 0.225340 0.319247 0.447540 0.620789 0.852037 1.157097 1.554790 2.067086 2.719098 3.538877 4.556961 5.805631 7.317844 9.125819 11.259297 13.743495 16.596850 19.828641 23.436646 27.405002 31.702459 36.281216 41.076531 46.007242 50.977302 55.878353 60.593298 65.000717 68.979944 72.416484 75.207463 77.266737 78.529309 78.954741 78.529309 77.266737 75.207463 72.416484 68.979944 65.000717 60.593298 55.878353 50.977302 46.007242 41.076531 36.281216 31.702459 27.405002 23.436646 19.828641 16.596850 13.743495 11.259297 9.125819 7.317844 5.805631 4.556961 3.538877 2.719098 2.067086 1.554790 1.157097 0.852037 0.620789 0.447540 0.319247 0.225340 0.157387 0.108775 0.074392 0.050346 0.033717 0.022346 0.014657 0.009516 0.006117 0.003897 0.002467 0.001563 0.001009 0.000694 0.000551 0.000551 
0.000373 0.000373 0.000473 0.000696 0.001091 0.001742 0.002782 0.004412 0.006936 0.010794 0.016627 0.025349 0.038244 0.057100 0.084363 0.123343 0.178448 0.255470 0.361900 0.507286 0.703603 0.965619 1.311238 1.761770 2.342086 3.080615 4.009106 5.162120 6.576186 8.288596 10.335799 12.751435 15.564023 18.794398 22.453035 26.537386 31.029470 35.893892 41.076531 46.504101 52.084743 57.709758 63.256527 68.592545 73.580429 78.083649 81.972664 85.131082 87.461445 88.890216 89.371649 88.890216 87.461445 85.131082 81.972664 78.083649 73.580429 68.592545 63.256527 57.709758 52.084743 46.504101 41.076531 35.893892 31.029470 26.537386 22.453035 18.794398 15.564023 12.751435 10.335799 8.288596 6.576186 5.162120 4.009106 3.080615 2.342086 1.761770 1.311238 0.965619 0.703603 0.507286 0.361900 0.255470 0.178448 0.123343 0.084363 0.057100 0.038245 0.025350 0.016629 0.010797 0.006942 0.004423 0.002800 0.001774 0.001145 0.000788 0.000626 0.000626 
0.000419 0.000419 0.000531 0.000782 0.001225 0.001956 0.003123 0.004953 0.007785 0.012114 0.018659 0.028443 0.042908 0.064056 0.094633 0.138345 0.200134 0.286490 0.405809 0.568789 0.788844 1.082520 1.469871 1.974765 2.625059 3.452586 4.492900 5.784695 7.368869 9.287165 11.580381 14.286163 17.436417 21.054446 25.151945 29.726032 34.756542 40.203818 46.007242 52.084743 58.333464 64.631704 70.842186 76.816573 82.401075 87.442860 91.796926 95.332994 97.941975 99.541562 100.080551 99.541562 97.941975 95.332994 91.796926 87.442860 82.401075 76.816573 70.842186 64.631704 58.333464 52.084743 46.007242 40.203818 34.756542 29.726032 25.151945 21.054446 17.436417 14.286163 11.580381 9.287165 7.368869 5.784695 4.492900 3.452586 2.625059 1.974765 1.469871 1.082520 0.788844 0.568789 0.405809 0.286490 0.200134 0.138345 0.094633 0.064057 0.042908 0.028444 0.018661 0.012118 0.007791 0.004965 0.003144 0.001992 0.001286 0.000885 0.000703 0.000703 
0.000465 0.000465 0.000590 0.000868 0.001361 0.002172 0.003468 0.005499 0.008642 0.013447 0.020710 0.031567 0.047616 0.071079 0.104999 0.153486 0.222021 0.317796 0.450118 0.630846 0.874847 1.200456 1.629897 2.189617 2.910479 3.827752 4.980818 6.412541 8.168218 10.294078 12.835298 15.833559 19.324180 23.332944 27.872776 32.940451 38.513603 44.548276 50.977302 57.709758 64.631704 71.608338 78.487613 85.105244 91.290907 96.875351 101.697998 105.614577 108.504286 110.275982 110.872962 110.275982 108.504286 105.614577 101.697998 96.875351 91.290907 85.105244 78.487613 71.608338 64.631704 57.709758 50.977302 44.548276 38.513603 32.940451 27.872776 23.332944 19.324180 15.833559 12.835298 10.294078 8.168218 6.412541 4.980818 3.827752 2.910479 2.189617 1.629897 1.200456 0.874847 0.630846 0.450118 0.317796 0.222021 0.153487 0.104999 0.071080 0.047617 0.031568 0.020712 0.013451 0.008650 0.005512 0.003491 0.002212 0.001429 0.000983 0.000781 0.000781 
0.000511 0.000511 0.000649 0.000954 0.001495 0.002386 0.003808 0.006039 0.009489 0.014764 0.022736 0.034652 0.052266 0.078014 0.115234 0.168436 0.243628 0.348699 0.493855 0.692097 0.959727 1.316846 1.787815 2.401626 3.192105 4.197908 5.462196 7.031938 8.956770 11.287342 14.073148 17.359844 21.186110 25.580174 30.556168 36.110528 42.218715 48.832532 55.878353 63.256527 70.842186 78.487613 86.026205 93.277951 100.056236 106.175624 111.460185 115.751857 118.918295 120.859646 121.513791 120.859646 118.918295 115.751857 111.460185 106.175624 100.056236 93.277951 86.026205 78.487613 70.842186 63.256527 55.878353 48.832532 42.218715 36.110528 30.556168 25.580174 21.186110 17.359844 14.073148 11.287342 8.956770 7.031938 5.462196 4.197908 3.192105 2.401626 1.787815 1.316846 0.959727 0.692097 0.493855 0.348699 0.243628 0.168436 0.115235 0.078015 0.052267 0.034654 0.022739 0.014768 0.009497 0.006053 0.003834 0.002429 0.001569 0.001080 0.000858 0.000858 
