0.000000 0.000000 0.000000 0.000000 0.000000 0.000000 0.000000 0.000000 0.000000 0.000000 0.000000 0.000000 0.000001 0.000001 0.000001 0.000002 0.000002 0.000003 0.000005 0.000007 0.000009 0.000013 0.000017 0.000023 0.000030 0.000040 0.000051 0.000066 0.000084 0.000105 0.000131 0.000161 0.000197 0.000237 0.000282 0.000333 0.000389 0.000449 0.000513 0.000580 0.000649 0.000718 0.000786 0.000852 0.000913 0.000968 0.001016 0.001054 0.001083 0.001100 0.001106 0.001100 0.001083 0.001054 0.001016 0.000968 0.000913 0.000852 0.000786 0.000718 0.000649 0.000580 0.000513 0.000449 0.000389 0.000333 0.000282 0.000237 0.000197 0.000161 0.000131 0.000105 0.000084 0.000066 0.000051 0.000040 0.000030 0.000023 0.000017 0.000013 0.000009 0.000007 0.000005 0.000003 0.000002 0.000002 0.000001 0.000001 0.000001 0.000000 0.000000 0.000000 0.000000 0.000000 0.000000 0.000000 0.000000 0.000000 0.000000 0.000000 
0.000000 0.000000 0.000000 0.000000 0.000000 0.000000 0.000000 0.000000 0.000000 0.000000 0.000000 0.000000 0.000001 0.000001 0.000001 0.000002 0.000002 0.000003 0.000005 0.000007 0.000009 0.000013 0.000017 0.000023 0.000030 0.000040 0.000051 0.000066 0.000084 0.000105 0.000131 0.000161 0.000197 0.000237 0.000282 0.000333 0.000389 0.000449 0.000513 0.000580 0.000649 0.000718 0.000786 0.000852 0.000913 0.000968 0.001016 0.001054 0.001083 0.001100 0.001106 0.001100 0.001083 0.001054 0.001016 0.000968 0.000913 0.000852 0.000786 0.000718 0.000649 0.000580 0.000513 0.000449 0.000389 0.000333 0.000282 0.000237 0.000197 0.000161 0.000131 0.000105 0.000084 0.000066 0.000051 0.000040 0.000030 0.000023 0.000017 0.000013 0.000009 0.000007 0.000005 0.000003 0.000002 0.000002 0.000001 0.000001 0.000001 0.000000 0.000000 0.000000 0.000000 0.000000 0.000000 0.000000 0.000000 0.000000 0.000000 0.000000 
0.000000 0.000000 0.000000 0.000000 0.000000 0.000000 0.000000 0.000000 0.000000 0.000000 0.000000 0.000000 0.000001 0.000001 0.000001 0.000002 0.000003 0.000004 0.000006 0.000008 0.000012 0.000016 0.000021 0.000029 0.000038 0.000050 0.000064 0.000083 0.000105 0.000132 0.000164 0.000202 0.000246 0.000296 0.000353 0.000417 0.000486 0.000561 0.000641 0.000725 0.000811 0.000897 0.000983 0.001064 0.001141 0.001210 0.001269 0.001318 0.001353 0.001375 0.001382 0.001375 0.001353 0.001318 0.001269 0.001210 0.001141 0.001064 0.000983 0.000897 0.000811 0.000725 0.000641 0.000561 0.000486 0.000417 0.000353 0.000296 0.000246 0.000202 0.000164 0.000132 0.000105 0.000083 0.000064 0.000050 0.000038 0.000029 0.000021 0.000016 0.000012 0.000008 0.000006 0.000004 0.000003 0.000002 0.000001 0.000001 0.000001 0.000000 0.000000 0.000000 0.000000 0.000000 0.000000 0.000000 0.000000 0.000000 0.000000 0.000000 
0.000000 0.000000 0.000000 0.000000 0.000000 0.000000 0.000000 0.000000 0.000000 0.000000 0.000000 0.000001 0.000001 0.000001 0.000002 0.000003 0.000004 0.000006 0.000009 0.000012 0.000017 0.000023 0.000031 0.000041 0.000055 0.000072 0.000093 0.000120 0.000152 0.000191 0.000237 0.000292 0.000355 0.000428 0.000510 0.000601 0.000701 0.000810 0.000925 0.001046 0.001169 0.001294 0.001416 0.001534 0.001644 0.001743 0.001829 0.001899 0.001950 0.001981 0.001992 0.001981 0.001950 0.001899 0.001829 0.001743 0.001644 0.001534 0.001416 0.001294 0.001169 0.001046 0.000925 0.000810 0.000701 0.000601 0.000510 0.000428 0.000355 0.000292 0.000237 0.000191 0.000152 0.000120 0.000093 0.000072 0.000055 0.000041 0.000031 0.000023 0.000017 0.000012 0.000009 0.000006 0.000004 0.000003 0.000002 0.000001 0.000001 0.000001 0.000000 0.000000 0.000000 0.000000 0.000000 0.000000 0.000000 0.000000 0.000000 0.000000 
0.000000 0.000000 0.000000 0.000000 0.000000 0.000000 0.000000 0.000000 0.000000 0.000000 0.000001 0.000001 0.000001 0.000002 0.000003 0.000005 0.000007 0.000010 0.000013 0.000019 0.000026 0.000035 0.000048 0.000064 0.000084 0.000111 0.000143 0.000184 0.000234 0.000294 0.000365 0.000449 0.000546 0.000658 0.000784 0.000924 0.001078 0.001245 0.001422 0.001606 0.001796 0.001987 0.002175 0.002356 0.002525 0.002677 0.002808 0.002915 0.002993 0.003042 0.003058 0.003042 0.002993 0.002915 0.002808 0.002677 0.002525 0.002356 0.002175 0.001987 0.001796 0.001606 0.001422 0.001245 0.001078 0.000924 0.000784 0.000658 0.000546 0.000449 0.000365 0.000294 0.000234 0.000184 0.000143 0.000111 0.000084 0.000064 0.000048 0.000035 0.000026 0.000019 0.000013 0.000010 0.000007 0.000005 0.000003 0.000002 0.000001 0.000001 0.000001 0.000000 0.000000 0.000000 0.000000 0.000000 0.000000 0.000000 0.000000 0.000000 
0.000000 0.000000 0.000000 0.000000 0.000000 0.000000 0.000000 0.000000 0.000000 0.000001 0.000001 0.000002 0.000002 0.000003 0.000005 0.000007 0.000011 0.000015 0.000021 0.000029 0.000041 0.000056 0.000075 0.000100 0.000133 0.000174 0.000225 0.000289 0.000367 0.000461 0.000573 0.000704 0.000857 0.001032 0.001230 0.001449 0.001691 0.001951 0.002228 0.002518 0.002815 0.003114 0.003408 0.003691 0.003955 0.004193 0.004399 0.004566 0.004689 0.004764 0.004789 0.004764 0.004689 0.004566 0.004399 0.004193 0.003955 0.003691 0.003408 0.003114 0.002815 0.002518 0.002228 0.001951 0.001691 0.001449 0.001230 0.001032 0.000857 0.000704 0.000573 0.000461 0.000367 0.000289 0.000225 0.000174 0.000133 0.000100 0.000075 0.000056 0.000041 0.000029 0.000021 0.000015 0.000011 0.000007 0.000005 0.000003 0.000002 0.000002 0.000001 0.000001 0.000000 0.000000 0.000000 0.000000 0.000000 0.000000 0.000000 0.000000 
0.000000 0.000000 0.000000 0.000000 0.000000 0.000000 0.000000 0.000000 0.000001 0.000001 0.000002 0.000002 0.000004 0.000005 0.000008 0.000012 0.000017 0.000024 0.000033 0.000046 0.000064 0.000087 0.000118 0.000158 0.000209 0.000274 0.000355 0.000455 0.000577 0.000725 0.000900 0.001107 0.001347 0.001621 0.001931 0.002276 0.002654 0.003063 0.003498 0.003952 0.004417 0.004886 0.005348 0.005791 0.006205 0.006578 0.006900 0.007162 0.007354 0.007472 0.007512 0.007472 0.007354 0.007162 0.006900 0.006578 0.006205 0.005791 0.005348 0.004886 0.004417 0.003952 0.003498 0.003063 0.002654 0.002276 0.001931 0.001621 0.001347 0.001107 0.000900 0.000725 0.000577 0.000455 0.000355 0.000274 0.000209 0.000158 0.000118 0.000087 0.000064 0.000046 0.000033 0.000024 0.000017 0.000012 0.000008 0.000005 0.000004 0.000002 0.000002 0.000001 0.000001 0.000000 0.000000 0.000000 0.000000 0.000000 0.000000 0.000000 
0.000000 0.000000 0.000000 0.000000 0.000000 0.000000 0.000000 0.000001 0.000001 0.000002 0.000003 0.000004 0.000006 0.000008 0.000012 0.000018 0.000026 0.000037 0.000052 0.000073 0.000100 0.000137 0.000185 0.000247 0.000327 0.000428 0.000555 0.000711 0.000902 0.001132 0.001407 0.001729 0.002103 0.002532 0.003015 0.003553 0.004143 0.004781 0.005458 0.006166 0.006892 0.007623 0.008342 0.009033 0.009678 0.010259 0.010761 0.011168 0.011469 0.011653 0.011715 0.011653 0.011469 0.011168 0.010761 0.010259 0.009678 0.009033 0.008342 0.007623 0.006892 0.006166 0.005458 0.004781 0.004143 0.003553 0.003015 0.002532 0.002103 0.001729 0.001407 0.001132 0.000902 0.000711 0.000555 0.000428 0.000327 0.000247 0.000185 0.000137 0.000100 0.000073 0.000052 0.000037 0.000026 0.000018 0.000012 0.000008 0.000006 0.000004 0.000003 0.000002 0.000001 0.000001 0.000000 0.000000 0.000000 0.000000 0.000000 0.000000 
0.000000 0.000000 0.000000 0.000000 0.000000 0.000000 0.000001 0.000001 0.000002 0.000003 0.000004 0.000006 0.000009 0.000013 0.000019 0.000028 0.000040 0.000058 0.000081 0.000113 0.000156 0.000213 0.000287 0.000384 0.000507 0.000664 0.000860 0.001102 0.001398 0.001755 0.002179 0.002678 0.003257 0.003920 0.004668 0.005500 0.006413 0.007398 0.008445 0.009539 0.010662 0.011791 0.012903 0.013970 0.014967 0.015865 0.016640 0.017270 0.017733 0.018018 0.018114 0.018018 0.017733 0.017270 0.016640 0.015865 0.014967 0.013970 0.012903 0.011791 0.010662 0.009539 0.008445 0.007398 0.006413 0.005500 0.004668 0.003920 0.003257 0.002678 0.002179 0.001755 0.001398 0.001102 0.000860 0.000664 0.000507 0.000384 0.000287 0.000213 0.000156 0.000113 0.000081 0.000058 0.000040 0.000028 0.000019 0.000013 0.000009 0.000006 0.000004 0.000003 0.000002 0.000001 0.000001 0.000000 0.000000 0.000000 0.000000 0.000000 
0.000000 0.000000 0.000000 0.000000 0.000000 0.000001 0.000001 0.000002 0.000003 0.000004 0.000006 0.000009 0.000014 0.000020 0.000030 0.000043 0.000062 0.000089 0.000125 0.000174 0.000240 0.000327 0.000441 0.000590 0.000780 0.001020 0.001321 0.001693 0.002146 0.002693 0.003344 0.004109 0.004997 0.006012 0.007158 0.008433 0.009831 0.011340 0.012944 0.014619 0.016338 0.018067 0.019768 0.021402 0.022928 0.024303 0.025489 0.026452 0.027162 0.027597 0.027744 0.027597 0.027162 0.026452 0.025489 0.024303 0.022928 0.021402 0.019768 0.018067 0.016338 0.014619 0.012944 0.011340 0.009831 0.008433 0.007158 0.006012 0.004997 0.004109 0.003344 0.002693 0.002146 0.001693 0.001321 0.001020 0.000780 0.000590 0.000441 0.000327 0.000240 0.000174 0.000125 0.000089 0.000062 0.000043 0.000030 0.000020 0.000014 0.000009 0.000006 0.000004 0.000003 0.000002 0.000001 0.000001 0.000000 0.000000 0.000000 0.000000 
0.000000 0.000000 0.000000 0.000000 0.000001 0.000001 0.000002 0.000003 0.000004 0.000006 0.000009 0.000014 0.000021 0.000031 0.000046 0.000066 0.000095 0.000135 0.000190 0.000265 0.000365 0.000498 0.000672 0.000897 0.001186 0.001551 0.002008 0.002573 0.003262 0.004093 0.005081 0.006243 0.007589 0.009130 0.010868 0.012803 0.014923 0.017212 0.019644 0.022184 0.024790 0.027411 0.029990 0.032467 0.034779 0.036863 0.038661 0.040120 0.041196 0.041855 0.042077 0.041855 0.041196 0.040120 0.038661 0.036863 0.034779 0.032467 0.029990 0.027411 0.024790 0.022184 0.019644 0.017212 0.014923 0.012803 0.010868 0.009130 0.007589 0.006243 0.005081 0.004093 0.003262 0.002573 0.002008 0.001551 0.001186 0.000897 0.000672 0.000498 0.000365 0.000265 0.000190 0.000135 0.000095 0.000066 0.000046 0.000031 0.000021 0.000014 0.000009 0.000006 0.000004 0.000003 0.000002 0.000001 0.000001 0.000000 0.000000 0.000000 
0.000000 0.000000 0.000000 0.000001 0.000001 0.000002 0.000002 0.000004 0.000006 0.000009 0.000014 0.000021 0.000032 0.000047 0.000069 0.000100 0.000143 0.000204 0.000287 0.000399 0.000550 0.000750 0.001012 0.001351 0.001786 0.002336 0.003023 0.003873 0.004909 0.006157 0.007643 0.009388 0.011412 0.013727 0.016338 0.019243 0.022427 0.025864 0.029515 0.033329 0.037240 0.041173 0.045044 0.048761 0.052230 0.055358 0.058056 0.060245 0.061859 0.062849 0.063182 0.062849 0.061859 0.060245 0.058056 0.055358 0.052230 0.048761 0.045044 0.041173 0.037240 0.033329 0.029515 0.025864 0.022427 0.019243 0.016338 0.013727 0.011412 0.009388 0.007643 0.006157 0.004909 0.003873 0.003023 0.002336 0.001786 0.001351 0.001012 0.000750 0.000550 0.000399 0.000287 0.000204 0.000143 0.000100 0.000069 0.000047 0.000032 0.000021 0.000014 0.000009 0.000006 0.000004 0.000002 0.000002 0.000001 0.000001 0.000001 0.000001 
0.000001 0.000001 0.000001 0.000001 0.000001 0.000002 0.000004 0.000006 0.000009 0.000014 0.000021 0.000032 0.000047 0.000070 0.000103 0.000149 0.000214 0.000304 0.000428 0.000596 0.000821 0.001119 0.001509 0.002015 0.002663 0.003482 0.004506 0.005770 0.007312 0.009171 0.011381 0.013978 0.016988 0.020430 0.024314 0.028633 0.033367 0.038476 0.043903 0.049570 0.055382 0.061227 0.066978 0.072501 0.077654 0.082301 0.086308 0.089560 0.091958 0.093427 0.093922 0.093427 0.091958 0.089560 0.086308 0.082301 0.077654 0.072501 0.066978 0.061227 0.055382 0.049570 0.043903 0.038476 0.033367 0.028633 0.024314 0.020430 0.016988 0.013978 0.011381 0.009171 0.007312 0.005770 0.004506 0.003482 0.002663 0.002015 0.001509 0.001119 0.000821 0.000596 0.000428 0.000304 0.000214 0.000149 0.000103 0.000070 0.000047 0.000032 0.000021 0.000014 0.000009 0.000006 0.000004 0.000002 0.000002 0.000001 0.000001 0.000001 
0.000001 0.000001 0.000001 0.000001 0.000002 0.000003 0.000005 0.000008 0.000013 0.000020 0.000031 0.000047 0.000070 0.000104 0.000152 0.000221 0.000317 0.000450 0.000633 0.000880 0.001212 0.001652 0.002228 0.002975 0.003929 0.005137 0.006646 0.008510 0.010783 0.013520 0.016777 0.020601 0.025033 0.030102 0.035819 0.042176 0.049143 0.056661 0.064647 0.072985 0.081536 0.090133 0.098593 0.106715 0.114294 0.121127 0.127021 0.131803 0.135329 0.137489 0.138217 0.137489 0.135329 0.131803 0.127021 0.121127 0.114294 0.106715 0.098593 0.090133 0.081536 0.072985 0.064647 0.056661 0.049143 0.042176 0.035819 0.030102 0.025033 0.020601 0.016777 0.013520 0.010783 0.008510 0.006646 0.005137 0.003929 0.002975 0.002228 0.001652 0.001212 0.000880 0.000633 0.000450 0.000317 0.000221 0.000152 0.000104 0.000070 0.000047 0.000031 0.000020 0.000013 0.000009 0.000005 0.000003 0.000002 0.000002 0.000001 0.000001 
0.000001 0.000001 0.000001 0.000002 0.000003 0.000005 0.000008 0.000012 0.000019 0.000030 0.000046 0.000069 0.000103 0.000152 0.000223 0.000323 0.000464 0.000659 0.000926 0.001288 0.001773 0.002415 0.003257 0.004346 0.005740 0.007503 0.009705 0.012424 0.015739 0.019732 0.024481 0.030056 0.036517 0.043904 0.052235 0.061499 0.071649 0.082602 0.094233 0.106378 0.118830 0.131350 0.143668 0.155495 0.166530 0.176478 0.185058 0.192019 0.197152 0.200297 0.201356 0.200297 0.197152 0.192019 0.185058 0.176478 0.166530 0.155495 0.143668 0.131350 0.118830 0.106378 0.094233 0.082602 0.071649 0.061499 0.052235 0.043904 0.036517 0.030056 0.024481 0.019732 0.015739 0.012424 0.009705 0.007503 0.005740 0.004346 0.003257 0.002415 0.001773 0.001288 0.000926 0.000659 0.000464 0.000323 0.000223 0.000152 0.000103 0.000069 0.000046 0.000030 0.000019 0.000013 0.000008 0.000005 0.000003 0.000002 0.000002 0.000002 
0.000002 0.000002 0.000002 0.000003 0.000005 0.000007 0.000012 0.000018 0.000028 0.000043 0.000066 0.000100 0.000149 0.000221 0.000323 0.000469 0.000672 0.000954 0.001340 0.001864 0.002565 0.003495 0.004711 0.006286 0.008300 0.010847 0.014028 0.017954 0.022741 0.028506 0.035360 0.043407 0.052730 0.063388 0.075407 0.088768 0.103407 0.119202 0.135974 0.153484 0.171437 0.189485 0.207241 0.224287 0.240192 0.254529 0.266895 0.276927 0.284323 0.288856 0.290382 0.288856 0.284323 0.276927 0.266895 0.254529 0.240192 0.224287 0.207241 0.189485 0.171437 0.153484 0.135974 0.119202 0.103407 0.088768 0.075407 0.063388 0.052730 0.043407 0.035360 0.028506 0.022741 0.017954 0.014028 0.010847 0.008300 0.006286 0.004711 0.003495 0.002565 0.001864 0.001340 0.000954 0.000672 0.000469 0.000323 0.000221 0.000149 0.000100 0.000066 0.000043 0.000028 0.000018 0.000012 0.000007 0.000005 0.000003 0.000003 0.000003 
0.000002 0.000002 0.000003 0.000004 0.000007 0.000011 0.000017 0.000026 0.000040 0.000062 0.000095 0.000143 0.000214 0.000317 0.000464 0.000672 0.000964 0.001368 0.001921 0.002671 0.003675 0.005005 0.006746 0.008999 0.011880 0.015522 0.020070 0.025683 0.032525 0.040763 0.050557 0.062052 0.075370 0.090592 0.107755 0.126834 0.147734 0.170282 0.194222 0.219213 0.244834 0.270590 0.295927 0.320249 0.342941 0.363396 0.381038 0.395349 0.405901 0.412366 0.414544 0.412366 0.405901 0.395349 0.381038 0.363396 0.342941 0.320249 0.295927 0.270590 0.244834 0.219213 0.194222 0.170282 0.147734 0.126834 0.107755 0.090592 0.075370 0.062052 0.050557 0.040763 0.032525 0.025683 0.020070 0.015522 0.011880 0.008999 0.006746 0.005005 0.003675 0.002671 0.001921 0.001368 0.000964 0.000672 0.000464 0.000317 0.000214 0.000143 0.000095 0.000062 0.000041 0.000026 0.000017 0.000011 0.000007 0.000005 0.000004 0.000004 
0.000003 0.000003 0.000004 0.000006 0.000010 0.000015 0.000024 0.000037 0.000058 0.000089 0.000135 0.000204 0.000304 0.000450 0.000659 0.000954 0.001368 0.001940 0.002725 0.003788 0.005211 0.007095 0.009561 0.012751 0.016830 0.021986 0.028424 0.036366 0.046047 0.057700 0.071552 0.087808 0.106638 0.128159 0.152420 0.179387 0.208924 0.240787 0.274613 0.309923 0.346118 0.382502 0.418291 0.452644 0.484695 0.513583 0.538497 0.558709 0.573609 0.582740 0.585815 0.582740 0.573609 0.558709 0.538497 0.513583 0.484695 0.452644 0.418291 0.382502 0.346118 0.309923 0.274613 0.240787 0.208924 0.179387 0.152420 0.128159 0.106638 0.087808 0.071552 0.057700 0.046047 0.036366 0.028424 0.021986 0.016830 0.012751 0.009561 0.007095 0.005211 0.003788 0.002725 0.001940 0.001368 0.000954 0.000659 0.000450 0.000304 0.000204 0.000135 0.000089 0.000058 0.000037 0.000024 0.000015 0.000010 0.000007 0.000006 0.000006 
0.000005 0.000005 0.000006 0.000009 0.000013 0.000021 0.000033 0.000052 0.000081 0.000125 0.000190 0.000287 0.000428 0.000633 0.000926 0.001340 0.001921 0.002725 0.003826 0.005317 0.007313 0.009955 0.013412 0.017884 0.023601 0.030825 0.039843 0.050969 0.064526 0.080843 0.100236 0.122992 0.149346 0.179464 0.213412 0.251141 0.292462 0.337033 0.384345 0.433727 0.484345 0.535222 0.585264 0.633296 0.678106 0.718494 0.753324 0.781579 0.802408 0.815172 0.819471 0.815172 0.802408 0.781579 0.753324 0.718494 0.678106 0.633296 0.585264 0.535222 0.484345 0.433727 0.384345 0.337033 0.292462 0.251141 0.213412 0.179464 0.149346 0.122992 0.100236 0.080843 0.064526 0.050969 0.039843 0.030825 0.023601 0.017884 0.013412 0.009955 0.007313 0.005317 0.003826 0.002725 0.001921 0.001340 0.000926 0.000633 0.000428 0.000287 0.000190 0.000125 0.000081 0.000052 0.000034 0.000022 0.000014 0.000010 0.000008 0.000008 
0.000007 0.000007 0.000008 0.000012 0.000019 0.000029 0.000046 0.000073 0.000113 0.000174 0.000265 0.000399 0.000596 0.000880 0.001288 0.001864 0.002671 0.003788 0.005317 0.007387 0.010158 0.013825 0.018622 0.024827 0.032758 0.042776 0.055282 0.070707 0.089500 0.112115 0.138990 0.170521 0.207033 0.248754 0.295775 0.348026 0.405247 0.466961 0.532467 0.600831 0.670901 0.741324 0.810588 0.877066 0.939082 0.994974 1.043174 1.082273 1.111096 1.128758 1.134708 1.128758 1.111096 1.082273 1.043174 0.994974 0.939082 0.877066 0.810588 0.741324 0.670901 0.600831 0.532467 0.466961 0.405247 0.348026 0.295775 0.248754 0.207033 0.170521 0.138990 0.112115 0.089500 0.070707 0.055282 0.042776 0.032758 0.024827 0.018622 0.013825 0.010158 0.007387 0.005317 0.003788 0.002671 0.001864 0.001288 0.000880 0.000596 0.000399 0.000265 0.000174 0.000113 0.000073 0.000047 0.000030 0.000020 0.000014 0.000011 0.000011 
0.000009 0.000009 0.000012 0.000017 0.000026 0.000041 0.000064 0.000100 0.000156 0.000240 0.000365 0.000550 0.000821 0.001212 0.001773 0.002565 0.003675 0.005211 0.007313 0.010158 0.013965 0.019003 0.025593 0.034113 0.045002 0.058755 0.075920 0.097088 0.122874 0.153900 0.190765 0.234009 0.284081 0.341287 0.405753 0.477384 0.555817 0.640403 0.730176 0.823861 0.919875 1.016367 1.111264 1.202340 1.287297 1.363864 1.429889 1.483448 1.522929 1.547122 1.555271 1.547122 1.522929 1.483448 1.429889 1.363864 1.287297 1.202340 1.111264 1.016367 0.919875 0.823861 0.730176 0.640403 0.555817 0.477384 0.405753 0.341287 0.284081 0.234009 0.190765 0.153900 0.122874 0.097088 0.075920 0.058755 0.045002 0.034113 0.025593 0.019003 0.013965 0.010158 0.007313 0.005211 0.003675 0.002565 0.001773 0.001212 0.000821 0.000550 0.000365 0.000240 0.000156 0.000101 0.000065 0.000041 0.000027 0.000019 0.000015 0.000015 
0.000013 0.000013 0.000016 0.000023 0.000035 0.000056 0.000087 0.000137 0.000213 0.000327 0.000498 0.000750 0.001119 0.001652 0.002415 0.003495 0.005005 0.007095 0.009955 0.013825 0.019003 0.025853 0.034812 0.046393 0.061191 0.079878 0.103198 0.131950 0.166971 0.209102 0.259154 0.317862 0.385828 0.463470 0.550957 0.648154 0.754573 0.869328 0.991112 1.118190 1.248419 1.379288 1.507986 1.631495 1.746702 1.850526 1.940054 2.012674 2.066207 2.099009 2.110058 2.099009 2.066207 2.012674 1.940054 1.850526 1.746702 1.631495 1.507986 1.379288 1.248419 1.118190 0.991112 0.869328 0.754573 0.648154 0.550957 0.463470 0.385828 0.317862 0.259154 0.209102 0.166971 0.131950 0.103198 0.079878 0.061191 0.046393 0.034812 0.025853 0.019003 0.013825 0.009955 0.007095 0.005005 0.003495 0.002415 0.001652 0.001119 0.000750 0.000498 0.000327 0.000213 0.000137 0.000088 0.000057 0.000037 0.000026 0.000021 0.000021 
0.000017 0.000017 0.000021 0.000031 0.000048 0.000075 0.000118 0.000185 0.000287 0.000441 0.000672 0.001012 0.001509 0.002228 0.003257 0.004711 0.006746 0.009561 0.013412 0.018622 0.025593 0.034812 0.046866 0.062446 0.082351 0.107483 0.138841 0.177497 0.224574 0.281201 0.348467 0.427354 0.518671 0.622976 0.740493 0.871042 1.013963 1.168065 1.331593 1.502217 1.677059 1.852749 2.025515 2.191306 2.345946 2.485302 2.605465 2.702933 2.774781 2.818805 2.833634 2.818805 2.774781 2.702933 2.605465 2.485302 2.345946 2.191306 2.025515 1.852749 1.677059 1.502217 1.331593 1.168065 1.013963 0.871042 0.740493 0.622976 0.518671 0.427354 0.348467 0.281201 0.224574 0.177497 0.138841 0.107483 0.082351 0.062446 0.046866 0.034812 0.025593 0.018622 0.013412 0.009561 0.006746 0.004711 0.003257 0.002228 0.001509 0.001012 0.000672 0.000441 0.000287 0.000185 0.000119 0.000077 0.000050 0.000035 0.000028 0.000028 
0.000023 0.000023 0.000029 0.000041 0.000064 0.000100 0.000158 0.000247 0.000384 0.000590 0.000897 0.001351 0.002015 0.002975 0.004346 0.006286 0.008999 0.012751 0.017884 0.024827 0.034113 0.046393 0.062446 0.083192 0.109692 0.143146 0.184880 0.236321 0.298958 0.374293 0.463768 0.568689 0.690129 0.828824 0.985073 1.158631 1.348619 1.553453 1.770798 1.997559 2.229909 2.463372 2.692936 2.913222 3.118683 3.303829 3.463471 3.592960 3.688409 3.746893 3.766593 3.746893 3.688409 3.592960 3.463471 3.303829 3.118683 2.913222 2.692936 2.463372 2.229909 1.997559 1.770798 1.553453 1.348619 1.158631 0.985073 0.828824 0.690129 0.568689 0.463768 0.374293 0.298958 0.236321 0.184880 0.143146 0.109692 0.083192 0.062446 0.046393 0.034113 0.024827 0.017884 0.012751 0.008999 0.006286 0.004346 0.002975 0.002015 0.001351 0.000897 0.000590 0.000384 0.000248 0.000159 0.000102 0.000067 0.000047 0.000038 0.000038 
0.000030 0.000030 0.000038 0.000055 0.000084 0.000133 0.000209 0.000327 0.000507 0.000780 0.001186 0.001786 0.002663 0.003929 0.005740 0.008300 0.011880 0.016830 0.023601 0.032758 0.045002 0.061191 0.082351 0.109692 0.144611 0.188686 0.243662 0.311414 0.393903 0.493100 0.610903 0.749024 0.908873 1.091417 1.297042 1.525425 1.775406 2.044899 2.330830 2.629125 2.934755 3.241829 3.543760 3.833474 4.103679 4.347159 4.557093 4.727370 4.852883 4.929787 4.955692 4.929787 4.852883 4.727370 4.557093 4.347159 4.103679 3.833474 3.543760 3.241829 2.934755 2.629125 2.330830 2.044899 1.775406 1.525425 1.297042 1.091417 0.908873 0.749024 0.610903 0.493100 0.393903 0.311414 0.243662 0.188686 0.144611 0.109692 0.082351 0.061191 0.045002 0.032758 0.023601 0.016830 0.011880 0.008300 0.005740 0.003929 0.002663 0.001786 0.001186 0.000780 0.000508 0.000328 0.000211 0.000135 0.000089 0.000062 0.000050 0.000050 
0.000040 0.000040 0.000050 0.000072 0.000111 0.000174 0.000274 0.000428 0.000664 0.001020 0.001551 0.002336 0.003482 0.005137 0.007503 0.010847 0.015522 0.021986 0.030825 0.042776 0.058755 0.079878 0.107483 0.143146 0.188686 0.246159 0.317836 0.406159 0.513678 0.642959 0.796470 0.976439 1.184696 1.422495 1.690337 1.987795 2.313356 2.664300 3.036622 3.425019 3.822940 4.222719 4.615780 4.992921 5.344652 5.661584 5.934841 6.156475 6.319841 6.419937 6.453654 6.419937 6.319841 6.156475 5.934841 5.661584 5.344652 4.992921 4.615780 4.222719 3.822940 3.425019 3.036622 2.664300 2.313356 1.987795 1.690337 1.422495 1.184696 0.976439 0.796470 0.642959 0.513678 0.406159 0.317836 0.246159 0.188686 0.143146 0.107483 0.079878 0.058755 0.042776 0.030825 0.021986 0.015522 0.010847 0.007503 0.005137 0.003482 0.002336 0.001552 0.001020 0.000665 0.000429 0.000276 0.000177 0.000116 0.000081 0.000066 0.000066 
0.000051 0.000051 0.000064 0.000093 0.000143 0.000225 0.000355 0.000555 0.000860 0.001321 0.002008 0.003023 0.004506 0.006646 0.009705 0.014028 0.020070 0.028424 0.039843 0.055282 0.075920 0.103198 0.138841 0.184880 0.243662 0.317836 0.410328 0.524286 0.662994 0.829758 1.027753 1.259848 1.528395 1.835007 2.180325 2.563790 2.983450 3.435795 3.915660 4.416211 4.929005 5.444165 5.950644 6.436587 6.889771 7.298106 7.650161 7.935699 8.146167 8.275121 8.318558 8.275121 8.146167 7.935699 7.650161 7.298106 6.889771 6.436587 5.950644 5.444165 4.929005 4.416211 3.915660 3.435795 2.983450 2.563790 2.180325 1.835007 1.528395 1.259848 1.027753 0.829758 0.662994 0.524286 0.410328 0.317836 0.243662 0.184880 0.138841 0.103198 0.075920 0.055282 0.039843 0.028424 0.020070 0.014028 0.009705 0.006646 0.004506 0.003024 0.002009 0.001321 0.000861 0.000556 0.000357 0.000230 0.000151 0.000106 0.000085 0.000085 
0.000066 0.000066 0.000083 0.000120 0.000184 0.000289 0.000455 0.000711 0.001102 0.001693 0.002573 0.003873 0.005770 0.008510 0.012424 0.017954 0.025683 0.036366 0.050969 0.070707 0.097088 0.131950 0.177497 0.236321 0.311414 0.406159 0.524286 0.669810 0.846919 1.059826 1.312578 1.608829 1.951575 2.342866 2.783512 3.272796 3.808221 4.385303 4.997454 5.635951 6.290029 6.947089 7.593047 8.212788 8.790728 9.311456 9.760403 10.124517 10.392898 10.557334 10.612723 10.557334 10.392898 10.124517 9.760403 9.311456 8.790728 8.212788 7.593047 6.947089 6.290029 5.635951 4.997454 4.385303 3.808221 3.272796 2.783512 2.342866 1.951575 1.608829 1.312578 1.059826 0.846919 0.669810 0.524286 0.406159 0.311414 0.236321 0.177497 0.131950 0.097088 0.070707 0.050969 0.036366 0.025683 0.017954 0.012424 0.008510 0.005770 0.003873 0.002573 0.001693 0.001103 0.000713 0.000458 0.000295 0.000194 0.000136 0.000109 0.000109 
0.000084 0.000084 0.000105 0.000152 0.000234 0.000367 0.000577 0.000902 0.001398 0.002146 0.003262 0.004909 0.007312 0.010783 0.015739 0.022741 0.032525 0.046047 0.064526 0.089500 0.122874 0.166971 0.224574 0.298958 0.393903 0.513678 0.662994 0.846919 1.070738 1.339765 1.659107 2.033370 2.466331 2.960569 3.517100 4.135011 4.811140 5.539823 6.312737 7.118867 7.944621 8.774101 9.589527 10.371825 11.101335 11.758607 12.325260 12.784831 13.123566 13.331106 13.401013 13.331106 13.123566 12.784831 12.325260 11.758607 11.101335 10.371825 9.589527 8.774101 7.944621 7.118867 6.312737 5.539823 4.811140 4.135011 3.517100 2.960569 2.466331 2.033370 1.659107 1.339765 1.070738 0.846919 0.662994 0.513678 0.393903 0.298958 0.224574 0.166971 0.122874 0.089500 0.064526 0.046047 0.032525 0.022741 0.015739 0.010783 0.007312 0.004909 0.003263 0.002147 0.001400 0.000905 0.000581 0.000374 0.000246 0.000172 0.000139 0.000139 
0.000105 0.000105 0.000132 0.000191 0.000294 0.000461 0.000725 0.001132 0.001755 0.002693 0.004093 0.006157 0.009171 0.013520 0.019732 0.028506 0.040763 0.057700 0.080843 0.112115 0.153900 0.209102 0.281201 0.374293 0.493100 0.642959 0.829758 1.059826 1.339765 1.676212 2.075544 2.543510 3.084818 3.702685 4.398369 5.170722 6.015783 6.926467 7.892368 8.899721 9.931543 10.967968 11.986791 12.964185 13.875593 14.696729 15.404637 15.978758 16.401917 16.661181 16.748511 16.661181 16.401917 15.978758 15.404637 14.696729 13.875593 12.964185 11.986791 10.967968 9.931543 8.899721 7.892368 6.926467 6.015783 5.170722 4.398369 3.702685 3.084818 2.543510 2.075544 1.676212 1.339765 1.059826 0.829758 0.642959 0.493100 0.374293 0.281201 0.209102 0.153900 0.112115 0.080843 0.057700 0.040763 0.028506 0.019732 0.013520 0.009171 0.006158 0.004093 0.002694 0.001757 0.001136 0.000730 0.000470 0.000309 0.000216 0.000174 0.000174 
0.000131 0.000131 0.000164 0.000237 0.000365 0.000573 0.000900 0.001407 0.002179 0.003344 0.005081 0.007643 0.011381 0.016777 0.024481 0.035360 0.050557 0.071552 0.100236 0.138990 0.190765 0.259154 0.348467 0.463768 0.610903 0.796470 1.027753 1.312578 1.659107 2.075544 2.569769 3.148883 3.818702 4.583192 5.443899 6.399389 7.444757 8.571230 9.765932 11.011837 12.287940 13.569678 14.829594 16.038233 17.165239 18.180590 19.055912 19.765794 20.289011 20.609575 20.717552 20.609575 20.289011 19.765794 19.055912 18.180590 17.165239 16.038233 14.829594 13.569678 12.287940 11.011837 9.765932 8.571230 7.444757 6.399389 5.443899 4.583192 3.818702 3.148883 2.569769 2.075544 1.659107 1.312578 1.027753 0.796470 0.610903 0.463768 0.348467 0.259154 0.190765 0.138990 0.100236 0.071552 0.050557 0.035360 0.024481 0.016777 0.011382 0.007644 0.005082 0.003346 0.002182 0.001411 0.000907 0.000584 0.000384 0.000269 0.000217 0.000217 
0.000161 0.000161 0.000202 0.000292 0.000449 0.000704 0.001107 0.001729 0.002678 0.004109 0.006243 0.009388 0.013978 0.020601 0.030056 0.043407 0.062052 0.087808 0.122992 0.170521 0.234009 0.317862 0.427354 0.568689 0.749024 0.976439 1.259848 1.608829 2.033370 2.543510 3.148883 3.858176 4.678494 5.614681 6.668617 7.838533 9.118412 10.497506 11.960047 13.485191 15.047225 16.616087 18.158178 19.637457 21.016781 22.259419 23.330660 24.199416 24.839721 25.232019 25.364160 25.232019 24.839721 24.199416 23.330660 22.259419 21.016781 19.637457 18.158178 16.616087 15.047225 13.485191 11.960047 10.497506 9.118412 7.838533 6.668617 5.614681 4.678494 3.858176 3.148883 2.543510 2.033370 1.608829 1.259848 0.976439 0.749024 0.568689 0.427354 0.317862 0.234009 0.170521 0.122992 0.087808 0.062052 0.043407 0.030056 0.020601 0.013978 0.009389 0.006243 0.004111 0.002681 0.001734 0.001115 0.000719 0.000473 0.000331 0.000267 0.000267 
0.000197 0.000197 0.000246 0.000355 0.000546 0.000857 0.001347 0.002103 0.003257 0.004997 0.007589 0.011412 0.016988 0.025033 0.036517 0.052730 0.075370 0.106638 0.149346 0.207033 0.284081 0.385828 0.518671 0.690129 0.908873 1.184696 1.528395 1.951575 2.466331 3.084818 3.818702 4.678494 5.672791 6.807447 8.084723 9.502463 11.053363 12.724390 14.496434 16.344234 18.236644 20.137247 22.005348 23.797298 25.468118 26.973327 28.270896 29.323183 30.098747 30.573911 30.733963 30.573911 30.098747 29.323183 28.270896 26.973327 25.468118 23.797298 22.005348 20.137247 18.236644 16.344234 14.496434 12.724390 11.053363 9.502463 8.084723 6.807447 5.672791 4.678494 3.818702 3.084818 2.466331 1.951575 1.528395 1.184696 0.908873 0.690129 0.518671 0.385828 0.284081 0.207033 0.149346 0.106638 0.075370 0.052730 0.036517 0.025033 0.016988 0.011413 0.007590 0.004999 0.003261 0.002109 0.001357 0.000874 0.000575 0.000403 0.000325 0.000325 
0.000237 0.000237 0.000296 0.000428 0.000658 0.001032 0.001621 0.002532 0.003920 0.006012 0.009130 0.013727 0.020430 0.030102 0.043904 0.063388 0.090592 0.128159 0.179464 0.248754 0.341287 0.463470 0.622976 0.828824 1.091417 1.422495 1.835007 2.342866 2.960569 3.702685 4.583192 5.614681 6.807447 8.168492 9.700510 11.400901 13.260889 15.264835 17.389814 19.605534 21.874648 24.153496 26.393294 28.541723 30.544868 32.349420 33.905008 35.166520 36.096277 36.665907 36.857777 36.665907 36.096277 35.166520 33.905008 32.349420 30.544868 28.541723 26.393294 24.153496 21.874648 19.605534 17.389814 15.264835 13.260889 11.400901 9.700510 8.168492 6.807447 5.614681 4.583192 3.702685 2.960569 2.342866 1.835007 1.422495 1.091417 0.828824 0.622976 0.463470 0.341287 0.248754 0.179464 0.128159 0.090592 0.063388 0.043904 0.030102 0.020431 0.013727 0.009131 0.006014 0.003924 0.002539 0.001633 0.001053 0.000693 0.000485 0.000391 0.000391 
0.000282 0.000282 0.000353 0.000510 0.000784 0.001230 0.001931 0.003015 0.004668 0.007158 0.010868 0.016338 0.024314 0.035819 0.052235 0.075407 0.107755 0.152420 0.213412 0.295775 0.405753 0.550957 0.740493 0.985073 1.297042 1.690337 2.180325 2.783512 3.517100 4.398369 5.443899 6.668617 8.084723 9.700510 11.519158 13.537559 15.745282 18.123754 20.645758 23.275340 25.968178 28.672468 31.330330 33.879691 36.256595 38.397805 40.243568 41.740376 42.843540 43.519404 43.747057 43.519404 42.843540 41.740376 40.243568 38.397805 36.256595 33.879691 31.330330 28.672468 25.968178 23.275340 20.645758 18.123754 15.745282 13.537559 11.519158 9.700510 8.084723 6.668617 5.443899 4.398369 3.517100 2.783512 2.180325 1.690337 1.297042 0.985073 0.740493 0.550957 0.405753 0.295775 0.213412 0.152420 0.107755 0.075407 0.052236 0.035819 0.024314 0.016339 0.010870 0.007161 0.004673 0.003024 0.001946 0.001254 0.000825 0.000579 0.000466 0.000466 
0.000333 0.000333 0.000417 0.000601 0.000924 0.001449 0.002276 0.003553 0.005500 0.008433 0.012803 0.019243 0.028633 0.042176 0.061499 0.088768 0.126834 0.179387 0.251141 0.348026 0.477384 0.648154 0.871042 1.158631 1.525425 1.987795 2.563790 3.272796 4.135011 5.170722 6.399389 7.838533 9.502463 11.400901 13.537559 15.908767 18.502255 21.296190 24.258596 27.347236 30.510053 33.686210 36.807740 39.801757 42.593170 45.107732 47.275295 49.033040 50.328503 51.122176 51.389509 51.122176 50.328503 49.033040 47.275295 45.107732 42.593170 39.801757 36.807740 33.686210 30.510053 27.347236 24.258596 21.296190 18.502255 15.908767 13.537559 11.400901 9.502463 7.838533 6.399389 5.170722 4.135011 3.272796 2.563790 1.987795 1.525425 1.158631 0.871042 0.648154 0.477384 0.348026 0.251141 0.179387 0.126834 0.088769 0.061499 0.042176 0.028633 0.019244 0.012804 0.008436 0.005506 0.003563 0.002293 0.001479 0.000973 0.000682 0.000550 0.000550 
0.000389 0.000389 0.000486 0.000701 0.001078 0.001691 0.002654 0.004143 0.006413 0.009831 0.014923 0.022427 0.033367 0.049143 0.071649 0.103407 0.147734 0.208924 0.292462 0.405247 0.555817 0.754573 1.013963 1.348619 1.775406 2.313356 2.983450 3.808221 4.811140 6.015783 7.444757 9.118412 11.053363 13.260889 15.745282 18.502255 21.517521 24.765686 28.209565 31.800054 35.476640 39.168614 42.796981 46.277041 49.521532 52.444179 54.963472 57.006419 58.512062 59.434497 59.745200 59.434497 58.512062 57.006419 54.963472 52.444179 49.521532 46.277041 42.796981 39.168614 35.476640 31.800054 28.209565 24.765686 21.517521 18.502255 15.745282 13.260889 11.053363 9.118412 7.444757 6.015783 4.811140 3.808221 2.983450 2.313356 1.775406 1.348619 1.013963 0.754573 0.555817 0.405247 0.292462 0.208924 0.147734 0.103408 0.071649 0.049143 0.033367 0.022428 0.014925 0.009835 0.006419 0.004155 0.002674 0.001725 0.001135 0.000796 0.000642 0.000642 
0.000449 0.000449 0.000561 0.000810 0.001245 0.001951 0.003063 0.004781 0.007398 0.011340 0.017212 0.025864 0.038476 0.056661 0.082602 0.119202 0.170282 0.240787 0.337033 0.466961 0.640403 0.869328 1.168065 1.553453 2.044899 2.664300 3.435795 4.385303 5.539823 6.926467 8.571230 10.497506 12.724390 15.264835 18.123754 21.296190 24.765686 28.503007 32.465358 36.596240 40.826037 45.073407 49.247488 53.250860 56.983158 60.345163 63.243133 65.593129 67.325051 68.386109 68.743503 68.386109 67.325051 65.593129 63.243133 60.345163 56.983158 53.250860 49.247488 45.073407 40.826037 36.596240 32.465358 28.503007 24.765686 21.296190 18.123754 15.264835 12.724390 10.497506 8.571230 6.926467 5.539823 4.385303 3.435795 2.664300 2.044899 1.553453 1.168065 0.869328 0.640403 0.466961 0.337033 0.240787 0.170282 0.119203 0.082602 0.056662 0.038477 0.025866 0.017215 0.011345 0.007406 0.004794 0.003086 0.001990 0.001310 0.000919 0.000741 0.000741 
0.000513 0.000513 0.000641 0.000925 0.001422 0.002228 0.003498 0.005458 0.008445 0.012944 0.019644 0.029515 0.043903 0.064647 0.094233 0.135974 0.194222 0.274613 0.384345 0.532467 0.730176 0.991112 1.331593 1.770798 2.330830 3.036622 3.915660 4.997454 6.312737 7.892368 9.765932 11.960047 14.496434 17.389814 20.645758 24.258596 28.209565 32.465358 36.977234 41.680856 46.496957 51.332933 56.085341 60.643286 64.892522 68.720113 72.019362 74.694729 76.666428 77.874379 78.281250 77.874379 76.666428 74.694729 72.019362 68.720113 64.892522 60.643286 56.085341 51.332933 46.496957 41.680856 36.977234 32.465358 28.209565 24.258596 20.645758 17.389814 14.496434 11.960047 9.765932 7.892368 6.312737 4.997454 3.915660 3.036622 2.330830 1.770798 1.331593 0.991112 0.730176 0.532467 0.384345 0.274613 0.194222 0.135974 0.094234 0.064647 0.043904 0.029517 0.019647 0.012949 0.008454 0.005474 0.003524 0.002273 0.001497 0.001050 0.000847 0.000847 
0.000580 0.000580 0.000725 0.001046 0.001606 0.002518 0.003952 0.006166 0.009539 0.014619 0.022184 0.033329 0.049570 0.072985 0.106378 0.153484 0.219213 0.309923 0.433727 0.600831 0.823861 1.118190 1.502217 1.997559 2.629125 3.425019 4.416211 5.635951 7.118867 8.899721 11.011837 13.485191 16.344234 19.605534 23.275340 27.347236 31.800054 36.596240 41.680856 46.981392 52.408529 57.857919 63.213018 68.348884 73.136814 77.449577 81.166978 84.181395 86.402951 87.763968 88.222395 87.763968 86.402951 84.181395 81.166978 77.449577 73.136814 68.348884 63.213018 57.857919 52.408529 46.981392 41.680856 36.596240 31.800054 27.347236 23.275340 19.605534 16.344234 13.485191 11.011837 8.899721 7.118867 5.635951 4.416211 3.425019 2.629125 1.997559 1.502217 1.118190 0.823861 0.600831 0.433727 0.309923 0.219213 0.153484 0.106378 0.072986 0.049571 0.033331 0.022188 0.014625 0.009550 0.006183 0.003982 0.002569 0.001692 0.001187 0.000957 0.000957 
0.000649 0.000649 0.000811 0.001169 0.001796 0.002815 0.004417 0.006892 0.010662 0.016338 0.024790 0.037240 0.055382 0.081536 0.118830 0.171437 0.244834 0.346118 0.484345 0.670901 0.919875 1.248419 1.677059 2.229909 2.934755 3.822940 4.929005 6.290029 7.944621 9.931543 12.287940 15.047225 18.236644 21.874648 25.968178 30.510053 35.476640 40.826037 46.496957 52.408529 58.461137 64.538419 70.510419 76.237822 81.577126 86.386475 90.531861 93.893296 96.370579 97.888258 98.399451 97.888258 96.370579 93.893296 90.531861 86.386475 81.577126 76.237822 70.510419 64.538419 58.461137 52.408529 46.496957 40.826037 35.476640 30.510053 25.968178 21.874648 18.236644 15.047225 12.287940 9.931543 7.944621 6.290029 4.929005 3.822940 2.934755 2.229909 1.677059 1.248419 0.919875 0.670901 0.484345 0.346118 0.244834 0.171437 0.118831 0.081536 0.055384 0.037242 0.024794 0.016344 0.010673 0.006912 0.004451 0.002872 0.001891 0.001327 0.001071 0.001071 
0.000718 0.000718 0.000897 0.001294 0.001987 0.003114 0.004886 0.007623 0.011791 0.018067 0.027411 0.041173 0.061227 0.090133 0.131350 0.189485 0.270590 0.382502 0.535222 0.741324 1.016367 1.379288 1.852749 2.463372 3.241829 4.222719 5.444165 6.947089 8.774101 10.967968 13.569678 16.616087 20.137247 24.153496 28.672468 33.686210 39.168614 45.073407 51.332933 57.857919 64.538419 71.246010 77.837272 84.158466 90.051235 95.359047 99.934031 103.643789 106.377759 108.052687 108.616844 108.052687 106.377759 103.643789 99.934031 95.359047 90.051235 84.158466 77.837272 71.246010 64.538419 57.857919 51.332933 45.073407 39.168614 33.686210 28.672468 24.153496 20.137247 16.616087 13.569678 10.967968 8.774101 6.947089 5.444165 4.222719 3.241829 2.463372 1.852749 1.379288 1.016367 0.741324 0.535222 0.382502 0.270590 0.189486 0.131351 0.090134 0.061228 0.041176 0.027415 0.018074 0.011804 0.007644 0.004923 0.003177 0.002093 0.001469 0.001185 0.001185 
0.000786 0.000786 0.000983 0.001416 0.002175 0.003408 0.005348 0.008342 0.012903 0.019768 0.029990 0.045044 0.066978 0.098593 0.143668 0.207241 0.295927 0.418291 0.585264 0.810588 1.111264 1.507986 2.025515 2.692936 3.543760 4.615780 5.950644 7.593047 9.589527 11.986791 14.829594 18.158178 22.005348 26.393294 31.330330 36.807740 42.796981 49.247488 56.085341 63.213018 70.510419 77.837272 85.036931 91.941489 98.377998 104.175508 109.172531 113.224480 116.210617 118.040023 118.656212 118.040023 116.210617 113.224480 109.172531 104.175508 98.377998 91.941489 85.036931 77.837272 70.510419 63.213018 56.085341 49.247488 42.796981 36.807740 31.330330 26.393294 22.005348 18.158178 14.829594 11.986791 9.589527 7.593047 5.950644 4.615780 3.543760 2.692936 2.025515 1.507986 1.111264 0.810588 0.585264 0.418291 0.295927 0.207242 0.143669 0.098594 0.066980 0.045047 0.029994 0.019776 0.012916 0.008366 0.005388 0.003477 0.002291 0.001608 0.001297 0.001297 
