0.000000 0.000000 0.000000 0.000000 0.000000 0.000000 0.000000 0.000000 0.000000 0.000000 0.000000 0.000000 0.000000 0.000000 0.000000 0.000000 0.000000 0.000000 0.000000 0.000000 0.000000 0.000000 0.000000 0.000000 0.000000 0.000000 0.000000 0.000000 0.000000 0.000000 0.000000 0.000000 0.000000 0.000000 0.000000 0.000000 0.000000 0.000000 0.000000 0.000000 0.000000 0.000000 0.000000 0.000000 0.000000 0.000000 0.000000 0.000000 0.000000 0.000000 0.000000 0.000000 0.000000 0.000000 0.000000 0.000000 0.000000 0.000000 0.000000 0.000000 0.000000 0.000000 0.000000 0.000000 0.000000 0.000000 0.000000 0.000000 0.000000 0.000000 0.000000 0.000000 0.000000 0.000000 0.000000 0.000000 0.000000 0.000000 0.000000 0.000000 0.000000 0.000000 0.000000 0.000000 0.000000 0.000000 0.000000 0.000000 0.000000 0.000000 0.000000 0.000000 0.000000 0.000000 0.000000 0.000000 0.000000 0.000000 0.000000 0.000000 
0.000000 0.000000 0.000000 0.000000 0.000000 0.000000 0.000000 0.000000 0.000000 0.000000 0.000000 0.000000 0.000000 0.000000 0.000000 0.000000 0.000000 0.000000 0.000000 0.000000 0.000000 0.000000 0.000000 0.000000 0.000000 0.000000 0.000000 0.000000 0.000000 0.000000 0.000000 0.000000 0.000000 0.000000 0.000000 0.000000 0.000000 0.000000 0.000000 0.000000 0.000000 0.000000 0.000000 0.000000 0.000000 0.000000 0.000000 0.000000 0.000000 0.000000 0.000000 0.000000 0.000000 0.000000 0.000000 0.000000 0.000000 0.000000 0.000000 0.000000 0.000000 0.000000 0.000000 0.000000 0.000000 0.000000 0.000000 0.000000 0.000000 0.000000 0.000000 0.000000 0.000000 0.000000 0.000000 0.000000 0.000000 0.000000 0.000000 0.000000 0.000000 0.000000 0.000000 0.000000 0.000000 0.000000 0.000000 0.000000 0.000000 0.000000 0.000000 0.000000 0.000000 0.000000 0.000000 0.000000 0.000000 0.000000 0.000000 0.000000 
0.000000 0.000000 0.000000 0.000000 0.000000 0.000000 0.000000 0.000000 0.000000 0.000000 0.000000 0.000000 0.000000 0.000000 0.000000 0.000000 0.000000 0.000000 0.000000 0.000000 0.000000 0.000000 0.000000 0.000000 0.000000 0.000000 0.000000 0.000000 0.000000 0.000000 0.000000 0.000000 0.000000 0.000000 0.000000 0.000000 0.000000 0.000000 0.000000 0.000000 0.000000 0.000000 0.000000 0.000000 0.000000 0.000000 0.000000 0.000000 0.000001 0.000001 0.000001 0.000001 0.000001 0.000000 0.000000 0.000000 0.000000 0.000000 0.000000 0.000000 0.000000 0.000000 0.000000 0.000000 0.000000 0.000000 0.000000 0.000000 0.000000 0.000000 0.000000 0.000000 0.000000 0.000000 0.000000 0.000000 0.000000 0.000000 0.000000 0.000000 0.000000 0.000000 0.000000 0.000000 0.000000 0.000000 0.000000 0.000000 0.000000 0.000000 0.000000 0.000000 0.000000 0.000000 0.000000 0.000000 0.000000 0.000000 0.000000 0.000000 
0.000000 0.000000 0.000000 0.000000 0.000000 0.000000 0.000000 0.000000 0.000000 0.000000 0.000000 0.000000 0.000000 0.000000 0.000000 0.000000 0.000000 0.000000 0.000000 0.000000 0.000000 0.000000 0.000000 0.000000 0.000000 0.000000 0.000000 0.000000 0.000000 0.000000 0.000000 0.000000 0.000000 0.000000 0.000000 0.000000 0.000000 0.000000 0.000000 0.000000 0.000000 0.000001 0.000001 0.000001 0.000001 0.000001 0.000001 0.000001 0.000001 0.000001 0.000001 0.000001 0.000001 0.000001 0.000001 0.000001 0.000001 0.000001 0.000001 0.000001 0.000000 0.000000 0.000000 0.000000 0.000000 0.000000 0.000000 0.000000 0.000000 0.000000 0.000000 0.000000 0.000000 0.000000 0.000000 0.000000 0.000000 0.000000 0.000000 0.000000 0.000000 0.000000 0.000000 0.000000 0.000000 0.000000 0.000000 0.000000 0.000000 0.000000 0.000000 0.000000 0.000000 0.000000 0.000000 0.000000 0.000000 0.000000 0.000000 0.000000 
0.000000 0.000000 0.000000 0.000000 0.000000 0.000000 0.000000 0.000000 0.000000 0.000000 0.000000 0.000000 0.000000 0.000000 0.000000 0.000000 0.000000 0.000000 0.000000 0.000000 0.000000 0.000000 0.000000 0.000000 0.000000 0.000000 0.000000 0.000000 0.000000 0.000000 0.000000 0.000000 0.000000 0.000000 0.000000 0.000000 0.000000 0.000001 0.000001 0.000001 0.000001 0.000001 0.000001 0.000002 0.000002 0.000002 0.000002 0.000002 0.000002 0.000003 0.000003 0.000003 0.000002 0.000002 0.000002 0.000002 0.000002 0.000002 0.000001 0.000001 0.000001 0.000001 0.000001 0.000001 0.000000 0.000000 0.000000 0.000000 0.000000 0.000000 0.000000 0.000000 0.000000 0.000000 0.000000 0.000000 0.000000 0.000000 0.000000 0.000000 0.000000 0.000000 0.000000 0.000000 0.000000 0.000000 0.000000 0.000000 0.000000 0.000000 0.000000 0.000000 0.000000 0.000000 0.000000 0.000000 0.000000 0.000000 0.000000 0.000000 
0.000000 0.000000 0.000000 0.000000 0.000000 0.000000 0.000000 0.000000 0.000000 0.000000 0.000000 0.000000 0.000000 0.000000 0.000000 0.000000 0.000000 0.000000 0.000000 0.000000 0.000000 0.000000 0.000000 0.000000 0.000000 0.000000 0.000000 0.000000 0.000000 0.000000 0.000000 0.000000 0.000000 0.000000 0.000000 0.000001 0.000001 0.000001 0.000001 0.000002 0.000002 0.000003 0.000003 0.000003 0.000004 0.000004 0.000005 0.000005 0.000005 0.000005 0.000006 0.000005 0.000005 0.000005 0.000005 0.000004 0.000004 0.000003 0.000003 0.000003 0.000002 0.000002 0.000001 0.000001 0.000001 0.000001 0.000000 0.000000 0.000000 0.000000 0.000000 0.000000 0.000000 0.000000 0.000000 0.000000 0.000000 0.000000 0.000000 0.000000 0.000000 0.000000 0.000000 0.000000 0.000000 0.000000 0.000000 0.000000 0.000000 0.000000 0.000000 0.000000 0.000000 0.000000 0.000000 0.000000 0.000000 0.000000 0.000000 0.000000 
0.000000 0.000000 0.000000 0.000000 0.000000 0.000000 0.000000 0.000000 0.000000 0.000000 0.000000 0.000000 0.000000 0.000000 0.000000 0.000000 0.000000 0.000000 0.000000 0.000000 0.000000 0.000000 0.000000 0.000000 0.000000 0.000000 0.000000 0.000000 0.000000 0.000000 0.000000 0.000000 0.000001 0.000001 0.000001 0.000001 0.000002 0.000002 0.000003 0.000004 0.000005 0.000006 0.000006 0.000007 0.000008 0.000009 0.000010 0.000011 0.000011 0.000012 0.000012 0.000012 0.000011 0.000011 0.000010 0.000009 0.000008 0.000007 0.000006 0.000006 0.000005 0.000004 0.000003 0.000002 0.000002 0.000001 0.000001 0.000001 0.000001 0.000000 0.000000 0.000000 0.000000 0.000000 0.000000 0.000000 0.000000 0.000000 0.000000 0.000000 0.000000 0.000000 0.000000 0.000000 0.000000 0.000000 0.000000 0.000000 0.000000 0.000000 0.000000 0.000000 0.000000 0.000000 0.000000 0.000000 0.000000 0.000000 0.000000 0.000000 
0.000000 0.000000 0.000000 0.000000 0.000000 0.000000 0.000000 0.000000 0.000000 0.000000 0.000000 0.000000 0.000000 0.000000 0.000000 0.000000 0.000000 0.000000 0.000000 0.000000 0.000000 0.000000 0.000000 0.000000 0.000000 0.000000 0.000000 0.000000 0.000000 0.000000 0.000001 0.000001 0.000001 0.000002 0.000002 0.000003 0.000004 0.000005 0.000006 0.000008 0.000010 0.000012 0.000014 0.000016 0.000018 0.000020 0.000022 0.000023 0.000024 0.000025 0.000025 0.000025 0.000024 0.000023 0.000022 0.000020 0.000018 0.000016 0.000014 0.000012 0.000010 0.000008 0.000006 0.000005 0.000004 0.000003 0.000002 0.000002 0.000001 0.000001 0.000001 0.000000 0.000000 0.000000 0.000000 0.000000 0.000000 0.000000 0.000000 0.000000 0.000000 0.000000 0.000000 0.000000 0.000000 0.000000 0.000000 0.000000 0.000000 0.000000 0.000000 0.000000 0.000000 0.000000 0.000000 0.000000 0.000000 0.000000 0.000000 0.000000 
0.000000 0.000000 0.000000 0.000000 0.000000 0.000000 0.000000 0.000000 0.000000 0.000000 0.000000 0.000000 0.000000 0.000000 0.000000 0.000000 0.000000 0.000000 0.000000 0.000000 0.000000 0.000000 0.000000 0.000000 0.000000 0.000000 0.000000 0.000000 0.000001 0.000001 0.000001 0.000002 0.000002 0.000003 0.000005 0.000006 0.000008 0.000011 0.000014 0.000017 0.000020 0.000025 0.000029 0.000033 0.000037 0.000042 0.000045 0.000048 0.000051 0.000052 0.000053 0.000052 0.000051 0.000048 0.000045 0.000042 0.000037 0.000033 0.000029 0.000025 0.000020 0.000017 0.000014 0.000011 0.000008 0.000006 0.000005 0.000003 0.000002 0.000002 0.000001 0.000001 0.000001 0.000000 0.000000 0.000000 0.000000 0.000000 0.000000 0.000000 0.000000 0.000000 0.000000 0.000000 0.000000 0.000000 0.000000 0.000000 0.000000 0.000000 0.000000 0.000000 0.000000 0.000000 0.000000 0.000000 0.000000 0.000000 0.000000 0.000000 
0.000000 0.000000 0.000000 0.000000 0.000000 0.000000 0.000000 0.000000 0.000000 0.000000 0.000000 0.000000 0.000000 0.000000 0.000000 0.000000 0.000000 0.000000 0.000000 0.000000 0.000000 0.000000 0.000000 0.000000 0.000000 0.000000 0.000000 0.000001 0.000001 0.000002 0.000003 0.000004 0.000005 0.000007 0.000010 0.000013 0.000017 0.000022 0.000028 0.000035 0.000042 0.000050 0.000059 0.000068 0.000077 0.000085 0.000093 0.000099 0.000104 0.000107 0.000108 0.000107 0.000104 0.000099 0.000093 0.000085 0.000077 0.000068 0.000059 0.000050 0.000042 0.000035 0.000028 0.000022 0.000017 0.000013 0.000010 0.000007 0.000005 0.000004 0.000003 0.000002 0.000001 0.000001 0.000000 0.000000 0.000000 0.000000 0.000000 0.000000 0.000000 0.000000 0.000000 0.000000 0.000000 0.000000 0.000000 0.000000 0.000000 0.000000 0.000000 0.000000 0.000000 0.000000 0.000000 0.000000 0.000000 0.000000 0.000000 0.000000 
0.000000 0.000000 0.000000 0.000000 0.000000 0.000000 0.000000 0.000000 0.000000 0.000000 0.000000 0.000000 0.000000 0.000000 0.000000 0.000000 0.000000 0.000000 0.000000 0.000000 0.000000 0.000000 0.000000 0.000000 0.000000 0.000001 0.000001 0.000002 0.000002 0.000004 0.000005 0.000007 0.000010 0.000015 0.000020 0.000026 0.000035 0.000045 0.000056 0.000070 0.000085 0.000102 0.000119 0.000137 0.000155 0.000172 0.000187 0.000200 0.000210 0.000216 0.000218 0.000216 0.000210 0.000200 0.000187 0.000172 0.000155 0.000137 0.000119 0.000102 0.000085 0.000070 0.000056 0.000045 0.000035 0.000026 0.000020 0.000015 0.000010 0.000007 0.000005 0.000004 0.000002 0.000002 0.000001 0.000001 0.000000 0.000000 0.000000 0.000000 0.000000 0.000000 0.000000 0.000000 0.000000 0.000000 0.000000 0.000000 0.000000 0.000000 0.000000 0.000000 0.000000 0.000000 0.000000 0.000000 0.000000 0.000000 0.000000 0.000000 
0.000000 0.000000 0.000000 0.000000 0.000000 0.000000 0.000000 0.000000 0.000000 0.000000 0.000000 0.000000 0.000000 0.000000 0.000000 0.000000 0.000000 0.000000 0.000000 0.000000 0.000000 0.000000 0.000000 0.000000 0.000001 0.000001 0.000002 0.000003 0.000005 0.000007 0.000010 0.000015 0.000021 0.000029 0.000039 0.000053 0.000069 0.000089 0.000112 0.000139 0.000169 0.000202 0.000237 0.000273 0.000308 0.000342 0.000372 0.000397 0.000416 0.000428 0.000432 0.000428 0.000416 0.000397 0.000372 0.000342 0.000308 0.000273 0.000237 0.000202 0.000169 0.000139 0.000112 0.000089 0.000069 0.000053 0.000039 0.000029 0.000021 0.000015 0.000010 0.000007 0.000005 0.000003 0.000002 0.000001 0.000001 0.000000 0.000000 0.000000 0.000000 0.000000 0.000000 0.000000 0.000000 0.000000 0.000000 0.000000 0.000000 0.000000 0.000000 0.000000 0.000000 0.000000 0.000000 0.000000 0.000000 0.000000 0.000000 0.000000 
0.000000 0.000000 0.000000 0.000000 0.000000 0.000000 0.000000 0.000000 0.000000 0.000000 0.000000 0.000000 0.000000 0.000000 0.000000 0.000000 0.000000 0.000000 0.000000 0.000000 0.000000 0.000000 0.000001 0.000001 0.000002 0.000003 0.000004 0.000006 0.000009 0.000014 0.000020 0.000029 0.000041 0.000057 0.000078 0.000103 0.000135 0.000174 0.000220 0.000272 0.000331 0.000396 0.000464 0.000534 0.000603 0.000668 0.000726 0.000775 0.000813 0.000836 0.000844 0.000836 0.000813 0.000775 0.000726 0.000668 0.000603 0.000534 0.000464 0.000396 0.000331 0.000272 0.000220 0.000174 0.000135 0.000103 0.000078 0.000057 0.000041 0.000029 0.000020 0.000014 0.000009 0.000006 0.000004 0.000003 0.000002 0.000001 0.000001 0.000000 0.000000 0.000000 0.000000 0.000000 0.000000 0.000000 0.000000 0.000000 0.000000 0.000000 0.000000 0.000000 0.000000 0.000000 0.000000 0.000000 0.000000 0.000000 0.000000 0.000000 
0.000000 0.000000 0.000000 0.000000 0.000000 0.000000 0.000000 0.000000 0.000000 0.000000 0.000000 0.000000 0.000000 0.000000 0.000000 0.000000 0.000000 0.000000 0.000000 0.000000 0.000000 0.000001 0.000001 0.000002 0.000003 0.000005 0.000008 0.000012 0.000018 0.000027 0.000039 0.000057 0.000080 0.000110 0.000150 0.000200 0.000261 0.000336 0.000424 0.000525 0.000638 0.000761 0.000892 0.001026 0.001158 0.001283 0.001395 0.001490 0.001561 0.001605 0.001620 0.001605 0.001561 0.001490 0.001395 0.001283 0.001158 0.001026 0.000892 0.000761 0.000638 0.000525 0.000424 0.000336 0.000261 0.000200 0.000150 0.000110 0.000080 0.000057 0.000039 0.000027 0.000018 0.000012 0.000008 0.000005 0.000003 0.000002 0.000001 0.000001 0.000000 0.000000 0.000000 0.000000 0.000000 0.000000 0.000000 0.000000 0.000000 0.000000 0.000000 0.000000 0.000000 0.000000 0.000000 0.000000 0.000000 0.000000 0.000000 0.000000 
0.000000 0.000000 0.000000 0.000000 0.000000 0.000000 0.000000 0.000000 0.000000 0.000000 0.000000 0.000000 0.000000 0.000000 0.000000 0.000000 0.000000 0.000000 0.000000 0.000000 0.000001 0.000001 0.000002 0.000004 0.000006 0.000009 0.000015 0.000023 0.000035 0.000051 0.000075 0.000108 0.000151 0.000209 0.000284 0.000379 0.000495 0.000636 0.000802 0.000993 0.001207 0.001440 0.001687 0.001940 0.002189 0.002425 0.002637 0.002814 0.002948 0.003032 0.003060 0.003032 0.002948 0.002814 0.002637 0.002425 0.002189 0.001940 0.001687 0.001440 0.001207 0.000993 0.000802 0.000636 0.000495 0.000379 0.000284 0.000209 0.000151 0.000108 0.000075 0.000051 0.000035 0.000023 0.000015 0.000009 0.000006 0.000004 0.000002 0.000001 0.000001 0.000000 0.000000 0.000000 0.000000 0.000000 0.000000 0.000000 0.000000 0.000000 0.000000 0.000000 0.000000 0.000000 0.000000 0.000000 0.000000 0.000000 0.000000 0.000000 
0.000000 0.000000 0.000000 0.000000 0.000000 0.000000 0.000000 0.000000 0.000000 0.000000 0.000000 0.000000 0.000000 0.000000 0.000000 0.000000 0.000000 0.000000 0.000000 0.000001 0.000001 0.000002 0.000004 0.000007 0.000011 0.000018 0.000028 0.000043 0.000065 0.000096 0.000141 0.000201 0.000283 0.000391 0.000530 0.000706 0.000924 0.001186 0.001495 0.001850 0.002247 0.002680 0.003138 0.003607 0.004069 0.004507 0.004900 0.005229 0.005478 0.005633 0.005685 0.005633 0.005478 0.005229 0.004900 0.004507 0.004069 0.003607 0.003138 0.002680 0.002247 0.001850 0.001495 0.001186 0.000924 0.000706 0.000530 0.000391 0.000283 0.000201 0.000141 0.000096 0.000065 0.000043 0.000028 0.000018 0.000011 0.000007 0.000004 0.000002 0.000001 0.000001 0.000000 0.000000 0.000000 0.000000 0.000000 0.000000 0.000000 0.000000 0.000000 0.000000 0.000000 0.000000 0.000000 0.000000 0.000000 0.000000 0.000000 0.000000 
0.000000 0.000000 0.000000 0.000000 0.000000 0.000000 0.000000 0.000000 0.000000 0.000000 0.000000 0.000000 0.000000 0.000000 0.000000 0.000000 0.000000 0.000000 0.000001 0.000002 0.000003 0.000005 0.000008 0.000013 0.000021 0.000033 0.000051 0.000079 0.000120 0.000178 0.000259 0.000370 0.000521 0.000719 0.000974 0.001296 0.001694 0.002174 0.002739 0.003388 0.004114 0.004905 0.005741 0.006596 0.007440 0.008238 0.008955 0.009555 0.010009 0.010291 0.010387 0.010291 0.010009 0.009555 0.008955 0.008238 0.007440 0.006596 0.005741 0.004905 0.004114 0.003388 0.002739 0.002174 0.001694 0.001296 0.000974 0.000719 0.000521 0.000370 0.000259 0.000178 0.000120 0.000079 0.000051 0.000033 0.000021 0.000013 0.000008 0.000005 0.000003 0.000002 0.000001 0.000000 0.000000 0.000000 0.000000 0.000000 0.000000 0.000000 0.000000 0.000000 0.000000 0.000000 0.000000 0.000000 0.000000 0.000000 0.000000 0.000000 
0.000000 0.000000 0.000000 0.000000 0.000000 0.000000 0.000000 0.000000 0.000000 0.000000 0.000000 0.000000 0.000000 0.000000 0.000000 0.000000 0.000000 0.000001 0.000002 0.000003 0.000005 0.000008 0.000014 0.000023 0.000038 0.000060 0.000093 0.000144 0.000217 0.000322 0.000468 0.000670 0.000941 0.001298 0.001758 0.002339 0.003055 0.003918 0.004934 0.006100 0.007405 0.008826 0.010326 0.011862 0.013377 0.014809 0.016094 0.017171 0.017984 0.018490 0.018662 0.018490 0.017984 0.017171 0.016094 0.014809 0.013377 0.011862 0.010326 0.008826 0.007405 0.006100 0.004934 0.003918 0.003055 0.002339 0.001758 0.001298 0.000941 0.000670 0.000468 0.000322 0.000217 0.000144 0.000093 0.000060 0.000038 0.000023 0.000014 0.000008 0.000005 0.000003 0.000002 0.000001 0.000000 0.000000 0.000000 0.000000 0.000000 0.000000 0.000000 0.000000 0.000000 0.000000 0.000000 0.000000 0.000000 0.000000 0.000000 0.000000 
0.000000 0.000000 0.000000 0.000000 0.000000 0.000000 0.000000 0.000000 0.000000 0.000000 0.000000 0.000000 0.000000 0.000000 0.000000 0.000000 0.000001 0.000002 0.000003 0.000005 0.000009 0.000015 0.000025 0.000041 0.000067 0.000107 0.000167 0.000256 0.000386 0.000573 0.000833 0.001191 0.001672 0.002305 0.003121 0.004149 0.005417 0.006944 0.008740 0.010802 0.013107 0.015616 0.018266 0.020976 0.023649 0.026176 0.028443 0.030342 0.031776 0.032669 0.032972 0.032669 0.031776 0.030342 0.028443 0.026176 0.023649 0.020976 0.018266 0.015616 0.013107 0.010802 0.008740 0.006944 0.005417 0.004149 0.003121 0.002305 0.001672 0.001191 0.000833 0.000573 0.000386 0.000256 0.000167 0.000107 0.000067 0.000041 0.000025 0.000015 0.000009 0.000005 0.000003 0.000002 0.000001 0.000000 0.000000 0.000000 0.000000 0.000000 0.000000 0.000000 0.000000 0.000000 0.000000 0.000000 0.000000 0.000000 0.000000 0.000000 
0.000000 0.000000 0.000000 0.000000 0.000000 0.000000 0.000000 0.000000 0.000000 0.000000 0.000000 0.000000 0.000000 0.000000 0.000000 0.000001 0.000002 0.000003 0.000005 0.000009 0.000015 0.000026 0.000044 0.000073 0.000118 0.000187 0.000293 0.000449 0.000677 0.001003 0.001458 0.002082 0.002921 0.004025 0.005446 0.007236 0.009442 0.012099 0.015222 0.018805 0.022810 0.027167 0.031767 0.036471 0.041110 0.045494 0.049427 0.052720 0.055206 0.056754 0.057280 0.056754 0.055206 0.052720 0.049427 0.045494 0.041110 0.036471 0.031767 0.027167 0.022810 0.018805 0.015222 0.012099 0.009442 0.007236 0.005446 0.004025 0.002921 0.002082 0.001458 0.001003 0.000677 0.000449 0.000293 0.000187 0.000118 0.000073 0.000044 0.000026 0.000015 0.000009 0.000005 0.000003 0.000002 0.000001 0.000000 0.000000 0.000000 0.000000 0.000000 0.000000 0.000000 0.000000 0.000000 0.000000 0.000000 0.000000 0.000000 0.000000 
0.000000 0.000000 0.000000 0.000000 0.000000 0.000000 0.000000 0.000000 0.000000 0.000000 0.000000 0.000000 0.000000 0.000000 0.000001 0.000001 0.000003 0.000005 0.000009 0.000015 0.000027 0.000046 0.000077 0.000126 0.000204 0.000324 0.000505 0.000774 0.001166 0.001725 0.002507 0.003579 0.005018 0.006909 0.009343 0.012408 0.016183 0.020725 0.026064 0.032187 0.039029 0.046468 0.054321 0.062349 0.070263 0.077741 0.084449 0.090065 0.094305 0.096944 0.097840 0.096944 0.094305 0.090065 0.084449 0.077741 0.070263 0.062349 0.054321 0.046468 0.039029 0.032187 0.026064 0.020725 0.016183 0.012408 0.009343 0.006909 0.005018 0.003579 0.002507 0.001725 0.001166 0.000774 0.000505 0.000324 0.000204 0.000126 0.000077 0.000046 0.000027 0.000015 0.000009 0.000005 0.000003 0.000001 0.000001 0.000000 0.000000 0.000000 0.000000 0.000000 0.000000 0.000000 0.000000 0.000000 0.000000 0.000000 0.000000 0.000000 
0.000000 0.000000 0.000000 0.000000 0.000000 0.000000 0.000000 0.000000 0.000000 0.000000 0.000000 0.000000 0.000000 0.000001 0.000001 0.000002 0.000005 0.000008 0.000015 0.000026 0.000046 0.000078 0.000130 0.000214 0.000346 0.000549 0.000856 0.001312 0.001974 0.002918 0.004238 0.006046 0.008472 0.011658 0.015757 0.020915 0.027265 0.034903 0.043876 0.054162 0.065653 0.078142 0.091323 0.104793 0.118068 0.130611 0.141860 0.151276 0.158384 0.162808 0.164310 0.162808 0.158384 0.151276 0.141860 0.130611 0.118068 0.104793 0.091323 0.078142 0.065653 0.054162 0.043876 0.034903 0.027265 0.020915 0.015757 0.011658 0.008472 0.006046 0.004238 0.002918 0.001974 0.001312 0.000856 0.000549 0.000346 0.000214 0.000130 0.000078 0.000046 0.000026 0.000015 0.000008 0.000005 0.000002 0.000001 0.000001 0.000000 0.000000 0.000000 0.000000 0.000000 0.000000 0.000000 0.000000 0.000000 0.000000 0.000000 0.000000 
0.000000 0.000000 0.000000 0.000000 0.000000 0.000000 0.000000 0.000000 0.000000 0.000000 0.000000 0.000000 0.000001 0.000001 0.000002 0.000004 0.000008 0.000014 0.000025 0.000044 0.000077 0.000130 0.000218 0.000358 0.000577 0.000915 0.001426 0.002184 0.003284 0.004852 0.007042 0.010040 0.014059 0.019337 0.026122 0.034657 0.045156 0.057782 0.072608 0.089598 0.108569 0.129182 0.150932 0.173153 0.195048 0.215730 0.234276 0.249799 0.261515 0.268807 0.271283 0.268807 0.261515 0.249799 0.234276 0.215730 0.195048 0.173153 0.150932 0.129182 0.108569 0.089598 0.072608 0.057782 0.045156 0.034657 0.026122 0.019337 0.014059 0.010040 0.007042 0.004852 0.003284 0.002184 0.001426 0.000915 0.000577 0.000358 0.000218 0.000130 0.000077 0.000044 0.000025 0.000014 0.000008 0.000004 0.000002 0.000001 0.000001 0.000000 0.000000 0.000000 0.000000 0.000000 0.000000 0.000000 0.000000 0.000000 0.000000 0.000000 
0.000000 0.000000 0.000000 0.000000 0.000000 0.000000 0.000000 0.000000 0.000000 0.000000 0.000000 0.000000 0.000001 0.000002 0.000004 0.000007 0.000013 0.000023 0.000041 0.000073 0.000126 0.000214 0.000358 0.000587 0.000947 0.001500 0.002336 0.003573 0.005370 0.007929 0.011501 0.016387 0.022934 0.031526 0.042566 0.056447 0.073515 0.094030 0.118113 0.145698 0.176490 0.209939 0.245220 0.281258 0.316759 0.350286 0.380347 0.405505 0.424490 0.436307 0.440318 0.436307 0.424490 0.405505 0.380347 0.350286 0.316759 0.281258 0.245220 0.209939 0.176490 0.145698 0.118113 0.094030 0.073515 0.056447 0.042566 0.031526 0.022934 0.016387 0.011501 0.007929 0.005370 0.003573 0.002336 0.001500 0.000947 0.000587 0.000358 0.000214 0.000126 0.000073 0.000041 0.000023 0.000013 0.000007 0.000004 0.000002 0.000001 0.000000 0.000000 0.000000 0.000000 0.000000 0.000000 0.000000 0.000000 0.000000 0.000000 0.000000 
0.000000 0.000000 0.000000 0.000000 0.000000 0.000000 0.000000 0.000000 0.000000 0.000000 0.000000 0.000001 0.000002 0.000003 0.000006 0.000011 0.000021 0.000038 0.000067 0.000118 0.000204 0.000346 0.000577 0.000947 0.001526 0.002416 0.003759 0.005746 0.008630 0.012735 0.018460 0.026286 0.036768 0.050518 0.068175 0.090365 0.117640 0.150408 0.188860 0.232887 0.282019 0.335372 0.391634 0.449088 0.505675 0.559106 0.607006 0.647089 0.677334 0.696158 0.702548 0.696158 0.677334 0.647089 0.607006 0.559106 0.505675 0.449088 0.391634 0.335372 0.282019 0.232887 0.188860 0.150408 0.117640 0.090365 0.068175 0.050518 0.036768 0.026286 0.018460 0.012735 0.008630 0.005746 0.003759 0.002416 0.001526 0.000947 0.000577 0.000346 0.000204 0.000118 0.000067 0.000038 0.000021 0.000011 0.000006 0.000003 0.000002 0.000001 0.000000 0.000000 0.000000 0.000000 0.000000 0.000000 0.000000 0.000000 0.000000 0.000000 
0.000000 0.000000 0.000000 0.000000 0.000000 0.000000 0.000000 0.000000 0.000000 0.000000 0.000001 0.000001 0.000003 0.000005 0.000009 0.000018 0.000033 0.000060 0.000107 0.000187 0.000324 0.000549 0.000915 0.001500 0.002416 0.003823 0.005944 0.009080 0.013630 0.020099 0.029118 0.041440 0.057935 0.079560 0.107318 0.142185 0.185024 0.236471 0.296818 0.365892 0.442950 0.526604 0.614798 0.704839 0.793503 0.877208 0.952238 1.015015 1.062381 1.091858 1.101864 1.091858 1.062381 1.015015 0.952238 0.877208 0.793503 0.704839 0.614798 0.526604 0.442950 0.365892 0.296818 0.236471 0.185024 0.142185 0.107318 0.079560 0.057935 0.041440 0.029118 0.020099 0.013630 0.009080 0.005944 0.003823 0.002416 0.001500 0.000915 0.000549 0.000324 0.000187 0.000107 0.000060 0.000033 0.000018 0.000009 0.000005 0.000003 0.000001 0.000001 0.000000 0.000000 0.000000 0.000000 0.000000 0.000000 0.000000 0.000000 0.000000 
0.000000 0.000000 0.000000 0.000000 0.000000 0.000000 0.000000 0.000000 0.000000 0.000000 0.000001 0.000002 0.000004 0.000008 0.000015 0.000028 0.000051 0.000093 0.000167 0.000293 0.000505 0.000856 0.001426 0.002336 0.003759 0.005944 0.009236 0.014100 0.021152 0.031173 0.045136 0.064203 0.089712 0.123140 0.166027 0.219875 0.286007 0.365397 0.458488 0.565006 0.683800 0.812727 0.948616 1.087321 1.223880 1.352778 1.468301 1.564949 1.637864 1.683238 1.698641 1.683238 1.637864 1.564949 1.468301 1.352778 1.223880 1.087321 0.948616 0.812727 0.683800 0.565006 0.458488 0.365397 0.286007 0.219875 0.166027 0.123140 0.089712 0.064203 0.045136 0.031173 0.021152 0.014100 0.009236 0.005944 0.003759 0.002336 0.001426 0.000856 0.000505 0.000293 0.000167 0.000093 0.000051 0.000028 0.000015 0.000008 0.000004 0.000002 0.000001 0.000000 0.000000 0.000000 0.000000 0.000000 0.000000 0.000000 0.000000 0.000000 
0.000000 0.000000 0.000000 0.000000 0.000000 0.000000 0.000000 0.000000 0.000000 0.000001 0.000002 0.000003 0.000006 0.000012 0.000023 0.000043 0.000079 0.000144 0.000256 0.000449 0.000774 0.001312 0.002184 0.003573 0.005746 0.009080 0.014100 0.021515 0.032255 0.047510 0.068754 0.097747 0.136517 0.187298 0.252421 0.334153 0.434489 0.554897 0.696036 0.857482 1.037481 1.232782 1.438581 1.648599 1.855329 2.050431 2.225266 2.371519 2.481849 2.550502 2.573807 2.550502 2.481849 2.371519 2.225266 2.050431 1.855329 1.648599 1.438581 1.232782 1.037481 0.857482 0.696036 0.554897 0.434489 0.334153 0.252421 0.187298 0.136517 0.097747 0.068754 0.047510 0.032255 0.021515 0.014100 0.009080 0.005746 0.003573 0.002184 0.001312 0.000774 0.000449 0.000256 0.000144 0.000079 0.000043 0.000023 0.000012 0.000006 0.000003 0.000002 0.000001 0.000000 0.000000 0.000000 0.000000 0.000000 0.000000 0.000000 0.000000 
0.000000 0.000000 0.000000 0.000000 0.000000 0.000000 0.000000 0.000000 0.000001 0.000001 0.000002 0.000005 0.000009 0.000018 0.000035 0.000065 0.000120 0.000217 0.000386 0.000677 0.001166 0.001974 0.003284 0.005370 0.008630 0.013630 0.021152 0.032255 0.048329 0.071148 0.102908 0.146233 0.204139 0.279951 0.377130 0.499047 0.648658 0.828134 1.038442 1.278935 1.546990 1.837761 2.144090 2.456637 2.764235 3.054487 3.314555 3.532084 3.696172 3.798270 3.832928 3.798270 3.696172 3.532084 3.314555 3.054487 2.764235 2.456637 2.144090 1.837761 1.546990 1.278935 1.038442 0.828134 0.648658 0.499047 0.377130 0.279951 0.204139 0.146233 0.102908 0.071148 0.048329 0.032255 0.021152 0.013630 0.008630 0.005370 0.003284 0.001974 0.001166 0.000677 0.000386 0.000217 0.000120 0.000065 0.000035 0.000018 0.000009 0.000005 0.000002 0.000001 0.000001 0.000000 0.000000 0.000000 0.000000 0.000000 0.000000 0.000000 
0.000000 0.000000 0.000000 0.000000 0.000000 0.000000 0.000000 0.000000 0.000001 0.000002 0.000004 0.000007 0.000014 0.000027 0.000051 0.000096 0.000178 0.000322 0.000573 0.001003 0.001725 0.002918 0.004852 0.007929 0.012735 0.020099 0.031173 0.047510 0.071148 0.104689 0.151346 0.214961 0.299950 0.411169 0.553678 0.732393 0.951626 1.214532 1.522505 1.874579 2.266898 2.692360 3.140489 3.597625 4.047446 4.471839 4.852052 5.170043 5.409895 5.559127 5.609783 5.559127 5.409895 5.170043 4.852052 4.471839 4.047446 3.597625 3.140489 2.692360 2.266898 1.874579 1.522505 1.214532 0.951626 0.732393 0.553678 0.411169 0.299950 0.214961 0.151346 0.104689 0.071148 0.047510 0.031173 0.020099 0.012735 0.007929 0.004852 0.002918 0.001725 0.001003 0.000573 0.000322 0.000178 0.000096 0.000051 0.000027 0.000014 0.000007 0.000004 0.000002 0.000001 0.000000 0.000000 0.000000 0.000000 0.000000 0.000000 0.000000 
0.000000 0.000000 0.000000 0.000000 0.000000 0.000000 0.000000 0.000001 0.000001 0.000003 0.000005 0.000010 0.000020 0.000039 0.000075 0.000141 0.000259 0.000468 0.000833 0.001458 0.002507 0.004238 0.007042 0.011501 0.018460 0.029118 0.045136 0.068754 0.102908 0.151346 0.218695 0.310479 0.433048 0.593379 0.798737 1.056173 1.371865 1.750324 2.193525 2.700049 3.264331 3.876140 4.520410 5.177507 5.823984 6.433832 6.980129 7.436984 7.781551 7.995927 8.068693 7.995927 7.781551 7.436984 6.980129 6.433832 5.823984 5.177507 4.520410 3.876140 3.264331 2.700049 2.193525 1.750324 1.371865 1.056173 0.798737 0.593379 0.433048 0.310479 0.218695 0.151346 0.102908 0.068754 0.045136 0.029118 0.018460 0.011501 0.007042 0.004238 0.002507 0.001458 0.000833 0.000468 0.000259 0.000141 0.000075 0.000039 0.000020 0.000010 0.000005 0.000003 0.000001 0.000001 0.000000 0.000000 0.000000 0.000000 0.000000 0.000000 
0.000000 0.000000 0.000000 0.000000 0.000000 0.000000 0.000000 0.000001 0.000002 0.000004 0.000007 0.000015 0.000029 0.000057 0.000108 0.000201 0.000370 0.000670 0.001191 0.002082 0.003579 0.006046 0.010040 0.016387 0.026286 0.041440 0.064203 0.097747 0.146233 0.214961 0.310479 0.440597 0.614284 0.841391 1.132171 1.496564 1.943269 2.478623 3.105381 3.821499 4.619080 5.483648 6.393906 7.322122 8.235196 9.096420 9.867814 10.512854 10.999320 11.301967 11.404693 11.301967 10.999320 10.512854 9.867814 9.096420 8.235196 7.322122 6.393906 5.483648 4.619080 3.821499 3.105381 2.478623 1.943269 1.496564 1.132171 0.841391 0.614284 0.440597 0.310479 0.214961 0.146233 0.097747 0.064203 0.041440 0.026286 0.016387 0.010040 0.006046 0.003579 0.002082 0.001191 0.000670 0.000370 0.000201 0.000108 0.000057 0.000029 0.000015 0.000007 0.000004 0.000002 0.000001 0.000000 0.000000 0.000000 0.000000 0.000000 0.000000 
0.000000 0.000000 0.000000 0.000000 0.000000 0.000000 0.000001 0.000001 0.000002 0.000005 0.000010 0.000021 0.000041 0.000080 0.000151 0.000283 0.000521 0.000941 0.001672 0.002921 0.005018 0.008472 0.014059 0.022934 0.036768 0.057935 0.089712 0.136517 0.204139 0.299950 0.433048 0.614284 0.856109 1.172195 1.576755 2.083564 2.704659 3.448796 4.319745 5.314620 6.422413 7.622994 8.886786 10.175293 11.442595 12.637781 13.708190 14.603191 15.278127 15.698009 15.840525 15.698009 15.278127 14.603191 13.708190 12.637781 11.442595 10.175293 8.886786 7.622994 6.422413 5.314620 4.319745 3.448796 2.704659 2.083564 1.576755 1.172195 0.856109 0.614284 0.433048 0.299950 0.204139 0.136517 0.089712 0.057935 0.036768 0.022934 0.014059 0.008472 0.005018 0.002921 0.001672 0.000941 0.000521 0.000283 0.000151 0.000080 0.000041 0.000021 0.000010 0.000005 0.000002 0.000001 0.000001 0.000000 0.000000 0.000000 0.000000 0.000000 
0.000000 0.000000 0.000000 0.000000 0.000000 0.000000 0.000001 0.000002 0.000003 0.000007 0.000015 0.000029 0.000057 0.000110 0.000209 0.000391 0.000719 0.001298 0.002305 0.004025 0.006909 0.011658 0.019337 0.031526 0.050518 0.079560 0.123140 0.187298 0.279951 0.411169 0.593379 0.841391 1.172195 1.604428 2.157461 2.850050 3.698567 4.714896 5.904118 7.262228 8.774154 10.412394 12.136578 13.894201 15.622658 17.252562 18.712161 19.932477 20.852685 21.425129 21.619423 21.425129 20.852685 19.932477 18.712161 17.252562 15.622658 13.894201 12.136578 10.412394 8.774154 7.262228 5.904118 4.714896 3.698567 2.850050 2.157461 1.604428 1.172195 0.841391 0.593379 0.411169 0.279951 0.187298 0.123140 0.079560 0.050518 0.031526 0.019337 0.011658 0.006909 0.004025 0.002305 0.001298 0.000719 0.000391 0.000209 0.000110 0.000057 0.000029 0.000015 0.000007 0.000003 0.000002 0.000001 0.000000 0.000000 0.000000 0.000000 0.000000 
0.000000 0.000000 0.000000 0.000000 0.000000 0.000000 0.000001 0.000002 0.000005 0.000010 0.000020 0.000039 0.000078 0.000150 0.000284 0.000530 0.000974 0.001758 0.003121 0.005446 0.009343 0.015757 0.026122 0.042566 0.068175 0.107318 0.166027 0.252421 0.377130 0.553678 0.798737 1.132171 1.576755 2.157461 2.900228 3.830150 4.969115 6.332978 7.928466 9.750131 11.777695 13.974239 16.285626 18.641488 20.957952 23.142090 25.097828 26.732826 27.965663 28.732560 28.992849 28.732560 27.965663 26.732826 25.097828 23.142090 20.957952 18.641488 16.285626 13.974239 11.777695 9.750131 7.928466 6.332978 4.969115 3.830150 2.900228 2.157461 1.576755 1.132171 0.798737 0.553678 0.377130 0.252421 0.166027 0.107318 0.068175 0.042566 0.026122 0.015757 0.009343 0.005446 0.003121 0.001758 0.000974 0.000530 0.000284 0.000150 0.000078 0.000039 0.000020 0.000010 0.000005 0.000002 0.000001 0.000000 0.000000 0.000000 0.000000 0.000000 
0.000000 0.000000 0.000000 0.000000 0.000000 0.000001 0.000001 0.000003 0.000006 0.000013 0.000026 0.000053 0.000103 0.000200 0.000379 0.000706 0.001296 0.002339 0.004149 0.007236 0.012408 0.020915 0.034657 0.056447 0.090365 0.142185 0.219875 0.334153 0.499047 0.732393 1.056173 1.496564 2.083564 2.850050 3.830150 5.056863 6.558941 8.357174 10.460323 12.861106 15.532726 18.426494 21.471077 24.573803 27.624265 30.500167 33.075102 35.227596 36.850555 37.860095 38.202732 37.860095 36.850555 35.227596 33.075102 30.500167 27.624265 24.573803 21.471077 18.426494 15.532726 12.861106 10.460323 8.357174 6.558941 5.056863 3.830150 2.850050 2.083564 1.496564 1.056173 0.732393 0.499047 0.334153 0.219875 0.142185 0.090365 0.056447 0.034657 0.020915 0.012408 0.007236 0.004149 0.002339 0.001296 0.000706 0.000379 0.000200 0.000103 0.000053 0.000026 0.000013 0.000006 0.000003 0.000001 0.000001 0.000000 0.000000 0.000000 0.000000 
0.000000 0.000000 0.000000 0.000000 0.000000 0.000001 0.000002 0.000004 0.000008 0.000017 0.000035 0.000069 0.000135 0.000261 0.000495 0.000924 0.001694 0.003055 0.005417 0.009442 0.016183 0.027265 0.045156 0.073515 0.117640 0.185024 0.286007 0.434489 0.648658 0.951626 1.371865 1.943269 2.704659 3.698567 4.969115 6.558941 8.505163 10.834571 13.558381 16.667045 20.125778 23.871489 27.811830 31.826890 35.773862 39.494603 42.825687 45.610094 47.709405 49.015209 49.458391 49.015209 47.709405 45.610094 42.825687 39.494603 35.773862 31.826890 27.811830 23.871489 20.125778 16.667045 13.558381 10.834571 8.505163 6.558941 4.969115 3.698567 2.704659 1.943269 1.371865 0.951626 0.648658 0.434489 0.286007 0.185024 0.117640 0.073515 0.045156 0.027265 0.016183 0.009442 0.005417 0.003055 0.001694 0.000924 0.000495 0.000261 0.000135 0.000069 0.000035 0.000017 0.000008 0.000004 0.000002 0.000001 0.000000 0.000000 0.000000 0.000000 
0.000000 0.000000 0.000000 0.000000 0.000001 0.000001 0.000002 0.000005 0.000011 0.000022 0.000045 0.000089 0.000174 0.000336 0.000636 0.001186 0.002174 0.003918 0.006944 0.012099 0.020725 0.034903 0.057782 0.094030 0.150408 0.236471 0.365397 0.554897 0.828134 1.214532 1.750324 2.478623 3.448796 4.714896 6.332978 8.357174 10.834571 13.799101 17.264876 21.219611 25.618948 30.382575 35.393029 40.497867 45.515593 50.245279 54.479320 58.018277 60.686360 62.345897 62.909126 62.345897 60.686360 58.018277 54.479320 50.245279 45.515593 40.497867 35.393029 30.382575 25.618948 21.219611 17.264876 13.799101 10.834571 8.357174 6.332978 4.714896 3.448796 2.478623 1.750324 1.214532 0.828134 0.554897 0.365397 0.236471 0.150408 0.094030 0.057782 0.034903 0.020725 0.012099 0.006944 0.003918 0.002174 0.001186 0.000636 0.000336 0.000174 0.000089 0.000045 0.000022 0.000011 0.000005 0.000002 0.000001 0.000001 0.000000 0.000000 0.000000 
0.000000 0.000000 0.000000 0.000000 0.000001 0.000001 0.000003 0.000006 0.000014 0.000028 0.000056 0.000112 0.000220 0.000424 0.000802 0.001495 0.002739 0.004934 0.008740 0.015222 0.026064 0.043876 0.072608 0.118113 0.188860 0.296818 0.458488 0.696036 1.038442 1.522505 2.193525 3.105381 4.319745 5.904118 7.928466 10.460323 13.558381 17.264876 21.597267 26.540040 32.037631 37.989606 44.249179 50.625938 56.893255 62.800294 68.087930 72.507265 75.838938 77.911167 78.614448 77.911167 75.838938 72.507265 68.087930 62.800294 56.893255 50.625938 44.249179 37.989606 32.037631 26.540040 21.597267 17.264876 13.558381 10.460323 7.928466 5.904118 4.319745 3.105381 2.193525 1.522505 1.038442 0.696036 0.458488 0.296818 0.188860 0.118113 0.072608 0.043876 0.026064 0.015222 0.008740 0.004934 0.002739 0.001495 0.000802 0.000424 0.000220 0.000112 0.000056 0.000028 0.000014 0.000006 0.000003 0.000001 0.000001 0.000000 0.000000 0.000000 
0.000000 0.000000 0.000000 0.000000 0.000001 0.000002 0.000004 0.000008 0.000017 0.000035 0.000070 0.000139 0.000272 0.000525 0.000993 0.001850 0.003388 0.006100 0.010802 0.018805 0.032187 0.054162 0.089598 0.145698 0.232887 0.365892 0.565006 0.857482 1.278935 1.874579 2.700049 3.821499 5.314620 7.262228 9.750131 12.861106 16.667045 21.219611 26.540040 32.609099 39.358427 46.664639 54.347527 62.173426 69.864304 77.112499 83.600233 89.022307 93.109770 95.652017 96.514803 95.652017 93.109770 89.022307 83.600233 77.112499 69.864304 62.173426 54.347527 46.664639 39.358427 32.609099 26.540040 21.219611 16.667045 12.861106 9.750131 7.262228 5.314620 3.821499 2.700049 1.874579 1.278935 0.857482 0.565006 0.365892 0.232887 0.145698 0.089598 0.054162 0.032187 0.018805 0.010802 0.006100 0.003388 0.001850 0.000993 0.000525 0.000272 0.000139 0.000070 0.000035 0.000017 0.000008 0.000004 0.000002 0.000001 0.000000 0.000000 0.000000 
0.000000 0.000000 0.000000 0.000000 0.000001 0.000002 0.000005 0.000010 0.000020 0.000042 0.000085 0.000169 0.000331 0.000638 0.001207 0.002247 0.004114 0.007405 0.013107 0.022810 0.039029 0.065653 0.108569 0.176490 0.282019 0.442950 0.683800 1.037481 1.546990 2.266898 3.264331 4.619080 6.422413 8.774154 11.777695 15.532726 20.125778 25.618948 32.037631 39.358427 47.498724 56.309617 65.573762 75.009445 84.281555 93.019336 100.839903 107.375569 112.302342 115.366534 116.406445 115.366534 112.302342 107.375569 100.839903 93.019336 84.281555 75.009445 65.573762 56.309617 47.498724 39.358427 32.037631 25.618948 20.125778 15.532726 11.777695 8.774154 6.422413 4.619080 3.264331 2.266898 1.546990 1.037481 0.683800 0.442950 0.282019 0.176490 0.108569 0.065653 0.039029 0.022810 0.013107 0.007405 0.004114 0.002247 0.001207 0.000638 0.000331 0.000169 0.000085 0.000042 0.000020 0.000010 0.000005 0.000002 0.000001 0.000000 0.000000 0.000000 
0.000000 0.000000 0.000000 0.000001 0.000001 0.000003 0.000006 0.000012 0.000025 0.000050 0.000102 0.000202 0.000396 0.000761 0.001440 0.002680 0.004905 0.008826 0.015616 0.027167 0.046468 0.078142 0.129182 0.209939 0.335372 0.526604 0.812727 1.232782 1.837761 2.692360 3.876140 5.483648 7.622994 10.412394 13.974239 18.426494 23.871489 30.382575 37.989606 46.664639 56.309617 66.748014 77.722313 88.898845 99.880789 110.229195 119.490815 127.230435 133.064593 136.693051 137.924447 136.693051 133.064593 127.230435 119.490815 110.229195 99.880789 88.898845 77.722313 66.748014 56.309617 46.664639 37.989606 30.382575 23.871489 18.426494 13.974239 10.412394 7.622994 5.483648 3.876140 2.692360 1.837761 1.232782 0.812727 0.526604 0.335372 0.209939 0.129182 0.078142 0.046468 0.027167 0.015616 0.008826 0.004905 0.002680 0.001440 0.000761 0.000396 0.000202 0.000102 0.000050 0.000025 0.000012 0.000006 0.000003 0.000001 0.000001 0.000000 0.000000 
0.000000 0.000000 0.000000 0.000001 0.000001 0.000003 0.000006 0.000014 0.000029 0.000059 0.000119 0.000237 0.000464 0.000892 0.001687 0.003138 0.005741 0.010326 0.018266 0.031767 0.054321 0.091323 0.150932 0.245220 0.391634 0.614798 0.948616 1.438581 2.144090 3.140489 4.520410 6.393906 8.886786 12.136578 16.285626 21.471077 27.811830 35.393029 44.249179 54.347527 65.573762 77.722313 90.493447 103.498914 116.277080 128.317384 139.092693 148.096901 154.884112 159.105224 160.537736 159.105224 154.884112 148.096901 139.092693 128.317384 116.277080 103.498914 90.493447 77.722313 65.573762 54.347527 44.249179 35.393029 27.811830 21.471077 16.285626 12.136578 8.886786 6.393906 4.520410 3.140489 2.144090 1.438581 0.948616 0.614798 0.391634 0.245220 0.150932 0.091323 0.054321 0.031767 0.018266 0.010326 0.005741 0.003138 0.001687 0.000892 0.000464 0.000237 0.000119 0.000059 0.000029 0.000014 0.000006 0.000003 0.000001 0.000001 0.000000 0.000000 
