0.000000 0.000000 0.000000 0.000000 0.000000 0.000000 0.000000 0.000000 0.000000 0.000001 0.000001 0.000001 0.000002 0.000003 0.000004 0.000005 0.000008 0.000011 0.000015 0.000020 0.000027 0.000036 0.000048 0.000063 0.000082 0.000106 0.000135 0.000170 0.000212 0.000263 0.000322 0.000390 0.000469 0.000558 0.000657 0.000766 0.000885 0.001012 0.001146 0.001285 0.001426 0.001567 0.001705 0.001837 0.001959 0.002070 0.002164 0.002241 0.002297 0.002332 0.002343 0.002332 0.002297 0.002241 0.002164 0.002070 0.001959 0.001837 0.001705 0.001567 0.001426 0.001285 0.001146 0.001012 0.000885 0.000766 0.000657 0.000558 0.000469 0.000390 0.000322 0.000263 0.000212 0.000170 0.000135 0.000106 0.000082 0.000063 0.000048 0.000036 0.000027 0.000020 0.000015 0.000011 0.000008 0.000005 0.000004 0.000003 0.000002 0.000001 0.000001 0.000001 0.000000 0.000000 0.000000 0.000000 0.000000 0.000000 0.000000 0.000000 
0.000000 0.000000 0.000000 0.000000 0.000000 0.000000 0.000000 0.000000 0.000000 0.000001 0.000001 0.000001 0.000002 0.000003 0.000004 0.000005 0.000008 0.000011 0.000015 0.000020 0.000027 0.000036 0.000048 0.000063 0.000082 0.000106 0.000135 0.000170 0.000212 0.000263 0.000322 0.000390 0.000469 0.000558 0.000657 0.000766 0.000885 0.001012 0.001146 0.001285 0.001426 0.001567 0.001705 0.001837 0.001959 0.002070 0.002164 0.002241 0.002297 0.002332 0.002343 0.002332 0.002297 0.002241 0.002164 0.002070 0.001959 0.001837 0.001705 0.001567 0.001426 0.001285 0.001146 0.001012 0.000885 0.000766 0.000657 0.000558 0.000469 0.000390 0.000322 0.000263 0.000212 0.000170 0.000135 0.000106 0.000082 0.000063 0.000048 0.000036 0.000027 0.000020 0.000015 0.000011 0.000008 0.000005 0.000004 0.000003 0.000002 0.000001 0.000001 0.000001 0.000000 0.000000 0.000000 0.000000 0.000000 0.000000 0.000000 0.000000 
0.000000 0.000000 0.000000 0.000000 0.000000 0.000000 0.000000 0.000000 0.000000 0.000001 0.000001 0.000002 0.000002 0.000003 0.000005 0.000007 0.000009 0.000013 0.000018 0.000024 0.000033 0.000044 0.000059 0.000077 0.000100 0.000129 0.000164 0.000207 0.000259 0.000320 0.000392 0.000476 0.000572 0.000680 0.000801 0.000934 0.001078 0.001233 0.001396 0.001565 0.001736 0.001908 0.002076 0.002237 0.002386 0.002520 0.002635 0.002728 0.002797 0.002839 0.002853 0.002839 0.002797 0.002728 0.002635 0.002520 0.002386 0.002237 0.002076 0.001908 0.001736 0.001565 0.001396 0.001233 0.001078 0.000934 0.000801 0.000680 0.000572 0.000476 0.000392 0.000320 0.000259 0.000207 0.000164 0.000129 0.000100 0.000077 0.000059 0.000044 0.000033 0.000024 0.000018 0.000013 0.000009 0.000007 0.000005 0.000003 0.000002 0.000002 0.000001 0.000001 0.000000 0.000000 0.000000 0.000000 0.000000 0.000000 0.000000 0.000000 
0.000000 0.000000 0.000000 0.000000 0.000000 0.000000 0.000000 0.000000 0.000001 0.000001 0.000001 0.000002 0.000003 0.000005 0.000007 0.000009 0.000013 0.000018 0.000025 0.000034 0.000046 0.000062 0.000082 0.000107 0.000139 0.000179 0.000229 0.000288 0.000360 0.000446 0.000546 0.000662 0.000795 0.000946 0.001114 0.001299 0.001499 0.001714 0.001940 0.002175 0.002413 0.002652 0.002885 0.003108 0.003315 0.003501 0.003660 0.003790 0.003885 0.003943 0.003963 0.003943 0.003885 0.003790 0.003660 0.003501 0.003315 0.003108 0.002885 0.002652 0.002413 0.002175 0.001940 0.001714 0.001499 0.001299 0.001114 0.000946 0.000795 0.000662 0.000546 0.000446 0.000360 0.000288 0.000229 0.000179 0.000139 0.000107 0.000082 0.000062 0.000046 0.000034 0.000025 0.000018 0.000013 0.000009 0.000007 0.000005 0.000003 0.000002 0.000001 0.000001 0.000001 0.000000 0.000000 0.000000 0.000000 0.000000 0.000000 0.000000 
0.000000 0.000000 0.000000 0.000000 0.000000 0.000000 0.000000 0.000001 0.000001 0.000001 0.000002 0.000003 0.000005 0.000007 0.000010 0.000014 0.000019 0.000027 0.000037 0.000051 0.000069 0.000092 0.000122 0.000159 0.000207 0.000266 0.000339 0.000428 0.000535 0.000661 0.000810 0.000982 0.001179 0.001402 0.001651 0.001925 0.002222 0.002540 0.002874 0.003221 0.003574 0.003927 0.004272 0.004601 0.004908 0.005183 0.005419 0.005610 0.005751 0.005837 0.005866 0.005837 0.005751 0.005610 0.005419 0.005183 0.004908 0.004601 0.004272 0.003927 0.003574 0.003221 0.002874 0.002540 0.002222 0.001925 0.001651 0.001402 0.001179 0.000982 0.000810 0.000661 0.000535 0.000428 0.000339 0.000266 0.000207 0.000159 0.000122 0.000092 0.000069 0.000051 0.000037 0.000027 0.000019 0.000014 0.000010 0.000007 0.000005 0.000003 0.000002 0.000001 0.000001 0.000001 0.000000 0.000000 0.000000 0.000000 0.000000 0.000000 
0.000000 0.000000 0.000000 0.000000 0.000000 0.000000 0.000001 0.000001 0.000002 0.000002 0.000003 0.000005 0.000007 0.000010 0.000015 0.000021 0.000030 0.000041 0.000057 0.000077 0.000104 0.000140 0.000185 0.000242 0.000315 0.000405 0.000515 0.000650 0.000811 0.001003 0.001229 0.001490 0.001789 0.002126 0.002503 0.002918 0.003368 0.003849 0.004355 0.004880 0.005415 0.005949 0.006471 0.006970 0.007433 0.007849 0.008207 0.008496 0.008709 0.008840 0.008884 0.008840 0.008709 0.008496 0.008207 0.007849 0.007433 0.006970 0.006471 0.005949 0.005415 0.004880 0.004355 0.003849 0.003368 0.002918 0.002503 0.002126 0.001789 0.001490 0.001229 0.001003 0.000811 0.000650 0.000515 0.000405 0.000315 0.000242 0.000185 0.000140 0.000104 0.000077 0.000057 0.000041 0.000030 0.000021 0.000015 0.000010 0.000007 0.000005 0.000003 0.000002 0.000002 0.000001 0.000001 0.000000 0.000000 0.000000 0.000000 0.000000 
0.000000 0.000000 0.000000 0.000000 0.000000 0.000001 0.000001 0.000002 0.000002 0.000003 0.000005 0.000008 0.000011 0.000016 0.000023 0.000032 0.000045 0.000063 0.000087 0.000118 0.000159 0.000213 0.000282 0.000370 0.000480 0.000617 0.000785 0.000990 0.001236 0.001528 0.001871 0.002268 0.002723 0.003236 0.003809 0.004439 0.005123 0.005855 0.006625 0.007422 0.008235 0.009046 0.009839 0.010597 0.011301 0.011933 0.012476 0.012915 0.013239 0.013437 0.013504 0.013437 0.013239 0.012915 0.012476 0.011933 0.011301 0.010597 0.009839 0.009046 0.008235 0.007422 0.006625 0.005855 0.005123 0.004439 0.003809 0.003236 0.002723 0.002268 0.001871 0.001528 0.001236 0.000990 0.000785 0.000617 0.000480 0.000370 0.000282 0.000213 0.000159 0.000118 0.000087 0.000063 0.000045 0.000032 0.000023 0.000016 0.000011 0.000008 0.000005 0.000003 0.000002 0.000002 0.000001 0.000001 0.000000 0.000000 0.000000 0.000000 
0.000000 0.000000 0.000000 0.000000 0.000001 0.000001 0.000002 0.000002 0.000004 0.000005 0.000008 0.000011 0.000017 0.000024 0.000035 0.000049 0.000069 0.000096 0.000132 0.000179 0.000242 0.000323 0.000428 0.000561 0.000728 0.000936 0.001191 0.001502 0.001875 0.002317 0.002837 0.003438 0.004127 0.004904 0.005772 0.006726 0.007761 0.008868 0.010034 0.011241 0.012470 0.013697 0.014897 0.016044 0.017108 0.018064 0.018886 0.019551 0.020040 0.020340 0.020441 0.020340 0.020040 0.019551 0.018886 0.018064 0.017108 0.016044 0.014897 0.013697 0.012470 0.011241 0.010034 0.008868 0.007761 0.006726 0.005772 0.004904 0.004127 0.003438 0.002837 0.002317 0.001875 0.001502 0.001191 0.000936 0.000728 0.000561 0.000428 0.000323 0.000242 0.000179 0.000132 0.000096 0.000069 0.000049 0.000035 0.000024 0.000017 0.000011 0.000008 0.000005 0.000004 0.000002 0.000002 0.000001 0.000001 0.000000 0.000000 0.000000 
0.000000 0.000000 0.000000 0.000001 0.000001 0.000002 0.000002 0.000004 0.000005 0.000008 0.000012 0.000017 0.000025 0.000037 0.000052 0.000074 0.000104 0.000144 0.000198 0.000270 0.000365 0.000487 0.000645 0.000845 0.001097 0.001410 0.001794 0.002261 0.002822 0.003488 0.004269 0.005173 0.006208 0.007378 0.008681 0.010116 0.011671 0.013334 0.015085 0.016899 0.018744 0.020588 0.022390 0.024112 0.025710 0.027146 0.028380 0.029378 0.030113 0.030562 0.030714 0.030562 0.030113 0.029378 0.028380 0.027146 0.025710 0.024112 0.022390 0.020588 0.018744 0.016899 0.015085 0.013334 0.011671 0.010116 0.008681 0.007378 0.006208 0.005173 0.004269 0.003488 0.002822 0.002261 0.001794 0.001410 0.001097 0.000845 0.000645 0.000487 0.000365 0.000270 0.000198 0.000144 0.000104 0.000074 0.000052 0.000037 0.000025 0.000017 0.000012 0.000008 0.000005 0.000004 0.000002 0.000002 0.000001 0.000001 0.000001 0.000001 
0.000001 0.000001 0.000001 0.000001 0.000001 0.000002 0.000003 0.000005 0.000008 0.000012 0.000018 0.000026 0.000038 0.000055 0.000078 0.000111 0.000155 0.000216 0.000297 0.000404 0.000545 0.000729 0.000964 0.001263 0.001638 0.002105 0.002679 0.003376 0.004212 0.005205 0.006369 0.007717 0.009260 0.011002 0.012945 0.015082 0.017399 0.019877 0.022485 0.025185 0.027934 0.030679 0.033363 0.035926 0.038306 0.040443 0.042280 0.043766 0.044859 0.045529 0.045754 0.045529 0.044859 0.043766 0.042280 0.040443 0.038306 0.035926 0.033363 0.030679 0.027934 0.025185 0.022485 0.019877 0.017399 0.015082 0.012945 0.011002 0.009260 0.007717 0.006369 0.005205 0.004212 0.003376 0.002679 0.002105 0.001638 0.001263 0.000964 0.000729 0.000545 0.000404 0.000297 0.000216 0.000155 0.000111 0.000078 0.000055 0.000038 0.000026 0.000018 0.000012 0.000008 0.000005 0.000003 0.000002 0.000002 0.000001 0.000001 0.000001 
0.000001 0.000001 0.000001 0.000001 0.000002 0.000003 0.000005 0.000008 0.000012 0.000018 0.000026 0.000039 0.000056 0.000081 0.000116 0.000164 0.000230 0.000320 0.000440 0.000599 0.000808 0.001079 0.001427 0.001869 0.002425 0.003115 0.003963 0.004993 0.006229 0.007696 0.009415 0.011407 0.013685 0.016259 0.019127 0.022282 0.025703 0.029360 0.033208 0.037194 0.041250 0.045300 0.049260 0.053042 0.056553 0.059706 0.062415 0.064608 0.066221 0.067208 0.067540 0.067208 0.066221 0.064608 0.062415 0.059706 0.056553 0.053042 0.049260 0.045300 0.041250 0.037194 0.033208 0.029360 0.025703 0.022282 0.019127 0.016259 0.013685 0.011407 0.009415 0.007696 0.006229 0.004993 0.003963 0.003115 0.002425 0.001869 0.001427 0.001079 0.000808 0.000599 0.000440 0.000320 0.000230 0.000164 0.000116 0.000081 0.000056 0.000039 0.000026 0.000018 0.000012 0.000008 0.000005 0.000003 0.000002 0.000002 0.000001 0.000001 
0.000001 0.000001 0.000002 0.000002 0.000003 0.000005 0.000008 0.000011 0.000017 0.000026 0.000039 0.000057 0.000083 0.000119 0.000171 0.000241 0.000338 0.000470 0.000645 0.000879 0.001185 0.001582 0.002093 0.002741 0.003555 0.004566 0.005807 0.007315 0.009125 0.011273 0.013789 0.016704 0.020038 0.023802 0.027998 0.032612 0.037616 0.042963 0.048591 0.054419 0.060348 0.066269 0.072058 0.077585 0.082718 0.087325 0.091285 0.094489 0.096847 0.098289 0.098775 0.098289 0.096847 0.094489 0.091285 0.087325 0.082718 0.077585 0.072058 0.066269 0.060348 0.054419 0.048591 0.042963 0.037616 0.032612 0.027998 0.023802 0.020038 0.016704 0.013789 0.011273 0.009125 0.007315 0.005807 0.004566 0.003555 0.002741 0.002093 0.001582 0.001185 0.000879 0.000645 0.000470 0.000338 0.000241 0.000171 0.000119 0.000083 0.000057 0.000039 0.000026 0.000017 0.000012 0.000008 0.000005 0.000003 0.000002 0.000002 0.000002 
0.000002 0.000002 0.000002 0.000003 0.000005 0.000007 0.000011 0.000017 0.000025 0.000038 0.000056 0.000083 0.000120 0.000174 0.000248 0.000351 0.000492 0.000683 0.000938 0.001277 0.001722 0.002299 0.003040 0.003981 0.005162 0.006629 0.008431 0.010618 0.013243 0.016356 0.020006 0.024231 0.029063 0.034519 0.040599 0.047285 0.054535 0.062281 0.070433 0.078874 0.087462 0.096036 0.104419 0.112423 0.119854 0.126525 0.132259 0.136898 0.140311 0.142399 0.143102 0.142399 0.140311 0.136898 0.132259 0.126525 0.119854 0.112423 0.104419 0.096036 0.087462 0.078874 0.070433 0.062281 0.054535 0.047285 0.040599 0.034519 0.029063 0.024231 0.020006 0.016356 0.013243 0.010618 0.008431 0.006629 0.005162 0.003981 0.003040 0.002299 0.001722 0.001277 0.000938 0.000683 0.000492 0.000351 0.000248 0.000174 0.000121 0.000083 0.000056 0.000038 0.000025 0.000017 0.000011 0.000007 0.000005 0.000004 0.000003 0.000003 
0.000003 0.000003 0.000003 0.000005 0.000007 0.000010 0.000016 0.000024 0.000037 0.000055 0.000081 0.000119 0.000174 0.000251 0.000358 0.000506 0.000709 0.000984 0.001352 0.001839 0.002479 0.003309 0.004374 0.005727 0.007425 0.009534 0.012123 0.015266 0.019037 0.023509 0.028750 0.034818 0.041756 0.049588 0.058317 0.067913 0.078317 0.089434 0.101132 0.113242 0.125563 0.137864 0.149890 0.161370 0.172029 0.181598 0.189821 0.196475 0.201369 0.204365 0.205373 0.204365 0.201369 0.196475 0.189821 0.181598 0.172029 0.161370 0.149890 0.137864 0.125563 0.113242 0.101132 0.089434 0.078317 0.067913 0.058317 0.049588 0.041756 0.034818 0.028750 0.023509 0.019037 0.015266 0.012123 0.009534 0.007425 0.005727 0.004374 0.003309 0.002479 0.001839 0.001352 0.000984 0.000709 0.000506 0.000358 0.000251 0.000174 0.000119 0.000081 0.000055 0.000037 0.000024 0.000016 0.000011 0.000007 0.000005 0.000004 0.000004 
0.000004 0.000004 0.000005 0.000007 0.000010 0.000015 0.000023 0.000035 0.000052 0.000078 0.000116 0.000171 0.000248 0.000358 0.000511 0.000722 0.001012 0.001403 0.001928 0.002623 0.003535 0.004717 0.006235 0.008161 0.010579 0.013582 0.017267 0.021740 0.027107 0.033470 0.040926 0.049557 0.059424 0.070563 0.082975 0.096619 0.111410 0.127212 0.143839 0.161051 0.178562 0.196043 0.213131 0.229444 0.244589 0.258184 0.269868 0.279320 0.286274 0.290530 0.291962 0.290530 0.286274 0.279320 0.269868 0.258184 0.244589 0.229444 0.213131 0.196043 0.178562 0.161051 0.143839 0.127212 0.111410 0.096619 0.082975 0.070563 0.059424 0.049557 0.040926 0.033470 0.027107 0.021740 0.017267 0.013582 0.010579 0.008161 0.006235 0.004717 0.003535 0.002623 0.001928 0.001403 0.001012 0.000722 0.000511 0.000358 0.000248 0.000171 0.000116 0.000078 0.000052 0.000035 0.000023 0.000015 0.000010 0.000007 0.000006 0.000006 
0.000005 0.000005 0.000007 0.000009 0.000014 0.000021 0.000032 0.000049 0.000074 0.000111 0.000164 0.000241 0.000351 0.000506 0.000722 0.001021 0.001430 0.001983 0.002724 0.003705 0.004992 0.006661 0.008802 0.011520 0.014930 0.019164 0.024361 0.030667 0.038231 0.047199 0.057706 0.069867 0.083768 0.099460 0.116941 0.136157 0.156986 0.179238 0.202648 0.226880 0.251532 0.276139 0.300193 0.323153 0.344470 0.363603 0.380047 0.393349 0.403135 0.409124 0.411140 0.409124 0.403135 0.393349 0.380047 0.363603 0.344470 0.323153 0.300193 0.276139 0.251532 0.226880 0.202648 0.179238 0.156986 0.136157 0.116941 0.099460 0.083768 0.069867 0.057706 0.047199 0.038231 0.030667 0.024361 0.019164 0.014930 0.011520 0.008802 0.006661 0.004992 0.003705 0.002724 0.001983 0.001430 0.001021 0.000722 0.000506 0.000351 0.000241 0.000164 0.000111 0.000074 0.000049 0.000033 0.000022 0.000015 0.000011 0.000009 0.000009 
0.000008 0.000008 0.000009 0.000013 0.000019 0.000030 0.000045 0.000069 0.000104 0.000155 0.000230 0.000338 0.000492 0.000709 0.001012 0.001430 0.002002 0.002776 0.003812 0.005184 0.006983 0.009316 0.012308 0.016105 0.020870 0.026784 0.034042 0.042847 0.053409 0.065928 0.080594 0.097566 0.116966 0.138860 0.163250 0.190057 0.219111 0.250148 0.282797 0.316591 0.350967 0.385278 0.418816 0.450829 0.480548 0.507222 0.530146 0.548690 0.562332 0.570680 0.573490 0.570680 0.562332 0.548690 0.530146 0.507222 0.480548 0.450829 0.418816 0.385278 0.350967 0.316591 0.282797 0.250148 0.219111 0.190057 0.163250 0.138860 0.116966 0.097566 0.080594 0.065928 0.053409 0.042847 0.034042 0.026784 0.020870 0.016105 0.012308 0.009316 0.006983 0.005184 0.003812 0.002776 0.002002 0.001430 0.001012 0.000709 0.000492 0.000338 0.000230 0.000155 0.000104 0.000069 0.000046 0.000030 0.000021 0.000015 0.000012 0.000012 
0.000011 0.000011 0.000013 0.000018 0.000027 0.000041 0.000063 0.000096 0.000144 0.000216 0.000320 0.000470 0.000683 0.000984 0.001403 0.001983 0.002776 0.003848 0.005283 0.007184 0.009675 0.012904 0.017046 0.022301 0.028895 0.037077 0.047117 0.059296 0.073902 0.091214 0.111490 0.134953 0.161768 0.192028 0.225734 0.262776 0.302921 0.345800 0.390904 0.437586 0.485069 0.532460 0.578780 0.622990 0.664032 0.700868 0.732523 0.758130 0.776968 0.788495 0.792375 0.788495 0.776968 0.758130 0.732523 0.700868 0.664032 0.622990 0.578780 0.532460 0.485069 0.437586 0.390904 0.345800 0.302921 0.262776 0.225734 0.192028 0.161768 0.134953 0.111490 0.091214 0.073902 0.059296 0.047117 0.037077 0.028895 0.022301 0.017046 0.012904 0.009675 0.007184 0.005283 0.003848 0.002776 0.001983 0.001403 0.000984 0.000683 0.000470 0.000320 0.000216 0.000144 0.000096 0.000063 0.000042 0.000029 0.000021 0.000017 0.000017 
0.000015 0.000015 0.000018 0.000025 0.000037 0.000057 0.000087 0.000132 0.000198 0.000297 0.000440 0.000645 0.000938 0.001352 0.001928 0.002724 0.003812 0.005283 0.007252 0.009859 0.013276 0.017704 0.023383 0.030587 0.039624 0.050837 0.064593 0.081278 0.101285 0.124996 0.152763 0.184890 0.221604 0.263029 0.309168 0.359868 0.414810 0.473490 0.535210 0.599084 0.664049 0.728886 0.792253 0.852732 0.908874 0.959261 1.002560 1.037585 1.063351 1.079117 1.084424 1.079117 1.063351 1.037585 1.002560 0.959261 0.908874 0.852732 0.792253 0.728886 0.664049 0.599084 0.535210 0.473490 0.414810 0.359868 0.309168 0.263029 0.221604 0.184890 0.152763 0.124996 0.101285 0.081278 0.064593 0.050837 0.039624 0.030587 0.023383 0.017704 0.013276 0.009859 0.007252 0.005283 0.003812 0.002724 0.001928 0.001352 0.000939 0.000646 0.000440 0.000297 0.000199 0.000132 0.000087 0.000058 0.000039 0.000029 0.000024 0.000024 
0.000020 0.000020 0.000024 0.000034 0.000051 0.000077 0.000118 0.000179 0.000270 0.000404 0.000599 0.000879 0.001277 0.001839 0.002623 0.003705 0.005184 0.007184 0.009859 0.013402 0.018043 0.024057 0.031769 0.041550 0.053818 0.069037 0.087705 0.110347 0.137491 0.169657 0.207321 0.250894 0.300682 0.356855 0.419411 0.488147 0.562628 0.642167 0.725823 0.812392 0.900434 0.988297 1.074165 1.156114 1.232184 1.300453 1.359118 1.406572 1.441480 1.462840 1.470030 1.462840 1.441480 1.406572 1.359118 1.300453 1.232184 1.156114 1.074165 0.988297 0.900434 0.812392 0.725823 0.642167 0.562628 0.488147 0.419411 0.356855 0.300682 0.250894 0.207321 0.169657 0.137491 0.110347 0.087705 0.069037 0.053818 0.041550 0.031769 0.024057 0.018043 0.013402 0.009859 0.007184 0.005184 0.003705 0.002623 0.001839 0.001278 0.000879 0.000599 0.000404 0.000271 0.000180 0.000119 0.000079 0.000054 0.000039 0.000032 0.000032 
0.000027 0.000027 0.000033 0.000046 0.000069 0.000104 0.000159 0.000242 0.000365 0.000545 0.000808 0.001185 0.001722 0.002479 0.003535 0.004992 0.006983 0.009675 0.013276 0.018043 0.024287 0.032378 0.042750 0.055902 0.072397 0.092857 0.117951 0.148381 0.184859 0.228078 0.278681 0.337215 0.404091 0.479536 0.563547 0.655848 0.755855 0.862647 0.974957 1.091171 1.209355 1.327291 1.442544 1.552533 1.654627 1.746248 1.824977 1.888659 1.935505 1.964169 1.973818 1.964169 1.935505 1.888659 1.824977 1.746248 1.654627 1.552533 1.442544 1.327291 1.209355 1.091171 0.974957 0.862647 0.755855 0.655848 0.563547 0.479536 0.404091 0.337215 0.278681 0.228078 0.184859 0.148381 0.117951 0.092857 0.072397 0.055902 0.042750 0.032378 0.024287 0.018043 0.013276 0.009675 0.006983 0.004992 0.003535 0.002479 0.001722 0.001185 0.000808 0.000546 0.000365 0.000243 0.000161 0.000107 0.000073 0.000053 0.000043 0.000043 
0.000036 0.000036 0.000044 0.000062 0.000092 0.000140 0.000213 0.000323 0.000487 0.000729 0.001079 0.001582 0.002299 0.003309 0.004717 0.006661 0.009316 0.012904 0.017704 0.024057 0.032378 0.043157 0.056974 0.074491 0.096459 0.123701 0.157110 0.197617 0.246170 0.303689 0.371027 0.448910 0.537883 0.638247 0.749997 0.872764 1.005768 1.147787 1.297132 1.451659 1.608796 1.765596 1.918820 2.065040 2.200759 2.322552 2.427204 2.511854 2.574123 2.612223 2.625049 2.612223 2.574123 2.511854 2.427204 2.322552 2.200759 2.065040 1.918820 1.765596 1.608796 1.451659 1.297132 1.147787 1.005768 0.872764 0.749997 0.638247 0.537883 0.448910 0.371027 0.303689 0.246170 0.197617 0.157110 0.123701 0.096459 0.074491 0.056974 0.043157 0.032378 0.024057 0.017704 0.012904 0.009316 0.006661 0.004717 0.003309 0.002299 0.001582 0.001079 0.000729 0.000488 0.000325 0.000215 0.000143 0.000097 0.000070 0.000058 0.000058 
0.000048 0.000048 0.000059 0.000082 0.000122 0.000185 0.000282 0.000428 0.000645 0.000964 0.001427 0.002093 0.003040 0.004374 0.006235 0.008802 0.012308 0.017046 0.023383 0.031769 0.042750 0.056974 0.075203 0.098311 0.127285 0.163213 0.207266 0.260674 0.324680 0.400500 0.489251 0.591891 0.709135 0.841377 0.988608 1.150340 1.325546 1.512611 1.709315 1.912831 2.119772 2.326260 2.528028 2.720565 2.899269 3.059631 3.197420 3.308872 3.390854 3.441016 3.457902 3.441016 3.390854 3.308872 3.197420 3.059631 2.899269 2.720565 2.528028 2.326260 2.119772 1.912831 1.709315 1.512611 1.325546 1.150340 0.988608 0.841377 0.709135 0.591891 0.489251 0.400500 0.324680 0.260674 0.207266 0.163213 0.127285 0.098311 0.075203 0.056974 0.042750 0.031769 0.023383 0.017046 0.012308 0.008802 0.006235 0.004374 0.003040 0.002093 0.001427 0.000964 0.000646 0.000430 0.000285 0.000189 0.000129 0.000093 0.000077 0.000077 
0.000063 0.000063 0.000077 0.000107 0.000159 0.000242 0.000370 0.000561 0.000845 0.001263 0.001869 0.002741 0.003981 0.005727 0.008161 0.011520 0.016105 0.022301 0.030587 0.041550 0.055902 0.074491 0.098311 0.128503 0.166352 0.213280 0.270814 0.340556 0.424130 0.523117 0.638975 0.772950 0.925973 1.098555 1.290681 1.501715 1.730312 1.974366 2.230977 2.496460 2.766396 3.035726 3.298889 3.550002 3.783065 3.992200 4.171893 4.317236 4.424146 4.489560 4.511580 4.489560 4.424146 4.317236 4.171893 3.992200 3.783065 3.550002 3.298889 3.035726 2.766396 2.496460 2.230977 1.974366 1.730312 1.501715 1.290681 1.098555 0.925973 0.772950 0.638975 0.523117 0.424130 0.340556 0.270814 0.213280 0.166352 0.128503 0.098311 0.074491 0.055902 0.041550 0.030587 0.022301 0.016105 0.011520 0.008161 0.005727 0.003981 0.002741 0.001870 0.001264 0.000847 0.000563 0.000373 0.000248 0.000169 0.000122 0.000101 0.000101 
0.000082 0.000082 0.000100 0.000139 0.000207 0.000315 0.000480 0.000728 0.001097 0.001638 0.002425 0.003555 0.005162 0.007425 0.010579 0.014930 0.020870 0.028895 0.039624 0.053818 0.072397 0.096459 0.127285 0.166352 0.215323 0.276032 0.350452 0.440653 0.548732 0.676728 0.826525 0.999730 1.197543 1.420620 1.668940 1.941675 2.237088 2.552454 2.884026 3.227040 3.575790 3.923741 4.263710 4.588098 4.889159 5.159304 5.391412 5.579146 5.717237 5.801728 5.830169 5.801728 5.717237 5.579146 5.391412 5.159304 4.889159 4.588098 4.263710 3.923741 3.575790 3.227040 2.884026 2.552454 2.237088 1.941675 1.668940 1.420620 1.197543 0.999730 0.826525 0.676728 0.548732 0.440653 0.350452 0.276032 0.215323 0.166352 0.127285 0.096459 0.072397 0.053818 0.039624 0.028895 0.020870 0.014930 0.010579 0.007425 0.005162 0.003555 0.002425 0.001639 0.001099 0.000731 0.000484 0.000322 0.000219 0.000159 0.000131 0.000131 
0.000106 0.000106 0.000129 0.000179 0.000266 0.000405 0.000617 0.000936 0.001410 0.002105 0.003115 0.004566 0.006629 0.009534 0.013582 0.019164 0.026784 0.037077 0.050837 0.069037 0.092857 0.123701 0.163213 0.213280 0.276032 0.353814 0.449154 0.564698 0.703128 0.867052 1.058878 1.280658 1.533925 1.819514 2.137395 2.486505 2.864617 3.268241 3.692580 4.131540 4.577817 5.023049 5.458050 5.873100 6.258291 6.603915 6.900870 7.141048 7.317712 7.425804 7.462189 7.425804 7.317712 7.141048 6.900870 6.603915 6.258291 5.873100 5.458050 5.023049 4.577817 4.131540 3.692580 3.268241 2.864617 2.486505 2.137395 1.819514 1.533925 1.280658 1.058878 0.867052 0.703128 0.564698 0.449154 0.353814 0.276032 0.213280 0.163213 0.123701 0.092857 0.069037 0.050837 0.037077 0.026784 0.019164 0.013582 0.009534 0.006629 0.004566 0.003116 0.002107 0.001412 0.000940 0.000623 0.000414 0.000282 0.000205 0.000169 0.000169 
0.000135 0.000135 0.000164 0.000229 0.000339 0.000515 0.000785 0.001191 0.001794 0.002679 0.003963 0.005807 0.008431 0.012123 0.017267 0.024361 0.034042 0.047117 0.064593 0.087705 0.117951 0.157110 0.207266 0.270814 0.350452 0.449154 0.570123 0.716711 0.892315 1.100240 1.343533 1.624792 1.945955 2.308077 2.711112 3.153711 3.633046 4.144692 4.682565 5.238941 5.804562 6.368835 6.920119 7.446099 7.934224 8.372199 8.748490 9.052831 9.276687 9.413652 9.459756 9.413652 9.276687 9.052831 8.748490 8.372199 7.934224 7.446099 6.920119 6.368835 5.804562 5.238941 4.682565 4.144692 3.633046 3.153711 2.711112 2.308077 1.945955 1.624792 1.343533 1.100240 0.892315 0.716711 0.570123 0.449154 0.350452 0.270814 0.207266 0.157110 0.117951 0.087705 0.064593 0.047117 0.034042 0.024361 0.017267 0.012123 0.008431 0.005808 0.003964 0.002680 0.001797 0.001196 0.000793 0.000528 0.000359 0.000261 0.000215 0.000215 
0.000170 0.000170 0.000207 0.000288 0.000428 0.000650 0.000990 0.001502 0.002261 0.003376 0.004993 0.007315 0.010618 0.015266 0.021740 0.030667 0.042847 0.059296 0.081278 0.110347 0.148381 0.197617 0.260674 0.340556 0.440653 0.564698 0.716711 0.900899 1.121523 1.382730 1.688340 2.041612 2.444971 2.899737 3.405846 3.961599 4.563442 5.205814 5.881077 6.579533 7.289562 7.997868 8.689843 9.350033 9.962692 10.512390 10.984660 11.366621 11.647567 11.819460 11.877321 11.819460 11.647567 11.366621 10.984660 10.512390 9.962692 9.350033 8.689843 7.997868 7.289562 6.579533 5.881077 5.205814 4.563442 3.961599 3.405846 2.899737 2.444971 2.041612 1.688340 1.382730 1.121523 0.900899 0.716711 0.564698 0.440653 0.340556 0.260674 0.197617 0.148381 0.110347 0.081278 0.059296 0.042847 0.030667 0.021740 0.015266 0.010618 0.007316 0.004994 0.003378 0.002265 0.001508 0.001000 0.000665 0.000453 0.000329 0.000272 0.000272 
0.000212 0.000212 0.000259 0.000360 0.000535 0.000811 0.001236 0.001875 0.002822 0.004212 0.006229 0.009125 0.013243 0.019037 0.027107 0.038231 0.053409 0.073902 0.101285 0.137491 0.184859 0.246170 0.324680 0.424130 0.548732 0.703128 0.892315 1.121523 1.396047 1.721040 2.101248 2.540713 3.042448 3.608085 4.237540 4.928691 5.677114 6.475893 7.315526 8.183954 9.066731 9.947330 10.807594 11.628317 12.389927 13.073254 13.660317 14.135113 14.484337 14.698005 14.769927 14.698005 14.484337 14.135113 13.660317 13.073254 12.389927 11.628317 10.807594 9.947330 9.066731 8.183954 7.315526 6.475893 5.677114 4.928691 4.237540 3.608085 3.042448 2.540713 2.101248 1.721040 1.396047 1.121523 0.892315 0.703128 0.548732 0.424130 0.324680 0.246170 0.184859 0.137491 0.101285 0.073902 0.053409 0.038231 0.027107 0.019037 0.013243 0.009126 0.006230 0.004215 0.002827 0.001882 0.001248 0.000831 0.000566 0.000411 0.000340 0.000340 
0.000263 0.000263 0.000320 0.000446 0.000661 0.001003 0.001528 0.002317 0.003488 0.005205 0.007696 0.011273 0.016356 0.023509 0.033470 0.047199 0.065928 0.091214 0.124996 0.169657 0.228078 0.303689 0.400500 0.523117 0.676728 0.867052 1.100240 1.382730 1.721040 2.121511 2.589981 3.131422 3.749536 4.446326 5.221679 6.072975 6.994760 7.978511 9.012521 10.081944 11.168990 12.253311 13.312555 14.323079 15.260796 16.102107 16.824885 17.409432 17.839376 18.102429 18.190974 18.102429 17.839376 17.409432 16.824885 16.102107 15.260796 14.323079 13.312555 12.253311 11.168990 10.081944 9.012521 7.978511 6.994760 6.072975 5.221679 4.446326 3.749536 3.131422 2.589981 2.121511 1.721040 1.382730 1.100240 0.867052 0.676728 0.523117 0.400500 0.303689 0.228078 0.169657 0.124996 0.091214 0.065928 0.047199 0.033470 0.023510 0.016357 0.011274 0.007698 0.005208 0.003493 0.002326 0.001543 0.001028 0.000700 0.000509 0.000420 0.000420 
0.000322 0.000322 0.000392 0.000546 0.000810 0.001229 0.001871 0.002837 0.004269 0.006369 0.009415 0.013789 0.020006 0.028750 0.040926 0.057706 0.080594 0.111490 0.152763 0.207321 0.278681 0.371027 0.489251 0.638975 0.826525 1.058878 1.343533 1.688340 2.101248 2.589981 3.161655 3.822327 4.576502 5.426615 6.372517 7.411004 8.535417 9.735354 10.996534 12.300848 13.626602 14.948982 16.240736 17.473039 18.616525 19.642429 20.523774 21.236553 21.760807 22.081560 22.189526 22.081560 21.760807 21.236553 20.523774 19.642429 18.616525 17.473039 16.240736 14.948982 13.626602 12.300848 10.996534 9.735354 8.535417 7.411004 6.372517 5.426615 4.576502 3.822327 3.161655 2.589981 2.101248 1.688340 1.343533 1.058878 0.826525 0.638975 0.489251 0.371027 0.278681 0.207321 0.152763 0.111490 0.080594 0.057706 0.040926 0.028751 0.020006 0.013791 0.009418 0.006373 0.004275 0.002847 0.001889 0.001258 0.000858 0.000623 0.000515 0.000515 
0.000390 0.000390 0.000476 0.000662 0.000982 0.001490 0.002268 0.003438 0.005173 0.007717 0.011407 0.016704 0.024231 0.034818 0.049557 0.069867 0.097566 0.134953 0.184890 0.250894 0.337215 0.448910 0.591891 0.772950 0.999730 1.280658 1.624792 2.041612 2.540713 3.131422 3.822327 4.620735 5.532078 6.559284 7.702166 8.956843 10.315260 11.764845 13.288346 14.863884 16.465257 18.062498 19.622698 21.111049 22.492095 23.731103 24.795506 25.656318 26.289445 26.676807 26.807193 26.676807 26.289445 25.656318 24.795506 23.731103 22.492095 21.111049 19.622698 18.062498 16.465257 14.863884 13.288346 11.764845 10.315260 8.956843 7.702166 6.559284 5.532078 4.620735 3.822327 3.131422 2.540713 2.041612 1.624792 1.280658 0.999730 0.772950 0.591891 0.448910 0.337215 0.250894 0.184890 0.134953 0.097566 0.069867 0.049557 0.034818 0.024232 0.016706 0.011410 0.007722 0.005181 0.003451 0.002290 0.001526 0.001040 0.000756 0.000625 0.000625 
0.000469 0.000469 0.000572 0.000795 0.001179 0.001789 0.002723 0.004127 0.006208 0.009260 0.013685 0.020038 0.029063 0.041756 0.059424 0.083768 0.116966 0.161768 0.221604 0.300682 0.404091 0.537883 0.709135 0.925973 1.197543 1.533925 1.945955 2.444971 3.042448 3.749536 4.576502 5.532078 6.622748 7.852008 9.219617 10.720922 12.346277 14.080634 15.903347 17.788240 19.703969 21.614691 23.481044 25.261401 26.913362 28.395391 29.668547 30.698169 31.455448 31.918766 32.074718 31.918766 31.455448 30.698169 29.668547 28.395391 26.913362 25.261401 23.481044 21.614691 19.703969 17.788240 15.903347 14.080634 12.346277 10.720922 9.219617 7.852008 6.622748 5.532078 4.576502 3.749536 3.042448 2.444971 1.945955 1.533925 1.197543 0.925973 0.709135 0.537883 0.404091 0.300682 0.221604 0.161768 0.116966 0.083769 0.059425 0.041756 0.029064 0.020040 0.013689 0.009266 0.006218 0.004142 0.002749 0.001832 0.001249 0.000908 0.000750 0.000750 
0.000558 0.000558 0.000680 0.000946 0.001402 0.002126 0.003236 0.004904 0.007378 0.011002 0.016259 0.023802 0.034519 0.049588 0.070563 0.099460 0.138860 0.192028 0.263029 0.356855 0.479536 0.638247 0.841377 1.098555 1.420620 1.819514 2.308077 2.899737 3.608085 4.446326 5.426615 6.559284 7.852008 9.308910 10.929695 12.708835 14.634889 16.690018 18.849755 21.083084 23.352868 25.616649 27.827797 29.937010 31.894064 33.649770 35.158006 36.377727 37.274813 37.823663 38.008406 37.823663 37.274813 36.377727 35.158006 33.649770 31.894064 29.937010 27.827797 25.616649 23.352868 21.083084 18.849755 16.690018 14.634889 12.708835 10.929695 9.308910 7.852008 6.559284 5.426615 4.446326 3.608085 2.899737 2.308077 1.819514 1.420620 1.098555 0.841377 0.638247 0.479536 0.356855 0.263029 0.192028 0.138860 0.099460 0.070564 0.049589 0.034520 0.023805 0.016263 0.011009 0.007389 0.004923 0.003267 0.002178 0.001485 0.001079 0.000892 0.000892 
0.000657 0.000657 0.000801 0.001114 0.001651 0.002503 0.003809 0.005772 0.008681 0.012945 0.019127 0.027998 0.040599 0.058317 0.082975 0.116941 0.163250 0.225734 0.309168 0.419411 0.563547 0.749997 0.988608 1.290681 1.668940 2.137395 2.711112 3.405846 4.237540 5.221679 6.372517 7.702166 9.219617 10.929695 12.832037 14.920142 17.180571 19.592382 22.126857 24.747597 27.411029 30.067334 32.661811 35.136620 37.432849 39.492796 41.262364 42.693407 43.745909 44.389841 44.606587 44.389841 43.745909 42.693407 41.262364 39.492796 37.432849 35.136620 32.661811 30.067334 27.411029 24.747597 22.126857 19.592382 17.180571 14.920142 12.832037 10.929695 9.219617 7.702166 6.372517 5.221679 4.237540 3.405846 2.711112 2.137395 1.668940 1.290681 0.988608 0.749997 0.563547 0.419411 0.309168 0.225734 0.163250 0.116941 0.082975 0.058318 0.040601 0.028001 0.019132 0.012953 0.008695 0.005794 0.003846 0.002563 0.001749 0.001271 0.001051 0.001051 
0.000766 0.000766 0.000934 0.001299 0.001925 0.002918 0.004439 0.006726 0.010116 0.015082 0.022282 0.032612 0.047285 0.067913 0.096619 0.136157 0.190057 0.262776 0.359868 0.488147 0.655848 0.872764 1.150340 1.501715 1.941675 2.486505 3.153711 3.961599 4.928691 6.072975 7.411004 8.956843 10.720922 12.708835 14.920142 17.347271 19.974592 22.777754 25.723375 28.769152 31.864447 34.951373 37.966371 40.842239 43.510532 45.904219 47.960451 49.623300 50.846280 51.594507 51.846358 51.594507 50.846280 49.623300 47.960451 45.904219 43.510532 40.842239 37.966371 34.951373 31.864447 28.769152 25.723375 22.777754 19.974592 17.347271 14.920142 12.708835 10.720922 8.956843 7.411004 6.072975 4.928691 3.961599 3.153711 2.486505 1.941675 1.501715 1.150340 0.872764 0.655848 0.488147 0.359868 0.262776 0.190057 0.136157 0.096619 0.067914 0.047287 0.032616 0.022287 0.015091 0.010131 0.006752 0.004482 0.002988 0.002039 0.001482 0.001225 0.001225 
0.000885 0.000885 0.001078 0.001499 0.002222 0.003368 0.005123 0.007761 0.011671 0.017399 0.025703 0.037616 0.054535 0.078317 0.111410 0.156986 0.219111 0.302921 0.414810 0.562628 0.755855 1.005768 1.325546 1.730312 2.237088 2.864617 3.633046 4.563442 5.677114 6.994760 8.535417 10.315260 12.346277 14.634889 17.180571 19.974592 22.998946 26.225593 29.616104 33.121787 36.684360 40.237206 43.707184 47.016967 50.087799 52.842553 55.208920 57.122549 58.529960 59.391019 59.680848 59.391019 58.529960 57.122549 55.208920 52.842553 50.087799 47.016967 43.707184 40.237206 36.684360 33.121787 29.616104 26.225593 22.998946 19.974592 17.180571 14.634889 12.346277 10.315260 8.535417 6.994760 5.677114 4.563442 3.633046 2.864617 2.237088 1.730312 1.325546 1.005768 0.755855 0.562628 0.414810 0.302921 0.219112 0.156986 0.111411 0.078319 0.054537 0.037620 0.025709 0.017410 0.011689 0.007792 0.005173 0.003449 0.002354 0.001711 0.001415 0.001415 
0.001012 0.001012 0.001233 0.001714 0.002540 0.003849 0.005855 0.008868 0.013334 0.019877 0.029360 0.042963 0.062281 0.089434 0.127212 0.179238 0.250148 0.345800 0.473490 0.642167 0.862647 1.147787 1.512611 1.974366 2.552454 3.268241 4.144692 5.205814 6.475893 7.978511 9.735354 11.764845 14.080634 16.690018 19.592382 22.777754 26.225593 29.903925 33.768934 37.765114 41.826034 45.875766 49.830953 53.603469 57.103567 60.243356 62.940438 65.121489 66.725567 67.706944 68.037270 67.706944 66.725567 65.121489 62.940438 60.243356 57.103567 53.603469 49.830953 45.875766 41.826034 37.765114 33.768934 29.903925 26.225593 22.777754 19.592382 16.690018 14.080634 11.764845 9.735354 7.978511 6.475893 5.205814 4.144692 3.268241 2.552454 1.974366 1.512611 1.147787 0.862647 0.642167 0.473490 0.345800 0.250148 0.179238 0.127213 0.089435 0.062284 0.042968 0.029367 0.019889 0.013355 0.008903 0.005912 0.003942 0.002690 0.001956 0.001618 0.001618 
0.001146 0.001146 0.001396 0.001940 0.002874 0.004355 0.006625 0.010034 0.015085 0.022485 0.033208 0.048591 0.070433 0.101132 0.143839 0.202648 0.282797 0.390904 0.535210 0.725823 0.974957 1.297132 1.709315 2.230977 2.884026 3.692580 4.682565 5.881077 7.315526 9.012521 10.996534 13.288346 15.903347 18.849755 22.126857 25.723375 29.616104 33.768934 38.132393 42.643814 47.228208 51.799866 56.264701 60.523250 64.474220 68.018418 71.062854 73.524777 75.335413 76.443156 76.816017 76.443156 75.335413 73.524777 71.062854 68.018418 64.474220 60.523250 56.264701 51.799866 47.228208 42.643814 38.132393 33.768934 29.616104 25.723375 22.126857 18.849755 15.903347 13.288346 10.996534 9.012521 7.315526 5.881077 4.682565 3.692580 2.884026 2.230977 1.709315 1.297132 0.974957 0.725823 0.535210 0.390904 0.282797 0.202648 0.143840 0.101133 0.070436 0.048596 0.033217 0.022498 0.015109 0.010073 0.006689 0.004461 0.003045 0.002214 0.001831 0.001831 
0.001285 0.001285 0.001565 0.002175 0.003221 0.004880 0.007422 0.011241 0.016899 0.025185 0.037194 0.054419 0.078874 0.113242 0.161051 0.226880 0.316591 0.437586 0.599084 0.812392 1.091171 1.451659 1.912831 2.496460 3.227040 4.131540 5.238941 6.579533 8.183954 10.081944 12.300848 14.863884 17.788240 21.083084 24.747597 28.769152 33.121787 37.765114 42.643814 47.687821 52.813296 57.924424 62.916030 67.676930 72.093903 76.056077 79.459514 82.211725 84.235842 85.474188 85.891007 85.474188 84.235842 82.211725 79.459514 76.056077 72.093903 67.676930 62.916030 57.924424 52.813296 47.687821 42.643814 37.765114 33.121787 28.769152 24.747597 21.083084 17.788240 14.863884 12.300848 10.081944 8.183954 6.579533 5.238941 4.131540 3.227040 2.496460 1.912831 1.451659 1.091171 0.812392 0.599084 0.437587 0.316591 0.226881 0.161052 0.113244 0.078877 0.054424 0.037203 0.025201 0.016925 0.011285 0.007495 0.004999 0.003412 0.002482 0.002053 0.002053 
0.001426 0.001426 0.001736 0.002413 0.003574 0.005415 0.008235 0.012470 0.018744 0.027934 0.041250 0.060348 0.087462 0.125563 0.178562 0.251532 0.350967 0.485069 0.664049 0.900434 1.209355 1.608796 2.119772 2.766396 3.575790 4.577817 5.804562 7.289562 9.066731 11.168990 13.626602 16.465257 19.703969 23.352868 27.411029 31.864447 36.684360 41.826034 47.228208 52.813296 58.488471 64.147651 69.674397 74.945623 79.835990 84.222763 87.990887 91.037981 93.278957 94.649971 95.111444 94.649971 93.278957 91.037981 87.990887 84.222763 79.835990 74.945623 69.674397 64.147651 58.488471 52.813296 47.228208 41.826034 36.684360 31.864447 27.411029 23.352868 19.703969 16.465257 13.626602 11.168990 9.066731 7.289562 5.804562 4.577817 3.575790 2.766396 2.119772 1.608796 1.209355 0.900434 0.664049 0.485069 0.350967 0.251532 0.178563 0.125565 0.087465 0.060354 0.041260 0.027951 0.018774 0.012518 0.008315 0.005546 0.003787 0.002754 0.002278 0.002278 
0.001567 0.001567 0.001908 0.002652 0.003927 0.005949 0.009046 0.013697 0.020588 0.030679 0.045300 0.066269 0.096036 0.137864 0.196043 0.276139 0.385278 0.532460 0.728886 0.988297 1.327291 1.765596 2.326260 3.035726 3.923741 5.023049 6.368835 7.997868 9.947330 12.253311 14.948982 18.062498 21.614691 25.616649 30.067334 34.951373 40.237206 45.875766 51.799866 57.924424 64.147651 70.353231 76.413494 82.193491 87.555803 92.365872 96.497559 99.838626 102.295791 103.799061 104.305051 103.799061 102.295791 99.838626 96.497559 92.365872 87.555803 82.193491 76.413494 70.353231 64.147651 57.924424 51.799866 45.875766 40.237206 34.951373 30.067334 25.616649 21.614691 18.062498 14.948982 12.253311 9.947330 7.997868 6.368835 5.023049 3.923741 3.035726 2.326260 1.765596 1.327292 0.988297 0.728886 0.532460 0.385279 0.276140 0.196044 0.137866 0.096040 0.066276 0.045311 0.030698 0.020620 0.013751 0.009134 0.006093 0.004160 0.003026 0.002504 0.002504 
0.001705 0.001705 0.002076 0.002885 0.004272 0.006471 0.009839 0.014897 0.022390 0.033363 0.049260 0.072058 0.104419 0.149890 0.213131 0.300193 0.418816 0.578780 0.792253 1.074165 1.442544 1.918820 2.528028 3.298889 4.263710 5.458050 6.920119 8.689843 10.807594 13.312555 16.240736 19.622698 23.481044 27.827797 32.661811 37.966371 43.707184 49.830953 56.264701 62.916030 69.674397 76.413494 82.994689 89.271448 95.094560 100.317925 104.804584 108.432674 111.100916 112.733316 113.282770 112.733316 111.100916 108.432674 104.804584 100.317925 95.094560 89.271448 82.994689 76.413494 69.674397 62.916030 56.264701 49.830953 43.707184 37.966371 32.661811 27.827797 23.481044 19.622698 16.240736 13.312555 10.807594 8.689843 6.920119 5.458050 4.263710 3.298889 2.528028 1.918820 1.442544 1.074165 0.792254 0.578780 0.418817 0.300193 0.213133 0.149892 0.104423 0.072065 0.049273 0.033383 0.022425 0.014956 0.009935 0.006628 0.004526 0.003293 0.002724 0.002724 
