0.000000 0.000000 0.000000 0.000000 0.000000 0.000000 0.000000 0.000000 0.000000 0.000000 0.000000 0.000000 0.000000 0.000000 0.000000 0.000000 0.000000 0.000000 0.000000 0.000000 0.000000 0.000000 0.000000 0.000000 0.000000 0.000000 0.000000 0.000000 0.000000 0.000000 0.000000 0.000000 0.000000 0.000000 0.000000 0.000000 0.000000 0.000000 0.000000 0.000000 0.000000 0.000000 0.000000 0.000000 0.000000 0.000000 0.000000 0.000000 0.000000 0.000000 0.000000 0.000000 0.000000 0.000000 0.000000 0.000000 0.000000 0.000000 0.000000 0.000000 0.000000 0.000000 0.000000 0.000000 0.000000 0.000000 0.000000 0.000000 0.000000 0.000000 0.000000 0.000000 0.000000 0.000000 0.000000 0.000000 0.000000 0.000000 0.000000 0.000000 0.000000 0.000000 0.000000 0.000000 0.000000 0.000000 0.000000 0.000000 0.000000 0.000000 0.000000 0.000000 0.000000 0.000000 0.000000 0.000000 0.000000 0.000000 0.000000 0.000000 
0.000000 0.000000 0.000000 0.000000 0.000000 0.000000 0.000000 0.000000 0.000000 0.000000 0.000000 0.000000 0.000000 0.000000 0.000000 0.000000 0.000000 0.000000 0.000000 0.000000 0.000000 0.000000 0.000000 0.000000 0.000000 0.000000 0.000000 0.000000 0.000000 0.000000 0.000000 0.000000 0.000000 0.000000 0.000000 0.000000 0.000000 0.000000 0.000000 0.000000 0.000000 0.000000 0.000000 0.000000 0.000000 0.000000 0.000000 0.000000 0.000000 0.000000 0.000000 0.000000 0.000000 0.000000 0.000000 0.000000 0.000000 0.000000 0.000000 0.000000 0.000000 0.000000 0.000000 0.000000 0.000000 0.000000 0.000000 0.000000 0.000000 0.000000 0.000000 0.000000 0.000000 0.000000 0.000000 0.000000 0.000000 0.000000 0.000000 0.000000 0.000000 0.000000 0.000000 0.000000 0.000000 0.000000 0.000000 0.000000 0.000000 0.000000 0.000000 0.000000 0.000000 0.000000 0.000000 0.000000 0.000000 0.000000 0.000000 0.000000 
0.000000 0.000000 0.000000 0.000000 0.000000 0.000000 0.000000 0.000000 0.000000 0.000000 0.000000 0.000000 0.000000 0.000000 0.000000 0.000000 0.000000 0.000000 0.000000 0.000000 0.000000 0.000000 0.000000 0.000000 0.000000 0.000000 0.000000 0.000000 0.000000 0.000000 0.000000 0.000000 0.000000 0.000000 0.000000 0.000000 0.000000 0.000000 0.000000 0.000000 0.000000 0.000000 0.000000 0.000000 0.000000 0.000000 0.000000 0.000000 0.000000 0.000000 0.000000 0.000000 0.000000 0.000000 0.000000 0.000000 0.000000 0.000000 0.000000 0.000000 0.000000 0.000000 0.000000 0.000000 0.000000 0.000000 0.000000 0.000000 0.000000 0.000000 0.000000 0.000000 0.000000 0.000000 0.000000 0.000000 0.000000 0.000000 0.000000 0.000000 0.000000 0.000000 0.000000 0.000000 0.000000 0.000000 0.000000 0.000000 0.000000 0.000000 0.000000 0.000000 0.000000 0.000000 0.000000 0.000000 0.000000 0.000000 0.000000 0.000000 
0.000000 0.000000 0.000000 0.000000 0.000000 0.000000 0.000000 0.000000 0.000000 0.000000 0.000000 0.000000 0.000000 0.000000 0.000000 0.000000 0.000000 0.000000 0.000000 0.000000 0.000000 0.000000 0.000000 0.000000 0.000000 0.000000 0.000000 0.000000 0.000000 0.000000 0.000000 0.000000 0.000000 0.000000 0.000000 0.000000 0.000000 0.000000 0.000000 0.000000 0.000000 0.000000 0.000000 0.000000 0.000000 0.000000 0.000000 0.000000 0.000000 0.000000 0.000000 0.000000 0.000000 0.000000 0.000000 0.000000 0.000000 0.000000 0.000000 0.000000 0.000000 0.000000 0.000000 0.000000 0.000000 0.000000 0.000000 0.000000 0.000000 0.000000 0.000000 0.000000 0.000000 0.000000 0.000000 0.000000 0.000000 0.000000 0.000000 0.000000 0.000000 0.000000 0.000000 0.000000 0.000000 0.000000 0.000000 0.000000 0.000000 0.000000 0.000000 0.000000 0.000000 0.000000 0.000000 0.000000 0.000000 0.000000 0.000000 0.000000 
0.000000 0.000000 0.000000 0.000000 0.000000 0.000000 0.000000 0.000000 0.000000 0.000000 0.000000 0.000000 0.000000 0.000000 0.000000 0.000000 0.000000 0.000000 0.000000 0.000000 0.000000 0.000000 0.000000 0.000000 0.000000 0.000000 0.000000 0.000000 0.000000 0.000000 0.000000 0.000000 0.000000 0.000000 0.000000 0.000000 0.000000 0.000000 0.000000 0.000000 0.000000 0.000000 0.000000 0.000000 0.000000 0.000000 0.000000 0.000000 0.000000 0.000000 0.000000 0.000000 0.000000 0.000000 0.000000 0.000000 0.000000 0.000000 0.000000 0.000000 0.000000 0.000000 0.000000 0.000000 0.000000 0.000000 0.000000 0.000000 0.000000 0.000000 0.000000 0.000000 0.000000 0.000000 0.000000 0.000000 0.000000 0.000000 0.000000 0.000000 0.000000 0.000000 0.000000 0.000000 0.000000 0.000000 0.000000 0.000000 0.000000 0.000000 0.000000 0.000000 0.000000 0.000000 0.000000 0.000000 0.000000 0.000000 0.000000 0.000000 
0.000000 0.000000 0.000000 0.000000 0.000000 0.000000 0.000000 0.000000 0.000000 0.000000 0.000000 0.000000 0.000000 0.000000 0.000000 0.000000 0.000000 0.000000 0.000000 0.000000 0.000000 0.000000 0.000000 0.000000 0.000000 0.000000 0.000000 0.000000 0.000000 0.000000 0.000000 0.000000 0.000000 0.000000 0.000000 0.000000 0.000000 0.000000 0.000000 0.000000 0.000000 0.000000 0.000000 0.000000 0.000000 0.000000 0.000000 0.000000 0.000000 0.000000 0.000000 0.000000 0.000000 0.000000 0.000000 0.000000 0.000000 0.000000 0.000000 0.000000 0.000000 0.000000 0.000000 0.000000 0.000000 0.000000 0.000000 0.000000 0.000000 0.000000 0.000000 0.000000 0.000000 0.000000 0.000000 0.000000 0.000000 0.000000 0.000000 0.000000 0.000000 0.000000 0.000000 0.000000 0.000000 0.000000 0.000000 0.000000 0.000000 0.000000 0.000000 0.000000 0.000000 0.000000 0.000000 0.000000 0.000000 0.000000 0.000000 0.000000 
0.000000 0.000000 0.000000 0.000000 0.000000 0.000000 0.000000 0.000000 0.000000 0.000000 0.000000 0.000000 0.000000 0.000000 0.000000 0.000000 0.000000 0.000000 0.000000 0.000000 0.000000 0.000000 0.000000 0.000000 0.000000 0.000000 0.000000 0.000000 0.000000 0.000000 0.000000 0.000000 0.000000 0.000000 0.000000 0.000000 0.000000 0.000000 0.000000 0.000000 0.000000 0.000000 0.000000 0.000000 0.000000 0.000000 0.000000 0.000000 0.000000 0.000000 0.000000 0.000000 0.000000 0.000000 0.000000 0.000000 0.000000 0.000000 0.000000 0.000000 0.000000 0.000000 0.000000 0.000000 0.000000 0.000000 0.000000 0.000000 0.000000 0.000000 0.000000 0.000000 0.000000 0.000000 0.000000 0.000000 0.000000 0.000000 0.000000 0.000000 0.000000 0.000000 0.000000 0.000000 0.000000 0.000000 0.000000 0.000000 0.000000 0.000000 0.000000 0.000000 0.000000 0.000000 0.000000 0.000000 0.000000 0.000000 0.000000 0.000000 
0.000000 0.000000 0.000000 0.000000 0.000000 0.000000 0.000000 0.000000 0.000000 0.000000 0.000000 0.000000 0.000000 0.000000 0.000000 0.000000 0.000000 0.000000 0.000000 0.000000 0.000000 0.000000 0.000000 0.000000 0.000000 0.000000 0.000000 0.000000 0.000000 0.000000 0.000000 0.000000 0.000000 0.000000 0.000000 0.000000 0.000000 0.000000 0.000000 0.000000 0.000000 0.000000 0.000000 0.000000 0.000000 0.000000 0.000000 0.000000 0.000000 0.000000 0.000000 0.000000 0.000000 0.000000 0.000000 0.000000 0.000000 0.000000 0.000000 0.000000 0.000000 0.000000 0.000000 0.000000 0.000000 0.000000 0.000000 0.000000 0.000000 0.000000 0.000000 0.000000 0.000000 0.000000 0.000000 0.000000 0.000000 0.000000 0.000000 0.000000 0.000000 0.000000 0.000000 0.000000 0.000000 0.000000 0.000000 0.000000 0.000000 0.000000 0.000000 0.000000 0.000000 0.000000 0.000000 0.000000 0.000000 0.000000 0.000000 0.000000 
0.000000 0.000000 0.000000 0.000000 0.000000 0.000000 0.000000 0.000000 0.000000 0.000000 0.000000 0.000000 0.000000 0.000000 0.000000 0.000000 0.000000 0.000000 0.000000 0.000000 0.000000 0.000000 0.000000 0.000000 0.000000 0.000000 0.000000 0.000000 0.000000 0.000000 0.000000 0.000000 0.000000 0.000000 0.000000 0.000000 0.000000 0.000000 0.000000 0.000000 0.000000 0.000000 0.000000 0.000000 0.000000 0.000000 0.000000 0.000000 0.000000 0.000000 0.000000 0.000000 0.000000 0.000000 0.000000 0.000000 0.000000 0.000000 0.000000 0.000000 0.000000 0.000000 0.000000 0.000000 0.000000 0.000000 0.000000 0.000000 0.000000 0.000000 0.000000 0.000000 0.000000 0.000000 0.000000 0.000000 0.000000 0.000000 0.000000 0.000000 0.000000 0.000000 0.000000 0.000000 0.000000 0.000000 0.000000 0.000000 0.000000 0.000000 0.000000 0.000000 0.000000 0.000000 0.000000 0.000000 0.000000 0.000000 0.000000 0.000000 
0.000000 0.000000 0.000000 0.000000 0.000000 0.000000 0.000000 0.000000 0.000000 0.000000 0.000000 0.000000 0.000000 0.000000 0.000000 0.000000 0.000000 0.000000 0.000000 0.000000 0.000000 0.000000 0.000000 0.000000 0.000000 0.000000 0.000000 0.000000 0.000000 0.000000 0.000000 0.000000 0.000000 0.000000 0.000000 0.000000 0.000000 0.000000 0.000000 0.000000 0.000000 0.000000 0.000000 0.000000 0.000000 0.000000 0.000000 0.000000 0.000000 0.000000 0.000000 0.000000 0.000000 0.000000 0.000000 0.000000 0.000000 0.000000 0.000000 0.000000 0.000000 0.000000 0.000000 0.000000 0.000000 0.000000 0.000000 0.000000 0.000000 0.000000 0.000000 0.000000 0.000000 0.000000 0.000000 0.000000 0.000000 0.000000 0.000000 0.000000 0.000000 0.000000 0.000000 0.000000 0.000000 0.000000 0.000000 0.000000 0.000000 0.000000 0.000000 0.000000 0.000000 0.000000 0.000000 0.000000 0.000000 0.000000 0.000000 0.000000 
0.000000 0.000000 0.000000 0.000000 0.000000 0.000000 0.000000 0.000000 0.000000 0.000000 0.000000 0.000000 0.000000 0.000000 0.000000 0.000000 0.000000 0.000000 0.000000 0.000000 0.000000 0.000000 0.000000 0.000000 0.000000 0.000000 0.000000 0.000000 0.000000 0.000000 0.000000 0.000000 0.000000 0.000000 0.000000 0.000000 0.000000 0.000000 0.000000 0.000000 0.000000 0.000000 0.000000 0.000000 0.000000 0.000000 0.000000 0.000000 0.000000 0.000000 0.000000 0.000000 0.000000 0.000000 0.000000 0.000000 0.000000 0.000000 0.000000 0.000000 0.000000 0.000000 0.000000 0.000000 0.000000 0.000000 0.000000 0.000000 0.000000 0.000000 0.000000 0.000000 0.000000 0.000000 0.000000 0.000000 0.000000 0.000000 0.000000 0.000000 0.000000 0.000000 0.000000 0.000000 0.000000 0.000000 0.000000 0.000000 0.000000 0.000000 0.000000 0.000000 0.000000 0.000000 0.000000 0.000000 0.000000 0.000000 0.000000 0.000000 
0.000000 0.000000 0.000000 0.000000 0.000000 0.000000 0.000000 0.000000 0.000000 0.000000 0.000000 0.000000 0.000000 0.000000 0.000000 0.000000 0.000000 0.000000 0.000000 0.000000 0.000000 0.000000 0.000000 0.000000 0.000000 0.000000 0.000000 0.000000 0.000000 0.000000 0.000000 0.000000 0.000000 0.000000 0.000000 0.000000 0.000000 0.000000 0.000000 0.000000 0.000000 0.000000 0.000000 0.000000 0.000000 0.000000 0.000000 0.000000 0.000000 0.000000 0.000000 0.000000 0.000000 0.000000 0.000000 0.000000 0.000000 0.000000 0.000000 0.000000 0.000000 0.000000 0.000000 0.000000 0.000000 0.000000 0.000000 0.000000 0.000000 0.000000 0.000000 0.000000 0.000000 0.000000 0.000000 0.000000 0.000000 0.000000 0.000000 0.000000 0.000000 0.000000 0.000000 0.000000 0.000000 0.000000 0.000000 0.000000 0.000000 0.000000 0.000000 0.000000 0.000000 0.000000 0.000000 0.000000 0.000000 0.000000 0.000000 0.000000 
0.000000 0.000000 0.000000 0.000000 0.000000 0.000000 0.000000 0.000000 0.000000 0.000000 0.000000 0.000000 0.000000 0.000000 0.000000 0.000000 0.000000 0.000000 0.000000 0.000000 0.000000 0.000000 0.000000 0.000000 0.000000 0.000000 0.000000 0.000000 0.000000 0.000000 0.000000 0.000000 0.000000 0.000000 0.000000 0.000000 0.000000 0.000000 0.000000 0.000000 0.000000 0.000000 0.000000 0.000001 0.000001 0.000001 0.000001 0.000001 0.000001 0.000001 0.000001 0.000001 0.000001 0.000001 0.000001 0.000001 0.000001 0.000001 0.000000 0.000000 0.000000 0.000000 0.000000 0.000000 0.000000 0.000000 0.000000 0.000000 0.000000 0.000000 0.000000 0.000000 0.000000 0.000000 0.000000 0.000000 0.000000 0.000000 0.000000 0.000000 0.000000 0.000000 0.000000 0.000000 0.000000 0.000000 0.000000 0.000000 0.000000 0.000000 0.000000 0.000000 0.000000 0.000000 0.000000 0.000000 0.000000 0.000000 0.000000 0.000000 
0.000000 0.000000 0.000000 0.000000 0.000000 0.000000 0.000000 0.000000 0.000000 0.000000 0.000000 0.000000 0.000000 0.000000 0.000000 0.000000 0.000000 0.000000 0.000000 0.000000 0.000000 0.000000 0.000000 0.000000 0.000000 0.000000 0.000000 0.000000 0.000000 0.000000 0.000000 0.000000 0.000000 0.000000 0.000000 0.000000 0.000000 0.000000 0.000000 0.000000 0.000001 0.000001 0.000001 0.000001 0.000002 0.000002 0.000002 0.000003 0.000003 0.000003 0.000003 0.000003 0.000003 0.000003 0.000002 0.000002 0.000002 0.000001 0.000001 0.000001 0.000001 0.000000 0.000000 0.000000 0.000000 0.000000 0.000000 0.000000 0.000000 0.000000 0.000000 0.000000 0.000000 0.000000 0.000000 0.000000 0.000000 0.000000 0.000000 0.000000 0.000000 0.000000 0.000000 0.000000 0.000000 0.000000 0.000000 0.000000 0.000000 0.000000 0.000000 0.000000 0.000000 0.000000 0.000000 0.000000 0.000000 0.000000 0.000000 0.000000 
0.000000 0.000000 0.000000 0.000000 0.000000 0.000000 0.000000 0.000000 0.000000 0.000000 0.000000 0.000000 0.000000 0.000000 0.000000 0.000000 0.000000 0.000000 0.000000 0.000000 0.000000 0.000000 0.000000 0.000000 0.000000 0.000000 0.000000 0.000000 0.000000 0.000000 0.000000 0.000000 0.000000 0.000000 0.000000 0.000000 0.000000 0.000001 0.000001 0.000001 0.000002 0.000002 0.000003 0.000004 0.000005 0.000006 0.000007 0.000007 0.000008 0.000008 0.000008 0.000008 0.000008 0.000007 0.000007 0.000006 0.000005 0.000004 0.000003 0.000002 0.000002 0.000001 0.000001 0.000001 0.000000 0.000000 0.000000 0.000000 0.000000 0.000000 0.000000 0.000000 0.000000 0.000000 0.000000 0.000000 0.000000 0.000000 0.000000 0.000000 0.000000 0.000000 0.000000 0.000000 0.000000 0.000000 0.000000 0.000000 0.000000 0.000000 0.000000 0.000000 0.000000 0.000000 0.000000 0.000000 0.000000 0.000000 0.000000 0.000000 
0.000000 0.000000 0.000000 0.000000 0.000000 0.000000 0.000000 0.000000 0.000000 0.000000 0.000000 0.000000 0.000000 0.000000 0.000000 0.000000 0.000000 0.000000 0.000000 0.000000 0.000000 0.000000 0.000000 0.000000 0.000000 0.000000 0.000000 0.000000 0.000000 0.000000 0.000000 0.000000 0.000000 0.000000 0.000000 0.000001 0.000001 0.000002 0.000002 0.000003 0.000005 0.000006 0.000008 0.000010 0.000012 0.000015 0.000017 0.000019 0.000020 0.000021 0.000022 0.000021 0.000020 0.000019 0.000017 0.000015 0.000012 0.000010 0.000008 0.000006 0.000005 0.000003 0.000002 0.000002 0.000001 0.000001 0.000000 0.000000 0.000000 0.000000 0.000000 0.000000 0.000000 0.000000 0.000000 0.000000 0.000000 0.000000 0.000000 0.000000 0.000000 0.000000 0.000000 0.000000 0.000000 0.000000 0.000000 0.000000 0.000000 0.000000 0.000000 0.000000 0.000000 0.000000 0.000000 0.000000 0.000000 0.000000 0.000000 0.000000 
0.000000 0.000000 0.000000 0.000000 0.000000 0.000000 0.000000 0.000000 0.000000 0.000000 0.000000 0.000000 0.000000 0.000000 0.000000 0.000000 0.000000 0.000000 0.000000 0.000000 0.000000 0.000000 0.000000 0.000000 0.000000 0.000000 0.000000 0.000000 0.000000 0.000000 0.000000 0.000000 0.000000 0.000001 0.000001 0.000002 0.000003 0.000004 0.000006 0.000008 0.000012 0.000016 0.000020 0.000026 0.000031 0.000037 0.000043 0.000047 0.000051 0.000054 0.000055 0.000054 0.000051 0.000047 0.000043 0.000037 0.000031 0.000026 0.000020 0.000016 0.000012 0.000008 0.000006 0.000004 0.000003 0.000002 0.000001 0.000001 0.000000 0.000000 0.000000 0.000000 0.000000 0.000000 0.000000 0.000000 0.000000 0.000000 0.000000 0.000000 0.000000 0.000000 0.000000 0.000000 0.000000 0.000000 0.000000 0.000000 0.000000 0.000000 0.000000 0.000000 0.000000 0.000000 0.000000 0.000000 0.000000 0.000000 0.000000 0.000000 
0.000000 0.000000 0.000000 0.000000 0.000000 0.000000 0.000000 0.000000 0.000000 0.000000 0.000000 0.000000 0.000000 0.000000 0.000000 0.000000 0.000000 0.000000 0.000000 0.000000 0.000000 0.000000 0.000000 0.000000 0.000000 0.000000 0.000000 0.000000 0.000000 0.000000 0.000000 0.000001 0.000001 0.000002 0.000003 0.000004 0.000007 0.000010 0.000015 0.000021 0.000029 0.000039 0.000050 0.000063 0.000077 0.000092 0.000105 0.000117 0.000126 0.000132 0.000134 0.000132 0.000126 0.000117 0.000105 0.000092 0.000077 0.000063 0.000050 0.000039 0.000029 0.000021 0.000015 0.000010 0.000007 0.000004 0.000003 0.000002 0.000001 0.000001 0.000000 0.000000 0.000000 0.000000 0.000000 0.000000 0.000000 0.000000 0.000000 0.000000 0.000000 0.000000 0.000000 0.000000 0.000000 0.000000 0.000000 0.000000 0.000000 0.000000 0.000000 0.000000 0.000000 0.000000 0.000000 0.000000 0.000000 0.000000 0.000000 0.000000 
0.000000 0.000000 0.000000 0.000000 0.000000 0.000000 0.000000 0.000000 0.000000 0.000000 0.000000 0.000000 0.000000 0.000000 0.000000 0.000000 0.000000 0.000000 0.000000 0.000000 0.000000 0.000000 0.000000 0.000000 0.000000 0.000000 0.000000 0.000000 0.000000 0.000000 0.000001 0.000001 0.000002 0.000004 0.000007 0.000011 0.000016 0.000025 0.000036 0.000051 0.000070 0.000094 0.000122 0.000153 0.000186 0.000221 0.000253 0.000282 0.000304 0.000318 0.000323 0.000318 0.000304 0.000282 0.000253 0.000221 0.000186 0.000153 0.000122 0.000094 0.000070 0.000051 0.000036 0.000025 0.000016 0.000011 0.000007 0.000004 0.000002 0.000001 0.000001 0.000000 0.000000 0.000000 0.000000 0.000000 0.000000 0.000000 0.000000 0.000000 0.000000 0.000000 0.000000 0.000000 0.000000 0.000000 0.000000 0.000000 0.000000 0.000000 0.000000 0.000000 0.000000 0.000000 0.000000 0.000000 0.000000 0.000000 0.000000 0.000000 
0.000000 0.000000 0.000000 0.000000 0.000000 0.000000 0.000000 0.000000 0.000000 0.000000 0.000000 0.000000 0.000000 0.000000 0.000000 0.000000 0.000000 0.000000 0.000000 0.000000 0.000000 0.000000 0.000000 0.000000 0.000000 0.000000 0.000000 0.000000 0.000001 0.000001 0.000002 0.000003 0.000006 0.000010 0.000016 0.000025 0.000039 0.000058 0.000085 0.000121 0.000166 0.000221 0.000286 0.000360 0.000438 0.000518 0.000594 0.000661 0.000713 0.000747 0.000758 0.000747 0.000713 0.000661 0.000594 0.000518 0.000438 0.000360 0.000286 0.000221 0.000166 0.000121 0.000085 0.000058 0.000039 0.000025 0.000016 0.000010 0.000006 0.000003 0.000002 0.000001 0.000001 0.000000 0.000000 0.000000 0.000000 0.000000 0.000000 0.000000 0.000000 0.000000 0.000000 0.000000 0.000000 0.000000 0.000000 0.000000 0.000000 0.000000 0.000000 0.000000 0.000000 0.000000 0.000000 0.000000 0.000000 0.000000 0.000000 0.000000 
0.000000 0.000000 0.000000 0.000000 0.000000 0.000000 0.000000 0.000000 0.000000 0.000000 0.000000 0.000000 0.000000 0.000000 0.000000 0.000000 0.000000 0.000000 0.000000 0.000000 0.000000 0.000000 0.000000 0.000000 0.000000 0.000000 0.000000 0.000001 0.000001 0.000002 0.000004 0.000008 0.000013 0.000022 0.000037 0.000058 0.000090 0.000135 0.000197 0.000278 0.000382 0.000509 0.000658 0.000825 0.001005 0.001187 0.001360 0.001513 0.001632 0.001708 0.001734 0.001708 0.001632 0.001513 0.001360 0.001187 0.001005 0.000825 0.000658 0.000509 0.000382 0.000278 0.000197 0.000135 0.000090 0.000058 0.000037 0.000022 0.000013 0.000008 0.000004 0.000002 0.000001 0.000001 0.000000 0.000000 0.000000 0.000000 0.000000 0.000000 0.000000 0.000000 0.000000 0.000000 0.000000 0.000000 0.000000 0.000000 0.000000 0.000000 0.000000 0.000000 0.000000 0.000000 0.000000 0.000000 0.000000 0.000000 0.000000 0.000000 
0.000000 0.000000 0.000000 0.000000 0.000000 0.000000 0.000000 0.000000 0.000000 0.000000 0.000000 0.000000 0.000000 0.000000 0.000000 0.000000 0.000000 0.000000 0.000000 0.000000 0.000000 0.000000 0.000000 0.000000 0.000000 0.000000 0.000001 0.000001 0.000003 0.000005 0.000010 0.000017 0.000030 0.000051 0.000083 0.000132 0.000204 0.000305 0.000443 0.000626 0.000857 0.001141 0.001473 0.001846 0.002246 0.002651 0.003037 0.003375 0.003640 0.003808 0.003866 0.003808 0.003640 0.003375 0.003037 0.002651 0.002246 0.001846 0.001473 0.001141 0.000857 0.000626 0.000443 0.000305 0.000204 0.000132 0.000083 0.000051 0.000030 0.000017 0.000010 0.000005 0.000003 0.000001 0.000001 0.000000 0.000000 0.000000 0.000000 0.000000 0.000000 0.000000 0.000000 0.000000 0.000000 0.000000 0.000000 0.000000 0.000000 0.000000 0.000000 0.000000 0.000000 0.000000 0.000000 0.000000 0.000000 0.000000 0.000000 0.000000 
0.000000 0.000000 0.000000 0.000000 0.000000 0.000000 0.000000 0.000000 0.000000 0.000000 0.000000 0.000000 0.000000 0.000000 0.000000 0.000000 0.000000 0.000000 0.000000 0.000000 0.000000 0.000000 0.000000 0.000000 0.000000 0.000001 0.000002 0.000003 0.000006 0.000012 0.000022 0.000039 0.000067 0.000113 0.000184 0.000291 0.000448 0.000670 0.000972 0.001371 0.001876 0.002493 0.003216 0.004027 0.004894 0.005773 0.006609 0.007342 0.007915 0.008281 0.008406 0.008281 0.007915 0.007342 0.006609 0.005773 0.004894 0.004027 0.003216 0.002493 0.001876 0.001371 0.000972 0.000670 0.000448 0.000291 0.000184 0.000113 0.000067 0.000039 0.000022 0.000012 0.000006 0.000003 0.000002 0.000001 0.000000 0.000000 0.000000 0.000000 0.000000 0.000000 0.000000 0.000000 0.000000 0.000000 0.000000 0.000000 0.000000 0.000000 0.000000 0.000000 0.000000 0.000000 0.000000 0.000000 0.000000 0.000000 0.000000 0.000000 
0.000000 0.000000 0.000000 0.000000 0.000000 0.000000 0.000000 0.000000 0.000000 0.000000 0.000000 0.000000 0.000000 0.000000 0.000000 0.000000 0.000000 0.000000 0.000000 0.000000 0.000000 0.000000 0.000000 0.000000 0.000001 0.000002 0.000004 0.000007 0.000014 0.000026 0.000048 0.000084 0.000145 0.000243 0.000395 0.000625 0.000961 0.001434 0.002078 0.002926 0.004000 0.005309 0.006842 0.008559 0.010395 0.012254 0.014020 0.015569 0.016780 0.017551 0.017816 0.017551 0.016780 0.015569 0.014020 0.012254 0.010395 0.008559 0.006842 0.005309 0.004000 0.002926 0.002078 0.001434 0.000961 0.000625 0.000395 0.000243 0.000145 0.000084 0.000048 0.000026 0.000014 0.000007 0.000004 0.000002 0.000001 0.000000 0.000000 0.000000 0.000000 0.000000 0.000000 0.000000 0.000000 0.000000 0.000000 0.000000 0.000000 0.000000 0.000000 0.000000 0.000000 0.000000 0.000000 0.000000 0.000000 0.000000 0.000000 0.000000 
0.000000 0.000000 0.000000 0.000000 0.000000 0.000000 0.000000 0.000000 0.000000 0.000000 0.000000 0.000000 0.000000 0.000000 0.000000 0.000000 0.000000 0.000000 0.000000 0.000000 0.000000 0.000000 0.000000 0.000001 0.000002 0.000004 0.000008 0.000015 0.000030 0.000055 0.000100 0.000178 0.000305 0.000510 0.000829 0.001309 0.002007 0.002991 0.004329 0.006087 0.008310 0.011019 0.014186 0.017732 0.021518 0.025349 0.028989 0.032178 0.034670 0.036257 0.036802 0.036257 0.034670 0.032178 0.028989 0.025349 0.021518 0.017732 0.014186 0.011019 0.008310 0.006087 0.004329 0.002991 0.002007 0.001309 0.000829 0.000510 0.000305 0.000178 0.000100 0.000055 0.000030 0.000015 0.000008 0.000004 0.000002 0.000001 0.000000 0.000000 0.000000 0.000000 0.000000 0.000000 0.000000 0.000000 0.000000 0.000000 0.000000 0.000000 0.000000 0.000000 0.000000 0.000000 0.000000 0.000000 0.000000 0.000000 0.000000 0.000000 
0.000000 0.000000 0.000000 0.000000 0.000000 0.000000 0.000000 0.000000 0.000000 0.000000 0.000000 0.000000 0.000000 0.000000 0.000000 0.000000 0.000000 0.000000 0.000000 0.000000 0.000000 0.000000 0.000001 0.000002 0.000004 0.000008 0.000016 0.000032 0.000061 0.000114 0.000207 0.000365 0.000626 0.001044 0.001693 0.002668 0.004085 0.006078 0.008786 0.012336 0.016823 0.022282 0.028659 0.035793 0.043404 0.051101 0.058408 0.064809 0.069809 0.072992 0.074086 0.072992 0.069809 0.064809 0.058408 0.051101 0.043404 0.035793 0.028659 0.022282 0.016823 0.012336 0.008786 0.006078 0.004085 0.002668 0.001693 0.001044 0.000626 0.000365 0.000207 0.000114 0.000061 0.000032 0.000016 0.000008 0.000004 0.000002 0.000001 0.000000 0.000000 0.000000 0.000000 0.000000 0.000000 0.000000 0.000000 0.000000 0.000000 0.000000 0.000000 0.000000 0.000000 0.000000 0.000000 0.000000 0.000000 0.000000 0.000000 0.000000 
0.000000 0.000000 0.000000 0.000000 0.000000 0.000000 0.000000 0.000000 0.000000 0.000000 0.000000 0.000000 0.000000 0.000000 0.000000 0.000000 0.000000 0.000000 0.000000 0.000000 0.000000 0.000001 0.000002 0.000004 0.000008 0.000016 0.000033 0.000064 0.000123 0.000229 0.000414 0.000729 0.001249 0.002079 0.003366 0.005296 0.008097 0.012030 0.017366 0.024354 0.033176 0.043896 0.056408 0.070393 0.085301 0.100369 0.114664 0.127183 0.136957 0.143179 0.145316 0.143179 0.136957 0.127183 0.114664 0.100369 0.085301 0.070393 0.056408 0.043896 0.033176 0.024354 0.017366 0.012030 0.008097 0.005296 0.003366 0.002079 0.001249 0.000729 0.000414 0.000229 0.000123 0.000064 0.000033 0.000016 0.000008 0.000004 0.000002 0.000001 0.000000 0.000000 0.000000 0.000000 0.000000 0.000000 0.000000 0.000000 0.000000 0.000000 0.000000 0.000000 0.000000 0.000000 0.000000 0.000000 0.000000 0.000000 0.000000 0.000000 
0.000000 0.000000 0.000000 0.000000 0.000000 0.000000 0.000000 0.000000 0.000000 0.000000 0.000000 0.000000 0.000000 0.000000 0.000000 0.000000 0.000000 0.000000 0.000000 0.000000 0.000001 0.000001 0.000003 0.000007 0.000015 0.000032 0.000064 0.000126 0.000240 0.000447 0.000807 0.001419 0.002426 0.004033 0.006517 0.010238 0.015630 0.023190 0.033433 0.046830 0.063725 0.084234 0.108148 0.134856 0.163307 0.192044 0.219295 0.243148 0.261765 0.273616 0.277685 0.273616 0.261765 0.243148 0.219295 0.192044 0.163307 0.134856 0.108148 0.084234 0.063725 0.046830 0.033433 0.023190 0.015630 0.010238 0.006517 0.004033 0.002426 0.001419 0.000807 0.000447 0.000240 0.000126 0.000064 0.000032 0.000015 0.000007 0.000003 0.000001 0.000001 0.000000 0.000000 0.000000 0.000000 0.000000 0.000000 0.000000 0.000000 0.000000 0.000000 0.000000 0.000000 0.000000 0.000000 0.000000 0.000000 0.000000 0.000000 0.000000 
0.000000 0.000000 0.000000 0.000000 0.000000 0.000000 0.000000 0.000000 0.000000 0.000000 0.000000 0.000000 0.000000 0.000000 0.000000 0.000000 0.000000 0.000000 0.000000 0.000001 0.000001 0.000003 0.000006 0.000014 0.000030 0.000061 0.000123 0.000240 0.000458 0.000849 0.001532 0.002689 0.004589 0.007614 0.012285 0.019269 0.029376 0.043528 0.062676 0.087692 0.119206 0.157423 0.201946 0.251629 0.304521 0.357909 0.408514 0.452791 0.487338 0.509325 0.516873 0.509325 0.487338 0.452791 0.408514 0.357909 0.304521 0.251629 0.201946 0.157423 0.119206 0.087692 0.062676 0.043528 0.029376 0.019269 0.012285 0.007614 0.004589 0.002689 0.001532 0.000849 0.000458 0.000240 0.000123 0.000061 0.000030 0.000014 0.000006 0.000003 0.000001 0.000001 0.000000 0.000000 0.000000 0.000000 0.000000 0.000000 0.000000 0.000000 0.000000 0.000000 0.000000 0.000000 0.000000 0.000000 0.000000 0.000000 0.000000 0.000000 
0.000000 0.000000 0.000000 0.000000 0.000000 0.000000 0.000000 0.000000 0.000000 0.000000 0.000000 0.000000 0.000000 0.000000 0.000000 0.000000 0.000000 0.000000 0.000000 0.000001 0.000002 0.000005 0.000012 0.000026 0.000055 0.000114 0.000229 0.000447 0.000849 0.001572 0.002831 0.004958 0.008446 0.013993 0.022542 0.035305 0.053751 0.079544 0.114401 0.159890 0.217133 0.286487 0.367216 0.457234 0.553001 0.649612 0.741142 0.821197 0.883643 0.923376 0.937016 0.923376 0.883643 0.821197 0.741142 0.649612 0.553001 0.457234 0.367216 0.286487 0.217133 0.159890 0.114401 0.079544 0.053751 0.035305 0.022542 0.013993 0.008446 0.004958 0.002831 0.001572 0.000849 0.000447 0.000229 0.000114 0.000055 0.000026 0.000012 0.000005 0.000002 0.000001 0.000000 0.000000 0.000000 0.000000 0.000000 0.000000 0.000000 0.000000 0.000000 0.000000 0.000000 0.000000 0.000000 0.000000 0.000000 0.000000 0.000000 0.000000 
0.000000 0.000000 0.000000 0.000000 0.000000 0.000000 0.000000 0.000000 0.000000 0.000000 0.000000 0.000000 0.000000 0.000000 0.000000 0.000000 0.000000 0.000000 0.000001 0.000002 0.000004 0.000010 0.000022 0.000048 0.000100 0.000207 0.000414 0.000807 0.001532 0.002831 0.005088 0.008896 0.015130 0.025026 0.040256 0.062962 0.095735 0.141501 0.203282 0.283816 0.385061 0.507617 0.650157 0.808983 0.977844 1.148103 1.309332 1.450297 1.560225 1.630159 1.654162 1.630159 1.560225 1.450297 1.309332 1.148103 0.977844 0.808983 0.650157 0.507617 0.385061 0.283816 0.203282 0.141501 0.095735 0.062962 0.040256 0.025026 0.015130 0.008896 0.005088 0.002831 0.001532 0.000807 0.000414 0.000207 0.000100 0.000048 0.000022 0.000010 0.000004 0.000002 0.000001 0.000000 0.000000 0.000000 0.000000 0.000000 0.000000 0.000000 0.000000 0.000000 0.000000 0.000000 0.000000 0.000000 0.000000 0.000000 0.000000 0.000000 
0.000000 0.000000 0.000000 0.000000 0.000000 0.000000 0.000000 0.000000 0.000000 0.000000 0.000000 0.000000 0.000000 0.000000 0.000000 0.000000 0.000000 0.000001 0.000001 0.000003 0.000008 0.000017 0.000039 0.000084 0.000178 0.000365 0.000729 0.001419 0.002689 0.004958 0.008896 0.015529 0.026369 0.043554 0.069961 0.109276 0.165950 0.245000 0.351593 0.490398 0.664736 0.875588 1.120630 1.393483 1.683399 1.975564 2.252113 2.493821 2.682262 2.802122 2.843259 2.802122 2.682262 2.493821 2.252113 1.975564 1.683399 1.393483 1.120630 0.875588 0.664736 0.490398 0.351593 0.245000 0.165950 0.109276 0.069961 0.043554 0.026369 0.015529 0.008896 0.004958 0.002689 0.001419 0.000729 0.000365 0.000178 0.000084 0.000039 0.000017 0.000008 0.000003 0.000001 0.000001 0.000000 0.000000 0.000000 0.000000 0.000000 0.000000 0.000000 0.000000 0.000000 0.000000 0.000000 0.000000 0.000000 0.000000 0.000000 0.000000 
0.000000 0.000000 0.000000 0.000000 0.000000 0.000000 0.000000 0.000000 0.000000 0.000000 0.000000 0.000000 0.000000 0.000000 0.000000 0.000000 0.000000 0.000001 0.000002 0.000006 0.000013 0.000030 0.000067 0.000145 0.000305 0.000626 0.001249 0.002426 0.004589 0.008446 0.015130 0.026369 0.044712 0.073746 0.118301 0.184548 0.279933 0.412824 0.591828 0.824700 1.116923 1.470061 1.880158 2.336499 2.821098 3.309215 3.771053 4.174573 4.489089 4.689108 4.757750 4.689108 4.489089 4.174573 3.771053 3.309215 2.821098 2.336499 1.880158 1.470061 1.116923 0.824700 0.591828 0.412824 0.279933 0.184548 0.118301 0.073746 0.044712 0.026369 0.015130 0.008446 0.004589 0.002426 0.001249 0.000626 0.000305 0.000145 0.000067 0.000030 0.000013 0.000006 0.000002 0.000001 0.000000 0.000000 0.000000 0.000000 0.000000 0.000000 0.000000 0.000000 0.000000 0.000000 0.000000 0.000000 0.000000 0.000000 0.000000 0.000000 
0.000000 0.000000 0.000000 0.000000 0.000000 0.000000 0.000000 0.000000 0.000000 0.000000 0.000000 0.000000 0.000000 0.000000 0.000000 0.000000 0.000001 0.000002 0.000004 0.000010 0.000022 0.000051 0.000113 0.000243 0.000510 0.001044 0.002079 0.004033 0.007614 0.013993 0.025026 0.043554 0.073746 0.121471 0.194613 0.303234 0.459448 0.676855 0.969406 1.349644 1.826385 2.402058 3.070116 3.813045 4.601548 5.395403 6.146226 6.802034 7.313070 7.638017 7.749523 7.638017 7.313070 6.802034 6.146226 5.395403 4.601548 3.813045 3.070116 2.402058 1.826385 1.349644 0.969406 0.676855 0.459448 0.303234 0.194613 0.121471 0.073746 0.043554 0.025026 0.013993 0.007614 0.004033 0.002079 0.001044 0.000510 0.000243 0.000113 0.000051 0.000022 0.000010 0.000004 0.000002 0.000001 0.000000 0.000000 0.000000 0.000000 0.000000 0.000000 0.000000 0.000000 0.000000 0.000000 0.000000 0.000000 0.000000 0.000000 0.000000 
0.000000 0.000000 0.000000 0.000000 0.000000 0.000000 0.000000 0.000000 0.000000 0.000000 0.000000 0.000000 0.000000 0.000000 0.000000 0.000000 0.000001 0.000003 0.000007 0.000016 0.000037 0.000083 0.000184 0.000395 0.000829 0.001693 0.003366 0.006517 0.012285 0.022542 0.040256 0.069961 0.118301 0.194613 0.311423 0.484695 0.733615 1.079692 1.544946 2.149122 2.906026 3.819331 4.878505 6.055690 7.304445 8.561119 9.749235 10.786691 11.594946 12.108806 12.285125 12.108806 11.594946 10.786691 9.749235 8.561119 7.304445 6.055690 4.878505 3.819331 2.906026 2.149122 1.544946 1.079692 0.733615 0.484695 0.311423 0.194613 0.118301 0.069961 0.040256 0.022542 0.012285 0.006517 0.003366 0.001693 0.000829 0.000395 0.000184 0.000083 0.000037 0.000016 0.000007 0.000003 0.000001 0.000000 0.000000 0.000000 0.000000 0.000000 0.000000 0.000000 0.000000 0.000000 0.000000 0.000000 0.000000 0.000000 0.000000 0.000000 
0.000000 0.000000 0.000000 0.000000 0.000000 0.000000 0.000000 0.000000 0.000000 0.000000 0.000000 0.000000 0.000000 0.000000 0.000000 0.000001 0.000002 0.000004 0.000011 0.000025 0.000058 0.000132 0.000291 0.000625 0.001309 0.002668 0.005296 0.010238 0.019269 0.035305 0.062962 0.109276 0.184548 0.303234 0.484695 0.753572 1.139446 1.675416 2.395312 3.329397 4.498718 5.908688 7.542836 9.358051 11.282691 13.218731 15.048514 16.645826 17.889990 18.680875 18.952230 18.680875 17.889990 16.645826 15.048514 13.218731 11.282691 9.358051 7.542836 5.908688 4.498718 3.329397 2.395312 1.675416 1.139446 0.753572 0.484695 0.303234 0.184548 0.109276 0.062962 0.035305 0.019269 0.010238 0.005296 0.002668 0.001309 0.000625 0.000291 0.000132 0.000058 0.000025 0.000011 0.000004 0.000002 0.000001 0.000000 0.000000 0.000000 0.000000 0.000000 0.000000 0.000000 0.000000 0.000000 0.000000 0.000000 0.000000 0.000000 0.000000 
0.000000 0.000000 0.000000 0.000000 0.000000 0.000000 0.000000 0.000000 0.000000 0.000000 0.000000 0.000000 0.000000 0.000000 0.000000 0.000001 0.000003 0.000007 0.000016 0.000039 0.000090 0.000204 0.000448 0.000961 0.002007 0.004085 0.008097 0.015630 0.029376 0.053751 0.095735 0.165950 0.279933 0.459448 0.733615 1.139446 1.721305 2.528769 3.612422 5.017403 6.774962 8.892859 11.346060 14.069667 16.956146 19.858588 22.600841 24.994069 26.857817 28.042403 28.448810 28.042403 26.857817 24.994069 22.600841 19.858588 16.956146 14.069667 11.346060 8.892859 6.774962 5.017403 3.612422 2.528769 1.721305 1.139446 0.733615 0.459448 0.279933 0.165950 0.095735 0.053751 0.029376 0.015630 0.008097 0.004085 0.002007 0.000961 0.000448 0.000204 0.000090 0.000039 0.000016 0.000007 0.000003 0.000001 0.000000 0.000000 0.000000 0.000000 0.000000 0.000000 0.000000 0.000000 0.000000 0.000000 0.000000 0.000000 0.000000 0.000000 
0.000000 0.000000 0.000000 0.000000 0.000000 0.000000 0.000000 0.000000 0.000000 0.000000 0.000000 0.000000 0.000000 0.000000 0.000001 0.000002 0.000004 0.000010 0.000025 0.000058 0.000135 0.000305 0.000670 0.001434 0.002991 0.006078 0.012030 0.023190 0.043528 0.079544 0.141501 0.245000 0.412824 0.676855 1.079692 1.675416 2.528769 3.712004 5.298719 7.354448 9.924357 13.019284 16.602249 20.578223 24.790174 29.023875 33.022698 36.511717 39.228325 40.954772 41.547045 40.954772 39.228325 36.511717 33.022698 29.023875 24.790174 20.578223 16.602249 13.019284 9.924357 7.354448 5.298719 3.712004 2.528769 1.675416 1.079692 0.676855 0.412824 0.245000 0.141501 0.079544 0.043528 0.023190 0.012030 0.006078 0.002991 0.001434 0.000670 0.000305 0.000135 0.000058 0.000025 0.000010 0.000004 0.000002 0.000001 0.000000 0.000000 0.000000 0.000000 0.000000 0.000000 0.000000 0.000000 0.000000 0.000000 0.000000 0.000000 0.000000 
0.000000 0.000000 0.000000 0.000000 0.000000 0.000000 0.000000 0.000000 0.000000 0.000000 0.000000 0.000000 0.000000 0.000000 0.000001 0.000002 0.000006 0.000015 0.000036 0.000085 0.000197 0.000443 0.000972 0.002078 0.004329 0.008786 0.017366 0.033433 0.062676 0.114401 0.203282 0.351593 0.591828 0.969406 1.544946 2.395312 3.612422 5.298719 7.558404 10.484066 14.139249 18.538704 23.629336 29.275814 35.255059 41.263151 46.936326 51.885118 55.737677 58.185763 59.025553 58.185763 55.737677 51.885118 46.936326 41.263151 35.255059 29.275814 23.629336 18.538704 14.139249 10.484066 7.558404 5.298719 3.612422 2.395312 1.544946 0.969406 0.591828 0.351593 0.203282 0.114401 0.062676 0.033433 0.017366 0.008786 0.004329 0.002078 0.000972 0.000443 0.000197 0.000085 0.000036 0.000015 0.000006 0.000002 0.000001 0.000000 0.000000 0.000000 0.000000 0.000000 0.000000 0.000000 0.000000 0.000000 0.000000 0.000000 0.000000 0.000000 
0.000000 0.000000 0.000000 0.000000 0.000000 0.000000 0.000000 0.000000 0.000000 0.000000 0.000000 0.000000 0.000000 0.000000 0.000001 0.000003 0.000008 0.000021 0.000051 0.000121 0.000278 0.000626 0.001371 0.002926 0.006087 0.012336 0.024354 0.046830 0.087692 0.159890 0.283816 0.490398 0.824700 1.349644 2.149122 3.329397 5.017403 7.354448 10.484066 14.533552 19.589921 25.672733 32.707914 40.508034 48.764849 57.058914 64.888598 71.717125 77.032199 80.409280 81.567691 80.409280 77.032199 71.717125 64.888598 57.058914 48.764849 40.508034 32.707914 25.672733 19.589921 14.533552 10.484066 7.354448 5.017403 3.329397 2.149122 1.349644 0.824700 0.490398 0.283816 0.159890 0.087692 0.046830 0.024354 0.012336 0.006087 0.002926 0.001371 0.000626 0.000278 0.000121 0.000051 0.000021 0.000008 0.000003 0.000001 0.000000 0.000000 0.000000 0.000000 0.000000 0.000000 0.000000 0.000000 0.000000 0.000000 0.000000 0.000000 0.000000 
0.000000 0.000000 0.000000 0.000000 0.000000 0.000000 0.000000 0.000000 0.000000 0.000000 0.000000 0.000000 0.000000 0.000001 0.000002 0.000005 0.000012 0.000029 0.000070 0.000166 0.000382 0.000857 0.001876 0.004000 0.008310 0.016823 0.033176 0.063725 0.119206 0.217133 0.385061 0.664736 1.116923 1.826385 2.906026 4.498718 6.774962 9.924357 14.139249 19.589921 26.392348 34.571806 44.027876 54.508140 65.598339 76.735400 87.246404 96.411654 103.544531 108.076171 109.630547 108.076171 103.544531 96.411654 87.246404 76.735400 65.598339 54.508140 44.027876 34.571806 26.392348 19.589921 14.139249 9.924357 6.774962 4.498718 2.906026 1.826385 1.116923 0.664736 0.385061 0.217133 0.119206 0.063725 0.033176 0.016823 0.008310 0.004000 0.001876 0.000857 0.000382 0.000166 0.000070 0.000029 0.000012 0.000005 0.000002 0.000001 0.000000 0.000000 0.000000 0.000000 0.000000 0.000000 0.000000 0.000000 0.000000 0.000000 0.000000 0.000000 
0.000000 0.000000 0.000000 0.000000 0.000000 0.000000 0.000000 0.000000 0.000000 0.000000 0.000000 0.000000 0.000000 0.000001 0.000002 0.000006 0.000016 0.000039 0.000094 0.000221 0.000509 0.001141 0.002493 0.005309 0.011019 0.022282 0.043896 0.084234 0.157423 0.286487 0.507617 0.875588 1.470061 2.402058 3.819331 5.908688 8.892859 13.019284 18.538704 25.672733 34.571806 45.267764 57.628332 71.322982 85.810282 100.355044 114.079234 126.044214 135.354783 141.269438 143.298108 141.269438 135.354783 126.044214 114.079234 100.355044 85.810282 71.322982 57.628332 45.267764 34.571806 25.672733 18.538704 13.019284 8.892859 5.908688 3.819331 2.402058 1.470061 0.875588 0.507617 0.286487 0.157423 0.084234 0.043896 0.022282 0.011019 0.005309 0.002493 0.001141 0.000509 0.000221 0.000094 0.000039 0.000016 0.000006 0.000002 0.000001 0.000000 0.000000 0.000000 0.000000 0.000000 0.000000 0.000000 0.000000 0.000000 0.000000 0.000000 0.000000 
0.000000 0.000000 0.000000 0.000000 0.000000 0.000000 0.000000 0.000000 0.000000 0.000000 0.000000 0.000000 0.000000 0.000001 0.000003 0.000008 0.000020 0.000050 0.000122 0.000286 0.000658 0.001473 0.003216 0.006842 0.014186 0.028659 0.056408 0.108148 0.201946 0.367216 0.650157 1.120630 1.880158 3.070116 4.878505 7.542836 11.346060 16.602249 23.629336 32.707914 44.027876 57.628332 73.339996 90.742076 109.146431 127.619514 145.047038 160.238302 172.058038 179.566093 182.141183 179.566093 172.058038 160.238302 145.047038 127.619514 109.146431 90.742076 73.339996 57.628332 44.027876 32.707914 23.629336 16.602249 11.346060 7.542836 4.878505 3.070116 1.880158 1.120630 0.650157 0.367216 0.201946 0.108148 0.056408 0.028659 0.014186 0.006842 0.003216 0.001473 0.000658 0.000286 0.000122 0.000050 0.000020 0.000008 0.000003 0.000001 0.000000 0.000000 0.000000 0.000000 0.000000 0.000000 0.000000 0.000000 0.000000 0.000000 0.000000 0.000000 
0.000000 0.000000 0.000000 0.000000 0.000000 0.000000 0.000000 0.000000 0.000000 0.000000 0.000000 0.000000 0.000001 0.000001 0.000004 0.000010 0.000026 0.000063 0.000153 0.000360 0.000825 0.001846 0.004027 0.008559 0.017732 0.035793 0.070393 0.134856 0.251629 0.457234 0.808983 1.393483 2.336499 3.813045 6.055690 9.358051 14.069667 20.578223 29.275814 40.508034 54.508140 71.322982 90.742076 112.244622 134.980199 157.796015 179.316811 198.073547 212.665945 221.934598 225.113425 221.934598 212.665945 198.073547 179.316811 157.796015 134.980199 112.244622 90.742076 71.322982 54.508140 40.508034 29.275814 20.578223 14.069667 9.358051 6.055690 3.813045 2.336499 1.393483 0.808983 0.457234 0.251629 0.134856 0.070393 0.035793 0.017732 0.008559 0.004027 0.001846 0.000825 0.000360 0.000153 0.000063 0.000026 0.000010 0.000004 0.000001 0.000001 0.000000 0.000000 0.000000 0.000000 0.000000 0.000000 0.000000 0.000000 0.000000 0.000000 0.000000 
