0.000000 0.000000 0.000000 0.000000 0.000000 0.000000 0.000000 0.000000 0.000000 0.000000 0.000000 0.000000 0.000000 0.000000 0.000000 0.000000 0.000000 0.000000 0.000000 0.000000 0.000000 0.000000 0.000000 0.000000 0.000000 0.000000 0.000000 0.000000 0.000001 0.000001 0.000001 0.000002 0.000002 0.000003 0.000003 0.000004 0.000005 0.000006 0.000008 0.000009 0.000011 0.000012 0.000014 0.000015 0.000017 0.000018 0.000020 0.000021 0.000021 0.000022 0.000022 0.000022 0.000021 0.000021 0.000020 0.000018 0.000017 0.000015 0.000014 0.000012 0.000011 0.000009 0.000008 0.000006 0.000005 0.000004 0.000003 0.000003 0.000002 0.000002 0.000001 0.000001 0.000001 0.000000 0.000000 0.000000 0.000000 0.000000 0.000000 0.000000 0.000000 0.000000 0.000000 0.000000 0.000000 0.000000 0.000000 0.000000 0.000000 0.000000 0.000000 0.000000 0.000000 0.000000 0.000000 0.000000 0.000000 0.000000 0.000000 0.000000 
0.000000 0.000000 0.000000 0.000000 0.000000 0.000000 0.000000 0.000000 0.000000 0.000000 0.000000 0.000000 0.000000 0.000000 0.000000 0.000000 0.000000 0.000000 0.000000 0.000000 0.000000 0.000000 0.000000 0.000000 0.000000 0.000000 0.000000 0.000000 0.000001 0.000001 0.000001 0.000002 0.000002 0.000003 0.000003 0.000004 0.000005 0.000006 0.000008 0.000009 0.000011 0.000012 0.000014 0.000015 0.000017 0.000018 0.000020 0.000021 0.000021 0.000022 0.000022 0.000022 0.000021 0.000021 0.000020 0.000018 0.000017 0.000015 0.000014 0.000012 0.000011 0.000009 0.000008 0.000006 0.000005 0.000004 0.000003 0.000003 0.000002 0.000002 0.000001 0.000001 0.000001 0.000000 0.000000 0.000000 0.000000 0.000000 0.000000 0.000000 0.000000 0.000000 0.000000 0.000000 0.000000 0.000000 0.000000 0.000000 0.000000 0.000000 0.000000 0.000000 0.000000 0.000000 0.000000 0.000000 0.000000 0.000000 0.000000 0.000000 
0.000000 0.000000 0.000000 0.000000 0.000000 0.000000 0.000000 0.000000 0.000000 0.000000 0.000000 0.000000 0.000000 0.000000 0.000000 0.000000 0.000000 0.000000 0.000000 0.000000 0.000000 0.000000 0.000000 0.000000 0.000000 0.000000 0.000000 0.000001 0.000001 0.000001 0.000002 0.000002 0.000003 0.000004 0.000005 0.000006 0.000008 0.000009 0.000011 0.000013 0.000015 0.000018 0.000020 0.000022 0.000024 0.000027 0.000028 0.000030 0.000031 0.000032 0.000032 0.000032 0.000031 0.000030 0.000028 0.000027 0.000024 0.000022 0.000020 0.000018 0.000015 0.000013 0.000011 0.000009 0.000008 0.000006 0.000005 0.000004 0.000003 0.000002 0.000002 0.000001 0.000001 0.000001 0.000000 0.000000 0.000000 0.000000 0.000000 0.000000 0.000000 0.000000 0.000000 0.000000 0.000000 0.000000 0.000000 0.000000 0.000000 0.000000 0.000000 0.000000 0.000000 0.000000 0.000000 0.000000 0.000000 0.000000 0.000000 0.000000 
0.000000 0.000000 0.000000 0.000000 0.000000 0.000000 0.000000 0.000000 0.000000 0.000000 0.000000 0.000000 0.000000 0.000000 0.000000 0.000000 0.000000 0.000000 0.000000 0.000000 0.000000 0.000000 0.000000 0.000000 0.000000 0.000001 0.000001 0.000001 0.000002 0.000002 0.000003 0.000004 0.000005 0.000007 0.000009 0.000011 0.000013 0.000016 0.000019 0.000023 0.000027 0.000031 0.000035 0.000039 0.000043 0.000046 0.000049 0.000052 0.000054 0.000055 0.000055 0.000055 0.000054 0.000052 0.000049 0.000046 0.000043 0.000039 0.000035 0.000031 0.000027 0.000023 0.000019 0.000016 0.000013 0.000011 0.000009 0.000007 0.000005 0.000004 0.000003 0.000002 0.000002 0.000001 0.000001 0.000001 0.000000 0.000000 0.000000 0.000000 0.000000 0.000000 0.000000 0.000000 0.000000 0.000000 0.000000 0.000000 0.000000 0.000000 0.000000 0.000000 0.000000 0.000000 0.000000 0.000000 0.000000 0.000000 0.000000 0.000000 
0.000000 0.000000 0.000000 0.000000 0.000000 0.000000 0.000000 0.000000 0.000000 0.000000 0.000000 0.000000 0.000000 0.000000 0.000000 0.000000 0.000000 0.000000 0.000000 0.000000 0.000000 0.000000 0.000000 0.000001 0.000001 0.000001 0.000002 0.000002 0.000003 0.000004 0.000006 0.000007 0.000010 0.000012 0.000016 0.000020 0.000025 0.000030 0.000036 0.000042 0.000049 0.000057 0.000064 0.000071 0.000078 0.000085 0.000091 0.000096 0.000099 0.000101 0.000102 0.000101 0.000099 0.000096 0.000091 0.000085 0.000078 0.000071 0.000064 0.000057 0.000049 0.000042 0.000036 0.000030 0.000025 0.000020 0.000016 0.000012 0.000010 0.000007 0.000006 0.000004 0.000003 0.000002 0.000002 0.000001 0.000001 0.000001 0.000000 0.000000 0.000000 0.000000 0.000000 0.000000 0.000000 0.000000 0.000000 0.000000 0.000000 0.000000 0.000000 0.000000 0.000000 0.000000 0.000000 0.000000 0.000000 0.000000 0.000000 0.000000 
0.000000 0.000000 0.000000 0.000000 0.000000 0.000000 0.000000 0.000000 0.000000 0.000000 0.000000 0.000000 0.000000 0.000000 0.000000 0.000000 0.000000 0.000000 0.000000 0.000000 0.000000 0.000000 0.000001 0.000001 0.000001 0.000002 0.000003 0.000004 0.000006 0.000008 0.000010 0.000014 0.000018 0.000023 0.000029 0.000037 0.000045 0.000055 0.000066 0.000078 0.000091 0.000105 0.000118 0.000132 0.000145 0.000157 0.000168 0.000177 0.000183 0.000187 0.000188 0.000187 0.000183 0.000177 0.000168 0.000157 0.000145 0.000132 0.000118 0.000105 0.000091 0.000078 0.000066 0.000055 0.000045 0.000037 0.000029 0.000023 0.000018 0.000014 0.000010 0.000008 0.000006 0.000004 0.000003 0.000002 0.000001 0.000001 0.000001 0.000000 0.000000 0.000000 0.000000 0.000000 0.000000 0.000000 0.000000 0.000000 0.000000 0.000000 0.000000 0.000000 0.000000 0.000000 0.000000 0.000000 0.000000 0.000000 0.000000 0.000000 
0.000000 0.000000 0.000000 0.000000 0.000000 0.000000 0.000000 0.000000 0.000000 0.000000 0.000000 0.000000 0.000000 0.000000 0.000000 0.000000 0.000000 0.000000 0.000000 0.000000 0.000001 0.000001 0.000001 0.000002 0.000003 0.000004 0.000005 0.000008 0.000010 0.000014 0.000019 0.000025 0.000033 0.000043 0.000054 0.000068 0.000083 0.000102 0.000122 0.000144 0.000167 0.000192 0.000217 0.000242 0.000266 0.000288 0.000308 0.000324 0.000336 0.000343 0.000345 0.000343 0.000336 0.000324 0.000308 0.000288 0.000266 0.000242 0.000217 0.000192 0.000167 0.000144 0.000122 0.000102 0.000083 0.000068 0.000054 0.000043 0.000033 0.000025 0.000019 0.000014 0.000010 0.000008 0.000005 0.000004 0.000003 0.000002 0.000001 0.000001 0.000001 0.000000 0.000000 0.000000 0.000000 0.000000 0.000000 0.000000 0.000000 0.000000 0.000000 0.000000 0.000000 0.000000 0.000000 0.000000 0.000000 0.000000 0.000000 0.000000 
0.000000 0.000000 0.000000 0.000000 0.000000 0.000000 0.000000 0.000000 0.000000 0.000000 0.000000 0.000000 0.000000 0.000000 0.000000 0.000000 0.000000 0.000000 0.000000 0.000001 0.000001 0.000001 0.000002 0.000003 0.000005 0.000007 0.000010 0.000014 0.000019 0.000026 0.000035 0.000046 0.000060 0.000077 0.000098 0.000123 0.000152 0.000184 0.000221 0.000261 0.000303 0.000348 0.000394 0.000439 0.000482 0.000522 0.000557 0.000586 0.000608 0.000621 0.000626 0.000621 0.000608 0.000586 0.000557 0.000522 0.000482 0.000439 0.000394 0.000348 0.000303 0.000261 0.000221 0.000184 0.000152 0.000123 0.000098 0.000077 0.000060 0.000046 0.000035 0.000026 0.000019 0.000014 0.000010 0.000007 0.000005 0.000003 0.000002 0.000001 0.000001 0.000001 0.000000 0.000000 0.000000 0.000000 0.000000 0.000000 0.000000 0.000000 0.000000 0.000000 0.000000 0.000000 0.000000 0.000000 0.000000 0.000000 0.000000 0.000000 
0.000000 0.000000 0.000000 0.000000 0.000000 0.000000 0.000000 0.000000 0.000000 0.000000 0.000000 0.000000 0.000000 0.000000 0.000000 0.000000 0.000000 0.000000 0.000001 0.000001 0.000002 0.000003 0.000004 0.000006 0.000009 0.000012 0.000018 0.000025 0.000034 0.000047 0.000063 0.000083 0.000108 0.000139 0.000176 0.000220 0.000272 0.000330 0.000395 0.000467 0.000543 0.000623 0.000705 0.000785 0.000863 0.000934 0.000997 0.001049 0.001087 0.001111 0.001119 0.001111 0.001087 0.001049 0.000997 0.000934 0.000863 0.000785 0.000705 0.000623 0.000543 0.000467 0.000395 0.000330 0.000272 0.000220 0.000176 0.000139 0.000108 0.000083 0.000063 0.000047 0.000034 0.000025 0.000018 0.000012 0.000009 0.000006 0.000004 0.000003 0.000002 0.000001 0.000001 0.000000 0.000000 0.000000 0.000000 0.000000 0.000000 0.000000 0.000000 0.000000 0.000000 0.000000 0.000000 0.000000 0.000000 0.000000 0.000000 0.000000 
0.000000 0.000000 0.000000 0.000000 0.000000 0.000000 0.000000 0.000000 0.000000 0.000000 0.000000 0.000000 0.000000 0.000000 0.000000 0.000000 0.000000 0.000001 0.000001 0.000002 0.000003 0.000005 0.000007 0.000010 0.000015 0.000022 0.000031 0.000044 0.000061 0.000083 0.000111 0.000147 0.000191 0.000246 0.000312 0.000390 0.000481 0.000584 0.000699 0.000825 0.000960 0.001101 0.001245 0.001387 0.001523 0.001649 0.001760 0.001851 0.001919 0.001961 0.001975 0.001961 0.001919 0.001851 0.001760 0.001649 0.001523 0.001387 0.001245 0.001101 0.000960 0.000825 0.000699 0.000584 0.000481 0.000390 0.000312 0.000246 0.000191 0.000147 0.000111 0.000083 0.000061 0.000044 0.000031 0.000022 0.000015 0.000010 0.000007 0.000005 0.000003 0.000002 0.000001 0.000001 0.000000 0.000000 0.000000 0.000000 0.000000 0.000000 0.000000 0.000000 0.000000 0.000000 0.000000 0.000000 0.000000 0.000000 0.000000 0.000000 
0.000000 0.000000 0.000000 0.000000 0.000000 0.000000 0.000000 0.000000 0.000000 0.000000 0.000000 0.000000 0.000000 0.000000 0.000000 0.000001 0.000001 0.000001 0.000002 0.000004 0.000005 0.000008 0.000012 0.000018 0.000027 0.000039 0.000055 0.000077 0.000106 0.000145 0.000194 0.000257 0.000335 0.000430 0.000545 0.000681 0.000839 0.001019 0.001220 0.001439 0.001674 0.001920 0.002170 0.002418 0.002655 0.002874 0.003067 0.003225 0.003344 0.003417 0.003442 0.003417 0.003344 0.003225 0.003067 0.002874 0.002655 0.002418 0.002170 0.001920 0.001674 0.001439 0.001220 0.001019 0.000839 0.000681 0.000545 0.000430 0.000335 0.000257 0.000194 0.000145 0.000106 0.000077 0.000055 0.000039 0.000027 0.000018 0.000012 0.000008 0.000005 0.000004 0.000002 0.000001 0.000001 0.000001 0.000000 0.000000 0.000000 0.000000 0.000000 0.000000 0.000000 0.000000 0.000000 0.000000 0.000000 0.000000 0.000000 0.000000 
0.000000 0.000000 0.000000 0.000000 0.000000 0.000000 0.000000 0.000000 0.000000 0.000000 0.000000 0.000000 0.000000 0.000000 0.000001 0.000001 0.000002 0.000002 0.000004 0.000006 0.000009 0.000014 0.000022 0.000032 0.000047 0.000067 0.000095 0.000133 0.000184 0.000250 0.000335 0.000443 0.000577 0.000742 0.000940 0.001174 0.001446 0.001755 0.002100 0.002478 0.002882 0.003304 0.003733 0.004159 0.004566 0.004943 0.005273 0.005546 0.005749 0.005875 0.005917 0.005875 0.005749 0.005546 0.005273 0.004943 0.004566 0.004159 0.003733 0.003304 0.002882 0.002478 0.002100 0.001755 0.001446 0.001174 0.000940 0.000742 0.000577 0.000443 0.000335 0.000250 0.000184 0.000133 0.000095 0.000067 0.000047 0.000032 0.000022 0.000014 0.000009 0.000006 0.000004 0.000002 0.000002 0.000001 0.000001 0.000000 0.000000 0.000000 0.000000 0.000000 0.000000 0.000000 0.000000 0.000000 0.000000 0.000000 0.000000 0.000000 
0.000000 0.000000 0.000000 0.000000 0.000000 0.000000 0.000000 0.000000 0.000000 0.000000 0.000000 0.000000 0.000000 0.000001 0.000001 0.000002 0.000003 0.000004 0.000007 0.000010 0.000016 0.000025 0.000037 0.000055 0.000080 0.000114 0.000162 0.000227 0.000313 0.000425 0.000570 0.000754 0.000982 0.001262 0.001599 0.001997 0.002458 0.002983 0.003569 0.004209 0.004894 0.005610 0.006338 0.007059 0.007750 0.008388 0.008948 0.009410 0.009755 0.009967 0.010039 0.009967 0.009755 0.009410 0.008948 0.008388 0.007750 0.007059 0.006338 0.005610 0.004894 0.004209 0.003569 0.002983 0.002458 0.001997 0.001599 0.001262 0.000982 0.000754 0.000570 0.000425 0.000313 0.000227 0.000162 0.000114 0.000080 0.000055 0.000037 0.000025 0.000016 0.000010 0.000007 0.000004 0.000003 0.000002 0.000001 0.000001 0.000000 0.000000 0.000000 0.000000 0.000000 0.000000 0.000000 0.000000 0.000000 0.000000 0.000000 0.000000 
0.000000 0.000000 0.000000 0.000000 0.000000 0.000000 0.000000 0.000000 0.000000 0.000000 0.000000 0.000000 0.000001 0.000001 0.000002 0.000003 0.000004 0.000007 0.000011 0.000018 0.000027 0.000041 0.000062 0.000092 0.000134 0.000193 0.000273 0.000382 0.000526 0.000716 0.000959 0.001267 0.001650 0.002120 0.002684 0.003350 0.004123 0.005003 0.005984 0.007056 0.008203 0.009400 0.010619 0.011825 0.012981 0.014047 0.014985 0.015757 0.016333 0.016688 0.016808 0.016688 0.016333 0.015757 0.014985 0.014047 0.012981 0.011825 0.010619 0.009400 0.008203 0.007056 0.005984 0.005003 0.004123 0.003350 0.002684 0.002120 0.001650 0.001267 0.000959 0.000716 0.000526 0.000382 0.000273 0.000193 0.000134 0.000092 0.000062 0.000041 0.000027 0.000018 0.000011 0.000007 0.000004 0.000003 0.000002 0.000001 0.000001 0.000000 0.000000 0.000000 0.000000 0.000000 0.000000 0.000000 0.000000 0.000000 0.000000 0.000000 
0.000000 0.000000 0.000000 0.000000 0.000000 0.000000 0.000000 0.000000 0.000000 0.000000 0.000000 0.000001 0.000001 0.000002 0.000003 0.000005 0.000007 0.000012 0.000019 0.000030 0.000045 0.000069 0.000104 0.000153 0.000223 0.000320 0.000454 0.000634 0.000874 0.001187 0.001590 0.002100 0.002735 0.003512 0.004445 0.005547 0.006825 0.008279 0.009901 0.011672 0.013565 0.015542 0.017555 0.019546 0.021454 0.023214 0.024761 0.026035 0.026985 0.027572 0.027770 0.027572 0.026985 0.026035 0.024761 0.023214 0.021454 0.019546 0.017555 0.015542 0.013565 0.011672 0.009901 0.008279 0.006825 0.005547 0.004445 0.003512 0.002735 0.002100 0.001590 0.001187 0.000874 0.000634 0.000454 0.000320 0.000223 0.000153 0.000104 0.000069 0.000045 0.000030 0.000019 0.000012 0.000007 0.000005 0.000003 0.000002 0.000001 0.000001 0.000000 0.000000 0.000000 0.000000 0.000000 0.000000 0.000000 0.000000 0.000000 0.000000 
0.000000 0.000000 0.000000 0.000000 0.000000 0.000000 0.000000 0.000000 0.000000 0.000000 0.000001 0.000001 0.000002 0.000003 0.000005 0.000008 0.000012 0.000020 0.000031 0.000049 0.000075 0.000114 0.000170 0.000251 0.000366 0.000525 0.000744 0.001039 0.001431 0.001944 0.002603 0.003436 0.004473 0.005741 0.007264 0.009063 0.011148 0.013519 0.016163 0.019050 0.022136 0.025357 0.028636 0.031880 0.034988 0.037853 0.040372 0.042447 0.043994 0.044949 0.045272 0.044949 0.043994 0.042447 0.040372 0.037853 0.034988 0.031880 0.028636 0.025357 0.022136 0.019050 0.016163 0.013519 0.011148 0.009063 0.007264 0.005741 0.004473 0.003436 0.002603 0.001944 0.001431 0.001039 0.000744 0.000525 0.000366 0.000251 0.000170 0.000114 0.000075 0.000049 0.000031 0.000020 0.000012 0.000008 0.000005 0.000003 0.000002 0.000001 0.000001 0.000000 0.000000 0.000000 0.000000 0.000000 0.000000 0.000000 0.000000 0.000000 
0.000000 0.000000 0.000000 0.000000 0.000000 0.000000 0.000000 0.000000 0.000000 0.000000 0.000001 0.000002 0.000003 0.000004 0.000007 0.000012 0.000020 0.000032 0.000051 0.000079 0.000121 0.000184 0.000276 0.000407 0.000592 0.000850 0.001203 0.001680 0.002313 0.003139 0.004202 0.005546 0.007216 0.009259 0.011713 0.014609 0.017965 0.021780 0.026034 0.030678 0.035641 0.040820 0.046091 0.051305 0.056300 0.060905 0.064952 0.068285 0.070770 0.072305 0.072823 0.072305 0.070770 0.068285 0.064952 0.060905 0.056300 0.051305 0.046091 0.040820 0.035641 0.030678 0.026034 0.021780 0.017965 0.014609 0.011713 0.009259 0.007216 0.005546 0.004202 0.003139 0.002313 0.001680 0.001203 0.000850 0.000592 0.000407 0.000276 0.000184 0.000121 0.000079 0.000051 0.000032 0.000020 0.000012 0.000007 0.000004 0.000003 0.000002 0.000001 0.000000 0.000000 0.000000 0.000000 0.000000 0.000000 0.000000 0.000000 0.000000 
0.000000 0.000000 0.000000 0.000000 0.000000 0.000000 0.000000 0.000000 0.000000 0.000001 0.000001 0.000002 0.000004 0.000007 0.000012 0.000020 0.000032 0.000051 0.000081 0.000126 0.000194 0.000294 0.000440 0.000650 0.000946 0.001357 0.001920 0.002679 0.003687 0.005002 0.006693 0.008830 0.011487 0.014734 0.018633 0.023234 0.028564 0.034622 0.041373 0.048745 0.056619 0.064836 0.073196 0.081466 0.089386 0.096688 0.103104 0.108388 0.112328 0.114761 0.115583 0.114761 0.112328 0.108388 0.103104 0.096688 0.089386 0.081466 0.073196 0.064836 0.056619 0.048745 0.041373 0.034622 0.028564 0.023234 0.018633 0.014734 0.011487 0.008830 0.006693 0.005002 0.003687 0.002679 0.001920 0.001357 0.000946 0.000650 0.000440 0.000294 0.000194 0.000126 0.000081 0.000051 0.000032 0.000020 0.000012 0.000007 0.000004 0.000002 0.000001 0.000001 0.000000 0.000000 0.000000 0.000000 0.000000 0.000000 0.000000 0.000000 
0.000000 0.000000 0.000000 0.000000 0.000000 0.000000 0.000000 0.000000 0.000001 0.000001 0.000002 0.000004 0.000007 0.000011 0.000019 0.000031 0.000051 0.000081 0.000128 0.000199 0.000306 0.000464 0.000694 0.001024 0.001489 0.002136 0.003022 0.004215 0.005798 0.007864 0.010518 0.013872 0.018039 0.023131 0.029245 0.036456 0.044807 0.054297 0.064872 0.076414 0.088742 0.101604 0.114688 0.127629 0.140021 0.151445 0.161482 0.169748 0.175910 0.179715 0.181001 0.179715 0.175910 0.169748 0.161482 0.151445 0.140021 0.127629 0.114688 0.101604 0.088742 0.076414 0.064872 0.054297 0.044807 0.036456 0.029245 0.023131 0.018039 0.013872 0.010518 0.007864 0.005798 0.004215 0.003022 0.002136 0.001489 0.001024 0.000694 0.000464 0.000306 0.000199 0.000128 0.000081 0.000051 0.000031 0.000019 0.000011 0.000007 0.000004 0.000002 0.000001 0.000001 0.000000 0.000000 0.000000 0.000000 0.000000 0.000000 0.000000 
0.000000 0.000000 0.000000 0.000000 0.000000 0.000000 0.000000 0.000001 0.000001 0.000002 0.000004 0.000006 0.000010 0.000018 0.000030 0.000049 0.000079 0.000126 0.000199 0.000310 0.000477 0.000723 0.001080 0.001592 0.002314 0.003318 0.004691 0.006541 0.008994 0.012195 0.016306 0.021498 0.027948 0.035826 0.045283 0.056433 0.069344 0.084012 0.100352 0.118185 0.137226 0.157091 0.177295 0.197274 0.216405 0.234038 0.249531 0.262288 0.271798 0.277669 0.279654 0.277669 0.271798 0.262288 0.249531 0.234038 0.216405 0.197274 0.177295 0.157091 0.137226 0.118185 0.100352 0.084012 0.069344 0.056433 0.045283 0.035826 0.027948 0.021498 0.016306 0.012195 0.008994 0.006541 0.004691 0.003318 0.002314 0.001592 0.001080 0.000723 0.000477 0.000310 0.000199 0.000126 0.000079 0.000049 0.000030 0.000018 0.000010 0.000006 0.000004 0.000002 0.000001 0.000001 0.000000 0.000000 0.000000 0.000000 0.000000 0.000000 
0.000000 0.000000 0.000000 0.000000 0.000000 0.000000 0.000001 0.000001 0.000002 0.000003 0.000005 0.000009 0.000016 0.000027 0.000045 0.000075 0.000121 0.000194 0.000306 0.000477 0.000732 0.001109 0.001657 0.002441 0.003547 0.005084 0.007185 0.010014 0.013765 0.018657 0.024937 0.032867 0.042716 0.054741 0.069171 0.086183 0.105874 0.128240 0.153151 0.180332 0.209350 0.239618 0.270398 0.300832 0.329971 0.356825 0.380418 0.399843 0.414324 0.423263 0.426286 0.423263 0.414324 0.399843 0.380418 0.356825 0.329971 0.300832 0.270398 0.239618 0.209350 0.180332 0.153151 0.128240 0.105874 0.086183 0.069171 0.054741 0.042716 0.032867 0.024937 0.018657 0.013765 0.010014 0.007185 0.005084 0.003547 0.002441 0.001657 0.001109 0.000732 0.000477 0.000306 0.000194 0.000121 0.000075 0.000045 0.000027 0.000016 0.000009 0.000005 0.000003 0.000002 0.000001 0.000001 0.000000 0.000000 0.000000 0.000000 0.000000 
0.000000 0.000000 0.000000 0.000000 0.000000 0.000000 0.000001 0.000001 0.000003 0.000005 0.000008 0.000014 0.000025 0.000041 0.000069 0.000114 0.000184 0.000294 0.000464 0.000723 0.001109 0.001679 0.002507 0.003693 0.005363 0.007683 0.010855 0.015124 0.020780 0.028156 0.037621 0.049570 0.064404 0.082512 0.104236 0.129838 0.159467 0.193114 0.230582 0.271455 0.315084 0.360583 0.406847 0.452584 0.496371 0.536720 0.572166 0.601349 0.623103 0.636532 0.641072 0.636532 0.623103 0.601349 0.572166 0.536720 0.496371 0.452584 0.406847 0.360583 0.315084 0.271455 0.230582 0.193114 0.159467 0.129838 0.104236 0.082512 0.064404 0.049570 0.037621 0.028156 0.020780 0.015124 0.010855 0.007683 0.005363 0.003693 0.002507 0.001679 0.001109 0.000723 0.000464 0.000294 0.000184 0.000114 0.000069 0.000041 0.000025 0.000014 0.000008 0.000005 0.000003 0.000001 0.000001 0.000000 0.000000 0.000000 0.000000 0.000000 
0.000000 0.000000 0.000000 0.000000 0.000000 0.000001 0.000001 0.000002 0.000004 0.000007 0.000012 0.000022 0.000037 0.000062 0.000104 0.000170 0.000276 0.000440 0.000694 0.001080 0.001657 0.002507 0.003742 0.005509 0.007999 0.011454 0.016175 0.022529 0.030944 0.041914 0.055987 0.073747 0.095789 0.122688 0.154950 0.192964 0.236945 0.286880 0.342474 0.403110 0.467823 0.535300 0.603902 0.671714 0.736627 0.796439 0.848979 0.892232 0.924473 0.944375 0.951104 0.944375 0.924473 0.892232 0.848979 0.796439 0.736627 0.671714 0.603902 0.535300 0.467823 0.403110 0.342474 0.286880 0.236945 0.192964 0.154950 0.122688 0.095789 0.073747 0.055987 0.041914 0.030944 0.022529 0.016175 0.011454 0.007999 0.005509 0.003742 0.002507 0.001657 0.001080 0.000694 0.000440 0.000276 0.000170 0.000104 0.000062 0.000037 0.000022 0.000012 0.000007 0.000004 0.000002 0.000001 0.000001 0.000000 0.000000 0.000000 0.000000 
0.000000 0.000000 0.000000 0.000000 0.000001 0.000001 0.000002 0.000003 0.000006 0.000010 0.000018 0.000032 0.000055 0.000092 0.000153 0.000251 0.000407 0.000650 0.001024 0.001592 0.002441 0.003693 0.005509 0.008106 0.011765 0.016841 0.023776 0.033103 0.045452 0.061547 0.082187 0.108226 0.140536 0.179953 0.227218 0.282896 0.347300 0.420407 0.501784 0.590525 0.685218 0.783941 0.884296 0.983483 1.078420 1.165890 1.242718 1.305963 1.353104 1.382203 1.392041 1.382203 1.353104 1.305963 1.242718 1.165890 1.078420 0.983483 0.884296 0.783941 0.685218 0.590525 0.501784 0.420407 0.347300 0.282896 0.227218 0.179953 0.140536 0.108226 0.082187 0.061547 0.045452 0.033103 0.023776 0.016841 0.011765 0.008106 0.005509 0.003693 0.002441 0.001592 0.001024 0.000650 0.000407 0.000251 0.000153 0.000092 0.000055 0.000032 0.000018 0.000010 0.000006 0.000003 0.000002 0.000001 0.000001 0.000000 0.000000 0.000000 
0.000000 0.000000 0.000000 0.000000 0.000001 0.000001 0.000003 0.000005 0.000009 0.000015 0.000027 0.000047 0.000080 0.000134 0.000223 0.000366 0.000592 0.000946 0.001489 0.002314 0.003547 0.005363 0.007999 0.011765 0.017069 0.024425 0.034469 0.047975 0.065853 0.089144 0.119004 0.156664 0.203381 0.260360 0.328665 0.409112 0.502146 0.607732 0.725238 0.853357 0.990047 1.132534 1.277357 1.420480 1.557455 1.683646 1.794476 1.885707 1.953705 1.995676 2.009867 1.995676 1.953705 1.885707 1.794476 1.683646 1.557455 1.420480 1.277357 1.132534 0.990047 0.853357 0.725238 0.607732 0.502146 0.409112 0.328665 0.260360 0.203381 0.156664 0.119004 0.089144 0.065853 0.047975 0.034469 0.024425 0.017069 0.011765 0.007999 0.005363 0.003547 0.002314 0.001489 0.000946 0.000592 0.000366 0.000223 0.000134 0.000080 0.000047 0.000027 0.000015 0.000009 0.000005 0.000003 0.000001 0.000001 0.000000 0.000000 0.000000 
0.000000 0.000000 0.000000 0.000001 0.000001 0.000002 0.000004 0.000007 0.000012 0.000022 0.000039 0.000067 0.000114 0.000193 0.000320 0.000525 0.000850 0.001357 0.002136 0.003318 0.005084 0.007683 0.011454 0.016841 0.024425 0.034937 0.049289 0.068580 0.094106 0.127352 0.169962 0.223689 0.290319 0.371565 0.468940 0.583596 0.716166 0.866592 1.033971 1.216436 1.411079 1.613949 1.820120 2.023847 2.218805 2.398398 2.556119 2.685943 2.782699 2.842422 2.862613 2.842422 2.782699 2.685943 2.556119 2.398398 2.218805 2.023847 1.820120 1.613949 1.411079 1.216436 1.033971 0.866592 0.716166 0.583596 0.468940 0.371565 0.290319 0.223689 0.169962 0.127352 0.094106 0.068580 0.049289 0.034937 0.024425 0.016841 0.011454 0.007683 0.005084 0.003318 0.002136 0.001357 0.000850 0.000525 0.000320 0.000193 0.000114 0.000067 0.000039 0.000022 0.000012 0.000007 0.000004 0.000002 0.000001 0.000001 0.000000 0.000000 
0.000000 0.000000 0.000000 0.000001 0.000002 0.000003 0.000005 0.000010 0.000018 0.000031 0.000055 0.000095 0.000162 0.000273 0.000454 0.000744 0.001203 0.001920 0.003022 0.004691 0.007185 0.010855 0.016175 0.023776 0.034469 0.049289 0.069514 0.096690 0.132640 0.179449 0.239424 0.315028 0.408764 0.523037 0.659963 0.821155 1.007496 1.218896 1.454080 1.710421 1.983831 2.268759 2.558288 2.844355 3.118083 3.370218 3.591633 3.773873 3.909690 3.993520 4.021862 3.993520 3.909690 3.773873 3.591633 3.370218 3.118083 2.844355 2.558288 2.268759 1.983831 1.710421 1.454080 1.218896 1.007496 0.821155 0.659963 0.523037 0.408764 0.315028 0.239424 0.179449 0.132640 0.096690 0.069514 0.049289 0.034469 0.023776 0.016175 0.010855 0.007185 0.004691 0.003022 0.001920 0.001203 0.000744 0.000454 0.000273 0.000162 0.000095 0.000055 0.000031 0.000018 0.000010 0.000005 0.000003 0.000002 0.000001 0.000001 0.000001 
0.000000 0.000000 0.000001 0.000001 0.000002 0.000004 0.000008 0.000014 0.000025 0.000044 0.000077 0.000133 0.000227 0.000382 0.000634 0.001039 0.001680 0.002679 0.004215 0.006541 0.010014 0.015124 0.022529 0.033103 0.047975 0.068580 0.096690 0.134451 0.184389 0.249392 0.332657 0.437592 0.567665 0.726198 0.916117 1.139649 1.398006 1.691055 2.017021 2.372255 2.751090 3.145835 3.546908 3.943144 4.322257 4.671435 4.978051 5.230404 5.418468 5.534542 5.573785 5.534542 5.418468 5.230404 4.978051 4.671435 4.322257 3.943144 3.546908 3.145835 2.751090 2.372255 2.017021 1.691055 1.398006 1.139649 0.916117 0.726198 0.567665 0.437592 0.332657 0.249392 0.184389 0.134451 0.096690 0.068580 0.047975 0.033103 0.022529 0.015124 0.010014 0.006541 0.004215 0.002679 0.001680 0.001039 0.000634 0.000382 0.000227 0.000133 0.000077 0.000044 0.000025 0.000014 0.000008 0.000004 0.000002 0.000001 0.000001 0.000001 
0.000001 0.000001 0.000001 0.000002 0.000003 0.000006 0.000010 0.000019 0.000034 0.000061 0.000106 0.000184 0.000313 0.000526 0.000874 0.001431 0.002313 0.003687 0.005798 0.008994 0.013765 0.020780 0.030944 0.045452 0.065853 0.094106 0.132640 0.184389 0.252805 0.341838 0.455855 0.599511 0.777539 0.994472 1.254299 1.560053 1.913377 2.314076 2.759714 3.245293 3.763065 4.302515 4.850553 5.391929 5.909865 6.386870 6.805705 7.150402 7.407274 7.565814 7.619412 7.565814 7.407274 7.150402 6.805705 6.386870 5.909865 5.391929 4.850553 4.302515 3.763065 3.245293 2.759714 2.314076 1.913377 1.560053 1.254299 0.994472 0.777539 0.599511 0.455855 0.341838 0.252805 0.184389 0.132640 0.094106 0.065853 0.045452 0.030944 0.020780 0.013765 0.008994 0.005798 0.003687 0.002313 0.001431 0.000874 0.000526 0.000313 0.000184 0.000106 0.000061 0.000034 0.000019 0.000010 0.000006 0.000003 0.000002 0.000001 0.000001 
0.000001 0.000001 0.000001 0.000002 0.000004 0.000008 0.000014 0.000026 0.000047 0.000083 0.000145 0.000250 0.000425 0.000716 0.001187 0.001944 0.003139 0.005002 0.007864 0.012195 0.018657 0.028156 0.041914 0.061547 0.089144 0.127352 0.179449 0.249392 0.341838 0.462111 0.616098 0.810068 1.050395 1.343182 1.693790 2.106297 2.582899 3.123317 3.724253 4.378958 5.076979 5.804138 6.542797 7.272409 7.970372 8.613134 9.177479 9.641907 9.987991 10.201588 10.273799 10.201588 9.987991 9.641907 9.177479 8.613134 7.970372 7.272409 6.542797 5.804138 5.076979 4.378958 3.724253 3.123317 2.582899 2.106297 1.693790 1.343182 1.050395 0.810068 0.616098 0.462111 0.341838 0.249392 0.179449 0.127352 0.089144 0.061547 0.041914 0.028156 0.018657 0.012195 0.007864 0.005002 0.003139 0.001944 0.001187 0.000716 0.000425 0.000250 0.000145 0.000083 0.000047 0.000026 0.000014 0.000008 0.000004 0.000002 0.000002 0.000002 
0.000001 0.000001 0.000002 0.000003 0.000006 0.000010 0.000019 0.000035 0.000063 0.000111 0.000194 0.000335 0.000570 0.000959 0.001590 0.002603 0.004202 0.006693 0.010518 0.016306 0.024937 0.037621 0.055987 0.082187 0.119004 0.169962 0.239424 0.332657 0.455855 0.616098 0.821210 1.079524 1.399505 1.789255 2.255888 2.804805 3.438906 4.157801 4.957085 5.827769 6.755944 7.722759 8.704764 9.674655 10.602402 11.456717 12.206764 12.823988 13.283918 13.567772 13.663734 13.567772 13.283918 12.823988 12.206764 11.456717 10.602402 9.674655 8.704764 7.722759 6.755944 5.827769 4.957085 4.157801 3.438906 2.804805 2.255888 1.789255 1.399505 1.079524 0.821210 0.616098 0.455855 0.332657 0.239424 0.169962 0.119004 0.082187 0.055987 0.037621 0.024937 0.016306 0.010518 0.006693 0.004202 0.002603 0.001590 0.000959 0.000570 0.000335 0.000194 0.000111 0.000063 0.000035 0.000019 0.000010 0.000006 0.000003 0.000002 0.000002 
0.000002 0.000002 0.000002 0.000004 0.000007 0.000014 0.000025 0.000046 0.000083 0.000147 0.000257 0.000443 0.000754 0.001267 0.002100 0.003436 0.005546 0.008830 0.013872 0.021498 0.032867 0.049570 0.073747 0.108226 0.156664 0.223689 0.315028 0.437592 0.599511 0.810068 1.079524 1.418799 1.838985 2.350691 2.963228 3.683655 4.515751 5.458977 6.507533 7.649611 8.866958 10.134849 11.422537 12.694233 13.910581 15.030582 16.013836 16.822935 17.425823 17.797898 17.923683 17.797898 17.425823 16.822935 16.013836 15.030582 13.910581 12.694233 11.422537 10.134849 8.866958 7.649611 6.507533 5.458977 4.515751 3.683655 2.963228 2.350691 1.838985 1.418799 1.079524 0.810068 0.599511 0.437592 0.315028 0.223689 0.156664 0.108226 0.073747 0.049570 0.032867 0.021498 0.013872 0.008830 0.005546 0.003436 0.002100 0.001267 0.000754 0.000443 0.000257 0.000147 0.000083 0.000046 0.000025 0.000014 0.000008 0.000004 0.000003 0.000003 
0.000002 0.000002 0.000003 0.000005 0.000010 0.000018 0.000033 0.000060 0.000108 0.000191 0.000335 0.000577 0.000982 0.001650 0.002735 0.004473 0.007216 0.011487 0.018039 0.027948 0.042716 0.064404 0.095789 0.140536 0.203381 0.290319 0.408764 0.567665 0.777539 1.050395 1.399505 1.838985 2.383169 3.045762 3.838783 4.771334 5.848271 7.068867 8.425589 9.903140 11.477896 13.117870 14.783301 16.427915 18.000840 19.449086 20.720444 21.766576 22.546061 23.027114 23.189739 23.027114 22.546061 21.766576 20.720444 19.449086 18.000840 16.427915 14.783301 13.117870 11.477896 9.903140 8.425589 7.068867 5.848271 4.771334 3.838783 3.045762 2.383169 1.838985 1.399505 1.050395 0.777539 0.567665 0.408764 0.290319 0.203381 0.140536 0.095789 0.064404 0.042716 0.027948 0.018039 0.011487 0.007216 0.004473 0.002735 0.001650 0.000982 0.000577 0.000335 0.000191 0.000108 0.000060 0.000033 0.000018 0.000010 0.000006 0.000004 0.000004 
0.000003 0.000003 0.000004 0.000007 0.000012 0.000023 0.000043 0.000077 0.000139 0.000246 0.000430 0.000742 0.001262 0.002120 0.003512 0.005741 0.009259 0.014734 0.023131 0.035826 0.054741 0.082512 0.122688 0.179953 0.260360 0.371565 0.523037 0.726198 0.994472 1.343182 1.789255 2.350691 3.045762 3.891930 4.904496 6.095041 7.469722 9.027570 10.758943 12.644296 14.653473 16.745658 18.870138 20.967904 22.974093 24.821155 26.442539 27.776639 28.770664 29.384106 29.591485 29.384106 28.770664 27.776639 26.442539 24.821155 22.974093 20.967904 18.870138 16.745658 14.653473 12.644296 10.758943 9.027570 7.469722 6.095041 4.904496 3.891930 3.045762 2.350691 1.789255 1.343182 0.994472 0.726198 0.523037 0.371565 0.260360 0.179953 0.122688 0.082512 0.054741 0.035826 0.023131 0.014734 0.009259 0.005741 0.003512 0.002120 0.001262 0.000742 0.000430 0.000246 0.000139 0.000078 0.000043 0.000023 0.000013 0.000007 0.000005 0.000005 
0.000003 0.000003 0.000005 0.000009 0.000016 0.000029 0.000054 0.000098 0.000176 0.000312 0.000545 0.000940 0.001599 0.002684 0.004445 0.007264 0.011713 0.018633 0.029245 0.045283 0.069171 0.104236 0.154950 0.227218 0.328665 0.468940 0.659963 0.916117 1.254299 1.693790 2.255888 2.963228 3.838783 4.904496 6.179589 7.678589 9.409199 11.370156 13.549284 15.921959 18.450212 21.082684 23.755573 26.394662 28.918384 31.241804 33.281252 34.959281 36.209530 36.981082 37.241909 36.981082 36.209530 34.959281 33.281252 31.241804 28.918384 26.394662 23.755573 21.082684 18.450212 15.921959 13.549284 11.370156 9.409199 7.678589 6.179589 4.904496 3.838783 2.963228 2.255888 1.693790 1.254299 0.916117 0.659963 0.468940 0.328665 0.227218 0.154950 0.104236 0.069171 0.045283 0.029245 0.018633 0.011713 0.007264 0.004445 0.002684 0.001599 0.000940 0.000545 0.000312 0.000176 0.000098 0.000054 0.000030 0.000016 0.000009 0.000007 0.000007 
0.000004 0.000004 0.000006 0.000011 0.000020 0.000037 0.000068 0.000123 0.000220 0.000390 0.000681 0.001174 0.001997 0.003350 0.005547 0.009063 0.014609 0.023234 0.036456 0.056433 0.086183 0.129838 0.192964 0.282896 0.409112 0.583596 0.821155 1.139649 1.560053 2.106297 2.804805 3.683655 4.771334 6.095041 7.678589 9.539958 11.688655 14.123060 16.828014 19.772919 22.910632 26.177411 29.494095 32.768615 35.899805 38.782333 41.312448 43.394120 44.945072 45.902177 46.225729 45.902177 44.945072 43.394120 41.312448 38.782333 35.899805 32.768615 29.494095 26.177411 22.910632 19.772919 16.828014 14.123060 11.688655 9.539958 7.678589 6.095041 4.771334 3.683655 2.804805 2.106297 1.560053 1.139649 0.821155 0.583596 0.409112 0.282896 0.192964 0.129838 0.086183 0.056433 0.036456 0.023234 0.014609 0.009063 0.005547 0.003350 0.001997 0.001174 0.000681 0.000390 0.000220 0.000123 0.000068 0.000037 0.000020 0.000012 0.000008 0.000008 
0.000005 0.000005 0.000008 0.000013 0.000025 0.000045 0.000083 0.000152 0.000272 0.000481 0.000839 0.001446 0.002458 0.004123 0.006825 0.011148 0.017965 0.028564 0.044807 0.069344 0.105874 0.159467 0.236945 0.347300 0.502146 0.716166 1.007496 1.398006 1.913377 2.582899 3.438906 4.515751 5.848271 7.469722 9.409199 11.688655 14.319664 17.300185 20.611608 24.216439 28.056951 32.055121 36.114079 40.121184 43.952681 47.479734 50.575452 53.122397 55.019957 56.190938 56.586788 56.190938 55.019957 53.122397 50.575452 47.479734 43.952681 40.121184 36.114079 32.055121 28.056951 24.216439 20.611608 17.300185 14.319664 11.688655 9.409199 7.469722 5.848271 4.515751 3.438906 2.582899 1.913377 1.398006 1.007496 0.716166 0.502146 0.347300 0.236945 0.159467 0.105874 0.069344 0.044807 0.028564 0.017965 0.011148 0.006825 0.004123 0.002458 0.001446 0.000839 0.000481 0.000272 0.000152 0.000084 0.000046 0.000025 0.000015 0.000010 0.000010 
0.000006 0.000006 0.000009 0.000016 0.000030 0.000055 0.000102 0.000184 0.000330 0.000584 0.001019 0.001755 0.002983 0.005003 0.008279 0.013519 0.021780 0.034622 0.054297 0.084012 0.128240 0.193114 0.286880 0.420407 0.607732 0.866592 1.218896 1.691055 2.314076 3.123317 4.157801 5.458977 7.068867 9.027570 11.370156 14.123060 17.300185 20.898999 24.896976 29.248810 33.884787 38.710722 43.609705 48.445818 53.069755 57.326092 61.061771 64.135142 66.424854 67.837812 68.315459 67.837812 66.424854 64.135142 61.061771 57.326092 53.069755 48.445818 43.609705 38.710722 33.884787 29.248810 24.896976 20.898999 17.300185 14.123060 11.370156 9.027570 7.068867 5.458977 4.157801 3.123317 2.314076 1.691055 1.218896 0.866592 0.607732 0.420407 0.286880 0.193114 0.128240 0.084012 0.054297 0.034622 0.021780 0.013519 0.008279 0.005003 0.002983 0.001755 0.001019 0.000584 0.000330 0.000184 0.000102 0.000056 0.000031 0.000018 0.000012 0.000012 
0.000008 0.000008 0.000011 0.000019 0.000036 0.000066 0.000122 0.000221 0.000395 0.000699 0.001220 0.002100 0.003569 0.005984 0.009901 0.016163 0.026034 0.041373 0.064872 0.100352 0.153151 0.230582 0.342474 0.501784 0.725238 1.033971 1.454080 2.017021 2.759714 3.724253 4.957085 6.507533 8.425589 10.758943 13.549284 16.828014 20.611608 24.896976 29.657237 34.838397 40.357437 46.102225 51.933611 57.689848 63.193275 68.258977 72.704862 76.362425 79.087315 80.768793 81.337208 80.768793 79.087315 76.362425 72.704862 68.258977 63.193275 57.689848 51.933611 46.102225 40.357437 34.838397 29.657237 24.896976 20.611608 16.828014 13.549284 10.758943 8.425589 6.507533 4.957085 3.724253 2.759714 2.017021 1.454080 1.033971 0.725238 0.501784 0.342474 0.230582 0.153151 0.100352 0.064872 0.041373 0.026034 0.016163 0.009901 0.005984 0.003569 0.002100 0.001220 0.000699 0.000395 0.000221 0.000122 0.000067 0.000037 0.000021 0.000015 0.000015 
0.000009 0.000009 0.000013 0.000023 0.000042 0.000078 0.000144 0.000261 0.000467 0.000825 0.001439 0.002478 0.004209 0.007056 0.011672 0.019050 0.030678 0.048745 0.076414 0.118185 0.180332 0.271455 0.403110 0.590525 0.853357 1.216436 1.710421 2.372255 3.245293 4.378958 5.827769 7.649611 9.903140 12.644296 15.921959 19.772919 24.216439 29.248810 34.838397 40.921755 47.401380 54.145621 60.991139 67.748099 74.208013 80.153903 85.372115 89.664952 92.863061 94.836529 95.503646 94.836529 92.863061 89.664952 85.372115 80.153903 74.208013 67.748099 60.991139 54.145621 47.401380 40.921755 34.838397 29.248810 24.216439 19.772919 15.921959 12.644296 9.903140 7.649611 5.827769 4.378958 3.245293 2.372255 1.710421 1.216436 0.853357 0.590525 0.403110 0.271455 0.180332 0.118185 0.076414 0.048745 0.030678 0.019050 0.011672 0.007056 0.004209 0.002478 0.001439 0.000825 0.000467 0.000261 0.000144 0.000079 0.000043 0.000025 0.000018 0.000018 
0.000011 0.000011 0.000015 0.000027 0.000049 0.000091 0.000167 0.000303 0.000543 0.000960 0.001674 0.002882 0.004894 0.008203 0.013565 0.022136 0.035641 0.056619 0.088742 0.137226 0.209350 0.315084 0.467823 0.685218 0.990047 1.411079 1.983831 2.751090 3.763065 5.076979 6.755944 8.866958 11.477896 14.653473 18.450212 22.910632 28.056951 33.884787 40.357437 47.401380 54.903689 62.711930 70.637018 78.459221 85.937249 92.820001 98.860247 103.829227 107.530991 109.815224 110.587389 109.815224 107.530991 103.829227 98.860247 92.820001 85.937249 78.459221 70.637018 62.711930 54.903689 47.401380 40.357437 33.884787 28.056951 22.910632 18.450212 14.653473 11.477896 8.866958 6.755944 5.076979 3.763065 2.751090 1.983831 1.411079 0.990047 0.685218 0.467823 0.315084 0.209350 0.137226 0.088742 0.056619 0.035641 0.022136 0.013565 0.008203 0.004894 0.002882 0.001674 0.000960 0.000543 0.000304 0.000168 0.000092 0.000051 0.000029 0.000021 0.000021 
0.000012 0.000012 0.000018 0.000031 0.000057 0.000105 0.000192 0.000348 0.000623 0.001101 0.001920 0.003304 0.005610 0.009400 0.015542 0.025357 0.040820 0.064836 0.101604 0.157091 0.239618 0.360583 0.535300 0.783941 1.132534 1.613949 2.268759 3.145835 4.302515 5.804138 7.722759 10.134849 13.117870 16.745658 21.082684 26.177411 32.055121 38.710722 46.102225 54.145621 62.711930 71.627098 80.675252 89.605571 98.142648 105.999900 112.895180 118.567430 122.793048 125.400506 126.281929 125.400506 122.793048 118.567430 112.895180 105.999900 98.142648 89.605571 80.675252 71.627098 62.711930 54.145621 46.102225 38.710722 32.055121 26.177411 21.082684 16.745658 13.117870 10.134849 7.722759 5.804138 4.302515 3.145835 2.268759 1.613949 1.132534 0.783941 0.535300 0.360583 0.239618 0.157091 0.101604 0.064836 0.040820 0.025357 0.015542 0.009400 0.005610 0.003304 0.001920 0.001101 0.000623 0.000348 0.000192 0.000105 0.000058 0.000034 0.000024 0.000024 
0.000014 0.000014 0.000020 0.000035 0.000064 0.000118 0.000217 0.000394 0.000705 0.001245 0.002170 0.003733 0.006338 0.010619 0.017555 0.028636 0.046091 0.073196 0.114688 0.177295 0.270398 0.406847 0.603902 0.884296 1.277357 1.820120 2.558288 3.546908 4.850553 6.542797 8.704764 11.422537 14.783301 18.870138 23.755573 29.494095 36.114079 43.609705 51.933611 60.991139 70.637018 80.675252 90.862801 100.917300 110.528742 119.374559 127.137191 133.522831 138.279830 141.215156 142.207406 141.215156 138.279830 133.522831 127.137191 119.374559 110.528742 100.917300 90.862801 80.675252 70.637018 60.991139 51.933611 43.609705 36.114079 29.494095 23.755573 18.870138 14.783301 11.422537 8.704764 6.542797 4.850553 3.546908 2.558288 1.820120 1.277357 0.884296 0.603902 0.406847 0.270398 0.177295 0.114688 0.073196 0.046091 0.028636 0.017555 0.010619 0.006338 0.003733 0.002170 0.001245 0.000705 0.000394 0.000218 0.000119 0.000066 0.000038 0.000027 0.000027 
