0.000000 0.000000 0.000000 0.000000 0.000000 0.000000 0.000000 0.000000 0.000000 0.000000 0.000000 0.000001 0.000001 0.000001 0.000002 0.000003 0.000004 0.000006 0.000008 0.000011 0.000015 0.000020 0.000027 0.000036 0.000048 0.000062 0.000080 0.000102 0.000128 0.000160 0.000198 0.000242 0.000293 0.000351 0.000416 0.000488 0.000567 0.000652 0.000742 0.000835 0.000931 0.001027 0.001121 0.001211 0.001296 0.001371 0.001437 0.001490 0.001529 0.001553 0.001561 0.001553 0.001529 0.001490 0.001437 0.001371 0.001296 0.001211 0.001121 0.001027 0.000931 0.000835 0.000742 0.000652 0.000567 0.000488 0.000416 0.000351 0.000293 0.000242 0.000198 0.000160 0.000128 0.000102 0.000080 0.000062 0.000048 0.000036 0.000027 0.000020 0.000015 0.000011 0.000008 0.000006 0.000004 0.000003 0.000002 0.000001 0.000001 0.000001 0.000000 0.000000 0.000000 0.000000 0.000000 0.000000 0.000000 0.000000 0.000000 0.000000 
0.000000 0.000000 0.000000 0.000000 0.000000 0.000000 0.000000 0.000000 0.000000 0.000000 0.000000 0.000001 0.000001 0.000001 0.000002 0.000003 0.000004 0.000006 0.000008 0.000011 0.000015 0.000020 0.000027 0.000036 0.000048 0.000062 0.000080 0.000102 0.000128 0.000160 0.000198 0.000242 0.000293 0.000351 0.000416 0.000488 0.000567 0.000652 0.000742 0.000835 0.000931 0.001027 0.001121 0.001211 0.001296 0.001371 0.001437 0.001490 0.001529 0.001553 0.001561 0.001553 0.001529 0.001490 0.001437 0.001371 0.001296 0.001211 0.001121 0.001027 0.000931 0.000835 0.000742 0.000652 0.000567 0.000488 0.000416 0.000351 0.000293 0.000242 0.000198 0.000160 0.000128 0.000102 0.000080 0.000062 0.000048 0.000036 0.000027 0.000020 0.000015 0.000011 0.000008 0.000006 0.000004 0.000003 0.000002 0.000001 0.000001 0.000001 0.000000 0.000000 0.000000 0.000000 0.000000 0.000000 0.000000 0.000000 0.000000 0.000000 
0.000000 0.000000 0.000000 0.000000 0.000000 0.000000 0.000000 0.000000 0.000000 0.000000 0.000001 0.000001 0.000001 0.000002 0.000002 0.000004 0.000005 0.000007 0.000010 0.000014 0.000019 0.000025 0.000034 0.000045 0.000059 0.000077 0.000099 0.000126 0.000159 0.000198 0.000245 0.000299 0.000362 0.000434 0.000514 0.000603 0.000701 0.000805 0.000916 0.001032 0.001150 0.001268 0.001384 0.001496 0.001600 0.001693 0.001774 0.001839 0.001887 0.001917 0.001927 0.001917 0.001887 0.001839 0.001774 0.001693 0.001600 0.001496 0.001384 0.001268 0.001150 0.001032 0.000916 0.000805 0.000701 0.000603 0.000514 0.000434 0.000362 0.000299 0.000245 0.000198 0.000159 0.000126 0.000099 0.000077 0.000059 0.000045 0.000034 0.000025 0.000019 0.000014 0.000010 0.000007 0.000005 0.000004 0.000002 0.000002 0.000001 0.000001 0.000001 0.000000 0.000000 0.000000 0.000000 0.000000 0.000000 0.000000 0.000000 0.000000 
0.000000 0.000000 0.000000 0.000000 0.000000 0.000000 0.000000 0.000000 0.000000 0.000000 0.000001 0.000001 0.000002 0.000002 0.000004 0.000005 0.000007 0.000010 0.000014 0.000019 0.000027 0.000036 0.000048 0.000064 0.000084 0.000109 0.000141 0.000179 0.000226 0.000281 0.000348 0.000425 0.000514 0.000615 0.000729 0.000856 0.000994 0.001142 0.001299 0.001463 0.001630 0.001798 0.001962 0.002120 0.002267 0.002400 0.002514 0.002606 0.002674 0.002716 0.002730 0.002716 0.002674 0.002606 0.002514 0.002400 0.002267 0.002120 0.001962 0.001798 0.001630 0.001463 0.001299 0.001142 0.000994 0.000856 0.000729 0.000615 0.000514 0.000425 0.000348 0.000281 0.000226 0.000179 0.000141 0.000109 0.000084 0.000064 0.000048 0.000036 0.000027 0.000019 0.000014 0.000010 0.000007 0.000005 0.000004 0.000002 0.000002 0.000001 0.000001 0.000000 0.000000 0.000000 0.000000 0.000000 0.000000 0.000000 0.000000 0.000000 
0.000000 0.000000 0.000000 0.000000 0.000000 0.000000 0.000000 0.000000 0.000000 0.000001 0.000001 0.000002 0.000003 0.000004 0.000005 0.000008 0.000011 0.000015 0.000021 0.000030 0.000040 0.000055 0.000073 0.000097 0.000127 0.000166 0.000213 0.000271 0.000342 0.000426 0.000526 0.000643 0.000777 0.000931 0.001103 0.001294 0.001502 0.001726 0.001963 0.002210 0.002462 0.002715 0.002964 0.003202 0.003424 0.003624 0.003796 0.003935 0.004038 0.004101 0.004122 0.004101 0.004038 0.003935 0.003796 0.003624 0.003424 0.003202 0.002964 0.002715 0.002462 0.002210 0.001963 0.001726 0.001502 0.001294 0.001103 0.000931 0.000777 0.000643 0.000526 0.000426 0.000342 0.000271 0.000213 0.000166 0.000127 0.000097 0.000073 0.000055 0.000040 0.000030 0.000021 0.000015 0.000011 0.000008 0.000005 0.000004 0.000003 0.000002 0.000001 0.000001 0.000000 0.000000 0.000000 0.000000 0.000000 0.000000 0.000000 0.000000 
0.000000 0.000000 0.000000 0.000000 0.000000 0.000000 0.000000 0.000000 0.000001 0.000001 0.000002 0.000003 0.000004 0.000006 0.000008 0.000012 0.000017 0.000024 0.000033 0.000046 0.000063 0.000085 0.000113 0.000150 0.000197 0.000256 0.000329 0.000419 0.000528 0.000659 0.000813 0.000993 0.001201 0.001438 0.001703 0.001998 0.002319 0.002664 0.003030 0.003410 0.003800 0.004190 0.004573 0.004940 0.005282 0.005590 0.005855 0.006070 0.006228 0.006325 0.006358 0.006325 0.006228 0.006070 0.005855 0.005590 0.005282 0.004940 0.004573 0.004190 0.003800 0.003410 0.003030 0.002664 0.002319 0.001998 0.001703 0.001438 0.001201 0.000993 0.000813 0.000659 0.000528 0.000419 0.000329 0.000256 0.000197 0.000150 0.000113 0.000085 0.000063 0.000046 0.000033 0.000024 0.000017 0.000012 0.000008 0.000006 0.000004 0.000003 0.000002 0.000001 0.000001 0.000000 0.000000 0.000000 0.000000 0.000000 0.000000 0.000000 
0.000000 0.000000 0.000000 0.000000 0.000000 0.000000 0.000000 0.000001 0.000001 0.000002 0.000003 0.000004 0.000006 0.000009 0.000013 0.000018 0.000026 0.000037 0.000052 0.000071 0.000097 0.000132 0.000176 0.000233 0.000306 0.000397 0.000511 0.000650 0.000818 0.001020 0.001259 0.001538 0.001860 0.002226 0.002637 0.003092 0.003589 0.004123 0.004688 0.005276 0.005878 0.006481 0.007073 0.007640 0.008169 0.008644 0.009054 0.009386 0.009630 0.009780 0.009830 0.009780 0.009630 0.009386 0.009054 0.008644 0.008169 0.007640 0.007073 0.006481 0.005878 0.005276 0.004688 0.004123 0.003589 0.003092 0.002637 0.002226 0.001860 0.001538 0.001259 0.001020 0.000818 0.000650 0.000511 0.000397 0.000306 0.000233 0.000176 0.000132 0.000097 0.000071 0.000052 0.000037 0.000026 0.000018 0.000013 0.000009 0.000006 0.000004 0.000003 0.000002 0.000001 0.000001 0.000001 0.000000 0.000000 0.000000 0.000000 0.000000 
0.000000 0.000000 0.000000 0.000000 0.000000 0.000000 0.000001 0.000001 0.000002 0.000003 0.000004 0.000006 0.000009 0.000014 0.000020 0.000029 0.000041 0.000057 0.000080 0.000110 0.000150 0.000203 0.000272 0.000360 0.000472 0.000613 0.000788 0.001002 0.001262 0.001573 0.001941 0.002370 0.002865 0.003429 0.004061 0.004762 0.005526 0.006347 0.007217 0.008122 0.009047 0.009974 0.010884 0.011756 0.012568 0.013299 0.013929 0.014439 0.014815 0.015045 0.015123 0.015045 0.014815 0.014439 0.013929 0.013299 0.012568 0.011756 0.010884 0.009974 0.009047 0.008122 0.007217 0.006347 0.005526 0.004762 0.004061 0.003429 0.002865 0.002370 0.001941 0.001573 0.001262 0.001002 0.000788 0.000613 0.000472 0.000360 0.000272 0.000203 0.000150 0.000110 0.000080 0.000057 0.000041 0.000029 0.000020 0.000014 0.000009 0.000006 0.000004 0.000003 0.000002 0.000001 0.000001 0.000001 0.000000 0.000000 0.000000 0.000000 
0.000000 0.000000 0.000000 0.000000 0.000000 0.000001 0.000001 0.000002 0.000003 0.000004 0.000007 0.000010 0.000014 0.000021 0.000031 0.000044 0.000062 0.000088 0.000122 0.000169 0.000230 0.000311 0.000416 0.000551 0.000723 0.000938 0.001205 0.001533 0.001930 0.002405 0.002967 0.003623 0.004379 0.005240 0.006205 0.007274 0.008441 0.009694 0.011021 0.012401 0.013812 0.015227 0.016616 0.017946 0.019184 0.020299 0.021259 0.022037 0.022610 0.022961 0.023080 0.022961 0.022610 0.022037 0.021259 0.020299 0.019184 0.017946 0.016616 0.015227 0.013812 0.012401 0.011021 0.009694 0.008441 0.007274 0.006205 0.005240 0.004379 0.003623 0.002967 0.002405 0.001930 0.001533 0.001205 0.000938 0.000723 0.000551 0.000416 0.000311 0.000230 0.000169 0.000122 0.000088 0.000062 0.000044 0.000031 0.000021 0.000014 0.000010 0.000007 0.000004 0.000003 0.000002 0.000001 0.000001 0.000001 0.000000 0.000000 0.000000 
0.000000 0.000000 0.000000 0.000000 0.000001 0.000001 0.000002 0.000003 0.000004 0.000007 0.000010 0.000015 0.000022 0.000032 0.000046 0.000067 0.000095 0.000133 0.000186 0.000256 0.000349 0.000472 0.000632 0.000836 0.001096 0.001422 0.001827 0.002323 0.002925 0.003644 0.004495 0.005487 0.006632 0.007934 0.009394 0.011011 0.012775 0.014671 0.016677 0.018764 0.020898 0.023036 0.025135 0.027145 0.029017 0.030702 0.032153 0.033328 0.034195 0.034725 0.034904 0.034725 0.034195 0.033328 0.032153 0.030702 0.029017 0.027145 0.025135 0.023036 0.020898 0.018764 0.016677 0.014671 0.012775 0.011011 0.009394 0.007934 0.006632 0.005487 0.004495 0.003644 0.002925 0.002323 0.001827 0.001422 0.001096 0.000836 0.000632 0.000472 0.000349 0.000256 0.000186 0.000133 0.000095 0.000067 0.000046 0.000032 0.000022 0.000015 0.000010 0.000007 0.000004 0.000003 0.000002 0.000001 0.000001 0.000001 0.000000 0.000000 
0.000000 0.000000 0.000001 0.000001 0.000001 0.000002 0.000003 0.000004 0.000007 0.000010 0.000015 0.000022 0.000033 0.000048 0.000070 0.000100 0.000143 0.000201 0.000279 0.000385 0.000525 0.000710 0.000949 0.001256 0.001647 0.002136 0.002744 0.003488 0.004390 0.005469 0.006744 0.008232 0.009948 0.011899 0.014088 0.016510 0.019153 0.021993 0.024997 0.028123 0.031317 0.034520 0.037662 0.040671 0.043474 0.045996 0.048168 0.049928 0.051224 0.052018 0.052286 0.052018 0.051224 0.049928 0.048168 0.045996 0.043474 0.040671 0.037662 0.034520 0.031317 0.028123 0.024997 0.021993 0.019153 0.016510 0.014088 0.011899 0.009948 0.008232 0.006744 0.005469 0.004390 0.003488 0.002744 0.002136 0.001647 0.001256 0.000949 0.000710 0.000525 0.000385 0.000279 0.000201 0.000143 0.000100 0.000070 0.000048 0.000033 0.000022 0.000015 0.000010 0.000007 0.000004 0.000003 0.000002 0.000001 0.000001 0.000001 0.000001 
0.000001 0.000001 0.000001 0.000001 0.000002 0.000003 0.000004 0.000006 0.000010 0.000015 0.000022 0.000033 0.000049 0.000072 0.000104 0.000150 0.000213 0.000299 0.000416 0.000573 0.000782 0.001056 0.001412 0.001869 0.002449 0.003177 0.004080 0.005186 0.006525 0.008127 0.010021 0.012231 0.014777 0.017672 0.020921 0.024516 0.028437 0.032649 0.037106 0.041742 0.046479 0.051228 0.055887 0.060350 0.064505 0.068244 0.071464 0.074073 0.075995 0.077172 0.077568 0.077172 0.075995 0.074073 0.071464 0.068244 0.064505 0.060350 0.055887 0.051228 0.046479 0.041742 0.037106 0.032649 0.028437 0.024516 0.020921 0.017672 0.014777 0.012231 0.010021 0.008127 0.006525 0.005186 0.004080 0.003177 0.002449 0.001869 0.001412 0.001056 0.000782 0.000573 0.000416 0.000299 0.000213 0.000150 0.000104 0.000072 0.000049 0.000033 0.000022 0.000015 0.000010 0.000006 0.000004 0.000003 0.000002 0.000001 0.000001 0.000001 
0.000001 0.000001 0.000001 0.000002 0.000003 0.000004 0.000006 0.000009 0.000014 0.000022 0.000033 0.000049 0.000073 0.000106 0.000154 0.000221 0.000314 0.000441 0.000614 0.000846 0.001153 0.001557 0.002081 0.002754 0.003608 0.004679 0.006007 0.007634 0.009604 0.011961 0.014745 0.017994 0.021737 0.025993 0.030767 0.036049 0.041809 0.047998 0.054544 0.061353 0.068311 0.075285 0.082127 0.088679 0.094780 0.100269 0.104996 0.108827 0.111648 0.113376 0.113958 0.113376 0.111648 0.108827 0.104996 0.100269 0.094780 0.088679 0.082127 0.075285 0.068311 0.061353 0.054544 0.047998 0.041809 0.036049 0.030767 0.025993 0.021737 0.017994 0.014745 0.011961 0.009604 0.007634 0.006007 0.004679 0.003608 0.002754 0.002081 0.001557 0.001153 0.000846 0.000614 0.000441 0.000314 0.000221 0.000154 0.000106 0.000073 0.000049 0.000033 0.000022 0.000014 0.000009 0.000006 0.000004 0.000003 0.000002 0.000002 0.000002 
0.000001 0.000001 0.000002 0.000002 0.000004 0.000006 0.000009 0.000014 0.000021 0.000032 0.000048 0.000072 0.000106 0.000156 0.000225 0.000323 0.000459 0.000644 0.000896 0.001235 0.001683 0.002273 0.003037 0.004018 0.005263 0.006823 0.008758 0.011128 0.013998 0.017430 0.021484 0.026214 0.031662 0.037856 0.044803 0.052489 0.060870 0.069873 0.079395 0.089298 0.099418 0.109559 0.119508 0.129035 0.137906 0.145886 0.152759 0.158328 0.162430 0.164941 0.165787 0.164941 0.162430 0.158328 0.152759 0.145886 0.137906 0.129035 0.119508 0.109559 0.099418 0.089298 0.079395 0.069873 0.060870 0.052489 0.044803 0.037856 0.031662 0.026214 0.021484 0.017430 0.013998 0.011128 0.008758 0.006823 0.005263 0.004018 0.003037 0.002273 0.001683 0.001235 0.000896 0.000644 0.000459 0.000323 0.000225 0.000156 0.000106 0.000072 0.000048 0.000032 0.000021 0.000014 0.000009 0.000006 0.000004 0.000003 0.000002 0.000002 
0.000002 0.000002 0.000002 0.000004 0.000005 0.000008 0.000013 0.000020 0.000031 0.000046 0.000070 0.000104 0.000154 0.000225 0.000326 0.000468 0.000663 0.000932 0.001296 0.001785 0.002433 0.003284 0.004388 0.005804 0.007600 0.009853 0.012644 0.016063 0.020202 0.025150 0.030996 0.037814 0.045667 0.054594 0.064605 0.075679 0.087753 0.100723 0.114437 0.128701 0.143274 0.157878 0.172204 0.185922 0.198693 0.210183 0.220077 0.228094 0.233999 0.237615 0.238833 0.237615 0.233999 0.228094 0.220077 0.210183 0.198693 0.185922 0.172204 0.157878 0.143274 0.128701 0.114437 0.100723 0.087753 0.075679 0.064605 0.054594 0.045667 0.037814 0.030996 0.025150 0.020202 0.016063 0.012644 0.009853 0.007600 0.005804 0.004388 0.003284 0.002433 0.001785 0.001296 0.000932 0.000663 0.000468 0.000326 0.000225 0.000154 0.000104 0.000070 0.000047 0.000031 0.000020 0.000013 0.000008 0.000006 0.000004 0.000003 0.000003 
0.000003 0.000003 0.000004 0.000005 0.000008 0.000012 0.000018 0.000029 0.000044 0.000067 0.000100 0.000150 0.000221 0.000323 0.000468 0.000670 0.000950 0.001335 0.001856 0.002555 0.003482 0.004699 0.006277 0.008301 0.010868 0.014086 0.018074 0.022958 0.028868 0.035934 0.044279 0.054013 0.065221 0.077959 0.092244 0.108043 0.125268 0.143768 0.163330 0.183672 0.204454 0.225279 0.245706 0.265265 0.283472 0.299853 0.313959 0.325387 0.333805 0.338959 0.340695 0.338959 0.333805 0.325387 0.313959 0.299853 0.283472 0.265265 0.245706 0.225279 0.204454 0.183672 0.163330 0.143768 0.125268 0.108043 0.092244 0.077959 0.065221 0.054013 0.044279 0.035934 0.028868 0.022958 0.018074 0.014086 0.010868 0.008301 0.006277 0.004699 0.003482 0.002555 0.001856 0.001335 0.000950 0.000670 0.000468 0.000323 0.000221 0.000150 0.000100 0.000067 0.000044 0.000029 0.000019 0.000012 0.000008 0.000006 0.000005 0.000005 
0.000004 0.000004 0.000005 0.000007 0.000011 0.000017 0.000026 0.000041 0.000062 0.000095 0.000143 0.000213 0.000314 0.000459 0.000663 0.000950 0.001348 0.001893 0.002631 0.003621 0.004934 0.006657 0.008891 0.011756 0.015388 0.019941 0.025582 0.032488 0.040846 0.050836 0.062633 0.076391 0.092230 0.110231 0.130414 0.152734 0.177065 0.203196 0.230823 0.259551 0.288896 0.318301 0.347142 0.374756 0.400461 0.423586 0.443497 0.459630 0.471512 0.478788 0.481238 0.478788 0.471512 0.459630 0.443497 0.423586 0.400461 0.374756 0.347142 0.318301 0.288896 0.259551 0.230823 0.203196 0.177065 0.152734 0.130414 0.110231 0.092230 0.076391 0.062633 0.050836 0.040846 0.032488 0.025582 0.019941 0.015388 0.011756 0.008891 0.006657 0.004934 0.003621 0.002631 0.001893 0.001348 0.000950 0.000663 0.000459 0.000314 0.000213 0.000143 0.000095 0.000062 0.000041 0.000027 0.000017 0.000012 0.000008 0.000007 0.000007 
0.000006 0.000006 0.000007 0.000010 0.000015 0.000024 0.000037 0.000057 0.000088 0.000133 0.000201 0.000299 0.000441 0.000644 0.000932 0.001335 0.001893 0.002657 0.003693 0.005081 0.006923 0.009337 0.012468 0.016483 0.021572 0.027950 0.035850 0.045522 0.057223 0.071209 0.087722 0.106976 0.129141 0.154327 0.182564 0.213786 0.247819 0.284365 0.323001 0.363172 0.404205 0.445317 0.485638 0.524242 0.560176 0.592501 0.620334 0.642884 0.659492 0.669662 0.673087 0.669662 0.659492 0.642884 0.620334 0.592501 0.560176 0.524242 0.485638 0.445317 0.404205 0.363172 0.323001 0.284365 0.247819 0.213786 0.182564 0.154327 0.129141 0.106976 0.087722 0.071209 0.057223 0.045522 0.035850 0.027950 0.021572 0.016483 0.012468 0.009337 0.006923 0.005081 0.003693 0.002657 0.001893 0.001335 0.000932 0.000644 0.000441 0.000299 0.000201 0.000133 0.000088 0.000057 0.000037 0.000024 0.000016 0.000011 0.000009 0.000009 
0.000008 0.000008 0.000010 0.000014 0.000021 0.000033 0.000052 0.000080 0.000122 0.000186 0.000279 0.000416 0.000614 0.000896 0.001296 0.001856 0.002631 0.003693 0.005131 0.007060 0.009616 0.012967 0.017312 0.022882 0.029942 0.038788 0.049744 0.063155 0.079376 0.098762 0.121648 0.148329 0.179041 0.213934 0.253049 0.296296 0.343430 0.394042 0.447541 0.503163 0.559974 0.616890 0.672709 0.726147 0.775887 0.820630 0.859154 0.890364 0.913350 0.927426 0.932166 0.927426 0.913350 0.890364 0.859154 0.820630 0.775887 0.726147 0.672709 0.616890 0.559974 0.503163 0.447541 0.394042 0.343430 0.296296 0.253049 0.213934 0.179041 0.148329 0.121648 0.098762 0.079376 0.063155 0.049744 0.038788 0.029942 0.022882 0.017312 0.012967 0.009616 0.007060 0.005131 0.003693 0.002631 0.001856 0.001296 0.000896 0.000614 0.000416 0.000279 0.000186 0.000122 0.000080 0.000052 0.000034 0.000023 0.000016 0.000013 0.000013 
0.000011 0.000011 0.000014 0.000019 0.000030 0.000046 0.000071 0.000110 0.000169 0.000256 0.000385 0.000573 0.000846 0.001235 0.001785 0.002555 0.003621 0.005081 0.007060 0.009711 0.013224 0.017830 0.023800 0.031451 0.041148 0.053296 0.068339 0.086750 0.109017 0.135623 0.167028 0.203637 0.245771 0.293637 0.347288 0.406600 0.471238 0.540637 0.613991 0.690249 0.768131 0.846153 0.922666 0.995912 1.064086 1.125409 1.178206 1.220980 1.252481 1.271771 1.278267 1.271771 1.252481 1.220980 1.178206 1.125409 1.064086 0.995912 0.922666 0.846153 0.768131 0.690249 0.613991 0.540637 0.471238 0.406600 0.347288 0.293637 0.245771 0.203637 0.167028 0.135623 0.109017 0.086750 0.068339 0.053296 0.041148 0.031451 0.023800 0.017830 0.013224 0.009711 0.007060 0.005081 0.003621 0.002555 0.001785 0.001235 0.000846 0.000573 0.000385 0.000256 0.000169 0.000110 0.000072 0.000047 0.000031 0.000022 0.000018 0.000018 
0.000015 0.000015 0.000019 0.000027 0.000040 0.000063 0.000097 0.000150 0.000230 0.000349 0.000525 0.000782 0.001153 0.001683 0.002433 0.003482 0.004934 0.006923 0.009616 0.013224 0.018006 0.024272 0.032393 0.042801 0.055987 0.072504 0.092955 0.117981 0.148243 0.184399 0.227070 0.276805 0.334040 0.399052 0.471916 0.552459 0.640227 0.734452 0.834037 0.937558 1.043277 1.149178 1.253026 1.352435 1.444955 1.528176 1.599823 1.657867 1.700613 1.726789 1.735603 1.726789 1.700613 1.657867 1.599823 1.528176 1.444955 1.352435 1.253026 1.149178 1.043277 0.937558 0.834037 0.734452 0.640227 0.552459 0.471916 0.399052 0.334040 0.276805 0.227070 0.184399 0.148243 0.117981 0.092955 0.072504 0.055987 0.042801 0.032393 0.024272 0.018006 0.013224 0.009616 0.006923 0.004934 0.003482 0.002433 0.001684 0.001153 0.000782 0.000525 0.000350 0.000230 0.000151 0.000098 0.000064 0.000043 0.000030 0.000025 0.000025 
0.000020 0.000020 0.000025 0.000036 0.000055 0.000085 0.000132 0.000203 0.000311 0.000472 0.000710 0.001056 0.001557 0.002273 0.003284 0.004699 0.006657 0.009337 0.012967 0.017830 0.024272 0.032714 0.043652 0.057667 0.075422 0.097657 0.125184 0.158864 0.199586 0.248232 0.305637 0.372537 0.449517 0.536947 0.634927 0.743223 0.861222 0.987891 1.121756 1.260901 1.402991 1.545319 1.684879 1.818466 1.942792 2.054616 2.150887 2.228877 2.286311 2.321481 2.333324 2.321481 2.286311 2.228877 2.150887 2.054616 1.942792 1.818466 1.684879 1.545319 1.402991 1.260901 1.121756 0.987891 0.861222 0.743223 0.634927 0.536947 0.449517 0.372537 0.305637 0.248232 0.199586 0.158864 0.125184 0.097657 0.075422 0.057667 0.043652 0.032714 0.024272 0.017830 0.012967 0.009337 0.006657 0.004699 0.003284 0.002273 0.001557 0.001056 0.000710 0.000472 0.000311 0.000204 0.000133 0.000087 0.000058 0.000041 0.000033 0.000033 
0.000027 0.000027 0.000034 0.000048 0.000073 0.000113 0.000176 0.000272 0.000416 0.000632 0.000949 0.001412 0.002081 0.003037 0.004388 0.006277 0.008891 0.012468 0.017312 0.023800 0.032393 0.043652 0.058238 0.076924 0.100592 0.130229 0.166914 0.211792 0.266046 0.330850 0.407311 0.496411 0.598923 0.715340 0.845790 0.989963 1.147040 1.315643 1.493812 1.678996 1.868086 2.057482 2.243185 2.420932 2.586350 2.735129 2.863211 2.966968 3.043378 3.090167 3.105922 3.090167 3.043378 2.966968 2.863211 2.735129 2.586350 2.420932 2.243185 2.057482 1.868086 1.678996 1.493812 1.315643 1.147040 0.989963 0.845790 0.715340 0.598923 0.496411 0.407311 0.330850 0.266046 0.211792 0.166914 0.130229 0.100592 0.076924 0.058238 0.043652 0.032393 0.023800 0.017312 0.012468 0.008891 0.006277 0.004388 0.003037 0.002081 0.001413 0.000949 0.000632 0.000417 0.000273 0.000178 0.000116 0.000077 0.000055 0.000045 0.000045 
0.000036 0.000036 0.000045 0.000064 0.000097 0.000150 0.000233 0.000360 0.000551 0.000836 0.001256 0.001869 0.002754 0.004018 0.005804 0.008301 0.011756 0.016483 0.022882 0.031451 0.042801 0.057667 0.076924 0.101590 0.132827 0.171938 0.220341 0.279548 0.351114 0.436586 0.537422 0.654912 0.790073 0.943553 1.115518 1.305555 1.512583 1.734786 1.969579 2.213599 2.462751 2.712292 2.956955 3.191126 3.409045 3.605038 3.773761 3.910438 4.011089 4.072721 4.093475 4.072721 4.011089 3.910438 3.773761 3.605038 3.409045 3.191126 2.956955 2.712292 2.462751 2.213599 1.969579 1.734786 1.512583 1.305555 1.115518 0.943553 0.790073 0.654912 0.537422 0.436586 0.351114 0.279548 0.220341 0.171938 0.132827 0.101590 0.076924 0.057667 0.042801 0.031451 0.022882 0.016483 0.011756 0.008301 0.005804 0.004018 0.002754 0.001870 0.001257 0.000837 0.000552 0.000361 0.000235 0.000154 0.000102 0.000073 0.000059 0.000059 
0.000048 0.000048 0.000059 0.000084 0.000127 0.000197 0.000306 0.000472 0.000723 0.001096 0.001647 0.002449 0.003608 0.005263 0.007600 0.010868 0.015388 0.021572 0.029942 0.041148 0.055987 0.075422 0.100592 0.132827 0.173646 0.224744 0.287975 0.365309 0.458775 0.570389 0.702051 0.855441 1.031885 1.232223 1.456668 1.704679 1.974843 2.264789 2.571140 2.889510 3.214557 3.540093 3.859250 4.164708 4.448955 4.704595 4.924659 5.102922 5.234195 5.314577 5.341645 5.314577 5.234195 5.102922 4.924659 4.704595 4.448955 4.164708 3.859250 3.540093 3.214557 2.889510 2.571140 2.264789 1.974843 1.704679 1.456668 1.232223 1.031885 0.855441 0.702051 0.570389 0.458775 0.365309 0.287975 0.224744 0.173646 0.132827 0.100592 0.075422 0.055987 0.041148 0.029942 0.021572 0.015388 0.010868 0.007600 0.005263 0.003608 0.002450 0.001647 0.001097 0.000724 0.000474 0.000309 0.000202 0.000135 0.000096 0.000078 0.000078 
0.000062 0.000062 0.000077 0.000109 0.000166 0.000256 0.000397 0.000613 0.000938 0.001422 0.002136 0.003177 0.004679 0.006823 0.009853 0.014086 0.019941 0.027950 0.038788 0.053296 0.072504 0.097657 0.130229 0.171938 0.224744 0.290840 0.372619 0.472626 0.593482 0.737785 0.907990 1.106263 1.334313 1.593222 1.883260 2.203725 2.552786 2.927380 3.323141 3.734403 4.154266 4.574739 4.986954 5.381458 5.748555 6.078696 6.362886 6.593089 6.762609 6.866409 6.901363 6.866409 6.762609 6.593089 6.362886 6.078696 5.748555 5.381458 4.986954 4.574739 4.154266 3.734403 3.323141 2.927380 2.552786 2.203725 1.883260 1.593222 1.334313 1.106263 0.907990 0.737785 0.593482 0.472626 0.372619 0.290840 0.224744 0.171938 0.130229 0.097657 0.072504 0.053296 0.038788 0.027950 0.019941 0.014086 0.009853 0.006823 0.004679 0.003177 0.002137 0.001423 0.000939 0.000615 0.000401 0.000262 0.000175 0.000124 0.000101 0.000101 
0.000080 0.000080 0.000099 0.000141 0.000213 0.000329 0.000511 0.000788 0.001205 0.001827 0.002744 0.004080 0.006007 0.008758 0.012644 0.018074 0.025582 0.035850 0.049744 0.068339 0.092955 0.125184 0.166914 0.220341 0.287975 0.372619 0.477336 0.605376 0.760092 0.944804 1.162649 1.416392 1.708216 2.039497 2.410579 2.820556 3.267084 3.746240 4.252438 4.778432 5.315397 5.853114 6.380247 6.884712 7.354114 7.776248 8.139617 8.433953 8.650697 8.783411 8.828101 8.783411 8.650697 8.433953 8.139617 7.776248 7.354114 6.884712 6.380247 5.853114 5.315397 4.778432 4.252438 3.746240 3.267084 2.820556 2.410579 2.039497 1.708216 1.416392 1.162649 0.944804 0.760092 0.605376 0.477336 0.372619 0.287975 0.220341 0.166914 0.125184 0.092955 0.068339 0.049744 0.035850 0.025582 0.018074 0.012644 0.008758 0.006007 0.004080 0.002744 0.001828 0.001207 0.000790 0.000515 0.000337 0.000225 0.000160 0.000130 0.000130 
0.000102 0.000102 0.000126 0.000179 0.000271 0.000419 0.000650 0.001002 0.001533 0.002323 0.003488 0.005186 0.007634 0.011128 0.016063 0.022958 0.032488 0.045522 0.063155 0.086750 0.117981 0.158864 0.211792 0.279548 0.365309 0.472626 0.605376 0.767676 0.963766 1.197851 1.473897 1.795400 2.165120 2.584793 3.054849 3.574133 4.139672 4.746495 5.387525 6.053586 6.733503 7.414340 8.081747 8.720428 9.314699 9.849111 10.309118 10.681726 10.956103 11.124105 11.180677 11.124105 10.956103 10.681726 10.309118 9.849111 9.314699 8.720428 8.081747 7.414340 6.733503 6.053586 5.387525 4.746495 4.139672 3.574133 3.054849 2.584793 2.165120 1.795400 1.473897 1.197851 0.963766 0.767676 0.605376 0.472626 0.365309 0.279548 0.211792 0.158864 0.117981 0.086750 0.063155 0.045522 0.032488 0.022958 0.016063 0.011129 0.007634 0.005186 0.003489 0.002324 0.001535 0.001005 0.000655 0.000428 0.000286 0.000204 0.000166 0.000166 
0.000128 0.000128 0.000159 0.000226 0.000342 0.000528 0.000818 0.001262 0.001930 0.002925 0.004390 0.006525 0.009604 0.013998 0.020202 0.028868 0.040846 0.057223 0.079376 0.109017 0.148243 0.199586 0.266046 0.351114 0.458775 0.593482 0.760092 0.963766 1.209820 1.503518 1.849831 2.253137 2.716885 3.243248 3.832755 4.483953 5.193108 5.953980 6.757696 7.592749 8.445131 9.298626 10.135252 10.935839 11.680732 12.350578 12.927149 13.394164 13.738056 13.948620 14.019524 13.948620 13.738056 13.394164 12.927149 12.350578 11.680732 10.935839 10.135252 9.298626 8.445131 7.592749 6.757696 5.953980 5.193108 4.483953 3.832755 3.243248 2.716885 2.253137 1.849831 1.503518 1.209820 0.963766 0.760092 0.593482 0.458775 0.351114 0.266046 0.199586 0.148243 0.109017 0.079376 0.057223 0.040846 0.028868 0.020202 0.013998 0.009604 0.006525 0.004390 0.002926 0.001932 0.001266 0.000825 0.000540 0.000361 0.000257 0.000209 0.000209 
0.000160 0.000160 0.000198 0.000281 0.000426 0.000659 0.001020 0.001573 0.002405 0.003644 0.005469 0.008127 0.011961 0.017430 0.025150 0.035934 0.050836 0.071209 0.098762 0.135623 0.184399 0.248232 0.330850 0.436586 0.570389 0.737785 0.944804 1.197851 1.503518 1.868339 2.298477 2.799357 3.375256 4.028860 4.760818 5.569317 6.449715 7.394260 8.391936 9.428455 10.486433 11.545746 12.584081 13.577652 14.502077 15.333344 16.048843 16.628379 17.055120 17.316411 17.404395 17.316411 17.055120 16.628379 16.048843 15.333344 14.502077 13.577652 12.584081 11.545746 10.486433 9.428455 8.391936 7.394260 6.449715 5.569317 4.760818 4.028860 3.375256 2.799357 2.298477 1.868339 1.503518 1.197851 0.944804 0.737785 0.570389 0.436586 0.330850 0.248232 0.184399 0.135623 0.098762 0.071209 0.050836 0.035934 0.025150 0.017430 0.011961 0.008128 0.005470 0.003646 0.002408 0.001578 0.001029 0.000673 0.000450 0.000320 0.000261 0.000261 
0.000198 0.000198 0.000245 0.000348 0.000526 0.000813 0.001259 0.001941 0.002967 0.004495 0.006744 0.010021 0.014745 0.021484 0.030996 0.044279 0.062633 0.087722 0.121648 0.167028 0.227070 0.305637 0.407311 0.537422 0.702051 0.907990 1.162649 1.473897 1.849831 2.298477 2.827400 3.443261 4.151305 4.954824 5.854604 6.848409 7.930523 9.091414 10.317537 11.591334 12.891443 14.193137 15.469004 16.689827 17.825655 18.846996 19.726079 20.438101 20.962392 21.283409 21.391506 21.283409 20.962392 20.438101 19.726079 18.846996 17.825655 16.689827 15.469004 14.193137 12.891443 11.591334 10.317537 9.091414 7.930523 6.848409 5.854604 4.954824 4.151305 3.443261 2.827400 2.298477 1.849831 1.473897 1.162649 0.907990 0.702051 0.537422 0.407311 0.305637 0.227070 0.167028 0.121648 0.087722 0.062633 0.044279 0.030996 0.021484 0.014746 0.010022 0.006745 0.004497 0.002971 0.001947 0.001270 0.000831 0.000555 0.000395 0.000322 0.000322 
0.000242 0.000242 0.000299 0.000425 0.000643 0.000993 0.001538 0.002370 0.003623 0.005487 0.008232 0.012231 0.017994 0.026214 0.037814 0.054013 0.076391 0.106976 0.148329 0.203637 0.276805 0.372537 0.496411 0.654912 0.855441 1.106263 1.416392 1.795400 2.253137 2.799357 3.443261 4.192941 5.054771 6.032741 7.127799 8.337208 9.654008 11.066590 12.558470 14.108283 15.690039 17.273661 18.825806 20.310940 21.692639 22.935038 24.004367 24.870468 25.508206 25.898682 26.030167 25.898682 25.508206 24.870468 24.004367 22.935038 21.692639 20.310940 18.825806 17.273661 15.690039 14.108283 12.558470 11.066590 9.654008 8.337208 7.127799 6.032741 5.054771 4.192941 3.443261 2.799357 2.253137 1.795400 1.416392 1.106263 0.855441 0.654912 0.496411 0.372537 0.276805 0.203637 0.148329 0.106976 0.076391 0.054013 0.037815 0.026214 0.017995 0.012232 0.008234 0.005490 0.003627 0.002378 0.001551 0.001015 0.000678 0.000483 0.000394 0.000394 
0.000293 0.000293 0.000362 0.000514 0.000777 0.001201 0.001860 0.002865 0.004379 0.006632 0.009948 0.014777 0.021737 0.031662 0.045667 0.065221 0.092230 0.129141 0.179041 0.245771 0.334040 0.449517 0.598923 0.790073 1.031885 1.334313 1.708216 2.165120 2.716885 3.375256 4.151305 5.054771 6.093316 7.271737 8.591159 10.048274 11.634684 13.336397 15.133551 17.000407 18.905661 20.813090 22.682543 24.471231 26.135298 27.631564 28.919370 29.962411 30.730426 31.200666 31.359008 31.200666 30.730426 29.962411 28.919370 27.631564 26.135298 24.471231 22.682543 20.813090 18.905661 17.000407 15.133551 13.336397 11.634684 10.048274 8.591159 7.271737 6.093316 5.054771 4.151305 3.375256 2.716885 2.165120 1.708216 1.334313 1.031885 0.790073 0.598923 0.449517 0.334040 0.245771 0.179041 0.129141 0.092230 0.065221 0.045668 0.031663 0.021738 0.014778 0.009950 0.006635 0.004385 0.002875 0.001876 0.001227 0.000821 0.000585 0.000477 0.000477 
0.000351 0.000351 0.000434 0.000615 0.000931 0.001438 0.002226 0.003429 0.005240 0.007934 0.011899 0.017672 0.025993 0.037856 0.054594 0.077959 0.110231 0.154327 0.213934 0.293637 0.399052 0.536947 0.715340 0.943553 1.232223 1.593222 2.039497 2.584793 3.243248 4.028860 4.954824 6.032741 7.271737 8.677516 10.251402 11.989439 13.881595 15.911175 18.054485 20.280826 22.552869 24.827425 27.056623 29.189454 31.173636 32.957698 34.493179 35.736801 36.652500 37.213159 37.401947 37.213159 36.652500 35.736801 34.493179 32.957698 31.173636 29.189454 27.056623 24.827425 22.552869 20.280826 18.054485 15.911175 13.881595 11.989439 10.251402 8.677516 7.271737 6.032741 4.954824 4.028860 3.243248 2.584793 2.039497 1.593222 1.232223 0.943553 0.715340 0.536947 0.399052 0.293637 0.213934 0.154327 0.110231 0.077959 0.054594 0.037856 0.025993 0.017674 0.011901 0.007937 0.005246 0.003440 0.002245 0.001469 0.000983 0.000700 0.000571 0.000571 
0.000416 0.000416 0.000514 0.000729 0.001103 0.001703 0.002637 0.004061 0.006205 0.009394 0.014088 0.020921 0.030767 0.044803 0.064605 0.092244 0.130414 0.182564 0.253049 0.347288 0.471916 0.634927 0.845790 1.115518 1.456668 1.883260 2.410579 3.054849 3.832755 4.760818 5.854604 7.127799 8.591159 10.251402 12.110077 14.162493 16.396793 18.793253 21.323889 23.952455 26.634880 29.320182 31.951853 34.469691 36.811991 38.918010 40.730556 42.198561 43.279465 43.941270 44.164117 43.941270 43.279465 42.198561 40.730556 38.918010 36.811991 34.469691 31.951853 29.320182 26.634880 23.952455 21.323889 18.793253 16.396793 14.162493 12.110077 10.251402 8.591159 7.127799 5.854604 4.760818 3.832755 3.054849 2.410579 1.883260 1.456668 1.115518 0.845790 0.634927 0.471916 0.347288 0.253049 0.182564 0.130414 0.092244 0.064605 0.044804 0.030768 0.020923 0.014090 0.009399 0.006213 0.004075 0.002659 0.001741 0.001164 0.000830 0.000677 0.000677 
0.000488 0.000488 0.000603 0.000856 0.001294 0.001998 0.003092 0.004762 0.007274 0.011011 0.016510 0.024516 0.036049 0.052489 0.075679 0.108043 0.152734 0.213786 0.296296 0.406600 0.552459 0.743223 0.989963 1.305555 1.704679 2.203725 2.820556 3.574133 4.483953 5.569317 6.848409 8.337208 10.048274 11.989439 14.162493 16.561936 19.173893 21.975294 24.933421 28.005904 31.141232 34.279822 37.355641 40.298340 43.035820 45.497108 47.615383 49.330979 50.594175 51.367588 51.628014 51.367588 50.594175 49.330979 47.615383 45.497108 43.035820 40.298340 37.355641 34.279822 31.141232 28.005904 24.933421 21.975294 19.173893 16.561936 14.162493 11.989439 10.048274 8.337208 6.848409 5.569317 4.483953 3.574133 2.820556 2.203725 1.704679 1.305555 0.989963 0.743223 0.552459 0.406600 0.296296 0.213786 0.152734 0.108044 0.075679 0.052490 0.036050 0.024518 0.016513 0.011017 0.007283 0.004777 0.003118 0.002041 0.001366 0.000974 0.000794 0.000794 
0.000567 0.000567 0.000701 0.000994 0.001502 0.002319 0.003589 0.005526 0.008441 0.012775 0.019153 0.028437 0.041809 0.060870 0.087753 0.125268 0.177065 0.247819 0.343430 0.471238 0.640227 0.861222 1.147040 1.512583 1.974843 2.552786 3.267084 4.139672 5.193108 6.449715 7.930523 9.654008 11.634684 13.881595 16.396793 19.173893 22.196819 25.438862 28.862151 32.417652 36.045758 39.677531 43.236575 46.641503 49.808911 52.656699 55.107574 57.092520 58.554026 59.448851 59.750159 59.448851 58.554026 57.092520 55.107574 52.656699 49.808911 46.641503 43.236575 39.677531 36.045758 32.417652 28.862151 25.438862 22.196819 19.173893 16.396793 13.881595 11.634684 9.654008 7.930523 6.449715 5.193108 4.139672 3.267084 2.552786 1.974843 1.512583 1.147040 0.861222 0.640227 0.471238 0.343430 0.247819 0.177065 0.125268 0.087753 0.060871 0.041810 0.028439 0.019156 0.012782 0.008451 0.005544 0.003619 0.002370 0.001586 0.001131 0.000922 0.000922 
0.000652 0.000652 0.000805 0.001142 0.001726 0.002664 0.004123 0.006347 0.009694 0.014671 0.021993 0.032649 0.047998 0.069873 0.100723 0.143768 0.203196 0.284365 0.394042 0.540637 0.734452 0.987891 1.315643 1.734786 2.264789 2.927380 3.746240 4.746495 5.953980 7.394260 9.091414 11.066590 13.336397 15.911175 18.793253 21.975294 25.438862 29.153344 33.075341 37.148675 41.305063 45.465537 49.542591 53.443012 57.071278 60.333366 63.140758 65.414419 67.088490 68.113456 68.458584 68.113456 67.088490 65.414419 63.140758 60.333366 57.071278 53.443012 49.542591 45.465537 41.305063 37.148675 33.075341 29.153344 25.438862 21.975294 18.793253 15.911175 13.336397 11.066590 9.091414 7.394260 5.953980 4.746495 3.746240 2.927380 2.264789 1.734786 1.315643 0.987891 0.734452 0.540637 0.394042 0.284365 0.203196 0.143769 0.100723 0.069874 0.048000 0.032652 0.021997 0.014678 0.009706 0.006368 0.004158 0.002723 0.001822 0.001299 0.001060 0.001060 
0.000742 0.000742 0.000916 0.001299 0.001963 0.003030 0.004688 0.007217 0.011021 0.016677 0.024997 0.037106 0.054544 0.079395 0.114437 0.163330 0.230823 0.323001 0.447541 0.613991 0.834037 1.121756 1.493812 1.969579 2.571140 3.323141 4.252438 5.387525 6.757696 8.391936 10.317537 12.558470 15.133551 18.054485 21.323889 24.933421 28.862151 33.075341 37.523761 42.143686 46.857678 51.576183 56.199972 60.623350 64.738010 68.437346 71.620998 74.199360 76.097764 77.260074 77.651447 77.260074 76.097764 74.199360 71.620998 68.437346 64.738010 60.623350 56.199972 51.576183 46.857678 42.143686 37.523761 33.075341 28.862151 24.933421 21.323889 18.054485 15.133551 12.558470 10.317537 8.391936 6.757696 5.387525 4.252438 3.323141 2.571140 1.969579 1.493812 1.121756 0.834037 0.613991 0.447541 0.323001 0.230823 0.163330 0.114438 0.079396 0.054546 0.037108 0.025002 0.016685 0.011035 0.007240 0.004728 0.003096 0.002073 0.001478 0.001206 0.001206 
0.000835 0.000835 0.001032 0.001463 0.002210 0.003410 0.005276 0.008122 0.012401 0.018764 0.028123 0.041742 0.061353 0.089298 0.128701 0.183672 0.259551 0.363172 0.503163 0.690249 0.937558 1.260901 1.678996 2.213599 2.889510 3.734403 4.778432 6.053586 7.592749 9.428455 11.591334 14.108283 17.000407 20.280826 23.952455 28.005904 32.417652 37.148675 42.143686 47.331131 52.624059 57.921928 63.113343 68.079650 72.699270 76.852537 80.426800 83.321482 85.452771 86.757660 87.197042 86.757660 85.452771 83.321482 80.426800 76.852537 72.699270 68.079650 63.113343 57.921928 52.624059 47.331131 42.143686 37.148675 32.417652 28.005904 23.952455 20.280826 17.000407 14.108283 11.591334 9.428455 7.592749 6.053586 4.778432 3.734403 2.889510 2.213599 1.678996 1.260901 0.937558 0.690249 0.503163 0.363172 0.259551 0.183672 0.128701 0.089299 0.061355 0.041745 0.028128 0.018773 0.012417 0.008148 0.005321 0.003485 0.002333 0.001664 0.001358 0.001358 
0.000931 0.000931 0.001150 0.001630 0.002462 0.003800 0.005878 0.009047 0.013812 0.020898 0.031317 0.046479 0.068311 0.099418 0.143274 0.204454 0.288896 0.404205 0.559974 0.768131 1.043277 1.402991 1.868086 2.462751 3.214557 4.154266 5.315397 6.733503 8.445131 10.486433 12.891443 15.690039 18.905661 22.552869 26.634880 31.141232 36.045758 41.305063 46.857678 52.624059 58.507556 64.396419 70.166839 75.686950 80.821636 85.437913 89.410597 92.627918 94.996744 96.447059 96.935409 96.447059 94.996744 92.627918 89.410597 85.437913 80.821636 75.686950 70.166839 64.396419 58.507556 52.624059 46.857678 41.305063 36.045758 31.141232 26.634880 22.552869 18.905661 15.690039 12.891443 10.486433 8.445131 6.733503 5.315397 4.154266 3.214557 2.462751 1.868086 1.402991 1.043277 0.768131 0.559974 0.404205 0.288897 0.204454 0.143274 0.099419 0.068313 0.046483 0.031323 0.020908 0.013830 0.009076 0.005928 0.003883 0.002600 0.001855 0.001513 0.001513 
0.001027 0.001027 0.001268 0.001798 0.002715 0.004190 0.006481 0.009974 0.015227 0.023036 0.034520 0.051228 0.075285 0.109559 0.157878 0.225279 0.318301 0.445317 0.616890 0.846153 1.149178 1.545319 2.057482 2.712292 3.540093 4.574739 5.853114 7.414340 9.298626 11.545746 14.193137 17.273661 20.813090 24.827425 29.320182 34.279822 39.677531 45.465537 51.576183 57.921928 64.396419 70.876687 77.226507 83.300789 88.950876 94.030458 98.401811 101.941971 104.548479 106.144309 106.681655 106.144309 104.548479 101.941971 98.401811 94.030458 88.950876 83.300789 77.226507 70.876687 64.396419 57.921928 51.576183 45.465537 39.677531 34.279822 29.320182 24.827425 20.813090 17.273661 14.193137 11.545746 9.298626 7.414340 5.853114 4.574739 3.540093 2.712292 2.057482 1.545319 1.149178 0.846153 0.616890 0.445317 0.318301 0.225279 0.157879 0.109560 0.075287 0.051232 0.034526 0.023047 0.015246 0.010007 0.006536 0.004282 0.002867 0.002046 0.001669 0.001669 
0.001121 0.001121 0.001384 0.001962 0.002964 0.004573 0.007073 0.010884 0.016616 0.025135 0.037662 0.055887 0.082127 0.119508 0.172204 0.245706 0.347142 0.485638 0.672709 0.922666 1.253026 1.684879 2.243185 2.956955 3.859250 4.986954 6.380247 8.081747 10.135252 12.584081 15.469004 18.825806 22.682543 27.056623 31.951853 37.355641 43.236575 49.542591 56.199972 63.113343 70.166839 77.226507 84.143953 90.761139 96.916140 102.449597 107.211499 111.067921 113.907268 115.645647 116.230991 115.645647 113.907268 111.067921 107.211499 102.449597 96.916140 90.761139 84.143953 77.226507 70.166839 63.113343 56.199972 49.542591 43.236575 37.355641 31.951853 27.056623 22.682543 18.825806 15.469004 12.584081 10.135252 8.081747 6.380247 4.986954 3.859250 2.956955 2.243185 1.684879 1.253026 0.922666 0.672709 0.485638 0.347142 0.245706 0.172205 0.119509 0.082129 0.055891 0.037669 0.025147 0.016637 0.010920 0.007133 0.004673 0.003130 0.002233 0.001823 0.001823 
