0.000000 0.000000 0.000000 0.000000 0.000000 0.000000 0.000000 0.000000 0.000000 0.000000 0.000000 0.000000 0.000000 0.000000 0.000000 0.000000 0.000000 0.000000 0.000000 0.000000 0.000000 0.000000 0.000000 0.000000 0.000000 0.000000 0.000000 0.000000 0.000000 0.000000 0.000000 0.000000 0.000000 0.000000 0.000000 0.000000 0.000000 0.000000 0.000000 0.000000 0.000000 0.000000 0.000000 0.000000 0.000000 0.000000 0.000000 0.000000 0.000000 0.000000 0.000000 0.000000 0.000000 0.000000 0.000000 0.000000 0.000000 0.000000 0.000000 0.000000 0.000000 0.000000 0.000000 0.000000 0.000000 0.000000 0.000000 0.000000 0.000000 0.000000 0.000000 0.000000 0.000000 0.000000 0.000000 0.000000 0.000000 0.000000 0.000000 0.000000 0.000000 0.000000 0.000000 0.000000 0.000000 0.000000 0.000000 0.000000 0.000000 0.000000 0.000000 0.000000 0.000000 0.000000 0.000000 0.000000 0.000000 0.000000 0.000000 0.000000 
0.000000 0.000000 0.000000 0.000000 0.000000 0.000000 0.000000 0.000000 0.000000 0.000000 0.000000 0.000000 0.000000 0.000000 0.000000 0.000000 0.000000 0.000000 0.000000 0.000000 0.000000 0.000000 0.000000 0.000000 0.000000 0.000000 0.000000 0.000000 0.000000 0.000000 0.000000 0.000000 0.000000 0.000000 0.000000 0.000000 0.000000 0.000000 0.000000 0.000000 0.000000 0.000000 0.000000 0.000000 0.000000 0.000000 0.000000 0.000000 0.000000 0.000000 0.000000 0.000000 0.000000 0.000000 0.000000 0.000000 0.000000 0.000000 0.000000 0.000000 0.000000 0.000000 0.000000 0.000000 0.000000 0.000000 0.000000 0.000000 0.000000 0.000000 0.000000 0.000000 0.000000 0.000000 0.000000 0.000000 0.000000 0.000000 0.000000 0.000000 0.000000 0.000000 0.000000 0.000000 0.000000 0.000000 0.000000 0.000000 0.000000 0.000000 0.000000 0.000000 0.000000 0.000000 0.000000 0.000000 0.000000 0.000000 0.000000 0.000000 
0.000000 0.000000 0.000000 0.000000 0.000000 0.000000 0.000000 0.000000 0.000000 0.000000 0.000000 0.000000 0.000000 0.000000 0.000000 0.000000 0.000000 0.000000 0.000000 0.000000 0.000000 0.000000 0.000000 0.000000 0.000000 0.000000 0.000000 0.000000 0.000000 0.000000 0.000000 0.000000 0.000000 0.000000 0.000000 0.000000 0.000000 0.000000 0.000000 0.000000 0.000000 0.000000 0.000000 0.000000 0.000000 0.000000 0.000000 0.000000 0.000000 0.000000 0.000000 0.000000 0.000000 0.000000 0.000000 0.000000 0.000000 0.000000 0.000000 0.000000 0.000000 0.000000 0.000000 0.000000 0.000000 0.000000 0.000000 0.000000 0.000000 0.000000 0.000000 0.000000 0.000000 0.000000 0.000000 0.000000 0.000000 0.000000 0.000000 0.000000 0.000000 0.000000 0.000000 0.000000 0.000000 0.000000 0.000000 0.000000 0.000000 0.000000 0.000000 0.000000 0.000000 0.000000 0.000000 0.000000 0.000000 0.000000 0.000000 0.000000 
0.000000 0.000000 0.000000 0.000000 0.000000 0.000000 0.000000 0.000000 0.000000 0.000000 0.000000 0.000000 0.000000 0.000000 0.000000 0.000000 0.000000 0.000000 0.000000 0.000000 0.000000 0.000000 0.000000 0.000000 0.000000 0.000000 0.000000 0.000000 0.000000 0.000000 0.000000 0.000000 0.000000 0.000000 0.000000 0.000000 0.000000 0.000000 0.000000 0.000000 0.000000 0.000000 0.000001 0.000001 0.000001 0.000001 0.000001 0.000001 0.000001 0.000001 0.000001 0.000001 0.000001 0.000001 0.000001 0.000001 0.000001 0.000001 0.000001 0.000000 0.000000 0.000000 0.000000 0.000000 0.000000 0.000000 0.000000 0.000000 0.000000 0.000000 0.000000 0.000000 0.000000 0.000000 0.000000 0.000000 0.000000 0.000000 0.000000 0.000000 0.000000 0.000000 0.000000 0.000000 0.000000 0.000000 0.000000 0.000000 0.000000 0.000000 0.000000 0.000000 0.000000 0.000000 0.000000 0.000000 0.000000 0.000000 0.000000 0.000000 
0.000000 0.000000 0.000000 0.000000 0.000000 0.000000 0.000000 0.000000 0.000000 0.000000 0.000000 0.000000 0.000000 0.000000 0.000000 0.000000 0.000000 0.000000 0.000000 0.000000 0.000000 0.000000 0.000000 0.000000 0.000000 0.000000 0.000000 0.000000 0.000000 0.000000 0.000000 0.000000 0.000000 0.000000 0.000000 0.000000 0.000000 0.000000 0.000001 0.000001 0.000001 0.000001 0.000001 0.000001 0.000001 0.000002 0.000002 0.000002 0.000002 0.000002 0.000002 0.000002 0.000002 0.000002 0.000002 0.000002 0.000001 0.000001 0.000001 0.000001 0.000001 0.000001 0.000001 0.000000 0.000000 0.000000 0.000000 0.000000 0.000000 0.000000 0.000000 0.000000 0.000000 0.000000 0.000000 0.000000 0.000000 0.000000 0.000000 0.000000 0.000000 0.000000 0.000000 0.000000 0.000000 0.000000 0.000000 0.000000 0.000000 0.000000 0.000000 0.000000 0.000000 0.000000 0.000000 0.000000 0.000000 0.000000 0.000000 0.000000 
0.000000 0.000000 0.000000 0.000000 0.000000 0.000000 0.000000 0.000000 0.000000 0.000000 0.000000 0.000000 0.000000 0.000000 0.000000 0.000000 0.000000 0.000000 0.000000 0.000000 0.000000 0.000000 0.000000 0.000000 0.000000 0.000000 0.000000 0.000000 0.000000 0.000000 0.000000 0.000000 0.000000 0.000000 0.000000 0.000001 0.000001 0.000001 0.000001 0.000001 0.000002 0.000002 0.000003 0.000003 0.000003 0.000004 0.000004 0.000004 0.000004 0.000005 0.000005 0.000005 0.000004 0.000004 0.000004 0.000004 0.000003 0.000003 0.000003 0.000002 0.000002 0.000001 0.000001 0.000001 0.000001 0.000001 0.000000 0.000000 0.000000 0.000000 0.000000 0.000000 0.000000 0.000000 0.000000 0.000000 0.000000 0.000000 0.000000 0.000000 0.000000 0.000000 0.000000 0.000000 0.000000 0.000000 0.000000 0.000000 0.000000 0.000000 0.000000 0.000000 0.000000 0.000000 0.000000 0.000000 0.000000 0.000000 0.000000 0.000000 
0.000000 0.000000 0.000000 0.000000 0.000000 0.000000 0.000000 0.000000 0.000000 0.000000 0.000000 0.000000 0.000000 0.000000 0.000000 0.000000 0.000000 0.000000 0.000000 0.000000 0.000000 0.000000 0.000000 0.000000 0.000000 0.000000 0.000000 0.000000 0.000000 0.000000 0.000000 0.000000 0.000000 0.000001 0.000001 0.000001 0.000002 0.000002 0.000003 0.000003 0.000004 0.000005 0.000005 0.000006 0.000007 0.000008 0.000009 0.000009 0.000010 0.000010 0.000010 0.000010 0.000010 0.000009 0.000009 0.000008 0.000007 0.000006 0.000005 0.000005 0.000004 0.000003 0.000003 0.000002 0.000002 0.000001 0.000001 0.000001 0.000000 0.000000 0.000000 0.000000 0.000000 0.000000 0.000000 0.000000 0.000000 0.000000 0.000000 0.000000 0.000000 0.000000 0.000000 0.000000 0.000000 0.000000 0.000000 0.000000 0.000000 0.000000 0.000000 0.000000 0.000000 0.000000 0.000000 0.000000 0.000000 0.000000 0.000000 0.000000 
0.000000 0.000000 0.000000 0.000000 0.000000 0.000000 0.000000 0.000000 0.000000 0.000000 0.000000 0.000000 0.000000 0.000000 0.000000 0.000000 0.000000 0.000000 0.000000 0.000000 0.000000 0.000000 0.000000 0.000000 0.000000 0.000000 0.000000 0.000000 0.000000 0.000000 0.000000 0.000001 0.000001 0.000001 0.000002 0.000003 0.000003 0.000004 0.000005 0.000007 0.000008 0.000010 0.000012 0.000013 0.000015 0.000017 0.000018 0.000020 0.000021 0.000021 0.000022 0.000021 0.000021 0.000020 0.000018 0.000017 0.000015 0.000013 0.000012 0.000010 0.000008 0.000007 0.000005 0.000004 0.000003 0.000003 0.000002 0.000001 0.000001 0.000001 0.000000 0.000000 0.000000 0.000000 0.000000 0.000000 0.000000 0.000000 0.000000 0.000000 0.000000 0.000000 0.000000 0.000000 0.000000 0.000000 0.000000 0.000000 0.000000 0.000000 0.000000 0.000000 0.000000 0.000000 0.000000 0.000000 0.000000 0.000000 0.000000 0.000000 
0.000000 0.000000 0.000000 0.000000 0.000000 0.000000 0.000000 0.000000 0.000000 0.000000 0.000000 0.000000 0.000000 0.000000 0.000000 0.000000 0.000000 0.000000 0.000000 0.000000 0.000000 0.000000 0.000000 0.000000 0.000000 0.000000 0.000000 0.000000 0.000000 0.000001 0.000001 0.000001 0.000002 0.000003 0.000004 0.000005 0.000007 0.000009 0.000011 0.000014 0.000017 0.000021 0.000025 0.000028 0.000032 0.000036 0.000039 0.000041 0.000043 0.000045 0.000045 0.000045 0.000043 0.000041 0.000039 0.000036 0.000032 0.000028 0.000025 0.000021 0.000017 0.000014 0.000011 0.000009 0.000007 0.000005 0.000004 0.000003 0.000002 0.000001 0.000001 0.000001 0.000000 0.000000 0.000000 0.000000 0.000000 0.000000 0.000000 0.000000 0.000000 0.000000 0.000000 0.000000 0.000000 0.000000 0.000000 0.000000 0.000000 0.000000 0.000000 0.000000 0.000000 0.000000 0.000000 0.000000 0.000000 0.000000 0.000000 0.000000 
0.000000 0.000000 0.000000 0.000000 0.000000 0.000000 0.000000 0.000000 0.000000 0.000000 0.000000 0.000000 0.000000 0.000000 0.000000 0.000000 0.000000 0.000000 0.000000 0.000000 0.000000 0.000000 0.000000 0.000000 0.000000 0.000000 0.000000 0.000001 0.000001 0.000001 0.000002 0.000003 0.000004 0.000006 0.000008 0.000011 0.000014 0.000019 0.000024 0.000030 0.000036 0.000043 0.000051 0.000059 0.000066 0.000074 0.000080 0.000086 0.000090 0.000092 0.000093 0.000092 0.000090 0.000086 0.000080 0.000074 0.000066 0.000059 0.000051 0.000043 0.000036 0.000030 0.000024 0.000019 0.000014 0.000011 0.000008 0.000006 0.000004 0.000003 0.000002 0.000001 0.000001 0.000001 0.000000 0.000000 0.000000 0.000000 0.000000 0.000000 0.000000 0.000000 0.000000 0.000000 0.000000 0.000000 0.000000 0.000000 0.000000 0.000000 0.000000 0.000000 0.000000 0.000000 0.000000 0.000000 0.000000 0.000000 0.000000 0.000000 
0.000000 0.000000 0.000000 0.000000 0.000000 0.000000 0.000000 0.000000 0.000000 0.000000 0.000000 0.000000 0.000000 0.000000 0.000000 0.000000 0.000000 0.000000 0.000000 0.000000 0.000000 0.000000 0.000000 0.000000 0.000000 0.000001 0.000001 0.000001 0.000002 0.000003 0.000004 0.000006 0.000009 0.000012 0.000017 0.000022 0.000030 0.000038 0.000048 0.000060 0.000073 0.000088 0.000103 0.000119 0.000135 0.000150 0.000163 0.000174 0.000183 0.000188 0.000190 0.000188 0.000183 0.000174 0.000163 0.000150 0.000135 0.000119 0.000103 0.000088 0.000073 0.000060 0.000048 0.000038 0.000030 0.000022 0.000017 0.000012 0.000009 0.000006 0.000004 0.000003 0.000002 0.000001 0.000001 0.000001 0.000000 0.000000 0.000000 0.000000 0.000000 0.000000 0.000000 0.000000 0.000000 0.000000 0.000000 0.000000 0.000000 0.000000 0.000000 0.000000 0.000000 0.000000 0.000000 0.000000 0.000000 0.000000 0.000000 0.000000 
0.000000 0.000000 0.000000 0.000000 0.000000 0.000000 0.000000 0.000000 0.000000 0.000000 0.000000 0.000000 0.000000 0.000000 0.000000 0.000000 0.000000 0.000000 0.000000 0.000000 0.000000 0.000000 0.000000 0.000000 0.000001 0.000001 0.000002 0.000003 0.000004 0.000006 0.000009 0.000013 0.000018 0.000025 0.000034 0.000045 0.000059 0.000077 0.000097 0.000121 0.000147 0.000176 0.000207 0.000238 0.000270 0.000299 0.000326 0.000348 0.000365 0.000376 0.000379 0.000376 0.000365 0.000348 0.000326 0.000299 0.000270 0.000238 0.000207 0.000176 0.000147 0.000121 0.000097 0.000077 0.000059 0.000045 0.000034 0.000025 0.000018 0.000013 0.000009 0.000006 0.000004 0.000003 0.000002 0.000001 0.000001 0.000000 0.000000 0.000000 0.000000 0.000000 0.000000 0.000000 0.000000 0.000000 0.000000 0.000000 0.000000 0.000000 0.000000 0.000000 0.000000 0.000000 0.000000 0.000000 0.000000 0.000000 0.000000 0.000000 
0.000000 0.000000 0.000000 0.000000 0.000000 0.000000 0.000000 0.000000 0.000000 0.000000 0.000000 0.000000 0.000000 0.000000 0.000000 0.000000 0.000000 0.000000 0.000000 0.000000 0.000000 0.000000 0.000000 0.000001 0.000001 0.000002 0.000003 0.000005 0.000008 0.000012 0.000017 0.000025 0.000035 0.000049 0.000067 0.000089 0.000117 0.000151 0.000191 0.000238 0.000290 0.000347 0.000407 0.000469 0.000530 0.000589 0.000641 0.000685 0.000718 0.000739 0.000746 0.000739 0.000718 0.000685 0.000641 0.000589 0.000530 0.000469 0.000407 0.000347 0.000290 0.000238 0.000191 0.000151 0.000117 0.000089 0.000067 0.000049 0.000035 0.000025 0.000017 0.000012 0.000008 0.000005 0.000003 0.000002 0.000001 0.000001 0.000000 0.000000 0.000000 0.000000 0.000000 0.000000 0.000000 0.000000 0.000000 0.000000 0.000000 0.000000 0.000000 0.000000 0.000000 0.000000 0.000000 0.000000 0.000000 0.000000 0.000000 0.000000 
0.000000 0.000000 0.000000 0.000000 0.000000 0.000000 0.000000 0.000000 0.000000 0.000000 0.000000 0.000000 0.000000 0.000000 0.000000 0.000000 0.000000 0.000000 0.000000 0.000000 0.000000 0.000001 0.000001 0.000002 0.000003 0.000004 0.000006 0.000010 0.000015 0.000023 0.000034 0.000048 0.000068 0.000095 0.000129 0.000173 0.000228 0.000293 0.000371 0.000461 0.000561 0.000671 0.000788 0.000908 0.001026 0.001139 0.001239 0.001324 0.001388 0.001428 0.001442 0.001428 0.001388 0.001324 0.001239 0.001139 0.001026 0.000908 0.000788 0.000671 0.000561 0.000461 0.000371 0.000293 0.000228 0.000173 0.000129 0.000095 0.000068 0.000048 0.000034 0.000023 0.000015 0.000010 0.000006 0.000004 0.000003 0.000002 0.000001 0.000001 0.000000 0.000000 0.000000 0.000000 0.000000 0.000000 0.000000 0.000000 0.000000 0.000000 0.000000 0.000000 0.000000 0.000000 0.000000 0.000000 0.000000 0.000000 0.000000 0.000000 
0.000000 0.000000 0.000000 0.000000 0.000000 0.000000 0.000000 0.000000 0.000000 0.000000 0.000000 0.000000 0.000000 0.000000 0.000000 0.000000 0.000000 0.000000 0.000000 0.000000 0.000001 0.000001 0.000002 0.000003 0.000005 0.000008 0.000012 0.000019 0.000029 0.000044 0.000064 0.000093 0.000131 0.000182 0.000248 0.000331 0.000434 0.000560 0.000708 0.000878 0.001070 0.001279 0.001501 0.001728 0.001953 0.002166 0.002357 0.002518 0.002640 0.002715 0.002741 0.002715 0.002640 0.002518 0.002357 0.002166 0.001953 0.001728 0.001501 0.001279 0.001070 0.000878 0.000708 0.000560 0.000434 0.000331 0.000248 0.000182 0.000131 0.000093 0.000064 0.000044 0.000029 0.000019 0.000012 0.000008 0.000005 0.000003 0.000002 0.000001 0.000001 0.000000 0.000000 0.000000 0.000000 0.000000 0.000000 0.000000 0.000000 0.000000 0.000000 0.000000 0.000000 0.000000 0.000000 0.000000 0.000000 0.000000 0.000000 0.000000 
0.000000 0.000000 0.000000 0.000000 0.000000 0.000000 0.000000 0.000000 0.000000 0.000000 0.000000 0.000000 0.000000 0.000000 0.000000 0.000000 0.000000 0.000000 0.000000 0.000001 0.000001 0.000002 0.000003 0.000006 0.000009 0.000015 0.000024 0.000037 0.000056 0.000083 0.000121 0.000175 0.000247 0.000342 0.000465 0.000622 0.000815 0.001050 0.001327 0.001646 0.002004 0.002395 0.002809 0.003234 0.003654 0.004052 0.004409 0.004709 0.004936 0.005077 0.005125 0.005077 0.004936 0.004709 0.004409 0.004052 0.003654 0.003234 0.002809 0.002395 0.002004 0.001646 0.001327 0.001050 0.000815 0.000622 0.000465 0.000342 0.000247 0.000175 0.000121 0.000083 0.000056 0.000037 0.000024 0.000015 0.000009 0.000006 0.000003 0.000002 0.000001 0.000001 0.000000 0.000000 0.000000 0.000000 0.000000 0.000000 0.000000 0.000000 0.000000 0.000000 0.000000 0.000000 0.000000 0.000000 0.000000 0.000000 0.000000 0.000000 
0.000000 0.000000 0.000000 0.000000 0.000000 0.000000 0.000000 0.000000 0.000000 0.000000 0.000000 0.000000 0.000000 0.000000 0.000000 0.000000 0.000000 0.000000 0.000001 0.000001 0.000002 0.000004 0.000006 0.000011 0.000017 0.000028 0.000044 0.000068 0.000103 0.000154 0.000225 0.000323 0.000456 0.000632 0.000860 0.001148 0.001505 0.001936 0.002446 0.003033 0.003692 0.004410 0.005171 0.005952 0.006723 0.007453 0.008109 0.008659 0.009075 0.009334 0.009422 0.009334 0.009075 0.008659 0.008109 0.007453 0.006723 0.005952 0.005171 0.004410 0.003692 0.003033 0.002446 0.001936 0.001505 0.001148 0.000860 0.000632 0.000456 0.000323 0.000225 0.000154 0.000103 0.000068 0.000044 0.000028 0.000017 0.000011 0.000006 0.000004 0.000002 0.000001 0.000001 0.000000 0.000000 0.000000 0.000000 0.000000 0.000000 0.000000 0.000000 0.000000 0.000000 0.000000 0.000000 0.000000 0.000000 0.000000 0.000000 0.000000 
0.000000 0.000000 0.000000 0.000000 0.000000 0.000000 0.000000 0.000000 0.000000 0.000000 0.000000 0.000000 0.000000 0.000000 0.000000 0.000000 0.000000 0.000001 0.000001 0.000002 0.000004 0.000007 0.000012 0.000020 0.000032 0.000051 0.000080 0.000124 0.000188 0.000280 0.000410 0.000588 0.000830 0.001149 0.001562 0.002084 0.002730 0.003512 0.004434 0.005496 0.006686 0.007985 0.009360 0.010769 0.012161 0.013479 0.014663 0.015655 0.016405 0.016873 0.017031 0.016873 0.016405 0.015655 0.014663 0.013479 0.012161 0.010769 0.009360 0.007985 0.006686 0.005496 0.004434 0.003512 0.002730 0.002084 0.001562 0.001149 0.000830 0.000588 0.000410 0.000280 0.000188 0.000124 0.000080 0.000051 0.000032 0.000020 0.000012 0.000007 0.000004 0.000002 0.000001 0.000001 0.000000 0.000000 0.000000 0.000000 0.000000 0.000000 0.000000 0.000000 0.000000 0.000000 0.000000 0.000000 0.000000 0.000000 0.000000 0.000000 
0.000000 0.000000 0.000000 0.000000 0.000000 0.000000 0.000000 0.000000 0.000000 0.000000 0.000000 0.000000 0.000000 0.000000 0.000000 0.000000 0.000001 0.000001 0.000002 0.000004 0.000007 0.000013 0.000021 0.000035 0.000057 0.000092 0.000144 0.000223 0.000337 0.000502 0.000734 0.001053 0.001483 0.002053 0.002789 0.003719 0.004871 0.006261 0.007902 0.009790 0.011906 0.014213 0.016655 0.019156 0.021627 0.023966 0.026068 0.027829 0.029159 0.029988 0.030269 0.029988 0.029159 0.027829 0.026068 0.023966 0.021627 0.019156 0.016655 0.014213 0.011906 0.009790 0.007902 0.006261 0.004871 0.003719 0.002789 0.002053 0.001483 0.001053 0.000734 0.000502 0.000337 0.000223 0.000144 0.000092 0.000057 0.000035 0.000021 0.000013 0.000007 0.000004 0.000002 0.000001 0.000001 0.000000 0.000000 0.000000 0.000000 0.000000 0.000000 0.000000 0.000000 0.000000 0.000000 0.000000 0.000000 0.000000 0.000000 0.000000 
0.000000 0.000000 0.000000 0.000000 0.000000 0.000000 0.000000 0.000000 0.000000 0.000000 0.000000 0.000000 0.000000 0.000000 0.000000 0.000001 0.000001 0.000002 0.000004 0.000007 0.000013 0.000022 0.000038 0.000062 0.000101 0.000162 0.000255 0.000393 0.000594 0.000884 0.001291 0.001851 0.002607 0.003605 0.004895 0.006525 0.008540 0.010974 0.013843 0.017143 0.020840 0.024870 0.029134 0.033501 0.037814 0.041895 0.045560 0.048632 0.050953 0.052398 0.052889 0.052398 0.050953 0.048632 0.045560 0.041895 0.037814 0.033501 0.029134 0.024870 0.020840 0.017143 0.013843 0.010974 0.008540 0.006525 0.004895 0.003605 0.002607 0.001851 0.001291 0.000884 0.000594 0.000393 0.000255 0.000162 0.000101 0.000062 0.000038 0.000022 0.000013 0.000007 0.000004 0.000002 0.000001 0.000001 0.000000 0.000000 0.000000 0.000000 0.000000 0.000000 0.000000 0.000000 0.000000 0.000000 0.000000 0.000000 0.000000 0.000000 
0.000000 0.000000 0.000000 0.000000 0.000000 0.000000 0.000000 0.000000 0.000000 0.000000 0.000000 0.000000 0.000000 0.000000 0.000001 0.000001 0.000002 0.000004 0.000007 0.000013 0.000023 0.000039 0.000066 0.000109 0.000176 0.000282 0.000442 0.000681 0.001030 0.001530 0.002233 0.003200 0.004504 0.006224 0.008446 0.011253 0.014721 0.018906 0.023839 0.029509 0.035861 0.042781 0.050100 0.057595 0.064994 0.071995 0.078281 0.083549 0.087528 0.090005 0.090847 0.090005 0.087528 0.083549 0.078281 0.071995 0.064994 0.057595 0.050100 0.042781 0.035861 0.029509 0.023839 0.018906 0.014721 0.011253 0.008446 0.006224 0.004504 0.003200 0.002233 0.001530 0.001030 0.000681 0.000442 0.000282 0.000176 0.000109 0.000066 0.000039 0.000023 0.000013 0.000007 0.000004 0.000002 0.000001 0.000001 0.000000 0.000000 0.000000 0.000000 0.000000 0.000000 0.000000 0.000000 0.000000 0.000000 0.000000 0.000000 0.000000 
0.000000 0.000000 0.000000 0.000000 0.000000 0.000000 0.000000 0.000000 0.000000 0.000000 0.000000 0.000000 0.000000 0.000001 0.000001 0.000002 0.000004 0.000007 0.000013 0.000022 0.000039 0.000067 0.000112 0.000185 0.000301 0.000481 0.000753 0.001159 0.001753 0.002603 0.003796 0.005437 0.007647 0.010562 0.014324 0.019074 0.024939 0.032015 0.040351 0.049930 0.060655 0.072336 0.084688 0.097332 0.109812 0.121617 0.132216 0.141096 0.147803 0.151979 0.153397 0.151979 0.147803 0.141096 0.132216 0.121617 0.109812 0.097332 0.084688 0.072336 0.060655 0.049930 0.040351 0.032015 0.024939 0.019074 0.014324 0.010562 0.007647 0.005437 0.003796 0.002603 0.001753 0.001159 0.000753 0.000481 0.000301 0.000185 0.000112 0.000067 0.000039 0.000022 0.000013 0.000007 0.000004 0.000002 0.000001 0.000001 0.000000 0.000000 0.000000 0.000000 0.000000 0.000000 0.000000 0.000000 0.000000 0.000000 0.000000 0.000000 
0.000000 0.000000 0.000000 0.000000 0.000000 0.000000 0.000000 0.000000 0.000000 0.000000 0.000000 0.000000 0.000000 0.000001 0.000002 0.000003 0.000006 0.000012 0.000021 0.000038 0.000066 0.000112 0.000189 0.000312 0.000506 0.000806 0.001262 0.001941 0.002933 0.004352 0.006343 0.009078 0.012761 0.017614 0.023875 0.031776 0.041527 0.053286 0.067132 0.083038 0.100839 0.120222 0.140711 0.161679 0.182370 0.201938 0.219504 0.234220 0.245333 0.252252 0.254602 0.252252 0.245333 0.234220 0.219504 0.201938 0.182370 0.161679 0.140711 0.120222 0.100839 0.083038 0.067132 0.053286 0.041527 0.031776 0.023875 0.017614 0.012761 0.009078 0.006343 0.004352 0.002933 0.001941 0.001262 0.000806 0.000506 0.000312 0.000189 0.000112 0.000066 0.000038 0.000021 0.000012 0.000006 0.000003 0.000002 0.000001 0.000000 0.000000 0.000000 0.000000 0.000000 0.000000 0.000000 0.000000 0.000000 0.000000 0.000000 0.000000 
0.000000 0.000000 0.000000 0.000000 0.000000 0.000000 0.000000 0.000000 0.000000 0.000000 0.000000 0.000000 0.000001 0.000002 0.000003 0.000006 0.000011 0.000020 0.000035 0.000062 0.000109 0.000185 0.000312 0.000514 0.000834 0.001328 0.002078 0.003193 0.004821 0.007150 0.010413 0.014895 0.020925 0.028868 0.039108 0.052026 0.067959 0.087165 0.109771 0.135728 0.164770 0.196382 0.229789 0.263968 0.297687 0.329571 0.358189 0.382159 0.400259 0.411529 0.415356 0.411529 0.400259 0.382159 0.358189 0.329571 0.297687 0.263968 0.229789 0.196382 0.164770 0.135728 0.109771 0.087165 0.067959 0.052026 0.039108 0.028868 0.020925 0.014895 0.010413 0.007150 0.004821 0.003193 0.002078 0.001328 0.000834 0.000514 0.000312 0.000185 0.000109 0.000062 0.000035 0.000020 0.000011 0.000006 0.000003 0.000002 0.000001 0.000000 0.000000 0.000000 0.000000 0.000000 0.000000 0.000000 0.000000 0.000000 0.000000 0.000000 
0.000000 0.000000 0.000000 0.000000 0.000000 0.000000 0.000000 0.000000 0.000000 0.000000 0.000000 0.000001 0.000001 0.000003 0.000005 0.000009 0.000017 0.000032 0.000057 0.000101 0.000176 0.000301 0.000506 0.000834 0.001351 0.002149 0.003361 0.005162 0.007788 0.011542 0.016799 0.024016 0.033719 0.046493 0.062954 0.083708 0.109296 0.140126 0.176400 0.218036 0.264604 0.315277 0.368813 0.423573 0.477584 0.528647 0.574471 0.612848 0.641824 0.659865 0.665991 0.659865 0.641824 0.612848 0.574471 0.528647 0.477584 0.423573 0.368813 0.315277 0.264604 0.218036 0.176400 0.140126 0.109296 0.083708 0.062954 0.046493 0.033719 0.024016 0.016799 0.011542 0.007788 0.005162 0.003361 0.002149 0.001351 0.000834 0.000506 0.000301 0.000176 0.000101 0.000057 0.000032 0.000017 0.000009 0.000005 0.000003 0.000001 0.000001 0.000000 0.000000 0.000000 0.000000 0.000000 0.000000 0.000000 0.000000 0.000000 0.000000 
0.000000 0.000000 0.000000 0.000000 0.000000 0.000000 0.000000 0.000000 0.000000 0.000000 0.000001 0.000001 0.000002 0.000004 0.000008 0.000015 0.000028 0.000051 0.000092 0.000162 0.000282 0.000481 0.000806 0.001328 0.002149 0.003419 0.005341 0.008198 0.012361 0.018306 0.026630 0.038048 0.053391 0.073580 0.099583 0.132352 0.172736 0.221373 0.278575 0.344211 0.417598 0.497430 0.581749 0.667976 0.753007 0.833381 0.905499 0.965890 1.011483 1.039869 1.049507 1.039869 1.011483 0.965890 0.905499 0.833381 0.753007 0.667976 0.581749 0.497430 0.417598 0.344211 0.278575 0.221373 0.172736 0.132352 0.099583 0.073580 0.053391 0.038048 0.026630 0.018306 0.012361 0.008198 0.005341 0.003419 0.002149 0.001328 0.000806 0.000481 0.000282 0.000162 0.000092 0.000051 0.000028 0.000015 0.000008 0.000004 0.000002 0.000001 0.000001 0.000000 0.000000 0.000000 0.000000 0.000000 0.000000 0.000000 0.000000 0.000000 
0.000000 0.000000 0.000000 0.000000 0.000000 0.000000 0.000000 0.000000 0.000000 0.000000 0.000001 0.000002 0.000003 0.000006 0.000012 0.000024 0.000044 0.000080 0.000144 0.000255 0.000442 0.000753 0.001262 0.002078 0.003361 0.005341 0.008340 0.012792 0.019275 0.028529 0.041477 0.059228 0.083068 0.114422 0.154786 0.205630 0.268262 0.343664 0.432313 0.533996 0.647651 0.771254 0.901770 1.035209 1.166771 1.291106 1.402653 1.496052 1.566558 1.610452 1.625355 1.610452 1.566558 1.496052 1.402653 1.291106 1.166771 1.035209 0.901770 0.771254 0.647651 0.533996 0.432313 0.343664 0.268262 0.205630 0.154786 0.114422 0.083068 0.059228 0.041477 0.028529 0.019275 0.012792 0.008340 0.005341 0.003361 0.002078 0.001262 0.000753 0.000442 0.000255 0.000144 0.000080 0.000044 0.000024 0.000012 0.000006 0.000003 0.000002 0.000001 0.000000 0.000000 0.000000 0.000000 0.000000 0.000000 0.000000 0.000000 0.000000 
0.000000 0.000000 0.000000 0.000000 0.000000 0.000000 0.000000 0.000000 0.000000 0.000001 0.000001 0.000003 0.000005 0.000010 0.000019 0.000037 0.000068 0.000124 0.000223 0.000393 0.000681 0.001159 0.001941 0.003193 0.005162 0.008198 0.012792 0.019609 0.029528 0.043680 0.063469 0.090585 0.126983 0.174828 0.236395 0.313914 0.409366 0.524236 0.659239 0.814040 0.987017 1.175080 1.373615 1.576551 1.776594 1.965616 2.135175 2.277131 2.384286 2.450990 2.473638 2.450990 2.384286 2.277131 2.135175 1.965616 1.776594 1.576551 1.373615 1.175080 0.987017 0.814040 0.659239 0.524236 0.409366 0.313914 0.236395 0.174828 0.126983 0.090585 0.063469 0.043680 0.029528 0.019609 0.012792 0.008198 0.005162 0.003193 0.001941 0.001159 0.000681 0.000393 0.000223 0.000124 0.000068 0.000037 0.000019 0.000010 0.000005 0.000003 0.000001 0.000001 0.000000 0.000000 0.000000 0.000000 0.000000 0.000000 0.000000 0.000000 
0.000000 0.000000 0.000000 0.000000 0.000000 0.000000 0.000000 0.000000 0.000000 0.000001 0.000002 0.000004 0.000008 0.000015 0.000029 0.000056 0.000103 0.000188 0.000337 0.000594 0.001030 0.001753 0.002933 0.004821 0.007788 0.012361 0.019275 0.029528 0.044440 0.065702 0.095417 0.136113 0.190712 0.262450 0.354722 0.470852 0.613791 0.785747 0.987770 1.219350 1.478043 1.759227 2.055997 2.359281 2.658188 2.940582 3.193867 3.405895 3.565931 3.665548 3.699370 3.665548 3.565931 3.405895 3.193867 2.940582 2.658188 2.359281 2.055997 1.759227 1.478043 1.219350 0.987770 0.785747 0.613791 0.470852 0.354722 0.262450 0.190712 0.136113 0.095417 0.065702 0.044440 0.029528 0.019275 0.012361 0.007788 0.004821 0.002933 0.001753 0.001030 0.000594 0.000337 0.000188 0.000103 0.000056 0.000029 0.000015 0.000008 0.000004 0.000002 0.000001 0.000000 0.000000 0.000000 0.000000 0.000000 0.000000 0.000000 0.000000 
0.000000 0.000000 0.000000 0.000000 0.000000 0.000000 0.000000 0.000000 0.000001 0.000001 0.000003 0.000006 0.000012 0.000023 0.000044 0.000083 0.000154 0.000280 0.000502 0.000884 0.001530 0.002603 0.004352 0.007150 0.011542 0.018306 0.028529 0.043680 0.065702 0.097084 0.140921 0.200926 0.281395 0.387076 0.522947 0.693883 0.904201 1.157124 1.454178 1.794586 2.174748 2.587856 3.023763 3.469150 3.908031 4.322605 4.694397 5.005598 5.240470 5.386664 5.436298 5.386664 5.240470 5.005598 4.694397 4.322605 3.908031 3.469150 3.023763 2.587856 2.174748 1.794586 1.454178 1.157124 0.904201 0.693883 0.522947 0.387076 0.281395 0.200926 0.140921 0.097084 0.065702 0.043680 0.028529 0.018306 0.011542 0.007150 0.004352 0.002603 0.001530 0.000884 0.000502 0.000280 0.000154 0.000083 0.000044 0.000023 0.000012 0.000006 0.000003 0.000001 0.000001 0.000000 0.000000 0.000000 0.000000 0.000000 0.000000 0.000000 
0.000000 0.000000 0.000000 0.000000 0.000000 0.000000 0.000000 0.000000 0.000001 0.000002 0.000004 0.000009 0.000017 0.000034 0.000064 0.000121 0.000225 0.000410 0.000734 0.001291 0.002233 0.003796 0.006343 0.010413 0.016799 0.026630 0.041477 0.063469 0.095417 0.140921 0.204451 0.291374 0.407886 0.560838 0.757406 1.004607 1.308654 1.674171 2.103329 2.594984 3.143909 3.740263 4.369394 5.012084 5.645279 6.243320 6.779581 7.228405 7.567120 7.777940 7.849514 7.777940 7.567120 7.228405 6.779581 6.243320 5.645279 5.012084 4.369394 3.740263 3.143909 2.594984 2.103329 1.674171 1.308654 1.004607 0.757406 0.560838 0.407886 0.291374 0.204451 0.140921 0.095417 0.063469 0.041477 0.026630 0.016799 0.010413 0.006343 0.003796 0.002233 0.001291 0.000734 0.000410 0.000225 0.000121 0.000064 0.000034 0.000017 0.000009 0.000004 0.000002 0.000001 0.000000 0.000000 0.000000 0.000000 0.000000 0.000000 0.000000 
0.000000 0.000000 0.000000 0.000000 0.000000 0.000000 0.000000 0.000001 0.000001 0.000003 0.000006 0.000013 0.000025 0.000048 0.000093 0.000175 0.000323 0.000588 0.001053 0.001851 0.003200 0.005437 0.009078 0.014895 0.024016 0.038048 0.059228 0.090585 0.136113 0.200926 0.291374 0.415069 0.580800 0.798275 1.077658 1.428880 1.860720 2.379702 2.988866 3.686549 4.465306 5.311157 6.203316 7.114536 8.012150 8.859813 9.619824 10.255856 10.735819 11.034540 11.135954 11.034540 10.735819 10.255856 9.619824 8.859813 8.012150 7.114536 6.203316 5.311157 4.465306 3.686549 2.988866 2.379702 1.860720 1.428880 1.077658 0.798275 0.580800 0.415069 0.291374 0.200926 0.136113 0.090585 0.059228 0.038048 0.024016 0.014895 0.009078 0.005437 0.003200 0.001851 0.001053 0.000588 0.000323 0.000175 0.000093 0.000048 0.000025 0.000013 0.000006 0.000003 0.000001 0.000001 0.000000 0.000000 0.000000 0.000000 0.000000 0.000000 
0.000000 0.000000 0.000000 0.000000 0.000000 0.000000 0.000000 0.000001 0.000002 0.000004 0.000009 0.000018 0.000035 0.000068 0.000131 0.000247 0.000456 0.000830 0.001483 0.002607 0.004504 0.007647 0.012761 0.020925 0.033719 0.053391 0.083068 0.126983 0.190712 0.281395 0.407886 0.580800 0.812382 1.116150 1.506249 1.996486 2.599055 3.322999 4.172503 5.145197 6.230664 7.409397 8.652418 9.921776 11.171991 12.352479 13.410785 14.296375 14.964616 15.380500 15.521687 15.380500 14.964616 14.296375 13.410785 12.352479 11.171991 9.921776 8.652418 7.409397 6.230664 5.145197 4.172503 3.322999 2.599055 1.996486 1.506249 1.116150 0.812382 0.580800 0.407886 0.281395 0.190712 0.126983 0.083068 0.053391 0.033719 0.020925 0.012761 0.007647 0.004504 0.002607 0.001483 0.000830 0.000456 0.000247 0.000131 0.000068 0.000035 0.000018 0.000009 0.000004 0.000002 0.000001 0.000000 0.000000 0.000000 0.000000 0.000000 0.000000 
0.000000 0.000000 0.000000 0.000000 0.000000 0.000000 0.000001 0.000001 0.000003 0.000006 0.000012 0.000025 0.000049 0.000095 0.000182 0.000342 0.000632 0.001149 0.002053 0.003605 0.006224 0.010562 0.017614 0.028868 0.046493 0.073580 0.114422 0.174828 0.262450 0.387076 0.560838 0.798275 1.116150 1.532958 2.068035 2.740248 3.566238 4.558322 5.722163 7.054449 8.540865 10.154665 11.856169 13.593437 15.304262 16.919471 18.367354 19.578843 20.492941 21.061812 21.254932 21.061812 20.492941 19.578843 18.367354 16.919471 15.304262 13.593437 11.856169 10.154665 8.540865 7.054449 5.722163 4.558322 3.566238 2.740248 2.068035 1.532958 1.116150 0.798275 0.560838 0.387076 0.262450 0.174828 0.114422 0.073580 0.046493 0.028868 0.017614 0.010562 0.006224 0.003605 0.002053 0.001149 0.000632 0.000342 0.000182 0.000095 0.000049 0.000025 0.000012 0.000006 0.000003 0.000001 0.000001 0.000000 0.000000 0.000000 0.000000 0.000000 
0.000000 0.000000 0.000000 0.000000 0.000000 0.000000 0.000001 0.000002 0.000004 0.000008 0.000017 0.000034 0.000067 0.000129 0.000248 0.000465 0.000860 0.001562 0.002789 0.004895 0.008446 0.014324 0.023875 0.039108 0.062954 0.099583 0.154786 0.236395 0.354722 0.522947 0.757406 1.077658 1.506249 2.068035 2.788994 3.694449 4.806718 6.142285 7.708683 9.501373 11.501031 13.671638 15.959810 18.295715 20.595753 22.766992 24.713115 26.341370 27.569858 28.334353 28.593879 28.334353 27.569858 26.341370 24.713115 22.766992 20.595753 18.295715 15.959810 13.671638 11.501031 9.501373 7.708683 6.142285 4.806718 3.694449 2.788994 2.068035 1.506249 1.077658 0.757406 0.522947 0.354722 0.236395 0.154786 0.099583 0.062954 0.039108 0.023875 0.014324 0.008446 0.004895 0.002789 0.001562 0.000860 0.000465 0.000248 0.000129 0.000067 0.000034 0.000017 0.000008 0.000004 0.000002 0.000001 0.000000 0.000000 0.000000 0.000000 0.000000 
0.000000 0.000000 0.000000 0.000000 0.000000 0.000001 0.000001 0.000003 0.000005 0.000011 0.000022 0.000045 0.000089 0.000173 0.000331 0.000622 0.001148 0.002084 0.003719 0.006525 0.011253 0.019074 0.031776 0.052026 0.083708 0.132352 0.205630 0.313914 0.470852 0.693883 1.004607 1.428880 1.996486 2.740248 3.694449 4.892486 6.363766 8.129972 10.200946 12.570593 15.213288 18.081382 21.104325 24.189879 27.227666 30.095029 32.664866 34.814805 36.436804 37.446147 37.788786 37.446147 36.436804 34.814805 32.664866 30.095029 27.227666 24.189879 21.104325 18.081382 15.213288 12.570593 10.200946 8.129972 6.363766 4.892486 3.694449 2.740248 1.996486 1.428880 1.004607 0.693883 0.470852 0.313914 0.205630 0.132352 0.083708 0.052026 0.031776 0.019074 0.011253 0.006525 0.003719 0.002084 0.001148 0.000622 0.000331 0.000173 0.000089 0.000045 0.000022 0.000011 0.000005 0.000003 0.000001 0.000001 0.000000 0.000000 0.000000 0.000000 
0.000000 0.000000 0.000000 0.000000 0.000000 0.000001 0.000002 0.000003 0.000007 0.000014 0.000030 0.000059 0.000117 0.000228 0.000434 0.000815 0.001505 0.002730 0.004871 0.008540 0.014721 0.024939 0.041527 0.067959 0.109296 0.172736 0.268262 0.409366 0.613791 0.904201 1.308654 1.860720 2.599055 3.566238 4.806718 6.363766 8.275453 10.569801 13.259459 16.336385 19.767216 23.490032 27.413241 31.417162 35.358628 39.078590 42.412274 45.201060 47.304924 48.614078 49.058485 48.614078 47.304924 45.201060 42.412274 39.078590 35.358628 31.417162 27.413241 23.490032 19.767216 16.336385 13.259459 10.569801 8.275453 6.363766 4.806718 3.566238 2.599055 1.860720 1.308654 0.904201 0.613791 0.409366 0.268262 0.172736 0.109296 0.067959 0.041527 0.024939 0.014721 0.008540 0.004871 0.002730 0.001505 0.000815 0.000434 0.000228 0.000117 0.000059 0.000030 0.000014 0.000007 0.000003 0.000002 0.000001 0.000000 0.000000 0.000000 0.000000 
0.000000 0.000000 0.000000 0.000000 0.000000 0.000001 0.000002 0.000004 0.000009 0.000019 0.000038 0.000077 0.000151 0.000293 0.000560 0.001050 0.001936 0.003512 0.006261 0.010974 0.018906 0.032015 0.053286 0.087165 0.140126 0.221373 0.343664 0.524236 0.785747 1.157124 1.674171 2.379702 3.322999 4.558322 6.142285 8.129972 10.569801 13.497363 16.928627 20.853192 25.228394 29.975199 34.976802 40.080653 45.104333 49.845237 54.093511 57.647170 60.327925 61.996004 62.562244 61.996004 60.327925 57.647170 54.093511 49.845237 45.104333 40.080653 34.976802 29.975199 25.228394 20.853192 16.928627 13.497363 10.569801 8.129972 6.142285 4.558322 3.322999 2.379702 1.674171 1.157124 0.785747 0.524236 0.343664 0.221373 0.140126 0.087165 0.053286 0.032015 0.018906 0.010974 0.006261 0.003512 0.001936 0.001050 0.000560 0.000293 0.000151 0.000077 0.000038 0.000019 0.000009 0.000004 0.000002 0.000001 0.000000 0.000000 0.000000 0.000000 
0.000000 0.000000 0.000000 0.000000 0.000001 0.000001 0.000003 0.000005 0.000011 0.000024 0.000048 0.000097 0.000191 0.000371 0.000708 0.001327 0.002446 0.004434 0.007902 0.013843 0.023839 0.040351 0.067132 0.109771 0.176400 0.278575 0.432313 0.659239 0.987770 1.454178 2.103329 2.988866 4.172503 5.722163 7.708683 10.200946 13.259459 16.928627 21.228274 26.145201 31.625825 37.571066 43.834603 50.225433 56.515228 62.450454 67.768554 72.216855 75.572348 77.660216 78.368944 77.660216 75.572348 72.216855 67.768554 62.450454 56.515228 50.225433 43.834603 37.571066 31.625825 26.145201 21.228274 16.928627 13.259459 10.200946 7.708683 5.722163 4.172503 2.988866 2.103329 1.454178 0.987770 0.659239 0.432313 0.278575 0.176400 0.109771 0.067132 0.040351 0.023839 0.013843 0.007902 0.004434 0.002446 0.001327 0.000708 0.000371 0.000191 0.000097 0.000048 0.000024 0.000011 0.000005 0.000003 0.000001 0.000001 0.000000 0.000000 0.000000 
0.000000 0.000000 0.000000 0.000000 0.000001 0.000001 0.000003 0.000007 0.000014 0.000030 0.000060 0.000121 0.000238 0.000461 0.000878 0.001646 0.003033 0.005496 0.009790 0.017143 0.029509 0.049930 0.083038 0.135728 0.218036 0.344211 0.533996 0.814040 1.219350 1.794586 2.594984 3.686549 5.145197 7.054449 9.501373 12.570593 16.336385 20.853192 26.145201 32.195975 38.939432 46.253570 53.958354 61.818867 69.554374 76.853221 83.392714 88.862344 92.988091 95.555159 96.426541 95.555159 92.988091 88.862344 83.392714 76.853221 69.554374 61.818867 53.958354 46.253570 38.939432 32.195975 26.145201 20.853192 16.336385 12.570593 9.501373 7.054449 5.145197 3.686549 2.594984 1.794586 1.219350 0.814040 0.533996 0.344211 0.218036 0.135728 0.083038 0.049930 0.029509 0.017143 0.009790 0.005496 0.003033 0.001646 0.000878 0.000461 0.000238 0.000121 0.000060 0.000030 0.000014 0.000007 0.000003 0.000001 0.000001 0.000000 0.000000 0.000000 
0.000000 0.000000 0.000000 0.000000 0.000001 0.000002 0.000004 0.000008 0.000017 0.000036 0.000073 0.000147 0.000290 0.000561 0.001070 0.002004 0.003692 0.006686 0.011906 0.020840 0.035861 0.060655 0.100839 0.164770 0.264604 0.417598 0.647651 0.987017 1.478043 2.174748 3.143909 4.465306 6.230664 8.540865 11.501031 15.213288 19.767216 25.228394 31.625825 38.939432 47.089179 55.927525 65.236886 74.733466 84.078212 92.894801 100.793643 107.399905 112.382828 115.483160 116.535543 115.483160 112.382828 107.399905 100.793643 92.894801 84.078212 74.733466 65.236886 55.927525 47.089179 38.939432 31.625825 25.228394 19.767216 15.213288 11.501031 8.540865 6.230664 4.465306 3.143909 2.174748 1.478043 0.987017 0.647651 0.417598 0.264604 0.164770 0.100839 0.060655 0.035861 0.020840 0.011906 0.006686 0.003692 0.002004 0.001070 0.000561 0.000290 0.000147 0.000073 0.000036 0.000017 0.000008 0.000004 0.000002 0.000001 0.000000 0.000000 0.000000 
0.000000 0.000000 0.000000 0.000000 0.000001 0.000002 0.000005 0.000010 0.000021 0.000043 0.000088 0.000176 0.000347 0.000671 0.001279 0.002395 0.004410 0.007985 0.014213 0.024870 0.042781 0.072336 0.120222 0.196382 0.315277 0.497430 0.771254 1.175080 1.759227 2.587856 3.740263 5.311157 7.409397 10.154665 13.671638 18.081382 23.490032 29.975199 37.571066 46.253570 55.927525 66.417688 77.465779 88.735047 99.823266 110.284083 119.655474 127.492963 133.404368 137.082310 138.330744 137.082310 133.404368 127.492963 119.655474 110.284083 99.823266 88.735047 77.465779 66.417688 55.927525 46.253570 37.571066 29.975199 23.490032 18.081382 13.671638 10.154665 7.409397 5.311157 3.740263 2.587856 1.759227 1.175080 0.771254 0.497430 0.315277 0.196382 0.120222 0.072336 0.042781 0.024870 0.014213 0.007985 0.004410 0.002395 0.001279 0.000671 0.000347 0.000176 0.000088 0.000043 0.000021 0.000010 0.000005 0.000002 0.000001 0.000000 0.000000 0.000000 
0.000000 0.000000 0.000000 0.000001 0.000001 0.000003 0.000005 0.000012 0.000025 0.000051 0.000103 0.000207 0.000407 0.000788 0.001501 0.002809 0.005171 0.009360 0.016655 0.029134 0.050100 0.084688 0.140711 0.229789 0.368813 0.581749 0.901770 1.373615 2.055997 3.023763 4.369394 6.203316 8.652418 11.856169 15.959810 21.104325 27.413241 34.976802 43.834603 53.958354 65.236886 77.465779 90.343914 103.478805 116.401767 128.592777 139.513622 148.646585 155.534889 159.820549 161.275252 159.820549 155.534889 148.646585 139.513622 128.592777 116.401767 103.478805 90.343914 77.465779 65.236886 53.958354 43.834603 34.976802 27.413241 21.104325 15.959810 11.856169 8.652418 6.203316 4.369394 3.023763 2.055997 1.373615 0.901770 0.581749 0.368813 0.229789 0.140711 0.084688 0.050100 0.029134 0.016655 0.009360 0.005171 0.002809 0.001501 0.000788 0.000407 0.000207 0.000103 0.000051 0.000025 0.000012 0.000005 0.000003 0.000001 0.000001 0.000000 0.000000 
