0.000000 0.000000 0.000000 0.000000 0.000000 0.000000 0.000000 0.000001 0.000001 0.000001 0.000002 0.000003 0.000004 0.000006 0.000009 0.000012 0.000017 0.000023 0.000031 0.000042 0.000056 0.000074 0.000097 0.000126 0.000161 0.000205 0.000258 0.000322 0.000398 0.000487 0.000591 0.000710 0.000846 0.000997 0.001165 0.001348 0.001546 0.001756 0.001976 0.002202 0.002432 0.002660 0.002882 0.003093 0.003289 0.003464 0.003615 0.003736 0.003825 0.003880 0.003898 0.003880 0.003825 0.003736 0.003615 0.003464 0.003289 0.003093 0.002882 0.002660 0.002432 0.002202 0.001976 0.001756 0.001546 0.001348 0.001165 0.000997 0.000846 0.000710 0.000591 0.000487 0.000398 0.000322 0.000258 0.000205 0.000161 0.000126 0.000097 0.000074 0.000056 0.000042 0.000031 0.000023 0.000017 0.000012 0.000009 0.000006 0.000004 0.000003 0.000002 0.000001 0.000001 0.000001 0.000000 0.000000 0.000000 0.000000 0.000000 0.000000 
0.000000 0.000000 0.000000 0.000000 0.000000 0.000000 0.000000 0.000001 0.000001 0.000001 0.000002 0.000003 0.000004 0.000006 0.000009 0.000012 0.000017 0.000023 0.000031 0.000042 0.000056 0.000074 0.000097 0.000126 0.000161 0.000205 0.000258 0.000322 0.000398 0.000487 0.000591 0.000710 0.000846 0.000997 0.001165 0.001348 0.001546 0.001756 0.001976 0.002202 0.002432 0.002660 0.002882 0.003093 0.003289 0.003464 0.003615 0.003736 0.003825 0.003880 0.003898 0.003880 0.003825 0.003736 0.003615 0.003464 0.003289 0.003093 0.002882 0.002660 0.002432 0.002202 0.001976 0.001756 0.001546 0.001348 0.001165 0.000997 0.000846 0.000710 0.000591 0.000487 0.000398 0.000322 0.000258 0.000205 0.000161 0.000126 0.000097 0.000074 0.000056 0.000042 0.000031 0.000023 0.000017 0.000012 0.000009 0.000006 0.000004 0.000003 0.000002 0.000001 0.000001 0.000001 0.000000 0.000000 0.000000 0.000000 0.000000 0.000000 
0.000000 0.000000 0.000000 0.000000 0.000000 0.000000 0.000001 0.000001 0.000001 0.000002 0.000003 0.000004 0.000005 0.000007 0.000011 0.000015 0.000020 0.000028 0.000038 0.000051 0.000068 0.000089 0.000116 0.000151 0.000193 0.000246 0.000309 0.000386 0.000477 0.000584 0.000708 0.000851 0.001013 0.001195 0.001396 0.001615 0.001852 0.002103 0.002366 0.002637 0.002911 0.003184 0.003450 0.003703 0.003937 0.004147 0.004327 0.004472 0.004579 0.004644 0.004666 0.004644 0.004579 0.004472 0.004327 0.004147 0.003937 0.003703 0.003450 0.003184 0.002911 0.002637 0.002366 0.002103 0.001852 0.001615 0.001396 0.001195 0.001013 0.000851 0.000708 0.000584 0.000477 0.000386 0.000309 0.000246 0.000193 0.000151 0.000116 0.000089 0.000068 0.000051 0.000038 0.000028 0.000020 0.000015 0.000011 0.000007 0.000005 0.000004 0.000003 0.000002 0.000001 0.000001 0.000001 0.000000 0.000000 0.000000 0.000000 0.000000 
0.000000 0.000000 0.000000 0.000000 0.000000 0.000000 0.000001 0.000001 0.000002 0.000002 0.000003 0.000005 0.000007 0.000010 0.000014 0.000020 0.000028 0.000038 0.000051 0.000069 0.000092 0.000121 0.000158 0.000205 0.000263 0.000334 0.000420 0.000524 0.000648 0.000793 0.000962 0.001155 0.001375 0.001621 0.001893 0.002191 0.002511 0.002852 0.003208 0.003575 0.003947 0.004317 0.004677 0.005019 0.005336 0.005620 0.005864 0.006060 0.006205 0.006293 0.006323 0.006293 0.006205 0.006060 0.005864 0.005620 0.005336 0.005019 0.004677 0.004317 0.003947 0.003575 0.003208 0.002852 0.002511 0.002191 0.001893 0.001621 0.001375 0.001155 0.000962 0.000793 0.000648 0.000524 0.000420 0.000334 0.000263 0.000205 0.000158 0.000121 0.000092 0.000069 0.000051 0.000038 0.000028 0.000020 0.000014 0.000010 0.000007 0.000005 0.000003 0.000002 0.000002 0.000001 0.000001 0.000000 0.000000 0.000000 0.000000 0.000000 
0.000000 0.000000 0.000000 0.000000 0.000000 0.000001 0.000001 0.000002 0.000002 0.000003 0.000005 0.000007 0.000010 0.000015 0.000021 0.000029 0.000040 0.000055 0.000074 0.000100 0.000133 0.000176 0.000229 0.000297 0.000381 0.000483 0.000608 0.000759 0.000937 0.001147 0.001390 0.001670 0.001987 0.002343 0.002736 0.003166 0.003628 0.004120 0.004634 0.005164 0.005700 0.006234 0.006753 0.007247 0.007705 0.008114 0.008465 0.008749 0.008958 0.009085 0.009128 0.009085 0.008958 0.008749 0.008465 0.008114 0.007705 0.007247 0.006753 0.006234 0.005700 0.005164 0.004634 0.004120 0.003628 0.003166 0.002736 0.002343 0.001987 0.001670 0.001390 0.001147 0.000937 0.000759 0.000608 0.000483 0.000381 0.000297 0.000229 0.000176 0.000133 0.000100 0.000074 0.000055 0.000040 0.000029 0.000021 0.000015 0.000010 0.000007 0.000005 0.000003 0.000002 0.000002 0.000001 0.000001 0.000001 0.000000 0.000000 0.000000 
0.000000 0.000000 0.000000 0.000000 0.000001 0.000001 0.000002 0.000002 0.000003 0.000005 0.000008 0.000011 0.000016 0.000022 0.000031 0.000043 0.000060 0.000082 0.000111 0.000149 0.000198 0.000261 0.000340 0.000440 0.000565 0.000717 0.000902 0.001125 0.001389 0.001700 0.002060 0.002475 0.002944 0.003470 0.004052 0.004688 0.005372 0.006099 0.006860 0.007643 0.008437 0.009225 0.009993 0.010724 0.011400 0.012006 0.012525 0.012944 0.013253 0.013441 0.013504 0.013441 0.013253 0.012944 0.012525 0.012006 0.011400 0.010724 0.009993 0.009225 0.008437 0.007643 0.006860 0.006099 0.005372 0.004688 0.004052 0.003470 0.002944 0.002475 0.002060 0.001700 0.001389 0.001125 0.000902 0.000717 0.000565 0.000440 0.000340 0.000261 0.000198 0.000149 0.000111 0.000082 0.000060 0.000043 0.000031 0.000022 0.000016 0.000011 0.000008 0.000005 0.000004 0.000002 0.000002 0.000001 0.000001 0.000001 0.000000 0.000000 
0.000000 0.000000 0.000001 0.000001 0.000001 0.000002 0.000002 0.000004 0.000005 0.000008 0.000011 0.000016 0.000023 0.000033 0.000046 0.000065 0.000089 0.000122 0.000165 0.000222 0.000295 0.000389 0.000508 0.000657 0.000842 0.001069 0.001345 0.001676 0.002070 0.002532 0.003069 0.003686 0.004385 0.005167 0.006033 0.006979 0.007997 0.009078 0.010209 0.011374 0.012554 0.013727 0.014868 0.015954 0.016960 0.017860 0.018632 0.019255 0.019713 0.019993 0.020087 0.019993 0.019713 0.019255 0.018632 0.017860 0.016960 0.015954 0.014868 0.013727 0.012554 0.011374 0.010209 0.009078 0.007997 0.006979 0.006033 0.005167 0.004385 0.003686 0.003069 0.002532 0.002070 0.001676 0.001345 0.001069 0.000842 0.000657 0.000508 0.000389 0.000295 0.000222 0.000165 0.000122 0.000089 0.000065 0.000046 0.000033 0.000023 0.000016 0.000011 0.000008 0.000005 0.000004 0.000002 0.000002 0.000001 0.000001 0.000001 0.000001 
0.000001 0.000001 0.000001 0.000001 0.000002 0.000002 0.000004 0.000005 0.000008 0.000011 0.000017 0.000024 0.000035 0.000049 0.000069 0.000096 0.000133 0.000182 0.000246 0.000330 0.000439 0.000578 0.000755 0.000977 0.001251 0.001589 0.001999 0.002491 0.003075 0.003762 0.004559 0.005473 0.006510 0.007671 0.008956 0.010358 0.011868 0.013471 0.015148 0.016876 0.018625 0.020363 0.022055 0.023665 0.025155 0.026489 0.027633 0.028557 0.029236 0.029651 0.029790 0.029651 0.029236 0.028557 0.027633 0.026489 0.025155 0.023665 0.022055 0.020363 0.018625 0.016876 0.015148 0.013471 0.011868 0.010358 0.008956 0.007671 0.006510 0.005473 0.004559 0.003762 0.003075 0.002491 0.001999 0.001589 0.001251 0.000977 0.000755 0.000578 0.000439 0.000330 0.000246 0.000182 0.000133 0.000096 0.000069 0.000049 0.000035 0.000024 0.000017 0.000012 0.000008 0.000005 0.000004 0.000002 0.000002 0.000001 0.000001 0.000001 
0.000001 0.000001 0.000001 0.000002 0.000002 0.000003 0.000005 0.000008 0.000012 0.000017 0.000025 0.000036 0.000051 0.000073 0.000102 0.000142 0.000196 0.000268 0.000364 0.000488 0.000649 0.000855 0.001115 0.001442 0.001848 0.002346 0.002950 0.003676 0.004538 0.005551 0.006726 0.008074 0.009602 0.011314 0.013207 0.015273 0.017497 0.019859 0.022330 0.024874 0.027450 0.030010 0.032502 0.034873 0.037067 0.039031 0.040716 0.042076 0.043076 0.043687 0.043892 0.043687 0.043076 0.042076 0.040716 0.039031 0.037067 0.034873 0.032502 0.030010 0.027450 0.024874 0.022330 0.019859 0.017497 0.015273 0.013207 0.011314 0.009602 0.008074 0.006726 0.005551 0.004538 0.003676 0.002950 0.002346 0.001848 0.001442 0.001115 0.000855 0.000649 0.000488 0.000364 0.000268 0.000196 0.000142 0.000102 0.000073 0.000051 0.000036 0.000025 0.000017 0.000012 0.000008 0.000005 0.000004 0.000002 0.000002 0.000002 0.000002 
0.000001 0.000001 0.000002 0.000002 0.000003 0.000005 0.000008 0.000011 0.000017 0.000025 0.000036 0.000053 0.000075 0.000107 0.000150 0.000209 0.000288 0.000394 0.000533 0.000715 0.000951 0.001252 0.001634 0.002113 0.002707 0.003436 0.004321 0.005383 0.006644 0.008125 0.009843 0.011815 0.014050 0.016552 0.019319 0.022339 0.025591 0.029043 0.032654 0.036372 0.040135 0.043875 0.047517 0.050980 0.054185 0.057055 0.059515 0.061502 0.062962 0.063854 0.064154 0.063854 0.062962 0.061502 0.059515 0.057055 0.054185 0.050980 0.047517 0.043875 0.040135 0.036372 0.032654 0.029043 0.025591 0.022339 0.019319 0.016552 0.014050 0.011815 0.009843 0.008125 0.006644 0.005383 0.004321 0.003436 0.002707 0.002113 0.001634 0.001252 0.000951 0.000715 0.000533 0.000394 0.000288 0.000209 0.000150 0.000107 0.000075 0.000053 0.000036 0.000025 0.000017 0.000012 0.000008 0.000005 0.000004 0.000003 0.000002 0.000002 
0.000002 0.000002 0.000003 0.000003 0.000005 0.000008 0.000011 0.000017 0.000025 0.000036 0.000053 0.000077 0.000110 0.000155 0.000218 0.000304 0.000419 0.000573 0.000775 0.001040 0.001382 0.001820 0.002374 0.003070 0.003931 0.004989 0.006273 0.007813 0.009643 0.011790 0.014282 0.017141 0.020381 0.024009 0.028019 0.032396 0.037108 0.042110 0.047342 0.052728 0.058180 0.063598 0.068872 0.073888 0.078530 0.082686 0.086249 0.089127 0.091241 0.092533 0.092968 0.092533 0.091241 0.089127 0.086249 0.082686 0.078530 0.073888 0.068872 0.063598 0.058180 0.052728 0.047342 0.042110 0.037108 0.032396 0.028019 0.024009 0.020381 0.017141 0.014282 0.011790 0.009643 0.007813 0.006273 0.004989 0.003931 0.003070 0.002374 0.001820 0.001382 0.001040 0.000775 0.000573 0.000419 0.000304 0.000218 0.000155 0.000110 0.000077 0.000053 0.000037 0.000025 0.000017 0.000011 0.000008 0.000005 0.000004 0.000003 0.000003 
0.000003 0.000003 0.000004 0.000005 0.000007 0.000011 0.000016 0.000024 0.000036 0.000053 0.000077 0.000111 0.000158 0.000224 0.000315 0.000438 0.000604 0.000825 0.001117 0.001498 0.001991 0.002621 0.003419 0.004419 0.005659 0.007180 0.009026 0.011241 0.013871 0.016958 0.020540 0.024648 0.029304 0.034516 0.040278 0.046565 0.053333 0.060517 0.068030 0.075765 0.083594 0.091372 0.098945 0.106146 0.112811 0.118777 0.123892 0.128022 0.131057 0.132912 0.133536 0.132912 0.131057 0.128022 0.123892 0.118777 0.112811 0.106146 0.098945 0.091372 0.083594 0.075765 0.068030 0.060517 0.053333 0.046565 0.040278 0.034516 0.029304 0.024648 0.020540 0.016958 0.013871 0.011241 0.009026 0.007180 0.005659 0.004419 0.003419 0.002621 0.001991 0.001498 0.001117 0.000825 0.000604 0.000438 0.000315 0.000224 0.000158 0.000111 0.000077 0.000053 0.000036 0.000024 0.000016 0.000011 0.000008 0.000006 0.000005 0.000005 
0.000004 0.000004 0.000005 0.000007 0.000010 0.000016 0.000023 0.000035 0.000051 0.000075 0.000110 0.000158 0.000226 0.000321 0.000450 0.000626 0.000863 0.001179 0.001595 0.002139 0.002841 0.003740 0.004878 0.006304 0.008072 0.010240 0.012871 0.016028 0.019775 0.024173 0.029276 0.035127 0.041757 0.049179 0.057382 0.066333 0.075968 0.086194 0.096888 0.107896 0.119037 0.130106 0.140881 0.151128 0.160611 0.169098 0.176376 0.182252 0.186569 0.189208 0.190096 0.189208 0.186569 0.182252 0.176376 0.169098 0.160611 0.151128 0.140881 0.130106 0.119037 0.107896 0.096888 0.086194 0.075968 0.066333 0.057382 0.049179 0.041757 0.035127 0.029276 0.024173 0.019775 0.016028 0.012871 0.010240 0.008072 0.006304 0.004878 0.003740 0.002841 0.002139 0.001595 0.001179 0.000863 0.000626 0.000450 0.000321 0.000226 0.000158 0.000110 0.000075 0.000051 0.000035 0.000024 0.000016 0.000011 0.000008 0.000007 0.000007 
0.000006 0.000006 0.000007 0.000010 0.000015 0.000022 0.000033 0.000049 0.000073 0.000107 0.000155 0.000224 0.000321 0.000454 0.000637 0.000886 0.001222 0.001668 0.002257 0.003026 0.004019 0.005290 0.006898 0.008913 0.011411 0.014474 0.018189 0.022648 0.027939 0.034148 0.041350 0.049609 0.058967 0.069440 0.081016 0.093644 0.107237 0.121663 0.136747 0.152273 0.167986 0.183597 0.198792 0.213242 0.226613 0.238581 0.248843 0.257128 0.263215 0.266936 0.268188 0.266936 0.263215 0.257128 0.248843 0.238581 0.226613 0.213242 0.198792 0.183597 0.167986 0.152273 0.136747 0.121663 0.107237 0.093644 0.081016 0.069440 0.058967 0.049609 0.041350 0.034148 0.027939 0.022648 0.018189 0.014474 0.011411 0.008913 0.006898 0.005290 0.004019 0.003026 0.002257 0.001668 0.001222 0.000886 0.000637 0.000454 0.000321 0.000224 0.000156 0.000107 0.000073 0.000049 0.000033 0.000023 0.000016 0.000012 0.000010 0.000010 
0.000009 0.000009 0.000011 0.000014 0.000021 0.000031 0.000046 0.000069 0.000102 0.000150 0.000218 0.000315 0.000450 0.000637 0.000894 0.001244 0.001714 0.002339 0.003165 0.004242 0.005634 0.007414 0.009666 0.012488 0.015984 0.020272 0.025472 0.031712 0.039116 0.047803 0.057879 0.069431 0.082519 0.097166 0.113352 0.131010 0.150014 0.170181 0.191267 0.212969 0.234931 0.256749 0.277985 0.298179 0.316864 0.333588 0.347926 0.359503 0.368008 0.373208 0.374957 0.373208 0.368008 0.359503 0.347926 0.333588 0.316864 0.298179 0.277985 0.256749 0.234931 0.212969 0.191267 0.170181 0.150014 0.131010 0.113352 0.097166 0.082519 0.069431 0.057879 0.047803 0.039116 0.031712 0.025472 0.020272 0.015984 0.012488 0.009666 0.007414 0.005634 0.004242 0.003165 0.002339 0.001714 0.001244 0.000894 0.000637 0.000450 0.000315 0.000218 0.000150 0.000102 0.000069 0.000047 0.000032 0.000022 0.000016 0.000014 0.000014 
0.000012 0.000012 0.000015 0.000020 0.000029 0.000043 0.000065 0.000096 0.000142 0.000209 0.000304 0.000438 0.000626 0.000886 0.001244 0.001729 0.002382 0.003251 0.004397 0.005893 0.007825 0.010296 0.013422 0.017337 0.022188 0.028136 0.035349 0.044002 0.054269 0.066313 0.080282 0.096295 0.114435 0.134733 0.157164 0.181631 0.207961 0.235900 0.265110 0.295172 0.325592 0.355811 0.385223 0.413189 0.439066 0.462225 0.482080 0.498112 0.509889 0.517088 0.519511 0.517088 0.509889 0.498112 0.482080 0.462225 0.439066 0.413189 0.385223 0.355811 0.325592 0.295172 0.265110 0.235900 0.207961 0.181631 0.157164 0.134733 0.114435 0.096295 0.080282 0.066313 0.054269 0.044002 0.035349 0.028136 0.022188 0.017337 0.013422 0.010296 0.007825 0.005893 0.004397 0.003251 0.002382 0.001729 0.001244 0.000886 0.000626 0.000438 0.000304 0.000209 0.000143 0.000097 0.000065 0.000044 0.000031 0.000023 0.000019 0.000019 
0.000017 0.000017 0.000020 0.000028 0.000040 0.000060 0.000089 0.000133 0.000196 0.000288 0.000419 0.000604 0.000863 0.001222 0.001714 0.002382 0.003280 0.004477 0.006054 0.008112 0.010770 0.014169 0.018468 0.023851 0.030521 0.038696 0.048611 0.060502 0.074610 0.091158 0.110348 0.132345 0.157259 0.185137 0.215939 0.249535 0.285686 0.324044 0.364144 0.405411 0.447166 0.488644 0.529010 0.567392 0.602905 0.634687 0.661935 0.683935 0.700095 0.709975 0.713299 0.709975 0.700095 0.683935 0.661935 0.634687 0.602905 0.567392 0.529010 0.488644 0.447166 0.405411 0.364144 0.324044 0.285686 0.249535 0.215939 0.185137 0.157259 0.132345 0.110348 0.091158 0.074610 0.060502 0.048611 0.038696 0.030521 0.023851 0.018468 0.014169 0.010770 0.008112 0.006054 0.004477 0.003280 0.002382 0.001714 0.001222 0.000863 0.000604 0.000419 0.000288 0.000197 0.000133 0.000090 0.000061 0.000043 0.000032 0.000027 0.000027 
0.000023 0.000023 0.000028 0.000038 0.000055 0.000082 0.000122 0.000182 0.000268 0.000394 0.000573 0.000825 0.001179 0.001668 0.002339 0.003251 0.004477 0.006109 0.008260 0.011066 0.014689 0.019321 0.025180 0.032515 0.041601 0.052738 0.066241 0.082435 0.101645 0.124175 0.150300 0.180242 0.214153 0.252092 0.294009 0.339723 0.388911 0.441097 0.495649 0.551786 0.608583 0.665000 0.719904 0.772105 0.820403 0.863625 0.900680 0.930597 0.952574 0.966009 0.970529 0.966009 0.952574 0.930597 0.900680 0.863625 0.820403 0.772105 0.719904 0.665000 0.608583 0.551786 0.495649 0.441097 0.388911 0.339723 0.294009 0.252092 0.214153 0.180242 0.150300 0.124175 0.101645 0.082435 0.066241 0.052738 0.041601 0.032515 0.025180 0.019321 0.014689 0.011066 0.008260 0.006109 0.004477 0.003251 0.002339 0.001668 0.001179 0.000825 0.000573 0.000394 0.000269 0.000182 0.000123 0.000084 0.000058 0.000043 0.000036 0.000036 
0.000031 0.000031 0.000038 0.000051 0.000074 0.000111 0.000165 0.000246 0.000364 0.000533 0.000775 0.001117 0.001595 0.002257 0.003165 0.004397 0.006054 0.008260 0.011166 0.014956 0.019851 0.026106 0.034018 0.043922 0.056188 0.071221 0.089445 0.111299 0.137219 0.167616 0.202859 0.243248 0.288985 0.340152 0.396677 0.458318 0.524638 0.594995 0.668539 0.744213 0.820774 0.896817 0.970818 1.041174 1.106265 1.164516 1.214452 1.254770 1.284385 1.302490 1.308581 1.302490 1.284385 1.254770 1.214452 1.164516 1.106265 1.041174 0.970818 0.896817 0.820774 0.744213 0.668539 0.594995 0.524638 0.458318 0.396677 0.340152 0.288985 0.243248 0.202859 0.167616 0.137219 0.111299 0.089445 0.071221 0.056188 0.043922 0.034018 0.026106 0.019851 0.014956 0.011166 0.008260 0.006054 0.004397 0.003165 0.002257 0.001595 0.001117 0.000775 0.000534 0.000364 0.000247 0.000167 0.000114 0.000079 0.000059 0.000049 0.000049 
0.000042 0.000042 0.000051 0.000069 0.000100 0.000149 0.000222 0.000330 0.000488 0.000715 0.001040 0.001498 0.002139 0.003026 0.004242 0.005893 0.008112 0.011066 0.014956 0.020031 0.026582 0.034954 0.045540 0.058790 0.075200 0.095306 0.119679 0.148903 0.183559 0.224198 0.271311 0.325297 0.386427 0.454806 0.530342 0.612706 0.701316 0.795314 0.893562 0.994651 1.096918 1.198490 1.297328 1.391295 1.478228 1.556021 1.622710 1.676551 1.716101 1.740278 1.748413 1.740278 1.716101 1.676551 1.622710 1.556021 1.478228 1.391295 1.297328 1.198490 1.096918 0.994651 0.893562 0.795314 0.701316 0.612706 0.530342 0.454806 0.386427 0.325297 0.271311 0.224198 0.183559 0.148903 0.119679 0.095306 0.075200 0.058790 0.045540 0.034954 0.026582 0.020031 0.014956 0.011066 0.008112 0.005893 0.004242 0.003026 0.002139 0.001498 0.001040 0.000716 0.000489 0.000332 0.000224 0.000153 0.000106 0.000079 0.000066 0.000066 
0.000056 0.000056 0.000068 0.000092 0.000133 0.000198 0.000295 0.000439 0.000649 0.000951 0.001382 0.001991 0.002841 0.004019 0.005634 0.007825 0.010770 0.014689 0.019851 0.026582 0.035271 0.046372 0.060409 0.077975 0.099726 0.126375 0.158674 0.197399 0.243316 0.297154 0.359562 0.431068 0.512029 0.602585 0.702607 0.811665 0.928984 1.053428 1.183491 1.317307 1.452676 1.587118 1.717935 1.842300 1.957352 2.060306 2.148561 2.219813 2.272151 2.304145 2.314910 2.304145 2.272151 2.219813 2.148561 2.060306 1.957352 1.842300 1.717935 1.587118 1.452676 1.317307 1.183491 1.053428 0.928984 0.811665 0.702607 0.602585 0.512029 0.431068 0.359562 0.297154 0.243316 0.197399 0.158674 0.126375 0.099726 0.077975 0.060409 0.046372 0.035271 0.026582 0.019851 0.014689 0.010770 0.007825 0.005634 0.004019 0.002842 0.001991 0.001382 0.000952 0.000650 0.000441 0.000298 0.000203 0.000142 0.000105 0.000088 0.000088 
0.000074 0.000074 0.000089 0.000121 0.000176 0.000261 0.000389 0.000578 0.000855 0.001252 0.001820 0.002621 0.003740 0.005290 0.007414 0.010296 0.014169 0.019321 0.026106 0.034954 0.046372 0.060959 0.079401 0.102476 0.131046 0.166044 0.208459 0.259305 0.319588 0.390264 0.472183 0.566035 0.672287 0.791120 0.922368 1.065460 1.219380 1.382639 1.553258 1.728790 1.906351 2.082687 2.254262 2.417369 2.568257 2.703275 2.819013 2.912451 2.981086 3.023041 3.037157 3.023041 2.981086 2.912451 2.819013 2.703275 2.568257 2.417369 2.254262 2.082687 1.906351 1.728790 1.553258 1.382639 1.219380 1.065460 0.922368 0.791120 0.672287 0.566035 0.472183 0.390264 0.319588 0.259305 0.208459 0.166044 0.131046 0.102476 0.079401 0.060959 0.046372 0.034954 0.026106 0.019321 0.014169 0.010296 0.007414 0.005290 0.003741 0.002621 0.001820 0.001254 0.000856 0.000581 0.000393 0.000268 0.000187 0.000139 0.000116 0.000116 
0.000097 0.000097 0.000116 0.000158 0.000229 0.000340 0.000508 0.000755 0.001115 0.001634 0.002374 0.003419 0.004878 0.006898 0.009666 0.013422 0.018468 0.025180 0.034018 0.045540 0.060409 0.079401 0.103409 0.133445 0.170629 0.216174 0.271365 0.337519 0.415944 0.507879 0.614430 0.736491 0.874667 1.029192 1.199847 1.385890 1.585998 1.798232 2.020023 2.248187 2.478978 2.708167 2.931158 3.143136 3.339227 3.514689 3.665093 3.786516 3.875705 3.930225 3.948568 3.930225 3.875705 3.786516 3.665093 3.514689 3.339227 3.143136 2.931158 2.708167 2.478978 2.248187 2.020023 1.798232 1.585998 1.385890 1.199847 1.029192 0.874667 0.736491 0.614430 0.507879 0.415944 0.337519 0.271365 0.216174 0.170629 0.133445 0.103409 0.079401 0.060409 0.045540 0.034018 0.025180 0.018468 0.013422 0.009667 0.006899 0.004879 0.003419 0.002375 0.001636 0.001118 0.000759 0.000513 0.000349 0.000244 0.000181 0.000152 0.000152 
0.000126 0.000126 0.000151 0.000205 0.000297 0.000440 0.000657 0.000977 0.001442 0.002113 0.003070 0.004419 0.006304 0.008913 0.012488 0.017337 0.023851 0.032515 0.043922 0.058790 0.077975 0.102476 0.133445 0.172185 0.220138 0.278868 0.350028 0.435314 0.536411 0.654912 0.792239 0.949543 1.127601 1.326711 1.546588 1.786274 2.044066 2.317462 2.603153 2.897038 3.194292 3.489470 3.776655 4.049646 4.302171 4.528123 4.721803 4.878160 4.993008 5.063212 5.086832 5.063212 4.993008 4.878160 4.721803 4.528123 4.302171 4.049646 3.776655 3.489470 3.194292 2.897038 2.603153 2.317462 2.044066 1.786274 1.546588 1.326711 1.127601 0.949543 0.792239 0.654912 0.536411 0.435314 0.350028 0.278868 0.220138 0.172185 0.133445 0.102476 0.077975 0.058790 0.043922 0.032515 0.023851 0.017337 0.012488 0.008914 0.006305 0.004420 0.003071 0.002115 0.001445 0.000981 0.000664 0.000452 0.000316 0.000235 0.000197 0.000197 
0.000161 0.000161 0.000193 0.000263 0.000381 0.000565 0.000842 0.001251 0.001848 0.002707 0.003931 0.005659 0.008072 0.011411 0.015984 0.022188 0.030521 0.041601 0.056188 0.075200 0.099726 0.131046 0.170629 0.220138 0.281415 0.356455 0.447367 0.556316 0.685450 0.836801 1.012181 1.213058 1.440419 1.694642 1.975361 2.281350 2.610432 2.959414 3.324069 3.699165 4.078543 4.455255 4.821754 5.170127 5.492373 5.780701 6.027844 6.227358 6.373904 6.463483 6.493622 6.463483 6.373904 6.227358 6.027844 5.780701 5.492373 5.170127 4.821754 4.455255 4.078543 3.699165 3.324069 2.959414 2.610432 2.281350 1.975361 1.694642 1.440419 1.213058 1.012181 0.836801 0.685450 0.556316 0.447367 0.356455 0.281415 0.220138 0.170629 0.131046 0.099726 0.075200 0.056188 0.041601 0.030521 0.022189 0.015985 0.011411 0.008073 0.005660 0.003933 0.002709 0.001852 0.001257 0.000851 0.000580 0.000405 0.000301 0.000253 0.000253 
0.000205 0.000205 0.000246 0.000334 0.000483 0.000717 0.001069 0.001589 0.002346 0.003436 0.004989 0.007180 0.010240 0.014474 0.020272 0.028136 0.038696 0.052738 0.071221 0.095306 0.126375 0.166044 0.216174 0.278868 0.356455 0.451458 0.566544 0.704452 0.867893 1.059437 1.281373 1.535552 1.823223 2.144857 2.499988 2.887064 3.303327 3.744737 4.205947 4.680340 5.160127 5.636524 6.099988 6.540516 6.947994 7.312575 7.625072 7.877341 8.062634 8.175898 8.214006 8.175898 8.062634 7.877341 7.625072 7.312575 6.947994 6.540516 6.099988 5.636524 5.160127 4.680340 4.205947 3.744737 3.303327 2.887064 2.499988 2.144857 1.823223 1.535552 1.281373 1.059437 0.867893 0.704452 0.566544 0.451458 0.356455 0.278868 0.216174 0.166044 0.126375 0.095306 0.071221 0.052738 0.038697 0.028136 0.020272 0.014474 0.010241 0.007181 0.004991 0.003439 0.002351 0.001596 0.001081 0.000736 0.000514 0.000382 0.000321 0.000321 
0.000258 0.000258 0.000309 0.000420 0.000608 0.000902 0.001345 0.001999 0.002950 0.004321 0.006273 0.009026 0.012871 0.018189 0.025472 0.035349 0.048611 0.066241 0.089445 0.119679 0.158674 0.208459 0.271365 0.350028 0.447367 0.566544 0.710902 0.883869 1.088842 1.329039 1.607326 1.926018 2.286676 2.689886 3.135060 3.620248 4.141990 4.695222 5.273242 5.867755 6.469003 7.065979 7.646728 8.198721 8.709287 9.166094 9.557633 9.873706 10.105860 10.247767 10.295512 10.247767 10.105860 9.873706 9.557633 9.166094 8.709287 8.198721 7.646728 7.065979 6.469003 5.867755 5.273242 4.695222 4.141990 3.620248 3.135060 2.689886 2.286676 1.926018 1.607326 1.329039 1.088842 0.883869 0.710902 0.566544 0.447367 0.350028 0.271365 0.208459 0.158674 0.119679 0.089445 0.066241 0.048611 0.035349 0.025473 0.018190 0.012872 0.009027 0.006275 0.004324 0.002956 0.002008 0.001360 0.000927 0.000647 0.000481 0.000404 0.000404 
0.000322 0.000322 0.000386 0.000524 0.000759 0.001125 0.001676 0.002491 0.003676 0.005383 0.007813 0.011241 0.016028 0.022648 0.031712 0.044002 0.060502 0.082435 0.111299 0.148903 0.197399 0.259305 0.337519 0.435314 0.556316 0.704452 0.883869 1.098824 1.353533 1.651990 1.997748 2.393678 2.841712 3.342576 3.895531 4.498153 5.146141 5.833202 6.551013 7.289272 8.035865 8.777125 9.498214 10.183575 10.817485 11.384636 11.870744 12.263152 12.551371 12.727548 12.786822 12.727548 12.551371 12.263152 11.870744 11.384636 10.817485 10.183575 9.498214 8.777125 8.035865 7.289272 6.551013 5.833202 5.146141 4.498153 3.895531 3.342576 2.841712 2.393678 1.997748 1.651990 1.353533 1.098824 0.883869 0.704452 0.556316 0.435314 0.337519 0.259305 0.197399 0.148903 0.111299 0.082435 0.060503 0.044002 0.031712 0.022648 0.016029 0.011243 0.007816 0.005387 0.003684 0.002502 0.001695 0.001155 0.000807 0.000600 0.000504 0.000504 
0.000398 0.000398 0.000477 0.000648 0.000937 0.001389 0.002070 0.003075 0.004538 0.006644 0.009643 0.013871 0.019775 0.027939 0.039116 0.054269 0.074610 0.101645 0.137219 0.183559 0.243316 0.319588 0.415944 0.536411 0.685450 0.867893 1.088842 1.353533 1.667152 2.034607 2.460267 2.947660 3.499156 4.115641 4.796202 5.537849 6.335285 7.180765 8.064043 8.972446 9.891065 10.803093 11.690272 12.533472 13.313351 14.011083 14.609103 15.091845 15.446408 15.663138 15.736055 15.663138 15.446408 15.091845 14.609103 14.011083 13.313351 12.533472 11.690272 10.803093 9.891065 8.972446 8.064043 7.180765 6.335285 5.537849 4.796202 4.115641 3.499156 2.947660 2.460267 2.034607 1.667152 1.353533 1.088842 0.867893 0.685450 0.536411 0.415944 0.319588 0.243316 0.183559 0.137219 0.101645 0.074610 0.054269 0.039116 0.027939 0.019777 0.013873 0.009646 0.006649 0.004547 0.003090 0.002094 0.001427 0.000997 0.000742 0.000623 0.000623 
0.000487 0.000487 0.000584 0.000793 0.001147 0.001700 0.002532 0.003762 0.005551 0.008125 0.011790 0.016958 0.024173 0.034148 0.047803 0.066313 0.091158 0.124175 0.167616 0.224198 0.297154 0.390264 0.507879 0.654912 0.836801 1.059437 1.329039 1.651990 2.034607 2.482873 3.002105 3.596602 4.269244 5.021106 5.851067 6.755475 7.727866 8.758793 9.835760 10.943317 12.063289 13.175186 14.256755 15.284682 16.235393 17.085945 17.814934 18.403389 18.835594 19.099779 19.188663 19.099779 18.835594 18.403389 17.814934 17.085945 16.235393 15.284682 14.256755 13.175186 12.063289 10.943317 9.835760 8.758793 7.727866 6.755475 5.851067 5.021106 4.269244 3.596602 3.002105 2.482873 2.034607 1.651990 1.329039 1.059437 0.836801 0.654912 0.507879 0.390264 0.297154 0.224198 0.167616 0.124175 0.091158 0.066313 0.047803 0.034148 0.024175 0.016961 0.011794 0.008131 0.005562 0.003780 0.002561 0.001746 0.001220 0.000908 0.000763 0.000763 
0.000591 0.000591 0.000708 0.000962 0.001390 0.002060 0.003069 0.004559 0.006726 0.009843 0.014282 0.020540 0.029276 0.041350 0.057879 0.080282 0.110348 0.150300 0.202859 0.271311 0.359562 0.472183 0.614430 0.792239 1.012181 1.281373 1.607326 1.997748 2.460267 3.002105 3.629683 4.348182 5.161077 6.069657 7.072561 8.165367 9.340262 10.585825 11.886961 13.225000 14.577990 15.921182 17.227699 18.469385 19.617772 20.645155 21.525687 22.236462 22.758501 23.077597 23.184955 23.077597 22.758501 22.236462 21.525687 20.645155 19.617772 18.469385 17.227699 15.921182 14.577990 13.225000 11.886961 10.585825 9.340262 8.165367 7.072561 6.069657 5.161077 4.348182 3.629683 3.002105 2.460267 1.997748 1.607326 1.281373 1.012181 0.792239 0.614430 0.472183 0.359562 0.271311 0.202859 0.150300 0.110348 0.080282 0.057880 0.041352 0.029277 0.020543 0.014287 0.009851 0.006739 0.004580 0.003105 0.002116 0.001479 0.001101 0.000925 0.000925 
0.000710 0.000710 0.000851 0.001155 0.001670 0.002475 0.003686 0.005473 0.008074 0.011815 0.017141 0.024648 0.035127 0.049609 0.069431 0.096295 0.132345 0.180242 0.243248 0.325297 0.431068 0.566035 0.736491 0.949543 1.213058 1.535552 1.926018 2.393678 2.947660 3.596602 4.348182 5.208596 6.181995 7.269910 8.470704 9.779075 11.185663 12.676791 14.234385 15.836098 17.455653 19.063429 20.627264 22.113461 23.487959 24.717603 25.771471 26.622153 27.246944 27.628844 27.757332 27.628844 27.246944 26.622153 25.771471 24.717603 23.487959 22.113461 20.627264 19.063429 17.455653 15.836098 14.234385 12.676791 11.185663 9.779075 8.470704 7.269910 6.181995 5.208596 4.348182 3.596602 2.947660 2.393678 1.926018 1.535552 1.213058 0.949543 0.736491 0.566035 0.431068 0.325297 0.243248 0.180242 0.132345 0.096296 0.069432 0.049611 0.035129 0.024652 0.017147 0.011825 0.008090 0.005499 0.003728 0.002542 0.001777 0.001323 0.001111 0.001111 
0.000846 0.000846 0.001013 0.001375 0.001987 0.002944 0.004385 0.006510 0.009602 0.014050 0.020381 0.029304 0.041757 0.058967 0.082519 0.114435 0.157259 0.214153 0.288985 0.386427 0.512029 0.672287 0.874667 1.127601 1.440419 1.823223 2.286676 2.841712 3.499156 4.269244 5.161077 6.181995 7.336909 8.627627 10.052195 11.604315 13.272875 15.041650 16.889196 18.789007 20.709919 22.616805 24.471527 26.234128 27.864221 29.322500 30.572301 31.581129 32.322065 32.774955 32.927326 32.774955 32.322065 31.581129 30.572301 29.322500 27.864221 26.234128 24.471527 22.616805 20.709919 18.789007 16.889196 15.041650 13.272875 11.604315 10.052195 8.627627 7.336909 6.181995 5.161077 4.269244 3.499156 2.841712 2.286676 1.823223 1.440419 1.127601 0.874667 0.672287 0.512030 0.386427 0.288985 0.214153 0.157260 0.114435 0.082520 0.058968 0.041760 0.029308 0.020388 0.014062 0.009621 0.006541 0.004435 0.003024 0.002114 0.001574 0.001323 0.001323 
0.000997 0.000997 0.001195 0.001621 0.002343 0.003470 0.005167 0.007671 0.011314 0.016552 0.024009 0.034516 0.049179 0.069440 0.097166 0.134733 0.185137 0.252092 0.340152 0.454806 0.602585 0.791120 1.029192 1.326711 1.694642 2.144857 2.689886 3.342576 4.115641 5.021106 6.069657 7.269910 8.627627 10.144919 11.819478 13.643892 15.605094 17.684004 19.855421 22.088190 24.345690 26.586643 28.766239 30.837534 32.753076 34.466689 35.935300 37.120737 37.991377 38.523544 38.702586 38.523544 37.991377 37.120737 35.935300 34.466689 32.753076 30.837534 28.766239 26.586643 24.345690 22.088190 19.855421 17.684004 15.605094 13.643892 11.819478 10.144919 8.627627 7.269910 6.069657 5.021106 4.115641 3.342576 2.689886 2.144857 1.694642 1.326711 1.029192 0.791120 0.602585 0.454807 0.340152 0.252093 0.185137 0.134734 0.097167 0.069442 0.049182 0.034521 0.024017 0.016566 0.011336 0.007708 0.005227 0.003565 0.002493 0.001856 0.001560 0.001560 
0.001165 0.001165 0.001396 0.001893 0.002736 0.004052 0.006033 0.008956 0.013207 0.019319 0.028019 0.040278 0.057382 0.081016 0.113352 0.157164 0.215939 0.294009 0.396677 0.530342 0.702607 0.922368 1.199847 1.546588 1.975361 2.499988 3.135060 3.895531 4.796202 5.851067 7.072561 8.470704 10.052195 11.819478 13.769854 15.894679 18.178726 20.599770 23.128459 25.728513 28.357290 30.966733 33.504668 35.916446 38.146829 40.142062 41.852006 43.232228 44.245919 44.865521 45.073980 44.865521 44.245919 43.232228 41.852006 40.142062 38.146829 35.916446 33.504668 30.966733 28.357290 25.728513 23.128459 20.599770 18.178726 15.894679 13.769854 11.819478 10.052195 8.470704 7.072561 5.851067 4.796202 3.895531 3.135060 2.499988 1.975361 1.546588 1.199847 0.922368 0.702607 0.530342 0.396677 0.294009 0.215940 0.157165 0.113354 0.081018 0.057386 0.040284 0.028029 0.019336 0.013233 0.008999 0.006103 0.004163 0.002911 0.002168 0.001822 0.001822 
0.001348 0.001348 0.001615 0.002191 0.003166 0.004688 0.006979 0.010358 0.015273 0.022339 0.032396 0.046565 0.066333 0.093644 0.131010 0.181631 0.249535 0.339723 0.458318 0.612706 0.811665 1.065460 1.385890 1.786274 2.281350 2.887064 3.620248 4.498153 5.537849 6.755475 8.165367 9.779075 11.604315 13.643892 15.894679 18.346689 20.982341 23.775984 26.693745 29.693763 32.726841 35.737537 38.665666 41.448187 44.021385 46.323255 48.295967 49.888274 51.057719 51.772521 52.013008 51.772521 51.057719 49.888274 48.295967 46.323255 44.021385 41.448187 38.665666 35.737537 32.726841 29.693763 26.693745 23.775984 20.982341 18.346689 15.894679 13.643892 11.604315 9.779075 8.165367 6.755475 5.537849 4.498153 3.620248 2.887064 2.281350 1.786274 1.385890 1.065460 0.811665 0.612706 0.458318 0.339723 0.249535 0.181631 0.131011 0.093647 0.066337 0.046572 0.032407 0.022358 0.015303 0.010407 0.007059 0.004816 0.003368 0.002508 0.002109 0.002109 
0.001546 0.001546 0.001852 0.002511 0.003628 0.005372 0.007997 0.011868 0.017497 0.025591 0.037108 0.053333 0.075968 0.107237 0.150014 0.207961 0.285686 0.388911 0.524638 0.701316 0.928984 1.219380 1.585998 2.044066 2.610432 3.303327 4.141990 5.146141 6.335285 7.727866 9.340262 11.185663 13.272875 15.605094 18.178726 20.982341 23.995828 27.189852 30.525683 33.955463 37.422952 40.864774 44.212137 47.392985 50.334497 52.965809 55.220830 57.040989 58.377768 59.194845 59.469740 59.194845 58.377768 57.040989 55.220830 52.965809 50.334497 47.392985 44.212137 40.864774 37.422952 33.955463 30.525683 27.189852 23.995828 20.982341 18.178726 15.605094 13.272875 11.185663 9.340262 7.727866 6.335285 5.146141 4.141990 3.303327 2.610432 2.044066 1.585998 1.219380 0.928984 0.701316 0.524638 0.388911 0.285687 0.207961 0.150015 0.107240 0.075972 0.053341 0.037121 0.025612 0.017532 0.011925 0.008089 0.005519 0.003861 0.002876 0.002418 0.002418 
0.001756 0.001756 0.002103 0.002852 0.004120 0.006099 0.009078 0.013471 0.019859 0.029043 0.042110 0.060517 0.086194 0.121663 0.170181 0.235900 0.324044 0.441097 0.594995 0.795314 1.053428 1.382639 1.798232 2.317462 2.959414 3.744737 4.695222 5.833202 7.180765 8.758793 10.585825 12.676791 15.041650 17.684004 20.599770 23.775984 27.189852 30.808135 34.586958 38.472106 42.399877 46.298491 50.090035 53.692909 57.024642 60.004985 62.559096 64.620651 66.134708 67.060139 67.371489 67.060139 66.134708 64.620651 62.559096 60.004985 57.024642 53.692909 50.090035 46.298491 42.399877 38.472106 34.586958 30.808135 27.189852 23.775984 20.599770 17.684004 15.041650 12.676791 10.585825 8.758793 7.180765 5.833202 4.695222 3.744737 2.959414 2.317462 1.798232 1.382639 1.053428 0.795314 0.594995 0.441097 0.324044 0.235901 0.170182 0.121666 0.086199 0.060526 0.042125 0.029067 0.019899 0.013536 0.009182 0.006266 0.004384 0.003265 0.002746 0.002746 
0.001976 0.001976 0.002366 0.003208 0.004634 0.006860 0.010209 0.015148 0.022330 0.032654 0.047342 0.068030 0.096888 0.136747 0.191267 0.265110 0.364144 0.495649 0.668539 0.893562 1.183491 1.553258 2.020023 2.603153 3.324069 4.205947 5.273242 6.551013 8.064043 9.835760 11.886961 14.234385 16.889196 19.855421 23.128459 26.693745 30.525683 34.586958 38.828317 43.188913 47.597253 51.972780 56.228066 60.271539 64.010663 67.355391 70.221745 72.535310 74.234440 75.272987 75.622392 75.272987 74.234440 72.535310 70.221745 67.355391 64.010663 60.271539 56.228066 51.972780 47.597253 43.188913 38.828317 34.586958 30.525683 26.693745 23.128459 19.855421 16.889196 14.234385 11.886961 9.835760 8.064043 6.551013 5.273242 4.205947 3.324069 2.603153 2.020023 1.553258 1.183492 0.893562 0.668539 0.495650 0.364144 0.265111 0.191269 0.136750 0.096893 0.068040 0.047358 0.032681 0.022375 0.015221 0.010327 0.007047 0.004931 0.003674 0.003089 0.003089 
0.002202 0.002202 0.002637 0.003575 0.005164 0.007643 0.011374 0.016876 0.024874 0.036372 0.052728 0.075765 0.107896 0.152273 0.212969 0.295172 0.405411 0.551786 0.744213 0.994651 1.317307 1.728790 2.248187 2.897038 3.699165 4.680340 5.867755 7.289272 8.972446 10.943317 13.225000 15.836098 18.789007 22.088190 25.728513 29.693763 33.955463 38.472106 43.188913 48.038217 52.940518 57.806241 62.538174 67.034504 71.192344 74.911582 78.098855 80.671429 82.560769 83.715574 84.104092 83.715574 82.560769 80.671429 78.098855 74.911582 71.192344 67.034504 62.538174 57.806241 52.940518 48.038217 43.188913 38.472106 33.955463 29.693763 25.728513 22.088190 18.789007 15.836098 13.225000 10.943317 8.972446 7.289272 5.867755 4.680340 3.699165 2.897038 2.248188 1.728790 1.317307 0.994651 0.744213 0.551786 0.405411 0.295174 0.212971 0.152277 0.107902 0.075776 0.052746 0.036402 0.024924 0.016957 0.011505 0.007852 0.005495 0.004094 0.003443 0.003443 
0.002432 0.002432 0.002911 0.003947 0.005700 0.008437 0.012554 0.018625 0.027450 0.040135 0.058180 0.083594 0.119037 0.167986 0.234931 0.325592 0.447166 0.608583 0.820774 1.096918 1.452676 1.906351 2.478978 3.194292 4.078543 5.160127 6.469003 8.035865 9.891065 12.063289 14.577990 17.455653 20.709919 24.345690 28.357290 32.726841 37.422952 42.399877 47.597253 52.940518 58.342079 63.703249 68.916927 73.870950 78.451974 82.549715 86.061323 88.895663 90.977237 92.249535 92.677581 92.249535 90.977237 88.895663 86.061323 82.549715 78.451974 73.870950 68.916927 63.703249 58.342079 52.940518 47.597253 42.399877 37.422952 32.726841 28.357290 24.345690 20.709919 17.455653 14.577990 12.063289 9.891065 8.035865 6.469003 5.160127 4.078543 3.194292 2.478978 1.906351 1.452676 1.096918 0.820774 0.608584 0.447167 0.325594 0.234933 0.167990 0.119044 0.083606 0.058200 0.040169 0.027505 0.018714 0.012699 0.008668 0.006066 0.004520 0.003801 0.003801 
0.002660 0.002660 0.003184 0.004317 0.006234 0.009225 0.013727 0.020363 0.030010 0.043875 0.063598 0.091372 0.130106 0.183597 0.256749 0.355811 0.488644 0.665000 0.896817 1.198490 1.587118 2.082687 2.708167 3.489470 4.455255 5.636524 7.065979 8.777125 10.803093 13.175186 15.921182 19.063429 22.616805 26.586643 30.966733 35.737537 40.864774 46.298491 51.972780 57.806241 63.703249 69.556072 75.247800 80.656000 85.656953 90.130281 93.963724 97.057809 99.330133 100.719017 101.186286 100.719017 99.330133 97.057809 93.963724 90.130281 85.656953 80.656000 75.247800 69.556072 63.703249 57.806241 51.972780 46.298491 40.864774 35.737537 30.966733 26.586643 22.616805 19.063429 15.921182 13.175186 10.803093 8.777125 7.065979 5.636524 4.455255 3.489470 2.708167 2.082687 1.587118 1.198490 0.896818 0.665001 0.488645 0.355813 0.256752 0.183602 0.130114 0.091386 0.063620 0.043912 0.030070 0.020461 0.013885 0.009478 0.006633 0.004943 0.004157 0.004157 
0.002882 0.002882 0.003450 0.004677 0.006753 0.009993 0.014868 0.022055 0.032502 0.047517 0.068872 0.098945 0.140881 0.198792 0.277985 0.385223 0.529010 0.719904 0.970818 1.297328 1.717935 2.254262 2.931158 3.776655 4.821754 6.099988 7.646728 9.498214 11.690272 14.256755 17.227699 20.627264 24.471527 28.766239 33.504668 38.665666 44.212137 50.090035 56.228066 62.538174 68.916927 75.247800 81.404346 87.254146 92.663395 97.501903 101.648261 104.994890 107.452676 108.954913 109.460317 108.954913 107.452676 104.994890 101.648261 97.501903 92.663395 87.254146 81.404346 75.247800 68.916927 62.538174 56.228066 50.090035 44.212137 38.665666 33.504668 28.766239 24.471527 20.627264 17.227699 14.256755 11.690272 9.498214 7.646728 6.099988 4.821754 3.776655 2.931158 2.254263 1.717935 1.297328 0.970818 0.719904 0.529011 0.385224 0.277988 0.198797 0.140890 0.098959 0.068896 0.047556 0.032568 0.022161 0.015040 0.010267 0.007186 0.005355 0.004504 0.004504 
