0.000000 0.000000 0.000000 0.000000 0.000000 0.000000 0.000000 0.000000 0.000000 0.000000 0.000000 0.000000 0.000000 0.000000 0.000000 0.000000 0.000001 0.000001 0.000001 0.000002 0.000002 0.000003 0.000004 0.000006 0.000008 0.000011 0.000015 0.000019 0.000025 0.000032 0.000041 0.000051 0.000063 0.000077 0.000094 0.000112 0.000133 0.000156 0.000180 0.000206 0.000233 0.000260 0.000287 0.000313 0.000337 0.000360 0.000379 0.000395 0.000407 0.000414 0.000416 0.000414 0.000407 0.000395 0.000379 0.000360 0.000337 0.000313 0.000287 0.000260 0.000233 0.000206 0.000180 0.000156 0.000133 0.000112 0.000094 0.000077 0.000063 0.000051 0.000041 0.000032 0.000025 0.000019 0.000015 0.000011 0.000008 0.000006 0.000004 0.000003 0.000002 0.000002 0.000001 0.000001 0.000001 0.000000 0.000000 0.000000 0.000000 0.000000 0.000000 0.000000 0.000000 0.000000 0.000000 0.000000 0.000000 0.000000 0.000000 0.000000 
0.000000 0.000000 0.000000 0.000000 0.000000 0.000000 0.000000 0.000000 0.000000 0.000000 0.000000 0.000000 0.000000 0.000000 0.000000 0.000000 0.000001 0.000001 0.000001 0.000002 0.000002 0.000003 0.000004 0.000006 0.000008 0.000011 0.000015 0.000019 0.000025 0.000032 0.000041 0.000051 0.000063 0.000077 0.000094 0.000112 0.000133 0.000156 0.000180 0.000206 0.000233 0.000260 0.000287 0.000313 0.000337 0.000360 0.000379 0.000395 0.000407 0.000414 0.000416 0.000414 0.000407 0.000395 0.000379 0.000360 0.000337 0.000313 0.000287 0.000260 0.000233 0.000206 0.000180 0.000156 0.000133 0.000112 0.000094 0.000077 0.000063 0.000051 0.000041 0.000032 0.000025 0.000019 0.000015 0.000011 0.000008 0.000006 0.000004 0.000003 0.000002 0.000002 0.000001 0.000001 0.000001 0.000000 0.000000 0.000000 0.000000 0.000000 0.000000 0.000000 0.000000 0.000000 0.000000 0.000000 0.000000 0.000000 0.000000 0.000000 
0.000000 0.000000 0.000000 0.000000 0.000000 0.000000 0.000000 0.000000 0.000000 0.000000 0.000000 0.000000 0.000000 0.000000 0.000000 0.000000 0.000001 0.000001 0.000001 0.000002 0.000003 0.000004 0.000006 0.000008 0.000011 0.000014 0.000019 0.000025 0.000032 0.000042 0.000053 0.000066 0.000082 0.000100 0.000122 0.000146 0.000172 0.000202 0.000233 0.000267 0.000301 0.000336 0.000371 0.000405 0.000437 0.000466 0.000491 0.000511 0.000526 0.000536 0.000539 0.000536 0.000526 0.000511 0.000491 0.000466 0.000437 0.000405 0.000371 0.000336 0.000301 0.000267 0.000233 0.000202 0.000172 0.000146 0.000122 0.000100 0.000082 0.000066 0.000053 0.000042 0.000032 0.000025 0.000019 0.000014 0.000011 0.000008 0.000006 0.000004 0.000003 0.000002 0.000001 0.000001 0.000001 0.000000 0.000000 0.000000 0.000000 0.000000 0.000000 0.000000 0.000000 0.000000 0.000000 0.000000 0.000000 0.000000 0.000000 0.000000 
0.000000 0.000000 0.000000 0.000000 0.000000 0.000000 0.000000 0.000000 0.000000 0.000000 0.000000 0.000000 0.000000 0.000000 0.000000 0.000001 0.000001 0.000001 0.000002 0.000003 0.000004 0.000006 0.000009 0.000012 0.000016 0.000022 0.000029 0.000038 0.000049 0.000063 0.000080 0.000100 0.000124 0.000152 0.000184 0.000221 0.000261 0.000305 0.000353 0.000403 0.000456 0.000509 0.000561 0.000613 0.000661 0.000704 0.000742 0.000773 0.000796 0.000810 0.000814 0.000810 0.000796 0.000773 0.000742 0.000704 0.000661 0.000613 0.000561 0.000509 0.000456 0.000403 0.000353 0.000305 0.000261 0.000221 0.000184 0.000152 0.000124 0.000100 0.000080 0.000063 0.000049 0.000038 0.000029 0.000022 0.000016 0.000012 0.000009 0.000006 0.000004 0.000003 0.000002 0.000001 0.000001 0.000001 0.000000 0.000000 0.000000 0.000000 0.000000 0.000000 0.000000 0.000000 0.000000 0.000000 0.000000 0.000000 0.000000 0.000000 
0.000000 0.000000 0.000000 0.000000 0.000000 0.000000 0.000000 0.000000 0.000000 0.000000 0.000000 0.000000 0.000000 0.000000 0.000001 0.000001 0.000002 0.000002 0.000004 0.000005 0.000007 0.000010 0.000014 0.000019 0.000026 0.000035 0.000047 0.000061 0.000079 0.000102 0.000129 0.000162 0.000200 0.000245 0.000297 0.000355 0.000420 0.000492 0.000568 0.000649 0.000733 0.000819 0.000903 0.000986 0.001063 0.001133 0.001194 0.001243 0.001280 0.001302 0.001310 0.001302 0.001280 0.001243 0.001194 0.001133 0.001063 0.000986 0.000903 0.000819 0.000733 0.000649 0.000568 0.000492 0.000420 0.000355 0.000297 0.000245 0.000200 0.000162 0.000129 0.000102 0.000079 0.000061 0.000047 0.000035 0.000026 0.000019 0.000014 0.000010 0.000007 0.000005 0.000004 0.000002 0.000002 0.000001 0.000001 0.000000 0.000000 0.000000 0.000000 0.000000 0.000000 0.000000 0.000000 0.000000 0.000000 0.000000 0.000000 0.000000 
0.000000 0.000000 0.000000 0.000000 0.000000 0.000000 0.000000 0.000000 0.000000 0.000000 0.000000 0.000000 0.000001 0.000001 0.000001 0.000002 0.000003 0.000004 0.000006 0.000008 0.000012 0.000017 0.000023 0.000032 0.000043 0.000058 0.000077 0.000101 0.000130 0.000167 0.000212 0.000265 0.000328 0.000402 0.000486 0.000582 0.000688 0.000805 0.000930 0.001062 0.001200 0.001339 0.001478 0.001612 0.001738 0.001852 0.001951 0.002032 0.002092 0.002128 0.002141 0.002128 0.002092 0.002032 0.001951 0.001852 0.001738 0.001612 0.001478 0.001339 0.001200 0.001062 0.000930 0.000805 0.000688 0.000582 0.000486 0.000402 0.000328 0.000265 0.000212 0.000167 0.000130 0.000101 0.000077 0.000058 0.000043 0.000032 0.000023 0.000017 0.000012 0.000008 0.000006 0.000004 0.000003 0.000002 0.000001 0.000001 0.000001 0.000000 0.000000 0.000000 0.000000 0.000000 0.000000 0.000000 0.000000 0.000000 0.000000 0.000000 
0.000000 0.000000 0.000000 0.000000 0.000000 0.000000 0.000000 0.000000 0.000000 0.000000 0.000000 0.000001 0.000001 0.000001 0.000002 0.000003 0.000004 0.000007 0.000010 0.000014 0.000019 0.000027 0.000038 0.000052 0.000071 0.000095 0.000126 0.000165 0.000213 0.000273 0.000346 0.000434 0.000537 0.000657 0.000795 0.000951 0.001125 0.001315 0.001519 0.001735 0.001959 0.002187 0.002413 0.002632 0.002837 0.003024 0.003185 0.003317 0.003415 0.003474 0.003495 0.003474 0.003415 0.003317 0.003185 0.003024 0.002837 0.002632 0.002413 0.002187 0.001959 0.001735 0.001519 0.001315 0.001125 0.000951 0.000795 0.000657 0.000537 0.000434 0.000346 0.000273 0.000213 0.000165 0.000126 0.000095 0.000071 0.000052 0.000038 0.000027 0.000019 0.000014 0.000010 0.000007 0.000004 0.000003 0.000002 0.000001 0.000001 0.000001 0.000000 0.000000 0.000000 0.000000 0.000000 0.000000 0.000000 0.000000 0.000000 0.000000 
0.000000 0.000000 0.000000 0.000000 0.000000 0.000000 0.000000 0.000000 0.000000 0.000000 0.000001 0.000001 0.000001 0.000002 0.000003 0.000005 0.000007 0.000011 0.000016 0.000022 0.000032 0.000045 0.000062 0.000085 0.000115 0.000154 0.000204 0.000268 0.000347 0.000444 0.000563 0.000704 0.000872 0.001067 0.001290 0.001543 0.001824 0.002132 0.002463 0.002813 0.003176 0.003545 0.003910 0.004265 0.004597 0.004899 0.005161 0.005374 0.005532 0.005629 0.005661 0.005629 0.005532 0.005374 0.005161 0.004899 0.004597 0.004265 0.003910 0.003545 0.003176 0.002813 0.002463 0.002132 0.001824 0.001543 0.001290 0.001067 0.000872 0.000704 0.000563 0.000444 0.000347 0.000268 0.000204 0.000154 0.000115 0.000085 0.000062 0.000045 0.000032 0.000022 0.000016 0.000011 0.000007 0.000005 0.000003 0.000002 0.000001 0.000001 0.000001 0.000000 0.000000 0.000000 0.000000 0.000000 0.000000 0.000000 0.000000 0.000000 
0.000000 0.000000 0.000000 0.000000 0.000000 0.000000 0.000000 0.000000 0.000000 0.000001 0.000001 0.000001 0.000002 0.000003 0.000005 0.000008 0.000012 0.000017 0.000025 0.000036 0.000051 0.000072 0.000100 0.000137 0.000185 0.000248 0.000329 0.000431 0.000558 0.000715 0.000905 0.001132 0.001401 0.001714 0.002073 0.002479 0.002930 0.003424 0.003955 0.004516 0.005098 0.005689 0.006276 0.006844 0.007377 0.007861 0.008280 0.008622 0.008874 0.009030 0.009082 0.009030 0.008874 0.008622 0.008280 0.007861 0.007377 0.006844 0.006276 0.005689 0.005098 0.004516 0.003955 0.003424 0.002930 0.002479 0.002073 0.001714 0.001401 0.001132 0.000905 0.000715 0.000558 0.000431 0.000329 0.000248 0.000185 0.000137 0.000100 0.000072 0.000051 0.000036 0.000025 0.000017 0.000012 0.000008 0.000005 0.000003 0.000002 0.000001 0.000001 0.000001 0.000000 0.000000 0.000000 0.000000 0.000000 0.000000 0.000000 0.000000 
0.000000 0.000000 0.000000 0.000000 0.000000 0.000000 0.000000 0.000000 0.000001 0.000001 0.000002 0.000002 0.000004 0.000006 0.000008 0.000013 0.000019 0.000028 0.000040 0.000058 0.000082 0.000115 0.000159 0.000218 0.000295 0.000395 0.000524 0.000686 0.000888 0.001137 0.001440 0.001802 0.002229 0.002726 0.003297 0.003941 0.004657 0.005441 0.006284 0.007175 0.008099 0.009036 0.009967 0.010867 0.011714 0.012481 0.013146 0.013688 0.014089 0.014335 0.014418 0.014335 0.014089 0.013688 0.013146 0.012481 0.011714 0.010867 0.009967 0.009036 0.008099 0.007175 0.006284 0.005441 0.004657 0.003941 0.003297 0.002726 0.002229 0.001802 0.001440 0.001137 0.000888 0.000686 0.000524 0.000395 0.000295 0.000218 0.000159 0.000115 0.000082 0.000058 0.000040 0.000028 0.000019 0.000013 0.000008 0.000006 0.000004 0.000002 0.000002 0.000001 0.000001 0.000000 0.000000 0.000000 0.000000 0.000000 0.000000 0.000000 
0.000000 0.000000 0.000000 0.000000 0.000000 0.000000 0.000000 0.000001 0.000001 0.000002 0.000002 0.000004 0.000006 0.000009 0.000013 0.000020 0.000030 0.000044 0.000063 0.000091 0.000129 0.000181 0.000251 0.000343 0.000465 0.000623 0.000825 0.001081 0.001399 0.001791 0.002266 0.002835 0.003507 0.004289 0.005185 0.006198 0.007323 0.008554 0.009878 0.011277 0.012727 0.014199 0.015659 0.017073 0.018401 0.019605 0.020649 0.021499 0.022128 0.022514 0.022644 0.022514 0.022128 0.021499 0.020649 0.019605 0.018401 0.017073 0.015659 0.014199 0.012727 0.011277 0.009878 0.008554 0.007323 0.006198 0.005185 0.004289 0.003507 0.002835 0.002266 0.001791 0.001399 0.001081 0.000825 0.000623 0.000465 0.000343 0.000251 0.000181 0.000129 0.000091 0.000063 0.000044 0.000030 0.000020 0.000013 0.000009 0.000006 0.000004 0.000002 0.000002 0.000001 0.000001 0.000000 0.000000 0.000000 0.000000 0.000000 0.000000 
0.000000 0.000000 0.000000 0.000000 0.000000 0.000000 0.000001 0.000001 0.000001 0.000002 0.000004 0.000006 0.000009 0.000014 0.000021 0.000032 0.000047 0.000068 0.000099 0.000142 0.000201 0.000282 0.000391 0.000536 0.000725 0.000971 0.001286 0.001684 0.002179 0.002789 0.003529 0.004414 0.005459 0.006674 0.008068 0.009641 0.011390 0.013303 0.015360 0.017532 0.019784 0.022070 0.024338 0.026533 0.028595 0.030464 0.032085 0.033404 0.034380 0.034979 0.035181 0.034979 0.034380 0.033404 0.032085 0.030464 0.028595 0.026533 0.024338 0.022070 0.019784 0.017532 0.015360 0.013303 0.011390 0.009641 0.008068 0.006674 0.005459 0.004414 0.003529 0.002789 0.002179 0.001684 0.001286 0.000971 0.000725 0.000536 0.000391 0.000282 0.000201 0.000142 0.000099 0.000068 0.000047 0.000032 0.000021 0.000014 0.000009 0.000006 0.000004 0.000002 0.000001 0.000001 0.000001 0.000000 0.000000 0.000000 0.000000 0.000000 
0.000000 0.000000 0.000000 0.000000 0.000000 0.000001 0.000001 0.000001 0.000002 0.000004 0.000006 0.000009 0.000014 0.000021 0.000033 0.000049 0.000072 0.000106 0.000153 0.000220 0.000311 0.000436 0.000603 0.000826 0.001119 0.001498 0.001983 0.002595 0.003358 0.004297 0.005435 0.006797 0.008404 0.010274 0.012416 0.014835 0.017523 0.020463 0.023624 0.026962 0.030422 0.033933 0.037417 0.040788 0.043954 0.046825 0.049313 0.051340 0.052838 0.053758 0.054068 0.053758 0.052838 0.051340 0.049313 0.046825 0.043954 0.040788 0.037417 0.033933 0.030422 0.026962 0.023624 0.020463 0.017523 0.014835 0.012416 0.010274 0.008404 0.006797 0.005435 0.004297 0.003358 0.002595 0.001983 0.001498 0.001119 0.000826 0.000603 0.000436 0.000311 0.000220 0.000153 0.000106 0.000072 0.000049 0.000033 0.000021 0.000014 0.000009 0.000006 0.000004 0.000002 0.000001 0.000001 0.000001 0.000000 0.000000 0.000000 0.000000 
0.000000 0.000000 0.000000 0.000000 0.000000 0.000001 0.000001 0.000002 0.000003 0.000006 0.000009 0.000014 0.000021 0.000033 0.000050 0.000075 0.000110 0.000162 0.000234 0.000335 0.000475 0.000665 0.000921 0.001261 0.001707 0.002285 0.003023 0.003956 0.005118 0.006547 0.008280 0.010353 0.012798 0.015642 0.018901 0.022579 0.026666 0.031136 0.035940 0.041014 0.046271 0.051606 0.056900 0.062021 0.066831 0.071192 0.074971 0.078049 0.080324 0.081722 0.082193 0.081722 0.080324 0.078049 0.074971 0.071192 0.066831 0.062021 0.056900 0.051606 0.046271 0.041014 0.035940 0.031136 0.026666 0.022579 0.018901 0.015642 0.012798 0.010353 0.008280 0.006547 0.005118 0.003956 0.003023 0.002285 0.001707 0.001261 0.000921 0.000665 0.000475 0.000335 0.000234 0.000162 0.000110 0.000075 0.000050 0.000033 0.000021 0.000014 0.000009 0.000006 0.000004 0.000002 0.000001 0.000001 0.000001 0.000000 0.000000 0.000000 
0.000000 0.000000 0.000000 0.000000 0.000001 0.000001 0.000002 0.000003 0.000005 0.000008 0.000013 0.000021 0.000033 0.000050 0.000075 0.000113 0.000167 0.000245 0.000354 0.000507 0.000718 0.001005 0.001391 0.001903 0.002576 0.003446 0.004560 0.005965 0.007715 0.009867 0.012476 0.015596 0.019277 0.023555 0.028458 0.033990 0.040138 0.046858 0.054082 0.061710 0.069611 0.077630 0.085586 0.093281 0.100509 0.107062 0.112740 0.117364 0.120783 0.122881 0.123589 0.122881 0.120783 0.117364 0.112740 0.107062 0.100509 0.093281 0.085586 0.077630 0.069611 0.061710 0.054082 0.046858 0.040138 0.033990 0.028458 0.023555 0.019277 0.015596 0.012476 0.009867 0.007715 0.005965 0.004560 0.003446 0.002576 0.001903 0.001391 0.001005 0.000718 0.000507 0.000354 0.000245 0.000167 0.000113 0.000075 0.000050 0.000033 0.000021 0.000013 0.000008 0.000005 0.000003 0.000002 0.000001 0.000001 0.000001 0.000000 0.000000 
0.000000 0.000000 0.000000 0.000001 0.000001 0.000002 0.000003 0.000005 0.000008 0.000013 0.000020 0.000032 0.000049 0.000075 0.000113 0.000169 0.000250 0.000366 0.000529 0.000758 0.001072 0.001501 0.002076 0.002841 0.003844 0.005142 0.006802 0.008895 0.011503 0.014708 0.018593 0.023238 0.028717 0.035085 0.042380 0.050611 0.059755 0.069751 0.080494 0.091836 0.103584 0.115505 0.127332 0.138770 0.149513 0.159251 0.167689 0.174561 0.179641 0.182760 0.183812 0.182760 0.179641 0.174561 0.167689 0.159251 0.149513 0.138770 0.127332 0.115505 0.103584 0.091836 0.080494 0.069751 0.059755 0.050611 0.042380 0.035085 0.028717 0.023238 0.018593 0.014708 0.011503 0.008895 0.006802 0.005142 0.003844 0.002841 0.002076 0.001501 0.001072 0.000758 0.000529 0.000366 0.000250 0.000169 0.000113 0.000075 0.000049 0.000032 0.000020 0.000013 0.000008 0.000005 0.000003 0.000002 0.000001 0.000001 0.000001 0.000001 
0.000001 0.000001 0.000001 0.000001 0.000002 0.000003 0.000004 0.000007 0.000012 0.000019 0.000030 0.000047 0.000072 0.000110 0.000167 0.000250 0.000370 0.000541 0.000783 0.001120 0.001584 0.002216 0.003066 0.004194 0.005673 0.007587 0.010034 0.013120 0.016962 0.021683 0.027405 0.034246 0.042311 0.051685 0.062421 0.074534 0.087989 0.102694 0.118496 0.135176 0.152453 0.169982 0.187371 0.204189 0.219982 0.234297 0.246701 0.256801 0.264268 0.268852 0.270398 0.268852 0.264268 0.256801 0.246701 0.234297 0.219982 0.204189 0.187371 0.169982 0.152453 0.135176 0.118496 0.102694 0.087989 0.074534 0.062421 0.051685 0.042311 0.034246 0.027405 0.021683 0.016962 0.013120 0.010034 0.007587 0.005673 0.004194 0.003066 0.002216 0.001584 0.001120 0.000783 0.000541 0.000370 0.000250 0.000167 0.000110 0.000072 0.000047 0.000030 0.000019 0.000012 0.000007 0.000005 0.000003 0.000002 0.000001 0.000001 0.000001 
0.000001 0.000001 0.000001 0.000001 0.000002 0.000004 0.000007 0.000011 0.000017 0.000028 0.000044 0.000068 0.000106 0.000162 0.000245 0.000366 0.000541 0.000791 0.001144 0.001637 0.002315 0.003238 0.004478 0.006124 0.008281 0.011072 0.014639 0.019137 0.024737 0.031615 0.039950 0.049913 0.061658 0.075305 0.090934 0.108563 0.128143 0.149539 0.172529 0.196795 0.221924 0.247419 0.272707 0.297162 0.320127 0.340941 0.358975 0.373660 0.384516 0.391180 0.393427 0.391180 0.384516 0.373660 0.358975 0.340941 0.320127 0.297162 0.272707 0.247419 0.221924 0.196795 0.172529 0.149539 0.128143 0.108563 0.090934 0.075305 0.061658 0.049913 0.039950 0.031615 0.024737 0.019137 0.014639 0.011072 0.008281 0.006124 0.004478 0.003238 0.002315 0.001637 0.001144 0.000791 0.000541 0.000366 0.000245 0.000162 0.000106 0.000068 0.000044 0.000028 0.000017 0.000011 0.000007 0.000004 0.000003 0.000002 0.000001 0.000001 
0.000001 0.000001 0.000001 0.000002 0.000004 0.000006 0.000010 0.000016 0.000025 0.000040 0.000063 0.000099 0.000153 0.000234 0.000354 0.000529 0.000783 0.001144 0.001655 0.002366 0.003345 0.004678 0.006467 0.008842 0.011954 0.015980 0.021123 0.027608 0.035678 0.045589 0.057597 0.071949 0.088863 0.108515 0.131016 0.156394 0.184575 0.215367 0.248448 0.283361 0.319513 0.356188 0.392563 0.427736 0.460763 0.490696 0.516630 0.537747 0.553357 0.562940 0.566171 0.562940 0.553357 0.537747 0.516630 0.490696 0.460763 0.427736 0.392563 0.356188 0.319513 0.283361 0.248448 0.215367 0.184575 0.156394 0.131016 0.108515 0.088863 0.071949 0.057597 0.045589 0.035678 0.027608 0.021123 0.015980 0.011954 0.008842 0.006467 0.004678 0.003345 0.002366 0.001655 0.001144 0.000783 0.000529 0.000354 0.000234 0.000153 0.000099 0.000063 0.000040 0.000025 0.000016 0.000010 0.000006 0.000004 0.000002 0.000002 0.000002 
0.000002 0.000002 0.000002 0.000003 0.000005 0.000008 0.000014 0.000022 0.000036 0.000058 0.000091 0.000142 0.000220 0.000335 0.000507 0.000758 0.001120 0.001637 0.002366 0.003382 0.004781 0.006683 0.009238 0.012626 0.017066 0.022809 0.030142 0.039388 0.050891 0.065015 0.082126 0.102572 0.126664 0.154651 0.186691 0.222822 0.262938 0.306766 0.353847 0.403530 0.454971 0.507151 0.558899 0.608935 0.655914 0.698491 0.735377 0.765410 0.787611 0.801241 0.805836 0.801241 0.787611 0.765410 0.735377 0.698491 0.655914 0.608935 0.558899 0.507151 0.454971 0.403530 0.353847 0.306766 0.262938 0.222822 0.186691 0.154651 0.126664 0.102572 0.082126 0.065015 0.050891 0.039388 0.030142 0.022809 0.017066 0.012626 0.009238 0.006683 0.004781 0.003382 0.002366 0.001637 0.001120 0.000758 0.000507 0.000336 0.000220 0.000142 0.000091 0.000058 0.000036 0.000022 0.000014 0.000008 0.000005 0.000004 0.000003 0.000003 
0.000002 0.000002 0.000003 0.000004 0.000007 0.000012 0.000019 0.000032 0.000051 0.000082 0.000129 0.000201 0.000311 0.000475 0.000718 0.001072 0.001584 0.002315 0.003345 0.004781 0.006756 0.009442 0.013048 0.017831 0.024094 0.032195 0.042538 0.055573 0.071790 0.091698 0.115809 0.144617 0.178556 0.217975 0.263096 0.313972 0.370452 0.432150 0.498421 0.568345 0.640737 0.714163 0.786976 0.857375 0.923469 0.983366 1.035255 1.077502 1.108732 1.127904 1.134367 1.127904 1.108732 1.077502 1.035255 0.983366 0.923469 0.857375 0.786976 0.714163 0.640737 0.568345 0.498421 0.432150 0.370452 0.313972 0.263096 0.217975 0.178556 0.144617 0.115809 0.091698 0.071790 0.055573 0.042538 0.032195 0.024094 0.017831 0.013048 0.009442 0.006756 0.004781 0.003345 0.002315 0.001584 0.001072 0.000718 0.000475 0.000311 0.000201 0.000129 0.000082 0.000051 0.000032 0.000020 0.000012 0.000008 0.000005 0.000004 0.000004 
0.000003 0.000003 0.000004 0.000006 0.000010 0.000017 0.000027 0.000045 0.000072 0.000115 0.000181 0.000282 0.000436 0.000665 0.001005 0.001501 0.002216 0.003238 0.004678 0.006683 0.009442 0.013192 0.018226 0.024900 0.033640 0.044940 0.059365 0.077543 0.100151 0.127901 0.161504 0.201645 0.248929 0.303840 0.366684 0.437533 0.516178 0.602079 0.694334 0.791667 0.892425 0.994614 1.095942 1.193903 1.285869 1.369208 1.441403 1.500180 1.543627 1.570299 1.579291 1.570299 1.543627 1.500180 1.441403 1.369208 1.285869 1.193903 1.095942 0.994614 0.892425 0.791667 0.694334 0.602079 0.516178 0.437533 0.366684 0.303840 0.248929 0.201645 0.161504 0.127901 0.100151 0.077543 0.059365 0.044940 0.033640 0.024900 0.018226 0.013192 0.009442 0.006683 0.004678 0.003238 0.002216 0.001501 0.001005 0.000665 0.000436 0.000282 0.000181 0.000115 0.000072 0.000045 0.000027 0.000017 0.000011 0.000007 0.000005 0.000005 
0.000004 0.000004 0.000006 0.000009 0.000014 0.000023 0.000038 0.000062 0.000100 0.000159 0.000251 0.000391 0.000603 0.000921 0.001391 0.002076 0.003066 0.004478 0.006467 0.009238 0.013048 0.018226 0.025175 0.034387 0.046447 0.062036 0.081932 0.106999 0.138171 0.176423 0.222739 0.278054 0.343204 0.418851 0.505415 0.602994 0.711295 0.829575 0.956592 1.090586 1.229284 1.369939 1.509399 1.644217 1.770777 1.885458 1.984800 2.065677 2.125459 2.162157 2.174530 2.162157 2.125459 2.065677 1.984800 1.885458 1.770777 1.644217 1.509399 1.369939 1.229284 1.090586 0.956592 0.829575 0.711295 0.602994 0.505415 0.418851 0.343204 0.278054 0.222739 0.176423 0.138171 0.106999 0.081932 0.062036 0.046447 0.034387 0.025175 0.018226 0.013048 0.009238 0.006467 0.004478 0.003066 0.002076 0.001391 0.000921 0.000603 0.000391 0.000251 0.000159 0.000100 0.000062 0.000038 0.000023 0.000015 0.000010 0.000008 0.000008 
0.000006 0.000006 0.000008 0.000012 0.000019 0.000032 0.000052 0.000085 0.000137 0.000218 0.000343 0.000536 0.000826 0.001261 0.001903 0.002841 0.004194 0.006124 0.008842 0.012626 0.017831 0.024900 0.034387 0.046960 0.063416 0.084684 0.111822 0.146007 0.188509 0.240658 0.303787 0.379173 0.467947 0.571012 0.688933 0.821843 0.969340 1.130410 1.303360 1.485792 1.674614 1.866083 2.055914 2.239412 2.411663 2.567739 2.702933 2.812995 2.894347 2.944286 2.961123 2.944286 2.894347 2.812995 2.702933 2.567739 2.411663 2.239412 2.055914 1.866083 1.674614 1.485792 1.303360 1.130410 0.969340 0.821843 0.688933 0.571012 0.467947 0.379173 0.303787 0.240658 0.188509 0.146007 0.111822 0.084684 0.063416 0.046960 0.034387 0.024900 0.017831 0.012626 0.008842 0.006124 0.004194 0.002841 0.001903 0.001261 0.000826 0.000536 0.000343 0.000218 0.000137 0.000085 0.000052 0.000032 0.000020 0.000013 0.000010 0.000010 
0.000008 0.000008 0.000011 0.000016 0.000026 0.000043 0.000071 0.000115 0.000185 0.000295 0.000465 0.000725 0.001119 0.001707 0.002576 0.003844 0.005673 0.008281 0.011954 0.017066 0.024094 0.033640 0.046447 0.063416 0.085622 0.114315 0.150921 0.197023 0.254333 0.324638 0.409733 0.511334 0.630963 0.769829 0.928693 1.107727 1.306389 1.523307 1.756203 2.001846 2.256069 2.513839 2.769385 3.016392 3.248245 3.458318 3.640278 3.788406 3.897894 3.965103 3.987762 3.965103 3.897894 3.788406 3.640278 3.458318 3.248245 3.016392 2.769385 2.513839 2.256069 2.001846 1.756203 1.523307 1.306389 1.107727 0.928693 0.769829 0.630963 0.511334 0.409733 0.324638 0.254333 0.197023 0.150921 0.114315 0.085622 0.063416 0.046447 0.033640 0.024094 0.017066 0.011954 0.008281 0.005673 0.003844 0.002576 0.001707 0.001119 0.000725 0.000465 0.000295 0.000185 0.000115 0.000071 0.000044 0.000027 0.000018 0.000014 0.000014 
0.000011 0.000011 0.000014 0.000022 0.000035 0.000058 0.000095 0.000154 0.000248 0.000395 0.000623 0.000971 0.001498 0.002285 0.003446 0.005142 0.007587 0.011072 0.015980 0.022809 0.032195 0.044940 0.062036 0.084684 0.114315 0.152595 0.201423 0.262908 0.339327 0.433058 0.546492 0.681907 0.841329 1.026364 1.238017 1.476516 1.741133 2.030038 2.340193 2.667295 3.005797 3.348995 3.689209 4.018036 4.326675 4.606307 4.848509 5.045673 5.191402 5.280855 5.311015 5.280855 5.191402 5.045673 4.848509 4.606307 4.326675 4.018036 3.689209 3.348995 3.005797 2.667295 2.340193 2.030038 1.741133 1.476516 1.238017 1.026364 0.841329 0.681907 0.546492 0.433058 0.339327 0.262908 0.201423 0.152595 0.114315 0.084684 0.062036 0.044940 0.032195 0.022809 0.015980 0.011072 0.007587 0.005142 0.003446 0.002285 0.001498 0.000971 0.000623 0.000395 0.000248 0.000154 0.000095 0.000059 0.000037 0.000025 0.000019 0.000019 
0.000015 0.000015 0.000019 0.000029 0.000047 0.000077 0.000126 0.000204 0.000329 0.000524 0.000825 0.001286 0.001983 0.003023 0.004560 0.006802 0.010034 0.014639 0.021123 0.030142 0.042538 0.059365 0.081932 0.111822 0.150921 0.201423 0.265830 0.346918 0.447686 0.571263 0.720795 0.899277 1.109374 1.353193 1.632056 1.946253 2.294821 2.675346 3.083822 3.514582 3.960318 4.412208 4.860140 5.293056 5.699372 6.067486 6.386315 6.645850 6.837675 6.955422 6.995121 6.955422 6.837675 6.645850 6.386315 6.067486 5.699372 5.293056 4.860140 4.412208 3.960318 3.514582 3.083822 2.675346 2.294821 1.946253 1.632056 1.353193 1.109374 0.899277 0.720795 0.571263 0.447686 0.346918 0.265830 0.201423 0.150921 0.111822 0.081932 0.059365 0.042538 0.030142 0.021123 0.014639 0.010034 0.006802 0.004560 0.003023 0.001983 0.001286 0.000825 0.000524 0.000329 0.000205 0.000126 0.000078 0.000049 0.000033 0.000025 0.000025 
0.000019 0.000019 0.000025 0.000038 0.000061 0.000101 0.000165 0.000268 0.000431 0.000686 0.001081 0.001684 0.002595 0.003956 0.005965 0.008895 0.013120 0.019137 0.027608 0.039388 0.055573 0.077543 0.106999 0.146007 0.197023 0.262908 0.346918 0.452670 0.584067 0.745183 0.940109 1.172744 1.446551 1.764267 2.127606 2.536940 2.991007 3.486655 4.018664 4.579651 5.160099 5.748520 6.331753 6.895403 7.424397 7.903634 8.318694 8.656555 8.906267 9.059543 9.111220 9.059543 8.906267 8.656555 8.318694 7.903634 7.424397 6.895403 6.331753 5.748520 5.160099 4.579651 4.018664 3.486655 2.991007 2.536940 2.127606 1.764267 1.446551 1.172744 0.940109 0.745183 0.584067 0.452670 0.346918 0.262908 0.197023 0.146007 0.106999 0.077543 0.055573 0.039388 0.027608 0.019137 0.013120 0.008895 0.005965 0.003956 0.002595 0.001684 0.001081 0.000686 0.000431 0.000268 0.000166 0.000102 0.000064 0.000043 0.000033 0.000033 
0.000025 0.000025 0.000032 0.000049 0.000079 0.000130 0.000213 0.000347 0.000558 0.000888 0.001399 0.002179 0.003358 0.005118 0.007715 0.011503 0.016962 0.024737 0.035678 0.050891 0.071790 0.100151 0.138171 0.188509 0.254333 0.339327 0.447686 0.584067 0.753494 0.961214 1.212490 1.512338 1.865209 2.274622 2.742773 3.270133 3.855067 4.493509 5.178730 5.901218 6.648718 7.406435 8.157429 8.883169 9.564255 10.181255 10.715614 11.150572 11.472041 11.669362 11.735888 11.669362 11.472041 11.150572 10.715614 10.181255 9.564255 8.883169 8.157429 7.406435 6.648718 5.901218 5.178730 4.493509 3.855067 3.270133 2.742773 2.274622 1.865209 1.512338 1.212490 0.961214 0.753494 0.584067 0.447686 0.339327 0.254333 0.188509 0.138171 0.100151 0.071790 0.050891 0.035678 0.024737 0.016962 0.011503 0.007716 0.005118 0.003358 0.002179 0.001399 0.000888 0.000558 0.000347 0.000215 0.000132 0.000083 0.000055 0.000043 0.000043 
0.000032 0.000032 0.000042 0.000063 0.000102 0.000167 0.000273 0.000444 0.000715 0.001137 0.001791 0.002789 0.004297 0.006547 0.009867 0.014708 0.021683 0.031615 0.045589 0.065015 0.091698 0.127901 0.176423 0.240658 0.324638 0.433058 0.571263 0.745183 0.961214 1.226036 1.546345 1.928524 2.378231 2.899939 3.496434 4.168304 4.913455 5.726701 6.599464 7.519625 8.471576 9.436481 10.392770 11.316856 12.184047 12.969611 13.649935 14.203693 14.612958 14.864164 14.948858 14.864164 14.612958 14.203693 13.649935 12.969611 12.184047 11.316856 10.392770 9.436481 8.471576 7.519625 6.599464 5.726701 4.913455 4.168304 3.496434 2.899939 2.378231 1.928524 1.546345 1.226036 0.961214 0.745183 0.571263 0.433058 0.324638 0.240658 0.176423 0.127901 0.091698 0.065015 0.045589 0.031615 0.021683 0.014708 0.009867 0.006547 0.004297 0.002789 0.001791 0.001138 0.000715 0.000445 0.000275 0.000170 0.000106 0.000071 0.000055 0.000055 
0.000041 0.000041 0.000053 0.000080 0.000129 0.000212 0.000346 0.000563 0.000905 0.001440 0.002266 0.003529 0.005435 0.008280 0.012476 0.018593 0.027405 0.039950 0.057597 0.082126 0.115809 0.161504 0.222739 0.303787 0.409733 0.546492 0.720795 0.940109 1.212490 1.546345 1.950102 2.431790 2.998527 3.655932 4.407502 5.253962 6.192663 7.217063 8.316347 9.475251 10.674115 11.889221 13.093413 14.256999 15.348899 16.337987 17.194543 17.891730 18.406990 18.723253 18.829879 18.723253 18.406990 17.891730 17.194543 16.337987 15.348899 14.256999 13.093413 11.889221 10.674115 9.475251 8.316347 7.217063 6.192663 5.253962 4.407502 3.655932 2.998527 2.431790 1.950102 1.546345 1.212490 0.940109 0.720795 0.546492 0.409733 0.303787 0.222739 0.161504 0.115809 0.082126 0.057597 0.039950 0.027405 0.018593 0.012476 0.008280 0.005435 0.003529 0.002266 0.001440 0.000905 0.000564 0.000348 0.000215 0.000135 0.000090 0.000070 0.000070 
0.000051 0.000051 0.000066 0.000100 0.000162 0.000265 0.000434 0.000704 0.001132 0.001802 0.002835 0.004414 0.006797 0.010353 0.015596 0.023238 0.034246 0.049913 0.071949 0.102572 0.144617 0.201645 0.278054 0.379173 0.511334 0.681907 0.899277 1.172744 1.512338 1.928524 2.431790 3.032128 3.738388 4.557557 5.493971 6.548518 7.717885 8.993908 10.363112 11.806475 13.299516 14.812699 16.312215 17.761102 19.120673 20.352186 21.418654 22.286679 22.928186 23.321934 23.454683 23.321934 22.928186 22.286679 21.418654 20.352186 19.120673 17.761102 16.312215 14.812699 13.299516 11.806475 10.363112 8.993908 7.717885 6.548518 5.493971 4.557557 3.738388 3.032128 2.431790 1.928524 1.512338 1.172744 0.899277 0.681907 0.511334 0.379173 0.278054 0.201645 0.144617 0.102572 0.071949 0.049913 0.034246 0.023238 0.015596 0.010353 0.006797 0.004414 0.002836 0.001802 0.001133 0.000706 0.000436 0.000269 0.000169 0.000113 0.000088 0.000088 
0.000063 0.000063 0.000082 0.000124 0.000200 0.000328 0.000537 0.000872 0.001401 0.002229 0.003507 0.005459 0.008404 0.012798 0.019277 0.028717 0.042311 0.061658 0.088863 0.126664 0.178556 0.248929 0.343204 0.467947 0.630963 0.841329 1.109374 1.446551 1.865209 2.378231 2.998527 3.738388 4.608702 5.618054 6.771768 8.070919 9.511407 11.083163 12.769578 14.547222 16.385939 18.249364 20.095870 21.879955 23.553999 25.070316 26.383384 27.452100 28.241914 28.726685 28.890121 28.726685 28.241914 27.452100 26.383384 25.070316 23.553999 21.879955 20.095870 18.249364 16.385939 14.547222 12.769578 11.083163 9.511407 8.070919 6.771768 5.618054 4.608702 3.738388 2.998527 2.378231 1.865209 1.446551 1.109374 0.841329 0.630963 0.467947 0.343204 0.248929 0.178556 0.126664 0.088863 0.061658 0.042311 0.028717 0.019277 0.012798 0.008405 0.005459 0.003508 0.002229 0.001402 0.000873 0.000540 0.000333 0.000209 0.000140 0.000109 0.000109 
0.000077 0.000077 0.000100 0.000152 0.000245 0.000402 0.000657 0.001067 0.001714 0.002726 0.004289 0.006674 0.010274 0.015642 0.023555 0.035085 0.051685 0.075305 0.108515 0.154651 0.217975 0.303840 0.418851 0.571012 0.769829 1.026364 1.353193 1.764267 2.274622 2.899939 3.655932 4.557557 5.618054 6.847863 8.253444 9.836084 11.590770 13.505223 15.559199 17.724157 19.963372 22.232561 24.481045 26.653432 28.691755 30.537974 32.136684 33.437859 34.399453 34.989653 35.188632 34.989653 34.399453 33.437859 32.136684 30.537974 28.691755 26.653432 24.481045 22.232561 19.963372 17.724157 15.559199 13.505223 11.590770 9.836084 8.253444 6.847863 5.618054 4.557557 3.655932 2.899939 2.274622 1.764267 1.353193 1.026364 0.769829 0.571012 0.418851 0.303840 0.217975 0.154651 0.108515 0.075305 0.051685 0.035085 0.023555 0.015642 0.010274 0.006675 0.004289 0.002727 0.001716 0.001069 0.000661 0.000408 0.000256 0.000171 0.000133 0.000133 
0.000094 0.000094 0.000122 0.000184 0.000297 0.000486 0.000795 0.001290 0.002073 0.003297 0.005185 0.008068 0.012416 0.018901 0.028458 0.042380 0.062421 0.090934 0.131016 0.186691 0.263096 0.366684 0.505415 0.688933 0.928693 1.238017 1.632056 2.127606 2.742773 3.496434 4.407502 5.493971 6.771768 8.253444 9.946753 11.853222 13.966790 16.272648 18.746402 21.353670 24.050225 26.782747 29.490222 32.105965 34.560202 36.783074 38.707895 40.274459 41.432165 42.142726 42.382282 42.142726 41.432165 40.274459 38.707895 36.783074 34.560202 32.105965 29.490222 26.782747 24.050225 21.353670 18.746402 16.272648 13.966790 11.853222 9.946753 8.253444 6.771768 5.493971 4.407502 3.496434 2.742773 2.127606 1.632056 1.238017 0.928693 0.688933 0.505415 0.366684 0.263096 0.186691 0.131016 0.090934 0.062421 0.042380 0.028458 0.018901 0.012416 0.008068 0.005186 0.003297 0.002075 0.001293 0.000800 0.000494 0.000310 0.000208 0.000162 0.000162 
0.000112 0.000112 0.000146 0.000221 0.000355 0.000582 0.000951 0.001543 0.002479 0.003941 0.006198 0.009641 0.014835 0.022579 0.033990 0.050611 0.074534 0.108563 0.156394 0.222822 0.313972 0.437533 0.602994 0.821843 1.107727 1.476516 1.946253 2.536940 3.270133 4.168304 5.253962 6.548518 8.070919 9.836084 11.853222 14.124123 16.641542 19.387822 22.333896 25.438810 28.649895 31.903665 35.127480 38.241958 41.164045 43.810590 46.102226 47.967299 49.345587 50.191526 50.476722 50.191526 49.345587 47.967299 46.102226 43.810590 41.164045 38.241958 35.127480 31.903665 28.649895 25.438810 22.333896 19.387822 16.641542 14.124123 11.853222 9.836084 8.070919 6.548518 5.253962 4.168304 3.270133 2.536940 1.946253 1.476516 1.107727 0.821843 0.602994 0.437533 0.313972 0.222822 0.156394 0.108563 0.074534 0.050611 0.033991 0.022579 0.014835 0.009641 0.006198 0.003942 0.002481 0.001546 0.000956 0.000591 0.000371 0.000248 0.000194 0.000194 
0.000133 0.000133 0.000172 0.000261 0.000420 0.000688 0.001125 0.001824 0.002930 0.004657 0.007323 0.011390 0.017523 0.026666 0.040138 0.059755 0.087989 0.128143 0.184575 0.262938 0.370452 0.516178 0.711295 0.969340 1.306389 1.741133 2.294821 2.991007 3.855067 4.913455 6.192663 7.717885 9.511407 11.590770 13.966790 16.641542 19.606467 22.840748 26.310136 29.966397 33.747508 37.578722 41.374521 45.041461 48.481783 51.597618 54.295553 56.491261 58.113867 59.109751 59.445497 59.109751 58.113867 56.491261 54.295553 51.597618 48.481783 45.041461 41.374521 37.578722 33.747508 29.966397 26.310136 22.840748 19.606467 16.641542 13.966790 11.590770 9.511407 7.717885 6.192663 4.913455 3.855067 2.991007 2.294821 1.741133 1.306389 0.969340 0.711295 0.516178 0.370452 0.262938 0.184575 0.128143 0.087989 0.059755 0.040138 0.026667 0.017524 0.011390 0.007324 0.004658 0.002932 0.001828 0.001131 0.000699 0.000439 0.000294 0.000229 0.000229 
0.000156 0.000156 0.000202 0.000305 0.000492 0.000805 0.001315 0.002132 0.003424 0.005441 0.008554 0.013303 0.020463 0.031136 0.046858 0.069751 0.102694 0.149539 0.215367 0.306766 0.432150 0.602079 0.829575 1.130410 1.523307 2.030038 2.675346 3.486655 4.493509 5.726701 7.217063 8.993908 11.083163 13.505223 16.272648 19.387822 22.840748 26.607158 30.647153 34.904556 39.307150 43.767906 48.187275 52.456483 56.461743 60.089147 63.229978 65.786095 67.675018 68.834347 69.225194 68.834347 67.675018 65.786095 63.229978 60.089147 56.461743 52.456483 48.187275 43.767906 39.307150 34.904556 30.647153 26.607158 22.840748 19.387822 16.272648 13.505223 11.083163 8.993908 7.217063 5.726701 4.493509 3.486655 2.675346 2.030038 1.523307 1.130410 0.829575 0.602079 0.432150 0.306766 0.215367 0.149539 0.102694 0.069751 0.046858 0.031136 0.020463 0.013303 0.008555 0.005442 0.003426 0.002136 0.001322 0.000817 0.000514 0.000344 0.000268 0.000268 
0.000180 0.000180 0.000233 0.000353 0.000568 0.000930 0.001519 0.002463 0.003955 0.006284 0.009878 0.015360 0.023624 0.035940 0.054082 0.080494 0.118496 0.172529 0.248448 0.353847 0.498421 0.694334 0.956592 1.303360 1.756203 2.340193 3.083822 4.018664 5.178730 6.599464 8.316347 10.363112 12.769578 15.559199 18.746402 22.333896 26.310136 30.647153 35.298985 40.200939 45.269863 50.405568 55.493458 60.408331 65.019221 69.195028 72.810636 75.753101 77.927504 79.262037 79.711949 79.262037 77.927504 75.753101 72.810636 69.195028 65.019221 60.408331 55.493458 50.405568 45.269863 40.200939 35.298985 30.647153 26.310136 22.333896 18.746402 15.559199 12.769578 10.363112 8.316347 6.599464 5.178730 4.018664 3.083822 2.340193 1.756203 1.303360 0.956592 0.694334 0.498421 0.353847 0.248448 0.172529 0.118496 0.080494 0.054082 0.035941 0.023624 0.015360 0.009879 0.006286 0.003958 0.002468 0.001528 0.000944 0.000594 0.000398 0.000310 0.000310 
0.000206 0.000206 0.000267 0.000403 0.000649 0.001062 0.001735 0.002813 0.004516 0.007175 0.011277 0.017532 0.026962 0.041014 0.061710 0.091836 0.135176 0.196795 0.283361 0.403530 0.568345 0.791667 1.090586 1.485792 2.001846 2.667295 3.514582 4.579651 5.901218 7.519625 9.475251 11.806475 14.547222 17.724157 21.353670 25.438810 29.966397 34.904556 40.200939 45.781879 51.552705 57.399366 63.191419 68.786362 74.035137 78.788544 82.904197 86.253566 88.728634 90.247691 90.759809 90.247691 88.728634 86.253566 82.904197 78.788544 74.035137 68.786362 63.191419 57.399366 51.552705 45.781879 40.200939 34.904556 29.966397 25.438810 21.353670 17.724157 14.547222 11.806475 9.475251 7.519625 5.901218 4.579651 3.514582 2.667295 2.001846 1.485792 1.090586 0.791667 0.568345 0.403530 0.283361 0.196795 0.135176 0.091836 0.061710 0.041014 0.026963 0.017533 0.011278 0.007177 0.004519 0.002819 0.001745 0.001079 0.000679 0.000454 0.000354 0.000354 
0.000233 0.000233 0.000301 0.000456 0.000733 0.001200 0.001959 0.003176 0.005098 0.008099 0.012727 0.019784 0.030422 0.046271 0.069611 0.103584 0.152453 0.221924 0.319513 0.454971 0.640737 0.892425 1.229284 1.674614 2.256069 3.005797 3.960318 5.160099 6.648718 8.471576 10.674115 13.299516 16.385939 19.963372 24.050225 28.649895 33.747508 39.307150 45.269863 51.552705 58.049099 64.630663 71.150577 77.448459 83.356555 88.706962 93.339445 97.109371 99.895192 101.604959 102.181371 101.604959 99.895192 97.109371 93.339445 88.706962 83.356555 77.448459 71.150577 64.630663 58.049099 51.552705 45.269863 39.307150 33.747508 28.649895 24.050225 19.963372 16.385939 13.299516 10.674115 8.471576 6.648718 5.160099 3.960318 3.005797 2.256069 1.674614 1.229284 0.892425 0.640737 0.454971 0.319513 0.221924 0.152453 0.103584 0.069611 0.046271 0.030422 0.019785 0.012728 0.008100 0.005102 0.003182 0.001970 0.001219 0.000767 0.000513 0.000400 0.000400 
0.000260 0.000260 0.000336 0.000509 0.000819 0.001339 0.002187 0.003545 0.005689 0.009036 0.014199 0.022070 0.033933 0.051606 0.077630 0.115505 0.169982 0.247419 0.356188 0.507151 0.714163 0.994614 1.369939 1.866083 2.513839 3.348995 4.412208 5.748520 7.406435 9.436481 11.889221 14.812699 18.249364 22.232561 26.782747 31.903665 37.578722 43.767906 50.405568 57.399366 64.630663 71.956564 79.213664 86.223473 92.799308 98.754324 103.910220 108.106054 111.206578 113.109481 113.751002 113.109481 111.206578 108.106054 103.910220 98.754324 92.799308 86.223473 79.213664 71.956564 64.630663 57.399366 50.405568 43.767906 37.578722 31.903665 26.782747 22.232561 18.249364 14.812699 11.889221 9.436481 7.406435 5.748520 4.412208 3.348995 2.513839 1.866083 1.369939 0.994614 0.714163 0.507151 0.356188 0.247419 0.169982 0.115505 0.077630 0.051606 0.033933 0.022070 0.014200 0.009038 0.005693 0.003551 0.002199 0.001360 0.000856 0.000573 0.000447 0.000447 
0.000287 0.000287 0.000371 0.000561 0.000903 0.001478 0.002413 0.003910 0.006276 0.009967 0.015659 0.024338 0.037417 0.056900 0.085586 0.127332 0.187371 0.272707 0.392563 0.558899 0.786976 1.095942 1.509399 2.055914 2.769385 3.689209 4.860140 6.331753 8.157429 10.392770 13.093413 16.312215 20.095870 24.481045 29.490222 35.127480 41.374521 48.187275 55.493458 63.191419 71.150577 79.213664 87.200850 94.915715 102.152833 108.706604 114.380837 118.998444 122.410613 124.504774 125.210772 124.504774 122.410613 118.998444 114.380837 108.706604 102.152833 94.915715 87.200850 79.213664 71.150577 63.191419 55.493458 48.187275 41.374521 35.127480 29.490222 24.481045 20.095870 16.312215 13.093413 10.392770 8.157429 6.331753 4.860140 3.689209 2.769385 2.055914 1.509399 1.095942 0.786976 0.558899 0.392563 0.272707 0.187371 0.127332 0.085586 0.056900 0.037417 0.024339 0.015661 0.009969 0.006280 0.003918 0.002426 0.001501 0.000945 0.000633 0.000493 0.000493 
