0.000000 0.000000 0.000000 0.000000 0.000000 0.000000 0.000000 0.000000 0.000000 0.000000 0.000000 0.000000 0.000000 0.000000 0.000000 0.000000 0.000000 0.000000 0.000000 0.000000 0.000000 0.000000 0.000000 0.000001 0.000001 0.000001 0.000002 0.000003 0.000003 0.000004 0.000006 0.000008 0.000010 0.000012 0.000015 0.000019 0.000023 0.000027 0.000032 0.000037 0.000043 0.000048 0.000054 0.000060 0.000065 0.000070 0.000075 0.000078 0.000081 0.000082 0.000083 0.000082 0.000081 0.000078 0.000075 0.000070 0.000065 0.000060 0.000054 0.000048 0.000043 0.000037 0.000032 0.000027 0.000023 0.000019 0.000015 0.000012 0.000010 0.000008 0.000006 0.000004 0.000003 0.000003 0.000002 0.000001 0.000001 0.000001 0.000000 0.000000 0.000000 0.000000 0.000000 0.000000 0.000000 0.000000 0.000000 0.000000 0.000000 0.000000 0.000000 0.000000 0.000000 0.000000 0.000000 0.000000 0.000000 0.000000 0.000000 0.000000 
0.000000 0.000000 0.000000 0.000000 0.000000 0.000000 0.000000 0.000000 0.000000 0.000000 0.000000 0.000000 0.000000 0.000000 0.000000 0.000000 0.000000 0.000000 0.000000 0.000000 0.000000 0.000000 0.000000 0.000001 0.000001 0.000001 0.000002 0.000003 0.000003 0.000004 0.000006 0.000008 0.000010 0.000012 0.000015 0.000019 0.000023 0.000027 0.000032 0.000037 0.000043 0.000048 0.000054 0.000060 0.000065 0.000070 0.000075 0.000078 0.000081 0.000082 0.000083 0.000082 0.000081 0.000078 0.000075 0.000070 0.000065 0.000060 0.000054 0.000048 0.000043 0.000037 0.000032 0.000027 0.000023 0.000019 0.000015 0.000012 0.000010 0.000008 0.000006 0.000004 0.000003 0.000003 0.000002 0.000001 0.000001 0.000001 0.000000 0.000000 0.000000 0.000000 0.000000 0.000000 0.000000 0.000000 0.000000 0.000000 0.000000 0.000000 0.000000 0.000000 0.000000 0.000000 0.000000 0.000000 0.000000 0.000000 0.000000 0.000000 
0.000000 0.000000 0.000000 0.000000 0.000000 0.000000 0.000000 0.000000 0.000000 0.000000 0.000000 0.000000 0.000000 0.000000 0.000000 0.000000 0.000000 0.000000 0.000000 0.000000 0.000000 0.000000 0.000001 0.000001 0.000001 0.000002 0.000003 0.000003 0.000005 0.000006 0.000008 0.000010 0.000013 0.000017 0.000021 0.000026 0.000031 0.000037 0.000044 0.000051 0.000059 0.000067 0.000075 0.000083 0.000090 0.000097 0.000103 0.000108 0.000111 0.000113 0.000114 0.000113 0.000111 0.000108 0.000103 0.000097 0.000090 0.000083 0.000075 0.000067 0.000059 0.000051 0.000044 0.000037 0.000031 0.000026 0.000021 0.000017 0.000013 0.000010 0.000008 0.000006 0.000005 0.000003 0.000003 0.000002 0.000001 0.000001 0.000001 0.000000 0.000000 0.000000 0.000000 0.000000 0.000000 0.000000 0.000000 0.000000 0.000000 0.000000 0.000000 0.000000 0.000000 0.000000 0.000000 0.000000 0.000000 0.000000 0.000000 0.000000 
0.000000 0.000000 0.000000 0.000000 0.000000 0.000000 0.000000 0.000000 0.000000 0.000000 0.000000 0.000000 0.000000 0.000000 0.000000 0.000000 0.000000 0.000000 0.000000 0.000000 0.000000 0.000001 0.000001 0.000002 0.000002 0.000003 0.000004 0.000006 0.000008 0.000010 0.000013 0.000017 0.000022 0.000028 0.000034 0.000042 0.000051 0.000061 0.000072 0.000084 0.000096 0.000109 0.000122 0.000135 0.000147 0.000158 0.000168 0.000176 0.000182 0.000185 0.000187 0.000185 0.000182 0.000176 0.000168 0.000158 0.000147 0.000135 0.000122 0.000109 0.000096 0.000084 0.000072 0.000061 0.000051 0.000042 0.000034 0.000028 0.000022 0.000017 0.000013 0.000010 0.000008 0.000006 0.000004 0.000003 0.000002 0.000002 0.000001 0.000001 0.000000 0.000000 0.000000 0.000000 0.000000 0.000000 0.000000 0.000000 0.000000 0.000000 0.000000 0.000000 0.000000 0.000000 0.000000 0.000000 0.000000 0.000000 0.000000 0.000000 
0.000000 0.000000 0.000000 0.000000 0.000000 0.000000 0.000000 0.000000 0.000000 0.000000 0.000000 0.000000 0.000000 0.000000 0.000000 0.000000 0.000000 0.000000 0.000000 0.000001 0.000001 0.000001 0.000002 0.000003 0.000004 0.000005 0.000007 0.000010 0.000013 0.000018 0.000023 0.000030 0.000038 0.000048 0.000060 0.000073 0.000089 0.000106 0.000125 0.000146 0.000167 0.000189 0.000212 0.000234 0.000255 0.000274 0.000291 0.000305 0.000315 0.000321 0.000323 0.000321 0.000315 0.000305 0.000291 0.000274 0.000255 0.000234 0.000212 0.000189 0.000167 0.000146 0.000125 0.000106 0.000089 0.000073 0.000060 0.000048 0.000038 0.000030 0.000023 0.000018 0.000013 0.000010 0.000007 0.000005 0.000004 0.000003 0.000002 0.000001 0.000001 0.000001 0.000000 0.000000 0.000000 0.000000 0.000000 0.000000 0.000000 0.000000 0.000000 0.000000 0.000000 0.000000 0.000000 0.000000 0.000000 0.000000 0.000000 0.000000 
0.000000 0.000000 0.000000 0.000000 0.000000 0.000000 0.000000 0.000000 0.000000 0.000000 0.000000 0.000000 0.000000 0.000000 0.000000 0.000000 0.000000 0.000000 0.000001 0.000001 0.000002 0.000002 0.000003 0.000005 0.000007 0.000009 0.000013 0.000017 0.000023 0.000031 0.000041 0.000053 0.000067 0.000084 0.000105 0.000129 0.000156 0.000186 0.000219 0.000255 0.000293 0.000332 0.000371 0.000410 0.000446 0.000480 0.000509 0.000533 0.000551 0.000562 0.000566 0.000562 0.000551 0.000533 0.000509 0.000480 0.000446 0.000410 0.000371 0.000332 0.000293 0.000255 0.000219 0.000186 0.000156 0.000129 0.000105 0.000084 0.000067 0.000053 0.000041 0.000031 0.000023 0.000017 0.000013 0.000009 0.000007 0.000005 0.000003 0.000002 0.000002 0.000001 0.000001 0.000000 0.000000 0.000000 0.000000 0.000000 0.000000 0.000000 0.000000 0.000000 0.000000 0.000000 0.000000 0.000000 0.000000 0.000000 0.000000 0.000000 
0.000000 0.000000 0.000000 0.000000 0.000000 0.000000 0.000000 0.000000 0.000000 0.000000 0.000000 0.000000 0.000000 0.000000 0.000000 0.000000 0.000001 0.000001 0.000001 0.000002 0.000003 0.000004 0.000006 0.000008 0.000012 0.000016 0.000022 0.000031 0.000041 0.000054 0.000071 0.000092 0.000117 0.000147 0.000183 0.000224 0.000271 0.000324 0.000382 0.000444 0.000510 0.000578 0.000646 0.000713 0.000777 0.000836 0.000887 0.000928 0.000959 0.000979 0.000985 0.000979 0.000959 0.000928 0.000887 0.000836 0.000777 0.000713 0.000646 0.000578 0.000510 0.000444 0.000382 0.000324 0.000271 0.000224 0.000183 0.000147 0.000117 0.000092 0.000071 0.000054 0.000041 0.000031 0.000022 0.000016 0.000012 0.000008 0.000006 0.000004 0.000003 0.000002 0.000001 0.000001 0.000001 0.000000 0.000000 0.000000 0.000000 0.000000 0.000000 0.000000 0.000000 0.000000 0.000000 0.000000 0.000000 0.000000 0.000000 0.000000 
0.000000 0.000000 0.000000 0.000000 0.000000 0.000000 0.000000 0.000000 0.000000 0.000000 0.000000 0.000000 0.000000 0.000000 0.000000 0.000001 0.000001 0.000001 0.000002 0.000003 0.000005 0.000007 0.000010 0.000014 0.000020 0.000028 0.000039 0.000053 0.000071 0.000094 0.000123 0.000159 0.000202 0.000254 0.000316 0.000387 0.000468 0.000559 0.000659 0.000766 0.000880 0.000997 0.001114 0.001230 0.001340 0.001440 0.001528 0.001600 0.001653 0.001686 0.001697 0.001686 0.001653 0.001600 0.001528 0.001440 0.001340 0.001230 0.001114 0.000997 0.000880 0.000766 0.000659 0.000559 0.000468 0.000387 0.000316 0.000254 0.000202 0.000159 0.000123 0.000094 0.000071 0.000053 0.000039 0.000028 0.000020 0.000014 0.000010 0.000007 0.000005 0.000003 0.000002 0.000001 0.000001 0.000001 0.000000 0.000000 0.000000 0.000000 0.000000 0.000000 0.000000 0.000000 0.000000 0.000000 0.000000 0.000000 0.000000 0.000000 
0.000000 0.000000 0.000000 0.000000 0.000000 0.000000 0.000000 0.000000 0.000000 0.000000 0.000000 0.000000 0.000000 0.000000 0.000001 0.000001 0.000002 0.000002 0.000004 0.000005 0.000008 0.000012 0.000017 0.000025 0.000035 0.000048 0.000067 0.000090 0.000121 0.000161 0.000210 0.000271 0.000346 0.000435 0.000539 0.000661 0.000799 0.000954 0.001124 0.001307 0.001500 0.001699 0.001899 0.002096 0.002282 0.002453 0.002603 0.002725 0.002816 0.002872 0.002891 0.002872 0.002816 0.002725 0.002603 0.002453 0.002282 0.002096 0.001899 0.001699 0.001500 0.001307 0.001124 0.000954 0.000799 0.000661 0.000539 0.000435 0.000346 0.000271 0.000210 0.000161 0.000121 0.000090 0.000067 0.000048 0.000035 0.000025 0.000017 0.000012 0.000008 0.000005 0.000004 0.000002 0.000002 0.000001 0.000001 0.000000 0.000000 0.000000 0.000000 0.000000 0.000000 0.000000 0.000000 0.000000 0.000000 0.000000 0.000000 0.000000 
0.000000 0.000000 0.000000 0.000000 0.000000 0.000000 0.000000 0.000000 0.000000 0.000000 0.000000 0.000000 0.000000 0.000001 0.000001 0.000002 0.000003 0.000004 0.000006 0.000009 0.000014 0.000020 0.000029 0.000042 0.000059 0.000082 0.000113 0.000153 0.000205 0.000272 0.000355 0.000458 0.000583 0.000733 0.000910 0.001114 0.001347 0.001608 0.001893 0.002201 0.002526 0.002861 0.003198 0.003529 0.003842 0.004130 0.004381 0.004587 0.004740 0.004834 0.004866 0.004834 0.004740 0.004587 0.004381 0.004130 0.003842 0.003529 0.003198 0.002861 0.002526 0.002201 0.001893 0.001608 0.001347 0.001114 0.000910 0.000733 0.000583 0.000458 0.000355 0.000272 0.000205 0.000153 0.000113 0.000082 0.000059 0.000042 0.000029 0.000020 0.000014 0.000009 0.000006 0.000004 0.000003 0.000002 0.000001 0.000001 0.000000 0.000000 0.000000 0.000000 0.000000 0.000000 0.000000 0.000000 0.000000 0.000000 0.000000 0.000000 
0.000000 0.000000 0.000000 0.000000 0.000000 0.000000 0.000000 0.000000 0.000000 0.000000 0.000000 0.000000 0.000001 0.000001 0.000002 0.000003 0.000004 0.000007 0.000010 0.000015 0.000023 0.000034 0.000049 0.000070 0.000098 0.000137 0.000188 0.000255 0.000342 0.000453 0.000592 0.000764 0.000972 0.001222 0.001516 0.001856 0.002244 0.002677 0.003152 0.003664 0.004204 0.004760 0.005321 0.005870 0.006391 0.006868 0.007286 0.007627 0.007881 0.008038 0.008091 0.008038 0.007881 0.007627 0.007286 0.006868 0.006391 0.005870 0.005321 0.004760 0.004204 0.003664 0.003152 0.002677 0.002244 0.001856 0.001516 0.001222 0.000972 0.000764 0.000592 0.000453 0.000342 0.000255 0.000188 0.000137 0.000098 0.000070 0.000049 0.000034 0.000023 0.000015 0.000010 0.000007 0.000004 0.000003 0.000002 0.000001 0.000001 0.000000 0.000000 0.000000 0.000000 0.000000 0.000000 0.000000 0.000000 0.000000 0.000000 0.000000 
0.000000 0.000000 0.000000 0.000000 0.000000 0.000000 0.000000 0.000000 0.000000 0.000000 0.000000 0.000001 0.000001 0.000002 0.000003 0.000005 0.000007 0.000011 0.000017 0.000026 0.000038 0.000056 0.000080 0.000115 0.000162 0.000226 0.000310 0.000421 0.000565 0.000747 0.000976 0.001258 0.001601 0.002012 0.002495 0.003055 0.003691 0.004403 0.005184 0.006025 0.006911 0.007825 0.008745 0.009646 0.010502 0.011285 0.011970 0.012530 0.012947 0.013204 0.013290 0.013204 0.012947 0.012530 0.011970 0.011285 0.010502 0.009646 0.008745 0.007825 0.006911 0.006025 0.005184 0.004403 0.003691 0.003055 0.002495 0.002012 0.001601 0.001258 0.000976 0.000747 0.000565 0.000421 0.000310 0.000226 0.000162 0.000115 0.000080 0.000056 0.000038 0.000026 0.000017 0.000011 0.000007 0.000005 0.000003 0.000002 0.000001 0.000001 0.000000 0.000000 0.000000 0.000000 0.000000 0.000000 0.000000 0.000000 0.000000 0.000000 
0.000000 0.000000 0.000000 0.000000 0.000000 0.000000 0.000000 0.000000 0.000000 0.000000 0.000001 0.000001 0.000002 0.000003 0.000005 0.000008 0.000012 0.000018 0.000028 0.000042 0.000062 0.000091 0.000131 0.000188 0.000264 0.000368 0.000506 0.000687 0.000920 0.001217 0.001589 0.002048 0.002605 0.003273 0.004058 0.004966 0.006000 0.007155 0.008422 0.009786 0.011224 0.012706 0.014198 0.015659 0.017047 0.018317 0.019427 0.020336 0.021011 0.021427 0.021568 0.021427 0.021011 0.020336 0.019427 0.018317 0.017047 0.015659 0.014198 0.012706 0.011224 0.009786 0.008422 0.007155 0.006000 0.004966 0.004058 0.003273 0.002605 0.002048 0.001589 0.001217 0.000920 0.000687 0.000506 0.000368 0.000264 0.000188 0.000131 0.000091 0.000062 0.000042 0.000028 0.000018 0.000012 0.000008 0.000005 0.000003 0.000002 0.000001 0.000001 0.000000 0.000000 0.000000 0.000000 0.000000 0.000000 0.000000 0.000000 0.000000 
0.000000 0.000000 0.000000 0.000000 0.000000 0.000000 0.000000 0.000000 0.000000 0.000001 0.000001 0.000002 0.000003 0.000005 0.000008 0.000012 0.000019 0.000030 0.000045 0.000067 0.000100 0.000146 0.000212 0.000302 0.000426 0.000593 0.000815 0.001105 0.001480 0.001957 0.002555 0.003292 0.004187 0.005258 0.006517 0.007975 0.009632 0.011485 0.013517 0.015703 0.018007 0.020382 0.022772 0.025112 0.027335 0.029370 0.031146 0.032602 0.033684 0.034350 0.034575 0.034350 0.033684 0.032602 0.031146 0.029370 0.027335 0.025112 0.022772 0.020382 0.018007 0.015703 0.013517 0.011485 0.009632 0.007975 0.006517 0.005258 0.004187 0.003292 0.002555 0.001957 0.001480 0.001105 0.000815 0.000593 0.000426 0.000302 0.000212 0.000146 0.000100 0.000067 0.000045 0.000030 0.000019 0.000012 0.000008 0.000005 0.000003 0.000002 0.000001 0.000001 0.000000 0.000000 0.000000 0.000000 0.000000 0.000000 0.000000 0.000000 
0.000000 0.000000 0.000000 0.000000 0.000000 0.000000 0.000000 0.000000 0.000001 0.000001 0.000002 0.000003 0.000005 0.000008 0.000012 0.000020 0.000031 0.000047 0.000072 0.000108 0.000159 0.000233 0.000337 0.000481 0.000678 0.000944 0.001296 0.001757 0.002353 0.003110 0.004058 0.005227 0.006647 0.008344 0.010341 0.012650 0.015276 0.018210 0.021428 0.024889 0.028536 0.032295 0.036078 0.039782 0.043299 0.046518 0.049328 0.051631 0.053342 0.054396 0.054752 0.054396 0.053342 0.051631 0.049328 0.046518 0.043299 0.039782 0.036078 0.032295 0.028536 0.024889 0.021428 0.018210 0.015276 0.012650 0.010341 0.008344 0.006647 0.005227 0.004058 0.003110 0.002353 0.001757 0.001296 0.000944 0.000678 0.000481 0.000337 0.000233 0.000159 0.000108 0.000072 0.000047 0.000031 0.000020 0.000012 0.000008 0.000005 0.000003 0.000002 0.000001 0.000001 0.000000 0.000000 0.000000 0.000000 0.000000 0.000000 0.000000 
0.000000 0.000000 0.000000 0.000000 0.000000 0.000000 0.000000 0.000001 0.000001 0.000002 0.000003 0.000005 0.000008 0.000012 0.000020 0.000031 0.000048 0.000074 0.000113 0.000169 0.000251 0.000367 0.000531 0.000757 0.001066 0.001483 0.002036 0.002760 0.003693 0.004880 0.006366 0.008198 0.010422 0.013080 0.016205 0.019820 0.023930 0.028520 0.033553 0.038967 0.044670 0.050548 0.056461 0.062251 0.067749 0.072778 0.077171 0.080770 0.083443 0.085089 0.085645 0.085089 0.083443 0.080770 0.077171 0.072778 0.067749 0.062251 0.056461 0.050548 0.044670 0.038967 0.033553 0.028520 0.023930 0.019820 0.016205 0.013080 0.010422 0.008198 0.006366 0.004880 0.003693 0.002760 0.002036 0.001483 0.001066 0.000757 0.000531 0.000367 0.000251 0.000169 0.000113 0.000074 0.000048 0.000031 0.000020 0.000012 0.000008 0.000005 0.000003 0.000002 0.000001 0.000001 0.000000 0.000000 0.000000 0.000000 0.000000 0.000000 
0.000000 0.000000 0.000000 0.000000 0.000000 0.000000 0.000001 0.000001 0.000002 0.000003 0.000004 0.000007 0.000012 0.000019 0.000031 0.000048 0.000075 0.000116 0.000176 0.000263 0.000390 0.000571 0.000824 0.001176 0.001655 0.002301 0.003158 0.004280 0.005726 0.007564 0.009864 0.012699 0.016140 0.020251 0.025085 0.030673 0.037026 0.044120 0.051897 0.060261 0.069071 0.078148 0.087279 0.096220 0.104708 0.112473 0.119253 0.124808 0.128935 0.131476 0.132334 0.131476 0.128935 0.124808 0.119253 0.112473 0.104708 0.096220 0.087279 0.078148 0.069071 0.060261 0.051897 0.044120 0.037026 0.030673 0.025085 0.020251 0.016140 0.012699 0.009864 0.007564 0.005726 0.004280 0.003158 0.002301 0.001655 0.001176 0.000824 0.000571 0.000390 0.000263 0.000176 0.000116 0.000075 0.000048 0.000031 0.000019 0.000012 0.000007 0.000004 0.000003 0.000002 0.000001 0.000001 0.000000 0.000000 0.000000 0.000000 0.000000 
0.000000 0.000000 0.000000 0.000000 0.000000 0.000000 0.000001 0.000001 0.000002 0.000004 0.000007 0.000011 0.000018 0.000030 0.000047 0.000074 0.000116 0.000178 0.000270 0.000405 0.000599 0.000876 0.001265 0.001803 0.002538 0.003527 0.004839 0.006556 0.008768 0.011579 0.015095 0.019429 0.024688 0.030969 0.038352 0.046887 0.056586 0.067415 0.079285 0.092047 0.105489 0.119338 0.133266 0.146902 0.159846 0.171686 0.182025 0.190496 0.196787 0.200661 0.201969 0.200661 0.196787 0.190496 0.182025 0.171686 0.159846 0.146902 0.133266 0.119338 0.105489 0.092047 0.079285 0.067415 0.056586 0.046887 0.038352 0.030969 0.024688 0.019429 0.015095 0.011579 0.008768 0.006556 0.004839 0.003527 0.002538 0.001803 0.001265 0.000876 0.000599 0.000405 0.000270 0.000178 0.000116 0.000074 0.000047 0.000030 0.000018 0.000011 0.000007 0.000004 0.000002 0.000001 0.000001 0.000000 0.000000 0.000000 0.000000 0.000000 
0.000000 0.000000 0.000000 0.000000 0.000000 0.000001 0.000001 0.000002 0.000004 0.000006 0.000010 0.000017 0.000028 0.000045 0.000072 0.000113 0.000176 0.000270 0.000410 0.000614 0.000909 0.001328 0.001917 0.002731 0.003843 0.005339 0.007323 0.009917 0.013261 0.017506 0.022817 0.029360 0.037297 0.046776 0.057914 0.070787 0.085414 0.101742 0.119636 0.138872 0.159129 0.179997 0.200982 0.221525 0.241023 0.258858 0.274430 0.287187 0.296661 0.302496 0.304466 0.302496 0.296661 0.287187 0.274430 0.258858 0.241023 0.221525 0.200982 0.179997 0.159129 0.138872 0.119636 0.101742 0.085414 0.070787 0.057914 0.046776 0.037297 0.029360 0.022817 0.017506 0.013261 0.009917 0.007323 0.005339 0.003843 0.002731 0.001917 0.001328 0.000909 0.000614 0.000410 0.000270 0.000176 0.000113 0.000072 0.000045 0.000028 0.000017 0.000010 0.000006 0.000004 0.000002 0.000001 0.000001 0.000000 0.000000 0.000000 0.000000 
0.000000 0.000000 0.000000 0.000000 0.000001 0.000001 0.000002 0.000003 0.000005 0.000009 0.000015 0.000026 0.000042 0.000067 0.000108 0.000169 0.000263 0.000405 0.000614 0.000920 0.001361 0.001988 0.002868 0.004086 0.005747 0.007981 0.010944 0.014817 0.019806 0.026140 0.034061 0.043817 0.055650 0.069778 0.086374 0.105553 0.127339 0.151655 0.178299 0.206936 0.237090 0.268148 0.299377 0.329945 0.358956 0.385490 0.408656 0.427633 0.441727 0.450405 0.453336 0.450405 0.441727 0.427633 0.408656 0.385490 0.358956 0.329945 0.299377 0.268148 0.237090 0.206936 0.178299 0.151655 0.127339 0.105553 0.086374 0.069778 0.055650 0.043817 0.034061 0.026140 0.019806 0.014817 0.010944 0.007981 0.005747 0.004086 0.002868 0.001988 0.001361 0.000920 0.000614 0.000405 0.000263 0.000169 0.000108 0.000067 0.000042 0.000026 0.000015 0.000009 0.000005 0.000003 0.000002 0.000001 0.000001 0.000000 0.000000 0.000000 
0.000000 0.000000 0.000000 0.000000 0.000001 0.000002 0.000003 0.000005 0.000008 0.000014 0.000023 0.000038 0.000062 0.000100 0.000159 0.000251 0.000390 0.000599 0.000909 0.001361 0.002013 0.002939 0.004239 0.006036 0.008487 0.011783 0.016153 0.021862 0.029216 0.038548 0.050216 0.064584 0.082007 0.102802 0.127228 0.155447 0.187497 0.223262 0.262447 0.304555 0.348887 0.394544 0.440446 0.485372 0.528006 0.566997 0.601036 0.628920 0.649626 0.662377 0.666683 0.662377 0.649626 0.628920 0.601036 0.566997 0.528006 0.485372 0.440446 0.394544 0.348887 0.304555 0.262447 0.223262 0.187497 0.155447 0.127228 0.102802 0.082007 0.064584 0.050216 0.038548 0.029216 0.021862 0.016153 0.011783 0.008487 0.006036 0.004239 0.002939 0.002013 0.001361 0.000909 0.000599 0.000390 0.000251 0.000159 0.000100 0.000062 0.000038 0.000023 0.000014 0.000008 0.000005 0.000003 0.000002 0.000001 0.000001 0.000000 0.000000 
0.000000 0.000000 0.000000 0.000001 0.000001 0.000002 0.000004 0.000007 0.000012 0.000020 0.000034 0.000056 0.000091 0.000146 0.000233 0.000367 0.000571 0.000876 0.001328 0.001988 0.002939 0.004291 0.006186 0.008806 0.012378 0.017180 0.023543 0.031856 0.042560 0.056140 0.073115 0.094013 0.119347 0.149580 0.185082 0.226090 0.272658 0.324615 0.381530 0.442683 0.507057 0.573346 0.639985 0.705200 0.767081 0.823673 0.873073 0.913538 0.943587 0.962089 0.968337 0.962089 0.943587 0.913538 0.873073 0.823673 0.767081 0.705200 0.639985 0.573346 0.507057 0.442683 0.381530 0.324615 0.272658 0.226090 0.185082 0.149580 0.119347 0.094013 0.073115 0.056140 0.042560 0.031856 0.023543 0.017180 0.012378 0.008806 0.006186 0.004291 0.002939 0.001988 0.001328 0.000876 0.000571 0.000367 0.000233 0.000146 0.000091 0.000056 0.000034 0.000020 0.000012 0.000007 0.000004 0.000002 0.000001 0.000001 0.000001 0.000001 
0.000000 0.000000 0.000001 0.000001 0.000002 0.000003 0.000006 0.000010 0.000017 0.000029 0.000049 0.000080 0.000131 0.000212 0.000337 0.000531 0.000824 0.001265 0.001917 0.002868 0.004239 0.006186 0.008915 0.012687 0.017827 0.024735 0.033887 0.045841 0.061227 0.080743 0.105131 0.135149 0.171531 0.214939 0.265904 0.324760 0.391584 0.466130 0.547776 0.635489 0.727810 0.822868 0.918416 1.011914 1.100626 1.181748 1.252557 1.310557 1.353625 1.380144 1.389099 1.380144 1.353625 1.310557 1.252557 1.181748 1.100626 1.011914 0.918416 0.822868 0.727810 0.635489 0.547776 0.466130 0.391584 0.324760 0.265904 0.214939 0.171531 0.135149 0.105131 0.080743 0.061227 0.045841 0.033887 0.024735 0.017827 0.012687 0.008915 0.006186 0.004239 0.002868 0.001917 0.001265 0.000824 0.000531 0.000337 0.000212 0.000131 0.000080 0.000049 0.000029 0.000017 0.000010 0.000006 0.000003 0.000002 0.000001 0.000001 0.000001 
0.000001 0.000001 0.000001 0.000002 0.000003 0.000005 0.000008 0.000014 0.000025 0.000042 0.000070 0.000115 0.000188 0.000302 0.000481 0.000757 0.001176 0.001803 0.002731 0.004086 0.006036 0.008806 0.012687 0.018048 0.025353 0.035167 0.048167 0.065140 0.086982 0.114679 0.149283 0.191866 0.243465 0.305017 0.377269 0.460694 0.555398 0.661027 0.776701 0.900953 1.031718 1.166342 1.301648 1.434038 1.559640 1.674491 1.774734 1.856839 1.917805 1.955343 1.968018 1.955343 1.917805 1.856839 1.774734 1.674491 1.559640 1.434038 1.301648 1.166342 1.031718 0.900953 0.776701 0.661027 0.555398 0.460694 0.377269 0.305017 0.243465 0.191866 0.149283 0.114679 0.086982 0.065140 0.048167 0.035167 0.025353 0.018048 0.012687 0.008806 0.006036 0.004086 0.002731 0.001803 0.001176 0.000757 0.000481 0.000302 0.000188 0.000115 0.000070 0.000042 0.000025 0.000014 0.000008 0.000005 0.000003 0.000002 0.000001 0.000001 
0.000001 0.000001 0.000001 0.000002 0.000004 0.000007 0.000012 0.000020 0.000035 0.000059 0.000098 0.000162 0.000264 0.000426 0.000678 0.001066 0.001655 0.002538 0.003843 0.005747 0.008487 0.012378 0.017827 0.025353 0.035604 0.049373 0.067606 0.091406 0.122026 0.160845 0.209332 0.268986 0.341258 0.427451 0.528610 0.645393 0.777941 0.925758 1.087608 1.261440 1.444359 1.632657 1.821890 2.007030 2.182663 2.343251 2.483407 2.598198 2.683431 2.735910 2.753631 2.735910 2.683431 2.598198 2.483407 2.343251 2.182663 2.007030 1.821890 1.632657 1.444359 1.261440 1.087608 0.925758 0.777941 0.645393 0.528610 0.427451 0.341258 0.268986 0.209332 0.160845 0.122026 0.091406 0.067606 0.049373 0.035604 0.025353 0.017827 0.012378 0.008487 0.005747 0.003843 0.002538 0.001655 0.001066 0.000678 0.000426 0.000264 0.000162 0.000098 0.000059 0.000035 0.000020 0.000012 0.000007 0.000004 0.000002 0.000002 0.000002 
0.000001 0.000001 0.000002 0.000003 0.000005 0.000009 0.000016 0.000028 0.000048 0.000082 0.000137 0.000226 0.000368 0.000593 0.000944 0.001483 0.002301 0.003527 0.005339 0.007981 0.011783 0.017180 0.024735 0.035167 0.049373 0.068449 0.093702 0.126657 0.169046 0.222773 0.289867 0.372395 0.472358 0.591555 0.731424 0.892868 1.076077 1.280363 1.504010 1.744183 1.996884 2.256987 2.518357 2.774051 3.016600 3.238356 3.431887 3.590387 3.708072 3.780529 3.804996 3.780529 3.708072 3.590387 3.431887 3.238356 3.016600 2.774051 2.518357 2.256987 1.996884 1.744183 1.504010 1.280363 1.076077 0.892868 0.731424 0.591555 0.472358 0.372395 0.289867 0.222773 0.169046 0.126657 0.093702 0.068449 0.049373 0.035167 0.024735 0.017180 0.011783 0.007981 0.005339 0.003527 0.002301 0.001483 0.000944 0.000593 0.000368 0.000226 0.000137 0.000082 0.000048 0.000028 0.000016 0.000009 0.000005 0.000003 0.000002 0.000002 
0.000002 0.000002 0.000003 0.000004 0.000007 0.000013 0.000022 0.000039 0.000067 0.000113 0.000188 0.000310 0.000506 0.000815 0.001296 0.002036 0.003158 0.004839 0.007323 0.010944 0.016153 0.023543 0.033887 0.048167 0.067606 0.093702 0.128240 0.173302 0.231248 0.304680 0.396359 0.509106 0.645647 0.808430 0.999411 1.219815 1.469896 1.748705 2.053901 2.381607 2.726370 3.081195 3.437717 3.786467 4.117265 4.419686 4.683602 4.899738 5.060212 5.159013 5.192374 5.159013 5.060212 4.899738 4.683602 4.419686 4.117265 3.786467 3.437717 3.081195 2.726370 2.381607 2.053901 1.748705 1.469896 1.219815 0.999411 0.808430 0.645647 0.509106 0.396359 0.304680 0.231248 0.173302 0.128240 0.093702 0.067606 0.048167 0.033887 0.023543 0.016153 0.010944 0.007323 0.004839 0.003158 0.002036 0.001296 0.000815 0.000506 0.000310 0.000188 0.000113 0.000067 0.000039 0.000023 0.000013 0.000008 0.000005 0.000003 0.000003 
0.000003 0.000003 0.000003 0.000006 0.000010 0.000017 0.000031 0.000053 0.000090 0.000153 0.000255 0.000421 0.000687 0.001105 0.001757 0.002760 0.004280 0.006556 0.009917 0.014817 0.021862 0.031856 0.045841 0.065140 0.091406 0.126657 0.173302 0.234144 0.312367 0.411471 0.535179 0.687285 0.871456 1.090986 1.348501 1.645644 1.982747 2.358525 2.769814 3.211388 3.675894 4.153912 4.634174 5.103930 5.549474 5.956775 6.312200 6.603266 6.819367 6.952414 6.997338 6.952414 6.819367 6.603266 6.312200 5.956775 5.549474 5.103930 4.634174 4.153912 3.675894 3.211388 2.769814 2.358525 1.982747 1.645644 1.348501 1.090986 0.871456 0.687285 0.535179 0.411471 0.312367 0.234144 0.173302 0.126657 0.091406 0.065140 0.045841 0.031856 0.021862 0.014817 0.009917 0.006556 0.004280 0.002760 0.001757 0.001105 0.000687 0.000421 0.000255 0.000153 0.000091 0.000053 0.000031 0.000018 0.000010 0.000006 0.000005 0.000005 
0.000003 0.000003 0.000005 0.000008 0.000013 0.000023 0.000041 0.000071 0.000121 0.000205 0.000342 0.000565 0.000920 0.001480 0.002353 0.003693 0.005726 0.008768 0.013261 0.019806 0.029216 0.042560 0.061227 0.086982 0.122026 0.169046 0.231248 0.312367 0.416636 0.548712 0.713545 0.916179 1.161488 1.453843 1.796731 2.192326 2.641058 3.141208 3.688554 4.276139 4.894176 5.530132 6.169018 6.793883 7.386502 7.928224 8.400927 8.788021 9.075409 9.252342 9.312084 9.252342 9.075409 8.788021 8.400927 7.928224 7.386502 6.793883 6.169018 5.530132 4.894176 4.276139 3.688554 3.141208 2.641058 2.192326 1.796731 1.453843 1.161488 0.916179 0.713545 0.548712 0.416636 0.312367 0.231248 0.169046 0.122026 0.086982 0.061227 0.042560 0.029216 0.019806 0.013261 0.008768 0.005726 0.003693 0.002353 0.001480 0.000920 0.000565 0.000342 0.000205 0.000121 0.000071 0.000041 0.000024 0.000014 0.000009 0.000006 0.000006 
0.000004 0.000004 0.000006 0.000010 0.000018 0.000031 0.000054 0.000094 0.000161 0.000272 0.000453 0.000747 0.001217 0.001957 0.003110 0.004880 0.007564 0.011579 0.017506 0.026140 0.038548 0.056140 0.080743 0.114679 0.160845 0.222773 0.304680 0.411471 0.548712 0.722519 0.939393 1.205956 1.528602 1.913066 2.363914 2.883991 3.473848 4.131210 4.850521 5.622632 6.434677 7.270192 8.109490 8.930310 9.708723 10.420244 11.041085 11.549470 11.926898 12.159260 12.237718 12.159260 11.926898 11.549470 11.041085 10.420244 9.708723 8.930310 8.109490 7.270192 6.434677 5.622632 4.850521 4.131210 3.473848 2.883991 2.363914 1.913066 1.528602 1.205956 0.939393 0.722519 0.548712 0.411471 0.304680 0.222773 0.160845 0.114679 0.080743 0.056140 0.038548 0.026140 0.017506 0.011579 0.007564 0.004880 0.003110 0.001957 0.001217 0.000747 0.000453 0.000272 0.000161 0.000094 0.000055 0.000031 0.000018 0.000011 0.000008 0.000008 
0.000006 0.000006 0.000008 0.000013 0.000023 0.000041 0.000071 0.000123 0.000210 0.000355 0.000592 0.000976 0.001589 0.002555 0.004058 0.006366 0.009864 0.015095 0.022817 0.034061 0.050216 0.073115 0.105131 0.149283 0.209332 0.289867 0.396359 0.535179 0.713545 0.939393 1.221153 1.567410 1.986449 2.485700 3.071070 3.746233 4.511888 5.365065 6.298542 7.300437 8.354052 9.438027 10.526827 11.591583 12.601270 13.524143 14.329367 14.988714 15.478204 15.779552 15.881302 15.779552 15.478204 14.988714 14.329367 13.524143 12.601270 11.591583 10.526827 9.438027 8.354052 7.300437 6.298542 5.365065 4.511888 3.746233 3.071070 2.485700 1.986449 1.567410 1.221153 0.939393 0.713545 0.535179 0.396359 0.289867 0.209332 0.149283 0.105131 0.073115 0.050216 0.034061 0.022817 0.015095 0.009864 0.006366 0.004058 0.002555 0.001589 0.000976 0.000592 0.000355 0.000210 0.000123 0.000071 0.000041 0.000024 0.000015 0.000011 0.000011 
0.000008 0.000008 0.000010 0.000017 0.000030 0.000053 0.000092 0.000159 0.000271 0.000458 0.000764 0.001258 0.002048 0.003292 0.005227 0.008198 0.012699 0.019429 0.029360 0.043817 0.064584 0.094013 0.135149 0.191866 0.268986 0.372395 0.509106 0.687285 0.916179 1.205956 1.567410 2.011531 2.548924 3.189090 3.939581 4.805081 5.786465 6.879909 8.076141 9.359923 10.709859 12.098580 13.493380 14.857292 16.150589 17.332629 18.363939 19.208387 19.835278 20.221209 20.351517 20.221209 19.835278 19.208387 18.363939 17.332629 16.150589 14.857292 13.493380 12.098580 10.709859 9.359923 8.076141 6.879909 5.786465 4.805081 3.939581 3.189090 2.548924 2.011531 1.567410 1.205956 0.916179 0.687285 0.509106 0.372395 0.268986 0.191866 0.135149 0.094013 0.064584 0.043817 0.029360 0.019429 0.012699 0.008198 0.005227 0.003292 0.002048 0.001258 0.000764 0.000458 0.000271 0.000159 0.000092 0.000053 0.000031 0.000019 0.000014 0.000014 
0.000010 0.000010 0.000013 0.000022 0.000038 0.000067 0.000117 0.000202 0.000346 0.000583 0.000972 0.001601 0.002605 0.004187 0.006647 0.010422 0.016140 0.024688 0.037297 0.055650 0.082007 0.119347 0.171531 0.243465 0.341258 0.472358 0.645647 0.871456 1.161488 1.528602 1.986449 2.548924 3.229429 4.039963 4.990059 6.085620 7.327726 8.711513 10.225231 11.849586 13.557500 15.314350 17.078769 18.804008 20.439837 21.934874 23.239218 24.307196 25.100011 25.588081 25.752875 25.588081 25.100011 24.307196 23.239218 21.934874 20.439837 18.804008 17.078769 15.314350 13.557500 11.849586 10.225231 8.711513 7.327726 6.085620 4.990059 4.039963 3.229429 2.548924 1.986449 1.528602 1.161488 0.871456 0.645647 0.472358 0.341258 0.243465 0.171531 0.119347 0.082007 0.055650 0.037297 0.024688 0.016140 0.010422 0.006647 0.004187 0.002606 0.001601 0.000972 0.000583 0.000346 0.000203 0.000117 0.000068 0.000040 0.000024 0.000018 0.000018 
0.000012 0.000012 0.000017 0.000028 0.000048 0.000084 0.000147 0.000254 0.000435 0.000733 0.001222 0.002012 0.003273 0.005258 0.008344 0.013080 0.020251 0.030969 0.046776 0.069778 0.102802 0.149580 0.214939 0.305017 0.427451 0.591555 0.808430 1.090986 1.453843 1.913066 2.485700 3.189090 4.039963 5.053287 6.240945 7.610281 9.162614 10.891838 12.783249 14.812727 16.946434 19.141117 21.345111 23.500040 25.543185 27.410399 29.039391 30.373148 31.363242 31.972751 32.178546 31.972751 31.363242 30.373148 29.039391 27.410399 25.543185 23.500040 21.345111 19.141117 16.946434 14.812727 12.783249 10.891838 9.162614 7.610281 6.240945 5.053287 4.039963 3.189090 2.485700 1.913066 1.453843 1.090986 0.808430 0.591555 0.427451 0.305017 0.214939 0.149580 0.102802 0.069778 0.046776 0.030969 0.020251 0.013080 0.008344 0.005258 0.003273 0.002012 0.001222 0.000733 0.000435 0.000255 0.000148 0.000085 0.000050 0.000031 0.000023 0.000023 
0.000015 0.000015 0.000021 0.000034 0.000060 0.000105 0.000183 0.000316 0.000539 0.000910 0.001516 0.002495 0.004058 0.006517 0.010341 0.016205 0.025085 0.038352 0.057914 0.086374 0.127228 0.185082 0.265904 0.377269 0.528610 0.731424 0.999411 1.348501 1.796731 2.363914 3.071070 3.939581 4.990059 6.240945 7.706866 9.396845 11.312474 13.446191 15.779823 18.283599 20.915762 23.622962 26.341479 28.999331 31.519190 33.821975 35.830898 37.475682 38.696637 39.448256 39.702031 39.448256 38.696637 37.475682 35.830898 33.821975 31.519190 28.999331 26.341479 23.622962 20.915762 18.283599 15.779823 13.446191 11.312474 9.396845 7.706866 6.240945 4.990059 3.939581 3.071070 2.363914 1.796731 1.348501 0.999411 0.731424 0.528610 0.377269 0.265904 0.185082 0.127228 0.086374 0.057914 0.038352 0.025085 0.016205 0.010341 0.006517 0.004058 0.002495 0.001516 0.000910 0.000540 0.000316 0.000184 0.000106 0.000062 0.000038 0.000028 0.000028 
0.000019 0.000019 0.000026 0.000042 0.000073 0.000129 0.000224 0.000387 0.000661 0.001114 0.001856 0.003055 0.004966 0.007975 0.012650 0.019820 0.030673 0.046887 0.070787 0.105553 0.155447 0.226090 0.324760 0.460694 0.645393 0.892868 1.219815 1.645644 2.192326 2.883991 3.746233 4.805081 6.085620 7.610281 9.396845 11.456264 13.790438 16.390114 19.233126 22.283184 25.489415 28.786836 32.097849 35.334808 38.403570 41.207863 43.654217 45.657091 47.143835 48.059062 48.368076 48.059062 47.143835 45.657091 43.654217 41.207863 38.403570 35.334808 32.097849 28.786836 25.489415 22.283184 19.233126 16.390114 13.790438 11.456264 9.396845 7.610281 6.085620 4.805081 3.746233 2.883991 2.192326 1.645644 1.219815 0.892868 0.645393 0.460694 0.324760 0.226090 0.155447 0.105553 0.070787 0.046887 0.030673 0.019820 0.012650 0.007975 0.004966 0.003055 0.001856 0.001114 0.000661 0.000388 0.000225 0.000130 0.000076 0.000047 0.000034 0.000034 
0.000023 0.000023 0.000031 0.000051 0.000089 0.000156 0.000271 0.000468 0.000799 0.001347 0.002244 0.003691 0.006000 0.009632 0.015276 0.023930 0.037026 0.056586 0.085414 0.127339 0.187497 0.272658 0.391584 0.555398 0.777941 1.076077 1.469896 1.982747 2.641058 3.473848 4.511888 5.786465 7.327726 9.162614 11.312474 13.790438 16.598742 19.726216 23.146161 26.814902 30.671240 34.637018 38.618927 42.511590 46.201828 49.573916 52.515503 54.923775 56.711416 57.811859 58.183406 57.811859 56.711416 54.923775 52.515503 49.573916 46.201828 42.511590 38.618927 34.637018 30.671240 26.814902 23.146161 19.726216 16.598742 13.790438 11.312474 9.162614 7.327726 5.786465 4.511888 3.473848 2.641058 1.982747 1.469896 1.076077 0.777941 0.555398 0.391584 0.272658 0.187497 0.127339 0.085414 0.056586 0.037026 0.023930 0.015276 0.009632 0.006000 0.003691 0.002244 0.001347 0.000799 0.000469 0.000272 0.000157 0.000092 0.000057 0.000042 0.000042 
0.000027 0.000027 0.000037 0.000061 0.000106 0.000186 0.000324 0.000559 0.000954 0.001608 0.002677 0.004403 0.007155 0.011485 0.018210 0.028520 0.044120 0.067415 0.101742 0.151655 0.223262 0.324615 0.466130 0.661027 0.925758 1.280363 1.748705 2.358525 3.141208 4.131210 5.365065 6.879909 8.711513 10.891838 13.446191 16.390114 19.726216 23.441180 27.503260 31.860557 36.440377 41.149905 45.878350 50.500610 54.882331 58.886153 62.378723 65.238021 67.360419 68.666918 69.108034 68.666918 67.360419 65.238021 62.378723 58.886153 54.882331 50.500610 45.878350 41.149905 36.440377 31.860557 27.503260 23.441180 19.726216 16.390114 13.446191 10.891838 8.711513 6.879909 5.365065 4.131210 3.141208 2.358525 1.748705 1.280363 0.925758 0.661027 0.466130 0.324615 0.223262 0.151655 0.101742 0.067415 0.044120 0.028520 0.018210 0.011485 0.007155 0.004403 0.002677 0.001608 0.000954 0.000560 0.000325 0.000188 0.000110 0.000068 0.000050 0.000050 
0.000032 0.000032 0.000044 0.000072 0.000125 0.000219 0.000382 0.000659 0.001124 0.001893 0.003152 0.005184 0.008422 0.013517 0.021428 0.033553 0.051897 0.079285 0.119636 0.178299 0.262447 0.381530 0.547776 0.776701 1.087608 1.504010 2.053901 2.769814 3.688554 4.850521 6.298542 8.076141 10.225231 12.783249 15.779823 19.233126 23.146161 27.503260 32.267153 37.376950 42.747392 48.269645 53.813822 59.233268 64.370505 69.064536 73.159076 76.511125 78.999242 80.530853 81.047972 80.530853 78.999242 76.511125 73.159076 69.064536 64.370505 59.233268 53.813822 48.269645 42.747392 37.376950 32.267153 27.503260 23.146161 19.233126 15.779823 12.783249 10.225231 8.076141 6.298542 4.850521 3.688554 2.769814 2.053901 1.504010 1.087608 0.776701 0.547776 0.381530 0.262447 0.178299 0.119636 0.079285 0.051897 0.033553 0.021428 0.013517 0.008422 0.005184 0.003152 0.001894 0.001124 0.000660 0.000383 0.000221 0.000129 0.000080 0.000059 0.000059 
0.000037 0.000037 0.000051 0.000084 0.000146 0.000255 0.000444 0.000766 0.001307 0.002201 0.003664 0.006025 0.009786 0.015703 0.024889 0.038967 0.060261 0.092047 0.138872 0.206936 0.304555 0.442683 0.635489 0.900953 1.261440 1.744183 2.381607 3.211388 4.276139 5.622632 7.300437 9.359923 11.849586 14.812727 18.283599 22.283184 26.814902 31.860557 37.376950 43.293545 49.511612 55.905146 62.323785 68.597780 74.544866 79.978723 84.718489 88.598686 91.478790 93.251679 93.850258 93.251679 91.478790 88.598686 84.718489 79.978723 74.544866 68.597780 62.323785 55.905146 49.511612 43.293545 37.376950 31.860557 26.814902 22.283184 18.283599 14.812727 11.849586 9.359923 7.300437 5.622632 4.276139 3.211388 2.381607 1.744183 1.261440 0.900953 0.635489 0.442683 0.304555 0.206936 0.138872 0.092047 0.060261 0.038967 0.024889 0.015703 0.009786 0.006025 0.003664 0.002201 0.001307 0.000767 0.000446 0.000258 0.000151 0.000093 0.000068 0.000068 
0.000043 0.000043 0.000059 0.000096 0.000167 0.000293 0.000510 0.000880 0.001500 0.002526 0.004204 0.006911 0.011224 0.018007 0.028536 0.044670 0.069071 0.105489 0.159129 0.237090 0.348887 0.507057 0.727810 1.031718 1.444359 1.996884 2.726370 3.675894 4.894176 6.434677 8.354052 10.709859 13.557500 16.946434 20.915762 25.489415 30.671240 36.440377 42.747392 49.511612 56.620152 63.928968 71.266194 78.437825 85.235567 91.446506 96.863975 101.298894 104.590701 106.617002 107.301138 106.617002 104.590701 101.298894 96.863975 91.446506 85.235567 78.437825 71.266194 63.928968 56.620152 49.511612 42.747392 36.440377 30.671240 25.489415 20.915762 16.946434 13.557500 10.709859 8.354052 6.434677 4.894176 3.675894 2.726370 1.996884 1.444359 1.031718 0.727810 0.507057 0.348887 0.237090 0.159129 0.105489 0.069071 0.044670 0.028536 0.018007 0.011224 0.006911 0.004204 0.002526 0.001500 0.000880 0.000512 0.000296 0.000173 0.000107 0.000079 0.000079 
0.000048 0.000048 0.000067 0.000109 0.000189 0.000332 0.000578 0.000997 0.001699 0.002861 0.004760 0.007825 0.012706 0.020382 0.032295 0.050548 0.078148 0.119338 0.179997 0.268148 0.394544 0.573346 0.822868 1.166342 1.632657 2.256987 3.081195 4.153912 5.530132 7.270192 9.438027 12.098580 15.314350 19.141117 23.622962 28.786836 34.637018 41.149905 48.269645 55.905146 63.928968 72.178525 80.459856 88.554027 96.226001 103.235538 109.349461 114.354441 118.069330 120.356045 121.128100 120.356045 118.069330 114.354441 109.349461 103.235538 96.226001 88.554027 80.459856 72.178525 63.928968 55.905146 48.269645 41.149905 34.637018 28.786836 23.622962 19.141117 15.314350 12.098580 9.438027 7.270192 5.530132 4.153912 3.081195 2.256987 1.632657 1.166342 0.822868 0.573346 0.394544 0.268148 0.179997 0.119338 0.078148 0.050548 0.032295 0.020382 0.012706 0.007825 0.004760 0.002861 0.001699 0.000998 0.000580 0.000335 0.000196 0.000122 0.000089 0.000089 
0.000054 0.000054 0.000075 0.000122 0.000212 0.000371 0.000646 0.001114 0.001899 0.003198 0.005321 0.008745 0.014198 0.022772 0.036078 0.056461 0.087279 0.133266 0.200982 0.299377 0.440446 0.639985 0.918416 1.301648 1.821890 2.518357 3.437717 4.634174 6.169018 8.109490 10.526827 13.493380 17.078769 21.345111 26.341479 32.097849 38.618927 45.878350 53.813822 62.323785 71.266194 80.459856 89.688633 98.708583 107.257834 115.068733 121.881507 127.458501 131.597917 134.145933 135.006207 134.145933 131.597917 127.458501 121.881507 115.068733 107.257834 98.708583 89.688633 80.459856 71.266194 62.323785 53.813822 45.878350 38.618927 32.097849 26.341479 21.345111 17.078769 13.493380 10.526827 8.109490 6.169018 4.634174 3.437717 2.518357 1.821890 1.301648 0.918416 0.639985 0.440446 0.299377 0.200982 0.133266 0.087279 0.056461 0.036078 0.022772 0.014198 0.008745 0.005321 0.003198 0.001900 0.001115 0.000648 0.000375 0.000219 0.000136 0.000100 0.000100 
