0.000000 0.000000 0.000000 0.000000 0.000000 0.000000 0.000000 0.000000 0.000000 0.000000 0.000000 0.000000 0.000000 0.000000 0.000000 0.000000 0.000000 0.000000 0.000000 0.000000 0.000000 0.000000 0.000000 0.000000 0.000000 0.000000 0.000000 0.000000 0.000000 0.000000 0.000000 0.000000 0.000000 0.000000 0.000000 0.000000 0.000000 0.000000 0.000000 0.000001 0.000001 0.000001 0.000001 0.000001 0.000001 0.000001 0.000002 0.000002 0.000002 0.000002 0.000002 0.000002 0.000002 0.000002 0.000002 0.000001 0.000001 0.000001 0.000001 0.000001 0.000001 0.000001 0.000000 0.000000 0.000000 0.000000 0.000000 0.000000 0.000000 0.000000 0.000000 0.000000 0.000000 0.000000 0.000000 0.000000 0.000000 0.000000 0.000000 0.000000 0.000000 0.000000 0.000000 0.000000 0.000000 0.000000 0.000000 0.000000 0.000000 0.000000 0.000000 0.000000 0.000000 0.000000 0.000000 0.000000 0.000000 0.000000 0.000000 0.000000 
0.000000 0.000000 0.000000 0.000000 0.000000 0.000000 0.000000 0.000000 0.000000 0.000000 0.000000 0.000000 0.000000 0.000000 0.000000 0.000000 0.000000 0.000000 0.000000 0.000000 0.000000 0.000000 0.000000 0.000000 0.000000 0.000000 0.000000 0.000000 0.000000 0.000000 0.000000 0.000000 0.000000 0.000000 0.000000 0.000000 0.000000 0.000000 0.000000 0.000001 0.000001 0.000001 0.000001 0.000001 0.000001 0.000001 0.000002 0.000002 0.000002 0.000002 0.000002 0.000002 0.000002 0.000002 0.000002 0.000001 0.000001 0.000001 0.000001 0.000001 0.000001 0.000001 0.000000 0.000000 0.000000 0.000000 0.000000 0.000000 0.000000 0.000000 0.000000 0.000000 0.000000 0.000000 0.000000 0.000000 0.000000 0.000000 0.000000 0.000000 0.000000 0.000000 0.000000 0.000000 0.000000 0.000000 0.000000 0.000000 0.000000 0.000000 0.000000 0.000000 0.000000 0.000000 0.000000 0.000000 0.000000 0.000000 0.000000 0.000000 
0.000000 0.000000 0.000000 0.000000 0.000000 0.000000 0.000000 0.000000 0.000000 0.000000 0.000000 0.000000 0.000000 0.000000 0.000000 0.000000 0.000000 0.000000 0.000000 0.000000 0.000000 0.000000 0.000000 0.000000 0.000000 0.000000 0.000000 0.000000 0.000000 0.000000 0.000000 0.000000 0.000000 0.000000 0.000000 0.000000 0.000001 0.000001 0.000001 0.000001 0.000001 0.000001 0.000002 0.000002 0.000002 0.000002 0.000002 0.000003 0.000003 0.000003 0.000003 0.000003 0.000003 0.000003 0.000002 0.000002 0.000002 0.000002 0.000002 0.000001 0.000001 0.000001 0.000001 0.000001 0.000001 0.000000 0.000000 0.000000 0.000000 0.000000 0.000000 0.000000 0.000000 0.000000 0.000000 0.000000 0.000000 0.000000 0.000000 0.000000 0.000000 0.000000 0.000000 0.000000 0.000000 0.000000 0.000000 0.000000 0.000000 0.000000 0.000000 0.000000 0.000000 0.000000 0.000000 0.000000 0.000000 0.000000 0.000000 0.000000 
0.000000 0.000000 0.000000 0.000000 0.000000 0.000000 0.000000 0.000000 0.000000 0.000000 0.000000 0.000000 0.000000 0.000000 0.000000 0.000000 0.000000 0.000000 0.000000 0.000000 0.000000 0.000000 0.000000 0.000000 0.000000 0.000000 0.000000 0.000000 0.000000 0.000000 0.000000 0.000000 0.000000 0.000000 0.000001 0.000001 0.000001 0.000001 0.000002 0.000002 0.000002 0.000003 0.000003 0.000004 0.000004 0.000004 0.000005 0.000005 0.000005 0.000005 0.000005 0.000005 0.000005 0.000005 0.000005 0.000004 0.000004 0.000004 0.000003 0.000003 0.000002 0.000002 0.000002 0.000001 0.000001 0.000001 0.000001 0.000000 0.000000 0.000000 0.000000 0.000000 0.000000 0.000000 0.000000 0.000000 0.000000 0.000000 0.000000 0.000000 0.000000 0.000000 0.000000 0.000000 0.000000 0.000000 0.000000 0.000000 0.000000 0.000000 0.000000 0.000000 0.000000 0.000000 0.000000 0.000000 0.000000 0.000000 0.000000 0.000000 
0.000000 0.000000 0.000000 0.000000 0.000000 0.000000 0.000000 0.000000 0.000000 0.000000 0.000000 0.000000 0.000000 0.000000 0.000000 0.000000 0.000000 0.000000 0.000000 0.000000 0.000000 0.000000 0.000000 0.000000 0.000000 0.000000 0.000000 0.000000 0.000000 0.000000 0.000000 0.000001 0.000001 0.000001 0.000001 0.000002 0.000002 0.000003 0.000003 0.000004 0.000005 0.000006 0.000006 0.000007 0.000008 0.000009 0.000010 0.000010 0.000011 0.000011 0.000011 0.000011 0.000011 0.000010 0.000010 0.000009 0.000008 0.000007 0.000006 0.000006 0.000005 0.000004 0.000003 0.000003 0.000002 0.000002 0.000001 0.000001 0.000001 0.000001 0.000000 0.000000 0.000000 0.000000 0.000000 0.000000 0.000000 0.000000 0.000000 0.000000 0.000000 0.000000 0.000000 0.000000 0.000000 0.000000 0.000000 0.000000 0.000000 0.000000 0.000000 0.000000 0.000000 0.000000 0.000000 0.000000 0.000000 0.000000 0.000000 0.000000 
0.000000 0.000000 0.000000 0.000000 0.000000 0.000000 0.000000 0.000000 0.000000 0.000000 0.000000 0.000000 0.000000 0.000000 0.000000 0.000000 0.000000 0.000000 0.000000 0.000000 0.000000 0.000000 0.000000 0.000000 0.000000 0.000000 0.000000 0.000000 0.000000 0.000001 0.000001 0.000001 0.000001 0.000002 0.000003 0.000003 0.000004 0.000005 0.000007 0.000008 0.000010 0.000011 0.000013 0.000015 0.000017 0.000019 0.000020 0.000021 0.000022 0.000023 0.000023 0.000023 0.000022 0.000021 0.000020 0.000019 0.000017 0.000015 0.000013 0.000011 0.000010 0.000008 0.000007 0.000005 0.000004 0.000003 0.000003 0.000002 0.000001 0.000001 0.000001 0.000001 0.000000 0.000000 0.000000 0.000000 0.000000 0.000000 0.000000 0.000000 0.000000 0.000000 0.000000 0.000000 0.000000 0.000000 0.000000 0.000000 0.000000 0.000000 0.000000 0.000000 0.000000 0.000000 0.000000 0.000000 0.000000 0.000000 0.000000 0.000000 
0.000000 0.000000 0.000000 0.000000 0.000000 0.000000 0.000000 0.000000 0.000000 0.000000 0.000000 0.000000 0.000000 0.000000 0.000000 0.000000 0.000000 0.000000 0.000000 0.000000 0.000000 0.000000 0.000000 0.000000 0.000000 0.000000 0.000000 0.000001 0.000001 0.000001 0.000002 0.000002 0.000003 0.000004 0.000005 0.000007 0.000009 0.000011 0.000014 0.000016 0.000020 0.000023 0.000027 0.000030 0.000034 0.000037 0.000040 0.000043 0.000045 0.000046 0.000046 0.000046 0.000045 0.000043 0.000040 0.000037 0.000034 0.000030 0.000027 0.000023 0.000020 0.000016 0.000014 0.000011 0.000009 0.000007 0.000005 0.000004 0.000003 0.000002 0.000002 0.000001 0.000001 0.000001 0.000000 0.000000 0.000000 0.000000 0.000000 0.000000 0.000000 0.000000 0.000000 0.000000 0.000000 0.000000 0.000000 0.000000 0.000000 0.000000 0.000000 0.000000 0.000000 0.000000 0.000000 0.000000 0.000000 0.000000 0.000000 0.000000 
0.000000 0.000000 0.000000 0.000000 0.000000 0.000000 0.000000 0.000000 0.000000 0.000000 0.000000 0.000000 0.000000 0.000000 0.000000 0.000000 0.000000 0.000000 0.000000 0.000000 0.000000 0.000000 0.000000 0.000000 0.000000 0.000000 0.000001 0.000001 0.000001 0.000002 0.000003 0.000004 0.000006 0.000008 0.000010 0.000014 0.000017 0.000022 0.000027 0.000033 0.000039 0.000046 0.000053 0.000061 0.000068 0.000074 0.000080 0.000085 0.000089 0.000091 0.000092 0.000091 0.000089 0.000085 0.000080 0.000074 0.000068 0.000061 0.000053 0.000046 0.000039 0.000033 0.000027 0.000022 0.000017 0.000014 0.000010 0.000008 0.000006 0.000004 0.000003 0.000002 0.000001 0.000001 0.000001 0.000000 0.000000 0.000000 0.000000 0.000000 0.000000 0.000000 0.000000 0.000000 0.000000 0.000000 0.000000 0.000000 0.000000 0.000000 0.000000 0.000000 0.000000 0.000000 0.000000 0.000000 0.000000 0.000000 0.000000 0.000000 
0.000000 0.000000 0.000000 0.000000 0.000000 0.000000 0.000000 0.000000 0.000000 0.000000 0.000000 0.000000 0.000000 0.000000 0.000000 0.000000 0.000000 0.000000 0.000000 0.000000 0.000000 0.000000 0.000000 0.000000 0.000001 0.000001 0.000001 0.000002 0.000003 0.000004 0.000006 0.000008 0.000011 0.000015 0.000020 0.000027 0.000034 0.000043 0.000053 0.000064 0.000077 0.000091 0.000105 0.000119 0.000133 0.000146 0.000158 0.000167 0.000175 0.000179 0.000181 0.000179 0.000175 0.000167 0.000158 0.000146 0.000133 0.000119 0.000105 0.000091 0.000077 0.000064 0.000053 0.000043 0.000034 0.000027 0.000020 0.000015 0.000011 0.000008 0.000006 0.000004 0.000003 0.000002 0.000001 0.000001 0.000001 0.000000 0.000000 0.000000 0.000000 0.000000 0.000000 0.000000 0.000000 0.000000 0.000000 0.000000 0.000000 0.000000 0.000000 0.000000 0.000000 0.000000 0.000000 0.000000 0.000000 0.000000 0.000000 0.000000 
0.000000 0.000000 0.000000 0.000000 0.000000 0.000000 0.000000 0.000000 0.000000 0.000000 0.000000 0.000000 0.000000 0.000000 0.000000 0.000000 0.000000 0.000000 0.000000 0.000000 0.000000 0.000000 0.000000 0.000001 0.000001 0.000002 0.000003 0.000004 0.000006 0.000008 0.000012 0.000016 0.000022 0.000030 0.000040 0.000052 0.000066 0.000083 0.000103 0.000125 0.000149 0.000175 0.000202 0.000230 0.000257 0.000282 0.000305 0.000323 0.000337 0.000346 0.000349 0.000346 0.000337 0.000323 0.000305 0.000282 0.000257 0.000230 0.000202 0.000175 0.000149 0.000125 0.000103 0.000083 0.000066 0.000052 0.000040 0.000030 0.000022 0.000016 0.000012 0.000008 0.000006 0.000004 0.000003 0.000002 0.000001 0.000001 0.000000 0.000000 0.000000 0.000000 0.000000 0.000000 0.000000 0.000000 0.000000 0.000000 0.000000 0.000000 0.000000 0.000000 0.000000 0.000000 0.000000 0.000000 0.000000 0.000000 0.000000 0.000000 
0.000000 0.000000 0.000000 0.000000 0.000000 0.000000 0.000000 0.000000 0.000000 0.000000 0.000000 0.000000 0.000000 0.000000 0.000000 0.000000 0.000000 0.000000 0.000000 0.000000 0.000000 0.000001 0.000001 0.000001 0.000002 0.000003 0.000005 0.000008 0.000011 0.000016 0.000022 0.000031 0.000043 0.000057 0.000076 0.000099 0.000126 0.000158 0.000196 0.000238 0.000284 0.000334 0.000386 0.000438 0.000489 0.000537 0.000580 0.000615 0.000642 0.000659 0.000664 0.000659 0.000642 0.000615 0.000580 0.000537 0.000489 0.000438 0.000386 0.000334 0.000284 0.000238 0.000196 0.000158 0.000126 0.000099 0.000076 0.000057 0.000043 0.000031 0.000022 0.000016 0.000011 0.000008 0.000005 0.000003 0.000002 0.000001 0.000001 0.000001 0.000000 0.000000 0.000000 0.000000 0.000000 0.000000 0.000000 0.000000 0.000000 0.000000 0.000000 0.000000 0.000000 0.000000 0.000000 0.000000 0.000000 0.000000 0.000000 0.000000 
0.000000 0.000000 0.000000 0.000000 0.000000 0.000000 0.000000 0.000000 0.000000 0.000000 0.000000 0.000000 0.000000 0.000000 0.000000 0.000000 0.000000 0.000000 0.000000 0.000000 0.000001 0.000001 0.000002 0.000003 0.000004 0.000006 0.000010 0.000014 0.000021 0.000030 0.000042 0.000059 0.000080 0.000108 0.000143 0.000185 0.000237 0.000297 0.000368 0.000447 0.000533 0.000627 0.000724 0.000822 0.000917 0.001007 0.001087 0.001153 0.001203 0.001234 0.001245 0.001234 0.001203 0.001153 0.001087 0.001007 0.000917 0.000822 0.000724 0.000627 0.000533 0.000447 0.000368 0.000297 0.000237 0.000185 0.000143 0.000108 0.000080 0.000059 0.000042 0.000030 0.000021 0.000014 0.000010 0.000006 0.000004 0.000003 0.000002 0.000001 0.000001 0.000000 0.000000 0.000000 0.000000 0.000000 0.000000 0.000000 0.000000 0.000000 0.000000 0.000000 0.000000 0.000000 0.000000 0.000000 0.000000 0.000000 0.000000 0.000000 
0.000000 0.000000 0.000000 0.000000 0.000000 0.000000 0.000000 0.000000 0.000000 0.000000 0.000000 0.000000 0.000000 0.000000 0.000000 0.000000 0.000000 0.000000 0.000000 0.000001 0.000001 0.000002 0.000003 0.000005 0.000008 0.000012 0.000018 0.000027 0.000039 0.000056 0.000079 0.000109 0.000149 0.000200 0.000264 0.000343 0.000438 0.000551 0.000680 0.000826 0.000986 0.001158 0.001337 0.001518 0.001694 0.001859 0.002007 0.002129 0.002221 0.002278 0.002298 0.002278 0.002221 0.002129 0.002007 0.001859 0.001694 0.001518 0.001337 0.001158 0.000986 0.000826 0.000680 0.000551 0.000438 0.000343 0.000264 0.000200 0.000149 0.000109 0.000079 0.000056 0.000039 0.000027 0.000018 0.000012 0.000008 0.000005 0.000003 0.000002 0.000001 0.000001 0.000000 0.000000 0.000000 0.000000 0.000000 0.000000 0.000000 0.000000 0.000000 0.000000 0.000000 0.000000 0.000000 0.000000 0.000000 0.000000 0.000000 0.000000 
0.000000 0.000000 0.000000 0.000000 0.000000 0.000000 0.000000 0.000000 0.000000 0.000000 0.000000 0.000000 0.000000 0.000000 0.000000 0.000000 0.000000 0.000000 0.000001 0.000001 0.000002 0.000004 0.000006 0.000009 0.000014 0.000022 0.000033 0.000049 0.000071 0.000102 0.000144 0.000200 0.000272 0.000366 0.000483 0.000626 0.000799 0.001004 0.001239 0.001504 0.001795 0.002108 0.002433 0.002761 0.003081 0.003381 0.003649 0.003871 0.004038 0.004142 0.004177 0.004142 0.004038 0.003871 0.003649 0.003381 0.003081 0.002761 0.002433 0.002108 0.001795 0.001504 0.001239 0.001004 0.000799 0.000626 0.000483 0.000366 0.000272 0.000200 0.000144 0.000102 0.000071 0.000049 0.000033 0.000022 0.000014 0.000009 0.000006 0.000004 0.000002 0.000001 0.000001 0.000000 0.000000 0.000000 0.000000 0.000000 0.000000 0.000000 0.000000 0.000000 0.000000 0.000000 0.000000 0.000000 0.000000 0.000000 0.000000 0.000000 
0.000000 0.000000 0.000000 0.000000 0.000000 0.000000 0.000000 0.000000 0.000000 0.000000 0.000000 0.000000 0.000000 0.000000 0.000000 0.000000 0.000000 0.000001 0.000001 0.000002 0.000004 0.000007 0.000011 0.000017 0.000026 0.000040 0.000060 0.000088 0.000128 0.000184 0.000259 0.000359 0.000490 0.000657 0.000867 0.001125 0.001436 0.001801 0.002223 0.002698 0.003219 0.003778 0.004360 0.004947 0.005520 0.006056 0.006534 0.006931 0.007229 0.007415 0.007477 0.007415 0.007229 0.006931 0.006534 0.006056 0.005520 0.004947 0.004360 0.003778 0.003219 0.002698 0.002223 0.001801 0.001436 0.001125 0.000867 0.000657 0.000490 0.000359 0.000259 0.000184 0.000128 0.000088 0.000060 0.000040 0.000026 0.000017 0.000011 0.000007 0.000004 0.000002 0.000001 0.000001 0.000000 0.000000 0.000000 0.000000 0.000000 0.000000 0.000000 0.000000 0.000000 0.000000 0.000000 0.000000 0.000000 0.000000 0.000000 0.000000 
0.000000 0.000000 0.000000 0.000000 0.000000 0.000000 0.000000 0.000000 0.000000 0.000000 0.000000 0.000000 0.000000 0.000000 0.000000 0.000000 0.000001 0.000001 0.000003 0.000004 0.000007 0.000012 0.000019 0.000030 0.000046 0.000070 0.000106 0.000157 0.000228 0.000326 0.000460 0.000637 0.000868 0.001164 0.001535 0.001990 0.002538 0.003184 0.003928 0.004765 0.005684 0.006669 0.007693 0.008728 0.009737 0.010681 0.011522 0.012221 0.012746 0.013073 0.013183 0.013073 0.012746 0.012221 0.011522 0.010681 0.009737 0.008728 0.007693 0.006669 0.005684 0.004765 0.003928 0.003184 0.002538 0.001990 0.001535 0.001164 0.000868 0.000637 0.000460 0.000326 0.000228 0.000157 0.000106 0.000070 0.000046 0.000030 0.000019 0.000012 0.000007 0.000004 0.000003 0.000001 0.000001 0.000000 0.000000 0.000000 0.000000 0.000000 0.000000 0.000000 0.000000 0.000000 0.000000 0.000000 0.000000 0.000000 0.000000 0.000000 
0.000000 0.000000 0.000000 0.000000 0.000000 0.000000 0.000000 0.000000 0.000000 0.000000 0.000000 0.000000 0.000000 0.000000 0.000000 0.000001 0.000002 0.000003 0.000005 0.000008 0.000013 0.000021 0.000033 0.000052 0.000081 0.000123 0.000185 0.000274 0.000399 0.000570 0.000803 0.001112 0.001515 0.002030 0.002675 0.003467 0.004420 0.005541 0.006833 0.008287 0.009883 0.011591 0.013369 0.015164 0.016913 0.018551 0.020008 0.021220 0.022131 0.022696 0.022888 0.022696 0.022131 0.021220 0.020008 0.018551 0.016913 0.015164 0.013369 0.011591 0.009883 0.008287 0.006833 0.005541 0.004420 0.003467 0.002675 0.002030 0.001515 0.001112 0.000803 0.000570 0.000399 0.000274 0.000185 0.000123 0.000081 0.000052 0.000033 0.000021 0.000013 0.000008 0.000005 0.000003 0.000002 0.000001 0.000000 0.000000 0.000000 0.000000 0.000000 0.000000 0.000000 0.000000 0.000000 0.000000 0.000000 0.000000 0.000000 0.000000 
0.000000 0.000000 0.000000 0.000000 0.000000 0.000000 0.000000 0.000000 0.000000 0.000000 0.000000 0.000000 0.000000 0.000000 0.000001 0.000001 0.000003 0.000005 0.000008 0.000013 0.000022 0.000036 0.000057 0.000090 0.000139 0.000213 0.000319 0.000472 0.000686 0.000981 0.001381 0.001911 0.002601 0.003484 0.004589 0.005946 0.007577 0.009496 0.011706 0.014191 0.016920 0.019839 0.022876 0.025941 0.028929 0.031725 0.034212 0.036282 0.037836 0.038801 0.039128 0.038801 0.037836 0.036282 0.034212 0.031725 0.028929 0.025941 0.022876 0.019839 0.016920 0.014191 0.011706 0.009496 0.007577 0.005946 0.004589 0.003484 0.002601 0.001911 0.001381 0.000981 0.000686 0.000472 0.000319 0.000213 0.000139 0.000090 0.000057 0.000036 0.000022 0.000013 0.000008 0.000005 0.000003 0.000001 0.000001 0.000000 0.000000 0.000000 0.000000 0.000000 0.000000 0.000000 0.000000 0.000000 0.000000 0.000000 0.000000 0.000000 
0.000000 0.000000 0.000000 0.000000 0.000000 0.000000 0.000000 0.000000 0.000000 0.000000 0.000000 0.000000 0.000000 0.000001 0.000001 0.000003 0.000005 0.000008 0.000013 0.000022 0.000037 0.000060 0.000097 0.000153 0.000237 0.000361 0.000542 0.000800 0.001163 0.001662 0.002337 0.003233 0.004399 0.005888 0.007752 0.010040 0.012789 0.016023 0.019744 0.023928 0.028521 0.033433 0.038542 0.043697 0.048721 0.053421 0.057603 0.061082 0.063694 0.065315 0.065865 0.065315 0.063694 0.061082 0.057603 0.053421 0.048721 0.043697 0.038542 0.033433 0.028521 0.023928 0.019744 0.016023 0.012789 0.010040 0.007752 0.005888 0.004399 0.003233 0.002337 0.001662 0.001163 0.000800 0.000542 0.000361 0.000237 0.000153 0.000097 0.000060 0.000037 0.000022 0.000013 0.000008 0.000005 0.000003 0.000001 0.000001 0.000000 0.000000 0.000000 0.000000 0.000000 0.000000 0.000000 0.000000 0.000000 0.000000 0.000000 0.000000 
0.000000 0.000000 0.000000 0.000000 0.000000 0.000000 0.000000 0.000000 0.000000 0.000000 0.000000 0.000000 0.000001 0.000001 0.000002 0.000004 0.000008 0.000013 0.000022 0.000038 0.000062 0.000101 0.000162 0.000255 0.000396 0.000603 0.000905 0.001336 0.001939 0.002771 0.003894 0.005384 0.007322 0.009796 0.012893 0.016690 0.021252 0.026616 0.032787 0.039723 0.047334 0.055472 0.063936 0.072473 0.080790 0.088571 0.095493 0.101250 0.105573 0.108256 0.109165 0.108256 0.105573 0.101250 0.095493 0.088571 0.080790 0.072473 0.063936 0.055472 0.047334 0.039723 0.032787 0.026616 0.021252 0.016690 0.012893 0.009796 0.007322 0.005384 0.003894 0.002771 0.001939 0.001336 0.000905 0.000603 0.000396 0.000255 0.000162 0.000101 0.000062 0.000038 0.000022 0.000013 0.000008 0.000004 0.000002 0.000001 0.000001 0.000000 0.000000 0.000000 0.000000 0.000000 0.000000 0.000000 0.000000 0.000000 0.000000 0.000000 
0.000000 0.000000 0.000000 0.000000 0.000000 0.000000 0.000000 0.000000 0.000000 0.000000 0.000000 0.000001 0.000001 0.000002 0.000004 0.000007 0.000013 0.000022 0.000037 0.000062 0.000103 0.000167 0.000267 0.000421 0.000651 0.000992 0.001488 0.002194 0.003185 0.004547 0.006387 0.008826 0.011999 0.016046 0.021109 0.027315 0.034768 0.043529 0.053603 0.064924 0.077342 0.090617 0.104419 0.118339 0.131898 0.144581 0.155862 0.165242 0.172287 0.176658 0.178140 0.176658 0.172287 0.165242 0.155862 0.144581 0.131898 0.118339 0.104419 0.090617 0.077342 0.064924 0.053603 0.043529 0.034768 0.027315 0.021109 0.016046 0.011999 0.008826 0.006387 0.004547 0.003185 0.002194 0.001488 0.000992 0.000651 0.000421 0.000267 0.000167 0.000103 0.000062 0.000037 0.000022 0.000013 0.000007 0.000004 0.000002 0.000001 0.000001 0.000000 0.000000 0.000000 0.000000 0.000000 0.000000 0.000000 0.000000 0.000000 0.000000 
0.000000 0.000000 0.000000 0.000000 0.000000 0.000000 0.000000 0.000000 0.000000 0.000000 0.000001 0.000001 0.000002 0.000004 0.000007 0.000012 0.000021 0.000036 0.000060 0.000101 0.000167 0.000271 0.000434 0.000682 0.001055 0.001607 0.002407 0.003549 0.005147 0.007345 0.010313 0.014244 0.019356 0.025873 0.034023 0.044009 0.055996 0.070082 0.086274 0.104464 0.124412 0.145731 0.167894 0.190238 0.212001 0.232354 0.250455 0.265506 0.276808 0.283819 0.286196 0.283819 0.276808 0.265506 0.250455 0.232354 0.212001 0.190238 0.167894 0.145731 0.124412 0.104464 0.086274 0.070082 0.055996 0.044009 0.034023 0.025873 0.019356 0.014244 0.010313 0.007345 0.005147 0.003549 0.002407 0.001607 0.001055 0.000682 0.000434 0.000271 0.000167 0.000101 0.000060 0.000036 0.000021 0.000012 0.000007 0.000004 0.000002 0.000001 0.000001 0.000000 0.000000 0.000000 0.000000 0.000000 0.000000 0.000000 0.000000 0.000000 
0.000000 0.000000 0.000000 0.000000 0.000000 0.000000 0.000000 0.000000 0.000000 0.000000 0.000001 0.000002 0.000003 0.000006 0.000011 0.000019 0.000033 0.000057 0.000097 0.000162 0.000267 0.000434 0.000693 0.001088 0.001683 0.002561 0.003834 0.005649 0.008189 0.011680 0.016390 0.022628 0.030734 0.041066 0.053979 0.069797 0.088777 0.111073 0.136694 0.165470 0.197016 0.230724 0.265756 0.301070 0.335459 0.367615 0.396210 0.419983 0.437834 0.448908 0.452662 0.448908 0.437834 0.419983 0.396210 0.367615 0.335459 0.301070 0.265756 0.230724 0.197016 0.165470 0.136694 0.111073 0.088777 0.069797 0.053979 0.041066 0.030734 0.022628 0.016390 0.011680 0.008189 0.005649 0.003834 0.002561 0.001683 0.001088 0.000693 0.000434 0.000267 0.000162 0.000097 0.000057 0.000033 0.000019 0.000011 0.000006 0.000003 0.000002 0.000001 0.000000 0.000000 0.000000 0.000000 0.000000 0.000000 0.000000 0.000000 0.000000 
0.000000 0.000000 0.000000 0.000000 0.000000 0.000000 0.000000 0.000000 0.000000 0.000001 0.000001 0.000003 0.000005 0.000009 0.000017 0.000030 0.000052 0.000090 0.000153 0.000255 0.000421 0.000682 0.001088 0.001709 0.002641 0.004016 0.006010 0.008850 0.012823 0.018280 0.025640 0.035383 0.048037 0.064159 0.084301 0.108964 0.138548 0.173289 0.213200 0.258010 0.307123 0.359589 0.414105 0.469049 0.522545 0.572561 0.617032 0.654001 0.681759 0.698978 0.704813 0.698978 0.681759 0.654001 0.617032 0.572561 0.522545 0.469049 0.414105 0.359589 0.307123 0.258010 0.213200 0.173289 0.138548 0.108964 0.084301 0.064159 0.048037 0.035383 0.025640 0.018280 0.012823 0.008850 0.006010 0.004016 0.002641 0.001709 0.001088 0.000682 0.000421 0.000255 0.000153 0.000090 0.000052 0.000030 0.000017 0.000009 0.000005 0.000003 0.000001 0.000001 0.000000 0.000000 0.000000 0.000000 0.000000 0.000000 0.000000 0.000000 
0.000000 0.000000 0.000000 0.000000 0.000000 0.000000 0.000000 0.000000 0.000001 0.000001 0.000002 0.000004 0.000008 0.000014 0.000026 0.000046 0.000081 0.000139 0.000237 0.000396 0.000651 0.001055 0.001683 0.002641 0.004079 0.006200 0.009272 0.013647 0.019762 0.028159 0.039478 0.054455 0.073899 0.098662 0.129588 0.167441 0.212832 0.266119 0.327317 0.396010 0.471279 0.551669 0.635183 0.719338 0.801261 0.877845 0.945931 1.002526 1.045018 1.071374 1.080307 1.071374 1.045018 1.002526 0.945931 0.877845 0.801261 0.719338 0.635183 0.551669 0.471279 0.396010 0.327317 0.266119 0.212832 0.167441 0.129588 0.098662 0.073899 0.054455 0.039478 0.028159 0.019762 0.013647 0.009272 0.006200 0.004079 0.002641 0.001683 0.001055 0.000651 0.000396 0.000237 0.000139 0.000081 0.000046 0.000026 0.000014 0.000008 0.000004 0.000002 0.000001 0.000001 0.000000 0.000000 0.000000 0.000000 0.000000 0.000000 0.000000 
0.000000 0.000000 0.000000 0.000000 0.000000 0.000000 0.000000 0.000000 0.000001 0.000002 0.000003 0.000006 0.000012 0.000022 0.000040 0.000070 0.000123 0.000213 0.000361 0.000603 0.000992 0.001607 0.002561 0.004016 0.006200 0.009418 0.014078 0.020709 0.029975 0.042691 0.059824 0.082484 0.111892 0.149330 0.196067 0.253254 0.321806 0.402259 0.494629 0.598285 0.711838 0.833089 0.959028 1.085910 1.209410 1.324845 1.427460 1.512749 1.576779 1.616494 1.629954 1.616494 1.576779 1.512749 1.427460 1.324845 1.209410 1.085910 0.959028 0.833089 0.711838 0.598285 0.494629 0.402259 0.321806 0.253254 0.196067 0.149330 0.111892 0.082484 0.059824 0.042691 0.029975 0.020709 0.014078 0.009418 0.006200 0.004016 0.002561 0.001607 0.000992 0.000603 0.000361 0.000213 0.000123 0.000070 0.000040 0.000022 0.000012 0.000006 0.000003 0.000002 0.000001 0.000000 0.000000 0.000000 0.000000 0.000000 0.000000 0.000000 
0.000000 0.000000 0.000000 0.000000 0.000000 0.000000 0.000000 0.000001 0.000001 0.000003 0.000005 0.000010 0.000018 0.000033 0.000060 0.000106 0.000185 0.000319 0.000542 0.000905 0.001488 0.002407 0.003834 0.006010 0.009272 0.014078 0.021034 0.030926 0.044742 0.063695 0.089220 0.122965 0.166740 0.222449 0.291969 0.377007 0.478911 0.598471 0.735705 0.889667 1.058290 1.238307 1.425248 1.613558 1.796821 1.968095 2.120332 2.246854 2.341833 2.400742 2.420706 2.400742 2.341833 2.246854 2.120332 1.968095 1.796821 1.613558 1.425248 1.238307 1.058290 0.889667 0.735705 0.598471 0.478911 0.377007 0.291969 0.222449 0.166740 0.122965 0.089220 0.063695 0.044742 0.030926 0.021034 0.014078 0.009272 0.006010 0.003834 0.002407 0.001488 0.000905 0.000542 0.000319 0.000185 0.000106 0.000060 0.000033 0.000018 0.000010 0.000005 0.000003 0.000001 0.000001 0.000000 0.000000 0.000000 0.000000 0.000000 0.000000 
0.000000 0.000000 0.000000 0.000000 0.000000 0.000000 0.000001 0.000001 0.000002 0.000004 0.000008 0.000014 0.000027 0.000049 0.000088 0.000157 0.000274 0.000472 0.000800 0.001336 0.002194 0.003549 0.005649 0.008850 0.013647 0.020709 0.030926 0.045448 0.065723 0.093523 0.130948 0.180404 0.244538 0.326124 0.427904 0.552361 0.701459 0.876340 1.077020 1.302108 1.548576 1.811644 2.084781 2.359874 2.627556 2.877696 3.100011 3.284759 3.423440 3.509450 3.538599 3.509450 3.423440 3.284759 3.100011 2.877696 2.627556 2.359874 2.084781 1.811644 1.548576 1.302108 1.077020 0.876340 0.701459 0.552361 0.427904 0.326124 0.244538 0.180404 0.130948 0.093523 0.065723 0.045448 0.030926 0.020709 0.013647 0.008850 0.005649 0.003549 0.002194 0.001336 0.000800 0.000472 0.000274 0.000157 0.000088 0.000049 0.000027 0.000014 0.000008 0.000004 0.000002 0.000001 0.000001 0.000000 0.000000 0.000000 0.000000 0.000000 
0.000000 0.000000 0.000000 0.000000 0.000000 0.000000 0.000001 0.000001 0.000003 0.000006 0.000011 0.000021 0.000039 0.000071 0.000128 0.000228 0.000399 0.000686 0.001163 0.001939 0.003185 0.005147 0.008189 0.012823 0.019762 0.029975 0.044742 0.065723 0.095003 0.135132 0.189134 0.260468 0.352938 0.470533 0.617185 0.796458 1.011162 1.262926 1.551760 1.875646 2.230224 2.608610 3.001410 3.396962 3.781806 4.141388 4.460940 4.726472 4.925783 5.049391 5.091281 5.049391 4.925783 4.726472 4.460940 4.141388 3.781806 3.396962 3.001410 2.608610 2.230224 1.875646 1.551760 1.262926 1.011162 0.796458 0.617185 0.470533 0.352938 0.260468 0.189134 0.135132 0.095003 0.065723 0.044742 0.029975 0.019762 0.012823 0.008189 0.005147 0.003185 0.001939 0.001163 0.000686 0.000399 0.000228 0.000128 0.000071 0.000039 0.000021 0.000011 0.000006 0.000003 0.000001 0.000001 0.000000 0.000000 0.000000 0.000000 0.000000 
0.000000 0.000000 0.000000 0.000000 0.000000 0.000001 0.000001 0.000002 0.000004 0.000008 0.000016 0.000030 0.000056 0.000102 0.000184 0.000326 0.000570 0.000981 0.001662 0.002771 0.004547 0.007345 0.011680 0.018280 0.028159 0.042691 0.063695 0.093523 0.135132 0.192136 0.268817 0.370072 0.501284 0.668091 0.876051 1.130193 1.434480 1.791198 2.200341 2.659037 3.161095 3.696766 4.252750 4.812546 5.357118 5.865886 6.317975 6.693610 6.975551 7.150397 7.209650 7.150397 6.975551 6.693610 6.317975 5.865886 5.357118 4.812546 4.252750 3.696766 3.161095 2.659037 2.200341 1.791198 1.434480 1.130193 0.876051 0.668091 0.501284 0.370072 0.268817 0.192136 0.135132 0.093523 0.063695 0.042691 0.028159 0.018280 0.011680 0.007345 0.004547 0.002771 0.001662 0.000981 0.000570 0.000326 0.000184 0.000102 0.000056 0.000030 0.000016 0.000008 0.000004 0.000002 0.000001 0.000001 0.000000 0.000000 0.000000 0.000000 
0.000000 0.000000 0.000000 0.000000 0.000000 0.000001 0.000002 0.000003 0.000006 0.000012 0.000022 0.000042 0.000079 0.000144 0.000259 0.000460 0.000803 0.001381 0.002337 0.003894 0.006387 0.010313 0.016390 0.025640 0.039478 0.059824 0.089220 0.130948 0.189134 0.268817 0.375966 0.517405 0.700627 0.933480 1.223695 1.578259 2.002669 2.500086 3.070477 3.709813 4.409455 5.155804 5.930335 6.710065 7.468495 8.176987 8.806493 9.329506 9.722043 9.965467 10.047958 9.965467 9.722043 9.329506 8.806493 8.176987 7.468495 6.710065 5.930335 5.155804 4.409455 3.709813 3.070477 2.500086 2.002669 1.578259 1.223695 0.933480 0.700627 0.517405 0.375966 0.268817 0.189134 0.130948 0.089220 0.059824 0.039478 0.025640 0.016390 0.010313 0.006387 0.003894 0.002337 0.001381 0.000803 0.000460 0.000259 0.000144 0.000079 0.000042 0.000022 0.000012 0.000006 0.000003 0.000002 0.000001 0.000000 0.000000 0.000000 0.000000 
0.000000 0.000000 0.000000 0.000000 0.000001 0.000001 0.000002 0.000004 0.000008 0.000016 0.000031 0.000059 0.000109 0.000200 0.000359 0.000637 0.001112 0.001911 0.003233 0.005384 0.008826 0.014244 0.022628 0.035383 0.054455 0.082484 0.122965 0.180404 0.260468 0.370072 0.517405 0.711820 0.963591 1.283465 1.682024 2.168826 2.751377 3.433980 4.216553 5.093542 6.053077 7.076498 8.138401 9.207290 10.246858 11.217878 12.080572 12.797277 13.335157 13.668702 13.781732 13.668702 13.335157 12.797277 12.080572 11.217878 10.246858 9.207290 8.138401 7.076498 6.053077 5.093542 4.216553 3.433980 2.751377 2.168826 1.682024 1.283465 0.963591 0.711820 0.517405 0.370072 0.260468 0.180404 0.122965 0.082484 0.054455 0.035383 0.022628 0.014244 0.008826 0.005384 0.003233 0.001911 0.001112 0.000637 0.000359 0.000200 0.000109 0.000059 0.000031 0.000016 0.000008 0.000004 0.000002 0.000001 0.000001 0.000000 0.000000 0.000000 
0.000000 0.000000 0.000000 0.000000 0.000001 0.000001 0.000003 0.000006 0.000011 0.000022 0.000043 0.000080 0.000149 0.000272 0.000490 0.000868 0.001515 0.002601 0.004399 0.007322 0.011999 0.019356 0.030734 0.048037 0.073899 0.111892 0.166740 0.244538 0.352938 0.501284 0.700627 0.963591 1.304030 1.736435 2.275060 2.932773 3.719664 4.641497 5.698117 6.881992 8.177071 9.558155 10.990966 12.433018 13.835356 15.145100 16.308638 17.275214 18.000587 18.450383 18.602804 18.450383 18.000587 17.275214 16.308638 15.145100 13.835356 12.433018 10.990966 9.558155 8.177071 6.881992 5.698117 4.641497 3.719664 2.932773 2.275060 1.736435 1.304030 0.963591 0.700627 0.501284 0.352938 0.244538 0.166740 0.111892 0.073899 0.048037 0.030734 0.019356 0.011999 0.007322 0.004399 0.002601 0.001515 0.000868 0.000490 0.000272 0.000149 0.000080 0.000043 0.000022 0.000011 0.000006 0.000003 0.000001 0.000001 0.000000 0.000000 0.000000 
0.000000 0.000000 0.000000 0.000000 0.000001 0.000002 0.000004 0.000008 0.000015 0.000030 0.000057 0.000108 0.000200 0.000366 0.000657 0.001164 0.002030 0.003484 0.005888 0.009796 0.016046 0.025873 0.041066 0.064159 0.098662 0.149330 0.222449 0.326124 0.470533 0.668091 0.933480 1.283465 1.736435 2.311615 3.027903 3.902350 4.948309 6.173377 7.577295 9.150012 10.870171 12.704289 14.606842 16.521435 18.383104 20.121693 21.666086 22.948970 23.911674 24.508618 24.710901 24.508618 23.911674 22.948970 21.666086 20.121693 18.383104 16.521435 14.606842 12.704289 10.870171 9.150012 7.577295 6.173377 4.948309 3.902350 3.027903 2.311615 1.736435 1.283465 0.933480 0.668091 0.470533 0.326124 0.222449 0.149330 0.098662 0.064159 0.041066 0.025873 0.016046 0.009796 0.005888 0.003484 0.002030 0.001164 0.000657 0.000366 0.000200 0.000108 0.000057 0.000030 0.000015 0.000008 0.000004 0.000002 0.000001 0.000000 0.000000 0.000000 
0.000000 0.000000 0.000000 0.000001 0.000001 0.000003 0.000005 0.000010 0.000020 0.000040 0.000076 0.000143 0.000264 0.000483 0.000867 0.001535 0.002675 0.004589 0.007752 0.012893 0.021109 0.034023 0.053979 0.084301 0.129588 0.196067 0.291969 0.427904 0.617185 0.876051 1.223695 1.682024 2.275060 3.027903 3.965217 5.109232 6.477339 8.079403 9.915017 11.970981 14.219342 16.616313 19.102403 21.603939 24.036084 26.307238 28.324568 30.000211 31.257596 32.037241 32.301431 32.037241 31.257596 30.000211 28.324568 26.307238 24.036084 21.603939 19.102403 16.616313 14.219342 11.970981 9.915017 8.079403 6.477339 5.109232 3.965217 3.027903 2.275060 1.682024 1.223695 0.876051 0.617185 0.427904 0.291969 0.196067 0.129588 0.084301 0.053979 0.034023 0.021109 0.012893 0.007752 0.004589 0.002675 0.001535 0.000867 0.000483 0.000264 0.000143 0.000076 0.000040 0.000020 0.000010 0.000005 0.000003 0.000001 0.000001 0.000000 0.000000 
0.000000 0.000000 0.000000 0.000001 0.000002 0.000003 0.000007 0.000014 0.000027 0.000052 0.000099 0.000185 0.000343 0.000626 0.001125 0.001990 0.003467 0.005946 0.010040 0.016690 0.027315 0.044009 0.069797 0.108964 0.167441 0.253254 0.377007 0.552361 0.796458 1.130193 1.578259 2.168826 2.932773 3.902350 5.109232 6.581947 8.342790 10.404365 12.766067 15.410848 18.302701 21.385286 24.582095 27.798421 30.925235 33.844841 36.437978 38.591785 40.207914 41.209972 41.549524 41.209972 40.207914 38.591785 36.437978 33.844841 30.925235 27.798421 24.582095 21.385286 18.302701 15.410848 12.766067 10.404365 8.342790 6.581947 5.109232 3.902350 2.932773 2.168826 1.578259 1.130193 0.796458 0.552361 0.377007 0.253254 0.167441 0.108964 0.069797 0.044009 0.027315 0.016690 0.010040 0.005946 0.003467 0.001990 0.001125 0.000626 0.000343 0.000185 0.000099 0.000052 0.000027 0.000014 0.000007 0.000003 0.000002 0.000001 0.000001 0.000001 
0.000000 0.000000 0.000001 0.000001 0.000002 0.000004 0.000009 0.000017 0.000034 0.000066 0.000126 0.000237 0.000438 0.000799 0.001436 0.002538 0.004420 0.007577 0.012789 0.021252 0.034768 0.055996 0.088777 0.138548 0.212832 0.321806 0.478911 0.701459 1.011162 1.434480 2.002669 2.751377 3.719664 4.948309 6.477339 8.342790 10.572786 13.183184 16.173121 19.520938 23.180998 27.081969 31.127032 35.196383 39.152134 42.845467 46.125607 48.849889 50.894000 52.161393 52.590848 52.161393 50.894000 48.849889 46.125607 42.845467 39.152134 35.196383 31.127032 27.081969 23.180998 19.520938 16.173121 13.183184 10.572786 8.342790 6.477339 4.948309 3.719664 2.751377 2.002669 1.434480 1.011162 0.701459 0.478911 0.321806 0.212832 0.138548 0.088777 0.055996 0.034768 0.021252 0.012789 0.007577 0.004420 0.002538 0.001436 0.000799 0.000438 0.000237 0.000126 0.000066 0.000034 0.000017 0.000009 0.000004 0.000002 0.000001 0.000001 0.000001 
0.000000 0.000000 0.000001 0.000001 0.000003 0.000005 0.000011 0.000022 0.000043 0.000083 0.000158 0.000297 0.000551 0.001004 0.001801 0.003184 0.005541 0.009496 0.016023 0.026616 0.043529 0.070082 0.111073 0.173289 0.266119 0.402259 0.598471 0.876340 1.262926 1.791198 2.500086 3.433980 4.641497 6.173377 8.079403 10.404365 13.183184 16.435495 20.160113 24.329965 28.888144 33.745782 38.782320 43.848627 48.773098 53.370567 57.453452 60.844286 63.388443 64.965837 65.500329 64.965837 63.388443 60.844286 57.453452 53.370567 48.773098 43.848627 38.782320 33.745782 28.888144 24.329965 20.160113 16.435495 13.183184 10.404365 8.079403 6.173377 4.641497 3.433980 2.500086 1.791198 1.262926 0.876340 0.598471 0.402259 0.266119 0.173289 0.111073 0.070082 0.043529 0.026616 0.016023 0.009496 0.005541 0.003184 0.001801 0.001004 0.000551 0.000297 0.000158 0.000083 0.000043 0.000022 0.000011 0.000005 0.000003 0.000001 0.000001 0.000001 
0.000000 0.000000 0.000001 0.000002 0.000003 0.000007 0.000014 0.000027 0.000053 0.000103 0.000196 0.000368 0.000680 0.001239 0.002223 0.003928 0.006833 0.011706 0.019744 0.032787 0.053603 0.086274 0.136694 0.213200 0.327317 0.494629 0.735705 1.077020 1.551760 2.200341 3.070477 4.216553 5.698117 7.577295 9.915017 12.766067 16.173121 20.160113 24.725464 29.835884 35.421561 41.373556 47.544154 53.750686 59.783004 65.414388 70.415194 74.568180 77.684082 79.615920 80.270507 79.615920 77.684082 74.568180 70.415194 65.414388 59.783004 53.750686 47.544154 41.373556 35.421561 29.835884 24.725464 20.160113 16.173121 12.766067 9.915017 7.577295 5.698117 4.216553 3.070477 2.200341 1.551760 1.077020 0.735705 0.494629 0.327317 0.213200 0.136694 0.086274 0.053603 0.032787 0.019744 0.011706 0.006833 0.003928 0.002223 0.001239 0.000680 0.000368 0.000196 0.000103 0.000053 0.000027 0.000014 0.000007 0.000003 0.000002 0.000001 0.000001 
0.000001 0.000001 0.000001 0.000002 0.000004 0.000008 0.000016 0.000033 0.000064 0.000125 0.000238 0.000447 0.000826 0.001504 0.002698 0.004765 0.008287 0.014191 0.023928 0.039723 0.064924 0.104464 0.165470 0.258010 0.396010 0.598285 0.889667 1.302108 1.875646 2.659037 3.709813 5.093542 6.881992 9.150012 11.970981 15.410848 19.520938 24.329965 29.835884 35.998435 42.733351 49.909239 57.348015 64.829513 72.100502 78.887823 84.914830 89.919837 93.674881 96.002936 96.791770 96.002936 93.674881 89.919837 84.914830 78.887823 72.100502 64.829513 57.348015 49.909239 42.733351 35.998435 29.835884 24.329965 19.520938 15.410848 11.970981 9.150012 6.881992 5.093542 3.709813 2.659037 1.875646 1.302108 0.889667 0.598285 0.396010 0.258010 0.165470 0.104464 0.064924 0.039723 0.023928 0.014191 0.008287 0.004765 0.002698 0.001504 0.000826 0.000447 0.000238 0.000125 0.000064 0.000033 0.000016 0.000008 0.000004 0.000002 0.000001 0.000001 
0.000001 0.000001 0.000001 0.000002 0.000005 0.000010 0.000020 0.000039 0.000077 0.000149 0.000284 0.000533 0.000986 0.001795 0.003219 0.005684 0.009883 0.016920 0.028521 0.047334 0.077342 0.124412 0.197016 0.307123 0.471279 0.711838 1.058290 1.548576 2.230224 3.161095 4.409455 6.053077 8.177071 10.870171 14.219342 18.302701 23.180998 28.888144 35.421561 42.733351 50.723446 59.235923 68.059530 76.933166 85.556573 93.605908 100.753232 106.688369 111.141128 113.901702 114.837082 113.901702 111.141128 106.688369 100.753232 93.605908 85.556573 76.933166 68.059530 59.235923 50.723446 42.733351 35.421561 28.888144 23.180998 18.302701 14.219342 10.870171 8.177071 6.053077 4.409455 3.161095 2.230224 1.548576 1.058290 0.711838 0.471279 0.307123 0.197016 0.124412 0.077342 0.047334 0.028521 0.016920 0.009883 0.005684 0.003219 0.001795 0.000986 0.000533 0.000284 0.000149 0.000077 0.000039 0.000020 0.000010 0.000005 0.000002 0.000002 0.000002 
0.000001 0.000001 0.000001 0.000003 0.000006 0.000011 0.000023 0.000046 0.000091 0.000175 0.000334 0.000627 0.001158 0.002108 0.003778 0.006669 0.011591 0.019839 0.033433 0.055472 0.090617 0.145731 0.230724 0.359589 0.551669 0.833089 1.238307 1.811644 2.608610 3.696766 5.155804 7.076498 9.558155 12.704289 16.616313 21.385286 27.081969 33.745782 41.373556 49.909239 59.235923 69.171555 79.469569 89.825289 99.888406 109.281142 117.620982 124.546154 129.741545 132.962476 134.053832 132.962476 129.741545 124.546154 117.620982 109.281142 99.888406 89.825289 79.469569 69.171555 59.235923 49.909239 41.373556 33.745782 27.081969 21.385286 16.616313 12.704289 9.558155 7.076498 5.155804 3.696766 2.608610 1.811644 1.238307 0.833089 0.551669 0.359589 0.230724 0.145731 0.090617 0.055472 0.033433 0.019839 0.011591 0.006669 0.003778 0.002108 0.001158 0.000627 0.000334 0.000175 0.000091 0.000046 0.000023 0.000011 0.000006 0.000003 0.000002 0.000002 
0.000001 0.000001 0.000002 0.000003 0.000006 0.000013 0.000027 0.000053 0.000105 0.000202 0.000386 0.000724 0.001337 0.002433 0.004360 0.007693 0.013369 0.022876 0.038542 0.063936 0.104419 0.167894 0.265756 0.414105 0.635183 0.959028 1.425248 2.084781 3.001410 4.252750 5.930335 8.138401 10.990966 14.606842 19.102403 24.582095 31.127032 38.782320 47.544154 57.348015 68.059530 79.469569 91.294981 103.185956 114.740353 125.524545 135.099510 143.050060 149.014577 152.712279 153.965172 152.712279 149.014577 143.050060 135.099510 125.524545 114.740353 103.185956 91.294981 79.469569 68.059530 57.348015 47.544154 38.782320 31.127032 24.582095 19.102403 14.606842 10.990966 8.138401 5.930335 4.252750 3.001410 2.084781 1.425248 0.959028 0.635183 0.414105 0.265756 0.167894 0.104419 0.063936 0.038542 0.022876 0.013369 0.007693 0.004360 0.002433 0.001337 0.000724 0.000386 0.000202 0.000105 0.000053 0.000027 0.000013 0.000007 0.000003 0.000002 0.000002 
