0.000000 0.000000 0.000000 0.000000 0.000000 0.000000 0.000000 0.000000 0.000000 0.000000 0.000000 0.000000 0.000000 0.000001 0.000001 0.000001 0.000002 0.000003 0.000004 0.000005 0.000007 0.000010 0.000013 0.000018 0.000024 0.000032 0.000041 0.000053 0.000068 0.000086 0.000107 0.000132 0.000162 0.000195 0.000234 0.000276 0.000323 0.000374 0.000428 0.000485 0.000544 0.000603 0.000661 0.000717 0.000769 0.000817 0.000857 0.000891 0.000915 0.000930 0.000935 0.000930 0.000915 0.000891 0.000857 0.000817 0.000769 0.000717 0.000661 0.000603 0.000544 0.000485 0.000428 0.000374 0.000323 0.000276 0.000234 0.000195 0.000162 0.000132 0.000107 0.000086 0.000068 0.000053 0.000041 0.000032 0.000024 0.000018 0.000013 0.000010 0.000007 0.000005 0.000004 0.000003 0.000002 0.000001 0.000001 0.000001 0.000000 0.000000 0.000000 0.000000 0.000000 0.000000 0.000000 0.000000 0.000000 0.000000 0.000000 0.000000 
0.000000 0.000000 0.000000 0.000000 0.000000 0.000000 0.000000 0.000000 0.000000 0.000000 0.000000 0.000000 0.000000 0.000001 0.000001 0.000001 0.000002 0.000003 0.000004 0.000005 0.000007 0.000010 0.000013 0.000018 0.000024 0.000032 0.000041 0.000053 0.000068 0.000086 0.000107 0.000132 0.000162 0.000195 0.000234 0.000276 0.000323 0.000374 0.000428 0.000485 0.000544 0.000603 0.000661 0.000717 0.000769 0.000817 0.000857 0.000891 0.000915 0.000930 0.000935 0.000930 0.000915 0.000891 0.000857 0.000817 0.000769 0.000717 0.000661 0.000603 0.000544 0.000485 0.000428 0.000374 0.000323 0.000276 0.000234 0.000195 0.000162 0.000132 0.000107 0.000086 0.000068 0.000053 0.000041 0.000032 0.000024 0.000018 0.000013 0.000010 0.000007 0.000005 0.000004 0.000003 0.000002 0.000001 0.000001 0.000001 0.000000 0.000000 0.000000 0.000000 0.000000 0.000000 0.000000 0.000000 0.000000 0.000000 0.000000 0.000000 
0.000000 0.000000 0.000000 0.000000 0.000000 0.000000 0.000000 0.000000 0.000000 0.000000 0.000000 0.000000 0.000000 0.000001 0.000001 0.000002 0.000002 0.000003 0.000005 0.000007 0.000009 0.000013 0.000017 0.000023 0.000030 0.000040 0.000052 0.000067 0.000086 0.000108 0.000135 0.000167 0.000204 0.000246 0.000294 0.000348 0.000407 0.000471 0.000539 0.000610 0.000684 0.000758 0.000831 0.000901 0.000967 0.001027 0.001078 0.001120 0.001150 0.001169 0.001175 0.001169 0.001150 0.001120 0.001078 0.001027 0.000967 0.000901 0.000831 0.000758 0.000684 0.000610 0.000539 0.000471 0.000407 0.000348 0.000294 0.000246 0.000204 0.000167 0.000135 0.000108 0.000086 0.000067 0.000052 0.000040 0.000030 0.000023 0.000017 0.000013 0.000009 0.000007 0.000005 0.000003 0.000002 0.000002 0.000001 0.000001 0.000000 0.000000 0.000000 0.000000 0.000000 0.000000 0.000000 0.000000 0.000000 0.000000 0.000000 0.000000 
0.000000 0.000000 0.000000 0.000000 0.000000 0.000000 0.000000 0.000000 0.000000 0.000000 0.000000 0.000000 0.000001 0.000001 0.000002 0.000002 0.000003 0.000005 0.000007 0.000010 0.000013 0.000018 0.000025 0.000033 0.000044 0.000058 0.000076 0.000098 0.000125 0.000158 0.000197 0.000243 0.000296 0.000358 0.000428 0.000506 0.000592 0.000685 0.000784 0.000888 0.000994 0.001102 0.001208 0.001310 0.001405 0.001492 0.001566 0.001626 0.001671 0.001698 0.001708 0.001698 0.001671 0.001626 0.001566 0.001492 0.001405 0.001310 0.001208 0.001102 0.000994 0.000888 0.000784 0.000685 0.000592 0.000506 0.000428 0.000358 0.000296 0.000243 0.000197 0.000158 0.000125 0.000098 0.000076 0.000058 0.000044 0.000033 0.000025 0.000018 0.000013 0.000010 0.000007 0.000005 0.000003 0.000002 0.000002 0.000001 0.000001 0.000000 0.000000 0.000000 0.000000 0.000000 0.000000 0.000000 0.000000 0.000000 0.000000 0.000000 
0.000000 0.000000 0.000000 0.000000 0.000000 0.000000 0.000000 0.000000 0.000000 0.000000 0.000000 0.000001 0.000001 0.000002 0.000002 0.000004 0.000005 0.000008 0.000011 0.000015 0.000021 0.000028 0.000039 0.000052 0.000069 0.000091 0.000118 0.000152 0.000194 0.000245 0.000305 0.000377 0.000460 0.000555 0.000663 0.000784 0.000917 0.001061 0.001214 0.001375 0.001540 0.001706 0.001870 0.002028 0.002176 0.002309 0.002424 0.002517 0.002586 0.002629 0.002643 0.002629 0.002586 0.002517 0.002424 0.002309 0.002176 0.002028 0.001870 0.001706 0.001540 0.001375 0.001214 0.001061 0.000917 0.000784 0.000663 0.000555 0.000460 0.000377 0.000305 0.000245 0.000194 0.000152 0.000118 0.000091 0.000069 0.000052 0.000039 0.000028 0.000021 0.000015 0.000011 0.000008 0.000005 0.000004 0.000002 0.000002 0.000001 0.000001 0.000000 0.000000 0.000000 0.000000 0.000000 0.000000 0.000000 0.000000 0.000000 0.000000 
0.000000 0.000000 0.000000 0.000000 0.000000 0.000000 0.000000 0.000000 0.000000 0.000001 0.000001 0.000001 0.000002 0.000003 0.000004 0.000006 0.000008 0.000012 0.000017 0.000024 0.000033 0.000045 0.000061 0.000082 0.000109 0.000144 0.000187 0.000241 0.000307 0.000387 0.000483 0.000596 0.000727 0.000878 0.001048 0.001239 0.001449 0.001676 0.001917 0.002171 0.002431 0.002693 0.002952 0.003201 0.003434 0.003644 0.003825 0.003972 0.004081 0.004148 0.004170 0.004148 0.004081 0.003972 0.003825 0.003644 0.003434 0.003201 0.002952 0.002693 0.002431 0.002171 0.001917 0.001676 0.001449 0.001239 0.001048 0.000878 0.000727 0.000596 0.000483 0.000387 0.000307 0.000241 0.000187 0.000144 0.000109 0.000082 0.000061 0.000045 0.000033 0.000024 0.000017 0.000012 0.000008 0.000006 0.000004 0.000003 0.000002 0.000001 0.000001 0.000001 0.000000 0.000000 0.000000 0.000000 0.000000 0.000000 0.000000 0.000000 
0.000000 0.000000 0.000000 0.000000 0.000000 0.000000 0.000000 0.000000 0.000001 0.000001 0.000001 0.000002 0.000003 0.000004 0.000006 0.000009 0.000013 0.000019 0.000027 0.000038 0.000052 0.000072 0.000097 0.000131 0.000174 0.000228 0.000297 0.000382 0.000486 0.000613 0.000764 0.000942 0.001150 0.001388 0.001658 0.001959 0.002290 0.002649 0.003031 0.003431 0.003842 0.004256 0.004664 0.005057 0.005424 0.005756 0.006042 0.006274 0.006446 0.006551 0.006586 0.006551 0.006446 0.006274 0.006042 0.005756 0.005424 0.005057 0.004664 0.004256 0.003842 0.003431 0.003031 0.002649 0.002290 0.001959 0.001658 0.001388 0.001150 0.000942 0.000764 0.000613 0.000486 0.000382 0.000297 0.000228 0.000174 0.000131 0.000097 0.000072 0.000052 0.000038 0.000027 0.000019 0.000013 0.000009 0.000006 0.000004 0.000003 0.000002 0.000001 0.000001 0.000001 0.000000 0.000000 0.000000 0.000000 0.000000 0.000000 0.000000 
0.000000 0.000000 0.000000 0.000000 0.000000 0.000000 0.000000 0.000001 0.000001 0.000001 0.000002 0.000003 0.000005 0.000007 0.000010 0.000014 0.000021 0.000030 0.000042 0.000059 0.000082 0.000113 0.000153 0.000206 0.000273 0.000359 0.000467 0.000601 0.000766 0.000964 0.001202 0.001482 0.001808 0.002182 0.002606 0.003079 0.003599 0.004162 0.004761 0.005388 0.006033 0.006683 0.007324 0.007940 0.008516 0.009036 0.009485 0.009850 0.010119 0.010283 0.010339 0.010283 0.010119 0.009850 0.009485 0.009036 0.008516 0.007940 0.007324 0.006683 0.006033 0.005388 0.004761 0.004162 0.003599 0.003079 0.002606 0.002182 0.001808 0.001482 0.001202 0.000964 0.000766 0.000601 0.000467 0.000359 0.000273 0.000206 0.000153 0.000113 0.000082 0.000059 0.000042 0.000030 0.000021 0.000014 0.000010 0.000007 0.000005 0.000003 0.000002 0.000001 0.000001 0.000001 0.000000 0.000000 0.000000 0.000000 0.000000 0.000000 
0.000000 0.000000 0.000000 0.000000 0.000000 0.000000 0.000001 0.000001 0.000001 0.000002 0.000003 0.000005 0.000007 0.000011 0.000016 0.000023 0.000033 0.000047 0.000066 0.000093 0.000129 0.000176 0.000239 0.000321 0.000427 0.000561 0.000729 0.000938 0.001194 0.001504 0.001874 0.002310 0.002818 0.003401 0.004061 0.004797 0.005606 0.006481 0.007414 0.008390 0.009393 0.010404 0.011401 0.012359 0.013255 0.014063 0.014761 0.015328 0.015746 0.016002 0.016089 0.016002 0.015746 0.015328 0.014761 0.014063 0.013255 0.012359 0.011401 0.010404 0.009393 0.008390 0.007414 0.006481 0.005606 0.004797 0.004061 0.003401 0.002818 0.002310 0.001874 0.001504 0.001194 0.000938 0.000729 0.000561 0.000427 0.000321 0.000239 0.000176 0.000129 0.000093 0.000066 0.000047 0.000033 0.000023 0.000016 0.000011 0.000007 0.000005 0.000003 0.000002 0.000001 0.000001 0.000001 0.000000 0.000000 0.000000 0.000000 0.000000 
0.000000 0.000000 0.000000 0.000000 0.000000 0.000001 0.000001 0.000001 0.000002 0.000003 0.000005 0.000007 0.000011 0.000016 0.000024 0.000035 0.000051 0.000073 0.000103 0.000144 0.000199 0.000273 0.000370 0.000497 0.000660 0.000867 0.001127 0.001449 0.001845 0.002323 0.002894 0.003567 0.004350 0.005249 0.006266 0.007401 0.008648 0.009997 0.011434 0.012938 0.014484 0.016041 0.017576 0.019052 0.020431 0.021676 0.022751 0.023624 0.024268 0.024662 0.024795 0.024662 0.024268 0.023624 0.022751 0.021676 0.020431 0.019052 0.017576 0.016041 0.014484 0.012938 0.011434 0.009997 0.008648 0.007401 0.006266 0.005249 0.004350 0.003567 0.002894 0.002323 0.001845 0.001449 0.001127 0.000867 0.000660 0.000497 0.000370 0.000273 0.000199 0.000144 0.000103 0.000073 0.000051 0.000035 0.000024 0.000016 0.000011 0.000007 0.000005 0.000003 0.000002 0.000001 0.000001 0.000001 0.000000 0.000000 0.000000 0.000000 
0.000000 0.000000 0.000000 0.000000 0.000000 0.000001 0.000001 0.000002 0.000003 0.000005 0.000007 0.000011 0.000017 0.000025 0.000037 0.000054 0.000078 0.000111 0.000157 0.000220 0.000305 0.000418 0.000567 0.000761 0.001010 0.001327 0.001724 0.002217 0.002821 0.003552 0.004424 0.005452 0.006648 0.008020 0.009572 0.011304 0.013207 0.015266 0.017458 0.019753 0.022110 0.024485 0.026826 0.029077 0.031180 0.033078 0.034717 0.036047 0.037029 0.037631 0.037833 0.037631 0.037029 0.036047 0.034717 0.033078 0.031180 0.029077 0.026826 0.024485 0.022110 0.019753 0.017458 0.015266 0.013207 0.011304 0.009572 0.008020 0.006648 0.005452 0.004424 0.003552 0.002821 0.002217 0.001724 0.001327 0.001010 0.000761 0.000567 0.000418 0.000305 0.000220 0.000157 0.000111 0.000078 0.000054 0.000037 0.000025 0.000017 0.000011 0.000007 0.000005 0.000003 0.000002 0.000001 0.000001 0.000001 0.000000 0.000000 0.000000 
0.000000 0.000000 0.000000 0.000000 0.000001 0.000001 0.000002 0.000003 0.000005 0.000007 0.000011 0.000017 0.000026 0.000038 0.000056 0.000082 0.000118 0.000169 0.000239 0.000334 0.000463 0.000634 0.000860 0.001153 0.001530 0.002009 0.002611 0.003357 0.004271 0.005375 0.006694 0.008248 0.010056 0.012129 0.014475 0.017092 0.019966 0.023076 0.026387 0.029851 0.033411 0.036997 0.040530 0.043928 0.047102 0.049967 0.052441 0.054449 0.055930 0.056838 0.057144 0.056838 0.055930 0.054449 0.052441 0.049967 0.047102 0.043928 0.040530 0.036997 0.033411 0.029851 0.026387 0.023076 0.019966 0.017092 0.014475 0.012129 0.010056 0.008248 0.006694 0.005375 0.004271 0.003357 0.002611 0.002009 0.001530 0.001153 0.000860 0.000634 0.000463 0.000334 0.000239 0.000169 0.000118 0.000082 0.000056 0.000038 0.000026 0.000017 0.000011 0.000007 0.000005 0.000003 0.000002 0.000001 0.000001 0.000001 0.000000 0.000000 
0.000000 0.000000 0.000000 0.000001 0.000001 0.000002 0.000003 0.000005 0.000007 0.000011 0.000017 0.000026 0.000038 0.000057 0.000084 0.000123 0.000178 0.000254 0.000359 0.000502 0.000695 0.000952 0.001290 0.001729 0.002295 0.003013 0.003914 0.005031 0.006399 0.008052 0.010026 0.012352 0.015056 0.018158 0.021667 0.025579 0.029878 0.034527 0.039476 0.044655 0.049975 0.055334 0.060614 0.065691 0.070434 0.074714 0.078410 0.081410 0.083623 0.084979 0.085437 0.084979 0.083623 0.081410 0.078410 0.074714 0.070434 0.065691 0.060614 0.055334 0.049975 0.044655 0.039476 0.034527 0.029878 0.025579 0.021667 0.018158 0.015056 0.012352 0.010026 0.008052 0.006399 0.005031 0.003914 0.003013 0.002295 0.001729 0.001290 0.000952 0.000695 0.000502 0.000359 0.000254 0.000178 0.000123 0.000084 0.000057 0.000038 0.000026 0.000017 0.000011 0.000007 0.000005 0.000003 0.000002 0.000001 0.000001 0.000001 0.000001 
0.000001 0.000001 0.000001 0.000001 0.000002 0.000003 0.000004 0.000007 0.000011 0.000016 0.000025 0.000038 0.000057 0.000085 0.000126 0.000183 0.000264 0.000378 0.000534 0.000746 0.001032 0.001413 0.001915 0.002567 0.003406 0.004471 0.005806 0.007462 0.009489 0.011939 0.014864 0.018308 0.022313 0.026906 0.032100 0.037891 0.044253 0.051134 0.058457 0.066119 0.073989 0.081916 0.089727 0.097235 0.104250 0.110580 0.116045 0.120481 0.123754 0.125760 0.126436 0.125760 0.123754 0.120481 0.116045 0.110580 0.104250 0.097235 0.089727 0.081916 0.073989 0.066119 0.058457 0.051134 0.044253 0.037891 0.032100 0.026906 0.022313 0.018308 0.014864 0.011939 0.009489 0.007462 0.005806 0.004471 0.003406 0.002567 0.001915 0.001413 0.001032 0.000746 0.000534 0.000378 0.000264 0.000183 0.000126 0.000085 0.000057 0.000038 0.000025 0.000016 0.000011 0.000007 0.000004 0.000003 0.000002 0.000001 0.000001 0.000001 
0.000001 0.000001 0.000001 0.000002 0.000002 0.000004 0.000006 0.000010 0.000016 0.000024 0.000037 0.000056 0.000084 0.000126 0.000185 0.000270 0.000389 0.000556 0.000785 0.001097 0.001518 0.002078 0.002814 0.003772 0.005003 0.006566 0.008526 0.010955 0.013928 0.017521 0.021809 0.026859 0.032729 0.039460 0.047071 0.055556 0.064875 0.074954 0.085679 0.096899 0.108425 0.120031 0.131466 0.142459 0.152728 0.161994 0.169992 0.176486 0.181276 0.184212 0.185201 0.184212 0.181276 0.176486 0.169992 0.161994 0.152728 0.142459 0.131466 0.120031 0.108425 0.096899 0.085679 0.074954 0.064875 0.055556 0.047071 0.039460 0.032729 0.026859 0.021809 0.017521 0.013928 0.010955 0.008526 0.006566 0.005003 0.003772 0.002814 0.002078 0.001518 0.001097 0.000785 0.000556 0.000389 0.000270 0.000185 0.000126 0.000084 0.000056 0.000037 0.000024 0.000016 0.000010 0.000006 0.000004 0.000003 0.000002 0.000001 0.000001 
0.000001 0.000001 0.000002 0.000002 0.000004 0.000006 0.000009 0.000014 0.000023 0.000035 0.000054 0.000082 0.000123 0.000183 0.000270 0.000393 0.000567 0.000809 0.001143 0.001597 0.002209 0.003023 0.004094 0.005485 0.007274 0.009544 0.012391 0.015918 0.020234 0.025449 0.031671 0.038999 0.047514 0.057278 0.068317 0.080621 0.094133 0.108746 0.124294 0.140557 0.157261 0.174081 0.190652 0.206581 0.221461 0.234886 0.246475 0.255882 0.262822 0.267075 0.268509 0.267075 0.262822 0.255882 0.246475 0.234886 0.221461 0.206581 0.190652 0.174081 0.157261 0.140557 0.124294 0.108746 0.094133 0.080621 0.068317 0.057278 0.047514 0.038999 0.031671 0.025449 0.020234 0.015918 0.012391 0.009544 0.007274 0.005485 0.004094 0.003023 0.002209 0.001597 0.001143 0.000809 0.000567 0.000393 0.000270 0.000183 0.000123 0.000082 0.000054 0.000035 0.000023 0.000015 0.000009 0.000006 0.000004 0.000003 0.000002 0.000002 
0.000002 0.000002 0.000002 0.000003 0.000005 0.000008 0.000013 0.000021 0.000033 0.000051 0.000078 0.000118 0.000178 0.000264 0.000389 0.000567 0.000818 0.001166 0.001647 0.002301 0.003181 0.004352 0.005893 0.007895 0.010466 0.013729 0.017822 0.022890 0.029092 0.036584 0.045521 0.056044 0.068271 0.082288 0.098135 0.115795 0.135187 0.156154 0.178463 0.201796 0.225758 0.249885 0.273654 0.296500 0.317839 0.337092 0.353710 0.367201 0.377151 0.383251 0.385306 0.383251 0.377151 0.367201 0.353710 0.337092 0.317839 0.296500 0.273654 0.249885 0.225758 0.201796 0.178463 0.156154 0.135187 0.115795 0.098135 0.082288 0.068271 0.056044 0.045521 0.036584 0.029092 0.022890 0.017822 0.013729 0.010466 0.007895 0.005893 0.004352 0.003181 0.002301 0.001647 0.001166 0.000818 0.000567 0.000389 0.000264 0.000178 0.000118 0.000078 0.000051 0.000033 0.000021 0.000013 0.000009 0.000006 0.000004 0.000003 0.000003 
0.000003 0.000003 0.000003 0.000005 0.000008 0.000012 0.000019 0.000030 0.000047 0.000073 0.000111 0.000169 0.000254 0.000378 0.000556 0.000809 0.001166 0.001664 0.002348 0.003280 0.004534 0.006202 0.008395 0.011244 0.014904 0.019547 0.025368 0.032578 0.041396 0.052049 0.064753 0.079710 0.097087 0.117004 0.139518 0.164606 0.192150 0.221930 0.253610 0.286742 0.320766 0.355020 0.388763 0.421194 0.451484 0.478813 0.502400 0.521547 0.535670 0.544327 0.547243 0.544327 0.535670 0.521547 0.502400 0.478813 0.451484 0.421194 0.388763 0.355020 0.320766 0.286742 0.253610 0.221930 0.192150 0.164606 0.139518 0.117004 0.097087 0.079710 0.064753 0.052049 0.041396 0.032578 0.025368 0.019547 0.014904 0.011244 0.008395 0.006202 0.004534 0.003280 0.002348 0.001664 0.001166 0.000809 0.000556 0.000378 0.000254 0.000169 0.000111 0.000073 0.000047 0.000030 0.000019 0.000012 0.000008 0.000005 0.000004 0.000004 
0.000004 0.000004 0.000005 0.000007 0.000011 0.000017 0.000027 0.000042 0.000066 0.000103 0.000157 0.000239 0.000359 0.000534 0.000785 0.001143 0.001647 0.002348 0.003314 0.004628 0.006395 0.008746 0.011836 0.015850 0.021004 0.027543 0.035738 0.045887 0.058298 0.073287 0.091162 0.112203 0.136644 0.164654 0.196312 0.231585 0.270308 0.312169 0.356697 0.403262 0.451075 0.499209 0.546621 0.592186 0.634743 0.673135 0.706271 0.733169 0.753008 0.765168 0.769265 0.765168 0.753008 0.733169 0.706271 0.673135 0.634743 0.592186 0.546621 0.499209 0.451075 0.403262 0.356697 0.312169 0.270308 0.231585 0.196312 0.164654 0.136644 0.112203 0.091162 0.073287 0.058298 0.045887 0.035738 0.027543 0.021004 0.015850 0.011836 0.008746 0.006395 0.004628 0.003314 0.002348 0.001647 0.001143 0.000785 0.000534 0.000359 0.000239 0.000158 0.000103 0.000066 0.000043 0.000027 0.000017 0.000011 0.000008 0.000006 0.000006 
0.000005 0.000005 0.000007 0.000010 0.000015 0.000024 0.000038 0.000059 0.000093 0.000144 0.000220 0.000334 0.000502 0.000746 0.001097 0.001597 0.002301 0.003280 0.004628 0.006461 0.008927 0.012205 0.016514 0.022111 0.029295 0.038407 0.049827 0.063965 0.081252 0.102128 0.127017 0.156311 0.190335 0.229321 0.273380 0.322463 0.376342 0.434580 0.496524 0.561294 0.627796 0.694739 0.760674 0.824038 0.883213 0.936597 0.982670 1.020068 1.047650 1.064557 1.070253 1.064557 1.047650 1.020068 0.982670 0.936597 0.883213 0.824038 0.760674 0.694739 0.627796 0.561294 0.496524 0.434580 0.376342 0.322463 0.273380 0.229321 0.190335 0.156311 0.127017 0.102128 0.081252 0.063965 0.049827 0.038407 0.029295 0.022111 0.016514 0.012205 0.008927 0.006461 0.004628 0.003280 0.002301 0.001597 0.001097 0.000746 0.000502 0.000334 0.000220 0.000144 0.000093 0.000060 0.000038 0.000024 0.000016 0.000011 0.000009 0.000009 
0.000007 0.000007 0.000009 0.000013 0.000021 0.000033 0.000052 0.000082 0.000129 0.000199 0.000305 0.000463 0.000695 0.001032 0.001518 0.002209 0.003181 0.004534 0.006395 0.008927 0.012331 0.016856 0.022802 0.030524 0.040435 0.053003 0.068750 0.088242 0.112073 0.140846 0.175146 0.215509 0.262384 0.316090 0.376775 0.444373 0.518567 0.598757 0.684042 0.773210 0.864754 0.956900 1.047652 1.134860 1.216300 1.289766 1.353168 1.404631 1.442586 1.465850 1.473688 1.465850 1.442586 1.404631 1.353168 1.289766 1.216300 1.134860 1.047652 0.956900 0.864754 0.773210 0.684042 0.598757 0.518567 0.444373 0.376775 0.316090 0.262384 0.215509 0.175146 0.140846 0.112073 0.088242 0.068750 0.053003 0.040435 0.030524 0.022802 0.016856 0.012331 0.008927 0.006395 0.004534 0.003181 0.002209 0.001518 0.001032 0.000695 0.000463 0.000305 0.000199 0.000129 0.000083 0.000053 0.000034 0.000022 0.000015 0.000012 0.000012 
0.000010 0.000010 0.000013 0.000018 0.000028 0.000045 0.000072 0.000113 0.000176 0.000273 0.000418 0.000634 0.000952 0.001413 0.002078 0.003023 0.004352 0.006202 0.008746 0.012205 0.016856 0.023038 0.031158 0.041702 0.055231 0.072386 0.093876 0.120473 0.152984 0.192232 0.239013 0.294055 0.357969 0.431187 0.513911 0.606048 0.707165 0.816444 0.932654 1.054146 1.178867 1.304399 1.428024 1.546814 1.657743 1.757805 1.844158 1.914248 1.965940 1.997623 2.008298 1.997623 1.965940 1.914248 1.844158 1.757805 1.657743 1.546814 1.428024 1.304399 1.178867 1.054146 0.932654 0.816444 0.707165 0.606048 0.513911 0.431187 0.357969 0.294055 0.239013 0.192232 0.152984 0.120473 0.093876 0.072386 0.055231 0.041702 0.031158 0.023038 0.016856 0.012205 0.008746 0.006202 0.004352 0.003023 0.002078 0.001413 0.000952 0.000634 0.000418 0.000273 0.000177 0.000113 0.000072 0.000046 0.000030 0.000021 0.000017 0.000017 
0.000013 0.000013 0.000017 0.000025 0.000039 0.000061 0.000097 0.000153 0.000239 0.000370 0.000567 0.000860 0.001290 0.001915 0.002814 0.004094 0.005893 0.008395 0.011836 0.016514 0.022802 0.031158 0.042133 0.056381 0.074659 0.097831 0.126855 0.162770 0.206665 0.259647 0.322790 0.397074 0.483319 0.582109 0.693710 0.817999 0.954388 1.101771 1.258489 1.422317 1.590486 1.759737 1.926408 2.086552 2.236090 2.370976 2.487376 2.581852 2.651527 2.694233 2.708620 2.694233 2.651527 2.581852 2.487376 2.370976 2.236090 2.086552 1.926408 1.759737 1.590486 1.422317 1.258489 1.101771 0.954388 0.817999 0.693710 0.582109 0.483319 0.397074 0.322790 0.259647 0.206665 0.162770 0.126855 0.097831 0.074659 0.056381 0.042133 0.031158 0.022802 0.016514 0.011836 0.008395 0.005893 0.004094 0.002814 0.001915 0.001290 0.000860 0.000567 0.000370 0.000240 0.000154 0.000098 0.000062 0.000041 0.000028 0.000023 0.000023 
0.000018 0.000018 0.000023 0.000033 0.000052 0.000082 0.000131 0.000206 0.000321 0.000497 0.000761 0.001153 0.001729 0.002567 0.003772 0.005485 0.007895 0.011244 0.015850 0.022111 0.030524 0.041702 0.056381 0.075432 0.099870 0.130846 0.169638 0.217632 0.276283 0.347065 0.431410 0.530625 0.645801 0.777714 0.926719 1.092646 1.274709 1.471431 1.680594 1.899231 2.123645 2.349489 2.571876 2.785544 2.985052 3.165005 3.320290 3.446325 3.539272 3.596241 3.615434 3.596241 3.539272 3.446325 3.320290 3.165005 2.985052 2.785544 2.571876 2.349489 2.123645 1.899231 1.680594 1.471431 1.274709 1.092646 0.926719 0.777714 0.645801 0.530625 0.431410 0.347065 0.276283 0.217632 0.169638 0.130846 0.099870 0.075432 0.056381 0.041702 0.030524 0.022111 0.015850 0.011244 0.007895 0.005485 0.003772 0.002567 0.001729 0.001153 0.000761 0.000497 0.000322 0.000206 0.000131 0.000084 0.000055 0.000038 0.000030 0.000030 
0.000024 0.000024 0.000030 0.000044 0.000069 0.000109 0.000174 0.000273 0.000427 0.000660 0.001010 0.001530 0.002295 0.003406 0.005003 0.007274 0.010466 0.014904 0.021004 0.029295 0.040435 0.055231 0.074659 0.099870 0.132204 0.173180 0.224490 0.287961 0.365514 0.459096 0.570595 0.701734 0.853953 1.028273 1.225158 1.444381 1.684901 1.944763 2.221039 2.509805 2.806183 3.104429 3.398095 3.680233 3.943662 4.181261 4.386285 4.552684 4.675397 4.750609 4.775948 4.750609 4.675397 4.552684 4.386285 4.181261 3.943662 3.680233 3.398095 3.104429 2.806183 2.509805 2.221039 1.944763 1.684901 1.444381 1.225158 1.028273 0.853953 0.701734 0.570595 0.459096 0.365514 0.287961 0.224490 0.173180 0.132204 0.099870 0.074659 0.055231 0.040435 0.029295 0.021004 0.014904 0.010466 0.007274 0.005003 0.003406 0.002295 0.001530 0.001010 0.000660 0.000427 0.000274 0.000175 0.000112 0.000073 0.000050 0.000040 0.000040 
0.000032 0.000032 0.000040 0.000058 0.000091 0.000144 0.000228 0.000359 0.000561 0.000867 0.001327 0.002009 0.003013 0.004471 0.006566 0.009544 0.013729 0.019547 0.027543 0.038407 0.053003 0.072386 0.097831 0.130846 0.173180 0.226824 0.293984 0.377051 0.478533 0.600975 0.746839 0.918378 1.117468 1.345439 1.602895 1.889534 2.203990 2.543707 2.904852 3.282298 3.669668 4.059457 4.443238 4.811937 5.156172 5.466643 5.734540 5.951962 6.112300 6.210572 6.243679 6.210572 6.112300 5.951962 5.734540 5.466643 5.156172 4.811937 4.443238 4.059457 3.669668 3.282298 2.904852 2.543707 2.203990 1.889534 1.602895 1.345439 1.117468 0.918378 0.746839 0.600975 0.478533 0.377051 0.293984 0.226824 0.173180 0.130846 0.097831 0.072386 0.053003 0.038407 0.027543 0.019547 0.013729 0.009544 0.006566 0.004471 0.003013 0.002010 0.001327 0.000867 0.000561 0.000360 0.000230 0.000147 0.000096 0.000066 0.000053 0.000053 
0.000041 0.000041 0.000052 0.000076 0.000118 0.000187 0.000297 0.000467 0.000729 0.001127 0.001724 0.002611 0.003914 0.005806 0.008526 0.012391 0.017822 0.025368 0.035738 0.049827 0.068750 0.093876 0.126855 0.169638 0.224490 0.293984 0.380977 0.488558 0.619973 0.778508 0.967349 1.189403 1.447094 1.742136 2.075306 2.446206 2.853067 3.292575 3.759772 4.248023 4.749079 5.253235 5.749595 6.226427 6.671603 7.073099 7.419530 7.700683 7.908015 8.035088 8.077899 8.035088 7.908015 7.700683 7.419530 7.073099 6.671603 6.226427 5.749595 5.253235 4.749079 4.248023 3.759772 3.292575 2.853067 2.446206 2.075306 1.742136 1.447094 1.189403 0.967349 0.778508 0.619973 0.488558 0.380977 0.293984 0.224490 0.169638 0.126855 0.093876 0.068750 0.049827 0.035738 0.025368 0.017822 0.012391 0.008526 0.005807 0.003914 0.002611 0.001724 0.001127 0.000730 0.000468 0.000299 0.000191 0.000124 0.000086 0.000069 0.000069 
0.000053 0.000053 0.000067 0.000098 0.000152 0.000241 0.000382 0.000601 0.000938 0.001449 0.002217 0.003357 0.005031 0.007462 0.010955 0.015918 0.022890 0.032578 0.045887 0.063965 0.088242 0.120473 0.162770 0.217632 0.287961 0.377051 0.488558 0.626438 0.794842 0.997976 1.239913 1.524371 1.854445 2.232327 2.659000 3.133951 3.654908 4.217624 4.815749 5.440786 6.082177 6.727501 7.362815 7.973106 8.542859 9.056692 9.500041 9.859841 10.125167 10.287782 10.342567 10.287782 10.125167 9.859841 9.500041 9.056692 8.542859 7.973106 7.362815 6.727501 6.082177 5.440786 4.815749 4.217624 3.654908 3.133951 2.659000 2.232327 1.854445 1.524371 1.239913 0.997976 0.794842 0.626438 0.488558 0.377051 0.287961 0.217632 0.162770 0.120473 0.088242 0.063965 0.045887 0.032578 0.022890 0.015918 0.010955 0.007462 0.005031 0.003357 0.002217 0.001450 0.000939 0.000603 0.000385 0.000246 0.000160 0.000111 0.000089 0.000089 
0.000068 0.000068 0.000086 0.000125 0.000194 0.000307 0.000486 0.000766 0.001194 0.001845 0.002821 0.004271 0.006399 0.009489 0.013928 0.020234 0.029092 0.041396 0.058298 0.081252 0.112073 0.152984 0.206665 0.276283 0.365514 0.478533 0.619973 0.794842 1.008399 1.265967 1.572703 1.933310 2.351704 2.830651 3.371391 3.973265 4.633386 5.346370 6.104166 6.896010 7.708523 8.525976 9.330710 10.103717 10.825350 11.476136 12.037637 12.493314 12.829336 13.035278 13.104659 13.035278 12.829336 12.493314 12.037637 11.476136 10.825350 10.103717 9.330710 8.525976 7.708523 6.896010 6.104166 5.346370 4.633386 3.973265 3.371391 2.830651 2.351704 1.933310 1.572703 1.265967 1.008399 0.794842 0.619973 0.478533 0.365514 0.276283 0.206665 0.152984 0.112073 0.081252 0.058298 0.041396 0.029092 0.020234 0.013928 0.009489 0.006399 0.004271 0.002821 0.001845 0.001195 0.000768 0.000490 0.000313 0.000204 0.000142 0.000113 0.000113 
0.000086 0.000086 0.000108 0.000158 0.000245 0.000387 0.000613 0.000964 0.001504 0.002323 0.003552 0.005375 0.008052 0.011939 0.017521 0.025449 0.036584 0.052049 0.073287 0.102128 0.140846 0.192232 0.259647 0.347065 0.459096 0.600975 0.778508 0.997976 1.265967 1.589152 1.973991 2.426372 2.951195 3.551921 4.230094 4.984878 5.812645 6.706636 7.656754 8.649499 9.668103 10.692848 11.701602 12.670547 13.575064 14.390755 15.094518 15.665634 16.086776 16.344884 16.431838 16.344884 16.086776 15.665634 15.094518 14.390755 13.575064 12.670547 11.701602 10.692848 9.668103 8.649499 7.656754 6.706636 5.812645 4.984878 4.230094 3.551921 2.951195 2.426372 1.973991 1.589152 1.265967 0.997976 0.778508 0.600975 0.459096 0.347065 0.259647 0.192232 0.140846 0.102128 0.073287 0.052049 0.036584 0.025449 0.017521 0.011939 0.008052 0.005375 0.003552 0.002324 0.001505 0.000967 0.000617 0.000395 0.000257 0.000179 0.000143 0.000143 
0.000107 0.000107 0.000135 0.000197 0.000305 0.000483 0.000764 0.001202 0.001874 0.002894 0.004424 0.006694 0.010026 0.014864 0.021809 0.031671 0.045521 0.064753 0.091162 0.127017 0.175146 0.239013 0.322790 0.431410 0.570595 0.746839 0.967349 1.239913 1.572703 1.973991 2.451784 3.013378 3.664846 4.410467 5.252146 6.188836 7.216024 8.325316 9.504177 10.735858 11.999554 13.270808 14.522170 15.724102 16.846077 17.857841 18.730752 19.439120 19.961465 20.281595 20.389444 20.281595 19.961465 19.439120 18.730752 17.857841 16.846077 15.724102 14.522170 13.270808 11.999554 10.735858 9.504177 8.325316 7.216024 6.188836 5.252146 4.410467 3.664846 3.013378 2.451784 1.973991 1.572703 1.239913 0.967349 0.746839 0.570595 0.431410 0.322790 0.239013 0.175146 0.127017 0.091162 0.064753 0.045521 0.031671 0.021809 0.014864 0.010026 0.006694 0.004424 0.002895 0.001876 0.001205 0.000770 0.000492 0.000321 0.000223 0.000179 0.000179 
0.000132 0.000132 0.000167 0.000243 0.000377 0.000596 0.000942 0.001482 0.002310 0.003567 0.005452 0.008248 0.012352 0.018308 0.026859 0.038999 0.056044 0.079710 0.112203 0.156311 0.215509 0.294055 0.397074 0.530625 0.701734 0.918378 1.189403 1.524371 1.933310 2.426372 3.013378 3.703279 4.503516 5.419334 6.453055 7.603381 8.864758 10.226872 11.674325 13.186549 14.738002 16.298662 17.834839 19.310281 20.687527 21.929453 23.000914 23.870390 24.511526 24.904455 25.036829 24.904455 24.511526 23.870390 23.000914 21.929453 20.687527 19.310281 17.834839 16.298662 14.738002 13.186549 11.674325 10.226872 8.864758 7.603381 6.453055 5.419334 4.503516 3.703279 3.013378 2.426372 1.933310 1.524371 1.189403 0.918378 0.701734 0.530625 0.397074 0.294055 0.215509 0.156311 0.112203 0.079710 0.056044 0.038999 0.026859 0.018308 0.012352 0.008249 0.005453 0.003568 0.002313 0.001486 0.000949 0.000607 0.000396 0.000275 0.000220 0.000220 
0.000162 0.000162 0.000204 0.000296 0.000460 0.000727 0.001150 0.001808 0.002818 0.004350 0.006648 0.010056 0.015056 0.022313 0.032729 0.047514 0.068271 0.097087 0.136644 0.190335 0.262384 0.357969 0.483319 0.645801 0.853953 1.117468 1.447094 1.854445 2.351704 2.951195 3.664846 4.503516 5.476237 6.589363 7.845702 9.243660 10.776476 12.431605 14.190332 16.027664 17.912568 19.808575 21.674767 23.467113 25.140121 26.648710 27.950203 29.006330 29.785087 30.262357 30.423143 30.262357 29.785087 29.006330 27.950203 26.648710 25.140121 23.467113 21.674767 19.808575 17.912568 16.027664 14.190332 12.431605 10.776476 9.243660 7.845702 6.589363 5.476237 4.503516 3.664846 2.951195 2.351704 1.854445 1.447094 1.117468 0.853953 0.645801 0.483319 0.357969 0.262384 0.190335 0.136644 0.097087 0.068271 0.047514 0.032729 0.022313 0.015057 0.010056 0.006649 0.004352 0.002821 0.001813 0.001158 0.000741 0.000483 0.000336 0.000269 0.000269 
0.000195 0.000195 0.000246 0.000358 0.000555 0.000878 0.001388 0.002182 0.003401 0.005249 0.008020 0.012129 0.018158 0.026906 0.039460 0.057278 0.082288 0.117004 0.164654 0.229321 0.316090 0.431187 0.582109 0.777714 1.028273 1.345439 1.742136 2.232327 2.830651 3.551921 4.410467 5.419334 6.589363 7.928179 9.439139 11.120309 12.963545 14.953750 17.068413 19.277480 21.543642 23.823060 26.066549 28.221192 30.232317 32.045748 33.610204 34.879696 35.815772 36.389451 36.582715 36.389451 35.815772 34.879696 33.610204 32.045748 30.232317 28.221192 26.066549 23.823060 21.543642 19.277480 17.068413 14.953750 12.963545 11.120309 9.439139 7.928179 6.589363 5.419334 4.410467 3.551921 2.830651 2.232327 1.742136 1.345439 1.028273 0.777714 0.582109 0.431187 0.316090 0.229321 0.164654 0.117004 0.082288 0.057278 0.039460 0.026906 0.018159 0.012130 0.008021 0.005251 0.003404 0.002188 0.001398 0.000895 0.000584 0.000406 0.000325 0.000325 
0.000234 0.000234 0.000294 0.000428 0.000663 0.001048 0.001658 0.002606 0.004061 0.006266 0.009572 0.014475 0.021667 0.032100 0.047071 0.068317 0.098135 0.139518 0.196312 0.273380 0.376775 0.513911 0.693710 0.926719 1.225158 1.602895 2.075306 2.659000 3.371391 4.230094 5.252146 6.453055 7.845702 9.439139 11.237340 13.237987 15.431368 17.799510 20.315617 22.943927 25.640053 28.351844 31.020798 33.583978 35.976362 38.133525 39.994483 41.504552 42.618007 43.300389 43.530272 43.300389 42.618007 41.504552 39.994483 38.133525 35.976362 33.583978 31.020798 28.351844 25.640053 22.943927 20.315617 17.799510 15.431368 13.237987 11.237340 9.439139 7.845702 6.453055 5.252146 4.230094 3.371391 2.659000 2.075306 1.602895 1.225158 0.926719 0.693710 0.513911 0.376775 0.273380 0.196312 0.139518 0.098135 0.068317 0.047071 0.032100 0.021667 0.014476 0.009574 0.006268 0.004065 0.002613 0.001670 0.001069 0.000698 0.000485 0.000389 0.000389 
0.000276 0.000276 0.000348 0.000506 0.000784 0.001239 0.001959 0.003079 0.004797 0.007401 0.011304 0.017092 0.025579 0.037891 0.055556 0.080621 0.115795 0.164606 0.231585 0.322463 0.444373 0.606048 0.817999 1.092646 1.444381 1.889534 2.446206 3.133951 3.973265 4.984878 6.188836 7.603381 9.243660 11.120309 13.237987 15.593939 18.176714 20.965133 23.927636 27.022115 30.196309 33.388830 36.530818 39.548196 42.364441 44.903734 47.094313 48.871825 50.182466 50.985687 51.256278 50.985687 50.182466 48.871825 47.094313 44.903734 42.364441 39.548196 36.530818 33.388830 30.196309 27.022115 23.927636 20.965133 18.176714 15.593939 13.237987 11.120309 9.243660 7.603381 6.188836 4.984878 3.973265 3.133951 2.446206 1.889534 1.444381 1.092646 0.817999 0.606048 0.444373 0.322463 0.231585 0.164606 0.115795 0.080621 0.055556 0.037892 0.025580 0.017092 0.011306 0.007403 0.004801 0.003087 0.001973 0.001263 0.000825 0.000574 0.000460 0.000460 
0.000323 0.000323 0.000407 0.000592 0.000917 0.001449 0.002290 0.003599 0.005606 0.008648 0.013207 0.019966 0.029878 0.044253 0.064875 0.094133 0.135187 0.192150 0.270308 0.376342 0.518567 0.707165 0.954388 1.274709 1.684901 2.203990 2.853067 3.654908 4.633386 5.812645 7.216024 8.864758 10.776476 12.963545 15.431368 18.176714 21.186219 24.435189 27.886844 31.492117 35.190125 38.909359 42.569609 46.084599 49.365209 52.323140 54.874822 56.945318 58.471974 59.407573 59.722759 59.407573 58.471974 56.945318 54.874822 52.323140 49.365209 46.084599 42.569609 38.909359 35.190125 31.492117 27.886844 24.435189 21.186219 18.176714 15.431368 12.963545 10.776476 8.864758 7.216024 5.812645 4.633386 3.654908 2.853067 2.203990 1.684901 1.274709 0.954388 0.707165 0.518567 0.376342 0.270308 0.192150 0.135187 0.094134 0.064875 0.044253 0.029878 0.019967 0.013209 0.008651 0.005611 0.003608 0.002307 0.001477 0.000964 0.000671 0.000538 0.000538 
0.000374 0.000374 0.000471 0.000685 0.001061 0.001676 0.002649 0.004162 0.006481 0.009997 0.015266 0.023076 0.034527 0.051134 0.074954 0.108746 0.156154 0.221930 0.312169 0.434580 0.598757 0.816444 1.101771 1.471431 1.944763 2.543707 3.292575 4.217624 5.346370 6.706636 8.325316 10.226872 12.431605 14.953750 17.799510 20.965133 24.435189 28.181190 32.160719 36.317201 40.580447 44.868027 49.087489 53.139396 56.921036 60.330651 63.271936 65.658534 67.418248 68.496667 68.859965 68.496667 67.418248 65.658534 63.271936 60.330651 56.921036 53.139396 49.087489 44.868027 40.580447 36.317201 32.160719 28.181190 24.435189 20.965133 17.799510 14.953750 12.431605 10.226872 8.325316 6.706636 5.346370 4.217624 3.292575 2.543707 1.944763 1.471431 1.101771 0.816444 0.598757 0.434580 0.312169 0.221930 0.156155 0.108746 0.074954 0.051134 0.034528 0.023077 0.015268 0.010001 0.006488 0.004173 0.002668 0.001708 0.001116 0.000776 0.000622 0.000622 
0.000428 0.000428 0.000539 0.000784 0.001214 0.001917 0.003031 0.004761 0.007414 0.011434 0.017458 0.026387 0.039476 0.058457 0.085679 0.124294 0.178463 0.253610 0.356697 0.496524 0.684042 0.932654 1.258489 1.680594 2.221039 2.904852 3.759772 4.815749 6.104166 7.656754 9.504177 11.674325 14.190332 17.068413 20.315617 23.927636 27.886844 32.160719 36.700855 41.442705 46.306199 51.197308 56.010584 60.632615 64.946263 68.835480 72.190441 74.912669 76.919836 78.149897 78.564279 78.149897 76.919836 74.912669 72.190441 68.835480 64.946263 60.632615 56.010584 51.197308 46.306199 41.442705 36.700855 32.160719 27.886844 23.927636 20.315617 17.068413 14.190332 11.674325 9.504177 7.656754 6.104166 4.815749 3.759772 2.904852 2.221039 1.680594 1.258489 0.932654 0.684042 0.496524 0.356697 0.253610 0.178463 0.124294 0.085680 0.058457 0.039477 0.026388 0.017461 0.011438 0.007421 0.004774 0.003052 0.001954 0.001277 0.000888 0.000712 0.000712 
0.000485 0.000485 0.000610 0.000888 0.001375 0.002171 0.003431 0.005388 0.008390 0.012938 0.019753 0.029851 0.044655 0.066119 0.096899 0.140557 0.201796 0.286742 0.403262 0.561294 0.773210 1.054146 1.422317 1.899231 2.509805 3.282298 4.248023 5.440786 6.896010 8.649499 10.735858 13.186549 16.027664 19.277480 22.943927 27.022115 31.492117 36.317201 41.442705 46.795758 52.285970 57.807206 63.240450 68.457702 73.326766 77.716679 81.503504 84.576116 86.841611 88.229975 88.697686 88.229975 86.841611 84.576116 81.503504 77.716679 73.326766 68.457702 63.240450 57.807206 52.285970 46.795758 41.442705 36.317201 31.492117 27.022115 22.943927 19.277480 16.027664 13.186549 10.735858 8.649499 6.896010 5.440786 4.248023 3.282298 2.509805 1.899231 1.422317 1.054146 0.773210 0.561294 0.403262 0.286742 0.201796 0.140557 0.096900 0.066119 0.044656 0.029853 0.019755 0.012943 0.008398 0.005403 0.003455 0.002213 0.001446 0.001006 0.000807 0.000807 
0.000544 0.000544 0.000684 0.000994 0.001540 0.002431 0.003842 0.006033 0.009393 0.014484 0.022110 0.033411 0.049975 0.073989 0.108425 0.157261 0.225758 0.320766 0.451075 0.627796 0.864754 1.178867 1.590486 2.123645 2.806183 3.669668 4.749079 6.082177 7.708523 9.668103 11.999554 14.738002 17.912568 21.543642 25.640053 30.196309 35.190125 40.580447 46.306199 52.285970 58.418792 64.586116 70.655016 76.482540 81.921053 86.824304 91.053893 94.485727 97.016064 98.566725 99.089108 98.566725 97.016064 94.485727 91.053893 86.824304 81.921053 76.482540 70.655016 64.586116 58.418792 52.285970 46.306199 40.580447 35.190125 30.196309 25.640053 21.543642 17.912568 14.738002 11.999554 9.668103 7.708523 6.082177 4.749079 3.669668 2.806183 2.123645 1.590486 1.178867 0.864754 0.627796 0.451075 0.320766 0.225758 0.157261 0.108425 0.073990 0.049976 0.033413 0.022113 0.014489 0.009403 0.006049 0.003869 0.002478 0.001619 0.001127 0.000904 0.000904 
0.000603 0.000603 0.000758 0.001102 0.001706 0.002693 0.004256 0.006683 0.010404 0.016041 0.024485 0.036997 0.055334 0.081916 0.120031 0.174081 0.249885 0.355020 0.499209 0.694739 0.956900 1.304399 1.759737 2.349489 3.104429 4.059457 5.253235 6.727501 8.525976 10.692848 13.270808 16.298662 19.808575 23.823060 28.351844 33.388830 38.909359 44.868027 51.197308 57.807206 64.586116 71.403011 78.110980 84.552040 90.563039 95.982359 100.657061 104.450020 107.246601 108.960416 109.537761 108.960416 107.246601 104.450020 100.657061 95.982359 90.563039 84.552040 78.110980 71.403011 64.586116 57.807206 51.197308 44.868027 38.909359 33.388830 28.351844 23.823060 19.808575 16.298662 13.270808 10.692848 8.525976 6.727501 5.253235 4.059457 3.104429 2.349489 1.759737 1.304399 0.956900 0.694739 0.499209 0.355020 0.249885 0.174081 0.120031 0.081917 0.055335 0.036998 0.024488 0.016047 0.010414 0.006701 0.004286 0.002746 0.001794 0.001249 0.001002 0.001002 
0.000661 0.000661 0.000831 0.001208 0.001870 0.002952 0.004664 0.007324 0.011401 0.017576 0.026826 0.040530 0.060614 0.089727 0.131466 0.190652 0.273654 0.388763 0.546621 0.760674 1.047652 1.428024 1.926408 2.571876 3.398095 4.443238 5.749595 7.362815 9.330710 11.701602 14.522170 17.834839 21.674767 26.066549 31.020798 36.530818 42.569609 49.087489 56.010584 63.240450 70.655016 78.110980 85.447674 92.492330 99.066531 104.993544 110.106131 114.254347 117.312844 119.187160 119.818573 119.187160 117.312844 114.254347 110.106131 104.993544 99.066531 92.492330 85.447674 78.110980 70.655016 63.240450 56.010584 49.087489 42.569609 36.530818 31.020798 26.066549 21.674767 17.834839 14.522170 11.701602 9.330710 7.362815 5.749595 4.443238 3.398095 2.571876 1.926408 1.428024 1.047652 0.760674 0.546621 0.388763 0.273654 0.190653 0.131466 0.089727 0.060615 0.040532 0.026829 0.017582 0.011412 0.007344 0.004698 0.003009 0.001967 0.001369 0.001098 0.001098 
