0.000000 0.000000 0.000000 0.000000 0.000000 0.000000 0.000001 0.000001 0.000001 0.000002 0.000003 0.000004 0.000006 0.000008 0.000011 0.000015 0.000021 0.000029 0.000039 0.000052 0.000069 0.000091 0.000119 0.000153 0.000196 0.000248 0.000311 0.000387 0.000477 0.000582 0.000704 0.000844 0.001002 0.001179 0.001374 0.001587 0.001815 0.002058 0.002312 0.002572 0.002836 0.003098 0.003352 0.003594 0.003818 0.004019 0.004190 0.004329 0.004431 0.004493 0.004514 0.004493 0.004431 0.004329 0.004190 0.004019 0.003818 0.003594 0.003352 0.003098 0.002836 0.002572 0.002312 0.002058 0.001815 0.001587 0.001374 0.001179 0.001002 0.000844 0.000704 0.000582 0.000477 0.000387 0.000311 0.000248 0.000196 0.000153 0.000119 0.000091 0.000069 0.000052 0.000039 0.000029 0.000021 0.000015 0.000011 0.000008 0.000006 0.000004 0.000003 0.000002 0.000001 0.000001 0.000001 0.000000 0.000000 0.000000 0.000000 0.000000 
0.000000 0.000000 0.000000 0.000000 0.000000 0.000000 0.000001 0.000001 0.000001 0.000002 0.000003 0.000004 0.000006 0.000008 0.000011 0.000015 0.000021 0.000029 0.000039 0.000052 0.000069 0.000091 0.000119 0.000153 0.000196 0.000248 0.000311 0.000387 0.000477 0.000582 0.000704 0.000844 0.001002 0.001179 0.001374 0.001587 0.001815 0.002058 0.002312 0.002572 0.002836 0.003098 0.003352 0.003594 0.003818 0.004019 0.004190 0.004329 0.004431 0.004493 0.004514 0.004493 0.004431 0.004329 0.004190 0.004019 0.003818 0.003594 0.003352 0.003098 0.002836 0.002572 0.002312 0.002058 0.001815 0.001587 0.001374 0.001179 0.001002 0.000844 0.000704 0.000582 0.000477 0.000387 0.000311 0.000248 0.000196 0.000153 0.000119 0.000091 0.000069 0.000052 0.000039 0.000029 0.000021 0.000015 0.000011 0.000008 0.000006 0.000004 0.000003 0.000002 0.000001 0.000001 0.000001 0.000000 0.000000 0.000000 0.000000 0.000000 
0.000000 0.000000 0.000000 0.000000 0.000000 0.000000 0.000001 0.000001 0.000002 0.000002 0.000003 0.000005 0.000007 0.000010 0.000013 0.000018 0.000025 0.000035 0.000047 0.000063 0.000083 0.000109 0.000142 0.000183 0.000234 0.000296 0.000372 0.000462 0.000569 0.000694 0.000840 0.001006 0.001195 0.001405 0.001638 0.001891 0.002164 0.002453 0.002754 0.003065 0.003379 0.003691 0.003994 0.004282 0.004549 0.004787 0.004992 0.005157 0.005278 0.005352 0.005377 0.005352 0.005278 0.005157 0.004992 0.004787 0.004549 0.004282 0.003994 0.003691 0.003379 0.003065 0.002754 0.002453 0.002164 0.001891 0.001638 0.001405 0.001195 0.001006 0.000840 0.000694 0.000569 0.000462 0.000372 0.000296 0.000234 0.000183 0.000142 0.000109 0.000083 0.000063 0.000047 0.000035 0.000025 0.000018 0.000013 0.000010 0.000007 0.000005 0.000003 0.000002 0.000002 0.000001 0.000001 0.000000 0.000000 0.000000 0.000000 0.000000 
0.000000 0.000000 0.000000 0.000000 0.000000 0.000001 0.000001 0.000001 0.000002 0.000003 0.000004 0.000006 0.000009 0.000013 0.000018 0.000025 0.000034 0.000047 0.000063 0.000085 0.000112 0.000147 0.000191 0.000247 0.000315 0.000399 0.000501 0.000623 0.000767 0.000936 0.001132 0.001356 0.001610 0.001893 0.002206 0.002547 0.002914 0.003303 0.003709 0.004126 0.004549 0.004968 0.005376 0.005763 0.006122 0.006442 0.006717 0.006939 0.007102 0.007202 0.007235 0.007202 0.007102 0.006939 0.006717 0.006442 0.006122 0.005763 0.005376 0.004968 0.004549 0.004126 0.003709 0.003303 0.002914 0.002547 0.002206 0.001893 0.001610 0.001356 0.001132 0.000936 0.000767 0.000623 0.000501 0.000399 0.000315 0.000247 0.000191 0.000147 0.000112 0.000085 0.000063 0.000047 0.000034 0.000025 0.000018 0.000013 0.000009 0.000006 0.000004 0.000003 0.000002 0.000001 0.000001 0.000001 0.000000 0.000000 0.000000 0.000000 
0.000000 0.000000 0.000000 0.000000 0.000001 0.000001 0.000001 0.000002 0.000003 0.000004 0.000006 0.000009 0.000013 0.000019 0.000026 0.000036 0.000049 0.000067 0.000091 0.000122 0.000161 0.000212 0.000275 0.000355 0.000453 0.000574 0.000720 0.000895 0.001102 0.001344 0.001625 0.001946 0.002310 0.002716 0.003165 0.003654 0.004179 0.004736 0.005318 0.005916 0.006521 0.007122 0.007706 0.008261 0.008775 0.009234 0.009627 0.009945 0.010178 0.010321 0.010369 0.010321 0.010178 0.009945 0.009627 0.009234 0.008775 0.008261 0.007706 0.007122 0.006521 0.005916 0.005318 0.004736 0.004179 0.003654 0.003165 0.002716 0.002310 0.001946 0.001625 0.001344 0.001102 0.000895 0.000720 0.000574 0.000453 0.000355 0.000275 0.000212 0.000161 0.000122 0.000091 0.000067 0.000049 0.000036 0.000026 0.000019 0.000013 0.000009 0.000006 0.000004 0.000003 0.000002 0.000001 0.000001 0.000001 0.000000 0.000000 0.000000 
0.000000 0.000000 0.000000 0.000001 0.000001 0.000001 0.000002 0.000003 0.000004 0.000007 0.000009 0.000014 0.000019 0.000027 0.000038 0.000053 0.000073 0.000099 0.000134 0.000179 0.000238 0.000312 0.000406 0.000523 0.000668 0.000845 0.001060 0.001317 0.001622 0.001978 0.002391 0.002864 0.003399 0.003996 0.004655 0.005374 0.006146 0.006964 0.007819 0.008698 0.009586 0.010468 0.011326 0.012141 0.012895 0.013570 0.014147 0.014614 0.014957 0.015166 0.015236 0.015166 0.014957 0.014614 0.014147 0.013570 0.012895 0.012141 0.011326 0.010468 0.009586 0.008698 0.007819 0.006964 0.006146 0.005374 0.004655 0.003996 0.003399 0.002864 0.002391 0.001978 0.001622 0.001317 0.001060 0.000845 0.000668 0.000523 0.000406 0.000312 0.000238 0.000179 0.000134 0.000099 0.000073 0.000053 0.000038 0.000027 0.000019 0.000014 0.000009 0.000007 0.000004 0.000003 0.000002 0.000001 0.000001 0.000001 0.000001 0.000001 
0.000001 0.000001 0.000001 0.000001 0.000001 0.000002 0.000003 0.000005 0.000007 0.000010 0.000014 0.000020 0.000029 0.000041 0.000057 0.000079 0.000108 0.000148 0.000199 0.000266 0.000352 0.000462 0.000601 0.000775 0.000990 0.001252 0.001570 0.001951 0.002401 0.002929 0.003540 0.004239 0.005030 0.005913 0.006888 0.007949 0.009091 0.010300 0.011563 0.012862 0.014175 0.015478 0.016745 0.017950 0.019063 0.020059 0.020913 0.021602 0.022108 0.022417 0.022521 0.022417 0.022108 0.021602 0.020913 0.020059 0.019063 0.017950 0.016745 0.015478 0.014175 0.012862 0.011563 0.010300 0.009091 0.007949 0.006888 0.005913 0.005030 0.004239 0.003540 0.002929 0.002401 0.001951 0.001570 0.001252 0.000990 0.000775 0.000601 0.000462 0.000352 0.000266 0.000199 0.000148 0.000108 0.000079 0.000057 0.000041 0.000029 0.000020 0.000014 0.000010 0.000007 0.000005 0.000003 0.000002 0.000001 0.000001 0.000001 0.000001 
0.000001 0.000001 0.000001 0.000001 0.000002 0.000003 0.000005 0.000007 0.000010 0.000014 0.000021 0.000030 0.000043 0.000060 0.000084 0.000117 0.000160 0.000218 0.000294 0.000393 0.000521 0.000684 0.000889 0.001145 0.001462 0.001850 0.002319 0.002881 0.003546 0.004324 0.005226 0.006257 0.007423 0.008726 0.010163 0.011728 0.013411 0.015194 0.017055 0.018969 0.020904 0.022824 0.024692 0.026466 0.028107 0.029574 0.030832 0.031847 0.032593 0.033048 0.033201 0.033048 0.032593 0.031847 0.030832 0.029574 0.028107 0.026466 0.024692 0.022824 0.020904 0.018969 0.017055 0.015194 0.013411 0.011728 0.010163 0.008726 0.007423 0.006257 0.005226 0.004324 0.003546 0.002881 0.002319 0.001850 0.001462 0.001145 0.000889 0.000684 0.000521 0.000393 0.000294 0.000218 0.000160 0.000117 0.000084 0.000060 0.000043 0.000030 0.000021 0.000014 0.000010 0.000007 0.000005 0.000003 0.000002 0.000002 0.000001 0.000001 
0.000001 0.000001 0.000002 0.000002 0.000003 0.000004 0.000007 0.000010 0.000015 0.000021 0.000031 0.000044 0.000063 0.000089 0.000124 0.000172 0.000236 0.000321 0.000433 0.000578 0.000766 0.001004 0.001306 0.001682 0.002147 0.002716 0.003404 0.004228 0.005203 0.006344 0.007665 0.009177 0.010886 0.012795 0.014901 0.017194 0.019659 0.022271 0.024998 0.027801 0.030634 0.033446 0.036181 0.038779 0.041181 0.043330 0.045171 0.046657 0.047749 0.048416 0.048640 0.048416 0.047749 0.046657 0.045171 0.043330 0.041181 0.038779 0.036181 0.033446 0.030634 0.027801 0.024998 0.022271 0.019659 0.017194 0.014901 0.012795 0.010886 0.009177 0.007665 0.006344 0.005203 0.004228 0.003404 0.002716 0.002147 0.001682 0.001306 0.001004 0.000766 0.000578 0.000433 0.000321 0.000236 0.000172 0.000124 0.000089 0.000063 0.000044 0.000031 0.000021 0.000015 0.000010 0.000007 0.000005 0.000003 0.000002 0.000002 0.000002 
0.000002 0.000002 0.000002 0.000003 0.000004 0.000007 0.000010 0.000014 0.000021 0.000031 0.000045 0.000065 0.000092 0.000129 0.000181 0.000251 0.000344 0.000468 0.000631 0.000843 0.001116 0.001464 0.001903 0.002451 0.003128 0.003956 0.004957 0.006156 0.007575 0.009235 0.011157 0.013355 0.015840 0.018616 0.021678 0.025012 0.028594 0.032390 0.036353 0.040427 0.044545 0.048631 0.052604 0.056378 0.059868 0.062990 0.065665 0.067823 0.069409 0.070378 0.070704 0.070378 0.069409 0.067823 0.065665 0.062990 0.059868 0.056378 0.052604 0.048631 0.044545 0.040427 0.036353 0.032390 0.028594 0.025012 0.021678 0.018616 0.015840 0.013355 0.011157 0.009235 0.007575 0.006156 0.004957 0.003956 0.003128 0.002451 0.001903 0.001464 0.001116 0.000843 0.000631 0.000468 0.000344 0.000251 0.000181 0.000129 0.000092 0.000065 0.000045 0.000031 0.000021 0.000014 0.000010 0.000007 0.000005 0.000004 0.000003 0.000003 
0.000003 0.000003 0.000003 0.000004 0.000006 0.000009 0.000014 0.000021 0.000031 0.000045 0.000065 0.000093 0.000133 0.000187 0.000262 0.000363 0.000498 0.000677 0.000913 0.001219 0.001613 0.002115 0.002749 0.003540 0.004518 0.005713 0.007158 0.008888 0.010934 0.013329 0.016101 0.019271 0.022854 0.026856 0.031270 0.036077 0.041240 0.046711 0.052423 0.058293 0.064226 0.070113 0.075837 0.081275 0.086303 0.090800 0.094653 0.097763 0.100047 0.101443 0.101912 0.101443 0.100047 0.097763 0.094653 0.090800 0.086303 0.081275 0.075837 0.070113 0.064226 0.058293 0.052423 0.046711 0.041240 0.036077 0.031270 0.026856 0.022854 0.019271 0.016101 0.013329 0.010934 0.008888 0.007158 0.005713 0.004518 0.003540 0.002749 0.002115 0.001613 0.001219 0.000913 0.000677 0.000498 0.000363 0.000262 0.000187 0.000133 0.000093 0.000065 0.000045 0.000031 0.000021 0.000014 0.000010 0.000007 0.000005 0.000004 0.000004 
0.000004 0.000004 0.000005 0.000006 0.000009 0.000014 0.000020 0.000030 0.000044 0.000065 0.000093 0.000134 0.000191 0.000269 0.000376 0.000520 0.000714 0.000971 0.001308 0.001746 0.002311 0.003030 0.003937 0.005070 0.006469 0.008178 0.010246 0.012719 0.015646 0.019071 0.023034 0.027566 0.032688 0.038408 0.044716 0.051585 0.058963 0.066779 0.074939 0.083325 0.091800 0.100209 0.108385 0.116152 0.123332 0.129754 0.135257 0.139698 0.142959 0.144952 0.145623 0.144952 0.142959 0.139698 0.135257 0.129754 0.123332 0.116152 0.108385 0.100209 0.091800 0.083325 0.074939 0.066779 0.058963 0.051585 0.044716 0.038408 0.032688 0.027566 0.023034 0.019071 0.015646 0.012719 0.010246 0.008178 0.006469 0.005070 0.003937 0.003030 0.002311 0.001746 0.001308 0.000971 0.000714 0.000520 0.000376 0.000269 0.000191 0.000134 0.000093 0.000065 0.000044 0.000030 0.000020 0.000014 0.000010 0.000007 0.000006 0.000006 
0.000006 0.000006 0.000007 0.000009 0.000013 0.000019 0.000029 0.000043 0.000063 0.000092 0.000133 0.000191 0.000271 0.000382 0.000534 0.000739 0.001014 0.001379 0.001858 0.002480 0.003282 0.004302 0.005589 0.007196 0.009180 0.011604 0.014536 0.018043 0.022191 0.027046 0.032661 0.039083 0.046341 0.054445 0.063381 0.073110 0.083560 0.094630 0.106185 0.118059 0.130059 0.141965 0.153540 0.164535 0.174700 0.183791 0.191580 0.197867 0.202483 0.205304 0.206253 0.205304 0.202483 0.197867 0.191580 0.183791 0.174700 0.164535 0.153540 0.141965 0.130059 0.118059 0.106185 0.094630 0.083560 0.073110 0.063381 0.054445 0.046341 0.039083 0.032661 0.027046 0.022191 0.018043 0.014536 0.011604 0.009180 0.007196 0.005589 0.004302 0.003282 0.002480 0.001858 0.001379 0.001014 0.000739 0.000534 0.000382 0.000271 0.000191 0.000133 0.000092 0.000063 0.000043 0.000029 0.000020 0.000014 0.000010 0.000009 0.000009 
0.000008 0.000008 0.000010 0.000013 0.000019 0.000027 0.000041 0.000060 0.000089 0.000129 0.000187 0.000269 0.000382 0.000539 0.000753 0.001042 0.001429 0.001942 0.002616 0.003491 0.004618 0.006054 0.007864 0.010122 0.012911 0.016319 0.020439 0.025367 0.031196 0.038015 0.045903 0.054922 0.065115 0.076494 0.089041 0.102699 0.117369 0.132908 0.149126 0.165792 0.182633 0.199341 0.215584 0.231012 0.245276 0.258031 0.268960 0.277779 0.284256 0.288214 0.289546 0.288214 0.284256 0.277779 0.268960 0.258031 0.245276 0.231012 0.215584 0.199341 0.182633 0.165792 0.149126 0.132908 0.117369 0.102699 0.089041 0.076494 0.065115 0.054922 0.045903 0.038015 0.031196 0.025367 0.020439 0.016319 0.012911 0.010122 0.007864 0.006054 0.004618 0.003491 0.002616 0.001942 0.001429 0.001042 0.000753 0.000539 0.000382 0.000269 0.000187 0.000130 0.000089 0.000061 0.000041 0.000028 0.000020 0.000015 0.000012 0.000012 
0.000011 0.000011 0.000013 0.000018 0.000026 0.000038 0.000057 0.000084 0.000124 0.000181 0.000262 0.000376 0.000534 0.000753 0.001051 0.001454 0.001994 0.002710 0.003650 0.004871 0.006442 0.008443 0.010965 0.014112 0.017998 0.022745 0.028484 0.035346 0.043463 0.052958 0.063939 0.076494 0.090681 0.106517 0.123978 0.142983 0.163394 0.185012 0.207575 0.230759 0.254184 0.277423 0.300014 0.321472 0.341308 0.359047 0.374245 0.386510 0.395516 0.401020 0.402872 0.401020 0.395516 0.386510 0.374245 0.359047 0.341308 0.321472 0.300014 0.277423 0.254184 0.230759 0.207575 0.185012 0.163394 0.142983 0.123978 0.106517 0.090681 0.076494 0.063939 0.052958 0.043463 0.035346 0.028484 0.022745 0.017998 0.014112 0.010965 0.008443 0.006442 0.004871 0.003650 0.002710 0.001994 0.001454 0.001051 0.000753 0.000534 0.000376 0.000262 0.000181 0.000124 0.000085 0.000058 0.000039 0.000028 0.000021 0.000017 0.000017 
0.000015 0.000015 0.000018 0.000025 0.000036 0.000053 0.000079 0.000117 0.000172 0.000251 0.000363 0.000520 0.000739 0.001042 0.001454 0.002012 0.002758 0.003748 0.005047 0.006734 0.008905 0.011669 0.015153 0.019499 0.024864 0.031418 0.039340 0.048812 0.060014 0.073116 0.088268 0.105590 0.125160 0.147004 0.171086 0.197296 0.225444 0.255254 0.286363 0.318327 0.350622 0.382659 0.413801 0.443379 0.470721 0.495171 0.516119 0.533023 0.545436 0.553022 0.555574 0.553022 0.545436 0.533023 0.516119 0.495171 0.470721 0.443379 0.413801 0.382659 0.350622 0.318327 0.286363 0.255254 0.225444 0.197296 0.171086 0.147004 0.125160 0.105590 0.088268 0.073116 0.060014 0.048812 0.039340 0.031418 0.024864 0.019499 0.015153 0.011669 0.008905 0.006734 0.005047 0.003748 0.002758 0.002012 0.001454 0.001042 0.000739 0.000520 0.000363 0.000251 0.000172 0.000117 0.000080 0.000055 0.000038 0.000029 0.000024 0.000024 
0.000021 0.000021 0.000025 0.000034 0.000049 0.000073 0.000108 0.000160 0.000236 0.000344 0.000498 0.000714 0.001014 0.001429 0.001994 0.002758 0.003781 0.005137 0.006916 0.009227 0.012199 0.015984 0.020753 0.026701 0.034043 0.043011 0.053849 0.066806 0.082129 0.100047 0.120767 0.144452 0.171208 0.201071 0.233991 0.269816 0.308286 0.349026 0.391539 0.435216 0.479343 0.523116 0.565664 0.606074 0.643427 0.676829 0.705445 0.728536 0.745492 0.755855 0.759341 0.755855 0.745492 0.728536 0.705445 0.676829 0.643427 0.606074 0.565664 0.523116 0.479343 0.435216 0.391539 0.349026 0.308286 0.269816 0.233991 0.201071 0.171208 0.144452 0.120767 0.100047 0.082129 0.066806 0.053849 0.043011 0.034043 0.026701 0.020753 0.015984 0.012199 0.009227 0.006916 0.005137 0.003781 0.002758 0.001994 0.001429 0.001014 0.000714 0.000498 0.000344 0.000236 0.000161 0.000110 0.000075 0.000053 0.000039 0.000033 0.000033 
0.000029 0.000029 0.000035 0.000047 0.000067 0.000099 0.000148 0.000218 0.000321 0.000468 0.000677 0.000971 0.001379 0.001942 0.002710 0.003748 0.005137 0.006977 0.009392 0.012529 0.016562 0.021697 0.028167 0.036235 0.046193 0.058355 0.073050 0.090616 0.111387 0.135674 0.163756 0.195852 0.232107 0.272569 0.317168 0.365699 0.417810 0.472990 0.530570 0.589723 0.649481 0.708756 0.766370 0.821087 0.871664 0.916888 0.955632 0.986895 1.009852 1.023881 1.028601 1.023881 1.009852 0.986895 0.955632 0.916888 0.871664 0.821087 0.766370 0.708756 0.649481 0.589723 0.530570 0.472990 0.417810 0.365699 0.317168 0.272569 0.232107 0.195852 0.163756 0.135674 0.111387 0.090616 0.073050 0.058355 0.046193 0.036235 0.028167 0.021697 0.016562 0.012529 0.009392 0.006977 0.005137 0.003748 0.002710 0.001942 0.001379 0.000971 0.000677 0.000469 0.000322 0.000219 0.000149 0.000102 0.000072 0.000054 0.000045 0.000045 
0.000039 0.000039 0.000047 0.000063 0.000091 0.000134 0.000199 0.000294 0.000433 0.000631 0.000913 0.001308 0.001858 0.002616 0.003650 0.005047 0.006916 0.009392 0.012641 0.016860 0.022284 0.029188 0.037887 0.048733 0.062118 0.078462 0.098209 0.121811 0.149716 0.182342 0.220061 0.263168 0.311856 0.366188 0.426071 0.491228 0.561187 0.635262 0.712552 0.791949 0.872155 0.951708 1.029028 1.102459 1.170329 1.231016 1.283005 1.324956 1.355760 1.374585 1.380918 1.374585 1.355760 1.324956 1.283005 1.231016 1.170329 1.102459 1.029028 0.951708 0.872155 0.791949 0.712552 0.635262 0.561187 0.491228 0.426071 0.366188 0.311856 0.263168 0.220061 0.182342 0.149716 0.121811 0.098209 0.078462 0.062118 0.048733 0.037887 0.029188 0.022284 0.016860 0.012641 0.009392 0.006916 0.005047 0.003650 0.002616 0.001858 0.001308 0.000913 0.000632 0.000434 0.000296 0.000201 0.000138 0.000097 0.000072 0.000061 0.000061 
0.000052 0.000052 0.000063 0.000085 0.000122 0.000179 0.000266 0.000393 0.000578 0.000843 0.001219 0.001746 0.002480 0.003491 0.004871 0.006734 0.009227 0.012529 0.016860 0.022483 0.029713 0.038914 0.050504 0.064953 0.082782 0.104551 0.130849 0.162278 0.199431 0.242867 0.293077 0.350454 0.415255 0.487562 0.567248 0.653947 0.747029 0.845580 0.948402 1.054022 1.160711 1.266529 1.369370 1.467035 1.557302 1.638012 1.707153 1.762944 1.803908 1.828943 1.837365 1.828943 1.803908 1.762944 1.707153 1.638012 1.557302 1.467035 1.369370 1.266529 1.160711 1.054022 0.948402 0.845580 0.747029 0.653947 0.567248 0.487562 0.415255 0.350454 0.293077 0.242867 0.199431 0.162278 0.130849 0.104551 0.082782 0.064953 0.050504 0.038914 0.029713 0.022483 0.016860 0.012529 0.009227 0.006734 0.004871 0.003492 0.002481 0.001747 0.001219 0.000844 0.000579 0.000395 0.000269 0.000184 0.000129 0.000097 0.000082 0.000082 
0.000069 0.000069 0.000083 0.000112 0.000161 0.000238 0.000352 0.000521 0.000766 0.001116 0.001613 0.002311 0.003282 0.004618 0.006442 0.008905 0.012199 0.016562 0.022284 0.029713 0.039262 0.051413 0.066716 0.085794 0.109331 0.138064 0.172772 0.214248 0.263273 0.320581 0.386822 0.462511 0.547985 0.643351 0.748443 0.862776 0.985515 1.115459 1.251027 1.390275 1.530927 1.670423 1.805990 1.934728 2.053711 2.160093 2.251225 2.324759 2.378751 2.411747 2.422847 2.411747 2.378751 2.324759 2.251225 2.160093 2.053711 1.934728 1.805990 1.670423 1.530927 1.390275 1.251027 1.115459 0.985515 0.862776 0.748443 0.643351 0.547985 0.462511 0.386822 0.320581 0.263273 0.214248 0.172772 0.138064 0.109331 0.085794 0.066716 0.051413 0.039262 0.029713 0.022284 0.016562 0.012199 0.008905 0.006442 0.004619 0.003282 0.002311 0.001614 0.001117 0.000767 0.000524 0.000357 0.000244 0.000172 0.000128 0.000108 0.000108 
0.000091 0.000091 0.000109 0.000147 0.000212 0.000312 0.000462 0.000684 0.001004 0.001464 0.002115 0.003030 0.004302 0.006054 0.008443 0.011669 0.015984 0.021697 0.029188 0.038914 0.051413 0.067315 0.087341 0.112302 0.143094 0.180681 0.226078 0.280321 0.344431 0.419366 0.505972 0.604923 0.716656 0.841311 0.978668 1.128092 1.288493 1.458298 1.635442 1.817386 2.001154 2.183404 2.360514 2.528697 2.684130 2.823100 2.942144 3.038198 3.108725 3.151826 3.166325 3.151826 3.108725 3.038198 2.942144 2.823100 2.684130 2.528697 2.360514 2.183404 2.001154 1.817386 1.635442 1.458298 1.288493 1.128092 0.978668 0.841311 0.716656 0.604923 0.505972 0.419366 0.344431 0.280321 0.226078 0.180681 0.143094 0.112302 0.087341 0.067315 0.051413 0.038914 0.029188 0.021697 0.015984 0.011669 0.008443 0.006054 0.004303 0.003031 0.002116 0.001465 0.001006 0.000687 0.000468 0.000321 0.000225 0.000169 0.000142 0.000142 
0.000119 0.000119 0.000142 0.000191 0.000275 0.000406 0.000601 0.000889 0.001306 0.001903 0.002749 0.003937 0.005589 0.007864 0.010965 0.015153 0.020753 0.028167 0.037887 0.050504 0.066716 0.087341 0.113311 0.145678 0.185599 0.234326 0.293171 0.363475 0.446558 0.543662 0.655880 0.784082 0.928833 1.090313 1.268233 1.461771 1.669513 1.889422 2.118822 2.354425 2.592381 2.828360 3.057674 3.275423 3.476659 3.656575 3.810691 3.935043 4.026345 4.082141 4.100911 4.082141 4.026345 3.935043 3.810691 3.656575 3.476659 3.275423 3.057674 2.828360 2.592381 2.354425 2.118822 1.889422 1.669513 1.461771 1.268233 1.090313 0.928833 0.784082 0.655880 0.543662 0.446558 0.363475 0.293171 0.234326 0.185599 0.145678 0.113311 0.087341 0.066716 0.050504 0.037887 0.028167 0.020753 0.015153 0.010965 0.007864 0.005590 0.003938 0.002750 0.001904 0.001308 0.000893 0.000609 0.000417 0.000293 0.000219 0.000185 0.000185 
0.000153 0.000153 0.000183 0.000247 0.000355 0.000523 0.000775 0.001145 0.001682 0.002451 0.003540 0.005070 0.007196 0.010122 0.014112 0.019499 0.026701 0.036235 0.048733 0.064953 0.085794 0.112302 0.145678 0.187268 0.238562 0.301161 0.376752 0.467054 0.573760 0.698461 0.842560 1.007170 1.193016 1.400323 1.628720 1.877149 2.143795 2.426039 2.720451 3.022809 3.328171 3.630984 3.925234 4.204634 4.462839 4.693682 4.891419 5.050963 5.168104 5.239690 5.263772 5.239690 5.168104 5.050963 4.891419 4.693682 4.462839 4.204634 3.925234 3.630984 3.328171 3.022809 2.720451 2.426039 2.143795 1.877149 1.628720 1.400323 1.193016 1.007170 0.842560 0.698461 0.573760 0.467054 0.376752 0.301161 0.238562 0.187268 0.145678 0.112302 0.085794 0.064953 0.048733 0.036235 0.026701 0.019499 0.014112 0.010123 0.007196 0.005071 0.003542 0.002453 0.001686 0.001151 0.000784 0.000538 0.000378 0.000283 0.000239 0.000239 
0.000196 0.000196 0.000234 0.000315 0.000453 0.000668 0.000990 0.001462 0.002147 0.003128 0.004518 0.006469 0.009180 0.012911 0.017998 0.024864 0.034043 0.046193 0.062118 0.082782 0.109331 0.143094 0.185599 0.238562 0.303873 0.383571 0.479800 0.594744 0.730558 0.889262 1.072637 1.282098 1.518562 1.782313 2.072877 2.388906 2.728088 3.087092 3.461553 3.846102 4.234455 4.619551 4.993743 5.349040 5.677374 5.970908 6.222341 6.425206 6.574152 6.665173 6.695794 6.665173 6.574152 6.425206 6.222341 5.970908 5.677374 5.349040 4.993743 4.619551 4.234455 3.846102 3.461553 3.087092 2.728088 2.388906 2.072877 1.782313 1.518562 1.282098 1.072637 0.889262 0.730558 0.594744 0.479800 0.383571 0.303873 0.238562 0.185599 0.143094 0.109331 0.082782 0.062118 0.046193 0.034043 0.024864 0.017998 0.012912 0.009180 0.006470 0.004520 0.003131 0.002152 0.001470 0.001002 0.000687 0.000483 0.000361 0.000305 0.000305 
0.000248 0.000248 0.000296 0.000399 0.000574 0.000845 0.001252 0.001850 0.002716 0.003956 0.005713 0.008178 0.011604 0.016319 0.022745 0.031418 0.043011 0.058355 0.078462 0.104551 0.138064 0.180681 0.234326 0.301161 0.383571 0.484125 0.605523 0.750520 0.921826 1.121988 1.353247 1.617383 1.915549 2.248099 2.614433 3.012848 3.440426 3.892969 4.364971 4.849668 5.339138 5.824484 6.296073 6.743833 7.157603 7.527510 7.844354 8.099992 8.287682 8.402380 8.440964 8.402380 8.287682 8.099992 7.844354 7.527510 7.157603 6.743833 6.296073 5.824484 5.339138 4.849668 4.364971 3.892969 3.440426 3.012848 2.614433 2.248099 1.915549 1.617383 1.353247 1.121988 0.921826 0.750520 0.605523 0.484125 0.383571 0.301161 0.234326 0.180681 0.138064 0.104551 0.078462 0.058355 0.043011 0.031419 0.022745 0.016319 0.011605 0.008180 0.005715 0.003959 0.002722 0.001860 0.001267 0.000869 0.000611 0.000458 0.000386 0.000386 
0.000311 0.000311 0.000372 0.000501 0.000720 0.001060 0.001570 0.002319 0.003404 0.004957 0.007158 0.010246 0.014536 0.020439 0.028484 0.039340 0.053849 0.073050 0.098209 0.130849 0.172772 0.226078 0.293171 0.376752 0.479800 0.605523 0.757294 0.938552 1.152681 1.402858 1.691881 2.021969 2.394557 2.810085 3.267796 3.765561 4.299733 4.865064 5.454675 6.060117 6.671497 7.277704 7.866707 8.425933 8.942693 9.404662 9.800355 10.119606 10.353998 10.497234 10.545419 10.497234 10.353998 10.119606 9.800355 9.404662 8.942693 8.425933 7.866707 7.277704 6.671497 6.060117 5.454675 4.865064 4.299733 3.765561 3.267796 2.810085 2.394557 2.021969 1.691881 1.402858 1.152681 0.938552 0.757294 0.605523 0.479800 0.376752 0.293171 0.226078 0.172772 0.130849 0.098209 0.073050 0.053849 0.039340 0.028484 0.020440 0.014537 0.010247 0.007161 0.004962 0.003411 0.002331 0.001589 0.001090 0.000767 0.000574 0.000485 0.000485 
0.000387 0.000387 0.000462 0.000623 0.000895 0.001317 0.001951 0.002881 0.004228 0.006156 0.008888 0.012719 0.018043 0.025367 0.035346 0.048812 0.066806 0.090616 0.121811 0.162278 0.214248 0.280321 0.363475 0.467054 0.594744 0.750520 0.938552 1.163097 1.428342 1.738217 2.096179 2.504973 2.966369 3.480908 4.047648 4.663947 5.325288 6.025169 6.755078 7.504552 8.261347 9.011712 9.740759 10.432928 11.072521 11.644287 12.134017 12.529131 12.819219 12.996490 13.056124 12.996490 12.819219 12.529131 12.134017 11.644287 11.072521 10.432928 9.740759 9.011712 8.261347 7.504552 6.755078 6.025169 5.325288 4.663947 4.047648 3.480908 2.966369 2.504973 2.096179 1.738217 1.428342 1.163097 0.938552 0.750520 0.594744 0.467054 0.363475 0.280321 0.214248 0.162278 0.121811 0.090616 0.066806 0.048812 0.035346 0.025367 0.018044 0.012721 0.008891 0.006161 0.004237 0.002896 0.001974 0.001354 0.000953 0.000714 0.000602 0.000602 
0.000477 0.000477 0.000569 0.000767 0.001102 0.001622 0.002401 0.003546 0.005203 0.007575 0.010934 0.015646 0.022191 0.031196 0.043463 0.060014 0.082129 0.111387 0.149716 0.199431 0.263273 0.344431 0.446558 0.573760 0.730558 0.921826 1.152681 1.428342 1.753942 2.134299 2.573651 3.075357 3.641585 4.272991 4.968414 5.724608 6.536028 7.394693 8.290158 9.209588 10.137965 11.058423 11.952703 12.801724 13.586237 14.287540 14.888210 15.372825 15.728619 15.946041 16.019182 15.946041 15.728619 15.372825 14.888210 14.287540 13.586237 12.801724 11.952703 11.058423 10.137965 9.209588 8.290158 7.394693 6.536028 5.724608 4.968414 4.272991 3.641585 3.075357 2.573651 2.134299 1.753942 1.428342 1.152681 0.921826 0.730558 0.573760 0.446558 0.344431 0.263273 0.199431 0.149716 0.111387 0.082129 0.060015 0.043463 0.031197 0.022193 0.015649 0.010938 0.007581 0.005214 0.003564 0.002430 0.001667 0.001173 0.000879 0.000742 0.000742 
0.000582 0.000582 0.000694 0.000936 0.001344 0.001978 0.002929 0.004324 0.006344 0.009235 0.013329 0.019071 0.027046 0.038015 0.052958 0.073116 0.100047 0.135674 0.182342 0.242867 0.320581 0.419366 0.543662 0.698461 0.889262 1.121988 1.402858 1.738217 2.134299 2.596959 3.131343 3.741528 4.430144 5.197981 6.043622 6.963113 7.949706 8.993698 10.082386 11.200166 12.328784 13.447738 14.534837 15.566892 16.520510 17.372965 18.103086 18.692133 19.124595 19.388866 19.477766 19.388866 19.124595 18.692133 18.103086 17.372965 16.520510 15.566892 14.534837 13.447738 12.328784 11.200166 10.082386 8.993698 7.949706 6.963113 6.043622 5.197981 4.430144 3.741528 3.131343 2.596959 2.134299 1.738217 1.402858 1.121988 0.889262 0.698461 0.543662 0.419366 0.320581 0.242867 0.182342 0.135674 0.100048 0.073117 0.052958 0.038016 0.027048 0.019074 0.013334 0.009243 0.006358 0.004346 0.002964 0.002034 0.001432 0.001073 0.000906 0.000906 
0.000704 0.000704 0.000840 0.001132 0.001625 0.002391 0.003540 0.005226 0.007665 0.011157 0.016101 0.023034 0.032661 0.045903 0.063939 0.088268 0.120767 0.163756 0.220061 0.293077 0.386822 0.505972 0.655880 0.842560 1.072637 1.353247 1.691881 2.096179 2.573651 3.131343 3.775448 4.510874 5.340780 6.266111 7.285149 8.393126 9.581905 10.839791 12.151478 13.498167 14.857866 16.205880 17.515483 18.758744 19.907491 20.934356 21.813844 22.523390 23.044313 23.362639 23.469723 23.362639 23.044313 22.523390 21.813844 20.934356 19.907491 18.758744 17.515483 16.205880 14.857866 13.498167 12.151478 10.839791 9.581905 8.393126 7.285149 6.266111 5.340780 4.510874 3.775448 3.131343 2.573651 2.096179 1.691881 1.353247 1.072637 0.842560 0.655880 0.505972 0.386822 0.293077 0.220061 0.163756 0.120768 0.088269 0.063940 0.045904 0.032664 0.023037 0.016107 0.011167 0.007682 0.005252 0.003582 0.002459 0.001731 0.001297 0.001095 0.001095 
0.000844 0.000844 0.001006 0.001356 0.001946 0.002864 0.004239 0.006257 0.009177 0.013355 0.019271 0.027566 0.039083 0.054922 0.076494 0.105590 0.144452 0.195852 0.263168 0.350454 0.462511 0.604923 0.784082 1.007170 1.282098 1.617383 2.021969 2.504973 3.075357 3.741528 4.510874 5.389246 6.380407 7.485474 8.702391 10.025454 11.444942 12.946887 14.513012 16.120871 17.744211 19.353553 20.916996 22.401202 23.772551 24.998376 26.048255 26.895256 27.517089 27.897077 28.024904 27.897077 27.517089 26.895256 26.048255 24.998376 23.772551 22.401202 20.916996 19.353553 17.744211 16.120871 14.513012 12.946887 11.444942 10.025454 8.702391 7.485474 6.380407 5.389246 4.510874 3.741528 3.075357 2.504973 2.021969 1.617383 1.282098 1.007170 0.784082 0.604923 0.462511 0.350455 0.263168 0.195852 0.144452 0.105590 0.076495 0.054924 0.039086 0.027570 0.019278 0.013367 0.009197 0.006288 0.004290 0.002945 0.002073 0.001554 0.001312 0.001312 
0.001002 0.001002 0.001195 0.001610 0.002310 0.003399 0.005030 0.007423 0.010886 0.015840 0.022854 0.032688 0.046341 0.065115 0.090681 0.125160 0.171208 0.232107 0.311856 0.415255 0.547985 0.716656 0.928833 1.193016 1.518562 1.915549 2.394557 2.966369 3.641585 4.430144 5.340780 6.380407 7.553465 8.861270 10.301375 11.867024 13.546708 15.323893 17.176953 19.079329 20.999962 22.903981 24.753649 26.509536 28.131874 29.582031 30.824025 31.826006 32.561613 33.011123 33.162336 33.011123 32.561613 31.826006 30.824025 29.582031 28.131874 26.509536 24.753649 22.903981 20.999962 19.079329 17.176953 15.323893 13.546708 11.867024 10.301375 8.861270 7.553465 6.380407 5.340780 4.430144 3.641585 2.966369 2.394557 1.915549 1.518562 1.193016 0.928833 0.716656 0.547985 0.415255 0.311856 0.232108 0.171209 0.125160 0.090682 0.065117 0.046344 0.032693 0.022863 0.015854 0.010909 0.007461 0.005090 0.003495 0.002461 0.001845 0.001558 0.001558 
0.001179 0.001179 0.001405 0.001893 0.002716 0.003996 0.005913 0.008726 0.012795 0.018616 0.026856 0.038408 0.054445 0.076494 0.106517 0.147004 0.201071 0.272569 0.366188 0.487562 0.643351 0.841311 1.090313 1.400323 1.782313 2.248099 2.810085 3.480908 4.272991 5.197981 6.266111 7.485474 8.861270 10.395025 12.083864 13.919853 15.889489 17.973380 20.146165 22.376705 24.628585 26.860927 29.029494 31.088068 32.990036 34.690119 36.146143 37.320781 38.183137 38.710098 38.887365 38.710098 38.183137 37.320781 36.146143 34.690119 32.990036 31.088068 29.029494 26.860927 24.628585 22.376705 20.146165 17.973380 15.889489 13.919853 12.083864 10.395025 8.861270 7.485474 6.266111 5.197981 4.272991 3.480908 2.810085 2.248099 1.782313 1.400323 1.090313 0.841311 0.643352 0.487562 0.366188 0.272569 0.201072 0.147005 0.106519 0.076496 0.054449 0.038414 0.026867 0.018633 0.012822 0.008770 0.005984 0.004109 0.002894 0.002170 0.001832 0.001832 
0.001374 0.001374 0.001638 0.002206 0.003165 0.004655 0.006888 0.010163 0.014901 0.021678 0.031270 0.044716 0.063381 0.089041 0.123978 0.171086 0.233991 0.317168 0.426071 0.567248 0.748443 0.978668 1.268233 1.628720 2.072877 2.614433 3.267796 4.047648 4.968414 6.043622 7.285149 8.702391 10.301375 12.083864 14.046504 16.180065 18.468848 20.890316 23.414995 26.006705 28.623140 31.216809 33.736323 36.127996 38.337684 40.312793 42.004342 43.368974 44.370806 44.982993 45.188929 44.982993 44.370806 43.368974 42.004342 40.312793 38.337684 36.127996 33.736323 31.216809 28.623140 26.006705 23.414995 20.890316 18.468848 16.180065 14.046504 12.083864 10.301375 8.702391 7.285149 6.043622 4.968414 4.047648 3.267796 2.614433 2.072877 1.628720 1.268233 0.978668 0.748443 0.567248 0.426071 0.317168 0.233991 0.171087 0.123979 0.089043 0.063385 0.044724 0.031282 0.021697 0.014933 0.010215 0.006971 0.004787 0.003372 0.002528 0.002135 0.002135 
0.001587 0.001587 0.001891 0.002547 0.003654 0.005374 0.007949 0.011728 0.017194 0.025012 0.036077 0.051585 0.073110 0.102699 0.142983 0.197296 0.269816 0.365699 0.491228 0.653947 0.862776 1.128092 1.461771 1.877149 2.388906 3.012848 3.765561 4.663947 5.724608 6.963113 8.393126 10.025454 11.867024 13.919853 16.180065 18.637020 21.272633 24.060946 26.968017 29.952189 32.964751 35.951030 38.851868 41.605465 44.149496 46.423423 48.370865 49.941921 51.095289 51.800072 52.037156 51.800072 51.095289 49.941921 48.370865 46.423423 44.149496 41.605465 38.851868 35.951030 32.964751 29.952189 26.968017 24.060946 21.272633 18.637020 16.180065 13.919853 11.867024 10.025454 8.393126 6.963113 5.724608 4.663947 3.765561 3.012848 2.388906 1.877149 1.461771 1.128092 0.862776 0.653948 0.491229 0.365699 0.269816 0.197297 0.142984 0.102702 0.073114 0.051593 0.036090 0.025034 0.017231 0.011788 0.008045 0.005526 0.003893 0.002919 0.002466 0.002466 
0.001815 0.001815 0.002164 0.002914 0.004179 0.006146 0.009091 0.013411 0.019659 0.028594 0.041240 0.058963 0.083560 0.117369 0.163394 0.225444 0.308286 0.417810 0.561187 0.747029 0.985515 1.288493 1.669513 2.143795 2.728088 3.440426 4.299733 5.325288 6.536028 7.949706 9.581905 11.444942 13.546708 15.889489 18.468848 21.272633 24.280198 27.461913 30.779048 34.184069 37.621402 41.028671 44.338389 47.480056 50.382579 52.976900 55.198712 56.991094 58.306937 59.110998 59.381479 59.110998 58.306937 56.991094 55.198712 52.976900 50.382579 47.480056 44.338389 41.028671 37.621402 34.184069 30.779048 27.461913 24.280198 21.272633 18.468848 15.889489 13.546708 11.444942 9.581905 7.949706 6.536028 5.325288 4.299733 3.440426 2.728088 2.143795 1.669513 1.288493 0.985515 0.747029 0.561188 0.417810 0.308287 0.225445 0.163396 0.117372 0.083565 0.058972 0.041256 0.028620 0.019701 0.013479 0.009200 0.006320 0.004453 0.003340 0.002821 0.002821 
0.002058 0.002058 0.002453 0.003303 0.004736 0.006964 0.010300 0.015194 0.022271 0.032390 0.046711 0.066779 0.094630 0.132908 0.185012 0.255254 0.349026 0.472990 0.635262 0.845580 1.115459 1.458298 1.889422 2.426039 3.087092 3.892969 4.865064 6.025169 7.394693 8.993698 10.839791 12.946887 15.323893 17.973380 20.890316 24.060946 27.461913 31.059708 34.810533 38.660639 42.547193 46.399676 50.141792 53.693844 56.975466 59.908597 62.420544 64.446968 65.934618 66.843661 67.149456 66.843661 65.934618 64.446968 62.420544 59.908597 56.975466 53.693844 50.141792 46.399676 42.547193 38.660639 34.810533 31.059708 27.461913 24.060946 20.890316 17.973380 15.323893 12.946887 10.839791 8.993698 7.394693 6.025169 4.865064 3.892969 3.087092 2.426039 1.889422 1.458298 1.115459 0.845580 0.635262 0.472991 0.349026 0.255255 0.185015 0.132911 0.094636 0.066790 0.046729 0.032420 0.022319 0.015271 0.010424 0.007161 0.005046 0.003785 0.003198 0.003198 
0.002312 0.002312 0.002754 0.003709 0.005318 0.007819 0.011563 0.017055 0.024998 0.036353 0.052423 0.074939 0.106185 0.149126 0.207575 0.286363 0.391539 0.530570 0.712552 0.948402 1.251027 1.635442 2.118822 2.720451 3.461553 4.364971 5.454675 6.755078 8.290158 10.082386 12.151478 14.513012 17.176953 20.146165 23.414995 26.968017 30.779048 34.810533 39.013390 43.327395 47.682150 51.998647 56.191413 60.171165 63.847877 67.134104 69.948417 72.218746 73.885444 74.903893 75.246490 74.903893 73.885444 72.218746 69.948417 67.134104 63.847877 60.171165 56.191413 51.998647 47.682150 43.327395 39.013390 34.810533 30.779048 26.968017 23.414995 20.146165 17.176953 14.513012 12.151478 10.082386 8.290158 6.755078 5.454675 4.364971 3.461553 2.720451 2.118822 1.635442 1.251027 0.948402 0.712552 0.530570 0.391540 0.286365 0.207578 0.149131 0.106192 0.074951 0.052443 0.036387 0.025052 0.017143 0.011703 0.008040 0.005666 0.004251 0.003591 0.003591 
0.002572 0.002572 0.003065 0.004126 0.005916 0.008698 0.012862 0.018969 0.027801 0.040427 0.058293 0.083325 0.118059 0.165792 0.230759 0.318327 0.435216 0.589723 0.791949 1.054022 1.390275 1.817386 2.354425 3.022809 3.846102 4.849668 6.060117 7.504552 9.209588 11.200166 13.498167 16.120871 19.079329 22.376705 26.006705 29.952189 34.184069 38.660639 43.327395 48.117468 52.952695 57.745359 62.400570 66.819211 70.901343 74.549893 77.674472 80.195078 82.045500 83.176210 83.556570 83.176210 82.045500 80.195078 77.674472 74.549893 70.901343 66.819211 62.400570 57.745359 52.952695 48.117468 43.327395 38.660639 34.184069 29.952189 26.006705 22.376705 19.079329 16.120871 13.498167 11.200166 9.209588 7.504552 6.060117 4.849668 3.846102 3.022809 2.354425 1.817386 1.390275 1.054022 0.791949 0.589723 0.435217 0.318329 0.230762 0.165797 0.118067 0.083339 0.058316 0.040464 0.027861 0.019066 0.013017 0.008944 0.006304 0.004729 0.003996 0.003996 
0.002836 0.002836 0.003379 0.004549 0.006521 0.009586 0.014175 0.020904 0.030634 0.044545 0.064226 0.091800 0.130059 0.182633 0.254184 0.350622 0.479343 0.649481 0.872155 1.160711 1.530927 2.001154 2.592381 3.328171 4.234455 5.339138 6.671497 8.261347 10.137965 12.328784 14.857866 17.744211 20.999962 24.628585 28.623140 32.964751 37.621402 42.547193 47.682150 52.952695 58.272830 63.546049 68.667960 73.529523 78.020793 82.034989 85.472675 88.245847 90.281672 91.525671 91.944140 91.525671 90.281672 88.245847 85.472675 82.034989 78.020793 73.529523 68.667960 63.546049 58.272830 52.952695 47.682150 42.547193 37.621402 32.964751 28.623140 24.628585 20.999962 17.744211 14.857866 12.328784 10.137965 8.261347 6.671497 5.339138 4.234455 3.328171 2.592381 2.001154 1.530927 1.160711 0.872155 0.649481 0.479344 0.350624 0.254187 0.182638 0.130068 0.091815 0.064251 0.044585 0.030701 0.021011 0.014346 0.009858 0.006948 0.005213 0.004405 0.004405 
0.003098 0.003098 0.003691 0.004968 0.007122 0.010468 0.015478 0.022824 0.033446 0.048631 0.070113 0.100209 0.141965 0.199341 0.277423 0.382659 0.523116 0.708756 0.951708 1.266529 1.670423 2.183404 2.828360 3.630984 4.619551 5.824484 7.277704 9.011712 11.058423 13.447738 16.205880 19.353553 22.903981 26.860927 31.216809 35.951030 41.028671 46.399676 51.998647 57.745359 63.546049 69.295503 74.879912 80.180402 85.077120 89.453656 93.201617 96.225070 98.444621 99.800882 100.257113 99.800882 98.444621 96.225070 93.201617 89.453656 85.077120 80.180402 74.879912 69.295503 63.546049 57.745359 51.998647 46.399676 41.028671 35.951030 31.216809 26.860927 22.903981 19.353553 16.205880 13.447738 11.058423 9.011712 7.277704 5.824485 4.619551 3.630984 2.828360 2.183404 1.670423 1.266529 0.951709 0.708757 0.523117 0.382661 0.277427 0.199347 0.141975 0.100226 0.070140 0.048675 0.033519 0.022941 0.015665 0.010765 0.007588 0.005694 0.004811 0.004811 
0.003352 0.003352 0.003994 0.005376 0.007706 0.011326 0.016745 0.024692 0.036181 0.052604 0.075837 0.108385 0.153540 0.215584 0.300014 0.413801 0.565664 0.766370 1.029028 1.369370 1.805990 2.360514 3.057674 3.925234 4.993743 6.296073 7.866707 9.740759 11.952703 14.534837 17.515483 20.916996 24.753649 29.029494 33.736323 38.851868 44.338389 50.141792 56.191413 62.400570 68.667960 74.879912 80.913471 86.640218 91.930674 96.659085 100.708357 103.974858 106.372824 107.838102 108.331006 107.838102 106.372824 103.974858 100.708357 96.659085 91.930674 86.640218 80.913471 74.879912 68.667960 62.400570 56.191413 50.141792 44.338389 38.851868 33.736323 29.029494 24.753649 20.916996 17.515483 14.534837 11.952703 9.740759 7.866707 6.296073 4.993743 3.925234 3.057674 2.360514 1.805990 1.369370 1.029029 0.766370 0.565665 0.413803 0.300018 0.215590 0.153550 0.108403 0.075867 0.052652 0.036259 0.024818 0.016948 0.011647 0.008211 0.006161 0.005207 0.005207 
