0.000000 0.000000 0.000000 0.000000 0.000000 0.000000 0.000000 0.000000 0.000000 0.000000 0.000000 0.000000 0.000000 0.000000 0.000000 0.000000 0.000000 0.000000 0.000000 0.000000 0.000000 0.000000 0.000000 0.000000 0.000000 0.000000 0.000000 0.000000 0.000000 0.000000 0.000000 0.000000 0.000000 0.000000 0.000000 0.000000 0.000000 0.000000 0.000000 0.000000 0.000000 0.000000 0.000000 0.000000 0.000000 0.000000 0.000000 0.000000 0.000000 0.000000 0.000000 0.000000 0.000000 0.000000 0.000000 0.000000 0.000000 0.000000 0.000000 0.000000 0.000000 0.000000 0.000000 0.000000 0.000000 0.000000 0.000000 0.000000 0.000000 0.000000 0.000000 0.000000 0.000000 0.000000 0.000000 0.000000 0.000000 0.000000 0.000000 0.000000 0.000000 0.000000 0.000000 0.000000 0.000000 0.000000 0.000000 0.000000 0.000000 0.000000 0.000000 0.000000 0.000000 0.000000 0.000000 0.000000 0.000000 0.000000 0.000000 0.000000 
0.000000 0.000000 0.000000 0.000000 0.000000 0.000000 0.000000 0.000000 0.000000 0.000000 0.000000 0.000000 0.000000 0.000000 0.000000 0.000000 0.000000 0.000000 0.000000 0.000000 0.000000 0.000000 0.000000 0.000000 0.000000 0.000000 0.000000 0.000000 0.000000 0.000000 0.000000 0.000000 0.000000 0.000000 0.000000 0.000000 0.000000 0.000000 0.000000 0.000000 0.000000 0.000000 0.000000 0.000000 0.000000 0.000000 0.000000 0.000000 0.000000 0.000000 0.000000 0.000000 0.000000 0.000000 0.000000 0.000000 0.000000 0.000000 0.000000 0.000000 0.000000 0.000000 0.000000 0.000000 0.000000 0.000000 0.000000 0.000000 0.000000 0.000000 0.000000 0.000000 0.000000 0.000000 0.000000 0.000000 0.000000 0.000000 0.000000 0.000000 0.000000 0.000000 0.000000 0.000000 0.000000 0.000000 0.000000 0.000000 0.000000 0.000000 0.000000 0.000000 0.000000 0.000000 0.000000 0.000000 0.000000 0.000000 0.000000 0.000000 
0.000000 0.000000 0.000000 0.000000 0.000000 0.000000 0.000000 0.000000 0.000000 0.000000 0.000000 0.000000 0.000000 0.000000 0.000000 0.000000 0.000000 0.000000 0.000000 0.000000 0.000000 0.000000 0.000000 0.000000 0.000000 0.000000 0.000000 0.000000 0.000000 0.000000 0.000000 0.000000 0.000000 0.000000 0.000000 0.000000 0.000000 0.000000 0.000000 0.000000 0.000000 0.000000 0.000000 0.000000 0.000000 0.000000 0.000000 0.000000 0.000000 0.000000 0.000000 0.000000 0.000000 0.000000 0.000000 0.000000 0.000000 0.000000 0.000000 0.000000 0.000000 0.000000 0.000000 0.000000 0.000000 0.000000 0.000000 0.000000 0.000000 0.000000 0.000000 0.000000 0.000000 0.000000 0.000000 0.000000 0.000000 0.000000 0.000000 0.000000 0.000000 0.000000 0.000000 0.000000 0.000000 0.000000 0.000000 0.000000 0.000000 0.000000 0.000000 0.000000 0.000000 0.000000 0.000000 0.000000 0.000000 0.000000 0.000000 0.000000 
0.000000 0.000000 0.000000 0.000000 0.000000 0.000000 0.000000 0.000000 0.000000 0.000000 0.000000 0.000000 0.000000 0.000000 0.000000 0.000000 0.000000 0.000000 0.000000 0.000000 0.000000 0.000000 0.000000 0.000000 0.000000 0.000000 0.000000 0.000000 0.000000 0.000000 0.000000 0.000000 0.000000 0.000000 0.000000 0.000000 0.000000 0.000000 0.000000 0.000000 0.000000 0.000000 0.000000 0.000000 0.000000 0.000000 0.000000 0.000000 0.000000 0.000000 0.000000 0.000000 0.000000 0.000000 0.000000 0.000000 0.000000 0.000000 0.000000 0.000000 0.000000 0.000000 0.000000 0.000000 0.000000 0.000000 0.000000 0.000000 0.000000 0.000000 0.000000 0.000000 0.000000 0.000000 0.000000 0.000000 0.000000 0.000000 0.000000 0.000000 0.000000 0.000000 0.000000 0.000000 0.000000 0.000000 0.000000 0.000000 0.000000 0.000000 0.000000 0.000000 0.000000 0.000000 0.000000 0.000000 0.000000 0.000000 0.000000 0.000000 
0.000000 0.000000 0.000000 0.000000 0.000000 0.000000 0.000000 0.000000 0.000000 0.000000 0.000000 0.000000 0.000000 0.000000 0.000000 0.000000 0.000000 0.000000 0.000000 0.000000 0.000000 0.000000 0.000000 0.000000 0.000000 0.000000 0.000000 0.000000 0.000000 0.000000 0.000000 0.000000 0.000000 0.000000 0.000000 0.000000 0.000000 0.000000 0.000000 0.000000 0.000000 0.000000 0.000000 0.000000 0.000000 0.000000 0.000000 0.000000 0.000000 0.000000 0.000000 0.000000 0.000000 0.000000 0.000000 0.000000 0.000000 0.000000 0.000000 0.000000 0.000000 0.000000 0.000000 0.000000 0.000000 0.000000 0.000000 0.000000 0.000000 0.000000 0.000000 0.000000 0.000000 0.000000 0.000000 0.000000 0.000000 0.000000 0.000000 0.000000 0.000000 0.000000 0.000000 0.000000 0.000000 0.000000 0.000000 0.000000 0.000000 0.000000 0.000000 0.000000 0.000000 0.000000 0.000000 0.000000 0.000000 0.000000 0.000000 0.000000 
0.000000 0.000000 0.000000 0.000000 0.000000 0.000000 0.000000 0.000000 0.000000 0.000000 0.000000 0.000000 0.000000 0.000000 0.000000 0.000000 0.000000 0.000000 0.000000 0.000000 0.000000 0.000000 0.000000 0.000000 0.000000 0.000000 0.000000 0.000000 0.000000 0.000000 0.000000 0.000000 0.000000 0.000000 0.000000 0.000000 0.000000 0.000000 0.000000 0.000000 0.000000 0.000000 0.000000 0.000000 0.000000 0.000000 0.000000 0.000000 0.000000 0.000000 0.000000 0.000000 0.000000 0.000000 0.000000 0.000000 0.000000 0.000000 0.000000 0.000000 0.000000 0.000000 0.000000 0.000000 0.000000 0.000000 0.000000 0.000000 0.000000 0.000000 0.000000 0.000000 0.000000 0.000000 0.000000 0.000000 0.000000 0.000000 0.000000 0.000000 0.000000 0.000000 0.000000 0.000000 0.000000 0.000000 0.000000 0.000000 0.000000 0.000000 0.000000 0.000000 0.000000 0.000000 0.000000 0.000000 0.000000 0.000000 0.000000 0.000000 
0.000000 0.000000 0.000000 0.000000 0.000000 0.000000 0.000000 0.000000 0.000000 0.000000 0.000000 0.000000 0.000000 0.000000 0.000000 0.000000 0.000000 0.000000 0.000000 0.000000 0.000000 0.000000 0.000000 0.000000 0.000000 0.000000 0.000000 0.000000 0.000000 0.000000 0.000000 0.000000 0.000000 0.000000 0.000000 0.000000 0.000000 0.000000 0.000000 0.000000 0.000000 0.000000 0.000000 0.000000 0.000000 0.000000 0.000000 0.000000 0.000000 0.000000 0.000000 0.000000 0.000000 0.000000 0.000000 0.000000 0.000000 0.000000 0.000000 0.000000 0.000000 0.000000 0.000000 0.000000 0.000000 0.000000 0.000000 0.000000 0.000000 0.000000 0.000000 0.000000 0.000000 0.000000 0.000000 0.000000 0.000000 0.000000 0.000000 0.000000 0.000000 0.000000 0.000000 0.000000 0.000000 0.000000 0.000000 0.000000 0.000000 0.000000 0.000000 0.000000 0.000000 0.000000 0.000000 0.000000 0.000000 0.000000 0.000000 0.000000 
0.000000 0.000000 0.000000 0.000000 0.000000 0.000000 0.000000 0.000000 0.000000 0.000000 0.000000 0.000000 0.000000 0.000000 0.000000 0.000000 0.000000 0.000000 0.000000 0.000000 0.000000 0.000000 0.000000 0.000000 0.000000 0.000000 0.000000 0.000000 0.000000 0.000000 0.000000 0.000000 0.000000 0.000000 0.000000 0.000000 0.000000 0.000000 0.000000 0.000000 0.000000 0.000000 0.000000 0.000000 0.000000 0.000000 0.000000 0.000000 0.000000 0.000000 0.000000 0.000000 0.000000 0.000000 0.000000 0.000000 0.000000 0.000000 0.000000 0.000000 0.000000 0.000000 0.000000 0.000000 0.000000 0.000000 0.000000 0.000000 0.000000 0.000000 0.000000 0.000000 0.000000 0.000000 0.000000 0.000000 0.000000 0.000000 0.000000 0.000000 0.000000 0.000000 0.000000 0.000000 0.000000 0.000000 0.000000 0.000000 0.000000 0.000000 0.000000 0.000000 0.000000 0.000000 0.000000 0.000000 0.000000 0.000000 0.000000 0.000000 
0.000000 0.000000 0.000000 0.000000 0.000000 0.000000 0.000000 0.000000 0.000000 0.000000 0.000000 0.000000 0.000000 0.000000 0.000000 0.000000 0.000000 0.000000 0.000000 0.000000 0.000000 0.000000 0.000000 0.000000 0.000000 0.000000 0.000000 0.000000 0.000000 0.000000 0.000000 0.000000 0.000000 0.000000 0.000000 0.000000 0.000000 0.000000 0.000000 0.000000 0.000000 0.000000 0.000000 0.000000 0.000000 0.000000 0.000000 0.000000 0.000000 0.000000 0.000001 0.000000 0.000000 0.000000 0.000000 0.000000 0.000000 0.000000 0.000000 0.000000 0.000000 0.000000 0.000000 0.000000 0.000000 0.000000 0.000000 0.000000 0.000000 0.000000 0.000000 0.000000 0.000000 0.000000 0.000000 0.000000 0.000000 0.000000 0.000000 0.000000 0.000000 0.000000 0.000000 0.000000 0.000000 0.000000 0.000000 0.000000 0.000000 0.000000 0.000000 0.000000 0.000000 0.000000 0.000000 0.000000 0.000000 0.000000 0.000000 0.000000 
0.000000 0.000000 0.000000 0.000000 0.000000 0.000000 0.000000 0.000000 0.000000 0.000000 0.000000 0.000000 0.000000 0.000000 0.000000 0.000000 0.000000 0.000000 0.000000 0.000000 0.000000 0.000000 0.000000 0.000000 0.000000 0.000000 0.000000 0.000000 0.000000 0.000000 0.000000 0.000000 0.000000 0.000000 0.000000 0.000000 0.000000 0.000000 0.000000 0.000000 0.000000 0.000000 0.000001 0.000001 0.000001 0.000001 0.000001 0.000001 0.000001 0.000001 0.000001 0.000001 0.000001 0.000001 0.000001 0.000001 0.000001 0.000001 0.000001 0.000000 0.000000 0.000000 0.000000 0.000000 0.000000 0.000000 0.000000 0.000000 0.000000 0.000000 0.000000 0.000000 0.000000 0.000000 0.000000 0.000000 0.000000 0.000000 0.000000 0.000000 0.000000 0.000000 0.000000 0.000000 0.000000 0.000000 0.000000 0.000000 0.000000 0.000000 0.000000 0.000000 0.000000 0.000000 0.000000 0.000000 0.000000 0.000000 0.000000 0.000000 
0.000000 0.000000 0.000000 0.000000 0.000000 0.000000 0.000000 0.000000 0.000000 0.000000 0.000000 0.000000 0.000000 0.000000 0.000000 0.000000 0.000000 0.000000 0.000000 0.000000 0.000000 0.000000 0.000000 0.000000 0.000000 0.000000 0.000000 0.000000 0.000000 0.000000 0.000000 0.000000 0.000000 0.000000 0.000000 0.000000 0.000000 0.000000 0.000001 0.000001 0.000001 0.000001 0.000001 0.000002 0.000002 0.000002 0.000003 0.000003 0.000003 0.000003 0.000003 0.000003 0.000003 0.000003 0.000003 0.000002 0.000002 0.000002 0.000001 0.000001 0.000001 0.000001 0.000001 0.000000 0.000000 0.000000 0.000000 0.000000 0.000000 0.000000 0.000000 0.000000 0.000000 0.000000 0.000000 0.000000 0.000000 0.000000 0.000000 0.000000 0.000000 0.000000 0.000000 0.000000 0.000000 0.000000 0.000000 0.000000 0.000000 0.000000 0.000000 0.000000 0.000000 0.000000 0.000000 0.000000 0.000000 0.000000 0.000000 0.000000 
0.000000 0.000000 0.000000 0.000000 0.000000 0.000000 0.000000 0.000000 0.000000 0.000000 0.000000 0.000000 0.000000 0.000000 0.000000 0.000000 0.000000 0.000000 0.000000 0.000000 0.000000 0.000000 0.000000 0.000000 0.000000 0.000000 0.000000 0.000000 0.000000 0.000000 0.000000 0.000000 0.000000 0.000000 0.000000 0.000000 0.000001 0.000001 0.000001 0.000002 0.000002 0.000003 0.000003 0.000004 0.000005 0.000006 0.000006 0.000007 0.000008 0.000008 0.000008 0.000008 0.000008 0.000007 0.000006 0.000006 0.000005 0.000004 0.000003 0.000003 0.000002 0.000002 0.000001 0.000001 0.000001 0.000000 0.000000 0.000000 0.000000 0.000000 0.000000 0.000000 0.000000 0.000000 0.000000 0.000000 0.000000 0.000000 0.000000 0.000000 0.000000 0.000000 0.000000 0.000000 0.000000 0.000000 0.000000 0.000000 0.000000 0.000000 0.000000 0.000000 0.000000 0.000000 0.000000 0.000000 0.000000 0.000000 0.000000 0.000000 
0.000000 0.000000 0.000000 0.000000 0.000000 0.000000 0.000000 0.000000 0.000000 0.000000 0.000000 0.000000 0.000000 0.000000 0.000000 0.000000 0.000000 0.000000 0.000000 0.000000 0.000000 0.000000 0.000000 0.000000 0.000000 0.000000 0.000000 0.000000 0.000000 0.000000 0.000000 0.000000 0.000000 0.000000 0.000001 0.000001 0.000002 0.000002 0.000003 0.000004 0.000005 0.000007 0.000008 0.000010 0.000012 0.000014 0.000015 0.000017 0.000018 0.000019 0.000019 0.000019 0.000018 0.000017 0.000015 0.000014 0.000012 0.000010 0.000008 0.000007 0.000005 0.000004 0.000003 0.000002 0.000002 0.000001 0.000001 0.000000 0.000000 0.000000 0.000000 0.000000 0.000000 0.000000 0.000000 0.000000 0.000000 0.000000 0.000000 0.000000 0.000000 0.000000 0.000000 0.000000 0.000000 0.000000 0.000000 0.000000 0.000000 0.000000 0.000000 0.000000 0.000000 0.000000 0.000000 0.000000 0.000000 0.000000 0.000000 0.000000 
0.000000 0.000000 0.000000 0.000000 0.000000 0.000000 0.000000 0.000000 0.000000 0.000000 0.000000 0.000000 0.000000 0.000000 0.000000 0.000000 0.000000 0.000000 0.000000 0.000000 0.000000 0.000000 0.000000 0.000000 0.000000 0.000000 0.000000 0.000000 0.000000 0.000000 0.000000 0.000000 0.000001 0.000001 0.000002 0.000003 0.000004 0.000005 0.000007 0.000009 0.000012 0.000016 0.000020 0.000024 0.000028 0.000032 0.000036 0.000040 0.000042 0.000044 0.000045 0.000044 0.000042 0.000040 0.000036 0.000032 0.000028 0.000024 0.000020 0.000016 0.000012 0.000009 0.000007 0.000005 0.000004 0.000003 0.000002 0.000001 0.000001 0.000000 0.000000 0.000000 0.000000 0.000000 0.000000 0.000000 0.000000 0.000000 0.000000 0.000000 0.000000 0.000000 0.000000 0.000000 0.000000 0.000000 0.000000 0.000000 0.000000 0.000000 0.000000 0.000000 0.000000 0.000000 0.000000 0.000000 0.000000 0.000000 0.000000 0.000000 
0.000000 0.000000 0.000000 0.000000 0.000000 0.000000 0.000000 0.000000 0.000000 0.000000 0.000000 0.000000 0.000000 0.000000 0.000000 0.000000 0.000000 0.000000 0.000000 0.000000 0.000000 0.000000 0.000000 0.000000 0.000000 0.000000 0.000000 0.000000 0.000000 0.000000 0.000001 0.000001 0.000002 0.000003 0.000004 0.000006 0.000008 0.000012 0.000016 0.000022 0.000029 0.000037 0.000045 0.000055 0.000065 0.000075 0.000084 0.000092 0.000098 0.000102 0.000103 0.000102 0.000098 0.000092 0.000084 0.000075 0.000065 0.000055 0.000045 0.000037 0.000029 0.000022 0.000016 0.000012 0.000008 0.000006 0.000004 0.000003 0.000002 0.000001 0.000001 0.000000 0.000000 0.000000 0.000000 0.000000 0.000000 0.000000 0.000000 0.000000 0.000000 0.000000 0.000000 0.000000 0.000000 0.000000 0.000000 0.000000 0.000000 0.000000 0.000000 0.000000 0.000000 0.000000 0.000000 0.000000 0.000000 0.000000 0.000000 0.000000 
0.000000 0.000000 0.000000 0.000000 0.000000 0.000000 0.000000 0.000000 0.000000 0.000000 0.000000 0.000000 0.000000 0.000000 0.000000 0.000000 0.000000 0.000000 0.000000 0.000000 0.000000 0.000000 0.000000 0.000000 0.000000 0.000000 0.000000 0.000000 0.000001 0.000001 0.000001 0.000002 0.000004 0.000006 0.000009 0.000013 0.000019 0.000027 0.000037 0.000050 0.000065 0.000083 0.000103 0.000124 0.000147 0.000169 0.000189 0.000207 0.000220 0.000229 0.000232 0.000229 0.000220 0.000207 0.000189 0.000169 0.000147 0.000124 0.000103 0.000083 0.000065 0.000050 0.000037 0.000027 0.000019 0.000013 0.000009 0.000006 0.000004 0.000002 0.000001 0.000001 0.000001 0.000000 0.000000 0.000000 0.000000 0.000000 0.000000 0.000000 0.000000 0.000000 0.000000 0.000000 0.000000 0.000000 0.000000 0.000000 0.000000 0.000000 0.000000 0.000000 0.000000 0.000000 0.000000 0.000000 0.000000 0.000000 0.000000 0.000000 
0.000000 0.000000 0.000000 0.000000 0.000000 0.000000 0.000000 0.000000 0.000000 0.000000 0.000000 0.000000 0.000000 0.000000 0.000000 0.000000 0.000000 0.000000 0.000000 0.000000 0.000000 0.000000 0.000000 0.000000 0.000000 0.000000 0.000000 0.000001 0.000001 0.000002 0.000003 0.000005 0.000009 0.000013 0.000020 0.000030 0.000043 0.000060 0.000083 0.000110 0.000144 0.000183 0.000227 0.000275 0.000324 0.000372 0.000418 0.000456 0.000486 0.000505 0.000512 0.000505 0.000486 0.000456 0.000418 0.000372 0.000324 0.000275 0.000227 0.000183 0.000144 0.000110 0.000083 0.000060 0.000043 0.000030 0.000020 0.000013 0.000009 0.000005 0.000003 0.000002 0.000001 0.000001 0.000000 0.000000 0.000000 0.000000 0.000000 0.000000 0.000000 0.000000 0.000000 0.000000 0.000000 0.000000 0.000000 0.000000 0.000000 0.000000 0.000000 0.000000 0.000000 0.000000 0.000000 0.000000 0.000000 0.000000 0.000000 0.000000 
0.000000 0.000000 0.000000 0.000000 0.000000 0.000000 0.000000 0.000000 0.000000 0.000000 0.000000 0.000000 0.000000 0.000000 0.000000 0.000000 0.000000 0.000000 0.000000 0.000000 0.000000 0.000000 0.000000 0.000000 0.000000 0.000000 0.000001 0.000001 0.000003 0.000004 0.000007 0.000012 0.000019 0.000029 0.000044 0.000065 0.000093 0.000131 0.000179 0.000240 0.000312 0.000397 0.000492 0.000594 0.000701 0.000805 0.000902 0.000986 0.001050 0.001091 0.001105 0.001091 0.001050 0.000986 0.000902 0.000805 0.000701 0.000594 0.000492 0.000397 0.000312 0.000240 0.000179 0.000131 0.000093 0.000065 0.000044 0.000029 0.000019 0.000012 0.000007 0.000004 0.000003 0.000001 0.000001 0.000000 0.000000 0.000000 0.000000 0.000000 0.000000 0.000000 0.000000 0.000000 0.000000 0.000000 0.000000 0.000000 0.000000 0.000000 0.000000 0.000000 0.000000 0.000000 0.000000 0.000000 0.000000 0.000000 0.000000 0.000000 
0.000000 0.000000 0.000000 0.000000 0.000000 0.000000 0.000000 0.000000 0.000000 0.000000 0.000000 0.000000 0.000000 0.000000 0.000000 0.000000 0.000000 0.000000 0.000000 0.000000 0.000000 0.000000 0.000000 0.000000 0.000001 0.000001 0.000002 0.000003 0.000006 0.000009 0.000016 0.000025 0.000040 0.000062 0.000094 0.000138 0.000199 0.000279 0.000381 0.000509 0.000663 0.000841 0.001042 0.001259 0.001483 0.001703 0.001908 0.002084 0.002220 0.002305 0.002334 0.002305 0.002220 0.002084 0.001908 0.001703 0.001483 0.001259 0.001042 0.000841 0.000663 0.000509 0.000381 0.000279 0.000199 0.000138 0.000094 0.000062 0.000040 0.000025 0.000016 0.000009 0.000006 0.000003 0.000002 0.000001 0.000001 0.000000 0.000000 0.000000 0.000000 0.000000 0.000000 0.000000 0.000000 0.000000 0.000000 0.000000 0.000000 0.000000 0.000000 0.000000 0.000000 0.000000 0.000000 0.000000 0.000000 0.000000 0.000000 0.000000 
0.000000 0.000000 0.000000 0.000000 0.000000 0.000000 0.000000 0.000000 0.000000 0.000000 0.000000 0.000000 0.000000 0.000000 0.000000 0.000000 0.000000 0.000000 0.000000 0.000000 0.000000 0.000000 0.000000 0.000001 0.000001 0.000002 0.000004 0.000007 0.000012 0.000020 0.000033 0.000053 0.000084 0.000130 0.000196 0.000289 0.000414 0.000580 0.000793 0.001058 0.001376 0.001746 0.002161 0.002608 0.003071 0.003526 0.003948 0.004311 0.004591 0.004768 0.004828 0.004768 0.004591 0.004311 0.003948 0.003526 0.003071 0.002608 0.002161 0.001746 0.001376 0.001058 0.000793 0.000580 0.000414 0.000289 0.000196 0.000130 0.000084 0.000053 0.000033 0.000020 0.000012 0.000007 0.000004 0.000002 0.000001 0.000001 0.000000 0.000000 0.000000 0.000000 0.000000 0.000000 0.000000 0.000000 0.000000 0.000000 0.000000 0.000000 0.000000 0.000000 0.000000 0.000000 0.000000 0.000000 0.000000 0.000000 0.000000 0.000000 
0.000000 0.000000 0.000000 0.000000 0.000000 0.000000 0.000000 0.000000 0.000000 0.000000 0.000000 0.000000 0.000000 0.000000 0.000000 0.000000 0.000000 0.000000 0.000000 0.000000 0.000000 0.000000 0.000001 0.000001 0.000002 0.000004 0.000008 0.000014 0.000024 0.000041 0.000067 0.000109 0.000173 0.000266 0.000401 0.000589 0.000845 0.001183 0.001615 0.002151 0.002796 0.003545 0.004384 0.005289 0.006223 0.007142 0.007994 0.008727 0.009292 0.009648 0.009770 0.009648 0.009292 0.008727 0.007994 0.007142 0.006223 0.005289 0.004384 0.003545 0.002796 0.002151 0.001615 0.001183 0.000845 0.000589 0.000401 0.000266 0.000173 0.000109 0.000067 0.000041 0.000024 0.000014 0.000008 0.000004 0.000002 0.000001 0.000001 0.000000 0.000000 0.000000 0.000000 0.000000 0.000000 0.000000 0.000000 0.000000 0.000000 0.000000 0.000000 0.000000 0.000000 0.000000 0.000000 0.000000 0.000000 0.000000 0.000000 0.000000 
0.000000 0.000000 0.000000 0.000000 0.000000 0.000000 0.000000 0.000000 0.000000 0.000000 0.000000 0.000000 0.000000 0.000000 0.000000 0.000000 0.000000 0.000000 0.000000 0.000000 0.000000 0.000001 0.000001 0.000002 0.000005 0.000009 0.000016 0.000028 0.000048 0.000082 0.000136 0.000219 0.000346 0.000533 0.000802 0.001177 0.001686 0.002357 0.003215 0.004279 0.005557 0.007040 0.008701 0.010491 0.012338 0.014154 0.015837 0.017285 0.018399 0.019102 0.019342 0.019102 0.018399 0.017285 0.015837 0.014154 0.012338 0.010491 0.008701 0.007040 0.005557 0.004279 0.003215 0.002357 0.001686 0.001177 0.000802 0.000533 0.000346 0.000219 0.000136 0.000082 0.000048 0.000028 0.000016 0.000009 0.000005 0.000002 0.000001 0.000001 0.000000 0.000000 0.000000 0.000000 0.000000 0.000000 0.000000 0.000000 0.000000 0.000000 0.000000 0.000000 0.000000 0.000000 0.000000 0.000000 0.000000 0.000000 0.000000 0.000000 
0.000000 0.000000 0.000000 0.000000 0.000000 0.000000 0.000000 0.000000 0.000000 0.000000 0.000000 0.000000 0.000000 0.000000 0.000000 0.000000 0.000000 0.000000 0.000000 0.000000 0.000001 0.000001 0.000002 0.000005 0.000009 0.000017 0.000031 0.000055 0.000095 0.000161 0.000267 0.000430 0.000678 0.001044 0.001568 0.002298 0.003289 0.004593 0.006260 0.008325 0.010803 0.013677 0.016893 0.020356 0.023929 0.027439 0.030693 0.033489 0.035641 0.036998 0.037462 0.036998 0.035641 0.033489 0.030693 0.027439 0.023929 0.020356 0.016893 0.013677 0.010803 0.008325 0.006260 0.004593 0.003289 0.002298 0.001568 0.001044 0.000678 0.000430 0.000267 0.000161 0.000095 0.000055 0.000031 0.000017 0.000009 0.000005 0.000002 0.000001 0.000001 0.000000 0.000000 0.000000 0.000000 0.000000 0.000000 0.000000 0.000000 0.000000 0.000000 0.000000 0.000000 0.000000 0.000000 0.000000 0.000000 0.000000 0.000000 0.000000 
0.000000 0.000000 0.000000 0.000000 0.000000 0.000000 0.000000 0.000000 0.000000 0.000000 0.000000 0.000000 0.000000 0.000000 0.000000 0.000000 0.000000 0.000000 0.000000 0.000001 0.000001 0.000002 0.000005 0.000009 0.000018 0.000033 0.000060 0.000106 0.000184 0.000310 0.000512 0.000826 0.001300 0.001998 0.002998 0.004390 0.006276 0.008756 0.011922 0.015842 0.020541 0.025987 0.032079 0.038634 0.045394 0.052033 0.058183 0.063467 0.067534 0.070098 0.070974 0.070098 0.067534 0.063467 0.058183 0.052033 0.045394 0.038634 0.032079 0.025987 0.020541 0.015842 0.011922 0.008756 0.006276 0.004390 0.002998 0.001998 0.001300 0.000826 0.000512 0.000310 0.000184 0.000106 0.000060 0.000033 0.000018 0.000009 0.000005 0.000002 0.000001 0.000001 0.000000 0.000000 0.000000 0.000000 0.000000 0.000000 0.000000 0.000000 0.000000 0.000000 0.000000 0.000000 0.000000 0.000000 0.000000 0.000000 0.000000 0.000000 
0.000000 0.000000 0.000000 0.000000 0.000000 0.000000 0.000000 0.000000 0.000000 0.000000 0.000000 0.000000 0.000000 0.000000 0.000000 0.000000 0.000000 0.000000 0.000001 0.000001 0.000002 0.000005 0.000009 0.000018 0.000034 0.000062 0.000113 0.000200 0.000346 0.000584 0.000963 0.001550 0.002436 0.003740 0.005604 0.008199 0.011709 0.016321 0.022203 0.029479 0.038196 0.048292 0.059576 0.071713 0.084222 0.096502 0.107875 0.117643 0.125159 0.129898 0.131517 0.129898 0.125159 0.117643 0.107875 0.096502 0.084222 0.071713 0.059576 0.048292 0.038196 0.029479 0.022203 0.016321 0.011709 0.008199 0.005604 0.003740 0.002436 0.001550 0.000963 0.000584 0.000346 0.000200 0.000113 0.000062 0.000034 0.000018 0.000009 0.000005 0.000002 0.000001 0.000001 0.000000 0.000000 0.000000 0.000000 0.000000 0.000000 0.000000 0.000000 0.000000 0.000000 0.000000 0.000000 0.000000 0.000000 0.000000 0.000000 0.000000 
0.000000 0.000000 0.000000 0.000000 0.000000 0.000000 0.000000 0.000000 0.000000 0.000000 0.000000 0.000000 0.000000 0.000000 0.000000 0.000000 0.000000 0.000000 0.000001 0.000002 0.000004 0.000009 0.000017 0.000033 0.000062 0.000116 0.000209 0.000369 0.000637 0.001074 0.001768 0.002843 0.004463 0.006843 0.010244 0.014971 0.021359 0.029745 0.040433 0.053641 0.069452 0.087754 0.108199 0.130175 0.152814 0.175030 0.195599 0.213259 0.226845 0.235410 0.238337 0.235410 0.226845 0.213259 0.195599 0.175030 0.152814 0.130175 0.108199 0.087754 0.069452 0.053641 0.040433 0.029745 0.021359 0.014971 0.010244 0.006843 0.004463 0.002843 0.001768 0.001074 0.000637 0.000369 0.000209 0.000116 0.000062 0.000033 0.000017 0.000009 0.000004 0.000002 0.000001 0.000000 0.000000 0.000000 0.000000 0.000000 0.000000 0.000000 0.000000 0.000000 0.000000 0.000000 0.000000 0.000000 0.000000 0.000000 0.000000 0.000000 
0.000000 0.000000 0.000000 0.000000 0.000000 0.000000 0.000000 0.000000 0.000000 0.000000 0.000000 0.000000 0.000000 0.000000 0.000000 0.000000 0.000000 0.000001 0.000002 0.000004 0.000008 0.000016 0.000031 0.000060 0.000113 0.000209 0.000377 0.000665 0.001147 0.001930 0.003174 0.005096 0.007993 0.012240 0.018304 0.026724 0.038091 0.053001 0.071987 0.095433 0.123478 0.155921 0.192140 0.231053 0.271121 0.310427 0.346804 0.378031 0.402048 0.417188 0.422360 0.417188 0.402048 0.378031 0.346804 0.310427 0.271121 0.231053 0.192140 0.155921 0.123478 0.095433 0.071987 0.053001 0.038091 0.026724 0.018304 0.012240 0.007993 0.005096 0.003174 0.001930 0.001147 0.000665 0.000377 0.000209 0.000113 0.000060 0.000031 0.000016 0.000008 0.000004 0.000002 0.000001 0.000000 0.000000 0.000000 0.000000 0.000000 0.000000 0.000000 0.000000 0.000000 0.000000 0.000000 0.000000 0.000000 0.000000 0.000000 0.000000 
0.000000 0.000000 0.000000 0.000000 0.000000 0.000000 0.000000 0.000000 0.000000 0.000000 0.000000 0.000000 0.000000 0.000000 0.000000 0.000000 0.000001 0.000001 0.000003 0.000007 0.000014 0.000028 0.000055 0.000106 0.000200 0.000369 0.000665 0.001172 0.002017 0.003390 0.005567 0.008930 0.013989 0.021400 0.031969 0.046631 0.066406 0.092322 0.125295 0.165985 0.214623 0.270854 0.333595 0.400967 0.470311 0.538309 0.601222 0.655213 0.696732 0.722900 0.731840 0.722900 0.696732 0.655213 0.601222 0.538309 0.470311 0.400967 0.333595 0.270854 0.214623 0.165985 0.125295 0.092322 0.066406 0.046631 0.031969 0.021400 0.013989 0.008930 0.005567 0.003390 0.002017 0.001172 0.000665 0.000369 0.000200 0.000106 0.000055 0.000028 0.000014 0.000007 0.000003 0.000001 0.000001 0.000000 0.000000 0.000000 0.000000 0.000000 0.000000 0.000000 0.000000 0.000000 0.000000 0.000000 0.000000 0.000000 0.000000 0.000000 
0.000000 0.000000 0.000000 0.000000 0.000000 0.000000 0.000000 0.000000 0.000000 0.000000 0.000000 0.000000 0.000000 0.000000 0.000000 0.000001 0.000001 0.000003 0.000006 0.000012 0.000024 0.000048 0.000095 0.000184 0.000346 0.000637 0.001147 0.002017 0.003466 0.005819 0.009544 0.015291 0.023927 0.036567 0.054572 0.079527 0.113156 0.157191 0.213174 0.282209 0.364676 0.459959 0.566216 0.680264 0.797599 0.912616 1.018999 1.110274 1.180451 1.224677 1.239785 1.224677 1.180451 1.110274 1.018999 0.912616 0.797599 0.680264 0.566216 0.459959 0.364676 0.282209 0.213174 0.157191 0.113156 0.079527 0.054572 0.036567 0.023927 0.015291 0.009544 0.005819 0.003466 0.002017 0.001147 0.000637 0.000346 0.000184 0.000095 0.000048 0.000024 0.000012 0.000006 0.000003 0.000001 0.000001 0.000000 0.000000 0.000000 0.000000 0.000000 0.000000 0.000000 0.000000 0.000000 0.000000 0.000000 0.000000 0.000000 0.000000 
0.000000 0.000000 0.000000 0.000000 0.000000 0.000000 0.000000 0.000000 0.000000 0.000000 0.000000 0.000000 0.000000 0.000000 0.000000 0.000001 0.000002 0.000004 0.000009 0.000020 0.000041 0.000082 0.000161 0.000310 0.000584 0.001074 0.001930 0.003390 0.005819 0.009758 0.015986 0.025584 0.039993 0.061059 0.091039 0.132553 0.188449 0.261584 0.354495 0.468988 0.605672 0.763508 0.939434 1.128170 1.322269 1.512468 1.688339 1.839199 1.955169 2.028244 2.053207 2.028244 1.955169 1.839199 1.688339 1.512468 1.322269 1.128170 0.939434 0.763508 0.605672 0.468988 0.354495 0.261584 0.188449 0.132553 0.091039 0.061059 0.039993 0.025584 0.015986 0.009758 0.005819 0.003390 0.001930 0.001074 0.000584 0.000310 0.000161 0.000082 0.000041 0.000020 0.000009 0.000004 0.000002 0.000001 0.000000 0.000000 0.000000 0.000000 0.000000 0.000000 0.000000 0.000000 0.000000 0.000000 0.000000 0.000000 0.000000 0.000000 
0.000000 0.000000 0.000000 0.000000 0.000000 0.000000 0.000000 0.000000 0.000000 0.000000 0.000000 0.000000 0.000000 0.000000 0.000001 0.000001 0.000003 0.000007 0.000016 0.000033 0.000067 0.000136 0.000267 0.000512 0.000963 0.001768 0.003174 0.005567 0.009544 0.015986 0.026161 0.041824 0.065314 0.099624 0.148408 0.215901 0.306703 0.425419 0.576131 0.761729 0.983168 1.238735 1.523453 1.828770 2.142644 2.450109 2.734334 2.978085 3.165433 3.283472 3.323792 3.283472 3.165433 2.978085 2.734334 2.450109 2.142644 1.828770 1.523453 1.238735 0.983168 0.761729 0.576131 0.425419 0.306703 0.215901 0.148408 0.099624 0.065314 0.041824 0.026161 0.015986 0.009544 0.005567 0.003174 0.001768 0.000963 0.000512 0.000267 0.000136 0.000067 0.000033 0.000016 0.000007 0.000003 0.000001 0.000001 0.000000 0.000000 0.000000 0.000000 0.000000 0.000000 0.000000 0.000000 0.000000 0.000000 0.000000 0.000000 0.000000 
0.000000 0.000000 0.000000 0.000000 0.000000 0.000000 0.000000 0.000000 0.000000 0.000000 0.000000 0.000000 0.000000 0.000000 0.000001 0.000002 0.000005 0.000012 0.000025 0.000053 0.000109 0.000219 0.000430 0.000826 0.001550 0.002843 0.005096 0.008930 0.015291 0.025584 0.041824 0.066798 0.104215 0.158816 0.236385 0.343612 0.487762 0.676089 0.915011 1.209056 1.559685 1.964141 2.414522 2.897285 3.393398 3.879229 4.328221 4.713196 5.009043 5.195422 5.259083 5.195422 5.009043 4.713196 4.328221 3.879229 3.393398 2.897285 2.414522 1.964141 1.559685 1.209056 0.915011 0.676089 0.487762 0.343612 0.236385 0.158816 0.104215 0.066798 0.041824 0.025584 0.015291 0.008930 0.005096 0.002843 0.001550 0.000826 0.000430 0.000219 0.000109 0.000053 0.000025 0.000012 0.000005 0.000002 0.000001 0.000000 0.000000 0.000000 0.000000 0.000000 0.000000 0.000000 0.000000 0.000000 0.000000 0.000000 0.000000 0.000000 
0.000000 0.000000 0.000000 0.000000 0.000000 0.000000 0.000000 0.000000 0.000000 0.000000 0.000000 0.000000 0.000000 0.000001 0.000002 0.000004 0.000009 0.000019 0.000040 0.000084 0.000173 0.000346 0.000678 0.001300 0.002436 0.004463 0.007993 0.013989 0.023927 0.039993 0.065314 0.104215 0.162445 0.247344 0.367854 0.534311 0.757921 1.049861 1.419995 1.875256 2.417830 3.043391 3.739671 4.485719 5.252131 6.002437 6.695677 7.289958 7.746585 8.034225 8.132467 8.034225 7.746585 7.289958 6.695677 6.002437 5.252131 4.485719 3.739671 3.043391 2.417830 1.875256 1.419995 1.049861 0.757921 0.534311 0.367854 0.247344 0.162445 0.104215 0.065314 0.039993 0.023927 0.013989 0.007993 0.004463 0.002436 0.001300 0.000678 0.000346 0.000173 0.000084 0.000040 0.000019 0.000009 0.000004 0.000002 0.000001 0.000000 0.000000 0.000000 0.000000 0.000000 0.000000 0.000000 0.000000 0.000000 0.000000 0.000000 0.000000 
0.000000 0.000000 0.000000 0.000000 0.000000 0.000000 0.000000 0.000000 0.000000 0.000000 0.000000 0.000000 0.000000 0.000001 0.000003 0.000006 0.000013 0.000029 0.000062 0.000130 0.000266 0.000533 0.001044 0.001998 0.003740 0.006843 0.012240 0.021400 0.036567 0.061059 0.099624 0.158816 0.247344 0.376308 0.559223 0.811693 1.150611 1.592807 2.153104 2.841877 3.662327 4.607822 5.659761 6.786469 7.943549 9.075995 10.122066 11.018643 11.707447 12.141300 12.289474 12.141300 11.707447 11.018643 10.122066 9.075995 7.943549 6.786469 5.659761 4.607822 3.662327 2.841877 2.153104 1.592807 1.150611 0.811693 0.559223 0.376308 0.247344 0.158816 0.099624 0.061059 0.036567 0.021400 0.012240 0.006843 0.003740 0.001998 0.001044 0.000533 0.000266 0.000130 0.000062 0.000029 0.000013 0.000006 0.000003 0.000001 0.000000 0.000000 0.000000 0.000000 0.000000 0.000000 0.000000 0.000000 0.000000 0.000000 0.000000 0.000000 
0.000000 0.000000 0.000000 0.000000 0.000000 0.000000 0.000000 0.000000 0.000000 0.000000 0.000000 0.000000 0.000001 0.000002 0.000004 0.000009 0.000020 0.000044 0.000094 0.000196 0.000401 0.000802 0.001568 0.002998 0.005604 0.010244 0.018304 0.031969 0.054572 0.091039 0.148408 0.236385 0.367854 0.559223 0.830451 1.204550 1.706416 2.360813 3.189511 4.207692 5.419936 6.816322 8.369296 10.032062 11.739122 13.409394 14.951928 16.273782 17.289175 17.928678 18.147077 17.928678 17.289175 16.273782 14.951928 13.409394 11.739122 10.032062 8.369296 6.816322 5.419936 4.207692 3.189511 2.360813 1.706416 1.204550 0.830451 0.559223 0.367854 0.236385 0.148408 0.091039 0.054572 0.031969 0.018304 0.010244 0.005604 0.002998 0.001568 0.000802 0.000401 0.000196 0.000094 0.000044 0.000020 0.000009 0.000004 0.000002 0.000001 0.000000 0.000000 0.000000 0.000000 0.000000 0.000000 0.000000 0.000000 0.000000 0.000000 0.000000 
0.000000 0.000000 0.000000 0.000000 0.000000 0.000000 0.000000 0.000000 0.000000 0.000000 0.000000 0.000000 0.000001 0.000003 0.000006 0.000013 0.000030 0.000065 0.000138 0.000289 0.000589 0.001177 0.002298 0.004390 0.008199 0.014971 0.026724 0.046631 0.079527 0.132553 0.215901 0.343612 0.534311 0.811693 1.204550 1.746057 2.472054 3.418154 4.615609 6.086132 7.836135 9.851129 12.091243 14.488929 16.949768 19.356972 21.579615 23.483962 24.946619 25.867735 26.182296 25.867735 24.946619 23.483962 21.579615 19.356972 16.949768 14.488929 12.091243 9.851129 7.836135 6.086132 4.615609 3.418154 2.472054 1.746057 1.204550 0.811693 0.534311 0.343612 0.215901 0.132553 0.079527 0.046631 0.026724 0.014971 0.008199 0.004390 0.002298 0.001177 0.000589 0.000289 0.000138 0.000065 0.000030 0.000013 0.000006 0.000003 0.000001 0.000000 0.000000 0.000000 0.000000 0.000000 0.000000 0.000000 0.000000 0.000000 0.000000 0.000000 
0.000000 0.000000 0.000000 0.000000 0.000000 0.000000 0.000000 0.000000 0.000000 0.000000 0.000000 0.000001 0.000002 0.000004 0.000008 0.000019 0.000043 0.000093 0.000199 0.000414 0.000845 0.001686 0.003289 0.006276 0.011709 0.021359 0.038091 0.066406 0.113156 0.188449 0.306703 0.487762 0.757921 1.150611 1.706416 2.472054 3.497950 4.834146 6.524483 8.599318 11.067432 13.908168 17.065172 20.443188 23.909231 27.298936 30.428138 33.108800 35.167473 36.463832 36.906521 36.463832 35.167473 33.108800 30.428138 27.298936 23.909231 20.443188 17.065172 13.908168 11.067432 8.599318 6.524483 4.834146 3.497950 2.472054 1.706416 1.150611 0.757921 0.487762 0.306703 0.188449 0.113156 0.066406 0.038091 0.021359 0.011709 0.006276 0.003289 0.001686 0.000845 0.000414 0.000199 0.000093 0.000043 0.000019 0.000008 0.000004 0.000002 0.000001 0.000000 0.000000 0.000000 0.000000 0.000000 0.000000 0.000000 0.000000 0.000000 0.000000 
0.000000 0.000000 0.000000 0.000000 0.000000 0.000000 0.000000 0.000000 0.000000 0.000000 0.000000 0.000001 0.000002 0.000005 0.000012 0.000027 0.000060 0.000131 0.000279 0.000580 0.001183 0.002357 0.004593 0.008756 0.016321 0.029745 0.053001 0.092322 0.157191 0.261584 0.425419 0.676089 1.049861 1.592807 2.360813 3.418154 4.834146 6.677498 9.008310 11.868067 15.268525 19.180947 23.527528 28.177048 32.946513 37.609911 41.914139 45.600859 48.431847 50.214407 50.823105 50.214407 48.431847 45.600859 41.914139 37.609911 32.946513 28.177048 23.527528 19.180947 15.268525 11.868067 9.008310 6.677498 4.834146 3.418154 2.360813 1.592807 1.049861 0.676089 0.425419 0.261584 0.157191 0.092322 0.053001 0.029745 0.016321 0.008756 0.004593 0.002357 0.001183 0.000580 0.000279 0.000131 0.000060 0.000027 0.000012 0.000005 0.000002 0.000001 0.000000 0.000000 0.000000 0.000000 0.000000 0.000000 0.000000 0.000000 0.000000 0.000000 
0.000000 0.000000 0.000000 0.000000 0.000000 0.000000 0.000000 0.000000 0.000000 0.000000 0.000001 0.000001 0.000003 0.000007 0.000016 0.000037 0.000083 0.000179 0.000381 0.000793 0.001615 0.003215 0.006260 0.011922 0.022203 0.040433 0.071987 0.125295 0.213174 0.354495 0.576131 0.915011 1.419995 2.153104 3.189511 4.615609 6.524483 9.008310 12.147599 15.997754 20.574176 25.837839 31.683836 37.935588 44.347102 50.614764 56.398716 61.352201 65.155538 67.550184 68.367866 67.550184 65.155538 61.352201 56.398716 50.614764 44.347102 37.935588 31.683836 25.837839 20.574176 15.997754 12.147599 9.008310 6.524483 4.615609 3.189511 2.153104 1.419995 0.915011 0.576131 0.354495 0.213174 0.125295 0.071987 0.040433 0.022203 0.011922 0.006260 0.003215 0.001615 0.000793 0.000381 0.000179 0.000083 0.000037 0.000016 0.000007 0.000003 0.000001 0.000001 0.000000 0.000000 0.000000 0.000000 0.000000 0.000000 0.000000 0.000000 0.000000 
0.000000 0.000000 0.000000 0.000000 0.000000 0.000000 0.000000 0.000000 0.000000 0.000000 0.000001 0.000002 0.000004 0.000009 0.000022 0.000050 0.000110 0.000240 0.000509 0.001058 0.002151 0.004279 0.008325 0.015842 0.029479 0.053641 0.095433 0.165985 0.282209 0.468988 0.761729 1.209056 1.875256 2.841877 4.207692 6.086132 8.599318 11.868067 15.997754 21.060696 27.076627 33.993827 41.674151 49.885504 58.304864 66.533784 74.126452 80.628146 85.619745 88.762346 89.835393 88.762346 85.619745 80.628146 74.126452 66.533784 58.304864 49.885504 41.674151 33.993827 27.076627 21.060696 15.997754 11.868067 8.599318 6.086132 4.207692 2.841877 1.875256 1.209056 0.761729 0.468988 0.282209 0.165985 0.095433 0.053641 0.029479 0.015842 0.008325 0.004279 0.002151 0.001058 0.000509 0.000240 0.000110 0.000050 0.000022 0.000009 0.000004 0.000002 0.000001 0.000000 0.000000 0.000000 0.000000 0.000000 0.000000 0.000000 0.000000 0.000000 
0.000000 0.000000 0.000000 0.000000 0.000000 0.000000 0.000000 0.000000 0.000000 0.000000 0.000001 0.000002 0.000005 0.000012 0.000029 0.000065 0.000144 0.000312 0.000663 0.001376 0.002796 0.005557 0.010803 0.020541 0.038196 0.069452 0.123478 0.214623 0.364676 0.605672 0.983168 1.559685 2.417830 3.662327 5.419936 7.836135 11.067432 15.268525 20.574176 27.076627 34.800621 43.679257 53.534891 64.069565 74.868949 85.422259 95.158210 103.494273 109.893640 113.922312 115.297869 113.922312 109.893640 103.494273 95.158210 85.422259 74.868949 64.069565 53.534891 43.679257 34.800621 27.076627 20.574176 15.268525 11.067432 7.836135 5.419936 3.662327 2.417830 1.559685 0.983168 0.605672 0.364676 0.214623 0.123478 0.069452 0.038196 0.020541 0.010803 0.005557 0.002796 0.001376 0.000663 0.000312 0.000144 0.000065 0.000029 0.000012 0.000005 0.000002 0.000001 0.000000 0.000000 0.000000 0.000000 0.000000 0.000000 0.000000 0.000000 0.000000 
0.000000 0.000000 0.000000 0.000000 0.000000 0.000000 0.000000 0.000000 0.000000 0.000000 0.000001 0.000003 0.000007 0.000016 0.000037 0.000083 0.000183 0.000397 0.000841 0.001746 0.003545 0.007040 0.013677 0.025987 0.048292 0.087754 0.155921 0.270854 0.459959 0.763508 1.238735 1.964141 3.043391 4.607822 6.816322 9.851129 13.908168 19.180947 25.837839 33.993827 43.679257 54.809684 67.162036 80.362730 93.892687 107.112306 119.306487 129.746244 137.759939 142.804638 144.527065 142.804638 137.759939 129.746244 119.306487 107.112306 93.892687 80.362730 67.162036 54.809684 43.679257 33.993827 25.837839 19.180947 13.908168 9.851129 6.816322 4.607822 3.043391 1.964141 1.238735 0.763508 0.459959 0.270854 0.155921 0.087754 0.048292 0.025987 0.013677 0.007040 0.003545 0.001746 0.000841 0.000397 0.000183 0.000083 0.000037 0.000016 0.000007 0.000003 0.000001 0.000000 0.000000 0.000000 0.000000 0.000000 0.000000 0.000000 0.000000 0.000000 
0.000000 0.000000 0.000000 0.000000 0.000000 0.000000 0.000000 0.000000 0.000000 0.000001 0.000001 0.000003 0.000008 0.000020 0.000045 0.000103 0.000227 0.000492 0.001042 0.002161 0.004384 0.008701 0.016893 0.032079 0.059576 0.108199 0.192140 0.333595 0.566216 0.939434 1.523453 2.414522 3.739671 5.659761 8.369296 12.091243 17.065172 23.527528 31.683836 41.674151 53.534891 67.162036 82.282068 98.437545 114.993313 131.167099 146.084572 158.854629 168.656413 174.826446 176.933050 174.826446 168.656413 158.854629 146.084572 131.167099 114.993313 98.437545 82.282068 67.162036 53.534891 41.674151 31.683836 23.527528 17.065172 12.091243 8.369296 5.659761 3.739671 2.414522 1.523453 0.939434 0.566216 0.333595 0.192140 0.108199 0.059576 0.032079 0.016893 0.008701 0.004384 0.002161 0.001042 0.000492 0.000227 0.000103 0.000045 0.000020 0.000008 0.000003 0.000001 0.000001 0.000000 0.000000 0.000000 0.000000 0.000000 0.000000 0.000000 0.000000 
0.000000 0.000000 0.000000 0.000000 0.000000 0.000000 0.000000 0.000000 0.000000 0.000001 0.000002 0.000004 0.000010 0.000024 0.000055 0.000124 0.000275 0.000594 0.001259 0.002608 0.005289 0.010491 0.020356 0.038634 0.071713 0.130175 0.231053 0.400967 0.680264 1.128170 1.828770 2.897285 4.485719 6.786469 10.032062 14.488929 20.443188 28.177048 37.935588 49.885504 64.069565 80.362730 98.437545 117.747010 137.532092 156.858319 174.681547 189.937820 201.647207 209.017738 211.534172 209.017738 201.647207 189.937820 174.681547 156.858319 137.532092 117.747010 98.437545 80.362730 64.069565 49.885504 37.935588 28.177048 20.443188 14.488929 10.032062 6.786469 4.485719 2.897285 1.828770 1.128170 0.680264 0.400967 0.231053 0.130175 0.071713 0.038634 0.020356 0.010491 0.005289 0.002608 0.001259 0.000594 0.000275 0.000124 0.000055 0.000024 0.000010 0.000004 0.000002 0.000001 0.000000 0.000000 0.000000 0.000000 0.000000 0.000000 0.000000 0.000000 
