0.000000 0.000000 0.000000 0.000000 0.000000 0.000000 0.000001 0.000001 0.000001 0.000002 0.000002 0.000004 0.000005 0.000007 0.000010 0.000014 0.000020 0.000027 0.000036 0.000048 0.000064 0.000085 0.000110 0.000142 0.000182 0.000231 0.000290 0.000362 0.000446 0.000545 0.000660 0.000792 0.000941 0.001108 0.001292 0.001494 0.001710 0.001940 0.002181 0.002428 0.002678 0.002927 0.003169 0.003399 0.003612 0.003803 0.003967 0.004098 0.004195 0.004255 0.004275 0.004255 0.004195 0.004098 0.003967 0.003803 0.003612 0.003399 0.003169 0.002927 0.002678 0.002428 0.002181 0.001940 0.001710 0.001494 0.001292 0.001108 0.000941 0.000792 0.000660 0.000545 0.000446 0.000362 0.000290 0.000231 0.000182 0.000142 0.000110 0.000085 0.000064 0.000048 0.000036 0.000027 0.000020 0.000014 0.000010 0.000007 0.000005 0.000004 0.000002 0.000002 0.000001 0.000001 0.000001 0.000000 0.000000 0.000000 0.000000 0.000000 
0.000000 0.000000 0.000000 0.000000 0.000000 0.000000 0.000001 0.000001 0.000001 0.000002 0.000002 0.000004 0.000005 0.000007 0.000010 0.000014 0.000020 0.000027 0.000036 0.000048 0.000064 0.000085 0.000110 0.000142 0.000182 0.000231 0.000290 0.000362 0.000446 0.000545 0.000660 0.000792 0.000941 0.001108 0.001292 0.001494 0.001710 0.001940 0.002181 0.002428 0.002678 0.002927 0.003169 0.003399 0.003612 0.003803 0.003967 0.004098 0.004195 0.004255 0.004275 0.004255 0.004195 0.004098 0.003967 0.003803 0.003612 0.003399 0.003169 0.002927 0.002678 0.002428 0.002181 0.001940 0.001710 0.001494 0.001292 0.001108 0.000941 0.000792 0.000660 0.000545 0.000446 0.000362 0.000290 0.000231 0.000182 0.000142 0.000110 0.000085 0.000064 0.000048 0.000036 0.000027 0.000020 0.000014 0.000010 0.000007 0.000005 0.000004 0.000002 0.000002 0.000001 0.000001 0.000001 0.000000 0.000000 0.000000 0.000000 0.000000 
0.000000 0.000000 0.000000 0.000000 0.000000 0.000000 0.000001 0.000001 0.000001 0.000002 0.000003 0.000004 0.000006 0.000009 0.000012 0.000017 0.000023 0.000032 0.000043 0.000058 0.000077 0.000101 0.000132 0.000170 0.000218 0.000276 0.000347 0.000432 0.000533 0.000651 0.000788 0.000946 0.001124 0.001323 0.001543 0.001783 0.002042 0.002316 0.002603 0.002898 0.003197 0.003494 0.003782 0.004057 0.004311 0.004538 0.004733 0.004891 0.005006 0.005077 0.005101 0.005077 0.005006 0.004891 0.004733 0.004538 0.004311 0.004057 0.003782 0.003494 0.003197 0.002898 0.002603 0.002316 0.002042 0.001783 0.001543 0.001323 0.001124 0.000946 0.000788 0.000651 0.000533 0.000432 0.000347 0.000276 0.000218 0.000170 0.000132 0.000101 0.000077 0.000058 0.000043 0.000032 0.000023 0.000017 0.000012 0.000009 0.000006 0.000004 0.000003 0.000002 0.000001 0.000001 0.000001 0.000000 0.000000 0.000000 0.000000 0.000000 
0.000000 0.000000 0.000000 0.000000 0.000000 0.000001 0.000001 0.000001 0.000002 0.000003 0.000004 0.000006 0.000008 0.000012 0.000017 0.000023 0.000032 0.000043 0.000059 0.000078 0.000104 0.000137 0.000178 0.000230 0.000295 0.000374 0.000469 0.000584 0.000720 0.000880 0.001065 0.001278 0.001518 0.001787 0.002084 0.002408 0.002757 0.003127 0.003514 0.003912 0.004315 0.004715 0.005104 0.005475 0.005817 0.006124 0.006387 0.006599 0.006755 0.006850 0.006882 0.006850 0.006755 0.006599 0.006387 0.006124 0.005817 0.005475 0.005104 0.004715 0.004315 0.003912 0.003514 0.003127 0.002757 0.002408 0.002084 0.001787 0.001518 0.001278 0.001065 0.000880 0.000720 0.000584 0.000469 0.000374 0.000295 0.000230 0.000178 0.000137 0.000104 0.000078 0.000059 0.000043 0.000032 0.000023 0.000017 0.000012 0.000008 0.000006 0.000004 0.000003 0.000002 0.000001 0.000001 0.000001 0.000000 0.000000 0.000000 0.000000 
0.000000 0.000000 0.000000 0.000000 0.000001 0.000001 0.000001 0.000002 0.000003 0.000004 0.000006 0.000008 0.000012 0.000017 0.000024 0.000033 0.000046 0.000062 0.000084 0.000113 0.000150 0.000197 0.000257 0.000332 0.000425 0.000538 0.000676 0.000841 0.001037 0.001267 0.001534 0.001839 0.002184 0.002571 0.002998 0.003464 0.003965 0.004497 0.005053 0.005625 0.006203 0.006778 0.007337 0.007869 0.008361 0.008801 0.009178 0.009483 0.009707 0.009843 0.009889 0.009843 0.009707 0.009483 0.009178 0.008801 0.008361 0.007869 0.007337 0.006778 0.006203 0.005625 0.005053 0.004497 0.003965 0.003464 0.002998 0.002571 0.002184 0.001839 0.001534 0.001267 0.001037 0.000841 0.000676 0.000538 0.000425 0.000332 0.000257 0.000197 0.000150 0.000113 0.000084 0.000062 0.000046 0.000033 0.000024 0.000017 0.000012 0.000008 0.000006 0.000004 0.000003 0.000002 0.000001 0.000001 0.000001 0.000000 0.000000 0.000000 
0.000000 0.000000 0.000000 0.000001 0.000001 0.000001 0.000002 0.000003 0.000004 0.000006 0.000009 0.000013 0.000018 0.000025 0.000035 0.000049 0.000068 0.000092 0.000125 0.000167 0.000222 0.000292 0.000380 0.000491 0.000627 0.000795 0.000998 0.001242 0.001531 0.001870 0.002263 0.002713 0.003222 0.003792 0.004422 0.005108 0.005846 0.006629 0.007448 0.008290 0.009142 0.009988 0.010811 0.011594 0.012318 0.012966 0.013522 0.013970 0.014299 0.014501 0.014569 0.014501 0.014299 0.013970 0.013522 0.012966 0.012318 0.011594 0.010811 0.009988 0.009142 0.008290 0.007448 0.006629 0.005846 0.005108 0.004422 0.003792 0.003222 0.002713 0.002263 0.001870 0.001531 0.001242 0.000998 0.000795 0.000627 0.000491 0.000380 0.000292 0.000222 0.000167 0.000125 0.000092 0.000068 0.000049 0.000035 0.000025 0.000018 0.000013 0.000009 0.000006 0.000004 0.000003 0.000002 0.000001 0.000001 0.000001 0.000001 0.000001 
0.000001 0.000001 0.000001 0.000001 0.000001 0.000002 0.000003 0.000004 0.000006 0.000009 0.000013 0.000019 0.000027 0.000038 0.000053 0.000073 0.000101 0.000137 0.000186 0.000249 0.000330 0.000434 0.000565 0.000729 0.000932 0.001181 0.001482 0.001844 0.002272 0.002775 0.003357 0.004024 0.004780 0.005624 0.006557 0.007574 0.008668 0.009828 0.011041 0.012288 0.013550 0.014803 0.016022 0.017181 0.018253 0.019212 0.020035 0.020699 0.021186 0.021484 0.021585 0.021484 0.021186 0.020699 0.020035 0.019212 0.018253 0.017181 0.016022 0.014803 0.013550 0.012288 0.011041 0.009828 0.008668 0.007574 0.006557 0.005624 0.004780 0.004024 0.003357 0.002775 0.002272 0.001844 0.001482 0.001181 0.000932 0.000729 0.000565 0.000434 0.000330 0.000249 0.000186 0.000137 0.000101 0.000073 0.000053 0.000038 0.000027 0.000019 0.000013 0.000009 0.000006 0.000004 0.000003 0.000002 0.000001 0.000001 0.000001 0.000001 
0.000001 0.000001 0.000001 0.000001 0.000002 0.000003 0.000004 0.000006 0.000009 0.000013 0.000019 0.000028 0.000040 0.000056 0.000078 0.000109 0.000150 0.000204 0.000275 0.000369 0.000489 0.000643 0.000837 0.001080 0.001380 0.001748 0.002195 0.002729 0.003363 0.004106 0.004967 0.005953 0.007070 0.008318 0.009697 0.011199 0.012815 0.014530 0.016321 0.018163 0.020027 0.021877 0.023678 0.025389 0.026972 0.028389 0.029603 0.030583 0.031303 0.031743 0.031891 0.031743 0.031303 0.030583 0.029603 0.028389 0.026972 0.025389 0.023678 0.021877 0.020027 0.018163 0.016321 0.014530 0.012815 0.011199 0.009697 0.008318 0.007070 0.005953 0.004967 0.004106 0.003363 0.002729 0.002195 0.001748 0.001380 0.001080 0.000837 0.000643 0.000489 0.000369 0.000275 0.000204 0.000150 0.000109 0.000078 0.000056 0.000040 0.000028 0.000019 0.000013 0.000009 0.000006 0.000004 0.000003 0.000002 0.000001 0.000001 0.000001 
0.000001 0.000001 0.000001 0.000002 0.000003 0.000004 0.000006 0.000009 0.000013 0.000020 0.000028 0.000041 0.000058 0.000082 0.000115 0.000160 0.000220 0.000300 0.000406 0.000543 0.000720 0.000946 0.001232 0.001589 0.002031 0.002572 0.003228 0.004014 0.004945 0.006037 0.007302 0.008751 0.010390 0.012223 0.014248 0.016454 0.018827 0.021343 0.023972 0.026676 0.029411 0.032127 0.034768 0.037280 0.039603 0.041681 0.043462 0.044900 0.045957 0.046602 0.046820 0.046602 0.045957 0.044900 0.043462 0.041681 0.039603 0.037280 0.034768 0.032127 0.029411 0.026676 0.023972 0.021343 0.018827 0.016454 0.014248 0.012223 0.010390 0.008751 0.007302 0.006037 0.004945 0.004014 0.003228 0.002572 0.002031 0.001589 0.001232 0.000946 0.000720 0.000543 0.000406 0.000300 0.000220 0.000160 0.000115 0.000082 0.000058 0.000041 0.000028 0.000020 0.000013 0.000009 0.000006 0.000004 0.000003 0.000002 0.000002 0.000002 
0.000002 0.000002 0.000002 0.000003 0.000004 0.000006 0.000009 0.000013 0.000020 0.000029 0.000042 0.000060 0.000085 0.000121 0.000169 0.000234 0.000322 0.000439 0.000593 0.000793 0.001052 0.001381 0.001798 0.002320 0.002965 0.003754 0.004711 0.005857 0.007215 0.008806 0.010650 0.012761 0.015150 0.017821 0.020770 0.023984 0.027440 0.031104 0.034933 0.038871 0.042853 0.046807 0.050654 0.054310 0.057691 0.060717 0.063310 0.065403 0.066941 0.067881 0.068197 0.067881 0.066941 0.065403 0.063310 0.060717 0.057691 0.054310 0.050654 0.046807 0.042853 0.038871 0.034933 0.031104 0.027440 0.023984 0.020770 0.017821 0.015150 0.012761 0.010650 0.008806 0.007215 0.005857 0.004711 0.003754 0.002965 0.002320 0.001798 0.001381 0.001052 0.000793 0.000593 0.000439 0.000322 0.000234 0.000169 0.000121 0.000085 0.000060 0.000042 0.000029 0.000020 0.000013 0.000009 0.000006 0.000004 0.000003 0.000003 0.000003 
0.000002 0.000002 0.000003 0.000004 0.000006 0.000009 0.000013 0.000019 0.000028 0.000042 0.000060 0.000087 0.000124 0.000175 0.000245 0.000340 0.000467 0.000636 0.000859 0.001149 0.001523 0.002000 0.002604 0.003358 0.004291 0.005433 0.006816 0.008472 0.010435 0.012736 0.015400 0.018451 0.021903 0.025761 0.030021 0.034663 0.039655 0.044947 0.050475 0.056161 0.061911 0.067619 0.073172 0.078450 0.083331 0.087698 0.091441 0.094462 0.096682 0.098038 0.098495 0.098038 0.096682 0.094462 0.091441 0.087698 0.083331 0.078450 0.073172 0.067619 0.061911 0.056161 0.050475 0.044947 0.039655 0.034663 0.030021 0.025761 0.021903 0.018451 0.015400 0.012736 0.010435 0.008472 0.006816 0.005433 0.004291 0.003358 0.002604 0.002000 0.001523 0.001149 0.000859 0.000636 0.000467 0.000340 0.000245 0.000175 0.000124 0.000087 0.000060 0.000042 0.000028 0.000019 0.000013 0.000009 0.000006 0.000005 0.000004 0.000004 
0.000004 0.000004 0.000004 0.000006 0.000008 0.000013 0.000019 0.000028 0.000041 0.000060 0.000087 0.000125 0.000178 0.000251 0.000352 0.000488 0.000671 0.000914 0.001233 0.001650 0.002186 0.002871 0.003736 0.004818 0.006155 0.007792 0.009775 0.012149 0.014962 0.018257 0.022074 0.026444 0.031388 0.036914 0.043014 0.049660 0.056806 0.064382 0.072295 0.080434 0.088663 0.096832 0.104779 0.112331 0.119316 0.125564 0.130920 0.135243 0.138418 0.140359 0.141012 0.140359 0.138418 0.135243 0.130920 0.125564 0.119316 0.112331 0.104779 0.096832 0.088663 0.080434 0.072295 0.064382 0.056806 0.049660 0.043014 0.036914 0.031388 0.026444 0.022074 0.018257 0.014962 0.012149 0.009775 0.007792 0.006155 0.004818 0.003736 0.002871 0.002186 0.001650 0.001233 0.000914 0.000671 0.000488 0.000352 0.000251 0.000178 0.000125 0.000087 0.000060 0.000041 0.000028 0.000019 0.000013 0.000009 0.000007 0.000006 0.000006 
0.000005 0.000005 0.000006 0.000008 0.000012 0.000018 0.000027 0.000040 0.000058 0.000085 0.000124 0.000178 0.000254 0.000358 0.000501 0.000695 0.000955 0.001301 0.001756 0.002348 0.003111 0.004084 0.005314 0.006851 0.008752 0.011078 0.013894 0.017267 0.021262 0.025941 0.031361 0.037565 0.044583 0.052427 0.061084 0.070516 0.080656 0.091405 0.102633 0.114178 0.125852 0.137440 0.148712 0.159424 0.169330 0.178192 0.185788 0.191919 0.196421 0.199174 0.200100 0.199174 0.196421 0.191919 0.185788 0.178192 0.169330 0.159424 0.148712 0.137440 0.125852 0.114178 0.102633 0.091405 0.080656 0.070516 0.061084 0.052427 0.044583 0.037565 0.031361 0.025941 0.021262 0.017267 0.013894 0.011078 0.008752 0.006851 0.005314 0.004084 0.003111 0.002348 0.001756 0.001301 0.000955 0.000695 0.000501 0.000358 0.000254 0.000178 0.000124 0.000085 0.000058 0.000040 0.000027 0.000018 0.000013 0.000010 0.000008 0.000008 
0.000007 0.000007 0.000009 0.000012 0.000017 0.000025 0.000038 0.000056 0.000082 0.000121 0.000175 0.000251 0.000358 0.000506 0.000708 0.000981 0.001348 0.001835 0.002476 0.003311 0.004386 0.005758 0.007490 0.009655 0.012332 0.015608 0.019573 0.024321 0.029944 0.036530 0.044157 0.052886 0.062760 0.073795 0.085972 0.099239 0.113500 0.128616 0.144404 0.160638 0.177051 0.193344 0.209190 0.224248 0.238174 0.250631 0.261308 0.269925 0.276254 0.280123 0.281424 0.280123 0.276254 0.269925 0.261308 0.250631 0.238174 0.224248 0.209190 0.193344 0.177051 0.160638 0.144404 0.128616 0.113500 0.099239 0.085972 0.073795 0.062760 0.052886 0.044157 0.036530 0.029944 0.024321 0.019573 0.015608 0.012332 0.009655 0.007490 0.005758 0.004386 0.003311 0.002476 0.001835 0.001348 0.000981 0.000708 0.000506 0.000358 0.000251 0.000175 0.000121 0.000083 0.000056 0.000038 0.000026 0.000018 0.000014 0.000011 0.000011 
0.000010 0.000010 0.000012 0.000017 0.000024 0.000035 0.000053 0.000078 0.000115 0.000169 0.000245 0.000352 0.000501 0.000708 0.000990 0.001372 0.001885 0.002566 0.003461 0.004627 0.006129 0.008045 0.010464 0.013486 0.017222 0.021793 0.027326 0.033950 0.041795 0.050982 0.061618 0.073792 0.087560 0.102944 0.119921 0.138415 0.158292 0.179360 0.201364 0.223987 0.246858 0.269560 0.291639 0.312619 0.332021 0.349376 0.364249 0.376255 0.385071 0.390461 0.392274 0.390461 0.385071 0.376255 0.364249 0.349376 0.332021 0.312619 0.291639 0.269560 0.246858 0.223987 0.201364 0.179360 0.158292 0.138415 0.119921 0.102944 0.087560 0.073792 0.061618 0.050982 0.041795 0.033950 0.027326 0.021793 0.017222 0.013486 0.010464 0.008045 0.006129 0.004627 0.003461 0.002566 0.001885 0.001372 0.000990 0.000708 0.000501 0.000352 0.000245 0.000169 0.000116 0.000079 0.000053 0.000036 0.000025 0.000019 0.000016 0.000016 
0.000014 0.000014 0.000017 0.000023 0.000033 0.000049 0.000073 0.000109 0.000160 0.000234 0.000340 0.000488 0.000695 0.000981 0.001372 0.001902 0.002612 0.003555 0.004795 0.006409 0.008488 0.011139 0.014486 0.018666 0.023835 0.030157 0.037808 0.046968 0.057813 0.070512 0.085214 0.102038 0.121065 0.142323 0.165779 0.191328 0.218788 0.247890 0.278281 0.309526 0.341113 0.372463 0.402952 0.431922 0.458712 0.482675 0.503211 0.519786 0.531959 0.539400 0.541903 0.539400 0.531959 0.519786 0.503211 0.482675 0.458712 0.431922 0.402952 0.372463 0.341113 0.309526 0.278281 0.247890 0.218788 0.191328 0.165779 0.142323 0.121065 0.102038 0.085214 0.070512 0.057813 0.046968 0.037808 0.030157 0.023835 0.018666 0.014486 0.011139 0.008488 0.006409 0.004795 0.003555 0.002612 0.001902 0.001372 0.000981 0.000695 0.000488 0.000340 0.000234 0.000161 0.000109 0.000074 0.000051 0.000035 0.000026 0.000022 0.000022 
0.000020 0.000020 0.000023 0.000032 0.000046 0.000068 0.000101 0.000150 0.000220 0.000322 0.000467 0.000671 0.000955 0.001348 0.001885 0.002612 0.003587 0.004881 0.006582 0.008796 0.011648 0.015284 0.019873 0.025605 0.032690 0.041356 0.051841 0.064392 0.079252 0.096650 0.116789 0.139833 0.165891 0.195001 0.227119 0.262101 0.299695 0.339534 0.381136 0.423904 0.467137 0.510044 0.551770 0.591416 0.628077 0.660869 0.688969 0.711650 0.728307 0.738488 0.741913 0.738488 0.728307 0.711650 0.688969 0.660869 0.628077 0.591416 0.551770 0.510044 0.467137 0.423904 0.381136 0.339534 0.299695 0.262101 0.227119 0.195001 0.165891 0.139833 0.116789 0.096650 0.079252 0.064392 0.051841 0.041356 0.032690 0.025605 0.019873 0.015284 0.011648 0.008796 0.006582 0.004881 0.003587 0.002612 0.001885 0.001348 0.000955 0.000671 0.000467 0.000322 0.000221 0.000150 0.000102 0.000070 0.000049 0.000036 0.000031 0.000031 
0.000027 0.000027 0.000032 0.000043 0.000062 0.000092 0.000137 0.000204 0.000300 0.000439 0.000636 0.000914 0.001301 0.001835 0.002566 0.003555 0.004881 0.006641 0.008955 0.011964 0.015840 0.020782 0.027018 0.034807 0.044432 0.056202 0.070444 0.087488 0.107665 0.131286 0.158625 0.189905 0.225272 0.264780 0.308365 0.355832 0.406839 0.460890 0.517329 0.575345 0.633988 0.692188 0.748782 0.802553 0.852273 0.896745 0.934854 0.965612 0.988201 1.002007 1.006652 1.002007 0.988201 0.965612 0.934854 0.896745 0.852273 0.802553 0.748782 0.692188 0.633988 0.575345 0.517329 0.460890 0.406839 0.355832 0.308365 0.264780 0.225272 0.189905 0.158625 0.131286 0.107665 0.087488 0.070444 0.056202 0.044432 0.034807 0.027018 0.020782 0.015840 0.011964 0.008955 0.006641 0.004881 0.003555 0.002566 0.001835 0.001301 0.000914 0.000636 0.000439 0.000301 0.000205 0.000139 0.000095 0.000066 0.000050 0.000042 0.000042 
0.000036 0.000036 0.000043 0.000059 0.000084 0.000125 0.000186 0.000275 0.000406 0.000593 0.000859 0.001233 0.001756 0.002476 0.003461 0.004795 0.006582 0.008955 0.012071 0.016126 0.021348 0.028004 0.036402 0.046888 0.059846 0.075691 0.094859 0.117797 0.144948 0.176729 0.213510 0.255589 0.303162 0.356298 0.414913 0.478745 0.547332 0.620007 0.695886 0.773883 0.852718 0.930953 1.007026 1.079303 1.146130 1.205903 1.257122 1.298461 1.328819 1.347374 1.353616 1.347374 1.328819 1.298461 1.257122 1.205903 1.146130 1.079303 1.007026 0.930953 0.852718 0.773883 0.695886 0.620007 0.547332 0.478745 0.414913 0.356298 0.303162 0.255589 0.213510 0.176729 0.144948 0.117797 0.094859 0.075691 0.059846 0.046888 0.036402 0.028004 0.021348 0.016126 0.012072 0.008955 0.006582 0.004795 0.003461 0.002476 0.001756 0.001234 0.000859 0.000593 0.000406 0.000277 0.000188 0.000128 0.000090 0.000067 0.000056 0.000056 
0.000048 0.000048 0.000058 0.000078 0.000113 0.000167 0.000249 0.000369 0.000543 0.000793 0.001149 0.001650 0.002348 0.003311 0.004627 0.006409 0.008796 0.011964 0.016126 0.021540 0.028510 0.037393 0.048601 0.062593 0.079882 0.101018 0.126585 0.157178 0.193384 0.235761 0.284800 0.340896 0.404311 0.475136 0.553258 0.638325 0.729724 0.826562 0.927666 1.031584 1.136613 1.240838 1.342178 1.438457 1.527475 1.607093 1.675316 1.730376 1.770812 1.795525 1.803840 1.795525 1.770812 1.730376 1.675316 1.607093 1.527475 1.438457 1.342178 1.240838 1.136613 1.031584 0.927666 0.826562 0.729724 0.638325 0.553258 0.475136 0.404311 0.340896 0.284800 0.235761 0.193384 0.157178 0.126585 0.101018 0.079882 0.062593 0.048601 0.037393 0.028510 0.021540 0.016126 0.011964 0.008796 0.006409 0.004627 0.003311 0.002348 0.001650 0.001149 0.000794 0.000544 0.000370 0.000252 0.000172 0.000120 0.000090 0.000076 0.000076 
0.000064 0.000064 0.000077 0.000104 0.000150 0.000222 0.000330 0.000489 0.000720 0.001052 0.001523 0.002186 0.003111 0.004386 0.006129 0.008488 0.011648 0.015840 0.021348 0.028510 0.037730 0.049480 0.064301 0.082803 0.105661 0.133603 0.167398 0.207831 0.255680 0.311676 0.376469 0.450580 0.534353 0.627907 0.731091 0.843440 0.964143 1.092022 1.225524 1.362736 1.501408 1.639011 1.772799 1.899901 2.017414 2.122515 2.212571 2.285252 2.338626 2.371248 2.382223 2.371248 2.338626 2.285252 2.212571 2.122515 2.017414 1.899901 1.772799 1.639011 1.501408 1.362736 1.225524 1.092022 0.964143 0.843440 0.731091 0.627907 0.534353 0.450580 0.376469 0.311676 0.255680 0.207831 0.167398 0.133603 0.105661 0.082803 0.064301 0.049480 0.037730 0.028510 0.021348 0.015840 0.011648 0.008488 0.006129 0.004386 0.003111 0.002187 0.001524 0.001052 0.000721 0.000491 0.000334 0.000228 0.000160 0.000119 0.000100 0.000100 
0.000085 0.000085 0.000101 0.000137 0.000197 0.000292 0.000434 0.000643 0.000946 0.001381 0.002000 0.002871 0.004084 0.005758 0.008045 0.011139 0.015284 0.020782 0.028004 0.037393 0.049480 0.064881 0.084304 0.108549 0.138497 0.175102 0.219370 0.272328 0.334991 0.408318 0.493156 0.590186 0.699856 0.822322 0.957382 1.104429 1.262399 1.429749 1.604449 1.783992 1.965438 2.145477 2.320519 2.486805 2.640542 2.778036 2.895847 2.990925 3.060746 3.103420 3.117776 3.103420 3.060746 2.990925 2.895847 2.778036 2.640542 2.486805 2.320519 2.145477 1.965438 1.783992 1.604449 1.429749 1.262399 1.104429 0.957382 0.822322 0.699856 0.590186 0.493156 0.408318 0.334991 0.272328 0.219370 0.175102 0.138497 0.108549 0.084304 0.064881 0.049480 0.037393 0.028004 0.020782 0.015284 0.011139 0.008045 0.005758 0.004085 0.002872 0.002001 0.001383 0.000948 0.000646 0.000439 0.000300 0.000210 0.000157 0.000132 0.000132 
0.000110 0.000110 0.000132 0.000178 0.000257 0.000380 0.000565 0.000837 0.001232 0.001798 0.002604 0.003736 0.005314 0.007490 0.010464 0.014486 0.019873 0.027018 0.036402 0.048601 0.064301 0.084304 0.109529 0.141011 0.179894 0.227416 0.284878 0.353614 0.434939 0.530095 0.640178 0.766069 0.908349 1.067217 1.242411 1.433139 1.638021 1.855057 2.081611 2.314434 2.549714 2.783158 3.010114 3.225710 3.425029 3.603286 3.756020 3.879281 3.969796 4.025118 4.043729 4.025118 3.969796 3.879281 3.756020 3.603286 3.425029 3.225710 3.010114 2.783158 2.549714 2.314434 2.081611 1.855057 1.638021 1.433139 1.242411 1.067217 0.908349 0.766069 0.640178 0.530095 0.434939 0.353614 0.284878 0.227416 0.179894 0.141011 0.109529 0.084304 0.064301 0.048601 0.036402 0.027018 0.019873 0.014486 0.010464 0.007491 0.005314 0.003737 0.002604 0.001800 0.001234 0.000841 0.000571 0.000391 0.000274 0.000204 0.000172 0.000172 
0.000142 0.000142 0.000170 0.000230 0.000332 0.000491 0.000729 0.001080 0.001589 0.002320 0.003358 0.004818 0.006851 0.009655 0.013486 0.018666 0.025605 0.034807 0.046888 0.062593 0.082803 0.108549 0.141011 0.181520 0.231549 0.292685 0.366601 0.455011 0.559602 0.681969 0.823521 0.985386 1.168308 1.372541 1.597745 1.842902 2.106236 2.385174 2.676329 2.975525 3.277864 3.577832 3.869452 4.146467 4.402559 4.631584 4.827813 4.986174 5.102463 5.173535 5.197446 5.173535 5.102463 4.986174 4.827813 4.631584 4.402559 4.146467 3.869452 3.577832 3.277864 2.975525 2.676329 2.385174 2.106236 1.842902 1.597745 1.372541 1.168308 0.985386 0.823521 0.681969 0.559602 0.455011 0.366601 0.292685 0.231549 0.181520 0.141011 0.108549 0.082803 0.062593 0.046888 0.034807 0.025605 0.018667 0.013486 0.009656 0.006851 0.004818 0.003359 0.002322 0.001592 0.001085 0.000737 0.000504 0.000353 0.000264 0.000222 0.000222 
0.000182 0.000182 0.000218 0.000295 0.000425 0.000627 0.000932 0.001380 0.002031 0.002965 0.004291 0.006155 0.008752 0.012332 0.017222 0.023835 0.032690 0.044432 0.059846 0.079882 0.105661 0.138497 0.179894 0.231549 0.295334 0.373273 0.467495 0.580181 0.713479 0.869418 1.049791 1.256030 1.489082 1.749265 2.036145 2.348422 2.683832 3.039097 3.409902 3.790930 4.175943 4.557921 4.929255 5.281980 5.608055 5.899659 6.149501 6.351124 6.499181 6.589669 6.620111 6.589669 6.499181 6.351124 6.149501 5.899659 5.608055 5.281980 4.929255 4.557921 4.175943 3.790930 3.409902 3.039097 2.683832 2.348422 2.036145 1.749265 1.489082 1.256030 1.049791 0.869418 0.713479 0.580181 0.467495 0.373273 0.295334 0.231549 0.179894 0.138497 0.105661 0.079882 0.059846 0.044432 0.032690 0.023835 0.017222 0.012333 0.008752 0.006156 0.004292 0.002967 0.002035 0.001387 0.000943 0.000645 0.000452 0.000338 0.000284 0.000284 
0.000231 0.000231 0.000276 0.000374 0.000538 0.000795 0.001181 0.001748 0.002572 0.003754 0.005433 0.007792 0.011078 0.015608 0.021793 0.030157 0.041356 0.056202 0.075691 0.101018 0.133603 0.175102 0.227416 0.292685 0.373273 0.471732 0.590752 0.733080 0.901429 1.098354 1.326116 1.586521 1.880758 2.209227 2.571376 2.965558 3.388918 3.837314 4.305301 4.786167 5.272041 5.754067 6.222643 6.667725 7.079166 7.447103 7.762341 8.016734 8.203539 8.317708 8.356116 8.317708 8.203539 8.016734 7.762341 7.447103 7.079166 6.667725 6.222643 5.754067 5.272041 4.786167 4.305301 3.837314 3.388918 2.965558 2.571376 2.209227 1.880758 1.586521 1.326116 1.098354 0.901429 0.733080 0.590752 0.471732 0.373273 0.292685 0.227416 0.175102 0.133603 0.101018 0.075691 0.056202 0.041356 0.030157 0.021793 0.015608 0.011078 0.007793 0.005434 0.003757 0.002578 0.001757 0.001195 0.000817 0.000573 0.000428 0.000361 0.000361 
0.000290 0.000290 0.000347 0.000469 0.000676 0.000998 0.001482 0.002195 0.003228 0.004711 0.006816 0.009775 0.013894 0.019573 0.027326 0.037808 0.051841 0.070444 0.094859 0.126585 0.167398 0.219370 0.284878 0.366601 0.467495 0.590752 0.739732 0.917873 1.128564 1.374998 1.659999 1.985822 2.353950 2.764879 3.217914 3.710993 4.240539 4.801372 5.386679 5.988066 6.595692 7.198483 7.784435 8.340990 8.855466 9.315532 9.709697 10.027778 10.261348 10.404096 10.452119 10.404096 10.261348 10.027778 9.709697 9.315532 8.855466 8.340990 7.784435 7.198483 6.595692 5.988066 5.386679 4.801372 4.240539 3.710993 3.217914 2.764879 2.353950 1.985822 1.659999 1.374998 1.128564 0.917873 0.739732 0.590752 0.467495 0.366601 0.284878 0.219370 0.167398 0.126585 0.094859 0.070444 0.051841 0.037808 0.027326 0.019573 0.013895 0.009776 0.006818 0.004715 0.003235 0.002205 0.001500 0.001026 0.000720 0.000538 0.000453 0.000453 
0.000362 0.000362 0.000432 0.000584 0.000841 0.001242 0.001844 0.002729 0.004014 0.005857 0.008472 0.012149 0.017267 0.024321 0.033950 0.046968 0.064392 0.087488 0.117797 0.157178 0.207831 0.272328 0.353614 0.455011 0.580181 0.733080 0.917873 1.138817 1.400111 1.705709 2.059105 2.463091 2.919500 3.428940 3.990547 4.601759 5.258139 5.953264 6.678691 7.424015 8.177041 8.924047 9.650163 10.339830 10.977337 11.547412 12.035817 12.429944 12.719350 12.896222 12.955725 12.896222 12.719350 12.429944 12.035817 11.547412 10.977337 10.339830 9.650163 8.924047 8.177041 7.424015 6.678691 5.953264 5.258139 4.601759 3.990547 3.428940 2.919500 2.463091 2.059105 1.705709 1.400111 1.138817 0.917873 0.733080 0.580181 0.455011 0.353614 0.272328 0.207831 0.157178 0.117797 0.087488 0.064393 0.046968 0.033951 0.024321 0.017268 0.012151 0.008475 0.005862 0.004022 0.002743 0.001866 0.001277 0.000896 0.000669 0.000564 0.000564 
0.000446 0.000446 0.000533 0.000720 0.001037 0.001531 0.002272 0.003363 0.004945 0.007215 0.010435 0.014962 0.021262 0.029944 0.041795 0.057813 0.079252 0.107665 0.144948 0.193384 0.255680 0.334991 0.434939 0.559602 0.713479 0.901429 1.128564 1.400111 1.721223 2.096753 2.530989 3.027353 3.588090 4.213942 4.903841 5.654634 6.460870 7.314655 8.205618 9.120981 10.045767 10.963129 11.854809 12.701704 13.484532 14.184540 14.784254 15.268196 15.623550 15.840725 15.913787 15.840725 15.623550 15.268196 14.784254 14.184540 13.484532 12.701704 11.854809 10.963129 10.045767 9.120981 8.205618 7.314655 6.460870 5.654634 4.903841 4.213942 3.588090 3.027353 2.530989 2.096753 1.721223 1.400111 1.128564 0.901429 0.713479 0.559602 0.434939 0.334991 0.255680 0.193384 0.144948 0.107665 0.079252 0.057813 0.041795 0.029945 0.021263 0.014964 0.010439 0.007221 0.004956 0.003380 0.002299 0.001574 0.001104 0.000825 0.000695 0.000695 
0.000545 0.000545 0.000651 0.000880 0.001267 0.001870 0.002775 0.004106 0.006037 0.008806 0.012736 0.018257 0.025941 0.036530 0.050982 0.070512 0.096650 0.131286 0.176729 0.235761 0.311676 0.408318 0.530095 0.681969 0.869418 1.098354 1.374998 1.705709 2.096753 2.554035 3.082765 3.687103 4.369775 5.131676 5.971499 6.885402 7.866744 8.905914 9.990287 11.104313 12.229767 13.346150 14.431246 15.461816 16.414401 17.266190 17.995927 18.584784 19.017171 19.281424 19.370323 19.281424 19.017171 18.584784 17.995927 17.266190 16.414401 15.461816 14.431246 13.346150 12.229767 11.104313 9.990287 8.905914 7.866744 6.885402 5.971499 5.131676 4.369775 3.687103 3.082765 2.554035 2.096753 1.705709 1.374998 1.098354 0.869418 0.681969 0.530095 0.408318 0.311676 0.235761 0.176729 0.131286 0.096650 0.070513 0.050982 0.036531 0.025943 0.018260 0.012740 0.008814 0.006050 0.004126 0.002808 0.001922 0.001349 0.001008 0.000850 0.000850 
0.000660 0.000660 0.000788 0.001065 0.001534 0.002263 0.003357 0.004967 0.007302 0.010650 0.015400 0.022074 0.031361 0.044157 0.061618 0.085214 0.116789 0.158625 0.213510 0.284800 0.376469 0.493156 0.640178 0.823521 1.049791 1.326116 1.659999 2.059105 2.530989 3.082765 3.720711 4.449839 5.273425 6.192542 7.205606 8.307977 9.491638 10.744994 12.052817 13.396353 14.753623 16.099911 17.408433 18.651170 19.799841 20.826950 21.706870 22.416907 22.938271 23.256899 23.364090 23.256899 22.938271 22.416907 21.706870 20.826950 19.799841 18.651170 17.408433 16.099911 14.753623 13.396353 12.052817 10.744994 9.491638 8.307977 7.205606 6.192542 5.273425 4.449839 3.720711 3.082765 2.530989 2.059105 1.659999 1.326116 1.049791 0.823521 0.640178 0.493156 0.376469 0.284800 0.213511 0.158625 0.116789 0.085215 0.061619 0.044158 0.031363 0.022078 0.015405 0.010659 0.007317 0.004992 0.003397 0.002326 0.001633 0.001220 0.001029 0.001029 
0.000792 0.000792 0.000946 0.001278 0.001839 0.002713 0.004024 0.005953 0.008751 0.012761 0.018451 0.026444 0.037565 0.052886 0.073792 0.102038 0.139833 0.189905 0.255589 0.340896 0.450580 0.590186 0.766069 0.985386 1.256030 1.586521 1.985822 2.463091 3.027353 3.687103 4.449839 5.321539 6.306112 7.404831 8.615793 9.933444 11.348197 12.846189 14.409217 16.014871 17.636885 19.245726 20.809392 22.294413 23.666999 24.894304 25.945716 26.794126 27.417087 27.797804 27.925882 27.797804 27.417087 26.794126 25.945716 24.894304 23.666999 22.294413 20.809392 19.245726 17.636885 16.014871 14.409217 12.846189 11.348197 9.933444 8.615793 7.404831 6.306112 5.321539 4.449839 3.687103 3.027353 2.463091 1.985822 1.586521 1.256030 0.985386 0.766069 0.590186 0.450580 0.340896 0.255589 0.189905 0.139833 0.102039 0.073792 0.052888 0.037567 0.026448 0.018457 0.012772 0.008769 0.005983 0.004072 0.002788 0.001958 0.001464 0.001234 0.001234 
0.000941 0.000941 0.001124 0.001518 0.002184 0.003222 0.004780 0.007070 0.010390 0.015150 0.021903 0.031388 0.044583 0.062760 0.087560 0.121065 0.165891 0.225272 0.303162 0.404311 0.534353 0.699856 0.908349 1.168308 1.489082 1.880758 2.353950 2.919500 3.588090 4.369775 5.273425 6.306112 7.472455 8.773950 10.208335 11.769022 13.444649 15.218794 17.069896 18.971415 20.892248 22.797428 24.649065 26.407532 28.032829 29.486071 30.731023 31.735593 32.473212 32.923998 33.075648 32.923998 32.473212 31.735593 30.731023 29.486071 28.032829 26.407532 24.649065 22.797428 20.892248 18.971415 17.069896 15.218794 13.444649 11.769022 10.208335 8.773950 7.472455 6.306112 5.273425 4.369775 3.588090 2.919500 2.353950 1.880758 1.489082 1.168308 0.908349 0.699856 0.534353 0.404311 0.303162 0.225273 0.165891 0.121066 0.087561 0.062762 0.044586 0.031393 0.021911 0.015163 0.010412 0.007105 0.004836 0.003312 0.002326 0.001739 0.001466 0.001466 
0.001108 0.001108 0.001323 0.001787 0.002571 0.003792 0.005624 0.008318 0.012223 0.017821 0.025761 0.036914 0.052427 0.073795 0.102944 0.142323 0.195001 0.264780 0.356298 0.475136 0.627907 0.822322 1.067217 1.372541 1.749265 2.209227 2.764879 3.428940 4.213942 5.131676 6.192542 7.404831 8.773950 10.301645 11.985249 13.817021 15.783618 17.865762 20.038148 22.269628 24.523709 26.759359 28.932127 30.995522 32.902618 34.607801 36.068563 37.247261 38.112729 38.641645 38.819579 38.641645 38.112729 37.247261 36.068563 34.607801 32.902618 30.995522 28.932127 26.759359 24.523709 22.269628 20.038148 17.865762 15.783618 13.817021 11.985249 10.301645 8.773950 7.404831 6.192542 5.131676 4.213942 3.428940 2.764879 2.209227 1.749265 1.372541 1.067217 0.822322 0.627907 0.475136 0.356298 0.264780 0.195002 0.142324 0.102946 0.073797 0.052430 0.036920 0.025771 0.017837 0.012249 0.008359 0.005691 0.003898 0.002738 0.002047 0.001726 0.001726 
0.001292 0.001292 0.001543 0.002084 0.002998 0.004422 0.006557 0.009697 0.014248 0.020770 0.030021 0.043014 0.061084 0.085972 0.119921 0.165779 0.227119 0.308365 0.414913 0.553258 0.731091 0.957382 1.242411 1.597745 2.036145 2.571376 3.217914 3.990547 4.903841 5.971499 7.205606 8.615793 10.208335 11.985249 13.943422 16.073840 18.360978 20.782411 23.308706 25.903644 28.524791 31.124440 33.650910 36.050154 38.267621 40.250283 41.948729 43.319202 44.325474 44.940437 45.147317 44.940437 44.325474 43.319202 41.948729 40.250283 38.267621 36.050154 33.650910 31.124440 28.524791 25.903644 23.308706 20.782411 18.360978 16.073840 13.943422 11.985249 10.208335 8.615793 7.205606 5.971499 4.903841 3.990547 3.217914 2.571376 2.036145 1.597745 1.242411 0.957382 0.731091 0.553258 0.414913 0.308365 0.227120 0.165780 0.119922 0.085975 0.061088 0.043020 0.030032 0.020788 0.014277 0.009745 0.006635 0.004545 0.003193 0.002388 0.002013 0.002013 
0.001494 0.001494 0.001783 0.002408 0.003464 0.005108 0.007574 0.011199 0.016454 0.023984 0.034663 0.049660 0.070516 0.099239 0.138415 0.191328 0.262101 0.355832 0.478745 0.638325 0.843440 1.104429 1.433139 1.842902 2.348422 2.965558 3.710993 4.601759 5.654634 6.885402 8.307977 9.933444 11.769022 13.817021 16.073840 18.529080 21.164841 23.955274 26.866460 29.856660 32.876981 35.872460 38.783556 41.548004 44.102962 46.387346 48.344238 49.923237 51.082611 51.791135 52.029490 51.791135 51.082611 49.923237 48.344238 46.387346 44.102962 41.548004 38.783556 35.872460 32.876981 29.856660 26.866460 23.955274 21.164841 18.529080 16.073840 13.817021 11.769022 9.933444 8.307977 6.885402 5.654634 4.601759 3.710993 2.965558 2.348422 1.842902 1.433139 1.104429 0.843440 0.638325 0.478745 0.355832 0.262101 0.191329 0.138416 0.099242 0.070521 0.049668 0.034676 0.024005 0.016488 0.011255 0.007664 0.005250 0.003689 0.002759 0.002327 0.002327 
0.001710 0.001710 0.002042 0.002757 0.003965 0.005846 0.008668 0.012815 0.018827 0.027440 0.039655 0.056806 0.080656 0.113500 0.158292 0.218788 0.299695 0.406839 0.547332 0.729724 0.964143 1.262399 1.638021 2.106236 2.683832 3.388918 4.240539 5.258139 6.460870 7.866744 9.491638 11.348197 13.444649 15.783618 18.360978 21.164841 24.174757 27.361201 30.685438 34.099810 37.548491 40.968731 44.292554 47.448881 50.365977 52.974113 55.208319 57.011063 58.334713 59.143627 59.415753 59.143627 58.334713 57.011063 55.208319 52.974113 50.365977 47.448881 44.292554 40.968731 37.548491 34.099810 30.685438 27.361201 24.174757 21.164841 18.360978 15.783618 13.444649 11.348197 9.491638 7.866744 6.460870 5.258139 4.240539 3.388918 2.683832 2.106236 1.638022 1.262399 0.964143 0.729724 0.547332 0.406840 0.299695 0.218789 0.158294 0.113503 0.080661 0.056815 0.039669 0.027464 0.018866 0.012879 0.008771 0.006009 0.004223 0.003159 0.002664 0.002664 
0.001940 0.001940 0.002316 0.003127 0.004497 0.006629 0.009828 0.014530 0.021343 0.031104 0.044947 0.064382 0.091405 0.128616 0.179360 0.247890 0.339534 0.460890 0.620007 0.826562 1.092022 1.429749 1.855057 2.385174 3.039097 3.837314 4.801372 5.953264 7.314655 8.905914 10.744994 12.846189 15.218794 17.865762 20.782411 23.955274 27.361201 30.966777 34.728170 38.591455 42.493470 46.363224 50.123820 53.694851 56.995170 59.945904 62.473563 64.513072 66.010556 66.925700 67.233562 66.925700 66.010556 64.513072 62.473563 59.945904 56.995170 53.694851 50.123820 46.363224 42.493470 38.591455 34.728170 30.966777 27.361201 23.955274 20.782411 17.865762 15.218794 12.846189 10.744994 8.905914 7.314655 5.953264 4.801372 3.837314 3.039097 2.385174 1.855057 1.429749 1.092022 0.826562 0.620007 0.460891 0.339535 0.247891 0.179363 0.128619 0.091411 0.064392 0.044963 0.031132 0.021388 0.014602 0.009945 0.006815 0.004789 0.003583 0.003022 0.003022 
0.002181 0.002181 0.002603 0.003514 0.005053 0.007448 0.011041 0.016321 0.023972 0.034933 0.050475 0.072295 0.102633 0.144404 0.201364 0.278281 0.381136 0.517329 0.695886 0.927666 1.225524 1.604449 2.081611 2.676329 3.409902 4.305301 5.386679 6.678691 8.205618 9.990287 12.052817 14.409217 17.069896 20.038148 23.308706 26.866460 30.685438 34.728170 38.945505 43.276982 47.651791 51.990347 56.206447 60.209960 63.909926 67.217935 70.051617 72.338031 74.016791 75.042714 75.387842 75.042714 74.016791 72.338031 70.051617 67.217935 63.909926 60.209960 56.206447 51.990347 47.651791 43.276982 38.945505 34.728170 30.685438 26.866460 23.308706 20.038148 17.069896 14.409217 12.052817 9.990287 8.205618 6.678691 5.386679 4.305301 3.409902 2.676329 2.081611 1.604449 1.225525 0.927666 0.695887 0.517329 0.381137 0.278282 0.201366 0.144408 0.102639 0.072307 0.050494 0.034964 0.024022 0.016402 0.011172 0.007656 0.005381 0.004026 0.003396 0.003396 
0.002428 0.002428 0.002898 0.003912 0.005625 0.008290 0.012288 0.018163 0.026676 0.038871 0.056161 0.080434 0.114178 0.160638 0.223987 0.309526 0.423904 0.575345 0.773883 1.031584 1.362736 1.783992 2.314434 2.975525 3.790930 4.786167 5.988066 7.424015 9.120981 11.104313 13.396353 16.014871 18.971415 22.269628 25.903644 29.856660 34.099810 38.591455 43.276982 48.089221 52.949508 57.769432 62.453239 66.900814 71.011120 74.685963 77.833850 80.373769 82.238651 83.378313 83.761703 83.378313 82.238651 80.373769 77.833850 74.685963 71.011120 66.900814 62.453239 57.769432 52.949508 48.089221 43.276982 38.591455 34.099810 29.856660 25.903644 22.269628 18.971415 16.014871 13.396353 11.104313 9.120981 7.424015 5.988066 4.786167 3.790930 2.975525 2.314434 1.783992 1.362736 1.031584 0.773883 0.575345 0.423905 0.309528 0.223989 0.160642 0.114186 0.080446 0.056182 0.038905 0.026732 0.018254 0.012434 0.008522 0.005990 0.004483 0.003781 0.003781 
0.002678 0.002678 0.003197 0.004315 0.006203 0.009142 0.013550 0.020027 0.029411 0.042853 0.061911 0.088663 0.125852 0.177051 0.246858 0.341113 0.467137 0.633988 0.852718 1.136613 1.501408 1.965438 2.549714 3.277864 4.175943 5.272041 6.595692 8.177041 10.045767 12.229767 14.753623 17.636885 20.892248 24.523709 28.524791 32.876981 37.548491 42.493470 47.651791 52.949508 58.300023 63.606019 68.762097 73.658059 78.182700 82.227941 85.693085 88.488969 90.541779 91.796281 92.218304 91.796281 90.541779 88.488969 85.693085 82.227941 78.182700 73.658059 68.762097 63.606019 58.300023 52.949508 47.651791 42.493470 37.548491 32.876981 28.524791 24.523709 20.892248 17.636885 14.753623 12.229767 10.045767 8.177041 6.595692 5.272041 4.175943 3.277864 2.549714 1.965438 1.501408 1.136614 0.852719 0.633989 0.467138 0.341114 0.246861 0.177056 0.125860 0.088677 0.061934 0.042891 0.029473 0.020127 0.013711 0.009398 0.006606 0.004944 0.004170 0.004170 
0.002927 0.002927 0.003494 0.004715 0.006778 0.009988 0.014803 0.021877 0.032127 0.046807 0.067619 0.096832 0.137440 0.193344 0.269560 0.372463 0.510044 0.692188 0.930953 1.240838 1.639011 2.145477 2.783158 3.577832 4.557921 5.754067 7.198483 8.924047 10.963129 13.346150 16.099911 19.245726 22.797428 26.759359 31.124440 35.872460 40.968731 46.363224 51.990347 57.769432 63.606019 69.393959 75.018289 80.358817 85.294257 89.706733 93.486422 96.536083 98.775210 100.143571 100.603897 100.143571 98.775210 96.536083 93.486422 89.706733 85.294257 80.358817 75.018289 69.393959 63.606019 57.769432 51.990347 46.363224 40.968731 35.872460 31.124440 26.759359 22.797428 19.245726 16.099911 13.346150 10.963129 8.924047 7.198483 5.754067 4.557921 3.577833 2.783158 2.145477 1.639011 1.240838 0.930954 0.692189 0.510045 0.372465 0.269563 0.193349 0.137449 0.096847 0.067644 0.046849 0.032194 0.021987 0.014979 0.010268 0.007218 0.005403 0.004557 0.004557 
0.003169 0.003169 0.003782 0.005104 0.007337 0.010811 0.016022 0.023678 0.034768 0.050654 0.073172 0.104779 0.148712 0.209190 0.291639 0.402952 0.551770 0.748782 1.007026 1.342178 1.772799 2.320519 3.010114 3.869452 4.929255 6.222643 7.784435 9.650163 11.854809 14.431246 17.408433 20.809392 24.649065 28.932127 33.650910 38.783556 44.292554 50.123820 56.206447 62.453239 68.762097 75.018289 81.097563 86.870018 92.204574 96.973838 101.059121 104.355335 106.775478 108.254456 108.751993 108.254456 106.775478 104.355335 101.059121 96.973838 92.204574 86.870018 81.097563 75.018289 68.762097 62.453239 56.206447 50.123820 44.292554 38.783556 33.650910 28.932127 24.649065 20.809392 17.408433 14.431246 11.854809 9.650163 7.784435 6.222643 4.929255 3.869452 3.010114 2.320519 1.772800 1.342179 1.007027 0.748783 0.551771 0.402954 0.291642 0.209195 0.148722 0.104795 0.073199 0.050699 0.034842 0.023796 0.016212 0.011114 0.007814 0.005849 0.004934 0.004934 
