0.000000 0.000000 0.000000 0.000000 0.000000 0.000000 0.000000 0.000001 0.000001 0.000001 0.000002 0.000003 0.000004 0.000005 0.000008 0.000011 0.000015 0.000020 0.000027 0.000037 0.000049 0.000065 0.000085 0.000111 0.000142 0.000181 0.000229 0.000286 0.000354 0.000435 0.000528 0.000636 0.000758 0.000896 0.001048 0.001215 0.001395 0.001586 0.001787 0.001994 0.002203 0.002412 0.002616 0.002810 0.002989 0.003150 0.003288 0.003400 0.003482 0.003532 0.003549 0.003532 0.003482 0.003400 0.003288 0.003150 0.002989 0.002810 0.002616 0.002412 0.002203 0.001994 0.001787 0.001586 0.001395 0.001215 0.001048 0.000896 0.000758 0.000636 0.000528 0.000435 0.000354 0.000286 0.000229 0.000181 0.000142 0.000111 0.000085 0.000065 0.000049 0.000037 0.000027 0.000020 0.000015 0.000011 0.000008 0.000005 0.000004 0.000003 0.000002 0.000001 0.000001 0.000001 0.000000 0.000000 0.000000 0.000000 0.000000 0.000000 
0.000000 0.000000 0.000000 0.000000 0.000000 0.000000 0.000000 0.000001 0.000001 0.000001 0.000002 0.000003 0.000004 0.000005 0.000008 0.000011 0.000015 0.000020 0.000027 0.000037 0.000049 0.000065 0.000085 0.000111 0.000142 0.000181 0.000229 0.000286 0.000354 0.000435 0.000528 0.000636 0.000758 0.000896 0.001048 0.001215 0.001395 0.001586 0.001787 0.001994 0.002203 0.002412 0.002616 0.002810 0.002989 0.003150 0.003288 0.003400 0.003482 0.003532 0.003549 0.003532 0.003482 0.003400 0.003288 0.003150 0.002989 0.002810 0.002616 0.002412 0.002203 0.001994 0.001787 0.001586 0.001395 0.001215 0.001048 0.000896 0.000758 0.000636 0.000528 0.000435 0.000354 0.000286 0.000229 0.000181 0.000142 0.000111 0.000085 0.000065 0.000049 0.000037 0.000027 0.000020 0.000015 0.000011 0.000008 0.000005 0.000004 0.000003 0.000002 0.000001 0.000001 0.000001 0.000000 0.000000 0.000000 0.000000 0.000000 0.000000 
0.000000 0.000000 0.000000 0.000000 0.000000 0.000000 0.000000 0.000001 0.000001 0.000001 0.000002 0.000003 0.000005 0.000006 0.000009 0.000013 0.000018 0.000024 0.000033 0.000044 0.000059 0.000078 0.000103 0.000133 0.000171 0.000218 0.000275 0.000344 0.000426 0.000523 0.000635 0.000764 0.000912 0.001077 0.001260 0.001460 0.001676 0.001905 0.002146 0.002395 0.002646 0.002897 0.003141 0.003374 0.003589 0.003782 0.003948 0.004082 0.004180 0.004240 0.004261 0.004240 0.004180 0.004082 0.003948 0.003782 0.003589 0.003374 0.003141 0.002897 0.002646 0.002395 0.002146 0.001905 0.001676 0.001460 0.001260 0.001077 0.000912 0.000764 0.000635 0.000523 0.000426 0.000344 0.000275 0.000218 0.000171 0.000133 0.000103 0.000078 0.000059 0.000044 0.000033 0.000024 0.000018 0.000013 0.000009 0.000006 0.000005 0.000003 0.000002 0.000001 0.000001 0.000001 0.000000 0.000000 0.000000 0.000000 0.000000 0.000000 
0.000000 0.000000 0.000000 0.000000 0.000000 0.000000 0.000001 0.000001 0.000001 0.000002 0.000003 0.000004 0.000006 0.000009 0.000012 0.000017 0.000024 0.000033 0.000045 0.000061 0.000081 0.000107 0.000140 0.000182 0.000234 0.000298 0.000376 0.000470 0.000581 0.000713 0.000866 0.001042 0.001243 0.001467 0.001717 0.001989 0.002283 0.002596 0.002924 0.003262 0.003604 0.003945 0.004277 0.004594 0.004887 0.005150 0.005375 0.005557 0.005691 0.005773 0.005800 0.005773 0.005691 0.005557 0.005375 0.005150 0.004887 0.004594 0.004277 0.003945 0.003604 0.003262 0.002924 0.002596 0.002283 0.001989 0.001717 0.001467 0.001243 0.001042 0.000866 0.000713 0.000581 0.000470 0.000376 0.000298 0.000234 0.000182 0.000140 0.000107 0.000081 0.000061 0.000045 0.000033 0.000024 0.000017 0.000012 0.000009 0.000006 0.000004 0.000003 0.000002 0.000001 0.000001 0.000001 0.000000 0.000000 0.000000 0.000000 0.000000 
0.000000 0.000000 0.000000 0.000000 0.000000 0.000001 0.000001 0.000001 0.000002 0.000003 0.000004 0.000006 0.000009 0.000013 0.000018 0.000025 0.000035 0.000048 0.000066 0.000088 0.000118 0.000156 0.000204 0.000265 0.000340 0.000433 0.000546 0.000683 0.000845 0.001036 0.001258 0.001514 0.001805 0.002131 0.002492 0.002888 0.003314 0.003768 0.004243 0.004733 0.005230 0.005724 0.006205 0.006664 0.007089 0.007470 0.007796 0.008060 0.008254 0.008373 0.008412 0.008373 0.008254 0.008060 0.007796 0.007470 0.007089 0.006664 0.006205 0.005724 0.005230 0.004733 0.004243 0.003768 0.003314 0.002888 0.002492 0.002131 0.001805 0.001514 0.001258 0.001036 0.000845 0.000683 0.000546 0.000433 0.000340 0.000265 0.000204 0.000156 0.000118 0.000088 0.000066 0.000048 0.000035 0.000025 0.000018 0.000013 0.000009 0.000006 0.000004 0.000003 0.000002 0.000001 0.000001 0.000001 0.000000 0.000000 0.000000 0.000000 
0.000000 0.000000 0.000000 0.000000 0.000001 0.000001 0.000001 0.000002 0.000003 0.000004 0.000006 0.000009 0.000013 0.000019 0.000027 0.000038 0.000052 0.000072 0.000098 0.000132 0.000176 0.000232 0.000304 0.000394 0.000507 0.000645 0.000814 0.001016 0.001258 0.001542 0.001873 0.002253 0.002685 0.003170 0.003707 0.004295 0.004928 0.005602 0.006308 0.007036 0.007774 0.008508 0.009223 0.009904 0.010535 0.011100 0.011585 0.011977 0.012264 0.012441 0.012500 0.012441 0.012264 0.011977 0.011585 0.011100 0.010535 0.009904 0.009223 0.008508 0.007774 0.007036 0.006308 0.005602 0.004928 0.004295 0.003707 0.003170 0.002685 0.002253 0.001873 0.001542 0.001258 0.001016 0.000814 0.000645 0.000507 0.000394 0.000304 0.000232 0.000176 0.000132 0.000098 0.000072 0.000052 0.000038 0.000027 0.000019 0.000013 0.000009 0.000006 0.000004 0.000003 0.000002 0.000001 0.000001 0.000001 0.000000 0.000000 0.000000 
0.000000 0.000000 0.000000 0.000001 0.000001 0.000001 0.000002 0.000003 0.000005 0.000007 0.000010 0.000014 0.000020 0.000029 0.000041 0.000057 0.000079 0.000108 0.000147 0.000197 0.000263 0.000348 0.000455 0.000591 0.000759 0.000966 0.001218 0.001521 0.001882 0.002307 0.002802 0.003370 0.004016 0.004740 0.005543 0.006420 0.007366 0.008372 0.009426 0.010513 0.011614 0.012710 0.013778 0.014794 0.015736 0.016579 0.017303 0.017887 0.018317 0.018580 0.018668 0.018580 0.018317 0.017887 0.017303 0.016579 0.015736 0.014794 0.013778 0.012710 0.011614 0.010513 0.009426 0.008372 0.007366 0.006420 0.005543 0.004740 0.004016 0.003370 0.002802 0.002307 0.001882 0.001521 0.001218 0.000966 0.000759 0.000591 0.000455 0.000348 0.000263 0.000197 0.000147 0.000108 0.000079 0.000057 0.000041 0.000029 0.000020 0.000014 0.000010 0.000007 0.000005 0.000003 0.000002 0.000001 0.000001 0.000001 0.000001 0.000001 
0.000001 0.000001 0.000001 0.000001 0.000001 0.000002 0.000003 0.000005 0.000007 0.000010 0.000015 0.000021 0.000030 0.000043 0.000061 0.000085 0.000118 0.000161 0.000219 0.000295 0.000393 0.000520 0.000680 0.000882 0.001132 0.001441 0.001817 0.002269 0.002807 0.003440 0.004177 0.005023 0.005985 0.007064 0.008259 0.009565 0.010974 0.012471 0.014040 0.015657 0.017296 0.018927 0.020515 0.022028 0.023429 0.024683 0.025760 0.026629 0.027269 0.027659 0.027791 0.027659 0.027269 0.026629 0.025760 0.024683 0.023429 0.022028 0.020515 0.018927 0.017296 0.015657 0.014040 0.012471 0.010974 0.009565 0.008259 0.007064 0.005985 0.005023 0.004177 0.003440 0.002807 0.002269 0.001817 0.001441 0.001132 0.000882 0.000680 0.000520 0.000393 0.000295 0.000219 0.000161 0.000118 0.000085 0.000061 0.000043 0.000030 0.000021 0.000015 0.000010 0.000007 0.000005 0.000003 0.000002 0.000001 0.000001 0.000001 0.000001 
0.000001 0.000001 0.000001 0.000001 0.000002 0.000003 0.000005 0.000007 0.000010 0.000015 0.000022 0.000031 0.000045 0.000064 0.000090 0.000126 0.000175 0.000239 0.000325 0.000438 0.000583 0.000771 0.001008 0.001307 0.001679 0.002136 0.002692 0.003361 0.004158 0.005095 0.006185 0.007438 0.008860 0.010456 0.012223 0.014155 0.016238 0.018453 0.020772 0.023163 0.025586 0.027995 0.030344 0.032579 0.034649 0.036503 0.038094 0.039379 0.040324 0.040901 0.041096 0.040901 0.040324 0.039379 0.038094 0.036503 0.034649 0.032579 0.030344 0.027995 0.025586 0.023163 0.020772 0.018453 0.016238 0.014155 0.012223 0.010456 0.008860 0.007438 0.006185 0.005095 0.004158 0.003361 0.002692 0.002136 0.001679 0.001307 0.001008 0.000771 0.000583 0.000438 0.000325 0.000239 0.000175 0.000126 0.000090 0.000064 0.000045 0.000031 0.000022 0.000015 0.000010 0.000007 0.000005 0.000003 0.000002 0.000002 0.000001 0.000001 
0.000001 0.000001 0.000001 0.000002 0.000003 0.000004 0.000007 0.000010 0.000015 0.000022 0.000032 0.000046 0.000066 0.000094 0.000133 0.000186 0.000257 0.000352 0.000479 0.000644 0.000858 0.001133 0.001483 0.001922 0.002468 0.003139 0.003956 0.004939 0.006108 0.007484 0.009084 0.010923 0.013010 0.015352 0.017945 0.020779 0.023834 0.027082 0.030483 0.033989 0.037541 0.041075 0.044518 0.047795 0.050829 0.053547 0.055879 0.057763 0.059147 0.059994 0.060279 0.059994 0.059147 0.057763 0.055879 0.053547 0.050829 0.047795 0.044518 0.041075 0.037541 0.033989 0.030483 0.027082 0.023834 0.020779 0.017945 0.015352 0.013010 0.010923 0.009084 0.007484 0.006108 0.004939 0.003956 0.003139 0.002468 0.001922 0.001483 0.001133 0.000858 0.000644 0.000479 0.000352 0.000257 0.000186 0.000133 0.000094 0.000066 0.000046 0.000032 0.000022 0.000015 0.000010 0.000007 0.000005 0.000003 0.000002 0.000002 0.000002 
0.000002 0.000002 0.000002 0.000003 0.000004 0.000006 0.000010 0.000015 0.000022 0.000032 0.000047 0.000068 0.000097 0.000138 0.000194 0.000271 0.000375 0.000514 0.000698 0.000939 0.001252 0.001653 0.002162 0.002801 0.003596 0.004574 0.005763 0.007194 0.008896 0.010898 0.013226 0.015901 0.018938 0.022344 0.026115 0.030236 0.034679 0.039402 0.044346 0.049443 0.054607 0.059742 0.064746 0.069509 0.073919 0.077869 0.081258 0.083995 0.086007 0.087237 0.087651 0.087237 0.086007 0.083995 0.081258 0.077869 0.073919 0.069509 0.064746 0.059742 0.054607 0.049443 0.044346 0.039402 0.034679 0.030236 0.026115 0.022344 0.018938 0.015901 0.013226 0.010898 0.008896 0.007194 0.005763 0.004574 0.003596 0.002801 0.002162 0.001653 0.001252 0.000939 0.000698 0.000514 0.000375 0.000271 0.000194 0.000138 0.000097 0.000068 0.000047 0.000032 0.000022 0.000015 0.000010 0.000007 0.000005 0.000003 0.000003 0.000003 
0.000003 0.000003 0.000003 0.000004 0.000006 0.000009 0.000014 0.000021 0.000031 0.000046 0.000068 0.000098 0.000140 0.000200 0.000281 0.000393 0.000543 0.000744 0.001010 0.001358 0.001809 0.002388 0.003123 0.004046 0.005194 0.006605 0.008321 0.010385 0.012841 0.015728 0.019086 0.022943 0.027321 0.032231 0.037667 0.043606 0.050009 0.056815 0.063940 0.071282 0.078722 0.086121 0.093329 0.100189 0.106542 0.112231 0.117112 0.121054 0.123951 0.125723 0.126319 0.125723 0.123951 0.121054 0.117112 0.112231 0.106542 0.100189 0.093329 0.086121 0.078722 0.071282 0.063940 0.056815 0.050009 0.043606 0.037667 0.032231 0.027321 0.022943 0.019086 0.015728 0.012841 0.010385 0.008321 0.006605 0.005194 0.004046 0.003123 0.002388 0.001809 0.001358 0.001010 0.000744 0.000543 0.000393 0.000281 0.000200 0.000140 0.000098 0.000068 0.000046 0.000031 0.000021 0.000014 0.000010 0.000007 0.000005 0.000004 0.000004 
0.000004 0.000004 0.000005 0.000006 0.000009 0.000013 0.000020 0.000030 0.000045 0.000066 0.000097 0.000140 0.000201 0.000286 0.000403 0.000563 0.000778 0.001066 0.001446 0.001945 0.002591 0.003419 0.004471 0.005792 0.007434 0.009451 0.011905 0.014857 0.018367 0.022494 0.027292 0.032803 0.039059 0.046073 0.053838 0.062322 0.071467 0.081185 0.091359 0.101843 0.112465 0.123028 0.133318 0.143111 0.152179 0.160300 0.167266 0.172893 0.177028 0.179557 0.180407 0.179557 0.177028 0.172893 0.167266 0.160300 0.152179 0.143111 0.133318 0.123028 0.112465 0.101843 0.091359 0.081185 0.071467 0.062322 0.053838 0.046073 0.039059 0.032803 0.027292 0.022494 0.018367 0.014857 0.011905 0.009451 0.007434 0.005792 0.004471 0.003419 0.002591 0.001945 0.001446 0.001066 0.000778 0.000563 0.000403 0.000286 0.000201 0.000140 0.000097 0.000066 0.000045 0.000030 0.000020 0.000014 0.000010 0.000007 0.000006 0.000006 
0.000005 0.000005 0.000006 0.000009 0.000013 0.000019 0.000029 0.000043 0.000064 0.000094 0.000138 0.000200 0.000286 0.000407 0.000573 0.000799 0.001105 0.001513 0.002053 0.002760 0.003677 0.004852 0.006343 0.008215 0.010542 0.013402 0.016879 0.021060 0.026032 0.031878 0.038672 0.046476 0.055334 0.065263 0.076254 0.088262 0.101205 0.114957 0.129354 0.144189 0.159216 0.174160 0.188717 0.202571 0.215398 0.226885 0.236738 0.244697 0.250546 0.254122 0.255325 0.254122 0.250546 0.244697 0.236738 0.226885 0.215398 0.202571 0.188717 0.174160 0.159216 0.144189 0.129354 0.114957 0.101205 0.088262 0.076254 0.065263 0.055334 0.046476 0.038672 0.031878 0.026032 0.021060 0.016879 0.013402 0.010542 0.008215 0.006343 0.004852 0.003677 0.002760 0.002053 0.001513 0.001105 0.000799 0.000573 0.000407 0.000286 0.000200 0.000138 0.000095 0.000064 0.000043 0.000029 0.000020 0.000014 0.000010 0.000008 0.000008 
0.000008 0.000008 0.000009 0.000012 0.000018 0.000027 0.000041 0.000061 0.000090 0.000133 0.000194 0.000281 0.000403 0.000573 0.000807 0.001125 0.001555 0.002129 0.002888 0.003882 0.005170 0.006821 0.008916 0.011546 0.014814 0.018829 0.023711 0.029581 0.036560 0.044764 0.054298 0.065249 0.077676 0.091605 0.107022 0.123864 0.142014 0.161299 0.181487 0.202287 0.223356 0.244306 0.264713 0.284132 0.302113 0.318214 0.332025 0.343180 0.351377 0.356390 0.358076 0.356390 0.351377 0.343180 0.332025 0.318214 0.302113 0.284132 0.264713 0.244306 0.223356 0.202287 0.181487 0.161299 0.142014 0.123864 0.107022 0.091605 0.077676 0.065249 0.054298 0.044764 0.036560 0.029581 0.023711 0.018829 0.014814 0.011546 0.008916 0.006821 0.005170 0.003882 0.002888 0.002129 0.001555 0.001125 0.000807 0.000573 0.000403 0.000281 0.000194 0.000133 0.000091 0.000061 0.000041 0.000028 0.000019 0.000014 0.000012 0.000012 
0.000011 0.000011 0.000013 0.000017 0.000025 0.000038 0.000057 0.000085 0.000126 0.000186 0.000271 0.000393 0.000563 0.000799 0.001125 0.001569 0.002168 0.002968 0.004026 0.005410 0.007203 0.009502 0.012418 0.016079 0.020626 0.026214 0.033005 0.041170 0.050877 0.062287 0.075544 0.090769 0.108045 0.127408 0.148836 0.172243 0.197466 0.224264 0.252314 0.281212 0.310483 0.339587 0.367935 0.394910 0.419885 0.442249 0.461431 0.476925 0.488310 0.495271 0.497613 0.495271 0.488310 0.476925 0.461431 0.442249 0.419885 0.394910 0.367935 0.339587 0.310483 0.281212 0.252314 0.224264 0.197466 0.172243 0.148836 0.127408 0.108045 0.090769 0.075544 0.062287 0.050877 0.041170 0.033005 0.026214 0.020626 0.016079 0.012418 0.009502 0.007203 0.005410 0.004026 0.002968 0.002168 0.001569 0.001125 0.000799 0.000563 0.000393 0.000271 0.000186 0.000126 0.000085 0.000057 0.000039 0.000027 0.000020 0.000017 0.000017 
0.000015 0.000015 0.000018 0.000024 0.000035 0.000052 0.000079 0.000118 0.000175 0.000257 0.000375 0.000543 0.000778 0.001105 0.001555 0.002168 0.002995 0.004099 0.005559 0.007470 0.009944 0.013115 0.017137 0.022186 0.028457 0.036160 0.045522 0.056776 0.070154 0.085876 0.104143 0.125118 0.148916 0.175586 0.205099 0.237334 0.272067 0.308965 0.347585 0.387370 0.427666 0.467729 0.506751 0.543880 0.578255 0.609036 0.635436 0.656760 0.672428 0.682008 0.685232 0.682008 0.672428 0.656760 0.635436 0.609036 0.578255 0.543880 0.506751 0.467729 0.427666 0.387370 0.347585 0.308965 0.272067 0.237334 0.205099 0.175586 0.148916 0.125118 0.104143 0.085876 0.070154 0.056776 0.045522 0.036160 0.028457 0.022186 0.017137 0.013115 0.009944 0.007470 0.005559 0.004099 0.002995 0.002168 0.001555 0.001105 0.000778 0.000543 0.000375 0.000257 0.000175 0.000118 0.000080 0.000054 0.000037 0.000028 0.000023 0.000023 
0.000020 0.000020 0.000024 0.000033 0.000048 0.000072 0.000108 0.000161 0.000239 0.000352 0.000514 0.000744 0.001066 0.001513 0.002129 0.002968 0.004099 0.005610 0.007607 0.010219 0.013601 0.017936 0.023433 0.030333 0.038900 0.049423 0.062212 0.077582 0.095849 0.117317 0.142256 0.170889 0.203373 0.239773 0.280049 0.324036 0.371429 0.421773 0.474460 0.528736 0.583703 0.638351 0.691576 0.742217 0.789100 0.831079 0.867083 0.896163 0.917530 0.930595 0.934991 0.930595 0.917530 0.896163 0.867083 0.831079 0.789100 0.742217 0.691576 0.638351 0.583703 0.528736 0.474460 0.421773 0.371429 0.324036 0.280049 0.239773 0.203373 0.170889 0.142256 0.117317 0.095849 0.077582 0.062212 0.049423 0.038900 0.030333 0.023433 0.017936 0.013601 0.010219 0.007607 0.005610 0.004099 0.002968 0.002129 0.001513 0.001066 0.000744 0.000514 0.000353 0.000240 0.000162 0.000109 0.000074 0.000051 0.000038 0.000032 0.000032 
0.000027 0.000027 0.000033 0.000045 0.000066 0.000098 0.000147 0.000219 0.000325 0.000479 0.000698 0.001010 0.001446 0.002053 0.002888 0.004026 0.005559 0.007607 0.010312 0.013851 0.018433 0.024303 0.031748 0.041089 0.052687 0.066932 0.084240 0.105039 0.129757 0.158801 0.192538 0.231268 0.275202 0.324428 0.378892 0.438369 0.502445 0.570507 0.641732 0.715099 0.789398 0.863261 0.935196 1.003636 1.066996 1.123726 1.172381 1.211677 1.240551 1.258205 1.264145 1.258205 1.240551 1.211677 1.172381 1.123726 1.066996 1.003636 0.935196 0.863261 0.789398 0.715099 0.641732 0.570507 0.502445 0.438369 0.378892 0.324428 0.275202 0.231268 0.192538 0.158801 0.129757 0.105039 0.084240 0.066932 0.052687 0.041089 0.031748 0.024303 0.018433 0.013851 0.010312 0.007607 0.005559 0.004026 0.002888 0.002053 0.001446 0.001010 0.000698 0.000479 0.000326 0.000220 0.000148 0.000100 0.000070 0.000051 0.000043 0.000043 
0.000037 0.000037 0.000044 0.000061 0.000088 0.000132 0.000197 0.000295 0.000438 0.000644 0.000939 0.001358 0.001945 0.002760 0.003882 0.005410 0.007470 0.010219 0.013851 0.018601 0.024750 0.032629 0.042617 0.055149 0.070706 0.089811 0.113021 0.140909 0.174048 0.212983 0.258204 0.310113 0.368990 0.434954 0.507930 0.587616 0.673458 0.764633 0.860039 0.958308 1.057820 1.156742 1.253079 1.344732 1.429577 1.505543 1.570694 1.623312 1.661974 1.685612 1.693566 1.685612 1.661974 1.623312 1.570694 1.505543 1.429577 1.344732 1.253079 1.156742 1.057820 0.958308 0.860039 0.764633 0.673458 0.587616 0.507930 0.434954 0.368990 0.310113 0.258204 0.212983 0.174048 0.140909 0.113021 0.089811 0.070706 0.055149 0.042617 0.032629 0.024750 0.018601 0.013851 0.010219 0.007470 0.005410 0.003882 0.002761 0.001945 0.001358 0.000940 0.000644 0.000438 0.000296 0.000200 0.000135 0.000094 0.000069 0.000058 0.000058 
0.000049 0.000049 0.000059 0.000081 0.000118 0.000176 0.000263 0.000393 0.000583 0.000858 0.001252 0.001809 0.002591 0.003677 0.005170 0.007203 0.009944 0.013601 0.018433 0.024750 0.032928 0.043403 0.056681 0.073339 0.094014 0.119403 0.150242 0.187293 0.231315 0.283031 0.343090 0.412025 0.490206 0.577789 0.674675 0.780461 0.894411 1.015431 1.142060 1.272481 1.404544 1.535818 1.663655 1.785272 1.897853 1.998647 2.085090 2.154904 2.206199 2.237561 2.248114 2.237561 2.206199 2.154904 2.085090 1.998647 1.897853 1.785272 1.663655 1.535818 1.404544 1.272481 1.142060 1.015431 0.894411 0.780461 0.674675 0.577789 0.490206 0.412025 0.343090 0.283031 0.231315 0.187293 0.150242 0.119403 0.094014 0.073339 0.056681 0.043403 0.032928 0.024750 0.018433 0.013601 0.009944 0.007203 0.005170 0.003677 0.002591 0.001809 0.001252 0.000859 0.000584 0.000395 0.000266 0.000180 0.000125 0.000093 0.000077 0.000077 
0.000065 0.000065 0.000078 0.000107 0.000156 0.000232 0.000348 0.000520 0.000771 0.001133 0.001653 0.002388 0.003419 0.004852 0.006821 0.009502 0.013115 0.017936 0.024303 0.032629 0.043403 0.057202 0.074692 0.096630 0.123856 0.157284 0.197884 0.246657 0.304599 0.372661 0.451695 0.542402 0.645264 0.760488 0.887939 1.027088 1.176966 1.336131 1.502664 1.674172 1.847832 2.020446 2.188533 2.348436 2.496452 2.628970 2.742615 2.834397 2.901832 2.943061 2.956935 2.943061 2.901832 2.834397 2.742615 2.628970 2.496452 2.348436 2.188533 2.020446 1.847832 1.674172 1.502664 1.336131 1.176966 1.027088 0.887939 0.760488 0.645264 0.542402 0.451695 0.372661 0.304599 0.246657 0.197884 0.157284 0.123856 0.096630 0.074692 0.057202 0.043403 0.032629 0.024303 0.017936 0.013115 0.009502 0.006821 0.004852 0.003420 0.002388 0.001653 0.001134 0.000772 0.000522 0.000352 0.000238 0.000165 0.000122 0.000102 0.000102 
0.000085 0.000085 0.000103 0.000140 0.000204 0.000304 0.000455 0.000680 0.001008 0.001483 0.002162 0.003123 0.004471 0.006343 0.008916 0.012418 0.017137 0.023433 0.031748 0.042617 0.056681 0.074692 0.097518 0.126145 0.161667 0.205275 0.258234 0.321847 0.397411 0.486163 0.589214 0.707472 0.841567 0.991765 1.157888 1.339245 1.534571 1.741988 1.958993 2.182469 2.408737 2.633632 2.852620 3.060938 3.253764 3.426394 3.574437 3.693995 3.781838 3.835544 3.853615 3.835544 3.781838 3.693995 3.574437 3.426394 3.253764 3.060938 2.852620 2.633632 2.408737 2.182469 1.958993 1.741988 1.534571 1.339245 1.157888 0.991765 0.841567 0.707472 0.589214 0.486163 0.397411 0.321847 0.258234 0.205275 0.161667 0.126145 0.097518 0.074692 0.056682 0.042617 0.031748 0.023433 0.017137 0.012418 0.008916 0.006343 0.004471 0.003123 0.002162 0.001484 0.001010 0.000683 0.000460 0.000312 0.000217 0.000160 0.000134 0.000134 
0.000111 0.000111 0.000133 0.000182 0.000265 0.000394 0.000591 0.000882 0.001307 0.001922 0.002801 0.004046 0.005792 0.008215 0.011546 0.016079 0.022186 0.030333 0.041089 0.055149 0.073339 0.096630 0.126145 0.163154 0.209074 0.265440 0.333885 0.416090 0.513729 0.628398 0.761527 0.914291 1.087497 1.281487 1.496030 1.730230 1.982452 2.250271 2.530453 2.818976 3.111088 3.401415 3.684104 3.953011 4.201912 4.424738 4.615823 4.770139 4.883518 4.952836 4.976161 4.952836 4.883518 4.770139 4.615823 4.424738 4.201912 3.953011 3.684104 3.401415 3.111088 2.818976 2.530453 2.250271 1.982452 1.730230 1.496030 1.281487 1.087497 0.914291 0.761527 0.628398 0.513729 0.416090 0.333885 0.265440 0.209074 0.163154 0.126145 0.096630 0.073339 0.055149 0.041089 0.030333 0.022186 0.016079 0.011546 0.008216 0.005792 0.004047 0.002802 0.001923 0.001309 0.000886 0.000597 0.000405 0.000281 0.000208 0.000174 0.000174 
0.000142 0.000142 0.000171 0.000234 0.000340 0.000507 0.000759 0.001132 0.001679 0.002468 0.003596 0.005194 0.007434 0.010542 0.014814 0.020626 0.028457 0.038900 0.052687 0.070706 0.094014 0.123856 0.161667 0.209074 0.267886 0.340071 0.427715 0.532968 0.657971 0.804762 0.975170 1.170692 1.392362 1.640611 1.915141 2.214805 2.537507 2.880144 3.238578 3.607663 3.981322 4.352682 4.714259 5.058195 5.376533 5.661515 5.905897 6.103251 6.248248 6.336897 6.366726 6.336897 6.248248 6.103251 5.905897 5.661515 5.376533 5.058195 4.714259 4.352682 3.981322 3.607663 3.238578 2.880144 2.537507 2.214805 1.915141 1.640611 1.392362 1.170692 0.975170 0.804762 0.657971 0.532968 0.427715 0.340071 0.267886 0.209074 0.161667 0.123856 0.094014 0.070706 0.052687 0.038900 0.028457 0.020626 0.014814 0.010542 0.007434 0.005195 0.003597 0.002470 0.001682 0.001138 0.000767 0.000520 0.000361 0.000267 0.000224 0.000224 
0.000181 0.000181 0.000218 0.000298 0.000433 0.000645 0.000966 0.001441 0.002136 0.003139 0.004574 0.006605 0.009451 0.013402 0.018829 0.026214 0.036160 0.049423 0.066932 0.089811 0.119403 0.157284 0.205275 0.265440 0.340071 0.431662 0.542857 0.676378 0.834939 1.021120 1.237237 1.485185 1.766268 2.081033 2.429095 2.808998 3.218083 3.652413 4.106744 4.574552 5.048136 5.518787 5.977021 6.412885 6.816297 7.177430 7.487108 7.737189 7.920922 8.033253 8.071050 8.033253 7.920922 7.737189 7.487108 7.177430 6.816297 6.412885 5.977021 5.518787 5.048136 4.574552 4.106744 3.652413 3.218083 2.808998 2.429095 2.081033 1.766268 1.485185 1.237237 1.021120 0.834939 0.676378 0.542857 0.431662 0.340071 0.265440 0.205275 0.157284 0.119403 0.089811 0.066932 0.049423 0.036160 0.026214 0.018830 0.013402 0.009452 0.006606 0.004575 0.003142 0.002140 0.001448 0.000976 0.000662 0.000460 0.000341 0.000285 0.000285 
0.000229 0.000229 0.000275 0.000376 0.000546 0.000814 0.001218 0.001817 0.002692 0.003956 0.005763 0.008321 0.011905 0.016879 0.023711 0.033005 0.045522 0.062212 0.084240 0.113021 0.150242 0.197884 0.258234 0.333885 0.427715 0.542857 0.682628 0.850449 1.049722 1.283688 1.555251 1.866786 2.219928 2.615356 3.052587 3.529784 4.043607 4.589109 5.159701 5.747191 6.341908 6.932918 7.508317 8.055608 8.562136 9.015568 9.404386 9.718371 9.949053 10.090085 10.137539 10.090085 9.949053 9.718371 9.404386 9.015568 8.562136 8.055608 7.508317 6.932918 6.341908 5.747191 5.159701 4.589109 4.043607 3.529784 3.052587 2.615356 2.219928 1.866786 1.555251 1.283688 1.049722 0.850449 0.682628 0.542857 0.427715 0.333885 0.258234 0.197884 0.150242 0.113021 0.084240 0.062212 0.045523 0.033005 0.023711 0.016879 0.011906 0.008322 0.005765 0.003959 0.002697 0.001825 0.001231 0.000835 0.000581 0.000430 0.000360 0.000360 
0.000286 0.000286 0.000344 0.000470 0.000683 0.001016 0.001521 0.002269 0.003361 0.004939 0.007194 0.010385 0.014857 0.021060 0.029581 0.041170 0.056776 0.077582 0.105039 0.140909 0.187293 0.246657 0.321847 0.416090 0.532968 0.676378 0.850449 1.059433 1.307563 1.598867 1.936954 2.324776 2.764362 3.256551 3.800737 4.394630 5.034069 5.712895 6.422908 7.153914 7.893883 8.629211 9.345090 10.025979 10.656138 11.220228 11.703925 12.094524 12.381489 12.556930 12.615962 12.556930 12.381489 12.094524 11.703925 11.220228 10.656138 10.025979 9.345090 8.629211 7.893883 7.153914 6.422908 5.712895 5.034069 4.394630 3.800737 3.256551 2.764362 2.324776 1.936954 1.598867 1.307563 1.059433 0.850449 0.676378 0.532968 0.416090 0.321847 0.246657 0.187293 0.140909 0.105039 0.077582 0.056776 0.041170 0.029581 0.021060 0.014857 0.010387 0.007196 0.004943 0.003367 0.002279 0.001538 0.001043 0.000725 0.000537 0.000450 0.000450 
0.000354 0.000354 0.000426 0.000581 0.000845 0.001258 0.001882 0.002807 0.004158 0.006108 0.008896 0.012841 0.018367 0.026032 0.036560 0.050877 0.070154 0.095849 0.129757 0.174048 0.231315 0.304599 0.397411 0.513729 0.657971 0.834939 1.049722 1.307563 1.613676 1.973021 2.390047 2.868384 3.410529 4.017511 4.688575 5.420892 6.209328 7.046286 7.921654 8.822866 9.735090 10.641560 11.524026 12.363334 13.140090 13.835391 14.431589 14.913028 15.266728 15.482968 15.555727 15.482968 15.266728 14.913028 14.431589 13.835391 13.140090 12.363334 11.524026 10.641560 9.735090 8.822866 7.921654 7.046286 6.209328 5.420892 4.688575 4.017511 3.410529 2.868384 2.390047 1.973021 1.613676 1.307563 1.049722 0.834939 0.657971 0.513729 0.397411 0.304599 0.231315 0.174048 0.129757 0.095849 0.070154 0.050877 0.036560 0.026032 0.018368 0.012842 0.008899 0.006113 0.004166 0.002820 0.001903 0.001291 0.000898 0.000665 0.000557 0.000557 
0.000435 0.000435 0.000523 0.000713 0.001036 0.001542 0.002307 0.003440 0.005095 0.007484 0.010898 0.015728 0.022494 0.031878 0.044764 0.062287 0.085876 0.117317 0.158801 0.212983 0.283031 0.372661 0.486163 0.628398 0.804762 1.021120 1.283688 1.598867 1.973021 2.412208 2.921854 3.506387 4.168850 4.910493 5.730386 6.625067 7.588259 8.610679 9.679971 10.780786 11.895009 13.002165 14.079970 15.105035 16.053679 16.902827 17.630930 18.218877 18.650820 18.914893 19.003746 18.914893 18.650820 18.218877 17.630930 16.902827 16.053679 15.105035 14.079970 13.002165 11.895009 10.780786 9.679971 8.610679 7.588259 6.625067 5.730386 4.910493 4.168850 3.506387 2.921854 2.412208 1.973021 1.598867 1.283688 1.021120 0.804762 0.628398 0.486163 0.372661 0.283031 0.212983 0.158801 0.117317 0.085876 0.062287 0.044764 0.031878 0.022495 0.015731 0.010902 0.007490 0.005104 0.003456 0.002333 0.001583 0.001101 0.000816 0.000683 0.000683 
0.000528 0.000528 0.000635 0.000866 0.001258 0.001873 0.002802 0.004177 0.006185 0.009084 0.013226 0.019086 0.027292 0.038672 0.054298 0.075544 0.104143 0.142256 0.192538 0.258204 0.343090 0.451695 0.589214 0.761527 0.975170 1.237237 1.555251 1.936954 2.390047 2.921854 3.538935 4.246643 5.048653 5.946467 6.938954 8.021914 9.187744 10.425205 11.719342 13.051575 14.399987 15.739802 17.044058 18.284460 19.432362 20.459847 21.340853 22.052258 22.574897 22.894415 23.001925 22.894415 22.574897 22.052258 21.340853 20.459847 19.432362 18.284460 17.044058 15.739802 14.399987 13.051575 11.719342 10.425205 9.187744 8.021914 6.938954 5.946467 5.048653 4.246643 3.538935 2.921854 2.390047 1.936954 1.555251 1.237237 0.975170 0.761527 0.589214 0.451695 0.343090 0.258204 0.192538 0.142256 0.104143 0.075545 0.054299 0.038673 0.027293 0.019088 0.013231 0.009091 0.006196 0.004196 0.002833 0.001923 0.001338 0.000991 0.000830 0.000830 
0.000636 0.000636 0.000764 0.001042 0.001514 0.002253 0.003370 0.005023 0.007438 0.010923 0.015901 0.022943 0.032803 0.046476 0.065249 0.090769 0.125118 0.170889 0.231268 0.310113 0.412025 0.542402 0.707472 0.914291 1.170692 1.485185 1.866786 2.324776 2.868384 3.506387 4.246643 5.095564 6.057543 7.134377 8.324695 9.623455 11.021532 12.505444 14.057254 15.654687 17.271463 18.877879 20.441616 21.928758 23.304969 24.536790 25.592984 26.445842 27.072395 27.455438 27.584322 27.455438 27.072395 26.445842 25.592984 24.536790 23.304969 21.928758 20.441616 18.877879 17.271463 15.654687 14.057254 12.505444 11.021532 9.623455 8.324695 7.134377 6.057543 5.095564 4.246643 3.506387 2.868384 2.324776 1.866786 1.485185 1.170692 0.914291 0.707472 0.542402 0.412025 0.310113 0.231269 0.170890 0.125119 0.090770 0.065250 0.046477 0.032805 0.022946 0.015906 0.010931 0.007452 0.005046 0.003407 0.002313 0.001610 0.001193 0.000999 0.000999 
0.000758 0.000758 0.000912 0.001243 0.001805 0.002685 0.004016 0.005985 0.008860 0.013010 0.018938 0.027321 0.039059 0.055334 0.077676 0.108045 0.148916 0.203373 0.275202 0.368990 0.490206 0.645264 0.841567 1.087497 1.392362 1.766268 2.219928 2.764362 3.410529 4.168850 5.048653 6.057543 7.200733 8.480342 9.894734 11.437908 13.099015 14.862030 16.705644 18.603390 20.524051 22.432349 24.289897 26.056416 27.691129 29.154306 30.408850 31.421860 32.166062 32.621028 32.774111 32.621028 32.166062 31.421860 30.408850 29.154306 27.691129 26.056416 24.289897 22.432349 20.524051 18.603390 16.705644 14.862030 13.099015 11.437908 9.894734 8.480342 7.200733 6.057543 5.048653 4.168850 3.410529 2.764362 2.219928 1.766268 1.392362 1.087497 0.841567 0.645264 0.490206 0.368990 0.275202 0.203373 0.148916 0.108045 0.077676 0.055335 0.039061 0.027325 0.018944 0.013021 0.008877 0.006012 0.004060 0.002757 0.001919 0.001422 0.001191 0.001191 
0.000896 0.000896 0.001077 0.001467 0.002131 0.003170 0.004740 0.007064 0.010456 0.015352 0.022344 0.032231 0.046073 0.065263 0.091605 0.127408 0.175586 0.239773 0.324428 0.434954 0.577789 0.760488 0.991765 1.281487 1.640611 2.081033 2.615356 3.256551 4.017511 4.910493 5.946467 7.134377 8.480342 9.986849 11.651956 13.468592 15.423975 17.499238 19.669294 21.902990 24.163589 26.409571 28.595768 30.674783 32.598637 34.320584 35.796980 36.989117 37.864905 38.400313 38.580462 38.400313 37.864905 36.989117 35.796980 34.320584 32.598637 30.674783 28.595768 26.409571 24.163589 21.902990 19.669294 17.499238 15.423975 13.468592 11.651956 9.986849 8.480342 7.134377 5.946467 4.910493 4.017511 3.256551 2.615356 2.081033 1.640611 1.281487 0.991765 0.760488 0.577789 0.434954 0.324428 0.239773 0.175586 0.127408 0.091606 0.065265 0.046076 0.032235 0.022351 0.015364 0.010476 0.007096 0.004793 0.003255 0.002265 0.001679 0.001407 0.001407 
0.001048 0.001048 0.001260 0.001717 0.002492 0.003707 0.005543 0.008259 0.012223 0.017945 0.026115 0.037667 0.053838 0.076254 0.107022 0.148836 0.205099 0.280049 0.378892 0.507930 0.674675 0.887939 1.157888 1.496030 1.915141 2.429095 3.052587 3.800737 4.688575 5.730386 6.938954 8.324695 9.894734 11.651956 13.594086 15.712862 17.993371 20.413601 22.944293 25.549119 28.185238 30.804243 33.353472 35.777668 38.020900 40.028674 41.750115 43.140101 44.161229 44.785486 44.995529 44.785486 44.161229 43.140101 41.750115 40.028674 38.020900 35.777668 33.353472 30.804243 28.185238 25.549119 22.944293 20.413601 17.993371 15.712862 13.594086 11.651956 9.894734 8.324695 6.938954 5.730386 4.688575 3.800737 3.052587 2.429095 1.915141 1.496030 1.157888 0.887939 0.674675 0.507930 0.378892 0.280049 0.205099 0.148837 0.107023 0.076256 0.053841 0.037672 0.026124 0.017959 0.012247 0.008297 0.005604 0.003806 0.002650 0.001964 0.001646 0.001646 
0.001215 0.001215 0.001460 0.001989 0.002888 0.004295 0.006420 0.009565 0.014155 0.020779 0.030236 0.043606 0.062322 0.088262 0.123864 0.172243 0.237334 0.324036 0.438369 0.587616 0.780461 1.027088 1.339245 1.730230 2.214805 2.808998 3.529784 4.394630 5.420892 6.625067 8.021914 9.623455 11.437908 13.468592 15.712862 18.161162 20.796248 23.592681 26.516651 29.526183 32.571788 35.597542 38.542618 41.343188 43.934652 46.254073 48.242690 49.848393 51.027985 51.749113 51.991750 51.749113 51.027985 49.848393 48.242690 46.254073 43.934652 41.343188 38.542618 35.597542 32.571788 29.526183 26.516651 23.592681 20.796248 18.161162 15.712862 13.468592 11.437908 9.623455 8.021914 6.625067 5.420892 4.394630 3.529784 2.808998 2.214805 1.730230 1.339245 1.027088 0.780461 0.587616 0.438369 0.324036 0.237334 0.172244 0.123865 0.088264 0.062325 0.043612 0.030246 0.020795 0.014182 0.009609 0.006491 0.004410 0.003070 0.002276 0.001908 0.001908 
0.001395 0.001395 0.001676 0.002283 0.003314 0.004928 0.007366 0.010974 0.016238 0.023834 0.034679 0.050009 0.071467 0.101205 0.142014 0.197466 0.272067 0.371429 0.502445 0.673458 0.894411 1.176966 1.534571 1.982452 2.537507 3.218083 4.043607 5.034069 6.209328 7.588259 9.187744 11.021532 13.099015 15.423975 17.993371 20.796248 23.812855 27.014066 30.361171 33.806124 37.292277 40.755627 44.126558 47.332028 50.298111 52.952787 55.228817 57.066573 58.416628 59.241963 59.519661 59.241963 58.416628 57.066573 55.228817 52.952787 50.298111 47.332028 44.126558 40.755627 37.292277 33.806124 30.361171 27.014066 23.812855 20.796248 17.993371 15.423975 13.099015 11.021532 9.187744 7.588259 6.209328 5.034069 4.043607 3.218083 2.537507 1.982452 1.534571 1.176966 0.894411 0.673458 0.502446 0.371429 0.272067 0.197467 0.142016 0.101207 0.071471 0.050016 0.034690 0.023853 0.016269 0.011024 0.007448 0.005060 0.003523 0.002613 0.002190 0.002190 
0.001586 0.001586 0.001905 0.002596 0.003768 0.005602 0.008372 0.012471 0.018453 0.027082 0.039402 0.056815 0.081185 0.114957 0.161299 0.224264 0.308965 0.421773 0.570507 0.764633 1.015431 1.336131 1.741988 2.250271 2.880144 3.652413 4.589109 5.712895 7.046286 8.610679 10.425205 12.505444 14.862030 17.499238 20.413601 23.592681 27.014066 30.644713 34.440718 38.347590 42.301091 46.228646 50.051320 53.686295 57.049756 60.060048 62.640944 64.724843 66.255709 67.191576 67.506464 67.191576 66.255709 64.724843 62.640944 60.060048 57.049756 53.686295 50.051320 46.228646 42.301091 38.347590 34.440718 30.644713 27.014066 23.592681 20.413601 17.499238 14.862030 12.505444 10.425205 8.610679 7.046286 5.712895 4.589109 3.652413 2.880144 2.250271 1.741988 1.336131 1.015431 0.764633 0.570507 0.421773 0.308966 0.224265 0.161301 0.114960 0.081189 0.056822 0.039414 0.027103 0.018488 0.012529 0.008466 0.005752 0.004006 0.002971 0.002490 0.002490 
0.001787 0.001787 0.002146 0.002924 0.004243 0.006308 0.009426 0.014040 0.020772 0.030483 0.044346 0.063940 0.091359 0.129354 0.181487 0.252314 0.347585 0.474460 0.641732 0.860039 1.142060 1.502664 1.958993 2.530453 3.238578 4.106744 5.159701 6.422908 7.921654 9.679971 11.719342 14.057254 16.705644 19.669294 22.944293 26.516651 30.361171 34.440718 38.705954 43.095656 47.537650 51.950402 56.245237 60.329123 64.107910 67.489877 70.389402 72.730553 74.450389 75.501776 75.855532 75.501776 74.450389 72.730553 70.389402 67.489877 64.107910 60.329123 56.245237 51.950402 47.537650 43.095656 38.705954 34.440718 30.361171 26.516651 22.944293 19.669294 16.705644 14.057254 11.719342 9.679971 7.921654 6.422908 5.159701 4.106744 3.238578 2.530453 1.958993 1.502664 1.142060 0.860040 0.641733 0.474461 0.347585 0.252315 0.181489 0.129357 0.091364 0.063948 0.044361 0.030507 0.020812 0.014105 0.009531 0.006477 0.004511 0.003346 0.002805 0.002805 
0.001994 0.001994 0.002395 0.003262 0.004733 0.007036 0.010513 0.015657 0.023163 0.033989 0.049443 0.071282 0.101843 0.144189 0.202287 0.281212 0.387370 0.528736 0.715099 0.958308 1.272481 1.674172 2.182469 2.818976 3.607663 4.574552 5.747191 7.153914 8.822866 10.780786 13.051575 15.654687 18.603390 21.902990 25.549119 29.526183 33.806124 38.347590 43.095656 47.982167 52.926786 57.838763 62.619402 67.165163 71.371264 75.135629 78.362972 80.968793 82.883048 84.053284 84.447028 84.053284 82.883048 80.968793 78.362972 75.135629 71.371264 67.165163 62.619402 57.838763 52.926786 47.982167 43.095656 38.347590 33.806124 29.526183 25.549119 21.902990 18.603390 15.654687 13.051575 10.780786 8.822866 7.153914 5.747191 4.574552 3.607663 2.818976 2.182469 1.674172 1.272481 0.958308 0.715099 0.528736 0.387371 0.281213 0.202289 0.144192 0.101849 0.071292 0.049459 0.034016 0.023207 0.015730 0.010630 0.007224 0.005032 0.003733 0.003129 0.003129 
0.002203 0.002203 0.002646 0.003604 0.005230 0.007774 0.011614 0.017296 0.025586 0.037541 0.054607 0.078722 0.112465 0.159216 0.223356 0.310483 0.427666 0.583703 0.789398 1.057820 1.404544 1.847832 2.408737 3.111088 3.981322 5.048136 6.341908 7.893883 9.735090 11.895009 14.399987 17.271463 20.524051 24.163589 28.185238 32.571788 37.292277 42.301091 47.537650 52.926786 58.379905 63.796932 69.069037 74.082048 78.720431 82.871636 86.430603 89.304163 91.415090 92.705553 93.139748 92.705553 91.415090 89.304163 86.430603 82.871636 78.720431 74.082048 69.069037 63.796932 58.379905 52.926786 47.537650 42.301091 37.292277 32.571788 28.185238 24.163589 20.524051 17.271463 14.399987 11.895009 9.735090 7.893883 6.341908 5.048136 3.981322 3.111088 2.408737 1.847832 1.404544 1.057820 0.789398 0.583704 0.427667 0.310484 0.223358 0.159220 0.112471 0.078733 0.054624 0.037571 0.025635 0.017376 0.011744 0.007982 0.005560 0.004125 0.003458 0.003458 
0.002412 0.002412 0.002897 0.003945 0.005724 0.008508 0.012710 0.018927 0.027995 0.041075 0.059742 0.086121 0.123028 0.174160 0.244306 0.339587 0.467729 0.638351 0.863261 1.156742 1.535818 2.020446 2.633632 3.401415 4.352682 5.518787 6.932918 8.629211 10.641560 13.002165 15.739802 18.877879 22.432349 26.409571 30.804243 35.597542 40.755627 46.228646 51.950402 57.838763 63.796932 69.715576 75.475797 80.952868 86.020577 90.555973 94.444289 97.583750 99.889999 101.299863 101.774232 101.299863 99.889999 97.583750 94.444289 90.555973 86.020577 80.952868 75.475797 69.715576 63.796932 57.838763 51.950402 46.228646 40.755627 35.597542 30.804243 26.409571 22.432349 18.877879 15.739802 13.002165 10.641560 8.629211 6.932918 5.518787 4.352682 3.401415 2.633632 2.020446 1.535818 1.156742 0.863261 0.638352 0.467730 0.339588 0.244308 0.174164 0.123034 0.086132 0.059762 0.041107 0.028049 0.019014 0.012852 0.008735 0.006086 0.004515 0.003786 0.003786 
0.002616 0.002616 0.003141 0.004277 0.006205 0.009223 0.013778 0.020515 0.030344 0.044518 0.064746 0.093329 0.133318 0.188717 0.264713 0.367935 0.506751 0.691576 0.935196 1.253079 1.663655 2.188533 2.852620 3.684104 4.714259 5.977021 7.508317 9.345090 11.524026 14.079970 17.044058 20.441616 24.289897 28.595768 33.353472 38.542618 44.126558 50.051320 56.245237 62.619402 69.069037 75.475797 81.710991 87.639622 93.125087 98.034317 102.243103 105.641295 108.137598 109.663641 110.177099 109.663641 108.137598 105.641295 102.243103 98.034317 93.125087 87.639622 81.710991 75.475797 69.069037 62.619402 56.245237 50.051320 44.126558 38.542618 33.353472 28.595768 24.289897 20.441616 17.044058 14.079970 11.524026 9.345090 7.508317 5.977021 4.714259 3.684104 2.852620 2.188533 1.663655 1.253079 0.935196 0.691576 0.506752 0.367937 0.264716 0.188722 0.133325 0.093341 0.064768 0.044553 0.030402 0.020611 0.013932 0.009470 0.006598 0.004895 0.004105 0.004105 
