0.000000 0.000000 0.000000 0.000000 0.000000 0.000000 0.000000 0.000000 0.000000 0.000000 0.000000 0.000000 0.000000 0.000000 0.000000 0.000000 0.000000 0.000000 0.000000 0.000000 0.000000 0.000000 0.000000 0.000000 0.000000 0.000000 0.000000 0.000000 0.000000 0.000000 0.000000 0.000000 0.000000 0.000000 0.000000 0.000000 0.000000 0.000000 0.000000 0.000000 0.000000 0.000000 0.000001 0.000001 0.000001 0.000001 0.000001 0.000001 0.000001 0.000001 0.000001 0.000001 0.000001 0.000001 0.000001 0.000001 0.000001 0.000001 0.000001 0.000000 0.000000 0.000000 0.000000 0.000000 0.000000 0.000000 0.000000 0.000000 0.000000 0.000000 0.000000 0.000000 0.000000 0.000000 0.000000 0.000000 0.000000 0.000000 0.000000 0.000000 0.000000 0.000000 0.000000 0.000000 0.000000 0.000000 0.000000 0.000000 0.000000 0.000000 0.000000 0.000000 0.000000 0.000000 0.000000 0.000000 0.000000 0.000000 0.000000 0.000000 
0.000000 0.000000 0.000000 0.000000 0.000000 0.000000 0.000000 0.000000 0.000000 0.000000 0.000000 0.000000 0.000000 0.000000 0.000000 0.000000 0.000000 0.000000 0.000000 0.000000 0.000000 0.000000 0.000000 0.000000 0.000000 0.000000 0.000000 0.000000 0.000000 0.000000 0.000000 0.000000 0.000000 0.000000 0.000000 0.000000 0.000000 0.000000 0.000000 0.000000 0.000000 0.000000 0.000001 0.000001 0.000001 0.000001 0.000001 0.000001 0.000001 0.000001 0.000001 0.000001 0.000001 0.000001 0.000001 0.000001 0.000001 0.000001 0.000001 0.000000 0.000000 0.000000 0.000000 0.000000 0.000000 0.000000 0.000000 0.000000 0.000000 0.000000 0.000000 0.000000 0.000000 0.000000 0.000000 0.000000 0.000000 0.000000 0.000000 0.000000 0.000000 0.000000 0.000000 0.000000 0.000000 0.000000 0.000000 0.000000 0.000000 0.000000 0.000000 0.000000 0.000000 0.000000 0.000000 0.000000 0.000000 0.000000 0.000000 0.000000 
0.000000 0.000000 0.000000 0.000000 0.000000 0.000000 0.000000 0.000000 0.000000 0.000000 0.000000 0.000000 0.000000 0.000000 0.000000 0.000000 0.000000 0.000000 0.000000 0.000000 0.000000 0.000000 0.000000 0.000000 0.000000 0.000000 0.000000 0.000000 0.000000 0.000000 0.000000 0.000000 0.000000 0.000000 0.000000 0.000000 0.000000 0.000000 0.000000 0.000001 0.000001 0.000001 0.000001 0.000001 0.000001 0.000001 0.000001 0.000002 0.000002 0.000002 0.000002 0.000002 0.000002 0.000002 0.000001 0.000001 0.000001 0.000001 0.000001 0.000001 0.000001 0.000001 0.000000 0.000000 0.000000 0.000000 0.000000 0.000000 0.000000 0.000000 0.000000 0.000000 0.000000 0.000000 0.000000 0.000000 0.000000 0.000000 0.000000 0.000000 0.000000 0.000000 0.000000 0.000000 0.000000 0.000000 0.000000 0.000000 0.000000 0.000000 0.000000 0.000000 0.000000 0.000000 0.000000 0.000000 0.000000 0.000000 0.000000 0.000000 
0.000000 0.000000 0.000000 0.000000 0.000000 0.000000 0.000000 0.000000 0.000000 0.000000 0.000000 0.000000 0.000000 0.000000 0.000000 0.000000 0.000000 0.000000 0.000000 0.000000 0.000000 0.000000 0.000000 0.000000 0.000000 0.000000 0.000000 0.000000 0.000000 0.000000 0.000000 0.000000 0.000000 0.000000 0.000000 0.000000 0.000001 0.000001 0.000001 0.000001 0.000001 0.000002 0.000002 0.000002 0.000002 0.000003 0.000003 0.000003 0.000003 0.000003 0.000003 0.000003 0.000003 0.000003 0.000003 0.000003 0.000002 0.000002 0.000002 0.000002 0.000001 0.000001 0.000001 0.000001 0.000001 0.000000 0.000000 0.000000 0.000000 0.000000 0.000000 0.000000 0.000000 0.000000 0.000000 0.000000 0.000000 0.000000 0.000000 0.000000 0.000000 0.000000 0.000000 0.000000 0.000000 0.000000 0.000000 0.000000 0.000000 0.000000 0.000000 0.000000 0.000000 0.000000 0.000000 0.000000 0.000000 0.000000 0.000000 0.000000 
0.000000 0.000000 0.000000 0.000000 0.000000 0.000000 0.000000 0.000000 0.000000 0.000000 0.000000 0.000000 0.000000 0.000000 0.000000 0.000000 0.000000 0.000000 0.000000 0.000000 0.000000 0.000000 0.000000 0.000000 0.000000 0.000000 0.000000 0.000000 0.000000 0.000000 0.000000 0.000000 0.000000 0.000001 0.000001 0.000001 0.000001 0.000002 0.000002 0.000002 0.000003 0.000003 0.000004 0.000005 0.000005 0.000006 0.000006 0.000006 0.000007 0.000007 0.000007 0.000007 0.000007 0.000006 0.000006 0.000006 0.000005 0.000005 0.000004 0.000003 0.000003 0.000002 0.000002 0.000002 0.000001 0.000001 0.000001 0.000001 0.000000 0.000000 0.000000 0.000000 0.000000 0.000000 0.000000 0.000000 0.000000 0.000000 0.000000 0.000000 0.000000 0.000000 0.000000 0.000000 0.000000 0.000000 0.000000 0.000000 0.000000 0.000000 0.000000 0.000000 0.000000 0.000000 0.000000 0.000000 0.000000 0.000000 0.000000 0.000000 
0.000000 0.000000 0.000000 0.000000 0.000000 0.000000 0.000000 0.000000 0.000000 0.000000 0.000000 0.000000 0.000000 0.000000 0.000000 0.000000 0.000000 0.000000 0.000000 0.000000 0.000000 0.000000 0.000000 0.000000 0.000000 0.000000 0.000000 0.000000 0.000000 0.000000 0.000000 0.000001 0.000001 0.000001 0.000002 0.000002 0.000003 0.000003 0.000004 0.000005 0.000006 0.000007 0.000008 0.000010 0.000011 0.000012 0.000013 0.000014 0.000014 0.000015 0.000015 0.000015 0.000014 0.000014 0.000013 0.000012 0.000011 0.000010 0.000008 0.000007 0.000006 0.000005 0.000004 0.000003 0.000003 0.000002 0.000002 0.000001 0.000001 0.000001 0.000000 0.000000 0.000000 0.000000 0.000000 0.000000 0.000000 0.000000 0.000000 0.000000 0.000000 0.000000 0.000000 0.000000 0.000000 0.000000 0.000000 0.000000 0.000000 0.000000 0.000000 0.000000 0.000000 0.000000 0.000000 0.000000 0.000000 0.000000 0.000000 0.000000 
0.000000 0.000000 0.000000 0.000000 0.000000 0.000000 0.000000 0.000000 0.000000 0.000000 0.000000 0.000000 0.000000 0.000000 0.000000 0.000000 0.000000 0.000000 0.000000 0.000000 0.000000 0.000000 0.000000 0.000000 0.000000 0.000000 0.000000 0.000000 0.000000 0.000001 0.000001 0.000001 0.000002 0.000002 0.000003 0.000004 0.000005 0.000007 0.000008 0.000010 0.000012 0.000015 0.000017 0.000020 0.000022 0.000024 0.000026 0.000028 0.000029 0.000030 0.000030 0.000030 0.000029 0.000028 0.000026 0.000024 0.000022 0.000020 0.000017 0.000015 0.000012 0.000010 0.000008 0.000007 0.000005 0.000004 0.000003 0.000002 0.000002 0.000001 0.000001 0.000001 0.000000 0.000000 0.000000 0.000000 0.000000 0.000000 0.000000 0.000000 0.000000 0.000000 0.000000 0.000000 0.000000 0.000000 0.000000 0.000000 0.000000 0.000000 0.000000 0.000000 0.000000 0.000000 0.000000 0.000000 0.000000 0.000000 0.000000 0.000000 
0.000000 0.000000 0.000000 0.000000 0.000000 0.000000 0.000000 0.000000 0.000000 0.000000 0.000000 0.000000 0.000000 0.000000 0.000000 0.000000 0.000000 0.000000 0.000000 0.000000 0.000000 0.000000 0.000000 0.000000 0.000000 0.000000 0.000000 0.000001 0.000001 0.000001 0.000002 0.000003 0.000004 0.000005 0.000006 0.000008 0.000011 0.000014 0.000017 0.000021 0.000025 0.000030 0.000035 0.000040 0.000045 0.000049 0.000053 0.000057 0.000059 0.000061 0.000061 0.000061 0.000059 0.000057 0.000053 0.000049 0.000045 0.000040 0.000035 0.000030 0.000025 0.000021 0.000017 0.000014 0.000011 0.000008 0.000006 0.000005 0.000004 0.000003 0.000002 0.000001 0.000001 0.000001 0.000000 0.000000 0.000000 0.000000 0.000000 0.000000 0.000000 0.000000 0.000000 0.000000 0.000000 0.000000 0.000000 0.000000 0.000000 0.000000 0.000000 0.000000 0.000000 0.000000 0.000000 0.000000 0.000000 0.000000 0.000000 0.000000 
0.000000 0.000000 0.000000 0.000000 0.000000 0.000000 0.000000 0.000000 0.000000 0.000000 0.000000 0.000000 0.000000 0.000000 0.000000 0.000000 0.000000 0.000000 0.000000 0.000000 0.000000 0.000000 0.000000 0.000000 0.000000 0.000001 0.000001 0.000001 0.000002 0.000003 0.000004 0.000005 0.000007 0.000010 0.000013 0.000017 0.000022 0.000028 0.000035 0.000042 0.000051 0.000060 0.000070 0.000080 0.000089 0.000099 0.000107 0.000113 0.000119 0.000122 0.000123 0.000122 0.000119 0.000113 0.000107 0.000099 0.000089 0.000080 0.000070 0.000060 0.000051 0.000042 0.000035 0.000028 0.000022 0.000017 0.000013 0.000010 0.000007 0.000005 0.000004 0.000003 0.000002 0.000001 0.000001 0.000001 0.000000 0.000000 0.000000 0.000000 0.000000 0.000000 0.000000 0.000000 0.000000 0.000000 0.000000 0.000000 0.000000 0.000000 0.000000 0.000000 0.000000 0.000000 0.000000 0.000000 0.000000 0.000000 0.000000 0.000000 
0.000000 0.000000 0.000000 0.000000 0.000000 0.000000 0.000000 0.000000 0.000000 0.000000 0.000000 0.000000 0.000000 0.000000 0.000000 0.000000 0.000000 0.000000 0.000000 0.000000 0.000000 0.000000 0.000000 0.000000 0.000001 0.000001 0.000002 0.000002 0.000003 0.000005 0.000007 0.000010 0.000014 0.000019 0.000026 0.000034 0.000043 0.000055 0.000068 0.000083 0.000100 0.000119 0.000138 0.000157 0.000176 0.000194 0.000210 0.000223 0.000233 0.000240 0.000242 0.000240 0.000233 0.000223 0.000210 0.000194 0.000176 0.000157 0.000138 0.000119 0.000100 0.000083 0.000068 0.000055 0.000043 0.000034 0.000026 0.000019 0.000014 0.000010 0.000007 0.000005 0.000003 0.000002 0.000002 0.000001 0.000001 0.000000 0.000000 0.000000 0.000000 0.000000 0.000000 0.000000 0.000000 0.000000 0.000000 0.000000 0.000000 0.000000 0.000000 0.000000 0.000000 0.000000 0.000000 0.000000 0.000000 0.000000 0.000000 0.000000 
0.000000 0.000000 0.000000 0.000000 0.000000 0.000000 0.000000 0.000000 0.000000 0.000000 0.000000 0.000000 0.000000 0.000000 0.000000 0.000000 0.000000 0.000000 0.000000 0.000000 0.000000 0.000000 0.000001 0.000001 0.000001 0.000002 0.000003 0.000005 0.000007 0.000010 0.000014 0.000020 0.000028 0.000037 0.000050 0.000065 0.000084 0.000107 0.000133 0.000162 0.000195 0.000230 0.000267 0.000305 0.000342 0.000376 0.000407 0.000433 0.000452 0.000464 0.000468 0.000464 0.000452 0.000433 0.000407 0.000376 0.000342 0.000305 0.000267 0.000230 0.000195 0.000162 0.000133 0.000107 0.000084 0.000065 0.000050 0.000037 0.000028 0.000020 0.000014 0.000010 0.000007 0.000005 0.000003 0.000002 0.000001 0.000001 0.000001 0.000000 0.000000 0.000000 0.000000 0.000000 0.000000 0.000000 0.000000 0.000000 0.000000 0.000000 0.000000 0.000000 0.000000 0.000000 0.000000 0.000000 0.000000 0.000000 0.000000 0.000000 
0.000000 0.000000 0.000000 0.000000 0.000000 0.000000 0.000000 0.000000 0.000000 0.000000 0.000000 0.000000 0.000000 0.000000 0.000000 0.000000 0.000000 0.000000 0.000000 0.000000 0.000000 0.000001 0.000001 0.000002 0.000002 0.000004 0.000006 0.000009 0.000013 0.000019 0.000027 0.000038 0.000053 0.000072 0.000095 0.000125 0.000161 0.000204 0.000254 0.000310 0.000373 0.000440 0.000510 0.000582 0.000652 0.000718 0.000777 0.000826 0.000863 0.000886 0.000894 0.000886 0.000863 0.000826 0.000777 0.000718 0.000652 0.000582 0.000510 0.000440 0.000373 0.000310 0.000254 0.000204 0.000161 0.000125 0.000095 0.000072 0.000053 0.000038 0.000027 0.000019 0.000013 0.000009 0.000006 0.000004 0.000002 0.000002 0.000001 0.000001 0.000000 0.000000 0.000000 0.000000 0.000000 0.000000 0.000000 0.000000 0.000000 0.000000 0.000000 0.000000 0.000000 0.000000 0.000000 0.000000 0.000000 0.000000 0.000000 0.000000 
0.000000 0.000000 0.000000 0.000000 0.000000 0.000000 0.000000 0.000000 0.000000 0.000000 0.000000 0.000000 0.000000 0.000000 0.000000 0.000000 0.000000 0.000000 0.000000 0.000000 0.000001 0.000001 0.000002 0.000003 0.000005 0.000007 0.000011 0.000017 0.000025 0.000036 0.000052 0.000072 0.000100 0.000135 0.000180 0.000236 0.000304 0.000384 0.000478 0.000584 0.000701 0.000828 0.000960 0.001094 0.001226 0.001350 0.001460 0.001552 0.001621 0.001664 0.001679 0.001664 0.001621 0.001552 0.001460 0.001350 0.001226 0.001094 0.000960 0.000828 0.000701 0.000584 0.000478 0.000384 0.000304 0.000236 0.000180 0.000135 0.000100 0.000072 0.000052 0.000036 0.000025 0.000017 0.000011 0.000007 0.000005 0.000003 0.000002 0.000001 0.000001 0.000000 0.000000 0.000000 0.000000 0.000000 0.000000 0.000000 0.000000 0.000000 0.000000 0.000000 0.000000 0.000000 0.000000 0.000000 0.000000 0.000000 0.000000 0.000000 
0.000000 0.000000 0.000000 0.000000 0.000000 0.000000 0.000000 0.000000 0.000000 0.000000 0.000000 0.000000 0.000000 0.000000 0.000000 0.000000 0.000000 0.000000 0.000000 0.000001 0.000001 0.000002 0.000003 0.000006 0.000009 0.000014 0.000021 0.000031 0.000046 0.000067 0.000096 0.000135 0.000185 0.000251 0.000335 0.000438 0.000563 0.000713 0.000886 0.001082 0.001299 0.001533 0.001777 0.002026 0.002269 0.002497 0.002701 0.002871 0.002999 0.003079 0.003105 0.003079 0.002999 0.002871 0.002701 0.002497 0.002269 0.002026 0.001777 0.001533 0.001299 0.001082 0.000886 0.000713 0.000563 0.000438 0.000335 0.000251 0.000185 0.000135 0.000096 0.000067 0.000046 0.000031 0.000021 0.000014 0.000009 0.000006 0.000003 0.000002 0.000001 0.000001 0.000000 0.000000 0.000000 0.000000 0.000000 0.000000 0.000000 0.000000 0.000000 0.000000 0.000000 0.000000 0.000000 0.000000 0.000000 0.000000 0.000000 0.000000 
0.000000 0.000000 0.000000 0.000000 0.000000 0.000000 0.000000 0.000000 0.000000 0.000000 0.000000 0.000000 0.000000 0.000000 0.000000 0.000000 0.000000 0.000000 0.000001 0.000001 0.000002 0.000004 0.000006 0.000010 0.000016 0.000025 0.000039 0.000058 0.000085 0.000124 0.000176 0.000247 0.000340 0.000460 0.000612 0.000800 0.001029 0.001301 0.001616 0.001974 0.002369 0.002794 0.003240 0.003691 0.004133 0.004548 0.004919 0.005228 0.005461 0.005605 0.005654 0.005605 0.005461 0.005228 0.004919 0.004548 0.004133 0.003691 0.003240 0.002794 0.002369 0.001974 0.001616 0.001301 0.001029 0.000800 0.000612 0.000460 0.000340 0.000247 0.000176 0.000124 0.000085 0.000058 0.000039 0.000025 0.000016 0.000010 0.000006 0.000004 0.000002 0.000001 0.000001 0.000000 0.000000 0.000000 0.000000 0.000000 0.000000 0.000000 0.000000 0.000000 0.000000 0.000000 0.000000 0.000000 0.000000 0.000000 0.000000 0.000000 
0.000000 0.000000 0.000000 0.000000 0.000000 0.000000 0.000000 0.000000 0.000000 0.000000 0.000000 0.000000 0.000000 0.000000 0.000000 0.000000 0.000000 0.000001 0.000002 0.000003 0.000004 0.000007 0.000012 0.000019 0.000030 0.000046 0.000070 0.000105 0.000154 0.000223 0.000318 0.000445 0.000612 0.000828 0.001101 0.001440 0.001851 0.002338 0.002904 0.003545 0.004253 0.005015 0.005812 0.006621 0.007412 0.008155 0.008818 0.009371 0.009788 0.010046 0.010134 0.010046 0.009788 0.009371 0.008818 0.008155 0.007412 0.006621 0.005812 0.005015 0.004253 0.003545 0.002904 0.002338 0.001851 0.001440 0.001101 0.000828 0.000612 0.000445 0.000318 0.000223 0.000154 0.000105 0.000070 0.000046 0.000030 0.000019 0.000012 0.000007 0.000004 0.000003 0.000002 0.000001 0.000000 0.000000 0.000000 0.000000 0.000000 0.000000 0.000000 0.000000 0.000000 0.000000 0.000000 0.000000 0.000000 0.000000 0.000000 0.000000 
0.000000 0.000000 0.000000 0.000000 0.000000 0.000000 0.000000 0.000000 0.000000 0.000000 0.000000 0.000000 0.000000 0.000000 0.000000 0.000000 0.000001 0.000002 0.000003 0.000005 0.000008 0.000013 0.000021 0.000033 0.000053 0.000082 0.000124 0.000186 0.000274 0.000396 0.000564 0.000789 0.001085 0.001467 0.001951 0.002550 0.003275 0.004137 0.005135 0.006266 0.007515 0.008859 0.010265 0.011690 0.013084 0.014393 0.015561 0.016536 0.017269 0.017724 0.017878 0.017724 0.017269 0.016536 0.015561 0.014393 0.013084 0.011690 0.010265 0.008859 0.007515 0.006266 0.005135 0.004137 0.003275 0.002550 0.001951 0.001467 0.001085 0.000789 0.000564 0.000396 0.000274 0.000186 0.000124 0.000082 0.000053 0.000033 0.000021 0.000013 0.000008 0.000005 0.000003 0.000002 0.000001 0.000000 0.000000 0.000000 0.000000 0.000000 0.000000 0.000000 0.000000 0.000000 0.000000 0.000000 0.000000 0.000000 0.000000 0.000000 
0.000000 0.000000 0.000000 0.000000 0.000000 0.000000 0.000000 0.000000 0.000000 0.000000 0.000000 0.000000 0.000000 0.000000 0.000000 0.000001 0.000002 0.000003 0.000005 0.000008 0.000014 0.000023 0.000037 0.000059 0.000092 0.000143 0.000218 0.000325 0.000479 0.000693 0.000985 0.001377 0.001894 0.002559 0.003401 0.004443 0.005705 0.007202 0.008937 0.010901 0.013070 0.015403 0.017842 0.020314 0.022733 0.025003 0.027029 0.028718 0.029988 0.030777 0.031045 0.030777 0.029988 0.028718 0.027029 0.025003 0.022733 0.020314 0.017842 0.015403 0.013070 0.010901 0.008937 0.007202 0.005705 0.004443 0.003401 0.002559 0.001894 0.001377 0.000985 0.000693 0.000479 0.000325 0.000218 0.000143 0.000092 0.000059 0.000037 0.000023 0.000014 0.000008 0.000005 0.000003 0.000002 0.000001 0.000000 0.000000 0.000000 0.000000 0.000000 0.000000 0.000000 0.000000 0.000000 0.000000 0.000000 0.000000 0.000000 0.000000 
0.000000 0.000000 0.000000 0.000000 0.000000 0.000000 0.000000 0.000000 0.000000 0.000000 0.000000 0.000000 0.000000 0.000000 0.000001 0.000002 0.000003 0.000005 0.000008 0.000014 0.000024 0.000039 0.000064 0.000102 0.000160 0.000247 0.000375 0.000561 0.000824 0.001192 0.001694 0.002367 0.003252 0.004393 0.005835 0.007619 0.009779 0.012340 0.015307 0.018665 0.022371 0.026357 0.030524 0.034745 0.038874 0.042749 0.046206 0.049088 0.051256 0.052603 0.053060 0.052603 0.051256 0.049088 0.046206 0.042749 0.038874 0.034745 0.030524 0.026357 0.022371 0.018665 0.015307 0.012340 0.009779 0.007619 0.005835 0.004393 0.003252 0.002367 0.001694 0.001192 0.000824 0.000561 0.000375 0.000247 0.000160 0.000102 0.000064 0.000039 0.000024 0.000014 0.000008 0.000005 0.000003 0.000002 0.000001 0.000000 0.000000 0.000000 0.000000 0.000000 0.000000 0.000000 0.000000 0.000000 0.000000 0.000000 0.000000 0.000000 
0.000000 0.000000 0.000000 0.000000 0.000000 0.000000 0.000000 0.000000 0.000000 0.000000 0.000000 0.000000 0.000000 0.000001 0.000001 0.000003 0.000005 0.000008 0.000014 0.000024 0.000040 0.000067 0.000108 0.000173 0.000271 0.000419 0.000636 0.000950 0.001396 0.002017 0.002865 0.004002 0.005496 0.007421 0.009852 0.012858 0.016497 0.020809 0.025802 0.031451 0.037686 0.044388 0.051391 0.058485 0.065423 0.071934 0.077742 0.082582 0.086223 0.088484 0.089251 0.088484 0.086223 0.082582 0.077742 0.071934 0.065423 0.058485 0.051391 0.044388 0.037686 0.031451 0.025802 0.020809 0.016497 0.012858 0.009852 0.007421 0.005496 0.004002 0.002865 0.002017 0.001396 0.000950 0.000636 0.000419 0.000271 0.000173 0.000108 0.000067 0.000040 0.000024 0.000014 0.000008 0.000005 0.000003 0.000001 0.000001 0.000000 0.000000 0.000000 0.000000 0.000000 0.000000 0.000000 0.000000 0.000000 0.000000 0.000000 0.000000 
0.000000 0.000000 0.000000 0.000000 0.000000 0.000000 0.000000 0.000000 0.000000 0.000000 0.000000 0.000000 0.000001 0.000001 0.000002 0.000004 0.000008 0.000014 0.000024 0.000040 0.000068 0.000112 0.000181 0.000289 0.000453 0.000699 0.001062 0.001585 0.002327 0.003360 0.004770 0.006659 0.009140 0.012336 0.016368 0.021353 0.027386 0.034530 0.042801 0.052155 0.062475 0.073565 0.085152 0.096885 0.108358 0.119123 0.128724 0.136724 0.142742 0.146480 0.147747 0.146480 0.142742 0.136724 0.128724 0.119123 0.108358 0.096885 0.085152 0.073565 0.062475 0.052155 0.042801 0.034530 0.027386 0.021353 0.016368 0.012336 0.009140 0.006659 0.004770 0.003360 0.002327 0.001585 0.001062 0.000699 0.000453 0.000289 0.000181 0.000112 0.000068 0.000040 0.000024 0.000014 0.000008 0.000004 0.000002 0.000001 0.000001 0.000000 0.000000 0.000000 0.000000 0.000000 0.000000 0.000000 0.000000 0.000000 0.000000 0.000000 
0.000000 0.000000 0.000000 0.000000 0.000000 0.000000 0.000000 0.000000 0.000000 0.000000 0.000000 0.000001 0.000001 0.000002 0.000004 0.000007 0.000013 0.000023 0.000039 0.000067 0.000112 0.000184 0.000298 0.000475 0.000745 0.001149 0.001743 0.002601 0.003817 0.005507 0.007814 0.010902 0.014957 0.020176 0.026759 0.034893 0.044734 0.056383 0.069865 0.085106 0.101917 0.119978 0.138842 0.157942 0.176613 0.194130 0.209750 0.222765 0.232554 0.238633 0.240695 0.238633 0.232554 0.222765 0.209750 0.194130 0.176613 0.157942 0.138842 0.119978 0.101917 0.085106 0.069865 0.056383 0.044734 0.034893 0.026759 0.020176 0.014957 0.010902 0.007814 0.005507 0.003817 0.002601 0.001743 0.001149 0.000745 0.000475 0.000298 0.000184 0.000112 0.000067 0.000039 0.000023 0.000013 0.000007 0.000004 0.000002 0.000001 0.000001 0.000000 0.000000 0.000000 0.000000 0.000000 0.000000 0.000000 0.000000 0.000000 0.000000 
0.000000 0.000000 0.000000 0.000000 0.000000 0.000000 0.000000 0.000000 0.000000 0.000000 0.000001 0.000001 0.000002 0.000003 0.000006 0.000012 0.000021 0.000037 0.000064 0.000108 0.000181 0.000298 0.000483 0.000769 0.001205 0.001858 0.002816 0.004199 0.006158 0.008880 0.012593 0.017561 0.024081 0.032468 0.043043 0.056105 0.071900 0.090592 0.112216 0.136655 0.163602 0.192547 0.222770 0.253365 0.283268 0.311317 0.336326 0.357161 0.372831 0.382562 0.385862 0.382562 0.372831 0.357161 0.336326 0.311317 0.283268 0.253365 0.222770 0.192547 0.163602 0.136655 0.112216 0.090592 0.071900 0.056105 0.043043 0.032468 0.024081 0.017561 0.012593 0.008880 0.006158 0.004199 0.002816 0.001858 0.001205 0.000769 0.000483 0.000298 0.000181 0.000108 0.000064 0.000037 0.000021 0.000012 0.000006 0.000003 0.000002 0.000001 0.000001 0.000000 0.000000 0.000000 0.000000 0.000000 0.000000 0.000000 0.000000 0.000000 
0.000000 0.000000 0.000000 0.000000 0.000000 0.000000 0.000000 0.000000 0.000000 0.000000 0.000001 0.000002 0.000003 0.000006 0.000010 0.000019 0.000033 0.000059 0.000102 0.000173 0.000289 0.000475 0.000769 0.001224 0.001917 0.002954 0.004475 0.006669 0.009774 0.014088 0.019968 0.027831 0.038145 0.051408 0.068123 0.088760 0.113708 0.143217 0.177347 0.215907 0.258412 0.304056 0.351706 0.399931 0.447057 0.491256 0.530658 0.563482 0.588166 0.603494 0.608692 0.603494 0.588166 0.563482 0.530658 0.491256 0.447057 0.399931 0.351706 0.304056 0.258412 0.215907 0.177347 0.143217 0.113708 0.088760 0.068123 0.051408 0.038145 0.027831 0.019968 0.014088 0.009774 0.006669 0.004475 0.002954 0.001917 0.001224 0.000769 0.000475 0.000289 0.000173 0.000102 0.000059 0.000033 0.000019 0.000010 0.000006 0.000003 0.000002 0.000001 0.000000 0.000000 0.000000 0.000000 0.000000 0.000000 0.000000 0.000000 0.000000 
0.000000 0.000000 0.000000 0.000000 0.000000 0.000000 0.000000 0.000000 0.000000 0.000001 0.000001 0.000002 0.000005 0.000009 0.000016 0.000030 0.000053 0.000092 0.000160 0.000271 0.000453 0.000745 0.001205 0.001917 0.003001 0.004620 0.006996 0.010420 0.015262 0.021986 0.031147 0.043392 0.059446 0.080080 0.106075 0.138157 0.176925 0.222767 0.275769 0.335633 0.401604 0.472428 0.546350 0.621149 0.694230 0.762762 0.823849 0.874731 0.912993 0.936752 0.944808 0.936752 0.912993 0.874731 0.823849 0.762762 0.694230 0.621149 0.546350 0.472428 0.401604 0.335633 0.275769 0.222767 0.176925 0.138157 0.106075 0.080080 0.059446 0.043392 0.031147 0.021986 0.015262 0.010420 0.006996 0.004620 0.003001 0.001917 0.001205 0.000745 0.000453 0.000271 0.000160 0.000092 0.000053 0.000030 0.000016 0.000009 0.000005 0.000002 0.000001 0.000001 0.000000 0.000000 0.000000 0.000000 0.000000 0.000000 0.000000 0.000000 
0.000000 0.000000 0.000000 0.000000 0.000000 0.000000 0.000000 0.000000 0.000001 0.000001 0.000002 0.000004 0.000007 0.000014 0.000025 0.000046 0.000082 0.000143 0.000247 0.000419 0.000699 0.001149 0.001858 0.002954 0.004620 0.007109 0.010758 0.016014 0.023444 0.033754 0.047796 0.066556 0.091139 0.122724 0.162498 0.211566 0.270840 0.340906 0.421891 0.513334 0.614080 0.722211 0.835048 0.949201 1.060715 1.165272 1.258458 1.336072 1.394430 1.430665 1.442952 1.430665 1.394430 1.336072 1.258458 1.165272 1.060715 0.949201 0.835048 0.722211 0.614080 0.513334 0.421891 0.340906 0.270840 0.211566 0.162498 0.122724 0.091139 0.066556 0.047796 0.033754 0.023444 0.016014 0.010758 0.007109 0.004620 0.002954 0.001858 0.001149 0.000699 0.000419 0.000247 0.000143 0.000082 0.000046 0.000025 0.000014 0.000007 0.000004 0.000002 0.000001 0.000001 0.000000 0.000000 0.000000 0.000000 0.000000 0.000000 0.000000 
0.000000 0.000000 0.000000 0.000000 0.000000 0.000000 0.000000 0.000000 0.000001 0.000002 0.000003 0.000006 0.000011 0.000021 0.000039 0.000070 0.000124 0.000218 0.000375 0.000636 0.001062 0.001743 0.002816 0.004475 0.006996 0.010758 0.016272 0.024208 0.035422 0.050977 0.072149 0.100422 0.137457 0.185020 0.244892 0.318727 0.407888 0.513250 0.634996 0.772425 0.923796 1.086228 1.255693 1.427104 1.594524 1.751478 1.891348 2.007832 2.095412 2.149788 2.168225 2.149788 2.095412 2.007832 1.891348 1.751478 1.594524 1.427104 1.255693 1.086228 0.923796 0.772425 0.634996 0.513250 0.407888 0.318727 0.244892 0.185020 0.137457 0.100422 0.072149 0.050977 0.035422 0.024208 0.016272 0.010758 0.006996 0.004475 0.002816 0.001743 0.001062 0.000636 0.000375 0.000218 0.000124 0.000070 0.000039 0.000021 0.000011 0.000006 0.000003 0.000002 0.000001 0.000000 0.000000 0.000000 0.000000 0.000000 0.000000 0.000000 
0.000000 0.000000 0.000000 0.000000 0.000000 0.000000 0.000000 0.000001 0.000001 0.000002 0.000005 0.000009 0.000017 0.000031 0.000058 0.000105 0.000186 0.000325 0.000561 0.000950 0.001585 0.002601 0.004199 0.006669 0.010420 0.016014 0.024208 0.035996 0.052645 0.075727 0.107131 0.149050 0.203935 0.274396 0.363058 0.472361 0.604308 0.760181 0.940241 1.143445 1.367208 1.607269 1.857673 2.110910 2.358213 2.590024 2.796580 2.968586 3.097903 3.178187 3.205410 3.178187 3.097903 2.968586 2.796580 2.590024 2.358213 2.110910 1.857673 1.607269 1.367208 1.143445 0.940241 0.760181 0.604308 0.472361 0.363058 0.274396 0.203935 0.149050 0.107131 0.075727 0.052645 0.035996 0.024208 0.016014 0.010420 0.006669 0.004199 0.002601 0.001585 0.000950 0.000561 0.000325 0.000186 0.000105 0.000058 0.000031 0.000017 0.000009 0.000005 0.000002 0.000001 0.000001 0.000000 0.000000 0.000000 0.000000 0.000000 0.000000 
0.000000 0.000000 0.000000 0.000000 0.000000 0.000000 0.000000 0.000001 0.000002 0.000003 0.000007 0.000013 0.000025 0.000046 0.000085 0.000154 0.000274 0.000479 0.000824 0.001396 0.002327 0.003817 0.006158 0.009774 0.015262 0.023444 0.035422 0.052645 0.076959 0.110651 0.156470 0.217607 0.297621 0.400304 0.529466 0.688643 0.880735 1.107594 1.369585 1.665172 1.990592 2.339641 2.703660 3.071733 3.431129 3.767969 4.068080 4.317970 4.505830 4.622455 4.661999 4.622455 4.505830 4.317970 4.068080 3.767969 3.431129 3.071733 2.703660 2.339641 1.990592 1.665172 1.369585 1.107594 0.880735 0.688643 0.529466 0.400304 0.297621 0.217607 0.156470 0.110651 0.076959 0.052645 0.035422 0.023444 0.015262 0.009774 0.006158 0.003817 0.002327 0.001396 0.000824 0.000479 0.000274 0.000154 0.000085 0.000046 0.000025 0.000013 0.000007 0.000003 0.000002 0.000001 0.000000 0.000000 0.000000 0.000000 0.000000 0.000000 
0.000000 0.000000 0.000000 0.000000 0.000000 0.000000 0.000001 0.000001 0.000003 0.000005 0.000010 0.000019 0.000036 0.000067 0.000124 0.000223 0.000396 0.000693 0.001192 0.002017 0.003360 0.005507 0.008880 0.014088 0.021986 0.033754 0.050977 0.075727 0.110651 0.159024 0.224782 0.312488 0.427232 0.574431 0.759524 0.987556 1.262661 1.587464 1.962468 2.385460 2.851039 3.350323 3.870926 4.397242 4.911078 5.392607 5.821586 6.178751 6.447241 6.613915 6.670428 6.613915 6.447241 6.178751 5.821586 5.392607 4.911078 4.397242 3.870926 3.350323 2.851039 2.385460 1.962468 1.587464 1.262661 0.987556 0.759524 0.574431 0.427232 0.312488 0.224782 0.159024 0.110651 0.075727 0.050977 0.033754 0.021986 0.014088 0.008880 0.005507 0.003360 0.002017 0.001192 0.000693 0.000396 0.000223 0.000124 0.000067 0.000036 0.000019 0.000010 0.000005 0.000003 0.000001 0.000001 0.000000 0.000000 0.000000 0.000000 0.000000 
0.000000 0.000000 0.000000 0.000000 0.000000 0.000000 0.000001 0.000002 0.000004 0.000007 0.000014 0.000027 0.000052 0.000096 0.000176 0.000318 0.000564 0.000985 0.001694 0.002865 0.004770 0.007814 0.012593 0.019968 0.031147 0.047796 0.072149 0.107131 0.156470 0.224782 0.317607 0.441367 0.603220 0.810782 1.071693 1.393034 1.780597 2.238052 2.766077 3.361535 4.016805 4.719378 5.451822 6.192191 6.914907 7.592103 8.195338 8.697549 9.075050 9.309389 9.388842 9.309389 9.075050 8.697549 8.195338 7.592103 6.914907 6.192191 5.451822 4.719378 4.016805 3.361535 2.766077 2.238052 1.780597 1.393034 1.071693 0.810782 0.603220 0.441367 0.317607 0.224782 0.156470 0.107131 0.072149 0.047796 0.031147 0.019968 0.012593 0.007814 0.004770 0.002865 0.001694 0.000985 0.000564 0.000318 0.000176 0.000096 0.000052 0.000027 0.000014 0.000007 0.000004 0.000002 0.000001 0.000000 0.000000 0.000000 0.000000 0.000000 
0.000000 0.000000 0.000000 0.000000 0.000000 0.000001 0.000001 0.000003 0.000005 0.000010 0.000020 0.000038 0.000072 0.000135 0.000247 0.000445 0.000789 0.001377 0.002367 0.004002 0.006659 0.010902 0.017561 0.027831 0.043392 0.066556 0.100422 0.149050 0.217607 0.312488 0.441367 0.613134 0.837693 1.125575 1.487339 1.932761 2.469828 3.103587 3.834940 4.659511 5.566724 6.539251 7.552958 8.577483 9.577451 10.514333 11.348816 12.043496 12.565643 12.889762 12.999653 12.889762 12.565643 12.043496 11.348816 10.514333 9.577451 8.577483 7.552958 6.539251 5.566724 4.659511 3.834940 3.103587 2.469828 1.932761 1.487339 1.125575 0.837693 0.613134 0.441367 0.312488 0.217607 0.149050 0.100422 0.066556 0.043392 0.027831 0.017561 0.010902 0.006659 0.004002 0.002367 0.001377 0.000789 0.000445 0.000247 0.000135 0.000072 0.000038 0.000020 0.000010 0.000005 0.000003 0.000001 0.000001 0.000000 0.000000 0.000000 0.000000 
0.000000 0.000000 0.000000 0.000000 0.000000 0.000001 0.000002 0.000004 0.000007 0.000014 0.000028 0.000053 0.000100 0.000185 0.000340 0.000612 0.001085 0.001894 0.003252 0.005496 0.009140 0.014957 0.024081 0.038145 0.059446 0.091139 0.137457 0.203935 0.297621 0.427232 0.603220 0.837693 1.144131 1.536857 2.030227 2.637521 3.369575 4.233214 5.229623 6.352800 7.588311 8.912538 10.292624 11.687241 13.048265 14.323292 15.458862 16.404120 17.114575 17.555568 17.705083 17.555568 17.114575 16.404120 15.458862 14.323292 13.048265 11.687241 10.292624 8.912538 7.588311 6.352800 5.229623 4.233214 3.369575 2.637521 2.030227 1.536857 1.144131 0.837693 0.603220 0.427232 0.297621 0.203935 0.137457 0.091139 0.059446 0.038145 0.024081 0.014957 0.009140 0.005496 0.003252 0.001894 0.001085 0.000612 0.000340 0.000185 0.000100 0.000053 0.000028 0.000014 0.000007 0.000004 0.000002 0.000001 0.000000 0.000000 0.000000 0.000000 
0.000000 0.000000 0.000000 0.000000 0.000001 0.000001 0.000002 0.000005 0.000010 0.000019 0.000037 0.000072 0.000135 0.000251 0.000460 0.000828 0.001467 0.002559 0.004393 0.007421 0.012336 0.020176 0.032468 0.051408 0.080080 0.122724 0.185020 0.274396 0.400304 0.574431 0.810782 1.125575 1.536857 2.063795 2.725586 3.539979 4.521434 5.679038 7.014318 8.519182 10.174254 11.947877 13.796040 15.663417 17.485602 19.192481 20.712545 21.977776 22.928674 23.518895 23.719001 23.518895 22.928674 21.977776 20.712545 19.192481 17.485602 15.663417 13.796040 11.947877 10.174254 8.519182 7.014318 5.679038 4.521434 3.539979 2.725586 2.063795 1.536857 1.125575 0.810782 0.574431 0.400304 0.274396 0.185020 0.122724 0.080080 0.051408 0.032468 0.020176 0.012336 0.007421 0.004393 0.002559 0.001467 0.000828 0.000460 0.000251 0.000135 0.000072 0.000037 0.000019 0.000010 0.000005 0.000002 0.000001 0.000001 0.000000 0.000000 0.000000 
0.000000 0.000000 0.000000 0.000000 0.000001 0.000002 0.000003 0.000006 0.000013 0.000026 0.000050 0.000095 0.000180 0.000335 0.000612 0.001101 0.001951 0.003401 0.005835 0.009852 0.016368 0.026759 0.043043 0.068123 0.106075 0.162498 0.244892 0.363058 0.529466 0.759524 1.071693 1.487339 2.030227 2.725586 3.598672 4.672815 5.967004 7.493140 9.253160 11.236337 13.417093 15.753690 18.188146 20.647605 23.047281 25.294900 27.296363 28.962184 30.214092 30.991125 31.254562 30.991125 30.214092 28.962184 27.296363 25.294900 23.047281 20.647605 18.188146 15.753690 13.417093 11.236337 9.253160 7.493140 5.967004 4.672815 3.598672 2.725586 2.030227 1.487339 1.071693 0.759524 0.529466 0.363058 0.244892 0.162498 0.106075 0.068123 0.043043 0.026759 0.016368 0.009852 0.005835 0.003401 0.001951 0.001101 0.000612 0.000335 0.000180 0.000095 0.000050 0.000026 0.000013 0.000006 0.000003 0.000002 0.000001 0.000000 0.000000 0.000000 
0.000000 0.000000 0.000000 0.000000 0.000001 0.000002 0.000004 0.000008 0.000017 0.000034 0.000065 0.000125 0.000236 0.000438 0.000800 0.001440 0.002550 0.004443 0.007619 0.012858 0.021353 0.034893 0.056105 0.088760 0.138157 0.211566 0.318727 0.472361 0.688643 0.987556 1.393034 1.932761 2.637521 3.539979 4.672815 6.066199 7.744662 9.723537 12.005248 14.575811 17.402019 20.429750 23.583870 26.770011 29.878387 32.789542 35.381682 37.538998 39.160205 40.166426 40.507559 40.166426 39.160205 37.538998 35.381682 32.789542 29.878387 26.770011 23.583870 20.429750 17.402019 14.575811 12.005248 9.723537 7.744662 6.066199 4.672815 3.539979 2.637521 1.932761 1.393034 0.987556 0.688643 0.472361 0.318727 0.211566 0.138157 0.088760 0.056105 0.034893 0.021353 0.012858 0.007619 0.004443 0.002550 0.001440 0.000800 0.000438 0.000236 0.000125 0.000065 0.000034 0.000017 0.000008 0.000004 0.000002 0.000001 0.000000 0.000000 0.000000 
0.000000 0.000000 0.000000 0.000001 0.000001 0.000003 0.000005 0.000011 0.000022 0.000043 0.000084 0.000161 0.000304 0.000563 0.001029 0.001851 0.003275 0.005705 0.009779 0.016497 0.027386 0.044734 0.071900 0.113708 0.176925 0.270840 0.407888 0.604308 0.880735 1.262661 1.780597 2.469828 3.369575 4.521434 5.967004 7.744662 9.885581 12.409200 15.318502 18.595570 22.198001 26.056776 30.076136 34.135855 38.096107 41.804783 45.106822 47.854802 49.919805 51.201437 51.635936 51.201437 49.919805 47.854802 45.106822 41.804783 38.096107 34.135855 30.076136 26.056776 22.198001 18.595570 15.318502 12.409200 9.885581 7.744662 5.967004 4.521434 3.369575 2.469828 1.780597 1.262661 0.880735 0.604308 0.407888 0.270840 0.176925 0.113708 0.071900 0.044734 0.027386 0.016497 0.009779 0.005705 0.003275 0.001851 0.001029 0.000563 0.000304 0.000161 0.000084 0.000043 0.000022 0.000011 0.000005 0.000003 0.000001 0.000001 0.000000 0.000000 
0.000000 0.000000 0.000000 0.000001 0.000002 0.000003 0.000007 0.000014 0.000028 0.000055 0.000107 0.000204 0.000384 0.000713 0.001301 0.002338 0.004137 0.007202 0.012340 0.020809 0.034530 0.056383 0.090592 0.143217 0.222767 0.340906 0.513250 0.760181 1.107594 1.587464 2.238052 3.103587 4.233214 5.679038 7.493140 9.723537 12.409200 15.574376 19.222679 23.331536 27.847708 32.684628 37.722259 42.809954 47.772551 52.419542 56.556749 59.999587 62.586650 64.192254 64.736579 64.192254 62.586650 59.999587 56.556749 52.419542 47.772551 42.809954 37.722259 32.684628 27.847708 23.331536 19.222679 15.574376 12.409200 9.723537 7.493140 5.679038 4.233214 3.103587 2.238052 1.587464 1.107594 0.760181 0.513250 0.340906 0.222767 0.143217 0.090592 0.056383 0.034530 0.020809 0.012340 0.007202 0.004137 0.002338 0.001301 0.000713 0.000384 0.000204 0.000107 0.000055 0.000028 0.000014 0.000007 0.000003 0.000002 0.000001 0.000000 0.000000 
0.000000 0.000000 0.000000 0.000001 0.000002 0.000004 0.000008 0.000017 0.000035 0.000068 0.000133 0.000254 0.000478 0.000886 0.001616 0.002904 0.005135 0.008937 0.015307 0.025802 0.042801 0.069865 0.112216 0.177347 0.275769 0.421891 0.634996 0.940241 1.369585 1.962468 2.766077 3.834940 5.229623 7.014318 9.253160 12.005248 15.318502 19.222679 23.722093 28.788786 34.357019 40.320017 46.529791 52.800685 58.916881 64.643697 69.741970 73.984372 77.172139 79.150511 79.821202 79.150511 77.172139 73.984372 69.741970 64.643697 58.916881 52.800685 46.529791 40.320017 34.357019 28.788786 23.722093 19.222679 15.318502 12.005248 9.253160 7.014318 5.229623 3.834940 2.766077 1.962468 1.369585 0.940241 0.634996 0.421891 0.275769 0.177347 0.112216 0.069865 0.042801 0.025802 0.015307 0.008937 0.005135 0.002904 0.001616 0.000886 0.000478 0.000254 0.000133 0.000068 0.000035 0.000017 0.000008 0.000004 0.000002 0.000001 0.000001 0.000001 
0.000000 0.000000 0.000001 0.000001 0.000002 0.000005 0.000010 0.000021 0.000042 0.000083 0.000162 0.000310 0.000584 0.001082 0.001974 0.003545 0.006266 0.010901 0.018665 0.031451 0.052155 0.085106 0.136655 0.215907 0.335633 0.513334 0.772425 1.143445 1.665172 2.385460 3.361535 4.659511 6.352800 8.519182 11.236337 14.575811 18.595570 23.331536 28.788786 34.933274 41.685185 48.914990 56.443261 64.044965 71.458577 78.399756 84.578772 89.720264 93.583487 95.981003 96.793780 95.981003 93.583487 89.720264 84.578772 78.399756 71.458577 64.044965 56.443261 48.914990 41.685185 34.933274 28.788786 23.331536 18.595570 14.575811 11.236337 8.519182 6.352800 4.659511 3.361535 2.385460 1.665172 1.143445 0.772425 0.513334 0.335633 0.215907 0.136655 0.085106 0.052155 0.031451 0.018665 0.010901 0.006266 0.003545 0.001974 0.001082 0.000584 0.000310 0.000162 0.000083 0.000042 0.000021 0.000010 0.000005 0.000002 0.000001 0.000001 0.000001 
0.000000 0.000000 0.000001 0.000001 0.000003 0.000006 0.000012 0.000025 0.000051 0.000100 0.000195 0.000373 0.000701 0.001299 0.002369 0.004253 0.007515 0.013070 0.022371 0.037686 0.062475 0.101917 0.163602 0.258412 0.401604 0.614080 0.923796 1.367208 1.990592 2.851039 4.016805 5.566724 7.588311 10.174254 13.417093 17.402019 22.198001 27.847708 34.357019 41.685185 49.736907 58.357665 67.333507 76.396181 85.233997 93.508128 100.873368 107.001658 111.606206 114.463731 115.432445 114.463731 111.606206 107.001658 100.873368 93.508128 85.233997 76.396181 67.333507 58.357665 49.736907 41.685185 34.357019 27.847708 22.198001 17.402019 13.417093 10.174254 7.588311 5.566724 4.016805 2.851039 1.990592 1.367208 0.923796 0.614080 0.401604 0.258412 0.163602 0.101917 0.062475 0.037686 0.022371 0.013070 0.007515 0.004253 0.002369 0.001299 0.000701 0.000373 0.000195 0.000100 0.000051 0.000025 0.000013 0.000006 0.000003 0.000001 0.000001 0.000001 
0.000000 0.000000 0.000001 0.000002 0.000003 0.000007 0.000015 0.000030 0.000060 0.000119 0.000230 0.000440 0.000828 0.001533 0.002794 0.005015 0.008859 0.015403 0.026357 0.044388 0.073565 0.119978 0.192547 0.304056 0.472428 0.722211 1.086228 1.607269 2.339641 3.350323 4.719378 6.539251 8.912538 11.947877 15.753690 20.429750 26.056776 32.684628 40.320017 48.914990 58.357665 68.466768 78.991406 89.617094 99.978488 109.678498 118.312597 125.496390 130.893854 134.243392 135.378890 134.243392 130.893854 125.496390 118.312597 109.678498 99.978488 89.617094 78.991406 68.466768 58.357665 48.914990 40.320017 32.684628 26.056776 20.429750 15.753690 11.947877 8.912538 6.539251 4.719378 3.350323 2.339641 1.607269 1.086228 0.722211 0.472428 0.304056 0.192547 0.119978 0.073565 0.044388 0.026357 0.015403 0.008859 0.005015 0.002794 0.001533 0.000828 0.000440 0.000230 0.000119 0.000060 0.000030 0.000015 0.000007 0.000003 0.000002 0.000001 0.000001 
0.000001 0.000001 0.000001 0.000002 0.000004 0.000008 0.000017 0.000035 0.000070 0.000138 0.000267 0.000510 0.000960 0.001777 0.003240 0.005812 0.010265 0.017842 0.030524 0.051391 0.085152 0.138842 0.222770 0.351706 0.546350 0.835048 1.255693 1.857673 2.703660 3.870926 5.451822 7.552958 10.292624 13.796040 18.188146 23.583870 30.076136 37.722259 46.529791 56.443261 67.333507 78.991406 91.127623 103.379572 115.326102 126.509524 136.463626 144.745427 150.967716 154.829059 156.138049 154.829059 150.967716 144.745427 136.463626 126.509524 115.326102 103.379572 91.127623 78.991406 67.333507 56.443261 46.529791 37.722259 30.076136 23.583870 18.188146 13.796040 10.292624 7.552958 5.451822 3.870926 2.703660 1.857673 1.255693 0.835048 0.546350 0.351706 0.222770 0.138842 0.085152 0.051391 0.030524 0.017842 0.010265 0.005812 0.003240 0.001777 0.000960 0.000510 0.000267 0.000138 0.000070 0.000035 0.000017 0.000008 0.000004 0.000002 0.000001 0.000001 
