0.000000 0.000000 0.000000 0.000000 0.000000 0.000000 0.000000 0.000000 0.000000 0.000000 0.000000 0.000000 0.000000 0.000000 0.000000 0.000000 0.000000 0.000000 0.000000 0.000000 0.000000 0.000000 0.000000 0.000000 0.000000 0.000000 0.000000 0.000000 0.000000 0.000000 0.000000 0.000000 0.000000 0.000000 0.000000 0.000000 0.000000 0.000000 0.000001 0.000001 0.000001 0.000001 0.000001 0.000001 0.000002 0.000002 0.000002 0.000002 0.000002 0.000002 0.000002 0.000002 0.000002 0.000002 0.000002 0.000002 0.000002 0.000001 0.000001 0.000001 0.000001 0.000001 0.000001 0.000000 0.000000 0.000000 0.000000 0.000000 0.000000 0.000000 0.000000 0.000000 0.000000 0.000000 0.000000 0.000000 0.000000 0.000000 0.000000 0.000000 0.000000 0.000000 0.000000 0.000000 0.000000 0.000000 0.000000 0.000000 0.000000 0.000000 0.000000 0.000000 0.000000 0.000000 0.000000 0.000000 0.000000 0.000000 0.000000 0.000000 
0.000000 0.000000 0.000000 0.000000 0.000000 0.000000 0.000000 0.000000 0.000000 0.000000 0.000000 0.000000 0.000000 0.000000 0.000000 0.000000 0.000000 0.000000 0.000000 0.000000 0.000000 0.000000 0.000000 0.000000 0.000000 0.000000 0.000000 0.000000 0.000000 0.000000 0.000000 0.000000 0.000000 0.000000 0.000000 0.000000 0.000000 0.000000 0.000001 0.000001 0.000001 0.000001 0.000001 0.000001 0.000002 0.000002 0.000002 0.000002 0.000002 0.000002 0.000002 0.000002 0.000002 0.000002 0.000002 0.000002 0.000002 0.000001 0.000001 0.000001 0.000001 0.000001 0.000001 0.000000 0.000000 0.000000 0.000000 0.000000 0.000000 0.000000 0.000000 0.000000 0.000000 0.000000 0.000000 0.000000 0.000000 0.000000 0.000000 0.000000 0.000000 0.000000 0.000000 0.000000 0.000000 0.000000 0.000000 0.000000 0.000000 0.000000 0.000000 0.000000 0.000000 0.000000 0.000000 0.000000 0.000000 0.000000 0.000000 0.000000 
0.000000 0.000000 0.000000 0.000000 0.000000 0.000000 0.000000 0.000000 0.000000 0.000000 0.000000 0.000000 0.000000 0.000000 0.000000 0.000000 0.000000 0.000000 0.000000 0.000000 0.000000 0.000000 0.000000 0.000000 0.000000 0.000000 0.000000 0.000000 0.000000 0.000000 0.000000 0.000000 0.000000 0.000000 0.000000 0.000000 0.000001 0.000001 0.000001 0.000001 0.000001 0.000002 0.000002 0.000002 0.000002 0.000003 0.000003 0.000003 0.000003 0.000003 0.000003 0.000003 0.000003 0.000003 0.000003 0.000003 0.000002 0.000002 0.000002 0.000002 0.000001 0.000001 0.000001 0.000001 0.000001 0.000000 0.000000 0.000000 0.000000 0.000000 0.000000 0.000000 0.000000 0.000000 0.000000 0.000000 0.000000 0.000000 0.000000 0.000000 0.000000 0.000000 0.000000 0.000000 0.000000 0.000000 0.000000 0.000000 0.000000 0.000000 0.000000 0.000000 0.000000 0.000000 0.000000 0.000000 0.000000 0.000000 0.000000 0.000000 
0.000000 0.000000 0.000000 0.000000 0.000000 0.000000 0.000000 0.000000 0.000000 0.000000 0.000000 0.000000 0.000000 0.000000 0.000000 0.000000 0.000000 0.000000 0.000000 0.000000 0.000000 0.000000 0.000000 0.000000 0.000000 0.000000 0.000000 0.000000 0.000000 0.000000 0.000000 0.000000 0.000000 0.000001 0.000001 0.000001 0.000001 0.000002 0.000002 0.000002 0.000003 0.000003 0.000004 0.000004 0.000005 0.000005 0.000006 0.000006 0.000006 0.000006 0.000006 0.000006 0.000006 0.000006 0.000006 0.000005 0.000005 0.000004 0.000004 0.000003 0.000003 0.000002 0.000002 0.000002 0.000001 0.000001 0.000001 0.000001 0.000000 0.000000 0.000000 0.000000 0.000000 0.000000 0.000000 0.000000 0.000000 0.000000 0.000000 0.000000 0.000000 0.000000 0.000000 0.000000 0.000000 0.000000 0.000000 0.000000 0.000000 0.000000 0.000000 0.000000 0.000000 0.000000 0.000000 0.000000 0.000000 0.000000 0.000000 0.000000 
0.000000 0.000000 0.000000 0.000000 0.000000 0.000000 0.000000 0.000000 0.000000 0.000000 0.000000 0.000000 0.000000 0.000000 0.000000 0.000000 0.000000 0.000000 0.000000 0.000000 0.000000 0.000000 0.000000 0.000000 0.000000 0.000000 0.000000 0.000000 0.000000 0.000000 0.000000 0.000001 0.000001 0.000001 0.000001 0.000002 0.000002 0.000003 0.000004 0.000005 0.000006 0.000007 0.000008 0.000009 0.000010 0.000011 0.000011 0.000012 0.000013 0.000013 0.000013 0.000013 0.000013 0.000012 0.000011 0.000011 0.000010 0.000009 0.000008 0.000007 0.000006 0.000005 0.000004 0.000003 0.000002 0.000002 0.000001 0.000001 0.000001 0.000001 0.000000 0.000000 0.000000 0.000000 0.000000 0.000000 0.000000 0.000000 0.000000 0.000000 0.000000 0.000000 0.000000 0.000000 0.000000 0.000000 0.000000 0.000000 0.000000 0.000000 0.000000 0.000000 0.000000 0.000000 0.000000 0.000000 0.000000 0.000000 0.000000 0.000000 
0.000000 0.000000 0.000000 0.000000 0.000000 0.000000 0.000000 0.000000 0.000000 0.000000 0.000000 0.000000 0.000000 0.000000 0.000000 0.000000 0.000000 0.000000 0.000000 0.000000 0.000000 0.000000 0.000000 0.000000 0.000000 0.000000 0.000000 0.000000 0.000000 0.000001 0.000001 0.000001 0.000002 0.000002 0.000003 0.000004 0.000005 0.000006 0.000008 0.000009 0.000011 0.000013 0.000015 0.000017 0.000019 0.000021 0.000023 0.000025 0.000026 0.000026 0.000026 0.000026 0.000026 0.000025 0.000023 0.000021 0.000019 0.000017 0.000015 0.000013 0.000011 0.000009 0.000008 0.000006 0.000005 0.000004 0.000003 0.000002 0.000002 0.000001 0.000001 0.000001 0.000000 0.000000 0.000000 0.000000 0.000000 0.000000 0.000000 0.000000 0.000000 0.000000 0.000000 0.000000 0.000000 0.000000 0.000000 0.000000 0.000000 0.000000 0.000000 0.000000 0.000000 0.000000 0.000000 0.000000 0.000000 0.000000 0.000000 0.000000 
0.000000 0.000000 0.000000 0.000000 0.000000 0.000000 0.000000 0.000000 0.000000 0.000000 0.000000 0.000000 0.000000 0.000000 0.000000 0.000000 0.000000 0.000000 0.000000 0.000000 0.000000 0.000000 0.000000 0.000000 0.000000 0.000000 0.000000 0.000001 0.000001 0.000001 0.000002 0.000003 0.000003 0.000005 0.000006 0.000008 0.000010 0.000013 0.000016 0.000019 0.000023 0.000027 0.000031 0.000035 0.000039 0.000043 0.000046 0.000049 0.000051 0.000053 0.000053 0.000053 0.000051 0.000049 0.000046 0.000043 0.000039 0.000035 0.000031 0.000027 0.000023 0.000019 0.000016 0.000013 0.000010 0.000008 0.000006 0.000005 0.000003 0.000003 0.000002 0.000001 0.000001 0.000001 0.000000 0.000000 0.000000 0.000000 0.000000 0.000000 0.000000 0.000000 0.000000 0.000000 0.000000 0.000000 0.000000 0.000000 0.000000 0.000000 0.000000 0.000000 0.000000 0.000000 0.000000 0.000000 0.000000 0.000000 0.000000 0.000000 
0.000000 0.000000 0.000000 0.000000 0.000000 0.000000 0.000000 0.000000 0.000000 0.000000 0.000000 0.000000 0.000000 0.000000 0.000000 0.000000 0.000000 0.000000 0.000000 0.000000 0.000000 0.000000 0.000000 0.000000 0.000000 0.000001 0.000001 0.000001 0.000002 0.000003 0.000004 0.000005 0.000007 0.000009 0.000012 0.000016 0.000020 0.000025 0.000031 0.000038 0.000045 0.000053 0.000061 0.000069 0.000077 0.000085 0.000092 0.000097 0.000102 0.000104 0.000105 0.000104 0.000102 0.000097 0.000092 0.000085 0.000077 0.000069 0.000061 0.000053 0.000045 0.000038 0.000031 0.000025 0.000020 0.000016 0.000012 0.000009 0.000007 0.000005 0.000004 0.000003 0.000002 0.000001 0.000001 0.000001 0.000000 0.000000 0.000000 0.000000 0.000000 0.000000 0.000000 0.000000 0.000000 0.000000 0.000000 0.000000 0.000000 0.000000 0.000000 0.000000 0.000000 0.000000 0.000000 0.000000 0.000000 0.000000 0.000000 0.000000 
0.000000 0.000000 0.000000 0.000000 0.000000 0.000000 0.000000 0.000000 0.000000 0.000000 0.000000 0.000000 0.000000 0.000000 0.000000 0.000000 0.000000 0.000000 0.000000 0.000000 0.000000 0.000000 0.000000 0.000000 0.000001 0.000001 0.000002 0.000002 0.000003 0.000005 0.000007 0.000010 0.000013 0.000018 0.000024 0.000031 0.000039 0.000049 0.000061 0.000074 0.000088 0.000103 0.000119 0.000135 0.000151 0.000166 0.000179 0.000190 0.000198 0.000203 0.000205 0.000203 0.000198 0.000190 0.000179 0.000166 0.000151 0.000135 0.000119 0.000103 0.000088 0.000074 0.000061 0.000049 0.000039 0.000031 0.000024 0.000018 0.000013 0.000010 0.000007 0.000005 0.000003 0.000002 0.000002 0.000001 0.000001 0.000000 0.000000 0.000000 0.000000 0.000000 0.000000 0.000000 0.000000 0.000000 0.000000 0.000000 0.000000 0.000000 0.000000 0.000000 0.000000 0.000000 0.000000 0.000000 0.000000 0.000000 0.000000 0.000000 
0.000000 0.000000 0.000000 0.000000 0.000000 0.000000 0.000000 0.000000 0.000000 0.000000 0.000000 0.000000 0.000000 0.000000 0.000000 0.000000 0.000000 0.000000 0.000000 0.000000 0.000000 0.000000 0.000001 0.000001 0.000001 0.000002 0.000003 0.000005 0.000007 0.000010 0.000014 0.000019 0.000026 0.000035 0.000046 0.000059 0.000076 0.000095 0.000117 0.000142 0.000169 0.000199 0.000229 0.000260 0.000290 0.000318 0.000343 0.000364 0.000380 0.000390 0.000393 0.000390 0.000380 0.000364 0.000343 0.000318 0.000290 0.000260 0.000229 0.000199 0.000169 0.000142 0.000117 0.000095 0.000076 0.000059 0.000046 0.000035 0.000026 0.000019 0.000014 0.000010 0.000007 0.000005 0.000003 0.000002 0.000001 0.000001 0.000001 0.000000 0.000000 0.000000 0.000000 0.000000 0.000000 0.000000 0.000000 0.000000 0.000000 0.000000 0.000000 0.000000 0.000000 0.000000 0.000000 0.000000 0.000000 0.000000 0.000000 0.000000 
0.000000 0.000000 0.000000 0.000000 0.000000 0.000000 0.000000 0.000000 0.000000 0.000000 0.000000 0.000000 0.000000 0.000000 0.000000 0.000000 0.000000 0.000000 0.000000 0.000000 0.000000 0.000001 0.000001 0.000002 0.000003 0.000004 0.000006 0.000009 0.000013 0.000018 0.000026 0.000036 0.000049 0.000066 0.000087 0.000112 0.000143 0.000180 0.000222 0.000269 0.000321 0.000376 0.000434 0.000492 0.000549 0.000602 0.000649 0.000689 0.000718 0.000737 0.000743 0.000737 0.000718 0.000689 0.000649 0.000602 0.000549 0.000492 0.000434 0.000376 0.000321 0.000269 0.000222 0.000180 0.000143 0.000112 0.000087 0.000066 0.000049 0.000036 0.000026 0.000018 0.000013 0.000009 0.000006 0.000004 0.000003 0.000002 0.000001 0.000001 0.000000 0.000000 0.000000 0.000000 0.000000 0.000000 0.000000 0.000000 0.000000 0.000000 0.000000 0.000000 0.000000 0.000000 0.000000 0.000000 0.000000 0.000000 0.000000 0.000000 
0.000000 0.000000 0.000000 0.000000 0.000000 0.000000 0.000000 0.000000 0.000000 0.000000 0.000000 0.000000 0.000000 0.000000 0.000000 0.000000 0.000000 0.000000 0.000000 0.000000 0.000001 0.000001 0.000002 0.000003 0.000005 0.000008 0.000011 0.000017 0.000024 0.000035 0.000049 0.000068 0.000092 0.000123 0.000162 0.000210 0.000268 0.000336 0.000414 0.000502 0.000598 0.000702 0.000809 0.000918 0.001023 0.001122 0.001210 0.001283 0.001338 0.001373 0.001384 0.001373 0.001338 0.001283 0.001210 0.001122 0.001023 0.000918 0.000809 0.000702 0.000598 0.000502 0.000414 0.000336 0.000268 0.000210 0.000162 0.000123 0.000092 0.000068 0.000049 0.000035 0.000024 0.000017 0.000011 0.000008 0.000005 0.000003 0.000002 0.000001 0.000001 0.000000 0.000000 0.000000 0.000000 0.000000 0.000000 0.000000 0.000000 0.000000 0.000000 0.000000 0.000000 0.000000 0.000000 0.000000 0.000000 0.000000 0.000000 0.000000 
0.000000 0.000000 0.000000 0.000000 0.000000 0.000000 0.000000 0.000000 0.000000 0.000000 0.000000 0.000000 0.000000 0.000000 0.000000 0.000000 0.000000 0.000000 0.000001 0.000001 0.000001 0.000002 0.000004 0.000006 0.000009 0.000014 0.000021 0.000031 0.000045 0.000064 0.000090 0.000125 0.000170 0.000227 0.000299 0.000387 0.000493 0.000618 0.000761 0.000923 0.001100 0.001289 0.001486 0.001685 0.001879 0.002060 0.002222 0.002356 0.002457 0.002519 0.002540 0.002519 0.002457 0.002356 0.002222 0.002060 0.001879 0.001685 0.001486 0.001289 0.001100 0.000923 0.000761 0.000618 0.000493 0.000387 0.000299 0.000227 0.000170 0.000125 0.000090 0.000064 0.000045 0.000031 0.000021 0.000014 0.000009 0.000006 0.000004 0.000002 0.000001 0.000001 0.000001 0.000000 0.000000 0.000000 0.000000 0.000000 0.000000 0.000000 0.000000 0.000000 0.000000 0.000000 0.000000 0.000000 0.000000 0.000000 0.000000 0.000000 
0.000000 0.000000 0.000000 0.000000 0.000000 0.000000 0.000000 0.000000 0.000000 0.000000 0.000000 0.000000 0.000000 0.000000 0.000000 0.000000 0.000000 0.000001 0.000001 0.000002 0.000003 0.000004 0.000007 0.000011 0.000017 0.000025 0.000038 0.000056 0.000082 0.000117 0.000164 0.000227 0.000308 0.000412 0.000542 0.000702 0.000894 0.001120 0.001379 0.001671 0.001991 0.002334 0.002690 0.003049 0.003399 0.003726 0.004017 0.004260 0.004441 0.004554 0.004593 0.004554 0.004441 0.004260 0.004017 0.003726 0.003399 0.003049 0.002690 0.002334 0.001991 0.001671 0.001379 0.001120 0.000894 0.000702 0.000542 0.000412 0.000308 0.000227 0.000164 0.000117 0.000082 0.000056 0.000038 0.000025 0.000017 0.000011 0.000007 0.000004 0.000003 0.000002 0.000001 0.000001 0.000000 0.000000 0.000000 0.000000 0.000000 0.000000 0.000000 0.000000 0.000000 0.000000 0.000000 0.000000 0.000000 0.000000 0.000000 0.000000 
0.000000 0.000000 0.000000 0.000000 0.000000 0.000000 0.000000 0.000000 0.000000 0.000000 0.000000 0.000000 0.000000 0.000000 0.000000 0.000000 0.000001 0.000001 0.000002 0.000003 0.000005 0.000008 0.000012 0.000019 0.000030 0.000046 0.000068 0.000101 0.000146 0.000209 0.000293 0.000406 0.000551 0.000737 0.000970 0.001255 0.001597 0.001999 0.002462 0.002981 0.003551 0.004161 0.004794 0.005433 0.006055 0.006637 0.007155 0.007586 0.007909 0.008109 0.008177 0.008109 0.007909 0.007586 0.007155 0.006637 0.006055 0.005433 0.004794 0.004161 0.003551 0.002981 0.002462 0.001999 0.001597 0.001255 0.000970 0.000737 0.000551 0.000406 0.000293 0.000209 0.000146 0.000101 0.000068 0.000046 0.000030 0.000019 0.000012 0.000008 0.000005 0.000003 0.000002 0.000001 0.000001 0.000000 0.000000 0.000000 0.000000 0.000000 0.000000 0.000000 0.000000 0.000000 0.000000 0.000000 0.000000 0.000000 0.000000 0.000000 
0.000000 0.000000 0.000000 0.000000 0.000000 0.000000 0.000000 0.000000 0.000000 0.000000 0.000000 0.000000 0.000000 0.000000 0.000000 0.000001 0.000001 0.000002 0.000003 0.000005 0.000008 0.000014 0.000022 0.000034 0.000053 0.000081 0.000121 0.000178 0.000258 0.000369 0.000518 0.000715 0.000971 0.001298 0.001707 0.002208 0.002808 0.003515 0.004326 0.005238 0.006237 0.007305 0.008416 0.009535 0.010625 0.011645 0.012551 0.013305 0.013871 0.014222 0.014341 0.014222 0.013871 0.013305 0.012551 0.011645 0.010625 0.009535 0.008416 0.007305 0.006237 0.005238 0.004326 0.003515 0.002808 0.002208 0.001707 0.001298 0.000971 0.000715 0.000518 0.000369 0.000258 0.000178 0.000121 0.000081 0.000053 0.000034 0.000022 0.000014 0.000008 0.000005 0.000003 0.000002 0.000001 0.000001 0.000000 0.000000 0.000000 0.000000 0.000000 0.000000 0.000000 0.000000 0.000000 0.000000 0.000000 0.000000 0.000000 0.000000 
0.000000 0.000000 0.000000 0.000000 0.000000 0.000000 0.000000 0.000000 0.000000 0.000000 0.000000 0.000000 0.000000 0.000000 0.000001 0.000001 0.000002 0.000003 0.000005 0.000009 0.000015 0.000024 0.000038 0.000060 0.000092 0.000141 0.000211 0.000310 0.000449 0.000641 0.000899 0.001241 0.001685 0.002251 0.002959 0.003825 0.004864 0.006085 0.007487 0.009062 0.010788 0.012632 0.014549 0.016480 0.018361 0.020120 0.021683 0.022983 0.023959 0.024565 0.024770 0.024565 0.023959 0.022983 0.021683 0.020120 0.018361 0.016480 0.014549 0.012632 0.010788 0.009062 0.007487 0.006085 0.004864 0.003825 0.002959 0.002251 0.001685 0.001241 0.000899 0.000641 0.000449 0.000310 0.000211 0.000141 0.000092 0.000060 0.000038 0.000024 0.000015 0.000009 0.000005 0.000003 0.000002 0.000001 0.000001 0.000000 0.000000 0.000000 0.000000 0.000000 0.000000 0.000000 0.000000 0.000000 0.000000 0.000000 0.000000 0.000000 
0.000000 0.000000 0.000000 0.000000 0.000000 0.000000 0.000000 0.000000 0.000000 0.000000 0.000000 0.000000 0.000000 0.000001 0.000001 0.000002 0.000003 0.000005 0.000009 0.000015 0.000025 0.000041 0.000065 0.000103 0.000159 0.000241 0.000361 0.000531 0.000770 0.001097 0.001538 0.002122 0.002880 0.003845 0.005051 0.006527 0.008297 0.010375 0.012761 0.015440 0.018376 0.021512 0.024770 0.028052 0.031248 0.034236 0.036892 0.039100 0.040758 0.041786 0.042134 0.041786 0.040758 0.039100 0.036892 0.034236 0.031248 0.028052 0.024770 0.021512 0.018376 0.015440 0.012761 0.010375 0.008297 0.006527 0.005051 0.003845 0.002880 0.002122 0.001538 0.001097 0.000770 0.000531 0.000361 0.000241 0.000159 0.000103 0.000065 0.000041 0.000025 0.000015 0.000009 0.000005 0.000003 0.000002 0.000001 0.000001 0.000000 0.000000 0.000000 0.000000 0.000000 0.000000 0.000000 0.000000 0.000000 0.000000 0.000000 0.000000 
0.000000 0.000000 0.000000 0.000000 0.000000 0.000000 0.000000 0.000000 0.000000 0.000000 0.000000 0.000000 0.000001 0.000001 0.000002 0.000003 0.000005 0.000009 0.000016 0.000026 0.000043 0.000070 0.000111 0.000174 0.000268 0.000408 0.000609 0.000897 0.001298 0.001848 0.002590 0.003571 0.004845 0.006466 0.008490 0.010966 0.013935 0.017418 0.021418 0.025907 0.030824 0.036075 0.041528 0.047022 0.052370 0.057369 0.061812 0.065505 0.068278 0.069998 0.070581 0.069998 0.068278 0.065505 0.061812 0.057369 0.052370 0.047022 0.041528 0.036075 0.030824 0.025907 0.021418 0.017418 0.013935 0.010966 0.008490 0.006466 0.004845 0.003571 0.002590 0.001848 0.001298 0.000897 0.000609 0.000408 0.000268 0.000174 0.000111 0.000070 0.000043 0.000026 0.000016 0.000009 0.000005 0.000003 0.000002 0.000001 0.000001 0.000000 0.000000 0.000000 0.000000 0.000000 0.000000 0.000000 0.000000 0.000000 0.000000 0.000000 
0.000000 0.000000 0.000000 0.000000 0.000000 0.000000 0.000000 0.000000 0.000000 0.000000 0.000000 0.000000 0.000001 0.000002 0.000003 0.000005 0.000009 0.000015 0.000026 0.000044 0.000072 0.000116 0.000185 0.000289 0.000447 0.000678 0.001013 0.001489 0.002154 0.003066 0.004295 0.005919 0.008025 0.010706 0.014051 0.018142 0.023045 0.028796 0.035397 0.042803 0.050913 0.059571 0.068561 0.077616 0.086429 0.094665 0.101985 0.108069 0.112636 0.115468 0.116428 0.115468 0.112636 0.108069 0.101985 0.094665 0.086429 0.077616 0.068561 0.059571 0.050913 0.042803 0.035397 0.028796 0.023045 0.018142 0.014051 0.010706 0.008025 0.005919 0.004295 0.003066 0.002154 0.001489 0.001013 0.000678 0.000447 0.000289 0.000185 0.000116 0.000072 0.000044 0.000026 0.000015 0.000009 0.000005 0.000003 0.000002 0.000001 0.000000 0.000000 0.000000 0.000000 0.000000 0.000000 0.000000 0.000000 0.000000 0.000000 0.000000 
0.000000 0.000000 0.000000 0.000000 0.000000 0.000000 0.000000 0.000000 0.000000 0.000000 0.000000 0.000001 0.000001 0.000003 0.000005 0.000008 0.000015 0.000025 0.000043 0.000072 0.000118 0.000190 0.000303 0.000475 0.000732 0.001110 0.001657 0.002435 0.003520 0.005009 0.007012 0.009658 0.013089 0.017454 0.022897 0.029553 0.037525 0.046875 0.057602 0.069632 0.082804 0.096862 0.111456 0.126154 0.140454 0.153817 0.165692 0.175560 0.182968 0.187562 0.189119 0.187562 0.182968 0.175560 0.165692 0.153817 0.140454 0.126154 0.111456 0.096862 0.082804 0.069632 0.057602 0.046875 0.037525 0.029553 0.022897 0.017454 0.013089 0.009658 0.007012 0.005009 0.003520 0.002435 0.001657 0.001110 0.000732 0.000475 0.000303 0.000190 0.000118 0.000072 0.000043 0.000025 0.000015 0.000008 0.000005 0.000003 0.000001 0.000001 0.000000 0.000000 0.000000 0.000000 0.000000 0.000000 0.000000 0.000000 0.000000 0.000000 
0.000000 0.000000 0.000000 0.000000 0.000000 0.000000 0.000000 0.000000 0.000000 0.000000 0.000001 0.000001 0.000002 0.000004 0.000008 0.000014 0.000024 0.000041 0.000070 0.000116 0.000190 0.000308 0.000489 0.000766 0.001180 0.001789 0.002669 0.003919 0.005664 0.008054 0.011269 0.015515 0.021018 0.028014 0.036737 0.047398 0.060162 0.075127 0.092292 0.111536 0.132601 0.155076 0.178405 0.201894 0.224744 0.246093 0.265063 0.280826 0.292657 0.299994 0.302481 0.299994 0.292657 0.280826 0.265063 0.246093 0.224744 0.201894 0.178405 0.155076 0.132601 0.111536 0.092292 0.075127 0.060162 0.047398 0.036737 0.028014 0.021018 0.015515 0.011269 0.008054 0.005664 0.003919 0.002669 0.001789 0.001180 0.000766 0.000489 0.000308 0.000190 0.000116 0.000070 0.000041 0.000024 0.000014 0.000008 0.000004 0.000002 0.000001 0.000001 0.000000 0.000000 0.000000 0.000000 0.000000 0.000000 0.000000 0.000000 0.000000 
0.000000 0.000000 0.000000 0.000000 0.000000 0.000000 0.000000 0.000000 0.000000 0.000001 0.000001 0.000002 0.000004 0.000007 0.000012 0.000022 0.000038 0.000065 0.000111 0.000185 0.000303 0.000489 0.000777 0.001216 0.001873 0.002838 0.004232 0.006211 0.008970 0.012749 0.017831 0.024538 0.033227 0.044268 0.058030 0.074842 0.094965 0.118548 0.145591 0.175902 0.209070 0.244452 0.281169 0.318131 0.354083 0.387668 0.417507 0.442298 0.460905 0.472443 0.476353 0.472443 0.460905 0.442298 0.417507 0.387668 0.354083 0.318131 0.281169 0.244452 0.209070 0.175902 0.145591 0.118548 0.094965 0.074842 0.058030 0.044268 0.033227 0.024538 0.017831 0.012749 0.008970 0.006211 0.004232 0.002838 0.001873 0.001216 0.000777 0.000489 0.000303 0.000185 0.000111 0.000065 0.000038 0.000022 0.000012 0.000007 0.000004 0.000002 0.000001 0.000001 0.000000 0.000000 0.000000 0.000000 0.000000 0.000000 0.000000 0.000000 
0.000000 0.000000 0.000000 0.000000 0.000000 0.000000 0.000000 0.000000 0.000000 0.000001 0.000002 0.000003 0.000006 0.000011 0.000019 0.000034 0.000060 0.000103 0.000174 0.000289 0.000475 0.000766 0.001216 0.001901 0.002926 0.004431 0.006605 0.009688 0.013986 0.019868 0.027774 0.038204 0.051710 0.068866 0.090240 0.116343 0.147576 0.184169 0.226116 0.273120 0.324542 0.379384 0.436283 0.493552 0.549246 0.601266 0.647480 0.685872 0.714684 0.732550 0.738604 0.732550 0.714684 0.685872 0.647480 0.601266 0.549246 0.493552 0.436283 0.379384 0.324542 0.273120 0.226116 0.184169 0.147576 0.116343 0.090240 0.068866 0.051710 0.038204 0.027774 0.019868 0.013986 0.009688 0.006605 0.004431 0.002926 0.001901 0.001216 0.000766 0.000475 0.000289 0.000174 0.000103 0.000060 0.000034 0.000019 0.000011 0.000006 0.000003 0.000002 0.000001 0.000000 0.000000 0.000000 0.000000 0.000000 0.000000 0.000000 0.000000 
0.000000 0.000000 0.000000 0.000000 0.000000 0.000000 0.000000 0.000000 0.000001 0.000001 0.000003 0.000005 0.000009 0.000017 0.000030 0.000053 0.000092 0.000159 0.000268 0.000447 0.000732 0.001180 0.001873 0.002926 0.004499 0.006811 0.010146 0.014876 0.021464 0.030477 0.042585 0.058553 0.079220 0.105464 0.138146 0.178046 0.225772 0.281670 0.345730 0.417493 0.495983 0.579673 0.666486 0.753849 0.838796 0.918128 0.988598 1.047136 1.091063 1.118302 1.127532 1.118302 1.091063 1.047136 0.988598 0.918128 0.838796 0.753849 0.666486 0.579673 0.495983 0.417493 0.345730 0.281670 0.225772 0.178046 0.138146 0.105464 0.079220 0.058553 0.042585 0.030477 0.021464 0.014876 0.010146 0.006811 0.004499 0.002926 0.001873 0.001180 0.000732 0.000447 0.000268 0.000159 0.000092 0.000053 0.000030 0.000017 0.000009 0.000005 0.000003 0.000001 0.000001 0.000000 0.000000 0.000000 0.000000 0.000000 0.000000 0.000000 
0.000000 0.000000 0.000000 0.000000 0.000000 0.000000 0.000000 0.000001 0.000001 0.000002 0.000004 0.000008 0.000014 0.000025 0.000046 0.000081 0.000141 0.000241 0.000408 0.000678 0.001110 0.001789 0.002838 0.004431 0.006811 0.010303 0.015342 0.022482 0.032423 0.046018 0.064273 0.088337 0.119470 0.158989 0.208186 0.268227 0.340021 0.424086 0.520398 0.628262 0.746212 0.871949 1.002353 1.133560 1.261121 1.380234 1.486031 1.573906 1.639845 1.680730 1.694584 1.680730 1.639845 1.573906 1.486031 1.380234 1.261121 1.133560 1.002353 0.871949 0.746212 0.628262 0.520398 0.424086 0.340021 0.268227 0.208186 0.158989 0.119470 0.088337 0.064273 0.046018 0.032423 0.022482 0.015342 0.010303 0.006811 0.004431 0.002838 0.001789 0.001110 0.000678 0.000408 0.000241 0.000141 0.000081 0.000046 0.000025 0.000014 0.000008 0.000004 0.000002 0.000001 0.000001 0.000000 0.000000 0.000000 0.000000 0.000000 0.000000 
0.000000 0.000000 0.000000 0.000000 0.000000 0.000000 0.000000 0.000001 0.000002 0.000003 0.000006 0.000011 0.000021 0.000038 0.000068 0.000121 0.000211 0.000361 0.000609 0.001013 0.001657 0.002669 0.004232 0.006605 0.010146 0.015342 0.022832 0.033443 0.048209 0.068392 0.095483 0.131181 0.177348 0.235929 0.308830 0.397771 0.504092 0.628548 0.771097 0.930706 1.105200 1.291177 1.484021 1.678021 1.866604 2.042674 2.199045 2.328917 2.426363 2.486782 2.507254 2.486782 2.426363 2.328917 2.199045 2.042674 1.866604 1.678021 1.484021 1.291177 1.105200 0.930706 0.771097 0.628548 0.504092 0.397771 0.308830 0.235929 0.177348 0.131181 0.095483 0.068392 0.048209 0.033443 0.022832 0.015342 0.010146 0.006605 0.004232 0.002669 0.001657 0.001013 0.000609 0.000361 0.000211 0.000121 0.000068 0.000038 0.000021 0.000011 0.000006 0.000003 0.000002 0.000001 0.000000 0.000000 0.000000 0.000000 0.000000 0.000000 
0.000000 0.000000 0.000000 0.000000 0.000000 0.000000 0.000001 0.000001 0.000002 0.000005 0.000009 0.000017 0.000031 0.000056 0.000101 0.000178 0.000310 0.000531 0.000897 0.001489 0.002435 0.003919 0.006211 0.009688 0.014876 0.022482 0.033443 0.048962 0.070550 0.100046 0.139619 0.191745 0.259133 0.344611 0.450950 0.580645 0.735638 0.917018 1.124715 1.357215 1.611341 1.882139 2.162886 2.445271 2.719733 2.975955 3.203488 3.392447 3.534219 3.622118 3.651901 3.622118 3.534219 3.392447 3.203488 2.975955 2.719733 2.445271 2.162886 1.882139 1.611341 1.357215 1.124715 0.917018 0.735638 0.580645 0.450950 0.344611 0.259133 0.191745 0.139619 0.100046 0.070550 0.048962 0.033443 0.022482 0.014876 0.009688 0.006211 0.003919 0.002435 0.001489 0.000897 0.000531 0.000310 0.000178 0.000101 0.000056 0.000031 0.000017 0.000009 0.000005 0.000002 0.000001 0.000001 0.000000 0.000000 0.000000 0.000000 0.000000 
0.000000 0.000000 0.000000 0.000000 0.000000 0.000000 0.000001 0.000002 0.000003 0.000007 0.000013 0.000024 0.000045 0.000082 0.000146 0.000258 0.000449 0.000770 0.001298 0.002154 0.003520 0.005664 0.008970 0.013986 0.021464 0.032423 0.048209 0.070550 0.101614 0.144039 0.200938 0.275856 0.372677 0.495446 0.648130 0.834292 1.056705 1.316915 1.614807 1.948198 2.312525 2.700679 3.103027 3.507662 3.900892 4.267948 4.593874 4.864525 5.067578 5.193465 5.236121 5.193465 5.067578 4.864525 4.593874 4.267948 3.900892 3.507662 3.103027 2.700679 2.312525 1.948198 1.614807 1.316915 1.056705 0.834292 0.648130 0.495446 0.372677 0.275856 0.200938 0.144039 0.101614 0.070550 0.048209 0.032423 0.021464 0.013986 0.008970 0.005664 0.003520 0.002154 0.001298 0.000770 0.000449 0.000258 0.000146 0.000082 0.000045 0.000024 0.000013 0.000007 0.000003 0.000002 0.000001 0.000000 0.000000 0.000000 0.000000 0.000000 
0.000000 0.000000 0.000000 0.000000 0.000000 0.000001 0.000001 0.000003 0.000005 0.000010 0.000018 0.000035 0.000064 0.000117 0.000209 0.000369 0.000641 0.001097 0.001848 0.003066 0.005009 0.008054 0.012749 0.019868 0.030477 0.046018 0.068392 0.100046 0.144039 0.204099 0.284618 0.390601 0.527520 0.701080 0.916864 1.179889 1.494045 1.861499 2.282066 2.752650 3.266800 3.814477 4.382090 4.952847 5.507447 6.025076 6.484662 6.866277 7.152565 7.330048 7.390185 7.330048 7.152565 6.866277 6.484662 6.025076 5.507447 4.952847 4.382090 3.814477 3.266800 2.752650 2.282066 1.861499 1.494045 1.179889 0.916864 0.701080 0.527520 0.390601 0.284618 0.204099 0.144039 0.100046 0.068392 0.046018 0.030477 0.019868 0.012749 0.008054 0.005009 0.003066 0.001848 0.001097 0.000641 0.000369 0.000209 0.000117 0.000064 0.000035 0.000018 0.000010 0.000005 0.000003 0.000001 0.000001 0.000000 0.000000 0.000000 0.000000 
0.000000 0.000000 0.000000 0.000000 0.000000 0.000001 0.000002 0.000004 0.000007 0.000014 0.000026 0.000049 0.000090 0.000164 0.000293 0.000518 0.000899 0.001538 0.002590 0.004295 0.007012 0.011269 0.017831 0.027774 0.042585 0.064273 0.095483 0.139619 0.200938 0.284618 0.396765 0.544327 0.734902 0.976400 1.276567 1.642345 2.079120 2.589872 3.174322 3.828144 4.542361 5.303021 6.091248 6.883734 7.653693 8.372250 9.010179 9.539845 9.937179 10.183498 10.266957 10.183498 9.937179 9.539845 9.010179 8.372250 7.653693 6.883734 6.091248 5.303021 4.542361 3.828144 3.174322 2.589872 2.079120 1.642345 1.276567 0.976400 0.734902 0.544327 0.396765 0.284618 0.200938 0.139619 0.095483 0.064273 0.042585 0.027774 0.017831 0.011269 0.007012 0.004295 0.002590 0.001538 0.000899 0.000518 0.000293 0.000164 0.000090 0.000049 0.000026 0.000014 0.000007 0.000004 0.000002 0.000001 0.000000 0.000000 0.000000 0.000000 
0.000000 0.000000 0.000000 0.000000 0.000001 0.000001 0.000003 0.000005 0.000010 0.000019 0.000036 0.000068 0.000125 0.000227 0.000406 0.000715 0.001241 0.002122 0.003571 0.005919 0.009658 0.015515 0.024538 0.038204 0.058553 0.088337 0.131181 0.191745 0.275856 0.390601 0.544327 0.746534 1.007601 1.338332 1.749296 2.249960 2.847655 3.546425 4.345852 5.239994 6.216555 7.256449 8.333871 9.416974 10.469168 11.451023 12.322634 13.046276 13.589097 13.925596 14.039608 13.925596 13.589097 13.046276 12.322634 11.451023 10.469168 9.416974 8.333871 7.256449 6.216555 5.239994 4.345852 3.546425 2.847655 2.249960 1.749296 1.338332 1.007601 0.746534 0.544327 0.390601 0.275856 0.191745 0.131181 0.088337 0.058553 0.038204 0.024538 0.015515 0.009658 0.005919 0.003571 0.002122 0.001241 0.000715 0.000406 0.000227 0.000125 0.000068 0.000036 0.000019 0.000010 0.000005 0.000003 0.000001 0.000001 0.000000 0.000000 0.000000 
0.000000 0.000000 0.000000 0.000000 0.000001 0.000002 0.000003 0.000007 0.000013 0.000026 0.000049 0.000092 0.000170 0.000308 0.000551 0.000971 0.001685 0.002880 0.004845 0.008025 0.013089 0.021018 0.033227 0.051710 0.079220 0.119470 0.177348 0.259133 0.372677 0.527520 0.734902 1.007601 1.359577 1.805353 2.359124 3.033601 3.838608 4.779545 5.855806 7.059358 8.373626 9.772912 11.222494 12.679538 14.094848 15.415422 16.587631 17.560777 18.290725 18.743211 18.896519 18.743211 18.290725 17.560777 16.587631 15.415422 14.094848 12.679538 11.222494 9.772912 8.373626 7.059358 5.855806 4.779545 3.838608 3.033601 2.359124 1.805353 1.359577 1.007601 0.734902 0.527520 0.372677 0.259133 0.177348 0.119470 0.079220 0.051710 0.033227 0.021018 0.013089 0.008025 0.004845 0.002880 0.001685 0.000971 0.000551 0.000308 0.000170 0.000092 0.000049 0.000026 0.000013 0.000007 0.000003 0.000002 0.000001 0.000000 0.000000 0.000000 
0.000000 0.000000 0.000000 0.000001 0.000001 0.000002 0.000005 0.000009 0.000018 0.000035 0.000066 0.000123 0.000227 0.000412 0.000737 0.001298 0.002251 0.003845 0.006466 0.010706 0.017454 0.028014 0.044268 0.068866 0.105464 0.158989 0.235929 0.344611 0.495446 0.701080 0.976400 1.338332 1.805353 2.396676 3.131075 4.025341 5.092440 6.339468 7.765572 9.360063 11.100952 12.954186 14.873779 16.803026 18.676822 20.425040 21.976731 23.264843 24.231000 24.829892 25.032801 24.829892 24.231000 23.264843 21.976731 20.425040 18.676822 16.803026 14.873779 12.954186 11.100952 9.360063 7.765572 6.339468 5.092440 4.025341 3.131075 2.396676 1.805353 1.338332 0.976400 0.701080 0.495446 0.344611 0.235929 0.158989 0.105464 0.068866 0.044268 0.028014 0.017454 0.010706 0.006466 0.003845 0.002251 0.001298 0.000737 0.000412 0.000227 0.000123 0.000066 0.000035 0.000018 0.000009 0.000005 0.000002 0.000001 0.000001 0.000000 0.000000 
0.000000 0.000000 0.000000 0.000001 0.000001 0.000003 0.000006 0.000012 0.000024 0.000046 0.000087 0.000162 0.000299 0.000542 0.000970 0.001707 0.002959 0.005051 0.008490 0.014051 0.022897 0.036737 0.058030 0.090240 0.138146 0.208186 0.308830 0.450950 0.648130 0.916864 1.276567 1.749296 2.359124 3.131075 4.089581 5.256482 6.648620 8.275179 10.134982 12.214036 14.483635 16.899362 19.401280 21.915500 24.357222 26.635112 28.656794 30.334967 31.593641 32.373833 32.638165 32.373833 31.593641 30.334967 28.656794 26.635112 24.357222 21.915500 19.401280 16.899362 14.483635 12.214036 10.134982 8.275179 6.648620 5.256482 4.089581 3.131075 2.359124 1.749296 1.276567 0.916864 0.648130 0.450950 0.308830 0.208186 0.138146 0.090240 0.058030 0.036737 0.022897 0.014051 0.008490 0.005051 0.002959 0.001707 0.000970 0.000542 0.000299 0.000162 0.000087 0.000046 0.000024 0.000012 0.000006 0.000003 0.000002 0.000001 0.000000 0.000000 
0.000000 0.000000 0.000000 0.000001 0.000002 0.000004 0.000008 0.000016 0.000031 0.000059 0.000112 0.000210 0.000387 0.000702 0.001255 0.002208 0.003825 0.006527 0.010966 0.018142 0.029553 0.047398 0.074842 0.116343 0.178046 0.268227 0.397771 0.580645 0.834292 1.179889 1.642345 2.249960 3.033601 4.025341 5.256482 6.754983 8.542380 10.630375 13.017382 15.685376 18.597474 21.696665 24.906055 28.130893 31.262454 34.183671 36.776151 38.928025 40.541923 41.542276 41.881195 41.542276 40.541923 38.928025 36.776151 34.183671 31.262454 28.130893 24.906055 21.696665 18.597474 15.685376 13.017382 10.630375 8.542380 6.754983 5.256482 4.025341 3.033601 2.249960 1.642345 1.179889 0.834292 0.580645 0.397771 0.268227 0.178046 0.116343 0.074842 0.047398 0.029553 0.018142 0.010966 0.006527 0.003825 0.002208 0.001255 0.000702 0.000387 0.000210 0.000112 0.000059 0.000031 0.000016 0.000008 0.000004 0.000002 0.000001 0.000001 0.000001 
0.000000 0.000000 0.000001 0.000001 0.000002 0.000005 0.000010 0.000020 0.000039 0.000076 0.000143 0.000268 0.000493 0.000894 0.001597 0.002808 0.004864 0.008297 0.013935 0.023045 0.037525 0.060162 0.094965 0.147576 0.225772 0.340021 0.504092 0.735638 1.056705 1.494045 2.079120 2.847655 3.838608 5.092440 6.648620 8.542380 10.800826 13.438643 16.453733 19.823252 23.500568 27.413665 31.465458 35.536355 39.489167 43.176203 46.448121 49.163827 51.200522 52.462909 52.890600 52.462909 51.200522 49.163827 46.448121 43.176203 39.489167 35.536355 31.465458 27.413665 23.500568 19.823252 16.453733 13.438643 10.800826 8.542380 6.648620 5.092440 3.838608 2.847655 2.079120 1.494045 1.056705 0.735638 0.504092 0.340021 0.225772 0.147576 0.094965 0.060162 0.037525 0.023045 0.013935 0.008297 0.004864 0.002808 0.001597 0.000894 0.000493 0.000268 0.000143 0.000076 0.000039 0.000020 0.000010 0.000005 0.000003 0.000001 0.000001 0.000001 
0.000000 0.000000 0.000001 0.000002 0.000003 0.000006 0.000013 0.000025 0.000049 0.000095 0.000180 0.000336 0.000618 0.001120 0.001999 0.003515 0.006085 0.010375 0.017418 0.028796 0.046875 0.075127 0.118548 0.184169 0.281670 0.424086 0.628548 0.917018 1.316915 1.861499 2.589872 3.546425 4.779545 6.339468 8.275179 10.630375 13.438643 16.718121 20.466092 24.654076 29.224052 34.086492 39.120763 44.178313 49.088766 53.668742 57.732834 61.105895 63.635499 65.203366 65.734546 65.203366 63.635499 61.105895 57.732834 53.668742 49.088766 44.178313 39.120763 34.086492 29.224052 24.654076 20.466092 16.718121 13.438643 10.630375 8.275179 6.339468 4.779545 3.546425 2.589872 1.861499 1.316915 0.917018 0.628548 0.424086 0.281670 0.184169 0.118548 0.075127 0.046875 0.028796 0.017418 0.010375 0.006085 0.003515 0.001999 0.001120 0.000618 0.000336 0.000180 0.000095 0.000049 0.000025 0.000013 0.000006 0.000003 0.000002 0.000001 0.000001 
0.000001 0.000001 0.000001 0.000002 0.000004 0.000008 0.000016 0.000031 0.000061 0.000117 0.000222 0.000414 0.000761 0.001379 0.002462 0.004326 0.007487 0.012761 0.021418 0.035397 0.057602 0.092292 0.145591 0.226116 0.345730 0.520398 0.771097 1.124715 1.614807 2.282066 3.174322 4.345852 5.855806 7.765572 10.134982 13.017382 16.453733 20.466092 25.051017 30.173568 35.762710 41.708914 47.864665 54.048360 60.051764 65.650780 70.618868 74.742040 77.834088 79.750523 80.399787 79.750523 77.834088 74.742040 70.618868 65.650780 60.051764 54.048360 47.864665 41.708914 35.762710 30.173568 25.051017 20.466092 16.453733 13.017382 10.134982 7.765572 5.855806 4.345852 3.174322 2.282066 1.614807 1.124715 0.771097 0.520398 0.345730 0.226116 0.145591 0.092292 0.057602 0.035397 0.021418 0.012761 0.007487 0.004326 0.002462 0.001379 0.000761 0.000414 0.000222 0.000117 0.000061 0.000031 0.000016 0.000008 0.000004 0.000002 0.000001 0.000001 
0.000001 0.000001 0.000001 0.000002 0.000005 0.000009 0.000019 0.000038 0.000074 0.000142 0.000269 0.000502 0.000923 0.001671 0.002981 0.005238 0.009062 0.015440 0.025907 0.042803 0.069632 0.111536 0.175902 0.273120 0.417493 0.628262 0.930706 1.357215 1.948198 2.752650 3.828144 5.239994 7.059358 9.360063 12.214036 15.685376 19.823252 24.654076 30.173568 36.339559 43.066468 50.222433 57.629932 65.070482 72.293606 79.029791 85.006615 89.966777 93.686392 95.991744 96.772761 95.991744 93.686392 89.966777 85.006615 79.029791 72.293606 65.070482 57.629932 50.222433 43.066468 36.339559 30.173568 24.654076 19.823252 15.685376 12.214036 9.360063 7.059358 5.239994 3.828144 2.752650 1.948198 1.357215 0.930706 0.628262 0.417493 0.273120 0.175902 0.111536 0.069632 0.042803 0.025907 0.015440 0.009062 0.005238 0.002981 0.001671 0.000923 0.000502 0.000269 0.000142 0.000074 0.000038 0.000019 0.000010 0.000005 0.000002 0.000002 0.000002 
0.000001 0.000001 0.000001 0.000003 0.000006 0.000011 0.000023 0.000045 0.000088 0.000169 0.000321 0.000598 0.001100 0.001991 0.003551 0.006237 0.010788 0.018376 0.030824 0.050913 0.082804 0.132601 0.209070 0.324542 0.495983 0.746212 1.105200 1.611341 2.312525 3.266800 4.542361 6.216555 8.373626 11.100952 14.483635 18.597474 23.500568 29.224052 35.762710 43.066468 51.033871 59.508705 68.280733 77.091276 85.643830 93.619399 100.695581 106.567891 110.971407 113.700580 114.625173 113.700580 110.971407 106.567891 100.695581 93.619399 85.643830 77.091276 68.280733 59.508705 51.033871 43.066468 35.762710 29.224052 23.500568 18.597474 14.483635 11.100952 8.373626 6.216555 4.542361 3.266800 2.312525 1.611341 1.105200 0.746212 0.495983 0.324542 0.209070 0.132601 0.082804 0.050913 0.030824 0.018376 0.010788 0.006237 0.003551 0.001991 0.001100 0.000598 0.000321 0.000169 0.000088 0.000045 0.000023 0.000011 0.000006 0.000003 0.000002 0.000002 
0.000001 0.000001 0.000002 0.000003 0.000007 0.000013 0.000027 0.000053 0.000103 0.000199 0.000376 0.000702 0.001289 0.002334 0.004161 0.007305 0.012632 0.021512 0.036075 0.059571 0.096862 0.155076 0.244452 0.379384 0.579673 0.871949 1.291177 1.882139 2.700679 3.814477 5.303021 7.256449 9.772912 12.954186 16.899362 21.696665 27.413665 34.086492 41.708914 50.222433 59.508705 69.385612 79.608146 89.874907 99.840479 109.133292 117.377844 124.219531 129.349837 132.529404 133.606572 132.529404 129.349837 124.219531 117.377844 109.133292 99.840479 89.874907 79.608146 69.385612 59.508705 50.222433 41.708914 34.086492 27.413665 21.696665 16.899362 12.954186 9.772912 7.256449 5.303021 3.814477 2.700679 1.882139 1.291177 0.871949 0.579673 0.379384 0.244452 0.155076 0.096862 0.059571 0.036075 0.021512 0.012632 0.007305 0.004161 0.002334 0.001289 0.000702 0.000376 0.000199 0.000103 0.000053 0.000027 0.000013 0.000007 0.000003 0.000002 0.000002 
0.000001 0.000001 0.000002 0.000004 0.000008 0.000015 0.000031 0.000061 0.000119 0.000229 0.000434 0.000809 0.001486 0.002690 0.004794 0.008416 0.014549 0.024770 0.041528 0.068561 0.111456 0.178405 0.281169 0.436283 0.666486 1.002353 1.484021 2.162886 3.103027 4.382090 6.091248 8.333871 11.222494 14.873779 19.401280 24.906055 31.465458 39.120763 47.864665 57.629932 68.280733 79.608146 91.331189 103.104274 114.531408 125.186657 134.639619 142.483871 148.365834 152.011196 153.246157 152.011196 148.365834 142.483871 134.639619 125.186657 114.531408 103.104274 91.331189 79.608146 68.280733 57.629932 47.864665 39.120763 31.465458 24.906055 19.401280 14.873779 11.222494 8.333871 6.091248 4.382090 3.103027 2.162886 1.484021 1.002353 0.666486 0.436283 0.281169 0.178405 0.111456 0.068561 0.041528 0.024770 0.014549 0.008416 0.004794 0.002690 0.001486 0.000809 0.000434 0.000229 0.000119 0.000061 0.000031 0.000015 0.000008 0.000004 0.000003 0.000003 
