0.000000 0.000000 0.000000 0.000000 0.000000 0.000000 0.000000 0.000000 0.000000 0.000000 0.000000 0.000000 0.000000 0.000000 0.000000 0.000000 0.000000 0.000000 0.000000 0.000000 0.000000 0.000000 0.000000 0.000000 0.000000 0.000000 0.000000 0.000000 0.000000 0.000000 0.000000 0.000000 0.000000 0.000000 0.000000 0.000000 0.000000 0.000000 0.000000 0.000000 0.000000 0.000000 0.000000 0.000000 0.000000 0.000000 0.000000 0.000000 0.000000 0.000000 0.000000 0.000000 0.000000 0.000000 0.000000 0.000000 0.000000 0.000000 0.000000 0.000000 0.000000 0.000000 0.000000 0.000000 0.000000 0.000000 0.000000 0.000000 0.000000 0.000000 0.000000 0.000000 0.000000 0.000000 0.000000 0.000000 0.000000 0.000000 0.000000 0.000000 0.000000 0.000000 0.000000 0.000000 0.000000 0.000000 0.000000 0.000000 0.000000 0.000000 0.000000 0.000000 0.000000 0.000000 0.000000 0.000000 0.000000 0.000000 0.000000 0.000000 
0.000000 0.000000 0.000000 0.000000 0.000000 0.000000 0.000000 0.000000 0.000000 0.000000 0.000000 0.000000 0.000000 0.000000 0.000000 0.000000 0.000000 0.000000 0.000000 0.000000 0.000000 0.000000 0.000000 0.000000 0.000000 0.000000 0.000000 0.000000 0.000000 0.000000 0.000000 0.000000 0.000000 0.000000 0.000000 0.000000 0.000000 0.000000 0.000000 0.000000 0.000000 0.000000 0.000000 0.000000 0.000000 0.000000 0.000000 0.000000 0.000000 0.000000 0.000000 0.000000 0.000000 0.000000 0.000000 0.000000 0.000000 0.000000 0.000000 0.000000 0.000000 0.000000 0.000000 0.000000 0.000000 0.000000 0.000000 0.000000 0.000000 0.000000 0.000000 0.000000 0.000000 0.000000 0.000000 0.000000 0.000000 0.000000 0.000000 0.000000 0.000000 0.000000 0.000000 0.000000 0.000000 0.000000 0.000000 0.000000 0.000000 0.000000 0.000000 0.000000 0.000000 0.000000 0.000000 0.000000 0.000000 0.000000 0.000000 0.000000 
0.000000 0.000000 0.000000 0.000000 0.000000 0.000000 0.000000 0.000000 0.000000 0.000000 0.000000 0.000000 0.000000 0.000000 0.000000 0.000000 0.000000 0.000000 0.000000 0.000000 0.000000 0.000000 0.000000 0.000000 0.000000 0.000000 0.000000 0.000000 0.000000 0.000000 0.000000 0.000000 0.000000 0.000000 0.000000 0.000000 0.000000 0.000000 0.000000 0.000000 0.000000 0.000000 0.000000 0.000000 0.000000 0.000000 0.000000 0.000000 0.000000 0.000000 0.000000 0.000000 0.000000 0.000000 0.000000 0.000000 0.000000 0.000000 0.000000 0.000000 0.000000 0.000000 0.000000 0.000000 0.000000 0.000000 0.000000 0.000000 0.000000 0.000000 0.000000 0.000000 0.000000 0.000000 0.000000 0.000000 0.000000 0.000000 0.000000 0.000000 0.000000 0.000000 0.000000 0.000000 0.000000 0.000000 0.000000 0.000000 0.000000 0.000000 0.000000 0.000000 0.000000 0.000000 0.000000 0.000000 0.000000 0.000000 0.000000 0.000000 
0.000000 0.000000 0.000000 0.000000 0.000000 0.000000 0.000000 0.000000 0.000000 0.000000 0.000000 0.000000 0.000000 0.000000 0.000000 0.000000 0.000000 0.000000 0.000000 0.000000 0.000000 0.000000 0.000000 0.000000 0.000000 0.000000 0.000000 0.000000 0.000000 0.000000 0.000000 0.000000 0.000000 0.000000 0.000000 0.000000 0.000000 0.000000 0.000000 0.000000 0.000000 0.000000 0.000000 0.000000 0.000000 0.000000 0.000000 0.000000 0.000000 0.000000 0.000000 0.000000 0.000000 0.000000 0.000000 0.000000 0.000000 0.000000 0.000000 0.000000 0.000000 0.000000 0.000000 0.000000 0.000000 0.000000 0.000000 0.000000 0.000000 0.000000 0.000000 0.000000 0.000000 0.000000 0.000000 0.000000 0.000000 0.000000 0.000000 0.000000 0.000000 0.000000 0.000000 0.000000 0.000000 0.000000 0.000000 0.000000 0.000000 0.000000 0.000000 0.000000 0.000000 0.000000 0.000000 0.000000 0.000000 0.000000 0.000000 0.000000 
0.000000 0.000000 0.000000 0.000000 0.000000 0.000000 0.000000 0.000000 0.000000 0.000000 0.000000 0.000000 0.000000 0.000000 0.000000 0.000000 0.000000 0.000000 0.000000 0.000000 0.000000 0.000000 0.000000 0.000000 0.000000 0.000000 0.000000 0.000000 0.000000 0.000000 0.000000 0.000000 0.000000 0.000000 0.000000 0.000000 0.000000 0.000000 0.000000 0.000000 0.000000 0.000000 0.000000 0.000000 0.000000 0.000000 0.000000 0.000000 0.000000 0.000000 0.000000 0.000000 0.000000 0.000000 0.000000 0.000000 0.000000 0.000000 0.000000 0.000000 0.000000 0.000000 0.000000 0.000000 0.000000 0.000000 0.000000 0.000000 0.000000 0.000000 0.000000 0.000000 0.000000 0.000000 0.000000 0.000000 0.000000 0.000000 0.000000 0.000000 0.000000 0.000000 0.000000 0.000000 0.000000 0.000000 0.000000 0.000000 0.000000 0.000000 0.000000 0.000000 0.000000 0.000000 0.000000 0.000000 0.000000 0.000000 0.000000 0.000000 
0.000000 0.000000 0.000000 0.000000 0.000000 0.000000 0.000000 0.000000 0.000000 0.000000 0.000000 0.000000 0.000000 0.000000 0.000000 0.000000 0.000000 0.000000 0.000000 0.000000 0.000000 0.000000 0.000000 0.000000 0.000000 0.000000 0.000000 0.000000 0.000000 0.000000 0.000000 0.000000 0.000000 0.000000 0.000000 0.000000 0.000000 0.000000 0.000000 0.000000 0.000000 0.000000 0.000000 0.000000 0.000000 0.000000 0.000000 0.000000 0.000000 0.000000 0.000000 0.000000 0.000000 0.000000 0.000000 0.000000 0.000000 0.000000 0.000000 0.000000 0.000000 0.000000 0.000000 0.000000 0.000000 0.000000 0.000000 0.000000 0.000000 0.000000 0.000000 0.000000 0.000000 0.000000 0.000000 0.000000 0.000000 0.000000 0.000000 0.000000 0.000000 0.000000 0.000000 0.000000 0.000000 0.000000 0.000000 0.000000 0.000000 0.000000 0.000000 0.000000 0.000000 0.000000 0.000000 0.000000 0.000000 0.000000 0.000000 0.000000 
0.000000 0.000000 0.000000 0.000000 0.000000 0.000000 0.000000 0.000000 0.000000 0.000000 0.000000 0.000000 0.000000 0.000000 0.000000 0.000000 0.000000 0.000000 0.000000 0.000000 0.000000 0.000000 0.000000 0.000000 0.000000 0.000000 0.000000 0.000000 0.000000 0.000000 0.000000 0.000000 0.000000 0.000000 0.000000 0.000000 0.000000 0.000000 0.000000 0.000000 0.000000 0.000000 0.000000 0.000000 0.000000 0.000000 0.000000 0.000000 0.000000 0.000000 0.000000 0.000000 0.000000 0.000000 0.000000 0.000000 0.000000 0.000000 0.000000 0.000000 0.000000 0.000000 0.000000 0.000000 0.000000 0.000000 0.000000 0.000000 0.000000 0.000000 0.000000 0.000000 0.000000 0.000000 0.000000 0.000000 0.000000 0.000000 0.000000 0.000000 0.000000 0.000000 0.000000 0.000000 0.000000 0.000000 0.000000 0.000000 0.000000 0.000000 0.000000 0.000000 0.000000 0.000000 0.000000 0.000000 0.000000 0.000000 0.000000 0.000000 
0.000000 0.000000 0.000000 0.000000 0.000000 0.000000 0.000000 0.000000 0.000000 0.000000 0.000000 0.000000 0.000000 0.000000 0.000000 0.000000 0.000000 0.000000 0.000000 0.000000 0.000000 0.000000 0.000000 0.000000 0.000000 0.000000 0.000000 0.000000 0.000000 0.000000 0.000000 0.000000 0.000000 0.000000 0.000000 0.000000 0.000000 0.000000 0.000000 0.000000 0.000000 0.000000 0.000000 0.000000 0.000000 0.000000 0.000000 0.000000 0.000000 0.000000 0.000000 0.000000 0.000000 0.000000 0.000000 0.000000 0.000000 0.000000 0.000000 0.000000 0.000000 0.000000 0.000000 0.000000 0.000000 0.000000 0.000000 0.000000 0.000000 0.000000 0.000000 0.000000 0.000000 0.000000 0.000000 0.000000 0.000000 0.000000 0.000000 0.000000 0.000000 0.000000 0.000000 0.000000 0.000000 0.000000 0.000000 0.000000 0.000000 0.000000 0.000000 0.000000 0.000000 0.000000 0.000000 0.000000 0.000000 0.000000 0.000000 0.000000 
0.000000 0.000000 0.000000 0.000000 0.000000 0.000000 0.000000 0.000000 0.000000 0.000000 0.000000 0.000000 0.000000 0.000000 0.000000 0.000000 0.000000 0.000000 0.000000 0.000000 0.000000 0.000000 0.000000 0.000000 0.000000 0.000000 0.000000 0.000000 0.000000 0.000000 0.000000 0.000000 0.000000 0.000000 0.000000 0.000000 0.000000 0.000000 0.000000 0.000000 0.000000 0.000000 0.000000 0.000000 0.000000 0.000000 0.000000 0.000000 0.000000 0.000000 0.000000 0.000000 0.000000 0.000000 0.000000 0.000000 0.000000 0.000000 0.000000 0.000000 0.000000 0.000000 0.000000 0.000000 0.000000 0.000000 0.000000 0.000000 0.000000 0.000000 0.000000 0.000000 0.000000 0.000000 0.000000 0.000000 0.000000 0.000000 0.000000 0.000000 0.000000 0.000000 0.000000 0.000000 0.000000 0.000000 0.000000 0.000000 0.000000 0.000000 0.000000 0.000000 0.000000 0.000000 0.000000 0.000000 0.000000 0.000000 0.000000 0.000000 
0.000000 0.000000 0.000000 0.000000 0.000000 0.000000 0.000000 0.000000 0.000000 0.000000 0.000000 0.000000 0.000000 0.000000 0.000000 0.000000 0.000000 0.000000 0.000000 0.000000 0.000000 0.000000 0.000000 0.000000 0.000000 0.000000 0.000000 0.000000 0.000000 0.000000 0.000000 0.000000 0.000000 0.000000 0.000000 0.000000 0.000000 0.000000 0.000000 0.000000 0.000000 0.000000 0.000000 0.000000 0.000000 0.000000 0.000000 0.000000 0.000000 0.000000 0.000000 0.000000 0.000000 0.000000 0.000000 0.000000 0.000000 0.000000 0.000000 0.000000 0.000000 0.000000 0.000000 0.000000 0.000000 0.000000 0.000000 0.000000 0.000000 0.000000 0.000000 0.000000 0.000000 0.000000 0.000000 0.000000 0.000000 0.000000 0.000000 0.000000 0.000000 0.000000 0.000000 0.000000 0.000000 0.000000 0.000000 0.000000 0.000000 0.000000 0.000000 0.000000 0.000000 0.000000 0.000000 0.000000 0.000000 0.000000 0.000000 0.000000 
0.000000 0.000000 0.000000 0.000000 0.000000 0.000000 0.000000 0.000000 0.000000 0.000000 0.000000 0.000000 0.000000 0.000000 0.000000 0.000000 0.000000 0.000000 0.000000 0.000000 0.000000 0.000000 0.000000 0.000000 0.000000 0.000000 0.000000 0.000000 0.000000 0.000000 0.000000 0.000000 0.000000 0.000000 0.000000 0.000000 0.000000 0.000000 0.000000 0.000000 0.000000 0.000000 0.000000 0.000000 0.000000 0.000000 0.000000 0.000000 0.000000 0.000000 0.000000 0.000000 0.000000 0.000000 0.000000 0.000000 0.000000 0.000000 0.000000 0.000000 0.000000 0.000000 0.000000 0.000000 0.000000 0.000000 0.000000 0.000000 0.000000 0.000000 0.000000 0.000000 0.000000 0.000000 0.000000 0.000000 0.000000 0.000000 0.000000 0.000000 0.000000 0.000000 0.000000 0.000000 0.000000 0.000000 0.000000 0.000000 0.000000 0.000000 0.000000 0.000000 0.000000 0.000000 0.000000 0.000000 0.000000 0.000000 0.000000 0.000000 
0.000000 0.000000 0.000000 0.000000 0.000000 0.000000 0.000000 0.000000 0.000000 0.000000 0.000000 0.000000 0.000000 0.000000 0.000000 0.000000 0.000000 0.000000 0.000000 0.000000 0.000000 0.000000 0.000000 0.000000 0.000000 0.000000 0.000000 0.000000 0.000000 0.000000 0.000000 0.000000 0.000000 0.000000 0.000000 0.000000 0.000000 0.000000 0.000000 0.000000 0.000000 0.000000 0.000000 0.000000 0.000001 0.000001 0.000001 0.000001 0.000001 0.000001 0.000001 0.000001 0.000001 0.000001 0.000001 0.000001 0.000001 0.000000 0.000000 0.000000 0.000000 0.000000 0.000000 0.000000 0.000000 0.000000 0.000000 0.000000 0.000000 0.000000 0.000000 0.000000 0.000000 0.000000 0.000000 0.000000 0.000000 0.000000 0.000000 0.000000 0.000000 0.000000 0.000000 0.000000 0.000000 0.000000 0.000000 0.000000 0.000000 0.000000 0.000000 0.000000 0.000000 0.000000 0.000000 0.000000 0.000000 0.000000 0.000000 0.000000 
0.000000 0.000000 0.000000 0.000000 0.000000 0.000000 0.000000 0.000000 0.000000 0.000000 0.000000 0.000000 0.000000 0.000000 0.000000 0.000000 0.000000 0.000000 0.000000 0.000000 0.000000 0.000000 0.000000 0.000000 0.000000 0.000000 0.000000 0.000000 0.000000 0.000000 0.000000 0.000000 0.000000 0.000000 0.000000 0.000000 0.000000 0.000000 0.000000 0.000000 0.000001 0.000001 0.000001 0.000001 0.000001 0.000002 0.000002 0.000002 0.000002 0.000002 0.000002 0.000002 0.000002 0.000002 0.000002 0.000002 0.000001 0.000001 0.000001 0.000001 0.000001 0.000000 0.000000 0.000000 0.000000 0.000000 0.000000 0.000000 0.000000 0.000000 0.000000 0.000000 0.000000 0.000000 0.000000 0.000000 0.000000 0.000000 0.000000 0.000000 0.000000 0.000000 0.000000 0.000000 0.000000 0.000000 0.000000 0.000000 0.000000 0.000000 0.000000 0.000000 0.000000 0.000000 0.000000 0.000000 0.000000 0.000000 0.000000 0.000000 
0.000000 0.000000 0.000000 0.000000 0.000000 0.000000 0.000000 0.000000 0.000000 0.000000 0.000000 0.000000 0.000000 0.000000 0.000000 0.000000 0.000000 0.000000 0.000000 0.000000 0.000000 0.000000 0.000000 0.000000 0.000000 0.000000 0.000000 0.000000 0.000000 0.000000 0.000000 0.000000 0.000000 0.000000 0.000000 0.000000 0.000000 0.000001 0.000001 0.000001 0.000001 0.000002 0.000003 0.000003 0.000004 0.000004 0.000005 0.000006 0.000006 0.000006 0.000007 0.000006 0.000006 0.000006 0.000005 0.000004 0.000004 0.000003 0.000003 0.000002 0.000001 0.000001 0.000001 0.000001 0.000000 0.000000 0.000000 0.000000 0.000000 0.000000 0.000000 0.000000 0.000000 0.000000 0.000000 0.000000 0.000000 0.000000 0.000000 0.000000 0.000000 0.000000 0.000000 0.000000 0.000000 0.000000 0.000000 0.000000 0.000000 0.000000 0.000000 0.000000 0.000000 0.000000 0.000000 0.000000 0.000000 0.000000 0.000000 0.000000 
0.000000 0.000000 0.000000 0.000000 0.000000 0.000000 0.000000 0.000000 0.000000 0.000000 0.000000 0.000000 0.000000 0.000000 0.000000 0.000000 0.000000 0.000000 0.000000 0.000000 0.000000 0.000000 0.000000 0.000000 0.000000 0.000000 0.000000 0.000000 0.000000 0.000000 0.000000 0.000000 0.000000 0.000000 0.000000 0.000001 0.000001 0.000001 0.000002 0.000003 0.000004 0.000005 0.000006 0.000008 0.000010 0.000011 0.000013 0.000015 0.000016 0.000016 0.000017 0.000016 0.000016 0.000015 0.000013 0.000011 0.000010 0.000008 0.000006 0.000005 0.000004 0.000003 0.000002 0.000001 0.000001 0.000001 0.000000 0.000000 0.000000 0.000000 0.000000 0.000000 0.000000 0.000000 0.000000 0.000000 0.000000 0.000000 0.000000 0.000000 0.000000 0.000000 0.000000 0.000000 0.000000 0.000000 0.000000 0.000000 0.000000 0.000000 0.000000 0.000000 0.000000 0.000000 0.000000 0.000000 0.000000 0.000000 0.000000 0.000000 
0.000000 0.000000 0.000000 0.000000 0.000000 0.000000 0.000000 0.000000 0.000000 0.000000 0.000000 0.000000 0.000000 0.000000 0.000000 0.000000 0.000000 0.000000 0.000000 0.000000 0.000000 0.000000 0.000000 0.000000 0.000000 0.000000 0.000000 0.000000 0.000000 0.000000 0.000000 0.000000 0.000000 0.000001 0.000001 0.000002 0.000002 0.000003 0.000005 0.000007 0.000010 0.000013 0.000016 0.000020 0.000024 0.000029 0.000033 0.000036 0.000039 0.000041 0.000041 0.000041 0.000039 0.000036 0.000033 0.000029 0.000024 0.000020 0.000016 0.000013 0.000010 0.000007 0.000005 0.000003 0.000002 0.000002 0.000001 0.000001 0.000000 0.000000 0.000000 0.000000 0.000000 0.000000 0.000000 0.000000 0.000000 0.000000 0.000000 0.000000 0.000000 0.000000 0.000000 0.000000 0.000000 0.000000 0.000000 0.000000 0.000000 0.000000 0.000000 0.000000 0.000000 0.000000 0.000000 0.000000 0.000000 0.000000 0.000000 0.000000 
0.000000 0.000000 0.000000 0.000000 0.000000 0.000000 0.000000 0.000000 0.000000 0.000000 0.000000 0.000000 0.000000 0.000000 0.000000 0.000000 0.000000 0.000000 0.000000 0.000000 0.000000 0.000000 0.000000 0.000000 0.000000 0.000000 0.000000 0.000000 0.000000 0.000000 0.000000 0.000001 0.000001 0.000001 0.000002 0.000004 0.000006 0.000009 0.000012 0.000017 0.000023 0.000031 0.000039 0.000049 0.000059 0.000070 0.000080 0.000088 0.000095 0.000099 0.000101 0.000099 0.000095 0.000088 0.000080 0.000070 0.000059 0.000049 0.000039 0.000031 0.000023 0.000017 0.000012 0.000009 0.000006 0.000004 0.000002 0.000001 0.000001 0.000001 0.000000 0.000000 0.000000 0.000000 0.000000 0.000000 0.000000 0.000000 0.000000 0.000000 0.000000 0.000000 0.000000 0.000000 0.000000 0.000000 0.000000 0.000000 0.000000 0.000000 0.000000 0.000000 0.000000 0.000000 0.000000 0.000000 0.000000 0.000000 0.000000 0.000000 
0.000000 0.000000 0.000000 0.000000 0.000000 0.000000 0.000000 0.000000 0.000000 0.000000 0.000000 0.000000 0.000000 0.000000 0.000000 0.000000 0.000000 0.000000 0.000000 0.000000 0.000000 0.000000 0.000000 0.000000 0.000000 0.000000 0.000000 0.000000 0.000000 0.000000 0.000001 0.000001 0.000002 0.000004 0.000006 0.000009 0.000014 0.000021 0.000029 0.000041 0.000056 0.000074 0.000094 0.000117 0.000142 0.000166 0.000190 0.000210 0.000226 0.000236 0.000240 0.000236 0.000226 0.000210 0.000190 0.000166 0.000142 0.000117 0.000094 0.000074 0.000056 0.000041 0.000029 0.000021 0.000014 0.000009 0.000006 0.000004 0.000002 0.000001 0.000001 0.000000 0.000000 0.000000 0.000000 0.000000 0.000000 0.000000 0.000000 0.000000 0.000000 0.000000 0.000000 0.000000 0.000000 0.000000 0.000000 0.000000 0.000000 0.000000 0.000000 0.000000 0.000000 0.000000 0.000000 0.000000 0.000000 0.000000 0.000000 0.000000 
0.000000 0.000000 0.000000 0.000000 0.000000 0.000000 0.000000 0.000000 0.000000 0.000000 0.000000 0.000000 0.000000 0.000000 0.000000 0.000000 0.000000 0.000000 0.000000 0.000000 0.000000 0.000000 0.000000 0.000000 0.000000 0.000000 0.000000 0.000000 0.000001 0.000001 0.000002 0.000003 0.000005 0.000009 0.000014 0.000021 0.000033 0.000048 0.000069 0.000096 0.000130 0.000172 0.000220 0.000273 0.000330 0.000387 0.000441 0.000488 0.000525 0.000548 0.000557 0.000548 0.000525 0.000488 0.000441 0.000387 0.000330 0.000273 0.000220 0.000172 0.000130 0.000096 0.000069 0.000048 0.000033 0.000021 0.000014 0.000009 0.000005 0.000003 0.000002 0.000001 0.000001 0.000000 0.000000 0.000000 0.000000 0.000000 0.000000 0.000000 0.000000 0.000000 0.000000 0.000000 0.000000 0.000000 0.000000 0.000000 0.000000 0.000000 0.000000 0.000000 0.000000 0.000000 0.000000 0.000000 0.000000 0.000000 0.000000 0.000000 
0.000000 0.000000 0.000000 0.000000 0.000000 0.000000 0.000000 0.000000 0.000000 0.000000 0.000000 0.000000 0.000000 0.000000 0.000000 0.000000 0.000000 0.000000 0.000000 0.000000 0.000000 0.000000 0.000000 0.000000 0.000000 0.000000 0.000000 0.000001 0.000001 0.000002 0.000004 0.000007 0.000012 0.000020 0.000032 0.000049 0.000075 0.000110 0.000158 0.000220 0.000297 0.000391 0.000500 0.000621 0.000749 0.000878 0.001000 0.001107 0.001190 0.001243 0.001261 0.001243 0.001190 0.001107 0.001000 0.000878 0.000749 0.000621 0.000500 0.000391 0.000297 0.000220 0.000158 0.000110 0.000075 0.000049 0.000032 0.000020 0.000012 0.000007 0.000004 0.000002 0.000001 0.000001 0.000000 0.000000 0.000000 0.000000 0.000000 0.000000 0.000000 0.000000 0.000000 0.000000 0.000000 0.000000 0.000000 0.000000 0.000000 0.000000 0.000000 0.000000 0.000000 0.000000 0.000000 0.000000 0.000000 0.000000 0.000000 0.000000 
0.000000 0.000000 0.000000 0.000000 0.000000 0.000000 0.000000 0.000000 0.000000 0.000000 0.000000 0.000000 0.000000 0.000000 0.000000 0.000000 0.000000 0.000000 0.000000 0.000000 0.000000 0.000000 0.000000 0.000000 0.000000 0.000000 0.000001 0.000001 0.000003 0.000005 0.000009 0.000016 0.000027 0.000044 0.000071 0.000111 0.000167 0.000246 0.000352 0.000489 0.000661 0.000869 0.001110 0.001377 0.001660 0.001945 0.002215 0.002450 0.002633 0.002750 0.002790 0.002750 0.002633 0.002450 0.002215 0.001945 0.001660 0.001377 0.001110 0.000869 0.000661 0.000489 0.000352 0.000246 0.000167 0.000111 0.000071 0.000044 0.000027 0.000016 0.000009 0.000005 0.000003 0.000001 0.000001 0.000000 0.000000 0.000000 0.000000 0.000000 0.000000 0.000000 0.000000 0.000000 0.000000 0.000000 0.000000 0.000000 0.000000 0.000000 0.000000 0.000000 0.000000 0.000000 0.000000 0.000000 0.000000 0.000000 0.000000 0.000000 
0.000000 0.000000 0.000000 0.000000 0.000000 0.000000 0.000000 0.000000 0.000000 0.000000 0.000000 0.000000 0.000000 0.000000 0.000000 0.000000 0.000000 0.000000 0.000000 0.000000 0.000000 0.000000 0.000000 0.000000 0.000000 0.000001 0.000002 0.000003 0.000006 0.000011 0.000020 0.000035 0.000059 0.000098 0.000156 0.000242 0.000365 0.000536 0.000766 0.001064 0.001436 0.001885 0.002404 0.002980 0.003591 0.004206 0.004786 0.005292 0.005686 0.005937 0.006023 0.005937 0.005686 0.005292 0.004786 0.004206 0.003591 0.002980 0.002404 0.001885 0.001436 0.001064 0.000766 0.000536 0.000365 0.000242 0.000156 0.000098 0.000059 0.000035 0.000020 0.000011 0.000006 0.000003 0.000002 0.000001 0.000000 0.000000 0.000000 0.000000 0.000000 0.000000 0.000000 0.000000 0.000000 0.000000 0.000000 0.000000 0.000000 0.000000 0.000000 0.000000 0.000000 0.000000 0.000000 0.000000 0.000000 0.000000 0.000000 0.000000 
0.000000 0.000000 0.000000 0.000000 0.000000 0.000000 0.000000 0.000000 0.000000 0.000000 0.000000 0.000000 0.000000 0.000000 0.000000 0.000000 0.000000 0.000000 0.000000 0.000000 0.000000 0.000000 0.000000 0.000000 0.000001 0.000002 0.000004 0.000007 0.000013 0.000025 0.000044 0.000076 0.000127 0.000209 0.000333 0.000516 0.000777 0.001140 0.001626 0.002256 0.003042 0.003988 0.005082 0.006296 0.007581 0.008872 0.010091 0.011154 0.011982 0.012508 0.012688 0.012508 0.011982 0.011154 0.010091 0.008872 0.007581 0.006296 0.005082 0.003988 0.003042 0.002256 0.001626 0.001140 0.000777 0.000516 0.000333 0.000209 0.000127 0.000076 0.000044 0.000025 0.000013 0.000007 0.000004 0.000002 0.000001 0.000000 0.000000 0.000000 0.000000 0.000000 0.000000 0.000000 0.000000 0.000000 0.000000 0.000000 0.000000 0.000000 0.000000 0.000000 0.000000 0.000000 0.000000 0.000000 0.000000 0.000000 0.000000 0.000000 
0.000000 0.000000 0.000000 0.000000 0.000000 0.000000 0.000000 0.000000 0.000000 0.000000 0.000000 0.000000 0.000000 0.000000 0.000000 0.000000 0.000000 0.000000 0.000000 0.000000 0.000000 0.000000 0.000000 0.000001 0.000002 0.000004 0.000008 0.000015 0.000028 0.000052 0.000092 0.000158 0.000266 0.000435 0.000693 0.001072 0.001615 0.002365 0.003369 0.004667 0.006286 0.008232 0.010482 0.012975 0.015613 0.018261 0.020761 0.022939 0.024635 0.025712 0.026081 0.025712 0.024635 0.022939 0.020761 0.018261 0.015613 0.012975 0.010482 0.008232 0.006286 0.004667 0.003369 0.002365 0.001615 0.001072 0.000693 0.000435 0.000266 0.000158 0.000092 0.000052 0.000028 0.000015 0.000008 0.000004 0.000002 0.000001 0.000000 0.000000 0.000000 0.000000 0.000000 0.000000 0.000000 0.000000 0.000000 0.000000 0.000000 0.000000 0.000000 0.000000 0.000000 0.000000 0.000000 0.000000 0.000000 0.000000 0.000000 0.000000 
0.000000 0.000000 0.000000 0.000000 0.000000 0.000000 0.000000 0.000000 0.000000 0.000000 0.000000 0.000000 0.000000 0.000000 0.000000 0.000000 0.000000 0.000000 0.000000 0.000000 0.000000 0.000000 0.000001 0.000002 0.000004 0.000008 0.000016 0.000031 0.000058 0.000106 0.000188 0.000324 0.000543 0.000886 0.001407 0.002175 0.003270 0.004783 0.006805 0.009416 0.012670 0.016578 0.021090 0.026086 0.031368 0.036668 0.041667 0.046023 0.049412 0.051565 0.052303 0.051565 0.049412 0.046023 0.041667 0.036668 0.031368 0.026086 0.021090 0.016578 0.012670 0.009416 0.006805 0.004783 0.003270 0.002175 0.001407 0.000886 0.000543 0.000324 0.000188 0.000106 0.000058 0.000031 0.000016 0.000008 0.000004 0.000002 0.000001 0.000000 0.000000 0.000000 0.000000 0.000000 0.000000 0.000000 0.000000 0.000000 0.000000 0.000000 0.000000 0.000000 0.000000 0.000000 0.000000 0.000000 0.000000 0.000000 0.000000 0.000000 
0.000000 0.000000 0.000000 0.000000 0.000000 0.000000 0.000000 0.000000 0.000000 0.000000 0.000000 0.000000 0.000000 0.000000 0.000000 0.000000 0.000000 0.000000 0.000000 0.000000 0.000000 0.000001 0.000002 0.000004 0.000008 0.000017 0.000033 0.000063 0.000117 0.000212 0.000375 0.000644 0.001079 0.001758 0.002787 0.004302 0.006459 0.009435 0.013406 0.018529 0.024906 0.032557 0.041385 0.051151 0.061469 0.071816 0.081570 0.090068 0.096676 0.100873 0.102312 0.100873 0.096676 0.090068 0.081570 0.071816 0.061469 0.051151 0.041385 0.032557 0.024906 0.018529 0.013406 0.009435 0.006459 0.004302 0.002787 0.001758 0.001079 0.000644 0.000375 0.000212 0.000117 0.000063 0.000033 0.000017 0.000008 0.000004 0.000002 0.000001 0.000000 0.000000 0.000000 0.000000 0.000000 0.000000 0.000000 0.000000 0.000000 0.000000 0.000000 0.000000 0.000000 0.000000 0.000000 0.000000 0.000000 0.000000 0.000000 0.000000 
0.000000 0.000000 0.000000 0.000000 0.000000 0.000000 0.000000 0.000000 0.000000 0.000000 0.000000 0.000000 0.000000 0.000000 0.000000 0.000000 0.000000 0.000000 0.000000 0.000000 0.000001 0.000002 0.000004 0.000008 0.000016 0.000033 0.000064 0.000123 0.000228 0.000413 0.000728 0.001250 0.002089 0.003399 0.005382 0.008294 0.012436 0.018144 0.025751 0.035552 0.047741 0.062352 0.079195 0.097814 0.117472 0.137176 0.155741 0.171908 0.184478 0.192459 0.195195 0.192459 0.184478 0.171908 0.155741 0.137176 0.117472 0.097814 0.079195 0.062352 0.047741 0.035552 0.025751 0.018144 0.012436 0.008294 0.005382 0.003399 0.002089 0.001250 0.000728 0.000413 0.000228 0.000123 0.000064 0.000033 0.000016 0.000008 0.000004 0.000002 0.000001 0.000000 0.000000 0.000000 0.000000 0.000000 0.000000 0.000000 0.000000 0.000000 0.000000 0.000000 0.000000 0.000000 0.000000 0.000000 0.000000 0.000000 0.000000 0.000000 
0.000000 0.000000 0.000000 0.000000 0.000000 0.000000 0.000000 0.000000 0.000000 0.000000 0.000000 0.000000 0.000000 0.000000 0.000000 0.000000 0.000000 0.000000 0.000000 0.000001 0.000001 0.000003 0.000007 0.000015 0.000031 0.000063 0.000123 0.000234 0.000433 0.000783 0.001379 0.002364 0.003944 0.006407 0.010130 0.015588 0.023344 0.034015 0.048223 0.066508 0.089226 0.116433 0.147770 0.182388 0.218915 0.255504 0.289965 0.319964 0.343282 0.358083 0.363158 0.358083 0.343282 0.319964 0.289965 0.255504 0.218915 0.182388 0.147770 0.116433 0.089226 0.066508 0.048223 0.034015 0.023344 0.015588 0.010130 0.006407 0.003944 0.002364 0.001379 0.000783 0.000433 0.000234 0.000123 0.000063 0.000031 0.000015 0.000007 0.000003 0.000001 0.000001 0.000000 0.000000 0.000000 0.000000 0.000000 0.000000 0.000000 0.000000 0.000000 0.000000 0.000000 0.000000 0.000000 0.000000 0.000000 0.000000 0.000000 0.000000 
0.000000 0.000000 0.000000 0.000000 0.000000 0.000000 0.000000 0.000000 0.000000 0.000000 0.000000 0.000000 0.000000 0.000000 0.000000 0.000000 0.000000 0.000000 0.000001 0.000001 0.000003 0.000006 0.000013 0.000028 0.000058 0.000117 0.000228 0.000433 0.000803 0.001448 0.002545 0.004355 0.007255 0.011768 0.018581 0.028555 0.042709 0.062160 0.088029 0.121287 0.162569 0.211965 0.268816 0.331573 0.397751 0.464009 0.526386 0.580666 0.622846 0.649616 0.658794 0.649616 0.622846 0.580666 0.526386 0.464009 0.397751 0.331573 0.268816 0.211965 0.162569 0.121287 0.088029 0.062160 0.042709 0.028555 0.018581 0.011768 0.007255 0.004355 0.002545 0.001448 0.000803 0.000433 0.000228 0.000117 0.000058 0.000028 0.000013 0.000006 0.000003 0.000001 0.000001 0.000000 0.000000 0.000000 0.000000 0.000000 0.000000 0.000000 0.000000 0.000000 0.000000 0.000000 0.000000 0.000000 0.000000 0.000000 0.000000 0.000000 
0.000000 0.000000 0.000000 0.000000 0.000000 0.000000 0.000000 0.000000 0.000000 0.000000 0.000000 0.000000 0.000000 0.000000 0.000000 0.000000 0.000000 0.000000 0.000001 0.000002 0.000005 0.000011 0.000025 0.000052 0.000106 0.000212 0.000413 0.000783 0.001448 0.002609 0.004576 0.007818 0.013005 0.021063 0.033212 0.050976 0.076151 0.110710 0.156622 0.215589 0.288718 0.376146 0.476694 0.587615 0.704514 0.821495 0.931577 1.027339 1.101734 1.148943 1.165127 1.148943 1.101734 1.027339 0.931577 0.821495 0.704514 0.587615 0.476694 0.376146 0.288718 0.215589 0.156622 0.110710 0.076151 0.050976 0.033212 0.021063 0.013005 0.007818 0.004576 0.002609 0.001448 0.000783 0.000413 0.000212 0.000106 0.000052 0.000025 0.000011 0.000005 0.000002 0.000001 0.000000 0.000000 0.000000 0.000000 0.000000 0.000000 0.000000 0.000000 0.000000 0.000000 0.000000 0.000000 0.000000 0.000000 0.000000 0.000000 0.000000 
0.000000 0.000000 0.000000 0.000000 0.000000 0.000000 0.000000 0.000000 0.000000 0.000000 0.000000 0.000000 0.000000 0.000000 0.000000 0.000000 0.000000 0.000001 0.000002 0.000004 0.000009 0.000020 0.000044 0.000092 0.000188 0.000375 0.000728 0.001379 0.002545 0.004576 0.008014 0.013671 0.022709 0.036730 0.057841 0.088670 0.132310 0.192151 0.271567 0.373471 0.499738 0.650574 0.823922 1.015033 1.216331 1.417674 1.607066 1.771770 1.899694 1.980857 2.008678 1.980857 1.899694 1.771770 1.607066 1.417674 1.216331 1.015033 0.823922 0.650574 0.499738 0.373471 0.271567 0.192151 0.132310 0.088670 0.057841 0.036730 0.022709 0.013671 0.008014 0.004576 0.002545 0.001379 0.000728 0.000375 0.000188 0.000092 0.000044 0.000020 0.000009 0.000004 0.000002 0.000001 0.000000 0.000000 0.000000 0.000000 0.000000 0.000000 0.000000 0.000000 0.000000 0.000000 0.000000 0.000000 0.000000 0.000000 0.000000 0.000000 
0.000000 0.000000 0.000000 0.000000 0.000000 0.000000 0.000000 0.000000 0.000000 0.000000 0.000000 0.000000 0.000000 0.000000 0.000000 0.000000 0.000001 0.000001 0.000003 0.000007 0.000016 0.000035 0.000076 0.000158 0.000324 0.000644 0.001250 0.002364 0.004355 0.007818 0.013671 0.023285 0.038627 0.062396 0.098137 0.150268 0.223981 0.324951 0.458822 0.630446 0.842924 1.096555 1.387842 1.708782 2.046648 2.384438 2.702058 2.978189 3.192609 3.328630 3.375252 3.328630 3.192609 2.978189 2.702058 2.384438 2.046648 1.708782 1.387842 1.096555 0.842924 0.630446 0.458822 0.324951 0.223981 0.150268 0.098137 0.062396 0.038627 0.023285 0.013671 0.007818 0.004355 0.002364 0.001250 0.000644 0.000324 0.000158 0.000076 0.000035 0.000016 0.000007 0.000003 0.000001 0.000001 0.000000 0.000000 0.000000 0.000000 0.000000 0.000000 0.000000 0.000000 0.000000 0.000000 0.000000 0.000000 0.000000 0.000000 0.000000 
0.000000 0.000000 0.000000 0.000000 0.000000 0.000000 0.000000 0.000000 0.000000 0.000000 0.000000 0.000000 0.000000 0.000000 0.000000 0.000000 0.000001 0.000002 0.000005 0.000012 0.000027 0.000059 0.000127 0.000266 0.000543 0.001079 0.002089 0.003944 0.007255 0.013005 0.022709 0.038627 0.063992 0.103242 0.162189 0.248073 0.369381 0.535381 0.755267 1.036920 1.385345 1.800955 2.277960 2.803223 3.355909 3.908230 4.427384 4.878593 5.228888 5.451072 5.527220 5.451072 5.228888 4.878593 4.427384 3.908230 3.355909 2.803223 2.277960 1.800955 1.385345 1.036920 0.755267 0.535381 0.369381 0.248073 0.162189 0.103242 0.063992 0.038627 0.022709 0.013005 0.007255 0.003944 0.002089 0.001079 0.000543 0.000266 0.000127 0.000059 0.000027 0.000012 0.000005 0.000002 0.000001 0.000000 0.000000 0.000000 0.000000 0.000000 0.000000 0.000000 0.000000 0.000000 0.000000 0.000000 0.000000 0.000000 0.000000 0.000000 
0.000000 0.000000 0.000000 0.000000 0.000000 0.000000 0.000000 0.000000 0.000000 0.000000 0.000000 0.000000 0.000000 0.000000 0.000000 0.000001 0.000001 0.000004 0.000009 0.000020 0.000044 0.000098 0.000209 0.000435 0.000886 0.001758 0.003399 0.006407 0.011768 0.021063 0.036730 0.062396 0.103242 0.166370 0.261071 0.398897 0.593377 0.859255 1.211131 1.661484 2.218188 2.881785 3.642944 4.480650 5.361670 6.241747 7.068691 7.787211 8.344917 8.698609 8.819820 8.698609 8.344917 7.787211 7.068691 6.241747 5.361670 4.480650 3.642944 2.881785 2.218188 1.661484 1.211131 0.859255 0.593377 0.398897 0.261071 0.166370 0.103242 0.062396 0.036730 0.021063 0.011768 0.006407 0.003399 0.001758 0.000886 0.000435 0.000209 0.000098 0.000044 0.000020 0.000009 0.000004 0.000001 0.000001 0.000000 0.000000 0.000000 0.000000 0.000000 0.000000 0.000000 0.000000 0.000000 0.000000 0.000000 0.000000 0.000000 0.000000 
0.000000 0.000000 0.000000 0.000000 0.000000 0.000000 0.000000 0.000000 0.000000 0.000000 0.000000 0.000000 0.000000 0.000000 0.000000 0.000001 0.000002 0.000006 0.000014 0.000032 0.000071 0.000156 0.000333 0.000693 0.001407 0.002787 0.005382 0.010130 0.018581 0.033212 0.057841 0.098137 0.162189 0.261071 0.409250 0.624686 0.928386 1.343213 1.891758 2.593281 3.459857 4.492161 5.675548 6.977272 8.345684 9.712101 10.995608 12.110540 12.975767 13.524416 13.712426 13.524416 12.975767 12.110540 10.995608 9.712101 8.345684 6.977272 5.675548 4.492161 3.459857 2.593281 1.891758 1.343213 0.928386 0.624686 0.409250 0.261071 0.162189 0.098137 0.057841 0.033212 0.018581 0.010130 0.005382 0.002787 0.001407 0.000693 0.000333 0.000156 0.000071 0.000032 0.000014 0.000006 0.000002 0.000001 0.000000 0.000000 0.000000 0.000000 0.000000 0.000000 0.000000 0.000000 0.000000 0.000000 0.000000 0.000000 0.000000 0.000000 
0.000000 0.000000 0.000000 0.000000 0.000000 0.000000 0.000000 0.000000 0.000000 0.000000 0.000000 0.000000 0.000000 0.000000 0.000001 0.000002 0.000004 0.000009 0.000021 0.000049 0.000111 0.000242 0.000516 0.001072 0.002175 0.004302 0.008294 0.015588 0.028555 0.050976 0.088670 0.150268 0.248073 0.398897 0.624686 0.952643 1.414551 2.044942 2.877888 3.942356 5.256396 6.820791 8.613166 10.583818 12.654547 14.721502 16.662448 18.348062 19.655919 20.485141 20.769281 20.485141 19.655919 18.348062 16.662448 14.721502 12.654547 10.583818 8.613166 6.820791 5.256396 3.942356 2.877888 2.044942 1.414551 0.952643 0.624686 0.398897 0.248073 0.150268 0.088670 0.050976 0.028555 0.015588 0.008294 0.004302 0.002175 0.001072 0.000516 0.000242 0.000111 0.000049 0.000021 0.000009 0.000004 0.000002 0.000001 0.000000 0.000000 0.000000 0.000000 0.000000 0.000000 0.000000 0.000000 0.000000 0.000000 0.000000 0.000000 0.000000 
0.000000 0.000000 0.000000 0.000000 0.000000 0.000000 0.000000 0.000000 0.000000 0.000000 0.000000 0.000000 0.000000 0.000000 0.000001 0.000002 0.000006 0.000014 0.000033 0.000075 0.000167 0.000365 0.000777 0.001615 0.003270 0.006459 0.012436 0.023344 0.042709 0.076151 0.132310 0.223981 0.369381 0.593377 0.928386 1.414551 2.098708 3.031679 4.263525 5.836700 7.777510 10.086778 12.731224 15.637374 18.689893 21.735803 24.595210 27.077893 29.003859 30.224843 30.643199 30.224843 29.003859 27.077893 24.595210 21.735803 18.689893 15.637374 12.731224 10.086778 7.777510 5.836700 4.263525 3.031679 2.098708 1.414551 0.928386 0.593377 0.369381 0.223981 0.132310 0.076151 0.042709 0.023344 0.012436 0.006459 0.003270 0.001615 0.000777 0.000365 0.000167 0.000075 0.000033 0.000014 0.000006 0.000002 0.000001 0.000000 0.000000 0.000000 0.000000 0.000000 0.000000 0.000000 0.000000 0.000000 0.000000 0.000000 0.000000 0.000000 
0.000000 0.000000 0.000000 0.000000 0.000000 0.000000 0.000000 0.000000 0.000000 0.000000 0.000000 0.000000 0.000000 0.000001 0.000001 0.000003 0.000009 0.000021 0.000048 0.000110 0.000246 0.000536 0.001140 0.002365 0.004783 0.009435 0.018144 0.034015 0.062160 0.110710 0.192151 0.324951 0.535381 0.859255 1.343213 2.044942 3.031679 4.376284 6.150413 8.414701 11.206504 14.526569 18.326710 22.501155 26.884215 31.256391 35.359762 38.921758 41.684571 43.435895 44.035933 43.435895 41.684571 38.921758 35.359762 31.256391 26.884215 22.501155 18.326710 14.526569 11.206504 8.414701 6.150413 4.376284 3.031679 2.044942 1.343213 0.859255 0.535381 0.324951 0.192151 0.110710 0.062160 0.034015 0.018144 0.009435 0.004783 0.002365 0.001140 0.000536 0.000246 0.000110 0.000048 0.000021 0.000009 0.000003 0.000001 0.000001 0.000000 0.000000 0.000000 0.000000 0.000000 0.000000 0.000000 0.000000 0.000000 0.000000 0.000000 0.000000 
0.000000 0.000000 0.000000 0.000000 0.000000 0.000000 0.000000 0.000000 0.000000 0.000000 0.000000 0.000000 0.000000 0.000001 0.000002 0.000005 0.000012 0.000029 0.000069 0.000158 0.000352 0.000766 0.001626 0.003369 0.006805 0.013406 0.025751 0.048223 0.088029 0.156622 0.271567 0.458822 0.755267 1.211131 1.891758 2.877888 4.263525 6.150413 8.638477 11.812081 15.722938 20.371520 25.689927 31.529883 37.659569 43.772226 49.507654 54.485400 58.345746 60.792544 61.630824 60.792544 58.345746 54.485400 49.507654 43.772226 37.659569 31.529883 25.689927 20.371520 15.722938 11.812081 8.638477 6.150413 4.263525 2.877888 1.891758 1.211131 0.755267 0.458822 0.271567 0.156622 0.088029 0.048223 0.025751 0.013406 0.006805 0.003369 0.001626 0.000766 0.000352 0.000158 0.000069 0.000029 0.000012 0.000005 0.000002 0.000001 0.000000 0.000000 0.000000 0.000000 0.000000 0.000000 0.000000 0.000000 0.000000 0.000000 0.000000 0.000000 
0.000000 0.000000 0.000000 0.000000 0.000000 0.000000 0.000000 0.000000 0.000000 0.000000 0.000000 0.000000 0.000000 0.000001 0.000003 0.000007 0.000017 0.000041 0.000096 0.000220 0.000489 0.001064 0.002256 0.004667 0.009416 0.018529 0.035552 0.066508 0.121287 0.215589 0.373471 0.630446 1.036920 1.661484 2.593281 3.942356 5.836700 8.414701 11.812081 16.143204 21.477831 27.815888 35.064254 43.020542 51.368901 59.691795 67.499284 74.274125 79.527438 82.856834 83.997443 82.856834 79.527438 74.274125 67.499284 59.691795 51.368901 43.020542 35.064254 27.815888 21.477831 16.143204 11.812081 8.414701 5.836700 3.942356 2.593281 1.661484 1.036920 0.630446 0.373471 0.215589 0.121287 0.066508 0.035552 0.018529 0.009416 0.004667 0.002256 0.001064 0.000489 0.000220 0.000096 0.000041 0.000017 0.000007 0.000003 0.000001 0.000000 0.000000 0.000000 0.000000 0.000000 0.000000 0.000000 0.000000 0.000000 0.000000 0.000000 0.000000 
0.000000 0.000000 0.000000 0.000000 0.000000 0.000000 0.000000 0.000000 0.000000 0.000000 0.000000 0.000000 0.000001 0.000001 0.000004 0.000010 0.000023 0.000056 0.000130 0.000297 0.000661 0.001436 0.003042 0.006286 0.012670 0.024906 0.047741 0.089226 0.162569 0.288718 0.499738 0.842924 1.385345 2.218188 3.459857 5.256396 7.777510 11.206504 15.722938 21.477831 28.562890 36.977148 46.596327 57.151470 68.223533 79.259068 89.609062 98.588628 105.550648 109.962606 111.474023 109.962606 105.550648 98.588628 89.609062 79.259068 68.223533 57.151470 46.596327 36.977148 28.562890 21.477831 15.722938 11.206504 7.777510 5.256396 3.459857 2.218188 1.385345 0.842924 0.499738 0.288718 0.162569 0.089226 0.047741 0.024906 0.012670 0.006286 0.003042 0.001436 0.000661 0.000297 0.000130 0.000056 0.000023 0.000010 0.000004 0.000001 0.000001 0.000000 0.000000 0.000000 0.000000 0.000000 0.000000 0.000000 0.000000 0.000000 0.000000 0.000000 
0.000000 0.000000 0.000000 0.000000 0.000000 0.000000 0.000000 0.000000 0.000000 0.000000 0.000000 0.000000 0.000001 0.000002 0.000005 0.000013 0.000031 0.000074 0.000172 0.000391 0.000869 0.001885 0.003988 0.008232 0.016578 0.032557 0.062352 0.116433 0.211965 0.376146 0.650574 1.096555 1.800955 2.881785 4.492161 6.820791 10.086778 14.526569 20.371520 27.815888 36.977148 47.853040 60.282157 73.916551 88.214898 102.462852 115.823184 127.412746 136.397324 142.090583 144.040866 142.090583 136.397324 127.412746 115.823184 102.462852 88.214898 73.916551 60.282157 47.853040 36.977148 27.815888 20.371520 14.526569 10.086778 6.820791 4.492161 2.881785 1.800955 1.096555 0.650574 0.376146 0.211965 0.116433 0.062352 0.032557 0.016578 0.008232 0.003988 0.001885 0.000869 0.000391 0.000172 0.000074 0.000031 0.000013 0.000005 0.000002 0.000001 0.000000 0.000000 0.000000 0.000000 0.000000 0.000000 0.000000 0.000000 0.000000 0.000000 0.000000 
0.000000 0.000000 0.000000 0.000000 0.000000 0.000000 0.000000 0.000000 0.000000 0.000000 0.000000 0.000000 0.000001 0.000003 0.000006 0.000016 0.000039 0.000094 0.000220 0.000500 0.001110 0.002404 0.005082 0.010482 0.021090 0.041385 0.079195 0.147770 0.268816 0.476694 0.823922 1.387842 2.277960 3.642944 5.675548 8.613166 12.731224 18.326710 25.689927 35.064254 46.596327 60.282157 75.917777 93.064994 111.042984 128.953983 145.746324 160.311047 171.600914 178.754482 181.204925 178.754482 171.600914 160.311047 145.746324 128.953983 111.042984 93.064994 75.917777 60.282157 46.596327 35.064254 25.689927 18.326710 12.731224 8.613166 5.675548 3.642944 2.277960 1.387842 0.823922 0.476694 0.268816 0.147770 0.079195 0.041385 0.021090 0.010482 0.005082 0.002404 0.001110 0.000500 0.000220 0.000094 0.000039 0.000016 0.000006 0.000003 0.000001 0.000000 0.000000 0.000000 0.000000 0.000000 0.000000 0.000000 0.000000 0.000000 0.000000 0.000000 
0.000000 0.000000 0.000000 0.000000 0.000000 0.000000 0.000000 0.000000 0.000000 0.000000 0.000000 0.000000 0.000001 0.000003 0.000008 0.000020 0.000049 0.000117 0.000273 0.000621 0.001377 0.002980 0.006296 0.012975 0.026086 0.051151 0.097814 0.182388 0.331573 0.587615 1.015033 1.708782 2.803223 4.480650 6.977272 10.583818 15.637374 22.501155 31.529883 43.020542 57.151470 73.916551 93.064994 114.059645 136.066883 157.988196 178.537312 196.358320 210.171061 218.922668 221.920427 218.922668 210.171061 196.358320 178.537312 157.988196 136.066883 114.059645 93.064994 73.916551 57.151470 43.020542 31.529883 22.501155 15.637374 10.583818 6.977272 4.480650 2.803223 1.708782 1.015033 0.587615 0.331573 0.182388 0.097814 0.051151 0.026086 0.012975 0.006296 0.002980 0.001377 0.000621 0.000273 0.000117 0.000049 0.000020 0.000008 0.000003 0.000001 0.000000 0.000000 0.000000 0.000000 0.000000 0.000000 0.000000 0.000000 0.000000 0.000000 0.000000 
