0.000000 0.000000 0.000000 0.000000 0.000000 0.000000 0.000000 0.000000 0.000000 0.000000 0.000000 0.000000 0.000000 0.000000 0.000000 0.000000 0.000000 0.000000 0.000000 0.000000 0.000000 0.000000 0.000000 0.000000 0.000000 0.000000 0.000000 0.000000 0.000000 0.000000 0.000000 0.000000 0.000000 0.000000 0.000000 0.000000 0.000000 0.000000 0.000000 0.000000 0.000000 0.000000 0.000000 0.000000 0.000000 0.000000 0.000000 0.000000 0.000000 0.000000 0.000000 0.000000 0.000000 0.000000 0.000000 0.000000 0.000000 0.000000 0.000000 0.000000 0.000000 0.000000 0.000000 0.000000 0.000000 0.000000 0.000000 0.000000 0.000000 0.000000 0.000000 0.000000 0.000000 0.000000 0.000000 0.000000 0.000000 0.000000 0.000000 0.000000 0.000000 0.000000 0.000000 0.000000 0.000000 0.000000 0.000000 0.000000 0.000000 0.000000 0.000000 0.000000 0.000000 0.000000 0.000000 0.000000 0.000000 0.000000 0.000000 0.000000 
0.000000 0.000000 0.000000 0.000000 0.000000 0.000000 0.000000 0.000000 0.000000 0.000000 0.000000 0.000000 0.000000 0.000000 0.000000 0.000000 0.000000 0.000000 0.000000 0.000000 0.000000 0.000000 0.000000 0.000000 0.000000 0.000000 0.000000 0.000000 0.000000 0.000000 0.000000 0.000000 0.000000 0.000000 0.000000 0.000000 0.000000 0.000000 0.000000 0.000000 0.000000 0.000000 0.000000 0.000000 0.000000 0.000000 0.000000 0.000000 0.000000 0.000000 0.000000 0.000000 0.000000 0.000000 0.000000 0.000000 0.000000 0.000000 0.000000 0.000000 0.000000 0.000000 0.000000 0.000000 0.000000 0.000000 0.000000 0.000000 0.000000 0.000000 0.000000 0.000000 0.000000 0.000000 0.000000 0.000000 0.000000 0.000000 0.000000 0.000000 0.000000 0.000000 0.000000 0.000000 0.000000 0.000000 0.000000 0.000000 0.000000 0.000000 0.000000 0.000000 0.000000 0.000000 0.000000 0.000000 0.000000 0.000000 0.000000 0.000000 
0.000000 0.000000 0.000000 0.000000 0.000000 0.000000 0.000000 0.000000 0.000000 0.000000 0.000000 0.000000 0.000000 0.000000 0.000000 0.000000 0.000000 0.000000 0.000000 0.000000 0.000000 0.000000 0.000000 0.000000 0.000000 0.000000 0.000000 0.000000 0.000000 0.000000 0.000000 0.000000 0.000000 0.000000 0.000000 0.000000 0.000000 0.000000 0.000000 0.000000 0.000000 0.000000 0.000000 0.000000 0.000000 0.000000 0.000000 0.000000 0.000000 0.000000 0.000000 0.000000 0.000000 0.000000 0.000000 0.000000 0.000000 0.000000 0.000000 0.000000 0.000000 0.000000 0.000000 0.000000 0.000000 0.000000 0.000000 0.000000 0.000000 0.000000 0.000000 0.000000 0.000000 0.000000 0.000000 0.000000 0.000000 0.000000 0.000000 0.000000 0.000000 0.000000 0.000000 0.000000 0.000000 0.000000 0.000000 0.000000 0.000000 0.000000 0.000000 0.000000 0.000000 0.000000 0.000000 0.000000 0.000000 0.000000 0.000000 0.000000 
0.000000 0.000000 0.000000 0.000000 0.000000 0.000000 0.000000 0.000000 0.000000 0.000000 0.000000 0.000000 0.000000 0.000000 0.000000 0.000000 0.000000 0.000000 0.000000 0.000000 0.000000 0.000000 0.000000 0.000000 0.000000 0.000000 0.000000 0.000000 0.000000 0.000000 0.000000 0.000000 0.000000 0.000000 0.000000 0.000000 0.000000 0.000000 0.000000 0.000000 0.000000 0.000000 0.000000 0.000000 0.000000 0.000000 0.000000 0.000000 0.000000 0.000000 0.000000 0.000000 0.000000 0.000000 0.000000 0.000000 0.000000 0.000000 0.000000 0.000000 0.000000 0.000000 0.000000 0.000000 0.000000 0.000000 0.000000 0.000000 0.000000 0.000000 0.000000 0.000000 0.000000 0.000000 0.000000 0.000000 0.000000 0.000000 0.000000 0.000000 0.000000 0.000000 0.000000 0.000000 0.000000 0.000000 0.000000 0.000000 0.000000 0.000000 0.000000 0.000000 0.000000 0.000000 0.000000 0.000000 0.000000 0.000000 0.000000 0.000000 
0.000000 0.000000 0.000000 0.000000 0.000000 0.000000 0.000000 0.000000 0.000000 0.000000 0.000000 0.000000 0.000000 0.000000 0.000000 0.000000 0.000000 0.000000 0.000000 0.000000 0.000000 0.000000 0.000000 0.000000 0.000000 0.000000 0.000000 0.000000 0.000000 0.000000 0.000000 0.000000 0.000000 0.000000 0.000000 0.000000 0.000000 0.000000 0.000000 0.000000 0.000000 0.000000 0.000000 0.000000 0.000000 0.000000 0.000000 0.000000 0.000000 0.000000 0.000000 0.000000 0.000000 0.000000 0.000000 0.000000 0.000000 0.000000 0.000000 0.000000 0.000000 0.000000 0.000000 0.000000 0.000000 0.000000 0.000000 0.000000 0.000000 0.000000 0.000000 0.000000 0.000000 0.000000 0.000000 0.000000 0.000000 0.000000 0.000000 0.000000 0.000000 0.000000 0.000000 0.000000 0.000000 0.000000 0.000000 0.000000 0.000000 0.000000 0.000000 0.000000 0.000000 0.000000 0.000000 0.000000 0.000000 0.000000 0.000000 0.000000 
0.000000 0.000000 0.000000 0.000000 0.000000 0.000000 0.000000 0.000000 0.000000 0.000000 0.000000 0.000000 0.000000 0.000000 0.000000 0.000000 0.000000 0.000000 0.000000 0.000000 0.000000 0.000000 0.000000 0.000000 0.000000 0.000000 0.000000 0.000000 0.000000 0.000000 0.000000 0.000000 0.000000 0.000000 0.000000 0.000000 0.000000 0.000000 0.000000 0.000000 0.000000 0.000000 0.000000 0.000000 0.000000 0.000000 0.000000 0.000000 0.000000 0.000000 0.000000 0.000000 0.000000 0.000000 0.000000 0.000000 0.000000 0.000000 0.000000 0.000000 0.000000 0.000000 0.000000 0.000000 0.000000 0.000000 0.000000 0.000000 0.000000 0.000000 0.000000 0.000000 0.000000 0.000000 0.000000 0.000000 0.000000 0.000000 0.000000 0.000000 0.000000 0.000000 0.000000 0.000000 0.000000 0.000000 0.000000 0.000000 0.000000 0.000000 0.000000 0.000000 0.000000 0.000000 0.000000 0.000000 0.000000 0.000000 0.000000 0.000000 
0.000000 0.000000 0.000000 0.000000 0.000000 0.000000 0.000000 0.000000 0.000000 0.000000 0.000000 0.000000 0.000000 0.000000 0.000000 0.000000 0.000000 0.000000 0.000000 0.000000 0.000000 0.000000 0.000000 0.000000 0.000000 0.000000 0.000000 0.000000 0.000000 0.000000 0.000000 0.000000 0.000000 0.000000 0.000000 0.000000 0.000000 0.000000 0.000000 0.000000 0.000000 0.000000 0.000000 0.000000 0.000000 0.000000 0.000000 0.000000 0.000000 0.000000 0.000000 0.000000 0.000000 0.000000 0.000000 0.000000 0.000000 0.000000 0.000000 0.000000 0.000000 0.000000 0.000000 0.000000 0.000000 0.000000 0.000000 0.000000 0.000000 0.000000 0.000000 0.000000 0.000000 0.000000 0.000000 0.000000 0.000000 0.000000 0.000000 0.000000 0.000000 0.000000 0.000000 0.000000 0.000000 0.000000 0.000000 0.000000 0.000000 0.000000 0.000000 0.000000 0.000000 0.000000 0.000000 0.000000 0.000000 0.000000 0.000000 0.000000 
0.000000 0.000000 0.000000 0.000000 0.000000 0.000000 0.000000 0.000000 0.000000 0.000000 0.000000 0.000000 0.000000 0.000000 0.000000 0.000000 0.000000 0.000000 0.000000 0.000000 0.000000 0.000000 0.000000 0.000000 0.000000 0.000000 0.000000 0.000000 0.000000 0.000000 0.000000 0.000000 0.000000 0.000000 0.000000 0.000000 0.000000 0.000000 0.000000 0.000000 0.000000 0.000000 0.000000 0.000000 0.000000 0.000001 0.000001 0.000001 0.000001 0.000001 0.000001 0.000001 0.000001 0.000001 0.000001 0.000001 0.000000 0.000000 0.000000 0.000000 0.000000 0.000000 0.000000 0.000000 0.000000 0.000000 0.000000 0.000000 0.000000 0.000000 0.000000 0.000000 0.000000 0.000000 0.000000 0.000000 0.000000 0.000000 0.000000 0.000000 0.000000 0.000000 0.000000 0.000000 0.000000 0.000000 0.000000 0.000000 0.000000 0.000000 0.000000 0.000000 0.000000 0.000000 0.000000 0.000000 0.000000 0.000000 0.000000 0.000000 
0.000000 0.000000 0.000000 0.000000 0.000000 0.000000 0.000000 0.000000 0.000000 0.000000 0.000000 0.000000 0.000000 0.000000 0.000000 0.000000 0.000000 0.000000 0.000000 0.000000 0.000000 0.000000 0.000000 0.000000 0.000000 0.000000 0.000000 0.000000 0.000000 0.000000 0.000000 0.000000 0.000000 0.000000 0.000000 0.000000 0.000000 0.000000 0.000000 0.000000 0.000001 0.000001 0.000001 0.000001 0.000001 0.000001 0.000002 0.000002 0.000002 0.000002 0.000002 0.000002 0.000002 0.000002 0.000002 0.000001 0.000001 0.000001 0.000001 0.000001 0.000001 0.000000 0.000000 0.000000 0.000000 0.000000 0.000000 0.000000 0.000000 0.000000 0.000000 0.000000 0.000000 0.000000 0.000000 0.000000 0.000000 0.000000 0.000000 0.000000 0.000000 0.000000 0.000000 0.000000 0.000000 0.000000 0.000000 0.000000 0.000000 0.000000 0.000000 0.000000 0.000000 0.000000 0.000000 0.000000 0.000000 0.000000 0.000000 0.000000 
0.000000 0.000000 0.000000 0.000000 0.000000 0.000000 0.000000 0.000000 0.000000 0.000000 0.000000 0.000000 0.000000 0.000000 0.000000 0.000000 0.000000 0.000000 0.000000 0.000000 0.000000 0.000000 0.000000 0.000000 0.000000 0.000000 0.000000 0.000000 0.000000 0.000000 0.000000 0.000000 0.000000 0.000000 0.000000 0.000000 0.000000 0.000001 0.000001 0.000001 0.000001 0.000002 0.000002 0.000002 0.000003 0.000003 0.000004 0.000004 0.000004 0.000004 0.000004 0.000004 0.000004 0.000004 0.000004 0.000003 0.000003 0.000002 0.000002 0.000002 0.000001 0.000001 0.000001 0.000001 0.000000 0.000000 0.000000 0.000000 0.000000 0.000000 0.000000 0.000000 0.000000 0.000000 0.000000 0.000000 0.000000 0.000000 0.000000 0.000000 0.000000 0.000000 0.000000 0.000000 0.000000 0.000000 0.000000 0.000000 0.000000 0.000000 0.000000 0.000000 0.000000 0.000000 0.000000 0.000000 0.000000 0.000000 0.000000 0.000000 
0.000000 0.000000 0.000000 0.000000 0.000000 0.000000 0.000000 0.000000 0.000000 0.000000 0.000000 0.000000 0.000000 0.000000 0.000000 0.000000 0.000000 0.000000 0.000000 0.000000 0.000000 0.000000 0.000000 0.000000 0.000000 0.000000 0.000000 0.000000 0.000000 0.000000 0.000000 0.000000 0.000000 0.000000 0.000001 0.000001 0.000001 0.000001 0.000002 0.000003 0.000003 0.000004 0.000005 0.000006 0.000007 0.000008 0.000009 0.000010 0.000010 0.000010 0.000011 0.000010 0.000010 0.000010 0.000009 0.000008 0.000007 0.000006 0.000005 0.000004 0.000003 0.000003 0.000002 0.000001 0.000001 0.000001 0.000001 0.000000 0.000000 0.000000 0.000000 0.000000 0.000000 0.000000 0.000000 0.000000 0.000000 0.000000 0.000000 0.000000 0.000000 0.000000 0.000000 0.000000 0.000000 0.000000 0.000000 0.000000 0.000000 0.000000 0.000000 0.000000 0.000000 0.000000 0.000000 0.000000 0.000000 0.000000 0.000000 0.000000 
0.000000 0.000000 0.000000 0.000000 0.000000 0.000000 0.000000 0.000000 0.000000 0.000000 0.000000 0.000000 0.000000 0.000000 0.000000 0.000000 0.000000 0.000000 0.000000 0.000000 0.000000 0.000000 0.000000 0.000000 0.000000 0.000000 0.000000 0.000000 0.000000 0.000000 0.000000 0.000000 0.000001 0.000001 0.000001 0.000002 0.000002 0.000003 0.000004 0.000006 0.000007 0.000009 0.000011 0.000014 0.000016 0.000018 0.000020 0.000022 0.000023 0.000024 0.000024 0.000024 0.000023 0.000022 0.000020 0.000018 0.000016 0.000014 0.000011 0.000009 0.000007 0.000006 0.000004 0.000003 0.000002 0.000002 0.000001 0.000001 0.000001 0.000000 0.000000 0.000000 0.000000 0.000000 0.000000 0.000000 0.000000 0.000000 0.000000 0.000000 0.000000 0.000000 0.000000 0.000000 0.000000 0.000000 0.000000 0.000000 0.000000 0.000000 0.000000 0.000000 0.000000 0.000000 0.000000 0.000000 0.000000 0.000000 0.000000 0.000000 
0.000000 0.000000 0.000000 0.000000 0.000000 0.000000 0.000000 0.000000 0.000000 0.000000 0.000000 0.000000 0.000000 0.000000 0.000000 0.000000 0.000000 0.000000 0.000000 0.000000 0.000000 0.000000 0.000000 0.000000 0.000000 0.000000 0.000000 0.000000 0.000000 0.000000 0.000000 0.000001 0.000001 0.000002 0.000003 0.000004 0.000005 0.000008 0.000010 0.000013 0.000017 0.000021 0.000026 0.000031 0.000036 0.000041 0.000046 0.000050 0.000053 0.000055 0.000055 0.000055 0.000053 0.000050 0.000046 0.000041 0.000036 0.000031 0.000026 0.000021 0.000017 0.000013 0.000010 0.000008 0.000005 0.000004 0.000003 0.000002 0.000001 0.000001 0.000000 0.000000 0.000000 0.000000 0.000000 0.000000 0.000000 0.000000 0.000000 0.000000 0.000000 0.000000 0.000000 0.000000 0.000000 0.000000 0.000000 0.000000 0.000000 0.000000 0.000000 0.000000 0.000000 0.000000 0.000000 0.000000 0.000000 0.000000 0.000000 0.000000 
0.000000 0.000000 0.000000 0.000000 0.000000 0.000000 0.000000 0.000000 0.000000 0.000000 0.000000 0.000000 0.000000 0.000000 0.000000 0.000000 0.000000 0.000000 0.000000 0.000000 0.000000 0.000000 0.000000 0.000000 0.000000 0.000000 0.000000 0.000000 0.000000 0.000001 0.000001 0.000002 0.000003 0.000004 0.000006 0.000009 0.000012 0.000017 0.000023 0.000030 0.000038 0.000047 0.000058 0.000069 0.000081 0.000092 0.000102 0.000111 0.000118 0.000122 0.000123 0.000122 0.000118 0.000111 0.000102 0.000092 0.000081 0.000069 0.000058 0.000047 0.000038 0.000030 0.000023 0.000017 0.000012 0.000009 0.000006 0.000004 0.000003 0.000002 0.000001 0.000001 0.000000 0.000000 0.000000 0.000000 0.000000 0.000000 0.000000 0.000000 0.000000 0.000000 0.000000 0.000000 0.000000 0.000000 0.000000 0.000000 0.000000 0.000000 0.000000 0.000000 0.000000 0.000000 0.000000 0.000000 0.000000 0.000000 0.000000 0.000000 
0.000000 0.000000 0.000000 0.000000 0.000000 0.000000 0.000000 0.000000 0.000000 0.000000 0.000000 0.000000 0.000000 0.000000 0.000000 0.000000 0.000000 0.000000 0.000000 0.000000 0.000000 0.000000 0.000000 0.000000 0.000000 0.000000 0.000000 0.000001 0.000001 0.000002 0.000002 0.000004 0.000006 0.000009 0.000013 0.000019 0.000027 0.000037 0.000049 0.000065 0.000083 0.000104 0.000126 0.000151 0.000176 0.000200 0.000222 0.000242 0.000256 0.000265 0.000269 0.000265 0.000256 0.000242 0.000222 0.000200 0.000176 0.000151 0.000126 0.000104 0.000083 0.000065 0.000049 0.000037 0.000027 0.000019 0.000013 0.000009 0.000006 0.000004 0.000002 0.000002 0.000001 0.000001 0.000000 0.000000 0.000000 0.000000 0.000000 0.000000 0.000000 0.000000 0.000000 0.000000 0.000000 0.000000 0.000000 0.000000 0.000000 0.000000 0.000000 0.000000 0.000000 0.000000 0.000000 0.000000 0.000000 0.000000 0.000000 0.000000 
0.000000 0.000000 0.000000 0.000000 0.000000 0.000000 0.000000 0.000000 0.000000 0.000000 0.000000 0.000000 0.000000 0.000000 0.000000 0.000000 0.000000 0.000000 0.000000 0.000000 0.000000 0.000000 0.000000 0.000000 0.000000 0.000000 0.000001 0.000001 0.000002 0.000003 0.000005 0.000008 0.000013 0.000020 0.000029 0.000041 0.000058 0.000079 0.000106 0.000139 0.000178 0.000222 0.000271 0.000323 0.000376 0.000428 0.000475 0.000516 0.000547 0.000567 0.000574 0.000567 0.000547 0.000516 0.000475 0.000428 0.000376 0.000323 0.000271 0.000222 0.000178 0.000139 0.000106 0.000079 0.000058 0.000041 0.000029 0.000020 0.000013 0.000008 0.000005 0.000003 0.000002 0.000001 0.000001 0.000000 0.000000 0.000000 0.000000 0.000000 0.000000 0.000000 0.000000 0.000000 0.000000 0.000000 0.000000 0.000000 0.000000 0.000000 0.000000 0.000000 0.000000 0.000000 0.000000 0.000000 0.000000 0.000000 0.000000 0.000000 
0.000000 0.000000 0.000000 0.000000 0.000000 0.000000 0.000000 0.000000 0.000000 0.000000 0.000000 0.000000 0.000000 0.000000 0.000000 0.000000 0.000000 0.000000 0.000000 0.000000 0.000000 0.000000 0.000000 0.000000 0.000000 0.000001 0.000002 0.000003 0.000004 0.000007 0.000011 0.000018 0.000028 0.000041 0.000061 0.000087 0.000122 0.000167 0.000223 0.000292 0.000373 0.000466 0.000568 0.000677 0.000788 0.000896 0.000996 0.001081 0.001146 0.001187 0.001201 0.001187 0.001146 0.001081 0.000996 0.000896 0.000788 0.000677 0.000568 0.000466 0.000373 0.000292 0.000223 0.000167 0.000122 0.000087 0.000061 0.000041 0.000028 0.000018 0.000011 0.000007 0.000004 0.000003 0.000002 0.000001 0.000000 0.000000 0.000000 0.000000 0.000000 0.000000 0.000000 0.000000 0.000000 0.000000 0.000000 0.000000 0.000000 0.000000 0.000000 0.000000 0.000000 0.000000 0.000000 0.000000 0.000000 0.000000 0.000000 0.000000 
0.000000 0.000000 0.000000 0.000000 0.000000 0.000000 0.000000 0.000000 0.000000 0.000000 0.000000 0.000000 0.000000 0.000000 0.000000 0.000000 0.000000 0.000000 0.000000 0.000000 0.000000 0.000000 0.000000 0.000001 0.000001 0.000002 0.000003 0.000005 0.000009 0.000015 0.000024 0.000037 0.000057 0.000086 0.000126 0.000180 0.000252 0.000345 0.000461 0.000602 0.000768 0.000958 0.001168 0.001391 0.001618 0.001840 0.002043 0.002217 0.002350 0.002434 0.002463 0.002434 0.002350 0.002217 0.002043 0.001840 0.001618 0.001391 0.001168 0.000958 0.000768 0.000602 0.000461 0.000345 0.000252 0.000180 0.000126 0.000086 0.000057 0.000037 0.000024 0.000015 0.000009 0.000005 0.000003 0.000002 0.000001 0.000001 0.000000 0.000000 0.000000 0.000000 0.000000 0.000000 0.000000 0.000000 0.000000 0.000000 0.000000 0.000000 0.000000 0.000000 0.000000 0.000000 0.000000 0.000000 0.000000 0.000000 0.000000 0.000000 
0.000000 0.000000 0.000000 0.000000 0.000000 0.000000 0.000000 0.000000 0.000000 0.000000 0.000000 0.000000 0.000000 0.000000 0.000000 0.000000 0.000000 0.000000 0.000000 0.000000 0.000000 0.000000 0.000001 0.000001 0.000002 0.000004 0.000006 0.000011 0.000019 0.000030 0.000049 0.000076 0.000116 0.000174 0.000255 0.000365 0.000510 0.000697 0.000930 0.001215 0.001549 0.001931 0.002353 0.002800 0.003257 0.003701 0.004110 0.004459 0.004726 0.004893 0.004951 0.004893 0.004726 0.004459 0.004110 0.003701 0.003257 0.002800 0.002353 0.001931 0.001549 0.001215 0.000930 0.000697 0.000510 0.000365 0.000255 0.000174 0.000116 0.000076 0.000049 0.000030 0.000019 0.000011 0.000006 0.000004 0.000002 0.000001 0.000001 0.000000 0.000000 0.000000 0.000000 0.000000 0.000000 0.000000 0.000000 0.000000 0.000000 0.000000 0.000000 0.000000 0.000000 0.000000 0.000000 0.000000 0.000000 0.000000 0.000000 0.000000 
0.000000 0.000000 0.000000 0.000000 0.000000 0.000000 0.000000 0.000000 0.000000 0.000000 0.000000 0.000000 0.000000 0.000000 0.000000 0.000000 0.000000 0.000000 0.000000 0.000000 0.000000 0.000001 0.000001 0.000002 0.000004 0.000007 0.000013 0.000022 0.000037 0.000061 0.000097 0.000152 0.000232 0.000347 0.000507 0.000724 0.001011 0.001380 0.001842 0.002402 0.003062 0.003815 0.004644 0.005525 0.006423 0.007297 0.008100 0.008785 0.009309 0.009639 0.009752 0.009639 0.009309 0.008785 0.008100 0.007297 0.006423 0.005525 0.004644 0.003815 0.003062 0.002402 0.001842 0.001380 0.001011 0.000724 0.000507 0.000347 0.000232 0.000152 0.000097 0.000061 0.000037 0.000022 0.000013 0.000007 0.000004 0.000002 0.000001 0.000001 0.000000 0.000000 0.000000 0.000000 0.000000 0.000000 0.000000 0.000000 0.000000 0.000000 0.000000 0.000000 0.000000 0.000000 0.000000 0.000000 0.000000 0.000000 0.000000 0.000000 
0.000000 0.000000 0.000000 0.000000 0.000000 0.000000 0.000000 0.000000 0.000000 0.000000 0.000000 0.000000 0.000000 0.000000 0.000000 0.000000 0.000000 0.000000 0.000000 0.000000 0.000001 0.000001 0.000002 0.000005 0.000008 0.000015 0.000026 0.000044 0.000073 0.000119 0.000190 0.000296 0.000452 0.000675 0.000986 0.001407 0.001963 0.002678 0.003571 0.004654 0.005928 0.007381 0.008981 0.010680 0.012411 0.014094 0.015640 0.016959 0.017969 0.018604 0.018820 0.018604 0.017969 0.016959 0.015640 0.014094 0.012411 0.010680 0.008981 0.007381 0.005928 0.004654 0.003571 0.002678 0.001963 0.001407 0.000986 0.000675 0.000452 0.000296 0.000190 0.000119 0.000073 0.000044 0.000026 0.000015 0.000008 0.000005 0.000002 0.000001 0.000001 0.000000 0.000000 0.000000 0.000000 0.000000 0.000000 0.000000 0.000000 0.000000 0.000000 0.000000 0.000000 0.000000 0.000000 0.000000 0.000000 0.000000 0.000000 0.000000 
0.000000 0.000000 0.000000 0.000000 0.000000 0.000000 0.000000 0.000000 0.000000 0.000000 0.000000 0.000000 0.000000 0.000000 0.000000 0.000000 0.000000 0.000000 0.000000 0.000001 0.000001 0.000002 0.000005 0.000009 0.000016 0.000028 0.000049 0.000084 0.000140 0.000228 0.000363 0.000566 0.000864 0.001288 0.001878 0.002679 0.003734 0.005090 0.006782 0.008832 0.011244 0.013991 0.017016 0.020224 0.023493 0.026669 0.029586 0.032074 0.033979 0.035176 0.035584 0.035176 0.033979 0.032074 0.029586 0.026669 0.023493 0.020224 0.017016 0.013991 0.011244 0.008832 0.006782 0.005090 0.003734 0.002679 0.001878 0.001288 0.000864 0.000566 0.000363 0.000228 0.000140 0.000084 0.000049 0.000028 0.000016 0.000009 0.000005 0.000002 0.000001 0.000001 0.000000 0.000000 0.000000 0.000000 0.000000 0.000000 0.000000 0.000000 0.000000 0.000000 0.000000 0.000000 0.000000 0.000000 0.000000 0.000000 0.000000 0.000000 
0.000000 0.000000 0.000000 0.000000 0.000000 0.000000 0.000000 0.000000 0.000000 0.000000 0.000000 0.000000 0.000000 0.000000 0.000000 0.000000 0.000000 0.000000 0.000001 0.000001 0.000002 0.000005 0.000009 0.000017 0.000030 0.000053 0.000093 0.000158 0.000262 0.000427 0.000681 0.001060 0.001615 0.002406 0.003506 0.004995 0.006958 0.009475 0.012615 0.016419 0.020889 0.025978 0.031577 0.037515 0.043560 0.049433 0.054825 0.059423 0.062942 0.065153 0.065908 0.065153 0.062942 0.059423 0.054825 0.049433 0.043560 0.037515 0.031577 0.025978 0.020889 0.016419 0.012615 0.009475 0.006958 0.004995 0.003506 0.002406 0.001615 0.001060 0.000681 0.000427 0.000262 0.000158 0.000093 0.000053 0.000030 0.000017 0.000009 0.000005 0.000002 0.000001 0.000001 0.000000 0.000000 0.000000 0.000000 0.000000 0.000000 0.000000 0.000000 0.000000 0.000000 0.000000 0.000000 0.000000 0.000000 0.000000 0.000000 0.000000 
0.000000 0.000000 0.000000 0.000000 0.000000 0.000000 0.000000 0.000000 0.000000 0.000000 0.000000 0.000000 0.000000 0.000000 0.000000 0.000000 0.000000 0.000001 0.000001 0.000002 0.000005 0.000009 0.000017 0.000031 0.000055 0.000098 0.000171 0.000290 0.000483 0.000785 0.001249 0.001943 0.002958 0.004403 0.006408 0.009122 0.012695 0.017275 0.022983 0.029893 0.038009 0.047242 0.057395 0.068159 0.079112 0.089750 0.099512 0.107836 0.114206 0.118208 0.119573 0.118208 0.114206 0.107836 0.099512 0.089750 0.079112 0.068159 0.057395 0.047242 0.038009 0.029893 0.022983 0.017275 0.012695 0.009122 0.006408 0.004403 0.002958 0.001943 0.001249 0.000785 0.000483 0.000290 0.000171 0.000098 0.000055 0.000031 0.000017 0.000009 0.000005 0.000002 0.000001 0.000001 0.000000 0.000000 0.000000 0.000000 0.000000 0.000000 0.000000 0.000000 0.000000 0.000000 0.000000 0.000000 0.000000 0.000000 0.000000 0.000000 
0.000000 0.000000 0.000000 0.000000 0.000000 0.000000 0.000000 0.000000 0.000000 0.000000 0.000000 0.000000 0.000000 0.000000 0.000000 0.000000 0.000000 0.000001 0.000002 0.000004 0.000008 0.000016 0.000030 0.000055 0.000100 0.000178 0.000309 0.000524 0.000870 0.001412 0.002244 0.003488 0.005304 0.007887 0.011469 0.016311 0.022683 0.030843 0.041006 0.053300 0.067730 0.084137 0.102172 0.121281 0.140720 0.159592 0.176907 0.191666 0.202959 0.210053 0.212473 0.210053 0.202959 0.191666 0.176907 0.159592 0.140720 0.121281 0.102172 0.084137 0.067730 0.053300 0.041006 0.030843 0.022683 0.016311 0.011469 0.007887 0.005304 0.003488 0.002244 0.001412 0.000870 0.000524 0.000309 0.000178 0.000100 0.000055 0.000030 0.000016 0.000008 0.000004 0.000002 0.000001 0.000000 0.000000 0.000000 0.000000 0.000000 0.000000 0.000000 0.000000 0.000000 0.000000 0.000000 0.000000 0.000000 0.000000 0.000000 0.000000 
0.000000 0.000000 0.000000 0.000000 0.000000 0.000000 0.000000 0.000000 0.000000 0.000000 0.000000 0.000000 0.000000 0.000000 0.000000 0.000000 0.000001 0.000002 0.000004 0.000007 0.000015 0.000028 0.000053 0.000098 0.000178 0.000315 0.000546 0.000924 0.001533 0.002487 0.003948 0.006130 0.009311 0.013832 0.020098 0.028558 0.039684 0.053921 0.071639 0.093059 0.118186 0.146741 0.178113 0.211339 0.245127 0.277917 0.307994 0.333627 0.353236 0.365552 0.369753 0.365552 0.353236 0.333627 0.307994 0.277917 0.245127 0.211339 0.178113 0.146741 0.118186 0.093059 0.071639 0.053921 0.039684 0.028558 0.020098 0.013832 0.009311 0.006130 0.003948 0.002487 0.001533 0.000924 0.000546 0.000315 0.000178 0.000098 0.000053 0.000028 0.000015 0.000007 0.000004 0.000002 0.000001 0.000000 0.000000 0.000000 0.000000 0.000000 0.000000 0.000000 0.000000 0.000000 0.000000 0.000000 0.000000 0.000000 0.000000 0.000000 
0.000000 0.000000 0.000000 0.000000 0.000000 0.000000 0.000000 0.000000 0.000000 0.000000 0.000000 0.000000 0.000000 0.000000 0.000000 0.000001 0.000002 0.000003 0.000006 0.000013 0.000026 0.000049 0.000093 0.000171 0.000309 0.000546 0.000944 0.001597 0.002645 0.004287 0.006798 0.010545 0.016001 0.023750 0.034479 0.048954 0.067973 0.092296 0.122543 0.159089 0.201935 0.250600 0.304041 0.360617 0.418129 0.473925 0.525090 0.568686 0.602033 0.622975 0.630117 0.622975 0.602033 0.568686 0.525090 0.473925 0.418129 0.360617 0.304041 0.250600 0.201935 0.159089 0.122543 0.092296 0.067973 0.048954 0.034479 0.023750 0.016001 0.010545 0.006798 0.004287 0.002645 0.001597 0.000944 0.000546 0.000309 0.000171 0.000093 0.000049 0.000026 0.000013 0.000006 0.000003 0.000002 0.000001 0.000000 0.000000 0.000000 0.000000 0.000000 0.000000 0.000000 0.000000 0.000000 0.000000 0.000000 0.000000 0.000000 0.000000 
0.000000 0.000000 0.000000 0.000000 0.000000 0.000000 0.000000 0.000000 0.000000 0.000000 0.000000 0.000000 0.000000 0.000000 0.000001 0.000001 0.000003 0.000005 0.000011 0.000022 0.000044 0.000084 0.000158 0.000290 0.000524 0.000924 0.001597 0.002700 0.004468 0.007233 0.011457 0.017755 0.026918 0.039918 0.057904 0.082150 0.113984 0.154666 0.205226 0.266277 0.337812 0.419024 0.508165 0.602498 0.698357 0.791328 0.876561 0.949173 1.004704 1.039575 1.051466 1.039575 1.004704 0.949173 0.876561 0.791328 0.698357 0.602498 0.508165 0.419024 0.337812 0.266277 0.205226 0.154666 0.113984 0.082150 0.057904 0.039918 0.026918 0.017755 0.011457 0.007233 0.004468 0.002700 0.001597 0.000924 0.000524 0.000290 0.000158 0.000084 0.000044 0.000022 0.000011 0.000005 0.000003 0.000001 0.000001 0.000000 0.000000 0.000000 0.000000 0.000000 0.000000 0.000000 0.000000 0.000000 0.000000 0.000000 0.000000 0.000000 
0.000000 0.000000 0.000000 0.000000 0.000000 0.000000 0.000000 0.000000 0.000000 0.000000 0.000000 0.000000 0.000000 0.000000 0.000001 0.000002 0.000004 0.000009 0.000019 0.000037 0.000073 0.000140 0.000262 0.000483 0.000870 0.001533 0.002645 0.004468 0.007384 0.011942 0.018899 0.029260 0.044321 0.065672 0.095186 0.134944 0.187107 0.253724 0.336464 0.436316 0.553254 0.685945 0.831529 0.985535 1.141978 1.293665 1.432693 1.551110 1.641659 1.698515 1.717902 1.698515 1.641659 1.551110 1.432693 1.293665 1.141978 0.985535 0.831529 0.685945 0.553254 0.436316 0.336464 0.253724 0.187107 0.134944 0.095186 0.065672 0.044321 0.029260 0.018899 0.011942 0.007384 0.004468 0.002645 0.001533 0.000870 0.000483 0.000262 0.000140 0.000073 0.000037 0.000019 0.000009 0.000004 0.000002 0.000001 0.000000 0.000000 0.000000 0.000000 0.000000 0.000000 0.000000 0.000000 0.000000 0.000000 0.000000 0.000000 0.000000 
0.000000 0.000000 0.000000 0.000000 0.000000 0.000000 0.000000 0.000000 0.000000 0.000000 0.000000 0.000000 0.000000 0.000001 0.000002 0.000003 0.000007 0.000015 0.000030 0.000061 0.000119 0.000228 0.000427 0.000785 0.001412 0.002487 0.004287 0.007233 0.011942 0.019296 0.030507 0.047191 0.071421 0.105744 0.153152 0.216967 0.300638 0.407424 0.539978 0.699855 0.886998 1.099254 1.332036 1.578194 1.828168 2.070475 2.292509 2.481592 2.626156 2.716919 2.747868 2.716919 2.626156 2.481592 2.292509 2.070475 1.828168 1.578194 1.332036 1.099254 0.886998 0.699855 0.539978 0.407424 0.300638 0.216967 0.153152 0.105744 0.071421 0.047191 0.030507 0.019296 0.011942 0.007233 0.004287 0.002487 0.001412 0.000785 0.000427 0.000228 0.000119 0.000061 0.000030 0.000015 0.000007 0.000003 0.000002 0.000001 0.000000 0.000000 0.000000 0.000000 0.000000 0.000000 0.000000 0.000000 0.000000 0.000000 0.000000 0.000000 
0.000000 0.000000 0.000000 0.000000 0.000000 0.000000 0.000000 0.000000 0.000000 0.000000 0.000000 0.000000 0.000000 0.000001 0.000002 0.000005 0.000011 0.000024 0.000049 0.000097 0.000190 0.000363 0.000681 0.001249 0.002244 0.003948 0.006798 0.011457 0.018899 0.030507 0.048189 0.074481 0.112632 0.166634 0.241166 0.341425 0.472792 0.640349 0.848219 1.098808 1.391990 1.724369 2.088749 2.473929 2.864960 3.243898 3.591056 3.886640 4.112602 4.254456 4.302824 4.254456 4.112602 3.886640 3.591056 3.243898 2.864960 2.473929 2.088749 1.724369 1.391990 1.098808 0.848219 0.640349 0.472792 0.341425 0.241166 0.166634 0.112632 0.074481 0.048189 0.030507 0.018899 0.011457 0.006798 0.003948 0.002244 0.001249 0.000681 0.000363 0.000190 0.000097 0.000049 0.000024 0.000011 0.000005 0.000002 0.000001 0.000000 0.000000 0.000000 0.000000 0.000000 0.000000 0.000000 0.000000 0.000000 0.000000 0.000000 0.000000 
0.000000 0.000000 0.000000 0.000000 0.000000 0.000000 0.000000 0.000000 0.000000 0.000000 0.000000 0.000000 0.000001 0.000002 0.000004 0.000008 0.000018 0.000037 0.000076 0.000152 0.000296 0.000566 0.001060 0.001943 0.003488 0.006130 0.010545 0.017755 0.029260 0.047191 0.074481 0.115026 0.173813 0.256961 0.371641 0.525802 0.727673 0.985004 1.304077 1.688529 2.138119 2.647607 3.205936 3.795940 4.394731 4.974857 5.506218 5.958565 6.304322 6.521364 6.595364 6.521364 6.304322 5.958565 5.506218 4.974857 4.394731 3.795940 3.205936 2.647607 2.138119 1.688529 1.304077 0.985004 0.727673 0.525802 0.371641 0.256961 0.173813 0.115026 0.074481 0.047191 0.029260 0.017755 0.010545 0.006130 0.003488 0.001943 0.001060 0.000566 0.000296 0.000152 0.000076 0.000037 0.000018 0.000008 0.000004 0.000002 0.000001 0.000000 0.000000 0.000000 0.000000 0.000000 0.000000 0.000000 0.000000 0.000000 0.000000 0.000000 
0.000000 0.000000 0.000000 0.000000 0.000000 0.000000 0.000000 0.000000 0.000000 0.000000 0.000000 0.000001 0.000001 0.000003 0.000006 0.000013 0.000028 0.000057 0.000116 0.000232 0.000452 0.000864 0.001615 0.002958 0.005304 0.009311 0.016001 0.026918 0.044321 0.071421 0.112632 0.173813 0.262452 0.387736 0.560415 0.792398 1.095995 1.482786 1.962134 2.539427 3.214239 3.978650 4.816040 5.700656 6.598195 7.467551 8.263671 8.941299 9.459189 9.784259 9.895087 9.784259 9.459189 8.941299 8.263671 7.467551 6.598195 5.700656 4.816040 3.978650 3.214239 2.539427 1.962134 1.482786 1.095995 0.792398 0.560415 0.387736 0.262452 0.173813 0.112632 0.071421 0.044321 0.026918 0.016001 0.009311 0.005304 0.002958 0.001615 0.000864 0.000452 0.000232 0.000116 0.000057 0.000028 0.000013 0.000006 0.000003 0.000001 0.000001 0.000000 0.000000 0.000000 0.000000 0.000000 0.000000 0.000000 0.000000 0.000000 0.000000 
0.000000 0.000000 0.000000 0.000000 0.000000 0.000000 0.000000 0.000000 0.000000 0.000000 0.000000 0.000001 0.000002 0.000004 0.000009 0.000020 0.000041 0.000086 0.000174 0.000347 0.000675 0.001288 0.002406 0.004403 0.007887 0.013832 0.023750 0.039918 0.065672 0.105744 0.166634 0.256961 0.387736 0.572452 0.826886 1.168497 1.615314 2.184273 2.889039 3.737428 4.728720 5.851210 7.080451 8.378624 9.695415 10.970570 12.138082 13.131676 13.890964 14.367517 14.529986 14.367517 13.890964 13.131676 12.138082 10.970570 9.695415 8.378624 7.080451 5.851210 4.728720 3.737428 2.889039 2.184273 1.615314 1.168497 0.826886 0.572452 0.387736 0.256961 0.166634 0.105744 0.065672 0.039918 0.023750 0.013832 0.007887 0.004403 0.002406 0.001288 0.000675 0.000347 0.000174 0.000086 0.000041 0.000020 0.000009 0.000004 0.000002 0.000001 0.000000 0.000000 0.000000 0.000000 0.000000 0.000000 0.000000 0.000000 0.000000 0.000000 
0.000000 0.000000 0.000000 0.000000 0.000000 0.000000 0.000000 0.000000 0.000000 0.000000 0.000001 0.000001 0.000003 0.000006 0.000013 0.000029 0.000061 0.000126 0.000255 0.000507 0.000986 0.001878 0.003506 0.006408 0.011469 0.020098 0.034479 0.057904 0.095186 0.153152 0.241166 0.371641 0.560415 0.826886 1.193714 1.685949 2.329437 3.148427 4.162436 5.382570 6.807669 8.420809 10.186795 12.051283 13.942039 15.772619 17.448373 18.874293 19.963842 20.647629 20.880739 20.647629 19.963842 18.874293 17.448373 15.772619 13.942039 12.051283 10.186795 8.420809 6.807669 5.382570 4.162436 3.148427 2.329437 1.685949 1.193714 0.826886 0.560415 0.371641 0.241166 0.153152 0.095186 0.057904 0.034479 0.020098 0.011469 0.006408 0.003506 0.001878 0.000986 0.000507 0.000255 0.000126 0.000061 0.000029 0.000013 0.000006 0.000003 0.000001 0.000001 0.000000 0.000000 0.000000 0.000000 0.000000 0.000000 0.000000 0.000000 0.000000 
0.000000 0.000000 0.000000 0.000000 0.000000 0.000000 0.000000 0.000000 0.000000 0.000000 0.000001 0.000002 0.000004 0.000009 0.000019 0.000041 0.000087 0.000180 0.000365 0.000724 0.001407 0.002679 0.004995 0.009122 0.016311 0.028558 0.048954 0.082150 0.134944 0.216967 0.341425 0.525802 0.792398 1.168497 1.685949 2.379935 3.286716 4.440272 5.867897 7.585040 9.589901 11.858546 14.341400 16.962039 19.618977 22.190836 24.544779 26.547511 28.077648 29.037879 29.365221 29.037879 28.077648 26.547511 24.544779 22.190836 19.618977 16.962039 14.341400 11.858546 9.589901 7.585040 5.867897 4.440272 3.286716 2.379935 1.685949 1.168497 0.792398 0.525802 0.341425 0.216967 0.134944 0.082150 0.048954 0.028558 0.016311 0.009122 0.004995 0.002679 0.001407 0.000724 0.000365 0.000180 0.000087 0.000041 0.000019 0.000009 0.000004 0.000002 0.000001 0.000000 0.000000 0.000000 0.000000 0.000000 0.000000 0.000000 0.000000 0.000000 
0.000000 0.000000 0.000000 0.000000 0.000000 0.000000 0.000000 0.000000 0.000000 0.000000 0.000001 0.000002 0.000005 0.000012 0.000027 0.000058 0.000122 0.000252 0.000510 0.001011 0.001963 0.003734 0.006958 0.012695 0.022683 0.039684 0.067973 0.113984 0.187107 0.300638 0.472792 0.727673 1.095995 1.615314 2.329437 3.286716 4.536940 6.126712 8.093396 10.458031 13.217929 16.339974 19.755846 23.360376 27.014031 30.550026 33.785904 36.538639 38.641599 39.961218 40.411062 39.961218 38.641599 36.538639 33.785904 30.550026 27.014031 23.360376 19.755846 16.339974 13.217929 10.458031 8.093396 6.126712 4.536940 3.286716 2.329437 1.615314 1.095995 0.727673 0.472792 0.300638 0.187107 0.113984 0.067973 0.039684 0.022683 0.012695 0.006958 0.003734 0.001963 0.001011 0.000510 0.000252 0.000122 0.000058 0.000027 0.000012 0.000005 0.000002 0.000001 0.000000 0.000000 0.000000 0.000000 0.000000 0.000000 0.000000 0.000000 0.000000 
0.000000 0.000000 0.000000 0.000000 0.000000 0.000000 0.000000 0.000000 0.000000 0.000001 0.000001 0.000003 0.000008 0.000017 0.000037 0.000079 0.000167 0.000345 0.000697 0.001380 0.002678 0.005090 0.009475 0.017275 0.030843 0.053921 0.092296 0.154666 0.253724 0.407424 0.640349 0.985004 1.482786 2.184273 3.148427 4.440272 6.126712 8.270301 10.921102 14.107172 17.824621 22.028639 26.627105 31.478410 36.394825 41.152079 45.504925 49.207422 52.035707 53.810368 54.415312 53.810368 52.035707 49.207422 45.504925 41.152079 36.394825 31.478410 26.627105 22.028639 17.824621 14.107172 10.921102 8.270301 6.126712 4.440272 3.148427 2.184273 1.482786 0.985004 0.640349 0.407424 0.253724 0.154666 0.092296 0.053921 0.030843 0.017275 0.009475 0.005090 0.002678 0.001380 0.000697 0.000345 0.000167 0.000079 0.000037 0.000017 0.000008 0.000003 0.000001 0.000001 0.000000 0.000000 0.000000 0.000000 0.000000 0.000000 0.000000 0.000000 
0.000000 0.000000 0.000000 0.000000 0.000000 0.000000 0.000000 0.000000 0.000000 0.000001 0.000002 0.000004 0.000010 0.000023 0.000049 0.000106 0.000223 0.000461 0.000930 0.001842 0.003571 0.006782 0.012615 0.022983 0.041006 0.071639 0.122543 0.205226 0.336464 0.539978 0.848219 1.304077 1.962134 2.889039 4.162436 5.867897 8.093396 10.921102 14.416673 18.616735 23.515836 29.054673 35.111724 41.500427 47.973646 54.236285 59.965769 64.838693 68.560748 70.896095 71.692144 70.896095 68.560748 64.838693 59.965769 54.236285 47.973646 41.500427 35.111724 29.054673 23.515836 18.616735 14.416673 10.921102 8.093396 5.867897 4.162436 2.889039 1.962134 1.304077 0.848219 0.539978 0.336464 0.205226 0.122543 0.071639 0.041006 0.022983 0.012615 0.006782 0.003571 0.001842 0.000930 0.000461 0.000223 0.000106 0.000049 0.000023 0.000010 0.000004 0.000002 0.000001 0.000000 0.000000 0.000000 0.000000 0.000000 0.000000 0.000000 0.000000 
0.000000 0.000000 0.000000 0.000000 0.000000 0.000000 0.000000 0.000000 0.000000 0.000001 0.000003 0.000006 0.000013 0.000030 0.000065 0.000139 0.000292 0.000602 0.001215 0.002402 0.004654 0.008832 0.016419 0.029893 0.053300 0.093059 0.159089 0.266277 0.436316 0.699855 1.098808 1.688529 2.539427 3.737428 5.382570 7.585040 10.458031 14.107172 18.616735 24.033531 30.350147 37.489823 45.295737 53.527420 61.866540 69.933173 77.312149 83.587339 88.380117 91.387123 92.412095 91.387123 88.380117 83.587339 77.312149 69.933173 61.866540 53.527420 45.295737 37.489823 30.350147 24.033531 18.616735 14.107172 10.458031 7.585040 5.382570 3.737428 2.539427 1.688529 1.098808 0.699855 0.436316 0.266277 0.159089 0.093059 0.053300 0.029893 0.016419 0.008832 0.004654 0.002402 0.001215 0.000602 0.000292 0.000139 0.000065 0.000030 0.000013 0.000006 0.000003 0.000001 0.000000 0.000000 0.000000 0.000000 0.000000 0.000000 0.000000 0.000000 
0.000000 0.000000 0.000000 0.000000 0.000000 0.000000 0.000000 0.000000 0.000001 0.000001 0.000003 0.000007 0.000017 0.000038 0.000083 0.000178 0.000373 0.000768 0.001549 0.003062 0.005928 0.011244 0.020889 0.038009 0.067730 0.118186 0.201935 0.337812 0.553254 0.886998 1.391990 2.138119 3.214239 4.728720 6.807669 9.589901 13.217929 17.824621 23.515836 30.350147 38.317757 47.321505 57.163419 67.540261 78.050861 88.216624 97.514724 105.421242 111.459559 115.247847 116.539098 115.247847 111.459559 105.421242 97.514724 88.216624 78.050861 67.540261 57.163419 47.321505 38.317757 30.350147 23.515836 17.824621 13.217929 9.589901 6.807669 4.728720 3.214239 2.138119 1.391990 0.886998 0.553254 0.337812 0.201935 0.118186 0.067730 0.038009 0.020889 0.011244 0.005928 0.003062 0.001549 0.000768 0.000373 0.000178 0.000083 0.000038 0.000017 0.000007 0.000003 0.000001 0.000001 0.000000 0.000000 0.000000 0.000000 0.000000 0.000000 0.000000 
0.000000 0.000000 0.000000 0.000000 0.000000 0.000000 0.000000 0.000000 0.000001 0.000002 0.000004 0.000009 0.000021 0.000047 0.000104 0.000222 0.000466 0.000958 0.001931 0.003815 0.007381 0.013991 0.025978 0.047242 0.084137 0.146741 0.250600 0.419024 0.685945 1.099254 1.724369 2.647607 3.978650 5.851210 8.420809 11.858546 16.339974 22.028639 29.054673 37.489823 47.321505 58.429448 70.569182 83.366622 96.327145 108.860900 120.323693 130.070123 137.513144 142.182514 143.774052 142.182514 137.513144 130.070123 120.323693 108.860900 96.327145 83.366622 70.569182 58.429448 47.321505 37.489823 29.054673 22.028639 16.339974 11.858546 8.420809 5.851210 3.978650 2.647607 1.724369 1.099254 0.685945 0.419024 0.250600 0.146741 0.084137 0.047242 0.025978 0.013991 0.007381 0.003815 0.001931 0.000958 0.000466 0.000222 0.000104 0.000047 0.000021 0.000009 0.000004 0.000002 0.000001 0.000000 0.000000 0.000000 0.000000 0.000000 0.000000 0.000000 
0.000000 0.000000 0.000000 0.000000 0.000000 0.000000 0.000000 0.000000 0.000001 0.000002 0.000005 0.000011 0.000026 0.000058 0.000126 0.000271 0.000568 0.001168 0.002353 0.004644 0.008981 0.017016 0.031577 0.057395 0.102172 0.178113 0.304041 0.508165 0.831529 1.332036 2.088749 3.205936 4.816040 7.080451 10.186795 14.341400 19.755846 26.627105 35.111724 45.295737 57.163419 70.569182 85.217740 100.657643 116.292278 131.410411 145.235475 156.989593 165.965319 171.596021 173.515189 171.596021 165.965319 156.989593 145.235475 131.410411 116.292278 100.657643 85.217740 70.569182 57.163419 45.295737 35.111724 26.627105 19.755846 14.341400 10.186795 7.080451 4.816040 3.205936 2.088749 1.332036 0.831529 0.508165 0.304041 0.178113 0.102172 0.057395 0.031577 0.017016 0.008981 0.004644 0.002353 0.001168 0.000568 0.000271 0.000126 0.000058 0.000026 0.000011 0.000005 0.000002 0.000001 0.000000 0.000000 0.000000 0.000000 0.000000 0.000000 0.000000 
0.000000 0.000000 0.000000 0.000000 0.000000 0.000000 0.000000 0.000000 0.000001 0.000002 0.000006 0.000014 0.000031 0.000069 0.000151 0.000323 0.000677 0.001391 0.002800 0.005525 0.010680 0.020224 0.037515 0.068159 0.121281 0.211339 0.360617 0.602498 0.985535 1.578194 2.473929 3.795940 5.700656 8.378624 12.051283 16.962039 23.360376 31.478410 41.500427 53.527420 67.540261 83.366622 100.657643 118.880380 137.330835 155.170015 171.482058 185.349707 195.938854 202.581479 204.845514 202.581479 195.938854 185.349707 171.482058 155.170015 137.330835 118.880380 100.657643 83.366622 67.540261 53.527420 41.500427 31.478410 23.360376 16.962039 12.051283 8.378624 5.700656 3.795940 2.473929 1.578194 0.985535 0.602498 0.360617 0.211339 0.121281 0.068159 0.037515 0.020224 0.010680 0.005525 0.002800 0.001391 0.000677 0.000323 0.000151 0.000069 0.000031 0.000014 0.000006 0.000002 0.000001 0.000000 0.000000 0.000000 0.000000 0.000000 0.000000 0.000000 
