0.000000 0.000000 0.000000 0.000000 0.000000 0.000000 0.000000 0.000000 0.000000 0.000000 0.000000 0.000000 0.000000 0.000000 0.000000 0.000000 0.000000 0.000001 0.000001 0.000001 0.000002 0.000003 0.000004 0.000005 0.000007 0.000010 0.000013 0.000017 0.000023 0.000029 0.000037 0.000046 0.000057 0.000070 0.000085 0.000102 0.000121 0.000142 0.000164 0.000188 0.000213 0.000238 0.000263 0.000287 0.000310 0.000330 0.000348 0.000363 0.000374 0.000380 0.000382 0.000380 0.000374 0.000363 0.000348 0.000330 0.000310 0.000287 0.000263 0.000238 0.000213 0.000188 0.000164 0.000142 0.000121 0.000102 0.000085 0.000070 0.000057 0.000046 0.000037 0.000029 0.000023 0.000017 0.000013 0.000010 0.000007 0.000005 0.000004 0.000003 0.000002 0.000001 0.000001 0.000001 0.000000 0.000000 0.000000 0.000000 0.000000 0.000000 0.000000 0.000000 0.000000 0.000000 0.000000 0.000000 0.000000 0.000000 0.000000 0.000000 
0.000000 0.000000 0.000000 0.000000 0.000000 0.000000 0.000000 0.000000 0.000000 0.000000 0.000000 0.000000 0.000000 0.000000 0.000000 0.000000 0.000000 0.000001 0.000001 0.000001 0.000002 0.000003 0.000004 0.000005 0.000007 0.000010 0.000013 0.000017 0.000023 0.000029 0.000037 0.000046 0.000057 0.000070 0.000085 0.000102 0.000121 0.000142 0.000164 0.000188 0.000213 0.000238 0.000263 0.000287 0.000310 0.000330 0.000348 0.000363 0.000374 0.000380 0.000382 0.000380 0.000374 0.000363 0.000348 0.000330 0.000310 0.000287 0.000263 0.000238 0.000213 0.000188 0.000164 0.000142 0.000121 0.000102 0.000085 0.000070 0.000057 0.000046 0.000037 0.000029 0.000023 0.000017 0.000013 0.000010 0.000007 0.000005 0.000004 0.000003 0.000002 0.000001 0.000001 0.000001 0.000000 0.000000 0.000000 0.000000 0.000000 0.000000 0.000000 0.000000 0.000000 0.000000 0.000000 0.000000 0.000000 0.000000 0.000000 0.000000 
0.000000 0.000000 0.000000 0.000000 0.000000 0.000000 0.000000 0.000000 0.000000 0.000000 0.000000 0.000000 0.000000 0.000000 0.000000 0.000000 0.000001 0.000001 0.000001 0.000002 0.000003 0.000004 0.000005 0.000007 0.000010 0.000013 0.000017 0.000023 0.000029 0.000038 0.000048 0.000060 0.000075 0.000092 0.000111 0.000133 0.000158 0.000185 0.000214 0.000245 0.000276 0.000309 0.000341 0.000373 0.000402 0.000429 0.000452 0.000471 0.000485 0.000494 0.000497 0.000494 0.000485 0.000471 0.000452 0.000429 0.000402 0.000373 0.000341 0.000309 0.000276 0.000245 0.000214 0.000185 0.000158 0.000133 0.000111 0.000092 0.000075 0.000060 0.000048 0.000038 0.000029 0.000023 0.000017 0.000013 0.000010 0.000007 0.000005 0.000004 0.000003 0.000002 0.000001 0.000001 0.000001 0.000000 0.000000 0.000000 0.000000 0.000000 0.000000 0.000000 0.000000 0.000000 0.000000 0.000000 0.000000 0.000000 0.000000 0.000000 
0.000000 0.000000 0.000000 0.000000 0.000000 0.000000 0.000000 0.000000 0.000000 0.000000 0.000000 0.000000 0.000000 0.000000 0.000000 0.000001 0.000001 0.000001 0.000002 0.000003 0.000004 0.000006 0.000008 0.000011 0.000015 0.000020 0.000026 0.000034 0.000045 0.000057 0.000073 0.000091 0.000114 0.000139 0.000169 0.000202 0.000240 0.000281 0.000325 0.000371 0.000420 0.000469 0.000518 0.000566 0.000611 0.000651 0.000686 0.000715 0.000736 0.000749 0.000754 0.000749 0.000736 0.000715 0.000686 0.000651 0.000611 0.000566 0.000518 0.000469 0.000420 0.000371 0.000325 0.000281 0.000240 0.000202 0.000169 0.000139 0.000114 0.000091 0.000073 0.000057 0.000045 0.000034 0.000026 0.000020 0.000015 0.000011 0.000008 0.000006 0.000004 0.000003 0.000002 0.000001 0.000001 0.000001 0.000000 0.000000 0.000000 0.000000 0.000000 0.000000 0.000000 0.000000 0.000000 0.000000 0.000000 0.000000 0.000000 0.000000 
0.000000 0.000000 0.000000 0.000000 0.000000 0.000000 0.000000 0.000000 0.000000 0.000000 0.000000 0.000000 0.000000 0.000000 0.000001 0.000001 0.000001 0.000002 0.000003 0.000005 0.000006 0.000009 0.000013 0.000017 0.000024 0.000032 0.000042 0.000056 0.000072 0.000093 0.000118 0.000148 0.000184 0.000225 0.000273 0.000327 0.000388 0.000454 0.000525 0.000600 0.000679 0.000758 0.000837 0.000914 0.000986 0.001052 0.001108 0.001155 0.001189 0.001210 0.001217 0.001210 0.001189 0.001155 0.001108 0.001052 0.000986 0.000914 0.000837 0.000758 0.000679 0.000600 0.000525 0.000454 0.000388 0.000327 0.000273 0.000225 0.000184 0.000148 0.000118 0.000093 0.000072 0.000056 0.000042 0.000032 0.000024 0.000017 0.000013 0.000009 0.000006 0.000005 0.000003 0.000002 0.000001 0.000001 0.000001 0.000000 0.000000 0.000000 0.000000 0.000000 0.000000 0.000000 0.000000 0.000000 0.000000 0.000000 0.000000 0.000000 
0.000000 0.000000 0.000000 0.000000 0.000000 0.000000 0.000000 0.000000 0.000000 0.000000 0.000000 0.000000 0.000000 0.000001 0.000001 0.000002 0.000002 0.000004 0.000005 0.000007 0.000011 0.000015 0.000021 0.000029 0.000039 0.000053 0.000070 0.000092 0.000119 0.000153 0.000194 0.000244 0.000302 0.000370 0.000449 0.000538 0.000637 0.000745 0.000862 0.000986 0.001114 0.001245 0.001375 0.001500 0.001618 0.001726 0.001819 0.001895 0.001951 0.001985 0.001997 0.001985 0.001951 0.001895 0.001819 0.001726 0.001618 0.001500 0.001375 0.001245 0.001114 0.000986 0.000862 0.000745 0.000637 0.000538 0.000449 0.000370 0.000302 0.000244 0.000194 0.000153 0.000119 0.000092 0.000070 0.000053 0.000039 0.000029 0.000021 0.000015 0.000011 0.000007 0.000005 0.000004 0.000002 0.000002 0.000001 0.000001 0.000000 0.000000 0.000000 0.000000 0.000000 0.000000 0.000000 0.000000 0.000000 0.000000 0.000000 0.000000 
0.000000 0.000000 0.000000 0.000000 0.000000 0.000000 0.000000 0.000000 0.000000 0.000000 0.000000 0.000000 0.000001 0.000001 0.000002 0.000003 0.000004 0.000006 0.000009 0.000012 0.000018 0.000025 0.000034 0.000047 0.000064 0.000086 0.000115 0.000151 0.000196 0.000251 0.000319 0.000400 0.000496 0.000608 0.000737 0.000882 0.001044 0.001222 0.001413 0.001616 0.001826 0.002040 0.002252 0.002458 0.002652 0.002827 0.002979 0.003104 0.003195 0.003252 0.003271 0.003252 0.003195 0.003104 0.002979 0.002827 0.002652 0.002458 0.002252 0.002040 0.001826 0.001616 0.001413 0.001222 0.001044 0.000882 0.000737 0.000608 0.000496 0.000400 0.000319 0.000251 0.000196 0.000151 0.000115 0.000086 0.000064 0.000047 0.000034 0.000025 0.000018 0.000012 0.000009 0.000006 0.000004 0.000003 0.000002 0.000001 0.000001 0.000000 0.000000 0.000000 0.000000 0.000000 0.000000 0.000000 0.000000 0.000000 0.000000 0.000000 
0.000000 0.000000 0.000000 0.000000 0.000000 0.000000 0.000000 0.000000 0.000000 0.000000 0.000001 0.000001 0.000001 0.000002 0.000003 0.000004 0.000007 0.000010 0.000014 0.000020 0.000029 0.000040 0.000056 0.000077 0.000105 0.000141 0.000187 0.000246 0.000319 0.000410 0.000520 0.000652 0.000808 0.000990 0.001199 0.001436 0.001699 0.001988 0.002299 0.002629 0.002970 0.003317 0.003662 0.003996 0.004311 0.004596 0.004843 0.005044 0.005193 0.005285 0.005316 0.005285 0.005193 0.005044 0.004843 0.004596 0.004311 0.003996 0.003662 0.003317 0.002970 0.002629 0.002299 0.001988 0.001699 0.001436 0.001199 0.000990 0.000808 0.000652 0.000520 0.000410 0.000319 0.000246 0.000187 0.000141 0.000105 0.000077 0.000056 0.000040 0.000029 0.000020 0.000014 0.000010 0.000007 0.000004 0.000003 0.000002 0.000001 0.000001 0.000001 0.000000 0.000000 0.000000 0.000000 0.000000 0.000000 0.000000 0.000000 0.000000 
0.000000 0.000000 0.000000 0.000000 0.000000 0.000000 0.000000 0.000000 0.000000 0.000001 0.000001 0.000001 0.000002 0.000003 0.000005 0.000007 0.000011 0.000016 0.000023 0.000033 0.000046 0.000065 0.000091 0.000125 0.000170 0.000228 0.000302 0.000397 0.000515 0.000661 0.000838 0.001051 0.001303 0.001596 0.001933 0.002314 0.002738 0.003203 0.003704 0.004233 0.004783 0.005341 0.005896 0.006434 0.006939 0.007397 0.007795 0.008119 0.008358 0.008505 0.008555 0.008505 0.008358 0.008119 0.007795 0.007397 0.006939 0.006434 0.005896 0.005341 0.004783 0.004233 0.003704 0.003203 0.002738 0.002314 0.001933 0.001596 0.001303 0.001051 0.000838 0.000661 0.000515 0.000397 0.000302 0.000228 0.000170 0.000125 0.000091 0.000065 0.000046 0.000033 0.000023 0.000016 0.000011 0.000007 0.000005 0.000003 0.000002 0.000001 0.000001 0.000001 0.000000 0.000000 0.000000 0.000000 0.000000 0.000000 0.000000 0.000000 
0.000000 0.000000 0.000000 0.000000 0.000000 0.000000 0.000000 0.000000 0.000001 0.000001 0.000001 0.000002 0.000003 0.000005 0.000008 0.000011 0.000017 0.000025 0.000036 0.000052 0.000074 0.000105 0.000145 0.000200 0.000271 0.000364 0.000483 0.000634 0.000823 0.001055 0.001338 0.001677 0.002078 0.002546 0.003083 0.003690 0.004366 0.005106 0.005903 0.006746 0.007621 0.008510 0.009393 0.010248 0.011052 0.011781 0.012414 0.012929 0.013310 0.013544 0.013623 0.013544 0.013310 0.012929 0.012414 0.011781 0.011052 0.010248 0.009393 0.008510 0.007621 0.006746 0.005903 0.005106 0.004366 0.003690 0.003083 0.002546 0.002078 0.001677 0.001338 0.001055 0.000823 0.000634 0.000483 0.000364 0.000271 0.000200 0.000145 0.000105 0.000074 0.000052 0.000036 0.000025 0.000017 0.000011 0.000008 0.000005 0.000003 0.000002 0.000001 0.000001 0.000001 0.000000 0.000000 0.000000 0.000000 0.000000 0.000000 0.000000 
0.000000 0.000000 0.000000 0.000000 0.000000 0.000000 0.000000 0.000001 0.000001 0.000001 0.000002 0.000003 0.000005 0.000008 0.000012 0.000018 0.000027 0.000040 0.000058 0.000083 0.000118 0.000166 0.000230 0.000316 0.000429 0.000576 0.000764 0.001002 0.001300 0.001667 0.002113 0.002648 0.003280 0.004017 0.004863 0.005820 0.006885 0.008051 0.009307 0.010635 0.012012 0.013412 0.014802 0.016148 0.017414 0.018562 0.019557 0.020368 0.020968 0.021336 0.021460 0.021336 0.020968 0.020368 0.019557 0.018562 0.017414 0.016148 0.014802 0.013412 0.012012 0.010635 0.009307 0.008051 0.006885 0.005820 0.004863 0.004017 0.003280 0.002648 0.002113 0.001667 0.001300 0.001002 0.000764 0.000576 0.000429 0.000316 0.000230 0.000166 0.000118 0.000083 0.000058 0.000040 0.000027 0.000018 0.000012 0.000008 0.000005 0.000003 0.000002 0.000001 0.000001 0.000001 0.000000 0.000000 0.000000 0.000000 0.000000 0.000000 
0.000000 0.000000 0.000000 0.000000 0.000000 0.000000 0.000000 0.000001 0.000001 0.000002 0.000003 0.000005 0.000008 0.000012 0.000019 0.000029 0.000042 0.000062 0.000090 0.000130 0.000185 0.000259 0.000360 0.000494 0.000671 0.000900 0.001194 0.001566 0.002031 0.002604 0.003300 0.004135 0.005121 0.006270 0.007589 0.009080 0.010740 0.012558 0.014514 0.016583 0.018728 0.020908 0.023073 0.025169 0.027140 0.028927 0.030477 0.031739 0.032673 0.033247 0.033440 0.033247 0.032673 0.031739 0.030477 0.028927 0.027140 0.025169 0.023073 0.020908 0.018728 0.016583 0.014514 0.012558 0.010740 0.009080 0.007589 0.006270 0.005121 0.004135 0.003300 0.002604 0.002031 0.001566 0.001194 0.000900 0.000671 0.000494 0.000360 0.000259 0.000185 0.000130 0.000090 0.000062 0.000042 0.000029 0.000019 0.000012 0.000008 0.000005 0.000003 0.000002 0.000001 0.000001 0.000000 0.000000 0.000000 0.000000 0.000000 0.000000 
0.000000 0.000000 0.000000 0.000000 0.000000 0.000000 0.000001 0.000001 0.000002 0.000003 0.000005 0.000008 0.000013 0.000019 0.000029 0.000044 0.000066 0.000097 0.000140 0.000201 0.000286 0.000401 0.000557 0.000765 0.001038 0.001392 0.001847 0.002421 0.003139 0.004023 0.005098 0.006385 0.007907 0.009679 0.011713 0.014013 0.016572 0.019373 0.022388 0.025576 0.028881 0.032240 0.035575 0.038803 0.041838 0.044590 0.046977 0.048921 0.050359 0.051242 0.051540 0.051242 0.050359 0.048921 0.046977 0.044590 0.041838 0.038803 0.035575 0.032240 0.028881 0.025576 0.022388 0.019373 0.016572 0.014013 0.011713 0.009679 0.007907 0.006385 0.005098 0.004023 0.003139 0.002421 0.001847 0.001392 0.001038 0.000765 0.000557 0.000401 0.000286 0.000201 0.000140 0.000097 0.000066 0.000044 0.000029 0.000019 0.000013 0.000008 0.000005 0.000003 0.000002 0.000001 0.000001 0.000000 0.000000 0.000000 0.000000 0.000000 
0.000000 0.000000 0.000000 0.000000 0.000000 0.000001 0.000001 0.000002 0.000003 0.000005 0.000008 0.000012 0.000019 0.000030 0.000045 0.000068 0.000101 0.000148 0.000215 0.000309 0.000438 0.000615 0.000853 0.001171 0.001588 0.002130 0.002824 0.003702 0.004798 0.006148 0.007788 0.009753 0.012075 0.014779 0.017881 0.021388 0.025289 0.029560 0.034156 0.039014 0.044051 0.049169 0.054250 0.059168 0.063791 0.067984 0.071619 0.074580 0.076770 0.078115 0.078568 0.078115 0.076770 0.074580 0.071619 0.067984 0.063791 0.059168 0.054250 0.049169 0.044051 0.039014 0.034156 0.029560 0.025289 0.021388 0.017881 0.014779 0.012075 0.009753 0.007788 0.006148 0.004798 0.003702 0.002824 0.002130 0.001588 0.001171 0.000853 0.000615 0.000438 0.000309 0.000215 0.000148 0.000101 0.000068 0.000045 0.000030 0.000019 0.000012 0.000008 0.000005 0.000003 0.000002 0.000001 0.000001 0.000000 0.000000 0.000000 0.000000 
0.000000 0.000000 0.000000 0.000000 0.000001 0.000001 0.000002 0.000003 0.000005 0.000008 0.000012 0.000019 0.000029 0.000045 0.000069 0.000103 0.000153 0.000225 0.000326 0.000468 0.000664 0.000931 0.001292 0.001772 0.002403 0.003222 0.004271 0.005597 0.007253 0.009291 0.011767 0.014733 0.018237 0.022317 0.026997 0.032286 0.038169 0.044609 0.051538 0.058861 0.066454 0.074166 0.081823 0.089234 0.096199 0.102516 0.107993 0.112454 0.115753 0.117779 0.118462 0.117779 0.115753 0.112454 0.107993 0.102516 0.096199 0.089234 0.081823 0.074166 0.066454 0.058861 0.051538 0.044609 0.038169 0.032286 0.026997 0.022317 0.018237 0.014733 0.011767 0.009291 0.007253 0.005597 0.004271 0.003222 0.002403 0.001772 0.001292 0.000931 0.000664 0.000468 0.000326 0.000225 0.000153 0.000103 0.000069 0.000045 0.000029 0.000019 0.000012 0.000008 0.000005 0.000003 0.000002 0.000001 0.000001 0.000000 0.000000 0.000000 
0.000000 0.000000 0.000000 0.000001 0.000001 0.000002 0.000003 0.000004 0.000007 0.000011 0.000018 0.000029 0.000044 0.000068 0.000103 0.000155 0.000229 0.000337 0.000488 0.000701 0.000994 0.001394 0.001934 0.002652 0.003595 0.004820 0.006387 0.008370 0.010843 0.013887 0.017584 0.022012 0.027241 0.033329 0.040312 0.048201 0.056977 0.066580 0.076912 0.087830 0.099149 0.110645 0.122058 0.133103 0.143482 0.152895 0.161055 0.167702 0.172618 0.175636 0.176654 0.175636 0.172618 0.167702 0.161055 0.152895 0.143482 0.133103 0.122058 0.110645 0.099149 0.087830 0.076912 0.066580 0.056977 0.048201 0.040312 0.033329 0.027241 0.022012 0.017584 0.013887 0.010843 0.008370 0.006387 0.004820 0.003595 0.002652 0.001934 0.001394 0.000994 0.000701 0.000488 0.000337 0.000229 0.000155 0.000103 0.000068 0.000044 0.000029 0.000018 0.000011 0.000007 0.000004 0.000003 0.000002 0.000001 0.000001 0.000001 0.000001 
0.000000 0.000000 0.000001 0.000001 0.000001 0.000002 0.000004 0.000007 0.000011 0.000017 0.000027 0.000042 0.000066 0.000101 0.000153 0.000229 0.000340 0.000499 0.000724 0.001039 0.001473 0.002065 0.002863 0.003925 0.005321 0.007130 0.009448 0.012377 0.016030 0.020527 0.025986 0.032523 0.040242 0.049227 0.059531 0.071171 0.084116 0.098280 0.113517 0.129616 0.146306 0.163253 0.180076 0.196357 0.211655 0.225528 0.237554 0.247350 0.254593 0.259041 0.260541 0.259041 0.254593 0.247350 0.237554 0.225528 0.211655 0.196357 0.180076 0.163253 0.146306 0.129616 0.113517 0.098280 0.084116 0.071171 0.059531 0.049227 0.040242 0.032523 0.025986 0.020527 0.016030 0.012377 0.009448 0.007130 0.005321 0.003925 0.002863 0.002065 0.001473 0.001039 0.000724 0.000499 0.000340 0.000229 0.000153 0.000101 0.000066 0.000042 0.000027 0.000017 0.000011 0.000007 0.000004 0.000002 0.000002 0.000001 0.000001 0.000001 
0.000001 0.000001 0.000001 0.000001 0.000002 0.000004 0.000006 0.000010 0.000016 0.000025 0.000040 0.000062 0.000097 0.000148 0.000225 0.000337 0.000499 0.000732 0.001061 0.001522 0.002158 0.003025 0.004193 0.005746 0.007787 0.010433 0.013820 0.018100 0.023438 0.030005 0.037978 0.047524 0.058792 0.071906 0.086943 0.103928 0.122813 0.143475 0.165698 0.189177 0.213513 0.238223 0.262751 0.286486 0.308786 0.329008 0.346536 0.360813 0.371370 0.377853 0.380039 0.377853 0.371370 0.360813 0.346536 0.329008 0.308786 0.286486 0.262751 0.238223 0.213513 0.189177 0.165698 0.143475 0.122813 0.103928 0.086943 0.071906 0.058792 0.047524 0.037978 0.030005 0.023438 0.018100 0.013820 0.010433 0.007787 0.005746 0.004193 0.003025 0.002158 0.001522 0.001061 0.000732 0.000499 0.000337 0.000225 0.000148 0.000097 0.000062 0.000040 0.000025 0.000016 0.000010 0.000006 0.000004 0.000002 0.000001 0.000001 0.000001 
0.000001 0.000001 0.000001 0.000002 0.000003 0.000005 0.000009 0.000014 0.000023 0.000036 0.000058 0.000090 0.000140 0.000215 0.000326 0.000488 0.000724 0.001061 0.001539 0.002206 0.003126 0.004381 0.006071 0.008318 0.011269 0.015094 0.019991 0.026176 0.033888 0.043376 0.054891 0.068674 0.084943 0.103873 0.125576 0.150085 0.177334 0.207141 0.239198 0.273062 0.308159 0.343791 0.379158 0.413378 0.445528 0.474680 0.499948 0.520529 0.535746 0.545090 0.548241 0.545090 0.535746 0.520529 0.499948 0.474680 0.445528 0.413378 0.379158 0.343791 0.308159 0.273062 0.239198 0.207141 0.177334 0.150085 0.125576 0.103873 0.084943 0.068674 0.054891 0.043376 0.033888 0.026176 0.019991 0.015094 0.011269 0.008318 0.006071 0.004381 0.003126 0.002206 0.001539 0.001061 0.000724 0.000488 0.000326 0.000215 0.000140 0.000090 0.000058 0.000036 0.000023 0.000014 0.000009 0.000005 0.000003 0.000002 0.000002 0.000002 
0.000001 0.000001 0.000002 0.000003 0.000005 0.000007 0.000012 0.000020 0.000033 0.000052 0.000083 0.000130 0.000201 0.000309 0.000468 0.000701 0.001039 0.001522 0.002206 0.003160 0.004478 0.006274 0.008692 0.011907 0.016127 0.021597 0.028596 0.037436 0.048455 0.062009 0.078455 0.098139 0.121368 0.148391 0.179368 0.214345 0.253228 0.295755 0.341486 0.389790 0.439847 0.490664 0.541098 0.589893 0.635733 0.677297 0.713321 0.742661 0.764355 0.777675 0.782167 0.777675 0.764355 0.742661 0.713321 0.677297 0.635733 0.589893 0.541098 0.490664 0.439847 0.389790 0.341486 0.295755 0.253228 0.214345 0.179368 0.148391 0.121368 0.098139 0.078455 0.062009 0.048455 0.037436 0.028596 0.021597 0.016127 0.011907 0.008692 0.006274 0.004478 0.003160 0.002206 0.001522 0.001039 0.000701 0.000468 0.000309 0.000201 0.000130 0.000083 0.000052 0.000033 0.000020 0.000012 0.000008 0.000005 0.000003 0.000002 0.000002 
0.000002 0.000002 0.000003 0.000004 0.000006 0.000011 0.000018 0.000029 0.000046 0.000074 0.000118 0.000185 0.000286 0.000438 0.000664 0.000994 0.001473 0.002158 0.003126 0.004478 0.006344 0.008886 0.012307 0.016854 0.022822 0.030556 0.040450 0.052944 0.068514 0.087662 0.110892 0.138689 0.171488 0.209638 0.253364 0.302729 0.357598 0.417603 0.482121 0.550262 0.620870 0.692542 0.763668 0.832478 0.897118 0.955725 1.006517 1.047884 1.078470 1.097250 1.103582 1.097250 1.078470 1.047884 1.006517 0.955725 0.897118 0.832478 0.763668 0.692542 0.620870 0.550262 0.482121 0.417603 0.357598 0.302729 0.253364 0.209638 0.171488 0.138689 0.110892 0.087662 0.068514 0.052944 0.040450 0.030556 0.022822 0.016854 0.012307 0.008886 0.006344 0.004478 0.003126 0.002158 0.001473 0.000994 0.000664 0.000438 0.000286 0.000185 0.000118 0.000074 0.000047 0.000029 0.000018 0.000011 0.000007 0.000004 0.000003 0.000003 
0.000003 0.000003 0.000004 0.000006 0.000009 0.000015 0.000025 0.000040 0.000065 0.000105 0.000166 0.000259 0.000401 0.000615 0.000931 0.001394 0.002065 0.003025 0.004381 0.006274 0.008886 0.012443 0.017230 0.023590 0.031937 0.042750 0.056580 0.074041 0.095798 0.122549 0.154996 0.193817 0.239615 0.292877 0.353914 0.422815 0.499387 0.583116 0.673133 0.768194 0.866688 0.966658 1.065858 1.161823 1.251965 1.333690 1.404515 1.462195 1.504842 1.531026 1.539855 1.531026 1.504842 1.462195 1.404515 1.333690 1.251965 1.161823 1.065858 0.966658 0.866688 0.768194 0.673133 0.583116 0.499387 0.422815 0.353914 0.292877 0.239615 0.193817 0.154996 0.122549 0.095798 0.074041 0.056580 0.042750 0.031937 0.023590 0.017230 0.012443 0.008886 0.006274 0.004381 0.003025 0.002065 0.001394 0.000931 0.000615 0.000401 0.000259 0.000166 0.000105 0.000065 0.000040 0.000025 0.000015 0.000009 0.000006 0.000005 0.000005 
0.000004 0.000004 0.000005 0.000008 0.000013 0.000021 0.000034 0.000056 0.000091 0.000145 0.000230 0.000360 0.000557 0.000853 0.001292 0.001934 0.002863 0.004193 0.006071 0.008692 0.012307 0.017230 0.023852 0.032650 0.044192 0.059142 0.078260 0.102392 0.132455 0.169412 0.214231 0.267844 0.331084 0.404618 0.488876 0.583976 0.689651 0.805191 0.929394 1.060543 1.196415 1.334314 1.471139 1.603492 1.727809 1.840511 1.938178 2.017715 2.076522 2.112626 2.124800 2.112626 2.076522 2.017715 1.938178 1.840511 1.727809 1.603492 1.471139 1.334314 1.196415 1.060543 0.929394 0.805191 0.689651 0.583976 0.488876 0.404618 0.331084 0.267844 0.214231 0.169412 0.132455 0.102392 0.078260 0.059142 0.044192 0.032650 0.023852 0.017230 0.012307 0.008692 0.006071 0.004193 0.002863 0.001934 0.001292 0.000853 0.000557 0.000360 0.000230 0.000145 0.000091 0.000056 0.000035 0.000021 0.000013 0.000009 0.000007 0.000007 
0.000005 0.000005 0.000007 0.000011 0.000017 0.000029 0.000047 0.000077 0.000125 0.000200 0.000316 0.000494 0.000765 0.001171 0.001772 0.002652 0.003925 0.005746 0.008318 0.011907 0.016854 0.023590 0.032650 0.044684 0.060467 0.080906 0.107038 0.140018 0.181096 0.231583 0.292802 0.366021 0.452374 0.552770 0.667791 0.797595 0.941817 1.099484 1.268954 1.447886 1.633245 1.821353 2.007984 2.188504 2.358053 2.511753 2.644943 2.753407 2.833598 2.882831 2.899432 2.882831 2.833598 2.753407 2.644943 2.511753 2.358053 2.188504 2.007984 1.821353 1.633245 1.447886 1.268954 1.099484 0.941817 0.797595 0.667791 0.552770 0.452374 0.366021 0.292802 0.231583 0.181096 0.140018 0.107038 0.080906 0.060467 0.044684 0.032650 0.023590 0.016854 0.011907 0.008318 0.005746 0.003925 0.002652 0.001772 0.001171 0.000765 0.000494 0.000316 0.000200 0.000125 0.000077 0.000048 0.000029 0.000018 0.000012 0.000009 0.000009 
0.000007 0.000007 0.000010 0.000015 0.000024 0.000039 0.000064 0.000105 0.000170 0.000271 0.000429 0.000671 0.001038 0.001588 0.002403 0.003595 0.005321 0.007787 0.011269 0.016127 0.022822 0.031937 0.044192 0.060467 0.081808 0.109440 0.144761 0.189329 0.244830 0.313034 0.395723 0.494605 0.611206 0.746750 0.902019 1.077224 1.271866 1.484630 1.713299 1.954713 2.204777 2.458530 2.710272 2.953756 3.182430 3.389720 3.569341 3.715612 3.823752 3.890144 3.912530 3.890144 3.823752 3.715612 3.569341 3.389720 3.182430 2.953756 2.710272 2.458530 2.204777 1.954713 1.713299 1.484630 1.271866 1.077224 0.902019 0.746750 0.611206 0.494605 0.395723 0.313034 0.244830 0.189329 0.144761 0.109440 0.081808 0.060467 0.044192 0.031937 0.022822 0.016127 0.011269 0.007787 0.005321 0.003595 0.002403 0.001588 0.001038 0.000671 0.000429 0.000271 0.000170 0.000105 0.000065 0.000040 0.000025 0.000016 0.000013 0.000013 
0.000010 0.000010 0.000013 0.000020 0.000032 0.000053 0.000086 0.000141 0.000228 0.000364 0.000576 0.000900 0.001392 0.002130 0.003222 0.004820 0.007130 0.010433 0.015094 0.021597 0.030556 0.042750 0.059142 0.080906 0.109440 0.146378 0.193585 0.253140 0.327293 0.418402 0.528844 0.660893 0.816584 0.997543 1.204811 1.438662 1.698428 1.982351 2.287468 2.609562 2.943169 3.281672 3.617471 3.942235 4.247229 4.523689 4.763239 4.958306 5.102519 5.191056 5.220909 5.191056 5.102519 4.958306 4.763239 4.523689 4.247229 3.942235 3.617471 3.281672 2.943169 2.609562 2.287468 1.982351 1.698428 1.438662 1.204811 0.997543 0.816584 0.660893 0.528844 0.418402 0.327293 0.253140 0.193585 0.146378 0.109440 0.080906 0.059142 0.042750 0.030556 0.021597 0.015094 0.010433 0.007130 0.004820 0.003222 0.002130 0.001392 0.000900 0.000576 0.000364 0.000228 0.000141 0.000087 0.000053 0.000033 0.000022 0.000017 0.000017 
0.000013 0.000013 0.000017 0.000026 0.000042 0.000070 0.000115 0.000187 0.000302 0.000483 0.000764 0.001194 0.001847 0.002824 0.004271 0.006387 0.009448 0.013820 0.019991 0.028596 0.040450 0.056580 0.078260 0.107038 0.144761 0.193585 0.255972 0.334664 0.432629 0.552976 0.698836 0.873210 1.078775 1.317672 1.591268 1.899919 2.242738 2.617398 3.019989 3.444943 3.885053 4.331590 4.774531 5.202892 5.605156 5.969771 6.285694 6.542944 6.733126 6.849883 6.889250 6.849883 6.733126 6.542944 6.285694 5.969771 5.605156 5.202892 4.774531 4.331590 3.885053 3.444943 3.019989 2.617398 2.242738 1.899919 1.591268 1.317672 1.078775 0.873210 0.698836 0.552976 0.432629 0.334664 0.255972 0.193585 0.144761 0.107038 0.078260 0.056580 0.040450 0.028596 0.019991 0.013820 0.009448 0.006387 0.004271 0.002824 0.001847 0.001194 0.000764 0.000483 0.000303 0.000188 0.000115 0.000071 0.000044 0.000029 0.000023 0.000023 
0.000017 0.000017 0.000023 0.000034 0.000056 0.000092 0.000151 0.000246 0.000397 0.000634 0.001002 0.001566 0.002421 0.003702 0.005597 0.008370 0.012377 0.018100 0.026176 0.037436 0.052944 0.074041 0.102392 0.140018 0.189329 0.253140 0.334664 0.437477 0.565451 0.722640 0.913125 1.140816 1.409199 1.721063 2.078182 2.481013 2.928391 3.417275 3.942559 4.496976 5.071122 5.653613 6.231377 6.790092 7.314743 7.790271 8.202281 8.537765 8.785778 8.938036 8.989374 8.938036 8.785778 8.537765 8.202281 7.790271 7.314743 6.790092 6.231377 5.653613 5.071122 4.496976 3.942559 3.417275 2.928391 2.481013 2.078182 1.721063 1.409199 1.140816 0.913125 0.722640 0.565451 0.437477 0.334664 0.253140 0.189329 0.140018 0.102392 0.074041 0.052944 0.037436 0.026176 0.018100 0.012377 0.008370 0.005597 0.003702 0.002421 0.001567 0.001002 0.000634 0.000397 0.000246 0.000152 0.000093 0.000058 0.000039 0.000030 0.000030 
0.000023 0.000023 0.000029 0.000045 0.000072 0.000119 0.000196 0.000319 0.000515 0.000823 0.001300 0.002031 0.003139 0.004798 0.007253 0.010843 0.016030 0.023438 0.033888 0.048455 0.068514 0.095798 0.132455 0.181096 0.244830 0.327293 0.432629 0.565451 0.730753 0.933761 1.179739 1.473721 1.820202 2.222766 2.683697 3.203573 3.780883 4.411694 5.089415 5.804667 6.545319 7.296684 8.041908 8.762525 9.439175 10.052446 10.583784 11.016419 11.336247 11.532591 11.598793 11.532591 11.336247 11.016419 10.583784 10.052446 9.439175 8.762525 8.041908 7.296684 6.545319 5.804667 5.089415 4.411694 3.780883 3.203573 2.683697 2.222766 1.820202 1.473721 1.179739 0.933761 0.730753 0.565451 0.432629 0.327293 0.244830 0.181096 0.132455 0.095798 0.068514 0.048455 0.033888 0.023438 0.016030 0.010843 0.007253 0.004798 0.003139 0.002031 0.001300 0.000823 0.000516 0.000320 0.000197 0.000121 0.000076 0.000050 0.000039 0.000039 
0.000029 0.000029 0.000038 0.000057 0.000093 0.000153 0.000251 0.000410 0.000661 0.001055 0.001667 0.002604 0.004023 0.006148 0.009291 0.013887 0.020527 0.030005 0.043376 0.062009 0.087662 0.122549 0.169412 0.231583 0.313034 0.418402 0.552976 0.722640 0.933761 1.193006 1.507081 1.882405 2.324699 2.838527 3.426792 4.090218 4.826867 5.631715 6.496342 7.408783 8.353560 9.311943 10.262439 11.181503 12.044455 12.826548 13.504131 14.055831 14.463671 14.714042 14.798460 14.714042 14.463671 14.055831 13.504131 12.826548 12.044455 11.181503 10.262439 9.311943 8.353560 7.408783 6.496342 5.631715 4.826867 4.090218 3.426792 2.838527 2.324699 1.882405 1.507081 1.193006 0.933761 0.722640 0.552976 0.418402 0.313034 0.231583 0.169412 0.122549 0.087662 0.062009 0.043376 0.030005 0.020527 0.013887 0.009291 0.006148 0.004023 0.002604 0.001667 0.001056 0.000661 0.000410 0.000253 0.000155 0.000097 0.000065 0.000050 0.000050 
0.000037 0.000037 0.000048 0.000073 0.000118 0.000194 0.000319 0.000520 0.000838 0.001338 0.002113 0.003300 0.005098 0.007788 0.011767 0.017584 0.025986 0.037978 0.054891 0.078455 0.110892 0.154996 0.214231 0.292802 0.395723 0.528844 0.698836 0.913125 1.179739 1.507081 1.903607 2.377404 2.935678 3.584175 4.326542 5.163679 6.093128 7.108539 8.199284 9.350264 10.541955 11.750735 12.949503 14.108573 15.196832 16.183085 17.037520 17.733200 18.247467 18.563169 18.669615 18.563169 18.247467 17.733200 17.037520 16.183085 15.196832 14.108573 12.949503 11.750735 10.541955 9.350264 8.199284 7.108539 6.093128 5.163679 4.326542 3.584175 2.935678 2.377404 1.903607 1.507081 1.179739 0.913125 0.698836 0.528844 0.395723 0.292802 0.214231 0.154996 0.110892 0.078455 0.054891 0.037978 0.025986 0.017584 0.011767 0.007788 0.005098 0.003300 0.002113 0.001338 0.000839 0.000521 0.000321 0.000197 0.000123 0.000082 0.000064 0.000064 
0.000046 0.000046 0.000060 0.000091 0.000148 0.000244 0.000400 0.000652 0.001051 0.001677 0.002648 0.004135 0.006385 0.009753 0.014733 0.022012 0.032523 0.047524 0.068674 0.098139 0.138689 0.193817 0.267844 0.366021 0.494605 0.660893 0.873210 1.140816 1.473721 1.882405 2.377404 2.968795 3.665556 4.474837 5.401171 6.445666 7.605239 8.871956 10.232551 11.668184 13.154503 14.662050 16.157033 17.602442 18.959493 20.189301 21.254709 22.122142 22.763363 23.156996 23.289717 23.156996 22.763363 22.122142 21.254709 20.189301 18.959493 17.602442 16.157033 14.662050 13.154503 11.668184 10.232551 8.871956 7.605239 6.445666 5.401171 4.474837 3.665556 2.968795 2.377404 1.882405 1.473721 1.140816 0.873210 0.660893 0.494605 0.366021 0.267844 0.193817 0.138689 0.098139 0.068674 0.047524 0.032523 0.022012 0.014733 0.009753 0.006385 0.004135 0.002648 0.001678 0.001052 0.000653 0.000402 0.000247 0.000155 0.000103 0.000080 0.000080 
0.000057 0.000057 0.000075 0.000114 0.000184 0.000302 0.000496 0.000808 0.001303 0.002078 0.003280 0.005121 0.007907 0.012075 0.018237 0.027241 0.040242 0.058792 0.084943 0.121368 0.171488 0.239615 0.331084 0.452374 0.611206 0.816584 1.078775 1.409199 1.820202 2.324699 2.935678 3.665556 4.525389 5.523981 6.666901 7.955498 9.385950 10.948457 12.626645 14.397271 16.230301 18.089410 19.932935 21.715251 23.388550 24.904903 26.218515 27.288009 28.078582 28.563896 28.727527 28.563896 28.078582 27.288009 26.218515 24.904903 23.388550 21.715251 19.932935 18.089410 16.230301 14.397271 12.626645 10.948457 9.385950 7.955498 6.666901 5.523981 4.525389 3.665556 2.935678 2.324699 1.820202 1.409199 1.078775 0.816584 0.611206 0.452374 0.331084 0.239615 0.171488 0.121368 0.084943 0.058792 0.040242 0.027241 0.018237 0.012075 0.007907 0.005121 0.003281 0.002079 0.001303 0.000809 0.000499 0.000307 0.000192 0.000128 0.000099 0.000099 
0.000070 0.000070 0.000092 0.000139 0.000225 0.000370 0.000608 0.000990 0.001596 0.002546 0.004017 0.006270 0.009679 0.014779 0.022317 0.033329 0.049227 0.071906 0.103873 0.148391 0.209638 0.292877 0.404618 0.552770 0.746750 0.997543 1.317672 1.721063 2.222766 2.838527 3.584175 4.474837 5.523981 6.742320 8.136628 9.708524 11.453329 13.359073 15.405772 17.565075 19.800353 22.067318 24.315175 26.488310 28.528448 30.377177 31.978684 33.282543 34.246346 34.837995 35.037478 34.837995 34.246346 33.282543 31.978684 30.377177 28.528448 26.488310 24.315175 22.067318 19.800353 17.565075 15.405772 13.359073 11.453329 9.708524 8.136628 6.742320 5.523981 4.474837 3.584175 2.838527 2.222766 1.721063 1.317672 0.997543 0.746750 0.552770 0.404618 0.292877 0.209638 0.148391 0.103873 0.071906 0.049227 0.033329 0.022317 0.014779 0.009679 0.006270 0.004017 0.002546 0.001597 0.000992 0.000611 0.000376 0.000235 0.000157 0.000122 0.000122 
0.000085 0.000085 0.000111 0.000169 0.000273 0.000449 0.000737 0.001199 0.001933 0.003083 0.004863 0.007589 0.011713 0.017881 0.026997 0.040312 0.059531 0.086943 0.125576 0.179368 0.253364 0.353914 0.488876 0.667791 0.902019 1.204811 1.591268 2.078182 2.683697 3.426792 4.326542 5.401171 6.666901 8.136628 9.818493 11.714426 13.818759 16.117036 18.585148 21.188896 23.884114 26.617407 29.327542 31.947486 34.407007 36.635705 38.566323 40.138096 41.299923 42.013124 42.253589 42.013124 41.299923 40.138096 38.566323 36.635705 34.407007 31.947486 29.327542 26.617407 23.884114 21.188896 18.585148 16.117036 13.818759 11.714426 9.818493 8.136628 6.666901 5.401171 4.326542 3.426792 2.683697 2.078182 1.591268 1.204811 0.902019 0.667791 0.488876 0.353914 0.253364 0.179368 0.125576 0.086943 0.059531 0.040312 0.026997 0.017881 0.011714 0.007589 0.004864 0.003083 0.001934 0.001201 0.000740 0.000456 0.000285 0.000190 0.000147 0.000147 
0.000102 0.000102 0.000133 0.000202 0.000327 0.000538 0.000882 0.001436 0.002314 0.003690 0.005820 0.009080 0.014013 0.021388 0.032286 0.048201 0.071171 0.103928 0.150085 0.214345 0.302729 0.422815 0.583976 0.797595 1.077224 1.438662 1.899919 2.481013 3.203573 4.090218 5.163679 6.445666 7.955498 9.708524 11.714426 13.975474 16.484884 19.225398 22.168252 25.272662 28.485970 31.744522 34.975334 38.098515 41.030363 43.686990 45.988250 47.861740 49.246570 50.096658 50.383275 50.096658 49.246570 47.861740 45.988250 43.686990 41.030363 38.098515 34.975334 31.744522 28.485970 25.272662 22.168252 19.225398 16.484884 13.975474 11.714426 9.708524 7.955498 6.445666 5.163679 4.090218 3.203573 2.481013 1.899919 1.438662 1.077224 0.797595 0.583976 0.422815 0.302729 0.214345 0.150085 0.103928 0.071171 0.048202 0.032286 0.021388 0.014013 0.009081 0.005820 0.003690 0.002315 0.001438 0.000887 0.000546 0.000342 0.000228 0.000177 0.000177 
0.000121 0.000121 0.000158 0.000240 0.000388 0.000637 0.001044 0.001699 0.002738 0.004366 0.006885 0.010740 0.016572 0.025289 0.038169 0.056977 0.084116 0.122813 0.177334 0.253228 0.357598 0.499387 0.689651 0.941817 1.271866 1.698428 2.242738 2.928391 3.780883 4.826867 6.093128 7.605239 9.385950 11.453329 13.818759 16.484884 19.443677 22.674769 26.144228 29.803966 33.591904 37.433014 41.241278 44.922548 48.378193 51.509365 54.221636 56.429697 58.061812 59.063689 59.401481 59.063689 58.061812 56.429697 54.221636 51.509365 48.378193 44.922548 41.241278 37.433014 33.591904 29.803966 26.144228 22.674769 19.443677 16.484884 13.818759 11.453329 9.385950 7.605239 6.093128 4.826867 3.780883 2.928391 2.242738 1.698428 1.271866 0.941817 0.689651 0.499387 0.357598 0.253228 0.177334 0.122813 0.084116 0.056977 0.038169 0.025289 0.016572 0.010741 0.006885 0.004366 0.002740 0.001702 0.001050 0.000647 0.000405 0.000270 0.000209 0.000209 
0.000142 0.000142 0.000185 0.000281 0.000454 0.000745 0.001222 0.001988 0.003203 0.005106 0.008051 0.012558 0.019373 0.029560 0.044609 0.066580 0.098280 0.143475 0.207141 0.295755 0.417603 0.583116 0.805191 1.099484 1.484630 1.982351 2.617398 3.417275 4.411694 5.631715 7.108539 8.871956 10.948457 13.359073 16.117036 19.225398 22.674769 26.441376 30.485649 34.751523 39.166637 43.643549 48.082020 52.372344 56.399603 60.048629 63.209410 65.782563 67.684518 68.852027 69.245662 68.852027 67.684518 65.782563 63.209410 60.048629 56.399603 52.372344 48.082020 43.643549 39.166637 34.751523 30.485649 26.441376 22.674769 19.225398 16.117036 13.359073 10.948457 8.871956 7.108539 5.631715 4.411694 3.417275 2.617398 1.982351 1.484630 1.099484 0.805191 0.583116 0.417603 0.295755 0.207141 0.143475 0.098280 0.066580 0.044609 0.029560 0.019373 0.012558 0.008052 0.005107 0.003205 0.001992 0.001228 0.000757 0.000474 0.000316 0.000245 0.000245 
0.000164 0.000164 0.000214 0.000325 0.000525 0.000862 0.001413 0.002299 0.003704 0.005903 0.009307 0.014514 0.022388 0.034156 0.051538 0.076912 0.113517 0.165698 0.239198 0.341486 0.482121 0.673133 0.929394 1.268954 1.713299 2.287468 3.019989 3.942559 5.089415 6.496342 8.199284 10.232551 12.626645 15.405772 18.585148 22.168252 26.144228 30.485649 35.146887 40.063316 45.151538 50.310789 55.425571 60.369488 65.010143 69.214865 72.856921 75.821830 78.013329 79.358564 79.812119 79.358564 78.013329 75.821830 72.856921 69.214865 65.010143 60.369488 55.425571 50.310789 45.151538 40.063316 35.146887 30.485649 26.144228 22.168252 18.585148 15.405772 12.626645 10.232551 8.199284 6.496342 5.089415 3.942559 3.019989 2.287468 1.713299 1.268954 0.929394 0.673133 0.482121 0.341486 0.239198 0.165698 0.113517 0.076912 0.051538 0.034156 0.022388 0.014515 0.009308 0.005904 0.003706 0.002304 0.001421 0.000875 0.000548 0.000366 0.000284 0.000284 
0.000188 0.000188 0.000245 0.000371 0.000600 0.000986 0.001616 0.002629 0.004233 0.006746 0.010635 0.016583 0.025576 0.039014 0.058861 0.087830 0.129616 0.189177 0.273062 0.389790 0.550262 0.768194 1.060543 1.447886 1.954713 2.609562 3.444943 4.496976 5.804667 7.408783 9.350264 11.668184 14.397271 17.565075 21.188896 25.272662 29.803966 34.751523 40.063316 45.665687 51.463605 57.342260 63.170069 68.803039 74.090356 78.880895 83.030306 86.408195 88.904921 90.437507 90.954226 90.437507 88.904921 86.408195 83.030306 78.880895 74.090356 68.803039 63.170069 57.342260 51.463605 45.665687 40.063316 34.751523 29.803966 25.272662 21.188896 17.565075 14.397271 11.668184 9.350264 7.408783 5.804667 4.496976 3.444943 2.609562 1.954713 1.447886 1.060543 0.768194 0.550262 0.389790 0.273062 0.189177 0.129616 0.087830 0.058861 0.039014 0.025576 0.016583 0.010636 0.006748 0.004236 0.002633 0.001625 0.001001 0.000627 0.000418 0.000325 0.000325 
0.000213 0.000213 0.000276 0.000420 0.000679 0.001114 0.001826 0.002970 0.004783 0.007621 0.012012 0.018728 0.028881 0.044051 0.066454 0.099149 0.146306 0.213513 0.308159 0.439847 0.620870 0.866688 1.196415 1.633245 2.204777 2.943169 3.885053 5.071122 6.545319 8.353560 10.541955 13.154503 16.230301 19.800353 23.884114 28.485970 33.591904 39.166637 45.151538 51.463605 57.995768 64.618689 71.184142 77.529939 83.486213 88.882756 93.556996 97.362083 100.174540 101.900923 102.482981 101.900923 100.174540 97.362083 93.556996 88.882756 83.486213 77.529939 71.184142 64.618689 57.995768 51.463605 45.151538 39.166637 33.591904 28.485970 23.884114 19.800353 16.230301 13.154503 10.541955 8.353560 6.545319 5.071122 3.885053 2.943169 2.204777 1.633245 1.196415 0.866688 0.620870 0.439847 0.308159 0.213513 0.146306 0.099150 0.066454 0.044052 0.028882 0.018729 0.012013 0.007622 0.004786 0.002975 0.001836 0.001132 0.000709 0.000473 0.000367 0.000367 
0.000238 0.000238 0.000309 0.000469 0.000758 0.001245 0.002040 0.003317 0.005341 0.008510 0.013412 0.020908 0.032240 0.049169 0.074166 0.110645 0.163253 0.238223 0.343791 0.490664 0.692542 0.966658 1.334314 1.821353 2.458530 3.281672 4.331590 5.653613 7.296684 9.311943 11.750735 14.662050 18.089410 22.067318 26.617407 31.744522 37.433014 43.643549 50.310789 57.342260 64.618689 71.996009 79.309132 86.377426 93.011717 99.022462 104.228623 108.466674 111.599122 113.521917 114.170193 113.521917 111.599122 108.466674 104.228623 99.022462 93.011717 86.377426 79.309132 71.996009 64.618689 57.342260 50.310789 43.643549 37.433014 31.744522 26.617407 22.067318 18.089410 14.662050 11.750735 9.311943 7.296684 5.653613 4.331590 3.281672 2.458530 1.821353 1.334314 0.966658 0.692542 0.490664 0.343791 0.238223 0.163253 0.110645 0.074166 0.049169 0.032240 0.020909 0.013413 0.008512 0.005345 0.003323 0.002051 0.001264 0.000792 0.000528 0.000411 0.000411 
0.000263 0.000263 0.000341 0.000518 0.000837 0.001375 0.002252 0.003662 0.005896 0.009393 0.014802 0.023073 0.035575 0.054250 0.081823 0.122058 0.180076 0.262751 0.379158 0.541098 0.763668 1.065858 1.471139 2.007984 2.710272 3.617471 4.774531 6.231377 8.041908 10.262439 12.949503 16.157033 19.932935 24.315175 29.327542 34.975334 41.241278 48.082020 55.425571 63.170069 71.184142 79.309132 87.363236 95.147549 102.453767 109.073186 114.806473 119.473582 122.923132 125.040562 125.754459 125.040562 122.923132 119.473582 114.806473 109.073186 102.453767 95.147549 87.363236 79.309132 71.184142 63.170069 55.425571 48.082020 41.241278 34.975334 29.327542 24.315175 19.932935 16.157033 12.949503 10.262439 8.041908 6.231377 4.774531 3.617471 2.710272 2.007984 1.471139 1.065858 0.763668 0.541098 0.379158 0.262751 0.180076 0.122058 0.081823 0.054250 0.035575 0.023074 0.014803 0.009395 0.005900 0.003669 0.002264 0.001396 0.000875 0.000584 0.000454 0.000454 
