0.000000 0.000000 0.000000 0.000000 0.000000 0.000000 0.000000 0.000000 0.000000 0.000000 0.000000 0.000000 0.000000 0.000000 0.000000 0.000000 0.000000 0.000000 0.000000 0.000000 0.000000 0.000000 0.000001 0.000001 0.000001 0.000002 0.000002 0.000003 0.000004 0.000006 0.000008 0.000010 0.000012 0.000016 0.000019 0.000024 0.000029 0.000034 0.000040 0.000047 0.000053 0.000060 0.000067 0.000074 0.000081 0.000087 0.000092 0.000097 0.000100 0.000102 0.000102 0.000102 0.000100 0.000097 0.000092 0.000087 0.000081 0.000074 0.000067 0.000060 0.000053 0.000047 0.000040 0.000034 0.000029 0.000024 0.000019 0.000016 0.000012 0.000010 0.000008 0.000006 0.000004 0.000003 0.000002 0.000002 0.000001 0.000001 0.000001 0.000000 0.000000 0.000000 0.000000 0.000000 0.000000 0.000000 0.000000 0.000000 0.000000 0.000000 0.000000 0.000000 0.000000 0.000000 0.000000 0.000000 0.000000 0.000000 0.000000 0.000000 
0.000000 0.000000 0.000000 0.000000 0.000000 0.000000 0.000000 0.000000 0.000000 0.000000 0.000000 0.000000 0.000000 0.000000 0.000000 0.000000 0.000000 0.000000 0.000000 0.000000 0.000000 0.000000 0.000001 0.000001 0.000001 0.000002 0.000002 0.000003 0.000004 0.000006 0.000008 0.000010 0.000012 0.000016 0.000019 0.000024 0.000029 0.000034 0.000040 0.000047 0.000053 0.000060 0.000067 0.000074 0.000081 0.000087 0.000092 0.000097 0.000100 0.000102 0.000102 0.000102 0.000100 0.000097 0.000092 0.000087 0.000081 0.000074 0.000067 0.000060 0.000053 0.000047 0.000040 0.000034 0.000029 0.000024 0.000019 0.000016 0.000012 0.000010 0.000008 0.000006 0.000004 0.000003 0.000002 0.000002 0.000001 0.000001 0.000001 0.000000 0.000000 0.000000 0.000000 0.000000 0.000000 0.000000 0.000000 0.000000 0.000000 0.000000 0.000000 0.000000 0.000000 0.000000 0.000000 0.000000 0.000000 0.000000 0.000000 0.000000 
0.000000 0.000000 0.000000 0.000000 0.000000 0.000000 0.000000 0.000000 0.000000 0.000000 0.000000 0.000000 0.000000 0.000000 0.000000 0.000000 0.000000 0.000000 0.000000 0.000000 0.000000 0.000001 0.000001 0.000001 0.000002 0.000002 0.000003 0.000004 0.000006 0.000008 0.000010 0.000013 0.000017 0.000021 0.000026 0.000032 0.000039 0.000047 0.000055 0.000064 0.000073 0.000083 0.000092 0.000102 0.000111 0.000119 0.000126 0.000132 0.000136 0.000139 0.000140 0.000139 0.000136 0.000132 0.000126 0.000119 0.000111 0.000102 0.000092 0.000083 0.000073 0.000064 0.000055 0.000047 0.000039 0.000032 0.000026 0.000021 0.000017 0.000013 0.000010 0.000008 0.000006 0.000004 0.000003 0.000002 0.000002 0.000001 0.000001 0.000001 0.000000 0.000000 0.000000 0.000000 0.000000 0.000000 0.000000 0.000000 0.000000 0.000000 0.000000 0.000000 0.000000 0.000000 0.000000 0.000000 0.000000 0.000000 0.000000 0.000000 
0.000000 0.000000 0.000000 0.000000 0.000000 0.000000 0.000000 0.000000 0.000000 0.000000 0.000000 0.000000 0.000000 0.000000 0.000000 0.000000 0.000000 0.000000 0.000000 0.000000 0.000001 0.000001 0.000001 0.000002 0.000003 0.000004 0.000005 0.000007 0.000010 0.000013 0.000017 0.000022 0.000028 0.000035 0.000043 0.000052 0.000063 0.000075 0.000089 0.000103 0.000118 0.000134 0.000149 0.000165 0.000179 0.000192 0.000204 0.000214 0.000221 0.000225 0.000226 0.000225 0.000221 0.000214 0.000204 0.000192 0.000179 0.000165 0.000149 0.000134 0.000118 0.000103 0.000089 0.000075 0.000063 0.000052 0.000043 0.000035 0.000028 0.000022 0.000017 0.000013 0.000010 0.000007 0.000005 0.000004 0.000003 0.000002 0.000001 0.000001 0.000001 0.000000 0.000000 0.000000 0.000000 0.000000 0.000000 0.000000 0.000000 0.000000 0.000000 0.000000 0.000000 0.000000 0.000000 0.000000 0.000000 0.000000 0.000000 0.000000 
0.000000 0.000000 0.000000 0.000000 0.000000 0.000000 0.000000 0.000000 0.000000 0.000000 0.000000 0.000000 0.000000 0.000000 0.000000 0.000000 0.000000 0.000000 0.000001 0.000001 0.000001 0.000002 0.000002 0.000003 0.000005 0.000007 0.000009 0.000013 0.000017 0.000022 0.000029 0.000037 0.000047 0.000060 0.000074 0.000090 0.000109 0.000130 0.000152 0.000177 0.000203 0.000230 0.000256 0.000283 0.000307 0.000330 0.000350 0.000366 0.000378 0.000386 0.000388 0.000386 0.000378 0.000366 0.000350 0.000330 0.000307 0.000283 0.000256 0.000230 0.000203 0.000177 0.000152 0.000130 0.000109 0.000090 0.000074 0.000060 0.000047 0.000037 0.000029 0.000022 0.000017 0.000013 0.000009 0.000007 0.000005 0.000003 0.000002 0.000002 0.000001 0.000001 0.000001 0.000000 0.000000 0.000000 0.000000 0.000000 0.000000 0.000000 0.000000 0.000000 0.000000 0.000000 0.000000 0.000000 0.000000 0.000000 0.000000 0.000000 
0.000000 0.000000 0.000000 0.000000 0.000000 0.000000 0.000000 0.000000 0.000000 0.000000 0.000000 0.000000 0.000000 0.000000 0.000000 0.000000 0.000000 0.000001 0.000001 0.000001 0.000002 0.000003 0.000004 0.000006 0.000009 0.000012 0.000016 0.000022 0.000029 0.000039 0.000051 0.000065 0.000083 0.000104 0.000128 0.000157 0.000189 0.000225 0.000265 0.000307 0.000352 0.000398 0.000445 0.000490 0.000533 0.000573 0.000607 0.000636 0.000657 0.000669 0.000674 0.000669 0.000657 0.000636 0.000607 0.000573 0.000533 0.000490 0.000445 0.000398 0.000352 0.000307 0.000265 0.000225 0.000189 0.000157 0.000128 0.000104 0.000083 0.000065 0.000051 0.000039 0.000029 0.000022 0.000016 0.000012 0.000009 0.000006 0.000004 0.000003 0.000002 0.000001 0.000001 0.000001 0.000000 0.000000 0.000000 0.000000 0.000000 0.000000 0.000000 0.000000 0.000000 0.000000 0.000000 0.000000 0.000000 0.000000 0.000000 0.000000 
0.000000 0.000000 0.000000 0.000000 0.000000 0.000000 0.000000 0.000000 0.000000 0.000000 0.000000 0.000000 0.000000 0.000000 0.000000 0.000000 0.000001 0.000001 0.000002 0.000002 0.000004 0.000005 0.000007 0.000011 0.000015 0.000021 0.000028 0.000038 0.000051 0.000067 0.000088 0.000113 0.000143 0.000179 0.000222 0.000271 0.000327 0.000389 0.000458 0.000531 0.000609 0.000688 0.000768 0.000847 0.000921 0.000989 0.001049 0.001097 0.001133 0.001156 0.001163 0.001156 0.001133 0.001097 0.001049 0.000989 0.000921 0.000847 0.000768 0.000688 0.000609 0.000531 0.000458 0.000389 0.000327 0.000271 0.000222 0.000179 0.000143 0.000113 0.000088 0.000067 0.000051 0.000038 0.000028 0.000021 0.000015 0.000011 0.000007 0.000005 0.000004 0.000002 0.000002 0.000001 0.000001 0.000000 0.000000 0.000000 0.000000 0.000000 0.000000 0.000000 0.000000 0.000000 0.000000 0.000000 0.000000 0.000000 0.000000 0.000000 
0.000000 0.000000 0.000000 0.000000 0.000000 0.000000 0.000000 0.000000 0.000000 0.000000 0.000000 0.000000 0.000000 0.000000 0.000000 0.000001 0.000001 0.000002 0.000003 0.000004 0.000006 0.000009 0.000013 0.000018 0.000025 0.000035 0.000048 0.000065 0.000087 0.000115 0.000150 0.000193 0.000245 0.000307 0.000380 0.000464 0.000560 0.000667 0.000783 0.000909 0.001041 0.001177 0.001314 0.001448 0.001575 0.001691 0.001793 0.001876 0.001937 0.001975 0.001988 0.001975 0.001937 0.001876 0.001793 0.001691 0.001575 0.001448 0.001314 0.001177 0.001041 0.000909 0.000783 0.000667 0.000560 0.000464 0.000380 0.000307 0.000245 0.000193 0.000150 0.000115 0.000087 0.000065 0.000048 0.000035 0.000025 0.000018 0.000013 0.000009 0.000006 0.000004 0.000003 0.000002 0.000001 0.000001 0.000000 0.000000 0.000000 0.000000 0.000000 0.000000 0.000000 0.000000 0.000000 0.000000 0.000000 0.000000 0.000000 0.000000 
0.000000 0.000000 0.000000 0.000000 0.000000 0.000000 0.000000 0.000000 0.000000 0.000000 0.000000 0.000000 0.000000 0.000001 0.000001 0.000001 0.000002 0.000003 0.000005 0.000007 0.000010 0.000015 0.000022 0.000031 0.000043 0.000060 0.000082 0.000111 0.000148 0.000196 0.000255 0.000327 0.000415 0.000520 0.000644 0.000786 0.000948 0.001128 0.001326 0.001538 0.001761 0.001991 0.002222 0.002448 0.002663 0.002859 0.003030 0.003170 0.003274 0.003338 0.003360 0.003338 0.003274 0.003170 0.003030 0.002859 0.002663 0.002448 0.002222 0.001991 0.001761 0.001538 0.001326 0.001128 0.000948 0.000786 0.000644 0.000520 0.000415 0.000327 0.000255 0.000196 0.000148 0.000111 0.000082 0.000060 0.000043 0.000031 0.000022 0.000015 0.000010 0.000007 0.000005 0.000003 0.000002 0.000001 0.000001 0.000001 0.000000 0.000000 0.000000 0.000000 0.000000 0.000000 0.000000 0.000000 0.000000 0.000000 0.000000 0.000000 
0.000000 0.000000 0.000000 0.000000 0.000000 0.000000 0.000000 0.000000 0.000000 0.000000 0.000000 0.000000 0.000001 0.000001 0.000001 0.000002 0.000003 0.000005 0.000008 0.000012 0.000017 0.000025 0.000036 0.000052 0.000073 0.000101 0.000138 0.000186 0.000249 0.000328 0.000427 0.000548 0.000696 0.000871 0.001078 0.001316 0.001586 0.001887 0.002217 0.002571 0.002944 0.003328 0.003713 0.004091 0.004448 0.004776 0.005061 0.005295 0.005469 0.005576 0.005612 0.005576 0.005469 0.005295 0.005061 0.004776 0.004448 0.004091 0.003713 0.003328 0.002944 0.002571 0.002217 0.001887 0.001586 0.001316 0.001078 0.000871 0.000696 0.000548 0.000427 0.000328 0.000249 0.000186 0.000138 0.000101 0.000073 0.000052 0.000036 0.000025 0.000017 0.000012 0.000008 0.000005 0.000003 0.000002 0.000001 0.000001 0.000001 0.000000 0.000000 0.000000 0.000000 0.000000 0.000000 0.000000 0.000000 0.000000 0.000000 0.000000 
0.000000 0.000000 0.000000 0.000000 0.000000 0.000000 0.000000 0.000000 0.000000 0.000000 0.000000 0.000001 0.000001 0.000001 0.000002 0.000004 0.000006 0.000009 0.000013 0.000019 0.000029 0.000042 0.000060 0.000086 0.000120 0.000167 0.000228 0.000309 0.000412 0.000543 0.000707 0.000908 0.001151 0.001441 0.001782 0.002175 0.002621 0.003119 0.003663 0.004248 0.004863 0.005496 0.006132 0.006754 0.007344 0.007884 0.008355 0.008740 0.009027 0.009203 0.009262 0.009203 0.009027 0.008740 0.008355 0.007884 0.007344 0.006754 0.006132 0.005496 0.004863 0.004248 0.003663 0.003119 0.002621 0.002175 0.001782 0.001441 0.001151 0.000908 0.000707 0.000543 0.000412 0.000309 0.000228 0.000167 0.000120 0.000086 0.000060 0.000042 0.000029 0.000019 0.000013 0.000009 0.000006 0.000004 0.000002 0.000001 0.000001 0.000001 0.000000 0.000000 0.000000 0.000000 0.000000 0.000000 0.000000 0.000000 0.000000 0.000000 
0.000000 0.000000 0.000000 0.000000 0.000000 0.000000 0.000000 0.000000 0.000000 0.000000 0.000001 0.000001 0.000001 0.000002 0.000004 0.000006 0.000009 0.000014 0.000021 0.000032 0.000047 0.000069 0.000099 0.000141 0.000197 0.000274 0.000374 0.000506 0.000675 0.000889 0.001156 0.001484 0.001882 0.002356 0.002912 0.003553 0.004281 0.005092 0.005980 0.006933 0.007936 0.008968 0.010005 0.011019 0.011980 0.012859 0.013627 0.014255 0.014721 0.015008 0.015105 0.015008 0.014721 0.014255 0.013627 0.012859 0.011980 0.011019 0.010005 0.008968 0.007936 0.006933 0.005980 0.005092 0.004281 0.003553 0.002912 0.002356 0.001882 0.001484 0.001156 0.000889 0.000675 0.000506 0.000374 0.000274 0.000197 0.000141 0.000099 0.000069 0.000047 0.000032 0.000021 0.000014 0.000009 0.000006 0.000004 0.000002 0.000001 0.000001 0.000001 0.000000 0.000000 0.000000 0.000000 0.000000 0.000000 0.000000 0.000000 0.000000 
0.000000 0.000000 0.000000 0.000000 0.000000 0.000000 0.000000 0.000000 0.000000 0.000001 0.000001 0.000001 0.000002 0.000004 0.000006 0.000010 0.000015 0.000023 0.000035 0.000052 0.000077 0.000112 0.000160 0.000228 0.000320 0.000443 0.000606 0.000818 0.001091 0.001437 0.001868 0.002398 0.003040 0.003804 0.004701 0.005735 0.006908 0.008216 0.009647 0.011182 0.012797 0.014459 0.016128 0.017761 0.019309 0.020725 0.021959 0.022971 0.023721 0.024183 0.024340 0.024183 0.023721 0.022971 0.021959 0.020725 0.019309 0.017761 0.016128 0.014459 0.012797 0.011182 0.009647 0.008216 0.006908 0.005735 0.004701 0.003804 0.003040 0.002398 0.001868 0.001437 0.001091 0.000818 0.000606 0.000443 0.000320 0.000228 0.000160 0.000112 0.000077 0.000052 0.000035 0.000023 0.000015 0.000010 0.000006 0.000004 0.000002 0.000001 0.000001 0.000001 0.000000 0.000000 0.000000 0.000000 0.000000 0.000000 0.000000 0.000000 
0.000000 0.000000 0.000000 0.000000 0.000000 0.000000 0.000000 0.000000 0.000001 0.000001 0.000001 0.000002 0.000004 0.000006 0.000010 0.000016 0.000024 0.000037 0.000056 0.000083 0.000123 0.000179 0.000257 0.000365 0.000512 0.000708 0.000968 0.001307 0.001743 0.002294 0.002982 0.003828 0.004851 0.006069 0.007498 0.009146 0.011014 0.013096 0.015374 0.017818 0.020389 0.023033 0.025689 0.028286 0.030749 0.033000 0.034964 0.036572 0.037766 0.038501 0.038749 0.038501 0.037766 0.036572 0.034964 0.033000 0.030749 0.028286 0.025689 0.023033 0.020389 0.017818 0.015374 0.013096 0.011014 0.009146 0.007498 0.006069 0.004851 0.003828 0.002982 0.002294 0.001743 0.001307 0.000968 0.000708 0.000512 0.000365 0.000257 0.000179 0.000123 0.000083 0.000056 0.000037 0.000024 0.000016 0.000010 0.000006 0.000004 0.000002 0.000001 0.000001 0.000001 0.000000 0.000000 0.000000 0.000000 0.000000 0.000000 0.000000 
0.000000 0.000000 0.000000 0.000000 0.000000 0.000000 0.000000 0.000000 0.000001 0.000001 0.000002 0.000004 0.000006 0.000010 0.000016 0.000025 0.000038 0.000059 0.000088 0.000132 0.000194 0.000283 0.000406 0.000577 0.000808 0.001119 0.001529 0.002064 0.002751 0.003620 0.004704 0.006036 0.007647 0.009566 0.011815 0.014408 0.017348 0.020624 0.024206 0.028050 0.032092 0.036250 0.040425 0.044507 0.048378 0.051915 0.055001 0.057528 0.059404 0.060559 0.060948 0.060559 0.059404 0.057528 0.055001 0.051915 0.048378 0.044507 0.040425 0.036250 0.032092 0.028050 0.024206 0.020624 0.017348 0.014408 0.011815 0.009566 0.007647 0.006036 0.004704 0.003620 0.002751 0.002064 0.001529 0.001119 0.000808 0.000577 0.000406 0.000283 0.000194 0.000132 0.000088 0.000059 0.000038 0.000025 0.000016 0.000010 0.000006 0.000004 0.000002 0.000001 0.000001 0.000000 0.000000 0.000000 0.000000 0.000000 0.000000 0.000000 
0.000000 0.000000 0.000000 0.000000 0.000000 0.000000 0.000000 0.000001 0.000001 0.000002 0.000004 0.000006 0.000010 0.000016 0.000025 0.000039 0.000060 0.000092 0.000138 0.000206 0.000304 0.000442 0.000635 0.000901 0.001262 0.001746 0.002386 0.003219 0.004289 0.005643 0.007331 0.009404 0.011911 0.014895 0.018393 0.022426 0.026996 0.032087 0.037654 0.043627 0.049906 0.056363 0.062847 0.069187 0.075197 0.080689 0.085481 0.089403 0.092315 0.094108 0.094713 0.094108 0.092315 0.089403 0.085481 0.080689 0.075197 0.069187 0.062847 0.056363 0.049906 0.043627 0.037654 0.032087 0.026996 0.022426 0.018393 0.014895 0.011911 0.009404 0.007331 0.005643 0.004289 0.003219 0.002386 0.001746 0.001262 0.000901 0.000635 0.000442 0.000304 0.000206 0.000138 0.000092 0.000060 0.000039 0.000025 0.000016 0.000010 0.000006 0.000004 0.000002 0.000001 0.000001 0.000000 0.000000 0.000000 0.000000 0.000000 0.000000 
0.000000 0.000000 0.000000 0.000000 0.000000 0.000000 0.000001 0.000001 0.000002 0.000003 0.000006 0.000009 0.000015 0.000024 0.000038 0.000060 0.000093 0.000142 0.000214 0.000319 0.000469 0.000682 0.000980 0.001390 0.001947 0.002692 0.003678 0.004960 0.006607 0.008690 0.011285 0.014472 0.018326 0.022913 0.028287 0.034482 0.041501 0.049318 0.057865 0.067033 0.076670 0.086579 0.096529 0.106255 0.115475 0.123900 0.131249 0.137266 0.141732 0.144481 0.145409 0.144481 0.141732 0.137266 0.131249 0.123900 0.115475 0.106255 0.096529 0.086579 0.076670 0.067033 0.057865 0.049318 0.041501 0.034482 0.028287 0.022913 0.018326 0.014472 0.011285 0.008690 0.006607 0.004960 0.003678 0.002692 0.001947 0.001390 0.000980 0.000682 0.000469 0.000319 0.000214 0.000142 0.000093 0.000060 0.000038 0.000024 0.000015 0.000009 0.000006 0.000003 0.000002 0.000001 0.000001 0.000000 0.000000 0.000000 0.000000 0.000000 
0.000000 0.000000 0.000000 0.000000 0.000000 0.000001 0.000001 0.000002 0.000003 0.000005 0.000009 0.000014 0.000023 0.000037 0.000059 0.000092 0.000142 0.000216 0.000326 0.000486 0.000716 0.001041 0.001494 0.002118 0.002966 0.004101 0.005599 0.007550 0.010053 0.013218 0.017162 0.022002 0.027854 0.034819 0.042976 0.052376 0.063026 0.074884 0.087848 0.101751 0.116363 0.131387 0.146469 0.161211 0.175185 0.187953 0.199089 0.208206 0.214973 0.219139 0.220545 0.219139 0.214973 0.208206 0.199089 0.187953 0.175185 0.161211 0.146469 0.131387 0.116363 0.101751 0.087848 0.074884 0.063026 0.052376 0.042976 0.034819 0.027854 0.022002 0.017162 0.013218 0.010053 0.007550 0.005599 0.004101 0.002966 0.002118 0.001494 0.001041 0.000716 0.000486 0.000326 0.000216 0.000142 0.000092 0.000059 0.000037 0.000023 0.000014 0.000009 0.000005 0.000003 0.000002 0.000001 0.000001 0.000000 0.000000 0.000000 0.000000 
0.000000 0.000000 0.000000 0.000000 0.000001 0.000001 0.000002 0.000003 0.000005 0.000008 0.000013 0.000021 0.000035 0.000056 0.000088 0.000138 0.000214 0.000326 0.000492 0.000733 0.001079 0.001568 0.002250 0.003188 0.004463 0.006169 0.008420 0.011350 0.015109 0.019861 0.025780 0.033044 0.041822 0.052268 0.064500 0.078592 0.094555 0.112325 0.131750 0.152579 0.174467 0.196968 0.219555 0.241630 0.262553 0.281668 0.298340 0.311988 0.322118 0.328353 0.330459 0.328353 0.322118 0.311988 0.298340 0.281668 0.262553 0.241630 0.219555 0.196968 0.174467 0.152579 0.131750 0.112325 0.094555 0.078592 0.064500 0.052268 0.041822 0.033044 0.025780 0.019861 0.015109 0.011350 0.008420 0.006169 0.004463 0.003188 0.002250 0.001568 0.001079 0.000733 0.000492 0.000326 0.000214 0.000138 0.000088 0.000056 0.000035 0.000021 0.000013 0.000008 0.000005 0.000003 0.000002 0.000001 0.000001 0.000000 0.000000 0.000000 
0.000000 0.000000 0.000000 0.000000 0.000001 0.000001 0.000002 0.000004 0.000007 0.000012 0.000019 0.000032 0.000052 0.000083 0.000132 0.000206 0.000319 0.000486 0.000733 0.001092 0.001606 0.002333 0.003346 0.004741 0.006633 0.009166 0.012508 0.016856 0.022431 0.029478 0.038254 0.049021 0.062030 0.077506 0.095625 0.116495 0.140132 0.166440 0.195191 0.226019 0.258408 0.291701 0.325117 0.357773 0.388721 0.416993 0.441651 0.461835 0.476815 0.486036 0.489149 0.486036 0.476815 0.461835 0.441651 0.416993 0.388721 0.357773 0.325117 0.291701 0.258408 0.226019 0.195191 0.166440 0.140132 0.116495 0.095625 0.077506 0.062030 0.049021 0.038254 0.029478 0.022431 0.016856 0.012508 0.009166 0.006633 0.004741 0.003346 0.002333 0.001606 0.001092 0.000733 0.000486 0.000319 0.000206 0.000132 0.000083 0.000052 0.000032 0.000019 0.000012 0.000007 0.000004 0.000002 0.000001 0.000001 0.000000 0.000000 0.000000 
0.000000 0.000000 0.000000 0.000001 0.000001 0.000002 0.000004 0.000006 0.000010 0.000017 0.000029 0.000047 0.000077 0.000123 0.000194 0.000304 0.000469 0.000716 0.001079 0.001606 0.002361 0.003428 0.004916 0.006963 0.009739 0.013453 0.018353 0.024725 0.032895 0.043218 0.056071 0.071836 0.090879 0.113528 0.140041 0.170573 0.205147 0.243621 0.285664 0.330734 0.378081 0.426745 0.475582 0.523303 0.568526 0.609836 0.645862 0.675350 0.697235 0.710705 0.715253 0.710705 0.697235 0.675350 0.645862 0.609836 0.568526 0.523303 0.475582 0.426745 0.378081 0.330734 0.285664 0.243621 0.205147 0.170573 0.140041 0.113528 0.090879 0.071836 0.056071 0.043218 0.032895 0.024725 0.018353 0.013453 0.009739 0.006963 0.004916 0.003428 0.002361 0.001606 0.001079 0.000716 0.000469 0.000304 0.000194 0.000123 0.000077 0.000047 0.000029 0.000017 0.000010 0.000006 0.000004 0.000002 0.000001 0.000001 0.000001 0.000001 
0.000000 0.000000 0.000001 0.000001 0.000002 0.000003 0.000005 0.000009 0.000015 0.000025 0.000042 0.000069 0.000112 0.000179 0.000283 0.000442 0.000682 0.001041 0.001568 0.002333 0.003428 0.004976 0.007133 0.010100 0.014122 0.019503 0.026598 0.035824 0.047649 0.062587 0.081180 0.103981 0.131518 0.164262 0.202584 0.246707 0.296664 0.352246 0.412974 0.478067 0.546439 0.616704 0.687212 0.756104 0.821382 0.881008 0.933005 0.975563 1.007148 1.026588 1.033151 1.026588 1.007148 0.975563 0.933005 0.881008 0.821382 0.756104 0.687212 0.616704 0.546439 0.478067 0.412974 0.352246 0.296664 0.246707 0.202584 0.164262 0.131518 0.103981 0.081180 0.062587 0.047649 0.035824 0.026598 0.019503 0.014122 0.010100 0.007133 0.004976 0.003428 0.002333 0.001568 0.001041 0.000682 0.000442 0.000283 0.000179 0.000112 0.000069 0.000042 0.000025 0.000015 0.000009 0.000005 0.000003 0.000002 0.000001 0.000001 0.000001 
0.000001 0.000001 0.000001 0.000001 0.000002 0.000004 0.000007 0.000013 0.000022 0.000036 0.000060 0.000099 0.000160 0.000257 0.000406 0.000635 0.000980 0.001494 0.002250 0.003346 0.004916 0.007133 0.010223 0.014470 0.020227 0.027925 0.038075 0.051268 0.068173 0.089523 0.116093 0.148667 0.187998 0.234759 0.289474 0.352461 0.423763 0.503082 0.589731 0.682597 0.780128 0.880349 0.980907 1.079149 1.172232 1.257250 1.331385 1.392060 1.437088 1.464802 1.474158 1.464802 1.437088 1.392060 1.331385 1.257250 1.172232 1.079149 0.980907 0.880349 0.780128 0.682597 0.589731 0.503082 0.423763 0.352461 0.289474 0.234759 0.187998 0.148667 0.116093 0.089523 0.068173 0.051268 0.038075 0.027925 0.020227 0.014470 0.010223 0.007133 0.004916 0.003346 0.002250 0.001494 0.000980 0.000635 0.000406 0.000257 0.000160 0.000099 0.000060 0.000036 0.000022 0.000013 0.000007 0.000004 0.000003 0.000002 0.000001 0.000001 
0.000001 0.000001 0.000001 0.000002 0.000003 0.000006 0.000011 0.000018 0.000031 0.000052 0.000086 0.000141 0.000228 0.000365 0.000577 0.000901 0.001390 0.002118 0.003188 0.004741 0.006963 0.010100 0.014470 0.020474 0.028613 0.039492 0.053831 0.072466 0.096338 0.126480 0.163981 0.209947 0.265439 0.331398 0.408563 0.497381 0.597905 0.709716 0.831842 0.962714 1.100144 1.241348 1.383013 1.521405 1.652518 1.772264 1.876675 1.962126 2.025539 2.064567 2.077744 2.064567 2.025539 1.962126 1.876675 1.772264 1.652518 1.521405 1.383013 1.241348 1.100144 0.962714 0.831842 0.709716 0.597905 0.497381 0.408563 0.331398 0.265439 0.209947 0.163981 0.126480 0.096338 0.072466 0.053831 0.039492 0.028613 0.020474 0.014470 0.010100 0.006963 0.004741 0.003188 0.002118 0.001390 0.000901 0.000577 0.000365 0.000228 0.000141 0.000086 0.000052 0.000031 0.000018 0.000011 0.000006 0.000004 0.000002 0.000002 0.000002 
0.000001 0.000001 0.000002 0.000003 0.000005 0.000009 0.000015 0.000025 0.000043 0.000073 0.000120 0.000197 0.000320 0.000512 0.000808 0.001262 0.001947 0.002966 0.004463 0.006633 0.009739 0.014122 0.020227 0.028613 0.039976 0.055161 0.075170 0.101167 0.134463 0.176493 0.228774 0.292843 0.370174 0.462074 0.569570 0.693276 0.833267 0.988952 1.158977 1.341155 1.532440 1.728958 1.926099 2.118668 2.301096 2.467697 2.612956 2.731832 2.820047 2.874339 2.892668 2.874339 2.820047 2.731832 2.612956 2.467697 2.301096 2.118668 1.926099 1.728958 1.532440 1.341155 1.158977 0.988952 0.833267 0.693276 0.569570 0.462074 0.370174 0.292843 0.228774 0.176493 0.134463 0.101167 0.075170 0.055161 0.039976 0.028613 0.020227 0.014122 0.009739 0.006633 0.004463 0.002966 0.001947 0.001262 0.000808 0.000512 0.000320 0.000197 0.000120 0.000073 0.000043 0.000025 0.000015 0.000009 0.000005 0.000003 0.000002 0.000002 
0.000002 0.000002 0.000002 0.000004 0.000007 0.000012 0.000021 0.000035 0.000060 0.000101 0.000167 0.000274 0.000443 0.000708 0.001119 0.001746 0.002692 0.004101 0.006169 0.009166 0.013453 0.019503 0.027925 0.039492 0.055161 0.076094 0.103671 0.139492 0.185359 0.243246 0.315237 0.403442 0.509883 0.636356 0.784267 0.954455 1.147016 1.361137 1.594950 1.845444 2.108430 2.378585 2.649572 2.914253 3.164978 3.393936 3.593554 3.756910 3.878128 3.952731 3.977917 3.952731 3.878128 3.756910 3.593554 3.393936 3.164978 2.914253 2.649572 2.378585 2.108430 1.845444 1.594950 1.361137 1.147016 0.954455 0.784267 0.636356 0.509883 0.403442 0.315237 0.243246 0.185359 0.139492 0.103671 0.076094 0.055161 0.039492 0.027925 0.019503 0.013453 0.009166 0.006169 0.004101 0.002692 0.001746 0.001119 0.000708 0.000443 0.000274 0.000167 0.000101 0.000060 0.000035 0.000021 0.000012 0.000007 0.000004 0.000003 0.000003 
0.000002 0.000002 0.000003 0.000005 0.000009 0.000016 0.000028 0.000048 0.000082 0.000138 0.000228 0.000374 0.000606 0.000968 0.001529 0.002386 0.003678 0.005599 0.008420 0.012508 0.018353 0.026598 0.038075 0.053831 0.075170 0.103671 0.141210 0.189958 0.252365 0.331109 0.429019 0.548957 0.693666 0.865579 1.066599 1.297859 1.559485 1.850361 2.167950 2.508157 2.865293 3.232128 3.600060 3.959403 4.299776 4.610581 4.881545 5.103277 5.267807 5.369066 5.403250 5.369066 5.267807 5.103277 4.881545 4.610581 4.299776 3.959403 3.600060 3.232128 2.865293 2.508157 2.167950 1.850361 1.559485 1.297859 1.066599 0.865579 0.693666 0.548957 0.429019 0.331109 0.252365 0.189958 0.141210 0.103671 0.075170 0.053831 0.038075 0.026598 0.018353 0.012508 0.008420 0.005599 0.003678 0.002386 0.001529 0.000968 0.000606 0.000374 0.000229 0.000138 0.000082 0.000048 0.000028 0.000016 0.000010 0.000006 0.000004 0.000004 
0.000003 0.000003 0.000004 0.000007 0.000013 0.000022 0.000038 0.000065 0.000111 0.000186 0.000309 0.000506 0.000818 0.001307 0.002064 0.003219 0.004960 0.007550 0.011350 0.016856 0.024725 0.035824 0.051268 0.072466 0.101167 0.139492 0.189958 0.255480 0.339342 0.445136 0.576655 0.737734 0.932046 1.162849 1.432687 1.743072 2.094163 2.484457 2.910541 3.366920 3.845960 4.337964 4.831398 5.313278 5.769688 6.186427 6.549729 6.847011 7.067596 7.203349 7.249179 7.203349 7.067596 6.847011 6.549729 6.186427 5.769688 5.313278 4.831398 4.337964 3.845960 3.366920 2.910541 2.484457 2.094163 1.743072 1.432687 1.162849 0.932046 0.737734 0.576655 0.445136 0.339342 0.255480 0.189958 0.139492 0.101167 0.072466 0.051268 0.035824 0.024725 0.016856 0.011350 0.007550 0.004960 0.003219 0.002064 0.001307 0.000818 0.000506 0.000309 0.000186 0.000111 0.000066 0.000038 0.000022 0.000013 0.000008 0.000006 0.000006 
0.000004 0.000004 0.000006 0.000010 0.000017 0.000029 0.000051 0.000087 0.000148 0.000249 0.000412 0.000675 0.001091 0.001743 0.002751 0.004289 0.006607 0.010053 0.015109 0.022431 0.032895 0.047649 0.068173 0.096338 0.134463 0.185359 0.252365 0.339342 0.450642 0.591023 0.765506 0.979168 1.236870 1.542916 1.900669 2.312123 2.777474 3.294723 3.859338 4.464034 5.098693 5.750469 6.404087 7.042355 7.646850 8.198773 8.679903 9.073587 9.365695 9.545462 9.606149 9.545462 9.365695 9.073587 8.679903 8.198773 7.646850 7.042355 6.404087 5.750469 5.098693 4.464034 3.859338 3.294723 2.777474 2.312123 1.900669 1.542916 1.236870 0.979168 0.765506 0.591023 0.450642 0.339342 0.252365 0.185359 0.134463 0.096338 0.068173 0.047649 0.032895 0.022431 0.015109 0.010053 0.006607 0.004289 0.002751 0.001743 0.001091 0.000675 0.000412 0.000249 0.000148 0.000088 0.000051 0.000030 0.000017 0.000011 0.000008 0.000008 
0.000006 0.000006 0.000008 0.000013 0.000022 0.000039 0.000067 0.000115 0.000196 0.000328 0.000543 0.000889 0.001437 0.002294 0.003620 0.005643 0.008690 0.013218 0.019861 0.029478 0.043218 0.062587 0.089523 0.126480 0.176493 0.243246 0.331109 0.445136 0.591023 0.774993 1.003614 1.283523 1.621072 2.021884 2.490346 3.029052 3.638249 4.315304 5.054279 5.845630 6.676116 7.528928 8.384086 9.219102 10.009887 10.731863 11.361208 11.876150 12.258220 12.493347 12.572722 12.493347 12.258220 11.876150 11.361208 10.731863 10.009887 9.219102 8.384086 7.528928 6.676116 5.845630 5.054279 4.315304 3.638249 3.029052 2.490346 2.021884 1.621072 1.283523 1.003614 0.774993 0.591023 0.445136 0.331109 0.243246 0.176493 0.126480 0.089523 0.062587 0.043218 0.029478 0.019861 0.013218 0.008690 0.005643 0.003620 0.002294 0.001437 0.000889 0.000543 0.000328 0.000196 0.000115 0.000067 0.000039 0.000023 0.000014 0.000011 0.000011 
0.000008 0.000008 0.000010 0.000017 0.000029 0.000051 0.000088 0.000150 0.000255 0.000427 0.000707 0.001156 0.001868 0.002982 0.004704 0.007331 0.011285 0.017162 0.025780 0.038254 0.056071 0.081180 0.116093 0.163981 0.228774 0.315237 0.429019 0.576655 0.765506 1.003614 1.299462 1.661621 2.098291 2.616725 3.222577 3.919187 4.706851 5.582156 6.537409 7.560270 8.633618 9.735730 10.840794 11.919760 12.941516 13.874319 14.687407 15.352671 15.846262 16.150015 16.252556 16.150015 15.846262 15.352671 14.687407 13.874319 12.941516 11.919760 10.840794 9.735730 8.633618 7.560270 6.537409 5.582156 4.706851 3.919187 3.222577 2.616725 2.098291 1.661621 1.299462 1.003614 0.765506 0.576655 0.429019 0.315237 0.228774 0.163981 0.116093 0.081180 0.056071 0.038254 0.025780 0.017162 0.011285 0.007331 0.004704 0.002982 0.001868 0.001156 0.000707 0.000427 0.000255 0.000150 0.000088 0.000051 0.000030 0.000019 0.000014 0.000014 
0.000010 0.000010 0.000013 0.000022 0.000037 0.000065 0.000113 0.000193 0.000327 0.000548 0.000908 0.001484 0.002398 0.003828 0.006036 0.009404 0.014472 0.022002 0.033044 0.049021 0.071836 0.103981 0.148667 0.209947 0.292843 0.403442 0.548957 0.737734 0.979168 1.283523 1.661621 2.124395 2.682298 3.344575 4.118423 5.008084 6.013919 7.131547 8.351135 9.656918 11.027037 12.433764 13.844161 15.221164 16.525082 17.715429 18.752967 19.601849 20.231660 20.619236 20.750073 20.619236 20.231660 19.601849 18.752967 17.715429 16.525082 15.221164 13.844161 12.433764 11.027037 9.656918 8.351135 7.131547 6.013919 5.008084 4.118423 3.344575 2.682298 2.124395 1.661621 1.283523 0.979168 0.737734 0.548957 0.403442 0.292843 0.209947 0.148667 0.103981 0.071836 0.049021 0.033044 0.022002 0.014472 0.009404 0.006036 0.003828 0.002398 0.001484 0.000908 0.000548 0.000327 0.000193 0.000113 0.000066 0.000039 0.000024 0.000018 0.000018 
0.000012 0.000012 0.000017 0.000028 0.000047 0.000083 0.000143 0.000245 0.000415 0.000696 0.001151 0.001882 0.003040 0.004851 0.007647 0.011911 0.018326 0.027854 0.041822 0.062030 0.090879 0.131518 0.187998 0.265439 0.370174 0.509883 0.693666 0.932046 1.236870 1.621072 2.098291 2.682298 3.386258 4.221806 5.197995 6.320148 7.588694 8.998088 10.535914 12.182281 13.909624 15.682992 17.460868 19.196547 20.840021 22.340282 23.647902 24.717723 25.511440 25.999873 26.164757 25.999873 25.511440 24.717723 23.647902 22.340282 20.840021 19.196547 17.460868 15.682992 13.909624 12.182281 10.535914 8.998088 7.588694 6.320148 5.197995 4.221806 3.386258 2.682298 2.098291 1.621072 1.236870 0.932046 0.693666 0.509883 0.370174 0.265439 0.187998 0.131518 0.090879 0.062030 0.041822 0.027854 0.018326 0.011911 0.007647 0.004851 0.003040 0.001882 0.001151 0.000696 0.000416 0.000245 0.000143 0.000084 0.000049 0.000031 0.000023 0.000023 
0.000016 0.000016 0.000021 0.000035 0.000060 0.000104 0.000179 0.000307 0.000520 0.000871 0.001441 0.002356 0.003804 0.006069 0.009566 0.014895 0.022913 0.034819 0.052268 0.077506 0.113528 0.164262 0.234759 0.331398 0.462074 0.636356 0.865579 1.162849 1.542916 2.021884 2.616725 3.344575 4.221806 5.262885 6.479058 7.876922 9.456985 11.212314 13.127425 15.177535 17.328317 19.536251 21.749660 23.910416 25.956285 27.823797 29.451456 30.783079 31.771009 32.378948 32.584173 32.378948 31.771009 30.783079 29.451456 27.823797 25.956285 23.910416 21.749660 19.536251 17.328317 15.177535 13.127425 11.212314 9.456985 7.876922 6.479058 5.262885 4.221806 3.344575 2.616725 2.021884 1.542916 1.162849 0.865579 0.636356 0.462074 0.331398 0.234759 0.164262 0.113528 0.077506 0.052268 0.034819 0.022913 0.014895 0.009566 0.006069 0.003804 0.002356 0.001441 0.000871 0.000521 0.000308 0.000180 0.000105 0.000062 0.000039 0.000028 0.000028 
0.000019 0.000019 0.000026 0.000043 0.000074 0.000128 0.000222 0.000380 0.000644 0.001078 0.001782 0.002912 0.004701 0.007498 0.011815 0.018393 0.028287 0.042976 0.064500 0.095625 0.140041 0.202584 0.289474 0.408563 0.569570 0.784267 1.066599 1.432687 1.900669 2.490346 3.222577 4.118423 5.197995 6.479058 7.975410 9.695132 11.638812 13.797894 16.153312 18.674568 21.319441 24.034419 26.755968 29.412636 31.927936 34.223864 36.224849 37.861856 39.076326 39.823660 40.075940 39.823660 39.076326 37.861856 36.224849 34.223864 31.927936 29.412636 26.755968 24.034419 21.319441 18.674568 16.153312 13.797894 11.638812 9.695132 7.975410 6.479058 5.197995 4.118423 3.222577 2.490346 1.900669 1.432687 1.066599 0.784267 0.569570 0.408563 0.289474 0.202584 0.140041 0.095625 0.064500 0.042976 0.028287 0.018393 0.011815 0.007498 0.004701 0.002912 0.001782 0.001078 0.000644 0.000381 0.000223 0.000130 0.000076 0.000048 0.000035 0.000035 
0.000024 0.000024 0.000032 0.000052 0.000090 0.000157 0.000271 0.000464 0.000786 0.001316 0.002175 0.003553 0.005735 0.009146 0.014408 0.022426 0.034482 0.052376 0.078592 0.116495 0.170573 0.246707 0.352461 0.497381 0.693276 0.954455 1.297859 1.743072 2.312123 3.029052 3.919187 5.008084 6.320148 7.876922 9.695132 11.784551 14.145856 16.768621 19.629657 22.691905 25.904077 29.201188 32.506096 35.732057 38.786225 41.573920 44.003424 45.990952 47.465442 48.372770 48.679058 48.372770 47.465442 45.990952 44.003424 41.573920 38.786225 35.732057 32.506096 29.201188 25.904077 22.691905 19.629657 16.768621 14.145856 11.784551 9.695132 7.876922 6.320148 5.008084 3.919187 3.029052 2.312123 1.743072 1.297859 0.954455 0.693276 0.497381 0.352461 0.246707 0.170573 0.116495 0.078592 0.052376 0.034482 0.022426 0.014408 0.009146 0.005735 0.003553 0.002175 0.001316 0.000786 0.000465 0.000272 0.000158 0.000093 0.000058 0.000043 0.000043 
0.000029 0.000029 0.000039 0.000063 0.000109 0.000189 0.000327 0.000560 0.000948 0.001586 0.002621 0.004281 0.006908 0.011014 0.017348 0.026996 0.041501 0.063026 0.094555 0.140132 0.205147 0.296664 0.423763 0.597905 0.833267 1.147016 1.559485 2.094163 2.777474 3.638249 4.706851 6.013919 7.588694 9.456985 11.638812 14.145856 16.978887 20.125356 23.557417 27.230596 31.083364 35.037783 39.001349 42.870056 46.532592 49.875461 52.788721 55.171945 56.939960 58.027896 58.395149 58.027896 56.939960 55.171945 52.788721 49.875461 46.532592 42.870056 39.001349 35.037783 31.083364 27.230596 23.557417 20.125356 16.978887 14.145856 11.638812 9.456985 7.588694 6.013919 4.706851 3.638249 2.777474 2.094163 1.559485 1.147016 0.833267 0.597905 0.423763 0.296664 0.205147 0.140132 0.094555 0.063026 0.041501 0.026996 0.017348 0.011014 0.006908 0.004281 0.002621 0.001586 0.000948 0.000561 0.000328 0.000191 0.000113 0.000070 0.000052 0.000052 
0.000034 0.000034 0.000047 0.000075 0.000130 0.000225 0.000389 0.000667 0.001128 0.001887 0.003119 0.005092 0.008216 0.013096 0.020624 0.032087 0.049318 0.074884 0.112325 0.166440 0.243621 0.352246 0.503082 0.709716 0.988952 1.361137 1.850361 2.484457 3.294723 4.315304 5.582156 7.131547 8.998088 11.212314 13.797894 16.768621 20.125356 23.853192 27.919103 32.270384 36.834139 41.518053 46.212573 50.794544 55.132171 59.091081 62.541118 65.363398 67.457096 68.745426 69.180323 68.745426 67.457096 65.363398 62.541118 59.091081 55.132171 50.794544 46.212573 41.518053 36.834139 32.270384 27.919103 23.853192 20.125356 16.768621 13.797894 11.212314 8.998088 7.131547 5.582156 4.315304 3.294723 2.484457 1.850361 1.361137 0.988952 0.709716 0.503082 0.352246 0.243621 0.166440 0.112325 0.074884 0.049318 0.032087 0.020624 0.013096 0.008216 0.005092 0.003119 0.001887 0.001129 0.000667 0.000391 0.000228 0.000134 0.000084 0.000062 0.000062 
0.000040 0.000040 0.000055 0.000089 0.000152 0.000265 0.000458 0.000783 0.001326 0.002217 0.003663 0.005980 0.009647 0.015374 0.024206 0.037654 0.057865 0.087848 0.131750 0.195191 0.285664 0.412974 0.589731 0.831842 1.158977 1.594950 2.167950 2.910541 3.859338 5.054279 6.537409 8.351135 10.535914 13.127425 16.153312 19.629657 23.557417 27.919103 32.676042 37.766548 43.105333 48.584409 54.075648 59.435024 64.508421 69.138723 73.173753 76.474516 78.923139 80.429852 80.938466 80.429852 78.923139 76.474516 73.173753 69.138723 64.508421 59.435024 54.075648 48.584409 43.105333 37.766548 32.676042 27.919103 23.557417 19.629657 16.153312 13.127425 10.535914 8.351135 6.537409 5.054279 3.859338 2.910541 2.167950 1.594950 1.158977 0.831842 0.589731 0.412974 0.285664 0.195191 0.131750 0.087848 0.057865 0.037654 0.024206 0.015374 0.009647 0.005980 0.003663 0.002217 0.001326 0.000784 0.000459 0.000268 0.000158 0.000099 0.000073 0.000073 
0.000047 0.000047 0.000064 0.000103 0.000177 0.000307 0.000531 0.000909 0.001538 0.002571 0.004248 0.006933 0.011182 0.017818 0.028050 0.043627 0.067033 0.101751 0.152579 0.226019 0.330734 0.478067 0.682597 0.962714 1.341155 1.845444 2.508157 3.366920 4.464034 5.845630 7.560270 9.656918 12.182281 15.177535 18.674568 22.691905 27.230596 32.270384 37.766548 43.647793 49.815573 56.145139 62.488494 68.679298 74.539570 79.887877 84.548498 88.360942 91.189108 92.929350 93.516793 92.929350 91.189108 88.360942 84.548498 79.887877 74.539570 68.679298 62.488494 56.145139 49.815573 43.647793 37.766548 32.270384 27.230596 22.691905 18.674568 15.177535 12.182281 9.656918 7.560270 5.845630 4.464034 3.366920 2.508157 1.845444 1.341155 0.962714 0.682597 0.478067 0.330734 0.226019 0.152579 0.101751 0.067033 0.043627 0.028050 0.017818 0.011182 0.006934 0.004248 0.002571 0.001538 0.000910 0.000533 0.000311 0.000183 0.000115 0.000085 0.000085 
0.000053 0.000053 0.000073 0.000118 0.000203 0.000352 0.000609 0.001041 0.001761 0.002944 0.004863 0.007936 0.012797 0.020389 0.032092 0.049906 0.076670 0.116363 0.174467 0.258408 0.378081 0.546439 0.780128 1.100144 1.532440 2.108430 2.865293 3.845960 5.098693 6.676116 8.633618 11.027037 13.909624 17.328317 21.319441 25.904077 31.083364 36.834139 43.105333 49.815573 56.852414 64.073536 71.310116 78.372428 85.057482 91.158364 96.474682 100.823422 104.049385 106.034385 106.704446 106.034385 104.049385 100.823422 96.474682 91.158364 85.057482 78.372428 71.310116 64.073536 56.852414 49.815573 43.105333 36.834139 31.083364 25.904077 21.319441 17.328317 13.909624 11.027037 8.633618 6.676116 5.098693 3.845960 2.865293 2.108430 1.532440 1.100144 0.780128 0.546439 0.378081 0.258408 0.174467 0.116363 0.076670 0.049906 0.032092 0.020389 0.012797 0.007936 0.004863 0.002944 0.001762 0.001042 0.000611 0.000356 0.000210 0.000132 0.000097 0.000097 
0.000060 0.000060 0.000083 0.000134 0.000230 0.000398 0.000688 0.001177 0.001991 0.003328 0.005496 0.008968 0.014459 0.023033 0.036250 0.056363 0.086579 0.131387 0.196968 0.291701 0.426745 0.616704 0.880349 1.241348 1.728958 2.378585 3.232128 4.337964 5.750469 7.528928 9.735730 12.433764 15.682992 19.536251 24.034419 29.201188 35.037783 41.518053 48.584409 56.145139 64.073536 72.209253 80.362110 88.318392 95.849463 102.722275 108.711142 113.609952 117.243924 119.479963 120.234763 119.479963 117.243924 113.609952 108.711142 102.722275 95.849463 88.318392 80.362110 72.209253 64.073536 56.145139 48.584409 41.518053 35.037783 29.201188 24.034419 19.536251 15.682992 12.433764 9.735730 7.528928 5.750469 4.337964 3.232128 2.378585 1.728958 1.241348 0.880349 0.616704 0.426745 0.291701 0.196968 0.131387 0.086579 0.056363 0.036250 0.023033 0.014459 0.008968 0.005496 0.003328 0.001992 0.001178 0.000691 0.000403 0.000238 0.000149 0.000110 0.000110 
0.000067 0.000067 0.000092 0.000149 0.000256 0.000445 0.000768 0.001314 0.002222 0.003713 0.006132 0.010005 0.016128 0.025689 0.040425 0.062847 0.096529 0.146469 0.219555 0.325117 0.475582 0.687212 0.980907 1.383013 1.926099 2.649572 3.600060 4.831398 6.404087 8.384086 10.840794 13.844161 17.460868 21.749660 26.755968 32.506096 39.001349 46.212573 54.075648 62.488494 71.310116 80.362110 89.432898 98.284738 106.663307 114.309386 120.971953 126.421767 130.464436 132.951936 133.791616 132.951936 130.464436 126.421767 120.971953 114.309386 106.663307 98.284738 89.432898 80.362110 71.310116 62.488494 54.075648 46.212573 39.001349 32.506096 26.755968 21.749660 17.460868 13.844161 10.840794 8.384086 6.404087 4.831398 3.600060 2.649572 1.926099 1.383013 0.980907 0.687212 0.475582 0.325117 0.219555 0.146469 0.096529 0.062847 0.040425 0.025689 0.016129 0.010005 0.006132 0.003714 0.002223 0.001315 0.000771 0.000450 0.000266 0.000166 0.000123 0.000123 
