0.000000 0.000000 0.000000 0.000000 0.000000 0.000000 0.000000 0.000000 0.000000 0.000001 0.000001 0.000001 0.000002 0.000003 0.000004 0.000005 0.000007 0.000010 0.000014 0.000019 0.000026 0.000035 0.000047 0.000061 0.000080 0.000103 0.000131 0.000165 0.000207 0.000256 0.000314 0.000381 0.000458 0.000545 0.000642 0.000749 0.000865 0.000990 0.001121 0.001257 0.001395 0.001534 0.001669 0.001798 0.001919 0.002027 0.002120 0.002195 0.002250 0.002284 0.002295 0.002284 0.002250 0.002195 0.002120 0.002027 0.001919 0.001798 0.001669 0.001534 0.001395 0.001257 0.001121 0.000990 0.000865 0.000749 0.000642 0.000545 0.000458 0.000381 0.000314 0.000256 0.000207 0.000165 0.000131 0.000103 0.000080 0.000061 0.000047 0.000035 0.000026 0.000019 0.000014 0.000010 0.000007 0.000005 0.000004 0.000003 0.000002 0.000001 0.000001 0.000001 0.000000 0.000000 0.000000 0.000000 0.000000 0.000000 0.000000 0.000000 
0.000000 0.000000 0.000000 0.000000 0.000000 0.000000 0.000000 0.000000 0.000000 0.000001 0.000001 0.000001 0.000002 0.000003 0.000004 0.000005 0.000007 0.000010 0.000014 0.000019 0.000026 0.000035 0.000047 0.000061 0.000080 0.000103 0.000131 0.000165 0.000207 0.000256 0.000314 0.000381 0.000458 0.000545 0.000642 0.000749 0.000865 0.000990 0.001121 0.001257 0.001395 0.001534 0.001669 0.001798 0.001919 0.002027 0.002120 0.002195 0.002250 0.002284 0.002295 0.002284 0.002250 0.002195 0.002120 0.002027 0.001919 0.001798 0.001669 0.001534 0.001395 0.001257 0.001121 0.000990 0.000865 0.000749 0.000642 0.000545 0.000458 0.000381 0.000314 0.000256 0.000207 0.000165 0.000131 0.000103 0.000080 0.000061 0.000047 0.000035 0.000026 0.000019 0.000014 0.000010 0.000007 0.000005 0.000004 0.000003 0.000002 0.000001 0.000001 0.000001 0.000000 0.000000 0.000000 0.000000 0.000000 0.000000 0.000000 0.000000 
0.000000 0.000000 0.000000 0.000000 0.000000 0.000000 0.000000 0.000000 0.000000 0.000001 0.000001 0.000001 0.000002 0.000003 0.000005 0.000006 0.000009 0.000013 0.000017 0.000024 0.000032 0.000043 0.000057 0.000075 0.000097 0.000125 0.000160 0.000202 0.000252 0.000312 0.000383 0.000465 0.000559 0.000665 0.000783 0.000913 0.001055 0.001207 0.001366 0.001532 0.001701 0.001869 0.002034 0.002192 0.002338 0.002470 0.002583 0.002674 0.002742 0.002783 0.002797 0.002783 0.002742 0.002674 0.002583 0.002470 0.002338 0.002192 0.002034 0.001869 0.001701 0.001532 0.001366 0.001207 0.001055 0.000913 0.000783 0.000665 0.000559 0.000465 0.000383 0.000312 0.000252 0.000202 0.000160 0.000125 0.000097 0.000075 0.000057 0.000043 0.000032 0.000024 0.000017 0.000013 0.000009 0.000006 0.000005 0.000003 0.000002 0.000001 0.000001 0.000001 0.000000 0.000000 0.000000 0.000000 0.000000 0.000000 0.000000 0.000000 
0.000000 0.000000 0.000000 0.000000 0.000000 0.000000 0.000000 0.000000 0.000001 0.000001 0.000001 0.000002 0.000003 0.000004 0.000006 0.000009 0.000013 0.000018 0.000024 0.000033 0.000045 0.000060 0.000080 0.000105 0.000136 0.000175 0.000223 0.000282 0.000352 0.000435 0.000534 0.000647 0.000778 0.000925 0.001090 0.001272 0.001468 0.001679 0.001901 0.002131 0.002366 0.002600 0.002829 0.003048 0.003251 0.003434 0.003591 0.003718 0.003812 0.003869 0.003889 0.003869 0.003812 0.003718 0.003591 0.003434 0.003251 0.003048 0.002829 0.002600 0.002366 0.002131 0.001901 0.001679 0.001468 0.001272 0.001090 0.000925 0.000778 0.000647 0.000534 0.000435 0.000352 0.000282 0.000223 0.000175 0.000136 0.000105 0.000080 0.000060 0.000045 0.000033 0.000024 0.000018 0.000013 0.000009 0.000006 0.000004 0.000003 0.000002 0.000001 0.000001 0.000001 0.000000 0.000000 0.000000 0.000000 0.000000 0.000000 0.000000 
0.000000 0.000000 0.000000 0.000000 0.000000 0.000000 0.000000 0.000001 0.000001 0.000001 0.000002 0.000003 0.000005 0.000007 0.000009 0.000013 0.000019 0.000026 0.000036 0.000049 0.000067 0.000089 0.000118 0.000156 0.000202 0.000260 0.000331 0.000418 0.000523 0.000647 0.000792 0.000961 0.001155 0.001373 0.001617 0.001886 0.002178 0.002490 0.002819 0.003160 0.003507 0.003854 0.004193 0.004518 0.004819 0.005089 0.005322 0.005510 0.005649 0.005733 0.005762 0.005733 0.005649 0.005510 0.005322 0.005089 0.004819 0.004518 0.004193 0.003854 0.003507 0.003160 0.002819 0.002490 0.002178 0.001886 0.001617 0.001373 0.001155 0.000961 0.000792 0.000647 0.000523 0.000418 0.000331 0.000260 0.000202 0.000156 0.000118 0.000089 0.000067 0.000049 0.000036 0.000026 0.000019 0.000013 0.000009 0.000007 0.000005 0.000003 0.000002 0.000001 0.000001 0.000001 0.000000 0.000000 0.000000 0.000000 0.000000 0.000000 
0.000000 0.000000 0.000000 0.000000 0.000000 0.000000 0.000001 0.000001 0.000001 0.000002 0.000003 0.000005 0.000007 0.000010 0.000014 0.000020 0.000029 0.000040 0.000055 0.000075 0.000102 0.000136 0.000180 0.000237 0.000307 0.000395 0.000504 0.000636 0.000794 0.000982 0.001203 0.001459 0.001753 0.002084 0.002455 0.002862 0.003304 0.003778 0.004276 0.004792 0.005318 0.005844 0.006358 0.006849 0.007305 0.007715 0.008067 0.008353 0.008562 0.008691 0.008734 0.008691 0.008562 0.008353 0.008067 0.007715 0.007305 0.006849 0.006358 0.005844 0.005318 0.004792 0.004276 0.003778 0.003304 0.002862 0.002455 0.002084 0.001753 0.001459 0.001203 0.000982 0.000794 0.000636 0.000504 0.000395 0.000307 0.000237 0.000180 0.000136 0.000102 0.000075 0.000055 0.000040 0.000029 0.000020 0.000014 0.000010 0.000007 0.000005 0.000003 0.000002 0.000001 0.000001 0.000001 0.000000 0.000000 0.000000 0.000000 0.000000 
0.000000 0.000000 0.000000 0.000000 0.000000 0.000001 0.000001 0.000001 0.000002 0.000003 0.000005 0.000007 0.000011 0.000015 0.000022 0.000031 0.000044 0.000061 0.000084 0.000115 0.000155 0.000208 0.000275 0.000361 0.000469 0.000603 0.000768 0.000969 0.001211 0.001497 0.001834 0.002224 0.002670 0.003175 0.003739 0.004359 0.005032 0.005751 0.006510 0.007295 0.008095 0.008894 0.009676 0.010422 0.011116 0.011739 0.012275 0.012708 0.013027 0.013222 0.013288 0.013222 0.013027 0.012708 0.012275 0.011739 0.011116 0.010422 0.009676 0.008894 0.008095 0.007295 0.006510 0.005751 0.005032 0.004359 0.003739 0.003175 0.002670 0.002224 0.001834 0.001497 0.001211 0.000969 0.000768 0.000603 0.000469 0.000361 0.000275 0.000208 0.000155 0.000115 0.000084 0.000061 0.000044 0.000031 0.000022 0.000015 0.000011 0.000007 0.000005 0.000003 0.000002 0.000001 0.000001 0.000001 0.000000 0.000000 0.000000 0.000000 
0.000000 0.000000 0.000000 0.000000 0.000001 0.000001 0.000001 0.000002 0.000003 0.000005 0.000008 0.000011 0.000016 0.000024 0.000034 0.000048 0.000067 0.000093 0.000128 0.000175 0.000236 0.000316 0.000418 0.000549 0.000712 0.000916 0.001167 0.001471 0.001838 0.002272 0.002782 0.003374 0.004051 0.004816 0.005670 0.006609 0.007629 0.008719 0.009868 0.011057 0.012269 0.013479 0.014662 0.015793 0.016843 0.017786 0.018597 0.019253 0.019736 0.020031 0.020131 0.020031 0.019736 0.019253 0.018597 0.017786 0.016843 0.015793 0.014662 0.013479 0.012269 0.011057 0.009868 0.008719 0.007629 0.006609 0.005670 0.004816 0.004051 0.003374 0.002782 0.002272 0.001838 0.001471 0.001167 0.000916 0.000712 0.000549 0.000418 0.000316 0.000236 0.000175 0.000128 0.000093 0.000067 0.000048 0.000034 0.000024 0.000016 0.000011 0.000008 0.000005 0.000003 0.000002 0.000001 0.000001 0.000001 0.000000 0.000000 0.000000 
0.000000 0.000000 0.000000 0.000001 0.000001 0.000001 0.000002 0.000003 0.000005 0.000008 0.000011 0.000017 0.000025 0.000036 0.000051 0.000072 0.000101 0.000141 0.000194 0.000264 0.000356 0.000477 0.000631 0.000827 0.001074 0.001381 0.001759 0.002217 0.002768 0.003423 0.004191 0.005081 0.006099 0.007251 0.008535 0.009948 0.011481 0.013121 0.014847 0.016636 0.018456 0.020275 0.022054 0.023753 0.025332 0.026749 0.027967 0.028953 0.029678 0.030122 0.030272 0.030122 0.029678 0.028953 0.027967 0.026749 0.025332 0.023753 0.022054 0.020275 0.018456 0.016636 0.014847 0.013121 0.011481 0.009948 0.008535 0.007251 0.006099 0.005081 0.004191 0.003423 0.002768 0.002217 0.001759 0.001381 0.001074 0.000827 0.000631 0.000477 0.000356 0.000264 0.000194 0.000141 0.000101 0.000072 0.000051 0.000036 0.000025 0.000017 0.000011 0.000008 0.000005 0.000003 0.000002 0.000001 0.000001 0.000001 0.000001 0.000001 
0.000001 0.000001 0.000001 0.000001 0.000001 0.000002 0.000003 0.000005 0.000008 0.000012 0.000017 0.000025 0.000037 0.000053 0.000076 0.000108 0.000152 0.000211 0.000290 0.000395 0.000533 0.000713 0.000943 0.001237 0.001605 0.002064 0.002627 0.003312 0.004135 0.005112 0.006257 0.007585 0.009104 0.010821 0.012736 0.014843 0.017129 0.019573 0.022147 0.024812 0.027526 0.030236 0.032887 0.035419 0.037770 0.039882 0.041697 0.043166 0.044246 0.044908 0.045130 0.044908 0.044246 0.043166 0.041697 0.039882 0.037770 0.035419 0.032887 0.030236 0.027526 0.024812 0.022147 0.019573 0.017129 0.014843 0.012736 0.010821 0.009104 0.007585 0.006257 0.005112 0.004135 0.003312 0.002627 0.002064 0.001605 0.001237 0.000943 0.000713 0.000533 0.000395 0.000290 0.000211 0.000152 0.000108 0.000076 0.000053 0.000037 0.000025 0.000017 0.000012 0.000008 0.000005 0.000003 0.000002 0.000002 0.000001 0.000001 0.000001 
0.000001 0.000001 0.000001 0.000001 0.000002 0.000003 0.000005 0.000008 0.000011 0.000017 0.000026 0.000038 0.000055 0.000079 0.000113 0.000160 0.000225 0.000312 0.000430 0.000586 0.000790 0.001056 0.001398 0.001832 0.002378 0.003056 0.003890 0.004903 0.006119 0.007564 0.009257 0.011220 0.013466 0.016003 0.018833 0.021946 0.025323 0.028933 0.032734 0.036671 0.040678 0.044680 0.048595 0.052333 0.055804 0.058921 0.061601 0.063769 0.065364 0.066341 0.066669 0.066341 0.065364 0.063769 0.061601 0.058921 0.055804 0.052333 0.048595 0.044680 0.040678 0.036671 0.032734 0.028933 0.025323 0.021946 0.018833 0.016003 0.013466 0.011220 0.009257 0.007564 0.006119 0.004903 0.003890 0.003056 0.002378 0.001832 0.001398 0.001056 0.000790 0.000586 0.000430 0.000312 0.000225 0.000160 0.000113 0.000079 0.000055 0.000038 0.000026 0.000017 0.000011 0.000008 0.000005 0.000003 0.000002 0.000002 0.000001 0.000001 
0.000001 0.000001 0.000001 0.000002 0.000003 0.000005 0.000007 0.000011 0.000017 0.000025 0.000038 0.000055 0.000081 0.000116 0.000166 0.000236 0.000330 0.000459 0.000631 0.000860 0.001160 0.001550 0.002051 0.002688 0.003488 0.004483 0.005704 0.007189 0.008972 0.011087 0.013568 0.016442 0.019731 0.023446 0.027588 0.032144 0.037087 0.042370 0.047932 0.053692 0.059555 0.065410 0.071136 0.076604 0.081682 0.086241 0.090160 0.093331 0.095664 0.097092 0.097573 0.097092 0.095664 0.093331 0.090160 0.086241 0.081682 0.076604 0.071136 0.065410 0.059555 0.053692 0.047932 0.042370 0.037087 0.032144 0.027588 0.023446 0.019731 0.016442 0.013568 0.011087 0.008972 0.007189 0.005704 0.004483 0.003488 0.002688 0.002051 0.001550 0.001160 0.000860 0.000631 0.000459 0.000330 0.000236 0.000166 0.000116 0.000081 0.000055 0.000038 0.000025 0.000017 0.000011 0.000007 0.000005 0.000003 0.000002 0.000002 0.000002 
0.000002 0.000002 0.000002 0.000003 0.000005 0.000007 0.000011 0.000016 0.000025 0.000037 0.000055 0.000081 0.000117 0.000170 0.000242 0.000343 0.000481 0.000668 0.000919 0.001251 0.001687 0.002254 0.002982 0.003907 0.005069 0.006513 0.008287 0.010442 0.013029 0.016099 0.019699 0.023868 0.028638 0.034026 0.040033 0.046639 0.053805 0.061464 0.069527 0.077876 0.086373 0.094859 0.103156 0.111079 0.118437 0.125043 0.130721 0.135315 0.138696 0.140764 0.141461 0.140764 0.138696 0.135315 0.130721 0.125043 0.118437 0.111079 0.103156 0.094859 0.086373 0.077876 0.069527 0.061464 0.053805 0.046639 0.040033 0.034026 0.028638 0.023868 0.019699 0.016099 0.013029 0.010442 0.008287 0.006513 0.005069 0.003907 0.002982 0.002254 0.001687 0.001251 0.000919 0.000668 0.000481 0.000343 0.000242 0.000170 0.000117 0.000081 0.000055 0.000037 0.000025 0.000016 0.000011 0.000007 0.000005 0.000003 0.000003 0.000003 
0.000003 0.000003 0.000003 0.000004 0.000007 0.000010 0.000015 0.000024 0.000036 0.000053 0.000079 0.000116 0.000170 0.000245 0.000350 0.000495 0.000693 0.000963 0.001324 0.001803 0.002431 0.003247 0.004294 0.005625 0.007297 0.009374 0.011925 0.015023 0.018743 0.023155 0.028329 0.034321 0.041174 0.048915 0.057543 0.067033 0.077324 0.088323 0.099899 0.111887 0.124087 0.136269 0.148180 0.159552 0.170113 0.179595 0.187744 0.194338 0.199189 0.202158 0.203158 0.202158 0.199189 0.194338 0.187744 0.179595 0.170113 0.159552 0.148180 0.136269 0.124087 0.111887 0.099899 0.088323 0.077324 0.067033 0.057543 0.048915 0.041174 0.034321 0.028329 0.023155 0.018743 0.015023 0.011925 0.009374 0.007297 0.005625 0.004294 0.003247 0.002431 0.001803 0.001324 0.000963 0.000693 0.000495 0.000350 0.000245 0.000170 0.000116 0.000079 0.000053 0.000036 0.000024 0.000016 0.000010 0.000007 0.000005 0.000004 0.000004 
0.000004 0.000004 0.000005 0.000006 0.000009 0.000014 0.000022 0.000034 0.000051 0.000076 0.000113 0.000166 0.000242 0.000350 0.000499 0.000707 0.000990 0.001375 0.001890 0.002572 0.003469 0.004632 0.006125 0.008021 0.010404 0.013362 0.016997 0.021409 0.026706 0.032989 0.040354 0.048882 0.058637 0.069652 0.081930 0.095431 0.110071 0.125717 0.142183 0.159233 0.176582 0.193905 0.210842 0.227013 0.242029 0.255509 0.267095 0.276469 0.283366 0.287587 0.289008 0.287587 0.283366 0.276469 0.267095 0.255509 0.242029 0.227013 0.210842 0.193905 0.176582 0.159233 0.142183 0.125717 0.110071 0.095431 0.081930 0.069652 0.058637 0.048882 0.040354 0.032989 0.026706 0.021409 0.016997 0.013362 0.010404 0.008021 0.006125 0.004632 0.003469 0.002572 0.001890 0.001375 0.000990 0.000707 0.000499 0.000350 0.000242 0.000166 0.000113 0.000076 0.000051 0.000034 0.000022 0.000015 0.000010 0.000007 0.000006 0.000006 
0.000005 0.000005 0.000006 0.000009 0.000013 0.000020 0.000031 0.000048 0.000072 0.000108 0.000160 0.000236 0.000343 0.000495 0.000707 0.001000 0.001401 0.001944 0.002671 0.003636 0.004902 0.006544 0.008653 0.011330 0.014692 0.018868 0.023995 0.030220 0.037691 0.046552 0.056937 0.068962 0.082713 0.098240 0.115544 0.134571 0.155202 0.177247 0.200446 0.224466 0.248906 0.273307 0.297164 0.319939 0.341087 0.360071 0.376388 0.389590 0.399302 0.405245 0.407246 0.405245 0.399302 0.389590 0.376388 0.360071 0.341087 0.319939 0.297164 0.273307 0.248906 0.224466 0.200446 0.177247 0.155202 0.134571 0.115544 0.098240 0.082713 0.068962 0.056937 0.046552 0.037691 0.030220 0.023995 0.018868 0.014692 0.011330 0.008653 0.006544 0.004902 0.003636 0.002671 0.001944 0.001401 0.001000 0.000707 0.000495 0.000343 0.000236 0.000160 0.000108 0.000072 0.000048 0.000032 0.000021 0.000014 0.000010 0.000008 0.000008 
0.000007 0.000007 0.000009 0.000013 0.000019 0.000029 0.000044 0.000067 0.000101 0.000152 0.000225 0.000330 0.000481 0.000693 0.000990 0.001401 0.001962 0.002722 0.003741 0.005091 0.006861 0.009158 0.012107 0.015850 0.020550 0.026387 0.033552 0.042251 0.052688 0.065066 0.079571 0.096365 0.115567 0.137246 0.161404 0.187964 0.216760 0.247528 0.279904 0.313423 0.347526 0.381572 0.414856 0.446631 0.476133 0.502617 0.525378 0.543793 0.557341 0.565631 0.568422 0.565631 0.557341 0.543793 0.525378 0.502617 0.476133 0.446631 0.414856 0.381572 0.347526 0.313423 0.279904 0.247528 0.216760 0.187964 0.161404 0.137246 0.115567 0.096365 0.079571 0.065066 0.052688 0.042251 0.033552 0.026387 0.020550 0.015850 0.012107 0.009158 0.006861 0.005091 0.003741 0.002722 0.001962 0.001401 0.000990 0.000693 0.000481 0.000330 0.000225 0.000152 0.000101 0.000067 0.000044 0.000029 0.000020 0.000014 0.000012 0.000012 
0.000010 0.000010 0.000013 0.000018 0.000026 0.000040 0.000061 0.000093 0.000141 0.000211 0.000312 0.000459 0.000668 0.000963 0.001375 0.001944 0.002722 0.003776 0.005188 0.007059 0.009512 0.012694 0.016778 0.021962 0.028470 0.036550 0.046469 0.058507 0.072951 0.090077 0.110145 0.133374 0.159933 0.189915 0.223321 0.260045 0.299858 0.342393 0.387147 0.433477 0.480612 0.527666 0.573663 0.617573 0.658342 0.694936 0.726387 0.751831 0.770550 0.782005 0.785861 0.782005 0.770550 0.751831 0.726387 0.694936 0.658342 0.617573 0.573663 0.527666 0.480612 0.433477 0.387147 0.342393 0.299858 0.260045 0.223321 0.189915 0.159933 0.133374 0.110145 0.090077 0.072951 0.058507 0.046469 0.036550 0.028470 0.021962 0.016778 0.012694 0.009512 0.007059 0.005188 0.003776 0.002722 0.001944 0.001375 0.000963 0.000668 0.000459 0.000312 0.000211 0.000141 0.000093 0.000062 0.000041 0.000028 0.000020 0.000017 0.000017 
0.000014 0.000014 0.000017 0.000024 0.000036 0.000055 0.000084 0.000128 0.000194 0.000290 0.000430 0.000631 0.000919 0.001324 0.001890 0.002671 0.003741 0.005188 0.007126 0.009694 0.013060 0.017427 0.023030 0.030140 0.039066 0.050145 0.063744 0.080246 0.100043 0.123514 0.151012 0.182839 0.219224 0.260293 0.306049 0.356345 0.410865 0.469109 0.530386 0.593818 0.658346 0.722760 0.785724 0.845828 0.901630 0.951716 0.994762 1.029585 1.055204 1.070880 1.076157 1.070880 1.055204 1.029585 0.994762 0.951716 0.901630 0.845828 0.785724 0.722760 0.658346 0.593818 0.530386 0.469109 0.410865 0.356345 0.306049 0.260293 0.219224 0.182839 0.151012 0.123514 0.100043 0.080246 0.063744 0.050145 0.039066 0.030140 0.023030 0.017427 0.013060 0.009694 0.007126 0.005188 0.003741 0.002671 0.001890 0.001324 0.000919 0.000631 0.000430 0.000290 0.000194 0.000129 0.000085 0.000056 0.000038 0.000028 0.000023 0.000023 
0.000019 0.000019 0.000024 0.000033 0.000049 0.000075 0.000115 0.000175 0.000264 0.000395 0.000586 0.000860 0.001251 0.001803 0.002572 0.003636 0.005091 0.007059 0.009694 0.013185 0.017761 0.023695 0.031308 0.040968 0.053091 0.068138 0.086604 0.109010 0.135885 0.167744 0.205066 0.248258 0.297628 0.353350 0.415425 0.483653 0.557604 0.636600 0.719704 0.805724 0.893225 0.980565 1.065937 1.147426 1.223079 1.290981 1.349337 1.396544 1.431273 1.452524 1.459677 1.452524 1.431273 1.396544 1.349337 1.290981 1.223079 1.147426 1.065937 0.980565 0.893225 0.805724 0.719704 0.636600 0.557604 0.483653 0.415425 0.353350 0.297628 0.248258 0.205066 0.167744 0.135885 0.109010 0.086604 0.068138 0.053091 0.040968 0.031308 0.023695 0.017761 0.013185 0.009694 0.007059 0.005091 0.003636 0.002572 0.001803 0.001251 0.000860 0.000586 0.000395 0.000264 0.000176 0.000116 0.000077 0.000052 0.000038 0.000031 0.000031 
0.000026 0.000026 0.000032 0.000045 0.000067 0.000102 0.000155 0.000236 0.000356 0.000533 0.000790 0.001160 0.001687 0.002431 0.003469 0.004902 0.006861 0.009512 0.013060 0.017761 0.023921 0.031908 0.042153 0.055151 0.071461 0.091701 0.116537 0.146668 0.182804 0.225637 0.275807 0.333863 0.400217 0.475098 0.558510 0.650181 0.749534 0.855656 0.967289 1.082831 1.200355 1.317657 1.432309 1.541741 1.643333 1.734513 1.812871 1.876259 1.922890 1.951424 1.961030 1.951424 1.922890 1.876259 1.812871 1.734513 1.643333 1.541741 1.432309 1.317657 1.200355 1.082831 0.967289 0.855656 0.749534 0.650181 0.558510 0.475098 0.400217 0.333863 0.275807 0.225637 0.182804 0.146668 0.116537 0.091701 0.071461 0.055151 0.042153 0.031908 0.023921 0.017761 0.013060 0.009512 0.006861 0.004902 0.003469 0.002431 0.001688 0.001160 0.000790 0.000533 0.000357 0.000237 0.000157 0.000104 0.000071 0.000051 0.000042 0.000042 
0.000035 0.000035 0.000043 0.000060 0.000089 0.000136 0.000208 0.000316 0.000477 0.000713 0.001056 0.001550 0.002254 0.003247 0.004632 0.006544 0.009158 0.012694 0.017427 0.023695 0.031908 0.042556 0.056210 0.073532 0.095264 0.122229 0.155313 0.195446 0.243570 0.300606 0.367404 0.444694 0.533021 0.632692 0.743705 0.865700 0.997908 1.139113 1.287640 1.441357 1.597703 1.753745 1.906254 2.051814 2.186939 2.308213 2.412430 2.496734 2.558751 2.596700 2.609474 2.596700 2.558751 2.496734 2.412430 2.308213 2.186939 2.051814 1.906254 1.753745 1.597703 1.441357 1.287640 1.139113 0.997908 0.865700 0.743705 0.632692 0.533021 0.444694 0.367404 0.300606 0.243570 0.195446 0.155313 0.122229 0.095264 0.073532 0.056210 0.042556 0.031908 0.023695 0.017427 0.012694 0.009158 0.006544 0.004632 0.003247 0.002254 0.001550 0.001056 0.000713 0.000477 0.000317 0.000210 0.000139 0.000095 0.000069 0.000057 0.000057 
0.000047 0.000047 0.000057 0.000080 0.000118 0.000180 0.000275 0.000418 0.000631 0.000943 0.001398 0.002051 0.002982 0.004294 0.006125 0.008653 0.012107 0.016778 0.023030 0.031308 0.042153 0.056210 0.074235 0.097097 0.125777 0.161358 0.205007 0.257948 0.321424 0.396646 0.484735 0.586647 0.703102 0.834500 0.980838 1.141640 1.315889 1.501983 1.697713 1.900270 2.106279 2.311876 2.512810 2.704579 2.882595 3.042358 3.179647 3.290701 3.372396 3.422385 3.439212 3.422385 3.372396 3.290701 3.179647 3.042358 2.882595 2.704579 2.512810 2.311876 2.106279 1.900270 1.697713 1.501983 1.315889 1.141640 0.980838 0.834500 0.703102 0.586647 0.484735 0.396646 0.321424 0.257948 0.205007 0.161358 0.125777 0.097097 0.074235 0.056210 0.042153 0.031308 0.023030 0.016778 0.012107 0.008653 0.006125 0.004294 0.002982 0.002051 0.001398 0.000944 0.000632 0.000420 0.000278 0.000185 0.000125 0.000091 0.000075 0.000075 
0.000061 0.000061 0.000075 0.000105 0.000156 0.000237 0.000361 0.000549 0.000827 0.001237 0.001832 0.002688 0.003907 0.005625 0.008021 0.011330 0.015850 0.021962 0.030140 0.040968 0.055151 0.073532 0.097097 0.126983 0.164468 0.210966 0.268002 0.337171 0.420095 0.518353 0.633405 0.766498 0.918571 1.090139 1.281200 1.491128 1.718593 1.961504 2.216977 2.481343 2.750201 3.018507 3.280716 3.530956 3.763241 3.971702 4.150833 4.295732 4.402322 4.467544 4.489498 4.467544 4.402322 4.295732 4.150833 3.971702 3.763241 3.530956 3.280716 3.018507 2.750201 2.481343 2.216977 1.961504 1.718593 1.491128 1.281200 1.090139 0.918571 0.766498 0.633405 0.518353 0.420095 0.337171 0.268002 0.210966 0.164468 0.126983 0.097097 0.073532 0.055151 0.040968 0.030140 0.021962 0.015850 0.011330 0.008021 0.005625 0.003907 0.002688 0.001832 0.001237 0.000828 0.000551 0.000364 0.000242 0.000165 0.000119 0.000098 0.000098 
0.000080 0.000080 0.000097 0.000136 0.000202 0.000307 0.000469 0.000712 0.001074 0.001605 0.002378 0.003488 0.005069 0.007297 0.010404 0.014692 0.020550 0.028470 0.039066 0.053091 0.071461 0.095264 0.125777 0.164468 0.212991 0.273175 0.346987 0.436492 0.543784 0.670902 0.819731 0.991883 1.188564 1.410441 1.657506 1.928947 2.223043 2.537087 2.867351 3.209093 3.556622 3.903421 4.242324 4.565745 4.865949 5.135356 5.366853 5.554107 5.691852 5.776135 5.804506 5.776135 5.691852 5.554107 5.366853 5.135356 4.865949 4.565745 4.242324 3.903421 3.556622 3.209093 2.867351 2.537087 2.223043 1.928947 1.657506 1.410441 1.188564 0.991883 0.819731 0.670902 0.543784 0.436492 0.346987 0.273175 0.212991 0.164468 0.125777 0.095264 0.071461 0.053091 0.039066 0.028470 0.020550 0.014692 0.010404 0.007297 0.005069 0.003488 0.002378 0.001606 0.001076 0.000715 0.000473 0.000315 0.000214 0.000155 0.000128 0.000128 
0.000103 0.000103 0.000125 0.000175 0.000260 0.000395 0.000603 0.000916 0.001381 0.002064 0.003056 0.004483 0.006513 0.009374 0.013362 0.018868 0.026387 0.036550 0.050145 0.068138 0.091701 0.122229 0.161358 0.210966 0.273175 0.350322 0.444929 0.559637 0.697125 0.860002 1.050680 1.271217 1.523155 1.807346 2.123772 2.471391 2.847996 3.250121 3.672989 4.110529 4.555454 4.999425 5.433269 5.847277 6.231554 6.576399 6.872711 7.112389 7.288694 7.396572 7.432885 7.396572 7.288694 7.112389 6.872711 6.576399 6.231554 5.847277 5.433269 4.999425 4.555454 4.110529 3.672989 3.250121 2.847996 2.471391 2.123772 1.807346 1.523155 1.271217 1.050680 0.860002 0.697125 0.559637 0.444929 0.350322 0.273175 0.210966 0.161358 0.122229 0.091701 0.068138 0.050145 0.036550 0.026387 0.018868 0.013363 0.009374 0.006513 0.004483 0.003057 0.002065 0.001383 0.000920 0.000609 0.000405 0.000275 0.000200 0.000165 0.000165 
0.000131 0.000131 0.000160 0.000223 0.000331 0.000504 0.000768 0.001167 0.001759 0.002627 0.003890 0.005704 0.008287 0.011925 0.016997 0.023995 0.033552 0.046469 0.063744 0.086604 0.116537 0.155313 0.205007 0.268002 0.346987 0.444929 0.565023 0.710618 0.885108 1.091801 1.333749 1.613561 1.933187 2.293701 2.695077 3.135988 3.613633 4.123612 4.659866 5.214695 5.778863 6.341795 6.891863 7.416765 7.903955 8.341140 8.716789 9.020635 9.244139 9.380894 9.426928 9.380894 9.244139 9.020635 8.716789 8.341140 7.903955 7.416765 6.891863 6.341795 5.778863 5.214695 4.659866 4.123612 3.613633 3.135988 2.695077 2.293701 1.933187 1.613561 1.333749 1.091801 0.885108 0.710618 0.565023 0.444929 0.346987 0.268002 0.205007 0.155313 0.116537 0.086604 0.063744 0.046469 0.033552 0.023995 0.016997 0.011925 0.008287 0.005705 0.003891 0.002629 0.001761 0.001171 0.000776 0.000516 0.000351 0.000254 0.000210 0.000210 
0.000165 0.000165 0.000202 0.000282 0.000418 0.000636 0.000969 0.001471 0.002217 0.003312 0.004903 0.007189 0.010442 0.015023 0.021409 0.030220 0.042251 0.058507 0.080246 0.109010 0.146668 0.195446 0.257948 0.337171 0.436492 0.559637 0.710618 0.893638 1.112961 1.372735 1.676792 2.028401 2.430008 2.882954 3.387203 3.941081 4.541067 5.181629 5.855156 6.551977 7.260493 7.967426 8.658178 9.317304 9.929057 10.478006 10.949677 11.331183 11.611810 11.783516 11.841315 11.783516 11.611810 11.331183 10.949677 10.478006 9.929057 9.317304 8.658178 7.967426 7.260493 6.551977 5.855156 5.181629 4.541067 3.941081 3.387203 2.882954 2.430008 2.028401 1.676792 1.372735 1.112961 0.893638 0.710618 0.559637 0.436492 0.337171 0.257948 0.195446 0.146668 0.109010 0.080246 0.058507 0.042251 0.030220 0.021409 0.015023 0.010442 0.007190 0.004904 0.003314 0.002221 0.001477 0.000978 0.000651 0.000443 0.000321 0.000265 0.000265 
0.000207 0.000207 0.000252 0.000352 0.000523 0.000794 0.001211 0.001838 0.002768 0.004135 0.006119 0.008972 0.013029 0.018743 0.026706 0.037691 0.052688 0.072951 0.100043 0.135885 0.182804 0.243570 0.321424 0.420095 0.543784 0.697125 0.885108 1.112961 1.385982 1.709330 2.087765 2.525349 3.025116 3.588729 4.216134 4.905246 5.651675 6.448539 7.286367 8.153128 9.034396 9.913658 10.772764 11.592508 12.353312 13.035994 13.622560 14.096990 14.445965 14.659488 14.731363 14.659488 14.445965 14.096990 13.622560 13.035994 12.353312 11.592508 10.772764 9.913658 9.034396 8.153128 7.286367 6.448539 5.651675 4.905246 4.216134 3.588729 3.025116 2.525349 2.087765 1.709330 1.385982 1.112961 0.885108 0.697125 0.543784 0.420095 0.321424 0.243570 0.182804 0.135885 0.100043 0.072951 0.052688 0.037691 0.026706 0.018743 0.013030 0.008972 0.006121 0.004137 0.002773 0.001845 0.001222 0.000813 0.000553 0.000401 0.000331 0.000331 
0.000256 0.000256 0.000312 0.000435 0.000647 0.000982 0.001497 0.002272 0.003423 0.005112 0.007564 0.011087 0.016099 0.023155 0.032989 0.046552 0.065066 0.090077 0.123514 0.167744 0.225637 0.300606 0.396646 0.518353 0.670902 0.860002 1.091801 1.372735 1.709330 2.107937 2.574412 3.113755 3.729694 4.424272 5.197414 6.046541 6.966242 7.948030 8.980235 10.048035 11.133660 12.216771 13.275015 14.284740 15.221841 16.062697 16.785153 17.369484 17.799294 18.062276 18.150798 18.062276 17.799294 17.369484 16.785153 16.062697 15.221841 14.284740 13.275015 12.216771 11.133660 10.048035 8.980235 7.948030 6.966242 6.046541 5.197414 4.424272 3.729694 3.113755 2.574412 2.107937 1.709330 1.372735 1.091801 0.860002 0.670902 0.518353 0.396646 0.300606 0.225637 0.167744 0.123514 0.090077 0.065066 0.046552 0.032989 0.023156 0.016100 0.011088 0.007565 0.005115 0.003428 0.002281 0.001512 0.001006 0.000685 0.000497 0.000410 0.000410 
0.000314 0.000314 0.000383 0.000534 0.000792 0.001203 0.001834 0.002782 0.004191 0.006257 0.009257 0.013568 0.019699 0.028329 0.040354 0.056937 0.079571 0.110145 0.151012 0.205066 0.275807 0.367404 0.484735 0.633405 0.819731 1.050680 1.333749 1.676792 2.087765 2.574412 3.143874 3.802240 4.554053 5.401794 6.345363 7.381605 8.503908 9.701912 10.961375 12.264212 13.588741 14.910154 16.201185 17.432986 18.576161 19.601902 20.483193 21.195982 21.720273 22.041061 22.149042 22.041061 21.720273 21.195982 20.483193 19.601902 18.576161 17.432986 16.201185 14.910154 13.588741 12.264212 10.961375 9.701912 8.503908 7.381605 6.345363 5.401794 4.554053 3.802240 3.143874 2.574412 2.087765 1.676792 1.333749 1.050680 0.819731 0.633405 0.484735 0.367404 0.275807 0.205066 0.151012 0.110145 0.079571 0.056937 0.040354 0.028329 0.019699 0.013569 0.009260 0.006261 0.004197 0.002793 0.001851 0.001232 0.000839 0.000609 0.000503 0.000503 
0.000381 0.000381 0.000465 0.000647 0.000961 0.001459 0.002224 0.003374 0.005081 0.007585 0.011220 0.016442 0.023868 0.034321 0.048882 0.068962 0.096365 0.133374 0.182839 0.248258 0.333863 0.444694 0.586647 0.766498 0.991883 1.271217 1.613561 2.028401 2.525349 3.113755 3.802240 4.598154 5.506977 6.531695 7.672178 8.924601 10.280967 11.728750 13.250733 14.825063 16.425544 18.022200 19.582097 21.070386 22.451560 23.690825 24.755550 25.616689 26.250093 26.637639 26.768089 26.637639 26.250093 25.616689 24.755550 23.690825 22.451560 21.070386 19.582097 18.022200 16.425544 14.825063 13.250733 11.728750 10.280967 8.924601 7.672178 6.531695 5.506977 4.598154 3.802240 3.113755 2.525349 2.028401 1.613561 1.271217 0.991883 0.766498 0.586647 0.444694 0.333863 0.248258 0.182839 0.133374 0.096365 0.068962 0.048883 0.034321 0.023869 0.016444 0.011223 0.007590 0.005088 0.003387 0.002245 0.001494 0.001018 0.000739 0.000610 0.000610 
0.000458 0.000458 0.000559 0.000778 0.001155 0.001753 0.002670 0.004051 0.006099 0.009104 0.013466 0.019731 0.028638 0.041174 0.058637 0.082713 0.115567 0.159933 0.219224 0.297628 0.400217 0.533021 0.703102 0.918571 1.188564 1.523155 1.933187 2.430008 3.025116 3.729694 4.554053 5.506977 6.595014 7.821724 9.186939 10.686071 12.309537 14.042341 15.863872 17.747975 19.663302 21.573988 23.440626 25.221529 26.874215 28.357066 29.631049 30.661419 31.419292 31.882990 32.039074 31.882990 31.419292 30.661419 29.631049 28.357066 26.874215 25.221529 23.440626 21.573988 19.663302 17.747975 15.863872 14.042341 12.309537 10.686071 9.186939 7.821724 6.595014 5.506977 4.554053 3.729694 3.025116 2.430008 1.933187 1.523155 1.188564 0.918571 0.703102 0.533021 0.400217 0.297628 0.219224 0.159933 0.115567 0.082713 0.058637 0.041175 0.028639 0.019733 0.013469 0.009110 0.006109 0.004066 0.002696 0.001795 0.001223 0.000888 0.000733 0.000733 
0.000545 0.000545 0.000665 0.000925 0.001373 0.002084 0.003175 0.004816 0.007251 0.010821 0.016003 0.023446 0.034026 0.048915 0.069652 0.098240 0.137246 0.189915 0.260293 0.353350 0.475098 0.632692 0.834500 1.090139 1.410441 1.807346 2.293701 2.882954 3.588729 4.424272 5.401794 6.531695 7.821724 9.276086 10.894568 12.671720 14.596170 16.650136 18.809185 21.042312 23.312368 25.576850 27.789063 29.899614 31.858172 33.615427 35.125140 36.346146 37.244230 37.793712 37.978671 37.793712 37.244230 36.346146 35.125140 33.615427 31.858172 29.899614 27.789063 25.576850 23.312368 21.042312 18.809185 16.650136 14.596170 12.671720 10.894568 9.276086 7.821724 6.531695 5.401794 4.424272 3.588729 2.882954 2.293701 1.807346 1.410441 1.090139 0.834500 0.632692 0.475098 0.353350 0.260293 0.189915 0.137246 0.098240 0.069652 0.048915 0.034027 0.023448 0.016007 0.010828 0.007262 0.004835 0.003206 0.002135 0.001455 0.001056 0.000872 0.000872 
0.000642 0.000642 0.000783 0.001090 0.001617 0.002455 0.003739 0.005670 0.008535 0.012736 0.018833 0.027588 0.040033 0.057543 0.081930 0.115544 0.161404 0.223321 0.306049 0.415425 0.558510 0.743705 0.980838 1.281200 1.657506 2.123772 2.695077 3.387203 4.216134 5.197414 6.345363 7.672178 9.186939 10.894568 12.794799 14.881220 17.140471 19.551667 22.086121 24.707439 27.372016 30.029969 32.626501 35.103649 37.402353 39.464757 41.236605 42.669601 43.723599 44.368471 44.585538 44.368471 43.723599 42.669601 41.236605 39.464757 37.402353 35.103649 32.626501 30.029969 27.372016 24.707439 22.086121 19.551667 17.140471 14.881220 12.794799 10.894568 9.186939 7.672178 6.345363 5.197414 4.216134 3.387203 2.695077 2.123772 1.657506 1.281200 0.980838 0.743705 0.558510 0.415425 0.306049 0.223321 0.161404 0.115545 0.081930 0.057544 0.040034 0.027590 0.018837 0.012744 0.008548 0.005692 0.003775 0.002514 0.001713 0.001244 0.001028 0.001028 
0.000749 0.000749 0.000913 0.001272 0.001886 0.002862 0.004359 0.006609 0.009948 0.014843 0.021946 0.032144 0.046639 0.067033 0.095431 0.134571 0.187964 0.260045 0.356345 0.483653 0.650181 0.865700 1.141640 1.491128 1.928947 2.471391 3.135988 3.941081 4.905246 6.046541 7.381605 8.924601 10.686071 12.671720 14.881220 17.307104 19.933824 22.737090 25.683548 28.730886 31.828415 34.918157 37.936422 40.815846 43.487795 45.885034 47.944515 49.610118 50.835192 51.584730 51.837028 51.584730 50.835192 49.610118 47.944515 45.885034 43.487795 40.815846 37.936422 34.918157 31.828415 28.730886 25.683548 22.737090 19.933824 17.307104 14.881220 12.671720 10.686071 8.924601 7.381605 6.046541 4.905246 3.941081 3.135988 2.471391 1.928947 1.491128 1.141640 0.865700 0.650181 0.483653 0.356345 0.260046 0.187964 0.134572 0.095431 0.067034 0.046641 0.032147 0.021951 0.014852 0.009963 0.006635 0.004401 0.002931 0.001998 0.001451 0.001199 0.001199 
0.000865 0.000865 0.001055 0.001468 0.002178 0.003304 0.005032 0.007629 0.011481 0.017129 0.025323 0.037087 0.053805 0.077324 0.110071 0.155202 0.216760 0.299858 0.410865 0.557604 0.749534 0.997908 1.315889 1.718593 2.223043 2.847996 3.613633 4.541067 5.651675 6.966242 8.503908 10.280967 12.309537 14.596170 17.140471 19.933824 22.958314 26.185964 29.578366 33.086804 36.652923 40.209981 43.684667 46.999446 50.075323 52.834918 55.205668 57.122989 58.533195 59.395998 59.686419 59.395998 58.533195 57.122989 55.205668 52.834918 50.075323 46.999446 43.684667 40.209981 36.652923 33.086804 29.578366 26.185964 22.958314 19.933824 17.140471 14.596170 12.309537 10.280967 8.503908 6.966242 5.651675 4.541067 3.613633 2.847996 2.223043 1.718593 1.315889 0.997908 0.749534 0.557604 0.410865 0.299858 0.216760 0.155202 0.110072 0.077325 0.053807 0.037090 0.025329 0.017140 0.011499 0.007658 0.005080 0.003384 0.002307 0.001676 0.001385 0.001385 
0.000990 0.000990 0.001207 0.001679 0.002490 0.003778 0.005751 0.008719 0.013121 0.019573 0.028933 0.042370 0.061464 0.088323 0.125717 0.177247 0.247528 0.342393 0.469109 0.636600 0.855656 1.139113 1.501983 1.961504 2.537087 3.250121 4.123612 5.181629 6.448539 7.948030 9.701912 11.728750 14.042341 16.650136 19.551667 22.737090 26.185964 29.866377 33.734528 37.734867 41.800863 45.856427 49.817987 53.597157 57.103895 60.250000 62.952765 65.138578 66.746250 67.729862 68.060948 67.729862 66.746250 65.138578 62.952765 60.250000 57.103895 53.597157 49.817987 45.856427 41.800863 37.734867 33.734528 29.866377 26.185964 22.737090 19.551667 16.650136 14.042341 11.728750 9.701912 7.948030 6.448539 5.181629 4.123612 3.250121 2.537087 1.961504 1.501983 1.139113 0.855656 0.636600 0.469109 0.342393 0.247529 0.177248 0.125718 0.088324 0.061467 0.042374 0.028940 0.019585 0.013141 0.008753 0.005807 0.003869 0.002638 0.001916 0.001583 0.001583 
0.001121 0.001121 0.001366 0.001901 0.002819 0.004276 0.006510 0.009868 0.014847 0.022147 0.032734 0.047932 0.069527 0.099899 0.142183 0.200446 0.279904 0.387147 0.530386 0.719704 0.967289 1.287640 1.697713 2.216977 2.867351 3.672989 4.659866 5.855156 7.286367 8.980235 10.961375 13.250733 15.863872 18.809185 22.086121 25.683548 29.578366 33.734528 38.102563 42.619745 47.210951 51.790271 56.263355 60.530419 64.489816 68.041979 71.093546 73.561424 75.376542 76.487071 76.860876 76.487071 75.376542 73.561424 71.093546 68.041979 64.489816 60.530419 56.263355 51.790271 47.210951 42.619745 38.102563 33.734528 29.578366 25.683548 22.086121 18.809185 15.863872 13.250733 10.961375 8.980235 7.286367 5.855156 4.659866 3.672989 2.867351 2.216977 1.697713 1.287640 0.967289 0.719704 0.530387 0.387147 0.279904 0.200447 0.142184 0.099901 0.069529 0.047936 0.032742 0.022160 0.014870 0.009906 0.006572 0.004379 0.002986 0.002169 0.001793 0.001793 
0.001257 0.001257 0.001532 0.002131 0.003160 0.004792 0.007295 0.011057 0.016636 0.024812 0.036671 0.053692 0.077876 0.111887 0.159233 0.224466 0.313423 0.433477 0.593818 0.805724 1.082831 1.441357 1.900270 2.481343 3.209093 4.110529 5.214695 6.551977 8.153128 10.048035 12.264212 14.825063 17.747975 21.042312 24.707439 28.730886 33.086804 37.734867 42.619745 47.671289 52.805494 57.926298 62.928209 67.699662 72.127015 76.098952 79.511100 82.270565 84.300132 85.541859 85.959825 85.541859 84.300132 82.270565 79.511100 76.098952 72.127015 67.699662 62.928209 57.926298 52.805494 47.671289 42.619745 37.734867 33.086804 28.730886 24.707439 21.042312 17.747975 14.825063 12.264212 10.048035 8.153128 6.551977 5.214695 4.110529 3.209093 2.481343 1.900270 1.441357 1.082831 0.805724 0.593818 0.433478 0.313423 0.224467 0.159234 0.111889 0.077879 0.053697 0.036680 0.024827 0.016661 0.011100 0.007366 0.004908 0.003347 0.002432 0.002010 0.002010 
0.001395 0.001395 0.001701 0.002366 0.003507 0.005318 0.008095 0.012269 0.018456 0.027526 0.040678 0.059555 0.086373 0.124087 0.176582 0.248906 0.347526 0.480612 0.658346 0.893225 1.200355 1.597703 2.106279 2.750201 3.556622 4.555454 5.778863 7.260493 9.034396 11.133660 13.588741 16.425544 19.663302 23.312368 27.372016 31.828415 36.652923 41.800863 47.210951 52.805494 58.491461 64.162478 69.701730 74.985686 79.888514 84.286966 88.065481 91.121210 93.368664 94.743693 95.206528 94.743693 93.368664 91.121210 88.065481 84.286966 79.888514 74.985686 69.701730 64.162478 58.491461 52.805494 47.210951 41.800863 36.652923 31.828415 27.372016 23.312368 19.663302 16.425544 13.588741 11.133660 9.034396 7.260493 5.778863 4.555454 3.556622 2.750201 2.106279 1.597703 1.200355 0.893225 0.658346 0.480612 0.347526 0.248907 0.176583 0.124089 0.086377 0.059561 0.040688 0.027543 0.018485 0.012316 0.008173 0.005447 0.003715 0.002699 0.002231 0.002231 
0.001534 0.001534 0.001869 0.002600 0.003854 0.005844 0.008894 0.013479 0.020275 0.030236 0.044680 0.065410 0.094859 0.136269 0.193905 0.273307 0.381572 0.527666 0.722760 0.980565 1.317657 1.753745 2.311876 3.018507 3.903421 4.999425 6.341795 7.967426 9.913658 12.216771 14.910154 18.022200 21.573988 25.576850 30.029969 34.918157 40.209981 45.856427 51.790271 57.926298 64.162478 70.382153 76.457218 82.252210 87.629148 92.452886 96.596709 99.947842 102.412551 103.920494 104.428067 103.920494 102.412551 99.947842 96.596709 92.452886 87.629148 82.252210 76.457218 70.382153 64.162478 57.926298 51.790271 45.856427 40.209981 34.918157 30.029969 25.576850 21.573988 18.022200 14.910154 12.216771 9.913658 7.967426 6.341795 4.999425 3.903421 3.018507 2.311876 1.753745 1.317657 0.980565 0.722760 0.527666 0.381572 0.273308 0.193906 0.136271 0.094863 0.065417 0.044691 0.030255 0.020306 0.013531 0.008980 0.005985 0.004082 0.002967 0.002453 0.002453 
0.001669 0.001669 0.002034 0.002829 0.004193 0.006358 0.009676 0.014662 0.022054 0.032887 0.048595 0.071136 0.103156 0.148180 0.210842 0.297164 0.414856 0.573663 0.785724 1.065937 1.432309 1.906254 2.512810 3.280716 4.242324 5.433269 6.891863 8.658178 10.772764 13.275015 16.201185 19.582097 23.440626 27.789063 32.626501 37.936422 43.684667 49.817987 56.263355 62.928209 69.701730 76.457218 83.055544 89.349597 95.189528 100.428575 104.929132 108.568736 111.245598 112.883335 113.434595 112.883335 111.245598 108.568736 104.929132 100.428575 95.189528 89.349597 83.055544 76.457218 69.701730 62.928209 56.263355 49.817987 43.684667 37.936422 32.626501 27.789063 23.440626 19.582097 16.201185 13.275015 10.772764 8.658178 6.891863 5.433269 4.242324 3.280716 2.512810 1.906254 1.432309 1.065937 0.785724 0.573664 0.414856 0.297164 0.210843 0.148182 0.103160 0.071143 0.048607 0.032907 0.022088 0.014719 0.009769 0.006511 0.004442 0.003228 0.002669 0.002669 
