0.000000 0.000000 0.000000 0.000000 0.000000 0.000000 0.000000 0.000001 0.000001 0.000001 0.000002 0.000003 0.000004 0.000006 0.000009 0.000012 0.000016 0.000023 0.000031 0.000041 0.000055 0.000072 0.000095 0.000123 0.000157 0.000200 0.000252 0.000315 0.000389 0.000476 0.000578 0.000695 0.000828 0.000976 0.001141 0.001321 0.001515 0.001721 0.001937 0.002159 0.002384 0.002609 0.002827 0.003035 0.003227 0.003399 0.003547 0.003667 0.003755 0.003808 0.003826 0.003808 0.003755 0.003667 0.003547 0.003399 0.003227 0.003035 0.002827 0.002609 0.002384 0.002159 0.001937 0.001721 0.001515 0.001321 0.001141 0.000976 0.000828 0.000695 0.000578 0.000476 0.000389 0.000315 0.000252 0.000200 0.000157 0.000123 0.000095 0.000072 0.000055 0.000041 0.000031 0.000023 0.000016 0.000012 0.000009 0.000006 0.000004 0.000003 0.000002 0.000001 0.000001 0.000001 0.000000 0.000000 0.000000 0.000000 0.000000 0.000000 
0.000000 0.000000 0.000000 0.000000 0.000000 0.000000 0.000000 0.000001 0.000001 0.000001 0.000002 0.000003 0.000004 0.000006 0.000009 0.000012 0.000016 0.000023 0.000031 0.000041 0.000055 0.000072 0.000095 0.000123 0.000157 0.000200 0.000252 0.000315 0.000389 0.000476 0.000578 0.000695 0.000828 0.000976 0.001141 0.001321 0.001515 0.001721 0.001937 0.002159 0.002384 0.002609 0.002827 0.003035 0.003227 0.003399 0.003547 0.003667 0.003755 0.003808 0.003826 0.003808 0.003755 0.003667 0.003547 0.003399 0.003227 0.003035 0.002827 0.002609 0.002384 0.002159 0.001937 0.001721 0.001515 0.001321 0.001141 0.000976 0.000828 0.000695 0.000578 0.000476 0.000389 0.000315 0.000252 0.000200 0.000157 0.000123 0.000095 0.000072 0.000055 0.000041 0.000031 0.000023 0.000016 0.000012 0.000009 0.000006 0.000004 0.000003 0.000002 0.000001 0.000001 0.000001 0.000000 0.000000 0.000000 0.000000 0.000000 0.000000 
0.000000 0.000000 0.000000 0.000000 0.000000 0.000000 0.000001 0.000001 0.000001 0.000002 0.000002 0.000004 0.000005 0.000007 0.000010 0.000014 0.000020 0.000027 0.000037 0.000049 0.000066 0.000087 0.000114 0.000147 0.000189 0.000240 0.000302 0.000377 0.000466 0.000571 0.000693 0.000833 0.000992 0.001170 0.001367 0.001583 0.001815 0.002062 0.002320 0.002587 0.002857 0.003125 0.003386 0.003635 0.003865 0.004072 0.004249 0.004392 0.004497 0.004561 0.004582 0.004561 0.004497 0.004392 0.004249 0.004072 0.003865 0.003635 0.003386 0.003125 0.002857 0.002587 0.002320 0.002062 0.001815 0.001583 0.001367 0.001170 0.000992 0.000833 0.000693 0.000571 0.000466 0.000377 0.000302 0.000240 0.000189 0.000147 0.000114 0.000087 0.000066 0.000049 0.000037 0.000027 0.000020 0.000014 0.000010 0.000007 0.000005 0.000004 0.000002 0.000002 0.000001 0.000001 0.000001 0.000000 0.000000 0.000000 0.000000 0.000000 
0.000000 0.000000 0.000000 0.000000 0.000000 0.000000 0.000001 0.000001 0.000002 0.000002 0.000003 0.000005 0.000007 0.000010 0.000014 0.000019 0.000027 0.000037 0.000050 0.000067 0.000090 0.000118 0.000155 0.000200 0.000257 0.000326 0.000411 0.000513 0.000634 0.000776 0.000942 0.001132 0.001347 0.001589 0.001857 0.002149 0.002464 0.002799 0.003149 0.003511 0.003876 0.004240 0.004594 0.004932 0.005244 0.005523 0.005763 0.005957 0.006099 0.006186 0.006216 0.006186 0.006099 0.005957 0.005763 0.005523 0.005244 0.004932 0.004594 0.004240 0.003876 0.003511 0.003149 0.002799 0.002464 0.002149 0.001857 0.001589 0.001347 0.001132 0.000942 0.000776 0.000634 0.000513 0.000411 0.000326 0.000257 0.000200 0.000155 0.000118 0.000090 0.000067 0.000050 0.000037 0.000027 0.000019 0.000014 0.000010 0.000007 0.000005 0.000003 0.000002 0.000002 0.000001 0.000001 0.000000 0.000000 0.000000 0.000000 0.000000 
0.000000 0.000000 0.000000 0.000000 0.000000 0.000001 0.000001 0.000002 0.000002 0.000003 0.000005 0.000007 0.000010 0.000014 0.000020 0.000028 0.000039 0.000054 0.000073 0.000098 0.000130 0.000171 0.000224 0.000290 0.000372 0.000473 0.000596 0.000743 0.000918 0.001124 0.001363 0.001638 0.001950 0.002299 0.002686 0.003108 0.003564 0.004047 0.004554 0.005075 0.005604 0.006129 0.006641 0.007127 0.007578 0.007982 0.008328 0.008608 0.008813 0.008939 0.008981 0.008939 0.008813 0.008608 0.008328 0.007982 0.007578 0.007127 0.006641 0.006129 0.005604 0.005075 0.004554 0.004047 0.003564 0.003108 0.002686 0.002299 0.001950 0.001638 0.001363 0.001124 0.000918 0.000743 0.000596 0.000473 0.000372 0.000290 0.000224 0.000171 0.000130 0.000098 0.000073 0.000054 0.000039 0.000028 0.000020 0.000014 0.000010 0.000007 0.000005 0.000003 0.000002 0.000002 0.000001 0.000001 0.000000 0.000000 0.000000 0.000000 
0.000000 0.000000 0.000000 0.000000 0.000001 0.000001 0.000002 0.000002 0.000003 0.000005 0.000007 0.000011 0.000015 0.000021 0.000030 0.000042 0.000058 0.000080 0.000108 0.000145 0.000193 0.000255 0.000333 0.000431 0.000553 0.000702 0.000884 0.001102 0.001362 0.001667 0.002022 0.002429 0.002891 0.003408 0.003981 0.004607 0.005281 0.005997 0.006747 0.007519 0.008301 0.009078 0.009835 0.010556 0.011223 0.011820 0.012333 0.012746 0.013050 0.013236 0.013299 0.013236 0.013050 0.012746 0.012333 0.011820 0.011223 0.010556 0.009835 0.009078 0.008301 0.007519 0.006747 0.005997 0.005281 0.004607 0.003981 0.003408 0.002891 0.002429 0.002022 0.001667 0.001362 0.001102 0.000884 0.000702 0.000553 0.000431 0.000333 0.000255 0.000193 0.000145 0.000108 0.000080 0.000058 0.000042 0.000030 0.000021 0.000015 0.000011 0.000007 0.000005 0.000003 0.000002 0.000002 0.000001 0.000001 0.000001 0.000000 0.000000 
0.000000 0.000000 0.000001 0.000001 0.000001 0.000002 0.000002 0.000003 0.000005 0.000007 0.000011 0.000016 0.000023 0.000032 0.000045 0.000063 0.000087 0.000119 0.000161 0.000217 0.000288 0.000380 0.000497 0.000643 0.000825 0.001048 0.001319 0.001644 0.002031 0.002486 0.003014 0.003621 0.004309 0.005080 0.005933 0.006864 0.007868 0.008933 0.010049 0.011198 0.012362 0.013519 0.014645 0.015717 0.016710 0.017598 0.018360 0.018976 0.019428 0.019704 0.019797 0.019704 0.019428 0.018976 0.018360 0.017598 0.016710 0.015717 0.014645 0.013519 0.012362 0.011198 0.010049 0.008933 0.007868 0.006864 0.005933 0.005080 0.004309 0.003621 0.003014 0.002486 0.002031 0.001644 0.001319 0.001048 0.000825 0.000643 0.000497 0.000380 0.000288 0.000217 0.000161 0.000119 0.000087 0.000063 0.000045 0.000032 0.000023 0.000016 0.000011 0.000007 0.000005 0.000003 0.000002 0.000002 0.000001 0.000001 0.000001 0.000001 
0.000001 0.000001 0.000001 0.000001 0.000002 0.000002 0.000003 0.000005 0.000008 0.000011 0.000016 0.000024 0.000034 0.000048 0.000067 0.000094 0.000130 0.000177 0.000240 0.000323 0.000429 0.000566 0.000739 0.000957 0.001227 0.001558 0.001961 0.002445 0.003020 0.003696 0.004480 0.005381 0.006402 0.007547 0.008813 0.010195 0.011685 0.013267 0.014922 0.016627 0.018353 0.020069 0.021741 0.023331 0.024803 0.026120 0.027251 0.028164 0.028834 0.029244 0.029382 0.029244 0.028834 0.028164 0.027251 0.026120 0.024803 0.023331 0.021741 0.020069 0.018353 0.016627 0.014922 0.013267 0.011685 0.010195 0.008813 0.007547 0.006402 0.005381 0.004480 0.003696 0.003020 0.002445 0.001961 0.001558 0.001227 0.000957 0.000739 0.000566 0.000429 0.000323 0.000240 0.000177 0.000130 0.000094 0.000067 0.000048 0.000034 0.000024 0.000016 0.000011 0.000008 0.000005 0.000003 0.000002 0.000002 0.000001 0.000001 0.000001 
0.000001 0.000001 0.000001 0.000002 0.000002 0.000003 0.000005 0.000008 0.000011 0.000017 0.000024 0.000035 0.000050 0.000071 0.000100 0.000139 0.000192 0.000262 0.000356 0.000477 0.000635 0.000837 0.001093 0.001414 0.001813 0.002303 0.002897 0.003611 0.004460 0.005457 0.006615 0.007943 0.009450 0.011138 0.013005 0.015044 0.017240 0.019572 0.022012 0.024525 0.027070 0.029599 0.032062 0.034405 0.036574 0.038516 0.040182 0.041527 0.042515 0.043119 0.043322 0.043119 0.042515 0.041527 0.040182 0.038516 0.036574 0.034405 0.032062 0.029599 0.027070 0.024525 0.022012 0.019572 0.017240 0.015044 0.013005 0.011138 0.009450 0.007943 0.006615 0.005457 0.004460 0.003611 0.002897 0.002303 0.001813 0.001414 0.001093 0.000837 0.000635 0.000477 0.000356 0.000262 0.000192 0.000139 0.000100 0.000071 0.000050 0.000035 0.000024 0.000017 0.000011 0.000008 0.000005 0.000003 0.000002 0.000002 0.000001 0.000001 
0.000001 0.000001 0.000002 0.000002 0.000003 0.000005 0.000007 0.000011 0.000017 0.000024 0.000036 0.000051 0.000073 0.000104 0.000147 0.000204 0.000282 0.000385 0.000522 0.000701 0.000932 0.001228 0.001603 0.002074 0.002658 0.003375 0.004246 0.005292 0.006534 0.007993 0.009688 0.011632 0.013837 0.016307 0.019039 0.022021 0.025232 0.028643 0.032211 0.035886 0.039607 0.043305 0.046906 0.050331 0.053502 0.056341 0.058775 0.060741 0.062186 0.063069 0.063366 0.063069 0.062186 0.060741 0.058775 0.056341 0.053502 0.050331 0.046906 0.043305 0.039607 0.035886 0.032211 0.028643 0.025232 0.022021 0.019039 0.016307 0.013837 0.011632 0.009688 0.007993 0.006534 0.005292 0.004246 0.003375 0.002658 0.002074 0.001603 0.001228 0.000932 0.000701 0.000522 0.000385 0.000282 0.000204 0.000147 0.000104 0.000073 0.000051 0.000036 0.000024 0.000017 0.000011 0.000008 0.000005 0.000004 0.000003 0.000002 0.000002 
0.000002 0.000002 0.000002 0.000003 0.000005 0.000007 0.000011 0.000016 0.000024 0.000036 0.000052 0.000075 0.000107 0.000152 0.000213 0.000297 0.000410 0.000561 0.000759 0.001019 0.001355 0.001785 0.002331 0.003014 0.003863 0.004904 0.006168 0.007686 0.009490 0.011608 0.014066 0.016888 0.020086 0.023669 0.027631 0.031955 0.036613 0.041558 0.046732 0.052059 0.057453 0.062813 0.068033 0.072998 0.077593 0.081707 0.085235 0.088084 0.090177 0.091457 0.091888 0.091457 0.090177 0.088084 0.085235 0.081707 0.077593 0.072998 0.068033 0.062813 0.057453 0.052059 0.046732 0.041558 0.036613 0.031955 0.027631 0.023669 0.020086 0.016888 0.014066 0.011608 0.009490 0.007686 0.006168 0.004904 0.003863 0.003014 0.002331 0.001785 0.001355 0.001019 0.000759 0.000561 0.000410 0.000297 0.000213 0.000152 0.000107 0.000075 0.000052 0.000036 0.000024 0.000016 0.000011 0.000007 0.000005 0.000004 0.000003 0.000003 
0.000003 0.000003 0.000004 0.000005 0.000007 0.000011 0.000016 0.000024 0.000035 0.000051 0.000075 0.000108 0.000155 0.000219 0.000308 0.000429 0.000591 0.000808 0.001095 0.001469 0.001953 0.002573 0.003358 0.004342 0.005563 0.007062 0.008881 0.011066 0.013660 0.016707 0.020243 0.024300 0.028900 0.034050 0.039746 0.045962 0.052656 0.059764 0.067198 0.074854 0.082604 0.090305 0.097804 0.104937 0.111538 0.117448 0.122516 0.126608 0.129615 0.131453 0.132072 0.131453 0.129615 0.126608 0.122516 0.117448 0.111538 0.104937 0.097804 0.090305 0.082604 0.074854 0.067198 0.059764 0.052656 0.045962 0.039746 0.034050 0.028900 0.024300 0.020243 0.016707 0.013660 0.011066 0.008881 0.007062 0.005563 0.004342 0.003358 0.002573 0.001953 0.001469 0.001095 0.000808 0.000591 0.000429 0.000308 0.000219 0.000155 0.000108 0.000075 0.000051 0.000035 0.000024 0.000016 0.000011 0.000008 0.000006 0.000005 0.000005 
0.000004 0.000004 0.000005 0.000007 0.000010 0.000015 0.000023 0.000034 0.000050 0.000073 0.000107 0.000155 0.000221 0.000313 0.000440 0.000613 0.000845 0.001155 0.001564 0.002099 0.002790 0.003674 0.004795 0.006199 0.007941 0.010079 0.012673 0.015789 0.019487 0.023830 0.028871 0.034653 0.041207 0.048546 0.056661 0.065517 0.075053 0.085176 0.095765 0.106667 0.117703 0.128670 0.139347 0.149502 0.158901 0.167315 0.174530 0.180356 0.184636 0.187253 0.188134 0.187253 0.184636 0.180356 0.174530 0.167315 0.158901 0.149502 0.139347 0.128670 0.117703 0.106667 0.095765 0.085176 0.075053 0.065517 0.056661 0.048546 0.041207 0.034653 0.028871 0.023830 0.019487 0.015789 0.012673 0.010079 0.007941 0.006199 0.004795 0.003674 0.002790 0.002099 0.001564 0.001155 0.000845 0.000613 0.000440 0.000313 0.000221 0.000155 0.000107 0.000074 0.000050 0.000034 0.000023 0.000016 0.000011 0.000008 0.000007 0.000007 
0.000006 0.000006 0.000007 0.000010 0.000014 0.000021 0.000032 0.000048 0.000071 0.000104 0.000152 0.000219 0.000313 0.000444 0.000624 0.000868 0.001198 0.001636 0.002215 0.002971 0.003949 0.005200 0.006784 0.008770 0.011233 0.014254 0.017921 0.022323 0.027550 0.033685 0.040805 0.048971 0.058228 0.068591 0.080048 0.092551 0.106012 0.120302 0.135247 0.150634 0.166208 0.181685 0.196751 0.211081 0.224343 0.236214 0.246393 0.254613 0.260651 0.264343 0.265585 0.264343 0.260651 0.254613 0.246393 0.236214 0.224343 0.211081 0.196751 0.181685 0.166208 0.150634 0.135247 0.120302 0.106012 0.092551 0.080048 0.068591 0.058228 0.048971 0.040805 0.033685 0.027550 0.022323 0.017921 0.014254 0.011233 0.008770 0.006784 0.005200 0.003949 0.002971 0.002215 0.001636 0.001198 0.000868 0.000624 0.000444 0.000313 0.000219 0.000152 0.000104 0.000071 0.000048 0.000032 0.000022 0.000015 0.000011 0.000010 0.000010 
0.000009 0.000009 0.000010 0.000014 0.000020 0.000030 0.000045 0.000067 0.000100 0.000147 0.000213 0.000308 0.000440 0.000624 0.000876 0.001219 0.001681 0.002296 0.003108 0.004168 0.005539 0.007292 0.009513 0.012295 0.015745 0.019977 0.025113 0.031277 0.038595 0.047184 0.057150 0.068581 0.081535 0.096036 0.112067 0.129560 0.148392 0.168381 0.189285 0.210806 0.232588 0.254231 0.275300 0.295338 0.313881 0.330480 0.344712 0.356205 0.364648 0.369809 0.371546 0.369809 0.364648 0.356205 0.344712 0.330480 0.313881 0.295338 0.275300 0.254231 0.232588 0.210806 0.189285 0.168381 0.148392 0.129560 0.112067 0.096036 0.081535 0.068581 0.057150 0.047184 0.038595 0.031277 0.025113 0.019977 0.015745 0.012295 0.009513 0.007292 0.005539 0.004168 0.003108 0.002296 0.001681 0.001219 0.000876 0.000624 0.000440 0.000308 0.000213 0.000147 0.000100 0.000068 0.000046 0.000031 0.000022 0.000016 0.000013 0.000013 
0.000012 0.000012 0.000014 0.000019 0.000028 0.000042 0.000063 0.000094 0.000139 0.000204 0.000297 0.000429 0.000613 0.000868 0.001219 0.001696 0.002338 0.003193 0.004321 0.005794 0.007698 0.010133 0.013217 0.017080 0.021869 0.027744 0.034871 0.043425 0.053578 0.065494 0.079319 0.095173 0.113138 0.133247 0.155475 0.179728 0.205835 0.233544 0.262521 0.292349 0.322537 0.352532 0.381730 0.409497 0.435192 0.458192 0.477912 0.493835 0.505533 0.512685 0.515091 0.512685 0.505533 0.493835 0.477912 0.458192 0.435192 0.409497 0.381730 0.352532 0.322537 0.292349 0.262521 0.233544 0.205835 0.179728 0.155475 0.133247 0.113138 0.095173 0.079319 0.065494 0.053578 0.043425 0.034871 0.027744 0.021869 0.017080 0.013217 0.010133 0.007698 0.005794 0.004321 0.003193 0.002338 0.001696 0.001219 0.000868 0.000613 0.000429 0.000297 0.000204 0.000139 0.000094 0.000064 0.000043 0.000030 0.000022 0.000019 0.000019 
0.000016 0.000016 0.000020 0.000027 0.000039 0.000058 0.000087 0.000130 0.000192 0.000282 0.000410 0.000591 0.000845 0.001198 0.001681 0.002338 0.003222 0.004399 0.005953 0.007981 0.010601 0.013953 0.018196 0.023511 0.030100 0.038179 0.047982 0.059744 0.073704 0.090085 0.109088 0.130879 0.155568 0.183202 0.213744 0.247065 0.282931 0.320995 0.360797 0.401766 0.443228 0.484422 0.524518 0.562649 0.597933 0.629515 0.656592 0.678456 0.694518 0.704338 0.707642 0.704338 0.694518 0.678456 0.656592 0.629515 0.597933 0.562649 0.524518 0.484422 0.443228 0.401766 0.360797 0.320995 0.282931 0.247065 0.213744 0.183202 0.155568 0.130879 0.109088 0.090085 0.073704 0.059744 0.047982 0.038179 0.030100 0.023511 0.018196 0.013953 0.010601 0.007981 0.005953 0.004399 0.003222 0.002338 0.001681 0.001198 0.000845 0.000591 0.000410 0.000282 0.000192 0.000130 0.000088 0.000060 0.000042 0.000031 0.000026 0.000026 
0.000023 0.000023 0.000027 0.000037 0.000054 0.000080 0.000119 0.000177 0.000262 0.000385 0.000561 0.000808 0.001155 0.001636 0.002296 0.003193 0.004399 0.006007 0.008126 0.010892 0.014467 0.019038 0.024823 0.032070 0.041051 0.052063 0.065421 0.081449 0.100468 0.122783 0.148669 0.178347 0.211970 0.249599 0.291185 0.336552 0.385379 0.437194 0.491372 0.547135 0.603565 0.659627 0.714194 0.766083 0.814097 0.857070 0.893914 0.923664 0.945518 0.958879 0.963374 0.958879 0.945518 0.923664 0.893914 0.857070 0.814097 0.766083 0.714194 0.659627 0.603565 0.547135 0.491372 0.437194 0.385379 0.336552 0.291185 0.249599 0.211970 0.178347 0.148669 0.122783 0.100468 0.081449 0.065421 0.052063 0.041051 0.032070 0.024823 0.019038 0.014467 0.010892 0.008126 0.006007 0.004399 0.003193 0.002296 0.001636 0.001155 0.000808 0.000561 0.000385 0.000263 0.000178 0.000120 0.000082 0.000057 0.000042 0.000035 0.000035 
0.000031 0.000031 0.000037 0.000050 0.000073 0.000108 0.000161 0.000240 0.000356 0.000522 0.000759 0.001095 0.001564 0.002215 0.003108 0.004321 0.005953 0.008126 0.010991 0.014730 0.019561 0.025738 0.033555 0.043345 0.055476 0.070348 0.088387 0.110028 0.135705 0.165829 0.200768 0.240823 0.286197 0.336973 0.393084 0.454290 0.520159 0.590056 0.663134 0.738345 0.814453 0.890059 0.963646 1.033618 1.098363 1.156309 1.205990 1.246103 1.275570 1.293585 1.299646 1.293585 1.275570 1.246103 1.205990 1.156309 1.098363 1.033618 0.963646 0.890059 0.814453 0.738345 0.663134 0.590056 0.520159 0.454290 0.393084 0.336973 0.286197 0.240823 0.200768 0.165829 0.135705 0.110028 0.088387 0.070348 0.055476 0.043345 0.033555 0.025738 0.019561 0.014730 0.010991 0.008126 0.005953 0.004321 0.003108 0.002215 0.001564 0.001095 0.000760 0.000522 0.000356 0.000241 0.000163 0.000111 0.000077 0.000057 0.000048 0.000048 
0.000041 0.000041 0.000049 0.000067 0.000098 0.000145 0.000217 0.000323 0.000477 0.000701 0.001019 0.001469 0.002099 0.002971 0.004168 0.005794 0.007981 0.010892 0.014730 0.019739 0.026208 0.034479 0.044945 0.058049 0.074286 0.094190 0.118327 0.147282 0.181632 0.221927 0.268659 0.322227 0.382904 0.450798 0.525819 0.607646 0.695700 0.789132 0.886811 0.987334 1.089050 1.190092 1.288430 1.381933 1.468449 1.545877 1.612259 1.665856 1.705228 1.729298 1.737396 1.729298 1.705228 1.665856 1.612259 1.545877 1.468449 1.381933 1.288430 1.190092 1.089050 0.987334 0.886811 0.789132 0.695700 0.607646 0.525819 0.450798 0.382904 0.322227 0.268659 0.221927 0.181632 0.147282 0.118327 0.094190 0.074286 0.058049 0.044945 0.034479 0.026208 0.019739 0.014730 0.010892 0.007981 0.005794 0.004168 0.002971 0.002099 0.001469 0.001019 0.000701 0.000478 0.000324 0.000219 0.000149 0.000104 0.000077 0.000065 0.000065 
0.000055 0.000055 0.000066 0.000090 0.000130 0.000193 0.000288 0.000429 0.000635 0.000932 0.001355 0.001953 0.002790 0.003949 0.005539 0.007698 0.010601 0.014467 0.019561 0.026208 0.034793 0.045767 0.059651 0.077032 0.098566 0.124960 0.156965 0.195352 0.240887 0.294297 0.356233 0.427222 0.507625 0.597583 0.696976 0.805378 0.922022 1.045781 1.175157 1.308293 1.443001 1.576810 1.707032 1.830848 1.945407 2.047930 2.135823 2.206788 2.258918 2.290786 2.301509 2.290786 2.258918 2.206788 2.135823 2.047930 1.945407 1.830848 1.707032 1.576810 1.443001 1.308293 1.175157 1.045781 0.922022 0.805378 0.696976 0.597583 0.507625 0.427222 0.356233 0.294297 0.240887 0.195352 0.156965 0.124960 0.098566 0.077032 0.059651 0.045767 0.034793 0.026208 0.019561 0.014467 0.010601 0.007698 0.005539 0.003949 0.002790 0.001953 0.001356 0.000933 0.000636 0.000431 0.000292 0.000198 0.000138 0.000103 0.000086 0.000086 
0.000072 0.000072 0.000087 0.000118 0.000171 0.000255 0.000380 0.000566 0.000837 0.001228 0.001785 0.002573 0.003674 0.005200 0.007292 0.010133 0.013953 0.019038 0.025738 0.034479 0.045767 0.060194 0.078444 0.101289 0.129587 0.164268 0.206317 0.256745 0.316558 0.386707 0.468046 0.561267 0.666839 0.784948 0.915435 1.057737 1.210849 1.373288 1.543091 1.717819 1.894601 2.070194 2.241074 2.403542 2.553857 2.688376 2.803698 2.896806 2.965201 3.007012 3.021080 3.007012 2.965201 2.896806 2.803698 2.688376 2.553857 2.403542 2.241074 2.070194 1.894601 1.717819 1.543091 1.373288 1.210849 1.057737 0.915435 0.784948 0.666839 0.561267 0.468046 0.386707 0.316558 0.256745 0.206317 0.164268 0.129587 0.101289 0.078444 0.060194 0.045767 0.034479 0.025738 0.019038 0.013953 0.010133 0.007292 0.005200 0.003675 0.002573 0.001786 0.001229 0.000839 0.000569 0.000385 0.000262 0.000182 0.000135 0.000113 0.000113 
0.000095 0.000095 0.000114 0.000155 0.000224 0.000333 0.000497 0.000739 0.001093 0.001603 0.002331 0.003358 0.004795 0.006784 0.009513 0.013217 0.018196 0.024823 0.033555 0.044945 0.059651 0.078444 0.102213 0.131964 0.168812 0.213967 0.268708 0.334351 0.412200 0.503496 0.609344 0.730642 0.868000 1.021659 1.191406 1.376512 1.575664 1.786936 2.007772 2.235001 2.464889 2.693222 2.915416 3.126665 3.322107 3.497005 3.646939 3.767991 3.856912 3.911270 3.929560 3.911270 3.856912 3.767991 3.646939 3.497005 3.322107 3.126665 2.915416 2.693222 2.464889 2.235001 2.007772 1.786936 1.575664 1.376512 1.191406 1.021659 0.868000 0.730642 0.609344 0.503496 0.412200 0.334351 0.268708 0.213967 0.168812 0.131964 0.102213 0.078444 0.059651 0.044945 0.033555 0.024823 0.018196 0.013217 0.009513 0.006785 0.004795 0.003358 0.002331 0.001604 0.001095 0.000743 0.000502 0.000342 0.000238 0.000177 0.000148 0.000148 
0.000123 0.000123 0.000147 0.000200 0.000290 0.000431 0.000643 0.000957 0.001414 0.002074 0.003014 0.004342 0.006199 0.008770 0.012295 0.017080 0.023511 0.032070 0.043345 0.058049 0.077032 0.101289 0.131964 0.170355 0.217898 0.276151 0.346765 0.431432 0.531833 0.649565 0.786051 0.942445 1.119531 1.317617 1.536428 1.775018 2.031698 2.303982 2.588574 2.881391 3.177621 3.471833 3.758124 4.030303 4.282108 4.507439 4.700603 4.856555 4.971111 5.041140 5.064701 5.041140 4.971111 4.856555 4.700603 4.507439 4.282108 4.030303 3.758124 3.471833 3.177621 2.881391 2.588574 2.303982 2.031698 1.775018 1.536428 1.317617 1.119531 0.942445 0.786051 0.649565 0.531833 0.431432 0.346765 0.276151 0.217898 0.170355 0.131964 0.101289 0.077032 0.058049 0.043345 0.032070 0.023511 0.017080 0.012295 0.008770 0.006200 0.004343 0.003015 0.002076 0.001417 0.000961 0.000650 0.000442 0.000308 0.000229 0.000192 0.000192 
0.000157 0.000157 0.000189 0.000257 0.000372 0.000553 0.000825 0.001227 0.001813 0.002658 0.003863 0.005563 0.007941 0.011233 0.015745 0.021869 0.030100 0.041051 0.055476 0.074286 0.098566 0.129587 0.168812 0.217898 0.278678 0.353143 0.443398 0.551605 0.679910 0.830347 1.004731 1.204536 1.430759 1.683788 1.963271 2.267998 2.595808 2.943526 3.306942 3.680842 4.059083 4.434732 4.800253 5.147745 5.469216 5.756881 6.003477 6.202563 6.348802 6.438197 6.468274 6.438197 6.348802 6.202563 6.003477 5.756881 5.469216 5.147745 4.800253 4.434732 4.059083 3.680842 3.306942 2.943526 2.595808 2.267998 1.963271 1.683788 1.430759 1.204536 1.004731 0.830347 0.679910 0.551605 0.443398 0.353143 0.278678 0.217898 0.168812 0.129587 0.098566 0.074286 0.055476 0.041051 0.030100 0.021869 0.015745 0.011233 0.007942 0.005564 0.003864 0.002660 0.001817 0.001233 0.000834 0.000567 0.000396 0.000294 0.000247 0.000247 
0.000200 0.000200 0.000240 0.000326 0.000473 0.000702 0.001048 0.001558 0.002303 0.003375 0.004904 0.007062 0.010079 0.014254 0.019977 0.027744 0.038179 0.052063 0.070348 0.094190 0.124960 0.164268 0.213967 0.276151 0.353143 0.447460 0.561765 0.698793 0.861255 1.051725 1.272496 1.525430 1.811785 2.132048 2.485769 2.871416 3.286249 3.726251 4.186093 4.659178 5.137734 5.612991 6.075418 6.515022 6.921695 7.285594 7.597534 7.849371 8.034355 8.147435 8.185481 8.147435 8.034355 7.849371 7.597534 7.285594 6.921695 6.515022 6.075418 5.612991 5.137734 4.659178 4.186093 3.726251 3.286249 2.871416 2.485769 2.132048 1.811785 1.525430 1.272496 1.051725 0.861255 0.698793 0.561765 0.447460 0.353143 0.276151 0.213967 0.164268 0.124960 0.094190 0.070348 0.052063 0.038180 0.027744 0.019977 0.014255 0.010079 0.007063 0.004905 0.003378 0.002307 0.001566 0.001059 0.000721 0.000503 0.000374 0.000314 0.000314 
0.000252 0.000252 0.000302 0.000411 0.000596 0.000884 0.001319 0.001961 0.002897 0.004246 0.006168 0.008881 0.012673 0.017921 0.025113 0.034871 0.047982 0.065421 0.088387 0.118327 0.156965 0.206317 0.268708 0.346765 0.443398 0.561765 0.705203 0.877138 1.080969 1.319920 1.596862 1.914125 2.273283 2.674942 3.118534 3.602131 4.122299 4.673996 5.250541 5.843661 6.443615 7.039410 7.619101 8.170165 8.679934 9.136075 9.527078 9.842739 10.074603 10.216338 10.264026 10.216338 10.074603 9.842739 9.527078 9.136075 8.679934 8.170165 7.619101 7.039410 6.443615 5.843661 5.250541 4.673996 4.122299 3.602131 3.118534 2.674942 2.273283 1.914125 1.596862 1.319920 1.080969 0.877138 0.705203 0.561765 0.443398 0.346765 0.268708 0.206317 0.156965 0.118327 0.088387 0.065421 0.047982 0.034871 0.025113 0.017922 0.012674 0.008883 0.006170 0.004249 0.002903 0.001970 0.001334 0.000908 0.000633 0.000471 0.000395 0.000395 
0.000315 0.000315 0.000377 0.000513 0.000743 0.001102 0.001644 0.002445 0.003611 0.005292 0.007686 0.011066 0.015789 0.022323 0.031277 0.043425 0.059744 0.081449 0.110028 0.147282 0.195352 0.256745 0.334351 0.431432 0.551605 0.698793 0.877138 1.090897 1.344290 1.641317 1.985543 2.379856 2.826206 3.325342 3.876554 4.477440 5.123731 5.809159 6.525425 7.262249 8.007532 8.747621 9.467682 10.152163 10.785335 11.351884 11.837519 12.229573 12.517546 12.693579 12.752806 12.693579 12.517546 12.229573 11.837519 11.351884 10.785335 10.152163 9.467682 8.747621 8.007532 7.262249 6.525425 5.809159 5.123731 4.477440 3.876554 3.325342 2.826206 2.379856 1.985543 1.641317 1.344290 1.090897 0.877138 0.698793 0.551605 0.431432 0.334351 0.256745 0.195352 0.147282 0.110028 0.081449 0.059744 0.043425 0.031277 0.022324 0.015789 0.011067 0.007689 0.005296 0.003619 0.002456 0.001663 0.001132 0.000790 0.000587 0.000493 0.000493 
0.000389 0.000389 0.000466 0.000634 0.000918 0.001362 0.002031 0.003020 0.004460 0.006534 0.009490 0.013660 0.019487 0.027550 0.038595 0.053578 0.073704 0.100468 0.135705 0.181632 0.240887 0.316558 0.412200 0.531833 0.679910 0.861255 1.080969 1.344290 1.656408 2.022245 2.446182 2.931770 3.481405 4.096000 4.774674 5.514470 6.310122 7.153915 8.035630 8.942612 9.859972 10.770905 11.657159 12.499596 13.278865 13.976123 14.573790 15.056279 15.410676 15.627310 15.700198 15.627310 15.410676 15.056279 14.573790 13.976123 13.278865 12.499596 11.657159 10.770905 9.859972 8.942612 8.035630 7.153915 6.310122 5.514470 4.774674 4.096000 3.481405 2.931770 2.446182 2.022245 1.656408 1.344290 1.080969 0.861255 0.679910 0.531833 0.412200 0.316558 0.240887 0.181632 0.135705 0.100468 0.073704 0.053578 0.038595 0.027550 0.019489 0.013662 0.009493 0.006539 0.004469 0.003034 0.002054 0.001399 0.000976 0.000726 0.000609 0.000609 
0.000476 0.000476 0.000571 0.000776 0.001124 0.001667 0.002486 0.003696 0.005457 0.007993 0.011608 0.016707 0.023830 0.033685 0.047184 0.065494 0.090085 0.122783 0.165829 0.221927 0.294297 0.386707 0.503496 0.649565 0.830347 1.051725 1.319920 1.641317 2.022245 2.468699 2.986021 3.578535 4.249153 4.998986 5.826950 6.729431 7.700002 8.729248 9.804703 10.910933 12.029776 13.140746 14.221582 15.248953 16.199267 17.049552 17.778375 18.366737 18.798895 19.063062 19.151941 19.063062 18.798895 18.366737 17.778375 17.049552 16.199267 15.248953 14.221582 13.140746 12.029776 10.910933 9.804703 8.729248 7.700002 6.729431 5.826950 4.998986 4.249153 3.578535 2.986021 2.468699 2.022245 1.641317 1.319920 1.051725 0.830347 0.649565 0.503496 0.386707 0.294297 0.221927 0.165829 0.122783 0.090085 0.065494 0.047184 0.033686 0.023832 0.016709 0.011612 0.008000 0.005468 0.003713 0.002514 0.001712 0.001195 0.000889 0.000746 0.000746 
0.000578 0.000578 0.000693 0.000942 0.001363 0.002022 0.003014 0.004480 0.006615 0.009688 0.014066 0.020243 0.028871 0.040805 0.057150 0.079319 0.109088 0.148669 0.200768 0.268659 0.356233 0.468046 0.609344 0.786051 1.004731 1.272496 1.596862 1.985543 2.446182 2.986021 3.611510 4.327863 5.138597 6.045043 7.045884 8.136743 9.309849 10.553816 11.853577 13.190480 14.542579 15.885118 17.191204 18.432652 19.580958 20.608375 21.489013 22.199923 22.722089 23.041273 23.148662 23.041273 22.722089 22.199923 21.489013 20.608375 19.580958 18.432652 17.191204 15.885118 14.542579 13.190480 11.853577 10.553816 9.309849 8.136743 7.045884 6.045043 5.138597 4.327863 3.611510 2.986021 2.446182 1.985543 1.596862 1.272496 1.004731 0.786051 0.609344 0.468046 0.356233 0.268659 0.200768 0.148669 0.109088 0.079319 0.057151 0.040806 0.028872 0.020246 0.014071 0.009696 0.006628 0.004501 0.003049 0.002077 0.001450 0.001078 0.000905 0.000905 
0.000695 0.000695 0.000833 0.001132 0.001638 0.002429 0.003621 0.005381 0.007943 0.011632 0.016888 0.024300 0.034653 0.048971 0.068581 0.095173 0.130879 0.178347 0.240823 0.322227 0.427222 0.561267 0.730642 0.942445 1.204536 1.525430 1.914125 2.379856 2.931770 3.578535 4.327863 5.185996 6.157130 7.242852 8.441575 9.748051 11.152964 12.642677 14.199143 15.800027 17.419052 19.026580 20.590417 22.076822 23.451678 24.681771 25.736115 26.587241 27.212389 27.594521 27.723089 27.594521 27.212389 26.587241 25.736115 24.681771 23.451678 22.076822 20.590417 19.026580 17.419052 15.800027 14.199143 12.642677 11.152964 9.748051 8.441575 7.242852 6.157130 5.185996 4.327863 3.578535 2.931770 2.379856 1.914125 1.525430 1.204536 0.942445 0.730642 0.561267 0.427222 0.322227 0.240823 0.178347 0.130879 0.095173 0.068581 0.048973 0.034655 0.024304 0.016893 0.011642 0.007959 0.005406 0.003662 0.002495 0.001742 0.001296 0.001088 0.001088 
0.000828 0.000828 0.000992 0.001347 0.001950 0.002891 0.004309 0.006402 0.009450 0.013837 0.020086 0.028900 0.041207 0.058228 0.081535 0.113138 0.155568 0.211970 0.286197 0.382904 0.507625 0.666839 0.868000 1.119531 1.430759 1.811785 2.273283 2.826206 3.481405 4.249153 5.138597 6.157130 7.309723 8.598246 10.020807 11.571169 13.238270 15.005924 16.852714 18.752141 20.673030 22.580222 24.435530 26.198932 27.829964 29.289234 30.539992 31.549663 32.291256 32.744564 32.897078 32.744564 32.291256 31.549663 30.539992 29.289234 27.829964 26.198932 24.435530 22.580222 20.673030 18.752141 16.852714 15.005924 13.238270 11.571169 10.020807 8.598246 7.309723 6.157130 5.138597 4.249153 3.481405 2.826206 2.273283 1.811785 1.430759 1.119531 0.868000 0.666839 0.507625 0.382904 0.286197 0.211970 0.155568 0.113138 0.081535 0.058229 0.041210 0.028904 0.020093 0.013849 0.009469 0.006433 0.004358 0.002969 0.002074 0.001543 0.001296 0.001296 
0.000976 0.000976 0.001170 0.001589 0.002299 0.003408 0.005080 0.007547 0.011138 0.016307 0.023669 0.034050 0.048546 0.068591 0.096036 0.133247 0.183202 0.249599 0.336973 0.450798 0.597583 0.784948 1.021659 1.317617 1.683788 2.132048 2.674942 3.325342 4.096000 4.998986 6.045043 7.242852 8.598246 10.113411 11.786113 13.609006 15.569078 17.647292 19.818469 22.051452 24.309598 26.551580 28.732515 30.805367 32.722584 34.437871 35.908045 37.094825 37.966496 38.499312 38.678576 38.499312 37.966496 37.094825 35.908045 34.437871 32.722584 30.805367 28.732515 26.551580 24.309598 22.051452 19.818469 17.647292 15.569078 13.609006 11.786113 10.113411 8.598246 7.242852 6.045043 4.998986 4.096000 3.325342 2.674942 2.132048 1.683788 1.317617 1.021659 0.784948 0.597583 0.450798 0.336973 0.249599 0.183202 0.133248 0.096037 0.068592 0.048549 0.034055 0.023677 0.016320 0.011160 0.007583 0.005137 0.003501 0.002446 0.001819 0.001528 0.001528 
0.001141 0.001141 0.001367 0.001857 0.002686 0.003981 0.005933 0.008813 0.013005 0.019039 0.027631 0.039746 0.056661 0.080048 0.112067 0.155475 0.213744 0.291185 0.393084 0.525819 0.696976 0.915435 1.191406 1.536428 1.963271 2.485769 3.118534 3.876554 4.774674 5.826950 7.045884 8.441575 10.020807 11.786113 13.734876 15.858528 18.141904 20.562820 23.091941 25.692977 28.323247 30.934620 33.474829 35.889100 38.122058 40.119802 41.832046 43.214220 44.229397 44.849929 45.058704 44.849929 44.229397 43.214220 41.832046 40.119802 38.122058 35.889100 33.474829 30.934620 28.323247 25.692977 23.091941 20.562820 18.141904 15.858528 13.734876 11.786113 10.020807 8.441575 7.045884 5.826950 4.774674 3.876554 3.118534 2.485769 1.963271 1.536428 1.191406 0.915435 0.696977 0.525819 0.393084 0.291186 0.213744 0.155476 0.112068 0.080050 0.056664 0.039751 0.027640 0.019054 0.013031 0.008855 0.006000 0.004089 0.002857 0.002126 0.001786 0.001786 
0.001321 0.001321 0.001583 0.002149 0.003108 0.004607 0.006864 0.010195 0.015044 0.022021 0.031955 0.045962 0.065517 0.092551 0.129560 0.179728 0.247065 0.336552 0.454290 0.607646 0.805378 1.057737 1.376512 1.775018 2.267998 2.871416 3.602131 4.477440 5.514470 6.729431 8.136743 9.748051 11.571169 13.609006 15.858528 18.309835 20.945411 23.739646 26.658678 29.660624 32.696227 35.709948 38.641474 41.427607 44.004455 46.309830 48.285717 49.880697 51.052165 51.768228 52.009143 51.768228 51.052165 49.880697 48.285717 46.309830 44.004455 41.427607 38.641474 35.709948 32.696227 29.660624 26.658678 23.739646 20.945411 18.309835 15.858528 13.609006 11.571169 9.748051 8.136743 6.729431 5.514470 4.477440 3.602131 2.871416 2.267998 1.775018 1.376512 1.057737 0.805378 0.607646 0.454290 0.336552 0.247066 0.179729 0.129561 0.092553 0.065521 0.045969 0.031966 0.022039 0.015074 0.010244 0.006942 0.004732 0.003307 0.002461 0.002067 0.002067 
0.001515 0.001515 0.001815 0.002464 0.003564 0.005281 0.007868 0.011685 0.017240 0.025232 0.036613 0.052656 0.075053 0.106012 0.148392 0.205835 0.282931 0.385379 0.520159 0.695700 0.922022 1.210849 1.575664 2.031698 2.595808 3.286249 4.122299 5.123731 6.310122 7.700002 9.309849 11.152964 13.238270 15.569078 18.141904 20.945411 23.959558 27.155052 30.493164 33.925998 37.397232 40.843365 44.195439 47.381204 50.327618 52.963588 55.222794 57.046459 58.385881 59.204602 59.480055 59.204602 58.385881 57.046459 55.222794 52.963588 50.327618 47.381204 44.195439 40.843365 37.397232 33.925998 30.493164 27.155052 23.959558 20.945411 18.141904 15.569078 13.238270 11.152964 9.309849 7.700002 6.310122 5.123731 4.122299 3.286249 2.595808 2.031698 1.575664 1.210849 0.922022 0.695700 0.520159 0.385379 0.282931 0.205836 0.148393 0.106015 0.075057 0.052664 0.036625 0.025253 0.017274 0.011740 0.007957 0.005425 0.003791 0.002821 0.002371 0.002371 
0.001721 0.001721 0.002062 0.002799 0.004047 0.005997 0.008933 0.013267 0.019572 0.028643 0.041558 0.059764 0.085176 0.120302 0.168381 0.233544 0.320995 0.437194 0.590056 0.789132 1.045781 1.373288 1.786936 2.303982 2.943526 3.726251 4.673996 5.809159 7.153915 8.729248 10.553816 12.642677 15.005924 17.647292 20.562820 23.739646 27.155052 30.775837 34.558116 38.447620 42.380540 46.284936 50.082692 53.691965 57.030019 60.016325 62.575766 64.641766 66.159166 67.086672 67.398725 67.086672 66.159166 64.641766 62.575766 60.016325 57.030019 53.691965 50.082692 46.284936 42.380540 38.447620 34.558116 30.775837 27.155052 23.739646 20.562820 17.647292 15.005924 12.642677 10.553816 8.729248 7.153915 5.809159 4.673996 3.726251 2.943526 2.303982 1.786936 1.373288 1.045781 0.789132 0.590056 0.437195 0.320996 0.233545 0.168382 0.120305 0.085181 0.059772 0.041572 0.028667 0.019611 0.013330 0.009035 0.006160 0.004306 0.003205 0.002693 0.002693 
0.001937 0.001937 0.002320 0.003149 0.004554 0.006747 0.010049 0.014922 0.022012 0.032211 0.046732 0.067198 0.095765 0.135247 0.189285 0.262521 0.360797 0.491372 0.663134 0.886811 1.175157 1.543091 2.007772 2.588574 3.306942 4.186093 5.250541 6.525425 8.035630 9.804703 11.853577 14.199143 16.852714 19.818469 23.091941 26.658678 30.493164 34.558116 38.804263 43.170682 47.585743 51.968695 56.231861 60.283381 64.030397 67.382531 70.255479 72.574527 74.277770 75.318868 75.669138 75.318868 74.277770 72.574527 70.255479 67.382531 64.030397 60.283381 56.231861 51.968695 47.585743 43.170682 38.804263 34.558116 30.493164 26.658678 23.091941 19.818469 16.852714 14.199143 11.853577 9.804703 8.035630 6.525425 5.250541 4.186093 3.306942 2.588574 2.007772 1.543091 1.175157 0.886811 0.663134 0.491373 0.360798 0.262522 0.189287 0.135251 0.095770 0.067208 0.046748 0.032238 0.022056 0.014993 0.010164 0.006930 0.004845 0.003606 0.003030 0.003030 
0.002159 0.002159 0.002587 0.003511 0.005075 0.007519 0.011198 0.016627 0.024525 0.035886 0.052059 0.074854 0.106667 0.150634 0.210806 0.292349 0.401766 0.547135 0.738345 0.987334 1.308293 1.717819 2.235001 2.881391 3.680842 4.659178 5.843661 7.262249 8.942612 10.910933 13.190480 15.800027 18.752141 22.051452 25.692977 29.660624 33.925998 38.447620 43.170682 48.027416 52.938156 57.813094 62.554721 67.060883 71.228317 74.956522 78.151754 80.730929 82.625215 83.783083 84.172638 83.783083 82.625215 80.730929 78.151754 74.956522 71.228317 67.060883 62.554721 57.813094 52.938156 48.027416 43.170682 38.447620 33.925998 29.660624 25.692977 22.051452 18.752141 15.800027 13.190480 10.910933 8.942612 7.262249 5.843661 4.659178 3.680842 2.881391 2.235001 1.717819 1.308293 0.987335 0.738345 0.547135 0.401767 0.292350 0.210808 0.150638 0.106673 0.074864 0.052077 0.035916 0.024574 0.016706 0.011326 0.007723 0.005400 0.004020 0.003378 0.003378 
0.002384 0.002384 0.002857 0.003876 0.005604 0.008301 0.012362 0.018353 0.027070 0.039607 0.057453 0.082604 0.117703 0.166208 0.232588 0.322537 0.443228 0.603565 0.814453 1.089050 1.443001 1.894601 2.464889 3.177621 4.059083 5.137734 6.443615 8.007532 9.859972 12.029776 14.542579 17.419052 20.673030 24.309598 28.323247 32.696227 37.397232 42.380540 47.585743 52.938156 58.349988 63.722275 68.947571 73.913317 78.505735 82.614091 86.135099 88.977220 91.064618 92.340519 92.769785 92.340519 91.064618 88.977220 86.135099 82.614091 78.505735 73.913317 68.947571 63.722275 58.349988 52.938156 47.585743 42.380540 37.397232 32.696227 28.323247 24.309598 20.673030 17.419052 14.542579 12.029776 9.859972 8.007532 6.443615 5.137734 4.059083 3.177621 2.464889 1.894601 1.443001 1.089051 0.814453 0.603566 0.443229 0.322539 0.232590 0.166213 0.117710 0.082615 0.057473 0.039640 0.027124 0.018441 0.012503 0.008527 0.005962 0.004438 0.003730 0.003730 
0.002609 0.002609 0.003125 0.004240 0.006129 0.009078 0.013519 0.020069 0.029599 0.043305 0.062813 0.090305 0.128670 0.181685 0.254231 0.352532 0.484422 0.659627 0.890059 1.190092 1.576810 2.070194 2.693222 3.471833 4.434732 5.612991 7.039410 8.747621 10.770905 13.140746 15.885118 19.026580 22.580222 26.551580 30.934620 35.709948 40.843365 46.284936 51.968695 57.813094 63.722275 69.588186 75.293525 80.715403 85.729606 90.215249 94.059577 97.162660 99.441710 100.834753 101.303430 100.834753 99.441710 97.162660 94.059577 90.215249 85.729606 80.715403 75.293525 69.588186 63.722275 57.813094 51.968695 46.284936 40.843365 35.709948 30.934620 26.551580 22.580222 19.026580 15.885118 13.140746 10.770905 8.747621 7.039410 5.612991 4.434732 3.471833 2.693222 2.070194 1.576810 1.190092 0.890060 0.659628 0.484423 0.352534 0.254234 0.181689 0.128677 0.090318 0.062835 0.043341 0.029658 0.020165 0.013673 0.009326 0.006521 0.004855 0.004081 0.004081 
0.002827 0.002827 0.003386 0.004594 0.006641 0.009835 0.014645 0.021741 0.032062 0.046906 0.068033 0.097804 0.139347 0.196751 0.275300 0.381730 0.524518 0.714194 0.963646 1.288430 1.707032 2.241074 2.915416 3.758124 4.800253 6.075418 7.619101 9.467682 11.657159 14.221582 17.191204 20.590417 24.435530 28.732515 33.474829 38.641474 44.195439 50.082692 56.231861 62.554721 68.947571 75.293525 81.465690 87.331136 92.755505 97.608038 101.766772 105.123621 107.589039 109.095993 109.602993 109.095993 107.589039 105.123621 101.766772 97.608038 92.755505 87.331136 81.465690 75.293525 68.947571 62.554721 56.231861 50.082692 44.195439 38.641474 33.474829 28.732515 24.435530 20.590417 17.191204 14.221582 11.657159 9.467682 7.619101 6.075418 4.800253 3.758124 2.915416 2.241074 1.707032 1.288430 0.963646 0.714194 0.524519 0.381731 0.275303 0.196756 0.139355 0.097818 0.068056 0.046945 0.032126 0.021845 0.014813 0.010104 0.007065 0.005261 0.004422 0.004422 
