0.000000 0.000000 0.000000 0.000000 0.000000 0.000000 0.000000 0.000000 0.000000 0.000000 0.000000 0.000000 0.000000 0.000000 0.000000 0.000000 0.000000 0.000000 0.000000 0.000000 0.000000 0.000000 0.000000 0.000000 0.000000 0.000000 0.000000 0.000000 0.000000 0.000000 0.000000 0.000000 0.000000 0.000000 0.000000 0.000000 0.000000 0.000000 0.000000 0.000000 0.000000 0.000000 0.000000 0.000000 0.000000 0.000000 0.000000 0.000000 0.000000 0.000000 0.000000 0.000000 0.000000 0.000000 0.000000 0.000000 0.000000 0.000000 0.000000 0.000000 0.000000 0.000000 0.000000 0.000000 0.000000 0.000000 0.000000 0.000000 0.000000 0.000000 0.000000 0.000000 0.000000 0.000000 0.000000 0.000000 0.000000 0.000000 0.000000 0.000000 0.000000 0.000000 0.000000 0.000000 0.000000 0.000000 0.000000 0.000000 0.000000 0.000000 0.000000 0.000000 0.000000 0.000000 0.000000 0.000000 0.000000 0.000000 0.000000 0.000000 
0.000000 0.000000 0.000000 0.000000 0.000000 0.000000 0.000000 0.000000 0.000000 0.000000 0.000000 0.000000 0.000000 0.000000 0.000000 0.000000 0.000000 0.000000 0.000000 0.000000 0.000000 0.000000 0.000000 0.000000 0.000000 0.000000 0.000000 0.000000 0.000000 0.000000 0.000000 0.000000 0.000000 0.000000 0.000000 0.000000 0.000000 0.000000 0.000000 0.000000 0.000000 0.000000 0.000000 0.000000 0.000000 0.000000 0.000000 0.000000 0.000000 0.000000 0.000000 0.000000 0.000000 0.000000 0.000000 0.000000 0.000000 0.000000 0.000000 0.000000 0.000000 0.000000 0.000000 0.000000 0.000000 0.000000 0.000000 0.000000 0.000000 0.000000 0.000000 0.000000 0.000000 0.000000 0.000000 0.000000 0.000000 0.000000 0.000000 0.000000 0.000000 0.000000 0.000000 0.000000 0.000000 0.000000 0.000000 0.000000 0.000000 0.000000 0.000000 0.000000 0.000000 0.000000 0.000000 0.000000 0.000000 0.000000 0.000000 0.000000 
0.000000 0.000000 0.000000 0.000000 0.000000 0.000000 0.000000 0.000000 0.000000 0.000000 0.000000 0.000000 0.000000 0.000000 0.000000 0.000000 0.000000 0.000000 0.000000 0.000000 0.000000 0.000000 0.000000 0.000000 0.000000 0.000000 0.000000 0.000000 0.000000 0.000000 0.000000 0.000000 0.000000 0.000000 0.000000 0.000000 0.000000 0.000000 0.000000 0.000000 0.000000 0.000000 0.000000 0.000000 0.000000 0.000000 0.000001 0.000001 0.000001 0.000001 0.000001 0.000001 0.000001 0.000001 0.000001 0.000000 0.000000 0.000000 0.000000 0.000000 0.000000 0.000000 0.000000 0.000000 0.000000 0.000000 0.000000 0.000000 0.000000 0.000000 0.000000 0.000000 0.000000 0.000000 0.000000 0.000000 0.000000 0.000000 0.000000 0.000000 0.000000 0.000000 0.000000 0.000000 0.000000 0.000000 0.000000 0.000000 0.000000 0.000000 0.000000 0.000000 0.000000 0.000000 0.000000 0.000000 0.000000 0.000000 0.000000 0.000000 
0.000000 0.000000 0.000000 0.000000 0.000000 0.000000 0.000000 0.000000 0.000000 0.000000 0.000000 0.000000 0.000000 0.000000 0.000000 0.000000 0.000000 0.000000 0.000000 0.000000 0.000000 0.000000 0.000000 0.000000 0.000000 0.000000 0.000000 0.000000 0.000000 0.000000 0.000000 0.000000 0.000000 0.000000 0.000000 0.000000 0.000000 0.000000 0.000000 0.000000 0.000001 0.000001 0.000001 0.000001 0.000001 0.000001 0.000001 0.000001 0.000001 0.000001 0.000001 0.000001 0.000001 0.000001 0.000001 0.000001 0.000001 0.000001 0.000001 0.000001 0.000001 0.000000 0.000000 0.000000 0.000000 0.000000 0.000000 0.000000 0.000000 0.000000 0.000000 0.000000 0.000000 0.000000 0.000000 0.000000 0.000000 0.000000 0.000000 0.000000 0.000000 0.000000 0.000000 0.000000 0.000000 0.000000 0.000000 0.000000 0.000000 0.000000 0.000000 0.000000 0.000000 0.000000 0.000000 0.000000 0.000000 0.000000 0.000000 0.000000 
0.000000 0.000000 0.000000 0.000000 0.000000 0.000000 0.000000 0.000000 0.000000 0.000000 0.000000 0.000000 0.000000 0.000000 0.000000 0.000000 0.000000 0.000000 0.000000 0.000000 0.000000 0.000000 0.000000 0.000000 0.000000 0.000000 0.000000 0.000000 0.000000 0.000000 0.000000 0.000000 0.000000 0.000000 0.000000 0.000000 0.000000 0.000001 0.000001 0.000001 0.000001 0.000001 0.000002 0.000002 0.000002 0.000002 0.000002 0.000003 0.000003 0.000003 0.000003 0.000003 0.000003 0.000003 0.000002 0.000002 0.000002 0.000002 0.000002 0.000001 0.000001 0.000001 0.000001 0.000001 0.000000 0.000000 0.000000 0.000000 0.000000 0.000000 0.000000 0.000000 0.000000 0.000000 0.000000 0.000000 0.000000 0.000000 0.000000 0.000000 0.000000 0.000000 0.000000 0.000000 0.000000 0.000000 0.000000 0.000000 0.000000 0.000000 0.000000 0.000000 0.000000 0.000000 0.000000 0.000000 0.000000 0.000000 0.000000 0.000000 
0.000000 0.000000 0.000000 0.000000 0.000000 0.000000 0.000000 0.000000 0.000000 0.000000 0.000000 0.000000 0.000000 0.000000 0.000000 0.000000 0.000000 0.000000 0.000000 0.000000 0.000000 0.000000 0.000000 0.000000 0.000000 0.000000 0.000000 0.000000 0.000000 0.000000 0.000000 0.000000 0.000000 0.000000 0.000001 0.000001 0.000001 0.000001 0.000002 0.000002 0.000002 0.000003 0.000003 0.000004 0.000004 0.000005 0.000005 0.000006 0.000006 0.000006 0.000006 0.000006 0.000006 0.000006 0.000005 0.000005 0.000004 0.000004 0.000003 0.000003 0.000002 0.000002 0.000002 0.000001 0.000001 0.000001 0.000001 0.000000 0.000000 0.000000 0.000000 0.000000 0.000000 0.000000 0.000000 0.000000 0.000000 0.000000 0.000000 0.000000 0.000000 0.000000 0.000000 0.000000 0.000000 0.000000 0.000000 0.000000 0.000000 0.000000 0.000000 0.000000 0.000000 0.000000 0.000000 0.000000 0.000000 0.000000 0.000000 0.000000 
0.000000 0.000000 0.000000 0.000000 0.000000 0.000000 0.000000 0.000000 0.000000 0.000000 0.000000 0.000000 0.000000 0.000000 0.000000 0.000000 0.000000 0.000000 0.000000 0.000000 0.000000 0.000000 0.000000 0.000000 0.000000 0.000000 0.000000 0.000000 0.000000 0.000000 0.000000 0.000000 0.000001 0.000001 0.000001 0.000002 0.000002 0.000003 0.000003 0.000004 0.000005 0.000006 0.000007 0.000008 0.000009 0.000011 0.000011 0.000012 0.000013 0.000013 0.000013 0.000013 0.000013 0.000012 0.000011 0.000011 0.000009 0.000008 0.000007 0.000006 0.000005 0.000004 0.000003 0.000003 0.000002 0.000002 0.000001 0.000001 0.000001 0.000000 0.000000 0.000000 0.000000 0.000000 0.000000 0.000000 0.000000 0.000000 0.000000 0.000000 0.000000 0.000000 0.000000 0.000000 0.000000 0.000000 0.000000 0.000000 0.000000 0.000000 0.000000 0.000000 0.000000 0.000000 0.000000 0.000000 0.000000 0.000000 0.000000 0.000000 
0.000000 0.000000 0.000000 0.000000 0.000000 0.000000 0.000000 0.000000 0.000000 0.000000 0.000000 0.000000 0.000000 0.000000 0.000000 0.000000 0.000000 0.000000 0.000000 0.000000 0.000000 0.000000 0.000000 0.000000 0.000000 0.000000 0.000000 0.000000 0.000000 0.000000 0.000001 0.000001 0.000001 0.000002 0.000003 0.000003 0.000004 0.000006 0.000007 0.000009 0.000011 0.000013 0.000015 0.000018 0.000020 0.000022 0.000024 0.000026 0.000027 0.000028 0.000028 0.000028 0.000027 0.000026 0.000024 0.000022 0.000020 0.000018 0.000015 0.000013 0.000011 0.000009 0.000007 0.000006 0.000004 0.000003 0.000003 0.000002 0.000001 0.000001 0.000001 0.000000 0.000000 0.000000 0.000000 0.000000 0.000000 0.000000 0.000000 0.000000 0.000000 0.000000 0.000000 0.000000 0.000000 0.000000 0.000000 0.000000 0.000000 0.000000 0.000000 0.000000 0.000000 0.000000 0.000000 0.000000 0.000000 0.000000 0.000000 0.000000 
0.000000 0.000000 0.000000 0.000000 0.000000 0.000000 0.000000 0.000000 0.000000 0.000000 0.000000 0.000000 0.000000 0.000000 0.000000 0.000000 0.000000 0.000000 0.000000 0.000000 0.000000 0.000000 0.000000 0.000000 0.000000 0.000000 0.000000 0.000000 0.000001 0.000001 0.000001 0.000002 0.000003 0.000004 0.000005 0.000007 0.000009 0.000012 0.000015 0.000019 0.000023 0.000027 0.000032 0.000037 0.000041 0.000046 0.000050 0.000053 0.000056 0.000058 0.000058 0.000058 0.000056 0.000053 0.000050 0.000046 0.000041 0.000037 0.000032 0.000027 0.000023 0.000019 0.000015 0.000012 0.000009 0.000007 0.000005 0.000004 0.000003 0.000002 0.000001 0.000001 0.000001 0.000000 0.000000 0.000000 0.000000 0.000000 0.000000 0.000000 0.000000 0.000000 0.000000 0.000000 0.000000 0.000000 0.000000 0.000000 0.000000 0.000000 0.000000 0.000000 0.000000 0.000000 0.000000 0.000000 0.000000 0.000000 0.000000 0.000000 
0.000000 0.000000 0.000000 0.000000 0.000000 0.000000 0.000000 0.000000 0.000000 0.000000 0.000000 0.000000 0.000000 0.000000 0.000000 0.000000 0.000000 0.000000 0.000000 0.000000 0.000000 0.000000 0.000000 0.000000 0.000000 0.000000 0.000001 0.000001 0.000001 0.000002 0.000003 0.000004 0.000006 0.000008 0.000011 0.000015 0.000019 0.000025 0.000031 0.000038 0.000047 0.000056 0.000065 0.000075 0.000085 0.000094 0.000102 0.000109 0.000114 0.000117 0.000119 0.000117 0.000114 0.000109 0.000102 0.000094 0.000085 0.000075 0.000065 0.000056 0.000047 0.000038 0.000031 0.000025 0.000019 0.000015 0.000011 0.000008 0.000006 0.000004 0.000003 0.000002 0.000001 0.000001 0.000001 0.000000 0.000000 0.000000 0.000000 0.000000 0.000000 0.000000 0.000000 0.000000 0.000000 0.000000 0.000000 0.000000 0.000000 0.000000 0.000000 0.000000 0.000000 0.000000 0.000000 0.000000 0.000000 0.000000 0.000000 0.000000 
0.000000 0.000000 0.000000 0.000000 0.000000 0.000000 0.000000 0.000000 0.000000 0.000000 0.000000 0.000000 0.000000 0.000000 0.000000 0.000000 0.000000 0.000000 0.000000 0.000000 0.000000 0.000000 0.000000 0.000000 0.000000 0.000001 0.000001 0.000002 0.000003 0.000004 0.000006 0.000008 0.000012 0.000016 0.000022 0.000029 0.000038 0.000049 0.000062 0.000077 0.000094 0.000112 0.000131 0.000151 0.000170 0.000189 0.000205 0.000219 0.000229 0.000236 0.000238 0.000236 0.000229 0.000219 0.000205 0.000189 0.000170 0.000151 0.000131 0.000112 0.000094 0.000077 0.000062 0.000049 0.000038 0.000029 0.000022 0.000016 0.000012 0.000008 0.000006 0.000004 0.000003 0.000002 0.000001 0.000001 0.000000 0.000000 0.000000 0.000000 0.000000 0.000000 0.000000 0.000000 0.000000 0.000000 0.000000 0.000000 0.000000 0.000000 0.000000 0.000000 0.000000 0.000000 0.000000 0.000000 0.000000 0.000000 0.000000 0.000000 
0.000000 0.000000 0.000000 0.000000 0.000000 0.000000 0.000000 0.000000 0.000000 0.000000 0.000000 0.000000 0.000000 0.000000 0.000000 0.000000 0.000000 0.000000 0.000000 0.000000 0.000000 0.000000 0.000000 0.000001 0.000001 0.000001 0.000002 0.000004 0.000005 0.000008 0.000012 0.000017 0.000023 0.000032 0.000044 0.000058 0.000076 0.000098 0.000124 0.000153 0.000186 0.000222 0.000260 0.000298 0.000337 0.000373 0.000406 0.000433 0.000453 0.000466 0.000471 0.000466 0.000453 0.000433 0.000406 0.000373 0.000337 0.000298 0.000260 0.000222 0.000186 0.000153 0.000124 0.000098 0.000076 0.000058 0.000044 0.000032 0.000023 0.000017 0.000012 0.000008 0.000005 0.000004 0.000002 0.000001 0.000001 0.000001 0.000000 0.000000 0.000000 0.000000 0.000000 0.000000 0.000000 0.000000 0.000000 0.000000 0.000000 0.000000 0.000000 0.000000 0.000000 0.000000 0.000000 0.000000 0.000000 0.000000 0.000000 0.000000 
0.000000 0.000000 0.000000 0.000000 0.000000 0.000000 0.000000 0.000000 0.000000 0.000000 0.000000 0.000000 0.000000 0.000000 0.000000 0.000000 0.000000 0.000000 0.000000 0.000000 0.000000 0.000000 0.000001 0.000001 0.000002 0.000003 0.000005 0.000007 0.000010 0.000016 0.000023 0.000033 0.000046 0.000063 0.000086 0.000114 0.000149 0.000191 0.000241 0.000298 0.000362 0.000432 0.000505 0.000581 0.000655 0.000725 0.000788 0.000841 0.000881 0.000906 0.000915 0.000906 0.000881 0.000841 0.000788 0.000725 0.000655 0.000581 0.000505 0.000432 0.000362 0.000298 0.000241 0.000191 0.000149 0.000114 0.000086 0.000063 0.000046 0.000033 0.000023 0.000016 0.000010 0.000007 0.000005 0.000003 0.000002 0.000001 0.000001 0.000000 0.000000 0.000000 0.000000 0.000000 0.000000 0.000000 0.000000 0.000000 0.000000 0.000000 0.000000 0.000000 0.000000 0.000000 0.000000 0.000000 0.000000 0.000000 0.000000 0.000000 
0.000000 0.000000 0.000000 0.000000 0.000000 0.000000 0.000000 0.000000 0.000000 0.000000 0.000000 0.000000 0.000000 0.000000 0.000000 0.000000 0.000000 0.000000 0.000000 0.000000 0.000000 0.000001 0.000001 0.000002 0.000003 0.000006 0.000009 0.000013 0.000020 0.000030 0.000044 0.000063 0.000088 0.000121 0.000164 0.000219 0.000286 0.000367 0.000462 0.000571 0.000693 0.000827 0.000967 0.001111 0.001253 0.001387 0.001508 0.001609 0.001685 0.001733 0.001749 0.001733 0.001685 0.001609 0.001508 0.001387 0.001253 0.001111 0.000967 0.000827 0.000693 0.000571 0.000462 0.000367 0.000286 0.000219 0.000164 0.000121 0.000088 0.000063 0.000044 0.000030 0.000020 0.000013 0.000009 0.000006 0.000003 0.000002 0.000001 0.000001 0.000000 0.000000 0.000000 0.000000 0.000000 0.000000 0.000000 0.000000 0.000000 0.000000 0.000000 0.000000 0.000000 0.000000 0.000000 0.000000 0.000000 0.000000 0.000000 0.000000 
0.000000 0.000000 0.000000 0.000000 0.000000 0.000000 0.000000 0.000000 0.000000 0.000000 0.000000 0.000000 0.000000 0.000000 0.000000 0.000000 0.000000 0.000000 0.000000 0.000001 0.000001 0.000001 0.000002 0.000004 0.000007 0.000011 0.000017 0.000025 0.000038 0.000057 0.000083 0.000119 0.000167 0.000230 0.000311 0.000413 0.000540 0.000692 0.000871 0.001077 0.001307 0.001557 0.001822 0.002092 0.002359 0.002611 0.002837 0.003027 0.003170 0.003259 0.003289 0.003259 0.003170 0.003027 0.002837 0.002611 0.002359 0.002092 0.001822 0.001557 0.001307 0.001077 0.000871 0.000692 0.000540 0.000413 0.000311 0.000230 0.000167 0.000119 0.000083 0.000057 0.000038 0.000025 0.000017 0.000011 0.000007 0.000004 0.000002 0.000001 0.000001 0.000001 0.000000 0.000000 0.000000 0.000000 0.000000 0.000000 0.000000 0.000000 0.000000 0.000000 0.000000 0.000000 0.000000 0.000000 0.000000 0.000000 0.000000 0.000000 
0.000000 0.000000 0.000000 0.000000 0.000000 0.000000 0.000000 0.000000 0.000000 0.000000 0.000000 0.000000 0.000000 0.000000 0.000000 0.000000 0.000000 0.000000 0.000001 0.000001 0.000002 0.000003 0.000005 0.000008 0.000012 0.000020 0.000031 0.000048 0.000072 0.000106 0.000155 0.000221 0.000310 0.000427 0.000578 0.000768 0.001002 0.001285 0.001616 0.001997 0.002422 0.002885 0.003374 0.003874 0.004367 0.004832 0.005250 0.005600 0.005865 0.006029 0.006085 0.006029 0.005865 0.005600 0.005250 0.004832 0.004367 0.003874 0.003374 0.002885 0.002422 0.001997 0.001616 0.001285 0.001002 0.000768 0.000578 0.000427 0.000310 0.000221 0.000155 0.000106 0.000072 0.000048 0.000031 0.000020 0.000012 0.000008 0.000005 0.000003 0.000002 0.000001 0.000001 0.000000 0.000000 0.000000 0.000000 0.000000 0.000000 0.000000 0.000000 0.000000 0.000000 0.000000 0.000000 0.000000 0.000000 0.000000 0.000000 0.000000 
0.000000 0.000000 0.000000 0.000000 0.000000 0.000000 0.000000 0.000000 0.000000 0.000000 0.000000 0.000000 0.000000 0.000000 0.000000 0.000000 0.000000 0.000001 0.000001 0.000002 0.000003 0.000005 0.000009 0.000014 0.000023 0.000037 0.000057 0.000088 0.000132 0.000195 0.000284 0.000405 0.000568 0.000782 0.001057 0.001404 0.001831 0.002345 0.002949 0.003642 0.004416 0.005258 0.006147 0.007055 0.007951 0.008797 0.009556 0.010192 0.010672 0.010970 0.011072 0.010970 0.010672 0.010192 0.009556 0.008797 0.007951 0.007055 0.006147 0.005258 0.004416 0.003642 0.002949 0.002345 0.001831 0.001404 0.001057 0.000782 0.000568 0.000405 0.000284 0.000195 0.000132 0.000088 0.000057 0.000037 0.000023 0.000014 0.000009 0.000005 0.000003 0.000002 0.000001 0.000001 0.000000 0.000000 0.000000 0.000000 0.000000 0.000000 0.000000 0.000000 0.000000 0.000000 0.000000 0.000000 0.000000 0.000000 0.000000 0.000000 
0.000000 0.000000 0.000000 0.000000 0.000000 0.000000 0.000000 0.000000 0.000000 0.000000 0.000000 0.000000 0.000000 0.000000 0.000000 0.000000 0.000001 0.000001 0.000002 0.000003 0.000006 0.000009 0.000016 0.000026 0.000042 0.000066 0.000103 0.000158 0.000238 0.000352 0.000511 0.000729 0.001022 0.001406 0.001900 0.002522 0.003288 0.004209 0.005291 0.006532 0.007917 0.009423 0.011012 0.012637 0.014238 0.015750 0.017106 0.018242 0.019099 0.019632 0.019813 0.019632 0.019099 0.018242 0.017106 0.015750 0.014238 0.012637 0.011012 0.009423 0.007917 0.006532 0.005291 0.004209 0.003288 0.002522 0.001900 0.001406 0.001022 0.000729 0.000511 0.000352 0.000238 0.000158 0.000103 0.000066 0.000042 0.000026 0.000016 0.000009 0.000006 0.000003 0.000002 0.000001 0.000001 0.000000 0.000000 0.000000 0.000000 0.000000 0.000000 0.000000 0.000000 0.000000 0.000000 0.000000 0.000000 0.000000 0.000000 0.000000 
0.000000 0.000000 0.000000 0.000000 0.000000 0.000000 0.000000 0.000000 0.000000 0.000000 0.000000 0.000000 0.000000 0.000000 0.000000 0.000001 0.000001 0.000002 0.000003 0.000006 0.000010 0.000017 0.000028 0.000046 0.000074 0.000118 0.000184 0.000281 0.000423 0.000624 0.000906 0.001291 0.001808 0.002487 0.003359 0.004457 0.005807 0.007430 0.009336 0.011520 0.013958 0.016608 0.019403 0.022259 0.025073 0.027731 0.030114 0.032109 0.033615 0.034552 0.034870 0.034552 0.033615 0.032109 0.030114 0.027731 0.025073 0.022259 0.019403 0.016608 0.013958 0.011520 0.009336 0.007430 0.005807 0.004457 0.003359 0.002487 0.001808 0.001291 0.000906 0.000624 0.000423 0.000281 0.000184 0.000118 0.000074 0.000046 0.000028 0.000017 0.000010 0.000006 0.000003 0.000002 0.000001 0.000001 0.000000 0.000000 0.000000 0.000000 0.000000 0.000000 0.000000 0.000000 0.000000 0.000000 0.000000 0.000000 0.000000 0.000000 
0.000000 0.000000 0.000000 0.000000 0.000000 0.000000 0.000000 0.000000 0.000000 0.000000 0.000000 0.000000 0.000000 0.000000 0.000001 0.000001 0.000002 0.000003 0.000006 0.000010 0.000017 0.000029 0.000049 0.000081 0.000130 0.000206 0.000321 0.000491 0.000737 0.001089 0.001579 0.002249 0.003147 0.004326 0.005840 0.007743 0.010083 0.012896 0.016197 0.019978 0.024199 0.028783 0.033618 0.038556 0.043420 0.048014 0.052133 0.055579 0.058180 0.059799 0.060349 0.059799 0.058180 0.055579 0.052133 0.048014 0.043420 0.038556 0.033618 0.028783 0.024199 0.019978 0.016197 0.012896 0.010083 0.007743 0.005840 0.004326 0.003147 0.002249 0.001579 0.001089 0.000737 0.000491 0.000321 0.000206 0.000130 0.000081 0.000049 0.000029 0.000017 0.000010 0.000006 0.000003 0.000002 0.000001 0.000001 0.000000 0.000000 0.000000 0.000000 0.000000 0.000000 0.000000 0.000000 0.000000 0.000000 0.000000 0.000000 0.000000 
0.000000 0.000000 0.000000 0.000000 0.000000 0.000000 0.000000 0.000000 0.000000 0.000000 0.000000 0.000000 0.000000 0.000000 0.000001 0.000002 0.000003 0.000006 0.000010 0.000017 0.000030 0.000051 0.000085 0.000139 0.000224 0.000354 0.000551 0.000842 0.001265 0.001866 0.002705 0.003850 0.005385 0.007397 0.009981 0.013227 0.017217 0.022009 0.027632 0.034069 0.041252 0.049051 0.057274 0.065670 0.073940 0.081747 0.088746 0.094602 0.099021 0.101771 0.102704 0.101771 0.099021 0.094602 0.088746 0.081747 0.073940 0.065670 0.057274 0.049051 0.041252 0.034069 0.027632 0.022009 0.017217 0.013227 0.009981 0.007397 0.005385 0.003850 0.002705 0.001866 0.001265 0.000842 0.000551 0.000354 0.000224 0.000139 0.000085 0.000051 0.000030 0.000017 0.000010 0.000006 0.000003 0.000002 0.000001 0.000000 0.000000 0.000000 0.000000 0.000000 0.000000 0.000000 0.000000 0.000000 0.000000 0.000000 0.000000 0.000000 
0.000000 0.000000 0.000000 0.000000 0.000000 0.000000 0.000000 0.000000 0.000000 0.000000 0.000000 0.000000 0.000000 0.000001 0.000001 0.000003 0.000005 0.000009 0.000017 0.000029 0.000051 0.000086 0.000144 0.000235 0.000379 0.000599 0.000931 0.001422 0.002133 0.003145 0.004555 0.006481 0.009058 0.012436 0.016771 0.022215 0.028902 0.036931 0.046347 0.057123 0.069143 0.082189 0.095942 0.109981 0.123803 0.136851 0.148546 0.158331 0.165713 0.170307 0.171866 0.170307 0.165713 0.158331 0.148546 0.136851 0.123803 0.109981 0.095942 0.082189 0.069143 0.057123 0.046347 0.036931 0.028902 0.022215 0.016771 0.012436 0.009058 0.006481 0.004555 0.003145 0.002133 0.001422 0.000931 0.000599 0.000379 0.000235 0.000144 0.000086 0.000051 0.000029 0.000017 0.000009 0.000005 0.000003 0.000001 0.000001 0.000000 0.000000 0.000000 0.000000 0.000000 0.000000 0.000000 0.000000 0.000000 0.000000 0.000000 0.000000 
0.000000 0.000000 0.000000 0.000000 0.000000 0.000000 0.000000 0.000000 0.000000 0.000000 0.000000 0.000000 0.000001 0.000001 0.000002 0.000005 0.000009 0.000016 0.000028 0.000049 0.000085 0.000144 0.000239 0.000391 0.000629 0.000995 0.001545 0.002359 0.003537 0.005210 0.007542 0.010724 0.014979 0.020554 0.027705 0.036680 0.047700 0.060926 0.076430 0.094167 0.113943 0.135402 0.158017 0.181096 0.203815 0.225257 0.244472 0.260547 0.272673 0.280219 0.282781 0.280219 0.272673 0.260547 0.244472 0.225257 0.203815 0.181096 0.158017 0.135402 0.113943 0.094167 0.076430 0.060926 0.047700 0.036680 0.027705 0.020554 0.014979 0.010724 0.007542 0.005210 0.003537 0.002359 0.001545 0.000995 0.000629 0.000391 0.000239 0.000144 0.000085 0.000049 0.000028 0.000016 0.000009 0.000005 0.000002 0.000001 0.000001 0.000000 0.000000 0.000000 0.000000 0.000000 0.000000 0.000000 0.000000 0.000000 0.000000 0.000000 
0.000000 0.000000 0.000000 0.000000 0.000000 0.000000 0.000000 0.000000 0.000000 0.000000 0.000000 0.000001 0.000001 0.000002 0.000004 0.000008 0.000014 0.000026 0.000046 0.000081 0.000139 0.000235 0.000391 0.000640 0.001029 0.001625 0.002522 0.003846 0.005763 0.008485 0.012274 0.017442 0.024351 0.033396 0.044992 0.059539 0.077393 0.098811 0.123909 0.152611 0.184603 0.219307 0.255869 0.293174 0.329889 0.364533 0.395576 0.421541 0.441127 0.453314 0.457451 0.453314 0.441127 0.421541 0.395576 0.364533 0.329889 0.293174 0.255869 0.219307 0.184603 0.152611 0.123909 0.098811 0.077393 0.059539 0.044992 0.033396 0.024351 0.017442 0.012274 0.008485 0.005763 0.003846 0.002522 0.001625 0.001029 0.000640 0.000391 0.000235 0.000139 0.000081 0.000046 0.000026 0.000014 0.000008 0.000004 0.000002 0.000001 0.000001 0.000000 0.000000 0.000000 0.000000 0.000000 0.000000 0.000000 0.000000 0.000000 0.000000 
0.000000 0.000000 0.000000 0.000000 0.000000 0.000000 0.000000 0.000000 0.000000 0.000000 0.000000 0.000001 0.000002 0.000003 0.000007 0.000012 0.000023 0.000042 0.000074 0.000130 0.000224 0.000379 0.000629 0.001029 0.001652 0.002607 0.004044 0.006164 0.009230 0.013581 0.019634 0.027886 0.038910 0.053337 0.071822 0.095003 0.123438 0.157537 0.197480 0.243142 0.294023 0.349200 0.407316 0.466599 0.524932 0.579967 0.629272 0.670508 0.701611 0.720963 0.727531 0.720963 0.701611 0.670508 0.629272 0.579967 0.524932 0.466599 0.407316 0.349200 0.294023 0.243142 0.197480 0.157537 0.123438 0.095003 0.071822 0.053337 0.038910 0.027886 0.019634 0.013581 0.009230 0.006164 0.004044 0.002607 0.001652 0.001029 0.000629 0.000379 0.000224 0.000130 0.000074 0.000042 0.000023 0.000012 0.000007 0.000003 0.000002 0.000001 0.000000 0.000000 0.000000 0.000000 0.000000 0.000000 0.000000 0.000000 0.000000 0.000000 
0.000000 0.000000 0.000000 0.000000 0.000000 0.000000 0.000000 0.000000 0.000000 0.000000 0.000001 0.000001 0.000003 0.000006 0.000011 0.000020 0.000037 0.000066 0.000118 0.000206 0.000354 0.000599 0.000995 0.001625 0.002607 0.004112 0.006374 0.009708 0.014529 0.021366 0.030870 0.043821 0.061113 0.083731 0.112698 0.149007 0.193528 0.246896 0.309388 0.380802 0.460354 0.546599 0.637415 0.730034 0.821151 0.907101 0.984092 1.048476 1.097034 1.127244 1.137499 1.127244 1.097034 1.048476 0.984092 0.907101 0.821151 0.730034 0.637415 0.546599 0.460354 0.380802 0.309388 0.246896 0.193528 0.149007 0.112698 0.083731 0.061113 0.043821 0.030870 0.021366 0.014529 0.009708 0.006374 0.004112 0.002607 0.001625 0.000995 0.000599 0.000354 0.000206 0.000118 0.000066 0.000037 0.000020 0.000011 0.000006 0.000003 0.000001 0.000001 0.000000 0.000000 0.000000 0.000000 0.000000 0.000000 0.000000 0.000000 0.000000 
0.000000 0.000000 0.000000 0.000000 0.000000 0.000000 0.000000 0.000000 0.000000 0.000001 0.000001 0.000002 0.000005 0.000009 0.000017 0.000031 0.000057 0.000103 0.000184 0.000321 0.000551 0.000931 0.001545 0.002522 0.004044 0.006374 0.009873 0.015028 0.022477 0.033034 0.047703 0.067680 0.094342 0.129197 0.173815 0.229719 0.298239 0.380344 0.476452 0.586247 0.708516 0.841038 0.980548 1.122797 1.262714 1.394675 1.512865 1.611690 1.686218 1.732583 1.748321 1.732583 1.686218 1.611690 1.512865 1.394675 1.262714 1.122797 0.980548 0.841038 0.708516 0.586247 0.476452 0.380344 0.298239 0.229719 0.173815 0.129197 0.094342 0.067680 0.047703 0.033034 0.022477 0.015028 0.009873 0.006374 0.004044 0.002522 0.001545 0.000931 0.000551 0.000321 0.000184 0.000103 0.000057 0.000031 0.000017 0.000009 0.000005 0.000002 0.000001 0.000001 0.000000 0.000000 0.000000 0.000000 0.000000 0.000000 0.000000 0.000000 
0.000000 0.000000 0.000000 0.000000 0.000000 0.000000 0.000000 0.000000 0.000000 0.000001 0.000002 0.000004 0.000007 0.000013 0.000025 0.000048 0.000088 0.000158 0.000281 0.000491 0.000842 0.001422 0.002359 0.003846 0.006164 0.009708 0.015028 0.022860 0.034172 0.050195 0.072445 0.102734 0.143136 0.195929 0.263482 0.348085 0.451742 0.575904 0.721194 0.887124 1.071852 1.272019 1.482693 1.697457 1.908662 2.107827 2.286184 2.435303 2.547751 2.617703 2.641445 2.617703 2.547751 2.435303 2.286184 2.107827 1.908662 1.697457 1.482693 1.272019 1.071852 0.887124 0.721194 0.575904 0.451742 0.348085 0.263482 0.195929 0.143136 0.102734 0.072445 0.050195 0.034172 0.022860 0.015028 0.009708 0.006164 0.003846 0.002359 0.001422 0.000842 0.000491 0.000281 0.000158 0.000088 0.000048 0.000025 0.000013 0.000007 0.000004 0.000002 0.000001 0.000000 0.000000 0.000000 0.000000 0.000000 0.000000 0.000000 0.000000 
0.000000 0.000000 0.000000 0.000000 0.000000 0.000000 0.000000 0.000000 0.000001 0.000001 0.000003 0.000005 0.000010 0.000020 0.000038 0.000072 0.000132 0.000238 0.000423 0.000737 0.001265 0.002133 0.003537 0.005763 0.009230 0.014529 0.022477 0.034172 0.051054 0.074952 0.108122 0.153253 0.213425 0.292018 0.392540 0.518385 0.672513 0.857067 1.072956 1.319441 1.593776 1.890965 2.203682 2.522408 2.835797 3.131277 3.395854 3.617037 3.783813 3.887557 3.922769 3.887557 3.783813 3.617037 3.395854 3.131277 2.835797 2.522408 2.203682 1.890965 1.593776 1.319441 1.072956 0.857067 0.672513 0.518385 0.392540 0.292018 0.213425 0.153253 0.108122 0.074952 0.051054 0.034172 0.022477 0.014529 0.009230 0.005763 0.003537 0.002133 0.001265 0.000737 0.000423 0.000238 0.000132 0.000072 0.000038 0.000020 0.000010 0.000005 0.000003 0.000001 0.000001 0.000000 0.000000 0.000000 0.000000 0.000000 0.000000 0.000000 
0.000000 0.000000 0.000000 0.000000 0.000000 0.000000 0.000000 0.000000 0.000001 0.000002 0.000004 0.000008 0.000016 0.000030 0.000057 0.000106 0.000195 0.000352 0.000624 0.001089 0.001866 0.003145 0.005210 0.008485 0.013581 0.021366 0.033034 0.050195 0.074952 0.109980 0.158576 0.224663 0.312737 0.427724 0.574736 0.758712 0.983957 1.253578 1.568880 1.928763 2.329204 2.762901 3.219163 3.684103 4.141180 4.572077 4.957861 5.280341 5.523480 5.674719 5.726049 5.674719 5.523480 5.280341 4.957861 4.572077 4.141180 3.684103 3.219163 2.762901 2.329204 1.928763 1.568880 1.253578 0.983957 0.758712 0.574736 0.427724 0.312737 0.224663 0.158576 0.109980 0.074952 0.050195 0.033034 0.021366 0.013581 0.008485 0.005210 0.003145 0.001866 0.001089 0.000624 0.000352 0.000195 0.000106 0.000057 0.000030 0.000016 0.000008 0.000004 0.000002 0.000001 0.000000 0.000000 0.000000 0.000000 0.000000 0.000000 0.000000 
0.000000 0.000000 0.000000 0.000000 0.000000 0.000000 0.000000 0.000001 0.000001 0.000003 0.000006 0.000012 0.000023 0.000044 0.000083 0.000155 0.000284 0.000511 0.000906 0.001579 0.002705 0.004555 0.007542 0.012274 0.019634 0.030870 0.047703 0.072445 0.108122 0.158576 0.228539 0.323641 0.450330 0.615663 0.826961 1.091295 1.414811 1.801942 2.254530 2.770969 3.345468 3.967536 4.621836 5.288459 5.943705 6.561335 7.114239 7.576375 7.924786 8.141497 8.215046 8.141497 7.924786 7.576375 7.114239 6.561335 5.943705 5.288459 4.621836 3.967536 3.345468 2.770969 2.254530 1.801942 1.414811 1.091295 0.826961 0.615663 0.450330 0.323641 0.228539 0.158576 0.108122 0.072445 0.047703 0.030870 0.019634 0.012274 0.007542 0.004555 0.002705 0.001579 0.000906 0.000511 0.000284 0.000155 0.000083 0.000044 0.000023 0.000012 0.000006 0.000003 0.000001 0.000001 0.000000 0.000000 0.000000 0.000000 0.000000 0.000000 
0.000000 0.000000 0.000000 0.000000 0.000000 0.000000 0.000000 0.000001 0.000002 0.000004 0.000008 0.000017 0.000033 0.000063 0.000119 0.000221 0.000405 0.000729 0.001291 0.002249 0.003850 0.006481 0.010724 0.017442 0.027886 0.043821 0.067680 0.102734 0.153253 0.224663 0.323641 0.458127 0.637206 0.870821 1.169275 1.542512 1.999168 2.545452 3.183925 3.912286 4.722338 5.599276 6.521470 7.460871 8.384099 9.254214 10.033060 10.683988 11.174701 11.479909 11.583491 11.479909 11.174701 10.683988 10.033060 9.254214 8.384099 7.460871 6.521470 5.599276 4.722338 3.912286 3.183925 2.545452 1.999168 1.542512 1.169275 0.870821 0.637206 0.458127 0.323641 0.224663 0.153253 0.102734 0.067680 0.043821 0.027886 0.017442 0.010724 0.006481 0.003850 0.002249 0.001291 0.000729 0.000405 0.000221 0.000119 0.000063 0.000033 0.000017 0.000008 0.000004 0.000002 0.000001 0.000000 0.000000 0.000000 0.000000 0.000000 0.000000 
0.000000 0.000000 0.000000 0.000000 0.000000 0.000000 0.000001 0.000001 0.000003 0.000006 0.000012 0.000023 0.000046 0.000088 0.000167 0.000310 0.000568 0.001022 0.001808 0.003147 0.005385 0.009058 0.014979 0.024351 0.038910 0.061113 0.094342 0.143136 0.213425 0.312737 0.450330 0.637206 0.885951 1.210329 1.624595 2.142491 2.775945 3.533511 4.418683 5.428229 6.550748 7.765704 9.043125 10.344166 11.622624 12.827385 13.905663 14.806770 15.486043 15.908513 16.051888 15.908513 15.486043 14.806770 13.905663 12.827385 11.622624 10.344166 9.043125 7.765704 6.550748 5.428229 4.418683 3.533511 2.775945 2.142491 1.624595 1.210329 0.885951 0.637206 0.450330 0.312737 0.213425 0.143136 0.094342 0.061113 0.038910 0.024351 0.014979 0.009058 0.005385 0.003147 0.001808 0.001022 0.000568 0.000310 0.000167 0.000088 0.000046 0.000023 0.000012 0.000006 0.000003 0.000001 0.000001 0.000000 0.000000 0.000000 0.000000 0.000000 
0.000000 0.000000 0.000000 0.000000 0.000000 0.000000 0.000001 0.000002 0.000004 0.000008 0.000016 0.000032 0.000063 0.000121 0.000230 0.000427 0.000782 0.001406 0.002487 0.004326 0.007397 0.012436 0.020554 0.033396 0.053337 0.083731 0.129197 0.195929 0.292018 0.427724 0.615663 0.870821 1.210329 1.652914 2.217958 2.924132 3.787621 4.820014 6.026002 7.401119 8.929794 10.584030 12.323010 14.093870 15.833755 17.473152 18.940292 20.166272 21.090388 21.665113 21.860156 21.665113 21.090388 20.166272 18.940292 17.473152 15.833755 14.093870 12.323010 10.584030 8.929794 7.401119 6.026002 4.820014 3.787621 2.924132 2.217958 1.652914 1.210329 0.870821 0.615663 0.427724 0.292018 0.195929 0.129197 0.083731 0.053337 0.033396 0.020554 0.012436 0.007397 0.004326 0.002487 0.001406 0.000782 0.000427 0.000230 0.000121 0.000063 0.000032 0.000016 0.000008 0.000004 0.000002 0.000001 0.000000 0.000000 0.000000 0.000000 0.000000 
0.000000 0.000000 0.000000 0.000000 0.000000 0.000001 0.000001 0.000003 0.000005 0.000011 0.000022 0.000044 0.000086 0.000164 0.000311 0.000578 0.001057 0.001900 0.003359 0.005840 0.009981 0.016771 0.027705 0.044992 0.071822 0.112698 0.173815 0.263482 0.392540 0.574736 0.826961 1.169275 1.624595 2.217958 2.975263 3.921442 5.078087 6.460625 8.075250 9.915907 11.961695 14.175112 16.501537 18.870262 21.197255 23.389608 25.351424 26.990647 28.226188 28.994566 29.255324 28.994566 28.226188 26.990647 25.351424 23.389608 21.197255 18.870262 16.501537 14.175112 11.961695 9.915907 8.075250 6.460625 5.078087 3.921442 2.975263 2.217958 1.624595 1.169275 0.826961 0.574736 0.392540 0.263482 0.173815 0.112698 0.071822 0.044992 0.027705 0.016771 0.009981 0.005840 0.003359 0.001900 0.001057 0.000578 0.000311 0.000164 0.000086 0.000044 0.000022 0.000011 0.000005 0.000003 0.000001 0.000001 0.000000 0.000000 0.000000 0.000000 
0.000000 0.000000 0.000000 0.000000 0.000000 0.000001 0.000002 0.000003 0.000007 0.000015 0.000029 0.000058 0.000114 0.000219 0.000413 0.000768 0.001404 0.002522 0.004457 0.007743 0.013227 0.022215 0.036680 0.059539 0.095003 0.149007 0.229719 0.348085 0.518385 0.758712 1.091295 1.542512 2.142491 2.924132 3.921442 5.167144 6.689543 8.508829 10.633045 13.054131 15.744522 18.654859 21.713309 24.826940 27.885346 30.766493 33.344449 35.498349 37.121736 38.131278 38.473872 38.131278 37.121736 35.498349 33.344449 30.766493 27.885346 24.826940 21.713309 18.654859 15.744522 13.054131 10.633045 8.508829 6.689543 5.167144 3.921442 2.924132 2.142491 1.542512 1.091295 0.758712 0.518385 0.348085 0.229719 0.149007 0.095003 0.059539 0.036680 0.022215 0.013227 0.007743 0.004457 0.002522 0.001404 0.000768 0.000413 0.000219 0.000114 0.000058 0.000029 0.000015 0.000007 0.000003 0.000002 0.000001 0.000000 0.000000 0.000000 0.000000 
0.000000 0.000000 0.000000 0.000000 0.000000 0.000001 0.000002 0.000004 0.000009 0.000019 0.000038 0.000076 0.000149 0.000286 0.000540 0.001002 0.001831 0.003288 0.005807 0.010083 0.017217 0.028902 0.047700 0.077393 0.123438 0.193528 0.298239 0.451742 0.672513 0.983957 1.414811 1.999168 2.775945 3.787621 5.078087 6.689543 8.658464 11.010819 13.756877 16.886103 20.362787 24.123090 28.074189 32.096054 36.046136 39.766920 43.095886 45.877079 47.973152 49.276604 49.718930 49.276604 47.973152 45.877079 43.095886 39.766920 36.046136 32.096054 28.074189 24.123090 20.362787 16.886103 13.756877 11.010819 8.658464 6.689543 5.078087 3.787621 2.775945 1.999168 1.414811 0.983957 0.672513 0.451742 0.298239 0.193528 0.123438 0.077393 0.047700 0.028902 0.017217 0.010083 0.005807 0.003288 0.001831 0.001002 0.000540 0.000286 0.000149 0.000076 0.000038 0.000019 0.000009 0.000004 0.000002 0.000001 0.000000 0.000000 0.000000 0.000000 
0.000000 0.000000 0.000000 0.000000 0.000001 0.000001 0.000003 0.000006 0.000012 0.000025 0.000049 0.000098 0.000191 0.000367 0.000692 0.001285 0.002345 0.004209 0.007430 0.012896 0.022009 0.036931 0.060926 0.098811 0.157537 0.246896 0.380344 0.575904 0.857067 1.253578 1.801942 2.545452 3.533511 4.820014 6.460625 8.508829 11.010819 13.999427 17.487543 21.461653 25.876305 30.650373 35.665995 40.770834 45.784032 50.505792 54.730007 58.258925 60.918408 62.572169 63.133364 62.572169 60.918408 58.258925 54.730007 50.505792 45.784032 40.770834 35.665995 30.650373 25.876305 21.461653 17.487543 13.999427 11.010819 8.508829 6.460625 4.820014 3.533511 2.545452 1.801942 1.253578 0.857067 0.575904 0.380344 0.246896 0.157537 0.098811 0.060926 0.036931 0.022009 0.012896 0.007430 0.004209 0.002345 0.001285 0.000692 0.000367 0.000191 0.000098 0.000049 0.000025 0.000012 0.000006 0.000003 0.000001 0.000001 0.000000 0.000000 0.000000 
0.000000 0.000000 0.000000 0.000000 0.000001 0.000002 0.000003 0.000007 0.000015 0.000031 0.000062 0.000124 0.000241 0.000462 0.000871 0.001616 0.002949 0.005291 0.009336 0.016197 0.027632 0.046347 0.076430 0.123909 0.197480 0.309388 0.476452 0.721194 1.072956 1.568880 2.254530 3.183925 4.418683 6.026002 8.075250 10.633045 13.756877 17.487543 21.840955 26.800094 32.308123 38.263755 44.519938 50.886694 57.138544 63.026454 68.293571 72.693485 76.009234 78.071026 78.770674 78.071026 76.009234 72.693485 68.293571 63.026454 57.138544 50.886694 44.519938 38.263755 32.308123 26.800094 21.840955 17.487543 13.756877 10.633045 8.075250 6.026002 4.418683 3.183925 2.254530 1.568880 1.072956 0.721194 0.476452 0.309388 0.197480 0.123909 0.076430 0.046347 0.027632 0.016197 0.009336 0.005291 0.002949 0.001616 0.000871 0.000462 0.000241 0.000124 0.000062 0.000031 0.000015 0.000007 0.000003 0.000002 0.000001 0.000000 0.000000 0.000000 
0.000000 0.000000 0.000000 0.000000 0.000001 0.000002 0.000004 0.000009 0.000019 0.000038 0.000077 0.000153 0.000298 0.000571 0.001077 0.001997 0.003642 0.006532 0.011520 0.019978 0.034069 0.057123 0.094167 0.152611 0.243142 0.380802 0.586247 0.887124 1.319441 1.928763 2.770969 3.912286 5.428229 7.401119 9.915907 13.054131 16.886103 21.461653 26.800094 32.880382 39.632697 46.932794 54.600404 62.402730 70.063552 77.277855 83.731101 89.121578 93.183651 95.709456 96.566552 95.709456 93.183651 89.121578 83.731101 77.277855 70.063552 62.402730 54.600404 46.932794 39.632697 32.880382 26.800094 21.461653 16.886103 13.054131 9.915907 7.401119 5.428229 3.912286 2.770969 1.928763 1.319441 0.887124 0.586247 0.380802 0.243142 0.152611 0.094167 0.057123 0.034069 0.019978 0.011520 0.006532 0.003642 0.001997 0.001077 0.000571 0.000298 0.000153 0.000077 0.000038 0.000019 0.000009 0.000004 0.000002 0.000001 0.000000 0.000000 0.000000 
0.000000 0.000000 0.000000 0.000001 0.000001 0.000002 0.000005 0.000011 0.000023 0.000047 0.000094 0.000186 0.000362 0.000693 0.001307 0.002422 0.004416 0.007917 0.013958 0.024199 0.041252 0.069143 0.113943 0.184603 0.294023 0.460354 0.708516 1.071852 1.593776 2.329204 3.345468 4.722338 6.550748 8.929794 11.961695 15.744522 20.362787 25.876305 32.308123 39.632697 47.765776 56.557619 65.791101 75.185925 84.409606 93.095062 100.863809 107.352835 112.242563 115.282933 116.314627 115.282933 112.242563 107.352835 100.863809 93.095062 84.409606 75.185925 65.791101 56.557619 47.765776 39.632697 32.308123 25.876305 20.362787 15.744522 11.961695 8.929794 6.550748 4.722338 3.345468 2.329204 1.593776 1.071852 0.708516 0.460354 0.294023 0.184603 0.113943 0.069143 0.041252 0.024199 0.013958 0.007917 0.004416 0.002422 0.001307 0.000693 0.000362 0.000186 0.000094 0.000047 0.000023 0.000011 0.000005 0.000002 0.000001 0.000001 0.000000 0.000000 
0.000000 0.000000 0.000000 0.000001 0.000001 0.000003 0.000006 0.000013 0.000027 0.000056 0.000112 0.000222 0.000432 0.000827 0.001557 0.002885 0.005258 0.009423 0.016608 0.028783 0.049051 0.082189 0.135402 0.219307 0.349200 0.546599 0.841038 1.272019 1.890965 2.762901 3.967536 5.599276 7.765704 10.584030 14.175112 18.654859 24.123090 30.650373 38.263755 46.932794 56.557619 66.960932 77.885787 89.000595 99.912113 110.186261 119.375532 127.050755 132.834143 136.430104 137.650315 136.430104 132.834143 127.050755 119.375532 110.186261 99.912113 89.000595 77.885787 66.960932 56.557619 46.932794 38.263755 30.650373 24.123090 18.654859 14.175112 10.584030 7.765704 5.599276 3.967536 2.762901 1.890965 1.272019 0.841038 0.546599 0.349200 0.219307 0.135402 0.082189 0.049051 0.028783 0.016608 0.009423 0.005258 0.002885 0.001557 0.000827 0.000432 0.000222 0.000112 0.000056 0.000027 0.000013 0.000006 0.000003 0.000001 0.000001 0.000000 0.000000 
0.000000 0.000000 0.000000 0.000001 0.000002 0.000003 0.000007 0.000015 0.000032 0.000065 0.000131 0.000260 0.000505 0.000967 0.001822 0.003374 0.006147 0.011012 0.019403 0.033618 0.057274 0.095942 0.158017 0.255869 0.407316 0.637415 0.980548 1.482693 2.203682 3.219163 4.621836 6.521470 9.043125 12.323010 16.501537 21.713309 28.074189 35.665995 44.519938 54.600404 65.791101 77.885787 90.585721 103.505487 116.188105 128.129216 138.808921 147.728670 154.449634 158.628475 160.046460 158.628475 154.449634 147.728670 138.808921 128.129216 116.188105 103.505487 90.585721 77.885787 65.791101 54.600404 44.519938 35.665995 28.074189 21.713309 16.501537 12.323010 9.043125 6.521470 4.621836 3.219163 2.203682 1.482693 0.980548 0.637415 0.407316 0.255869 0.158017 0.095942 0.057274 0.033618 0.019403 0.011012 0.006147 0.003374 0.001822 0.000967 0.000505 0.000260 0.000131 0.000065 0.000032 0.000015 0.000007 0.000003 0.000002 0.000001 0.000000 0.000000 
