0.000000 0.000000 0.000000 0.000000 0.000000 0.000000 0.000000 0.000000 0.000000 0.000000 0.000000 0.000000 0.000001 0.000001 0.000001 0.000002 0.000003 0.000004 0.000006 0.000008 0.000011 0.000015 0.000020 0.000027 0.000035 0.000046 0.000060 0.000077 0.000097 0.000122 0.000151 0.000185 0.000225 0.000271 0.000322 0.000379 0.000442 0.000510 0.000582 0.000657 0.000734 0.000811 0.000887 0.000960 0.001028 0.001090 0.001143 0.001186 0.001218 0.001237 0.001244 0.001237 0.001218 0.001186 0.001143 0.001090 0.001028 0.000960 0.000887 0.000811 0.000734 0.000657 0.000582 0.000510 0.000442 0.000379 0.000322 0.000271 0.000225 0.000185 0.000151 0.000122 0.000097 0.000077 0.000060 0.000046 0.000035 0.000027 0.000020 0.000015 0.000011 0.000008 0.000006 0.000004 0.000003 0.000002 0.000001 0.000001 0.000001 0.000000 0.000000 0.000000 0.000000 0.000000 0.000000 0.000000 0.000000 0.000000 0.000000 0.000000 
0.000000 0.000000 0.000000 0.000000 0.000000 0.000000 0.000000 0.000000 0.000000 0.000000 0.000000 0.000000 0.000001 0.000001 0.000001 0.000002 0.000003 0.000004 0.000006 0.000008 0.000011 0.000015 0.000020 0.000027 0.000035 0.000046 0.000060 0.000077 0.000097 0.000122 0.000151 0.000185 0.000225 0.000271 0.000322 0.000379 0.000442 0.000510 0.000582 0.000657 0.000734 0.000811 0.000887 0.000960 0.001028 0.001090 0.001143 0.001186 0.001218 0.001237 0.001244 0.001237 0.001218 0.001186 0.001143 0.001090 0.001028 0.000960 0.000887 0.000811 0.000734 0.000657 0.000582 0.000510 0.000442 0.000379 0.000322 0.000271 0.000225 0.000185 0.000151 0.000122 0.000097 0.000077 0.000060 0.000046 0.000035 0.000027 0.000020 0.000015 0.000011 0.000008 0.000006 0.000004 0.000003 0.000002 0.000001 0.000001 0.000001 0.000000 0.000000 0.000000 0.000000 0.000000 0.000000 0.000000 0.000000 0.000000 0.000000 0.000000 
0.000000 0.000000 0.000000 0.000000 0.000000 0.000000 0.000000 0.000000 0.000000 0.000000 0.000000 0.000001 0.000001 0.000001 0.000002 0.000002 0.000004 0.000005 0.000007 0.000010 0.000014 0.000019 0.000025 0.000033 0.000044 0.000058 0.000075 0.000095 0.000121 0.000152 0.000188 0.000231 0.000281 0.000337 0.000401 0.000473 0.000551 0.000635 0.000724 0.000818 0.000913 0.001010 0.001104 0.001195 0.001280 0.001356 0.001422 0.001476 0.001515 0.001540 0.001548 0.001540 0.001515 0.001476 0.001422 0.001356 0.001280 0.001195 0.001104 0.001010 0.000913 0.000818 0.000724 0.000635 0.000551 0.000473 0.000401 0.000337 0.000281 0.000231 0.000188 0.000152 0.000121 0.000095 0.000075 0.000058 0.000044 0.000033 0.000025 0.000019 0.000014 0.000010 0.000007 0.000005 0.000004 0.000002 0.000002 0.000001 0.000001 0.000001 0.000000 0.000000 0.000000 0.000000 0.000000 0.000000 0.000000 0.000000 0.000000 0.000000 
0.000000 0.000000 0.000000 0.000000 0.000000 0.000000 0.000000 0.000000 0.000000 0.000000 0.000001 0.000001 0.000001 0.000002 0.000002 0.000004 0.000005 0.000007 0.000010 0.000014 0.000020 0.000027 0.000036 0.000048 0.000063 0.000083 0.000107 0.000137 0.000174 0.000218 0.000270 0.000332 0.000403 0.000484 0.000576 0.000678 0.000790 0.000910 0.001038 0.001172 0.001309 0.001447 0.001583 0.001713 0.001834 0.001944 0.002038 0.002115 0.002171 0.002206 0.002217 0.002206 0.002171 0.002115 0.002038 0.001944 0.001834 0.001713 0.001583 0.001447 0.001309 0.001172 0.001038 0.000910 0.000790 0.000678 0.000576 0.000484 0.000403 0.000332 0.000270 0.000218 0.000174 0.000137 0.000107 0.000083 0.000063 0.000048 0.000036 0.000027 0.000020 0.000014 0.000010 0.000007 0.000005 0.000004 0.000002 0.000002 0.000001 0.000001 0.000001 0.000000 0.000000 0.000000 0.000000 0.000000 0.000000 0.000000 0.000000 0.000000 
0.000000 0.000000 0.000000 0.000000 0.000000 0.000000 0.000000 0.000000 0.000000 0.000001 0.000001 0.000001 0.000002 0.000003 0.000004 0.000006 0.000008 0.000011 0.000016 0.000022 0.000030 0.000041 0.000055 0.000074 0.000097 0.000127 0.000164 0.000210 0.000266 0.000333 0.000413 0.000507 0.000616 0.000740 0.000880 0.001036 0.001207 0.001391 0.001587 0.001791 0.002000 0.002210 0.002417 0.002615 0.002801 0.002967 0.003111 0.003228 0.003314 0.003367 0.003385 0.003367 0.003314 0.003228 0.003111 0.002967 0.002801 0.002615 0.002417 0.002210 0.002000 0.001791 0.001587 0.001391 0.001207 0.001036 0.000880 0.000740 0.000616 0.000507 0.000413 0.000333 0.000266 0.000210 0.000164 0.000127 0.000097 0.000074 0.000055 0.000041 0.000030 0.000022 0.000016 0.000011 0.000008 0.000006 0.000004 0.000003 0.000002 0.000001 0.000001 0.000001 0.000000 0.000000 0.000000 0.000000 0.000000 0.000000 0.000000 0.000000 
0.000000 0.000000 0.000000 0.000000 0.000000 0.000000 0.000000 0.000000 0.000001 0.000001 0.000001 0.000002 0.000003 0.000004 0.000006 0.000009 0.000012 0.000018 0.000025 0.000034 0.000047 0.000064 0.000086 0.000115 0.000152 0.000198 0.000257 0.000328 0.000415 0.000520 0.000645 0.000792 0.000961 0.001155 0.001374 0.001617 0.001883 0.002169 0.002474 0.002792 0.003118 0.003445 0.003767 0.004076 0.004364 0.004624 0.004848 0.005030 0.005164 0.005246 0.005274 0.005246 0.005164 0.005030 0.004848 0.004624 0.004364 0.004076 0.003767 0.003445 0.003118 0.002792 0.002474 0.002169 0.001883 0.001617 0.001374 0.001155 0.000961 0.000792 0.000645 0.000520 0.000415 0.000328 0.000257 0.000198 0.000152 0.000115 0.000086 0.000064 0.000047 0.000034 0.000025 0.000018 0.000012 0.000009 0.000006 0.000004 0.000003 0.000002 0.000001 0.000001 0.000001 0.000000 0.000000 0.000000 0.000000 0.000000 0.000000 0.000000 
0.000000 0.000000 0.000000 0.000000 0.000000 0.000000 0.000000 0.000001 0.000001 0.000001 0.000002 0.000003 0.000004 0.000006 0.000009 0.000014 0.000019 0.000028 0.000039 0.000054 0.000074 0.000100 0.000135 0.000180 0.000238 0.000311 0.000402 0.000514 0.000650 0.000814 0.001009 0.001238 0.001503 0.001806 0.002147 0.002526 0.002941 0.003389 0.003864 0.004360 0.004869 0.005379 0.005882 0.006364 0.006814 0.007219 0.007569 0.007852 0.008061 0.008189 0.008232 0.008189 0.008061 0.007852 0.007569 0.007219 0.006814 0.006364 0.005882 0.005379 0.004869 0.004360 0.003864 0.003389 0.002941 0.002526 0.002147 0.001806 0.001503 0.001238 0.001009 0.000814 0.000650 0.000514 0.000402 0.000311 0.000238 0.000180 0.000135 0.000100 0.000074 0.000054 0.000039 0.000028 0.000019 0.000014 0.000009 0.000006 0.000004 0.000003 0.000002 0.000001 0.000001 0.000001 0.000000 0.000000 0.000000 0.000000 0.000000 0.000000 
0.000000 0.000000 0.000000 0.000000 0.000000 0.000000 0.000001 0.000001 0.000001 0.000002 0.000003 0.000005 0.000007 0.000010 0.000015 0.000021 0.000030 0.000043 0.000060 0.000084 0.000115 0.000157 0.000211 0.000281 0.000371 0.000484 0.000625 0.000799 0.001011 0.001267 0.001570 0.001925 0.002337 0.002807 0.003337 0.003926 0.004570 0.005265 0.006003 0.006772 0.007561 0.008353 0.009133 0.009881 0.010578 0.011207 0.011749 0.012189 0.012513 0.012712 0.012779 0.012712 0.012513 0.012189 0.011749 0.011207 0.010578 0.009881 0.009133 0.008353 0.007561 0.006772 0.006003 0.005265 0.004570 0.003926 0.003337 0.002807 0.002337 0.001925 0.001570 0.001267 0.001011 0.000799 0.000625 0.000484 0.000371 0.000281 0.000211 0.000157 0.000115 0.000084 0.000060 0.000043 0.000030 0.000021 0.000015 0.000010 0.000007 0.000005 0.000003 0.000002 0.000001 0.000001 0.000001 0.000000 0.000000 0.000000 0.000000 0.000000 
0.000000 0.000000 0.000000 0.000000 0.000000 0.000001 0.000001 0.000001 0.000002 0.000003 0.000005 0.000007 0.000011 0.000016 0.000023 0.000033 0.000047 0.000066 0.000093 0.000129 0.000178 0.000242 0.000326 0.000434 0.000572 0.000747 0.000965 0.001233 0.001560 0.001954 0.002421 0.002969 0.003603 0.004327 0.005143 0.006049 0.007041 0.008111 0.009246 0.010431 0.011644 0.012864 0.014063 0.015214 0.016287 0.017254 0.018088 0.018764 0.019263 0.019568 0.019671 0.019568 0.019263 0.018764 0.018088 0.017254 0.016287 0.015214 0.014063 0.012864 0.011644 0.010431 0.009246 0.008111 0.007041 0.006049 0.005143 0.004327 0.003603 0.002969 0.002421 0.001954 0.001560 0.001233 0.000965 0.000747 0.000572 0.000434 0.000326 0.000242 0.000178 0.000129 0.000093 0.000066 0.000047 0.000033 0.000023 0.000016 0.000011 0.000007 0.000005 0.000003 0.000002 0.000001 0.000001 0.000001 0.000000 0.000000 0.000000 0.000000 
0.000000 0.000000 0.000000 0.000000 0.000001 0.000001 0.000001 0.000002 0.000003 0.000005 0.000007 0.000011 0.000016 0.000024 0.000035 0.000050 0.000072 0.000102 0.000143 0.000198 0.000272 0.000370 0.000499 0.000664 0.000875 0.001142 0.001475 0.001885 0.002385 0.002985 0.003698 0.004535 0.005502 0.006607 0.007852 0.009235 0.010748 0.012380 0.014110 0.015916 0.017766 0.019625 0.021453 0.023207 0.024842 0.026316 0.027587 0.028618 0.029377 0.029843 0.030000 0.029843 0.029377 0.028618 0.027587 0.026316 0.024842 0.023207 0.021453 0.019625 0.017766 0.015916 0.014110 0.012380 0.010748 0.009235 0.007852 0.006607 0.005502 0.004535 0.003698 0.002985 0.002385 0.001885 0.001475 0.001142 0.000875 0.000664 0.000499 0.000370 0.000272 0.000198 0.000143 0.000102 0.000072 0.000050 0.000035 0.000024 0.000016 0.000011 0.000007 0.000005 0.000003 0.000002 0.000001 0.000001 0.000001 0.000000 0.000000 0.000000 
0.000000 0.000000 0.000000 0.000001 0.000001 0.000001 0.000002 0.000003 0.000005 0.000007 0.000011 0.000016 0.000024 0.000036 0.000053 0.000076 0.000109 0.000155 0.000217 0.000301 0.000413 0.000562 0.000756 0.001006 0.001326 0.001730 0.002234 0.002854 0.003609 0.004517 0.005595 0.006859 0.008322 0.009992 0.011872 0.013961 0.016247 0.018710 0.021324 0.024051 0.026844 0.029650 0.032409 0.035056 0.037525 0.039749 0.041667 0.043222 0.044369 0.045071 0.045308 0.045071 0.044369 0.043222 0.041667 0.039749 0.037525 0.035056 0.032409 0.029650 0.026844 0.024051 0.021324 0.018710 0.016247 0.013961 0.011872 0.009992 0.008322 0.006859 0.005595 0.004517 0.003609 0.002854 0.002234 0.001730 0.001326 0.001006 0.000756 0.000562 0.000413 0.000301 0.000217 0.000155 0.000109 0.000076 0.000053 0.000036 0.000024 0.000016 0.000011 0.000007 0.000005 0.000003 0.000002 0.000001 0.000001 0.000001 0.000000 0.000000 
0.000000 0.000000 0.000001 0.000001 0.000001 0.000002 0.000003 0.000005 0.000007 0.000011 0.000016 0.000025 0.000037 0.000054 0.000079 0.000115 0.000164 0.000232 0.000326 0.000452 0.000620 0.000843 0.001134 0.001509 0.001989 0.002594 0.003348 0.004277 0.005408 0.006768 0.008382 0.010273 0.012462 0.014960 0.017773 0.020897 0.024316 0.028000 0.031908 0.035984 0.040160 0.044354 0.048478 0.052434 0.056123 0.059448 0.062313 0.064638 0.066351 0.067401 0.067754 0.067401 0.066351 0.064638 0.062313 0.059448 0.056123 0.052434 0.048478 0.044354 0.040160 0.035984 0.031908 0.028000 0.024316 0.020897 0.017773 0.014960 0.012462 0.010273 0.008382 0.006768 0.005408 0.004277 0.003348 0.002594 0.001989 0.001509 0.001134 0.000843 0.000620 0.000452 0.000326 0.000232 0.000164 0.000115 0.000079 0.000054 0.000037 0.000025 0.000016 0.000011 0.000007 0.000005 0.000003 0.000002 0.000001 0.000001 0.000001 0.000001 
0.000001 0.000001 0.000001 0.000001 0.000002 0.000003 0.000004 0.000007 0.000011 0.000016 0.000024 0.000037 0.000055 0.000081 0.000118 0.000171 0.000244 0.000345 0.000484 0.000671 0.000922 0.001252 0.001684 0.002241 0.002953 0.003850 0.004969 0.006347 0.008024 0.010039 0.012431 0.015234 0.018476 0.022176 0.026343 0.030969 0.036031 0.041486 0.047271 0.053305 0.059485 0.065693 0.071795 0.077650 0.083109 0.088027 0.092267 0.095706 0.098241 0.099794 0.100317 0.099794 0.098241 0.095706 0.092267 0.088027 0.083109 0.077650 0.071795 0.065693 0.059485 0.053305 0.047271 0.041486 0.036031 0.030969 0.026343 0.022176 0.018476 0.015234 0.012431 0.010039 0.008024 0.006347 0.004969 0.003850 0.002953 0.002241 0.001684 0.001252 0.000922 0.000671 0.000484 0.000345 0.000244 0.000171 0.000118 0.000081 0.000055 0.000037 0.000024 0.000016 0.000011 0.000007 0.000004 0.000003 0.000002 0.000001 0.000001 0.000001 
0.000001 0.000001 0.000001 0.000002 0.000003 0.000004 0.000006 0.000010 0.000016 0.000024 0.000036 0.000054 0.000081 0.000119 0.000174 0.000251 0.000359 0.000509 0.000712 0.000988 0.001356 0.001842 0.002476 0.003295 0.004340 0.005659 0.007301 0.009324 0.011785 0.014742 0.018251 0.022363 0.027119 0.032546 0.038656 0.045439 0.052859 0.060855 0.069334 0.078177 0.087233 0.096330 0.105271 0.113848 0.121845 0.129050 0.135261 0.140299 0.144011 0.146286 0.147052 0.146286 0.144011 0.140299 0.135261 0.129050 0.121845 0.113848 0.105271 0.096330 0.087233 0.078177 0.069334 0.060855 0.052859 0.045439 0.038656 0.032546 0.027119 0.022363 0.018251 0.014742 0.011785 0.009324 0.007301 0.005659 0.004340 0.003295 0.002476 0.001842 0.001356 0.000988 0.000712 0.000509 0.000359 0.000251 0.000174 0.000119 0.000081 0.000054 0.000036 0.000024 0.000016 0.000010 0.000006 0.000004 0.000003 0.000002 0.000002 0.000002 
0.000001 0.000001 0.000002 0.000002 0.000004 0.000006 0.000009 0.000015 0.000023 0.000035 0.000053 0.000079 0.000118 0.000174 0.000254 0.000367 0.000524 0.000741 0.001038 0.001439 0.001975 0.002682 0.003605 0.004796 0.006316 0.008232 0.010620 0.013560 0.017136 0.021432 0.026530 0.032501 0.039407 0.047287 0.056158 0.066003 0.076773 0.088376 0.100680 0.113511 0.126650 0.139846 0.152816 0.165257 0.176856 0.187306 0.196314 0.203620 0.209004 0.212302 0.213414 0.212302 0.209004 0.203620 0.196314 0.187306 0.176856 0.165257 0.152816 0.139846 0.126650 0.113511 0.100680 0.088376 0.076773 0.066003 0.056158 0.047287 0.039407 0.032501 0.026530 0.021432 0.017136 0.013560 0.010620 0.008232 0.006316 0.004796 0.003605 0.002682 0.001975 0.001439 0.001038 0.000741 0.000524 0.000367 0.000254 0.000174 0.000118 0.000079 0.000053 0.000035 0.000023 0.000015 0.000009 0.000006 0.000004 0.000003 0.000002 0.000002 
0.000002 0.000002 0.000002 0.000004 0.000006 0.000009 0.000014 0.000021 0.000033 0.000050 0.000076 0.000115 0.000171 0.000251 0.000367 0.000529 0.000756 0.001070 0.001497 0.002075 0.002847 0.003865 0.005195 0.006910 0.009098 0.011857 0.015293 0.019522 0.024666 0.030846 0.038176 0.046763 0.056690 0.068018 0.080766 0.094915 0.110390 0.127061 0.144737 0.163167 0.182040 0.200993 0.219619 0.237485 0.254142 0.269147 0.282081 0.292570 0.300301 0.305037 0.306632 0.305037 0.300301 0.292570 0.282081 0.269147 0.254142 0.237485 0.219619 0.200993 0.182040 0.163167 0.144737 0.127061 0.110390 0.094915 0.080766 0.068018 0.056690 0.046763 0.038176 0.030846 0.024666 0.019522 0.015293 0.011857 0.009098 0.006910 0.005195 0.003865 0.002847 0.002075 0.001497 0.001070 0.000756 0.000529 0.000367 0.000251 0.000171 0.000115 0.000076 0.000050 0.000033 0.000021 0.000014 0.000009 0.000006 0.000004 0.000003 0.000003 
0.000003 0.000003 0.000004 0.000005 0.000008 0.000012 0.000019 0.000030 0.000047 0.000072 0.000109 0.000164 0.000244 0.000359 0.000524 0.000756 0.001080 0.001528 0.002138 0.002963 0.004063 0.005515 0.007411 0.009856 0.012974 0.016904 0.021800 0.027824 0.035150 0.043948 0.054384 0.066607 0.080736 0.096855 0.114995 0.135124 0.157138 0.180851 0.205991 0.232201 0.259038 0.285987 0.312470 0.337870 0.361551 0.382881 0.401268 0.416178 0.427166 0.433898 0.436166 0.433898 0.427166 0.416178 0.401268 0.382881 0.361551 0.337870 0.312470 0.285987 0.259038 0.232201 0.205991 0.180851 0.157138 0.135124 0.114995 0.096855 0.080736 0.066607 0.054384 0.043948 0.035150 0.027824 0.021800 0.016904 0.012974 0.009856 0.007411 0.005515 0.004063 0.002963 0.002138 0.001528 0.001080 0.000756 0.000524 0.000359 0.000244 0.000164 0.000109 0.000072 0.000047 0.000030 0.000020 0.000013 0.000008 0.000006 0.000005 0.000005 
0.000004 0.000004 0.000005 0.000007 0.000011 0.000018 0.000028 0.000043 0.000066 0.000102 0.000155 0.000232 0.000345 0.000509 0.000741 0.001070 0.001528 0.002160 0.003022 0.004186 0.005740 0.007791 0.010466 0.013916 0.018315 0.023859 0.030762 0.039258 0.049585 0.061987 0.076695 0.093919 0.113827 0.136535 0.162087 0.190438 0.221440 0.254831 0.290230 0.327131 0.364912 0.402847 0.440125 0.475876 0.509205 0.539226 0.565102 0.586084 0.601548 0.611021 0.614212 0.611021 0.601548 0.586084 0.565102 0.539226 0.509205 0.475876 0.440125 0.402847 0.364912 0.327131 0.290230 0.254831 0.221440 0.190438 0.162087 0.136535 0.113827 0.093919 0.076695 0.061987 0.049585 0.039258 0.030762 0.023859 0.018315 0.013916 0.010466 0.007791 0.005740 0.004186 0.003022 0.002160 0.001528 0.001070 0.000741 0.000509 0.000345 0.000232 0.000155 0.000102 0.000067 0.000043 0.000028 0.000018 0.000012 0.000008 0.000007 0.000007 
0.000006 0.000006 0.000007 0.000010 0.000016 0.000025 0.000039 0.000060 0.000093 0.000143 0.000217 0.000326 0.000484 0.000712 0.001038 0.001497 0.002138 0.003022 0.004228 0.005856 0.008028 0.010893 0.014630 0.019450 0.025594 0.033335 0.042973 0.054831 0.069244 0.086550 0.107071 0.131098 0.158867 0.190537 0.226169 0.265700 0.308922 0.355471 0.404814 0.456247 0.508902 0.561769 0.613716 0.663533 0.709972 0.751800 0.787852 0.817085 0.838629 0.851827 0.856272 0.851827 0.838629 0.817085 0.787852 0.751800 0.709972 0.663533 0.613716 0.561769 0.508902 0.456247 0.404814 0.355471 0.308922 0.265700 0.226169 0.190537 0.158867 0.131098 0.107071 0.086550 0.069244 0.054831 0.042973 0.033335 0.025594 0.019450 0.014630 0.010893 0.008028 0.005856 0.004228 0.003022 0.002138 0.001497 0.001038 0.000712 0.000484 0.000326 0.000217 0.000143 0.000093 0.000060 0.000039 0.000025 0.000017 0.000012 0.000009 0.000009 
0.000008 0.000008 0.000010 0.000014 0.000022 0.000034 0.000054 0.000084 0.000129 0.000198 0.000301 0.000452 0.000671 0.000988 0.001439 0.002075 0.002963 0.004186 0.005856 0.008108 0.011113 0.015076 0.020246 0.026910 0.035404 0.046104 0.059424 0.075809 0.095722 0.119629 0.147972 0.181153 0.219496 0.263222 0.312412 0.366977 0.426632 0.490874 0.558964 0.629932 0.702582 0.775518 0.847182 0.915903 0.979962 1.037657 1.087384 1.127704 1.157418 1.175621 1.181752 1.175621 1.157418 1.127704 1.087384 1.037657 0.979962 0.915903 0.847182 0.775518 0.702582 0.629932 0.558964 0.490874 0.426632 0.366977 0.312412 0.263222 0.219496 0.181153 0.147972 0.119629 0.095722 0.075809 0.059424 0.046104 0.035404 0.026910 0.020246 0.015076 0.011113 0.008108 0.005856 0.004186 0.002963 0.002075 0.001439 0.000988 0.000671 0.000452 0.000301 0.000198 0.000130 0.000084 0.000054 0.000035 0.000023 0.000016 0.000013 0.000013 
0.000011 0.000011 0.000014 0.000020 0.000030 0.000047 0.000074 0.000115 0.000178 0.000272 0.000413 0.000620 0.000922 0.001356 0.001975 0.002847 0.004063 0.005740 0.008028 0.011113 0.015228 0.020655 0.027732 0.036854 0.048479 0.063119 0.081342 0.103755 0.130990 0.163681 0.202434 0.247796 0.300208 0.359971 0.427194 0.501755 0.583264 0.671031 0.764048 0.860989 0.960220 1.059836 1.157708 1.251556 1.339032 1.417816 1.485717 1.540772 1.581343 1.606198 1.614569 1.606198 1.581343 1.540772 1.485717 1.417816 1.339032 1.251556 1.157708 1.059836 0.960220 0.860989 0.764048 0.671031 0.583264 0.501755 0.427194 0.359971 0.300208 0.247796 0.202434 0.163681 0.130990 0.103755 0.081342 0.063119 0.048479 0.036854 0.027732 0.020655 0.015228 0.011113 0.008028 0.005740 0.004063 0.002847 0.001975 0.001356 0.000922 0.000620 0.000413 0.000273 0.000178 0.000115 0.000074 0.000048 0.000032 0.000022 0.000018 0.000018 
0.000015 0.000015 0.000019 0.000027 0.000041 0.000064 0.000100 0.000157 0.000242 0.000370 0.000562 0.000843 0.001252 0.001842 0.002682 0.003865 0.005515 0.007791 0.010893 0.015076 0.020655 0.028011 0.037602 0.049962 0.065710 0.085540 0.110219 0.140567 0.177439 0.221692 0.274145 0.335533 0.406456 0.487315 0.578257 0.679118 0.789366 0.908067 1.033859 1.164947 1.299123 1.433810 1.566132 1.693007 1.811263 1.917764 2.009549 2.083969 2.138809 2.172405 2.183721 2.172405 2.138809 2.083969 2.009549 1.917764 1.811263 1.693007 1.566132 1.433810 1.299123 1.164947 1.033859 0.908067 0.789366 0.679118 0.578257 0.487315 0.406456 0.335533 0.274145 0.221692 0.177439 0.140567 0.110219 0.085540 0.065710 0.049962 0.037602 0.028011 0.020655 0.015076 0.010893 0.007791 0.005515 0.003865 0.002682 0.001842 0.001252 0.000843 0.000562 0.000371 0.000242 0.000157 0.000101 0.000065 0.000043 0.000030 0.000024 0.000024 
0.000020 0.000020 0.000025 0.000036 0.000055 0.000086 0.000135 0.000211 0.000326 0.000499 0.000756 0.001134 0.001684 0.002476 0.003605 0.005195 0.007411 0.010466 0.014630 0.020246 0.027732 0.037602 0.050466 0.067044 0.088162 0.114750 0.147833 0.188512 0.237927 0.297226 0.367504 0.449744 0.544745 0.653045 0.774837 0.909898 1.057516 1.216439 1.384842 1.560322 1.739924 1.920198 2.097297 2.267097 2.425355 2.567877 2.690702 2.790286 2.863670 2.908624 2.923766 2.908624 2.863670 2.790286 2.690702 2.567877 2.425355 2.267097 2.097297 1.920198 1.739924 1.560322 1.384842 1.216439 1.057516 0.909898 0.774837 0.653045 0.544745 0.449744 0.367504 0.297226 0.237927 0.188512 0.147833 0.114750 0.088162 0.067044 0.050466 0.037602 0.027732 0.020246 0.014630 0.010466 0.007411 0.005195 0.003605 0.002476 0.001684 0.001134 0.000756 0.000499 0.000326 0.000211 0.000136 0.000088 0.000058 0.000041 0.000033 0.000033 
0.000027 0.000027 0.000033 0.000048 0.000074 0.000115 0.000180 0.000281 0.000434 0.000664 0.001006 0.001509 0.002241 0.003295 0.004796 0.006910 0.009856 0.013916 0.019450 0.026910 0.036854 0.049962 0.067044 0.089053 0.117084 0.152372 0.196274 0.250247 0.315803 0.394461 0.487669 0.596731 0.722701 0.866289 1.027751 1.206785 1.402448 1.613077 1.836253 2.068792 2.306776 2.545638 2.780279 3.005241 3.214901 3.403707 3.566415 3.698332 3.795540 3.855089 3.875145 3.855089 3.795540 3.698332 3.566415 3.403707 3.214901 3.005241 2.780279 2.545638 2.306776 2.068792 1.836253 1.613077 1.402448 1.206785 1.027751 0.866289 0.722701 0.596731 0.487669 0.394461 0.315803 0.250247 0.196274 0.152372 0.117084 0.089053 0.067044 0.049962 0.036854 0.026910 0.019450 0.013916 0.009856 0.006910 0.004796 0.003295 0.002241 0.001509 0.001006 0.000664 0.000435 0.000282 0.000182 0.000117 0.000078 0.000055 0.000044 0.000044 
0.000035 0.000035 0.000044 0.000063 0.000097 0.000152 0.000238 0.000371 0.000572 0.000875 0.001326 0.001989 0.002953 0.004340 0.006316 0.009098 0.012974 0.018315 0.025594 0.035404 0.048479 0.065710 0.088162 0.117084 0.153916 0.200274 0.257942 0.328828 0.414917 0.518197 0.640569 0.783736 0.949083 1.137535 1.349424 1.584352 1.841078 2.117420 2.410201 2.715243 3.027409 3.340708 3.648456 3.943493 4.218452 4.466054 4.679424 4.852412 4.979883 5.057969 5.084269 5.057969 4.979883 4.852412 4.679424 4.466054 4.218452 3.943493 3.648456 3.340708 3.027409 2.715243 2.410201 2.117420 1.841078 1.584352 1.349424 1.137535 0.949083 0.783736 0.640569 0.518197 0.414917 0.328828 0.257942 0.200274 0.153916 0.117084 0.088162 0.065710 0.048479 0.035404 0.025594 0.018315 0.012974 0.009098 0.006316 0.004340 0.002953 0.001989 0.001326 0.000876 0.000573 0.000372 0.000240 0.000155 0.000102 0.000072 0.000058 0.000058 
0.000046 0.000046 0.000058 0.000083 0.000127 0.000198 0.000311 0.000484 0.000747 0.001142 0.001730 0.002594 0.003850 0.005659 0.008232 0.011857 0.016904 0.023859 0.033335 0.046104 0.063119 0.085540 0.114750 0.152372 0.200274 0.260560 0.335541 0.427697 0.539603 0.673839 0.832871 1.018908 1.233744 1.478575 1.753829 2.058987 2.392429 2.751321 3.131536 3.527648 3.932986 4.339773 4.739331 5.122371 5.479329 5.800761 6.077746 6.302305 6.467774 6.569136 6.603275 6.569136 6.467774 6.302305 6.077746 5.800761 5.479329 5.122371 4.739331 4.339773 3.932986 3.527648 3.131536 2.751321 2.392429 2.058987 1.753829 1.478575 1.233744 1.018908 0.832871 0.673839 0.539603 0.427697 0.335541 0.260560 0.200274 0.152372 0.114750 0.085540 0.063119 0.046104 0.033335 0.023859 0.016905 0.011857 0.008232 0.005659 0.003851 0.002594 0.001730 0.001143 0.000748 0.000485 0.000313 0.000203 0.000134 0.000094 0.000076 0.000076 
0.000060 0.000060 0.000075 0.000107 0.000164 0.000257 0.000402 0.000625 0.000965 0.001475 0.002234 0.003348 0.004969 0.007301 0.010620 0.015293 0.021800 0.030762 0.042973 0.059424 0.081342 0.110219 0.147833 0.196274 0.257942 0.335541 0.432043 0.550635 0.694624 0.867326 1.071906 1.311201 1.587509 1.902367 2.256317 2.648686 3.077390 3.538779 4.027548 4.536720 5.057721 5.580555 6.094075 6.586344 7.045076 7.458140 7.814078 8.102638 8.315264 8.445512 8.489381 8.445512 8.315264 8.102638 7.814078 7.458140 7.045076 6.586344 6.094075 5.580555 5.057721 4.536720 4.027548 3.538779 3.077390 2.648686 2.256317 1.902367 1.587509 1.311201 1.071906 0.867326 0.694624 0.550635 0.432043 0.335541 0.257942 0.196274 0.147833 0.110219 0.081342 0.059424 0.042973 0.030762 0.021800 0.015293 0.010620 0.007301 0.004969 0.003348 0.002234 0.001476 0.000966 0.000627 0.000405 0.000262 0.000173 0.000122 0.000098 0.000098 
0.000077 0.000077 0.000095 0.000137 0.000210 0.000328 0.000514 0.000799 0.001233 0.001885 0.002854 0.004277 0.006347 0.009324 0.013560 0.019522 0.027824 0.039258 0.054831 0.075809 0.103755 0.140567 0.188512 0.250247 0.328828 0.427697 0.550635 0.701694 0.885084 1.105018 1.365521 1.670197 2.021965 2.422774 2.873308 3.372704 3.918304 4.505460 5.127417 5.775297 6.438191 7.103384 7.756697 8.382947 8.966514 9.491967 9.944739 10.311797 10.582259 10.747934 10.803735 10.747934 10.582259 10.311797 9.944739 9.491967 8.966514 8.382947 7.756697 7.103384 6.438191 5.775297 5.127417 4.505460 3.918304 3.372704 2.873308 2.422774 2.021965 1.670197 1.365521 1.105018 0.885084 0.701694 0.550635 0.427697 0.328828 0.250247 0.188512 0.140567 0.103755 0.075809 0.054831 0.039258 0.027824 0.019523 0.013560 0.009324 0.006347 0.004278 0.002854 0.001886 0.001235 0.000802 0.000518 0.000335 0.000221 0.000156 0.000126 0.000126 
0.000097 0.000097 0.000121 0.000174 0.000266 0.000415 0.000650 0.001011 0.001560 0.002385 0.003609 0.005408 0.008024 0.011785 0.017136 0.024666 0.035150 0.049585 0.069244 0.095722 0.130990 0.177439 0.237927 0.315803 0.414917 0.539603 0.694624 0.885084 1.116281 1.393518 1.721861 2.105844 2.549136 3.054184 3.621841 4.251013 4.938346 5.677980 6.461402 7.277429 8.112322 8.950070 9.772819 10.561456 11.296317 11.957977 12.528104 12.990290 13.330841 13.539448 13.609708 13.539448 13.330841 12.990290 12.528104 11.957977 11.296317 10.561456 9.772819 8.950070 8.112322 7.277429 6.461402 5.677980 4.938346 4.251013 3.621841 3.054184 2.549136 2.105844 1.721861 1.393518 1.116281 0.885084 0.694624 0.539603 0.414917 0.315803 0.237927 0.177439 0.130990 0.095722 0.069244 0.049585 0.035150 0.024666 0.017136 0.011785 0.008024 0.005409 0.003610 0.002386 0.001562 0.001014 0.000655 0.000424 0.000280 0.000197 0.000159 0.000159 
0.000122 0.000122 0.000152 0.000218 0.000333 0.000520 0.000814 0.001267 0.001954 0.002985 0.004517 0.006768 0.010039 0.014742 0.021432 0.030846 0.043948 0.061987 0.086550 0.119629 0.163681 0.221692 0.297226 0.394461 0.518197 0.673839 0.867326 1.105018 1.393518 1.739436 2.149079 2.628093 3.181047 3.810980 4.518948 5.303579 6.160680 7.082939 8.059741 9.077137 10.118002 11.162376 12.188009 13.171083 14.087090 14.911831 15.622460 16.198537 16.623000 16.883006 16.970577 16.883006 16.623000 16.198537 15.622460 14.911831 14.087090 13.171083 12.188009 11.162376 10.118002 9.077137 8.059741 7.082939 6.160680 5.303579 4.518948 3.810980 3.181047 2.628093 2.149079 1.739436 1.393518 1.105018 0.867326 0.673839 0.518197 0.394461 0.297226 0.221692 0.163681 0.119629 0.086550 0.061987 0.043948 0.030846 0.021432 0.014742 0.010039 0.006768 0.004518 0.002987 0.001956 0.001270 0.000821 0.000531 0.000351 0.000247 0.000200 0.000200 
0.000151 0.000151 0.000188 0.000270 0.000413 0.000645 0.001009 0.001570 0.002421 0.003698 0.005595 0.008382 0.012431 0.018251 0.026530 0.038176 0.054384 0.076695 0.107071 0.147972 0.202434 0.274145 0.367504 0.487669 0.640569 0.832871 1.071906 1.365521 1.721861 2.149079 2.654952 3.246440 3.929171 4.706886 5.580876 6.549437 7.607387 8.745693 9.951247 11.206836 12.491325 13.780088 15.045674 16.258698 17.388934 18.406531 19.283314 19.994072 20.517763 20.838549 20.946589 20.838549 20.517763 19.994072 19.283314 18.406531 17.388934 16.258698 15.045674 13.780088 12.491325 11.206836 9.951247 8.745693 7.607387 6.549437 5.580876 4.706886 3.929171 3.246440 2.654952 2.149079 1.721861 1.365521 1.071906 0.832871 0.640569 0.487669 0.367504 0.274145 0.202434 0.147972 0.107071 0.076695 0.054384 0.038176 0.026530 0.018252 0.012431 0.008382 0.005596 0.003700 0.002423 0.001574 0.001017 0.000659 0.000435 0.000307 0.000248 0.000248 
0.000185 0.000185 0.000231 0.000332 0.000507 0.000792 0.001238 0.001925 0.002969 0.004535 0.006859 0.010273 0.015234 0.022363 0.032501 0.046763 0.066607 0.093919 0.131098 0.181153 0.247796 0.335533 0.449744 0.596731 0.783736 1.018908 1.311201 1.670197 2.105844 2.628093 3.246440 3.969376 4.803764 5.754163 6.822138 8.005593 9.298188 10.688878 12.161646 13.695460 15.264506 16.838705 18.384534 19.866113 21.246534 22.489351 23.560165 24.428198 25.067763 25.459522 25.591467 25.459522 25.067763 24.428198 23.560165 22.489351 21.246534 19.866113 18.384534 16.838705 15.264506 13.695460 12.161646 10.688878 9.298188 8.005593 6.822138 5.754163 4.803764 3.969376 3.246440 2.628093 2.105844 1.670197 1.311201 1.018908 0.783736 0.596731 0.449744 0.335533 0.247796 0.181153 0.131098 0.093919 0.066607 0.046763 0.032501 0.022363 0.015234 0.010274 0.006860 0.004537 0.002972 0.001931 0.001248 0.000808 0.000534 0.000377 0.000305 0.000305 
0.000225 0.000225 0.000281 0.000403 0.000616 0.000961 0.001503 0.002337 0.003603 0.005502 0.008322 0.012462 0.018476 0.027119 0.039407 0.056690 0.080736 0.113827 0.158867 0.219496 0.300208 0.406456 0.544745 0.722701 0.949083 1.233744 1.587509 2.021965 2.549136 3.181047 3.929171 4.803764 5.813113 6.962715 8.254450 9.685767 11.248988 12.930747 14.711669 16.566322 18.463490 20.366814 22.235768 24.026984 25.695853 27.198329 28.492840 29.542192 30.315342 30.788924 30.948426 30.788924 30.315342 29.542192 28.492840 27.198329 25.695853 24.026984 22.235768 20.366814 18.463490 16.566322 14.711669 12.930747 11.248988 9.685767 8.254450 6.962715 5.813113 4.803764 3.929171 3.181047 2.549136 2.021965 1.587509 1.233744 0.949083 0.722701 0.544745 0.406456 0.300208 0.219496 0.158867 0.113827 0.080736 0.056690 0.039407 0.027119 0.018476 0.012463 0.008323 0.005505 0.003607 0.002344 0.001515 0.000981 0.000649 0.000457 0.000370 0.000370 
0.000271 0.000271 0.000337 0.000484 0.000740 0.001155 0.001806 0.002807 0.004327 0.006607 0.009992 0.014960 0.022176 0.032546 0.047287 0.068018 0.096855 0.136535 0.190537 0.263222 0.359971 0.487315 0.653045 0.866289 1.137535 1.478575 1.902367 2.422774 3.054184 3.810980 4.706886 5.754163 6.962715 8.339108 9.885571 11.599039 13.470305 15.483360 17.615008 19.834804 22.105392 24.383259 26.619917 28.763477 30.760570 32.558504 34.107547 35.363207 36.288352 36.855033 37.045889 36.855033 36.288352 35.363207 34.107547 32.558504 30.760570 28.763477 26.619917 24.383259 22.105392 19.834804 17.615008 15.483360 13.470305 11.599039 9.885571 8.339108 6.962715 5.754163 4.706886 3.810980 3.054184 2.422774 1.902367 1.478575 1.137535 0.866289 0.653045 0.487315 0.359971 0.263222 0.190537 0.136535 0.096855 0.068018 0.047287 0.032546 0.022177 0.014961 0.009993 0.006610 0.004332 0.002815 0.001820 0.001179 0.000780 0.000550 0.000445 0.000445 
0.000322 0.000322 0.000401 0.000576 0.000880 0.001374 0.002147 0.003337 0.005143 0.007852 0.011872 0.017773 0.026343 0.038656 0.056158 0.080766 0.114995 0.162087 0.226169 0.312412 0.427194 0.578257 0.774837 1.027751 1.349424 1.753829 2.256317 2.873308 3.621841 4.518948 5.580876 6.822138 8.254450 9.885571 11.718126 13.748465 15.965663 18.350744 20.876215 23.506006 26.195864 28.894249 31.543729 34.082857 36.448430 38.578050 40.412831 41.900090 42.995860 43.667049 43.893103 43.667049 42.995860 41.900090 40.412831 38.578050 36.448430 34.082857 31.543729 28.894249 26.195864 23.506006 20.876215 18.350744 15.965663 13.748465 11.718126 9.885571 8.254450 6.822138 5.580876 4.518948 3.621841 2.873308 2.256317 1.753829 1.349424 1.027751 0.774837 0.578257 0.427194 0.312412 0.226169 0.162087 0.114995 0.080766 0.056158 0.038657 0.026344 0.017775 0.011874 0.007856 0.005149 0.003347 0.002164 0.001402 0.000928 0.000654 0.000529 0.000529 
0.000379 0.000379 0.000473 0.000678 0.001036 0.001617 0.002526 0.003926 0.006049 0.009235 0.013961 0.020897 0.030969 0.045439 0.066003 0.094915 0.135124 0.190438 0.265700 0.366977 0.501755 0.679118 0.909898 1.206785 1.584352 2.058987 2.648686 3.372704 4.251013 5.303579 6.549437 8.005593 9.685767 11.599039 13.748465 16.129745 18.730052 21.527116 24.488691 27.572476 30.726580 33.890575 36.997133 39.974220 42.747751 45.244587 47.395707 49.139365 50.424030 51.210917 51.475935 51.210917 50.424030 49.139365 47.395707 45.244587 42.747751 39.974220 36.997133 33.890575 30.726580 27.572476 24.488691 21.527116 18.730052 16.129745 13.748465 11.599039 9.685767 8.005593 6.549437 5.303579 4.251013 3.372704 2.648686 2.058987 1.584352 1.206785 0.909898 0.679118 0.501755 0.366977 0.265700 0.190438 0.135124 0.094915 0.066003 0.045439 0.030970 0.020899 0.013963 0.009239 0.006056 0.003937 0.002546 0.001650 0.001092 0.000770 0.000623 0.000623 
0.000442 0.000442 0.000551 0.000790 0.001207 0.001883 0.002941 0.004570 0.007041 0.010748 0.016247 0.024316 0.036031 0.052859 0.076773 0.110390 0.157138 0.221440 0.308922 0.426632 0.583264 0.789366 1.057516 1.402448 1.841078 2.392429 3.077390 3.918304 4.938346 6.160680 7.607387 9.298188 11.248988 13.470305 15.965663 18.730052 21.748560 24.995328 28.432915 32.012218 35.673013 39.345170 42.950564 46.405609 49.624346 52.521919 55.018250 57.041703 58.532497 59.445637 59.753177 59.445637 58.532497 57.041703 55.018250 52.521919 49.624346 46.405609 42.950564 39.345170 35.673013 32.012218 28.432915 24.995328 21.748560 18.730052 15.965663 13.470305 11.248988 9.298188 7.607387 6.160680 4.938346 3.918304 3.077390 2.392429 1.841078 1.402448 1.057516 0.789366 0.583264 0.426632 0.308922 0.221440 0.157138 0.110390 0.076773 0.052860 0.036032 0.024317 0.016249 0.010753 0.007049 0.004584 0.002965 0.001922 0.001272 0.000897 0.000726 0.000726 
0.000510 0.000510 0.000635 0.000910 0.001391 0.002169 0.003389 0.005265 0.008111 0.012380 0.018710 0.028000 0.041486 0.060855 0.088376 0.127061 0.180851 0.254831 0.355471 0.490874 0.671031 0.908067 1.216439 1.613077 2.117420 2.751321 3.538779 4.505460 5.677980 7.082939 8.745693 10.688878 12.930747 15.483360 18.350744 21.527116 24.995328 28.725652 32.675063 36.787146 40.992713 45.211210 49.352901 53.321785 57.019141 60.347517 63.214953 65.539187 67.251567 68.300427 68.653675 68.300427 67.251567 65.539187 63.214953 60.347517 57.019141 53.321785 49.352901 45.211210 40.992713 36.787146 32.675063 28.725652 24.995328 21.527116 18.350744 15.483360 12.930747 10.688878 8.745693 7.082939 5.677980 4.505460 3.538779 2.751321 2.117420 1.613077 1.216439 0.908067 0.671031 0.490874 0.355471 0.254831 0.180851 0.127061 0.088376 0.060855 0.041487 0.028002 0.018713 0.012385 0.008120 0.005281 0.003416 0.002214 0.001466 0.001034 0.000837 0.000837 
0.000582 0.000582 0.000724 0.001038 0.001587 0.002474 0.003864 0.006003 0.009246 0.014110 0.021324 0.031908 0.047271 0.069334 0.100680 0.144737 0.205991 0.290230 0.404814 0.558964 0.764048 1.033859 1.384842 1.836253 2.410201 3.131536 4.027548 5.127417 6.461402 8.059741 9.951247 12.161646 14.711669 17.615008 20.876215 24.488691 28.432915 32.675063 37.166200 41.842168 46.624296 51.420997 56.130247 60.642912 64.846766 68.631031 71.891178 74.533698 76.480561 77.673038 78.074654 77.673038 76.480561 74.533698 71.891178 68.631031 64.846766 60.642912 56.130247 51.420997 46.624296 41.842168 37.166200 32.675063 28.432915 24.488691 20.876215 17.615008 14.711669 12.161646 9.951247 8.059741 6.461402 5.127417 4.027548 3.131536 2.410201 1.836253 1.384842 1.033859 0.764048 0.558964 0.404814 0.290230 0.205991 0.144738 0.100681 0.069335 0.047272 0.031910 0.021328 0.014116 0.009257 0.006020 0.003895 0.002525 0.001672 0.001180 0.000955 0.000955 
0.000657 0.000657 0.000818 0.001172 0.001791 0.002792 0.004360 0.006772 0.010431 0.015916 0.024051 0.035984 0.053305 0.078177 0.113511 0.163167 0.232201 0.327131 0.456247 0.629932 0.860989 1.164947 1.560322 2.068792 2.715243 3.527648 4.536720 5.775297 7.277429 9.077137 11.206836 13.695460 16.566322 19.834804 23.506006 27.572476 32.012218 36.787146 41.842168 47.105069 52.487308 57.885811 63.185773 68.264388 72.995380 77.254106 80.922954 83.896719 86.087607 87.429547 87.881499 87.429547 86.087607 83.896719 80.922954 77.254106 72.995380 68.264388 63.185773 57.885811 52.487308 47.105069 41.842168 36.787146 32.012218 27.572476 23.506006 19.834804 16.566322 13.695460 11.206836 9.077137 7.277429 5.775297 4.536720 3.527648 2.715243 2.068792 1.560322 1.164947 0.860989 0.629932 0.456247 0.327131 0.232201 0.163168 0.113511 0.078178 0.053306 0.035986 0.024054 0.015923 0.010443 0.006792 0.004395 0.002850 0.001887 0.001332 0.001078 0.001078 
0.000734 0.000734 0.000913 0.001309 0.002000 0.003118 0.004869 0.007561 0.011644 0.017766 0.026844 0.040160 0.059485 0.087233 0.126650 0.182040 0.259038 0.364912 0.508902 0.702582 0.960220 1.299123 1.739924 2.306776 3.027409 3.932986 5.057721 6.438191 8.112322 10.118002 12.491325 15.264506 18.463490 22.105392 26.195864 30.726580 35.673013 40.992713 46.624296 52.487308 58.483113 64.496899 70.400790 76.058009 81.327916 86.071694 90.158363 93.470759 95.911114 97.405847 97.909258 97.405847 95.911114 93.470759 90.158363 86.071694 81.327916 76.058009 70.400790 64.496899 58.483113 52.487308 46.624296 40.992713 35.673013 30.726580 26.195864 22.105392 18.463490 15.264506 12.491325 10.118002 8.112322 6.438191 5.057721 3.932986 3.027409 2.306776 1.739924 1.299123 0.960220 0.702582 0.508902 0.364912 0.259038 0.182040 0.126650 0.087234 0.059487 0.040162 0.026848 0.017774 0.011658 0.007583 0.004907 0.003182 0.002108 0.001487 0.001204 0.001204 
0.000811 0.000811 0.001010 0.001447 0.002210 0.003445 0.005379 0.008353 0.012864 0.019625 0.029650 0.044354 0.065693 0.096330 0.139846 0.200993 0.285987 0.402847 0.561769 0.775518 1.059836 1.433810 1.920198 2.545638 3.340708 4.339773 5.580555 7.103384 8.950070 11.162376 13.780088 16.838705 20.366814 24.383259 28.894249 33.890575 39.345170 45.211210 51.420997 57.885811 64.496899 71.127675 77.637161 83.874567 89.684855 94.915000 99.420617 103.072557 105.763047 107.410984 107.965990 107.410984 105.763047 103.072557 99.420617 94.915000 89.684855 83.874567 77.637161 71.127675 64.496899 57.885811 51.420997 45.211210 39.345170 33.890575 28.894249 24.383259 20.366814 16.838705 13.780088 11.162376 8.950070 7.103384 5.580555 4.339773 3.340708 2.545638 1.920198 1.433810 1.059836 0.775518 0.561769 0.402847 0.285987 0.200993 0.139846 0.096330 0.065695 0.044357 0.029655 0.019634 0.012878 0.008378 0.005422 0.003517 0.002329 0.001644 0.001331 0.001331 
0.000887 0.000887 0.001104 0.001583 0.002417 0.003767 0.005882 0.009133 0.014063 0.021453 0.032409 0.048478 0.071795 0.105271 0.152816 0.219619 0.312470 0.440125 0.613716 0.847182 1.157708 1.566132 2.097297 2.780279 3.648456 4.739331 6.094075 7.756697 9.772819 12.188009 15.045674 18.384534 22.235768 26.619917 31.543729 36.997133 42.950564 49.352901 56.130247 63.185773 70.400790 77.637161 84.741044 91.547902 97.888566 103.596066 108.512864 112.498049 115.434036 117.232332 117.837977 117.232332 115.434036 112.498049 108.512864 103.596066 97.888566 91.547902 84.741044 77.637161 70.400790 63.185773 56.130247 49.352901 42.950564 36.997133 31.543729 26.619917 22.235768 18.384534 15.045674 12.188009 9.772819 7.756697 6.094075 4.739331 3.648456 2.780279 2.097297 1.566132 1.157708 0.847182 0.613716 0.440125 0.312470 0.219620 0.152816 0.105272 0.071797 0.048481 0.032414 0.021462 0.014079 0.009160 0.005928 0.003845 0.002547 0.001798 0.001456 0.001456 
