0.000000 0.000000 0.000000 0.000000 0.000000 0.000000 0.000000 0.000000 0.000000 0.000000 0.000000 0.000000 0.000000 0.000000 0.000000 0.000000 0.000000 0.000000 0.000000 0.000000 0.000000 0.000000 0.000000 0.000000 0.000000 0.000000 0.000000 0.000000 0.000000 0.000000 0.000000 0.000000 0.000000 0.000000 0.000000 0.000000 0.000000 0.000000 0.000000 0.000000 0.000000 0.000000 0.000000 0.000000 0.000000 0.000000 0.000000 0.000000 0.000000 0.000000 0.000000 0.000000 0.000000 0.000000 0.000000 0.000000 0.000000 0.000000 0.000000 0.000000 0.000000 0.000000 0.000000 0.000000 0.000000 0.000000 0.000000 0.000000 0.000000 0.000000 0.000000 0.000000 0.000000 0.000000 0.000000 0.000000 0.000000 0.000000 0.000000 0.000000 0.000000 0.000000 0.000000 0.000000 0.000000 0.000000 0.000000 0.000000 0.000000 0.000000 0.000000 0.000000 0.000000 0.000000 0.000000 0.000000 0.000000 0.000000 0.000000 0.000000 
0.000000 0.000000 0.000000 0.000000 0.000000 0.000000 0.000000 0.000000 0.000000 0.000000 0.000000 0.000000 0.000000 0.000000 0.000000 0.000000 0.000000 0.000000 0.000000 0.000000 0.000000 0.000000 0.000000 0.000000 0.000000 0.000000 0.000000 0.000000 0.000000 0.000000 0.000000 0.000000 0.000000 0.000000 0.000000 0.000000 0.000000 0.000000 0.000000 0.000000 0.000000 0.000000 0.000000 0.000000 0.000000 0.000000 0.000000 0.000000 0.000000 0.000000 0.000000 0.000000 0.000000 0.000000 0.000000 0.000000 0.000000 0.000000 0.000000 0.000000 0.000000 0.000000 0.000000 0.000000 0.000000 0.000000 0.000000 0.000000 0.000000 0.000000 0.000000 0.000000 0.000000 0.000000 0.000000 0.000000 0.000000 0.000000 0.000000 0.000000 0.000000 0.000000 0.000000 0.000000 0.000000 0.000000 0.000000 0.000000 0.000000 0.000000 0.000000 0.000000 0.000000 0.000000 0.000000 0.000000 0.000000 0.000000 0.000000 0.000000 
0.000000 0.000000 0.000000 0.000000 0.000000 0.000000 0.000000 0.000000 0.000000 0.000000 0.000000 0.000000 0.000000 0.000000 0.000000 0.000000 0.000000 0.000000 0.000000 0.000000 0.000000 0.000000 0.000000 0.000000 0.000000 0.000000 0.000000 0.000000 0.000000 0.000000 0.000000 0.000000 0.000000 0.000000 0.000000 0.000000 0.000000 0.000000 0.000000 0.000000 0.000000 0.000000 0.000000 0.000000 0.000000 0.000000 0.000000 0.000000 0.000000 0.000000 0.000000 0.000000 0.000000 0.000000 0.000000 0.000000 0.000000 0.000000 0.000000 0.000000 0.000000 0.000000 0.000000 0.000000 0.000000 0.000000 0.000000 0.000000 0.000000 0.000000 0.000000 0.000000 0.000000 0.000000 0.000000 0.000000 0.000000 0.000000 0.000000 0.000000 0.000000 0.000000 0.000000 0.000000 0.000000 0.000000 0.000000 0.000000 0.000000 0.000000 0.000000 0.000000 0.000000 0.000000 0.000000 0.000000 0.000000 0.000000 0.000000 0.000000 
0.000000 0.000000 0.000000 0.000000 0.000000 0.000000 0.000000 0.000000 0.000000 0.000000 0.000000 0.000000 0.000000 0.000000 0.000000 0.000000 0.000000 0.000000 0.000000 0.000000 0.000000 0.000000 0.000000 0.000000 0.000000 0.000000 0.000000 0.000000 0.000000 0.000000 0.000000 0.000000 0.000000 0.000000 0.000000 0.000000 0.000000 0.000000 0.000000 0.000000 0.000000 0.000000 0.000000 0.000000 0.000000 0.000000 0.000000 0.000000 0.000000 0.000000 0.000000 0.000000 0.000000 0.000000 0.000000 0.000000 0.000000 0.000000 0.000000 0.000000 0.000000 0.000000 0.000000 0.000000 0.000000 0.000000 0.000000 0.000000 0.000000 0.000000 0.000000 0.000000 0.000000 0.000000 0.000000 0.000000 0.000000 0.000000 0.000000 0.000000 0.000000 0.000000 0.000000 0.000000 0.000000 0.000000 0.000000 0.000000 0.000000 0.000000 0.000000 0.000000 0.000000 0.000000 0.000000 0.000000 0.000000 0.000000 0.000000 0.000000 
0.000000 0.000000 0.000000 0.000000 0.000000 0.000000 0.000000 0.000000 0.000000 0.000000 0.000000 0.000000 0.000000 0.000000 0.000000 0.000000 0.000000 0.000000 0.000000 0.000000 0.000000 0.000000 0.000000 0.000000 0.000000 0.000000 0.000000 0.000000 0.000000 0.000000 0.000000 0.000000 0.000000 0.000000 0.000000 0.000000 0.000000 0.000000 0.000000 0.000000 0.000000 0.000000 0.000000 0.000000 0.000000 0.000000 0.000000 0.000000 0.000000 0.000000 0.000000 0.000000 0.000000 0.000000 0.000000 0.000000 0.000000 0.000000 0.000000 0.000000 0.000000 0.000000 0.000000 0.000000 0.000000 0.000000 0.000000 0.000000 0.000000 0.000000 0.000000 0.000000 0.000000 0.000000 0.000000 0.000000 0.000000 0.000000 0.000000 0.000000 0.000000 0.000000 0.000000 0.000000 0.000000 0.000000 0.000000 0.000000 0.000000 0.000000 0.000000 0.000000 0.000000 0.000000 0.000000 0.000000 0.000000 0.000000 0.000000 0.000000 
0.000000 0.000000 0.000000 0.000000 0.000000 0.000000 0.000000 0.000000 0.000000 0.000000 0.000000 0.000000 0.000000 0.000000 0.000000 0.000000 0.000000 0.000000 0.000000 0.000000 0.000000 0.000000 0.000000 0.000000 0.000000 0.000000 0.000000 0.000000 0.000000 0.000000 0.000000 0.000000 0.000000 0.000000 0.000000 0.000000 0.000000 0.000000 0.000000 0.000000 0.000000 0.000000 0.000000 0.000000 0.000000 0.000000 0.000000 0.000000 0.000000 0.000000 0.000000 0.000000 0.000000 0.000000 0.000000 0.000000 0.000000 0.000000 0.000000 0.000000 0.000000 0.000000 0.000000 0.000000 0.000000 0.000000 0.000000 0.000000 0.000000 0.000000 0.000000 0.000000 0.000000 0.000000 0.000000 0.000000 0.000000 0.000000 0.000000 0.000000 0.000000 0.000000 0.000000 0.000000 0.000000 0.000000 0.000000 0.000000 0.000000 0.000000 0.000000 0.000000 0.000000 0.000000 0.000000 0.000000 0.000000 0.000000 0.000000 0.000000 
0.000000 0.000000 0.000000 0.000000 0.000000 0.000000 0.000000 0.000000 0.000000 0.000000 0.000000 0.000000 0.000000 0.000000 0.000000 0.000000 0.000000 0.000000 0.000000 0.000000 0.000000 0.000000 0.000000 0.000000 0.000000 0.000000 0.000000 0.000000 0.000000 0.000000 0.000000 0.000000 0.000000 0.000000 0.000000 0.000000 0.000000 0.000000 0.000000 0.000000 0.000000 0.000000 0.000000 0.000000 0.000000 0.000001 0.000001 0.000001 0.000001 0.000001 0.000001 0.000001 0.000001 0.000001 0.000001 0.000001 0.000000 0.000000 0.000000 0.000000 0.000000 0.000000 0.000000 0.000000 0.000000 0.000000 0.000000 0.000000 0.000000 0.000000 0.000000 0.000000 0.000000 0.000000 0.000000 0.000000 0.000000 0.000000 0.000000 0.000000 0.000000 0.000000 0.000000 0.000000 0.000000 0.000000 0.000000 0.000000 0.000000 0.000000 0.000000 0.000000 0.000000 0.000000 0.000000 0.000000 0.000000 0.000000 0.000000 0.000000 
0.000000 0.000000 0.000000 0.000000 0.000000 0.000000 0.000000 0.000000 0.000000 0.000000 0.000000 0.000000 0.000000 0.000000 0.000000 0.000000 0.000000 0.000000 0.000000 0.000000 0.000000 0.000000 0.000000 0.000000 0.000000 0.000000 0.000000 0.000000 0.000000 0.000000 0.000000 0.000000 0.000000 0.000000 0.000000 0.000000 0.000000 0.000000 0.000000 0.000000 0.000001 0.000001 0.000001 0.000001 0.000001 0.000001 0.000001 0.000001 0.000002 0.000002 0.000002 0.000002 0.000002 0.000001 0.000001 0.000001 0.000001 0.000001 0.000001 0.000001 0.000001 0.000000 0.000000 0.000000 0.000000 0.000000 0.000000 0.000000 0.000000 0.000000 0.000000 0.000000 0.000000 0.000000 0.000000 0.000000 0.000000 0.000000 0.000000 0.000000 0.000000 0.000000 0.000000 0.000000 0.000000 0.000000 0.000000 0.000000 0.000000 0.000000 0.000000 0.000000 0.000000 0.000000 0.000000 0.000000 0.000000 0.000000 0.000000 0.000000 
0.000000 0.000000 0.000000 0.000000 0.000000 0.000000 0.000000 0.000000 0.000000 0.000000 0.000000 0.000000 0.000000 0.000000 0.000000 0.000000 0.000000 0.000000 0.000000 0.000000 0.000000 0.000000 0.000000 0.000000 0.000000 0.000000 0.000000 0.000000 0.000000 0.000000 0.000000 0.000000 0.000000 0.000000 0.000000 0.000000 0.000000 0.000001 0.000001 0.000001 0.000001 0.000002 0.000002 0.000002 0.000003 0.000003 0.000003 0.000003 0.000004 0.000004 0.000004 0.000004 0.000004 0.000003 0.000003 0.000003 0.000003 0.000002 0.000002 0.000002 0.000001 0.000001 0.000001 0.000001 0.000000 0.000000 0.000000 0.000000 0.000000 0.000000 0.000000 0.000000 0.000000 0.000000 0.000000 0.000000 0.000000 0.000000 0.000000 0.000000 0.000000 0.000000 0.000000 0.000000 0.000000 0.000000 0.000000 0.000000 0.000000 0.000000 0.000000 0.000000 0.000000 0.000000 0.000000 0.000000 0.000000 0.000000 0.000000 0.000000 
0.000000 0.000000 0.000000 0.000000 0.000000 0.000000 0.000000 0.000000 0.000000 0.000000 0.000000 0.000000 0.000000 0.000000 0.000000 0.000000 0.000000 0.000000 0.000000 0.000000 0.000000 0.000000 0.000000 0.000000 0.000000 0.000000 0.000000 0.000000 0.000000 0.000000 0.000000 0.000000 0.000000 0.000000 0.000000 0.000001 0.000001 0.000001 0.000002 0.000002 0.000003 0.000004 0.000004 0.000005 0.000006 0.000007 0.000008 0.000008 0.000009 0.000009 0.000009 0.000009 0.000009 0.000008 0.000008 0.000007 0.000006 0.000005 0.000004 0.000004 0.000003 0.000002 0.000002 0.000001 0.000001 0.000001 0.000000 0.000000 0.000000 0.000000 0.000000 0.000000 0.000000 0.000000 0.000000 0.000000 0.000000 0.000000 0.000000 0.000000 0.000000 0.000000 0.000000 0.000000 0.000000 0.000000 0.000000 0.000000 0.000000 0.000000 0.000000 0.000000 0.000000 0.000000 0.000000 0.000000 0.000000 0.000000 0.000000 0.000000 
0.000000 0.000000 0.000000 0.000000 0.000000 0.000000 0.000000 0.000000 0.000000 0.000000 0.000000 0.000000 0.000000 0.000000 0.000000 0.000000 0.000000 0.000000 0.000000 0.000000 0.000000 0.000000 0.000000 0.000000 0.000000 0.000000 0.000000 0.000000 0.000000 0.000000 0.000000 0.000000 0.000001 0.000001 0.000001 0.000002 0.000002 0.000003 0.000004 0.000005 0.000007 0.000008 0.000010 0.000012 0.000014 0.000015 0.000017 0.000019 0.000020 0.000020 0.000021 0.000020 0.000020 0.000019 0.000017 0.000015 0.000014 0.000012 0.000010 0.000008 0.000007 0.000005 0.000004 0.000003 0.000002 0.000002 0.000001 0.000001 0.000001 0.000000 0.000000 0.000000 0.000000 0.000000 0.000000 0.000000 0.000000 0.000000 0.000000 0.000000 0.000000 0.000000 0.000000 0.000000 0.000000 0.000000 0.000000 0.000000 0.000000 0.000000 0.000000 0.000000 0.000000 0.000000 0.000000 0.000000 0.000000 0.000000 0.000000 0.000000 
0.000000 0.000000 0.000000 0.000000 0.000000 0.000000 0.000000 0.000000 0.000000 0.000000 0.000000 0.000000 0.000000 0.000000 0.000000 0.000000 0.000000 0.000000 0.000000 0.000000 0.000000 0.000000 0.000000 0.000000 0.000000 0.000000 0.000000 0.000000 0.000000 0.000000 0.000001 0.000001 0.000001 0.000002 0.000003 0.000004 0.000005 0.000007 0.000009 0.000012 0.000015 0.000018 0.000022 0.000026 0.000031 0.000035 0.000038 0.000041 0.000044 0.000045 0.000046 0.000045 0.000044 0.000041 0.000038 0.000035 0.000031 0.000026 0.000022 0.000018 0.000015 0.000012 0.000009 0.000007 0.000005 0.000004 0.000003 0.000002 0.000001 0.000001 0.000001 0.000000 0.000000 0.000000 0.000000 0.000000 0.000000 0.000000 0.000000 0.000000 0.000000 0.000000 0.000000 0.000000 0.000000 0.000000 0.000000 0.000000 0.000000 0.000000 0.000000 0.000000 0.000000 0.000000 0.000000 0.000000 0.000000 0.000000 0.000000 0.000000 
0.000000 0.000000 0.000000 0.000000 0.000000 0.000000 0.000000 0.000000 0.000000 0.000000 0.000000 0.000000 0.000000 0.000000 0.000000 0.000000 0.000000 0.000000 0.000000 0.000000 0.000000 0.000000 0.000000 0.000000 0.000000 0.000000 0.000000 0.000000 0.000000 0.000001 0.000001 0.000002 0.000003 0.000004 0.000006 0.000008 0.000011 0.000015 0.000020 0.000026 0.000033 0.000040 0.000049 0.000058 0.000067 0.000076 0.000084 0.000091 0.000096 0.000100 0.000101 0.000100 0.000096 0.000091 0.000084 0.000076 0.000067 0.000058 0.000049 0.000040 0.000033 0.000026 0.000020 0.000015 0.000011 0.000008 0.000006 0.000004 0.000003 0.000002 0.000001 0.000001 0.000000 0.000000 0.000000 0.000000 0.000000 0.000000 0.000000 0.000000 0.000000 0.000000 0.000000 0.000000 0.000000 0.000000 0.000000 0.000000 0.000000 0.000000 0.000000 0.000000 0.000000 0.000000 0.000000 0.000000 0.000000 0.000000 0.000000 0.000000 
0.000000 0.000000 0.000000 0.000000 0.000000 0.000000 0.000000 0.000000 0.000000 0.000000 0.000000 0.000000 0.000000 0.000000 0.000000 0.000000 0.000000 0.000000 0.000000 0.000000 0.000000 0.000000 0.000000 0.000000 0.000000 0.000000 0.000000 0.000001 0.000001 0.000002 0.000002 0.000004 0.000006 0.000009 0.000012 0.000017 0.000024 0.000033 0.000043 0.000056 0.000071 0.000087 0.000106 0.000125 0.000145 0.000164 0.000181 0.000196 0.000207 0.000215 0.000217 0.000215 0.000207 0.000196 0.000181 0.000164 0.000145 0.000125 0.000106 0.000087 0.000071 0.000056 0.000043 0.000033 0.000024 0.000017 0.000012 0.000009 0.000006 0.000004 0.000002 0.000002 0.000001 0.000001 0.000000 0.000000 0.000000 0.000000 0.000000 0.000000 0.000000 0.000000 0.000000 0.000000 0.000000 0.000000 0.000000 0.000000 0.000000 0.000000 0.000000 0.000000 0.000000 0.000000 0.000000 0.000000 0.000000 0.000000 0.000000 0.000000 
0.000000 0.000000 0.000000 0.000000 0.000000 0.000000 0.000000 0.000000 0.000000 0.000000 0.000000 0.000000 0.000000 0.000000 0.000000 0.000000 0.000000 0.000000 0.000000 0.000000 0.000000 0.000000 0.000000 0.000000 0.000000 0.000000 0.000001 0.000001 0.000002 0.000003 0.000005 0.000008 0.000012 0.000018 0.000026 0.000037 0.000051 0.000069 0.000091 0.000118 0.000149 0.000185 0.000224 0.000265 0.000306 0.000346 0.000383 0.000414 0.000438 0.000453 0.000458 0.000453 0.000438 0.000414 0.000383 0.000346 0.000306 0.000265 0.000224 0.000185 0.000149 0.000118 0.000091 0.000069 0.000051 0.000037 0.000026 0.000018 0.000012 0.000008 0.000005 0.000003 0.000002 0.000001 0.000001 0.000000 0.000000 0.000000 0.000000 0.000000 0.000000 0.000000 0.000000 0.000000 0.000000 0.000000 0.000000 0.000000 0.000000 0.000000 0.000000 0.000000 0.000000 0.000000 0.000000 0.000000 0.000000 0.000000 0.000000 0.000000 
0.000000 0.000000 0.000000 0.000000 0.000000 0.000000 0.000000 0.000000 0.000000 0.000000 0.000000 0.000000 0.000000 0.000000 0.000000 0.000000 0.000000 0.000000 0.000000 0.000000 0.000000 0.000000 0.000000 0.000000 0.000001 0.000001 0.000002 0.000003 0.000004 0.000007 0.000011 0.000017 0.000026 0.000038 0.000055 0.000077 0.000107 0.000144 0.000190 0.000246 0.000311 0.000384 0.000464 0.000549 0.000635 0.000718 0.000794 0.000859 0.000908 0.000939 0.000950 0.000939 0.000908 0.000859 0.000794 0.000718 0.000635 0.000549 0.000464 0.000384 0.000311 0.000246 0.000190 0.000144 0.000107 0.000077 0.000055 0.000038 0.000026 0.000017 0.000011 0.000007 0.000004 0.000003 0.000002 0.000001 0.000001 0.000000 0.000000 0.000000 0.000000 0.000000 0.000000 0.000000 0.000000 0.000000 0.000000 0.000000 0.000000 0.000000 0.000000 0.000000 0.000000 0.000000 0.000000 0.000000 0.000000 0.000000 0.000000 0.000000 
0.000000 0.000000 0.000000 0.000000 0.000000 0.000000 0.000000 0.000000 0.000000 0.000000 0.000000 0.000000 0.000000 0.000000 0.000000 0.000000 0.000000 0.000000 0.000000 0.000000 0.000000 0.000000 0.000000 0.000001 0.000001 0.000002 0.000003 0.000006 0.000009 0.000015 0.000023 0.000035 0.000053 0.000078 0.000112 0.000158 0.000218 0.000294 0.000388 0.000501 0.000633 0.000782 0.000945 0.001117 0.001292 0.001460 0.001614 0.001745 0.001846 0.001908 0.001930 0.001908 0.001846 0.001745 0.001614 0.001460 0.001292 0.001117 0.000945 0.000782 0.000633 0.000501 0.000388 0.000294 0.000218 0.000158 0.000112 0.000078 0.000053 0.000035 0.000023 0.000015 0.000009 0.000006 0.000003 0.000002 0.000001 0.000001 0.000000 0.000000 0.000000 0.000000 0.000000 0.000000 0.000000 0.000000 0.000000 0.000000 0.000000 0.000000 0.000000 0.000000 0.000000 0.000000 0.000000 0.000000 0.000000 0.000000 0.000000 0.000000 
0.000000 0.000000 0.000000 0.000000 0.000000 0.000000 0.000000 0.000000 0.000000 0.000000 0.000000 0.000000 0.000000 0.000000 0.000000 0.000000 0.000000 0.000000 0.000000 0.000000 0.000000 0.000000 0.000001 0.000001 0.000002 0.000004 0.000007 0.000011 0.000018 0.000029 0.000046 0.000071 0.000106 0.000156 0.000225 0.000317 0.000437 0.000589 0.000777 0.001003 0.001266 0.001563 0.001888 0.002230 0.002577 0.002912 0.003219 0.003480 0.003679 0.003804 0.003846 0.003804 0.003679 0.003480 0.003219 0.002912 0.002577 0.002230 0.001888 0.001563 0.001266 0.001003 0.000777 0.000589 0.000437 0.000317 0.000225 0.000156 0.000106 0.000071 0.000046 0.000029 0.000018 0.000011 0.000007 0.000004 0.000002 0.000001 0.000001 0.000000 0.000000 0.000000 0.000000 0.000000 0.000000 0.000000 0.000000 0.000000 0.000000 0.000000 0.000000 0.000000 0.000000 0.000000 0.000000 0.000000 0.000000 0.000000 0.000000 0.000000 
0.000000 0.000000 0.000000 0.000000 0.000000 0.000000 0.000000 0.000000 0.000000 0.000000 0.000000 0.000000 0.000000 0.000000 0.000000 0.000000 0.000000 0.000000 0.000000 0.000000 0.000000 0.000001 0.000001 0.000003 0.000004 0.000008 0.000013 0.000022 0.000036 0.000058 0.000091 0.000140 0.000210 0.000309 0.000444 0.000624 0.000859 0.001158 0.001526 0.001968 0.002482 0.003063 0.003697 0.004366 0.005043 0.005697 0.006295 0.006803 0.007192 0.007435 0.007518 0.007435 0.007192 0.006803 0.006295 0.005697 0.005043 0.004366 0.003697 0.003063 0.002482 0.001968 0.001526 0.001158 0.000859 0.000624 0.000444 0.000309 0.000210 0.000140 0.000091 0.000058 0.000036 0.000022 0.000013 0.000008 0.000004 0.000003 0.000001 0.000001 0.000000 0.000000 0.000000 0.000000 0.000000 0.000000 0.000000 0.000000 0.000000 0.000000 0.000000 0.000000 0.000000 0.000000 0.000000 0.000000 0.000000 0.000000 0.000000 0.000000 
0.000000 0.000000 0.000000 0.000000 0.000000 0.000000 0.000000 0.000000 0.000000 0.000000 0.000000 0.000000 0.000000 0.000000 0.000000 0.000000 0.000000 0.000000 0.000000 0.000000 0.000001 0.000001 0.000003 0.000005 0.000009 0.000015 0.000026 0.000043 0.000071 0.000113 0.000177 0.000271 0.000406 0.000596 0.000857 0.001204 0.001657 0.002230 0.002937 0.003785 0.004771 0.005885 0.007100 0.008380 0.009675 0.010927 0.012071 0.013043 0.013786 0.014251 0.014410 0.014251 0.013786 0.013043 0.012071 0.010927 0.009675 0.008380 0.007100 0.005885 0.004771 0.003785 0.002937 0.002230 0.001657 0.001204 0.000857 0.000596 0.000406 0.000271 0.000177 0.000113 0.000071 0.000043 0.000026 0.000015 0.000009 0.000005 0.000003 0.000001 0.000001 0.000000 0.000000 0.000000 0.000000 0.000000 0.000000 0.000000 0.000000 0.000000 0.000000 0.000000 0.000000 0.000000 0.000000 0.000000 0.000000 0.000000 0.000000 0.000000 
0.000000 0.000000 0.000000 0.000000 0.000000 0.000000 0.000000 0.000000 0.000000 0.000000 0.000000 0.000000 0.000000 0.000000 0.000000 0.000000 0.000000 0.000000 0.000000 0.000001 0.000001 0.000003 0.000005 0.000009 0.000017 0.000029 0.000049 0.000082 0.000135 0.000215 0.000336 0.000514 0.000770 0.001130 0.001621 0.002278 0.003131 0.004211 0.005542 0.007137 0.008992 0.011085 0.013368 0.015771 0.018202 0.020550 0.022696 0.024519 0.025911 0.026783 0.027081 0.026783 0.025911 0.024519 0.022696 0.020550 0.018202 0.015771 0.013368 0.011085 0.008992 0.007137 0.005542 0.004211 0.003131 0.002278 0.001621 0.001130 0.000770 0.000514 0.000336 0.000215 0.000135 0.000082 0.000049 0.000029 0.000017 0.000009 0.000005 0.000003 0.000001 0.000001 0.000000 0.000000 0.000000 0.000000 0.000000 0.000000 0.000000 0.000000 0.000000 0.000000 0.000000 0.000000 0.000000 0.000000 0.000000 0.000000 0.000000 0.000000 
0.000000 0.000000 0.000000 0.000000 0.000000 0.000000 0.000000 0.000000 0.000000 0.000000 0.000000 0.000000 0.000000 0.000000 0.000000 0.000000 0.000000 0.000000 0.000001 0.000001 0.000003 0.000005 0.000010 0.000018 0.000031 0.000055 0.000093 0.000154 0.000251 0.000401 0.000626 0.000957 0.001432 0.002098 0.003009 0.004222 0.005799 0.007795 0.010252 0.013194 0.016614 0.020470 0.024674 0.029098 0.033572 0.037891 0.041838 0.045190 0.047748 0.049352 0.049898 0.049352 0.047748 0.045190 0.041838 0.037891 0.033572 0.029098 0.024674 0.020470 0.016614 0.013194 0.010252 0.007795 0.005799 0.004222 0.003009 0.002098 0.001432 0.000957 0.000626 0.000401 0.000251 0.000154 0.000093 0.000055 0.000031 0.000018 0.000010 0.000005 0.000003 0.000001 0.000001 0.000000 0.000000 0.000000 0.000000 0.000000 0.000000 0.000000 0.000000 0.000000 0.000000 0.000000 0.000000 0.000000 0.000000 0.000000 0.000000 0.000000 
0.000000 0.000000 0.000000 0.000000 0.000000 0.000000 0.000000 0.000000 0.000000 0.000000 0.000000 0.000000 0.000000 0.000000 0.000000 0.000000 0.000000 0.000001 0.000001 0.000003 0.000005 0.000010 0.000018 0.000033 0.000058 0.000100 0.000170 0.000282 0.000459 0.000732 0.001142 0.001745 0.002609 0.003819 0.005472 0.007673 0.010531 0.014144 0.018590 0.023910 0.030092 0.037056 0.044647 0.052632 0.060701 0.068492 0.075607 0.081649 0.086260 0.089150 0.090135 0.089150 0.086260 0.081649 0.075607 0.068492 0.060701 0.052632 0.044647 0.037056 0.030092 0.023910 0.018590 0.014144 0.010531 0.007673 0.005472 0.003819 0.002609 0.001745 0.001142 0.000732 0.000459 0.000282 0.000170 0.000100 0.000058 0.000033 0.000018 0.000010 0.000005 0.000003 0.000001 0.000001 0.000000 0.000000 0.000000 0.000000 0.000000 0.000000 0.000000 0.000000 0.000000 0.000000 0.000000 0.000000 0.000000 0.000000 0.000000 0.000000 
0.000000 0.000000 0.000000 0.000000 0.000000 0.000000 0.000000 0.000000 0.000000 0.000000 0.000000 0.000000 0.000000 0.000000 0.000000 0.000000 0.000001 0.000001 0.000003 0.000005 0.000009 0.000018 0.000033 0.000059 0.000104 0.000180 0.000305 0.000507 0.000824 0.001311 0.002044 0.003118 0.004659 0.006813 0.009753 0.013665 0.018741 0.025154 0.033040 0.042471 0.053422 0.065754 0.079190 0.093316 0.107588 0.121362 0.133937 0.144615 0.152761 0.157868 0.159608 0.157868 0.152761 0.144615 0.133937 0.121362 0.107588 0.093316 0.079190 0.065754 0.053422 0.042471 0.033040 0.025154 0.018741 0.013665 0.009753 0.006813 0.004659 0.003118 0.002044 0.001311 0.000824 0.000507 0.000305 0.000180 0.000104 0.000059 0.000033 0.000018 0.000009 0.000005 0.000003 0.000001 0.000001 0.000000 0.000000 0.000000 0.000000 0.000000 0.000000 0.000000 0.000000 0.000000 0.000000 0.000000 0.000000 0.000000 0.000000 0.000000 
0.000000 0.000000 0.000000 0.000000 0.000000 0.000000 0.000000 0.000000 0.000000 0.000000 0.000000 0.000000 0.000000 0.000000 0.000000 0.000001 0.000001 0.000002 0.000004 0.000009 0.000017 0.000031 0.000058 0.000104 0.000184 0.000317 0.000537 0.000891 0.001447 0.002301 0.003582 0.005461 0.008151 0.011910 0.017035 0.023851 0.032687 0.043843 0.057553 0.073938 0.092955 0.114359 0.137669 0.162166 0.186908 0.210779 0.232569 0.251066 0.265176 0.274020 0.277034 0.274020 0.265176 0.251066 0.232569 0.210779 0.186908 0.162166 0.137669 0.114359 0.092955 0.073938 0.057553 0.043843 0.032687 0.023851 0.017035 0.011910 0.008151 0.005461 0.003582 0.002301 0.001447 0.000891 0.000537 0.000317 0.000184 0.000104 0.000058 0.000031 0.000017 0.000009 0.000004 0.000002 0.000001 0.000001 0.000000 0.000000 0.000000 0.000000 0.000000 0.000000 0.000000 0.000000 0.000000 0.000000 0.000000 0.000000 0.000000 0.000000 
0.000000 0.000000 0.000000 0.000000 0.000000 0.000000 0.000000 0.000000 0.000000 0.000000 0.000000 0.000000 0.000000 0.000000 0.000000 0.000001 0.000002 0.000004 0.000008 0.000015 0.000029 0.000055 0.000100 0.000180 0.000317 0.000548 0.000927 0.001535 0.002490 0.003955 0.006152 0.009370 0.013974 0.020401 0.029158 0.040794 0.055867 0.074887 0.098247 0.126149 0.158516 0.194926 0.234564 0.276203 0.318245 0.358796 0.395802 0.427211 0.451165 0.466180 0.471295 0.466180 0.451165 0.427211 0.395802 0.358796 0.318245 0.276203 0.234564 0.194926 0.158516 0.126149 0.098247 0.074887 0.055867 0.040794 0.029158 0.020401 0.013974 0.009370 0.006152 0.003955 0.002490 0.001535 0.000927 0.000548 0.000317 0.000180 0.000100 0.000055 0.000029 0.000015 0.000008 0.000004 0.000002 0.000001 0.000000 0.000000 0.000000 0.000000 0.000000 0.000000 0.000000 0.000000 0.000000 0.000000 0.000000 0.000000 0.000000 0.000000 
0.000000 0.000000 0.000000 0.000000 0.000000 0.000000 0.000000 0.000000 0.000000 0.000000 0.000000 0.000000 0.000000 0.000000 0.000001 0.000002 0.000003 0.000007 0.000013 0.000026 0.000049 0.000093 0.000170 0.000305 0.000537 0.000927 0.001565 0.002590 0.004197 0.006661 0.010351 0.015752 0.023471 0.034240 0.048900 0.068367 0.093566 0.125343 0.164349 0.210911 0.264899 0.325603 0.391661 0.461029 0.531046 0.598560 0.660157 0.712430 0.752290 0.777273 0.785784 0.777273 0.752290 0.712430 0.660157 0.598560 0.531046 0.461029 0.391661 0.325603 0.264899 0.210911 0.164349 0.125343 0.093566 0.068367 0.048900 0.034240 0.023471 0.015752 0.010351 0.006661 0.004197 0.002590 0.001565 0.000927 0.000537 0.000305 0.000170 0.000093 0.000049 0.000026 0.000013 0.000007 0.000003 0.000002 0.000001 0.000000 0.000000 0.000000 0.000000 0.000000 0.000000 0.000000 0.000000 0.000000 0.000000 0.000000 0.000000 0.000000 
0.000000 0.000000 0.000000 0.000000 0.000000 0.000000 0.000000 0.000000 0.000000 0.000000 0.000000 0.000000 0.000000 0.000001 0.000001 0.000003 0.000006 0.000011 0.000022 0.000043 0.000082 0.000154 0.000282 0.000507 0.000891 0.001535 0.002590 0.004281 0.006931 0.010989 0.017062 0.025943 0.038623 0.056301 0.080349 0.112260 0.153540 0.205562 0.269384 0.345530 0.433776 0.532958 0.640842 0.754095 0.868370 0.978533 1.079017 1.164275 1.229281 1.270019 1.283897 1.270019 1.229281 1.164275 1.079017 0.978533 0.868370 0.754095 0.640842 0.532958 0.433776 0.345530 0.269384 0.205562 0.153540 0.112260 0.080349 0.056301 0.038623 0.025943 0.017062 0.010989 0.006931 0.004281 0.002590 0.001535 0.000891 0.000507 0.000282 0.000154 0.000082 0.000043 0.000022 0.000011 0.000006 0.000003 0.000001 0.000001 0.000000 0.000000 0.000000 0.000000 0.000000 0.000000 0.000000 0.000000 0.000000 0.000000 0.000000 0.000000 
0.000000 0.000000 0.000000 0.000000 0.000000 0.000000 0.000000 0.000000 0.000000 0.000000 0.000000 0.000000 0.000000 0.000001 0.000002 0.000004 0.000009 0.000018 0.000036 0.000071 0.000135 0.000251 0.000459 0.000824 0.001447 0.002490 0.004197 0.006931 0.011210 0.017757 0.027548 0.041853 0.062262 0.090692 0.129342 0.180593 0.246849 0.330299 0.432621 0.554639 0.695981 0.854772 1.027431 1.208620 1.391389 1.567538 1.728177 1.864451 1.968341 2.033442 2.055619 2.033442 1.968341 1.864451 1.728177 1.567538 1.391389 1.208620 1.027431 0.854772 0.695981 0.554639 0.432621 0.330299 0.246849 0.180593 0.129342 0.090692 0.062262 0.041853 0.027548 0.017757 0.011210 0.006931 0.004197 0.002490 0.001447 0.000824 0.000459 0.000251 0.000135 0.000071 0.000036 0.000018 0.000009 0.000004 0.000002 0.000001 0.000000 0.000000 0.000000 0.000000 0.000000 0.000000 0.000000 0.000000 0.000000 0.000000 0.000000 0.000000 
0.000000 0.000000 0.000000 0.000000 0.000000 0.000000 0.000000 0.000000 0.000000 0.000000 0.000000 0.000000 0.000001 0.000002 0.000003 0.000007 0.000015 0.000029 0.000058 0.000113 0.000215 0.000401 0.000732 0.001311 0.002301 0.003955 0.006661 0.010989 0.017757 0.028106 0.043567 0.066137 0.098316 0.143110 0.203962 0.284604 0.388793 0.519946 0.680675 0.872251 1.094068 1.343167 1.613924 1.897965 2.184403 2.460397 2.712040 2.925480 3.088178 3.190122 3.224848 3.190122 3.088178 2.925480 2.712040 2.460397 2.184403 1.897965 1.613924 1.343167 1.094068 0.872251 0.680675 0.519946 0.388793 0.284604 0.203962 0.143110 0.098316 0.066137 0.043567 0.028106 0.017757 0.010989 0.006661 0.003955 0.002301 0.001311 0.000732 0.000401 0.000215 0.000113 0.000058 0.000029 0.000015 0.000007 0.000003 0.000002 0.000001 0.000000 0.000000 0.000000 0.000000 0.000000 0.000000 0.000000 0.000000 0.000000 0.000000 0.000000 
0.000000 0.000000 0.000000 0.000000 0.000000 0.000000 0.000000 0.000000 0.000000 0.000000 0.000000 0.000001 0.000001 0.000002 0.000005 0.000011 0.000023 0.000046 0.000091 0.000177 0.000336 0.000626 0.001142 0.002044 0.003582 0.006152 0.010351 0.017062 0.027548 0.043567 0.067482 0.102365 0.152063 0.221196 0.315052 0.439355 0.599863 0.801802 1.049155 1.343844 1.684905 2.067769 2.483775 2.920057 3.359902 3.783612 4.169861 4.497423 4.747084 4.903504 4.956785 4.903504 4.747084 4.497423 4.169861 3.783612 3.359902 2.920057 2.483775 2.067769 1.684905 1.343844 1.049155 0.801802 0.599863 0.439355 0.315052 0.221196 0.152063 0.102365 0.067482 0.043567 0.027548 0.017062 0.010351 0.006152 0.003582 0.002044 0.001142 0.000626 0.000336 0.000177 0.000091 0.000046 0.000023 0.000011 0.000005 0.000002 0.000001 0.000001 0.000000 0.000000 0.000000 0.000000 0.000000 0.000000 0.000000 0.000000 0.000000 0.000000 
0.000000 0.000000 0.000000 0.000000 0.000000 0.000000 0.000000 0.000000 0.000000 0.000000 0.000000 0.000001 0.000002 0.000004 0.000008 0.000017 0.000035 0.000071 0.000140 0.000271 0.000514 0.000957 0.001745 0.003118 0.005461 0.009370 0.015752 0.025943 0.041853 0.066137 0.102365 0.155170 0.230351 0.334862 0.476661 0.664351 0.906573 1.211165 1.584078 2.028161 2.541919 3.118433 3.744645 4.401186 5.062918 5.700234 6.281098 6.773632 7.148988 7.384144 7.464241 7.384144 7.148988 6.773632 6.281098 5.700234 5.062918 4.401186 3.744645 3.118433 2.541919 2.028161 1.584078 1.211165 0.906573 0.664351 0.476661 0.334862 0.230351 0.155170 0.102365 0.066137 0.041853 0.025943 0.015752 0.009370 0.005461 0.003118 0.001745 0.000957 0.000514 0.000271 0.000140 0.000071 0.000035 0.000017 0.000008 0.000004 0.000002 0.000001 0.000000 0.000000 0.000000 0.000000 0.000000 0.000000 0.000000 0.000000 0.000000 0.000000 
0.000000 0.000000 0.000000 0.000000 0.000000 0.000000 0.000000 0.000000 0.000000 0.000000 0.000001 0.000001 0.000003 0.000006 0.000012 0.000026 0.000053 0.000106 0.000210 0.000406 0.000770 0.001432 0.002609 0.004659 0.008151 0.013974 0.023471 0.038623 0.062262 0.098316 0.152063 0.230351 0.341737 0.496484 0.706320 0.983910 1.341968 1.792002 2.342733 2.998295 3.756421 4.606857 5.530314 6.498227 7.473553 8.412695 9.268500 9.994064 10.546954 10.893307 11.011275 10.893307 10.546954 9.994064 9.268500 8.412695 7.473553 6.498227 5.530314 4.606857 3.756421 2.998295 2.342733 1.792002 1.341968 0.983910 0.706320 0.496484 0.341737 0.230351 0.152063 0.098316 0.062262 0.038623 0.023471 0.013974 0.008151 0.004659 0.002609 0.001432 0.000770 0.000406 0.000210 0.000106 0.000053 0.000026 0.000012 0.000006 0.000003 0.000001 0.000001 0.000000 0.000000 0.000000 0.000000 0.000000 0.000000 0.000000 0.000000 0.000000 
0.000000 0.000000 0.000000 0.000000 0.000000 0.000000 0.000000 0.000000 0.000000 0.000000 0.000001 0.000002 0.000004 0.000009 0.000018 0.000038 0.000078 0.000156 0.000309 0.000596 0.001130 0.002098 0.003819 0.006813 0.011910 0.020401 0.034240 0.056301 0.090692 0.143110 0.221196 0.334862 0.496484 0.720891 1.025015 1.427127 1.945548 2.596839 3.393518 4.341469 5.437331 6.666220 8.000228 9.398085 10.806321 12.162044 13.397259 14.444353 15.242172 15.741927 15.912138 15.741927 15.242172 14.444353 13.397259 12.162044 10.806321 9.398085 8.000228 6.666220 5.437331 4.341469 3.393518 2.596839 1.945548 1.427127 1.025015 0.720891 0.496484 0.334862 0.221196 0.143110 0.090692 0.056301 0.034240 0.020401 0.011910 0.006813 0.003819 0.002098 0.001130 0.000596 0.000309 0.000156 0.000078 0.000038 0.000018 0.000009 0.000004 0.000002 0.000001 0.000000 0.000000 0.000000 0.000000 0.000000 0.000000 0.000000 0.000000 0.000000 
0.000000 0.000000 0.000000 0.000000 0.000000 0.000000 0.000000 0.000000 0.000000 0.000000 0.000001 0.000003 0.000006 0.000012 0.000026 0.000055 0.000112 0.000225 0.000444 0.000857 0.001621 0.003009 0.005472 0.009753 0.017035 0.029158 0.048900 0.080349 0.129342 0.203962 0.315052 0.476661 0.706320 1.025015 1.456697 2.027181 2.762332 3.685501 4.814292 6.156915 7.708497 9.447885 11.335528 13.313026 15.304770 17.221882 18.968310 20.448576 21.576339 22.282727 22.523307 22.282727 21.576339 20.448576 18.968310 17.221882 15.304770 13.313026 11.335528 9.447885 7.708497 6.156915 4.814292 3.685501 2.762332 2.027181 1.456697 1.025015 0.706320 0.476661 0.315052 0.203962 0.129342 0.080349 0.048900 0.029158 0.017035 0.009753 0.005472 0.003009 0.001621 0.000857 0.000444 0.000225 0.000112 0.000055 0.000026 0.000012 0.000006 0.000003 0.000001 0.000000 0.000000 0.000000 0.000000 0.000000 0.000000 0.000000 0.000000 0.000000 
0.000000 0.000000 0.000000 0.000000 0.000000 0.000000 0.000000 0.000000 0.000000 0.000001 0.000002 0.000004 0.000008 0.000017 0.000037 0.000077 0.000158 0.000317 0.000624 0.001204 0.002278 0.004222 0.007673 0.013665 0.023851 0.040794 0.068367 0.112260 0.180593 0.284604 0.439355 0.664351 0.983910 1.427127 2.027181 2.819805 3.840771 5.122328 6.688736 8.551222 10.702883 13.114276 15.730511 18.470638 21.229936 23.885372 26.304034 28.353841 29.915380 30.893410 31.226496 30.893410 29.915380 28.353841 26.304034 23.885372 21.229936 18.470638 15.730511 13.114276 10.702883 8.551222 6.688736 5.122328 3.840771 2.819805 2.027181 1.427127 0.983910 0.664351 0.439355 0.284604 0.180593 0.112260 0.068367 0.040794 0.023851 0.013665 0.007673 0.004222 0.002278 0.001204 0.000624 0.000317 0.000158 0.000077 0.000037 0.000017 0.000008 0.000004 0.000002 0.000001 0.000000 0.000000 0.000000 0.000000 0.000000 0.000000 0.000000 0.000000 
0.000000 0.000000 0.000000 0.000000 0.000000 0.000000 0.000000 0.000000 0.000000 0.000001 0.000002 0.000005 0.000011 0.000024 0.000051 0.000107 0.000218 0.000437 0.000859 0.001657 0.003131 0.005799 0.010531 0.018741 0.032687 0.055867 0.093566 0.153540 0.246849 0.388793 0.599863 0.906573 1.341968 1.945548 2.762332 3.840771 5.229321 6.971614 9.100410 11.630751 14.553077 17.827265 21.378707 25.097508 28.841605 32.444177 35.725069 38.505306 40.623110 41.949469 42.401172 41.949469 40.623110 38.505306 35.725069 32.444177 28.841605 25.097508 21.378707 17.827265 14.553077 11.630751 9.100410 6.971614 5.229321 3.840771 2.762332 1.945548 1.341968 0.906573 0.599863 0.388793 0.246849 0.153540 0.093566 0.055867 0.032687 0.018741 0.010531 0.005799 0.003131 0.001657 0.000859 0.000437 0.000218 0.000107 0.000051 0.000024 0.000011 0.000005 0.000002 0.000001 0.000000 0.000000 0.000000 0.000000 0.000000 0.000000 0.000000 0.000000 
0.000000 0.000000 0.000000 0.000000 0.000000 0.000000 0.000000 0.000000 0.000001 0.000001 0.000003 0.000007 0.000015 0.000033 0.000069 0.000144 0.000294 0.000589 0.001158 0.002230 0.004211 0.007795 0.014144 0.025154 0.043843 0.074887 0.125343 0.205562 0.330299 0.519946 0.801802 1.211165 1.792002 2.596839 3.685501 5.122328 6.971614 9.291193 12.124396 15.490981 19.378002 23.731921 28.453437 33.396435 38.372163 43.159070 47.517987 51.211365 54.024522 55.786284 56.386252 55.786284 54.024522 51.211365 47.517987 43.159070 38.372163 33.396435 28.453437 23.731921 19.378002 15.490981 12.124396 9.291193 6.971614 5.122328 3.685501 2.596839 1.792002 1.211165 0.801802 0.519946 0.330299 0.205562 0.125343 0.074887 0.043843 0.025154 0.014144 0.007795 0.004211 0.002230 0.001158 0.000589 0.000294 0.000144 0.000069 0.000033 0.000015 0.000007 0.000003 0.000001 0.000001 0.000000 0.000000 0.000000 0.000000 0.000000 0.000000 0.000000 
0.000000 0.000000 0.000000 0.000000 0.000000 0.000000 0.000000 0.000000 0.000001 0.000002 0.000004 0.000009 0.000020 0.000043 0.000091 0.000190 0.000388 0.000777 0.001526 0.002937 0.005542 0.010252 0.018590 0.033040 0.057553 0.098247 0.164349 0.269384 0.432621 0.680675 1.049155 1.584078 2.342733 3.393518 4.814292 6.688736 9.100410 12.124396 15.816847 20.203194 25.266300 30.936226 37.083542 43.517999 49.993980 56.223320 61.895026 66.700293 70.360088 72.651953 73.432429 72.651953 70.360088 66.700293 61.895026 56.223320 49.993980 43.517999 37.083542 30.936226 25.266300 20.203194 15.816847 12.124396 9.100410 6.688736 4.814292 3.393518 2.342733 1.584078 1.049155 0.680675 0.432621 0.269384 0.164349 0.098247 0.057553 0.033040 0.018590 0.010252 0.005542 0.002937 0.001526 0.000777 0.000388 0.000190 0.000091 0.000043 0.000020 0.000009 0.000004 0.000002 0.000001 0.000000 0.000000 0.000000 0.000000 0.000000 0.000000 0.000000 
0.000000 0.000000 0.000000 0.000000 0.000000 0.000000 0.000000 0.000000 0.000001 0.000002 0.000005 0.000012 0.000026 0.000056 0.000118 0.000246 0.000501 0.001003 0.001968 0.003785 0.007137 0.013194 0.023910 0.042471 0.073938 0.126149 0.210911 0.345530 0.554639 0.872251 1.343844 2.028161 2.998295 4.341469 6.156915 8.551222 11.630751 15.490981 20.203194 25.799475 32.257640 39.488244 47.326095 55.528616 63.782804 71.721580 78.948907 85.071610 89.734486 92.654380 93.648704 92.654380 89.734486 85.071610 78.948907 71.721580 63.782804 55.528616 47.326095 39.488244 32.257640 25.799475 20.203194 15.490981 11.630751 8.551222 6.156915 4.341469 2.998295 2.028161 1.343844 0.872251 0.554639 0.345530 0.210911 0.126149 0.073938 0.042471 0.023910 0.013194 0.007137 0.003785 0.001968 0.001003 0.000501 0.000246 0.000118 0.000056 0.000026 0.000012 0.000005 0.000002 0.000001 0.000000 0.000000 0.000000 0.000000 0.000000 0.000000 0.000000 
0.000000 0.000000 0.000000 0.000000 0.000000 0.000000 0.000000 0.000001 0.000001 0.000003 0.000007 0.000015 0.000033 0.000071 0.000149 0.000311 0.000633 0.001266 0.002482 0.004771 0.008992 0.016614 0.030092 0.053422 0.092955 0.158516 0.264899 0.433776 0.695981 1.094068 1.684905 2.541919 3.756421 5.437331 7.708497 10.702883 14.553077 19.378002 25.266300 32.257640 40.323945 49.353227 59.139054 69.378541 79.681081 89.588745 98.607608 106.247417 112.065326 115.708357 116.948908 115.708357 112.065326 106.247417 98.607608 89.588745 79.681081 69.378541 59.139054 49.353227 40.323945 32.257640 25.266300 19.378002 14.553077 10.702883 7.708497 5.437331 3.756421 2.541919 1.684905 1.094068 0.695981 0.433776 0.264899 0.158516 0.092955 0.053422 0.030092 0.016614 0.008992 0.004771 0.002482 0.001266 0.000633 0.000311 0.000149 0.000071 0.000033 0.000015 0.000007 0.000003 0.000001 0.000001 0.000000 0.000000 0.000000 0.000000 0.000000 0.000000 
0.000000 0.000000 0.000000 0.000000 0.000000 0.000000 0.000000 0.000001 0.000002 0.000004 0.000008 0.000018 0.000040 0.000087 0.000185 0.000384 0.000782 0.001563 0.003063 0.005885 0.011085 0.020470 0.037056 0.065754 0.114359 0.194926 0.325603 0.532958 0.854772 1.343167 2.067769 3.118433 4.606857 6.666220 9.447885 13.114276 17.827265 23.731921 30.936226 39.488244 49.353227 60.393920 72.357738 84.874370 97.466477 109.574634 120.595586 129.930669 137.039186 141.490201 143.005866 141.490201 137.039186 129.930669 120.595586 109.574634 97.466477 84.874370 72.357738 60.393920 49.353227 39.488244 30.936226 23.731921 17.827265 13.114276 9.447885 6.666220 4.606857 3.118433 2.067769 1.343167 0.854772 0.532958 0.325603 0.194926 0.114359 0.065754 0.037056 0.020470 0.011085 0.005885 0.003063 0.001563 0.000782 0.000384 0.000185 0.000087 0.000040 0.000018 0.000008 0.000004 0.000002 0.000001 0.000000 0.000000 0.000000 0.000000 0.000000 0.000000 
0.000000 0.000000 0.000000 0.000000 0.000000 0.000000 0.000000 0.000001 0.000002 0.000004 0.000010 0.000022 0.000049 0.000106 0.000224 0.000464 0.000945 0.001888 0.003697 0.007100 0.013368 0.024674 0.044647 0.079190 0.137669 0.234564 0.391661 0.640842 1.027431 1.613924 2.483775 3.744645 5.530314 8.000228 11.335528 15.730511 21.378707 28.453437 37.083542 47.326095 59.139054 72.357738 86.679560 101.661206 116.731477 131.221140 144.408689 155.578218 164.083220 169.408474 171.221806 169.408474 164.083220 155.578218 144.408689 131.221140 116.731477 101.661206 86.679560 72.357738 59.139054 47.326095 37.083542 28.453437 21.378707 15.730511 11.335528 8.000228 5.530314 3.744645 2.483775 1.613924 1.027431 0.640842 0.391661 0.234564 0.137669 0.079190 0.044647 0.024674 0.013368 0.007100 0.003697 0.001888 0.000945 0.000464 0.000224 0.000106 0.000049 0.000022 0.000010 0.000004 0.000002 0.000001 0.000000 0.000000 0.000000 0.000000 0.000000 0.000000 
0.000000 0.000000 0.000000 0.000000 0.000000 0.000000 0.000000 0.000001 0.000002 0.000005 0.000012 0.000026 0.000058 0.000125 0.000265 0.000549 0.001117 0.002230 0.004366 0.008380 0.015771 0.029098 0.052632 0.093316 0.162166 0.276203 0.461029 0.754095 1.208620 1.897965 2.920057 4.401186 6.498227 9.398085 13.313026 18.470638 25.097508 33.396435 43.517999 55.528616 69.378541 84.874370 101.661206 119.219418 136.879723 153.858172 169.309740 182.396086 192.360213 198.598892 200.723229 198.598892 192.360213 182.396086 169.309740 153.858172 136.879723 119.219418 101.661206 84.874370 69.378541 55.528616 43.517999 33.396435 25.097508 18.470638 13.313026 9.398085 6.498227 4.401186 2.920057 1.897965 1.208620 0.754095 0.461029 0.276203 0.162166 0.093316 0.052632 0.029098 0.015771 0.008380 0.004366 0.002230 0.001117 0.000549 0.000265 0.000125 0.000058 0.000026 0.000012 0.000005 0.000002 0.000001 0.000000 0.000000 0.000000 0.000000 0.000000 0.000000 
