0.000000 0.000000 0.000000 0.000000 0.000000 0.000000 0.000001 0.000001 0.000002 0.000002 0.000003 0.000005 0.000007 0.000010 0.000013 0.000018 0.000025 0.000034 0.000046 0.000061 0.000081 0.000106 0.000138 0.000177 0.000226 0.000285 0.000357 0.000443 0.000545 0.000663 0.000800 0.000957 0.001134 0.001332 0.001550 0.001787 0.002042 0.002311 0.002592 0.002881 0.003173 0.003463 0.003744 0.004011 0.004258 0.004479 0.004668 0.004821 0.004933 0.005001 0.005025 0.005001 0.004933 0.004821 0.004668 0.004479 0.004258 0.004011 0.003744 0.003463 0.003173 0.002881 0.002592 0.002311 0.002042 0.001787 0.001550 0.001332 0.001134 0.000957 0.000800 0.000663 0.000545 0.000443 0.000357 0.000285 0.000226 0.000177 0.000138 0.000106 0.000081 0.000061 0.000046 0.000034 0.000025 0.000018 0.000013 0.000010 0.000007 0.000005 0.000003 0.000002 0.000002 0.000001 0.000001 0.000001 0.000000 0.000000 0.000000 0.000000 
0.000000 0.000000 0.000000 0.000000 0.000000 0.000000 0.000001 0.000001 0.000002 0.000002 0.000003 0.000005 0.000007 0.000010 0.000013 0.000018 0.000025 0.000034 0.000046 0.000061 0.000081 0.000106 0.000138 0.000177 0.000226 0.000285 0.000357 0.000443 0.000545 0.000663 0.000800 0.000957 0.001134 0.001332 0.001550 0.001787 0.002042 0.002311 0.002592 0.002881 0.003173 0.003463 0.003744 0.004011 0.004258 0.004479 0.004668 0.004821 0.004933 0.005001 0.005025 0.005001 0.004933 0.004821 0.004668 0.004479 0.004258 0.004011 0.003744 0.003463 0.003173 0.002881 0.002592 0.002311 0.002042 0.001787 0.001550 0.001332 0.001134 0.000957 0.000800 0.000663 0.000545 0.000443 0.000357 0.000285 0.000226 0.000177 0.000138 0.000106 0.000081 0.000061 0.000046 0.000034 0.000025 0.000018 0.000013 0.000010 0.000007 0.000005 0.000003 0.000002 0.000002 0.000001 0.000001 0.000001 0.000000 0.000000 0.000000 0.000000 
0.000000 0.000000 0.000000 0.000000 0.000000 0.000001 0.000001 0.000001 0.000002 0.000003 0.000004 0.000006 0.000008 0.000011 0.000016 0.000022 0.000030 0.000041 0.000055 0.000073 0.000096 0.000126 0.000164 0.000211 0.000269 0.000339 0.000425 0.000527 0.000647 0.000788 0.000951 0.001137 0.001348 0.001582 0.001841 0.002122 0.002425 0.002744 0.003078 0.003421 0.003767 0.004111 0.004445 0.004762 0.005055 0.005317 0.005541 0.005722 0.005855 0.005937 0.005964 0.005937 0.005855 0.005722 0.005541 0.005317 0.005055 0.004762 0.004445 0.004111 0.003767 0.003421 0.003078 0.002744 0.002425 0.002122 0.001841 0.001582 0.001348 0.001137 0.000951 0.000788 0.000647 0.000527 0.000425 0.000339 0.000269 0.000211 0.000164 0.000126 0.000096 0.000073 0.000055 0.000041 0.000030 0.000022 0.000016 0.000011 0.000008 0.000006 0.000004 0.000003 0.000002 0.000001 0.000001 0.000001 0.000000 0.000000 0.000000 0.000000 
0.000000 0.000000 0.000000 0.000000 0.000001 0.000001 0.000001 0.000002 0.000003 0.000004 0.000005 0.000008 0.000011 0.000015 0.000021 0.000029 0.000040 0.000055 0.000074 0.000098 0.000129 0.000170 0.000220 0.000283 0.000361 0.000455 0.000570 0.000706 0.000868 0.001057 0.001275 0.001525 0.001806 0.002121 0.002467 0.002844 0.003248 0.003676 0.004123 0.004582 0.005045 0.005505 0.005952 0.006376 0.006768 0.007118 0.007419 0.007661 0.007839 0.007947 0.007984 0.007947 0.007839 0.007661 0.007419 0.007118 0.006768 0.006376 0.005952 0.005505 0.005045 0.004582 0.004123 0.003676 0.003248 0.002844 0.002467 0.002121 0.001806 0.001525 0.001275 0.001057 0.000868 0.000706 0.000570 0.000455 0.000361 0.000283 0.000220 0.000170 0.000129 0.000098 0.000074 0.000055 0.000040 0.000029 0.000021 0.000015 0.000011 0.000008 0.000005 0.000004 0.000003 0.000002 0.000001 0.000001 0.000001 0.000000 0.000000 0.000000 
0.000000 0.000000 0.000000 0.000001 0.000001 0.000001 0.000002 0.000002 0.000004 0.000005 0.000008 0.000011 0.000016 0.000022 0.000030 0.000042 0.000058 0.000078 0.000105 0.000140 0.000185 0.000243 0.000315 0.000404 0.000515 0.000651 0.000814 0.001009 0.001240 0.001509 0.001821 0.002177 0.002578 0.003027 0.003520 0.004058 0.004634 0.005244 0.005881 0.006535 0.007195 0.007850 0.008486 0.009091 0.009649 0.010148 0.010576 0.010921 0.011174 0.011329 0.011381 0.011329 0.011174 0.010921 0.010576 0.010148 0.009649 0.009091 0.008486 0.007850 0.007195 0.006535 0.005881 0.005244 0.004634 0.004058 0.003520 0.003027 0.002578 0.002177 0.001821 0.001509 0.001240 0.001009 0.000814 0.000651 0.000515 0.000404 0.000315 0.000243 0.000185 0.000140 0.000105 0.000078 0.000058 0.000042 0.000030 0.000022 0.000016 0.000011 0.000008 0.000005 0.000004 0.000002 0.000002 0.000001 0.000001 0.000001 0.000001 0.000001 
0.000000 0.000000 0.000001 0.000001 0.000001 0.000002 0.000002 0.000004 0.000005 0.000008 0.000011 0.000016 0.000023 0.000032 0.000045 0.000062 0.000085 0.000115 0.000154 0.000206 0.000272 0.000356 0.000461 0.000593 0.000755 0.000953 0.001193 0.001478 0.001816 0.002210 0.002666 0.003187 0.003775 0.004430 0.005152 0.005938 0.006781 0.007673 0.008603 0.009559 0.010524 0.011481 0.012411 0.013294 0.014110 0.014839 0.015464 0.015968 0.016338 0.016565 0.016641 0.016565 0.016338 0.015968 0.015464 0.014839 0.014110 0.013294 0.012411 0.011481 0.010524 0.009559 0.008603 0.007673 0.006781 0.005938 0.005152 0.004430 0.003775 0.003187 0.002666 0.002210 0.001816 0.001478 0.001193 0.000953 0.000755 0.000593 0.000461 0.000356 0.000272 0.000206 0.000154 0.000115 0.000085 0.000062 0.000045 0.000032 0.000023 0.000016 0.000011 0.000008 0.000005 0.000004 0.000002 0.000002 0.000001 0.000001 0.000001 0.000001 
0.000001 0.000001 0.000001 0.000001 0.000002 0.000002 0.000004 0.000005 0.000008 0.000012 0.000017 0.000024 0.000034 0.000047 0.000066 0.000091 0.000125 0.000170 0.000228 0.000304 0.000401 0.000525 0.000681 0.000875 0.001114 0.001406 0.001758 0.002179 0.002676 0.003257 0.003928 0.004695 0.005560 0.006524 0.007587 0.008743 0.009983 0.011296 0.012664 0.014070 0.015489 0.016897 0.018264 0.019563 0.020762 0.021835 0.022754 0.023495 0.024039 0.024371 0.024483 0.024371 0.024039 0.023495 0.022754 0.021835 0.020762 0.019563 0.018264 0.016897 0.015489 0.014070 0.012664 0.011296 0.009983 0.008743 0.007587 0.006524 0.005560 0.004695 0.003928 0.003257 0.002676 0.002179 0.001758 0.001406 0.001114 0.000875 0.000681 0.000525 0.000401 0.000304 0.000228 0.000170 0.000125 0.000091 0.000066 0.000047 0.000034 0.000024 0.000017 0.000012 0.000008 0.000005 0.000004 0.000003 0.000002 0.000001 0.000001 0.000001 
0.000001 0.000001 0.000001 0.000002 0.000002 0.000004 0.000005 0.000008 0.000012 0.000017 0.000025 0.000035 0.000050 0.000070 0.000097 0.000135 0.000184 0.000250 0.000336 0.000447 0.000591 0.000773 0.001002 0.001287 0.001639 0.002068 0.002586 0.003204 0.003935 0.004788 0.005774 0.006899 0.008169 0.009586 0.011146 0.012842 0.014663 0.016589 0.018598 0.020660 0.022743 0.024808 0.026814 0.028719 0.030479 0.032052 0.033399 0.034487 0.035285 0.035773 0.035937 0.035773 0.035285 0.034487 0.033399 0.032052 0.030479 0.028719 0.026814 0.024808 0.022743 0.020660 0.018598 0.016589 0.014663 0.012842 0.011146 0.009586 0.008169 0.006899 0.005774 0.004788 0.003935 0.003204 0.002586 0.002068 0.001639 0.001287 0.001002 0.000773 0.000591 0.000447 0.000336 0.000250 0.000184 0.000135 0.000097 0.000070 0.000050 0.000035 0.000025 0.000017 0.000012 0.000008 0.000005 0.000004 0.000003 0.000002 0.000002 0.000002 
0.000002 0.000002 0.000002 0.000003 0.000004 0.000005 0.000008 0.000012 0.000017 0.000025 0.000036 0.000051 0.000073 0.000103 0.000143 0.000197 0.000270 0.000366 0.000491 0.000655 0.000864 0.001130 0.001465 0.001882 0.002396 0.003023 0.003779 0.004682 0.005749 0.006995 0.008434 0.010076 0.011930 0.013997 0.016274 0.018749 0.021404 0.024214 0.027144 0.030153 0.033190 0.036201 0.039127 0.041904 0.044470 0.046764 0.048729 0.050314 0.051477 0.052189 0.052428 0.052189 0.051477 0.050314 0.048729 0.046764 0.044470 0.041904 0.039127 0.036201 0.033190 0.030153 0.027144 0.024214 0.021404 0.018749 0.016274 0.013997 0.011930 0.010076 0.008434 0.006995 0.005749 0.004682 0.003779 0.003023 0.002396 0.001882 0.001465 0.001130 0.000864 0.000655 0.000491 0.000366 0.000270 0.000197 0.000143 0.000103 0.000073 0.000051 0.000036 0.000025 0.000017 0.000012 0.000008 0.000005 0.000004 0.000003 0.000002 0.000002 
0.000002 0.000002 0.000003 0.000004 0.000005 0.000008 0.000012 0.000017 0.000025 0.000036 0.000052 0.000075 0.000106 0.000149 0.000208 0.000286 0.000392 0.000531 0.000714 0.000950 0.001254 0.001640 0.002126 0.002731 0.003476 0.004385 0.005481 0.006790 0.008335 0.010140 0.012225 0.014604 0.017289 0.020283 0.023579 0.027162 0.031007 0.035075 0.039316 0.043670 0.048066 0.052424 0.056658 0.060676 0.064389 0.067709 0.070551 0.072844 0.074528 0.075557 0.075903 0.075557 0.074528 0.072844 0.070551 0.067709 0.064389 0.060676 0.056658 0.052424 0.048066 0.043670 0.039316 0.035075 0.031007 0.027162 0.023579 0.020283 0.017289 0.014604 0.012225 0.010140 0.008335 0.006790 0.005481 0.004385 0.003476 0.002731 0.002126 0.001640 0.001254 0.000950 0.000714 0.000531 0.000392 0.000286 0.000208 0.000149 0.000106 0.000075 0.000052 0.000036 0.000025 0.000017 0.000012 0.000008 0.000006 0.000004 0.000004 0.000004 
0.000003 0.000003 0.000004 0.000005 0.000008 0.000011 0.000017 0.000025 0.000036 0.000052 0.000075 0.000108 0.000153 0.000215 0.000299 0.000413 0.000565 0.000765 0.001028 0.001368 0.001806 0.002361 0.003060 0.003929 0.005000 0.006307 0.007883 0.009764 0.011985 0.014578 0.017573 0.020991 0.024847 0.029146 0.033879 0.039025 0.044545 0.050384 0.056473 0.062723 0.069032 0.075287 0.081362 0.087130 0.092458 0.097221 0.101300 0.104590 0.107006 0.108482 0.108979 0.108482 0.107006 0.104590 0.101300 0.097221 0.092458 0.087130 0.081362 0.075287 0.069032 0.062723 0.056473 0.050384 0.044545 0.039025 0.033879 0.029146 0.024847 0.020991 0.017573 0.014578 0.011985 0.009764 0.007883 0.006307 0.005000 0.003929 0.003060 0.002361 0.001806 0.001368 0.001028 0.000765 0.000565 0.000413 0.000299 0.000215 0.000153 0.000108 0.000075 0.000052 0.000036 0.000025 0.000017 0.000012 0.000008 0.000006 0.000005 0.000005 
0.000005 0.000005 0.000006 0.000008 0.000011 0.000016 0.000024 0.000035 0.000051 0.000075 0.000108 0.000154 0.000219 0.000307 0.000427 0.000590 0.000806 0.001093 0.001467 0.001953 0.002577 0.003369 0.004365 0.005605 0.007132 0.008994 0.011239 0.013920 0.017084 0.020778 0.025043 0.029911 0.035402 0.041523 0.048262 0.055587 0.063444 0.071755 0.080420 0.089315 0.098293 0.107193 0.115838 0.124044 0.131625 0.138401 0.144204 0.148885 0.152321 0.154421 0.155128 0.154421 0.152321 0.148885 0.144204 0.138401 0.131625 0.124044 0.115838 0.107193 0.098293 0.089315 0.080420 0.071755 0.063444 0.055587 0.048262 0.041523 0.035402 0.029911 0.025043 0.020778 0.017084 0.013920 0.011239 0.008994 0.007132 0.005605 0.004365 0.003369 0.002577 0.001953 0.001467 0.001093 0.000806 0.000590 0.000427 0.000307 0.000219 0.000154 0.000108 0.000075 0.000052 0.000035 0.000024 0.000017 0.000012 0.000009 0.000007 0.000007 
0.000007 0.000007 0.000008 0.000011 0.000016 0.000023 0.000034 0.000050 0.000073 0.000106 0.000153 0.000219 0.000310 0.000435 0.000605 0.000835 0.001141 0.001546 0.002077 0.002764 0.003645 0.004765 0.006173 0.007925 0.010083 0.012713 0.015886 0.019671 0.024139 0.029356 0.035377 0.042250 0.050001 0.058641 0.068151 0.078488 0.089575 0.101302 0.113527 0.126075 0.138741 0.151295 0.163489 0.175063 0.185755 0.195311 0.203495 0.210097 0.214944 0.217905 0.218901 0.217905 0.214944 0.210097 0.203495 0.195311 0.185755 0.175063 0.163489 0.151295 0.138741 0.126075 0.113527 0.101302 0.089575 0.078488 0.068151 0.058641 0.050001 0.042250 0.035377 0.029356 0.024139 0.019671 0.015886 0.012713 0.010083 0.007925 0.006173 0.004765 0.003645 0.002764 0.002077 0.001546 0.001141 0.000835 0.000605 0.000435 0.000310 0.000219 0.000153 0.000106 0.000073 0.000050 0.000034 0.000023 0.000017 0.000012 0.000010 0.000010 
0.000010 0.000010 0.000011 0.000015 0.000022 0.000032 0.000047 0.000070 0.000103 0.000149 0.000215 0.000307 0.000435 0.000611 0.000850 0.001172 0.001602 0.002170 0.002913 0.003876 0.005111 0.006680 0.008653 0.011107 0.014129 0.017813 0.022255 0.027555 0.033810 0.041111 0.049539 0.059155 0.070002 0.082089 0.095394 0.109854 0.125361 0.141763 0.158860 0.176408 0.194119 0.211673 0.228722 0.244904 0.259853 0.273213 0.284655 0.293884 0.300659 0.304799 0.306192 0.304799 0.300659 0.293884 0.284655 0.273213 0.259853 0.244904 0.228722 0.211673 0.194119 0.176408 0.158860 0.141763 0.125361 0.109854 0.095394 0.082089 0.070002 0.059155 0.049539 0.041111 0.033810 0.027555 0.022255 0.017813 0.014129 0.011107 0.008653 0.006680 0.005111 0.003876 0.002913 0.002170 0.001602 0.001172 0.000850 0.000611 0.000435 0.000307 0.000215 0.000149 0.000103 0.000070 0.000048 0.000033 0.000023 0.000017 0.000015 0.000015 
0.000013 0.000013 0.000016 0.000021 0.000030 0.000045 0.000066 0.000097 0.000143 0.000208 0.000299 0.000427 0.000605 0.000850 0.001182 0.001630 0.002227 0.003017 0.004050 0.005388 0.007104 0.009283 0.012022 0.015430 0.019626 0.024739 0.030904 0.038258 0.046937 0.057067 0.068758 0.082097 0.097141 0.113904 0.132353 0.152403 0.173903 0.196642 0.220343 0.244667 0.269217 0.293547 0.317177 0.339603 0.360320 0.378835 0.394689 0.407479 0.416867 0.422604 0.424534 0.422604 0.416867 0.407479 0.394689 0.378835 0.360320 0.339603 0.317177 0.293547 0.269217 0.244667 0.220343 0.196642 0.173903 0.152403 0.132353 0.113904 0.097141 0.082097 0.068758 0.057067 0.046937 0.038258 0.030904 0.024739 0.019626 0.015430 0.012022 0.009283 0.007104 0.005388 0.004050 0.003017 0.002227 0.001630 0.001182 0.000850 0.000605 0.000427 0.000299 0.000208 0.000143 0.000098 0.000067 0.000046 0.000032 0.000024 0.000021 0.000021 
0.000018 0.000018 0.000022 0.000029 0.000042 0.000062 0.000091 0.000135 0.000197 0.000286 0.000413 0.000590 0.000835 0.001172 0.001630 0.002247 0.003070 0.004158 0.005580 0.007423 0.009786 0.012785 0.016555 0.021245 0.027019 0.034053 0.042534 0.052651 0.064587 0.078517 0.094592 0.112932 0.133613 0.156656 0.182015 0.209570 0.239117 0.270365 0.302933 0.336354 0.370083 0.403509 0.435971 0.466779 0.495237 0.520670 0.542448 0.560015 0.572911 0.580791 0.583441 0.580791 0.572911 0.560015 0.542448 0.520670 0.495237 0.466779 0.435971 0.403509 0.370083 0.336354 0.302933 0.270365 0.239117 0.209570 0.182015 0.156656 0.133613 0.112932 0.094592 0.078517 0.064587 0.052651 0.042534 0.034053 0.027019 0.021245 0.016555 0.012785 0.009786 0.007423 0.005580 0.004158 0.003070 0.002247 0.001630 0.001172 0.000835 0.000590 0.000413 0.000287 0.000198 0.000135 0.000092 0.000064 0.000045 0.000034 0.000028 0.000028 
0.000025 0.000025 0.000030 0.000040 0.000058 0.000085 0.000125 0.000184 0.000270 0.000392 0.000565 0.000806 0.001141 0.001602 0.002227 0.003070 0.004194 0.005679 0.007621 0.010136 0.013360 0.017453 0.022596 0.028993 0.036867 0.046461 0.058025 0.071817 0.088088 0.107075 0.128984 0.153977 0.182158 0.213553 0.248103 0.285640 0.325889 0.368451 0.412808 0.458325 0.504258 0.549777 0.593981 0.635931 0.674680 0.709308 0.738960 0.762877 0.780435 0.791163 0.794771 0.791163 0.780435 0.762877 0.738960 0.709308 0.674680 0.635931 0.593981 0.549777 0.504258 0.458325 0.412808 0.368451 0.325889 0.285640 0.248103 0.213553 0.182158 0.153977 0.128984 0.107075 0.088088 0.071817 0.058025 0.046461 0.036867 0.028993 0.022596 0.017453 0.013360 0.010136 0.007621 0.005679 0.004194 0.003070 0.002227 0.001602 0.001141 0.000806 0.000565 0.000392 0.000270 0.000185 0.000127 0.000087 0.000061 0.000046 0.000039 0.000039 
0.000034 0.000034 0.000041 0.000055 0.000078 0.000115 0.000170 0.000250 0.000366 0.000531 0.000765 0.001093 0.001546 0.002170 0.003017 0.004158 0.005679 0.007688 0.010316 0.013718 0.018079 0.023614 0.030568 0.039216 0.049861 0.062827 0.078455 0.097092 0.119078 0.144730 0.174326 0.208085 0.246145 0.288545 0.335199 0.385886 0.440229 0.497691 0.557573 0.619017 0.681020 0.742460 0.802123 0.858742 0.911038 0.957772 0.997788 1.030066 1.053760 1.068237 1.073107 1.068237 1.053760 1.030066 0.997788 0.957772 0.911038 0.858742 0.802123 0.742460 0.681020 0.619017 0.557573 0.497691 0.440229 0.385886 0.335199 0.288545 0.246145 0.208085 0.174326 0.144730 0.119078 0.097092 0.078455 0.062827 0.049861 0.039216 0.030568 0.023614 0.018079 0.013718 0.010316 0.007688 0.005679 0.004158 0.003017 0.002170 0.001547 0.001093 0.000765 0.000532 0.000367 0.000251 0.000172 0.000118 0.000083 0.000063 0.000053 0.000053 
0.000046 0.000046 0.000055 0.000074 0.000105 0.000154 0.000228 0.000336 0.000491 0.000714 0.001028 0.001467 0.002077 0.002913 0.004050 0.005580 0.007621 0.010316 0.013839 0.018400 0.024246 0.031665 0.040985 0.052573 0.066835 0.084205 0.105140 0.130101 0.159544 0.193893 0.233520 0.278717 0.329668 0.386423 0.448868 0.516705 0.589430 0.666325 0.746452 0.828665 0.911622 0.993823 1.073642 1.149384 1.219343 1.281858 1.335387 1.378563 1.410256 1.429621 1.436135 1.429621 1.410256 1.378563 1.335387 1.281858 1.219343 1.149384 1.073642 0.993823 0.911622 0.828665 0.746452 0.666325 0.589430 0.516705 0.448868 0.386423 0.329668 0.278717 0.233520 0.193893 0.159544 0.130101 0.105140 0.084205 0.066835 0.052573 0.040985 0.031665 0.024246 0.018400 0.013839 0.010316 0.007621 0.005580 0.004050 0.002913 0.002077 0.001468 0.001028 0.000714 0.000493 0.000338 0.000231 0.000159 0.000112 0.000084 0.000071 0.000071 
0.000061 0.000061 0.000073 0.000098 0.000140 0.000206 0.000304 0.000447 0.000655 0.000950 0.001368 0.001953 0.002764 0.003876 0.005388 0.007423 0.010136 0.013718 0.018400 0.024461 0.032228 0.042084 0.054463 0.069854 0.088793 0.111857 0.139649 0.172785 0.211866 0.257455 0.310043 0.370018 0.437622 0.512921 0.595763 0.685751 0.782217 0.884208 0.990480 1.099511 1.209524 1.318528 1.424371 1.524804 1.617564 1.700453 1.771426 1.828670 1.870690 1.896364 1.905001 1.896364 1.870690 1.828670 1.771426 1.700453 1.617564 1.524804 1.424371 1.318528 1.209524 1.099511 0.990480 0.884208 0.782217 0.685751 0.595763 0.512921 0.437622 0.370018 0.310043 0.257455 0.211866 0.172785 0.139649 0.111857 0.088793 0.069854 0.054463 0.042084 0.032228 0.024461 0.018400 0.013718 0.010136 0.007423 0.005388 0.003876 0.002764 0.001954 0.001369 0.000951 0.000656 0.000450 0.000308 0.000212 0.000149 0.000112 0.000095 0.000095 
0.000081 0.000081 0.000096 0.000129 0.000185 0.000272 0.000401 0.000591 0.000864 0.001254 0.001806 0.002577 0.003645 0.005111 0.007104 0.009786 0.013360 0.018079 0.024246 0.032228 0.042457 0.055433 0.071730 0.091989 0.116916 0.147268 0.183839 0.227437 0.278851 0.338821 0.407992 0.486872 0.575779 0.674797 0.783726 0.902043 1.028869 1.162950 1.302651 1.445972 1.590577 1.733849 1.872960 2.004956 2.126865 2.235797 2.329067 2.404294 2.459513 2.493253 2.504602 2.493253 2.459513 2.404294 2.329067 2.235797 2.126865 2.004956 1.872960 1.733849 1.590577 1.445972 1.302651 1.162950 1.028869 0.902043 0.783726 0.674797 0.575779 0.486872 0.407992 0.338821 0.278851 0.227437 0.183839 0.147268 0.116916 0.091989 0.071730 0.055433 0.042457 0.032228 0.024246 0.018079 0.013360 0.009786 0.007104 0.005112 0.003646 0.002577 0.001806 0.001255 0.000866 0.000594 0.000406 0.000280 0.000197 0.000148 0.000126 0.000126 
0.000106 0.000106 0.000126 0.000170 0.000243 0.000356 0.000525 0.000773 0.001130 0.001640 0.002361 0.003369 0.004765 0.006680 0.009283 0.012785 0.017453 0.023614 0.031665 0.042084 0.055433 0.072366 0.093630 0.120060 0.152576 0.192165 0.239861 0.296714 0.363754 0.441943 0.532120 0.634944 0.750831 0.879887 1.021850 1.176038 1.341303 1.516012 1.698034 1.884762 2.073155 2.259803 2.441023 2.612969 2.771770 2.913664 3.035152 3.133139 3.205063 3.249008 3.263790 3.249008 3.205063 3.133139 3.035152 2.913664 2.771770 2.612969 2.441023 2.259803 2.073155 1.884762 1.698034 1.516012 1.341303 1.176038 1.021850 0.879887 0.750831 0.634944 0.532120 0.441943 0.363754 0.296714 0.239861 0.192165 0.152576 0.120060 0.093630 0.072366 0.055433 0.042084 0.031665 0.023614 0.017453 0.012786 0.009283 0.006681 0.004765 0.003369 0.002362 0.001642 0.001133 0.000777 0.000531 0.000366 0.000259 0.000194 0.000164 0.000164 
0.000138 0.000138 0.000164 0.000220 0.000315 0.000461 0.000681 0.001002 0.001465 0.002126 0.003060 0.004365 0.006173 0.008653 0.012022 0.016555 0.022596 0.030568 0.040985 0.054463 0.071730 0.093630 0.121127 0.155301 0.197340 0.248518 0.310169 0.383650 0.470289 0.571326 0.687845 0.820694 0.970409 1.137124 1.320500 1.519653 1.733102 1.958734 2.193798 2.434927 2.678195 2.919200 3.153187 3.375194 3.580220 3.763415 3.920261 4.046764 4.139618 4.196351 4.215434 4.196351 4.139618 4.046764 3.920261 3.763415 3.580220 3.375194 3.153187 2.919200 2.678195 2.434927 2.193798 1.958734 1.733102 1.519653 1.320500 1.137124 0.970409 0.820694 0.687845 0.571326 0.470289 0.383650 0.310169 0.248518 0.197340 0.155301 0.121127 0.093630 0.071730 0.054463 0.040985 0.030568 0.022596 0.016555 0.012022 0.008653 0.006173 0.004366 0.003061 0.002128 0.001468 0.001007 0.000689 0.000475 0.000335 0.000252 0.000213 0.000213 
0.000177 0.000177 0.000211 0.000283 0.000404 0.000593 0.000875 0.001287 0.001882 0.002731 0.003929 0.005605 0.007925 0.011107 0.015430 0.021245 0.028993 0.039216 0.052573 0.069854 0.091989 0.120060 0.155301 0.199096 0.252963 0.318533 0.397515 0.491642 0.602614 0.732017 0.881235 1.051354 1.243054 1.456508 1.691277 1.946228 2.219464 2.508279 2.809152 3.117774 3.429119 3.737556 4.037000 4.321102 4.583469 4.817892 5.018594 5.180466 5.299280 5.371873 5.396292 5.371873 5.299280 5.180466 5.018594 4.817892 4.583469 4.321102 4.037000 3.737556 3.429119 3.117774 2.809152 2.508279 2.219464 1.946228 1.691277 1.456508 1.243054 1.051354 0.881235 0.732017 0.602614 0.491642 0.397515 0.318533 0.252963 0.199096 0.155301 0.120060 0.091989 0.069854 0.052573 0.039216 0.028993 0.021245 0.015430 0.011107 0.007925 0.005606 0.003931 0.002733 0.001886 0.001294 0.000886 0.000610 0.000431 0.000324 0.000275 0.000275 
0.000226 0.000226 0.000269 0.000361 0.000515 0.000755 0.001114 0.001639 0.002396 0.003476 0.005000 0.007132 0.010083 0.014129 0.019626 0.027019 0.036867 0.049861 0.066835 0.088793 0.116916 0.152576 0.197340 0.252963 0.321371 0.404634 0.504917 0.624419 0.765294 0.929553 1.118950 1.334858 1.578139 1.849006 2.146904 2.470391 2.817058 3.183470 3.565161 3.956664 4.351605 4.742841 5.122658 5.483004 5.815772 6.113091 6.367637 6.572933 6.723617 6.815683 6.846651 6.815683 6.723617 6.572933 6.367637 6.113091 5.815772 5.483004 5.122658 4.742841 4.351605 3.956664 3.565161 3.183470 2.817058 2.470391 2.146904 1.849006 1.578139 1.334858 1.118950 0.929553 0.765294 0.624419 0.504917 0.404634 0.321371 0.252963 0.197340 0.152576 0.116916 0.088793 0.066835 0.049861 0.036868 0.027019 0.019626 0.014130 0.010084 0.007133 0.005002 0.003479 0.002401 0.001647 0.001128 0.000777 0.000549 0.000413 0.000350 0.000350 
0.000285 0.000285 0.000339 0.000455 0.000651 0.000953 0.001406 0.002068 0.003023 0.004385 0.006307 0.008994 0.012713 0.017813 0.024739 0.034053 0.046461 0.062827 0.084205 0.111857 0.147268 0.192165 0.248518 0.318533 0.404634 0.509420 0.635615 0.785982 0.963228 1.169876 1.408132 1.679718 1.985713 2.326384 2.701027 3.107828 3.543754 4.004486 4.484406 4.976642 5.473179 5.965041 6.442529 6.895527 7.313845 7.687592 8.007566 8.265625 8.455036 8.570762 8.609689 8.570762 8.455036 8.265625 8.007566 7.687592 7.313845 6.895527 6.442529 5.965041 5.473179 4.976642 4.484406 4.004486 3.543754 3.107828 2.701027 2.326384 1.985713 1.679718 1.408132 1.169876 0.963228 0.785982 0.635615 0.509420 0.404634 0.318533 0.248518 0.192165 0.147268 0.111857 0.084205 0.062827 0.046461 0.034053 0.024739 0.017814 0.012714 0.008995 0.006309 0.004389 0.003030 0.002079 0.001423 0.000981 0.000694 0.000522 0.000442 0.000442 
0.000357 0.000357 0.000425 0.000570 0.000814 0.001193 0.001758 0.002586 0.003779 0.005481 0.007883 0.011239 0.015886 0.022255 0.030904 0.042534 0.058025 0.078455 0.105140 0.139649 0.183839 0.239861 0.310169 0.397515 0.504917 0.635615 0.793002 0.980519 1.201538 1.459201 1.756252 2.094833 2.476286 2.900939 3.367911 3.874936 4.418233 4.992417 5.590485 6.203876 6.822602 7.435479 8.030429 8.594847 9.116042 9.581695 9.980344 10.301851 10.537828 10.682004 10.730501 10.682004 10.537828 10.301851 9.980344 9.581695 9.116042 8.594847 8.030429 7.435479 6.822602 6.203876 5.590485 4.992417 4.418233 3.874936 3.367911 2.900939 2.476286 2.094833 1.756252 1.459201 1.201538 0.980519 0.793002 0.635615 0.504917 0.397515 0.310169 0.239861 0.183839 0.139649 0.105140 0.078455 0.058025 0.042535 0.030904 0.022256 0.015887 0.011241 0.007886 0.005486 0.003788 0.002599 0.001780 0.001227 0.000868 0.000653 0.000553 0.000553 
0.000443 0.000443 0.000527 0.000706 0.001009 0.001478 0.002179 0.003204 0.004682 0.006790 0.009764 0.013920 0.019671 0.027555 0.038258 0.052651 0.071817 0.097092 0.130101 0.172785 0.227437 0.296714 0.383650 0.491642 0.624419 0.785982 0.980519 1.212281 1.485426 1.803835 2.170890 2.589235 3.060521 3.585148 4.162022 4.788343 5.459435 6.168645 6.907324 7.664896 8.429028 9.185912 9.920632 10.617630 11.261235 11.836242 12.328501 12.725498 13.016881 13.194907 13.254789 13.194907 13.016881 12.725498 12.328501 11.836242 11.261235 10.617630 9.920632 9.185912 8.429028 7.664896 6.907324 6.168645 5.459435 4.788343 4.162022 3.585148 3.060521 2.589235 2.170890 1.803835 1.485426 1.212281 0.980519 0.785982 0.624419 0.491642 0.383650 0.296714 0.227437 0.172785 0.130101 0.097092 0.071817 0.052651 0.038259 0.027556 0.019673 0.013922 0.009768 0.006796 0.004693 0.003221 0.002206 0.001521 0.001076 0.000810 0.000686 0.000686 
0.000545 0.000545 0.000647 0.000868 0.001240 0.001816 0.002676 0.003935 0.005749 0.008335 0.011985 0.017084 0.024139 0.033810 0.046937 0.064587 0.088088 0.119078 0.159544 0.211866 0.278851 0.363754 0.470289 0.602614 0.765294 0.963228 1.201538 1.485426 1.819981 2.209948 2.659462 3.171755 3.748841 4.391206 5.097504 5.864302 6.685871 7.554067 8.458299 9.385620 10.320940 11.247356 12.146617 12.999685 13.787388 14.491119 15.093569 15.579426 15.936025 16.153895 16.227179 16.153895 15.936025 15.579426 15.093569 14.491119 13.787388 12.999685 12.146617 11.247356 10.320940 9.385620 8.458299 7.554067 6.685871 5.864302 5.097504 4.391206 3.748841 3.171755 2.659462 2.209948 1.819981 1.485426 1.201538 0.963228 0.765294 0.602614 0.470289 0.363754 0.278851 0.211866 0.159544 0.119078 0.088088 0.064587 0.046938 0.033811 0.024141 0.017087 0.011990 0.008343 0.005762 0.003955 0.002709 0.001868 0.001322 0.000995 0.000843 0.000843 
0.000663 0.000663 0.000788 0.001057 0.001509 0.002210 0.003257 0.004788 0.006995 0.010140 0.014578 0.020778 0.029356 0.041111 0.057067 0.078517 0.107075 0.144730 0.193893 0.257455 0.338821 0.441943 0.571326 0.732017 0.929553 1.169876 1.459201 1.803835 2.209948 2.683291 3.228878 3.850622 4.550961 5.330476 6.187529 7.117949 8.114780 9.168138 10.265172 11.390178 12.524846 13.648679 14.739539 15.774338 16.729825 17.583439 18.314189 18.903508 19.336040 19.600301 19.689189 19.600301 19.336040 18.903508 18.314189 17.583439 16.729825 15.774338 14.739539 13.648679 12.524846 11.390178 10.265172 9.168138 8.114780 7.117949 6.187529 5.330476 4.550961 3.850622 3.228878 2.683291 2.209948 1.803835 1.459201 1.169876 0.929553 0.732017 0.571326 0.441943 0.338821 0.257455 0.193893 0.144730 0.107076 0.078518 0.057068 0.041112 0.029358 0.020781 0.014584 0.010150 0.007010 0.004813 0.003298 0.002274 0.001609 0.001212 0.001027 0.001027 
0.000800 0.000800 0.000951 0.001275 0.001821 0.002666 0.003928 0.005774 0.008434 0.012225 0.017573 0.025043 0.035377 0.049539 0.068758 0.094592 0.128984 0.174326 0.233520 0.310043 0.407992 0.532120 0.687845 0.881235 1.118950 1.408132 1.756252 2.170890 2.659462 3.228878 3.885159 4.633005 5.475338 6.412849 7.443562 8.562453 9.761155 11.027777 12.346869 13.699543 15.063792 16.414972 17.726473 18.970545 20.119241 21.145446 22.023931 22.732384 23.252350 23.570028 23.676884 23.570028 23.252350 22.732384 22.023931 21.145446 20.119241 18.970545 17.726473 16.414972 15.063792 13.699543 12.346869 11.027777 9.761155 8.562453 7.443562 6.412849 5.475338 4.633005 3.885159 3.228878 2.659462 2.170890 1.756252 1.408132 1.118950 0.881235 0.687845 0.532120 0.407992 0.310044 0.233520 0.174326 0.128985 0.094593 0.068759 0.049540 0.035380 0.025047 0.017580 0.012236 0.008453 0.005804 0.003977 0.002743 0.001941 0.001462 0.001239 0.001239 
0.000957 0.000957 0.001137 0.001525 0.002177 0.003187 0.004695 0.006899 0.010076 0.014604 0.020991 0.029911 0.042250 0.059155 0.082097 0.112932 0.153977 0.208085 0.278717 0.370018 0.486872 0.634944 0.820694 1.051354 1.334858 1.679718 2.094833 2.589235 3.171755 3.850622 4.633005 5.524494 6.528566 7.646034 8.874534 10.208073 11.636672 13.146159 14.718115 16.330039 17.955703 19.565748 21.128473 22.610818 23.979493 25.202198 26.248883 27.092971 27.712480 28.090973 28.218284 28.090973 27.712480 27.092971 26.248883 25.202198 23.979493 22.610818 21.128473 19.565748 17.955703 16.330039 14.718115 13.146159 11.636672 10.208073 8.874534 7.646034 6.528566 5.524494 4.633005 3.850622 3.171755 2.589235 2.094833 1.679718 1.334858 1.051354 0.820694 0.634944 0.486872 0.370018 0.278717 0.208085 0.153978 0.112933 0.082098 0.059157 0.042253 0.029916 0.020999 0.014618 0.010099 0.006936 0.004753 0.003279 0.002321 0.001748 0.001481 0.001481 
0.001134 0.001134 0.001348 0.001806 0.002578 0.003775 0.005560 0.008169 0.011930 0.017289 0.024847 0.035402 0.050001 0.070002 0.097141 0.133613 0.182158 0.246145 0.329668 0.437622 0.575779 0.750831 0.970409 1.243054 1.578139 1.985713 2.476286 3.060521 3.748841 4.550961 5.475338 6.528566 7.714741 9.034813 10.485983 12.061161 13.748557 15.531425 17.388012 19.291740 21.211640 23.113042 24.958515 26.709028 28.325276 29.769126 31.005104 32.001835 32.733369 33.180301 33.330632 33.180301 32.733369 32.001835 31.005104 29.769126 28.325276 26.709028 24.958515 23.113042 21.211640 19.291740 17.388012 15.531425 13.748557 12.061161 10.485983 9.034813 7.714741 6.528566 5.475338 4.550961 3.748841 3.060521 2.476286 1.985713 1.578139 1.243054 0.970409 0.750831 0.575779 0.437622 0.329668 0.246146 0.182158 0.133614 0.097142 0.070004 0.050005 0.035408 0.024857 0.017306 0.011957 0.008213 0.005629 0.003884 0.002749 0.002072 0.001755 0.001755 
0.001332 0.001332 0.001582 0.002121 0.003027 0.004430 0.006524 0.009586 0.013997 0.020283 0.029146 0.041523 0.058641 0.082089 0.113904 0.156656 0.213553 0.288545 0.386423 0.512921 0.674797 0.879887 1.137124 1.456508 1.849006 2.326384 2.900939 3.585148 4.391206 5.330476 6.412849 7.646034 9.034813 10.580290 12.279175 14.123162 16.098440 18.185404 20.358588 22.586884 24.834046 27.059499 29.219443 31.268203 33.159787 34.849580 36.296073 37.462558 38.318673 38.841716 39.017647 38.841716 38.318673 37.462558 36.296073 34.849580 33.159787 31.268203 29.219443 27.059499 24.834046 22.586884 20.358588 18.185404 16.098440 14.123162 12.279175 10.580290 9.034813 7.646034 6.412849 5.330476 4.391206 3.585148 2.900939 2.326384 1.849006 1.456508 1.137124 0.879887 0.674797 0.512921 0.386423 0.288545 0.213554 0.156657 0.113905 0.082092 0.058645 0.041530 0.029158 0.020302 0.014029 0.009637 0.006606 0.004558 0.003227 0.002432 0.002061 0.002061 
0.001550 0.001550 0.001841 0.002467 0.003520 0.005152 0.007587 0.011146 0.016274 0.023579 0.033879 0.048262 0.068151 0.095394 0.132353 0.182015 0.248103 0.335199 0.448868 0.595763 0.783726 1.021850 1.320500 1.691277 2.146904 2.701027 3.367911 4.162022 5.097504 6.187529 7.443562 8.874534 10.485983 12.279175 14.250284 16.389661 18.681280 21.102388 23.623443 26.208356 28.815085 31.396570 33.902010 36.278436 38.472512 40.432498 42.110261 43.463234 44.456211 45.062866 45.266921 45.062866 44.456211 43.463234 42.110261 40.432498 38.472512 36.278436 33.902010 31.396570 28.815085 26.208356 23.623443 21.102388 18.681280 16.389661 14.250284 12.279175 10.485983 8.874534 7.443562 6.187529 5.097504 4.162022 3.367911 2.701027 2.146904 1.691277 1.320500 1.021850 0.783726 0.595763 0.448868 0.335200 0.248103 0.182016 0.132355 0.095397 0.068156 0.048270 0.033893 0.023602 0.016311 0.011205 0.007682 0.005301 0.003754 0.002829 0.002398 0.002398 
0.001787 0.001787 0.002122 0.002844 0.004058 0.005938 0.008743 0.012842 0.018749 0.027162 0.039025 0.055587 0.078488 0.109854 0.152403 0.209570 0.285640 0.385886 0.516705 0.685751 0.902043 1.176038 1.519653 1.946228 2.470391 3.107828 3.874936 4.788343 5.864302 7.117949 8.562453 10.208073 12.061161 14.123162 16.389661 18.849557 21.484413 24.268066 27.166546 30.138364 33.135187 36.102922 38.983175 41.715063 44.237286 46.490377 48.419019 49.974291 51.115731 51.813086 52.047649 51.813086 51.115731 49.974291 48.419019 46.490377 44.237286 41.715063 38.983175 36.102922 33.135187 30.138364 27.166546 24.268066 21.484413 18.849557 16.389661 14.123162 12.061161 10.208073 8.562453 7.117949 5.864302 4.788343 3.874936 3.107828 2.470391 1.946228 1.519653 1.176038 0.902043 0.685751 0.516705 0.385886 0.285641 0.209571 0.152405 0.109857 0.078494 0.055596 0.039041 0.027189 0.018791 0.012911 0.008852 0.006110 0.004327 0.003261 0.002764 0.002764 
0.002042 0.002042 0.002425 0.003248 0.004634 0.006781 0.009983 0.014663 0.021404 0.031007 0.044545 0.063444 0.089575 0.125361 0.173903 0.239117 0.325889 0.440229 0.589430 0.782217 1.028869 1.341303 1.733102 2.219464 2.817058 3.543754 4.418233 5.459435 6.685871 8.114780 9.761155 11.636672 13.748557 16.098440 18.681280 21.484413 24.486825 27.658695 30.961315 34.347412 37.761922 41.143216 44.424775 47.537245 50.410797 52.977698 55.174937 56.946791 58.247177 59.041636 59.308860 59.041636 58.247177 56.946791 55.174937 52.977698 50.410797 47.537245 44.424775 41.143216 37.761922 34.347412 30.961315 27.658695 24.486825 21.484413 18.681280 16.098440 13.748557 11.636672 9.761155 8.114780 6.685871 5.459435 4.418233 3.543754 2.817058 2.219464 1.733102 1.341304 1.028870 0.782217 0.589430 0.440229 0.325890 0.239119 0.173905 0.125365 0.089581 0.063455 0.044563 0.031037 0.021453 0.014741 0.010108 0.006977 0.004942 0.003725 0.003158 0.003158 
0.002311 0.002311 0.002744 0.003676 0.005244 0.007673 0.011296 0.016589 0.024214 0.035075 0.050384 0.071755 0.101302 0.141763 0.196642 0.270365 0.368451 0.497691 0.666325 0.884208 1.162950 1.516012 1.958734 2.508279 3.183470 4.004486 4.992417 6.168645 7.554067 9.168138 11.027777 13.146159 15.531425 18.185404 21.102388 24.268066 27.658695 31.240594 34.970050 38.793681 42.649312 46.467360 50.172726 53.687108 56.931677 59.829967 62.310846 64.311413 65.779645 66.676644 66.978357 66.676644 65.779645 64.311413 62.310846 59.829967 56.931677 53.687108 50.172726 46.467360 42.649312 38.793681 34.970050 31.240594 27.658695 24.268066 21.102388 18.185404 15.531425 13.146159 11.027777 9.168138 7.554067 6.168645 4.992417 4.004486 3.183470 2.508280 1.958734 1.516012 1.162950 0.884208 0.666325 0.497692 0.368452 0.270367 0.196645 0.141767 0.101309 0.071768 0.050405 0.035109 0.024269 0.016677 0.011437 0.007895 0.005593 0.004216 0.003574 0.003574 
0.002592 0.002592 0.003078 0.004123 0.005881 0.008603 0.012664 0.018598 0.027144 0.039316 0.056473 0.080420 0.113527 0.158860 0.220343 0.302933 0.412808 0.557573 0.746452 0.990480 1.302651 1.698034 2.193798 2.809152 3.565161 4.484406 5.590485 6.907324 8.458299 10.265172 12.346869 14.718115 17.388012 20.358588 23.623443 27.166546 30.961315 34.970050 39.143826 43.422903 47.737704 52.010369 56.156865 60.089583 63.720325 66.963537 69.739637 71.978252 73.621180 74.624905 74.962515 74.624905 73.621180 71.978252 69.739637 66.963537 63.720325 60.089583 56.156865 52.010369 47.737704 43.422903 39.143826 34.970050 30.961315 27.166546 23.623443 20.358588 17.388012 14.718115 12.346869 10.265172 8.458299 6.907324 5.590485 4.484406 3.565161 2.809152 2.193798 1.698034 1.302651 0.990480 0.746453 0.557574 0.412809 0.302935 0.220346 0.158865 0.113536 0.080434 0.056496 0.039354 0.027206 0.018697 0.012823 0.008853 0.006272 0.004729 0.004009 0.004009 
0.002881 0.002881 0.003421 0.004582 0.006535 0.009559 0.014070 0.020660 0.030153 0.043670 0.062723 0.089315 0.126075 0.176408 0.244667 0.336354 0.458325 0.619017 0.828665 1.099511 1.445972 1.884762 2.434927 3.117774 3.956664 4.976642 6.203876 7.664896 9.385620 11.390178 13.699543 16.330039 19.291740 22.586884 26.208356 30.138364 34.347412 38.793681 43.422903 48.168821 52.954270 57.692908 62.291547 66.653040 70.679584 74.276315 77.354992 79.837586 81.659561 82.772668 83.147070 82.772668 81.659561 79.837586 77.354992 74.276315 70.679584 66.653040 62.291547 57.692908 52.954270 48.168821 43.422903 38.793681 34.347412 30.138364 26.208356 22.586884 19.291740 16.330039 13.699543 11.390178 9.385620 7.664896 6.203876 4.976642 3.956664 3.117774 2.434927 1.884762 1.445972 1.099511 0.828665 0.619017 0.458326 0.336356 0.244670 0.176413 0.126084 0.089330 0.062749 0.043713 0.030222 0.020771 0.014246 0.009837 0.006969 0.005255 0.004455 0.004455 
0.003173 0.003173 0.003767 0.005045 0.007195 0.010524 0.015489 0.022743 0.033190 0.048066 0.069032 0.098293 0.138741 0.194119 0.269217 0.370083 0.504258 0.681020 0.911622 1.209524 1.590577 2.073155 2.678195 3.429119 4.351605 5.473179 6.822602 8.429028 10.320940 12.524846 15.063792 17.955703 21.211640 24.834046 28.815085 33.135187 37.761922 42.649312 47.737704 52.954270 58.214200 63.422596 68.477046 73.270783 77.696330 81.649436 85.033131 87.761669 89.764134 90.987505 91.398993 90.987505 89.764134 87.761669 85.033131 81.649436 77.696330 73.270783 68.477046 63.422596 58.214200 52.954270 47.737704 42.649312 37.761922 33.135187 28.815085 24.834046 21.211640 17.955703 15.063792 12.524846 10.320940 8.429028 6.822602 5.473179 4.351605 3.429119 2.678195 2.073155 1.590577 1.209524 0.911623 0.681021 0.504260 0.370085 0.269220 0.194125 0.138751 0.098311 0.069061 0.048113 0.033266 0.022865 0.015683 0.010830 0.007674 0.005787 0.004906 0.004906 
0.003463 0.003463 0.004111 0.005505 0.007850 0.011481 0.016897 0.024808 0.036201 0.052424 0.075287 0.107193 0.151295 0.211673 0.293547 0.403509 0.549777 0.742460 0.993823 1.318528 1.733849 2.259803 2.919200 3.737556 4.742841 5.965041 7.435479 9.185912 11.247356 13.648679 16.414972 19.565748 23.113042 27.059499 31.396570 36.102922 41.143216 46.467360 52.010369 57.692908 63.422596 69.096070 74.601781 79.823445 84.644004 88.949918 92.635576 95.607594 97.788738 99.121267 99.569471 99.121267 97.788738 95.607594 92.635576 88.949918 84.644004 79.823445 74.601781 69.096070 63.422596 57.692908 52.010369 46.467360 41.143216 36.102922 31.396570 27.059499 23.113042 19.565748 16.414972 13.648679 11.247356 9.185912 7.435479 5.965041 4.742841 3.737556 2.919200 2.259803 1.733849 1.318529 0.993823 0.742461 0.549778 0.403511 0.293551 0.211680 0.151306 0.107212 0.075318 0.052475 0.036284 0.024941 0.017108 0.011815 0.008372 0.006314 0.005353 0.005353 
0.003744 0.003744 0.004445 0.005952 0.008486 0.012411 0.018264 0.026814 0.039127 0.056658 0.081362 0.115838 0.163489 0.228722 0.317177 0.435971 0.593981 0.802123 1.073642 1.424371 1.872960 2.441023 3.153187 4.037000 5.122658 6.442529 8.030429 9.920632 12.146617 14.739539 17.726473 21.128473 24.958515 29.219443 33.902010 38.983175 44.424775 50.172726 56.156865 62.291547 68.477046 74.601781 80.545343 86.182213 91.386038 96.034265 100.012903 103.221155 105.575662 107.014099 107.497926 107.014099 105.575662 103.221155 100.012903 96.034265 91.386038 86.182213 80.545343 74.601781 68.477046 62.291547 56.156865 50.172726 44.424775 38.983175 33.902010 29.219443 24.958515 21.128473 17.726473 14.739539 12.146617 9.920632 8.030429 6.442529 5.122658 4.037000 3.153187 2.441023 1.872960 1.424371 1.073642 0.802124 0.593983 0.435974 0.317181 0.228730 0.163501 0.115858 0.081396 0.056713 0.039216 0.026958 0.018493 0.012772 0.009051 0.006826 0.005788 0.005788 
