0.000000 0.000000 0.000000 0.000000 0.000000 0.000000 0.000000 0.000000 0.000000 0.000000 0.000000 0.000000 0.000000 0.000001 0.000001 0.000001 0.000002 0.000003 0.000004 0.000006 0.000008 0.000011 0.000015 0.000020 0.000027 0.000035 0.000045 0.000059 0.000075 0.000094 0.000117 0.000144 0.000176 0.000212 0.000254 0.000300 0.000350 0.000405 0.000463 0.000524 0.000587 0.000650 0.000712 0.000772 0.000828 0.000879 0.000923 0.000958 0.000984 0.001000 0.001006 0.001000 0.000984 0.000958 0.000923 0.000879 0.000828 0.000772 0.000712 0.000650 0.000587 0.000524 0.000463 0.000405 0.000350 0.000300 0.000254 0.000212 0.000176 0.000144 0.000117 0.000094 0.000075 0.000059 0.000045 0.000035 0.000027 0.000020 0.000015 0.000011 0.000008 0.000006 0.000004 0.000003 0.000002 0.000001 0.000001 0.000001 0.000000 0.000000 0.000000 0.000000 0.000000 0.000000 0.000000 0.000000 0.000000 0.000000 0.000000 0.000000 
0.000000 0.000000 0.000000 0.000000 0.000000 0.000000 0.000000 0.000000 0.000000 0.000000 0.000000 0.000000 0.000000 0.000001 0.000001 0.000001 0.000002 0.000003 0.000004 0.000006 0.000008 0.000011 0.000015 0.000020 0.000027 0.000035 0.000045 0.000059 0.000075 0.000094 0.000117 0.000144 0.000176 0.000212 0.000254 0.000300 0.000350 0.000405 0.000463 0.000524 0.000587 0.000650 0.000712 0.000772 0.000828 0.000879 0.000923 0.000958 0.000984 0.001000 0.001006 0.001000 0.000984 0.000958 0.000923 0.000879 0.000828 0.000772 0.000712 0.000650 0.000587 0.000524 0.000463 0.000405 0.000350 0.000300 0.000254 0.000212 0.000176 0.000144 0.000117 0.000094 0.000075 0.000059 0.000045 0.000035 0.000027 0.000020 0.000015 0.000011 0.000008 0.000006 0.000004 0.000003 0.000002 0.000001 0.000001 0.000001 0.000000 0.000000 0.000000 0.000000 0.000000 0.000000 0.000000 0.000000 0.000000 0.000000 0.000000 0.000000 
0.000000 0.000000 0.000000 0.000000 0.000000 0.000000 0.000000 0.000000 0.000000 0.000000 0.000000 0.000000 0.000001 0.000001 0.000001 0.000002 0.000003 0.000004 0.000005 0.000007 0.000010 0.000014 0.000019 0.000025 0.000033 0.000044 0.000057 0.000074 0.000094 0.000118 0.000147 0.000181 0.000221 0.000267 0.000318 0.000376 0.000439 0.000508 0.000581 0.000658 0.000736 0.000815 0.000894 0.000969 0.001039 0.001102 0.001157 0.001201 0.001234 0.001254 0.001261 0.001254 0.001234 0.001201 0.001157 0.001102 0.001039 0.000969 0.000894 0.000815 0.000736 0.000658 0.000581 0.000508 0.000439 0.000376 0.000318 0.000267 0.000221 0.000181 0.000147 0.000118 0.000094 0.000074 0.000057 0.000044 0.000033 0.000025 0.000019 0.000014 0.000010 0.000007 0.000005 0.000004 0.000003 0.000002 0.000001 0.000001 0.000001 0.000000 0.000000 0.000000 0.000000 0.000000 0.000000 0.000000 0.000000 0.000000 0.000000 0.000000 
0.000000 0.000000 0.000000 0.000000 0.000000 0.000000 0.000000 0.000000 0.000000 0.000000 0.000000 0.000001 0.000001 0.000001 0.000002 0.000003 0.000004 0.000005 0.000008 0.000011 0.000015 0.000020 0.000027 0.000037 0.000049 0.000064 0.000083 0.000107 0.000136 0.000171 0.000213 0.000263 0.000321 0.000387 0.000462 0.000545 0.000637 0.000736 0.000842 0.000953 0.001066 0.001181 0.001294 0.001403 0.001504 0.001596 0.001675 0.001739 0.001786 0.001815 0.001825 0.001815 0.001786 0.001739 0.001675 0.001596 0.001504 0.001403 0.001294 0.001181 0.001066 0.000953 0.000842 0.000736 0.000637 0.000545 0.000462 0.000387 0.000321 0.000263 0.000213 0.000171 0.000136 0.000107 0.000083 0.000064 0.000049 0.000037 0.000027 0.000020 0.000015 0.000011 0.000008 0.000005 0.000004 0.000003 0.000002 0.000001 0.000001 0.000001 0.000000 0.000000 0.000000 0.000000 0.000000 0.000000 0.000000 0.000000 0.000000 0.000000 
0.000000 0.000000 0.000000 0.000000 0.000000 0.000000 0.000000 0.000000 0.000000 0.000000 0.000001 0.000001 0.000001 0.000002 0.000003 0.000004 0.000006 0.000008 0.000012 0.000016 0.000023 0.000031 0.000042 0.000057 0.000075 0.000099 0.000129 0.000165 0.000210 0.000265 0.000330 0.000406 0.000495 0.000597 0.000713 0.000842 0.000983 0.001137 0.001300 0.001470 0.001646 0.001822 0.001996 0.002164 0.002320 0.002461 0.002583 0.002682 0.002755 0.002800 0.002815 0.002800 0.002755 0.002682 0.002583 0.002461 0.002320 0.002164 0.001996 0.001822 0.001646 0.001470 0.001300 0.001137 0.000983 0.000842 0.000713 0.000597 0.000495 0.000406 0.000330 0.000265 0.000210 0.000165 0.000129 0.000099 0.000075 0.000057 0.000042 0.000031 0.000023 0.000016 0.000012 0.000008 0.000006 0.000004 0.000003 0.000002 0.000001 0.000001 0.000001 0.000000 0.000000 0.000000 0.000000 0.000000 0.000000 0.000000 0.000000 0.000000 
0.000000 0.000000 0.000000 0.000000 0.000000 0.000000 0.000000 0.000000 0.000000 0.000001 0.000001 0.000001 0.000002 0.000003 0.000004 0.000006 0.000009 0.000013 0.000019 0.000026 0.000036 0.000049 0.000067 0.000090 0.000119 0.000156 0.000203 0.000261 0.000332 0.000417 0.000520 0.000640 0.000781 0.000941 0.001123 0.001326 0.001549 0.001790 0.002046 0.002314 0.002590 0.002868 0.003141 0.003404 0.003650 0.003872 0.004063 0.004219 0.004333 0.004404 0.004427 0.004404 0.004333 0.004219 0.004063 0.003872 0.003650 0.003404 0.003141 0.002868 0.002590 0.002314 0.002046 0.001790 0.001549 0.001326 0.001123 0.000941 0.000781 0.000640 0.000520 0.000417 0.000332 0.000261 0.000203 0.000156 0.000119 0.000090 0.000067 0.000049 0.000036 0.000026 0.000019 0.000013 0.000009 0.000006 0.000004 0.000003 0.000002 0.000001 0.000001 0.000001 0.000000 0.000000 0.000000 0.000000 0.000000 0.000000 0.000000 0.000000 
0.000000 0.000000 0.000000 0.000000 0.000000 0.000000 0.000000 0.000000 0.000001 0.000001 0.000001 0.000002 0.000003 0.000005 0.000007 0.000010 0.000015 0.000021 0.000029 0.000041 0.000057 0.000078 0.000106 0.000142 0.000188 0.000247 0.000321 0.000412 0.000524 0.000659 0.000820 0.001010 0.001231 0.001485 0.001771 0.002090 0.002441 0.002821 0.003224 0.003647 0.004081 0.004518 0.004948 0.005362 0.005749 0.006098 0.006399 0.006644 0.006824 0.006934 0.006972 0.006934 0.006824 0.006644 0.006399 0.006098 0.005749 0.005362 0.004948 0.004518 0.004081 0.003647 0.003224 0.002821 0.002441 0.002090 0.001771 0.001485 0.001231 0.001010 0.000820 0.000659 0.000524 0.000412 0.000321 0.000247 0.000188 0.000142 0.000106 0.000078 0.000057 0.000041 0.000029 0.000021 0.000015 0.000010 0.000007 0.000005 0.000003 0.000002 0.000001 0.000001 0.000001 0.000000 0.000000 0.000000 0.000000 0.000000 0.000000 0.000000 
0.000000 0.000000 0.000000 0.000000 0.000000 0.000000 0.000000 0.000001 0.000001 0.000001 0.000002 0.000003 0.000005 0.000007 0.000011 0.000016 0.000023 0.000033 0.000046 0.000065 0.000090 0.000123 0.000166 0.000223 0.000295 0.000388 0.000503 0.000647 0.000822 0.001034 0.001287 0.001584 0.001930 0.002327 0.002776 0.003276 0.003825 0.004419 0.005051 0.005712 0.006391 0.007074 0.007748 0.008395 0.009000 0.009546 0.010017 0.010399 0.010681 0.010854 0.010913 0.010854 0.010681 0.010399 0.010017 0.009546 0.009000 0.008395 0.007748 0.007074 0.006391 0.005712 0.005051 0.004419 0.003825 0.003276 0.002776 0.002327 0.001930 0.001584 0.001287 0.001034 0.000822 0.000647 0.000503 0.000388 0.000295 0.000223 0.000166 0.000123 0.000090 0.000065 0.000046 0.000033 0.000023 0.000016 0.000011 0.000007 0.000005 0.000003 0.000002 0.000001 0.000001 0.000001 0.000000 0.000000 0.000000 0.000000 0.000000 0.000000 
0.000000 0.000000 0.000000 0.000000 0.000000 0.000000 0.000001 0.000001 0.000001 0.000002 0.000003 0.000005 0.000008 0.000012 0.000017 0.000025 0.000036 0.000051 0.000072 0.000101 0.000140 0.000191 0.000259 0.000347 0.000460 0.000603 0.000783 0.001006 0.001278 0.001608 0.002000 0.002463 0.003000 0.003616 0.004313 0.005089 0.005941 0.006863 0.007843 0.008869 0.009922 0.010983 0.012027 0.013031 0.013969 0.014816 0.015546 0.016139 0.016576 0.016844 0.016935 0.016844 0.016576 0.016139 0.015546 0.014816 0.013969 0.013031 0.012027 0.010983 0.009922 0.008869 0.007843 0.006863 0.005941 0.005089 0.004313 0.003616 0.003000 0.002463 0.002000 0.001608 0.001278 0.001006 0.000783 0.000603 0.000460 0.000347 0.000259 0.000191 0.000140 0.000101 0.000072 0.000051 0.000036 0.000025 0.000017 0.000012 0.000008 0.000005 0.000003 0.000002 0.000001 0.000001 0.000001 0.000000 0.000000 0.000000 0.000000 0.000000 
0.000000 0.000000 0.000000 0.000000 0.000000 0.000001 0.000001 0.000001 0.000002 0.000003 0.000005 0.000008 0.000012 0.000018 0.000026 0.000039 0.000056 0.000079 0.000112 0.000156 0.000216 0.000295 0.000399 0.000535 0.000709 0.000930 0.001207 0.001550 0.001969 0.002476 0.003081 0.003792 0.004619 0.005566 0.006637 0.007830 0.009141 0.010557 0.012064 0.013640 0.015258 0.016887 0.018492 0.020035 0.021475 0.022775 0.023897 0.024807 0.025479 0.025891 0.026030 0.025891 0.025479 0.024807 0.023897 0.022775 0.021475 0.020035 0.018492 0.016887 0.015258 0.013640 0.012064 0.010557 0.009141 0.007830 0.006637 0.005566 0.004619 0.003792 0.003081 0.002476 0.001969 0.001550 0.001207 0.000930 0.000709 0.000535 0.000399 0.000295 0.000216 0.000156 0.000112 0.000079 0.000056 0.000039 0.000026 0.000018 0.000012 0.000008 0.000005 0.000003 0.000002 0.000001 0.000001 0.000001 0.000000 0.000000 0.000000 0.000000 
0.000000 0.000000 0.000000 0.000000 0.000001 0.000001 0.000001 0.000002 0.000003 0.000005 0.000008 0.000012 0.000019 0.000028 0.000040 0.000059 0.000085 0.000121 0.000171 0.000239 0.000330 0.000451 0.000610 0.000817 0.001083 0.001419 0.001842 0.002365 0.003004 0.003776 0.004697 0.005781 0.007040 0.008482 0.010113 0.011929 0.013923 0.016079 0.018372 0.020769 0.023231 0.025710 0.028151 0.030497 0.032688 0.034664 0.036370 0.037755 0.038776 0.039402 0.039613 0.039402 0.038776 0.037755 0.036370 0.034664 0.032688 0.030497 0.028151 0.025710 0.023231 0.020769 0.018372 0.016079 0.013923 0.011929 0.010113 0.008482 0.007040 0.005781 0.004697 0.003776 0.003004 0.002365 0.001842 0.001419 0.001083 0.000817 0.000610 0.000451 0.000330 0.000239 0.000171 0.000121 0.000085 0.000059 0.000040 0.000028 0.000019 0.000012 0.000008 0.000005 0.000003 0.000002 0.000001 0.000001 0.000001 0.000000 0.000000 0.000000 
0.000000 0.000000 0.000000 0.000001 0.000001 0.000001 0.000002 0.000003 0.000005 0.000008 0.000012 0.000019 0.000028 0.000042 0.000061 0.000089 0.000129 0.000183 0.000259 0.000361 0.000499 0.000682 0.000922 0.001235 0.001636 0.002145 0.002782 0.003571 0.004536 0.005700 0.007089 0.008723 0.010621 0.012796 0.015253 0.017991 0.020995 0.024243 0.027697 0.031308 0.035016 0.038748 0.042424 0.045956 0.049255 0.052231 0.054799 0.056883 0.058421 0.059363 0.059681 0.059363 0.058421 0.056883 0.054799 0.052231 0.049255 0.045956 0.042424 0.038748 0.035016 0.031308 0.027697 0.024243 0.020995 0.017991 0.015253 0.012796 0.010621 0.008723 0.007089 0.005700 0.004536 0.003571 0.002782 0.002145 0.001636 0.001235 0.000922 0.000682 0.000499 0.000361 0.000259 0.000183 0.000129 0.000089 0.000061 0.000042 0.000028 0.000019 0.000012 0.000008 0.000005 0.000003 0.000002 0.000001 0.000001 0.000001 0.000000 0.000000 
0.000000 0.000000 0.000001 0.000001 0.000001 0.000002 0.000003 0.000005 0.000008 0.000012 0.000019 0.000028 0.000042 0.000063 0.000092 0.000134 0.000193 0.000275 0.000387 0.000541 0.000747 0.001021 0.001380 0.001848 0.002447 0.003207 0.004159 0.005338 0.006779 0.008518 0.010591 0.013030 0.015863 0.019108 0.022774 0.026857 0.031339 0.036182 0.041333 0.046717 0.052245 0.057809 0.063288 0.068553 0.073470 0.077905 0.081732 0.084839 0.087130 0.088534 0.089007 0.088534 0.087130 0.084839 0.081732 0.077905 0.073470 0.068553 0.063288 0.057809 0.052245 0.046717 0.041333 0.036182 0.031339 0.026857 0.022774 0.019108 0.015863 0.013030 0.010591 0.008518 0.006779 0.005338 0.004159 0.003207 0.002447 0.001848 0.001380 0.001021 0.000747 0.000541 0.000387 0.000275 0.000193 0.000134 0.000092 0.000063 0.000042 0.000028 0.000019 0.000012 0.000008 0.000005 0.000003 0.000002 0.000001 0.000001 0.000001 0.000001 
0.000001 0.000001 0.000001 0.000001 0.000002 0.000003 0.000005 0.000007 0.000012 0.000018 0.000028 0.000042 0.000063 0.000093 0.000137 0.000199 0.000286 0.000407 0.000574 0.000801 0.001107 0.001512 0.002045 0.002736 0.003623 0.004747 0.006156 0.007898 0.010028 0.012599 0.015662 0.019267 0.023451 0.028244 0.033658 0.039688 0.046305 0.053455 0.061057 0.069005 0.077163 0.085373 0.093458 0.101226 0.108480 0.115023 0.120670 0.125252 0.128632 0.130704 0.131402 0.130704 0.128632 0.125252 0.120670 0.115023 0.108480 0.101226 0.093458 0.085373 0.077163 0.069005 0.061057 0.053455 0.046305 0.039688 0.033658 0.028244 0.023451 0.019267 0.015662 0.012599 0.010028 0.007898 0.006156 0.004747 0.003623 0.002736 0.002045 0.001512 0.001107 0.000801 0.000574 0.000407 0.000286 0.000199 0.000137 0.000093 0.000063 0.000042 0.000028 0.000018 0.000012 0.000007 0.000005 0.000003 0.000002 0.000001 0.000001 0.000001 
0.000001 0.000001 0.000001 0.000002 0.000003 0.000004 0.000007 0.000011 0.000017 0.000026 0.000040 0.000061 0.000092 0.000137 0.000201 0.000292 0.000420 0.000598 0.000843 0.001176 0.001623 0.002217 0.002998 0.004010 0.005309 0.006956 0.009017 0.011568 0.014684 0.018445 0.022926 0.028197 0.034316 0.041323 0.049238 0.058052 0.067722 0.078170 0.089279 0.100890 0.112807 0.124801 0.136610 0.147956 0.158550 0.168105 0.176350 0.183043 0.187978 0.191003 0.192022 0.191003 0.187978 0.183043 0.176350 0.168105 0.158550 0.147956 0.136610 0.124801 0.112807 0.100890 0.089279 0.078170 0.067722 0.058052 0.049238 0.041323 0.034316 0.028197 0.022926 0.018445 0.014684 0.011568 0.009017 0.006956 0.005309 0.004010 0.002998 0.002217 0.001623 0.001176 0.000843 0.000598 0.000420 0.000292 0.000201 0.000137 0.000092 0.000061 0.000040 0.000026 0.000017 0.000011 0.000007 0.000004 0.000003 0.000002 0.000002 0.000002 
0.000001 0.000001 0.000002 0.000003 0.000004 0.000006 0.000010 0.000016 0.000025 0.000039 0.000059 0.000089 0.000134 0.000199 0.000292 0.000424 0.000610 0.000869 0.001224 0.001708 0.002356 0.003218 0.004350 0.005818 0.007701 0.010087 0.013074 0.016768 0.021282 0.026728 0.033217 0.040847 0.049703 0.059844 0.071297 0.084048 0.098037 0.113150 0.129216 0.146008 0.163241 0.180583 0.197657 0.214060 0.229375 0.243188 0.255106 0.264779 0.271913 0.276285 0.277758 0.276285 0.271913 0.264779 0.255106 0.243188 0.229375 0.214060 0.197657 0.180583 0.163241 0.146008 0.129216 0.113150 0.098037 0.084048 0.071297 0.059844 0.049703 0.040847 0.033217 0.026728 0.021282 0.016768 0.013074 0.010087 0.007701 0.005818 0.004350 0.003218 0.002356 0.001708 0.001224 0.000869 0.000610 0.000424 0.000292 0.000199 0.000134 0.000089 0.000059 0.000039 0.000025 0.000016 0.000010 0.000007 0.000004 0.000003 0.000002 0.000002 
0.000002 0.000002 0.000003 0.000004 0.000006 0.000009 0.000015 0.000023 0.000036 0.000056 0.000085 0.000129 0.000193 0.000286 0.000420 0.000610 0.000878 0.001249 0.001760 0.002454 0.003386 0.004623 0.006247 0.008354 0.011055 0.014478 0.018761 0.024059 0.030530 0.038336 0.047634 0.058567 0.071255 0.085781 0.102185 0.120445 0.140476 0.162114 0.185115 0.209151 0.233818 0.258638 0.283073 0.306546 0.328461 0.348226 0.365280 0.379120 0.389326 0.395581 0.397689 0.395581 0.389326 0.379120 0.365280 0.348226 0.328461 0.306546 0.283073 0.258638 0.233818 0.209151 0.185115 0.162114 0.140476 0.120445 0.102185 0.085781 0.071255 0.058567 0.047634 0.038336 0.030530 0.024059 0.018761 0.014478 0.011055 0.008354 0.006247 0.004623 0.003386 0.002454 0.001760 0.001249 0.000878 0.000610 0.000420 0.000286 0.000193 0.000129 0.000085 0.000056 0.000036 0.000023 0.000015 0.000009 0.000006 0.000004 0.000003 0.000003 
0.000003 0.000003 0.000004 0.000005 0.000008 0.000013 0.000021 0.000033 0.000051 0.000079 0.000121 0.000183 0.000275 0.000407 0.000598 0.000869 0.001249 0.001778 0.002504 0.003491 0.004815 0.006573 0.008880 0.011873 0.015708 0.020567 0.026647 0.034165 0.043347 0.054421 0.067610 0.083116 0.101108 0.121704 0.144958 0.170842 0.199232 0.229897 0.262489 0.296547 0.331494 0.366655 0.401269 0.434518 0.465559 0.493552 0.517705 0.537306 0.551761 0.560619 0.563604 0.560619 0.551761 0.537306 0.517705 0.493552 0.465559 0.434518 0.401269 0.366655 0.331494 0.296547 0.262489 0.229897 0.199232 0.170842 0.144958 0.121704 0.101108 0.083116 0.067610 0.054421 0.043347 0.034165 0.026647 0.020567 0.015708 0.011873 0.008880 0.006573 0.004815 0.003491 0.002504 0.001778 0.001249 0.000869 0.000598 0.000407 0.000275 0.000183 0.000121 0.000079 0.000051 0.000033 0.000021 0.000013 0.000009 0.000006 0.000005 0.000005 
0.000004 0.000004 0.000005 0.000008 0.000012 0.000019 0.000029 0.000046 0.000072 0.000112 0.000171 0.000259 0.000387 0.000574 0.000843 0.001224 0.001760 0.002504 0.003526 0.004914 0.006777 0.009249 0.012493 0.016699 0.022090 0.028917 0.037459 0.048019 0.060914 0.076464 0.094981 0.116747 0.141999 0.170903 0.203533 0.239849 0.279676 0.322689 0.368402 0.416166 0.465174 0.514478 0.563011 0.609629 0.653148 0.692392 0.726251 0.753729 0.773991 0.786408 0.790592 0.786408 0.773991 0.753729 0.726251 0.692392 0.653148 0.609629 0.563011 0.514478 0.465174 0.416166 0.368402 0.322689 0.279676 0.239849 0.203533 0.170903 0.141999 0.116747 0.094981 0.076464 0.060914 0.048019 0.037459 0.028917 0.022090 0.016699 0.012493 0.009249 0.006777 0.004914 0.003526 0.002504 0.001760 0.001224 0.000843 0.000574 0.000387 0.000259 0.000171 0.000112 0.000072 0.000047 0.000030 0.000019 0.000012 0.000009 0.000007 0.000007 
0.000006 0.000006 0.000007 0.000011 0.000016 0.000026 0.000041 0.000065 0.000101 0.000156 0.000239 0.000361 0.000541 0.000801 0.001176 0.001708 0.002454 0.003491 0.004914 0.006846 0.009440 0.012881 0.017395 0.023247 0.030745 0.040239 0.052117 0.066797 0.084721 0.106333 0.132063 0.162305 0.197384 0.237532 0.282850 0.333281 0.388582 0.448300 0.511762 0.578065 0.646090 0.714519 0.781876 0.846570 0.906960 0.961416 1.008399 1.046525 1.074638 1.091868 1.097672 1.091868 1.074638 1.046525 1.008399 0.961416 0.906960 0.846570 0.781876 0.714519 0.646090 0.578065 0.511762 0.448300 0.388582 0.333281 0.282850 0.237532 0.197384 0.162305 0.132063 0.106333 0.084721 0.066797 0.052117 0.040239 0.030745 0.023247 0.017395 0.012881 0.009440 0.006846 0.004914 0.003491 0.002454 0.001708 0.001176 0.000801 0.000541 0.000361 0.000239 0.000156 0.000101 0.000065 0.000042 0.000027 0.000017 0.000012 0.000010 0.000010 
0.000008 0.000008 0.000010 0.000015 0.000023 0.000036 0.000057 0.000090 0.000140 0.000216 0.000330 0.000499 0.000747 0.001107 0.001623 0.002356 0.003386 0.004815 0.006777 0.009440 0.013013 0.017753 0.023970 0.032027 0.042350 0.055418 0.071764 0.091964 0.116622 0.146350 0.181737 0.223324 0.271557 0.326751 0.389046 0.458361 0.534363 0.616428 0.703628 0.794725 0.888180 0.982185 1.074710 1.163573 1.246519 1.321313 1.385839 1.438200 1.476810 1.500472 1.508443 1.500472 1.476810 1.438200 1.385839 1.321313 1.246519 1.163573 1.074710 0.982185 0.888180 0.794725 0.703628 0.616428 0.534363 0.458361 0.389046 0.326751 0.271557 0.223324 0.181737 0.146350 0.116622 0.091964 0.071764 0.055418 0.042350 0.032027 0.023970 0.017753 0.013013 0.009440 0.006777 0.004815 0.003386 0.002356 0.001623 0.001107 0.000747 0.000499 0.000330 0.000216 0.000140 0.000090 0.000057 0.000037 0.000024 0.000017 0.000013 0.000013 
0.000011 0.000011 0.000014 0.000020 0.000031 0.000049 0.000078 0.000123 0.000191 0.000295 0.000451 0.000682 0.001021 0.001512 0.002217 0.003218 0.004623 0.006573 0.009249 0.012881 0.017753 0.024215 0.032689 0.043669 0.057734 0.075536 0.097800 0.125309 0.158883 0.199354 0.247525 0.304125 0.369763 0.444865 0.529619 0.623915 0.727295 0.838914 0.957507 1.081389 1.208467 1.336285 1.462083 1.582897 1.695660 1.797336 1.885051 1.956228 2.008710 2.040873 2.051709 2.040873 2.008710 1.956228 1.885051 1.797336 1.695660 1.582897 1.462083 1.336285 1.208467 1.081389 0.957507 0.838914 0.727295 0.623915 0.529619 0.444865 0.369763 0.304125 0.247525 0.199354 0.158883 0.125309 0.097800 0.075536 0.057734 0.043669 0.032689 0.024215 0.017753 0.012881 0.009249 0.006573 0.004623 0.003218 0.002217 0.001512 0.001021 0.000682 0.000451 0.000295 0.000191 0.000123 0.000079 0.000050 0.000033 0.000023 0.000018 0.000018 
0.000015 0.000015 0.000019 0.000027 0.000042 0.000067 0.000106 0.000166 0.000259 0.000399 0.000610 0.000922 0.001380 0.002045 0.002998 0.004350 0.006247 0.008880 0.012493 0.017395 0.023970 0.032689 0.044118 0.058928 0.077893 0.101894 0.131906 0.168983 0.214228 0.268759 0.333655 0.409898 0.498305 0.599446 0.713573 0.840536 0.979718 1.129976 1.289609 1.456349 1.627379 1.799392 1.968679 2.131248 2.282978 2.419784 2.537802 2.633564 2.704174 2.747446 2.762024 2.747446 2.704174 2.633564 2.537802 2.419784 2.282978 2.131248 1.968679 1.799392 1.627379 1.456349 1.289609 1.129976 0.979718 0.840536 0.713573 0.599446 0.498305 0.409898 0.333655 0.268759 0.214228 0.168983 0.131906 0.101894 0.077893 0.058928 0.044118 0.032689 0.023970 0.017395 0.012493 0.008880 0.006247 0.004350 0.002998 0.002045 0.001380 0.000922 0.000610 0.000400 0.000259 0.000167 0.000107 0.000068 0.000045 0.000031 0.000025 0.000025 
0.000020 0.000020 0.000025 0.000037 0.000057 0.000090 0.000142 0.000223 0.000347 0.000535 0.000817 0.001235 0.001848 0.002736 0.004010 0.005818 0.008354 0.011873 0.016699 0.023247 0.032027 0.043669 0.058928 0.078695 0.104005 0.136030 0.176070 0.225527 0.285871 0.358590 0.445120 0.546767 0.664615 0.799425 0.951526 1.120718 1.306174 1.506372 1.719044 1.941166 2.168989 2.398106 2.623578 2.840093 3.042162 3.224351 3.381512 3.509034 3.603059 3.660681 3.680093 3.660681 3.603059 3.509034 3.381512 3.224351 3.042162 2.840093 2.623578 2.398106 2.168989 1.941166 1.719044 1.506372 1.306174 1.120718 0.951526 0.799425 0.664615 0.546767 0.445120 0.358590 0.285871 0.225527 0.176070 0.136030 0.104005 0.078695 0.058928 0.043669 0.032027 0.023247 0.016699 0.011873 0.008354 0.005818 0.004010 0.002736 0.001848 0.001235 0.000817 0.000535 0.000347 0.000223 0.000143 0.000091 0.000060 0.000042 0.000033 0.000033 
0.000027 0.000027 0.000033 0.000049 0.000075 0.000119 0.000188 0.000295 0.000460 0.000709 0.001083 0.001636 0.002447 0.003623 0.005309 0.007701 0.011055 0.015708 0.022090 0.030745 0.042350 0.057734 0.077893 0.104005 0.137433 0.179724 0.232590 0.297880 0.377533 0.473507 0.587693 0.721813 0.877292 1.055129 1.255755 1.478903 1.723479 1.987474 2.267896 2.560758 2.861115 3.163161 3.460385 3.745788 4.012137 4.252273 4.459415 4.627487 4.751409 4.827352 4.852935 4.827352 4.751409 4.627487 4.459415 4.252273 4.012137 3.745788 3.460385 3.163161 2.861115 2.560758 2.267896 1.987474 1.723479 1.478903 1.255755 1.055129 0.877292 0.721813 0.587693 0.473507 0.377533 0.297880 0.232590 0.179724 0.137433 0.104005 0.077893 0.057734 0.042350 0.030745 0.022090 0.015708 0.011055 0.007701 0.005309 0.003623 0.002447 0.001636 0.001083 0.000709 0.000460 0.000296 0.000189 0.000121 0.000079 0.000055 0.000044 0.000044 
0.000035 0.000035 0.000044 0.000064 0.000099 0.000156 0.000247 0.000388 0.000603 0.000930 0.001419 0.002145 0.003207 0.004747 0.006956 0.010087 0.014478 0.020567 0.028917 0.040239 0.055418 0.075536 0.101894 0.136030 0.179724 0.234993 0.304073 0.389376 0.493430 0.618788 0.767918 0.943059 1.146071 1.378251 1.640159 1.931440 2.250665 2.595206 2.961159 3.343320 3.735235 4.129330 4.517115 4.889458 5.236931 5.550194 5.820408 6.039652 6.201300 6.300361 6.333732 6.300361 6.201300 6.039652 5.820408 5.550194 5.236931 4.889458 4.517115 4.129330 3.735235 3.343320 2.961159 2.595206 2.250665 1.931440 1.640159 1.378251 1.146071 0.943059 0.767918 0.618788 0.493430 0.389376 0.304073 0.234993 0.179724 0.136030 0.101894 0.075536 0.055418 0.040239 0.028917 0.020567 0.014478 0.010087 0.006956 0.004747 0.003207 0.002145 0.001420 0.000930 0.000604 0.000389 0.000249 0.000159 0.000104 0.000072 0.000058 0.000058 
0.000045 0.000045 0.000057 0.000083 0.000129 0.000203 0.000321 0.000503 0.000783 0.001207 0.001842 0.002782 0.004159 0.006156 0.009017 0.013074 0.018761 0.026647 0.037459 0.052117 0.071764 0.097800 0.131906 0.176070 0.232590 0.304073 0.393405 0.503704 0.638229 0.800278 0.993032 1.219383 1.481725 1.781729 2.120113 2.496412 2.908777 3.353810 3.826466 4.320020 4.826142 5.335051 5.835785 6.316559 6.765201 7.169659 7.518528 7.801582 8.010274 8.138163 8.181246 8.138163 8.010274 7.801582 7.518528 7.169659 6.765201 6.316559 5.835785 5.335051 4.826142 4.320020 3.826466 3.353810 2.908777 2.496412 2.120113 1.781729 1.481725 1.219383 0.993032 0.800278 0.638229 0.503704 0.393405 0.304073 0.232590 0.176070 0.131906 0.097800 0.071764 0.052117 0.037459 0.026647 0.018761 0.013074 0.009017 0.006156 0.004160 0.002782 0.001842 0.001207 0.000784 0.000505 0.000323 0.000207 0.000135 0.000094 0.000076 0.000076 
0.000059 0.000059 0.000074 0.000107 0.000165 0.000261 0.000412 0.000647 0.001006 0.001550 0.002365 0.003571 0.005338 0.007898 0.011568 0.016768 0.024059 0.034165 0.048019 0.066797 0.091964 0.125309 0.168983 0.225527 0.297880 0.389376 0.503704 0.644844 0.816966 1.024278 1.270844 1.560355 1.895865 2.279504 2.712184 3.193303 3.720491 4.289401 4.893579 5.524432 6.171308 6.821712 7.461638 8.076027 8.649334 9.166162 9.611945 9.973622 10.240277 10.403685 10.458733 10.403685 10.240277 9.973622 9.611945 9.166162 8.649334 8.076027 7.461638 6.821712 6.171308 5.524432 4.893579 4.289401 3.720491 3.193303 2.712184 2.279504 1.895865 1.560355 1.270844 1.024278 0.816966 0.644844 0.503704 0.389376 0.297880 0.225527 0.168983 0.125309 0.091964 0.066797 0.048019 0.034165 0.024059 0.016768 0.011568 0.007898 0.005338 0.003571 0.002365 0.001551 0.001007 0.000648 0.000415 0.000266 0.000174 0.000121 0.000097 0.000097 
0.000075 0.000075 0.000094 0.000136 0.000210 0.000332 0.000524 0.000822 0.001278 0.001969 0.003004 0.004536 0.006779 0.010028 0.014684 0.021282 0.030530 0.043347 0.060914 0.084721 0.116622 0.158883 0.214228 0.285871 0.377533 0.493430 0.638229 0.816966 1.034910 1.297383 1.609521 1.975987 2.400638 2.886160 3.433697 4.042483 4.709510 5.429275 6.193607 6.991636 7.809888 8.632560 9.441939 10.218989 10.944053 11.597668 12.161419 12.618799 12.956008 13.162650 13.232261 13.162650 12.956008 12.618799 12.161419 11.597668 10.944053 10.218989 9.441939 8.632560 7.809888 6.991636 6.193607 5.429275 4.709510 4.042483 3.433697 2.886160 2.400638 1.975987 1.609521 1.297383 1.034910 0.816966 0.638229 0.493430 0.377533 0.285871 0.214228 0.158883 0.116622 0.084721 0.060914 0.043347 0.030530 0.021282 0.014684 0.010028 0.006779 0.004536 0.003004 0.001970 0.001280 0.000824 0.000528 0.000338 0.000221 0.000154 0.000124 0.000124 
0.000094 0.000094 0.000118 0.000171 0.000265 0.000417 0.000659 0.001034 0.001608 0.002476 0.003776 0.005700 0.008518 0.012599 0.018445 0.026728 0.038336 0.054421 0.076464 0.106333 0.146350 0.199354 0.268759 0.358590 0.473507 0.618788 0.800278 1.024278 1.297383 1.626252 2.017309 2.476385 3.008298 3.616405 4.302127 5.064495 5.899735 6.800950 7.757908 8.756993 9.781341 10.811172 11.824318 12.796956 13.704492 14.522574 15.228162 15.800605 16.222639 16.481260 16.568381 16.481260 16.222639 15.800605 15.228162 14.522574 13.704492 12.796956 11.824318 10.811172 9.781341 8.756993 7.757908 6.800950 5.899735 5.064495 4.302127 3.616405 3.008298 2.476385 2.017309 1.626252 1.297383 1.024278 0.800278 0.618788 0.473507 0.358590 0.268759 0.199354 0.146350 0.106333 0.076464 0.054421 0.038336 0.026728 0.018445 0.012599 0.008518 0.005701 0.003777 0.002477 0.001609 0.001037 0.000664 0.000426 0.000278 0.000194 0.000156 0.000156 
0.000117 0.000117 0.000147 0.000213 0.000330 0.000520 0.000820 0.001287 0.002000 0.003081 0.004697 0.007089 0.010591 0.015662 0.022926 0.033217 0.047634 0.067610 0.094981 0.132063 0.181737 0.247525 0.333655 0.445120 0.587693 0.767918 0.993032 1.270844 1.609521 2.017309 2.502161 3.071291 3.730662 4.484420 5.334315 6.279134 7.314194 8.430937 9.616681 10.854555 12.123664 13.399505 14.654623 15.859512 16.983717 17.997082 18.871080 19.580139 20.102888 20.423222 20.531132 20.423222 20.102888 19.580139 18.871080 17.997082 16.983717 15.859512 14.654623 13.399505 12.123664 10.854555 9.616681 8.430937 7.314194 6.279134 5.334315 4.484420 3.730662 3.071291 2.502161 2.017309 1.609521 1.270844 0.993032 0.767918 0.587693 0.445120 0.333655 0.247525 0.181737 0.132063 0.094981 0.067610 0.047634 0.033217 0.022926 0.015663 0.010591 0.007089 0.004698 0.003082 0.002002 0.001290 0.000826 0.000530 0.000347 0.000242 0.000194 0.000194 
0.000144 0.000144 0.000181 0.000263 0.000406 0.000640 0.001010 0.001584 0.002463 0.003792 0.005781 0.008723 0.013030 0.019267 0.028197 0.040847 0.058567 0.083116 0.116747 0.162305 0.223324 0.304125 0.409898 0.546767 0.721813 0.943059 1.219383 1.560355 1.975987 2.476385 3.071291 3.769543 4.578441 5.503056 6.545520 7.704333 8.973740 10.343239 11.797270 13.315144 14.871242 16.435524 17.974335 19.451511 20.829727 22.072025 23.143447 24.012657 24.653468 25.046145 25.178424 25.046145 24.653468 24.012657 23.143447 22.072025 20.829727 19.451511 17.974335 16.435524 14.871242 13.315144 11.797270 10.343239 8.973740 7.704333 6.545520 5.503056 4.578441 3.769543 3.071291 2.476385 1.975987 1.560355 1.219383 0.943059 0.721813 0.546767 0.409898 0.304125 0.223324 0.162305 0.116747 0.083116 0.058567 0.040847 0.028197 0.019267 0.013031 0.008724 0.005781 0.003794 0.002465 0.001589 0.001018 0.000653 0.000427 0.000298 0.000239 0.000239 
0.000176 0.000176 0.000221 0.000321 0.000495 0.000781 0.001231 0.001930 0.003000 0.004619 0.007040 0.010621 0.015863 0.023451 0.034316 0.049703 0.071255 0.101108 0.141999 0.197384 0.271557 0.369763 0.498305 0.664615 0.877292 1.146071 1.481725 1.895865 2.400638 3.008298 3.730662 4.578441 5.560480 6.682920 7.948332 9.354879 10.895565 12.557634 14.322197 16.164143 18.052386 19.950478 21.817593 23.609862 25.282012 26.789218 28.089082 29.143602 29.921019 30.397403 30.557879 30.397403 29.921019 29.143602 28.089082 26.789218 25.282012 23.609862 21.817593 19.950478 18.052386 16.164143 14.322197 12.557634 10.895565 9.354879 7.948332 6.682920 5.560480 4.578441 3.730662 3.008298 2.400638 1.895865 1.481725 1.146071 0.877292 0.664615 0.498305 0.369763 0.271557 0.197384 0.141999 0.101108 0.071255 0.049703 0.034316 0.023451 0.015863 0.010622 0.007041 0.004620 0.003003 0.001936 0.001240 0.000796 0.000521 0.000363 0.000292 0.000292 
0.000212 0.000212 0.000267 0.000387 0.000597 0.000941 0.001485 0.002327 0.003616 0.005566 0.008482 0.012796 0.019108 0.028244 0.041323 0.059844 0.085781 0.121704 0.170903 0.237532 0.326751 0.444865 0.599446 0.799425 1.055129 1.378251 1.781729 2.279504 2.886160 3.616405 4.484420 5.503056 6.682920 8.031369 9.551474 11.241014 13.091568 15.087806 17.207033 19.419090 21.686646 23.965937 26.207948 28.360017 30.367794 32.177478 33.738177 35.004280 35.937670 36.509625 36.702296 36.509625 35.937670 35.004280 33.738177 32.177478 30.367794 28.360017 26.207948 23.965937 21.686646 19.419090 17.207033 15.087806 13.091568 11.241014 9.551474 8.031369 6.682920 5.503056 4.484420 3.616405 2.886160 2.279504 1.781729 1.378251 1.055129 0.799425 0.599446 0.444865 0.326751 0.237532 0.170903 0.121704 0.085781 0.059844 0.041323 0.028244 0.019108 0.012796 0.008483 0.005568 0.003620 0.002333 0.001495 0.000960 0.000629 0.000439 0.000352 0.000352 
0.000254 0.000254 0.000318 0.000462 0.000713 0.001123 0.001771 0.002776 0.004313 0.006637 0.010113 0.015253 0.022774 0.033658 0.049238 0.071297 0.102185 0.144958 0.203533 0.282850 0.389046 0.529619 0.713573 0.951526 1.255755 1.640159 2.120113 2.712184 3.433697 4.302127 5.334315 6.545520 7.948332 9.551474 11.358579 13.366986 15.566670 17.939396 20.458183 23.087181 25.782027 28.490717 31.155012 33.712345 36.098152 38.248519 40.102992 41.607395 42.716449 43.396042 43.624971 43.396042 42.716449 41.607395 40.102992 38.248519 36.098152 33.712345 31.155012 28.490717 25.782027 23.087181 20.458183 17.939396 15.566670 13.366986 11.358579 9.551474 7.948332 6.545520 5.334315 4.302127 3.433697 2.712184 2.120113 1.640159 1.255755 0.951526 0.713573 0.529619 0.389046 0.282850 0.203533 0.144958 0.102185 0.071297 0.049238 0.033658 0.022774 0.015254 0.010114 0.006640 0.004317 0.002783 0.001784 0.001145 0.000750 0.000523 0.000421 0.000421 
0.000300 0.000300 0.000376 0.000545 0.000842 0.001326 0.002090 0.003276 0.005089 0.007830 0.011929 0.017991 0.026857 0.039688 0.058052 0.084048 0.120445 0.170842 0.239849 0.333281 0.458361 0.623915 0.840536 1.120718 1.478903 1.931440 2.496412 3.193303 4.042483 5.064495 6.279134 7.704333 9.354879 11.241014 13.366986 15.729644 18.317180 21.108129 24.070747 27.162864 30.332303 33.517910 36.651205 39.658623 42.464257 44.992966 47.173682 48.942718 50.246846 51.045969 51.315161 51.045969 50.246846 48.942718 47.173682 44.992966 42.464257 39.658623 36.651205 33.517910 30.332303 27.162864 24.070747 21.108129 18.317180 15.729644 13.366986 11.241014 9.354879 7.704333 6.279134 5.064495 4.042483 3.193303 2.496412 1.931440 1.478903 1.120718 0.840536 0.623915 0.458361 0.333281 0.239849 0.170842 0.120445 0.084048 0.058052 0.039688 0.026858 0.017991 0.011931 0.007833 0.005094 0.003285 0.002106 0.001352 0.000886 0.000618 0.000497 0.000497 
0.000350 0.000350 0.000439 0.000637 0.000983 0.001549 0.002441 0.003825 0.005941 0.009141 0.013923 0.020995 0.031339 0.046305 0.067722 0.098037 0.140476 0.199232 0.279676 0.388582 0.534363 0.727295 0.979718 1.306174 1.723479 2.250665 2.908777 3.720491 4.709510 5.899735 7.314194 8.973740 10.895565 13.091568 15.566670 18.317180 21.329333 24.578127 28.026601 31.625667 35.314597 39.022220 42.668850 46.168886 49.434009 52.376794 54.914561 56.973215 58.490834 59.420769 59.734026 59.420769 58.490834 56.973215 54.914561 52.376794 49.434009 46.168886 42.668850 39.022220 35.314597 31.625667 28.026601 24.578127 21.329333 18.317180 15.566670 13.091568 10.895565 8.973740 7.314194 5.899735 4.709510 3.720491 2.908777 2.250665 1.723479 1.306174 0.979718 0.727295 0.534363 0.388582 0.279676 0.199232 0.140476 0.098037 0.067722 0.046305 0.031340 0.020996 0.013925 0.009144 0.005947 0.003835 0.002459 0.001579 0.001035 0.000722 0.000580 0.000580 
0.000405 0.000405 0.000508 0.000736 0.001137 0.001790 0.002821 0.004419 0.006863 0.010557 0.016079 0.024243 0.036182 0.053455 0.078170 0.113150 0.162114 0.229897 0.322689 0.448300 0.616428 0.838914 1.129976 1.506372 1.987474 2.595206 3.353810 4.289401 5.429275 6.800950 8.430937 10.343239 12.557634 15.087806 17.939396 21.108129 24.578127 28.320572 32.292877 36.438495 40.687478 44.957859 49.157870 53.188942 56.949377 60.338513 63.261153 65.631988 67.379729 68.450667 68.811421 68.450667 67.379729 65.631988 63.261153 60.338513 56.949377 53.188942 49.157870 44.957859 40.687478 36.438495 32.292877 28.320572 24.578127 21.108129 17.939396 15.087806 12.557634 10.343239 8.430937 6.800950 5.429275 4.289401 3.353810 2.595206 1.987474 1.506372 1.129976 0.838914 0.616428 0.448300 0.322689 0.229897 0.162114 0.113150 0.078170 0.053455 0.036183 0.024244 0.016081 0.010561 0.006870 0.004431 0.002841 0.001825 0.001196 0.000835 0.000671 0.000671 
0.000463 0.000463 0.000581 0.000842 0.001300 0.002046 0.003224 0.005051 0.007843 0.012064 0.018372 0.027697 0.041333 0.061057 0.089279 0.129216 0.185115 0.262489 0.368402 0.511762 0.703628 0.957507 1.289609 1.719044 2.267896 2.961159 3.826466 4.893579 6.193607 7.757908 9.616681 11.797270 14.322197 17.207033 20.458183 24.070747 28.026601 32.292877 36.821018 41.546558 46.389770 51.257231 56.044360 60.638827 64.924746 68.787413 72.118357 74.820376 76.812242 78.032763 78.443904 78.032763 76.812242 74.820376 72.118357 68.787413 64.924746 60.638827 56.044360 51.257231 46.389770 41.546558 36.821018 32.292877 28.026601 24.070747 20.458183 17.207033 14.322197 11.797270 9.616681 7.757908 6.193607 4.893579 3.826466 2.961159 2.267896 1.719044 1.289609 0.957507 0.703628 0.511762 0.368402 0.262489 0.185115 0.129216 0.089279 0.061058 0.041333 0.027698 0.018374 0.012068 0.007851 0.005064 0.003248 0.002086 0.001368 0.000955 0.000768 0.000768 
0.000524 0.000524 0.000658 0.000953 0.001470 0.002314 0.003647 0.005712 0.008869 0.013640 0.020769 0.031308 0.046717 0.069005 0.100890 0.146008 0.209151 0.296547 0.416166 0.578065 0.794725 1.081389 1.456349 1.941166 2.560758 3.343320 4.320020 5.524432 6.991636 8.756993 10.854555 13.315144 16.164143 19.419090 23.087181 27.162864 31.625667 36.438495 41.546558 46.877133 52.340285 57.830646 63.230264 68.412460 73.246548 77.603181 81.360043 84.407529 86.654048 88.030599 88.494299 88.030599 86.654048 84.407529 81.360043 77.603181 73.246548 68.412460 63.230264 57.830646 52.340285 46.877133 41.546558 36.438495 31.625667 27.162864 23.087181 19.419090 16.164143 13.315144 10.854555 8.756993 6.991636 5.524432 4.320020 3.343320 2.560758 1.941166 1.456349 1.081389 0.794725 0.578065 0.416166 0.296547 0.209152 0.146008 0.100890 0.069005 0.046718 0.031310 0.020772 0.013645 0.008878 0.005727 0.003674 0.002360 0.001547 0.001081 0.000869 0.000869 
0.000587 0.000587 0.000736 0.001066 0.001646 0.002590 0.004081 0.006391 0.009922 0.015258 0.023231 0.035016 0.052245 0.077163 0.112807 0.163241 0.233818 0.331494 0.465174 0.646090 0.888180 1.208467 1.627379 2.168989 2.861115 3.735235 4.826142 6.171308 7.809888 9.781341 12.123664 14.871242 18.052386 21.686646 25.782027 30.332303 35.314597 40.687478 46.389770 52.340285 58.438633 64.567205 70.594355 76.378702 81.774400 86.637103 90.830316 94.231726 96.739129 98.275530 98.793074 98.275530 96.739129 94.231726 90.830316 86.637103 81.774400 76.378702 70.594355 64.567205 58.438633 52.340285 46.389770 40.687478 35.314597 30.332303 25.782027 21.686646 18.052386 14.871242 12.123664 9.781341 7.809888 6.171308 4.826142 3.735235 2.861115 2.168989 1.627379 1.208467 0.888180 0.646090 0.465174 0.331494 0.233818 0.163242 0.112808 0.077163 0.052246 0.035017 0.023234 0.015264 0.009932 0.006408 0.004111 0.002641 0.001732 0.001210 0.000972 0.000972 
0.000650 0.000650 0.000815 0.001181 0.001822 0.002868 0.004518 0.007074 0.010983 0.016887 0.025710 0.038748 0.057809 0.085373 0.124801 0.180583 0.258638 0.366655 0.514478 0.714519 0.982185 1.336285 1.799392 2.398106 3.163161 4.129330 5.335051 6.821712 8.632560 10.811172 13.399505 16.435524 19.950478 23.965937 28.490717 33.517910 39.022220 44.957859 51.257231 57.830646 64.567205 71.337003 77.994635 84.383953 90.343883 95.715012 100.346599 104.103573 106.873068 108.570056 109.141695 108.570056 106.873068 104.103573 100.346599 95.715012 90.343883 84.383953 77.994635 71.337003 64.567205 57.830646 51.257231 44.957859 39.022220 33.517910 28.490717 23.965937 19.950478 16.435524 13.399505 10.811172 8.632560 6.821712 5.335051 4.129330 3.163161 2.398106 1.799392 1.336285 0.982185 0.714519 0.514478 0.366655 0.258638 0.180583 0.124801 0.085374 0.057810 0.038750 0.025713 0.016894 0.010994 0.007094 0.004551 0.002924 0.001918 0.001340 0.001077 0.001077 
0.000712 0.000712 0.000894 0.001294 0.001996 0.003141 0.004948 0.007748 0.012027 0.018492 0.028151 0.042424 0.063288 0.093458 0.136610 0.197657 0.283073 0.401269 0.563011 0.781876 1.074710 1.462083 1.968679 2.623578 3.460385 4.517115 5.835785 7.461638 9.441939 11.824318 14.654623 17.974335 21.817593 26.207948 31.155012 36.651205 42.668850 49.157870 56.044360 63.230264 70.594355 77.994635 85.272174 92.256307 98.770988 104.641992 109.704578 113.811131 116.838303 118.693174 119.317995 118.693174 116.838303 113.811131 109.704578 104.641992 98.770988 92.256307 85.272174 77.994635 70.594355 63.230264 56.044360 49.157870 42.668850 36.651205 31.155012 26.207948 21.817593 17.974335 14.654623 11.824318 9.441939 7.461638 5.835785 4.517115 3.460385 2.623578 1.968679 1.462083 1.074710 0.781876 0.563011 0.401269 0.283073 0.197657 0.136610 0.093459 0.063289 0.042426 0.028155 0.018499 0.012040 0.007769 0.004985 0.003203 0.002101 0.001468 0.001180 0.001180 
