0.000000 0.000000 0.000000 0.000000 0.000000 0.000000 0.000000 0.000000 0.000000 0.000000 0.000000 0.000000 0.000000 0.000000 0.000000 0.000000 0.000000 0.000000 0.000000 0.000000 0.000000 0.000000 0.000000 0.000000 0.000000 0.000000 0.000000 0.000000 0.000000 0.000000 0.000000 0.000000 0.000000 0.000000 0.000000 0.000000 0.000000 0.000000 0.000000 0.000000 0.000000 0.000000 0.000000 0.000000 0.000000 0.000000 0.000000 0.000000 0.000000 0.000000 0.000000 0.000000 0.000000 0.000000 0.000000 0.000000 0.000000 0.000000 0.000000 0.000000 0.000000 0.000000 0.000000 0.000000 0.000000 0.000000 0.000000 0.000000 0.000000 0.000000 0.000000 0.000000 0.000000 0.000000 0.000000 0.000000 0.000000 0.000000 0.000000 0.000000 0.000000 0.000000 0.000000 0.000000 0.000000 0.000000 0.000000 0.000000 0.000000 0.000000 0.000000 0.000000 0.000000 0.000000 0.000000 0.000000 0.000000 0.000000 0.000000 0.000000 
0.000000 0.000000 0.000000 0.000000 0.000000 0.000000 0.000000 0.000000 0.000000 0.000000 0.000000 0.000000 0.000000 0.000000 0.000000 0.000000 0.000000 0.000000 0.000000 0.000000 0.000000 0.000000 0.000000 0.000000 0.000000 0.000000 0.000000 0.000000 0.000000 0.000000 0.000000 0.000000 0.000000 0.000000 0.000000 0.000000 0.000000 0.000000 0.000000 0.000000 0.000000 0.000000 0.000000 0.000000 0.000000 0.000000 0.000000 0.000000 0.000000 0.000000 0.000000 0.000000 0.000000 0.000000 0.000000 0.000000 0.000000 0.000000 0.000000 0.000000 0.000000 0.000000 0.000000 0.000000 0.000000 0.000000 0.000000 0.000000 0.000000 0.000000 0.000000 0.000000 0.000000 0.000000 0.000000 0.000000 0.000000 0.000000 0.000000 0.000000 0.000000 0.000000 0.000000 0.000000 0.000000 0.000000 0.000000 0.000000 0.000000 0.000000 0.000000 0.000000 0.000000 0.000000 0.000000 0.000000 0.000000 0.000000 0.000000 0.000000 
0.000000 0.000000 0.000000 0.000000 0.000000 0.000000 0.000000 0.000000 0.000000 0.000000 0.000000 0.000000 0.000000 0.000000 0.000000 0.000000 0.000000 0.000000 0.000000 0.000000 0.000000 0.000000 0.000000 0.000000 0.000000 0.000000 0.000000 0.000000 0.000000 0.000000 0.000000 0.000000 0.000000 0.000000 0.000000 0.000000 0.000000 0.000000 0.000000 0.000000 0.000000 0.000000 0.000000 0.000000 0.000000 0.000000 0.000000 0.000000 0.000000 0.000000 0.000000 0.000000 0.000000 0.000000 0.000000 0.000000 0.000000 0.000000 0.000000 0.000000 0.000000 0.000000 0.000000 0.000000 0.000000 0.000000 0.000000 0.000000 0.000000 0.000000 0.000000 0.000000 0.000000 0.000000 0.000000 0.000000 0.000000 0.000000 0.000000 0.000000 0.000000 0.000000 0.000000 0.000000 0.000000 0.000000 0.000000 0.000000 0.000000 0.000000 0.000000 0.000000 0.000000 0.000000 0.000000 0.000000 0.000000 0.000000 0.000000 0.000000 
0.000000 0.000000 0.000000 0.000000 0.000000 0.000000 0.000000 0.000000 0.000000 0.000000 0.000000 0.000000 0.000000 0.000000 0.000000 0.000000 0.000000 0.000000 0.000000 0.000000 0.000000 0.000000 0.000000 0.000000 0.000000 0.000000 0.000000 0.000000 0.000000 0.000000 0.000000 0.000000 0.000000 0.000000 0.000000 0.000000 0.000000 0.000000 0.000000 0.000000 0.000000 0.000000 0.000000 0.000000 0.000000 0.000000 0.000000 0.000000 0.000000 0.000000 0.000000 0.000000 0.000000 0.000000 0.000000 0.000000 0.000000 0.000000 0.000000 0.000000 0.000000 0.000000 0.000000 0.000000 0.000000 0.000000 0.000000 0.000000 0.000000 0.000000 0.000000 0.000000 0.000000 0.000000 0.000000 0.000000 0.000000 0.000000 0.000000 0.000000 0.000000 0.000000 0.000000 0.000000 0.000000 0.000000 0.000000 0.000000 0.000000 0.000000 0.000000 0.000000 0.000000 0.000000 0.000000 0.000000 0.000000 0.000000 0.000000 0.000000 
0.000000 0.000000 0.000000 0.000000 0.000000 0.000000 0.000000 0.000000 0.000000 0.000000 0.000000 0.000000 0.000000 0.000000 0.000000 0.000000 0.000000 0.000000 0.000000 0.000000 0.000000 0.000000 0.000000 0.000000 0.000000 0.000000 0.000000 0.000000 0.000000 0.000000 0.000000 0.000000 0.000000 0.000000 0.000000 0.000000 0.000000 0.000000 0.000000 0.000000 0.000000 0.000000 0.000000 0.000000 0.000000 0.000000 0.000000 0.000000 0.000000 0.000000 0.000000 0.000000 0.000000 0.000000 0.000000 0.000000 0.000000 0.000000 0.000000 0.000000 0.000000 0.000000 0.000000 0.000000 0.000000 0.000000 0.000000 0.000000 0.000000 0.000000 0.000000 0.000000 0.000000 0.000000 0.000000 0.000000 0.000000 0.000000 0.000000 0.000000 0.000000 0.000000 0.000000 0.000000 0.000000 0.000000 0.000000 0.000000 0.000000 0.000000 0.000000 0.000000 0.000000 0.000000 0.000000 0.000000 0.000000 0.000000 0.000000 0.000000 
0.000000 0.000000 0.000000 0.000000 0.000000 0.000000 0.000000 0.000000 0.000000 0.000000 0.000000 0.000000 0.000000 0.000000 0.000000 0.000000 0.000000 0.000000 0.000000 0.000000 0.000000 0.000000 0.000000 0.000000 0.000000 0.000000 0.000000 0.000000 0.000000 0.000000 0.000000 0.000000 0.000000 0.000000 0.000000 0.000000 0.000000 0.000000 0.000000 0.000000 0.000000 0.000000 0.000001 0.000001 0.000001 0.000001 0.000001 0.000001 0.000001 0.000001 0.000001 0.000001 0.000001 0.000001 0.000001 0.000001 0.000001 0.000001 0.000001 0.000000 0.000000 0.000000 0.000000 0.000000 0.000000 0.000000 0.000000 0.000000 0.000000 0.000000 0.000000 0.000000 0.000000 0.000000 0.000000 0.000000 0.000000 0.000000 0.000000 0.000000 0.000000 0.000000 0.000000 0.000000 0.000000 0.000000 0.000000 0.000000 0.000000 0.000000 0.000000 0.000000 0.000000 0.000000 0.000000 0.000000 0.000000 0.000000 0.000000 0.000000 
0.000000 0.000000 0.000000 0.000000 0.000000 0.000000 0.000000 0.000000 0.000000 0.000000 0.000000 0.000000 0.000000 0.000000 0.000000 0.000000 0.000000 0.000000 0.000000 0.000000 0.000000 0.000000 0.000000 0.000000 0.000000 0.000000 0.000000 0.000000 0.000000 0.000000 0.000000 0.000000 0.000000 0.000000 0.000000 0.000000 0.000000 0.000000 0.000000 0.000001 0.000001 0.000001 0.000001 0.000001 0.000002 0.000002 0.000002 0.000002 0.000002 0.000002 0.000002 0.000002 0.000002 0.000002 0.000002 0.000002 0.000002 0.000001 0.000001 0.000001 0.000001 0.000001 0.000000 0.000000 0.000000 0.000000 0.000000 0.000000 0.000000 0.000000 0.000000 0.000000 0.000000 0.000000 0.000000 0.000000 0.000000 0.000000 0.000000 0.000000 0.000000 0.000000 0.000000 0.000000 0.000000 0.000000 0.000000 0.000000 0.000000 0.000000 0.000000 0.000000 0.000000 0.000000 0.000000 0.000000 0.000000 0.000000 0.000000 0.000000 
0.000000 0.000000 0.000000 0.000000 0.000000 0.000000 0.000000 0.000000 0.000000 0.000000 0.000000 0.000000 0.000000 0.000000 0.000000 0.000000 0.000000 0.000000 0.000000 0.000000 0.000000 0.000000 0.000000 0.000000 0.000000 0.000000 0.000000 0.000000 0.000000 0.000000 0.000000 0.000000 0.000000 0.000000 0.000000 0.000000 0.000001 0.000001 0.000001 0.000001 0.000002 0.000002 0.000003 0.000003 0.000004 0.000004 0.000004 0.000005 0.000005 0.000005 0.000005 0.000005 0.000005 0.000005 0.000004 0.000004 0.000004 0.000003 0.000003 0.000002 0.000002 0.000001 0.000001 0.000001 0.000001 0.000000 0.000000 0.000000 0.000000 0.000000 0.000000 0.000000 0.000000 0.000000 0.000000 0.000000 0.000000 0.000000 0.000000 0.000000 0.000000 0.000000 0.000000 0.000000 0.000000 0.000000 0.000000 0.000000 0.000000 0.000000 0.000000 0.000000 0.000000 0.000000 0.000000 0.000000 0.000000 0.000000 0.000000 0.000000 
0.000000 0.000000 0.000000 0.000000 0.000000 0.000000 0.000000 0.000000 0.000000 0.000000 0.000000 0.000000 0.000000 0.000000 0.000000 0.000000 0.000000 0.000000 0.000000 0.000000 0.000000 0.000000 0.000000 0.000000 0.000000 0.000000 0.000000 0.000000 0.000000 0.000000 0.000000 0.000000 0.000000 0.000001 0.000001 0.000001 0.000001 0.000002 0.000003 0.000003 0.000004 0.000005 0.000006 0.000007 0.000008 0.000009 0.000010 0.000011 0.000011 0.000012 0.000012 0.000012 0.000011 0.000011 0.000010 0.000009 0.000008 0.000007 0.000006 0.000005 0.000004 0.000003 0.000003 0.000002 0.000001 0.000001 0.000001 0.000001 0.000000 0.000000 0.000000 0.000000 0.000000 0.000000 0.000000 0.000000 0.000000 0.000000 0.000000 0.000000 0.000000 0.000000 0.000000 0.000000 0.000000 0.000000 0.000000 0.000000 0.000000 0.000000 0.000000 0.000000 0.000000 0.000000 0.000000 0.000000 0.000000 0.000000 0.000000 0.000000 
0.000000 0.000000 0.000000 0.000000 0.000000 0.000000 0.000000 0.000000 0.000000 0.000000 0.000000 0.000000 0.000000 0.000000 0.000000 0.000000 0.000000 0.000000 0.000000 0.000000 0.000000 0.000000 0.000000 0.000000 0.000000 0.000000 0.000000 0.000000 0.000000 0.000000 0.000000 0.000001 0.000001 0.000001 0.000002 0.000002 0.000003 0.000004 0.000006 0.000007 0.000009 0.000011 0.000013 0.000016 0.000018 0.000020 0.000022 0.000024 0.000025 0.000026 0.000026 0.000026 0.000025 0.000024 0.000022 0.000020 0.000018 0.000016 0.000013 0.000011 0.000009 0.000007 0.000006 0.000004 0.000003 0.000002 0.000002 0.000001 0.000001 0.000001 0.000000 0.000000 0.000000 0.000000 0.000000 0.000000 0.000000 0.000000 0.000000 0.000000 0.000000 0.000000 0.000000 0.000000 0.000000 0.000000 0.000000 0.000000 0.000000 0.000000 0.000000 0.000000 0.000000 0.000000 0.000000 0.000000 0.000000 0.000000 0.000000 0.000000 
0.000000 0.000000 0.000000 0.000000 0.000000 0.000000 0.000000 0.000000 0.000000 0.000000 0.000000 0.000000 0.000000 0.000000 0.000000 0.000000 0.000000 0.000000 0.000000 0.000000 0.000000 0.000000 0.000000 0.000000 0.000000 0.000000 0.000000 0.000000 0.000000 0.000001 0.000001 0.000001 0.000002 0.000003 0.000004 0.000005 0.000007 0.000010 0.000012 0.000016 0.000020 0.000024 0.000029 0.000034 0.000039 0.000043 0.000048 0.000051 0.000054 0.000056 0.000056 0.000056 0.000054 0.000051 0.000048 0.000043 0.000039 0.000034 0.000029 0.000024 0.000020 0.000016 0.000012 0.000010 0.000007 0.000005 0.000004 0.000003 0.000002 0.000001 0.000001 0.000001 0.000000 0.000000 0.000000 0.000000 0.000000 0.000000 0.000000 0.000000 0.000000 0.000000 0.000000 0.000000 0.000000 0.000000 0.000000 0.000000 0.000000 0.000000 0.000000 0.000000 0.000000 0.000000 0.000000 0.000000 0.000000 0.000000 0.000000 0.000000 
0.000000 0.000000 0.000000 0.000000 0.000000 0.000000 0.000000 0.000000 0.000000 0.000000 0.000000 0.000000 0.000000 0.000000 0.000000 0.000000 0.000000 0.000000 0.000000 0.000000 0.000000 0.000000 0.000000 0.000000 0.000000 0.000000 0.000000 0.000000 0.000001 0.000001 0.000002 0.000003 0.000004 0.000006 0.000008 0.000011 0.000015 0.000020 0.000027 0.000034 0.000042 0.000051 0.000061 0.000072 0.000082 0.000092 0.000101 0.000109 0.000115 0.000118 0.000120 0.000118 0.000115 0.000109 0.000101 0.000092 0.000082 0.000072 0.000061 0.000051 0.000042 0.000034 0.000027 0.000020 0.000015 0.000011 0.000008 0.000006 0.000004 0.000003 0.000002 0.000001 0.000001 0.000000 0.000000 0.000000 0.000000 0.000000 0.000000 0.000000 0.000000 0.000000 0.000000 0.000000 0.000000 0.000000 0.000000 0.000000 0.000000 0.000000 0.000000 0.000000 0.000000 0.000000 0.000000 0.000000 0.000000 0.000000 0.000000 0.000000 
0.000000 0.000000 0.000000 0.000000 0.000000 0.000000 0.000000 0.000000 0.000000 0.000000 0.000000 0.000000 0.000000 0.000000 0.000000 0.000000 0.000000 0.000000 0.000000 0.000000 0.000000 0.000000 0.000000 0.000000 0.000000 0.000000 0.000001 0.000001 0.000002 0.000003 0.000004 0.000006 0.000009 0.000012 0.000017 0.000024 0.000032 0.000043 0.000056 0.000071 0.000088 0.000107 0.000128 0.000150 0.000172 0.000192 0.000211 0.000227 0.000240 0.000247 0.000250 0.000247 0.000240 0.000227 0.000211 0.000192 0.000172 0.000150 0.000128 0.000107 0.000088 0.000071 0.000056 0.000043 0.000032 0.000024 0.000017 0.000012 0.000009 0.000006 0.000004 0.000003 0.000002 0.000001 0.000001 0.000000 0.000000 0.000000 0.000000 0.000000 0.000000 0.000000 0.000000 0.000000 0.000000 0.000000 0.000000 0.000000 0.000000 0.000000 0.000000 0.000000 0.000000 0.000000 0.000000 0.000000 0.000000 0.000000 0.000000 0.000000 
0.000000 0.000000 0.000000 0.000000 0.000000 0.000000 0.000000 0.000000 0.000000 0.000000 0.000000 0.000000 0.000000 0.000000 0.000000 0.000000 0.000000 0.000000 0.000000 0.000000 0.000000 0.000000 0.000000 0.000000 0.000000 0.000001 0.000001 0.000002 0.000003 0.000005 0.000008 0.000012 0.000018 0.000025 0.000036 0.000049 0.000067 0.000088 0.000115 0.000145 0.000181 0.000221 0.000263 0.000308 0.000352 0.000395 0.000434 0.000467 0.000492 0.000507 0.000513 0.000507 0.000492 0.000467 0.000434 0.000395 0.000352 0.000308 0.000263 0.000221 0.000181 0.000145 0.000115 0.000088 0.000067 0.000049 0.000036 0.000025 0.000018 0.000012 0.000008 0.000005 0.000003 0.000002 0.000001 0.000001 0.000000 0.000000 0.000000 0.000000 0.000000 0.000000 0.000000 0.000000 0.000000 0.000000 0.000000 0.000000 0.000000 0.000000 0.000000 0.000000 0.000000 0.000000 0.000000 0.000000 0.000000 0.000000 0.000000 0.000000 
0.000000 0.000000 0.000000 0.000000 0.000000 0.000000 0.000000 0.000000 0.000000 0.000000 0.000000 0.000000 0.000000 0.000000 0.000000 0.000000 0.000000 0.000000 0.000000 0.000000 0.000000 0.000000 0.000000 0.000001 0.000001 0.000002 0.000003 0.000004 0.000007 0.000011 0.000017 0.000025 0.000036 0.000052 0.000073 0.000100 0.000135 0.000179 0.000232 0.000294 0.000366 0.000445 0.000531 0.000621 0.000710 0.000796 0.000874 0.000940 0.000990 0.001022 0.001032 0.001022 0.000990 0.000940 0.000874 0.000796 0.000710 0.000621 0.000531 0.000445 0.000366 0.000294 0.000232 0.000179 0.000135 0.000100 0.000073 0.000052 0.000036 0.000025 0.000017 0.000011 0.000007 0.000004 0.000003 0.000002 0.000001 0.000001 0.000000 0.000000 0.000000 0.000000 0.000000 0.000000 0.000000 0.000000 0.000000 0.000000 0.000000 0.000000 0.000000 0.000000 0.000000 0.000000 0.000000 0.000000 0.000000 0.000000 0.000000 0.000000 
0.000000 0.000000 0.000000 0.000000 0.000000 0.000000 0.000000 0.000000 0.000000 0.000000 0.000000 0.000000 0.000000 0.000000 0.000000 0.000000 0.000000 0.000000 0.000000 0.000000 0.000000 0.000000 0.000001 0.000001 0.000002 0.000003 0.000005 0.000009 0.000014 0.000022 0.000033 0.000049 0.000072 0.000103 0.000145 0.000199 0.000269 0.000355 0.000460 0.000584 0.000725 0.000882 0.001052 0.001229 0.001406 0.001576 0.001730 0.001860 0.001959 0.002021 0.002042 0.002021 0.001959 0.001860 0.001730 0.001576 0.001406 0.001229 0.001052 0.000882 0.000725 0.000584 0.000460 0.000355 0.000269 0.000199 0.000145 0.000103 0.000072 0.000049 0.000033 0.000022 0.000014 0.000009 0.000005 0.000003 0.000002 0.000001 0.000001 0.000000 0.000000 0.000000 0.000000 0.000000 0.000000 0.000000 0.000000 0.000000 0.000000 0.000000 0.000000 0.000000 0.000000 0.000000 0.000000 0.000000 0.000000 0.000000 0.000000 0.000000 
0.000000 0.000000 0.000000 0.000000 0.000000 0.000000 0.000000 0.000000 0.000000 0.000000 0.000000 0.000000 0.000000 0.000000 0.000000 0.000000 0.000000 0.000000 0.000000 0.000000 0.000000 0.000001 0.000001 0.000002 0.000004 0.000007 0.000011 0.000017 0.000027 0.000043 0.000065 0.000097 0.000141 0.000202 0.000283 0.000390 0.000525 0.000693 0.000897 0.001137 0.001412 0.001718 0.002047 0.002390 0.002734 0.003063 0.003362 0.003614 0.003806 0.003926 0.003967 0.003926 0.003806 0.003614 0.003362 0.003063 0.002734 0.002390 0.002047 0.001718 0.001412 0.001137 0.000897 0.000693 0.000525 0.000390 0.000283 0.000202 0.000141 0.000097 0.000065 0.000043 0.000027 0.000017 0.000011 0.000007 0.000004 0.000002 0.000001 0.000001 0.000000 0.000000 0.000000 0.000000 0.000000 0.000000 0.000000 0.000000 0.000000 0.000000 0.000000 0.000000 0.000000 0.000000 0.000000 0.000000 0.000000 0.000000 0.000000 0.000000 
0.000000 0.000000 0.000000 0.000000 0.000000 0.000000 0.000000 0.000000 0.000000 0.000000 0.000000 0.000000 0.000000 0.000000 0.000000 0.000000 0.000000 0.000000 0.000000 0.000000 0.000001 0.000001 0.000003 0.000004 0.000008 0.000013 0.000021 0.000033 0.000053 0.000082 0.000125 0.000186 0.000271 0.000388 0.000544 0.000747 0.001006 0.001328 0.001717 0.002175 0.002699 0.003283 0.003911 0.004564 0.005219 0.005845 0.006414 0.006894 0.007259 0.007487 0.007565 0.007487 0.007259 0.006894 0.006414 0.005845 0.005219 0.004564 0.003911 0.003283 0.002699 0.002175 0.001717 0.001328 0.001006 0.000747 0.000544 0.000388 0.000271 0.000186 0.000125 0.000082 0.000053 0.000033 0.000021 0.000013 0.000008 0.000004 0.000003 0.000001 0.000001 0.000000 0.000000 0.000000 0.000000 0.000000 0.000000 0.000000 0.000000 0.000000 0.000000 0.000000 0.000000 0.000000 0.000000 0.000000 0.000000 0.000000 0.000000 0.000000 
0.000000 0.000000 0.000000 0.000000 0.000000 0.000000 0.000000 0.000000 0.000000 0.000000 0.000000 0.000000 0.000000 0.000000 0.000000 0.000000 0.000000 0.000000 0.000000 0.000001 0.000001 0.000003 0.000005 0.000008 0.000014 0.000024 0.000039 0.000064 0.000100 0.000155 0.000236 0.000351 0.000512 0.000732 0.001025 0.001407 0.001894 0.002497 0.003226 0.004085 0.005067 0.006159 0.007334 0.008557 0.009780 0.010952 0.012014 0.012912 0.013594 0.014020 0.014165 0.014020 0.013594 0.012912 0.012014 0.010952 0.009780 0.008557 0.007334 0.006159 0.005067 0.004085 0.003226 0.002497 0.001894 0.001407 0.001025 0.000732 0.000512 0.000351 0.000236 0.000155 0.000100 0.000064 0.000039 0.000024 0.000014 0.000008 0.000005 0.000003 0.000001 0.000001 0.000000 0.000000 0.000000 0.000000 0.000000 0.000000 0.000000 0.000000 0.000000 0.000000 0.000000 0.000000 0.000000 0.000000 0.000000 0.000000 0.000000 0.000000 
0.000000 0.000000 0.000000 0.000000 0.000000 0.000000 0.000000 0.000000 0.000000 0.000000 0.000000 0.000000 0.000000 0.000000 0.000000 0.000000 0.000000 0.000000 0.000001 0.000002 0.000003 0.000005 0.000009 0.000016 0.000027 0.000045 0.000073 0.000118 0.000186 0.000289 0.000438 0.000650 0.000948 0.001354 0.001895 0.002601 0.003497 0.004608 0.005951 0.007530 0.009337 0.011343 0.013502 0.015747 0.017994 0.020144 0.022094 0.023740 0.024991 0.025773 0.026039 0.025773 0.024991 0.023740 0.022094 0.020144 0.017994 0.015747 0.013502 0.011343 0.009337 0.007530 0.005951 0.004608 0.003497 0.002601 0.001895 0.001354 0.000948 0.000650 0.000438 0.000289 0.000186 0.000118 0.000073 0.000045 0.000027 0.000016 0.000009 0.000005 0.000003 0.000002 0.000001 0.000000 0.000000 0.000000 0.000000 0.000000 0.000000 0.000000 0.000000 0.000000 0.000000 0.000000 0.000000 0.000000 0.000000 0.000000 0.000000 0.000000 
0.000000 0.000000 0.000000 0.000000 0.000000 0.000000 0.000000 0.000000 0.000000 0.000000 0.000000 0.000000 0.000000 0.000000 0.000000 0.000000 0.000000 0.000001 0.000001 0.000003 0.000005 0.000009 0.000017 0.000029 0.000049 0.000082 0.000134 0.000216 0.000340 0.000526 0.000797 0.001184 0.001723 0.002459 0.003441 0.004717 0.006339 0.008348 0.010774 0.013626 0.016887 0.020507 0.024401 0.028448 0.032497 0.036371 0.039883 0.042848 0.045100 0.046508 0.046987 0.046508 0.045100 0.042848 0.039883 0.036371 0.032497 0.028448 0.024401 0.020507 0.016887 0.013626 0.010774 0.008348 0.006339 0.004717 0.003441 0.002459 0.001723 0.001184 0.000797 0.000526 0.000340 0.000216 0.000134 0.000082 0.000049 0.000029 0.000017 0.000009 0.000005 0.000003 0.000001 0.000001 0.000000 0.000000 0.000000 0.000000 0.000000 0.000000 0.000000 0.000000 0.000000 0.000000 0.000000 0.000000 0.000000 0.000000 0.000000 0.000000 
0.000000 0.000000 0.000000 0.000000 0.000000 0.000000 0.000000 0.000000 0.000000 0.000000 0.000000 0.000000 0.000000 0.000000 0.000000 0.000000 0.000001 0.000001 0.000003 0.000005 0.000009 0.000017 0.000030 0.000052 0.000088 0.000147 0.000241 0.000387 0.000609 0.000941 0.001424 0.002113 0.003074 0.004384 0.006129 0.008398 0.011278 0.014843 0.019146 0.024201 0.029978 0.036389 0.043283 0.050446 0.057608 0.064460 0.070670 0.075912 0.079893 0.082382 0.083229 0.082382 0.079893 0.075912 0.070670 0.064460 0.057608 0.050446 0.043283 0.036389 0.029978 0.024201 0.019146 0.014843 0.011278 0.008398 0.006129 0.004384 0.003074 0.002113 0.001424 0.000941 0.000609 0.000387 0.000241 0.000147 0.000088 0.000052 0.000030 0.000017 0.000009 0.000005 0.000003 0.000001 0.000001 0.000000 0.000000 0.000000 0.000000 0.000000 0.000000 0.000000 0.000000 0.000000 0.000000 0.000000 0.000000 0.000000 0.000000 0.000000 
0.000000 0.000000 0.000000 0.000000 0.000000 0.000000 0.000000 0.000000 0.000000 0.000000 0.000000 0.000000 0.000000 0.000000 0.000000 0.000001 0.000001 0.000003 0.000005 0.000009 0.000017 0.000030 0.000053 0.000091 0.000155 0.000259 0.000424 0.000680 0.001070 0.001651 0.002497 0.003703 0.005382 0.007670 0.010715 0.014671 0.019690 0.025900 0.033390 0.042186 0.052233 0.063377 0.075355 0.087797 0.100235 0.112130 0.122908 0.132005 0.138913 0.143230 0.144699 0.143230 0.138913 0.132005 0.122908 0.112130 0.100235 0.087797 0.075355 0.063377 0.052233 0.042186 0.033390 0.025900 0.019690 0.014671 0.010715 0.007670 0.005382 0.003703 0.002497 0.001651 0.001070 0.000680 0.000424 0.000259 0.000155 0.000091 0.000053 0.000030 0.000017 0.000009 0.000005 0.000003 0.000001 0.000001 0.000000 0.000000 0.000000 0.000000 0.000000 0.000000 0.000000 0.000000 0.000000 0.000000 0.000000 0.000000 0.000000 0.000000 
0.000000 0.000000 0.000000 0.000000 0.000000 0.000000 0.000000 0.000000 0.000000 0.000000 0.000000 0.000000 0.000000 0.000000 0.000001 0.000001 0.000002 0.000004 0.000008 0.000016 0.000029 0.000052 0.000091 0.000158 0.000269 0.000448 0.000732 0.001174 0.001845 0.002843 0.004296 0.006365 0.009246 0.013167 0.018381 0.025151 0.033735 0.044350 0.057146 0.072165 0.089313 0.108325 0.128753 0.149965 0.171163 0.191432 0.209793 0.225287 0.237052 0.244405 0.246906 0.244405 0.237052 0.225287 0.209793 0.191432 0.171163 0.149965 0.128753 0.108325 0.089313 0.072165 0.057146 0.044350 0.033735 0.025151 0.018381 0.013167 0.009246 0.006365 0.004296 0.002843 0.001845 0.001174 0.000732 0.000448 0.000269 0.000158 0.000091 0.000052 0.000029 0.000016 0.000008 0.000004 0.000002 0.000001 0.000001 0.000000 0.000000 0.000000 0.000000 0.000000 0.000000 0.000000 0.000000 0.000000 0.000000 0.000000 0.000000 0.000000 
0.000000 0.000000 0.000000 0.000000 0.000000 0.000000 0.000000 0.000000 0.000000 0.000000 0.000000 0.000000 0.000000 0.000000 0.000001 0.000002 0.000004 0.000008 0.000014 0.000027 0.000049 0.000088 0.000155 0.000269 0.000456 0.000760 0.001240 0.001986 0.003119 0.004803 0.007252 0.010737 0.015585 0.022178 0.030939 0.042309 0.056716 0.074521 0.095973 0.121142 0.149865 0.181697 0.215888 0.251378 0.286837 0.320733 0.351432 0.377333 0.396998 0.409287 0.413468 0.409287 0.396998 0.377333 0.351432 0.320733 0.286837 0.251378 0.215888 0.181697 0.149865 0.121142 0.095973 0.074521 0.056716 0.042309 0.030939 0.022178 0.015585 0.010737 0.007252 0.004803 0.003119 0.001986 0.001240 0.000760 0.000456 0.000269 0.000155 0.000088 0.000049 0.000027 0.000014 0.000008 0.000004 0.000002 0.000001 0.000000 0.000000 0.000000 0.000000 0.000000 0.000000 0.000000 0.000000 0.000000 0.000000 0.000000 0.000000 0.000000 
0.000000 0.000000 0.000000 0.000000 0.000000 0.000000 0.000000 0.000000 0.000000 0.000000 0.000000 0.000000 0.000000 0.000001 0.000002 0.000003 0.000007 0.000013 0.000024 0.000045 0.000082 0.000147 0.000259 0.000448 0.000760 0.001263 0.002061 0.003297 0.005174 0.007960 0.012010 0.017768 0.025772 0.036649 0.051095 0.069832 0.093557 0.122865 0.158157 0.199545 0.246756 0.299059 0.355217 0.413491 0.471699 0.527326 0.577699 0.620192 0.652450 0.672606 0.679463 0.672606 0.652450 0.620192 0.577699 0.527326 0.471699 0.413491 0.355217 0.299059 0.246756 0.199545 0.158157 0.122865 0.093557 0.069832 0.051095 0.036649 0.025772 0.017768 0.012010 0.007960 0.005174 0.003297 0.002061 0.001263 0.000760 0.000448 0.000259 0.000147 0.000082 0.000045 0.000024 0.000013 0.000007 0.000003 0.000002 0.000001 0.000000 0.000000 0.000000 0.000000 0.000000 0.000000 0.000000 0.000000 0.000000 0.000000 0.000000 0.000000 
0.000000 0.000000 0.000000 0.000000 0.000000 0.000000 0.000000 0.000000 0.000000 0.000000 0.000000 0.000000 0.000001 0.000001 0.000003 0.000005 0.000011 0.000021 0.000039 0.000073 0.000134 0.000241 0.000424 0.000732 0.001240 0.002061 0.003359 0.005369 0.008418 0.012942 0.019511 0.028844 0.041809 0.059417 0.082787 0.113081 0.151418 0.198752 0.255722 0.322503 0.398650 0.482977 0.573489 0.667385 0.761148 0.850734 0.931845 1.000255 1.052183 1.084628 1.095665 1.084628 1.052183 1.000255 0.931845 0.850734 0.761148 0.667385 0.573489 0.482977 0.398650 0.322503 0.255722 0.198752 0.151418 0.113081 0.082787 0.059417 0.041809 0.028844 0.019511 0.012942 0.008418 0.005369 0.003359 0.002061 0.001240 0.000732 0.000424 0.000241 0.000134 0.000073 0.000039 0.000021 0.000011 0.000005 0.000003 0.000001 0.000001 0.000000 0.000000 0.000000 0.000000 0.000000 0.000000 0.000000 0.000000 0.000000 0.000000 0.000000 
0.000000 0.000000 0.000000 0.000000 0.000000 0.000000 0.000000 0.000000 0.000000 0.000000 0.000000 0.000000 0.000001 0.000002 0.000004 0.000009 0.000017 0.000033 0.000064 0.000118 0.000216 0.000387 0.000680 0.001174 0.001986 0.003297 0.005369 0.008576 0.013434 0.020639 0.031093 0.045933 0.066536 0.094500 0.131589 0.179643 0.240422 0.315427 0.405660 0.511386 0.631893 0.765297 0.908441 1.056892 1.205097 1.346670 1.474825 1.582899 1.664924 1.716171 1.733603 1.716171 1.664924 1.582899 1.474825 1.346670 1.205097 1.056892 0.908441 0.765297 0.631893 0.511386 0.405660 0.315427 0.240422 0.179643 0.131589 0.094500 0.066536 0.045933 0.031093 0.020639 0.013434 0.008576 0.005369 0.003297 0.001986 0.001174 0.000680 0.000387 0.000216 0.000118 0.000064 0.000033 0.000017 0.000009 0.000004 0.000002 0.000001 0.000000 0.000000 0.000000 0.000000 0.000000 0.000000 0.000000 0.000000 0.000000 0.000000 0.000000 
0.000000 0.000000 0.000000 0.000000 0.000000 0.000000 0.000000 0.000000 0.000000 0.000000 0.000000 0.000001 0.000002 0.000003 0.000007 0.000014 0.000027 0.000053 0.000100 0.000186 0.000340 0.000609 0.001070 0.001845 0.003119 0.005174 0.008418 0.013434 0.021029 0.032282 0.048600 0.071749 0.103866 0.147431 0.205180 0.279958 0.374492 0.491096 0.631311 0.795534 0.982644 1.189711 1.411825 1.642113 1.871962 2.091481 2.290159 2.457684 2.584817 2.664241 2.691256 2.664241 2.584817 2.457684 2.290159 2.091481 1.871962 1.642113 1.411825 1.189711 0.982644 0.795534 0.631311 0.491096 0.374492 0.279958 0.205180 0.147431 0.103866 0.071749 0.048600 0.032282 0.021029 0.013434 0.008418 0.005174 0.003119 0.001845 0.001070 0.000609 0.000340 0.000186 0.000100 0.000053 0.000027 0.000014 0.000007 0.000003 0.000002 0.000001 0.000000 0.000000 0.000000 0.000000 0.000000 0.000000 0.000000 0.000000 0.000000 0.000000 
0.000000 0.000000 0.000000 0.000000 0.000000 0.000000 0.000000 0.000000 0.000000 0.000000 0.000001 0.000001 0.000003 0.000005 0.000011 0.000022 0.000043 0.000082 0.000155 0.000289 0.000526 0.000941 0.001651 0.002843 0.004803 0.007960 0.012942 0.020639 0.032282 0.049523 0.074507 0.109926 0.159036 0.225611 0.313814 0.427968 0.572210 0.750044 0.963798 1.214053 1.499081 1.814406 2.152546 2.503037 2.852780 3.186737 3.488941 3.743723 3.937057 4.057831 4.098909 4.057831 3.937057 3.743723 3.488941 3.186737 2.852780 2.503037 2.152546 1.814406 1.499081 1.214053 0.963798 0.750044 0.572210 0.427968 0.313814 0.225611 0.159036 0.109926 0.074507 0.049523 0.032282 0.020639 0.012942 0.007960 0.004803 0.002843 0.001651 0.000941 0.000526 0.000289 0.000155 0.000082 0.000043 0.000022 0.000011 0.000005 0.000003 0.000001 0.000001 0.000000 0.000000 0.000000 0.000000 0.000000 0.000000 0.000000 0.000000 0.000000 
0.000000 0.000000 0.000000 0.000000 0.000000 0.000000 0.000000 0.000000 0.000000 0.000000 0.000001 0.000002 0.000004 0.000008 0.000017 0.000033 0.000065 0.000125 0.000236 0.000438 0.000797 0.001424 0.002497 0.004296 0.007252 0.012010 0.019511 0.031093 0.048600 0.074507 0.112023 0.165176 0.238833 0.338628 0.470773 0.641712 0.857606 1.123661 1.443327 1.817438 2.243387 2.714463 3.219481 3.742814 4.264915 4.763358 5.214335 5.594499 5.882947 6.063126 6.124407 6.063126 5.882947 5.594499 5.214335 4.763358 4.264915 3.742814 3.219481 2.714463 2.243387 1.817438 1.443327 1.123661 0.857606 0.641712 0.470773 0.338628 0.238833 0.165176 0.112023 0.074507 0.048600 0.031093 0.019511 0.012010 0.007252 0.004296 0.002497 0.001424 0.000797 0.000438 0.000236 0.000125 0.000065 0.000033 0.000017 0.000008 0.000004 0.000002 0.000001 0.000000 0.000000 0.000000 0.000000 0.000000 0.000000 0.000000 0.000000 0.000000 
0.000000 0.000000 0.000000 0.000000 0.000000 0.000000 0.000000 0.000000 0.000000 0.000001 0.000001 0.000003 0.000006 0.000012 0.000025 0.000049 0.000097 0.000186 0.000351 0.000650 0.001184 0.002113 0.003703 0.006365 0.010737 0.017768 0.028844 0.045933 0.071749 0.109926 0.165176 0.243410 0.351760 0.498482 0.692670 0.943745 1.260708 1.651153 2.120094 2.668706 3.293131 3.983505 4.723423 5.489990 6.254593 6.984419 7.644646 8.201135 8.623332 8.887042 8.976730 8.887042 8.623332 8.201135 7.644646 6.984419 6.254593 5.489990 4.723423 3.983505 3.293131 2.668706 2.120094 1.651153 1.260708 0.943745 0.692670 0.498482 0.351760 0.243410 0.165176 0.109926 0.071749 0.045933 0.028844 0.017768 0.010737 0.006365 0.003703 0.002113 0.001184 0.000650 0.000351 0.000186 0.000097 0.000049 0.000025 0.000012 0.000006 0.000003 0.000001 0.000001 0.000000 0.000000 0.000000 0.000000 0.000000 0.000000 0.000000 0.000000 
0.000000 0.000000 0.000000 0.000000 0.000000 0.000000 0.000000 0.000000 0.000000 0.000001 0.000002 0.000004 0.000009 0.000018 0.000036 0.000072 0.000141 0.000271 0.000512 0.000948 0.001723 0.003074 0.005382 0.009246 0.015585 0.025772 0.041809 0.066536 0.103866 0.159036 0.238833 0.351760 0.508076 0.719645 0.999522 1.361228 1.817660 2.379686 3.054452 3.843593 4.741504 5.733968 6.797383 7.898848 8.997273 10.045557 10.993739 11.792847 12.399063 12.777691 12.906460 12.777691 12.399063 11.792847 10.993739 10.045557 8.997273 7.898848 6.797383 5.733968 4.741504 3.843593 3.054452 2.379686 1.817660 1.361228 0.999522 0.719645 0.508076 0.351760 0.238833 0.159036 0.103866 0.066536 0.041809 0.025772 0.015585 0.009246 0.005382 0.003074 0.001723 0.000948 0.000512 0.000271 0.000141 0.000072 0.000036 0.000018 0.000009 0.000004 0.000002 0.000001 0.000000 0.000000 0.000000 0.000000 0.000000 0.000000 0.000000 0.000000 
0.000000 0.000000 0.000000 0.000000 0.000000 0.000000 0.000000 0.000000 0.000001 0.000001 0.000003 0.000006 0.000012 0.000025 0.000052 0.000103 0.000202 0.000388 0.000732 0.001354 0.002459 0.004384 0.007670 0.013167 0.022178 0.036649 0.059417 0.094500 0.147431 0.225611 0.338628 0.498482 0.719645 1.018837 1.414450 1.925510 2.570154 3.363635 4.315955 5.429336 6.695806 8.095262 9.594402 11.146850 12.694721 14.171696 15.507452 16.633079 17.486927 18.020193 18.201548 18.020193 17.486927 16.633079 15.507452 14.171696 12.694721 11.146850 9.594402 8.095262 6.695806 5.429336 4.315955 3.363635 2.570154 1.925510 1.414450 1.018837 0.719645 0.498482 0.338628 0.225611 0.147431 0.094500 0.059417 0.036649 0.022178 0.013167 0.007670 0.004384 0.002459 0.001354 0.000732 0.000388 0.000202 0.000103 0.000052 0.000025 0.000012 0.000006 0.000003 0.000001 0.000001 0.000000 0.000000 0.000000 0.000000 0.000000 0.000000 0.000000 
0.000000 0.000000 0.000000 0.000000 0.000000 0.000000 0.000000 0.000000 0.000001 0.000002 0.000004 0.000008 0.000017 0.000036 0.000073 0.000145 0.000283 0.000544 0.001025 0.001895 0.003441 0.006129 0.010715 0.018381 0.030939 0.051095 0.082787 0.131589 0.205180 0.313814 0.470773 0.692670 0.999522 1.414450 1.962863 2.671025 3.563954 4.662656 5.980863 7.521544 9.273578 11.209095 13.282007 15.428192 17.567670 19.608843 21.454618 23.009874 24.189528 24.926236 25.176772 24.926236 24.189528 23.009874 21.454618 19.608843 17.567670 15.428192 13.282007 11.209095 9.273578 7.521544 5.980863 4.662656 3.563954 2.671025 1.962863 1.414450 0.999522 0.692670 0.470773 0.313814 0.205180 0.131589 0.082787 0.051095 0.030939 0.018381 0.010715 0.006129 0.003441 0.001895 0.001025 0.000544 0.000283 0.000145 0.000073 0.000036 0.000017 0.000008 0.000004 0.000002 0.000001 0.000000 0.000000 0.000000 0.000000 0.000000 0.000000 0.000000 
0.000000 0.000000 0.000000 0.000000 0.000000 0.000000 0.000000 0.000000 0.000001 0.000002 0.000005 0.000011 0.000024 0.000049 0.000100 0.000199 0.000390 0.000747 0.001407 0.002601 0.004717 0.008398 0.014671 0.025151 0.042309 0.069832 0.113081 0.179643 0.279958 0.427968 0.641712 0.943745 1.361228 1.925510 2.671025 3.633342 4.846303 6.338292 8.127806 10.218740 12.595887 15.221358 18.032596 20.942650 23.843124 26.609930 29.111575 31.219267 32.817827 33.816099 34.155578 33.816099 32.817827 31.219267 29.111575 26.609930 23.843124 20.942650 18.032596 15.221358 12.595887 10.218740 8.127806 6.338292 4.846303 3.633342 2.671025 1.925510 1.361228 0.943745 0.641712 0.427968 0.279958 0.179643 0.113081 0.069832 0.042309 0.025151 0.014671 0.008398 0.004717 0.002601 0.001407 0.000747 0.000390 0.000199 0.000100 0.000049 0.000024 0.000011 0.000005 0.000002 0.000001 0.000000 0.000000 0.000000 0.000000 0.000000 0.000000 0.000000 
0.000000 0.000000 0.000000 0.000000 0.000000 0.000000 0.000000 0.000001 0.000001 0.000003 0.000007 0.000015 0.000032 0.000067 0.000135 0.000269 0.000525 0.001006 0.001894 0.003497 0.006339 0.011278 0.019690 0.033735 0.056716 0.093557 0.151418 0.240422 0.374492 0.572210 0.857606 1.260708 1.817660 2.570154 3.563954 4.846303 6.462115 8.449005 10.831423 13.614382 16.777505 20.270277 24.009430 27.879322 31.735870 35.414197 38.739631 41.541135 43.665766 44.992500 45.443668 44.992500 43.665766 41.541135 38.739631 35.414197 31.735870 27.879322 24.009430 20.270277 16.777505 13.614382 10.831423 8.449005 6.462115 4.846303 3.563954 2.570154 1.817660 1.260708 0.857606 0.572210 0.374492 0.240422 0.151418 0.093557 0.056716 0.033735 0.019690 0.011278 0.006339 0.003497 0.001894 0.001006 0.000525 0.000269 0.000135 0.000067 0.000032 0.000015 0.000007 0.000003 0.000001 0.000001 0.000000 0.000000 0.000000 0.000000 0.000000 0.000000 
0.000000 0.000000 0.000000 0.000000 0.000000 0.000000 0.000000 0.000001 0.000002 0.000004 0.000010 0.000020 0.000043 0.000088 0.000179 0.000355 0.000693 0.001328 0.002497 0.004608 0.008348 0.014843 0.025900 0.044350 0.074521 0.122865 0.198752 0.315427 0.491096 0.750044 1.123661 1.651153 2.379686 3.363635 4.662656 6.338292 8.449005 11.043700 14.154079 17.786481 21.914140 26.471018 31.348426 36.395531 41.424498 46.220462 50.555857 54.207894 56.977387 58.706736 59.294804 58.706736 56.977387 54.207894 50.555857 46.220462 41.424498 36.395531 31.348426 26.471018 21.914140 17.786481 14.154079 11.043700 8.449005 6.338292 4.662656 3.363635 2.379686 1.651153 1.123661 0.750044 0.491096 0.315427 0.198752 0.122865 0.074521 0.044350 0.025900 0.014843 0.008348 0.004608 0.002497 0.001328 0.000693 0.000355 0.000179 0.000088 0.000043 0.000020 0.000010 0.000004 0.000002 0.000001 0.000000 0.000000 0.000000 0.000000 0.000000 0.000000 
0.000000 0.000000 0.000000 0.000000 0.000000 0.000000 0.000000 0.000001 0.000003 0.000006 0.000012 0.000027 0.000056 0.000115 0.000232 0.000460 0.000897 0.001717 0.003226 0.005951 0.010774 0.019146 0.033390 0.057146 0.095973 0.158157 0.255722 0.405660 0.631311 0.963798 1.443327 2.120094 3.054452 4.315955 5.980863 8.127806 10.831423 14.154079 18.136102 22.785363 28.067404 33.897579 40.136764 46.592027 53.023220 59.155731 64.698785 69.367763 72.908240 75.118927 75.870661 75.118927 72.908240 69.367763 64.698785 59.155731 53.023220 46.592027 40.136764 33.897579 28.067404 22.785363 18.136102 14.154079 10.831423 8.127806 5.980863 4.315955 3.054452 2.120094 1.443327 0.963798 0.631311 0.405660 0.255722 0.158157 0.095973 0.057146 0.033390 0.019146 0.010774 0.005951 0.003226 0.001717 0.000897 0.000460 0.000232 0.000115 0.000056 0.000027 0.000012 0.000006 0.000003 0.000001 0.000001 0.000000 0.000000 0.000000 0.000000 0.000000 
0.000000 0.000000 0.000000 0.000000 0.000000 0.000000 0.000001 0.000001 0.000003 0.000007 0.000016 0.000034 0.000071 0.000145 0.000294 0.000584 0.001137 0.002175 0.004085 0.007530 0.013626 0.024201 0.042186 0.072165 0.121142 0.199545 0.322503 0.511386 0.795534 1.214053 1.817438 2.668706 3.843593 5.429336 7.521544 10.218740 13.614382 17.786481 22.785363 28.620628 35.248800 42.563498 50.390098 58.486599 66.551907 74.241817 81.191952 87.045715 91.484374 94.255791 95.198181 94.255791 91.484374 87.045715 81.191952 74.241817 66.551907 58.486599 50.390098 42.563498 35.248800 28.620628 22.785363 17.786481 13.614382 10.218740 7.521544 5.429336 3.843593 2.668706 1.817438 1.214053 0.795534 0.511386 0.322503 0.199545 0.121142 0.072165 0.042186 0.024201 0.013626 0.007530 0.004085 0.002175 0.001137 0.000584 0.000294 0.000145 0.000071 0.000034 0.000016 0.000007 0.000003 0.000001 0.000001 0.000000 0.000000 0.000000 0.000000 0.000000 
0.000000 0.000000 0.000000 0.000000 0.000000 0.000000 0.000001 0.000002 0.000004 0.000009 0.000020 0.000042 0.000088 0.000181 0.000366 0.000725 0.001412 0.002699 0.005067 0.009337 0.016887 0.029978 0.052233 0.089313 0.149865 0.246756 0.398650 0.631893 0.982644 1.499081 2.243387 3.293131 4.741504 6.695806 9.273578 12.595887 16.777505 21.914140 28.067404 35.248800 43.404560 52.403610 62.031028 71.989155 81.907785 91.363832 99.909505 107.106642 112.563658 115.970807 117.129352 115.970807 112.563658 107.106642 99.909505 91.363832 81.907785 71.989155 62.031028 52.403610 43.404560 35.248800 28.067404 21.914140 16.777505 12.595887 9.273578 6.695806 4.741504 3.293131 2.243387 1.499081 0.982644 0.631893 0.398650 0.246756 0.149865 0.089313 0.052233 0.029978 0.016887 0.009337 0.005067 0.002699 0.001412 0.000725 0.000366 0.000181 0.000088 0.000042 0.000020 0.000009 0.000004 0.000002 0.000001 0.000000 0.000000 0.000000 0.000000 0.000000 
0.000000 0.000000 0.000000 0.000000 0.000000 0.000000 0.000001 0.000002 0.000005 0.000011 0.000024 0.000051 0.000107 0.000221 0.000445 0.000882 0.001718 0.003283 0.006159 0.011343 0.020507 0.036389 0.063377 0.108325 0.181697 0.299059 0.482977 0.765297 1.189711 1.814406 2.714463 3.983505 5.733968 8.095262 11.209095 15.221358 20.270277 26.471018 33.897579 42.563498 52.403610 63.259574 74.872029 86.881966 98.843034 110.245256 120.548977 129.226225 135.805199 139.912735 141.309414 139.912735 135.805199 129.226225 120.548977 110.245256 98.843034 86.881966 74.872029 63.259574 52.403610 42.563498 33.897579 26.471018 20.270277 15.221358 11.209095 8.095262 5.733968 3.983505 2.714463 1.814406 1.189711 0.765297 0.482977 0.299059 0.181697 0.108325 0.063377 0.036389 0.020507 0.011343 0.006159 0.003283 0.001718 0.000882 0.000445 0.000221 0.000107 0.000051 0.000024 0.000011 0.000005 0.000002 0.000001 0.000000 0.000000 0.000000 0.000000 0.000000 
0.000000 0.000000 0.000000 0.000000 0.000000 0.000001 0.000001 0.000003 0.000006 0.000013 0.000029 0.000061 0.000128 0.000263 0.000531 0.001052 0.002047 0.003911 0.007334 0.013502 0.024401 0.043283 0.075355 0.128753 0.215888 0.355217 0.573489 0.908441 1.411825 2.152546 3.219481 4.723423 6.797383 9.594402 13.282007 18.032596 24.009430 31.348426 40.136764 50.390098 62.031028 74.872029 88.606220 102.809019 116.952720 130.434529 142.616685 152.875308 160.652952 165.508740 167.159825 165.508740 160.652952 152.875308 142.616685 130.434529 116.952720 102.809019 88.606220 74.872029 62.031028 50.390098 40.136764 31.348426 24.009430 18.032596 13.282007 9.594402 6.797383 4.723423 3.219481 2.152546 1.411825 0.908441 0.573489 0.355217 0.215888 0.128753 0.075355 0.043283 0.024401 0.013502 0.007334 0.003911 0.002047 0.001052 0.000531 0.000263 0.000128 0.000061 0.000029 0.000013 0.000006 0.000003 0.000001 0.000001 0.000000 0.000000 0.000000 0.000000 
