0.000000 0.000000 0.000000 0.000000 0.000000 0.000000 0.000000 0.000000 0.000000 0.000000 0.000000 0.000000 0.000000 0.000000 0.000000 0.000000 0.000000 0.000000 0.000000 0.000000 0.000000 0.000000 0.000000 0.000000 0.000000 0.000000 0.000000 0.000000 0.000000 0.000000 0.000000 0.000000 0.000000 0.000000 0.000000 0.000000 0.000000 0.000000 0.000000 0.000000 0.000000 0.000000 0.000000 0.000000 0.000000 0.000000 0.000000 0.000000 0.000000 0.000000 0.000000 0.000000 0.000000 0.000000 0.000000 0.000000 0.000000 0.000000 0.000000 0.000000 0.000000 0.000000 0.000000 0.000000 0.000000 0.000000 0.000000 0.000000 0.000000 0.000000 0.000000 0.000000 0.000000 0.000000 0.000000 0.000000 0.000000 0.000000 0.000000 0.000000 0.000000 0.000000 0.000000 0.000000 0.000000 0.000000 0.000000 0.000000 0.000000 0.000000 0.000000 0.000000 0.000000 0.000000 0.000000 0.000000 0.000000 0.000000 0.000000 0.000000 
0.000000 0.000000 0.000000 0.000000 0.000000 0.000000 0.000000 0.000000 0.000000 0.000000 0.000000 0.000000 0.000000 0.000000 0.000000 0.000000 0.000000 0.000000 0.000000 0.000000 0.000000 0.000000 0.000000 0.000000 0.000000 0.000000 0.000000 0.000000 0.000000 0.000000 0.000000 0.000000 0.000000 0.000000 0.000000 0.000000 0.000000 0.000000 0.000000 0.000000 0.000000 0.000000 0.000000 0.000000 0.000000 0.000000 0.000000 0.000000 0.000000 0.000000 0.000000 0.000000 0.000000 0.000000 0.000000 0.000000 0.000000 0.000000 0.000000 0.000000 0.000000 0.000000 0.000000 0.000000 0.000000 0.000000 0.000000 0.000000 0.000000 0.000000 0.000000 0.000000 0.000000 0.000000 0.000000 0.000000 0.000000 0.000000 0.000000 0.000000 0.000000 0.000000 0.000000 0.000000 0.000000 0.000000 0.000000 0.000000 0.000000 0.000000 0.000000 0.000000 0.000000 0.000000 0.000000 0.000000 0.000000 0.000000 0.000000 0.000000 
0.000000 0.000000 0.000000 0.000000 0.000000 0.000000 0.000000 0.000000 0.000000 0.000000 0.000000 0.000000 0.000000 0.000000 0.000000 0.000000 0.000000 0.000000 0.000000 0.000000 0.000000 0.000000 0.000000 0.000000 0.000000 0.000000 0.000000 0.000000 0.000000 0.000000 0.000000 0.000000 0.000000 0.000000 0.000000 0.000000 0.000000 0.000000 0.000000 0.000000 0.000000 0.000000 0.000000 0.000000 0.000000 0.000000 0.000000 0.000000 0.000000 0.000000 0.000000 0.000000 0.000000 0.000000 0.000000 0.000000 0.000000 0.000000 0.000000 0.000000 0.000000 0.000000 0.000000 0.000000 0.000000 0.000000 0.000000 0.000000 0.000000 0.000000 0.000000 0.000000 0.000000 0.000000 0.000000 0.000000 0.000000 0.000000 0.000000 0.000000 0.000000 0.000000 0.000000 0.000000 0.000000 0.000000 0.000000 0.000000 0.000000 0.000000 0.000000 0.000000 0.000000 0.000000 0.000000 0.000000 0.000000 0.000000 0.000000 0.000000 
0.000000 0.000000 0.000000 0.000000 0.000000 0.000000 0.000000 0.000000 0.000000 0.000000 0.000000 0.000000 0.000000 0.000000 0.000000 0.000000 0.000000 0.000000 0.000000 0.000000 0.000000 0.000000 0.000000 0.000000 0.000000 0.000000 0.000000 0.000000 0.000000 0.000000 0.000000 0.000000 0.000000 0.000000 0.000000 0.000000 0.000000 0.000000 0.000000 0.000000 0.000000 0.000000 0.000000 0.000000 0.000000 0.000000 0.000000 0.000000 0.000000 0.000000 0.000000 0.000000 0.000000 0.000000 0.000000 0.000000 0.000000 0.000000 0.000000 0.000000 0.000000 0.000000 0.000000 0.000000 0.000000 0.000000 0.000000 0.000000 0.000000 0.000000 0.000000 0.000000 0.000000 0.000000 0.000000 0.000000 0.000000 0.000000 0.000000 0.000000 0.000000 0.000000 0.000000 0.000000 0.000000 0.000000 0.000000 0.000000 0.000000 0.000000 0.000000 0.000000 0.000000 0.000000 0.000000 0.000000 0.000000 0.000000 0.000000 0.000000 
0.000000 0.000000 0.000000 0.000000 0.000000 0.000000 0.000000 0.000000 0.000000 0.000000 0.000000 0.000000 0.000000 0.000000 0.000000 0.000000 0.000000 0.000000 0.000000 0.000000 0.000000 0.000000 0.000000 0.000000 0.000000 0.000000 0.000000 0.000000 0.000000 0.000000 0.000000 0.000000 0.000000 0.000000 0.000000 0.000000 0.000000 0.000000 0.000000 0.000000 0.000000 0.000000 0.000000 0.000000 0.000000 0.000000 0.000000 0.000000 0.000000 0.000000 0.000000 0.000000 0.000000 0.000000 0.000000 0.000000 0.000000 0.000000 0.000000 0.000000 0.000000 0.000000 0.000000 0.000000 0.000000 0.000000 0.000000 0.000000 0.000000 0.000000 0.000000 0.000000 0.000000 0.000000 0.000000 0.000000 0.000000 0.000000 0.000000 0.000000 0.000000 0.000000 0.000000 0.000000 0.000000 0.000000 0.000000 0.000000 0.000000 0.000000 0.000000 0.000000 0.000000 0.000000 0.000000 0.000000 0.000000 0.000000 0.000000 0.000000 
0.000000 0.000000 0.000000 0.000000 0.000000 0.000000 0.000000 0.000000 0.000000 0.000000 0.000000 0.000000 0.000000 0.000000 0.000000 0.000000 0.000000 0.000000 0.000000 0.000000 0.000000 0.000000 0.000000 0.000000 0.000000 0.000000 0.000000 0.000000 0.000000 0.000000 0.000000 0.000000 0.000000 0.000000 0.000000 0.000000 0.000000 0.000000 0.000000 0.000000 0.000000 0.000000 0.000000 0.000001 0.000001 0.000001 0.000001 0.000001 0.000001 0.000001 0.000001 0.000001 0.000001 0.000001 0.000001 0.000001 0.000001 0.000001 0.000000 0.000000 0.000000 0.000000 0.000000 0.000000 0.000000 0.000000 0.000000 0.000000 0.000000 0.000000 0.000000 0.000000 0.000000 0.000000 0.000000 0.000000 0.000000 0.000000 0.000000 0.000000 0.000000 0.000000 0.000000 0.000000 0.000000 0.000000 0.000000 0.000000 0.000000 0.000000 0.000000 0.000000 0.000000 0.000000 0.000000 0.000000 0.000000 0.000000 0.000000 0.000000 
0.000000 0.000000 0.000000 0.000000 0.000000 0.000000 0.000000 0.000000 0.000000 0.000000 0.000000 0.000000 0.000000 0.000000 0.000000 0.000000 0.000000 0.000000 0.000000 0.000000 0.000000 0.000000 0.000000 0.000000 0.000000 0.000000 0.000000 0.000000 0.000000 0.000000 0.000000 0.000000 0.000000 0.000000 0.000000 0.000000 0.000000 0.000000 0.000000 0.000001 0.000001 0.000001 0.000001 0.000001 0.000001 0.000002 0.000002 0.000002 0.000002 0.000002 0.000002 0.000002 0.000002 0.000002 0.000002 0.000002 0.000001 0.000001 0.000001 0.000001 0.000001 0.000001 0.000000 0.000000 0.000000 0.000000 0.000000 0.000000 0.000000 0.000000 0.000000 0.000000 0.000000 0.000000 0.000000 0.000000 0.000000 0.000000 0.000000 0.000000 0.000000 0.000000 0.000000 0.000000 0.000000 0.000000 0.000000 0.000000 0.000000 0.000000 0.000000 0.000000 0.000000 0.000000 0.000000 0.000000 0.000000 0.000000 0.000000 0.000000 
0.000000 0.000000 0.000000 0.000000 0.000000 0.000000 0.000000 0.000000 0.000000 0.000000 0.000000 0.000000 0.000000 0.000000 0.000000 0.000000 0.000000 0.000000 0.000000 0.000000 0.000000 0.000000 0.000000 0.000000 0.000000 0.000000 0.000000 0.000000 0.000000 0.000000 0.000000 0.000000 0.000000 0.000000 0.000000 0.000000 0.000001 0.000001 0.000001 0.000001 0.000002 0.000002 0.000002 0.000003 0.000003 0.000004 0.000004 0.000004 0.000004 0.000005 0.000005 0.000005 0.000004 0.000004 0.000004 0.000004 0.000003 0.000003 0.000002 0.000002 0.000002 0.000001 0.000001 0.000001 0.000001 0.000000 0.000000 0.000000 0.000000 0.000000 0.000000 0.000000 0.000000 0.000000 0.000000 0.000000 0.000000 0.000000 0.000000 0.000000 0.000000 0.000000 0.000000 0.000000 0.000000 0.000000 0.000000 0.000000 0.000000 0.000000 0.000000 0.000000 0.000000 0.000000 0.000000 0.000000 0.000000 0.000000 0.000000 0.000000 
0.000000 0.000000 0.000000 0.000000 0.000000 0.000000 0.000000 0.000000 0.000000 0.000000 0.000000 0.000000 0.000000 0.000000 0.000000 0.000000 0.000000 0.000000 0.000000 0.000000 0.000000 0.000000 0.000000 0.000000 0.000000 0.000000 0.000000 0.000000 0.000000 0.000000 0.000000 0.000000 0.000000 0.000000 0.000001 0.000001 0.000001 0.000002 0.000002 0.000003 0.000004 0.000004 0.000005 0.000006 0.000007 0.000008 0.000009 0.000009 0.000010 0.000010 0.000010 0.000010 0.000010 0.000009 0.000009 0.000008 0.000007 0.000006 0.000005 0.000004 0.000004 0.000003 0.000002 0.000002 0.000001 0.000001 0.000001 0.000000 0.000000 0.000000 0.000000 0.000000 0.000000 0.000000 0.000000 0.000000 0.000000 0.000000 0.000000 0.000000 0.000000 0.000000 0.000000 0.000000 0.000000 0.000000 0.000000 0.000000 0.000000 0.000000 0.000000 0.000000 0.000000 0.000000 0.000000 0.000000 0.000000 0.000000 0.000000 0.000000 
0.000000 0.000000 0.000000 0.000000 0.000000 0.000000 0.000000 0.000000 0.000000 0.000000 0.000000 0.000000 0.000000 0.000000 0.000000 0.000000 0.000000 0.000000 0.000000 0.000000 0.000000 0.000000 0.000000 0.000000 0.000000 0.000000 0.000000 0.000000 0.000000 0.000000 0.000000 0.000001 0.000001 0.000001 0.000002 0.000002 0.000003 0.000004 0.000005 0.000006 0.000008 0.000010 0.000012 0.000014 0.000016 0.000018 0.000020 0.000021 0.000022 0.000023 0.000023 0.000023 0.000022 0.000021 0.000020 0.000018 0.000016 0.000014 0.000012 0.000010 0.000008 0.000006 0.000005 0.000004 0.000003 0.000002 0.000002 0.000001 0.000001 0.000001 0.000000 0.000000 0.000000 0.000000 0.000000 0.000000 0.000000 0.000000 0.000000 0.000000 0.000000 0.000000 0.000000 0.000000 0.000000 0.000000 0.000000 0.000000 0.000000 0.000000 0.000000 0.000000 0.000000 0.000000 0.000000 0.000000 0.000000 0.000000 0.000000 0.000000 
0.000000 0.000000 0.000000 0.000000 0.000000 0.000000 0.000000 0.000000 0.000000 0.000000 0.000000 0.000000 0.000000 0.000000 0.000000 0.000000 0.000000 0.000000 0.000000 0.000000 0.000000 0.000000 0.000000 0.000000 0.000000 0.000000 0.000000 0.000000 0.000000 0.000000 0.000001 0.000001 0.000002 0.000002 0.000003 0.000005 0.000006 0.000008 0.000011 0.000014 0.000017 0.000021 0.000026 0.000030 0.000034 0.000039 0.000042 0.000046 0.000048 0.000050 0.000050 0.000050 0.000048 0.000046 0.000042 0.000039 0.000034 0.000030 0.000026 0.000021 0.000017 0.000014 0.000011 0.000008 0.000006 0.000005 0.000003 0.000002 0.000002 0.000001 0.000001 0.000000 0.000000 0.000000 0.000000 0.000000 0.000000 0.000000 0.000000 0.000000 0.000000 0.000000 0.000000 0.000000 0.000000 0.000000 0.000000 0.000000 0.000000 0.000000 0.000000 0.000000 0.000000 0.000000 0.000000 0.000000 0.000000 0.000000 0.000000 0.000000 
0.000000 0.000000 0.000000 0.000000 0.000000 0.000000 0.000000 0.000000 0.000000 0.000000 0.000000 0.000000 0.000000 0.000000 0.000000 0.000000 0.000000 0.000000 0.000000 0.000000 0.000000 0.000000 0.000000 0.000000 0.000000 0.000000 0.000000 0.000000 0.000001 0.000001 0.000002 0.000002 0.000004 0.000005 0.000007 0.000010 0.000014 0.000018 0.000024 0.000030 0.000037 0.000046 0.000055 0.000064 0.000074 0.000083 0.000091 0.000098 0.000103 0.000106 0.000108 0.000106 0.000103 0.000098 0.000091 0.000083 0.000074 0.000064 0.000055 0.000046 0.000037 0.000030 0.000024 0.000018 0.000014 0.000010 0.000007 0.000005 0.000004 0.000002 0.000002 0.000001 0.000001 0.000000 0.000000 0.000000 0.000000 0.000000 0.000000 0.000000 0.000000 0.000000 0.000000 0.000000 0.000000 0.000000 0.000000 0.000000 0.000000 0.000000 0.000000 0.000000 0.000000 0.000000 0.000000 0.000000 0.000000 0.000000 0.000000 0.000000 
0.000000 0.000000 0.000000 0.000000 0.000000 0.000000 0.000000 0.000000 0.000000 0.000000 0.000000 0.000000 0.000000 0.000000 0.000000 0.000000 0.000000 0.000000 0.000000 0.000000 0.000000 0.000000 0.000000 0.000000 0.000000 0.000000 0.000001 0.000001 0.000001 0.000002 0.000003 0.000005 0.000008 0.000011 0.000015 0.000021 0.000029 0.000038 0.000050 0.000063 0.000079 0.000096 0.000115 0.000135 0.000155 0.000174 0.000191 0.000206 0.000217 0.000224 0.000226 0.000224 0.000217 0.000206 0.000191 0.000174 0.000155 0.000135 0.000115 0.000096 0.000079 0.000063 0.000050 0.000038 0.000029 0.000021 0.000015 0.000011 0.000008 0.000005 0.000003 0.000002 0.000001 0.000001 0.000001 0.000000 0.000000 0.000000 0.000000 0.000000 0.000000 0.000000 0.000000 0.000000 0.000000 0.000000 0.000000 0.000000 0.000000 0.000000 0.000000 0.000000 0.000000 0.000000 0.000000 0.000000 0.000000 0.000000 0.000000 0.000000 
0.000000 0.000000 0.000000 0.000000 0.000000 0.000000 0.000000 0.000000 0.000000 0.000000 0.000000 0.000000 0.000000 0.000000 0.000000 0.000000 0.000000 0.000000 0.000000 0.000000 0.000000 0.000000 0.000000 0.000000 0.000000 0.000001 0.000001 0.000002 0.000003 0.000005 0.000007 0.000011 0.000016 0.000023 0.000032 0.000044 0.000060 0.000079 0.000103 0.000131 0.000163 0.000199 0.000238 0.000278 0.000319 0.000358 0.000394 0.000424 0.000447 0.000461 0.000466 0.000461 0.000447 0.000424 0.000394 0.000358 0.000319 0.000278 0.000238 0.000199 0.000163 0.000131 0.000103 0.000079 0.000060 0.000044 0.000032 0.000023 0.000016 0.000011 0.000007 0.000005 0.000003 0.000002 0.000001 0.000001 0.000000 0.000000 0.000000 0.000000 0.000000 0.000000 0.000000 0.000000 0.000000 0.000000 0.000000 0.000000 0.000000 0.000000 0.000000 0.000000 0.000000 0.000000 0.000000 0.000000 0.000000 0.000000 0.000000 0.000000 
0.000000 0.000000 0.000000 0.000000 0.000000 0.000000 0.000000 0.000000 0.000000 0.000000 0.000000 0.000000 0.000000 0.000000 0.000000 0.000000 0.000000 0.000000 0.000000 0.000000 0.000000 0.000000 0.000000 0.000000 0.000001 0.000001 0.000002 0.000004 0.000006 0.000010 0.000015 0.000022 0.000032 0.000046 0.000065 0.000090 0.000121 0.000161 0.000209 0.000266 0.000331 0.000404 0.000483 0.000565 0.000647 0.000726 0.000798 0.000859 0.000905 0.000934 0.000944 0.000934 0.000905 0.000859 0.000798 0.000726 0.000647 0.000565 0.000483 0.000404 0.000331 0.000266 0.000209 0.000161 0.000121 0.000090 0.000065 0.000046 0.000032 0.000022 0.000015 0.000010 0.000006 0.000004 0.000002 0.000001 0.000001 0.000000 0.000000 0.000000 0.000000 0.000000 0.000000 0.000000 0.000000 0.000000 0.000000 0.000000 0.000000 0.000000 0.000000 0.000000 0.000000 0.000000 0.000000 0.000000 0.000000 0.000000 0.000000 0.000000 
0.000000 0.000000 0.000000 0.000000 0.000000 0.000000 0.000000 0.000000 0.000000 0.000000 0.000000 0.000000 0.000000 0.000000 0.000000 0.000000 0.000000 0.000000 0.000000 0.000000 0.000000 0.000000 0.000001 0.000001 0.000002 0.000003 0.000005 0.000008 0.000012 0.000019 0.000029 0.000044 0.000064 0.000092 0.000130 0.000180 0.000243 0.000322 0.000417 0.000530 0.000660 0.000805 0.000961 0.001124 0.001288 0.001445 0.001587 0.001708 0.001799 0.001857 0.001876 0.001857 0.001799 0.001708 0.001587 0.001445 0.001288 0.001124 0.000961 0.000805 0.000660 0.000530 0.000417 0.000322 0.000243 0.000180 0.000130 0.000092 0.000064 0.000044 0.000029 0.000019 0.000012 0.000008 0.000005 0.000003 0.000002 0.000001 0.000001 0.000000 0.000000 0.000000 0.000000 0.000000 0.000000 0.000000 0.000000 0.000000 0.000000 0.000000 0.000000 0.000000 0.000000 0.000000 0.000000 0.000000 0.000000 0.000000 0.000000 0.000000 
0.000000 0.000000 0.000000 0.000000 0.000000 0.000000 0.000000 0.000000 0.000000 0.000000 0.000000 0.000000 0.000000 0.000000 0.000000 0.000000 0.000000 0.000000 0.000000 0.000000 0.000000 0.000001 0.000001 0.000002 0.000003 0.000006 0.000009 0.000015 0.000024 0.000038 0.000058 0.000086 0.000127 0.000182 0.000256 0.000353 0.000477 0.000631 0.000818 0.001039 0.001292 0.001575 0.001880 0.002198 0.002516 0.002822 0.003100 0.003335 0.003513 0.003625 0.003663 0.003625 0.003513 0.003335 0.003100 0.002822 0.002516 0.002198 0.001880 0.001575 0.001292 0.001039 0.000818 0.000631 0.000477 0.000353 0.000256 0.000182 0.000127 0.000086 0.000058 0.000038 0.000024 0.000015 0.000009 0.000006 0.000003 0.000002 0.000001 0.000001 0.000000 0.000000 0.000000 0.000000 0.000000 0.000000 0.000000 0.000000 0.000000 0.000000 0.000000 0.000000 0.000000 0.000000 0.000000 0.000000 0.000000 0.000000 0.000000 0.000000 
0.000000 0.000000 0.000000 0.000000 0.000000 0.000000 0.000000 0.000000 0.000000 0.000000 0.000000 0.000000 0.000000 0.000000 0.000000 0.000000 0.000000 0.000000 0.000000 0.000000 0.000001 0.000001 0.000002 0.000004 0.000007 0.000011 0.000018 0.000030 0.000047 0.000073 0.000112 0.000167 0.000245 0.000351 0.000493 0.000680 0.000918 0.001214 0.001573 0.001997 0.002483 0.003024 0.003608 0.004217 0.004827 0.005412 0.005943 0.006392 0.006734 0.006947 0.007020 0.006947 0.006734 0.006392 0.005943 0.005412 0.004827 0.004217 0.003608 0.003024 0.002483 0.001997 0.001573 0.001214 0.000918 0.000680 0.000493 0.000351 0.000245 0.000167 0.000112 0.000073 0.000047 0.000030 0.000018 0.000011 0.000007 0.000004 0.000002 0.000001 0.000001 0.000000 0.000000 0.000000 0.000000 0.000000 0.000000 0.000000 0.000000 0.000000 0.000000 0.000000 0.000000 0.000000 0.000000 0.000000 0.000000 0.000000 0.000000 0.000000 
0.000000 0.000000 0.000000 0.000000 0.000000 0.000000 0.000000 0.000000 0.000000 0.000000 0.000000 0.000000 0.000000 0.000000 0.000000 0.000000 0.000000 0.000000 0.000000 0.000001 0.000001 0.000002 0.000004 0.000007 0.000013 0.000021 0.000035 0.000057 0.000090 0.000139 0.000212 0.000317 0.000464 0.000665 0.000934 0.001286 0.001735 0.002294 0.002970 0.003768 0.004683 0.005701 0.006800 0.007944 0.009090 0.010189 0.011186 0.012029 0.012670 0.013071 0.013208 0.013071 0.012670 0.012029 0.011186 0.010189 0.009090 0.007944 0.006800 0.005701 0.004683 0.003768 0.002970 0.002294 0.001735 0.001286 0.000934 0.000665 0.000464 0.000317 0.000212 0.000139 0.000090 0.000057 0.000035 0.000021 0.000013 0.000007 0.000004 0.000002 0.000001 0.000001 0.000000 0.000000 0.000000 0.000000 0.000000 0.000000 0.000000 0.000000 0.000000 0.000000 0.000000 0.000000 0.000000 0.000000 0.000000 0.000000 0.000000 0.000000 
0.000000 0.000000 0.000000 0.000000 0.000000 0.000000 0.000000 0.000000 0.000000 0.000000 0.000000 0.000000 0.000000 0.000000 0.000000 0.000000 0.000000 0.000000 0.000001 0.000001 0.000002 0.000004 0.000008 0.000014 0.000024 0.000040 0.000065 0.000106 0.000168 0.000260 0.000396 0.000591 0.000863 0.001237 0.001736 0.002389 0.003220 0.004254 0.005505 0.006979 0.008670 0.010550 0.012577 0.014688 0.016802 0.018828 0.020667 0.022220 0.023401 0.024140 0.024391 0.024140 0.023401 0.022220 0.020667 0.018828 0.016802 0.014688 0.012577 0.010550 0.008670 0.006979 0.005505 0.004254 0.003220 0.002389 0.001736 0.001237 0.000863 0.000591 0.000396 0.000260 0.000168 0.000106 0.000065 0.000040 0.000024 0.000014 0.000008 0.000004 0.000002 0.000001 0.000001 0.000000 0.000000 0.000000 0.000000 0.000000 0.000000 0.000000 0.000000 0.000000 0.000000 0.000000 0.000000 0.000000 0.000000 0.000000 0.000000 0.000000 
0.000000 0.000000 0.000000 0.000000 0.000000 0.000000 0.000000 0.000000 0.000000 0.000000 0.000000 0.000000 0.000000 0.000000 0.000000 0.000000 0.000000 0.000001 0.000001 0.000002 0.000005 0.000008 0.000015 0.000025 0.000044 0.000073 0.000120 0.000194 0.000307 0.000476 0.000724 0.001080 0.001577 0.002257 0.003167 0.004353 0.005864 0.007741 0.010012 0.012688 0.015752 0.019161 0.022833 0.026655 0.030483 0.034150 0.037476 0.040287 0.042423 0.043759 0.044214 0.043759 0.042423 0.040287 0.037476 0.034150 0.030483 0.026655 0.022833 0.019161 0.015752 0.012688 0.010012 0.007741 0.005864 0.004353 0.003167 0.002257 0.001577 0.001080 0.000724 0.000476 0.000307 0.000194 0.000120 0.000073 0.000044 0.000025 0.000015 0.000008 0.000005 0.000002 0.000001 0.000001 0.000000 0.000000 0.000000 0.000000 0.000000 0.000000 0.000000 0.000000 0.000000 0.000000 0.000000 0.000000 0.000000 0.000000 0.000000 0.000000 
0.000000 0.000000 0.000000 0.000000 0.000000 0.000000 0.000000 0.000000 0.000000 0.000000 0.000000 0.000000 0.000000 0.000000 0.000000 0.000000 0.000001 0.000001 0.000002 0.000004 0.000008 0.000015 0.000026 0.000046 0.000079 0.000132 0.000217 0.000350 0.000553 0.000856 0.001301 0.001936 0.002826 0.004042 0.005666 0.007785 0.010480 0.013825 0.017871 0.022635 0.028089 0.034151 0.040681 0.047474 0.054276 0.060789 0.066698 0.071688 0.075481 0.077852 0.078659 0.077852 0.075481 0.071688 0.066698 0.060789 0.054276 0.047474 0.040681 0.034151 0.028089 0.022635 0.017871 0.013825 0.010480 0.007785 0.005666 0.004042 0.002826 0.001936 0.001301 0.000856 0.000553 0.000350 0.000217 0.000132 0.000079 0.000046 0.000026 0.000015 0.000008 0.000004 0.000002 0.000001 0.000001 0.000000 0.000000 0.000000 0.000000 0.000000 0.000000 0.000000 0.000000 0.000000 0.000000 0.000000 0.000000 0.000000 0.000000 0.000000 
0.000000 0.000000 0.000000 0.000000 0.000000 0.000000 0.000000 0.000000 0.000000 0.000000 0.000000 0.000000 0.000000 0.000000 0.000000 0.000001 0.000001 0.000002 0.000004 0.000008 0.000015 0.000026 0.000047 0.000082 0.000139 0.000233 0.000383 0.000617 0.000975 0.001509 0.002291 0.003408 0.004969 0.007103 0.009950 0.013659 0.018377 0.024229 0.031302 0.039625 0.049151 0.059734 0.071128 0.082979 0.094840 0.106196 0.116494 0.125191 0.131799 0.135931 0.137337 0.135931 0.131799 0.125191 0.116494 0.106196 0.094840 0.082979 0.071128 0.059734 0.049151 0.039625 0.031302 0.024229 0.018377 0.013659 0.009950 0.007103 0.004969 0.003408 0.002291 0.001509 0.000975 0.000617 0.000383 0.000233 0.000139 0.000082 0.000047 0.000026 0.000015 0.000008 0.000004 0.000002 0.000001 0.000001 0.000000 0.000000 0.000000 0.000000 0.000000 0.000000 0.000000 0.000000 0.000000 0.000000 0.000000 0.000000 0.000000 0.000000 
0.000000 0.000000 0.000000 0.000000 0.000000 0.000000 0.000000 0.000000 0.000000 0.000000 0.000000 0.000000 0.000000 0.000000 0.000000 0.000001 0.000002 0.000004 0.000007 0.000014 0.000025 0.000046 0.000082 0.000142 0.000242 0.000405 0.000665 0.001070 0.001688 0.002611 0.003958 0.005884 0.008573 0.012245 0.017140 0.023516 0.031619 0.041663 0.053797 0.068069 0.084394 0.102525 0.122036 0.142323 0.162622 0.182050 0.199666 0.214540 0.225841 0.232906 0.235310 0.232906 0.225841 0.214540 0.199666 0.182050 0.162622 0.142323 0.122036 0.102525 0.084394 0.068069 0.053797 0.041663 0.031619 0.023516 0.017140 0.012245 0.008573 0.005884 0.003958 0.002611 0.001688 0.001070 0.000665 0.000405 0.000242 0.000142 0.000082 0.000046 0.000025 0.000014 0.000007 0.000004 0.000002 0.000001 0.000000 0.000000 0.000000 0.000000 0.000000 0.000000 0.000000 0.000000 0.000000 0.000000 0.000000 0.000000 0.000000 0.000000 
0.000000 0.000000 0.000000 0.000000 0.000000 0.000000 0.000000 0.000000 0.000000 0.000000 0.000000 0.000000 0.000000 0.000000 0.000001 0.000002 0.000003 0.000007 0.000013 0.000024 0.000044 0.000079 0.000139 0.000242 0.000413 0.000690 0.001131 0.001818 0.002866 0.004429 0.006710 0.009966 0.014510 0.020709 0.028970 0.039720 0.053374 0.070290 0.090715 0.114728 0.142182 0.172660 0.205446 0.239525 0.273614 0.306233 0.335803 0.360767 0.379730 0.391585 0.395618 0.391585 0.379730 0.360767 0.335803 0.306233 0.273614 0.239525 0.205446 0.172660 0.142182 0.114728 0.090715 0.070290 0.053374 0.039720 0.028970 0.020709 0.014510 0.009966 0.006710 0.004429 0.002866 0.001818 0.001131 0.000690 0.000413 0.000242 0.000139 0.000079 0.000044 0.000024 0.000013 0.000007 0.000003 0.000002 0.000001 0.000000 0.000000 0.000000 0.000000 0.000000 0.000000 0.000000 0.000000 0.000000 0.000000 0.000000 0.000000 0.000000 
0.000000 0.000000 0.000000 0.000000 0.000000 0.000000 0.000000 0.000000 0.000000 0.000000 0.000000 0.000000 0.000000 0.000001 0.000001 0.000003 0.000006 0.000011 0.000021 0.000040 0.000073 0.000132 0.000233 0.000405 0.000690 0.001152 0.001887 0.003031 0.004773 0.007370 0.011157 0.016558 0.024091 0.034359 0.048033 0.065817 0.088392 0.116345 0.150078 0.189717 0.235017 0.285288 0.339347 0.395518 0.451692 0.505430 0.554134 0.595247 0.626473 0.645992 0.652632 0.645992 0.626473 0.595247 0.554134 0.505430 0.451692 0.395518 0.339347 0.285288 0.235017 0.189717 0.150078 0.116345 0.088392 0.065817 0.048033 0.034359 0.024091 0.016558 0.011157 0.007370 0.004773 0.003031 0.001887 0.001152 0.000690 0.000405 0.000233 0.000132 0.000073 0.000040 0.000021 0.000011 0.000006 0.000003 0.000001 0.000001 0.000000 0.000000 0.000000 0.000000 0.000000 0.000000 0.000000 0.000000 0.000000 0.000000 0.000000 0.000000 
0.000000 0.000000 0.000000 0.000000 0.000000 0.000000 0.000000 0.000000 0.000000 0.000000 0.000000 0.000000 0.000001 0.000001 0.000002 0.000005 0.000009 0.000018 0.000035 0.000065 0.000120 0.000217 0.000383 0.000665 0.001131 0.001887 0.003088 0.004955 0.007797 0.012029 0.018196 0.026985 0.039233 0.055918 0.078123 0.106985 0.143602 0.188916 0.243574 0.307773 0.381111 0.462463 0.549915 0.640758 0.731580 0.818444 0.897156 0.963589 1.014040 1.045574 1.056302 1.045574 1.014040 0.963589 0.897156 0.818444 0.731580 0.640758 0.549915 0.462463 0.381111 0.307773 0.243574 0.188916 0.143602 0.106985 0.078123 0.055918 0.039233 0.026985 0.018196 0.012029 0.007797 0.004955 0.003088 0.001887 0.001131 0.000665 0.000383 0.000217 0.000120 0.000065 0.000035 0.000018 0.000009 0.000005 0.000002 0.000001 0.000001 0.000000 0.000000 0.000000 0.000000 0.000000 0.000000 0.000000 0.000000 0.000000 0.000000 0.000000 
0.000000 0.000000 0.000000 0.000000 0.000000 0.000000 0.000000 0.000000 0.000000 0.000000 0.000000 0.000000 0.000001 0.000002 0.000004 0.000008 0.000015 0.000030 0.000057 0.000106 0.000194 0.000350 0.000617 0.001070 0.001818 0.003031 0.004955 0.007944 0.012490 0.019254 0.029104 0.043133 0.062669 0.089262 0.124634 0.170583 0.228845 0.300909 0.387792 0.489796 0.606274 0.735434 0.874231 1.018369 1.162436 1.300195 1.425001 1.530323 1.610299 1.660283 1.677288 1.660283 1.610299 1.530323 1.425001 1.300195 1.162436 1.018369 0.874231 0.735434 0.606274 0.489796 0.387792 0.300909 0.228845 0.170583 0.124634 0.089262 0.062669 0.043133 0.029104 0.019254 0.012490 0.007944 0.004955 0.003031 0.001818 0.001070 0.000617 0.000350 0.000194 0.000106 0.000057 0.000030 0.000015 0.000008 0.000004 0.000002 0.000001 0.000000 0.000000 0.000000 0.000000 0.000000 0.000000 0.000000 0.000000 0.000000 0.000000 0.000000 
0.000000 0.000000 0.000000 0.000000 0.000000 0.000000 0.000000 0.000000 0.000000 0.000000 0.000000 0.000001 0.000001 0.000003 0.000006 0.000012 0.000024 0.000047 0.000090 0.000168 0.000307 0.000553 0.000975 0.001688 0.002866 0.004773 0.007797 0.012490 0.019621 0.030226 0.045655 0.067615 0.098177 0.139754 0.195021 0.266775 0.357709 0.470131 0.605609 0.764598 0.946076 1.147244 1.363354 1.587715 1.811911 2.026245 2.220393 2.384207 2.508586 2.586317 2.612760 2.586317 2.508586 2.384207 2.220393 2.026245 1.811911 1.587715 1.363354 1.147244 0.946076 0.764598 0.605609 0.470131 0.357709 0.266775 0.195021 0.139754 0.098177 0.067615 0.045655 0.030226 0.019621 0.012490 0.007797 0.004773 0.002866 0.001688 0.000975 0.000553 0.000307 0.000168 0.000090 0.000047 0.000024 0.000012 0.000006 0.000003 0.000001 0.000001 0.000000 0.000000 0.000000 0.000000 0.000000 0.000000 0.000000 0.000000 0.000000 0.000000 
0.000000 0.000000 0.000000 0.000000 0.000000 0.000000 0.000000 0.000000 0.000000 0.000000 0.000000 0.000001 0.000002 0.000005 0.000010 0.000019 0.000038 0.000073 0.000139 0.000260 0.000476 0.000856 0.001509 0.002611 0.004429 0.007370 0.012029 0.019254 0.030226 0.046529 0.070233 0.103947 0.150838 0.214590 0.299288 0.409191 0.548404 0.720432 0.927650 1.170732 1.448094 1.755446 2.085527 2.428119 2.770377 3.097514 3.393792 3.643744 3.833508 3.952091 3.992431 3.952091 3.833508 3.643744 3.393792 3.097514 2.770377 2.428119 2.085527 1.755446 1.448094 1.170732 0.927650 0.720432 0.548404 0.409191 0.299288 0.214590 0.150838 0.103947 0.070233 0.046529 0.030226 0.019254 0.012029 0.007370 0.004429 0.002611 0.001509 0.000856 0.000476 0.000260 0.000139 0.000073 0.000038 0.000019 0.000010 0.000005 0.000002 0.000001 0.000000 0.000000 0.000000 0.000000 0.000000 0.000000 0.000000 0.000000 0.000000 0.000000 
0.000000 0.000000 0.000000 0.000000 0.000000 0.000000 0.000000 0.000000 0.000000 0.000000 0.000001 0.000002 0.000003 0.000007 0.000015 0.000029 0.000058 0.000112 0.000212 0.000396 0.000724 0.001301 0.002291 0.003958 0.006710 0.011157 0.018196 0.029104 0.045655 0.070233 0.105945 0.156705 0.227261 0.323133 0.450435 0.615537 0.824569 1.082758 1.393634 1.758174 2.173976 2.634588 3.129121 3.642265 4.154794 4.644585 5.088101 5.462223 5.746228 5.923691 5.984058 5.923691 5.746228 5.462223 5.088101 4.644585 4.154794 3.642265 3.129121 2.634588 2.173976 1.758174 1.393634 1.082758 0.824569 0.615537 0.450435 0.323133 0.227261 0.156705 0.105945 0.070233 0.045655 0.029104 0.018196 0.011157 0.006710 0.003958 0.002291 0.001301 0.000724 0.000396 0.000212 0.000112 0.000058 0.000029 0.000015 0.000007 0.000003 0.000002 0.000001 0.000000 0.000000 0.000000 0.000000 0.000000 0.000000 0.000000 0.000000 0.000000 
0.000000 0.000000 0.000000 0.000000 0.000000 0.000000 0.000000 0.000000 0.000000 0.000001 0.000001 0.000002 0.000005 0.000011 0.000022 0.000044 0.000086 0.000167 0.000317 0.000591 0.001080 0.001936 0.003408 0.005884 0.009966 0.016558 0.026985 0.043133 0.067615 0.103947 0.156705 0.231648 0.335758 0.477149 0.664793 0.908037 1.215863 1.595916 2.053343 2.589535 3.200922 3.877990 4.604720 5.358614 6.111444 6.830741 7.481981 8.031258 8.448189 8.708696 8.797310 8.708696 8.448189 8.031258 7.481981 6.830741 6.111444 5.358614 4.604720 3.877990 3.200922 2.589535 2.053343 1.595916 1.215863 0.908037 0.664793 0.477149 0.335758 0.231648 0.156705 0.103947 0.067615 0.043133 0.026985 0.016558 0.009966 0.005884 0.003408 0.001936 0.001080 0.000591 0.000317 0.000167 0.000086 0.000044 0.000022 0.000011 0.000005 0.000002 0.000001 0.000001 0.000000 0.000000 0.000000 0.000000 0.000000 0.000000 0.000000 0.000000 
0.000000 0.000000 0.000000 0.000000 0.000000 0.000000 0.000000 0.000000 0.000000 0.000001 0.000002 0.000004 0.000008 0.000016 0.000032 0.000064 0.000127 0.000245 0.000464 0.000863 0.001577 0.002826 0.004969 0.008573 0.014510 0.024091 0.039233 0.062669 0.098177 0.150838 0.227261 0.335758 0.486400 0.690878 0.962115 1.313559 1.758119 2.306767 2.966865 3.740357 4.622041 5.598161 6.645602 7.731944 8.816530 9.852627 10.790555 11.581541 12.181891 12.556979 12.684565 12.556979 12.181891 11.581541 10.790555 9.852627 8.816530 7.731944 6.645602 5.598161 4.622041 3.740357 2.966865 2.306767 1.758119 1.313559 0.962115 0.690878 0.486400 0.335758 0.227261 0.150838 0.098177 0.062669 0.039233 0.024091 0.014510 0.008573 0.004969 0.002826 0.001577 0.000863 0.000464 0.000245 0.000127 0.000064 0.000032 0.000016 0.000008 0.000004 0.000002 0.000001 0.000000 0.000000 0.000000 0.000000 0.000000 0.000000 0.000000 0.000000 
0.000000 0.000000 0.000000 0.000000 0.000000 0.000000 0.000000 0.000000 0.000000 0.000001 0.000002 0.000005 0.000011 0.000023 0.000046 0.000092 0.000182 0.000351 0.000665 0.001237 0.002257 0.004042 0.007103 0.012245 0.020709 0.034359 0.055918 0.089262 0.139754 0.214590 0.323133 0.477149 0.690878 0.980847 1.365309 1.863242 2.492845 3.269563 4.203727 5.298006 6.544969 7.925113 9.405732 10.941001 12.473493 13.937228 15.262093 16.379274 17.227131 17.756828 17.936999 17.756828 17.227131 16.379274 15.262093 13.937228 12.473493 10.941001 9.405732 7.925113 6.544969 5.298006 4.203727 3.269563 2.492845 1.863242 1.365309 0.980847 0.690878 0.477149 0.323133 0.214590 0.139754 0.089262 0.055918 0.034359 0.020709 0.012245 0.007103 0.004042 0.002257 0.001237 0.000665 0.000351 0.000182 0.000092 0.000046 0.000023 0.000011 0.000005 0.000002 0.000001 0.000000 0.000000 0.000000 0.000000 0.000000 0.000000 0.000000 0.000000 
0.000000 0.000000 0.000000 0.000000 0.000000 0.000000 0.000000 0.000000 0.000001 0.000002 0.000003 0.000007 0.000015 0.000032 0.000065 0.000130 0.000256 0.000493 0.000934 0.001736 0.003167 0.005666 0.009950 0.017140 0.028970 0.048033 0.078123 0.124634 0.195021 0.299288 0.450435 0.664793 0.962115 1.365309 1.899660 2.591433 3.465795 4.544075 5.840491 7.358640 9.088123 11.001824 13.054364 15.182220 17.305842 19.333868 21.169248 22.716754 23.891105 24.624740 24.874272 24.624740 23.891105 22.716754 21.169248 19.333868 17.305842 15.182220 13.054364 11.001824 9.088123 7.358640 5.840491 4.544075 3.465795 2.591433 1.899660 1.365309 0.962115 0.664793 0.450435 0.299288 0.195021 0.124634 0.078123 0.048033 0.028970 0.017140 0.009950 0.005666 0.003167 0.001736 0.000934 0.000493 0.000256 0.000130 0.000065 0.000032 0.000015 0.000007 0.000003 0.000002 0.000001 0.000000 0.000000 0.000000 0.000000 0.000000 0.000000 0.000000 
0.000000 0.000000 0.000000 0.000000 0.000000 0.000000 0.000000 0.000000 0.000001 0.000002 0.000005 0.000010 0.000021 0.000044 0.000090 0.000180 0.000353 0.000680 0.001286 0.002389 0.004353 0.007785 0.013659 0.023516 0.039720 0.065817 0.106985 0.170583 0.266775 0.409191 0.615537 0.908037 1.313559 1.863242 2.591433 3.533786 4.724436 6.192266 7.956481 10.021834 12.374063 14.976208 17.766525 20.658664 23.544552 26.300127 28.793638 30.895845 32.491021 33.487505 33.826430 33.487505 32.491021 30.895845 28.793638 26.300127 23.544552 20.658664 17.766525 14.976208 12.374063 10.021834 7.956481 6.192266 4.724436 3.533786 2.591433 1.863242 1.313559 0.908037 0.615537 0.409191 0.266775 0.170583 0.106985 0.065817 0.039720 0.023516 0.013659 0.007785 0.004353 0.002389 0.001286 0.000680 0.000353 0.000180 0.000090 0.000044 0.000021 0.000010 0.000005 0.000002 0.000001 0.000000 0.000000 0.000000 0.000000 0.000000 0.000000 0.000000 
0.000000 0.000000 0.000000 0.000000 0.000000 0.000000 0.000000 0.000001 0.000001 0.000003 0.000006 0.000014 0.000029 0.000060 0.000121 0.000243 0.000477 0.000918 0.001735 0.003220 0.005864 0.010480 0.018377 0.031619 0.053374 0.088392 0.143602 0.228845 0.357709 0.548404 0.824569 1.215863 1.758119 2.492845 3.465795 4.724436 6.314166 8.273357 10.627451 13.382617 16.519684 19.989260 23.708969 27.563708 31.409499 35.081126 38.403191 41.203668 43.328553 44.655877 45.107319 44.655877 43.328553 41.203668 38.403191 35.081126 31.409499 27.563708 23.708969 19.989260 16.519684 13.382617 10.627451 8.273357 6.314166 4.724436 3.465795 2.492845 1.758119 1.215863 0.824569 0.548404 0.357709 0.228845 0.143602 0.088392 0.053374 0.031619 0.018377 0.010480 0.005864 0.003220 0.001735 0.000918 0.000477 0.000243 0.000121 0.000060 0.000029 0.000014 0.000006 0.000003 0.000001 0.000001 0.000000 0.000000 0.000000 0.000000 0.000000 0.000000 
0.000000 0.000000 0.000000 0.000000 0.000000 0.000000 0.000000 0.000001 0.000002 0.000004 0.000008 0.000018 0.000038 0.000079 0.000161 0.000322 0.000631 0.001214 0.002294 0.004254 0.007741 0.013825 0.024229 0.041663 0.070290 0.116345 0.188916 0.300909 0.470131 0.720432 1.082758 1.595916 2.306767 3.269563 4.544075 6.192266 8.273357 10.837342 13.917283 17.521040 21.623364 26.159539 31.021809 36.059725 41.085195 45.882462 50.222533 53.880871 56.656486 58.390219 58.979873 58.390219 56.656486 53.880871 50.222533 45.882462 41.085195 36.059725 31.021809 26.159539 21.623364 17.521040 13.917283 10.837342 8.273357 6.192266 4.544075 3.269563 2.306767 1.595916 1.082758 0.720432 0.470131 0.300909 0.188916 0.116345 0.070290 0.041663 0.024229 0.013825 0.007741 0.004254 0.002294 0.001214 0.000631 0.000322 0.000161 0.000079 0.000038 0.000018 0.000008 0.000004 0.000002 0.000001 0.000000 0.000000 0.000000 0.000000 0.000000 0.000000 
0.000000 0.000000 0.000000 0.000000 0.000000 0.000000 0.000000 0.000001 0.000002 0.000005 0.000011 0.000024 0.000050 0.000103 0.000209 0.000417 0.000818 0.001573 0.002970 0.005505 0.010012 0.017871 0.031302 0.053797 0.090715 0.150078 0.243574 0.387792 0.605609 0.927650 1.393634 2.053343 2.966865 4.203727 5.840491 7.956481 10.627451 13.917283 17.868124 22.489803 27.749733 33.564791 39.796771 46.252854 52.692096 58.838205 64.398019 69.084130 72.639317 74.859905 75.615126 74.859905 72.639317 69.084130 64.398019 58.838205 52.692096 46.252854 39.796771 33.564791 27.749733 22.489803 17.868124 13.917283 10.627451 7.956481 5.840491 4.203727 2.966865 2.053343 1.393634 0.927650 0.605609 0.387792 0.243574 0.150078 0.090715 0.053797 0.031302 0.017871 0.010012 0.005505 0.002970 0.001573 0.000818 0.000417 0.000209 0.000103 0.000050 0.000024 0.000011 0.000005 0.000002 0.000001 0.000000 0.000000 0.000000 0.000000 0.000000 0.000000 
0.000000 0.000000 0.000000 0.000000 0.000000 0.000000 0.000001 0.000001 0.000003 0.000006 0.000014 0.000030 0.000063 0.000131 0.000266 0.000530 0.001039 0.001997 0.003768 0.006979 0.012688 0.022635 0.039625 0.068069 0.114728 0.189717 0.307773 0.489796 0.764598 1.170732 1.758174 2.589535 3.740357 5.298006 7.358640 10.021834 13.382617 17.521040 22.489803 28.300978 34.913350 42.222256 50.053903 58.165997 66.255897 73.976676 80.960309 86.846064 91.311132 94.099934 95.048389 94.099934 91.311132 86.846064 80.960309 73.976676 66.255897 58.165997 50.053903 42.222256 34.913350 28.300978 22.489803 17.521040 13.382617 10.021834 7.358640 5.298006 3.740357 2.589535 1.758174 1.170732 0.764598 0.489796 0.307773 0.189717 0.114728 0.068069 0.039625 0.022635 0.012688 0.006979 0.003768 0.001997 0.001039 0.000530 0.000266 0.000131 0.000063 0.000030 0.000014 0.000006 0.000003 0.000001 0.000001 0.000000 0.000000 0.000000 0.000000 0.000000 
0.000000 0.000000 0.000000 0.000000 0.000000 0.000000 0.000001 0.000002 0.000004 0.000008 0.000017 0.000037 0.000079 0.000163 0.000331 0.000660 0.001292 0.002483 0.004683 0.008670 0.015752 0.028089 0.049151 0.084394 0.142182 0.235017 0.381111 0.606274 0.946076 1.448094 2.173976 3.200922 4.622041 6.544969 9.088123 12.374063 16.519684 21.623364 27.749733 34.913350 43.063139 52.069912 61.719415 71.713130 81.678340 91.187912 99.788836 107.037147 112.535606 115.969731 117.137637 115.969731 112.535606 107.037147 99.788836 91.187912 81.678340 71.713130 61.719415 52.069912 43.063139 34.913350 27.749733 21.623364 16.519684 12.374063 9.088123 6.544969 4.622041 3.200922 2.173976 1.448094 0.946076 0.606274 0.381111 0.235017 0.142182 0.084394 0.049151 0.028089 0.015752 0.008670 0.004683 0.002483 0.001292 0.000660 0.000331 0.000163 0.000079 0.000037 0.000017 0.000008 0.000004 0.000002 0.000001 0.000000 0.000000 0.000000 0.000000 0.000000 
0.000000 0.000000 0.000000 0.000000 0.000000 0.000000 0.000001 0.000002 0.000004 0.000010 0.000021 0.000046 0.000096 0.000199 0.000404 0.000805 0.001575 0.003024 0.005701 0.010550 0.019161 0.034151 0.059734 0.102525 0.172660 0.285288 0.462463 0.735434 1.147244 1.755446 2.634588 3.877990 5.598161 7.925113 11.001824 14.976208 19.989260 26.159539 33.564791 42.222256 52.069912 62.951451 74.607926 86.678746 98.713867 110.197667 120.583396 129.335297 135.974056 140.120244 141.530292 140.120244 135.974056 129.335297 120.583396 110.197667 98.713867 86.678746 74.607926 62.951451 52.069912 42.222256 33.564791 26.159539 19.989260 14.976208 11.001824 7.925113 5.598161 3.877990 2.634588 1.755446 1.147244 0.735434 0.462463 0.285288 0.172660 0.102525 0.059734 0.034151 0.019161 0.010550 0.005701 0.003024 0.001575 0.000805 0.000404 0.000199 0.000096 0.000046 0.000021 0.000010 0.000004 0.000002 0.000001 0.000000 0.000000 0.000000 0.000000 0.000000 
0.000000 0.000000 0.000000 0.000000 0.000000 0.000000 0.000001 0.000002 0.000005 0.000012 0.000026 0.000055 0.000115 0.000238 0.000483 0.000961 0.001880 0.003608 0.006800 0.012577 0.022833 0.040681 0.071128 0.122036 0.205446 0.339347 0.549915 0.874231 1.363354 2.085527 3.129121 4.604720 6.645602 9.405732 13.054364 17.766525 23.708969 31.021809 39.796771 50.053903 61.719415 74.607926 88.412622 102.706483 116.956721 130.553063 142.848503 153.209129 161.067868 165.975853 167.644952 165.975853 161.067868 153.209129 142.848503 130.553063 116.956721 102.706483 88.412622 74.607926 61.719415 50.053903 39.796771 31.021809 23.708969 17.766525 13.054364 9.405732 6.645602 4.604720 3.129121 2.085527 1.363354 0.874231 0.549915 0.339347 0.205446 0.122036 0.071128 0.040681 0.022833 0.012577 0.006800 0.003608 0.001880 0.000961 0.000483 0.000238 0.000115 0.000055 0.000026 0.000012 0.000005 0.000002 0.000001 0.000000 0.000000 0.000000 0.000000 0.000000 
