0.000000 0.000000 0.000000 0.000000 0.000000 0.000000 0.000000 0.000000 0.000000 0.000000 0.000000 0.000000 0.000000 0.000000 0.000000 0.000000 0.000000 0.000000 0.000000 0.000000 0.000000 0.000000 0.000000 0.000000 0.000000 0.000000 0.000000 0.000000 0.000000 0.000000 0.000000 0.000000 0.000001 0.000001 0.000001 0.000001 0.000002 0.000002 0.000002 0.000003 0.000003 0.000004 0.000005 0.000005 0.000006 0.000006 0.000007 0.000007 0.000007 0.000008 0.000008 0.000008 0.000007 0.000007 0.000007 0.000006 0.000006 0.000005 0.000005 0.000004 0.000003 0.000003 0.000002 0.000002 0.000002 0.000001 0.000001 0.000001 0.000001 0.000000 0.000000 0.000000 0.000000 0.000000 0.000000 0.000000 0.000000 0.000000 0.000000 0.000000 0.000000 0.000000 0.000000 0.000000 0.000000 0.000000 0.000000 0.000000 0.000000 0.000000 0.000000 0.000000 0.000000 0.000000 0.000000 0.000000 0.000000 0.000000 0.000000 0.000000 
0.000000 0.000000 0.000000 0.000000 0.000000 0.000000 0.000000 0.000000 0.000000 0.000000 0.000000 0.000000 0.000000 0.000000 0.000000 0.000000 0.000000 0.000000 0.000000 0.000000 0.000000 0.000000 0.000000 0.000000 0.000000 0.000000 0.000000 0.000000 0.000000 0.000000 0.000000 0.000000 0.000001 0.000001 0.000001 0.000001 0.000002 0.000002 0.000002 0.000003 0.000003 0.000004 0.000005 0.000005 0.000006 0.000006 0.000007 0.000007 0.000007 0.000008 0.000008 0.000008 0.000007 0.000007 0.000007 0.000006 0.000006 0.000005 0.000005 0.000004 0.000003 0.000003 0.000002 0.000002 0.000002 0.000001 0.000001 0.000001 0.000001 0.000000 0.000000 0.000000 0.000000 0.000000 0.000000 0.000000 0.000000 0.000000 0.000000 0.000000 0.000000 0.000000 0.000000 0.000000 0.000000 0.000000 0.000000 0.000000 0.000000 0.000000 0.000000 0.000000 0.000000 0.000000 0.000000 0.000000 0.000000 0.000000 0.000000 0.000000 
0.000000 0.000000 0.000000 0.000000 0.000000 0.000000 0.000000 0.000000 0.000000 0.000000 0.000000 0.000000 0.000000 0.000000 0.000000 0.000000 0.000000 0.000000 0.000000 0.000000 0.000000 0.000000 0.000000 0.000000 0.000000 0.000000 0.000000 0.000000 0.000000 0.000000 0.000001 0.000001 0.000001 0.000001 0.000002 0.000002 0.000002 0.000003 0.000004 0.000004 0.000005 0.000006 0.000007 0.000008 0.000009 0.000010 0.000010 0.000011 0.000011 0.000012 0.000012 0.000012 0.000011 0.000011 0.000010 0.000010 0.000009 0.000008 0.000007 0.000006 0.000005 0.000004 0.000004 0.000003 0.000002 0.000002 0.000002 0.000001 0.000001 0.000001 0.000001 0.000000 0.000000 0.000000 0.000000 0.000000 0.000000 0.000000 0.000000 0.000000 0.000000 0.000000 0.000000 0.000000 0.000000 0.000000 0.000000 0.000000 0.000000 0.000000 0.000000 0.000000 0.000000 0.000000 0.000000 0.000000 0.000000 0.000000 0.000000 0.000000 
0.000000 0.000000 0.000000 0.000000 0.000000 0.000000 0.000000 0.000000 0.000000 0.000000 0.000000 0.000000 0.000000 0.000000 0.000000 0.000000 0.000000 0.000000 0.000000 0.000000 0.000000 0.000000 0.000000 0.000000 0.000000 0.000000 0.000000 0.000000 0.000000 0.000001 0.000001 0.000001 0.000002 0.000002 0.000003 0.000004 0.000005 0.000006 0.000007 0.000008 0.000010 0.000011 0.000013 0.000014 0.000016 0.000017 0.000019 0.000020 0.000021 0.000021 0.000021 0.000021 0.000021 0.000020 0.000019 0.000017 0.000016 0.000014 0.000013 0.000011 0.000010 0.000008 0.000007 0.000006 0.000005 0.000004 0.000003 0.000002 0.000002 0.000001 0.000001 0.000001 0.000000 0.000000 0.000000 0.000000 0.000000 0.000000 0.000000 0.000000 0.000000 0.000000 0.000000 0.000000 0.000000 0.000000 0.000000 0.000000 0.000000 0.000000 0.000000 0.000000 0.000000 0.000000 0.000000 0.000000 0.000000 0.000000 0.000000 0.000000 
0.000000 0.000000 0.000000 0.000000 0.000000 0.000000 0.000000 0.000000 0.000000 0.000000 0.000000 0.000000 0.000000 0.000000 0.000000 0.000000 0.000000 0.000000 0.000000 0.000000 0.000000 0.000000 0.000000 0.000000 0.000000 0.000000 0.000000 0.000001 0.000001 0.000001 0.000002 0.000002 0.000003 0.000004 0.000006 0.000007 0.000009 0.000011 0.000013 0.000016 0.000019 0.000022 0.000025 0.000028 0.000031 0.000034 0.000036 0.000038 0.000040 0.000041 0.000041 0.000041 0.000040 0.000038 0.000036 0.000034 0.000031 0.000028 0.000025 0.000022 0.000019 0.000016 0.000013 0.000011 0.000009 0.000007 0.000006 0.000004 0.000003 0.000002 0.000002 0.000001 0.000001 0.000001 0.000000 0.000000 0.000000 0.000000 0.000000 0.000000 0.000000 0.000000 0.000000 0.000000 0.000000 0.000000 0.000000 0.000000 0.000000 0.000000 0.000000 0.000000 0.000000 0.000000 0.000000 0.000000 0.000000 0.000000 0.000000 0.000000 
0.000000 0.000000 0.000000 0.000000 0.000000 0.000000 0.000000 0.000000 0.000000 0.000000 0.000000 0.000000 0.000000 0.000000 0.000000 0.000000 0.000000 0.000000 0.000000 0.000000 0.000000 0.000000 0.000000 0.000000 0.000000 0.000001 0.000001 0.000001 0.000002 0.000003 0.000004 0.000005 0.000006 0.000008 0.000011 0.000014 0.000017 0.000021 0.000026 0.000031 0.000036 0.000042 0.000048 0.000054 0.000060 0.000065 0.000070 0.000074 0.000076 0.000078 0.000079 0.000078 0.000076 0.000074 0.000070 0.000065 0.000060 0.000054 0.000048 0.000042 0.000036 0.000031 0.000026 0.000021 0.000017 0.000014 0.000011 0.000008 0.000006 0.000005 0.000004 0.000003 0.000002 0.000001 0.000001 0.000001 0.000000 0.000000 0.000000 0.000000 0.000000 0.000000 0.000000 0.000000 0.000000 0.000000 0.000000 0.000000 0.000000 0.000000 0.000000 0.000000 0.000000 0.000000 0.000000 0.000000 0.000000 0.000000 0.000000 0.000000 
0.000000 0.000000 0.000000 0.000000 0.000000 0.000000 0.000000 0.000000 0.000000 0.000000 0.000000 0.000000 0.000000 0.000000 0.000000 0.000000 0.000000 0.000000 0.000000 0.000000 0.000000 0.000000 0.000000 0.000001 0.000001 0.000001 0.000002 0.000002 0.000004 0.000005 0.000007 0.000009 0.000012 0.000016 0.000021 0.000026 0.000033 0.000040 0.000049 0.000059 0.000069 0.000080 0.000091 0.000103 0.000114 0.000124 0.000133 0.000140 0.000146 0.000149 0.000151 0.000149 0.000146 0.000140 0.000133 0.000124 0.000114 0.000103 0.000091 0.000080 0.000069 0.000059 0.000049 0.000040 0.000033 0.000026 0.000021 0.000016 0.000012 0.000009 0.000007 0.000005 0.000004 0.000002 0.000002 0.000001 0.000001 0.000001 0.000000 0.000000 0.000000 0.000000 0.000000 0.000000 0.000000 0.000000 0.000000 0.000000 0.000000 0.000000 0.000000 0.000000 0.000000 0.000000 0.000000 0.000000 0.000000 0.000000 0.000000 0.000000 
0.000000 0.000000 0.000000 0.000000 0.000000 0.000000 0.000000 0.000000 0.000000 0.000000 0.000000 0.000000 0.000000 0.000000 0.000000 0.000000 0.000000 0.000000 0.000000 0.000000 0.000000 0.000000 0.000001 0.000001 0.000002 0.000002 0.000003 0.000005 0.000007 0.000009 0.000013 0.000017 0.000023 0.000030 0.000039 0.000049 0.000062 0.000076 0.000093 0.000111 0.000130 0.000151 0.000172 0.000194 0.000214 0.000234 0.000250 0.000264 0.000275 0.000281 0.000284 0.000281 0.000275 0.000264 0.000250 0.000234 0.000214 0.000194 0.000172 0.000151 0.000130 0.000111 0.000093 0.000076 0.000062 0.000049 0.000039 0.000030 0.000023 0.000017 0.000013 0.000009 0.000007 0.000005 0.000003 0.000002 0.000002 0.000001 0.000001 0.000000 0.000000 0.000000 0.000000 0.000000 0.000000 0.000000 0.000000 0.000000 0.000000 0.000000 0.000000 0.000000 0.000000 0.000000 0.000000 0.000000 0.000000 0.000000 0.000000 0.000000 
0.000000 0.000000 0.000000 0.000000 0.000000 0.000000 0.000000 0.000000 0.000000 0.000000 0.000000 0.000000 0.000000 0.000000 0.000000 0.000000 0.000000 0.000000 0.000000 0.000000 0.000001 0.000001 0.000001 0.000002 0.000003 0.000004 0.000006 0.000009 0.000012 0.000017 0.000024 0.000032 0.000043 0.000056 0.000072 0.000092 0.000115 0.000142 0.000172 0.000206 0.000243 0.000281 0.000321 0.000360 0.000399 0.000434 0.000465 0.000491 0.000511 0.000523 0.000527 0.000523 0.000511 0.000491 0.000465 0.000434 0.000399 0.000360 0.000321 0.000281 0.000243 0.000206 0.000172 0.000142 0.000115 0.000092 0.000072 0.000056 0.000043 0.000032 0.000024 0.000017 0.000012 0.000009 0.000006 0.000004 0.000003 0.000002 0.000001 0.000001 0.000001 0.000000 0.000000 0.000000 0.000000 0.000000 0.000000 0.000000 0.000000 0.000000 0.000000 0.000000 0.000000 0.000000 0.000000 0.000000 0.000000 0.000000 0.000000 0.000000 
0.000000 0.000000 0.000000 0.000000 0.000000 0.000000 0.000000 0.000000 0.000000 0.000000 0.000000 0.000000 0.000000 0.000000 0.000000 0.000000 0.000000 0.000000 0.000000 0.000001 0.000001 0.000001 0.000002 0.000004 0.000005 0.000008 0.000011 0.000016 0.000023 0.000032 0.000044 0.000059 0.000079 0.000103 0.000133 0.000169 0.000212 0.000261 0.000317 0.000378 0.000445 0.000516 0.000588 0.000661 0.000731 0.000796 0.000853 0.000901 0.000936 0.000958 0.000966 0.000958 0.000936 0.000901 0.000853 0.000796 0.000731 0.000661 0.000588 0.000516 0.000445 0.000378 0.000317 0.000261 0.000212 0.000169 0.000133 0.000103 0.000079 0.000059 0.000044 0.000032 0.000023 0.000016 0.000011 0.000008 0.000005 0.000004 0.000002 0.000001 0.000001 0.000001 0.000000 0.000000 0.000000 0.000000 0.000000 0.000000 0.000000 0.000000 0.000000 0.000000 0.000000 0.000000 0.000000 0.000000 0.000000 0.000000 0.000000 0.000000 
0.000000 0.000000 0.000000 0.000000 0.000000 0.000000 0.000000 0.000000 0.000000 0.000000 0.000000 0.000000 0.000000 0.000000 0.000000 0.000000 0.000000 0.000000 0.000001 0.000001 0.000002 0.000003 0.000004 0.000006 0.000010 0.000014 0.000021 0.000030 0.000042 0.000058 0.000080 0.000108 0.000143 0.000187 0.000242 0.000307 0.000384 0.000473 0.000573 0.000685 0.000806 0.000933 0.001064 0.001195 0.001321 0.001438 0.001542 0.001628 0.001692 0.001732 0.001745 0.001732 0.001692 0.001628 0.001542 0.001438 0.001321 0.001195 0.001064 0.000933 0.000806 0.000685 0.000573 0.000473 0.000384 0.000307 0.000242 0.000187 0.000143 0.000108 0.000080 0.000058 0.000042 0.000030 0.000021 0.000014 0.000010 0.000006 0.000004 0.000003 0.000002 0.000001 0.000001 0.000000 0.000000 0.000000 0.000000 0.000000 0.000000 0.000000 0.000000 0.000000 0.000000 0.000000 0.000000 0.000000 0.000000 0.000000 0.000000 0.000000 
0.000000 0.000000 0.000000 0.000000 0.000000 0.000000 0.000000 0.000000 0.000000 0.000000 0.000000 0.000000 0.000000 0.000000 0.000000 0.000000 0.000000 0.000001 0.000001 0.000002 0.000003 0.000005 0.000008 0.000011 0.000017 0.000025 0.000037 0.000053 0.000075 0.000104 0.000143 0.000193 0.000256 0.000335 0.000432 0.000549 0.000686 0.000844 0.001024 0.001222 0.001437 0.001664 0.001897 0.002130 0.002355 0.002564 0.002748 0.002901 0.003015 0.003086 0.003110 0.003086 0.003015 0.002901 0.002748 0.002564 0.002355 0.002130 0.001897 0.001664 0.001437 0.001222 0.001024 0.000844 0.000686 0.000549 0.000432 0.000335 0.000256 0.000193 0.000143 0.000104 0.000075 0.000053 0.000037 0.000025 0.000017 0.000011 0.000008 0.000005 0.000003 0.000002 0.000001 0.000001 0.000000 0.000000 0.000000 0.000000 0.000000 0.000000 0.000000 0.000000 0.000000 0.000000 0.000000 0.000000 0.000000 0.000000 0.000000 0.000000 
0.000000 0.000000 0.000000 0.000000 0.000000 0.000000 0.000000 0.000000 0.000000 0.000000 0.000000 0.000000 0.000000 0.000000 0.000000 0.000000 0.000001 0.000001 0.000002 0.000003 0.000006 0.000009 0.000013 0.000020 0.000031 0.000045 0.000066 0.000094 0.000133 0.000184 0.000252 0.000340 0.000452 0.000591 0.000762 0.000966 0.001208 0.001487 0.001802 0.002151 0.002528 0.002927 0.003336 0.003745 0.004140 0.004506 0.004830 0.005098 0.005298 0.005423 0.005465 0.005423 0.005298 0.005098 0.004830 0.004506 0.004140 0.003745 0.003336 0.002927 0.002528 0.002151 0.001802 0.001487 0.001208 0.000966 0.000762 0.000591 0.000452 0.000340 0.000252 0.000184 0.000133 0.000094 0.000066 0.000045 0.000031 0.000020 0.000013 0.000009 0.000006 0.000003 0.000002 0.000001 0.000001 0.000000 0.000000 0.000000 0.000000 0.000000 0.000000 0.000000 0.000000 0.000000 0.000000 0.000000 0.000000 0.000000 0.000000 0.000000 
0.000000 0.000000 0.000000 0.000000 0.000000 0.000000 0.000000 0.000000 0.000000 0.000000 0.000000 0.000000 0.000000 0.000000 0.000000 0.000001 0.000001 0.000002 0.000004 0.000006 0.000010 0.000015 0.000023 0.000036 0.000053 0.000079 0.000114 0.000164 0.000231 0.000321 0.000439 0.000592 0.000786 0.001028 0.001324 0.001679 0.002098 0.002581 0.003127 0.003732 0.004386 0.005076 0.005785 0.006492 0.007175 0.007809 0.008370 0.008833 0.009180 0.009394 0.009467 0.009394 0.009180 0.008833 0.008370 0.007809 0.007175 0.006492 0.005785 0.005076 0.004386 0.003732 0.003127 0.002581 0.002098 0.001679 0.001324 0.001028 0.000786 0.000592 0.000439 0.000321 0.000231 0.000164 0.000114 0.000079 0.000053 0.000036 0.000023 0.000015 0.000010 0.000006 0.000004 0.000002 0.000001 0.000001 0.000000 0.000000 0.000000 0.000000 0.000000 0.000000 0.000000 0.000000 0.000000 0.000000 0.000000 0.000000 0.000000 0.000000 
0.000000 0.000000 0.000000 0.000000 0.000000 0.000000 0.000000 0.000000 0.000000 0.000000 0.000000 0.000000 0.000000 0.000000 0.000001 0.000001 0.000002 0.000004 0.000007 0.000011 0.000017 0.000026 0.000040 0.000061 0.000092 0.000135 0.000197 0.000281 0.000397 0.000551 0.000754 0.001015 0.001348 0.001761 0.002268 0.002876 0.003591 0.004417 0.005351 0.006384 0.007500 0.008678 0.009889 0.011096 0.012262 0.013344 0.014299 0.015090 0.015681 0.016047 0.016171 0.016047 0.015681 0.015090 0.014299 0.013344 0.012262 0.011096 0.009889 0.008678 0.007500 0.006384 0.005351 0.004417 0.003591 0.002876 0.002268 0.001761 0.001348 0.001015 0.000754 0.000551 0.000397 0.000281 0.000197 0.000135 0.000092 0.000061 0.000040 0.000026 0.000017 0.000011 0.000007 0.000004 0.000002 0.000001 0.000001 0.000000 0.000000 0.000000 0.000000 0.000000 0.000000 0.000000 0.000000 0.000000 0.000000 0.000000 0.000000 0.000000 
0.000000 0.000000 0.000000 0.000000 0.000000 0.000000 0.000000 0.000000 0.000000 0.000000 0.000000 0.000000 0.000000 0.000001 0.000001 0.000002 0.000004 0.000007 0.000011 0.000018 0.000028 0.000045 0.000069 0.000104 0.000156 0.000230 0.000333 0.000477 0.000672 0.000933 0.001275 0.001717 0.002278 0.002976 0.003831 0.004856 0.006062 0.007454 0.009027 0.010766 0.012646 0.014629 0.016666 0.018698 0.020659 0.022479 0.024086 0.025416 0.026410 0.027025 0.027234 0.027025 0.026410 0.025416 0.024086 0.022479 0.020659 0.018698 0.016666 0.014629 0.012646 0.010766 0.009027 0.007454 0.006062 0.004856 0.003831 0.002976 0.002278 0.001717 0.001275 0.000933 0.000672 0.000477 0.000333 0.000230 0.000156 0.000104 0.000069 0.000045 0.000028 0.000018 0.000011 0.000007 0.000004 0.000002 0.000001 0.000001 0.000000 0.000000 0.000000 0.000000 0.000000 0.000000 0.000000 0.000000 0.000000 0.000000 0.000000 0.000000 
0.000000 0.000000 0.000000 0.000000 0.000000 0.000000 0.000000 0.000000 0.000000 0.000000 0.000000 0.000000 0.000001 0.000001 0.000002 0.000004 0.000007 0.000011 0.000019 0.000030 0.000048 0.000075 0.000115 0.000174 0.000261 0.000384 0.000557 0.000797 0.001122 0.001556 0.002127 0.002863 0.003796 0.004958 0.006378 0.008082 0.010087 0.012399 0.015012 0.017900 0.021020 0.024311 0.027691 0.031062 0.034315 0.037332 0.039998 0.042203 0.043851 0.044871 0.045217 0.044871 0.043851 0.042203 0.039998 0.037332 0.034315 0.031062 0.027691 0.024311 0.021020 0.017900 0.015012 0.012399 0.010087 0.008082 0.006378 0.004958 0.003796 0.002863 0.002127 0.001556 0.001122 0.000797 0.000557 0.000384 0.000261 0.000174 0.000115 0.000075 0.000048 0.000030 0.000019 0.000011 0.000007 0.000004 0.000002 0.000001 0.000001 0.000000 0.000000 0.000000 0.000000 0.000000 0.000000 0.000000 0.000000 0.000000 0.000000 0.000000 
0.000000 0.000000 0.000000 0.000000 0.000000 0.000000 0.000000 0.000000 0.000000 0.000000 0.000000 0.000001 0.000001 0.000002 0.000004 0.000007 0.000011 0.000019 0.000031 0.000050 0.000079 0.000123 0.000190 0.000288 0.000430 0.000633 0.000918 0.001311 0.001846 0.002560 0.003496 0.004704 0.006236 0.008141 0.010470 0.013262 0.016547 0.020334 0.024611 0.029338 0.034445 0.039829 0.045358 0.050871 0.056190 0.061124 0.065482 0.069086 0.071781 0.073448 0.074013 0.073448 0.071781 0.069086 0.065482 0.061124 0.056190 0.050871 0.045358 0.039829 0.034445 0.029338 0.024611 0.020334 0.016547 0.013262 0.010470 0.008141 0.006236 0.004704 0.003496 0.002560 0.001846 0.001311 0.000918 0.000633 0.000430 0.000288 0.000190 0.000123 0.000079 0.000050 0.000031 0.000019 0.000011 0.000007 0.000004 0.000002 0.000001 0.000001 0.000000 0.000000 0.000000 0.000000 0.000000 0.000000 0.000000 0.000000 0.000000 0.000000 
0.000000 0.000000 0.000000 0.000000 0.000000 0.000000 0.000000 0.000000 0.000000 0.000000 0.000001 0.000001 0.000002 0.000004 0.000007 0.000011 0.000019 0.000031 0.000051 0.000081 0.000129 0.000201 0.000309 0.000468 0.000699 0.001028 0.001490 0.002128 0.002994 0.004150 0.005666 0.007620 0.010097 0.013177 0.016940 0.021451 0.026756 0.032870 0.039774 0.047402 0.055641 0.064325 0.073241 0.082131 0.090705 0.098658 0.105682 0.111490 0.115833 0.118520 0.119429 0.118520 0.115833 0.111490 0.105682 0.098658 0.090705 0.082131 0.073241 0.064325 0.055641 0.047402 0.039774 0.032870 0.026756 0.021451 0.016940 0.013177 0.010097 0.007620 0.005666 0.004150 0.002994 0.002128 0.001490 0.001028 0.000699 0.000468 0.000309 0.000201 0.000129 0.000081 0.000051 0.000031 0.000019 0.000011 0.000007 0.000004 0.000002 0.000001 0.000001 0.000000 0.000000 0.000000 0.000000 0.000000 0.000000 0.000000 0.000000 0.000000 
0.000000 0.000000 0.000000 0.000000 0.000000 0.000000 0.000000 0.000000 0.000000 0.000001 0.000001 0.000002 0.000003 0.000006 0.000011 0.000018 0.000030 0.000050 0.000081 0.000130 0.000207 0.000322 0.000495 0.000750 0.001119 0.001646 0.002385 0.003404 0.004786 0.006631 0.009050 0.012167 0.016114 0.021024 0.027018 0.034202 0.042647 0.052378 0.063362 0.075496 0.088599 0.102407 0.116580 0.130711 0.144338 0.156975 0.168135 0.177362 0.184262 0.188531 0.189975 0.188531 0.184262 0.177362 0.168135 0.156975 0.144338 0.130711 0.116580 0.102407 0.088599 0.075496 0.063362 0.052378 0.042647 0.034202 0.027018 0.021024 0.016114 0.012167 0.009050 0.006631 0.004786 0.003404 0.002385 0.001646 0.001119 0.000750 0.000495 0.000322 0.000207 0.000130 0.000081 0.000050 0.000030 0.000018 0.000011 0.000006 0.000003 0.000002 0.000001 0.000001 0.000000 0.000000 0.000000 0.000000 0.000000 0.000000 0.000000 0.000000 
0.000000 0.000000 0.000000 0.000000 0.000000 0.000000 0.000000 0.000000 0.000001 0.000001 0.000002 0.000003 0.000006 0.000010 0.000017 0.000028 0.000048 0.000079 0.000129 0.000207 0.000327 0.000509 0.000783 0.001185 0.001767 0.002597 0.003761 0.005365 0.007541 0.010443 0.014247 0.019147 0.025350 0.033061 0.042474 0.053750 0.067002 0.082268 0.099496 0.118523 0.139064 0.160707 0.182918 0.205058 0.226407 0.246202 0.263682 0.278133 0.288938 0.295623 0.297885 0.295623 0.288938 0.278133 0.263682 0.246202 0.226407 0.205058 0.182918 0.160707 0.139064 0.118523 0.099496 0.082268 0.067002 0.053750 0.042474 0.033061 0.025350 0.019147 0.014247 0.010443 0.007541 0.005365 0.003761 0.002597 0.001767 0.001185 0.000783 0.000509 0.000327 0.000207 0.000129 0.000079 0.000048 0.000028 0.000017 0.000010 0.000006 0.000003 0.000002 0.000001 0.000001 0.000000 0.000000 0.000000 0.000000 0.000000 0.000000 0.000000 
0.000000 0.000000 0.000000 0.000000 0.000000 0.000000 0.000000 0.000000 0.000001 0.000001 0.000003 0.000005 0.000009 0.000015 0.000026 0.000045 0.000075 0.000123 0.000201 0.000322 0.000509 0.000794 0.001219 0.001844 0.002749 0.004038 0.005845 0.008335 0.011711 0.016210 0.022105 0.029698 0.039304 0.051243 0.065811 0.083259 0.103757 0.127364 0.153999 0.183407 0.215149 0.248587 0.282897 0.317092 0.350061 0.380628 0.407616 0.429926 0.446606 0.456925 0.460417 0.456925 0.446606 0.429926 0.407616 0.380628 0.350061 0.317092 0.282897 0.248587 0.215149 0.183407 0.153999 0.127364 0.103757 0.083259 0.065811 0.051243 0.039304 0.029698 0.022105 0.016210 0.011711 0.008335 0.005845 0.004038 0.002749 0.001844 0.001219 0.000794 0.000509 0.000322 0.000201 0.000123 0.000075 0.000045 0.000026 0.000015 0.000009 0.000005 0.000003 0.000001 0.000001 0.000000 0.000000 0.000000 0.000000 0.000000 0.000000 0.000000 
0.000000 0.000000 0.000000 0.000000 0.000000 0.000000 0.000000 0.000001 0.000001 0.000002 0.000004 0.000008 0.000013 0.000023 0.000040 0.000069 0.000115 0.000190 0.000309 0.000495 0.000783 0.001219 0.001870 0.002828 0.004215 0.006188 0.008953 0.012761 0.017922 0.024798 0.033804 0.045397 0.060061 0.078279 0.100503 0.127112 0.158363 0.194346 0.234933 0.279736 0.328085 0.379007 0.431250 0.483309 0.533495 0.580019 0.621092 0.655042 0.680426 0.696126 0.701440 0.696126 0.680426 0.655042 0.621092 0.580019 0.533495 0.483309 0.431250 0.379007 0.328085 0.279736 0.234933 0.194346 0.158363 0.127112 0.100503 0.078279 0.060061 0.045397 0.033804 0.024798 0.017922 0.012761 0.008953 0.006188 0.004215 0.002828 0.001870 0.001219 0.000783 0.000495 0.000309 0.000190 0.000115 0.000069 0.000040 0.000023 0.000013 0.000008 0.000004 0.000002 0.000001 0.000001 0.000000 0.000000 0.000000 0.000000 0.000000 0.000000 
0.000000 0.000000 0.000000 0.000000 0.000000 0.000000 0.000001 0.000001 0.000002 0.000004 0.000006 0.000011 0.000020 0.000036 0.000061 0.000104 0.000174 0.000288 0.000468 0.000750 0.001185 0.001844 0.002828 0.004275 0.006367 0.009345 0.013513 0.019254 0.027030 0.037386 0.050944 0.068392 0.090454 0.117854 0.151269 0.191264 0.238225 0.292283 0.353242 0.420521 0.493108 0.569546 0.647953 0.726072 0.801372 0.871169 0.932783 0.983709 1.021782 1.045331 1.053301 1.045331 1.021782 0.983709 0.932783 0.871169 0.801372 0.726072 0.647953 0.569546 0.493108 0.420521 0.353242 0.292283 0.238225 0.191264 0.151269 0.117854 0.090454 0.068392 0.050944 0.037386 0.027030 0.019254 0.013513 0.009345 0.006367 0.004275 0.002828 0.001844 0.001185 0.000750 0.000468 0.000288 0.000174 0.000104 0.000061 0.000036 0.000020 0.000011 0.000006 0.000004 0.000002 0.000001 0.000001 0.000000 0.000000 0.000000 0.000000 0.000000 
0.000000 0.000000 0.000000 0.000000 0.000000 0.000000 0.000001 0.000002 0.000003 0.000005 0.000010 0.000017 0.000031 0.000053 0.000092 0.000156 0.000261 0.000430 0.000699 0.001119 0.001767 0.002749 0.004215 0.006367 0.009479 0.013906 0.020101 0.028628 0.040174 0.055545 0.075663 0.101542 0.134253 0.174868 0.224384 0.283634 0.353185 0.433227 0.523468 0.623042 0.730453 0.843543 0.959527 1.075070 1.186429 1.289638 1.380741 1.456034 1.512322 1.547135 1.558918 1.547135 1.512322 1.456034 1.380741 1.289638 1.186429 1.075070 0.959527 0.843543 0.730453 0.623042 0.523468 0.433227 0.353185 0.283634 0.224384 0.174868 0.134253 0.101542 0.075663 0.055545 0.040174 0.028628 0.020101 0.013906 0.009479 0.006367 0.004215 0.002749 0.001767 0.001119 0.000699 0.000430 0.000261 0.000156 0.000092 0.000053 0.000031 0.000017 0.000010 0.000005 0.000003 0.000002 0.000001 0.000000 0.000000 0.000000 0.000000 0.000000 
0.000000 0.000000 0.000000 0.000000 0.000000 0.000001 0.000001 0.000002 0.000004 0.000008 0.000014 0.000025 0.000045 0.000079 0.000135 0.000230 0.000384 0.000633 0.001028 0.001646 0.002597 0.004038 0.006188 0.009345 0.013906 0.020391 0.029463 0.041946 0.058840 0.081324 0.110740 0.148569 0.196369 0.255700 0.328014 0.414521 0.516042 0.632848 0.764508 0.909758 1.066409 1.231316 1.400416 1.568852 1.731168 1.881591 2.014357 2.124077 2.206096 2.256824 2.273991 2.256824 2.206096 2.124077 2.014357 1.881591 1.731168 1.568852 1.400416 1.231316 1.066409 0.909758 0.764508 0.632848 0.516042 0.414521 0.328014 0.255700 0.196369 0.148569 0.110740 0.081324 0.058840 0.041946 0.029463 0.020391 0.013906 0.009345 0.006188 0.004038 0.002597 0.001646 0.001028 0.000633 0.000384 0.000230 0.000135 0.000079 0.000045 0.000025 0.000014 0.000008 0.000004 0.000002 0.000001 0.000001 0.000000 0.000000 0.000000 0.000000 
0.000000 0.000000 0.000000 0.000000 0.000000 0.000001 0.000002 0.000003 0.000006 0.000011 0.000021 0.000037 0.000066 0.000114 0.000197 0.000333 0.000557 0.000918 0.001490 0.002385 0.003761 0.005845 0.008953 0.013513 0.020101 0.029463 0.042554 0.060561 0.084922 0.117331 0.159719 0.214211 0.283047 0.368463 0.472540 0.597014 0.743056 0.911048 1.100364 1.309180 1.534346 1.771341 2.014327 2.256327 2.489508 2.705583 2.896279 3.053863 3.171656 3.244507 3.269161 3.244507 3.171656 3.053863 2.896279 2.705583 2.489508 2.256327 2.014327 1.771341 1.534346 1.309180 1.100364 0.911048 0.743056 0.597014 0.472540 0.368463 0.283047 0.214211 0.159719 0.117331 0.084922 0.060561 0.042554 0.029463 0.020101 0.013513 0.008953 0.005845 0.003761 0.002385 0.001490 0.000918 0.000557 0.000333 0.000197 0.000114 0.000066 0.000037 0.000021 0.000011 0.000006 0.000003 0.000002 0.000001 0.000000 0.000000 0.000000 0.000000 
0.000000 0.000000 0.000000 0.000000 0.000001 0.000001 0.000002 0.000005 0.000009 0.000016 0.000030 0.000053 0.000094 0.000164 0.000281 0.000477 0.000797 0.001311 0.002128 0.003404 0.005365 0.008335 0.012761 0.019254 0.028628 0.041946 0.060561 0.086156 0.120771 0.166806 0.226997 0.304351 0.402038 0.523221 0.670840 0.847345 1.054386 1.292494 1.560772 1.856628 2.175595 2.511266 2.855375 3.198044 3.528191 3.834088 4.104036 4.327097 4.493827 4.596939 4.631834 4.596939 4.493827 4.327097 4.104036 3.834088 3.528191 3.198044 2.855375 2.511266 2.175595 1.856628 1.560772 1.292494 1.054386 0.847345 0.670840 0.523221 0.402038 0.304351 0.226997 0.166806 0.120771 0.086156 0.060561 0.041946 0.028628 0.019254 0.012761 0.008335 0.005365 0.003404 0.002128 0.001311 0.000797 0.000477 0.000281 0.000164 0.000094 0.000053 0.000030 0.000016 0.000009 0.000005 0.000002 0.000001 0.000001 0.000000 0.000000 0.000000 
0.000000 0.000000 0.000000 0.000000 0.000001 0.000002 0.000004 0.000007 0.000012 0.000023 0.000042 0.000075 0.000133 0.000231 0.000397 0.000672 0.001122 0.001846 0.002994 0.004786 0.007541 0.011711 0.017922 0.027030 0.040174 0.058840 0.084922 0.120771 0.169238 0.233673 0.317896 0.426103 0.562713 0.732137 0.938469 1.185118 1.474372 1.806962 2.181620 2.594718 3.040012 3.508557 3.988816 4.467008 4.927677 5.354472 5.731081 6.042259 6.274842 6.418677 6.467352 6.418677 6.274842 6.042259 5.731081 5.354472 4.927677 4.467008 3.988816 3.508557 3.040012 2.594718 2.181620 1.806962 1.474372 1.185118 0.938469 0.732137 0.562713 0.426103 0.317896 0.233673 0.169238 0.120771 0.084922 0.058840 0.040174 0.027030 0.017922 0.011711 0.007541 0.004786 0.002994 0.001846 0.001122 0.000672 0.000397 0.000231 0.000133 0.000075 0.000042 0.000023 0.000012 0.000007 0.000004 0.000002 0.000001 0.000001 0.000000 0.000000 
0.000000 0.000000 0.000000 0.000001 0.000001 0.000003 0.000005 0.000009 0.000017 0.000032 0.000058 0.000104 0.000184 0.000321 0.000551 0.000933 0.001556 0.002560 0.004150 0.006631 0.010443 0.016210 0.024798 0.037386 0.055545 0.081324 0.117331 0.166806 0.233673 0.322543 0.438670 0.587824 0.776079 1.009494 1.293689 1.633336 2.031570 2.489375 3.004991 3.573412 4.186040 4.830563 5.491116 6.148751 6.782224 7.369065 7.886865 8.314679 8.634426 8.832159 8.899073 8.832159 8.634426 8.314679 7.886865 7.369065 6.782224 6.148751 5.491116 4.830563 4.186040 3.573412 3.004991 2.489375 2.031570 1.633336 1.293689 1.009494 0.776079 0.587824 0.438670 0.322543 0.233673 0.166806 0.117331 0.081324 0.055545 0.037386 0.024798 0.016210 0.010443 0.006631 0.004150 0.002560 0.001556 0.000933 0.000551 0.000321 0.000184 0.000104 0.000058 0.000032 0.000017 0.000009 0.000005 0.000003 0.000001 0.000001 0.000000 0.000000 
0.000000 0.000000 0.000001 0.000001 0.000002 0.000004 0.000007 0.000013 0.000024 0.000044 0.000080 0.000143 0.000252 0.000439 0.000754 0.001275 0.002127 0.003496 0.005666 0.009050 0.014247 0.022105 0.033804 0.050944 0.075663 0.110740 0.159719 0.226997 0.317896 0.438670 0.596441 0.799029 1.054661 1.371537 1.757263 2.218152 2.758431 3.379411 4.078685 4.849447 5.680028 6.553733 7.449059 8.340332 9.198778 9.993966 10.695554 11.275184 11.708381 11.976264 12.066916 11.976264 11.708381 11.275184 10.695554 9.993966 9.198778 8.340332 7.449059 6.553733 5.680028 4.849447 4.078685 3.379411 2.758431 2.218152 1.757263 1.371537 1.054661 0.799029 0.596441 0.438670 0.317896 0.226997 0.159719 0.110740 0.075663 0.050944 0.033804 0.022105 0.014247 0.009050 0.005666 0.003496 0.002127 0.001275 0.000754 0.000439 0.000252 0.000143 0.000080 0.000044 0.000024 0.000013 0.000007 0.000004 0.000002 0.000001 0.000001 0.000001 
0.000000 0.000000 0.000001 0.000001 0.000002 0.000005 0.000009 0.000017 0.000032 0.000059 0.000108 0.000193 0.000340 0.000592 0.001015 0.001717 0.002863 0.004704 0.007620 0.012167 0.019147 0.029698 0.045397 0.068392 0.101542 0.148569 0.214211 0.304351 0.426103 0.587824 0.799029 1.070161 1.412199 1.836084 2.351957 2.968227 3.690513 4.520536 5.455052 6.484946 7.594612 8.761741 9.957613 11.147949 12.294339 13.356170 14.292954 15.066856 15.645223 16.002868 16.123894 16.002868 15.645223 15.066856 14.292954 13.356170 12.294339 11.147949 9.957613 8.761741 7.594612 6.484946 5.455052 4.520536 3.690513 2.968227 2.351957 1.836084 1.412199 1.070161 0.799029 0.587824 0.426103 0.304351 0.214211 0.148569 0.101542 0.068392 0.045397 0.029698 0.019147 0.012167 0.007620 0.004704 0.002863 0.001717 0.001015 0.000592 0.000340 0.000193 0.000108 0.000059 0.000032 0.000017 0.000009 0.000005 0.000003 0.000001 0.000001 0.000001 
0.000001 0.000001 0.000001 0.000002 0.000003 0.000006 0.000012 0.000023 0.000043 0.000079 0.000143 0.000256 0.000452 0.000786 0.001348 0.002278 0.003796 0.006236 0.010097 0.016114 0.025350 0.039304 0.060061 0.090454 0.134253 0.196369 0.283047 0.402038 0.562713 0.776079 1.054661 1.412199 1.863135 2.421855 3.101683 3.913655 4.865136 5.958353 7.189001 8.545051 10.005940 11.542290 13.116302 14.682874 16.191480 17.588707 18.821313 19.839550 20.600490 21.071022 21.230247 21.071022 20.600490 19.839550 18.821313 17.588707 16.191480 14.682874 13.116302 11.542290 10.005940 8.545051 7.189001 5.958353 4.865136 3.913655 3.101683 2.421855 1.863135 1.412199 1.054661 0.776079 0.562713 0.402038 0.283047 0.196369 0.134253 0.090454 0.060061 0.039304 0.025350 0.016114 0.010097 0.006236 0.003796 0.002278 0.001348 0.000786 0.000452 0.000256 0.000143 0.000079 0.000043 0.000023 0.000012 0.000006 0.000003 0.000002 0.000001 0.000001 
0.000001 0.000001 0.000001 0.000002 0.000004 0.000008 0.000016 0.000030 0.000056 0.000103 0.000187 0.000335 0.000591 0.001028 0.001761 0.002976 0.004958 0.008141 0.013177 0.021024 0.033061 0.051243 0.078279 0.117854 0.174868 0.255700 0.368463 0.523221 0.732137 1.009494 1.371537 1.836084 2.421855 3.147487 4.030232 5.084371 6.319410 7.738196 9.335100 11.094482 12.989642 14.982466 17.023926 19.055548 21.011837 22.823569 24.421749 25.741921 26.728466 27.338487 27.544912 27.338487 26.728466 25.741921 24.421749 22.823569 21.011837 19.055548 17.023926 14.982466 12.989642 11.094482 9.335100 7.738196 6.319410 5.084371 4.030232 3.147487 2.421855 1.836084 1.371537 1.009494 0.732137 0.523221 0.368463 0.255700 0.174868 0.117854 0.078279 0.051243 0.033061 0.021024 0.013177 0.008141 0.004958 0.002976 0.001761 0.001028 0.000591 0.000335 0.000187 0.000103 0.000056 0.000030 0.000016 0.000008 0.000004 0.000002 0.000002 0.000002 
0.000001 0.000001 0.000002 0.000003 0.000006 0.000011 0.000021 0.000039 0.000072 0.000133 0.000242 0.000432 0.000762 0.001324 0.002268 0.003831 0.006378 0.010470 0.016940 0.027018 0.042474 0.065811 0.100503 0.151269 0.224384 0.328014 0.472540 0.670840 0.938469 1.293689 1.757263 2.351957 3.101683 4.030232 5.159621 6.508056 8.087637 9.901947 11.943740 14.192981 16.615512 19.162604 21.771603 24.367801 26.867538 29.182409 31.224311 32.910943 34.171296 34.950607 35.214315 34.950607 34.171296 32.910943 31.224311 29.182409 26.867538 24.367801 21.771603 19.162604 16.615512 14.192981 11.943740 9.901947 8.087637 6.508056 5.159621 4.030232 3.101683 2.351957 1.757263 1.293689 0.938469 0.670840 0.472540 0.328014 0.224384 0.151269 0.100503 0.065811 0.042474 0.027018 0.016940 0.010470 0.006378 0.003831 0.002268 0.001324 0.000762 0.000432 0.000242 0.000133 0.000072 0.000039 0.000021 0.000011 0.000006 0.000003 0.000002 0.000002 
0.000001 0.000001 0.000002 0.000004 0.000007 0.000014 0.000026 0.000049 0.000092 0.000169 0.000307 0.000549 0.000966 0.001679 0.002876 0.004856 0.008082 0.013262 0.021451 0.034202 0.053750 0.083259 0.127112 0.191264 0.283634 0.414521 0.597014 0.847345 1.185118 1.633336 2.218152 2.968227 3.913655 5.084371 6.508056 8.207588 10.198142 12.484168 15.056478 17.889787 20.941039 24.148849 27.434319 30.703400 33.850792 36.765241 39.335885 41.459177 43.045778 44.026798 44.358758 44.026798 43.045778 41.459177 39.335885 36.765241 33.850792 30.703400 27.434319 24.148849 20.941039 17.889787 15.056478 12.484168 10.198142 8.207588 6.508056 5.084371 3.913655 2.968227 2.218152 1.633336 1.185118 0.847345 0.597014 0.414521 0.283634 0.191264 0.127112 0.083259 0.053750 0.034202 0.021451 0.013262 0.008082 0.004856 0.002876 0.001679 0.000966 0.000549 0.000307 0.000169 0.000092 0.000049 0.000026 0.000014 0.000007 0.000004 0.000003 0.000003 
0.000002 0.000002 0.000002 0.000005 0.000009 0.000017 0.000033 0.000062 0.000115 0.000212 0.000384 0.000686 0.001208 0.002098 0.003591 0.006062 0.010087 0.016547 0.026756 0.042647 0.067002 0.103757 0.158363 0.238225 0.353185 0.516042 0.743056 1.054386 1.474372 2.031570 2.758431 3.690513 4.865136 6.319410 8.087637 10.198142 12.669688 15.507719 18.700763 22.217383 26.004105 29.984738 34.061386 38.117386 42.022140 45.637687 48.826570 51.460411 53.428457 54.645305 55.057062 54.645305 53.428457 51.460411 48.826570 45.637687 42.022140 38.117386 34.061386 29.984738 26.004105 22.217383 18.700763 15.507719 12.669688 10.198142 8.087637 6.319410 4.865136 3.690513 2.758431 2.031570 1.474372 1.054386 0.743056 0.516042 0.353185 0.238225 0.158363 0.103757 0.067002 0.042647 0.026756 0.016547 0.010087 0.006062 0.003591 0.002098 0.001208 0.000686 0.000384 0.000212 0.000115 0.000062 0.000033 0.000017 0.000009 0.000005 0.000003 0.000003 
0.000002 0.000002 0.000003 0.000006 0.000011 0.000021 0.000040 0.000076 0.000142 0.000261 0.000473 0.000844 0.001487 0.002581 0.004417 0.007454 0.012399 0.020334 0.032870 0.052378 0.082268 0.127364 0.194346 0.292283 0.433227 0.632848 0.911048 1.292494 1.806962 2.489375 3.379411 4.520536 5.958353 7.738196 9.901947 12.484168 15.507719 18.979173 22.884419 27.184949 31.815336 36.682398 41.666453 46.624906 51.398162 55.817646 59.715419 62.934648 65.340040 66.827274 67.330519 66.827274 65.340040 62.934648 59.715419 55.817646 51.398162 46.624906 41.666453 36.682398 31.815336 27.184949 22.884419 18.979173 15.507719 12.484168 9.901947 7.738196 5.958353 4.520536 3.379411 2.489375 1.806962 1.292494 0.911048 0.632848 0.433227 0.292283 0.194346 0.127364 0.082268 0.052378 0.032870 0.020334 0.012399 0.007454 0.004417 0.002581 0.001487 0.000844 0.000473 0.000261 0.000142 0.000076 0.000040 0.000021 0.000011 0.000006 0.000004 0.000004 
0.000002 0.000002 0.000004 0.000007 0.000013 0.000026 0.000049 0.000093 0.000172 0.000317 0.000573 0.001024 0.001802 0.003127 0.005351 0.009027 0.015012 0.024611 0.039774 0.063362 0.099496 0.153999 0.234933 0.353242 0.523468 0.764508 1.100364 1.560772 2.181620 3.004991 4.078685 5.455052 7.189001 9.335100 11.943740 15.056478 18.700763 22.884419 27.590355 32.772103 38.350788 44.214129 50.217963 56.190558 61.939741 67.262556 71.956828 75.833767 78.730525 80.521536 81.127567 80.521536 78.730525 75.833767 71.956828 67.262556 61.939741 56.190558 50.217963 44.214129 38.350788 32.772103 27.590355 22.884419 18.700763 15.056478 11.943740 9.335100 7.189001 5.455052 4.078685 3.004991 2.181620 1.560772 1.100364 0.764508 0.523468 0.353242 0.234933 0.153999 0.099496 0.063362 0.039774 0.024611 0.015012 0.009027 0.005351 0.003127 0.001802 0.001024 0.000573 0.000317 0.000173 0.000093 0.000049 0.000026 0.000014 0.000008 0.000005 0.000005 
0.000003 0.000003 0.000004 0.000008 0.000016 0.000031 0.000059 0.000111 0.000206 0.000378 0.000685 0.001222 0.002151 0.003732 0.006384 0.010766 0.017900 0.029338 0.047402 0.075496 0.118523 0.183407 0.279736 0.420521 0.623042 0.909758 1.309180 1.856628 2.594718 3.573412 4.849447 6.484946 8.545051 11.094482 14.192981 17.889787 22.217383 27.184949 32.772103 38.923604 45.545767 52.505298 59.631097 66.719383 73.542157 79.858653 85.429054 90.029435 93.466652 95.591787 96.310872 95.591787 93.466652 90.029435 85.429054 79.858653 73.542157 66.719383 59.631097 52.505298 45.545767 38.923604 32.772103 27.184949 22.217383 17.889787 14.192981 11.094482 8.545051 6.484946 4.849447 3.573412 2.594718 1.856628 1.309180 0.909758 0.623042 0.420521 0.279736 0.183407 0.118523 0.075496 0.047402 0.029338 0.017900 0.010766 0.006384 0.003732 0.002151 0.001222 0.000685 0.000378 0.000206 0.000111 0.000059 0.000031 0.000016 0.000009 0.000006 0.000006 
0.000003 0.000003 0.000005 0.000010 0.000019 0.000036 0.000069 0.000130 0.000243 0.000445 0.000806 0.001437 0.002528 0.004386 0.007500 0.012646 0.021020 0.034445 0.055641 0.088599 0.139064 0.215149 0.328085 0.493108 0.730453 1.066409 1.534346 2.175595 3.040012 4.186040 5.680028 7.594612 10.005940 12.989642 16.615512 20.941039 26.004105 31.815336 38.350788 45.545767 53.290652 61.429532 69.762330 78.050796 86.028403 93.413727 99.926479 105.304963 109.323460 111.807950 112.648624 111.807950 109.323460 105.304963 99.926479 93.413727 86.028403 78.050796 69.762330 61.429532 53.290652 45.545767 38.350788 31.815336 26.004105 20.941039 16.615512 12.989642 10.005940 7.594612 5.680028 4.186040 3.040012 2.175595 1.534346 1.066409 0.730453 0.493108 0.328085 0.215149 0.139064 0.088599 0.055641 0.034445 0.021020 0.012646 0.007500 0.004386 0.002528 0.001437 0.000806 0.000445 0.000243 0.000130 0.000069 0.000036 0.000019 0.000011 0.000007 0.000007 
0.000004 0.000004 0.000006 0.000011 0.000022 0.000042 0.000080 0.000151 0.000281 0.000516 0.000933 0.001664 0.002927 0.005076 0.008678 0.014629 0.024311 0.039829 0.064325 0.102407 0.160707 0.248587 0.379007 0.569546 0.843543 1.231316 1.771341 2.511266 3.508557 4.830563 6.553733 8.761741 11.542290 14.982466 19.162604 24.148849 29.984738 36.682398 44.214129 52.505298 61.429532 70.807162 80.407677 89.956631 99.147043 107.654805 115.157142 121.352705 125.981590 128.843424 129.811773 128.843424 125.981590 121.352705 115.157142 107.654805 99.147043 89.956631 80.407677 70.807162 61.429532 52.505298 44.214129 36.682398 29.984738 24.148849 19.162604 14.982466 11.542290 8.761741 6.553733 4.830563 3.508557 2.511266 1.771341 1.231316 0.843543 0.569546 0.379007 0.248587 0.160707 0.102407 0.064325 0.039829 0.024311 0.014629 0.008678 0.005076 0.002927 0.001664 0.000933 0.000516 0.000281 0.000151 0.000080 0.000042 0.000022 0.000012 0.000008 0.000008 
0.000005 0.000005 0.000007 0.000013 0.000025 0.000048 0.000091 0.000172 0.000321 0.000588 0.001064 0.001897 0.003336 0.005785 0.009889 0.016666 0.027691 0.045358 0.073241 0.116580 0.182918 0.282897 0.431250 0.647953 0.959527 1.400416 2.014327 2.855375 3.988816 5.491116 7.449059 9.957613 13.116302 17.023926 21.771603 27.434319 34.061386 41.666453 50.217963 59.631097 69.762330 80.407677 91.305482 102.144267 112.575665 122.231905 130.746754 137.778308 143.031697 146.279596 147.378571 146.279596 143.031697 137.778308 130.746754 122.231905 112.575665 102.144267 91.305482 80.407677 69.762330 59.631097 50.217963 41.666453 34.061386 27.434319 21.771603 17.023926 13.116302 9.957613 7.449059 5.491116 3.988816 2.855375 2.014327 1.400416 0.959527 0.647953 0.431250 0.282897 0.182918 0.116580 0.073241 0.045358 0.027691 0.016666 0.009889 0.005785 0.003336 0.001897 0.001064 0.000588 0.000321 0.000173 0.000092 0.000048 0.000025 0.000014 0.000009 0.000009 
