0.000000 0.000000 0.000000 0.000000 0.000000 0.000000 0.000000 0.000001 0.000001 0.000001 0.000002 0.000003 0.000004 0.000005 0.000007 0.000010 0.000014 0.000020 0.000027 0.000036 0.000048 0.000063 0.000083 0.000108 0.000139 0.000177 0.000223 0.000279 0.000346 0.000425 0.000516 0.000622 0.000742 0.000877 0.001026 0.001190 0.001366 0.001554 0.001751 0.001954 0.002160 0.002365 0.002565 0.002755 0.002932 0.003090 0.003226 0.003335 0.003416 0.003465 0.003482 0.003465 0.003416 0.003335 0.003226 0.003090 0.002932 0.002755 0.002565 0.002365 0.002160 0.001954 0.001751 0.001554 0.001366 0.001190 0.001026 0.000877 0.000742 0.000622 0.000516 0.000425 0.000346 0.000279 0.000223 0.000177 0.000139 0.000108 0.000083 0.000063 0.000048 0.000036 0.000027 0.000020 0.000014 0.000010 0.000007 0.000005 0.000004 0.000003 0.000002 0.000001 0.000001 0.000001 0.000000 0.000000 0.000000 0.000000 0.000000 0.000000 
0.000000 0.000000 0.000000 0.000000 0.000000 0.000000 0.000000 0.000001 0.000001 0.000001 0.000002 0.000003 0.000004 0.000005 0.000007 0.000010 0.000014 0.000020 0.000027 0.000036 0.000048 0.000063 0.000083 0.000108 0.000139 0.000177 0.000223 0.000279 0.000346 0.000425 0.000516 0.000622 0.000742 0.000877 0.001026 0.001190 0.001366 0.001554 0.001751 0.001954 0.002160 0.002365 0.002565 0.002755 0.002932 0.003090 0.003226 0.003335 0.003416 0.003465 0.003482 0.003465 0.003416 0.003335 0.003226 0.003090 0.002932 0.002755 0.002565 0.002365 0.002160 0.001954 0.001751 0.001554 0.001366 0.001190 0.001026 0.000877 0.000742 0.000622 0.000516 0.000425 0.000346 0.000279 0.000223 0.000177 0.000139 0.000108 0.000083 0.000063 0.000048 0.000036 0.000027 0.000020 0.000014 0.000010 0.000007 0.000005 0.000004 0.000003 0.000002 0.000001 0.000001 0.000001 0.000000 0.000000 0.000000 0.000000 0.000000 0.000000 
0.000000 0.000000 0.000000 0.000000 0.000000 0.000000 0.000000 0.000001 0.000001 0.000001 0.000002 0.000003 0.000004 0.000006 0.000009 0.000012 0.000017 0.000024 0.000032 0.000043 0.000058 0.000076 0.000100 0.000130 0.000167 0.000213 0.000269 0.000336 0.000416 0.000511 0.000621 0.000748 0.000892 0.001054 0.001234 0.001430 0.001642 0.001868 0.002104 0.002348 0.002596 0.002842 0.003082 0.003311 0.003523 0.003713 0.003876 0.004007 0.004104 0.004163 0.004183 0.004163 0.004104 0.004007 0.003876 0.003713 0.003523 0.003311 0.003082 0.002842 0.002596 0.002348 0.002104 0.001868 0.001642 0.001430 0.001234 0.001054 0.000892 0.000748 0.000621 0.000511 0.000416 0.000336 0.000269 0.000213 0.000167 0.000130 0.000100 0.000076 0.000058 0.000043 0.000032 0.000024 0.000017 0.000012 0.000009 0.000006 0.000004 0.000003 0.000002 0.000001 0.000001 0.000001 0.000000 0.000000 0.000000 0.000000 0.000000 0.000000 
0.000000 0.000000 0.000000 0.000000 0.000000 0.000000 0.000001 0.000001 0.000001 0.000002 0.000003 0.000004 0.000006 0.000009 0.000012 0.000017 0.000023 0.000032 0.000044 0.000059 0.000079 0.000104 0.000137 0.000178 0.000228 0.000291 0.000367 0.000459 0.000569 0.000698 0.000848 0.001021 0.001217 0.001438 0.001683 0.001951 0.002240 0.002547 0.002869 0.003201 0.003538 0.003874 0.004201 0.004512 0.004801 0.005059 0.005281 0.005461 0.005592 0.005673 0.005700 0.005673 0.005592 0.005461 0.005281 0.005059 0.004801 0.004512 0.004201 0.003874 0.003538 0.003201 0.002869 0.002547 0.002240 0.001951 0.001683 0.001438 0.001217 0.001021 0.000848 0.000698 0.000569 0.000459 0.000367 0.000291 0.000228 0.000178 0.000137 0.000104 0.000079 0.000059 0.000044 0.000032 0.000023 0.000017 0.000012 0.000009 0.000006 0.000004 0.000003 0.000002 0.000001 0.000001 0.000001 0.000000 0.000000 0.000000 0.000000 0.000000 
0.000000 0.000000 0.000000 0.000000 0.000000 0.000001 0.000001 0.000001 0.000002 0.000003 0.000004 0.000006 0.000009 0.000012 0.000018 0.000025 0.000034 0.000047 0.000064 0.000086 0.000115 0.000152 0.000199 0.000259 0.000332 0.000424 0.000534 0.000668 0.000827 0.001015 0.001233 0.001484 0.001770 0.002091 0.002446 0.002835 0.003254 0.003700 0.004168 0.004650 0.005139 0.005626 0.006100 0.006552 0.006971 0.007346 0.007667 0.007927 0.008118 0.008235 0.008275 0.008235 0.008118 0.007927 0.007667 0.007346 0.006971 0.006552 0.006100 0.005626 0.005139 0.004650 0.004168 0.003700 0.003254 0.002835 0.002446 0.002091 0.001770 0.001484 0.001233 0.001015 0.000827 0.000668 0.000534 0.000424 0.000332 0.000259 0.000199 0.000152 0.000115 0.000086 0.000064 0.000047 0.000034 0.000025 0.000018 0.000012 0.000009 0.000006 0.000004 0.000003 0.000002 0.000001 0.000001 0.000001 0.000000 0.000000 0.000000 0.000000 
0.000000 0.000000 0.000000 0.000000 0.000001 0.000001 0.000001 0.000002 0.000003 0.000004 0.000006 0.000009 0.000013 0.000019 0.000026 0.000037 0.000051 0.000070 0.000095 0.000129 0.000172 0.000227 0.000297 0.000386 0.000496 0.000632 0.000797 0.000996 0.001233 0.001512 0.001837 0.002211 0.002636 0.003113 0.003641 0.004220 0.004843 0.005507 0.006202 0.006919 0.007646 0.008369 0.009075 0.009746 0.010368 0.010925 0.011403 0.011790 0.012074 0.012247 0.012306 0.012247 0.012074 0.011790 0.011403 0.010925 0.010368 0.009746 0.009075 0.008369 0.007646 0.006919 0.006202 0.005507 0.004843 0.004220 0.003641 0.003113 0.002636 0.002211 0.001837 0.001512 0.001233 0.000996 0.000797 0.000632 0.000496 0.000386 0.000297 0.000227 0.000172 0.000129 0.000095 0.000070 0.000051 0.000037 0.000026 0.000019 0.000013 0.000009 0.000006 0.000004 0.000003 0.000002 0.000001 0.000001 0.000001 0.000000 0.000000 0.000000 
0.000000 0.000000 0.000000 0.000001 0.000001 0.000001 0.000002 0.000003 0.000004 0.000006 0.000009 0.000014 0.000020 0.000028 0.000040 0.000055 0.000077 0.000105 0.000143 0.000193 0.000257 0.000340 0.000446 0.000578 0.000743 0.000946 0.001194 0.001492 0.001846 0.002264 0.002750 0.003309 0.003945 0.004658 0.005448 0.006312 0.007245 0.008236 0.009275 0.010347 0.011433 0.012514 0.013567 0.014570 0.015499 0.016331 0.017046 0.017623 0.018047 0.018306 0.018393 0.018306 0.018047 0.017623 0.017046 0.016331 0.015499 0.014570 0.013567 0.012514 0.011433 0.010347 0.009275 0.008236 0.007245 0.006312 0.005448 0.004658 0.003945 0.003309 0.002750 0.002264 0.001846 0.001492 0.001194 0.000946 0.000743 0.000578 0.000446 0.000340 0.000257 0.000193 0.000143 0.000105 0.000077 0.000055 0.000040 0.000028 0.000020 0.000014 0.000009 0.000006 0.000004 0.000003 0.000002 0.000001 0.000001 0.000001 0.000001 0.000001 
0.000001 0.000001 0.000001 0.000001 0.000001 0.000002 0.000003 0.000004 0.000007 0.000010 0.000014 0.000021 0.000029 0.000042 0.000059 0.000083 0.000115 0.000157 0.000214 0.000288 0.000385 0.000508 0.000666 0.000864 0.001110 0.001413 0.001782 0.002226 0.002756 0.003378 0.004103 0.004937 0.005884 0.006947 0.008124 0.009412 0.010801 0.012278 0.013826 0.015422 0.017039 0.018649 0.020217 0.021711 0.023094 0.024333 0.025396 0.026256 0.026887 0.027273 0.027403 0.027273 0.026887 0.026256 0.025396 0.024333 0.023094 0.021711 0.020217 0.018649 0.017039 0.015422 0.013826 0.012278 0.010801 0.009412 0.008124 0.006947 0.005884 0.004937 0.004103 0.003378 0.002756 0.002226 0.001782 0.001413 0.001110 0.000864 0.000666 0.000508 0.000385 0.000288 0.000214 0.000157 0.000115 0.000083 0.000059 0.000042 0.000030 0.000021 0.000014 0.000010 0.000007 0.000004 0.000003 0.000002 0.000001 0.000001 0.000001 0.000001 
0.000001 0.000001 0.000001 0.000001 0.000002 0.000003 0.000004 0.000007 0.000010 0.000014 0.000021 0.000031 0.000044 0.000062 0.000088 0.000123 0.000171 0.000234 0.000318 0.000428 0.000571 0.000755 0.000988 0.001281 0.001646 0.002095 0.002642 0.003301 0.004085 0.005007 0.006081 0.007315 0.008717 0.010291 0.012033 0.013939 0.015995 0.018181 0.020470 0.022831 0.025224 0.027605 0.029925 0.032133 0.034179 0.036012 0.037585 0.038855 0.039789 0.040360 0.040552 0.040360 0.039789 0.038855 0.037585 0.036012 0.034179 0.032133 0.029925 0.027605 0.025224 0.022831 0.020470 0.018181 0.015995 0.013939 0.012033 0.010291 0.008717 0.007315 0.006081 0.005007 0.004085 0.003301 0.002642 0.002095 0.001646 0.001281 0.000988 0.000755 0.000571 0.000428 0.000318 0.000234 0.000171 0.000123 0.000088 0.000062 0.000044 0.000031 0.000021 0.000014 0.000010 0.000007 0.000004 0.000003 0.000002 0.000002 0.000001 0.000001 
0.000001 0.000001 0.000001 0.000002 0.000003 0.000004 0.000006 0.000010 0.000014 0.000021 0.000031 0.000045 0.000065 0.000092 0.000130 0.000182 0.000251 0.000345 0.000468 0.000630 0.000841 0.001111 0.001454 0.001885 0.002422 0.003082 0.003886 0.004854 0.006005 0.007361 0.008938 0.010750 0.012810 0.015120 0.017679 0.020476 0.023493 0.026701 0.030062 0.033526 0.037037 0.040530 0.043934 0.047174 0.050176 0.052864 0.055171 0.057034 0.058404 0.059241 0.059523 0.059241 0.058404 0.057034 0.055171 0.052864 0.050176 0.047174 0.043934 0.040530 0.037037 0.033526 0.030062 0.026701 0.023493 0.020476 0.017679 0.015120 0.012810 0.010750 0.008938 0.007361 0.006005 0.004854 0.003886 0.003082 0.002422 0.001885 0.001454 0.001111 0.000841 0.000630 0.000468 0.000345 0.000251 0.000182 0.000130 0.000092 0.000065 0.000045 0.000031 0.000021 0.000014 0.000010 0.000007 0.000004 0.000003 0.000002 0.000002 0.000002 
0.000002 0.000002 0.000002 0.000003 0.000004 0.000006 0.000009 0.000014 0.000021 0.000031 0.000045 0.000066 0.000095 0.000135 0.000190 0.000265 0.000367 0.000503 0.000684 0.000920 0.001227 0.001621 0.002121 0.002750 0.003532 0.004494 0.005665 0.007075 0.008752 0.010726 0.013022 0.015662 0.018659 0.022021 0.025746 0.029817 0.034207 0.038875 0.043764 0.048803 0.053911 0.058991 0.063942 0.068655 0.073020 0.076929 0.080284 0.082993 0.084985 0.086203 0.086612 0.086203 0.084985 0.082993 0.080284 0.076929 0.073020 0.068655 0.063942 0.058991 0.053911 0.048803 0.043764 0.038875 0.034207 0.029817 0.025746 0.022021 0.018659 0.015662 0.013022 0.010726 0.008752 0.007075 0.005665 0.004494 0.003532 0.002750 0.002121 0.001621 0.001227 0.000920 0.000684 0.000503 0.000367 0.000265 0.000190 0.000135 0.000095 0.000066 0.000045 0.000031 0.000021 0.000014 0.000010 0.000006 0.000004 0.000003 0.000003 0.000003 
0.000003 0.000003 0.000003 0.000004 0.000006 0.000009 0.000014 0.000021 0.000031 0.000045 0.000066 0.000095 0.000137 0.000195 0.000275 0.000384 0.000531 0.000728 0.000989 0.001331 0.001774 0.002343 0.003066 0.003975 0.005105 0.006494 0.008185 0.010220 0.012642 0.015491 0.018804 0.022612 0.026937 0.031787 0.037159 0.043031 0.049362 0.056093 0.063142 0.070408 0.077771 0.085095 0.092232 0.099025 0.105316 0.110951 0.115785 0.119691 0.122561 0.124316 0.124906 0.124316 0.122561 0.119691 0.115785 0.110951 0.105316 0.099025 0.092232 0.085095 0.077771 0.070408 0.063142 0.056093 0.049362 0.043031 0.037159 0.031787 0.026937 0.022612 0.018804 0.015491 0.012642 0.010220 0.008185 0.006494 0.005105 0.003975 0.003066 0.002343 0.001774 0.001331 0.000989 0.000728 0.000531 0.000384 0.000275 0.000195 0.000137 0.000095 0.000066 0.000045 0.000031 0.000021 0.000014 0.000009 0.000006 0.000005 0.000004 0.000004 
0.000004 0.000004 0.000004 0.000006 0.000009 0.000013 0.000020 0.000029 0.000044 0.000065 0.000095 0.000137 0.000197 0.000280 0.000394 0.000551 0.000762 0.001044 0.001418 0.001908 0.002543 0.003358 0.004393 0.005694 0.007311 0.009299 0.011719 0.014630 0.018094 0.022169 0.026907 0.032352 0.038535 0.045469 0.053148 0.061540 0.070588 0.080207 0.090279 0.100660 0.111179 0.121642 0.131837 0.141541 0.150527 0.158576 0.165480 0.171058 0.175157 0.177664 0.178507 0.177664 0.175157 0.171058 0.165480 0.158576 0.150527 0.141541 0.131837 0.121642 0.111179 0.100660 0.090279 0.080207 0.070588 0.061540 0.053148 0.045469 0.038535 0.032352 0.026907 0.022169 0.018094 0.014630 0.011719 0.009299 0.007311 0.005694 0.004393 0.003358 0.002543 0.001908 0.001418 0.001044 0.000762 0.000551 0.000394 0.000280 0.000197 0.000137 0.000095 0.000065 0.000044 0.000030 0.000020 0.000013 0.000009 0.000007 0.000006 0.000006 
0.000005 0.000005 0.000006 0.000009 0.000012 0.000019 0.000028 0.000042 0.000062 0.000092 0.000135 0.000195 0.000280 0.000398 0.000561 0.000783 0.001083 0.001484 0.002014 0.002710 0.003611 0.004767 0.006236 0.008081 0.010374 0.013195 0.016625 0.020752 0.025662 0.031437 0.038151 0.045867 0.054626 0.064449 0.075325 0.087211 0.100025 0.113645 0.127907 0.142605 0.157498 0.172310 0.186741 0.200476 0.213196 0.224588 0.234361 0.242255 0.248056 0.251604 0.252798 0.251604 0.248056 0.242255 0.234361 0.224588 0.213196 0.200476 0.186741 0.172310 0.157498 0.142605 0.127907 0.113645 0.100025 0.087211 0.075325 0.064449 0.054626 0.045867 0.038151 0.031437 0.025662 0.020752 0.016625 0.013195 0.010374 0.008081 0.006236 0.004767 0.003611 0.002710 0.002014 0.001484 0.001083 0.000783 0.000561 0.000398 0.000280 0.000195 0.000135 0.000092 0.000063 0.000042 0.000028 0.000019 0.000013 0.000010 0.000008 0.000008 
0.000007 0.000007 0.000009 0.000012 0.000018 0.000026 0.000040 0.000059 0.000088 0.000130 0.000190 0.000275 0.000394 0.000561 0.000790 0.001103 0.001525 0.002089 0.002835 0.003813 0.005081 0.006707 0.008771 0.011364 0.014587 0.018550 0.023370 0.029167 0.036063 0.044173 0.053601 0.064434 0.076731 0.090519 0.105784 0.122466 0.140448 0.159559 0.179569 0.200190 0.221083 0.241861 0.262104 0.281371 0.299211 0.315189 0.328895 0.339967 0.348103 0.353078 0.354752 0.353078 0.348103 0.339967 0.328895 0.315189 0.299211 0.281371 0.262104 0.241861 0.221083 0.200190 0.179569 0.159559 0.140448 0.122466 0.105784 0.090519 0.076731 0.064434 0.053601 0.044173 0.036063 0.029167 0.023370 0.018550 0.014587 0.011364 0.008771 0.006707 0.005081 0.003813 0.002835 0.002089 0.001525 0.001103 0.000790 0.000561 0.000394 0.000275 0.000190 0.000130 0.000088 0.000060 0.000040 0.000027 0.000019 0.000014 0.000012 0.000012 
0.000010 0.000010 0.000012 0.000017 0.000025 0.000037 0.000055 0.000083 0.000123 0.000182 0.000265 0.000384 0.000551 0.000783 0.001103 0.001539 0.002127 0.002914 0.003954 0.005317 0.007083 0.009349 0.012224 0.015836 0.020324 0.025841 0.032550 0.040620 0.050217 0.061502 0.074620 0.089690 0.106796 0.125974 0.147205 0.170402 0.195407 0.221979 0.249799 0.278468 0.307511 0.336393 0.364531 0.391309 0.416105 0.438311 0.457360 0.472746 0.484053 0.490967 0.493293 0.490967 0.484053 0.472746 0.457360 0.438311 0.416105 0.391309 0.364531 0.336393 0.307511 0.278468 0.249799 0.221979 0.195407 0.170402 0.147205 0.125974 0.106796 0.089690 0.074620 0.061502 0.050217 0.040620 0.032550 0.025841 0.020324 0.015836 0.012224 0.009349 0.007083 0.005317 0.003954 0.002914 0.002127 0.001539 0.001103 0.000783 0.000551 0.000384 0.000265 0.000182 0.000123 0.000083 0.000056 0.000038 0.000026 0.000019 0.000016 0.000016 
0.000014 0.000014 0.000017 0.000023 0.000034 0.000051 0.000077 0.000115 0.000171 0.000251 0.000367 0.000531 0.000762 0.001083 0.001525 0.002127 0.002940 0.004027 0.005464 0.007346 0.009784 0.012911 0.016880 0.021864 0.028056 0.035667 0.044922 0.056051 0.069285 0.084845 0.102930 0.123704 0.147282 0.173714 0.202972 0.234937 0.269389 0.305999 0.344325 0.383817 0.423823 0.463605 0.502359 0.539240 0.573389 0.603970 0.630202 0.651390 0.666961 0.676481 0.679685 0.676481 0.666961 0.651390 0.630202 0.603970 0.573389 0.539240 0.502359 0.463605 0.423823 0.383817 0.344325 0.305999 0.269389 0.234937 0.202972 0.173714 0.147282 0.123704 0.102930 0.084845 0.069285 0.056051 0.044922 0.035667 0.028056 0.021864 0.016880 0.012911 0.009784 0.007346 0.005464 0.004027 0.002940 0.002127 0.001525 0.001083 0.000762 0.000531 0.000367 0.000251 0.000171 0.000115 0.000078 0.000052 0.000036 0.000027 0.000022 0.000022 
0.000020 0.000020 0.000024 0.000032 0.000047 0.000070 0.000105 0.000157 0.000234 0.000345 0.000503 0.000728 0.001044 0.001484 0.002089 0.002914 0.004027 0.005514 0.007481 0.010055 0.013391 0.017668 0.023095 0.029909 0.038374 0.048778 0.061426 0.076634 0.094717 0.115975 0.140681 0.169056 0.201257 0.237353 0.277304 0.320949 0.367986 0.417964 0.470282 0.524187 0.578791 0.633087 0.685977 0.736307 0.782908 0.824639 0.860434 0.889347 0.910593 0.923583 0.927954 0.923583 0.910593 0.889347 0.860434 0.824639 0.782908 0.736307 0.685977 0.633087 0.578791 0.524187 0.470282 0.417964 0.367986 0.320949 0.277304 0.237353 0.201257 0.169056 0.140681 0.115975 0.094717 0.076634 0.061426 0.048778 0.038374 0.029909 0.023095 0.017668 0.013391 0.010055 0.007481 0.005514 0.004027 0.002914 0.002089 0.001484 0.001044 0.000728 0.000503 0.000345 0.000234 0.000158 0.000106 0.000072 0.000050 0.000037 0.000031 0.000031 
0.000027 0.000027 0.000032 0.000044 0.000064 0.000095 0.000143 0.000214 0.000318 0.000468 0.000684 0.000989 0.001418 0.002014 0.002835 0.003954 0.005464 0.007481 0.010147 0.013637 0.018158 0.023954 0.031307 0.040539 0.052005 0.066096 0.083224 0.103815 0.128296 0.157074 0.190513 0.228916 0.272493 0.321335 0.375390 0.434437 0.498067 0.565672 0.636437 0.709344 0.783192 0.856620 0.928143 0.996201 1.059215 1.115641 1.164040 1.203132 1.231857 1.249421 1.255331 1.249421 1.231857 1.203132 1.164040 1.115641 1.059215 0.996201 0.928143 0.856620 0.783192 0.709344 0.636437 0.565672 0.498067 0.434437 0.375390 0.321335 0.272493 0.228916 0.190513 0.157074 0.128296 0.103815 0.083224 0.066096 0.052005 0.040539 0.031307 0.023954 0.018158 0.013637 0.010147 0.007481 0.005464 0.003954 0.002835 0.002015 0.001418 0.000989 0.000684 0.000469 0.000318 0.000215 0.000145 0.000098 0.000068 0.000050 0.000042 0.000042 
0.000036 0.000036 0.000043 0.000059 0.000086 0.000129 0.000193 0.000288 0.000428 0.000630 0.000920 0.001331 0.001908 0.002710 0.003813 0.005317 0.007346 0.010055 0.013637 0.018324 0.024395 0.032177 0.042049 0.054440 0.069829 0.088738 0.111719 0.139344 0.172184 0.210782 0.255629 0.307127 0.365557 0.431041 0.503509 0.582662 0.667954 0.758565 0.853406 0.951112 1.050073 1.148466 1.244302 1.335493 1.419920 1.495520 1.560363 1.612736 1.651220 1.674750 1.682668 1.674750 1.651220 1.612736 1.560363 1.495520 1.419920 1.335493 1.244302 1.148466 1.050073 0.951112 0.853406 0.758565 0.667954 0.582662 0.503509 0.431041 0.365557 0.307127 0.255629 0.210782 0.172184 0.139344 0.111719 0.088738 0.069829 0.054440 0.042049 0.032177 0.024395 0.018324 0.013637 0.010055 0.007346 0.005317 0.003813 0.002710 0.001908 0.001331 0.000920 0.000631 0.000429 0.000290 0.000195 0.000132 0.000091 0.000068 0.000056 0.000056 
0.000048 0.000048 0.000058 0.000079 0.000115 0.000172 0.000257 0.000385 0.000571 0.000841 0.001227 0.001774 0.002543 0.003611 0.005081 0.007083 0.009784 0.013391 0.018158 0.024395 0.032473 0.042825 0.055955 0.072435 0.092899 0.118039 0.148590 0.185311 0.228959 0.280254 0.339847 0.408273 0.485901 0.572894 0.669155 0.774289 0.887568 1.007904 1.133848 1.263589 1.394991 1.525631 1.652871 1.773938 1.886022 1.986384 2.072463 2.141988 2.193073 2.224308 2.234819 2.224308 2.193073 2.141988 2.072463 1.986384 1.886022 1.773938 1.652871 1.525631 1.394991 1.263589 1.133848 1.007904 0.887568 0.774289 0.669155 0.572894 0.485901 0.408273 0.339847 0.280254 0.228959 0.185311 0.148590 0.118039 0.092899 0.072435 0.055955 0.042825 0.032473 0.024395 0.018158 0.013391 0.009784 0.007083 0.005081 0.003611 0.002543 0.001775 0.001227 0.000841 0.000572 0.000386 0.000260 0.000176 0.000122 0.000090 0.000075 0.000075 
0.000063 0.000063 0.000076 0.000104 0.000152 0.000227 0.000340 0.000508 0.000755 0.001111 0.001621 0.002343 0.003358 0.004767 0.006707 0.009349 0.012911 0.017668 0.023954 0.032177 0.042825 0.056470 0.073774 0.095488 0.122449 0.155568 0.195809 0.244172 0.301651 0.369195 0.447656 0.537738 0.639926 0.754431 0.881125 1.019487 1.168557 1.326904 1.492618 1.663321 1.836198 2.008066 2.175452 2.334712 2.482151 2.614166 2.727391 2.818839 2.886032 2.927116 2.940940 2.927116 2.886032 2.818839 2.727391 2.614166 2.482151 2.334712 2.175452 2.008066 1.836198 1.663321 1.492618 1.326904 1.168557 1.019487 0.881125 0.754431 0.639926 0.537738 0.447656 0.369195 0.301651 0.244172 0.195809 0.155568 0.122449 0.095488 0.073774 0.056470 0.042825 0.032177 0.023954 0.017668 0.012911 0.009349 0.006707 0.004768 0.003358 0.002344 0.001621 0.001112 0.000756 0.000511 0.000344 0.000233 0.000162 0.000119 0.000100 0.000100 
0.000083 0.000083 0.000100 0.000137 0.000199 0.000297 0.000446 0.000666 0.000988 0.001454 0.002121 0.003066 0.004393 0.006236 0.008771 0.012224 0.016880 0.023095 0.031307 0.042049 0.055955 0.073774 0.096367 0.124716 0.159910 0.203136 0.255654 0.318764 0.393760 0.481880 0.584235 0.701736 0.835018 0.984352 1.149570 1.329990 1.524359 1.730811 1.946856 2.169391 2.394751 2.618783 2.836965 3.044547 3.236714 3.408774 3.556341 3.675523 3.763094 3.816636 3.834653 3.816636 3.763094 3.675523 3.556341 3.408774 3.236714 3.044547 2.836965 2.618783 2.394751 2.169391 1.946856 1.730811 1.524359 1.329990 1.149570 0.984352 0.835018 0.701736 0.584235 0.481880 0.393760 0.318764 0.255654 0.203136 0.159910 0.124716 0.096367 0.073774 0.055955 0.042049 0.031307 0.023095 0.016880 0.012224 0.008771 0.006236 0.004393 0.003067 0.002122 0.001455 0.000990 0.000669 0.000450 0.000305 0.000212 0.000156 0.000131 0.000131 
0.000108 0.000108 0.000130 0.000178 0.000259 0.000386 0.000578 0.000864 0.001281 0.001885 0.002750 0.003975 0.005694 0.008081 0.011364 0.015836 0.021864 0.029909 0.040539 0.054440 0.072435 0.095488 0.124716 0.161385 0.206902 0.262801 0.330708 0.412302 0.509254 0.623160 0.755454 0.907312 1.079550 1.272517 1.485992 1.719093 1.970198 2.236897 2.515973 2.803417 3.094494 3.383844 3.665627 3.933710 4.181878 4.404073 4.594634 4.748538 4.861619 4.930758 4.954023 4.930758 4.861619 4.748538 4.594634 4.404073 4.181878 3.933710 3.665627 3.383844 3.094494 2.803417 2.515973 2.236897 1.970198 1.719093 1.485992 1.272517 1.079550 0.907312 0.755454 0.623160 0.509254 0.412302 0.330708 0.262801 0.206902 0.161385 0.124716 0.095488 0.072435 0.054440 0.040539 0.029909 0.021864 0.015836 0.011365 0.008081 0.005694 0.003975 0.002751 0.001887 0.001284 0.000867 0.000584 0.000396 0.000275 0.000203 0.000170 0.000170 
0.000139 0.000139 0.000167 0.000228 0.000332 0.000496 0.000743 0.001110 0.001646 0.002422 0.003532 0.005105 0.007311 0.010374 0.014587 0.020324 0.028056 0.038374 0.052005 0.069829 0.092899 0.122449 0.159910 0.206902 0.265227 0.336847 0.423843 0.528361 0.652542 0.798424 0.967840 1.162293 1.382824 1.629877 1.903167 2.201561 2.522982 2.864343 3.221524 3.589398 3.961903 4.332182 4.692764 5.035803 5.353349 5.637653 5.881475 6.078392 6.223075 6.311535 6.341301 6.311535 6.223075 6.078392 5.881475 5.637653 5.353349 5.035803 4.692764 4.332182 3.961903 3.589398 3.221524 2.864343 2.522982 2.201561 1.903167 1.629877 1.382824 1.162293 0.967840 0.798424 0.652542 0.528361 0.423843 0.336847 0.265227 0.206902 0.159910 0.122449 0.092899 0.069829 0.052005 0.038374 0.028056 0.020324 0.014588 0.010375 0.007311 0.005105 0.003533 0.002424 0.001649 0.001115 0.000751 0.000509 0.000353 0.000261 0.000219 0.000219 
0.000177 0.000177 0.000213 0.000291 0.000424 0.000632 0.000946 0.001413 0.002095 0.003082 0.004494 0.006494 0.009299 0.013195 0.018550 0.025841 0.035667 0.048778 0.066096 0.088738 0.118039 0.155568 0.203136 0.262801 0.336847 0.427761 0.538182 0.670831 0.828419 1.013530 1.228485 1.475185 1.754949 2.068335 2.414978 2.793438 3.201078 3.633982 4.086925 4.553403 5.025732 5.495219 5.952394 6.387312 6.789898 7.150330 7.459434 7.709070 7.892486 8.004626 8.042360 8.004626 7.892486 7.709070 7.459434 7.150330 6.789898 6.387312 5.952394 5.495219 5.025732 4.553403 4.086925 3.633982 3.201078 2.793438 2.414978 2.068335 1.754949 1.475185 1.228485 1.013530 0.828419 0.670831 0.538182 0.427761 0.336847 0.262801 0.203136 0.155568 0.118039 0.088738 0.066096 0.048778 0.035667 0.025841 0.018550 0.013195 0.009300 0.006495 0.004496 0.003085 0.002099 0.001419 0.000957 0.000648 0.000450 0.000333 0.000278 0.000278 
0.000223 0.000223 0.000269 0.000367 0.000534 0.000797 0.001194 0.001782 0.002642 0.003886 0.005665 0.008185 0.011719 0.016625 0.023370 0.032550 0.044922 0.061426 0.083224 0.111719 0.148590 0.195809 0.255654 0.330708 0.423843 0.538182 0.677041 0.843836 1.041972 1.274692 1.544910 1.855010 2.206643 2.600508 3.036141 3.511728 4.023953 4.567894 5.136983 5.723051 6.316444 6.906243 7.480554 8.026887 8.532592 8.985335 9.373597 9.687155 9.917535 10.058388 10.105783 10.058388 9.917535 9.687155 9.373597 8.985335 8.532592 8.026887 7.480554 6.906243 6.316444 5.723051 5.136983 4.567894 4.023953 3.511728 3.036141 2.600508 2.206643 1.855010 1.544910 1.274692 1.041972 0.843836 0.677041 0.538182 0.423843 0.330708 0.255654 0.195809 0.148590 0.111719 0.083224 0.061426 0.044922 0.032550 0.023370 0.016625 0.011720 0.008186 0.005667 0.003889 0.002647 0.001790 0.001207 0.000818 0.000568 0.000420 0.000352 0.000352 
0.000279 0.000279 0.000336 0.000459 0.000668 0.000996 0.001492 0.002226 0.003301 0.004854 0.007075 0.010220 0.014630 0.020752 0.029167 0.040620 0.056051 0.076634 0.103815 0.139344 0.185311 0.244172 0.318764 0.412302 0.528361 0.670831 0.843836 1.051629 1.298444 1.588316 1.924866 2.311060 2.748947 3.239390 3.781808 4.373939 5.011649 5.688807 6.397239 7.126772 7.865393 8.599511 9.314327 9.994301 10.623690 11.187152 11.670353 12.060579 12.347286 12.522575 12.581557 12.522575 12.347286 12.060579 11.670353 11.187152 10.623690 9.994301 9.314327 8.599511 7.865393 7.126772 6.397239 5.688807 5.011649 4.373939 3.781808 3.239390 2.748947 2.311060 1.924866 1.588316 1.298444 1.051629 0.843836 0.670831 0.528361 0.412302 0.318764 0.244172 0.185311 0.139344 0.103815 0.076634 0.056051 0.040620 0.029167 0.020753 0.014631 0.010222 0.007077 0.004857 0.003307 0.002236 0.001508 0.001022 0.000710 0.000525 0.000440 0.000440 
0.000346 0.000346 0.000416 0.000569 0.000827 0.001233 0.001846 0.002756 0.004085 0.006005 0.008752 0.012642 0.018094 0.025662 0.036063 0.050217 0.069285 0.094717 0.128296 0.172184 0.228959 0.301651 0.393760 0.509254 0.652542 0.828419 1.041972 1.298444 1.603053 1.960773 2.376065 2.852582 3.392843 3.997909 4.667054 5.397483 6.184095 7.019323 7.893082 8.792827 9.703745 10.609076 11.490574 12.329080 13.105188 13.799985 14.395803 14.876969 15.230488 15.446623 15.519349 15.446623 15.230488 14.876969 14.395803 13.799985 13.105188 12.329080 11.490574 10.609076 9.703745 8.792827 7.893082 7.019323 6.184095 5.397483 4.667054 3.997909 3.392843 2.852582 2.376065 1.960773 1.603053 1.298444 1.041972 0.828419 0.652542 0.509254 0.393760 0.301651 0.228959 0.172184 0.128296 0.094717 0.069285 0.050217 0.036063 0.025662 0.018095 0.012643 0.008755 0.006010 0.004092 0.002768 0.001867 0.001266 0.000879 0.000651 0.000545 0.000545 
0.000425 0.000425 0.000511 0.000698 0.001015 0.001512 0.002264 0.003378 0.005007 0.007361 0.010726 0.015491 0.022169 0.031437 0.044173 0.061502 0.084845 0.115975 0.157074 0.210782 0.280254 0.369195 0.481880 0.623160 0.798424 1.013530 1.274692 1.588316 1.960773 2.398138 2.905855 3.488382 4.148791 4.888369 5.706223 6.598932 7.560253 8.580940 9.648664 10.748097 11.861139 12.967315 14.044338 15.068804 16.017011 16.865857 17.593767 18.181598 18.613480 18.877524 18.966370 18.877524 18.613480 18.181598 17.593767 16.865857 16.017011 15.068804 14.044338 12.967315 11.861139 10.748097 9.648664 8.580940 7.560253 6.598932 5.706223 4.888369 4.148791 3.488382 2.905855 2.398138 1.960773 1.588316 1.274692 1.013530 0.798424 0.623160 0.481880 0.369195 0.280254 0.210782 0.157074 0.115976 0.084845 0.061502 0.044173 0.031437 0.022170 0.015493 0.010730 0.007367 0.005017 0.003394 0.002289 0.001552 0.001079 0.000798 0.000668 0.000668 
0.000516 0.000516 0.000621 0.000848 0.001233 0.001837 0.002750 0.004103 0.006081 0.008938 0.013022 0.018804 0.026907 0.038151 0.053601 0.074620 0.102930 0.140681 0.190513 0.255629 0.339847 0.447656 0.584235 0.755454 0.967840 1.228485 1.544910 1.924866 2.376065 2.905855 3.520822 4.226353 5.026162 5.921796 6.912168 7.993125 9.157107 10.392909 11.685608 13.016643 14.364103 15.703208 17.006980 18.247097 19.394876 20.422361 21.303444 22.014962 22.537712 22.857309 22.964847 22.857309 22.537712 22.014962 21.303444 20.422361 19.394876 18.247097 17.006980 15.703208 14.364103 13.016643 11.685608 10.392909 9.157107 7.993125 6.912168 5.921796 5.026162 4.226353 3.520822 2.905855 2.376065 1.924866 1.544910 1.228485 0.967840 0.755454 0.584235 0.447656 0.339847 0.255629 0.190513 0.140681 0.102930 0.074620 0.053602 0.038152 0.026908 0.018806 0.013026 0.008945 0.006092 0.004122 0.002780 0.001886 0.001311 0.000970 0.000812 0.000812 
0.000622 0.000622 0.000748 0.001021 0.001484 0.002211 0.003309 0.004937 0.007315 0.010750 0.015662 0.022612 0.032352 0.045867 0.064434 0.089690 0.123704 0.169056 0.228916 0.307127 0.408273 0.537738 0.701736 0.907312 1.162293 1.475185 1.855010 2.311060 2.852582 3.488382 4.226353 5.072950 6.032616 7.107200 8.295385 9.592183 10.988516 12.470942 14.021553 15.618088 17.234269 18.840376 20.404062 21.891363 23.267892 24.500129 25.556772 26.410053 27.036949 27.420217 27.549178 27.420217 27.036949 26.410053 25.556772 24.500129 23.267892 21.891363 20.404062 18.840376 17.234269 15.618088 14.021553 12.470942 10.988516 9.592183 8.295385 7.107200 6.032616 5.072950 4.226353 3.488382 2.852582 2.311060 1.855010 1.475185 1.162293 0.907312 0.701736 0.537738 0.408273 0.307127 0.228916 0.169056 0.123705 0.089690 0.064434 0.045868 0.032354 0.022615 0.015667 0.010759 0.007329 0.004959 0.003346 0.002270 0.001578 0.001168 0.000978 0.000978 
0.000742 0.000742 0.000892 0.001217 0.001770 0.002636 0.003945 0.005884 0.008717 0.012810 0.018659 0.026937 0.038535 0.054626 0.076731 0.106796 0.147282 0.201257 0.272493 0.365557 0.485901 0.639926 0.835018 1.079550 1.382824 1.754949 2.206643 2.748947 3.392843 4.148791 5.026162 6.032616 7.173425 8.450773 9.863086 11.404425 13.063993 14.825809 16.668590 18.565879 20.486450 22.394993 24.253075 26.020351 27.655966 29.120104 30.375584 31.389421 32.134270 32.589647 32.742871 32.589647 32.134270 31.389421 30.375584 29.120104 27.655966 26.020351 24.253075 22.394993 20.486450 18.565879 16.668590 14.825809 13.063993 11.404425 9.863086 8.450773 7.173425 6.032616 5.026162 4.148791 3.392843 2.748947 2.206643 1.754949 1.382824 1.079550 0.835018 0.639926 0.485901 0.365557 0.272493 0.201257 0.147282 0.106796 0.076731 0.054627 0.038537 0.026940 0.018665 0.012819 0.008734 0.005911 0.003988 0.002706 0.001881 0.001393 0.001166 0.001166 
0.000877 0.000877 0.001054 0.001438 0.002091 0.003113 0.004658 0.006947 0.010291 0.015120 0.022021 0.031787 0.045469 0.064449 0.090519 0.125974 0.173714 0.237353 0.321335 0.431041 0.572894 0.754431 0.984352 1.272517 1.629877 2.068335 2.600508 3.239390 3.997909 4.888369 5.921796 7.107200 8.450773 9.955076 11.618244 13.433272 15.387439 17.461922 19.631657 21.865495 24.126674 26.373627 28.561117 30.641652 32.567152 34.290754 35.768699 36.962170 37.838985 38.375040 38.555409 38.375040 37.838985 36.962170 35.768699 34.290754 32.567152 30.641652 28.561117 26.373627 24.126674 21.865495 19.631657 17.461922 15.387439 13.433272 11.618244 9.955076 8.450773 7.107200 5.921796 4.888369 3.997909 3.239390 2.600508 2.068335 1.629877 1.272517 0.984352 0.754431 0.572894 0.431041 0.321335 0.237353 0.173714 0.125974 0.090520 0.064450 0.045471 0.031791 0.022028 0.015131 0.010310 0.006978 0.004709 0.003195 0.002222 0.001646 0.001378 0.001378 
0.001026 0.001026 0.001234 0.001683 0.002446 0.003641 0.005448 0.008124 0.012033 0.017679 0.025746 0.037159 0.053148 0.075325 0.105784 0.147205 0.202972 0.277304 0.375390 0.503509 0.669155 0.881125 1.149570 1.485992 1.903167 2.414978 3.036141 3.781808 4.667054 5.706223 6.912168 8.295385 9.863086 11.618244 13.558669 15.676180 17.955925 20.375941 22.906985 25.512723 28.150275 30.771163 33.322629 35.749293 37.995086 40.005364 41.729104 43.121044 44.143661 44.768851 44.979212 44.768851 44.143661 43.121044 41.729104 40.005364 37.995086 35.749293 33.322629 30.771163 28.150275 25.512723 22.906985 20.375941 17.955925 15.676180 13.558669 11.618244 9.863086 8.295385 6.912168 5.706223 4.667054 3.781808 3.036141 2.414978 1.903167 1.485992 1.149570 0.881125 0.669155 0.503509 0.375390 0.277305 0.202972 0.147205 0.105785 0.075327 0.053151 0.037164 0.025754 0.017692 0.012056 0.008161 0.005508 0.003738 0.002600 0.001926 0.001613 0.001613 
0.001190 0.001190 0.001430 0.001951 0.002835 0.004220 0.006312 0.009412 0.013939 0.020476 0.029817 0.043031 0.061540 0.087211 0.122466 0.170402 0.234937 0.320949 0.434437 0.582662 0.774289 1.019487 1.329990 1.719093 2.201561 2.793438 3.511728 4.373939 5.397483 6.598932 7.993125 9.592183 11.404425 13.433272 15.676180 18.123678 20.758594 23.555534 26.480700 29.492098 32.540178 35.568924 38.517377 41.321553 43.916674 46.239611 48.231420 49.839812 51.021442 51.743841 51.986910 51.743841 51.021442 49.839812 48.231420 46.239611 43.916674 41.321553 38.517377 35.568924 32.540178 29.492098 26.480700 23.555534 20.758594 18.123678 15.676180 13.433272 11.404425 9.592183 7.993125 6.598932 5.397483 4.373939 3.511728 2.793438 2.201561 1.719093 1.329990 1.019487 0.774289 0.582662 0.434437 0.320950 0.234937 0.170403 0.122467 0.087213 0.061543 0.043037 0.029827 0.020492 0.013966 0.009455 0.006382 0.004332 0.003013 0.002232 0.001870 0.001870 
0.001366 0.001366 0.001642 0.002240 0.003254 0.004843 0.007245 0.010801 0.015995 0.023493 0.034207 0.049362 0.070588 0.100025 0.140448 0.195407 0.269389 0.367986 0.498067 0.667954 0.887568 1.168557 1.524359 1.970198 2.522982 3.201078 4.023953 5.011649 6.184095 7.560253 9.157107 10.988516 13.063993 15.387439 17.955925 20.758594 23.775771 26.978370 30.327690 33.775647 37.265514 40.733162 44.108809 47.319215 50.290231 52.949601 55.229856 57.071154 58.423881 59.250879 59.529142 59.250879 58.423881 57.071154 55.229856 52.949601 50.290231 47.319215 44.108809 40.733162 37.265514 33.775647 30.327690 26.978370 23.775771 20.758594 17.955925 15.387439 13.063993 10.988516 9.157107 7.560253 6.184095 5.011649 4.023953 3.201078 2.522982 1.970198 1.524359 1.168557 0.887568 0.667954 0.498068 0.367986 0.269390 0.195408 0.140449 0.100028 0.070592 0.049369 0.034218 0.023512 0.016025 0.010851 0.007325 0.004972 0.003459 0.002563 0.002147 0.002147 
0.001554 0.001554 0.001868 0.002547 0.003700 0.005507 0.008236 0.012278 0.018181 0.026701 0.038875 0.056093 0.080207 0.113645 0.159559 0.221979 0.305999 0.417964 0.565672 0.758565 1.007904 1.326904 1.730811 2.236897 2.864343 3.633982 4.567894 5.688807 7.019323 8.580940 10.392909 12.470942 14.825809 17.461922 20.375941 23.555534 26.978370 30.611447 34.410857 38.322055 42.280698 46.214050 50.042971 53.684396 57.054240 60.070563 62.656857 64.745260 66.279516 67.217488 67.533090 67.217488 66.279516 64.745260 62.656857 60.070563 57.054240 53.684396 50.042971 46.214050 42.280698 38.322055 34.410857 30.611447 26.978370 23.555534 20.375941 17.461922 14.825809 12.470942 10.392909 8.580940 7.019323 5.688807 4.567894 3.633982 2.864343 2.236897 1.730811 1.326904 1.007904 0.758566 0.565673 0.417965 0.306000 0.221980 0.159560 0.113648 0.080211 0.056101 0.038887 0.026722 0.018215 0.012335 0.008328 0.005653 0.003933 0.002914 0.002442 0.002442 
0.001751 0.001751 0.002104 0.002869 0.004168 0.006202 0.009275 0.013826 0.020470 0.030062 0.043764 0.063142 0.090279 0.127907 0.179569 0.249799 0.344325 0.470282 0.636437 0.853406 1.133848 1.492618 1.946856 2.515973 3.221524 4.086925 5.136983 6.397239 7.893082 9.648664 11.685608 14.021553 16.668590 19.631657 22.906985 26.480700 30.327690 34.410857 38.680849 43.076369 47.525107 51.945333 56.248122 60.340145 64.126925 67.516403 70.422623 72.769344 74.493363 75.547343 75.901978 75.547343 74.493363 72.769344 70.422623 67.516403 64.126925 60.340145 56.248122 51.945333 47.525107 43.076369 38.680849 34.410857 30.327690 26.480700 22.906985 19.631657 16.668590 14.021553 11.685608 9.648664 7.893082 6.397239 5.136983 4.086925 3.221524 2.515973 1.946856 1.492618 1.133848 0.853406 0.636437 0.470282 0.344326 0.249800 0.179571 0.127910 0.090284 0.063150 0.043778 0.030085 0.020509 0.013889 0.009378 0.006367 0.004430 0.003283 0.002751 0.002751 
0.001954 0.001954 0.002348 0.003201 0.004650 0.006919 0.010347 0.015422 0.022831 0.033526 0.048803 0.070408 0.100660 0.142605 0.200190 0.278468 0.383817 0.524187 0.709344 0.951112 1.263589 1.663321 2.169391 2.803417 3.589398 4.553403 5.723051 7.126772 8.792827 10.748097 13.016643 15.618088 18.565879 21.865495 25.512723 29.492098 33.775647 38.322055 43.076369 47.970337 52.923455 57.844737 62.635188 67.190916 71.406758 75.180237 78.415678 81.028220 82.947514 84.120871 84.515672 84.120871 82.947514 81.028220 78.415678 75.180237 71.406758 67.190916 62.635188 57.844737 52.923455 47.970337 43.076369 38.322055 33.775647 29.492098 25.512723 21.865495 18.565879 15.618088 13.016643 10.748097 8.792827 7.126772 5.723051 4.553403 3.589398 2.803417 2.169391 1.663321 1.263589 0.951112 0.709344 0.524187 0.383817 0.278469 0.200192 0.142608 0.100666 0.070417 0.048819 0.033552 0.022874 0.015492 0.010462 0.007103 0.004943 0.003663 0.003070 0.003070 
0.002160 0.002160 0.002596 0.003538 0.005139 0.007646 0.011433 0.017039 0.025224 0.037037 0.053911 0.077771 0.111179 0.157498 0.221083 0.307511 0.423823 0.578791 0.783192 1.050073 1.394991 1.836198 2.394751 3.094494 3.961903 5.025732 6.316444 7.865393 9.703745 11.861139 14.364103 17.234269 20.486450 24.126674 28.150275 32.540178 37.265514 42.280698 47.525107 52.923455 58.386947 63.815229 69.099119 74.124040 78.774013 82.936029 86.504576 89.386074 91.502943 92.797084 93.232525 92.797084 91.502943 89.386074 86.504576 82.936029 78.774013 74.124040 69.099119 63.815229 58.386947 52.923455 47.525107 42.280698 37.265514 32.540178 28.150275 24.126674 20.486450 17.234269 14.364103 11.861139 9.703745 7.865393 6.316444 5.025732 3.961903 3.094494 2.394751 1.836198 1.394991 1.050073 0.783192 0.578791 0.423823 0.307512 0.221085 0.157501 0.111186 0.077781 0.053928 0.037066 0.025272 0.017117 0.011560 0.007850 0.005463 0.004049 0.003393 0.003393 
0.002365 0.002365 0.002842 0.003874 0.005626 0.008369 0.012514 0.018649 0.027605 0.040530 0.058991 0.085095 0.121642 0.172310 0.241861 0.336393 0.463605 0.633087 0.856620 1.148466 1.525631 2.008066 2.618783 3.383844 4.332182 5.495219 6.906243 8.599511 10.609076 12.967315 15.703208 18.840376 22.394993 26.373627 30.771163 35.568924 40.733162 46.214050 51.945333 57.844737 63.815229 69.747150 75.521202 81.012194 86.093405 90.641363 94.540791 97.689444 100.002568 101.416683 101.892490 101.416683 100.002568 97.689444 94.540791 90.641363 86.093405 81.012194 75.521202 69.747150 63.815229 57.844737 51.945333 46.214050 40.733162 35.568924 30.771163 26.373627 22.394993 18.840376 15.703208 12.967315 10.609076 8.599511 6.906243 5.495219 4.332182 3.383844 2.618783 2.008066 1.525631 1.148466 0.856620 0.633087 0.463606 0.336395 0.241863 0.172314 0.121649 0.085106 0.059010 0.040562 0.027657 0.018734 0.012653 0.008592 0.005981 0.004433 0.003715 0.003715 
0.002565 0.002565 0.003082 0.004201 0.006100 0.009075 0.013567 0.020217 0.029925 0.043934 0.063942 0.092232 0.131837 0.186741 0.262104 0.364531 0.502359 0.685977 0.928143 1.244302 1.652871 2.175452 2.836965 3.665627 4.692764 5.952394 7.480554 9.314327 11.490574 14.044338 17.006980 20.404062 24.253075 28.561117 33.322629 38.517377 44.108809 50.042971 56.248122 62.635188 69.099119 75.521202 81.772293 87.716872 93.217767 98.141322 102.362759 105.771405 108.275518 109.806390 110.321481 109.806390 108.275518 105.771405 102.362759 98.141322 93.217767 87.716872 81.772293 75.521202 69.099119 62.635188 56.248122 50.042971 44.108809 38.517377 33.322629 28.561117 24.253075 20.404062 17.006980 14.044338 11.490574 9.314327 7.480554 5.952394 4.692764 3.665627 2.836965 2.175452 1.652871 1.244302 0.928143 0.685977 0.502360 0.364532 0.262107 0.186745 0.131844 0.092244 0.063963 0.043969 0.029982 0.020310 0.013718 0.009316 0.006485 0.004807 0.004029 0.004029 
