0.000000 0.000000 0.000000 0.000000 0.000000 0.000000 0.000000 0.000000 0.000000 0.000000 0.000000 0.000000 0.000000 0.000000 0.000000 0.000000 0.000000 0.000000 0.000000 0.000001 0.000001 0.000001 0.000002 0.000003 0.000004 0.000005 0.000007 0.000009 0.000012 0.000016 0.000020 0.000026 0.000032 0.000040 0.000048 0.000059 0.000070 0.000082 0.000096 0.000111 0.000126 0.000141 0.000157 0.000172 0.000186 0.000199 0.000210 0.000219 0.000226 0.000230 0.000232 0.000230 0.000226 0.000219 0.000210 0.000199 0.000186 0.000172 0.000157 0.000141 0.000126 0.000111 0.000096 0.000082 0.000070 0.000059 0.000048 0.000040 0.000032 0.000026 0.000020 0.000016 0.000012 0.000009 0.000007 0.000005 0.000004 0.000003 0.000002 0.000001 0.000001 0.000001 0.000000 0.000000 0.000000 0.000000 0.000000 0.000000 0.000000 0.000000 0.000000 0.000000 0.000000 0.000000 0.000000 0.000000 0.000000 0.000000 0.000000 0.000000 
0.000000 0.000000 0.000000 0.000000 0.000000 0.000000 0.000000 0.000000 0.000000 0.000000 0.000000 0.000000 0.000000 0.000000 0.000000 0.000000 0.000000 0.000000 0.000000 0.000001 0.000001 0.000001 0.000002 0.000003 0.000004 0.000005 0.000007 0.000009 0.000012 0.000016 0.000020 0.000026 0.000032 0.000040 0.000048 0.000059 0.000070 0.000082 0.000096 0.000111 0.000126 0.000141 0.000157 0.000172 0.000186 0.000199 0.000210 0.000219 0.000226 0.000230 0.000232 0.000230 0.000226 0.000219 0.000210 0.000199 0.000186 0.000172 0.000157 0.000141 0.000126 0.000111 0.000096 0.000082 0.000070 0.000059 0.000048 0.000040 0.000032 0.000026 0.000020 0.000016 0.000012 0.000009 0.000007 0.000005 0.000004 0.000003 0.000002 0.000001 0.000001 0.000001 0.000000 0.000000 0.000000 0.000000 0.000000 0.000000 0.000000 0.000000 0.000000 0.000000 0.000000 0.000000 0.000000 0.000000 0.000000 0.000000 0.000000 0.000000 
0.000000 0.000000 0.000000 0.000000 0.000000 0.000000 0.000000 0.000000 0.000000 0.000000 0.000000 0.000000 0.000000 0.000000 0.000000 0.000000 0.000000 0.000000 0.000001 0.000001 0.000001 0.000002 0.000003 0.000004 0.000005 0.000007 0.000009 0.000012 0.000016 0.000021 0.000027 0.000034 0.000042 0.000053 0.000064 0.000078 0.000093 0.000109 0.000127 0.000146 0.000166 0.000187 0.000207 0.000227 0.000246 0.000263 0.000278 0.000290 0.000299 0.000305 0.000307 0.000305 0.000299 0.000290 0.000278 0.000263 0.000246 0.000227 0.000207 0.000187 0.000166 0.000146 0.000127 0.000109 0.000093 0.000078 0.000064 0.000053 0.000042 0.000034 0.000027 0.000021 0.000016 0.000012 0.000009 0.000007 0.000005 0.000004 0.000003 0.000002 0.000001 0.000001 0.000001 0.000000 0.000000 0.000000 0.000000 0.000000 0.000000 0.000000 0.000000 0.000000 0.000000 0.000000 0.000000 0.000000 0.000000 0.000000 0.000000 0.000000 
0.000000 0.000000 0.000000 0.000000 0.000000 0.000000 0.000000 0.000000 0.000000 0.000000 0.000000 0.000000 0.000000 0.000000 0.000000 0.000000 0.000000 0.000001 0.000001 0.000001 0.000002 0.000003 0.000004 0.000006 0.000008 0.000011 0.000014 0.000019 0.000025 0.000033 0.000042 0.000053 0.000066 0.000082 0.000100 0.000121 0.000144 0.000170 0.000198 0.000228 0.000259 0.000291 0.000323 0.000354 0.000383 0.000409 0.000432 0.000451 0.000465 0.000474 0.000477 0.000474 0.000465 0.000451 0.000432 0.000409 0.000383 0.000354 0.000323 0.000291 0.000259 0.000228 0.000198 0.000170 0.000144 0.000121 0.000100 0.000082 0.000066 0.000053 0.000042 0.000033 0.000025 0.000019 0.000014 0.000011 0.000008 0.000006 0.000004 0.000003 0.000002 0.000001 0.000001 0.000001 0.000000 0.000000 0.000000 0.000000 0.000000 0.000000 0.000000 0.000000 0.000000 0.000000 0.000000 0.000000 0.000000 0.000000 0.000000 0.000000 
0.000000 0.000000 0.000000 0.000000 0.000000 0.000000 0.000000 0.000000 0.000000 0.000000 0.000000 0.000000 0.000000 0.000000 0.000000 0.000000 0.000001 0.000001 0.000002 0.000002 0.000003 0.000005 0.000007 0.000009 0.000013 0.000018 0.000024 0.000032 0.000042 0.000054 0.000069 0.000088 0.000110 0.000136 0.000166 0.000200 0.000239 0.000282 0.000328 0.000377 0.000429 0.000481 0.000534 0.000585 0.000633 0.000677 0.000715 0.000746 0.000769 0.000783 0.000788 0.000783 0.000769 0.000746 0.000715 0.000677 0.000633 0.000585 0.000534 0.000481 0.000429 0.000377 0.000328 0.000282 0.000239 0.000200 0.000166 0.000136 0.000110 0.000088 0.000069 0.000054 0.000042 0.000032 0.000024 0.000018 0.000013 0.000009 0.000007 0.000005 0.000003 0.000002 0.000002 0.000001 0.000001 0.000000 0.000000 0.000000 0.000000 0.000000 0.000000 0.000000 0.000000 0.000000 0.000000 0.000000 0.000000 0.000000 0.000000 0.000000 
0.000000 0.000000 0.000000 0.000000 0.000000 0.000000 0.000000 0.000000 0.000000 0.000000 0.000000 0.000000 0.000000 0.000000 0.000001 0.000001 0.000001 0.000002 0.000003 0.000004 0.000006 0.000008 0.000011 0.000016 0.000022 0.000030 0.000040 0.000053 0.000070 0.000091 0.000116 0.000147 0.000185 0.000228 0.000279 0.000336 0.000401 0.000473 0.000550 0.000633 0.000719 0.000807 0.000895 0.000980 0.001061 0.001134 0.001198 0.001250 0.001289 0.001313 0.001321 0.001313 0.001289 0.001250 0.001198 0.001134 0.001061 0.000980 0.000895 0.000807 0.000719 0.000633 0.000550 0.000473 0.000401 0.000336 0.000279 0.000228 0.000185 0.000147 0.000116 0.000091 0.000070 0.000053 0.000040 0.000030 0.000022 0.000016 0.000011 0.000008 0.000006 0.000004 0.000003 0.000002 0.000001 0.000001 0.000001 0.000000 0.000000 0.000000 0.000000 0.000000 0.000000 0.000000 0.000000 0.000000 0.000000 0.000000 0.000000 0.000000 
0.000000 0.000000 0.000000 0.000000 0.000000 0.000000 0.000000 0.000000 0.000000 0.000000 0.000000 0.000000 0.000000 0.000001 0.000001 0.000001 0.000002 0.000003 0.000005 0.000007 0.000010 0.000014 0.000019 0.000027 0.000037 0.000050 0.000067 0.000089 0.000117 0.000152 0.000195 0.000247 0.000309 0.000382 0.000467 0.000563 0.000672 0.000791 0.000921 0.001059 0.001202 0.001350 0.001496 0.001639 0.001774 0.001896 0.002003 0.002090 0.002154 0.002194 0.002207 0.002194 0.002154 0.002090 0.002003 0.001896 0.001774 0.001639 0.001496 0.001350 0.001202 0.001059 0.000921 0.000791 0.000672 0.000563 0.000467 0.000382 0.000309 0.000247 0.000195 0.000152 0.000117 0.000089 0.000067 0.000050 0.000037 0.000027 0.000019 0.000014 0.000010 0.000007 0.000005 0.000003 0.000002 0.000001 0.000001 0.000001 0.000000 0.000000 0.000000 0.000000 0.000000 0.000000 0.000000 0.000000 0.000000 0.000000 0.000000 0.000000 
0.000000 0.000000 0.000000 0.000000 0.000000 0.000000 0.000000 0.000000 0.000000 0.000000 0.000000 0.000000 0.000001 0.000001 0.000001 0.000002 0.000003 0.000005 0.000008 0.000011 0.000016 0.000023 0.000032 0.000044 0.000061 0.000083 0.000112 0.000149 0.000195 0.000253 0.000324 0.000410 0.000513 0.000635 0.000775 0.000935 0.001114 0.001312 0.001527 0.001755 0.001994 0.002237 0.002480 0.002717 0.002940 0.003142 0.003319 0.003463 0.003570 0.003635 0.003657 0.003635 0.003570 0.003463 0.003319 0.003142 0.002940 0.002717 0.002480 0.002237 0.001994 0.001755 0.001527 0.001312 0.001114 0.000935 0.000775 0.000635 0.000513 0.000410 0.000324 0.000253 0.000195 0.000149 0.000112 0.000083 0.000061 0.000044 0.000032 0.000023 0.000016 0.000011 0.000008 0.000005 0.000003 0.000002 0.000001 0.000001 0.000001 0.000000 0.000000 0.000000 0.000000 0.000000 0.000000 0.000000 0.000000 0.000000 0.000000 0.000000 
0.000000 0.000000 0.000000 0.000000 0.000000 0.000000 0.000000 0.000000 0.000000 0.000000 0.000000 0.000001 0.000001 0.000002 0.000002 0.000004 0.000006 0.000008 0.000012 0.000018 0.000026 0.000037 0.000053 0.000073 0.000101 0.000137 0.000184 0.000245 0.000321 0.000416 0.000533 0.000675 0.000844 0.001043 0.001273 0.001535 0.001830 0.002154 0.002506 0.002881 0.003272 0.003671 0.004069 0.004456 0.004821 0.005154 0.005443 0.005678 0.005853 0.005961 0.005997 0.005961 0.005853 0.005678 0.005443 0.005154 0.004821 0.004456 0.004069 0.003671 0.003272 0.002881 0.002506 0.002154 0.001830 0.001535 0.001273 0.001043 0.000844 0.000675 0.000533 0.000416 0.000321 0.000245 0.000184 0.000137 0.000101 0.000073 0.000053 0.000037 0.000026 0.000018 0.000012 0.000008 0.000006 0.000004 0.000002 0.000002 0.000001 0.000001 0.000000 0.000000 0.000000 0.000000 0.000000 0.000000 0.000000 0.000000 0.000000 0.000000 
0.000000 0.000000 0.000000 0.000000 0.000000 0.000000 0.000000 0.000000 0.000000 0.000000 0.000001 0.000001 0.000002 0.000003 0.000004 0.000006 0.000009 0.000014 0.000020 0.000030 0.000043 0.000061 0.000086 0.000119 0.000164 0.000223 0.000300 0.000398 0.000522 0.000677 0.000867 0.001097 0.001371 0.001694 0.002068 0.002494 0.002971 0.003498 0.004069 0.004676 0.005309 0.005956 0.006601 0.007229 0.007821 0.008359 0.008827 0.009209 0.009492 0.009666 0.009725 0.009666 0.009492 0.009209 0.008827 0.008359 0.007821 0.007229 0.006601 0.005956 0.005309 0.004676 0.004069 0.003498 0.002971 0.002494 0.002068 0.001694 0.001371 0.001097 0.000867 0.000677 0.000522 0.000398 0.000300 0.000223 0.000164 0.000119 0.000086 0.000061 0.000043 0.000030 0.000020 0.000014 0.000009 0.000006 0.000004 0.000003 0.000002 0.000001 0.000001 0.000000 0.000000 0.000000 0.000000 0.000000 0.000000 0.000000 0.000000 0.000000 
0.000000 0.000000 0.000000 0.000000 0.000000 0.000000 0.000000 0.000000 0.000000 0.000001 0.000001 0.000002 0.000003 0.000004 0.000006 0.000010 0.000015 0.000022 0.000033 0.000048 0.000069 0.000098 0.000138 0.000193 0.000265 0.000360 0.000483 0.000641 0.000840 0.001089 0.001394 0.001763 0.002204 0.002722 0.003321 0.004005 0.004771 0.005615 0.006531 0.007504 0.008520 0.009556 0.010590 0.011596 0.012544 0.013407 0.014157 0.014769 0.015222 0.015501 0.015595 0.015501 0.015222 0.014769 0.014157 0.013407 0.012544 0.011596 0.010590 0.009556 0.008520 0.007504 0.006531 0.005615 0.004771 0.004005 0.003321 0.002722 0.002204 0.001763 0.001394 0.001089 0.000840 0.000641 0.000483 0.000360 0.000265 0.000193 0.000138 0.000098 0.000069 0.000048 0.000033 0.000022 0.000015 0.000010 0.000006 0.000004 0.000003 0.000002 0.000001 0.000001 0.000000 0.000000 0.000000 0.000000 0.000000 0.000000 0.000000 0.000000 
0.000000 0.000000 0.000000 0.000000 0.000000 0.000000 0.000000 0.000000 0.000001 0.000001 0.000002 0.000003 0.000004 0.000007 0.000010 0.000016 0.000024 0.000035 0.000052 0.000076 0.000110 0.000157 0.000220 0.000307 0.000422 0.000573 0.000769 0.001020 0.001337 0.001731 0.002216 0.002802 0.003501 0.004323 0.005275 0.006359 0.007574 0.008913 0.010364 0.011908 0.013517 0.015160 0.016799 0.018391 0.019894 0.021260 0.022448 0.023418 0.024136 0.024578 0.024727 0.024578 0.024136 0.023418 0.022448 0.021260 0.019894 0.018391 0.016799 0.015160 0.013517 0.011908 0.010364 0.008913 0.007574 0.006359 0.005275 0.004323 0.003501 0.002802 0.002216 0.001731 0.001337 0.001020 0.000769 0.000573 0.000422 0.000307 0.000220 0.000157 0.000110 0.000076 0.000052 0.000035 0.000024 0.000016 0.000010 0.000007 0.000004 0.000003 0.000002 0.000001 0.000001 0.000000 0.000000 0.000000 0.000000 0.000000 0.000000 0.000000 
0.000000 0.000000 0.000000 0.000000 0.000000 0.000000 0.000000 0.000001 0.000001 0.000002 0.000003 0.000004 0.000007 0.000011 0.000016 0.000025 0.000038 0.000056 0.000083 0.000120 0.000173 0.000247 0.000347 0.000483 0.000664 0.000901 0.001209 0.001604 0.002102 0.002721 0.003482 0.004402 0.005500 0.006790 0.008282 0.009982 0.011887 0.013987 0.016262 0.018681 0.021203 0.023777 0.026344 0.028840 0.031193 0.033334 0.035194 0.036713 0.037838 0.038529 0.038763 0.038529 0.037838 0.036713 0.035194 0.033334 0.031193 0.028840 0.026344 0.023777 0.021203 0.018681 0.016262 0.013987 0.011887 0.009982 0.008282 0.006790 0.005500 0.004402 0.003482 0.002721 0.002102 0.001604 0.001209 0.000901 0.000664 0.000483 0.000347 0.000247 0.000173 0.000120 0.000083 0.000056 0.000038 0.000025 0.000016 0.000011 0.000007 0.000004 0.000003 0.000002 0.000001 0.000001 0.000000 0.000000 0.000000 0.000000 0.000000 0.000000 
0.000000 0.000000 0.000000 0.000000 0.000000 0.000000 0.000001 0.000001 0.000002 0.000003 0.000004 0.000007 0.000011 0.000016 0.000025 0.000039 0.000059 0.000087 0.000129 0.000188 0.000270 0.000385 0.000541 0.000752 0.001033 0.001402 0.001881 0.002494 0.003267 0.004229 0.005410 0.006838 0.008541 0.010542 0.012856 0.015492 0.018446 0.021701 0.025227 0.028975 0.032882 0.036870 0.040847 0.044711 0.048356 0.051671 0.054552 0.056904 0.058646 0.059716 0.060078 0.059716 0.058646 0.056904 0.054552 0.051671 0.048356 0.044711 0.040847 0.036870 0.032882 0.028975 0.025227 0.021701 0.018446 0.015492 0.012856 0.010542 0.008541 0.006838 0.005410 0.004229 0.003267 0.002494 0.001881 0.001402 0.001033 0.000752 0.000541 0.000385 0.000270 0.000188 0.000129 0.000087 0.000059 0.000039 0.000025 0.000016 0.000011 0.000007 0.000004 0.000003 0.000002 0.000001 0.000001 0.000000 0.000000 0.000000 0.000000 0.000000 
0.000000 0.000000 0.000000 0.000000 0.000000 0.000001 0.000001 0.000001 0.000002 0.000004 0.000006 0.000010 0.000016 0.000025 0.000039 0.000060 0.000090 0.000135 0.000199 0.000289 0.000416 0.000592 0.000833 0.001157 0.001589 0.002156 0.002892 0.003833 0.005020 0.006497 0.008309 0.010501 0.013113 0.016181 0.019729 0.023770 0.028298 0.033286 0.038688 0.044429 0.050414 0.056522 0.062613 0.068531 0.074111 0.079187 0.083598 0.087198 0.089865 0.091503 0.092056 0.091503 0.089865 0.087198 0.083598 0.079187 0.074111 0.068531 0.062613 0.056522 0.050414 0.044429 0.038688 0.033286 0.028298 0.023770 0.019729 0.016181 0.013113 0.010501 0.008309 0.006497 0.005020 0.003833 0.002892 0.002156 0.001589 0.001157 0.000833 0.000592 0.000416 0.000289 0.000199 0.000135 0.000090 0.000060 0.000039 0.000025 0.000016 0.000010 0.000006 0.000004 0.000002 0.000001 0.000001 0.000001 0.000000 0.000000 0.000000 0.000000 
0.000000 0.000000 0.000000 0.000000 0.000000 0.000001 0.000001 0.000002 0.000004 0.000006 0.000010 0.000016 0.000025 0.000039 0.000060 0.000091 0.000138 0.000205 0.000303 0.000441 0.000634 0.000902 0.001267 0.001760 0.002417 0.003279 0.004396 0.005824 0.007626 0.009867 0.012616 0.015940 0.019902 0.024553 0.029932 0.036056 0.042916 0.050474 0.058656 0.067352 0.076416 0.085664 0.094886 0.103846 0.112293 0.119976 0.126653 0.132101 0.136137 0.138617 0.139454 0.138617 0.136137 0.132101 0.126653 0.119976 0.112293 0.103846 0.094886 0.085664 0.076416 0.067352 0.058656 0.050474 0.042916 0.036056 0.029932 0.024553 0.019902 0.015940 0.012616 0.009867 0.007626 0.005824 0.004396 0.003279 0.002417 0.001760 0.001267 0.000902 0.000634 0.000441 0.000303 0.000205 0.000138 0.000091 0.000060 0.000039 0.000025 0.000016 0.000010 0.000006 0.000004 0.000002 0.000001 0.000001 0.000000 0.000000 0.000000 0.000000 
0.000000 0.000000 0.000000 0.000000 0.000001 0.000001 0.000002 0.000003 0.000006 0.000009 0.000015 0.000024 0.000038 0.000059 0.000090 0.000138 0.000208 0.000309 0.000456 0.000663 0.000954 0.001357 0.001906 0.002647 0.003633 0.004927 0.006605 0.008749 0.011452 0.014814 0.018937 0.023921 0.029860 0.036831 0.044892 0.054067 0.064343 0.075663 0.087916 0.100937 0.114507 0.128352 0.142155 0.155565 0.168207 0.179704 0.189695 0.197848 0.203886 0.207597 0.208849 0.207597 0.203886 0.197848 0.189695 0.179704 0.168207 0.155565 0.142155 0.128352 0.114507 0.100937 0.087916 0.075663 0.064343 0.054067 0.044892 0.036831 0.029860 0.023921 0.018937 0.014814 0.011452 0.008749 0.006605 0.004927 0.003633 0.002647 0.001906 0.001357 0.000954 0.000663 0.000456 0.000309 0.000208 0.000138 0.000090 0.000059 0.000038 0.000024 0.000015 0.000009 0.000006 0.000003 0.000002 0.000001 0.000001 0.000000 0.000000 0.000000 
0.000000 0.000000 0.000000 0.000001 0.000001 0.000002 0.000003 0.000005 0.000008 0.000014 0.000022 0.000035 0.000056 0.000087 0.000135 0.000205 0.000309 0.000461 0.000678 0.000987 0.001420 0.002018 0.002834 0.003935 0.005398 0.007320 0.009809 0.012990 0.017000 0.021986 0.028098 0.035486 0.044287 0.054616 0.066557 0.080146 0.095365 0.112126 0.130266 0.149541 0.169625 0.190114 0.210540 0.230381 0.249086 0.266096 0.280875 0.292937 0.301868 0.307357 0.309209 0.307357 0.301868 0.292937 0.280875 0.266096 0.249086 0.230381 0.210540 0.190114 0.169625 0.149541 0.130266 0.112126 0.095365 0.080146 0.066557 0.054616 0.044287 0.035486 0.028098 0.021986 0.017000 0.012990 0.009809 0.007320 0.005398 0.003935 0.002834 0.002018 0.001420 0.000987 0.000678 0.000461 0.000309 0.000205 0.000135 0.000087 0.000056 0.000035 0.000022 0.000014 0.000008 0.000005 0.000003 0.000002 0.000001 0.000001 0.000001 0.000001 
0.000000 0.000000 0.000001 0.000001 0.000002 0.000003 0.000005 0.000008 0.000012 0.000020 0.000033 0.000052 0.000083 0.000129 0.000199 0.000303 0.000456 0.000678 0.000998 0.001452 0.002088 0.002966 0.004165 0.005781 0.007930 0.010749 0.014401 0.019066 0.024946 0.032254 0.041213 0.052039 0.064932 0.080061 0.097547 0.117445 0.139724 0.164258 0.190807 0.219013 0.248399 0.278376 0.308256 0.337279 0.364637 0.389516 0.411130 0.428769 0.441830 0.449857 0.452566 0.449857 0.441830 0.428769 0.411130 0.389516 0.364637 0.337279 0.308256 0.278376 0.248399 0.219013 0.190807 0.164258 0.139724 0.117445 0.097547 0.080061 0.064932 0.052039 0.041213 0.032254 0.024946 0.019066 0.014401 0.010749 0.007930 0.005781 0.004165 0.002966 0.002088 0.001452 0.000998 0.000678 0.000456 0.000303 0.000199 0.000129 0.000083 0.000052 0.000033 0.000020 0.000012 0.000008 0.000005 0.000003 0.000002 0.000001 0.000001 0.000001 
0.000001 0.000001 0.000001 0.000001 0.000002 0.000004 0.000007 0.000011 0.000018 0.000030 0.000048 0.000076 0.000120 0.000188 0.000289 0.000441 0.000663 0.000987 0.001452 0.002112 0.003035 0.004310 0.006051 0.008396 0.011513 0.015603 0.020898 0.027661 0.036183 0.046774 0.059753 0.075433 0.094105 0.116011 0.141325 0.170125 0.202368 0.237868 0.276278 0.317081 0.359586 0.402942 0.446154 0.488123 0.527681 0.563651 0.594901 0.620402 0.639284 0.650889 0.654803 0.650889 0.639284 0.620402 0.594901 0.563651 0.527681 0.488123 0.446154 0.402942 0.359586 0.317081 0.276278 0.237868 0.202368 0.170125 0.141325 0.116011 0.094105 0.075433 0.059753 0.046774 0.036183 0.027661 0.020898 0.015603 0.011513 0.008396 0.006051 0.004310 0.003035 0.002112 0.001452 0.000987 0.000663 0.000441 0.000289 0.000188 0.000120 0.000076 0.000048 0.000030 0.000018 0.000011 0.000007 0.000004 0.000002 0.000002 0.000001 0.000001 
0.000001 0.000001 0.000001 0.000002 0.000003 0.000006 0.000010 0.000016 0.000026 0.000043 0.000069 0.000110 0.000173 0.000270 0.000416 0.000634 0.000954 0.001420 0.002088 0.003035 0.004360 0.006191 0.008689 0.012052 0.016523 0.022386 0.029976 0.039668 0.051878 0.067048 0.085635 0.108086 0.134814 0.166168 0.202393 0.243600 0.289727 0.340506 0.395441 0.453790 0.514568 0.576555 0.638332 0.698325 0.754869 0.806282 0.850945 0.887390 0.914375 0.930960 0.936554 0.930960 0.914375 0.887390 0.850945 0.806282 0.754869 0.698325 0.638332 0.576555 0.514568 0.453790 0.395441 0.340506 0.289727 0.243600 0.202393 0.166168 0.134814 0.108086 0.085635 0.067048 0.051878 0.039668 0.029976 0.022386 0.016523 0.012052 0.008689 0.006191 0.004360 0.003035 0.002088 0.001420 0.000954 0.000634 0.000416 0.000270 0.000173 0.000110 0.000069 0.000043 0.000026 0.000016 0.000010 0.000006 0.000003 0.000002 0.000002 0.000002 
0.000001 0.000001 0.000002 0.000003 0.000005 0.000008 0.000014 0.000023 0.000037 0.000061 0.000098 0.000157 0.000247 0.000385 0.000592 0.000902 0.001357 0.002018 0.002966 0.004310 0.006191 0.008789 0.012331 0.017100 0.023437 0.031747 0.042500 0.056229 0.073519 0.094999 0.121310 0.153085 0.190908 0.235267 0.286511 0.344792 0.410023 0.481823 0.559488 0.641973 0.727880 0.815488 0.902792 0.987569 1.067466 1.140109 1.203212 1.254701 1.292825 1.316254 1.324158 1.316254 1.292825 1.254701 1.203212 1.140109 1.067466 0.987569 0.902792 0.815488 0.727880 0.641973 0.559488 0.481823 0.410023 0.344792 0.286511 0.235267 0.190908 0.153085 0.121310 0.094999 0.073519 0.056229 0.042500 0.031747 0.023437 0.017100 0.012331 0.008789 0.006191 0.004310 0.002966 0.002018 0.001357 0.000902 0.000592 0.000385 0.000247 0.000157 0.000098 0.000061 0.000037 0.000023 0.000014 0.000008 0.000005 0.000003 0.000002 0.000002 
0.000002 0.000002 0.000003 0.000004 0.000007 0.000011 0.000019 0.000032 0.000053 0.000086 0.000138 0.000220 0.000347 0.000541 0.000833 0.001267 0.001906 0.002834 0.004165 0.006051 0.008689 0.012331 0.017297 0.023981 0.032859 0.044499 0.059558 0.078780 0.102984 0.133044 0.169861 0.214314 0.267218 0.329255 0.400908 0.482391 0.573575 0.673930 0.782470 0.897731 1.017764 1.140162 1.262124 1.380546 1.492146 1.593606 1.681738 1.753648 1.806889 1.839608 1.850646 1.839608 1.806889 1.753648 1.681738 1.593606 1.492146 1.380546 1.262124 1.140162 1.017764 0.897731 0.782470 0.673930 0.573575 0.482391 0.400908 0.329255 0.267218 0.214314 0.169861 0.133044 0.102984 0.078780 0.059558 0.044499 0.032859 0.023981 0.017297 0.012331 0.008689 0.006051 0.004165 0.002834 0.001906 0.001267 0.000833 0.000541 0.000347 0.000220 0.000138 0.000086 0.000053 0.000032 0.000019 0.000012 0.000007 0.000005 0.000003 0.000003 
0.000003 0.000003 0.000004 0.000006 0.000009 0.000016 0.000027 0.000044 0.000073 0.000119 0.000193 0.000307 0.000483 0.000752 0.001157 0.001760 0.002647 0.003935 0.005781 0.008396 0.012052 0.017100 0.023981 0.033239 0.045534 0.061649 0.082494 0.109095 0.142584 0.184168 0.235088 0.296560 0.369704 0.455462 0.554498 0.667104 0.793101 0.931751 1.081693 1.240902 1.406684 1.575719 1.744138 1.907658 2.061746 2.201828 2.323503 2.422776 2.496276 2.541444 2.556681 2.541444 2.496276 2.422776 2.323503 2.201828 2.061746 1.907658 1.744138 1.575719 1.406684 1.240902 1.081693 0.931751 0.793101 0.667104 0.554498 0.455462 0.369704 0.296560 0.235088 0.184168 0.142584 0.109095 0.082494 0.061649 0.045534 0.033239 0.023981 0.017100 0.012052 0.008396 0.005781 0.003935 0.002647 0.001760 0.001157 0.000752 0.000483 0.000307 0.000193 0.000120 0.000073 0.000045 0.000027 0.000016 0.000010 0.000006 0.000005 0.000005 
0.000004 0.000004 0.000005 0.000008 0.000013 0.000022 0.000037 0.000061 0.000101 0.000164 0.000265 0.000422 0.000664 0.001033 0.001589 0.002417 0.003633 0.005398 0.007930 0.011513 0.016523 0.023437 0.032859 0.045534 0.062363 0.084416 0.112934 0.149320 0.195119 0.251978 0.321589 0.405611 0.505572 0.622751 0.758054 0.911875 1.083964 1.273313 1.478060 1.695439 1.921771 2.152523 2.382416 2.605606 2.815911 3.007089 3.173138 3.308612 3.408911 3.470547 3.491340 3.470547 3.408911 3.308612 3.173138 3.007089 2.815911 2.605606 2.382416 2.152523 1.921771 1.695439 1.478060 1.273313 1.083964 0.911875 0.758054 0.622751 0.505572 0.405611 0.321589 0.251978 0.195119 0.149320 0.112934 0.084416 0.062363 0.045534 0.032859 0.023437 0.016523 0.011513 0.007930 0.005398 0.003633 0.002417 0.001589 0.001033 0.000664 0.000422 0.000265 0.000164 0.000101 0.000061 0.000037 0.000022 0.000014 0.000009 0.000007 0.000007 
0.000005 0.000005 0.000007 0.000011 0.000018 0.000030 0.000050 0.000083 0.000137 0.000223 0.000360 0.000573 0.000901 0.001402 0.002156 0.003279 0.004927 0.007320 0.010749 0.015603 0.022386 0.031747 0.044499 0.061649 0.084416 0.114243 0.152807 0.202000 0.263907 0.340750 0.434811 0.548325 0.683351 0.841612 1.024324 1.232015 1.464343 1.719943 1.996298 2.289673 2.595104 2.906473 3.216660 3.517782 3.801503 4.059406 4.283402 4.466145 4.601439 4.684577 4.712623 4.684577 4.601439 4.466145 4.283402 4.059406 3.801503 3.517782 3.216660 2.906473 2.595104 2.289673 1.996298 1.719943 1.464343 1.232015 1.024324 0.841612 0.683351 0.548325 0.434811 0.340750 0.263907 0.202000 0.152807 0.114243 0.084416 0.061649 0.044499 0.031747 0.022386 0.015603 0.010749 0.007320 0.004927 0.003279 0.002156 0.001402 0.000901 0.000573 0.000360 0.000223 0.000137 0.000083 0.000050 0.000030 0.000018 0.000012 0.000009 0.000009 
0.000007 0.000007 0.000009 0.000014 0.000024 0.000040 0.000067 0.000112 0.000184 0.000300 0.000483 0.000769 0.001209 0.001881 0.002892 0.004396 0.006605 0.009809 0.014401 0.020898 0.029976 0.042500 0.059558 0.082494 0.112934 0.152807 0.204347 0.270081 0.352790 0.455435 0.581058 0.732637 0.912914 1.124183 1.368059 1.645240 1.955264 2.296303 2.664998 3.056361 3.463770 3.879067 4.292758 4.694332 5.072680 5.416582 5.715258 5.958921 6.139311 6.250160 6.287553 6.250160 6.139311 5.958921 5.715258 5.416582 5.072680 4.694332 4.292758 3.879067 3.463770 3.056361 2.664998 2.296303 1.955264 1.645240 1.368059 1.124183 0.912914 0.732637 0.581058 0.455435 0.352790 0.270081 0.204347 0.152807 0.112934 0.082494 0.059558 0.042500 0.029976 0.020898 0.014401 0.009809 0.006605 0.004396 0.002892 0.001881 0.001209 0.000769 0.000483 0.000300 0.000184 0.000112 0.000068 0.000041 0.000025 0.000016 0.000012 0.000012 
0.000009 0.000009 0.000012 0.000019 0.000032 0.000053 0.000089 0.000149 0.000245 0.000398 0.000641 0.001020 0.001604 0.002494 0.003833 0.005824 0.008749 0.012990 0.019066 0.027661 0.039668 0.056229 0.078780 0.109095 0.149320 0.202000 0.270081 0.356897 0.466111 0.601628 0.767453 0.967512 1.205411 1.484169 1.805910 2.171542 2.580452 3.030221 3.516413 4.032449 4.569599 5.117105 5.662455 6.191801 6.690503 7.143781 7.537433 7.858568 8.096308 8.242396 8.291676 8.242396 8.096308 7.858568 7.537433 7.143781 6.690503 6.191801 5.662455 5.117105 4.569599 4.032449 3.516413 3.030221 2.580452 2.171542 1.805910 1.484169 1.205411 0.967512 0.767453 0.601628 0.466111 0.356897 0.270081 0.202000 0.149320 0.109095 0.078780 0.056229 0.039668 0.027661 0.019066 0.012990 0.008749 0.005824 0.003833 0.002494 0.001604 0.001020 0.000641 0.000398 0.000245 0.000149 0.000090 0.000054 0.000033 0.000021 0.000016 0.000016 
0.000012 0.000012 0.000016 0.000025 0.000042 0.000070 0.000117 0.000195 0.000321 0.000522 0.000840 0.001337 0.002102 0.003267 0.005020 0.007626 0.011452 0.017000 0.024946 0.036183 0.051878 0.073519 0.102984 0.142584 0.195119 0.263907 0.352790 0.466111 0.608645 0.785477 1.001825 1.262797 1.573087 1.936622 2.356158 2.832871 3.365950 3.952234 4.585936 5.258477 5.958478 6.671922 7.382510 8.072202 8.721935 9.312460 9.825287 10.243631 10.553328 10.743630 10.807825 10.743630 10.553328 10.243631 9.825287 9.312460 8.721935 8.072202 7.382510 6.671922 5.958478 5.258477 4.585936 3.952234 3.365950 2.832871 2.356158 1.936622 1.573087 1.262797 1.001825 0.785477 0.608645 0.466111 0.352790 0.263907 0.195119 0.142584 0.102984 0.073519 0.051878 0.036183 0.024946 0.017000 0.011452 0.007626 0.005020 0.003267 0.002102 0.001337 0.000840 0.000522 0.000321 0.000195 0.000118 0.000071 0.000043 0.000028 0.000021 0.000021 
0.000016 0.000016 0.000021 0.000033 0.000054 0.000091 0.000152 0.000253 0.000416 0.000677 0.001089 0.001731 0.002721 0.004229 0.006497 0.009867 0.014814 0.021986 0.032254 0.046774 0.067048 0.094999 0.133044 0.184168 0.251978 0.340750 0.455435 0.601628 0.785477 1.013531 1.292505 1.628974 2.028975 2.497555 3.038252 3.652570 4.339451 5.094813 5.911192 6.777534 7.679177 8.598070 9.513227 10.401423 11.238115 11.998532 12.658873 13.197538 13.596300 13.841326 13.923981 13.841326 13.596300 13.197538 12.658873 11.998532 11.238115 10.401423 9.513227 8.598070 7.679177 6.777534 5.911192 5.094813 4.339451 3.652570 3.038252 2.497555 2.028975 1.628974 1.292505 1.013531 0.785477 0.601628 0.455435 0.340750 0.251978 0.184168 0.133044 0.094999 0.067048 0.046774 0.032254 0.021986 0.014814 0.009867 0.006497 0.004229 0.002721 0.001731 0.001089 0.000677 0.000416 0.000253 0.000153 0.000092 0.000056 0.000036 0.000028 0.000028 
0.000020 0.000020 0.000027 0.000042 0.000069 0.000116 0.000195 0.000324 0.000533 0.000867 0.001394 0.002216 0.003482 0.005410 0.008309 0.012616 0.018937 0.028098 0.041213 0.059753 0.085635 0.121310 0.169861 0.235088 0.321589 0.434811 0.581058 0.767453 1.001825 1.292505 1.648040 2.076790 2.586432 3.183376 3.872116 4.654549 5.529314 6.491201 7.530698 8.633721 9.781605 10.951371 12.116309 13.246867 14.311817 15.279644 16.120070 16.805619 17.313104 17.624934 17.730123 17.624934 17.313104 16.805619 16.120070 15.279644 14.311817 13.246867 12.116309 10.951371 9.781605 8.633721 7.530698 6.491201 5.529314 4.654549 3.872116 3.183376 2.586432 2.076790 1.648040 1.292505 1.001825 0.767453 0.581058 0.434811 0.321589 0.235088 0.169861 0.121310 0.085635 0.059753 0.041213 0.028098 0.018937 0.012616 0.008309 0.005410 0.003482 0.002216 0.001394 0.000867 0.000533 0.000325 0.000196 0.000118 0.000072 0.000047 0.000036 0.000036 
0.000026 0.000026 0.000034 0.000053 0.000088 0.000147 0.000247 0.000410 0.000675 0.001097 0.001763 0.002802 0.004402 0.006838 0.010501 0.015940 0.023921 0.035486 0.052039 0.075433 0.108086 0.153085 0.214314 0.296560 0.405611 0.548325 0.732637 0.967512 1.262797 1.628974 2.076790 2.616754 3.258515 4.010125 4.877219 5.862167 6.963240 8.173865 9.482058 10.870093 12.314478 13.786302 15.251967 16.674303 18.014038 19.231543 20.288746 21.151101 21.789457 22.181697 22.314009 22.181697 21.789457 21.151101 20.288746 19.231543 18.014038 16.674303 15.251967 13.786302 12.314478 10.870093 9.482058 8.173865 6.963240 5.862167 4.877219 4.010125 3.258515 2.616754 2.076790 1.628974 1.262797 0.967512 0.732637 0.548325 0.405611 0.296560 0.214314 0.153085 0.108086 0.075433 0.052039 0.035486 0.023921 0.015940 0.010501 0.006838 0.004402 0.002802 0.001763 0.001097 0.000675 0.000411 0.000248 0.000149 0.000091 0.000059 0.000045 0.000045 
0.000032 0.000032 0.000042 0.000066 0.000110 0.000185 0.000309 0.000513 0.000844 0.001371 0.002204 0.003501 0.005500 0.008541 0.013113 0.019902 0.029860 0.044287 0.064932 0.094105 0.134814 0.190908 0.267218 0.369704 0.505572 0.683351 0.912914 1.205411 1.573087 2.028975 2.586432 3.258515 4.057211 4.992515 6.071417 7.296842 8.666617 10.172552 11.799726 13.526082 15.322403 17.152737 18.975310 20.743918 22.409744 23.923534 25.237971 26.310125 27.103769 27.591420 27.755916 27.591420 27.103769 26.310125 25.237971 23.923534 22.409744 20.743918 18.975310 17.152737 15.322403 13.526082 11.799726 10.172552 8.666617 7.296842 6.071417 4.992515 4.057211 3.258515 2.586432 2.028975 1.573087 1.205411 0.912914 0.683351 0.505572 0.369704 0.267218 0.190908 0.134814 0.094105 0.064932 0.044287 0.029860 0.019902 0.013113 0.008541 0.005500 0.003501 0.002204 0.001372 0.000844 0.000514 0.000311 0.000187 0.000114 0.000074 0.000057 0.000057 
0.000040 0.000040 0.000053 0.000082 0.000136 0.000228 0.000382 0.000635 0.001043 0.001694 0.002722 0.004323 0.006790 0.010542 0.016181 0.024553 0.036831 0.054616 0.080061 0.116011 0.166168 0.235267 0.329255 0.455462 0.622751 0.841612 1.124183 1.484169 1.936622 2.497555 3.183376 4.010125 4.992515 6.142813 7.469587 8.976408 10.660581 12.512015 14.512354 16.634473 18.842457 21.092118 23.332125 25.505704 27.552885 29.413159 31.028405 32.345890 33.321121 33.920340 34.122468 33.920340 33.321121 32.345890 31.028405 29.413159 27.552885 25.505704 23.332125 21.092118 18.842457 16.634473 14.512354 12.512015 10.660581 8.976408 7.469587 6.142813 4.992515 4.010125 3.183376 2.497555 1.936622 1.484169 1.124183 0.841612 0.622751 0.455462 0.329255 0.235267 0.166168 0.116011 0.080061 0.054616 0.036831 0.024553 0.016181 0.010542 0.006790 0.004323 0.002722 0.001694 0.001043 0.000635 0.000384 0.000231 0.000141 0.000092 0.000070 0.000070 
0.000048 0.000048 0.000064 0.000100 0.000166 0.000279 0.000467 0.000775 0.001273 0.002068 0.003321 0.005275 0.008282 0.012856 0.019729 0.029932 0.044892 0.066557 0.097547 0.141325 0.202393 0.286511 0.400908 0.554498 0.758054 1.024324 1.368059 1.805910 2.356158 3.038252 3.872116 4.877219 6.071417 7.469587 9.082112 10.913302 12.959854 15.209486 17.639876 20.218059 22.900398 25.633221 28.354181 30.994336 33.480865 35.740301 37.702080 39.302181 40.486591 41.214329 41.459809 41.214329 40.486591 39.302181 37.702080 35.740301 33.480865 30.994336 28.354181 25.633221 22.900398 20.218059 17.639876 15.209486 12.959854 10.913302 9.082112 7.469587 6.071417 4.877219 3.872116 3.038252 2.356158 1.805910 1.368059 1.024324 0.758054 0.554498 0.400908 0.286511 0.202393 0.141325 0.097547 0.066557 0.044892 0.029932 0.019729 0.012856 0.008282 0.005275 0.003321 0.002068 0.001273 0.000776 0.000469 0.000283 0.000173 0.000112 0.000086 0.000086 
0.000059 0.000059 0.000078 0.000121 0.000200 0.000336 0.000563 0.000935 0.001535 0.002494 0.004005 0.006359 0.009982 0.015492 0.023770 0.036056 0.054067 0.080146 0.117445 0.170125 0.243600 0.344792 0.482391 0.667104 0.911875 1.232015 1.645240 2.171542 2.832871 3.652570 4.654549 5.862167 7.296842 8.976408 10.913302 13.112666 15.570505 18.272041 21.190452 24.286143 27.506715 30.787731 34.054356 37.223840 40.208791 42.921044 45.275925 47.196617 48.618309 49.491832 49.786486 49.491832 48.618309 47.196617 45.275925 42.921044 40.208791 37.223840 34.054356 30.787731 27.506715 24.286143 21.190452 18.272041 15.570505 13.112666 10.913302 8.976408 7.296842 5.862167 4.654549 3.652570 2.832871 2.171542 1.645240 1.232015 0.911875 0.667104 0.482391 0.344792 0.243600 0.170125 0.117445 0.080146 0.054067 0.036056 0.023770 0.015492 0.009982 0.006359 0.004005 0.002494 0.001536 0.000936 0.000566 0.000341 0.000209 0.000136 0.000103 0.000103 
0.000070 0.000070 0.000093 0.000144 0.000239 0.000401 0.000672 0.001114 0.001830 0.002971 0.004771 0.007574 0.011887 0.018446 0.028298 0.042916 0.064343 0.095365 0.139724 0.202368 0.289727 0.410023 0.573575 0.793101 1.083964 1.464343 1.955264 2.580452 3.365950 4.339451 5.529314 6.963240 8.666617 10.660581 12.959854 15.570505 18.487755 21.694040 25.157503 28.831145 32.652781 36.545955 40.421885 44.182412 47.723874 50.941704 53.735479 56.014099 57.700704 58.736986 59.086540 58.736986 57.700704 56.014099 53.735479 50.941704 47.723874 44.182412 40.421885 36.545955 32.652781 28.831145 25.157503 21.694040 18.487755 15.570505 12.959854 10.660581 8.666617 6.963240 5.529314 4.339451 3.365950 2.580452 1.955264 1.464343 1.083964 0.793101 0.573575 0.410023 0.289727 0.202368 0.139724 0.095365 0.064343 0.042916 0.028298 0.018446 0.011887 0.007574 0.004771 0.002972 0.001831 0.001116 0.000675 0.000407 0.000249 0.000162 0.000123 0.000123 
0.000082 0.000082 0.000109 0.000170 0.000282 0.000473 0.000791 0.001312 0.002154 0.003498 0.005615 0.008913 0.013987 0.021701 0.033286 0.050474 0.075663 0.112126 0.164258 0.237868 0.340506 0.481823 0.673930 0.931751 1.273313 1.719943 2.296303 3.030221 3.952234 5.094813 6.491201 8.173865 10.172552 12.512015 15.209486 18.272041 21.694040 25.454846 29.517075 33.825587 38.307449 42.873005 47.418154 51.827818 55.980472 59.753539 63.029309 65.700998 67.678521 68.893538 69.303380 68.893538 67.678521 65.700998 63.029309 59.753539 55.980472 51.827818 47.418154 42.873005 38.307449 33.825587 29.517075 25.454846 21.694040 18.272041 15.209486 12.512015 10.172552 8.173865 6.491201 5.094813 3.952234 3.030221 2.296303 1.719943 1.273313 0.931751 0.673930 0.481823 0.340506 0.237868 0.164258 0.112126 0.075663 0.050474 0.033286 0.021701 0.013988 0.008913 0.005616 0.003498 0.002155 0.001314 0.000795 0.000479 0.000293 0.000191 0.000145 0.000145 
0.000096 0.000096 0.000127 0.000198 0.000328 0.000550 0.000921 0.001527 0.002506 0.004069 0.006531 0.010364 0.016262 0.025227 0.038688 0.058656 0.087916 0.130266 0.190807 0.276278 0.395441 0.559488 0.782470 1.081693 1.478060 1.996298 2.664998 3.516413 4.585936 5.911192 7.530698 9.482058 11.799726 14.512354 17.639876 21.190452 25.157503 29.517075 34.225806 39.219769 44.414423 49.705863 54.973456 60.083859 64.896271 69.268680 73.064719 76.160683 78.452217 79.860155 80.335070 79.860155 78.452217 76.160683 73.064719 69.268680 64.896271 60.083859 54.973456 49.705863 44.414423 39.219769 34.225806 29.517075 25.157503 21.190452 17.639876 14.512354 11.799726 9.482058 7.530698 5.911192 4.585936 3.516413 2.664998 1.996298 1.478060 1.081693 0.782470 0.559488 0.395441 0.276278 0.190807 0.130266 0.087916 0.058656 0.038688 0.025227 0.016262 0.010365 0.006531 0.004069 0.002508 0.001529 0.000925 0.000558 0.000341 0.000222 0.000169 0.000169 
0.000111 0.000111 0.000146 0.000228 0.000377 0.000633 0.001059 0.001755 0.002881 0.004676 0.007504 0.011908 0.018681 0.028975 0.044429 0.067352 0.100937 0.149541 0.219013 0.317081 0.453790 0.641973 0.897731 1.240902 1.695439 2.289673 3.056361 4.032449 5.258477 6.777534 8.633721 10.870093 13.526082 16.634473 20.218059 24.286143 28.831145 33.825587 39.219769 44.940442 50.890762 56.951715 62.985148 68.838357 74.350116 79.357816 83.705318 87.250989 89.875351 91.487770 92.031656 91.487770 89.875351 87.250989 83.705318 79.357816 74.350116 68.838357 62.985148 56.951715 50.890762 44.940442 39.219769 33.825587 28.831145 24.286143 20.218059 16.634473 13.526082 10.870093 8.633721 6.777534 5.258477 4.032449 3.056361 2.289673 1.695439 1.240902 0.897731 0.641973 0.453790 0.317081 0.219013 0.149541 0.100937 0.067352 0.044430 0.028975 0.018681 0.011908 0.007505 0.004677 0.002882 0.001758 0.001063 0.000641 0.000393 0.000256 0.000195 0.000195 
0.000126 0.000126 0.000166 0.000259 0.000429 0.000719 0.001202 0.001994 0.003272 0.005309 0.008520 0.013517 0.021203 0.032882 0.050414 0.076416 0.114507 0.169625 0.248399 0.359586 0.514568 0.727880 1.017764 1.406684 1.921771 2.595104 3.463770 4.569599 5.958478 7.679177 9.781605 12.314478 15.322403 18.842457 22.900398 27.506715 32.652781 38.307449 44.414423 50.890762 57.626824 64.487890 71.317588 77.943094 84.181945 89.850125 94.770946 98.784140 101.754513 103.579509 104.195098 103.579509 101.754513 98.784140 94.770946 89.850125 84.181945 77.943094 71.317588 64.487890 57.626824 50.890762 44.414423 38.307449 32.652781 27.506715 22.900398 18.842457 15.322403 12.314478 9.781605 7.679177 5.958478 4.569599 3.463770 2.595104 1.921771 1.406684 1.017764 0.727880 0.514568 0.359586 0.248399 0.169625 0.114507 0.076416 0.050414 0.032882 0.021203 0.013517 0.008520 0.005310 0.003273 0.001997 0.001208 0.000729 0.000446 0.000290 0.000222 0.000222 
0.000141 0.000141 0.000187 0.000291 0.000481 0.000807 0.001350 0.002237 0.003671 0.005956 0.009556 0.015160 0.023777 0.036870 0.056522 0.085664 0.128352 0.190114 0.278376 0.402942 0.576555 0.815488 1.140162 1.575719 2.152523 2.906473 3.879067 5.117105 6.671922 8.598070 10.951371 13.786302 17.152737 21.092118 25.633221 30.787731 36.545955 42.873005 49.705863 56.951715 64.487890 72.163676 79.804153 87.216009 94.195167 100.535817 106.040356 110.529546 113.852198 115.893621 116.582210 115.893621 113.852198 110.529546 106.040356 100.535817 94.195167 87.216009 79.804153 72.163676 64.487890 56.951715 49.705863 42.873005 36.545955 30.787731 25.633221 21.092118 17.152737 13.786302 10.951371 8.598070 6.671922 5.117105 3.879067 2.906473 2.152523 1.575719 1.140162 0.815488 0.576555 0.402942 0.278376 0.190114 0.128352 0.085664 0.056522 0.036870 0.023777 0.015160 0.009557 0.005957 0.003672 0.002241 0.001356 0.000818 0.000501 0.000326 0.000249 0.000249 
0.000157 0.000157 0.000207 0.000323 0.000534 0.000895 0.001496 0.002480 0.004069 0.006601 0.010590 0.016799 0.026344 0.040847 0.062613 0.094886 0.142155 0.210540 0.308256 0.446154 0.638332 0.902792 1.262124 1.744138 2.382416 3.216660 4.292758 5.662455 7.382510 9.513227 12.116309 15.251967 18.975310 23.332125 28.354181 34.054356 40.421885 47.418154 54.973456 62.985148 71.317588 79.804153 88.251463 96.445827 104.161657 111.171465 117.256836 122.219666 125.892847 128.149621 128.910848 128.149621 125.892847 122.219666 117.256836 111.171465 104.161657 96.445827 88.251463 79.804153 71.317588 62.985148 54.973456 47.418154 40.421885 34.054356 28.354181 23.332125 18.975310 15.251967 12.116309 9.513227 7.382510 5.662455 4.292758 3.216660 2.382416 1.744138 1.262124 0.902792 0.638332 0.446154 0.308256 0.210540 0.142155 0.094886 0.062613 0.040847 0.026345 0.016799 0.010591 0.006602 0.004071 0.002484 0.001503 0.000907 0.000556 0.000362 0.000276 0.000276 
