0.000000 0.000000 0.000000 0.000000 0.000000 0.000000 0.000000 0.000000 0.000000 0.000000 0.000000 0.000000 0.000000 0.000000 0.000000 0.000000 0.000000 0.000000 0.000000 0.000000 0.000000 0.000000 0.000000 0.000000 0.000000 0.000000 0.000000 0.000001 0.000001 0.000001 0.000002 0.000002 0.000003 0.000003 0.000004 0.000005 0.000007 0.000008 0.000010 0.000011 0.000013 0.000015 0.000017 0.000019 0.000021 0.000023 0.000024 0.000025 0.000026 0.000027 0.000027 0.000027 0.000026 0.000025 0.000024 0.000023 0.000021 0.000019 0.000017 0.000015 0.000013 0.000011 0.000010 0.000008 0.000007 0.000005 0.000004 0.000003 0.000003 0.000002 0.000002 0.000001 0.000001 0.000001 0.000000 0.000000 0.000000 0.000000 0.000000 0.000000 0.000000 0.000000 0.000000 0.000000 0.000000 0.000000 0.000000 0.000000 0.000000 0.000000 0.000000 0.000000 0.000000 0.000000 0.000000 0.000000 0.000000 0.000000 0.000000 0.000000 
0.000000 0.000000 0.000000 0.000000 0.000000 0.000000 0.000000 0.000000 0.000000 0.000000 0.000000 0.000000 0.000000 0.000000 0.000000 0.000000 0.000000 0.000000 0.000000 0.000000 0.000000 0.000000 0.000000 0.000000 0.000000 0.000000 0.000000 0.000001 0.000001 0.000001 0.000002 0.000002 0.000003 0.000003 0.000004 0.000005 0.000007 0.000008 0.000010 0.000011 0.000013 0.000015 0.000017 0.000019 0.000021 0.000023 0.000024 0.000025 0.000026 0.000027 0.000027 0.000027 0.000026 0.000025 0.000024 0.000023 0.000021 0.000019 0.000017 0.000015 0.000013 0.000011 0.000010 0.000008 0.000007 0.000005 0.000004 0.000003 0.000003 0.000002 0.000002 0.000001 0.000001 0.000001 0.000000 0.000000 0.000000 0.000000 0.000000 0.000000 0.000000 0.000000 0.000000 0.000000 0.000000 0.000000 0.000000 0.000000 0.000000 0.000000 0.000000 0.000000 0.000000 0.000000 0.000000 0.000000 0.000000 0.000000 0.000000 0.000000 
0.000000 0.000000 0.000000 0.000000 0.000000 0.000000 0.000000 0.000000 0.000000 0.000000 0.000000 0.000000 0.000000 0.000000 0.000000 0.000000 0.000000 0.000000 0.000000 0.000000 0.000000 0.000000 0.000000 0.000000 0.000000 0.000000 0.000001 0.000001 0.000001 0.000002 0.000002 0.000003 0.000004 0.000005 0.000006 0.000008 0.000010 0.000012 0.000014 0.000016 0.000019 0.000022 0.000025 0.000027 0.000030 0.000033 0.000035 0.000037 0.000038 0.000039 0.000039 0.000039 0.000038 0.000037 0.000035 0.000033 0.000030 0.000027 0.000025 0.000022 0.000019 0.000016 0.000014 0.000012 0.000010 0.000008 0.000006 0.000005 0.000004 0.000003 0.000002 0.000002 0.000001 0.000001 0.000001 0.000000 0.000000 0.000000 0.000000 0.000000 0.000000 0.000000 0.000000 0.000000 0.000000 0.000000 0.000000 0.000000 0.000000 0.000000 0.000000 0.000000 0.000000 0.000000 0.000000 0.000000 0.000000 0.000000 0.000000 0.000000 
0.000000 0.000000 0.000000 0.000000 0.000000 0.000000 0.000000 0.000000 0.000000 0.000000 0.000000 0.000000 0.000000 0.000000 0.000000 0.000000 0.000000 0.000000 0.000000 0.000000 0.000000 0.000000 0.000000 0.000000 0.000001 0.000001 0.000001 0.000002 0.000002 0.000003 0.000004 0.000005 0.000007 0.000008 0.000011 0.000013 0.000016 0.000020 0.000024 0.000028 0.000033 0.000038 0.000042 0.000047 0.000052 0.000056 0.000060 0.000063 0.000065 0.000067 0.000067 0.000067 0.000065 0.000063 0.000060 0.000056 0.000052 0.000047 0.000042 0.000038 0.000033 0.000028 0.000024 0.000020 0.000016 0.000013 0.000011 0.000008 0.000007 0.000005 0.000004 0.000003 0.000002 0.000002 0.000001 0.000001 0.000001 0.000000 0.000000 0.000000 0.000000 0.000000 0.000000 0.000000 0.000000 0.000000 0.000000 0.000000 0.000000 0.000000 0.000000 0.000000 0.000000 0.000000 0.000000 0.000000 0.000000 0.000000 0.000000 0.000000 
0.000000 0.000000 0.000000 0.000000 0.000000 0.000000 0.000000 0.000000 0.000000 0.000000 0.000000 0.000000 0.000000 0.000000 0.000000 0.000000 0.000000 0.000000 0.000000 0.000000 0.000000 0.000000 0.000000 0.000001 0.000001 0.000001 0.000002 0.000003 0.000004 0.000005 0.000007 0.000009 0.000012 0.000015 0.000020 0.000024 0.000030 0.000037 0.000044 0.000051 0.000060 0.000069 0.000077 0.000086 0.000095 0.000102 0.000109 0.000115 0.000119 0.000122 0.000123 0.000122 0.000119 0.000115 0.000109 0.000102 0.000095 0.000086 0.000077 0.000069 0.000060 0.000051 0.000044 0.000037 0.000030 0.000024 0.000020 0.000015 0.000012 0.000009 0.000007 0.000005 0.000004 0.000003 0.000002 0.000001 0.000001 0.000001 0.000000 0.000000 0.000000 0.000000 0.000000 0.000000 0.000000 0.000000 0.000000 0.000000 0.000000 0.000000 0.000000 0.000000 0.000000 0.000000 0.000000 0.000000 0.000000 0.000000 0.000000 0.000000 
0.000000 0.000000 0.000000 0.000000 0.000000 0.000000 0.000000 0.000000 0.000000 0.000000 0.000000 0.000000 0.000000 0.000000 0.000000 0.000000 0.000000 0.000000 0.000000 0.000000 0.000000 0.000001 0.000001 0.000001 0.000002 0.000003 0.000004 0.000005 0.000007 0.000010 0.000013 0.000017 0.000022 0.000028 0.000036 0.000045 0.000055 0.000067 0.000080 0.000094 0.000110 0.000126 0.000142 0.000158 0.000173 0.000188 0.000200 0.000210 0.000218 0.000223 0.000224 0.000223 0.000218 0.000210 0.000200 0.000188 0.000173 0.000158 0.000142 0.000126 0.000110 0.000094 0.000080 0.000067 0.000055 0.000045 0.000036 0.000028 0.000022 0.000017 0.000013 0.000010 0.000007 0.000005 0.000004 0.000003 0.000002 0.000001 0.000001 0.000001 0.000000 0.000000 0.000000 0.000000 0.000000 0.000000 0.000000 0.000000 0.000000 0.000000 0.000000 0.000000 0.000000 0.000000 0.000000 0.000000 0.000000 0.000000 0.000000 0.000000 
0.000000 0.000000 0.000000 0.000000 0.000000 0.000000 0.000000 0.000000 0.000000 0.000000 0.000000 0.000000 0.000000 0.000000 0.000000 0.000000 0.000000 0.000000 0.000000 0.000000 0.000001 0.000001 0.000002 0.000002 0.000003 0.000005 0.000007 0.000009 0.000013 0.000018 0.000024 0.000031 0.000040 0.000052 0.000066 0.000082 0.000101 0.000122 0.000146 0.000172 0.000200 0.000229 0.000258 0.000288 0.000315 0.000341 0.000364 0.000383 0.000397 0.000405 0.000408 0.000405 0.000397 0.000383 0.000364 0.000341 0.000315 0.000288 0.000258 0.000229 0.000200 0.000172 0.000146 0.000122 0.000101 0.000082 0.000066 0.000052 0.000040 0.000031 0.000024 0.000018 0.000013 0.000009 0.000007 0.000005 0.000003 0.000002 0.000002 0.000001 0.000001 0.000000 0.000000 0.000000 0.000000 0.000000 0.000000 0.000000 0.000000 0.000000 0.000000 0.000000 0.000000 0.000000 0.000000 0.000000 0.000000 0.000000 0.000000 0.000000 
0.000000 0.000000 0.000000 0.000000 0.000000 0.000000 0.000000 0.000000 0.000000 0.000000 0.000000 0.000000 0.000000 0.000000 0.000000 0.000000 0.000000 0.000000 0.000001 0.000001 0.000001 0.000002 0.000003 0.000004 0.000006 0.000009 0.000012 0.000017 0.000023 0.000032 0.000043 0.000056 0.000073 0.000094 0.000118 0.000148 0.000181 0.000220 0.000263 0.000309 0.000359 0.000412 0.000465 0.000517 0.000567 0.000614 0.000654 0.000688 0.000713 0.000728 0.000733 0.000728 0.000713 0.000688 0.000654 0.000614 0.000567 0.000517 0.000465 0.000412 0.000359 0.000309 0.000263 0.000220 0.000181 0.000148 0.000118 0.000094 0.000073 0.000056 0.000043 0.000032 0.000023 0.000017 0.000012 0.000009 0.000006 0.000004 0.000003 0.000002 0.000001 0.000001 0.000001 0.000000 0.000000 0.000000 0.000000 0.000000 0.000000 0.000000 0.000000 0.000000 0.000000 0.000000 0.000000 0.000000 0.000000 0.000000 0.000000 0.000000 
0.000000 0.000000 0.000000 0.000000 0.000000 0.000000 0.000000 0.000000 0.000000 0.000000 0.000000 0.000000 0.000000 0.000000 0.000000 0.000000 0.000000 0.000001 0.000001 0.000001 0.000002 0.000003 0.000005 0.000007 0.000011 0.000015 0.000022 0.000030 0.000042 0.000057 0.000076 0.000100 0.000130 0.000167 0.000211 0.000263 0.000323 0.000391 0.000467 0.000550 0.000638 0.000731 0.000825 0.000918 0.001007 0.001089 0.001161 0.001221 0.001265 0.001292 0.001301 0.001292 0.001265 0.001221 0.001161 0.001089 0.001007 0.000918 0.000825 0.000731 0.000638 0.000550 0.000467 0.000391 0.000323 0.000263 0.000211 0.000167 0.000130 0.000100 0.000076 0.000057 0.000042 0.000030 0.000022 0.000015 0.000011 0.000007 0.000005 0.000003 0.000002 0.000001 0.000001 0.000001 0.000000 0.000000 0.000000 0.000000 0.000000 0.000000 0.000000 0.000000 0.000000 0.000000 0.000000 0.000000 0.000000 0.000000 0.000000 0.000000 
0.000000 0.000000 0.000000 0.000000 0.000000 0.000000 0.000000 0.000000 0.000000 0.000000 0.000000 0.000000 0.000000 0.000000 0.000000 0.000000 0.000001 0.000001 0.000002 0.000003 0.000004 0.000006 0.000009 0.000013 0.000019 0.000027 0.000038 0.000054 0.000074 0.000100 0.000133 0.000176 0.000229 0.000293 0.000370 0.000461 0.000566 0.000686 0.000819 0.000965 0.001120 0.001282 0.001446 0.001609 0.001765 0.001909 0.002035 0.002139 0.002216 0.002264 0.002280 0.002264 0.002216 0.002139 0.002035 0.001909 0.001765 0.001609 0.001446 0.001282 0.001120 0.000965 0.000819 0.000686 0.000566 0.000461 0.000370 0.000293 0.000229 0.000176 0.000133 0.000100 0.000074 0.000054 0.000038 0.000027 0.000019 0.000013 0.000009 0.000006 0.000004 0.000003 0.000002 0.000001 0.000001 0.000000 0.000000 0.000000 0.000000 0.000000 0.000000 0.000000 0.000000 0.000000 0.000000 0.000000 0.000000 0.000000 0.000000 0.000000 
0.000000 0.000000 0.000000 0.000000 0.000000 0.000000 0.000000 0.000000 0.000000 0.000000 0.000000 0.000000 0.000000 0.000000 0.000000 0.000001 0.000001 0.000002 0.000003 0.000004 0.000007 0.000010 0.000015 0.000023 0.000033 0.000047 0.000067 0.000093 0.000128 0.000173 0.000232 0.000305 0.000396 0.000508 0.000642 0.000799 0.000981 0.001188 0.001419 0.001670 0.001939 0.002218 0.002503 0.002784 0.003053 0.003301 0.003519 0.003699 0.003832 0.003915 0.003943 0.003915 0.003832 0.003699 0.003519 0.003301 0.003053 0.002784 0.002503 0.002218 0.001939 0.001670 0.001419 0.001188 0.000981 0.000799 0.000642 0.000508 0.000396 0.000305 0.000232 0.000173 0.000128 0.000093 0.000067 0.000047 0.000033 0.000023 0.000015 0.000010 0.000007 0.000004 0.000003 0.000002 0.000001 0.000001 0.000000 0.000000 0.000000 0.000000 0.000000 0.000000 0.000000 0.000000 0.000000 0.000000 0.000000 0.000000 0.000000 0.000000 
0.000000 0.000000 0.000000 0.000000 0.000000 0.000000 0.000000 0.000000 0.000000 0.000000 0.000000 0.000000 0.000000 0.000000 0.000001 0.000001 0.000002 0.000003 0.000005 0.000008 0.000012 0.000018 0.000027 0.000039 0.000057 0.000081 0.000115 0.000160 0.000220 0.000297 0.000397 0.000523 0.000679 0.000870 0.001098 0.001367 0.001678 0.002032 0.002425 0.002854 0.003312 0.003790 0.004275 0.004755 0.005214 0.005637 0.006008 0.006314 0.006542 0.006683 0.006730 0.006683 0.006542 0.006314 0.006008 0.005637 0.005214 0.004755 0.004275 0.003790 0.003312 0.002854 0.002425 0.002032 0.001678 0.001367 0.001098 0.000870 0.000679 0.000523 0.000397 0.000297 0.000220 0.000160 0.000115 0.000081 0.000057 0.000039 0.000027 0.000018 0.000012 0.000008 0.000005 0.000003 0.000002 0.000001 0.000001 0.000000 0.000000 0.000000 0.000000 0.000000 0.000000 0.000000 0.000000 0.000000 0.000000 0.000000 0.000000 0.000000 
0.000000 0.000000 0.000000 0.000000 0.000000 0.000000 0.000000 0.000000 0.000000 0.000000 0.000000 0.000000 0.000000 0.000001 0.000001 0.000002 0.000003 0.000005 0.000008 0.000013 0.000020 0.000030 0.000045 0.000066 0.000096 0.000138 0.000195 0.000271 0.000372 0.000503 0.000672 0.000884 0.001148 0.001469 0.001855 0.002308 0.002833 0.003429 0.004092 0.004815 0.005586 0.006390 0.007207 0.008014 0.008787 0.009499 0.010124 0.010639 0.011022 0.011259 0.011339 0.011259 0.011022 0.010639 0.010124 0.009499 0.008787 0.008014 0.007207 0.006390 0.005586 0.004815 0.004092 0.003429 0.002833 0.002308 0.001855 0.001469 0.001148 0.000884 0.000672 0.000503 0.000372 0.000271 0.000195 0.000138 0.000096 0.000066 0.000045 0.000030 0.000020 0.000013 0.000008 0.000005 0.000003 0.000002 0.000001 0.000001 0.000000 0.000000 0.000000 0.000000 0.000000 0.000000 0.000000 0.000000 0.000000 0.000000 0.000000 0.000000 
0.000000 0.000000 0.000000 0.000000 0.000000 0.000000 0.000000 0.000000 0.000000 0.000000 0.000000 0.000000 0.000001 0.000001 0.000002 0.000003 0.000006 0.000009 0.000014 0.000022 0.000034 0.000051 0.000076 0.000111 0.000161 0.000231 0.000325 0.000452 0.000621 0.000840 0.001121 0.001475 0.001914 0.002450 0.003091 0.003847 0.004720 0.005711 0.006814 0.008015 0.009297 0.010633 0.011991 0.013332 0.014616 0.015798 0.016837 0.017691 0.018328 0.018722 0.018854 0.018722 0.018328 0.017691 0.016837 0.015798 0.014616 0.013332 0.011991 0.010633 0.009297 0.008015 0.006814 0.005711 0.004720 0.003847 0.003091 0.002450 0.001914 0.001475 0.001121 0.000840 0.000621 0.000452 0.000325 0.000231 0.000161 0.000111 0.000076 0.000051 0.000034 0.000022 0.000014 0.000009 0.000006 0.000003 0.000002 0.000001 0.000001 0.000000 0.000000 0.000000 0.000000 0.000000 0.000000 0.000000 0.000000 0.000000 0.000000 0.000000 
0.000000 0.000000 0.000000 0.000000 0.000000 0.000000 0.000000 0.000000 0.000000 0.000000 0.000000 0.000001 0.000001 0.000002 0.000004 0.000006 0.000009 0.000015 0.000023 0.000036 0.000056 0.000084 0.000125 0.000184 0.000266 0.000381 0.000537 0.000746 0.001023 0.001384 0.001846 0.002429 0.003151 0.004031 0.005085 0.006326 0.007760 0.009387 0.011197 0.013169 0.015272 0.017463 0.019690 0.021890 0.023994 0.025933 0.027635 0.029036 0.030080 0.030724 0.030942 0.030724 0.030080 0.029036 0.027635 0.025933 0.023994 0.021890 0.019690 0.017463 0.015272 0.013169 0.011197 0.009387 0.007760 0.006326 0.005085 0.004031 0.003151 0.002429 0.001846 0.001384 0.001023 0.000746 0.000537 0.000381 0.000266 0.000184 0.000125 0.000084 0.000056 0.000036 0.000023 0.000015 0.000009 0.000006 0.000004 0.000002 0.000001 0.000001 0.000000 0.000000 0.000000 0.000000 0.000000 0.000000 0.000000 0.000000 0.000000 0.000000 
0.000000 0.000000 0.000000 0.000000 0.000000 0.000000 0.000000 0.000000 0.000000 0.000000 0.000001 0.000001 0.000002 0.000003 0.000006 0.000009 0.000015 0.000024 0.000038 0.000059 0.000091 0.000137 0.000204 0.000299 0.000434 0.000620 0.000874 0.001214 0.001665 0.002251 0.003001 0.003947 0.005118 0.006546 0.008255 0.010267 0.012591 0.015227 0.018158 0.021352 0.024757 0.028305 0.031909 0.035469 0.038874 0.042010 0.044764 0.047030 0.048719 0.049761 0.050114 0.049761 0.048719 0.047030 0.044764 0.042010 0.038874 0.035469 0.031909 0.028305 0.024757 0.021352 0.018158 0.015227 0.012591 0.010267 0.008255 0.006546 0.005118 0.003947 0.003001 0.002251 0.001665 0.001214 0.000874 0.000620 0.000434 0.000299 0.000204 0.000137 0.000091 0.000059 0.000038 0.000024 0.000015 0.000009 0.000006 0.000003 0.000002 0.000001 0.000001 0.000000 0.000000 0.000000 0.000000 0.000000 0.000000 0.000000 0.000000 0.000000 
0.000000 0.000000 0.000000 0.000000 0.000000 0.000000 0.000000 0.000000 0.000000 0.000001 0.000001 0.000002 0.000003 0.000006 0.000009 0.000015 0.000025 0.000039 0.000062 0.000096 0.000146 0.000220 0.000328 0.000482 0.000698 0.000996 0.001404 0.001950 0.002672 0.003612 0.004814 0.006329 0.008205 0.010490 0.013225 0.016443 0.020161 0.024375 0.029061 0.034165 0.039607 0.045274 0.051031 0.056716 0.062155 0.067163 0.071560 0.075178 0.077874 0.079538 0.080100 0.079538 0.077874 0.075178 0.071560 0.067163 0.062155 0.056716 0.051031 0.045274 0.039607 0.034165 0.029061 0.024375 0.020161 0.016443 0.013225 0.010490 0.008205 0.006329 0.004814 0.003612 0.002672 0.001950 0.001404 0.000996 0.000698 0.000482 0.000328 0.000220 0.000146 0.000096 0.000062 0.000039 0.000025 0.000015 0.000009 0.000006 0.000003 0.000002 0.000001 0.000001 0.000000 0.000000 0.000000 0.000000 0.000000 0.000000 0.000000 0.000000 
0.000000 0.000000 0.000000 0.000000 0.000000 0.000000 0.000000 0.000000 0.000001 0.000001 0.000002 0.000003 0.000005 0.000009 0.000015 0.000024 0.000039 0.000062 0.000098 0.000152 0.000232 0.000350 0.000521 0.000765 0.001107 0.001580 0.002225 0.003090 0.004233 0.005719 0.007620 0.010014 0.012978 0.016587 0.020907 0.025988 0.031855 0.038505 0.045897 0.053947 0.062528 0.071463 0.080538 0.089500 0.098071 0.105963 0.112891 0.118591 0.122839 0.125460 0.126346 0.125460 0.122839 0.118591 0.112891 0.105963 0.098071 0.089500 0.080538 0.071463 0.062528 0.053947 0.045897 0.038505 0.031855 0.025988 0.020907 0.016587 0.012978 0.010014 0.007620 0.005719 0.004233 0.003090 0.002225 0.001580 0.001107 0.000765 0.000521 0.000350 0.000232 0.000152 0.000098 0.000062 0.000039 0.000024 0.000015 0.000009 0.000005 0.000003 0.000002 0.000001 0.000001 0.000000 0.000000 0.000000 0.000000 0.000000 0.000000 0.000000 
0.000000 0.000000 0.000000 0.000000 0.000000 0.000000 0.000000 0.000001 0.000001 0.000002 0.000003 0.000005 0.000008 0.000014 0.000023 0.000038 0.000062 0.000098 0.000154 0.000238 0.000364 0.000549 0.000816 0.001197 0.001732 0.002472 0.003480 0.004831 0.006616 0.008935 0.011901 0.015634 0.020256 0.025882 0.032613 0.040528 0.049666 0.060020 0.071528 0.084058 0.097410 0.111314 0.125431 0.139370 0.152700 0.164973 0.175746 0.184609 0.191214 0.195289 0.196667 0.195289 0.191214 0.184609 0.175746 0.164973 0.152700 0.139370 0.125431 0.111314 0.097410 0.084058 0.071528 0.060020 0.049666 0.040528 0.032613 0.025882 0.020256 0.015634 0.011901 0.008935 0.006616 0.004831 0.003480 0.002472 0.001732 0.001197 0.000816 0.000549 0.000364 0.000238 0.000154 0.000098 0.000062 0.000038 0.000023 0.000014 0.000008 0.000005 0.000003 0.000002 0.000001 0.000001 0.000000 0.000000 0.000000 0.000000 0.000000 0.000000 
0.000000 0.000000 0.000000 0.000000 0.000000 0.000000 0.000000 0.000001 0.000001 0.000003 0.000004 0.000008 0.000013 0.000022 0.000036 0.000059 0.000096 0.000152 0.000238 0.000369 0.000564 0.000849 0.001262 0.001850 0.002676 0.003817 0.005370 0.007453 0.010202 0.013773 0.018340 0.024085 0.031196 0.039848 0.050199 0.062365 0.076409 0.092319 0.109997 0.129242 0.149746 0.171092 0.192764 0.214160 0.234619 0.253453 0.269983 0.283584 0.293717 0.299970 0.302084 0.299970 0.293717 0.283584 0.269983 0.253453 0.234619 0.214160 0.192764 0.171092 0.149746 0.129242 0.109997 0.092319 0.076409 0.062365 0.050199 0.039848 0.031196 0.024085 0.018340 0.013773 0.010202 0.007453 0.005370 0.003817 0.002676 0.001850 0.001262 0.000849 0.000564 0.000369 0.000238 0.000152 0.000096 0.000059 0.000036 0.000022 0.000013 0.000008 0.000004 0.000003 0.000001 0.000001 0.000000 0.000000 0.000000 0.000000 0.000000 0.000000 
0.000000 0.000000 0.000000 0.000000 0.000000 0.000000 0.000001 0.000001 0.000002 0.000004 0.000007 0.000012 0.000020 0.000034 0.000056 0.000091 0.000146 0.000232 0.000364 0.000564 0.000860 0.001296 0.001925 0.002820 0.004077 0.005813 0.008176 0.011343 0.015521 0.020948 0.027885 0.036610 0.047404 0.060536 0.076240 0.094695 0.115992 0.140114 0.166911 0.196078 0.227147 0.259489 0.292319 0.324726 0.355711 0.384232 0.409263 0.429856 0.445198 0.454665 0.457866 0.454665 0.445198 0.429856 0.409263 0.384232 0.355711 0.324726 0.292319 0.259489 0.227147 0.196078 0.166911 0.140114 0.115992 0.094695 0.076240 0.060536 0.047404 0.036610 0.027885 0.020948 0.015521 0.011343 0.008176 0.005813 0.004077 0.002820 0.001925 0.001296 0.000860 0.000564 0.000364 0.000232 0.000146 0.000091 0.000056 0.000034 0.000020 0.000012 0.000007 0.000004 0.000002 0.000001 0.000001 0.000000 0.000000 0.000000 0.000000 0.000000 
0.000000 0.000000 0.000000 0.000000 0.000000 0.000001 0.000001 0.000002 0.000003 0.000006 0.000010 0.000018 0.000030 0.000051 0.000084 0.000137 0.000220 0.000350 0.000549 0.000849 0.001296 0.001950 0.002896 0.004242 0.006129 0.008736 0.012282 0.017033 0.023299 0.031435 0.041832 0.054904 0.071072 0.090737 0.114248 0.141868 0.173736 0.209824 0.249905 0.293524 0.339980 0.388330 0.437404 0.485841 0.532145 0.574764 0.612166 0.642934 0.665855 0.679999 0.684781 0.679999 0.665855 0.642934 0.612166 0.574764 0.532145 0.485841 0.437404 0.388330 0.339980 0.293524 0.249905 0.209824 0.173736 0.141868 0.114248 0.090737 0.071072 0.054904 0.041832 0.031435 0.023299 0.017033 0.012282 0.008736 0.006129 0.004242 0.002896 0.001950 0.001296 0.000849 0.000549 0.000350 0.000220 0.000137 0.000084 0.000051 0.000030 0.000018 0.000010 0.000006 0.000003 0.000002 0.000001 0.000001 0.000000 0.000000 0.000000 0.000000 
0.000000 0.000000 0.000000 0.000000 0.000000 0.000001 0.000002 0.000003 0.000005 0.000009 0.000015 0.000027 0.000045 0.000076 0.000125 0.000204 0.000328 0.000521 0.000816 0.001262 0.001925 0.002896 0.004298 0.006293 0.009090 0.012951 0.018202 0.025234 0.034506 0.046541 0.061915 0.081239 0.105134 0.134188 0.168917 0.209706 0.256758 0.310030 0.369184 0.433547 0.502087 0.573411 0.645793 0.717226 0.785508 0.848349 0.903494 0.948855 0.982647 1.003498 1.010546 1.003498 0.982647 0.948855 0.903494 0.848349 0.785508 0.717226 0.645793 0.573411 0.502087 0.433547 0.369184 0.310030 0.256758 0.209706 0.168917 0.134188 0.105134 0.081239 0.061915 0.046541 0.034506 0.025234 0.018202 0.012951 0.009090 0.006293 0.004298 0.002896 0.001925 0.001262 0.000816 0.000521 0.000328 0.000204 0.000125 0.000076 0.000045 0.000027 0.000015 0.000009 0.000005 0.000003 0.000002 0.000001 0.000000 0.000000 0.000000 0.000000 
0.000000 0.000000 0.000000 0.000000 0.000001 0.000001 0.000002 0.000004 0.000007 0.000013 0.000023 0.000039 0.000066 0.000111 0.000184 0.000299 0.000482 0.000765 0.001197 0.001850 0.002820 0.004242 0.006293 0.009211 0.013299 0.018942 0.026613 0.036881 0.050417 0.067980 0.090410 0.118595 0.153437 0.195791 0.246405 0.305839 0.374383 0.451972 0.538113 0.631824 0.731600 0.835415 0.940754 1.044702 1.144055 1.235483 1.315707 1.381695 1.430851 1.461181 1.471433 1.461181 1.430851 1.381695 1.315707 1.235483 1.144055 1.044702 0.940754 0.835415 0.731600 0.631824 0.538113 0.451972 0.374383 0.305839 0.246405 0.195791 0.153437 0.118595 0.090410 0.067980 0.050417 0.036881 0.026613 0.018942 0.013299 0.009211 0.006293 0.004242 0.002820 0.001850 0.001197 0.000765 0.000482 0.000299 0.000184 0.000111 0.000066 0.000039 0.000023 0.000013 0.000007 0.000004 0.000002 0.000001 0.000001 0.000000 0.000000 0.000000 
0.000000 0.000000 0.000000 0.000001 0.000001 0.000002 0.000003 0.000006 0.000011 0.000019 0.000033 0.000057 0.000096 0.000161 0.000266 0.000434 0.000698 0.001107 0.001732 0.002676 0.004077 0.006129 0.009090 0.013299 0.019195 0.027330 0.038384 0.053179 0.072673 0.097960 0.130245 0.170804 0.220927 0.281844 0.354623 0.440066 0.538586 0.650084 0.773850 0.908471 1.051783 1.200874 1.352138 1.501385 1.644023 1.775271 1.890429 1.985146 2.055698 2.099230 2.113945 2.099230 2.055698 1.985146 1.890429 1.775271 1.644023 1.501385 1.352138 1.200874 1.051783 0.908471 0.773850 0.650084 0.538586 0.440066 0.354623 0.281844 0.220927 0.170804 0.130245 0.097960 0.072673 0.053179 0.038384 0.027330 0.019195 0.013299 0.009090 0.006129 0.004077 0.002676 0.001732 0.001107 0.000698 0.000434 0.000266 0.000161 0.000096 0.000057 0.000033 0.000019 0.000011 0.000006 0.000003 0.000002 0.000001 0.000001 0.000000 0.000000 
0.000000 0.000000 0.000000 0.000001 0.000001 0.000003 0.000005 0.000009 0.000015 0.000027 0.000047 0.000081 0.000138 0.000231 0.000381 0.000620 0.000996 0.001580 0.002472 0.003817 0.005813 0.008736 0.012951 0.018942 0.027330 0.038899 0.054616 0.075642 0.103341 0.139260 0.185106 0.242686 0.313828 0.400267 0.503517 0.624707 0.764416 0.922501 1.097950 1.288755 1.491849 1.703106 1.917415 2.128846 2.330894 2.516794 2.679892 2.814033 2.913948 2.975595 2.996433 2.975595 2.913948 2.814033 2.679892 2.516794 2.330894 2.128846 1.917415 1.703106 1.491849 1.288755 1.097950 0.922501 0.764416 0.624707 0.503517 0.400267 0.313828 0.242686 0.185106 0.139260 0.103341 0.075642 0.054616 0.038899 0.027330 0.018942 0.012951 0.008736 0.005813 0.003817 0.002472 0.001580 0.000996 0.000620 0.000381 0.000231 0.000138 0.000081 0.000047 0.000027 0.000015 0.000009 0.000005 0.000003 0.000001 0.000001 0.000001 0.000001 
0.000000 0.000000 0.000001 0.000001 0.000002 0.000004 0.000007 0.000012 0.000022 0.000038 0.000067 0.000115 0.000195 0.000325 0.000537 0.000874 0.001404 0.002225 0.003480 0.005370 0.008176 0.012282 0.018202 0.026613 0.038384 0.054616 0.076659 0.106141 0.144966 0.195300 0.259528 0.340174 0.439789 0.560799 0.705311 0.874898 1.070361 1.291496 1.536878 1.803697 2.087662 2.383002 2.682574 2.978093 3.260471 3.520263 3.748175 3.935613 4.075220 4.161355 4.190470 4.161355 4.075220 3.935613 3.748175 3.520263 3.260471 2.978093 2.682574 2.383002 2.087662 1.803697 1.536878 1.291496 1.070361 0.874898 0.705311 0.560799 0.439789 0.340174 0.259528 0.195300 0.144966 0.106141 0.076659 0.054616 0.038384 0.026613 0.018202 0.012282 0.008176 0.005370 0.003480 0.002225 0.001404 0.000874 0.000537 0.000325 0.000195 0.000115 0.000067 0.000038 0.000022 0.000012 0.000007 0.000004 0.000002 0.000001 0.000001 0.000001 
0.000001 0.000001 0.000001 0.000002 0.000003 0.000005 0.000009 0.000017 0.000030 0.000054 0.000093 0.000160 0.000271 0.000452 0.000746 0.001214 0.001950 0.003090 0.004831 0.007453 0.011343 0.017033 0.025234 0.036881 0.053179 0.075642 0.106141 0.146919 0.200605 0.270188 0.358955 0.470385 0.607994 0.775121 0.974665 1.208788 1.478585 1.783764 2.122352 2.490465 2.882181 3.289539 3.702689 4.110208 4.499574 4.857769 5.171989 5.430396 5.622855 5.741596 5.781732 5.741596 5.622855 5.430396 5.171989 4.857769 4.499574 4.110208 3.702689 3.289539 2.882181 2.490465 2.122352 1.783764 1.478585 1.208788 0.974665 0.775121 0.607994 0.470385 0.358955 0.270188 0.200605 0.146919 0.106141 0.075642 0.053179 0.036881 0.025234 0.017033 0.011343 0.007453 0.004831 0.003090 0.001950 0.001214 0.000746 0.000452 0.000271 0.000160 0.000093 0.000054 0.000030 0.000017 0.000009 0.000005 0.000003 0.000002 0.000001 0.000001 
0.000001 0.000001 0.000001 0.000002 0.000004 0.000007 0.000013 0.000023 0.000042 0.000074 0.000128 0.000220 0.000372 0.000621 0.001023 0.001665 0.002672 0.004233 0.006616 0.010202 0.015521 0.023299 0.034506 0.050417 0.072673 0.103341 0.144966 0.200605 0.273838 0.368730 0.489754 0.641643 0.829174 1.056883 1.328706 1.647574 2.014965 2.430469 2.891389 3.392432 3.925532 4.479854 5.041998 5.596430 6.126121 6.613372 7.040780 7.392253 7.654017 7.815513 7.870100 7.815513 7.654017 7.392253 7.040780 6.613372 6.126121 5.596430 5.041998 4.479854 3.925532 3.392432 2.891389 2.430469 2.014965 1.647574 1.328706 1.056883 0.829174 0.641643 0.489754 0.368730 0.273838 0.200605 0.144966 0.103341 0.072673 0.050417 0.034506 0.023299 0.015521 0.010202 0.006616 0.004233 0.002672 0.001665 0.001023 0.000621 0.000372 0.000220 0.000128 0.000074 0.000042 0.000023 0.000013 0.000007 0.000004 0.000002 0.000002 0.000002 
0.000001 0.000001 0.000002 0.000003 0.000005 0.000010 0.000018 0.000032 0.000057 0.000100 0.000173 0.000297 0.000503 0.000840 0.001384 0.002251 0.003612 0.005719 0.008935 0.013773 0.020948 0.031435 0.046541 0.067980 0.097960 0.139260 0.195300 0.270188 0.368730 0.496386 0.659159 0.863397 1.115510 1.421575 1.786866 2.215300 2.708848 3.266943 3.885950 4.558751 5.274510 6.018680 6.773274 7.517450 8.228360 8.882268 9.455832 9.927473 10.278723 10.495422 10.568667 10.495422 10.278723 9.927473 9.455832 8.882268 8.228360 7.517450 6.773274 6.018680 5.274510 4.558751 3.885950 3.266943 2.708848 2.215300 1.786866 1.421575 1.115510 0.863397 0.659159 0.496386 0.368730 0.270188 0.195300 0.139260 0.097960 0.067980 0.046541 0.031435 0.020948 0.013773 0.008935 0.005719 0.003612 0.002251 0.001384 0.000840 0.000503 0.000297 0.000173 0.000100 0.000057 0.000032 0.000018 0.000010 0.000005 0.000003 0.000002 0.000002 
0.000002 0.000002 0.000002 0.000004 0.000007 0.000013 0.000024 0.000043 0.000076 0.000133 0.000232 0.000397 0.000672 0.001121 0.001846 0.003001 0.004814 0.007620 0.011901 0.018340 0.027885 0.041832 0.061915 0.090410 0.130245 0.185106 0.259528 0.358955 0.489754 0.659159 0.875116 1.146031 1.480381 1.886205 2.370471 2.938349 3.592430 4.331942 5.152053 6.043319 6.991382 7.976970 8.976270 9.961687 10.902985 11.768752 12.528103 13.152491 13.617483 13.904347 14.001307 13.904347 13.617483 13.152491 12.528103 11.768752 10.902985 9.961687 8.976270 7.976970 6.991382 6.043319 5.152053 4.331942 3.592430 2.938349 2.370471 1.886205 1.480381 1.146031 0.875116 0.659159 0.489754 0.358955 0.259528 0.185106 0.130245 0.090410 0.061915 0.041832 0.027885 0.018340 0.011901 0.007620 0.004814 0.003001 0.001846 0.001121 0.000672 0.000397 0.000232 0.000133 0.000076 0.000043 0.000024 0.000013 0.000007 0.000004 0.000003 0.000003 
0.000002 0.000002 0.000003 0.000005 0.000009 0.000017 0.000031 0.000056 0.000100 0.000176 0.000305 0.000523 0.000884 0.001475 0.002429 0.003947 0.006329 0.010014 0.015634 0.024085 0.036610 0.054904 0.081239 0.118595 0.170804 0.242686 0.340174 0.470385 0.641643 0.863397 1.146031 1.500518 1.937925 2.468739 3.102046 3.844579 4.699695 5.666363 6.738245 7.902986 9.141813 10.429542 11.735067 13.022350 14.251911 15.382741 16.374525 17.190000 17.797280 18.171917 18.298543 18.171917 17.797280 17.190000 16.374525 15.382741 14.251911 13.022350 11.735067 10.429542 9.141813 7.902986 6.738245 5.666363 4.699695 3.844579 3.102046 2.468739 1.937925 1.500518 1.146031 0.863397 0.641643 0.470385 0.340174 0.242686 0.170804 0.118595 0.081239 0.054904 0.036610 0.024085 0.015634 0.010014 0.006329 0.003947 0.002429 0.001475 0.000884 0.000523 0.000305 0.000176 0.000100 0.000056 0.000031 0.000017 0.000010 0.000006 0.000004 0.000004 
0.000003 0.000003 0.000004 0.000007 0.000012 0.000022 0.000040 0.000073 0.000130 0.000229 0.000396 0.000679 0.001148 0.001914 0.003151 0.005118 0.008205 0.012978 0.020256 0.031196 0.047404 0.071072 0.105134 0.153437 0.220927 0.313828 0.439789 0.607994 0.829174 1.115510 1.480381 1.937925 2.502392 3.187281 4.004280 4.962037 6.064851 7.311362 8.693373 10.194935 11.791838 13.451618 15.134188 16.793121 18.377559 19.834687 21.112584 22.163271 22.945687 23.428359 23.591500 23.428359 22.945687 22.163271 21.112584 19.834687 18.377559 16.793121 15.134188 13.451618 11.791838 10.194935 8.693373 7.311362 6.064851 4.962037 4.004280 3.187281 2.502392 1.937925 1.480381 1.115510 0.829174 0.607994 0.439789 0.313828 0.220927 0.153437 0.105134 0.071072 0.047404 0.031196 0.020256 0.012978 0.008205 0.005118 0.003151 0.001914 0.001148 0.000679 0.000396 0.000229 0.000130 0.000073 0.000041 0.000022 0.000012 0.000007 0.000005 0.000005 
0.000003 0.000003 0.000005 0.000008 0.000015 0.000028 0.000052 0.000094 0.000167 0.000293 0.000508 0.000870 0.001469 0.002450 0.004031 0.006546 0.010490 0.016587 0.025882 0.039848 0.060536 0.090737 0.134188 0.195791 0.281844 0.400267 0.560799 0.775121 1.056883 1.421575 1.886205 2.468739 3.187281 4.058974 5.098646 6.317264 7.720256 9.305855 11.063605 12.973201 15.003841 17.114243 19.253448 21.362445 23.376609 25.228832 26.853153 28.188619 29.183076 29.796544 30.003892 29.796544 29.183076 28.188619 26.853153 25.228832 23.376609 21.362445 19.253448 17.114243 15.003841 12.973201 11.063605 9.305855 7.720256 6.317264 5.098646 4.058974 3.187281 2.468739 1.886205 1.421575 1.056883 0.775121 0.560799 0.400267 0.281844 0.195791 0.134188 0.090737 0.060536 0.039848 0.025882 0.016587 0.010490 0.006546 0.004031 0.002450 0.001469 0.000870 0.000508 0.000293 0.000167 0.000094 0.000052 0.000029 0.000016 0.000009 0.000007 0.000007 
0.000004 0.000004 0.000006 0.000011 0.000020 0.000036 0.000066 0.000118 0.000211 0.000370 0.000642 0.001098 0.001855 0.003091 0.005085 0.008255 0.013225 0.020907 0.032613 0.050199 0.076240 0.114248 0.168917 0.246405 0.354623 0.503517 0.705311 0.974665 1.328706 1.786866 2.370471 3.102046 4.004280 5.098646 6.403714 7.933194 9.693854 11.683435 13.888780 16.284390 18.831609 21.478654 24.161617 26.806511 29.332322 31.654935 33.691680 35.366171 36.613050 37.382221 37.642193 37.382221 36.613050 35.366171 33.691680 31.654935 29.332322 26.806511 24.161617 21.478654 18.831609 16.284390 13.888780 11.683435 9.693854 7.933194 6.403714 5.098646 4.004280 3.102046 2.370471 1.786866 1.328706 0.974665 0.705311 0.503517 0.354623 0.246405 0.168917 0.114248 0.076240 0.050199 0.032613 0.020907 0.013225 0.008255 0.005085 0.003091 0.001855 0.001098 0.000642 0.000370 0.000211 0.000118 0.000066 0.000036 0.000020 0.000012 0.000008 0.000008 
0.000005 0.000005 0.000008 0.000013 0.000024 0.000045 0.000082 0.000148 0.000263 0.000461 0.000799 0.001367 0.002308 0.003847 0.006326 0.010267 0.016443 0.025988 0.040528 0.062365 0.094695 0.141868 0.209706 0.305839 0.440066 0.624707 0.874898 1.208788 1.647574 2.215300 2.938349 3.844579 4.962037 6.317264 7.933194 9.826747 12.006245 14.468841 17.198213 20.162771 23.314663 26.589813 29.909162 33.181199 36.305740 39.178776 41.698095 43.769263 45.311483 46.262828 46.584369 46.262828 45.311483 43.769263 41.698095 39.178776 36.305740 33.181199 29.909162 26.589813 23.314663 20.162771 17.198213 14.468841 12.006245 9.826747 7.933194 6.317264 4.962037 3.844579 2.938349 2.215300 1.647574 1.208788 0.874898 0.624707 0.440066 0.305839 0.209706 0.141868 0.094695 0.062365 0.040528 0.025988 0.016443 0.010267 0.006326 0.003847 0.002308 0.001367 0.000799 0.000461 0.000263 0.000148 0.000082 0.000045 0.000025 0.000015 0.000010 0.000010 
0.000007 0.000007 0.000010 0.000016 0.000030 0.000055 0.000101 0.000181 0.000323 0.000566 0.000981 0.001678 0.002833 0.004720 0.007760 0.012591 0.020161 0.031855 0.049666 0.076409 0.115992 0.173736 0.256758 0.374383 0.538586 0.764416 1.070361 1.478585 2.014965 2.708848 3.592430 4.699695 6.064851 7.720256 9.693854 12.006245 14.667526 17.674167 21.006192 24.625004 28.472173 32.469486 36.520466 40.513464 44.326265 47.831999 50.906005 53.433112 55.314787 56.475513 56.867820 56.475513 55.314787 53.433112 50.906005 47.831999 44.326265 40.513464 36.520466 32.469486 28.472173 24.625004 21.006192 17.674167 14.667526 12.006245 9.693854 7.720256 6.064851 4.699695 3.592430 2.708848 2.014965 1.478585 1.070361 0.764416 0.538586 0.374383 0.256758 0.173736 0.115992 0.076409 0.049666 0.031855 0.020161 0.012591 0.007760 0.004720 0.002833 0.001678 0.000981 0.000566 0.000323 0.000181 0.000101 0.000056 0.000031 0.000018 0.000013 0.000013 
0.000008 0.000008 0.000012 0.000020 0.000037 0.000067 0.000122 0.000220 0.000391 0.000686 0.001188 0.002032 0.003429 0.005711 0.009387 0.015227 0.024375 0.038505 0.060020 0.092319 0.140114 0.209824 0.310030 0.451972 0.650084 0.922501 1.291496 1.783764 2.430469 3.266943 4.331942 5.666363 7.311362 9.305855 11.683435 14.468841 17.674167 21.295097 25.307523 29.664928 34.296937 39.109380 43.986125 48.792796 53.382321 57.602049 61.301988 64.343582 66.608296 68.005281 68.477436 68.005281 66.608296 64.343582 61.301988 57.602049 53.382321 48.792796 43.986125 39.109380 34.296937 29.664928 25.307523 21.295097 17.674167 14.468841 11.683435 9.305855 7.311362 5.666363 4.331942 3.266943 2.430469 1.783764 1.291496 0.922501 0.650084 0.451972 0.310030 0.209824 0.140114 0.092319 0.060020 0.038505 0.024375 0.015227 0.009387 0.005711 0.003429 0.002032 0.001188 0.000686 0.000391 0.000220 0.000122 0.000068 0.000038 0.000022 0.000015 0.000015 
0.000010 0.000010 0.000014 0.000024 0.000044 0.000080 0.000146 0.000263 0.000467 0.000819 0.001419 0.002425 0.004092 0.006814 0.011197 0.018158 0.029061 0.045897 0.071528 0.109997 0.166911 0.249905 0.369184 0.538113 0.773850 1.097950 1.536878 2.122352 2.891389 3.885950 5.152053 6.738245 8.693373 11.063605 13.888780 17.198213 21.006192 25.307523 30.073509 35.248857 40.749961 46.464979 52.256016 57.963544 63.412979 68.423133 72.815989 76.427112 79.115832 80.774345 81.334887 80.774345 79.115832 76.427112 72.815989 68.423133 63.412979 57.963544 52.256016 46.464979 40.749961 35.248857 30.073509 25.307523 21.006192 17.198213 13.888780 11.063605 8.693373 6.738245 5.152053 3.885950 2.891389 2.122352 1.536878 1.097950 0.773850 0.538113 0.369184 0.249905 0.166911 0.109997 0.071528 0.045897 0.029061 0.018158 0.011197 0.006814 0.004092 0.002425 0.001419 0.000819 0.000467 0.000263 0.000146 0.000081 0.000045 0.000026 0.000019 0.000019 
0.000011 0.000011 0.000016 0.000028 0.000051 0.000094 0.000172 0.000309 0.000550 0.000965 0.001670 0.002854 0.004815 0.008015 0.013169 0.021352 0.034165 0.053947 0.084058 0.129242 0.196078 0.293524 0.433547 0.631824 0.908471 1.288755 1.803697 2.490465 3.392432 4.558751 6.043319 7.902986 10.194935 12.973201 16.284390 20.162771 24.625004 29.664928 35.248857 41.311967 47.756283 54.450787 61.233972 67.919018 74.301498 80.169271 85.313925 89.542957 92.691695 94.633941 95.290376 94.633941 92.691695 89.542957 85.313925 80.169271 74.301498 67.919018 61.233972 54.450787 47.756283 41.311967 35.248857 29.664928 24.625004 20.162771 16.284390 12.973201 10.194935 7.902986 6.043319 4.558751 3.392432 2.490465 1.803697 1.288755 0.908471 0.631824 0.433547 0.293524 0.196078 0.129242 0.084058 0.053947 0.034165 0.021352 0.013169 0.008015 0.004815 0.002854 0.001670 0.000965 0.000550 0.000310 0.000172 0.000095 0.000053 0.000031 0.000022 0.000022 
0.000013 0.000013 0.000019 0.000033 0.000060 0.000110 0.000200 0.000359 0.000638 0.001120 0.001939 0.003312 0.005586 0.009297 0.015272 0.024757 0.039607 0.062528 0.097410 0.149746 0.227147 0.339980 0.502087 0.731600 1.051783 1.491849 2.087662 2.882181 3.925532 5.274510 6.991382 9.141813 11.791838 15.003841 18.831609 23.314663 28.472173 34.296937 40.749961 47.756283 55.202664 62.937711 70.774833 78.498228 85.871777 92.650471 98.593624 103.478934 107.116246 109.359836 110.118114 109.359836 107.116246 103.478934 98.593624 92.650471 85.871777 78.498228 70.774833 62.937711 55.202664 47.756283 40.749961 34.296937 28.472173 23.314663 18.831609 15.003841 11.791838 9.141813 6.991382 5.274510 3.925532 2.882181 2.087662 1.491849 1.051783 0.731600 0.502087 0.339980 0.227147 0.149746 0.097410 0.062528 0.039607 0.024757 0.015272 0.009297 0.005586 0.003312 0.001939 0.001120 0.000639 0.000360 0.000200 0.000111 0.000062 0.000036 0.000025 0.000025 
0.000015 0.000015 0.000022 0.000038 0.000069 0.000126 0.000229 0.000412 0.000731 0.001282 0.002218 0.003790 0.006390 0.010633 0.017463 0.028305 0.045274 0.071463 0.111314 0.171092 0.259489 0.388330 0.573411 0.835415 1.200874 1.703106 2.383002 3.289539 4.479854 6.018680 7.976970 10.429542 13.451618 17.114243 21.478654 26.589813 32.469486 39.109380 46.464979 54.450787 62.937711 71.753198 80.684619 89.486080 97.888571 105.612965 112.385083 117.951697 122.096204 124.652621 125.516622 124.652621 122.096204 117.951697 112.385083 105.612965 97.888571 89.486080 80.684619 71.753198 62.937711 54.450787 46.464979 39.109380 32.469486 26.589813 21.478654 17.114243 13.451618 10.429542 7.976970 6.018680 4.479854 3.289539 2.383002 1.703106 1.200874 0.835415 0.573411 0.388330 0.259489 0.171092 0.111314 0.071463 0.045274 0.028305 0.017463 0.010633 0.006390 0.003790 0.002218 0.001282 0.000731 0.000412 0.000229 0.000127 0.000071 0.000041 0.000029 0.000029 
0.000017 0.000017 0.000025 0.000042 0.000077 0.000142 0.000258 0.000465 0.000825 0.001446 0.002503 0.004275 0.007207 0.011991 0.019690 0.031909 0.051031 0.080538 0.125431 0.192764 0.292319 0.437404 0.645793 0.940754 1.352138 1.917415 2.682574 3.702689 5.041998 6.773274 8.976270 11.735067 15.134188 19.253448 24.161617 29.909162 36.520466 43.986125 52.256016 61.233972 70.774833 80.684619 90.724326 100.617594 110.062104 118.744194 126.355770 132.612298 137.270405 140.143594 141.114652 140.143594 137.270405 132.612298 126.355770 118.744194 110.062104 100.617594 90.724326 80.684619 70.774833 61.233972 52.256016 43.986125 36.520466 29.909162 24.161617 19.253448 15.134188 11.735067 8.976270 6.773274 5.041998 3.702689 2.682574 1.917415 1.352138 0.940754 0.645793 0.437404 0.292319 0.192764 0.125431 0.080538 0.051031 0.031909 0.019690 0.011991 0.007207 0.004275 0.002503 0.001446 0.000825 0.000465 0.000259 0.000143 0.000080 0.000047 0.000033 0.000033 
