0.000000 0.000000 0.000000 0.000000 0.000000 0.000000 0.000000 0.000000 0.000000 0.000000 0.000000 0.000000 0.000000 0.000000 0.000000 0.000000 0.000000 0.000000 0.000000 0.000000 0.000000 0.000000 0.000000 0.000000 0.000000 0.000000 0.000000 0.000000 0.000000 0.000000 0.000000 0.000001 0.000001 0.000001 0.000001 0.000002 0.000002 0.000003 0.000003 0.000004 0.000004 0.000005 0.000006 0.000006 0.000007 0.000008 0.000008 0.000009 0.000009 0.000009 0.000009 0.000009 0.000009 0.000009 0.000008 0.000008 0.000007 0.000006 0.000006 0.000005 0.000004 0.000004 0.000003 0.000003 0.000002 0.000002 0.000001 0.000001 0.000001 0.000001 0.000000 0.000000 0.000000 0.000000 0.000000 0.000000 0.000000 0.000000 0.000000 0.000000 0.000000 0.000000 0.000000 0.000000 0.000000 0.000000 0.000000 0.000000 0.000000 0.000000 0.000000 0.000000 0.000000 0.000000 0.000000 0.000000 0.000000 0.000000 0.000000 0.000000 
0.000000 0.000000 0.000000 0.000000 0.000000 0.000000 0.000000 0.000000 0.000000 0.000000 0.000000 0.000000 0.000000 0.000000 0.000000 0.000000 0.000000 0.000000 0.000000 0.000000 0.000000 0.000000 0.000000 0.000000 0.000000 0.000000 0.000000 0.000000 0.000000 0.000000 0.000000 0.000001 0.000001 0.000001 0.000001 0.000002 0.000002 0.000003 0.000003 0.000004 0.000004 0.000005 0.000006 0.000006 0.000007 0.000008 0.000008 0.000009 0.000009 0.000009 0.000009 0.000009 0.000009 0.000009 0.000008 0.000008 0.000007 0.000006 0.000006 0.000005 0.000004 0.000004 0.000003 0.000003 0.000002 0.000002 0.000001 0.000001 0.000001 0.000001 0.000000 0.000000 0.000000 0.000000 0.000000 0.000000 0.000000 0.000000 0.000000 0.000000 0.000000 0.000000 0.000000 0.000000 0.000000 0.000000 0.000000 0.000000 0.000000 0.000000 0.000000 0.000000 0.000000 0.000000 0.000000 0.000000 0.000000 0.000000 0.000000 0.000000 
0.000000 0.000000 0.000000 0.000000 0.000000 0.000000 0.000000 0.000000 0.000000 0.000000 0.000000 0.000000 0.000000 0.000000 0.000000 0.000000 0.000000 0.000000 0.000000 0.000000 0.000000 0.000000 0.000000 0.000000 0.000000 0.000000 0.000000 0.000000 0.000000 0.000000 0.000001 0.000001 0.000001 0.000001 0.000002 0.000002 0.000003 0.000004 0.000005 0.000005 0.000006 0.000007 0.000009 0.000010 0.000011 0.000012 0.000012 0.000013 0.000014 0.000014 0.000014 0.000014 0.000014 0.000013 0.000012 0.000012 0.000011 0.000010 0.000009 0.000007 0.000006 0.000005 0.000005 0.000004 0.000003 0.000002 0.000002 0.000001 0.000001 0.000001 0.000001 0.000000 0.000000 0.000000 0.000000 0.000000 0.000000 0.000000 0.000000 0.000000 0.000000 0.000000 0.000000 0.000000 0.000000 0.000000 0.000000 0.000000 0.000000 0.000000 0.000000 0.000000 0.000000 0.000000 0.000000 0.000000 0.000000 0.000000 0.000000 0.000000 
0.000000 0.000000 0.000000 0.000000 0.000000 0.000000 0.000000 0.000000 0.000000 0.000000 0.000000 0.000000 0.000000 0.000000 0.000000 0.000000 0.000000 0.000000 0.000000 0.000000 0.000000 0.000000 0.000000 0.000000 0.000000 0.000000 0.000000 0.000000 0.000001 0.000001 0.000001 0.000002 0.000002 0.000003 0.000004 0.000004 0.000006 0.000007 0.000008 0.000010 0.000012 0.000014 0.000015 0.000017 0.000019 0.000021 0.000022 0.000024 0.000025 0.000025 0.000025 0.000025 0.000025 0.000024 0.000022 0.000021 0.000019 0.000017 0.000015 0.000014 0.000012 0.000010 0.000008 0.000007 0.000006 0.000004 0.000004 0.000003 0.000002 0.000002 0.000001 0.000001 0.000001 0.000000 0.000000 0.000000 0.000000 0.000000 0.000000 0.000000 0.000000 0.000000 0.000000 0.000000 0.000000 0.000000 0.000000 0.000000 0.000000 0.000000 0.000000 0.000000 0.000000 0.000000 0.000000 0.000000 0.000000 0.000000 0.000000 0.000000 
0.000000 0.000000 0.000000 0.000000 0.000000 0.000000 0.000000 0.000000 0.000000 0.000000 0.000000 0.000000 0.000000 0.000000 0.000000 0.000000 0.000000 0.000000 0.000000 0.000000 0.000000 0.000000 0.000000 0.000000 0.000000 0.000000 0.000001 0.000001 0.000001 0.000002 0.000002 0.000003 0.000004 0.000005 0.000007 0.000009 0.000011 0.000013 0.000016 0.000019 0.000022 0.000026 0.000030 0.000033 0.000037 0.000040 0.000043 0.000045 0.000047 0.000048 0.000048 0.000048 0.000047 0.000045 0.000043 0.000040 0.000037 0.000033 0.000030 0.000026 0.000022 0.000019 0.000016 0.000013 0.000011 0.000009 0.000007 0.000005 0.000004 0.000003 0.000002 0.000002 0.000001 0.000001 0.000001 0.000000 0.000000 0.000000 0.000000 0.000000 0.000000 0.000000 0.000000 0.000000 0.000000 0.000000 0.000000 0.000000 0.000000 0.000000 0.000000 0.000000 0.000000 0.000000 0.000000 0.000000 0.000000 0.000000 0.000000 0.000000 
0.000000 0.000000 0.000000 0.000000 0.000000 0.000000 0.000000 0.000000 0.000000 0.000000 0.000000 0.000000 0.000000 0.000000 0.000000 0.000000 0.000000 0.000000 0.000000 0.000000 0.000000 0.000000 0.000000 0.000000 0.000001 0.000001 0.000001 0.000002 0.000002 0.000003 0.000004 0.000006 0.000008 0.000010 0.000013 0.000016 0.000020 0.000025 0.000031 0.000036 0.000043 0.000050 0.000057 0.000063 0.000070 0.000076 0.000082 0.000086 0.000090 0.000092 0.000093 0.000092 0.000090 0.000086 0.000082 0.000076 0.000070 0.000063 0.000057 0.000050 0.000043 0.000036 0.000031 0.000025 0.000020 0.000016 0.000013 0.000010 0.000008 0.000006 0.000004 0.000003 0.000002 0.000002 0.000001 0.000001 0.000001 0.000000 0.000000 0.000000 0.000000 0.000000 0.000000 0.000000 0.000000 0.000000 0.000000 0.000000 0.000000 0.000000 0.000000 0.000000 0.000000 0.000000 0.000000 0.000000 0.000000 0.000000 0.000000 0.000000 
0.000000 0.000000 0.000000 0.000000 0.000000 0.000000 0.000000 0.000000 0.000000 0.000000 0.000000 0.000000 0.000000 0.000000 0.000000 0.000000 0.000000 0.000000 0.000000 0.000000 0.000000 0.000000 0.000000 0.000001 0.000001 0.000001 0.000002 0.000003 0.000004 0.000006 0.000008 0.000011 0.000015 0.000019 0.000025 0.000031 0.000039 0.000048 0.000058 0.000069 0.000081 0.000094 0.000107 0.000120 0.000133 0.000145 0.000155 0.000164 0.000170 0.000174 0.000175 0.000174 0.000170 0.000164 0.000155 0.000145 0.000133 0.000120 0.000107 0.000094 0.000081 0.000069 0.000058 0.000048 0.000039 0.000031 0.000025 0.000019 0.000015 0.000011 0.000008 0.000006 0.000004 0.000003 0.000002 0.000001 0.000001 0.000001 0.000000 0.000000 0.000000 0.000000 0.000000 0.000000 0.000000 0.000000 0.000000 0.000000 0.000000 0.000000 0.000000 0.000000 0.000000 0.000000 0.000000 0.000000 0.000000 0.000000 0.000000 0.000000 
0.000000 0.000000 0.000000 0.000000 0.000000 0.000000 0.000000 0.000000 0.000000 0.000000 0.000000 0.000000 0.000000 0.000000 0.000000 0.000000 0.000000 0.000000 0.000000 0.000000 0.000000 0.000001 0.000001 0.000001 0.000002 0.000003 0.000004 0.000006 0.000008 0.000011 0.000015 0.000021 0.000027 0.000036 0.000046 0.000058 0.000073 0.000090 0.000109 0.000130 0.000152 0.000176 0.000201 0.000225 0.000249 0.000271 0.000290 0.000306 0.000318 0.000326 0.000328 0.000326 0.000318 0.000306 0.000290 0.000271 0.000249 0.000225 0.000201 0.000176 0.000152 0.000130 0.000109 0.000090 0.000073 0.000058 0.000046 0.000036 0.000027 0.000021 0.000015 0.000011 0.000008 0.000006 0.000004 0.000003 0.000002 0.000001 0.000001 0.000001 0.000000 0.000000 0.000000 0.000000 0.000000 0.000000 0.000000 0.000000 0.000000 0.000000 0.000000 0.000000 0.000000 0.000000 0.000000 0.000000 0.000000 0.000000 0.000000 0.000000 
0.000000 0.000000 0.000000 0.000000 0.000000 0.000000 0.000000 0.000000 0.000000 0.000000 0.000000 0.000000 0.000000 0.000000 0.000000 0.000000 0.000000 0.000000 0.000000 0.000000 0.000001 0.000001 0.000002 0.000002 0.000003 0.000005 0.000007 0.000011 0.000015 0.000021 0.000028 0.000038 0.000051 0.000066 0.000085 0.000108 0.000135 0.000166 0.000201 0.000240 0.000281 0.000325 0.000371 0.000416 0.000459 0.000500 0.000535 0.000565 0.000587 0.000601 0.000605 0.000601 0.000587 0.000565 0.000535 0.000500 0.000459 0.000416 0.000371 0.000325 0.000281 0.000240 0.000201 0.000166 0.000135 0.000108 0.000085 0.000066 0.000051 0.000038 0.000028 0.000021 0.000015 0.000011 0.000007 0.000005 0.000003 0.000002 0.000002 0.000001 0.000001 0.000000 0.000000 0.000000 0.000000 0.000000 0.000000 0.000000 0.000000 0.000000 0.000000 0.000000 0.000000 0.000000 0.000000 0.000000 0.000000 0.000000 0.000000 0.000000 
0.000000 0.000000 0.000000 0.000000 0.000000 0.000000 0.000000 0.000000 0.000000 0.000000 0.000000 0.000000 0.000000 0.000000 0.000000 0.000000 0.000000 0.000000 0.000000 0.000001 0.000001 0.000002 0.000003 0.000004 0.000006 0.000009 0.000014 0.000020 0.000027 0.000038 0.000052 0.000070 0.000093 0.000121 0.000156 0.000197 0.000246 0.000303 0.000366 0.000437 0.000513 0.000593 0.000675 0.000757 0.000836 0.000910 0.000975 0.001028 0.001068 0.001093 0.001102 0.001093 0.001068 0.001028 0.000975 0.000910 0.000836 0.000757 0.000675 0.000593 0.000513 0.000437 0.000366 0.000303 0.000246 0.000197 0.000156 0.000121 0.000093 0.000070 0.000052 0.000038 0.000027 0.000020 0.000014 0.000009 0.000006 0.000004 0.000003 0.000002 0.000001 0.000001 0.000000 0.000000 0.000000 0.000000 0.000000 0.000000 0.000000 0.000000 0.000000 0.000000 0.000000 0.000000 0.000000 0.000000 0.000000 0.000000 0.000000 0.000000 
0.000000 0.000000 0.000000 0.000000 0.000000 0.000000 0.000000 0.000000 0.000000 0.000000 0.000000 0.000000 0.000000 0.000000 0.000000 0.000000 0.000000 0.000001 0.000001 0.000001 0.000002 0.000003 0.000005 0.000008 0.000012 0.000017 0.000025 0.000035 0.000050 0.000069 0.000094 0.000126 0.000167 0.000218 0.000281 0.000355 0.000443 0.000545 0.000659 0.000785 0.000922 0.001065 0.001213 0.001360 0.001502 0.001634 0.001750 0.001846 0.001918 0.001962 0.001977 0.001962 0.001918 0.001846 0.001750 0.001634 0.001502 0.001360 0.001213 0.001065 0.000922 0.000785 0.000659 0.000545 0.000443 0.000355 0.000281 0.000218 0.000167 0.000126 0.000094 0.000069 0.000050 0.000035 0.000025 0.000017 0.000012 0.000008 0.000005 0.000003 0.000002 0.000001 0.000001 0.000001 0.000000 0.000000 0.000000 0.000000 0.000000 0.000000 0.000000 0.000000 0.000000 0.000000 0.000000 0.000000 0.000000 0.000000 0.000000 0.000000 
0.000000 0.000000 0.000000 0.000000 0.000000 0.000000 0.000000 0.000000 0.000000 0.000000 0.000000 0.000000 0.000000 0.000000 0.000000 0.000000 0.000001 0.000001 0.000002 0.000002 0.000004 0.000006 0.000009 0.000014 0.000021 0.000030 0.000044 0.000063 0.000088 0.000122 0.000167 0.000225 0.000297 0.000388 0.000498 0.000631 0.000787 0.000966 0.001168 0.001392 0.001633 0.001888 0.002149 0.002409 0.002660 0.002893 0.003098 0.003268 0.003395 0.003474 0.003500 0.003474 0.003395 0.003268 0.003098 0.002893 0.002660 0.002409 0.002149 0.001888 0.001633 0.001392 0.001168 0.000966 0.000787 0.000631 0.000498 0.000388 0.000297 0.000225 0.000167 0.000122 0.000088 0.000063 0.000044 0.000030 0.000021 0.000014 0.000009 0.000006 0.000004 0.000002 0.000002 0.000001 0.000001 0.000000 0.000000 0.000000 0.000000 0.000000 0.000000 0.000000 0.000000 0.000000 0.000000 0.000000 0.000000 0.000000 0.000000 0.000000 
0.000000 0.000000 0.000000 0.000000 0.000000 0.000000 0.000000 0.000000 0.000000 0.000000 0.000000 0.000000 0.000000 0.000000 0.000000 0.000001 0.000001 0.000002 0.000003 0.000004 0.000007 0.000011 0.000016 0.000024 0.000036 0.000054 0.000077 0.000110 0.000155 0.000215 0.000293 0.000394 0.000521 0.000680 0.000873 0.001105 0.001377 0.001690 0.002043 0.002434 0.002855 0.003299 0.003754 0.004208 0.004646 0.005052 0.005410 0.005706 0.005928 0.006065 0.006111 0.006065 0.005928 0.005706 0.005410 0.005052 0.004646 0.004208 0.003754 0.003299 0.002855 0.002434 0.002043 0.001690 0.001377 0.001105 0.000873 0.000680 0.000521 0.000394 0.000293 0.000215 0.000155 0.000110 0.000077 0.000054 0.000036 0.000024 0.000016 0.000011 0.000007 0.000004 0.000003 0.000002 0.000001 0.000001 0.000000 0.000000 0.000000 0.000000 0.000000 0.000000 0.000000 0.000000 0.000000 0.000000 0.000000 0.000000 0.000000 0.000000 
0.000000 0.000000 0.000000 0.000000 0.000000 0.000000 0.000000 0.000000 0.000000 0.000000 0.000000 0.000000 0.000000 0.000000 0.000001 0.000001 0.000002 0.000003 0.000005 0.000007 0.000012 0.000018 0.000028 0.000042 0.000063 0.000093 0.000134 0.000191 0.000269 0.000372 0.000507 0.000681 0.000901 0.001174 0.001507 0.001907 0.002375 0.002915 0.003524 0.004196 0.004921 0.005685 0.006469 0.007250 0.008002 0.008700 0.009316 0.009826 0.010206 0.010442 0.010521 0.010442 0.010206 0.009826 0.009316 0.008700 0.008002 0.007250 0.006469 0.005685 0.004921 0.004196 0.003524 0.002915 0.002375 0.001907 0.001507 0.001174 0.000901 0.000681 0.000507 0.000372 0.000269 0.000191 0.000134 0.000093 0.000063 0.000042 0.000028 0.000018 0.000012 0.000007 0.000005 0.000003 0.000002 0.000001 0.000001 0.000000 0.000000 0.000000 0.000000 0.000000 0.000000 0.000000 0.000000 0.000000 0.000000 0.000000 0.000000 0.000000 
0.000000 0.000000 0.000000 0.000000 0.000000 0.000000 0.000000 0.000000 0.000000 0.000000 0.000000 0.000000 0.000000 0.000001 0.000001 0.000002 0.000003 0.000005 0.000008 0.000013 0.000020 0.000031 0.000048 0.000073 0.000108 0.000159 0.000229 0.000327 0.000459 0.000635 0.000865 0.001161 0.001535 0.002000 0.002567 0.003245 0.004042 0.004959 0.005993 0.007134 0.008365 0.009661 0.010990 0.012315 0.013592 0.014775 0.015820 0.016683 0.017328 0.017728 0.017863 0.017728 0.017328 0.016683 0.015820 0.014775 0.013592 0.012315 0.010990 0.009661 0.008365 0.007134 0.005993 0.004959 0.004042 0.003245 0.002567 0.002000 0.001535 0.001161 0.000865 0.000635 0.000459 0.000327 0.000229 0.000159 0.000108 0.000073 0.000048 0.000031 0.000020 0.000013 0.000008 0.000005 0.000003 0.000002 0.000001 0.000001 0.000000 0.000000 0.000000 0.000000 0.000000 0.000000 0.000000 0.000000 0.000000 0.000000 0.000000 0.000000 
0.000000 0.000000 0.000000 0.000000 0.000000 0.000000 0.000000 0.000000 0.000000 0.000000 0.000000 0.000000 0.000001 0.000001 0.000002 0.000003 0.000005 0.000008 0.000013 0.000022 0.000034 0.000053 0.000081 0.000123 0.000182 0.000267 0.000387 0.000550 0.000772 0.001068 0.001454 0.001951 0.002579 0.003359 0.004310 0.005447 0.006781 0.008317 0.010049 0.011959 0.014019 0.016188 0.018412 0.020628 0.022763 0.024742 0.026488 0.027932 0.029011 0.029678 0.029904 0.029678 0.029011 0.027932 0.026488 0.024742 0.022763 0.020628 0.018412 0.016188 0.014019 0.011959 0.010049 0.008317 0.006781 0.005447 0.004310 0.003359 0.002579 0.001951 0.001454 0.001068 0.000772 0.000550 0.000387 0.000267 0.000182 0.000123 0.000081 0.000053 0.000034 0.000022 0.000013 0.000008 0.000005 0.000003 0.000002 0.000001 0.000001 0.000000 0.000000 0.000000 0.000000 0.000000 0.000000 0.000000 0.000000 0.000000 0.000000 0.000000 
0.000000 0.000000 0.000000 0.000000 0.000000 0.000000 0.000000 0.000000 0.000000 0.000000 0.000000 0.000001 0.000001 0.000002 0.000003 0.000005 0.000008 0.000014 0.000022 0.000036 0.000057 0.000088 0.000135 0.000204 0.000303 0.000445 0.000642 0.000914 0.001282 0.001771 0.002411 0.003233 0.004273 0.005562 0.007134 0.009013 0.011218 0.013755 0.016613 0.019767 0.023167 0.026745 0.030414 0.034069 0.037590 0.040853 0.043732 0.046112 0.047891 0.048991 0.049363 0.048991 0.047891 0.046112 0.043732 0.040853 0.037590 0.034069 0.030414 0.026745 0.023167 0.019767 0.016613 0.013755 0.011218 0.009013 0.007134 0.005562 0.004273 0.003233 0.002411 0.001771 0.001282 0.000914 0.000642 0.000445 0.000303 0.000204 0.000135 0.000088 0.000057 0.000036 0.000022 0.000014 0.000008 0.000005 0.000003 0.000002 0.000001 0.000001 0.000000 0.000000 0.000000 0.000000 0.000000 0.000000 0.000000 0.000000 0.000000 0.000000 
0.000000 0.000000 0.000000 0.000000 0.000000 0.000000 0.000000 0.000000 0.000000 0.000000 0.000001 0.000001 0.000002 0.000003 0.000005 0.000008 0.000014 0.000023 0.000037 0.000059 0.000093 0.000145 0.000222 0.000334 0.000497 0.000728 0.001052 0.001496 0.002097 0.002896 0.003940 0.005283 0.006978 0.009081 0.011642 0.014705 0.018297 0.022428 0.027082 0.032214 0.037747 0.043569 0.049537 0.055480 0.061206 0.066511 0.071192 0.075061 0.077952 0.079740 0.080345 0.079740 0.077952 0.075061 0.071192 0.066511 0.061206 0.055480 0.049537 0.043569 0.037747 0.032214 0.027082 0.022428 0.018297 0.014705 0.011642 0.009081 0.006978 0.005283 0.003940 0.002896 0.002097 0.001496 0.001052 0.000728 0.000497 0.000334 0.000222 0.000145 0.000093 0.000059 0.000037 0.000023 0.000014 0.000008 0.000005 0.000003 0.000002 0.000001 0.000001 0.000000 0.000000 0.000000 0.000000 0.000000 0.000000 0.000000 0.000000 0.000000 
0.000000 0.000000 0.000000 0.000000 0.000000 0.000000 0.000000 0.000000 0.000000 0.000000 0.000001 0.000002 0.000003 0.000005 0.000008 0.000013 0.000022 0.000037 0.000060 0.000096 0.000151 0.000234 0.000359 0.000541 0.000803 0.001176 0.001697 0.002414 0.003382 0.004668 0.006350 0.008510 0.011236 0.014617 0.018733 0.023653 0.029422 0.036055 0.043525 0.051761 0.060638 0.069977 0.079549 0.089079 0.098259 0.106763 0.114268 0.120468 0.125102 0.127967 0.128937 0.127967 0.125102 0.120468 0.114268 0.106763 0.098259 0.089079 0.079549 0.069977 0.060638 0.051761 0.043525 0.036055 0.029422 0.023653 0.018733 0.014617 0.011236 0.008510 0.006350 0.004668 0.003382 0.002414 0.001697 0.001176 0.000803 0.000541 0.000359 0.000234 0.000151 0.000096 0.000060 0.000037 0.000022 0.000013 0.000008 0.000005 0.000003 0.000002 0.000001 0.000000 0.000000 0.000000 0.000000 0.000000 0.000000 0.000000 0.000000 0.000000 
0.000000 0.000000 0.000000 0.000000 0.000000 0.000000 0.000000 0.000000 0.000000 0.000001 0.000001 0.000002 0.000004 0.000007 0.000013 0.000022 0.000036 0.000059 0.000096 0.000153 0.000241 0.000374 0.000572 0.000862 0.001280 0.001873 0.002701 0.003839 0.005376 0.007419 0.010087 0.013512 0.017835 0.023193 0.029715 0.037508 0.046643 0.057143 0.068965 0.081996 0.096038 0.110809 0.125945 0.141012 0.155523 0.168966 0.180826 0.190624 0.197946 0.202475 0.204007 0.202475 0.197946 0.190624 0.180826 0.168966 0.155523 0.141012 0.125945 0.110809 0.096038 0.081996 0.068965 0.057143 0.046643 0.037508 0.029715 0.023193 0.017835 0.013512 0.010087 0.007419 0.005376 0.003839 0.002701 0.001873 0.001280 0.000862 0.000572 0.000374 0.000241 0.000153 0.000096 0.000059 0.000036 0.000022 0.000013 0.000007 0.000004 0.000002 0.000001 0.000001 0.000000 0.000000 0.000000 0.000000 0.000000 0.000000 0.000000 0.000000 
0.000000 0.000000 0.000000 0.000000 0.000000 0.000000 0.000000 0.000000 0.000001 0.000001 0.000002 0.000004 0.000007 0.000012 0.000020 0.000034 0.000057 0.000093 0.000151 0.000241 0.000379 0.000588 0.000898 0.001353 0.002009 0.002939 0.004237 0.006019 0.008426 0.011622 0.015795 0.021152 0.027908 0.036281 0.046468 0.058637 0.072898 0.089284 0.107730 0.128057 0.149957 0.172988 0.196585 0.220071 0.242688 0.263637 0.282117 0.297383 0.308792 0.315847 0.318234 0.315847 0.308792 0.297383 0.282117 0.263637 0.242688 0.220071 0.196585 0.172988 0.149957 0.128057 0.107730 0.089284 0.072898 0.058637 0.046468 0.036281 0.027908 0.021152 0.015795 0.011622 0.008426 0.006019 0.004237 0.002939 0.002009 0.001353 0.000898 0.000588 0.000379 0.000241 0.000151 0.000093 0.000057 0.000034 0.000020 0.000012 0.000007 0.000004 0.000002 0.000001 0.000001 0.000000 0.000000 0.000000 0.000000 0.000000 0.000000 0.000000 
0.000000 0.000000 0.000000 0.000000 0.000000 0.000000 0.000000 0.000001 0.000001 0.000002 0.000003 0.000006 0.000011 0.000018 0.000031 0.000053 0.000088 0.000145 0.000234 0.000374 0.000588 0.000911 0.001392 0.002096 0.003109 0.004546 0.006551 0.009302 0.013016 0.017946 0.024382 0.032639 0.043050 0.055946 0.071634 0.090367 0.112314 0.137525 0.165899 0.197160 0.230831 0.266237 0.302505 0.338598 0.373351 0.405536 0.433926 0.457378 0.474902 0.485738 0.489405 0.485738 0.474902 0.457378 0.433926 0.405536 0.373351 0.338598 0.302505 0.266237 0.230831 0.197160 0.165899 0.137525 0.112314 0.090367 0.071634 0.055946 0.043050 0.032639 0.024382 0.017946 0.013016 0.009302 0.006551 0.004546 0.003109 0.002096 0.001392 0.000911 0.000588 0.000374 0.000234 0.000145 0.000088 0.000053 0.000031 0.000018 0.000011 0.000006 0.000003 0.000002 0.000001 0.000001 0.000000 0.000000 0.000000 0.000000 0.000000 0.000000 
0.000000 0.000000 0.000000 0.000000 0.000000 0.000000 0.000000 0.000001 0.000002 0.000003 0.000005 0.000009 0.000016 0.000028 0.000048 0.000081 0.000135 0.000222 0.000359 0.000572 0.000898 0.001392 0.002125 0.003198 0.004743 0.006932 0.009984 0.014171 0.019820 0.027317 0.037099 0.049645 0.065459 0.085042 0.108856 0.137285 0.170581 0.208820 0.251848 0.299241 0.350280 0.403938 0.458894 0.513576 0.566222 0.614972 0.657970 0.693486 0.720025 0.736434 0.741987 0.736434 0.720025 0.693486 0.657970 0.614972 0.566222 0.513576 0.458894 0.403938 0.350280 0.299241 0.251848 0.208820 0.170581 0.137285 0.108856 0.085042 0.065459 0.049645 0.037099 0.027317 0.019820 0.014171 0.009984 0.006932 0.004743 0.003198 0.002125 0.001392 0.000898 0.000572 0.000359 0.000222 0.000135 0.000081 0.000048 0.000028 0.000016 0.000009 0.000005 0.000003 0.000002 0.000001 0.000000 0.000000 0.000000 0.000000 0.000000 0.000000 
0.000000 0.000000 0.000000 0.000000 0.000000 0.000000 0.000001 0.000001 0.000002 0.000004 0.000008 0.000014 0.000024 0.000042 0.000073 0.000123 0.000204 0.000334 0.000541 0.000862 0.001353 0.002096 0.003198 0.004810 0.007130 0.010416 0.014997 0.021277 0.029748 0.040985 0.055641 0.074433 0.098112 0.127423 0.163059 0.205587 0.255385 0.312561 0.376882 0.447714 0.523981 0.604146 0.686239 0.767910 0.846531 0.919326 0.983528 1.036553 1.076173 1.100670 1.108959 1.100670 1.076173 1.036553 0.983528 0.919326 0.846531 0.767910 0.686239 0.604146 0.523981 0.447714 0.376882 0.312561 0.255385 0.205587 0.163059 0.127423 0.098112 0.074433 0.055641 0.040985 0.029748 0.021277 0.014997 0.010416 0.007130 0.004810 0.003198 0.002096 0.001353 0.000862 0.000541 0.000334 0.000204 0.000123 0.000073 0.000042 0.000024 0.000014 0.000008 0.000004 0.000002 0.000001 0.000001 0.000000 0.000000 0.000000 0.000000 0.000000 
0.000000 0.000000 0.000000 0.000000 0.000000 0.000001 0.000001 0.000002 0.000003 0.000006 0.000012 0.000021 0.000036 0.000063 0.000108 0.000182 0.000303 0.000497 0.000803 0.001280 0.002009 0.003109 0.004743 0.007130 0.010565 0.015427 0.022202 0.031488 0.044007 0.060608 0.082254 0.109998 0.144945 0.188194 0.240757 0.303472 0.376887 0.461160 0.555944 0.660302 0.772645 0.890711 1.011598 1.131848 1.247594 1.354751 1.449250 1.527293 1.585604 1.621656 1.633855 1.621656 1.585604 1.527293 1.449250 1.354751 1.247594 1.131848 1.011598 0.890711 0.772645 0.660302 0.555944 0.461160 0.376887 0.303472 0.240757 0.188194 0.144945 0.109998 0.082254 0.060608 0.044007 0.031488 0.022202 0.015427 0.010565 0.007130 0.004743 0.003109 0.002009 0.001280 0.000803 0.000497 0.000303 0.000182 0.000108 0.000063 0.000036 0.000021 0.000012 0.000006 0.000003 0.000002 0.000001 0.000001 0.000000 0.000000 0.000000 0.000000 
0.000000 0.000000 0.000000 0.000000 0.000000 0.000001 0.000001 0.000003 0.000005 0.000009 0.000017 0.000030 0.000054 0.000093 0.000159 0.000267 0.000445 0.000728 0.001176 0.001873 0.002939 0.004546 0.006932 0.010416 0.015427 0.022519 0.032395 0.045926 0.064164 0.088338 0.119847 0.160221 0.211061 0.273960 0.350385 0.441545 0.548235 0.670674 0.808357 0.959917 1.123044 1.294454 1.469934 1.644466 1.812442 1.967938 2.105055 2.218287 2.302886 2.355189 2.372887 2.355189 2.302886 2.218287 2.105055 1.967938 1.812442 1.644466 1.469934 1.294454 1.123044 0.959917 0.808357 0.670674 0.548235 0.441545 0.350385 0.273960 0.211061 0.160221 0.119847 0.088338 0.064164 0.045926 0.032395 0.022519 0.015427 0.010416 0.006932 0.004546 0.002939 0.001873 0.001176 0.000728 0.000445 0.000267 0.000159 0.000093 0.000054 0.000030 0.000017 0.000009 0.000005 0.000003 0.000001 0.000001 0.000000 0.000000 0.000000 0.000000 
0.000000 0.000000 0.000000 0.000000 0.000001 0.000001 0.000002 0.000004 0.000007 0.000014 0.000025 0.000044 0.000077 0.000134 0.000229 0.000387 0.000642 0.001052 0.001697 0.002701 0.004237 0.006551 0.009984 0.014997 0.022202 0.032395 0.046584 0.066019 0.092202 0.126899 0.172107 0.230016 0.302916 0.393082 0.502609 0.633220 0.786046 0.961395 1.158533 1.375501 1.608989 1.854293 2.105385 2.355092 2.595391 2.817816 3.013937 3.175885 3.296874 3.371673 3.396982 3.371673 3.296874 3.175885 3.013937 2.817816 2.595391 2.355092 2.105385 1.854293 1.608989 1.375501 1.158533 0.961395 0.786046 0.633220 0.502609 0.393082 0.302916 0.230016 0.172107 0.126899 0.092202 0.066019 0.046584 0.032395 0.022202 0.014997 0.009984 0.006551 0.004237 0.002701 0.001697 0.001052 0.000642 0.000387 0.000229 0.000134 0.000077 0.000044 0.000025 0.000014 0.000007 0.000004 0.000002 0.000001 0.000001 0.000000 0.000000 0.000000 
0.000000 0.000000 0.000000 0.000000 0.000001 0.000002 0.000003 0.000006 0.000011 0.000020 0.000035 0.000063 0.000110 0.000191 0.000327 0.000550 0.000914 0.001496 0.002414 0.003839 0.006019 0.009302 0.014171 0.021277 0.031488 0.045926 0.066019 0.093528 0.130578 0.179658 0.243588 0.325453 0.428483 0.555880 0.710593 0.895044 1.110819 1.358342 1.636570 1.942729 2.272144 2.618179 2.972331 3.324486 3.663338 3.976958 4.253468 4.481783 4.652347 4.757792 4.793470 4.757792 4.652347 4.481783 4.253468 3.976958 3.663338 3.324486 2.972331 2.618179 2.272144 1.942729 1.636570 1.358342 1.110819 0.895044 0.710593 0.555880 0.428483 0.325453 0.243588 0.179658 0.130578 0.093528 0.066019 0.045926 0.031488 0.021277 0.014171 0.009302 0.006019 0.003839 0.002414 0.001496 0.000914 0.000550 0.000327 0.000191 0.000110 0.000063 0.000035 0.000020 0.000011 0.000006 0.000003 0.000002 0.000001 0.000000 0.000000 0.000000 
0.000000 0.000000 0.000000 0.000001 0.000001 0.000002 0.000004 0.000008 0.000015 0.000027 0.000050 0.000088 0.000155 0.000269 0.000459 0.000772 0.001282 0.002097 0.003382 0.005376 0.008426 0.013016 0.019820 0.029748 0.044007 0.064164 0.092202 0.130578 0.182248 0.250671 0.339772 0.453836 0.597350 0.774760 0.990158 1.246901 1.547179 1.891569 2.278608 2.704429 3.162523 3.643659 4.136018 4.625545 5.096533 5.532410 5.916684 6.233962 6.470976 6.617497 6.667072 6.617497 6.470976 6.233962 5.916684 5.532410 5.096533 4.625545 4.136018 3.643659 3.162523 2.704429 2.278608 1.891569 1.547179 1.246901 0.990158 0.774760 0.597350 0.453836 0.339772 0.250671 0.182248 0.130578 0.092202 0.064164 0.044007 0.029748 0.019820 0.013016 0.008426 0.005376 0.003382 0.002097 0.001282 0.000772 0.000459 0.000269 0.000155 0.000088 0.000050 0.000027 0.000015 0.000008 0.000004 0.000002 0.000001 0.000001 0.000000 0.000000 
0.000000 0.000000 0.000000 0.000001 0.000002 0.000003 0.000006 0.000011 0.000021 0.000038 0.000069 0.000122 0.000215 0.000372 0.000635 0.001068 0.001771 0.002896 0.004668 0.007419 0.011622 0.017946 0.027317 0.040985 0.060608 0.088338 0.126899 0.179658 0.250671 0.344683 0.467069 0.623702 0.820724 1.064220 1.359786 1.712007 2.123869 2.596146 3.126813 3.710558 4.338450 4.997835 5.672518 6.343245 6.988509 7.585621 8.112005 8.546595 8.871228 9.071910 9.139810 9.071910 8.871228 8.546595 8.112005 7.585621 6.988509 6.343245 5.672518 4.997835 4.338450 3.710558 3.126813 2.596146 2.123869 1.712007 1.359786 1.064220 0.820724 0.623702 0.467069 0.344683 0.250671 0.179658 0.126899 0.088338 0.060608 0.040985 0.027317 0.017946 0.011622 0.007419 0.004668 0.002896 0.001771 0.001068 0.000635 0.000372 0.000215 0.000122 0.000069 0.000038 0.000021 0.000011 0.000006 0.000003 0.000002 0.000001 0.000001 0.000001 
0.000000 0.000000 0.000001 0.000001 0.000002 0.000004 0.000008 0.000015 0.000028 0.000052 0.000094 0.000167 0.000293 0.000507 0.000865 0.001454 0.002411 0.003940 0.006350 0.010087 0.015795 0.024382 0.037099 0.055641 0.082254 0.119847 0.172107 0.243588 0.339772 0.467069 0.632741 0.844717 1.111288 1.440661 1.840379 2.316617 2.873386 3.511709 4.228830 5.017554 5.865804 6.756484 7.667720 8.573518 9.444848 10.251094 10.961793 11.548524 11.986789 12.257708 12.349371 12.257708 11.986789 11.548524 10.961793 10.251094 9.444848 8.573518 7.667720 6.756484 5.865804 5.017554 4.228830 3.511709 2.873386 2.316617 1.840379 1.440661 1.111288 0.844717 0.632741 0.467069 0.339772 0.243588 0.172107 0.119847 0.082254 0.055641 0.037099 0.024382 0.015795 0.010087 0.006350 0.003940 0.002411 0.001454 0.000865 0.000507 0.000293 0.000167 0.000094 0.000052 0.000028 0.000015 0.000008 0.000004 0.000002 0.000001 0.000001 0.000001 
0.000001 0.000001 0.000001 0.000002 0.000003 0.000006 0.000011 0.000021 0.000038 0.000070 0.000126 0.000225 0.000394 0.000681 0.001161 0.001951 0.003233 0.005283 0.008510 0.013512 0.021152 0.032639 0.049645 0.074433 0.109998 0.160221 0.230016 0.325453 0.453836 0.623702 0.844717 1.127435 1.482883 1.921975 2.454732 3.089350 3.831143 4.681443 5.636555 6.686876 7.816310 9.002092 10.215103 11.420756 12.580429 13.653399 14.599154 15.379902 15.963067 16.323549 16.445514 16.323549 15.963067 15.379902 14.599154 13.653399 12.580429 11.420756 10.215103 9.002092 7.816310 6.686876 5.636555 4.681443 3.831143 3.089350 2.454732 1.921975 1.482883 1.127435 0.844717 0.623702 0.453836 0.325453 0.230016 0.160221 0.109998 0.074433 0.049645 0.032639 0.021152 0.013512 0.008510 0.005283 0.003233 0.001951 0.001161 0.000681 0.000394 0.000225 0.000126 0.000070 0.000038 0.000021 0.000011 0.000006 0.000003 0.000002 0.000001 0.000001 
0.000001 0.000001 0.000001 0.000002 0.000004 0.000008 0.000015 0.000027 0.000051 0.000093 0.000167 0.000297 0.000521 0.000901 0.001535 0.002579 0.004273 0.006978 0.011236 0.017835 0.027908 0.043050 0.065459 0.098112 0.144945 0.211061 0.302916 0.428483 0.597350 0.820724 1.111288 1.482883 1.949968 2.526844 3.226638 4.060072 5.034085 6.150387 7.404097 8.782586 10.264715 11.820602 13.412047 14.993690 16.514886 17.922251 19.162679 20.186639 20.951441 21.424190 21.584136 21.424190 20.951441 20.186639 19.162679 17.922251 16.514886 14.993690 13.412047 11.820602 10.264715 8.782586 7.404097 6.150387 5.034085 4.060072 3.226638 2.526844 1.949968 1.482883 1.111288 0.820724 0.597350 0.428483 0.302916 0.211061 0.144945 0.098112 0.065459 0.043050 0.027908 0.017835 0.011236 0.006978 0.004273 0.002579 0.001535 0.000901 0.000521 0.000297 0.000167 0.000093 0.000051 0.000027 0.000015 0.000008 0.000004 0.000002 0.000002 0.000002 
0.000001 0.000001 0.000001 0.000003 0.000005 0.000010 0.000019 0.000036 0.000066 0.000121 0.000218 0.000388 0.000680 0.001174 0.002000 0.003359 0.005562 0.009081 0.014617 0.023193 0.036281 0.055946 0.085042 0.127423 0.188194 0.273960 0.393082 0.555880 0.774760 1.064220 1.440661 1.921975 2.526844 3.273742 4.179613 5.258286 6.518692 7.963000 9.584853 11.367886 13.284738 15.296756 17.354550 19.399484 21.366112 23.185454 24.788903 26.112472 27.101021 27.712061 27.918793 27.712061 27.101021 26.112472 24.788903 23.185454 21.366112 19.399484 17.354550 15.296756 13.284738 11.367886 9.584853 7.963000 6.518692 5.258286 4.179613 3.273742 2.526844 1.921975 1.440661 1.064220 0.774760 0.555880 0.393082 0.273960 0.188194 0.127423 0.085042 0.055946 0.036281 0.023193 0.014617 0.009081 0.005562 0.003359 0.002000 0.001174 0.000680 0.000388 0.000218 0.000121 0.000066 0.000036 0.000019 0.000010 0.000005 0.000003 0.000002 0.000002 
0.000001 0.000001 0.000002 0.000004 0.000007 0.000013 0.000025 0.000046 0.000085 0.000156 0.000281 0.000498 0.000873 0.001507 0.002567 0.004310 0.007134 0.011642 0.018733 0.029715 0.046468 0.071634 0.108856 0.163059 0.240757 0.350385 0.502609 0.710593 0.990158 1.359786 1.840379 2.454732 3.226638 4.179613 5.335216 6.711028 8.318380 10.159983 12.227687 14.500591 16.943794 19.508024 22.130344 24.736055 27.241801 29.559737 31.602505 33.288641 34.547943 35.326324 35.589670 35.326324 34.547943 33.288641 31.602505 29.559737 27.241801 24.736055 22.130344 19.508024 16.943794 14.500591 12.227687 10.159983 8.318380 6.711028 5.335216 4.179613 3.226638 2.454732 1.840379 1.359786 0.990158 0.710593 0.502609 0.350385 0.240757 0.163059 0.108856 0.071634 0.046468 0.029715 0.018733 0.011642 0.007134 0.004310 0.002567 0.001507 0.000873 0.000498 0.000281 0.000156 0.000085 0.000046 0.000025 0.000013 0.000007 0.000004 0.000003 0.000003 
0.000002 0.000002 0.000002 0.000004 0.000009 0.000016 0.000031 0.000058 0.000108 0.000197 0.000355 0.000631 0.001105 0.001907 0.003245 0.005447 0.009013 0.014705 0.023653 0.037508 0.058637 0.090367 0.137285 0.205587 0.303472 0.441545 0.633220 0.895044 1.246901 1.712007 2.316617 3.089350 4.060072 5.258286 6.711028 8.440327 10.460355 12.774455 15.372330 18.227679 21.296632 24.517290 27.810612 31.082815 34.229264 37.139708 39.704518 41.821472 43.402485 44.379699 44.710312 44.379699 43.402485 41.821472 39.704518 37.139708 34.229264 31.082815 27.810612 24.517290 21.296632 18.227679 15.372330 12.774455 10.460355 8.440327 6.711028 5.258286 4.060072 3.089350 2.316617 1.712007 1.246901 0.895044 0.633220 0.441545 0.303472 0.205587 0.137285 0.090367 0.058637 0.037508 0.023653 0.014705 0.009013 0.005447 0.003245 0.001907 0.001105 0.000631 0.000355 0.000197 0.000108 0.000058 0.000031 0.000016 0.000009 0.000005 0.000003 0.000003 
0.000002 0.000002 0.000003 0.000006 0.000011 0.000020 0.000039 0.000073 0.000135 0.000246 0.000443 0.000787 0.001377 0.002375 0.004042 0.006781 0.011218 0.018297 0.029422 0.046643 0.072898 0.112314 0.170581 0.255385 0.376887 0.548235 0.786046 1.110819 1.547179 2.123869 2.873386 3.831143 5.034085 6.518692 8.318380 10.460355 12.962087 15.827647 19.044217 22.579185 26.378210 30.364657 34.440704 38.490311 42.384034 45.985499 49.159119 51.778477 53.734649 54.943723 55.352775 54.943723 53.734649 51.778477 49.159119 45.985499 42.384034 38.490311 34.440704 30.364657 26.378210 22.579185 19.044217 15.827647 12.962087 10.460355 8.318380 6.518692 5.034085 3.831143 2.873386 2.123869 1.547179 1.110819 0.786046 0.548235 0.376887 0.255385 0.170581 0.112314 0.072898 0.046643 0.029422 0.018297 0.011218 0.006781 0.004042 0.002375 0.001377 0.000787 0.000443 0.000246 0.000135 0.000073 0.000039 0.000021 0.000011 0.000006 0.000004 0.000004 
0.000003 0.000003 0.000004 0.000007 0.000013 0.000025 0.000048 0.000090 0.000166 0.000303 0.000545 0.000966 0.001690 0.002915 0.004959 0.008317 0.013755 0.022428 0.036055 0.057143 0.089284 0.137525 0.208820 0.312561 0.461160 0.670674 0.961395 1.358342 1.891569 2.596146 3.511709 4.681443 6.150387 7.963000 10.159983 12.774455 15.827647 19.324440 23.249124 27.561852 32.196292 37.058946 42.030507 46.969475 51.718036 56.109947 59.979942 63.173944 65.559206 67.033467 67.532233 67.033467 65.559206 63.173944 59.979942 56.109947 51.718036 46.969475 42.030507 37.058946 32.196292 27.561852 23.249124 19.324440 15.827647 12.774455 10.159983 7.963000 6.150387 4.681443 3.511709 2.596146 1.891569 1.358342 0.961395 0.670674 0.461160 0.312561 0.208820 0.137525 0.089284 0.057143 0.036055 0.022428 0.013755 0.008317 0.004959 0.002915 0.001690 0.000966 0.000545 0.000303 0.000166 0.000090 0.000048 0.000025 0.000013 0.000008 0.000005 0.000005 
0.000003 0.000003 0.000005 0.000008 0.000016 0.000031 0.000058 0.000109 0.000201 0.000366 0.000659 0.001168 0.002043 0.003524 0.005993 0.010049 0.016613 0.027082 0.043525 0.068965 0.107730 0.165899 0.251848 0.376882 0.555944 0.808357 1.158533 1.636570 2.278608 3.126813 4.228830 5.636555 7.404097 9.584853 12.227687 15.372330 19.044217 23.249124 27.968080 33.153111 38.724432 44.569633 50.545313 56.481437 62.188389 67.466455 72.117111 75.955287 78.821546 80.593068 81.192397 80.593068 78.821546 75.955287 72.117111 67.466455 62.188389 56.481437 50.545313 44.569633 38.724432 33.153111 27.968080 23.249124 19.044217 15.372330 12.227687 9.584853 7.404097 5.636555 4.228830 3.126813 2.278608 1.636570 1.158533 0.808357 0.555944 0.376882 0.251848 0.165899 0.107730 0.068965 0.043525 0.027082 0.016613 0.010049 0.005993 0.003524 0.002043 0.001168 0.000659 0.000366 0.000201 0.000109 0.000058 0.000031 0.000016 0.000009 0.000006 0.000006 
0.000004 0.000004 0.000005 0.000010 0.000019 0.000036 0.000069 0.000130 0.000240 0.000437 0.000785 0.001392 0.002434 0.004196 0.007134 0.011959 0.019767 0.032214 0.051761 0.081996 0.128057 0.197160 0.299241 0.447714 0.660302 0.959917 1.375501 1.942729 2.704429 3.710558 5.017554 6.686876 8.782586 11.367886 14.500591 18.227679 22.579185 27.561852 33.153111 39.296055 45.896119 52.820121 59.898213 66.929034 73.688071 79.938878 85.446441 89.991686 93.385891 95.483684 96.193391 95.483684 93.385891 89.991686 85.446441 79.938878 73.688071 66.929034 59.898213 52.820121 45.896119 39.296055 33.153111 27.561852 22.579185 18.227679 14.500591 11.367886 8.782586 6.686876 5.017554 3.710558 2.704429 1.942729 1.375501 0.959917 0.660302 0.447714 0.299241 0.197160 0.128057 0.081996 0.051761 0.032214 0.019767 0.011959 0.007134 0.004196 0.002434 0.001392 0.000785 0.000437 0.000240 0.000130 0.000069 0.000037 0.000019 0.000011 0.000007 0.000007 
0.000004 0.000004 0.000006 0.000012 0.000022 0.000043 0.000081 0.000152 0.000281 0.000513 0.000922 0.001633 0.002855 0.004921 0.008365 0.014019 0.023167 0.037747 0.060638 0.096038 0.149957 0.230831 0.350280 0.523981 0.772645 1.123044 1.608989 2.272144 3.162523 4.338450 5.865804 7.816310 10.264715 13.284738 16.943794 21.296632 26.378210 32.196292 38.724432 45.896119 53.600904 61.683303 69.945069 78.151215 86.039770 93.334867 99.762332 105.066604 109.027539 111.475569 112.303758 111.475569 109.027539 105.066604 99.762332 93.334867 86.039770 78.151215 69.945069 61.683303 53.600904 45.896119 38.724432 32.196292 26.378210 21.296632 16.943794 13.284738 10.264715 7.816310 5.865804 4.338450 3.162523 2.272144 1.608989 1.123044 0.772645 0.523981 0.350280 0.230831 0.149957 0.096038 0.060638 0.037747 0.023167 0.014019 0.008365 0.004921 0.002855 0.001633 0.000922 0.000513 0.000281 0.000152 0.000081 0.000043 0.000023 0.000013 0.000009 0.000009 
0.000005 0.000005 0.000007 0.000014 0.000026 0.000050 0.000094 0.000176 0.000325 0.000593 0.001065 0.001888 0.003299 0.005685 0.009661 0.016188 0.026745 0.043569 0.069977 0.110809 0.172988 0.266237 0.403938 0.604146 0.890711 1.294454 1.854293 2.618179 3.643659 4.997835 6.756484 9.002092 11.820602 15.296756 19.508024 24.517290 30.364657 37.058946 44.569633 52.820121 61.683303 70.980303 80.483102 89.921464 98.994158 107.384001 114.775784 120.875712 125.430715 128.245869 129.198253 128.245869 125.430715 120.875712 114.775784 107.384001 98.994158 89.921464 80.483102 70.980303 61.683303 52.820121 44.569633 37.058946 30.364657 24.517290 19.508024 15.296756 11.820602 9.002092 6.756484 4.997835 3.643659 2.618179 1.854293 1.294454 0.890711 0.604146 0.403938 0.266237 0.172988 0.110809 0.069977 0.043569 0.026745 0.016188 0.009661 0.005685 0.003299 0.001888 0.001065 0.000593 0.000325 0.000176 0.000094 0.000050 0.000027 0.000015 0.000010 0.000010 
0.000006 0.000006 0.000009 0.000015 0.000030 0.000057 0.000107 0.000201 0.000371 0.000675 0.001213 0.002149 0.003754 0.006469 0.010990 0.018412 0.030414 0.049537 0.079549 0.125945 0.196585 0.302505 0.458894 0.686239 1.011598 1.469934 2.105385 2.972331 4.136018 5.672518 7.667720 10.215103 13.412047 17.354550 22.130344 27.810612 34.440704 42.030507 50.545313 59.898213 69.945069 80.483102 91.253875 101.951143 112.233575 121.741794 130.118681 137.031395 142.193245 145.383417 146.462667 145.383417 142.193245 137.031395 130.118681 121.741794 112.233575 101.951143 91.253875 80.483102 69.945069 59.898213 50.545313 42.030507 34.440704 27.810612 22.130344 17.354550 13.412047 10.215103 7.667720 5.672518 4.136018 2.972331 2.105385 1.469934 1.011598 0.686239 0.458894 0.302505 0.196585 0.125945 0.079549 0.049537 0.030414 0.018412 0.010990 0.006469 0.003754 0.002149 0.001213 0.000675 0.000371 0.000201 0.000107 0.000057 0.000030 0.000017 0.000011 0.000011 
