0.000000 0.000000 0.000000 0.000000 0.000000 0.000000 0.000000 0.000000 0.000000 0.000000 0.000000 0.000000 0.000000 0.000000 0.000000 0.000000 0.000000 0.000000 0.000000 0.000000 0.000000 0.000000 0.000000 0.000000 0.000000 0.000000 0.000000 0.000000 0.000000 0.000000 0.000000 0.000000 0.000000 0.000000 0.000000 0.000000 0.000000 0.000000 0.000000 0.000000 0.000000 0.000000 0.000000 0.000000 0.000000 0.000000 0.000000 0.000000 0.000000 0.000000 0.000000 0.000000 0.000000 0.000000 0.000000 0.000000 0.000000 0.000000 0.000000 0.000000 0.000000 0.000000 0.000000 0.000000 0.000000 0.000000 0.000000 0.000000 0.000000 0.000000 0.000000 0.000000 0.000000 0.000000 0.000000 0.000000 0.000000 0.000000 0.000000 0.000000 0.000000 0.000000 0.000000 0.000000 0.000000 0.000000 0.000000 0.000000 0.000000 0.000000 0.000000 0.000000 0.000000 0.000000 0.000000 0.000000 0.000000 0.000000 0.000000 0.000000 
0.000000 0.000000 0.000000 0.000000 0.000000 0.000000 0.000000 0.000000 0.000000 0.000000 0.000000 0.000000 0.000000 0.000000 0.000000 0.000000 0.000000 0.000000 0.000000 0.000000 0.000000 0.000000 0.000000 0.000000 0.000000 0.000000 0.000000 0.000000 0.000000 0.000000 0.000000 0.000000 0.000000 0.000000 0.000000 0.000000 0.000000 0.000000 0.000000 0.000000 0.000000 0.000000 0.000000 0.000000 0.000000 0.000000 0.000000 0.000000 0.000000 0.000000 0.000000 0.000000 0.000000 0.000000 0.000000 0.000000 0.000000 0.000000 0.000000 0.000000 0.000000 0.000000 0.000000 0.000000 0.000000 0.000000 0.000000 0.000000 0.000000 0.000000 0.000000 0.000000 0.000000 0.000000 0.000000 0.000000 0.000000 0.000000 0.000000 0.000000 0.000000 0.000000 0.000000 0.000000 0.000000 0.000000 0.000000 0.000000 0.000000 0.000000 0.000000 0.000000 0.000000 0.000000 0.000000 0.000000 0.000000 0.000000 0.000000 0.000000 
0.000000 0.000000 0.000000 0.000000 0.000000 0.000000 0.000000 0.000000 0.000000 0.000000 0.000000 0.000000 0.000000 0.000000 0.000000 0.000000 0.000000 0.000000 0.000000 0.000000 0.000000 0.000000 0.000000 0.000000 0.000000 0.000000 0.000000 0.000000 0.000000 0.000000 0.000000 0.000000 0.000000 0.000000 0.000000 0.000000 0.000000 0.000000 0.000000 0.000000 0.000000 0.000000 0.000000 0.000000 0.000000 0.000000 0.000000 0.000000 0.000000 0.000000 0.000000 0.000000 0.000000 0.000000 0.000000 0.000000 0.000000 0.000000 0.000000 0.000000 0.000000 0.000000 0.000000 0.000000 0.000000 0.000000 0.000000 0.000000 0.000000 0.000000 0.000000 0.000000 0.000000 0.000000 0.000000 0.000000 0.000000 0.000000 0.000000 0.000000 0.000000 0.000000 0.000000 0.000000 0.000000 0.000000 0.000000 0.000000 0.000000 0.000000 0.000000 0.000000 0.000000 0.000000 0.000000 0.000000 0.000000 0.000000 0.000000 0.000000 
0.000000 0.000000 0.000000 0.000000 0.000000 0.000000 0.000000 0.000000 0.000000 0.000000 0.000000 0.000000 0.000000 0.000000 0.000000 0.000000 0.000000 0.000000 0.000000 0.000000 0.000000 0.000000 0.000000 0.000000 0.000000 0.000000 0.000000 0.000000 0.000000 0.000000 0.000000 0.000000 0.000000 0.000000 0.000000 0.000000 0.000000 0.000000 0.000000 0.000000 0.000000 0.000000 0.000000 0.000000 0.000001 0.000001 0.000001 0.000001 0.000001 0.000001 0.000001 0.000001 0.000001 0.000001 0.000001 0.000001 0.000001 0.000000 0.000000 0.000000 0.000000 0.000000 0.000000 0.000000 0.000000 0.000000 0.000000 0.000000 0.000000 0.000000 0.000000 0.000000 0.000000 0.000000 0.000000 0.000000 0.000000 0.000000 0.000000 0.000000 0.000000 0.000000 0.000000 0.000000 0.000000 0.000000 0.000000 0.000000 0.000000 0.000000 0.000000 0.000000 0.000000 0.000000 0.000000 0.000000 0.000000 0.000000 0.000000 0.000000 
0.000000 0.000000 0.000000 0.000000 0.000000 0.000000 0.000000 0.000000 0.000000 0.000000 0.000000 0.000000 0.000000 0.000000 0.000000 0.000000 0.000000 0.000000 0.000000 0.000000 0.000000 0.000000 0.000000 0.000000 0.000000 0.000000 0.000000 0.000000 0.000000 0.000000 0.000000 0.000000 0.000000 0.000000 0.000000 0.000000 0.000000 0.000000 0.000000 0.000001 0.000001 0.000001 0.000001 0.000001 0.000001 0.000001 0.000001 0.000002 0.000002 0.000002 0.000002 0.000002 0.000002 0.000002 0.000001 0.000001 0.000001 0.000001 0.000001 0.000001 0.000001 0.000001 0.000000 0.000000 0.000000 0.000000 0.000000 0.000000 0.000000 0.000000 0.000000 0.000000 0.000000 0.000000 0.000000 0.000000 0.000000 0.000000 0.000000 0.000000 0.000000 0.000000 0.000000 0.000000 0.000000 0.000000 0.000000 0.000000 0.000000 0.000000 0.000000 0.000000 0.000000 0.000000 0.000000 0.000000 0.000000 0.000000 0.000000 0.000000 
0.000000 0.000000 0.000000 0.000000 0.000000 0.000000 0.000000 0.000000 0.000000 0.000000 0.000000 0.000000 0.000000 0.000000 0.000000 0.000000 0.000000 0.000000 0.000000 0.000000 0.000000 0.000000 0.000000 0.000000 0.000000 0.000000 0.000000 0.000000 0.000000 0.000000 0.000000 0.000000 0.000000 0.000000 0.000000 0.000000 0.000001 0.000001 0.000001 0.000001 0.000001 0.000002 0.000002 0.000002 0.000003 0.000003 0.000003 0.000004 0.000004 0.000004 0.000004 0.000004 0.000004 0.000004 0.000003 0.000003 0.000003 0.000002 0.000002 0.000002 0.000001 0.000001 0.000001 0.000001 0.000001 0.000000 0.000000 0.000000 0.000000 0.000000 0.000000 0.000000 0.000000 0.000000 0.000000 0.000000 0.000000 0.000000 0.000000 0.000000 0.000000 0.000000 0.000000 0.000000 0.000000 0.000000 0.000000 0.000000 0.000000 0.000000 0.000000 0.000000 0.000000 0.000000 0.000000 0.000000 0.000000 0.000000 0.000000 0.000000 
0.000000 0.000000 0.000000 0.000000 0.000000 0.000000 0.000000 0.000000 0.000000 0.000000 0.000000 0.000000 0.000000 0.000000 0.000000 0.000000 0.000000 0.000000 0.000000 0.000000 0.000000 0.000000 0.000000 0.000000 0.000000 0.000000 0.000000 0.000000 0.000000 0.000000 0.000000 0.000000 0.000000 0.000001 0.000001 0.000001 0.000001 0.000002 0.000002 0.000003 0.000003 0.000004 0.000005 0.000005 0.000006 0.000007 0.000007 0.000008 0.000008 0.000008 0.000008 0.000008 0.000008 0.000008 0.000007 0.000007 0.000006 0.000005 0.000005 0.000004 0.000003 0.000003 0.000002 0.000002 0.000001 0.000001 0.000001 0.000001 0.000000 0.000000 0.000000 0.000000 0.000000 0.000000 0.000000 0.000000 0.000000 0.000000 0.000000 0.000000 0.000000 0.000000 0.000000 0.000000 0.000000 0.000000 0.000000 0.000000 0.000000 0.000000 0.000000 0.000000 0.000000 0.000000 0.000000 0.000000 0.000000 0.000000 0.000000 0.000000 
0.000000 0.000000 0.000000 0.000000 0.000000 0.000000 0.000000 0.000000 0.000000 0.000000 0.000000 0.000000 0.000000 0.000000 0.000000 0.000000 0.000000 0.000000 0.000000 0.000000 0.000000 0.000000 0.000000 0.000000 0.000000 0.000000 0.000000 0.000000 0.000000 0.000000 0.000000 0.000001 0.000001 0.000001 0.000002 0.000002 0.000003 0.000004 0.000005 0.000006 0.000007 0.000008 0.000010 0.000011 0.000013 0.000014 0.000016 0.000017 0.000018 0.000018 0.000018 0.000018 0.000018 0.000017 0.000016 0.000014 0.000013 0.000011 0.000010 0.000008 0.000007 0.000006 0.000005 0.000004 0.000003 0.000002 0.000002 0.000001 0.000001 0.000001 0.000000 0.000000 0.000000 0.000000 0.000000 0.000000 0.000000 0.000000 0.000000 0.000000 0.000000 0.000000 0.000000 0.000000 0.000000 0.000000 0.000000 0.000000 0.000000 0.000000 0.000000 0.000000 0.000000 0.000000 0.000000 0.000000 0.000000 0.000000 0.000000 0.000000 
0.000000 0.000000 0.000000 0.000000 0.000000 0.000000 0.000000 0.000000 0.000000 0.000000 0.000000 0.000000 0.000000 0.000000 0.000000 0.000000 0.000000 0.000000 0.000000 0.000000 0.000000 0.000000 0.000000 0.000000 0.000000 0.000000 0.000000 0.000000 0.000000 0.000001 0.000001 0.000001 0.000002 0.000002 0.000003 0.000004 0.000006 0.000008 0.000010 0.000012 0.000015 0.000018 0.000021 0.000024 0.000027 0.000030 0.000033 0.000035 0.000037 0.000038 0.000039 0.000038 0.000037 0.000035 0.000033 0.000030 0.000027 0.000024 0.000021 0.000018 0.000015 0.000012 0.000010 0.000008 0.000006 0.000004 0.000003 0.000002 0.000002 0.000001 0.000001 0.000001 0.000000 0.000000 0.000000 0.000000 0.000000 0.000000 0.000000 0.000000 0.000000 0.000000 0.000000 0.000000 0.000000 0.000000 0.000000 0.000000 0.000000 0.000000 0.000000 0.000000 0.000000 0.000000 0.000000 0.000000 0.000000 0.000000 0.000000 0.000000 
0.000000 0.000000 0.000000 0.000000 0.000000 0.000000 0.000000 0.000000 0.000000 0.000000 0.000000 0.000000 0.000000 0.000000 0.000000 0.000000 0.000000 0.000000 0.000000 0.000000 0.000000 0.000000 0.000000 0.000000 0.000000 0.000000 0.000000 0.000001 0.000001 0.000001 0.000002 0.000003 0.000004 0.000005 0.000007 0.000009 0.000012 0.000016 0.000020 0.000025 0.000031 0.000037 0.000043 0.000050 0.000057 0.000063 0.000069 0.000074 0.000077 0.000080 0.000081 0.000080 0.000077 0.000074 0.000069 0.000063 0.000057 0.000050 0.000043 0.000037 0.000031 0.000025 0.000020 0.000016 0.000012 0.000009 0.000007 0.000005 0.000004 0.000003 0.000002 0.000001 0.000001 0.000001 0.000000 0.000000 0.000000 0.000000 0.000000 0.000000 0.000000 0.000000 0.000000 0.000000 0.000000 0.000000 0.000000 0.000000 0.000000 0.000000 0.000000 0.000000 0.000000 0.000000 0.000000 0.000000 0.000000 0.000000 0.000000 0.000000 
0.000000 0.000000 0.000000 0.000000 0.000000 0.000000 0.000000 0.000000 0.000000 0.000000 0.000000 0.000000 0.000000 0.000000 0.000000 0.000000 0.000000 0.000000 0.000000 0.000000 0.000000 0.000000 0.000000 0.000000 0.000000 0.000000 0.000001 0.000001 0.000002 0.000002 0.000004 0.000005 0.000007 0.000010 0.000014 0.000019 0.000025 0.000033 0.000041 0.000052 0.000063 0.000076 0.000089 0.000103 0.000117 0.000130 0.000141 0.000151 0.000159 0.000163 0.000165 0.000163 0.000159 0.000151 0.000141 0.000130 0.000117 0.000103 0.000089 0.000076 0.000063 0.000052 0.000041 0.000033 0.000025 0.000019 0.000014 0.000010 0.000007 0.000005 0.000004 0.000002 0.000002 0.000001 0.000001 0.000000 0.000000 0.000000 0.000000 0.000000 0.000000 0.000000 0.000000 0.000000 0.000000 0.000000 0.000000 0.000000 0.000000 0.000000 0.000000 0.000000 0.000000 0.000000 0.000000 0.000000 0.000000 0.000000 0.000000 0.000000 
0.000000 0.000000 0.000000 0.000000 0.000000 0.000000 0.000000 0.000000 0.000000 0.000000 0.000000 0.000000 0.000000 0.000000 0.000000 0.000000 0.000000 0.000000 0.000000 0.000000 0.000000 0.000000 0.000000 0.000000 0.000001 0.000001 0.000001 0.000002 0.000003 0.000005 0.000007 0.000011 0.000015 0.000021 0.000029 0.000039 0.000051 0.000066 0.000084 0.000104 0.000127 0.000153 0.000180 0.000207 0.000235 0.000261 0.000285 0.000304 0.000319 0.000329 0.000332 0.000329 0.000319 0.000304 0.000285 0.000261 0.000235 0.000207 0.000180 0.000153 0.000127 0.000104 0.000084 0.000066 0.000051 0.000039 0.000029 0.000021 0.000015 0.000011 0.000007 0.000005 0.000003 0.000002 0.000001 0.000001 0.000001 0.000000 0.000000 0.000000 0.000000 0.000000 0.000000 0.000000 0.000000 0.000000 0.000000 0.000000 0.000000 0.000000 0.000000 0.000000 0.000000 0.000000 0.000000 0.000000 0.000000 0.000000 0.000000 0.000000 
0.000000 0.000000 0.000000 0.000000 0.000000 0.000000 0.000000 0.000000 0.000000 0.000000 0.000000 0.000000 0.000000 0.000000 0.000000 0.000000 0.000000 0.000000 0.000000 0.000000 0.000000 0.000000 0.000000 0.000001 0.000001 0.000002 0.000003 0.000004 0.000007 0.000010 0.000015 0.000021 0.000030 0.000042 0.000057 0.000077 0.000101 0.000131 0.000166 0.000207 0.000253 0.000303 0.000356 0.000411 0.000466 0.000517 0.000564 0.000603 0.000633 0.000651 0.000657 0.000651 0.000633 0.000603 0.000564 0.000517 0.000466 0.000411 0.000356 0.000303 0.000253 0.000207 0.000166 0.000131 0.000101 0.000077 0.000057 0.000042 0.000030 0.000021 0.000015 0.000010 0.000007 0.000004 0.000003 0.000002 0.000001 0.000001 0.000000 0.000000 0.000000 0.000000 0.000000 0.000000 0.000000 0.000000 0.000000 0.000000 0.000000 0.000000 0.000000 0.000000 0.000000 0.000000 0.000000 0.000000 0.000000 0.000000 0.000000 0.000000 
0.000000 0.000000 0.000000 0.000000 0.000000 0.000000 0.000000 0.000000 0.000000 0.000000 0.000000 0.000000 0.000000 0.000000 0.000000 0.000000 0.000000 0.000000 0.000000 0.000000 0.000000 0.000000 0.000001 0.000001 0.000002 0.000003 0.000005 0.000008 0.000013 0.000019 0.000029 0.000041 0.000059 0.000082 0.000112 0.000150 0.000198 0.000255 0.000324 0.000403 0.000493 0.000591 0.000694 0.000801 0.000907 0.001008 0.001098 0.001174 0.001231 0.001267 0.001279 0.001267 0.001231 0.001174 0.001098 0.001008 0.000907 0.000801 0.000694 0.000591 0.000493 0.000403 0.000324 0.000255 0.000198 0.000150 0.000112 0.000082 0.000059 0.000041 0.000029 0.000019 0.000013 0.000008 0.000005 0.000003 0.000002 0.000001 0.000001 0.000000 0.000000 0.000000 0.000000 0.000000 0.000000 0.000000 0.000000 0.000000 0.000000 0.000000 0.000000 0.000000 0.000000 0.000000 0.000000 0.000000 0.000000 0.000000 0.000000 0.000000 
0.000000 0.000000 0.000000 0.000000 0.000000 0.000000 0.000000 0.000000 0.000000 0.000000 0.000000 0.000000 0.000000 0.000000 0.000000 0.000000 0.000000 0.000000 0.000000 0.000000 0.000001 0.000001 0.000001 0.000002 0.000004 0.000007 0.000010 0.000016 0.000025 0.000037 0.000055 0.000080 0.000113 0.000157 0.000215 0.000288 0.000380 0.000491 0.000622 0.000774 0.000945 0.001132 0.001331 0.001536 0.001738 0.001930 0.002103 0.002248 0.002357 0.002426 0.002449 0.002426 0.002357 0.002248 0.002103 0.001930 0.001738 0.001536 0.001331 0.001132 0.000945 0.000774 0.000622 0.000491 0.000380 0.000288 0.000215 0.000157 0.000113 0.000080 0.000055 0.000037 0.000025 0.000016 0.000010 0.000007 0.000004 0.000002 0.000001 0.000001 0.000001 0.000000 0.000000 0.000000 0.000000 0.000000 0.000000 0.000000 0.000000 0.000000 0.000000 0.000000 0.000000 0.000000 0.000000 0.000000 0.000000 0.000000 0.000000 0.000000 
0.000000 0.000000 0.000000 0.000000 0.000000 0.000000 0.000000 0.000000 0.000000 0.000000 0.000000 0.000000 0.000000 0.000000 0.000000 0.000000 0.000000 0.000000 0.000000 0.000001 0.000001 0.000002 0.000003 0.000005 0.000008 0.000013 0.000020 0.000031 0.000047 0.000071 0.000104 0.000151 0.000214 0.000298 0.000407 0.000545 0.000718 0.000927 0.001174 0.001461 0.001783 0.002135 0.002509 0.002893 0.003273 0.003634 0.003958 0.004231 0.004437 0.004565 0.004609 0.004565 0.004437 0.004231 0.003958 0.003634 0.003273 0.002893 0.002509 0.002135 0.001783 0.001461 0.001174 0.000927 0.000718 0.000545 0.000407 0.000298 0.000214 0.000151 0.000104 0.000071 0.000047 0.000031 0.000020 0.000013 0.000008 0.000005 0.000003 0.000002 0.000001 0.000001 0.000000 0.000000 0.000000 0.000000 0.000000 0.000000 0.000000 0.000000 0.000000 0.000000 0.000000 0.000000 0.000000 0.000000 0.000000 0.000000 0.000000 0.000000 
0.000000 0.000000 0.000000 0.000000 0.000000 0.000000 0.000000 0.000000 0.000000 0.000000 0.000000 0.000000 0.000000 0.000000 0.000000 0.000000 0.000000 0.000000 0.000001 0.000001 0.000002 0.000003 0.000005 0.000009 0.000015 0.000024 0.000037 0.000058 0.000089 0.000133 0.000195 0.000281 0.000398 0.000554 0.000757 0.001014 0.001333 0.001720 0.002179 0.002709 0.003305 0.003956 0.004648 0.005358 0.006061 0.006727 0.007326 0.007830 0.008210 0.008447 0.008528 0.008447 0.008210 0.007830 0.007326 0.006727 0.006061 0.005358 0.004648 0.003956 0.003305 0.002709 0.002179 0.001720 0.001333 0.001014 0.000757 0.000554 0.000398 0.000281 0.000195 0.000133 0.000089 0.000058 0.000037 0.000024 0.000015 0.000009 0.000005 0.000003 0.000002 0.000001 0.000001 0.000000 0.000000 0.000000 0.000000 0.000000 0.000000 0.000000 0.000000 0.000000 0.000000 0.000000 0.000000 0.000000 0.000000 0.000000 0.000000 0.000000 
0.000000 0.000000 0.000000 0.000000 0.000000 0.000000 0.000000 0.000000 0.000000 0.000000 0.000000 0.000000 0.000000 0.000000 0.000000 0.000000 0.000000 0.000001 0.000001 0.000002 0.000003 0.000006 0.000010 0.000016 0.000027 0.000043 0.000069 0.000107 0.000163 0.000243 0.000357 0.000515 0.000730 0.001014 0.001383 0.001852 0.002434 0.003140 0.003975 0.004940 0.006023 0.007208 0.008465 0.009755 0.011032 0.012242 0.013331 0.014244 0.014935 0.015365 0.015511 0.015365 0.014935 0.014244 0.013331 0.012242 0.011032 0.009755 0.008465 0.007208 0.006023 0.004940 0.003975 0.003140 0.002434 0.001852 0.001383 0.001014 0.000730 0.000515 0.000357 0.000243 0.000163 0.000107 0.000069 0.000043 0.000027 0.000016 0.000010 0.000006 0.000003 0.000002 0.000001 0.000001 0.000000 0.000000 0.000000 0.000000 0.000000 0.000000 0.000000 0.000000 0.000000 0.000000 0.000000 0.000000 0.000000 0.000000 0.000000 0.000000 
0.000000 0.000000 0.000000 0.000000 0.000000 0.000000 0.000000 0.000000 0.000000 0.000000 0.000000 0.000000 0.000000 0.000000 0.000000 0.000000 0.000001 0.000001 0.000002 0.000003 0.000006 0.000011 0.000018 0.000030 0.000049 0.000079 0.000124 0.000193 0.000293 0.000439 0.000644 0.000928 0.001313 0.001823 0.002485 0.003326 0.004369 0.005633 0.007128 0.008853 0.010791 0.012908 0.015154 0.017459 0.019739 0.021900 0.023843 0.025473 0.026706 0.027474 0.027735 0.027474 0.026706 0.025473 0.023843 0.021900 0.019739 0.017459 0.015154 0.012908 0.010791 0.008853 0.007128 0.005633 0.004369 0.003326 0.002485 0.001823 0.001313 0.000928 0.000644 0.000439 0.000293 0.000193 0.000124 0.000079 0.000049 0.000030 0.000018 0.000011 0.000006 0.000003 0.000002 0.000001 0.000001 0.000000 0.000000 0.000000 0.000000 0.000000 0.000000 0.000000 0.000000 0.000000 0.000000 0.000000 0.000000 0.000000 0.000000 0.000000 
0.000000 0.000000 0.000000 0.000000 0.000000 0.000000 0.000000 0.000000 0.000000 0.000000 0.000000 0.000000 0.000000 0.000000 0.000000 0.000001 0.000001 0.000002 0.000003 0.000006 0.000011 0.000019 0.000032 0.000053 0.000087 0.000140 0.000221 0.000342 0.000520 0.000777 0.001140 0.001642 0.002321 0.003221 0.004389 0.005870 0.007707 0.009932 0.012562 0.015595 0.019001 0.022722 0.026667 0.030714 0.034716 0.038509 0.041919 0.044779 0.046941 0.048288 0.048746 0.048288 0.046941 0.044779 0.041919 0.038509 0.034716 0.030714 0.026667 0.022722 0.019001 0.015595 0.012562 0.009932 0.007707 0.005870 0.004389 0.003221 0.002321 0.001642 0.001140 0.000777 0.000520 0.000342 0.000221 0.000140 0.000087 0.000053 0.000032 0.000019 0.000011 0.000006 0.000003 0.000002 0.000001 0.000001 0.000000 0.000000 0.000000 0.000000 0.000000 0.000000 0.000000 0.000000 0.000000 0.000000 0.000000 0.000000 0.000000 0.000000 
0.000000 0.000000 0.000000 0.000000 0.000000 0.000000 0.000000 0.000000 0.000000 0.000000 0.000000 0.000000 0.000000 0.000000 0.000001 0.000001 0.000002 0.000003 0.000006 0.000011 0.000019 0.000033 0.000056 0.000093 0.000152 0.000244 0.000385 0.000596 0.000907 0.001353 0.001984 0.002855 0.004033 0.005594 0.007618 0.010183 0.013362 0.017210 0.021758 0.027000 0.032885 0.039312 0.046122 0.053107 0.060013 0.066556 0.072438 0.077371 0.081099 0.083422 0.084211 0.083422 0.081099 0.077371 0.072438 0.066556 0.060013 0.053107 0.046122 0.039312 0.032885 0.027000 0.021758 0.017210 0.013362 0.010183 0.007618 0.005594 0.004033 0.002855 0.001984 0.001353 0.000907 0.000596 0.000385 0.000244 0.000152 0.000093 0.000056 0.000033 0.000019 0.000011 0.000006 0.000003 0.000002 0.000001 0.000001 0.000000 0.000000 0.000000 0.000000 0.000000 0.000000 0.000000 0.000000 0.000000 0.000000 0.000000 0.000000 0.000000 
0.000000 0.000000 0.000000 0.000000 0.000000 0.000000 0.000000 0.000000 0.000000 0.000000 0.000000 0.000000 0.000000 0.000000 0.000001 0.000002 0.000003 0.000006 0.000011 0.000019 0.000033 0.000057 0.000096 0.000160 0.000262 0.000419 0.000661 0.001022 0.001553 0.002316 0.003392 0.004878 0.006887 0.009547 0.012993 0.017358 0.022765 0.029308 0.037037 0.045942 0.055935 0.066843 0.078399 0.090249 0.101962 0.113057 0.123028 0.131390 0.137709 0.141646 0.142983 0.141646 0.137709 0.131390 0.123028 0.113057 0.101962 0.090249 0.078399 0.066843 0.055935 0.045942 0.037037 0.029308 0.022765 0.017358 0.012993 0.009547 0.006887 0.004878 0.003392 0.002316 0.001553 0.001022 0.000661 0.000419 0.000262 0.000160 0.000096 0.000057 0.000033 0.000019 0.000011 0.000006 0.000003 0.000002 0.000001 0.000000 0.000000 0.000000 0.000000 0.000000 0.000000 0.000000 0.000000 0.000000 0.000000 0.000000 0.000000 0.000000 
0.000000 0.000000 0.000000 0.000000 0.000000 0.000000 0.000000 0.000000 0.000000 0.000000 0.000000 0.000000 0.000000 0.000001 0.000001 0.000003 0.000005 0.000010 0.000018 0.000032 0.000056 0.000096 0.000163 0.000271 0.000441 0.000707 0.001113 0.001721 0.002612 0.003893 0.005698 0.008190 0.011556 0.016010 0.021775 0.029077 0.038116 0.049048 0.061956 0.076822 0.093499 0.111696 0.130968 0.150725 0.170249 0.188738 0.205354 0.219284 0.229811 0.236369 0.238596 0.236369 0.229811 0.219284 0.205354 0.188738 0.170249 0.150725 0.130968 0.111696 0.093499 0.076822 0.061956 0.049048 0.038116 0.029077 0.021775 0.016010 0.011556 0.008190 0.005698 0.003893 0.002612 0.001721 0.001113 0.000707 0.000441 0.000271 0.000163 0.000096 0.000056 0.000032 0.000018 0.000010 0.000005 0.000003 0.000001 0.000001 0.000000 0.000000 0.000000 0.000000 0.000000 0.000000 0.000000 0.000000 0.000000 0.000000 0.000000 0.000000 
0.000000 0.000000 0.000000 0.000000 0.000000 0.000000 0.000000 0.000000 0.000000 0.000000 0.000000 0.000000 0.000001 0.000001 0.000002 0.000005 0.000009 0.000016 0.000030 0.000053 0.000093 0.000160 0.000271 0.000449 0.000732 0.001172 0.001843 0.002847 0.004318 0.006431 0.009406 0.013510 0.019052 0.026379 0.035860 0.047860 0.062708 0.080658 0.101844 0.126232 0.153582 0.183415 0.215002 0.247374 0.279358 0.309640 0.336848 0.359658 0.376892 0.387627 0.391274 0.387627 0.376892 0.359658 0.336848 0.309640 0.279358 0.247374 0.215002 0.183415 0.153582 0.126232 0.101844 0.080658 0.062708 0.047860 0.035860 0.026379 0.019052 0.013510 0.009406 0.006431 0.004318 0.002847 0.001843 0.001172 0.000732 0.000449 0.000271 0.000160 0.000093 0.000053 0.000030 0.000016 0.000009 0.000005 0.000002 0.000001 0.000001 0.000000 0.000000 0.000000 0.000000 0.000000 0.000000 0.000000 0.000000 0.000000 0.000000 0.000000 
0.000000 0.000000 0.000000 0.000000 0.000000 0.000000 0.000000 0.000000 0.000000 0.000000 0.000000 0.000001 0.000001 0.000002 0.000004 0.000008 0.000015 0.000027 0.000049 0.000087 0.000152 0.000262 0.000441 0.000732 0.001192 0.001907 0.002997 0.004626 0.007011 0.010436 0.015255 0.021896 0.030860 0.042705 0.058024 0.077402 0.101369 0.130330 0.164498 0.203816 0.247892 0.295956 0.346831 0.398956 0.450446 0.499186 0.542973 0.579675 0.607403 0.624675 0.630541 0.624675 0.607403 0.579675 0.542973 0.499186 0.450446 0.398956 0.346831 0.295956 0.247892 0.203816 0.164498 0.130330 0.101369 0.077402 0.058024 0.042705 0.030860 0.021896 0.015255 0.010436 0.007011 0.004626 0.002997 0.001907 0.001192 0.000732 0.000441 0.000262 0.000152 0.000087 0.000049 0.000027 0.000015 0.000008 0.000004 0.000002 0.000001 0.000001 0.000000 0.000000 0.000000 0.000000 0.000000 0.000000 0.000000 0.000000 0.000000 0.000000 
0.000000 0.000000 0.000000 0.000000 0.000000 0.000000 0.000000 0.000000 0.000000 0.000000 0.000000 0.000001 0.000002 0.000003 0.000007 0.000013 0.000024 0.000043 0.000079 0.000140 0.000244 0.000419 0.000707 0.001172 0.001907 0.003049 0.004788 0.007384 0.011184 0.016637 0.024304 0.034864 0.049110 0.067924 0.092243 0.122991 0.161002 0.206916 0.261062 0.323346 0.393146 0.469236 0.549754 0.632233 0.713687 0.790777 0.860022 0.918056 0.961897 0.989204 0.998477 0.989204 0.961897 0.918056 0.860022 0.790777 0.713687 0.632233 0.549754 0.469236 0.393146 0.323346 0.261062 0.206916 0.161002 0.122991 0.092243 0.067924 0.049110 0.034864 0.024304 0.016637 0.011184 0.007384 0.004788 0.003049 0.001907 0.001172 0.000707 0.000419 0.000244 0.000140 0.000079 0.000043 0.000024 0.000013 0.000007 0.000003 0.000002 0.000001 0.000000 0.000000 0.000000 0.000000 0.000000 0.000000 0.000000 0.000000 0.000000 0.000000 
0.000000 0.000000 0.000000 0.000000 0.000000 0.000000 0.000000 0.000000 0.000000 0.000000 0.000001 0.000001 0.000003 0.000005 0.000010 0.000020 0.000037 0.000069 0.000124 0.000221 0.000385 0.000661 0.001113 0.001843 0.002997 0.004788 0.007513 0.011579 0.017526 0.026055 0.038038 0.054535 0.076777 0.106136 0.144066 0.192002 0.251235 0.322752 0.407061 0.504007 0.612617 0.730978 0.856196 0.984432 1.111049 1.230861 1.338464 1.428635 1.496748 1.539170 1.553576 1.539170 1.496748 1.428635 1.338464 1.230861 1.111049 0.984432 0.856196 0.730978 0.612617 0.504007 0.407061 0.322752 0.251235 0.192002 0.144066 0.106136 0.076777 0.054535 0.038038 0.026055 0.017526 0.011579 0.007513 0.004788 0.002997 0.001843 0.001113 0.000661 0.000385 0.000221 0.000124 0.000069 0.000037 0.000020 0.000010 0.000005 0.000003 0.000001 0.000001 0.000000 0.000000 0.000000 0.000000 0.000000 0.000000 0.000000 0.000000 0.000000 
0.000000 0.000000 0.000000 0.000000 0.000000 0.000000 0.000000 0.000000 0.000000 0.000001 0.000001 0.000002 0.000004 0.000008 0.000016 0.000031 0.000058 0.000107 0.000193 0.000342 0.000596 0.001022 0.001721 0.002847 0.004626 0.007384 0.011579 0.017833 0.026977 0.040080 0.058480 0.083797 0.117911 0.162921 0.221041 0.294461 0.385146 0.494595 0.623572 0.771832 0.937877 1.118780 1.310114 1.506014 1.699405 1.882369 2.046667 2.184332 2.288312 2.353068 2.375059 2.353068 2.288312 2.184332 2.046667 1.882369 1.699405 1.506014 1.310114 1.118780 0.937877 0.771832 0.623572 0.494595 0.385146 0.294461 0.221041 0.162921 0.117911 0.083797 0.058480 0.040080 0.026977 0.017833 0.011579 0.007384 0.004626 0.002847 0.001721 0.001022 0.000596 0.000342 0.000193 0.000107 0.000058 0.000031 0.000016 0.000008 0.000004 0.000002 0.000001 0.000001 0.000000 0.000000 0.000000 0.000000 0.000000 0.000000 0.000000 0.000000 
0.000000 0.000000 0.000000 0.000000 0.000000 0.000000 0.000000 0.000000 0.000000 0.000001 0.000002 0.000003 0.000007 0.000013 0.000025 0.000047 0.000089 0.000163 0.000293 0.000520 0.000907 0.001553 0.002612 0.004318 0.007011 0.011184 0.017526 0.026977 0.040784 0.060559 0.088313 0.126478 0.177880 0.245665 0.333155 0.443629 0.580025 0.744582 0.938432 1.161191 1.410599 1.682250 1.969494 2.263530 2.553743 2.828266 3.074748 3.281252 3.437216 3.534339 3.567321 3.534339 3.437216 3.281252 3.074748 2.828266 2.553743 2.263530 1.969494 1.682250 1.410599 1.161191 0.938432 0.744582 0.580025 0.443629 0.333155 0.245665 0.177880 0.126478 0.088313 0.060559 0.040784 0.026977 0.017526 0.011184 0.007011 0.004318 0.002612 0.001553 0.000907 0.000520 0.000293 0.000163 0.000089 0.000047 0.000025 0.000013 0.000007 0.000003 0.000002 0.000001 0.000000 0.000000 0.000000 0.000000 0.000000 0.000000 0.000000 0.000000 
0.000000 0.000000 0.000000 0.000000 0.000000 0.000000 0.000000 0.000000 0.000001 0.000001 0.000002 0.000005 0.000010 0.000019 0.000037 0.000071 0.000133 0.000243 0.000439 0.000777 0.001353 0.002316 0.003893 0.006431 0.010436 0.016637 0.026055 0.040080 0.060559 0.089872 0.130991 0.187506 0.263585 0.363866 0.493242 0.656538 0.858072 1.101129 1.387355 1.716166 2.084206 2.484968 2.908633 3.342227 3.770106 4.174789 4.538087 4.842431 5.072270 5.215390 5.263991 5.215390 5.072270 4.842431 4.538087 4.174789 3.770106 3.342227 2.908633 2.484968 2.084206 1.716166 1.387355 1.101129 0.858072 0.656538 0.493242 0.363866 0.263585 0.187506 0.130991 0.089872 0.060559 0.040080 0.026055 0.016637 0.010436 0.006431 0.003893 0.002316 0.001353 0.000777 0.000439 0.000243 0.000133 0.000071 0.000037 0.000019 0.000010 0.000005 0.000002 0.000001 0.000001 0.000000 0.000000 0.000000 0.000000 0.000000 0.000000 0.000000 
0.000000 0.000000 0.000000 0.000000 0.000000 0.000000 0.000000 0.000000 0.000001 0.000002 0.000004 0.000007 0.000015 0.000029 0.000055 0.000104 0.000195 0.000357 0.000644 0.001140 0.001984 0.003392 0.005698 0.009406 0.015255 0.024304 0.038038 0.058480 0.088313 0.130991 0.190828 0.273028 0.383633 0.529359 0.717287 0.954392 1.246912 1.599577 2.014747 2.491544 3.025083 3.605912 4.219799 4.847948 5.467711 6.053789 6.579866 7.020529 7.353291 7.560492 7.630852 7.560492 7.353291 7.020529 6.579866 6.053789 5.467711 4.847948 4.219799 3.605912 3.025083 2.491544 2.014747 1.599577 1.246912 0.954392 0.717287 0.529359 0.383633 0.273028 0.190828 0.130991 0.088313 0.058480 0.038038 0.024304 0.015255 0.009406 0.005698 0.003392 0.001984 0.001140 0.000644 0.000357 0.000195 0.000104 0.000055 0.000029 0.000015 0.000007 0.000004 0.000002 0.000001 0.000000 0.000000 0.000000 0.000000 0.000000 0.000000 0.000000 
0.000000 0.000000 0.000000 0.000000 0.000000 0.000000 0.000000 0.000001 0.000001 0.000003 0.000005 0.000011 0.000021 0.000041 0.000080 0.000151 0.000281 0.000515 0.000928 0.001642 0.002855 0.004878 0.008190 0.013510 0.021896 0.034864 0.054535 0.083797 0.126478 0.187506 0.273028 0.390458 0.548397 0.756400 1.024533 1.362704 1.779765 2.282413 2.873967 3.553140 4.312941 5.139892 6.013725 6.907690 7.789574 8.623408 9.371788 9.998603 10.471902 10.766596 10.866664 10.766596 10.471902 9.998603 9.371788 8.623408 7.789574 6.907690 6.013725 5.139892 4.312941 3.553140 2.873967 2.282413 1.779765 1.362704 1.024533 0.756400 0.548397 0.390458 0.273028 0.187506 0.126478 0.083797 0.054535 0.034864 0.021896 0.013510 0.008190 0.004878 0.002855 0.001642 0.000928 0.000515 0.000281 0.000151 0.000080 0.000041 0.000021 0.000011 0.000005 0.000003 0.000001 0.000001 0.000000 0.000000 0.000000 0.000000 0.000000 0.000000 
0.000000 0.000000 0.000000 0.000000 0.000000 0.000000 0.000000 0.000001 0.000002 0.000004 0.000007 0.000015 0.000030 0.000059 0.000113 0.000214 0.000398 0.000730 0.001313 0.002321 0.004033 0.006887 0.011556 0.019052 0.030860 0.049110 0.076777 0.117911 0.177880 0.263585 0.383633 0.548397 0.769905 1.061511 1.437274 1.911020 2.495088 3.198795 4.026732 4.977044 6.039911 7.196455 8.418319 9.668110 10.900817 12.066204 13.112041 13.987915 14.649231 15.060974 15.200784 15.060974 14.649231 13.987915 13.112041 12.066204 10.900817 9.668110 8.418319 7.196455 6.039911 4.977044 4.026732 3.198795 2.495088 1.911020 1.437274 1.061511 0.769905 0.548397 0.383633 0.263585 0.177880 0.117911 0.076777 0.049110 0.030860 0.019052 0.011556 0.006887 0.004033 0.002321 0.001313 0.000730 0.000398 0.000214 0.000113 0.000059 0.000030 0.000015 0.000007 0.000004 0.000002 0.000001 0.000000 0.000000 0.000000 0.000000 0.000000 0.000000 
0.000000 0.000000 0.000000 0.000000 0.000000 0.000000 0.000001 0.000001 0.000002 0.000005 0.000010 0.000021 0.000042 0.000082 0.000157 0.000298 0.000554 0.001014 0.001823 0.003221 0.005594 0.009547 0.016010 0.026379 0.042705 0.067924 0.106136 0.162921 0.245665 0.363866 0.529359 0.756400 1.061511 1.463025 1.980230 2.632082 3.435476 4.403150 5.541341 6.847434 8.307880 9.896707 11.574949 13.291259 14.983856 16.583813 18.019488 19.221744 20.129433 20.694546 20.886429 20.694546 20.129433 19.221744 18.019488 16.583813 14.983856 13.291259 11.574949 9.896707 8.307880 6.847434 5.541341 4.403150 3.435476 2.632082 1.980230 1.463025 1.061511 0.756400 0.529359 0.363866 0.245665 0.162921 0.106136 0.067924 0.042705 0.026379 0.016010 0.009547 0.005594 0.003221 0.001823 0.001014 0.000554 0.000298 0.000157 0.000082 0.000042 0.000021 0.000010 0.000005 0.000002 0.000001 0.000001 0.000000 0.000000 0.000000 0.000000 0.000000 
0.000000 0.000000 0.000000 0.000000 0.000000 0.000000 0.000001 0.000002 0.000003 0.000007 0.000014 0.000029 0.000057 0.000112 0.000215 0.000407 0.000757 0.001383 0.002485 0.004389 0.007618 0.012993 0.021775 0.035860 0.058024 0.092243 0.144066 0.221041 0.333155 0.493242 0.717287 1.024533 1.437274 1.980230 2.679396 3.560299 4.645672 5.952618 7.489467 9.252604 11.223675 13.367585 15.631741 17.946884 20.229722 22.387354 24.323249 25.944267 27.168041 27.929914 28.188602 27.929914 27.168041 25.944267 24.323249 22.387354 20.229722 17.946884 15.631741 13.367585 11.223675 9.252604 7.489467 5.952618 4.645672 3.560299 2.679396 1.980230 1.437274 1.024533 0.717287 0.493242 0.333155 0.221041 0.144066 0.092243 0.058024 0.035860 0.021775 0.012993 0.007618 0.004389 0.002485 0.001383 0.000757 0.000407 0.000215 0.000112 0.000057 0.000029 0.000014 0.000007 0.000003 0.000002 0.000001 0.000000 0.000000 0.000000 0.000000 0.000000 
0.000000 0.000000 0.000000 0.000000 0.000000 0.000000 0.000001 0.000002 0.000004 0.000009 0.000019 0.000039 0.000077 0.000150 0.000288 0.000545 0.001014 0.001852 0.003326 0.005870 0.010183 0.017358 0.029077 0.047860 0.077402 0.122991 0.192002 0.294461 0.443629 0.656538 0.954392 1.362704 1.911020 2.632082 3.560299 4.729442 6.169555 7.903206 9.941323 12.279010 14.891849 17.733268 20.733547 23.800929 26.825109 29.683101 32.247139 34.393969 36.014609 37.023517 37.366077 37.023517 36.014609 34.393969 32.247139 29.683101 26.825109 23.800929 20.733547 17.733268 14.891849 12.279010 9.941323 7.903206 6.169555 4.729442 3.560299 2.632082 1.911020 1.362704 0.954392 0.656538 0.443629 0.294461 0.192002 0.122991 0.077402 0.047860 0.029077 0.017358 0.010183 0.005870 0.003326 0.001852 0.001014 0.000545 0.000288 0.000150 0.000077 0.000039 0.000019 0.000009 0.000004 0.000002 0.000001 0.000000 0.000000 0.000000 0.000000 0.000000 
0.000000 0.000000 0.000000 0.000000 0.000000 0.000001 0.000001 0.000003 0.000006 0.000012 0.000025 0.000051 0.000101 0.000198 0.000380 0.000718 0.001333 0.002434 0.004369 0.007707 0.013362 0.022765 0.038116 0.062708 0.101369 0.161002 0.251235 0.385146 0.580025 0.858072 1.246912 1.779765 2.495088 3.435476 4.645672 6.169555 8.046133 10.304657 12.959222 16.003322 19.405063 23.103749 27.008604 31.000230 34.935152 38.653444 41.989003 44.781618 46.889650 48.201930 48.647489 48.201930 46.889650 44.781618 41.989003 38.653444 34.935152 31.000230 27.008604 23.103749 19.405063 16.003322 12.959222 10.304657 8.046133 6.169555 4.645672 3.435476 2.495088 1.779765 1.246912 0.858072 0.580025 0.385146 0.251235 0.161002 0.101369 0.062708 0.038116 0.022765 0.013362 0.007707 0.004369 0.002434 0.001333 0.000718 0.000380 0.000198 0.000101 0.000051 0.000025 0.000012 0.000006 0.000003 0.000001 0.000001 0.000000 0.000000 0.000000 0.000000 
0.000000 0.000000 0.000000 0.000000 0.000000 0.000001 0.000002 0.000004 0.000008 0.000016 0.000033 0.000066 0.000131 0.000255 0.000491 0.000927 0.001720 0.003140 0.005633 0.009932 0.017210 0.029308 0.049048 0.080658 0.130330 0.206916 0.322752 0.494595 0.744582 1.101129 1.599577 2.282413 3.198795 4.403150 5.952618 7.903206 10.304657 13.194225 16.589765 20.482808 24.832447 29.560999 34.552390 39.654024 44.682608 49.433884 53.695748 57.263655 59.956791 61.633250 62.202450 61.633250 59.956791 57.263655 53.695748 49.433884 44.682608 39.654024 34.552390 29.560999 24.832447 20.482808 16.589765 13.194225 10.304657 7.903206 5.952618 4.403150 3.198795 2.282413 1.599577 1.101129 0.744582 0.494595 0.322752 0.206916 0.130330 0.080658 0.049048 0.029308 0.017210 0.009932 0.005633 0.003140 0.001720 0.000927 0.000491 0.000255 0.000131 0.000066 0.000033 0.000016 0.000008 0.000004 0.000002 0.000001 0.000000 0.000000 0.000000 0.000000 
0.000000 0.000000 0.000000 0.000000 0.000000 0.000001 0.000002 0.000005 0.000010 0.000020 0.000041 0.000084 0.000166 0.000324 0.000622 0.001174 0.002179 0.003975 0.007128 0.012562 0.021758 0.037037 0.061956 0.101844 0.164498 0.261062 0.407061 0.623572 0.938432 1.387355 2.014747 2.873967 4.026732 5.541341 7.489467 9.941323 12.959222 16.589765 20.855187 25.744674 31.206712 37.143666 43.409770 49.813493 56.124848 62.087609 67.435761 71.912802 75.292018 77.395494 78.109665 77.395494 75.292018 71.912802 67.435761 62.087609 56.124848 49.813493 43.409770 37.143666 31.206712 25.744674 20.855187 16.589765 12.959222 9.941323 7.489467 5.541341 4.026732 2.873967 2.014747 1.387355 0.938432 0.623572 0.407061 0.261062 0.164498 0.101844 0.061956 0.037037 0.021758 0.012562 0.007128 0.003975 0.002179 0.001174 0.000622 0.000324 0.000166 0.000084 0.000041 0.000020 0.000010 0.000005 0.000002 0.000001 0.000000 0.000000 0.000000 0.000000 
0.000000 0.000000 0.000000 0.000000 0.000001 0.000001 0.000003 0.000006 0.000012 0.000025 0.000052 0.000104 0.000207 0.000403 0.000774 0.001461 0.002709 0.004940 0.008853 0.015595 0.027000 0.045942 0.076822 0.126232 0.203816 0.323346 0.504007 0.771832 1.161191 1.716166 2.491544 3.553140 4.977044 6.847434 9.252604 12.279010 16.003322 20.482808 25.744674 31.775381 38.511238 45.831744 53.557130 61.451300 69.230839 76.580075 83.171329 88.688685 92.852942 95.445014 96.325060 95.445014 92.852942 88.688685 83.171329 76.580075 69.230839 61.451300 53.557130 45.831744 38.511238 31.775381 25.744674 20.482808 16.003322 12.279010 9.252604 6.847434 4.977044 3.553140 2.491544 1.716166 1.161191 0.771832 0.504007 0.323346 0.203816 0.126232 0.076822 0.045942 0.027000 0.015595 0.008853 0.004940 0.002709 0.001461 0.000774 0.000403 0.000207 0.000104 0.000052 0.000025 0.000012 0.000006 0.000003 0.000001 0.000001 0.000000 0.000000 0.000000 
0.000000 0.000000 0.000000 0.000000 0.000001 0.000001 0.000003 0.000007 0.000015 0.000031 0.000063 0.000127 0.000253 0.000493 0.000945 0.001783 0.003305 0.006023 0.010791 0.019001 0.032885 0.055935 0.093499 0.153582 0.247892 0.393146 0.612617 0.937877 1.410599 2.084206 3.025083 4.312941 6.039911 8.307880 11.223675 14.891849 19.405063 24.832447 31.206712 38.511238 46.668711 55.533090 64.886660 74.443608 83.860935 92.756686 100.734438 107.412052 112.451826 115.588789 116.653820 115.588789 112.451826 107.412052 100.734438 92.756686 83.860935 74.443608 64.886660 55.533090 46.668711 38.511238 31.206712 24.832447 19.405063 14.891849 11.223675 8.307880 6.039911 4.312941 3.025083 2.084206 1.410599 0.937877 0.612617 0.393146 0.247892 0.153582 0.093499 0.055935 0.032885 0.019001 0.010791 0.006023 0.003305 0.001783 0.000945 0.000493 0.000253 0.000127 0.000063 0.000031 0.000015 0.000007 0.000003 0.000001 0.000001 0.000000 0.000000 0.000000 
0.000000 0.000000 0.000000 0.000000 0.000001 0.000002 0.000004 0.000008 0.000018 0.000037 0.000076 0.000153 0.000303 0.000591 0.001132 0.002135 0.003956 0.007208 0.012908 0.022722 0.039312 0.066843 0.111696 0.183415 0.295956 0.469236 0.730978 1.118780 1.682250 2.484968 3.605912 5.139892 7.196455 9.896707 13.367585 17.733268 23.103749 29.560999 37.143666 45.831744 55.533090 66.073910 77.195278 88.557408 99.752635 110.327081 119.809745 127.746646 133.736628 137.464954 138.730744 137.464954 133.736628 127.746646 119.809745 110.327081 99.752635 88.557408 77.195278 66.073910 55.533090 45.831744 37.143666 29.560999 23.103749 17.733268 13.367585 9.896707 7.196455 5.139892 3.605912 2.484968 1.682250 1.118780 0.730978 0.469236 0.295956 0.183415 0.111696 0.066843 0.039312 0.022722 0.012908 0.007208 0.003956 0.002135 0.001132 0.000591 0.000303 0.000153 0.000076 0.000037 0.000018 0.000008 0.000004 0.000002 0.000001 0.000000 0.000000 0.000000 
0.000000 0.000000 0.000000 0.000000 0.000001 0.000002 0.000005 0.000010 0.000021 0.000043 0.000089 0.000180 0.000356 0.000694 0.001331 0.002509 0.004648 0.008465 0.015154 0.026667 0.046122 0.078399 0.130968 0.215002 0.346831 0.549754 0.856196 1.310114 1.969494 2.908633 4.219799 6.013725 8.418319 11.574949 15.631741 20.733547 27.008604 34.552390 43.409770 53.557130 64.886660 77.195278 90.180595 103.445925 116.515445 128.859483 139.928459 149.192703 156.184214 160.535827 162.013211 160.535827 156.184214 149.192703 139.928459 128.859483 116.515445 103.445925 90.180595 77.195278 64.886660 53.557130 43.409770 34.552390 27.008604 20.733547 15.631741 11.574949 8.418319 6.013725 4.219799 2.908633 1.969494 1.310114 0.856196 0.549754 0.346831 0.215002 0.130968 0.078399 0.046122 0.026667 0.015154 0.008465 0.004648 0.002509 0.001331 0.000694 0.000356 0.000180 0.000089 0.000043 0.000021 0.000010 0.000005 0.000002 0.000001 0.000000 0.000000 0.000000 
