0.000000 0.000000 0.000000 0.000000 0.000000 0.000000 0.000000 0.000000 0.000000 0.000000 0.000000 0.000000 0.000000 0.000000 0.000000 0.000000 0.000000 0.000000 0.000000 0.000000 0.000000 0.000000 0.000000 0.000000 0.000000 0.000001 0.000001 0.000001 0.000002 0.000002 0.000003 0.000004 0.000005 0.000006 0.000007 0.000009 0.000011 0.000014 0.000016 0.000019 0.000022 0.000025 0.000028 0.000031 0.000034 0.000037 0.000039 0.000041 0.000043 0.000044 0.000044 0.000044 0.000043 0.000041 0.000039 0.000037 0.000034 0.000031 0.000028 0.000025 0.000022 0.000019 0.000016 0.000014 0.000011 0.000009 0.000007 0.000006 0.000005 0.000004 0.000003 0.000002 0.000002 0.000001 0.000001 0.000001 0.000000 0.000000 0.000000 0.000000 0.000000 0.000000 0.000000 0.000000 0.000000 0.000000 0.000000 0.000000 0.000000 0.000000 0.000000 0.000000 0.000000 0.000000 0.000000 0.000000 0.000000 0.000000 0.000000 0.000000 
0.000000 0.000000 0.000000 0.000000 0.000000 0.000000 0.000000 0.000000 0.000000 0.000000 0.000000 0.000000 0.000000 0.000000 0.000000 0.000000 0.000000 0.000000 0.000000 0.000000 0.000000 0.000000 0.000000 0.000000 0.000000 0.000001 0.000001 0.000001 0.000002 0.000002 0.000003 0.000004 0.000005 0.000006 0.000007 0.000009 0.000011 0.000014 0.000016 0.000019 0.000022 0.000025 0.000028 0.000031 0.000034 0.000037 0.000039 0.000041 0.000043 0.000044 0.000044 0.000044 0.000043 0.000041 0.000039 0.000037 0.000034 0.000031 0.000028 0.000025 0.000022 0.000019 0.000016 0.000014 0.000011 0.000009 0.000007 0.000006 0.000005 0.000004 0.000003 0.000002 0.000002 0.000001 0.000001 0.000001 0.000000 0.000000 0.000000 0.000000 0.000000 0.000000 0.000000 0.000000 0.000000 0.000000 0.000000 0.000000 0.000000 0.000000 0.000000 0.000000 0.000000 0.000000 0.000000 0.000000 0.000000 0.000000 0.000000 0.000000 
0.000000 0.000000 0.000000 0.000000 0.000000 0.000000 0.000000 0.000000 0.000000 0.000000 0.000000 0.000000 0.000000 0.000000 0.000000 0.000000 0.000000 0.000000 0.000000 0.000000 0.000000 0.000000 0.000000 0.000000 0.000001 0.000001 0.000001 0.000002 0.000002 0.000003 0.000004 0.000005 0.000007 0.000008 0.000010 0.000013 0.000016 0.000019 0.000023 0.000027 0.000031 0.000035 0.000040 0.000044 0.000048 0.000052 0.000056 0.000058 0.000060 0.000062 0.000062 0.000062 0.000060 0.000058 0.000056 0.000052 0.000048 0.000044 0.000040 0.000035 0.000031 0.000027 0.000023 0.000019 0.000016 0.000013 0.000010 0.000008 0.000007 0.000005 0.000004 0.000003 0.000002 0.000002 0.000001 0.000001 0.000001 0.000000 0.000000 0.000000 0.000000 0.000000 0.000000 0.000000 0.000000 0.000000 0.000000 0.000000 0.000000 0.000000 0.000000 0.000000 0.000000 0.000000 0.000000 0.000000 0.000000 0.000000 0.000000 0.000000 
0.000000 0.000000 0.000000 0.000000 0.000000 0.000000 0.000000 0.000000 0.000000 0.000000 0.000000 0.000000 0.000000 0.000000 0.000000 0.000000 0.000000 0.000000 0.000000 0.000000 0.000000 0.000000 0.000000 0.000001 0.000001 0.000001 0.000002 0.000003 0.000004 0.000005 0.000007 0.000009 0.000011 0.000014 0.000018 0.000022 0.000027 0.000032 0.000039 0.000045 0.000052 0.000060 0.000067 0.000074 0.000081 0.000088 0.000094 0.000098 0.000102 0.000104 0.000105 0.000104 0.000102 0.000098 0.000094 0.000088 0.000081 0.000074 0.000067 0.000060 0.000052 0.000045 0.000039 0.000032 0.000027 0.000022 0.000018 0.000014 0.000011 0.000009 0.000007 0.000005 0.000004 0.000003 0.000002 0.000001 0.000001 0.000001 0.000000 0.000000 0.000000 0.000000 0.000000 0.000000 0.000000 0.000000 0.000000 0.000000 0.000000 0.000000 0.000000 0.000000 0.000000 0.000000 0.000000 0.000000 0.000000 0.000000 0.000000 0.000000 
0.000000 0.000000 0.000000 0.000000 0.000000 0.000000 0.000000 0.000000 0.000000 0.000000 0.000000 0.000000 0.000000 0.000000 0.000000 0.000000 0.000000 0.000000 0.000000 0.000000 0.000000 0.000001 0.000001 0.000001 0.000002 0.000002 0.000004 0.000005 0.000007 0.000009 0.000012 0.000015 0.000020 0.000025 0.000032 0.000039 0.000048 0.000058 0.000069 0.000081 0.000093 0.000106 0.000120 0.000133 0.000145 0.000157 0.000167 0.000175 0.000181 0.000185 0.000186 0.000185 0.000181 0.000175 0.000167 0.000157 0.000145 0.000133 0.000120 0.000106 0.000093 0.000081 0.000069 0.000058 0.000048 0.000039 0.000032 0.000025 0.000020 0.000015 0.000012 0.000009 0.000007 0.000005 0.000004 0.000002 0.000002 0.000001 0.000001 0.000001 0.000000 0.000000 0.000000 0.000000 0.000000 0.000000 0.000000 0.000000 0.000000 0.000000 0.000000 0.000000 0.000000 0.000000 0.000000 0.000000 0.000000 0.000000 0.000000 0.000000 
0.000000 0.000000 0.000000 0.000000 0.000000 0.000000 0.000000 0.000000 0.000000 0.000000 0.000000 0.000000 0.000000 0.000000 0.000000 0.000000 0.000000 0.000000 0.000000 0.000000 0.000001 0.000001 0.000002 0.000002 0.000003 0.000005 0.000006 0.000009 0.000012 0.000016 0.000021 0.000028 0.000036 0.000046 0.000057 0.000071 0.000087 0.000104 0.000124 0.000145 0.000168 0.000191 0.000215 0.000239 0.000261 0.000282 0.000300 0.000315 0.000326 0.000333 0.000335 0.000333 0.000326 0.000315 0.000300 0.000282 0.000261 0.000239 0.000215 0.000191 0.000168 0.000145 0.000124 0.000104 0.000087 0.000071 0.000057 0.000046 0.000036 0.000028 0.000021 0.000016 0.000012 0.000009 0.000006 0.000005 0.000003 0.000002 0.000002 0.000001 0.000001 0.000000 0.000000 0.000000 0.000000 0.000000 0.000000 0.000000 0.000000 0.000000 0.000000 0.000000 0.000000 0.000000 0.000000 0.000000 0.000000 0.000000 0.000000 0.000000 
0.000000 0.000000 0.000000 0.000000 0.000000 0.000000 0.000000 0.000000 0.000000 0.000000 0.000000 0.000000 0.000000 0.000000 0.000000 0.000000 0.000000 0.000000 0.000001 0.000001 0.000001 0.000002 0.000003 0.000004 0.000006 0.000008 0.000011 0.000016 0.000021 0.000029 0.000038 0.000050 0.000064 0.000082 0.000102 0.000127 0.000155 0.000186 0.000221 0.000259 0.000300 0.000342 0.000384 0.000426 0.000466 0.000503 0.000535 0.000562 0.000581 0.000593 0.000598 0.000593 0.000581 0.000562 0.000535 0.000503 0.000466 0.000426 0.000384 0.000342 0.000300 0.000259 0.000221 0.000186 0.000155 0.000127 0.000102 0.000082 0.000064 0.000050 0.000038 0.000029 0.000021 0.000016 0.000011 0.000008 0.000006 0.000004 0.000003 0.000002 0.000001 0.000001 0.000001 0.000000 0.000000 0.000000 0.000000 0.000000 0.000000 0.000000 0.000000 0.000000 0.000000 0.000000 0.000000 0.000000 0.000000 0.000000 0.000000 0.000000 
0.000000 0.000000 0.000000 0.000000 0.000000 0.000000 0.000000 0.000000 0.000000 0.000000 0.000000 0.000000 0.000000 0.000000 0.000000 0.000000 0.000000 0.000001 0.000001 0.000001 0.000002 0.000003 0.000005 0.000007 0.000010 0.000014 0.000020 0.000028 0.000038 0.000051 0.000067 0.000088 0.000114 0.000144 0.000181 0.000224 0.000274 0.000329 0.000391 0.000458 0.000529 0.000604 0.000678 0.000752 0.000823 0.000888 0.000944 0.000991 0.001026 0.001047 0.001055 0.001047 0.001026 0.000991 0.000944 0.000888 0.000823 0.000752 0.000678 0.000604 0.000529 0.000458 0.000391 0.000329 0.000274 0.000224 0.000181 0.000144 0.000114 0.000088 0.000067 0.000051 0.000038 0.000028 0.000020 0.000014 0.000010 0.000007 0.000005 0.000003 0.000002 0.000001 0.000001 0.000001 0.000000 0.000000 0.000000 0.000000 0.000000 0.000000 0.000000 0.000000 0.000000 0.000000 0.000000 0.000000 0.000000 0.000000 0.000000 0.000000 
0.000000 0.000000 0.000000 0.000000 0.000000 0.000000 0.000000 0.000000 0.000000 0.000000 0.000000 0.000000 0.000000 0.000000 0.000000 0.000000 0.000001 0.000001 0.000002 0.000003 0.000004 0.000006 0.000009 0.000012 0.000018 0.000025 0.000035 0.000049 0.000066 0.000089 0.000118 0.000154 0.000199 0.000252 0.000317 0.000392 0.000478 0.000575 0.000683 0.000800 0.000924 0.001053 0.001184 0.001312 0.001435 0.001548 0.001647 0.001728 0.001789 0.001826 0.001839 0.001826 0.001789 0.001728 0.001647 0.001548 0.001435 0.001312 0.001184 0.001053 0.000924 0.000800 0.000683 0.000575 0.000478 0.000392 0.000317 0.000252 0.000199 0.000154 0.000118 0.000089 0.000066 0.000049 0.000035 0.000025 0.000018 0.000012 0.000009 0.000006 0.000004 0.000003 0.000002 0.000001 0.000001 0.000000 0.000000 0.000000 0.000000 0.000000 0.000000 0.000000 0.000000 0.000000 0.000000 0.000000 0.000000 0.000000 0.000000 0.000000 
0.000000 0.000000 0.000000 0.000000 0.000000 0.000000 0.000000 0.000000 0.000000 0.000000 0.000000 0.000000 0.000000 0.000000 0.000000 0.000001 0.000001 0.000002 0.000003 0.000004 0.000007 0.000010 0.000015 0.000022 0.000031 0.000044 0.000061 0.000084 0.000115 0.000154 0.000204 0.000266 0.000343 0.000436 0.000546 0.000676 0.000824 0.000992 0.001178 0.001379 0.001593 0.001815 0.002039 0.002261 0.002472 0.002666 0.002836 0.002976 0.003080 0.003144 0.003166 0.003144 0.003080 0.002976 0.002836 0.002666 0.002472 0.002261 0.002039 0.001815 0.001593 0.001379 0.001178 0.000992 0.000824 0.000676 0.000546 0.000436 0.000343 0.000266 0.000204 0.000154 0.000115 0.000084 0.000061 0.000044 0.000031 0.000022 0.000015 0.000010 0.000007 0.000004 0.000003 0.000002 0.000001 0.000001 0.000000 0.000000 0.000000 0.000000 0.000000 0.000000 0.000000 0.000000 0.000000 0.000000 0.000000 0.000000 0.000000 0.000000 
0.000000 0.000000 0.000000 0.000000 0.000000 0.000000 0.000000 0.000000 0.000000 0.000000 0.000000 0.000000 0.000000 0.000000 0.000001 0.000001 0.000002 0.000003 0.000005 0.000008 0.000012 0.000017 0.000025 0.000037 0.000053 0.000075 0.000105 0.000144 0.000196 0.000263 0.000348 0.000454 0.000585 0.000743 0.000931 0.001151 0.001404 0.001689 0.002005 0.002347 0.002711 0.003088 0.003470 0.003846 0.004204 0.004534 0.004823 0.005060 0.005237 0.005346 0.005383 0.005346 0.005237 0.005060 0.004823 0.004534 0.004204 0.003846 0.003470 0.003088 0.002711 0.002347 0.002005 0.001689 0.001404 0.001151 0.000931 0.000743 0.000585 0.000454 0.000348 0.000263 0.000196 0.000144 0.000105 0.000075 0.000053 0.000037 0.000025 0.000017 0.000012 0.000008 0.000005 0.000003 0.000002 0.000001 0.000001 0.000000 0.000000 0.000000 0.000000 0.000000 0.000000 0.000000 0.000000 0.000000 0.000000 0.000000 0.000000 0.000000 
0.000000 0.000000 0.000000 0.000000 0.000000 0.000000 0.000000 0.000000 0.000000 0.000000 0.000000 0.000000 0.000000 0.000001 0.000001 0.000002 0.000003 0.000005 0.000008 0.000013 0.000020 0.000029 0.000043 0.000062 0.000089 0.000127 0.000177 0.000243 0.000331 0.000443 0.000586 0.000765 0.000985 0.001251 0.001567 0.001937 0.002362 0.002841 0.003370 0.003945 0.004555 0.005188 0.005829 0.006459 0.007061 0.007614 0.008098 0.008496 0.008793 0.008975 0.009037 0.008975 0.008793 0.008496 0.008098 0.007614 0.007061 0.006459 0.005829 0.005188 0.004555 0.003945 0.003370 0.002841 0.002362 0.001937 0.001567 0.001251 0.000985 0.000765 0.000586 0.000443 0.000331 0.000243 0.000177 0.000127 0.000089 0.000062 0.000043 0.000029 0.000020 0.000013 0.000008 0.000005 0.000003 0.000002 0.000001 0.000001 0.000000 0.000000 0.000000 0.000000 0.000000 0.000000 0.000000 0.000000 0.000000 0.000000 0.000000 0.000000 
0.000000 0.000000 0.000000 0.000000 0.000000 0.000000 0.000000 0.000000 0.000000 0.000000 0.000000 0.000000 0.000001 0.000001 0.000002 0.000004 0.000006 0.000009 0.000014 0.000022 0.000033 0.000049 0.000072 0.000104 0.000149 0.000211 0.000294 0.000405 0.000550 0.000738 0.000975 0.001272 0.001637 0.002079 0.002604 0.003217 0.003922 0.004716 0.005595 0.006547 0.007558 0.008606 0.009668 0.010713 0.011709 0.012625 0.013427 0.014086 0.014576 0.014879 0.014981 0.014879 0.014576 0.014086 0.013427 0.012625 0.011709 0.010713 0.009668 0.008606 0.007558 0.006547 0.005595 0.004716 0.003922 0.003217 0.002604 0.002079 0.001637 0.001272 0.000975 0.000738 0.000550 0.000405 0.000294 0.000211 0.000149 0.000104 0.000072 0.000049 0.000033 0.000022 0.000014 0.000009 0.000006 0.000004 0.000002 0.000001 0.000001 0.000000 0.000000 0.000000 0.000000 0.000000 0.000000 0.000000 0.000000 0.000000 0.000000 0.000000 
0.000000 0.000000 0.000000 0.000000 0.000000 0.000000 0.000000 0.000000 0.000000 0.000000 0.000000 0.000001 0.000001 0.000002 0.000004 0.000006 0.000010 0.000015 0.000023 0.000036 0.000054 0.000080 0.000118 0.000172 0.000246 0.000347 0.000484 0.000666 0.000905 0.001212 0.001602 0.002089 0.002687 0.003411 0.004271 0.005276 0.006430 0.007730 0.009168 0.010727 0.012381 0.014097 0.015833 0.017541 0.019171 0.020668 0.021979 0.023057 0.023859 0.024353 0.024520 0.024353 0.023859 0.023057 0.021979 0.020668 0.019171 0.017541 0.015833 0.014097 0.012381 0.010727 0.009168 0.007730 0.006430 0.005276 0.004271 0.003411 0.002687 0.002089 0.001602 0.001212 0.000905 0.000666 0.000484 0.000347 0.000246 0.000172 0.000118 0.000080 0.000054 0.000036 0.000023 0.000015 0.000010 0.000006 0.000004 0.000002 0.000001 0.000001 0.000000 0.000000 0.000000 0.000000 0.000000 0.000000 0.000000 0.000000 0.000000 0.000000 
0.000000 0.000000 0.000000 0.000000 0.000000 0.000000 0.000000 0.000000 0.000000 0.000000 0.000001 0.000001 0.000002 0.000004 0.000006 0.000010 0.000016 0.000024 0.000038 0.000058 0.000088 0.000131 0.000192 0.000279 0.000399 0.000564 0.000786 0.001082 0.001468 0.001966 0.002597 0.003386 0.004355 0.005525 0.006917 0.008543 0.010408 0.012510 0.014834 0.017353 0.020025 0.022796 0.025599 0.028359 0.030990 0.033406 0.035523 0.037263 0.038557 0.039355 0.039624 0.039355 0.038557 0.037263 0.035523 0.033406 0.030990 0.028359 0.025599 0.022796 0.020025 0.017353 0.014834 0.012510 0.010408 0.008543 0.006917 0.005525 0.004355 0.003386 0.002597 0.001966 0.001468 0.001082 0.000786 0.000564 0.000399 0.000279 0.000192 0.000131 0.000088 0.000058 0.000038 0.000024 0.000016 0.000010 0.000006 0.000004 0.000002 0.000001 0.000001 0.000000 0.000000 0.000000 0.000000 0.000000 0.000000 0.000000 0.000000 0.000000 
0.000000 0.000000 0.000000 0.000000 0.000000 0.000000 0.000000 0.000000 0.000000 0.000001 0.000001 0.000002 0.000004 0.000006 0.000010 0.000016 0.000025 0.000039 0.000061 0.000093 0.000141 0.000210 0.000309 0.000448 0.000641 0.000905 0.001261 0.001733 0.002352 0.003148 0.004158 0.005418 0.006966 0.008837 0.011059 0.013655 0.016633 0.019988 0.023696 0.027714 0.031976 0.036395 0.040865 0.045264 0.049458 0.053310 0.056684 0.059456 0.061518 0.062790 0.063220 0.062790 0.061518 0.059456 0.056684 0.053310 0.049458 0.045264 0.040865 0.036395 0.031976 0.027714 0.023696 0.019988 0.016633 0.013655 0.011059 0.008837 0.006966 0.005418 0.004158 0.003148 0.002352 0.001733 0.001261 0.000905 0.000641 0.000448 0.000309 0.000210 0.000141 0.000093 0.000061 0.000039 0.000025 0.000016 0.000010 0.000006 0.000004 0.000002 0.000001 0.000001 0.000000 0.000000 0.000000 0.000000 0.000000 0.000000 0.000000 0.000000 
0.000000 0.000000 0.000000 0.000000 0.000000 0.000000 0.000000 0.000000 0.000001 0.000001 0.000002 0.000003 0.000006 0.000010 0.000016 0.000025 0.000040 0.000063 0.000097 0.000148 0.000224 0.000333 0.000489 0.000709 0.001015 0.001432 0.001995 0.002742 0.003719 0.004976 0.006570 0.008560 0.011002 0.013952 0.017456 0.021548 0.026241 0.031527 0.037369 0.043696 0.050407 0.057365 0.064402 0.071326 0.077927 0.083989 0.089298 0.093659 0.096904 0.098905 0.099581 0.098905 0.096904 0.093659 0.089298 0.083989 0.077927 0.071326 0.064402 0.057365 0.050407 0.043696 0.037369 0.031527 0.026241 0.021548 0.017456 0.013952 0.011002 0.008560 0.006570 0.004976 0.003719 0.002742 0.001995 0.001432 0.001015 0.000709 0.000489 0.000333 0.000224 0.000148 0.000097 0.000063 0.000040 0.000025 0.000016 0.000010 0.000006 0.000003 0.000002 0.000001 0.000001 0.000000 0.000000 0.000000 0.000000 0.000000 0.000000 0.000000 
0.000000 0.000000 0.000000 0.000000 0.000000 0.000000 0.000000 0.000001 0.000001 0.000002 0.000003 0.000005 0.000009 0.000015 0.000024 0.000039 0.000063 0.000098 0.000152 0.000232 0.000350 0.000521 0.000765 0.001109 0.001586 0.002238 0.003116 0.004282 0.005805 0.007765 0.010249 0.013348 0.017152 0.021745 0.027200 0.033567 0.040869 0.049091 0.058176 0.068015 0.078448 0.089262 0.100199 0.110958 0.121215 0.130633 0.138881 0.145655 0.150696 0.153804 0.154854 0.153804 0.150696 0.145655 0.138881 0.130633 0.121215 0.110958 0.100199 0.089262 0.078448 0.068015 0.058176 0.049091 0.040869 0.033567 0.027200 0.021745 0.017152 0.013348 0.010249 0.007765 0.005805 0.004282 0.003116 0.002238 0.001586 0.001109 0.000765 0.000521 0.000350 0.000232 0.000152 0.000098 0.000063 0.000039 0.000024 0.000015 0.000009 0.000005 0.000003 0.000002 0.000001 0.000001 0.000000 0.000000 0.000000 0.000000 0.000000 0.000000 
0.000000 0.000000 0.000000 0.000000 0.000000 0.000000 0.000001 0.000001 0.000002 0.000003 0.000005 0.000008 0.000014 0.000023 0.000038 0.000061 0.000097 0.000152 0.000235 0.000359 0.000541 0.000805 0.001182 0.001712 0.002447 0.003452 0.004805 0.006599 0.008944 0.011961 0.015783 0.020548 0.026396 0.033456 0.041838 0.051619 0.062835 0.075461 0.089409 0.104511 0.120523 0.137118 0.153898 0.170404 0.186138 0.200583 0.213233 0.223622 0.231352 0.236118 0.237728 0.236118 0.231352 0.223622 0.213233 0.200583 0.186138 0.170404 0.153898 0.137118 0.120523 0.104511 0.089409 0.075461 0.062835 0.051619 0.041838 0.033456 0.026396 0.020548 0.015783 0.011961 0.008944 0.006599 0.004805 0.003452 0.002447 0.001712 0.001182 0.000805 0.000541 0.000359 0.000235 0.000152 0.000097 0.000061 0.000038 0.000023 0.000014 0.000008 0.000005 0.000003 0.000002 0.000001 0.000001 0.000000 0.000000 0.000000 0.000000 0.000000 
0.000000 0.000000 0.000000 0.000000 0.000000 0.000000 0.000001 0.000001 0.000003 0.000004 0.000008 0.000013 0.000022 0.000036 0.000058 0.000093 0.000148 0.000232 0.000359 0.000548 0.000826 0.001228 0.001802 0.002609 0.003727 0.005256 0.007313 0.010040 0.013603 0.018186 0.023989 0.031224 0.040100 0.050812 0.063526 0.078360 0.095364 0.114505 0.135644 0.158530 0.182789 0.207928 0.233344 0.258342 0.282169 0.304041 0.323194 0.338923 0.350626 0.357840 0.360278 0.357840 0.350626 0.338923 0.323194 0.304041 0.282169 0.258342 0.233344 0.207928 0.182789 0.158530 0.135644 0.114505 0.095364 0.078360 0.063526 0.050812 0.040100 0.031224 0.023989 0.018186 0.013603 0.010040 0.007313 0.005256 0.003727 0.002609 0.001802 0.001228 0.000826 0.000548 0.000359 0.000232 0.000148 0.000093 0.000058 0.000036 0.000022 0.000013 0.000008 0.000004 0.000003 0.000001 0.000001 0.000000 0.000000 0.000000 0.000000 0.000000 
0.000000 0.000000 0.000000 0.000000 0.000000 0.000001 0.000001 0.000002 0.000004 0.000007 0.000012 0.000020 0.000033 0.000054 0.000088 0.000141 0.000224 0.000350 0.000541 0.000826 0.001244 0.001848 0.002711 0.003923 0.005603 0.007898 0.010985 0.015078 0.020422 0.027293 0.035992 0.046834 0.060131 0.076174 0.095212 0.117419 0.142870 0.171513 0.203140 0.237374 0.273657 0.311251 0.349254 0.386629 0.422248 0.454942 0.483571 0.507079 0.524569 0.535351 0.538995 0.535351 0.524569 0.507079 0.483571 0.454942 0.422248 0.386629 0.349254 0.311251 0.273657 0.237374 0.203140 0.171513 0.142870 0.117419 0.095212 0.076174 0.060131 0.046834 0.035992 0.027293 0.020422 0.015078 0.010985 0.007898 0.005603 0.003923 0.002711 0.001848 0.001244 0.000826 0.000541 0.000350 0.000224 0.000141 0.000088 0.000054 0.000033 0.000020 0.000012 0.000007 0.000004 0.000002 0.000001 0.000001 0.000000 0.000000 0.000000 0.000000 
0.000000 0.000000 0.000000 0.000000 0.000001 0.000001 0.000002 0.000003 0.000006 0.000010 0.000017 0.000029 0.000049 0.000080 0.000131 0.000210 0.000333 0.000521 0.000805 0.001228 0.001848 0.002745 0.004025 0.005823 0.008314 0.011714 0.016288 0.022349 0.030260 0.040429 0.053301 0.069338 0.089001 0.112720 0.140860 0.173676 0.211279 0.253588 0.300298 0.350851 0.404420 0.459917 0.516011 0.571171 0.623734 0.671979 0.714220 0.748905 0.774709 0.790617 0.795992 0.790617 0.774709 0.748905 0.714220 0.671979 0.623734 0.571171 0.516011 0.459917 0.404420 0.350851 0.300298 0.253588 0.211279 0.173676 0.140860 0.112720 0.089001 0.069338 0.053301 0.040429 0.030260 0.022349 0.016288 0.011714 0.008314 0.005823 0.004025 0.002745 0.001848 0.001228 0.000805 0.000521 0.000333 0.000210 0.000131 0.000080 0.000049 0.000029 0.000017 0.000010 0.000006 0.000003 0.000002 0.000001 0.000001 0.000000 0.000000 0.000000 
0.000000 0.000000 0.000000 0.000000 0.000001 0.000002 0.000003 0.000005 0.000009 0.000015 0.000025 0.000043 0.000072 0.000118 0.000192 0.000309 0.000489 0.000765 0.001182 0.001802 0.002711 0.004025 0.005898 0.008530 0.012174 0.017148 0.023836 0.032695 0.044255 0.059111 0.077909 0.101323 0.130025 0.164639 0.205694 0.253563 0.308402 0.370094 0.438191 0.511877 0.589950 0.670821 0.752551 0.832914 0.909485 0.979760 1.041286 1.091803 1.129383 1.152550 1.160378 1.152550 1.129383 1.091803 1.041286 0.979760 0.909485 0.832914 0.752551 0.670821 0.589950 0.511877 0.438191 0.370094 0.308402 0.253563 0.205694 0.164639 0.130025 0.101323 0.077909 0.059111 0.044255 0.032695 0.023836 0.017148 0.012174 0.008530 0.005898 0.004025 0.002711 0.001802 0.001182 0.000765 0.000489 0.000309 0.000192 0.000118 0.000072 0.000043 0.000025 0.000015 0.000009 0.000005 0.000003 0.000002 0.000001 0.000001 0.000000 0.000000 
0.000000 0.000000 0.000000 0.000001 0.000001 0.000002 0.000004 0.000007 0.000012 0.000022 0.000037 0.000062 0.000104 0.000172 0.000279 0.000448 0.000709 0.001109 0.001712 0.002609 0.003923 0.005823 0.008530 0.012332 0.017595 0.024775 0.034426 0.047207 0.063881 0.085301 0.112398 0.146140 0.187493 0.237352 0.296476 0.365398 0.444341 0.533132 0.631126 0.737146 0.849462 0.965788 1.083338 1.198908 1.309015 1.410060 1.498519 1.571148 1.625174 1.658480 1.669733 1.658480 1.625174 1.571148 1.498519 1.410060 1.309015 1.198908 1.083338 0.965788 0.849462 0.737146 0.631126 0.533132 0.444341 0.365398 0.296476 0.237352 0.187493 0.146140 0.112398 0.085301 0.063881 0.047207 0.034426 0.024775 0.017595 0.012332 0.008530 0.005823 0.003923 0.002609 0.001712 0.001109 0.000709 0.000448 0.000279 0.000172 0.000104 0.000062 0.000037 0.000022 0.000012 0.000007 0.000004 0.000002 0.000001 0.000001 0.000001 0.000001 
0.000000 0.000000 0.000001 0.000001 0.000002 0.000003 0.000006 0.000010 0.000018 0.000031 0.000053 0.000089 0.000149 0.000246 0.000399 0.000641 0.001015 0.001586 0.002447 0.003727 0.005603 0.008314 0.012174 0.017595 0.025096 0.035326 0.049072 0.067272 0.091006 0.121490 0.160042 0.208037 0.266843 0.337730 0.421771 0.519720 0.631890 0.758031 0.897223 1.047794 1.207283 1.372447 1.539329 1.703384 1.859671 2.003084 2.128627 2.231697 2.308365 2.355627 2.371596 2.355627 2.308365 2.231697 2.128627 2.003084 1.859671 1.703384 1.539329 1.372447 1.207283 1.047794 0.897223 0.758031 0.631890 0.519720 0.421771 0.337730 0.266843 0.208037 0.160042 0.121490 0.091006 0.067272 0.049072 0.035326 0.025096 0.017595 0.012174 0.008314 0.005603 0.003727 0.002447 0.001586 0.001015 0.000641 0.000399 0.000246 0.000149 0.000089 0.000053 0.000031 0.000018 0.000010 0.000006 0.000003 0.000002 0.000001 0.000001 0.000001 
0.000001 0.000001 0.000001 0.000001 0.000002 0.000005 0.000008 0.000014 0.000025 0.000044 0.000075 0.000127 0.000211 0.000347 0.000564 0.000905 0.001432 0.002238 0.003452 0.005256 0.007898 0.011714 0.017148 0.024775 0.035326 0.049710 0.069035 0.094611 0.127957 0.170773 0.224909 0.292289 0.374827 0.474301 0.592209 0.729604 0.886919 1.063797 1.258945 1.470017 1.693561 1.925030 2.158882 2.388751 2.607717 2.808631 2.984500 3.128879 3.236273 3.302473 3.324840 3.302473 3.236273 3.128879 2.984500 2.808631 2.607717 2.388751 2.158882 1.925030 1.693561 1.470017 1.258945 1.063797 0.886919 0.729604 0.592209 0.474301 0.374827 0.292289 0.224909 0.170773 0.127957 0.094611 0.069035 0.049710 0.035326 0.024775 0.017148 0.011714 0.007898 0.005256 0.003452 0.002238 0.001432 0.000905 0.000564 0.000347 0.000211 0.000127 0.000075 0.000044 0.000025 0.000014 0.000008 0.000005 0.000003 0.000002 0.000001 0.000001 
0.000001 0.000001 0.000001 0.000002 0.000004 0.000006 0.000011 0.000020 0.000035 0.000061 0.000105 0.000177 0.000294 0.000484 0.000786 0.001261 0.001995 0.003116 0.004805 0.007313 0.010985 0.016288 0.023836 0.034426 0.049072 0.069035 0.095844 0.131318 0.177555 0.236909 0.311936 0.405298 0.519638 0.657410 0.820682 1.010902 1.228663 1.473466 1.743514 2.035557 2.344817 2.665006 2.988454 3.306366 3.609174 3.887000 4.130177 4.329805 4.478288 4.569816 4.600740 4.569816 4.478288 4.329805 4.130177 3.887000 3.609174 3.306366 2.988454 2.665006 2.344817 2.035557 1.743514 1.473466 1.228663 1.010902 0.820682 0.657410 0.519638 0.405298 0.311936 0.236909 0.177555 0.131318 0.095844 0.069035 0.049072 0.034426 0.023836 0.016288 0.010985 0.007313 0.004805 0.003116 0.001995 0.001261 0.000786 0.000484 0.000294 0.000177 0.000105 0.000061 0.000035 0.000020 0.000011 0.000006 0.000004 0.000002 0.000002 0.000002 
0.000001 0.000001 0.000002 0.000003 0.000005 0.000009 0.000016 0.000028 0.000049 0.000084 0.000144 0.000243 0.000405 0.000666 0.001082 0.001733 0.002742 0.004282 0.006599 0.010040 0.015078 0.022349 0.032695 0.047207 0.067272 0.094611 0.131318 0.179874 0.243148 0.324353 0.426975 0.554649 0.710976 0.899305 1.122447 1.382375 1.679886 2.014290 2.383126 2.781951 3.204237 3.641396 4.082963 4.516932 4.930251 5.309446 5.641331 5.913769 6.116402 6.241305 6.283505 6.241305 6.116402 5.913769 5.641331 5.309446 4.930251 4.516932 4.082963 3.641396 3.204237 2.781951 2.383126 2.014290 1.679886 1.382375 1.122447 0.899305 0.710976 0.554649 0.426975 0.324353 0.243148 0.179874 0.131318 0.094611 0.067272 0.047207 0.032695 0.022349 0.015078 0.010040 0.006599 0.004282 0.002742 0.001733 0.001082 0.000666 0.000405 0.000243 0.000144 0.000084 0.000049 0.000028 0.000016 0.000009 0.000005 0.000003 0.000002 0.000002 
0.000002 0.000002 0.000002 0.000004 0.000007 0.000012 0.000021 0.000038 0.000066 0.000115 0.000196 0.000331 0.000550 0.000905 0.001468 0.002352 0.003719 0.005805 0.008944 0.013603 0.020422 0.030260 0.044255 0.063881 0.091006 0.127957 0.177555 0.243148 0.328600 0.438245 0.576777 0.749089 0.960032 1.214106 1.515095 1.865641 2.266811 2.717661 3.214864 3.752425 4.321540 4.910639 5.505620 6.090313 6.647144 7.157968 7.605038 7.972012 8.244949 8.413185 8.470025 8.413185 8.244949 7.972012 7.605038 7.157968 6.647144 6.090313 5.505620 4.910639 4.321540 3.752425 3.214864 2.717661 2.266811 1.865641 1.515095 1.214106 0.960032 0.749089 0.576777 0.438245 0.328600 0.243148 0.177555 0.127957 0.091006 0.063881 0.044255 0.030260 0.020422 0.013603 0.008944 0.005805 0.003719 0.002352 0.001468 0.000905 0.000550 0.000331 0.000196 0.000115 0.000066 0.000038 0.000021 0.000012 0.000007 0.000004 0.000003 0.000003 
0.000002 0.000002 0.000003 0.000005 0.000009 0.000016 0.000029 0.000051 0.000089 0.000154 0.000263 0.000443 0.000738 0.001212 0.001966 0.003148 0.004976 0.007765 0.011961 0.018186 0.027293 0.040429 0.059111 0.085301 0.121490 0.170773 0.236909 0.324353 0.438245 0.584347 0.768904 0.998417 1.279331 1.617622 2.018308 2.484891 3.018775 3.618688 4.280193 4.995304 5.752308 6.535812 7.327068 8.104579 8.844986 9.524179 10.118572 10.606456 10.969310 11.192964 11.268526 11.192964 10.969310 10.606456 10.118572 9.524179 8.844986 8.104579 7.327068 6.535812 5.752308 4.995304 4.280193 3.618688 3.018775 2.484891 2.018308 1.617622 1.279331 0.998417 0.768904 0.584347 0.438245 0.324353 0.236909 0.170773 0.121490 0.085301 0.059111 0.040429 0.027293 0.018186 0.011961 0.007765 0.004976 0.003148 0.001966 0.001212 0.000738 0.000443 0.000263 0.000154 0.000089 0.000051 0.000029 0.000016 0.000009 0.000005 0.000004 0.000004 
0.000003 0.000003 0.000004 0.000007 0.000012 0.000021 0.000038 0.000067 0.000118 0.000204 0.000348 0.000586 0.000975 0.001602 0.002597 0.004158 0.006570 0.010249 0.015783 0.023989 0.035992 0.053301 0.077909 0.112398 0.160042 0.224909 0.311936 0.426975 0.576777 0.768904 1.011550 1.313245 1.682437 2.126960 2.653386 3.266294 3.967506 4.755337 5.623941 6.562826 7.556608 8.585078 9.623633 10.644069 11.615742 12.507027 13.286995 13.927177 14.403284 14.696740 14.795884 14.696740 14.403284 13.927177 13.286995 12.507027 11.615742 10.644069 9.623633 8.585078 7.556608 6.562826 5.623941 4.755337 3.967506 3.266294 2.653386 2.126960 1.682437 1.313245 1.011550 0.768904 0.576777 0.426975 0.311936 0.224909 0.160042 0.112398 0.077909 0.053301 0.035992 0.023989 0.015783 0.010249 0.006570 0.004158 0.002597 0.001602 0.000975 0.000586 0.000348 0.000204 0.000118 0.000067 0.000038 0.000021 0.000012 0.000007 0.000005 0.000005 
0.000004 0.000004 0.000005 0.000009 0.000015 0.000028 0.000050 0.000088 0.000154 0.000266 0.000454 0.000765 0.001272 0.002089 0.003386 0.005418 0.008560 0.013348 0.020548 0.031224 0.046834 0.069338 0.101323 0.146140 0.208037 0.292289 0.405298 0.554649 0.749089 0.998417 1.313245 1.704613 2.183459 2.759915 3.442476 4.237051 5.145978 6.167050 7.292676 8.509243 9.796812 11.129202 12.474544 13.796318 15.054847 16.209193 17.219320 18.048380 18.664941 19.044961 19.173349 19.044961 18.664941 18.048380 17.219320 16.209193 15.054847 13.796318 12.474544 11.129202 9.796812 8.509243 7.292676 6.167050 5.145978 4.237051 3.442476 2.759915 2.183459 1.704613 1.313245 0.998417 0.749089 0.554649 0.405298 0.292289 0.208037 0.146140 0.101323 0.069338 0.046834 0.031224 0.020548 0.013348 0.008560 0.005418 0.003386 0.002089 0.001272 0.000765 0.000454 0.000266 0.000154 0.000088 0.000050 0.000028 0.000016 0.000010 0.000007 0.000007 
0.000005 0.000005 0.000007 0.000011 0.000020 0.000036 0.000064 0.000114 0.000199 0.000343 0.000585 0.000985 0.001637 0.002687 0.004355 0.006966 0.011002 0.017152 0.026396 0.040100 0.060131 0.089001 0.130025 0.187493 0.266843 0.374827 0.519638 0.710976 0.960032 1.279331 1.682437 2.183459 2.796367 3.534096 4.407485 5.424064 6.586791 7.892818 9.332413 10.888152 12.534530 14.238069 15.958034 17.647748 19.256513 20.732025 22.023136 23.082776 23.870795 24.356485 24.520572 24.356485 23.870795 23.082776 22.023136 20.732025 19.256513 17.647748 15.958034 14.238069 12.534530 10.888152 9.332413 7.892818 6.586791 5.424064 4.407485 3.534096 2.796367 2.183459 1.682437 1.279331 0.960032 0.710976 0.519638 0.374827 0.266843 0.187493 0.130025 0.089001 0.060131 0.040100 0.026396 0.017152 0.011002 0.006966 0.004355 0.002687 0.001637 0.000985 0.000585 0.000343 0.000199 0.000114 0.000064 0.000036 0.000020 0.000012 0.000009 0.000009 
0.000006 0.000006 0.000008 0.000014 0.000025 0.000046 0.000082 0.000144 0.000252 0.000436 0.000743 0.001251 0.002079 0.003411 0.005525 0.008837 0.013952 0.021745 0.033456 0.050812 0.076174 0.112720 0.164639 0.237352 0.337730 0.474301 0.657410 0.899305 1.214106 1.617622 2.126960 2.759915 3.534096 4.465805 5.568689 6.852218 8.320091 9.968681 11.785677 13.749070 15.826662 17.976210 20.146321 22.278122 24.307679 26.169035 27.797702 29.134337 30.128322 30.740948 30.947918 30.740948 30.128322 29.134337 27.797702 26.169035 24.307679 22.278122 20.146321 17.976210 15.826662 13.749070 11.785677 9.968681 8.320091 6.852218 5.568689 4.465805 3.534096 2.759915 2.126960 1.617622 1.214106 0.899305 0.657410 0.474301 0.337730 0.237352 0.164639 0.112720 0.076174 0.050812 0.033456 0.021745 0.013952 0.008837 0.005525 0.003411 0.002079 0.001251 0.000743 0.000436 0.000252 0.000144 0.000082 0.000046 0.000026 0.000016 0.000011 0.000011 
0.000007 0.000007 0.000010 0.000018 0.000032 0.000057 0.000102 0.000181 0.000317 0.000546 0.000931 0.001567 0.002604 0.004271 0.006917 0.011059 0.017456 0.027200 0.041838 0.063526 0.095212 0.140860 0.205694 0.296476 0.421771 0.592209 0.820682 1.122447 1.515095 2.018308 2.653386 3.442476 4.407485 5.568689 6.943048 8.542319 10.371068 12.424738 14.687964 17.133311 19.720667 22.397424 25.099598 27.753903 30.280765 32.598102 34.625669 36.289626 37.526995 38.289614 38.547256 38.289614 37.526995 36.289626 34.625669 32.598102 30.280765 27.753903 25.099598 22.397424 19.720667 17.133311 14.687964 12.424738 10.371068 8.542319 6.943048 5.568689 4.407485 3.442476 2.653386 2.018308 1.515095 1.122447 0.820682 0.592209 0.421771 0.296476 0.205694 0.140860 0.095212 0.063526 0.041838 0.027200 0.017456 0.011059 0.006917 0.004271 0.002604 0.001567 0.000931 0.000546 0.000317 0.000181 0.000103 0.000058 0.000033 0.000020 0.000014 0.000014 
0.000009 0.000009 0.000013 0.000022 0.000039 0.000071 0.000127 0.000224 0.000392 0.000676 0.001151 0.001937 0.003217 0.005276 0.008543 0.013655 0.021548 0.033567 0.051619 0.078360 0.117419 0.173676 0.253563 0.365398 0.519720 0.729604 1.010902 1.382375 1.865641 2.484891 3.266294 4.237051 5.424064 6.852218 8.542319 10.508772 12.757142 15.281785 18.063774 21.069365 24.249242 27.538753 30.859278 34.120790 37.225543 40.072729 42.563797 44.608074 46.128227 47.065119 47.381633 47.065119 46.128227 44.608074 42.563797 40.072729 37.225543 34.120790 30.859278 27.538753 24.249242 21.069365 18.063774 15.281785 12.757142 10.508772 8.542319 6.852218 5.424064 4.237051 3.266294 2.484891 1.865641 1.382375 1.010902 0.729604 0.519720 0.365398 0.253563 0.173676 0.117419 0.078360 0.051619 0.033567 0.021548 0.013655 0.008543 0.005276 0.003217 0.001937 0.001151 0.000676 0.000392 0.000224 0.000127 0.000071 0.000041 0.000024 0.000017 0.000017 
0.000011 0.000011 0.000016 0.000027 0.000048 0.000087 0.000155 0.000274 0.000478 0.000824 0.001404 0.002362 0.003922 0.006430 0.010408 0.016633 0.026241 0.040869 0.062835 0.095364 0.142870 0.211279 0.308402 0.444341 0.631890 0.886919 1.228663 1.679886 2.266811 3.018775 3.967506 5.145978 6.586791 8.320091 10.371068 12.757142 15.485010 18.547776 21.922440 25.568041 29.424749 33.414151 37.440917 41.395899 45.160611 48.612863 51.633214 54.111775 55.954829 57.090714 57.474453 57.090714 55.954829 54.111775 51.633214 48.612863 45.160611 41.395899 37.440917 33.414151 29.424749 25.568041 21.922440 18.547776 15.485010 12.757142 10.371068 8.320091 6.586791 5.145978 3.967506 3.018775 2.266811 1.679886 1.228663 0.886919 0.631890 0.444341 0.308402 0.211279 0.142870 0.095364 0.062835 0.040869 0.026241 0.016633 0.010408 0.006430 0.003922 0.002362 0.001404 0.000824 0.000478 0.000274 0.000155 0.000087 0.000050 0.000030 0.000021 0.000021 
0.000014 0.000014 0.000019 0.000032 0.000058 0.000104 0.000186 0.000329 0.000575 0.000992 0.001689 0.002841 0.004716 0.007730 0.012510 0.019988 0.031527 0.049091 0.075461 0.114505 0.171513 0.253588 0.370094 0.533132 0.758031 1.063797 1.473466 2.014290 2.717661 3.618688 4.755337 6.167050 7.892818 9.968681 12.424738 15.281785 18.547776 22.214402 26.254084 30.617758 35.233796 40.008347 44.827338 49.560180 54.065127 58.196017 61.809988 64.775609 66.980798 68.339851 68.798981 68.339851 66.980798 64.775609 61.809988 58.196017 54.065127 49.560180 44.827338 40.008347 35.233796 30.617758 26.254084 22.214402 18.547776 15.281785 12.424738 9.968681 7.892818 6.167050 4.755337 3.618688 2.717661 2.014290 1.473466 1.063797 0.758031 0.533132 0.370094 0.253588 0.171513 0.114505 0.075461 0.049091 0.031527 0.019988 0.012510 0.007730 0.004716 0.002841 0.001689 0.000992 0.000575 0.000330 0.000187 0.000105 0.000060 0.000036 0.000026 0.000026 
0.000016 0.000016 0.000023 0.000039 0.000069 0.000124 0.000221 0.000391 0.000683 0.001178 0.002005 0.003370 0.005595 0.009168 0.014834 0.023696 0.037369 0.058176 0.089409 0.135644 0.203140 0.300298 0.438191 0.631126 0.897223 1.258945 1.743514 2.383126 3.214864 4.280193 5.623941 7.292676 9.332413 11.785677 14.687964 18.063774 21.922440 26.254084 31.026076 36.180429 41.632515 47.271489 52.962644 58.551793 63.871593 68.749503 73.016889 76.518618 79.122402 80.727089 81.269198 80.727089 79.122402 76.518618 73.016889 68.749503 63.871593 58.551793 52.962644 47.271489 41.632515 36.180429 31.026076 26.254084 21.922440 18.063774 14.687964 11.785677 9.332413 7.292676 5.623941 4.280193 3.214864 2.383126 1.743514 1.258945 0.897223 0.631126 0.438191 0.300298 0.203140 0.135644 0.089409 0.058176 0.037369 0.023696 0.014834 0.009168 0.005595 0.003371 0.002005 0.001178 0.000683 0.000391 0.000222 0.000125 0.000071 0.000043 0.000031 0.000031 
0.000019 0.000019 0.000027 0.000045 0.000081 0.000145 0.000259 0.000458 0.000800 0.001379 0.002347 0.003945 0.006547 0.010727 0.017353 0.027714 0.043696 0.068015 0.104511 0.158530 0.237374 0.350851 0.511877 0.737146 1.047794 1.470017 2.035557 2.781951 3.752425 4.995304 6.562826 8.509243 10.888152 13.749070 17.133311 21.069365 25.568041 30.617758 36.180429 42.188418 48.543068 55.115187 61.747793 68.261235 74.460548 80.144727 85.117332 89.197661 92.231624 94.101406 94.733069 94.101406 92.231624 89.197661 85.117332 80.144727 74.460548 68.261235 61.747793 55.115187 48.543068 42.188418 36.180429 30.617758 25.568041 21.069365 17.133311 13.749070 10.888152 8.509243 6.562826 4.995304 3.752425 2.781951 2.035557 1.470017 1.047794 0.737146 0.511877 0.350851 0.237374 0.158530 0.104511 0.068015 0.043696 0.027714 0.017353 0.010727 0.006547 0.003945 0.002347 0.001379 0.000800 0.000459 0.000260 0.000146 0.000083 0.000050 0.000036 0.000036 
0.000022 0.000022 0.000031 0.000052 0.000093 0.000168 0.000300 0.000529 0.000924 0.001593 0.002711 0.004555 0.007558 0.012381 0.020025 0.031976 0.050407 0.078448 0.120523 0.182789 0.273657 0.404420 0.589950 0.849462 1.207283 1.693561 2.344817 3.204237 4.321540 5.752308 7.556608 9.796812 12.534530 15.826662 19.720667 24.249242 29.424749 35.233796 41.632515 48.543068 55.851960 63.410597 71.038461 78.528978 85.657995 92.194429 97.912455 102.604354 106.093004 108.242980 108.969296 108.242980 106.093004 102.604354 97.912455 92.194429 85.657995 78.528978 71.038461 63.410597 55.851960 48.543068 41.632515 35.233796 29.424749 24.249242 19.720667 15.826662 12.534530 9.796812 7.556608 5.752308 4.321540 3.204237 2.344817 1.693561 1.207283 0.849462 0.589950 0.404420 0.273657 0.182789 0.120523 0.078448 0.050407 0.031976 0.020025 0.012381 0.007558 0.004555 0.002711 0.001593 0.000924 0.000530 0.000300 0.000169 0.000096 0.000058 0.000041 0.000041 
0.000025 0.000025 0.000035 0.000060 0.000106 0.000191 0.000342 0.000604 0.001053 0.001815 0.003088 0.005188 0.008606 0.014097 0.022796 0.036395 0.057365 0.089262 0.137118 0.207928 0.311251 0.459917 0.670821 0.965788 1.372447 1.925030 2.665006 3.641396 4.910639 6.535812 8.585078 11.129202 14.238069 17.976210 22.397424 27.538753 33.414151 40.008347 47.271489 55.115187 63.410597 71.989077 80.645770 89.146284 97.236299 104.653647 111.142146 116.466155 120.424755 122.864330 123.688475 122.864330 120.424755 116.466155 111.142146 104.653647 97.236299 89.146284 80.645770 71.989077 63.410597 55.115187 47.271489 40.008347 33.414151 27.538753 22.397424 17.976210 14.238069 11.129202 8.585078 6.535812 4.910639 3.641396 2.665006 1.925030 1.372447 0.965788 0.670821 0.459917 0.311251 0.207928 0.137118 0.089262 0.057365 0.036395 0.022796 0.014097 0.008606 0.005188 0.003088 0.001815 0.001053 0.000604 0.000343 0.000193 0.000110 0.000066 0.000047 0.000047 
0.000028 0.000028 0.000040 0.000067 0.000120 0.000215 0.000384 0.000678 0.001184 0.002039 0.003470 0.005829 0.009668 0.015833 0.025599 0.040865 0.064402 0.100199 0.153898 0.233344 0.349254 0.516011 0.752551 1.083338 1.539329 2.158882 2.988454 4.082963 5.505620 7.327068 9.623633 12.474544 15.958034 20.146321 25.099598 30.859278 37.440917 44.827338 52.962644 61.747793 71.038461 80.645770 90.340319 99.859658 108.919040 117.224954 124.490598 130.452182 134.884789 137.616459 138.539277 137.616459 134.884789 130.452182 124.490598 117.224954 108.919040 99.859658 90.340319 80.645770 71.038461 61.747793 52.962644 44.827338 37.440917 30.859278 25.099598 20.146321 15.958034 12.474544 9.623633 7.327068 5.505620 4.082963 2.988454 2.158882 1.539329 1.083338 0.752551 0.516011 0.349254 0.233344 0.153898 0.100199 0.064402 0.040865 0.025599 0.015833 0.009668 0.005829 0.003470 0.002039 0.001184 0.000679 0.000385 0.000217 0.000123 0.000074 0.000053 0.000053 
