0.000000 0.000000 0.000000 0.000000 0.000000 0.000000 0.000000 0.000000 0.000000 0.000000 0.000000 0.000000 0.000000 0.000000 0.000000 0.000001 0.000001 0.000001 0.000002 0.000002 0.000003 0.000005 0.000007 0.000009 0.000012 0.000016 0.000022 0.000028 0.000036 0.000046 0.000058 0.000073 0.000090 0.000109 0.000132 0.000157 0.000185 0.000215 0.000248 0.000283 0.000319 0.000355 0.000391 0.000425 0.000458 0.000488 0.000513 0.000534 0.000549 0.000559 0.000562 0.000559 0.000549 0.000534 0.000513 0.000488 0.000458 0.000425 0.000391 0.000355 0.000319 0.000283 0.000248 0.000215 0.000185 0.000157 0.000132 0.000109 0.000090 0.000073 0.000058 0.000046 0.000036 0.000028 0.000022 0.000016 0.000012 0.000009 0.000007 0.000005 0.000003 0.000002 0.000002 0.000001 0.000001 0.000001 0.000000 0.000000 0.000000 0.000000 0.000000 0.000000 0.000000 0.000000 0.000000 0.000000 0.000000 0.000000 0.000000 0.000000 
0.000000 0.000000 0.000000 0.000000 0.000000 0.000000 0.000000 0.000000 0.000000 0.000000 0.000000 0.000000 0.000000 0.000000 0.000000 0.000001 0.000001 0.000001 0.000002 0.000002 0.000003 0.000005 0.000007 0.000009 0.000012 0.000016 0.000022 0.000028 0.000036 0.000046 0.000058 0.000073 0.000090 0.000109 0.000132 0.000157 0.000185 0.000215 0.000248 0.000283 0.000319 0.000355 0.000391 0.000425 0.000458 0.000488 0.000513 0.000534 0.000549 0.000559 0.000562 0.000559 0.000549 0.000534 0.000513 0.000488 0.000458 0.000425 0.000391 0.000355 0.000319 0.000283 0.000248 0.000215 0.000185 0.000157 0.000132 0.000109 0.000090 0.000073 0.000058 0.000046 0.000036 0.000028 0.000022 0.000016 0.000012 0.000009 0.000007 0.000005 0.000003 0.000002 0.000002 0.000001 0.000001 0.000001 0.000000 0.000000 0.000000 0.000000 0.000000 0.000000 0.000000 0.000000 0.000000 0.000000 0.000000 0.000000 0.000000 0.000000 
0.000000 0.000000 0.000000 0.000000 0.000000 0.000000 0.000000 0.000000 0.000000 0.000000 0.000000 0.000000 0.000000 0.000000 0.000000 0.000001 0.000001 0.000002 0.000002 0.000003 0.000004 0.000006 0.000009 0.000012 0.000016 0.000021 0.000028 0.000036 0.000047 0.000059 0.000075 0.000093 0.000115 0.000140 0.000169 0.000201 0.000237 0.000276 0.000318 0.000362 0.000408 0.000455 0.000500 0.000545 0.000587 0.000624 0.000657 0.000684 0.000703 0.000715 0.000719 0.000715 0.000703 0.000684 0.000657 0.000624 0.000587 0.000545 0.000500 0.000455 0.000408 0.000362 0.000318 0.000276 0.000237 0.000201 0.000169 0.000140 0.000115 0.000093 0.000075 0.000059 0.000047 0.000036 0.000028 0.000021 0.000016 0.000012 0.000009 0.000006 0.000004 0.000003 0.000002 0.000002 0.000001 0.000001 0.000000 0.000000 0.000000 0.000000 0.000000 0.000000 0.000000 0.000000 0.000000 0.000000 0.000000 0.000000 0.000000 0.000000 
0.000000 0.000000 0.000000 0.000000 0.000000 0.000000 0.000000 0.000000 0.000000 0.000000 0.000000 0.000000 0.000000 0.000000 0.000001 0.000001 0.000002 0.000002 0.000003 0.000005 0.000007 0.000009 0.000013 0.000017 0.000024 0.000031 0.000041 0.000054 0.000070 0.000089 0.000112 0.000139 0.000172 0.000209 0.000252 0.000300 0.000354 0.000412 0.000474 0.000540 0.000608 0.000677 0.000746 0.000812 0.000874 0.000930 0.000979 0.001018 0.001047 0.001065 0.001071 0.001065 0.001047 0.001018 0.000979 0.000930 0.000874 0.000812 0.000746 0.000677 0.000608 0.000540 0.000474 0.000412 0.000354 0.000300 0.000252 0.000209 0.000172 0.000139 0.000112 0.000089 0.000070 0.000054 0.000041 0.000031 0.000024 0.000017 0.000013 0.000009 0.000007 0.000005 0.000003 0.000002 0.000002 0.000001 0.000001 0.000000 0.000000 0.000000 0.000000 0.000000 0.000000 0.000000 0.000000 0.000000 0.000000 0.000000 0.000000 0.000000 
0.000000 0.000000 0.000000 0.000000 0.000000 0.000000 0.000000 0.000000 0.000000 0.000000 0.000000 0.000000 0.000001 0.000001 0.000001 0.000002 0.000003 0.000004 0.000005 0.000008 0.000011 0.000015 0.000020 0.000028 0.000038 0.000050 0.000066 0.000086 0.000111 0.000141 0.000178 0.000221 0.000273 0.000332 0.000400 0.000477 0.000561 0.000654 0.000753 0.000857 0.000965 0.001075 0.001183 0.001288 0.001386 0.001475 0.001552 0.001615 0.001661 0.001689 0.001699 0.001689 0.001661 0.001615 0.001552 0.001475 0.001386 0.001288 0.001183 0.001075 0.000965 0.000857 0.000753 0.000654 0.000561 0.000477 0.000400 0.000332 0.000273 0.000221 0.000178 0.000141 0.000111 0.000086 0.000066 0.000050 0.000038 0.000028 0.000020 0.000015 0.000011 0.000008 0.000005 0.000004 0.000003 0.000002 0.000001 0.000001 0.000001 0.000000 0.000000 0.000000 0.000000 0.000000 0.000000 0.000000 0.000000 0.000000 0.000000 0.000000 
0.000000 0.000000 0.000000 0.000000 0.000000 0.000000 0.000000 0.000000 0.000000 0.000000 0.000000 0.000001 0.000001 0.000001 0.000002 0.000003 0.000004 0.000006 0.000009 0.000012 0.000017 0.000024 0.000033 0.000045 0.000061 0.000081 0.000107 0.000139 0.000179 0.000228 0.000287 0.000358 0.000441 0.000537 0.000647 0.000770 0.000907 0.001056 0.001216 0.001385 0.001559 0.001735 0.001910 0.002079 0.002237 0.002380 0.002504 0.002605 0.002680 0.002726 0.002741 0.002726 0.002680 0.002605 0.002504 0.002380 0.002237 0.002079 0.001910 0.001735 0.001559 0.001385 0.001216 0.001056 0.000907 0.000770 0.000647 0.000537 0.000441 0.000358 0.000287 0.000228 0.000179 0.000139 0.000107 0.000081 0.000061 0.000045 0.000033 0.000024 0.000017 0.000012 0.000009 0.000006 0.000004 0.000003 0.000002 0.000001 0.000001 0.000001 0.000000 0.000000 0.000000 0.000000 0.000000 0.000000 0.000000 0.000000 0.000000 0.000000 
0.000000 0.000000 0.000000 0.000000 0.000000 0.000000 0.000000 0.000000 0.000000 0.000000 0.000001 0.000001 0.000001 0.000002 0.000003 0.000005 0.000007 0.000010 0.000014 0.000020 0.000028 0.000039 0.000054 0.000073 0.000099 0.000131 0.000173 0.000225 0.000290 0.000369 0.000465 0.000578 0.000712 0.000867 0.001045 0.001244 0.001464 0.001705 0.001963 0.002234 0.002515 0.002800 0.003081 0.003353 0.003608 0.003839 0.004039 0.004202 0.004322 0.004396 0.004421 0.004396 0.004322 0.004202 0.004039 0.003839 0.003608 0.003353 0.003081 0.002800 0.002515 0.002234 0.001963 0.001705 0.001464 0.001244 0.001045 0.000867 0.000712 0.000578 0.000465 0.000369 0.000290 0.000225 0.000173 0.000131 0.000099 0.000073 0.000054 0.000039 0.000028 0.000020 0.000014 0.000010 0.000007 0.000005 0.000003 0.000002 0.000001 0.000001 0.000001 0.000000 0.000000 0.000000 0.000000 0.000000 0.000000 0.000000 0.000000 0.000000 
0.000000 0.000000 0.000000 0.000000 0.000000 0.000000 0.000000 0.000000 0.000000 0.000001 0.000001 0.000001 0.000002 0.000003 0.000005 0.000007 0.000011 0.000016 0.000023 0.000032 0.000045 0.000063 0.000087 0.000118 0.000158 0.000211 0.000278 0.000361 0.000465 0.000592 0.000746 0.000928 0.001143 0.001391 0.001675 0.001994 0.002347 0.002733 0.003146 0.003580 0.004030 0.004485 0.004936 0.005371 0.005779 0.006148 0.006468 0.006728 0.006921 0.007039 0.007079 0.007039 0.006921 0.006728 0.006468 0.006148 0.005779 0.005371 0.004936 0.004485 0.004030 0.003580 0.003146 0.002733 0.002347 0.001994 0.001675 0.001391 0.001143 0.000928 0.000746 0.000592 0.000465 0.000361 0.000278 0.000211 0.000158 0.000118 0.000087 0.000063 0.000045 0.000032 0.000023 0.000016 0.000011 0.000007 0.000005 0.000003 0.000002 0.000001 0.000001 0.000001 0.000000 0.000000 0.000000 0.000000 0.000000 0.000000 0.000000 0.000000 
0.000000 0.000000 0.000000 0.000000 0.000000 0.000000 0.000000 0.000000 0.000001 0.000001 0.000001 0.000002 0.000003 0.000005 0.000008 0.000012 0.000017 0.000025 0.000036 0.000051 0.000072 0.000100 0.000138 0.000188 0.000252 0.000336 0.000442 0.000575 0.000740 0.000942 0.001185 0.001475 0.001816 0.002211 0.002661 0.003167 0.003728 0.004339 0.004994 0.005683 0.006396 0.007118 0.007832 0.008522 0.009169 0.009754 0.010261 0.010674 0.010979 0.011166 0.011229 0.011166 0.010979 0.010674 0.010261 0.009754 0.009169 0.008522 0.007832 0.007118 0.006396 0.005683 0.004994 0.004339 0.003728 0.003167 0.002661 0.002211 0.001816 0.001475 0.001185 0.000942 0.000740 0.000575 0.000442 0.000336 0.000252 0.000188 0.000138 0.000100 0.000072 0.000051 0.000036 0.000025 0.000017 0.000012 0.000008 0.000005 0.000003 0.000002 0.000001 0.000001 0.000001 0.000000 0.000000 0.000000 0.000000 0.000000 0.000000 0.000000 
0.000000 0.000000 0.000000 0.000000 0.000000 0.000000 0.000000 0.000001 0.000001 0.000001 0.000002 0.000004 0.000005 0.000008 0.000013 0.000019 0.000027 0.000040 0.000057 0.000081 0.000114 0.000158 0.000217 0.000296 0.000398 0.000529 0.000696 0.000905 0.001165 0.001482 0.001865 0.002321 0.002857 0.003477 0.004184 0.004979 0.005860 0.006819 0.007848 0.008930 0.010049 0.011181 0.012302 0.013385 0.014400 0.015319 0.016114 0.016761 0.017239 0.017533 0.017631 0.017533 0.017239 0.016761 0.016114 0.015319 0.014400 0.013385 0.012302 0.011181 0.010049 0.008930 0.007848 0.006819 0.005860 0.004979 0.004184 0.003477 0.002857 0.002321 0.001865 0.001482 0.001165 0.000905 0.000696 0.000529 0.000398 0.000296 0.000217 0.000158 0.000114 0.000081 0.000057 0.000040 0.000027 0.000019 0.000013 0.000008 0.000005 0.000004 0.000002 0.000001 0.000001 0.000001 0.000000 0.000000 0.000000 0.000000 0.000000 0.000000 
0.000000 0.000000 0.000000 0.000000 0.000000 0.000000 0.000001 0.000001 0.000001 0.000002 0.000004 0.000006 0.000009 0.000013 0.000020 0.000029 0.000043 0.000062 0.000089 0.000126 0.000178 0.000247 0.000339 0.000461 0.000620 0.000825 0.001085 0.001411 0.001815 0.002309 0.002905 0.003614 0.004447 0.005411 0.006510 0.007747 0.009115 0.010606 0.012204 0.013885 0.015623 0.017382 0.019123 0.020804 0.022380 0.023807 0.025041 0.026046 0.026788 0.027244 0.027397 0.027244 0.026788 0.026046 0.025041 0.023807 0.022380 0.020804 0.019123 0.017382 0.015623 0.013885 0.012204 0.010606 0.009115 0.007747 0.006510 0.005411 0.004447 0.003614 0.002905 0.002309 0.001815 0.001411 0.001085 0.000825 0.000620 0.000461 0.000339 0.000247 0.000178 0.000126 0.000089 0.000062 0.000043 0.000029 0.000020 0.000013 0.000009 0.000006 0.000004 0.000002 0.000001 0.000001 0.000001 0.000000 0.000000 0.000000 0.000000 0.000000 
0.000000 0.000000 0.000000 0.000000 0.000000 0.000001 0.000001 0.000001 0.000002 0.000004 0.000006 0.000009 0.000013 0.000020 0.000030 0.000045 0.000066 0.000096 0.000137 0.000195 0.000274 0.000381 0.000524 0.000712 0.000957 0.001272 0.001673 0.002175 0.002798 0.003558 0.004476 0.005567 0.006849 0.008332 0.010023 0.011925 0.014029 0.016321 0.018777 0.021362 0.024033 0.026736 0.029412 0.031995 0.034416 0.036608 0.038505 0.040048 0.041188 0.041888 0.042124 0.041888 0.041188 0.040048 0.038505 0.036608 0.034416 0.031995 0.029412 0.026736 0.024033 0.021362 0.018777 0.016321 0.014029 0.011925 0.010023 0.008332 0.006849 0.005567 0.004476 0.003558 0.002798 0.002175 0.001673 0.001272 0.000957 0.000712 0.000524 0.000381 0.000274 0.000195 0.000137 0.000096 0.000066 0.000045 0.000030 0.000020 0.000013 0.000009 0.000006 0.000004 0.000002 0.000001 0.000001 0.000001 0.000000 0.000000 0.000000 0.000000 
0.000000 0.000000 0.000000 0.000000 0.000001 0.000001 0.000001 0.000002 0.000003 0.000005 0.000009 0.000013 0.000020 0.000031 0.000046 0.000069 0.000101 0.000146 0.000210 0.000298 0.000419 0.000582 0.000800 0.001087 0.001461 0.001942 0.002552 0.003318 0.004266 0.005425 0.006823 0.008485 0.010436 0.012693 0.015268 0.018161 0.021363 0.024851 0.028586 0.032518 0.036579 0.040689 0.044758 0.048684 0.052366 0.055698 0.058581 0.060927 0.062659 0.063723 0.064081 0.063723 0.062659 0.060927 0.058581 0.055698 0.052366 0.048684 0.044758 0.040689 0.036579 0.032518 0.028586 0.024851 0.021363 0.018161 0.015268 0.012693 0.010436 0.008485 0.006823 0.005425 0.004266 0.003318 0.002552 0.001942 0.001461 0.001087 0.000800 0.000582 0.000419 0.000298 0.000210 0.000146 0.000101 0.000069 0.000046 0.000031 0.000020 0.000013 0.000009 0.000005 0.000003 0.000002 0.000001 0.000001 0.000001 0.000000 0.000000 0.000000 
0.000000 0.000000 0.000000 0.000000 0.000001 0.000001 0.000002 0.000003 0.000005 0.000008 0.000013 0.000020 0.000031 0.000047 0.000070 0.000104 0.000153 0.000222 0.000318 0.000451 0.000634 0.000880 0.001209 0.001642 0.002206 0.002931 0.003853 0.005007 0.006437 0.008184 0.010289 0.012794 0.015733 0.019133 0.023010 0.027366 0.032186 0.037435 0.043057 0.048973 0.055084 0.061268 0.067388 0.073295 0.078832 0.083843 0.088179 0.091707 0.094313 0.095912 0.096451 0.095912 0.094313 0.091707 0.088179 0.083843 0.078832 0.073295 0.067388 0.061268 0.055084 0.048973 0.043057 0.037435 0.032186 0.027366 0.023010 0.019133 0.015733 0.012794 0.010289 0.008184 0.006437 0.005007 0.003853 0.002931 0.002206 0.001642 0.001209 0.000880 0.000634 0.000451 0.000318 0.000222 0.000153 0.000104 0.000070 0.000047 0.000031 0.000020 0.000013 0.000008 0.000005 0.000003 0.000002 0.000001 0.000001 0.000001 0.000000 0.000000 
0.000000 0.000000 0.000000 0.000001 0.000001 0.000002 0.000003 0.000005 0.000008 0.000013 0.000020 0.000030 0.000046 0.000070 0.000105 0.000156 0.000229 0.000332 0.000476 0.000675 0.000948 0.001316 0.001807 0.002454 0.003296 0.004378 0.005753 0.007476 0.009608 0.012212 0.015352 0.019085 0.023465 0.028531 0.034307 0.040796 0.047975 0.055792 0.064163 0.072972 0.082068 0.091273 0.100382 0.109173 0.117413 0.124870 0.131323 0.136571 0.140449 0.142828 0.143630 0.142828 0.140449 0.136571 0.131323 0.124870 0.117413 0.109173 0.100382 0.091273 0.082068 0.072972 0.064163 0.055792 0.047975 0.040796 0.034307 0.028531 0.023465 0.019085 0.015352 0.012212 0.009608 0.007476 0.005753 0.004378 0.003296 0.002454 0.001807 0.001316 0.000948 0.000675 0.000476 0.000332 0.000229 0.000156 0.000105 0.000070 0.000046 0.000030 0.000020 0.000013 0.000008 0.000005 0.000003 0.000002 0.000001 0.000001 0.000001 0.000001 
0.000001 0.000001 0.000001 0.000001 0.000002 0.000003 0.000005 0.000007 0.000012 0.000019 0.000029 0.000045 0.000069 0.000104 0.000156 0.000231 0.000339 0.000491 0.000705 0.000999 0.001402 0.001946 0.002672 0.003627 0.004871 0.006470 0.008499 0.011042 0.014188 0.018030 0.022660 0.028166 0.034624 0.042092 0.050606 0.060168 0.070747 0.082264 0.094596 0.107571 0.120968 0.134524 0.147938 0.160882 0.173014 0.183993 0.193493 0.201220 0.206928 0.210430 0.211611 0.210430 0.206928 0.201220 0.193493 0.183993 0.173014 0.160882 0.147938 0.134524 0.120968 0.107571 0.094596 0.082264 0.070747 0.060168 0.050606 0.042092 0.034624 0.028166 0.022660 0.018030 0.014188 0.011042 0.008499 0.006470 0.004871 0.003627 0.002672 0.001946 0.001402 0.000999 0.000705 0.000491 0.000339 0.000231 0.000156 0.000104 0.000069 0.000045 0.000029 0.000019 0.000012 0.000007 0.000005 0.000003 0.000002 0.000001 0.000001 0.000001 
0.000001 0.000001 0.000001 0.000002 0.000003 0.000004 0.000007 0.000011 0.000017 0.000027 0.000043 0.000066 0.000101 0.000153 0.000229 0.000339 0.000496 0.000720 0.001032 0.001463 0.002052 0.002848 0.003908 0.005305 0.007122 0.009457 0.012420 0.016133 0.020726 0.026334 0.033090 0.041123 0.050543 0.061435 0.073849 0.087792 0.103213 0.120001 0.137974 0.156882 0.176404 0.196156 0.215698 0.234555 0.252228 0.268220 0.282057 0.293312 0.301625 0.306726 0.308445 0.306726 0.301625 0.293312 0.282057 0.268220 0.252228 0.234555 0.215698 0.196156 0.176404 0.156882 0.137974 0.120001 0.103213 0.087792 0.073849 0.061435 0.050543 0.041123 0.033090 0.026334 0.020726 0.016133 0.012420 0.009457 0.007122 0.005305 0.003908 0.002848 0.002052 0.001463 0.001032 0.000720 0.000496 0.000339 0.000229 0.000153 0.000101 0.000066 0.000043 0.000027 0.000017 0.000011 0.000007 0.000004 0.000003 0.000002 0.000001 0.000001 
0.000001 0.000001 0.000002 0.000002 0.000004 0.000006 0.000010 0.000016 0.000025 0.000040 0.000062 0.000096 0.000146 0.000222 0.000332 0.000491 0.000720 0.001043 0.001495 0.002119 0.002971 0.004122 0.005655 0.007674 0.010301 0.013675 0.017957 0.023319 0.029952 0.038049 0.047803 0.059397 0.072990 0.088705 0.106615 0.126727 0.148968 0.173177 0.199093 0.226354 0.254497 0.282968 0.311136 0.338314 0.363784 0.386830 0.406769 0.422987 0.434966 0.442315 0.444793 0.442315 0.434966 0.422987 0.406769 0.386830 0.363784 0.338314 0.311136 0.282968 0.254497 0.226354 0.199093 0.173177 0.148968 0.126727 0.106615 0.088705 0.072990 0.059397 0.047803 0.038049 0.029952 0.023319 0.017957 0.013675 0.010301 0.007674 0.005655 0.004122 0.002971 0.002119 0.001495 0.001043 0.000720 0.000491 0.000332 0.000222 0.000146 0.000096 0.000062 0.000040 0.000025 0.000016 0.000010 0.000006 0.000004 0.000003 0.000002 0.000002 
0.000002 0.000002 0.000002 0.000003 0.000005 0.000009 0.000014 0.000023 0.000036 0.000057 0.000089 0.000137 0.000210 0.000318 0.000476 0.000705 0.001032 0.001495 0.002142 0.003035 0.004256 0.005902 0.008095 0.010983 0.014739 0.019562 0.025681 0.033344 0.042820 0.054385 0.068315 0.084869 0.104275 0.126708 0.152269 0.180969 0.212703 0.247241 0.284210 0.323093 0.363231 0.403833 0.444000 0.482752 0.519067 0.551924 0.580351 0.603471 0.620548 0.631025 0.634557 0.631025 0.620548 0.603471 0.580351 0.551924 0.519067 0.482752 0.444000 0.403833 0.363231 0.323093 0.284210 0.247241 0.212703 0.180969 0.152269 0.126708 0.104275 0.084869 0.068315 0.054385 0.042820 0.033344 0.025681 0.019562 0.014739 0.010983 0.008095 0.005902 0.004256 0.003035 0.002142 0.001495 0.001032 0.000705 0.000476 0.000318 0.000210 0.000137 0.000089 0.000057 0.000036 0.000023 0.000014 0.000009 0.000006 0.000004 0.000003 0.000003 
0.000002 0.000002 0.000003 0.000005 0.000008 0.000012 0.000020 0.000032 0.000051 0.000081 0.000126 0.000195 0.000298 0.000451 0.000675 0.000999 0.001463 0.002119 0.003035 0.004301 0.006029 0.008359 0.011463 0.015548 0.020860 0.027682 0.036332 0.047165 0.060556 0.076898 0.096578 0.119962 0.147370 0.179047 0.215137 0.255653 0.300448 0.349194 0.401365 0.456232 0.512865 0.570148 0.626813 0.681478 0.732703 0.779047 0.819141 0.851749 0.875833 0.890609 0.895590 0.890609 0.875833 0.851749 0.819141 0.779047 0.732703 0.681478 0.626813 0.570148 0.512865 0.456232 0.401365 0.349194 0.300448 0.255653 0.215137 0.179047 0.147370 0.119962 0.096578 0.076898 0.060556 0.047165 0.036332 0.027682 0.020860 0.015548 0.011463 0.008359 0.006029 0.004301 0.003035 0.002119 0.001463 0.000999 0.000675 0.000451 0.000298 0.000195 0.000126 0.000081 0.000051 0.000032 0.000020 0.000013 0.000008 0.000005 0.000004 0.000004 
0.000003 0.000003 0.000004 0.000007 0.000011 0.000017 0.000028 0.000045 0.000072 0.000114 0.000178 0.000274 0.000419 0.000634 0.000948 0.001402 0.002052 0.002971 0.004256 0.006029 0.008448 0.011710 0.016055 0.021773 0.029205 0.038748 0.050847 0.065994 0.084717 0.107559 0.135064 0.167740 0.206033 0.250284 0.300694 0.357277 0.419829 0.487890 0.560727 0.637319 0.716370 0.796321 0.875405 0.951692 1.023174 1.087843 1.143787 1.189284 1.222887 1.243504 1.250453 1.243504 1.222887 1.189284 1.143787 1.087843 1.023174 0.951692 0.875405 0.796321 0.716370 0.637319 0.560727 0.487890 0.419829 0.357277 0.300694 0.250284 0.206033 0.167740 0.135064 0.107559 0.084717 0.065994 0.050847 0.038748 0.029205 0.021773 0.016055 0.011710 0.008448 0.006029 0.004256 0.002971 0.002052 0.001402 0.000948 0.000634 0.000419 0.000274 0.000178 0.000114 0.000072 0.000045 0.000028 0.000018 0.000011 0.000008 0.000006 0.000006 
0.000005 0.000005 0.000006 0.000009 0.000015 0.000024 0.000039 0.000063 0.000100 0.000158 0.000247 0.000381 0.000582 0.000880 0.001316 0.001946 0.002848 0.004122 0.005902 0.008359 0.011710 0.016228 0.022244 0.030160 0.040447 0.053651 0.070390 0.091343 0.117236 0.148823 0.186849 0.232018 0.284943 0.346096 0.415749 0.493923 0.580332 0.674343 0.774939 0.880713 0.989871 1.100266 1.209453 1.314774 1.413455 1.502726 1.579950 1.642752 1.689135 1.717592 1.727184 1.717592 1.689135 1.642752 1.579950 1.502726 1.413455 1.314774 1.209453 1.100266 0.989871 0.880713 0.774939 0.674343 0.580332 0.493923 0.415749 0.346096 0.284943 0.232018 0.186849 0.148823 0.117236 0.091343 0.070390 0.053651 0.040447 0.030160 0.022244 0.016228 0.011710 0.008359 0.005902 0.004122 0.002848 0.001946 0.001316 0.000880 0.000582 0.000381 0.000247 0.000158 0.000100 0.000063 0.000039 0.000025 0.000016 0.000011 0.000008 0.000008 
0.000007 0.000007 0.000009 0.000013 0.000020 0.000033 0.000054 0.000087 0.000138 0.000217 0.000339 0.000524 0.000800 0.001209 0.001807 0.002672 0.003908 0.005655 0.008095 0.011463 0.016055 0.022244 0.030485 0.041324 0.055408 0.073482 0.096391 0.125061 0.160485 0.203691 0.255697 0.317463 0.389824 0.473423 0.568630 0.675472 0.793555 0.922012 1.059455 1.203958 1.353072 1.503864 1.652997 1.796840 1.931607 2.053518 2.158974 2.244731 2.308067 2.346925 2.360023 2.346925 2.308067 2.244731 2.158974 2.053518 1.931607 1.796840 1.652997 1.503864 1.353072 1.203958 1.059455 0.922012 0.793555 0.675472 0.568630 0.473423 0.389824 0.317463 0.255697 0.203691 0.160485 0.125061 0.096391 0.073482 0.055408 0.041324 0.030485 0.022244 0.016055 0.011463 0.008095 0.005655 0.003908 0.002672 0.001807 0.001209 0.000800 0.000524 0.000339 0.000217 0.000138 0.000087 0.000054 0.000034 0.000021 0.000014 0.000011 0.000011 
0.000009 0.000009 0.000012 0.000017 0.000028 0.000045 0.000073 0.000118 0.000188 0.000296 0.000461 0.000712 0.001087 0.001642 0.002454 0.003627 0.005305 0.007674 0.010983 0.015548 0.021773 0.030160 0.041324 0.056006 0.075079 0.099552 0.130565 0.169371 0.217311 0.275772 0.346130 0.429679 0.527548 0.640600 0.769334 0.913783 1.073413 1.247049 1.432813 1.628103 1.829608 2.033366 2.234869 2.429213 2.611285 2.775981 2.918442 3.034288 3.119845 3.172334 3.190026 3.172334 3.119845 3.034288 2.918442 2.775981 2.611285 2.429213 2.234869 2.033366 1.829608 1.628103 1.432813 1.247049 1.073413 0.913783 0.769334 0.640600 0.527548 0.429679 0.346130 0.275772 0.217311 0.169371 0.130565 0.099552 0.075079 0.056006 0.041324 0.030160 0.021773 0.015548 0.010983 0.007674 0.005305 0.003627 0.002454 0.001642 0.001087 0.000712 0.000461 0.000296 0.000188 0.000118 0.000074 0.000046 0.000029 0.000020 0.000015 0.000015 
0.000012 0.000012 0.000016 0.000024 0.000038 0.000061 0.000099 0.000158 0.000252 0.000398 0.000620 0.000957 0.001461 0.002206 0.003296 0.004871 0.007122 0.010301 0.014739 0.020860 0.029205 0.040447 0.055408 0.075079 0.100629 0.133407 0.174937 0.226893 0.291068 0.369315 0.463472 0.575268 0.706205 0.857437 1.029627 1.222814 1.436283 1.668458 1.916827 2.177911 2.447283 2.719647 2.988980 3.248728 3.492063 3.712167 3.902548 4.057357 4.171687 4.241828 4.265470 4.241828 4.171687 4.057357 3.902548 3.712167 3.492063 3.248728 2.988980 2.719647 2.447283 2.177911 1.916827 1.668458 1.436283 1.222814 1.029627 0.857437 0.706205 0.575268 0.463472 0.369315 0.291068 0.226893 0.174937 0.133407 0.100629 0.075079 0.055408 0.040447 0.029205 0.020860 0.014739 0.010301 0.007122 0.004871 0.003296 0.002206 0.001461 0.000957 0.000620 0.000398 0.000253 0.000159 0.000099 0.000062 0.000039 0.000027 0.000021 0.000021 
0.000016 0.000016 0.000021 0.000031 0.000050 0.000081 0.000131 0.000211 0.000336 0.000529 0.000825 0.001272 0.001942 0.002931 0.004378 0.006470 0.009457 0.013675 0.019562 0.027682 0.038748 0.053651 0.073482 0.099552 0.133407 0.176832 0.231841 0.300650 0.385628 0.489225 0.613868 0.761840 0.935125 1.135245 1.363072 1.618653 1.901037 2.208137 2.536628 2.881908 3.238122 3.598268 3.954384 4.297809 4.619518 4.910501 5.162181 5.366831 5.517966 5.610685 5.641937 5.610685 5.517966 5.366831 5.162181 4.910501 4.619518 4.297809 3.954384 3.598268 3.238122 2.881908 2.536628 2.208137 1.901037 1.618653 1.363072 1.135245 0.935125 0.761840 0.613868 0.489225 0.385628 0.300650 0.231841 0.176832 0.133407 0.099552 0.073482 0.053651 0.038748 0.027682 0.019562 0.013675 0.009457 0.006470 0.004378 0.002931 0.001942 0.001272 0.000825 0.000529 0.000336 0.000211 0.000132 0.000082 0.000052 0.000035 0.000028 0.000028 
0.000022 0.000022 0.000028 0.000041 0.000066 0.000107 0.000173 0.000278 0.000442 0.000696 0.001085 0.001673 0.002552 0.003853 0.005753 0.008499 0.012420 0.017957 0.025681 0.036332 0.050847 0.070390 0.096391 0.130565 0.174937 0.231841 0.303913 0.394053 0.505358 0.641029 0.804241 0.997975 1.224824 1.486771 1.784952 2.119422 2.488933 2.890749 3.320517 3.772215 4.238183 4.709264 5.175046 5.624206 6.044944 6.425483 6.754612 7.022232 7.219867 7.341111 7.381978 7.341111 7.219867 7.022232 6.754612 6.425483 6.044944 5.624206 5.175046 4.709264 4.238183 3.772215 3.320517 2.890749 2.488933 2.119422 1.784952 1.486771 1.224824 0.997975 0.804241 0.641029 0.505358 0.394053 0.303913 0.231841 0.174937 0.130565 0.096391 0.070390 0.050847 0.036332 0.025681 0.017957 0.012420 0.008499 0.005753 0.003853 0.002552 0.001673 0.001085 0.000696 0.000442 0.000278 0.000174 0.000109 0.000069 0.000047 0.000037 0.000037 
0.000028 0.000028 0.000036 0.000054 0.000086 0.000139 0.000225 0.000361 0.000575 0.000905 0.001411 0.002175 0.003318 0.005007 0.007476 0.011042 0.016133 0.023319 0.033344 0.047165 0.065994 0.091343 0.125061 0.169371 0.226893 0.300650 0.394053 0.510853 0.655057 0.830806 1.042203 1.293102 1.586853 1.926014 2.312050 2.745023 3.223311 3.743369 4.299560 4.884088 5.487040 6.096570 6.699211 7.280316 7.824625 8.316911 8.742678 9.088865 9.344517 9.501352 9.554214 9.501352 9.344517 9.088865 8.742678 8.316911 7.824625 7.280316 6.699211 6.096570 5.487040 4.884088 4.299560 3.743369 3.223311 2.745023 2.312050 1.926014 1.586853 1.293102 1.042203 0.830806 0.655057 0.510853 0.394053 0.300650 0.226893 0.169371 0.125061 0.091343 0.065994 0.047165 0.033344 0.023319 0.016133 0.011042 0.007476 0.005007 0.003318 0.002175 0.001411 0.000906 0.000575 0.000362 0.000226 0.000141 0.000090 0.000061 0.000048 0.000048 
0.000036 0.000036 0.000047 0.000070 0.000111 0.000179 0.000290 0.000465 0.000740 0.001165 0.001815 0.002798 0.004266 0.006437 0.009608 0.014188 0.020726 0.029952 0.042820 0.060556 0.084717 0.117236 0.160485 0.217311 0.291068 0.385628 0.505358 0.655057 0.839854 1.065046 1.335882 1.657288 2.033544 2.467919 2.962277 3.516690 4.129074 4.794882 5.506893 6.255126 7.026893 7.807034 8.578313 9.321996 10.018559 10.648524 11.193350 11.636333 11.963460 12.164140 12.231780 12.164140 11.963460 11.636333 11.193350 10.648524 10.018559 9.321996 8.578313 7.807034 7.026893 6.255126 5.506893 4.794882 4.129074 3.516690 2.962277 2.467919 2.033544 1.657288 1.335882 1.065046 0.839854 0.655057 0.505358 0.385628 0.291068 0.217311 0.160485 0.117236 0.084717 0.060556 0.042820 0.029952 0.020726 0.014188 0.009608 0.006437 0.004267 0.002798 0.001815 0.001165 0.000741 0.000466 0.000291 0.000182 0.000116 0.000078 0.000062 0.000062 
0.000046 0.000046 0.000059 0.000089 0.000141 0.000228 0.000369 0.000592 0.000942 0.001482 0.002309 0.003558 0.005425 0.008184 0.012212 0.018030 0.026334 0.038049 0.054385 0.076898 0.107559 0.148823 0.203691 0.275772 0.369315 0.489225 0.641029 0.830806 1.065046 1.350454 1.693669 2.100922 2.577624 3.127903 3.754110 4.456325 5.231898 6.075064 6.976675 7.924087 8.901237 9.888931 10.865357 11.806802 12.688562 13.485990 14.175626 14.736338 15.150396 15.404403 15.490016 15.404403 15.150396 14.736338 14.175626 13.485990 12.688562 11.806802 10.865357 9.888931 8.901237 7.924087 6.976675 6.075064 5.231898 4.456325 3.754110 3.127903 2.577624 2.100922 1.693669 1.350454 1.065046 0.830806 0.641029 0.489225 0.369315 0.275772 0.203691 0.148823 0.107559 0.076898 0.054385 0.038049 0.026334 0.018030 0.012213 0.008184 0.005425 0.003558 0.002309 0.001483 0.000943 0.000593 0.000371 0.000232 0.000148 0.000100 0.000079 0.000079 
0.000058 0.000058 0.000075 0.000112 0.000178 0.000287 0.000465 0.000746 0.001185 0.001865 0.002905 0.004476 0.006823 0.010289 0.015352 0.022660 0.033090 0.047803 0.068315 0.096578 0.135064 0.186849 0.255697 0.346130 0.463472 0.613868 0.804241 1.042203 1.335882 1.693669 2.123873 2.634291 3.231689 3.921225 4.705830 5.585593 6.557183 7.613368 8.742683 9.929288 11.153065 12.389981 13.612725 14.791611 15.895718 16.894194 17.757678 18.459723 18.978139 19.296162 19.403351 19.296162 18.978139 18.459723 17.757678 16.894194 15.895718 14.791611 13.612725 12.389981 11.153065 9.929288 8.742683 7.613368 6.557183 5.585593 4.705830 3.921225 3.231689 2.634291 2.123873 1.693669 1.335882 1.042203 0.804241 0.613868 0.463472 0.346130 0.255697 0.186849 0.135064 0.096578 0.068315 0.047803 0.033090 0.022661 0.015352 0.010289 0.006823 0.004476 0.002905 0.001866 0.001186 0.000747 0.000467 0.000292 0.000186 0.000126 0.000099 0.000099 
0.000073 0.000073 0.000093 0.000139 0.000221 0.000358 0.000578 0.000928 0.001475 0.002321 0.003614 0.005567 0.008485 0.012794 0.019085 0.028166 0.041123 0.059397 0.084869 0.119962 0.167740 0.232018 0.317463 0.429679 0.575268 0.761840 0.997975 1.293102 1.657288 2.100922 2.634291 3.267044 4.007550 4.862187 5.834571 6.924795 8.128719 9.437373 10.836542 12.306600 13.822622 15.354841 16.869433 18.329639 19.697171 20.933831 22.003269 22.872744 23.514788 23.908645 24.041394 23.908645 23.514788 22.872744 22.003269 20.933831 19.697171 18.329639 16.869433 15.354841 13.822622 12.306600 10.836542 9.437373 8.128719 6.924795 5.834571 4.862187 4.007550 3.267044 2.634291 2.100922 1.657288 1.293102 0.997975 0.761840 0.575268 0.429679 0.317463 0.232018 0.167740 0.119962 0.084869 0.059397 0.041123 0.028166 0.019085 0.012794 0.008485 0.005568 0.003615 0.002322 0.001477 0.000930 0.000582 0.000364 0.000232 0.000157 0.000124 0.000124 
0.000090 0.000090 0.000115 0.000172 0.000273 0.000441 0.000712 0.001143 0.001816 0.002857 0.004447 0.006849 0.010436 0.015733 0.023465 0.034624 0.050543 0.072990 0.104275 0.147370 0.206033 0.284943 0.389824 0.527548 0.706205 0.935125 1.224824 1.586853 2.033544 2.577624 3.231689 4.007550 4.915451 5.963189 7.155177 8.491515 9.967110 11.570956 13.285627 15.087062 16.944723 18.822137 20.677872 22.466900 24.142325 25.657369 26.967516 28.032671 28.819197 29.301683 29.464302 29.301683 28.819197 28.032671 26.967516 25.657369 24.142325 22.466900 20.677872 18.822137 16.944723 15.087062 13.285627 11.570956 9.967110 8.491515 7.155177 5.963189 4.915451 4.007550 3.231689 2.577624 2.033544 1.586853 1.224824 0.935125 0.706205 0.527548 0.389824 0.284943 0.206033 0.147370 0.104275 0.072990 0.050543 0.034624 0.023465 0.015733 0.010436 0.006849 0.004447 0.002858 0.001818 0.001145 0.000717 0.000448 0.000286 0.000194 0.000152 0.000152 
0.000109 0.000109 0.000140 0.000209 0.000332 0.000537 0.000867 0.001391 0.002211 0.003477 0.005411 0.008332 0.012693 0.019133 0.028531 0.042092 0.061435 0.088705 0.126708 0.179047 0.250284 0.346096 0.473423 0.640600 0.857437 1.135245 1.486771 1.926014 2.467919 3.127903 3.921225 4.862187 5.963189 7.233662 8.678937 10.299114 12.088001 14.032242 16.110701 18.294212 20.545757 22.821138 25.070148 27.238234 29.268580 31.104520 32.692126 33.982832 34.935895 35.520535 35.717585 35.520535 34.935895 33.982832 32.692126 31.104520 29.268580 27.238234 25.070148 22.821138 20.545757 18.294212 16.110701 14.032242 12.088001 10.299114 8.678937 7.233662 5.963189 4.862187 3.921225 3.127903 2.467919 1.926014 1.486771 1.135245 0.857437 0.640600 0.473423 0.346096 0.250284 0.179047 0.126708 0.088705 0.061435 0.042092 0.028531 0.019133 0.012693 0.008332 0.005411 0.003478 0.002212 0.001394 0.000873 0.000546 0.000348 0.000236 0.000186 0.000186 
0.000132 0.000132 0.000169 0.000252 0.000400 0.000647 0.001045 0.001675 0.002661 0.004184 0.006510 0.010023 0.015268 0.023010 0.034307 0.050606 0.073849 0.106615 0.152269 0.215137 0.300694 0.415749 0.568630 0.769334 1.029627 1.363072 1.784952 2.312050 2.962277 3.754110 4.705830 5.834571 7.155177 8.678937 10.412220 12.355120 14.500194 16.831411 19.323418 21.941239 24.640496 27.368208 30.064200 32.663093 35.096802 37.297423 39.200341 40.747365 41.889680 42.590407 42.826581 42.590407 41.889680 40.747365 39.200341 37.297423 35.096802 32.663093 30.064200 27.368208 24.640496 21.941239 19.323418 16.831411 14.500194 12.355120 10.412220 8.678937 7.155177 5.834571 4.705830 3.754110 2.962277 2.312050 1.784952 1.363072 1.029627 0.769334 0.568630 0.415749 0.300694 0.215137 0.152269 0.106615 0.073849 0.050606 0.034307 0.023010 0.015268 0.010024 0.006511 0.004185 0.002663 0.001679 0.001051 0.000658 0.000419 0.000284 0.000224 0.000224 
0.000157 0.000157 0.000201 0.000300 0.000477 0.000770 0.001244 0.001994 0.003167 0.004979 0.007747 0.011925 0.018161 0.027366 0.040796 0.060168 0.087792 0.126727 0.180969 0.255653 0.357277 0.493923 0.675472 0.913783 1.222814 1.618653 2.119422 2.745023 3.516690 4.456325 5.585593 6.924795 8.491515 10.299114 12.355120 14.659619 17.203762 19.968517 22.923806 26.028145 29.228908 32.463278 35.659917 38.741324 41.626794 44.235845 46.491892 48.325970 49.680228 50.510960 50.790951 50.510960 49.680228 48.325970 46.491892 44.235845 41.626794 38.741324 35.659917 32.463278 29.228908 26.028145 22.923806 19.968517 17.203762 14.659619 12.355120 10.299114 8.491515 6.924795 5.585593 4.456325 3.516690 2.745023 2.119422 1.618653 1.222814 0.913783 0.675472 0.493923 0.357277 0.255653 0.180969 0.126727 0.087792 0.060169 0.040796 0.027366 0.018161 0.011925 0.007747 0.004981 0.003170 0.001998 0.001251 0.000783 0.000499 0.000339 0.000267 0.000267 
0.000185 0.000185 0.000237 0.000354 0.000561 0.000907 0.001464 0.002347 0.003728 0.005860 0.009115 0.014029 0.021363 0.032186 0.047975 0.070747 0.103213 0.148968 0.212703 0.300448 0.419829 0.580332 0.793555 1.073413 1.436283 1.901037 2.488933 3.223311 4.129074 5.231898 6.557183 8.128719 9.967110 12.088001 14.500194 17.203762 20.188300 23.431462 26.897952 30.539105 34.293196 38.086558 41.835536 45.449258 48.833105 51.892717 54.538313 56.689047 58.277100 59.251239 59.579563 59.251239 58.277100 56.689047 54.538313 51.892717 48.833105 45.449258 41.835536 38.086558 34.293196 30.539105 26.897952 23.431462 20.188300 17.203762 14.500194 12.088001 9.967110 8.128719 6.557183 5.231898 4.129074 3.223311 2.488933 1.901037 1.436283 1.073413 0.793555 0.580332 0.419829 0.300448 0.212703 0.148968 0.103213 0.070747 0.047975 0.032186 0.021363 0.014029 0.009116 0.005861 0.003731 0.002352 0.001473 0.000922 0.000588 0.000399 0.000314 0.000314 
0.000215 0.000215 0.000276 0.000412 0.000654 0.001056 0.001705 0.002733 0.004339 0.006819 0.010606 0.016321 0.024851 0.037435 0.055792 0.082264 0.120001 0.173177 0.247241 0.349194 0.487890 0.674343 0.922012 1.247049 1.668458 2.208137 2.890749 3.743369 4.794882 6.075064 7.613368 9.437373 11.570956 14.032242 16.831411 19.968517 23.431462 27.194297 31.216057 35.440274 39.795341 44.195806 48.544643 52.736461 56.661530 60.210429 63.279048 65.773641 67.615573 68.745437 69.126244 68.745437 67.615573 65.773641 63.279048 60.210429 56.661530 52.736461 48.544643 44.195806 39.795341 35.440274 31.216057 27.194297 23.431462 19.968517 16.831411 14.032242 11.570956 9.437373 7.613368 6.075064 4.794882 3.743369 2.890749 2.208137 1.668458 1.247049 0.922012 0.674343 0.487890 0.349194 0.247241 0.173177 0.120001 0.082264 0.055792 0.037435 0.024851 0.016322 0.010607 0.006821 0.004342 0.002738 0.001715 0.001074 0.000685 0.000465 0.000366 0.000366 
0.000248 0.000248 0.000318 0.000474 0.000753 0.001216 0.001963 0.003146 0.004994 0.007848 0.012204 0.018777 0.028586 0.043057 0.064163 0.094596 0.137974 0.199093 0.284210 0.401365 0.560727 0.774939 1.059455 1.432813 1.916827 2.536628 3.320517 4.299560 5.506893 6.976675 8.742683 10.836542 13.285627 16.110701 19.323418 22.923806 26.897952 31.216057 35.831094 40.678260 45.675388 50.724438 55.714100 60.523477 65.026701 69.098263 72.618754 75.480652 77.593768 78.889972 79.326841 78.889972 77.593768 75.480652 72.618754 69.098263 65.026701 60.523477 55.714100 50.724438 45.675388 40.678260 35.831094 31.216057 26.897952 22.923806 19.323418 16.110701 13.285627 10.836542 8.742683 6.976675 5.506893 4.299560 3.320517 2.536628 1.916827 1.432813 1.059455 0.774939 0.560727 0.401365 0.284210 0.199093 0.137975 0.094596 0.064163 0.043057 0.028587 0.018778 0.012205 0.007850 0.004998 0.003152 0.001975 0.001237 0.000789 0.000536 0.000422 0.000422 
0.000283 0.000283 0.000362 0.000540 0.000857 0.001385 0.002234 0.003580 0.005683 0.008930 0.013885 0.021362 0.032518 0.048973 0.072972 0.107571 0.156882 0.226354 0.323093 0.456232 0.637319 0.880713 1.203958 1.628103 2.177911 2.881908 3.772215 4.884088 6.255126 7.924087 9.929288 12.306600 15.087062 18.294212 21.941239 26.028145 30.539105 35.440274 40.678260 46.179504 51.850755 57.580756 63.243202 68.700920 73.811102 78.431356 82.426214 85.673697 88.071492 89.542312 90.038032 89.542312 88.071492 85.673697 82.426214 78.431356 73.811102 68.700920 63.243202 57.580756 51.850755 46.179504 40.678260 35.440274 30.539105 26.028145 21.941239 18.294212 15.087062 12.306600 9.929288 7.924087 6.255126 4.884088 3.772215 2.881908 2.177911 1.628103 1.203958 0.880713 0.637319 0.456232 0.323093 0.226354 0.156883 0.107571 0.072972 0.048974 0.032518 0.021363 0.013887 0.008933 0.005688 0.003588 0.002248 0.001408 0.000898 0.000610 0.000480 0.000480 
0.000319 0.000319 0.000408 0.000608 0.000965 0.001559 0.002515 0.004030 0.006396 0.010049 0.015623 0.024033 0.036579 0.055084 0.082068 0.120968 0.176404 0.254497 0.363231 0.512865 0.716370 0.989871 1.353072 1.829608 2.447283 3.238122 4.238183 5.487040 7.026893 8.901237 11.153065 13.822622 16.944723 20.545757 24.640496 29.228908 34.293196 39.795341 45.675388 51.850755 58.216765 64.648540 71.004326 77.130177 82.865834 88.051510 92.535192 96.180006 98.871150 100.521901 101.078263 100.521901 98.871150 96.180006 92.535192 88.051510 82.865834 77.130177 71.004326 64.648540 58.216765 51.850755 45.675388 39.795341 34.293196 29.228908 24.640496 20.545757 16.944723 13.822622 11.153065 8.901237 7.026893 5.487040 4.238183 3.238122 2.447283 1.829608 1.353072 0.989871 0.716370 0.512865 0.363231 0.254497 0.176404 0.120968 0.082068 0.055084 0.036579 0.024034 0.015624 0.010051 0.006401 0.004038 0.002530 0.001585 0.001011 0.000687 0.000541 0.000541 
0.000355 0.000355 0.000455 0.000677 0.001075 0.001735 0.002800 0.004485 0.007118 0.011181 0.017382 0.026736 0.040689 0.061268 0.091273 0.134524 0.196156 0.282968 0.403833 0.570148 0.796321 1.100266 1.503864 2.033366 2.719647 3.598268 4.709264 6.096570 7.807034 9.888931 12.389981 15.354841 18.822137 22.821138 27.368208 32.463278 38.086558 44.195806 50.724438 57.580756 64.648540 71.789157 78.845249 85.645932 92.013324 97.770071 102.747452 106.793557 109.780971 111.613445 112.231053 111.613445 109.780971 106.793557 102.747452 97.770071 92.013324 85.645932 78.845249 71.789157 64.648540 57.580756 50.724438 44.195806 38.086558 32.463278 27.368208 22.821138 18.822137 15.354841 12.389981 9.888931 7.807034 6.096570 4.709264 3.598268 2.719647 2.033366 1.503864 1.100266 0.796321 0.570148 0.403833 0.282968 0.196156 0.134524 0.091273 0.061268 0.040690 0.026737 0.017383 0.011184 0.007123 0.004494 0.002816 0.001765 0.001126 0.000765 0.000603 0.000603 
0.000391 0.000391 0.000500 0.000746 0.001183 0.001910 0.003081 0.004936 0.007832 0.012302 0.019123 0.029412 0.044758 0.067388 0.100382 0.147938 0.215698 0.311136 0.444000 0.626813 0.875405 1.209453 1.652997 2.234869 2.988980 3.954384 5.175046 6.699211 8.578313 10.865357 13.612725 16.869433 20.677872 25.070148 30.064200 35.659917 41.835536 48.544643 55.714100 63.243202 71.004326 78.845249 86.593198 94.060560 101.052042 107.372941 112.838036 117.280562 120.560648 122.572638 123.250747 122.572638 120.560648 117.280562 112.838036 107.372941 101.052042 94.060560 86.593198 78.845249 71.004326 63.243202 55.714100 48.544643 41.835536 35.659917 30.064200 25.070148 20.677872 16.869433 13.612725 10.865357 8.578313 6.699211 5.175046 3.954384 2.988980 2.234869 1.652997 1.209453 0.875405 0.626813 0.444000 0.311136 0.215698 0.147938 0.100382 0.067388 0.044758 0.029413 0.019125 0.012306 0.007838 0.004946 0.003100 0.001942 0.001240 0.000842 0.000664 0.000664 
