0.000000 0.000000 0.000000 0.000000 0.000000 0.000000 0.000000 0.000000 0.000000 0.000000 0.000000 0.000000 0.000000 0.000000 0.000000 0.000000 0.000000 0.000000 0.000000 0.000000 0.000000 0.000000 0.000000 0.000000 0.000000 0.000000 0.000000 0.000001 0.000001 0.000001 0.000002 0.000002 0.000003 0.000004 0.000004 0.000006 0.000007 0.000008 0.000010 0.000012 0.000014 0.000016 0.000018 0.000020 0.000022 0.000024 0.000025 0.000026 0.000027 0.000028 0.000028 0.000028 0.000027 0.000026 0.000025 0.000024 0.000022 0.000020 0.000018 0.000016 0.000014 0.000012 0.000010 0.000008 0.000007 0.000006 0.000004 0.000004 0.000003 0.000002 0.000002 0.000001 0.000001 0.000001 0.000000 0.000000 0.000000 0.000000 0.000000 0.000000 0.000000 0.000000 0.000000 0.000000 0.000000 0.000000 0.000000 0.000000 0.000000 0.000000 0.000000 0.000000 0.000000 0.000000 0.000000 0.000000 0.000000 0.000000 0.000000 0.000000 
0.000000 0.000000 0.000000 0.000000 0.000000 0.000000 0.000000 0.000000 0.000000 0.000000 0.000000 0.000000 0.000000 0.000000 0.000000 0.000000 0.000000 0.000000 0.000000 0.000000 0.000000 0.000000 0.000000 0.000000 0.000000 0.000000 0.000000 0.000001 0.000001 0.000001 0.000002 0.000002 0.000003 0.000004 0.000004 0.000006 0.000007 0.000008 0.000010 0.000012 0.000014 0.000016 0.000018 0.000020 0.000022 0.000024 0.000025 0.000026 0.000027 0.000028 0.000028 0.000028 0.000027 0.000026 0.000025 0.000024 0.000022 0.000020 0.000018 0.000016 0.000014 0.000012 0.000010 0.000008 0.000007 0.000006 0.000004 0.000004 0.000003 0.000002 0.000002 0.000001 0.000001 0.000001 0.000000 0.000000 0.000000 0.000000 0.000000 0.000000 0.000000 0.000000 0.000000 0.000000 0.000000 0.000000 0.000000 0.000000 0.000000 0.000000 0.000000 0.000000 0.000000 0.000000 0.000000 0.000000 0.000000 0.000000 0.000000 0.000000 
0.000000 0.000000 0.000000 0.000000 0.000000 0.000000 0.000000 0.000000 0.000000 0.000000 0.000000 0.000000 0.000000 0.000000 0.000000 0.000000 0.000000 0.000000 0.000000 0.000000 0.000000 0.000000 0.000000 0.000000 0.000000 0.000000 0.000001 0.000001 0.000001 0.000002 0.000002 0.000003 0.000004 0.000005 0.000006 0.000008 0.000010 0.000012 0.000014 0.000017 0.000020 0.000023 0.000026 0.000029 0.000031 0.000034 0.000036 0.000038 0.000039 0.000040 0.000041 0.000040 0.000039 0.000038 0.000036 0.000034 0.000031 0.000029 0.000026 0.000023 0.000020 0.000017 0.000014 0.000012 0.000010 0.000008 0.000006 0.000005 0.000004 0.000003 0.000002 0.000002 0.000001 0.000001 0.000001 0.000000 0.000000 0.000000 0.000000 0.000000 0.000000 0.000000 0.000000 0.000000 0.000000 0.000000 0.000000 0.000000 0.000000 0.000000 0.000000 0.000000 0.000000 0.000000 0.000000 0.000000 0.000000 0.000000 0.000000 0.000000 
0.000000 0.000000 0.000000 0.000000 0.000000 0.000000 0.000000 0.000000 0.000000 0.000000 0.000000 0.000000 0.000000 0.000000 0.000000 0.000000 0.000000 0.000000 0.000000 0.000000 0.000000 0.000000 0.000000 0.000000 0.000001 0.000001 0.000001 0.000002 0.000002 0.000003 0.000004 0.000005 0.000007 0.000009 0.000011 0.000014 0.000017 0.000021 0.000025 0.000029 0.000034 0.000039 0.000044 0.000049 0.000054 0.000058 0.000062 0.000066 0.000068 0.000069 0.000070 0.000069 0.000068 0.000066 0.000062 0.000058 0.000054 0.000049 0.000044 0.000039 0.000034 0.000029 0.000025 0.000021 0.000017 0.000014 0.000011 0.000009 0.000007 0.000005 0.000004 0.000003 0.000002 0.000002 0.000001 0.000001 0.000001 0.000000 0.000000 0.000000 0.000000 0.000000 0.000000 0.000000 0.000000 0.000000 0.000000 0.000000 0.000000 0.000000 0.000000 0.000000 0.000000 0.000000 0.000000 0.000000 0.000000 0.000000 0.000000 0.000000 
0.000000 0.000000 0.000000 0.000000 0.000000 0.000000 0.000000 0.000000 0.000000 0.000000 0.000000 0.000000 0.000000 0.000000 0.000000 0.000000 0.000000 0.000000 0.000000 0.000000 0.000000 0.000000 0.000000 0.000001 0.000001 0.000001 0.000002 0.000003 0.000004 0.000005 0.000007 0.000010 0.000013 0.000016 0.000020 0.000025 0.000031 0.000038 0.000045 0.000054 0.000062 0.000071 0.000080 0.000089 0.000098 0.000106 0.000113 0.000119 0.000123 0.000126 0.000127 0.000126 0.000123 0.000119 0.000113 0.000106 0.000098 0.000089 0.000080 0.000071 0.000062 0.000054 0.000045 0.000038 0.000031 0.000025 0.000020 0.000016 0.000013 0.000010 0.000007 0.000005 0.000004 0.000003 0.000002 0.000001 0.000001 0.000001 0.000000 0.000000 0.000000 0.000000 0.000000 0.000000 0.000000 0.000000 0.000000 0.000000 0.000000 0.000000 0.000000 0.000000 0.000000 0.000000 0.000000 0.000000 0.000000 0.000000 0.000000 0.000000 
0.000000 0.000000 0.000000 0.000000 0.000000 0.000000 0.000000 0.000000 0.000000 0.000000 0.000000 0.000000 0.000000 0.000000 0.000000 0.000000 0.000000 0.000000 0.000000 0.000000 0.000000 0.000001 0.000001 0.000001 0.000002 0.000003 0.000004 0.000005 0.000007 0.000010 0.000013 0.000018 0.000023 0.000030 0.000037 0.000047 0.000057 0.000070 0.000083 0.000098 0.000114 0.000130 0.000147 0.000164 0.000180 0.000194 0.000207 0.000218 0.000226 0.000231 0.000232 0.000231 0.000226 0.000218 0.000207 0.000194 0.000180 0.000164 0.000147 0.000130 0.000114 0.000098 0.000083 0.000070 0.000057 0.000047 0.000037 0.000030 0.000023 0.000018 0.000013 0.000010 0.000007 0.000005 0.000004 0.000003 0.000002 0.000001 0.000001 0.000001 0.000000 0.000000 0.000000 0.000000 0.000000 0.000000 0.000000 0.000000 0.000000 0.000000 0.000000 0.000000 0.000000 0.000000 0.000000 0.000000 0.000000 0.000000 0.000000 0.000000 
0.000000 0.000000 0.000000 0.000000 0.000000 0.000000 0.000000 0.000000 0.000000 0.000000 0.000000 0.000000 0.000000 0.000000 0.000000 0.000000 0.000000 0.000000 0.000000 0.000000 0.000001 0.000001 0.000002 0.000002 0.000003 0.000005 0.000007 0.000010 0.000014 0.000018 0.000025 0.000032 0.000042 0.000054 0.000068 0.000085 0.000104 0.000127 0.000151 0.000178 0.000207 0.000237 0.000267 0.000297 0.000326 0.000353 0.000376 0.000395 0.000410 0.000419 0.000422 0.000419 0.000410 0.000395 0.000376 0.000353 0.000326 0.000297 0.000267 0.000237 0.000207 0.000178 0.000151 0.000127 0.000104 0.000085 0.000068 0.000054 0.000042 0.000032 0.000025 0.000018 0.000014 0.000010 0.000007 0.000005 0.000003 0.000002 0.000002 0.000001 0.000001 0.000000 0.000000 0.000000 0.000000 0.000000 0.000000 0.000000 0.000000 0.000000 0.000000 0.000000 0.000000 0.000000 0.000000 0.000000 0.000000 0.000000 0.000000 0.000000 
0.000000 0.000000 0.000000 0.000000 0.000000 0.000000 0.000000 0.000000 0.000000 0.000000 0.000000 0.000000 0.000000 0.000000 0.000000 0.000000 0.000000 0.000000 0.000001 0.000001 0.000001 0.000002 0.000003 0.000004 0.000006 0.000009 0.000013 0.000018 0.000024 0.000033 0.000044 0.000058 0.000076 0.000097 0.000123 0.000153 0.000188 0.000228 0.000272 0.000320 0.000372 0.000425 0.000480 0.000534 0.000586 0.000633 0.000675 0.000710 0.000735 0.000751 0.000757 0.000751 0.000735 0.000710 0.000675 0.000633 0.000586 0.000534 0.000480 0.000425 0.000372 0.000320 0.000272 0.000228 0.000188 0.000153 0.000123 0.000097 0.000076 0.000058 0.000044 0.000033 0.000024 0.000018 0.000013 0.000009 0.000006 0.000004 0.000003 0.000002 0.000001 0.000001 0.000001 0.000000 0.000000 0.000000 0.000000 0.000000 0.000000 0.000000 0.000000 0.000000 0.000000 0.000000 0.000000 0.000000 0.000000 0.000000 0.000000 0.000000 
0.000000 0.000000 0.000000 0.000000 0.000000 0.000000 0.000000 0.000000 0.000000 0.000000 0.000000 0.000000 0.000000 0.000000 0.000000 0.000000 0.000000 0.000001 0.000001 0.000002 0.000002 0.000004 0.000005 0.000008 0.000011 0.000016 0.000023 0.000032 0.000044 0.000059 0.000079 0.000104 0.000135 0.000173 0.000218 0.000272 0.000334 0.000404 0.000482 0.000568 0.000659 0.000754 0.000851 0.000947 0.001038 0.001122 0.001197 0.001258 0.001303 0.001331 0.001341 0.001331 0.001303 0.001258 0.001197 0.001122 0.001038 0.000947 0.000851 0.000754 0.000659 0.000568 0.000482 0.000404 0.000334 0.000272 0.000218 0.000173 0.000135 0.000104 0.000079 0.000059 0.000044 0.000032 0.000023 0.000016 0.000011 0.000008 0.000005 0.000004 0.000002 0.000002 0.000001 0.000001 0.000000 0.000000 0.000000 0.000000 0.000000 0.000000 0.000000 0.000000 0.000000 0.000000 0.000000 0.000000 0.000000 0.000000 0.000000 0.000000 
0.000000 0.000000 0.000000 0.000000 0.000000 0.000000 0.000000 0.000000 0.000000 0.000000 0.000000 0.000000 0.000000 0.000000 0.000000 0.000000 0.000001 0.000001 0.000002 0.000003 0.000004 0.000006 0.000009 0.000014 0.000020 0.000028 0.000040 0.000056 0.000076 0.000104 0.000138 0.000182 0.000237 0.000303 0.000383 0.000476 0.000585 0.000708 0.000845 0.000995 0.001154 0.001321 0.001490 0.001657 0.001817 0.001964 0.002094 0.002200 0.002280 0.002329 0.002345 0.002329 0.002280 0.002200 0.002094 0.001964 0.001817 0.001657 0.001490 0.001321 0.001154 0.000995 0.000845 0.000708 0.000585 0.000476 0.000383 0.000303 0.000237 0.000182 0.000138 0.000104 0.000076 0.000056 0.000040 0.000028 0.000020 0.000014 0.000009 0.000006 0.000004 0.000003 0.000002 0.000001 0.000001 0.000000 0.000000 0.000000 0.000000 0.000000 0.000000 0.000000 0.000000 0.000000 0.000000 0.000000 0.000000 0.000000 0.000000 0.000000 
0.000000 0.000000 0.000000 0.000000 0.000000 0.000000 0.000000 0.000000 0.000000 0.000000 0.000000 0.000000 0.000000 0.000000 0.000000 0.000001 0.000001 0.000002 0.000003 0.000005 0.000007 0.000011 0.000016 0.000024 0.000034 0.000049 0.000069 0.000097 0.000133 0.000180 0.000240 0.000316 0.000410 0.000525 0.000662 0.000825 0.001012 0.001225 0.001462 0.001720 0.001995 0.002282 0.002574 0.002862 0.003138 0.003393 0.003616 0.003800 0.003937 0.004021 0.004050 0.004021 0.003937 0.003800 0.003616 0.003393 0.003138 0.002862 0.002574 0.002282 0.001995 0.001720 0.001462 0.001225 0.001012 0.000825 0.000662 0.000525 0.000410 0.000316 0.000240 0.000180 0.000133 0.000097 0.000069 0.000049 0.000034 0.000024 0.000016 0.000011 0.000007 0.000005 0.000003 0.000002 0.000001 0.000001 0.000000 0.000000 0.000000 0.000000 0.000000 0.000000 0.000000 0.000000 0.000000 0.000000 0.000000 0.000000 0.000000 0.000000 
0.000000 0.000000 0.000000 0.000000 0.000000 0.000000 0.000000 0.000000 0.000000 0.000000 0.000000 0.000000 0.000000 0.000000 0.000001 0.000001 0.000002 0.000003 0.000005 0.000008 0.000012 0.000019 0.000028 0.000041 0.000059 0.000084 0.000119 0.000166 0.000227 0.000308 0.000411 0.000540 0.000701 0.000897 0.001132 0.001409 0.001728 0.002091 0.002495 0.002935 0.003404 0.003893 0.004390 0.004881 0.005351 0.005784 0.006164 0.006477 0.006710 0.006854 0.006903 0.006854 0.006710 0.006477 0.006164 0.005784 0.005351 0.004881 0.004390 0.003893 0.003404 0.002935 0.002495 0.002091 0.001728 0.001409 0.001132 0.000897 0.000701 0.000540 0.000411 0.000308 0.000227 0.000166 0.000119 0.000084 0.000059 0.000041 0.000028 0.000019 0.000012 0.000008 0.000005 0.000003 0.000002 0.000001 0.000001 0.000000 0.000000 0.000000 0.000000 0.000000 0.000000 0.000000 0.000000 0.000000 0.000000 0.000000 0.000000 0.000000 
0.000000 0.000000 0.000000 0.000000 0.000000 0.000000 0.000000 0.000000 0.000000 0.000000 0.000000 0.000000 0.000000 0.000001 0.000001 0.000002 0.000004 0.000006 0.000009 0.000014 0.000021 0.000032 0.000047 0.000069 0.000100 0.000143 0.000202 0.000280 0.000384 0.000520 0.000693 0.000912 0.001183 0.001514 0.001909 0.002375 0.002914 0.003524 0.004203 0.004944 0.005733 0.006555 0.007391 0.008217 0.009006 0.009734 0.010373 0.010898 0.011290 0.011532 0.011614 0.011532 0.011290 0.010898 0.010373 0.009734 0.009006 0.008217 0.007391 0.006555 0.005733 0.004944 0.004203 0.003524 0.002914 0.002375 0.001909 0.001514 0.001183 0.000912 0.000693 0.000520 0.000384 0.000280 0.000202 0.000143 0.000100 0.000069 0.000047 0.000032 0.000021 0.000014 0.000009 0.000006 0.000004 0.000002 0.000001 0.000001 0.000000 0.000000 0.000000 0.000000 0.000000 0.000000 0.000000 0.000000 0.000000 0.000000 0.000000 0.000000 
0.000000 0.000000 0.000000 0.000000 0.000000 0.000000 0.000000 0.000000 0.000000 0.000000 0.000000 0.000000 0.000001 0.000001 0.000002 0.000004 0.000006 0.000009 0.000015 0.000023 0.000035 0.000053 0.000079 0.000115 0.000167 0.000239 0.000337 0.000468 0.000641 0.000867 0.001156 0.001520 0.001971 0.002520 0.003178 0.003953 0.004847 0.005862 0.006990 0.008219 0.009529 0.010894 0.012281 0.013650 0.014961 0.016167 0.017227 0.018099 0.018748 0.019149 0.019285 0.019149 0.018748 0.018099 0.017227 0.016167 0.014961 0.013650 0.012281 0.010894 0.009529 0.008219 0.006990 0.005862 0.004847 0.003953 0.003178 0.002520 0.001971 0.001520 0.001156 0.000867 0.000641 0.000468 0.000337 0.000239 0.000167 0.000115 0.000079 0.000053 0.000035 0.000023 0.000015 0.000009 0.000006 0.000004 0.000002 0.000001 0.000001 0.000000 0.000000 0.000000 0.000000 0.000000 0.000000 0.000000 0.000000 0.000000 0.000000 0.000000 
0.000000 0.000000 0.000000 0.000000 0.000000 0.000000 0.000000 0.000000 0.000000 0.000000 0.000000 0.000001 0.000001 0.000002 0.000004 0.000006 0.000010 0.000016 0.000024 0.000038 0.000058 0.000087 0.000130 0.000190 0.000276 0.000394 0.000555 0.000770 0.001056 0.001427 0.001901 0.002499 0.003240 0.004142 0.005222 0.006492 0.007959 0.009622 0.011471 0.013485 0.015632 0.017868 0.020139 0.022382 0.024528 0.026503 0.028238 0.029665 0.030728 0.031385 0.031607 0.031385 0.030728 0.029665 0.028238 0.026503 0.024528 0.022382 0.020139 0.017868 0.015632 0.013485 0.011471 0.009622 0.007959 0.006492 0.005222 0.004142 0.003240 0.002499 0.001901 0.001427 0.001056 0.000770 0.000555 0.000394 0.000276 0.000190 0.000130 0.000087 0.000058 0.000038 0.000024 0.000016 0.000010 0.000006 0.000004 0.000002 0.000001 0.000001 0.000000 0.000000 0.000000 0.000000 0.000000 0.000000 0.000000 0.000000 0.000000 0.000000 
0.000000 0.000000 0.000000 0.000000 0.000000 0.000000 0.000000 0.000000 0.000000 0.000000 0.000001 0.000001 0.000002 0.000004 0.000006 0.000010 0.000016 0.000025 0.000040 0.000062 0.000094 0.000142 0.000211 0.000310 0.000449 0.000640 0.000902 0.001252 0.001715 0.002317 0.003087 0.004056 0.005256 0.006717 0.008466 0.010522 0.012896 0.015588 0.018579 0.021836 0.025308 0.028923 0.032595 0.036220 0.039687 0.042880 0.045682 0.047988 0.049706 0.050766 0.051125 0.050766 0.049706 0.047988 0.045682 0.042880 0.039687 0.036220 0.032595 0.028923 0.025308 0.021836 0.018579 0.015588 0.012896 0.010522 0.008466 0.006717 0.005256 0.004056 0.003087 0.002317 0.001715 0.001252 0.000902 0.000640 0.000449 0.000310 0.000211 0.000142 0.000094 0.000062 0.000040 0.000025 0.000016 0.000010 0.000006 0.000004 0.000002 0.000001 0.000001 0.000000 0.000000 0.000000 0.000000 0.000000 0.000000 0.000000 0.000000 0.000000 
0.000000 0.000000 0.000000 0.000000 0.000000 0.000000 0.000000 0.000000 0.000000 0.000001 0.000001 0.000002 0.000004 0.000006 0.000010 0.000016 0.000026 0.000041 0.000064 0.000099 0.000152 0.000228 0.000340 0.000498 0.000720 0.001028 0.001447 0.002008 0.002749 0.003713 0.004945 0.006495 0.008414 0.010750 0.013545 0.016830 0.020623 0.024921 0.029696 0.034896 0.040436 0.046205 0.052062 0.057845 0.063375 0.068467 0.072935 0.076612 0.079352 0.081042 0.081614 0.081042 0.079352 0.076612 0.072935 0.068467 0.063375 0.057845 0.052062 0.046205 0.040436 0.034896 0.029696 0.024921 0.020623 0.016830 0.013545 0.010750 0.008414 0.006495 0.004945 0.003713 0.002749 0.002008 0.001447 0.001028 0.000720 0.000498 0.000340 0.000228 0.000152 0.000099 0.000064 0.000041 0.000026 0.000016 0.000010 0.000006 0.000004 0.000002 0.000001 0.000001 0.000000 0.000000 0.000000 0.000000 0.000000 0.000000 0.000000 0.000000 
0.000000 0.000000 0.000000 0.000000 0.000000 0.000000 0.000000 0.000000 0.000001 0.000001 0.000002 0.000003 0.000006 0.000009 0.000016 0.000025 0.000041 0.000065 0.000102 0.000158 0.000241 0.000362 0.000539 0.000789 0.001141 0.001628 0.002290 0.003178 0.004349 0.005871 0.007817 0.010264 0.013293 0.016978 0.021386 0.026566 0.032545 0.039318 0.046842 0.055033 0.063759 0.072843 0.082065 0.091169 0.099874 0.107887 0.114920 0.120706 0.125017 0.127677 0.128577 0.127677 0.125017 0.120706 0.114920 0.107887 0.099874 0.091169 0.082065 0.072843 0.063759 0.055033 0.046842 0.039318 0.032545 0.026566 0.021386 0.016978 0.013293 0.010264 0.007817 0.005871 0.004349 0.003178 0.002290 0.001628 0.001141 0.000789 0.000539 0.000362 0.000241 0.000158 0.000102 0.000065 0.000041 0.000025 0.000016 0.000009 0.000006 0.000003 0.000002 0.000001 0.000001 0.000000 0.000000 0.000000 0.000000 0.000000 0.000000 0.000000 
0.000000 0.000000 0.000000 0.000000 0.000000 0.000000 0.000000 0.000001 0.000001 0.000002 0.000003 0.000005 0.000009 0.000015 0.000024 0.000040 0.000064 0.000102 0.000160 0.000247 0.000377 0.000568 0.000843 0.001235 0.001785 0.002544 0.003578 0.004963 0.006789 0.009162 0.012194 0.016006 0.020723 0.026460 0.033320 0.041380 0.050681 0.061214 0.072914 0.085647 0.099211 0.113328 0.127657 0.141801 0.155323 0.167770 0.178693 0.187679 0.194374 0.198505 0.199901 0.198505 0.194374 0.187679 0.178693 0.167770 0.155323 0.141801 0.127657 0.113328 0.099211 0.085647 0.072914 0.061214 0.050681 0.041380 0.033320 0.026460 0.020723 0.016006 0.012194 0.009162 0.006789 0.004963 0.003578 0.002544 0.001785 0.001235 0.000843 0.000568 0.000377 0.000247 0.000160 0.000102 0.000064 0.000040 0.000024 0.000015 0.000009 0.000005 0.000003 0.000002 0.000001 0.000001 0.000000 0.000000 0.000000 0.000000 0.000000 0.000000 
0.000000 0.000000 0.000000 0.000000 0.000000 0.000000 0.000000 0.000001 0.000002 0.000003 0.000005 0.000008 0.000014 0.000023 0.000038 0.000062 0.000099 0.000158 0.000247 0.000382 0.000583 0.000877 0.001301 0.001906 0.002753 0.003923 0.005515 0.007646 0.010457 0.014106 0.018768 0.024629 0.031877 0.040690 0.051226 0.063602 0.077880 0.094046 0.111998 0.131533 0.152337 0.173987 0.195959 0.217644 0.238374 0.257452 0.274194 0.287967 0.298227 0.304557 0.306697 0.304557 0.298227 0.287967 0.274194 0.257452 0.238374 0.217644 0.195959 0.173987 0.152337 0.131533 0.111998 0.094046 0.077880 0.063602 0.051226 0.040690 0.031877 0.024629 0.018768 0.014106 0.010457 0.007646 0.005515 0.003923 0.002753 0.001906 0.001301 0.000877 0.000583 0.000382 0.000247 0.000158 0.000099 0.000062 0.000038 0.000023 0.000014 0.000008 0.000005 0.000003 0.000002 0.000001 0.000000 0.000000 0.000000 0.000000 0.000000 0.000000 
0.000000 0.000000 0.000000 0.000000 0.000000 0.000000 0.000001 0.000001 0.000002 0.000004 0.000007 0.000012 0.000021 0.000035 0.000058 0.000094 0.000152 0.000241 0.000377 0.000583 0.000888 0.001336 0.001982 0.002902 0.004190 0.005969 0.008387 0.011624 0.015892 0.021430 0.028504 0.037394 0.048384 0.061744 0.077712 0.096463 0.118090 0.142573 0.169756 0.199329 0.230818 0.263582 0.296830 0.329639 0.360999 0.389858 0.415181 0.436011 0.451528 0.461102 0.464339 0.461102 0.451528 0.436011 0.415181 0.389858 0.360999 0.329639 0.296830 0.263582 0.230818 0.199329 0.169756 0.142573 0.118090 0.096463 0.077712 0.061744 0.048384 0.037394 0.028504 0.021430 0.015892 0.011624 0.008387 0.005969 0.004190 0.002902 0.001982 0.001336 0.000888 0.000583 0.000377 0.000241 0.000152 0.000094 0.000058 0.000035 0.000021 0.000012 0.000007 0.000004 0.000002 0.000001 0.000001 0.000000 0.000000 0.000000 0.000000 0.000000 
0.000000 0.000000 0.000000 0.000000 0.000000 0.000001 0.000001 0.000002 0.000004 0.000006 0.000011 0.000019 0.000032 0.000053 0.000087 0.000142 0.000228 0.000362 0.000568 0.000877 0.001336 0.002008 0.002979 0.004359 0.006292 0.008959 0.012584 0.017436 0.023829 0.032123 0.042713 0.056018 0.072461 0.092446 0.116325 0.144359 0.176686 0.213273 0.253887 0.298065 0.345097 0.394027 0.443671 0.492654 0.539470 0.582548 0.620345 0.651434 0.674591 0.688879 0.693709 0.688879 0.674591 0.651434 0.620345 0.582548 0.539470 0.492654 0.443671 0.394027 0.345097 0.298065 0.253887 0.213273 0.176686 0.144359 0.116325 0.092446 0.072461 0.056018 0.042713 0.032123 0.023829 0.017436 0.012584 0.008959 0.006292 0.004359 0.002979 0.002008 0.001336 0.000877 0.000568 0.000362 0.000228 0.000142 0.000087 0.000053 0.000032 0.000019 0.000011 0.000006 0.000004 0.000002 0.000001 0.000001 0.000000 0.000000 0.000000 0.000000 
0.000000 0.000000 0.000000 0.000000 0.000000 0.000001 0.000002 0.000003 0.000005 0.000009 0.000016 0.000028 0.000047 0.000079 0.000130 0.000211 0.000340 0.000539 0.000843 0.001301 0.001982 0.002979 0.004417 0.006460 0.009321 0.013268 0.018629 0.025803 0.035253 0.047508 0.063151 0.082798 0.107074 0.136570 0.171805 0.213162 0.260840 0.314792 0.374670 0.439790 0.509106 0.581209 0.654355 0.726520 0.795482 0.858934 0.914604 0.960390 0.994494 1.015536 1.022649 1.015536 0.994494 0.960390 0.914604 0.858934 0.795482 0.726520 0.654355 0.581209 0.509106 0.439790 0.374670 0.314792 0.260840 0.213162 0.171805 0.136570 0.107074 0.082798 0.063151 0.047508 0.035253 0.025803 0.018629 0.013268 0.009321 0.006460 0.004417 0.002979 0.001982 0.001301 0.000843 0.000539 0.000340 0.000211 0.000130 0.000079 0.000047 0.000028 0.000016 0.000009 0.000005 0.000003 0.000002 0.000001 0.000000 0.000000 0.000000 0.000000 
0.000000 0.000000 0.000000 0.000000 0.000001 0.000001 0.000002 0.000004 0.000008 0.000014 0.000024 0.000041 0.000069 0.000115 0.000190 0.000310 0.000498 0.000789 0.001235 0.001906 0.002902 0.004359 0.006460 0.009445 0.013623 0.019384 0.027208 0.037673 0.051454 0.069321 0.092119 0.120746 0.156107 0.199062 0.250360 0.310560 0.379945 0.458444 0.545551 0.640267 0.741071 0.845913 0.952257 1.057163 1.157405 1.249628 1.330534 1.397073 1.446632 1.477210 1.487545 1.477210 1.446632 1.397073 1.330534 1.249628 1.157405 1.057163 0.952257 0.845913 0.741071 0.640267 0.545551 0.458444 0.379945 0.310560 0.250360 0.199062 0.156107 0.120746 0.092119 0.069321 0.051454 0.037673 0.027208 0.019384 0.013623 0.009445 0.006460 0.004359 0.002902 0.001906 0.001235 0.000789 0.000498 0.000310 0.000190 0.000115 0.000069 0.000041 0.000024 0.000014 0.000008 0.000004 0.000002 0.000001 0.000001 0.000000 0.000000 0.000000 
0.000000 0.000000 0.000000 0.000001 0.000001 0.000002 0.000003 0.000006 0.000011 0.000020 0.000034 0.000059 0.000100 0.000167 0.000276 0.000449 0.000720 0.001141 0.001785 0.002753 0.004190 0.006292 0.009321 0.013623 0.019643 0.027940 0.039204 0.054265 0.074093 0.099792 0.132575 0.173728 0.224547 0.286267 0.359957 0.446415 0.546046 0.658741 0.783772 0.919703 1.064349 1.214769 1.367325 1.517802 1.661574 1.793835 1.909859 2.005273 2.076336 2.120180 2.135000 2.120180 2.076336 2.005273 1.909859 1.793835 1.661574 1.517802 1.367325 1.214769 1.064349 0.919703 0.783772 0.658741 0.546046 0.446415 0.359957 0.286267 0.224547 0.173728 0.132575 0.099792 0.074093 0.054265 0.039204 0.027940 0.019643 0.013623 0.009321 0.006292 0.004190 0.002753 0.001785 0.001141 0.000720 0.000449 0.000276 0.000167 0.000100 0.000059 0.000034 0.000020 0.000011 0.000006 0.000003 0.000002 0.000001 0.000001 0.000000 0.000000 
0.000000 0.000000 0.000000 0.000001 0.000001 0.000003 0.000005 0.000009 0.000016 0.000028 0.000049 0.000084 0.000143 0.000239 0.000394 0.000640 0.001028 0.001628 0.002544 0.003923 0.005969 0.008959 0.013268 0.019384 0.027940 0.039728 0.055728 0.077113 0.105259 0.141727 0.188236 0.246603 0.318663 0.406159 0.510601 0.633114 0.774265 0.933895 1.110968 1.303450 1.508240 1.721178 1.937116 2.150086 2.353550 2.540708 2.704878 2.839880 2.940423 3.002454 3.023420 3.002454 2.940423 2.839880 2.704878 2.540708 2.353550 2.150086 1.937116 1.721178 1.508240 1.303450 1.110968 0.933895 0.774265 0.633114 0.510601 0.406159 0.318663 0.246603 0.188236 0.141727 0.105259 0.077113 0.055728 0.039728 0.027940 0.019384 0.013268 0.008959 0.005969 0.003923 0.002544 0.001628 0.001028 0.000640 0.000394 0.000239 0.000143 0.000084 0.000049 0.000028 0.000016 0.000009 0.000005 0.000003 0.000002 0.000001 0.000001 0.000001 
0.000000 0.000000 0.000001 0.000001 0.000002 0.000004 0.000007 0.000013 0.000023 0.000040 0.000069 0.000119 0.000202 0.000337 0.000555 0.000902 0.001447 0.002290 0.003578 0.005515 0.008387 0.012584 0.018629 0.027208 0.039204 0.055728 0.078147 0.108103 0.147518 0.198574 0.263670 0.345343 0.446153 0.568528 0.714574 0.885855 1.083156 1.306248 1.553676 1.822594 2.108670 2.406089 2.707664 3.005066 3.289165 3.550479 3.779680 3.968150 4.108509 4.195101 4.224369 4.195101 4.108509 3.968150 3.779680 3.550479 3.289165 3.005066 2.707664 2.406089 2.108670 1.822594 1.553676 1.306248 1.083156 0.885855 0.714574 0.568528 0.446153 0.345343 0.263670 0.198574 0.147518 0.108103 0.078147 0.055728 0.039204 0.027208 0.018629 0.012584 0.008387 0.005515 0.003578 0.002290 0.001447 0.000902 0.000555 0.000337 0.000202 0.000119 0.000069 0.000040 0.000023 0.000013 0.000007 0.000004 0.000002 0.000001 0.000001 0.000001 
0.000001 0.000001 0.000001 0.000002 0.000003 0.000005 0.000010 0.000018 0.000032 0.000056 0.000097 0.000166 0.000280 0.000468 0.000770 0.001252 0.002008 0.003178 0.004963 0.007646 0.011624 0.017436 0.025803 0.037673 0.054265 0.077113 0.108103 0.149501 0.203954 0.274472 0.364358 0.477108 0.616244 0.785107 0.986592 1.222845 1.494938 1.802548 2.143661 2.514345 2.908629 3.318496 3.734045 4.143804 4.535201 4.895181 5.210905 5.470508 5.663836 5.783103 5.823415 5.783103 5.663836 5.470508 5.210905 4.895181 4.535201 4.143804 3.734045 3.318496 2.908629 2.514345 2.143661 1.802548 1.494938 1.222845 0.986592 0.785107 0.616244 0.477108 0.364358 0.274472 0.203954 0.149501 0.108103 0.077113 0.054265 0.037673 0.025803 0.017436 0.011624 0.007646 0.004963 0.003178 0.002008 0.001252 0.000770 0.000468 0.000280 0.000166 0.000097 0.000056 0.000032 0.000018 0.000010 0.000005 0.000003 0.000002 0.000001 0.000001 
0.000001 0.000001 0.000001 0.000002 0.000004 0.000007 0.000014 0.000024 0.000044 0.000076 0.000133 0.000227 0.000384 0.000641 0.001056 0.001715 0.002749 0.004349 0.006789 0.010457 0.015892 0.023829 0.035253 0.051454 0.074093 0.105259 0.147518 0.203954 0.278170 0.374255 0.496701 0.650257 0.839707 1.069587 1.343823 1.665320 2.035526 2.453987 2.917954 3.422073 3.958217 4.515487 5.080424 5.637436 6.169446 6.658717 7.087812 7.440618 7.703345 7.865421 7.920203 7.865421 7.703345 7.440618 7.087812 6.658717 6.169446 5.637436 5.080424 4.515487 3.958217 3.422073 2.917954 2.453987 2.035526 1.665320 1.343823 1.069587 0.839707 0.650257 0.496701 0.374255 0.278170 0.203954 0.147518 0.105259 0.074093 0.051454 0.035253 0.023829 0.015892 0.010457 0.006789 0.004349 0.002749 0.001715 0.001056 0.000641 0.000384 0.000227 0.000133 0.000076 0.000044 0.000024 0.000014 0.000007 0.000004 0.000002 0.000002 0.000002 
0.000001 0.000001 0.000002 0.000003 0.000005 0.000010 0.000018 0.000033 0.000059 0.000104 0.000180 0.000308 0.000520 0.000867 0.001427 0.002317 0.003713 0.005871 0.009162 0.014106 0.021430 0.032123 0.047508 0.069321 0.099792 0.141727 0.198574 0.274472 0.374255 0.503409 0.667961 0.874273 1.128759 1.437491 1.805724 2.237344 2.734272 3.295887 3.918484 4.594872 5.314141 6.061669 6.819404 7.566445 8.279898 8.935992 9.511361 9.984413 10.336673 10.553978 10.627425 10.553978 10.336673 9.984413 9.511361 8.935992 8.279898 7.566445 6.819404 6.061669 5.314141 4.594872 3.918484 3.295887 2.734272 2.237344 1.805724 1.437491 1.128759 0.874273 0.667961 0.503409 0.374255 0.274472 0.198574 0.141727 0.099792 0.069321 0.047508 0.032123 0.021430 0.014106 0.009162 0.005871 0.003713 0.002317 0.001427 0.000867 0.000520 0.000308 0.000180 0.000104 0.000059 0.000033 0.000018 0.000010 0.000006 0.000003 0.000002 0.000002 
0.000002 0.000002 0.000002 0.000004 0.000007 0.000013 0.000025 0.000044 0.000079 0.000138 0.000240 0.000411 0.000693 0.001156 0.001901 0.003087 0.004945 0.007817 0.012194 0.018768 0.028504 0.042713 0.063151 0.092119 0.132575 0.188236 0.263670 0.364358 0.496701 0.667961 0.886108 1.159560 1.496796 1.905839 2.393629 2.965287 3.623341 4.366944 5.191177 6.086509 7.038490 8.027770 9.030462 10.018918 10.962862 11.830861 12.592022 13.217800 13.683774 13.971221 14.068375 13.971221 13.683774 13.217800 12.592022 11.830861 10.962862 10.018918 9.030462 8.027770 7.038490 6.086509 5.191177 4.366944 3.623341 2.965287 2.393629 1.905839 1.496796 1.159560 0.886108 0.667961 0.496701 0.364358 0.263670 0.188236 0.132575 0.092119 0.063151 0.042713 0.028504 0.018768 0.012194 0.007817 0.004945 0.003087 0.001901 0.001156 0.000693 0.000411 0.000240 0.000138 0.000079 0.000044 0.000025 0.000014 0.000008 0.000004 0.000003 0.000003 
0.000002 0.000002 0.000003 0.000005 0.000010 0.000018 0.000032 0.000058 0.000104 0.000182 0.000316 0.000540 0.000912 0.001520 0.002499 0.004056 0.006495 0.010264 0.016006 0.024629 0.037394 0.056018 0.082798 0.120746 0.173728 0.246603 0.345343 0.477108 0.650257 0.874273 1.159560 1.517102 1.957958 2.492589 3.130035 3.876960 4.736639 5.707942 6.784425 7.953623 9.196662 10.488272 11.797275 13.087588 14.319710 15.452632 16.446058 17.262757 17.870876 18.246003 18.372790 18.246003 17.870876 17.262757 16.446058 15.452632 14.319710 13.087588 11.797275 10.488272 9.196662 7.953623 6.784425 5.707942 4.736639 3.876960 3.130035 2.492589 1.957958 1.517102 1.159560 0.874273 0.650257 0.477108 0.345343 0.246603 0.173728 0.120746 0.082798 0.056018 0.037394 0.024629 0.016006 0.010264 0.006495 0.004056 0.002499 0.001520 0.000912 0.000540 0.000316 0.000182 0.000104 0.000058 0.000032 0.000018 0.000010 0.000006 0.000004 0.000004 
0.000003 0.000003 0.000004 0.000007 0.000013 0.000023 0.000042 0.000076 0.000135 0.000237 0.000410 0.000701 0.001183 0.001971 0.003240 0.005256 0.008414 0.013293 0.020723 0.031877 0.048384 0.072461 0.107074 0.156107 0.224547 0.318663 0.446153 0.616244 0.839707 1.128759 1.496796 1.957958 2.526476 3.215807 4.037569 5.000320 6.108246 7.359862 8.746839 10.253101 11.854323 13.517952 15.203838 16.865527 18.452168 19.910984 21.190114 22.241652 23.024611 23.507580 23.670815 23.507580 23.024611 22.241652 21.190114 19.910984 18.452168 16.865527 15.203838 13.517952 11.854323 10.253101 8.746839 7.359862 6.108246 5.000320 4.037569 3.215807 2.526476 1.957958 1.496796 1.128759 0.839707 0.616244 0.446153 0.318663 0.224547 0.156107 0.107074 0.072461 0.048384 0.031877 0.020723 0.013293 0.008414 0.005256 0.003240 0.001971 0.001183 0.000701 0.000410 0.000237 0.000135 0.000076 0.000042 0.000023 0.000013 0.000008 0.000005 0.000005 
0.000004 0.000004 0.000005 0.000009 0.000016 0.000030 0.000054 0.000097 0.000173 0.000303 0.000525 0.000897 0.001514 0.002520 0.004142 0.006717 0.010750 0.016978 0.026460 0.040690 0.061744 0.092446 0.136570 0.199062 0.286267 0.406159 0.568528 0.785107 1.069587 1.437491 1.905839 2.492589 3.215807 4.092570 5.137611 6.361772 7.770336 9.361379 11.124284 13.038598 15.073394 17.187302 19.329318 21.440436 23.456081 25.309238 26.934063 28.269739 29.264236 29.877681 30.085013 29.877681 29.264236 28.269739 26.934063 25.309238 23.456081 21.440436 19.329318 17.187302 15.073394 13.038598 11.124284 9.361379 7.770336 6.361772 5.137611 4.092570 3.215807 2.492589 1.905839 1.437491 1.069587 0.785107 0.568528 0.406159 0.286267 0.199062 0.136570 0.092446 0.061744 0.040690 0.026460 0.016978 0.010750 0.006717 0.004142 0.002520 0.001514 0.000897 0.000525 0.000303 0.000173 0.000097 0.000054 0.000030 0.000017 0.000010 0.000007 0.000007 
0.000004 0.000004 0.000006 0.000011 0.000020 0.000037 0.000068 0.000123 0.000218 0.000383 0.000662 0.001132 0.001909 0.003178 0.005222 0.008466 0.013545 0.021386 0.033320 0.051226 0.077712 0.116325 0.171805 0.250360 0.359957 0.510601 0.714574 0.986592 1.343823 1.805724 2.393629 3.130035 4.037569 5.137611 6.448596 7.984074 9.750625 11.745794 13.956233 16.356270 18.907120 21.556921 24.241748 26.887665 29.413773 31.736122 33.772243 35.445964 36.692125 37.460794 37.720586 37.460794 36.692125 35.445964 33.772243 31.736122 29.413773 26.887665 24.241748 21.556921 18.907120 16.356270 13.956233 11.745794 9.750625 7.984074 6.448596 5.137611 4.037569 3.130035 2.393629 1.805724 1.343823 0.986592 0.714574 0.510601 0.359957 0.250360 0.171805 0.116325 0.077712 0.051226 0.033320 0.021386 0.013545 0.008466 0.005222 0.003178 0.001909 0.001132 0.000662 0.000383 0.000218 0.000123 0.000068 0.000038 0.000021 0.000012 0.000009 0.000009 
0.000006 0.000006 0.000008 0.000014 0.000025 0.000047 0.000085 0.000153 0.000272 0.000476 0.000825 0.001409 0.002375 0.003953 0.006492 0.010522 0.016830 0.026566 0.041380 0.063602 0.096463 0.144359 0.213162 0.310560 0.446415 0.633114 0.885855 1.222845 1.665320 2.237344 2.965287 3.876960 5.000320 6.361772 7.984074 9.883936 12.069444 14.537511 17.271586 20.239889 23.394434 26.671084 29.990807 33.262207 36.385300 39.256342 41.773429 43.842444 45.382883 46.333055 46.654188 46.333055 45.382883 43.842444 41.773429 39.256342 36.385300 33.262207 29.990807 26.671084 23.394434 20.239889 17.271586 14.537511 12.069444 9.883936 7.984074 6.361772 5.000320 3.876960 2.965287 2.237344 1.665320 1.222845 0.885855 0.633114 0.446415 0.310560 0.213162 0.144359 0.096463 0.063602 0.041380 0.026566 0.016830 0.010522 0.006492 0.003953 0.002375 0.001409 0.000825 0.000476 0.000272 0.000153 0.000085 0.000047 0.000026 0.000015 0.000011 0.000011 
0.000007 0.000007 0.000010 0.000017 0.000031 0.000057 0.000104 0.000188 0.000334 0.000585 0.001012 0.001728 0.002914 0.004847 0.007959 0.012896 0.020623 0.032545 0.050681 0.077880 0.118090 0.176686 0.260840 0.379945 0.546046 0.774265 1.083156 1.494938 2.035526 2.734272 3.623341 4.736639 6.108246 7.770336 9.750625 12.069444 14.736598 17.748266 21.084206 24.705609 28.553913 32.550875 36.600103 40.590151 44.399111 47.900509 50.970122 53.493231 55.371713 56.530380 56.921975 56.530380 55.371713 53.493231 50.970122 47.900509 44.399111 40.590151 36.600103 32.550875 28.553913 24.705609 21.084206 17.748266 14.736598 12.069444 9.750625 7.770336 6.108246 4.736639 3.623341 2.734272 2.035526 1.494938 1.083156 0.774265 0.546046 0.379945 0.260840 0.176686 0.118090 0.077880 0.050681 0.032545 0.020623 0.012896 0.007959 0.004847 0.002914 0.001728 0.001012 0.000585 0.000334 0.000188 0.000105 0.000058 0.000032 0.000019 0.000013 0.000013 
0.000008 0.000008 0.000012 0.000021 0.000038 0.000070 0.000127 0.000228 0.000404 0.000708 0.001225 0.002091 0.003524 0.005862 0.009622 0.015588 0.024921 0.039318 0.061214 0.094046 0.142573 0.213273 0.314792 0.458444 0.658741 0.933895 1.306248 1.802548 2.453987 3.295887 4.366944 5.707942 7.359862 9.361379 11.745794 14.537511 17.748266 21.373396 25.388486 29.746789 34.377806 39.187381 44.059541 48.860223 53.442802 57.655173 61.347955 64.383200 66.642926 68.036728 68.507789 68.036728 66.642926 64.383200 61.347955 57.655173 53.442802 48.860223 44.059541 39.187381 34.377806 29.746789 25.388486 21.373396 17.748266 14.537511 11.745794 9.361379 7.359862 5.707942 4.366944 3.295887 2.453987 1.802548 1.306248 0.933895 0.658741 0.458444 0.314792 0.213273 0.142573 0.094046 0.061214 0.039318 0.024921 0.015588 0.009622 0.005862 0.003524 0.002091 0.001225 0.000708 0.000404 0.000228 0.000127 0.000070 0.000039 0.000023 0.000016 0.000016 
0.000010 0.000010 0.000014 0.000025 0.000045 0.000083 0.000151 0.000272 0.000482 0.000845 0.001462 0.002495 0.004203 0.006990 0.011471 0.018579 0.029696 0.046842 0.072914 0.111998 0.169756 0.253887 0.374670 0.545551 0.783772 1.110968 1.553676 2.143661 2.917954 3.918484 5.191177 6.784425 8.746839 11.124284 13.956233 17.271586 21.084206 25.388486 30.155381 35.329351 40.826682 46.535602 52.318472 58.016207 63.454837 68.453908 72.836209 76.438103 79.119644 80.773601 81.332583 80.773601 79.119644 76.438103 72.836209 68.453908 63.454837 58.016207 52.318472 46.535602 40.826682 35.329351 30.155381 25.388486 21.084206 17.271586 13.956233 11.124284 8.746839 6.784425 5.191177 3.918484 2.917954 2.143661 1.553676 1.110968 0.783772 0.545551 0.374670 0.253887 0.169756 0.111998 0.072914 0.046842 0.029696 0.018579 0.011471 0.006990 0.004203 0.002495 0.001462 0.000845 0.000482 0.000272 0.000152 0.000084 0.000047 0.000027 0.000019 0.000019 
0.000012 0.000012 0.000017 0.000029 0.000054 0.000098 0.000178 0.000320 0.000568 0.000995 0.001720 0.002935 0.004944 0.008219 0.013485 0.021836 0.034896 0.055033 0.085647 0.131533 0.199329 0.298065 0.439790 0.640267 0.919703 1.303450 1.822594 2.514345 3.422073 4.594872 6.086509 7.953623 10.253101 13.038598 16.356270 20.239889 24.705609 29.746789 35.329351 41.388208 47.825308 54.509767 61.280449 67.951135 74.318204 80.170465 85.300539 89.516941 92.655914 94.591990 95.246314 94.591990 92.655914 89.516941 85.300539 80.170465 74.318204 67.951135 61.280449 54.509767 47.825308 41.388208 35.329351 29.746789 24.705609 20.239889 16.356270 13.038598 10.253101 7.953623 6.086509 4.594872 3.422073 2.514345 1.822594 1.303450 0.919703 0.640267 0.439790 0.298065 0.199329 0.131533 0.085647 0.055033 0.034896 0.021836 0.013485 0.008219 0.004944 0.002935 0.001720 0.000995 0.000568 0.000320 0.000179 0.000099 0.000055 0.000032 0.000023 0.000023 
0.000014 0.000014 0.000020 0.000034 0.000062 0.000114 0.000207 0.000372 0.000659 0.001154 0.001995 0.003404 0.005733 0.009529 0.015632 0.025308 0.040436 0.063759 0.099211 0.152337 0.230818 0.345097 0.509106 0.741071 1.064349 1.508240 2.108670 2.908629 3.958217 5.314141 7.038490 9.196662 11.854323 15.073394 18.907120 23.394434 28.553913 34.377806 40.826682 47.825308 55.260397 62.980775 70.800353 78.504107 85.856943 92.615046 98.539016 103.407813 107.032415 109.267994 110.023535 109.267994 107.032415 103.407813 98.539016 92.615046 85.856943 78.504107 70.800353 62.980775 55.260397 47.825308 40.826682 34.377806 28.553913 23.394434 18.907120 15.073394 11.854323 9.196662 7.038490 5.314141 3.958217 2.908629 2.108670 1.508240 1.064349 0.741071 0.509106 0.345097 0.230818 0.152337 0.099211 0.063759 0.040436 0.025308 0.015632 0.009529 0.005733 0.003404 0.001995 0.001154 0.000659 0.000372 0.000207 0.000115 0.000064 0.000038 0.000027 0.000027 
0.000016 0.000016 0.000023 0.000039 0.000071 0.000130 0.000237 0.000425 0.000754 0.001321 0.002282 0.003893 0.006555 0.010894 0.017868 0.028923 0.046205 0.072843 0.113328 0.173987 0.263582 0.394027 0.581209 0.845913 1.214769 1.721178 2.406089 3.318496 4.515487 6.061669 8.027770 10.488272 13.517952 17.187302 21.556921 26.671084 32.550875 39.187381 46.535602 54.509767 62.980775 71.776385 80.684615 89.460549 97.836435 105.534611 112.282455 117.828270 121.956819 124.503198 125.363774 124.503198 121.956819 117.828270 112.282455 105.534611 97.836435 89.460549 80.684615 71.776385 62.980775 54.509767 46.535602 39.187381 32.550875 26.671084 21.556921 17.187302 13.517952 10.488272 8.027770 6.061669 4.515487 3.318496 2.406089 1.721178 1.214769 0.845913 0.581209 0.394027 0.263582 0.173987 0.113328 0.072843 0.046205 0.028923 0.017868 0.010894 0.006555 0.003893 0.002282 0.001321 0.000754 0.000426 0.000237 0.000131 0.000073 0.000043 0.000030 0.000030 
0.000018 0.000018 0.000026 0.000044 0.000080 0.000147 0.000267 0.000480 0.000851 0.001490 0.002574 0.004390 0.007391 0.012281 0.020139 0.032595 0.052062 0.082065 0.127657 0.195959 0.296830 0.443671 0.654355 0.952257 1.367325 1.937116 2.707664 3.734045 5.080424 6.819404 9.030462 11.797275 15.203838 19.329318 24.241748 29.990807 36.600103 44.059541 52.318472 61.280449 70.800353 80.684615 90.695038 100.556447 109.968035 118.617883 126.199748 132.430905 137.069591 139.930584 140.897482 139.930584 137.069591 132.430905 126.199748 118.617883 109.968035 100.556447 90.695038 80.684615 70.800353 61.280449 52.318472 44.059541 36.600103 29.990807 24.241748 19.329318 15.203838 11.797275 9.030462 6.819404 5.080424 3.734045 2.707664 1.937116 1.367325 0.952257 0.654355 0.443671 0.296830 0.195959 0.127657 0.082065 0.052062 0.032595 0.020139 0.012281 0.007391 0.004390 0.002574 0.001490 0.000851 0.000480 0.000268 0.000148 0.000083 0.000049 0.000034 0.000034 
