0.000000 0.000000 0.000000 0.000000 0.000000 0.000000 0.000000 0.000000 0.000000 0.000000 0.000001 0.000001 0.000002 0.000002 0.000003 0.000005 0.000007 0.000009 0.000013 0.000017 0.000023 0.000031 0.000042 0.000055 0.000071 0.000092 0.000118 0.000149 0.000187 0.000231 0.000284 0.000345 0.000416 0.000496 0.000585 0.000683 0.000790 0.000904 0.001025 0.001151 0.001278 0.001406 0.001532 0.001651 0.001763 0.001863 0.001949 0.002019 0.002070 0.002101 0.002112 0.002101 0.002070 0.002019 0.001949 0.001863 0.001763 0.001651 0.001532 0.001406 0.001278 0.001151 0.001025 0.000904 0.000790 0.000683 0.000585 0.000496 0.000416 0.000345 0.000284 0.000231 0.000187 0.000149 0.000118 0.000092 0.000071 0.000055 0.000042 0.000031 0.000023 0.000017 0.000013 0.000009 0.000007 0.000005 0.000003 0.000002 0.000002 0.000001 0.000001 0.000000 0.000000 0.000000 0.000000 0.000000 0.000000 0.000000 0.000000 0.000000 
0.000000 0.000000 0.000000 0.000000 0.000000 0.000000 0.000000 0.000000 0.000000 0.000000 0.000001 0.000001 0.000002 0.000002 0.000003 0.000005 0.000007 0.000009 0.000013 0.000017 0.000023 0.000031 0.000042 0.000055 0.000071 0.000092 0.000118 0.000149 0.000187 0.000231 0.000284 0.000345 0.000416 0.000496 0.000585 0.000683 0.000790 0.000904 0.001025 0.001151 0.001278 0.001406 0.001532 0.001651 0.001763 0.001863 0.001949 0.002019 0.002070 0.002101 0.002112 0.002101 0.002070 0.002019 0.001949 0.001863 0.001763 0.001651 0.001532 0.001406 0.001278 0.001151 0.001025 0.000904 0.000790 0.000683 0.000585 0.000496 0.000416 0.000345 0.000284 0.000231 0.000187 0.000149 0.000118 0.000092 0.000071 0.000055 0.000042 0.000031 0.000023 0.000017 0.000013 0.000009 0.000007 0.000005 0.000003 0.000002 0.000002 0.000001 0.000001 0.000000 0.000000 0.000000 0.000000 0.000000 0.000000 0.000000 0.000000 0.000000 
0.000000 0.000000 0.000000 0.000000 0.000000 0.000000 0.000000 0.000000 0.000000 0.000001 0.000001 0.000001 0.000002 0.000003 0.000004 0.000006 0.000008 0.000011 0.000015 0.000021 0.000029 0.000038 0.000051 0.000067 0.000087 0.000113 0.000144 0.000182 0.000228 0.000283 0.000348 0.000423 0.000509 0.000606 0.000715 0.000835 0.000966 0.001106 0.001253 0.001406 0.001563 0.001719 0.001872 0.002018 0.002154 0.002276 0.002381 0.002466 0.002529 0.002567 0.002580 0.002567 0.002529 0.002466 0.002381 0.002276 0.002154 0.002018 0.001872 0.001719 0.001563 0.001406 0.001253 0.001106 0.000966 0.000835 0.000715 0.000606 0.000509 0.000423 0.000348 0.000283 0.000228 0.000182 0.000144 0.000113 0.000087 0.000067 0.000051 0.000038 0.000029 0.000021 0.000015 0.000011 0.000008 0.000006 0.000004 0.000003 0.000002 0.000001 0.000001 0.000001 0.000000 0.000000 0.000000 0.000000 0.000000 0.000000 0.000000 0.000000 
0.000000 0.000000 0.000000 0.000000 0.000000 0.000000 0.000000 0.000000 0.000001 0.000001 0.000001 0.000002 0.000003 0.000004 0.000006 0.000008 0.000011 0.000016 0.000022 0.000030 0.000040 0.000054 0.000071 0.000094 0.000123 0.000158 0.000202 0.000255 0.000320 0.000396 0.000486 0.000591 0.000711 0.000847 0.001000 0.001167 0.001350 0.001545 0.001751 0.001965 0.002183 0.002401 0.002614 0.002818 0.003008 0.003178 0.003325 0.003444 0.003531 0.003584 0.003602 0.003584 0.003531 0.003444 0.003325 0.003178 0.003008 0.002818 0.002614 0.002401 0.002183 0.001965 0.001751 0.001545 0.001350 0.001167 0.001000 0.000847 0.000711 0.000591 0.000486 0.000396 0.000320 0.000255 0.000202 0.000158 0.000123 0.000094 0.000071 0.000054 0.000040 0.000030 0.000022 0.000016 0.000011 0.000008 0.000006 0.000004 0.000003 0.000002 0.000001 0.000001 0.000001 0.000000 0.000000 0.000000 0.000000 0.000000 0.000000 0.000000 
0.000000 0.000000 0.000000 0.000000 0.000000 0.000000 0.000000 0.000001 0.000001 0.000001 0.000002 0.000003 0.000004 0.000006 0.000008 0.000012 0.000017 0.000023 0.000032 0.000044 0.000060 0.000080 0.000107 0.000140 0.000183 0.000236 0.000301 0.000381 0.000477 0.000591 0.000725 0.000881 0.001060 0.001263 0.001489 0.001739 0.002010 0.002301 0.002607 0.002925 0.003249 0.003573 0.003890 0.004194 0.004476 0.004729 0.004947 0.005124 0.005254 0.005333 0.005360 0.005333 0.005254 0.005124 0.004947 0.004729 0.004476 0.004194 0.003890 0.003573 0.003249 0.002925 0.002607 0.002301 0.002010 0.001739 0.001489 0.001263 0.001060 0.000881 0.000725 0.000591 0.000477 0.000381 0.000301 0.000236 0.000183 0.000140 0.000107 0.000080 0.000060 0.000044 0.000032 0.000023 0.000017 0.000012 0.000008 0.000006 0.000004 0.000003 0.000002 0.000001 0.000001 0.000001 0.000000 0.000000 0.000000 0.000000 0.000000 0.000000 
0.000000 0.000000 0.000000 0.000000 0.000000 0.000000 0.000001 0.000001 0.000001 0.000002 0.000003 0.000004 0.000006 0.000009 0.000013 0.000018 0.000026 0.000036 0.000049 0.000068 0.000092 0.000123 0.000163 0.000214 0.000279 0.000360 0.000460 0.000581 0.000727 0.000901 0.001105 0.001343 0.001615 0.001924 0.002268 0.002648 0.003061 0.003503 0.003969 0.004453 0.004946 0.005439 0.005921 0.006382 0.006811 0.007196 0.007528 0.007796 0.007994 0.008114 0.008155 0.008114 0.007994 0.007796 0.007528 0.007196 0.006811 0.006382 0.005921 0.005439 0.004946 0.004453 0.003969 0.003503 0.003061 0.002648 0.002268 0.001924 0.001615 0.001343 0.001105 0.000901 0.000727 0.000581 0.000460 0.000360 0.000279 0.000214 0.000163 0.000123 0.000092 0.000068 0.000049 0.000036 0.000026 0.000018 0.000013 0.000009 0.000006 0.000004 0.000003 0.000002 0.000001 0.000001 0.000001 0.000000 0.000000 0.000000 0.000000 0.000000 
0.000000 0.000000 0.000000 0.000000 0.000000 0.000001 0.000001 0.000001 0.000002 0.000003 0.000004 0.000006 0.000009 0.000014 0.000020 0.000028 0.000039 0.000055 0.000076 0.000104 0.000140 0.000188 0.000250 0.000329 0.000428 0.000551 0.000704 0.000889 0.001112 0.001378 0.001691 0.002054 0.002470 0.002941 0.003467 0.004047 0.004678 0.005353 0.006064 0.006802 0.007554 0.008307 0.009043 0.009747 0.010401 0.010988 0.011494 0.011903 0.012204 0.012389 0.012451 0.012389 0.012204 0.011903 0.011494 0.010988 0.010401 0.009747 0.009043 0.008307 0.007554 0.006802 0.006064 0.005353 0.004678 0.004047 0.003467 0.002941 0.002470 0.002054 0.001691 0.001378 0.001112 0.000889 0.000704 0.000551 0.000428 0.000329 0.000250 0.000188 0.000140 0.000104 0.000076 0.000055 0.000039 0.000028 0.000020 0.000014 0.000009 0.000006 0.000004 0.000003 0.000002 0.000001 0.000001 0.000001 0.000000 0.000000 0.000000 0.000000 
0.000000 0.000000 0.000000 0.000000 0.000001 0.000001 0.000001 0.000002 0.000003 0.000004 0.000007 0.000010 0.000014 0.000021 0.000030 0.000043 0.000060 0.000084 0.000116 0.000158 0.000214 0.000287 0.000381 0.000501 0.000652 0.000840 0.001072 0.001354 0.001694 0.002099 0.002574 0.003126 0.003759 0.004476 0.005276 0.006158 0.007116 0.008142 0.009223 0.010345 0.011488 0.012630 0.013749 0.014818 0.015811 0.016704 0.017472 0.018093 0.018551 0.018831 0.018925 0.018831 0.018551 0.018093 0.017472 0.016704 0.015811 0.014818 0.013749 0.012630 0.011488 0.010345 0.009223 0.008142 0.007116 0.006158 0.005276 0.004476 0.003759 0.003126 0.002574 0.002099 0.001694 0.001354 0.001072 0.000840 0.000652 0.000501 0.000381 0.000287 0.000214 0.000158 0.000116 0.000084 0.000060 0.000043 0.000030 0.000021 0.000014 0.000010 0.000007 0.000004 0.000003 0.000002 0.000001 0.000001 0.000001 0.000000 0.000000 0.000000 
0.000000 0.000000 0.000000 0.000001 0.000001 0.000001 0.000002 0.000003 0.000005 0.000007 0.000010 0.000015 0.000022 0.000032 0.000046 0.000065 0.000091 0.000127 0.000175 0.000240 0.000324 0.000435 0.000577 0.000758 0.000986 0.001270 0.001621 0.002047 0.002561 0.003172 0.003890 0.004723 0.005678 0.006760 0.007967 0.009298 0.010743 0.012291 0.013922 0.015614 0.017337 0.019060 0.020747 0.022359 0.023856 0.025202 0.026360 0.027297 0.027986 0.028408 0.028550 0.028408 0.027986 0.027297 0.026360 0.025202 0.023856 0.022359 0.020747 0.019060 0.017337 0.015614 0.013922 0.012291 0.010743 0.009298 0.007967 0.006760 0.005678 0.004723 0.003890 0.003172 0.002561 0.002047 0.001621 0.001270 0.000986 0.000758 0.000577 0.000435 0.000324 0.000240 0.000175 0.000127 0.000091 0.000065 0.000046 0.000032 0.000022 0.000015 0.000010 0.000007 0.000005 0.000003 0.000002 0.000001 0.000001 0.000001 0.000001 0.000001 
0.000000 0.000000 0.000001 0.000001 0.000001 0.000002 0.000003 0.000004 0.000007 0.000010 0.000015 0.000023 0.000033 0.000048 0.000069 0.000097 0.000137 0.000191 0.000263 0.000360 0.000487 0.000652 0.000865 0.001137 0.001479 0.001905 0.002429 0.003068 0.003837 0.004752 0.005826 0.007073 0.008503 0.010120 0.011927 0.013917 0.016079 0.018393 0.020832 0.023360 0.025937 0.028513 0.031034 0.033443 0.035681 0.037693 0.039422 0.040822 0.041853 0.042483 0.042696 0.042483 0.041853 0.040822 0.039422 0.037693 0.035681 0.033443 0.031034 0.028513 0.025937 0.023360 0.020832 0.018393 0.016079 0.013917 0.011927 0.010120 0.008503 0.007073 0.005826 0.004752 0.003837 0.003068 0.002429 0.001905 0.001479 0.001137 0.000865 0.000652 0.000487 0.000360 0.000263 0.000191 0.000137 0.000097 0.000069 0.000048 0.000033 0.000023 0.000015 0.000010 0.000007 0.000004 0.000003 0.000002 0.000001 0.000001 0.000001 0.000001 
0.000001 0.000001 0.000001 0.000001 0.000002 0.000003 0.000004 0.000007 0.000010 0.000015 0.000023 0.000034 0.000049 0.000071 0.000102 0.000145 0.000204 0.000284 0.000392 0.000535 0.000724 0.000969 0.001286 0.001689 0.002196 0.002829 0.003607 0.004555 0.005696 0.007052 0.008646 0.010495 0.012614 0.015012 0.017689 0.020638 0.023842 0.027270 0.030883 0.034630 0.038446 0.042261 0.045994 0.049562 0.052877 0.055855 0.058416 0.060489 0.062015 0.062949 0.063263 0.062949 0.062015 0.060489 0.058416 0.055855 0.052877 0.049562 0.045994 0.042261 0.038446 0.034630 0.030883 0.027270 0.023842 0.020638 0.017689 0.015012 0.012614 0.010495 0.008646 0.007052 0.005696 0.004555 0.003607 0.002829 0.002196 0.001689 0.001286 0.000969 0.000724 0.000535 0.000392 0.000284 0.000204 0.000145 0.000102 0.000071 0.000049 0.000034 0.000023 0.000015 0.000010 0.000007 0.000004 0.000003 0.000002 0.000001 0.000001 0.000001 
0.000001 0.000001 0.000001 0.000002 0.000003 0.000004 0.000006 0.000010 0.000015 0.000023 0.000034 0.000050 0.000072 0.000105 0.000150 0.000214 0.000300 0.000418 0.000577 0.000788 0.001066 0.001427 0.001893 0.002485 0.003232 0.004162 0.005306 0.006700 0.008376 0.010369 0.012709 0.015425 0.018538 0.022058 0.025989 0.030319 0.035021 0.040053 0.045356 0.050853 0.056454 0.062051 0.067528 0.072762 0.077625 0.081994 0.085751 0.088792 0.091029 0.092399 0.092860 0.092399 0.091029 0.088792 0.085751 0.081994 0.077625 0.072762 0.067528 0.062051 0.056454 0.050853 0.045356 0.040053 0.035021 0.030319 0.025989 0.022058 0.018538 0.015425 0.012709 0.010369 0.008376 0.006700 0.005306 0.004162 0.003232 0.002485 0.001893 0.001427 0.001066 0.000788 0.000577 0.000418 0.000300 0.000214 0.000150 0.000105 0.000072 0.000050 0.000034 0.000023 0.000015 0.000010 0.000007 0.000004 0.000003 0.000002 0.000002 0.000002 
0.000002 0.000002 0.000002 0.000003 0.000004 0.000006 0.000009 0.000014 0.000022 0.000033 0.000049 0.000072 0.000106 0.000153 0.000220 0.000312 0.000439 0.000611 0.000842 0.001150 0.001554 0.002081 0.002759 0.003623 0.004711 0.006064 0.007731 0.009760 0.012199 0.015099 0.018505 0.022457 0.026984 0.032105 0.037822 0.044118 0.050955 0.058271 0.065980 0.073971 0.082111 0.090246 0.098206 0.105812 0.112879 0.119227 0.124685 0.129104 0.132355 0.134345 0.135015 0.134345 0.132355 0.129104 0.124685 0.119227 0.112879 0.105812 0.098206 0.090246 0.082111 0.073971 0.065980 0.058271 0.050955 0.044118 0.037822 0.032105 0.026984 0.022457 0.018505 0.015099 0.012199 0.009760 0.007731 0.006064 0.004711 0.003623 0.002759 0.002081 0.001554 0.001150 0.000842 0.000611 0.000439 0.000312 0.000220 0.000153 0.000106 0.000072 0.000049 0.000033 0.000022 0.000014 0.000010 0.000006 0.000004 0.000003 0.000003 0.000003 
0.000002 0.000002 0.000003 0.000004 0.000006 0.000009 0.000014 0.000021 0.000032 0.000048 0.000071 0.000105 0.000153 0.000222 0.000318 0.000451 0.000634 0.000883 0.001217 0.001661 0.002246 0.003006 0.003985 0.005231 0.006800 0.008753 0.011157 0.014081 0.017599 0.021779 0.026688 0.032382 0.038906 0.046284 0.054519 0.063588 0.073434 0.083970 0.095070 0.106575 0.118294 0.130005 0.141464 0.152412 0.162584 0.171721 0.179577 0.185936 0.190615 0.193479 0.194443 0.193479 0.190615 0.185936 0.179577 0.171721 0.162584 0.152412 0.141464 0.130005 0.118294 0.106575 0.095070 0.083970 0.073434 0.063588 0.054519 0.046284 0.038906 0.032382 0.026688 0.021779 0.017599 0.014081 0.011157 0.008753 0.006800 0.005231 0.003985 0.003006 0.002246 0.001661 0.001217 0.000883 0.000634 0.000451 0.000318 0.000222 0.000153 0.000105 0.000071 0.000048 0.000032 0.000021 0.000014 0.000009 0.000006 0.000004 0.000004 0.000004 
0.000003 0.000003 0.000004 0.000006 0.000008 0.000013 0.000020 0.000030 0.000046 0.000069 0.000102 0.000150 0.000220 0.000318 0.000456 0.000646 0.000908 0.001264 0.001742 0.002377 0.003213 0.004300 0.005700 0.007481 0.009722 0.012512 0.015946 0.020123 0.025145 0.031114 0.038121 0.046249 0.055559 0.066087 0.077837 0.090775 0.104821 0.119848 0.135679 0.152088 0.168799 0.185498 0.201836 0.217445 0.231947 0.244973 0.256173 0.265237 0.271908 0.275990 0.277365 0.275990 0.271908 0.265237 0.256173 0.244973 0.231947 0.217445 0.201836 0.185498 0.168799 0.152088 0.135679 0.119848 0.104821 0.090775 0.077837 0.066087 0.055559 0.046249 0.038121 0.031114 0.025145 0.020123 0.015946 0.012512 0.009722 0.007481 0.005700 0.004300 0.003213 0.002377 0.001742 0.001264 0.000908 0.000646 0.000456 0.000318 0.000220 0.000150 0.000102 0.000069 0.000046 0.000030 0.000020 0.000013 0.000009 0.000006 0.000005 0.000005 
0.000005 0.000005 0.000006 0.000008 0.000012 0.000018 0.000028 0.000043 0.000065 0.000097 0.000145 0.000214 0.000312 0.000451 0.000646 0.000917 0.001288 0.001792 0.002469 0.003370 0.004553 0.006093 0.008074 0.010595 0.013767 0.017715 0.022572 0.028480 0.035584 0.044024 0.053932 0.065422 0.078581 0.093461 0.110067 0.128348 0.148194 0.169424 0.191788 0.214965 0.238568 0.262153 0.285227 0.307270 0.327749 0.346141 0.361955 0.374754 0.384173 0.389937 0.391878 0.389937 0.384173 0.374754 0.361955 0.346141 0.327749 0.307270 0.285227 0.262153 0.238568 0.214965 0.191788 0.169424 0.148194 0.128348 0.110067 0.093461 0.078581 0.065422 0.053932 0.044024 0.035584 0.028480 0.022572 0.017715 0.013767 0.010595 0.008074 0.006093 0.004553 0.003370 0.002470 0.001792 0.001288 0.000917 0.000646 0.000451 0.000312 0.000214 0.000145 0.000097 0.000065 0.000043 0.000028 0.000019 0.000013 0.000009 0.000007 0.000007 
0.000007 0.000007 0.000008 0.000011 0.000017 0.000026 0.000039 0.000060 0.000091 0.000137 0.000204 0.000300 0.000439 0.000634 0.000908 0.001288 0.001809 0.002517 0.003467 0.004730 0.006390 0.008549 0.011327 0.014861 0.019307 0.024840 0.031646 0.039923 0.049873 0.061693 0.075568 0.091656 0.110080 0.130909 0.154152 0.179738 0.207510 0.237217 0.268508 0.300935 0.333955 0.366946 0.399222 0.430053 0.458697 0.484420 0.506538 0.524437 0.537608 0.545670 0.548384 0.545670 0.537608 0.524437 0.506538 0.484420 0.458697 0.430053 0.399222 0.366946 0.333955 0.300935 0.268508 0.237217 0.207510 0.179738 0.154152 0.130909 0.110080 0.091656 0.075568 0.061693 0.049873 0.039923 0.031646 0.024840 0.019307 0.014861 0.011327 0.008549 0.006390 0.004730 0.003467 0.002517 0.001809 0.001288 0.000908 0.000634 0.000439 0.000300 0.000204 0.000137 0.000091 0.000060 0.000040 0.000026 0.000018 0.000013 0.000010 0.000010 
0.000009 0.000009 0.000011 0.000016 0.000023 0.000036 0.000055 0.000084 0.000127 0.000191 0.000284 0.000418 0.000611 0.000883 0.001264 0.001792 0.002517 0.003500 0.004821 0.006575 0.008882 0.011881 0.015737 0.020644 0.026816 0.034495 0.043940 0.055425 0.069229 0.085625 0.104869 0.127180 0.152726 0.181605 0.213826 0.249293 0.287786 0.328957 0.372321 0.417254 0.463007 0.508717 0.553433 0.596146 0.635826 0.671460 0.702097 0.726891 0.745135 0.756302 0.760061 0.756302 0.745135 0.726891 0.702097 0.671460 0.635826 0.596146 0.553433 0.508717 0.463007 0.417254 0.372321 0.328957 0.287786 0.249293 0.213826 0.181605 0.152726 0.127180 0.104869 0.085625 0.069229 0.055425 0.043940 0.034495 0.026816 0.020644 0.015737 0.011881 0.008882 0.006575 0.004821 0.003500 0.002517 0.001792 0.001264 0.000883 0.000611 0.000418 0.000284 0.000191 0.000127 0.000084 0.000055 0.000037 0.000025 0.000018 0.000015 0.000015 
0.000013 0.000013 0.000015 0.000022 0.000032 0.000049 0.000076 0.000116 0.000175 0.000263 0.000392 0.000577 0.000842 0.001217 0.001742 0.002469 0.003467 0.004821 0.006638 0.009053 0.012226 0.016351 0.021655 0.028401 0.036888 0.047443 0.060424 0.076207 0.095173 0.117699 0.144133 0.174777 0.209860 0.249516 0.293757 0.342449 0.395291 0.451806 0.511324 0.572993 0.635782 0.698508 0.759868 0.818476 0.872919 0.921809 0.963843 0.997859 1.022889 1.038208 1.043365 1.038208 1.022889 0.997859 0.963843 0.921809 0.872919 0.818476 0.759868 0.698508 0.635782 0.572993 0.511324 0.451806 0.395291 0.342449 0.293757 0.249516 0.209860 0.174777 0.144133 0.117699 0.095173 0.076207 0.060424 0.047443 0.036888 0.028401 0.021655 0.016351 0.012226 0.009053 0.006638 0.004821 0.003467 0.002470 0.001742 0.001217 0.000842 0.000577 0.000392 0.000263 0.000176 0.000116 0.000077 0.000051 0.000034 0.000025 0.000020 0.000020 
0.000017 0.000017 0.000021 0.000030 0.000044 0.000068 0.000104 0.000158 0.000240 0.000360 0.000535 0.000788 0.001150 0.001661 0.002377 0.003370 0.004730 0.006575 0.009053 0.012343 0.016666 0.022285 0.029510 0.038697 0.050252 0.064622 0.082292 0.103771 0.129581 0.160231 0.196193 0.237878 0.285596 0.339529 0.399691 0.465899 0.537745 0.614577 0.695486 0.779313 0.864658 0.949912 1.033303 1.112952 1.186937 1.253374 1.310493 1.356714 1.390725 1.411540 1.418548 1.411540 1.390725 1.356714 1.310493 1.253374 1.186937 1.112952 1.033303 0.949912 0.864658 0.779313 0.695486 0.614577 0.537745 0.465899 0.399691 0.339529 0.285596 0.237878 0.196193 0.160231 0.129581 0.103771 0.082292 0.064622 0.050252 0.038697 0.029510 0.022285 0.016666 0.012343 0.009053 0.006575 0.004730 0.003370 0.002377 0.001661 0.001150 0.000788 0.000535 0.000360 0.000240 0.000159 0.000105 0.000069 0.000047 0.000034 0.000028 0.000028 
0.000023 0.000023 0.000029 0.000040 0.000060 0.000092 0.000140 0.000214 0.000324 0.000487 0.000724 0.001066 0.001554 0.002246 0.003213 0.004553 0.006390 0.008882 0.012226 0.016666 0.022499 0.030080 0.039826 0.052216 0.067798 0.087172 0.110992 0.139945 0.174729 0.216031 0.264486 0.320645 0.384926 0.457571 0.538598 0.627760 0.724507 0.827958 0.936893 1.049747 1.164638 1.279400 1.391649 1.498855 1.598435 1.687851 1.764724 1.826929 1.872702 1.900714 1.910145 1.900714 1.872702 1.826929 1.764724 1.687851 1.598435 1.498855 1.391649 1.279400 1.164638 1.049747 0.936893 0.827958 0.724507 0.627760 0.538598 0.457571 0.384926 0.320645 0.264486 0.216031 0.174729 0.139945 0.110992 0.087172 0.067798 0.052216 0.039826 0.030080 0.022499 0.016666 0.012226 0.008882 0.006390 0.004553 0.003213 0.002246 0.001554 0.001066 0.000724 0.000487 0.000325 0.000215 0.000142 0.000094 0.000063 0.000046 0.000038 0.000038 
0.000031 0.000031 0.000038 0.000054 0.000080 0.000123 0.000188 0.000287 0.000435 0.000652 0.000969 0.001427 0.002081 0.003006 0.004300 0.006093 0.008549 0.011881 0.016351 0.022285 0.030080 0.040209 0.053227 0.069777 0.090585 0.116456 0.148258 0.186907 0.233335 0.288455 0.353115 0.428047 0.513806 0.610715 0.718795 0.837716 0.966742 1.104700 1.249959 1.400434 1.553615 1.706617 1.856261 1.999176 2.131918 2.251109 2.353576 2.436491 2.497501 2.534839 2.547408 2.534839 2.497501 2.436491 2.353576 2.251109 2.131918 1.999176 1.856261 1.706617 1.553615 1.400434 1.249959 1.104700 0.966742 0.837716 0.718795 0.610715 0.513806 0.428047 0.353115 0.288455 0.233335 0.186907 0.148258 0.116456 0.090585 0.069777 0.053227 0.040209 0.030080 0.022285 0.016351 0.011881 0.008549 0.006093 0.004300 0.003006 0.002081 0.001427 0.000969 0.000652 0.000435 0.000288 0.000190 0.000126 0.000085 0.000061 0.000050 0.000050 
0.000042 0.000042 0.000051 0.000071 0.000107 0.000163 0.000250 0.000381 0.000577 0.000865 0.001286 0.001893 0.002759 0.003985 0.005700 0.008074 0.011327 0.015737 0.021655 0.029510 0.039826 0.053227 0.070450 0.092342 0.119862 0.154072 0.196121 0.247216 0.308588 0.381441 0.466894 0.565911 0.679225 0.807258 0.950037 1.107123 1.277545 1.459750 1.651585 1.850296 2.052568 2.254593 2.452174 2.640862 2.816114 2.973469 3.108742 3.218200 3.298740 3.348029 3.364622 3.348029 3.298740 3.218200 3.108742 2.973469 2.816114 2.640862 2.452174 2.254593 2.052568 1.850296 1.651585 1.459750 1.277545 1.107123 0.950037 0.807258 0.679225 0.565911 0.466894 0.381441 0.308588 0.247216 0.196121 0.154072 0.119862 0.092342 0.070450 0.053227 0.039826 0.029510 0.021655 0.015737 0.011327 0.008074 0.005700 0.003985 0.002760 0.001893 0.001286 0.000866 0.000578 0.000382 0.000252 0.000167 0.000113 0.000082 0.000067 0.000067 
0.000055 0.000055 0.000067 0.000094 0.000140 0.000214 0.000329 0.000501 0.000758 0.001137 0.001689 0.002485 0.003623 0.005231 0.007481 0.010595 0.014861 0.020644 0.028401 0.038697 0.052216 0.069777 0.092342 0.121019 0.157064 0.201866 0.256926 0.323824 0.404167 0.499529 0.611373 0.740955 0.889234 1.056758 1.243560 1.449064 1.671995 1.910325 2.161233 2.421118 2.685646 2.949836 3.208205 3.454933 3.684083 3.889827 4.066694 4.209805 4.315105 4.379547 4.401241 4.379547 4.315105 4.209805 4.066694 3.889827 3.684083 3.454933 3.208205 2.949836 2.685646 2.421118 2.161233 1.910325 1.671995 1.449064 1.243560 1.056758 0.889234 0.740955 0.611373 0.499529 0.404167 0.323824 0.256926 0.201866 0.157064 0.121019 0.092342 0.069777 0.052216 0.038697 0.028401 0.020644 0.014861 0.010595 0.007481 0.005231 0.003623 0.002486 0.001689 0.001137 0.000759 0.000503 0.000332 0.000219 0.000149 0.000107 0.000088 0.000088 
0.000071 0.000071 0.000087 0.000123 0.000183 0.000279 0.000428 0.000652 0.000986 0.001479 0.002196 0.003232 0.004711 0.006800 0.009722 0.013767 0.019307 0.026816 0.036888 0.050252 0.067798 0.090585 0.119862 0.157064 0.203818 0.261923 0.333323 0.420064 0.524227 0.647849 0.792819 0.960767 1.152929 1.370010 1.612053 1.878307 2.167120 2.475858 2.800871 3.137492 3.480107 3.822269 4.156875 4.476394 4.773139 5.039565 5.268590 5.453902 5.590251 5.673693 5.701783 5.673693 5.590251 5.453902 5.268590 5.039565 4.773139 4.476394 4.156875 3.822269 3.480107 3.137492 2.800871 2.475858 2.167120 1.878307 1.612053 1.370010 1.152929 0.960767 0.792819 0.647849 0.524227 0.420064 0.333323 0.261923 0.203818 0.157064 0.119862 0.090585 0.067798 0.050252 0.036888 0.026816 0.019307 0.013767 0.009722 0.006800 0.004711 0.003232 0.002197 0.001479 0.000987 0.000654 0.000432 0.000286 0.000194 0.000140 0.000115 0.000115 
0.000092 0.000092 0.000113 0.000158 0.000236 0.000360 0.000551 0.000840 0.001270 0.001905 0.002829 0.004162 0.006064 0.008753 0.012512 0.017715 0.024840 0.034495 0.047443 0.064622 0.087172 0.116456 0.154072 0.201866 0.261923 0.336551 0.428246 0.539628 0.673367 0.832072 1.018167 1.233737 1.480363 1.758948 2.069543 2.411178 2.781733 3.177827 3.594773 4.026587 4.466067 4.904944 5.334111 5.743911 6.124489 6.466174 6.759886 6.997534 7.172387 7.279393 7.315415 7.279393 7.172387 6.997534 6.759886 6.466174 6.124489 5.743911 5.334111 4.904944 4.466067 4.026587 3.594773 3.177827 2.781733 2.411178 2.069543 1.758948 1.480363 1.233737 1.018167 0.832072 0.673367 0.539628 0.428246 0.336551 0.261923 0.201866 0.154072 0.116456 0.087172 0.064622 0.047443 0.034495 0.024840 0.017715 0.012512 0.008753 0.006065 0.004162 0.002829 0.001906 0.001272 0.000843 0.000556 0.000368 0.000250 0.000180 0.000148 0.000148 
0.000118 0.000118 0.000144 0.000202 0.000301 0.000460 0.000704 0.001072 0.001621 0.002429 0.003607 0.005306 0.007731 0.011157 0.015946 0.022572 0.031646 0.043940 0.060424 0.082292 0.110992 0.148258 0.196121 0.256926 0.333323 0.428246 0.544861 0.686500 0.856550 1.058325 1.294900 1.568920 1.882389 2.236451 2.631163 3.065291 3.536134 4.039396 4.569121 5.117705 5.676000 6.233503 6.778648 7.299175 7.782567 8.216548 8.589588 8.891417 9.113489 9.249390 9.295140 9.249390 9.113489 8.891417 8.589588 8.216548 7.782567 7.299175 6.778648 6.233503 5.676000 5.117705 4.569121 4.039396 3.536134 3.065291 2.631163 2.236451 1.882389 1.568920 1.294900 1.058325 0.856550 0.686500 0.544861 0.428246 0.333323 0.256926 0.196121 0.148258 0.110992 0.082292 0.060424 0.043940 0.031646 0.022572 0.015946 0.011157 0.007731 0.005307 0.003608 0.002431 0.001623 0.001076 0.000710 0.000470 0.000319 0.000230 0.000189 0.000189 
0.000149 0.000149 0.000182 0.000255 0.000381 0.000581 0.000889 0.001354 0.002047 0.003068 0.004555 0.006700 0.009760 0.014081 0.020123 0.028480 0.039923 0.055425 0.076207 0.103771 0.139945 0.186907 0.247216 0.323824 0.420064 0.539628 0.686500 0.864868 1.078994 1.333043 1.630880 1.975828 2.370405 2.816040 3.312802 3.859132 4.451628 5.084880 5.751391 6.441594 7.143981 7.845341 8.531127 9.185920 9.793981 10.339872 10.809098 11.188744 11.468068 11.639003 11.696546 11.639003 11.468068 11.188744 10.809098 10.339872 9.793981 9.185920 8.531127 7.845341 7.143981 6.441594 5.751391 5.084880 4.451628 3.859132 3.312802 2.816040 2.370405 1.975828 1.630880 1.333043 1.078994 0.864868 0.686500 0.539628 0.420064 0.323824 0.247216 0.186907 0.139945 0.103771 0.076207 0.055425 0.039923 0.028480 0.020123 0.014082 0.009760 0.006700 0.004556 0.003070 0.002050 0.001359 0.000897 0.000595 0.000403 0.000291 0.000240 0.000240 
0.000187 0.000187 0.000228 0.000320 0.000477 0.000727 0.001112 0.001694 0.002561 0.003837 0.005696 0.008376 0.012199 0.017599 0.025145 0.035584 0.049873 0.069229 0.095173 0.129581 0.174729 0.233335 0.308588 0.404167 0.524227 0.673367 0.856550 1.078994 1.346006 1.662772 2.034103 2.464133 2.955993 3.511459 4.130608 4.811491 5.549862 6.338976 7.169491 8.029484 8.904616 9.778432 10.632813 11.448553 12.206052 12.886085 13.470602 13.943520 14.291465 14.504391 14.576070 14.504391 14.291465 13.943520 13.470602 12.886085 12.206052 11.448553 10.632813 9.778432 8.904616 8.029484 7.169491 6.338976 5.549862 4.811491 4.130608 3.511459 2.955993 2.464133 2.034103 1.662772 1.346006 1.078994 0.856550 0.673367 0.524227 0.404167 0.308588 0.233335 0.174729 0.129581 0.095173 0.069229 0.049873 0.035584 0.025145 0.017599 0.012200 0.008377 0.005697 0.003839 0.002565 0.001701 0.001123 0.000744 0.000504 0.000364 0.000300 0.000300 
0.000231 0.000231 0.000283 0.000396 0.000591 0.000901 0.001378 0.002099 0.003172 0.004752 0.007052 0.010369 0.015099 0.021779 0.031114 0.044024 0.061693 0.085625 0.117699 0.160231 0.216031 0.288455 0.381441 0.499529 0.647849 0.832072 1.058325 1.333043 1.662772 2.053907 2.512378 3.043281 3.650470 4.336130 5.100345 5.940705 6.851963 7.825790 8.850655 9.911845 10.991667 12.069822 13.123958 14.130387 15.064934 15.903889 16.624990 17.208406 17.637643 17.900315 17.988739 17.900315 17.637643 17.208406 16.624990 15.903889 15.064934 14.130387 13.123958 12.069822 10.991667 9.911845 8.850655 7.825790 6.851963 5.940705 5.100345 4.336130 3.650470 3.043281 2.512378 2.053907 1.662772 1.333043 1.058325 0.832072 0.647849 0.499529 0.381441 0.288455 0.216031 0.160231 0.117699 0.085625 0.061693 0.044024 0.031114 0.021779 0.015100 0.010369 0.007054 0.004754 0.003176 0.002107 0.001391 0.000922 0.000625 0.000452 0.000372 0.000372 
0.000284 0.000284 0.000348 0.000486 0.000725 0.001105 0.001691 0.002574 0.003890 0.005826 0.008646 0.012709 0.018505 0.026688 0.038121 0.053932 0.075568 0.104869 0.144133 0.196193 0.264486 0.353115 0.466894 0.611373 0.792819 1.018167 1.294900 1.630880 2.034103 2.512378 3.072945 3.722025 4.464317 5.302481 6.236613 7.263756 8.377490 9.567633 10.820086 12.116871 13.436369 14.753779 16.041795 17.271481 18.413309 19.438318 20.319320 21.032097 21.556501 21.877407 21.985436 21.877407 21.556501 21.032097 20.319320 19.438318 18.413309 17.271481 16.041795 14.753779 13.436369 12.116871 10.820086 9.567633 8.377490 7.263756 6.236613 5.302481 4.464317 3.722025 3.072945 2.512378 2.034103 1.630880 1.294900 1.018167 0.792819 0.611373 0.466894 0.353115 0.264486 0.196193 0.144133 0.104869 0.075568 0.053932 0.038121 0.026688 0.018506 0.012710 0.008648 0.005829 0.003895 0.002584 0.001707 0.001131 0.000767 0.000555 0.000457 0.000457 
0.000345 0.000345 0.000423 0.000591 0.000881 0.001343 0.002054 0.003126 0.004723 0.007073 0.010495 0.015425 0.022457 0.032382 0.046249 0.065422 0.091656 0.127180 0.174777 0.237878 0.320645 0.428047 0.565911 0.740955 0.960767 1.233737 1.568920 1.975828 2.464133 3.043281 3.722025 4.507882 5.406533 6.421184 7.551938 8.795208 10.143215 11.583630 13.099385 14.668723 16.265483 17.859658 19.418213 20.906141 22.287725 23.527934 24.593882 25.456277 26.090751 26.479012 26.609713 26.479012 26.090751 25.456277 24.593882 23.527934 22.287725 20.906141 19.418213 17.859658 16.265483 14.668723 13.099385 11.583630 10.143215 8.795208 7.551938 6.421184 5.406533 4.507882 3.722025 3.043281 2.464133 1.975828 1.568920 1.233737 0.960767 0.740955 0.565911 0.428047 0.320645 0.237878 0.174777 0.127180 0.091656 0.065422 0.046249 0.032383 0.022458 0.015427 0.010497 0.007077 0.004730 0.003138 0.002073 0.001374 0.000932 0.000674 0.000555 0.000555 
0.000416 0.000416 0.000509 0.000711 0.001060 0.001615 0.002470 0.003759 0.005678 0.008503 0.012614 0.018538 0.026984 0.038906 0.055559 0.078581 0.110080 0.152726 0.209860 0.285596 0.384926 0.513806 0.679225 0.889234 1.152929 1.480363 1.882389 2.370405 2.955993 3.650470 4.464317 5.406533 6.483913 7.700287 9.055767 10.546041 12.161777 13.888188 15.704817 17.585586 19.499146 21.409541 23.277191 25.060158 26.715654 28.201715 29.478948 30.512266 31.272483 31.737687 31.894290 31.737687 31.272483 30.512266 29.478948 28.201715 26.715654 25.060158 23.277191 21.409541 19.499146 17.585586 15.704817 13.888188 12.161777 10.546041 9.055767 7.700287 6.483913 5.406533 4.464317 3.650470 2.955993 2.370405 1.882389 1.480363 1.152929 0.889234 0.679225 0.513806 0.384926 0.285596 0.209860 0.152726 0.110080 0.078581 0.055559 0.038906 0.026985 0.018539 0.012617 0.008508 0.005687 0.003773 0.002493 0.001653 0.001122 0.000811 0.000668 0.000668 
0.000496 0.000496 0.000606 0.000847 0.001263 0.001924 0.002941 0.004476 0.006760 0.010120 0.015012 0.022058 0.032105 0.046284 0.066087 0.093461 0.130909 0.181605 0.249516 0.339529 0.457571 0.610715 0.807258 1.056758 1.370010 1.758948 2.236451 2.816040 3.511459 4.336130 5.302481 6.421184 7.700287 9.144323 10.753411 12.522420 14.440262 16.489377 18.645482 20.877625 23.148602 25.415748 27.632101 29.747904 31.712396 33.475791 34.991363 36.217486 37.119543 37.671540 37.857360 37.671540 37.119543 36.217486 34.991363 33.475791 31.712396 29.747904 27.632101 25.415748 23.148602 20.877625 18.645482 16.489377 14.440262 12.522420 10.753411 9.144323 7.700287 6.421184 5.302481 4.336130 3.511459 2.816040 2.236451 1.758948 1.370010 1.056758 0.807258 0.610715 0.457571 0.339529 0.249516 0.181605 0.130910 0.093461 0.066087 0.046284 0.032107 0.022060 0.015015 0.010126 0.006770 0.004492 0.002968 0.001969 0.001336 0.000966 0.000796 0.000796 
0.000585 0.000585 0.000715 0.001000 0.001489 0.002268 0.003467 0.005276 0.007967 0.011927 0.017689 0.025989 0.037822 0.054519 0.077837 0.110067 0.154152 0.213826 0.293757 0.399691 0.538598 0.718795 0.950037 1.243560 1.612053 2.069543 2.631163 3.312802 4.130608 5.100345 6.236613 7.551938 9.055767 10.753411 12.644995 14.724471 16.978796 19.387323 21.921501 24.544953 27.213955 29.878372 32.483022 34.969445 37.278001 39.350202 41.131152 42.571954 43.631939 44.280573 44.498923 44.280573 43.631939 42.571954 41.131152 39.350202 37.278001 34.969445 32.483022 29.878372 27.213955 24.544953 21.921501 19.387323 16.978796 14.724471 12.644995 10.753411 9.055767 7.551938 6.236613 5.100345 4.130608 3.312802 2.631163 2.069543 1.612053 1.243560 0.950037 0.718795 0.538598 0.399691 0.293757 0.213827 0.154152 0.110067 0.077838 0.054520 0.037824 0.025992 0.017693 0.011934 0.007979 0.005295 0.003500 0.002322 0.001576 0.001140 0.000939 0.000939 
0.000683 0.000683 0.000835 0.001167 0.001739 0.002648 0.004047 0.006158 0.009298 0.013917 0.020638 0.030319 0.044118 0.063588 0.090775 0.128348 0.179738 0.249293 0.342449 0.465899 0.627760 0.837716 1.107123 1.449064 1.878307 2.411178 3.065291 3.859132 4.811491 5.940705 7.263756 8.795208 10.546041 12.522420 14.724471 17.145142 19.769234 22.572706 25.522323 28.575740 31.682073 34.782979 37.814247 40.707856 43.394414 45.805875 47.878370 49.555015 50.788496 51.543294 51.797381 51.543294 50.788496 49.555015 47.878370 45.805875 43.394414 40.707856 37.814247 34.782979 31.682073 28.575740 25.522323 22.572706 19.769234 17.145142 14.724471 12.522420 10.546041 8.795208 7.263756 5.940705 4.811491 3.859132 3.065291 2.411178 1.878307 1.449064 1.107123 0.837716 0.627760 0.465899 0.342449 0.249293 0.179738 0.128348 0.090775 0.063589 0.044120 0.030322 0.020643 0.013925 0.009312 0.006181 0.004085 0.002711 0.001840 0.001331 0.001097 0.001097 
0.000790 0.000790 0.000966 0.001350 0.002010 0.003061 0.004678 0.007116 0.010743 0.016079 0.023842 0.035021 0.050955 0.073434 0.104821 0.148194 0.207510 0.287786 0.395291 0.537745 0.724507 0.966742 1.277545 1.671995 2.167120 2.781733 3.536134 4.451628 5.549862 6.851963 8.377490 10.143215 12.161777 14.440262 16.978796 19.769234 22.794044 26.025501 29.425293 32.944612 36.524814 40.098663 43.592166 46.926946 50.023048 52.802070 55.190429 57.122585 58.544031 59.413843 59.706647 59.413843 58.544031 57.122585 55.190429 52.802070 50.023048 46.926946 43.592166 40.098663 36.524814 32.944612 29.425293 26.025501 22.794044 19.769234 16.978796 14.440262 12.161777 10.143215 8.377490 6.851963 5.549862 4.451628 3.536134 2.781733 2.167120 1.671995 1.277545 0.966742 0.724507 0.537745 0.395291 0.287786 0.207510 0.148194 0.104821 0.073435 0.050957 0.035024 0.023847 0.016088 0.010759 0.007142 0.004722 0.003133 0.002127 0.001539 0.001268 0.001268 
0.000904 0.000904 0.001106 0.001545 0.002301 0.003503 0.005353 0.008142 0.012291 0.018393 0.027270 0.040053 0.058271 0.083970 0.119848 0.169424 0.237217 0.328957 0.451806 0.614577 0.827958 1.104700 1.459750 1.910325 2.475858 3.177827 4.039396 5.084880 6.338976 7.825790 9.567633 11.583630 13.888188 16.489377 19.387323 22.572706 26.025501 29.714052 33.594619 37.611494 41.697743 45.776639 49.763743 53.569619 57.103038 60.274541 63.000172 65.205156 66.827302 67.819923 68.154066 67.819923 66.827302 65.205156 63.000172 60.274541 57.103038 53.569619 49.763743 45.776639 41.697743 37.611494 33.594619 29.714052 26.025501 22.572706 19.387323 16.489377 13.888188 11.583630 9.567633 7.825790 6.338976 5.084880 4.039396 3.177827 2.475858 1.910325 1.459750 1.104700 0.827958 0.614577 0.451806 0.328958 0.237217 0.169424 0.119849 0.083971 0.058273 0.040057 0.027276 0.018403 0.012309 0.008172 0.005403 0.003586 0.002435 0.001762 0.001452 0.001452 
0.001025 0.001025 0.001253 0.001751 0.002607 0.003969 0.006064 0.009223 0.013922 0.020832 0.030883 0.045356 0.065980 0.095070 0.135679 0.191788 0.268508 0.372321 0.511324 0.695486 0.936893 1.249959 1.651585 2.161233 2.800871 3.594773 4.569121 5.751391 7.169491 8.850655 10.820086 13.099385 15.704817 18.645482 21.921501 25.522323 29.425293 33.594619 37.980855 42.521032 47.139502 51.749551 56.255760 60.557065 64.550378 68.134620 71.214928 73.706815 75.540015 76.661778 77.039394 76.661778 75.540015 73.706815 71.214928 68.134620 64.550378 60.557065 56.255760 51.749551 47.139502 42.521032 37.980855 33.594619 29.425293 25.522323 21.921501 18.645482 15.704817 13.099385 10.820086 8.850655 7.169491 5.751391 4.569121 3.594773 2.800871 2.161233 1.651585 1.249959 0.936893 0.695487 0.511324 0.372321 0.268508 0.191788 0.135680 0.095071 0.065982 0.045360 0.030891 0.020844 0.013943 0.009257 0.006121 0.004063 0.002760 0.001997 0.001646 0.001646 
0.001151 0.001151 0.001406 0.001965 0.002925 0.004453 0.006802 0.010345 0.015614 0.023360 0.034630 0.050853 0.073971 0.106575 0.152088 0.214965 0.300935 0.417254 0.572993 0.779313 1.049747 1.400434 1.850296 2.421118 3.137492 4.026587 5.117705 6.441594 8.029484 9.911845 12.116871 14.668723 17.585586 20.877625 24.544953 28.575740 32.944612 37.611494 42.521032 47.602745 52.771966 57.931649 62.975013 67.788964 72.258149 76.269461 79.716758 82.505504 84.557081 85.812466 86.235062 85.812466 84.557081 82.505504 79.716758 76.269461 72.258149 67.788964 62.975013 57.931649 52.771966 47.602745 42.521032 37.611494 32.944612 28.575740 24.544953 20.877625 17.585586 14.668723 12.116871 9.911845 8.029484 6.441594 5.117705 4.026587 3.137492 2.421118 1.850296 1.400434 1.049747 0.779313 0.572993 0.417254 0.300935 0.214966 0.152089 0.106577 0.073974 0.050858 0.034638 0.023374 0.015637 0.010383 0.006866 0.004558 0.003096 0.002241 0.001847 0.001847 
0.001278 0.001278 0.001563 0.002183 0.003249 0.004946 0.007554 0.011488 0.017337 0.025937 0.038446 0.056454 0.082111 0.118294 0.168799 0.238568 0.333955 0.463007 0.635782 0.864658 1.164638 1.553615 2.052568 2.685646 3.480107 4.466067 5.676000 7.143981 8.904616 10.991667 13.436369 16.265483 19.499146 23.148602 27.213955 31.682073 36.524814 41.697743 47.139502 52.771966 58.501297 64.219942 69.809569 75.144848 80.097956 84.543560 88.364046 91.454666 93.728306 95.119569 95.587904 95.119569 93.728306 91.454666 88.364046 84.543560 80.097956 75.144848 69.809569 64.219942 58.501297 52.771966 47.139502 41.697743 36.524814 31.682073 27.213955 23.148602 19.499146 16.265483 13.436369 10.991667 8.904616 7.143981 5.676000 4.466067 3.480107 2.685646 2.052568 1.553615 1.164638 0.864658 0.635782 0.463007 0.333955 0.238569 0.168800 0.118296 0.082114 0.056459 0.038455 0.025952 0.017363 0.011530 0.007626 0.005063 0.003439 0.002489 0.002052 0.002052 
0.001406 0.001406 0.001719 0.002401 0.003573 0.005439 0.008307 0.012630 0.019060 0.028513 0.042261 0.062051 0.090246 0.130005 0.185498 0.262153 0.366946 0.508717 0.698508 0.949912 1.279400 1.706617 2.254593 2.949836 3.822269 4.904944 6.233503 7.845341 9.778432 12.069822 14.753779 17.859658 21.409541 25.415748 29.878372 34.782979 40.098663 45.776639 51.749551 57.931649 64.219942 70.496396 76.631146 82.486660 87.922668 92.801642 96.994523 100.386369 102.881596 104.408445 104.922421 104.408445 102.881596 100.386369 96.994523 92.801642 87.922668 82.486660 76.631146 70.496396 64.219942 57.931649 51.749551 45.776639 40.098663 34.782979 29.878372 25.415748 21.409541 17.859658 14.753779 12.069822 9.778432 7.845341 6.233503 4.904944 3.822269 2.949836 2.254593 1.706617 1.279400 0.949912 0.698509 0.508717 0.366946 0.262153 0.185499 0.130007 0.090249 0.062056 0.042271 0.028529 0.019088 0.012677 0.008385 0.005567 0.003782 0.002738 0.002257 0.002257 
0.001532 0.001532 0.001872 0.002614 0.003890 0.005921 0.009043 0.013749 0.020747 0.031034 0.045994 0.067528 0.098206 0.141464 0.201836 0.285227 0.399222 0.553433 0.759868 1.033303 1.391649 1.856261 2.452174 3.208205 4.156875 5.334111 6.778648 8.531127 10.632813 13.123958 16.041795 19.418213 23.277191 27.632101 32.483022 37.814247 43.592166 49.763743 56.255760 62.975013 69.809569 76.631146 83.298616 89.662520 95.570430 100.872898 105.429682 109.115887 111.827647 113.486988 114.045563 113.486988 111.827647 109.115887 105.429682 100.872898 95.570430 89.662520 83.298616 76.631146 69.809569 62.975013 56.255760 49.763743 43.592166 37.814247 32.483022 27.632101 23.277191 19.418213 16.041795 13.123958 10.632813 8.531127 6.778648 5.334111 4.156875 3.208205 2.452174 1.856261 1.391649 1.033303 0.759868 0.553433 0.399222 0.285227 0.201837 0.141466 0.098209 0.067534 0.046005 0.031052 0.020777 0.013800 0.009128 0.006061 0.004118 0.002981 0.002458 0.002458 
