0.000000 0.000000 0.000000 0.000000 0.000000 0.000000 0.000000 0.000000 0.000000 0.000000 0.000000 0.000000 0.000000 0.000000 0.000000 0.000000 0.000001 0.000001 0.000002 0.000002 0.000003 0.000004 0.000006 0.000008 0.000011 0.000015 0.000019 0.000025 0.000033 0.000042 0.000053 0.000066 0.000082 0.000100 0.000120 0.000143 0.000169 0.000198 0.000228 0.000260 0.000293 0.000326 0.000360 0.000392 0.000422 0.000449 0.000473 0.000492 0.000507 0.000515 0.000518 0.000515 0.000507 0.000492 0.000473 0.000449 0.000422 0.000392 0.000360 0.000326 0.000293 0.000260 0.000228 0.000198 0.000169 0.000143 0.000120 0.000100 0.000082 0.000066 0.000053 0.000042 0.000033 0.000025 0.000019 0.000015 0.000011 0.000008 0.000006 0.000004 0.000003 0.000002 0.000002 0.000001 0.000001 0.000000 0.000000 0.000000 0.000000 0.000000 0.000000 0.000000 0.000000 0.000000 0.000000 0.000000 0.000000 0.000000 0.000000 0.000000 
0.000000 0.000000 0.000000 0.000000 0.000000 0.000000 0.000000 0.000000 0.000000 0.000000 0.000000 0.000000 0.000000 0.000000 0.000000 0.000000 0.000001 0.000001 0.000002 0.000002 0.000003 0.000004 0.000006 0.000008 0.000011 0.000015 0.000019 0.000025 0.000033 0.000042 0.000053 0.000066 0.000082 0.000100 0.000120 0.000143 0.000169 0.000198 0.000228 0.000260 0.000293 0.000326 0.000360 0.000392 0.000422 0.000449 0.000473 0.000492 0.000507 0.000515 0.000518 0.000515 0.000507 0.000492 0.000473 0.000449 0.000422 0.000392 0.000360 0.000326 0.000293 0.000260 0.000228 0.000198 0.000169 0.000143 0.000120 0.000100 0.000082 0.000066 0.000053 0.000042 0.000033 0.000025 0.000019 0.000015 0.000011 0.000008 0.000006 0.000004 0.000003 0.000002 0.000002 0.000001 0.000001 0.000000 0.000000 0.000000 0.000000 0.000000 0.000000 0.000000 0.000000 0.000000 0.000000 0.000000 0.000000 0.000000 0.000000 0.000000 
0.000000 0.000000 0.000000 0.000000 0.000000 0.000000 0.000000 0.000000 0.000000 0.000000 0.000000 0.000000 0.000000 0.000000 0.000000 0.000001 0.000001 0.000001 0.000002 0.000003 0.000004 0.000006 0.000008 0.000011 0.000014 0.000019 0.000025 0.000033 0.000042 0.000054 0.000068 0.000085 0.000105 0.000128 0.000155 0.000184 0.000218 0.000254 0.000293 0.000334 0.000376 0.000419 0.000462 0.000503 0.000542 0.000577 0.000608 0.000632 0.000651 0.000662 0.000666 0.000662 0.000651 0.000632 0.000608 0.000577 0.000542 0.000503 0.000462 0.000419 0.000376 0.000334 0.000293 0.000254 0.000218 0.000184 0.000155 0.000128 0.000105 0.000085 0.000068 0.000054 0.000042 0.000033 0.000025 0.000019 0.000014 0.000011 0.000008 0.000006 0.000004 0.000003 0.000002 0.000001 0.000001 0.000001 0.000000 0.000000 0.000000 0.000000 0.000000 0.000000 0.000000 0.000000 0.000000 0.000000 0.000000 0.000000 0.000000 0.000000 
0.000000 0.000000 0.000000 0.000000 0.000000 0.000000 0.000000 0.000000 0.000000 0.000000 0.000000 0.000000 0.000000 0.000000 0.000001 0.000001 0.000001 0.000002 0.000003 0.000004 0.000006 0.000008 0.000012 0.000016 0.000021 0.000028 0.000038 0.000049 0.000063 0.000081 0.000102 0.000128 0.000157 0.000192 0.000232 0.000276 0.000326 0.000380 0.000438 0.000500 0.000563 0.000627 0.000691 0.000753 0.000811 0.000863 0.000909 0.000946 0.000973 0.000990 0.000995 0.000990 0.000973 0.000946 0.000909 0.000863 0.000811 0.000753 0.000691 0.000627 0.000563 0.000500 0.000438 0.000380 0.000326 0.000276 0.000232 0.000192 0.000157 0.000128 0.000102 0.000081 0.000063 0.000049 0.000038 0.000028 0.000021 0.000016 0.000012 0.000008 0.000006 0.000004 0.000003 0.000002 0.000001 0.000001 0.000001 0.000000 0.000000 0.000000 0.000000 0.000000 0.000000 0.000000 0.000000 0.000000 0.000000 0.000000 0.000000 0.000000 
0.000000 0.000000 0.000000 0.000000 0.000000 0.000000 0.000000 0.000000 0.000000 0.000000 0.000000 0.000000 0.000000 0.000001 0.000001 0.000002 0.000002 0.000003 0.000005 0.000007 0.000010 0.000013 0.000019 0.000025 0.000034 0.000046 0.000060 0.000078 0.000101 0.000129 0.000163 0.000203 0.000251 0.000306 0.000369 0.000441 0.000520 0.000606 0.000698 0.000796 0.000897 0.000999 0.001101 0.001199 0.001291 0.001374 0.001447 0.001505 0.001549 0.001575 0.001584 0.001575 0.001549 0.001505 0.001447 0.001374 0.001291 0.001199 0.001101 0.000999 0.000897 0.000796 0.000698 0.000606 0.000520 0.000441 0.000369 0.000306 0.000251 0.000203 0.000163 0.000129 0.000101 0.000078 0.000060 0.000046 0.000034 0.000025 0.000019 0.000013 0.000010 0.000007 0.000005 0.000003 0.000002 0.000002 0.000001 0.000001 0.000000 0.000000 0.000000 0.000000 0.000000 0.000000 0.000000 0.000000 0.000000 0.000000 0.000000 0.000000 
0.000000 0.000000 0.000000 0.000000 0.000000 0.000000 0.000000 0.000000 0.000000 0.000000 0.000000 0.000000 0.000001 0.000001 0.000002 0.000003 0.000004 0.000005 0.000008 0.000011 0.000016 0.000022 0.000030 0.000041 0.000055 0.000074 0.000098 0.000127 0.000165 0.000210 0.000265 0.000330 0.000407 0.000497 0.000599 0.000714 0.000842 0.000982 0.001132 0.001290 0.001453 0.001619 0.001783 0.001942 0.002091 0.002226 0.002342 0.002438 0.002508 0.002551 0.002566 0.002551 0.002508 0.002438 0.002342 0.002226 0.002091 0.001942 0.001783 0.001619 0.001453 0.001290 0.001132 0.000982 0.000842 0.000714 0.000599 0.000497 0.000407 0.000330 0.000265 0.000210 0.000165 0.000127 0.000098 0.000074 0.000055 0.000041 0.000030 0.000022 0.000016 0.000011 0.000008 0.000005 0.000004 0.000003 0.000002 0.000001 0.000001 0.000000 0.000000 0.000000 0.000000 0.000000 0.000000 0.000000 0.000000 0.000000 0.000000 0.000000 
0.000000 0.000000 0.000000 0.000000 0.000000 0.000000 0.000000 0.000000 0.000000 0.000000 0.000000 0.000001 0.000001 0.000002 0.000003 0.000004 0.000006 0.000009 0.000013 0.000018 0.000025 0.000036 0.000049 0.000067 0.000090 0.000120 0.000159 0.000207 0.000267 0.000340 0.000429 0.000536 0.000660 0.000805 0.000971 0.001158 0.001364 0.001590 0.001833 0.002088 0.002352 0.002620 0.002886 0.003143 0.003383 0.003601 0.003790 0.003944 0.004058 0.004127 0.004151 0.004127 0.004058 0.003944 0.003790 0.003601 0.003383 0.003143 0.002886 0.002620 0.002352 0.002088 0.001833 0.001590 0.001364 0.001158 0.000971 0.000805 0.000660 0.000536 0.000429 0.000340 0.000267 0.000207 0.000159 0.000120 0.000090 0.000067 0.000049 0.000036 0.000025 0.000018 0.000013 0.000009 0.000006 0.000004 0.000003 0.000002 0.000001 0.000001 0.000000 0.000000 0.000000 0.000000 0.000000 0.000000 0.000000 0.000000 0.000000 0.000000 
0.000000 0.000000 0.000000 0.000000 0.000000 0.000000 0.000000 0.000000 0.000000 0.000001 0.000001 0.000001 0.000002 0.000003 0.000004 0.000007 0.000010 0.000014 0.000020 0.000029 0.000041 0.000057 0.000079 0.000108 0.000145 0.000194 0.000256 0.000333 0.000430 0.000548 0.000691 0.000862 0.001063 0.001296 0.001562 0.001862 0.002194 0.002557 0.002946 0.003357 0.003781 0.004211 0.004637 0.005049 0.005436 0.005786 0.006089 0.006335 0.006518 0.006630 0.006667 0.006630 0.006518 0.006335 0.006089 0.005786 0.005436 0.005049 0.004637 0.004211 0.003781 0.003357 0.002946 0.002557 0.002194 0.001862 0.001562 0.001296 0.001063 0.000862 0.000691 0.000548 0.000430 0.000333 0.000256 0.000194 0.000145 0.000108 0.000079 0.000057 0.000041 0.000029 0.000020 0.000014 0.000010 0.000007 0.000004 0.000003 0.000002 0.000001 0.000001 0.000001 0.000000 0.000000 0.000000 0.000000 0.000000 0.000000 0.000000 0.000000 
0.000000 0.000000 0.000000 0.000000 0.000000 0.000000 0.000000 0.000000 0.000001 0.000001 0.000001 0.000002 0.000003 0.000005 0.000007 0.000011 0.000016 0.000023 0.000033 0.000047 0.000066 0.000092 0.000126 0.000172 0.000232 0.000310 0.000408 0.000532 0.000686 0.000875 0.001103 0.001375 0.001694 0.002065 0.002489 0.002966 0.003495 0.004072 0.004692 0.005344 0.006019 0.006703 0.007381 0.008036 0.008650 0.009207 0.009689 0.010081 0.010371 0.010549 0.010609 0.010549 0.010371 0.010081 0.009689 0.009207 0.008650 0.008036 0.007381 0.006703 0.006019 0.005344 0.004692 0.004072 0.003495 0.002966 0.002489 0.002065 0.001694 0.001375 0.001103 0.000875 0.000686 0.000532 0.000408 0.000310 0.000232 0.000172 0.000126 0.000092 0.000066 0.000047 0.000033 0.000023 0.000016 0.000011 0.000007 0.000005 0.000003 0.000002 0.000001 0.000001 0.000001 0.000000 0.000000 0.000000 0.000000 0.000000 0.000000 0.000000 
0.000000 0.000000 0.000000 0.000000 0.000000 0.000000 0.000000 0.000001 0.000001 0.000001 0.000002 0.000003 0.000005 0.000007 0.000011 0.000017 0.000025 0.000036 0.000052 0.000074 0.000104 0.000145 0.000200 0.000272 0.000367 0.000489 0.000645 0.000841 0.001083 0.001381 0.001740 0.002169 0.002673 0.003258 0.003925 0.004677 0.005510 0.006419 0.007395 0.008422 0.009485 0.010562 0.011628 0.012659 0.013626 0.014501 0.015260 0.015877 0.016333 0.016612 0.016707 0.016612 0.016333 0.015877 0.015260 0.014501 0.013626 0.012659 0.011628 0.010562 0.009485 0.008422 0.007395 0.006419 0.005510 0.004677 0.003925 0.003258 0.002673 0.002169 0.001740 0.001381 0.001083 0.000841 0.000645 0.000489 0.000367 0.000272 0.000200 0.000145 0.000104 0.000074 0.000052 0.000036 0.000025 0.000017 0.000011 0.000007 0.000005 0.000003 0.000002 0.000001 0.000001 0.000001 0.000000 0.000000 0.000000 0.000000 0.000000 0.000000 
0.000000 0.000000 0.000000 0.000000 0.000000 0.000000 0.000000 0.000001 0.000001 0.000002 0.000003 0.000005 0.000008 0.000012 0.000018 0.000026 0.000039 0.000056 0.000081 0.000116 0.000163 0.000227 0.000313 0.000426 0.000574 0.000765 0.001008 0.001314 0.001693 0.002157 0.002718 0.003387 0.004173 0.005085 0.006126 0.007298 0.008596 0.010013 0.011532 0.013133 0.014789 0.016466 0.018127 0.019732 0.021238 0.022601 0.023782 0.024742 0.025452 0.025888 0.026035 0.025888 0.025452 0.024742 0.023782 0.022601 0.021238 0.019732 0.018127 0.016466 0.014789 0.013133 0.011532 0.010013 0.008596 0.007298 0.006126 0.005085 0.004173 0.003387 0.002718 0.002157 0.001693 0.001314 0.001008 0.000765 0.000574 0.000426 0.000313 0.000227 0.000163 0.000116 0.000081 0.000056 0.000039 0.000026 0.000018 0.000012 0.000008 0.000005 0.000003 0.000002 0.000001 0.000001 0.000000 0.000000 0.000000 0.000000 0.000000 0.000000 
0.000000 0.000000 0.000000 0.000000 0.000000 0.000000 0.000001 0.000001 0.000002 0.000003 0.000005 0.000008 0.000012 0.000018 0.000027 0.000041 0.000060 0.000088 0.000126 0.000179 0.000253 0.000352 0.000484 0.000660 0.000889 0.001184 0.001559 0.002031 0.002617 0.003334 0.004200 0.005232 0.006445 0.007851 0.009458 0.011265 0.013268 0.015452 0.017794 0.020262 0.022814 0.025398 0.027958 0.030431 0.032751 0.034851 0.036670 0.038150 0.039244 0.039915 0.040141 0.039915 0.039244 0.038150 0.036670 0.034851 0.032751 0.030431 0.027958 0.025398 0.022814 0.020262 0.017794 0.015452 0.013268 0.011265 0.009458 0.007851 0.006445 0.005232 0.004200 0.003334 0.002617 0.002031 0.001559 0.001184 0.000889 0.000660 0.000484 0.000352 0.000253 0.000179 0.000126 0.000088 0.000060 0.000041 0.000027 0.000018 0.000012 0.000008 0.000005 0.000003 0.000002 0.000001 0.000001 0.000000 0.000000 0.000000 0.000000 0.000000 
0.000000 0.000000 0.000000 0.000000 0.000000 0.000001 0.000001 0.000002 0.000003 0.000005 0.000008 0.000012 0.000018 0.000028 0.000042 0.000063 0.000092 0.000134 0.000193 0.000275 0.000387 0.000539 0.000742 0.001010 0.001360 0.001811 0.002386 0.003107 0.004002 0.005097 0.006420 0.007996 0.009848 0.011995 0.014446 0.017204 0.020260 0.023592 0.027164 0.030928 0.034818 0.038759 0.042663 0.046432 0.049968 0.053170 0.055942 0.058198 0.059865 0.060888 0.061232 0.060888 0.059865 0.058198 0.055942 0.053170 0.049968 0.046432 0.042663 0.038759 0.034818 0.030928 0.027164 0.023592 0.020260 0.017204 0.014446 0.011995 0.009848 0.007996 0.006420 0.005097 0.004002 0.003107 0.002386 0.001811 0.001360 0.001010 0.000742 0.000539 0.000387 0.000275 0.000193 0.000134 0.000092 0.000063 0.000042 0.000028 0.000018 0.000012 0.000008 0.000005 0.000003 0.000002 0.000001 0.000001 0.000000 0.000000 0.000000 0.000000 
0.000000 0.000000 0.000000 0.000000 0.000001 0.000001 0.000002 0.000003 0.000005 0.000007 0.000012 0.000018 0.000028 0.000043 0.000064 0.000095 0.000140 0.000204 0.000293 0.000417 0.000587 0.000817 0.001124 0.001530 0.002060 0.002742 0.003611 0.004701 0.006054 0.007709 0.009708 0.012089 0.014887 0.018128 0.021830 0.025993 0.030606 0.035634 0.041025 0.046703 0.052573 0.058518 0.064405 0.070091 0.075424 0.080252 0.084432 0.087834 0.090347 0.091889 0.092409 0.091889 0.090347 0.087834 0.084432 0.080252 0.075424 0.070091 0.064405 0.058518 0.052573 0.046703 0.041025 0.035634 0.030606 0.025993 0.021830 0.018128 0.014887 0.012089 0.009708 0.007709 0.006054 0.004701 0.003611 0.002742 0.002060 0.001530 0.001124 0.000817 0.000587 0.000417 0.000293 0.000204 0.000140 0.000095 0.000064 0.000043 0.000028 0.000018 0.000012 0.000007 0.000005 0.000003 0.000002 0.000001 0.000001 0.000000 0.000000 0.000000 
0.000000 0.000000 0.000000 0.000001 0.000001 0.000002 0.000003 0.000004 0.000007 0.000011 0.000018 0.000027 0.000042 0.000064 0.000096 0.000143 0.000210 0.000306 0.000440 0.000625 0.000880 0.001224 0.001684 0.002292 0.003085 0.004107 0.005406 0.007038 0.009060 0.011535 0.014523 0.018082 0.022262 0.027105 0.032633 0.038851 0.045739 0.053247 0.061295 0.069771 0.078531 0.087403 0.096189 0.104673 0.112629 0.119833 0.126069 0.131143 0.134893 0.137193 0.137969 0.137193 0.134893 0.131143 0.126069 0.119833 0.112629 0.104673 0.096189 0.087403 0.078531 0.069771 0.061295 0.053247 0.045739 0.038851 0.032633 0.027105 0.022262 0.018082 0.014523 0.011535 0.009060 0.007038 0.005406 0.004107 0.003085 0.002292 0.001684 0.001224 0.000880 0.000625 0.000440 0.000306 0.000210 0.000143 0.000096 0.000064 0.000042 0.000027 0.000018 0.000011 0.000007 0.000004 0.000003 0.000002 0.000001 0.000001 0.000001 0.000001 
0.000000 0.000000 0.000001 0.000001 0.000002 0.000003 0.000004 0.000007 0.000011 0.000017 0.000026 0.000041 0.000063 0.000095 0.000143 0.000213 0.000312 0.000454 0.000653 0.000928 0.001305 0.001815 0.002497 0.003398 0.004572 0.006084 0.008007 0.010421 0.013413 0.017074 0.021492 0.026753 0.032933 0.040090 0.048260 0.057447 0.067622 0.078711 0.090597 0.103114 0.116049 0.129148 0.142118 0.154642 0.166387 0.177020 0.186224 0.193712 0.199245 0.202641 0.203786 0.202641 0.199245 0.193712 0.186224 0.177020 0.166387 0.154642 0.142118 0.129148 0.116049 0.103114 0.090597 0.078711 0.067622 0.057447 0.048260 0.040090 0.032933 0.026753 0.021492 0.017074 0.013413 0.010421 0.008007 0.006084 0.004572 0.003398 0.002497 0.001815 0.001305 0.000928 0.000653 0.000454 0.000312 0.000213 0.000143 0.000095 0.000063 0.000041 0.000026 0.000017 0.000011 0.000007 0.000004 0.000003 0.000002 0.000001 0.000001 0.000001 
0.000001 0.000001 0.000001 0.000001 0.000002 0.000004 0.000006 0.000010 0.000016 0.000025 0.000039 0.000060 0.000092 0.000140 0.000210 0.000312 0.000459 0.000667 0.000958 0.001362 0.001915 0.002663 0.003662 0.004982 0.006701 0.008916 0.011731 0.015265 0.019644 0.024999 0.031463 0.039158 0.048195 0.058659 0.070601 0.084030 0.098899 0.115103 0.132469 0.150755 0.169650 0.188782 0.207725 0.226015 0.243165 0.258691 0.272130 0.283064 0.291143 0.296100 0.297771 0.296100 0.291143 0.283064 0.272130 0.258691 0.243165 0.226015 0.207725 0.188782 0.169650 0.150755 0.132469 0.115103 0.098899 0.084030 0.070601 0.058659 0.048195 0.039158 0.031463 0.024999 0.019644 0.015265 0.011731 0.008916 0.006701 0.004982 0.003662 0.002663 0.001915 0.001362 0.000958 0.000667 0.000459 0.000312 0.000210 0.000140 0.000092 0.000060 0.000039 0.000025 0.000016 0.000010 0.000006 0.000004 0.000002 0.000002 0.000001 0.000001 
0.000001 0.000001 0.000001 0.000002 0.000003 0.000005 0.000009 0.000014 0.000023 0.000036 0.000056 0.000088 0.000134 0.000204 0.000306 0.000454 0.000667 0.000968 0.001391 0.001977 0.002779 0.003864 0.005313 0.007225 0.009717 0.012924 0.017001 0.022118 0.028457 0.036209 0.045562 0.056696 0.069768 0.084903 0.102173 0.121589 0.143086 0.166510 0.191610 0.218037 0.245342 0.272986 0.300355 0.326778 0.351554 0.373982 0.393395 0.409188 0.420856 0.428017 0.430431 0.428017 0.420856 0.409188 0.393395 0.373982 0.351554 0.326778 0.300355 0.272986 0.245342 0.218037 0.191610 0.166510 0.143086 0.121589 0.102173 0.084903 0.069768 0.056696 0.045562 0.036209 0.028457 0.022118 0.017001 0.012924 0.009717 0.007225 0.005313 0.003864 0.002779 0.001977 0.001391 0.000968 0.000667 0.000454 0.000306 0.000204 0.000134 0.000088 0.000056 0.000036 0.000023 0.000014 0.000009 0.000005 0.000003 0.000002 0.000002 0.000002 
0.000002 0.000002 0.000002 0.000003 0.000005 0.000008 0.000013 0.000020 0.000033 0.000052 0.000081 0.000126 0.000193 0.000293 0.000440 0.000653 0.000958 0.001391 0.001999 0.002840 0.003990 0.005546 0.007623 0.010364 0.013936 0.018532 0.024373 0.031702 0.040780 0.051877 0.065266 0.081201 0.099908 0.121562 0.146267 0.174040 0.204784 0.238280 0.274168 0.311950 0.350983 0.390498 0.429617 0.467380 0.502787 0.534838 0.562577 0.585145 0.601818 0.612049 0.615498 0.612049 0.601818 0.585145 0.562577 0.534838 0.502787 0.467380 0.429617 0.390498 0.350983 0.311950 0.274168 0.238280 0.204784 0.174040 0.146267 0.121562 0.099908 0.081201 0.065266 0.051877 0.040780 0.031702 0.024373 0.018532 0.013936 0.010364 0.007623 0.005546 0.003990 0.002840 0.001999 0.001391 0.000958 0.000653 0.000440 0.000293 0.000193 0.000126 0.000081 0.000052 0.000033 0.000020 0.000013 0.000008 0.000005 0.000003 0.000003 0.000003 
0.000002 0.000002 0.000003 0.000004 0.000007 0.000011 0.000018 0.000029 0.000047 0.000074 0.000116 0.000179 0.000275 0.000417 0.000625 0.000928 0.001362 0.001977 0.002840 0.004033 0.005666 0.007873 0.010819 0.014706 0.019769 0.026284 0.034561 0.044945 0.057804 0.073521 0.092480 0.115040 0.141520 0.172167 0.207129 0.246425 0.289920 0.337303 0.388065 0.441498 0.496697 0.552572 0.607882 0.661273 0.711329 0.756638 0.795851 0.827751 0.851318 0.865780 0.870655 0.865780 0.851318 0.827751 0.795851 0.756638 0.711329 0.661273 0.607882 0.552572 0.496697 0.441498 0.388065 0.337303 0.289920 0.246425 0.207129 0.172167 0.141520 0.115040 0.092480 0.073521 0.057804 0.044945 0.034561 0.026284 0.019769 0.014706 0.010819 0.007873 0.005666 0.004033 0.002840 0.001977 0.001362 0.000928 0.000625 0.000417 0.000275 0.000179 0.000116 0.000074 0.000047 0.000029 0.000018 0.000011 0.000007 0.000005 0.000004 0.000004 
0.000003 0.000003 0.000004 0.000006 0.000010 0.000016 0.000025 0.000041 0.000066 0.000104 0.000163 0.000253 0.000387 0.000587 0.000880 0.001305 0.001915 0.002779 0.003990 0.005666 0.007958 0.011055 0.015188 0.020640 0.027740 0.036874 0.048476 0.063029 0.081046 0.103065 0.129620 0.161215 0.198294 0.241201 0.290141 0.345142 0.406013 0.472316 0.543340 0.618095 0.695313 0.773470 0.850832 0.925503 0.995508 1.058869 1.113703 1.158311 1.191265 1.211486 1.218303 1.211486 1.191265 1.158311 1.113703 1.058869 0.995508 0.925503 0.850832 0.773470 0.695313 0.618095 0.543340 0.472316 0.406013 0.345142 0.290141 0.241201 0.198294 0.161215 0.129620 0.103065 0.081046 0.063029 0.048476 0.036874 0.027740 0.020640 0.015188 0.011055 0.007958 0.005666 0.003990 0.002779 0.001915 0.001305 0.000880 0.000587 0.000387 0.000253 0.000163 0.000104 0.000066 0.000041 0.000026 0.000016 0.000010 0.000007 0.000005 0.000005 
0.000004 0.000004 0.000006 0.000008 0.000013 0.000022 0.000036 0.000057 0.000092 0.000145 0.000227 0.000352 0.000539 0.000817 0.001224 0.001815 0.002663 0.003864 0.005546 0.007873 0.011055 0.015353 0.021089 0.028652 0.038501 0.051168 0.067255 0.087427 0.112399 0.142912 0.179704 0.223473 0.274830 0.334251 0.402019 0.478168 0.562435 0.654211 0.752513 0.855969 0.962822 1.070969 1.178005 1.281313 1.378159 1.465811 1.541663 1.603367 1.648950 1.676921 1.686349 1.676921 1.648950 1.603367 1.541663 1.465811 1.378159 1.281313 1.178005 1.070969 0.962822 0.855969 0.752513 0.654211 0.562435 0.478168 0.402019 0.334251 0.274830 0.223473 0.179704 0.142912 0.112399 0.087427 0.067255 0.051168 0.038501 0.028652 0.021089 0.015353 0.011055 0.007873 0.005546 0.003864 0.002663 0.001815 0.001224 0.000817 0.000539 0.000352 0.000227 0.000145 0.000092 0.000057 0.000036 0.000022 0.000014 0.000009 0.000007 0.000007 
0.000006 0.000006 0.000008 0.000012 0.000019 0.000030 0.000049 0.000079 0.000126 0.000200 0.000313 0.000484 0.000742 0.001124 0.001684 0.002497 0.003662 0.005313 0.007623 0.010819 0.015188 0.021089 0.028963 0.039341 0.052853 0.070228 0.092290 0.119950 0.154186 0.196010 0.246432 0.306407 0.376770 0.458170 0.550991 0.655281 0.770674 0.896336 1.030920 1.172546 1.318812 1.466836 1.613331 1.754715 1.887247 2.007192 2.110985 2.195417 2.257787 2.296059 2.308959 2.296059 2.257787 2.195417 2.110985 2.007192 1.887247 1.754715 1.613331 1.466836 1.318812 1.172546 1.030920 0.896336 0.770674 0.655281 0.550991 0.458170 0.376770 0.306407 0.246432 0.196010 0.154186 0.119950 0.092290 0.070228 0.052853 0.039341 0.028963 0.021089 0.015188 0.010819 0.007623 0.005313 0.003662 0.002497 0.001684 0.001124 0.000742 0.000484 0.000313 0.000200 0.000126 0.000079 0.000049 0.000031 0.000019 0.000013 0.000010 0.000010 
0.000008 0.000008 0.000011 0.000016 0.000025 0.000041 0.000067 0.000108 0.000172 0.000272 0.000426 0.000660 0.001010 0.001530 0.002292 0.003398 0.004982 0.007225 0.010364 0.014706 0.020640 0.028652 0.039341 0.053428 0.071764 0.095337 0.125264 0.162778 0.209202 0.265908 0.334260 0.415549 0.510905 0.621204 0.746963 0.888242 1.044546 1.214742 1.397004 1.588786 1.786835 1.987249 2.185579 2.376978 2.556385 2.718745 2.859238 2.973519 3.057938 3.109737 3.127198 3.109737 3.057938 2.973519 2.859238 2.718745 2.556385 2.376978 2.185579 1.987249 1.786835 1.588786 1.397004 1.214742 1.044546 0.888242 0.746963 0.621204 0.510905 0.415549 0.334260 0.265908 0.209202 0.162778 0.125264 0.095337 0.071764 0.053428 0.039341 0.028652 0.020640 0.014706 0.010364 0.007225 0.004982 0.003398 0.002292 0.001530 0.001010 0.000660 0.000426 0.000272 0.000172 0.000108 0.000067 0.000042 0.000026 0.000018 0.000014 0.000014 
0.000011 0.000011 0.000014 0.000021 0.000034 0.000055 0.000090 0.000145 0.000232 0.000367 0.000574 0.000889 0.001360 0.002060 0.003085 0.004572 0.006701 0.009717 0.013936 0.019769 0.027740 0.038501 0.052853 0.071764 0.096374 0.128008 0.168162 0.218487 0.280754 0.356798 0.448448 0.557429 0.685252 0.833084 1.001619 1.190930 1.400352 1.628365 1.872519 2.129404 2.394662 2.663068 2.928667 3.184969 3.425201 3.642596 3.830705 3.983714 4.096739 4.166090 4.189467 4.166090 4.096739 3.983714 3.830705 3.642596 3.425201 3.184969 2.928667 2.663068 2.394662 2.129404 1.872519 1.628365 1.400352 1.190930 1.001619 0.833084 0.685252 0.557429 0.448448 0.356798 0.280754 0.218487 0.168162 0.128008 0.096374 0.071764 0.052853 0.038501 0.027740 0.019769 0.013936 0.009717 0.006701 0.004572 0.003085 0.002060 0.001360 0.000889 0.000574 0.000367 0.000232 0.000146 0.000091 0.000056 0.000036 0.000024 0.000019 0.000019 
0.000015 0.000015 0.000019 0.000028 0.000046 0.000074 0.000120 0.000194 0.000310 0.000489 0.000765 0.001184 0.001811 0.002742 0.004107 0.006084 0.008916 0.012924 0.018532 0.026284 0.036874 0.051168 0.070228 0.095337 0.128008 0.169996 0.223282 0.290056 0.372661 0.473530 0.595080 0.739596 0.909074 1.105059 1.328462 1.579380 1.856924 2.159075 2.482589 2.822942 3.174363 3.529930 3.881755 4.221247 4.539437 4.827368 5.076502 5.279143 5.428827 5.520671 5.551630 5.520671 5.428827 5.279143 5.076502 4.827368 4.539437 4.221247 3.881755 3.529930 3.174363 2.822942 2.482589 2.159075 1.856924 1.579380 1.328462 1.105059 0.909074 0.739596 0.595080 0.473530 0.372661 0.290056 0.223282 0.169996 0.128008 0.095337 0.070228 0.051168 0.036874 0.026284 0.018532 0.012924 0.008916 0.006084 0.004107 0.002742 0.001811 0.001184 0.000765 0.000489 0.000310 0.000194 0.000121 0.000075 0.000048 0.000032 0.000025 0.000025 
0.000019 0.000019 0.000025 0.000038 0.000060 0.000098 0.000159 0.000256 0.000408 0.000645 0.001008 0.001559 0.002386 0.003611 0.005406 0.008007 0.011731 0.017001 0.024373 0.034561 0.048476 0.067255 0.092290 0.125264 0.168162 0.223282 0.293225 0.380855 0.489247 0.621583 0.781031 0.970578 1.192839 1.449832 1.742746 2.071699 2.435522 2.831567 3.255575 3.701618 4.162131 4.628047 5.089032 5.533834 5.950707 6.327921 6.654296 6.919757 7.115840 7.236152 7.276707 7.236152 7.115840 6.919757 6.654296 6.327921 5.950707 5.533834 5.089032 4.628047 4.162131 3.701618 3.255575 2.831567 2.435522 2.071699 1.742746 1.449832 1.192839 0.970578 0.781031 0.621583 0.489247 0.380855 0.293225 0.223282 0.168162 0.125264 0.092290 0.067255 0.048476 0.034561 0.024373 0.017001 0.011731 0.008007 0.005406 0.003611 0.002386 0.001559 0.001008 0.000645 0.000408 0.000256 0.000160 0.000099 0.000063 0.000042 0.000033 0.000033 
0.000025 0.000025 0.000033 0.000049 0.000078 0.000127 0.000207 0.000333 0.000532 0.000841 0.001314 0.002031 0.003107 0.004701 0.007038 0.010421 0.015265 0.022118 0.031702 0.044945 0.063029 0.087427 0.119950 0.162778 0.218487 0.290056 0.380855 0.494601 0.635273 0.806997 1.013875 1.259775 1.548079 1.881397 2.261262 2.687823 3.159554 3.673018 4.222690 4.800884 5.397793 6.001666 6.599115 7.175559 7.715785 8.204598 8.627519 8.971496 9.225572 9.381463 9.434011 9.381463 9.225572 8.971496 8.627519 8.204598 7.715785 7.175559 6.599115 6.001666 5.397793 4.800884 4.222690 3.673018 3.159554 2.687823 2.261262 1.881397 1.548079 1.259775 1.013875 0.806997 0.635273 0.494601 0.380855 0.290056 0.218487 0.162778 0.119950 0.087427 0.063029 0.044945 0.031702 0.022118 0.015265 0.010421 0.007038 0.004701 0.003107 0.002031 0.001314 0.000841 0.000533 0.000334 0.000208 0.000130 0.000082 0.000055 0.000043 0.000043 
0.000033 0.000033 0.000042 0.000063 0.000101 0.000165 0.000267 0.000430 0.000686 0.001083 0.001693 0.002617 0.004002 0.006054 0.009060 0.013413 0.019644 0.028457 0.040780 0.057804 0.081046 0.112399 0.154186 0.209202 0.280754 0.372661 0.489247 0.635273 0.815843 1.036242 1.301725 1.617246 1.987134 2.414727 2.901982 3.449080 4.054058 4.712500 5.417317 6.158651 6.923931 7.698091 8.463973 9.202892 9.895356 10.521894 11.063959 11.504830 11.830469 12.030267 12.097615 12.030267 11.830469 11.504830 11.063959 10.521894 9.895356 9.202892 8.463973 7.698091 6.923931 6.158651 5.417317 4.712500 4.054058 3.449080 2.901982 2.414727 1.987134 1.617246 1.301725 1.036242 0.815843 0.635273 0.489247 0.372661 0.280754 0.209202 0.154186 0.112399 0.081046 0.057804 0.040780 0.028457 0.019644 0.013413 0.009060 0.006054 0.004002 0.002617 0.001693 0.001084 0.000687 0.000431 0.000268 0.000167 0.000106 0.000072 0.000056 0.000056 
0.000042 0.000042 0.000054 0.000081 0.000129 0.000210 0.000340 0.000548 0.000875 0.001381 0.002157 0.003334 0.005097 0.007709 0.011535 0.017074 0.024999 0.036209 0.051877 0.073521 0.103065 0.142912 0.196010 0.265908 0.356798 0.473530 0.621583 0.806997 1.036242 1.316017 1.652980 2.053407 2.522778 3.065318 3.683497 4.377533 5.144928 5.980072 6.873968 7.814113 8.784561 9.766214 10.737318 11.674191 12.552127 13.346452 14.033661 14.592567 15.005384 15.258667 15.344042 15.258667 15.005384 14.592567 14.033661 13.346452 12.552127 11.674191 10.737318 9.766214 8.784561 7.814113 6.873968 5.980072 5.144928 4.377533 3.683497 3.065318 2.522778 2.053407 1.652980 1.316017 1.036242 0.806997 0.621583 0.473530 0.356798 0.265908 0.196010 0.142912 0.103065 0.073521 0.051877 0.036209 0.024999 0.017074 0.011535 0.007709 0.005097 0.003334 0.002157 0.001381 0.000875 0.000549 0.000342 0.000213 0.000135 0.000091 0.000072 0.000072 
0.000053 0.000053 0.000068 0.000102 0.000163 0.000265 0.000429 0.000691 0.001103 0.001740 0.002718 0.004200 0.006420 0.009708 0.014523 0.021492 0.031463 0.045562 0.065266 0.092480 0.129620 0.179704 0.246432 0.334260 0.448448 0.595080 0.781031 1.013875 1.301725 1.652980 2.075985 2.578602 3.167698 3.848557 4.624265 5.495084 6.457866 7.505564 8.626888 9.806147 11.023343 12.254523 13.472413 14.647319 15.748271 16.744340 17.606064 18.306886 18.824515 19.142103 19.249153 19.142103 18.824515 18.306886 17.606064 16.744340 15.748271 14.647319 13.472413 12.254523 11.023343 9.806147 8.626888 7.505564 6.457866 5.495084 4.624265 3.848557 3.167698 2.578602 2.075985 1.652980 1.301725 1.013875 0.781031 0.595080 0.448448 0.334260 0.246432 0.179704 0.129620 0.092480 0.065266 0.045562 0.031463 0.021492 0.014523 0.009708 0.006420 0.004200 0.002718 0.001741 0.001103 0.000693 0.000432 0.000269 0.000171 0.000115 0.000090 0.000090 
0.000066 0.000066 0.000085 0.000128 0.000203 0.000330 0.000536 0.000862 0.001375 0.002169 0.003387 0.005232 0.007996 0.012089 0.018082 0.026753 0.039158 0.056696 0.081201 0.115040 0.161215 0.223473 0.306407 0.415549 0.557429 0.739596 0.970578 1.259775 1.617246 2.053407 2.578602 3.202578 3.933838 4.778926 5.741656 6.822334 8.017044 9.317029 10.708273 12.171304 13.681314 15.208590 16.719306 18.176643 19.542198 20.777622 21.846390 22.715578 23.357552 23.751427 23.884191 23.751427 23.357552 22.715578 21.846390 20.777622 19.542198 18.176643 16.719306 15.208590 13.681314 12.171304 10.708273 9.317029 8.017044 6.822334 5.741656 4.778926 3.933838 3.202578 2.578602 2.053407 1.617246 1.259775 0.970578 0.739596 0.557429 0.415549 0.306407 0.223473 0.161215 0.115040 0.081201 0.056696 0.039158 0.026753 0.018082 0.012089 0.007996 0.005232 0.003387 0.002170 0.001376 0.000864 0.000539 0.000336 0.000213 0.000144 0.000113 0.000113 
0.000082 0.000082 0.000105 0.000157 0.000251 0.000407 0.000660 0.001063 0.001694 0.002673 0.004173 0.006445 0.009848 0.014887 0.022262 0.032933 0.048195 0.069768 0.099908 0.141520 0.198294 0.274830 0.376770 0.510905 0.685252 0.909074 1.192839 1.548079 1.987134 2.522778 3.167698 3.933838 4.831621 5.869058 7.050812 8.377242 9.843523 11.438899 13.146156 14.941400 16.794186 18.668064 20.521540 22.309453 23.984705 25.500269 26.811351 27.877584 28.665082 29.148236 29.311093 29.148236 28.665082 27.877584 26.811351 25.500269 23.984705 22.309453 20.521540 18.668064 16.794186 14.941400 13.146156 11.438899 9.843523 8.377242 7.050812 5.869058 4.831621 3.933838 3.167698 2.522778 1.987134 1.548079 1.192839 0.909074 0.685252 0.510905 0.376770 0.274830 0.198294 0.141520 0.099908 0.069768 0.048195 0.032933 0.022262 0.014887 0.009849 0.006446 0.004173 0.002674 0.001696 0.001065 0.000664 0.000414 0.000263 0.000178 0.000139 0.000139 
0.000100 0.000100 0.000128 0.000192 0.000306 0.000497 0.000805 0.001296 0.002065 0.003258 0.005085 0.007851 0.011995 0.018128 0.027105 0.040090 0.058659 0.084903 0.121562 0.172167 0.241201 0.334251 0.458170 0.621204 0.833084 1.105059 1.449832 1.881397 2.414727 3.065318 3.848557 4.778926 5.869058 7.128658 8.563362 10.173588 11.953460 13.889906 15.962024 18.140807 20.389308 22.663297 24.912432 27.081925 29.114645 30.953550 32.544310 33.837964 34.793418 35.379611 35.577199 35.379611 34.793418 33.837964 32.544310 30.953550 29.114645 27.081925 24.912432 22.663297 20.389308 18.140807 15.962024 13.889906 11.953460 10.173588 8.563362 7.128658 5.869058 4.778926 3.848557 3.065318 2.414727 1.881397 1.449832 1.105059 0.833084 0.621204 0.458170 0.334251 0.241201 0.172167 0.121562 0.084903 0.058659 0.040090 0.027105 0.018129 0.011995 0.007852 0.005085 0.003258 0.002067 0.001298 0.000810 0.000505 0.000321 0.000217 0.000170 0.000170 
0.000120 0.000120 0.000155 0.000232 0.000369 0.000599 0.000971 0.001562 0.002489 0.003925 0.006126 0.009458 0.014446 0.021830 0.032633 0.048260 0.070601 0.102173 0.146267 0.207129 0.290141 0.402019 0.550991 0.746963 1.001619 1.328462 1.742746 2.261262 2.901982 3.683497 4.624265 5.741656 7.050812 8.563362 10.286050 12.219353 14.356195 16.680867 19.168266 21.783567 24.482419 27.211742 29.911124 32.514828 34.954307 37.161127 39.070113 40.622530 41.769083 42.472514 42.709617 42.472514 41.769083 40.622530 39.070113 37.161127 34.954307 32.514828 29.911124 27.211742 24.482419 21.783567 19.168266 16.680867 14.356195 12.219353 10.286050 8.563362 7.050812 5.741656 4.624265 3.683497 2.901982 2.261262 1.742746 1.328462 1.001619 0.746963 0.550991 0.402019 0.290141 0.207129 0.146267 0.102173 0.070601 0.048260 0.032633 0.021830 0.014446 0.009458 0.006126 0.003926 0.002491 0.001565 0.000977 0.000609 0.000387 0.000261 0.000205 0.000205 
0.000143 0.000143 0.000184 0.000276 0.000441 0.000714 0.001158 0.001862 0.002966 0.004677 0.007298 0.011265 0.017204 0.025993 0.038851 0.057447 0.084030 0.121589 0.174040 0.246425 0.345142 0.478168 0.655281 0.888242 1.190930 1.579380 2.071699 2.687823 3.449080 4.377533 5.495084 6.822334 8.377242 10.173588 12.219353 14.515076 17.052334 19.812456 22.765623 25.870484 29.074389 32.314328 35.518604 38.609201 41.504777 44.124129 46.389923 48.232471 49.593285 50.428162 50.709571 50.428162 49.593285 48.232471 46.389923 44.124129 41.504777 38.609201 35.518604 32.314328 29.074389 25.870484 22.765623 19.812456 17.052334 14.515076 12.219353 10.173588 8.377242 6.822334 5.495084 4.377533 3.449080 2.687823 2.071699 1.579380 1.190930 0.888242 0.655281 0.478168 0.345142 0.246425 0.174040 0.121589 0.084030 0.057447 0.038852 0.025993 0.017204 0.011265 0.007298 0.004678 0.002968 0.001866 0.001164 0.000726 0.000461 0.000312 0.000245 0.000245 
0.000169 0.000169 0.000218 0.000326 0.000520 0.000842 0.001364 0.002194 0.003495 0.005510 0.008596 0.013268 0.020260 0.030606 0.045739 0.067622 0.098899 0.143086 0.204784 0.289920 0.406013 0.562435 0.770674 1.044546 1.400352 1.856924 2.435522 3.159554 4.054058 5.144928 6.457866 8.017044 9.843523 11.953460 14.356195 17.052334 20.031959 23.273124 26.740802 30.386429 34.148185 37.952100 41.714010 45.342342 48.741628 51.816564 54.476395 56.639341 58.236766 59.216799 59.547134 59.216799 58.236766 56.639341 54.476395 51.816564 48.741628 45.342342 41.714010 37.952100 34.148185 30.386429 26.740802 23.273124 20.031959 17.052334 14.356195 11.953460 9.843523 8.017044 6.457866 5.144928 4.054058 3.159554 2.435522 1.856924 1.400352 1.044546 0.770674 0.562435 0.406013 0.289920 0.204784 0.143086 0.098899 0.067622 0.045739 0.030606 0.020260 0.013268 0.008597 0.005512 0.003498 0.002199 0.001372 0.000856 0.000544 0.000368 0.000289 0.000289 
0.000198 0.000198 0.000254 0.000380 0.000606 0.000982 0.001590 0.002557 0.004072 0.006419 0.010013 0.015452 0.023592 0.035634 0.053247 0.078711 0.115103 0.166510 0.238280 0.337303 0.472316 0.654211 0.896336 1.214742 1.628365 2.159075 2.831567 3.673018 4.712500 5.980072 7.505564 9.317029 11.438899 13.889906 16.680867 19.812456 23.273124 27.037364 31.064478 35.298063 39.666329 44.083388 48.451526 52.664436 56.611296 60.181479 63.269644 65.780868 67.635491 68.773309 69.156825 68.773309 67.635491 65.780868 63.269644 60.181479 56.611296 52.664436 48.451526 44.083388 39.666329 35.298063 31.064478 27.037364 23.273124 19.812456 16.680867 13.889906 11.438899 9.317029 7.505564 5.980072 4.712500 3.673018 2.831567 2.159075 1.628365 1.214742 0.896336 0.654211 0.472316 0.337303 0.238280 0.166510 0.115103 0.078711 0.053247 0.035634 0.023592 0.015453 0.010014 0.006421 0.004075 0.002562 0.001600 0.000998 0.000634 0.000429 0.000337 0.000337 
0.000228 0.000228 0.000293 0.000438 0.000698 0.001132 0.001833 0.002946 0.004692 0.007395 0.011532 0.017794 0.027164 0.041025 0.061295 0.090597 0.132469 0.191610 0.274168 0.388065 0.543340 0.752513 1.030920 1.397004 1.872519 2.482589 3.255575 4.222690 5.417317 6.873968 8.626888 10.708273 13.146156 15.962024 19.168266 22.765623 26.740802 31.064478 35.689893 40.552252 45.569109 50.641829 55.658212 60.496199 65.028553 69.128268 72.674411 75.558014 77.687629 78.994145 79.434523 78.994145 77.687629 75.558014 72.674411 69.128268 65.028553 60.496199 55.658212 50.641829 45.569109 40.552252 35.689893 31.064478 26.740802 22.765623 19.168266 15.962024 13.146156 10.708273 8.626888 6.873968 5.417317 4.222690 3.255575 2.482589 1.872519 1.397004 1.030920 0.752513 0.543340 0.388065 0.274168 0.191610 0.132469 0.090597 0.061295 0.041025 0.027165 0.017795 0.011533 0.007396 0.004695 0.002952 0.001843 0.001151 0.000731 0.000494 0.000388 0.000388 
0.000260 0.000260 0.000334 0.000500 0.000796 0.001290 0.002088 0.003357 0.005344 0.008422 0.013133 0.020262 0.030928 0.046703 0.069771 0.103114 0.150755 0.218037 0.311950 0.441498 0.618095 0.855969 1.172546 1.588786 2.129404 2.822942 3.701618 4.800884 6.158651 7.814113 9.806147 12.171304 14.941400 18.140807 21.783567 25.870484 30.386429 35.298063 40.552252 46.075389 51.773822 57.535527 63.233081 68.727877 73.875433 78.531539 82.558881 85.833737 88.252280 89.736044 90.236164 89.736044 88.252280 85.833737 82.558881 78.531539 73.875433 68.727877 63.233081 57.535527 51.773822 46.075389 40.552252 35.298063 30.386429 25.870484 21.783567 18.140807 14.941400 12.171304 9.806147 7.814113 6.158651 4.800884 3.701618 2.822942 2.129404 1.588786 1.172546 0.855969 0.618095 0.441498 0.311950 0.218037 0.150755 0.103114 0.069771 0.046704 0.030928 0.020263 0.013134 0.008424 0.005348 0.003363 0.002100 0.001311 0.000833 0.000564 0.000443 0.000443 
0.000293 0.000293 0.000376 0.000563 0.000897 0.001453 0.002352 0.003781 0.006019 0.009485 0.014789 0.022814 0.034818 0.052573 0.078531 0.116049 0.169650 0.245342 0.350983 0.496697 0.695313 0.962822 1.318812 1.786835 2.394662 3.174363 4.162131 5.397793 6.923931 8.784561 11.023343 13.681314 16.794186 20.389308 24.482419 29.074389 34.148185 39.666329 45.569109 51.773822 58.175260 64.647591 71.047694 77.219896 83.001932 88.231853 92.755457 96.433809 99.150318 100.816873 101.378603 100.816873 99.150318 96.433809 92.755457 88.231853 83.001932 77.219896 71.047694 64.647591 58.175260 51.773822 45.569109 39.666329 34.148185 29.074389 24.482419 20.389308 16.794186 13.681314 11.023343 8.784561 6.923931 5.397793 4.162131 3.174363 2.394662 1.786835 1.318812 0.962822 0.695313 0.496697 0.350983 0.245342 0.169650 0.116049 0.078531 0.052573 0.034819 0.022814 0.014790 0.009487 0.006024 0.003789 0.002366 0.001477 0.000939 0.000635 0.000499 0.000499 
0.000326 0.000326 0.000419 0.000627 0.000999 0.001619 0.002620 0.004211 0.006703 0.010562 0.016466 0.025398 0.038759 0.058518 0.087403 0.129148 0.188782 0.272986 0.390498 0.552572 0.773470 1.070969 1.466836 1.987249 2.663068 3.529930 4.628047 6.001666 7.698091 9.766214 12.254523 15.208590 18.668064 22.663297 27.211742 32.314328 37.952100 44.083388 50.641829 57.535527 64.647591 71.838232 78.948462 85.805360 92.228696 98.038588 103.063772 107.149939 110.167600 112.018901 112.642899 112.018901 110.167600 107.149939 103.063772 98.038588 92.228696 85.805360 78.948462 71.838232 64.647591 57.535527 50.641829 44.083388 37.952100 32.314328 27.211742 22.663297 18.668064 15.208590 12.254523 9.766214 7.698091 6.001666 4.628047 3.529930 2.663068 1.987249 1.466836 1.070969 0.773470 0.552572 0.390498 0.272986 0.188782 0.129148 0.087403 0.058518 0.038760 0.025399 0.016467 0.010564 0.006708 0.004220 0.002636 0.001646 0.001046 0.000708 0.000556 0.000556 
0.000360 0.000360 0.000462 0.000691 0.001101 0.001783 0.002886 0.004637 0.007381 0.011628 0.018127 0.027958 0.042663 0.064405 0.096189 0.142118 0.207725 0.300355 0.429617 0.607882 0.850832 1.178005 1.613331 2.185579 2.928667 3.881755 5.089032 6.599115 8.463973 10.737318 13.472413 16.719306 20.521540 24.912432 29.911124 35.518604 41.714010 48.451526 55.658212 63.233081 71.047694 78.948462 86.760714 94.294482 101.351774 107.734989 113.255996 117.745294 121.060646 123.094568 123.780119 123.094568 121.060646 117.745294 113.255996 107.734989 101.351774 94.294482 86.760714 78.948462 71.047694 63.233081 55.658212 48.451526 41.714010 35.518604 29.911124 24.912432 20.521540 16.719306 13.472413 10.737318 8.463973 6.599115 5.089032 3.881755 2.928667 2.185579 1.613331 1.178005 0.850832 0.607882 0.429617 0.300355 0.207725 0.142118 0.096189 0.064405 0.042663 0.027959 0.018129 0.011631 0.007386 0.004647 0.002903 0.001813 0.001152 0.000780 0.000613 0.000613 
