0.000000 0.000000 0.000000 0.000000 0.000000 0.000000 0.000000 0.000000 0.000000 0.000000 0.000000 0.000000 0.000000 0.000000 0.000000 0.000000 0.000000 0.000000 0.000000 0.000000 0.000000 0.000000 0.000001 0.000001 0.000001 0.000001 0.000002 0.000003 0.000004 0.000005 0.000006 0.000008 0.000011 0.000013 0.000016 0.000020 0.000024 0.000029 0.000034 0.000040 0.000046 0.000052 0.000058 0.000064 0.000070 0.000076 0.000080 0.000084 0.000087 0.000089 0.000089 0.000089 0.000087 0.000084 0.000080 0.000076 0.000070 0.000064 0.000058 0.000052 0.000046 0.000040 0.000034 0.000029 0.000024 0.000020 0.000016 0.000013 0.000011 0.000008 0.000006 0.000005 0.000004 0.000003 0.000002 0.000001 0.000001 0.000001 0.000001 0.000000 0.000000 0.000000 0.000000 0.000000 0.000000 0.000000 0.000000 0.000000 0.000000 0.000000 0.000000 0.000000 0.000000 0.000000 0.000000 0.000000 0.000000 0.000000 0.000000 0.000000 
0.000000 0.000000 0.000000 0.000000 0.000000 0.000000 0.000000 0.000000 0.000000 0.000000 0.000000 0.000000 0.000000 0.000000 0.000000 0.000000 0.000000 0.000000 0.000000 0.000000 0.000000 0.000000 0.000001 0.000001 0.000001 0.000001 0.000002 0.000003 0.000004 0.000005 0.000006 0.000008 0.000011 0.000013 0.000016 0.000020 0.000024 0.000029 0.000034 0.000040 0.000046 0.000052 0.000058 0.000064 0.000070 0.000076 0.000080 0.000084 0.000087 0.000089 0.000089 0.000089 0.000087 0.000084 0.000080 0.000076 0.000070 0.000064 0.000058 0.000052 0.000046 0.000040 0.000034 0.000029 0.000024 0.000020 0.000016 0.000013 0.000011 0.000008 0.000006 0.000005 0.000004 0.000003 0.000002 0.000001 0.000001 0.000001 0.000001 0.000000 0.000000 0.000000 0.000000 0.000000 0.000000 0.000000 0.000000 0.000000 0.000000 0.000000 0.000000 0.000000 0.000000 0.000000 0.000000 0.000000 0.000000 0.000000 0.000000 0.000000 
0.000000 0.000000 0.000000 0.000000 0.000000 0.000000 0.000000 0.000000 0.000000 0.000000 0.000000 0.000000 0.000000 0.000000 0.000000 0.000000 0.000000 0.000000 0.000000 0.000000 0.000000 0.000000 0.000001 0.000001 0.000001 0.000002 0.000003 0.000004 0.000005 0.000007 0.000009 0.000011 0.000015 0.000018 0.000023 0.000028 0.000034 0.000040 0.000047 0.000055 0.000063 0.000072 0.000080 0.000089 0.000096 0.000104 0.000110 0.000115 0.000119 0.000121 0.000122 0.000121 0.000119 0.000115 0.000110 0.000104 0.000096 0.000089 0.000080 0.000072 0.000063 0.000055 0.000047 0.000040 0.000034 0.000028 0.000023 0.000018 0.000015 0.000011 0.000009 0.000007 0.000005 0.000004 0.000003 0.000002 0.000001 0.000001 0.000001 0.000000 0.000000 0.000000 0.000000 0.000000 0.000000 0.000000 0.000000 0.000000 0.000000 0.000000 0.000000 0.000000 0.000000 0.000000 0.000000 0.000000 0.000000 0.000000 0.000000 0.000000 
0.000000 0.000000 0.000000 0.000000 0.000000 0.000000 0.000000 0.000000 0.000000 0.000000 0.000000 0.000000 0.000000 0.000000 0.000000 0.000000 0.000000 0.000000 0.000000 0.000000 0.000001 0.000001 0.000001 0.000002 0.000002 0.000003 0.000005 0.000006 0.000008 0.000011 0.000014 0.000019 0.000024 0.000030 0.000037 0.000045 0.000055 0.000066 0.000077 0.000090 0.000103 0.000117 0.000131 0.000144 0.000157 0.000169 0.000179 0.000188 0.000194 0.000198 0.000199 0.000198 0.000194 0.000188 0.000179 0.000169 0.000157 0.000144 0.000131 0.000117 0.000103 0.000090 0.000077 0.000066 0.000055 0.000045 0.000037 0.000030 0.000024 0.000019 0.000014 0.000011 0.000008 0.000006 0.000005 0.000003 0.000002 0.000002 0.000001 0.000001 0.000001 0.000000 0.000000 0.000000 0.000000 0.000000 0.000000 0.000000 0.000000 0.000000 0.000000 0.000000 0.000000 0.000000 0.000000 0.000000 0.000000 0.000000 0.000000 0.000000 
0.000000 0.000000 0.000000 0.000000 0.000000 0.000000 0.000000 0.000000 0.000000 0.000000 0.000000 0.000000 0.000000 0.000000 0.000000 0.000000 0.000000 0.000000 0.000000 0.000001 0.000001 0.000001 0.000002 0.000003 0.000004 0.000006 0.000008 0.000011 0.000014 0.000019 0.000025 0.000032 0.000041 0.000052 0.000064 0.000079 0.000095 0.000113 0.000134 0.000155 0.000178 0.000202 0.000226 0.000249 0.000272 0.000292 0.000310 0.000324 0.000335 0.000342 0.000344 0.000342 0.000335 0.000324 0.000310 0.000292 0.000272 0.000249 0.000226 0.000202 0.000178 0.000155 0.000134 0.000113 0.000095 0.000079 0.000064 0.000052 0.000041 0.000032 0.000025 0.000019 0.000014 0.000011 0.000008 0.000006 0.000004 0.000003 0.000002 0.000001 0.000001 0.000001 0.000000 0.000000 0.000000 0.000000 0.000000 0.000000 0.000000 0.000000 0.000000 0.000000 0.000000 0.000000 0.000000 0.000000 0.000000 0.000000 0.000000 0.000000 
0.000000 0.000000 0.000000 0.000000 0.000000 0.000000 0.000000 0.000000 0.000000 0.000000 0.000000 0.000000 0.000000 0.000000 0.000000 0.000000 0.000000 0.000000 0.000001 0.000001 0.000002 0.000002 0.000004 0.000005 0.000007 0.000010 0.000014 0.000019 0.000025 0.000034 0.000044 0.000056 0.000072 0.000090 0.000112 0.000137 0.000166 0.000198 0.000234 0.000272 0.000312 0.000353 0.000395 0.000435 0.000474 0.000509 0.000540 0.000566 0.000585 0.000596 0.000600 0.000596 0.000585 0.000566 0.000540 0.000509 0.000474 0.000435 0.000395 0.000353 0.000312 0.000272 0.000234 0.000198 0.000166 0.000137 0.000112 0.000090 0.000072 0.000056 0.000044 0.000034 0.000025 0.000019 0.000014 0.000010 0.000007 0.000005 0.000004 0.000002 0.000002 0.000001 0.000001 0.000000 0.000000 0.000000 0.000000 0.000000 0.000000 0.000000 0.000000 0.000000 0.000000 0.000000 0.000000 0.000000 0.000000 0.000000 0.000000 0.000000 
0.000000 0.000000 0.000000 0.000000 0.000000 0.000000 0.000000 0.000000 0.000000 0.000000 0.000000 0.000000 0.000000 0.000000 0.000000 0.000000 0.000001 0.000001 0.000001 0.000002 0.000003 0.000004 0.000006 0.000009 0.000013 0.000018 0.000024 0.000033 0.000044 0.000058 0.000076 0.000098 0.000125 0.000157 0.000195 0.000239 0.000289 0.000345 0.000406 0.000472 0.000541 0.000613 0.000685 0.000756 0.000823 0.000884 0.000938 0.000982 0.001015 0.001035 0.001042 0.001035 0.001015 0.000982 0.000938 0.000884 0.000823 0.000756 0.000685 0.000613 0.000541 0.000472 0.000406 0.000345 0.000289 0.000239 0.000195 0.000157 0.000125 0.000098 0.000076 0.000058 0.000044 0.000033 0.000024 0.000018 0.000013 0.000009 0.000006 0.000004 0.000003 0.000002 0.000001 0.000001 0.000001 0.000000 0.000000 0.000000 0.000000 0.000000 0.000000 0.000000 0.000000 0.000000 0.000000 0.000000 0.000000 0.000000 0.000000 0.000000 
0.000000 0.000000 0.000000 0.000000 0.000000 0.000000 0.000000 0.000000 0.000000 0.000000 0.000000 0.000000 0.000000 0.000000 0.000000 0.000001 0.000001 0.000002 0.000002 0.000003 0.000005 0.000007 0.000011 0.000015 0.000022 0.000030 0.000042 0.000057 0.000076 0.000101 0.000132 0.000170 0.000216 0.000271 0.000336 0.000412 0.000497 0.000593 0.000698 0.000812 0.000931 0.001054 0.001178 0.001299 0.001415 0.001520 0.001612 0.001688 0.001744 0.001779 0.001790 0.001779 0.001744 0.001688 0.001612 0.001520 0.001415 0.001299 0.001178 0.001054 0.000931 0.000812 0.000698 0.000593 0.000497 0.000412 0.000336 0.000271 0.000216 0.000170 0.000132 0.000101 0.000076 0.000057 0.000042 0.000030 0.000022 0.000015 0.000011 0.000007 0.000005 0.000003 0.000002 0.000002 0.000001 0.000001 0.000000 0.000000 0.000000 0.000000 0.000000 0.000000 0.000000 0.000000 0.000000 0.000000 0.000000 0.000000 0.000000 0.000000 
0.000000 0.000000 0.000000 0.000000 0.000000 0.000000 0.000000 0.000000 0.000000 0.000000 0.000000 0.000000 0.000000 0.000000 0.000001 0.000001 0.000002 0.000003 0.000004 0.000006 0.000009 0.000013 0.000019 0.000026 0.000037 0.000052 0.000071 0.000097 0.000130 0.000172 0.000224 0.000289 0.000368 0.000462 0.000572 0.000701 0.000846 0.001009 0.001188 0.001380 0.001583 0.001792 0.002002 0.002208 0.002404 0.002583 0.002739 0.002868 0.002963 0.003021 0.003041 0.003021 0.002963 0.002868 0.002739 0.002583 0.002404 0.002208 0.002002 0.001792 0.001583 0.001380 0.001188 0.001009 0.000846 0.000701 0.000572 0.000462 0.000368 0.000289 0.000224 0.000172 0.000130 0.000097 0.000071 0.000052 0.000037 0.000026 0.000019 0.000013 0.000009 0.000006 0.000004 0.000003 0.000002 0.000001 0.000001 0.000000 0.000000 0.000000 0.000000 0.000000 0.000000 0.000000 0.000000 0.000000 0.000000 0.000000 0.000000 0.000000 
0.000000 0.000000 0.000000 0.000000 0.000000 0.000000 0.000000 0.000000 0.000000 0.000000 0.000000 0.000000 0.000000 0.000001 0.000001 0.000002 0.000003 0.000004 0.000007 0.000010 0.000015 0.000022 0.000031 0.000045 0.000063 0.000088 0.000121 0.000163 0.000219 0.000289 0.000378 0.000487 0.000619 0.000777 0.000963 0.001178 0.001423 0.001697 0.001997 0.002320 0.002660 0.003010 0.003363 0.003709 0.004037 0.004337 0.004599 0.004814 0.004974 0.005072 0.005105 0.005072 0.004974 0.004814 0.004599 0.004337 0.004037 0.003709 0.003363 0.003010 0.002660 0.002320 0.001997 0.001697 0.001423 0.001178 0.000963 0.000777 0.000619 0.000487 0.000378 0.000289 0.000219 0.000163 0.000121 0.000088 0.000063 0.000045 0.000031 0.000022 0.000015 0.000010 0.000007 0.000004 0.000003 0.000002 0.000001 0.000001 0.000000 0.000000 0.000000 0.000000 0.000000 0.000000 0.000000 0.000000 0.000000 0.000000 0.000000 0.000000 
0.000000 0.000000 0.000000 0.000000 0.000000 0.000000 0.000000 0.000000 0.000000 0.000000 0.000000 0.000000 0.000001 0.000001 0.000002 0.000003 0.000005 0.000007 0.000011 0.000017 0.000025 0.000036 0.000052 0.000075 0.000105 0.000146 0.000201 0.000272 0.000365 0.000482 0.000628 0.000809 0.001029 0.001292 0.001601 0.001958 0.002364 0.002818 0.003316 0.003851 0.004415 0.004996 0.005581 0.006154 0.006697 0.007195 0.007629 0.007985 0.008250 0.008413 0.008468 0.008413 0.008250 0.007985 0.007629 0.007195 0.006697 0.006154 0.005581 0.004996 0.004415 0.003851 0.003316 0.002818 0.002364 0.001958 0.001601 0.001292 0.001029 0.000809 0.000628 0.000482 0.000365 0.000272 0.000201 0.000146 0.000105 0.000075 0.000052 0.000036 0.000025 0.000017 0.000011 0.000007 0.000005 0.000003 0.000002 0.000001 0.000001 0.000000 0.000000 0.000000 0.000000 0.000000 0.000000 0.000000 0.000000 0.000000 0.000000 0.000000 
0.000000 0.000000 0.000000 0.000000 0.000000 0.000000 0.000000 0.000000 0.000000 0.000000 0.000000 0.000001 0.000001 0.000002 0.000003 0.000005 0.000008 0.000012 0.000018 0.000028 0.000041 0.000060 0.000086 0.000123 0.000173 0.000241 0.000331 0.000448 0.000600 0.000792 0.001033 0.001330 0.001691 0.002122 0.002629 0.003214 0.003880 0.004624 0.005440 0.006317 0.007241 0.008193 0.009150 0.010088 0.010978 0.011793 0.012504 0.013087 0.013519 0.013786 0.013876 0.013786 0.013519 0.013087 0.012504 0.011793 0.010978 0.010088 0.009150 0.008193 0.007241 0.006317 0.005440 0.004624 0.003880 0.003214 0.002629 0.002122 0.001691 0.001330 0.001033 0.000792 0.000600 0.000448 0.000331 0.000241 0.000173 0.000123 0.000086 0.000060 0.000041 0.000028 0.000018 0.000012 0.000008 0.000005 0.000003 0.000002 0.000001 0.000001 0.000000 0.000000 0.000000 0.000000 0.000000 0.000000 0.000000 0.000000 0.000000 0.000000 
0.000000 0.000000 0.000000 0.000000 0.000000 0.000000 0.000000 0.000000 0.000000 0.000000 0.000001 0.000001 0.000002 0.000003 0.000005 0.000008 0.000013 0.000020 0.000030 0.000045 0.000067 0.000097 0.000140 0.000200 0.000282 0.000392 0.000538 0.000728 0.000974 0.001287 0.001678 0.002160 0.002744 0.003443 0.004264 0.005213 0.006292 0.007496 0.008816 0.010236 0.011731 0.013272 0.014821 0.016338 0.017778 0.019095 0.020245 0.021188 0.021888 0.022319 0.022464 0.022319 0.021888 0.021188 0.020245 0.019095 0.017778 0.016338 0.014821 0.013272 0.011731 0.010236 0.008816 0.007496 0.006292 0.005213 0.004264 0.003443 0.002744 0.002160 0.001678 0.001287 0.000974 0.000728 0.000538 0.000392 0.000282 0.000200 0.000140 0.000097 0.000067 0.000045 0.000030 0.000020 0.000013 0.000008 0.000005 0.000003 0.000002 0.000001 0.000001 0.000000 0.000000 0.000000 0.000000 0.000000 0.000000 0.000000 0.000000 0.000000 
0.000000 0.000000 0.000000 0.000000 0.000000 0.000000 0.000000 0.000000 0.000000 0.000001 0.000001 0.000002 0.000003 0.000005 0.000008 0.000013 0.000021 0.000032 0.000048 0.000072 0.000107 0.000157 0.000226 0.000322 0.000453 0.000630 0.000864 0.001170 0.001564 0.002065 0.002691 0.003463 0.004400 0.005518 0.006833 0.008351 0.010077 0.012004 0.014116 0.016386 0.018776 0.021239 0.023715 0.026140 0.028441 0.030546 0.032383 0.033889 0.035007 0.035696 0.035928 0.035696 0.035007 0.033889 0.032383 0.030546 0.028441 0.026140 0.023715 0.021239 0.018776 0.016386 0.014116 0.012004 0.010077 0.008351 0.006833 0.005518 0.004400 0.003463 0.002691 0.002065 0.001564 0.001170 0.000864 0.000630 0.000453 0.000322 0.000226 0.000157 0.000107 0.000072 0.000048 0.000032 0.000021 0.000013 0.000008 0.000005 0.000003 0.000002 0.000001 0.000001 0.000000 0.000000 0.000000 0.000000 0.000000 0.000000 0.000000 0.000000 
0.000000 0.000000 0.000000 0.000000 0.000000 0.000000 0.000000 0.000000 0.000001 0.000001 0.000002 0.000003 0.000005 0.000008 0.000013 0.000021 0.000033 0.000051 0.000077 0.000115 0.000170 0.000249 0.000359 0.000512 0.000720 0.000999 0.001370 0.001855 0.002480 0.003273 0.004265 0.005487 0.006968 0.008737 0.010816 0.013217 0.015945 0.018990 0.022326 0.025912 0.029688 0.033577 0.037487 0.041315 0.044948 0.048270 0.051171 0.053547 0.055312 0.056399 0.056765 0.056399 0.055312 0.053547 0.051171 0.048270 0.044948 0.041315 0.037487 0.033577 0.029688 0.025912 0.022326 0.018990 0.015945 0.013217 0.010816 0.008737 0.006968 0.005487 0.004265 0.003273 0.002480 0.001855 0.001370 0.000999 0.000720 0.000512 0.000359 0.000249 0.000170 0.000115 0.000077 0.000051 0.000033 0.000021 0.000013 0.000008 0.000005 0.000003 0.000002 0.000001 0.000001 0.000000 0.000000 0.000000 0.000000 0.000000 0.000000 0.000000 
0.000000 0.000000 0.000000 0.000000 0.000000 0.000000 0.000000 0.000001 0.000001 0.000002 0.000003 0.000005 0.000008 0.000013 0.000021 0.000033 0.000052 0.000080 0.000121 0.000181 0.000268 0.000391 0.000564 0.000803 0.001128 0.001567 0.002148 0.002907 0.003884 0.005125 0.006676 0.008586 0.010901 0.013665 0.016912 0.020662 0.024922 0.029675 0.034882 0.040478 0.046370 0.052437 0.058537 0.064507 0.070172 0.075353 0.079876 0.083581 0.086333 0.088027 0.088599 0.088027 0.086333 0.083581 0.079876 0.075353 0.070172 0.064507 0.058537 0.052437 0.046370 0.040478 0.034882 0.029675 0.024922 0.020662 0.016912 0.013665 0.010901 0.008586 0.006676 0.005125 0.003884 0.002907 0.002148 0.001567 0.001128 0.000803 0.000564 0.000391 0.000268 0.000181 0.000121 0.000080 0.000052 0.000033 0.000021 0.000013 0.000008 0.000005 0.000003 0.000002 0.000001 0.000001 0.000000 0.000000 0.000000 0.000000 0.000000 0.000000 
0.000000 0.000000 0.000000 0.000000 0.000000 0.000000 0.000001 0.000001 0.000002 0.000003 0.000005 0.000008 0.000013 0.000021 0.000033 0.000052 0.000081 0.000124 0.000188 0.000281 0.000415 0.000606 0.000874 0.001244 0.001748 0.002426 0.003324 0.004498 0.006009 0.007926 0.010321 0.013271 0.016846 0.021112 0.026121 0.031907 0.038477 0.045807 0.053836 0.062462 0.071543 0.080893 0.090292 0.099491 0.108218 0.116200 0.123167 0.128874 0.133112 0.135721 0.136602 0.135721 0.133112 0.128874 0.123167 0.116200 0.108218 0.099491 0.090292 0.080893 0.071543 0.062462 0.053836 0.045807 0.038477 0.031907 0.026121 0.021112 0.016846 0.013271 0.010321 0.007926 0.006009 0.004498 0.003324 0.002426 0.001748 0.001244 0.000874 0.000606 0.000415 0.000281 0.000188 0.000124 0.000081 0.000052 0.000033 0.000021 0.000013 0.000008 0.000005 0.000003 0.000002 0.000001 0.000001 0.000000 0.000000 0.000000 0.000000 0.000000 
0.000000 0.000000 0.000000 0.000000 0.000000 0.000000 0.000001 0.000002 0.000003 0.000004 0.000007 0.000012 0.000020 0.000032 0.000051 0.000080 0.000124 0.000190 0.000288 0.000431 0.000636 0.000928 0.001338 0.001904 0.002675 0.003710 0.005083 0.006875 0.009182 0.012107 0.015762 0.020261 0.025712 0.032216 0.039852 0.048669 0.058679 0.069844 0.082073 0.095209 0.109034 0.123269 0.137576 0.151576 0.164858 0.177004 0.187605 0.196288 0.202736 0.206706 0.208047 0.206706 0.202736 0.196288 0.187605 0.177004 0.164858 0.151576 0.137576 0.123269 0.109034 0.095209 0.082073 0.069844 0.058679 0.048669 0.039852 0.032216 0.025712 0.020261 0.015762 0.012107 0.009182 0.006875 0.005083 0.003710 0.002675 0.001904 0.001338 0.000928 0.000636 0.000431 0.000288 0.000190 0.000124 0.000080 0.000051 0.000032 0.000020 0.000012 0.000007 0.000004 0.000003 0.000002 0.000001 0.000000 0.000000 0.000000 0.000000 0.000000 
0.000000 0.000000 0.000000 0.000000 0.000000 0.000001 0.000001 0.000002 0.000004 0.000007 0.000011 0.000018 0.000030 0.000048 0.000077 0.000121 0.000188 0.000288 0.000436 0.000652 0.000963 0.001405 0.002023 0.002877 0.004041 0.005605 0.007676 0.010379 0.013857 0.018267 0.023775 0.030553 0.038764 0.048559 0.060054 0.073326 0.088391 0.105192 0.123588 0.143347 0.164141 0.185546 0.207058 0.228106 0.248073 0.266330 0.282265 0.295316 0.305007 0.310973 0.312988 0.310973 0.305007 0.295316 0.282265 0.266330 0.248073 0.228106 0.207058 0.185546 0.164141 0.143347 0.123588 0.105192 0.088391 0.073326 0.060054 0.048559 0.038764 0.030553 0.023775 0.018267 0.013857 0.010379 0.007676 0.005605 0.004041 0.002877 0.002023 0.001405 0.000963 0.000652 0.000436 0.000288 0.000188 0.000121 0.000077 0.000048 0.000030 0.000018 0.000011 0.000007 0.000004 0.000002 0.000001 0.000001 0.000000 0.000000 0.000000 0.000000 
0.000000 0.000000 0.000000 0.000000 0.000001 0.000001 0.000002 0.000003 0.000006 0.000010 0.000017 0.000028 0.000045 0.000072 0.000115 0.000181 0.000281 0.000431 0.000652 0.000975 0.001439 0.002098 0.003021 0.004296 0.006031 0.008362 0.011448 0.015475 0.020655 0.027220 0.035420 0.045506 0.057723 0.072292 0.089387 0.109120 0.131514 0.156484 0.183821 0.213180 0.244069 0.275865 0.307815 0.339072 0.368723 0.395831 0.419490 0.438866 0.453253 0.462111 0.465102 0.462111 0.453253 0.438866 0.419490 0.395831 0.368723 0.339072 0.307815 0.275865 0.244069 0.213180 0.183821 0.156484 0.131514 0.109120 0.089387 0.072292 0.057723 0.045506 0.035420 0.027220 0.020655 0.015475 0.011448 0.008362 0.006031 0.004296 0.003021 0.002098 0.001439 0.000975 0.000652 0.000431 0.000281 0.000181 0.000115 0.000072 0.000045 0.000028 0.000017 0.000010 0.000006 0.000003 0.000002 0.000001 0.000001 0.000000 0.000000 0.000000 
0.000000 0.000000 0.000000 0.000001 0.000001 0.000002 0.000003 0.000005 0.000009 0.000015 0.000025 0.000041 0.000067 0.000107 0.000170 0.000268 0.000415 0.000636 0.000963 0.001439 0.002124 0.003096 0.004456 0.006334 0.008890 0.012321 0.016863 0.022788 0.030407 0.040063 0.052118 0.066942 0.084895 0.106299 0.131409 0.160388 0.193268 0.229926 0.270052 0.313137 0.358465 0.405115 0.451988 0.497838 0.541328 0.581088 0.615785 0.644200 0.665297 0.678286 0.682672 0.678286 0.665297 0.644200 0.615785 0.581088 0.541328 0.497838 0.451988 0.405115 0.358465 0.313137 0.270052 0.229926 0.193268 0.160388 0.131409 0.106299 0.084895 0.066942 0.052118 0.040063 0.030407 0.022788 0.016863 0.012321 0.008890 0.006334 0.004456 0.003096 0.002124 0.001439 0.000963 0.000636 0.000415 0.000268 0.000170 0.000107 0.000067 0.000041 0.000025 0.000015 0.000009 0.000005 0.000003 0.000002 0.000001 0.000001 0.000000 0.000000 
0.000000 0.000000 0.000000 0.000001 0.000001 0.000002 0.000004 0.000007 0.000013 0.000022 0.000036 0.000060 0.000097 0.000157 0.000249 0.000391 0.000606 0.000928 0.001405 0.002098 0.003096 0.004511 0.006490 0.009222 0.012940 0.017930 0.024531 0.033142 0.044211 0.058235 0.075739 0.097260 0.123317 0.154375 0.190805 0.232839 0.280523 0.333676 0.391850 0.454306 0.520002 0.587608 0.655528 0.721962 0.784970 0.842569 0.892830 0.933991 0.964550 0.983364 0.989716 0.983364 0.964550 0.933991 0.892830 0.842569 0.784970 0.721962 0.655528 0.587608 0.520002 0.454306 0.391850 0.333676 0.280523 0.232839 0.190805 0.154375 0.123317 0.097260 0.075739 0.058235 0.044211 0.033142 0.024531 0.017930 0.012940 0.009222 0.006490 0.004511 0.003096 0.002098 0.001405 0.000928 0.000606 0.000391 0.000249 0.000157 0.000097 0.000060 0.000036 0.000022 0.000013 0.000008 0.000004 0.000003 0.000001 0.000001 0.000001 0.000001 
0.000001 0.000001 0.000001 0.000001 0.000002 0.000004 0.000006 0.000011 0.000019 0.000031 0.000052 0.000086 0.000140 0.000226 0.000359 0.000564 0.000874 0.001338 0.002023 0.003021 0.004456 0.006490 0.009336 0.013261 0.018602 0.025767 0.035244 0.047602 0.063485 0.083601 0.108704 0.139561 0.176913 0.221424 0.273625 0.333844 0.402147 0.478271 0.561572 0.650992 0.745041 0.841811 0.939022 1.034096 1.124261 1.206679 1.278594 1.337484 1.381205 1.408121 1.417210 1.408121 1.381205 1.337484 1.278594 1.206679 1.124261 1.034096 0.939022 0.841811 0.745041 0.650992 0.561572 0.478271 0.402147 0.333844 0.273625 0.221424 0.176913 0.139561 0.108704 0.083601 0.063485 0.047602 0.035244 0.025767 0.018602 0.013261 0.009336 0.006490 0.004456 0.003021 0.002023 0.001338 0.000874 0.000564 0.000359 0.000226 0.000140 0.000086 0.000052 0.000031 0.000019 0.000011 0.000006 0.000004 0.000002 0.000001 0.000001 0.000001 
0.000001 0.000001 0.000001 0.000002 0.000003 0.000005 0.000009 0.000015 0.000026 0.000045 0.000075 0.000123 0.000200 0.000322 0.000512 0.000803 0.001244 0.001904 0.002877 0.004296 0.006334 0.009222 0.013261 0.018832 0.026408 0.036569 0.050006 0.067522 0.090029 0.118528 0.154083 0.197778 0.250660 0.313664 0.387539 0.472747 0.569377 0.677054 0.794867 0.921316 1.054295 1.191106 1.328528 1.462916 1.590354 1.706835 1.808468 1.891689 1.953471 1.991506 2.004349 1.991506 1.953471 1.891689 1.808468 1.706835 1.590354 1.462916 1.328528 1.191106 1.054295 0.921316 0.794867 0.677054 0.569377 0.472747 0.387539 0.313664 0.250660 0.197778 0.154083 0.118528 0.090029 0.067522 0.050006 0.036569 0.026408 0.018832 0.013261 0.009222 0.006334 0.004296 0.002877 0.001904 0.001244 0.000803 0.000512 0.000322 0.000200 0.000123 0.000075 0.000045 0.000026 0.000016 0.000009 0.000005 0.000003 0.000002 0.000001 0.000001 
0.000001 0.000001 0.000001 0.000002 0.000004 0.000007 0.000013 0.000022 0.000037 0.000063 0.000105 0.000173 0.000282 0.000453 0.000720 0.001128 0.001748 0.002675 0.004041 0.006031 0.008890 0.012940 0.018602 0.026408 0.037021 0.051252 0.070066 0.094585 0.126083 0.165957 0.215693 0.276802 0.350742 0.438821 0.542076 0.661152 0.796167 0.946596 1.111163 1.287770 1.473474 1.664510 1.856379 2.043997 2.221898 2.384494 2.526355 2.642511 2.728741 2.781827 2.799751 2.781827 2.728741 2.642511 2.526355 2.384494 2.221898 2.043997 1.856379 1.664510 1.473474 1.287770 1.111163 0.946596 0.796167 0.661152 0.542076 0.438821 0.350742 0.276802 0.215693 0.165957 0.126083 0.094585 0.070066 0.051252 0.037021 0.026408 0.018602 0.012940 0.008890 0.006031 0.004041 0.002675 0.001748 0.001128 0.000720 0.000453 0.000282 0.000173 0.000105 0.000063 0.000037 0.000022 0.000013 0.000007 0.000004 0.000003 0.000002 0.000002 
0.000001 0.000001 0.000002 0.000003 0.000006 0.000010 0.000018 0.000030 0.000052 0.000088 0.000146 0.000241 0.000392 0.000630 0.000999 0.001567 0.002426 0.003710 0.005605 0.008362 0.012321 0.017930 0.025767 0.036569 0.051252 0.070935 0.096950 0.130845 0.174377 0.229473 0.298181 0.382583 0.484687 0.606293 0.748827 0.913172 1.099488 1.307044 1.534075 1.777688 2.033819 2.297278 2.561860 2.820559 3.065842 3.290009 3.485578 3.645705 3.764574 3.837750 3.862458 3.837750 3.764574 3.645705 3.485578 3.290009 3.065842 2.820559 2.561860 2.297278 2.033819 1.777688 1.534075 1.307044 1.099488 0.913172 0.748827 0.606293 0.484687 0.382583 0.298181 0.229473 0.174377 0.130845 0.096950 0.070935 0.051252 0.036569 0.025767 0.017930 0.012321 0.008362 0.005605 0.003710 0.002426 0.001567 0.000999 0.000630 0.000392 0.000241 0.000146 0.000088 0.000052 0.000030 0.000018 0.000010 0.000006 0.000004 0.000003 0.000003 
0.000002 0.000002 0.000003 0.000005 0.000008 0.000014 0.000024 0.000042 0.000071 0.000121 0.000201 0.000331 0.000538 0.000864 0.001370 0.002148 0.003324 0.005083 0.007676 0.011448 0.016863 0.024531 0.035244 0.050006 0.070066 0.096950 0.132472 0.178745 0.238160 0.313343 0.407080 0.522205 0.661451 0.827261 1.021575 1.245588 1.499511 1.782341 2.091670 2.423551 2.772448 3.131291 3.491633 3.843932 4.177940 4.483174 4.749456 4.967471 5.129308 5.228934 5.262572 5.228934 5.129308 4.967471 4.749456 4.483174 4.177940 3.843932 3.491633 3.131291 2.772448 2.423551 2.091670 1.782341 1.499511 1.245588 1.021575 0.827261 0.661451 0.522205 0.407080 0.313343 0.238160 0.178745 0.132472 0.096950 0.070066 0.050006 0.035244 0.024531 0.016863 0.011448 0.007676 0.005083 0.003324 0.002148 0.001370 0.000864 0.000538 0.000331 0.000201 0.000121 0.000071 0.000042 0.000024 0.000014 0.000008 0.000005 0.000004 0.000004 
0.000003 0.000003 0.000004 0.000006 0.000011 0.000019 0.000033 0.000057 0.000097 0.000163 0.000272 0.000448 0.000728 0.001170 0.001855 0.002907 0.004498 0.006875 0.010379 0.015475 0.022788 0.033142 0.047602 0.067522 0.094585 0.130845 0.178745 0.241128 0.321210 0.422524 0.548815 0.703893 0.891429 1.114703 1.376317 1.677870 2.019637 2.400261 2.816495 3.263022 3.732396 4.215103 4.699784 5.173612 5.622808 6.033284 6.391360 6.684519 6.902130 7.036089 7.081318 7.036089 6.902130 6.684519 6.391360 6.033284 5.622808 5.173612 4.699784 4.215103 3.732396 3.263022 2.816495 2.400261 2.019637 1.677870 1.376317 1.114703 0.891429 0.703893 0.548815 0.422524 0.321210 0.241128 0.178745 0.130845 0.094585 0.067522 0.047602 0.033142 0.022788 0.015475 0.010379 0.006875 0.004498 0.002907 0.001855 0.001170 0.000728 0.000448 0.000272 0.000163 0.000097 0.000057 0.000033 0.000019 0.000011 0.000007 0.000005 0.000005 
0.000004 0.000004 0.000005 0.000008 0.000014 0.000025 0.000044 0.000076 0.000130 0.000219 0.000365 0.000600 0.000974 0.001564 0.002480 0.003884 0.006009 0.009182 0.013857 0.020655 0.030407 0.044211 0.063485 0.090029 0.126083 0.174377 0.238160 0.321210 0.427801 0.562624 0.730654 0.936948 1.186374 1.483286 1.831126 2.232012 2.686297 3.192166 3.745295 4.338618 4.962234 5.603506 6.247347 6.876726 7.473347 8.018510 8.494058 8.883378 9.172362 9.350253 9.410314 9.350253 9.172362 8.883378 8.494058 8.018510 7.473347 6.876726 6.247347 5.603506 4.962234 4.338618 3.745295 3.192166 2.686297 2.232012 1.831126 1.483286 1.186374 0.936948 0.730654 0.562624 0.427801 0.321210 0.238160 0.174377 0.126083 0.090029 0.063485 0.044211 0.030407 0.020655 0.013857 0.009182 0.006009 0.003884 0.002480 0.001564 0.000974 0.000600 0.000365 0.000219 0.000130 0.000076 0.000044 0.000026 0.000015 0.000009 0.000007 0.000007 
0.000005 0.000005 0.000007 0.000011 0.000019 0.000034 0.000058 0.000101 0.000172 0.000289 0.000482 0.000792 0.001287 0.002065 0.003273 0.005125 0.007926 0.012107 0.018267 0.027220 0.040063 0.058235 0.083601 0.118528 0.165957 0.229473 0.313343 0.422524 0.562624 0.739799 0.960571 1.231569 1.559175 1.949088 2.405816 2.932120 3.528450 4.192413 4.918323 5.696899 6.515149 7.356492 8.201139 9.026754 9.809351 10.524412 11.148135 11.658744 12.037748 12.271049 12.349818 12.271049 12.037748 11.658744 11.148135 10.524412 9.809351 9.026754 8.201139 7.356492 6.515149 5.696899 4.918323 4.192413 3.528450 2.932120 2.405816 1.949088 1.559175 1.231569 0.960571 0.739799 0.562624 0.422524 0.313343 0.229473 0.165957 0.118528 0.083601 0.058235 0.040063 0.027220 0.018267 0.012107 0.007926 0.005125 0.003273 0.002065 0.001287 0.000792 0.000482 0.000289 0.000172 0.000101 0.000059 0.000034 0.000020 0.000012 0.000009 0.000009 
0.000006 0.000006 0.000009 0.000014 0.000025 0.000044 0.000076 0.000132 0.000224 0.000378 0.000628 0.001033 0.001678 0.002691 0.004265 0.006676 0.010321 0.015762 0.023775 0.035420 0.052118 0.075739 0.108704 0.154083 0.215693 0.298181 0.407080 0.548815 0.730654 0.960571 1.247013 1.598563 2.023480 2.529136 3.121355 3.803700 4.576736 5.437345 6.378147 7.387105 8.447378 9.537482 10.631787 11.701362 12.715148 13.641399 14.449303 15.110670 15.601562 15.903733 16.005754 15.903733 15.601562 15.110670 14.449303 13.641399 12.715148 11.701362 10.631787 9.537482 8.447378 7.387105 6.378147 5.437345 4.576736 3.803700 3.121355 2.529136 2.023480 1.598563 1.247013 0.960571 0.730654 0.548815 0.407080 0.298181 0.215693 0.154083 0.108704 0.075739 0.052118 0.035420 0.023775 0.015762 0.010321 0.006676 0.004265 0.002691 0.001678 0.001033 0.000628 0.000378 0.000224 0.000132 0.000077 0.000044 0.000026 0.000016 0.000012 0.000012 
0.000008 0.000008 0.000011 0.000019 0.000032 0.000056 0.000098 0.000170 0.000289 0.000487 0.000809 0.001330 0.002160 0.003463 0.005487 0.008586 0.013271 0.020261 0.030553 0.045506 0.066942 0.097260 0.139561 0.197778 0.276802 0.382583 0.522205 0.703893 0.936948 1.231569 1.598563 2.048903 2.593145 3.240706 3.999021 4.872628 5.862229 6.963814 8.167922 9.459137 10.815904 12.210734 13.610838 14.979214 16.276143 17.461034 18.494490 19.340471 19.968376 20.354879 20.485371 20.354879 19.968376 19.340471 18.494490 17.461034 16.276143 14.979214 13.610838 12.210734 10.815904 9.459137 8.167922 6.963814 5.862229 4.872628 3.999021 3.240706 2.593145 2.048903 1.598563 1.231569 0.936948 0.703893 0.522205 0.382583 0.276802 0.197778 0.139561 0.097260 0.066942 0.045506 0.030553 0.020261 0.013271 0.008586 0.005487 0.003463 0.002160 0.001330 0.000809 0.000487 0.000289 0.000170 0.000099 0.000057 0.000033 0.000021 0.000015 0.000015 
0.000011 0.000011 0.000015 0.000024 0.000041 0.000072 0.000125 0.000216 0.000368 0.000619 0.001029 0.001691 0.002744 0.004400 0.006968 0.010901 0.016846 0.025712 0.038764 0.057723 0.084895 0.123317 0.176913 0.250660 0.350742 0.484687 0.661451 0.891429 1.186374 1.559175 2.023480 2.593145 3.281494 4.100409 5.059263 6.163764 7.414775 8.807204 10.329075 11.960893 13.675412 15.437897 17.206926 18.935762 20.574245 22.071115 23.376627 24.445281 25.238439 25.726656 25.891489 25.726656 25.238439 24.445281 23.376627 22.071115 20.574245 18.935762 17.206926 15.437897 13.675412 11.960893 10.329075 8.807204 7.414775 6.163764 5.059263 4.100409 3.281494 2.593145 2.023480 1.559175 1.186374 0.891429 0.661451 0.484687 0.350742 0.250660 0.176913 0.123317 0.084895 0.057723 0.038764 0.025712 0.016846 0.010901 0.006968 0.004400 0.002744 0.001691 0.001029 0.000619 0.000368 0.000216 0.000126 0.000073 0.000043 0.000026 0.000019 0.000019 
0.000013 0.000013 0.000018 0.000030 0.000052 0.000090 0.000157 0.000271 0.000462 0.000777 0.001292 0.002122 0.003443 0.005518 0.008737 0.013665 0.021112 0.032216 0.048559 0.072292 0.106299 0.154375 0.221424 0.313664 0.438821 0.606293 0.827261 1.114703 1.483286 1.949088 2.529136 3.240706 4.100409 5.123048 6.320295 7.699243 9.260938 10.998999 12.898455 14.934962 17.074513 19.273762 21.481034 23.638034 25.682200 27.549610 29.178236 30.511342 31.500757 32.109768 32.315382 32.109768 31.500757 30.511342 29.178236 27.549610 25.682200 23.638034 21.481034 19.273762 17.074513 14.934962 12.898455 10.998999 9.260938 7.699243 6.320295 5.123048 4.100409 3.240706 2.529136 1.949088 1.483286 1.114703 0.827261 0.606293 0.438821 0.313664 0.221424 0.154375 0.106299 0.072292 0.048559 0.032216 0.021112 0.013665 0.008737 0.005518 0.003443 0.002122 0.001292 0.000777 0.000462 0.000271 0.000158 0.000091 0.000053 0.000033 0.000024 0.000024 
0.000016 0.000016 0.000023 0.000037 0.000064 0.000112 0.000195 0.000336 0.000572 0.000963 0.001601 0.002629 0.004264 0.006833 0.010816 0.016912 0.026121 0.039852 0.060054 0.089387 0.131409 0.190805 0.273625 0.387539 0.542076 0.748827 1.021575 1.376317 1.831126 2.405816 3.121355 3.999021 5.059263 6.320295 7.796469 9.496493 11.421622 13.563957 15.905023 18.414800 21.051372 23.761327 26.481004 29.138594 31.657046 33.957637 35.963986 37.606231 38.825061 39.575273 39.828557 39.575273 38.825061 37.606231 35.963986 33.957637 31.657046 29.138594 26.481004 23.761327 21.051372 18.414800 15.905023 13.563957 11.421622 9.496493 7.796469 6.320295 5.059263 3.999021 3.121355 2.405816 1.831126 1.376317 1.021575 0.748827 0.542076 0.387539 0.273625 0.190805 0.131409 0.089387 0.060054 0.039852 0.026121 0.016912 0.010816 0.006833 0.004264 0.002629 0.001601 0.000963 0.000573 0.000337 0.000196 0.000113 0.000066 0.000041 0.000030 0.000030 
0.000020 0.000020 0.000028 0.000045 0.000079 0.000137 0.000239 0.000412 0.000701 0.001178 0.001958 0.003214 0.005213 0.008351 0.013217 0.020662 0.031907 0.048669 0.073326 0.109120 0.160388 0.232839 0.333844 0.472747 0.661152 0.913172 1.245588 1.677870 2.232012 2.932120 3.803700 4.872628 6.163764 7.699243 9.496493 11.566072 13.909468 16.517031 19.366246 22.420561 25.628956 28.926442 32.235568 35.468986 38.532983 41.331820 43.772611 45.770408 47.253090 48.165696 48.473805 48.165696 47.253090 45.770408 43.772611 41.331820 38.532983 35.468986 32.235568 28.926442 25.628956 22.420561 19.366246 16.517031 13.909468 11.566072 9.496493 7.699243 6.163764 4.872628 3.803700 2.932120 2.232012 1.677870 1.245588 0.913172 0.661152 0.472747 0.333844 0.232839 0.160388 0.109120 0.073326 0.048669 0.031907 0.020662 0.013217 0.008351 0.005213 0.003214 0.001958 0.001178 0.000701 0.000412 0.000240 0.000139 0.000081 0.000051 0.000037 0.000037 
0.000024 0.000024 0.000034 0.000055 0.000095 0.000166 0.000289 0.000497 0.000846 0.001423 0.002364 0.003880 0.006292 0.010077 0.015945 0.024922 0.038477 0.058679 0.088391 0.131514 0.193268 0.280523 0.402147 0.569377 0.796167 1.099488 1.499511 2.019637 2.686297 3.528450 4.576736 5.862229 7.414775 9.260938 11.421622 13.909468 16.726220 19.860239 23.284435 26.954859 30.810193 34.772347 38.748275 42.633054 46.314130 49.676524 52.608692 55.008624 56.789723 57.885994 58.256109 57.885994 56.789723 55.008624 52.608692 49.676524 46.314130 42.633054 38.748275 34.772347 30.810193 26.954859 23.284435 19.860239 16.726220 13.909468 11.421622 9.260938 7.414775 5.862229 4.576736 3.528450 2.686297 2.019637 1.499511 1.099488 0.796167 0.569377 0.402147 0.280523 0.193268 0.131514 0.088391 0.058679 0.038477 0.024922 0.015945 0.010077 0.006292 0.003880 0.002364 0.001423 0.000847 0.000498 0.000290 0.000168 0.000098 0.000061 0.000045 0.000045 
0.000029 0.000029 0.000040 0.000066 0.000113 0.000198 0.000345 0.000593 0.001009 0.001697 0.002818 0.004624 0.007496 0.012004 0.018990 0.029675 0.045807 0.069844 0.105192 0.156484 0.229926 0.333676 0.478271 0.677054 0.946596 1.307044 1.782341 2.400261 3.192166 4.192413 5.437345 6.963814 8.807204 10.998999 13.563957 16.517031 19.860239 23.579724 27.643303 31.998799 36.573439 41.274568 45.991806 50.600697 54.967745 58.956592 62.434961 65.281887 67.394685 68.695104 69.134139 68.695104 67.394685 65.281887 62.434961 58.956592 54.967745 50.600697 45.991806 41.274568 36.573439 31.998799 27.643303 23.579724 19.860239 16.517031 13.563957 10.998999 8.807204 6.963814 5.437345 4.192413 3.192166 2.400261 1.782341 1.307044 0.946596 0.677054 0.478271 0.333676 0.229926 0.156484 0.105192 0.069844 0.045807 0.029675 0.018990 0.012004 0.007496 0.004624 0.002818 0.001697 0.001010 0.000594 0.000346 0.000200 0.000117 0.000073 0.000054 0.000054 
0.000034 0.000034 0.000047 0.000077 0.000134 0.000234 0.000406 0.000698 0.001188 0.001997 0.003316 0.005440 0.008816 0.014116 0.022326 0.034882 0.053836 0.082073 0.123588 0.183821 0.270052 0.391850 0.561572 0.794867 1.111163 1.534075 2.091670 2.816495 3.745295 4.918323 6.378147 8.167922 10.329075 12.898455 15.905023 19.366246 23.284435 27.643303 32.405099 37.508656 42.868694 48.376654 53.903234 59.302656 64.418570 69.091285 73.165899 76.500762 78.975637 80.498897 81.013163 80.498897 78.975637 76.500762 73.165899 69.091285 64.418570 59.302656 53.903234 48.376654 42.868694 37.508656 32.405099 27.643303 23.284435 19.366246 15.905023 12.898455 10.329075 8.167922 6.378147 4.918323 3.745295 2.816495 2.091670 1.534075 1.111163 0.794867 0.561572 0.391850 0.270052 0.183821 0.123588 0.082073 0.053836 0.034882 0.022326 0.014116 0.008816 0.005440 0.003316 0.001997 0.001188 0.000699 0.000407 0.000236 0.000138 0.000086 0.000063 0.000063 
0.000040 0.000040 0.000055 0.000090 0.000155 0.000272 0.000472 0.000812 0.001380 0.002320 0.003851 0.006317 0.010236 0.016386 0.025912 0.040478 0.062462 0.095209 0.143347 0.213180 0.313137 0.454306 0.650992 0.921316 1.287770 1.777688 2.423551 3.263022 4.338618 5.696899 7.387105 9.459137 11.960893 14.934962 18.414800 22.420561 26.954859 31.998799 37.508656 43.413629 49.615037 55.987288 62.380808 68.626988 74.545004 79.950181 84.663390 88.520839 91.383495 93.145414 93.740251 93.145414 91.383495 88.520839 84.663390 79.950181 74.545004 68.626988 62.380808 55.987288 49.615037 43.413629 37.508656 31.998799 26.954859 22.420561 18.414800 14.934962 11.960893 9.459137 7.387105 5.696899 4.338618 3.263022 2.423551 1.777688 1.287770 0.921316 0.650992 0.454306 0.313137 0.213180 0.143347 0.095209 0.062462 0.040478 0.025912 0.016386 0.010236 0.006317 0.003851 0.002320 0.001381 0.000812 0.000473 0.000274 0.000161 0.000100 0.000074 0.000074 
0.000046 0.000046 0.000063 0.000103 0.000178 0.000312 0.000541 0.000931 0.001583 0.002660 0.004415 0.007241 0.011731 0.018776 0.029688 0.046370 0.071543 0.109034 0.164141 0.244069 0.358465 0.520002 0.745041 1.054295 1.473474 2.033819 2.772448 3.732396 4.962234 6.515149 8.447378 10.815904 13.675412 17.074513 21.051372 25.628956 30.810193 36.573439 42.868694 49.615037 56.699719 63.979263 71.282821 78.417821 85.177757 91.351735 96.735208 101.141147 104.410802 106.423205 107.102603 106.423205 104.410802 101.141147 96.735208 91.351735 85.177757 78.417821 71.282821 63.979263 56.699719 49.615037 42.868694 36.573439 30.810193 25.628956 21.051372 17.074513 13.675412 10.815904 8.447378 6.515149 4.962234 3.732396 2.772448 2.033819 1.473474 1.054295 0.745041 0.520002 0.358465 0.244069 0.164141 0.109034 0.071543 0.046370 0.029688 0.018776 0.011731 0.007241 0.004415 0.002660 0.001583 0.000932 0.000543 0.000315 0.000185 0.000115 0.000085 0.000085 
0.000052 0.000052 0.000072 0.000117 0.000202 0.000353 0.000613 0.001054 0.001792 0.003010 0.004996 0.008193 0.013272 0.021239 0.033577 0.052437 0.080893 0.123269 0.185546 0.275865 0.405115 0.587608 0.841811 1.191106 1.664510 2.297278 3.131291 4.215103 5.603506 7.356492 9.537482 12.210734 15.437897 19.273762 23.761327 28.926442 34.772347 41.274568 48.376654 55.987288 63.979263 72.190735 80.429006 88.476897 96.101527 103.065083 109.136921 114.106152 117.793785 120.063426 120.829667 120.063426 117.793785 114.106152 109.136921 103.065083 96.101527 88.476897 80.429006 72.190735 63.979263 55.987288 48.376654 41.274568 34.772347 28.926442 23.761327 19.273762 15.437897 12.210734 9.537482 7.356492 5.603506 4.215103 3.131291 2.297278 1.664510 1.191106 0.841811 0.587608 0.405115 0.275865 0.185546 0.123269 0.080893 0.052437 0.033577 0.021239 0.013272 0.008193 0.004996 0.003011 0.001793 0.001055 0.000615 0.000357 0.000209 0.000130 0.000096 0.000096 
0.000058 0.000058 0.000080 0.000131 0.000226 0.000395 0.000685 0.001178 0.002002 0.003363 0.005581 0.009150 0.014821 0.023715 0.037487 0.058537 0.090292 0.137576 0.207058 0.307815 0.451988 0.655528 0.939022 1.328528 1.856379 2.561860 3.491633 4.699784 6.247347 8.201139 10.631787 13.610838 17.206926 21.481034 26.481004 32.235568 38.748275 45.991806 53.903234 62.380808 71.282821 80.429006 89.604753 98.568205 107.060037 114.815444 121.577614 127.111741 131.218536 133.746142 134.599470 133.746142 131.218536 127.111741 121.577614 114.815444 107.060037 98.568205 89.604753 80.429006 71.282821 62.380808 53.903234 45.991806 38.748275 32.235568 26.481004 21.481034 17.206926 13.610838 10.631787 8.201139 6.247347 4.699784 3.491633 2.561860 1.856379 1.328528 0.939022 0.655528 0.451988 0.307815 0.207058 0.137576 0.090292 0.058537 0.037487 0.023715 0.014821 0.009150 0.005581 0.003363 0.002003 0.001179 0.000687 0.000399 0.000234 0.000145 0.000107 0.000107 
