0.000000 0.000000 0.000000 0.000000 0.000000 0.000000 0.000000 0.000000 0.000000 0.000000 0.000000 0.000000 0.000000 0.000000 0.000000 0.000000 0.000000 0.000000 0.000000 0.000000 0.000000 0.000000 0.000000 0.000001 0.000001 0.000001 0.000002 0.000002 0.000003 0.000004 0.000005 0.000007 0.000009 0.000011 0.000013 0.000017 0.000020 0.000024 0.000028 0.000033 0.000038 0.000043 0.000049 0.000054 0.000059 0.000063 0.000067 0.000070 0.000073 0.000074 0.000074 0.000074 0.000073 0.000070 0.000067 0.000063 0.000059 0.000054 0.000049 0.000043 0.000038 0.000033 0.000028 0.000024 0.000020 0.000017 0.000013 0.000011 0.000009 0.000007 0.000005 0.000004 0.000003 0.000002 0.000002 0.000001 0.000001 0.000001 0.000000 0.000000 0.000000 0.000000 0.000000 0.000000 0.000000 0.000000 0.000000 0.000000 0.000000 0.000000 0.000000 0.000000 0.000000 0.000000 0.000000 0.000000 0.000000 0.000000 0.000000 0.000000 
0.000000 0.000000 0.000000 0.000000 0.000000 0.000000 0.000000 0.000000 0.000000 0.000000 0.000000 0.000000 0.000000 0.000000 0.000000 0.000000 0.000000 0.000000 0.000000 0.000000 0.000000 0.000000 0.000000 0.000001 0.000001 0.000001 0.000002 0.000002 0.000003 0.000004 0.000005 0.000007 0.000009 0.000011 0.000013 0.000017 0.000020 0.000024 0.000028 0.000033 0.000038 0.000043 0.000049 0.000054 0.000059 0.000063 0.000067 0.000070 0.000073 0.000074 0.000074 0.000074 0.000073 0.000070 0.000067 0.000063 0.000059 0.000054 0.000049 0.000043 0.000038 0.000033 0.000028 0.000024 0.000020 0.000017 0.000013 0.000011 0.000009 0.000007 0.000005 0.000004 0.000003 0.000002 0.000002 0.000001 0.000001 0.000001 0.000000 0.000000 0.000000 0.000000 0.000000 0.000000 0.000000 0.000000 0.000000 0.000000 0.000000 0.000000 0.000000 0.000000 0.000000 0.000000 0.000000 0.000000 0.000000 0.000000 0.000000 0.000000 
0.000000 0.000000 0.000000 0.000000 0.000000 0.000000 0.000000 0.000000 0.000000 0.000000 0.000000 0.000000 0.000000 0.000000 0.000000 0.000000 0.000000 0.000000 0.000000 0.000000 0.000000 0.000000 0.000001 0.000001 0.000001 0.000002 0.000002 0.000003 0.000004 0.000005 0.000007 0.000009 0.000012 0.000015 0.000019 0.000023 0.000028 0.000033 0.000039 0.000046 0.000053 0.000060 0.000067 0.000074 0.000081 0.000087 0.000092 0.000097 0.000100 0.000102 0.000103 0.000102 0.000100 0.000097 0.000092 0.000087 0.000081 0.000074 0.000067 0.000060 0.000053 0.000046 0.000039 0.000033 0.000028 0.000023 0.000019 0.000015 0.000012 0.000009 0.000007 0.000005 0.000004 0.000003 0.000002 0.000002 0.000001 0.000001 0.000001 0.000000 0.000000 0.000000 0.000000 0.000000 0.000000 0.000000 0.000000 0.000000 0.000000 0.000000 0.000000 0.000000 0.000000 0.000000 0.000000 0.000000 0.000000 0.000000 0.000000 0.000000 
0.000000 0.000000 0.000000 0.000000 0.000000 0.000000 0.000000 0.000000 0.000000 0.000000 0.000000 0.000000 0.000000 0.000000 0.000000 0.000000 0.000000 0.000000 0.000000 0.000000 0.000000 0.000001 0.000001 0.000001 0.000002 0.000003 0.000004 0.000005 0.000007 0.000009 0.000012 0.000015 0.000020 0.000025 0.000031 0.000038 0.000046 0.000055 0.000065 0.000076 0.000087 0.000099 0.000110 0.000122 0.000133 0.000143 0.000152 0.000159 0.000165 0.000168 0.000169 0.000168 0.000165 0.000159 0.000152 0.000143 0.000133 0.000122 0.000110 0.000099 0.000087 0.000076 0.000065 0.000055 0.000046 0.000038 0.000031 0.000025 0.000020 0.000015 0.000012 0.000009 0.000007 0.000005 0.000004 0.000003 0.000002 0.000001 0.000001 0.000001 0.000000 0.000000 0.000000 0.000000 0.000000 0.000000 0.000000 0.000000 0.000000 0.000000 0.000000 0.000000 0.000000 0.000000 0.000000 0.000000 0.000000 0.000000 0.000000 0.000000 
0.000000 0.000000 0.000000 0.000000 0.000000 0.000000 0.000000 0.000000 0.000000 0.000000 0.000000 0.000000 0.000000 0.000000 0.000000 0.000000 0.000000 0.000000 0.000000 0.000001 0.000001 0.000001 0.000002 0.000002 0.000003 0.000005 0.000006 0.000009 0.000012 0.000016 0.000021 0.000027 0.000034 0.000043 0.000054 0.000066 0.000080 0.000096 0.000113 0.000132 0.000151 0.000172 0.000192 0.000213 0.000232 0.000249 0.000265 0.000277 0.000287 0.000293 0.000294 0.000293 0.000287 0.000277 0.000265 0.000249 0.000232 0.000213 0.000192 0.000172 0.000151 0.000132 0.000113 0.000096 0.000080 0.000066 0.000054 0.000043 0.000034 0.000027 0.000021 0.000016 0.000012 0.000009 0.000006 0.000005 0.000003 0.000002 0.000002 0.000001 0.000001 0.000001 0.000000 0.000000 0.000000 0.000000 0.000000 0.000000 0.000000 0.000000 0.000000 0.000000 0.000000 0.000000 0.000000 0.000000 0.000000 0.000000 0.000000 0.000000 
0.000000 0.000000 0.000000 0.000000 0.000000 0.000000 0.000000 0.000000 0.000000 0.000000 0.000000 0.000000 0.000000 0.000000 0.000000 0.000000 0.000000 0.000000 0.000001 0.000001 0.000001 0.000002 0.000003 0.000004 0.000006 0.000008 0.000011 0.000016 0.000021 0.000028 0.000036 0.000047 0.000060 0.000076 0.000095 0.000116 0.000141 0.000168 0.000199 0.000232 0.000266 0.000302 0.000338 0.000374 0.000407 0.000438 0.000465 0.000488 0.000504 0.000514 0.000518 0.000514 0.000504 0.000488 0.000465 0.000438 0.000407 0.000374 0.000338 0.000302 0.000266 0.000232 0.000199 0.000168 0.000141 0.000116 0.000095 0.000076 0.000060 0.000047 0.000036 0.000028 0.000021 0.000016 0.000011 0.000008 0.000006 0.000004 0.000003 0.000002 0.000001 0.000001 0.000001 0.000000 0.000000 0.000000 0.000000 0.000000 0.000000 0.000000 0.000000 0.000000 0.000000 0.000000 0.000000 0.000000 0.000000 0.000000 0.000000 0.000000 
0.000000 0.000000 0.000000 0.000000 0.000000 0.000000 0.000000 0.000000 0.000000 0.000000 0.000000 0.000000 0.000000 0.000000 0.000000 0.000000 0.000000 0.000001 0.000001 0.000002 0.000002 0.000003 0.000005 0.000007 0.000010 0.000014 0.000020 0.000027 0.000037 0.000049 0.000064 0.000083 0.000106 0.000133 0.000166 0.000204 0.000247 0.000295 0.000348 0.000405 0.000466 0.000529 0.000592 0.000654 0.000712 0.000766 0.000814 0.000852 0.000881 0.000899 0.000905 0.000899 0.000881 0.000852 0.000814 0.000766 0.000712 0.000654 0.000592 0.000529 0.000466 0.000405 0.000348 0.000295 0.000247 0.000204 0.000166 0.000133 0.000106 0.000083 0.000064 0.000049 0.000037 0.000027 0.000020 0.000014 0.000010 0.000007 0.000005 0.000003 0.000002 0.000002 0.000001 0.000001 0.000000 0.000000 0.000000 0.000000 0.000000 0.000000 0.000000 0.000000 0.000000 0.000000 0.000000 0.000000 0.000000 0.000000 0.000000 0.000000 
0.000000 0.000000 0.000000 0.000000 0.000000 0.000000 0.000000 0.000000 0.000000 0.000000 0.000000 0.000000 0.000000 0.000000 0.000000 0.000000 0.000001 0.000001 0.000002 0.000003 0.000004 0.000006 0.000009 0.000013 0.000018 0.000025 0.000035 0.000047 0.000064 0.000085 0.000111 0.000144 0.000183 0.000231 0.000287 0.000353 0.000427 0.000511 0.000603 0.000702 0.000807 0.000915 0.001024 0.001131 0.001233 0.001326 0.001408 0.001475 0.001524 0.001555 0.001565 0.001555 0.001524 0.001475 0.001408 0.001326 0.001233 0.001131 0.001024 0.000915 0.000807 0.000702 0.000603 0.000511 0.000427 0.000353 0.000287 0.000231 0.000183 0.000144 0.000111 0.000085 0.000064 0.000047 0.000035 0.000025 0.000018 0.000013 0.000009 0.000006 0.000004 0.000003 0.000002 0.000001 0.000001 0.000000 0.000000 0.000000 0.000000 0.000000 0.000000 0.000000 0.000000 0.000000 0.000000 0.000000 0.000000 0.000000 0.000000 0.000000 
0.000000 0.000000 0.000000 0.000000 0.000000 0.000000 0.000000 0.000000 0.000000 0.000000 0.000000 0.000000 0.000000 0.000000 0.000001 0.000001 0.000001 0.000002 0.000003 0.000005 0.000007 0.000010 0.000015 0.000022 0.000031 0.000043 0.000060 0.000081 0.000110 0.000145 0.000191 0.000246 0.000315 0.000396 0.000493 0.000605 0.000732 0.000875 0.001032 0.001202 0.001381 0.001566 0.001753 0.001935 0.002109 0.002269 0.002408 0.002522 0.002607 0.002659 0.002677 0.002659 0.002607 0.002522 0.002408 0.002269 0.002109 0.001935 0.001753 0.001566 0.001381 0.001202 0.001032 0.000875 0.000732 0.000605 0.000493 0.000396 0.000315 0.000246 0.000191 0.000145 0.000110 0.000081 0.000060 0.000043 0.000031 0.000022 0.000015 0.000010 0.000007 0.000005 0.000003 0.000002 0.000001 0.000001 0.000001 0.000000 0.000000 0.000000 0.000000 0.000000 0.000000 0.000000 0.000000 0.000000 0.000000 0.000000 0.000000 0.000000 
0.000000 0.000000 0.000000 0.000000 0.000000 0.000000 0.000000 0.000000 0.000000 0.000000 0.000000 0.000000 0.000000 0.000001 0.000001 0.000001 0.000002 0.000004 0.000005 0.000008 0.000012 0.000018 0.000026 0.000037 0.000053 0.000074 0.000102 0.000138 0.000186 0.000247 0.000323 0.000418 0.000533 0.000671 0.000834 0.001023 0.001239 0.001481 0.001747 0.002033 0.002336 0.002648 0.002963 0.003271 0.003565 0.003834 0.004069 0.004262 0.004405 0.004493 0.004523 0.004493 0.004405 0.004262 0.004069 0.003834 0.003565 0.003271 0.002963 0.002648 0.002336 0.002033 0.001747 0.001481 0.001239 0.001023 0.000834 0.000671 0.000533 0.000418 0.000323 0.000247 0.000186 0.000138 0.000102 0.000074 0.000053 0.000037 0.000026 0.000018 0.000012 0.000008 0.000005 0.000004 0.000002 0.000001 0.000001 0.000001 0.000000 0.000000 0.000000 0.000000 0.000000 0.000000 0.000000 0.000000 0.000000 0.000000 0.000000 0.000000 
0.000000 0.000000 0.000000 0.000000 0.000000 0.000000 0.000000 0.000000 0.000000 0.000000 0.000000 0.000000 0.000001 0.000001 0.000002 0.000002 0.000004 0.000006 0.000009 0.000014 0.000020 0.000030 0.000044 0.000062 0.000088 0.000123 0.000170 0.000232 0.000312 0.000413 0.000541 0.000699 0.000892 0.001123 0.001395 0.001712 0.002072 0.002475 0.002919 0.003397 0.003902 0.004423 0.004948 0.005463 0.005952 0.006400 0.006792 0.007114 0.007352 0.007500 0.007549 0.007500 0.007352 0.007114 0.006792 0.006400 0.005952 0.005463 0.004948 0.004423 0.003902 0.003397 0.002919 0.002475 0.002072 0.001712 0.001395 0.001123 0.000892 0.000699 0.000541 0.000413 0.000312 0.000232 0.000170 0.000123 0.000088 0.000062 0.000044 0.000030 0.000020 0.000014 0.000009 0.000006 0.000004 0.000002 0.000002 0.000001 0.000001 0.000000 0.000000 0.000000 0.000000 0.000000 0.000000 0.000000 0.000000 0.000000 0.000000 0.000000 
0.000000 0.000000 0.000000 0.000000 0.000000 0.000000 0.000000 0.000000 0.000000 0.000000 0.000000 0.000001 0.000001 0.000002 0.000003 0.000004 0.000006 0.000010 0.000015 0.000023 0.000034 0.000050 0.000072 0.000104 0.000147 0.000205 0.000282 0.000384 0.000516 0.000684 0.000895 0.001156 0.001475 0.001856 0.002306 0.002827 0.003422 0.004087 0.004818 0.005607 0.006438 0.007297 0.008162 0.009011 0.009817 0.010555 0.011201 0.011730 0.012123 0.012366 0.012447 0.012366 0.012123 0.011730 0.011201 0.010555 0.009817 0.009011 0.008162 0.007297 0.006438 0.005607 0.004818 0.004087 0.003422 0.002827 0.002306 0.001856 0.001475 0.001156 0.000895 0.000684 0.000516 0.000384 0.000282 0.000205 0.000147 0.000104 0.000072 0.000050 0.000034 0.000023 0.000015 0.000010 0.000006 0.000004 0.000003 0.000002 0.000001 0.000001 0.000000 0.000000 0.000000 0.000000 0.000000 0.000000 0.000000 0.000000 0.000000 0.000000 
0.000000 0.000000 0.000000 0.000000 0.000000 0.000000 0.000000 0.000000 0.000000 0.000000 0.000001 0.000001 0.000002 0.000003 0.000004 0.000007 0.000010 0.000016 0.000025 0.000037 0.000056 0.000082 0.000118 0.000170 0.000240 0.000335 0.000462 0.000628 0.000843 0.001118 0.001462 0.001889 0.002408 0.003030 0.003763 0.004613 0.005582 0.006666 0.007857 0.009140 0.010495 0.011892 0.013301 0.014681 0.015993 0.017195 0.018245 0.019106 0.019746 0.020140 0.020273 0.020140 0.019746 0.019106 0.018245 0.017195 0.015993 0.014681 0.013301 0.011892 0.010495 0.009140 0.007857 0.006666 0.005582 0.004613 0.003763 0.003030 0.002408 0.001889 0.001462 0.001118 0.000843 0.000628 0.000462 0.000335 0.000240 0.000170 0.000118 0.000082 0.000056 0.000037 0.000025 0.000016 0.000010 0.000007 0.000004 0.000003 0.000002 0.000001 0.000001 0.000000 0.000000 0.000000 0.000000 0.000000 0.000000 0.000000 0.000000 0.000000 
0.000000 0.000000 0.000000 0.000000 0.000000 0.000000 0.000000 0.000000 0.000000 0.000001 0.000001 0.000002 0.000003 0.000004 0.000007 0.000011 0.000017 0.000026 0.000040 0.000061 0.000090 0.000132 0.000192 0.000275 0.000388 0.000542 0.000746 0.001014 0.001362 0.001804 0.002360 0.003047 0.003883 0.004885 0.006066 0.007434 0.008993 0.010738 0.012654 0.014719 0.016897 0.019144 0.021408 0.023628 0.025737 0.027668 0.029356 0.030739 0.031767 0.032401 0.032614 0.032401 0.031767 0.030739 0.029356 0.027668 0.025737 0.023628 0.021408 0.019144 0.016897 0.014719 0.012654 0.010738 0.008993 0.007434 0.006066 0.004885 0.003883 0.003047 0.002360 0.001804 0.001362 0.001014 0.000746 0.000542 0.000388 0.000275 0.000192 0.000132 0.000090 0.000061 0.000040 0.000026 0.000017 0.000011 0.000007 0.000004 0.000003 0.000002 0.000001 0.000001 0.000000 0.000000 0.000000 0.000000 0.000000 0.000000 0.000000 0.000000 
0.000000 0.000000 0.000000 0.000000 0.000000 0.000000 0.000000 0.000000 0.000001 0.000001 0.000002 0.000003 0.000004 0.000007 0.000011 0.000017 0.000027 0.000042 0.000064 0.000097 0.000144 0.000211 0.000307 0.000439 0.000620 0.000865 0.001191 0.001618 0.002172 0.002877 0.003762 0.004855 0.006186 0.007780 0.009658 0.011834 0.014312 0.017085 0.020131 0.023410 0.026870 0.030440 0.034036 0.037560 0.040908 0.043974 0.046653 0.048849 0.050481 0.051487 0.051826 0.051487 0.050481 0.048849 0.046653 0.043974 0.040908 0.037560 0.034036 0.030440 0.026870 0.023410 0.020131 0.017085 0.014312 0.011834 0.009658 0.007780 0.006186 0.004855 0.003762 0.002877 0.002172 0.001618 0.001191 0.000865 0.000620 0.000439 0.000307 0.000211 0.000144 0.000097 0.000064 0.000042 0.000027 0.000017 0.000011 0.000007 0.000004 0.000003 0.000002 0.000001 0.000001 0.000000 0.000000 0.000000 0.000000 0.000000 0.000000 0.000000 
0.000000 0.000000 0.000000 0.000000 0.000000 0.000000 0.000000 0.000000 0.000001 0.000001 0.000002 0.000004 0.000007 0.000011 0.000017 0.000028 0.000043 0.000067 0.000102 0.000153 0.000228 0.000334 0.000484 0.000692 0.000978 0.001363 0.001877 0.002550 0.003421 0.004530 0.005922 0.007641 0.009733 0.012237 0.015187 0.018605 0.022497 0.026850 0.031629 0.036776 0.042205 0.047806 0.053445 0.058973 0.064224 0.069032 0.073232 0.076676 0.079234 0.080810 0.081342 0.080810 0.079234 0.076676 0.073232 0.069032 0.064224 0.058973 0.053445 0.047806 0.042205 0.036776 0.031629 0.026850 0.022497 0.018605 0.015187 0.012237 0.009733 0.007641 0.005922 0.004530 0.003421 0.002550 0.001877 0.001363 0.000978 0.000692 0.000484 0.000334 0.000228 0.000153 0.000102 0.000067 0.000043 0.000028 0.000017 0.000011 0.000007 0.000004 0.000002 0.000001 0.000001 0.000000 0.000000 0.000000 0.000000 0.000000 0.000000 0.000000 
0.000000 0.000000 0.000000 0.000000 0.000000 0.000000 0.000000 0.000001 0.000001 0.000002 0.000004 0.000006 0.000010 0.000017 0.000027 0.000043 0.000068 0.000104 0.000159 0.000239 0.000355 0.000521 0.000754 0.001079 0.001523 0.002123 0.002921 0.003968 0.005321 0.007045 0.009206 0.011876 0.015123 0.019010 0.023587 0.028889 0.034924 0.041673 0.049083 0.057061 0.065474 0.074153 0.082890 0.091452 0.099587 0.107033 0.113539 0.118871 0.122833 0.125274 0.126098 0.125274 0.122833 0.118871 0.113539 0.107033 0.099587 0.091452 0.082890 0.074153 0.065474 0.057061 0.049083 0.041673 0.034924 0.028889 0.023587 0.019010 0.015123 0.011876 0.009206 0.007045 0.005321 0.003968 0.002921 0.002123 0.001523 0.001079 0.000754 0.000521 0.000355 0.000239 0.000159 0.000104 0.000068 0.000043 0.000027 0.000017 0.000010 0.000006 0.000004 0.000002 0.000001 0.000001 0.000000 0.000000 0.000000 0.000000 0.000000 0.000000 
0.000000 0.000000 0.000000 0.000000 0.000000 0.000000 0.000001 0.000001 0.000002 0.000004 0.000006 0.000010 0.000016 0.000026 0.000042 0.000067 0.000104 0.000161 0.000245 0.000368 0.000547 0.000802 0.001161 0.001660 0.002343 0.003265 0.004491 0.006098 0.008175 0.010819 0.014135 0.018230 0.023208 0.029165 0.036179 0.044301 0.053545 0.063882 0.075227 0.087440 0.100317 0.113599 0.126969 0.140070 0.152514 0.163906 0.173857 0.182014 0.188074 0.191806 0.193067 0.191806 0.188074 0.182014 0.173857 0.163906 0.152514 0.140070 0.126969 0.113599 0.100317 0.087440 0.075227 0.063882 0.053545 0.044301 0.036179 0.029165 0.023208 0.018230 0.014135 0.010819 0.008175 0.006098 0.004491 0.003265 0.002343 0.001660 0.001161 0.000802 0.000547 0.000368 0.000245 0.000161 0.000104 0.000067 0.000042 0.000026 0.000016 0.000010 0.000006 0.000004 0.000002 0.000001 0.000001 0.000000 0.000000 0.000000 0.000000 0.000000 
0.000000 0.000000 0.000000 0.000000 0.000000 0.000001 0.000001 0.000002 0.000003 0.000005 0.000009 0.000015 0.000025 0.000040 0.000064 0.000102 0.000159 0.000245 0.000373 0.000561 0.000832 0.001220 0.001766 0.002523 0.003559 0.004958 0.006817 0.009255 0.012403 0.016410 0.021433 0.027634 0.035172 0.044190 0.054805 0.067094 0.081078 0.096711 0.113868 0.132333 0.151800 0.171876 0.192083 0.211880 0.230684 0.247895 0.262930 0.275252 0.284406 0.290045 0.291949 0.290045 0.284406 0.275252 0.262930 0.247895 0.230684 0.211880 0.192083 0.171876 0.151800 0.132333 0.113868 0.096711 0.081078 0.067094 0.054805 0.044190 0.035172 0.027634 0.021433 0.016410 0.012403 0.009255 0.006817 0.004958 0.003559 0.002523 0.001766 0.001220 0.000832 0.000561 0.000373 0.000245 0.000159 0.000102 0.000064 0.000040 0.000025 0.000015 0.000009 0.000005 0.000003 0.000002 0.000001 0.000001 0.000000 0.000000 0.000000 0.000000 
0.000000 0.000000 0.000000 0.000000 0.000001 0.000001 0.000002 0.000003 0.000005 0.000008 0.000014 0.000023 0.000037 0.000061 0.000097 0.000153 0.000239 0.000368 0.000561 0.000843 0.001250 0.001832 0.002651 0.003786 0.005340 0.007435 0.010220 0.013870 0.018583 0.024579 0.032094 0.041369 0.052640 0.066121 0.081987 0.100350 0.121243 0.144595 0.170217 0.197790 0.226856 0.256824 0.286986 0.316533 0.344596 0.370279 0.392712 0.411098 0.424756 0.433168 0.436009 0.433168 0.424756 0.411098 0.392712 0.370279 0.344596 0.316533 0.286986 0.256824 0.226856 0.197790 0.170217 0.144595 0.121243 0.100350 0.081987 0.066121 0.052640 0.041369 0.032094 0.024579 0.018583 0.013870 0.010220 0.007435 0.005340 0.003786 0.002651 0.001832 0.001250 0.000843 0.000561 0.000368 0.000239 0.000153 0.000097 0.000061 0.000037 0.000023 0.000014 0.000008 0.000005 0.000003 0.000002 0.000001 0.000001 0.000000 0.000000 0.000000 
0.000000 0.000000 0.000000 0.000000 0.000001 0.000001 0.000002 0.000004 0.000007 0.000012 0.000020 0.000034 0.000056 0.000090 0.000144 0.000228 0.000355 0.000547 0.000832 0.001250 0.001855 0.002717 0.003929 0.005610 0.007910 0.011010 0.015130 0.020526 0.027493 0.036355 0.047457 0.061157 0.077801 0.097705 0.121123 0.148222 0.179048 0.213497 0.251288 0.291950 0.334808 0.378992 0.423455 0.467007 0.508367 0.546218 0.579277 0.606370 0.626495 0.638891 0.643077 0.638891 0.626495 0.606370 0.579277 0.546218 0.508367 0.467007 0.423455 0.378992 0.334808 0.291950 0.251288 0.213497 0.179048 0.148222 0.121123 0.097705 0.077801 0.061157 0.047457 0.036355 0.027493 0.020526 0.015130 0.011010 0.007910 0.005610 0.003929 0.002717 0.001855 0.001250 0.000832 0.000547 0.000355 0.000228 0.000144 0.000090 0.000056 0.000034 0.000020 0.000012 0.000007 0.000004 0.000002 0.000001 0.000001 0.000000 0.000000 0.000000 
0.000000 0.000000 0.000000 0.000001 0.000001 0.000002 0.000003 0.000006 0.000010 0.000018 0.000030 0.000050 0.000082 0.000132 0.000211 0.000334 0.000521 0.000802 0.001220 0.001832 0.002717 0.003978 0.005751 0.008209 0.011569 0.016099 0.022116 0.029997 0.040167 0.053099 0.069297 0.089281 0.113553 0.142571 0.176707 0.216200 0.261117 0.311303 0.366351 0.425571 0.487981 0.552313 0.617044 0.680445 0.740647 0.795738 0.843852 0.883280 0.912568 0.930605 0.936697 0.930605 0.912568 0.883280 0.843852 0.795738 0.740647 0.680445 0.617044 0.552313 0.487981 0.425571 0.366351 0.311303 0.261117 0.216200 0.176707 0.142571 0.113553 0.089281 0.069297 0.053099 0.040167 0.029997 0.022116 0.016099 0.011569 0.008209 0.005751 0.003978 0.002717 0.001832 0.001220 0.000802 0.000521 0.000334 0.000211 0.000132 0.000082 0.000050 0.000030 0.000018 0.000010 0.000006 0.000004 0.000002 0.000001 0.000001 0.000001 0.000001 
0.000000 0.000000 0.000001 0.000001 0.000002 0.000003 0.000005 0.000009 0.000015 0.000026 0.000044 0.000072 0.000118 0.000192 0.000307 0.000484 0.000754 0.001161 0.001766 0.002651 0.003929 0.005751 0.008311 0.011860 0.016710 0.023244 0.031923 0.043286 0.057946 0.076583 0.099921 0.128705 0.163658 0.205438 0.254576 0.311415 0.376047 0.448250 0.527436 0.612610 0.702360 0.794864 0.887931 0.979076 1.065617 1.144803 1.213958 1.270625 1.312717 1.338640 1.347395 1.338640 1.312717 1.270625 1.213958 1.144803 1.065617 0.979076 0.887931 0.794864 0.702360 0.612610 0.527436 0.448250 0.376047 0.311415 0.254576 0.205438 0.163658 0.128705 0.099921 0.076583 0.057946 0.043286 0.031923 0.023244 0.016710 0.011860 0.008311 0.005751 0.003929 0.002651 0.001766 0.001161 0.000754 0.000484 0.000307 0.000192 0.000118 0.000072 0.000044 0.000026 0.000015 0.000009 0.000005 0.000003 0.000002 0.000001 0.000001 0.000001 
0.000001 0.000001 0.000001 0.000001 0.000002 0.000004 0.000007 0.000013 0.000022 0.000037 0.000062 0.000104 0.000170 0.000275 0.000439 0.000692 0.001079 0.001660 0.002523 0.003786 0.005610 0.008209 0.011860 0.016918 0.023829 0.033138 0.045499 0.061677 0.082544 0.109065 0.142268 0.183210 0.232916 0.292317 0.362166 0.442947 0.534788 0.637371 0.749857 0.870833 0.998292 1.129647 1.261788 1.391188 1.514041 1.626446 1.724605 1.805036 1.864777 1.901568 1.913993 1.901568 1.864777 1.805036 1.724605 1.626446 1.514041 1.391188 1.261788 1.129647 0.998292 0.870833 0.749857 0.637371 0.534788 0.442947 0.362166 0.292317 0.232916 0.183210 0.142268 0.109065 0.082544 0.061677 0.045499 0.033138 0.023829 0.016918 0.011860 0.008209 0.005610 0.003786 0.002523 0.001660 0.001079 0.000692 0.000439 0.000275 0.000170 0.000104 0.000062 0.000037 0.000022 0.000013 0.000007 0.000004 0.000002 0.000001 0.000001 0.000001 
0.000001 0.000001 0.000001 0.000002 0.000003 0.000006 0.000010 0.000018 0.000031 0.000053 0.000088 0.000147 0.000240 0.000388 0.000620 0.000978 0.001523 0.002343 0.003559 0.005340 0.007910 0.011569 0.016710 0.023829 0.033553 0.046647 0.064030 0.086774 0.116104 0.153370 0.200016 0.257520 0.327320 0.410717 0.508763 0.622135 0.751008 0.894931 1.052724 1.222405 1.401158 1.585353 1.770632 1.952051 2.124279 2.281848 2.419439 2.532176 2.615910 2.667476 2.684890 2.667476 2.615910 2.532176 2.419439 2.281848 2.124279 1.952051 1.770632 1.585353 1.401158 1.222405 1.052724 0.894931 0.751008 0.622135 0.508763 0.410717 0.327320 0.257520 0.200016 0.153370 0.116104 0.086774 0.064030 0.046647 0.033553 0.023829 0.016710 0.011569 0.007910 0.005340 0.003559 0.002343 0.001523 0.000978 0.000620 0.000388 0.000240 0.000147 0.000088 0.000053 0.000031 0.000018 0.000010 0.000006 0.000003 0.000002 0.000002 0.000002 
0.000001 0.000001 0.000002 0.000003 0.000005 0.000008 0.000014 0.000025 0.000043 0.000074 0.000123 0.000205 0.000335 0.000542 0.000865 0.001363 0.002123 0.003265 0.004958 0.007435 0.011010 0.016099 0.023244 0.033138 0.046647 0.064834 0.088970 0.120544 0.161249 0.212956 0.277663 0.357415 0.454201 0.569819 0.705720 0.862838 1.041409 1.240804 1.459385 1.694403 1.941955 2.197018 2.453558 2.704730 2.943159 3.161281 3.351738 3.507784 3.623682 3.695054 3.719156 3.695054 3.623682 3.507784 3.351738 3.161281 2.943159 2.704730 2.453558 2.197018 1.941955 1.694403 1.459385 1.240804 1.041409 0.862838 0.705720 0.569819 0.454201 0.357415 0.277663 0.212956 0.161249 0.120544 0.088970 0.064834 0.046647 0.033138 0.023244 0.016099 0.011010 0.007435 0.004958 0.003265 0.002123 0.001363 0.000865 0.000542 0.000335 0.000205 0.000123 0.000074 0.000043 0.000025 0.000015 0.000008 0.000005 0.000003 0.000002 0.000002 
0.000002 0.000002 0.000002 0.000004 0.000006 0.000011 0.000020 0.000035 0.000060 0.000102 0.000170 0.000282 0.000462 0.000746 0.001191 0.001877 0.002921 0.004491 0.006817 0.010220 0.015130 0.022116 0.031923 0.045499 0.064030 0.088970 0.122061 0.165338 0.221118 0.291958 0.380590 0.489807 0.622325 0.780598 0.966606 1.181616 1.425947 1.698731 1.997722 2.319157 2.657697 3.006471 3.357233 3.700627 4.026575 4.324744 4.585081 4.798373 4.956783 5.054333 5.087276 5.054333 4.956783 4.798373 4.585081 4.324744 4.026575 3.700627 3.357233 3.006471 2.657697 2.319157 1.997722 1.698731 1.425947 1.181616 0.966606 0.780598 0.622325 0.489807 0.380590 0.291958 0.221118 0.165338 0.122061 0.088970 0.064030 0.045499 0.031923 0.022116 0.015130 0.010220 0.006817 0.004491 0.002921 0.001877 0.001191 0.000746 0.000462 0.000282 0.000170 0.000102 0.000060 0.000035 0.000020 0.000011 0.000007 0.000004 0.000003 0.000003 
0.000002 0.000002 0.000003 0.000005 0.000009 0.000016 0.000027 0.000047 0.000081 0.000138 0.000232 0.000384 0.000628 0.001014 0.001618 0.002550 0.003968 0.006098 0.009255 0.013870 0.020526 0.029997 0.043286 0.061677 0.086774 0.120544 0.165338 0.223907 0.299380 0.395209 0.515081 0.662765 0.841923 1.055862 1.307247 1.597784 1.927891 2.296388 2.700236 3.134348 3.591511 4.062447 4.536024 4.999617 5.439627 5.842113 6.193514 6.481402 6.695208 6.826868 6.871329 6.826868 6.695208 6.481402 6.193514 5.842113 5.439627 4.999617 4.536024 4.062447 3.591511 3.134348 2.700236 2.296388 1.927891 1.597784 1.307247 1.055862 0.841923 0.662765 0.515081 0.395209 0.299380 0.223907 0.165338 0.120544 0.086774 0.061677 0.043286 0.029997 0.020526 0.013870 0.009255 0.006098 0.003968 0.002550 0.001618 0.001014 0.000628 0.000384 0.000232 0.000138 0.000081 0.000047 0.000027 0.000016 0.000009 0.000006 0.000004 0.000004 
0.000003 0.000003 0.000004 0.000007 0.000012 0.000021 0.000037 0.000064 0.000110 0.000186 0.000312 0.000516 0.000843 0.001362 0.002172 0.003421 0.005321 0.008175 0.012403 0.018583 0.027493 0.040167 0.057946 0.082544 0.116104 0.161249 0.221118 0.299380 0.400206 0.528202 0.688278 0.885457 1.124616 1.410155 1.745619 2.133270 2.573654 3.065189 3.603811 4.182730 4.792325 5.420228 6.051596 6.669607 7.256141 7.792624 8.260992 8.644692 8.929647 9.105117 9.164371 9.105117 8.929647 8.644692 8.260992 7.792624 7.256141 6.669607 6.051596 5.420228 4.792325 4.182730 3.603811 3.065189 2.573654 2.133270 1.745619 1.410155 1.124616 0.885457 0.688278 0.528202 0.400206 0.299380 0.221118 0.161249 0.116104 0.082544 0.057946 0.040167 0.027493 0.018583 0.012403 0.008175 0.005321 0.003421 0.002172 0.001362 0.000843 0.000516 0.000312 0.000186 0.000110 0.000064 0.000037 0.000021 0.000012 0.000008 0.000005 0.000005 
0.000004 0.000004 0.000005 0.000009 0.000016 0.000028 0.000049 0.000085 0.000145 0.000247 0.000413 0.000684 0.001118 0.001804 0.002877 0.004530 0.007045 0.010819 0.016410 0.024579 0.036355 0.053099 0.076583 0.109065 0.153370 0.212956 0.291958 0.395209 0.528202 0.696999 0.908061 1.167998 1.483220 1.859513 2.301530 2.812235 3.392335 4.039731 4.749062 5.511377 6.314006 7.140665 7.971818 8.785328 9.557353 10.263461 10.879890 11.384867 11.759877 11.990797 12.068776 11.990797 11.759877 11.384867 10.879890 10.263461 9.557353 8.785328 7.971818 7.140665 6.314006 5.511377 4.749062 4.039731 3.392335 2.812235 2.301530 1.859513 1.483220 1.167998 0.908061 0.696999 0.528202 0.395209 0.291958 0.212956 0.153370 0.109065 0.076583 0.053099 0.036355 0.024579 0.016410 0.010819 0.007045 0.004530 0.002877 0.001804 0.001118 0.000684 0.000413 0.000247 0.000145 0.000085 0.000049 0.000028 0.000016 0.000010 0.000007 0.000007 
0.000005 0.000005 0.000007 0.000012 0.000021 0.000036 0.000064 0.000111 0.000191 0.000323 0.000541 0.000895 0.001462 0.002360 0.003762 0.005922 0.009206 0.014135 0.021433 0.032094 0.047457 0.069297 0.099921 0.142268 0.200016 0.277663 0.380590 0.515081 0.688278 0.908061 1.182827 1.521159 1.931383 2.421008 2.996067 3.660397 4.414898 5.256824 6.179191 7.170352 8.213830 9.288455 10.368837 11.426213 12.429607 13.347281 14.148371 14.804598 15.291919 15.591992 15.693322 15.591992 15.291919 14.804598 14.148371 13.347281 12.429607 11.426213 10.368837 9.288455 8.213830 7.170352 6.179191 5.256824 4.414898 3.660397 2.996067 2.421008 1.931383 1.521159 1.182827 0.908061 0.688278 0.515081 0.380590 0.277663 0.200016 0.142268 0.099921 0.069297 0.047457 0.032094 0.021433 0.014135 0.009206 0.005922 0.003762 0.002360 0.001462 0.000895 0.000541 0.000323 0.000191 0.000111 0.000064 0.000037 0.000021 0.000013 0.000010 0.000010 
0.000007 0.000007 0.000009 0.000015 0.000027 0.000047 0.000083 0.000144 0.000246 0.000418 0.000699 0.001156 0.001889 0.003047 0.004855 0.007641 0.011876 0.018230 0.027634 0.041369 0.061157 0.089281 0.128705 0.183210 0.257520 0.357415 0.489807 0.662765 0.885457 1.167998 1.521159 1.955952 2.483053 3.112082 3.850766 4.704009 5.672945 6.754028 7.938275 9.210722 10.550212 11.929569 13.316214 14.673240 15.960912 17.138520 18.166479 19.008521 19.633815 20.018840 20.148855 20.018840 19.633815 19.008521 18.166479 17.138520 15.960912 14.673240 13.316214 11.929569 10.550212 9.210722 7.938275 6.754028 5.672945 4.704009 3.850766 3.112082 2.483053 1.955952 1.521159 1.167998 0.885457 0.662765 0.489807 0.357415 0.257520 0.183210 0.128705 0.089281 0.061157 0.041369 0.027634 0.018230 0.011876 0.007641 0.004855 0.003047 0.001889 0.001156 0.000699 0.000418 0.000246 0.000144 0.000083 0.000048 0.000028 0.000017 0.000012 0.000012 
0.000009 0.000009 0.000012 0.000020 0.000034 0.000060 0.000106 0.000183 0.000315 0.000533 0.000892 0.001475 0.002408 0.003883 0.006186 0.009733 0.015123 0.023208 0.035172 0.052640 0.077801 0.113553 0.163658 0.232916 0.327320 0.454201 0.622325 0.841923 1.124616 1.483220 1.931383 2.483053 3.151743 3.949629 4.886481 5.968491 7.197066 8.567691 10.068956 11.681880 13.379640 15.127792 16.885057 18.604679 20.236325 21.728435 23.030879 24.097730 24.889946 25.377745 25.542463 25.377745 24.889946 24.097730 23.030879 21.728435 20.236325 18.604679 16.885057 15.127792 13.379640 11.681880 10.068956 8.567691 7.197066 5.968491 4.886481 3.949629 3.151743 2.483053 1.931383 1.483220 1.124616 0.841923 0.622325 0.454201 0.327320 0.232916 0.163658 0.113553 0.077801 0.052640 0.035172 0.023208 0.015123 0.009733 0.006186 0.003883 0.002408 0.001475 0.000892 0.000533 0.000315 0.000184 0.000106 0.000061 0.000035 0.000022 0.000016 0.000016 
0.000011 0.000011 0.000015 0.000025 0.000043 0.000076 0.000133 0.000231 0.000396 0.000671 0.001123 0.001856 0.003030 0.004885 0.007780 0.012237 0.019010 0.029165 0.044190 0.066121 0.097705 0.142571 0.205438 0.292317 0.410717 0.569819 0.780598 1.055862 1.410155 1.859513 2.421008 3.112082 3.949629 4.948864 6.121985 7.476711 9.014774 10.730491 12.609558 14.628205 16.752854 18.940404 21.139209 23.290786 25.332181 27.198916 28.828305 30.162920 31.153950 31.764157 31.970209 31.764157 31.153950 30.162920 28.828305 27.198916 25.332181 23.290786 21.139209 18.940404 16.752854 14.628205 12.609558 10.730491 9.014774 7.476711 6.121985 4.948864 3.949629 3.112082 2.421008 1.859513 1.410155 1.055862 0.780598 0.569819 0.410717 0.292317 0.205438 0.142571 0.097705 0.066121 0.044190 0.029165 0.019010 0.012237 0.007780 0.004885 0.003030 0.001856 0.001123 0.000671 0.000396 0.000231 0.000134 0.000077 0.000045 0.000027 0.000020 0.000020 
0.000013 0.000013 0.000019 0.000031 0.000054 0.000095 0.000166 0.000287 0.000493 0.000834 0.001395 0.002306 0.003763 0.006066 0.009658 0.015187 0.023587 0.036179 0.054805 0.081987 0.121123 0.176707 0.254576 0.362166 0.508763 0.705720 0.966606 1.307247 1.745619 2.301530 2.996067 3.850766 4.886481 6.121985 7.572319 9.246984 11.148084 13.268563 15.590718 18.085155 20.710377 23.413130 26.129619 28.787609 31.309361 33.615257 35.627898 37.276387 38.500459 39.254147 39.508647 39.254147 38.500459 37.276387 35.627898 33.615257 31.309361 28.787609 26.129619 23.413130 20.710377 18.085155 15.590718 13.268563 11.148084 9.246984 7.572319 6.121985 4.886481 3.850766 2.996067 2.301530 1.745619 1.307247 0.966606 0.705720 0.508763 0.362166 0.254576 0.176707 0.121123 0.081987 0.054805 0.036179 0.023587 0.015187 0.009658 0.006066 0.003763 0.002306 0.001395 0.000834 0.000493 0.000288 0.000166 0.000096 0.000055 0.000034 0.000025 0.000025 
0.000017 0.000017 0.000023 0.000038 0.000066 0.000116 0.000204 0.000353 0.000605 0.001023 0.001712 0.002827 0.004613 0.007434 0.011834 0.018605 0.028889 0.044301 0.067094 0.100350 0.148222 0.216200 0.311415 0.442947 0.622135 0.862838 1.181616 1.597784 2.133270 2.812235 3.660397 4.704009 5.968491 7.476711 9.246984 11.290860 13.610863 16.198348 19.031682 22.074983 25.277614 28.574610 31.888166 35.130195 38.205908 41.018237 43.472824 45.483242 46.976033 47.895165 48.205528 47.895165 46.976033 45.483242 43.472824 41.018237 38.205908 35.130195 31.888166 28.574610 25.277614 22.074983 19.031682 16.198348 13.610863 11.290860 9.246984 7.476711 5.968491 4.704009 3.660397 2.812235 2.133270 1.597784 1.181616 0.862838 0.622135 0.442947 0.311415 0.216200 0.148222 0.100350 0.067094 0.044301 0.028889 0.018605 0.011834 0.007434 0.004613 0.002827 0.001712 0.001024 0.000605 0.000353 0.000204 0.000117 0.000068 0.000042 0.000031 0.000031 
0.000020 0.000020 0.000028 0.000046 0.000080 0.000141 0.000247 0.000427 0.000732 0.001239 0.002072 0.003422 0.005582 0.008993 0.014312 0.022497 0.034924 0.053545 0.081078 0.121243 0.179048 0.261117 0.376047 0.534788 0.751008 1.041409 1.425947 1.927891 2.573654 3.392335 4.414898 5.672945 7.197066 9.014774 11.148084 13.610863 16.406106 19.523353 22.936512 26.602336 30.459819 34.430718 38.421341 42.325627 46.029465 49.416003 52.371667 54.792430 56.589880 57.696581 58.070278 57.696581 56.589880 54.792430 52.371667 49.416003 46.029465 42.325627 38.421341 34.430718 30.459819 26.602336 22.936512 19.523353 16.406106 13.610863 11.148084 9.014774 7.197066 5.672945 4.414898 3.392335 2.573654 1.927891 1.425947 1.041409 0.751008 0.534788 0.376047 0.261117 0.179048 0.121243 0.081078 0.053545 0.034924 0.022497 0.014312 0.008993 0.005582 0.003422 0.002072 0.001239 0.000732 0.000428 0.000247 0.000142 0.000083 0.000051 0.000037 0.000037 
0.000024 0.000024 0.000033 0.000055 0.000096 0.000168 0.000295 0.000511 0.000875 0.001481 0.002475 0.004087 0.006666 0.010738 0.017085 0.026850 0.041673 0.063882 0.096711 0.144595 0.213497 0.311303 0.448250 0.637371 0.894931 1.240804 1.698731 2.296388 3.065189 4.039731 5.256824 6.754028 8.567691 10.730491 13.268563 16.198348 19.523353 23.231092 27.290495 31.650101 36.237350 40.959200 45.704257 50.346444 54.750119 58.776404 62.290317 65.168233 67.305088 68.620749 69.065003 68.620749 67.305088 65.168233 62.290317 58.776404 54.750119 50.346444 45.704257 40.959200 36.237350 31.650101 27.290495 23.231092 19.523353 16.198348 13.268563 10.730491 8.567691 6.754028 5.256824 4.039731 3.065189 2.296388 1.698731 1.240804 0.894931 0.637371 0.448250 0.311303 0.213497 0.144595 0.096711 0.063882 0.041673 0.026850 0.017085 0.010738 0.006666 0.004087 0.002475 0.001481 0.000875 0.000512 0.000296 0.000170 0.000099 0.000061 0.000045 0.000045 
0.000028 0.000028 0.000039 0.000065 0.000113 0.000199 0.000348 0.000603 0.001032 0.001747 0.002919 0.004818 0.007857 0.012654 0.020131 0.031629 0.049083 0.075227 0.113868 0.170217 0.251288 0.366351 0.527436 0.749857 1.052724 1.459385 1.997722 2.700236 3.603811 4.749062 6.179191 7.938275 10.068956 12.609558 15.590718 19.031682 22.936512 27.290495 32.057104 37.175891 42.561648 48.105141 53.675612 59.125086 64.294378 69.020516 73.145111 76.523108 79.031234 80.575468 81.096902 80.575468 79.031234 76.523108 73.145111 69.020516 64.294378 59.125086 53.675612 48.105141 42.561648 37.175891 32.057104 27.290495 22.936512 19.031682 15.590718 12.609558 10.068956 7.938275 6.179191 4.749062 3.603811 2.700236 1.997722 1.459385 1.052724 0.749857 0.527436 0.366351 0.251288 0.170217 0.113868 0.075227 0.049083 0.031629 0.020131 0.012654 0.007857 0.004819 0.002919 0.001747 0.001033 0.000604 0.000349 0.000201 0.000117 0.000072 0.000053 0.000053 
0.000033 0.000033 0.000046 0.000076 0.000132 0.000232 0.000405 0.000702 0.001202 0.002033 0.003397 0.005607 0.009140 0.014719 0.023410 0.036776 0.057061 0.087440 0.132333 0.197790 0.291950 0.425571 0.612610 0.870833 1.222405 1.694403 2.319157 3.134348 4.182730 5.511377 7.170352 9.210722 11.681880 14.628205 18.085155 22.074983 26.602336 31.650101 37.175891 43.109602 49.352448 55.777819 62.234175 68.550044 74.540980 80.018162 84.798092 88.712724 91.619252 93.408763 94.013014 93.408763 91.619252 88.712724 84.798092 80.018162 74.540980 68.550044 62.234175 55.777819 49.352448 43.109602 37.175891 31.650101 26.602336 22.074983 18.085155 14.628205 11.681880 9.210722 7.170352 5.511377 4.182730 3.134348 2.319157 1.694403 1.222405 0.870833 0.612610 0.425571 0.291950 0.197790 0.132333 0.087440 0.057061 0.036776 0.023410 0.014719 0.009140 0.005607 0.003397 0.002033 0.001202 0.000703 0.000407 0.000234 0.000136 0.000084 0.000061 0.000061 
0.000038 0.000038 0.000053 0.000087 0.000151 0.000266 0.000466 0.000807 0.001381 0.002336 0.003902 0.006438 0.010495 0.016897 0.026870 0.042205 0.065474 0.100317 0.151800 0.226856 0.334808 0.487981 0.702360 0.998292 1.401158 1.941955 2.657697 3.591511 4.792325 6.314006 8.213830 10.550212 13.379640 16.752854 20.710377 25.277614 30.459819 36.237350 42.561648 49.352448 56.496686 63.849473 71.237421 78.464351 85.319263 91.586162 97.055154 101.534028 104.859450 106.906850 107.598177 106.906850 104.859450 101.534028 97.055154 91.586162 85.319263 78.464351 71.237421 63.849473 56.496686 49.352448 42.561648 36.237350 30.459819 25.277614 20.710377 16.752854 13.379640 10.550212 8.213830 6.314006 4.792325 3.591511 2.657697 1.941955 1.401158 0.998292 0.702360 0.487981 0.334808 0.226856 0.151800 0.100317 0.065474 0.042205 0.026870 0.016897 0.010495 0.006438 0.003902 0.002336 0.001382 0.000808 0.000467 0.000269 0.000157 0.000096 0.000071 0.000071 
0.000043 0.000043 0.000060 0.000099 0.000172 0.000302 0.000529 0.000915 0.001566 0.002648 0.004423 0.007297 0.011892 0.019144 0.030440 0.047806 0.074153 0.113599 0.171876 0.256824 0.378992 0.552313 0.794864 1.129647 1.585353 2.197018 3.006471 4.062447 5.420228 7.140665 9.288455 11.929569 15.127792 18.940404 23.413130 28.574610 34.430718 40.959200 48.105141 55.777819 63.849473 72.156413 80.502772 88.666961 96.410666 103.489944 109.667758 114.727045 118.483360 120.796033 121.576930 120.796033 118.483360 114.727045 109.667758 103.489944 96.410666 88.666961 80.502772 72.156413 63.849473 55.777819 48.105141 40.959200 34.430718 28.574610 23.413130 18.940404 15.127792 11.929569 9.288455 7.140665 5.420228 4.062447 3.006471 2.197018 1.585353 1.129647 0.794864 0.552313 0.378992 0.256824 0.171876 0.113599 0.074153 0.047806 0.030440 0.019145 0.011893 0.007297 0.004423 0.002648 0.001567 0.000916 0.000530 0.000305 0.000178 0.000110 0.000080 0.000080 
0.000049 0.000049 0.000067 0.000110 0.000192 0.000338 0.000592 0.001024 0.001753 0.002963 0.004948 0.008162 0.013301 0.021408 0.034036 0.053445 0.082890 0.126969 0.192083 0.286986 0.423455 0.617044 0.887931 1.261788 1.770632 2.453558 3.357233 4.536024 6.051596 7.971818 10.368837 13.316214 16.885057 21.139209 26.129619 31.888166 38.421341 45.704257 53.675612 62.234175 71.237421 80.502772 89.811787 98.917357 107.553738 115.448928 122.338631 127.980834 132.169895 134.748980 135.619831 134.748980 132.169895 127.980834 122.338631 115.448928 107.553738 98.917357 89.811787 80.502772 71.237421 62.234175 53.675612 45.704257 38.421341 31.888166 26.129619 21.139209 16.885057 13.316214 10.368837 7.971818 6.051596 4.536024 3.357233 2.453558 1.770632 1.261788 0.887931 0.617044 0.423455 0.286986 0.192083 0.126969 0.082890 0.053445 0.034036 0.021408 0.013301 0.008162 0.004948 0.002963 0.001753 0.001025 0.000593 0.000342 0.000199 0.000123 0.000090 0.000090 
