0.000000 0.000000 0.000000 0.000000 0.000000 0.000000 0.000000 0.000000 0.000000 0.000000 0.000000 0.000000 0.000000 0.000000 0.000000 0.000000 0.000000 0.000000 0.000000 0.000000 0.000000 0.000000 0.000000 0.000000 0.000000 0.000000 0.000000 0.000000 0.000000 0.000001 0.000001 0.000001 0.000002 0.000002 0.000003 0.000003 0.000004 0.000005 0.000006 0.000007 0.000008 0.000010 0.000011 0.000012 0.000014 0.000015 0.000016 0.000017 0.000017 0.000018 0.000018 0.000018 0.000017 0.000017 0.000016 0.000015 0.000014 0.000012 0.000011 0.000010 0.000008 0.000007 0.000006 0.000005 0.000004 0.000003 0.000003 0.000002 0.000002 0.000001 0.000001 0.000001 0.000000 0.000000 0.000000 0.000000 0.000000 0.000000 0.000000 0.000000 0.000000 0.000000 0.000000 0.000000 0.000000 0.000000 0.000000 0.000000 0.000000 0.000000 0.000000 0.000000 0.000000 0.000000 0.000000 0.000000 0.000000 0.000000 0.000000 0.000000 
0.000000 0.000000 0.000000 0.000000 0.000000 0.000000 0.000000 0.000000 0.000000 0.000000 0.000000 0.000000 0.000000 0.000000 0.000000 0.000000 0.000000 0.000000 0.000000 0.000000 0.000000 0.000000 0.000000 0.000000 0.000000 0.000000 0.000000 0.000000 0.000000 0.000001 0.000001 0.000001 0.000002 0.000002 0.000003 0.000003 0.000004 0.000005 0.000006 0.000007 0.000008 0.000010 0.000011 0.000012 0.000014 0.000015 0.000016 0.000017 0.000017 0.000018 0.000018 0.000018 0.000017 0.000017 0.000016 0.000015 0.000014 0.000012 0.000011 0.000010 0.000008 0.000007 0.000006 0.000005 0.000004 0.000003 0.000003 0.000002 0.000002 0.000001 0.000001 0.000001 0.000000 0.000000 0.000000 0.000000 0.000000 0.000000 0.000000 0.000000 0.000000 0.000000 0.000000 0.000000 0.000000 0.000000 0.000000 0.000000 0.000000 0.000000 0.000000 0.000000 0.000000 0.000000 0.000000 0.000000 0.000000 0.000000 0.000000 0.000000 
0.000000 0.000000 0.000000 0.000000 0.000000 0.000000 0.000000 0.000000 0.000000 0.000000 0.000000 0.000000 0.000000 0.000000 0.000000 0.000000 0.000000 0.000000 0.000000 0.000000 0.000000 0.000000 0.000000 0.000000 0.000000 0.000000 0.000000 0.000001 0.000001 0.000001 0.000001 0.000002 0.000002 0.000003 0.000004 0.000005 0.000006 0.000007 0.000009 0.000011 0.000012 0.000014 0.000016 0.000018 0.000020 0.000021 0.000023 0.000024 0.000025 0.000026 0.000026 0.000026 0.000025 0.000024 0.000023 0.000021 0.000020 0.000018 0.000016 0.000014 0.000012 0.000011 0.000009 0.000007 0.000006 0.000005 0.000004 0.000003 0.000002 0.000002 0.000001 0.000001 0.000001 0.000001 0.000000 0.000000 0.000000 0.000000 0.000000 0.000000 0.000000 0.000000 0.000000 0.000000 0.000000 0.000000 0.000000 0.000000 0.000000 0.000000 0.000000 0.000000 0.000000 0.000000 0.000000 0.000000 0.000000 0.000000 0.000000 0.000000 
0.000000 0.000000 0.000000 0.000000 0.000000 0.000000 0.000000 0.000000 0.000000 0.000000 0.000000 0.000000 0.000000 0.000000 0.000000 0.000000 0.000000 0.000000 0.000000 0.000000 0.000000 0.000000 0.000000 0.000000 0.000000 0.000000 0.000001 0.000001 0.000001 0.000002 0.000002 0.000003 0.000004 0.000005 0.000007 0.000009 0.000011 0.000013 0.000016 0.000019 0.000022 0.000025 0.000028 0.000032 0.000035 0.000038 0.000040 0.000043 0.000044 0.000045 0.000046 0.000045 0.000044 0.000043 0.000040 0.000038 0.000035 0.000032 0.000028 0.000025 0.000022 0.000019 0.000016 0.000013 0.000011 0.000009 0.000007 0.000005 0.000004 0.000003 0.000002 0.000002 0.000001 0.000001 0.000001 0.000000 0.000000 0.000000 0.000000 0.000000 0.000000 0.000000 0.000000 0.000000 0.000000 0.000000 0.000000 0.000000 0.000000 0.000000 0.000000 0.000000 0.000000 0.000000 0.000000 0.000000 0.000000 0.000000 0.000000 0.000000 
0.000000 0.000000 0.000000 0.000000 0.000000 0.000000 0.000000 0.000000 0.000000 0.000000 0.000000 0.000000 0.000000 0.000000 0.000000 0.000000 0.000000 0.000000 0.000000 0.000000 0.000000 0.000000 0.000000 0.000000 0.000001 0.000001 0.000001 0.000002 0.000002 0.000003 0.000004 0.000006 0.000008 0.000010 0.000013 0.000016 0.000020 0.000024 0.000029 0.000035 0.000040 0.000046 0.000053 0.000059 0.000065 0.000070 0.000075 0.000079 0.000082 0.000084 0.000084 0.000084 0.000082 0.000079 0.000075 0.000070 0.000065 0.000059 0.000053 0.000046 0.000040 0.000035 0.000029 0.000024 0.000020 0.000016 0.000013 0.000010 0.000008 0.000006 0.000004 0.000003 0.000002 0.000002 0.000001 0.000001 0.000001 0.000000 0.000000 0.000000 0.000000 0.000000 0.000000 0.000000 0.000000 0.000000 0.000000 0.000000 0.000000 0.000000 0.000000 0.000000 0.000000 0.000000 0.000000 0.000000 0.000000 0.000000 0.000000 0.000000 
0.000000 0.000000 0.000000 0.000000 0.000000 0.000000 0.000000 0.000000 0.000000 0.000000 0.000000 0.000000 0.000000 0.000000 0.000000 0.000000 0.000000 0.000000 0.000000 0.000000 0.000000 0.000000 0.000000 0.000001 0.000001 0.000002 0.000002 0.000003 0.000004 0.000006 0.000008 0.000011 0.000015 0.000019 0.000024 0.000030 0.000037 0.000045 0.000054 0.000065 0.000075 0.000087 0.000098 0.000110 0.000121 0.000131 0.000140 0.000147 0.000153 0.000156 0.000157 0.000156 0.000153 0.000147 0.000140 0.000131 0.000121 0.000110 0.000098 0.000087 0.000075 0.000065 0.000054 0.000045 0.000037 0.000030 0.000024 0.000019 0.000015 0.000011 0.000008 0.000006 0.000004 0.000003 0.000002 0.000002 0.000001 0.000001 0.000000 0.000000 0.000000 0.000000 0.000000 0.000000 0.000000 0.000000 0.000000 0.000000 0.000000 0.000000 0.000000 0.000000 0.000000 0.000000 0.000000 0.000000 0.000000 0.000000 0.000000 0.000000 
0.000000 0.000000 0.000000 0.000000 0.000000 0.000000 0.000000 0.000000 0.000000 0.000000 0.000000 0.000000 0.000000 0.000000 0.000000 0.000000 0.000000 0.000000 0.000000 0.000000 0.000000 0.000001 0.000001 0.000001 0.000002 0.000003 0.000004 0.000006 0.000008 0.000011 0.000015 0.000021 0.000027 0.000035 0.000044 0.000056 0.000069 0.000084 0.000101 0.000119 0.000139 0.000160 0.000182 0.000203 0.000223 0.000242 0.000259 0.000272 0.000283 0.000289 0.000291 0.000289 0.000283 0.000272 0.000259 0.000242 0.000223 0.000203 0.000182 0.000160 0.000139 0.000119 0.000101 0.000084 0.000069 0.000056 0.000044 0.000035 0.000027 0.000021 0.000015 0.000011 0.000008 0.000006 0.000004 0.000003 0.000002 0.000001 0.000001 0.000001 0.000000 0.000000 0.000000 0.000000 0.000000 0.000000 0.000000 0.000000 0.000000 0.000000 0.000000 0.000000 0.000000 0.000000 0.000000 0.000000 0.000000 0.000000 0.000000 0.000000 
0.000000 0.000000 0.000000 0.000000 0.000000 0.000000 0.000000 0.000000 0.000000 0.000000 0.000000 0.000000 0.000000 0.000000 0.000000 0.000000 0.000000 0.000000 0.000000 0.000000 0.000001 0.000001 0.000002 0.000003 0.000004 0.000005 0.000008 0.000011 0.000015 0.000021 0.000028 0.000038 0.000049 0.000064 0.000081 0.000102 0.000126 0.000154 0.000185 0.000219 0.000255 0.000293 0.000332 0.000371 0.000408 0.000442 0.000473 0.000498 0.000516 0.000528 0.000532 0.000528 0.000516 0.000498 0.000473 0.000442 0.000408 0.000371 0.000332 0.000293 0.000255 0.000219 0.000185 0.000154 0.000126 0.000102 0.000081 0.000064 0.000049 0.000038 0.000028 0.000021 0.000015 0.000011 0.000008 0.000005 0.000004 0.000003 0.000002 0.000001 0.000001 0.000000 0.000000 0.000000 0.000000 0.000000 0.000000 0.000000 0.000000 0.000000 0.000000 0.000000 0.000000 0.000000 0.000000 0.000000 0.000000 0.000000 0.000000 0.000000 
0.000000 0.000000 0.000000 0.000000 0.000000 0.000000 0.000000 0.000000 0.000000 0.000000 0.000000 0.000000 0.000000 0.000000 0.000000 0.000000 0.000000 0.000000 0.000001 0.000001 0.000001 0.000002 0.000003 0.000005 0.000007 0.000010 0.000014 0.000020 0.000028 0.000038 0.000051 0.000068 0.000089 0.000115 0.000147 0.000184 0.000228 0.000278 0.000333 0.000394 0.000460 0.000529 0.000599 0.000669 0.000736 0.000798 0.000852 0.000897 0.000930 0.000951 0.000958 0.000951 0.000930 0.000897 0.000852 0.000798 0.000736 0.000669 0.000599 0.000529 0.000460 0.000394 0.000333 0.000278 0.000228 0.000184 0.000147 0.000115 0.000089 0.000068 0.000051 0.000038 0.000028 0.000020 0.000014 0.000010 0.000007 0.000005 0.000003 0.000002 0.000001 0.000001 0.000001 0.000000 0.000000 0.000000 0.000000 0.000000 0.000000 0.000000 0.000000 0.000000 0.000000 0.000000 0.000000 0.000000 0.000000 0.000000 0.000000 0.000000 
0.000000 0.000000 0.000000 0.000000 0.000000 0.000000 0.000000 0.000000 0.000000 0.000000 0.000000 0.000000 0.000000 0.000000 0.000000 0.000000 0.000000 0.000001 0.000001 0.000002 0.000002 0.000004 0.000006 0.000008 0.000012 0.000018 0.000025 0.000036 0.000050 0.000068 0.000092 0.000122 0.000159 0.000206 0.000262 0.000328 0.000406 0.000495 0.000594 0.000703 0.000819 0.000942 0.001067 0.001190 0.001309 0.001419 0.001516 0.001596 0.001655 0.001692 0.001705 0.001692 0.001655 0.001596 0.001516 0.001419 0.001309 0.001190 0.001067 0.000942 0.000819 0.000703 0.000594 0.000495 0.000406 0.000328 0.000262 0.000206 0.000159 0.000122 0.000092 0.000068 0.000050 0.000036 0.000025 0.000018 0.000012 0.000008 0.000006 0.000004 0.000002 0.000002 0.000001 0.000001 0.000000 0.000000 0.000000 0.000000 0.000000 0.000000 0.000000 0.000000 0.000000 0.000000 0.000000 0.000000 0.000000 0.000000 0.000000 0.000000 
0.000000 0.000000 0.000000 0.000000 0.000000 0.000000 0.000000 0.000000 0.000000 0.000000 0.000000 0.000000 0.000000 0.000000 0.000000 0.000000 0.000001 0.000001 0.000002 0.000003 0.000004 0.000007 0.000010 0.000015 0.000022 0.000031 0.000045 0.000063 0.000088 0.000120 0.000161 0.000215 0.000281 0.000362 0.000461 0.000578 0.000714 0.000870 0.001044 0.001235 0.001440 0.001655 0.001874 0.002091 0.002299 0.002492 0.002662 0.002801 0.002906 0.002970 0.002992 0.002970 0.002906 0.002801 0.002662 0.002492 0.002299 0.002091 0.001874 0.001655 0.001440 0.001235 0.001044 0.000870 0.000714 0.000578 0.000461 0.000362 0.000281 0.000215 0.000161 0.000120 0.000088 0.000063 0.000045 0.000031 0.000022 0.000015 0.000010 0.000007 0.000004 0.000003 0.000002 0.000001 0.000001 0.000000 0.000000 0.000000 0.000000 0.000000 0.000000 0.000000 0.000000 0.000000 0.000000 0.000000 0.000000 0.000000 0.000000 0.000000 
0.000000 0.000000 0.000000 0.000000 0.000000 0.000000 0.000000 0.000000 0.000000 0.000000 0.000000 0.000000 0.000000 0.000000 0.000000 0.000001 0.000001 0.000002 0.000003 0.000005 0.000008 0.000012 0.000017 0.000026 0.000038 0.000055 0.000078 0.000110 0.000153 0.000209 0.000281 0.000373 0.000488 0.000630 0.000801 0.001004 0.001240 0.001510 0.001811 0.002142 0.002497 0.002868 0.003247 0.003623 0.003984 0.004317 0.004611 0.004853 0.005033 0.005145 0.005183 0.005145 0.005033 0.004853 0.004611 0.004317 0.003984 0.003623 0.003247 0.002868 0.002497 0.002142 0.001811 0.001510 0.001240 0.001004 0.000801 0.000630 0.000488 0.000373 0.000281 0.000209 0.000153 0.000110 0.000078 0.000055 0.000038 0.000026 0.000017 0.000012 0.000008 0.000005 0.000003 0.000002 0.000001 0.000001 0.000000 0.000000 0.000000 0.000000 0.000000 0.000000 0.000000 0.000000 0.000000 0.000000 0.000000 0.000000 0.000000 0.000000 
0.000000 0.000000 0.000000 0.000000 0.000000 0.000000 0.000000 0.000000 0.000000 0.000000 0.000000 0.000000 0.000000 0.000000 0.000001 0.000001 0.000002 0.000003 0.000005 0.000008 0.000013 0.000020 0.000030 0.000045 0.000065 0.000094 0.000135 0.000189 0.000262 0.000358 0.000482 0.000640 0.000837 0.001080 0.001372 0.001719 0.002123 0.002584 0.003100 0.003666 0.004272 0.004906 0.005553 0.006195 0.006811 0.007380 0.007881 0.008294 0.008602 0.008792 0.008857 0.008792 0.008602 0.008294 0.007881 0.007380 0.006811 0.006195 0.005553 0.004906 0.004272 0.003666 0.003100 0.002584 0.002123 0.001719 0.001372 0.001080 0.000837 0.000640 0.000482 0.000358 0.000262 0.000189 0.000135 0.000094 0.000065 0.000045 0.000030 0.000020 0.000013 0.000008 0.000005 0.000003 0.000002 0.000001 0.000001 0.000000 0.000000 0.000000 0.000000 0.000000 0.000000 0.000000 0.000000 0.000000 0.000000 0.000000 0.000000 0.000000 
0.000000 0.000000 0.000000 0.000000 0.000000 0.000000 0.000000 0.000000 0.000000 0.000000 0.000000 0.000000 0.000000 0.000001 0.000001 0.000002 0.000004 0.000006 0.000009 0.000014 0.000022 0.000034 0.000051 0.000076 0.000111 0.000160 0.000228 0.000321 0.000444 0.000607 0.000816 0.001083 0.001417 0.001826 0.002320 0.002906 0.003588 0.004366 0.005236 0.006189 0.007211 0.008280 0.009370 0.010451 0.011489 0.012448 0.013291 0.013986 0.014505 0.014826 0.014934 0.014826 0.014505 0.013986 0.013291 0.012448 0.011489 0.010451 0.009370 0.008280 0.007211 0.006189 0.005236 0.004366 0.003588 0.002906 0.002320 0.001826 0.001417 0.001083 0.000816 0.000607 0.000444 0.000321 0.000228 0.000160 0.000111 0.000076 0.000051 0.000034 0.000022 0.000014 0.000009 0.000006 0.000004 0.000002 0.000001 0.000001 0.000000 0.000000 0.000000 0.000000 0.000000 0.000000 0.000000 0.000000 0.000000 0.000000 0.000000 0.000000 
0.000000 0.000000 0.000000 0.000000 0.000000 0.000000 0.000000 0.000000 0.000000 0.000000 0.000000 0.000000 0.000001 0.000001 0.000002 0.000004 0.000006 0.000010 0.000015 0.000024 0.000037 0.000057 0.000085 0.000127 0.000186 0.000268 0.000382 0.000537 0.000743 0.001014 0.001364 0.001809 0.002364 0.003047 0.003870 0.004846 0.005980 0.007275 0.008723 0.010308 0.012007 0.013785 0.015598 0.017396 0.019120 0.020713 0.022114 0.023269 0.024131 0.024664 0.024844 0.024664 0.024131 0.023269 0.022114 0.020713 0.019120 0.017396 0.015598 0.013785 0.012007 0.010308 0.008723 0.007275 0.005980 0.004846 0.003870 0.003047 0.002364 0.001809 0.001364 0.001014 0.000743 0.000537 0.000382 0.000268 0.000186 0.000127 0.000085 0.000057 0.000037 0.000024 0.000015 0.000010 0.000006 0.000004 0.000002 0.000001 0.000001 0.000000 0.000000 0.000000 0.000000 0.000000 0.000000 0.000000 0.000000 0.000000 0.000000 0.000000 
0.000000 0.000000 0.000000 0.000000 0.000000 0.000000 0.000000 0.000000 0.000000 0.000000 0.000000 0.000001 0.000001 0.000002 0.000004 0.000006 0.000010 0.000016 0.000025 0.000040 0.000061 0.000094 0.000141 0.000210 0.000307 0.000443 0.000631 0.000885 0.001225 0.001671 0.002247 0.002979 0.003893 0.005015 0.006368 0.007971 0.009834 0.011960 0.014336 0.016939 0.019727 0.022643 0.025617 0.028564 0.031392 0.034003 0.036300 0.038194 0.039607 0.040479 0.040775 0.040479 0.039607 0.038194 0.036300 0.034003 0.031392 0.028564 0.025617 0.022643 0.019727 0.016939 0.014336 0.011960 0.009834 0.007971 0.006368 0.005015 0.003893 0.002979 0.002247 0.001671 0.001225 0.000885 0.000631 0.000443 0.000307 0.000210 0.000141 0.000094 0.000061 0.000040 0.000025 0.000016 0.000010 0.000006 0.000004 0.000002 0.000001 0.000001 0.000000 0.000000 0.000000 0.000000 0.000000 0.000000 0.000000 0.000000 0.000000 0.000000 
0.000000 0.000000 0.000000 0.000000 0.000000 0.000000 0.000000 0.000000 0.000000 0.000000 0.000001 0.000001 0.000002 0.000004 0.000006 0.000010 0.000016 0.000026 0.000041 0.000065 0.000100 0.000153 0.000230 0.000342 0.000500 0.000722 0.001027 0.001441 0.001993 0.002717 0.003653 0.004840 0.006323 0.008142 0.010336 0.012934 0.015953 0.019396 0.023245 0.027459 0.031971 0.036691 0.041503 0.046272 0.050846 0.055069 0.058784 0.061847 0.064132 0.065543 0.066020 0.065543 0.064132 0.061847 0.058784 0.055069 0.050846 0.046272 0.041503 0.036691 0.031971 0.027459 0.023245 0.019396 0.015953 0.012934 0.010336 0.008142 0.006323 0.004840 0.003653 0.002717 0.001993 0.001441 0.001027 0.000722 0.000500 0.000342 0.000230 0.000153 0.000100 0.000065 0.000041 0.000026 0.000016 0.000010 0.000006 0.000004 0.000002 0.000001 0.000001 0.000000 0.000000 0.000000 0.000000 0.000000 0.000000 0.000000 0.000000 0.000000 
0.000000 0.000000 0.000000 0.000000 0.000000 0.000000 0.000000 0.000000 0.000000 0.000001 0.000001 0.000002 0.000003 0.000006 0.000010 0.000016 0.000026 0.000042 0.000066 0.000104 0.000161 0.000246 0.000370 0.000550 0.000804 0.001160 0.001649 0.002313 0.003198 0.004358 0.005856 0.007757 0.010130 0.013041 0.016550 0.020703 0.025529 0.031031 0.037180 0.043910 0.051116 0.058652 0.066333 0.073944 0.081245 0.087983 0.093911 0.098797 0.102442 0.104694 0.105455 0.104694 0.102442 0.098797 0.093911 0.087983 0.081245 0.073944 0.066333 0.058652 0.051116 0.043910 0.037180 0.031031 0.025529 0.020703 0.016550 0.013041 0.010130 0.007757 0.005856 0.004358 0.003198 0.002313 0.001649 0.001160 0.000804 0.000550 0.000370 0.000246 0.000161 0.000104 0.000066 0.000042 0.000026 0.000016 0.000010 0.000006 0.000003 0.000002 0.000001 0.000001 0.000000 0.000000 0.000000 0.000000 0.000000 0.000000 0.000000 0.000000 
0.000000 0.000000 0.000000 0.000000 0.000000 0.000000 0.000000 0.000000 0.000001 0.000001 0.000002 0.000003 0.000005 0.000009 0.000015 0.000025 0.000041 0.000066 0.000106 0.000166 0.000256 0.000391 0.000588 0.000872 0.001275 0.001838 0.002613 0.003662 0.005061 0.006895 0.009261 0.012264 0.016010 0.020603 0.026138 0.032689 0.040299 0.048972 0.058663 0.069267 0.080618 0.092487 0.104584 0.116567 0.128061 0.138668 0.147999 0.155689 0.161426 0.164969 0.166167 0.164969 0.161426 0.155689 0.147999 0.138668 0.128061 0.116567 0.104584 0.092487 0.080618 0.069267 0.058663 0.048972 0.040299 0.032689 0.026138 0.020603 0.016010 0.012264 0.009261 0.006895 0.005061 0.003662 0.002613 0.001838 0.001275 0.000872 0.000588 0.000391 0.000256 0.000166 0.000106 0.000066 0.000041 0.000025 0.000015 0.000009 0.000005 0.000003 0.000002 0.000001 0.000001 0.000000 0.000000 0.000000 0.000000 0.000000 0.000000 0.000000 
0.000000 0.000000 0.000000 0.000000 0.000000 0.000000 0.000000 0.000000 0.000001 0.000002 0.000003 0.000005 0.000008 0.000014 0.000024 0.000040 0.000065 0.000104 0.000166 0.000260 0.000401 0.000612 0.000920 0.001364 0.001993 0.002872 0.004082 0.005719 0.007900 0.010759 0.014446 0.019123 0.024956 0.032107 0.040721 0.050912 0.062748 0.076234 0.091300 0.107781 0.125421 0.143862 0.162654 0.181267 0.199117 0.215589 0.230077 0.242017 0.250924 0.256425 0.258285 0.256425 0.250924 0.242017 0.230077 0.215589 0.199117 0.181267 0.162654 0.143862 0.125421 0.107781 0.091300 0.076234 0.062748 0.050912 0.040721 0.032107 0.024956 0.019123 0.014446 0.010759 0.007900 0.005719 0.004082 0.002872 0.001993 0.001364 0.000920 0.000612 0.000401 0.000260 0.000166 0.000104 0.000065 0.000040 0.000024 0.000014 0.000008 0.000005 0.000003 0.000002 0.000001 0.000000 0.000000 0.000000 0.000000 0.000000 0.000000 0.000000 
0.000000 0.000000 0.000000 0.000000 0.000000 0.000000 0.000000 0.000001 0.000001 0.000002 0.000004 0.000008 0.000013 0.000022 0.000037 0.000061 0.000100 0.000161 0.000256 0.000401 0.000620 0.000945 0.001420 0.002104 0.003074 0.004428 0.006289 0.008808 0.012163 0.016559 0.022226 0.029412 0.038371 0.049350 0.062573 0.078212 0.096371 0.117057 0.140159 0.165428 0.192469 0.220731 0.249527 0.278046 0.305392 0.330625 0.352817 0.371104 0.384745 0.393169 0.396018 0.393169 0.384745 0.371104 0.352817 0.330625 0.305392 0.278046 0.249527 0.220731 0.192469 0.165428 0.140159 0.117057 0.096371 0.078212 0.062573 0.049350 0.038371 0.029412 0.022226 0.016559 0.012163 0.008808 0.006289 0.004428 0.003074 0.002104 0.001420 0.000945 0.000620 0.000401 0.000256 0.000161 0.000100 0.000061 0.000037 0.000022 0.000013 0.000008 0.000004 0.000002 0.000001 0.000001 0.000000 0.000000 0.000000 0.000000 0.000000 0.000000 
0.000000 0.000000 0.000000 0.000000 0.000000 0.000000 0.000001 0.000001 0.000002 0.000004 0.000007 0.000012 0.000020 0.000034 0.000057 0.000094 0.000153 0.000246 0.000391 0.000612 0.000945 0.001439 0.002162 0.003201 0.004675 0.006731 0.009557 0.013380 0.018469 0.025135 0.033726 0.044615 0.058188 0.074816 0.094835 0.118508 0.145987 0.177284 0.212229 0.250444 0.291330 0.334057 0.377584 0.420686 0.462011 0.500139 0.533668 0.561297 0.581904 0.594631 0.598935 0.594631 0.581904 0.561297 0.533668 0.500139 0.462011 0.420686 0.377584 0.334057 0.291330 0.250444 0.212229 0.177284 0.145987 0.118508 0.094835 0.074816 0.058188 0.044615 0.033726 0.025135 0.018469 0.013380 0.009557 0.006731 0.004675 0.003201 0.002162 0.001439 0.000945 0.000612 0.000391 0.000246 0.000153 0.000094 0.000057 0.000034 0.000020 0.000012 0.000007 0.000004 0.000002 0.000001 0.000001 0.000000 0.000000 0.000000 0.000000 0.000000 
0.000000 0.000000 0.000000 0.000000 0.000000 0.000000 0.000001 0.000002 0.000003 0.000006 0.000010 0.000017 0.000030 0.000051 0.000085 0.000141 0.000230 0.000370 0.000588 0.000920 0.001420 0.002162 0.003245 0.004803 0.007011 0.010092 0.014323 0.020044 0.027658 0.037628 0.050472 0.066748 0.087028 0.111867 0.141763 0.177105 0.218122 0.264826 0.316962 0.373968 0.434946 0.498660 0.563557 0.627813 0.689412 0.746241 0.796211 0.837384 0.868094 0.887058 0.893471 0.887058 0.868094 0.837384 0.796211 0.746241 0.689412 0.627813 0.563557 0.498660 0.434946 0.373968 0.316962 0.264826 0.218122 0.177105 0.141763 0.111867 0.087028 0.066748 0.050472 0.037628 0.027658 0.020044 0.014323 0.010092 0.007011 0.004803 0.003245 0.002162 0.001420 0.000920 0.000588 0.000370 0.000230 0.000141 0.000085 0.000051 0.000030 0.000017 0.000010 0.000006 0.000003 0.000002 0.000001 0.000001 0.000000 0.000000 0.000000 0.000000 
0.000000 0.000000 0.000000 0.000000 0.000000 0.000001 0.000001 0.000003 0.000005 0.000008 0.000015 0.000026 0.000045 0.000076 0.000127 0.000210 0.000342 0.000550 0.000872 0.001364 0.002104 0.003201 0.004803 0.007107 0.010370 0.014921 0.021169 0.029614 0.040848 0.055554 0.074494 0.098487 0.128373 0.164968 0.209002 0.261044 0.321429 0.390171 0.466894 0.550766 0.640468 0.734181 0.829619 0.924104 1.014671 1.098217 1.171676 1.232198 1.277336 1.305211 1.314637 1.305211 1.277336 1.232198 1.171676 1.098217 1.014671 0.924104 0.829619 0.734181 0.640468 0.550766 0.466894 0.390171 0.321429 0.261044 0.209002 0.164968 0.128373 0.098487 0.074494 0.055554 0.040848 0.029614 0.021169 0.014921 0.010370 0.007107 0.004803 0.003201 0.002104 0.001364 0.000872 0.000550 0.000342 0.000210 0.000127 0.000076 0.000045 0.000026 0.000015 0.000008 0.000005 0.000003 0.000001 0.000001 0.000000 0.000000 0.000000 0.000000 
0.000000 0.000000 0.000000 0.000000 0.000001 0.000001 0.000002 0.000004 0.000007 0.000012 0.000022 0.000038 0.000065 0.000111 0.000186 0.000307 0.000500 0.000804 0.001275 0.001993 0.003074 0.004675 0.007011 0.010370 0.015125 0.021754 0.030853 0.043146 0.059494 0.080887 0.108432 0.143313 0.186751 0.239925 0.303891 0.379474 0.467152 0.566945 0.678302 0.800015 0.930165 1.066114 1.204548 1.341583 1.472921 1.594068 1.700579 1.788327 1.853768 1.894179 1.907845 1.894179 1.853768 1.788327 1.700579 1.594068 1.472921 1.341583 1.204548 1.066114 0.930165 0.800015 0.678302 0.566945 0.467152 0.379474 0.303891 0.239925 0.186751 0.143313 0.108432 0.080887 0.059494 0.043146 0.030853 0.021754 0.015125 0.010370 0.007011 0.004675 0.003074 0.001993 0.001275 0.000804 0.000500 0.000307 0.000186 0.000111 0.000065 0.000038 0.000022 0.000012 0.000007 0.000004 0.000002 0.000001 0.000001 0.000000 0.000000 0.000000 
0.000000 0.000000 0.000000 0.000000 0.000001 0.000002 0.000003 0.000005 0.000010 0.000018 0.000031 0.000055 0.000094 0.000160 0.000268 0.000443 0.000722 0.001160 0.001838 0.002872 0.004428 0.006731 0.010092 0.014921 0.021754 0.031277 0.044343 0.061991 0.085451 0.116143 0.155647 0.205660 0.267924 0.344125 0.435769 0.544030 0.669590 0.812470 0.971877 1.146078 1.332326 1.526845 1.724893 1.920917 2.108773 2.282037 2.434358 2.559839 2.653417 2.711201 2.730741 2.711201 2.653417 2.559839 2.434358 2.282037 2.108773 1.920917 1.724893 1.526845 1.332326 1.146078 0.971877 0.812470 0.669590 0.544030 0.435769 0.344125 0.267924 0.205660 0.155647 0.116143 0.085451 0.061991 0.044343 0.031277 0.021754 0.014921 0.010092 0.006731 0.004428 0.002872 0.001838 0.001160 0.000722 0.000443 0.000268 0.000160 0.000094 0.000055 0.000031 0.000018 0.000010 0.000005 0.000003 0.000002 0.000001 0.000000 0.000000 0.000000 
0.000000 0.000000 0.000000 0.000001 0.000001 0.000002 0.000004 0.000008 0.000014 0.000025 0.000045 0.000078 0.000135 0.000228 0.000382 0.000631 0.001027 0.001649 0.002613 0.004082 0.006289 0.009557 0.014323 0.021169 0.030853 0.044343 0.062846 0.087829 0.121031 0.164454 0.220327 0.291045 0.379063 0.486756 0.616243 0.769177 0.946510 1.148266 1.373319 1.619217 1.882080 2.156579 2.436024 2.712581 2.977589 3.221993 3.436839 3.613818 3.745795 3.827289 3.854846 3.827289 3.745795 3.613818 3.436839 3.221993 2.977589 2.712581 2.436024 2.156579 1.882080 1.619217 1.373319 1.148266 0.946510 0.769177 0.616243 0.486756 0.379063 0.291045 0.220327 0.164454 0.121031 0.087829 0.062846 0.044343 0.030853 0.021169 0.014323 0.009557 0.006289 0.004082 0.002613 0.001649 0.001027 0.000631 0.000382 0.000228 0.000135 0.000078 0.000045 0.000025 0.000014 0.000008 0.000004 0.000002 0.000001 0.000001 0.000000 0.000000 
0.000000 0.000000 0.000001 0.000001 0.000002 0.000003 0.000006 0.000011 0.000020 0.000036 0.000063 0.000110 0.000189 0.000321 0.000537 0.000885 0.001441 0.002313 0.003662 0.005719 0.008808 0.013380 0.020044 0.029614 0.043146 0.061991 0.087829 0.122706 0.169042 0.229625 0.307557 0.406168 0.528871 0.678968 0.859400 1.072457 1.319458 1.600424 1.913779 2.256104 2.621994 3.004028 3.392900 3.777712 4.146421 4.486434 4.785308 5.031491 5.215068 5.328421 5.366751 5.328421 5.215068 5.031491 4.785308 4.486434 4.146421 3.777712 3.392900 3.004028 2.621994 2.256104 1.913779 1.600424 1.319458 1.072457 0.859400 0.678968 0.528871 0.406168 0.307557 0.229625 0.169042 0.122706 0.087829 0.061991 0.043146 0.029614 0.020044 0.013380 0.008808 0.005719 0.003662 0.002313 0.001441 0.000885 0.000537 0.000321 0.000189 0.000110 0.000063 0.000036 0.000020 0.000011 0.000006 0.000003 0.000002 0.000001 0.000001 0.000001 
0.000000 0.000000 0.000001 0.000001 0.000002 0.000004 0.000008 0.000015 0.000028 0.000050 0.000088 0.000153 0.000262 0.000444 0.000743 0.001225 0.001993 0.003198 0.005061 0.007900 0.012163 0.018469 0.027658 0.040848 0.059494 0.085451 0.121031 0.169042 0.232810 0.316160 0.423352 0.558952 0.727640 0.933942 1.181884 1.474599 1.813885 2.199756 2.630038 3.100030 3.602304 4.126672 4.660366 5.188434 5.694358 6.160873 6.570915 6.908651 7.160490 7.315987 7.368568 7.315987 7.160490 6.908651 6.570915 6.160873 5.694358 5.188434 4.660366 4.126672 3.602304 3.100030 2.630038 2.199756 1.813885 1.474599 1.181884 0.933942 0.727640 0.558952 0.423352 0.316160 0.232810 0.169042 0.121031 0.085451 0.059494 0.040848 0.027658 0.018469 0.012163 0.007900 0.005061 0.003198 0.001993 0.001225 0.000743 0.000444 0.000262 0.000153 0.000088 0.000050 0.000028 0.000015 0.000008 0.000005 0.000002 0.000001 0.000001 0.000001 
0.000001 0.000001 0.000001 0.000002 0.000003 0.000006 0.000011 0.000021 0.000038 0.000068 0.000120 0.000209 0.000358 0.000607 0.001014 0.001671 0.002717 0.004358 0.006895 0.010759 0.016559 0.025135 0.037628 0.055554 0.080887 0.116143 0.164454 0.229625 0.316160 0.429240 0.574628 0.758502 0.987192 1.266813 1.602804 1.999391 2.458991 2.981608 3.564281 4.200635 4.880606 5.590403 6.312744 7.027400 7.712031 8.343285 8.898090 9.355041 9.695760 9.906132 9.977267 9.906132 9.695760 9.355041 8.898090 8.343285 7.712031 7.027400 6.312744 5.590403 4.880606 4.200635 3.564281 2.981608 2.458991 1.999391 1.602804 1.266813 0.987192 0.758502 0.574628 0.429240 0.316160 0.229625 0.164454 0.116143 0.080887 0.055554 0.037628 0.025135 0.016559 0.010759 0.006895 0.004358 0.002717 0.001671 0.001014 0.000607 0.000358 0.000209 0.000120 0.000068 0.000038 0.000021 0.000011 0.000006 0.000003 0.000002 0.000001 0.000001 
0.000001 0.000001 0.000001 0.000002 0.000004 0.000008 0.000015 0.000028 0.000051 0.000092 0.000161 0.000281 0.000482 0.000816 0.001364 0.002247 0.003653 0.005856 0.009261 0.014446 0.022226 0.033726 0.050472 0.074494 0.108432 0.155647 0.220327 0.307557 0.423352 0.574628 0.769077 1.014944 1.320670 1.694404 2.143394 2.673261 3.287209 3.985225 4.763336 5.613015 6.520817 7.468328 8.432484 9.386292 10.299954 11.142323 11.882635 12.492343 12.946950 13.227632 13.322541 13.227632 12.946950 12.492343 11.882635 11.142323 10.299954 9.386292 8.432484 7.468328 6.520817 5.613015 4.763336 3.985225 3.287209 2.673261 2.143394 1.694404 1.320670 1.014944 0.769077 0.574628 0.423352 0.307557 0.220327 0.155647 0.108432 0.074494 0.050472 0.033726 0.022226 0.014446 0.009261 0.005856 0.003653 0.002247 0.001364 0.000816 0.000482 0.000281 0.000161 0.000092 0.000051 0.000028 0.000015 0.000008 0.000005 0.000003 0.000002 0.000002 
0.000001 0.000001 0.000002 0.000003 0.000006 0.000011 0.000021 0.000038 0.000068 0.000122 0.000215 0.000373 0.000640 0.001083 0.001809 0.002979 0.004840 0.007757 0.012264 0.019123 0.029412 0.044615 0.066748 0.098487 0.143313 0.205660 0.291045 0.406168 0.558952 0.758502 1.014944 1.339126 1.742147 2.234724 2.826375 3.524478 4.333226 5.252572 6.277264 7.396055 8.591232 9.838551 11.107655 12.363028 13.565468 14.674009 15.648189 16.450473 17.048646 17.417961 17.542839 17.417961 17.048646 16.450473 15.648189 14.674009 13.565468 12.363028 11.107655 9.838551 8.591232 7.396055 6.277264 5.252572 4.333226 3.524478 2.826375 2.234724 1.742147 1.339126 1.014944 0.758502 0.558952 0.406168 0.291045 0.205660 0.143313 0.098487 0.066748 0.044615 0.029412 0.019123 0.012264 0.007757 0.004840 0.002979 0.001809 0.001083 0.000640 0.000373 0.000215 0.000122 0.000068 0.000038 0.000021 0.000011 0.000006 0.000003 0.000002 0.000002 
0.000002 0.000002 0.000002 0.000004 0.000008 0.000015 0.000027 0.000049 0.000089 0.000159 0.000281 0.000488 0.000837 0.001417 0.002364 0.003893 0.006323 0.010130 0.016010 0.024956 0.038371 0.058188 0.087028 0.128373 0.186751 0.267924 0.379063 0.528871 0.727640 0.987192 1.320670 1.742147 2.266023 2.906188 3.674978 4.581938 5.632479 6.826512 8.157183 9.609869 11.161560 12.780776 14.428117 16.057497 17.618059 19.056666 20.320840 21.361904 22.138084 22.617291 22.779325 22.617291 22.138084 21.361904 20.320840 19.056666 17.618059 16.057497 14.428117 12.780776 11.161560 9.609869 8.157183 6.826512 5.632479 4.581938 3.674978 2.906188 2.266023 1.742147 1.320670 0.987192 0.727640 0.528871 0.379063 0.267924 0.186751 0.128373 0.087028 0.058188 0.038371 0.024956 0.016010 0.010130 0.006323 0.003893 0.002364 0.001417 0.000837 0.000488 0.000281 0.000159 0.000089 0.000049 0.000027 0.000015 0.000008 0.000005 0.000003 0.000003 
0.000002 0.000002 0.000003 0.000005 0.000010 0.000019 0.000035 0.000064 0.000115 0.000206 0.000362 0.000630 0.001080 0.001826 0.003047 0.005015 0.008142 0.013041 0.020603 0.032107 0.049350 0.074816 0.111867 0.164968 0.239925 0.344125 0.486756 0.678968 0.933942 1.266813 1.694404 2.234724 2.906188 3.726558 4.711594 5.873480 7.219107 8.748316 10.452300 12.312308 14.298865 16.371664 18.480278 20.565736 22.562974 24.404022 26.021760 27.353935 28.347128 28.960304 29.167636 28.960304 28.347128 27.353935 26.021760 24.404022 22.562974 20.565736 18.480278 16.371664 14.298865 12.312308 10.452300 8.748316 7.219107 5.873480 4.711594 3.726558 2.906188 2.234724 1.694404 1.266813 0.933942 0.678968 0.486756 0.344125 0.239925 0.164968 0.111867 0.074816 0.049350 0.032107 0.020603 0.013041 0.008142 0.005015 0.003047 0.001826 0.001080 0.000630 0.000362 0.000206 0.000115 0.000064 0.000035 0.000019 0.000010 0.000006 0.000004 0.000004 
0.000003 0.000003 0.000004 0.000007 0.000013 0.000024 0.000044 0.000081 0.000147 0.000262 0.000461 0.000801 0.001372 0.002320 0.003870 0.006368 0.010336 0.016550 0.026138 0.040721 0.062573 0.094835 0.141763 0.209002 0.303891 0.435769 0.616243 0.859400 1.181884 1.602804 2.143394 2.826375 3.674978 4.711594 5.956083 7.423786 9.123351 11.054534 13.206173 15.554560 18.062465 20.679000 23.340521 25.972617 28.493202 30.816540 32.857972 34.538988 35.792220 36.565926 36.827534 36.565926 35.792220 34.538988 32.857972 30.816540 28.493202 25.972617 23.340521 20.679000 18.062465 15.554560 13.206173 11.054534 9.123351 7.423786 5.956083 4.711594 3.674978 2.826375 2.143394 1.602804 1.181884 0.859400 0.616243 0.435769 0.303891 0.209002 0.141763 0.094835 0.062573 0.040721 0.026138 0.016550 0.010336 0.006368 0.003870 0.002320 0.001372 0.000801 0.000461 0.000262 0.000147 0.000081 0.000044 0.000024 0.000013 0.000008 0.000005 0.000005 
0.000003 0.000003 0.000005 0.000009 0.000016 0.000030 0.000056 0.000102 0.000184 0.000328 0.000578 0.001004 0.001719 0.002906 0.004846 0.007971 0.012934 0.020703 0.032689 0.050912 0.078212 0.118508 0.177105 0.261044 0.379474 0.544030 0.769177 1.072457 1.474599 1.999391 2.673261 3.524478 4.581938 5.873480 7.423786 9.251900 11.368533 13.773327 16.452335 19.376006 22.497969 25.754874 29.067510 32.343294 35.480101 38.371286 40.911553 43.003260 44.562630 45.525318 45.850823 45.525318 44.562630 43.003260 40.911553 38.371286 35.480101 32.343294 29.067510 25.754874 22.497969 19.376006 16.452335 13.773327 11.368533 9.251900 7.423786 5.873480 4.581938 3.524478 2.673261 1.999391 1.474599 1.072457 0.769177 0.544030 0.379474 0.261044 0.177105 0.118508 0.078212 0.050912 0.032689 0.020703 0.012934 0.007971 0.004846 0.002906 0.001719 0.001004 0.000578 0.000328 0.000184 0.000102 0.000056 0.000030 0.000016 0.000009 0.000007 0.000007 
0.000004 0.000004 0.000006 0.000011 0.000020 0.000037 0.000069 0.000126 0.000228 0.000406 0.000714 0.001240 0.002123 0.003588 0.005980 0.009834 0.015953 0.025529 0.040299 0.062748 0.096371 0.145987 0.218122 0.321429 0.467152 0.669590 0.946510 1.319458 1.813885 2.458991 3.287209 4.333226 5.632479 7.219107 9.123351 11.368533 13.967737 16.920459 20.209522 23.798607 27.630767 31.628236 35.693807 39.713883 43.563184 47.110896 50.227875 52.794374 54.707654 55.888811 56.288181 55.888811 54.707654 52.794374 50.227875 47.110896 43.563184 39.713883 35.693807 31.628236 27.630767 23.798607 20.209522 16.920459 13.967737 11.368533 9.123351 7.219107 5.632479 4.333226 3.287209 2.458991 1.813885 1.319458 0.946510 0.669590 0.467152 0.321429 0.218122 0.145987 0.096371 0.062748 0.040299 0.025529 0.015953 0.009834 0.005980 0.003588 0.002123 0.001240 0.000714 0.000406 0.000228 0.000126 0.000069 0.000037 0.000020 0.000012 0.000008 0.000008 
0.000005 0.000005 0.000007 0.000013 0.000024 0.000045 0.000084 0.000154 0.000278 0.000495 0.000870 0.001510 0.002584 0.004366 0.007275 0.011960 0.019396 0.031031 0.048972 0.076234 0.117057 0.177284 0.264826 0.390171 0.566945 0.812470 1.148266 1.600424 2.199756 2.981608 3.985225 5.252572 6.826512 8.748316 11.054534 13.773327 16.920459 20.495249 24.476841 28.821227 33.459450 38.297381 43.217392 48.082047 52.739799 57.032422 60.803726 63.908896 66.223693 67.652703 68.135873 67.652703 66.223693 63.908896 60.803726 57.032422 52.739799 48.082047 43.217392 38.297381 33.459450 28.821227 24.476841 20.495249 16.920459 13.773327 11.054534 8.748316 6.826512 5.252572 3.985225 2.981608 2.199756 1.600424 1.148266 0.812470 0.566945 0.390171 0.264826 0.177284 0.117057 0.076234 0.048972 0.031031 0.019396 0.011960 0.007275 0.004366 0.002584 0.001510 0.000870 0.000495 0.000278 0.000154 0.000084 0.000046 0.000025 0.000014 0.000010 0.000010 
0.000006 0.000006 0.000009 0.000016 0.000029 0.000054 0.000101 0.000185 0.000333 0.000594 0.001044 0.001811 0.003100 0.005236 0.008723 0.014336 0.023245 0.037180 0.058663 0.091300 0.140159 0.212229 0.316962 0.466894 0.678302 0.971877 1.373319 1.913779 2.630038 3.564281 4.763336 6.277264 8.157183 10.452300 13.206173 16.452335 20.209522 24.476841 29.229332 34.414417 39.949766 45.723042 51.593889 57.398352 62.955662 68.077107 72.576416 76.280896 79.042398 80.747152 81.323551 80.747152 79.042398 76.280896 72.576416 68.077107 62.955662 57.398352 51.593889 45.723042 39.949766 34.414417 29.229332 24.476841 20.209522 16.452335 13.206173 10.452300 8.157183 6.277264 4.763336 3.564281 2.630038 1.913779 1.373319 0.971877 0.678302 0.466894 0.316962 0.212229 0.140159 0.091300 0.058663 0.037180 0.023245 0.014336 0.008723 0.005236 0.003100 0.001811 0.001044 0.000594 0.000333 0.000185 0.000101 0.000055 0.000030 0.000017 0.000012 0.000012 
0.000007 0.000007 0.000011 0.000019 0.000035 0.000065 0.000119 0.000219 0.000394 0.000703 0.001235 0.002142 0.003666 0.006189 0.010308 0.016939 0.027459 0.043910 0.069267 0.107781 0.165428 0.250444 0.373968 0.550766 0.800015 1.146078 1.619217 2.256104 3.100030 4.200635 5.613015 7.396055 9.609869 12.312308 15.554560 19.376006 23.798607 28.821227 34.414417 40.516247 47.029799 53.822878 60.730357 67.559372 74.097308 80.122231 85.415093 89.772825 93.021230 95.026537 95.704552 95.026537 93.021230 89.772825 85.415093 80.122231 74.097308 67.559372 60.730357 53.822878 47.029799 40.516247 34.414417 28.821227 23.798607 19.376006 15.554560 12.312308 9.609869 7.396055 5.613015 4.200635 3.100030 2.256104 1.619217 1.146078 0.800015 0.550766 0.373968 0.250444 0.165428 0.107781 0.069267 0.043910 0.027459 0.016939 0.010308 0.006189 0.003666 0.002142 0.001235 0.000703 0.000395 0.000219 0.000120 0.000065 0.000035 0.000020 0.000014 0.000014 
0.000008 0.000008 0.000012 0.000022 0.000040 0.000075 0.000139 0.000255 0.000460 0.000819 0.001440 0.002497 0.004272 0.007211 0.012007 0.019727 0.031971 0.051116 0.080618 0.125421 0.192469 0.291330 0.434946 0.640468 0.930165 1.332326 1.882080 2.621994 3.602304 4.880606 6.520817 8.591232 11.161560 14.298865 18.062465 22.497969 27.630767 33.459450 39.949766 47.029799 54.587061 62.468169 70.481568 78.403561 85.987571 92.976232 99.115550 104.170067 107.937812 110.263690 111.050089 110.263690 107.937812 104.170067 99.115550 92.976232 85.987571 78.403561 70.481568 62.468169 54.587061 47.029799 39.949766 33.459450 27.630767 22.497969 18.062465 14.298865 11.161560 8.591232 6.520817 4.880606 3.602304 2.621994 1.882080 1.332326 0.930165 0.640468 0.434946 0.291330 0.192469 0.125421 0.080618 0.051116 0.031971 0.019727 0.012007 0.007211 0.004272 0.002497 0.001440 0.000819 0.000460 0.000255 0.000140 0.000076 0.000041 0.000024 0.000016 0.000016 
0.000010 0.000010 0.000014 0.000025 0.000046 0.000087 0.000160 0.000293 0.000529 0.000942 0.001655 0.002868 0.004906 0.008280 0.013785 0.022643 0.036691 0.058652 0.092487 0.143862 0.220731 0.334057 0.498660 0.734181 1.066114 1.526845 2.156579 3.004028 4.126672 5.590403 7.468328 9.838551 12.780776 16.371664 20.679000 25.754874 31.628236 38.297381 45.723042 53.822878 62.468169 71.483442 80.649597 89.710804 98.385094 106.378190 113.399680 119.180366 123.489343 126.149302 127.048651 126.149302 123.489343 119.180366 113.399680 106.378190 98.385094 89.710804 80.649597 71.483442 62.468169 53.822878 45.723042 38.297381 31.628236 25.754874 20.679000 16.371664 12.780776 9.838551 7.468328 5.590403 4.126672 3.004028 2.156579 1.526845 1.066114 0.734181 0.498660 0.334057 0.220731 0.143862 0.092487 0.058652 0.036691 0.022643 0.013785 0.008280 0.004906 0.002868 0.001655 0.000942 0.000529 0.000293 0.000161 0.000087 0.000048 0.000027 0.000019 0.000019 
0.000011 0.000011 0.000016 0.000028 0.000053 0.000098 0.000182 0.000332 0.000599 0.001067 0.001874 0.003247 0.005553 0.009370 0.015598 0.025617 0.041503 0.066333 0.104584 0.162654 0.249527 0.377584 0.563557 0.829619 1.204548 1.724893 2.436024 3.392900 4.660366 6.312744 8.432484 11.107655 14.428117 18.480278 23.340521 29.067510 35.693807 43.217392 51.593889 60.730357 70.481568 80.649597 90.987350 101.206343 110.988650 120.002486 127.920447 134.439059 139.298021 142.297460 143.311585 142.297460 139.298021 134.439059 127.920447 120.002486 110.988650 101.206343 90.987350 80.649597 70.481568 60.730357 51.593889 43.217392 35.693807 29.067510 23.340521 18.480278 14.428117 11.107655 8.432484 6.312744 4.660366 3.392900 2.436024 1.724893 1.204548 0.829619 0.563557 0.377584 0.249527 0.162654 0.104584 0.066333 0.041503 0.025617 0.015598 0.009370 0.005553 0.003247 0.001874 0.001067 0.000599 0.000332 0.000182 0.000099 0.000054 0.000031 0.000022 0.000022 
