0.000000 0.000000 0.000000 0.000000 0.000000 0.000000 0.000000 0.000000 0.000000 0.000000 0.000000 0.000000 0.000000 0.000001 0.000001 0.000001 0.000002 0.000003 0.000004 0.000006 0.000008 0.000011 0.000014 0.000019 0.000026 0.000034 0.000044 0.000057 0.000072 0.000091 0.000114 0.000140 0.000171 0.000207 0.000247 0.000292 0.000341 0.000394 0.000451 0.000511 0.000572 0.000634 0.000695 0.000753 0.000808 0.000858 0.000900 0.000935 0.000961 0.000976 0.000982 0.000976 0.000961 0.000935 0.000900 0.000858 0.000808 0.000753 0.000695 0.000634 0.000572 0.000511 0.000451 0.000394 0.000341 0.000292 0.000247 0.000207 0.000171 0.000140 0.000114 0.000091 0.000072 0.000057 0.000044 0.000034 0.000026 0.000019 0.000014 0.000011 0.000008 0.000006 0.000004 0.000003 0.000002 0.000001 0.000001 0.000001 0.000000 0.000000 0.000000 0.000000 0.000000 0.000000 0.000000 0.000000 0.000000 0.000000 0.000000 0.000000 
0.000000 0.000000 0.000000 0.000000 0.000000 0.000000 0.000000 0.000000 0.000000 0.000000 0.000000 0.000000 0.000000 0.000001 0.000001 0.000001 0.000002 0.000003 0.000004 0.000006 0.000008 0.000011 0.000014 0.000019 0.000026 0.000034 0.000044 0.000057 0.000072 0.000091 0.000114 0.000140 0.000171 0.000207 0.000247 0.000292 0.000341 0.000394 0.000451 0.000511 0.000572 0.000634 0.000695 0.000753 0.000808 0.000858 0.000900 0.000935 0.000961 0.000976 0.000982 0.000976 0.000961 0.000935 0.000900 0.000858 0.000808 0.000753 0.000695 0.000634 0.000572 0.000511 0.000451 0.000394 0.000341 0.000292 0.000247 0.000207 0.000171 0.000140 0.000114 0.000091 0.000072 0.000057 0.000044 0.000034 0.000026 0.000019 0.000014 0.000011 0.000008 0.000006 0.000004 0.000003 0.000002 0.000001 0.000001 0.000001 0.000000 0.000000 0.000000 0.000000 0.000000 0.000000 0.000000 0.000000 0.000000 0.000000 0.000000 0.000000 
0.000000 0.000000 0.000000 0.000000 0.000000 0.000000 0.000000 0.000000 0.000000 0.000000 0.000000 0.000000 0.000001 0.000001 0.000001 0.000002 0.000002 0.000004 0.000005 0.000007 0.000010 0.000013 0.000018 0.000024 0.000032 0.000043 0.000055 0.000071 0.000091 0.000115 0.000143 0.000176 0.000215 0.000260 0.000310 0.000366 0.000428 0.000495 0.000567 0.000642 0.000718 0.000796 0.000872 0.000946 0.001014 0.001076 0.001130 0.001173 0.001206 0.001225 0.001232 0.001225 0.001206 0.001173 0.001130 0.001076 0.001014 0.000946 0.000872 0.000796 0.000718 0.000642 0.000567 0.000495 0.000428 0.000366 0.000310 0.000260 0.000215 0.000176 0.000143 0.000115 0.000091 0.000071 0.000055 0.000043 0.000032 0.000024 0.000018 0.000013 0.000010 0.000007 0.000005 0.000004 0.000002 0.000002 0.000001 0.000001 0.000001 0.000000 0.000000 0.000000 0.000000 0.000000 0.000000 0.000000 0.000000 0.000000 0.000000 0.000000 
0.000000 0.000000 0.000000 0.000000 0.000000 0.000000 0.000000 0.000000 0.000000 0.000000 0.000000 0.000001 0.000001 0.000001 0.000002 0.000003 0.000004 0.000005 0.000007 0.000010 0.000014 0.000020 0.000026 0.000036 0.000047 0.000062 0.000081 0.000104 0.000132 0.000167 0.000208 0.000256 0.000312 0.000377 0.000450 0.000532 0.000622 0.000719 0.000822 0.000931 0.001042 0.001154 0.001265 0.001371 0.001471 0.001560 0.001638 0.001701 0.001747 0.001776 0.001785 0.001776 0.001747 0.001701 0.001638 0.001560 0.001471 0.001371 0.001265 0.001154 0.001042 0.000931 0.000822 0.000719 0.000622 0.000532 0.000450 0.000377 0.000312 0.000256 0.000208 0.000167 0.000132 0.000104 0.000081 0.000062 0.000047 0.000036 0.000026 0.000020 0.000014 0.000010 0.000007 0.000005 0.000004 0.000003 0.000002 0.000001 0.000001 0.000001 0.000000 0.000000 0.000000 0.000000 0.000000 0.000000 0.000000 0.000000 0.000000 0.000000 
0.000000 0.000000 0.000000 0.000000 0.000000 0.000000 0.000000 0.000000 0.000000 0.000000 0.000001 0.000001 0.000001 0.000002 0.000003 0.000004 0.000006 0.000008 0.000011 0.000016 0.000022 0.000030 0.000041 0.000055 0.000073 0.000096 0.000125 0.000161 0.000205 0.000258 0.000321 0.000396 0.000483 0.000583 0.000696 0.000822 0.000961 0.001111 0.001271 0.001438 0.001610 0.001783 0.001954 0.002118 0.002271 0.002410 0.002529 0.002626 0.002698 0.002742 0.002757 0.002742 0.002698 0.002626 0.002529 0.002410 0.002271 0.002118 0.001954 0.001783 0.001610 0.001438 0.001271 0.001111 0.000961 0.000822 0.000696 0.000583 0.000483 0.000396 0.000321 0.000258 0.000205 0.000161 0.000125 0.000096 0.000073 0.000055 0.000041 0.000030 0.000022 0.000016 0.000011 0.000008 0.000006 0.000004 0.000003 0.000002 0.000001 0.000001 0.000001 0.000000 0.000000 0.000000 0.000000 0.000000 0.000000 0.000000 0.000000 0.000000 
0.000000 0.000000 0.000000 0.000000 0.000000 0.000000 0.000000 0.000000 0.000000 0.000001 0.000001 0.000001 0.000002 0.000003 0.000004 0.000006 0.000009 0.000013 0.000018 0.000025 0.000035 0.000048 0.000065 0.000087 0.000116 0.000152 0.000198 0.000254 0.000323 0.000407 0.000507 0.000625 0.000762 0.000920 0.001098 0.001296 0.001515 0.001751 0.002002 0.002266 0.002536 0.002809 0.003077 0.003336 0.003577 0.003795 0.003983 0.004135 0.004248 0.004317 0.004340 0.004317 0.004248 0.004135 0.003983 0.003795 0.003577 0.003336 0.003077 0.002809 0.002536 0.002266 0.002002 0.001751 0.001515 0.001296 0.001098 0.000920 0.000762 0.000625 0.000507 0.000407 0.000323 0.000254 0.000198 0.000152 0.000116 0.000087 0.000065 0.000048 0.000035 0.000025 0.000018 0.000013 0.000009 0.000006 0.000004 0.000003 0.000002 0.000001 0.000001 0.000001 0.000000 0.000000 0.000000 0.000000 0.000000 0.000000 0.000000 0.000000 
0.000000 0.000000 0.000000 0.000000 0.000000 0.000000 0.000000 0.000000 0.000001 0.000001 0.000001 0.000002 0.000003 0.000005 0.000007 0.000010 0.000014 0.000020 0.000029 0.000040 0.000055 0.000076 0.000103 0.000138 0.000183 0.000240 0.000312 0.000402 0.000511 0.000643 0.000801 0.000987 0.001204 0.001452 0.001733 0.002046 0.002390 0.002762 0.003159 0.003574 0.004000 0.004429 0.004852 0.005259 0.005639 0.005982 0.006278 0.006519 0.006696 0.006805 0.006841 0.006805 0.006696 0.006519 0.006278 0.005982 0.005639 0.005259 0.004852 0.004429 0.004000 0.003574 0.003159 0.002762 0.002390 0.002046 0.001733 0.001452 0.001204 0.000987 0.000801 0.000643 0.000511 0.000402 0.000312 0.000240 0.000183 0.000138 0.000103 0.000076 0.000055 0.000040 0.000029 0.000020 0.000014 0.000010 0.000007 0.000005 0.000003 0.000002 0.000001 0.000001 0.000001 0.000000 0.000000 0.000000 0.000000 0.000000 0.000000 0.000000 
0.000000 0.000000 0.000000 0.000000 0.000000 0.000000 0.000000 0.000001 0.000001 0.000001 0.000002 0.000003 0.000005 0.000007 0.000011 0.000015 0.000022 0.000032 0.000045 0.000063 0.000087 0.000119 0.000162 0.000217 0.000288 0.000378 0.000491 0.000631 0.000803 0.001010 0.001258 0.001550 0.001889 0.002278 0.002718 0.003209 0.003748 0.004332 0.004953 0.005602 0.006270 0.006942 0.007605 0.008242 0.008837 0.009374 0.009837 0.010214 0.010491 0.010661 0.010719 0.010661 0.010491 0.010214 0.009837 0.009374 0.008837 0.008242 0.007605 0.006942 0.006270 0.005602 0.004953 0.004332 0.003748 0.003209 0.002718 0.002278 0.001889 0.001550 0.001258 0.001010 0.000803 0.000631 0.000491 0.000378 0.000288 0.000217 0.000162 0.000119 0.000087 0.000063 0.000045 0.000032 0.000022 0.000015 0.000011 0.000007 0.000005 0.000003 0.000002 0.000001 0.000001 0.000001 0.000000 0.000000 0.000000 0.000000 0.000000 0.000000 
0.000000 0.000000 0.000000 0.000000 0.000000 0.000000 0.000001 0.000001 0.000001 0.000002 0.000003 0.000005 0.000008 0.000011 0.000017 0.000024 0.000035 0.000050 0.000070 0.000098 0.000136 0.000186 0.000252 0.000338 0.000449 0.000589 0.000765 0.000983 0.001250 0.001572 0.001958 0.002411 0.002939 0.003543 0.004227 0.004990 0.005828 0.006734 0.007698 0.008707 0.009743 0.010787 0.011816 0.012804 0.013728 0.014561 0.015281 0.015865 0.016296 0.016560 0.016649 0.016560 0.016296 0.015865 0.015281 0.014561 0.013728 0.012804 0.011816 0.010787 0.009743 0.008707 0.007698 0.006734 0.005828 0.004990 0.004227 0.003543 0.002939 0.002411 0.001958 0.001572 0.001250 0.000983 0.000765 0.000589 0.000449 0.000338 0.000252 0.000186 0.000136 0.000098 0.000070 0.000050 0.000035 0.000024 0.000017 0.000011 0.000008 0.000005 0.000003 0.000002 0.000001 0.000001 0.000001 0.000000 0.000000 0.000000 0.000000 0.000000 
0.000000 0.000000 0.000000 0.000000 0.000000 0.000001 0.000001 0.000001 0.000002 0.000003 0.000005 0.000008 0.000012 0.000017 0.000026 0.000037 0.000054 0.000077 0.000109 0.000152 0.000210 0.000288 0.000390 0.000522 0.000692 0.000909 0.001180 0.001516 0.001927 0.002424 0.003017 0.003716 0.004528 0.005459 0.006512 0.007685 0.008974 0.010368 0.011851 0.013403 0.014997 0.016602 0.018183 0.019703 0.021123 0.022404 0.023510 0.024408 0.025071 0.025477 0.025613 0.025477 0.025071 0.024408 0.023510 0.022404 0.021123 0.019703 0.018183 0.016602 0.014997 0.013403 0.011851 0.010368 0.008974 0.007685 0.006512 0.005459 0.004528 0.003716 0.003017 0.002424 0.001927 0.001516 0.001180 0.000909 0.000692 0.000522 0.000390 0.000288 0.000210 0.000152 0.000109 0.000077 0.000054 0.000037 0.000026 0.000017 0.000012 0.000008 0.000005 0.000003 0.000002 0.000001 0.000001 0.000001 0.000000 0.000000 0.000000 0.000000 
0.000000 0.000000 0.000000 0.000000 0.000001 0.000001 0.000001 0.000002 0.000003 0.000005 0.000008 0.000012 0.000018 0.000027 0.000039 0.000057 0.000083 0.000118 0.000166 0.000232 0.000321 0.000440 0.000595 0.000798 0.001058 0.001388 0.001802 0.002315 0.002942 0.003700 0.004604 0.005669 0.006907 0.008326 0.009930 0.011718 0.013681 0.015804 0.018063 0.020426 0.022853 0.025297 0.027704 0.030018 0.032179 0.034129 0.035813 0.037179 0.038187 0.038805 0.039013 0.038805 0.038187 0.037179 0.035813 0.034129 0.032179 0.030018 0.027704 0.025297 0.022853 0.020426 0.018063 0.015804 0.013681 0.011718 0.009930 0.008326 0.006907 0.005669 0.004604 0.003700 0.002942 0.002315 0.001802 0.001388 0.001058 0.000798 0.000595 0.000440 0.000321 0.000232 0.000166 0.000118 0.000083 0.000057 0.000039 0.000027 0.000018 0.000012 0.000008 0.000005 0.000003 0.000002 0.000001 0.000001 0.000001 0.000000 0.000000 0.000000 
0.000000 0.000000 0.000000 0.000001 0.000001 0.000001 0.000002 0.000003 0.000005 0.000008 0.000012 0.000018 0.000027 0.000040 0.000060 0.000087 0.000125 0.000178 0.000252 0.000352 0.000487 0.000666 0.000901 0.001207 0.001600 0.002099 0.002724 0.003498 0.004446 0.005590 0.006955 0.008563 0.010430 0.012571 0.014991 0.017687 0.020648 0.023849 0.027255 0.030817 0.034475 0.038158 0.041786 0.045273 0.048530 0.051468 0.054005 0.056064 0.057582 0.058513 0.058827 0.058513 0.057582 0.056064 0.054005 0.051468 0.048530 0.045273 0.041786 0.038158 0.034475 0.030817 0.027255 0.023849 0.020648 0.017687 0.014991 0.012571 0.010430 0.008563 0.006955 0.005590 0.004446 0.003498 0.002724 0.002099 0.001600 0.001207 0.000901 0.000666 0.000487 0.000352 0.000252 0.000178 0.000125 0.000087 0.000060 0.000040 0.000027 0.000018 0.000012 0.000008 0.000005 0.000003 0.000002 0.000001 0.000001 0.000001 0.000000 0.000000 
0.000000 0.000000 0.000001 0.000001 0.000001 0.000002 0.000003 0.000005 0.000008 0.000012 0.000018 0.000027 0.000041 0.000061 0.000089 0.000130 0.000188 0.000268 0.000378 0.000528 0.000729 0.000997 0.001350 0.001807 0.002395 0.003141 0.004076 0.005234 0.006650 0.008361 0.010400 0.012801 0.015591 0.018787 0.022400 0.026426 0.030846 0.035624 0.040707 0.046023 0.051481 0.056975 0.062388 0.067590 0.072448 0.076831 0.080614 0.083685 0.085950 0.087338 0.087806 0.087338 0.085950 0.083685 0.080614 0.076831 0.072448 0.067590 0.062388 0.056975 0.051481 0.046023 0.040707 0.035624 0.030846 0.026426 0.022400 0.018787 0.015591 0.012801 0.010400 0.008361 0.006650 0.005234 0.004076 0.003141 0.002395 0.001807 0.001350 0.000997 0.000729 0.000528 0.000378 0.000268 0.000188 0.000130 0.000089 0.000061 0.000041 0.000027 0.000018 0.000012 0.000008 0.000005 0.000003 0.000002 0.000001 0.000001 0.000001 0.000001 
0.000001 0.000001 0.000001 0.000001 0.000002 0.000003 0.000005 0.000007 0.000011 0.000017 0.000027 0.000040 0.000061 0.000090 0.000133 0.000193 0.000279 0.000397 0.000561 0.000783 0.001081 0.001479 0.002001 0.002679 0.003549 0.004654 0.006038 0.007751 0.009846 0.012376 0.015393 0.018943 0.023067 0.027793 0.033133 0.039083 0.045613 0.052673 0.060182 0.068033 0.076095 0.084210 0.092203 0.099884 0.107058 0.113530 0.119115 0.123649 0.126992 0.129042 0.129732 0.129042 0.126992 0.123649 0.119115 0.113530 0.107058 0.099884 0.092203 0.084210 0.076095 0.068033 0.060182 0.052673 0.045613 0.039083 0.033133 0.027793 0.023067 0.018943 0.015393 0.012376 0.009846 0.007751 0.006038 0.004654 0.003549 0.002679 0.002001 0.001479 0.001081 0.000783 0.000561 0.000397 0.000279 0.000193 0.000133 0.000090 0.000061 0.000040 0.000027 0.000017 0.000011 0.000007 0.000005 0.000003 0.000002 0.000001 0.000001 0.000001 
0.000001 0.000001 0.000001 0.000002 0.000003 0.000004 0.000007 0.000011 0.000017 0.000026 0.000039 0.000060 0.000089 0.000133 0.000195 0.000284 0.000410 0.000584 0.000823 0.001149 0.001587 0.002170 0.002936 0.003930 0.005206 0.006824 0.008851 0.011361 0.014429 0.018133 0.022549 0.027746 0.033781 0.040695 0.048508 0.057211 0.066764 0.077088 0.088068 0.099548 0.111334 0.123197 0.134881 0.146109 0.156594 0.166052 0.174215 0.180840 0.185727 0.188722 0.189731 0.188722 0.185727 0.180840 0.174215 0.166052 0.156594 0.146109 0.134881 0.123197 0.111334 0.099548 0.088068 0.077088 0.066764 0.057211 0.048508 0.040695 0.033781 0.027746 0.022549 0.018133 0.014429 0.011361 0.008851 0.006824 0.005206 0.003930 0.002936 0.002170 0.001587 0.001149 0.000823 0.000584 0.000410 0.000284 0.000195 0.000133 0.000089 0.000060 0.000039 0.000026 0.000017 0.000011 0.000007 0.000004 0.000003 0.000002 0.000002 0.000002 
0.000001 0.000001 0.000002 0.000003 0.000004 0.000006 0.000010 0.000015 0.000024 0.000037 0.000057 0.000087 0.000130 0.000193 0.000284 0.000414 0.000596 0.000849 0.001197 0.001670 0.002306 0.003152 0.004263 0.005706 0.007556 0.009903 0.012843 0.016481 0.020928 0.026297 0.032696 0.040224 0.048966 0.058980 0.070294 0.082895 0.096724 0.111669 0.127562 0.144176 0.161232 0.178399 0.195304 0.211549 0.226718 0.240401 0.252209 0.261793 0.268862 0.273194 0.274654 0.273194 0.268862 0.261793 0.252209 0.240401 0.226718 0.211549 0.195304 0.178399 0.161232 0.144176 0.127562 0.111669 0.096724 0.082895 0.070294 0.058980 0.048966 0.040224 0.032696 0.026297 0.020928 0.016481 0.012843 0.009903 0.007556 0.005706 0.004263 0.003152 0.002306 0.001670 0.001197 0.000849 0.000596 0.000414 0.000284 0.000193 0.000130 0.000087 0.000057 0.000037 0.000024 0.000015 0.000010 0.000006 0.000004 0.000003 0.000002 0.000002 
0.000002 0.000002 0.000002 0.000004 0.000006 0.000009 0.000014 0.000022 0.000035 0.000054 0.000083 0.000125 0.000188 0.000279 0.000410 0.000596 0.000857 0.001221 0.001722 0.002402 0.003317 0.004532 0.006127 0.008199 0.010856 0.014225 0.018444 0.023664 0.030045 0.037745 0.046922 0.057717 0.070251 0.084606 0.100823 0.118882 0.138698 0.160112 0.182880 0.206681 0.231112 0.255700 0.279912 0.303175 0.324898 0.344491 0.361399 0.375123 0.385243 0.391447 0.393537 0.391447 0.385243 0.375123 0.361399 0.344491 0.324898 0.303175 0.279912 0.255700 0.231112 0.206681 0.182880 0.160112 0.138698 0.118882 0.100823 0.084606 0.070251 0.057717 0.046922 0.037745 0.030045 0.023664 0.018444 0.014225 0.010856 0.008199 0.006127 0.004532 0.003317 0.002402 0.001722 0.001221 0.000857 0.000596 0.000410 0.000279 0.000188 0.000125 0.000083 0.000054 0.000035 0.000022 0.000014 0.000009 0.000006 0.000004 0.000003 0.000003 
0.000003 0.000003 0.000004 0.000005 0.000008 0.000013 0.000020 0.000032 0.000050 0.000077 0.000118 0.000178 0.000268 0.000397 0.000584 0.000849 0.001221 0.001739 0.002451 0.003419 0.004720 0.006448 0.008716 0.011660 0.015437 0.020223 0.026216 0.033630 0.042689 0.053622 0.066648 0.081970 0.099755 0.120124 0.143130 0.168747 0.196854 0.227222 0.259509 0.293257 0.327895 0.362752 0.397075 0.430051 0.460841 0.488612 0.512576 0.532026 0.546369 0.555160 0.558122 0.555160 0.546369 0.532026 0.512576 0.488612 0.460841 0.430051 0.397075 0.362752 0.327895 0.293257 0.259509 0.227222 0.196854 0.168747 0.143130 0.120124 0.099755 0.081970 0.066648 0.053622 0.042689 0.033630 0.026216 0.020223 0.015437 0.011660 0.008716 0.006448 0.004720 0.003419 0.002451 0.001739 0.001221 0.000849 0.000584 0.000397 0.000268 0.000178 0.000118 0.000077 0.000050 0.000032 0.000020 0.000013 0.000008 0.000006 0.000005 0.000005 
0.000004 0.000004 0.000005 0.000007 0.000011 0.000018 0.000029 0.000045 0.000070 0.000109 0.000166 0.000252 0.000378 0.000561 0.000823 0.001197 0.001722 0.002451 0.003454 0.004817 0.006648 0.009079 0.012271 0.016413 0.021724 0.028453 0.036879 0.047301 0.060033 0.075395 0.093696 0.115219 0.140199 0.168804 0.201108 0.237075 0.276532 0.319160 0.364477 0.411839 0.460448 0.509360 0.557519 0.603786 0.646983 0.685943 0.719560 0.746844 0.766965 0.779297 0.783451 0.779297 0.766965 0.746844 0.719560 0.685943 0.646983 0.603786 0.557519 0.509360 0.460448 0.411839 0.364477 0.319160 0.276532 0.237075 0.201108 0.168804 0.140199 0.115219 0.093696 0.075395 0.060033 0.047301 0.036879 0.028453 0.021724 0.016413 0.012271 0.009079 0.006648 0.004817 0.003454 0.002451 0.001722 0.001197 0.000823 0.000561 0.000378 0.000252 0.000166 0.000109 0.000070 0.000045 0.000029 0.000018 0.000012 0.000008 0.000007 0.000007 
0.000006 0.000006 0.000007 0.000010 0.000016 0.000025 0.000040 0.000063 0.000098 0.000152 0.000232 0.000352 0.000528 0.000783 0.001149 0.001670 0.002402 0.003419 0.004817 0.006716 0.009266 0.012653 0.017097 0.022863 0.030256 0.039622 0.051345 0.065844 0.083554 0.104919 0.130367 0.160291 0.195017 0.234776 0.279672 0.329652 0.384477 0.443701 0.506655 0.572446 0.639962 0.707895 0.774777 0.839027 0.899011 0.953110 0.999789 1.037672 1.065608 1.082730 1.088498 1.082730 1.065608 1.037672 0.999789 0.953110 0.899011 0.839027 0.774777 0.707895 0.639962 0.572446 0.506655 0.443701 0.384477 0.329652 0.279672 0.234776 0.195017 0.160291 0.130367 0.104919 0.083554 0.065844 0.051345 0.039622 0.030256 0.022863 0.017097 0.012653 0.009266 0.006716 0.004817 0.003419 0.002402 0.001670 0.001149 0.000783 0.000528 0.000352 0.000232 0.000152 0.000098 0.000063 0.000040 0.000026 0.000017 0.000012 0.000009 0.000009 
0.000008 0.000008 0.000010 0.000014 0.000022 0.000035 0.000055 0.000087 0.000136 0.000210 0.000321 0.000487 0.000729 0.001081 0.001587 0.002306 0.003317 0.004720 0.006648 0.009266 0.012782 0.017450 0.023576 0.031521 0.041704 0.054604 0.070749 0.090712 0.115093 0.144500 0.179523 0.220700 0.268478 0.323174 0.384931 0.453672 0.529069 0.610508 0.697068 0.787521 0.880338 0.973723 1.065656 1.153967 1.236411 1.310762 1.374914 1.426975 1.465367 1.488896 1.496823 1.488896 1.465367 1.426975 1.374914 1.310762 1.236411 1.153967 1.065656 0.973723 0.880338 0.787521 0.697068 0.610508 0.529069 0.453672 0.384931 0.323174 0.268478 0.220700 0.179523 0.144500 0.115093 0.090712 0.070749 0.054604 0.041704 0.031521 0.023576 0.017450 0.012782 0.009266 0.006648 0.004720 0.003317 0.002306 0.001587 0.001081 0.000729 0.000487 0.000321 0.000210 0.000136 0.000087 0.000056 0.000036 0.000023 0.000016 0.000013 0.000013 
0.000011 0.000011 0.000013 0.000020 0.000030 0.000048 0.000076 0.000119 0.000186 0.000288 0.000440 0.000666 0.000997 0.001479 0.002170 0.003152 0.004532 0.006448 0.009079 0.012653 0.017450 0.023818 0.032173 0.043006 0.056891 0.074475 0.096480 0.123683 0.156901 0.196962 0.244667 0.300746 0.365807 0.440279 0.524354 0.617929 0.720554 0.831391 0.949189 1.072273 1.198566 1.325621 1.450695 1.570834 1.682986 1.784125 1.871386 1.942200 1.994419 2.026423 2.037205 2.026423 1.994419 1.942200 1.871386 1.784125 1.682986 1.570834 1.450695 1.325621 1.198566 1.072273 0.949189 0.831391 0.720554 0.617929 0.524354 0.440279 0.365807 0.300746 0.244667 0.196962 0.156901 0.123683 0.096480 0.074475 0.056891 0.043006 0.032173 0.023818 0.017450 0.012653 0.009079 0.006448 0.004532 0.003152 0.002170 0.001479 0.000997 0.000666 0.000440 0.000288 0.000186 0.000120 0.000076 0.000049 0.000032 0.000022 0.000018 0.000018 
0.000014 0.000014 0.000018 0.000026 0.000041 0.000065 0.000103 0.000162 0.000252 0.000390 0.000595 0.000901 0.001350 0.002001 0.002936 0.004263 0.006127 0.008716 0.012271 0.017097 0.023576 0.032173 0.043449 0.058070 0.076805 0.100527 0.130208 0.166895 0.211688 0.265701 0.330010 0.405598 0.493282 0.593637 0.706921 0.832991 0.971240 1.120539 1.279200 1.444969 1.615046 1.786139 1.954554 2.116316 2.267316 2.403483 2.520962 2.616296 2.686595 2.729679 2.744193 2.729679 2.686595 2.616296 2.520962 2.403483 2.267316 2.116316 1.954554 1.786139 1.615046 1.444969 1.279200 1.120539 0.971240 0.832991 0.706921 0.593637 0.493282 0.405598 0.330010 0.265701 0.211688 0.166895 0.130208 0.100527 0.076805 0.058070 0.043449 0.032173 0.023576 0.017097 0.012271 0.008716 0.006127 0.004263 0.002936 0.002001 0.001350 0.000901 0.000596 0.000390 0.000252 0.000162 0.000104 0.000066 0.000043 0.000030 0.000024 0.000024 
0.000019 0.000019 0.000024 0.000036 0.000055 0.000087 0.000138 0.000217 0.000338 0.000522 0.000798 0.001207 0.001807 0.002679 0.003930 0.005706 0.008199 0.011660 0.016413 0.022863 0.031521 0.043006 0.058070 0.077597 0.102614 0.134288 0.173909 0.222876 0.282654 0.354724 0.440523 0.541357 0.658313 0.792156 0.943223 1.111326 1.295650 1.494689 1.706192 1.927153 2.153841 2.381868 2.606313 2.821881 3.023098 3.204543 3.361081 3.488108 3.581775 3.639179 3.658518 3.639179 3.581775 3.488108 3.361081 3.204543 3.023098 2.821881 2.606313 2.381868 2.153841 1.927153 1.706192 1.494689 1.295650 1.111326 0.943223 0.792156 0.658313 0.541357 0.440523 0.354724 0.282654 0.222876 0.173909 0.134288 0.102614 0.077597 0.058070 0.043006 0.031521 0.022863 0.016413 0.011660 0.008199 0.005706 0.003930 0.002679 0.001807 0.001207 0.000798 0.000522 0.000338 0.000218 0.000139 0.000089 0.000058 0.000040 0.000032 0.000032 
0.000026 0.000026 0.000032 0.000047 0.000073 0.000116 0.000183 0.000288 0.000449 0.000692 0.001058 0.001600 0.002395 0.003549 0.005206 0.007556 0.010856 0.015437 0.021724 0.030256 0.041704 0.056891 0.076805 0.102614 0.135675 0.177526 0.229870 0.294552 0.373502 0.468676 0.581964 0.715089 0.869479 1.046142 1.245521 1.467360 1.710584 1.973203 2.252244 2.543743 2.842775 3.143557 3.439598 3.723915 3.989294 4.228587 4.435025 4.602542 4.726062 4.801762 4.827265 4.801762 4.726062 4.602542 4.435025 4.228587 3.989294 3.723915 3.439598 3.143557 2.842775 2.543743 2.252244 1.973203 1.710584 1.467360 1.245521 1.046142 0.869479 0.715089 0.581964 0.468676 0.373502 0.294552 0.229870 0.177526 0.135675 0.102614 0.076805 0.056891 0.041704 0.030256 0.021724 0.015437 0.010856 0.007556 0.005206 0.003549 0.002395 0.001600 0.001058 0.000693 0.000449 0.000289 0.000184 0.000118 0.000077 0.000054 0.000043 0.000043 
0.000034 0.000034 0.000043 0.000062 0.000096 0.000152 0.000240 0.000378 0.000589 0.000909 0.001388 0.002099 0.003141 0.004654 0.006824 0.009903 0.014225 0.020223 0.028453 0.039622 0.054604 0.074475 0.100527 0.134288 0.177526 0.232250 0.300687 0.385243 0.488437 0.612820 0.760859 0.934798 1.136502 1.367278 1.627702 1.917436 2.235073 2.578009 2.942362 3.322954 3.713358 4.106022 4.492477 4.863610 5.210008 5.522343 5.791789 6.010428 6.171641 6.270441 6.303724 6.270441 6.171641 6.010428 5.791789 5.522343 5.210008 4.863610 4.492477 4.106022 3.713358 3.322954 2.942362 2.578009 2.235073 1.917436 1.627702 1.367278 1.136502 0.934798 0.760859 0.612820 0.488437 0.385243 0.300687 0.232250 0.177526 0.134288 0.100527 0.074475 0.054604 0.039622 0.028453 0.020223 0.014225 0.009903 0.006824 0.004654 0.003141 0.002099 0.001388 0.000909 0.000589 0.000379 0.000242 0.000155 0.000101 0.000070 0.000056 0.000056 
0.000044 0.000044 0.000055 0.000081 0.000125 0.000198 0.000312 0.000491 0.000765 0.001180 0.001802 0.002724 0.004076 0.006038 0.008851 0.012843 0.018444 0.026216 0.036879 0.051345 0.070749 0.096480 0.130208 0.173909 0.229870 0.300687 0.389237 0.498627 0.632113 0.792989 0.984437 1.209355 1.470145 1.768496 2.105143 2.479645 2.890178 3.333374 3.804214 4.296007 4.800446 5.307776 5.807059 6.286525 6.734017 7.137493 7.485554 7.767978 7.976219 8.103838 8.146831 8.103838 7.976219 7.767978 7.485554 7.137493 6.734017 6.286525 5.807059 5.307776 4.800446 4.296007 3.804214 3.333374 2.890178 2.479645 2.105143 1.768496 1.470145 1.209355 0.984437 0.792989 0.632113 0.498627 0.389237 0.300687 0.229870 0.173909 0.130208 0.096480 0.070749 0.051345 0.036879 0.026216 0.018444 0.012843 0.008851 0.006038 0.004076 0.002724 0.001802 0.001180 0.000766 0.000492 0.000315 0.000201 0.000132 0.000092 0.000073 0.000073 
0.000057 0.000057 0.000071 0.000104 0.000161 0.000254 0.000402 0.000631 0.000983 0.001516 0.002315 0.003498 0.005234 0.007751 0.011361 0.016481 0.023664 0.033630 0.047301 0.065844 0.090712 0.123683 0.166895 0.222876 0.294552 0.385243 0.498627 0.638678 0.809558 1.015476 1.260498 1.548325 1.882023 2.263745 2.694425 3.173492 3.698609 4.265460 4.867628 5.496550 6.141606 6.790325 7.428721 8.041753 8.613882 9.129719 9.574696 9.935752 10.201968 10.365114 10.420075 10.365114 10.201968 9.935752 9.574696 9.129719 8.613882 8.041753 7.428721 6.790325 6.141606 5.496550 4.867628 4.265460 3.698609 3.173492 2.694425 2.263745 1.882023 1.548325 1.260498 1.015476 0.809558 0.638678 0.498627 0.385243 0.294552 0.222876 0.166895 0.123683 0.090712 0.065844 0.047301 0.033630 0.023664 0.016481 0.011361 0.007751 0.005234 0.003499 0.002315 0.001516 0.000984 0.000633 0.000405 0.000259 0.000169 0.000118 0.000094 0.000094 
0.000072 0.000072 0.000091 0.000132 0.000205 0.000323 0.000511 0.000803 0.001250 0.001927 0.002942 0.004446 0.006650 0.009846 0.014429 0.020928 0.030045 0.042689 0.060033 0.083554 0.115093 0.156901 0.211688 0.282654 0.373502 0.488437 0.632113 0.809558 1.026038 1.286875 1.597213 1.961727 2.384294 2.867628 3.412904 4.019392 4.684125 5.401638 6.163802 6.959779 7.776129 8.597072 9.404914 10.180626 10.904556 11.557236 12.120244 12.577062 12.913879 13.120290 13.189826 13.120290 12.913879 12.577062 12.120244 11.557236 10.904556 10.180626 9.404914 8.597072 7.776129 6.959779 6.163802 5.401638 4.684125 4.019392 3.412904 2.867628 2.384294 1.961727 1.597213 1.286875 1.026038 0.809558 0.632113 0.488437 0.373502 0.282654 0.211688 0.156901 0.115093 0.083554 0.060033 0.042689 0.030045 0.020928 0.014429 0.009846 0.006650 0.004446 0.002942 0.001928 0.001251 0.000805 0.000515 0.000330 0.000215 0.000150 0.000120 0.000120 
0.000091 0.000091 0.000115 0.000167 0.000258 0.000407 0.000643 0.001010 0.001572 0.002424 0.003700 0.005590 0.008361 0.012376 0.018133 0.026297 0.037745 0.053622 0.075395 0.104919 0.144500 0.196962 0.265701 0.354724 0.468676 0.612820 0.792989 1.015476 1.286875 1.613850 2.002835 2.459682 2.989236 3.594888 4.278101 5.037950 5.870710 6.769528 7.724218 8.721203 9.743650 10.771799 11.783494 12.754913 13.661454 14.478749 15.183737 15.755743 16.177485 16.435938 16.523004 16.435938 16.177485 15.755743 15.183737 14.478749 13.661454 12.754913 11.783494 10.771799 9.743650 8.721203 7.724218 6.769528 5.870710 5.037950 4.278101 3.594888 2.989236 2.459682 2.002835 1.613850 1.286875 1.015476 0.792989 0.612820 0.468676 0.354724 0.265701 0.196962 0.144500 0.104919 0.075395 0.053622 0.037745 0.026297 0.018133 0.012376 0.008361 0.005591 0.003701 0.002425 0.001574 0.001013 0.000648 0.000415 0.000271 0.000189 0.000151 0.000151 
0.000114 0.000114 0.000143 0.000208 0.000321 0.000507 0.000801 0.001258 0.001958 0.003017 0.004604 0.006955 0.010400 0.015393 0.022549 0.032696 0.046922 0.066648 0.093696 0.130367 0.179523 0.244667 0.330010 0.440523 0.581964 0.760859 0.984437 1.260498 1.597213 2.002835 2.485336 3.051959 3.708702 4.459756 5.306923 6.249044 7.281493 8.395768 9.579233 10.815058 12.082380 13.356707 14.610588 15.814505 16.937980 17.950822 18.824466 19.533303 20.055922 20.376191 20.484081 20.376191 20.055922 19.533303 18.824466 17.950822 16.937980 15.814505 14.610588 13.356707 12.082380 10.815058 9.579233 8.395768 7.281493 6.249044 5.306923 4.459756 3.708702 3.051959 2.485336 2.002835 1.597213 1.260498 0.984437 0.760859 0.581964 0.440523 0.330010 0.244667 0.179523 0.130367 0.093696 0.066648 0.046922 0.032696 0.022549 0.015393 0.010400 0.006956 0.004605 0.003018 0.001960 0.001261 0.000807 0.000517 0.000338 0.000235 0.000189 0.000189 
0.000140 0.000140 0.000176 0.000256 0.000396 0.000625 0.000987 0.001550 0.002411 0.003716 0.005669 0.008563 0.012801 0.018943 0.027746 0.040224 0.057717 0.081970 0.115219 0.160291 0.220700 0.300746 0.405598 0.541357 0.715089 0.934798 1.209355 1.548325 1.961727 2.459682 3.051959 3.747435 4.553454 5.475148 6.514711 7.670710 8.937458 10.304513 11.756370 13.272379 14.826948 16.390040 17.927990 19.404604 20.782509 22.024695 23.096139 23.965445 24.606369 24.999134 25.131445 24.999134 24.606369 23.965445 23.096139 22.024695 20.782509 19.404604 17.927990 16.390040 14.826948 13.272379 11.756370 10.304513 8.937458 7.670710 6.514711 5.475148 4.553454 3.747435 3.051959 2.459682 1.961727 1.548325 1.209355 0.934798 0.715089 0.541357 0.405598 0.300746 0.220700 0.160291 0.115219 0.081970 0.057717 0.040224 0.027746 0.018943 0.012802 0.008563 0.005670 0.003717 0.002414 0.001554 0.000994 0.000637 0.000417 0.000290 0.000233 0.000233 
0.000171 0.000171 0.000215 0.000312 0.000483 0.000762 0.001204 0.001889 0.002939 0.004528 0.006907 0.010430 0.015591 0.023067 0.033781 0.048966 0.070251 0.099755 0.140199 0.195017 0.268478 0.365807 0.493282 0.658313 0.869479 1.136502 1.470145 1.882023 2.384294 2.989236 3.708702 4.553454 5.532400 6.651749 7.914153 9.317856 10.855939 12.515716 14.278355 16.118784 18.005935 19.903352 21.770176 23.562487 25.234936 26.742614 28.043030 29.098093 29.875961 30.352643 30.513223 30.352643 29.875961 29.098093 28.043030 26.742614 25.234936 23.562487 21.770176 19.903352 18.005935 16.118784 14.278355 12.515716 10.855939 9.317856 7.914153 6.651749 5.532400 4.553454 3.708702 2.989236 2.384294 1.882023 1.470145 1.136502 0.869479 0.658313 0.493282 0.365807 0.268478 0.195017 0.140199 0.099755 0.070251 0.048966 0.033781 0.023067 0.015591 0.010431 0.006908 0.004529 0.002942 0.001894 0.001212 0.000777 0.000508 0.000354 0.000284 0.000284 
0.000207 0.000207 0.000260 0.000377 0.000583 0.000920 0.001452 0.002278 0.003543 0.005459 0.008326 0.012571 0.018787 0.027793 0.040695 0.058980 0.084606 0.120124 0.168804 0.234776 0.323174 0.440279 0.593637 0.792156 1.046142 1.367278 1.768496 2.263745 2.867628 3.594888 4.459756 5.475148 6.651749 7.997005 9.514082 11.200854 13.048992 15.043243 17.160972 19.372056 21.639169 23.918522 26.161044 28.313986 30.322891 32.133834 33.695793 34.963031 35.897320 36.469852 36.662721 36.469852 35.897320 34.963031 33.695793 32.133834 30.322891 28.313986 26.161044 23.918522 21.639169 19.372056 17.160972 15.043243 13.048992 11.200854 9.514082 7.997005 6.651749 5.475148 4.459756 3.594888 2.867628 2.263745 1.768496 1.367278 1.046142 0.792156 0.593637 0.440279 0.323174 0.234776 0.168804 0.120124 0.084606 0.058980 0.040695 0.027793 0.018788 0.012571 0.008327 0.005461 0.003547 0.002284 0.001462 0.000938 0.000613 0.000427 0.000343 0.000343 
0.000247 0.000247 0.000310 0.000450 0.000696 0.001098 0.001733 0.002718 0.004227 0.006512 0.009930 0.014991 0.022400 0.033133 0.048508 0.070294 0.100823 0.143130 0.201108 0.279672 0.384931 0.524354 0.706921 0.943223 1.245521 1.627702 2.105143 2.694425 3.412904 4.278101 5.306923 6.514711 7.914153 9.514082 11.318242 13.324087 15.521697 17.892921 20.410841 23.039634 25.734928 28.444671 31.110535 33.669830 36.057840 38.210478 40.067118 41.573413 42.683936 43.364459 43.593706 43.364459 42.683936 41.573413 40.067118 38.210478 36.057840 33.669830 31.110535 28.444671 25.734928 23.039634 20.410841 17.892921 15.521697 13.324087 11.318242 9.514082 7.914153 6.514711 5.306923 4.278101 3.412904 2.694425 2.105143 1.627702 1.245521 0.943223 0.706921 0.524354 0.384931 0.279672 0.201108 0.143130 0.100823 0.070294 0.048508 0.033133 0.022401 0.014991 0.009931 0.006514 0.004232 0.002726 0.001745 0.001119 0.000732 0.000510 0.000410 0.000410 
0.000292 0.000292 0.000366 0.000532 0.000822 0.001296 0.002046 0.003209 0.004990 0.007685 0.011718 0.017687 0.026426 0.039083 0.057211 0.082895 0.118882 0.168747 0.237075 0.329652 0.453672 0.617929 0.832991 1.111326 1.467360 1.917436 2.479645 3.173492 4.019392 5.037950 6.249044 7.670710 9.317856 11.200854 13.324087 15.684538 18.270516 21.060650 24.023256 27.116184 30.287229 33.475157 36.611363 39.622110 42.431286 44.963526 47.147530 48.919390 50.225688 51.026176 51.295835 51.026176 50.225688 48.919390 47.147530 44.963526 42.431286 39.622110 36.611363 33.475157 30.287229 27.116184 24.023256 21.060650 18.270516 15.684538 13.324087 11.200854 9.317856 7.670710 6.249044 5.037950 4.019392 3.173492 2.479645 1.917436 1.467360 1.111326 0.832991 0.617929 0.453672 0.329652 0.237075 0.168747 0.118882 0.082895 0.057211 0.039083 0.026427 0.017688 0.011720 0.007688 0.004995 0.003218 0.002061 0.001322 0.000865 0.000603 0.000484 0.000484 
0.000341 0.000341 0.000428 0.000622 0.000961 0.001515 0.002390 0.003748 0.005828 0.008974 0.013681 0.020648 0.030846 0.045613 0.066764 0.096724 0.138698 0.196854 0.276532 0.384477 0.529069 0.720554 0.971240 1.295650 1.710584 2.235073 2.890178 3.698609 4.684125 5.870710 7.281493 8.937458 10.855939 13.048992 15.521697 18.270516 21.281816 24.530698 27.980258 31.581415 35.273388 38.984894 42.636072 46.141096 49.411380 52.359210 54.901610 56.964205 58.484831 59.416650 59.730549 59.416650 58.484831 56.964205 54.901610 52.359210 49.411380 46.141096 42.636072 38.984894 35.273388 31.581415 27.980258 24.530698 21.281816 18.270516 15.521697 13.048992 10.855939 8.937458 7.281493 5.870710 4.684125 3.698609 2.890178 2.235073 1.710584 1.295650 0.971240 0.720554 0.529069 0.384477 0.276532 0.196854 0.138698 0.096724 0.066764 0.045614 0.030847 0.020649 0.013683 0.008977 0.005834 0.003758 0.002407 0.001544 0.001011 0.000705 0.000566 0.000566 
0.000394 0.000394 0.000495 0.000719 0.001111 0.001751 0.002762 0.004332 0.006734 0.010368 0.015804 0.023849 0.035624 0.052673 0.077088 0.111669 0.160112 0.227222 0.319160 0.443701 0.610508 0.831391 1.120539 1.494689 1.973203 2.578009 3.333374 4.265460 5.401638 6.769528 8.395768 10.304513 12.515716 15.043243 17.892921 21.060650 24.530698 28.274356 32.249093 36.398350 40.652100 44.928220 49.134715 53.172726 56.940220 60.336170 63.265011 65.641088 67.392809 68.466234 68.827834 68.466234 67.392809 65.641088 63.265011 60.336170 56.940220 53.172726 49.134715 44.928220 40.652100 36.398350 32.249093 28.274356 24.530698 21.060650 17.892921 15.043243 12.515716 10.304513 8.395768 6.769528 5.401638 4.265460 3.333374 2.578009 1.973203 1.494689 1.120539 0.831391 0.610508 0.443701 0.319160 0.227222 0.160112 0.111669 0.077088 0.052673 0.035625 0.023850 0.015807 0.010372 0.006741 0.004343 0.002782 0.001785 0.001169 0.000815 0.000654 0.000654 
0.000451 0.000451 0.000567 0.000822 0.001271 0.002002 0.003159 0.004953 0.007698 0.011851 0.018063 0.027255 0.040707 0.060182 0.088068 0.127562 0.182880 0.259509 0.364477 0.506655 0.697068 0.949189 1.279200 1.706192 2.252244 2.942362 3.804214 4.867628 6.163802 7.724218 9.579233 11.756370 14.278355 17.160972 20.410841 24.023256 27.980258 32.249093 36.781251 41.512242 46.362219 51.237560 56.033395 60.637034 64.932174 68.803668 72.142595 74.851329 76.848279 78.071968 78.484186 78.071968 76.848279 74.851329 72.142595 68.803668 64.932174 60.637034 56.033395 51.237560 46.362219 41.512242 36.781251 32.249093 27.980258 24.023256 20.410841 17.160972 14.278355 11.756370 9.579233 7.724218 6.163802 4.867628 3.804214 2.942362 2.252244 1.706192 1.279200 0.949189 0.697068 0.506655 0.364477 0.259509 0.182880 0.127562 0.088068 0.060182 0.040708 0.027256 0.018066 0.011856 0.007706 0.004966 0.003182 0.002042 0.001337 0.000932 0.000749 0.000749 
0.000511 0.000511 0.000642 0.000931 0.001438 0.002266 0.003574 0.005602 0.008707 0.013403 0.020426 0.030817 0.046023 0.068033 0.099548 0.144176 0.206681 0.293257 0.411839 0.572446 0.787521 1.072273 1.444969 1.927153 2.543743 3.322954 4.296007 5.496550 6.959779 8.721203 10.815058 13.272379 16.118784 19.372056 23.039634 27.116184 31.581415 36.398350 41.512242 46.850315 52.322482 57.823121 63.233925 68.427777 73.273489 77.641179 81.407994 84.463824 86.716644 88.097118 88.562149 88.097118 86.716644 84.463824 81.407994 77.641179 73.273489 68.427777 63.233925 57.823121 52.322482 46.850315 41.512242 36.398350 31.581415 27.116184 23.039634 19.372056 16.118784 13.272379 10.815058 8.721203 6.959779 5.496550 4.296007 3.322954 2.543743 1.927153 1.444969 1.072273 0.787521 0.572446 0.411839 0.293257 0.206681 0.144176 0.099548 0.068034 0.046023 0.030818 0.020429 0.013408 0.008716 0.005617 0.003600 0.002310 0.001513 0.001055 0.000848 0.000848 
0.000572 0.000572 0.000718 0.001042 0.001610 0.002536 0.004000 0.006270 0.009743 0.014997 0.022853 0.034475 0.051481 0.076095 0.111334 0.161232 0.231112 0.327895 0.460448 0.639962 0.880338 1.198566 1.615046 2.153841 2.842775 3.713358 4.800446 6.141606 7.776129 9.743650 12.082380 14.826948 18.005935 21.639169 25.734928 30.287229 35.273388 40.652100 46.362219 52.322482 58.432306 64.573768 70.614797 76.413492 81.823412 86.699580 90.904869 94.316378 96.831393 98.372526 98.891676 98.372526 96.831393 94.316378 90.904869 86.699580 81.823412 76.413492 70.614797 64.573768 58.432306 52.322482 46.362219 40.652100 35.273388 30.287229 25.734928 21.639169 18.005935 14.826948 12.082380 9.743650 7.776129 6.141606 4.800446 3.713358 2.842775 2.153841 1.615046 1.198566 0.880338 0.639962 0.460448 0.327895 0.231112 0.161232 0.111334 0.076095 0.051482 0.034477 0.022856 0.015002 0.009753 0.006287 0.004029 0.002586 0.001694 0.001182 0.000949 0.000949 
0.000634 0.000634 0.000796 0.001154 0.001783 0.002809 0.004429 0.006942 0.010787 0.016602 0.025297 0.038158 0.056975 0.084210 0.123197 0.178399 0.255700 0.362752 0.509360 0.707895 0.973723 1.325621 1.786139 2.381868 3.143557 4.106022 5.307776 6.790325 8.597072 10.771799 13.356707 16.390040 19.903352 23.918522 28.444671 33.475157 38.984894 44.928220 51.237560 57.823121 64.573768 71.359222 78.033580 84.440084 90.416969 95.804094 100.449989 104.218903 106.997384 108.699954 109.273486 108.699954 106.997384 104.218903 100.449989 95.804094 90.416969 84.440084 78.033580 71.359222 64.573768 57.823121 51.237560 44.928220 38.984894 33.475157 28.444671 23.918522 19.903352 16.390040 13.356707 10.771799 8.597072 6.790325 5.307776 4.106022 3.143557 2.381868 1.786139 1.325621 0.973723 0.707895 0.509360 0.362753 0.255700 0.178399 0.123197 0.084210 0.056976 0.038160 0.025300 0.016608 0.010798 0.006961 0.004461 0.002864 0.001876 0.001309 0.001051 0.001051 
0.000695 0.000695 0.000872 0.001265 0.001954 0.003077 0.004852 0.007605 0.011816 0.018183 0.027704 0.041786 0.062388 0.092203 0.134881 0.195304 0.279912 0.397075 0.557519 0.774777 1.065656 1.450695 1.954554 2.606313 3.439598 4.492477 5.807059 7.428721 9.404914 11.783494 14.610588 17.927990 21.770176 26.161044 31.110535 36.611363 42.636072 49.134715 56.033395 63.233925 70.614797 78.033580 85.330766 92.334993 98.869427 104.759016 109.838190 113.958562 116.996122 118.857442 119.484449 118.857442 116.996122 113.958562 109.838190 104.759016 98.869427 92.334993 85.330766 78.033580 70.614797 63.233925 56.033395 49.134715 42.636072 36.611363 31.110535 26.161044 21.770176 17.927990 14.610588 11.783494 9.404914 7.428721 5.807059 4.492477 3.439598 2.606313 1.954554 1.450695 1.065656 0.774777 0.557519 0.397075 0.279912 0.195305 0.134881 0.092204 0.062389 0.041788 0.027708 0.018190 0.011827 0.007625 0.004888 0.003138 0.002055 0.001434 0.001152 0.001152 
