0.000000 0.000000 0.000000 0.000000 0.000000 0.000000 0.000000 0.000000 0.000000 0.000000 0.000000 0.000000 0.000000 0.000000 0.000000 0.000000 0.000000 0.000000 0.000000 0.000000 0.000000 0.000000 0.000000 0.000000 0.000000 0.000000 0.000000 0.000000 0.000000 0.000000 0.000000 0.000000 0.000000 0.000000 0.000000 0.000000 0.000000 0.000000 0.000000 0.000000 0.000000 0.000000 0.000000 0.000000 0.000000 0.000000 0.000000 0.000000 0.000000 0.000000 0.000000 0.000000 0.000000 0.000000 0.000000 0.000000 0.000000 0.000000 0.000000 0.000000 0.000000 0.000000 0.000000 0.000000 0.000000 0.000000 0.000000 0.000000 0.000000 0.000000 0.000000 0.000000 0.000000 0.000000 0.000000 0.000000 0.000000 0.000000 0.000000 0.000000 0.000000 0.000000 0.000000 0.000000 0.000000 0.000000 0.000000 0.000000 0.000000 0.000000 0.000000 0.000000 0.000000 0.000000 0.000000 0.000000 0.000000 0.000000 0.000000 0.000000 
0.000000 0.000000 0.000000 0.000000 0.000000 0.000000 0.000000 0.000000 0.000000 0.000000 0.000000 0.000000 0.000000 0.000000 0.000000 0.000000 0.000000 0.000000 0.000000 0.000000 0.000000 0.000000 0.000000 0.000000 0.000000 0.000000 0.000000 0.000000 0.000000 0.000000 0.000000 0.000000 0.000000 0.000000 0.000000 0.000000 0.000000 0.000000 0.000000 0.000000 0.000000 0.000000 0.000000 0.000000 0.000000 0.000000 0.000000 0.000000 0.000000 0.000000 0.000000 0.000000 0.000000 0.000000 0.000000 0.000000 0.000000 0.000000 0.000000 0.000000 0.000000 0.000000 0.000000 0.000000 0.000000 0.000000 0.000000 0.000000 0.000000 0.000000 0.000000 0.000000 0.000000 0.000000 0.000000 0.000000 0.000000 0.000000 0.000000 0.000000 0.000000 0.000000 0.000000 0.000000 0.000000 0.000000 0.000000 0.000000 0.000000 0.000000 0.000000 0.000000 0.000000 0.000000 0.000000 0.000000 0.000000 0.000000 0.000000 0.000000 
0.000000 0.000000 0.000000 0.000000 0.000000 0.000000 0.000000 0.000000 0.000000 0.000000 0.000000 0.000000 0.000000 0.000000 0.000000 0.000000 0.000000 0.000000 0.000000 0.000000 0.000000 0.000000 0.000000 0.000000 0.000000 0.000000 0.000000 0.000000 0.000000 0.000000 0.000000 0.000000 0.000000 0.000000 0.000000 0.000000 0.000000 0.000000 0.000000 0.000000 0.000000 0.000000 0.000000 0.000000 0.000000 0.000000 0.000000 0.000000 0.000000 0.000000 0.000000 0.000000 0.000000 0.000000 0.000000 0.000000 0.000000 0.000000 0.000000 0.000000 0.000000 0.000000 0.000000 0.000000 0.000000 0.000000 0.000000 0.000000 0.000000 0.000000 0.000000 0.000000 0.000000 0.000000 0.000000 0.000000 0.000000 0.000000 0.000000 0.000000 0.000000 0.000000 0.000000 0.000000 0.000000 0.000000 0.000000 0.000000 0.000000 0.000000 0.000000 0.000000 0.000000 0.000000 0.000000 0.000000 0.000000 0.000000 0.000000 0.000000 
0.000000 0.000000 0.000000 0.000000 0.000000 0.000000 0.000000 0.000000 0.000000 0.000000 0.000000 0.000000 0.000000 0.000000 0.000000 0.000000 0.000000 0.000000 0.000000 0.000000 0.000000 0.000000 0.000000 0.000000 0.000000 0.000000 0.000000 0.000000 0.000000 0.000000 0.000000 0.000000 0.000000 0.000000 0.000000 0.000000 0.000000 0.000000 0.000000 0.000000 0.000000 0.000000 0.000000 0.000000 0.000000 0.000000 0.000000 0.000000 0.000000 0.000000 0.000000 0.000000 0.000000 0.000000 0.000000 0.000000 0.000000 0.000000 0.000000 0.000000 0.000000 0.000000 0.000000 0.000000 0.000000 0.000000 0.000000 0.000000 0.000000 0.000000 0.000000 0.000000 0.000000 0.000000 0.000000 0.000000 0.000000 0.000000 0.000000 0.000000 0.000000 0.000000 0.000000 0.000000 0.000000 0.000000 0.000000 0.000000 0.000000 0.000000 0.000000 0.000000 0.000000 0.000000 0.000000 0.000000 0.000000 0.000000 0.000000 0.000000 
0.000000 0.000000 0.000000 0.000000 0.000000 0.000000 0.000000 0.000000 0.000000 0.000000 0.000000 0.000000 0.000000 0.000000 0.000000 0.000000 0.000000 0.000000 0.000000 0.000000 0.000000 0.000000 0.000000 0.000000 0.000000 0.000000 0.000000 0.000000 0.000000 0.000000 0.000000 0.000000 0.000000 0.000000 0.000000 0.000000 0.000000 0.000000 0.000000 0.000000 0.000000 0.000000 0.000000 0.000000 0.000000 0.000000 0.000000 0.000000 0.000000 0.000000 0.000000 0.000000 0.000000 0.000000 0.000000 0.000000 0.000000 0.000000 0.000000 0.000000 0.000000 0.000000 0.000000 0.000000 0.000000 0.000000 0.000000 0.000000 0.000000 0.000000 0.000000 0.000000 0.000000 0.000000 0.000000 0.000000 0.000000 0.000000 0.000000 0.000000 0.000000 0.000000 0.000000 0.000000 0.000000 0.000000 0.000000 0.000000 0.000000 0.000000 0.000000 0.000000 0.000000 0.000000 0.000000 0.000000 0.000000 0.000000 0.000000 0.000000 
0.000000 0.000000 0.000000 0.000000 0.000000 0.000000 0.000000 0.000000 0.000000 0.000000 0.000000 0.000000 0.000000 0.000000 0.000000 0.000000 0.000000 0.000000 0.000000 0.000000 0.000000 0.000000 0.000000 0.000000 0.000000 0.000000 0.000000 0.000000 0.000000 0.000000 0.000000 0.000000 0.000000 0.000000 0.000000 0.000000 0.000000 0.000000 0.000000 0.000000 0.000000 0.000000 0.000000 0.000001 0.000001 0.000001 0.000001 0.000001 0.000001 0.000001 0.000001 0.000001 0.000001 0.000001 0.000001 0.000001 0.000001 0.000001 0.000000 0.000000 0.000000 0.000000 0.000000 0.000000 0.000000 0.000000 0.000000 0.000000 0.000000 0.000000 0.000000 0.000000 0.000000 0.000000 0.000000 0.000000 0.000000 0.000000 0.000000 0.000000 0.000000 0.000000 0.000000 0.000000 0.000000 0.000000 0.000000 0.000000 0.000000 0.000000 0.000000 0.000000 0.000000 0.000000 0.000000 0.000000 0.000000 0.000000 0.000000 0.000000 
0.000000 0.000000 0.000000 0.000000 0.000000 0.000000 0.000000 0.000000 0.000000 0.000000 0.000000 0.000000 0.000000 0.000000 0.000000 0.000000 0.000000 0.000000 0.000000 0.000000 0.000000 0.000000 0.000000 0.000000 0.000000 0.000000 0.000000 0.000000 0.000000 0.000000 0.000000 0.000000 0.000000 0.000000 0.000000 0.000000 0.000000 0.000000 0.000000 0.000001 0.000001 0.000001 0.000001 0.000001 0.000001 0.000002 0.000002 0.000002 0.000002 0.000002 0.000002 0.000002 0.000002 0.000002 0.000002 0.000002 0.000001 0.000001 0.000001 0.000001 0.000001 0.000001 0.000000 0.000000 0.000000 0.000000 0.000000 0.000000 0.000000 0.000000 0.000000 0.000000 0.000000 0.000000 0.000000 0.000000 0.000000 0.000000 0.000000 0.000000 0.000000 0.000000 0.000000 0.000000 0.000000 0.000000 0.000000 0.000000 0.000000 0.000000 0.000000 0.000000 0.000000 0.000000 0.000000 0.000000 0.000000 0.000000 0.000000 0.000000 
0.000000 0.000000 0.000000 0.000000 0.000000 0.000000 0.000000 0.000000 0.000000 0.000000 0.000000 0.000000 0.000000 0.000000 0.000000 0.000000 0.000000 0.000000 0.000000 0.000000 0.000000 0.000000 0.000000 0.000000 0.000000 0.000000 0.000000 0.000000 0.000000 0.000000 0.000000 0.000000 0.000000 0.000000 0.000000 0.000000 0.000001 0.000001 0.000001 0.000001 0.000002 0.000002 0.000002 0.000003 0.000003 0.000004 0.000004 0.000004 0.000005 0.000005 0.000005 0.000005 0.000005 0.000004 0.000004 0.000004 0.000003 0.000003 0.000002 0.000002 0.000002 0.000001 0.000001 0.000001 0.000001 0.000000 0.000000 0.000000 0.000000 0.000000 0.000000 0.000000 0.000000 0.000000 0.000000 0.000000 0.000000 0.000000 0.000000 0.000000 0.000000 0.000000 0.000000 0.000000 0.000000 0.000000 0.000000 0.000000 0.000000 0.000000 0.000000 0.000000 0.000000 0.000000 0.000000 0.000000 0.000000 0.000000 0.000000 0.000000 
0.000000 0.000000 0.000000 0.000000 0.000000 0.000000 0.000000 0.000000 0.000000 0.000000 0.000000 0.000000 0.000000 0.000000 0.000000 0.000000 0.000000 0.000000 0.000000 0.000000 0.000000 0.000000 0.000000 0.000000 0.000000 0.000000 0.000000 0.000000 0.000000 0.000000 0.000000 0.000000 0.000000 0.000001 0.000001 0.000001 0.000001 0.000002 0.000002 0.000003 0.000004 0.000005 0.000006 0.000007 0.000008 0.000009 0.000009 0.000010 0.000011 0.000011 0.000011 0.000011 0.000011 0.000010 0.000009 0.000009 0.000008 0.000007 0.000006 0.000005 0.000004 0.000003 0.000002 0.000002 0.000001 0.000001 0.000001 0.000001 0.000000 0.000000 0.000000 0.000000 0.000000 0.000000 0.000000 0.000000 0.000000 0.000000 0.000000 0.000000 0.000000 0.000000 0.000000 0.000000 0.000000 0.000000 0.000000 0.000000 0.000000 0.000000 0.000000 0.000000 0.000000 0.000000 0.000000 0.000000 0.000000 0.000000 0.000000 0.000000 
0.000000 0.000000 0.000000 0.000000 0.000000 0.000000 0.000000 0.000000 0.000000 0.000000 0.000000 0.000000 0.000000 0.000000 0.000000 0.000000 0.000000 0.000000 0.000000 0.000000 0.000000 0.000000 0.000000 0.000000 0.000000 0.000000 0.000000 0.000000 0.000000 0.000000 0.000000 0.000001 0.000001 0.000001 0.000002 0.000002 0.000003 0.000004 0.000005 0.000007 0.000009 0.000010 0.000012 0.000015 0.000017 0.000019 0.000021 0.000022 0.000024 0.000024 0.000025 0.000024 0.000024 0.000022 0.000021 0.000019 0.000017 0.000015 0.000012 0.000010 0.000009 0.000007 0.000005 0.000004 0.000003 0.000002 0.000002 0.000001 0.000001 0.000001 0.000000 0.000000 0.000000 0.000000 0.000000 0.000000 0.000000 0.000000 0.000000 0.000000 0.000000 0.000000 0.000000 0.000000 0.000000 0.000000 0.000000 0.000000 0.000000 0.000000 0.000000 0.000000 0.000000 0.000000 0.000000 0.000000 0.000000 0.000000 0.000000 0.000000 
0.000000 0.000000 0.000000 0.000000 0.000000 0.000000 0.000000 0.000000 0.000000 0.000000 0.000000 0.000000 0.000000 0.000000 0.000000 0.000000 0.000000 0.000000 0.000000 0.000000 0.000000 0.000000 0.000000 0.000000 0.000000 0.000000 0.000000 0.000000 0.000000 0.000001 0.000001 0.000001 0.000002 0.000003 0.000004 0.000005 0.000007 0.000009 0.000012 0.000015 0.000019 0.000023 0.000027 0.000032 0.000036 0.000041 0.000045 0.000048 0.000051 0.000053 0.000053 0.000053 0.000051 0.000048 0.000045 0.000041 0.000036 0.000032 0.000027 0.000023 0.000019 0.000015 0.000012 0.000009 0.000007 0.000005 0.000004 0.000003 0.000002 0.000001 0.000001 0.000001 0.000000 0.000000 0.000000 0.000000 0.000000 0.000000 0.000000 0.000000 0.000000 0.000000 0.000000 0.000000 0.000000 0.000000 0.000000 0.000000 0.000000 0.000000 0.000000 0.000000 0.000000 0.000000 0.000000 0.000000 0.000000 0.000000 0.000000 0.000000 
0.000000 0.000000 0.000000 0.000000 0.000000 0.000000 0.000000 0.000000 0.000000 0.000000 0.000000 0.000000 0.000000 0.000000 0.000000 0.000000 0.000000 0.000000 0.000000 0.000000 0.000000 0.000000 0.000000 0.000000 0.000000 0.000000 0.000000 0.000000 0.000001 0.000001 0.000002 0.000003 0.000004 0.000005 0.000008 0.000011 0.000014 0.000019 0.000025 0.000032 0.000040 0.000048 0.000058 0.000068 0.000078 0.000087 0.000096 0.000103 0.000109 0.000112 0.000114 0.000112 0.000109 0.000103 0.000096 0.000087 0.000078 0.000068 0.000058 0.000048 0.000040 0.000032 0.000025 0.000019 0.000014 0.000011 0.000008 0.000005 0.000004 0.000003 0.000002 0.000001 0.000001 0.000000 0.000000 0.000000 0.000000 0.000000 0.000000 0.000000 0.000000 0.000000 0.000000 0.000000 0.000000 0.000000 0.000000 0.000000 0.000000 0.000000 0.000000 0.000000 0.000000 0.000000 0.000000 0.000000 0.000000 0.000000 0.000000 0.000000 
0.000000 0.000000 0.000000 0.000000 0.000000 0.000000 0.000000 0.000000 0.000000 0.000000 0.000000 0.000000 0.000000 0.000000 0.000000 0.000000 0.000000 0.000000 0.000000 0.000000 0.000000 0.000000 0.000000 0.000000 0.000000 0.000000 0.000001 0.000001 0.000002 0.000002 0.000004 0.000005 0.000008 0.000012 0.000016 0.000023 0.000031 0.000040 0.000053 0.000067 0.000083 0.000102 0.000121 0.000142 0.000163 0.000183 0.000201 0.000216 0.000228 0.000235 0.000238 0.000235 0.000228 0.000216 0.000201 0.000183 0.000163 0.000142 0.000121 0.000102 0.000083 0.000067 0.000053 0.000040 0.000031 0.000023 0.000016 0.000012 0.000008 0.000005 0.000004 0.000002 0.000002 0.000001 0.000001 0.000000 0.000000 0.000000 0.000000 0.000000 0.000000 0.000000 0.000000 0.000000 0.000000 0.000000 0.000000 0.000000 0.000000 0.000000 0.000000 0.000000 0.000000 0.000000 0.000000 0.000000 0.000000 0.000000 0.000000 0.000000 
0.000000 0.000000 0.000000 0.000000 0.000000 0.000000 0.000000 0.000000 0.000000 0.000000 0.000000 0.000000 0.000000 0.000000 0.000000 0.000000 0.000000 0.000000 0.000000 0.000000 0.000000 0.000000 0.000000 0.000000 0.000000 0.000001 0.000001 0.000002 0.000003 0.000005 0.000008 0.000011 0.000017 0.000024 0.000034 0.000047 0.000063 0.000084 0.000109 0.000138 0.000172 0.000210 0.000250 0.000293 0.000335 0.000376 0.000413 0.000445 0.000469 0.000484 0.000489 0.000484 0.000469 0.000445 0.000413 0.000376 0.000335 0.000293 0.000250 0.000210 0.000172 0.000138 0.000109 0.000084 0.000063 0.000047 0.000034 0.000024 0.000017 0.000011 0.000008 0.000005 0.000003 0.000002 0.000001 0.000001 0.000000 0.000000 0.000000 0.000000 0.000000 0.000000 0.000000 0.000000 0.000000 0.000000 0.000000 0.000000 0.000000 0.000000 0.000000 0.000000 0.000000 0.000000 0.000000 0.000000 0.000000 0.000000 0.000000 0.000000 
0.000000 0.000000 0.000000 0.000000 0.000000 0.000000 0.000000 0.000000 0.000000 0.000000 0.000000 0.000000 0.000000 0.000000 0.000000 0.000000 0.000000 0.000000 0.000000 0.000000 0.000000 0.000000 0.000000 0.000001 0.000001 0.000002 0.000003 0.000004 0.000007 0.000010 0.000015 0.000023 0.000034 0.000049 0.000069 0.000095 0.000128 0.000170 0.000220 0.000280 0.000348 0.000424 0.000506 0.000592 0.000678 0.000760 0.000835 0.000899 0.000947 0.000977 0.000987 0.000977 0.000947 0.000899 0.000835 0.000760 0.000678 0.000592 0.000506 0.000424 0.000348 0.000280 0.000220 0.000170 0.000128 0.000095 0.000069 0.000049 0.000034 0.000023 0.000015 0.000010 0.000007 0.000004 0.000003 0.000002 0.000001 0.000001 0.000000 0.000000 0.000000 0.000000 0.000000 0.000000 0.000000 0.000000 0.000000 0.000000 0.000000 0.000000 0.000000 0.000000 0.000000 0.000000 0.000000 0.000000 0.000000 0.000000 0.000000 0.000000 
0.000000 0.000000 0.000000 0.000000 0.000000 0.000000 0.000000 0.000000 0.000000 0.000000 0.000000 0.000000 0.000000 0.000000 0.000000 0.000000 0.000000 0.000000 0.000000 0.000000 0.000000 0.000000 0.000001 0.000001 0.000002 0.000003 0.000005 0.000008 0.000013 0.000020 0.000031 0.000046 0.000068 0.000098 0.000137 0.000189 0.000256 0.000338 0.000438 0.000556 0.000692 0.000843 0.001006 0.001176 0.001346 0.001509 0.001657 0.001783 0.001878 0.001938 0.001958 0.001938 0.001878 0.001783 0.001657 0.001509 0.001346 0.001176 0.001006 0.000843 0.000692 0.000556 0.000438 0.000338 0.000256 0.000189 0.000137 0.000098 0.000068 0.000046 0.000031 0.000020 0.000013 0.000008 0.000005 0.000003 0.000002 0.000001 0.000001 0.000000 0.000000 0.000000 0.000000 0.000000 0.000000 0.000000 0.000000 0.000000 0.000000 0.000000 0.000000 0.000000 0.000000 0.000000 0.000000 0.000000 0.000000 0.000000 0.000000 0.000000 
0.000000 0.000000 0.000000 0.000000 0.000000 0.000000 0.000000 0.000000 0.000000 0.000000 0.000000 0.000000 0.000000 0.000000 0.000000 0.000000 0.000000 0.000000 0.000000 0.000000 0.000000 0.000001 0.000001 0.000002 0.000004 0.000006 0.000010 0.000016 0.000026 0.000040 0.000061 0.000091 0.000134 0.000192 0.000269 0.000371 0.000500 0.000661 0.000857 0.001087 0.001351 0.001645 0.001962 0.002292 0.002623 0.002941 0.003229 0.003472 0.003657 0.003773 0.003812 0.003773 0.003657 0.003472 0.003229 0.002941 0.002623 0.002292 0.001962 0.001645 0.001351 0.001087 0.000857 0.000661 0.000500 0.000371 0.000269 0.000192 0.000134 0.000091 0.000061 0.000040 0.000026 0.000016 0.000010 0.000006 0.000004 0.000002 0.000001 0.000001 0.000000 0.000000 0.000000 0.000000 0.000000 0.000000 0.000000 0.000000 0.000000 0.000000 0.000000 0.000000 0.000000 0.000000 0.000000 0.000000 0.000000 0.000000 0.000000 0.000000 
0.000000 0.000000 0.000000 0.000000 0.000000 0.000000 0.000000 0.000000 0.000000 0.000000 0.000000 0.000000 0.000000 0.000000 0.000000 0.000000 0.000000 0.000000 0.000000 0.000000 0.000001 0.000001 0.000002 0.000004 0.000007 0.000012 0.000020 0.000032 0.000050 0.000078 0.000118 0.000176 0.000258 0.000369 0.000518 0.000713 0.000961 0.001270 0.001644 0.002084 0.002589 0.003151 0.003757 0.004388 0.005020 0.005626 0.006175 0.006640 0.006993 0.007213 0.007289 0.007213 0.006993 0.006640 0.006175 0.005626 0.005020 0.004388 0.003757 0.003151 0.002589 0.002084 0.001644 0.001270 0.000961 0.000713 0.000518 0.000369 0.000258 0.000176 0.000118 0.000078 0.000050 0.000032 0.000020 0.000012 0.000007 0.000004 0.000002 0.000001 0.000001 0.000000 0.000000 0.000000 0.000000 0.000000 0.000000 0.000000 0.000000 0.000000 0.000000 0.000000 0.000000 0.000000 0.000000 0.000000 0.000000 0.000000 0.000000 0.000000 
0.000000 0.000000 0.000000 0.000000 0.000000 0.000000 0.000000 0.000000 0.000000 0.000000 0.000000 0.000000 0.000000 0.000000 0.000000 0.000000 0.000000 0.000000 0.000000 0.000001 0.000001 0.000003 0.000004 0.000008 0.000013 0.000023 0.000037 0.000060 0.000095 0.000147 0.000224 0.000334 0.000487 0.000698 0.000979 0.001346 0.001813 0.002394 0.003096 0.003924 0.004872 0.005927 0.007063 0.008246 0.009430 0.010565 0.011595 0.012465 0.013126 0.013539 0.013680 0.013539 0.013126 0.012465 0.011595 0.010565 0.009430 0.008246 0.007063 0.005927 0.004872 0.003924 0.003096 0.002394 0.001813 0.001346 0.000979 0.000698 0.000487 0.000334 0.000224 0.000147 0.000095 0.000060 0.000037 0.000023 0.000013 0.000008 0.000004 0.000003 0.000001 0.000001 0.000000 0.000000 0.000000 0.000000 0.000000 0.000000 0.000000 0.000000 0.000000 0.000000 0.000000 0.000000 0.000000 0.000000 0.000000 0.000000 0.000000 0.000000 
0.000000 0.000000 0.000000 0.000000 0.000000 0.000000 0.000000 0.000000 0.000000 0.000000 0.000000 0.000000 0.000000 0.000000 0.000000 0.000000 0.000000 0.000000 0.000001 0.000001 0.000003 0.000005 0.000008 0.000015 0.000025 0.000042 0.000069 0.000112 0.000177 0.000274 0.000416 0.000620 0.000905 0.001294 0.001815 0.002493 0.003356 0.004428 0.005724 0.007251 0.008998 0.010941 0.013033 0.015210 0.017390 0.019478 0.021371 0.022971 0.024186 0.024946 0.025205 0.024946 0.024186 0.022971 0.021371 0.019478 0.017390 0.015210 0.013033 0.010941 0.008998 0.007251 0.005724 0.004428 0.003356 0.002493 0.001815 0.001294 0.000905 0.000620 0.000416 0.000274 0.000177 0.000112 0.000069 0.000042 0.000025 0.000015 0.000008 0.000005 0.000003 0.000001 0.000001 0.000000 0.000000 0.000000 0.000000 0.000000 0.000000 0.000000 0.000000 0.000000 0.000000 0.000000 0.000000 0.000000 0.000000 0.000000 0.000000 0.000000 
0.000000 0.000000 0.000000 0.000000 0.000000 0.000000 0.000000 0.000000 0.000000 0.000000 0.000000 0.000000 0.000000 0.000000 0.000000 0.000000 0.000000 0.000001 0.000001 0.000003 0.000005 0.000009 0.000016 0.000027 0.000046 0.000077 0.000127 0.000205 0.000323 0.000501 0.000760 0.001131 0.001649 0.002357 0.003301 0.004532 0.006098 0.008040 0.010388 0.013150 0.016312 0.019825 0.023607 0.027541 0.031478 0.035247 0.038666 0.041553 0.043747 0.045118 0.045585 0.045118 0.043747 0.041553 0.038666 0.035247 0.031478 0.027541 0.023607 0.019825 0.016312 0.013150 0.010388 0.008040 0.006098 0.004532 0.003301 0.002357 0.001649 0.001131 0.000760 0.000501 0.000323 0.000205 0.000127 0.000077 0.000046 0.000027 0.000016 0.000009 0.000005 0.000003 0.000001 0.000001 0.000000 0.000000 0.000000 0.000000 0.000000 0.000000 0.000000 0.000000 0.000000 0.000000 0.000000 0.000000 0.000000 0.000000 0.000000 0.000000 
0.000000 0.000000 0.000000 0.000000 0.000000 0.000000 0.000000 0.000000 0.000000 0.000000 0.000000 0.000000 0.000000 0.000000 0.000000 0.000000 0.000001 0.000001 0.000003 0.000005 0.000009 0.000016 0.000028 0.000049 0.000083 0.000139 0.000229 0.000368 0.000580 0.000898 0.001361 0.002023 0.002948 0.004211 0.005894 0.008087 0.010873 0.014327 0.018500 0.023408 0.029022 0.035257 0.041967 0.048943 0.055924 0.062606 0.068663 0.073779 0.077665 0.080094 0.080921 0.080094 0.077665 0.073779 0.068663 0.062606 0.055924 0.048943 0.041967 0.035257 0.029022 0.023408 0.018500 0.014327 0.010873 0.008087 0.005894 0.004211 0.002948 0.002023 0.001361 0.000898 0.000580 0.000368 0.000229 0.000139 0.000083 0.000049 0.000028 0.000016 0.000009 0.000005 0.000003 0.000001 0.000001 0.000000 0.000000 0.000000 0.000000 0.000000 0.000000 0.000000 0.000000 0.000000 0.000000 0.000000 0.000000 0.000000 0.000000 0.000000 
0.000000 0.000000 0.000000 0.000000 0.000000 0.000000 0.000000 0.000000 0.000000 0.000000 0.000000 0.000000 0.000000 0.000000 0.000000 0.000001 0.000001 0.000002 0.000004 0.000008 0.000016 0.000028 0.000050 0.000086 0.000147 0.000246 0.000403 0.000648 0.001022 0.001579 0.002392 0.003553 0.005173 0.007382 0.010327 0.014158 0.019025 0.025054 0.032333 0.040891 0.050675 0.061536 0.073220 0.085364 0.097511 0.109135 0.119671 0.128567 0.135324 0.139548 0.140985 0.139548 0.135324 0.128567 0.119671 0.109135 0.097511 0.085364 0.073220 0.061536 0.050675 0.040891 0.032333 0.025054 0.019025 0.014158 0.010327 0.007382 0.005173 0.003553 0.002392 0.001579 0.001022 0.000648 0.000403 0.000246 0.000147 0.000086 0.000050 0.000028 0.000016 0.000008 0.000004 0.000002 0.000001 0.000001 0.000000 0.000000 0.000000 0.000000 0.000000 0.000000 0.000000 0.000000 0.000000 0.000000 0.000000 0.000000 0.000000 0.000000 
0.000000 0.000000 0.000000 0.000000 0.000000 0.000000 0.000000 0.000000 0.000000 0.000000 0.000000 0.000000 0.000000 0.000000 0.000001 0.000001 0.000002 0.000004 0.000008 0.000015 0.000027 0.000049 0.000086 0.000150 0.000255 0.000426 0.000698 0.001121 0.001765 0.002725 0.004125 0.006121 0.008905 0.012699 0.017752 0.024323 0.032664 0.042991 0.055453 0.070096 0.086829 0.105397 0.125364 0.146110 0.166856 0.186702 0.204688 0.219871 0.231402 0.238610 0.241062 0.238610 0.231402 0.219871 0.204688 0.186702 0.166856 0.146110 0.125364 0.105397 0.086829 0.070096 0.055453 0.042991 0.032664 0.024323 0.017752 0.012699 0.008905 0.006121 0.004125 0.002725 0.001765 0.001121 0.000698 0.000426 0.000255 0.000150 0.000086 0.000049 0.000027 0.000015 0.000008 0.000004 0.000002 0.000001 0.000001 0.000000 0.000000 0.000000 0.000000 0.000000 0.000000 0.000000 0.000000 0.000000 0.000000 0.000000 0.000000 0.000000 
0.000000 0.000000 0.000000 0.000000 0.000000 0.000000 0.000000 0.000000 0.000000 0.000000 0.000000 0.000000 0.000000 0.000000 0.000001 0.000002 0.000004 0.000007 0.000013 0.000025 0.000046 0.000083 0.000147 0.000255 0.000434 0.000724 0.001185 0.001901 0.002990 0.004613 0.006977 0.010346 0.015040 0.021434 0.029942 0.041000 0.055027 0.072384 0.093318 0.117905 0.145989 0.177140 0.210624 0.245405 0.280176 0.313430 0.343562 0.368992 0.388305 0.400375 0.404482 0.400375 0.388305 0.368992 0.343562 0.313430 0.280176 0.245405 0.210624 0.177140 0.145989 0.117905 0.093318 0.072384 0.055027 0.041000 0.029942 0.021434 0.015040 0.010346 0.006977 0.004613 0.002990 0.001901 0.001185 0.000724 0.000434 0.000255 0.000147 0.000083 0.000046 0.000025 0.000013 0.000007 0.000004 0.000002 0.000001 0.000000 0.000000 0.000000 0.000000 0.000000 0.000000 0.000000 0.000000 0.000000 0.000000 0.000000 0.000000 0.000000 
0.000000 0.000000 0.000000 0.000000 0.000000 0.000000 0.000000 0.000000 0.000000 0.000000 0.000000 0.000000 0.000000 0.000001 0.000002 0.000003 0.000006 0.000012 0.000023 0.000042 0.000077 0.000139 0.000246 0.000426 0.000724 0.001207 0.001973 0.003162 0.004970 0.007661 0.011578 0.017155 0.024921 0.035491 0.049547 0.067803 0.090949 0.119574 0.154082 0.194590 0.240840 0.292122 0.347225 0.404443 0.461629 0.516308 0.565844 0.607644 0.639385 0.659221 0.665970 0.659221 0.639385 0.607644 0.565844 0.516308 0.461629 0.404443 0.347225 0.292122 0.240840 0.194590 0.154082 0.119574 0.090949 0.067803 0.049547 0.035491 0.024921 0.017155 0.011578 0.007661 0.004970 0.003162 0.001973 0.001207 0.000724 0.000426 0.000246 0.000139 0.000077 0.000042 0.000023 0.000012 0.000006 0.000003 0.000002 0.000001 0.000000 0.000000 0.000000 0.000000 0.000000 0.000000 0.000000 0.000000 0.000000 0.000000 0.000000 0.000000 
0.000000 0.000000 0.000000 0.000000 0.000000 0.000000 0.000000 0.000000 0.000000 0.000000 0.000000 0.000000 0.000001 0.000001 0.000003 0.000005 0.000010 0.000020 0.000037 0.000069 0.000127 0.000229 0.000403 0.000698 0.001185 0.001973 0.003221 0.005159 0.008103 0.012479 0.018845 0.027903 0.040506 0.057649 0.080431 0.110004 0.147475 0.193792 0.249600 0.315084 0.389819 0.472653 0.561629 0.653993 0.746281 0.834503 0.914410 0.981830 1.033018 1.065006 1.075888 1.065006 1.033018 0.981830 0.914410 0.834503 0.746281 0.653993 0.561629 0.472653 0.389819 0.315084 0.249600 0.193792 0.147475 0.110004 0.080431 0.057649 0.040506 0.027903 0.018845 0.012479 0.008103 0.005159 0.003221 0.001973 0.001185 0.000698 0.000403 0.000229 0.000127 0.000069 0.000037 0.000020 0.000010 0.000005 0.000003 0.000001 0.000001 0.000000 0.000000 0.000000 0.000000 0.000000 0.000000 0.000000 0.000000 0.000000 0.000000 0.000000 
0.000000 0.000000 0.000000 0.000000 0.000000 0.000000 0.000000 0.000000 0.000000 0.000000 0.000000 0.000000 0.000001 0.000002 0.000004 0.000008 0.000016 0.000032 0.000060 0.000112 0.000205 0.000368 0.000648 0.001121 0.001901 0.003162 0.005159 0.008255 0.012955 0.019938 0.030086 0.044517 0.064582 0.091855 0.128080 0.175074 0.234587 0.308114 0.396664 0.500522 0.619006 0.750282 0.891246 1.037536 1.183667 1.323329 1.449807 1.556503 1.637503 1.688118 1.705336 1.688118 1.637503 1.556503 1.449807 1.323329 1.183667 1.037536 0.891246 0.750282 0.619006 0.500522 0.396664 0.308114 0.234587 0.175074 0.128080 0.091855 0.064582 0.044517 0.030086 0.019938 0.012955 0.008255 0.005159 0.003162 0.001901 0.001121 0.000648 0.000368 0.000205 0.000112 0.000060 0.000032 0.000016 0.000008 0.000004 0.000002 0.000001 0.000000 0.000000 0.000000 0.000000 0.000000 0.000000 0.000000 0.000000 0.000000 0.000000 0.000000 
0.000000 0.000000 0.000000 0.000000 0.000000 0.000000 0.000000 0.000000 0.000000 0.000000 0.000000 0.000001 0.000002 0.000003 0.000007 0.000013 0.000026 0.000050 0.000095 0.000177 0.000323 0.000580 0.001022 0.001765 0.002990 0.004970 0.008103 0.012955 0.020316 0.031241 0.047111 0.069660 0.100994 0.143557 0.200058 0.273315 0.366041 0.480544 0.618382 0.779980 0.964267 1.168377 1.387484 1.614804 1.841824 2.058748 2.255160 2.420829 2.546585 2.625162 2.651891 2.625162 2.546585 2.420829 2.255160 2.058748 1.841824 1.614804 1.387484 1.168377 0.964267 0.779980 0.618382 0.480544 0.366041 0.273315 0.200058 0.143557 0.100994 0.069660 0.047111 0.031241 0.020316 0.012955 0.008103 0.004970 0.002990 0.001765 0.001022 0.000580 0.000323 0.000177 0.000095 0.000050 0.000026 0.000013 0.000007 0.000003 0.000002 0.000001 0.000000 0.000000 0.000000 0.000000 0.000000 0.000000 0.000000 0.000000 0.000000 0.000000 
0.000000 0.000000 0.000000 0.000000 0.000000 0.000000 0.000000 0.000000 0.000000 0.000000 0.000001 0.000001 0.000002 0.000005 0.000010 0.000020 0.000040 0.000078 0.000147 0.000274 0.000501 0.000898 0.001579 0.002725 0.004613 0.007661 0.012479 0.019938 0.031241 0.048009 0.072347 0.106907 0.154900 0.220055 0.306497 0.418515 0.560233 0.735153 0.945630 1.192291 1.473479 1.784813 2.118920 2.465460 2.811460 3.142008 3.441250 3.693620 3.885170 4.004849 4.045559 4.004849 3.885170 3.693620 3.441250 3.142008 2.811460 2.465460 2.118920 1.784813 1.473479 1.192291 0.945630 0.735153 0.560233 0.418515 0.306497 0.220055 0.154900 0.106907 0.072347 0.048009 0.031241 0.019938 0.012479 0.007661 0.004613 0.002725 0.001579 0.000898 0.000501 0.000274 0.000147 0.000078 0.000040 0.000020 0.000010 0.000005 0.000002 0.000001 0.000001 0.000000 0.000000 0.000000 0.000000 0.000000 0.000000 0.000000 0.000000 0.000000 
0.000000 0.000000 0.000000 0.000000 0.000000 0.000000 0.000000 0.000000 0.000000 0.000000 0.000001 0.000002 0.000004 0.000008 0.000015 0.000031 0.000061 0.000118 0.000224 0.000416 0.000760 0.001361 0.002392 0.004125 0.006977 0.011578 0.018845 0.030086 0.047111 0.072347 0.108955 0.160903 0.233000 0.330823 0.460536 0.628546 0.840998 1.103110 1.418373 1.787692 2.208563 2.674406 3.174183 3.692424 4.209744 4.703866 5.151119 5.528267 5.814498 5.993322 6.054147 5.993322 5.814498 5.528267 5.151119 4.703866 4.209744 3.692424 3.174183 2.674406 2.208563 1.787692 1.418373 1.103110 0.840998 0.628546 0.460536 0.330823 0.233000 0.160903 0.108955 0.072347 0.047111 0.030086 0.018845 0.011578 0.006977 0.004125 0.002392 0.001361 0.000760 0.000416 0.000224 0.000118 0.000061 0.000031 0.000015 0.000008 0.000004 0.000002 0.000001 0.000000 0.000000 0.000000 0.000000 0.000000 0.000000 0.000000 0.000000 0.000000 
0.000000 0.000000 0.000000 0.000000 0.000000 0.000000 0.000000 0.000000 0.000000 0.000001 0.000001 0.000003 0.000005 0.000011 0.000023 0.000046 0.000091 0.000176 0.000334 0.000620 0.001131 0.002023 0.003553 0.006121 0.010346 0.017155 0.027903 0.044517 0.069660 0.106907 0.160903 0.237481 0.343701 0.487745 0.678649 0.925797 1.238182 1.623423 2.086601 2.629001 3.246908 3.930633 4.663965 5.424206 6.182934 6.907508 7.563254 8.116148 8.535721 8.797834 8.886987 8.797834 8.535721 8.116148 7.563254 6.907508 6.182934 5.424206 4.663965 3.930633 3.246908 2.629001 2.086601 1.623423 1.238182 0.925797 0.678649 0.487745 0.343701 0.237481 0.160903 0.106907 0.069660 0.044517 0.027903 0.017155 0.010346 0.006121 0.003553 0.002023 0.001131 0.000620 0.000334 0.000176 0.000091 0.000046 0.000023 0.000011 0.000005 0.000003 0.000001 0.000001 0.000000 0.000000 0.000000 0.000000 0.000000 0.000000 0.000000 0.000000 
0.000000 0.000000 0.000000 0.000000 0.000000 0.000000 0.000000 0.000000 0.000000 0.000001 0.000002 0.000004 0.000008 0.000017 0.000034 0.000068 0.000134 0.000258 0.000487 0.000905 0.001649 0.002948 0.005173 0.008905 0.015040 0.024921 0.040506 0.064582 0.100994 0.154900 0.233000 0.343701 0.497167 0.705178 0.980723 1.337287 1.787775 2.343107 3.010538 3.791859 4.681666 5.665971 6.721417 7.815341 8.906869 9.949082 10.892157 11.687222 12.290518 12.667385 12.795565 12.667385 12.290518 11.687222 10.892157 9.949082 8.906869 7.815341 6.721417 5.665971 4.681666 3.791859 3.010538 2.343107 1.787775 1.337287 0.980723 0.705178 0.497167 0.343701 0.233000 0.154900 0.100994 0.064582 0.040506 0.024921 0.015040 0.008905 0.005173 0.002948 0.001649 0.000905 0.000487 0.000258 0.000134 0.000068 0.000034 0.000017 0.000008 0.000004 0.000002 0.000001 0.000000 0.000000 0.000000 0.000000 0.000000 0.000000 0.000000 0.000000 
0.000000 0.000000 0.000000 0.000000 0.000000 0.000000 0.000000 0.000000 0.000001 0.000001 0.000003 0.000005 0.000012 0.000024 0.000049 0.000098 0.000192 0.000369 0.000698 0.001294 0.002357 0.004211 0.007382 0.012699 0.021434 0.035491 0.057649 0.091855 0.143557 0.220055 0.330823 0.487745 0.705178 0.999746 1.389772 1.894260 2.531379 3.316479 4.259729 5.363573 6.620310 8.010136 9.500047 11.043939 12.584156 14.054545 15.384886 16.506316 17.357188 17.888682 18.069449 17.888682 17.357188 16.506316 15.384886 14.054545 12.584156 11.043939 9.500047 8.010136 6.620310 5.363573 4.259729 3.316479 2.531379 1.894260 1.389772 0.999746 0.705178 0.487745 0.330823 0.220055 0.143557 0.091855 0.057649 0.035491 0.021434 0.012699 0.007382 0.004211 0.002357 0.001294 0.000698 0.000369 0.000192 0.000098 0.000049 0.000024 0.000012 0.000005 0.000003 0.000001 0.000001 0.000000 0.000000 0.000000 0.000000 0.000000 0.000000 0.000000 
0.000000 0.000000 0.000000 0.000000 0.000000 0.000000 0.000000 0.000000 0.000001 0.000002 0.000004 0.000008 0.000016 0.000034 0.000069 0.000137 0.000269 0.000518 0.000979 0.001815 0.003301 0.005894 0.010327 0.017752 0.029942 0.049547 0.080431 0.128080 0.200058 0.306497 0.460536 0.678649 0.980723 1.389772 1.931144 2.631108 3.514756 4.603257 5.910587 7.440029 9.180824 11.105475 13.168249 15.305319 17.436918 19.471565 21.312184 22.863600 24.040628 24.775815 25.025854 24.775815 24.040628 22.863600 21.312184 19.471565 17.436918 15.305319 13.168249 11.105475 9.180824 7.440029 5.910587 4.603257 3.514756 2.631108 1.931144 1.389772 0.980723 0.678649 0.460536 0.306497 0.200058 0.128080 0.080431 0.049547 0.029942 0.017752 0.010327 0.005894 0.003301 0.001815 0.000979 0.000518 0.000269 0.000137 0.000069 0.000034 0.000016 0.000008 0.000004 0.000002 0.000001 0.000000 0.000000 0.000000 0.000000 0.000000 0.000000 0.000000 
0.000000 0.000000 0.000000 0.000000 0.000000 0.000000 0.000000 0.000000 0.000001 0.000002 0.000005 0.000011 0.000023 0.000047 0.000095 0.000189 0.000371 0.000713 0.001346 0.002493 0.004532 0.008087 0.014158 0.024323 0.041000 0.067803 0.110004 0.175074 0.273315 0.418515 0.628546 0.925797 1.337287 1.894260 2.631108 3.583446 4.785263 6.265194 8.042093 10.120280 12.485023 15.098892 17.899735 20.800899 23.694145 26.455394 28.953024 31.058015 32.654913 33.652310 33.991518 33.652310 32.654913 31.058015 28.953024 26.455394 23.694145 20.800899 17.899735 15.098892 12.485023 10.120280 8.042093 6.265194 4.785263 3.583446 2.631108 1.894260 1.337287 0.925797 0.628546 0.418515 0.273315 0.175074 0.110004 0.067803 0.041000 0.024323 0.014158 0.008087 0.004532 0.002493 0.001346 0.000713 0.000371 0.000189 0.000095 0.000047 0.000023 0.000011 0.000005 0.000002 0.000001 0.000000 0.000000 0.000000 0.000000 0.000000 0.000000 0.000000 
0.000000 0.000000 0.000000 0.000000 0.000000 0.000000 0.000000 0.000001 0.000001 0.000003 0.000007 0.000014 0.000031 0.000063 0.000128 0.000256 0.000500 0.000961 0.001813 0.003356 0.006098 0.010873 0.019025 0.032664 0.055027 0.090949 0.147475 0.234587 0.366041 0.560233 0.840998 1.238182 1.787775 2.531379 3.514756 4.785263 6.388058 8.361137 10.729444 13.498571 16.648741 20.129996 23.859511 27.721910 31.573158 35.248204 38.572011 41.373047 43.497837 44.824886 45.276197 44.824886 43.497837 41.373047 38.572011 35.248204 31.573158 27.721910 23.859511 20.129996 16.648741 13.498571 10.729444 8.361137 6.388058 4.785263 3.514756 2.531379 1.787775 1.238182 0.840998 0.560233 0.366041 0.234587 0.147475 0.090949 0.055027 0.032664 0.019025 0.010873 0.006098 0.003356 0.001813 0.000961 0.000500 0.000256 0.000128 0.000063 0.000031 0.000014 0.000007 0.000003 0.000001 0.000001 0.000000 0.000000 0.000000 0.000000 0.000000 0.000000 
0.000000 0.000000 0.000000 0.000000 0.000000 0.000000 0.000000 0.000001 0.000002 0.000004 0.000009 0.000019 0.000040 0.000084 0.000170 0.000338 0.000661 0.001270 0.002394 0.004428 0.008040 0.014327 0.025054 0.042991 0.072384 0.119574 0.193792 0.308114 0.480544 0.735153 1.103110 1.623423 2.343107 3.316479 4.603257 6.265194 8.361137 10.940533 14.035766 17.653931 21.769018 26.315646 31.185586 36.228192 41.255496 46.052183 50.389974 54.045204 56.817788 58.549345 59.138212 58.549345 56.817788 54.045204 50.389974 46.052183 41.255496 36.228192 31.185586 26.315646 21.769018 17.653931 14.035766 10.940533 8.361137 6.265194 4.603257 3.316479 2.343107 1.623423 1.103110 0.735153 0.480544 0.308114 0.193792 0.119574 0.072384 0.042991 0.025054 0.014327 0.008040 0.004428 0.002394 0.001270 0.000661 0.000338 0.000170 0.000084 0.000040 0.000019 0.000009 0.000004 0.000002 0.000001 0.000000 0.000000 0.000000 0.000000 0.000000 0.000000 
0.000000 0.000000 0.000000 0.000000 0.000000 0.000000 0.000000 0.000001 0.000002 0.000005 0.000012 0.000025 0.000053 0.000109 0.000220 0.000438 0.000857 0.001644 0.003096 0.005724 0.010388 0.018500 0.032333 0.055453 0.093318 0.154082 0.249600 0.396664 0.618382 0.945630 1.418373 2.086601 3.010538 4.259729 5.910587 8.042093 10.729444 14.035766 18.002292 22.637869 27.908971 33.731705 39.967398 46.423172 52.858473 58.997848 64.549329 69.226905 72.774755 74.990402 75.743883 74.990402 72.774755 69.226905 64.549329 58.997848 52.858473 46.423172 39.967398 33.731705 27.908971 22.637869 18.002292 14.035766 10.729444 8.042093 5.910587 4.259729 3.010538 2.086601 1.418373 0.945630 0.618382 0.396664 0.249600 0.154082 0.093318 0.055453 0.032333 0.018500 0.010388 0.005724 0.003096 0.001644 0.000857 0.000438 0.000220 0.000109 0.000053 0.000025 0.000012 0.000005 0.000002 0.000001 0.000000 0.000000 0.000000 0.000000 0.000000 0.000000 
0.000000 0.000000 0.000000 0.000000 0.000000 0.000000 0.000001 0.000001 0.000003 0.000007 0.000015 0.000032 0.000067 0.000138 0.000280 0.000556 0.001087 0.002084 0.003924 0.007251 0.013150 0.023408 0.040891 0.070096 0.117905 0.194590 0.315084 0.500522 0.779980 1.192291 1.787692 2.629001 3.791859 5.363573 7.440029 10.120280 13.498571 17.653931 22.637869 28.461217 35.081621 42.393549 50.222786 58.327177 66.404849 74.110238 81.077145 86.946910 91.398771 94.178876 95.124296 94.178876 91.398771 86.946910 81.077145 74.110238 66.404849 58.327177 50.222786 42.393549 35.081621 28.461217 22.637869 17.653931 13.498571 10.120280 7.440029 5.363573 3.791859 2.629001 1.787692 1.192291 0.779980 0.500522 0.315084 0.194590 0.117905 0.070096 0.040891 0.023408 0.013150 0.007251 0.003924 0.002084 0.001087 0.000556 0.000280 0.000138 0.000067 0.000032 0.000015 0.000007 0.000003 0.000001 0.000001 0.000000 0.000000 0.000000 0.000000 0.000000 
0.000000 0.000000 0.000000 0.000000 0.000000 0.000000 0.000001 0.000002 0.000004 0.000009 0.000019 0.000040 0.000083 0.000172 0.000348 0.000692 0.001351 0.002589 0.004872 0.008998 0.016312 0.029022 0.050675 0.086829 0.145989 0.240840 0.389819 0.619006 0.964267 1.473479 2.208563 3.246908 4.681666 6.620310 9.180824 12.485023 16.648741 21.769018 27.908971 35.081621 43.234536 52.237573 61.876136 71.852128 81.794085 91.276899 99.850178 107.072868 112.550570 115.971181 117.134396 115.971181 112.550570 107.072868 99.850178 91.276899 81.794085 71.852128 61.876136 52.237573 43.234536 35.081621 27.908971 21.769018 16.648741 12.485023 9.180824 6.620310 4.681666 3.246908 2.208563 1.473479 0.964267 0.619006 0.389819 0.240840 0.145989 0.086829 0.050675 0.029022 0.016312 0.008998 0.004872 0.002589 0.001351 0.000692 0.000348 0.000172 0.000083 0.000040 0.000019 0.000009 0.000004 0.000002 0.000001 0.000000 0.000000 0.000000 0.000000 0.000000 
0.000000 0.000000 0.000000 0.000000 0.000000 0.000000 0.000001 0.000002 0.000005 0.000010 0.000023 0.000048 0.000102 0.000210 0.000424 0.000843 0.001645 0.003151 0.005927 0.010941 0.019825 0.035257 0.061536 0.105397 0.177140 0.292122 0.472653 0.750282 1.168377 1.784813 2.674406 3.930633 5.665971 8.010136 11.105475 15.098892 20.129996 26.315646 33.731705 42.393549 52.237573 63.106438 74.740979 86.781388 98.779468 110.222424 120.567068 129.281551 135.890335 140.017140 141.420483 140.017140 135.890335 129.281551 120.567068 110.222424 98.779468 86.781388 74.740979 63.106438 52.237573 42.393549 33.731705 26.315646 20.129996 15.098892 11.105475 8.010136 5.665971 3.930633 2.674406 1.784813 1.168377 0.750282 0.472653 0.292122 0.177140 0.105397 0.061536 0.035257 0.019825 0.010941 0.005927 0.003151 0.001645 0.000843 0.000424 0.000210 0.000102 0.000048 0.000023 0.000010 0.000005 0.000002 0.000001 0.000000 0.000000 0.000000 0.000000 0.000000 
0.000000 0.000000 0.000000 0.000000 0.000000 0.000000 0.000001 0.000002 0.000006 0.000012 0.000027 0.000058 0.000121 0.000250 0.000506 0.001006 0.001962 0.003757 0.007063 0.013033 0.023607 0.041967 0.073220 0.125364 0.210624 0.347225 0.561629 0.891246 1.387484 2.118920 3.174183 4.663965 6.721417 9.500047 13.168249 17.899735 23.859511 31.185586 39.967398 50.222786 61.876136 74.740979 88.510455 102.758756 116.955638 130.494579 142.733213 153.042671 160.860720 165.742510 167.402567 165.742510 160.860720 153.042671 142.733213 130.494579 116.955638 102.758756 88.510455 74.740979 61.876136 50.222786 39.967398 31.185586 23.859511 17.899735 13.168249 9.500047 6.721417 4.663965 3.174183 2.118920 1.387484 0.891246 0.561629 0.347225 0.210624 0.125364 0.073220 0.041967 0.023607 0.013033 0.007063 0.003757 0.001962 0.001006 0.000506 0.000250 0.000121 0.000058 0.000027 0.000012 0.000006 0.000002 0.000001 0.000000 0.000000 0.000000 0.000000 0.000000 
