0.000000 0.000000 0.000000 0.000000 0.000000 0.000000 0.000000 0.000000 0.000000 0.000000 0.000000 0.000000 0.000000 0.000000 0.000000 0.000000 0.000000 0.000001 0.000001 0.000001 0.000002 0.000002 0.000003 0.000004 0.000006 0.000008 0.000011 0.000014 0.000019 0.000024 0.000031 0.000039 0.000049 0.000060 0.000073 0.000087 0.000104 0.000122 0.000141 0.000162 0.000183 0.000205 0.000227 0.000248 0.000268 0.000286 0.000301 0.000314 0.000324 0.000329 0.000331 0.000329 0.000324 0.000314 0.000301 0.000286 0.000268 0.000248 0.000227 0.000205 0.000183 0.000162 0.000141 0.000122 0.000104 0.000087 0.000073 0.000060 0.000049 0.000039 0.000031 0.000024 0.000019 0.000014 0.000011 0.000008 0.000006 0.000004 0.000003 0.000002 0.000002 0.000001 0.000001 0.000001 0.000000 0.000000 0.000000 0.000000 0.000000 0.000000 0.000000 0.000000 0.000000 0.000000 0.000000 0.000000 0.000000 0.000000 0.000000 0.000000 
0.000000 0.000000 0.000000 0.000000 0.000000 0.000000 0.000000 0.000000 0.000000 0.000000 0.000000 0.000000 0.000000 0.000000 0.000000 0.000000 0.000000 0.000001 0.000001 0.000001 0.000002 0.000002 0.000003 0.000004 0.000006 0.000008 0.000011 0.000014 0.000019 0.000024 0.000031 0.000039 0.000049 0.000060 0.000073 0.000087 0.000104 0.000122 0.000141 0.000162 0.000183 0.000205 0.000227 0.000248 0.000268 0.000286 0.000301 0.000314 0.000324 0.000329 0.000331 0.000329 0.000324 0.000314 0.000301 0.000286 0.000268 0.000248 0.000227 0.000205 0.000183 0.000162 0.000141 0.000122 0.000104 0.000087 0.000073 0.000060 0.000049 0.000039 0.000031 0.000024 0.000019 0.000014 0.000011 0.000008 0.000006 0.000004 0.000003 0.000002 0.000002 0.000001 0.000001 0.000001 0.000000 0.000000 0.000000 0.000000 0.000000 0.000000 0.000000 0.000000 0.000000 0.000000 0.000000 0.000000 0.000000 0.000000 0.000000 0.000000 
0.000000 0.000000 0.000000 0.000000 0.000000 0.000000 0.000000 0.000000 0.000000 0.000000 0.000000 0.000000 0.000000 0.000000 0.000000 0.000000 0.000000 0.000001 0.000001 0.000001 0.000002 0.000003 0.000004 0.000006 0.000008 0.000011 0.000014 0.000019 0.000025 0.000032 0.000041 0.000051 0.000063 0.000078 0.000095 0.000114 0.000135 0.000159 0.000184 0.000211 0.000239 0.000268 0.000296 0.000324 0.000349 0.000373 0.000393 0.000410 0.000422 0.000430 0.000433 0.000430 0.000422 0.000410 0.000393 0.000373 0.000349 0.000324 0.000296 0.000268 0.000239 0.000211 0.000184 0.000159 0.000135 0.000114 0.000095 0.000078 0.000063 0.000051 0.000041 0.000032 0.000025 0.000019 0.000014 0.000011 0.000008 0.000006 0.000004 0.000003 0.000002 0.000001 0.000001 0.000001 0.000000 0.000000 0.000000 0.000000 0.000000 0.000000 0.000000 0.000000 0.000000 0.000000 0.000000 0.000000 0.000000 0.000000 0.000000 0.000000 
0.000000 0.000000 0.000000 0.000000 0.000000 0.000000 0.000000 0.000000 0.000000 0.000000 0.000000 0.000000 0.000000 0.000000 0.000000 0.000000 0.000001 0.000001 0.000002 0.000002 0.000003 0.000005 0.000006 0.000009 0.000012 0.000016 0.000022 0.000029 0.000038 0.000049 0.000062 0.000078 0.000097 0.000120 0.000145 0.000175 0.000207 0.000243 0.000282 0.000323 0.000366 0.000409 0.000453 0.000495 0.000534 0.000570 0.000601 0.000627 0.000646 0.000657 0.000661 0.000657 0.000646 0.000627 0.000601 0.000570 0.000534 0.000495 0.000453 0.000409 0.000366 0.000323 0.000282 0.000243 0.000207 0.000175 0.000145 0.000120 0.000097 0.000078 0.000062 0.000049 0.000038 0.000029 0.000022 0.000016 0.000012 0.000009 0.000006 0.000005 0.000003 0.000002 0.000002 0.000001 0.000001 0.000000 0.000000 0.000000 0.000000 0.000000 0.000000 0.000000 0.000000 0.000000 0.000000 0.000000 0.000000 0.000000 0.000000 0.000000 
0.000000 0.000000 0.000000 0.000000 0.000000 0.000000 0.000000 0.000000 0.000000 0.000000 0.000000 0.000000 0.000000 0.000000 0.000001 0.000001 0.000001 0.000002 0.000003 0.000004 0.000005 0.000008 0.000011 0.000015 0.000020 0.000027 0.000036 0.000047 0.000062 0.000080 0.000101 0.000128 0.000159 0.000195 0.000237 0.000284 0.000338 0.000396 0.000459 0.000526 0.000595 0.000666 0.000736 0.000804 0.000869 0.000927 0.000978 0.001019 0.001050 0.001068 0.001075 0.001068 0.001050 0.001019 0.000978 0.000927 0.000869 0.000804 0.000736 0.000666 0.000595 0.000526 0.000459 0.000396 0.000338 0.000284 0.000237 0.000195 0.000159 0.000128 0.000101 0.000080 0.000062 0.000047 0.000036 0.000027 0.000020 0.000015 0.000011 0.000008 0.000005 0.000004 0.000003 0.000002 0.000001 0.000001 0.000001 0.000000 0.000000 0.000000 0.000000 0.000000 0.000000 0.000000 0.000000 0.000000 0.000000 0.000000 0.000000 0.000000 
0.000000 0.000000 0.000000 0.000000 0.000000 0.000000 0.000000 0.000000 0.000000 0.000000 0.000000 0.000000 0.000000 0.000001 0.000001 0.000001 0.000002 0.000003 0.000004 0.000006 0.000009 0.000013 0.000018 0.000024 0.000033 0.000045 0.000060 0.000079 0.000102 0.000132 0.000168 0.000211 0.000262 0.000323 0.000392 0.000470 0.000558 0.000654 0.000758 0.000869 0.000983 0.001100 0.001216 0.001328 0.001434 0.001531 0.001614 0.001682 0.001733 0.001764 0.001774 0.001764 0.001733 0.001682 0.001614 0.001531 0.001434 0.001328 0.001216 0.001100 0.000983 0.000869 0.000758 0.000654 0.000558 0.000470 0.000392 0.000323 0.000262 0.000211 0.000168 0.000132 0.000102 0.000079 0.000060 0.000045 0.000033 0.000024 0.000018 0.000013 0.000009 0.000006 0.000004 0.000003 0.000002 0.000001 0.000001 0.000001 0.000000 0.000000 0.000000 0.000000 0.000000 0.000000 0.000000 0.000000 0.000000 0.000000 0.000000 0.000000 
0.000000 0.000000 0.000000 0.000000 0.000000 0.000000 0.000000 0.000000 0.000000 0.000000 0.000000 0.000000 0.000001 0.000001 0.000001 0.000002 0.000003 0.000005 0.000007 0.000010 0.000015 0.000021 0.000029 0.000040 0.000055 0.000074 0.000099 0.000130 0.000169 0.000218 0.000277 0.000349 0.000433 0.000532 0.000647 0.000776 0.000921 0.001079 0.001250 0.001432 0.001621 0.001813 0.002004 0.002189 0.002364 0.002522 0.002660 0.002772 0.002855 0.002906 0.002923 0.002906 0.002855 0.002772 0.002660 0.002522 0.002364 0.002189 0.002004 0.001813 0.001621 0.001432 0.001250 0.001079 0.000921 0.000776 0.000647 0.000532 0.000433 0.000349 0.000277 0.000218 0.000169 0.000130 0.000099 0.000074 0.000055 0.000040 0.000029 0.000021 0.000015 0.000010 0.000007 0.000005 0.000003 0.000002 0.000001 0.000001 0.000001 0.000000 0.000000 0.000000 0.000000 0.000000 0.000000 0.000000 0.000000 0.000000 0.000000 0.000000 
0.000000 0.000000 0.000000 0.000000 0.000000 0.000000 0.000000 0.000000 0.000000 0.000000 0.000000 0.000001 0.000001 0.000002 0.000002 0.000004 0.000005 0.000008 0.000012 0.000017 0.000024 0.000034 0.000048 0.000066 0.000090 0.000121 0.000162 0.000213 0.000277 0.000357 0.000454 0.000571 0.000710 0.000872 0.001058 0.001270 0.001506 0.001766 0.002046 0.002342 0.002650 0.002964 0.003276 0.003579 0.003864 0.004123 0.004347 0.004530 0.004666 0.004749 0.004777 0.004749 0.004666 0.004530 0.004347 0.004123 0.003864 0.003579 0.003276 0.002964 0.002650 0.002342 0.002046 0.001766 0.001506 0.001270 0.001058 0.000872 0.000710 0.000571 0.000454 0.000357 0.000277 0.000213 0.000162 0.000121 0.000090 0.000066 0.000048 0.000034 0.000024 0.000017 0.000012 0.000008 0.000005 0.000004 0.000002 0.000002 0.000001 0.000001 0.000000 0.000000 0.000000 0.000000 0.000000 0.000000 0.000000 0.000000 0.000000 0.000000 
0.000000 0.000000 0.000000 0.000000 0.000000 0.000000 0.000000 0.000000 0.000000 0.000000 0.000001 0.000001 0.000002 0.000003 0.000004 0.000006 0.000009 0.000013 0.000019 0.000028 0.000039 0.000056 0.000078 0.000107 0.000146 0.000197 0.000263 0.000346 0.000450 0.000579 0.000737 0.000926 0.001151 0.001413 0.001715 0.002058 0.002440 0.002860 0.003313 0.003792 0.004291 0.004798 0.005303 0.005793 0.006253 0.006671 0.007034 0.007330 0.007549 0.007684 0.007729 0.007684 0.007549 0.007330 0.007034 0.006671 0.006253 0.005793 0.005303 0.004798 0.004291 0.003792 0.003313 0.002860 0.002440 0.002058 0.001715 0.001413 0.001151 0.000926 0.000737 0.000579 0.000450 0.000346 0.000263 0.000197 0.000146 0.000107 0.000078 0.000056 0.000039 0.000028 0.000019 0.000013 0.000009 0.000006 0.000004 0.000003 0.000002 0.000001 0.000001 0.000000 0.000000 0.000000 0.000000 0.000000 0.000000 0.000000 0.000000 0.000000 
0.000000 0.000000 0.000000 0.000000 0.000000 0.000000 0.000000 0.000000 0.000000 0.000001 0.000001 0.000002 0.000003 0.000004 0.000006 0.000010 0.000014 0.000021 0.000031 0.000045 0.000064 0.000090 0.000125 0.000172 0.000235 0.000317 0.000422 0.000555 0.000723 0.000930 0.001182 0.001486 0.001846 0.002266 0.002750 0.003299 0.003911 0.004583 0.005308 0.006075 0.006873 0.007685 0.008493 0.009275 0.010012 0.010681 0.011261 0.011735 0.012085 0.012300 0.012372 0.012300 0.012085 0.011735 0.011261 0.010681 0.010012 0.009275 0.008493 0.007685 0.006873 0.006075 0.005308 0.004583 0.003911 0.003299 0.002750 0.002266 0.001846 0.001486 0.001182 0.000930 0.000723 0.000555 0.000422 0.000317 0.000235 0.000172 0.000125 0.000090 0.000064 0.000045 0.000031 0.000021 0.000014 0.000010 0.000006 0.000004 0.000003 0.000002 0.000001 0.000001 0.000000 0.000000 0.000000 0.000000 0.000000 0.000000 0.000000 0.000000 
0.000000 0.000000 0.000000 0.000000 0.000000 0.000000 0.000000 0.000000 0.000001 0.000001 0.000002 0.000003 0.000004 0.000007 0.000010 0.000015 0.000023 0.000034 0.000049 0.000071 0.000101 0.000143 0.000199 0.000274 0.000374 0.000503 0.000670 0.000882 0.001148 0.001476 0.001876 0.002358 0.002928 0.003594 0.004361 0.005230 0.006200 0.007264 0.008411 0.009627 0.010889 0.012174 0.013452 0.014691 0.015856 0.016914 0.017832 0.018581 0.019135 0.019475 0.019590 0.019475 0.019135 0.018581 0.017832 0.016914 0.015856 0.014691 0.013452 0.012174 0.010889 0.009627 0.008411 0.007264 0.006200 0.005230 0.004361 0.003594 0.002928 0.002358 0.001876 0.001476 0.001148 0.000882 0.000670 0.000503 0.000374 0.000274 0.000199 0.000143 0.000101 0.000071 0.000049 0.000034 0.000023 0.000015 0.000010 0.000007 0.000004 0.000003 0.000002 0.000001 0.000001 0.000000 0.000000 0.000000 0.000000 0.000000 0.000000 0.000000 
0.000000 0.000000 0.000000 0.000000 0.000000 0.000000 0.000000 0.000001 0.000001 0.000002 0.000003 0.000004 0.000007 0.000010 0.000016 0.000024 0.000036 0.000053 0.000077 0.000112 0.000159 0.000225 0.000313 0.000431 0.000587 0.000791 0.001053 0.001386 0.001802 0.002317 0.002945 0.003700 0.004594 0.005638 0.006840 0.008202 0.009720 0.011386 0.013183 0.015086 0.017063 0.019074 0.021074 0.023012 0.024836 0.026491 0.027928 0.029099 0.029966 0.030498 0.030678 0.030498 0.029966 0.029099 0.027928 0.026491 0.024836 0.023012 0.021074 0.019074 0.017063 0.015086 0.013183 0.011386 0.009720 0.008202 0.006840 0.005638 0.004594 0.003700 0.002945 0.002317 0.001802 0.001386 0.001053 0.000791 0.000587 0.000431 0.000313 0.000225 0.000159 0.000112 0.000077 0.000053 0.000036 0.000024 0.000016 0.000010 0.000007 0.000004 0.000003 0.000002 0.000001 0.000001 0.000000 0.000000 0.000000 0.000000 0.000000 0.000000 
0.000000 0.000000 0.000000 0.000000 0.000000 0.000000 0.000001 0.000001 0.000002 0.000003 0.000004 0.000007 0.000011 0.000016 0.000025 0.000038 0.000056 0.000083 0.000121 0.000174 0.000248 0.000349 0.000487 0.000671 0.000913 0.001230 0.001636 0.002153 0.002799 0.003598 0.004572 0.005742 0.007128 0.008747 0.010609 0.012719 0.015072 0.017652 0.020435 0.023381 0.026441 0.029555 0.032650 0.035650 0.038472 0.041035 0.043258 0.045070 0.046411 0.047234 0.047512 0.047234 0.046411 0.045070 0.043258 0.041035 0.038472 0.035650 0.032650 0.029555 0.026441 0.023381 0.020435 0.017652 0.015072 0.012719 0.010609 0.008747 0.007128 0.005742 0.004572 0.003598 0.002799 0.002153 0.001636 0.001230 0.000913 0.000671 0.000487 0.000349 0.000248 0.000174 0.000121 0.000083 0.000056 0.000038 0.000025 0.000016 0.000011 0.000007 0.000004 0.000003 0.000002 0.000001 0.000001 0.000000 0.000000 0.000000 0.000000 0.000000 
0.000000 0.000000 0.000000 0.000000 0.000000 0.000001 0.000001 0.000002 0.000003 0.000004 0.000007 0.000010 0.000016 0.000025 0.000038 0.000058 0.000086 0.000127 0.000186 0.000268 0.000382 0.000538 0.000749 0.001032 0.001404 0.001890 0.002514 0.003307 0.004299 0.005525 0.007018 0.008813 0.010938 0.013419 0.016273 0.019506 0.023110 0.027063 0.031324 0.035836 0.040522 0.045288 0.050027 0.054619 0.058939 0.062861 0.066263 0.069036 0.071088 0.072348 0.072773 0.072348 0.071088 0.069036 0.066263 0.062861 0.058939 0.054619 0.050027 0.045288 0.040522 0.035836 0.031324 0.027063 0.023110 0.019506 0.016273 0.013419 0.010938 0.008813 0.007018 0.005525 0.004299 0.003307 0.002514 0.001890 0.001404 0.001032 0.000749 0.000538 0.000382 0.000268 0.000186 0.000127 0.000086 0.000058 0.000038 0.000025 0.000016 0.000010 0.000007 0.000004 0.000003 0.000002 0.000001 0.000001 0.000000 0.000000 0.000000 0.000000 
0.000000 0.000000 0.000000 0.000000 0.000001 0.000001 0.000001 0.000002 0.000004 0.000006 0.000010 0.000016 0.000025 0.000038 0.000059 0.000088 0.000132 0.000194 0.000283 0.000408 0.000581 0.000818 0.001139 0.001569 0.002135 0.002873 0.003821 0.005024 0.006529 0.008389 0.010654 0.013375 0.016598 0.020359 0.024684 0.029583 0.035043 0.041031 0.047486 0.054319 0.061414 0.068631 0.075805 0.082756 0.089295 0.095230 0.100380 0.104577 0.107682 0.109589 0.110232 0.109589 0.107682 0.104577 0.100380 0.095230 0.089295 0.082756 0.075805 0.068631 0.061414 0.054319 0.047486 0.041031 0.035043 0.029583 0.024684 0.020359 0.016598 0.013375 0.010654 0.008389 0.006529 0.005024 0.003821 0.002873 0.002135 0.001569 0.001139 0.000818 0.000581 0.000408 0.000283 0.000194 0.000132 0.000088 0.000059 0.000038 0.000025 0.000016 0.000010 0.000006 0.000004 0.000002 0.000001 0.000001 0.000001 0.000000 0.000000 0.000000 
0.000000 0.000000 0.000000 0.000000 0.000001 0.000001 0.000002 0.000004 0.000006 0.000010 0.000015 0.000024 0.000038 0.000058 0.000088 0.000133 0.000198 0.000292 0.000426 0.000614 0.000874 0.001231 0.001714 0.002359 0.003210 0.004317 0.005741 0.007546 0.009806 0.012596 0.015994 0.020074 0.024906 0.030544 0.037027 0.044367 0.052549 0.061519 0.071187 0.081420 0.092045 0.102850 0.113591 0.123998 0.133786 0.142671 0.150378 0.156659 0.161306 0.164161 0.165123 0.164161 0.161306 0.156659 0.150378 0.142671 0.133786 0.123998 0.113591 0.102850 0.092045 0.081420 0.071187 0.061519 0.052549 0.044367 0.037027 0.030544 0.024906 0.020074 0.015994 0.012596 0.009806 0.007546 0.005741 0.004317 0.003210 0.002359 0.001714 0.001231 0.000874 0.000614 0.000426 0.000292 0.000198 0.000133 0.000088 0.000058 0.000038 0.000024 0.000015 0.000010 0.000006 0.000004 0.000002 0.000001 0.000001 0.000001 0.000000 0.000000 
0.000000 0.000000 0.000000 0.000001 0.000001 0.000002 0.000003 0.000005 0.000009 0.000014 0.000023 0.000036 0.000056 0.000086 0.000132 0.000198 0.000296 0.000435 0.000634 0.000914 0.001301 0.001832 0.002549 0.003508 0.004771 0.006416 0.008530 0.011210 0.014563 0.018702 0.023741 0.029792 0.036956 0.045314 0.054923 0.065800 0.077922 0.091210 0.105531 0.120687 0.136421 0.152421 0.168324 0.183730 0.198220 0.211372 0.222780 0.232077 0.238955 0.243179 0.244604 0.243179 0.238955 0.232077 0.222780 0.211372 0.198220 0.183730 0.168324 0.152421 0.136421 0.120687 0.105531 0.091210 0.077922 0.065800 0.054923 0.045314 0.036956 0.029792 0.023741 0.018702 0.014563 0.011210 0.008530 0.006416 0.004771 0.003508 0.002549 0.001832 0.001301 0.000914 0.000634 0.000435 0.000296 0.000198 0.000132 0.000086 0.000056 0.000036 0.000023 0.000014 0.000009 0.000005 0.000003 0.000002 0.000001 0.000001 0.000001 0.000001 
0.000001 0.000001 0.000001 0.000001 0.000002 0.000003 0.000005 0.000008 0.000013 0.000021 0.000034 0.000053 0.000083 0.000127 0.000194 0.000292 0.000435 0.000641 0.000934 0.001345 0.001915 0.002695 0.003749 0.005157 0.007013 0.009429 0.012531 0.016464 0.021384 0.027456 0.034848 0.043722 0.054225 0.066477 0.080559 0.096499 0.114259 0.133727 0.154703 0.176900 0.199942 0.223370 0.246654 0.269210 0.290422 0.309674 0.326373 0.339981 0.350048 0.356231 0.358317 0.356231 0.350048 0.339981 0.326373 0.309674 0.290422 0.269210 0.246654 0.223370 0.199942 0.176900 0.154703 0.133727 0.114259 0.096499 0.080559 0.066477 0.054225 0.043722 0.034848 0.027456 0.021384 0.016464 0.012531 0.009429 0.007013 0.005157 0.003749 0.002695 0.001915 0.001345 0.000934 0.000641 0.000435 0.000292 0.000194 0.000127 0.000083 0.000053 0.000034 0.000021 0.000013 0.000008 0.000005 0.000003 0.000002 0.000001 0.000001 0.000001 
0.000001 0.000001 0.000001 0.000002 0.000003 0.000004 0.000007 0.000012 0.000019 0.000031 0.000049 0.000077 0.000121 0.000186 0.000283 0.000426 0.000634 0.000934 0.001360 0.001957 0.002786 0.003919 0.005452 0.007497 0.010193 0.013700 0.018204 0.023912 0.031051 0.039859 0.050579 0.063447 0.078674 0.096434 0.116843 0.139940 0.165673 0.193874 0.224257 0.256406 0.289774 0.323699 0.357411 0.390066 0.420774 0.448643 0.472814 0.492512 0.507083 0.516032 0.519051 0.516032 0.507083 0.492512 0.472814 0.448643 0.420774 0.390066 0.357411 0.323699 0.289774 0.256406 0.224257 0.193874 0.165673 0.139940 0.116843 0.096434 0.078674 0.063447 0.050579 0.039859 0.031051 0.023912 0.018204 0.013700 0.010193 0.007497 0.005452 0.003919 0.002786 0.001957 0.001360 0.000934 0.000634 0.000426 0.000283 0.000186 0.000121 0.000077 0.000049 0.000031 0.000019 0.000012 0.000007 0.000004 0.000003 0.000002 0.000001 0.000001 
0.000001 0.000001 0.000001 0.000002 0.000004 0.000006 0.000010 0.000017 0.000028 0.000045 0.000071 0.000112 0.000174 0.000268 0.000408 0.000614 0.000914 0.001345 0.001957 0.002817 0.004007 0.005636 0.007838 0.010776 0.014648 0.019683 0.026147 0.034338 0.044580 0.057215 0.072589 0.091039 0.112868 0.138324 0.167573 0.200670 0.237536 0.277935 0.321453 0.367495 0.415280 0.463855 0.512122 0.558873 0.602834 0.642727 0.677326 0.705520 0.726376 0.739185 0.743505 0.739185 0.726376 0.705520 0.677326 0.642727 0.602834 0.558873 0.512122 0.463855 0.415280 0.367495 0.321453 0.277935 0.237536 0.200670 0.167573 0.138324 0.112868 0.091039 0.072589 0.057215 0.044580 0.034338 0.026147 0.019683 0.014648 0.010776 0.007838 0.005636 0.004007 0.002817 0.001957 0.001345 0.000914 0.000614 0.000408 0.000268 0.000174 0.000112 0.000071 0.000045 0.000028 0.000017 0.000010 0.000006 0.000004 0.000003 0.000002 0.000002 
0.000002 0.000002 0.000002 0.000003 0.000005 0.000009 0.000015 0.000024 0.000039 0.000064 0.000101 0.000159 0.000248 0.000382 0.000581 0.000874 0.001301 0.001915 0.002786 0.004007 0.005699 0.008015 0.011142 0.015315 0.020812 0.027959 0.037134 0.048756 0.063285 0.081205 0.103007 0.129166 0.160110 0.196189 0.237637 0.284531 0.336759 0.393984 0.455622 0.520825 0.588490 0.657268 0.725605 0.791789 0.854021 0.910490 0.959463 0.999369 1.028888 1.047017 1.053131 1.047017 1.028888 0.999369 0.959463 0.910490 0.854021 0.791789 0.725605 0.657268 0.588490 0.520825 0.455622 0.393984 0.336759 0.284531 0.237637 0.196189 0.160110 0.129166 0.103007 0.081205 0.063285 0.048756 0.037134 0.027959 0.020812 0.015315 0.011142 0.008015 0.005699 0.004007 0.002786 0.001915 0.001301 0.000874 0.000581 0.000382 0.000248 0.000159 0.000101 0.000064 0.000039 0.000024 0.000015 0.000009 0.000006 0.000004 0.000003 0.000003 
0.000002 0.000002 0.000003 0.000005 0.000008 0.000013 0.000021 0.000034 0.000056 0.000090 0.000143 0.000225 0.000349 0.000538 0.000818 0.001231 0.001832 0.002695 0.003919 0.005636 0.008015 0.011267 0.015661 0.021520 0.029237 0.039269 0.052143 0.068449 0.088829 0.113960 0.144529 0.181201 0.224574 0.275137 0.333215 0.398915 0.472079 0.552232 0.638555 0.729863 0.824609 0.920905 1.016576 1.109226 1.196337 1.275378 1.343923 1.399777 1.441091 1.466463 1.475019 1.466463 1.441091 1.399777 1.343923 1.275378 1.196337 1.109226 1.016576 0.920905 0.824609 0.729863 0.638555 0.552232 0.472079 0.398915 0.333215 0.275137 0.224574 0.181201 0.144529 0.113960 0.088829 0.068449 0.052143 0.039269 0.029237 0.021520 0.015661 0.011267 0.008015 0.005636 0.003919 0.002695 0.001832 0.001231 0.000818 0.000538 0.000349 0.000225 0.000143 0.000090 0.000056 0.000034 0.000021 0.000013 0.000008 0.000005 0.000004 0.000004 
0.000003 0.000003 0.000004 0.000006 0.000011 0.000018 0.000029 0.000048 0.000078 0.000125 0.000199 0.000313 0.000487 0.000749 0.001139 0.001714 0.002549 0.003749 0.005452 0.007838 0.011142 0.015661 0.021762 0.029897 0.040608 0.054531 0.072393 0.095012 0.123277 0.158125 0.200506 0.251339 0.311451 0.381517 0.461985 0.553002 0.654344 0.765355 0.884898 1.011331 1.142511 1.275827 1.408266 1.536515 1.657090 1.766489 1.861357 1.938657 1.995832 2.030945 2.042786 2.030945 1.995832 1.938657 1.861357 1.766489 1.657090 1.536515 1.408266 1.275827 1.142511 1.011331 0.884898 0.765355 0.654344 0.553002 0.461985 0.381517 0.311451 0.251339 0.200506 0.158125 0.123277 0.095012 0.072393 0.054531 0.040608 0.029897 0.021762 0.015661 0.011142 0.007838 0.005452 0.003749 0.002549 0.001714 0.001139 0.000749 0.000487 0.000313 0.000199 0.000125 0.000078 0.000048 0.000029 0.000018 0.000011 0.000007 0.000006 0.000006 
0.000004 0.000004 0.000006 0.000009 0.000015 0.000024 0.000040 0.000066 0.000107 0.000172 0.000274 0.000431 0.000671 0.001032 0.001569 0.002359 0.003508 0.005157 0.007497 0.010776 0.015315 0.021520 0.029897 0.041065 0.055765 0.074868 0.099372 0.130395 0.169154 0.216932 0.275029 0.344698 0.427074 0.523075 0.633313 0.757986 0.896785 1.048809 1.212499 1.385607 1.565198 1.747698 1.928984 2.104523 2.269548 2.419270 2.549099 2.654883 2.733125 2.781174 2.797378 2.781174 2.733125 2.654883 2.549099 2.419270 2.269548 2.104523 1.928984 1.747698 1.565198 1.385607 1.212499 1.048809 0.896785 0.757986 0.633313 0.523075 0.427074 0.344698 0.275029 0.216932 0.169154 0.130395 0.099372 0.074868 0.055765 0.041065 0.029897 0.021520 0.015315 0.010776 0.007497 0.005157 0.003508 0.002359 0.001569 0.001032 0.000671 0.000431 0.000274 0.000172 0.000107 0.000066 0.000040 0.000025 0.000015 0.000010 0.000008 0.000008 
0.000006 0.000006 0.000008 0.000012 0.000020 0.000033 0.000055 0.000090 0.000146 0.000235 0.000374 0.000587 0.000913 0.001404 0.002135 0.003210 0.004771 0.007013 0.010193 0.014648 0.020812 0.029237 0.040608 0.055765 0.075711 0.101626 0.134861 0.176931 0.229482 0.294249 0.372990 0.467403 0.579016 0.709073 0.858397 1.027252 1.215218 1.421069 1.642694 1.877048 2.120157 2.367183 2.612549 2.850121 3.073453 3.276063 3.451747 3.594888 3.700758 3.765774 3.787698 3.765774 3.700758 3.594888 3.451747 3.276063 3.073453 2.850121 2.612549 2.367183 2.120157 1.877048 1.642694 1.421069 1.215218 1.027252 0.858397 0.709073 0.579016 0.467403 0.372990 0.294249 0.229482 0.176931 0.134861 0.101626 0.075711 0.055765 0.040608 0.029237 0.020812 0.014648 0.010193 0.007013 0.004771 0.003210 0.002135 0.001404 0.000913 0.000587 0.000374 0.000235 0.000146 0.000090 0.000055 0.000034 0.000021 0.000014 0.000011 0.000011 
0.000008 0.000008 0.000011 0.000016 0.000027 0.000045 0.000074 0.000121 0.000197 0.000317 0.000503 0.000791 0.001230 0.001890 0.002873 0.004317 0.006416 0.009429 0.013700 0.019683 0.027959 0.039269 0.054531 0.074868 0.101626 0.136384 0.180952 0.237358 0.307803 0.394609 0.500128 0.626628 0.776153 0.950363 1.150353 1.376475 1.628159 1.903761 2.200453 2.514156 2.839552 3.170165 3.498532 3.816450 4.115294 4.386399 4.621466 4.812985 4.954632 5.041617 5.070950 5.041617 4.954632 4.812985 4.621466 4.386399 4.115294 3.816450 3.498532 3.170165 2.839552 2.514156 2.200453 1.903761 1.628159 1.376475 1.150353 0.950363 0.776153 0.626628 0.500128 0.394609 0.307803 0.237358 0.180952 0.136384 0.101626 0.074868 0.054531 0.039269 0.027959 0.019683 0.013700 0.009429 0.006416 0.004317 0.002873 0.001890 0.001230 0.000791 0.000503 0.000317 0.000197 0.000122 0.000074 0.000045 0.000028 0.000019 0.000014 0.000014 
0.000011 0.000011 0.000014 0.000022 0.000036 0.000060 0.000099 0.000162 0.000263 0.000422 0.000670 0.001053 0.001636 0.002514 0.003821 0.005741 0.008530 0.012531 0.018204 0.026147 0.037134 0.052143 0.072393 0.099372 0.134861 0.180952 0.240042 0.314812 0.408177 0.523208 0.663014 0.830594 1.028648 1.259367 1.524197 1.823594 2.156800 2.521635 2.914350 3.329544 3.760178 4.197684 4.632190 5.052844 5.448241 5.806919 6.117907 6.371274 6.558660 6.673732 6.712536 6.673732 6.558660 6.371274 6.117907 5.806919 5.448241 5.052844 4.632190 4.197684 3.760178 3.329544 2.914350 2.521635 2.156800 1.823594 1.524197 1.259367 1.028648 0.830594 0.663014 0.523208 0.408177 0.314812 0.240042 0.180952 0.134861 0.099372 0.072393 0.052143 0.037134 0.026147 0.018204 0.012531 0.008530 0.005741 0.003821 0.002514 0.001636 0.001053 0.000670 0.000422 0.000263 0.000162 0.000099 0.000060 0.000037 0.000025 0.000019 0.000019 
0.000014 0.000014 0.000019 0.000029 0.000047 0.000079 0.000130 0.000213 0.000346 0.000555 0.000882 0.001386 0.002153 0.003307 0.005024 0.007546 0.011210 0.016464 0.023912 0.034338 0.048756 0.068449 0.095012 0.130395 0.176931 0.237358 0.314812 0.412803 0.535144 0.685851 0.868991 1.088481 1.347852 1.649961 1.996694 2.388641 2.824800 3.302314 3.816270 4.359599 4.923089 5.495532 6.064012 6.614337 7.131593 7.600795 8.007596 8.339015 8.584121 8.734635 8.785392 8.734635 8.584121 8.339015 8.007596 7.600795 7.131593 6.614337 6.064012 5.495532 4.923089 4.359599 3.816270 3.302314 2.824800 2.388641 1.996694 1.649961 1.347852 1.088481 0.868991 0.685851 0.535144 0.412803 0.314812 0.237358 0.176931 0.130395 0.095012 0.068449 0.048756 0.034338 0.023912 0.016464 0.011210 0.007546 0.005024 0.003307 0.002153 0.001386 0.000882 0.000555 0.000346 0.000213 0.000131 0.000080 0.000049 0.000033 0.000025 0.000025 
0.000019 0.000019 0.000025 0.000038 0.000062 0.000102 0.000169 0.000277 0.000450 0.000723 0.001148 0.001802 0.002799 0.004299 0.006529 0.009806 0.014563 0.021384 0.031051 0.044580 0.063285 0.088829 0.123277 0.169154 0.229482 0.307803 0.408177 0.535144 0.693637 0.888850 1.126038 1.410267 1.746095 2.137213 2.586048 3.093358 3.657835 4.275774 4.940813 5.643803 6.372823 7.113375 7.848756 8.560613 9.229662 9.836530 10.362671 10.791303 11.108300 11.302957 11.368599 11.302957 11.108300 10.791303 10.362671 9.836530 9.229662 8.560613 7.848756 7.113375 6.372823 5.643803 4.940813 4.275774 3.657835 3.093358 2.586048 2.137213 1.746095 1.410267 1.126038 0.888850 0.693637 0.535144 0.408177 0.307803 0.229482 0.169154 0.123277 0.088829 0.063285 0.044580 0.031051 0.021384 0.014563 0.009806 0.006529 0.004299 0.002799 0.001802 0.001148 0.000723 0.000450 0.000278 0.000170 0.000104 0.000064 0.000043 0.000033 0.000033 
0.000024 0.000024 0.000032 0.000049 0.000080 0.000132 0.000218 0.000357 0.000579 0.000930 0.001476 0.002317 0.003598 0.005525 0.008389 0.012596 0.018702 0.027456 0.039859 0.057215 0.081205 0.113960 0.158125 0.216932 0.294249 0.394609 0.523208 0.685851 0.888850 1.138843 1.442550 1.806441 2.236341 2.736960 3.311393 3.960594 4.682883 5.473508 6.324323 7.223619 8.156148 9.103367 10.043915 10.954330 11.809957 12.586032 13.258850 13.806962 14.212311 14.461220 14.545156 14.461220 14.212311 13.806962 13.258850 12.586032 11.809957 10.954330 10.043915 9.103367 8.156148 7.223619 6.324323 5.473508 4.682883 3.960594 3.311393 2.736960 2.236341 1.806441 1.442550 1.138843 0.888850 0.685851 0.523208 0.394609 0.294249 0.216932 0.158125 0.113960 0.081205 0.057215 0.039859 0.027456 0.018702 0.012596 0.008389 0.005525 0.003598 0.002317 0.001476 0.000930 0.000580 0.000358 0.000219 0.000134 0.000083 0.000055 0.000042 0.000042 
0.000031 0.000031 0.000041 0.000062 0.000101 0.000168 0.000277 0.000454 0.000737 0.001182 0.001876 0.002945 0.004572 0.007018 0.010654 0.015994 0.023741 0.034848 0.050579 0.072589 0.103007 0.144529 0.200506 0.275029 0.372990 0.500128 0.663014 0.868991 1.126038 1.442550 1.827016 2.287615 2.831700 3.465218 4.192068 5.013444 5.927205 6.927330 8.003508 9.140925 10.320293 11.518164 12.707533 13.858739 14.940621 15.921878 16.772550 17.465535 17.978015 18.292703 18.398821 18.292703 17.978015 17.465535 16.772550 15.921878 14.940621 13.858739 12.707533 11.518164 10.320293 9.140925 8.003508 6.927330 5.927205 5.013444 4.192068 3.465218 2.831700 2.287615 1.827016 1.442550 1.126038 0.868991 0.663014 0.500128 0.372990 0.275029 0.200506 0.144529 0.103007 0.072589 0.050579 0.034848 0.023741 0.015994 0.010654 0.007018 0.004572 0.002945 0.001876 0.001182 0.000737 0.000455 0.000279 0.000170 0.000106 0.000070 0.000054 0.000054 
0.000039 0.000039 0.000051 0.000078 0.000128 0.000211 0.000349 0.000571 0.000926 0.001486 0.002358 0.003700 0.005742 0.008813 0.013375 0.020074 0.029792 0.043722 0.063447 0.091039 0.129166 0.181201 0.251339 0.344698 0.467403 0.626628 0.830594 1.088481 1.410267 1.806441 2.287615 2.864003 3.544789 4.337393 5.246675 6.274110 7.417007 8.667821 10.013647 11.435955 12.910626 14.408345 15.895354 17.334582 18.687085 19.913749 20.977139 21.843390 22.483991 22.877350 23.009995 22.877350 22.483991 21.843390 20.977139 19.913749 18.687085 17.334582 15.895354 14.408345 12.910626 11.435955 10.013647 8.667821 7.417007 6.274110 5.246675 4.337393 3.544789 2.864003 2.287615 1.806441 1.410267 1.088481 0.830594 0.626628 0.467403 0.344698 0.251339 0.181201 0.129166 0.091039 0.063447 0.043722 0.029792 0.020074 0.013375 0.008813 0.005742 0.003700 0.002358 0.001486 0.000927 0.000572 0.000350 0.000214 0.000133 0.000088 0.000068 0.000068 
0.000049 0.000049 0.000063 0.000097 0.000159 0.000262 0.000433 0.000710 0.001151 0.001846 0.002928 0.004594 0.007128 0.010938 0.016598 0.024906 0.036956 0.054225 0.078674 0.112868 0.160110 0.224574 0.311451 0.427074 0.579016 0.776153 1.028648 1.347852 1.746095 2.236341 2.831700 3.544789 4.386945 5.367326 6.491920 7.762531 9.175812 10.722420 12.386388 14.144798 15.967833 17.819255 19.657346 21.436295 23.107982 24.624081 25.938345 27.008936 27.800637 28.286771 28.450701 28.286771 27.800637 27.008936 25.938345 24.624081 23.107982 21.436295 19.657346 17.819255 15.967833 14.144798 12.386388 10.722420 9.175812 7.762531 6.491920 5.367326 4.386945 3.544789 2.831700 2.236341 1.746095 1.347852 1.028648 0.776153 0.579016 0.427074 0.311451 0.224574 0.160110 0.112868 0.078674 0.054225 0.036956 0.024906 0.016598 0.010938 0.007128 0.004594 0.002928 0.001846 0.001151 0.000711 0.000435 0.000266 0.000165 0.000109 0.000084 0.000084 
0.000060 0.000060 0.000078 0.000120 0.000195 0.000323 0.000532 0.000872 0.001413 0.002266 0.003594 0.005638 0.008747 0.013419 0.020359 0.030544 0.045314 0.066477 0.096434 0.138324 0.196189 0.275137 0.381517 0.523075 0.709073 0.950363 1.259367 1.649961 2.137213 2.736960 3.465218 4.337393 5.367326 6.566189 7.941280 9.494781 11.222578 13.113233 15.147214 17.296502 19.524649 21.787371 24.033694 26.207646 28.250444 30.103054 31.708987 33.017143 33.984506 34.578498 34.778797 34.578498 33.984506 33.017143 31.708987 30.103054 28.250444 26.207646 24.033694 21.787371 19.524649 17.296502 15.147214 13.113233 11.222578 9.494781 7.941280 6.566189 5.367326 4.337393 3.465218 2.736960 2.137213 1.649961 1.259367 0.950363 0.709073 0.523075 0.381517 0.275137 0.196189 0.138324 0.096434 0.066477 0.045314 0.030544 0.020359 0.013419 0.008747 0.005638 0.003595 0.002267 0.001414 0.000873 0.000535 0.000327 0.000203 0.000135 0.000104 0.000104 
0.000073 0.000073 0.000095 0.000145 0.000237 0.000392 0.000647 0.001058 0.001715 0.002750 0.004361 0.006840 0.010609 0.016273 0.024684 0.037027 0.054923 0.080559 0.116843 0.167573 0.237637 0.333215 0.461985 0.633313 0.858397 1.150353 1.524197 1.996694 2.586048 3.311393 4.192068 5.246675 6.491920 7.941280 9.603548 11.481336 13.569647 15.854636 18.312685 20.909925 23.602311 26.336340 29.050430 31.676973 34.144972 36.383128 38.323223 39.903547 41.072158 41.789715 42.031680 41.789715 41.072158 39.903547 38.323223 36.383128 34.144972 31.676973 29.050430 26.336340 23.602311 20.909925 18.312685 15.854636 13.569647 11.481336 9.603548 7.941280 6.491920 5.246675 4.192068 3.311393 2.586048 1.996694 1.524197 1.150353 0.858397 0.633313 0.461985 0.333215 0.237637 0.167573 0.116843 0.080559 0.054923 0.037027 0.024684 0.016273 0.010609 0.006840 0.004362 0.002751 0.001716 0.001060 0.000650 0.000398 0.000247 0.000163 0.000126 0.000126 
0.000087 0.000087 0.000114 0.000175 0.000284 0.000470 0.000776 0.001270 0.002058 0.003299 0.005230 0.008202 0.012719 0.019506 0.029583 0.044367 0.065800 0.096499 0.139940 0.200670 0.284531 0.398915 0.553002 0.757986 1.027252 1.376475 1.823594 2.388641 3.093358 3.960594 5.013444 6.274110 7.762531 9.494781 11.481336 13.725286 16.220636 18.950819 21.887599 24.990504 28.206913 31.472915 34.714962 37.852314 40.800189 43.473457 45.790663 47.678131 49.073848 49.930846 50.219830 49.930846 49.073848 47.678131 45.790663 43.473457 40.800189 37.852314 34.714962 31.472915 28.206913 24.990504 21.887599 18.950819 16.220636 13.725286 11.481336 9.494781 7.762531 6.274110 5.013444 3.960594 3.093358 2.388641 1.823594 1.376475 1.027252 0.757986 0.553002 0.398915 0.284531 0.200670 0.139940 0.096499 0.065800 0.044367 0.029583 0.019506 0.012719 0.008202 0.005231 0.003300 0.002059 0.001272 0.000780 0.000477 0.000297 0.000196 0.000152 0.000152 
0.000104 0.000104 0.000135 0.000207 0.000338 0.000558 0.000921 0.001506 0.002440 0.003911 0.006200 0.009720 0.015072 0.023110 0.035043 0.052549 0.077922 0.114259 0.165673 0.237536 0.336759 0.472079 0.654344 0.896785 1.215218 1.628159 2.156800 2.824800 3.657835 4.682883 5.927205 7.417007 9.175812 11.222578 13.569647 16.220636 19.168431 22.393440 25.862291 29.527171 33.325928 37.183087 41.011802 44.716747 48.197829 51.354548 54.090753 56.319475 57.967516 58.979436 59.320659 58.979436 57.967516 56.319475 54.090753 51.354548 48.197829 44.716747 41.011802 37.183087 33.325928 29.527171 25.862291 22.393440 19.168431 16.220636 13.569647 11.222578 9.175812 7.417007 5.927205 4.682883 3.657835 2.824800 2.156800 1.628159 1.215218 0.896785 0.654344 0.472079 0.336759 0.237536 0.165673 0.114259 0.077922 0.052549 0.035043 0.023110 0.015072 0.009721 0.006200 0.003912 0.002442 0.001509 0.000925 0.000566 0.000352 0.000233 0.000180 0.000180 
0.000122 0.000122 0.000159 0.000243 0.000396 0.000654 0.001079 0.001766 0.002860 0.004583 0.007264 0.011386 0.017652 0.027063 0.041031 0.061519 0.091210 0.133727 0.193874 0.277935 0.393984 0.552232 0.765355 1.048809 1.421069 1.903761 2.521635 3.302314 4.275774 5.473508 6.927330 8.667821 10.722420 13.113233 15.854636 18.950819 22.393440 26.159591 30.210286 34.489678 38.925196 43.428719 47.898867 52.224367 56.288391 59.973644 63.167909 65.769694 67.693573 68.874852 69.273182 68.874852 67.693573 65.769694 63.167909 59.973644 56.288391 52.224367 47.898867 43.428719 38.925196 34.489678 30.210286 26.159591 22.393440 18.950819 15.854636 13.113233 10.722420 8.667821 6.927330 5.473508 4.275774 3.302314 2.521635 1.903761 1.421069 1.048809 0.765355 0.552232 0.393984 0.277935 0.193874 0.133727 0.091210 0.061519 0.041031 0.027063 0.017652 0.011387 0.007264 0.004584 0.002862 0.001769 0.001085 0.000664 0.000413 0.000273 0.000211 0.000211 
0.000141 0.000141 0.000184 0.000282 0.000459 0.000758 0.001250 0.002046 0.003313 0.005308 0.008411 0.013183 0.020435 0.031324 0.047486 0.071187 0.105531 0.154703 0.224257 0.321453 0.455622 0.638555 0.884898 1.212499 1.642694 2.200453 2.914350 3.816270 4.940813 6.324323 8.003508 10.013647 12.386388 15.147214 18.312685 21.887599 25.862291 30.210286 34.886552 39.826610 44.946681 50.145057 55.304730 60.297292 64.987928 69.241296 72.927915 75.930685 78.151046 79.514357 79.974067 79.514357 78.151046 75.930685 72.927915 69.241296 64.987928 60.297292 55.304730 50.145057 44.946681 39.826610 34.886552 30.210286 25.862291 21.887599 18.312685 15.147214 12.386388 10.013647 8.003508 6.324323 4.940813 3.816270 2.914350 2.200453 1.642694 1.212499 0.884898 0.638555 0.455622 0.321453 0.224257 0.154703 0.105531 0.071187 0.047486 0.031324 0.020435 0.013183 0.008412 0.005309 0.003315 0.002049 0.001257 0.000770 0.000479 0.000317 0.000245 0.000245 
0.000162 0.000162 0.000211 0.000323 0.000526 0.000869 0.001432 0.002342 0.003792 0.006075 0.009627 0.015086 0.023381 0.035836 0.054319 0.081420 0.120687 0.176900 0.256406 0.367495 0.520825 0.729863 1.011331 1.385607 1.877048 2.514156 3.329544 4.359599 5.643803 7.223619 9.140925 11.435955 14.144798 17.296502 20.909925 24.990504 29.527171 34.489678 39.826610 45.464364 51.307332 57.239451 63.127220 68.824135 74.176399 79.029613 83.236078 86.662216 89.195605 90.751106 91.275621 90.751106 89.195605 86.662216 83.236078 79.029613 74.176399 68.824135 63.127220 57.239451 51.307332 45.464364 39.826610 34.489678 29.527171 24.990504 20.909925 17.296502 14.144798 11.435955 9.140925 7.223619 5.643803 4.359599 3.329544 2.514156 1.877048 1.385607 1.011331 0.729863 0.520825 0.367495 0.256406 0.176900 0.120687 0.081420 0.054319 0.035836 0.023381 0.015086 0.009627 0.006077 0.003795 0.002346 0.001439 0.000881 0.000549 0.000363 0.000281 0.000281 
0.000183 0.000183 0.000239 0.000366 0.000595 0.000983 0.001621 0.002650 0.004291 0.006873 0.010889 0.017063 0.026441 0.040522 0.061414 0.092045 0.136421 0.199942 0.289774 0.415280 0.588490 0.824609 1.142511 1.565198 2.120157 2.839552 3.760178 4.923089 6.372823 8.156148 10.320293 12.910626 15.967833 19.524649 23.602311 28.206913 33.325928 38.925196 44.946681 51.307332 57.899276 64.591586 71.233671 77.660287 83.697971 89.172590 93.917575 97.782285 100.639939 102.394527 102.986173 102.394527 100.639939 97.782285 93.917575 89.172590 83.697971 77.660287 71.233671 64.591586 57.899276 51.307332 44.946681 38.925196 33.325928 28.206913 23.602311 19.524649 15.967833 12.910626 10.320293 8.156148 6.372823 4.923089 3.760178 2.839552 2.120157 1.565198 1.142511 0.824609 0.588490 0.415280 0.289774 0.199942 0.136421 0.092045 0.061414 0.040522 0.026441 0.017063 0.010890 0.006875 0.004294 0.002655 0.001629 0.000998 0.000621 0.000411 0.000318 0.000318 
0.000205 0.000205 0.000268 0.000409 0.000666 0.001100 0.001813 0.002964 0.004798 0.007685 0.012174 0.019074 0.029555 0.045288 0.068631 0.102850 0.152421 0.223370 0.323699 0.463855 0.657268 0.920905 1.275827 1.747698 2.367183 3.170165 4.197684 5.495532 7.113375 9.103367 11.518164 14.408345 17.819255 21.787371 26.336340 31.472915 37.183087 43.428719 50.145057 57.239451 64.591586 72.055445 79.463096 86.630277 93.363570 99.468822 104.760315 109.070095 112.256818 114.213441 114.873210 114.213441 112.256818 109.070095 104.760315 99.468822 93.363570 86.630277 79.463096 72.055445 64.591586 57.239451 50.145057 43.428719 37.183087 31.472915 26.336340 21.787371 17.819255 14.408345 11.518164 9.103367 7.113375 5.495532 4.197684 3.170165 2.367183 1.747698 1.275827 0.920905 0.657268 0.463855 0.323699 0.223370 0.152421 0.102850 0.068631 0.045289 0.029555 0.019074 0.012175 0.007687 0.004801 0.002969 0.001822 0.001116 0.000695 0.000460 0.000356 0.000356 
0.000227 0.000227 0.000296 0.000453 0.000736 0.001216 0.002004 0.003276 0.005303 0.008493 0.013452 0.021074 0.032650 0.050027 0.075805 0.113591 0.168324 0.246654 0.357411 0.512122 0.725605 1.016576 1.408266 1.928984 2.612549 3.498532 4.632190 6.064012 7.848756 10.043915 12.707533 15.895354 19.657346 24.033694 29.050430 34.714962 41.011802 47.898867 55.304730 63.127220 71.233671 79.463096 87.630357 95.532325 102.955788 109.686731 115.520441 120.271794 123.784995 125.942063 126.669419 125.942063 123.784995 120.271794 115.520441 109.686731 102.955788 95.532325 87.630357 79.463096 71.233671 63.127220 55.304730 47.898867 41.011802 34.714962 29.050430 24.033694 19.657346 15.895354 12.707533 10.043915 7.848756 6.064012 4.632190 3.498532 2.612549 1.928984 1.408266 1.016576 0.725605 0.512122 0.357411 0.246654 0.168324 0.113591 0.075805 0.050027 0.032650 0.021074 0.013453 0.008494 0.005306 0.003282 0.002014 0.001234 0.000768 0.000509 0.000394 0.000394 
