0.000000 0.000000 0.000000 0.000000 0.000000 0.000000 0.000000 0.000000 0.000000 0.000000 0.000000 0.000000 0.000000 0.000000 0.000000 0.000000 0.000001 0.000001 0.000001 0.000002 0.000003 0.000004 0.000005 0.000007 0.000009 0.000012 0.000016 0.000021 0.000028 0.000035 0.000045 0.000056 0.000070 0.000085 0.000103 0.000123 0.000146 0.000170 0.000197 0.000225 0.000254 0.000283 0.000312 0.000341 0.000367 0.000391 0.000412 0.000429 0.000442 0.000450 0.000452 0.000450 0.000442 0.000429 0.000412 0.000391 0.000367 0.000341 0.000312 0.000283 0.000254 0.000225 0.000197 0.000170 0.000146 0.000123 0.000103 0.000085 0.000070 0.000056 0.000045 0.000035 0.000028 0.000021 0.000016 0.000012 0.000009 0.000007 0.000005 0.000004 0.000003 0.000002 0.000001 0.000001 0.000001 0.000000 0.000000 0.000000 0.000000 0.000000 0.000000 0.000000 0.000000 0.000000 0.000000 0.000000 0.000000 0.000000 0.000000 0.000000 
0.000000 0.000000 0.000000 0.000000 0.000000 0.000000 0.000000 0.000000 0.000000 0.000000 0.000000 0.000000 0.000000 0.000000 0.000000 0.000000 0.000001 0.000001 0.000001 0.000002 0.000003 0.000004 0.000005 0.000007 0.000009 0.000012 0.000016 0.000021 0.000028 0.000035 0.000045 0.000056 0.000070 0.000085 0.000103 0.000123 0.000146 0.000170 0.000197 0.000225 0.000254 0.000283 0.000312 0.000341 0.000367 0.000391 0.000412 0.000429 0.000442 0.000450 0.000452 0.000450 0.000442 0.000429 0.000412 0.000391 0.000367 0.000341 0.000312 0.000283 0.000254 0.000225 0.000197 0.000170 0.000146 0.000123 0.000103 0.000085 0.000070 0.000056 0.000045 0.000035 0.000028 0.000021 0.000016 0.000012 0.000009 0.000007 0.000005 0.000004 0.000003 0.000002 0.000001 0.000001 0.000001 0.000000 0.000000 0.000000 0.000000 0.000000 0.000000 0.000000 0.000000 0.000000 0.000000 0.000000 0.000000 0.000000 0.000000 0.000000 
0.000000 0.000000 0.000000 0.000000 0.000000 0.000000 0.000000 0.000000 0.000000 0.000000 0.000000 0.000000 0.000000 0.000000 0.000000 0.000001 0.000001 0.000001 0.000002 0.000002 0.000003 0.000005 0.000006 0.000009 0.000012 0.000016 0.000021 0.000028 0.000036 0.000046 0.000058 0.000073 0.000090 0.000110 0.000133 0.000159 0.000188 0.000220 0.000254 0.000290 0.000328 0.000366 0.000403 0.000440 0.000474 0.000505 0.000532 0.000554 0.000570 0.000580 0.000584 0.000580 0.000570 0.000554 0.000532 0.000505 0.000474 0.000440 0.000403 0.000366 0.000328 0.000290 0.000254 0.000220 0.000188 0.000159 0.000133 0.000110 0.000090 0.000073 0.000058 0.000046 0.000036 0.000028 0.000021 0.000016 0.000012 0.000009 0.000006 0.000005 0.000003 0.000002 0.000002 0.000001 0.000001 0.000001 0.000000 0.000000 0.000000 0.000000 0.000000 0.000000 0.000000 0.000000 0.000000 0.000000 0.000000 0.000000 0.000000 0.000000 
0.000000 0.000000 0.000000 0.000000 0.000000 0.000000 0.000000 0.000000 0.000000 0.000000 0.000000 0.000000 0.000000 0.000000 0.000001 0.000001 0.000001 0.000002 0.000002 0.000004 0.000005 0.000007 0.000010 0.000013 0.000018 0.000024 0.000032 0.000042 0.000054 0.000069 0.000088 0.000110 0.000136 0.000166 0.000201 0.000240 0.000284 0.000332 0.000383 0.000437 0.000494 0.000551 0.000608 0.000662 0.000714 0.000761 0.000801 0.000834 0.000859 0.000874 0.000879 0.000874 0.000859 0.000834 0.000801 0.000761 0.000714 0.000662 0.000608 0.000551 0.000494 0.000437 0.000383 0.000332 0.000284 0.000240 0.000201 0.000166 0.000136 0.000110 0.000088 0.000069 0.000054 0.000042 0.000032 0.000024 0.000018 0.000013 0.000010 0.000007 0.000005 0.000004 0.000002 0.000002 0.000001 0.000001 0.000001 0.000000 0.000000 0.000000 0.000000 0.000000 0.000000 0.000000 0.000000 0.000000 0.000000 0.000000 0.000000 0.000000 
0.000000 0.000000 0.000000 0.000000 0.000000 0.000000 0.000000 0.000000 0.000000 0.000000 0.000000 0.000000 0.000000 0.000001 0.000001 0.000001 0.000002 0.000003 0.000004 0.000006 0.000008 0.000011 0.000016 0.000021 0.000029 0.000039 0.000051 0.000067 0.000087 0.000111 0.000141 0.000176 0.000218 0.000267 0.000323 0.000386 0.000456 0.000532 0.000614 0.000701 0.000791 0.000883 0.000974 0.001062 0.001144 0.001219 0.001284 0.001337 0.001376 0.001400 0.001408 0.001400 0.001376 0.001337 0.001284 0.001219 0.001144 0.001062 0.000974 0.000883 0.000791 0.000701 0.000614 0.000532 0.000456 0.000386 0.000323 0.000267 0.000218 0.000176 0.000141 0.000111 0.000087 0.000067 0.000051 0.000039 0.000029 0.000021 0.000016 0.000011 0.000008 0.000006 0.000004 0.000003 0.000002 0.000001 0.000001 0.000001 0.000000 0.000000 0.000000 0.000000 0.000000 0.000000 0.000000 0.000000 0.000000 0.000000 0.000000 0.000000 
0.000000 0.000000 0.000000 0.000000 0.000000 0.000000 0.000000 0.000000 0.000000 0.000000 0.000000 0.000000 0.000001 0.000001 0.000001 0.000002 0.000003 0.000004 0.000006 0.000009 0.000013 0.000018 0.000026 0.000035 0.000047 0.000063 0.000084 0.000110 0.000142 0.000182 0.000230 0.000288 0.000356 0.000436 0.000526 0.000629 0.000743 0.000868 0.001002 0.001143 0.001290 0.001439 0.001587 0.001730 0.001864 0.001986 0.002091 0.002177 0.002241 0.002280 0.002293 0.002280 0.002241 0.002177 0.002091 0.001986 0.001864 0.001730 0.001587 0.001439 0.001290 0.001143 0.001002 0.000868 0.000743 0.000629 0.000526 0.000436 0.000356 0.000288 0.000230 0.000182 0.000142 0.000110 0.000084 0.000063 0.000047 0.000035 0.000026 0.000018 0.000013 0.000009 0.000006 0.000004 0.000003 0.000002 0.000001 0.000001 0.000001 0.000000 0.000000 0.000000 0.000000 0.000000 0.000000 0.000000 0.000000 0.000000 0.000000 0.000000 
0.000000 0.000000 0.000000 0.000000 0.000000 0.000000 0.000000 0.000000 0.000000 0.000000 0.000000 0.000001 0.000001 0.000001 0.000002 0.000003 0.000005 0.000007 0.000011 0.000015 0.000022 0.000030 0.000042 0.000057 0.000077 0.000104 0.000137 0.000180 0.000232 0.000297 0.000376 0.000470 0.000581 0.000710 0.000858 0.001025 0.001210 0.001413 0.001631 0.001862 0.002100 0.002342 0.002582 0.002815 0.003033 0.003231 0.003403 0.003542 0.003646 0.003709 0.003730 0.003709 0.003646 0.003542 0.003403 0.003231 0.003033 0.002815 0.002582 0.002342 0.002100 0.001862 0.001631 0.001413 0.001210 0.001025 0.000858 0.000710 0.000581 0.000470 0.000376 0.000297 0.000232 0.000180 0.000137 0.000104 0.000077 0.000057 0.000042 0.000030 0.000022 0.000015 0.000011 0.000007 0.000005 0.000003 0.000002 0.000001 0.000001 0.000001 0.000000 0.000000 0.000000 0.000000 0.000000 0.000000 0.000000 0.000000 0.000000 0.000000 
0.000000 0.000000 0.000000 0.000000 0.000000 0.000000 0.000000 0.000000 0.000000 0.000000 0.000001 0.000001 0.000002 0.000002 0.000004 0.000006 0.000008 0.000012 0.000017 0.000025 0.000035 0.000049 0.000068 0.000093 0.000126 0.000168 0.000222 0.000291 0.000376 0.000481 0.000608 0.000760 0.000940 0.001148 0.001387 0.001657 0.001957 0.002284 0.002636 0.003008 0.003393 0.003784 0.004172 0.004547 0.004899 0.005218 0.005495 0.005720 0.005887 0.005989 0.006024 0.005989 0.005887 0.005720 0.005495 0.005218 0.004899 0.004547 0.004172 0.003784 0.003393 0.003008 0.002636 0.002284 0.001957 0.001657 0.001387 0.001148 0.000940 0.000760 0.000608 0.000481 0.000376 0.000291 0.000222 0.000168 0.000126 0.000093 0.000068 0.000049 0.000035 0.000025 0.000017 0.000012 0.000008 0.000006 0.000004 0.000002 0.000002 0.000001 0.000001 0.000000 0.000000 0.000000 0.000000 0.000000 0.000000 0.000000 0.000000 0.000000 
0.000000 0.000000 0.000000 0.000000 0.000000 0.000000 0.000000 0.000000 0.000000 0.000001 0.000001 0.000002 0.000003 0.000004 0.000006 0.000009 0.000013 0.000019 0.000028 0.000040 0.000056 0.000079 0.000109 0.000149 0.000202 0.000270 0.000357 0.000467 0.000603 0.000772 0.000975 0.001219 0.001506 0.001840 0.002222 0.002654 0.003133 0.003657 0.004220 0.004814 0.005430 0.006054 0.006674 0.007274 0.007836 0.008347 0.008789 0.009149 0.009415 0.009578 0.009633 0.009578 0.009415 0.009149 0.008789 0.008347 0.007836 0.007274 0.006674 0.006054 0.005430 0.004814 0.004220 0.003657 0.003133 0.002654 0.002222 0.001840 0.001506 0.001219 0.000975 0.000772 0.000603 0.000467 0.000357 0.000270 0.000202 0.000149 0.000109 0.000079 0.000056 0.000040 0.000028 0.000019 0.000013 0.000009 0.000006 0.000004 0.000003 0.000002 0.000001 0.000001 0.000000 0.000000 0.000000 0.000000 0.000000 0.000000 0.000000 0.000000 
0.000000 0.000000 0.000000 0.000000 0.000000 0.000000 0.000000 0.000000 0.000001 0.000001 0.000002 0.000003 0.000004 0.000006 0.000009 0.000014 0.000021 0.000031 0.000044 0.000063 0.000090 0.000125 0.000173 0.000237 0.000321 0.000429 0.000567 0.000741 0.000958 0.001224 0.001547 0.001933 0.002388 0.002917 0.003522 0.004206 0.004964 0.005793 0.006684 0.007625 0.008599 0.009587 0.010567 0.011515 0.012405 0.013212 0.013911 0.014480 0.014901 0.015160 0.015247 0.015160 0.014901 0.014480 0.013911 0.013212 0.012405 0.011515 0.010567 0.009587 0.008599 0.007625 0.006684 0.005793 0.004964 0.004206 0.003522 0.002917 0.002388 0.001933 0.001547 0.001224 0.000958 0.000741 0.000567 0.000429 0.000321 0.000237 0.000173 0.000125 0.000090 0.000063 0.000044 0.000031 0.000021 0.000014 0.000009 0.000006 0.000004 0.000003 0.000002 0.000001 0.000001 0.000000 0.000000 0.000000 0.000000 0.000000 0.000000 0.000000 
0.000000 0.000000 0.000000 0.000000 0.000000 0.000000 0.000000 0.000001 0.000001 0.000002 0.000003 0.000004 0.000006 0.000010 0.000015 0.000022 0.000033 0.000048 0.000070 0.000100 0.000141 0.000197 0.000273 0.000373 0.000504 0.000674 0.000890 0.001164 0.001504 0.001922 0.002428 0.003033 0.003746 0.004575 0.005524 0.006594 0.007782 0.009081 0.010476 0.011948 0.013473 0.015019 0.016553 0.018037 0.019430 0.020692 0.021786 0.022676 0.023335 0.023739 0.023875 0.023739 0.023335 0.022676 0.021786 0.020692 0.019430 0.018037 0.016553 0.015019 0.013473 0.011948 0.010476 0.009081 0.007782 0.006594 0.005524 0.004575 0.003746 0.003033 0.002428 0.001922 0.001504 0.001164 0.000890 0.000674 0.000504 0.000373 0.000273 0.000197 0.000141 0.000100 0.000070 0.000048 0.000033 0.000022 0.000015 0.000010 0.000006 0.000004 0.000003 0.000002 0.000001 0.000001 0.000000 0.000000 0.000000 0.000000 0.000000 0.000000 
0.000000 0.000000 0.000000 0.000000 0.000000 0.000000 0.000001 0.000001 0.000002 0.000003 0.000004 0.000007 0.000010 0.000015 0.000023 0.000035 0.000051 0.000075 0.000109 0.000155 0.000219 0.000307 0.000424 0.000580 0.000783 0.001047 0.001384 0.001808 0.002336 0.002984 0.003770 0.004708 0.005814 0.007099 0.008569 0.010228 0.012069 0.014081 0.016242 0.018522 0.020883 0.023278 0.025653 0.027949 0.030106 0.032060 0.033753 0.035131 0.036150 0.036776 0.036986 0.036776 0.036150 0.035131 0.033753 0.032060 0.030106 0.027949 0.025653 0.023278 0.020883 0.018522 0.016242 0.014081 0.012069 0.010228 0.008569 0.007099 0.005814 0.004708 0.003770 0.002984 0.002336 0.001808 0.001384 0.001047 0.000783 0.000580 0.000424 0.000307 0.000219 0.000155 0.000109 0.000075 0.000051 0.000035 0.000023 0.000015 0.000010 0.000007 0.000004 0.000003 0.000002 0.000001 0.000001 0.000000 0.000000 0.000000 0.000000 0.000000 
0.000000 0.000000 0.000000 0.000000 0.000000 0.000001 0.000001 0.000002 0.000003 0.000004 0.000006 0.000010 0.000016 0.000024 0.000036 0.000054 0.000079 0.000116 0.000167 0.000239 0.000338 0.000472 0.000653 0.000892 0.001205 0.001610 0.002127 0.002779 0.003589 0.004584 0.005790 0.007229 0.008926 0.010896 0.013150 0.015693 0.018515 0.021598 0.024910 0.028403 0.032020 0.035689 0.039327 0.042844 0.046146 0.049138 0.051731 0.053841 0.055401 0.056359 0.056682 0.056359 0.055401 0.053841 0.051731 0.049138 0.046146 0.042844 0.039327 0.035689 0.032020 0.028403 0.024910 0.021598 0.018515 0.015693 0.013150 0.010896 0.008926 0.007229 0.005790 0.004584 0.003589 0.002779 0.002127 0.001610 0.001205 0.000892 0.000653 0.000472 0.000338 0.000239 0.000167 0.000116 0.000079 0.000054 0.000036 0.000024 0.000016 0.000010 0.000006 0.000004 0.000003 0.000002 0.000001 0.000001 0.000000 0.000000 0.000000 0.000000 
0.000000 0.000000 0.000000 0.000000 0.000001 0.000001 0.000001 0.000002 0.000004 0.000006 0.000010 0.000015 0.000024 0.000036 0.000055 0.000082 0.000121 0.000177 0.000255 0.000364 0.000515 0.000719 0.000993 0.001357 0.001833 0.002448 0.003234 0.004224 0.005455 0.006966 0.008795 0.010980 0.013554 0.016543 0.019963 0.023818 0.028098 0.032772 0.037791 0.043086 0.048568 0.054127 0.059639 0.064967 0.069970 0.074503 0.078429 0.081626 0.083989 0.085440 0.085929 0.085440 0.083989 0.081626 0.078429 0.074503 0.069970 0.064967 0.059639 0.054127 0.048568 0.043086 0.037791 0.032772 0.028098 0.023818 0.019963 0.016543 0.013554 0.010980 0.008795 0.006966 0.005455 0.004224 0.003234 0.002448 0.001833 0.001357 0.000993 0.000719 0.000515 0.000364 0.000255 0.000177 0.000121 0.000082 0.000055 0.000036 0.000024 0.000015 0.000010 0.000006 0.000004 0.000002 0.000002 0.000001 0.000001 0.000000 0.000000 0.000000 
0.000000 0.000000 0.000000 0.000001 0.000001 0.000001 0.000002 0.000004 0.000006 0.000009 0.000015 0.000023 0.000036 0.000055 0.000083 0.000123 0.000182 0.000266 0.000384 0.000549 0.000775 0.001083 0.001495 0.002042 0.002758 0.003683 0.004864 0.006351 0.008200 0.010469 0.013216 0.016496 0.020359 0.024844 0.029975 0.035759 0.042178 0.049187 0.056713 0.064653 0.072870 0.081203 0.089464 0.097450 0.104947 0.111740 0.117624 0.122414 0.125954 0.128128 0.128860 0.128128 0.125954 0.122414 0.117624 0.111740 0.104947 0.097450 0.089464 0.081203 0.072870 0.064653 0.056713 0.049187 0.042178 0.035759 0.029975 0.024844 0.020359 0.016496 0.013216 0.010469 0.008200 0.006351 0.004864 0.003683 0.002758 0.002042 0.001495 0.001083 0.000775 0.000549 0.000384 0.000266 0.000182 0.000123 0.000083 0.000055 0.000036 0.000023 0.000015 0.000009 0.000006 0.000004 0.000002 0.000001 0.000001 0.000001 0.000000 0.000000 
0.000000 0.000000 0.000001 0.000001 0.000001 0.000002 0.000003 0.000006 0.000009 0.000014 0.000022 0.000035 0.000054 0.000082 0.000123 0.000184 0.000272 0.000397 0.000573 0.000818 0.001155 0.001613 0.002227 0.003041 0.004105 0.005481 0.007236 0.009446 0.012194 0.015564 0.019644 0.024514 0.030249 0.036906 0.044521 0.053104 0.062627 0.073025 0.084188 0.095963 0.108148 0.120504 0.132753 0.144592 0.155705 0.165774 0.174495 0.181595 0.186843 0.190064 0.191150 0.190064 0.186843 0.181595 0.174495 0.165774 0.155705 0.144592 0.132753 0.120504 0.108148 0.095963 0.084188 0.073025 0.062627 0.053104 0.044521 0.036906 0.030249 0.024514 0.019644 0.015564 0.012194 0.009446 0.007236 0.005481 0.004105 0.003041 0.002227 0.001613 0.001155 0.000818 0.000573 0.000397 0.000272 0.000184 0.000123 0.000082 0.000054 0.000035 0.000022 0.000014 0.000009 0.000006 0.000003 0.000002 0.000001 0.000001 0.000001 0.000001 
0.000001 0.000001 0.000001 0.000001 0.000002 0.000003 0.000005 0.000008 0.000013 0.000021 0.000033 0.000051 0.000079 0.000121 0.000182 0.000272 0.000401 0.000586 0.000845 0.001206 0.001702 0.002376 0.003280 0.004477 0.006043 0.008066 0.010647 0.013896 0.017934 0.022886 0.028879 0.036033 0.044454 0.054228 0.065408 0.078004 0.091980 0.107237 0.123616 0.140890 0.158764 0.176886 0.194850 0.212212 0.228508 0.243272 0.256059 0.266469 0.274163 0.278885 0.280478 0.278885 0.274163 0.266469 0.256059 0.243272 0.228508 0.212212 0.194850 0.176886 0.158764 0.140890 0.123616 0.107237 0.091980 0.078004 0.065408 0.054228 0.044454 0.036033 0.028879 0.022886 0.017934 0.013896 0.010647 0.008066 0.006043 0.004477 0.003280 0.002376 0.001702 0.001206 0.000845 0.000586 0.000401 0.000272 0.000182 0.000121 0.000079 0.000051 0.000033 0.000021 0.000013 0.000008 0.000005 0.000003 0.000002 0.000001 0.000001 0.000001 
0.000001 0.000001 0.000001 0.000002 0.000003 0.000004 0.000007 0.000012 0.000019 0.000031 0.000048 0.000075 0.000116 0.000177 0.000266 0.000397 0.000586 0.000854 0.001233 0.001759 0.002481 0.003462 0.004778 0.006520 0.008799 0.011742 0.015494 0.020218 0.026088 0.033285 0.041993 0.052386 0.064618 0.078813 0.095046 0.113334 0.133621 0.155766 0.179536 0.204602 0.230537 0.256828 0.282888 0.308073 0.331710 0.353123 0.371670 0.386766 0.397924 0.404773 0.407082 0.404773 0.397924 0.386766 0.371670 0.353123 0.331710 0.308073 0.282888 0.256828 0.230537 0.204602 0.179536 0.155766 0.133621 0.113334 0.095046 0.078813 0.064618 0.052386 0.041993 0.033285 0.026088 0.020218 0.015494 0.011742 0.008799 0.006520 0.004778 0.003462 0.002481 0.001759 0.001233 0.000854 0.000586 0.000397 0.000266 0.000177 0.000116 0.000075 0.000048 0.000031 0.000019 0.000012 0.000007 0.000005 0.000003 0.000002 0.000001 0.000001 
0.000001 0.000001 0.000002 0.000002 0.000004 0.000006 0.000011 0.000017 0.000028 0.000044 0.000070 0.000109 0.000167 0.000255 0.000384 0.000573 0.000845 0.001233 0.001778 0.002536 0.003577 0.004990 0.006884 0.009391 0.012670 0.016904 0.022302 0.029095 0.037534 0.047880 0.060395 0.075329 0.092903 0.113293 0.136608 0.162870 0.191999 0.223792 0.257913 0.293890 0.331112 0.368841 0.406236 0.442372 0.476285 0.507006 0.533612 0.555269 0.571275 0.581100 0.584412 0.581100 0.571275 0.555269 0.533612 0.507006 0.476285 0.442372 0.406236 0.368841 0.331112 0.293890 0.257913 0.223792 0.191999 0.162870 0.136608 0.113293 0.092903 0.075329 0.060395 0.047880 0.037534 0.029095 0.022302 0.016904 0.012670 0.009391 0.006884 0.004990 0.003577 0.002536 0.001778 0.001233 0.000845 0.000573 0.000384 0.000255 0.000167 0.000109 0.000070 0.000044 0.000028 0.000017 0.000011 0.000007 0.000004 0.000003 0.000002 0.000002 
0.000002 0.000002 0.000002 0.000004 0.000006 0.000009 0.000015 0.000025 0.000040 0.000063 0.000100 0.000155 0.000239 0.000364 0.000549 0.000818 0.001206 0.001759 0.002536 0.003616 0.005099 0.007112 0.009809 0.013379 0.018045 0.024070 0.031749 0.041411 0.053411 0.068121 0.085911 0.107136 0.132110 0.161079 0.194199 0.231502 0.272871 0.318018 0.366465 0.417542 0.470380 0.523936 0.577011 0.628297 0.676424 0.720019 0.757774 0.788504 0.811215 0.825155 0.829855 0.825155 0.811215 0.788504 0.757774 0.720019 0.676424 0.628297 0.577011 0.523936 0.470380 0.417542 0.366465 0.318018 0.272871 0.231502 0.194199 0.161079 0.132110 0.107136 0.085911 0.068121 0.053411 0.041411 0.031749 0.024070 0.018045 0.013379 0.009809 0.007112 0.005099 0.003616 0.002536 0.001759 0.001206 0.000818 0.000549 0.000364 0.000239 0.000155 0.000100 0.000063 0.000040 0.000025 0.000015 0.000009 0.000006 0.000004 0.000003 0.000003 
0.000003 0.000003 0.000003 0.000005 0.000008 0.000013 0.000022 0.000035 0.000056 0.000090 0.000141 0.000219 0.000338 0.000515 0.000775 0.001155 0.001702 0.002481 0.003577 0.005099 0.007189 0.010024 0.013822 0.018849 0.025418 0.033896 0.044701 0.058293 0.075171 0.095856 0.120869 0.150705 0.185805 0.226516 0.273052 0.325458 0.383569 0.446979 0.515018 0.586742 0.660933 0.736124 0.810634 0.882629 0.950184 1.011376 1.064367 1.107497 1.139372 1.158937 1.165533 1.158937 1.139372 1.107497 1.064367 1.011376 0.950184 0.882629 0.810634 0.736124 0.660933 0.586742 0.515018 0.446979 0.383569 0.325458 0.273052 0.226516 0.185805 0.150705 0.120869 0.095856 0.075171 0.058293 0.044701 0.033896 0.025418 0.018849 0.013822 0.010024 0.007189 0.005099 0.003577 0.002481 0.001702 0.001155 0.000775 0.000515 0.000338 0.000219 0.000141 0.000090 0.000056 0.000035 0.000022 0.000013 0.000008 0.000006 0.000004 0.000004 
0.000004 0.000004 0.000005 0.000007 0.000011 0.000018 0.000030 0.000049 0.000079 0.000125 0.000197 0.000307 0.000472 0.000719 0.001083 0.001613 0.002376 0.003462 0.004990 0.007112 0.010024 0.013973 0.019263 0.026263 0.035408 0.047209 0.062244 0.081155 0.104635 0.133403 0.168185 0.209667 0.258460 0.315044 0.379716 0.452536 0.533273 0.621362 0.715873 0.815490 0.918526 1.022941 1.126405 1.226367 1.320161 1.405116 1.478682 1.538556 1.582805 1.609963 1.619120 1.609963 1.582805 1.538556 1.478682 1.405116 1.320161 1.226367 1.126405 1.022941 0.918526 0.815490 0.715873 0.621362 0.533273 0.452536 0.379716 0.315044 0.258460 0.209667 0.168185 0.133403 0.104635 0.081155 0.062244 0.047209 0.035408 0.026263 0.019263 0.013973 0.010024 0.007112 0.004990 0.003462 0.002376 0.001613 0.001083 0.000719 0.000472 0.000307 0.000197 0.000125 0.000079 0.000049 0.000030 0.000019 0.000012 0.000008 0.000006 0.000006 
0.000005 0.000005 0.000006 0.000010 0.000016 0.000026 0.000042 0.000068 0.000109 0.000173 0.000273 0.000424 0.000653 0.000993 0.001495 0.002227 0.003280 0.004778 0.006884 0.009809 0.013822 0.019263 0.026550 0.036189 0.048781 0.065026 0.085719 0.111741 0.144044 0.183616 0.231452 0.288494 0.355579 0.433364 0.522256 0.622335 0.733281 0.854316 0.984161 1.121009 1.262541 1.405956 1.548054 1.685334 1.814136 1.930794 2.031808 2.114021 2.174776 2.212065 2.224637 2.212065 2.174776 2.114021 2.031808 1.930794 1.814136 1.685334 1.548054 1.405956 1.262541 1.121009 0.984161 0.854316 0.733281 0.622335 0.522256 0.433364 0.355579 0.288494 0.231452 0.183616 0.144044 0.111741 0.085719 0.065026 0.048781 0.036189 0.026550 0.019263 0.013822 0.009809 0.006884 0.004778 0.003280 0.002227 0.001495 0.000993 0.000653 0.000424 0.000273 0.000173 0.000109 0.000068 0.000042 0.000026 0.000016 0.000011 0.000008 0.000008 
0.000007 0.000007 0.000009 0.000013 0.000021 0.000035 0.000057 0.000093 0.000149 0.000237 0.000373 0.000580 0.000892 0.001357 0.002042 0.003041 0.004477 0.006520 0.009391 0.013379 0.018849 0.026263 0.036189 0.049317 0.066463 0.088579 0.116745 0.152159 0.196112 0.249947 0.315014 0.392591 0.483813 0.589571 0.710415 0.846448 0.997236 1.161720 1.338157 1.524094 1.716376 1.911204 2.104228 2.290697 2.465640 2.624081 2.761271 2.872921 2.955430 3.006070 3.023142 3.006070 2.955430 2.872921 2.761271 2.624081 2.465640 2.290697 2.104228 1.911204 1.716376 1.524094 1.338157 1.161720 0.997236 0.846448 0.710415 0.589571 0.483813 0.392591 0.315014 0.249947 0.196112 0.152159 0.116745 0.088579 0.066463 0.049317 0.036189 0.026263 0.018849 0.013379 0.009391 0.006520 0.004477 0.003041 0.002042 0.001357 0.000892 0.000580 0.000373 0.000237 0.000149 0.000093 0.000058 0.000036 0.000022 0.000015 0.000012 0.000012 
0.000009 0.000009 0.000012 0.000018 0.000029 0.000047 0.000077 0.000126 0.000202 0.000321 0.000504 0.000783 0.001205 0.001833 0.002758 0.004105 0.006043 0.008799 0.012670 0.018045 0.025418 0.035408 0.048781 0.066463 0.089554 0.119331 0.157246 0.204910 0.264056 0.336490 0.424021 0.528367 0.651049 0.793260 0.955736 1.138614 1.341304 1.562381 1.799501 2.049367 2.307739 2.569511 2.828842 3.079351 3.314364 3.527200 3.711481 3.861452 3.972276 4.040294 4.063225 4.040294 3.972276 3.861452 3.711481 3.527200 3.314364 3.079351 2.828842 2.569511 2.307739 2.049367 1.799501 1.562381 1.341304 1.138614 0.955736 0.793260 0.651049 0.528367 0.424021 0.336490 0.264056 0.204910 0.157246 0.119331 0.089554 0.066463 0.048781 0.035408 0.025418 0.018045 0.012670 0.008799 0.006043 0.004105 0.002758 0.001833 0.001205 0.000783 0.000504 0.000321 0.000202 0.000126 0.000078 0.000048 0.000030 0.000020 0.000016 0.000016 
0.000012 0.000012 0.000016 0.000024 0.000039 0.000063 0.000104 0.000168 0.000270 0.000429 0.000674 0.001047 0.001610 0.002448 0.003683 0.005481 0.008066 0.011742 0.016904 0.024070 0.033896 0.047209 0.065026 0.088579 0.119331 0.158980 0.209457 0.272901 0.351615 0.447999 0.564454 0.703261 0.866436 1.055564 1.271614 1.514767 1.784233 2.078114 2.393292 2.725382 3.068751 3.416613 3.761210 4.094066 4.406315 4.689086 4.933912 5.133150 5.280377 5.370736 5.401198 5.370736 5.280377 5.133150 4.933912 4.689086 4.406315 4.094066 3.761210 3.416613 3.068751 2.725382 2.393292 2.078114 1.784233 1.514767 1.271614 1.055564 0.866436 0.703261 0.564454 0.447999 0.351615 0.272901 0.209457 0.158980 0.119331 0.088579 0.065026 0.047209 0.033896 0.024070 0.016904 0.011742 0.008066 0.005481 0.003683 0.002448 0.001610 0.001047 0.000674 0.000429 0.000270 0.000168 0.000104 0.000064 0.000041 0.000027 0.000021 0.000021 
0.000016 0.000016 0.000021 0.000032 0.000051 0.000084 0.000137 0.000222 0.000357 0.000567 0.000890 0.001384 0.002127 0.003234 0.004864 0.007236 0.010647 0.015494 0.022302 0.031749 0.044701 0.062244 0.085719 0.116745 0.157246 0.209457 0.275914 0.359430 0.463032 0.589870 0.743098 0.925713 1.140358 1.389110 1.673241 1.992979 2.347281 2.733647 3.147976 3.584501 4.035818 4.493010 4.945881 5.383298 5.793616 6.165182 6.486876 6.748661 6.942105 7.060826 7.100850 7.060826 6.942105 6.748661 6.486876 6.165182 5.793616 5.383298 4.945881 4.493010 4.035818 3.584501 3.147976 2.733647 2.347281 1.992979 1.673241 1.389110 1.140358 0.925713 0.743098 0.589870 0.463032 0.359430 0.275914 0.209457 0.157246 0.116745 0.085719 0.062244 0.044701 0.031749 0.022302 0.015494 0.010647 0.007236 0.004864 0.003234 0.002127 0.001384 0.000890 0.000567 0.000357 0.000223 0.000138 0.000085 0.000054 0.000036 0.000028 0.000028 
0.000021 0.000021 0.000028 0.000042 0.000067 0.000110 0.000180 0.000291 0.000467 0.000741 0.001164 0.001808 0.002779 0.004224 0.006351 0.009446 0.013896 0.020218 0.029095 0.041411 0.058293 0.081155 0.111741 0.152159 0.204910 0.272901 0.359430 0.468154 0.603003 0.768075 0.967465 1.205063 1.484300 1.807869 2.177417 2.593231 3.053951 3.556319 4.094999 4.662492 5.249172 5.843449 6.432077 7.000586 7.533851 8.016732 8.434787 8.774979 9.026356 9.180630 9.232640 9.180630 9.026356 8.774979 8.434787 8.016732 7.533851 7.000586 6.432077 5.843449 5.249172 4.662492 4.094999 3.556319 3.053951 2.593231 2.177417 1.807869 1.484300 1.205063 0.967465 0.768075 0.603003 0.468154 0.359430 0.272901 0.204910 0.152159 0.111741 0.081155 0.058293 0.041411 0.029095 0.020218 0.013896 0.009446 0.006351 0.004224 0.002779 0.001808 0.001164 0.000741 0.000467 0.000291 0.000181 0.000112 0.000070 0.000047 0.000037 0.000037 
0.000028 0.000028 0.000036 0.000054 0.000087 0.000142 0.000232 0.000376 0.000603 0.000958 0.001504 0.002336 0.003589 0.005455 0.008200 0.012194 0.017934 0.026088 0.037534 0.053411 0.075171 0.104635 0.144044 0.196112 0.264056 0.351615 0.463032 0.603003 0.776586 0.989042 1.245634 1.551354 1.910611 2.326857 2.802199 3.336998 3.929498 4.575500 5.268139 5.997772 6.752021 7.515989 8.272650 9.003414 9.688843 10.309489 10.846796 11.284020 11.607088 11.805359 11.872200 11.805359 11.607088 11.284020 10.846796 10.309489 9.688843 9.003414 8.272650 7.515989 6.752021 5.997772 5.268139 4.575500 3.929498 3.336998 2.802199 2.326857 1.910611 1.551354 1.245634 0.989042 0.776586 0.603003 0.463032 0.351615 0.264056 0.196112 0.144044 0.104635 0.075171 0.053411 0.037534 0.026088 0.017934 0.012194 0.008201 0.005455 0.003589 0.002336 0.001504 0.000958 0.000604 0.000377 0.000234 0.000145 0.000091 0.000061 0.000048 0.000048 
0.000035 0.000035 0.000046 0.000069 0.000111 0.000182 0.000297 0.000481 0.000772 0.001224 0.001922 0.002984 0.004584 0.006966 0.010469 0.015564 0.022886 0.033285 0.047880 0.068121 0.095856 0.133403 0.183616 0.249947 0.336490 0.447999 0.589870 0.768075 0.989042 1.259458 1.586009 1.975036 2.432136 2.961688 3.566361 4.246603 5.000169 5.821713 6.702496 7.630254 8.589249 9.560544 10.522495 11.451479 12.322793 13.111727 13.794705 14.350450 14.761089 15.013099 15.098057 15.013099 14.761089 14.350450 13.794705 13.111727 12.322793 11.451479 10.522495 9.560544 8.589249 7.630254 6.702496 5.821713 5.000169 4.246603 3.566361 2.961688 2.432136 1.975036 1.586009 1.259458 0.989042 0.768075 0.589870 0.447999 0.336490 0.249947 0.183616 0.133403 0.095856 0.068121 0.047880 0.033285 0.022886 0.015564 0.010469 0.006966 0.004584 0.002984 0.001922 0.001224 0.000772 0.000482 0.000299 0.000185 0.000117 0.000078 0.000061 0.000061 
0.000045 0.000045 0.000058 0.000088 0.000141 0.000230 0.000376 0.000608 0.000975 0.001547 0.002428 0.003770 0.005790 0.008795 0.013216 0.019644 0.028879 0.041993 0.060395 0.085911 0.120869 0.168185 0.231452 0.315014 0.424021 0.564454 0.743098 0.967465 1.245634 1.586009 1.996991 2.486548 3.061705 3.727958 4.488649 5.344329 6.292162 7.325413 8.433087 9.599755 10.805629 12.026896 13.236355 14.404308 15.499713 16.491516 17.350092 18.048708 18.564903 18.881691 18.988486 18.881691 18.564903 18.048708 17.350092 16.491516 15.499713 14.404308 13.236355 12.026896 10.805629 9.599755 8.433087 7.325413 6.292162 5.344329 4.488649 3.727958 3.061705 2.486548 1.996991 1.586009 1.245634 0.967465 0.743098 0.564454 0.424021 0.315014 0.231452 0.168185 0.120869 0.085911 0.060395 0.041993 0.028879 0.019644 0.013216 0.008795 0.005790 0.003770 0.002428 0.001547 0.000976 0.000610 0.000378 0.000234 0.000148 0.000099 0.000077 0.000077 
0.000056 0.000056 0.000073 0.000110 0.000176 0.000288 0.000470 0.000760 0.001219 0.001933 0.003033 0.004708 0.007229 0.010980 0.016496 0.024514 0.036033 0.052386 0.075329 0.107136 0.150705 0.209667 0.288494 0.392591 0.528367 0.703261 0.925713 1.205063 1.551354 1.975036 2.486548 3.095789 3.811481 4.640446 5.586825 6.651287 7.830289 9.115443 10.493067 11.943966 13.443531 14.962157 16.466023 17.918217 19.280156 20.513243 21.580662 22.449192 23.090925 23.484750 23.617514 23.484750 23.090925 22.449192 21.580662 20.513243 19.280156 17.918217 16.466023 14.962157 13.443531 11.943966 10.493067 9.115443 7.830289 6.651287 5.586825 4.640446 3.811481 3.095789 2.486548 1.975036 1.551354 1.205063 0.925713 0.703261 0.528367 0.392591 0.288494 0.209667 0.150705 0.107136 0.075329 0.052386 0.036033 0.024514 0.016496 0.010980 0.007229 0.004708 0.003033 0.001933 0.001220 0.000762 0.000473 0.000293 0.000185 0.000124 0.000097 0.000097 
0.000070 0.000070 0.000090 0.000136 0.000218 0.000356 0.000581 0.000940 0.001506 0.002388 0.003746 0.005814 0.008926 0.013554 0.020359 0.030249 0.044454 0.064618 0.092903 0.132110 0.185805 0.258460 0.355579 0.483813 0.651049 0.866436 1.140358 1.484300 1.910611 2.432136 3.061705 3.811481 4.692177 5.712166 6.876522 8.186050 9.636374 11.217165 12.911581 14.696013 16.540191 18.407713 20.256998 22.042667 23.717294 25.233439 26.545852 27.613705 28.402699 28.886893 29.050121 28.886893 28.402699 27.613705 26.545852 25.233439 23.717294 22.042667 20.256998 18.407713 16.540191 14.696013 12.911581 11.217165 9.636374 8.186050 6.876522 5.712166 4.692177 3.811481 3.061705 2.432136 1.910611 1.484300 1.140358 0.866436 0.651049 0.483813 0.355579 0.258460 0.185805 0.132110 0.092903 0.064618 0.044454 0.030249 0.020359 0.013554 0.008926 0.005814 0.003747 0.002389 0.001507 0.000942 0.000584 0.000362 0.000228 0.000153 0.000120 0.000120 
0.000085 0.000085 0.000110 0.000166 0.000267 0.000436 0.000710 0.001148 0.001840 0.002917 0.004575 0.007099 0.010896 0.016543 0.024844 0.036906 0.054228 0.078813 0.113293 0.161079 0.226516 0.315044 0.433364 0.589571 0.793260 1.055564 1.389110 1.807869 2.326857 2.961688 3.727958 4.640446 5.712166 6.953282 8.369944 9.963109 11.727437 13.650345 15.711338 17.881691 20.124592 22.395770 24.644670 26.816122 28.852471 30.696051 32.291861 33.590276 34.549609 35.138331 35.336795 35.138331 34.549609 33.590276 32.291861 30.696051 28.852471 26.816122 24.644670 22.395770 20.124592 17.881691 15.711338 13.650345 11.727437 9.963109 8.369944 6.953282 5.712166 4.640446 3.727958 2.961688 2.326857 1.807869 1.389110 1.055564 0.793260 0.589571 0.433364 0.315044 0.226516 0.161079 0.113293 0.078813 0.054228 0.036906 0.024844 0.016543 0.010896 0.007099 0.004575 0.002918 0.001841 0.001151 0.000714 0.000443 0.000279 0.000187 0.000146 0.000146 
0.000103 0.000103 0.000133 0.000201 0.000323 0.000526 0.000858 0.001387 0.002222 0.003522 0.005524 0.008569 0.013150 0.019963 0.029975 0.044521 0.065408 0.095046 0.136608 0.194199 0.273052 0.379716 0.522256 0.710415 0.955736 1.271614 1.673241 2.177417 2.802199 3.566361 4.488649 5.586825 6.876522 8.369944 10.074463 11.991209 14.113733 16.426882 18.905988 21.516496 24.214125 26.945639 29.650245 32.261613 34.710427 36.927364 38.846309 40.407610 41.561160 42.269062 42.507703 42.269062 41.561160 40.407610 38.846309 36.927364 34.710427 32.261613 29.650245 26.945639 24.214125 21.516496 18.905988 16.426882 14.113733 11.991209 10.074463 8.369944 6.876522 5.586825 4.488649 3.566361 2.802199 2.177417 1.673241 1.271614 0.955736 0.710415 0.522256 0.379716 0.273052 0.194199 0.136608 0.095046 0.065408 0.044521 0.029975 0.019963 0.013151 0.008570 0.005524 0.003523 0.002224 0.001390 0.000863 0.000535 0.000337 0.000227 0.000177 0.000177 
0.000123 0.000123 0.000159 0.000240 0.000386 0.000629 0.001025 0.001657 0.002654 0.004206 0.006594 0.010228 0.015693 0.023818 0.035759 0.053104 0.078004 0.113334 0.162870 0.231502 0.325458 0.452536 0.622335 0.846448 1.138614 1.514767 1.992979 2.593231 3.336998 4.246603 5.344329 6.651287 8.186050 9.963109 11.991209 14.271663 16.796778 19.548506 22.497490 25.602618 28.811221 32.059984 35.276617 38.382251 41.294475 43.930873 46.212847 48.069485 49.441223 50.283014 50.566788 50.283014 49.441223 48.069485 46.212847 43.930873 41.294475 38.382251 35.276617 32.059984 28.811221 25.602618 22.497490 19.548506 16.796778 14.271663 11.991209 9.963109 8.186050 6.651287 5.344329 4.246603 3.336998 2.593231 1.992979 1.514767 1.138614 0.846448 0.622335 0.452536 0.325458 0.231502 0.162870 0.113334 0.078004 0.053104 0.035759 0.023818 0.015693 0.010228 0.006594 0.004207 0.002655 0.001660 0.001031 0.000639 0.000403 0.000271 0.000212 0.000212 
0.000146 0.000146 0.000188 0.000284 0.000456 0.000743 0.001210 0.001957 0.003133 0.004964 0.007782 0.012069 0.018515 0.028098 0.042178 0.062627 0.091980 0.133621 0.191999 0.272871 0.383569 0.533273 0.733281 0.997236 1.341304 1.784233 2.347281 3.053951 3.929498 5.000169 6.292162 7.830289 9.636374 11.727437 14.113733 16.796778 19.767493 23.004627 26.473628 30.126128 33.900173 37.721300 41.504496 45.157023 48.581983 51.682478 54.366102 56.549492 58.162624 59.152542 59.486250 59.152542 58.162624 56.549492 54.366102 51.682478 48.581983 45.157023 41.504496 37.721300 33.900173 30.126128 26.473628 23.004627 19.767493 16.796778 14.113733 11.727437 9.636374 7.830289 6.292162 5.000169 3.929498 3.053951 2.347281 1.784233 1.341304 0.997236 0.733281 0.533273 0.383569 0.272871 0.191999 0.133621 0.091980 0.062627 0.042178 0.028098 0.018515 0.012069 0.007783 0.004965 0.003135 0.001961 0.001217 0.000755 0.000476 0.000320 0.000250 0.000250 
0.000170 0.000170 0.000220 0.000332 0.000532 0.000868 0.001413 0.002284 0.003657 0.005793 0.009081 0.014081 0.021598 0.032772 0.049187 0.073025 0.107237 0.155766 0.223792 0.318018 0.446979 0.621362 0.854316 1.161720 1.562381 2.078114 2.733647 3.556319 4.575500 5.821713 7.325413 9.115443 11.217165 13.650345 16.426882 19.548506 23.004627 26.770498 30.805909 35.054585 39.444460 43.888931 48.289133 52.537225 56.520537 60.126407 63.247396 65.786587 67.662570 68.813781 69.201861 68.813781 67.662570 65.786587 63.247396 60.126407 56.520537 52.537225 48.289133 43.888931 39.444460 35.054585 30.805909 26.770498 23.004627 19.548506 16.426882 13.650345 11.217165 9.115443 7.325413 5.821713 4.575500 3.556319 2.733647 2.078114 1.562381 1.161720 0.854316 0.621362 0.446979 0.318018 0.223792 0.155766 0.107237 0.073025 0.049187 0.032772 0.021598 0.014081 0.009081 0.005795 0.003659 0.002289 0.001421 0.000882 0.000557 0.000374 0.000292 0.000292 
0.000197 0.000197 0.000254 0.000383 0.000614 0.001002 0.001631 0.002636 0.004220 0.006684 0.010476 0.016242 0.024910 0.037791 0.056713 0.084188 0.123616 0.179536 0.257913 0.366465 0.515018 0.715873 0.984161 1.338157 1.799501 2.393292 3.147976 4.094999 5.268139 6.702496 8.433087 10.493067 12.911581 15.711338 18.905988 22.497490 26.473628 30.805909 35.448055 40.335326 45.384823 50.496938 55.557974 60.443917 65.025211 69.172311 72.761689 75.681912 77.839383 79.163322 79.609628 79.163322 77.839383 75.681912 72.761689 69.172311 65.025211 60.443917 55.557974 50.496938 45.384823 40.335326 35.448055 30.805909 26.473628 22.497490 18.905988 15.711338 12.911581 10.493067 8.433087 6.702496 5.268139 4.094999 3.147976 2.393292 1.799501 1.338157 0.984161 0.715873 0.515018 0.366465 0.257913 0.179536 0.123616 0.084188 0.056713 0.037791 0.024910 0.016242 0.010477 0.006686 0.004223 0.002642 0.001640 0.001018 0.000643 0.000432 0.000337 0.000337 
0.000225 0.000225 0.000290 0.000437 0.000701 0.001143 0.001862 0.003008 0.004814 0.007625 0.011948 0.018522 0.028403 0.043086 0.064653 0.095963 0.140890 0.204602 0.293890 0.417542 0.586742 0.815490 1.121009 1.524094 2.049367 2.725382 3.584501 4.662492 5.997772 7.630254 9.599755 11.943966 14.696013 17.881691 21.516496 25.602618 30.126128 35.054585 40.335326 45.894695 51.638395 57.453132 63.209601 68.766773 73.977325 78.693953 82.776200 86.097365 88.551030 90.056719 90.564292 90.056719 88.551030 86.097365 82.776200 78.693953 73.977325 68.766773 63.209601 57.453132 51.638395 45.894695 40.335326 35.054585 30.126128 25.602618 21.516496 17.881691 14.696013 11.943966 9.599755 7.630254 5.997772 4.662492 3.584501 2.725382 2.049367 1.524094 1.121009 0.815490 0.586742 0.417542 0.293890 0.204602 0.140890 0.095963 0.064653 0.043086 0.028404 0.018522 0.011949 0.007627 0.004817 0.003014 0.001872 0.001162 0.000734 0.000493 0.000385 0.000385 
0.000254 0.000254 0.000328 0.000494 0.000791 0.001290 0.002100 0.003393 0.005430 0.008599 0.013473 0.020883 0.032020 0.048568 0.072870 0.108148 0.158764 0.230537 0.331112 0.470380 0.660933 0.918526 1.262541 1.716376 2.307739 3.068751 4.035818 5.249172 6.752021 8.589249 10.805629 13.443531 16.540191 20.124592 24.214125 28.811221 33.900173 39.444460 45.384823 51.638395 58.099104 64.639524 71.114231 77.364626 83.225041 88.529835 93.121071 96.856288 99.615827 101.309205 101.880047 101.309205 99.615827 96.856288 93.121071 88.529835 83.225041 77.364626 71.114231 64.639524 58.099104 51.638395 45.384823 39.444460 33.900173 28.811221 24.214125 20.124592 16.540191 13.443531 10.805629 8.589249 6.752021 5.249172 4.035818 3.068751 2.307739 1.716376 1.262541 0.918526 0.660933 0.470380 0.331112 0.230537 0.158764 0.108148 0.072870 0.048568 0.032021 0.020884 0.013474 0.008601 0.005434 0.003400 0.002112 0.001311 0.000828 0.000557 0.000435 0.000435 
0.000283 0.000283 0.000366 0.000551 0.000883 0.001439 0.002342 0.003784 0.006054 0.009587 0.015019 0.023278 0.035689 0.054127 0.081203 0.120504 0.176886 0.256828 0.368841 0.523936 0.736124 1.022941 1.405956 1.911204 2.569511 3.416613 4.493010 5.843449 7.515989 9.560544 12.026896 14.962157 18.407713 22.395770 26.945639 32.059984 37.721300 43.888931 50.496938 57.453132 64.639524 71.914384 79.115980 86.067931 92.586006 98.486014 103.592332 107.746550 110.815618 112.698928 113.333795 112.698928 110.815618 107.746550 103.592332 98.486014 92.586006 86.067931 79.115980 71.914384 64.639524 57.453132 50.496938 43.888931 37.721300 32.059984 26.945639 22.395770 18.407713 14.962157 12.026896 9.560544 7.515989 5.843449 4.493010 3.416613 2.569511 1.911204 1.405956 1.022941 0.736124 0.523936 0.368841 0.256828 0.176886 0.120504 0.081203 0.054127 0.035689 0.023278 0.015021 0.009589 0.006059 0.003791 0.002355 0.001462 0.000924 0.000621 0.000485 0.000485 
0.000312 0.000312 0.000403 0.000608 0.000974 0.001587 0.002582 0.004172 0.006674 0.010567 0.016553 0.025653 0.039327 0.059639 0.089464 0.132753 0.194850 0.282888 0.406236 0.577011 0.810634 1.126405 1.548054 2.104228 2.828842 3.761210 4.945881 6.432077 8.272650 10.522495 13.236355 16.466023 20.256998 24.644670 29.650245 35.276617 41.504496 48.289133 55.557974 63.209601 71.114231 79.115980 87.036971 94.683232 101.852166 108.341220 113.957277 118.526147 121.901529 123.972795 124.671021 123.972795 121.901529 118.526147 113.957277 108.341220 101.852166 94.683232 87.036971 79.115980 71.114231 63.209601 55.557974 48.289133 41.504496 35.276617 29.650245 24.644670 20.256998 16.466023 13.236355 10.522495 8.272650 6.432077 4.945881 3.761210 2.828842 2.104228 1.548054 1.126405 0.810634 0.577011 0.406236 0.282888 0.194850 0.132753 0.089464 0.059639 0.039327 0.025654 0.016555 0.010570 0.006679 0.004180 0.002597 0.001612 0.001019 0.000685 0.000535 0.000535 
