0.000000 0.000000 0.000000 0.000000 0.000000 0.000000 0.000000 0.000000 0.000000 0.000000 0.000000 0.000000 0.000000 0.000000 0.000000 0.000000 0.000000 0.000000 0.000000 0.000000 0.000000 0.000000 0.000000 0.000000 0.000000 0.000000 0.000000 0.000000 0.000000 0.000000 0.000000 0.000000 0.000000 0.000000 0.000000 0.000000 0.000000 0.000000 0.000000 0.000000 0.000000 0.000000 0.000000 0.000000 0.000001 0.000001 0.000001 0.000001 0.000001 0.000001 0.000001 0.000001 0.000001 0.000001 0.000001 0.000001 0.000001 0.000000 0.000000 0.000000 0.000000 0.000000 0.000000 0.000000 0.000000 0.000000 0.000000 0.000000 0.000000 0.000000 0.000000 0.000000 0.000000 0.000000 0.000000 0.000000 0.000000 0.000000 0.000000 0.000000 0.000000 0.000000 0.000000 0.000000 0.000000 0.000000 0.000000 0.000000 0.000000 0.000000 0.000000 0.000000 0.000000 0.000000 0.000000 0.000000 0.000000 0.000000 0.000000 0.000000 
0.000000 0.000000 0.000000 0.000000 0.000000 0.000000 0.000000 0.000000 0.000000 0.000000 0.000000 0.000000 0.000000 0.000000 0.000000 0.000000 0.000000 0.000000 0.000000 0.000000 0.000000 0.000000 0.000000 0.000000 0.000000 0.000000 0.000000 0.000000 0.000000 0.000000 0.000000 0.000000 0.000000 0.000000 0.000000 0.000000 0.000000 0.000000 0.000000 0.000000 0.000000 0.000000 0.000000 0.000000 0.000001 0.000001 0.000001 0.000001 0.000001 0.000001 0.000001 0.000001 0.000001 0.000001 0.000001 0.000001 0.000001 0.000000 0.000000 0.000000 0.000000 0.000000 0.000000 0.000000 0.000000 0.000000 0.000000 0.000000 0.000000 0.000000 0.000000 0.000000 0.000000 0.000000 0.000000 0.000000 0.000000 0.000000 0.000000 0.000000 0.000000 0.000000 0.000000 0.000000 0.000000 0.000000 0.000000 0.000000 0.000000 0.000000 0.000000 0.000000 0.000000 0.000000 0.000000 0.000000 0.000000 0.000000 0.000000 0.000000 
0.000000 0.000000 0.000000 0.000000 0.000000 0.000000 0.000000 0.000000 0.000000 0.000000 0.000000 0.000000 0.000000 0.000000 0.000000 0.000000 0.000000 0.000000 0.000000 0.000000 0.000000 0.000000 0.000000 0.000000 0.000000 0.000000 0.000000 0.000000 0.000000 0.000000 0.000000 0.000000 0.000000 0.000000 0.000000 0.000000 0.000000 0.000000 0.000000 0.000000 0.000000 0.000001 0.000001 0.000001 0.000001 0.000001 0.000001 0.000001 0.000001 0.000001 0.000001 0.000001 0.000001 0.000001 0.000001 0.000001 0.000001 0.000001 0.000001 0.000001 0.000000 0.000000 0.000000 0.000000 0.000000 0.000000 0.000000 0.000000 0.000000 0.000000 0.000000 0.000000 0.000000 0.000000 0.000000 0.000000 0.000000 0.000000 0.000000 0.000000 0.000000 0.000000 0.000000 0.000000 0.000000 0.000000 0.000000 0.000000 0.000000 0.000000 0.000000 0.000000 0.000000 0.000000 0.000000 0.000000 0.000000 0.000000 0.000000 0.000000 
0.000000 0.000000 0.000000 0.000000 0.000000 0.000000 0.000000 0.000000 0.000000 0.000000 0.000000 0.000000 0.000000 0.000000 0.000000 0.000000 0.000000 0.000000 0.000000 0.000000 0.000000 0.000000 0.000000 0.000000 0.000000 0.000000 0.000000 0.000000 0.000000 0.000000 0.000000 0.000000 0.000000 0.000000 0.000000 0.000000 0.000000 0.000001 0.000001 0.000001 0.000001 0.000001 0.000001 0.000002 0.000002 0.000002 0.000002 0.000002 0.000002 0.000003 0.000003 0.000003 0.000002 0.000002 0.000002 0.000002 0.000002 0.000002 0.000001 0.000001 0.000001 0.000001 0.000001 0.000001 0.000000 0.000000 0.000000 0.000000 0.000000 0.000000 0.000000 0.000000 0.000000 0.000000 0.000000 0.000000 0.000000 0.000000 0.000000 0.000000 0.000000 0.000000 0.000000 0.000000 0.000000 0.000000 0.000000 0.000000 0.000000 0.000000 0.000000 0.000000 0.000000 0.000000 0.000000 0.000000 0.000000 0.000000 0.000000 0.000000 
0.000000 0.000000 0.000000 0.000000 0.000000 0.000000 0.000000 0.000000 0.000000 0.000000 0.000000 0.000000 0.000000 0.000000 0.000000 0.000000 0.000000 0.000000 0.000000 0.000000 0.000000 0.000000 0.000000 0.000000 0.000000 0.000000 0.000000 0.000000 0.000000 0.000000 0.000000 0.000000 0.000000 0.000000 0.000001 0.000001 0.000001 0.000001 0.000001 0.000002 0.000002 0.000003 0.000003 0.000003 0.000004 0.000004 0.000005 0.000005 0.000005 0.000005 0.000005 0.000005 0.000005 0.000005 0.000005 0.000004 0.000004 0.000003 0.000003 0.000003 0.000002 0.000002 0.000001 0.000001 0.000001 0.000001 0.000001 0.000000 0.000000 0.000000 0.000000 0.000000 0.000000 0.000000 0.000000 0.000000 0.000000 0.000000 0.000000 0.000000 0.000000 0.000000 0.000000 0.000000 0.000000 0.000000 0.000000 0.000000 0.000000 0.000000 0.000000 0.000000 0.000000 0.000000 0.000000 0.000000 0.000000 0.000000 0.000000 0.000000 
0.000000 0.000000 0.000000 0.000000 0.000000 0.000000 0.000000 0.000000 0.000000 0.000000 0.000000 0.000000 0.000000 0.000000 0.000000 0.000000 0.000000 0.000000 0.000000 0.000000 0.000000 0.000000 0.000000 0.000000 0.000000 0.000000 0.000000 0.000000 0.000000 0.000000 0.000000 0.000000 0.000001 0.000001 0.000001 0.000001 0.000002 0.000002 0.000003 0.000004 0.000005 0.000005 0.000006 0.000007 0.000008 0.000009 0.000010 0.000010 0.000011 0.000011 0.000011 0.000011 0.000011 0.000010 0.000010 0.000009 0.000008 0.000007 0.000006 0.000005 0.000005 0.000004 0.000003 0.000002 0.000002 0.000001 0.000001 0.000001 0.000001 0.000000 0.000000 0.000000 0.000000 0.000000 0.000000 0.000000 0.000000 0.000000 0.000000 0.000000 0.000000 0.000000 0.000000 0.000000 0.000000 0.000000 0.000000 0.000000 0.000000 0.000000 0.000000 0.000000 0.000000 0.000000 0.000000 0.000000 0.000000 0.000000 0.000000 0.000000 
0.000000 0.000000 0.000000 0.000000 0.000000 0.000000 0.000000 0.000000 0.000000 0.000000 0.000000 0.000000 0.000000 0.000000 0.000000 0.000000 0.000000 0.000000 0.000000 0.000000 0.000000 0.000000 0.000000 0.000000 0.000000 0.000000 0.000000 0.000000 0.000000 0.000000 0.000001 0.000001 0.000001 0.000002 0.000002 0.000003 0.000004 0.000005 0.000006 0.000008 0.000010 0.000011 0.000013 0.000015 0.000017 0.000019 0.000020 0.000022 0.000023 0.000023 0.000024 0.000023 0.000023 0.000022 0.000020 0.000019 0.000017 0.000015 0.000013 0.000011 0.000010 0.000008 0.000006 0.000005 0.000004 0.000003 0.000002 0.000002 0.000001 0.000001 0.000001 0.000000 0.000000 0.000000 0.000000 0.000000 0.000000 0.000000 0.000000 0.000000 0.000000 0.000000 0.000000 0.000000 0.000000 0.000000 0.000000 0.000000 0.000000 0.000000 0.000000 0.000000 0.000000 0.000000 0.000000 0.000000 0.000000 0.000000 0.000000 0.000000 
0.000000 0.000000 0.000000 0.000000 0.000000 0.000000 0.000000 0.000000 0.000000 0.000000 0.000000 0.000000 0.000000 0.000000 0.000000 0.000000 0.000000 0.000000 0.000000 0.000000 0.000000 0.000000 0.000000 0.000000 0.000000 0.000000 0.000000 0.000000 0.000001 0.000001 0.000001 0.000002 0.000003 0.000004 0.000005 0.000006 0.000008 0.000011 0.000013 0.000016 0.000020 0.000023 0.000027 0.000031 0.000035 0.000039 0.000042 0.000045 0.000047 0.000048 0.000049 0.000048 0.000047 0.000045 0.000042 0.000039 0.000035 0.000031 0.000027 0.000023 0.000020 0.000016 0.000013 0.000011 0.000008 0.000006 0.000005 0.000004 0.000003 0.000002 0.000001 0.000001 0.000001 0.000000 0.000000 0.000000 0.000000 0.000000 0.000000 0.000000 0.000000 0.000000 0.000000 0.000000 0.000000 0.000000 0.000000 0.000000 0.000000 0.000000 0.000000 0.000000 0.000000 0.000000 0.000000 0.000000 0.000000 0.000000 0.000000 0.000000 
0.000000 0.000000 0.000000 0.000000 0.000000 0.000000 0.000000 0.000000 0.000000 0.000000 0.000000 0.000000 0.000000 0.000000 0.000000 0.000000 0.000000 0.000000 0.000000 0.000000 0.000000 0.000000 0.000000 0.000000 0.000000 0.000000 0.000001 0.000001 0.000001 0.000002 0.000003 0.000004 0.000005 0.000007 0.000010 0.000013 0.000017 0.000022 0.000027 0.000033 0.000040 0.000047 0.000055 0.000063 0.000071 0.000078 0.000085 0.000090 0.000095 0.000097 0.000098 0.000097 0.000095 0.000090 0.000085 0.000078 0.000071 0.000063 0.000055 0.000047 0.000040 0.000033 0.000027 0.000022 0.000017 0.000013 0.000010 0.000007 0.000005 0.000004 0.000003 0.000002 0.000001 0.000001 0.000001 0.000000 0.000000 0.000000 0.000000 0.000000 0.000000 0.000000 0.000000 0.000000 0.000000 0.000000 0.000000 0.000000 0.000000 0.000000 0.000000 0.000000 0.000000 0.000000 0.000000 0.000000 0.000000 0.000000 0.000000 0.000000 
0.000000 0.000000 0.000000 0.000000 0.000000 0.000000 0.000000 0.000000 0.000000 0.000000 0.000000 0.000000 0.000000 0.000000 0.000000 0.000000 0.000000 0.000000 0.000000 0.000000 0.000000 0.000000 0.000000 0.000000 0.000000 0.000001 0.000001 0.000002 0.000003 0.000004 0.000005 0.000008 0.000011 0.000015 0.000020 0.000026 0.000034 0.000043 0.000054 0.000066 0.000080 0.000094 0.000110 0.000126 0.000141 0.000156 0.000169 0.000180 0.000188 0.000193 0.000195 0.000193 0.000188 0.000180 0.000169 0.000156 0.000141 0.000126 0.000110 0.000094 0.000080 0.000066 0.000054 0.000043 0.000034 0.000026 0.000020 0.000015 0.000011 0.000008 0.000005 0.000004 0.000003 0.000002 0.000001 0.000001 0.000000 0.000000 0.000000 0.000000 0.000000 0.000000 0.000000 0.000000 0.000000 0.000000 0.000000 0.000000 0.000000 0.000000 0.000000 0.000000 0.000000 0.000000 0.000000 0.000000 0.000000 0.000000 0.000000 0.000000 
0.000000 0.000000 0.000000 0.000000 0.000000 0.000000 0.000000 0.000000 0.000000 0.000000 0.000000 0.000000 0.000000 0.000000 0.000000 0.000000 0.000000 0.000000 0.000000 0.000000 0.000000 0.000000 0.000000 0.000001 0.000001 0.000001 0.000002 0.000003 0.000005 0.000008 0.000011 0.000015 0.000021 0.000029 0.000039 0.000051 0.000066 0.000085 0.000106 0.000130 0.000156 0.000185 0.000216 0.000247 0.000277 0.000306 0.000331 0.000353 0.000369 0.000379 0.000382 0.000379 0.000369 0.000353 0.000331 0.000306 0.000277 0.000247 0.000216 0.000185 0.000156 0.000130 0.000106 0.000085 0.000066 0.000051 0.000039 0.000029 0.000021 0.000015 0.000011 0.000008 0.000005 0.000003 0.000002 0.000001 0.000001 0.000001 0.000000 0.000000 0.000000 0.000000 0.000000 0.000000 0.000000 0.000000 0.000000 0.000000 0.000000 0.000000 0.000000 0.000000 0.000000 0.000000 0.000000 0.000000 0.000000 0.000000 0.000000 0.000000 
0.000000 0.000000 0.000000 0.000000 0.000000 0.000000 0.000000 0.000000 0.000000 0.000000 0.000000 0.000000 0.000000 0.000000 0.000000 0.000000 0.000000 0.000000 0.000000 0.000000 0.000000 0.000000 0.000001 0.000001 0.000002 0.000003 0.000004 0.000007 0.000010 0.000015 0.000021 0.000030 0.000041 0.000056 0.000076 0.000099 0.000129 0.000164 0.000204 0.000251 0.000302 0.000358 0.000417 0.000476 0.000535 0.000590 0.000639 0.000680 0.000711 0.000730 0.000737 0.000730 0.000711 0.000680 0.000639 0.000590 0.000535 0.000476 0.000417 0.000358 0.000302 0.000251 0.000204 0.000164 0.000129 0.000099 0.000076 0.000056 0.000041 0.000030 0.000021 0.000015 0.000010 0.000007 0.000004 0.000003 0.000002 0.000001 0.000001 0.000000 0.000000 0.000000 0.000000 0.000000 0.000000 0.000000 0.000000 0.000000 0.000000 0.000000 0.000000 0.000000 0.000000 0.000000 0.000000 0.000000 0.000000 0.000000 0.000000 0.000000 
0.000000 0.000000 0.000000 0.000000 0.000000 0.000000 0.000000 0.000000 0.000000 0.000000 0.000000 0.000000 0.000000 0.000000 0.000000 0.000000 0.000000 0.000000 0.000000 0.000000 0.000000 0.000001 0.000001 0.000002 0.000004 0.000006 0.000009 0.000013 0.000019 0.000028 0.000040 0.000057 0.000079 0.000108 0.000144 0.000190 0.000245 0.000311 0.000389 0.000477 0.000575 0.000680 0.000791 0.000904 0.001015 0.001120 0.001213 0.001291 0.001350 0.001386 0.001399 0.001386 0.001350 0.001291 0.001213 0.001120 0.001015 0.000904 0.000791 0.000680 0.000575 0.000477 0.000389 0.000311 0.000245 0.000190 0.000144 0.000108 0.000079 0.000057 0.000040 0.000028 0.000019 0.000013 0.000009 0.000006 0.000004 0.000002 0.000001 0.000001 0.000000 0.000000 0.000000 0.000000 0.000000 0.000000 0.000000 0.000000 0.000000 0.000000 0.000000 0.000000 0.000000 0.000000 0.000000 0.000000 0.000000 0.000000 0.000000 0.000000 
0.000000 0.000000 0.000000 0.000000 0.000000 0.000000 0.000000 0.000000 0.000000 0.000000 0.000000 0.000000 0.000000 0.000000 0.000000 0.000000 0.000000 0.000000 0.000000 0.000001 0.000001 0.000002 0.000003 0.000004 0.000007 0.000010 0.000016 0.000024 0.000036 0.000053 0.000076 0.000107 0.000148 0.000202 0.000270 0.000356 0.000460 0.000584 0.000728 0.000893 0.001076 0.001273 0.001480 0.001691 0.001898 0.002093 0.002267 0.002412 0.002522 0.002590 0.002613 0.002590 0.002522 0.002412 0.002267 0.002093 0.001898 0.001691 0.001480 0.001273 0.001076 0.000893 0.000728 0.000584 0.000460 0.000356 0.000270 0.000202 0.000148 0.000107 0.000076 0.000053 0.000036 0.000024 0.000016 0.000010 0.000007 0.000004 0.000003 0.000002 0.000001 0.000001 0.000000 0.000000 0.000000 0.000000 0.000000 0.000000 0.000000 0.000000 0.000000 0.000000 0.000000 0.000000 0.000000 0.000000 0.000000 0.000000 0.000000 0.000000 
0.000000 0.000000 0.000000 0.000000 0.000000 0.000000 0.000000 0.000000 0.000000 0.000000 0.000000 0.000000 0.000000 0.000000 0.000000 0.000000 0.000000 0.000000 0.000001 0.000001 0.000002 0.000003 0.000005 0.000008 0.000012 0.000019 0.000030 0.000045 0.000067 0.000098 0.000140 0.000198 0.000274 0.000373 0.000499 0.000656 0.000848 0.001076 0.001343 0.001645 0.001981 0.002344 0.002725 0.003112 0.003492 0.003849 0.004169 0.004436 0.004637 0.004762 0.004805 0.004762 0.004637 0.004436 0.004169 0.003849 0.003492 0.003112 0.002725 0.002344 0.001981 0.001645 0.001343 0.001076 0.000848 0.000656 0.000499 0.000373 0.000274 0.000198 0.000140 0.000098 0.000067 0.000045 0.000030 0.000019 0.000012 0.000008 0.000005 0.000003 0.000002 0.000001 0.000001 0.000000 0.000000 0.000000 0.000000 0.000000 0.000000 0.000000 0.000000 0.000000 0.000000 0.000000 0.000000 0.000000 0.000000 0.000000 0.000000 0.000000 
0.000000 0.000000 0.000000 0.000000 0.000000 0.000000 0.000000 0.000000 0.000000 0.000000 0.000000 0.000000 0.000000 0.000000 0.000000 0.000000 0.000000 0.000001 0.000001 0.000002 0.000003 0.000005 0.000009 0.000014 0.000023 0.000036 0.000055 0.000083 0.000122 0.000179 0.000256 0.000360 0.000499 0.000679 0.000907 0.001192 0.001539 0.001953 0.002435 0.002983 0.003591 0.004248 0.004936 0.005636 0.006322 0.006969 0.007546 0.008028 0.008391 0.008617 0.008694 0.008617 0.008391 0.008028 0.007546 0.006969 0.006322 0.005636 0.004936 0.004248 0.003591 0.002983 0.002435 0.001953 0.001539 0.001192 0.000907 0.000679 0.000499 0.000360 0.000256 0.000179 0.000122 0.000083 0.000055 0.000036 0.000023 0.000014 0.000009 0.000005 0.000003 0.000002 0.000001 0.000001 0.000000 0.000000 0.000000 0.000000 0.000000 0.000000 0.000000 0.000000 0.000000 0.000000 0.000000 0.000000 0.000000 0.000000 0.000000 0.000000 
0.000000 0.000000 0.000000 0.000000 0.000000 0.000000 0.000000 0.000000 0.000000 0.000000 0.000000 0.000000 0.000000 0.000000 0.000000 0.000000 0.000001 0.000001 0.000002 0.000003 0.000006 0.000010 0.000016 0.000026 0.000041 0.000064 0.000098 0.000148 0.000220 0.000320 0.000459 0.000646 0.000893 0.001214 0.001623 0.002131 0.002750 0.003488 0.004347 0.005323 0.006406 0.007574 0.008799 0.010044 0.011265 0.012414 0.013441 0.014298 0.014943 0.015345 0.015481 0.015345 0.014943 0.014298 0.013441 0.012414 0.011265 0.010044 0.008799 0.007574 0.006406 0.005323 0.004347 0.003488 0.002750 0.002131 0.001623 0.001214 0.000893 0.000646 0.000459 0.000320 0.000220 0.000148 0.000098 0.000064 0.000041 0.000026 0.000016 0.000010 0.000006 0.000003 0.000002 0.000001 0.000001 0.000000 0.000000 0.000000 0.000000 0.000000 0.000000 0.000000 0.000000 0.000000 0.000000 0.000000 0.000000 0.000000 0.000000 0.000000 
0.000000 0.000000 0.000000 0.000000 0.000000 0.000000 0.000000 0.000000 0.000000 0.000000 0.000000 0.000000 0.000000 0.000000 0.000000 0.000001 0.000001 0.000002 0.000004 0.000006 0.000010 0.000017 0.000028 0.000046 0.000073 0.000113 0.000174 0.000262 0.000388 0.000565 0.000809 0.001138 0.001573 0.002138 0.002856 0.003748 0.004835 0.006129 0.007635 0.009347 0.011243 0.013289 0.015435 0.017615 0.019752 0.021762 0.023559 0.025058 0.026187 0.026889 0.027127 0.026889 0.026187 0.025058 0.023559 0.021762 0.019752 0.017615 0.015435 0.013289 0.011243 0.009347 0.007635 0.006129 0.004835 0.003748 0.002856 0.002138 0.001573 0.001138 0.000809 0.000565 0.000388 0.000262 0.000174 0.000113 0.000073 0.000046 0.000028 0.000017 0.000010 0.000006 0.000004 0.000002 0.000001 0.000001 0.000000 0.000000 0.000000 0.000000 0.000000 0.000000 0.000000 0.000000 0.000000 0.000000 0.000000 0.000000 0.000000 0.000000 
0.000000 0.000000 0.000000 0.000000 0.000000 0.000000 0.000000 0.000000 0.000000 0.000000 0.000000 0.000000 0.000000 0.000000 0.000001 0.000001 0.000002 0.000004 0.000006 0.000011 0.000018 0.000030 0.000050 0.000080 0.000127 0.000198 0.000303 0.000456 0.000674 0.000981 0.001404 0.001973 0.002727 0.003703 0.004944 0.006486 0.008363 0.010596 0.013195 0.016147 0.019417 0.022944 0.026641 0.030396 0.034077 0.037539 0.040631 0.043213 0.045156 0.046365 0.046774 0.046365 0.045156 0.043213 0.040631 0.037539 0.034077 0.030396 0.026641 0.022944 0.019417 0.016147 0.013195 0.010596 0.008363 0.006486 0.004944 0.003703 0.002727 0.001973 0.001404 0.000981 0.000674 0.000456 0.000303 0.000198 0.000127 0.000080 0.000050 0.000030 0.000018 0.000011 0.000006 0.000004 0.000002 0.000001 0.000001 0.000000 0.000000 0.000000 0.000000 0.000000 0.000000 0.000000 0.000000 0.000000 0.000000 0.000000 0.000000 0.000000 
0.000000 0.000000 0.000000 0.000000 0.000000 0.000000 0.000000 0.000000 0.000000 0.000000 0.000000 0.000000 0.000000 0.000001 0.000001 0.000002 0.000003 0.000006 0.000011 0.000018 0.000031 0.000052 0.000085 0.000137 0.000217 0.000339 0.000518 0.000779 0.001153 0.001676 0.002396 0.003366 0.004649 0.006311 0.008420 0.011042 0.014231 0.018025 0.022436 0.027446 0.032993 0.038975 0.045243 0.051608 0.057846 0.063712 0.068952 0.073324 0.076617 0.078663 0.079357 0.078663 0.076617 0.073324 0.068952 0.063712 0.057846 0.051608 0.045243 0.038975 0.032993 0.027446 0.022436 0.018025 0.014231 0.011042 0.008420 0.006311 0.004649 0.003366 0.002396 0.001676 0.001153 0.000779 0.000518 0.000339 0.000217 0.000137 0.000085 0.000052 0.000031 0.000018 0.000011 0.000006 0.000003 0.000002 0.000001 0.000001 0.000000 0.000000 0.000000 0.000000 0.000000 0.000000 0.000000 0.000000 0.000000 0.000000 0.000000 0.000000 
0.000000 0.000000 0.000000 0.000000 0.000000 0.000000 0.000000 0.000000 0.000000 0.000000 0.000000 0.000000 0.000000 0.000001 0.000002 0.000003 0.000006 0.000010 0.000018 0.000031 0.000053 0.000088 0.000144 0.000232 0.000367 0.000570 0.000872 0.001311 0.001938 0.002816 0.004023 0.005650 0.007798 0.010580 0.014110 0.018494 0.023824 0.030164 0.037533 0.045897 0.055157 0.065138 0.075595 0.086211 0.096613 0.106392 0.115127 0.122415 0.127902 0.131311 0.132468 0.131311 0.127902 0.122415 0.115127 0.106392 0.096613 0.086211 0.075595 0.065138 0.055157 0.045897 0.037533 0.030164 0.023824 0.018494 0.014110 0.010580 0.007798 0.005650 0.004023 0.002816 0.001938 0.001311 0.000872 0.000570 0.000367 0.000232 0.000144 0.000088 0.000053 0.000031 0.000018 0.000010 0.000006 0.000003 0.000002 0.000001 0.000000 0.000000 0.000000 0.000000 0.000000 0.000000 0.000000 0.000000 0.000000 0.000000 0.000000 0.000000 
0.000000 0.000000 0.000000 0.000000 0.000000 0.000000 0.000000 0.000000 0.000000 0.000000 0.000000 0.000000 0.000001 0.000002 0.000003 0.000005 0.000010 0.000017 0.000030 0.000052 0.000088 0.000146 0.000239 0.000385 0.000608 0.000945 0.001444 0.002170 0.003205 0.004655 0.006646 0.009327 0.012867 0.017449 0.023258 0.030472 0.039238 0.049660 0.061770 0.075510 0.090716 0.107103 0.124266 0.141687 0.158753 0.174794 0.189119 0.201070 0.210068 0.215658 0.217555 0.215658 0.210068 0.201070 0.189119 0.174794 0.158753 0.141687 0.124266 0.107103 0.090716 0.075510 0.061770 0.049660 0.039238 0.030472 0.023258 0.017449 0.012867 0.009327 0.006646 0.004655 0.003205 0.002170 0.001444 0.000945 0.000608 0.000385 0.000239 0.000146 0.000088 0.000052 0.000030 0.000017 0.000010 0.000005 0.000003 0.000002 0.000001 0.000000 0.000000 0.000000 0.000000 0.000000 0.000000 0.000000 0.000000 0.000000 0.000000 0.000000 
0.000000 0.000000 0.000000 0.000000 0.000000 0.000000 0.000000 0.000000 0.000000 0.000000 0.000000 0.000001 0.000001 0.000003 0.000005 0.000009 0.000016 0.000028 0.000050 0.000085 0.000144 0.000239 0.000391 0.000628 0.000992 0.001540 0.002352 0.003532 0.005214 0.007567 0.010797 0.015145 0.020884 0.028306 0.037713 0.049388 0.063572 0.080426 0.100004 0.122210 0.146777 0.173245 0.200960 0.229084 0.256630 0.282517 0.305633 0.324915 0.339431 0.348450 0.351509 0.348450 0.339431 0.324915 0.305633 0.282517 0.256630 0.229084 0.200960 0.173245 0.146777 0.122210 0.100004 0.080426 0.063572 0.049388 0.037713 0.028306 0.020884 0.015145 0.010797 0.007567 0.005214 0.003532 0.002352 0.001540 0.000992 0.000628 0.000391 0.000239 0.000144 0.000085 0.000050 0.000028 0.000016 0.000009 0.000005 0.000003 0.000001 0.000001 0.000000 0.000000 0.000000 0.000000 0.000000 0.000000 0.000000 0.000000 0.000000 0.000000 
0.000000 0.000000 0.000000 0.000000 0.000000 0.000000 0.000000 0.000000 0.000000 0.000000 0.000001 0.000001 0.000002 0.000004 0.000008 0.000014 0.000026 0.000046 0.000080 0.000137 0.000232 0.000385 0.000628 0.001008 0.001591 0.002469 0.003768 0.005654 0.008341 0.012100 0.017255 0.024191 0.033340 0.045168 0.060152 0.078741 0.101314 0.128129 0.159264 0.194569 0.233616 0.275673 0.319700 0.364367 0.408110 0.449210 0.485906 0.516512 0.539550 0.553864 0.558720 0.553864 0.539550 0.516512 0.485906 0.449210 0.408110 0.364367 0.319700 0.275673 0.233616 0.194569 0.159264 0.128129 0.101314 0.078741 0.060152 0.045168 0.033340 0.024191 0.017255 0.012100 0.008341 0.005654 0.003768 0.002469 0.001591 0.001008 0.000628 0.000385 0.000232 0.000137 0.000080 0.000046 0.000026 0.000014 0.000008 0.000004 0.000002 0.000001 0.000001 0.000000 0.000000 0.000000 0.000000 0.000000 0.000000 0.000000 0.000000 0.000000 
0.000000 0.000000 0.000000 0.000000 0.000000 0.000000 0.000000 0.000000 0.000000 0.000000 0.000001 0.000002 0.000004 0.000007 0.000012 0.000023 0.000041 0.000073 0.000127 0.000217 0.000367 0.000608 0.000992 0.001591 0.002509 0.003891 0.005935 0.008901 0.013125 0.019028 0.027120 0.038002 0.052350 0.070891 0.094367 0.123481 0.158820 0.200784 0.249494 0.304709 0.365759 0.431500 0.500302 0.570091 0.638422 0.702616 0.759923 0.807716 0.843687 0.866036 0.873617 0.866036 0.843687 0.807716 0.759923 0.702616 0.638422 0.570091 0.500302 0.431500 0.365759 0.304709 0.249494 0.200784 0.158820 0.123481 0.094367 0.070891 0.052350 0.038002 0.027120 0.019028 0.013125 0.008901 0.005935 0.003891 0.002509 0.001591 0.000992 0.000608 0.000367 0.000217 0.000127 0.000073 0.000041 0.000023 0.000012 0.000007 0.000004 0.000002 0.000001 0.000000 0.000000 0.000000 0.000000 0.000000 0.000000 0.000000 0.000000 0.000000 
0.000000 0.000000 0.000000 0.000000 0.000000 0.000000 0.000000 0.000000 0.000000 0.000001 0.000001 0.000003 0.000006 0.000010 0.000019 0.000036 0.000064 0.000113 0.000198 0.000339 0.000570 0.000945 0.001540 0.002469 0.003891 0.006032 0.009195 0.013781 0.020309 0.029428 0.041922 0.058715 0.080845 0.109430 0.145610 0.190459 0.244878 0.309476 0.384434 0.469377 0.563272 0.664354 0.770122 0.877383 0.982385 1.081016 1.169054 1.242468 1.297719 1.332046 1.343689 1.332046 1.297719 1.242468 1.169054 1.081016 0.982385 0.877383 0.770122 0.664354 0.563272 0.469377 0.384434 0.309476 0.244878 0.190459 0.145610 0.109430 0.080845 0.058715 0.041922 0.029428 0.020309 0.013781 0.009195 0.006032 0.003891 0.002469 0.001540 0.000945 0.000570 0.000339 0.000198 0.000113 0.000064 0.000036 0.000019 0.000010 0.000006 0.000003 0.000001 0.000001 0.000000 0.000000 0.000000 0.000000 0.000000 0.000000 0.000000 0.000000 
0.000000 0.000000 0.000000 0.000000 0.000000 0.000000 0.000000 0.000000 0.000001 0.000001 0.000002 0.000004 0.000009 0.000016 0.000030 0.000055 0.000098 0.000174 0.000303 0.000518 0.000872 0.001444 0.002352 0.003768 0.005935 0.009195 0.014007 0.020982 0.030905 0.044757 0.063730 0.089216 0.122788 0.166134 0.220974 0.288927 0.371352 0.469161 0.582621 0.711158 0.853201 1.006083 1.166016 1.328175 1.486894 1.635959 1.768999 1.879929 1.963409 2.015270 2.032861 2.015270 1.963409 1.879929 1.768999 1.635959 1.486894 1.328175 1.166016 1.006083 0.853201 0.711158 0.582621 0.469161 0.371352 0.288927 0.220974 0.166134 0.122788 0.089216 0.063730 0.044757 0.030905 0.020982 0.014007 0.009195 0.005935 0.003768 0.002352 0.001444 0.000872 0.000518 0.000303 0.000174 0.000098 0.000055 0.000030 0.000016 0.000009 0.000004 0.000002 0.000001 0.000001 0.000000 0.000000 0.000000 0.000000 0.000000 0.000000 0.000000 
0.000000 0.000000 0.000000 0.000000 0.000000 0.000000 0.000000 0.000000 0.000001 0.000002 0.000003 0.000007 0.000013 0.000024 0.000045 0.000083 0.000148 0.000262 0.000456 0.000779 0.001311 0.002170 0.003532 0.005654 0.008901 0.013781 0.020982 0.031414 0.046246 0.066942 0.095273 0.133315 0.183402 0.248046 0.329799 0.431063 0.553852 0.699512 0.868427 1.059735 1.271093 1.498526 1.736397 1.977536 2.213520 2.435120 2.632875 2.797749 2.921816 2.998888 3.025029 2.998888 2.921816 2.797749 2.632875 2.435120 2.213520 1.977536 1.736397 1.498526 1.271093 1.059735 0.868427 0.699512 0.553852 0.431063 0.329799 0.248046 0.183402 0.133315 0.095273 0.066942 0.046246 0.031414 0.020982 0.013781 0.008901 0.005654 0.003532 0.002170 0.001311 0.000779 0.000456 0.000262 0.000148 0.000083 0.000045 0.000024 0.000013 0.000007 0.000003 0.000002 0.000001 0.000000 0.000000 0.000000 0.000000 0.000000 0.000000 0.000000 
0.000000 0.000000 0.000000 0.000000 0.000000 0.000000 0.000000 0.000001 0.000001 0.000003 0.000005 0.000010 0.000019 0.000036 0.000067 0.000122 0.000220 0.000388 0.000674 0.001153 0.001938 0.003205 0.005214 0.008341 0.013125 0.020309 0.030905 0.046246 0.068048 0.098454 0.140059 0.195899 0.269389 0.364201 0.484061 0.632474 0.812374 1.025717 1.273049 1.553097 1.862420 2.195193 2.543170 2.895865 3.240967 3.564991 3.854116 4.095147 4.276509 4.389169 4.427379 4.389169 4.276509 4.095147 3.854116 3.564991 3.240967 2.895865 2.543170 2.195193 1.862420 1.553097 1.273049 1.025717 0.812374 0.632474 0.484061 0.364201 0.269389 0.195899 0.140059 0.098454 0.068048 0.046246 0.030905 0.020309 0.013125 0.008341 0.005214 0.003205 0.001938 0.001153 0.000674 0.000388 0.000220 0.000122 0.000067 0.000036 0.000019 0.000010 0.000005 0.000003 0.000001 0.000001 0.000000 0.000000 0.000000 0.000000 0.000000 0.000000 
0.000000 0.000000 0.000000 0.000000 0.000000 0.000000 0.000000 0.000001 0.000002 0.000004 0.000008 0.000015 0.000028 0.000053 0.000098 0.000179 0.000320 0.000565 0.000981 0.001676 0.002816 0.004655 0.007567 0.012100 0.019028 0.029428 0.044757 0.066942 0.098454 0.142382 0.202462 0.283066 0.389105 0.525857 0.698675 0.912589 1.171804 1.479116 1.835291 2.238476 2.683703 3.162583 3.663247 4.170612 4.666981 5.132973 5.548731 5.895301 6.156059 6.318032 6.372966 6.318032 6.156059 5.895301 5.548731 5.132973 4.666981 4.170612 3.663247 3.162583 2.683703 2.238476 1.835291 1.479116 1.171804 0.912589 0.698675 0.525857 0.389105 0.283066 0.202462 0.142382 0.098454 0.066942 0.044757 0.029428 0.019028 0.012100 0.007567 0.004655 0.002816 0.001676 0.000981 0.000565 0.000320 0.000179 0.000098 0.000053 0.000028 0.000015 0.000008 0.000004 0.000002 0.000001 0.000000 0.000000 0.000000 0.000000 0.000000 0.000000 
0.000000 0.000000 0.000000 0.000000 0.000000 0.000000 0.000001 0.000001 0.000003 0.000005 0.000011 0.000021 0.000040 0.000076 0.000140 0.000256 0.000459 0.000809 0.001404 0.002396 0.004023 0.006646 0.010797 0.017255 0.027120 0.041922 0.063730 0.095273 0.140059 0.202462 0.287777 0.402188 0.552645 0.746611 0.991647 1.294856 1.662165 2.097503 2.601929 3.172793 3.803044 4.480795 5.189248 5.907068 6.609229 7.268340 7.856338 8.346446 8.715179 8.944211 9.021888 8.944211 8.715179 8.346446 7.856338 7.268340 6.609229 5.907068 5.189248 4.480795 3.803044 3.172793 2.601929 2.097503 1.662165 1.294856 0.991647 0.746611 0.552645 0.402188 0.287777 0.202462 0.140059 0.095273 0.063730 0.041922 0.027120 0.017255 0.010797 0.006646 0.004023 0.002396 0.001404 0.000809 0.000459 0.000256 0.000140 0.000076 0.000040 0.000021 0.000011 0.000005 0.000003 0.000001 0.000001 0.000000 0.000000 0.000000 0.000000 0.000000 
0.000000 0.000000 0.000000 0.000000 0.000000 0.000000 0.000001 0.000002 0.000004 0.000008 0.000015 0.000030 0.000057 0.000107 0.000198 0.000360 0.000646 0.001138 0.001973 0.003366 0.005650 0.009327 0.015145 0.024191 0.038002 0.058715 0.089216 0.133315 0.195899 0.283066 0.402188 0.561875 0.771797 1.042329 1.383981 1.806612 2.318443 2.924907 3.627441 4.422321 5.299707 6.243037 7.228929 8.227701 9.204554 10.121407 10.939262 11.620907 12.133712 12.452221 12.560242 12.452221 12.133712 11.620907 10.939262 10.121407 9.204554 8.227701 7.228929 6.243037 5.299707 4.422321 3.627441 2.924907 2.318443 1.806612 1.383981 1.042329 0.771797 0.561875 0.402188 0.283066 0.195899 0.133315 0.089216 0.058715 0.038002 0.024191 0.015145 0.009327 0.005650 0.003366 0.001973 0.001138 0.000646 0.000360 0.000198 0.000107 0.000057 0.000030 0.000015 0.000008 0.000004 0.000002 0.000001 0.000000 0.000000 0.000000 0.000000 0.000000 
0.000000 0.000000 0.000000 0.000000 0.000000 0.000001 0.000001 0.000003 0.000005 0.000011 0.000021 0.000041 0.000079 0.000148 0.000274 0.000499 0.000893 0.001573 0.002727 0.004649 0.007798 0.012867 0.020884 0.033340 0.052350 0.080845 0.122788 0.183402 0.269389 0.389105 0.552645 0.771797 1.059792 1.430816 1.899233 2.478508 3.179851 4.010653 4.972834 6.061253 7.262404 8.553597 9.902825 11.269477 12.605967 13.860230 14.978959 15.911300 16.612668 17.048278 17.196011 17.048278 16.612668 15.911300 14.978959 13.860230 12.605967 11.269477 9.902825 8.553597 7.262404 6.061253 4.972834 4.010653 3.179851 2.478508 1.899233 1.430816 1.059792 0.771797 0.552645 0.389105 0.269389 0.183402 0.122788 0.080845 0.052350 0.033340 0.020884 0.012867 0.007798 0.004649 0.002727 0.001573 0.000893 0.000499 0.000274 0.000148 0.000079 0.000041 0.000021 0.000011 0.000005 0.000003 0.000001 0.000001 0.000000 0.000000 0.000000 0.000000 
0.000000 0.000000 0.000000 0.000000 0.000000 0.000001 0.000002 0.000004 0.000007 0.000015 0.000029 0.000056 0.000108 0.000202 0.000373 0.000679 0.001214 0.002138 0.003703 0.006311 0.010580 0.017449 0.028306 0.045168 0.070891 0.109430 0.166134 0.248046 0.364201 0.525857 0.746611 1.042329 1.430816 1.931149 2.562634 3.343353 4.288344 5.407500 6.703340 8.168891 9.785926 11.523877 13.339661 15.178639 16.976812 18.664176 20.169075 21.423161 22.366517 22.952403 23.151097 22.952403 22.366517 21.423161 20.169075 18.664176 16.976812 15.178639 13.339661 11.523877 9.785926 8.168891 6.703340 5.407500 4.288344 3.343353 2.562634 1.931149 1.430816 1.042329 0.746611 0.525857 0.364201 0.248046 0.166134 0.109430 0.070891 0.045168 0.028306 0.017449 0.010580 0.006311 0.003703 0.002138 0.001214 0.000679 0.000373 0.000202 0.000108 0.000056 0.000029 0.000015 0.000007 0.000004 0.000002 0.000001 0.000000 0.000000 0.000000 0.000000 
0.000000 0.000000 0.000000 0.000000 0.000001 0.000001 0.000002 0.000005 0.000010 0.000020 0.000039 0.000076 0.000144 0.000270 0.000499 0.000907 0.001623 0.002856 0.004944 0.008420 0.014110 0.023258 0.037713 0.060152 0.094367 0.145610 0.220974 0.329799 0.484061 0.698675 0.991647 1.383981 1.899233 2.562634 3.399700 4.434313 5.686315 7.168725 8.884804 10.825249 12.965882 15.266206 17.669193 20.102559 22.481655 24.713926 26.704645 28.363472 29.611224 30.386134 30.648928 30.386134 29.611224 28.363472 26.704645 24.713926 22.481655 20.102559 17.669193 15.266206 12.965882 10.825249 8.884804 7.168725 5.686315 4.434313 3.399700 2.562634 1.899233 1.383981 0.991647 0.698675 0.484061 0.329799 0.220974 0.145610 0.094367 0.060152 0.037713 0.023258 0.014110 0.008420 0.004944 0.002856 0.001623 0.000907 0.000499 0.000270 0.000144 0.000076 0.000039 0.000020 0.000010 0.000005 0.000002 0.000001 0.000001 0.000000 0.000000 0.000000 
0.000000 0.000000 0.000000 0.000000 0.000001 0.000001 0.000003 0.000006 0.000013 0.000026 0.000051 0.000099 0.000190 0.000356 0.000656 0.001192 0.002131 0.003748 0.006486 0.011042 0.018494 0.030472 0.049388 0.078741 0.123481 0.190459 0.288927 0.431063 0.632474 0.912589 1.294856 1.806612 2.478508 3.343353 4.434313 5.782409 7.413387 9.344103 11.578706 14.105004 16.891457 19.885320 23.012365 26.178552 29.273792 32.177742 34.767257 36.924918 38.547811 39.555670 39.897459 39.555670 38.547811 36.924918 34.767257 32.177742 29.273792 26.178552 23.012365 19.885320 16.891457 14.105004 11.578706 9.344103 7.413387 5.782409 4.434313 3.343353 2.478508 1.806612 1.294856 0.912589 0.632474 0.431063 0.288927 0.190459 0.123481 0.078741 0.049388 0.030472 0.018494 0.011042 0.006486 0.003748 0.002131 0.001192 0.000656 0.000356 0.000190 0.000099 0.000051 0.000026 0.000013 0.000006 0.000003 0.000001 0.000001 0.000000 0.000000 0.000000 
0.000000 0.000000 0.000000 0.000000 0.000001 0.000002 0.000004 0.000008 0.000017 0.000034 0.000066 0.000129 0.000245 0.000460 0.000848 0.001539 0.002750 0.004835 0.008363 0.014231 0.023824 0.039238 0.063572 0.101314 0.158820 0.244878 0.371352 0.553852 0.812374 1.171804 1.662165 2.318443 3.179851 4.288344 5.686315 7.413387 9.502415 11.974863 14.835931 18.069910 21.636357 25.467720 29.469003 33.519902 37.479631 41.194322 44.506553 47.266242 49.341864 50.630841 51.067958 50.630841 49.341864 47.266242 44.506553 41.194322 37.479631 33.519902 29.469003 25.467720 21.636357 18.069910 14.835931 11.974863 9.502415 7.413387 5.686315 4.288344 3.179851 2.318443 1.662165 1.171804 0.812374 0.553852 0.371352 0.244878 0.158820 0.101314 0.063572 0.039238 0.023824 0.014231 0.008363 0.004835 0.002750 0.001539 0.000848 0.000460 0.000245 0.000129 0.000066 0.000034 0.000017 0.000008 0.000004 0.000002 0.000001 0.000000 0.000000 0.000000 
0.000000 0.000000 0.000000 0.000001 0.000001 0.000002 0.000005 0.000011 0.000022 0.000043 0.000085 0.000164 0.000311 0.000584 0.001076 0.001953 0.003488 0.006129 0.010596 0.018025 0.030164 0.049660 0.080426 0.128129 0.200784 0.309476 0.469161 0.699512 1.025717 1.479116 2.097503 2.924907 4.010653 5.407500 7.168725 9.344103 11.974863 15.087889 18.689595 22.760091 27.248391 32.069436 37.103684 42.199809 47.180772 51.853122 56.018977 59.489703 62.100006 63.720980 64.270676 63.720980 62.100006 59.489703 56.018977 51.853122 47.180772 42.199809 37.103684 32.069436 27.248391 22.760091 18.689595 15.087889 11.974863 9.344103 7.168725 5.407500 4.010653 2.924907 2.097503 1.479116 1.025717 0.699512 0.469161 0.309476 0.200784 0.128129 0.080426 0.049660 0.030164 0.018025 0.010596 0.006129 0.003488 0.001953 0.001076 0.000584 0.000311 0.000164 0.000085 0.000043 0.000022 0.000011 0.000005 0.000002 0.000001 0.000001 0.000000 0.000000 
0.000000 0.000000 0.000000 0.000001 0.000001 0.000003 0.000006 0.000013 0.000027 0.000054 0.000106 0.000204 0.000389 0.000728 0.001343 0.002435 0.004347 0.007635 0.013195 0.022436 0.037533 0.061770 0.100004 0.159264 0.249494 0.384434 0.582621 0.868427 1.273049 1.835291 2.601929 3.627441 4.972834 6.703340 8.884804 11.578706 14.835931 18.689595 23.147483 28.184851 33.738505 39.703142 45.930859 52.234494 58.395143 64.173655 69.325440 73.617366 76.845166 78.849550 79.529257 78.849550 76.845166 73.617366 69.325440 64.173655 58.395143 52.234494 45.930859 39.703142 33.738505 28.184851 23.147483 18.689595 14.835931 11.578706 8.884804 6.703340 4.972834 3.627441 2.601929 1.835291 1.273049 0.868427 0.582621 0.384434 0.249494 0.159264 0.100004 0.061770 0.037533 0.022436 0.013195 0.007635 0.004347 0.002435 0.001343 0.000728 0.000389 0.000204 0.000106 0.000054 0.000027 0.000013 0.000006 0.000003 0.000001 0.000001 0.000000 0.000000 
0.000000 0.000000 0.000000 0.000001 0.000002 0.000004 0.000008 0.000016 0.000033 0.000066 0.000130 0.000251 0.000477 0.000893 0.001645 0.002983 0.005323 0.009347 0.016147 0.027446 0.045897 0.075510 0.122210 0.194569 0.304709 0.469377 0.711158 1.059735 1.553097 2.238476 3.172793 4.422321 6.061253 8.168891 10.825249 14.105004 18.069910 22.760091 28.184851 34.313933 41.070341 48.325908 55.900712 63.567153 71.059094 78.085835 84.350110 89.568605 93.493109 95.930073 96.756463 95.930073 93.493109 89.568605 84.350110 78.085835 71.059094 63.567153 55.900712 48.325908 41.070341 34.313933 28.184851 22.760091 18.069910 14.105004 10.825249 8.168891 6.061253 4.422321 3.172793 2.238476 1.553097 1.059735 0.711158 0.469377 0.304709 0.194569 0.122210 0.075510 0.045897 0.027446 0.016147 0.009347 0.005323 0.002983 0.001645 0.000893 0.000477 0.000251 0.000130 0.000066 0.000033 0.000016 0.000008 0.000004 0.000002 0.000001 0.000001 0.000001 
0.000000 0.000000 0.000000 0.000001 0.000002 0.000005 0.000010 0.000020 0.000040 0.000080 0.000156 0.000302 0.000575 0.001076 0.001981 0.003591 0.006406 0.011243 0.019417 0.032993 0.055157 0.090716 0.146777 0.233616 0.365759 0.563272 0.853201 1.271093 1.862420 2.683703 3.803044 5.299707 7.262404 9.785926 12.965882 16.891457 21.636357 27.248391 33.738505 41.070341 49.151678 57.829152 66.887571 76.054808 85.012727 93.413891 100.903058 107.141696 111.833238 114.746441 115.734316 114.746441 111.833238 107.141696 100.903058 93.413891 85.012727 76.054808 66.887571 57.829152 49.151678 41.070341 33.738505 27.248391 21.636357 16.891457 12.965882 9.785926 7.262404 5.299707 3.803044 2.683703 1.862420 1.271093 0.853201 0.563272 0.365759 0.233616 0.146777 0.090716 0.055157 0.032993 0.019417 0.011243 0.006406 0.003591 0.001981 0.001076 0.000575 0.000302 0.000156 0.000080 0.000040 0.000020 0.000010 0.000005 0.000002 0.000001 0.000001 0.000001 
0.000000 0.000000 0.000001 0.000001 0.000003 0.000005 0.000011 0.000023 0.000047 0.000094 0.000185 0.000358 0.000680 0.001273 0.002344 0.004248 0.007574 0.013289 0.022944 0.038975 0.065138 0.107103 0.173245 0.275673 0.431500 0.664354 1.006083 1.498526 2.195193 3.162583 4.480795 6.243037 8.553597 11.523877 15.266206 19.885320 25.467720 32.069436 39.703142 48.325908 57.829152 68.032457 78.682783 89.460233 99.990898 109.866497 118.669622 126.002538 131.516834 134.940860 136.101945 134.940860 131.516834 126.002538 118.669622 109.866497 99.990898 89.460233 78.682783 68.032457 57.829152 48.325908 39.703142 32.069436 25.467720 19.885320 15.266206 11.523877 8.553597 6.243037 4.480795 3.162583 2.195193 1.498526 1.006083 0.664354 0.431500 0.275673 0.173245 0.107103 0.065138 0.038975 0.022944 0.013289 0.007574 0.004248 0.002344 0.001273 0.000680 0.000358 0.000185 0.000094 0.000047 0.000023 0.000011 0.000005 0.000003 0.000001 0.000001 0.000001 
0.000000 0.000000 0.000001 0.000001 0.000003 0.000006 0.000013 0.000027 0.000055 0.000110 0.000216 0.000417 0.000791 0.001480 0.002725 0.004936 0.008799 0.015435 0.026641 0.045243 0.075595 0.124266 0.200960 0.319700 0.500302 0.770122 1.166016 1.736397 2.543170 3.663247 5.189248 7.228929 9.902825 13.339661 17.669193 23.012365 29.469003 37.103684 45.930859 55.900712 66.887571 78.682783 90.993819 103.450957 115.622124 127.035595 137.209149 145.683330 152.055686 156.012446 157.354170 156.012446 152.055686 145.683330 137.209149 127.035595 115.622124 103.450957 90.993819 78.682783 66.887571 55.900712 45.930859 37.103684 29.469003 23.012365 17.669193 13.339661 9.902825 7.228929 5.189248 3.663247 2.543170 1.736397 1.166016 0.770122 0.500302 0.319700 0.200960 0.124266 0.075595 0.045243 0.026641 0.015435 0.008799 0.004936 0.002725 0.001480 0.000791 0.000417 0.000216 0.000110 0.000055 0.000027 0.000013 0.000006 0.000003 0.000002 0.000001 0.000001 
