0.000000 0.000000 0.000000 0.000000 0.000000 0.000000 0.000000 0.000000 0.000000 0.000000 0.000000 0.000000 0.000000 0.000000 0.000000 0.000000 0.000000 0.000000 0.000000 0.000000 0.000000 0.000000 0.000000 0.000000 0.000000 0.000000 0.000000 0.000000 0.000000 0.000000 0.000000 0.000000 0.000000 0.000000 0.000000 0.000000 0.000000 0.000000 0.000000 0.000000 0.000000 0.000000 0.000000 0.000000 0.000000 0.000000 0.000000 0.000000 0.000000 0.000000 0.000000 0.000000 0.000000 0.000000 0.000000 0.000000 0.000000 0.000000 0.000000 0.000000 0.000000 0.000000 0.000000 0.000000 0.000000 0.000000 0.000000 0.000000 0.000000 0.000000 0.000000 0.000000 0.000000 0.000000 0.000000 0.000000 0.000000 0.000000 0.000000 0.000000 0.000000 0.000000 0.000000 0.000000 0.000000 0.000000 0.000000 0.000000 0.000000 0.000000 0.000000 0.000000 0.000000 0.000000 0.000000 0.000000 0.000000 0.000000 0.000000 0.000000 
0.000000 0.000000 0.000000 0.000000 0.000000 0.000000 0.000000 0.000000 0.000000 0.000000 0.000000 0.000000 0.000000 0.000000 0.000000 0.000000 0.000000 0.000000 0.000000 0.000000 0.000000 0.000000 0.000000 0.000000 0.000000 0.000000 0.000000 0.000000 0.000000 0.000000 0.000000 0.000000 0.000000 0.000000 0.000000 0.000000 0.000000 0.000000 0.000000 0.000000 0.000000 0.000000 0.000000 0.000000 0.000000 0.000000 0.000000 0.000000 0.000000 0.000000 0.000000 0.000000 0.000000 0.000000 0.000000 0.000000 0.000000 0.000000 0.000000 0.000000 0.000000 0.000000 0.000000 0.000000 0.000000 0.000000 0.000000 0.000000 0.000000 0.000000 0.000000 0.000000 0.000000 0.000000 0.000000 0.000000 0.000000 0.000000 0.000000 0.000000 0.000000 0.000000 0.000000 0.000000 0.000000 0.000000 0.000000 0.000000 0.000000 0.000000 0.000000 0.000000 0.000000 0.000000 0.000000 0.000000 0.000000 0.000000 0.000000 0.000000 
0.000000 0.000000 0.000000 0.000000 0.000000 0.000000 0.000000 0.000000 0.000000 0.000000 0.000000 0.000000 0.000000 0.000000 0.000000 0.000000 0.000000 0.000000 0.000000 0.000000 0.000000 0.000000 0.000000 0.000000 0.000000 0.000000 0.000000 0.000000 0.000000 0.000000 0.000000 0.000000 0.000000 0.000000 0.000000 0.000000 0.000000 0.000000 0.000000 0.000000 0.000000 0.000000 0.000000 0.000000 0.000000 0.000000 0.000000 0.000000 0.000000 0.000000 0.000000 0.000000 0.000000 0.000000 0.000000 0.000000 0.000000 0.000000 0.000000 0.000000 0.000000 0.000000 0.000000 0.000000 0.000000 0.000000 0.000000 0.000000 0.000000 0.000000 0.000000 0.000000 0.000000 0.000000 0.000000 0.000000 0.000000 0.000000 0.000000 0.000000 0.000000 0.000000 0.000000 0.000000 0.000000 0.000000 0.000000 0.000000 0.000000 0.000000 0.000000 0.000000 0.000000 0.000000 0.000000 0.000000 0.000000 0.000000 0.000000 0.000000 
0.000000 0.000000 0.000000 0.000000 0.000000 0.000000 0.000000 0.000000 0.000000 0.000000 0.000000 0.000000 0.000000 0.000000 0.000000 0.000000 0.000000 0.000000 0.000000 0.000000 0.000000 0.000000 0.000000 0.000000 0.000000 0.000000 0.000000 0.000000 0.000000 0.000000 0.000000 0.000000 0.000000 0.000000 0.000000 0.000000 0.000000 0.000000 0.000000 0.000000 0.000000 0.000000 0.000000 0.000000 0.000000 0.000000 0.000000 0.000000 0.000000 0.000000 0.000000 0.000000 0.000000 0.000000 0.000000 0.000000 0.000000 0.000000 0.000000 0.000000 0.000000 0.000000 0.000000 0.000000 0.000000 0.000000 0.000000 0.000000 0.000000 0.000000 0.000000 0.000000 0.000000 0.000000 0.000000 0.000000 0.000000 0.000000 0.000000 0.000000 0.000000 0.000000 0.000000 0.000000 0.000000 0.000000 0.000000 0.000000 0.000000 0.000000 0.000000 0.000000 0.000000 0.000000 0.000000 0.000000 0.000000 0.000000 0.000000 0.000000 
0.000000 0.000000 0.000000 0.000000 0.000000 0.000000 0.000000 0.000000 0.000000 0.000000 0.000000 0.000000 0.000000 0.000000 0.000000 0.000000 0.000000 0.000000 0.000000 0.000000 0.000000 0.000000 0.000000 0.000000 0.000000 0.000000 0.000000 0.000000 0.000000 0.000000 0.000000 0.000000 0.000000 0.000000 0.000000 0.000000 0.000000 0.000000 0.000000 0.000000 0.000000 0.000000 0.000000 0.000000 0.000000 0.000000 0.000000 0.000000 0.000000 0.000000 0.000000 0.000000 0.000000 0.000000 0.000000 0.000000 0.000000 0.000000 0.000000 0.000000 0.000000 0.000000 0.000000 0.000000 0.000000 0.000000 0.000000 0.000000 0.000000 0.000000 0.000000 0.000000 0.000000 0.000000 0.000000 0.000000 0.000000 0.000000 0.000000 0.000000 0.000000 0.000000 0.000000 0.000000 0.000000 0.000000 0.000000 0.000000 0.000000 0.000000 0.000000 0.000000 0.000000 0.000000 0.000000 0.000000 0.000000 0.000000 0.000000 0.000000 
0.000000 0.000000 0.000000 0.000000 0.000000 0.000000 0.000000 0.000000 0.000000 0.000000 0.000000 0.000000 0.000000 0.000000 0.000000 0.000000 0.000000 0.000000 0.000000 0.000000 0.000000 0.000000 0.000000 0.000000 0.000000 0.000000 0.000000 0.000000 0.000000 0.000000 0.000000 0.000000 0.000000 0.000000 0.000000 0.000000 0.000000 0.000000 0.000000 0.000000 0.000000 0.000000 0.000000 0.000000 0.000000 0.000000 0.000000 0.000000 0.000000 0.000000 0.000000 0.000000 0.000000 0.000000 0.000000 0.000000 0.000000 0.000000 0.000000 0.000000 0.000000 0.000000 0.000000 0.000000 0.000000 0.000000 0.000000 0.000000 0.000000 0.000000 0.000000 0.000000 0.000000 0.000000 0.000000 0.000000 0.000000 0.000000 0.000000 0.000000 0.000000 0.000000 0.000000 0.000000 0.000000 0.000000 0.000000 0.000000 0.000000 0.000000 0.000000 0.000000 0.000000 0.000000 0.000000 0.000000 0.000000 0.000000 0.000000 0.000000 
0.000000 0.000000 0.000000 0.000000 0.000000 0.000000 0.000000 0.000000 0.000000 0.000000 0.000000 0.000000 0.000000 0.000000 0.000000 0.000000 0.000000 0.000000 0.000000 0.000000 0.000000 0.000000 0.000000 0.000000 0.000000 0.000000 0.000000 0.000000 0.000000 0.000000 0.000000 0.000000 0.000000 0.000000 0.000000 0.000000 0.000000 0.000000 0.000000 0.000000 0.000000 0.000000 0.000000 0.000000 0.000000 0.000000 0.000000 0.000000 0.000000 0.000000 0.000000 0.000000 0.000000 0.000000 0.000000 0.000000 0.000000 0.000000 0.000000 0.000000 0.000000 0.000000 0.000000 0.000000 0.000000 0.000000 0.000000 0.000000 0.000000 0.000000 0.000000 0.000000 0.000000 0.000000 0.000000 0.000000 0.000000 0.000000 0.000000 0.000000 0.000000 0.000000 0.000000 0.000000 0.000000 0.000000 0.000000 0.000000 0.000000 0.000000 0.000000 0.000000 0.000000 0.000000 0.000000 0.000000 0.000000 0.000000 0.000000 0.000000 
0.000000 0.000000 0.000000 0.000000 0.000000 0.000000 0.000000 0.000000 0.000000 0.000000 0.000000 0.000000 0.000000 0.000000 0.000000 0.000000 0.000000 0.000000 0.000000 0.000000 0.000000 0.000000 0.000000 0.000000 0.000000 0.000000 0.000000 0.000000 0.000000 0.000000 0.000000 0.000000 0.000000 0.000000 0.000000 0.000000 0.000000 0.000000 0.000000 0.000000 0.000000 0.000000 0.000000 0.000000 0.000000 0.000000 0.000000 0.000000 0.000000 0.000000 0.000000 0.000000 0.000000 0.000000 0.000000 0.000000 0.000000 0.000000 0.000000 0.000000 0.000000 0.000000 0.000000 0.000000 0.000000 0.000000 0.000000 0.000000 0.000000 0.000000 0.000000 0.000000 0.000000 0.000000 0.000000 0.000000 0.000000 0.000000 0.000000 0.000000 0.000000 0.000000 0.000000 0.000000 0.000000 0.000000 0.000000 0.000000 0.000000 0.000000 0.000000 0.000000 0.000000 0.000000 0.000000 0.000000 0.000000 0.000000 0.000000 0.000000 
0.000000 0.000000 0.000000 0.000000 0.000000 0.000000 0.000000 0.000000 0.000000 0.000000 0.000000 0.000000 0.000000 0.000000 0.000000 0.000000 0.000000 0.000000 0.000000 0.000000 0.000000 0.000000 0.000000 0.000000 0.000000 0.000000 0.000000 0.000000 0.000000 0.000000 0.000000 0.000000 0.000000 0.000000 0.000000 0.000000 0.000000 0.000000 0.000000 0.000000 0.000000 0.000000 0.000000 0.000000 0.000000 0.000000 0.000000 0.000000 0.000000 0.000000 0.000000 0.000000 0.000000 0.000000 0.000000 0.000000 0.000000 0.000000 0.000000 0.000000 0.000000 0.000000 0.000000 0.000000 0.000000 0.000000 0.000000 0.000000 0.000000 0.000000 0.000000 0.000000 0.000000 0.000000 0.000000 0.000000 0.000000 0.000000 0.000000 0.000000 0.000000 0.000000 0.000000 0.000000 0.000000 0.000000 0.000000 0.000000 0.000000 0.000000 0.000000 0.000000 0.000000 0.000000 0.000000 0.000000 0.000000 0.000000 0.000000 0.000000 
0.000000 0.000000 0.000000 0.000000 0.000000 0.000000 0.000000 0.000000 0.000000 0.000000 0.000000 0.000000 0.000000 0.000000 0.000000 0.000000 0.000000 0.000000 0.000000 0.000000 0.000000 0.000000 0.000000 0.000000 0.000000 0.000000 0.000000 0.000000 0.000000 0.000000 0.000000 0.000000 0.000000 0.000000 0.000000 0.000000 0.000000 0.000000 0.000000 0.000000 0.000000 0.000000 0.000000 0.000000 0.000001 0.000001 0.000001 0.000001 0.000001 0.000001 0.000001 0.000001 0.000001 0.000001 0.000001 0.000001 0.000001 0.000000 0.000000 0.000000 0.000000 0.000000 0.000000 0.000000 0.000000 0.000000 0.000000 0.000000 0.000000 0.000000 0.000000 0.000000 0.000000 0.000000 0.000000 0.000000 0.000000 0.000000 0.000000 0.000000 0.000000 0.000000 0.000000 0.000000 0.000000 0.000000 0.000000 0.000000 0.000000 0.000000 0.000000 0.000000 0.000000 0.000000 0.000000 0.000000 0.000000 0.000000 0.000000 0.000000 
0.000000 0.000000 0.000000 0.000000 0.000000 0.000000 0.000000 0.000000 0.000000 0.000000 0.000000 0.000000 0.000000 0.000000 0.000000 0.000000 0.000000 0.000000 0.000000 0.000000 0.000000 0.000000 0.000000 0.000000 0.000000 0.000000 0.000000 0.000000 0.000000 0.000000 0.000000 0.000000 0.000000 0.000000 0.000000 0.000000 0.000000 0.000000 0.000000 0.000000 0.000001 0.000001 0.000001 0.000001 0.000001 0.000002 0.000002 0.000002 0.000002 0.000002 0.000002 0.000002 0.000002 0.000002 0.000002 0.000002 0.000001 0.000001 0.000001 0.000001 0.000001 0.000000 0.000000 0.000000 0.000000 0.000000 0.000000 0.000000 0.000000 0.000000 0.000000 0.000000 0.000000 0.000000 0.000000 0.000000 0.000000 0.000000 0.000000 0.000000 0.000000 0.000000 0.000000 0.000000 0.000000 0.000000 0.000000 0.000000 0.000000 0.000000 0.000000 0.000000 0.000000 0.000000 0.000000 0.000000 0.000000 0.000000 0.000000 0.000000 
0.000000 0.000000 0.000000 0.000000 0.000000 0.000000 0.000000 0.000000 0.000000 0.000000 0.000000 0.000000 0.000000 0.000000 0.000000 0.000000 0.000000 0.000000 0.000000 0.000000 0.000000 0.000000 0.000000 0.000000 0.000000 0.000000 0.000000 0.000000 0.000000 0.000000 0.000000 0.000000 0.000000 0.000000 0.000000 0.000000 0.000000 0.000001 0.000001 0.000001 0.000001 0.000002 0.000002 0.000003 0.000003 0.000004 0.000004 0.000005 0.000005 0.000005 0.000005 0.000005 0.000005 0.000005 0.000004 0.000004 0.000003 0.000003 0.000002 0.000002 0.000001 0.000001 0.000001 0.000001 0.000000 0.000000 0.000000 0.000000 0.000000 0.000000 0.000000 0.000000 0.000000 0.000000 0.000000 0.000000 0.000000 0.000000 0.000000 0.000000 0.000000 0.000000 0.000000 0.000000 0.000000 0.000000 0.000000 0.000000 0.000000 0.000000 0.000000 0.000000 0.000000 0.000000 0.000000 0.000000 0.000000 0.000000 0.000000 0.000000 
0.000000 0.000000 0.000000 0.000000 0.000000 0.000000 0.000000 0.000000 0.000000 0.000000 0.000000 0.000000 0.000000 0.000000 0.000000 0.000000 0.000000 0.000000 0.000000 0.000000 0.000000 0.000000 0.000000 0.000000 0.000000 0.000000 0.000000 0.000000 0.000000 0.000000 0.000000 0.000000 0.000000 0.000000 0.000000 0.000001 0.000001 0.000001 0.000002 0.000003 0.000004 0.000005 0.000006 0.000007 0.000008 0.000009 0.000011 0.000012 0.000012 0.000013 0.000013 0.000013 0.000012 0.000012 0.000011 0.000009 0.000008 0.000007 0.000006 0.000005 0.000004 0.000003 0.000002 0.000001 0.000001 0.000001 0.000000 0.000000 0.000000 0.000000 0.000000 0.000000 0.000000 0.000000 0.000000 0.000000 0.000000 0.000000 0.000000 0.000000 0.000000 0.000000 0.000000 0.000000 0.000000 0.000000 0.000000 0.000000 0.000000 0.000000 0.000000 0.000000 0.000000 0.000000 0.000000 0.000000 0.000000 0.000000 0.000000 0.000000 
0.000000 0.000000 0.000000 0.000000 0.000000 0.000000 0.000000 0.000000 0.000000 0.000000 0.000000 0.000000 0.000000 0.000000 0.000000 0.000000 0.000000 0.000000 0.000000 0.000000 0.000000 0.000000 0.000000 0.000000 0.000000 0.000000 0.000000 0.000000 0.000000 0.000000 0.000000 0.000000 0.000000 0.000001 0.000001 0.000002 0.000002 0.000003 0.000005 0.000006 0.000008 0.000011 0.000014 0.000017 0.000020 0.000023 0.000026 0.000028 0.000030 0.000031 0.000032 0.000031 0.000030 0.000028 0.000026 0.000023 0.000020 0.000017 0.000014 0.000011 0.000008 0.000006 0.000005 0.000003 0.000002 0.000002 0.000001 0.000001 0.000000 0.000000 0.000000 0.000000 0.000000 0.000000 0.000000 0.000000 0.000000 0.000000 0.000000 0.000000 0.000000 0.000000 0.000000 0.000000 0.000000 0.000000 0.000000 0.000000 0.000000 0.000000 0.000000 0.000000 0.000000 0.000000 0.000000 0.000000 0.000000 0.000000 0.000000 0.000000 
0.000000 0.000000 0.000000 0.000000 0.000000 0.000000 0.000000 0.000000 0.000000 0.000000 0.000000 0.000000 0.000000 0.000000 0.000000 0.000000 0.000000 0.000000 0.000000 0.000000 0.000000 0.000000 0.000000 0.000000 0.000000 0.000000 0.000000 0.000000 0.000000 0.000000 0.000000 0.000001 0.000001 0.000002 0.000003 0.000004 0.000006 0.000008 0.000011 0.000015 0.000020 0.000026 0.000032 0.000039 0.000046 0.000053 0.000060 0.000066 0.000070 0.000073 0.000074 0.000073 0.000070 0.000066 0.000060 0.000053 0.000046 0.000039 0.000032 0.000026 0.000020 0.000015 0.000011 0.000008 0.000006 0.000004 0.000003 0.000002 0.000001 0.000001 0.000000 0.000000 0.000000 0.000000 0.000000 0.000000 0.000000 0.000000 0.000000 0.000000 0.000000 0.000000 0.000000 0.000000 0.000000 0.000000 0.000000 0.000000 0.000000 0.000000 0.000000 0.000000 0.000000 0.000000 0.000000 0.000000 0.000000 0.000000 0.000000 0.000000 
0.000000 0.000000 0.000000 0.000000 0.000000 0.000000 0.000000 0.000000 0.000000 0.000000 0.000000 0.000000 0.000000 0.000000 0.000000 0.000000 0.000000 0.000000 0.000000 0.000000 0.000000 0.000000 0.000000 0.000000 0.000000 0.000000 0.000000 0.000000 0.000000 0.000001 0.000001 0.000002 0.000003 0.000004 0.000006 0.000009 0.000013 0.000019 0.000026 0.000035 0.000046 0.000059 0.000074 0.000089 0.000106 0.000122 0.000138 0.000151 0.000161 0.000168 0.000170 0.000168 0.000161 0.000151 0.000138 0.000122 0.000106 0.000089 0.000074 0.000059 0.000046 0.000035 0.000026 0.000019 0.000013 0.000009 0.000006 0.000004 0.000003 0.000002 0.000001 0.000001 0.000000 0.000000 0.000000 0.000000 0.000000 0.000000 0.000000 0.000000 0.000000 0.000000 0.000000 0.000000 0.000000 0.000000 0.000000 0.000000 0.000000 0.000000 0.000000 0.000000 0.000000 0.000000 0.000000 0.000000 0.000000 0.000000 0.000000 0.000000 
0.000000 0.000000 0.000000 0.000000 0.000000 0.000000 0.000000 0.000000 0.000000 0.000000 0.000000 0.000000 0.000000 0.000000 0.000000 0.000000 0.000000 0.000000 0.000000 0.000000 0.000000 0.000000 0.000000 0.000000 0.000000 0.000000 0.000000 0.000000 0.000001 0.000001 0.000002 0.000004 0.000006 0.000009 0.000014 0.000021 0.000030 0.000042 0.000059 0.000079 0.000104 0.000133 0.000166 0.000201 0.000238 0.000275 0.000310 0.000339 0.000362 0.000376 0.000381 0.000376 0.000362 0.000339 0.000310 0.000275 0.000238 0.000201 0.000166 0.000133 0.000104 0.000079 0.000059 0.000042 0.000030 0.000021 0.000014 0.000009 0.000006 0.000004 0.000002 0.000001 0.000001 0.000000 0.000000 0.000000 0.000000 0.000000 0.000000 0.000000 0.000000 0.000000 0.000000 0.000000 0.000000 0.000000 0.000000 0.000000 0.000000 0.000000 0.000000 0.000000 0.000000 0.000000 0.000000 0.000000 0.000000 0.000000 0.000000 0.000000 
0.000000 0.000000 0.000000 0.000000 0.000000 0.000000 0.000000 0.000000 0.000000 0.000000 0.000000 0.000000 0.000000 0.000000 0.000000 0.000000 0.000000 0.000000 0.000000 0.000000 0.000000 0.000000 0.000000 0.000000 0.000000 0.000000 0.000001 0.000001 0.000002 0.000003 0.000005 0.000008 0.000013 0.000020 0.000031 0.000046 0.000066 0.000094 0.000130 0.000174 0.000229 0.000293 0.000365 0.000443 0.000525 0.000606 0.000681 0.000746 0.000796 0.000827 0.000838 0.000827 0.000796 0.000746 0.000681 0.000606 0.000525 0.000443 0.000365 0.000293 0.000229 0.000174 0.000130 0.000094 0.000066 0.000046 0.000031 0.000020 0.000013 0.000008 0.000005 0.000003 0.000002 0.000001 0.000001 0.000000 0.000000 0.000000 0.000000 0.000000 0.000000 0.000000 0.000000 0.000000 0.000000 0.000000 0.000000 0.000000 0.000000 0.000000 0.000000 0.000000 0.000000 0.000000 0.000000 0.000000 0.000000 0.000000 0.000000 0.000000 
0.000000 0.000000 0.000000 0.000000 0.000000 0.000000 0.000000 0.000000 0.000000 0.000000 0.000000 0.000000 0.000000 0.000000 0.000000 0.000000 0.000000 0.000000 0.000000 0.000000 0.000000 0.000000 0.000000 0.000000 0.000000 0.000001 0.000001 0.000002 0.000004 0.000006 0.000011 0.000017 0.000028 0.000044 0.000066 0.000099 0.000144 0.000203 0.000280 0.000377 0.000494 0.000632 0.000787 0.000955 0.001130 0.001303 0.001464 0.001603 0.001711 0.001779 0.001802 0.001779 0.001711 0.001603 0.001464 0.001303 0.001130 0.000955 0.000787 0.000632 0.000494 0.000377 0.000280 0.000203 0.000144 0.000099 0.000066 0.000044 0.000028 0.000017 0.000011 0.000006 0.000004 0.000002 0.000001 0.000001 0.000000 0.000000 0.000000 0.000000 0.000000 0.000000 0.000000 0.000000 0.000000 0.000000 0.000000 0.000000 0.000000 0.000000 0.000000 0.000000 0.000000 0.000000 0.000000 0.000000 0.000000 0.000000 0.000000 0.000000 
0.000000 0.000000 0.000000 0.000000 0.000000 0.000000 0.000000 0.000000 0.000000 0.000000 0.000000 0.000000 0.000000 0.000000 0.000000 0.000000 0.000000 0.000000 0.000000 0.000000 0.000000 0.000000 0.000000 0.000000 0.000001 0.000001 0.000002 0.000004 0.000008 0.000013 0.000023 0.000037 0.000059 0.000093 0.000141 0.000210 0.000304 0.000430 0.000593 0.000797 0.001044 0.001333 0.001660 0.002013 0.002381 0.002744 0.003082 0.003373 0.003598 0.003740 0.003789 0.003740 0.003598 0.003373 0.003082 0.002744 0.002381 0.002013 0.001660 0.001333 0.001044 0.000797 0.000593 0.000430 0.000304 0.000210 0.000141 0.000093 0.000059 0.000037 0.000023 0.000013 0.000008 0.000004 0.000002 0.000001 0.000001 0.000000 0.000000 0.000000 0.000000 0.000000 0.000000 0.000000 0.000000 0.000000 0.000000 0.000000 0.000000 0.000000 0.000000 0.000000 0.000000 0.000000 0.000000 0.000000 0.000000 0.000000 0.000000 0.000000 
0.000000 0.000000 0.000000 0.000000 0.000000 0.000000 0.000000 0.000000 0.000000 0.000000 0.000000 0.000000 0.000000 0.000000 0.000000 0.000000 0.000000 0.000000 0.000000 0.000000 0.000000 0.000000 0.000000 0.000001 0.000001 0.000003 0.000005 0.000009 0.000016 0.000028 0.000047 0.000077 0.000124 0.000193 0.000294 0.000436 0.000631 0.000892 0.001227 0.001648 0.002157 0.002752 0.003422 0.004149 0.004904 0.005649 0.006342 0.006940 0.007401 0.007693 0.007792 0.007693 0.007401 0.006940 0.006342 0.005649 0.004904 0.004149 0.003422 0.002752 0.002157 0.001648 0.001227 0.000892 0.000631 0.000436 0.000294 0.000193 0.000124 0.000077 0.000047 0.000028 0.000016 0.000009 0.000005 0.000003 0.000001 0.000001 0.000000 0.000000 0.000000 0.000000 0.000000 0.000000 0.000000 0.000000 0.000000 0.000000 0.000000 0.000000 0.000000 0.000000 0.000000 0.000000 0.000000 0.000000 0.000000 0.000000 0.000000 0.000000 
0.000000 0.000000 0.000000 0.000000 0.000000 0.000000 0.000000 0.000000 0.000000 0.000000 0.000000 0.000000 0.000000 0.000000 0.000000 0.000000 0.000000 0.000000 0.000000 0.000000 0.000000 0.000000 0.000001 0.000002 0.000003 0.000006 0.000011 0.000019 0.000033 0.000057 0.000096 0.000158 0.000252 0.000393 0.000597 0.000885 0.001280 0.001806 0.002484 0.003331 0.004355 0.005553 0.006902 0.008363 0.009878 0.011373 0.012764 0.013963 0.014888 0.015473 0.015672 0.015473 0.014888 0.013963 0.012764 0.011373 0.009878 0.008363 0.006902 0.005553 0.004355 0.003331 0.002484 0.001806 0.001280 0.000885 0.000597 0.000393 0.000252 0.000158 0.000096 0.000057 0.000033 0.000019 0.000011 0.000006 0.000003 0.000002 0.000001 0.000000 0.000000 0.000000 0.000000 0.000000 0.000000 0.000000 0.000000 0.000000 0.000000 0.000000 0.000000 0.000000 0.000000 0.000000 0.000000 0.000000 0.000000 0.000000 0.000000 0.000000 
0.000000 0.000000 0.000000 0.000000 0.000000 0.000000 0.000000 0.000000 0.000000 0.000000 0.000000 0.000000 0.000000 0.000000 0.000000 0.000000 0.000000 0.000000 0.000000 0.000000 0.000000 0.000001 0.000002 0.000003 0.000006 0.000011 0.000021 0.000038 0.000067 0.000115 0.000193 0.000315 0.000502 0.000782 0.001187 0.001757 0.002538 0.003576 0.004913 0.006583 0.008600 0.010956 0.013609 0.016479 0.019455 0.022390 0.025120 0.027471 0.029285 0.030431 0.030823 0.030431 0.029285 0.027471 0.025120 0.022390 0.019455 0.016479 0.013609 0.010956 0.008600 0.006583 0.004913 0.003576 0.002538 0.001757 0.001187 0.000782 0.000502 0.000315 0.000193 0.000115 0.000067 0.000038 0.000021 0.000011 0.000006 0.000003 0.000002 0.000001 0.000000 0.000000 0.000000 0.000000 0.000000 0.000000 0.000000 0.000000 0.000000 0.000000 0.000000 0.000000 0.000000 0.000000 0.000000 0.000000 0.000000 0.000000 0.000000 0.000000 
0.000000 0.000000 0.000000 0.000000 0.000000 0.000000 0.000000 0.000000 0.000000 0.000000 0.000000 0.000000 0.000000 0.000000 0.000000 0.000000 0.000000 0.000000 0.000000 0.000000 0.000001 0.000002 0.000003 0.000006 0.000012 0.000023 0.000042 0.000075 0.000131 0.000225 0.000376 0.000614 0.000978 0.001520 0.002304 0.003408 0.004918 0.006921 0.009500 0.012717 0.016602 0.021134 0.026233 0.031748 0.037462 0.043096 0.048332 0.052843 0.056321 0.058517 0.059268 0.058517 0.056321 0.052843 0.048332 0.043096 0.037462 0.031748 0.026233 0.021134 0.016602 0.012717 0.009500 0.006921 0.004918 0.003408 0.002304 0.001520 0.000978 0.000614 0.000376 0.000225 0.000131 0.000075 0.000042 0.000023 0.000012 0.000006 0.000003 0.000002 0.000001 0.000000 0.000000 0.000000 0.000000 0.000000 0.000000 0.000000 0.000000 0.000000 0.000000 0.000000 0.000000 0.000000 0.000000 0.000000 0.000000 0.000000 0.000000 0.000000 
0.000000 0.000000 0.000000 0.000000 0.000000 0.000000 0.000000 0.000000 0.000000 0.000000 0.000000 0.000000 0.000000 0.000000 0.000000 0.000000 0.000000 0.000000 0.000000 0.000001 0.000001 0.000003 0.000006 0.000012 0.000023 0.000043 0.000080 0.000143 0.000251 0.000430 0.000718 0.001170 0.001861 0.002888 0.004373 0.006461 0.009312 0.013093 0.017955 0.024015 0.031326 0.039850 0.049432 0.059792 0.070518 0.081089 0.090911 0.099369 0.105889 0.110006 0.111413 0.110006 0.105889 0.099369 0.090911 0.081089 0.070518 0.059792 0.049432 0.039850 0.031326 0.024015 0.017955 0.013093 0.009312 0.006461 0.004373 0.002888 0.001861 0.001170 0.000718 0.000430 0.000251 0.000143 0.000080 0.000043 0.000023 0.000012 0.000006 0.000003 0.000001 0.000001 0.000000 0.000000 0.000000 0.000000 0.000000 0.000000 0.000000 0.000000 0.000000 0.000000 0.000000 0.000000 0.000000 0.000000 0.000000 0.000000 0.000000 0.000000 
0.000000 0.000000 0.000000 0.000000 0.000000 0.000000 0.000000 0.000000 0.000000 0.000000 0.000000 0.000000 0.000000 0.000000 0.000000 0.000000 0.000000 0.000000 0.000001 0.000001 0.000003 0.000006 0.000011 0.000023 0.000043 0.000082 0.000150 0.000269 0.000470 0.000803 0.001338 0.002178 0.003459 0.005362 0.008110 0.011969 0.017233 0.024206 0.033165 0.044322 0.057772 0.073441 0.091045 0.110066 0.129749 0.149140 0.167150 0.182654 0.194605 0.202148 0.204727 0.202148 0.194605 0.182654 0.167150 0.149140 0.129749 0.110066 0.091045 0.073441 0.057772 0.044322 0.033165 0.024206 0.017233 0.011969 0.008110 0.005362 0.003459 0.002178 0.001338 0.000803 0.000470 0.000269 0.000150 0.000082 0.000043 0.000023 0.000011 0.000006 0.000003 0.000001 0.000001 0.000000 0.000000 0.000000 0.000000 0.000000 0.000000 0.000000 0.000000 0.000000 0.000000 0.000000 0.000000 0.000000 0.000000 0.000000 0.000000 0.000000 
0.000000 0.000000 0.000000 0.000000 0.000000 0.000000 0.000000 0.000000 0.000000 0.000000 0.000000 0.000000 0.000000 0.000000 0.000000 0.000000 0.000000 0.000001 0.000001 0.000002 0.000005 0.000011 0.000021 0.000042 0.000080 0.000150 0.000275 0.000491 0.000858 0.001464 0.002437 0.003961 0.006283 0.009728 0.014697 0.021666 0.031163 0.043730 0.059864 0.079940 0.104123 0.132275 0.163886 0.198020 0.233327 0.268094 0.300374 0.328155 0.349564 0.363077 0.367696 0.363077 0.349564 0.328155 0.300374 0.268094 0.233327 0.198020 0.163886 0.132275 0.104123 0.079940 0.059864 0.043730 0.031163 0.021666 0.014697 0.009728 0.006283 0.003961 0.002437 0.001464 0.000858 0.000491 0.000275 0.000150 0.000080 0.000042 0.000021 0.000011 0.000005 0.000002 0.000001 0.000001 0.000000 0.000000 0.000000 0.000000 0.000000 0.000000 0.000000 0.000000 0.000000 0.000000 0.000000 0.000000 0.000000 0.000000 0.000000 0.000000 
0.000000 0.000000 0.000000 0.000000 0.000000 0.000000 0.000000 0.000000 0.000000 0.000000 0.000000 0.000000 0.000000 0.000000 0.000000 0.000000 0.000000 0.000001 0.000002 0.000004 0.000009 0.000019 0.000038 0.000075 0.000143 0.000269 0.000491 0.000878 0.001531 0.002607 0.004335 0.007036 0.011148 0.017240 0.026017 0.038315 0.055058 0.077193 0.105585 0.140886 0.183376 0.232809 0.288280 0.348149 0.410044 0.470970 0.527519 0.576172 0.613659 0.637315 0.645402 0.637315 0.613659 0.576172 0.527519 0.470970 0.410044 0.348149 0.288280 0.232809 0.183376 0.140886 0.105585 0.077193 0.055058 0.038315 0.026017 0.017240 0.011148 0.007036 0.004335 0.002607 0.001531 0.000878 0.000491 0.000269 0.000143 0.000075 0.000038 0.000019 0.000009 0.000004 0.000002 0.000001 0.000000 0.000000 0.000000 0.000000 0.000000 0.000000 0.000000 0.000000 0.000000 0.000000 0.000000 0.000000 0.000000 0.000000 0.000000 0.000000 
0.000000 0.000000 0.000000 0.000000 0.000000 0.000000 0.000000 0.000000 0.000000 0.000000 0.000000 0.000000 0.000000 0.000000 0.000000 0.000000 0.000001 0.000002 0.000004 0.000008 0.000016 0.000033 0.000067 0.000131 0.000251 0.000470 0.000858 0.001531 0.002666 0.004535 0.007531 0.012209 0.019321 0.029844 0.044993 0.066195 0.095033 0.133124 0.181942 0.242594 0.315546 0.400365 0.495489 0.598102 0.704140 0.808477 0.905288 0.988560 1.052707 1.093183 1.107019 1.093183 1.052707 0.988560 0.905288 0.808477 0.704140 0.598102 0.495489 0.400365 0.315546 0.242594 0.181942 0.133124 0.095033 0.066195 0.044993 0.029844 0.019321 0.012209 0.007531 0.004535 0.002666 0.001531 0.000858 0.000470 0.000251 0.000131 0.000067 0.000033 0.000016 0.000008 0.000004 0.000002 0.000001 0.000000 0.000000 0.000000 0.000000 0.000000 0.000000 0.000000 0.000000 0.000000 0.000000 0.000000 0.000000 0.000000 0.000000 0.000000 
0.000000 0.000000 0.000000 0.000000 0.000000 0.000000 0.000000 0.000000 0.000000 0.000000 0.000000 0.000000 0.000000 0.000000 0.000000 0.000001 0.000001 0.000003 0.000006 0.000013 0.000028 0.000057 0.000115 0.000225 0.000430 0.000803 0.001464 0.002607 0.004535 0.007703 0.012776 0.020688 0.032703 0.050462 0.075999 0.111708 0.160232 0.224270 0.306280 0.408093 0.530472 0.672670 0.832058 1.003909 1.181420 1.356020 1.517973 1.657245 1.764510 1.832185 1.855317 1.832185 1.764510 1.657245 1.517973 1.356020 1.181420 1.003909 0.832058 0.672670 0.530472 0.408093 0.306280 0.224270 0.160232 0.111708 0.075999 0.050462 0.032703 0.020688 0.012776 0.007703 0.004535 0.002607 0.001464 0.000803 0.000430 0.000225 0.000115 0.000057 0.000028 0.000013 0.000006 0.000003 0.000001 0.000001 0.000000 0.000000 0.000000 0.000000 0.000000 0.000000 0.000000 0.000000 0.000000 0.000000 0.000000 0.000000 0.000000 0.000000 
0.000000 0.000000 0.000000 0.000000 0.000000 0.000000 0.000000 0.000000 0.000000 0.000000 0.000000 0.000000 0.000000 0.000000 0.000000 0.000001 0.000002 0.000005 0.000011 0.000023 0.000047 0.000096 0.000193 0.000376 0.000718 0.001338 0.002437 0.004335 0.007531 0.012776 0.021165 0.034233 0.054057 0.083328 0.125377 0.184120 0.263877 0.369048 0.503632 0.670596 0.871159 1.104067 1.364992 1.646188 1.936526 2.222001 2.486722 2.714314 2.889571 3.000130 3.037919 3.000130 2.889571 2.714314 2.486722 2.222001 1.936526 1.646188 1.364992 1.104067 0.871159 0.670596 0.503632 0.369048 0.263877 0.184120 0.125377 0.083328 0.054057 0.034233 0.021165 0.012776 0.007531 0.004335 0.002437 0.001338 0.000718 0.000376 0.000193 0.000096 0.000047 0.000023 0.000011 0.000005 0.000002 0.000001 0.000000 0.000000 0.000000 0.000000 0.000000 0.000000 0.000000 0.000000 0.000000 0.000000 0.000000 0.000000 0.000000 0.000000 
0.000000 0.000000 0.000000 0.000000 0.000000 0.000000 0.000000 0.000000 0.000000 0.000000 0.000000 0.000000 0.000000 0.000000 0.000001 0.000002 0.000004 0.000008 0.000017 0.000037 0.000077 0.000158 0.000315 0.000614 0.001170 0.002178 0.003961 0.007036 0.012209 0.020688 0.034233 0.055312 0.087253 0.134368 0.201990 0.296373 0.424414 0.593124 0.808860 1.076324 1.397413 1.770078 2.187362 2.636863 3.100795 3.556803 3.979543 4.342909 4.622670 4.799135 4.859447 4.799135 4.622670 4.342909 3.979543 3.556803 3.100795 2.636863 2.187362 1.770078 1.397413 1.076324 0.808860 0.593124 0.424414 0.296373 0.201990 0.134368 0.087253 0.055312 0.034233 0.020688 0.012209 0.007036 0.003961 0.002178 0.001170 0.000614 0.000315 0.000158 0.000077 0.000037 0.000017 0.000008 0.000004 0.000002 0.000001 0.000000 0.000000 0.000000 0.000000 0.000000 0.000000 0.000000 0.000000 0.000000 0.000000 0.000000 0.000000 0.000000 
0.000000 0.000000 0.000000 0.000000 0.000000 0.000000 0.000000 0.000000 0.000000 0.000000 0.000000 0.000000 0.000000 0.000000 0.000001 0.000003 0.000006 0.000013 0.000028 0.000059 0.000124 0.000252 0.000502 0.000978 0.001861 0.003459 0.006283 0.011148 0.019321 0.032703 0.054057 0.087253 0.137506 0.211564 0.317759 0.465857 0.666609 0.930931 1.268699 1.687188 2.189291 2.771736 3.423606 4.125506 4.849672 5.561241 6.220721 6.787456 7.223726 7.498882 7.592919 7.498882 7.223726 6.787456 6.220721 5.561241 4.849672 4.125506 3.423606 2.771736 2.189291 1.687188 1.268699 0.930931 0.666609 0.465857 0.317759 0.211564 0.137506 0.087253 0.054057 0.032703 0.019321 0.011148 0.006283 0.003459 0.001861 0.000978 0.000502 0.000252 0.000124 0.000059 0.000028 0.000013 0.000006 0.000003 0.000001 0.000000 0.000000 0.000000 0.000000 0.000000 0.000000 0.000000 0.000000 0.000000 0.000000 0.000000 0.000000 0.000000 
0.000000 0.000000 0.000000 0.000000 0.000000 0.000000 0.000000 0.000000 0.000000 0.000000 0.000000 0.000000 0.000000 0.000001 0.000002 0.000004 0.000009 0.000020 0.000044 0.000093 0.000193 0.000393 0.000782 0.001520 0.002888 0.005362 0.009728 0.017240 0.029844 0.050462 0.083328 0.134368 0.211564 0.325224 0.488070 0.714994 1.022365 1.426786 1.943246 2.582748 3.349599 4.238708 5.233345 6.303888 7.408000 8.492580 9.497510 10.360941 11.025503 11.444602 11.587825 11.444602 11.025503 10.360941 9.497510 8.492580 7.408000 6.303888 5.233345 4.238708 3.349599 2.582748 1.943246 1.426786 1.022365 0.714994 0.488070 0.325224 0.211564 0.134368 0.083328 0.050462 0.029844 0.017240 0.009728 0.005362 0.002888 0.001520 0.000782 0.000393 0.000193 0.000093 0.000044 0.000020 0.000009 0.000004 0.000002 0.000001 0.000000 0.000000 0.000000 0.000000 0.000000 0.000000 0.000000 0.000000 0.000000 0.000000 0.000000 0.000000 
0.000000 0.000000 0.000000 0.000000 0.000000 0.000000 0.000000 0.000000 0.000000 0.000000 0.000000 0.000000 0.000000 0.000001 0.000003 0.000006 0.000014 0.000031 0.000066 0.000141 0.000294 0.000597 0.001187 0.002304 0.004373 0.008110 0.014697 0.026017 0.044993 0.075999 0.125377 0.201990 0.317759 0.488070 0.731889 1.071392 1.530928 2.135159 2.906312 3.860644 5.004422 6.329922 7.812114 9.406811 11.050967 12.665575 14.161252 15.446084 16.434849 17.058343 17.271404 17.058343 16.434849 15.446084 14.161252 12.665575 11.050967 9.406811 7.812114 6.329922 5.004422 3.860644 2.906312 2.135159 1.530928 1.071392 0.731889 0.488070 0.317759 0.201990 0.125377 0.075999 0.044993 0.026017 0.014697 0.008110 0.004373 0.002304 0.001187 0.000597 0.000294 0.000141 0.000066 0.000031 0.000014 0.000006 0.000003 0.000001 0.000000 0.000000 0.000000 0.000000 0.000000 0.000000 0.000000 0.000000 0.000000 0.000000 0.000000 0.000000 
0.000000 0.000000 0.000000 0.000000 0.000000 0.000000 0.000000 0.000000 0.000000 0.000000 0.000000 0.000000 0.000001 0.000002 0.000004 0.000009 0.000021 0.000046 0.000099 0.000210 0.000436 0.000885 0.001757 0.003408 0.006461 0.011969 0.021666 0.038315 0.066195 0.111708 0.184120 0.296373 0.465857 0.714994 1.071392 1.567302 2.238100 3.119566 4.243891 5.634545 7.300446 9.230159 11.387123 13.706980 16.098037 18.445492 20.619547 22.486792 23.923569 24.829487 25.139047 24.829487 23.923569 22.486792 20.619547 18.445492 16.098037 13.706980 11.387123 9.230159 7.300446 5.634545 4.243891 3.119566 2.238100 1.567302 1.071392 0.714994 0.465857 0.296373 0.184120 0.111708 0.066195 0.038315 0.021666 0.011969 0.006461 0.003408 0.001757 0.000885 0.000436 0.000210 0.000099 0.000046 0.000021 0.000009 0.000004 0.000002 0.000001 0.000000 0.000000 0.000000 0.000000 0.000000 0.000000 0.000000 0.000000 0.000000 0.000000 0.000000 
0.000000 0.000000 0.000000 0.000000 0.000000 0.000000 0.000000 0.000000 0.000000 0.000000 0.000000 0.000000 0.000001 0.000002 0.000006 0.000013 0.000030 0.000066 0.000144 0.000304 0.000631 0.001280 0.002538 0.004918 0.009312 0.017233 0.031163 0.055058 0.095033 0.160232 0.263877 0.424414 0.666609 1.022365 1.530928 2.238100 3.194068 4.449534 6.050036 8.028672 10.397843 13.141051 16.206154 19.501628 22.897247 26.230106 29.316127 31.966192 34.005063 35.290507 35.729734 35.290507 34.005063 31.966192 29.316127 26.230106 22.897247 19.501628 16.206154 13.141051 10.397843 8.028672 6.050036 4.449534 3.194068 2.238100 1.530928 1.022365 0.666609 0.424414 0.263877 0.160232 0.095033 0.055058 0.031163 0.017233 0.009312 0.004918 0.002538 0.001280 0.000631 0.000304 0.000144 0.000066 0.000030 0.000013 0.000006 0.000002 0.000001 0.000000 0.000000 0.000000 0.000000 0.000000 0.000000 0.000000 0.000000 0.000000 0.000000 0.000000 
0.000000 0.000000 0.000000 0.000000 0.000000 0.000000 0.000000 0.000000 0.000000 0.000000 0.000000 0.000001 0.000001 0.000003 0.000008 0.000019 0.000042 0.000094 0.000203 0.000430 0.000892 0.001806 0.003576 0.006921 0.013093 0.024206 0.043730 0.077193 0.133124 0.224270 0.369048 0.593124 0.930931 1.426786 2.135159 3.119566 4.449534 6.195224 8.419552 11.168119 14.457776 18.265309 22.518132 27.089167 31.797819 36.418356 40.695850 44.368495 47.193772 48.974880 49.583448 48.974880 47.193772 44.368495 40.695850 36.418356 31.797819 27.089167 22.518132 18.265309 14.457776 11.168119 8.419552 6.195224 4.449534 3.119566 2.135159 1.426786 0.930931 0.593124 0.369048 0.224270 0.133124 0.077193 0.043730 0.024206 0.013093 0.006921 0.003576 0.001806 0.000892 0.000430 0.000203 0.000094 0.000042 0.000019 0.000008 0.000003 0.000001 0.000001 0.000000 0.000000 0.000000 0.000000 0.000000 0.000000 0.000000 0.000000 0.000000 0.000000 
0.000000 0.000000 0.000000 0.000000 0.000000 0.000000 0.000000 0.000000 0.000000 0.000000 0.000000 0.000001 0.000002 0.000005 0.000011 0.000026 0.000059 0.000130 0.000280 0.000593 0.001227 0.002484 0.004913 0.009500 0.017955 0.033165 0.059864 0.105585 0.181942 0.306280 0.503632 0.808860 1.268699 1.943246 2.906312 4.243891 6.050036 8.419552 11.437339 15.164755 19.624190 24.783788 30.544923 36.735331 43.110491 49.364988 55.154079 60.123854 63.946564 66.356298 67.179625 66.356298 63.946564 60.123854 55.154079 49.364988 43.110491 36.735331 30.544923 24.783788 19.624190 15.164755 11.437339 8.419552 6.050036 4.243891 2.906312 1.943246 1.268699 0.808860 0.503632 0.306280 0.181942 0.105585 0.059864 0.033165 0.017955 0.009500 0.004913 0.002484 0.001227 0.000593 0.000280 0.000130 0.000059 0.000026 0.000011 0.000005 0.000002 0.000001 0.000000 0.000000 0.000000 0.000000 0.000000 0.000000 0.000000 0.000000 0.000000 0.000000 
0.000000 0.000000 0.000000 0.000000 0.000000 0.000000 0.000000 0.000000 0.000000 0.000000 0.000000 0.000001 0.000003 0.000006 0.000015 0.000035 0.000079 0.000174 0.000377 0.000797 0.001648 0.003331 0.006583 0.012717 0.024015 0.044322 0.079940 0.140886 0.242594 0.408093 0.670596 1.076324 1.687188 2.582748 3.860644 5.634545 8.028672 11.168119 15.164755 20.099230 26.000616 32.826285 40.445447 48.630140 57.057132 65.322967 72.972449 79.538439 84.588437 87.771606 88.859154 87.771606 84.588437 79.538439 72.972449 65.322967 57.057132 48.630140 40.445447 32.826285 26.000616 20.099230 15.164755 11.168119 8.028672 5.634545 3.860644 2.582748 1.687188 1.076324 0.670596 0.408093 0.242594 0.140886 0.079940 0.044322 0.024015 0.012717 0.006583 0.003331 0.001648 0.000797 0.000377 0.000174 0.000079 0.000035 0.000015 0.000006 0.000003 0.000001 0.000000 0.000000 0.000000 0.000000 0.000000 0.000000 0.000000 0.000000 0.000000 0.000000 
0.000000 0.000000 0.000000 0.000000 0.000000 0.000000 0.000000 0.000000 0.000000 0.000000 0.000001 0.000001 0.000004 0.000008 0.000020 0.000046 0.000104 0.000229 0.000494 0.001044 0.002157 0.004355 0.008600 0.016602 0.031326 0.057772 0.104123 0.183376 0.315546 0.530472 0.871159 1.397413 2.189291 3.349599 5.004422 7.300446 10.397843 14.457776 19.624190 26.000616 33.623952 42.438582 52.275223 62.839407 73.714007 84.378685 94.246626 102.715810 109.228984 113.334186 114.736708 113.334186 109.228984 102.715810 94.246626 84.378685 73.714007 62.839407 52.275223 42.438582 33.623952 26.000616 19.624190 14.457776 10.397843 7.300446 5.004422 3.349599 2.189291 1.397413 0.871159 0.530472 0.315546 0.183376 0.104123 0.057772 0.031326 0.016602 0.008600 0.004355 0.002157 0.001044 0.000494 0.000229 0.000104 0.000046 0.000020 0.000008 0.000004 0.000001 0.000001 0.000000 0.000000 0.000000 0.000000 0.000000 0.000000 0.000000 0.000000 0.000000 
0.000000 0.000000 0.000000 0.000000 0.000000 0.000000 0.000000 0.000000 0.000000 0.000000 0.000001 0.000002 0.000005 0.000011 0.000026 0.000059 0.000133 0.000293 0.000632 0.001333 0.002752 0.005553 0.010956 0.021134 0.039850 0.073441 0.132275 0.232809 0.400365 0.672670 1.104067 1.770078 2.771736 4.238708 6.329922 9.230159 13.141051 18.265309 24.783788 32.826285 42.438582 53.549920 65.946479 79.256974 92.955928 106.388206 118.815263 129.479630 137.680313 142.848852 144.614610 142.848852 137.680313 129.479630 118.815263 106.388206 92.955928 79.256974 65.946479 53.549920 42.438582 32.826285 24.783788 18.265309 13.141051 9.230159 6.329922 4.238708 2.771736 1.770078 1.104067 0.672670 0.400365 0.232809 0.132275 0.073441 0.039850 0.021134 0.010956 0.005553 0.002752 0.001333 0.000632 0.000293 0.000133 0.000059 0.000026 0.000011 0.000005 0.000002 0.000001 0.000000 0.000000 0.000000 0.000000 0.000000 0.000000 0.000000 0.000000 0.000000 
0.000000 0.000000 0.000000 0.000000 0.000000 0.000000 0.000000 0.000000 0.000000 0.000000 0.000001 0.000002 0.000006 0.000014 0.000032 0.000074 0.000166 0.000365 0.000787 0.001660 0.003422 0.006902 0.013609 0.026233 0.049432 0.091045 0.163886 0.288280 0.495489 0.832058 1.364992 2.187362 3.423606 5.233345 7.812114 11.387123 16.206154 22.518132 30.544923 40.445447 52.275223 65.946479 81.195659 97.565842 114.410854 130.925488 146.202332 159.310962 169.390481 175.742854 177.912998 175.742854 169.390481 159.310962 146.202332 130.925488 114.410854 97.565842 81.195659 65.946479 52.275223 40.445447 30.544923 22.518132 16.206154 11.387123 7.812114 5.233345 3.423606 2.187362 1.364992 0.832058 0.495489 0.288280 0.163886 0.091045 0.049432 0.026233 0.013609 0.006902 0.003422 0.001660 0.000787 0.000365 0.000166 0.000074 0.000032 0.000014 0.000006 0.000002 0.000001 0.000000 0.000000 0.000000 0.000000 0.000000 0.000000 0.000000 0.000000 0.000000 
0.000000 0.000000 0.000000 0.000000 0.000000 0.000000 0.000000 0.000000 0.000000 0.000000 0.000001 0.000003 0.000007 0.000017 0.000039 0.000089 0.000201 0.000443 0.000955 0.002013 0.004149 0.008363 0.016479 0.031748 0.059792 0.110066 0.198020 0.348149 0.598102 1.003909 1.646188 2.636863 4.125506 6.303888 9.406811 13.706980 19.501628 27.089167 36.735331 48.630140 62.839407 79.256974 97.565842 117.217197 137.435456 157.254570 175.586211 191.314695 203.407882 211.028985 213.632505 211.028985 203.407882 191.314695 175.586211 157.254570 137.435456 117.217197 97.565842 79.256974 62.839407 48.630140 36.735331 27.089167 19.501628 13.706980 9.406811 6.303888 4.125506 2.636863 1.646188 1.003909 0.598102 0.348149 0.198020 0.110066 0.059792 0.031748 0.016479 0.008363 0.004149 0.002013 0.000955 0.000443 0.000201 0.000089 0.000039 0.000017 0.000007 0.000003 0.000001 0.000000 0.000000 0.000000 0.000000 0.000000 0.000000 0.000000 0.000000 0.000000 
