0.000000 0.000000 0.000000 0.000000 0.000000 0.000000 0.000000 0.000000 0.000000 0.000000 0.000000 0.000000 0.000000 0.000000 0.000000 0.000000 0.000000 0.000000 0.000000 0.000000 0.000000 0.000000 0.000000 0.000000 0.000000 0.000000 0.000000 0.000000 0.000000 0.000001 0.000001 0.000001 0.000001 0.000002 0.000002 0.000003 0.000003 0.000004 0.000005 0.000006 0.000007 0.000008 0.000009 0.000010 0.000011 0.000012 0.000013 0.000014 0.000014 0.000015 0.000015 0.000015 0.000014 0.000014 0.000013 0.000012 0.000011 0.000010 0.000009 0.000008 0.000007 0.000006 0.000005 0.000004 0.000003 0.000003 0.000002 0.000002 0.000001 0.000001 0.000001 0.000001 0.000000 0.000000 0.000000 0.000000 0.000000 0.000000 0.000000 0.000000 0.000000 0.000000 0.000000 0.000000 0.000000 0.000000 0.000000 0.000000 0.000000 0.000000 0.000000 0.000000 0.000000 0.000000 0.000000 0.000000 0.000000 0.000000 0.000000 0.000000 
0.000000 0.000000 0.000000 0.000000 0.000000 0.000000 0.000000 0.000000 0.000000 0.000000 0.000000 0.000000 0.000000 0.000000 0.000000 0.000000 0.000000 0.000000 0.000000 0.000000 0.000000 0.000000 0.000000 0.000000 0.000000 0.000000 0.000000 0.000000 0.000000 0.000001 0.000001 0.000001 0.000001 0.000002 0.000002 0.000003 0.000003 0.000004 0.000005 0.000006 0.000007 0.000008 0.000009 0.000010 0.000011 0.000012 0.000013 0.000014 0.000014 0.000015 0.000015 0.000015 0.000014 0.000014 0.000013 0.000012 0.000011 0.000010 0.000009 0.000008 0.000007 0.000006 0.000005 0.000004 0.000003 0.000003 0.000002 0.000002 0.000001 0.000001 0.000001 0.000001 0.000000 0.000000 0.000000 0.000000 0.000000 0.000000 0.000000 0.000000 0.000000 0.000000 0.000000 0.000000 0.000000 0.000000 0.000000 0.000000 0.000000 0.000000 0.000000 0.000000 0.000000 0.000000 0.000000 0.000000 0.000000 0.000000 0.000000 0.000000 
0.000000 0.000000 0.000000 0.000000 0.000000 0.000000 0.000000 0.000000 0.000000 0.000000 0.000000 0.000000 0.000000 0.000000 0.000000 0.000000 0.000000 0.000000 0.000000 0.000000 0.000000 0.000000 0.000000 0.000000 0.000000 0.000000 0.000000 0.000000 0.000001 0.000001 0.000001 0.000001 0.000002 0.000002 0.000003 0.000004 0.000005 0.000006 0.000007 0.000009 0.000010 0.000012 0.000013 0.000015 0.000017 0.000018 0.000019 0.000020 0.000021 0.000022 0.000022 0.000022 0.000021 0.000020 0.000019 0.000018 0.000017 0.000015 0.000013 0.000012 0.000010 0.000009 0.000007 0.000006 0.000005 0.000004 0.000003 0.000002 0.000002 0.000001 0.000001 0.000001 0.000001 0.000000 0.000000 0.000000 0.000000 0.000000 0.000000 0.000000 0.000000 0.000000 0.000000 0.000000 0.000000 0.000000 0.000000 0.000000 0.000000 0.000000 0.000000 0.000000 0.000000 0.000000 0.000000 0.000000 0.000000 0.000000 0.000000 0.000000 
0.000000 0.000000 0.000000 0.000000 0.000000 0.000000 0.000000 0.000000 0.000000 0.000000 0.000000 0.000000 0.000000 0.000000 0.000000 0.000000 0.000000 0.000000 0.000000 0.000000 0.000000 0.000000 0.000000 0.000000 0.000000 0.000000 0.000001 0.000001 0.000001 0.000001 0.000002 0.000003 0.000003 0.000004 0.000006 0.000007 0.000009 0.000011 0.000013 0.000016 0.000018 0.000021 0.000024 0.000027 0.000030 0.000032 0.000034 0.000036 0.000038 0.000038 0.000039 0.000038 0.000038 0.000036 0.000034 0.000032 0.000030 0.000027 0.000024 0.000021 0.000018 0.000016 0.000013 0.000011 0.000009 0.000007 0.000006 0.000004 0.000003 0.000003 0.000002 0.000001 0.000001 0.000001 0.000001 0.000000 0.000000 0.000000 0.000000 0.000000 0.000000 0.000000 0.000000 0.000000 0.000000 0.000000 0.000000 0.000000 0.000000 0.000000 0.000000 0.000000 0.000000 0.000000 0.000000 0.000000 0.000000 0.000000 0.000000 0.000000 
0.000000 0.000000 0.000000 0.000000 0.000000 0.000000 0.000000 0.000000 0.000000 0.000000 0.000000 0.000000 0.000000 0.000000 0.000000 0.000000 0.000000 0.000000 0.000000 0.000000 0.000000 0.000000 0.000000 0.000000 0.000000 0.000001 0.000001 0.000001 0.000002 0.000003 0.000004 0.000005 0.000006 0.000008 0.000011 0.000013 0.000017 0.000020 0.000025 0.000029 0.000034 0.000039 0.000045 0.000050 0.000055 0.000060 0.000064 0.000068 0.000070 0.000072 0.000072 0.000072 0.000070 0.000068 0.000064 0.000060 0.000055 0.000050 0.000045 0.000039 0.000034 0.000029 0.000025 0.000020 0.000017 0.000013 0.000011 0.000008 0.000006 0.000005 0.000004 0.000003 0.000002 0.000001 0.000001 0.000001 0.000000 0.000000 0.000000 0.000000 0.000000 0.000000 0.000000 0.000000 0.000000 0.000000 0.000000 0.000000 0.000000 0.000000 0.000000 0.000000 0.000000 0.000000 0.000000 0.000000 0.000000 0.000000 0.000000 0.000000 
0.000000 0.000000 0.000000 0.000000 0.000000 0.000000 0.000000 0.000000 0.000000 0.000000 0.000000 0.000000 0.000000 0.000000 0.000000 0.000000 0.000000 0.000000 0.000000 0.000000 0.000000 0.000000 0.000000 0.000001 0.000001 0.000001 0.000002 0.000003 0.000004 0.000005 0.000007 0.000009 0.000012 0.000016 0.000020 0.000025 0.000032 0.000039 0.000046 0.000055 0.000064 0.000074 0.000084 0.000094 0.000104 0.000113 0.000121 0.000127 0.000132 0.000135 0.000136 0.000135 0.000132 0.000127 0.000121 0.000113 0.000104 0.000094 0.000084 0.000074 0.000064 0.000055 0.000046 0.000039 0.000032 0.000025 0.000020 0.000016 0.000012 0.000009 0.000007 0.000005 0.000004 0.000003 0.000002 0.000001 0.000001 0.000001 0.000000 0.000000 0.000000 0.000000 0.000000 0.000000 0.000000 0.000000 0.000000 0.000000 0.000000 0.000000 0.000000 0.000000 0.000000 0.000000 0.000000 0.000000 0.000000 0.000000 0.000000 0.000000 
0.000000 0.000000 0.000000 0.000000 0.000000 0.000000 0.000000 0.000000 0.000000 0.000000 0.000000 0.000000 0.000000 0.000000 0.000000 0.000000 0.000000 0.000000 0.000000 0.000000 0.000000 0.000000 0.000001 0.000001 0.000002 0.000002 0.000004 0.000005 0.000007 0.000010 0.000013 0.000017 0.000023 0.000029 0.000038 0.000047 0.000059 0.000072 0.000087 0.000103 0.000120 0.000138 0.000157 0.000176 0.000193 0.000210 0.000224 0.000236 0.000245 0.000251 0.000253 0.000251 0.000245 0.000236 0.000224 0.000210 0.000193 0.000176 0.000157 0.000138 0.000120 0.000103 0.000087 0.000072 0.000059 0.000047 0.000038 0.000029 0.000023 0.000017 0.000013 0.000010 0.000007 0.000005 0.000004 0.000002 0.000002 0.000001 0.000001 0.000000 0.000000 0.000000 0.000000 0.000000 0.000000 0.000000 0.000000 0.000000 0.000000 0.000000 0.000000 0.000000 0.000000 0.000000 0.000000 0.000000 0.000000 0.000000 0.000000 0.000000 
0.000000 0.000000 0.000000 0.000000 0.000000 0.000000 0.000000 0.000000 0.000000 0.000000 0.000000 0.000000 0.000000 0.000000 0.000000 0.000000 0.000000 0.000000 0.000000 0.000000 0.000001 0.000001 0.000001 0.000002 0.000003 0.000005 0.000006 0.000009 0.000013 0.000018 0.000024 0.000032 0.000042 0.000054 0.000069 0.000087 0.000108 0.000132 0.000159 0.000189 0.000221 0.000254 0.000289 0.000323 0.000356 0.000386 0.000413 0.000435 0.000451 0.000461 0.000465 0.000461 0.000451 0.000435 0.000413 0.000386 0.000356 0.000323 0.000289 0.000254 0.000221 0.000189 0.000159 0.000132 0.000108 0.000087 0.000069 0.000054 0.000042 0.000032 0.000024 0.000018 0.000013 0.000009 0.000006 0.000005 0.000003 0.000002 0.000001 0.000001 0.000001 0.000000 0.000000 0.000000 0.000000 0.000000 0.000000 0.000000 0.000000 0.000000 0.000000 0.000000 0.000000 0.000000 0.000000 0.000000 0.000000 0.000000 0.000000 0.000000 
0.000000 0.000000 0.000000 0.000000 0.000000 0.000000 0.000000 0.000000 0.000000 0.000000 0.000000 0.000000 0.000000 0.000000 0.000000 0.000000 0.000000 0.000000 0.000000 0.000001 0.000001 0.000002 0.000003 0.000004 0.000006 0.000008 0.000012 0.000017 0.000023 0.000032 0.000044 0.000058 0.000076 0.000099 0.000126 0.000159 0.000197 0.000241 0.000290 0.000344 0.000401 0.000462 0.000524 0.000586 0.000646 0.000701 0.000749 0.000789 0.000819 0.000837 0.000844 0.000837 0.000819 0.000789 0.000749 0.000701 0.000646 0.000586 0.000524 0.000462 0.000401 0.000344 0.000290 0.000241 0.000197 0.000159 0.000126 0.000099 0.000076 0.000058 0.000044 0.000032 0.000023 0.000017 0.000012 0.000008 0.000006 0.000004 0.000003 0.000002 0.000001 0.000001 0.000000 0.000000 0.000000 0.000000 0.000000 0.000000 0.000000 0.000000 0.000000 0.000000 0.000000 0.000000 0.000000 0.000000 0.000000 0.000000 0.000000 0.000000 
0.000000 0.000000 0.000000 0.000000 0.000000 0.000000 0.000000 0.000000 0.000000 0.000000 0.000000 0.000000 0.000000 0.000000 0.000000 0.000000 0.000000 0.000000 0.000001 0.000001 0.000002 0.000003 0.000005 0.000007 0.000010 0.000015 0.000021 0.000030 0.000042 0.000058 0.000078 0.000104 0.000137 0.000178 0.000227 0.000285 0.000353 0.000432 0.000519 0.000616 0.000719 0.000828 0.000939 0.001050 0.001156 0.001255 0.001341 0.001413 0.001466 0.001499 0.001510 0.001499 0.001466 0.001413 0.001341 0.001255 0.001156 0.001050 0.000939 0.000828 0.000719 0.000616 0.000519 0.000432 0.000353 0.000285 0.000227 0.000178 0.000137 0.000104 0.000078 0.000058 0.000042 0.000030 0.000021 0.000015 0.000010 0.000007 0.000005 0.000003 0.000002 0.000001 0.000001 0.000000 0.000000 0.000000 0.000000 0.000000 0.000000 0.000000 0.000000 0.000000 0.000000 0.000000 0.000000 0.000000 0.000000 0.000000 0.000000 0.000000 
0.000000 0.000000 0.000000 0.000000 0.000000 0.000000 0.000000 0.000000 0.000000 0.000000 0.000000 0.000000 0.000000 0.000000 0.000000 0.000000 0.000001 0.000001 0.000001 0.000002 0.000004 0.000005 0.000008 0.000012 0.000018 0.000027 0.000038 0.000054 0.000075 0.000103 0.000139 0.000185 0.000243 0.000315 0.000402 0.000505 0.000626 0.000764 0.000919 0.001089 0.001272 0.001464 0.001661 0.001856 0.002043 0.002217 0.002369 0.002495 0.002589 0.002648 0.002667 0.002648 0.002589 0.002495 0.002369 0.002217 0.002043 0.001856 0.001661 0.001464 0.001272 0.001089 0.000919 0.000764 0.000626 0.000505 0.000402 0.000315 0.000243 0.000185 0.000139 0.000103 0.000075 0.000054 0.000038 0.000027 0.000018 0.000012 0.000008 0.000005 0.000004 0.000002 0.000001 0.000001 0.000001 0.000000 0.000000 0.000000 0.000000 0.000000 0.000000 0.000000 0.000000 0.000000 0.000000 0.000000 0.000000 0.000000 0.000000 0.000000 
0.000000 0.000000 0.000000 0.000000 0.000000 0.000000 0.000000 0.000000 0.000000 0.000000 0.000000 0.000000 0.000000 0.000000 0.000000 0.000001 0.000001 0.000002 0.000003 0.000004 0.000006 0.000010 0.000015 0.000022 0.000032 0.000047 0.000067 0.000094 0.000131 0.000180 0.000243 0.000324 0.000426 0.000551 0.000702 0.000882 0.001093 0.001334 0.001604 0.001901 0.002220 0.002554 0.002896 0.003235 0.003562 0.003864 0.004129 0.004349 0.004513 0.004614 0.004648 0.004614 0.004513 0.004349 0.004129 0.003864 0.003562 0.003235 0.002896 0.002554 0.002220 0.001901 0.001604 0.001334 0.001093 0.000882 0.000702 0.000551 0.000426 0.000324 0.000243 0.000180 0.000131 0.000094 0.000067 0.000047 0.000032 0.000022 0.000015 0.000010 0.000006 0.000004 0.000003 0.000002 0.000001 0.000001 0.000000 0.000000 0.000000 0.000000 0.000000 0.000000 0.000000 0.000000 0.000000 0.000000 0.000000 0.000000 0.000000 0.000000 
0.000000 0.000000 0.000000 0.000000 0.000000 0.000000 0.000000 0.000000 0.000000 0.000000 0.000000 0.000000 0.000000 0.000000 0.000001 0.000001 0.000002 0.000003 0.000004 0.000007 0.000011 0.000017 0.000025 0.000038 0.000056 0.000081 0.000116 0.000163 0.000227 0.000311 0.000420 0.000559 0.000734 0.000950 0.001211 0.001521 0.001883 0.002297 0.002762 0.003272 0.003820 0.004395 0.004982 0.005565 0.006126 0.006644 0.007100 0.007477 0.007758 0.007932 0.007991 0.007932 0.007758 0.007477 0.007100 0.006644 0.006126 0.005565 0.004982 0.004395 0.003820 0.003272 0.002762 0.002297 0.001883 0.001521 0.001211 0.000950 0.000734 0.000559 0.000420 0.000311 0.000227 0.000163 0.000116 0.000081 0.000056 0.000038 0.000025 0.000017 0.000011 0.000007 0.000004 0.000003 0.000002 0.000001 0.000001 0.000000 0.000000 0.000000 0.000000 0.000000 0.000000 0.000000 0.000000 0.000000 0.000000 0.000000 0.000000 0.000000 
0.000000 0.000000 0.000000 0.000000 0.000000 0.000000 0.000000 0.000000 0.000000 0.000000 0.000000 0.000000 0.000000 0.000001 0.000001 0.000002 0.000003 0.000005 0.000008 0.000012 0.000019 0.000028 0.000043 0.000064 0.000095 0.000138 0.000197 0.000278 0.000387 0.000530 0.000715 0.000952 0.001250 0.001616 0.002059 0.002586 0.003200 0.003903 0.004691 0.005557 0.006486 0.007460 0.008455 0.009443 0.010393 0.011271 0.012044 0.012682 0.013158 0.013452 0.013552 0.013452 0.013158 0.012682 0.012044 0.011271 0.010393 0.009443 0.008455 0.007460 0.006486 0.005557 0.004691 0.003903 0.003200 0.002586 0.002059 0.001616 0.001250 0.000952 0.000715 0.000530 0.000387 0.000278 0.000197 0.000138 0.000095 0.000064 0.000043 0.000028 0.000019 0.000012 0.000008 0.000005 0.000003 0.000002 0.000001 0.000001 0.000000 0.000000 0.000000 0.000000 0.000000 0.000000 0.000000 0.000000 0.000000 0.000000 0.000000 0.000000 
0.000000 0.000000 0.000000 0.000000 0.000000 0.000000 0.000000 0.000000 0.000000 0.000000 0.000000 0.000000 0.000001 0.000001 0.000002 0.000003 0.000005 0.000008 0.000013 0.000020 0.000031 0.000048 0.000073 0.000109 0.000160 0.000232 0.000332 0.000468 0.000650 0.000890 0.001202 0.001599 0.002098 0.002711 0.003454 0.004336 0.005365 0.006542 0.007861 0.009308 0.010862 0.012491 0.014155 0.015807 0.017394 0.018861 0.020153 0.021219 0.022014 0.022506 0.022672 0.022506 0.022014 0.021219 0.020153 0.018861 0.017394 0.015807 0.014155 0.012491 0.010862 0.009308 0.007861 0.006542 0.005365 0.004336 0.003454 0.002711 0.002098 0.001599 0.001202 0.000890 0.000650 0.000468 0.000332 0.000232 0.000160 0.000109 0.000073 0.000048 0.000031 0.000020 0.000013 0.000008 0.000005 0.000003 0.000002 0.000001 0.000001 0.000000 0.000000 0.000000 0.000000 0.000000 0.000000 0.000000 0.000000 0.000000 0.000000 0.000000 
0.000000 0.000000 0.000000 0.000000 0.000000 0.000000 0.000000 0.000000 0.000000 0.000000 0.000000 0.000001 0.000001 0.000002 0.000003 0.000005 0.000008 0.000013 0.000021 0.000033 0.000052 0.000080 0.000121 0.000181 0.000266 0.000385 0.000551 0.000776 0.001078 0.001476 0.001992 0.002649 0.003473 0.004488 0.005715 0.007172 0.008872 0.010814 0.012992 0.015381 0.017945 0.020632 0.023376 0.026100 0.028716 0.031134 0.033264 0.035021 0.036332 0.037142 0.037416 0.037142 0.036332 0.035021 0.033264 0.031134 0.028716 0.026100 0.023376 0.020632 0.017945 0.015381 0.012992 0.010814 0.008872 0.007172 0.005715 0.004488 0.003473 0.002649 0.001992 0.001476 0.001078 0.000776 0.000551 0.000385 0.000266 0.000181 0.000121 0.000080 0.000052 0.000033 0.000021 0.000013 0.000008 0.000005 0.000003 0.000002 0.000001 0.000001 0.000000 0.000000 0.000000 0.000000 0.000000 0.000000 0.000000 0.000000 0.000000 0.000000 
0.000000 0.000000 0.000000 0.000000 0.000000 0.000000 0.000000 0.000000 0.000000 0.000000 0.000001 0.000001 0.000002 0.000003 0.000005 0.000008 0.000013 0.000022 0.000035 0.000055 0.000086 0.000131 0.000199 0.000296 0.000435 0.000631 0.000902 0.001270 0.001763 0.002413 0.003255 0.004328 0.005672 0.007326 0.009327 0.011702 0.014470 0.017634 0.021179 0.025068 0.029241 0.033613 0.038077 0.042507 0.046763 0.050695 0.054158 0.057014 0.059146 0.060463 0.060909 0.060463 0.059146 0.057014 0.054158 0.050695 0.046763 0.042507 0.038077 0.033613 0.029241 0.025068 0.021179 0.017634 0.014470 0.011702 0.009327 0.007326 0.005672 0.004328 0.003255 0.002413 0.001763 0.001270 0.000902 0.000631 0.000435 0.000296 0.000199 0.000131 0.000086 0.000055 0.000035 0.000022 0.000013 0.000008 0.000005 0.000003 0.000002 0.000001 0.000001 0.000000 0.000000 0.000000 0.000000 0.000000 0.000000 0.000000 0.000000 0.000000 
0.000000 0.000000 0.000000 0.000000 0.000000 0.000000 0.000000 0.000000 0.000000 0.000000 0.000001 0.000002 0.000003 0.000005 0.000008 0.000013 0.000022 0.000035 0.000056 0.000089 0.000139 0.000212 0.000321 0.000479 0.000704 0.001020 0.001456 0.002050 0.002845 0.003891 0.005247 0.006974 0.009136 0.011797 0.015013 0.018831 0.023278 0.028361 0.034054 0.040299 0.046997 0.054014 0.061178 0.068286 0.075112 0.081420 0.086973 0.091554 0.094973 0.097086 0.097800 0.097086 0.094973 0.091554 0.086973 0.081420 0.075112 0.068286 0.061178 0.054014 0.046997 0.040299 0.034054 0.028361 0.023278 0.018831 0.015013 0.011797 0.009136 0.006974 0.005247 0.003891 0.002845 0.002050 0.001456 0.001020 0.000704 0.000479 0.000321 0.000212 0.000139 0.000089 0.000056 0.000035 0.000022 0.000013 0.000008 0.000005 0.000003 0.000002 0.000001 0.000000 0.000000 0.000000 0.000000 0.000000 0.000000 0.000000 0.000000 0.000000 
0.000000 0.000000 0.000000 0.000000 0.000000 0.000000 0.000000 0.000000 0.000000 0.000001 0.000001 0.000003 0.000004 0.000008 0.000013 0.000021 0.000035 0.000056 0.000090 0.000142 0.000221 0.000339 0.000513 0.000764 0.001122 0.001624 0.002318 0.003263 0.004526 0.006189 0.008342 0.011083 0.014514 0.018734 0.023834 0.029886 0.036935 0.044989 0.054007 0.063896 0.074501 0.085610 0.096949 0.108197 0.118999 0.128978 0.137764 0.145010 0.150418 0.153760 0.154890 0.153760 0.150418 0.145010 0.137764 0.128978 0.118999 0.108197 0.096949 0.085610 0.074501 0.063896 0.054007 0.044989 0.036935 0.029886 0.023834 0.018734 0.014514 0.011083 0.008342 0.006189 0.004526 0.003263 0.002318 0.001624 0.001122 0.000764 0.000513 0.000339 0.000221 0.000142 0.000090 0.000056 0.000035 0.000021 0.000013 0.000008 0.000004 0.000003 0.000001 0.000001 0.000000 0.000000 0.000000 0.000000 0.000000 0.000000 0.000000 0.000000 
0.000000 0.000000 0.000000 0.000000 0.000000 0.000000 0.000000 0.000000 0.000001 0.000001 0.000002 0.000004 0.000007 0.000012 0.000020 0.000033 0.000055 0.000089 0.000142 0.000224 0.000348 0.000534 0.000806 0.001201 0.001763 0.002551 0.003641 0.005121 0.007101 0.009706 0.013078 0.017369 0.022738 0.029341 0.037317 0.046780 0.057799 0.070384 0.084473 0.099919 0.116482 0.133827 0.151528 0.169086 0.185944 0.201518 0.215227 0.226532 0.234970 0.240184 0.241947 0.240184 0.234970 0.226532 0.215227 0.201518 0.185944 0.169086 0.151528 0.133827 0.116482 0.099919 0.084473 0.070384 0.057799 0.046780 0.037317 0.029341 0.022738 0.017369 0.013078 0.009706 0.007101 0.005121 0.003641 0.002551 0.001763 0.001201 0.000806 0.000534 0.000348 0.000224 0.000142 0.000089 0.000055 0.000033 0.000020 0.000012 0.000007 0.000004 0.000002 0.000001 0.000001 0.000000 0.000000 0.000000 0.000000 0.000000 0.000000 0.000000 
0.000000 0.000000 0.000000 0.000000 0.000000 0.000000 0.000000 0.000001 0.000001 0.000002 0.000004 0.000006 0.000011 0.000019 0.000031 0.000052 0.000086 0.000139 0.000221 0.000348 0.000541 0.000829 0.001251 0.001862 0.002732 0.003953 0.005637 0.007926 0.010987 0.015012 0.020219 0.026845 0.035132 0.045319 0.057622 0.072214 0.089200 0.108597 0.130307 0.154103 0.179614 0.206324 0.233580 0.260611 0.286561 0.310531 0.331630 0.349028 0.362013 0.370035 0.372748 0.370035 0.362013 0.349028 0.331630 0.310531 0.286561 0.260611 0.233580 0.206324 0.179614 0.154103 0.130307 0.108597 0.089200 0.072214 0.057622 0.045319 0.035132 0.026845 0.020219 0.015012 0.010987 0.007926 0.005637 0.003953 0.002732 0.001862 0.001251 0.000829 0.000541 0.000348 0.000221 0.000139 0.000086 0.000052 0.000031 0.000019 0.000011 0.000006 0.000004 0.000002 0.000001 0.000001 0.000000 0.000000 0.000000 0.000000 0.000000 0.000000 
0.000000 0.000000 0.000000 0.000000 0.000000 0.000000 0.000000 0.000001 0.000002 0.000003 0.000005 0.000010 0.000017 0.000028 0.000048 0.000080 0.000131 0.000212 0.000339 0.000534 0.000829 0.001268 0.001913 0.002847 0.004175 0.006038 0.008608 0.012098 0.016763 0.022896 0.030827 0.040915 0.053529 0.069030 0.087746 0.109936 0.135762 0.165245 0.198238 0.234392 0.273145 0.313713 0.355104 0.396147 0.435544 0.471931 0.503957 0.530365 0.550072 0.562247 0.566365 0.562247 0.550072 0.530365 0.503957 0.471931 0.435544 0.396147 0.355104 0.313713 0.273145 0.234392 0.198238 0.165245 0.135762 0.109936 0.087746 0.069030 0.053529 0.040915 0.030827 0.022896 0.016763 0.012098 0.008608 0.006038 0.004175 0.002847 0.001913 0.001268 0.000829 0.000534 0.000339 0.000212 0.000131 0.000080 0.000048 0.000028 0.000017 0.000010 0.000005 0.000003 0.000002 0.000001 0.000000 0.000000 0.000000 0.000000 0.000000 0.000000 
0.000000 0.000000 0.000000 0.000000 0.000000 0.000000 0.000001 0.000001 0.000003 0.000005 0.000008 0.000015 0.000025 0.000043 0.000073 0.000121 0.000199 0.000321 0.000513 0.000806 0.001251 0.001913 0.002886 0.004291 0.006292 0.009094 0.012960 0.018209 0.025220 0.034434 0.046348 0.061494 0.080428 0.103689 0.131765 0.165046 0.203769 0.247966 0.297412 0.351587 0.409645 0.470412 0.532401 0.593862 0.652852 0.707329 0.755273 0.794804 0.824302 0.842526 0.848690 0.842526 0.824302 0.794804 0.755273 0.707329 0.652852 0.593862 0.532401 0.470412 0.409645 0.351587 0.297412 0.247966 0.203769 0.165046 0.131765 0.103689 0.080428 0.061494 0.046348 0.034434 0.025220 0.018209 0.012960 0.009094 0.006292 0.004291 0.002886 0.001913 0.001251 0.000806 0.000513 0.000321 0.000199 0.000121 0.000073 0.000043 0.000025 0.000015 0.000008 0.000005 0.000003 0.000001 0.000001 0.000000 0.000000 0.000000 0.000000 0.000000 
0.000000 0.000000 0.000000 0.000000 0.000000 0.000001 0.000001 0.000002 0.000004 0.000007 0.000012 0.000022 0.000038 0.000064 0.000109 0.000181 0.000296 0.000479 0.000764 0.001201 0.001862 0.002847 0.004291 0.006379 0.009348 0.013507 0.019241 0.027022 0.037414 0.051066 0.068712 0.091139 0.119164 0.153585 0.195121 0.244344 0.301601 0.366938 0.440020 0.520076 0.605855 0.695621 0.787181 0.877948 0.965056 1.045493 1.116278 1.174636 1.218184 1.245085 1.254184 1.245085 1.218184 1.174636 1.116278 1.045493 0.965056 0.877948 0.787181 0.695621 0.605855 0.520076 0.440020 0.366938 0.301601 0.244344 0.195121 0.153585 0.119164 0.091139 0.068712 0.051066 0.037414 0.027022 0.019241 0.013507 0.009348 0.006379 0.004291 0.002847 0.001862 0.001201 0.000764 0.000479 0.000296 0.000181 0.000109 0.000064 0.000038 0.000022 0.000012 0.000007 0.000004 0.000002 0.000001 0.000001 0.000000 0.000000 0.000000 0.000000 
0.000000 0.000000 0.000000 0.000000 0.000000 0.000001 0.000002 0.000003 0.000006 0.000010 0.000018 0.000032 0.000056 0.000095 0.000160 0.000266 0.000435 0.000704 0.001122 0.001763 0.002732 0.004175 0.006292 0.009348 0.013694 0.019779 0.028165 0.039542 0.054728 0.074675 0.100445 0.133191 0.174098 0.224326 0.284920 0.356711 0.440201 0.535451 0.641972 0.758635 0.883618 1.014390 1.147755 1.279951 1.406802 1.523929 1.626992 1.711958 1.775357 1.814520 1.827766 1.814520 1.775357 1.711958 1.626992 1.523929 1.406802 1.279951 1.147755 1.014390 0.883618 0.758635 0.641972 0.535451 0.440201 0.356711 0.284920 0.224326 0.174098 0.133191 0.100445 0.074675 0.054728 0.039542 0.028165 0.019779 0.013694 0.009348 0.006292 0.004175 0.002732 0.001763 0.001122 0.000704 0.000435 0.000266 0.000160 0.000095 0.000056 0.000032 0.000018 0.000010 0.000006 0.000003 0.000002 0.000001 0.000000 0.000000 0.000000 0.000000 
0.000000 0.000000 0.000000 0.000000 0.000001 0.000001 0.000002 0.000005 0.000008 0.000015 0.000027 0.000047 0.000081 0.000138 0.000232 0.000385 0.000631 0.001020 0.001624 0.002551 0.003953 0.006038 0.009094 0.013507 0.019779 0.028557 0.040651 0.057050 0.078934 0.107669 0.144783 0.191926 0.250804 0.323078 0.410247 0.513498 0.633548 0.770480 0.923585 1.091238 1.270816 1.458685 1.650255 1.840122 2.022293 2.190484 2.338470 2.460463 2.551485 2.607711 2.626727 2.607711 2.551485 2.460463 2.338470 2.190484 2.022293 1.840122 1.650255 1.458685 1.270816 1.091238 0.923585 0.770480 0.633548 0.513498 0.410247 0.323078 0.250804 0.191926 0.144783 0.107669 0.078934 0.057050 0.040651 0.028557 0.019779 0.013507 0.009094 0.006038 0.003953 0.002551 0.001624 0.001020 0.000631 0.000385 0.000232 0.000138 0.000081 0.000047 0.000027 0.000015 0.000008 0.000005 0.000002 0.000001 0.000001 0.000000 0.000000 0.000000 
0.000000 0.000000 0.000000 0.000001 0.000001 0.000002 0.000004 0.000006 0.000012 0.000021 0.000038 0.000067 0.000116 0.000197 0.000332 0.000551 0.000902 0.001456 0.002318 0.003641 0.005637 0.008608 0.012960 0.019241 0.028165 0.040651 0.057845 0.081154 0.112250 0.153065 0.205767 0.272692 0.356253 0.458800 0.582450 0.728880 0.899099 1.093214 1.310216 1.547796 1.802237 2.068387 2.339743 2.608657 2.866645 3.104815 3.314358 3.487085 3.615957 3.695559 3.722482 3.695559 3.615957 3.487085 3.314358 3.104815 2.866645 2.608657 2.339743 2.068387 1.802237 1.547796 1.310216 1.093214 0.899099 0.728880 0.582450 0.458800 0.356253 0.272692 0.205767 0.153065 0.112250 0.081154 0.057845 0.040651 0.028165 0.019241 0.012960 0.008608 0.005637 0.003641 0.002318 0.001456 0.000902 0.000551 0.000332 0.000197 0.000116 0.000067 0.000038 0.000021 0.000012 0.000007 0.000004 0.000002 0.000001 0.000001 0.000000 0.000000 
0.000000 0.000000 0.000000 0.000001 0.000001 0.000003 0.000005 0.000009 0.000017 0.000030 0.000054 0.000094 0.000163 0.000278 0.000468 0.000776 0.001270 0.002050 0.003263 0.005121 0.007926 0.012098 0.018209 0.027022 0.039542 0.057050 0.081154 0.113819 0.157382 0.214546 0.288335 0.382014 0.498948 0.642415 0.815366 1.020135 1.258121 1.529467 1.832749 2.164737 2.520232 2.892035 3.271066 3.646642 4.006926 4.339505 4.632089 4.873254 5.053180 5.164315 5.201902 5.164315 5.053180 4.873254 4.632089 4.339505 4.006926 3.646642 3.271066 2.892035 2.520232 2.164737 1.832749 1.529467 1.258121 1.020135 0.815366 0.642415 0.498948 0.382014 0.288335 0.214546 0.157382 0.113819 0.081154 0.057050 0.039542 0.027022 0.018209 0.012098 0.007926 0.005121 0.003263 0.002050 0.001270 0.000776 0.000468 0.000278 0.000163 0.000094 0.000054 0.000030 0.000017 0.000009 0.000005 0.000003 0.000001 0.000001 0.000001 0.000001 
0.000000 0.000000 0.000001 0.000001 0.000002 0.000004 0.000007 0.000013 0.000023 0.000042 0.000075 0.000131 0.000227 0.000387 0.000650 0.001078 0.001763 0.002845 0.004526 0.007101 0.010987 0.016763 0.025220 0.037414 0.054728 0.078934 0.112250 0.157382 0.217554 0.296490 0.398355 0.527644 0.688988 0.886896 1.125423 1.407771 1.735858 2.109864 2.527819 2.985261 3.475022 3.987183 4.509238 5.026482 5.522617 5.980566 6.383416 6.715452 6.963165 7.116165 7.167911 7.116165 6.963165 6.715452 6.383416 5.980566 5.522617 5.026482 4.509238 3.987183 3.475022 2.985261 2.527819 2.109864 1.735858 1.407771 1.125423 0.886896 0.688988 0.527644 0.398355 0.296490 0.217554 0.157382 0.112250 0.078934 0.054728 0.037414 0.025220 0.016763 0.010987 0.007101 0.004526 0.002845 0.001763 0.001078 0.000650 0.000387 0.000227 0.000131 0.000075 0.000042 0.000023 0.000013 0.000007 0.000004 0.000002 0.000001 0.000001 0.000001 
0.000001 0.000001 0.000001 0.000001 0.000003 0.000005 0.000010 0.000018 0.000032 0.000058 0.000103 0.000180 0.000311 0.000530 0.000890 0.001476 0.002413 0.003891 0.006189 0.009706 0.015012 0.022896 0.034434 0.051066 0.074675 0.107669 0.153065 0.214546 0.296490 0.403956 0.542605 0.718536 0.938033 1.207213 1.531569 1.915440 2.361410 2.869709 3.437645 4.059144 4.724461 5.420119 6.129136 6.831547 7.505234 8.127022 8.673965 9.124741 9.461025 9.668728 9.738973 9.668728 9.461025 9.124741 8.673965 8.127022 7.505234 6.831547 6.129136 5.420119 4.724461 4.059144 3.437645 2.869709 2.361410 1.915440 1.531569 1.207213 0.938033 0.718536 0.542605 0.403956 0.296490 0.214546 0.153065 0.107669 0.074675 0.051066 0.034434 0.022896 0.015012 0.009706 0.006189 0.003891 0.002413 0.001476 0.000890 0.000530 0.000311 0.000180 0.000103 0.000058 0.000032 0.000018 0.000010 0.000005 0.000003 0.000002 0.000001 0.000001 
0.000001 0.000001 0.000001 0.000002 0.000004 0.000007 0.000013 0.000024 0.000044 0.000078 0.000139 0.000243 0.000420 0.000715 0.001202 0.001992 0.003255 0.005247 0.008342 0.013078 0.020219 0.030827 0.046348 0.068712 0.100445 0.144783 0.205767 0.288335 0.398355 0.542605 0.728664 0.964696 1.259111 1.620088 2.054970 2.569547 3.167261 3.848398 4.609331 5.441910 6.333070 7.264759 8.214236 9.154776 10.056779 10.889233 11.621441 12.224878 12.675034 12.953061 13.047088 12.953061 12.675034 12.224878 11.621441 10.889233 10.056779 9.154776 8.214236 7.264759 6.333070 5.441910 4.609331 3.848398 3.167261 2.569547 2.054970 1.620088 1.259111 0.964696 0.728664 0.542605 0.398355 0.288335 0.205767 0.144783 0.100445 0.068712 0.046348 0.030827 0.020219 0.013078 0.008342 0.005247 0.003255 0.001992 0.001202 0.000715 0.000420 0.000243 0.000139 0.000078 0.000044 0.000024 0.000013 0.000007 0.000004 0.000002 0.000001 0.000001 
0.000001 0.000001 0.000001 0.000003 0.000005 0.000009 0.000017 0.000032 0.000058 0.000104 0.000185 0.000324 0.000559 0.000952 0.001599 0.002649 0.004328 0.006974 0.011083 0.017369 0.026845 0.040915 0.061494 0.091139 0.133191 0.191926 0.272692 0.382014 0.527644 0.718536 0.964696 1.276901 1.666246 2.143518 2.718394 3.398494 4.188339 5.088278 6.093499 7.193214 8.370158 9.600489 10.854180 12.095957 13.286759 14.385668 15.352188 16.148694 16.742855 17.109816 17.233918 17.109816 16.742855 16.148694 15.352188 14.385668 13.286759 12.095957 10.854180 9.600489 8.370158 7.193214 6.093499 5.088278 4.188339 3.398494 2.718394 2.143518 1.666246 1.276901 0.964696 0.718536 0.527644 0.382014 0.272692 0.191926 0.133191 0.091139 0.061494 0.040915 0.026845 0.017369 0.011083 0.006974 0.004328 0.002649 0.001599 0.000952 0.000559 0.000324 0.000185 0.000104 0.000058 0.000032 0.000017 0.000009 0.000005 0.000003 0.000002 0.000002 
0.000001 0.000001 0.000002 0.000003 0.000006 0.000012 0.000023 0.000042 0.000076 0.000137 0.000243 0.000426 0.000734 0.001250 0.002098 0.003473 0.005672 0.009136 0.014514 0.022738 0.035132 0.053529 0.080428 0.119164 0.174098 0.250804 0.356253 0.498948 0.688988 0.938033 1.259111 1.666246 2.173873 2.796017 3.545254 4.431478 5.460540 6.632862 7.942146 9.374322 10.906891 12.508804 14.140973 15.757490 17.307531 18.737865 19.995813 21.032438 21.805694 22.283254 22.444759 22.283254 21.805694 21.032438 19.995813 18.737865 17.307531 15.757490 14.140973 12.508804 10.906891 9.374322 7.942146 6.632862 5.460540 4.431478 3.545254 2.796017 2.173873 1.666246 1.259111 0.938033 0.688988 0.498948 0.356253 0.250804 0.174098 0.119164 0.080428 0.053529 0.035132 0.022738 0.014514 0.009136 0.005672 0.003473 0.002098 0.001250 0.000734 0.000426 0.000243 0.000137 0.000076 0.000042 0.000023 0.000012 0.000007 0.000004 0.000003 0.000003 
0.000002 0.000002 0.000002 0.000004 0.000008 0.000016 0.000029 0.000054 0.000099 0.000178 0.000315 0.000551 0.000950 0.001616 0.002711 0.004488 0.007326 0.011797 0.018734 0.029341 0.045319 0.069030 0.103689 0.153585 0.224326 0.323078 0.458800 0.642415 0.886896 1.207213 1.620088 2.143518 2.796017 3.595569 4.558287 5.696836 7.018690 8.524349 10.205689 12.044615 14.012225 16.068651 18.163724 20.238536 22.227882 24.063480 25.677766 27.007981 28.000205 28.612987 28.820220 28.612987 28.000205 27.007981 25.677766 24.063480 22.227882 20.238536 18.163724 16.068651 14.012225 12.044615 10.205689 8.524349 7.018690 5.696836 4.558287 3.595569 2.796017 2.143518 1.620088 1.207213 0.886896 0.642415 0.458800 0.323078 0.224326 0.153585 0.103689 0.069030 0.045319 0.029341 0.018734 0.011797 0.007326 0.004488 0.002711 0.001616 0.000950 0.000551 0.000315 0.000178 0.000099 0.000054 0.000029 0.000016 0.000009 0.000005 0.000003 0.000003 
0.000002 0.000002 0.000003 0.000006 0.000011 0.000020 0.000038 0.000069 0.000126 0.000227 0.000402 0.000702 0.001211 0.002059 0.003454 0.005715 0.009327 0.015013 0.023834 0.037317 0.057622 0.087746 0.131765 0.195121 0.284920 0.410247 0.582450 0.815366 1.125423 1.531569 2.054970 2.718394 3.545254 4.558287 5.777851 7.219935 8.893948 10.800476 12.929190 15.257152 17.747753 20.350524 23.001979 25.627588 28.144872 30.467470 32.509940 34.192925 35.448249 36.223502 36.485677 36.223502 35.448249 34.192925 32.509940 30.467470 28.144872 25.627588 23.001979 20.350524 17.747753 15.257152 12.929190 10.800476 8.893948 7.219935 5.777851 4.558287 3.545254 2.718394 2.054970 1.531569 1.125423 0.815366 0.582450 0.410247 0.284920 0.195121 0.131765 0.087746 0.057622 0.037317 0.023834 0.015013 0.009327 0.005715 0.003454 0.002059 0.001211 0.000702 0.000402 0.000227 0.000126 0.000069 0.000038 0.000020 0.000011 0.000006 0.000004 0.000004 
0.000003 0.000003 0.000004 0.000007 0.000013 0.000025 0.000047 0.000087 0.000159 0.000285 0.000505 0.000882 0.001521 0.002586 0.004336 0.007172 0.011702 0.018831 0.029886 0.046780 0.072214 0.109936 0.165046 0.244344 0.356711 0.513498 0.728880 1.020135 1.407771 1.915440 2.569547 3.398494 4.431478 5.696836 7.219935 9.020672 11.110737 13.490801 16.147923 19.053433 22.161621 25.409498 28.717853 31.993720 35.134232 38.031700 40.579590 42.678961 44.244820 45.211833 45.538855 45.211833 44.244820 42.678961 40.579590 38.031700 35.134232 31.993720 28.717853 25.409498 22.161621 19.053433 16.147923 13.490801 11.110737 9.020672 7.219935 5.696836 4.431478 3.398494 2.569547 1.915440 1.407771 1.020135 0.728880 0.513498 0.356711 0.244344 0.165046 0.109936 0.072214 0.046780 0.029886 0.018831 0.011702 0.007172 0.004336 0.002586 0.001521 0.000882 0.000505 0.000285 0.000159 0.000087 0.000047 0.000026 0.000014 0.000008 0.000005 0.000005 
0.000003 0.000003 0.000005 0.000009 0.000017 0.000032 0.000059 0.000108 0.000197 0.000353 0.000626 0.001093 0.001883 0.003200 0.005365 0.008872 0.014470 0.023278 0.036935 0.057799 0.089200 0.135762 0.203769 0.301601 0.440201 0.633548 0.899099 1.258121 1.735858 2.361410 3.167261 4.188339 5.460540 7.018690 8.893948 11.110737 13.683371 16.612614 19.882480 23.457649 27.281850 31.277577 35.347395 39.376973 43.239822 46.803542 49.937168 52.519076 54.444796 55.634025 56.036191 55.634025 54.444796 52.519076 49.937168 46.803542 43.239822 39.376973 35.347395 31.277577 27.281850 23.457649 19.882480 16.612614 13.683371 11.110737 8.893948 7.018690 5.460540 4.188339 3.167261 2.361410 1.735858 1.258121 0.899099 0.633548 0.440201 0.301601 0.203769 0.135762 0.089200 0.057799 0.036935 0.023278 0.014470 0.008872 0.005365 0.003200 0.001883 0.001093 0.000626 0.000353 0.000197 0.000108 0.000059 0.000032 0.000017 0.000010 0.000007 0.000007 
0.000004 0.000004 0.000006 0.000011 0.000020 0.000039 0.000072 0.000132 0.000241 0.000432 0.000764 0.001334 0.002297 0.003903 0.006542 0.010814 0.017634 0.028361 0.044989 0.070384 0.108597 0.165245 0.247966 0.366938 0.535451 0.770480 1.093214 1.529467 2.109864 2.869709 3.848398 5.088278 6.632862 8.524349 10.800476 13.490801 16.612614 20.166765 24.133798 28.470812 33.109520 37.955902 42.891796 47.778574 52.462895 56.784268 60.583957 63.714558 66.049466 67.491367 67.978976 67.491367 66.049466 63.714558 60.583957 56.784268 52.462895 47.778574 42.891796 37.955902 33.109520 28.470812 24.133798 20.166765 16.612614 13.490801 10.800476 8.524349 6.632862 5.088278 3.848398 2.869709 2.109864 1.529467 1.093214 0.770480 0.535451 0.366938 0.247966 0.165245 0.108597 0.070384 0.044989 0.028361 0.017634 0.010814 0.006542 0.003903 0.002297 0.001334 0.000764 0.000432 0.000241 0.000132 0.000072 0.000039 0.000021 0.000012 0.000008 0.000008 
0.000005 0.000005 0.000007 0.000013 0.000025 0.000046 0.000087 0.000159 0.000290 0.000519 0.000919 0.001604 0.002762 0.004691 0.007861 0.012992 0.021179 0.034054 0.054007 0.084473 0.130307 0.198238 0.297412 0.440020 0.641972 0.923585 1.310216 1.832749 2.527819 3.437645 4.609331 6.093499 7.942146 10.205689 12.929190 16.147923 19.882480 24.133798 28.878532 34.065321 39.612466 45.407531 51.309236 57.151872 62.752161 67.918302 72.460609 76.202951 78.994054 80.717649 81.300513 80.717649 78.994054 76.202951 72.460609 67.918302 62.752161 57.151872 51.309236 45.407531 39.612466 34.065321 28.878532 24.133798 19.882480 16.147923 12.929190 10.205689 7.942146 6.093499 4.609331 3.437645 2.527819 1.832749 1.310216 0.923585 0.641972 0.440020 0.297412 0.198238 0.130307 0.084473 0.054007 0.034054 0.021179 0.012992 0.007861 0.004691 0.002762 0.001604 0.000919 0.000519 0.000290 0.000159 0.000087 0.000047 0.000025 0.000014 0.000010 0.000010 
0.000006 0.000006 0.000009 0.000016 0.000029 0.000055 0.000103 0.000189 0.000344 0.000616 0.001089 0.001901 0.003272 0.005557 0.009308 0.015381 0.025068 0.040299 0.063896 0.099919 0.154103 0.234392 0.351587 0.520076 0.758635 1.091238 1.547796 2.164737 2.985261 4.059144 5.441910 7.193214 9.374322 12.044615 15.257152 19.053433 23.457649 28.470812 34.065321 40.180559 46.720172 53.551595 60.508307 67.395015 73.995756 80.084545 85.437903 89.848339 93.137651 95.168877 95.855769 95.168877 93.137651 89.848339 85.437903 80.084545 73.995756 67.395015 60.508307 53.551595 46.720172 40.180559 34.065321 28.470812 23.457649 19.053433 15.257152 12.044615 9.374322 7.193214 5.441910 4.059144 2.985261 2.164737 1.547796 1.091238 0.758635 0.520076 0.351587 0.234392 0.154103 0.099919 0.063896 0.040299 0.025068 0.015381 0.009308 0.005557 0.003272 0.001901 0.001089 0.000616 0.000344 0.000189 0.000103 0.000055 0.000030 0.000017 0.000012 0.000012 
0.000007 0.000007 0.000010 0.000018 0.000034 0.000064 0.000120 0.000221 0.000401 0.000719 0.001272 0.002220 0.003820 0.006486 0.010862 0.017945 0.029241 0.046997 0.074501 0.116482 0.179614 0.273145 0.409645 0.605855 0.883618 1.270816 1.802237 2.520232 3.475022 4.724461 6.333070 8.370158 10.906891 14.012225 17.747753 22.161621 27.281850 33.109520 39.612466 46.720172 54.320606 62.259696 70.343939 78.346435 86.016298 93.091025 99.311042 104.435359 108.257015 110.616946 111.414989 110.616946 108.257015 104.435359 99.311042 93.091025 86.016298 78.346435 70.343939 62.259696 54.320606 46.720172 39.612466 33.109520 27.281850 22.161621 17.747753 14.012225 10.906891 8.370158 6.333070 4.724461 3.475022 2.520232 1.802237 1.270816 0.883618 0.605855 0.409645 0.273145 0.179614 0.116482 0.074501 0.046997 0.029241 0.017945 0.010862 0.006486 0.003820 0.002220 0.001272 0.000720 0.000401 0.000221 0.000120 0.000065 0.000035 0.000020 0.000014 0.000014 
0.000008 0.000008 0.000012 0.000021 0.000039 0.000074 0.000138 0.000254 0.000462 0.000828 0.001464 0.002554 0.004395 0.007460 0.012491 0.020632 0.033613 0.054014 0.085610 0.133827 0.206324 0.313713 0.470412 0.695621 1.014390 1.458685 2.068387 2.892035 3.987183 5.420119 7.264759 9.600489 12.508804 16.068651 20.350524 25.409498 31.277577 37.955902 45.407531 53.551595 62.259696 71.355299 80.616730 89.784100 98.570073 106.674032 113.798739 119.668247 124.045583 126.748625 127.662691 126.748625 124.045583 119.668247 113.798739 106.674032 98.570073 89.784100 80.616730 71.355299 62.259696 53.551595 45.407531 37.955902 31.277577 25.409498 20.350524 16.068651 12.508804 9.600489 7.264759 5.420119 3.987183 2.892035 2.068387 1.458685 1.014390 0.695621 0.470412 0.313713 0.206324 0.133827 0.085610 0.054014 0.033613 0.020632 0.012491 0.007460 0.004395 0.002554 0.001464 0.000828 0.000462 0.000255 0.000139 0.000075 0.000041 0.000023 0.000016 0.000016 
0.000009 0.000009 0.000013 0.000024 0.000045 0.000084 0.000157 0.000289 0.000524 0.000939 0.001661 0.002896 0.004982 0.008455 0.014155 0.023376 0.038077 0.061178 0.096949 0.151528 0.233580 0.355104 0.532401 0.787181 1.147755 1.650255 2.339743 3.271066 4.509238 6.129136 8.214236 10.854180 14.140973 18.163724 23.001979 28.717853 35.347395 42.891796 51.309236 60.508307 70.343939 80.616730 91.076340 101.429304 111.351197 120.502624 128.548025 135.175889 140.118714 143.170920 144.203055 143.170920 140.118714 135.175889 128.548025 120.502624 111.351197 101.429304 91.076340 80.616730 70.343939 60.508307 51.309236 42.891796 35.347395 28.717853 23.001979 18.163724 14.140973 10.854180 8.214236 6.129136 4.509238 3.271066 2.339743 1.650255 1.147755 0.787181 0.532401 0.355104 0.233580 0.151528 0.096949 0.061178 0.038077 0.023376 0.014155 0.008455 0.004982 0.002896 0.001661 0.000940 0.000524 0.000289 0.000157 0.000085 0.000046 0.000026 0.000018 0.000018 
