0.000000 0.000000 0.000000 0.000000 0.000000 0.000000 0.000000 0.000000 0.000000 0.000000 0.000000 0.000000 0.000000 0.000000 0.000000 0.000000 0.000000 0.000000 0.000000 0.000000 0.000000 0.000000 0.000000 0.000000 0.000000 0.000000 0.000000 0.000000 0.000000 0.000000 0.000000 0.000000 0.000000 0.000000 0.000001 0.000001 0.000001 0.000001 0.000001 0.000002 0.000002 0.000002 0.000003 0.000003 0.000003 0.000004 0.000004 0.000004 0.000004 0.000004 0.000004 0.000004 0.000004 0.000004 0.000004 0.000004 0.000003 0.000003 0.000003 0.000002 0.000002 0.000002 0.000001 0.000001 0.000001 0.000001 0.000001 0.000000 0.000000 0.000000 0.000000 0.000000 0.000000 0.000000 0.000000 0.000000 0.000000 0.000000 0.000000 0.000000 0.000000 0.000000 0.000000 0.000000 0.000000 0.000000 0.000000 0.000000 0.000000 0.000000 0.000000 0.000000 0.000000 0.000000 0.000000 0.000000 0.000000 0.000000 0.000000 0.000000 
0.000000 0.000000 0.000000 0.000000 0.000000 0.000000 0.000000 0.000000 0.000000 0.000000 0.000000 0.000000 0.000000 0.000000 0.000000 0.000000 0.000000 0.000000 0.000000 0.000000 0.000000 0.000000 0.000000 0.000000 0.000000 0.000000 0.000000 0.000000 0.000000 0.000000 0.000000 0.000000 0.000000 0.000000 0.000001 0.000001 0.000001 0.000001 0.000001 0.000002 0.000002 0.000002 0.000003 0.000003 0.000003 0.000004 0.000004 0.000004 0.000004 0.000004 0.000004 0.000004 0.000004 0.000004 0.000004 0.000004 0.000003 0.000003 0.000003 0.000002 0.000002 0.000002 0.000001 0.000001 0.000001 0.000001 0.000001 0.000000 0.000000 0.000000 0.000000 0.000000 0.000000 0.000000 0.000000 0.000000 0.000000 0.000000 0.000000 0.000000 0.000000 0.000000 0.000000 0.000000 0.000000 0.000000 0.000000 0.000000 0.000000 0.000000 0.000000 0.000000 0.000000 0.000000 0.000000 0.000000 0.000000 0.000000 0.000000 0.000000 
0.000000 0.000000 0.000000 0.000000 0.000000 0.000000 0.000000 0.000000 0.000000 0.000000 0.000000 0.000000 0.000000 0.000000 0.000000 0.000000 0.000000 0.000000 0.000000 0.000000 0.000000 0.000000 0.000000 0.000000 0.000000 0.000000 0.000000 0.000000 0.000000 0.000000 0.000000 0.000000 0.000000 0.000001 0.000001 0.000001 0.000001 0.000002 0.000002 0.000003 0.000003 0.000004 0.000004 0.000005 0.000005 0.000006 0.000006 0.000006 0.000007 0.000007 0.000007 0.000007 0.000007 0.000006 0.000006 0.000006 0.000005 0.000005 0.000004 0.000004 0.000003 0.000003 0.000002 0.000002 0.000001 0.000001 0.000001 0.000001 0.000000 0.000000 0.000000 0.000000 0.000000 0.000000 0.000000 0.000000 0.000000 0.000000 0.000000 0.000000 0.000000 0.000000 0.000000 0.000000 0.000000 0.000000 0.000000 0.000000 0.000000 0.000000 0.000000 0.000000 0.000000 0.000000 0.000000 0.000000 0.000000 0.000000 0.000000 0.000000 
0.000000 0.000000 0.000000 0.000000 0.000000 0.000000 0.000000 0.000000 0.000000 0.000000 0.000000 0.000000 0.000000 0.000000 0.000000 0.000000 0.000000 0.000000 0.000000 0.000000 0.000000 0.000000 0.000000 0.000000 0.000000 0.000000 0.000000 0.000000 0.000000 0.000000 0.000001 0.000001 0.000001 0.000001 0.000002 0.000002 0.000003 0.000003 0.000004 0.000005 0.000006 0.000007 0.000008 0.000009 0.000010 0.000010 0.000011 0.000012 0.000012 0.000013 0.000013 0.000013 0.000012 0.000012 0.000011 0.000010 0.000010 0.000009 0.000008 0.000007 0.000006 0.000005 0.000004 0.000003 0.000003 0.000002 0.000002 0.000001 0.000001 0.000001 0.000001 0.000000 0.000000 0.000000 0.000000 0.000000 0.000000 0.000000 0.000000 0.000000 0.000000 0.000000 0.000000 0.000000 0.000000 0.000000 0.000000 0.000000 0.000000 0.000000 0.000000 0.000000 0.000000 0.000000 0.000000 0.000000 0.000000 0.000000 0.000000 0.000000 
0.000000 0.000000 0.000000 0.000000 0.000000 0.000000 0.000000 0.000000 0.000000 0.000000 0.000000 0.000000 0.000000 0.000000 0.000000 0.000000 0.000000 0.000000 0.000000 0.000000 0.000000 0.000000 0.000000 0.000000 0.000000 0.000000 0.000000 0.000000 0.000001 0.000001 0.000001 0.000001 0.000002 0.000002 0.000003 0.000004 0.000005 0.000006 0.000008 0.000009 0.000011 0.000013 0.000015 0.000017 0.000019 0.000021 0.000022 0.000024 0.000024 0.000025 0.000025 0.000025 0.000024 0.000024 0.000022 0.000021 0.000019 0.000017 0.000015 0.000013 0.000011 0.000009 0.000008 0.000006 0.000005 0.000004 0.000003 0.000002 0.000002 0.000001 0.000001 0.000001 0.000001 0.000000 0.000000 0.000000 0.000000 0.000000 0.000000 0.000000 0.000000 0.000000 0.000000 0.000000 0.000000 0.000000 0.000000 0.000000 0.000000 0.000000 0.000000 0.000000 0.000000 0.000000 0.000000 0.000000 0.000000 0.000000 0.000000 0.000000 
0.000000 0.000000 0.000000 0.000000 0.000000 0.000000 0.000000 0.000000 0.000000 0.000000 0.000000 0.000000 0.000000 0.000000 0.000000 0.000000 0.000000 0.000000 0.000000 0.000000 0.000000 0.000000 0.000000 0.000000 0.000000 0.000000 0.000000 0.000001 0.000001 0.000001 0.000002 0.000003 0.000004 0.000005 0.000006 0.000008 0.000010 0.000013 0.000016 0.000019 0.000022 0.000026 0.000030 0.000034 0.000037 0.000041 0.000044 0.000046 0.000048 0.000049 0.000050 0.000049 0.000048 0.000046 0.000044 0.000041 0.000037 0.000034 0.000030 0.000026 0.000022 0.000019 0.000016 0.000013 0.000010 0.000008 0.000006 0.000005 0.000004 0.000003 0.000002 0.000001 0.000001 0.000001 0.000000 0.000000 0.000000 0.000000 0.000000 0.000000 0.000000 0.000000 0.000000 0.000000 0.000000 0.000000 0.000000 0.000000 0.000000 0.000000 0.000000 0.000000 0.000000 0.000000 0.000000 0.000000 0.000000 0.000000 0.000000 0.000000 
0.000000 0.000000 0.000000 0.000000 0.000000 0.000000 0.000000 0.000000 0.000000 0.000000 0.000000 0.000000 0.000000 0.000000 0.000000 0.000000 0.000000 0.000000 0.000000 0.000000 0.000000 0.000000 0.000000 0.000000 0.000000 0.000001 0.000001 0.000001 0.000002 0.000003 0.000004 0.000005 0.000007 0.000009 0.000012 0.000016 0.000020 0.000025 0.000030 0.000037 0.000043 0.000050 0.000058 0.000065 0.000073 0.000079 0.000085 0.000090 0.000094 0.000096 0.000097 0.000096 0.000094 0.000090 0.000085 0.000079 0.000073 0.000065 0.000058 0.000050 0.000043 0.000037 0.000030 0.000025 0.000020 0.000016 0.000012 0.000009 0.000007 0.000005 0.000004 0.000003 0.000002 0.000001 0.000001 0.000001 0.000000 0.000000 0.000000 0.000000 0.000000 0.000000 0.000000 0.000000 0.000000 0.000000 0.000000 0.000000 0.000000 0.000000 0.000000 0.000000 0.000000 0.000000 0.000000 0.000000 0.000000 0.000000 0.000000 0.000000 
0.000000 0.000000 0.000000 0.000000 0.000000 0.000000 0.000000 0.000000 0.000000 0.000000 0.000000 0.000000 0.000000 0.000000 0.000000 0.000000 0.000000 0.000000 0.000000 0.000000 0.000000 0.000000 0.000000 0.000001 0.000001 0.000001 0.000002 0.000003 0.000004 0.000005 0.000007 0.000010 0.000014 0.000018 0.000024 0.000031 0.000039 0.000048 0.000059 0.000070 0.000083 0.000097 0.000111 0.000126 0.000140 0.000153 0.000164 0.000174 0.000181 0.000185 0.000187 0.000185 0.000181 0.000174 0.000164 0.000153 0.000140 0.000126 0.000111 0.000097 0.000083 0.000070 0.000059 0.000048 0.000039 0.000031 0.000024 0.000018 0.000014 0.000010 0.000007 0.000005 0.000004 0.000003 0.000002 0.000001 0.000001 0.000001 0.000000 0.000000 0.000000 0.000000 0.000000 0.000000 0.000000 0.000000 0.000000 0.000000 0.000000 0.000000 0.000000 0.000000 0.000000 0.000000 0.000000 0.000000 0.000000 0.000000 0.000000 0.000000 
0.000000 0.000000 0.000000 0.000000 0.000000 0.000000 0.000000 0.000000 0.000000 0.000000 0.000000 0.000000 0.000000 0.000000 0.000000 0.000000 0.000000 0.000000 0.000000 0.000000 0.000000 0.000000 0.000001 0.000001 0.000002 0.000002 0.000004 0.000005 0.000007 0.000010 0.000014 0.000020 0.000026 0.000035 0.000045 0.000058 0.000073 0.000091 0.000111 0.000134 0.000158 0.000184 0.000211 0.000239 0.000265 0.000289 0.000311 0.000329 0.000343 0.000351 0.000354 0.000351 0.000343 0.000329 0.000311 0.000289 0.000265 0.000239 0.000211 0.000184 0.000158 0.000134 0.000111 0.000091 0.000073 0.000058 0.000045 0.000035 0.000026 0.000020 0.000014 0.000010 0.000007 0.000005 0.000004 0.000002 0.000002 0.000001 0.000001 0.000000 0.000000 0.000000 0.000000 0.000000 0.000000 0.000000 0.000000 0.000000 0.000000 0.000000 0.000000 0.000000 0.000000 0.000000 0.000000 0.000000 0.000000 0.000000 0.000000 0.000000 
0.000000 0.000000 0.000000 0.000000 0.000000 0.000000 0.000000 0.000000 0.000000 0.000000 0.000000 0.000000 0.000000 0.000000 0.000000 0.000000 0.000000 0.000000 0.000000 0.000000 0.000001 0.000001 0.000001 0.000002 0.000003 0.000004 0.000007 0.000010 0.000014 0.000019 0.000027 0.000037 0.000049 0.000065 0.000085 0.000109 0.000137 0.000170 0.000208 0.000250 0.000296 0.000345 0.000396 0.000446 0.000495 0.000541 0.000582 0.000615 0.000640 0.000656 0.000661 0.000656 0.000640 0.000615 0.000582 0.000541 0.000495 0.000446 0.000396 0.000345 0.000296 0.000250 0.000208 0.000170 0.000137 0.000109 0.000085 0.000065 0.000049 0.000037 0.000027 0.000019 0.000014 0.000010 0.000007 0.000004 0.000003 0.000002 0.000001 0.000001 0.000001 0.000000 0.000000 0.000000 0.000000 0.000000 0.000000 0.000000 0.000000 0.000000 0.000000 0.000000 0.000000 0.000000 0.000000 0.000000 0.000000 0.000000 0.000000 0.000000 
0.000000 0.000000 0.000000 0.000000 0.000000 0.000000 0.000000 0.000000 0.000000 0.000000 0.000000 0.000000 0.000000 0.000000 0.000000 0.000000 0.000000 0.000000 0.000000 0.000001 0.000001 0.000002 0.000002 0.000004 0.000006 0.000008 0.000012 0.000018 0.000026 0.000036 0.000050 0.000068 0.000091 0.000121 0.000157 0.000201 0.000254 0.000315 0.000384 0.000462 0.000547 0.000637 0.000729 0.000823 0.000913 0.000997 0.001072 0.001134 0.001180 0.001209 0.001218 0.001209 0.001180 0.001134 0.001072 0.000997 0.000913 0.000823 0.000729 0.000637 0.000547 0.000462 0.000384 0.000315 0.000254 0.000201 0.000157 0.000121 0.000091 0.000068 0.000050 0.000036 0.000026 0.000018 0.000012 0.000008 0.000006 0.000004 0.000002 0.000002 0.000001 0.000001 0.000000 0.000000 0.000000 0.000000 0.000000 0.000000 0.000000 0.000000 0.000000 0.000000 0.000000 0.000000 0.000000 0.000000 0.000000 0.000000 0.000000 0.000000 
0.000000 0.000000 0.000000 0.000000 0.000000 0.000000 0.000000 0.000000 0.000000 0.000000 0.000000 0.000000 0.000000 0.000000 0.000000 0.000000 0.000000 0.000000 0.000001 0.000001 0.000002 0.000003 0.000004 0.000007 0.000010 0.000015 0.000022 0.000033 0.000047 0.000066 0.000091 0.000124 0.000166 0.000220 0.000286 0.000366 0.000462 0.000573 0.000699 0.000841 0.000994 0.001157 0.001326 0.001495 0.001659 0.001811 0.001946 0.002059 0.002143 0.002195 0.002212 0.002195 0.002143 0.002059 0.001946 0.001811 0.001659 0.001495 0.001326 0.001157 0.000994 0.000841 0.000699 0.000573 0.000462 0.000366 0.000286 0.000220 0.000166 0.000124 0.000091 0.000066 0.000047 0.000033 0.000022 0.000015 0.000010 0.000007 0.000004 0.000003 0.000002 0.000001 0.000001 0.000000 0.000000 0.000000 0.000000 0.000000 0.000000 0.000000 0.000000 0.000000 0.000000 0.000000 0.000000 0.000000 0.000000 0.000000 0.000000 0.000000 
0.000000 0.000000 0.000000 0.000000 0.000000 0.000000 0.000000 0.000000 0.000000 0.000000 0.000000 0.000000 0.000000 0.000000 0.000000 0.000000 0.000000 0.000001 0.000001 0.000002 0.000003 0.000005 0.000008 0.000012 0.000018 0.000027 0.000041 0.000059 0.000084 0.000118 0.000164 0.000223 0.000299 0.000395 0.000514 0.000658 0.000829 0.001028 0.001254 0.001507 0.001782 0.002073 0.002375 0.002677 0.002970 0.003242 0.003484 0.003685 0.003835 0.003928 0.003959 0.003928 0.003835 0.003685 0.003484 0.003242 0.002970 0.002677 0.002375 0.002073 0.001782 0.001507 0.001254 0.001028 0.000829 0.000658 0.000514 0.000395 0.000299 0.000223 0.000164 0.000118 0.000084 0.000059 0.000041 0.000027 0.000018 0.000012 0.000008 0.000005 0.000003 0.000002 0.000001 0.000001 0.000000 0.000000 0.000000 0.000000 0.000000 0.000000 0.000000 0.000000 0.000000 0.000000 0.000000 0.000000 0.000000 0.000000 0.000000 0.000000 
0.000000 0.000000 0.000000 0.000000 0.000000 0.000000 0.000000 0.000000 0.000000 0.000000 0.000000 0.000000 0.000000 0.000000 0.000000 0.000000 0.000001 0.000001 0.000002 0.000003 0.000006 0.000009 0.000014 0.000022 0.000033 0.000049 0.000072 0.000104 0.000149 0.000210 0.000290 0.000395 0.000530 0.000700 0.000910 0.001164 0.001466 0.001817 0.002217 0.002662 0.003147 0.003661 0.004192 0.004725 0.005241 0.005721 0.006147 0.006500 0.006764 0.006928 0.006984 0.006928 0.006764 0.006500 0.006147 0.005721 0.005241 0.004725 0.004192 0.003661 0.003147 0.002662 0.002217 0.001817 0.001466 0.001164 0.000910 0.000700 0.000530 0.000395 0.000290 0.000210 0.000149 0.000104 0.000072 0.000049 0.000033 0.000022 0.000014 0.000009 0.000006 0.000003 0.000002 0.000001 0.000001 0.000000 0.000000 0.000000 0.000000 0.000000 0.000000 0.000000 0.000000 0.000000 0.000000 0.000000 0.000000 0.000000 0.000000 0.000000 
0.000000 0.000000 0.000000 0.000000 0.000000 0.000000 0.000000 0.000000 0.000000 0.000000 0.000000 0.000000 0.000000 0.000000 0.000000 0.000001 0.000001 0.000002 0.000004 0.000006 0.000010 0.000016 0.000025 0.000038 0.000057 0.000086 0.000126 0.000183 0.000261 0.000367 0.000507 0.000690 0.000926 0.001221 0.001587 0.002029 0.002555 0.003165 0.003861 0.004635 0.005478 0.006371 0.007294 0.008219 0.009115 0.009949 0.010688 0.011301 0.011760 0.012044 0.012140 0.012044 0.011760 0.011301 0.010688 0.009949 0.009115 0.008219 0.007294 0.006371 0.005478 0.004635 0.003861 0.003165 0.002555 0.002029 0.001587 0.001221 0.000926 0.000690 0.000507 0.000367 0.000261 0.000183 0.000126 0.000086 0.000057 0.000038 0.000025 0.000016 0.000010 0.000006 0.000004 0.000002 0.000001 0.000001 0.000000 0.000000 0.000000 0.000000 0.000000 0.000000 0.000000 0.000000 0.000000 0.000000 0.000000 0.000000 0.000000 0.000000 
0.000000 0.000000 0.000000 0.000000 0.000000 0.000000 0.000000 0.000000 0.000000 0.000000 0.000000 0.000000 0.000000 0.000000 0.000001 0.000001 0.000002 0.000004 0.000006 0.000011 0.000017 0.000027 0.000042 0.000065 0.000099 0.000148 0.000218 0.000315 0.000450 0.000632 0.000873 0.001188 0.001592 0.002100 0.002727 0.003486 0.004387 0.005435 0.006626 0.007953 0.009396 0.010926 0.012506 0.014088 0.015622 0.017049 0.018313 0.019362 0.020147 0.020633 0.020798 0.020633 0.020147 0.019362 0.018313 0.017049 0.015622 0.014088 0.012506 0.010926 0.009396 0.007953 0.006626 0.005435 0.004387 0.003486 0.002727 0.002100 0.001592 0.001188 0.000873 0.000632 0.000450 0.000315 0.000218 0.000148 0.000099 0.000065 0.000042 0.000027 0.000017 0.000011 0.000006 0.000004 0.000002 0.000001 0.000001 0.000000 0.000000 0.000000 0.000000 0.000000 0.000000 0.000000 0.000000 0.000000 0.000000 0.000000 0.000000 0.000000 
0.000000 0.000000 0.000000 0.000000 0.000000 0.000000 0.000000 0.000000 0.000000 0.000000 0.000000 0.000000 0.000000 0.000001 0.000001 0.000002 0.000004 0.000007 0.000011 0.000018 0.000029 0.000046 0.000072 0.000111 0.000169 0.000252 0.000370 0.000536 0.000764 0.001072 0.001481 0.002015 0.002699 0.003558 0.004619 0.005902 0.007425 0.009194 0.011207 0.013447 0.015882 0.018464 0.021129 0.023799 0.026385 0.028792 0.030923 0.032690 0.034014 0.034834 0.035112 0.034834 0.034014 0.032690 0.030923 0.028792 0.026385 0.023799 0.021129 0.018464 0.015882 0.013447 0.011207 0.009194 0.007425 0.005902 0.004619 0.003558 0.002699 0.002015 0.001481 0.001072 0.000764 0.000536 0.000370 0.000252 0.000169 0.000111 0.000072 0.000046 0.000029 0.000018 0.000011 0.000007 0.000004 0.000002 0.000001 0.000001 0.000000 0.000000 0.000000 0.000000 0.000000 0.000000 0.000000 0.000000 0.000000 0.000000 0.000000 0.000000 
0.000000 0.000000 0.000000 0.000000 0.000000 0.000000 0.000000 0.000000 0.000000 0.000000 0.000000 0.000000 0.000001 0.000001 0.000002 0.000004 0.000007 0.000011 0.000019 0.000030 0.000049 0.000078 0.000121 0.000187 0.000283 0.000422 0.000620 0.000897 0.001278 0.001793 0.002476 0.003367 0.004507 0.005941 0.007708 0.009846 0.012381 0.015327 0.018677 0.022404 0.026454 0.030747 0.035178 0.039616 0.043913 0.047912 0.051455 0.054390 0.056589 0.057951 0.058412 0.057951 0.056589 0.054390 0.051455 0.047912 0.043913 0.039616 0.035178 0.030747 0.026454 0.022404 0.018677 0.015327 0.012381 0.009846 0.007708 0.005941 0.004507 0.003367 0.002476 0.001793 0.001278 0.000897 0.000620 0.000422 0.000283 0.000187 0.000121 0.000078 0.000049 0.000030 0.000019 0.000011 0.000007 0.000004 0.000002 0.000001 0.000001 0.000000 0.000000 0.000000 0.000000 0.000000 0.000000 0.000000 0.000000 0.000000 0.000000 0.000000 
0.000000 0.000000 0.000000 0.000000 0.000000 0.000000 0.000000 0.000000 0.000000 0.000000 0.000000 0.000001 0.000001 0.000002 0.000004 0.000006 0.000011 0.000019 0.000031 0.000050 0.000081 0.000129 0.000201 0.000309 0.000467 0.000697 0.001024 0.001480 0.002107 0.002955 0.004078 0.005543 0.007417 0.009772 0.012674 0.016183 0.020343 0.025175 0.030669 0.036778 0.043417 0.050452 0.057710 0.064979 0.072017 0.078566 0.084365 0.089171 0.092771 0.095000 0.095755 0.095000 0.092771 0.089171 0.084365 0.078566 0.072017 0.064979 0.057710 0.050452 0.043417 0.036778 0.030669 0.025175 0.020343 0.016183 0.012674 0.009772 0.007417 0.005543 0.004078 0.002955 0.002107 0.001480 0.001024 0.000697 0.000467 0.000309 0.000201 0.000129 0.000081 0.000050 0.000031 0.000019 0.000011 0.000006 0.000004 0.000002 0.000001 0.000001 0.000000 0.000000 0.000000 0.000000 0.000000 0.000000 0.000000 0.000000 0.000000 0.000000 
0.000000 0.000000 0.000000 0.000000 0.000000 0.000000 0.000000 0.000000 0.000000 0.000000 0.000001 0.000001 0.000002 0.000003 0.000006 0.000011 0.000018 0.000030 0.000050 0.000082 0.000132 0.000210 0.000327 0.000503 0.000761 0.001134 0.001664 0.002405 0.003423 0.004796 0.006618 0.008990 0.012025 0.015836 0.020532 0.026208 0.032934 0.040743 0.049620 0.059489 0.070210 0.081569 0.093286 0.105017 0.116374 0.126940 0.136297 0.144049 0.149856 0.153452 0.154670 0.153452 0.149856 0.144049 0.136297 0.126940 0.116374 0.105017 0.093286 0.081569 0.070210 0.059489 0.049620 0.040743 0.032934 0.026208 0.020532 0.015836 0.012025 0.008990 0.006618 0.004796 0.003423 0.002405 0.001664 0.001134 0.000761 0.000503 0.000327 0.000210 0.000132 0.000082 0.000050 0.000030 0.000018 0.000011 0.000006 0.000003 0.000002 0.000001 0.000001 0.000000 0.000000 0.000000 0.000000 0.000000 0.000000 0.000000 0.000000 0.000000 
0.000000 0.000000 0.000000 0.000000 0.000000 0.000000 0.000000 0.000000 0.000000 0.000001 0.000001 0.000002 0.000003 0.000006 0.000010 0.000017 0.000029 0.000049 0.000081 0.000132 0.000213 0.000337 0.000525 0.000807 0.001220 0.001817 0.002666 0.003850 0.005477 0.007671 0.010579 0.014365 0.019207 0.025284 0.032769 0.041814 0.052528 0.064965 0.079097 0.094806 0.111865 0.129936 0.148572 0.167229 0.185287 0.202085 0.216959 0.229281 0.238511 0.244226 0.246161 0.244226 0.238511 0.229281 0.216959 0.202085 0.185287 0.167229 0.148572 0.129936 0.111865 0.094806 0.079097 0.064965 0.052528 0.041814 0.032769 0.025284 0.019207 0.014365 0.010579 0.007671 0.005477 0.003850 0.002666 0.001817 0.001220 0.000807 0.000525 0.000337 0.000213 0.000132 0.000081 0.000049 0.000029 0.000017 0.000010 0.000006 0.000003 0.000002 0.000001 0.000001 0.000000 0.000000 0.000000 0.000000 0.000000 0.000000 0.000000 0.000000 
0.000000 0.000000 0.000000 0.000000 0.000000 0.000000 0.000000 0.000000 0.000000 0.000001 0.000002 0.000003 0.000005 0.000009 0.000016 0.000027 0.000046 0.000078 0.000129 0.000210 0.000337 0.000533 0.000831 0.001275 0.001927 0.002869 0.004206 0.006072 0.008632 0.012085 0.016660 0.022613 0.030222 0.039770 0.051526 0.065726 0.082542 0.102054 0.124222 0.148856 0.175601 0.203927 0.233133 0.262366 0.290657 0.316972 0.340268 0.359567 0.374020 0.382970 0.386001 0.382970 0.374020 0.359567 0.340268 0.316972 0.290657 0.262366 0.233133 0.203927 0.175601 0.148856 0.124222 0.102054 0.082542 0.065726 0.051526 0.039770 0.030222 0.022613 0.016660 0.012085 0.008632 0.006072 0.004206 0.002869 0.001927 0.001275 0.000831 0.000533 0.000337 0.000210 0.000129 0.000078 0.000046 0.000027 0.000016 0.000009 0.000005 0.000003 0.000002 0.000001 0.000000 0.000000 0.000000 0.000000 0.000000 0.000000 0.000000 0.000000 
0.000000 0.000000 0.000000 0.000000 0.000000 0.000000 0.000000 0.000000 0.000001 0.000001 0.000002 0.000004 0.000008 0.000014 0.000025 0.000042 0.000072 0.000121 0.000201 0.000327 0.000525 0.000831 0.001294 0.001984 0.002998 0.004461 0.006536 0.009432 0.013403 0.018756 0.025844 0.035066 0.046848 0.061625 0.079815 0.101778 0.127780 0.157943 0.192200 0.230260 0.271572 0.315318 0.360413 0.405543 0.449212 0.489825 0.525776 0.555556 0.577858 0.591667 0.596343 0.591667 0.577858 0.555556 0.525776 0.489825 0.449212 0.405543 0.360413 0.315318 0.271572 0.230260 0.192200 0.157943 0.127780 0.101778 0.079815 0.061625 0.046848 0.035066 0.025844 0.018756 0.013403 0.009432 0.006536 0.004461 0.002998 0.001984 0.001294 0.000831 0.000525 0.000327 0.000201 0.000121 0.000072 0.000042 0.000025 0.000014 0.000008 0.000004 0.000002 0.000001 0.000001 0.000000 0.000000 0.000000 0.000000 0.000000 0.000000 0.000000 
0.000000 0.000000 0.000000 0.000000 0.000000 0.000000 0.000000 0.000001 0.000001 0.000002 0.000004 0.000007 0.000012 0.000022 0.000038 0.000065 0.000111 0.000187 0.000309 0.000503 0.000807 0.001275 0.001984 0.003042 0.004594 0.006832 0.010006 0.014432 0.020499 0.028673 0.039494 0.053565 0.071536 0.094068 0.121794 0.155262 0.194871 0.240805 0.292962 0.350894 0.413763 0.480321 0.548921 0.617562 0.683973 0.745728 0.800389 0.845664 0.879567 0.900559 0.907668 0.900559 0.879567 0.845664 0.800389 0.745728 0.683973 0.617562 0.548921 0.480321 0.413763 0.350894 0.292962 0.240805 0.194871 0.155262 0.121794 0.094068 0.071536 0.053565 0.039494 0.028673 0.020499 0.014432 0.010006 0.006832 0.004594 0.003042 0.001984 0.001275 0.000807 0.000503 0.000309 0.000187 0.000111 0.000065 0.000038 0.000022 0.000012 0.000007 0.000004 0.000002 0.000001 0.000001 0.000000 0.000000 0.000000 0.000000 0.000000 0.000000 
0.000000 0.000000 0.000000 0.000000 0.000000 0.000000 0.000000 0.000001 0.000002 0.000003 0.000006 0.000010 0.000018 0.000033 0.000057 0.000099 0.000169 0.000283 0.000467 0.000761 0.001220 0.001927 0.002998 0.004594 0.006933 0.010305 0.015087 0.021751 0.030882 0.043178 0.059449 0.080600 0.107602 0.141446 0.183078 0.233317 0.292757 0.361670 0.439900 0.526771 0.621026 0.720793 0.823602 0.926457 1.025957 1.118470 1.200348 1.268162 1.318939 1.350378 1.361024 1.350378 1.318939 1.268162 1.200348 1.118470 1.025957 0.926457 0.823602 0.720793 0.621026 0.526771 0.439900 0.361670 0.292757 0.233317 0.183078 0.141446 0.107602 0.080600 0.059449 0.043178 0.030882 0.021751 0.015087 0.010305 0.006933 0.004594 0.002998 0.001927 0.001220 0.000761 0.000467 0.000283 0.000169 0.000099 0.000057 0.000033 0.000018 0.000010 0.000006 0.000003 0.000002 0.000001 0.000000 0.000000 0.000000 0.000000 0.000000 0.000000 
0.000000 0.000000 0.000000 0.000000 0.000000 0.000000 0.000001 0.000001 0.000002 0.000004 0.000008 0.000015 0.000027 0.000049 0.000086 0.000148 0.000252 0.000422 0.000697 0.001134 0.001817 0.002869 0.004461 0.006832 0.010305 0.015311 0.022405 0.032287 0.045822 0.064042 0.088143 0.119459 0.159426 0.209503 0.271083 0.345371 0.433242 0.535091 0.650681 0.779010 0.918219 1.065541 1.217330 1.369165 1.516026 1.652561 1.773388 1.873454 1.948377 1.994764 2.010471 1.994764 1.948377 1.873454 1.773388 1.652561 1.516026 1.369165 1.217330 1.065541 0.918219 0.779010 0.650681 0.535091 0.433242 0.345371 0.271083 0.209503 0.159426 0.119459 0.088143 0.064042 0.045822 0.032287 0.022405 0.015311 0.010305 0.006832 0.004461 0.002869 0.001817 0.001134 0.000697 0.000422 0.000252 0.000148 0.000086 0.000049 0.000027 0.000015 0.000008 0.000004 0.000002 0.000001 0.000001 0.000000 0.000000 0.000000 0.000000 0.000000 
0.000000 0.000000 0.000000 0.000000 0.000000 0.000000 0.000001 0.000002 0.000004 0.000007 0.000012 0.000022 0.000041 0.000072 0.000126 0.000218 0.000370 0.000620 0.001024 0.001664 0.002666 0.004206 0.006536 0.010006 0.015087 0.022405 0.032770 0.047205 0.066967 0.093559 0.128720 0.174394 0.232662 0.305648 0.395372 0.503582 0.631543 0.779821 0.948065 1.134813 1.337353 1.551658 1.772427 1.993229 2.206773 2.405279 2.580934 2.726396 2.835302 2.902727 2.925557 2.902727 2.835302 2.726396 2.580934 2.405279 2.206773 1.993229 1.772427 1.551658 1.337353 1.134813 0.948065 0.779821 0.631543 0.503582 0.395372 0.305648 0.232662 0.174394 0.128720 0.093559 0.066967 0.047205 0.032770 0.022405 0.015087 0.010006 0.006536 0.004206 0.002666 0.001664 0.001024 0.000620 0.000370 0.000218 0.000126 0.000072 0.000041 0.000022 0.000012 0.000007 0.000004 0.000002 0.000001 0.000000 0.000000 0.000000 0.000000 0.000000 
0.000000 0.000000 0.000000 0.000000 0.000000 0.000001 0.000001 0.000003 0.000005 0.000010 0.000018 0.000033 0.000059 0.000104 0.000183 0.000315 0.000536 0.000897 0.001480 0.002405 0.003850 0.006072 0.009432 0.014432 0.021751 0.032287 0.047205 0.067971 0.096391 0.134617 0.185144 0.250755 0.334432 0.439211 0.567984 0.723243 0.906795 1.119440 1.360665 1.628365 1.918646 2.225738 2.542043 2.858353 3.164228 3.448534 3.700091 3.908393 4.064338 4.160883 4.193572 4.160883 4.064338 3.908393 3.700091 3.448534 3.164228 2.858353 2.542043 2.225738 1.918646 1.628365 1.360665 1.119440 0.906795 0.723243 0.567984 0.439211 0.334432 0.250755 0.185144 0.134617 0.096391 0.067971 0.047205 0.032287 0.021751 0.014432 0.009432 0.006072 0.003850 0.002405 0.001480 0.000897 0.000536 0.000315 0.000183 0.000104 0.000059 0.000033 0.000018 0.000010 0.000005 0.000003 0.000001 0.000001 0.000000 0.000000 0.000000 0.000000 
0.000000 0.000000 0.000000 0.000000 0.000001 0.000001 0.000002 0.000004 0.000007 0.000014 0.000026 0.000047 0.000084 0.000149 0.000261 0.000450 0.000764 0.001278 0.002107 0.003423 0.005477 0.008632 0.013403 0.020499 0.030882 0.045822 0.066967 0.096391 0.136642 0.190765 0.262278 0.355110 0.473468 0.621630 0.803668 1.023093 1.282438 1.582821 1.923503 2.301502 2.711312 3.144784 3.591194 4.037552 4.469136 4.870246 5.225123 5.518961 5.738931 5.875108 5.921216 5.875108 5.738931 5.518961 5.225123 4.870246 4.469136 4.037552 3.591194 3.144784 2.711312 2.301502 1.923503 1.582821 1.282438 1.023093 0.803668 0.621630 0.473468 0.355110 0.262278 0.190765 0.136642 0.096391 0.066967 0.045822 0.030882 0.020499 0.013403 0.008632 0.005477 0.003423 0.002107 0.001278 0.000764 0.000450 0.000261 0.000149 0.000084 0.000047 0.000026 0.000014 0.000007 0.000004 0.000002 0.000001 0.000001 0.000000 0.000000 0.000000 
0.000000 0.000000 0.000000 0.000000 0.000001 0.000001 0.000003 0.000005 0.000010 0.000019 0.000036 0.000066 0.000118 0.000210 0.000367 0.000632 0.001072 0.001793 0.002955 0.004796 0.007671 0.012085 0.018756 0.028673 0.043178 0.064042 0.093559 0.134617 0.190765 0.266236 0.365924 0.495290 0.660178 0.866530 1.119995 1.425439 1.786369 2.204320 2.678245 3.203982 3.773867 4.376560 4.997155 5.617599 6.217441 6.774877 7.268021 7.676318 7.981960 8.171168 8.235231 8.171168 7.981960 7.676318 7.268021 6.774877 6.217441 5.617599 4.997155 4.376560 3.773867 3.203982 2.678245 2.204320 1.786369 1.425439 1.119995 0.866530 0.660178 0.495290 0.365924 0.266236 0.190765 0.134617 0.093559 0.064042 0.043178 0.028673 0.018756 0.012085 0.007671 0.004796 0.002955 0.001793 0.001072 0.000632 0.000367 0.000210 0.000118 0.000066 0.000036 0.000019 0.000010 0.000005 0.000003 0.000001 0.000001 0.000000 0.000000 0.000000 
0.000000 0.000000 0.000000 0.000001 0.000001 0.000002 0.000004 0.000007 0.000014 0.000027 0.000050 0.000091 0.000164 0.000290 0.000507 0.000873 0.001481 0.002476 0.004078 0.006618 0.010579 0.016660 0.025844 0.039494 0.059449 0.088143 0.128720 0.185144 0.262278 0.365924 0.502785 0.680338 0.906581 1.189639 1.537237 1.956016 2.450760 3.023544 3.672912 4.393144 5.173726 5.999122 6.848921 7.698411 8.519607 9.282679 9.957691 10.516533 10.934849 11.193801 11.281477 11.193801 10.934849 10.516533 9.957691 9.282679 8.519607 7.698411 6.848921 5.999122 5.173726 4.393144 3.672912 3.023544 2.450760 1.956016 1.537237 1.189639 0.906581 0.680338 0.502785 0.365924 0.262278 0.185144 0.128720 0.088143 0.059449 0.039494 0.025844 0.016660 0.010579 0.006618 0.004078 0.002476 0.001481 0.000873 0.000507 0.000290 0.000164 0.000091 0.000050 0.000027 0.000014 0.000007 0.000004 0.000002 0.000001 0.000001 0.000000 0.000000 
0.000000 0.000000 0.000000 0.000001 0.000001 0.000003 0.000005 0.000010 0.000020 0.000037 0.000068 0.000124 0.000223 0.000395 0.000690 0.001188 0.002015 0.003367 0.005543 0.008990 0.014365 0.022613 0.035066 0.053565 0.080600 0.119459 0.174394 0.250755 0.355110 0.495290 0.680338 0.920338 1.226068 1.608478 2.077966 2.643470 3.311409 4.084555 4.960911 5.932734 6.985825 8.099216 9.245376 10.390989 11.498334 12.527213 13.437293 14.190704 14.754638 15.103723 15.221914 15.103723 14.754638 14.190704 13.437293 12.527213 11.498334 10.390989 9.245376 8.099216 6.985825 5.932734 4.960911 4.084555 3.311409 2.643470 2.077966 1.608478 1.226068 0.920338 0.680338 0.495290 0.355110 0.250755 0.174394 0.119459 0.080600 0.053565 0.035066 0.022613 0.014365 0.008990 0.005543 0.003367 0.002015 0.001188 0.000690 0.000395 0.000223 0.000124 0.000068 0.000037 0.000020 0.000010 0.000005 0.000003 0.000001 0.000001 0.000000 0.000000 
0.000000 0.000000 0.000000 0.000001 0.000002 0.000004 0.000007 0.000014 0.000026 0.000049 0.000091 0.000166 0.000299 0.000530 0.000926 0.001592 0.002699 0.004507 0.007417 0.012025 0.019207 0.030222 0.046848 0.071536 0.107602 0.159426 0.232662 0.334432 0.473468 0.660178 0.906581 1.226068 1.632951 2.141761 2.766289 3.518377 4.406518 5.434355 6.599197 7.890722 9.290042 10.769286 12.291881 13.813583 15.284316 16.650721 17.859273 18.859720 19.608532 20.072047 20.228980 20.072047 19.608532 18.859720 17.859273 16.650721 15.284316 13.813583 12.291881 10.769286 9.290042 7.890722 6.599197 5.434355 4.406518 3.518377 2.766289 2.141761 1.632951 1.226068 0.906581 0.660178 0.473468 0.334432 0.232662 0.159426 0.107602 0.071536 0.046848 0.030222 0.019207 0.012025 0.007417 0.004507 0.002699 0.001592 0.000926 0.000530 0.000299 0.000166 0.000091 0.000049 0.000026 0.000014 0.000007 0.000004 0.000002 0.000001 0.000001 0.000001 
0.000000 0.000000 0.000001 0.000001 0.000002 0.000005 0.000009 0.000018 0.000035 0.000065 0.000121 0.000220 0.000395 0.000700 0.001221 0.002100 0.003558 0.005941 0.009772 0.015836 0.025284 0.039770 0.061625 0.094068 0.141446 0.209503 0.305648 0.439211 0.621630 0.866530 1.189639 1.608478 2.141761 2.808484 3.626659 4.611744 5.774809 7.120571 8.645462 10.335935 12.167240 14.102895 16.095045 18.085823 20.009747 21.797057 23.377788 24.686259 25.665584 26.271770 26.477003 26.271770 25.665584 24.686259 23.377788 21.797057 20.009747 18.085823 16.095045 14.102895 12.167240 10.335935 8.645462 7.120571 5.774809 4.611744 3.626659 2.808484 2.141761 1.608478 1.189639 0.866530 0.621630 0.439211 0.305648 0.209503 0.141446 0.094068 0.061625 0.039770 0.025284 0.015836 0.009772 0.005941 0.003558 0.002100 0.001221 0.000700 0.000395 0.000220 0.000121 0.000065 0.000035 0.000018 0.000009 0.000005 0.000002 0.000001 0.000001 0.000001 
0.000001 0.000001 0.000001 0.000002 0.000003 0.000006 0.000012 0.000024 0.000045 0.000085 0.000157 0.000286 0.000514 0.000910 0.001587 0.002727 0.004619 0.007708 0.012674 0.020532 0.032769 0.051526 0.079815 0.121794 0.183078 0.271083 0.395372 0.567984 0.803668 1.119995 1.537237 2.077966 2.766289 3.626659 4.682253 5.952947 7.452951 9.188286 11.154295 13.333469 15.693873 18.188474 20.755604 23.320717 25.799479 28.102060 30.138384 31.823896 33.085371 33.866184 34.130537 33.866184 33.085371 31.823896 30.138384 28.102060 25.799479 23.320717 20.755604 18.188474 15.693873 13.333469 11.154295 9.188286 7.452951 5.952947 4.682253 3.626659 2.766289 2.077966 1.537237 1.119995 0.803668 0.567984 0.395372 0.271083 0.183078 0.121794 0.079815 0.051526 0.032769 0.020532 0.012674 0.007708 0.004619 0.002727 0.001587 0.000910 0.000514 0.000286 0.000157 0.000085 0.000045 0.000024 0.000012 0.000006 0.000003 0.000002 0.000001 0.000001 
0.000001 0.000001 0.000001 0.000002 0.000004 0.000008 0.000016 0.000031 0.000058 0.000109 0.000201 0.000366 0.000658 0.001164 0.002029 0.003486 0.005902 0.009846 0.016183 0.026208 0.041814 0.065726 0.101778 0.155262 0.233317 0.345371 0.503582 0.723243 1.023093 1.425439 1.956016 2.643470 3.518377 4.611744 5.952947 7.567155 9.472339 11.676072 14.172373 16.938957 19.935248 23.101528 26.359532 29.614679 32.759994 35.681553 38.265132 40.403523 42.003886 42.994439 43.329798 42.994439 42.003886 40.403523 38.265132 35.681553 32.759994 29.614679 26.359532 23.101528 19.935248 16.938957 14.172373 11.676072 9.472339 7.567155 5.952947 4.611744 3.518377 2.643470 1.956016 1.425439 1.023093 0.723243 0.503582 0.345371 0.233317 0.155262 0.101778 0.065726 0.041814 0.026208 0.016183 0.009846 0.005902 0.003486 0.002029 0.001164 0.000658 0.000366 0.000201 0.000109 0.000058 0.000031 0.000016 0.000008 0.000004 0.000002 0.000001 0.000001 
0.000001 0.000001 0.000001 0.000003 0.000005 0.000010 0.000020 0.000039 0.000073 0.000137 0.000254 0.000462 0.000829 0.001466 0.002555 0.004387 0.007425 0.012381 0.020343 0.032934 0.052528 0.082542 0.127780 0.194871 0.292757 0.433242 0.631543 0.906795 1.282438 1.786369 2.450760 3.311409 4.406518 5.774809 7.452951 9.472339 11.855362 14.611401 17.732901 21.191935 24.937730 28.895614 32.967762 37.035993 40.966663 44.617474 47.845769 50.517668 52.517243 53.754862 54.173864 53.754862 52.517243 50.517668 47.845769 44.617474 40.966663 37.035993 32.967762 28.895614 24.937730 21.191935 17.732901 14.611401 11.855362 9.472339 7.452951 5.774809 4.406518 3.311409 2.450760 1.786369 1.282438 0.906795 0.631543 0.433242 0.292757 0.194871 0.127780 0.082542 0.052528 0.032934 0.020343 0.012381 0.007425 0.004387 0.002555 0.001466 0.000829 0.000462 0.000254 0.000137 0.000073 0.000039 0.000020 0.000010 0.000005 0.000003 0.000002 0.000002 
0.000001 0.000001 0.000002 0.000003 0.000006 0.000013 0.000025 0.000048 0.000091 0.000170 0.000315 0.000573 0.001028 0.001817 0.003165 0.005435 0.009194 0.015327 0.025175 0.040743 0.064965 0.102054 0.157943 0.240805 0.361670 0.535091 0.779821 1.119440 1.582821 2.204320 3.023544 4.084555 5.434355 7.120571 9.188286 11.676072 14.611401 18.005729 21.849662 26.108738 30.720399 35.592690 40.605196 45.612481 50.450116 54.943050 58.915808 62.203731 64.664248 66.187134 66.702708 66.187134 64.664248 62.203731 58.915808 54.943050 50.450116 45.612481 40.605196 35.592690 30.720399 26.108738 21.849662 18.005729 14.611401 11.676072 9.188286 7.120571 5.434355 4.084555 3.023544 2.204320 1.582821 1.119440 0.779821 0.535091 0.361670 0.240805 0.157943 0.102054 0.064965 0.040743 0.025175 0.015327 0.009194 0.005435 0.003165 0.001817 0.001028 0.000573 0.000315 0.000170 0.000091 0.000048 0.000025 0.000013 0.000007 0.000004 0.000002 0.000002 
0.000001 0.000001 0.000002 0.000004 0.000008 0.000016 0.000030 0.000059 0.000111 0.000208 0.000384 0.000699 0.001254 0.002217 0.003861 0.006626 0.011207 0.018677 0.030669 0.049620 0.079097 0.124222 0.192200 0.292962 0.439900 0.650681 0.948065 1.360665 1.923503 2.678245 3.672912 4.960911 6.599197 8.645462 11.154295 14.172373 17.732901 21.849662 26.511161 31.675533 37.266867 43.173654 49.249924 55.319418 61.182895 66.628273 71.442985 75.427575 78.409361 80.254841 80.879624 80.254841 78.409361 75.427575 71.442985 66.628273 61.182895 55.319418 49.249924 43.173654 37.266867 31.675533 26.511161 21.849662 17.732901 14.172373 11.154295 8.645462 6.599197 4.960911 3.672912 2.678245 1.923503 1.360665 0.948065 0.650681 0.439900 0.292962 0.192200 0.124222 0.079097 0.049620 0.030669 0.018677 0.011207 0.006626 0.003861 0.002217 0.001254 0.000699 0.000384 0.000208 0.000111 0.000059 0.000030 0.000016 0.000008 0.000004 0.000003 0.000003 
0.000002 0.000002 0.000003 0.000005 0.000009 0.000019 0.000037 0.000070 0.000134 0.000250 0.000462 0.000841 0.001507 0.002662 0.004635 0.007953 0.013447 0.022404 0.036778 0.059489 0.094806 0.148856 0.230260 0.350894 0.526771 0.779010 1.134813 1.628365 2.301502 3.203982 4.393144 5.932734 7.890722 10.335935 13.333469 16.938957 21.191935 26.108738 31.675533 37.842235 44.518144 51.570099 58.823841 66.069003 73.067827 79.567265 85.313714 90.069236 93.627843 95.830289 96.575916 95.830289 93.627843 90.069236 85.313714 79.567265 73.067827 66.069003 58.823841 51.570099 44.518144 37.842235 31.675533 26.108738 21.191935 16.938957 13.333469 10.335935 7.890722 5.932734 4.393144 3.203982 2.301502 1.628365 1.134813 0.779010 0.526771 0.350894 0.230260 0.148856 0.094806 0.059489 0.036778 0.022404 0.013447 0.007953 0.004635 0.002662 0.001507 0.000841 0.000462 0.000250 0.000134 0.000070 0.000037 0.000019 0.000010 0.000005 0.000003 0.000003 
0.000002 0.000002 0.000003 0.000006 0.000011 0.000022 0.000043 0.000083 0.000158 0.000296 0.000547 0.000994 0.001782 0.003147 0.005478 0.009396 0.015882 0.026454 0.043417 0.070210 0.111865 0.175601 0.271572 0.413763 0.621026 0.918219 1.337353 1.918646 2.711312 3.773867 5.173726 6.985825 9.290042 12.167240 15.693873 19.935248 24.937730 30.720399 37.266867 44.518144 52.367517 60.658395 69.185917 77.702825 85.929708 93.569224 100.323406 105.912713 110.095152 112.683653 113.559970 112.683653 110.095152 105.912713 100.323406 93.569224 85.929708 77.702825 69.185917 60.658395 52.367517 44.518144 37.266867 30.720399 24.937730 19.935248 15.693873 12.167240 9.290042 6.985825 5.173726 3.773867 2.711312 1.918646 1.337353 0.918219 0.621026 0.413763 0.271572 0.175601 0.111865 0.070210 0.043417 0.026454 0.015882 0.009396 0.005478 0.003147 0.001782 0.000994 0.000547 0.000296 0.000158 0.000083 0.000043 0.000022 0.000011 0.000006 0.000004 0.000004 
0.000002 0.000002 0.000004 0.000007 0.000013 0.000026 0.000050 0.000097 0.000184 0.000345 0.000637 0.001157 0.002073 0.003661 0.006371 0.010926 0.018464 0.030747 0.050452 0.081569 0.129936 0.203927 0.315318 0.480321 0.720793 1.065541 1.551658 2.225738 3.144784 4.376560 5.999122 8.099216 10.769286 14.102895 18.188474 23.101528 28.895614 35.592690 43.173654 51.570099 60.658395 70.257210 80.129378 89.988704 99.511826 108.354661 116.172438 122.641722 127.482540 130.478468 131.492709 130.478468 127.482540 122.641722 116.172438 108.354661 99.511826 89.988704 80.129378 70.257210 60.658395 51.570099 43.173654 35.592690 28.895614 23.101528 18.188474 14.102895 10.769286 8.099216 5.999122 4.376560 3.144784 2.225738 1.551658 1.065541 0.720793 0.480321 0.315318 0.203927 0.129936 0.081569 0.050452 0.030747 0.018464 0.010926 0.006371 0.003661 0.002073 0.001157 0.000637 0.000345 0.000184 0.000097 0.000051 0.000026 0.000013 0.000007 0.000005 0.000005 
0.000003 0.000003 0.000004 0.000008 0.000015 0.000030 0.000058 0.000111 0.000211 0.000396 0.000729 0.001326 0.002375 0.004192 0.007294 0.012506 0.021129 0.035178 0.057710 0.093286 0.148572 0.233133 0.360413 0.548921 0.823602 1.217330 1.772427 2.542043 3.591194 4.997155 6.848921 9.245376 12.291881 16.095045 20.755604 26.359532 32.967762 40.605196 49.249924 58.823841 69.185917 80.129378 91.383848 102.623115 113.478643 123.558325 132.469293 139.843019 145.360505 148.775172 149.931166 148.775172 145.360505 139.843019 132.469293 123.558325 113.478643 102.623115 91.383848 80.129378 69.185917 58.823841 49.249924 40.605196 32.967762 26.359532 20.755604 16.095045 12.291881 9.245376 6.848921 4.997155 3.591194 2.542043 1.772427 1.217330 0.823602 0.548921 0.360413 0.233133 0.148572 0.093286 0.057710 0.035178 0.021129 0.012506 0.007294 0.004192 0.002375 0.001326 0.000729 0.000396 0.000211 0.000111 0.000058 0.000030 0.000015 0.000008 0.000005 0.000005 
