0.000000 0.000000 0.000000 0.000000 0.000000 0.000000 0.000000 0.000000 0.000000 0.000000 0.000000 0.000000 0.000000 0.000000 0.000000 0.000000 0.000000 0.000000 0.000000 0.000000 0.000000 0.000000 0.000000 0.000000 0.000000 0.000000 0.000000 0.000000 0.000000 0.000000 0.000000 0.000000 0.000000 0.000000 0.000000 0.000000 0.000000 0.000000 0.000000 0.000000 0.000000 0.000000 0.000000 0.000000 0.000000 0.000000 0.000000 0.000000 0.000000 0.000000 0.000000 0.000000 0.000000 0.000000 0.000000 0.000000 0.000000 0.000000 0.000000 0.000000 0.000000 0.000000 0.000000 0.000000 0.000000 0.000000 0.000000 0.000000 0.000000 0.000000 0.000000 0.000000 0.000000 0.000000 0.000000 0.000000 0.000000 0.000000 0.000000 0.000000 0.000000 0.000000 0.000000 0.000000 0.000000 0.000000 0.000000 0.000000 0.000000 0.000000 0.000000 0.000000 0.000000 0.000000 0.000000 0.000000 0.000000 0.000000 0.000000 0.000000 
0.000000 0.000000 0.000000 0.000000 0.000000 0.000000 0.000000 0.000000 0.000000 0.000000 0.000000 0.000000 0.000000 0.000000 0.000000 0.000000 0.000000 0.000000 0.000000 0.000000 0.000000 0.000000 0.000000 0.000000 0.000000 0.000000 0.000000 0.000000 0.000000 0.000000 0.000000 0.000000 0.000000 0.000000 0.000000 0.000000 0.000000 0.000000 0.000000 0.000000 0.000000 0.000000 0.000000 0.000000 0.000000 0.000000 0.000000 0.000000 0.000000 0.000000 0.000000 0.000000 0.000000 0.000000 0.000000 0.000000 0.000000 0.000000 0.000000 0.000000 0.000000 0.000000 0.000000 0.000000 0.000000 0.000000 0.000000 0.000000 0.000000 0.000000 0.000000 0.000000 0.000000 0.000000 0.000000 0.000000 0.000000 0.000000 0.000000 0.000000 0.000000 0.000000 0.000000 0.000000 0.000000 0.000000 0.000000 0.000000 0.000000 0.000000 0.000000 0.000000 0.000000 0.000000 0.000000 0.000000 0.000000 0.000000 0.000000 0.000000 
0.000000 0.000000 0.000000 0.000000 0.000000 0.000000 0.000000 0.000000 0.000000 0.000000 0.000000 0.000000 0.000000 0.000000 0.000000 0.000000 0.000000 0.000000 0.000000 0.000000 0.000000 0.000000 0.000000 0.000000 0.000000 0.000000 0.000000 0.000000 0.000000 0.000000 0.000000 0.000000 0.000000 0.000000 0.000000 0.000000 0.000000 0.000000 0.000000 0.000000 0.000000 0.000000 0.000000 0.000000 0.000000 0.000000 0.000000 0.000000 0.000000 0.000000 0.000000 0.000000 0.000000 0.000000 0.000000 0.000000 0.000000 0.000000 0.000000 0.000000 0.000000 0.000000 0.000000 0.000000 0.000000 0.000000 0.000000 0.000000 0.000000 0.000000 0.000000 0.000000 0.000000 0.000000 0.000000 0.000000 0.000000 0.000000 0.000000 0.000000 0.000000 0.000000 0.000000 0.000000 0.000000 0.000000 0.000000 0.000000 0.000000 0.000000 0.000000 0.000000 0.000000 0.000000 0.000000 0.000000 0.000000 0.000000 0.000000 0.000000 
0.000000 0.000000 0.000000 0.000000 0.000000 0.000000 0.000000 0.000000 0.000000 0.000000 0.000000 0.000000 0.000000 0.000000 0.000000 0.000000 0.000000 0.000000 0.000000 0.000000 0.000000 0.000000 0.000000 0.000000 0.000000 0.000000 0.000000 0.000000 0.000000 0.000000 0.000000 0.000000 0.000000 0.000000 0.000000 0.000000 0.000000 0.000000 0.000000 0.000000 0.000000 0.000000 0.000000 0.000000 0.000000 0.000000 0.000000 0.000000 0.000000 0.000000 0.000000 0.000000 0.000000 0.000000 0.000000 0.000000 0.000000 0.000000 0.000000 0.000000 0.000000 0.000000 0.000000 0.000000 0.000000 0.000000 0.000000 0.000000 0.000000 0.000000 0.000000 0.000000 0.000000 0.000000 0.000000 0.000000 0.000000 0.000000 0.000000 0.000000 0.000000 0.000000 0.000000 0.000000 0.000000 0.000000 0.000000 0.000000 0.000000 0.000000 0.000000 0.000000 0.000000 0.000000 0.000000 0.000000 0.000000 0.000000 0.000000 0.000000 
0.000000 0.000000 0.000000 0.000000 0.000000 0.000000 0.000000 0.000000 0.000000 0.000000 0.000000 0.000000 0.000000 0.000000 0.000000 0.000000 0.000000 0.000000 0.000000 0.000000 0.000000 0.000000 0.000000 0.000000 0.000000 0.000000 0.000000 0.000000 0.000000 0.000000 0.000000 0.000000 0.000000 0.000000 0.000000 0.000000 0.000000 0.000000 0.000000 0.000000 0.000000 0.000000 0.000000 0.000000 0.000001 0.000001 0.000001 0.000001 0.000001 0.000001 0.000001 0.000001 0.000001 0.000001 0.000001 0.000001 0.000001 0.000000 0.000000 0.000000 0.000000 0.000000 0.000000 0.000000 0.000000 0.000000 0.000000 0.000000 0.000000 0.000000 0.000000 0.000000 0.000000 0.000000 0.000000 0.000000 0.000000 0.000000 0.000000 0.000000 0.000000 0.000000 0.000000 0.000000 0.000000 0.000000 0.000000 0.000000 0.000000 0.000000 0.000000 0.000000 0.000000 0.000000 0.000000 0.000000 0.000000 0.000000 0.000000 0.000000 
0.000000 0.000000 0.000000 0.000000 0.000000 0.000000 0.000000 0.000000 0.000000 0.000000 0.000000 0.000000 0.000000 0.000000 0.000000 0.000000 0.000000 0.000000 0.000000 0.000000 0.000000 0.000000 0.000000 0.000000 0.000000 0.000000 0.000000 0.000000 0.000000 0.000000 0.000000 0.000000 0.000000 0.000000 0.000000 0.000000 0.000000 0.000000 0.000000 0.000000 0.000001 0.000001 0.000001 0.000001 0.000001 0.000001 0.000001 0.000002 0.000002 0.000002 0.000002 0.000002 0.000002 0.000002 0.000001 0.000001 0.000001 0.000001 0.000001 0.000001 0.000001 0.000000 0.000000 0.000000 0.000000 0.000000 0.000000 0.000000 0.000000 0.000000 0.000000 0.000000 0.000000 0.000000 0.000000 0.000000 0.000000 0.000000 0.000000 0.000000 0.000000 0.000000 0.000000 0.000000 0.000000 0.000000 0.000000 0.000000 0.000000 0.000000 0.000000 0.000000 0.000000 0.000000 0.000000 0.000000 0.000000 0.000000 0.000000 0.000000 
0.000000 0.000000 0.000000 0.000000 0.000000 0.000000 0.000000 0.000000 0.000000 0.000000 0.000000 0.000000 0.000000 0.000000 0.000000 0.000000 0.000000 0.000000 0.000000 0.000000 0.000000 0.000000 0.000000 0.000000 0.000000 0.000000 0.000000 0.000000 0.000000 0.000000 0.000000 0.000000 0.000000 0.000000 0.000000 0.000000 0.000001 0.000001 0.000001 0.000001 0.000001 0.000002 0.000002 0.000002 0.000003 0.000003 0.000003 0.000004 0.000004 0.000004 0.000004 0.000004 0.000004 0.000004 0.000003 0.000003 0.000003 0.000002 0.000002 0.000002 0.000001 0.000001 0.000001 0.000001 0.000001 0.000000 0.000000 0.000000 0.000000 0.000000 0.000000 0.000000 0.000000 0.000000 0.000000 0.000000 0.000000 0.000000 0.000000 0.000000 0.000000 0.000000 0.000000 0.000000 0.000000 0.000000 0.000000 0.000000 0.000000 0.000000 0.000000 0.000000 0.000000 0.000000 0.000000 0.000000 0.000000 0.000000 0.000000 0.000000 
0.000000 0.000000 0.000000 0.000000 0.000000 0.000000 0.000000 0.000000 0.000000 0.000000 0.000000 0.000000 0.000000 0.000000 0.000000 0.000000 0.000000 0.000000 0.000000 0.000000 0.000000 0.000000 0.000000 0.000000 0.000000 0.000000 0.000000 0.000000 0.000000 0.000000 0.000000 0.000000 0.000000 0.000000 0.000001 0.000001 0.000001 0.000002 0.000002 0.000003 0.000003 0.000004 0.000004 0.000005 0.000006 0.000007 0.000007 0.000008 0.000008 0.000009 0.000009 0.000009 0.000008 0.000008 0.000007 0.000007 0.000006 0.000005 0.000004 0.000004 0.000003 0.000003 0.000002 0.000002 0.000001 0.000001 0.000001 0.000000 0.000000 0.000000 0.000000 0.000000 0.000000 0.000000 0.000000 0.000000 0.000000 0.000000 0.000000 0.000000 0.000000 0.000000 0.000000 0.000000 0.000000 0.000000 0.000000 0.000000 0.000000 0.000000 0.000000 0.000000 0.000000 0.000000 0.000000 0.000000 0.000000 0.000000 0.000000 0.000000 
0.000000 0.000000 0.000000 0.000000 0.000000 0.000000 0.000000 0.000000 0.000000 0.000000 0.000000 0.000000 0.000000 0.000000 0.000000 0.000000 0.000000 0.000000 0.000000 0.000000 0.000000 0.000000 0.000000 0.000000 0.000000 0.000000 0.000000 0.000000 0.000000 0.000000 0.000000 0.000000 0.000001 0.000001 0.000001 0.000002 0.000003 0.000003 0.000004 0.000006 0.000007 0.000008 0.000010 0.000012 0.000013 0.000015 0.000016 0.000017 0.000018 0.000019 0.000019 0.000019 0.000018 0.000017 0.000016 0.000015 0.000013 0.000012 0.000010 0.000008 0.000007 0.000006 0.000004 0.000003 0.000003 0.000002 0.000001 0.000001 0.000001 0.000000 0.000000 0.000000 0.000000 0.000000 0.000000 0.000000 0.000000 0.000000 0.000000 0.000000 0.000000 0.000000 0.000000 0.000000 0.000000 0.000000 0.000000 0.000000 0.000000 0.000000 0.000000 0.000000 0.000000 0.000000 0.000000 0.000000 0.000000 0.000000 0.000000 0.000000 
0.000000 0.000000 0.000000 0.000000 0.000000 0.000000 0.000000 0.000000 0.000000 0.000000 0.000000 0.000000 0.000000 0.000000 0.000000 0.000000 0.000000 0.000000 0.000000 0.000000 0.000000 0.000000 0.000000 0.000000 0.000000 0.000000 0.000000 0.000000 0.000000 0.000000 0.000001 0.000001 0.000002 0.000002 0.000003 0.000004 0.000006 0.000007 0.000009 0.000012 0.000015 0.000018 0.000021 0.000025 0.000028 0.000032 0.000035 0.000037 0.000039 0.000040 0.000041 0.000040 0.000039 0.000037 0.000035 0.000032 0.000028 0.000025 0.000021 0.000018 0.000015 0.000012 0.000009 0.000007 0.000006 0.000004 0.000003 0.000002 0.000002 0.000001 0.000001 0.000000 0.000000 0.000000 0.000000 0.000000 0.000000 0.000000 0.000000 0.000000 0.000000 0.000000 0.000000 0.000000 0.000000 0.000000 0.000000 0.000000 0.000000 0.000000 0.000000 0.000000 0.000000 0.000000 0.000000 0.000000 0.000000 0.000000 0.000000 0.000000 
0.000000 0.000000 0.000000 0.000000 0.000000 0.000000 0.000000 0.000000 0.000000 0.000000 0.000000 0.000000 0.000000 0.000000 0.000000 0.000000 0.000000 0.000000 0.000000 0.000000 0.000000 0.000000 0.000000 0.000000 0.000000 0.000000 0.000000 0.000000 0.000001 0.000001 0.000002 0.000002 0.000003 0.000005 0.000006 0.000009 0.000012 0.000016 0.000020 0.000025 0.000031 0.000038 0.000045 0.000053 0.000060 0.000067 0.000074 0.000079 0.000083 0.000086 0.000086 0.000086 0.000083 0.000079 0.000074 0.000067 0.000060 0.000053 0.000045 0.000038 0.000031 0.000025 0.000020 0.000016 0.000012 0.000009 0.000006 0.000005 0.000003 0.000002 0.000002 0.000001 0.000001 0.000000 0.000000 0.000000 0.000000 0.000000 0.000000 0.000000 0.000000 0.000000 0.000000 0.000000 0.000000 0.000000 0.000000 0.000000 0.000000 0.000000 0.000000 0.000000 0.000000 0.000000 0.000000 0.000000 0.000000 0.000000 0.000000 0.000000 
0.000000 0.000000 0.000000 0.000000 0.000000 0.000000 0.000000 0.000000 0.000000 0.000000 0.000000 0.000000 0.000000 0.000000 0.000000 0.000000 0.000000 0.000000 0.000000 0.000000 0.000000 0.000000 0.000000 0.000000 0.000000 0.000000 0.000001 0.000001 0.000001 0.000002 0.000003 0.000005 0.000007 0.000010 0.000014 0.000019 0.000025 0.000033 0.000042 0.000053 0.000065 0.000079 0.000094 0.000110 0.000125 0.000140 0.000153 0.000164 0.000173 0.000178 0.000180 0.000178 0.000173 0.000164 0.000153 0.000140 0.000125 0.000110 0.000094 0.000079 0.000065 0.000053 0.000042 0.000033 0.000025 0.000019 0.000014 0.000010 0.000007 0.000005 0.000003 0.000002 0.000001 0.000001 0.000001 0.000000 0.000000 0.000000 0.000000 0.000000 0.000000 0.000000 0.000000 0.000000 0.000000 0.000000 0.000000 0.000000 0.000000 0.000000 0.000000 0.000000 0.000000 0.000000 0.000000 0.000000 0.000000 0.000000 0.000000 0.000000 
0.000000 0.000000 0.000000 0.000000 0.000000 0.000000 0.000000 0.000000 0.000000 0.000000 0.000000 0.000000 0.000000 0.000000 0.000000 0.000000 0.000000 0.000000 0.000000 0.000000 0.000000 0.000000 0.000000 0.000000 0.000000 0.000001 0.000001 0.000002 0.000003 0.000004 0.000007 0.000010 0.000014 0.000020 0.000028 0.000038 0.000051 0.000067 0.000086 0.000109 0.000134 0.000162 0.000193 0.000224 0.000256 0.000286 0.000313 0.000336 0.000353 0.000364 0.000368 0.000364 0.000353 0.000336 0.000313 0.000286 0.000256 0.000224 0.000193 0.000162 0.000134 0.000109 0.000086 0.000067 0.000051 0.000038 0.000028 0.000020 0.000014 0.000010 0.000007 0.000004 0.000003 0.000002 0.000001 0.000001 0.000000 0.000000 0.000000 0.000000 0.000000 0.000000 0.000000 0.000000 0.000000 0.000000 0.000000 0.000000 0.000000 0.000000 0.000000 0.000000 0.000000 0.000000 0.000000 0.000000 0.000000 0.000000 0.000000 0.000000 
0.000000 0.000000 0.000000 0.000000 0.000000 0.000000 0.000000 0.000000 0.000000 0.000000 0.000000 0.000000 0.000000 0.000000 0.000000 0.000000 0.000000 0.000000 0.000000 0.000000 0.000000 0.000000 0.000000 0.000001 0.000001 0.000001 0.000002 0.000004 0.000006 0.000009 0.000013 0.000020 0.000029 0.000041 0.000057 0.000077 0.000103 0.000135 0.000174 0.000219 0.000270 0.000327 0.000388 0.000451 0.000514 0.000574 0.000629 0.000675 0.000710 0.000732 0.000739 0.000732 0.000710 0.000675 0.000629 0.000574 0.000514 0.000451 0.000388 0.000327 0.000270 0.000219 0.000174 0.000135 0.000103 0.000077 0.000057 0.000041 0.000029 0.000020 0.000013 0.000009 0.000006 0.000004 0.000002 0.000001 0.000001 0.000001 0.000000 0.000000 0.000000 0.000000 0.000000 0.000000 0.000000 0.000000 0.000000 0.000000 0.000000 0.000000 0.000000 0.000000 0.000000 0.000000 0.000000 0.000000 0.000000 0.000000 0.000000 0.000000 
0.000000 0.000000 0.000000 0.000000 0.000000 0.000000 0.000000 0.000000 0.000000 0.000000 0.000000 0.000000 0.000000 0.000000 0.000000 0.000000 0.000000 0.000000 0.000000 0.000000 0.000000 0.000000 0.000001 0.000001 0.000002 0.000003 0.000005 0.000007 0.000012 0.000018 0.000027 0.000039 0.000057 0.000081 0.000112 0.000153 0.000204 0.000268 0.000344 0.000433 0.000535 0.000647 0.000767 0.000892 0.001016 0.001135 0.001242 0.001332 0.001401 0.001444 0.001459 0.001444 0.001401 0.001332 0.001242 0.001135 0.001016 0.000892 0.000767 0.000647 0.000535 0.000433 0.000344 0.000268 0.000204 0.000153 0.000112 0.000081 0.000057 0.000039 0.000027 0.000018 0.000012 0.000007 0.000005 0.000003 0.000002 0.000001 0.000001 0.000000 0.000000 0.000000 0.000000 0.000000 0.000000 0.000000 0.000000 0.000000 0.000000 0.000000 0.000000 0.000000 0.000000 0.000000 0.000000 0.000000 0.000000 0.000000 0.000000 0.000000 
0.000000 0.000000 0.000000 0.000000 0.000000 0.000000 0.000000 0.000000 0.000000 0.000000 0.000000 0.000000 0.000000 0.000000 0.000000 0.000000 0.000000 0.000000 0.000000 0.000000 0.000000 0.000001 0.000001 0.000002 0.000003 0.000006 0.000009 0.000015 0.000023 0.000035 0.000052 0.000077 0.000111 0.000158 0.000219 0.000298 0.000398 0.000522 0.000670 0.000843 0.001039 0.001257 0.001490 0.001731 0.001972 0.002202 0.002409 0.002584 0.002717 0.002800 0.002828 0.002800 0.002717 0.002584 0.002409 0.002202 0.001972 0.001731 0.001490 0.001257 0.001039 0.000843 0.000670 0.000522 0.000398 0.000298 0.000219 0.000158 0.000111 0.000077 0.000052 0.000035 0.000023 0.000015 0.000009 0.000006 0.000003 0.000002 0.000001 0.000001 0.000000 0.000000 0.000000 0.000000 0.000000 0.000000 0.000000 0.000000 0.000000 0.000000 0.000000 0.000000 0.000000 0.000000 0.000000 0.000000 0.000000 0.000000 0.000000 0.000000 
0.000000 0.000000 0.000000 0.000000 0.000000 0.000000 0.000000 0.000000 0.000000 0.000000 0.000000 0.000000 0.000000 0.000000 0.000000 0.000000 0.000000 0.000000 0.000000 0.000000 0.000001 0.000001 0.000002 0.000004 0.000007 0.000011 0.000018 0.000028 0.000044 0.000067 0.000101 0.000148 0.000214 0.000303 0.000420 0.000572 0.000763 0.000998 0.001280 0.001610 0.001985 0.002399 0.002843 0.003302 0.003760 0.004197 0.004592 0.004925 0.005177 0.005335 0.005388 0.005335 0.005177 0.004925 0.004592 0.004197 0.003760 0.003302 0.002843 0.002399 0.001985 0.001610 0.001280 0.000998 0.000763 0.000572 0.000420 0.000303 0.000214 0.000148 0.000101 0.000067 0.000044 0.000028 0.000018 0.000011 0.000007 0.000004 0.000002 0.000001 0.000001 0.000000 0.000000 0.000000 0.000000 0.000000 0.000000 0.000000 0.000000 0.000000 0.000000 0.000000 0.000000 0.000000 0.000000 0.000000 0.000000 0.000000 0.000000 0.000000 
0.000000 0.000000 0.000000 0.000000 0.000000 0.000000 0.000000 0.000000 0.000000 0.000000 0.000000 0.000000 0.000000 0.000000 0.000000 0.000000 0.000000 0.000000 0.000000 0.000001 0.000001 0.000002 0.000004 0.000007 0.000013 0.000021 0.000034 0.000053 0.000083 0.000127 0.000190 0.000280 0.000403 0.000570 0.000791 0.001075 0.001434 0.001875 0.002403 0.003021 0.003723 0.004498 0.005328 0.006186 0.007042 0.007858 0.008596 0.009218 0.009690 0.009984 0.010084 0.009984 0.009690 0.009218 0.008596 0.007858 0.007042 0.006186 0.005328 0.004498 0.003723 0.003021 0.002403 0.001875 0.001434 0.001075 0.000791 0.000570 0.000403 0.000280 0.000190 0.000127 0.000083 0.000053 0.000034 0.000021 0.000013 0.000007 0.000004 0.000002 0.000001 0.000001 0.000000 0.000000 0.000000 0.000000 0.000000 0.000000 0.000000 0.000000 0.000000 0.000000 0.000000 0.000000 0.000000 0.000000 0.000000 0.000000 0.000000 0.000000 
0.000000 0.000000 0.000000 0.000000 0.000000 0.000000 0.000000 0.000000 0.000000 0.000000 0.000000 0.000000 0.000000 0.000000 0.000000 0.000000 0.000000 0.000000 0.000001 0.000001 0.000003 0.000005 0.000008 0.000014 0.000023 0.000039 0.000062 0.000099 0.000154 0.000235 0.000353 0.000518 0.000746 0.001055 0.001462 0.001986 0.002647 0.003459 0.004432 0.005568 0.006859 0.008283 0.009808 0.011385 0.012956 0.014454 0.015809 0.016949 0.017814 0.018354 0.018538 0.018354 0.017814 0.016949 0.015809 0.014454 0.012956 0.011385 0.009808 0.008283 0.006859 0.005568 0.004432 0.003459 0.002647 0.001986 0.001462 0.001055 0.000746 0.000518 0.000353 0.000235 0.000154 0.000099 0.000062 0.000039 0.000023 0.000014 0.000008 0.000005 0.000003 0.000001 0.000001 0.000000 0.000000 0.000000 0.000000 0.000000 0.000000 0.000000 0.000000 0.000000 0.000000 0.000000 0.000000 0.000000 0.000000 0.000000 0.000000 0.000000 
0.000000 0.000000 0.000000 0.000000 0.000000 0.000000 0.000000 0.000000 0.000000 0.000000 0.000000 0.000000 0.000000 0.000000 0.000000 0.000000 0.000000 0.000001 0.000001 0.000003 0.000005 0.000009 0.000015 0.000026 0.000043 0.000071 0.000114 0.000181 0.000281 0.000429 0.000642 0.000943 0.001357 0.001916 0.002654 0.003604 0.004800 0.006269 0.008028 0.010081 0.012412 0.014983 0.017734 0.020579 0.023413 0.026114 0.028554 0.030610 0.032169 0.033142 0.033472 0.033142 0.032169 0.030610 0.028554 0.026114 0.023413 0.020579 0.017734 0.014983 0.012412 0.010081 0.008028 0.006269 0.004800 0.003604 0.002654 0.001916 0.001357 0.000943 0.000642 0.000429 0.000281 0.000181 0.000114 0.000071 0.000043 0.000026 0.000015 0.000009 0.000005 0.000003 0.000001 0.000001 0.000000 0.000000 0.000000 0.000000 0.000000 0.000000 0.000000 0.000000 0.000000 0.000000 0.000000 0.000000 0.000000 0.000000 0.000000 0.000000 
0.000000 0.000000 0.000000 0.000000 0.000000 0.000000 0.000000 0.000000 0.000000 0.000000 0.000000 0.000000 0.000000 0.000000 0.000000 0.000000 0.000001 0.000001 0.000003 0.000005 0.000009 0.000015 0.000027 0.000046 0.000077 0.000127 0.000205 0.000324 0.000504 0.000768 0.001149 0.001684 0.002423 0.003419 0.004731 0.006422 0.008547 0.011156 0.014280 0.017922 0.022057 0.026617 0.031492 0.036533 0.041552 0.046335 0.050656 0.054294 0.057053 0.058775 0.059360 0.058775 0.057053 0.054294 0.050656 0.046335 0.041552 0.036533 0.031492 0.026617 0.022057 0.017922 0.014280 0.011156 0.008547 0.006422 0.004731 0.003419 0.002423 0.001684 0.001149 0.000768 0.000504 0.000324 0.000205 0.000127 0.000077 0.000046 0.000027 0.000015 0.000009 0.000005 0.000003 0.000001 0.000001 0.000000 0.000000 0.000000 0.000000 0.000000 0.000000 0.000000 0.000000 0.000000 0.000000 0.000000 0.000000 0.000000 0.000000 0.000000 
0.000000 0.000000 0.000000 0.000000 0.000000 0.000000 0.000000 0.000000 0.000000 0.000000 0.000000 0.000000 0.000000 0.000000 0.000000 0.000001 0.000001 0.000002 0.000005 0.000009 0.000015 0.000027 0.000048 0.000081 0.000136 0.000224 0.000361 0.000571 0.000886 0.001350 0.002017 0.002955 0.004248 0.005990 0.008284 0.011235 0.014946 0.019497 0.024943 0.031292 0.038494 0.046433 0.054920 0.063691 0.072421 0.080740 0.088254 0.094579 0.099374 0.102367 0.103385 0.102367 0.099374 0.094579 0.088254 0.080740 0.072421 0.063691 0.054920 0.046433 0.038494 0.031292 0.024943 0.019497 0.014946 0.011235 0.008284 0.005990 0.004248 0.002955 0.002017 0.001350 0.000886 0.000571 0.000361 0.000224 0.000136 0.000081 0.000048 0.000027 0.000015 0.000009 0.000005 0.000002 0.000001 0.000001 0.000000 0.000000 0.000000 0.000000 0.000000 0.000000 0.000000 0.000000 0.000000 0.000000 0.000000 0.000000 0.000000 0.000000 
0.000000 0.000000 0.000000 0.000000 0.000000 0.000000 0.000000 0.000000 0.000000 0.000000 0.000000 0.000000 0.000000 0.000000 0.000001 0.000001 0.000002 0.000004 0.000008 0.000015 0.000027 0.000048 0.000083 0.000141 0.000236 0.000388 0.000624 0.000987 0.001531 0.002329 0.003476 0.005090 0.007312 0.010303 0.014239 0.019302 0.025661 0.033458 0.042783 0.053647 0.065968 0.079544 0.094051 0.109039 0.123954 0.138162 0.150992 0.161793 0.169978 0.175087 0.176825 0.175087 0.169978 0.161793 0.150992 0.138162 0.123954 0.109039 0.094051 0.079544 0.065968 0.053647 0.042783 0.033458 0.025661 0.019302 0.014239 0.010303 0.007312 0.005090 0.003476 0.002329 0.001531 0.000987 0.000624 0.000388 0.000236 0.000141 0.000083 0.000048 0.000027 0.000015 0.000008 0.000004 0.000002 0.000001 0.000001 0.000000 0.000000 0.000000 0.000000 0.000000 0.000000 0.000000 0.000000 0.000000 0.000000 0.000000 0.000000 0.000000 
0.000000 0.000000 0.000000 0.000000 0.000000 0.000000 0.000000 0.000000 0.000000 0.000000 0.000000 0.000000 0.000000 0.000001 0.000001 0.000002 0.000004 0.000007 0.000014 0.000026 0.000046 0.000081 0.000141 0.000240 0.000402 0.000659 0.001060 0.001674 0.002594 0.003944 0.005883 0.008608 0.012356 0.017399 0.024031 0.032556 0.043259 0.056374 0.072051 0.090309 0.111005 0.133802 0.158152 0.183304 0.208325 0.232155 0.253671 0.271779 0.285502 0.294067 0.296979 0.294067 0.285502 0.271779 0.253671 0.232155 0.208325 0.183304 0.158152 0.133802 0.111005 0.090309 0.072051 0.056374 0.043259 0.032556 0.024031 0.017399 0.012356 0.008608 0.005883 0.003944 0.002594 0.001674 0.001060 0.000659 0.000402 0.000240 0.000141 0.000081 0.000046 0.000026 0.000014 0.000007 0.000004 0.000002 0.000001 0.000001 0.000000 0.000000 0.000000 0.000000 0.000000 0.000000 0.000000 0.000000 0.000000 0.000000 0.000000 0.000000 
0.000000 0.000000 0.000000 0.000000 0.000000 0.000000 0.000000 0.000000 0.000000 0.000000 0.000000 0.000000 0.000000 0.000001 0.000002 0.000003 0.000007 0.000013 0.000023 0.000043 0.000077 0.000136 0.000236 0.000402 0.000671 0.001099 0.001767 0.002788 0.004316 0.006557 0.009773 0.014290 0.020499 0.028845 0.039817 0.053911 0.071596 0.093257 0.119136 0.149263 0.183398 0.220985 0.261120 0.302564 0.343782 0.383028 0.418458 0.448272 0.470863 0.484962 0.489755 0.484962 0.470863 0.448272 0.418458 0.383028 0.343782 0.302564 0.261120 0.220985 0.183398 0.149263 0.119136 0.093257 0.071596 0.053911 0.039817 0.028845 0.020499 0.014290 0.009773 0.006557 0.004316 0.002788 0.001767 0.001099 0.000671 0.000402 0.000236 0.000136 0.000077 0.000043 0.000023 0.000013 0.000007 0.000003 0.000002 0.000001 0.000000 0.000000 0.000000 0.000000 0.000000 0.000000 0.000000 0.000000 0.000000 0.000000 0.000000 0.000000 
0.000000 0.000000 0.000000 0.000000 0.000000 0.000000 0.000000 0.000000 0.000000 0.000000 0.000000 0.000000 0.000001 0.000001 0.000003 0.000006 0.000011 0.000021 0.000039 0.000071 0.000127 0.000224 0.000388 0.000659 0.001099 0.001799 0.002890 0.004556 0.007049 0.010700 0.015936 0.023286 0.033381 0.046945 0.064763 0.087640 0.116330 0.151453 0.193396 0.242203 0.297484 0.358331 0.423283 0.490334 0.557004 0.620471 0.677756 0.725954 0.762472 0.785260 0.793007 0.785260 0.762472 0.725954 0.677756 0.620471 0.557004 0.490334 0.423283 0.358331 0.297484 0.242203 0.193396 0.151453 0.116330 0.087640 0.064763 0.046945 0.033381 0.023286 0.015936 0.010700 0.007049 0.004556 0.002890 0.001799 0.001099 0.000659 0.000388 0.000224 0.000127 0.000071 0.000039 0.000021 0.000011 0.000006 0.000003 0.000001 0.000001 0.000000 0.000000 0.000000 0.000000 0.000000 0.000000 0.000000 0.000000 0.000000 0.000000 0.000000 
0.000000 0.000000 0.000000 0.000000 0.000000 0.000000 0.000000 0.000000 0.000000 0.000000 0.000000 0.000001 0.000001 0.000002 0.000005 0.000009 0.000018 0.000034 0.000062 0.000114 0.000205 0.000361 0.000624 0.001060 0.001767 0.002890 0.004639 0.007308 0.011297 0.017137 0.025505 0.037244 0.053359 0.074996 0.103403 0.139856 0.185548 0.241460 0.308197 0.385826 0.473718 0.570428 0.673631 0.780140 0.886018 0.986788 1.077728 1.154232 1.212189 1.248355 1.260649 1.248355 1.212189 1.154232 1.077728 0.986788 0.886018 0.780140 0.673631 0.570428 0.473718 0.385826 0.308197 0.241460 0.185548 0.139856 0.103403 0.074996 0.053359 0.037244 0.025505 0.017137 0.011297 0.007308 0.004639 0.002890 0.001767 0.001060 0.000624 0.000361 0.000205 0.000114 0.000062 0.000034 0.000018 0.000009 0.000005 0.000002 0.000001 0.000001 0.000000 0.000000 0.000000 0.000000 0.000000 0.000000 0.000000 0.000000 0.000000 0.000000 
0.000000 0.000000 0.000000 0.000000 0.000000 0.000000 0.000000 0.000000 0.000000 0.000000 0.000000 0.000001 0.000002 0.000004 0.000007 0.000015 0.000028 0.000053 0.000099 0.000181 0.000324 0.000571 0.000987 0.001674 0.002788 0.004556 0.007308 0.011504 0.017771 0.026937 0.040065 0.058469 0.083716 0.117596 0.162054 0.219072 0.290508 0.377882 0.482128 0.603340 0.740529 0.891431 1.052418 1.218518 1.383597 1.540681 1.682419 1.801640 1.891950 1.948301 1.967456 1.948301 1.891950 1.801640 1.682419 1.540681 1.383597 1.218518 1.052418 0.891431 0.740529 0.603340 0.482128 0.377882 0.290508 0.219072 0.162054 0.117596 0.083716 0.058469 0.040065 0.026937 0.017771 0.011504 0.007308 0.004556 0.002788 0.001674 0.000987 0.000571 0.000324 0.000181 0.000099 0.000053 0.000028 0.000015 0.000007 0.000004 0.000002 0.000001 0.000000 0.000000 0.000000 0.000000 0.000000 0.000000 0.000000 0.000000 0.000000 0.000000 
0.000000 0.000000 0.000000 0.000000 0.000000 0.000000 0.000000 0.000000 0.000000 0.000000 0.000001 0.000001 0.000003 0.000006 0.000012 0.000023 0.000044 0.000083 0.000154 0.000281 0.000504 0.000886 0.001531 0.002594 0.004316 0.007049 0.011297 0.017771 0.027432 0.041554 0.061767 0.090085 0.128910 0.180982 0.249275 0.336820 0.446449 0.580479 0.740326 0.926119 1.136328 1.367478 1.614006 1.868300 2.120975 2.361368 2.578242 2.760639 2.898793 2.984992 3.014292 2.984992 2.898793 2.760639 2.578242 2.361368 2.120975 1.868300 1.614006 1.367478 1.136328 0.926119 0.740326 0.580479 0.446449 0.336820 0.249275 0.180982 0.128910 0.090085 0.061767 0.041554 0.027432 0.017771 0.011297 0.007049 0.004316 0.002594 0.001531 0.000886 0.000504 0.000281 0.000154 0.000083 0.000044 0.000023 0.000012 0.000006 0.000003 0.000001 0.000001 0.000000 0.000000 0.000000 0.000000 0.000000 0.000000 0.000000 0.000000 0.000000 
0.000000 0.000000 0.000000 0.000000 0.000000 0.000000 0.000000 0.000000 0.000000 0.000000 0.000001 0.000002 0.000004 0.000009 0.000018 0.000035 0.000067 0.000127 0.000235 0.000429 0.000768 0.001350 0.002329 0.003944 0.006557 0.010700 0.017137 0.026937 0.041554 0.062907 0.093449 0.136214 0.194812 0.273363 0.376330 0.508261 0.673401 0.875211 1.115802 1.395345 1.711519 2.059087 2.429677 2.811851 3.191512 3.552653 3.878412 4.152354 4.359827 4.489268 4.533265 4.489268 4.359827 4.152354 3.878412 3.552653 3.191512 2.811851 2.429677 2.059087 1.711519 1.395345 1.115802 0.875211 0.673401 0.508261 0.376330 0.273363 0.194812 0.136214 0.093449 0.062907 0.041554 0.026937 0.017137 0.010700 0.006557 0.003944 0.002329 0.001350 0.000768 0.000429 0.000235 0.000127 0.000067 0.000035 0.000018 0.000009 0.000004 0.000002 0.000001 0.000000 0.000000 0.000000 0.000000 0.000000 0.000000 0.000000 0.000000 0.000000 
0.000000 0.000000 0.000000 0.000000 0.000000 0.000000 0.000000 0.000000 0.000000 0.000001 0.000002 0.000003 0.000007 0.000013 0.000027 0.000052 0.000101 0.000190 0.000353 0.000642 0.001149 0.002017 0.003476 0.005883 0.009773 0.015936 0.025505 0.040065 0.061767 0.093449 0.138739 0.202118 0.288917 0.405210 0.557579 0.752719 0.996874 1.295126 1.650560 2.063398 2.530188 3.043181 3.590011 4.153805 4.713781 5.246348 5.726670 6.130541 6.436393 6.627201 6.692055 6.627201 6.436393 6.130541 5.726670 5.246348 4.713781 4.153805 3.590011 3.043181 2.530188 2.063398 1.650560 1.295126 0.996874 0.752719 0.557579 0.405210 0.288917 0.202118 0.138739 0.093449 0.061767 0.040065 0.025505 0.015936 0.009773 0.005883 0.003476 0.002017 0.001149 0.000642 0.000353 0.000190 0.000101 0.000052 0.000027 0.000013 0.000007 0.000003 0.000002 0.000001 0.000000 0.000000 0.000000 0.000000 0.000000 0.000000 0.000000 0.000000 
0.000000 0.000000 0.000000 0.000000 0.000000 0.000000 0.000000 0.000000 0.000000 0.000001 0.000002 0.000005 0.000010 0.000020 0.000039 0.000077 0.000148 0.000280 0.000518 0.000943 0.001684 0.002955 0.005090 0.008608 0.014290 0.023286 0.037244 0.058469 0.090085 0.136214 0.202118 0.294296 0.420470 0.589436 0.810716 1.093987 1.448268 1.880881 2.396255 2.994669 3.671085 4.414249 5.206240 6.022622 6.833319 7.604210 8.299382 8.883843 9.326418 9.602506 9.696345 9.602506 9.326418 8.883843 8.299382 7.604210 6.833319 6.022622 5.206240 4.414249 3.671085 2.994669 2.396255 1.880881 1.448268 1.093987 0.810716 0.589436 0.420470 0.294296 0.202118 0.136214 0.090085 0.058469 0.037244 0.023286 0.014290 0.008608 0.005090 0.002955 0.001684 0.000943 0.000518 0.000280 0.000148 0.000077 0.000039 0.000020 0.000010 0.000005 0.000002 0.000001 0.000000 0.000000 0.000000 0.000000 0.000000 0.000000 0.000000 0.000000 
0.000000 0.000000 0.000000 0.000000 0.000000 0.000000 0.000000 0.000000 0.000001 0.000002 0.000003 0.000007 0.000014 0.000029 0.000057 0.000111 0.000214 0.000403 0.000746 0.001357 0.002423 0.004248 0.007312 0.012356 0.020499 0.033381 0.053359 0.083716 0.128910 0.194812 0.288917 0.420470 0.600454 0.841368 1.156734 1.560285 2.064801 2.680645 3.414057 4.265376 5.227391 6.284063 7.409897 8.570164 9.722142 10.817386 11.804925 12.635105 13.263699 13.655809 13.789079 13.655809 13.263699 12.635105 11.804925 10.817386 9.722142 8.570164 7.409897 6.284063 5.227391 4.265376 3.414057 2.680645 2.064801 1.560285 1.156734 0.841368 0.600454 0.420470 0.288917 0.194812 0.128910 0.083716 0.053359 0.033381 0.020499 0.012356 0.007312 0.004248 0.002423 0.001357 0.000746 0.000403 0.000214 0.000111 0.000057 0.000029 0.000014 0.000007 0.000003 0.000002 0.000001 0.000000 0.000000 0.000000 0.000000 0.000000 0.000000 0.000000 
0.000000 0.000000 0.000000 0.000000 0.000000 0.000000 0.000000 0.000000 0.000001 0.000002 0.000005 0.000010 0.000020 0.000041 0.000081 0.000158 0.000303 0.000570 0.001055 0.001916 0.003419 0.005990 0.010303 0.017399 0.028845 0.046945 0.074996 0.117596 0.180982 0.273363 0.405210 0.589436 0.841368 1.178439 1.619498 2.183668 2.888731 3.749081 4.773352 5.961942 7.304721 8.779261 10.349967 11.968396 13.574986 15.102228 16.479114 17.636486 18.512758 19.059341 19.245107 19.059341 18.512758 17.636486 16.479114 15.102228 13.574986 11.968396 10.349967 8.779261 7.304721 5.961942 4.773352 3.749081 2.888731 2.183668 1.619498 1.178439 0.841368 0.589436 0.405210 0.273363 0.180982 0.117596 0.074996 0.046945 0.028845 0.017399 0.010303 0.005990 0.003419 0.001916 0.001055 0.000570 0.000303 0.000158 0.000081 0.000041 0.000020 0.000010 0.000005 0.000002 0.000001 0.000000 0.000000 0.000000 0.000000 0.000000 0.000000 0.000000 
0.000000 0.000000 0.000000 0.000000 0.000000 0.000000 0.000000 0.000001 0.000001 0.000003 0.000006 0.000014 0.000028 0.000057 0.000112 0.000219 0.000420 0.000791 0.001462 0.002654 0.004731 0.008284 0.014239 0.024031 0.039817 0.064763 0.103403 0.162054 0.249275 0.376330 0.557579 0.810716 1.156734 1.619498 2.224790 2.998749 3.965661 5.145149 6.548944 8.177491 10.016833 12.036195 14.186808 16.402353 18.601334 20.691420 22.575518 24.159092 25.357969 26.105744 26.359884 26.105744 25.357969 24.159092 22.575518 20.691420 18.601334 16.402353 14.186808 12.036195 10.016833 8.177491 6.548944 5.145149 3.965661 2.998749 2.224790 1.619498 1.156734 0.810716 0.557579 0.376330 0.249275 0.162054 0.103403 0.064763 0.039817 0.024031 0.014239 0.008284 0.004731 0.002654 0.001462 0.000791 0.000420 0.000219 0.000112 0.000057 0.000028 0.000014 0.000006 0.000003 0.000001 0.000001 0.000000 0.000000 0.000000 0.000000 0.000000 0.000000 
0.000000 0.000000 0.000000 0.000000 0.000000 0.000000 0.000000 0.000001 0.000002 0.000004 0.000009 0.000019 0.000038 0.000077 0.000153 0.000298 0.000572 0.001075 0.001986 0.003604 0.006422 0.011235 0.019302 0.032556 0.053911 0.087640 0.139856 0.219072 0.336820 0.508261 0.752719 1.093987 1.560285 2.183668 2.998749 4.040596 5.341760 6.928506 8.816475 11.006145 13.478647 16.192551 19.082282 22.058741 25.012498 27.819616 30.349803 32.476226 34.085972 35.089975 35.431189 35.089975 34.085972 32.476226 30.349803 27.819616 25.012498 22.058741 19.082282 16.192551 13.478647 11.006145 8.816475 6.928506 5.341760 4.040596 2.998749 2.183668 1.560285 1.093987 0.752719 0.508261 0.336820 0.219072 0.139856 0.087640 0.053911 0.032556 0.019302 0.011235 0.006422 0.003604 0.001986 0.001075 0.000572 0.000298 0.000153 0.000077 0.000038 0.000019 0.000009 0.000004 0.000002 0.000001 0.000000 0.000000 0.000000 0.000000 0.000000 0.000000 
0.000000 0.000000 0.000000 0.000000 0.000000 0.000000 0.000001 0.000001 0.000003 0.000006 0.000012 0.000025 0.000051 0.000103 0.000204 0.000398 0.000763 0.001434 0.002647 0.004800 0.008547 0.014946 0.025661 0.043259 0.071596 0.116330 0.185548 0.290508 0.446449 0.673401 0.996874 1.448268 2.064801 2.888731 3.965661 5.341760 7.059850 9.154435 11.645991 14.535000 17.796443 21.375586 25.185913 29.109960 33.003521 36.703333 40.037807 42.839941 44.961085 46.283993 46.733579 46.283993 44.961085 42.839941 40.037807 36.703333 33.003521 29.109960 25.185913 21.375586 17.796443 14.535000 11.645991 9.154435 7.059850 5.341760 3.965661 2.888731 2.064801 1.448268 0.996874 0.673401 0.446449 0.290508 0.185548 0.116330 0.071596 0.043259 0.025661 0.014946 0.008547 0.004800 0.002647 0.001434 0.000763 0.000398 0.000204 0.000103 0.000051 0.000025 0.000012 0.000006 0.000003 0.000001 0.000001 0.000000 0.000000 0.000000 0.000000 0.000000 
0.000000 0.000000 0.000000 0.000000 0.000000 0.000000 0.000001 0.000002 0.000003 0.000007 0.000016 0.000033 0.000067 0.000135 0.000268 0.000522 0.000998 0.001875 0.003459 0.006269 0.011156 0.019497 0.033458 0.056374 0.093257 0.151453 0.241460 0.377882 0.580479 0.875211 1.295126 1.880881 2.680645 3.749081 5.145149 6.928506 9.154435 11.867428 15.093800 18.833992 23.055468 27.687284 32.617436 37.693956 42.730369 47.515615 51.827932 55.451524 58.194333 59.904894 60.486212 59.904894 58.194333 55.451524 51.827932 47.515615 42.730369 37.693956 32.617436 27.687284 23.055468 18.833992 15.093800 11.867428 9.154435 6.928506 5.145149 3.749081 2.680645 1.880881 1.295126 0.875211 0.580479 0.377882 0.241460 0.151453 0.093257 0.056374 0.033458 0.019497 0.011156 0.006269 0.003459 0.001875 0.000998 0.000522 0.000268 0.000135 0.000067 0.000033 0.000016 0.000007 0.000003 0.000002 0.000001 0.000000 0.000000 0.000000 0.000000 0.000000 
0.000000 0.000000 0.000000 0.000000 0.000000 0.000000 0.000001 0.000002 0.000004 0.000009 0.000020 0.000042 0.000086 0.000174 0.000344 0.000670 0.001280 0.002403 0.004432 0.008028 0.014280 0.024943 0.042783 0.072051 0.119136 0.193396 0.308197 0.482128 0.740326 1.115802 1.650560 2.396255 3.414057 4.773352 6.548944 8.816475 11.645991 15.093800 19.193102 23.944244 29.305722 35.187317 41.446756 47.891120 54.283781 60.356997 65.829511 70.427679 73.907991 76.078421 76.816008 76.078421 73.907991 70.427679 65.829511 60.356997 54.283781 47.891120 41.446756 35.187317 29.305722 23.944244 19.193102 15.093800 11.645991 8.816475 6.548944 4.773352 3.414057 2.396255 1.650560 1.115802 0.740326 0.482128 0.308197 0.193396 0.119136 0.072051 0.042783 0.024943 0.014280 0.008028 0.004432 0.002403 0.001280 0.000670 0.000344 0.000174 0.000086 0.000042 0.000020 0.000009 0.000004 0.000002 0.000001 0.000000 0.000000 0.000000 0.000000 0.000000 
0.000000 0.000000 0.000000 0.000000 0.000000 0.000000 0.000001 0.000003 0.000006 0.000012 0.000025 0.000053 0.000109 0.000219 0.000433 0.000843 0.001610 0.003021 0.005568 0.010081 0.017922 0.031292 0.053647 0.090309 0.149263 0.242203 0.385826 0.603340 0.926119 1.395345 2.063398 2.994669 4.265376 5.961942 8.177491 11.006145 14.535000 18.833992 23.944244 29.865941 36.547156 43.875329 51.673141 59.700284 67.662122 75.225367 82.039977 87.765442 92.098783 94.801101 95.719427 94.801101 92.098783 87.765442 82.039977 75.225367 67.662122 59.700284 51.673141 43.875329 36.547156 29.865941 23.944244 18.833992 14.535000 11.006145 8.177491 5.961942 4.265376 2.994669 2.063398 1.395345 0.926119 0.603340 0.385826 0.242203 0.149263 0.090309 0.053647 0.031292 0.017922 0.010081 0.005568 0.003021 0.001610 0.000843 0.000433 0.000219 0.000109 0.000053 0.000025 0.000012 0.000006 0.000003 0.000001 0.000000 0.000000 0.000000 0.000000 0.000000 
0.000000 0.000000 0.000000 0.000000 0.000000 0.000001 0.000001 0.000003 0.000007 0.000015 0.000031 0.000065 0.000134 0.000270 0.000535 0.001039 0.001985 0.003723 0.006859 0.012412 0.022057 0.038494 0.065968 0.111005 0.183398 0.297484 0.473718 0.740529 1.136328 1.711519 2.530188 3.671085 5.227391 7.304721 10.016833 13.478647 17.796443 23.055468 29.305722 36.547156 44.716049 53.674632 63.206070 73.016663 82.746432 91.988277 100.314717 107.309968 112.604116 115.905505 117.027397 115.905505 112.604116 107.309968 100.314717 91.988277 82.746432 73.016663 63.206070 53.674632 44.716049 36.547156 29.305722 23.055468 17.796443 13.478647 10.016833 7.304721 5.227391 3.671085 2.530188 1.711519 1.136328 0.740529 0.473718 0.297484 0.183398 0.111005 0.065968 0.038494 0.022057 0.012412 0.006859 0.003723 0.001985 0.001039 0.000535 0.000270 0.000134 0.000065 0.000031 0.000015 0.000007 0.000003 0.000001 0.000001 0.000000 0.000000 0.000000 0.000000 
0.000000 0.000000 0.000000 0.000000 0.000000 0.000001 0.000002 0.000004 0.000008 0.000018 0.000038 0.000079 0.000162 0.000327 0.000647 0.001257 0.002399 0.004498 0.008283 0.014983 0.026617 0.046433 0.079544 0.133802 0.220985 0.358331 0.570428 0.891431 1.367478 2.059087 3.043181 4.414249 6.284063 8.779261 12.036195 16.192551 21.375586 27.687284 35.187317 43.875329 53.674632 64.419796 75.850680 87.615088 99.281479 110.361936 120.344203 128.730105 135.076471 139.033908 140.378722 139.033908 135.076471 128.730105 120.344203 110.361936 99.281479 87.615088 75.850680 64.419796 53.674632 43.875329 35.187317 27.687284 21.375586 16.192551 12.036195 8.779261 6.284063 4.414249 3.043181 2.059087 1.367478 0.891431 0.570428 0.358331 0.220985 0.133802 0.079544 0.046433 0.026617 0.014983 0.008283 0.004498 0.002399 0.001257 0.000647 0.000327 0.000162 0.000079 0.000038 0.000018 0.000008 0.000004 0.000002 0.000001 0.000000 0.000000 0.000000 0.000000 
0.000000 0.000000 0.000000 0.000000 0.000000 0.000001 0.000002 0.000004 0.000010 0.000021 0.000045 0.000094 0.000193 0.000388 0.000767 0.001490 0.002843 0.005328 0.009808 0.017734 0.031492 0.054920 0.094051 0.158152 0.261120 0.423283 0.673631 1.052418 1.614006 2.429677 3.590011 5.206240 7.409897 10.349967 14.186808 19.082282 25.185913 32.617436 41.446756 51.673141 63.206070 75.850680 89.300773 103.141976 116.866704 129.901181 141.643097 151.506771 158.971229 163.625770 165.207454 163.625770 158.971229 151.506771 141.643097 129.901181 116.866704 103.141976 89.300773 75.850680 63.206070 51.673141 41.446756 32.617436 25.185913 19.082282 14.186808 10.349967 7.409897 5.206240 3.590011 2.429677 1.614006 1.052418 0.673631 0.423283 0.261120 0.158152 0.094051 0.054920 0.031492 0.017734 0.009808 0.005328 0.002843 0.001490 0.000767 0.000388 0.000193 0.000094 0.000045 0.000021 0.000010 0.000004 0.000002 0.000001 0.000000 0.000000 0.000000 0.000000 
