0.000000 0.000000 0.000000 0.000000 0.000000 0.000000 0.000000 0.000000 0.000000 0.000000 0.000000 0.000001 0.000001 0.000001 0.000002 0.000003 0.000004 0.000005 0.000007 0.000010 0.000014 0.000019 0.000025 0.000033 0.000044 0.000057 0.000073 0.000094 0.000118 0.000148 0.000183 0.000224 0.000271 0.000325 0.000386 0.000453 0.000527 0.000606 0.000690 0.000778 0.000867 0.000958 0.001046 0.001131 0.001210 0.001281 0.001343 0.001393 0.001429 0.001452 0.001459 0.001452 0.001429 0.001393 0.001343 0.001281 0.001210 0.001131 0.001046 0.000958 0.000867 0.000778 0.000690 0.000606 0.000527 0.000453 0.000386 0.000325 0.000271 0.000224 0.000183 0.000148 0.000118 0.000094 0.000073 0.000057 0.000044 0.000033 0.000025 0.000019 0.000014 0.000010 0.000007 0.000005 0.000004 0.000003 0.000002 0.000001 0.000001 0.000001 0.000000 0.000000 0.000000 0.000000 0.000000 0.000000 0.000000 0.000000 0.000000 0.000000 
0.000000 0.000000 0.000000 0.000000 0.000000 0.000000 0.000000 0.000000 0.000000 0.000000 0.000000 0.000001 0.000001 0.000001 0.000002 0.000003 0.000004 0.000005 0.000007 0.000010 0.000014 0.000019 0.000025 0.000033 0.000044 0.000057 0.000073 0.000094 0.000118 0.000148 0.000183 0.000224 0.000271 0.000325 0.000386 0.000453 0.000527 0.000606 0.000690 0.000778 0.000867 0.000958 0.001046 0.001131 0.001210 0.001281 0.001343 0.001393 0.001429 0.001452 0.001459 0.001452 0.001429 0.001393 0.001343 0.001281 0.001210 0.001131 0.001046 0.000958 0.000867 0.000778 0.000690 0.000606 0.000527 0.000453 0.000386 0.000325 0.000271 0.000224 0.000183 0.000148 0.000118 0.000094 0.000073 0.000057 0.000044 0.000033 0.000025 0.000019 0.000014 0.000010 0.000007 0.000005 0.000004 0.000003 0.000002 0.000001 0.000001 0.000001 0.000000 0.000000 0.000000 0.000000 0.000000 0.000000 0.000000 0.000000 0.000000 0.000000 
0.000000 0.000000 0.000000 0.000000 0.000000 0.000000 0.000000 0.000000 0.000000 0.000000 0.000000 0.000001 0.000001 0.000002 0.000002 0.000003 0.000005 0.000006 0.000009 0.000012 0.000017 0.000023 0.000031 0.000041 0.000054 0.000071 0.000091 0.000116 0.000146 0.000183 0.000226 0.000277 0.000336 0.000403 0.000478 0.000561 0.000652 0.000751 0.000855 0.000963 0.001074 0.001185 0.001295 0.001400 0.001498 0.001586 0.001662 0.001723 0.001769 0.001797 0.001806 0.001797 0.001769 0.001723 0.001662 0.001586 0.001498 0.001400 0.001295 0.001185 0.001074 0.000963 0.000855 0.000751 0.000652 0.000561 0.000478 0.000403 0.000336 0.000277 0.000226 0.000183 0.000146 0.000116 0.000091 0.000071 0.000054 0.000041 0.000031 0.000023 0.000017 0.000012 0.000009 0.000006 0.000005 0.000003 0.000002 0.000002 0.000001 0.000001 0.000000 0.000000 0.000000 0.000000 0.000000 0.000000 0.000000 0.000000 0.000000 0.000000 
0.000000 0.000000 0.000000 0.000000 0.000000 0.000000 0.000000 0.000000 0.000000 0.000000 0.000001 0.000001 0.000001 0.000002 0.000003 0.000005 0.000006 0.000009 0.000013 0.000018 0.000024 0.000033 0.000044 0.000059 0.000077 0.000101 0.000130 0.000165 0.000209 0.000261 0.000323 0.000395 0.000478 0.000573 0.000680 0.000799 0.000928 0.001068 0.001216 0.001370 0.001528 0.001686 0.001841 0.001990 0.002129 0.002255 0.002362 0.002450 0.002514 0.002554 0.002567 0.002554 0.002514 0.002450 0.002362 0.002255 0.002129 0.001990 0.001841 0.001686 0.001528 0.001370 0.001216 0.001068 0.000928 0.000799 0.000680 0.000573 0.000478 0.000395 0.000323 0.000261 0.000209 0.000165 0.000130 0.000101 0.000077 0.000059 0.000044 0.000033 0.000024 0.000018 0.000013 0.000009 0.000006 0.000005 0.000003 0.000002 0.000001 0.000001 0.000001 0.000000 0.000000 0.000000 0.000000 0.000000 0.000000 0.000000 0.000000 0.000000 
0.000000 0.000000 0.000000 0.000000 0.000000 0.000000 0.000000 0.000000 0.000000 0.000001 0.000001 0.000002 0.000002 0.000003 0.000005 0.000007 0.000010 0.000014 0.000020 0.000027 0.000037 0.000050 0.000067 0.000089 0.000118 0.000153 0.000197 0.000251 0.000317 0.000396 0.000490 0.000599 0.000726 0.000870 0.001032 0.001212 0.001408 0.001619 0.001843 0.002076 0.002315 0.002555 0.002790 0.003016 0.003226 0.003416 0.003579 0.003711 0.003809 0.003869 0.003889 0.003869 0.003809 0.003711 0.003579 0.003416 0.003226 0.003016 0.002790 0.002555 0.002315 0.002076 0.001843 0.001619 0.001408 0.001212 0.001032 0.000870 0.000726 0.000599 0.000490 0.000396 0.000317 0.000251 0.000197 0.000153 0.000118 0.000089 0.000067 0.000050 0.000037 0.000027 0.000020 0.000014 0.000010 0.000007 0.000005 0.000003 0.000002 0.000002 0.000001 0.000001 0.000000 0.000000 0.000000 0.000000 0.000000 0.000000 0.000000 0.000000 
0.000000 0.000000 0.000000 0.000000 0.000000 0.000000 0.000000 0.000000 0.000001 0.000001 0.000002 0.000002 0.000004 0.000005 0.000008 0.000011 0.000015 0.000022 0.000030 0.000042 0.000058 0.000078 0.000105 0.000139 0.000183 0.000238 0.000306 0.000390 0.000492 0.000614 0.000759 0.000929 0.001125 0.001348 0.001598 0.001876 0.002180 0.002507 0.002854 0.003214 0.003584 0.003954 0.004318 0.004667 0.004992 0.005285 0.005537 0.005742 0.005893 0.005985 0.006016 0.005985 0.005893 0.005742 0.005537 0.005285 0.004992 0.004667 0.004318 0.003954 0.003584 0.003214 0.002854 0.002507 0.002180 0.001876 0.001598 0.001348 0.001125 0.000929 0.000759 0.000614 0.000492 0.000390 0.000306 0.000238 0.000183 0.000139 0.000105 0.000078 0.000058 0.000042 0.000030 0.000022 0.000015 0.000011 0.000008 0.000005 0.000004 0.000002 0.000002 0.000001 0.000001 0.000000 0.000000 0.000000 0.000000 0.000000 0.000000 0.000000 
0.000000 0.000000 0.000000 0.000000 0.000000 0.000000 0.000000 0.000001 0.000001 0.000002 0.000002 0.000004 0.000005 0.000008 0.000012 0.000017 0.000024 0.000034 0.000047 0.000066 0.000090 0.000121 0.000163 0.000216 0.000284 0.000370 0.000476 0.000606 0.000765 0.000955 0.001180 0.001443 0.001746 0.002093 0.002482 0.002913 0.003384 0.003891 0.004428 0.004987 0.005559 0.006134 0.006698 0.007238 0.007742 0.008196 0.008587 0.008903 0.009137 0.009280 0.009328 0.009280 0.009137 0.008903 0.008587 0.008196 0.007742 0.007238 0.006698 0.006134 0.005559 0.004987 0.004428 0.003891 0.003384 0.002913 0.002482 0.002093 0.001746 0.001443 0.001180 0.000955 0.000765 0.000606 0.000476 0.000370 0.000284 0.000216 0.000163 0.000121 0.000090 0.000066 0.000047 0.000034 0.000024 0.000017 0.000012 0.000008 0.000005 0.000004 0.000002 0.000002 0.000001 0.000001 0.000000 0.000000 0.000000 0.000000 0.000000 0.000000 
0.000000 0.000000 0.000000 0.000000 0.000000 0.000000 0.000001 0.000001 0.000002 0.000003 0.000004 0.000006 0.000009 0.000013 0.000018 0.000026 0.000037 0.000053 0.000073 0.000101 0.000139 0.000188 0.000252 0.000335 0.000440 0.000572 0.000736 0.000937 0.001182 0.001475 0.001823 0.002229 0.002698 0.003232 0.003832 0.004498 0.005224 0.006006 0.006834 0.007697 0.008579 0.009465 0.010334 0.011168 0.011944 0.012643 0.013246 0.013734 0.014094 0.014314 0.014388 0.014314 0.014094 0.013734 0.013246 0.012643 0.011944 0.011168 0.010334 0.009465 0.008579 0.007697 0.006834 0.006006 0.005224 0.004498 0.003832 0.003232 0.002698 0.002229 0.001823 0.001475 0.001182 0.000937 0.000736 0.000572 0.000440 0.000335 0.000252 0.000188 0.000139 0.000101 0.000073 0.000053 0.000037 0.000026 0.000018 0.000013 0.000009 0.000006 0.000004 0.000003 0.000002 0.000001 0.000001 0.000000 0.000000 0.000000 0.000000 0.000000 
0.000000 0.000000 0.000000 0.000000 0.000000 0.000001 0.000001 0.000002 0.000003 0.000004 0.000006 0.000009 0.000013 0.000019 0.000028 0.000040 0.000057 0.000081 0.000113 0.000156 0.000213 0.000289 0.000387 0.000514 0.000675 0.000877 0.001129 0.001437 0.001812 0.002262 0.002794 0.003416 0.004134 0.004951 0.005870 0.006888 0.008000 0.009197 0.010464 0.011783 0.013133 0.014487 0.015816 0.017091 0.018278 0.019347 0.020268 0.021014 0.021565 0.021901 0.022015 0.021901 0.021565 0.021014 0.020268 0.019347 0.018278 0.017091 0.015816 0.014487 0.013133 0.011783 0.010464 0.009197 0.008000 0.006888 0.005870 0.004951 0.004134 0.003416 0.002794 0.002262 0.001812 0.001437 0.001129 0.000877 0.000675 0.000514 0.000387 0.000289 0.000213 0.000156 0.000113 0.000081 0.000057 0.000040 0.000028 0.000019 0.000013 0.000009 0.000006 0.000004 0.000003 0.000002 0.000001 0.000001 0.000000 0.000000 0.000000 0.000000 
0.000000 0.000000 0.000000 0.000000 0.000001 0.000001 0.000002 0.000003 0.000004 0.000006 0.000009 0.000013 0.000020 0.000029 0.000043 0.000061 0.000087 0.000123 0.000172 0.000237 0.000325 0.000439 0.000589 0.000781 0.001026 0.001333 0.001715 0.002184 0.002753 0.003435 0.004243 0.005187 0.006276 0.007516 0.008910 0.010453 0.012139 0.013953 0.015873 0.017873 0.019919 0.021971 0.023985 0.025916 0.027715 0.029335 0.030730 0.031861 0.032694 0.033204 0.033376 0.033204 0.032694 0.031861 0.030730 0.029335 0.027715 0.025916 0.023985 0.021971 0.019919 0.017873 0.015873 0.013953 0.012139 0.010453 0.008910 0.007516 0.006276 0.005187 0.004243 0.003435 0.002753 0.002184 0.001715 0.001333 0.001026 0.000781 0.000589 0.000439 0.000325 0.000237 0.000172 0.000123 0.000087 0.000061 0.000043 0.000029 0.000020 0.000013 0.000009 0.000006 0.000004 0.000003 0.000002 0.000001 0.000001 0.000000 0.000000 0.000000 
0.000000 0.000000 0.000000 0.000001 0.000001 0.000002 0.000002 0.000004 0.000006 0.000009 0.000014 0.000020 0.000030 0.000044 0.000064 0.000093 0.000132 0.000186 0.000259 0.000358 0.000489 0.000662 0.000887 0.001177 0.001545 0.002007 0.002582 0.003287 0.004143 0.005168 0.006382 0.007800 0.009437 0.011300 0.013393 0.015712 0.018244 0.020967 0.023850 0.026852 0.029923 0.033003 0.036027 0.038924 0.041624 0.044054 0.046148 0.047845 0.049095 0.049861 0.050119 0.049861 0.049095 0.047845 0.046148 0.044054 0.041624 0.038924 0.036027 0.033003 0.029923 0.026852 0.023850 0.020967 0.018244 0.015712 0.013393 0.011300 0.009437 0.007800 0.006382 0.005168 0.004143 0.003287 0.002582 0.002007 0.001545 0.001177 0.000887 0.000662 0.000489 0.000358 0.000259 0.000186 0.000132 0.000093 0.000064 0.000044 0.000030 0.000020 0.000014 0.000009 0.000006 0.000004 0.000002 0.000002 0.000001 0.000001 0.000001 0.000001 
0.000001 0.000001 0.000001 0.000001 0.000002 0.000002 0.000004 0.000006 0.000009 0.000013 0.000020 0.000031 0.000045 0.000066 0.000096 0.000138 0.000197 0.000277 0.000387 0.000534 0.000730 0.000988 0.001324 0.001755 0.002303 0.002992 0.003848 0.004899 0.006173 0.007699 0.009506 0.011616 0.014051 0.016823 0.019937 0.023386 0.027151 0.031200 0.035487 0.039950 0.044515 0.049093 0.053587 0.057894 0.061906 0.065517 0.068628 0.071150 0.073008 0.074145 0.074529 0.074145 0.073008 0.071150 0.068628 0.065517 0.061906 0.057894 0.053587 0.049093 0.044515 0.039950 0.035487 0.031200 0.027151 0.023386 0.019937 0.016823 0.014051 0.011616 0.009506 0.007699 0.006173 0.004899 0.003848 0.002992 0.002303 0.001755 0.001324 0.000988 0.000730 0.000534 0.000387 0.000277 0.000197 0.000138 0.000096 0.000066 0.000045 0.000031 0.000020 0.000014 0.000009 0.000006 0.000004 0.000002 0.000002 0.000001 0.000001 0.000001 
0.000001 0.000001 0.000001 0.000001 0.000002 0.000004 0.000005 0.000009 0.000013 0.000020 0.000030 0.000045 0.000067 0.000098 0.000142 0.000205 0.000291 0.000410 0.000572 0.000790 0.001079 0.001460 0.001955 0.002592 0.003401 0.004417 0.005680 0.007229 0.009107 0.011357 0.014020 0.017130 0.020718 0.024801 0.029387 0.034467 0.040012 0.045974 0.052286 0.058856 0.065575 0.072313 0.078928 0.085266 0.091170 0.096485 0.101062 0.104773 0.107507 0.109181 0.109745 0.109181 0.107507 0.104773 0.101062 0.096485 0.091170 0.085266 0.078928 0.072313 0.065575 0.058856 0.052286 0.045974 0.040012 0.034467 0.029387 0.024801 0.020718 0.017130 0.014020 0.011357 0.009107 0.007229 0.005680 0.004417 0.003401 0.002592 0.001955 0.001460 0.001079 0.000790 0.000572 0.000410 0.000291 0.000205 0.000142 0.000098 0.000067 0.000045 0.000030 0.000020 0.000013 0.000009 0.000006 0.000004 0.000002 0.000002 0.000001 0.000001 
0.000001 0.000001 0.000002 0.000002 0.000003 0.000005 0.000008 0.000013 0.000019 0.000029 0.000044 0.000066 0.000098 0.000144 0.000209 0.000300 0.000427 0.000601 0.000838 0.001156 0.001579 0.002136 0.002859 0.003789 0.004971 0.006456 0.008300 0.010562 0.013304 0.016588 0.020473 0.025012 0.030246 0.036203 0.042892 0.050299 0.058384 0.067078 0.076279 0.085857 0.095650 0.105472 0.115112 0.124349 0.132952 0.140696 0.147366 0.152773 0.156755 0.159195 0.160017 0.159195 0.156755 0.152773 0.147366 0.140696 0.132952 0.124349 0.115112 0.105472 0.095650 0.085857 0.076279 0.067078 0.058384 0.050299 0.042892 0.036203 0.030246 0.025012 0.020473 0.016588 0.013304 0.010562 0.008300 0.006456 0.004971 0.003789 0.002859 0.002136 0.001579 0.001156 0.000838 0.000601 0.000427 0.000300 0.000209 0.000144 0.000098 0.000066 0.000044 0.000029 0.000019 0.000013 0.000008 0.000005 0.000003 0.000002 0.000002 0.000002 
0.000002 0.000002 0.000002 0.000003 0.000005 0.000008 0.000012 0.000018 0.000028 0.000043 0.000064 0.000096 0.000142 0.000209 0.000303 0.000435 0.000619 0.000871 0.001214 0.001675 0.002288 0.003093 0.004140 0.005486 0.007196 0.009343 0.012009 0.015279 0.019243 0.023989 0.029603 0.036160 0.043721 0.052325 0.061985 0.072681 0.084355 0.096905 0.110188 0.124013 0.138148 0.152321 0.166233 0.179562 0.191975 0.203148 0.212773 0.220573 0.226319 0.229839 0.231024 0.229839 0.226319 0.220573 0.212773 0.203148 0.191975 0.179562 0.166233 0.152321 0.138148 0.124013 0.110188 0.096905 0.084355 0.072681 0.061985 0.052325 0.043721 0.036160 0.029603 0.023989 0.019243 0.015279 0.012009 0.009343 0.007196 0.005486 0.004140 0.003093 0.002288 0.001675 0.001214 0.000871 0.000619 0.000435 0.000303 0.000209 0.000143 0.000096 0.000064 0.000043 0.000028 0.000018 0.000012 0.000008 0.000005 0.000004 0.000003 0.000003 
0.000003 0.000003 0.000003 0.000005 0.000007 0.000011 0.000017 0.000026 0.000040 0.000061 0.000093 0.000138 0.000205 0.000300 0.000435 0.000625 0.000888 0.001250 0.001742 0.002403 0.003281 0.004435 0.005936 0.007863 0.010312 0.013387 0.017203 0.021884 0.027557 0.034349 0.042381 0.051761 0.062575 0.074880 0.088693 0.103986 0.120675 0.138616 0.157602 0.177360 0.197560 0.217814 0.237693 0.256736 0.274473 0.290435 0.304185 0.315328 0.323537 0.328564 0.330257 0.328564 0.323537 0.315328 0.304185 0.290435 0.274473 0.256736 0.237693 0.217814 0.197560 0.177360 0.157602 0.138616 0.120675 0.103986 0.088693 0.074880 0.062575 0.051761 0.042381 0.034349 0.027557 0.021884 0.017203 0.013387 0.010312 0.007863 0.005936 0.004435 0.003281 0.002403 0.001742 0.001250 0.000888 0.000625 0.000435 0.000300 0.000205 0.000138 0.000093 0.000061 0.000040 0.000026 0.000017 0.000011 0.000007 0.000005 0.000004 0.000004 
0.000004 0.000004 0.000005 0.000006 0.000010 0.000015 0.000024 0.000037 0.000057 0.000087 0.000132 0.000197 0.000291 0.000427 0.000619 0.000888 0.001262 0.001776 0.002475 0.003413 0.004659 0.006297 0.008425 0.011159 0.014631 0.018991 0.024401 0.031034 0.039073 0.048696 0.060074 0.073359 0.088674 0.106098 0.125656 0.147306 0.170929 0.196322 0.223192 0.251153 0.279736 0.308394 0.336519 0.363461 0.388551 0.411132 0.430582 0.446344 0.457955 0.465067 0.467462 0.465067 0.457955 0.446344 0.430582 0.411132 0.388551 0.363461 0.336519 0.308394 0.279736 0.251153 0.223192 0.196322 0.170929 0.147306 0.125656 0.106098 0.088674 0.073359 0.060074 0.048696 0.039073 0.031034 0.024401 0.018991 0.014631 0.011159 0.008425 0.006297 0.004659 0.003413 0.002475 0.001776 0.001262 0.000888 0.000619 0.000427 0.000291 0.000197 0.000132 0.000087 0.000057 0.000037 0.000024 0.000016 0.000010 0.000007 0.000006 0.000006 
0.000005 0.000005 0.000006 0.000009 0.000014 0.000022 0.000034 0.000053 0.000081 0.000123 0.000186 0.000277 0.000410 0.000601 0.000871 0.001250 0.001776 0.002499 0.003480 0.004799 0.006550 0.008851 0.011840 0.015679 0.020554 0.026673 0.034265 0.043574 0.054852 0.068350 0.084309 0.102940 0.124414 0.148843 0.176260 0.206606 0.239716 0.275303 0.312954 0.352132 0.392179 0.432328 0.471727 0.509468 0.544613 0.576242 0.603483 0.625560 0.641822 0.651782 0.655136 0.651782 0.641822 0.625560 0.603483 0.576242 0.544613 0.509468 0.471727 0.432328 0.392179 0.352132 0.312954 0.275303 0.239716 0.206606 0.176260 0.148843 0.124414 0.102940 0.084309 0.068350 0.054852 0.043574 0.034265 0.026673 0.020554 0.015679 0.011840 0.008851 0.006550 0.004799 0.003480 0.002499 0.001776 0.001250 0.000871 0.000601 0.000410 0.000277 0.000186 0.000123 0.000081 0.000053 0.000034 0.000022 0.000015 0.000010 0.000008 0.000008 
0.000007 0.000007 0.000009 0.000013 0.000020 0.000030 0.000047 0.000073 0.000113 0.000172 0.000259 0.000387 0.000572 0.000838 0.001214 0.001742 0.002475 0.003480 0.004846 0.006680 0.009116 0.012316 0.016472 0.021810 0.028586 0.037090 0.047639 0.060572 0.076238 0.094986 0.117147 0.143016 0.172829 0.206739 0.244793 0.286910 0.332856 0.382234 0.434473 0.488826 0.544380 0.600072 0.654721 0.707066 0.755810 0.799674 0.837453 0.868068 0.890619 0.904431 0.909082 0.904431 0.890619 0.868068 0.837453 0.799674 0.755810 0.707066 0.654721 0.600072 0.544380 0.488826 0.434473 0.382234 0.332856 0.286910 0.244793 0.206739 0.172829 0.143016 0.117147 0.094986 0.076238 0.060572 0.047639 0.037090 0.028586 0.021810 0.016472 0.012316 0.009116 0.006680 0.004846 0.003480 0.002475 0.001742 0.001214 0.000838 0.000572 0.000387 0.000259 0.000172 0.000113 0.000074 0.000048 0.000031 0.000021 0.000015 0.000012 0.000012 
0.000010 0.000010 0.000012 0.000018 0.000027 0.000042 0.000066 0.000101 0.000156 0.000237 0.000358 0.000534 0.000790 0.001156 0.001675 0.002403 0.003413 0.004799 0.006680 0.009207 0.012562 0.016968 0.022689 0.030035 0.039360 0.051062 0.065574 0.083363 0.104908 0.130688 0.161157 0.196720 0.237700 0.284305 0.336601 0.394473 0.457601 0.525438 0.597200 0.671860 0.748164 0.824652 0.899704 0.971588 1.038523 1.098756 1.150630 1.192666 1.223630 1.242594 1.248980 1.242594 1.223630 1.192666 1.150630 1.098756 1.038523 0.971588 0.899704 0.824652 0.748164 0.671860 0.597200 0.525438 0.457601 0.394473 0.336601 0.284305 0.237700 0.196720 0.161157 0.130688 0.104908 0.083363 0.065574 0.051062 0.039360 0.030035 0.022689 0.016968 0.012562 0.009207 0.006680 0.004799 0.003413 0.002403 0.001675 0.001156 0.000790 0.000534 0.000358 0.000238 0.000156 0.000102 0.000066 0.000043 0.000029 0.000020 0.000016 0.000016 
0.000014 0.000014 0.000017 0.000024 0.000037 0.000058 0.000090 0.000139 0.000213 0.000325 0.000489 0.000730 0.001079 0.001579 0.002288 0.003281 0.004659 0.006550 0.009116 0.012562 0.017136 0.023142 0.030940 0.040951 0.053656 0.069595 0.089362 0.113587 0.142923 0.178020 0.219497 0.267900 0.323670 0.387089 0.458243 0.536976 0.622851 0.715126 0.812730 0.914268 1.018034 1.122045 1.224097 1.321836 1.412843 1.494733 1.565257 1.622405 1.664499 1.690279 1.698961 1.690279 1.664499 1.622405 1.565257 1.494733 1.412843 1.321836 1.224097 1.122045 1.018034 0.914268 0.812730 0.715126 0.622851 0.536976 0.458243 0.387089 0.323670 0.267900 0.219497 0.178020 0.142923 0.113587 0.089362 0.069595 0.053656 0.040951 0.030940 0.023142 0.017136 0.012562 0.009116 0.006550 0.004659 0.003281 0.002288 0.001579 0.001079 0.000730 0.000489 0.000325 0.000214 0.000139 0.000090 0.000059 0.000039 0.000028 0.000022 0.000022 
0.000019 0.000019 0.000023 0.000033 0.000050 0.000078 0.000121 0.000188 0.000289 0.000439 0.000662 0.000988 0.001460 0.002136 0.003093 0.004435 0.006297 0.008851 0.012316 0.016968 0.023142 0.031248 0.041770 0.055275 0.072412 0.093909 0.120564 0.153225 0.192772 0.240079 0.295977 0.361204 0.436346 0.521787 0.617639 0.723690 0.839351 0.963620 1.095057 1.231780 1.371494 1.511530 1.648920 1.780497 1.903007 2.013239 2.108169 2.185091 2.241751 2.276451 2.288136 2.276451 2.241751 2.185091 2.108169 2.013239 1.903007 1.780497 1.648920 1.511530 1.371494 1.231780 1.095057 0.963620 0.839351 0.723690 0.617639 0.521787 0.436346 0.361204 0.295977 0.240079 0.192772 0.153225 0.120564 0.093909 0.072412 0.055275 0.041770 0.031248 0.023142 0.016968 0.012316 0.008851 0.006297 0.004435 0.003093 0.002136 0.001460 0.000988 0.000662 0.000440 0.000289 0.000189 0.000122 0.000080 0.000053 0.000037 0.000030 0.000030 
0.000025 0.000025 0.000031 0.000044 0.000067 0.000105 0.000163 0.000252 0.000387 0.000589 0.000887 0.001324 0.001955 0.002859 0.004140 0.005936 0.008425 0.011840 0.016472 0.022689 0.030940 0.041770 0.055825 0.073863 0.096748 0.125451 0.161035 0.204632 0.257413 0.320542 0.395127 0.482148 0.582388 0.696352 0.824191 0.965619 1.119850 1.285545 1.460783 1.643058 1.829307 2.015974 2.199105 2.374479 2.537760 2.684673 2.811188 2.913701 2.989210 3.035452 3.051025 3.035452 2.989210 2.913701 2.811188 2.684673 2.537760 2.374479 2.199105 2.015974 1.829307 1.643058 1.460783 1.285545 1.119850 0.965619 0.824191 0.696352 0.582388 0.482148 0.395127 0.320542 0.257413 0.204632 0.161035 0.125451 0.096748 0.073863 0.055825 0.041770 0.030940 0.022689 0.016472 0.011840 0.008425 0.005936 0.004140 0.002859 0.001955 0.001324 0.000887 0.000589 0.000388 0.000253 0.000164 0.000107 0.000071 0.000050 0.000041 0.000041 
0.000033 0.000033 0.000041 0.000059 0.000089 0.000139 0.000216 0.000335 0.000514 0.000781 0.001177 0.001755 0.002592 0.003789 0.005486 0.007863 0.011159 0.015679 0.021810 0.030035 0.040951 0.055275 0.073863 0.097713 0.127969 0.165911 0.212941 0.270554 0.340294 0.423699 0.522225 0.637166 0.769554 0.920052 1.088856 1.275587 1.479204 1.697938 1.929253 2.169841 2.415658 2.662012 2.903688 3.135117 3.350578 3.544434 3.711369 3.846632 3.946261 4.007274 4.027821 4.007274 3.946261 3.846632 3.711369 3.544434 3.350578 3.135117 2.903688 2.662012 2.415658 2.169841 1.929253 1.697938 1.479204 1.275587 1.088856 0.920052 0.769554 0.637166 0.522225 0.423699 0.340294 0.270554 0.212941 0.165911 0.127969 0.097713 0.073863 0.055275 0.040951 0.030035 0.021810 0.015679 0.011159 0.007863 0.005486 0.003789 0.002592 0.001755 0.001177 0.000782 0.000514 0.000336 0.000218 0.000142 0.000094 0.000067 0.000054 0.000054 
0.000044 0.000044 0.000054 0.000077 0.000118 0.000183 0.000284 0.000440 0.000675 0.001026 0.001545 0.002303 0.003401 0.004971 0.007196 0.010312 0.014631 0.020554 0.028586 0.039360 0.053656 0.072412 0.096748 0.127969 0.167569 0.217221 0.278759 0.354134 0.445363 0.554453 0.683308 0.833615 1.006716 1.203480 1.424155 1.668245 1.934386 2.220264 2.522564 2.836960 3.158170 3.480066 3.795832 4.098196 4.379688 4.632945 4.851026 5.027728 5.157876 5.237579 5.264419 5.237579 5.157876 5.027728 4.851026 4.632945 4.379688 4.098196 3.795832 3.480066 3.158170 2.836960 2.522564 2.220264 1.934386 1.668245 1.424155 1.203480 1.006716 0.833615 0.683308 0.554453 0.445363 0.354134 0.278759 0.217221 0.167569 0.127969 0.096748 0.072412 0.053656 0.039360 0.028586 0.020554 0.014631 0.010312 0.007196 0.004971 0.003401 0.002303 0.001545 0.001026 0.000675 0.000441 0.000286 0.000187 0.000124 0.000088 0.000071 0.000071 
0.000057 0.000057 0.000071 0.000101 0.000153 0.000238 0.000370 0.000572 0.000877 0.001333 0.002007 0.002992 0.004417 0.006456 0.009343 0.013387 0.018991 0.026673 0.037090 0.051062 0.069595 0.093909 0.125451 0.165911 0.217221 0.281548 0.361263 0.458889 0.577036 0.718298 0.885135 1.079724 1.303804 1.558489 1.844099 2.159986 2.504383 2.874294 3.265426 3.672183 4.087733 4.504147 4.912612 5.303724 5.667824 5.995392 6.277456 6.505995 6.674321 6.777403 6.812116 6.777403 6.674321 6.505995 6.277456 5.995392 5.667824 5.303724 4.912612 4.504147 4.087733 3.672183 3.265426 2.874294 2.504383 2.159986 1.844099 1.558489 1.303804 1.079724 0.885135 0.718298 0.577036 0.458889 0.361263 0.281548 0.217221 0.165911 0.125451 0.093909 0.069595 0.051062 0.037090 0.026673 0.018991 0.013387 0.009343 0.006456 0.004417 0.002993 0.002007 0.001334 0.000878 0.000573 0.000373 0.000243 0.000161 0.000114 0.000093 0.000093 
0.000073 0.000073 0.000091 0.000130 0.000197 0.000306 0.000476 0.000736 0.001129 0.001715 0.002582 0.003848 0.005680 0.008300 0.012009 0.017203 0.024401 0.034265 0.047639 0.065574 0.089362 0.120564 0.161035 0.212941 0.278759 0.361263 0.463489 0.588670 0.740146 0.921237 1.135091 1.384495 1.671667 1.998032 2.363994 2.768718 3.209937 3.683809 4.184833 4.705839 5.238078 5.771396 6.294511 6.795380 7.261641 7.681107 8.042294 8.334935 8.550471 8.682462 8.726911 8.682462 8.550471 8.334935 8.042294 7.681107 7.261641 6.795380 6.294511 5.771396 5.238078 4.705839 4.184833 3.683809 3.209937 2.768718 2.363994 1.998032 1.671667 1.384495 1.135091 0.921237 0.740146 0.588670 0.463489 0.361263 0.278759 0.212941 0.161035 0.120564 0.089362 0.065574 0.047639 0.034265 0.024401 0.017203 0.012009 0.008300 0.005680 0.003848 0.002582 0.001716 0.001130 0.000738 0.000480 0.000312 0.000208 0.000148 0.000120 0.000120 
0.000094 0.000094 0.000116 0.000165 0.000251 0.000390 0.000606 0.000937 0.001437 0.002184 0.003287 0.004899 0.007229 0.010562 0.015279 0.021884 0.031034 0.043574 0.060572 0.083363 0.113587 0.153225 0.204632 0.270554 0.354134 0.458889 0.588670 0.747575 0.939837 1.169664 1.441043 1.757504 2.121853 2.535893 3.000128 3.513494 4.073111 4.674101 5.309486 5.970174 6.645070 7.321300 7.984565 8.619598 9.210733 9.742526 10.200421 10.571410 10.844646 11.011971 11.068318 11.011971 10.844646 10.571410 10.200421 9.742526 9.210733 8.619598 7.984565 7.321300 6.645070 5.970174 5.309486 4.674101 4.073111 3.513494 3.000128 2.535893 2.121853 1.757504 1.441043 1.169664 0.939837 0.747575 0.588670 0.458889 0.354134 0.270554 0.204632 0.153225 0.113587 0.083363 0.060572 0.043574 0.031034 0.021884 0.015279 0.010562 0.007229 0.004899 0.003288 0.002185 0.001439 0.000940 0.000611 0.000398 0.000265 0.000188 0.000153 0.000153 
0.000118 0.000118 0.000146 0.000209 0.000317 0.000492 0.000765 0.001182 0.001812 0.002753 0.004143 0.006173 0.009107 0.013304 0.019243 0.027557 0.039073 0.054852 0.076238 0.104908 0.142923 0.192772 0.257413 0.340294 0.445363 0.577036 0.740146 0.939837 1.181421 1.470178 1.811106 2.208633 2.666275 3.186287 3.769297 4.413958 5.116649 5.871242 6.668972 7.498424 8.345669 9.194549 10.027118 10.824221 11.566196 12.233668 12.808375 13.273997 13.616926 13.826928 13.897647 13.826928 13.616926 13.273997 12.808375 12.233668 11.566196 10.824221 10.027118 9.194549 8.345669 7.498424 6.668972 5.871242 5.116649 4.413958 3.769297 3.186287 2.666275 2.208633 1.811106 1.470178 1.181421 0.939837 0.740146 0.577036 0.445363 0.340294 0.257413 0.192772 0.142923 0.104908 0.076238 0.054852 0.039073 0.027557 0.019243 0.013304 0.009107 0.006173 0.004144 0.002755 0.001815 0.001186 0.000771 0.000502 0.000335 0.000237 0.000193 0.000193 
0.000148 0.000148 0.000183 0.000261 0.000396 0.000614 0.000955 0.001475 0.002262 0.003435 0.005168 0.007699 0.011357 0.016588 0.023989 0.034349 0.048696 0.068350 0.094986 0.130688 0.178020 0.240079 0.320542 0.423699 0.554453 0.718298 0.921237 1.169664 1.470178 1.829335 2.253344 2.747699 3.316764 3.963333 4.688176 5.489611 6.363130 7.301110 8.292652 9.323567 10.376546 11.431510 12.466161 13.456701 14.378707 15.208110 15.922227 16.500787 16.926890 17.187822 17.275692 17.187822 16.926890 16.500787 15.922227 15.208110 14.378707 13.456701 12.466161 11.431510 10.376546 9.323567 8.292652 7.301110 6.363130 5.489611 4.688176 3.963333 3.316764 2.747699 2.253344 1.829335 1.470178 1.169664 0.921237 0.718298 0.554453 0.423699 0.320542 0.240079 0.178020 0.130688 0.094986 0.068350 0.048696 0.034349 0.023989 0.016588 0.011358 0.007700 0.005169 0.003437 0.002264 0.001480 0.000962 0.000627 0.000418 0.000297 0.000241 0.000241 
0.000183 0.000183 0.000226 0.000323 0.000490 0.000759 0.001180 0.001823 0.002794 0.004243 0.006382 0.009506 0.014020 0.020473 0.029603 0.042381 0.060074 0.084309 0.117147 0.161157 0.219497 0.295977 0.395127 0.522225 0.683308 0.885135 1.135091 1.441043 1.811106 2.253344 2.775389 3.383992 4.084515 4.880384 5.772536 6.758893 7.833898 8.988163 10.208273 11.476767 12.772348 14.070317 15.343244 16.561861 17.696130 18.716450 19.594927 20.306636 20.830795 21.151771 21.259860 21.151771 20.830795 20.306636 19.594927 18.716450 17.696130 16.561861 15.343244 14.070317 12.772348 11.476767 10.208273 8.988163 7.833898 6.758893 5.772536 4.880384 4.084515 3.383992 2.775389 2.253344 1.811106 1.441043 1.135091 0.885135 0.683308 0.522225 0.395127 0.295977 0.219497 0.161157 0.117147 0.084309 0.060074 0.042381 0.029603 0.020474 0.014020 0.009506 0.006383 0.004245 0.002797 0.001828 0.001189 0.000775 0.000517 0.000367 0.000298 0.000298 
0.000224 0.000224 0.000277 0.000395 0.000599 0.000929 0.001443 0.002229 0.003416 0.005187 0.007800 0.011616 0.017130 0.025012 0.036160 0.051761 0.073359 0.102940 0.143016 0.196720 0.267900 0.361204 0.482148 0.637166 0.833615 1.079724 1.384495 1.757504 2.208633 2.747699 3.383992 4.125726 4.979422 5.949241 7.036312 8.238092 9.547800 10.953995 12.440326 13.985523 15.563646 17.144612 18.695020 20.179230 21.560670 22.803299 23.873159 24.739906 25.378238 25.769127 25.900759 25.769127 25.378238 24.739906 23.873159 22.803299 21.560670 20.179230 18.695020 17.144612 15.563646 13.985523 12.440326 10.953995 9.547800 8.238092 7.036312 5.949241 4.979422 4.125726 3.383992 2.747699 2.208633 1.757504 1.384495 1.079724 0.833615 0.637166 0.482148 0.361204 0.267900 0.196720 0.143016 0.102940 0.073359 0.051761 0.036160 0.025012 0.017130 0.011617 0.007802 0.005189 0.003420 0.002236 0.001455 0.000949 0.000632 0.000449 0.000365 0.000365 
0.000271 0.000271 0.000336 0.000478 0.000726 0.001125 0.001746 0.002698 0.004134 0.006276 0.009437 0.014051 0.020718 0.030246 0.043721 0.062575 0.088674 0.124414 0.172829 0.237700 0.323670 0.436346 0.582388 0.769554 1.006716 1.303804 1.671667 2.121853 2.666275 3.316764 4.084515 4.979422 6.009336 7.179262 8.490548 9.940111 11.519765 13.215700 15.008193 16.871593 18.774617 20.680996 22.550462 24.340053 26.005682 27.503910 28.793807 29.838800 30.608397 31.079663 31.238361 31.079663 30.608397 29.838800 28.793807 27.503910 26.005682 24.340053 22.550462 20.680996 18.774617 16.871593 15.008193 13.215700 11.519765 9.940111 8.490548 7.179262 6.009336 4.979422 4.084515 3.316764 2.666275 2.121853 1.671667 1.303804 1.006716 0.769554 0.582388 0.436346 0.323670 0.237700 0.172829 0.124414 0.088674 0.062575 0.043721 0.030246 0.020718 0.014052 0.009438 0.006279 0.004139 0.002706 0.001761 0.001149 0.000766 0.000544 0.000442 0.000442 
0.000325 0.000325 0.000403 0.000573 0.000870 0.001348 0.002093 0.003232 0.004951 0.007516 0.011300 0.016823 0.024801 0.036203 0.052325 0.074880 0.106098 0.148843 0.206739 0.284305 0.387089 0.521787 0.696352 0.920052 1.203480 1.558489 1.998032 2.535893 3.186287 3.963333 4.880384 5.949241 7.179262 8.576406 10.142269 11.873153 13.759271 15.784126 17.924166 20.148762 22.420571 24.696303 26.927897 29.064080 31.052243 32.840551 34.380163 35.627441 36.546002 37.108484 37.297897 37.108484 36.546002 35.627441 34.380163 32.840551 31.052243 29.064080 26.927897 24.696303 22.420571 20.148762 17.924166 15.784126 13.759271 11.873153 10.142269 8.576406 7.179262 5.949241 4.880384 3.963333 3.186287 2.535893 1.998032 1.558489 1.203480 0.920052 0.696352 0.521787 0.387089 0.284305 0.206739 0.148843 0.106098 0.074880 0.052325 0.036203 0.024802 0.016825 0.011302 0.007520 0.004957 0.003242 0.002110 0.001377 0.000918 0.000652 0.000530 0.000530 
0.000386 0.000386 0.000478 0.000680 0.001032 0.001598 0.002482 0.003832 0.005870 0.008910 0.013393 0.019937 0.029387 0.042892 0.061985 0.088693 0.125656 0.176260 0.244793 0.336601 0.458243 0.617639 0.824191 1.088856 1.424155 1.844099 2.363994 3.000128 3.769297 4.688176 5.772536 7.036312 8.490548 10.142269 11.993341 14.039381 16.268804 18.662100 21.191427 23.820583 26.505437 29.194834 31.831988 34.356322 36.705683 38.818837 40.638088 42.111888 43.197261 43.861885 44.085695 43.861885 43.197261 42.111888 40.638088 38.818837 36.705683 34.356322 31.831988 29.194834 26.505437 23.820583 21.191427 18.662100 16.268804 14.039381 11.993341 10.142269 8.490548 7.036312 5.772536 4.688176 3.769297 3.000128 2.363994 1.844099 1.424155 1.088856 0.824191 0.617639 0.458243 0.336601 0.244793 0.176260 0.125656 0.088693 0.061985 0.042892 0.029388 0.019938 0.013395 0.008914 0.005877 0.003844 0.002502 0.001633 0.001089 0.000774 0.000629 0.000629 
0.000453 0.000453 0.000561 0.000799 0.001212 0.001876 0.002913 0.004498 0.006888 0.010453 0.015712 0.023386 0.034467 0.050299 0.072681 0.103986 0.147306 0.206606 0.286910 0.394473 0.536976 0.723690 0.965619 1.275587 1.668245 2.159986 2.768718 3.513494 4.413958 5.489611 6.758893 8.238092 9.940111 11.873153 14.039381 16.433646 19.042379 21.842740 24.802143 27.878231 31.019372 34.165727 37.250872 40.203955 42.952285 45.424246 47.552367 49.276363 50.545980 51.323420 51.585219 51.323420 50.545980 49.276363 47.552367 45.424246 42.952285 40.203955 37.250872 34.165727 31.019372 27.878231 24.802143 21.842740 19.042379 16.433646 14.039381 11.873153 9.940111 8.238092 6.758893 5.489611 4.413958 3.513494 2.768718 2.159986 1.668245 1.275587 0.965619 0.723690 0.536976 0.394473 0.286910 0.206607 0.147306 0.103986 0.072681 0.050300 0.034468 0.023387 0.015715 0.010458 0.006897 0.004512 0.002937 0.001917 0.001278 0.000908 0.000739 0.000739 
0.000527 0.000527 0.000652 0.000928 0.001408 0.002180 0.003384 0.005224 0.008000 0.012139 0.018244 0.027151 0.040012 0.058384 0.084355 0.120675 0.170929 0.239716 0.332856 0.457601 0.622851 0.839351 1.119850 1.479204 1.934386 2.504383 3.209937 4.073111 5.116649 6.363130 7.833898 9.547800 11.519765 13.759271 16.268804 19.042379 22.064261 25.307982 28.735791 32.298623 35.936681 39.580667 43.153665 46.573635 49.756412 52.619082 55.083526 57.079956 58.550190 59.450471 59.753634 59.450471 58.550190 57.079956 55.083526 52.619082 49.756412 46.573635 43.153665 39.580667 35.936681 32.298623 28.735791 25.307982 22.064261 19.042379 16.268804 13.759271 11.519765 9.547800 7.833898 6.363130 5.116649 4.073111 3.209937 2.504383 1.934386 1.479204 1.119850 0.839351 0.622851 0.457601 0.332856 0.239716 0.170929 0.120675 0.084355 0.058385 0.040013 0.027153 0.018247 0.012145 0.008010 0.005241 0.003412 0.002227 0.001486 0.001056 0.000859 0.000859 
0.000606 0.000606 0.000751 0.001068 0.001619 0.002507 0.003891 0.006006 0.009197 0.013953 0.020967 0.031200 0.045974 0.067078 0.096905 0.138616 0.196322 0.275303 0.382234 0.525438 0.715126 0.963620 1.285545 1.697938 2.220264 2.874294 3.683809 4.674101 5.871242 7.301110 8.988163 10.953995 13.215700 15.784126 18.662100 21.842740 25.307982 29.027465 32.957891 37.043001 41.214234 45.392146 49.488565 53.409449 57.058328 60.340165 63.165427 65.454127 67.139583 68.171647 68.519187 68.171647 67.139583 65.454127 63.165427 60.340165 57.058328 53.409449 49.488565 45.392146 41.214234 37.043001 32.957891 29.027465 25.307982 21.842740 18.662100 15.784126 13.215700 10.953995 8.988163 7.301110 5.871242 4.674101 3.683809 2.874294 2.220264 1.697938 1.285545 0.963620 0.715126 0.525439 0.382234 0.275303 0.196323 0.138616 0.096906 0.067078 0.045975 0.031203 0.020971 0.013960 0.009208 0.006025 0.003923 0.002561 0.001709 0.001215 0.000989 0.000989 
0.000690 0.000690 0.000855 0.001216 0.001843 0.002854 0.004428 0.006834 0.010464 0.015873 0.023850 0.035487 0.052286 0.076279 0.110188 0.157602 0.223192 0.312954 0.434473 0.597200 0.812730 1.095057 1.460783 1.929253 2.522564 3.265426 4.184833 5.309486 6.668972 8.292652 10.208273 12.440326 15.008193 17.924166 21.191427 24.802143 28.735791 32.957891 37.419288 42.056120 46.790571 51.532479 56.181782 60.631766 64.772964 68.497539 71.703902 74.301299 76.214072 77.385325 77.779734 77.385325 76.214072 74.301299 71.703902 68.497539 64.772964 60.631766 56.181782 51.532479 46.790571 42.056120 37.419288 32.957891 28.735791 24.802143 21.191427 17.924166 15.008193 12.440326 10.208273 8.292652 6.668972 5.309486 4.184833 3.265426 2.522564 1.929253 1.460783 1.095057 0.812730 0.597200 0.434473 0.312954 0.223192 0.157602 0.110189 0.076280 0.052287 0.035490 0.023855 0.015881 0.010476 0.006856 0.004465 0.002915 0.001945 0.001383 0.001126 0.001126 
0.000778 0.000778 0.000963 0.001370 0.002076 0.003214 0.004987 0.007697 0.011783 0.017873 0.026852 0.039950 0.058856 0.085857 0.124013 0.177360 0.251153 0.352132 0.488826 0.671860 0.914268 1.231780 1.643058 2.169841 2.836960 3.672183 4.705839 5.970174 7.498424 9.323567 11.476767 13.985523 16.871593 20.148762 23.820583 27.878231 32.298623 37.043001 42.056120 47.266218 52.585865 57.913761 63.137496 68.137189 72.789874 76.974416 80.576707 83.494808 85.643738 86.959590 87.402692 86.959590 85.643738 83.494808 80.576707 76.974416 72.789874 68.137189 63.137496 57.913761 52.585865 47.266218 42.056120 37.043001 32.298623 27.878231 23.820583 20.148762 16.871593 13.985523 11.476767 9.323567 7.498424 5.970174 4.705839 3.672183 2.836960 2.169841 1.643058 1.231780 0.914268 0.671861 0.488827 0.352132 0.251153 0.177361 0.124013 0.085858 0.058858 0.039953 0.026857 0.017882 0.011797 0.007721 0.005029 0.003284 0.002191 0.001558 0.001268 0.001268 
0.000867 0.000867 0.001074 0.001528 0.002315 0.003584 0.005559 0.008579 0.013133 0.019919 0.029923 0.044515 0.065575 0.095650 0.138148 0.197560 0.279736 0.392179 0.544380 0.748164 1.018034 1.371494 1.829307 2.415658 3.158170 4.087733 5.238078 6.645070 8.345669 10.376546 12.772348 15.563646 18.774617 22.420571 26.505437 31.019372 35.936681 41.214234 46.790571 52.585865 58.502868 64.428917 70.238996 75.799787 80.974547 85.628573 89.634979 92.880410 95.270376 96.733815 97.226614 96.733815 95.270376 92.880410 89.634979 85.628573 80.974547 75.799787 70.238996 64.428917 58.502868 52.585865 46.790571 41.214234 35.936681 31.019372 26.505437 22.420571 18.774617 15.563646 12.772348 10.376546 8.345669 6.645070 5.238078 4.087733 3.158170 2.415658 1.829307 1.371494 1.018034 0.748164 0.544380 0.392179 0.279736 0.197560 0.138148 0.095651 0.065577 0.044518 0.029928 0.019928 0.013149 0.008607 0.005606 0.003661 0.002443 0.001737 0.001415 0.001415 
0.000958 0.000958 0.001185 0.001686 0.002555 0.003954 0.006134 0.009465 0.014487 0.021971 0.033003 0.049093 0.072313 0.105472 0.152321 0.217814 0.308394 0.432328 0.600072 0.824652 1.122045 1.511530 2.015974 2.662012 3.480066 4.504147 5.771396 7.321300 9.194549 11.431510 14.070317 17.144612 20.680996 24.696303 29.194834 34.165727 39.580667 45.392146 51.532479 57.913761 64.428917 70.953903 77.351084 83.473690 89.171183 94.295280 98.706300 102.279466 104.910762 106.521968 107.064524 106.521968 104.910762 102.279466 98.706300 94.295280 89.171183 83.473690 77.351084 70.953903 64.428917 57.913761 51.532479 45.392146 39.580667 34.165727 29.194834 24.696303 20.680996 17.144612 14.070317 11.431510 9.194549 7.321300 5.771396 4.504147 3.480066 2.662012 2.015974 1.511530 1.122045 0.824652 0.600072 0.432328 0.308394 0.217814 0.152322 0.105473 0.072315 0.049096 0.033009 0.021981 0.014504 0.009495 0.006185 0.004040 0.002696 0.001918 0.001561 0.001561 
0.001046 0.001046 0.001295 0.001841 0.002790 0.004318 0.006698 0.010334 0.015816 0.023985 0.036027 0.053587 0.078928 0.115112 0.166233 0.237693 0.336519 0.471727 0.654721 0.899704 1.224097 1.648920 2.199105 2.903688 3.795832 4.912612 6.294511 7.984565 10.027118 12.466161 15.343244 18.695020 22.550462 26.927897 31.831988 37.250872 43.153665 49.488565 56.181782 63.137496 70.238996 77.351084 84.323757 90.997057 97.206931 102.791783 107.599396 111.493796 114.361635 116.117676 116.709003 116.117676 114.361635 111.493796 107.599396 102.791783 97.206931 90.997057 84.323757 77.351084 70.238996 63.137496 56.181782 49.488565 43.153665 37.250872 31.831988 26.927897 22.550462 18.695020 15.343244 12.466161 10.027118 7.984565 6.294511 4.912612 3.795832 2.903688 2.199105 1.648920 1.224097 0.899704 0.654721 0.471727 0.336519 0.237693 0.166234 0.115113 0.078930 0.053591 0.036033 0.023997 0.015836 0.010367 0.006754 0.004412 0.002945 0.002094 0.001706 0.001706 
