0.000000 0.000000 0.000000 0.000000 0.000000 0.000000 0.000000 0.000000 0.000000 0.000000 0.000000 0.000000 0.000000 0.000000 0.000001 0.000001 0.000001 0.000002 0.000002 0.000003 0.000005 0.000006 0.000009 0.000012 0.000016 0.000021 0.000028 0.000037 0.000047 0.000060 0.000075 0.000093 0.000114 0.000139 0.000167 0.000198 0.000233 0.000270 0.000311 0.000353 0.000397 0.000441 0.000485 0.000527 0.000567 0.000602 0.000633 0.000659 0.000677 0.000689 0.000692 0.000689 0.000677 0.000659 0.000633 0.000602 0.000567 0.000527 0.000485 0.000441 0.000397 0.000353 0.000311 0.000270 0.000233 0.000198 0.000167 0.000139 0.000114 0.000093 0.000075 0.000060 0.000047 0.000037 0.000028 0.000021 0.000016 0.000012 0.000009 0.000006 0.000005 0.000003 0.000002 0.000002 0.000001 0.000001 0.000001 0.000000 0.000000 0.000000 0.000000 0.000000 0.000000 0.000000 0.000000 0.000000 0.000000 0.000000 0.000000 0.000000 
0.000000 0.000000 0.000000 0.000000 0.000000 0.000000 0.000000 0.000000 0.000000 0.000000 0.000000 0.000000 0.000000 0.000000 0.000001 0.000001 0.000001 0.000002 0.000002 0.000003 0.000005 0.000006 0.000009 0.000012 0.000016 0.000021 0.000028 0.000037 0.000047 0.000060 0.000075 0.000093 0.000114 0.000139 0.000167 0.000198 0.000233 0.000270 0.000311 0.000353 0.000397 0.000441 0.000485 0.000527 0.000567 0.000602 0.000633 0.000659 0.000677 0.000689 0.000692 0.000689 0.000677 0.000659 0.000633 0.000602 0.000567 0.000527 0.000485 0.000441 0.000397 0.000353 0.000311 0.000270 0.000233 0.000198 0.000167 0.000139 0.000114 0.000093 0.000075 0.000060 0.000047 0.000037 0.000028 0.000021 0.000016 0.000012 0.000009 0.000006 0.000005 0.000003 0.000002 0.000002 0.000001 0.000001 0.000001 0.000000 0.000000 0.000000 0.000000 0.000000 0.000000 0.000000 0.000000 0.000000 0.000000 0.000000 0.000000 0.000000 
0.000000 0.000000 0.000000 0.000000 0.000000 0.000000 0.000000 0.000000 0.000000 0.000000 0.000000 0.000000 0.000000 0.000000 0.000001 0.000001 0.000001 0.000002 0.000003 0.000004 0.000006 0.000008 0.000011 0.000015 0.000021 0.000027 0.000036 0.000047 0.000060 0.000076 0.000095 0.000118 0.000145 0.000176 0.000212 0.000252 0.000296 0.000344 0.000395 0.000449 0.000504 0.000561 0.000616 0.000670 0.000720 0.000766 0.000805 0.000837 0.000861 0.000875 0.000880 0.000875 0.000861 0.000837 0.000805 0.000766 0.000720 0.000670 0.000616 0.000561 0.000504 0.000449 0.000395 0.000344 0.000296 0.000252 0.000212 0.000176 0.000145 0.000118 0.000095 0.000076 0.000060 0.000047 0.000036 0.000027 0.000021 0.000015 0.000011 0.000008 0.000006 0.000004 0.000003 0.000002 0.000001 0.000001 0.000001 0.000000 0.000000 0.000000 0.000000 0.000000 0.000000 0.000000 0.000000 0.000000 0.000000 0.000000 0.000000 0.000000 
0.000000 0.000000 0.000000 0.000000 0.000000 0.000000 0.000000 0.000000 0.000000 0.000000 0.000000 0.000000 0.000000 0.000001 0.000001 0.000001 0.000002 0.000003 0.000004 0.000006 0.000009 0.000012 0.000017 0.000023 0.000031 0.000041 0.000053 0.000069 0.000088 0.000112 0.000141 0.000175 0.000215 0.000261 0.000313 0.000372 0.000437 0.000507 0.000583 0.000662 0.000744 0.000827 0.000909 0.000988 0.001062 0.001129 0.001187 0.001234 0.001269 0.001290 0.001297 0.001290 0.001269 0.001234 0.001187 0.001129 0.001062 0.000988 0.000909 0.000827 0.000744 0.000662 0.000583 0.000507 0.000437 0.000372 0.000313 0.000261 0.000215 0.000175 0.000141 0.000112 0.000088 0.000069 0.000053 0.000041 0.000031 0.000023 0.000017 0.000012 0.000009 0.000006 0.000004 0.000003 0.000002 0.000001 0.000001 0.000001 0.000000 0.000000 0.000000 0.000000 0.000000 0.000000 0.000000 0.000000 0.000000 0.000000 0.000000 0.000000 
0.000000 0.000000 0.000000 0.000000 0.000000 0.000000 0.000000 0.000000 0.000000 0.000000 0.000000 0.000000 0.000001 0.000001 0.000002 0.000002 0.000003 0.000005 0.000007 0.000010 0.000014 0.000019 0.000027 0.000036 0.000048 0.000064 0.000084 0.000109 0.000139 0.000177 0.000222 0.000275 0.000338 0.000410 0.000492 0.000585 0.000687 0.000798 0.000916 0.001041 0.001169 0.001299 0.001428 0.001552 0.001668 0.001773 0.001864 0.001937 0.001992 0.002025 0.002037 0.002025 0.001992 0.001937 0.001864 0.001773 0.001668 0.001552 0.001428 0.001299 0.001169 0.001041 0.000916 0.000798 0.000687 0.000585 0.000492 0.000410 0.000338 0.000275 0.000222 0.000177 0.000139 0.000109 0.000084 0.000064 0.000048 0.000036 0.000027 0.000019 0.000014 0.000010 0.000007 0.000005 0.000003 0.000002 0.000002 0.000001 0.000001 0.000000 0.000000 0.000000 0.000000 0.000000 0.000000 0.000000 0.000000 0.000000 0.000000 0.000000 
0.000000 0.000000 0.000000 0.000000 0.000000 0.000000 0.000000 0.000000 0.000000 0.000000 0.000000 0.000001 0.000001 0.000002 0.000003 0.000004 0.000006 0.000008 0.000011 0.000016 0.000023 0.000031 0.000043 0.000058 0.000077 0.000103 0.000135 0.000174 0.000224 0.000283 0.000356 0.000441 0.000541 0.000657 0.000789 0.000936 0.001099 0.001277 0.001466 0.001665 0.001871 0.002078 0.002284 0.002482 0.002667 0.002835 0.002980 0.003098 0.003185 0.003239 0.003257 0.003239 0.003185 0.003098 0.002980 0.002835 0.002667 0.002482 0.002284 0.002078 0.001871 0.001665 0.001466 0.001277 0.001099 0.000936 0.000789 0.000657 0.000541 0.000441 0.000356 0.000283 0.000224 0.000174 0.000135 0.000103 0.000077 0.000058 0.000043 0.000031 0.000023 0.000016 0.000011 0.000008 0.000006 0.000004 0.000003 0.000002 0.000001 0.000001 0.000000 0.000000 0.000000 0.000000 0.000000 0.000000 0.000000 0.000000 0.000000 0.000000 
0.000000 0.000000 0.000000 0.000000 0.000000 0.000000 0.000000 0.000000 0.000000 0.000000 0.000001 0.000001 0.000002 0.000003 0.000004 0.000006 0.000009 0.000013 0.000018 0.000026 0.000036 0.000050 0.000069 0.000093 0.000124 0.000165 0.000216 0.000280 0.000358 0.000454 0.000570 0.000707 0.000867 0.001052 0.001263 0.001499 0.001760 0.002043 0.002346 0.002665 0.002993 0.003325 0.003653 0.003970 0.004266 0.004534 0.004765 0.004954 0.005093 0.005178 0.005207 0.005178 0.005093 0.004954 0.004765 0.004534 0.004266 0.003970 0.003653 0.003325 0.002993 0.002665 0.002346 0.002043 0.001760 0.001499 0.001263 0.001052 0.000867 0.000707 0.000570 0.000454 0.000358 0.000280 0.000216 0.000165 0.000124 0.000093 0.000069 0.000050 0.000036 0.000026 0.000018 0.000013 0.000009 0.000006 0.000004 0.000003 0.000002 0.000001 0.000001 0.000000 0.000000 0.000000 0.000000 0.000000 0.000000 0.000000 0.000000 0.000000 
0.000000 0.000000 0.000000 0.000000 0.000000 0.000000 0.000000 0.000000 0.000001 0.000001 0.000001 0.000002 0.000003 0.000004 0.000007 0.000010 0.000014 0.000020 0.000029 0.000041 0.000058 0.000080 0.000109 0.000148 0.000198 0.000262 0.000344 0.000445 0.000571 0.000724 0.000907 0.001125 0.001380 0.001674 0.002009 0.002384 0.002798 0.003248 0.003729 0.004235 0.004756 0.005283 0.005804 0.006306 0.006777 0.007202 0.007570 0.007869 0.008089 0.008225 0.008270 0.008225 0.008089 0.007869 0.007570 0.007202 0.006777 0.006306 0.005804 0.005283 0.004756 0.004235 0.003729 0.003248 0.002798 0.002384 0.002009 0.001674 0.001380 0.001125 0.000907 0.000724 0.000571 0.000445 0.000344 0.000262 0.000198 0.000148 0.000109 0.000080 0.000058 0.000041 0.000029 0.000020 0.000014 0.000010 0.000007 0.000004 0.000003 0.000002 0.000001 0.000001 0.000001 0.000000 0.000000 0.000000 0.000000 0.000000 0.000000 0.000000 
0.000000 0.000000 0.000000 0.000000 0.000000 0.000000 0.000000 0.000001 0.000001 0.000001 0.000002 0.000003 0.000005 0.000007 0.000010 0.000015 0.000022 0.000032 0.000046 0.000065 0.000091 0.000126 0.000173 0.000234 0.000313 0.000415 0.000543 0.000703 0.000901 0.001142 0.001431 0.001774 0.002175 0.002639 0.003166 0.003756 0.004408 0.005117 0.005874 0.006670 0.007490 0.008319 0.009138 0.009928 0.010668 0.011336 0.011914 0.012385 0.012732 0.012945 0.013016 0.012945 0.012732 0.012385 0.011914 0.011336 0.010668 0.009928 0.009138 0.008319 0.007490 0.006670 0.005874 0.005117 0.004408 0.003756 0.003166 0.002639 0.002175 0.001774 0.001431 0.001142 0.000901 0.000703 0.000543 0.000415 0.000313 0.000234 0.000173 0.000126 0.000091 0.000065 0.000046 0.000032 0.000022 0.000015 0.000010 0.000007 0.000005 0.000003 0.000002 0.000001 0.000001 0.000001 0.000000 0.000000 0.000000 0.000000 0.000000 0.000000 
0.000000 0.000000 0.000000 0.000000 0.000000 0.000000 0.000000 0.000001 0.000001 0.000002 0.000003 0.000005 0.000007 0.000011 0.000016 0.000024 0.000035 0.000051 0.000073 0.000102 0.000143 0.000198 0.000271 0.000366 0.000490 0.000648 0.000848 0.001099 0.001407 0.001783 0.002234 0.002770 0.003396 0.004118 0.004939 0.005860 0.006876 0.007980 0.009160 0.010399 0.011677 0.012968 0.014244 0.015474 0.016626 0.017667 0.018567 0.019299 0.019840 0.020171 0.020283 0.020171 0.019840 0.019299 0.018567 0.017667 0.016626 0.015474 0.014244 0.012968 0.011677 0.010399 0.009160 0.007980 0.006876 0.005860 0.004939 0.004118 0.003396 0.002770 0.002234 0.001783 0.001407 0.001099 0.000848 0.000648 0.000490 0.000366 0.000271 0.000198 0.000143 0.000102 0.000073 0.000051 0.000035 0.000024 0.000016 0.000011 0.000007 0.000005 0.000003 0.000002 0.000001 0.000001 0.000001 0.000000 0.000000 0.000000 0.000000 0.000000 
0.000000 0.000000 0.000000 0.000000 0.000000 0.000000 0.000001 0.000001 0.000002 0.000003 0.000005 0.000007 0.000011 0.000017 0.000025 0.000037 0.000055 0.000079 0.000112 0.000159 0.000222 0.000307 0.000419 0.000567 0.000758 0.001003 0.001312 0.001699 0.002176 0.002756 0.003453 0.004279 0.005246 0.006360 0.007628 0.009048 0.010615 0.012318 0.014138 0.016049 0.018019 0.020010 0.021976 0.023872 0.025647 0.027251 0.028639 0.029767 0.030599 0.031110 0.031282 0.031110 0.030599 0.029767 0.028639 0.027251 0.025647 0.023872 0.021976 0.020010 0.018019 0.016049 0.014138 0.012318 0.010615 0.009048 0.007628 0.006360 0.005246 0.004279 0.003453 0.002756 0.002176 0.001699 0.001312 0.001003 0.000758 0.000567 0.000419 0.000307 0.000222 0.000159 0.000112 0.000079 0.000055 0.000037 0.000025 0.000017 0.000011 0.000007 0.000005 0.000003 0.000002 0.000001 0.000001 0.000000 0.000000 0.000000 0.000000 0.000000 
0.000000 0.000000 0.000000 0.000000 0.000000 0.000001 0.000001 0.000002 0.000003 0.000005 0.000007 0.000011 0.000017 0.000026 0.000039 0.000058 0.000084 0.000121 0.000173 0.000244 0.000340 0.000470 0.000642 0.000868 0.001160 0.001535 0.002009 0.002600 0.003329 0.004216 0.005281 0.006543 0.008020 0.009722 0.011657 0.013826 0.016218 0.018818 0.021595 0.024511 0.027517 0.030554 0.033554 0.036446 0.039153 0.041600 0.043716 0.045436 0.046706 0.047485 0.047748 0.047485 0.046706 0.045436 0.043716 0.041600 0.039153 0.036446 0.033554 0.030554 0.027517 0.024511 0.021595 0.018818 0.016218 0.013826 0.011657 0.009722 0.008020 0.006543 0.005281 0.004216 0.003329 0.002600 0.002009 0.001535 0.001160 0.000868 0.000642 0.000470 0.000340 0.000244 0.000173 0.000121 0.000084 0.000058 0.000039 0.000026 0.000017 0.000011 0.000007 0.000005 0.000003 0.000002 0.000001 0.000001 0.000000 0.000000 0.000000 0.000000 
0.000000 0.000000 0.000000 0.000000 0.000001 0.000001 0.000002 0.000003 0.000005 0.000007 0.000011 0.000017 0.000026 0.000040 0.000059 0.000087 0.000127 0.000184 0.000262 0.000370 0.000516 0.000712 0.000973 0.001315 0.001759 0.002326 0.003042 0.003937 0.005040 0.006381 0.007992 0.009901 0.012133 0.014705 0.017630 0.020906 0.024521 0.028447 0.032641 0.037045 0.041584 0.046169 0.050699 0.055064 0.059150 0.062844 0.066038 0.068634 0.070550 0.071726 0.072122 0.071726 0.070550 0.068634 0.066038 0.062844 0.059150 0.055064 0.050699 0.046169 0.041584 0.037045 0.032641 0.028447 0.024521 0.020906 0.017630 0.014705 0.012133 0.009901 0.007992 0.006381 0.005040 0.003937 0.003042 0.002326 0.001759 0.001315 0.000973 0.000712 0.000516 0.000370 0.000262 0.000184 0.000127 0.000087 0.000059 0.000040 0.000026 0.000017 0.000011 0.000007 0.000005 0.000003 0.000002 0.000001 0.000001 0.000001 0.000000 0.000000 
0.000000 0.000000 0.000000 0.000001 0.000001 0.000002 0.000003 0.000004 0.000007 0.000011 0.000017 0.000026 0.000040 0.000060 0.000089 0.000131 0.000191 0.000276 0.000393 0.000555 0.000774 0.001069 0.001460 0.001973 0.002637 0.003487 0.004560 0.005900 0.007550 0.009558 0.011968 0.014824 0.018162 0.022011 0.026384 0.031282 0.036686 0.042554 0.048823 0.055404 0.062186 0.069037 0.075804 0.082324 0.088428 0.093946 0.098716 0.102593 0.105456 0.107211 0.107803 0.107211 0.105456 0.102593 0.098716 0.093946 0.088428 0.082324 0.075804 0.069037 0.062186 0.055404 0.048823 0.042554 0.036686 0.031282 0.026384 0.022011 0.018162 0.014824 0.011968 0.009558 0.007550 0.005900 0.004560 0.003487 0.002637 0.001973 0.001460 0.001069 0.000774 0.000555 0.000393 0.000276 0.000191 0.000131 0.000089 0.000060 0.000040 0.000026 0.000017 0.000011 0.000007 0.000004 0.000003 0.000002 0.000001 0.000001 0.000001 0.000001 
0.000001 0.000001 0.000001 0.000001 0.000002 0.000003 0.000004 0.000007 0.000010 0.000016 0.000025 0.000039 0.000059 0.000089 0.000133 0.000195 0.000285 0.000410 0.000585 0.000824 0.001150 0.001588 0.002168 0.002928 0.003913 0.005172 0.006763 0.008747 0.011192 0.014166 0.017735 0.021963 0.026904 0.032599 0.039071 0.046318 0.054311 0.062991 0.072262 0.081995 0.092023 0.102151 0.112155 0.121794 0.130817 0.138973 0.146023 0.151753 0.155983 0.158578 0.159452 0.158578 0.155983 0.151753 0.146023 0.138973 0.130817 0.121794 0.112155 0.102151 0.092023 0.081995 0.072262 0.062991 0.054311 0.046318 0.039071 0.032599 0.026904 0.021963 0.017735 0.014166 0.011192 0.008747 0.006763 0.005172 0.003913 0.002928 0.002168 0.001588 0.001150 0.000824 0.000585 0.000410 0.000285 0.000195 0.000133 0.000089 0.000059 0.000039 0.000025 0.000016 0.000010 0.000007 0.000004 0.000003 0.000002 0.000001 0.000001 0.000001 
0.000001 0.000001 0.000001 0.000001 0.000002 0.000004 0.000006 0.000010 0.000015 0.000024 0.000037 0.000058 0.000087 0.000131 0.000195 0.000288 0.000419 0.000603 0.000859 0.001212 0.001690 0.002332 0.003184 0.004299 0.005744 0.007591 0.009923 0.012833 0.016417 0.020774 0.026004 0.032198 0.039435 0.047775 0.057250 0.067860 0.079561 0.092265 0.105833 0.120075 0.134747 0.149565 0.164200 0.178301 0.191498 0.203427 0.213738 0.222119 0.228305 0.232100 0.233379 0.232100 0.228305 0.222119 0.213738 0.203427 0.191498 0.178301 0.164200 0.149565 0.134747 0.120075 0.105833 0.092265 0.079561 0.067860 0.057250 0.047775 0.039435 0.032198 0.026004 0.020774 0.016417 0.012833 0.009923 0.007591 0.005744 0.004299 0.003184 0.002332 0.001690 0.001212 0.000859 0.000603 0.000419 0.000288 0.000195 0.000131 0.000087 0.000058 0.000037 0.000024 0.000015 0.000010 0.000006 0.000004 0.000002 0.000002 0.000001 0.000001 
0.000001 0.000001 0.000001 0.000002 0.000003 0.000006 0.000009 0.000014 0.000022 0.000035 0.000055 0.000084 0.000127 0.000191 0.000285 0.000419 0.000609 0.000878 0.001250 0.001762 0.002457 0.003390 0.004627 0.006246 0.008343 0.011023 0.014408 0.018628 0.023826 0.030144 0.037726 0.046704 0.057193 0.069278 0.083007 0.098376 0.115325 0.133725 0.153373 0.173994 0.195238 0.216688 0.237875 0.258285 0.277388 0.294652 0.309576 0.321704 0.330657 0.336149 0.337999 0.336149 0.330657 0.321704 0.309576 0.294652 0.277388 0.258285 0.237875 0.216688 0.195238 0.173994 0.153373 0.133725 0.115325 0.098376 0.083007 0.069278 0.057193 0.046704 0.037726 0.030144 0.023826 0.018628 0.014408 0.011023 0.008343 0.006246 0.004627 0.003390 0.002457 0.001762 0.001250 0.000878 0.000609 0.000419 0.000285 0.000191 0.000127 0.000084 0.000055 0.000035 0.000022 0.000014 0.000009 0.000006 0.000004 0.000002 0.000002 0.000002 
0.000002 0.000002 0.000002 0.000003 0.000005 0.000008 0.000013 0.000020 0.000032 0.000051 0.000079 0.000121 0.000184 0.000276 0.000410 0.000603 0.000878 0.001263 0.001799 0.002536 0.003535 0.004875 0.006652 0.008979 0.011990 0.015839 0.020697 0.026755 0.034214 0.043279 0.054156 0.067033 0.082074 0.099402 0.119084 0.141115 0.165407 0.191775 0.219929 0.249474 0.279909 0.310638 0.340986 0.370220 0.397579 0.422305 0.443677 0.461045 0.473867 0.481731 0.484381 0.481731 0.473867 0.461045 0.443677 0.422305 0.397579 0.370220 0.340986 0.310638 0.279909 0.249474 0.219929 0.191775 0.165407 0.141115 0.119084 0.099402 0.082074 0.067033 0.054156 0.043279 0.034214 0.026755 0.020697 0.015839 0.011990 0.008979 0.006652 0.004875 0.003535 0.002536 0.001799 0.001263 0.000878 0.000603 0.000410 0.000276 0.000184 0.000121 0.000079 0.000051 0.000032 0.000021 0.000013 0.000008 0.000005 0.000004 0.000003 0.000003 
0.000002 0.000002 0.000003 0.000004 0.000007 0.000011 0.000018 0.000029 0.000046 0.000073 0.000112 0.000173 0.000262 0.000393 0.000585 0.000859 0.001250 0.001799 0.002562 0.003610 0.005031 0.006937 0.009463 0.012771 0.017049 0.022517 0.029418 0.038022 0.048612 0.061482 0.076919 0.095194 0.116537 0.141120 0.169039 0.200287 0.234738 0.272128 0.312047 0.353934 0.397078 0.440636 0.483650 0.525083 0.563856 0.598896 0.629182 0.653793 0.671961 0.683104 0.686859 0.683104 0.671961 0.653793 0.629182 0.598896 0.563856 0.525083 0.483650 0.440636 0.397078 0.353934 0.312047 0.272128 0.234738 0.200287 0.169039 0.141120 0.116537 0.095194 0.076919 0.061482 0.048612 0.038022 0.029418 0.022517 0.017049 0.012771 0.009463 0.006937 0.005031 0.003610 0.002562 0.001799 0.001250 0.000859 0.000585 0.000393 0.000262 0.000173 0.000112 0.000073 0.000046 0.000029 0.000018 0.000012 0.000007 0.000005 0.000004 0.000004 
0.000003 0.000003 0.000004 0.000006 0.000010 0.000016 0.000026 0.000041 0.000065 0.000102 0.000159 0.000244 0.000370 0.000555 0.000824 0.001212 0.001762 0.002536 0.003610 0.005084 0.007084 0.009766 0.013319 0.017970 0.023985 0.031671 0.041371 0.053459 0.068337 0.086415 0.108096 0.133757 0.163721 0.198231 0.237418 0.281271 0.329613 0.382075 0.438079 0.496838 0.557356 0.618448 0.678774 0.736879 0.791252 0.840386 0.882852 0.917360 0.942834 0.958457 0.963722 0.958457 0.942834 0.917360 0.882852 0.840386 0.791252 0.736879 0.678774 0.618448 0.557356 0.496838 0.438079 0.382075 0.329613 0.281271 0.237418 0.198231 0.163721 0.133757 0.108096 0.086415 0.068337 0.053459 0.041371 0.031671 0.023985 0.017970 0.013319 0.009766 0.007084 0.005084 0.003610 0.002536 0.001762 0.001212 0.000824 0.000555 0.000370 0.000244 0.000159 0.000103 0.000065 0.000041 0.000026 0.000016 0.000010 0.000007 0.000006 0.000006 
0.000005 0.000005 0.000006 0.000009 0.000014 0.000023 0.000036 0.000058 0.000091 0.000143 0.000222 0.000340 0.000516 0.000774 0.001150 0.001690 0.002457 0.003535 0.005031 0.007084 0.009869 0.013602 0.018546 0.025017 0.033385 0.044074 0.057561 0.074368 0.095049 0.120172 0.150299 0.185951 0.227576 0.275509 0.329930 0.390825 0.457945 0.530776 0.608519 0.690078 0.774071 0.858855 0.942570 1.023197 1.098642 1.166815 1.225732 1.273609 1.308950 1.330623 1.337928 1.330623 1.308950 1.273609 1.225732 1.166815 1.098642 1.023197 0.942570 0.858855 0.774071 0.690078 0.608519 0.530776 0.457945 0.390825 0.329930 0.275509 0.227576 0.185951 0.150299 0.120172 0.095049 0.074368 0.057561 0.044074 0.033385 0.025017 0.018546 0.013602 0.009869 0.007084 0.005031 0.003535 0.002457 0.001690 0.001150 0.000774 0.000516 0.000340 0.000222 0.000143 0.000092 0.000058 0.000036 0.000023 0.000015 0.000010 0.000008 0.000008 
0.000006 0.000006 0.000008 0.000012 0.000019 0.000031 0.000050 0.000080 0.000126 0.000198 0.000307 0.000470 0.000712 0.001069 0.001588 0.002332 0.003390 0.004875 0.006937 0.009766 0.013602 0.018742 0.025550 0.034458 0.045974 0.060683 0.079238 0.102356 0.130797 0.165344 0.206764 0.255772 0.312984 0.378856 0.453636 0.537301 0.629509 0.729553 0.836332 0.948344 1.063689 1.180111 1.295058 1.405759 1.509337 1.602929 1.683811 1.749535 1.798048 1.827800 1.837827 1.827800 1.798048 1.749535 1.683811 1.602929 1.509337 1.405759 1.295058 1.180111 1.063689 0.948344 0.836332 0.729553 0.629509 0.537301 0.453636 0.378856 0.312984 0.255772 0.206764 0.165344 0.130797 0.102356 0.079238 0.060683 0.045974 0.034458 0.025550 0.018742 0.013602 0.009766 0.006937 0.004875 0.003390 0.002332 0.001588 0.001069 0.000713 0.000470 0.000307 0.000198 0.000127 0.000080 0.000050 0.000032 0.000020 0.000014 0.000011 0.000011 
0.000009 0.000009 0.000011 0.000017 0.000027 0.000043 0.000069 0.000109 0.000173 0.000271 0.000419 0.000642 0.000973 0.001460 0.002168 0.003184 0.004627 0.006652 0.009463 0.013319 0.018546 0.025550 0.034823 0.046955 0.062636 0.082660 0.107917 0.139378 0.178078 0.225078 0.281420 0.348076 0.425877 0.515445 0.617112 0.730847 0.856180 0.992151 1.137263 1.289471 1.446198 1.604378 1.760541 1.910928 2.051632 2.178764 2.288629 2.377900 2.443793 2.484204 2.497822 2.484204 2.443793 2.377900 2.288629 2.178764 2.051632 1.910928 1.760541 1.604378 1.446198 1.289471 1.137263 0.992151 0.856180 0.730847 0.617112 0.515445 0.425877 0.348076 0.281420 0.225078 0.178078 0.139378 0.107917 0.082660 0.062636 0.046955 0.034823 0.025550 0.018546 0.013319 0.009463 0.006652 0.004627 0.003184 0.002168 0.001460 0.000973 0.000642 0.000419 0.000271 0.000173 0.000110 0.000069 0.000043 0.000028 0.000019 0.000015 0.000015 
0.000012 0.000012 0.000015 0.000023 0.000036 0.000058 0.000093 0.000148 0.000234 0.000366 0.000567 0.000868 0.001315 0.001973 0.002928 0.004299 0.006246 0.008979 0.012771 0.017970 0.025017 0.034458 0.046955 0.063301 0.084426 0.111397 0.145409 0.187770 0.239870 0.303133 0.378961 0.468656 0.573335 0.693831 0.830589 0.983562 1.152118 1.334961 1.530080 1.734724 1.945426 2.158066 2.367983 2.570124 2.759242 2.930110 3.077765 3.197740 3.286294 3.340601 3.358902 3.340601 3.286294 3.197740 3.077765 2.930110 2.759242 2.570124 2.367983 2.158066 1.945426 1.734724 1.530080 1.334961 1.152118 0.983562 0.830589 0.693831 0.573335 0.468656 0.378961 0.303133 0.239870 0.187770 0.145409 0.111397 0.084426 0.063301 0.046955 0.034458 0.025017 0.017970 0.012771 0.008979 0.006246 0.004299 0.002928 0.001973 0.001315 0.000868 0.000567 0.000366 0.000234 0.000148 0.000093 0.000059 0.000038 0.000026 0.000020 0.000020 
0.000016 0.000016 0.000021 0.000031 0.000048 0.000077 0.000124 0.000198 0.000313 0.000490 0.000758 0.001160 0.001759 0.002637 0.003913 0.005744 0.008343 0.011990 0.017049 0.023985 0.033385 0.045974 0.062636 0.084426 0.112582 0.148521 0.193837 0.250267 0.319660 0.403909 0.504876 0.624292 0.763640 0.924024 1.106032 1.309599 1.533880 1.777149 2.036728 2.308956 2.589223 2.872050 3.151237 3.420068 3.671567 3.898788 4.095133 4.254667 4.372417 4.444627 4.468962 4.444627 4.372417 4.254667 4.095133 3.898788 3.671567 3.420068 3.151237 2.872050 2.589223 2.308956 2.036728 1.777149 1.533880 1.309599 1.106032 0.924024 0.763640 0.624292 0.504876 0.403909 0.319660 0.250267 0.193837 0.148521 0.112582 0.084426 0.062636 0.045974 0.033385 0.023985 0.017049 0.011990 0.008343 0.005744 0.003913 0.002637 0.001759 0.001161 0.000758 0.000490 0.000313 0.000199 0.000125 0.000079 0.000051 0.000035 0.000027 0.000027 
0.000021 0.000021 0.000027 0.000041 0.000064 0.000103 0.000165 0.000262 0.000415 0.000648 0.001003 0.001535 0.002326 0.003487 0.005172 0.007591 0.011023 0.015839 0.022517 0.031671 0.044074 0.060683 0.082660 0.111397 0.148521 0.195902 0.255634 0.330005 0.421446 0.532448 0.665459 0.822755 1.006282 1.217489 1.457147 1.725164 2.020426 2.340657 2.682328 3.040622 3.409469 3.781662 4.149043 4.502779 4.833693 5.132652 5.390978 5.600868 5.755781 5.850782 5.882796 5.850782 5.755781 5.600868 5.390978 5.132652 4.833693 4.502779 4.149043 3.781662 3.409469 3.040622 2.682328 2.340657 2.020426 1.725164 1.457147 1.217489 1.006282 0.822755 0.665459 0.532448 0.421446 0.330005 0.255634 0.195902 0.148521 0.111397 0.082660 0.060683 0.044074 0.031671 0.022517 0.015839 0.011023 0.007591 0.005172 0.003487 0.002326 0.001535 0.001003 0.000648 0.000415 0.000263 0.000166 0.000104 0.000067 0.000046 0.000036 0.000036 
0.000028 0.000028 0.000036 0.000053 0.000084 0.000135 0.000216 0.000344 0.000543 0.000848 0.001312 0.002009 0.003042 0.004560 0.006763 0.009923 0.014408 0.020697 0.029418 0.041371 0.057561 0.079238 0.107917 0.145409 0.193837 0.255634 0.333528 0.430498 0.549709 0.694400 0.867759 1.072743 1.311883 1.587062 1.899274 2.248397 2.632974 3.050037 3.494987 3.961550 4.441823 4.926421 5.404728 5.865248 6.296037 6.685212 7.021483 7.294695 7.496342 7.620000 7.661671 7.620000 7.496342 7.294695 7.021483 6.685212 6.296037 5.865248 5.404728 4.926421 4.441823 3.961550 3.494987 3.050037 2.632974 2.248397 1.899274 1.587062 1.311883 1.072743 0.867759 0.694400 0.549709 0.430498 0.333528 0.255634 0.193837 0.145409 0.107917 0.079238 0.057561 0.041371 0.029418 0.020697 0.014408 0.009923 0.006763 0.004560 0.003043 0.002009 0.001312 0.000849 0.000543 0.000345 0.000217 0.000137 0.000088 0.000060 0.000048 0.000048 
0.000037 0.000037 0.000047 0.000069 0.000109 0.000174 0.000280 0.000445 0.000703 0.001099 0.001699 0.002600 0.003937 0.005900 0.008747 0.012833 0.018628 0.026755 0.038022 0.053459 0.074368 0.102356 0.139378 0.187770 0.250267 0.330005 0.430498 0.555586 0.709339 0.895934 1.119470 1.383754 1.692040 2.046747 2.449151 2.899085 3.394666 3.932065 4.505353 5.106445 5.725160 6.349410 6.965524 7.558696 8.113551 8.614789 9.047876 9.399742 9.659434 9.818686 9.872352 9.818686 9.659434 9.399742 9.047876 8.614789 8.113551 7.558696 6.965524 6.349410 5.725160 5.106445 4.505353 3.932065 3.394666 2.899085 2.449151 2.046747 1.692040 1.383754 1.119470 0.895934 0.709339 0.555586 0.430498 0.330005 0.250267 0.187770 0.139378 0.102356 0.074368 0.053459 0.038022 0.026755 0.018628 0.012833 0.008747 0.005900 0.003937 0.002600 0.001699 0.001099 0.000704 0.000446 0.000281 0.000177 0.000114 0.000078 0.000062 0.000062 
0.000047 0.000047 0.000060 0.000088 0.000139 0.000224 0.000358 0.000571 0.000901 0.001407 0.002176 0.003329 0.005040 0.007550 0.011192 0.016417 0.023826 0.034214 0.048612 0.068337 0.095049 0.130797 0.178078 0.239870 0.319660 0.421446 0.549709 0.709339 0.905528 1.143591 1.428751 1.765854 2.159042 2.611388 3.124509 3.698188 4.330014 5.015099 5.745882 6.512055 7.300642 8.096238 8.881424 9.637339 10.344396 10.983107 11.534959 11.983306 12.314200 12.517113 12.585492 12.517113 12.314200 11.983306 11.534959 10.983107 10.344396 9.637339 8.881424 8.096238 7.300642 6.512055 5.745882 5.015099 4.330014 3.698188 3.124509 2.611388 2.159042 1.765854 1.428751 1.143591 0.905528 0.709339 0.549709 0.421446 0.319660 0.239870 0.178078 0.130797 0.095049 0.068337 0.048612 0.034214 0.023826 0.016417 0.011192 0.007550 0.005040 0.003329 0.002176 0.001408 0.000902 0.000572 0.000361 0.000228 0.000146 0.000100 0.000079 0.000079 
0.000060 0.000060 0.000076 0.000112 0.000177 0.000283 0.000454 0.000724 0.001142 0.001783 0.002756 0.004216 0.006381 0.009558 0.014166 0.020774 0.030144 0.043279 0.061482 0.086415 0.120172 0.165344 0.225078 0.303133 0.403909 0.532448 0.694400 0.895934 1.143591 1.444073 1.803959 2.229353 2.725470 3.296176 3.943501 4.667157 5.464098 6.328150 7.249773 8.215965 9.210363 10.213544 11.203550 12.156608 13.048033 13.853262 14.548969 15.114178 15.531313 15.787108 15.873307 15.787108 15.531313 15.114178 14.548969 13.853262 13.048033 12.156608 11.203550 10.213544 9.210363 8.215965 7.249773 6.328150 5.464098 4.667157 3.943501 3.296176 2.725470 2.229353 1.803959 1.444073 1.143591 0.895934 0.694400 0.532448 0.403909 0.303133 0.225078 0.165344 0.120172 0.086415 0.061482 0.043279 0.030144 0.020774 0.014166 0.009558 0.006381 0.004216 0.002756 0.001783 0.001142 0.000725 0.000457 0.000289 0.000185 0.000127 0.000101 0.000101 
0.000075 0.000075 0.000095 0.000141 0.000222 0.000356 0.000570 0.000907 0.001431 0.002234 0.003453 0.005281 0.007992 0.011968 0.017735 0.026004 0.037726 0.054156 0.076919 0.108096 0.150299 0.206764 0.281420 0.378961 0.504876 0.665459 0.867759 1.119470 1.428751 1.803959 2.253295 2.784366 3.403669 4.116014 4.923922 5.827023 6.821503 7.899652 9.049558 10.254999 11.495557 12.747009 13.981968 15.170787 16.282686 17.287040 18.154765 18.859711 19.379966 19.698994 19.806501 19.698994 19.379966 18.859711 18.154765 17.287040 16.282686 15.170787 13.981968 12.747009 11.495557 10.254999 9.049558 7.899652 6.821503 5.827023 4.923922 4.116014 3.403669 2.784366 2.253295 1.803959 1.428751 1.119470 0.867759 0.665459 0.504876 0.378961 0.281420 0.206764 0.150299 0.108096 0.076919 0.054156 0.037726 0.026004 0.017735 0.011968 0.007992 0.005281 0.003453 0.002235 0.001432 0.000909 0.000574 0.000362 0.000233 0.000159 0.000126 0.000126 
0.000093 0.000093 0.000118 0.000175 0.000275 0.000441 0.000707 0.001125 0.001774 0.002770 0.004279 0.006543 0.009901 0.014824 0.021963 0.032198 0.046704 0.067033 0.095194 0.133757 0.185951 0.255772 0.348076 0.468656 0.624292 0.822755 1.072743 1.383754 1.765854 2.229353 2.784366 3.440272 4.205079 5.084710 6.082263 7.197265 8.424996 9.755928 11.175351 12.663236 14.194384 15.738901 17.262995 18.730089 20.102209 21.341579 22.412323 23.282185 23.924141 24.317792 24.450445 24.317792 23.924141 23.282185 22.412323 21.341579 20.102209 18.730089 17.262995 15.738901 14.194384 12.663236 11.175351 9.755928 8.424996 7.197265 6.082263 5.084710 4.205079 3.440272 2.784366 2.229353 1.765854 1.383754 1.072743 0.822755 0.624292 0.468656 0.348076 0.255772 0.185951 0.133757 0.095194 0.067033 0.046704 0.032198 0.021963 0.014824 0.009901 0.006544 0.004280 0.002770 0.001775 0.001128 0.000711 0.000449 0.000289 0.000198 0.000157 0.000157 
0.000114 0.000114 0.000145 0.000215 0.000338 0.000541 0.000867 0.001380 0.002175 0.003396 0.005246 0.008020 0.012133 0.018162 0.026904 0.039435 0.057193 0.082074 0.116537 0.163721 0.227576 0.312984 0.425877 0.573335 0.763640 1.006282 1.311883 1.692040 2.159042 2.725470 3.403669 4.205079 5.139464 6.214043 7.432581 8.794485 10.293974 11.919402 13.652796 15.469692 17.339322 19.225188 21.086038 22.877226 24.552406 26.065472 27.372643 28.434555 29.218233 29.698785 29.860721 29.698785 29.218233 28.434555 27.372643 26.065472 24.552406 22.877226 21.086038 19.225188 17.339322 15.469692 13.652796 11.919402 10.293974 8.794485 7.432581 6.214043 5.139464 4.205079 3.403669 2.725470 2.159042 1.692040 1.311883 1.006282 0.763640 0.573335 0.425877 0.312984 0.227576 0.163721 0.116537 0.082074 0.057193 0.039435 0.026904 0.018163 0.012133 0.008020 0.005246 0.003397 0.002177 0.001383 0.000873 0.000551 0.000354 0.000243 0.000192 0.000192 
0.000139 0.000139 0.000176 0.000261 0.000410 0.000657 0.001052 0.001674 0.002639 0.004118 0.006360 0.009722 0.014705 0.022011 0.032599 0.047775 0.069278 0.099402 0.141120 0.198231 0.275509 0.378856 0.515445 0.693831 0.924024 1.217489 1.587062 2.046747 2.611388 3.296176 4.116014 5.084710 6.214043 7.512717 8.985260 10.630937 12.442746 14.406604 16.500786 18.695733 20.954277 23.232333 25.480081 27.643607 29.666946 31.494430 33.073198 34.355727 35.302204 35.882579 36.078154 35.882579 35.302204 34.355727 33.073198 31.494430 29.666946 27.643607 25.480081 23.232333 20.954277 18.695733 16.500786 14.406604 12.442746 10.630937 8.985260 7.512717 6.214043 5.084710 4.116014 3.296176 2.611388 2.046747 1.587062 1.217489 0.924024 0.693831 0.515445 0.378856 0.275509 0.198231 0.141120 0.099402 0.069278 0.047775 0.032599 0.022011 0.014706 0.009722 0.006361 0.004119 0.002641 0.001678 0.001059 0.000669 0.000430 0.000295 0.000234 0.000234 
0.000167 0.000167 0.000212 0.000313 0.000492 0.000789 0.001263 0.002009 0.003166 0.004939 0.007628 0.011657 0.017630 0.026384 0.039071 0.057250 0.083007 0.119084 0.169039 0.237418 0.329930 0.453636 0.617112 0.830589 1.106032 1.457147 1.899274 2.449151 3.124509 3.943501 4.923922 6.082263 7.432581 8.985260 10.745690 12.712970 14.878713 17.226069 19.729062 22.352361 25.051542 27.773929 30.459994 33.045327 35.463072 37.646728 39.533155 41.065589 42.196475 42.889923 43.123600 42.889923 42.196475 41.065589 39.533155 37.646728 35.463072 33.045327 30.459994 27.773929 25.051542 22.352361 19.729062 17.226069 14.878713 12.712970 10.745690 8.985260 7.432581 6.082263 4.923922 3.943501 3.124509 2.449151 1.899274 1.457147 1.106032 0.830589 0.617112 0.453636 0.329930 0.237418 0.169039 0.119084 0.083007 0.057250 0.039071 0.026384 0.017630 0.011658 0.007629 0.004941 0.003168 0.002013 0.001271 0.000803 0.000517 0.000354 0.000281 0.000281 
0.000198 0.000198 0.000252 0.000372 0.000585 0.000936 0.001499 0.002384 0.003756 0.005860 0.009048 0.013826 0.020906 0.031282 0.046318 0.067860 0.098376 0.141115 0.200287 0.281271 0.390825 0.537301 0.730847 0.983562 1.309599 1.725164 2.248397 2.899085 3.698188 4.667157 5.827023 7.197265 8.794485 10.630937 12.712970 15.039495 17.600574 20.376264 23.335841 26.437522 29.628786 32.847359 36.022878 39.079213 41.937349 44.518697 46.748640 48.560099 49.896881 50.716576 50.992793 50.716576 49.896881 48.560099 46.748640 44.518697 41.937349 39.079213 36.022878 32.847359 29.628786 26.437522 23.335841 20.376264 17.600574 15.039495 12.712970 10.630937 8.794485 7.197265 5.827023 4.667157 3.698188 2.899085 2.248397 1.725164 1.309599 0.983562 0.730847 0.537301 0.390825 0.281271 0.200287 0.141115 0.098376 0.067860 0.046318 0.031282 0.020906 0.013826 0.009049 0.005862 0.003759 0.002389 0.001509 0.000953 0.000613 0.000421 0.000333 0.000333 
0.000233 0.000233 0.000296 0.000437 0.000687 0.001099 0.001760 0.002798 0.004408 0.006876 0.010615 0.016218 0.024521 0.036686 0.054311 0.079561 0.115325 0.165407 0.234738 0.329613 0.457945 0.629509 0.856180 1.152118 1.533880 2.020426 2.632974 3.394666 4.330014 5.464098 6.821503 8.424996 10.293974 12.442746 14.878713 17.600574 20.596681 23.843685 27.305635 30.933649 34.666298 38.430748 42.144721 45.719194 49.061782 52.080600 54.688410 56.806793 58.370055 59.328617 59.651628 59.328617 58.370055 56.806793 54.688410 52.080600 49.061782 45.719194 42.144721 38.430748 34.666298 30.933649 27.305635 23.843685 20.596681 17.600574 14.878713 12.442746 10.293974 8.424996 6.821503 5.464098 4.330014 3.394666 2.632974 2.020426 1.533880 1.152118 0.856180 0.629509 0.457945 0.329613 0.234738 0.165407 0.115325 0.079561 0.054311 0.036686 0.024521 0.016219 0.010616 0.006878 0.004412 0.002804 0.001771 0.001119 0.000720 0.000494 0.000392 0.000392 
0.000270 0.000270 0.000344 0.000507 0.000798 0.001277 0.002043 0.003248 0.005117 0.007980 0.012318 0.018818 0.028447 0.042554 0.062991 0.092265 0.133725 0.191775 0.272128 0.382075 0.530776 0.729553 0.992151 1.334961 1.777149 2.340657 3.050037 3.932065 5.015099 6.328150 7.899652 9.755928 11.919402 14.406604 17.226069 20.376264 23.843685 27.601292 31.607466 35.805639 40.124725 44.480462 48.777658 52.913336 56.780629 60.273255 63.290314 65.741105 67.549649 68.658606 69.032295 68.658606 67.549649 65.741105 63.290314 60.273255 56.780629 52.913336 48.777658 44.480462 40.124725 35.805639 31.607466 27.601292 23.843685 20.376264 17.226069 14.406604 11.919402 9.755928 7.899652 6.328150 5.015099 3.932065 3.050037 2.340657 1.777149 1.334961 0.992151 0.729553 0.530776 0.382075 0.272128 0.191775 0.133725 0.092265 0.062991 0.042554 0.028447 0.018818 0.012320 0.007982 0.005121 0.003256 0.002056 0.001299 0.000837 0.000574 0.000455 0.000455 
0.000311 0.000311 0.000395 0.000583 0.000916 0.001466 0.002346 0.003729 0.005874 0.009160 0.014138 0.021595 0.032641 0.048823 0.072262 0.105833 0.153373 0.219929 0.312047 0.438079 0.608519 0.836332 1.137263 1.530080 2.036728 2.682328 3.494987 4.505353 5.745882 7.249773 9.049558 11.175351 13.652796 16.500786 19.729062 23.335841 27.305635 31.607466 36.193677 40.999501 45.943568 50.929430 55.848142 60.581854 65.008274 69.005782 72.458921 75.263909 77.333811 78.603018 79.030706 78.603018 77.333811 75.263909 72.458921 69.005782 65.008274 60.581854 55.848142 50.929430 45.943568 40.999501 36.193677 31.607466 27.305635 23.335841 19.729062 16.500786 13.652796 11.175351 9.049558 7.249773 5.745882 4.505353 3.494987 2.682328 2.036728 1.530080 1.137263 0.836332 0.608519 0.438079 0.312047 0.219929 0.153373 0.105833 0.072263 0.048823 0.032642 0.021596 0.014139 0.009163 0.005879 0.003738 0.002361 0.001492 0.000961 0.000659 0.000523 0.000523 
0.000353 0.000353 0.000449 0.000662 0.001041 0.001665 0.002665 0.004235 0.006670 0.010399 0.016049 0.024511 0.037045 0.055404 0.081995 0.120075 0.173994 0.249474 0.353934 0.496838 0.690078 0.948344 1.289471 1.734724 2.308956 3.040622 3.961550 5.106445 6.512055 8.215965 10.254999 12.663236 15.469692 18.695733 22.352361 26.437522 30.933649 35.805639 40.999501 46.441883 52.040640 57.686561 63.256296 68.616420 73.628484 78.154809 82.064696 85.240663 87.584303 89.021351 89.505595 89.021351 87.584303 85.240663 82.064696 78.154809 73.628484 68.616420 63.256296 57.686561 52.040640 46.441883 40.999501 35.805639 30.933649 26.437522 22.352361 18.695733 15.469692 12.663236 10.254999 8.215965 6.512055 5.106445 3.961550 3.040622 2.308956 1.734724 1.289471 0.948344 0.690078 0.496838 0.353934 0.249474 0.173994 0.120075 0.081995 0.055405 0.037046 0.024512 0.016051 0.010403 0.006675 0.004245 0.002682 0.001695 0.001092 0.000749 0.000594 0.000594 
0.000397 0.000397 0.000504 0.000744 0.001169 0.001871 0.002993 0.004756 0.007490 0.011677 0.018019 0.027517 0.041584 0.062186 0.092023 0.134747 0.195238 0.279909 0.397078 0.557356 0.774071 1.063689 1.446198 1.945426 2.589223 3.409469 4.441823 5.725160 7.300642 9.210363 11.495557 14.194384 17.339322 20.954277 25.051542 29.628786 34.666298 40.124725 45.943568 52.040640 58.312713 64.637453 70.876698 76.881007 82.495321 87.565449 91.945019 95.502468 98.127594 99.737231 100.279632 99.737231 98.127594 95.502468 91.945019 87.565449 82.495321 76.881007 70.876698 64.637453 58.312713 52.040640 45.943568 40.124725 34.666298 29.628786 25.051542 20.954277 17.339322 14.194384 11.495557 9.210363 7.300642 5.725160 4.441823 3.409469 2.589223 1.945426 1.446198 1.063689 0.774071 0.557356 0.397078 0.279909 0.195238 0.134748 0.092023 0.062187 0.041585 0.027518 0.018021 0.011681 0.007496 0.004768 0.003012 0.001904 0.001227 0.000842 0.000668 0.000668 
0.000441 0.000441 0.000561 0.000827 0.001299 0.002078 0.003325 0.005283 0.008319 0.012968 0.020010 0.030554 0.046169 0.069037 0.102151 0.149565 0.216688 0.310638 0.440636 0.618448 0.858855 1.180111 1.604378 2.158066 2.872050 3.781662 4.926421 6.349410 8.096238 10.213544 12.747009 15.738901 19.225188 23.232333 27.773929 32.847359 38.430748 44.480462 50.929430 57.686561 64.637453 71.646544 78.560738 85.214453 91.435887 97.054205 101.907244 105.849245 108.758119 110.541733 111.142757 110.541733 108.758119 105.849245 101.907244 97.054205 91.435887 85.214453 78.560738 71.646544 64.637453 57.686561 50.929430 44.480462 38.430748 32.847359 27.773929 23.232333 19.225188 15.738901 12.747009 10.213544 8.096238 6.349410 4.926421 3.781662 2.872050 2.158066 1.604378 1.180111 0.858855 0.618448 0.440636 0.310638 0.216688 0.149565 0.102151 0.069037 0.046170 0.030555 0.020012 0.012972 0.008326 0.005296 0.003347 0.002116 0.001363 0.000935 0.000742 0.000742 
0.000485 0.000485 0.000616 0.000909 0.001428 0.002284 0.003653 0.005804 0.009138 0.014244 0.021976 0.033554 0.050699 0.075804 0.112155 0.164200 0.237875 0.340986 0.483650 0.678774 0.942570 1.295058 1.760541 2.367983 3.151237 4.149043 5.404728 6.965524 8.881424 11.203550 13.981968 17.262995 21.086038 25.480081 30.459994 36.022878 42.144721 48.777658 55.848142 63.256296 70.876698 78.560738 86.140595 93.434770 100.254950 106.413892 111.733858 116.055093 119.243792 121.198975 121.857812 121.198975 119.243792 116.055093 111.733858 106.413892 100.254950 93.434770 86.140595 78.560738 70.876698 63.256296 55.848142 48.777658 42.144721 36.022878 30.459994 25.480081 21.086038 17.262995 13.981968 11.203550 8.881424 6.965524 5.404728 4.149043 3.151237 2.367983 1.760541 1.295058 0.942570 0.678774 0.483650 0.340986 0.237875 0.164200 0.112155 0.075804 0.050699 0.033556 0.021979 0.014249 0.009146 0.005818 0.003677 0.002325 0.001498 0.001028 0.000816 0.000816 
