0.000000 0.000000 0.000000 0.000000 0.000000 0.000001 0.000001 0.000001 0.000002 0.000003 0.000004 0.000006 0.000009 0.000012 0.000017 0.000024 0.000032 0.000043 0.000058 0.000077 0.000101 0.000132 0.000171 0.000219 0.000278 0.000350 0.000436 0.000539 0.000660 0.000802 0.000965 0.001150 0.001359 0.001592 0.001848 0.002125 0.002423 0.002737 0.003064 0.003400 0.003738 0.004073 0.004399 0.004707 0.004992 0.005247 0.005465 0.005640 0.005769 0.005848 0.005875 0.005848 0.005769 0.005640 0.005465 0.005247 0.004992 0.004707 0.004399 0.004073 0.003738 0.003400 0.003064 0.002737 0.002423 0.002125 0.001848 0.001592 0.001359 0.001150 0.000965 0.000802 0.000660 0.000539 0.000436 0.000350 0.000278 0.000219 0.000171 0.000132 0.000101 0.000077 0.000058 0.000043 0.000032 0.000024 0.000017 0.000012 0.000009 0.000006 0.000004 0.000003 0.000002 0.000001 0.000001 0.000001 0.000000 0.000000 0.000000 0.000000 
0.000000 0.000000 0.000000 0.000000 0.000000 0.000001 0.000001 0.000001 0.000002 0.000003 0.000004 0.000006 0.000009 0.000012 0.000017 0.000024 0.000032 0.000043 0.000058 0.000077 0.000101 0.000132 0.000171 0.000219 0.000278 0.000350 0.000436 0.000539 0.000660 0.000802 0.000965 0.001150 0.001359 0.001592 0.001848 0.002125 0.002423 0.002737 0.003064 0.003400 0.003738 0.004073 0.004399 0.004707 0.004992 0.005247 0.005465 0.005640 0.005769 0.005848 0.005875 0.005848 0.005769 0.005640 0.005465 0.005247 0.004992 0.004707 0.004399 0.004073 0.003738 0.003400 0.003064 0.002737 0.002423 0.002125 0.001848 0.001592 0.001359 0.001150 0.000965 0.000802 0.000660 0.000539 0.000436 0.000350 0.000278 0.000219 0.000171 0.000132 0.000101 0.000077 0.000058 0.000043 0.000032 0.000024 0.000017 0.000012 0.000009 0.000006 0.000004 0.000003 0.000002 0.000001 0.000001 0.000001 0.000000 0.000000 0.000000 0.000000 
0.000000 0.000000 0.000000 0.000000 0.000001 0.000001 0.000001 0.000002 0.000002 0.000004 0.000005 0.000007 0.000010 0.000015 0.000020 0.000028 0.000038 0.000051 0.000069 0.000091 0.000120 0.000156 0.000202 0.000259 0.000329 0.000414 0.000516 0.000638 0.000781 0.000948 0.001140 0.001360 0.001607 0.001882 0.002184 0.002512 0.002863 0.003234 0.003620 0.004016 0.004416 0.004812 0.005196 0.005560 0.005896 0.006197 0.006454 0.006661 0.006814 0.006907 0.006938 0.006907 0.006814 0.006661 0.006454 0.006197 0.005896 0.005560 0.005196 0.004812 0.004416 0.004016 0.003620 0.003234 0.002863 0.002512 0.002184 0.001882 0.001607 0.001360 0.001140 0.000948 0.000781 0.000638 0.000516 0.000414 0.000329 0.000259 0.000202 0.000156 0.000120 0.000091 0.000069 0.000051 0.000038 0.000028 0.000020 0.000015 0.000010 0.000007 0.000005 0.000004 0.000002 0.000002 0.000001 0.000001 0.000001 0.000000 0.000000 0.000000 
0.000000 0.000000 0.000000 0.000001 0.000001 0.000001 0.000002 0.000002 0.000003 0.000005 0.000007 0.000010 0.000014 0.000019 0.000027 0.000037 0.000051 0.000068 0.000092 0.000122 0.000160 0.000209 0.000269 0.000345 0.000438 0.000551 0.000687 0.000849 0.001039 0.001262 0.001518 0.001809 0.002137 0.002503 0.002904 0.003340 0.003806 0.004299 0.004813 0.005339 0.005870 0.006395 0.006905 0.007389 0.007835 0.008234 0.008576 0.008851 0.009053 0.009177 0.009218 0.009177 0.009053 0.008851 0.008576 0.008234 0.007835 0.007389 0.006905 0.006395 0.005870 0.005339 0.004813 0.004299 0.003806 0.003340 0.002904 0.002503 0.002137 0.001809 0.001518 0.001262 0.001039 0.000849 0.000687 0.000551 0.000438 0.000345 0.000269 0.000209 0.000160 0.000122 0.000092 0.000068 0.000051 0.000037 0.000027 0.000019 0.000014 0.000010 0.000007 0.000005 0.000003 0.000002 0.000002 0.000001 0.000001 0.000001 0.000000 0.000000 
0.000000 0.000000 0.000001 0.000001 0.000001 0.000002 0.000002 0.000003 0.000005 0.000007 0.000010 0.000014 0.000020 0.000028 0.000038 0.000053 0.000072 0.000097 0.000130 0.000173 0.000227 0.000296 0.000382 0.000489 0.000621 0.000781 0.000974 0.001203 0.001473 0.001788 0.002150 0.002562 0.003027 0.003544 0.004112 0.004728 0.005388 0.006085 0.006811 0.007555 0.008306 0.009048 0.009769 0.010453 0.011084 0.011648 0.012131 0.012520 0.012806 0.012980 0.013039 0.012980 0.012806 0.012520 0.012131 0.011648 0.011084 0.010453 0.009769 0.009048 0.008306 0.007555 0.006811 0.006085 0.005388 0.004728 0.004112 0.003544 0.003027 0.002562 0.002150 0.001788 0.001473 0.001203 0.000974 0.000781 0.000621 0.000489 0.000382 0.000296 0.000227 0.000173 0.000130 0.000097 0.000072 0.000053 0.000038 0.000028 0.000020 0.000014 0.000010 0.000007 0.000005 0.000003 0.000002 0.000002 0.000001 0.000001 0.000001 0.000001 
0.000001 0.000001 0.000001 0.000001 0.000002 0.000002 0.000003 0.000005 0.000007 0.000010 0.000014 0.000020 0.000029 0.000040 0.000056 0.000077 0.000105 0.000142 0.000190 0.000252 0.000331 0.000431 0.000556 0.000712 0.000904 0.001136 0.001416 0.001749 0.002142 0.002599 0.003125 0.003724 0.004399 0.005149 0.005973 0.006868 0.007826 0.008838 0.009891 0.010971 0.012059 0.013137 0.014183 0.015175 0.016090 0.016908 0.017608 0.018173 0.018587 0.018840 0.018925 0.018840 0.018587 0.018173 0.017608 0.016908 0.016090 0.015175 0.014183 0.013137 0.012059 0.010971 0.009891 0.008838 0.007826 0.006868 0.005973 0.005149 0.004399 0.003724 0.003125 0.002599 0.002142 0.001749 0.001416 0.001136 0.000904 0.000712 0.000556 0.000431 0.000331 0.000252 0.000190 0.000142 0.000105 0.000077 0.000056 0.000040 0.000029 0.000020 0.000014 0.000010 0.000007 0.000005 0.000003 0.000002 0.000002 0.000001 0.000001 0.000001 
0.000001 0.000001 0.000001 0.000002 0.000002 0.000003 0.000005 0.000007 0.000010 0.000015 0.000021 0.000030 0.000042 0.000059 0.000082 0.000113 0.000154 0.000208 0.000278 0.000369 0.000485 0.000631 0.000815 0.001044 0.001324 0.001664 0.002074 0.002561 0.003135 0.003803 0.004572 0.005449 0.006435 0.007532 0.008737 0.010044 0.011444 0.012922 0.014461 0.016038 0.017629 0.019203 0.020730 0.022179 0.023516 0.024710 0.025733 0.026557 0.027162 0.027531 0.027655 0.027531 0.027162 0.026557 0.025733 0.024710 0.023516 0.022179 0.020730 0.019203 0.017629 0.016038 0.014461 0.012922 0.011444 0.010044 0.008737 0.007532 0.006435 0.005449 0.004572 0.003803 0.003135 0.002561 0.002074 0.001664 0.001324 0.001044 0.000815 0.000631 0.000485 0.000369 0.000278 0.000208 0.000154 0.000113 0.000082 0.000059 0.000042 0.000030 0.000021 0.000015 0.000010 0.000007 0.000005 0.000003 0.000002 0.000002 0.000002 0.000002 
0.000001 0.000001 0.000002 0.000002 0.000003 0.000005 0.000007 0.000010 0.000015 0.000022 0.000031 0.000044 0.000062 0.000087 0.000120 0.000165 0.000225 0.000304 0.000407 0.000539 0.000709 0.000923 0.001192 0.001525 0.001935 0.002432 0.003030 0.003742 0.004579 0.005554 0.006677 0.007956 0.009394 0.010994 0.012752 0.014659 0.016701 0.018857 0.021100 0.023400 0.025719 0.028014 0.030240 0.032352 0.034301 0.036042 0.037532 0.038733 0.039614 0.040153 0.040334 0.040153 0.039614 0.038733 0.037532 0.036042 0.034301 0.032352 0.030240 0.028014 0.025719 0.023400 0.021100 0.018857 0.016701 0.014659 0.012752 0.010994 0.009394 0.007956 0.006677 0.005554 0.004579 0.003742 0.003030 0.002432 0.001935 0.001525 0.001192 0.000923 0.000709 0.000539 0.000407 0.000304 0.000225 0.000165 0.000120 0.000087 0.000062 0.000044 0.000031 0.000022 0.000015 0.000010 0.000007 0.000005 0.000003 0.000003 0.000002 0.000002 
0.000002 0.000002 0.000002 0.000003 0.000005 0.000007 0.000010 0.000015 0.000022 0.000031 0.000045 0.000064 0.000091 0.000127 0.000175 0.000241 0.000328 0.000442 0.000592 0.000784 0.001031 0.001342 0.001733 0.002217 0.002811 0.003533 0.004401 0.005434 0.006649 0.008064 0.009694 0.011548 0.013635 0.015956 0.018505 0.021270 0.024231 0.027356 0.030609 0.033943 0.037303 0.040630 0.043857 0.046918 0.049742 0.052265 0.054424 0.056165 0.057442 0.058222 0.058485 0.058222 0.057442 0.056165 0.054424 0.052265 0.049742 0.046918 0.043857 0.040630 0.037303 0.033943 0.030609 0.027356 0.024231 0.021270 0.018505 0.015956 0.013635 0.011548 0.009694 0.008064 0.006649 0.005434 0.004401 0.003533 0.002811 0.002217 0.001733 0.001342 0.001031 0.000784 0.000592 0.000442 0.000328 0.000241 0.000175 0.000127 0.000091 0.000064 0.000045 0.000032 0.000022 0.000015 0.000010 0.000007 0.000005 0.000004 0.000003 0.000003 
0.000003 0.000003 0.000004 0.000005 0.000007 0.000010 0.000015 0.000022 0.000031 0.000046 0.000065 0.000093 0.000131 0.000183 0.000253 0.000348 0.000473 0.000639 0.000854 0.001132 0.001487 0.001937 0.002499 0.003197 0.004054 0.005094 0.006345 0.007833 0.009584 0.011622 0.013968 0.016638 0.019643 0.022984 0.026654 0.030633 0.034894 0.039392 0.044073 0.048870 0.053705 0.058490 0.063133 0.067536 0.071599 0.075228 0.078333 0.080837 0.082674 0.083797 0.084174 0.083797 0.082674 0.080837 0.078333 0.075228 0.071599 0.067536 0.063133 0.058490 0.053705 0.048870 0.044073 0.039392 0.034894 0.030633 0.026654 0.022984 0.019643 0.016638 0.013968 0.011622 0.009584 0.007833 0.006345 0.005094 0.004054 0.003197 0.002499 0.001937 0.001487 0.001132 0.000854 0.000639 0.000473 0.000348 0.000253 0.000183 0.000131 0.000093 0.000065 0.000046 0.000032 0.000022 0.000015 0.000010 0.000007 0.000006 0.000005 0.000005 
0.000004 0.000004 0.000005 0.000007 0.000010 0.000014 0.000021 0.000031 0.000045 0.000065 0.000094 0.000133 0.000188 0.000262 0.000363 0.000498 0.000678 0.000915 0.001223 0.001620 0.002128 0.002771 0.003576 0.004574 0.005798 0.007285 0.009073 0.011198 0.013700 0.016611 0.019963 0.023777 0.028068 0.032838 0.038077 0.043759 0.049841 0.056261 0.062942 0.069789 0.076689 0.083518 0.090144 0.096426 0.102223 0.107401 0.111831 0.115404 0.118025 0.119626 0.120165 0.119626 0.118025 0.115404 0.111831 0.107401 0.102223 0.096426 0.090144 0.083518 0.076689 0.069789 0.062942 0.056261 0.049841 0.043759 0.038077 0.032838 0.028068 0.023777 0.019963 0.016611 0.013700 0.011198 0.009073 0.007285 0.005798 0.004574 0.003576 0.002771 0.002128 0.001620 0.001223 0.000915 0.000678 0.000498 0.000363 0.000262 0.000188 0.000133 0.000094 0.000065 0.000045 0.000031 0.000021 0.000015 0.000011 0.000008 0.000007 0.000007 
0.000006 0.000006 0.000007 0.000010 0.000014 0.000020 0.000030 0.000044 0.000064 0.000093 0.000133 0.000189 0.000267 0.000372 0.000516 0.000708 0.000963 0.001299 0.001736 0.002300 0.003020 0.003932 0.005073 0.006487 0.008223 0.010330 0.012863 0.015875 0.019419 0.023543 0.028289 0.033691 0.039767 0.046521 0.053939 0.061982 0.070591 0.079678 0.089134 0.098823 0.108587 0.118252 0.127627 0.136515 0.144717 0.152043 0.158311 0.163365 0.167074 0.169339 0.170101 0.169339 0.167074 0.163365 0.158311 0.152043 0.144717 0.136515 0.127627 0.118252 0.108587 0.098823 0.089134 0.079678 0.070591 0.061982 0.053939 0.046521 0.039767 0.033691 0.028289 0.023543 0.019419 0.015875 0.012863 0.010330 0.008223 0.006487 0.005073 0.003932 0.003020 0.002300 0.001736 0.001299 0.000963 0.000708 0.000516 0.000372 0.000267 0.000189 0.000133 0.000093 0.000064 0.000044 0.000030 0.000021 0.000015 0.000011 0.000010 0.000010 
0.000009 0.000009 0.000010 0.000014 0.000020 0.000029 0.000042 0.000062 0.000091 0.000131 0.000188 0.000267 0.000376 0.000525 0.000726 0.000997 0.001356 0.001828 0.002443 0.003236 0.004249 0.005530 0.007134 0.009122 0.011561 0.014522 0.018081 0.022312 0.027289 0.033080 0.039745 0.047329 0.055859 0.065341 0.075753 0.087042 0.099123 0.111876 0.125145 0.138740 0.152439 0.165998 0.179150 0.191619 0.203126 0.213401 0.222194 0.229283 0.234485 0.237662 0.238731 0.237662 0.234485 0.229283 0.222194 0.213401 0.203126 0.191619 0.179150 0.165998 0.152439 0.138740 0.125145 0.111876 0.099123 0.087042 0.075753 0.065341 0.055859 0.047329 0.039745 0.033080 0.027289 0.022312 0.018081 0.014522 0.011561 0.009122 0.007134 0.005530 0.004249 0.003236 0.002443 0.001828 0.001356 0.000997 0.000726 0.000525 0.000376 0.000267 0.000188 0.000131 0.000091 0.000063 0.000043 0.000030 0.000021 0.000016 0.000014 0.000014 
0.000012 0.000012 0.000015 0.000019 0.000028 0.000040 0.000059 0.000087 0.000127 0.000183 0.000262 0.000372 0.000525 0.000732 0.001014 0.001391 0.001892 0.002550 0.003408 0.004514 0.005926 0.007712 0.009947 0.012717 0.016114 0.020239 0.025195 0.031087 0.038017 0.046080 0.055359 0.065915 0.077788 0.090983 0.105472 0.121180 0.137990 0.155732 0.174191 0.193102 0.212158 0.231017 0.249309 0.266651 0.282654 0.296943 0.309171 0.319030 0.326263 0.330682 0.332168 0.330682 0.326263 0.319030 0.309171 0.296943 0.282654 0.266651 0.249309 0.231017 0.212158 0.193102 0.174191 0.155732 0.137990 0.121180 0.105472 0.090983 0.077788 0.065915 0.055359 0.046080 0.038017 0.031087 0.025195 0.020239 0.016114 0.012717 0.009947 0.007712 0.005926 0.004514 0.003408 0.002550 0.001892 0.001391 0.001014 0.000733 0.000525 0.000372 0.000262 0.000183 0.000127 0.000087 0.000060 0.000042 0.000030 0.000022 0.000019 0.000019 
0.000017 0.000017 0.000020 0.000027 0.000038 0.000056 0.000082 0.000120 0.000175 0.000253 0.000363 0.000516 0.000726 0.001014 0.001403 0.001925 0.002617 0.003528 0.004713 0.006241 0.008193 0.010660 0.013747 0.017573 0.022265 0.027961 0.034804 0.042938 0.052504 0.063633 0.076437 0.091004 0.107386 0.125592 0.145579 0.167248 0.190434 0.214905 0.240362 0.266441 0.292719 0.318724 0.343947 0.367857 0.389921 0.409622 0.426480 0.440071 0.450044 0.456135 0.458184 0.456135 0.450044 0.440071 0.426480 0.409622 0.389921 0.367857 0.343947 0.318724 0.292719 0.266441 0.240362 0.214905 0.190434 0.167248 0.145579 0.125592 0.107386 0.091004 0.076437 0.063633 0.052504 0.042938 0.034804 0.027961 0.022265 0.017573 0.013747 0.010660 0.008193 0.006241 0.004713 0.003528 0.002617 0.001925 0.001403 0.001014 0.000726 0.000516 0.000363 0.000254 0.000176 0.000121 0.000083 0.000058 0.000041 0.000031 0.000026 0.000026 
0.000024 0.000024 0.000028 0.000037 0.000053 0.000077 0.000113 0.000165 0.000241 0.000348 0.000498 0.000708 0.000997 0.001391 0.001925 0.002640 0.003589 0.004837 0.006461 0.008555 0.011228 0.014607 0.018835 0.024073 0.030497 0.038294 0.047659 0.058791 0.071881 0.087108 0.104626 0.124553 0.146961 0.171861 0.199196 0.228828 0.260532 0.293991 0.328796 0.364450 0.400374 0.435923 0.470400 0.503082 0.533239 0.560167 0.583208 0.601783 0.615413 0.623738 0.626538 0.623738 0.615413 0.601783 0.583208 0.560167 0.533239 0.503082 0.470400 0.435923 0.400374 0.364450 0.328796 0.293991 0.260532 0.228828 0.199196 0.171861 0.146961 0.124553 0.104626 0.087108 0.071881 0.058791 0.047659 0.038294 0.030497 0.024073 0.018835 0.014607 0.011228 0.008555 0.006461 0.004837 0.003589 0.002640 0.001925 0.001391 0.000997 0.000708 0.000499 0.000348 0.000241 0.000166 0.000114 0.000079 0.000056 0.000043 0.000036 0.000036 
0.000032 0.000032 0.000038 0.000051 0.000072 0.000105 0.000154 0.000225 0.000328 0.000473 0.000678 0.000963 0.001356 0.001892 0.002617 0.003589 0.004879 0.006574 0.008780 0.011624 0.015253 0.019841 0.025580 0.032690 0.041408 0.051988 0.064695 0.079797 0.097554 0.118208 0.141966 0.168989 0.199373 0.233134 0.270193 0.310363 0.353339 0.398691 0.445865 0.494186 0.542871 0.591045 0.637765 0.682051 0.722914 0.759400 0.790619 0.815786 0.834253 0.845533 0.849327 0.845533 0.834253 0.815786 0.790619 0.759400 0.722914 0.682051 0.637765 0.591045 0.542871 0.494186 0.445865 0.398691 0.353339 0.310363 0.270193 0.233134 0.199373 0.168989 0.141966 0.118208 0.097554 0.079797 0.064695 0.051988 0.041408 0.032690 0.025580 0.019841 0.015253 0.011624 0.008780 0.006574 0.004879 0.003589 0.002617 0.001892 0.001356 0.000963 0.000678 0.000474 0.000329 0.000227 0.000156 0.000108 0.000077 0.000058 0.000049 0.000049 
0.000043 0.000043 0.000051 0.000068 0.000097 0.000142 0.000208 0.000304 0.000442 0.000639 0.000915 0.001299 0.001828 0.002550 0.003528 0.004837 0.006574 0.008856 0.011827 0.015655 0.020541 0.026714 0.034438 0.044004 0.055732 0.069964 0.087055 0.107365 0.131243 0.159013 0.190954 0.227282 0.268124 0.313501 0.363308 0.417291 0.475042 0.535981 0.599364 0.664286 0.729693 0.794410 0.857171 0.916660 0.971550 1.020558 1.062492 1.096296 1.121098 1.136249 1.141345 1.136249 1.121098 1.096296 1.062492 1.020558 0.971550 0.916660 0.857171 0.794410 0.729693 0.664286 0.599364 0.535981 0.475042 0.417291 0.363308 0.313501 0.268124 0.227282 0.190954 0.159013 0.131243 0.107365 0.087055 0.069964 0.055732 0.044004 0.034438 0.026714 0.020541 0.015655 0.011827 0.008856 0.006574 0.004837 0.003528 0.002550 0.001828 0.001299 0.000915 0.000639 0.000443 0.000306 0.000210 0.000146 0.000104 0.000079 0.000067 0.000067 
0.000058 0.000058 0.000069 0.000092 0.000130 0.000190 0.000278 0.000407 0.000592 0.000854 0.001223 0.001736 0.002443 0.003408 0.004713 0.006461 0.008780 0.011827 0.015791 0.020900 0.027419 0.035655 0.045958 0.058717 0.074357 0.093334 0.116121 0.143197 0.175026 0.212040 0.254609 0.303020 0.357442 0.417903 0.484260 0.556177 0.633107 0.714279 0.798703 0.885170 0.972279 1.058466 1.142046 1.221263 1.294355 1.359613 1.415449 1.460460 1.493485 1.513657 1.520442 1.513657 1.493485 1.460460 1.415449 1.359613 1.294355 1.221263 1.142046 1.058466 0.972279 0.885170 0.798703 0.714279 0.633107 0.556177 0.484260 0.417903 0.357442 0.303020 0.254609 0.212040 0.175026 0.143197 0.116121 0.093334 0.074357 0.058717 0.045958 0.035655 0.027419 0.020900 0.015791 0.011827 0.008780 0.006461 0.004713 0.003408 0.002443 0.001736 0.001223 0.000855 0.000593 0.000409 0.000282 0.000195 0.000139 0.000105 0.000089 0.000089 
0.000077 0.000077 0.000091 0.000122 0.000173 0.000252 0.000369 0.000539 0.000784 0.001132 0.001620 0.002300 0.003236 0.004514 0.006241 0.008555 0.011624 0.015655 0.020900 0.027658 0.036279 0.047171 0.060794 0.077663 0.098338 0.123422 0.153539 0.189319 0.231378 0.280282 0.336522 0.400474 0.472360 0.552218 0.639856 0.734830 0.836418 0.943602 1.055073 1.169235 1.284241 1.398023 1.508359 1.612932 1.709417 1.795558 1.869260 1.928672 1.972263 1.998890 2.007845 1.998890 1.972263 1.928672 1.869260 1.795558 1.709417 1.612932 1.508359 1.398023 1.284241 1.169235 1.055073 0.943602 0.836418 0.734830 0.639856 0.552218 0.472360 0.400474 0.336522 0.280282 0.231378 0.189319 0.153539 0.123422 0.098338 0.077663 0.060794 0.047171 0.036279 0.027658 0.020900 0.015655 0.011624 0.008555 0.006242 0.004514 0.003236 0.002300 0.001621 0.001133 0.000786 0.000542 0.000373 0.000259 0.000184 0.000140 0.000119 0.000119 
0.000101 0.000101 0.000120 0.000160 0.000227 0.000331 0.000485 0.000709 0.001031 0.001487 0.002128 0.003020 0.004249 0.005926 0.008193 0.011228 0.015253 0.020541 0.027419 0.036279 0.047583 0.061860 0.079716 0.101823 0.128916 0.161782 0.201238 0.248110 0.303201 0.367253 0.440906 0.524650 0.618779 0.723336 0.838072 0.962405 1.095387 1.235686 1.381588 1.531007 1.681521 1.830428 1.974819 2.111665 2.237922 2.350641 2.447081 2.524820 2.581858 2.616697 2.628415 2.616697 2.581858 2.524820 2.447081 2.350641 2.237922 2.111665 1.974819 1.830428 1.681521 1.531007 1.381588 1.235686 1.095387 0.962405 0.838072 0.723336 0.618779 0.524650 0.440906 0.367253 0.303201 0.248110 0.201238 0.161782 0.128916 0.101823 0.079716 0.061860 0.047583 0.036279 0.027419 0.020541 0.015253 0.011228 0.008193 0.005926 0.004250 0.003021 0.002129 0.001489 0.001033 0.000713 0.000491 0.000340 0.000242 0.000184 0.000156 0.000156 
0.000132 0.000132 0.000156 0.000209 0.000296 0.000431 0.000631 0.000923 0.001342 0.001937 0.002771 0.003932 0.005530 0.007712 0.010660 0.014607 0.019841 0.026714 0.035655 0.047171 0.061860 0.080412 0.103611 0.132330 0.167522 0.210208 0.261449 0.322314 0.393845 0.477003 0.572618 0.681326 0.803503 0.939206 1.088111 1.249459 1.422020 1.604067 1.793373 1.987233 2.182504 2.375684 2.562997 2.740517 2.904296 3.050509 3.175604 3.276440 3.350423 3.395613 3.410812 3.395613 3.350423 3.276440 3.175604 3.050509 2.904296 2.740517 2.562997 2.375684 2.182504 1.987233 1.793373 1.604067 1.422020 1.249459 1.088111 0.939206 0.803503 0.681326 0.572618 0.477003 0.393845 0.322314 0.261449 0.210208 0.167522 0.132330 0.103611 0.080412 0.061860 0.047171 0.035655 0.026714 0.019841 0.014607 0.010660 0.007712 0.005531 0.003932 0.002772 0.001939 0.001345 0.000928 0.000640 0.000444 0.000316 0.000239 0.000204 0.000204 
0.000171 0.000171 0.000202 0.000269 0.000382 0.000556 0.000815 0.001192 0.001733 0.002499 0.003576 0.005073 0.007134 0.009947 0.013747 0.018835 0.025580 0.034438 0.045958 0.060794 0.079716 0.103611 0.133487 0.170468 0.215781 0.270737 0.336699 0.415044 0.507109 0.614131 0.737174 0.877053 1.034253 1.208843 1.400406 1.607963 1.829932 2.064089 2.307571 2.556897 2.808029 3.056461 3.297339 3.525617 3.736218 3.924228 4.085079 4.214736 4.309863 4.367968 4.387510 4.367968 4.309863 4.214736 4.085079 3.924228 3.736218 3.525617 3.297339 3.056461 2.808029 2.556897 2.307571 2.064089 1.829932 1.607963 1.400406 1.208843 1.034253 0.877053 0.737174 0.614131 0.507109 0.415044 0.336699 0.270737 0.215781 0.170468 0.133487 0.103611 0.079716 0.060794 0.045958 0.034438 0.025580 0.018835 0.013748 0.009947 0.007135 0.005074 0.003577 0.002502 0.001737 0.001199 0.000826 0.000573 0.000408 0.000309 0.000263 0.000263 
0.000219 0.000219 0.000259 0.000345 0.000489 0.000712 0.001044 0.001525 0.002217 0.003197 0.004574 0.006487 0.009122 0.012717 0.017573 0.024073 0.032690 0.044004 0.058717 0.077663 0.101823 0.132330 0.170468 0.217671 0.275504 0.345637 0.429807 0.529770 0.647227 0.783755 0.940709 1.119127 1.319622 1.542282 1.786571 2.051241 2.334272 2.632829 2.943259 3.261126 3.581281 3.897982 4.205044 4.496033 4.764484 5.004132 5.209157 5.374419 5.495667 5.569727 5.594635 5.569727 5.495667 5.374419 5.209157 5.004132 4.764484 4.496033 4.205044 3.897982 3.581281 3.261126 2.943259 2.632829 2.334272 2.051241 1.786571 1.542282 1.319622 1.119127 0.940709 0.783755 0.647227 0.529770 0.429807 0.345637 0.275504 0.217671 0.170468 0.132330 0.101823 0.077663 0.058717 0.044004 0.032690 0.024073 0.017573 0.012717 0.009123 0.006488 0.004576 0.003201 0.002222 0.001534 0.001057 0.000734 0.000523 0.000396 0.000337 0.000337 
0.000278 0.000278 0.000329 0.000438 0.000621 0.000904 0.001324 0.001935 0.002811 0.004054 0.005798 0.008223 0.011561 0.016114 0.022265 0.030497 0.041408 0.055732 0.074357 0.098338 0.128916 0.167522 0.215781 0.275504 0.348668 0.437384 0.543849 0.670277 0.818819 0.991465 1.189925 1.415507 1.668986 1.950469 2.259275 2.593826 2.951565 3.328908 3.721239 4.122952 4.527540 4.927748 5.315763 5.683457 6.022662 6.325466 6.584519 6.793327 6.946522 7.040095 7.071565 7.040095 6.946522 6.793327 6.584519 6.325466 6.022662 5.683457 5.315763 4.927748 4.527540 4.122952 3.721239 3.328908 2.951565 2.593826 2.259275 1.950469 1.668986 1.415507 1.189925 0.991465 0.818819 0.670277 0.543849 0.437384 0.348668 0.275504 0.215781 0.167522 0.128916 0.098338 0.074357 0.055732 0.041408 0.030497 0.022266 0.016115 0.011562 0.008224 0.005801 0.004058 0.002818 0.001946 0.001341 0.000931 0.000663 0.000503 0.000428 0.000428 
0.000350 0.000350 0.000414 0.000551 0.000781 0.001136 0.001664 0.002432 0.003533 0.005094 0.007285 0.010330 0.014522 0.020239 0.027961 0.038294 0.051988 0.069964 0.093334 0.123422 0.161782 0.210208 0.270737 0.345637 0.437384 0.548625 0.682107 0.840605 1.026813 1.243219 1.491964 1.774684 2.092344 2.445077 2.832026 3.251210 3.699425 4.172179 4.663688 5.166928 5.673751 6.175068 6.661097 7.121658 7.546525 7.925791 8.250252 8.511777 8.703647 8.820842 8.860257 8.820842 8.703647 8.511777 8.250252 7.925791 7.546525 7.121658 6.661097 6.175068 5.673751 5.166928 4.663688 4.172179 3.699425 3.251210 2.832026 2.445077 2.092344 1.774684 1.491964 1.243219 1.026813 0.840605 0.682107 0.548625 0.437384 0.345637 0.270737 0.210208 0.161782 0.123422 0.093334 0.069964 0.051988 0.038294 0.027961 0.020240 0.014523 0.010332 0.007288 0.005099 0.003542 0.002446 0.001686 0.001170 0.000834 0.000632 0.000538 0.000538 
0.000436 0.000436 0.000516 0.000687 0.000974 0.001416 0.002074 0.003030 0.004401 0.006345 0.009073 0.012863 0.018081 0.025195 0.034804 0.047659 0.064695 0.087055 0.116121 0.153539 0.201238 0.261449 0.336699 0.429807 0.543849 0.682107 0.847996 1.044957 1.276335 1.545216 1.854255 2.205480 2.600087 3.038236 3.518858 4.039491 4.596151 5.183260 5.793634 6.418550 7.047891 7.670375 8.273857 8.845701 9.373214 9.844098 10.246932 10.571624 10.809834 10.955333 11.004267 10.955333 10.809834 10.571624 10.246932 9.844098 9.373214 8.845701 8.273857 7.670375 7.047891 6.418550 5.793634 5.183260 4.596151 4.039491 3.518858 3.038236 2.600087 2.205480 1.854255 1.545216 1.276335 1.044957 0.847996 0.682107 0.543849 0.429807 0.336699 0.261449 0.201238 0.153539 0.116121 0.087055 0.064695 0.047659 0.034804 0.025196 0.018082 0.012866 0.009077 0.006352 0.004412 0.003047 0.002101 0.001459 0.001040 0.000788 0.000671 0.000671 
0.000539 0.000539 0.000638 0.000849 0.001203 0.001749 0.002561 0.003742 0.005434 0.007833 0.011198 0.015875 0.022312 0.031087 0.042938 0.058791 0.079797 0.107365 0.143197 0.189319 0.248110 0.322314 0.415044 0.529770 0.670277 0.840605 1.044957 1.287568 1.572550 1.903700 2.284282 2.716788 3.202685 3.742165 4.333908 4.974879 5.660172 6.382916 7.134268 7.903490 8.678133 9.444309 10.187074 10.890882 11.540113 12.119639 12.615404 13.014996 13.308154 13.487213 13.547434 13.487213 13.308154 13.014996 12.615404 12.119639 11.540113 10.890882 10.187074 9.444309 8.678133 7.903490 7.134268 6.382916 5.660172 4.974879 4.333908 3.742165 3.202685 2.716788 2.284282 1.903700 1.572550 1.287568 1.044957 0.840605 0.670277 0.529770 0.415044 0.322314 0.248110 0.189319 0.143197 0.107365 0.079797 0.058791 0.042938 0.031088 0.022313 0.015878 0.011203 0.007841 0.005447 0.003763 0.002594 0.001802 0.001284 0.000974 0.000829 0.000829 
0.000660 0.000660 0.000781 0.001039 0.001473 0.002142 0.003135 0.004579 0.006649 0.009584 0.013700 0.019419 0.027289 0.038017 0.052504 0.071881 0.097554 0.131243 0.175026 0.231378 0.303201 0.393845 0.507109 0.647227 0.818819 1.026813 1.276335 1.572550 1.920472 2.324732 2.789307 3.317231 3.910291 4.568714 5.290885 6.073095 6.909354 7.791275 8.708068 9.646631 10.591775 11.526559 12.432755 13.291401 14.083445 14.790437 15.395237 15.882705 16.240330 16.458763 16.532226 16.458763 16.240330 15.882705 15.395237 14.790437 14.083445 13.291401 12.432755 11.526559 10.591775 9.646631 8.708068 7.791275 6.909354 6.073095 5.290885 4.568714 3.910291 3.317231 2.789307 2.324732 1.920472 1.572550 1.276335 1.026813 0.818819 0.647227 0.507109 0.393845 0.303201 0.231378 0.175026 0.131243 0.097554 0.071882 0.052505 0.038018 0.027291 0.019423 0.013706 0.009594 0.006666 0.004605 0.003176 0.002206 0.001573 0.001193 0.001016 0.001016 
0.000802 0.000802 0.000948 0.001262 0.001788 0.002599 0.003803 0.005554 0.008064 0.011622 0.016611 0.023543 0.033080 0.046080 0.063633 0.087108 0.118208 0.159013 0.212040 0.280282 0.367253 0.477003 0.614131 0.783755 0.991465 1.243219 1.545216 1.903700 2.324732 2.813907 3.376031 4.014770 4.732275 5.528816 6.402432 7.348634 8.360169 9.426894 10.535753 11.670904 12.813975 13.944484 15.040389 16.078765 17.036578 17.891522 18.622878 19.212343 19.644792 19.908926 19.997759 19.908926 19.644792 19.212343 18.622878 17.891522 17.036578 16.078765 15.040389 13.944484 12.813975 11.670904 10.535753 9.426894 8.360169 7.348634 6.402432 5.528816 4.732275 4.014770 3.376031 2.813907 2.324732 1.903700 1.545216 1.243219 0.991465 0.783755 0.614131 0.477003 0.367253 0.280282 0.212040 0.159013 0.118208 0.087109 0.063634 0.046082 0.033083 0.023547 0.016619 0.011634 0.008084 0.005586 0.003853 0.002676 0.001909 0.001448 0.001233 0.001233 
0.000965 0.000965 0.001140 0.001518 0.002150 0.003125 0.004572 0.006677 0.009694 0.013968 0.019963 0.028289 0.039745 0.055359 0.076437 0.104626 0.141966 0.190954 0.254609 0.336522 0.440906 0.572618 0.737174 0.940709 1.189925 1.491964 1.854255 2.284282 2.789307 3.376031 4.050213 4.816237 5.676678 6.631849 7.679396 8.813927 10.026744 11.305681 12.635085 13.995963 15.366294 16.721526 18.035242 19.279967 20.428095 21.452898 22.329545 23.036105 23.554455 23.871054 23.977531 23.871054 23.554455 23.036105 22.329545 21.452898 20.428095 19.279967 18.035242 16.721526 15.366294 13.995963 12.635085 11.305681 10.026744 8.813927 7.679396 6.631849 5.676678 4.816237 4.050213 3.376031 2.789307 2.284282 1.854255 1.491964 1.189925 0.940709 0.737174 0.572618 0.440906 0.336522 0.254609 0.190954 0.141966 0.104627 0.076439 0.055361 0.039749 0.028295 0.019972 0.013982 0.009717 0.006715 0.004632 0.003218 0.002295 0.001742 0.001483 0.001483 
0.001150 0.001150 0.001360 0.001809 0.002562 0.003724 0.005449 0.007956 0.011548 0.016638 0.023777 0.033691 0.047329 0.065915 0.091004 0.124553 0.168989 0.227282 0.303020 0.400474 0.524650 0.681326 0.877053 1.119127 1.415507 1.774684 2.205480 2.716788 3.317231 4.014770 4.816237 5.726838 6.749622 7.884955 9.130029 10.478431 11.919817 13.439727 15.019557 16.636737 18.265101 19.875481 21.436489 22.915487 24.279682 25.497323 26.538916 27.378409 27.994278 28.370437 28.496944 28.370437 27.994278 27.378409 26.538916 25.497323 24.279682 22.915487 21.436489 19.875481 18.265101 16.636737 15.019557 13.439727 11.919817 10.478431 9.130029 7.884955 6.749622 5.726838 4.816237 4.014770 3.317231 2.716788 2.205480 1.774684 1.415507 1.119127 0.877053 0.681326 0.524650 0.400474 0.303020 0.227282 0.168989 0.124554 0.091006 0.065917 0.047333 0.033697 0.023787 0.016656 0.011577 0.008001 0.005520 0.003836 0.002736 0.002077 0.001768 0.001768 
0.001359 0.001359 0.001607 0.002137 0.003027 0.004399 0.006435 0.009394 0.013635 0.019643 0.028068 0.039767 0.055859 0.077788 0.107386 0.146961 0.199373 0.268124 0.357442 0.472360 0.618779 0.803503 1.034253 1.319622 1.668986 2.092344 2.600087 3.202685 3.910291 4.732275 5.676678 6.749622 7.954690 9.292305 10.759148 12.347659 14.045646 15.836070 17.697019 19.601903 21.519907 23.416679 25.255256 26.997204 28.603910 30.037986 31.264706 32.253397 32.978713 33.421719 33.570707 33.421719 32.978713 32.253397 31.264706 30.037986 28.603910 26.997204 25.255256 23.416679 21.519907 19.601903 17.697019 15.836070 14.045646 12.347659 10.759148 9.292305 7.954690 6.749622 5.676678 4.732275 3.910291 3.202685 2.600087 2.092344 1.668986 1.319622 1.034253 0.803503 0.618779 0.472360 0.357442 0.268124 0.199373 0.146962 0.107388 0.077790 0.055864 0.039774 0.028080 0.019664 0.013669 0.009448 0.006519 0.004531 0.003232 0.002453 0.002089 0.002089 
0.001592 0.001592 0.001882 0.002503 0.003544 0.005149 0.007532 0.010994 0.015956 0.022984 0.032838 0.046521 0.065341 0.090983 0.125592 0.171861 0.233134 0.313501 0.417903 0.552218 0.723336 0.939206 1.208843 1.542282 1.950469 2.445077 3.038236 3.742165 4.568714 5.528816 6.631849 7.884955 9.292305 10.854382 12.567302 14.422227 16.404918 18.495474 20.668306 22.892373 25.131698 27.346179 29.492671 31.526310 33.402030 35.076192 36.508265 37.662452 38.509172 39.026325 39.200250 39.026325 38.509172 37.662452 36.508265 35.076192 33.402030 31.526310 29.492671 27.346179 25.131698 22.892373 20.668306 18.495474 16.404918 14.422227 12.567302 10.854382 9.292305 7.884955 6.631849 5.528816 4.568714 3.742165 3.038236 2.445077 1.950469 1.542282 1.208843 0.939206 0.723336 0.552218 0.417903 0.313502 0.233135 0.171862 0.125594 0.090987 0.065347 0.046530 0.032853 0.023008 0.015995 0.011057 0.007630 0.005304 0.003784 0.002873 0.002446 0.002446 
0.001848 0.001848 0.002184 0.002904 0.004112 0.005973 0.008737 0.012752 0.018505 0.026654 0.038077 0.053939 0.075753 0.105472 0.145579 0.199196 0.270193 0.363308 0.484260 0.639856 0.838072 1.088111 1.400406 1.786571 2.259275 2.832026 3.518858 4.333908 5.290885 6.402432 7.679396 9.130029 10.759148 12.567302 14.549984 16.696957 18.991731 21.411270 23.925959 26.499872 29.091377 31.654072 34.138036 36.491361 38.661907 40.599187 42.256312 43.591868 44.571635 45.170047 45.371300 45.170047 44.571635 43.591868 42.256312 40.599187 38.661907 36.491361 34.138036 31.654072 29.091377 26.499872 23.925959 21.411270 18.991731 16.696957 14.549984 12.567302 10.759148 9.130029 7.679396 6.402432 5.290885 4.333908 3.518858 2.832026 2.259275 1.786571 1.400406 1.088111 0.838072 0.639856 0.484260 0.363308 0.270194 0.199198 0.145582 0.105476 0.075759 0.053949 0.038095 0.026682 0.018551 0.012825 0.008851 0.006153 0.004391 0.003334 0.002839 0.002839 
0.002125 0.002125 0.002512 0.003340 0.004728 0.006868 0.010044 0.014659 0.021270 0.030633 0.043759 0.061982 0.087042 0.121180 0.167248 0.228828 0.310363 0.417291 0.556177 0.734830 0.962405 1.249459 1.607963 2.051241 2.593826 3.251210 4.039491 4.974879 6.073095 7.348634 8.813927 10.478431 12.347659 14.422227 16.696957 19.160090 21.792705 24.568370 27.453108 30.405708 33.378418 36.318017 39.167249 41.866587 44.356231 46.578289 48.478989 50.010840 51.134602 51.820959 52.051788 51.820959 51.134602 50.010840 48.478989 46.578289 44.356231 41.866587 39.167249 36.318017 33.378418 30.405708 27.453108 24.568370 21.792705 19.160090 16.696957 14.422227 12.347659 10.478431 8.813927 7.348634 6.073095 4.974879 4.039491 3.251210 2.593826 2.051241 1.607963 1.249459 0.962405 0.734831 0.556177 0.417292 0.310364 0.228830 0.167251 0.121185 0.087049 0.061994 0.043779 0.030666 0.021323 0.014743 0.010176 0.007075 0.005049 0.003834 0.003265 0.003265 
0.002423 0.002423 0.002863 0.003806 0.005388 0.007826 0.011444 0.016701 0.024231 0.034894 0.049841 0.070591 0.099123 0.137990 0.190434 0.260532 0.353339 0.475042 0.633107 0.836418 1.095387 1.422020 1.829932 2.334272 2.951565 3.699425 4.596151 5.660172 6.909354 8.360169 10.026744 11.919817 14.045646 16.404918 18.991731 21.792705 24.786317 27.942504 31.222631 34.579840 37.959840 41.302124 44.541604 47.610608 50.441163 52.967460 55.128376 56.869933 58.147526 58.927835 59.190261 58.927835 58.147526 56.869933 55.128376 52.967460 50.441163 47.610608 44.541604 41.302124 37.959840 34.579840 31.222631 27.942504 24.786317 21.792705 18.991731 16.404918 14.045646 11.919817 10.026744 8.360169 6.909354 5.660172 4.596151 3.699425 2.951565 2.334272 1.829932 1.422021 1.095387 0.836418 0.633107 0.475042 0.353340 0.260534 0.190437 0.137995 0.099132 0.070605 0.049864 0.034931 0.024290 0.016796 0.011594 0.008062 0.005754 0.004369 0.003722 0.003722 
0.002737 0.002737 0.003234 0.004299 0.006085 0.008838 0.012922 0.018857 0.027356 0.039392 0.056261 0.079678 0.111876 0.155732 0.214905 0.293991 0.398691 0.535981 0.714279 0.943602 1.235686 1.604067 2.064089 2.632829 3.328908 4.172179 5.183260 6.382916 7.791275 9.426894 11.305681 13.439727 15.836070 18.495474 21.411270 24.568370 27.942504 31.499786 35.196667 38.980338 42.789616 46.556316 50.207097 53.665705 56.855551 59.702486 62.137644 64.100205 65.539919 66.419242 66.714966 66.419242 65.539919 64.100205 62.137644 59.702486 56.855551 53.665705 50.207097 46.556316 42.789616 38.980338 35.196667 31.499786 27.942504 24.568370 21.411270 18.495474 15.836070 13.439727 11.305681 9.426894 7.791275 6.382916 5.183260 4.172179 3.328908 2.632829 2.064089 1.604067 1.235687 0.943602 0.714280 0.535982 0.398692 0.293993 0.214908 0.155738 0.111886 0.079694 0.056287 0.039434 0.027424 0.018964 0.013092 0.009104 0.006498 0.004935 0.004204 0.004204 
0.003064 0.003064 0.003620 0.004813 0.006811 0.009891 0.014461 0.021100 0.030609 0.044073 0.062942 0.089134 0.125145 0.174191 0.240362 0.328796 0.445865 0.599364 0.798703 1.055073 1.381588 1.793373 2.307571 2.943259 3.721239 4.663688 5.793634 7.134268 8.708068 10.535753 12.635085 15.019557 17.697019 20.668306 23.925959 27.453108 31.222631 35.196667 39.326562 43.553325 47.808613 52.016264 56.094361 59.957737 63.520855 66.700901 69.420965 71.613126 73.221262 74.203447 74.533765 74.203447 73.221262 71.613126 69.420965 66.700901 63.520855 59.957737 56.094361 52.016264 47.808613 43.553325 39.326562 35.196667 31.222631 27.453108 23.925959 20.668306 17.697019 15.019557 12.635085 10.535753 8.708068 7.134268 5.793634 4.663688 3.721240 2.943259 2.307571 1.793374 1.381589 1.055073 0.798703 0.599365 0.445866 0.328798 0.240366 0.174197 0.125156 0.089152 0.062971 0.044120 0.030685 0.021221 0.014651 0.010189 0.007274 0.005525 0.004706 0.004706 
0.003400 0.003400 0.004016 0.005339 0.007555 0.010971 0.016038 0.023400 0.033943 0.048870 0.069789 0.098823 0.138740 0.193102 0.266441 0.364450 0.494186 0.664286 0.885170 1.169235 1.531007 1.987233 2.556897 3.261126 4.122952 5.166928 6.418550 7.903490 9.646631 11.670904 13.995963 16.636737 19.601903 22.892373 26.499872 30.405708 34.579840 38.980338 43.553325 48.233484 52.945142 57.603981 62.119307 66.396838 70.341877 73.862750 76.874319 79.301393 81.081850 82.169278 82.534990 82.169278 81.081850 79.301393 76.874319 73.862750 70.341877 66.396838 62.119307 57.603981 52.945142 48.233484 43.553325 38.980338 34.579840 30.405708 26.499872 22.892373 19.601903 16.636737 13.995963 11.670904 9.646631 7.903490 6.418550 5.166928 4.122952 3.261126 2.556897 1.987233 1.531007 1.169236 0.885170 0.664287 0.494188 0.364452 0.266445 0.193109 0.138751 0.098843 0.069821 0.048922 0.034027 0.023534 0.016249 0.011301 0.008069 0.006129 0.005221 0.005221 
0.003738 0.003738 0.004416 0.005870 0.008306 0.012059 0.017629 0.025719 0.037303 0.053705 0.076689 0.108587 0.152439 0.212158 0.292719 0.400374 0.542871 0.729693 0.972279 1.284241 1.681521 2.182504 2.808029 3.581281 4.527540 5.673751 7.047891 8.678133 10.591775 12.813975 15.366294 18.265101 21.519907 25.131698 29.091377 33.378418 37.959840 42.789616 47.808613 52.945142 58.116159 63.229133 68.184540 72.878919 77.208361 81.072272 84.377232 87.040740 88.994633 90.187984 90.589318 90.187984 88.994633 87.040740 84.377232 81.072272 77.208361 72.878919 68.184540 63.229133 58.116159 52.945142 47.808613 42.789616 37.959840 33.378418 29.091377 25.131698 21.519907 18.265101 15.366294 12.813975 10.591775 8.678133 7.047891 5.673751 4.527540 3.581281 2.808029 2.182504 1.681521 1.284241 0.972280 0.729694 0.542873 0.400377 0.292724 0.212166 0.152453 0.108609 0.076724 0.053762 0.037395 0.025865 0.017861 0.012423 0.008870 0.006738 0.005741 0.005741 
0.004073 0.004073 0.004812 0.006395 0.009048 0.013137 0.019203 0.028014 0.040630 0.058490 0.083518 0.118252 0.165998 0.231017 0.318724 0.435923 0.591045 0.794410 1.058466 1.398023 1.830428 2.375684 3.056461 3.897982 4.927748 6.175068 7.670375 9.444309 11.526559 13.944484 16.721526 19.875481 23.416679 27.346179 31.654072 36.318017 41.302124 46.556316 52.016264 57.603981 63.229133 68.791070 74.181540 79.288011 83.997465 88.200493 91.795491 94.692728 96.818070 98.116133 98.552681 98.116133 96.818070 94.692728 91.795491 88.200493 83.997465 79.288011 74.181540 68.791070 63.229133 57.603981 52.016264 46.556316 41.302124 36.318017 31.654072 27.346179 23.416679 19.875481 16.721526 13.944484 11.526559 9.444309 7.670375 6.175068 4.927748 3.897982 3.056461 2.375684 1.830428 1.398023 1.058467 0.794411 0.591047 0.435926 0.318729 0.231026 0.166013 0.118275 0.083557 0.058553 0.040730 0.028174 0.019456 0.013533 0.009663 0.007341 0.006255 0.006255 
0.004399 0.004399 0.005196 0.006905 0.009769 0.014183 0.020730 0.030240 0.043857 0.063133 0.090144 0.127627 0.179150 0.249309 0.343947 0.470400 0.637765 0.857171 1.142046 1.508359 1.974819 2.562997 3.297339 4.205044 5.315763 6.661097 8.273857 10.187074 12.432755 15.040389 18.035242 21.436489 25.255256 29.492671 34.138036 39.167249 44.541604 50.207097 56.094361 62.119307 68.184540 74.181540 79.993598 85.499394 90.577084 95.108718 98.984760 102.108479 104.399954 105.799480 106.270151 105.799480 104.399954 102.108479 98.984760 95.108718 90.577084 85.499394 79.993598 74.181540 68.184540 62.119307 56.094361 50.207097 44.541604 39.167249 34.138036 29.492671 25.255256 21.436489 18.035242 15.040389 12.432755 10.187074 8.273857 6.661097 5.315763 4.205044 3.297339 2.562997 1.974819 1.508359 1.142046 0.857172 0.637767 0.470403 0.343952 0.249319 0.179166 0.127652 0.090185 0.063201 0.043966 0.030413 0.021004 0.014611 0.010433 0.007927 0.006754 0.006754 
