0.000000 0.000000 0.000000 0.000000 0.000000 0.000000 0.000000 0.000000 0.000000 0.000000 0.000000 0.000000 0.000000 0.000000 0.000000 0.000000 0.000000 0.000000 0.000000 0.000000 0.000001 0.000001 0.000001 0.000002 0.000002 0.000003 0.000005 0.000006 0.000008 0.000011 0.000014 0.000018 0.000022 0.000028 0.000034 0.000041 0.000050 0.000059 0.000069 0.000079 0.000090 0.000102 0.000113 0.000124 0.000135 0.000145 0.000153 0.000160 0.000165 0.000168 0.000169 0.000168 0.000165 0.000160 0.000153 0.000145 0.000135 0.000124 0.000113 0.000102 0.000090 0.000079 0.000069 0.000059 0.000050 0.000041 0.000034 0.000028 0.000022 0.000018 0.000014 0.000011 0.000008 0.000006 0.000005 0.000003 0.000002 0.000002 0.000001 0.000001 0.000001 0.000000 0.000000 0.000000 0.000000 0.000000 0.000000 0.000000 0.000000 0.000000 0.000000 0.000000 0.000000 0.000000 0.000000 0.000000 0.000000 0.000000 0.000000 0.000000 
0.000000 0.000000 0.000000 0.000000 0.000000 0.000000 0.000000 0.000000 0.000000 0.000000 0.000000 0.000000 0.000000 0.000000 0.000000 0.000000 0.000000 0.000000 0.000000 0.000000 0.000001 0.000001 0.000001 0.000002 0.000002 0.000003 0.000005 0.000006 0.000008 0.000011 0.000014 0.000018 0.000022 0.000028 0.000034 0.000041 0.000050 0.000059 0.000069 0.000079 0.000090 0.000102 0.000113 0.000124 0.000135 0.000145 0.000153 0.000160 0.000165 0.000168 0.000169 0.000168 0.000165 0.000160 0.000153 0.000145 0.000135 0.000124 0.000113 0.000102 0.000090 0.000079 0.000069 0.000059 0.000050 0.000041 0.000034 0.000028 0.000022 0.000018 0.000014 0.000011 0.000008 0.000006 0.000005 0.000003 0.000002 0.000002 0.000001 0.000001 0.000001 0.000000 0.000000 0.000000 0.000000 0.000000 0.000000 0.000000 0.000000 0.000000 0.000000 0.000000 0.000000 0.000000 0.000000 0.000000 0.000000 0.000000 0.000000 0.000000 
0.000000 0.000000 0.000000 0.000000 0.000000 0.000000 0.000000 0.000000 0.000000 0.000000 0.000000 0.000000 0.000000 0.000000 0.000000 0.000000 0.000000 0.000000 0.000000 0.000001 0.000001 0.000001 0.000002 0.000002 0.000003 0.000005 0.000006 0.000008 0.000011 0.000014 0.000019 0.000024 0.000030 0.000037 0.000046 0.000055 0.000066 0.000079 0.000092 0.000106 0.000121 0.000136 0.000152 0.000167 0.000181 0.000194 0.000205 0.000214 0.000221 0.000225 0.000227 0.000225 0.000221 0.000214 0.000205 0.000194 0.000181 0.000167 0.000152 0.000136 0.000121 0.000106 0.000092 0.000079 0.000066 0.000055 0.000046 0.000037 0.000030 0.000024 0.000019 0.000014 0.000011 0.000008 0.000006 0.000005 0.000003 0.000002 0.000002 0.000001 0.000001 0.000001 0.000000 0.000000 0.000000 0.000000 0.000000 0.000000 0.000000 0.000000 0.000000 0.000000 0.000000 0.000000 0.000000 0.000000 0.000000 0.000000 0.000000 0.000000 
0.000000 0.000000 0.000000 0.000000 0.000000 0.000000 0.000000 0.000000 0.000000 0.000000 0.000000 0.000000 0.000000 0.000000 0.000000 0.000000 0.000000 0.000000 0.000001 0.000001 0.000001 0.000002 0.000003 0.000004 0.000005 0.000007 0.000010 0.000013 0.000017 0.000023 0.000029 0.000038 0.000047 0.000059 0.000072 0.000088 0.000105 0.000124 0.000145 0.000168 0.000191 0.000216 0.000240 0.000263 0.000286 0.000306 0.000324 0.000338 0.000349 0.000356 0.000358 0.000356 0.000349 0.000338 0.000324 0.000306 0.000286 0.000263 0.000240 0.000216 0.000191 0.000168 0.000145 0.000124 0.000105 0.000088 0.000072 0.000059 0.000047 0.000038 0.000029 0.000023 0.000017 0.000013 0.000010 0.000007 0.000005 0.000004 0.000003 0.000002 0.000001 0.000001 0.000001 0.000000 0.000000 0.000000 0.000000 0.000000 0.000000 0.000000 0.000000 0.000000 0.000000 0.000000 0.000000 0.000000 0.000000 0.000000 0.000000 0.000000 
0.000000 0.000000 0.000000 0.000000 0.000000 0.000000 0.000000 0.000000 0.000000 0.000000 0.000000 0.000000 0.000000 0.000000 0.000000 0.000000 0.000000 0.000001 0.000001 0.000002 0.000002 0.000003 0.000005 0.000006 0.000009 0.000012 0.000017 0.000022 0.000029 0.000038 0.000050 0.000063 0.000079 0.000099 0.000121 0.000147 0.000177 0.000209 0.000244 0.000282 0.000321 0.000362 0.000402 0.000442 0.000479 0.000513 0.000543 0.000567 0.000585 0.000596 0.000600 0.000596 0.000585 0.000567 0.000543 0.000513 0.000479 0.000442 0.000402 0.000362 0.000321 0.000282 0.000244 0.000209 0.000177 0.000147 0.000121 0.000099 0.000079 0.000063 0.000050 0.000038 0.000029 0.000022 0.000017 0.000012 0.000009 0.000006 0.000005 0.000003 0.000002 0.000002 0.000001 0.000001 0.000000 0.000000 0.000000 0.000000 0.000000 0.000000 0.000000 0.000000 0.000000 0.000000 0.000000 0.000000 0.000000 0.000000 0.000000 0.000000 
0.000000 0.000000 0.000000 0.000000 0.000000 0.000000 0.000000 0.000000 0.000000 0.000000 0.000000 0.000000 0.000000 0.000000 0.000000 0.000001 0.000001 0.000001 0.000002 0.000003 0.000004 0.000005 0.000008 0.000011 0.000015 0.000021 0.000028 0.000038 0.000050 0.000065 0.000084 0.000108 0.000135 0.000168 0.000207 0.000251 0.000300 0.000355 0.000415 0.000479 0.000546 0.000615 0.000684 0.000751 0.000814 0.000872 0.000922 0.000963 0.000994 0.001013 0.001019 0.001013 0.000994 0.000963 0.000922 0.000872 0.000814 0.000751 0.000684 0.000615 0.000546 0.000479 0.000415 0.000355 0.000300 0.000251 0.000207 0.000168 0.000135 0.000108 0.000084 0.000065 0.000050 0.000038 0.000028 0.000021 0.000015 0.000011 0.000008 0.000005 0.000004 0.000003 0.000002 0.000001 0.000001 0.000001 0.000000 0.000000 0.000000 0.000000 0.000000 0.000000 0.000000 0.000000 0.000000 0.000000 0.000000 0.000000 0.000000 0.000000 
0.000000 0.000000 0.000000 0.000000 0.000000 0.000000 0.000000 0.000000 0.000000 0.000000 0.000000 0.000000 0.000000 0.000000 0.000001 0.000001 0.000001 0.000002 0.000003 0.000004 0.000006 0.000009 0.000013 0.000019 0.000026 0.000036 0.000048 0.000064 0.000085 0.000111 0.000143 0.000183 0.000230 0.000286 0.000351 0.000425 0.000509 0.000602 0.000703 0.000812 0.000925 0.001041 0.001158 0.001271 0.001378 0.001476 0.001561 0.001631 0.001682 0.001714 0.001725 0.001714 0.001682 0.001631 0.001561 0.001476 0.001378 0.001271 0.001158 0.001041 0.000925 0.000812 0.000703 0.000602 0.000509 0.000425 0.000351 0.000286 0.000230 0.000183 0.000143 0.000111 0.000085 0.000064 0.000048 0.000036 0.000026 0.000019 0.000013 0.000009 0.000006 0.000004 0.000003 0.000002 0.000001 0.000001 0.000001 0.000000 0.000000 0.000000 0.000000 0.000000 0.000000 0.000000 0.000000 0.000000 0.000000 0.000000 0.000000 0.000000 
0.000000 0.000000 0.000000 0.000000 0.000000 0.000000 0.000000 0.000000 0.000000 0.000000 0.000000 0.000000 0.000000 0.000001 0.000001 0.000001 0.000002 0.000003 0.000005 0.000008 0.000011 0.000016 0.000022 0.000031 0.000044 0.000060 0.000081 0.000108 0.000143 0.000187 0.000241 0.000307 0.000386 0.000480 0.000589 0.000714 0.000855 0.001011 0.001181 0.001362 0.001553 0.001747 0.001942 0.002132 0.002312 0.002475 0.002618 0.002734 0.002821 0.002874 0.002892 0.002874 0.002821 0.002734 0.002618 0.002475 0.002312 0.002132 0.001942 0.001747 0.001553 0.001362 0.001181 0.001011 0.000855 0.000714 0.000589 0.000480 0.000386 0.000307 0.000241 0.000187 0.000143 0.000108 0.000081 0.000060 0.000044 0.000031 0.000022 0.000016 0.000011 0.000008 0.000005 0.000003 0.000002 0.000001 0.000001 0.000001 0.000000 0.000000 0.000000 0.000000 0.000000 0.000000 0.000000 0.000000 0.000000 0.000000 0.000000 0.000000 
0.000000 0.000000 0.000000 0.000000 0.000000 0.000000 0.000000 0.000000 0.000000 0.000000 0.000000 0.000000 0.000001 0.000001 0.000002 0.000002 0.000004 0.000006 0.000009 0.000013 0.000018 0.000026 0.000037 0.000052 0.000073 0.000100 0.000135 0.000181 0.000239 0.000311 0.000401 0.000511 0.000642 0.000798 0.000979 0.001187 0.001420 0.001679 0.001961 0.002262 0.002577 0.002900 0.003223 0.003538 0.003836 0.004107 0.004344 0.004537 0.004680 0.004768 0.004798 0.004768 0.004680 0.004537 0.004344 0.004107 0.003836 0.003538 0.003223 0.002900 0.002577 0.002262 0.001961 0.001679 0.001420 0.001187 0.000979 0.000798 0.000642 0.000511 0.000401 0.000311 0.000239 0.000181 0.000135 0.000100 0.000073 0.000052 0.000037 0.000026 0.000018 0.000013 0.000009 0.000006 0.000004 0.000002 0.000002 0.000001 0.000001 0.000000 0.000000 0.000000 0.000000 0.000000 0.000000 0.000000 0.000000 0.000000 0.000000 0.000000 
0.000000 0.000000 0.000000 0.000000 0.000000 0.000000 0.000000 0.000000 0.000000 0.000000 0.000000 0.000001 0.000001 0.000002 0.000003 0.000004 0.000006 0.000009 0.000014 0.000021 0.000030 0.000043 0.000062 0.000087 0.000120 0.000164 0.000222 0.000297 0.000393 0.000512 0.000660 0.000840 0.001056 0.001311 0.001609 0.001949 0.002333 0.002758 0.003221 0.003714 0.004231 0.004760 0.005290 0.005806 0.006294 0.006738 0.007126 0.007442 0.007677 0.007821 0.007870 0.007821 0.007677 0.007442 0.007126 0.006738 0.006294 0.005806 0.005290 0.004760 0.004231 0.003714 0.003221 0.002758 0.002333 0.001949 0.001609 0.001311 0.001056 0.000840 0.000660 0.000512 0.000393 0.000297 0.000222 0.000164 0.000120 0.000087 0.000062 0.000043 0.000030 0.000021 0.000014 0.000009 0.000006 0.000004 0.000003 0.000002 0.000001 0.000001 0.000000 0.000000 0.000000 0.000000 0.000000 0.000000 0.000000 0.000000 0.000000 0.000000 
0.000000 0.000000 0.000000 0.000000 0.000000 0.000000 0.000000 0.000000 0.000000 0.000000 0.000001 0.000001 0.000002 0.000003 0.000004 0.000007 0.000010 0.000015 0.000023 0.000034 0.000049 0.000071 0.000101 0.000141 0.000196 0.000268 0.000362 0.000484 0.000639 0.000833 0.001073 0.001365 0.001716 0.002131 0.002614 0.003166 0.003789 0.004478 0.005228 0.006028 0.006865 0.007723 0.008581 0.009418 0.010208 0.010928 0.011556 0.012068 0.012448 0.012682 0.012761 0.012682 0.012448 0.012068 0.011556 0.010928 0.010208 0.009418 0.008581 0.007723 0.006865 0.006028 0.005228 0.004478 0.003789 0.003166 0.002614 0.002131 0.001716 0.001365 0.001073 0.000833 0.000639 0.000484 0.000362 0.000268 0.000196 0.000141 0.000101 0.000071 0.000049 0.000034 0.000023 0.000015 0.000010 0.000007 0.000004 0.000003 0.000002 0.000001 0.000001 0.000000 0.000000 0.000000 0.000000 0.000000 0.000000 0.000000 0.000000 0.000000 
0.000000 0.000000 0.000000 0.000000 0.000000 0.000000 0.000000 0.000000 0.000000 0.000001 0.000001 0.000002 0.000003 0.000004 0.000007 0.000011 0.000017 0.000025 0.000037 0.000055 0.000079 0.000114 0.000162 0.000227 0.000315 0.000431 0.000583 0.000778 0.001027 0.001339 0.001725 0.002194 0.002757 0.003423 0.004197 0.005083 0.006081 0.007186 0.008387 0.009670 0.011012 0.012386 0.013761 0.015100 0.016366 0.017520 0.018524 0.019345 0.019954 0.020328 0.020454 0.020328 0.019954 0.019345 0.018524 0.017520 0.016366 0.015100 0.013761 0.012386 0.011012 0.009670 0.008387 0.007186 0.006081 0.005083 0.004197 0.003423 0.002757 0.002194 0.001725 0.001339 0.001027 0.000778 0.000583 0.000431 0.000315 0.000227 0.000162 0.000114 0.000079 0.000055 0.000037 0.000025 0.000017 0.000011 0.000007 0.000004 0.000003 0.000002 0.000001 0.000001 0.000000 0.000000 0.000000 0.000000 0.000000 0.000000 0.000000 0.000000 
0.000000 0.000000 0.000000 0.000000 0.000000 0.000000 0.000000 0.000000 0.000001 0.000001 0.000002 0.000003 0.000005 0.000007 0.000011 0.000017 0.000026 0.000040 0.000059 0.000087 0.000127 0.000182 0.000258 0.000362 0.000501 0.000686 0.000927 0.001238 0.001633 0.002128 0.002740 0.003485 0.004378 0.005433 0.006660 0.008065 0.009647 0.011398 0.013302 0.015333 0.017459 0.019635 0.021812 0.023932 0.025936 0.027762 0.029352 0.030652 0.031615 0.032207 0.032407 0.032207 0.031615 0.030652 0.029352 0.027762 0.025936 0.023932 0.021812 0.019635 0.017459 0.015333 0.013302 0.011398 0.009647 0.008065 0.006660 0.005433 0.004378 0.003485 0.002740 0.002128 0.001633 0.001238 0.000927 0.000686 0.000501 0.000362 0.000258 0.000182 0.000127 0.000087 0.000059 0.000040 0.000026 0.000017 0.000011 0.000007 0.000005 0.000003 0.000002 0.000001 0.000001 0.000000 0.000000 0.000000 0.000000 0.000000 0.000000 0.000000 
0.000000 0.000000 0.000000 0.000000 0.000000 0.000000 0.000000 0.000001 0.000001 0.000002 0.000003 0.000004 0.000007 0.000011 0.000018 0.000027 0.000042 0.000063 0.000093 0.000137 0.000199 0.000286 0.000406 0.000569 0.000788 0.001078 0.001457 0.001945 0.002565 0.003342 0.004302 0.005470 0.006870 0.008524 0.010448 0.012649 0.015126 0.017869 0.020850 0.024031 0.027358 0.030765 0.034171 0.037490 0.040626 0.043483 0.045971 0.048003 0.049510 0.050437 0.050750 0.050437 0.049510 0.048003 0.045971 0.043483 0.040626 0.037490 0.034171 0.030765 0.027358 0.024031 0.020850 0.017869 0.015126 0.012649 0.010448 0.008524 0.006870 0.005470 0.004302 0.003342 0.002565 0.001945 0.001457 0.001078 0.000788 0.000569 0.000406 0.000286 0.000199 0.000137 0.000093 0.000063 0.000042 0.000027 0.000018 0.000011 0.000007 0.000004 0.000003 0.000002 0.000001 0.000001 0.000000 0.000000 0.000000 0.000000 0.000000 0.000000 
0.000000 0.000000 0.000000 0.000000 0.000000 0.000000 0.000001 0.000001 0.000002 0.000003 0.000004 0.000007 0.000011 0.000018 0.000028 0.000043 0.000065 0.000098 0.000145 0.000214 0.000311 0.000446 0.000632 0.000885 0.001225 0.001675 0.002263 0.003021 0.003983 0.005188 0.006676 0.008486 0.010656 0.013219 0.016198 0.019606 0.023443 0.027688 0.032302 0.037225 0.042374 0.047644 0.052914 0.058046 0.062897 0.067316 0.071163 0.074306 0.076636 0.078069 0.078553 0.078069 0.076636 0.074306 0.071163 0.067316 0.062897 0.058046 0.052914 0.047644 0.042374 0.037225 0.032302 0.027688 0.023443 0.019606 0.016198 0.013219 0.010656 0.008486 0.006676 0.005188 0.003983 0.003021 0.002263 0.001675 0.001225 0.000885 0.000632 0.000446 0.000311 0.000214 0.000145 0.000098 0.000065 0.000043 0.000028 0.000018 0.000011 0.000007 0.000004 0.000003 0.000002 0.000001 0.000001 0.000000 0.000000 0.000000 0.000000 0.000000 
0.000000 0.000000 0.000000 0.000000 0.000000 0.000001 0.000001 0.000001 0.000002 0.000004 0.000007 0.000011 0.000017 0.000027 0.000043 0.000066 0.000100 0.000151 0.000224 0.000329 0.000478 0.000685 0.000971 0.001360 0.001882 0.002573 0.003475 0.004637 0.006112 0.007959 0.010239 0.013012 0.016335 0.020259 0.024820 0.030037 0.035908 0.042403 0.049462 0.056992 0.064866 0.072925 0.080983 0.088830 0.096244 0.103000 0.108879 0.113684 0.117245 0.119435 0.120174 0.119435 0.117245 0.113684 0.108879 0.103000 0.096244 0.088830 0.080983 0.072925 0.064866 0.056992 0.049462 0.042403 0.035908 0.030037 0.024820 0.020259 0.016335 0.013012 0.010239 0.007959 0.006112 0.004637 0.003475 0.002573 0.001882 0.001360 0.000971 0.000685 0.000478 0.000329 0.000224 0.000151 0.000100 0.000066 0.000043 0.000027 0.000017 0.000011 0.000007 0.000004 0.000002 0.000001 0.000001 0.000001 0.000000 0.000000 0.000000 0.000000 
0.000000 0.000000 0.000000 0.000000 0.000000 0.000001 0.000001 0.000002 0.000004 0.000006 0.000010 0.000017 0.000026 0.000042 0.000065 0.000100 0.000152 0.000229 0.000341 0.000500 0.000726 0.001041 0.001476 0.002066 0.002858 0.003905 0.005273 0.007033 0.009268 0.012066 0.015519 0.019717 0.024748 0.030686 0.037586 0.045479 0.054358 0.064181 0.074854 0.086237 0.098139 0.110320 0.122496 0.134354 0.145556 0.155763 0.164645 0.171903 0.177283 0.180591 0.181707 0.180591 0.177283 0.171903 0.164645 0.155763 0.145556 0.134354 0.122496 0.110320 0.098139 0.086237 0.074854 0.064181 0.054358 0.045479 0.037586 0.030686 0.024748 0.019717 0.015519 0.012066 0.009268 0.007033 0.005273 0.003905 0.002858 0.002066 0.001476 0.001041 0.000726 0.000500 0.000341 0.000229 0.000152 0.000100 0.000065 0.000042 0.000026 0.000017 0.000010 0.000006 0.000004 0.000002 0.000001 0.000001 0.000000 0.000000 0.000000 0.000000 
0.000000 0.000000 0.000000 0.000000 0.000001 0.000001 0.000002 0.000003 0.000006 0.000009 0.000015 0.000025 0.000040 0.000063 0.000098 0.000151 0.000229 0.000345 0.000512 0.000752 0.001091 0.001564 0.002215 0.003101 0.004288 0.005858 0.007906 0.010543 0.013890 0.018078 0.023246 0.029528 0.037054 0.045935 0.056254 0.068053 0.081327 0.096007 0.111956 0.128965 0.146745 0.164940 0.183127 0.200836 0.217565 0.232807 0.246069 0.256905 0.264937 0.269876 0.271543 0.269876 0.264937 0.256905 0.246069 0.232807 0.217565 0.200836 0.183127 0.164940 0.146745 0.128965 0.111956 0.096007 0.081327 0.068053 0.056254 0.045935 0.037054 0.029528 0.023246 0.018078 0.013890 0.010543 0.007906 0.005858 0.004288 0.003101 0.002215 0.001564 0.001091 0.000752 0.000512 0.000345 0.000229 0.000151 0.000098 0.000063 0.000040 0.000025 0.000015 0.000009 0.000006 0.000003 0.000002 0.000001 0.000001 0.000000 0.000000 0.000000 
0.000000 0.000000 0.000000 0.000001 0.000001 0.000002 0.000003 0.000005 0.000009 0.000014 0.000023 0.000037 0.000059 0.000093 0.000145 0.000224 0.000341 0.000512 0.000761 0.001117 0.001620 0.002321 0.003287 0.004598 0.006357 0.008682 0.011715 0.015618 0.020571 0.026768 0.034411 0.043701 0.054828 0.067955 0.083205 0.100639 0.120249 0.141933 0.165489 0.190604 0.216857 0.243719 0.270566 0.296704 0.321396 0.343889 0.363461 0.379452 0.391304 0.398592 0.401051 0.398592 0.391304 0.379452 0.363461 0.343889 0.321396 0.296704 0.270566 0.243719 0.216857 0.190604 0.165489 0.141933 0.120249 0.100639 0.083205 0.067955 0.054828 0.043701 0.034411 0.026768 0.020571 0.015618 0.011715 0.008682 0.006357 0.004598 0.003287 0.002321 0.001620 0.001117 0.000761 0.000512 0.000341 0.000224 0.000145 0.000093 0.000059 0.000037 0.000023 0.000014 0.000009 0.000005 0.000003 0.000002 0.000001 0.000001 0.000001 0.000001 
0.000000 0.000000 0.000001 0.000001 0.000002 0.000003 0.000004 0.000008 0.000013 0.000021 0.000034 0.000055 0.000087 0.000137 0.000214 0.000329 0.000500 0.000752 0.001117 0.001638 0.002376 0.003404 0.004818 0.006739 0.009313 0.012716 0.017155 0.022864 0.030107 0.039167 0.050339 0.063916 0.080173 0.099350 0.121622 0.147081 0.175712 0.207366 0.241748 0.278402 0.316711 0.355903 0.395070 0.433201 0.469217 0.502026 0.530571 0.553893 0.571177 0.581806 0.585393 0.581806 0.571177 0.553893 0.530571 0.502026 0.469217 0.433201 0.395070 0.355903 0.316711 0.278402 0.241748 0.207366 0.175712 0.147081 0.121622 0.099350 0.080173 0.063916 0.050339 0.039167 0.030107 0.022864 0.017155 0.012716 0.009313 0.006739 0.004818 0.003404 0.002376 0.001638 0.001117 0.000752 0.000500 0.000329 0.000214 0.000137 0.000087 0.000055 0.000034 0.000021 0.000013 0.000008 0.000004 0.000003 0.000002 0.000001 0.000001 0.000001 
0.000001 0.000001 0.000001 0.000001 0.000002 0.000004 0.000006 0.000011 0.000018 0.000030 0.000049 0.000079 0.000127 0.000199 0.000311 0.000478 0.000726 0.001091 0.001620 0.002376 0.003444 0.004932 0.006980 0.009760 0.013484 0.018405 0.024823 0.033076 0.043543 0.056633 0.072771 0.092379 0.115854 0.143538 0.175684 0.212425 0.253736 0.299403 0.348998 0.401864 0.457110 0.513624 0.570097 0.625070 0.676991 0.724284 0.765431 0.799045 0.823957 0.839277 0.844446 0.839277 0.823957 0.799045 0.765431 0.724284 0.676991 0.625070 0.570097 0.513624 0.457110 0.401864 0.348998 0.299403 0.253736 0.212425 0.175684 0.143538 0.115854 0.092379 0.072771 0.056633 0.043543 0.033076 0.024823 0.018405 0.013484 0.009760 0.006980 0.004932 0.003444 0.002376 0.001620 0.001091 0.000726 0.000478 0.000311 0.000199 0.000127 0.000079 0.000049 0.000030 0.000018 0.000011 0.000007 0.000004 0.000002 0.000001 0.000001 0.000001 
0.000001 0.000001 0.000001 0.000002 0.000003 0.000005 0.000009 0.000016 0.000026 0.000043 0.000071 0.000114 0.000182 0.000286 0.000446 0.000685 0.001041 0.001564 0.002321 0.003404 0.004932 0.007062 0.009991 0.013966 0.019289 0.026324 0.035493 0.047282 0.062231 0.080921 0.103957 0.131941 0.165438 0.204933 0.250787 0.303186 0.362092 0.427200 0.497900 0.573253 0.651990 0.732524 0.812993 0.891319 0.965290 1.032665 1.091279 1.139162 1.174647 1.196468 1.203831 1.196468 1.174647 1.139162 1.091279 1.032665 0.965290 0.891319 0.812993 0.732524 0.651990 0.573253 0.497900 0.427200 0.362092 0.303186 0.250787 0.204933 0.165438 0.131941 0.103957 0.080921 0.062231 0.047282 0.035493 0.026324 0.019289 0.013966 0.009991 0.007062 0.004932 0.003404 0.002321 0.001564 0.001041 0.000685 0.000446 0.000286 0.000182 0.000114 0.000071 0.000043 0.000026 0.000016 0.000009 0.000006 0.000003 0.000002 0.000002 0.000002 
0.000001 0.000001 0.000002 0.000003 0.000005 0.000008 0.000013 0.000022 0.000037 0.000062 0.000101 0.000162 0.000258 0.000406 0.000632 0.000971 0.001476 0.002215 0.003287 0.004818 0.006980 0.009991 0.014130 0.019747 0.027267 0.037202 0.050148 0.066789 0.087885 0.114255 0.146751 0.186218 0.233451 0.289132 0.353767 0.427616 0.510624 0.602359 0.701958 0.808100 0.918996 1.032413 1.145727 1.256014 1.360163 1.455018 1.537536 1.604943 1.654896 1.685613 1.695978 1.685613 1.654896 1.604943 1.537536 1.455018 1.360163 1.256014 1.145727 1.032413 0.918996 0.808100 0.701958 0.602359 0.510624 0.427616 0.353767 0.289132 0.233451 0.186218 0.146751 0.114255 0.087885 0.066789 0.050148 0.037202 0.027267 0.019747 0.014130 0.009991 0.006980 0.004818 0.003287 0.002215 0.001476 0.000971 0.000632 0.000406 0.000258 0.000162 0.000101 0.000062 0.000037 0.000022 0.000013 0.000008 0.000005 0.000003 0.000002 0.000002 
0.000002 0.000002 0.000002 0.000004 0.000006 0.000011 0.000019 0.000031 0.000052 0.000087 0.000141 0.000227 0.000362 0.000569 0.000885 0.001360 0.002066 0.003101 0.004598 0.006739 0.009760 0.013966 0.019747 0.027589 0.038086 0.051950 0.070011 0.093223 0.122642 0.159408 0.204705 0.259711 0.325526 0.403100 0.493133 0.595986 0.711578 0.839304 0.977963 1.125713 1.280065 1.437910 1.595599 1.749063 1.893976 2.025949 2.140752 2.234529 2.304022 2.346752 2.361171 2.346752 2.304022 2.234529 2.140752 2.025949 1.893976 1.749063 1.595599 1.437910 1.280065 1.125713 0.977963 0.839304 0.711578 0.595986 0.493133 0.403100 0.325526 0.259711 0.204705 0.159408 0.122642 0.093223 0.070011 0.051950 0.038086 0.027589 0.019747 0.013966 0.009760 0.006739 0.004598 0.003101 0.002066 0.001360 0.000885 0.000569 0.000362 0.000227 0.000141 0.000087 0.000053 0.000032 0.000019 0.000011 0.000007 0.000004 0.000003 0.000003 
0.000002 0.000002 0.000003 0.000005 0.000009 0.000015 0.000026 0.000044 0.000073 0.000120 0.000196 0.000315 0.000501 0.000788 0.001225 0.001882 0.002858 0.004288 0.006357 0.009313 0.013484 0.019289 0.027267 0.038086 0.052565 0.071681 0.096580 0.128573 0.169112 0.219765 0.282159 0.357911 0.448535 0.555332 0.679262 0.820816 0.979881 1.155620 1.346380 1.549624 1.761927 1.979014 2.195868 2.406897 2.606153 2.787609 2.945447 3.074373 3.169910 3.228654 3.248477 3.228654 3.169910 3.074373 2.945447 2.787609 2.606153 2.406897 2.195868 1.979014 1.761927 1.549624 1.346380 1.155620 0.979881 0.820816 0.679262 0.555332 0.448535 0.357911 0.282159 0.219765 0.169112 0.128573 0.096580 0.071681 0.052565 0.038086 0.027267 0.019289 0.013484 0.009313 0.006357 0.004288 0.002858 0.001882 0.001225 0.000788 0.000501 0.000315 0.000196 0.000120 0.000073 0.000044 0.000026 0.000015 0.000009 0.000006 0.000004 0.000004 
0.000003 0.000003 0.000005 0.000007 0.000012 0.000021 0.000036 0.000060 0.000100 0.000164 0.000268 0.000431 0.000686 0.001078 0.001675 0.002573 0.003905 0.005858 0.008682 0.012716 0.018405 0.026324 0.037202 0.051950 0.071681 0.097726 0.131645 0.175215 0.230415 0.299371 0.384296 0.487384 0.610689 0.755976 0.924545 1.117058 1.333358 1.572302 1.831637 2.107915 2.396479 2.691518 2.986218 3.272979 3.543728 3.790274 4.004721 4.179882 4.309676 4.389482 4.416412 4.389482 4.309676 4.179882 4.004721 3.790274 3.543728 3.272979 2.986218 2.691518 2.396479 2.107915 1.831637 1.572302 1.333358 1.117058 0.924545 0.755976 0.610689 0.487384 0.384296 0.299371 0.230415 0.175215 0.131645 0.097726 0.071681 0.051950 0.037202 0.026324 0.018405 0.012716 0.008682 0.005858 0.003905 0.002573 0.001675 0.001078 0.000686 0.000431 0.000268 0.000164 0.000100 0.000060 0.000036 0.000021 0.000013 0.000008 0.000006 0.000006 
0.000005 0.000005 0.000006 0.000010 0.000017 0.000028 0.000048 0.000081 0.000135 0.000222 0.000362 0.000583 0.000927 0.001457 0.002263 0.003475 0.005273 0.007906 0.011715 0.017155 0.024823 0.035493 0.050148 0.070011 0.096580 0.131645 0.177298 0.235931 0.310198 0.402957 0.517175 0.655798 0.821580 1.016884 1.243454 1.502171 1.792816 2.113850 2.462241 2.833355 3.220934 3.617178 4.012934 4.398003 4.761547 5.092577 5.380497 5.615661 5.789913 5.897053 5.933206 5.897053 5.789913 5.615661 5.380497 5.092577 4.761547 4.398003 4.012934 3.617178 3.220934 2.833355 2.462241 2.113850 1.792816 1.502171 1.243454 1.016884 0.821580 0.655798 0.517175 0.402957 0.310198 0.235931 0.177298 0.131645 0.096580 0.070011 0.050148 0.035493 0.024823 0.017155 0.011715 0.007906 0.005273 0.003475 0.002263 0.001457 0.000927 0.000583 0.000362 0.000222 0.000135 0.000081 0.000048 0.000029 0.000017 0.000011 0.000008 0.000008 
0.000006 0.000006 0.000008 0.000013 0.000022 0.000038 0.000064 0.000108 0.000181 0.000297 0.000484 0.000778 0.001238 0.001945 0.003021 0.004637 0.007033 0.010543 0.015618 0.022864 0.033076 0.047282 0.066789 0.093223 0.128573 0.175215 0.235931 0.313893 0.412624 0.535916 0.687705 0.871895 1.092138 1.351563 1.652475 1.996037 2.381950 2.808164 3.270648 3.763247 4.277654 4.803517 5.328693 5.839654 6.322024 6.761231 7.143224 7.455214 7.686386 7.828522 7.876484 7.828522 7.686386 7.455214 7.143224 6.761231 6.322024 5.839654 5.328693 4.803517 4.277654 3.763247 3.270648 2.808164 2.381950 1.996037 1.652475 1.351563 1.092138 0.871895 0.687705 0.535916 0.412624 0.313893 0.235931 0.175215 0.128573 0.093223 0.066789 0.047282 0.033076 0.022864 0.015618 0.010543 0.007033 0.004637 0.003021 0.001945 0.001238 0.000778 0.000484 0.000297 0.000181 0.000109 0.000065 0.000038 0.000023 0.000015 0.000011 0.000011 
0.000008 0.000008 0.000011 0.000017 0.000029 0.000050 0.000085 0.000143 0.000239 0.000393 0.000639 0.001027 0.001633 0.002565 0.003983 0.006112 0.009268 0.013890 0.020571 0.030107 0.043543 0.062231 0.087885 0.122642 0.169112 0.230415 0.310198 0.412624 0.542313 0.704235 0.903551 1.145374 1.434488 1.774987 2.169886 2.620700 3.127024 3.686160 4.292816 4.938913 5.613555 6.303167 6.991828 7.661806 8.294260 8.870094 9.370895 9.779909 10.082965 10.269295 10.332169 10.269295 10.082965 9.779909 9.370895 8.870094 8.294260 7.661806 6.991828 6.303167 5.613555 4.938913 4.292816 3.686160 3.127024 2.620700 2.169886 1.774987 1.434488 1.145374 0.903551 0.704235 0.542313 0.412624 0.310198 0.230415 0.169112 0.122642 0.087885 0.062231 0.043543 0.030107 0.020571 0.013890 0.009268 0.006112 0.003983 0.002565 0.001633 0.001027 0.000639 0.000393 0.000239 0.000143 0.000085 0.000051 0.000031 0.000019 0.000015 0.000015 
0.000011 0.000011 0.000014 0.000023 0.000038 0.000065 0.000111 0.000187 0.000311 0.000512 0.000833 0.001339 0.002128 0.003342 0.005188 0.007959 0.012066 0.018078 0.026768 0.039167 0.056633 0.080921 0.114255 0.159408 0.219765 0.299371 0.402957 0.535916 0.704235 0.914356 1.172958 1.486665 1.861664 2.303255 2.815330 3.399839 4.056246 4.781044 5.567362 6.404725 7.279011 8.172627 9.064951 9.933014 10.752415 11.498425 12.147203 12.677056 13.069638 13.311009 13.392455 13.311009 13.069638 12.677056 12.147203 11.498425 10.752415 9.933014 9.064951 8.172627 7.279011 6.404725 5.567362 4.781044 4.056246 3.399839 2.815330 2.303255 1.861664 1.486665 1.172958 0.914356 0.704235 0.535916 0.402957 0.299371 0.219765 0.159408 0.114255 0.080921 0.056633 0.039167 0.026768 0.018078 0.012066 0.007959 0.005188 0.003342 0.002128 0.001339 0.000833 0.000512 0.000311 0.000187 0.000112 0.000066 0.000040 0.000025 0.000019 0.000019 
0.000014 0.000014 0.000019 0.000029 0.000050 0.000084 0.000143 0.000241 0.000401 0.000660 0.001073 0.001725 0.002740 0.004302 0.006676 0.010239 0.015519 0.023246 0.034411 0.050339 0.072771 0.103957 0.146751 0.204705 0.282159 0.384296 0.517175 0.687705 0.903551 1.172958 1.504475 1.906577 2.387176 2.953044 3.609153 4.357982 5.198831 6.127194 7.134259 8.206607 9.326148 10.470360 11.612843 12.724198 13.773200 14.728205 15.558708 16.236954 16.739475 17.048434 17.152685 17.048434 16.739475 16.236954 15.558708 14.728205 13.773200 12.724198 11.612843 10.470360 9.326148 8.206607 7.134259 6.127194 5.198831 4.357982 3.609153 2.953044 2.387176 1.906577 1.504475 1.172958 0.903551 0.687705 0.517175 0.384296 0.282159 0.204705 0.146751 0.103957 0.072771 0.050339 0.034411 0.023246 0.015519 0.010239 0.006676 0.004302 0.002740 0.001725 0.001073 0.000660 0.000401 0.000241 0.000144 0.000085 0.000051 0.000033 0.000025 0.000025 
0.000018 0.000018 0.000024 0.000038 0.000063 0.000108 0.000183 0.000307 0.000511 0.000840 0.001365 0.002194 0.003485 0.005470 0.008486 0.013012 0.019717 0.029528 0.043701 0.063916 0.092379 0.131941 0.186218 0.259711 0.357911 0.487384 0.655798 0.871895 1.145374 1.486665 1.906577 2.415824 3.024406 3.740874 4.571502 5.519410 6.583690 7.758624 9.033051 10.389979 11.806517 13.254170 14.699546 16.105463 17.432437 18.640455 19.690950 20.548834 21.184436 21.575212 21.707068 21.575212 21.184436 20.548834 19.690950 18.640455 17.432437 16.105463 14.699546 13.254170 11.806517 10.389979 9.033051 7.758624 6.583690 5.519410 4.571502 3.740874 3.024406 2.415824 1.906577 1.486665 1.145374 0.871895 0.655798 0.487384 0.357911 0.259711 0.186218 0.131941 0.092379 0.063916 0.043701 0.029528 0.019717 0.013012 0.008486 0.005470 0.003485 0.002194 0.001365 0.000840 0.000511 0.000307 0.000183 0.000109 0.000066 0.000042 0.000032 0.000032 
0.000022 0.000022 0.000030 0.000047 0.000079 0.000135 0.000230 0.000386 0.000642 0.001056 0.001716 0.002757 0.004378 0.006870 0.010656 0.016335 0.024748 0.037054 0.054828 0.080173 0.115854 0.165438 0.233451 0.325526 0.448535 0.610689 0.821580 1.092138 1.434488 1.861664 2.387176 3.024406 3.785840 4.682152 5.721164 6.906754 8.237766 9.707028 11.300571 12.997140 14.768112 16.577865 18.384664 20.142046 21.800674 23.310554 24.623507 25.695698 26.490063 26.978442 27.143231 26.978442 26.490063 25.695698 24.623507 23.310554 21.800674 20.142046 18.384664 16.577865 14.768112 12.997140 11.300571 9.707028 8.237766 6.906754 5.721164 4.682152 3.785840 3.024406 2.387176 1.861664 1.434488 1.092138 0.821580 0.610689 0.448535 0.325526 0.233451 0.165438 0.115854 0.080173 0.054828 0.037054 0.024748 0.016335 0.010656 0.006870 0.004378 0.002757 0.001716 0.001056 0.000643 0.000387 0.000231 0.000137 0.000083 0.000053 0.000040 0.000040 
0.000028 0.000028 0.000037 0.000059 0.000099 0.000168 0.000286 0.000480 0.000798 0.001311 0.002131 0.003423 0.005433 0.008524 0.013219 0.020259 0.030686 0.045935 0.067955 0.099350 0.143538 0.204933 0.289132 0.403100 0.555332 0.755976 1.016884 1.351563 1.774987 2.303255 2.953044 3.740874 4.682152 5.790041 7.074180 8.539331 10.184043 11.999431 13.968219 16.064137 18.251822 20.487275 22.718954 24.889488 26.937961 28.802656 30.424096 31.748171 32.729136 33.332228 33.535723 33.332228 32.729136 31.748171 30.424096 28.802656 26.937961 24.889488 22.718954 20.487275 18.251822 16.064137 13.968219 11.999431 10.184043 8.539331 7.074180 5.790041 4.682152 3.740874 2.953044 2.303255 1.774987 1.351563 1.016884 0.755976 0.555332 0.403100 0.289132 0.204933 0.143538 0.099350 0.067955 0.045935 0.030686 0.020259 0.013219 0.008524 0.005433 0.003423 0.002131 0.001312 0.000798 0.000481 0.000287 0.000170 0.000103 0.000066 0.000049 0.000049 
0.000034 0.000034 0.000046 0.000072 0.000121 0.000207 0.000351 0.000589 0.000979 0.001609 0.002614 0.004197 0.006660 0.010448 0.016198 0.024820 0.037586 0.056254 0.083205 0.121622 0.175684 0.250787 0.353767 0.493133 0.679262 0.924545 1.243454 1.652475 2.169886 2.815330 3.609153 4.571502 5.721164 7.074180 8.642286 10.431266 12.439316 14.655566 17.058904 19.617254 22.287446 25.015781 27.739367 30.388205 32.887982 35.163412 37.141948 38.757592 39.954549 40.690424 40.938721 40.690424 39.954549 38.757592 37.141948 35.163412 32.887982 30.388205 27.739367 25.015781 22.287446 19.617254 17.058904 14.655566 12.439316 10.431266 8.642286 7.074180 5.721164 4.571502 3.609153 2.815330 2.169886 1.652475 1.243454 0.924545 0.679262 0.493133 0.353767 0.250787 0.175684 0.121622 0.083205 0.056254 0.037586 0.024820 0.016198 0.010448 0.006660 0.004197 0.002614 0.001609 0.000979 0.000590 0.000352 0.000209 0.000126 0.000081 0.000061 0.000061 
0.000041 0.000041 0.000055 0.000088 0.000147 0.000251 0.000425 0.000714 0.001187 0.001949 0.003166 0.005083 0.008065 0.012649 0.019606 0.030037 0.045479 0.068053 0.100639 0.147081 0.212425 0.303186 0.427616 0.595986 0.820816 1.117058 1.502171 1.996037 2.620700 3.399839 4.357982 5.519410 6.906754 8.539331 10.431266 12.589497 15.011814 17.685079 20.583804 23.669289 26.889465 30.179579 33.463802 36.657752 39.671847 42.415348 44.800814 46.748710 48.191792 49.078973 49.378321 49.078973 48.191792 46.748710 44.800814 42.415348 39.671847 36.657752 33.463802 30.179579 26.889465 23.669289 20.583804 17.685079 15.011814 12.589497 10.431266 8.539331 6.906754 5.519410 4.357982 3.399839 2.620700 1.996037 1.502171 1.117058 0.820816 0.595986 0.427616 0.303186 0.212425 0.147081 0.100639 0.068053 0.045479 0.030037 0.019606 0.012649 0.008065 0.005083 0.003166 0.001950 0.001187 0.000715 0.000427 0.000254 0.000153 0.000098 0.000074 0.000074 
0.000050 0.000050 0.000066 0.000105 0.000177 0.000300 0.000509 0.000855 0.001420 0.002333 0.003789 0.006081 0.009647 0.015126 0.023443 0.035908 0.054358 0.081327 0.120249 0.175712 0.253736 0.362092 0.510624 0.711578 0.979881 1.333358 1.792816 2.381950 3.127024 4.056246 5.198831 6.583690 8.237766 10.184043 12.439316 15.011814 17.898868 21.084784 24.539167 28.215883 32.052880 35.973010 39.885941 43.691159 47.281972 50.550314 53.392055 55.712481 57.431524 58.488349 58.844935 58.488349 57.431524 55.712481 53.392055 50.550314 47.281972 43.691159 39.885941 35.973010 32.052880 28.215883 24.539167 21.084784 17.898868 15.011814 12.439316 10.184043 8.237766 6.583690 5.198831 4.056246 3.127024 2.381950 1.792816 1.333358 0.979881 0.711578 0.510624 0.362092 0.253736 0.175712 0.120249 0.081327 0.054358 0.035908 0.023443 0.015126 0.009647 0.006081 0.003789 0.002333 0.001421 0.000856 0.000511 0.000304 0.000183 0.000117 0.000089 0.000089 
0.000059 0.000059 0.000079 0.000124 0.000209 0.000355 0.000602 0.001011 0.001679 0.002758 0.004478 0.007186 0.011398 0.017869 0.027688 0.042403 0.064181 0.096007 0.141933 0.207366 0.299403 0.427200 0.602359 0.839304 1.155620 1.572302 2.113850 2.808164 3.686160 4.781044 6.127194 7.758624 9.707028 11.999431 14.655566 17.685079 21.084784 24.836170 28.903419 33.232197 37.749443 42.364340 46.970562 51.449815 55.676542 59.523579 62.868401 65.599566 67.622867 68.866730 69.286424 68.866730 67.622867 65.599566 62.868401 59.523579 55.676542 51.449815 46.970562 42.364340 37.749443 33.232197 28.903419 24.836170 21.084784 17.685079 14.655566 11.999431 9.707028 7.758624 6.127194 4.781044 3.686160 2.808164 2.113850 1.572302 1.155620 0.839304 0.602359 0.427200 0.299403 0.207366 0.141933 0.096007 0.064181 0.042403 0.027688 0.017869 0.011398 0.007186 0.004478 0.002759 0.001680 0.001012 0.000605 0.000360 0.000217 0.000139 0.000105 0.000105 
0.000069 0.000069 0.000092 0.000145 0.000244 0.000415 0.000703 0.001181 0.001961 0.003221 0.005228 0.008387 0.013302 0.020850 0.032302 0.049462 0.074854 0.111956 0.165489 0.241748 0.348998 0.497900 0.701958 0.977963 1.346380 1.831637 2.462241 3.270648 4.292816 5.567362 7.134259 9.033051 11.300571 13.968219 17.058904 20.583804 24.539167 28.903419 33.634862 38.670276 43.924667 49.292404 54.649837 59.859408 64.775129 69.249146 73.139011 76.315167 78.668095 80.114591 80.602652 80.114591 78.668095 76.315167 73.139011 69.249146 64.775129 59.859408 54.649837 49.292404 43.924667 38.670276 33.634862 28.903419 24.539167 20.583804 17.058904 13.968219 11.300571 9.033051 7.134259 5.567362 4.292816 3.270648 2.462241 1.831637 1.346380 0.977963 0.701958 0.497900 0.348998 0.241748 0.165489 0.111956 0.074854 0.049462 0.032302 0.020850 0.013302 0.008388 0.005228 0.003221 0.001962 0.001183 0.000706 0.000420 0.000254 0.000163 0.000123 0.000123 
0.000079 0.000079 0.000106 0.000168 0.000282 0.000479 0.000812 0.001362 0.002262 0.003714 0.006028 0.009670 0.015333 0.024031 0.037225 0.056992 0.086237 0.128965 0.190604 0.278402 0.401864 0.573253 0.808100 1.125713 1.549624 2.107915 2.833355 3.763247 4.938913 6.404725 8.206607 10.389979 12.997140 16.064137 19.617254 23.669289 28.215883 33.232197 38.670276 44.457438 50.495997 56.664567 62.821068 68.807458 74.456017 79.596898 84.066466 87.715901 90.419406 92.081410 92.642183 92.081410 90.419406 87.715901 84.066466 79.596898 74.456017 68.807458 62.821068 56.664567 50.495997 44.457438 38.670276 33.232197 28.215883 23.669289 19.617254 16.064137 12.997140 10.389979 8.206607 6.404725 4.938913 3.763247 2.833355 2.107915 1.549624 1.125713 0.808100 0.573253 0.401864 0.278402 0.190604 0.128965 0.086237 0.056992 0.037225 0.024031 0.015333 0.009670 0.006028 0.003715 0.002263 0.001364 0.000815 0.000485 0.000293 0.000188 0.000142 0.000142 
0.000090 0.000090 0.000121 0.000191 0.000321 0.000546 0.000925 0.001553 0.002577 0.004231 0.006865 0.011012 0.017459 0.027358 0.042374 0.064866 0.098139 0.146745 0.216857 0.316711 0.457110 0.651990 0.918996 1.280065 1.761927 2.396479 3.220934 4.277654 5.613555 7.279011 9.326148 11.806517 14.768112 18.251822 22.287446 26.889465 32.052880 37.749443 43.924667 50.495997 57.352509 64.356379 71.346311 78.142900 84.555769 90.392133 95.466272 99.609281 102.678391 104.565140 105.201742 104.565140 102.678391 99.609281 95.466272 90.392133 84.555769 78.142900 71.346311 64.356379 57.352509 50.495997 43.924667 37.749443 32.052880 26.889465 22.287446 18.251822 14.768112 11.806517 9.326148 7.279011 5.613555 4.277654 3.220934 2.396479 1.761927 1.280065 0.918996 0.651990 0.457110 0.316711 0.216857 0.146745 0.098139 0.064866 0.042374 0.027359 0.017459 0.011012 0.006866 0.004231 0.002579 0.001555 0.000929 0.000553 0.000334 0.000214 0.000161 0.000161 
0.000102 0.000102 0.000136 0.000216 0.000362 0.000615 0.001041 0.001747 0.002900 0.004760 0.007723 0.012386 0.019635 0.030765 0.047644 0.072925 0.110320 0.164940 0.243719 0.355903 0.513624 0.732524 1.032413 1.437910 1.979014 2.691518 3.617178 4.803517 6.303167 8.172627 10.470360 13.254170 16.577865 20.487275 25.015781 30.179579 35.973010 42.364340 49.292404 56.664567 64.356379 72.213236 80.054219 87.678111 94.871405 101.417903 107.109337 111.756301 115.198703 117.314919 118.028943 117.314919 115.198703 111.756301 107.109337 101.417903 94.871405 87.678111 80.054219 72.213236 64.356379 56.664567 49.292404 42.364340 35.973010 30.179579 25.015781 20.487275 16.577865 13.254170 10.470360 8.172627 6.303167 4.803517 3.617178 2.691518 1.979014 1.437910 1.032413 0.732524 0.513624 0.355903 0.243719 0.164940 0.110320 0.072925 0.047644 0.030765 0.019635 0.012386 0.007724 0.004761 0.002902 0.001749 0.001045 0.000623 0.000376 0.000241 0.000182 0.000182 
0.000113 0.000113 0.000152 0.000240 0.000402 0.000684 0.001158 0.001942 0.003223 0.005290 0.008581 0.013761 0.021812 0.034171 0.052914 0.080983 0.122496 0.183127 0.270566 0.395070 0.570097 0.812993 1.145727 1.595599 2.195868 2.986218 4.012934 5.328693 6.991828 9.064951 11.612843 14.699546 18.384664 22.718954 27.739367 33.463802 39.885941 46.970562 54.649837 62.821068 71.346311 80.054219 88.744295 97.193568 105.165457 112.420409 118.727666 123.877379 127.692174 130.037306 130.828564 130.037306 127.692174 123.877379 118.727666 112.420409 105.165457 97.193568 88.744295 80.054219 71.346311 62.821068 54.649837 46.970562 39.885941 33.463802 27.739367 22.718954 18.384664 14.699546 11.612843 9.064951 6.991828 5.328693 4.012934 2.986218 2.195868 1.595599 1.145727 0.812993 0.570097 0.395070 0.270566 0.183127 0.122496 0.080983 0.052914 0.034172 0.021812 0.013761 0.008582 0.005290 0.003225 0.001945 0.001162 0.000692 0.000418 0.000268 0.000202 0.000202 
