0.000000 0.000000 0.000000 0.000000 0.000000 0.000000 0.000000 0.000000 0.000000 0.000000 0.000000 0.000000 0.000001 0.000001 0.000001 0.000002 0.000002 0.000004 0.000005 0.000007 0.000010 0.000013 0.000018 0.000024 0.000031 0.000041 0.000053 0.000068 0.000086 0.000109 0.000135 0.000166 0.000202 0.000243 0.000290 0.000342 0.000399 0.000461 0.000526 0.000595 0.000665 0.000736 0.000806 0.000872 0.000935 0.000991 0.001040 0.001080 0.001109 0.001127 0.001133 0.001127 0.001109 0.001080 0.001040 0.000991 0.000935 0.000872 0.000806 0.000736 0.000665 0.000595 0.000526 0.000461 0.000399 0.000342 0.000290 0.000243 0.000202 0.000166 0.000135 0.000109 0.000086 0.000068 0.000053 0.000041 0.000031 0.000024 0.000018 0.000013 0.000010 0.000007 0.000005 0.000004 0.000002 0.000002 0.000001 0.000001 0.000001 0.000000 0.000000 0.000000 0.000000 0.000000 0.000000 0.000000 0.000000 0.000000 0.000000 0.000000 
0.000000 0.000000 0.000000 0.000000 0.000000 0.000000 0.000000 0.000000 0.000000 0.000000 0.000000 0.000000 0.000001 0.000001 0.000001 0.000002 0.000002 0.000004 0.000005 0.000007 0.000010 0.000013 0.000018 0.000024 0.000031 0.000041 0.000053 0.000068 0.000086 0.000109 0.000135 0.000166 0.000202 0.000243 0.000290 0.000342 0.000399 0.000461 0.000526 0.000595 0.000665 0.000736 0.000806 0.000872 0.000935 0.000991 0.001040 0.001080 0.001109 0.001127 0.001133 0.001127 0.001109 0.001080 0.001040 0.000991 0.000935 0.000872 0.000806 0.000736 0.000665 0.000595 0.000526 0.000461 0.000399 0.000342 0.000290 0.000243 0.000202 0.000166 0.000135 0.000109 0.000086 0.000068 0.000053 0.000041 0.000031 0.000024 0.000018 0.000013 0.000010 0.000007 0.000005 0.000004 0.000002 0.000002 0.000001 0.000001 0.000001 0.000000 0.000000 0.000000 0.000000 0.000000 0.000000 0.000000 0.000000 0.000000 0.000000 0.000000 
0.000000 0.000000 0.000000 0.000000 0.000000 0.000000 0.000000 0.000000 0.000000 0.000000 0.000000 0.000000 0.000001 0.000001 0.000001 0.000002 0.000003 0.000004 0.000006 0.000009 0.000012 0.000016 0.000022 0.000029 0.000039 0.000051 0.000066 0.000085 0.000108 0.000136 0.000169 0.000208 0.000253 0.000304 0.000362 0.000427 0.000499 0.000576 0.000657 0.000743 0.000831 0.000919 0.001006 0.001090 0.001168 0.001238 0.001299 0.001348 0.001384 0.001407 0.001414 0.001407 0.001384 0.001348 0.001299 0.001238 0.001168 0.001090 0.001006 0.000919 0.000831 0.000743 0.000657 0.000576 0.000499 0.000427 0.000362 0.000304 0.000253 0.000208 0.000169 0.000136 0.000108 0.000085 0.000066 0.000051 0.000039 0.000029 0.000022 0.000016 0.000012 0.000009 0.000006 0.000004 0.000003 0.000002 0.000001 0.000001 0.000001 0.000000 0.000000 0.000000 0.000000 0.000000 0.000000 0.000000 0.000000 0.000000 0.000000 0.000000 
0.000000 0.000000 0.000000 0.000000 0.000000 0.000000 0.000000 0.000000 0.000000 0.000000 0.000000 0.000001 0.000001 0.000001 0.000002 0.000003 0.000004 0.000006 0.000009 0.000013 0.000017 0.000024 0.000032 0.000043 0.000056 0.000074 0.000096 0.000123 0.000156 0.000196 0.000243 0.000299 0.000364 0.000439 0.000522 0.000616 0.000718 0.000829 0.000947 0.001070 0.001196 0.001323 0.001448 0.001569 0.001681 0.001782 0.001869 0.001940 0.001993 0.002025 0.002035 0.002025 0.001993 0.001940 0.001869 0.001782 0.001681 0.001569 0.001448 0.001323 0.001196 0.001070 0.000947 0.000829 0.000718 0.000616 0.000522 0.000439 0.000364 0.000299 0.000243 0.000196 0.000156 0.000123 0.000096 0.000074 0.000056 0.000043 0.000032 0.000024 0.000017 0.000013 0.000009 0.000006 0.000004 0.000003 0.000002 0.000001 0.000001 0.000001 0.000000 0.000000 0.000000 0.000000 0.000000 0.000000 0.000000 0.000000 0.000000 0.000000 
0.000000 0.000000 0.000000 0.000000 0.000000 0.000000 0.000000 0.000000 0.000000 0.000000 0.000001 0.000001 0.000002 0.000002 0.000003 0.000005 0.000007 0.000010 0.000014 0.000019 0.000027 0.000036 0.000049 0.000066 0.000087 0.000114 0.000147 0.000189 0.000240 0.000301 0.000374 0.000460 0.000560 0.000674 0.000802 0.000946 0.001103 0.001273 0.001453 0.001642 0.001836 0.002030 0.002222 0.002406 0.002578 0.002733 0.002867 0.002976 0.003056 0.003105 0.003121 0.003105 0.003056 0.002976 0.002867 0.002733 0.002578 0.002406 0.002222 0.002030 0.001836 0.001642 0.001453 0.001273 0.001103 0.000946 0.000802 0.000674 0.000560 0.000460 0.000374 0.000301 0.000240 0.000189 0.000147 0.000114 0.000087 0.000066 0.000049 0.000036 0.000027 0.000019 0.000014 0.000010 0.000007 0.000005 0.000003 0.000002 0.000002 0.000001 0.000001 0.000000 0.000000 0.000000 0.000000 0.000000 0.000000 0.000000 0.000000 0.000000 
0.000000 0.000000 0.000000 0.000000 0.000000 0.000000 0.000000 0.000000 0.000000 0.000001 0.000001 0.000002 0.000002 0.000004 0.000005 0.000008 0.000011 0.000015 0.000022 0.000030 0.000042 0.000057 0.000077 0.000103 0.000136 0.000179 0.000231 0.000297 0.000376 0.000472 0.000587 0.000721 0.000877 0.001056 0.001257 0.001482 0.001728 0.001993 0.002276 0.002571 0.002874 0.003178 0.003478 0.003766 0.004035 0.004277 0.004486 0.004656 0.004781 0.004858 0.004884 0.004858 0.004781 0.004656 0.004486 0.004277 0.004035 0.003766 0.003478 0.003178 0.002874 0.002571 0.002276 0.001993 0.001728 0.001482 0.001257 0.001056 0.000877 0.000721 0.000587 0.000472 0.000376 0.000297 0.000231 0.000179 0.000136 0.000103 0.000077 0.000057 0.000042 0.000030 0.000022 0.000015 0.000011 0.000008 0.000005 0.000004 0.000002 0.000002 0.000001 0.000001 0.000000 0.000000 0.000000 0.000000 0.000000 0.000000 0.000000 0.000000 
0.000000 0.000000 0.000000 0.000000 0.000000 0.000000 0.000000 0.000000 0.000001 0.000001 0.000002 0.000003 0.000004 0.000006 0.000008 0.000012 0.000017 0.000024 0.000034 0.000048 0.000066 0.000090 0.000121 0.000162 0.000215 0.000281 0.000364 0.000466 0.000591 0.000742 0.000921 0.001132 0.001377 0.001657 0.001973 0.002324 0.002710 0.003126 0.003569 0.004031 0.004505 0.004982 0.005451 0.005902 0.006323 0.006703 0.007030 0.007296 0.007492 0.007612 0.007652 0.007612 0.007492 0.007296 0.007030 0.006703 0.006323 0.005902 0.005451 0.004982 0.004505 0.004031 0.003569 0.003126 0.002710 0.002324 0.001973 0.001657 0.001377 0.001132 0.000921 0.000742 0.000591 0.000466 0.000364 0.000281 0.000215 0.000162 0.000121 0.000090 0.000066 0.000048 0.000034 0.000024 0.000017 0.000012 0.000008 0.000006 0.000004 0.000003 0.000002 0.000001 0.000001 0.000000 0.000000 0.000000 0.000000 0.000000 0.000000 0.000000 
0.000000 0.000000 0.000000 0.000000 0.000000 0.000000 0.000000 0.000001 0.000001 0.000002 0.000003 0.000004 0.000006 0.000009 0.000013 0.000019 0.000027 0.000038 0.000054 0.000075 0.000103 0.000141 0.000190 0.000254 0.000335 0.000439 0.000568 0.000728 0.000923 0.001158 0.001438 0.001767 0.002149 0.002585 0.003077 0.003625 0.004226 0.004875 0.005564 0.006284 0.007022 0.007765 0.008496 0.009198 0.009853 0.010444 0.010953 0.011367 0.011672 0.011859 0.011922 0.011859 0.011672 0.011367 0.010953 0.010444 0.009853 0.009198 0.008496 0.007765 0.007022 0.006284 0.005564 0.004875 0.004226 0.003625 0.003077 0.002585 0.002149 0.001767 0.001438 0.001158 0.000923 0.000728 0.000568 0.000439 0.000335 0.000254 0.000190 0.000141 0.000103 0.000075 0.000054 0.000038 0.000027 0.000019 0.000013 0.000009 0.000006 0.000004 0.000003 0.000002 0.000001 0.000001 0.000000 0.000000 0.000000 0.000000 0.000000 0.000000 
0.000000 0.000000 0.000000 0.000000 0.000000 0.000000 0.000001 0.000001 0.000002 0.000003 0.000004 0.000006 0.000009 0.000014 0.000020 0.000029 0.000042 0.000059 0.000083 0.000116 0.000160 0.000218 0.000294 0.000393 0.000520 0.000680 0.000880 0.001128 0.001429 0.001793 0.002226 0.002735 0.003324 0.003999 0.004760 0.005607 0.006535 0.007537 0.008601 0.009713 0.010853 0.012000 0.013129 0.014212 0.015224 0.016136 0.016923 0.017561 0.018032 0.018320 0.018418 0.018320 0.018032 0.017561 0.016923 0.016136 0.015224 0.014212 0.013129 0.012000 0.010853 0.009713 0.008601 0.007537 0.006535 0.005607 0.004760 0.003999 0.003324 0.002735 0.002226 0.001793 0.001429 0.001128 0.000880 0.000680 0.000520 0.000393 0.000294 0.000218 0.000160 0.000116 0.000083 0.000059 0.000042 0.000029 0.000020 0.000014 0.000009 0.000006 0.000004 0.000003 0.000002 0.000001 0.000001 0.000000 0.000000 0.000000 0.000000 0.000000 
0.000000 0.000000 0.000000 0.000000 0.000000 0.000001 0.000001 0.000002 0.000003 0.000004 0.000006 0.000009 0.000014 0.000021 0.000031 0.000045 0.000064 0.000091 0.000128 0.000178 0.000246 0.000335 0.000452 0.000604 0.000798 0.001044 0.001351 0.001730 0.002192 0.002750 0.003413 0.004192 0.005095 0.006128 0.007293 0.008589 0.010009 0.011543 0.013171 0.014872 0.016617 0.018371 0.020097 0.021755 0.023302 0.024696 0.025899 0.026875 0.027595 0.028036 0.028185 0.028036 0.027595 0.026875 0.025899 0.024696 0.023302 0.021755 0.020097 0.018371 0.016617 0.014872 0.013171 0.011543 0.010009 0.008589 0.007293 0.006128 0.005095 0.004192 0.003413 0.002750 0.002192 0.001730 0.001351 0.001044 0.000798 0.000604 0.000452 0.000335 0.000246 0.000178 0.000128 0.000091 0.000064 0.000045 0.000031 0.000021 0.000014 0.000009 0.000006 0.000004 0.000003 0.000002 0.000001 0.000001 0.000000 0.000000 0.000000 0.000000 
0.000000 0.000000 0.000000 0.000000 0.000001 0.000001 0.000002 0.000003 0.000004 0.000006 0.000010 0.000014 0.000022 0.000032 0.000047 0.000068 0.000098 0.000139 0.000195 0.000272 0.000374 0.000510 0.000688 0.000918 0.001213 0.001586 0.002052 0.002627 0.003329 0.004175 0.005181 0.006362 0.007732 0.009298 0.011064 0.013028 0.015181 0.017504 0.019972 0.022549 0.025191 0.027848 0.030463 0.032973 0.035316 0.037428 0.039249 0.040728 0.041817 0.042485 0.042710 0.042485 0.041817 0.040728 0.039249 0.037428 0.035316 0.032973 0.030463 0.027848 0.025191 0.022549 0.019972 0.017504 0.015181 0.013028 0.011064 0.009298 0.007732 0.006362 0.005181 0.004175 0.003329 0.002627 0.002052 0.001586 0.001213 0.000918 0.000688 0.000510 0.000374 0.000272 0.000195 0.000139 0.000098 0.000068 0.000047 0.000032 0.000022 0.000014 0.000010 0.000006 0.000004 0.000003 0.000002 0.000001 0.000001 0.000000 0.000000 0.000000 
0.000000 0.000000 0.000000 0.000001 0.000001 0.000002 0.000003 0.000004 0.000006 0.000009 0.000014 0.000022 0.000033 0.000048 0.000071 0.000103 0.000147 0.000209 0.000294 0.000409 0.000563 0.000768 0.001035 0.001382 0.001825 0.002386 0.003086 0.003951 0.005006 0.006276 0.007787 0.009561 0.011616 0.013967 0.016618 0.019566 0.022796 0.026281 0.029983 0.033848 0.037811 0.041796 0.045717 0.049481 0.052993 0.056160 0.058891 0.061107 0.062740 0.063742 0.064079 0.063742 0.062740 0.061107 0.058891 0.056160 0.052993 0.049481 0.045717 0.041796 0.037811 0.033848 0.029983 0.026281 0.022796 0.019566 0.016618 0.013967 0.011616 0.009561 0.007787 0.006276 0.005006 0.003951 0.003086 0.002386 0.001825 0.001382 0.001035 0.000768 0.000563 0.000409 0.000294 0.000209 0.000147 0.000103 0.000071 0.000048 0.000033 0.000022 0.000014 0.000009 0.000006 0.000004 0.000003 0.000002 0.000001 0.000001 0.000001 0.000001 
0.000001 0.000001 0.000001 0.000001 0.000002 0.000002 0.000004 0.000006 0.000009 0.000014 0.000022 0.000033 0.000049 0.000072 0.000106 0.000153 0.000220 0.000312 0.000439 0.000610 0.000840 0.001144 0.001543 0.002059 0.002719 0.003553 0.004595 0.005882 0.007451 0.009340 0.011586 0.014223 0.017278 0.020771 0.024710 0.029090 0.033888 0.039065 0.044562 0.050302 0.056187 0.062103 0.067924 0.073511 0.078725 0.083425 0.087479 0.090768 0.093192 0.094678 0.095179 0.094678 0.093192 0.090768 0.087479 0.083425 0.078725 0.073511 0.067924 0.062103 0.056187 0.050302 0.044562 0.039065 0.033888 0.029090 0.024710 0.020771 0.017278 0.014223 0.011586 0.009340 0.007451 0.005882 0.004595 0.003553 0.002719 0.002059 0.001543 0.001144 0.000840 0.000610 0.000439 0.000312 0.000220 0.000153 0.000106 0.000072 0.000049 0.000033 0.000022 0.000014 0.000009 0.000006 0.000004 0.000002 0.000002 0.000001 0.000001 0.000001 
0.000001 0.000001 0.000001 0.000001 0.000002 0.000004 0.000006 0.000009 0.000014 0.000021 0.000032 0.000048 0.000072 0.000107 0.000156 0.000227 0.000325 0.000461 0.000648 0.000901 0.001240 0.001689 0.002276 0.003037 0.004009 0.005238 0.006774 0.008668 0.010978 0.013758 0.017065 0.020945 0.025441 0.030580 0.036374 0.042815 0.049871 0.057484 0.065566 0.074004 0.082654 0.091351 0.099905 0.108117 0.115779 0.122686 0.128642 0.133475 0.137037 0.139221 0.139956 0.139221 0.137037 0.133475 0.128642 0.122686 0.115779 0.108117 0.099905 0.091351 0.082654 0.074004 0.065566 0.057484 0.049871 0.042815 0.036374 0.030580 0.025441 0.020945 0.017065 0.013758 0.010978 0.008668 0.006774 0.005238 0.004009 0.003037 0.002276 0.001689 0.001240 0.000901 0.000648 0.000461 0.000325 0.000227 0.000156 0.000107 0.000072 0.000048 0.000032 0.000021 0.000014 0.000009 0.000006 0.000004 0.000002 0.000002 0.000001 0.000001 
0.000001 0.000001 0.000001 0.000002 0.000003 0.000005 0.000008 0.000013 0.000020 0.000031 0.000047 0.000071 0.000106 0.000156 0.000229 0.000332 0.000475 0.000675 0.000947 0.001317 0.001812 0.002467 0.003324 0.004433 0.005852 0.007645 0.009883 0.012645 0.016011 0.020064 0.024881 0.030534 0.037082 0.044567 0.053004 0.062382 0.072654 0.083736 0.095500 0.107780 0.120368 0.133022 0.145469 0.157417 0.168564 0.178611 0.187276 0.194306 0.199488 0.202663 0.203733 0.202663 0.199488 0.194306 0.187276 0.178611 0.168564 0.157417 0.145469 0.133022 0.120368 0.107780 0.095500 0.083736 0.072654 0.062382 0.053004 0.044567 0.037082 0.030534 0.024881 0.020064 0.016011 0.012645 0.009883 0.007645 0.005852 0.004433 0.003324 0.002467 0.001812 0.001317 0.000947 0.000675 0.000475 0.000332 0.000229 0.000156 0.000106 0.000071 0.000047 0.000031 0.000020 0.000013 0.000008 0.000005 0.000003 0.000002 0.000002 0.000002 
0.000002 0.000002 0.000002 0.000003 0.000005 0.000008 0.000012 0.000019 0.000029 0.000045 0.000068 0.000103 0.000153 0.000227 0.000332 0.000480 0.000688 0.000976 0.001371 0.001905 0.002620 0.003566 0.004805 0.006407 0.008455 0.011043 0.014274 0.018260 0.023117 0.028963 0.035911 0.044064 0.053506 0.064296 0.076459 0.089976 0.104780 0.120748 0.137699 0.155391 0.173526 0.191753 0.209682 0.226890 0.242944 0.257414 0.269892 0.280015 0.287478 0.292050 0.293591 0.292050 0.287478 0.280015 0.269892 0.257414 0.242944 0.226890 0.209682 0.191753 0.173526 0.155391 0.137699 0.120748 0.104780 0.089976 0.076459 0.064296 0.053506 0.044064 0.035911 0.028963 0.023117 0.018260 0.014274 0.011043 0.008455 0.006407 0.004805 0.003566 0.002620 0.001905 0.001371 0.000976 0.000688 0.000480 0.000332 0.000227 0.000153 0.000103 0.000068 0.000045 0.000029 0.000019 0.000012 0.000008 0.000005 0.000004 0.000003 0.000003 
0.000002 0.000002 0.000003 0.000004 0.000007 0.000011 0.000017 0.000027 0.000042 0.000064 0.000098 0.000147 0.000220 0.000325 0.000475 0.000688 0.000986 0.001398 0.001963 0.002727 0.003750 0.005104 0.006875 0.009165 0.012093 0.015791 0.020408 0.026102 0.033039 0.041387 0.051307 0.062946 0.076423 0.091822 0.109178 0.128465 0.149585 0.172364 0.196541 0.221774 0.247636 0.273629 0.299193 0.323729 0.346618 0.367247 0.385036 0.399467 0.410105 0.416624 0.418820 0.416624 0.410105 0.399467 0.385036 0.367247 0.346618 0.323729 0.299193 0.273629 0.247636 0.221774 0.196541 0.172364 0.149585 0.128465 0.109178 0.091822 0.076423 0.062946 0.051307 0.041387 0.033039 0.026102 0.020408 0.015791 0.012093 0.009165 0.006875 0.005104 0.003750 0.002727 0.001963 0.001398 0.000986 0.000688 0.000475 0.000325 0.000220 0.000147 0.000098 0.000064 0.000042 0.000027 0.000017 0.000011 0.000007 0.000005 0.000004 0.000004 
0.000004 0.000004 0.000004 0.000006 0.000010 0.000015 0.000024 0.000038 0.000059 0.000091 0.000139 0.000209 0.000312 0.000461 0.000675 0.000976 0.001398 0.001983 0.002782 0.003865 0.005313 0.007230 0.009737 0.012978 0.017120 0.022351 0.028881 0.036932 0.046740 0.058540 0.072561 0.089008 0.108051 0.129807 0.154324 0.181564 0.211391 0.243557 0.277696 0.313321 0.349831 0.386523 0.422608 0.457239 0.489544 0.518658 0.543764 0.564129 0.579141 0.588340 0.591439 0.588340 0.579141 0.564129 0.543764 0.518658 0.489544 0.457239 0.422608 0.386523 0.349831 0.313321 0.277696 0.243557 0.211391 0.181564 0.154324 0.129807 0.108051 0.089008 0.072561 0.058540 0.046740 0.036932 0.028881 0.022351 0.017120 0.012978 0.009737 0.007230 0.005313 0.003865 0.002782 0.001983 0.001398 0.000976 0.000675 0.000461 0.000312 0.000209 0.000139 0.000091 0.000059 0.000038 0.000025 0.000016 0.000010 0.000007 0.000006 0.000006 
0.000005 0.000005 0.000006 0.000009 0.000014 0.000022 0.000034 0.000054 0.000083 0.000128 0.000195 0.000294 0.000439 0.000648 0.000947 0.001371 0.001963 0.002782 0.003904 0.005421 0.007452 0.010137 0.013649 0.018189 0.023990 0.031315 0.040456 0.051725 0.065451 0.081963 0.101579 0.124586 0.151221 0.181646 0.215927 0.254013 0.295712 0.340675 0.388391 0.438181 0.489204 0.540477 0.590898 0.639286 0.684421 0.725095 0.760169 0.788618 0.809590 0.822441 0.826769 0.822441 0.809590 0.788618 0.760169 0.725095 0.684421 0.639286 0.590898 0.540477 0.489204 0.438181 0.388391 0.340675 0.295712 0.254013 0.215927 0.181646 0.151221 0.124586 0.101579 0.081963 0.065451 0.051725 0.040456 0.031315 0.023990 0.018189 0.013649 0.010137 0.007452 0.005421 0.003904 0.002782 0.001963 0.001371 0.000947 0.000648 0.000439 0.000294 0.000195 0.000128 0.000083 0.000054 0.000035 0.000022 0.000015 0.000010 0.000008 0.000008 
0.000007 0.000007 0.000009 0.000013 0.000019 0.000030 0.000048 0.000075 0.000116 0.000178 0.000272 0.000409 0.000610 0.000901 0.001317 0.001905 0.002727 0.003865 0.005421 0.007527 0.010344 0.014069 0.018939 0.025234 0.033275 0.043428 0.056094 0.071708 0.090722 0.113592 0.140758 0.172615 0.209490 0.251608 0.299059 0.351770 0.409475 0.471691 0.537711 0.606594 0.677178 0.748102 0.817845 0.884770 0.947193 1.003446 1.051950 1.091293 1.120295 1.138065 1.144050 1.138065 1.120295 1.091293 1.051950 1.003446 0.947193 0.884770 0.817845 0.748102 0.677178 0.606594 0.537711 0.471691 0.409475 0.351770 0.299059 0.251608 0.209490 0.172615 0.140758 0.113592 0.090722 0.071708 0.056094 0.043428 0.033275 0.025234 0.018939 0.014069 0.010344 0.007527 0.005421 0.003865 0.002727 0.001905 0.001317 0.000901 0.000610 0.000409 0.000272 0.000179 0.000116 0.000075 0.000048 0.000031 0.000020 0.000014 0.000011 0.000011 
0.000010 0.000010 0.000012 0.000017 0.000027 0.000042 0.000066 0.000103 0.000160 0.000246 0.000374 0.000563 0.000840 0.001240 0.001812 0.002620 0.003750 0.005313 0.007452 0.010344 0.014211 0.019325 0.026011 0.034649 0.045683 0.059611 0.076985 0.098398 0.124470 0.155825 0.193064 0.236729 0.287264 0.344978 0.409992 0.482205 0.561251 0.646470 0.736890 0.831224 0.927880 1.024995 1.120486 1.212116 1.297577 1.374587 1.440987 1.494845 1.534545 1.558870 1.567064 1.558870 1.534545 1.494845 1.440987 1.374587 1.297577 1.212116 1.120486 1.024995 0.927880 0.831224 0.736890 0.646470 0.561251 0.482205 0.409992 0.344978 0.287264 0.236729 0.193064 0.155825 0.124470 0.098398 0.076985 0.059611 0.045683 0.034649 0.026011 0.019325 0.014211 0.010344 0.007452 0.005313 0.003750 0.002620 0.001812 0.001240 0.000840 0.000563 0.000374 0.000246 0.000160 0.000103 0.000066 0.000043 0.000028 0.000020 0.000016 0.000016 
0.000013 0.000013 0.000016 0.000024 0.000036 0.000057 0.000090 0.000141 0.000218 0.000335 0.000510 0.000768 0.001144 0.001689 0.002467 0.003566 0.005104 0.007230 0.010137 0.014069 0.019325 0.026275 0.035357 0.047092 0.062077 0.080990 0.104578 0.133645 0.169032 0.211584 0.262112 0.321352 0.389905 0.468187 0.556361 0.654288 0.761470 0.877012 0.999596 1.127475 1.258493 1.390125 1.519548 1.643731 1.759548 1.863908 1.953888 2.026869 2.080664 2.113625 2.124727 2.113625 2.080664 2.026869 1.953888 1.863908 1.759548 1.643731 1.519548 1.390125 1.258493 1.127475 0.999596 0.877012 0.761470 0.654288 0.556361 0.468187 0.389905 0.321352 0.262112 0.211584 0.169032 0.133645 0.104578 0.080990 0.062077 0.047092 0.035357 0.026275 0.019325 0.014069 0.010137 0.007230 0.005104 0.003566 0.002467 0.001689 0.001145 0.000768 0.000510 0.000335 0.000218 0.000141 0.000091 0.000058 0.000038 0.000027 0.000022 0.000022 
0.000018 0.000018 0.000022 0.000032 0.000049 0.000077 0.000121 0.000190 0.000294 0.000452 0.000688 0.001035 0.001543 0.002276 0.003324 0.004805 0.006875 0.009737 0.013649 0.018939 0.026011 0.035357 0.047571 0.063348 0.083492 0.108912 0.140610 0.179667 0.227207 0.284364 0.352228 0.431781 0.523831 0.628931 0.747301 0.878750 1.022608 1.177673 1.342175 1.513770 1.689565 1.866173 2.039806 2.206402 2.361767 2.501758 2.622455 2.720348 2.792504 2.836715 2.851607 2.836715 2.792504 2.720348 2.622455 2.501758 2.361767 2.206402 2.039806 1.866173 1.689565 1.513770 1.342175 1.177673 1.022608 0.878750 0.747301 0.628931 0.523831 0.431781 0.352228 0.284364 0.227207 0.179667 0.140610 0.108912 0.083492 0.063348 0.047571 0.035357 0.026011 0.018939 0.013649 0.009737 0.006875 0.004805 0.003324 0.002276 0.001543 0.001035 0.000688 0.000452 0.000295 0.000190 0.000122 0.000079 0.000052 0.000036 0.000029 0.000029 
0.000024 0.000024 0.000029 0.000043 0.000066 0.000103 0.000162 0.000254 0.000393 0.000604 0.000918 0.001382 0.002059 0.003037 0.004433 0.006407 0.009165 0.012978 0.018189 0.025234 0.034649 0.047092 0.063348 0.084343 0.111146 0.144962 0.187125 0.239067 0.302284 0.378278 0.468496 0.574241 0.696583 0.836254 0.993543 1.168195 1.359317 1.565310 1.783822 2.011740 2.245220 2.479765 2.710348 2.931573 3.137878 3.323759 3.484018 3.613994 3.709797 3.768495 3.788267 3.768495 3.709797 3.613994 3.484018 3.323759 3.137878 2.931573 2.710348 2.479765 2.245220 2.011740 1.783822 1.565310 1.359317 1.168195 0.993543 0.836254 0.696583 0.574241 0.468496 0.378278 0.302284 0.239067 0.187125 0.144962 0.111146 0.084343 0.063348 0.047092 0.034649 0.025234 0.018189 0.012978 0.009165 0.006407 0.004433 0.003037 0.002059 0.001382 0.000918 0.000604 0.000394 0.000254 0.000163 0.000105 0.000069 0.000048 0.000039 0.000039 
0.000031 0.000031 0.000039 0.000056 0.000087 0.000136 0.000215 0.000335 0.000520 0.000798 0.001213 0.001825 0.002719 0.004009 0.005852 0.008455 0.012093 0.017120 0.023990 0.033275 0.045683 0.062077 0.083492 0.111146 0.146442 0.190970 0.246479 0.314853 0.398057 0.498066 0.616778 0.755905 0.916851 1.100574 1.307451 1.537143 1.788474 2.059338 2.346642 2.646291 2.953233 3.261558 3.564658 3.855442 4.126604 4.370914 4.581540 4.752363 4.878271 4.955413 4.981398 4.955413 4.878271 4.752363 4.581540 4.370914 4.126604 3.855442 3.564658 3.261558 2.953233 2.646291 2.346642 2.059338 1.788474 1.537143 1.307451 1.100574 0.916851 0.755905 0.616778 0.498066 0.398057 0.314853 0.246479 0.190970 0.146442 0.111146 0.083492 0.062077 0.045683 0.033275 0.023990 0.017120 0.012093 0.008455 0.005852 0.004009 0.002719 0.001825 0.001213 0.000798 0.000520 0.000336 0.000216 0.000139 0.000091 0.000064 0.000052 0.000052 
0.000041 0.000041 0.000051 0.000074 0.000114 0.000179 0.000281 0.000439 0.000680 0.001044 0.001586 0.002386 0.003553 0.005238 0.007645 0.011043 0.015791 0.022351 0.031315 0.043428 0.059611 0.080990 0.108912 0.144962 0.190970 0.249000 0.321332 0.410416 0.518808 0.649076 0.803687 0.984867 1.194438 1.433642 1.702968 2.001968 2.329109 2.681647 3.055554 3.445501 3.844913 4.246103 4.640473 5.018802 5.371587 5.689426 5.963436 6.185660 6.349451 6.449803 6.483605 6.449803 6.349451 6.185660 5.963436 5.689426 5.371587 5.018802 4.640473 4.246103 3.844913 3.445501 3.055554 2.681647 2.329109 2.001968 1.702968 1.433642 1.194438 0.984867 0.803687 0.649076 0.518808 0.410416 0.321332 0.249000 0.190970 0.144962 0.108912 0.080990 0.059611 0.043428 0.031315 0.022351 0.015791 0.011043 0.007645 0.005238 0.003553 0.002386 0.001586 0.001044 0.000681 0.000440 0.000283 0.000182 0.000120 0.000084 0.000068 0.000068 
0.000053 0.000053 0.000066 0.000096 0.000147 0.000231 0.000364 0.000568 0.000880 0.001351 0.002052 0.003086 0.004595 0.006774 0.009883 0.014274 0.020408 0.028881 0.040456 0.056094 0.076985 0.104578 0.140610 0.187125 0.246479 0.321332 0.414621 0.529501 0.669261 0.837208 1.036517 1.270050 1.540150 1.848412 2.195459 2.580711 3.002186 3.456348 3.938004 4.440290 4.954737 5.471444 5.979344 6.466565 6.920870 7.330161 7.683002 7.969152 8.180056 8.309272 8.352797 8.309272 8.180056 7.969152 7.683002 7.330161 6.920870 6.466565 5.979344 5.471444 4.954737 4.440290 3.938004 3.456348 3.002186 2.580711 2.195459 1.848412 1.540150 1.270050 1.036517 0.837208 0.669261 0.529501 0.414621 0.321332 0.246479 0.187125 0.140610 0.104578 0.076985 0.056094 0.040456 0.028881 0.020408 0.014274 0.009883 0.006774 0.004596 0.003086 0.002052 0.001351 0.000881 0.000570 0.000366 0.000236 0.000155 0.000109 0.000088 0.000088 
0.000068 0.000068 0.000085 0.000123 0.000189 0.000297 0.000466 0.000728 0.001128 0.001730 0.002627 0.003951 0.005882 0.008668 0.012645 0.018260 0.026102 0.036932 0.051725 0.071708 0.098398 0.133645 0.179667 0.239067 0.314853 0.410416 0.529501 0.676127 0.854488 1.068797 1.323098 1.621035 1.965587 2.358786 2.801416 3.292731 3.830201 4.409311 5.023438 5.663827 6.319684 6.978388 7.625833 8.246891 8.825972 9.347658 9.797381 10.162093 10.430897 10.595585 10.651058 10.595585 10.430897 10.162093 9.797381 9.347658 8.825972 8.246891 7.625833 6.978388 6.319684 5.663827 5.023438 4.409311 3.830201 3.292731 2.801416 2.358786 1.965587 1.621035 1.323098 1.068797 0.854488 0.676127 0.529501 0.410416 0.314853 0.239067 0.179667 0.133645 0.098398 0.071708 0.051725 0.036932 0.026102 0.018260 0.012645 0.008668 0.005882 0.003951 0.002628 0.001730 0.001129 0.000730 0.000470 0.000303 0.000199 0.000139 0.000112 0.000112 
0.000086 0.000086 0.000108 0.000156 0.000240 0.000376 0.000591 0.000923 0.001429 0.002192 0.003329 0.005006 0.007451 0.010978 0.016011 0.023117 0.033039 0.046740 0.065451 0.090722 0.124470 0.169032 0.227207 0.302284 0.398057 0.518808 0.669261 0.854488 1.079779 1.350447 1.671590 2.047800 2.482832 2.979239 3.538006 4.158182 4.836568 5.567458 6.342493 7.150623 7.978227 8.809381 9.626292 10.409879 11.140476 11.798642 12.366004 12.826109 13.165215 13.372973 13.442953 13.372973 13.165215 12.826109 12.366004 11.798642 11.140476 10.409879 9.626292 8.809381 7.978227 7.150623 6.342493 5.567458 4.836568 4.158182 3.538006 2.979239 2.482832 2.047800 1.671590 1.350447 1.079779 0.854488 0.669261 0.518808 0.398057 0.302284 0.227207 0.169032 0.124470 0.090722 0.065451 0.046740 0.033039 0.023117 0.016011 0.010978 0.007451 0.005006 0.003330 0.002193 0.001431 0.000926 0.000596 0.000384 0.000253 0.000177 0.000143 0.000143 
0.000109 0.000109 0.000136 0.000196 0.000301 0.000472 0.000742 0.001158 0.001793 0.002750 0.004175 0.006276 0.009340 0.013758 0.020064 0.028963 0.041387 0.058540 0.081963 0.113592 0.155825 0.211584 0.284364 0.378278 0.498066 0.649076 0.837208 1.068797 1.350447 1.688789 2.090186 2.560367 3.104013 3.724306 4.422462 5.197288 6.044778 6.957800 7.925906 8.935294 9.968951 11.006992 12.027202 13.005755 13.918105 14.739980 15.448448 16.022972 16.446402 16.705819 16.793199 16.705819 16.446402 16.022972 15.448448 14.739980 13.918105 13.005755 12.027202 11.006992 9.968951 8.935294 7.925906 6.957800 6.044778 5.197288 4.422462 3.724306 3.104013 2.560367 2.090186 1.688789 1.350447 1.068797 0.837208 0.649076 0.498066 0.378278 0.284364 0.211584 0.155825 0.113592 0.081963 0.058540 0.041387 0.028963 0.020064 0.013759 0.009340 0.006276 0.004176 0.002751 0.001795 0.001162 0.000747 0.000482 0.000317 0.000222 0.000179 0.000179 
0.000135 0.000135 0.000169 0.000243 0.000374 0.000587 0.000921 0.001438 0.002226 0.003413 0.005181 0.007787 0.011586 0.017065 0.024881 0.035911 0.051307 0.072561 0.101579 0.140758 0.193064 0.262112 0.352228 0.468496 0.616778 0.803687 1.036517 1.323098 1.671590 2.090186 2.586747 3.168345 3.840760 4.607912 5.471296 6.429425 7.477336 8.606204 9.803108 11.050981 12.328793 13.611966 14.873044 16.082587 17.210263 18.226084 19.101715 19.811786 20.335107 20.655721 20.763713 20.655721 20.335107 19.811786 19.101715 18.226084 17.210263 16.082587 14.873044 13.611966 12.328793 11.050981 9.803108 8.606204 7.477336 6.429425 5.471296 4.607912 3.840760 3.168345 2.586747 2.090186 1.671590 1.323098 1.036517 0.803687 0.616778 0.468496 0.352228 0.262112 0.193064 0.140758 0.101579 0.072561 0.051307 0.035911 0.024881 0.017065 0.011586 0.007787 0.005182 0.003414 0.002228 0.001442 0.000928 0.000599 0.000394 0.000276 0.000223 0.000223 
0.000166 0.000166 0.000208 0.000299 0.000460 0.000721 0.001132 0.001767 0.002735 0.004192 0.006362 0.009561 0.014223 0.020945 0.030534 0.044064 0.062946 0.089008 0.124586 0.172615 0.236729 0.321352 0.431781 0.574241 0.755905 0.984867 1.270050 1.621035 2.047800 2.560367 3.168345 3.880381 4.703531 5.642584 6.699354 7.872008 9.154463 10.535911 12.000535 13.527449 15.090921 16.660885 18.203756 19.683523 21.063092 22.305787 23.376960 24.245585 24.885752 25.277948 25.410051 25.277948 24.885752 24.245585 23.376960 22.305787 21.063092 19.683523 18.203756 16.660885 15.090921 13.527449 12.000535 10.535911 9.154463 7.872008 6.699354 5.642584 4.703531 3.880381 3.168345 2.560367 2.047800 1.621035 1.270050 0.984867 0.755905 0.574241 0.431781 0.321352 0.236729 0.172615 0.124586 0.089008 0.062946 0.044064 0.030534 0.020945 0.014223 0.009561 0.006363 0.004193 0.002738 0.001772 0.001141 0.000736 0.000484 0.000340 0.000274 0.000274 
0.000202 0.000202 0.000253 0.000364 0.000560 0.000877 0.001377 0.002149 0.003324 0.005095 0.007732 0.011616 0.017278 0.025441 0.037082 0.053506 0.076423 0.108051 0.151221 0.209490 0.287264 0.389905 0.523831 0.696583 0.916851 1.194438 1.540150 1.965587 2.482832 3.104013 3.840760 4.703531 5.700862 6.838537 8.118737 9.539230 11.092633 12.765847 14.539709 16.388921 18.282322 20.183506 22.051811 23.843644 25.514098 27.018782 28.315755 29.367467 30.142557 30.617410 30.777353 30.617410 30.142557 29.367467 28.315755 27.018782 25.514098 23.843644 22.051811 20.183506 18.282322 16.388921 14.539709 12.765847 11.092633 9.539230 8.118737 6.838537 5.700862 4.703531 3.840760 3.104013 2.482832 1.965587 1.540150 1.194438 0.916851 0.696583 0.523831 0.389905 0.287264 0.209490 0.151221 0.108051 0.076423 0.053506 0.037083 0.025441 0.017278 0.011617 0.007733 0.005097 0.003328 0.002155 0.001387 0.000895 0.000589 0.000413 0.000333 0.000333 
0.000243 0.000243 0.000304 0.000439 0.000674 0.001056 0.001657 0.002585 0.003999 0.006128 0.009298 0.013967 0.020771 0.030580 0.044567 0.064296 0.091822 0.129807 0.181646 0.251608 0.344978 0.468187 0.628931 0.836254 1.100574 1.433642 1.848412 2.358786 2.979239 3.724306 4.607912 5.642584 6.838537 8.202686 9.737633 11.440683 13.302971 15.308785 17.435145 19.651724 21.921174 24.199863 26.439066 28.586549 30.588506 32.391753 33.946045 35.206396 36.135238 36.704281 36.895950 36.704281 36.135238 35.206396 33.946045 32.391753 30.588506 28.586549 26.439066 24.199863 21.921174 19.651724 17.435145 15.308785 13.302971 11.440683 9.737633 8.202686 6.838537 5.642584 4.607912 3.724306 2.979239 2.358786 1.848412 1.433642 1.100574 0.836254 0.628931 0.468187 0.344978 0.251608 0.181646 0.129807 0.091822 0.064296 0.044567 0.030580 0.020772 0.013968 0.009299 0.006130 0.004003 0.002592 0.001669 0.001077 0.000709 0.000498 0.000402 0.000402 
0.000290 0.000290 0.000362 0.000522 0.000802 0.001257 0.001973 0.003077 0.004760 0.007293 0.011064 0.016618 0.024710 0.036374 0.053004 0.076459 0.109178 0.154324 0.215927 0.299059 0.409992 0.556361 0.747301 0.993543 1.307451 1.702968 2.195459 2.801416 3.538006 4.422462 5.471296 6.699354 8.118737 9.737633 11.559108 13.579946 15.789615 18.169459 20.692205 23.321875 26.014158 28.717302 31.373517 33.920855 36.295510 38.434414 40.277989 41.772892 42.874580 43.549511 43.776844 43.549511 42.874580 41.772892 40.277989 38.434414 36.295510 33.920855 31.373517 28.717302 26.014158 23.321875 20.692205 18.169459 15.789615 13.579946 11.559108 9.737633 8.118737 6.699354 5.471296 4.422462 3.538006 2.801416 2.195459 1.702968 1.307451 0.993543 0.747301 0.556361 0.409992 0.299059 0.215927 0.154324 0.109178 0.076459 0.053004 0.036374 0.024711 0.016619 0.011066 0.007296 0.004765 0.003086 0.001988 0.001283 0.000845 0.000593 0.000478 0.000478 
0.000342 0.000342 0.000427 0.000616 0.000946 0.001482 0.002324 0.003625 0.005607 0.008589 0.013028 0.019566 0.029090 0.042815 0.062382 0.089976 0.128465 0.181564 0.254013 0.351770 0.482205 0.654288 0.878750 1.168195 1.537143 2.001968 2.580711 3.292731 4.158182 5.197288 6.429425 7.872008 9.539230 11.440683 13.579946 15.953223 18.548129 21.342743 24.305033 27.392746 30.553858 33.727614 36.846172 39.836819 42.624664 45.135684 47.299958 49.054883 50.348184 51.140497 51.407367 51.140497 50.348184 49.054883 47.299958 45.135684 42.624664 39.836819 36.846172 33.727614 30.553858 27.392746 24.305033 21.342743 18.548129 15.953223 13.579946 11.440683 9.539230 7.872008 6.429425 5.197288 4.158182 3.292731 2.580711 2.001968 1.537143 1.168195 0.878750 0.654288 0.482205 0.351770 0.254013 0.181564 0.128465 0.089976 0.062382 0.042815 0.029090 0.019567 0.013030 0.008592 0.005613 0.003636 0.002342 0.001512 0.000996 0.000699 0.000564 0.000564 
0.000399 0.000399 0.000499 0.000718 0.001103 0.001728 0.002710 0.004226 0.006535 0.010009 0.015181 0.022796 0.033888 0.049871 0.072654 0.104780 0.149585 0.211391 0.295712 0.409475 0.561251 0.761470 1.022608 1.359317 1.788474 2.329109 3.002186 3.830201 4.836568 6.044778 7.477336 9.154463 11.092633 13.302971 15.789615 18.548129 21.564101 24.812040 28.254709 31.843000 35.516460 39.204492 42.828277 46.303338 49.542674 52.460297 54.974985 57.014021 58.516684 59.437253 59.747321 59.437253 58.516684 57.014021 54.974985 52.460297 49.542674 46.303338 42.828277 39.204492 35.516460 31.843000 28.254709 24.812040 21.564101 18.548129 15.789615 13.302971 11.092633 9.154463 7.477336 6.044778 4.836568 3.830201 3.002186 2.329109 1.788474 1.359317 1.022608 0.761470 0.561251 0.409475 0.295712 0.211391 0.149585 0.104780 0.072655 0.049871 0.033888 0.022797 0.015183 0.010013 0.006542 0.004238 0.002731 0.001763 0.001162 0.000816 0.000658 0.000658 
0.000461 0.000461 0.000576 0.000829 0.001273 0.001993 0.003126 0.004875 0.007537 0.011543 0.017504 0.026281 0.039065 0.057484 0.083736 0.120748 0.172364 0.243557 0.340675 0.471691 0.646470 0.877012 1.177673 1.565310 2.059338 2.681647 3.456348 4.409311 5.567458 6.957800 8.606204 10.535911 12.765847 15.308785 18.169459 21.342743 24.812040 28.548013 32.507819 36.634974 40.859946 45.101551 49.269152 53.265613 56.990903 60.346156 63.237992 65.582811 67.310803 68.369408 68.725968 68.369408 67.310803 65.582811 63.237992 60.346156 56.990903 53.265613 49.269152 45.101551 40.859946 36.634974 32.507819 28.548013 24.812040 21.342743 18.169459 15.308785 12.765847 10.535911 8.606204 6.957800 5.567458 4.409311 3.456348 2.681647 2.059338 1.565310 1.177673 0.877012 0.646470 0.471691 0.340675 0.243557 0.172364 0.120748 0.083736 0.057484 0.039066 0.026283 0.017507 0.011547 0.007545 0.004889 0.003150 0.002034 0.001340 0.000941 0.000760 0.000760 
0.000526 0.000526 0.000657 0.000947 0.001453 0.002276 0.003569 0.005564 0.008601 0.013171 0.019972 0.029983 0.044562 0.065566 0.095500 0.137699 0.196541 0.277696 0.388391 0.537711 0.736890 0.999596 1.342175 1.783822 2.346642 3.055554 3.938004 5.023438 6.342493 7.925906 9.803108 12.000535 14.539709 17.435145 20.692205 24.305033 28.254709 32.507819 37.015583 41.713696 46.523010 51.351122 56.094877 60.643732 64.883850 68.702731 71.994112 74.662869 76.629568 77.834403 78.240215 77.834403 76.629568 74.662869 71.994112 68.702731 64.883850 60.643732 56.094877 51.351122 46.523010 41.713696 37.015583 32.507819 28.254709 24.305033 20.692205 17.435145 14.539709 12.000535 9.803108 7.925906 6.342493 5.023438 3.938004 3.055554 2.346642 1.783822 1.342175 0.999596 0.736890 0.537711 0.388391 0.277696 0.196541 0.137699 0.095500 0.065567 0.044563 0.029985 0.019975 0.013176 0.008610 0.005580 0.003596 0.002322 0.001531 0.001075 0.000868 0.000868 
0.000595 0.000595 0.000743 0.001070 0.001642 0.002571 0.004031 0.006284 0.009713 0.014872 0.022549 0.033848 0.050302 0.074004 0.107780 0.155391 0.221774 0.313321 0.438181 0.606594 0.831224 1.127475 1.513770 2.011740 2.646291 3.445501 4.440290 5.663827 7.150623 8.935294 11.050981 13.527449 16.388921 19.651724 23.321875 27.392746 31.843000 36.634974 41.713696 47.006712 52.424858 57.864041 63.208067 68.332425 73.108899 77.410784 81.118406 84.124633 86.340008 87.697179 88.154301 87.697179 86.340008 84.124633 81.118406 77.410784 73.108899 68.332425 63.208067 57.864041 52.424858 47.006712 41.713696 36.634974 31.843000 27.392746 23.321875 19.651724 16.388921 13.527449 11.050981 8.935294 7.150623 5.663827 4.440290 3.445501 2.646291 2.011740 1.513770 1.127475 0.831224 0.606594 0.438181 0.313321 0.221774 0.155391 0.107780 0.074005 0.050303 0.033850 0.022552 0.014878 0.009723 0.006302 0.004062 0.002623 0.001729 0.001215 0.000980 0.000980 
0.000665 0.000665 0.000831 0.001196 0.001836 0.002874 0.004505 0.007022 0.010853 0.016617 0.025191 0.037811 0.056187 0.082654 0.120368 0.173526 0.247636 0.349831 0.489204 0.677178 0.927880 1.258493 1.689565 2.245220 2.953233 3.844913 4.954737 6.319684 7.978227 9.968951 12.328793 15.090921 18.282322 21.921174 26.014158 30.553858 35.516460 40.859946 46.523010 52.424858 58.466072 64.530600 70.488904 76.202183 81.527510 86.323646 90.457195 93.808740 96.278574 97.791623 98.301246 97.791623 96.278574 93.808740 90.457195 86.323646 81.527510 76.202183 70.488904 64.530600 58.466072 52.424858 46.523010 40.859946 35.516460 30.553858 26.014158 21.921174 18.282322 15.090921 12.328793 9.968951 7.978227 6.319684 4.954737 3.844913 2.953233 2.245220 1.689565 1.258493 0.927880 0.677178 0.489204 0.349831 0.247637 0.173526 0.120369 0.082655 0.056188 0.037814 0.025195 0.016623 0.010865 0.007042 0.004539 0.002932 0.001933 0.001358 0.001096 0.001096 
0.000736 0.000736 0.000919 0.001323 0.002030 0.003178 0.004982 0.007765 0.012000 0.018371 0.027848 0.041796 0.062103 0.091351 0.133022 0.191753 0.273629 0.386523 0.540477 0.748102 1.024995 1.390125 1.866173 2.479765 3.261558 4.246103 5.471444 6.978388 8.809381 11.006992 13.611966 16.660885 20.183506 24.199863 28.717302 33.727614 39.204492 45.101551 51.351122 57.864041 64.530600 71.222744 77.797546 84.101861 89.978005 95.270153 99.831141 103.529230 106.254423 107.923900 108.486210 107.923900 106.254423 103.529230 99.831141 95.270153 89.978005 84.101861 77.797546 71.222744 64.530600 57.864041 51.351122 45.101551 39.204492 33.727614 28.717302 24.199863 20.183506 16.660885 13.611966 11.006992 8.809381 6.978388 5.471444 4.246103 3.261558 2.479765 1.866173 1.390125 1.024995 0.748102 0.540477 0.386523 0.273629 0.191753 0.133022 0.091351 0.062104 0.041799 0.027853 0.018378 0.012013 0.007787 0.005020 0.003243 0.002138 0.001502 0.001213 0.001213 
0.000806 0.000806 0.001006 0.001448 0.002222 0.003478 0.005451 0.008496 0.013129 0.020097 0.030463 0.045717 0.067924 0.099905 0.145469 0.209682 0.299193 0.422608 0.590898 0.817845 1.120486 1.519548 2.039806 2.710348 3.564658 4.640473 5.979344 7.625833 9.626292 12.027202 14.873044 18.203756 22.051811 26.439066 31.373517 36.846172 42.828277 49.269152 56.094877 63.208067 70.488904 77.797546 84.977911 91.862773 98.279948 104.059292 109.040118 113.078584 116.054589 117.877711 118.491769 117.877711 116.054589 113.078584 109.040118 104.059292 98.279948 91.862773 84.977911 77.797546 70.488904 63.208067 56.094877 49.269152 42.828277 36.846172 31.373517 26.439066 22.051811 18.203756 14.873044 12.027202 9.626292 7.625833 5.979344 4.640473 3.564658 2.710348 2.039806 1.519548 1.120486 0.817845 0.590898 0.422608 0.299193 0.209682 0.145469 0.099906 0.067925 0.045720 0.030468 0.020105 0.013143 0.008520 0.005493 0.003548 0.002340 0.001644 0.001328 0.001328 
