0.000000 0.000000 0.000000 0.000000 0.000000 0.000000 0.000000 0.000000 0.000001 0.000001 0.000001 0.000002 0.000003 0.000004 0.000006 0.000009 0.000012 0.000016 0.000022 0.000030 0.000041 0.000054 0.000071 0.000092 0.000119 0.000152 0.000193 0.000242 0.000300 0.000369 0.000450 0.000543 0.000649 0.000768 0.000901 0.001046 0.001204 0.001371 0.001547 0.001729 0.001913 0.002097 0.002277 0.002448 0.002607 0.002749 0.002871 0.002970 0.003042 0.003087 0.003102 0.003087 0.003042 0.002970 0.002871 0.002749 0.002607 0.002448 0.002277 0.002097 0.001913 0.001729 0.001547 0.001371 0.001204 0.001046 0.000901 0.000768 0.000649 0.000543 0.000450 0.000369 0.000300 0.000242 0.000193 0.000152 0.000119 0.000092 0.000071 0.000054 0.000041 0.000030 0.000022 0.000016 0.000012 0.000009 0.000006 0.000004 0.000003 0.000002 0.000001 0.000001 0.000001 0.000000 0.000000 0.000000 0.000000 0.000000 0.000000 0.000000 
0.000000 0.000000 0.000000 0.000000 0.000000 0.000000 0.000000 0.000000 0.000001 0.000001 0.000001 0.000002 0.000003 0.000004 0.000006 0.000009 0.000012 0.000016 0.000022 0.000030 0.000041 0.000054 0.000071 0.000092 0.000119 0.000152 0.000193 0.000242 0.000300 0.000369 0.000450 0.000543 0.000649 0.000768 0.000901 0.001046 0.001204 0.001371 0.001547 0.001729 0.001913 0.002097 0.002277 0.002448 0.002607 0.002749 0.002871 0.002970 0.003042 0.003087 0.003102 0.003087 0.003042 0.002970 0.002871 0.002749 0.002607 0.002448 0.002277 0.002097 0.001913 0.001729 0.001547 0.001371 0.001204 0.001046 0.000901 0.000768 0.000649 0.000543 0.000450 0.000369 0.000300 0.000242 0.000193 0.000152 0.000119 0.000092 0.000071 0.000054 0.000041 0.000030 0.000022 0.000016 0.000012 0.000009 0.000006 0.000004 0.000003 0.000002 0.000001 0.000001 0.000001 0.000000 0.000000 0.000000 0.000000 0.000000 0.000000 0.000000 
0.000000 0.000000 0.000000 0.000000 0.000000 0.000000 0.000000 0.000001 0.000001 0.000001 0.000002 0.000002 0.000004 0.000005 0.000007 0.000010 0.000014 0.000020 0.000027 0.000037 0.000049 0.000065 0.000086 0.000111 0.000144 0.000184 0.000233 0.000292 0.000362 0.000446 0.000543 0.000656 0.000784 0.000928 0.001087 0.001263 0.001452 0.001655 0.001867 0.002086 0.002308 0.002530 0.002746 0.002953 0.003144 0.003315 0.003463 0.003582 0.003669 0.003723 0.003741 0.003723 0.003669 0.003582 0.003463 0.003315 0.003144 0.002953 0.002746 0.002530 0.002308 0.002086 0.001867 0.001655 0.001452 0.001263 0.001087 0.000928 0.000784 0.000656 0.000543 0.000446 0.000362 0.000292 0.000233 0.000184 0.000144 0.000111 0.000086 0.000065 0.000049 0.000037 0.000027 0.000020 0.000014 0.000010 0.000007 0.000005 0.000004 0.000002 0.000002 0.000001 0.000001 0.000001 0.000000 0.000000 0.000000 0.000000 0.000000 0.000000 
0.000000 0.000000 0.000000 0.000000 0.000000 0.000000 0.000000 0.000001 0.000001 0.000002 0.000002 0.000003 0.000005 0.000007 0.000010 0.000014 0.000020 0.000027 0.000037 0.000050 0.000067 0.000090 0.000118 0.000153 0.000198 0.000253 0.000320 0.000401 0.000498 0.000612 0.000746 0.000900 0.001075 0.001273 0.001492 0.001732 0.001992 0.002269 0.002559 0.002860 0.003164 0.003468 0.003764 0.004047 0.004309 0.004544 0.004745 0.004908 0.005028 0.005101 0.005126 0.005101 0.005028 0.004908 0.004745 0.004544 0.004309 0.004047 0.003764 0.003468 0.003164 0.002860 0.002559 0.002269 0.001992 0.001732 0.001492 0.001273 0.001075 0.000900 0.000746 0.000612 0.000498 0.000401 0.000320 0.000253 0.000198 0.000153 0.000118 0.000090 0.000067 0.000050 0.000037 0.000027 0.000020 0.000014 0.000010 0.000007 0.000005 0.000003 0.000002 0.000002 0.000001 0.000001 0.000000 0.000000 0.000000 0.000000 0.000000 0.000000 
0.000000 0.000000 0.000000 0.000000 0.000000 0.000000 0.000001 0.000001 0.000002 0.000002 0.000003 0.000005 0.000007 0.000010 0.000015 0.000021 0.000029 0.000040 0.000055 0.000074 0.000099 0.000131 0.000172 0.000225 0.000290 0.000370 0.000468 0.000587 0.000728 0.000896 0.001091 0.001316 0.001572 0.001861 0.002181 0.002532 0.002911 0.003315 0.003739 0.004177 0.004622 0.005065 0.005498 0.005910 0.006292 0.006634 0.006929 0.007166 0.007341 0.007448 0.007484 0.007448 0.007341 0.007166 0.006929 0.006634 0.006292 0.005910 0.005498 0.005065 0.004622 0.004177 0.003739 0.003315 0.002911 0.002532 0.002181 0.001861 0.001572 0.001316 0.001091 0.000896 0.000728 0.000587 0.000468 0.000370 0.000290 0.000225 0.000172 0.000131 0.000099 0.000074 0.000055 0.000040 0.000029 0.000021 0.000015 0.000010 0.000007 0.000005 0.000003 0.000002 0.000002 0.000001 0.000001 0.000000 0.000000 0.000000 0.000000 0.000000 
0.000000 0.000000 0.000000 0.000000 0.000000 0.000001 0.000001 0.000002 0.000002 0.000004 0.000005 0.000008 0.000011 0.000016 0.000022 0.000031 0.000044 0.000060 0.000082 0.000111 0.000148 0.000197 0.000259 0.000337 0.000434 0.000555 0.000702 0.000879 0.001091 0.001342 0.001634 0.001970 0.002354 0.002785 0.003264 0.003789 0.004356 0.004960 0.005594 0.006249 0.006914 0.007576 0.008222 0.008838 0.009408 0.009920 0.010360 0.010715 0.010976 0.011136 0.011189 0.011136 0.010976 0.010715 0.010360 0.009920 0.009408 0.008838 0.008222 0.007576 0.006914 0.006249 0.005594 0.004960 0.004356 0.003789 0.003264 0.002785 0.002354 0.001970 0.001634 0.001342 0.001091 0.000879 0.000702 0.000555 0.000434 0.000337 0.000259 0.000197 0.000148 0.000111 0.000082 0.000060 0.000044 0.000031 0.000022 0.000016 0.000011 0.000008 0.000005 0.000004 0.000002 0.000002 0.000001 0.000001 0.000000 0.000000 0.000000 0.000000 
0.000000 0.000000 0.000000 0.000000 0.000001 0.000001 0.000002 0.000002 0.000004 0.000005 0.000008 0.000012 0.000017 0.000024 0.000034 0.000047 0.000066 0.000091 0.000124 0.000167 0.000224 0.000297 0.000390 0.000507 0.000654 0.000835 0.001056 0.001323 0.001642 0.002019 0.002458 0.002964 0.003540 0.004188 0.004908 0.005696 0.006548 0.007456 0.008408 0.009391 0.010389 0.011383 0.012353 0.013277 0.014134 0.014902 0.015562 0.016095 0.016487 0.016727 0.016807 0.016727 0.016487 0.016095 0.015562 0.014902 0.014134 0.013277 0.012353 0.011383 0.010389 0.009391 0.008408 0.007456 0.006548 0.005696 0.004908 0.004188 0.003540 0.002964 0.002458 0.002019 0.001642 0.001323 0.001056 0.000835 0.000654 0.000507 0.000390 0.000297 0.000224 0.000167 0.000124 0.000091 0.000066 0.000047 0.000034 0.000024 0.000017 0.000012 0.000008 0.000005 0.000004 0.000002 0.000002 0.000001 0.000001 0.000001 0.000000 0.000000 
0.000000 0.000000 0.000001 0.000001 0.000001 0.000002 0.000002 0.000004 0.000005 0.000008 0.000012 0.000017 0.000025 0.000036 0.000051 0.000071 0.000099 0.000136 0.000186 0.000251 0.000336 0.000446 0.000585 0.000761 0.000981 0.001253 0.001585 0.001985 0.002463 0.003027 0.003684 0.004442 0.005305 0.006276 0.007353 0.008533 0.009808 0.011167 0.012592 0.014063 0.015556 0.017043 0.018494 0.019877 0.021159 0.022308 0.023294 0.024092 0.024678 0.025036 0.025157 0.025036 0.024678 0.024092 0.023294 0.022308 0.021159 0.019877 0.018494 0.017043 0.015556 0.014063 0.012592 0.011167 0.009808 0.008533 0.007353 0.006276 0.005305 0.004442 0.003684 0.003027 0.002463 0.001985 0.001585 0.001253 0.000981 0.000761 0.000585 0.000446 0.000336 0.000251 0.000186 0.000136 0.000099 0.000071 0.000051 0.000036 0.000025 0.000017 0.000012 0.000008 0.000005 0.000004 0.000002 0.000002 0.000001 0.000001 0.000001 0.000001 
0.000001 0.000001 0.000001 0.000001 0.000002 0.000002 0.000004 0.000005 0.000008 0.000012 0.000018 0.000026 0.000037 0.000053 0.000076 0.000106 0.000148 0.000203 0.000277 0.000374 0.000501 0.000664 0.000872 0.001135 0.001462 0.001867 0.002360 0.002956 0.003667 0.004506 0.005485 0.006612 0.007896 0.009339 0.010940 0.012695 0.014590 0.016609 0.018727 0.020913 0.023132 0.025341 0.027497 0.029551 0.031456 0.033163 0.034628 0.035812 0.036683 0.037216 0.037395 0.037216 0.036683 0.035812 0.034628 0.033163 0.031456 0.029551 0.027497 0.025341 0.023132 0.020913 0.018727 0.016609 0.014590 0.012695 0.010940 0.009339 0.007896 0.006612 0.005485 0.004506 0.003667 0.002956 0.002360 0.001867 0.001462 0.001135 0.000872 0.000664 0.000501 0.000374 0.000277 0.000203 0.000148 0.000106 0.000076 0.000053 0.000037 0.000026 0.000018 0.000012 0.000008 0.000005 0.000004 0.000002 0.000002 0.000001 0.000001 0.000001 
0.000001 0.000001 0.000001 0.000002 0.000002 0.000004 0.000005 0.000008 0.000012 0.000018 0.000026 0.000038 0.000055 0.000079 0.000112 0.000157 0.000218 0.000301 0.000410 0.000554 0.000741 0.000982 0.001290 0.001677 0.002161 0.002758 0.003487 0.004366 0.005415 0.006653 0.008097 0.009760 0.011653 0.013781 0.016143 0.018729 0.021524 0.024499 0.027620 0.030843 0.034112 0.037369 0.040545 0.043572 0.046378 0.048892 0.051051 0.052796 0.054079 0.054863 0.055127 0.054863 0.054079 0.052796 0.051051 0.048892 0.046378 0.043572 0.040545 0.037369 0.034112 0.030843 0.027620 0.024499 0.021524 0.018729 0.016143 0.013781 0.011653 0.009760 0.008097 0.006653 0.005415 0.004366 0.003487 0.002758 0.002161 0.001677 0.001290 0.000982 0.000741 0.000554 0.000410 0.000301 0.000218 0.000157 0.000112 0.000079 0.000055 0.000038 0.000026 0.000018 0.000012 0.000008 0.000005 0.000004 0.000003 0.000002 0.000002 0.000002 
0.000001 0.000001 0.000002 0.000002 0.000003 0.000005 0.000008 0.000012 0.000018 0.000026 0.000039 0.000056 0.000081 0.000116 0.000164 0.000231 0.000320 0.000441 0.000601 0.000812 0.001086 0.001439 0.001889 0.002457 0.003165 0.004039 0.005105 0.006391 0.007926 0.009736 0.011847 0.014279 0.017046 0.020157 0.023609 0.027389 0.031472 0.035819 0.040380 0.045087 0.049863 0.054619 0.059259 0.063679 0.067776 0.071449 0.074601 0.077149 0.079022 0.080168 0.080553 0.080168 0.079022 0.077149 0.074601 0.071449 0.067776 0.063679 0.059259 0.054619 0.049863 0.045087 0.040380 0.035819 0.031472 0.027389 0.023609 0.020157 0.017046 0.014279 0.011847 0.009736 0.007926 0.006391 0.005105 0.004039 0.003165 0.002457 0.001889 0.001439 0.001086 0.000812 0.000601 0.000441 0.000320 0.000231 0.000164 0.000116 0.000081 0.000056 0.000039 0.000026 0.000018 0.000012 0.000008 0.000005 0.000004 0.000003 0.000002 0.000002 
0.000002 0.000002 0.000002 0.000003 0.000005 0.000008 0.000012 0.000017 0.000026 0.000038 0.000056 0.000082 0.000118 0.000169 0.000239 0.000335 0.000466 0.000641 0.000873 0.001179 0.001577 0.002090 0.002743 0.003566 0.004593 0.005860 0.007406 0.009271 0.011495 0.014119 0.017178 0.020701 0.024710 0.029216 0.034215 0.039690 0.045602 0.051897 0.058499 0.065314 0.072228 0.079112 0.085828 0.092225 0.098155 0.103470 0.108032 0.111719 0.114429 0.116087 0.116645 0.116087 0.114429 0.111719 0.108032 0.103470 0.098155 0.092225 0.085828 0.079112 0.072228 0.065314 0.058499 0.051897 0.045602 0.039690 0.034215 0.029216 0.024710 0.020701 0.017178 0.014119 0.011495 0.009271 0.007406 0.005860 0.004593 0.003566 0.002743 0.002090 0.001577 0.001179 0.000873 0.000641 0.000466 0.000335 0.000239 0.000169 0.000118 0.000082 0.000056 0.000038 0.000026 0.000017 0.000012 0.000008 0.000005 0.000004 0.000003 0.000003 
0.000003 0.000003 0.000004 0.000005 0.000007 0.000011 0.000017 0.000025 0.000037 0.000055 0.000081 0.000118 0.000171 0.000244 0.000345 0.000483 0.000671 0.000923 0.001257 0.001697 0.002270 0.003007 0.003946 0.005129 0.006605 0.008425 0.010646 0.013325 0.016520 0.020288 0.024679 0.029737 0.035492 0.041959 0.049134 0.056990 0.065473 0.074505 0.083976 0.093752 0.103669 0.113543 0.123175 0.132350 0.140853 0.148475 0.155017 0.160303 0.164190 0.166567 0.167367 0.166567 0.164190 0.160303 0.155017 0.148475 0.140853 0.132350 0.123175 0.113543 0.103669 0.093752 0.083976 0.074505 0.065473 0.056990 0.049134 0.041959 0.035492 0.029737 0.024679 0.020288 0.016520 0.013325 0.010646 0.008425 0.006605 0.005129 0.003946 0.003007 0.002270 0.001697 0.001257 0.000923 0.000671 0.000483 0.000345 0.000244 0.000171 0.000118 0.000081 0.000055 0.000037 0.000025 0.000017 0.000011 0.000008 0.000006 0.000005 0.000005 
0.000004 0.000004 0.000005 0.000007 0.000010 0.000016 0.000024 0.000036 0.000053 0.000079 0.000116 0.000169 0.000244 0.000348 0.000492 0.000689 0.000957 0.001316 0.001793 0.002420 0.003236 0.004286 0.005623 0.007309 0.009410 0.012002 0.015163 0.018975 0.023522 0.028883 0.035131 0.042325 0.050511 0.059708 0.069910 0.081079 0.093141 0.105980 0.119443 0.133337 0.147432 0.161465 0.175152 0.188190 0.200273 0.211102 0.220397 0.227909 0.233431 0.236808 0.237945 0.236808 0.233431 0.227909 0.220397 0.211102 0.200273 0.188190 0.175152 0.161465 0.147432 0.133337 0.119443 0.105980 0.093141 0.081079 0.069910 0.059708 0.050511 0.042325 0.035131 0.028883 0.023522 0.018975 0.015163 0.012002 0.009410 0.007309 0.005623 0.004286 0.003236 0.002420 0.001793 0.001316 0.000957 0.000689 0.000492 0.000348 0.000244 0.000169 0.000116 0.000079 0.000054 0.000036 0.000024 0.000016 0.000011 0.000008 0.000007 0.000007 
0.000006 0.000006 0.000007 0.000010 0.000015 0.000022 0.000034 0.000051 0.000076 0.000112 0.000164 0.000239 0.000345 0.000492 0.000696 0.000975 0.001353 0.001860 0.002534 0.003419 0.004571 0.006053 0.007940 0.010319 0.013283 0.016938 0.021396 0.026772 0.033183 0.040741 0.049547 0.059687 0.071222 0.084181 0.098555 0.114290 0.131280 0.149364 0.168326 0.187892 0.207741 0.227502 0.246773 0.265131 0.282143 0.297389 0.310474 0.321049 0.328823 0.333577 0.335177 0.333577 0.328823 0.321049 0.310474 0.297389 0.282143 0.265131 0.246773 0.227502 0.207741 0.187892 0.168326 0.149364 0.131280 0.114290 0.098555 0.084181 0.071222 0.059687 0.049547 0.040741 0.033183 0.026772 0.021396 0.016938 0.013283 0.010319 0.007940 0.006053 0.004571 0.003419 0.002534 0.001860 0.001353 0.000975 0.000696 0.000492 0.000345 0.000239 0.000165 0.000112 0.000076 0.000051 0.000034 0.000023 0.000016 0.000012 0.000010 0.000010 
0.000009 0.000009 0.000010 0.000014 0.000021 0.000031 0.000047 0.000071 0.000106 0.000157 0.000231 0.000335 0.000483 0.000689 0.000975 0.001365 0.001895 0.002604 0.003547 0.004786 0.006396 0.008469 0.011108 0.014433 0.018576 0.023684 0.029913 0.037424 0.046379 0.056935 0.069234 0.083393 0.099498 0.117590 0.137655 0.159618 0.183330 0.208567 0.235028 0.262330 0.290024 0.317594 0.344479 0.370088 0.393820 0.415087 0.433340 0.448090 0.458933 0.465565 0.467796 0.465565 0.458933 0.448090 0.433340 0.415087 0.393820 0.370088 0.344479 0.317594 0.290024 0.262330 0.235028 0.208567 0.183330 0.159618 0.137655 0.117590 0.099498 0.083393 0.069234 0.056935 0.046379 0.037424 0.029913 0.023684 0.018576 0.014433 0.011108 0.008469 0.006396 0.004786 0.003547 0.002604 0.001895 0.001365 0.000975 0.000689 0.000483 0.000335 0.000231 0.000157 0.000106 0.000071 0.000048 0.000032 0.000022 0.000016 0.000013 0.000013 
0.000012 0.000012 0.000014 0.000020 0.000029 0.000044 0.000066 0.000099 0.000148 0.000218 0.000320 0.000466 0.000671 0.000957 0.001353 0.001895 0.002628 0.003613 0.004919 0.006636 0.008868 0.011739 0.015395 0.020000 0.025737 0.032810 0.041433 0.051829 0.064224 0.078831 0.095847 0.115436 0.137715 0.162740 0.190491 0.220864 0.253653 0.288549 0.325133 0.362879 0.401162 0.439273 0.476436 0.511833 0.544633 0.574026 0.599252 0.619638 0.634622 0.643787 0.646871 0.643787 0.634622 0.619638 0.599252 0.574026 0.544633 0.511833 0.476436 0.439273 0.401162 0.362879 0.325133 0.288549 0.253653 0.220864 0.190491 0.162740 0.137715 0.115436 0.095847 0.078831 0.064224 0.051829 0.041433 0.032810 0.025737 0.020000 0.015395 0.011739 0.008868 0.006636 0.004919 0.003613 0.002628 0.001895 0.001353 0.000957 0.000671 0.000466 0.000320 0.000219 0.000148 0.000099 0.000066 0.000045 0.000031 0.000023 0.000019 0.000019 
0.000016 0.000016 0.000020 0.000027 0.000040 0.000060 0.000091 0.000136 0.000203 0.000301 0.000441 0.000641 0.000923 0.001316 0.001860 0.002604 0.003613 0.004965 0.006759 0.009116 0.012180 0.016121 0.021138 0.027456 0.035328 0.045030 0.056857 0.071114 0.088109 0.108136 0.131463 0.158314 0.188848 0.223142 0.261169 0.302785 0.347708 0.395513 0.445627 0.497329 0.549765 0.601961 0.652856 0.701330 0.746247 0.786496 0.821039 0.848952 0.869470 0.882019 0.886242 0.882019 0.869470 0.848952 0.821039 0.786496 0.746247 0.701330 0.652856 0.601961 0.549765 0.497329 0.445627 0.395513 0.347708 0.302785 0.261169 0.223142 0.188848 0.158314 0.131463 0.108136 0.088109 0.071114 0.056857 0.045030 0.035328 0.027456 0.021138 0.016121 0.012180 0.009116 0.006759 0.004965 0.003613 0.002604 0.001860 0.001316 0.000923 0.000641 0.000441 0.000301 0.000203 0.000137 0.000092 0.000062 0.000042 0.000031 0.000026 0.000026 
0.000022 0.000022 0.000027 0.000037 0.000055 0.000082 0.000124 0.000186 0.000277 0.000410 0.000601 0.000873 0.001257 0.001793 0.002534 0.003547 0.004919 0.006759 0.009200 0.012407 0.016574 0.021933 0.028754 0.037343 0.048043 0.061228 0.077298 0.096669 0.119756 0.146959 0.178641 0.215105 0.256566 0.303129 0.354756 0.411249 0.472227 0.537113 0.605126 0.675291 0.746447 0.817275 0.886333 0.952103 1.013045 1.067652 1.114515 1.152384 1.180220 1.197243 1.202972 1.197243 1.180220 1.152384 1.114515 1.067652 1.013045 0.952103 0.886333 0.817275 0.746447 0.675291 0.605126 0.537113 0.472227 0.411249 0.354756 0.303129 0.256566 0.215105 0.178641 0.146959 0.119756 0.096669 0.077298 0.061228 0.048043 0.037343 0.028754 0.021933 0.016574 0.012407 0.009200 0.006759 0.004919 0.003547 0.002534 0.001793 0.001257 0.000873 0.000601 0.000410 0.000278 0.000186 0.000125 0.000084 0.000058 0.000043 0.000035 0.000035 
0.000030 0.000030 0.000037 0.000050 0.000074 0.000111 0.000167 0.000251 0.000374 0.000554 0.000812 0.001179 0.001697 0.002420 0.003419 0.004786 0.006636 0.009116 0.012407 0.016727 0.022342 0.029562 0.038750 0.050317 0.064725 0.082477 0.104112 0.130185 0.161258 0.197866 0.240497 0.289556 0.345335 0.407969 0.477410 0.553391 0.635396 0.722649 0.814103 0.908444 1.004112 1.099333 1.192171 1.280585 1.362505 1.435907 1.498899 1.549800 1.587214 1.610095 1.617795 1.610095 1.587214 1.549800 1.498899 1.435907 1.362505 1.280585 1.192171 1.099333 1.004112 0.908444 0.814103 0.722649 0.635396 0.553391 0.477410 0.407969 0.345335 0.289556 0.240497 0.197866 0.161258 0.130185 0.104112 0.082477 0.064725 0.050317 0.038750 0.029562 0.022342 0.016727 0.012407 0.009116 0.006636 0.004786 0.003419 0.002420 0.001697 0.001179 0.000812 0.000554 0.000375 0.000252 0.000169 0.000114 0.000078 0.000058 0.000048 0.000048 
0.000041 0.000041 0.000049 0.000067 0.000099 0.000148 0.000224 0.000336 0.000501 0.000741 0.001086 0.001577 0.002270 0.003236 0.004571 0.006396 0.008868 0.012180 0.016574 0.022342 0.029836 0.039473 0.051733 0.067167 0.086388 0.110067 0.138921 0.173692 0.215123 0.263930 0.320762 0.386156 0.460499 0.543973 0.636510 0.737752 0.847015 0.963261 1.085096 1.210769 1.338202 1.465034 1.588685 1.706440 1.815542 1.913296 1.997185 2.064970 2.114793 2.145263 2.155517 2.145263 2.114793 2.064970 1.997185 1.913296 1.815542 1.706440 1.588685 1.465034 1.338202 1.210769 1.085096 0.963261 0.847015 0.737752 0.636510 0.543973 0.460499 0.386156 0.320762 0.263930 0.215123 0.173692 0.138921 0.110067 0.086388 0.067167 0.051733 0.039473 0.029836 0.022342 0.016574 0.012180 0.008868 0.006396 0.004571 0.003236 0.002270 0.001577 0.001086 0.000741 0.000502 0.000337 0.000226 0.000152 0.000105 0.000077 0.000064 0.000064 
0.000054 0.000054 0.000065 0.000090 0.000131 0.000197 0.000297 0.000446 0.000664 0.000982 0.001439 0.002090 0.003007 0.004286 0.006053 0.008469 0.011739 0.016121 0.021933 0.029562 0.039473 0.052214 0.068422 0.088822 0.114226 0.145517 0.183642 0.229579 0.284310 0.348777 0.423835 0.510195 0.608362 0.718576 0.840747 0.974400 1.118629 1.272068 1.432872 1.598732 1.766906 1.934278 2.097446 2.252827 2.396785 2.525766 2.636450 2.725884 2.791619 2.831820 2.845348 2.831820 2.791619 2.725884 2.636450 2.525766 2.396785 2.252827 2.097446 1.934278 1.766906 1.598732 1.432872 1.272068 1.118629 0.974400 0.840747 0.718576 0.608362 0.510195 0.423835 0.348777 0.284310 0.229579 0.183642 0.145517 0.114226 0.088822 0.068422 0.052214 0.039473 0.029562 0.021933 0.016121 0.011739 0.008469 0.006053 0.004286 0.003007 0.002090 0.001440 0.000983 0.000665 0.000447 0.000300 0.000202 0.000139 0.000102 0.000085 0.000085 
0.000071 0.000071 0.000086 0.000118 0.000172 0.000259 0.000390 0.000585 0.000872 0.001290 0.001889 0.002743 0.003946 0.005623 0.007940 0.011108 0.015395 0.021138 0.028754 0.038750 0.051733 0.068422 0.089649 0.116363 0.149625 0.190590 0.240496 0.300621 0.372248 0.456608 0.554817 0.667802 0.796225 0.940394 1.100190 1.274992 1.463613 1.664264 1.874534 2.091403 2.311285 2.530108 2.743427 2.946557 3.134746 3.303353 3.448037 3.564942 3.650867 3.703415 3.721099 3.703415 3.650867 3.564942 3.448037 3.303353 3.134746 2.946557 2.743427 2.530108 2.311285 2.091403 1.874534 1.664264 1.463613 1.274992 1.100190 0.940394 0.796225 0.667802 0.554817 0.456608 0.372248 0.300621 0.240496 0.190590 0.149625 0.116363 0.089649 0.068422 0.051733 0.038750 0.028754 0.021138 0.015395 0.011108 0.007940 0.005624 0.003946 0.002743 0.001890 0.001290 0.000874 0.000588 0.000394 0.000265 0.000183 0.000135 0.000112 0.000112 
0.000092 0.000092 0.000111 0.000153 0.000225 0.000337 0.000507 0.000761 0.001135 0.001677 0.002457 0.003566 0.005129 0.007309 0.010319 0.014433 0.020000 0.027456 0.037343 0.050317 0.067167 0.088822 0.116363 0.151019 0.194163 0.247293 0.312011 0.389973 0.482839 0.592203 0.719508 0.865954 1.032393 1.219226 1.426294 1.652789 1.897174 2.157129 2.429528 2.710460 2.995282 3.278720 3.555015 3.818104 4.061834 4.280197 4.467572 4.618969 4.730245 4.798295 4.821196 4.798295 4.730245 4.618969 4.467572 4.280197 4.061834 3.818104 3.555015 3.278720 2.995282 2.710460 2.429528 2.157129 1.897174 1.652789 1.426294 1.219226 1.032393 0.865954 0.719508 0.592203 0.482839 0.389973 0.312011 0.247293 0.194163 0.151019 0.116363 0.088822 0.067167 0.050317 0.037343 0.027456 0.020000 0.014433 0.010319 0.007309 0.005130 0.003567 0.002458 0.001678 0.001137 0.000765 0.000513 0.000345 0.000238 0.000175 0.000146 0.000146 
0.000119 0.000119 0.000144 0.000198 0.000290 0.000434 0.000654 0.000981 0.001462 0.002161 0.003165 0.004593 0.006605 0.009410 0.013283 0.018576 0.025737 0.035328 0.048043 0.064725 0.086388 0.114226 0.149625 0.194163 0.249602 0.317867 0.401011 0.501158 0.620439 0.760896 0.924381 1.112429 1.326132 1.566001 1.831829 2.122577 2.436268 2.769923 3.119531 3.480071 3.845585 4.209306 4.563847 4.901431 5.214164 5.494341 5.734753 5.928999 6.071767 6.159075 6.188456 6.159075 6.071767 5.928999 5.734753 5.494341 5.214164 4.901431 4.563847 4.209306 3.845585 3.480071 3.119531 2.769923 2.436268 2.122577 1.831829 1.566001 1.326132 1.112429 0.924381 0.760896 0.620439 0.501158 0.401011 0.317867 0.249602 0.194163 0.149625 0.114226 0.086388 0.064725 0.048043 0.035328 0.025737 0.018576 0.013283 0.009411 0.006605 0.004594 0.003166 0.002163 0.001465 0.000986 0.000661 0.000445 0.000307 0.000226 0.000188 0.000188 
0.000152 0.000152 0.000184 0.000253 0.000370 0.000555 0.000835 0.001253 0.001867 0.002758 0.004039 0.005860 0.008425 0.012002 0.016938 0.023684 0.032810 0.045030 0.061228 0.082477 0.110067 0.145517 0.190590 0.247293 0.317867 0.404759 0.510576 0.638023 0.789802 0.968512 1.176500 1.415719 1.687552 1.992644 2.330730 2.700483 3.099388 3.523655 3.968183 4.426587 4.891293 5.353701 5.804419 6.233566 6.631110 6.987258 7.292854 7.539763 7.721234 7.832210 7.869555 7.832210 7.721234 7.539763 7.292854 6.987258 6.631110 6.233566 5.804419 5.353701 4.891293 4.426587 3.968183 3.523655 3.099388 2.700483 2.330730 1.992644 1.687552 1.415719 1.176500 0.968512 0.789802 0.638023 0.510576 0.404759 0.317867 0.247293 0.190590 0.145517 0.110067 0.082477 0.061228 0.045030 0.032810 0.023685 0.016939 0.012002 0.008426 0.005861 0.004040 0.002760 0.001870 0.001258 0.000844 0.000569 0.000393 0.000289 0.000241 0.000241 
0.000193 0.000193 0.000233 0.000320 0.000468 0.000702 0.001056 0.001585 0.002360 0.003487 0.005105 0.007406 0.010646 0.015163 0.021396 0.029913 0.041433 0.056857 0.077298 0.104112 0.138921 0.183642 0.240496 0.312011 0.401011 0.510576 0.643994 0.804664 0.995995 1.221251 1.483390 1.784866 2.127417 2.511850 2.937827 3.403674 3.906218 4.440682 5.000640 5.578048 6.163368 6.745768 7.313425 7.853895 8.354551 8.803063 9.187904 9.498834 9.727357 9.867105 9.914133 9.867105 9.727357 9.498834 9.187904 8.803063 8.354551 7.853895 7.313425 6.745768 6.163368 5.578048 5.000640 4.440682 3.906218 3.403674 2.937827 2.511850 2.127417 1.784866 1.483390 1.221251 0.995995 0.804664 0.643994 0.510576 0.401011 0.312011 0.240496 0.183642 0.138921 0.104112 0.077298 0.056857 0.041433 0.029913 0.021396 0.015163 0.010646 0.007407 0.005106 0.003489 0.002364 0.001591 0.001067 0.000720 0.000497 0.000366 0.000305 0.000305 
0.000242 0.000242 0.000292 0.000401 0.000587 0.000879 0.001323 0.001985 0.002956 0.004366 0.006391 0.009271 0.013325 0.018975 0.026772 0.037424 0.051829 0.071114 0.096669 0.130185 0.173692 0.229579 0.300621 0.389973 0.501158 0.638023 0.804664 1.005328 1.244260 1.525535 1.852838 2.229226 2.656864 3.136753 3.668466 4.249908 4.877117 5.544126 6.242915 6.963448 7.693820 8.420521 9.128802 9.803138 10.427781 10.987354 11.467480 11.855389 12.140486 12.314828 12.373498 12.314828 12.140486 11.855389 11.467480 10.987354 10.427781 9.803138 9.128802 8.420521 7.693820 6.963448 6.242915 5.544126 4.877117 4.249908 3.668466 3.136753 2.656864 2.229226 1.852838 1.525535 1.244260 1.005328 0.804664 0.638023 0.501158 0.389973 0.300621 0.229579 0.173692 0.130185 0.096669 0.071114 0.051829 0.037424 0.026772 0.018975 0.013325 0.009272 0.006393 0.004369 0.002961 0.001993 0.001337 0.000902 0.000623 0.000458 0.000382 0.000382 
0.000300 0.000300 0.000362 0.000498 0.000728 0.001091 0.001642 0.002463 0.003667 0.005415 0.007926 0.011495 0.016520 0.023522 0.033183 0.046379 0.064224 0.088109 0.119756 0.161258 0.215123 0.284310 0.372248 0.482839 0.620439 0.789802 0.995995 1.244260 1.539848 1.887789 2.292635 2.758160 3.287034 3.880488 4.537988 5.256938 6.032433 6.857096 7.721007 8.611758 9.514637 10.412943 11.288448 12.121969 12.894046 13.585680 14.179105 14.658545 15.010908 15.226385 15.298896 15.226385 15.010908 14.658545 14.179105 13.585680 12.894046 12.121969 11.288448 10.412943 9.514637 8.611758 7.721007 6.857096 6.032433 5.256938 4.537988 3.880488 3.287034 2.758160 2.292635 1.887789 1.539848 1.244260 0.995995 0.789802 0.620439 0.482839 0.372248 0.284310 0.215123 0.161258 0.119756 0.088109 0.064224 0.046380 0.033183 0.023523 0.016521 0.011497 0.007928 0.005419 0.003674 0.002473 0.001660 0.001119 0.000773 0.000569 0.000474 0.000474 
0.000369 0.000369 0.000446 0.000612 0.000896 0.001342 0.002019 0.003027 0.004506 0.006653 0.009736 0.014119 0.020288 0.028883 0.040741 0.056935 0.078831 0.108136 0.146959 0.197866 0.263930 0.348777 0.456608 0.592203 0.760896 0.968512 1.221251 1.525535 1.887789 2.314170 2.810247 3.380635 4.028598 4.755635 5.561085 6.441761 7.391650 8.401712 9.459797 10.550708 11.656426 12.756504 13.828625 14.849305 15.794719 16.641611 17.368236 17.955281 18.386725 18.650558 18.739342 18.650558 18.386725 17.955281 17.368236 16.641611 15.794719 14.849305 13.828625 12.756504 11.656426 10.550708 9.459797 8.401712 7.391650 6.441761 5.561085 4.755635 4.028598 3.380635 2.810247 2.314170 1.887789 1.525535 1.221251 0.968512 0.760896 0.592203 0.456608 0.348777 0.263930 0.197866 0.146959 0.108136 0.078831 0.056935 0.040741 0.028884 0.020289 0.014121 0.009739 0.006658 0.004514 0.003040 0.002040 0.001376 0.000951 0.000700 0.000584 0.000584 
0.000450 0.000450 0.000543 0.000746 0.001091 0.001634 0.002458 0.003684 0.005485 0.008097 0.011847 0.017178 0.024679 0.035131 0.049547 0.069234 0.095847 0.131463 0.178641 0.240497 0.320762 0.423835 0.554817 0.719508 0.924381 1.176500 1.483390 1.852838 2.292635 2.810247 3.412424 4.104759 4.891200 5.773560 6.751028 7.819729 8.972360 10.197949 11.481748 12.805322 14.146809 15.481409 16.782050 18.020251 19.167119 20.194449 21.075873 21.787972 22.311317 22.631347 22.739042 22.631347 22.311317 21.787972 21.075873 20.194449 19.167119 18.020251 16.782050 15.481409 14.146809 12.805322 11.481748 10.197949 8.972360 7.819729 6.751028 5.773560 4.891200 4.104759 3.412424 2.810247 2.292635 1.852838 1.483390 1.176500 0.924381 0.719508 0.554817 0.423835 0.320762 0.240497 0.178641 0.131463 0.095848 0.069234 0.049547 0.035131 0.024681 0.017180 0.011851 0.008102 0.005494 0.003700 0.002484 0.001676 0.001158 0.000853 0.000711 0.000711 
0.000543 0.000543 0.000656 0.000900 0.001316 0.001970 0.002964 0.004442 0.006612 0.009760 0.014279 0.020701 0.029737 0.042325 0.059687 0.083393 0.115436 0.158314 0.215105 0.289556 0.386156 0.510195 0.667802 0.865954 1.112429 1.415719 1.784866 2.229226 2.758160 3.380635 4.104759 4.937241 5.882822 6.943669 8.118796 9.403537 10.789107 12.262309 13.805419 15.396272 17.008599 18.612595 20.175731 21.663787 23.042047 24.276627 25.335849 26.191579 26.820477 27.205051 27.334465 27.205051 26.820477 26.191579 25.335849 24.276627 23.042047 21.663787 20.175731 18.612595 17.008599 15.396272 13.805419 12.262309 10.789107 9.403537 8.118796 6.943669 5.882822 4.937241 4.104759 3.380635 2.758160 2.229226 1.784866 1.415719 1.112429 0.865954 0.667802 0.510195 0.386156 0.289556 0.215105 0.158314 0.115437 0.083393 0.059687 0.042326 0.029739 0.020704 0.014283 0.009767 0.006624 0.004462 0.002995 0.002021 0.001397 0.001029 0.000858 0.000858 
0.000649 0.000649 0.000784 0.001075 0.001572 0.002354 0.003540 0.005305 0.007896 0.011653 0.017046 0.024710 0.035492 0.050511 0.071222 0.099498 0.137715 0.188848 0.256566 0.345335 0.460499 0.608362 0.796225 1.032393 1.326132 1.687552 2.127417 2.656864 3.287034 4.028598 4.891200 5.882822 7.009095 8.272590 9.672122 11.202122 12.852123 14.606405 16.443857 18.338088 20.257822 22.167576 24.028630 25.800249 27.441114 28.910897 30.171892 31.190620 31.939302 32.397122 32.551184 32.397122 31.939302 31.190620 30.171892 28.910897 27.441114 25.800249 24.028630 22.167576 20.257822 18.338088 16.443857 14.606405 12.852123 11.202122 9.672122 8.272590 7.009095 5.882822 4.891200 4.028598 3.287034 2.656864 2.127417 1.687552 1.326132 1.032393 0.796225 0.608362 0.460499 0.345335 0.256566 0.188848 0.137715 0.099498 0.071222 0.050512 0.035494 0.024713 0.017051 0.011661 0.007910 0.005328 0.003578 0.002415 0.001669 0.001229 0.001026 0.001026 
0.000768 0.000768 0.000928 0.001273 0.001861 0.002785 0.004188 0.006276 0.009339 0.013781 0.020157 0.029216 0.041959 0.059708 0.084181 0.117590 0.162740 0.223142 0.303129 0.407969 0.543973 0.718576 0.940394 1.219226 1.566001 1.992644 2.511850 3.136753 3.880488 4.755635 5.773560 6.943669 8.272590 9.763344 11.414520 13.219539 15.166041 17.235478 19.402943 21.637307 23.901678 26.154212 28.349246 30.438745 32.373989 34.107427 35.594603 36.796042 37.678995 38.218918 38.400608 38.218918 37.678995 36.796042 35.594603 34.107427 32.373989 30.438745 28.349246 26.154212 23.901678 21.637307 19.402943 17.235478 15.166041 13.219539 11.414520 9.763344 8.272590 6.943669 5.773560 4.755635 3.880488 3.136753 2.511850 1.992644 1.566001 1.219226 0.940394 0.718576 0.543973 0.407969 0.303129 0.223142 0.162740 0.117590 0.084181 0.059709 0.041961 0.029219 0.020163 0.013791 0.009355 0.006303 0.004233 0.002857 0.001976 0.001455 0.001214 0.001214 
0.000901 0.000901 0.001087 0.001492 0.002181 0.003264 0.004908 0.007353 0.010940 0.016143 0.023609 0.034215 0.049134 0.069910 0.098555 0.137655 0.190491 0.261169 0.354756 0.477410 0.636510 0.840747 1.100190 1.426294 1.831829 2.330730 2.937827 3.668466 4.537988 5.561085 6.751028 8.118796 9.672122 11.414520 13.344329 15.453847 17.728622 20.146969 22.679780 25.290678 27.936561 30.568537 33.133263 35.574626 37.835714 39.860983 41.598506 43.002177 44.033743 44.664539 44.876809 44.664539 44.033743 43.002177 41.598506 39.860983 37.835714 35.574626 33.133263 30.568537 27.936561 25.290678 22.679780 20.146969 17.728622 15.453847 13.344329 11.414520 9.672122 8.118796 6.751028 5.561085 4.537988 3.668466 2.937827 2.330730 1.831829 1.426294 1.100190 0.840747 0.636510 0.477411 0.354756 0.261170 0.190492 0.137655 0.098556 0.069912 0.049137 0.034219 0.023616 0.016154 0.010960 0.007385 0.004960 0.003348 0.002316 0.001706 0.001423 0.001423 
0.001046 0.001046 0.001263 0.001732 0.002532 0.003789 0.005696 0.008533 0.012695 0.018729 0.027389 0.039690 0.056990 0.081079 0.114290 0.159618 0.220864 0.302785 0.411249 0.553391 0.737752 0.974400 1.274992 1.652789 2.122577 2.700483 3.403674 4.249908 5.256938 6.441761 7.819729 9.403537 11.202122 13.219539 15.453847 17.896118 20.529610 23.329211 26.261222 29.283533 32.346252 35.392794 38.361424 41.187203 43.804273 46.148360 48.159378 49.783977 50.977895 51.707964 51.953640 51.707964 50.977895 49.783977 48.159378 46.148360 43.804273 41.187203 38.361424 35.392794 32.346252 29.283533 26.261222 23.329211 20.529610 17.896118 15.453847 13.219539 11.202122 9.403537 7.819729 6.441761 5.256938 4.249908 3.403674 2.700483 2.122577 1.652789 1.274992 0.974400 0.737752 0.553391 0.411249 0.302785 0.220864 0.159618 0.114291 0.081081 0.056993 0.039694 0.027397 0.018743 0.012717 0.008571 0.005757 0.003887 0.002688 0.001981 0.001653 0.001653 
0.001204 0.001204 0.001452 0.001992 0.002911 0.004356 0.006548 0.009808 0.014590 0.021524 0.031472 0.045602 0.065473 0.093141 0.131280 0.183330 0.253653 0.347708 0.472227 0.635396 0.847015 1.118629 1.463613 1.897174 2.436268 3.099388 3.906218 4.877117 6.032433 7.391650 8.972360 10.789107 12.852123 15.166041 17.728622 20.529610 23.549794 26.760368 30.122682 33.588446 37.100453 40.593824 43.997780 47.237874 50.238606 52.926297 55.232067 57.094764 58.463650 59.300706 59.582383 59.300706 58.463650 57.094764 55.232067 52.926297 50.238606 47.237874 43.997780 40.593824 37.100453 33.588446 30.122682 26.760368 23.549794 20.529610 17.728622 15.166041 12.852123 10.789107 8.972360 7.391650 6.032433 4.877117 3.906218 3.099388 2.436268 1.897174 1.463613 1.118629 0.847015 0.635396 0.472227 0.347708 0.253654 0.183331 0.131281 0.093142 0.065477 0.045608 0.031481 0.021539 0.014616 0.009851 0.006618 0.004469 0.003091 0.002278 0.001901 0.001901 
0.001371 0.001371 0.001655 0.002269 0.003315 0.004960 0.007456 0.011167 0.016609 0.024499 0.035819 0.051897 0.074505 0.105980 0.149364 0.208567 0.288549 0.395513 0.537113 0.722649 0.963261 1.272068 1.664264 2.157129 2.769923 3.523655 4.440682 5.544126 6.857096 8.401712 10.197949 12.262309 14.606405 17.235478 20.146969 23.329211 26.760368 30.407707 34.227313 38.164332 42.153781 46.121970 49.988512 53.668856 57.077259 60.130051 62.749012 64.864697 66.419493 67.370225 67.690155 67.370225 66.419493 64.864697 62.749012 60.130051 57.077259 53.668856 49.988512 46.121970 42.153781 38.164332 34.227313 30.407707 26.760368 23.329211 20.146969 17.235478 14.606405 12.262309 10.197949 8.401712 6.857096 5.544126 4.440682 3.523655 2.769923 2.157129 1.664264 1.272068 0.963261 0.722650 0.537113 0.395514 0.288550 0.208568 0.149365 0.105982 0.074509 0.051904 0.035830 0.024517 0.016638 0.011215 0.007535 0.005089 0.003521 0.002594 0.002165 0.002165 
0.001547 0.001547 0.001867 0.002559 0.003739 0.005594 0.008408 0.012592 0.018727 0.027620 0.040380 0.058499 0.083976 0.119443 0.168326 0.235028 0.325133 0.445627 0.605126 0.814103 1.085096 1.432872 1.874534 2.429528 3.119531 3.968183 5.000640 6.242915 7.721007 9.459797 11.481748 13.805419 16.443857 19.402943 22.679780 26.261222 30.122682 34.227313 38.525693 42.956090 47.445382 51.910657 56.261469 60.402691 64.237863 67.672852 70.619665 73.000181 74.749587 75.819316 76.179288 75.819316 74.749587 73.000181 70.619665 67.672852 64.237863 60.402691 56.261469 51.910657 47.445382 42.956090 38.525693 34.227313 30.122682 26.261222 22.679780 19.402943 16.443857 13.805419 11.481748 9.459797 7.721007 6.242915 5.000640 3.968183 3.119531 2.429528 1.874534 1.432872 1.085096 0.814104 0.605126 0.445627 0.325133 0.235028 0.168327 0.119445 0.083981 0.058507 0.040392 0.027641 0.018760 0.012647 0.008498 0.005739 0.003971 0.002927 0.002443 0.002443 
0.001729 0.001729 0.002086 0.002860 0.004177 0.006249 0.009391 0.014063 0.020913 0.030843 0.045087 0.065314 0.093752 0.133337 0.187892 0.262330 0.362879 0.497329 0.675291 0.908444 1.210769 1.598732 2.091403 2.710460 3.480071 4.426587 5.578048 6.963448 8.611758 10.550708 12.805322 15.396272 18.338088 21.637307 25.290678 29.283533 33.588446 38.164332 42.956090 47.894902 52.899262 57.876752 62.726562 67.342675 71.617582 75.446377 78.730997 81.384382 83.334303 84.526640 84.927869 84.526640 83.334303 81.384382 78.730997 75.446377 71.617582 67.342675 62.726562 57.876752 52.899262 47.894902 42.956090 38.164332 33.588446 29.283533 25.290678 21.637307 18.338088 15.396272 12.805322 10.550708 8.611758 6.963448 5.578048 4.426587 3.480071 2.710460 2.091403 1.598732 1.210769 0.908444 0.675291 0.497330 0.362879 0.262331 0.187894 0.133340 0.093756 0.065322 0.045100 0.030865 0.020950 0.014124 0.009491 0.006411 0.004436 0.003270 0.002730 0.002730 
0.001913 0.001913 0.002308 0.003164 0.004622 0.006914 0.010389 0.015556 0.023132 0.034112 0.049863 0.072228 0.103669 0.147432 0.207741 0.290024 0.401162 0.549765 0.746447 1.004112 1.338202 1.766906 2.311285 2.995282 3.845585 4.891293 6.163368 7.693820 9.514637 11.656426 14.146809 17.008599 20.257822 23.901678 27.936561 32.346252 37.100453 42.153781 47.445382 52.899262 58.425417 63.921802 69.277112 74.374293 79.094651 83.322367 86.949178 89.878970 92.032007 93.348540 93.791561 93.348540 92.032007 89.878970 86.949178 83.322367 79.094651 74.374293 69.277112 63.921802 58.425417 52.899262 47.445382 42.153781 37.100453 32.346252 27.936561 23.901678 20.257822 17.008599 14.146809 11.656426 9.514637 7.693820 6.163368 4.891293 3.845585 2.995282 2.311285 1.766906 1.338202 1.004112 0.746447 0.549765 0.401163 0.290025 0.207742 0.147435 0.103674 0.072236 0.049878 0.034137 0.023173 0.015624 0.010500 0.007093 0.004909 0.003618 0.003021 0.003021 
0.002097 0.002097 0.002530 0.003468 0.005065 0.007576 0.011383 0.017043 0.025341 0.037369 0.054619 0.079112 0.113543 0.161465 0.227502 0.317594 0.439273 0.601961 0.817275 1.099333 1.465034 1.934278 2.530108 3.278720 4.209306 5.353701 6.745768 8.420521 10.412943 12.756504 15.481409 18.612595 22.167576 26.154212 30.568537 35.392794 40.593824 46.121970 51.910657 57.876752 63.921802 69.934191 75.792176 81.367730 86.531038 91.155431 95.122505 98.327146 100.682153 102.122180 102.606757 102.122180 100.682153 98.327146 95.122505 91.155431 86.531038 81.367730 75.792176 69.934191 63.921802 57.876752 51.910657 46.121970 40.593824 35.392794 30.568537 26.154212 22.167576 18.612595 15.481409 12.756504 10.412943 8.420521 6.745768 5.353701 4.209306 3.278720 2.530108 1.934278 1.465034 1.099333 0.817275 0.601961 0.439274 0.317595 0.227504 0.161469 0.113549 0.079122 0.054636 0.037396 0.025387 0.017118 0.011505 0.007772 0.005379 0.003966 0.003311 0.003311 
0.002277 0.002277 0.002746 0.003764 0.005498 0.008222 0.012353 0.018494 0.027497 0.040545 0.059259 0.085828 0.123175 0.175152 0.246773 0.344479 0.476436 0.652856 0.886333 1.192171 1.588685 2.097446 2.743427 3.555015 4.563847 5.804419 7.313425 9.128802 11.288448 13.828625 16.782050 20.175731 24.028630 28.349246 33.133263 38.361424 43.997780 49.988512 56.261469 62.726562 69.277112 75.792176 82.139843 88.181402 93.776202 98.787007 103.085538 106.557913 109.109658 110.669982 111.195039 110.669982 109.109658 106.557913 103.085538 98.787007 93.776202 88.181402 82.139843 75.792176 69.277112 62.726562 56.261469 49.988512 43.997780 38.361424 33.133263 28.349246 24.028630 20.175731 16.782050 13.828625 11.288448 9.128802 7.313425 5.804419 4.563847 3.555015 2.743427 2.097446 1.588685 1.192171 0.886333 0.652856 0.476437 0.344480 0.246775 0.175155 0.123181 0.085838 0.059277 0.040575 0.027547 0.018575 0.012485 0.008435 0.005839 0.004304 0.003594 0.003594 
