0.000000 0.000000 0.000000 0.000000 0.000000 0.000000 0.000000 0.000000 0.000000 0.000000 0.000000 0.000000 0.000000 0.000000 0.000000 0.000000 0.000000 0.000000 0.000000 0.000000 0.000000 0.000000 0.000000 0.000000 0.000000 0.000000 0.000000 0.000000 0.000000 0.000000 0.000000 0.000000 0.000000 0.000000 0.000000 0.000000 0.000000 0.000000 0.000000 0.000000 0.000000 0.000000 0.000000 0.000000 0.000000 0.000000 0.000000 0.000000 0.000000 0.000000 0.000000 0.000000 0.000000 0.000000 0.000000 0.000000 0.000000 0.000000 0.000000 0.000000 0.000000 0.000000 0.000000 0.000000 0.000000 0.000000 0.000000 0.000000 0.000000 0.000000 0.000000 0.000000 0.000000 0.000000 0.000000 0.000000 0.000000 0.000000 0.000000 0.000000 0.000000 0.000000 0.000000 0.000000 0.000000 0.000000 0.000000 0.000000 0.000000 0.000000 0.000000 0.000000 0.000000 0.000000 0.000000 0.000000 0.000000 0.000000 0.000000 0.000000 
0.000000 0.000000 0.000000 0.000000 0.000000 0.000000 0.000000 0.000000 0.000000 0.000000 0.000000 0.000000 0.000000 0.000000 0.000000 0.000000 0.000000 0.000000 0.000000 0.000000 0.000000 0.000000 0.000000 0.000000 0.000000 0.000000 0.000000 0.000000 0.000000 0.000000 0.000000 0.000000 0.000000 0.000000 0.000000 0.000000 0.000000 0.000000 0.000000 0.000000 0.000000 0.000000 0.000000 0.000000 0.000000 0.000000 0.000000 0.000000 0.000000 0.000000 0.000000 0.000000 0.000000 0.000000 0.000000 0.000000 0.000000 0.000000 0.000000 0.000000 0.000000 0.000000 0.000000 0.000000 0.000000 0.000000 0.000000 0.000000 0.000000 0.000000 0.000000 0.000000 0.000000 0.000000 0.000000 0.000000 0.000000 0.000000 0.000000 0.000000 0.000000 0.000000 0.000000 0.000000 0.000000 0.000000 0.000000 0.000000 0.000000 0.000000 0.000000 0.000000 0.000000 0.000000 0.000000 0.000000 0.000000 0.000000 0.000000 0.000000 
0.000000 0.000000 0.000000 0.000000 0.000000 0.000000 0.000000 0.000000 0.000000 0.000000 0.000000 0.000000 0.000000 0.000000 0.000000 0.000000 0.000000 0.000000 0.000000 0.000000 0.000000 0.000000 0.000000 0.000000 0.000000 0.000000 0.000000 0.000000 0.000000 0.000000 0.000000 0.000000 0.000000 0.000000 0.000000 0.000000 0.000000 0.000000 0.000000 0.000000 0.000000 0.000000 0.000000 0.000000 0.000000 0.000000 0.000000 0.000000 0.000000 0.000000 0.000000 0.000000 0.000000 0.000000 0.000000 0.000000 0.000000 0.000000 0.000000 0.000000 0.000000 0.000000 0.000000 0.000000 0.000000 0.000000 0.000000 0.000000 0.000000 0.000000 0.000000 0.000000 0.000000 0.000000 0.000000 0.000000 0.000000 0.000000 0.000000 0.000000 0.000000 0.000000 0.000000 0.000000 0.000000 0.000000 0.000000 0.000000 0.000000 0.000000 0.000000 0.000000 0.000000 0.000000 0.000000 0.000000 0.000000 0.000000 0.000000 0.000000 
0.000000 0.000000 0.000000 0.000000 0.000000 0.000000 0.000000 0.000000 0.000000 0.000000 0.000000 0.000000 0.000000 0.000000 0.000000 0.000000 0.000000 0.000000 0.000000 0.000000 0.000000 0.000000 0.000000 0.000000 0.000000 0.000000 0.000000 0.000000 0.000000 0.000000 0.000000 0.000000 0.000000 0.000000 0.000000 0.000000 0.000000 0.000000 0.000000 0.000000 0.000000 0.000000 0.000000 0.000000 0.000000 0.000000 0.000000 0.000000 0.000000 0.000000 0.000000 0.000000 0.000000 0.000000 0.000000 0.000000 0.000000 0.000000 0.000000 0.000000 0.000000 0.000000 0.000000 0.000000 0.000000 0.000000 0.000000 0.000000 0.000000 0.000000 0.000000 0.000000 0.000000 0.000000 0.000000 0.000000 0.000000 0.000000 0.000000 0.000000 0.000000 0.000000 0.000000 0.000000 0.000000 0.000000 0.000000 0.000000 0.000000 0.000000 0.000000 0.000000 0.000000 0.000000 0.000000 0.000000 0.000000 0.000000 0.000000 0.000000 
0.000000 0.000000 0.000000 0.000000 0.000000 0.000000 0.000000 0.000000 0.000000 0.000000 0.000000 0.000000 0.000000 0.000000 0.000000 0.000000 0.000000 0.000000 0.000000 0.000000 0.000000 0.000000 0.000000 0.000000 0.000000 0.000000 0.000000 0.000000 0.000000 0.000000 0.000000 0.000000 0.000000 0.000000 0.000000 0.000000 0.000000 0.000000 0.000000 0.000000 0.000000 0.000000 0.000000 0.000000 0.000000 0.000000 0.000000 0.000000 0.000000 0.000000 0.000000 0.000000 0.000000 0.000000 0.000000 0.000000 0.000000 0.000000 0.000000 0.000000 0.000000 0.000000 0.000000 0.000000 0.000000 0.000000 0.000000 0.000000 0.000000 0.000000 0.000000 0.000000 0.000000 0.000000 0.000000 0.000000 0.000000 0.000000 0.000000 0.000000 0.000000 0.000000 0.000000 0.000000 0.000000 0.000000 0.000000 0.000000 0.000000 0.000000 0.000000 0.000000 0.000000 0.000000 0.000000 0.000000 0.000000 0.000000 0.000000 0.000000 
0.000000 0.000000 0.000000 0.000000 0.000000 0.000000 0.000000 0.000000 0.000000 0.000000 0.000000 0.000000 0.000000 0.000000 0.000000 0.000000 0.000000 0.000000 0.000000 0.000000 0.000000 0.000000 0.000000 0.000000 0.000000 0.000000 0.000000 0.000000 0.000000 0.000000 0.000000 0.000000 0.000000 0.000000 0.000000 0.000000 0.000000 0.000000 0.000000 0.000000 0.000000 0.000000 0.000000 0.000000 0.000000 0.000000 0.000000 0.000000 0.000000 0.000000 0.000000 0.000000 0.000000 0.000000 0.000000 0.000000 0.000000 0.000000 0.000000 0.000000 0.000000 0.000000 0.000000 0.000000 0.000000 0.000000 0.000000 0.000000 0.000000 0.000000 0.000000 0.000000 0.000000 0.000000 0.000000 0.000000 0.000000 0.000000 0.000000 0.000000 0.000000 0.000000 0.000000 0.000000 0.000000 0.000000 0.000000 0.000000 0.000000 0.000000 0.000000 0.000000 0.000000 0.000000 0.000000 0.000000 0.000000 0.000000 0.000000 0.000000 
0.000000 0.000000 0.000000 0.000000 0.000000 0.000000 0.000000 0.000000 0.000000 0.000000 0.000000 0.000000 0.000000 0.000000 0.000000 0.000000 0.000000 0.000000 0.000000 0.000000 0.000000 0.000000 0.000000 0.000000 0.000000 0.000000 0.000000 0.000000 0.000000 0.000000 0.000000 0.000000 0.000000 0.000000 0.000000 0.000000 0.000000 0.000000 0.000000 0.000000 0.000000 0.000000 0.000000 0.000000 0.000000 0.000000 0.000000 0.000000 0.000000 0.000000 0.000000 0.000000 0.000000 0.000000 0.000000 0.000000 0.000000 0.000000 0.000000 0.000000 0.000000 0.000000 0.000000 0.000000 0.000000 0.000000 0.000000 0.000000 0.000000 0.000000 0.000000 0.000000 0.000000 0.000000 0.000000 0.000000 0.000000 0.000000 0.000000 0.000000 0.000000 0.000000 0.000000 0.000000 0.000000 0.000000 0.000000 0.000000 0.000000 0.000000 0.000000 0.000000 0.000000 0.000000 0.000000 0.000000 0.000000 0.000000 0.000000 0.000000 
0.000000 0.000000 0.000000 0.000000 0.000000 0.000000 0.000000 0.000000 0.000000 0.000000 0.000000 0.000000 0.000000 0.000000 0.000000 0.000000 0.000000 0.000000 0.000000 0.000000 0.000000 0.000000 0.000000 0.000000 0.000000 0.000000 0.000000 0.000000 0.000000 0.000000 0.000000 0.000000 0.000000 0.000000 0.000000 0.000000 0.000000 0.000000 0.000000 0.000000 0.000000 0.000000 0.000000 0.000000 0.000000 0.000000 0.000000 0.000000 0.000000 0.000000 0.000000 0.000000 0.000000 0.000000 0.000000 0.000000 0.000000 0.000000 0.000000 0.000000 0.000000 0.000000 0.000000 0.000000 0.000000 0.000000 0.000000 0.000000 0.000000 0.000000 0.000000 0.000000 0.000000 0.000000 0.000000 0.000000 0.000000 0.000000 0.000000 0.000000 0.000000 0.000000 0.000000 0.000000 0.000000 0.000000 0.000000 0.000000 0.000000 0.000000 0.000000 0.000000 0.000000 0.000000 0.000000 0.000000 0.000000 0.000000 0.000000 0.000000 
0.000000 0.000000 0.000000 0.000000 0.000000 0.000000 0.000000 0.000000 0.000000 0.000000 0.000000 0.000000 0.000000 0.000000 0.000000 0.000000 0.000000 0.000000 0.000000 0.000000 0.000000 0.000000 0.000000 0.000000 0.000000 0.000000 0.000000 0.000000 0.000000 0.000000 0.000000 0.000000 0.000000 0.000000 0.000000 0.000000 0.000000 0.000000 0.000000 0.000000 0.000000 0.000000 0.000000 0.000000 0.000000 0.000000 0.000000 0.000000 0.000000 0.000000 0.000000 0.000000 0.000000 0.000000 0.000000 0.000000 0.000000 0.000000 0.000000 0.000000 0.000000 0.000000 0.000000 0.000000 0.000000 0.000000 0.000000 0.000000 0.000000 0.000000 0.000000 0.000000 0.000000 0.000000 0.000000 0.000000 0.000000 0.000000 0.000000 0.000000 0.000000 0.000000 0.000000 0.000000 0.000000 0.000000 0.000000 0.000000 0.000000 0.000000 0.000000 0.000000 0.000000 0.000000 0.000000 0.000000 0.000000 0.000000 0.000000 0.000000 
0.000000 0.000000 0.000000 0.000000 0.000000 0.000000 0.000000 0.000000 0.000000 0.000000 0.000000 0.000000 0.000000 0.000000 0.000000 0.000000 0.000000 0.000000 0.000000 0.000000 0.000000 0.000000 0.000000 0.000000 0.000000 0.000000 0.000000 0.000000 0.000000 0.000000 0.000000 0.000000 0.000000 0.000000 0.000000 0.000000 0.000000 0.000000 0.000000 0.000000 0.000000 0.000000 0.000000 0.000000 0.000000 0.000000 0.000000 0.000000 0.000000 0.000000 0.000000 0.000000 0.000000 0.000000 0.000000 0.000000 0.000000 0.000000 0.000000 0.000000 0.000000 0.000000 0.000000 0.000000 0.000000 0.000000 0.000000 0.000000 0.000000 0.000000 0.000000 0.000000 0.000000 0.000000 0.000000 0.000000 0.000000 0.000000 0.000000 0.000000 0.000000 0.000000 0.000000 0.000000 0.000000 0.000000 0.000000 0.000000 0.000000 0.000000 0.000000 0.000000 0.000000 0.000000 0.000000 0.000000 0.000000 0.000000 0.000000 0.000000 
0.000000 0.000000 0.000000 0.000000 0.000000 0.000000 0.000000 0.000000 0.000000 0.000000 0.000000 0.000000 0.000000 0.000000 0.000000 0.000000 0.000000 0.000000 0.000000 0.000000 0.000000 0.000000 0.000000 0.000000 0.000000 0.000000 0.000000 0.000000 0.000000 0.000000 0.000000 0.000000 0.000000 0.000000 0.000000 0.000000 0.000000 0.000000 0.000000 0.000000 0.000000 0.000000 0.000000 0.000000 0.000001 0.000001 0.000001 0.000001 0.000001 0.000001 0.000001 0.000001 0.000001 0.000001 0.000001 0.000001 0.000001 0.000000 0.000000 0.000000 0.000000 0.000000 0.000000 0.000000 0.000000 0.000000 0.000000 0.000000 0.000000 0.000000 0.000000 0.000000 0.000000 0.000000 0.000000 0.000000 0.000000 0.000000 0.000000 0.000000 0.000000 0.000000 0.000000 0.000000 0.000000 0.000000 0.000000 0.000000 0.000000 0.000000 0.000000 0.000000 0.000000 0.000000 0.000000 0.000000 0.000000 0.000000 0.000000 0.000000 
0.000000 0.000000 0.000000 0.000000 0.000000 0.000000 0.000000 0.000000 0.000000 0.000000 0.000000 0.000000 0.000000 0.000000 0.000000 0.000000 0.000000 0.000000 0.000000 0.000000 0.000000 0.000000 0.000000 0.000000 0.000000 0.000000 0.000000 0.000000 0.000000 0.000000 0.000000 0.000000 0.000000 0.000000 0.000000 0.000000 0.000000 0.000000 0.000000 0.000000 0.000001 0.000001 0.000001 0.000001 0.000001 0.000002 0.000002 0.000002 0.000002 0.000002 0.000002 0.000002 0.000002 0.000002 0.000002 0.000002 0.000001 0.000001 0.000001 0.000001 0.000001 0.000000 0.000000 0.000000 0.000000 0.000000 0.000000 0.000000 0.000000 0.000000 0.000000 0.000000 0.000000 0.000000 0.000000 0.000000 0.000000 0.000000 0.000000 0.000000 0.000000 0.000000 0.000000 0.000000 0.000000 0.000000 0.000000 0.000000 0.000000 0.000000 0.000000 0.000000 0.000000 0.000000 0.000000 0.000000 0.000000 0.000000 0.000000 0.000000 
0.000000 0.000000 0.000000 0.000000 0.000000 0.000000 0.000000 0.000000 0.000000 0.000000 0.000000 0.000000 0.000000 0.000000 0.000000 0.000000 0.000000 0.000000 0.000000 0.000000 0.000000 0.000000 0.000000 0.000000 0.000000 0.000000 0.000000 0.000000 0.000000 0.000000 0.000000 0.000000 0.000000 0.000000 0.000000 0.000000 0.000000 0.000001 0.000001 0.000001 0.000001 0.000002 0.000002 0.000003 0.000004 0.000004 0.000005 0.000005 0.000006 0.000006 0.000006 0.000006 0.000006 0.000005 0.000005 0.000004 0.000004 0.000003 0.000002 0.000002 0.000001 0.000001 0.000001 0.000001 0.000000 0.000000 0.000000 0.000000 0.000000 0.000000 0.000000 0.000000 0.000000 0.000000 0.000000 0.000000 0.000000 0.000000 0.000000 0.000000 0.000000 0.000000 0.000000 0.000000 0.000000 0.000000 0.000000 0.000000 0.000000 0.000000 0.000000 0.000000 0.000000 0.000000 0.000000 0.000000 0.000000 0.000000 0.000000 0.000000 
0.000000 0.000000 0.000000 0.000000 0.000000 0.000000 0.000000 0.000000 0.000000 0.000000 0.000000 0.000000 0.000000 0.000000 0.000000 0.000000 0.000000 0.000000 0.000000 0.000000 0.000000 0.000000 0.000000 0.000000 0.000000 0.000000 0.000000 0.000000 0.000000 0.000000 0.000000 0.000000 0.000000 0.000000 0.000000 0.000001 0.000001 0.000001 0.000002 0.000003 0.000004 0.000005 0.000006 0.000008 0.000009 0.000011 0.000012 0.000013 0.000014 0.000015 0.000015 0.000015 0.000014 0.000013 0.000012 0.000011 0.000009 0.000008 0.000006 0.000005 0.000004 0.000003 0.000002 0.000001 0.000001 0.000001 0.000000 0.000000 0.000000 0.000000 0.000000 0.000000 0.000000 0.000000 0.000000 0.000000 0.000000 0.000000 0.000000 0.000000 0.000000 0.000000 0.000000 0.000000 0.000000 0.000000 0.000000 0.000000 0.000000 0.000000 0.000000 0.000000 0.000000 0.000000 0.000000 0.000000 0.000000 0.000000 0.000000 0.000000 
0.000000 0.000000 0.000000 0.000000 0.000000 0.000000 0.000000 0.000000 0.000000 0.000000 0.000000 0.000000 0.000000 0.000000 0.000000 0.000000 0.000000 0.000000 0.000000 0.000000 0.000000 0.000000 0.000000 0.000000 0.000000 0.000000 0.000000 0.000000 0.000000 0.000000 0.000000 0.000000 0.000000 0.000001 0.000001 0.000002 0.000002 0.000003 0.000005 0.000007 0.000009 0.000012 0.000015 0.000018 0.000022 0.000026 0.000029 0.000032 0.000034 0.000036 0.000036 0.000036 0.000034 0.000032 0.000029 0.000026 0.000022 0.000018 0.000015 0.000012 0.000009 0.000007 0.000005 0.000003 0.000002 0.000002 0.000001 0.000001 0.000000 0.000000 0.000000 0.000000 0.000000 0.000000 0.000000 0.000000 0.000000 0.000000 0.000000 0.000000 0.000000 0.000000 0.000000 0.000000 0.000000 0.000000 0.000000 0.000000 0.000000 0.000000 0.000000 0.000000 0.000000 0.000000 0.000000 0.000000 0.000000 0.000000 0.000000 0.000000 
0.000000 0.000000 0.000000 0.000000 0.000000 0.000000 0.000000 0.000000 0.000000 0.000000 0.000000 0.000000 0.000000 0.000000 0.000000 0.000000 0.000000 0.000000 0.000000 0.000000 0.000000 0.000000 0.000000 0.000000 0.000000 0.000000 0.000000 0.000000 0.000000 0.000000 0.000000 0.000001 0.000001 0.000002 0.000003 0.000004 0.000006 0.000008 0.000012 0.000016 0.000022 0.000028 0.000036 0.000044 0.000053 0.000061 0.000070 0.000077 0.000082 0.000086 0.000087 0.000086 0.000082 0.000077 0.000070 0.000061 0.000053 0.000044 0.000036 0.000028 0.000022 0.000016 0.000012 0.000008 0.000006 0.000004 0.000003 0.000002 0.000001 0.000001 0.000000 0.000000 0.000000 0.000000 0.000000 0.000000 0.000000 0.000000 0.000000 0.000000 0.000000 0.000000 0.000000 0.000000 0.000000 0.000000 0.000000 0.000000 0.000000 0.000000 0.000000 0.000000 0.000000 0.000000 0.000000 0.000000 0.000000 0.000000 0.000000 0.000000 
0.000000 0.000000 0.000000 0.000000 0.000000 0.000000 0.000000 0.000000 0.000000 0.000000 0.000000 0.000000 0.000000 0.000000 0.000000 0.000000 0.000000 0.000000 0.000000 0.000000 0.000000 0.000000 0.000000 0.000000 0.000000 0.000000 0.000000 0.000000 0.000000 0.000000 0.000001 0.000001 0.000002 0.000004 0.000006 0.000009 0.000014 0.000020 0.000028 0.000038 0.000051 0.000066 0.000084 0.000103 0.000123 0.000144 0.000163 0.000179 0.000192 0.000200 0.000203 0.000200 0.000192 0.000179 0.000163 0.000144 0.000123 0.000103 0.000084 0.000066 0.000051 0.000038 0.000028 0.000020 0.000014 0.000009 0.000006 0.000004 0.000002 0.000001 0.000001 0.000000 0.000000 0.000000 0.000000 0.000000 0.000000 0.000000 0.000000 0.000000 0.000000 0.000000 0.000000 0.000000 0.000000 0.000000 0.000000 0.000000 0.000000 0.000000 0.000000 0.000000 0.000000 0.000000 0.000000 0.000000 0.000000 0.000000 0.000000 0.000000 
0.000000 0.000000 0.000000 0.000000 0.000000 0.000000 0.000000 0.000000 0.000000 0.000000 0.000000 0.000000 0.000000 0.000000 0.000000 0.000000 0.000000 0.000000 0.000000 0.000000 0.000000 0.000000 0.000000 0.000000 0.000000 0.000000 0.000000 0.000000 0.000001 0.000001 0.000002 0.000003 0.000006 0.000009 0.000014 0.000021 0.000032 0.000046 0.000064 0.000088 0.000117 0.000152 0.000192 0.000236 0.000282 0.000328 0.000371 0.000409 0.000438 0.000456 0.000463 0.000456 0.000438 0.000409 0.000371 0.000328 0.000282 0.000236 0.000192 0.000152 0.000117 0.000088 0.000064 0.000046 0.000032 0.000021 0.000014 0.000009 0.000006 0.000003 0.000002 0.000001 0.000001 0.000000 0.000000 0.000000 0.000000 0.000000 0.000000 0.000000 0.000000 0.000000 0.000000 0.000000 0.000000 0.000000 0.000000 0.000000 0.000000 0.000000 0.000000 0.000000 0.000000 0.000000 0.000000 0.000000 0.000000 0.000000 0.000000 0.000000 
0.000000 0.000000 0.000000 0.000000 0.000000 0.000000 0.000000 0.000000 0.000000 0.000000 0.000000 0.000000 0.000000 0.000000 0.000000 0.000000 0.000000 0.000000 0.000000 0.000000 0.000000 0.000000 0.000000 0.000000 0.000000 0.000000 0.000000 0.000001 0.000001 0.000003 0.000005 0.000008 0.000013 0.000020 0.000032 0.000048 0.000071 0.000103 0.000144 0.000197 0.000263 0.000341 0.000430 0.000527 0.000630 0.000732 0.000829 0.000912 0.000977 0.001018 0.001032 0.001018 0.000977 0.000912 0.000829 0.000732 0.000630 0.000527 0.000430 0.000341 0.000263 0.000197 0.000144 0.000103 0.000071 0.000048 0.000032 0.000020 0.000013 0.000008 0.000005 0.000003 0.000001 0.000001 0.000000 0.000000 0.000000 0.000000 0.000000 0.000000 0.000000 0.000000 0.000000 0.000000 0.000000 0.000000 0.000000 0.000000 0.000000 0.000000 0.000000 0.000000 0.000000 0.000000 0.000000 0.000000 0.000000 0.000000 0.000000 0.000000 
0.000000 0.000000 0.000000 0.000000 0.000000 0.000000 0.000000 0.000000 0.000000 0.000000 0.000000 0.000000 0.000000 0.000000 0.000000 0.000000 0.000000 0.000000 0.000000 0.000000 0.000000 0.000000 0.000000 0.000000 0.000000 0.000000 0.000001 0.000002 0.000003 0.000006 0.000010 0.000017 0.000028 0.000045 0.000070 0.000106 0.000157 0.000226 0.000317 0.000433 0.000576 0.000745 0.000939 0.001152 0.001376 0.001598 0.001807 0.001988 0.002129 0.002218 0.002248 0.002218 0.002129 0.001988 0.001807 0.001598 0.001376 0.001152 0.000939 0.000745 0.000576 0.000433 0.000317 0.000226 0.000157 0.000106 0.000070 0.000045 0.000028 0.000017 0.000010 0.000006 0.000003 0.000002 0.000001 0.000000 0.000000 0.000000 0.000000 0.000000 0.000000 0.000000 0.000000 0.000000 0.000000 0.000000 0.000000 0.000000 0.000000 0.000000 0.000000 0.000000 0.000000 0.000000 0.000000 0.000000 0.000000 0.000000 0.000000 0.000000 
0.000000 0.000000 0.000000 0.000000 0.000000 0.000000 0.000000 0.000000 0.000000 0.000000 0.000000 0.000000 0.000000 0.000000 0.000000 0.000000 0.000000 0.000000 0.000000 0.000000 0.000000 0.000000 0.000000 0.000000 0.000001 0.000001 0.000002 0.000004 0.000007 0.000013 0.000022 0.000037 0.000060 0.000096 0.000150 0.000228 0.000337 0.000485 0.000679 0.000927 0.001232 0.001593 0.002006 0.002459 0.002934 0.003407 0.003851 0.004235 0.004533 0.004722 0.004787 0.004722 0.004533 0.004235 0.003851 0.003407 0.002934 0.002459 0.002006 0.001593 0.001232 0.000927 0.000679 0.000485 0.000337 0.000228 0.000150 0.000096 0.000060 0.000037 0.000022 0.000013 0.000007 0.000004 0.000002 0.000001 0.000001 0.000000 0.000000 0.000000 0.000000 0.000000 0.000000 0.000000 0.000000 0.000000 0.000000 0.000000 0.000000 0.000000 0.000000 0.000000 0.000000 0.000000 0.000000 0.000000 0.000000 0.000000 0.000000 0.000000 
0.000000 0.000000 0.000000 0.000000 0.000000 0.000000 0.000000 0.000000 0.000000 0.000000 0.000000 0.000000 0.000000 0.000000 0.000000 0.000000 0.000000 0.000000 0.000000 0.000000 0.000000 0.000000 0.000000 0.000001 0.000001 0.000002 0.000004 0.000008 0.000015 0.000027 0.000046 0.000078 0.000127 0.000203 0.000316 0.000479 0.000707 0.001016 0.001423 0.001940 0.002575 0.003328 0.004187 0.005129 0.006115 0.007097 0.008017 0.008814 0.009432 0.009824 0.009958 0.009824 0.009432 0.008814 0.008017 0.007097 0.006115 0.005129 0.004187 0.003328 0.002575 0.001940 0.001423 0.001016 0.000707 0.000479 0.000316 0.000203 0.000127 0.000078 0.000046 0.000027 0.000015 0.000008 0.000004 0.000002 0.000001 0.000001 0.000000 0.000000 0.000000 0.000000 0.000000 0.000000 0.000000 0.000000 0.000000 0.000000 0.000000 0.000000 0.000000 0.000000 0.000000 0.000000 0.000000 0.000000 0.000000 0.000000 0.000000 0.000000 
0.000000 0.000000 0.000000 0.000000 0.000000 0.000000 0.000000 0.000000 0.000000 0.000000 0.000000 0.000000 0.000000 0.000000 0.000000 0.000000 0.000000 0.000000 0.000000 0.000000 0.000000 0.000000 0.000001 0.000001 0.000002 0.000005 0.000009 0.000017 0.000031 0.000055 0.000096 0.000160 0.000262 0.000418 0.000650 0.000983 0.001450 0.002082 0.002911 0.003964 0.005257 0.006788 0.008534 0.010446 0.012447 0.014439 0.016304 0.017920 0.019172 0.019965 0.020237 0.019965 0.019172 0.017920 0.016304 0.014439 0.012447 0.010446 0.008534 0.006788 0.005257 0.003964 0.002911 0.002082 0.001450 0.000983 0.000650 0.000418 0.000262 0.000160 0.000096 0.000055 0.000031 0.000017 0.000009 0.000005 0.000002 0.000001 0.000001 0.000000 0.000000 0.000000 0.000000 0.000000 0.000000 0.000000 0.000000 0.000000 0.000000 0.000000 0.000000 0.000000 0.000000 0.000000 0.000000 0.000000 0.000000 0.000000 0.000000 0.000000 
0.000000 0.000000 0.000000 0.000000 0.000000 0.000000 0.000000 0.000000 0.000000 0.000000 0.000000 0.000000 0.000000 0.000000 0.000000 0.000000 0.000000 0.000000 0.000000 0.000000 0.000000 0.000001 0.000001 0.000003 0.000005 0.000010 0.000019 0.000035 0.000064 0.000112 0.000193 0.000324 0.000529 0.000841 0.001305 0.001972 0.002903 0.004163 0.005816 0.007912 0.010482 0.013524 0.016989 0.020781 0.024748 0.028693 0.032386 0.035585 0.038063 0.039632 0.040169 0.039632 0.038063 0.035585 0.032386 0.028693 0.024748 0.020781 0.016989 0.013524 0.010482 0.007912 0.005816 0.004163 0.002903 0.001972 0.001305 0.000841 0.000529 0.000324 0.000193 0.000112 0.000064 0.000035 0.000019 0.000010 0.000005 0.000003 0.000001 0.000001 0.000000 0.000000 0.000000 0.000000 0.000000 0.000000 0.000000 0.000000 0.000000 0.000000 0.000000 0.000000 0.000000 0.000000 0.000000 0.000000 0.000000 0.000000 0.000000 0.000000 
0.000000 0.000000 0.000000 0.000000 0.000000 0.000000 0.000000 0.000000 0.000000 0.000000 0.000000 0.000000 0.000000 0.000000 0.000000 0.000000 0.000000 0.000000 0.000000 0.000000 0.000001 0.000001 0.000002 0.000005 0.000010 0.000020 0.000038 0.000070 0.000126 0.000222 0.000381 0.000637 0.001039 0.001651 0.002558 0.003860 0.005676 0.008130 0.011345 0.015419 0.020409 0.026310 0.033028 0.040372 0.048052 0.055685 0.062828 0.069013 0.073802 0.076834 0.077872 0.076834 0.073802 0.069013 0.062828 0.055685 0.048052 0.040372 0.033028 0.026310 0.020409 0.015419 0.011345 0.008130 0.005676 0.003860 0.002558 0.001651 0.001039 0.000637 0.000381 0.000222 0.000126 0.000070 0.000038 0.000020 0.000010 0.000005 0.000002 0.000001 0.000001 0.000000 0.000000 0.000000 0.000000 0.000000 0.000000 0.000000 0.000000 0.000000 0.000000 0.000000 0.000000 0.000000 0.000000 0.000000 0.000000 0.000000 0.000000 0.000000 
0.000000 0.000000 0.000000 0.000000 0.000000 0.000000 0.000000 0.000000 0.000000 0.000000 0.000000 0.000000 0.000000 0.000000 0.000000 0.000000 0.000000 0.000000 0.000000 0.000000 0.000001 0.000002 0.000005 0.000010 0.000020 0.000039 0.000073 0.000135 0.000243 0.000428 0.000733 0.001224 0.001994 0.003164 0.004894 0.007377 0.010834 0.015501 0.021607 0.029337 0.038799 0.049976 0.062692 0.076585 0.091104 0.105527 0.119018 0.130696 0.139736 0.145459 0.147418 0.145459 0.139736 0.130696 0.119018 0.105527 0.091104 0.076585 0.062692 0.049976 0.038799 0.029337 0.021607 0.015501 0.010834 0.007377 0.004894 0.003164 0.001994 0.001224 0.000733 0.000428 0.000243 0.000135 0.000073 0.000039 0.000020 0.000010 0.000005 0.000002 0.000001 0.000000 0.000000 0.000000 0.000000 0.000000 0.000000 0.000000 0.000000 0.000000 0.000000 0.000000 0.000000 0.000000 0.000000 0.000000 0.000000 0.000000 0.000000 0.000000 
0.000000 0.000000 0.000000 0.000000 0.000000 0.000000 0.000000 0.000000 0.000000 0.000000 0.000000 0.000000 0.000000 0.000000 0.000000 0.000000 0.000000 0.000000 0.000000 0.000001 0.000002 0.000004 0.000009 0.000019 0.000038 0.000073 0.000138 0.000255 0.000459 0.000805 0.001377 0.002296 0.003733 0.005917 0.009140 0.013759 0.020183 0.028848 0.040170 0.054493 0.072007 0.092679 0.116181 0.141842 0.168642 0.195254 0.220135 0.241667 0.258330 0.268877 0.272487 0.268877 0.258330 0.241667 0.220135 0.195254 0.168642 0.141842 0.116181 0.092679 0.072007 0.054493 0.040170 0.028848 0.020183 0.013759 0.009140 0.005917 0.003733 0.002296 0.001377 0.000805 0.000459 0.000255 0.000138 0.000073 0.000038 0.000019 0.000009 0.000004 0.000002 0.000001 0.000000 0.000000 0.000000 0.000000 0.000000 0.000000 0.000000 0.000000 0.000000 0.000000 0.000000 0.000000 0.000000 0.000000 0.000000 0.000000 0.000000 0.000000 
0.000000 0.000000 0.000000 0.000000 0.000000 0.000000 0.000000 0.000000 0.000000 0.000000 0.000000 0.000000 0.000000 0.000000 0.000000 0.000000 0.000000 0.000000 0.000001 0.000002 0.000004 0.000008 0.000017 0.000035 0.000070 0.000135 0.000255 0.000469 0.000843 0.001477 0.002523 0.004201 0.006822 0.010797 0.016658 0.025046 0.036700 0.052400 0.072896 0.098799 0.130447 0.167774 0.210179 0.256452 0.304753 0.352693 0.397497 0.436259 0.466248 0.485225 0.491722 0.485225 0.466248 0.436259 0.397497 0.352693 0.304753 0.256452 0.210179 0.167774 0.130447 0.098799 0.072896 0.052400 0.036700 0.025046 0.016658 0.010797 0.006822 0.004201 0.002523 0.001477 0.000843 0.000469 0.000255 0.000135 0.000070 0.000035 0.000017 0.000008 0.000004 0.000002 0.000001 0.000000 0.000000 0.000000 0.000000 0.000000 0.000000 0.000000 0.000000 0.000000 0.000000 0.000000 0.000000 0.000000 0.000000 0.000000 0.000000 0.000000 
0.000000 0.000000 0.000000 0.000000 0.000000 0.000000 0.000000 0.000000 0.000000 0.000000 0.000000 0.000000 0.000000 0.000000 0.000000 0.000000 0.000000 0.000001 0.000001 0.000003 0.000007 0.000015 0.000031 0.000064 0.000126 0.000243 0.000459 0.000843 0.001512 0.002644 0.004510 0.007500 0.012161 0.019224 0.029623 0.044491 0.065121 0.092888 0.129102 0.174827 0.230650 0.296439 0.371131 0.452585 0.537566 0.621873 0.700636 0.768757 0.821449 0.854788 0.866201 0.854788 0.821449 0.768757 0.700636 0.621873 0.537566 0.452585 0.371131 0.296439 0.230650 0.174827 0.129102 0.092888 0.065121 0.044491 0.029623 0.019224 0.012161 0.007500 0.004510 0.002644 0.001512 0.000843 0.000459 0.000243 0.000126 0.000064 0.000031 0.000015 0.000007 0.000003 0.000001 0.000001 0.000000 0.000000 0.000000 0.000000 0.000000 0.000000 0.000000 0.000000 0.000000 0.000000 0.000000 0.000000 0.000000 0.000000 0.000000 0.000000 
0.000000 0.000000 0.000000 0.000000 0.000000 0.000000 0.000000 0.000000 0.000000 0.000000 0.000000 0.000000 0.000000 0.000000 0.000000 0.000000 0.000000 0.000001 0.000003 0.000006 0.000013 0.000027 0.000055 0.000112 0.000222 0.000428 0.000805 0.001477 0.002644 0.004617 0.007864 0.013061 0.021151 0.033395 0.051398 0.077111 0.112752 0.160674 0.223118 0.301895 0.397995 0.511172 0.639580 0.779535 0.925478 1.070200 1.205357 1.322219 1.412593 1.469767 1.489337 1.469767 1.412593 1.322219 1.205357 1.070200 0.925478 0.779535 0.639580 0.511172 0.397995 0.301895 0.223118 0.160674 0.112752 0.077111 0.051398 0.033395 0.021151 0.013061 0.007864 0.004617 0.002644 0.001477 0.000805 0.000428 0.000222 0.000112 0.000055 0.000027 0.000013 0.000006 0.000003 0.000001 0.000000 0.000000 0.000000 0.000000 0.000000 0.000000 0.000000 0.000000 0.000000 0.000000 0.000000 0.000000 0.000000 0.000000 0.000000 0.000000 
0.000000 0.000000 0.000000 0.000000 0.000000 0.000000 0.000000 0.000000 0.000000 0.000000 0.000000 0.000000 0.000000 0.000000 0.000000 0.000000 0.000001 0.000002 0.000005 0.000010 0.000022 0.000046 0.000096 0.000193 0.000381 0.000733 0.001377 0.002523 0.004510 0.007864 0.013376 0.022186 0.035884 0.056589 0.087000 0.130386 0.190466 0.271170 0.376239 0.508683 0.670130 0.860137 1.075585 1.310278 1.554894 1.797367 2.023736 2.219411 2.370702 2.466402 2.499156 2.466402 2.370702 2.219411 2.023736 1.797367 1.554894 1.310278 1.075585 0.860137 0.670130 0.508683 0.376239 0.271170 0.190466 0.130386 0.087000 0.056589 0.035884 0.022186 0.013376 0.007864 0.004510 0.002523 0.001377 0.000733 0.000381 0.000193 0.000096 0.000046 0.000022 0.000010 0.000005 0.000002 0.000001 0.000000 0.000000 0.000000 0.000000 0.000000 0.000000 0.000000 0.000000 0.000000 0.000000 0.000000 0.000000 0.000000 0.000000 0.000000 
0.000000 0.000000 0.000000 0.000000 0.000000 0.000000 0.000000 0.000000 0.000000 0.000000 0.000000 0.000000 0.000000 0.000000 0.000000 0.000001 0.000001 0.000003 0.000008 0.000017 0.000037 0.000078 0.000160 0.000324 0.000637 0.001224 0.002296 0.004201 0.007500 0.013061 0.022186 0.036754 0.059376 0.093532 0.143645 0.215066 0.313873 0.446478 0.618973 0.836243 1.100903 1.412181 1.764930 2.148991 2.549110 2.945568 3.315574 3.635326 3.882504 4.038836 4.092338 4.038836 3.882504 3.635326 3.315574 2.945568 2.549110 2.148991 1.764930 1.412181 1.100903 0.836243 0.618973 0.446478 0.313873 0.215066 0.143645 0.093532 0.059376 0.036754 0.022186 0.013061 0.007500 0.004201 0.002296 0.001224 0.000637 0.000324 0.000160 0.000078 0.000037 0.000017 0.000008 0.000003 0.000001 0.000001 0.000000 0.000000 0.000000 0.000000 0.000000 0.000000 0.000000 0.000000 0.000000 0.000000 0.000000 0.000000 0.000000 0.000000 
0.000000 0.000000 0.000000 0.000000 0.000000 0.000000 0.000000 0.000000 0.000000 0.000000 0.000000 0.000000 0.000000 0.000000 0.000000 0.000001 0.000002 0.000006 0.000013 0.000028 0.000060 0.000127 0.000262 0.000529 0.001039 0.001994 0.003733 0.006822 0.012161 0.021151 0.035884 0.059376 0.095816 0.150771 0.231322 0.346007 0.504526 0.717086 0.993367 1.341109 1.764413 2.261972 2.825509 3.438765 4.077387 4.709931 5.300089 5.809966 6.204042 6.453252 6.538535 6.453252 6.204042 5.809966 5.300089 4.709931 4.077387 3.438765 2.825509 2.261972 1.764413 1.341109 0.993367 0.717086 0.504526 0.346007 0.231322 0.150771 0.095816 0.059376 0.035884 0.021151 0.012161 0.006822 0.003733 0.001994 0.001039 0.000529 0.000262 0.000127 0.000060 0.000028 0.000013 0.000006 0.000002 0.000001 0.000000 0.000000 0.000000 0.000000 0.000000 0.000000 0.000000 0.000000 0.000000 0.000000 0.000000 0.000000 0.000000 0.000000 
0.000000 0.000000 0.000000 0.000000 0.000000 0.000000 0.000000 0.000000 0.000000 0.000000 0.000000 0.000000 0.000000 0.000000 0.000001 0.000002 0.000004 0.000009 0.000020 0.000045 0.000096 0.000203 0.000418 0.000841 0.001651 0.003164 0.005917 0.010797 0.019224 0.033395 0.056589 0.093532 0.150771 0.237009 0.363286 0.542911 0.790973 1.123335 1.555008 2.097954 2.758457 3.534373 4.412715 5.368106 6.362606 7.347295 8.265733 9.059048 9.672080 10.059711 10.192355 10.059711 9.672080 9.059048 8.265733 7.347295 6.362606 5.368106 4.412715 3.534373 2.758457 2.097954 1.555008 1.123335 0.790973 0.542911 0.363286 0.237009 0.150771 0.093532 0.056589 0.033395 0.019224 0.010797 0.005917 0.003164 0.001651 0.000841 0.000418 0.000203 0.000096 0.000045 0.000020 0.000009 0.000004 0.000002 0.000001 0.000000 0.000000 0.000000 0.000000 0.000000 0.000000 0.000000 0.000000 0.000000 0.000000 0.000000 0.000000 0.000000 
0.000000 0.000000 0.000000 0.000000 0.000000 0.000000 0.000000 0.000000 0.000000 0.000000 0.000000 0.000000 0.000000 0.000000 0.000001 0.000003 0.000006 0.000014 0.000032 0.000070 0.000150 0.000316 0.000650 0.001305 0.002558 0.004894 0.009140 0.016658 0.029623 0.051398 0.087000 0.143645 0.231322 0.363286 0.556343 0.830720 1.209327 1.716207 2.374078 3.200985 4.206325 5.386682 6.722192 8.174214 9.685089 11.180565 12.575036 13.779265 14.709676 15.297925 15.499209 15.297925 14.709676 13.779265 12.575036 11.180565 9.685089 8.174214 6.722192 5.386682 4.206325 3.200985 2.374078 1.716207 1.209327 0.830720 0.556343 0.363286 0.231322 0.143645 0.087000 0.051398 0.029623 0.016658 0.009140 0.004894 0.002558 0.001305 0.000650 0.000316 0.000150 0.000070 0.000032 0.000014 0.000006 0.000003 0.000001 0.000000 0.000000 0.000000 0.000000 0.000000 0.000000 0.000000 0.000000 0.000000 0.000000 0.000000 0.000000 0.000000 
0.000000 0.000000 0.000000 0.000000 0.000000 0.000000 0.000000 0.000000 0.000000 0.000000 0.000000 0.000000 0.000000 0.000001 0.000002 0.000004 0.000009 0.000021 0.000048 0.000106 0.000228 0.000479 0.000983 0.001972 0.003860 0.007377 0.013759 0.025046 0.044491 0.077111 0.130386 0.215066 0.346007 0.542911 0.830720 1.239427 1.802959 2.556874 3.534712 4.763040 6.255571 8.007026 9.987780 12.140442 14.379541 16.595127 18.660535 20.443794 21.821361 22.692231 22.990205 22.692231 21.821361 20.443794 18.660535 16.595127 14.379541 12.140442 9.987780 8.007026 6.255571 4.763040 3.534712 2.556874 1.802959 1.239427 0.830720 0.542911 0.346007 0.215066 0.130386 0.077111 0.044491 0.025046 0.013759 0.007377 0.003860 0.001972 0.000983 0.000479 0.000228 0.000106 0.000048 0.000021 0.000009 0.000004 0.000002 0.000001 0.000000 0.000000 0.000000 0.000000 0.000000 0.000000 0.000000 0.000000 0.000000 0.000000 0.000000 0.000000 
0.000000 0.000000 0.000000 0.000000 0.000000 0.000000 0.000000 0.000000 0.000000 0.000000 0.000000 0.000000 0.000000 0.000001 0.000002 0.000006 0.000014 0.000032 0.000071 0.000157 0.000337 0.000707 0.001450 0.002903 0.005676 0.010834 0.020183 0.036700 0.065121 0.112752 0.190466 0.313873 0.504526 0.790973 1.209327 1.802959 2.620877 3.714384 5.131785 6.911248 9.072303 11.607030 14.472347 17.585131 20.821801 24.023545 27.007539 29.583397 31.572953 32.830588 33.260876 32.830588 31.572953 29.583397 27.007539 24.023545 20.821801 17.585131 14.472347 11.607030 9.072303 6.911248 5.131785 3.714384 2.620877 1.802959 1.209327 0.790973 0.504526 0.313873 0.190466 0.112752 0.065121 0.036700 0.020183 0.010834 0.005676 0.002903 0.001450 0.000707 0.000337 0.000157 0.000071 0.000032 0.000014 0.000006 0.000002 0.000001 0.000000 0.000000 0.000000 0.000000 0.000000 0.000000 0.000000 0.000000 0.000000 0.000000 0.000000 0.000000 
0.000000 0.000000 0.000000 0.000000 0.000000 0.000000 0.000000 0.000000 0.000000 0.000000 0.000000 0.000000 0.000001 0.000001 0.000003 0.000008 0.000020 0.000046 0.000103 0.000226 0.000485 0.001016 0.002082 0.004163 0.008130 0.015501 0.028848 0.052400 0.092888 0.160674 0.271170 0.446478 0.717086 1.123335 1.716207 2.556874 3.714384 5.260929 7.264386 9.778245 12.829666 16.407094 20.449457 24.839351 29.402508 33.915193 38.120015 41.749061 44.551702 46.323141 46.929193 46.323141 44.551702 41.749061 38.120015 33.915193 29.402508 24.839351 20.449457 16.407094 12.829666 9.778245 7.264386 5.260929 3.714384 2.556874 1.716207 1.123335 0.717086 0.446478 0.271170 0.160674 0.092888 0.052400 0.028848 0.015501 0.008130 0.004163 0.002082 0.001016 0.000485 0.000226 0.000103 0.000046 0.000020 0.000008 0.000003 0.000001 0.000001 0.000000 0.000000 0.000000 0.000000 0.000000 0.000000 0.000000 0.000000 0.000000 0.000000 0.000000 
0.000000 0.000000 0.000000 0.000000 0.000000 0.000000 0.000000 0.000000 0.000000 0.000000 0.000000 0.000000 0.000001 0.000002 0.000005 0.000012 0.000028 0.000064 0.000144 0.000317 0.000679 0.001423 0.002911 0.005816 0.011345 0.021607 0.040170 0.072896 0.129102 0.223118 0.376239 0.618973 0.993367 1.555008 2.374078 3.534712 5.131785 7.264386 10.025544 13.488396 17.689807 22.613394 28.174764 34.212226 40.486126 46.689065 52.467608 57.454038 61.304473 63.737976 64.570501 63.737976 61.304473 57.454038 52.467608 46.689065 40.486126 34.212226 28.174764 22.613394 17.689807 13.488396 10.025544 7.264386 5.131785 3.534712 2.374078 1.555008 0.993367 0.618973 0.376239 0.223118 0.129102 0.072896 0.040170 0.021607 0.011345 0.005816 0.002911 0.001423 0.000679 0.000317 0.000144 0.000064 0.000028 0.000012 0.000005 0.000002 0.000001 0.000000 0.000000 0.000000 0.000000 0.000000 0.000000 0.000000 0.000000 0.000000 0.000000 0.000000 
0.000000 0.000000 0.000000 0.000000 0.000000 0.000000 0.000000 0.000000 0.000000 0.000000 0.000000 0.000000 0.000001 0.000003 0.000007 0.000016 0.000038 0.000088 0.000197 0.000433 0.000927 0.001940 0.003964 0.007912 0.015419 0.029337 0.054493 0.098799 0.174827 0.301895 0.508683 0.836243 1.341109 2.097954 3.200985 4.763040 6.911248 9.778245 13.488396 18.139259 23.779664 30.387037 37.847704 45.944543 54.356186 62.670748 70.414936 77.096523 82.255327 85.515474 86.630759 85.515474 82.255327 77.096523 70.414936 62.670748 54.356186 45.944543 37.847704 30.387037 23.779664 18.139259 13.488396 9.778245 6.911248 4.763040 3.200985 2.097954 1.341109 0.836243 0.508683 0.301895 0.174827 0.098799 0.054493 0.029337 0.015419 0.007912 0.003964 0.001940 0.000927 0.000433 0.000197 0.000088 0.000038 0.000016 0.000007 0.000003 0.000001 0.000000 0.000000 0.000000 0.000000 0.000000 0.000000 0.000000 0.000000 0.000000 0.000000 0.000000 
0.000000 0.000000 0.000000 0.000000 0.000000 0.000000 0.000000 0.000000 0.000000 0.000000 0.000000 0.000001 0.000001 0.000004 0.000009 0.000022 0.000051 0.000117 0.000263 0.000576 0.001232 0.002575 0.005257 0.010482 0.020409 0.038799 0.072007 0.130447 0.230650 0.397995 0.670130 1.100903 1.764413 2.758457 4.206325 6.255571 9.072303 12.829666 17.689807 23.779664 31.162363 39.807665 49.566335 60.154126 71.150836 82.018314 92.138489 100.868807 107.608700 111.867725 113.324672 111.867725 107.608700 100.868807 92.138489 82.018314 71.150836 60.154126 49.566335 39.807665 31.162363 23.779664 17.689807 12.829666 9.072303 6.255571 4.206325 2.758457 1.764413 1.100903 0.670130 0.397995 0.230650 0.130447 0.072007 0.038799 0.020409 0.010482 0.005257 0.002575 0.001232 0.000576 0.000263 0.000117 0.000051 0.000022 0.000009 0.000004 0.000001 0.000001 0.000000 0.000000 0.000000 0.000000 0.000000 0.000000 0.000000 0.000000 0.000000 0.000000 
0.000000 0.000000 0.000000 0.000000 0.000000 0.000000 0.000000 0.000000 0.000000 0.000000 0.000000 0.000001 0.000002 0.000005 0.000012 0.000028 0.000066 0.000152 0.000341 0.000745 0.001593 0.003328 0.006788 0.013524 0.026310 0.049976 0.092679 0.167774 0.296439 0.511172 0.860137 1.412181 2.261972 3.534373 5.386682 8.007026 11.607030 16.407094 22.613394 30.387037 39.807665 50.835895 63.280780 76.779544 90.796499 104.646055 117.541168 128.663893 137.249918 142.675187 144.531028 142.675187 137.249918 128.663893 117.541168 104.646055 90.796499 76.779544 63.280780 50.835895 39.807665 30.387037 22.613394 16.407094 11.607030 8.007026 5.386682 3.534373 2.261972 1.412181 0.860137 0.511172 0.296439 0.167774 0.092679 0.049976 0.026310 0.013524 0.006788 0.003328 0.001593 0.000745 0.000341 0.000152 0.000066 0.000028 0.000012 0.000005 0.000002 0.000001 0.000000 0.000000 0.000000 0.000000 0.000000 0.000000 0.000000 0.000000 0.000000 0.000000 
0.000000 0.000000 0.000000 0.000000 0.000000 0.000000 0.000000 0.000000 0.000000 0.000000 0.000000 0.000001 0.000002 0.000006 0.000015 0.000036 0.000084 0.000192 0.000430 0.000939 0.002006 0.004187 0.008534 0.016989 0.033028 0.062692 0.116181 0.210179 0.371131 0.639580 1.075585 1.764930 2.825509 4.412715 6.722192 9.987780 14.472347 20.449457 28.174764 37.847704 49.566335 63.280780 78.752940 95.531480 112.950603 130.158719 146.178625 159.995056 170.659523 177.397713 179.702602 177.397713 170.659523 159.995056 146.178625 130.158719 112.950603 95.531480 78.752940 63.280780 49.566335 37.847704 28.174764 20.449457 14.472347 9.987780 6.722192 4.412715 2.825509 1.764930 1.075585 0.639580 0.371131 0.210179 0.116181 0.062692 0.033028 0.016989 0.008534 0.004187 0.002006 0.000939 0.000430 0.000192 0.000084 0.000036 0.000015 0.000006 0.000002 0.000001 0.000000 0.000000 0.000000 0.000000 0.000000 0.000000 0.000000 0.000000 0.000000 0.000000 
0.000000 0.000000 0.000000 0.000000 0.000000 0.000000 0.000000 0.000000 0.000000 0.000000 0.000000 0.000001 0.000003 0.000008 0.000018 0.000044 0.000103 0.000236 0.000527 0.001152 0.002459 0.005129 0.010446 0.020781 0.040372 0.076585 0.141842 0.256452 0.452585 0.779535 1.310278 2.148991 3.438765 5.368106 8.174214 12.140442 17.585131 24.839351 34.212226 45.944543 60.154126 76.779544 95.531480 115.862587 136.966151 157.810891 177.213843 193.946288 206.860545 215.019816 217.810734 215.019816 206.860545 193.946288 177.213843 157.810891 136.966151 115.862587 95.531480 76.779544 60.154126 45.944543 34.212226 24.839351 17.585131 12.140442 8.174214 5.368106 3.438765 2.148991 1.310278 0.779535 0.452585 0.256452 0.141842 0.076585 0.040372 0.020781 0.010446 0.005129 0.002459 0.001152 0.000527 0.000236 0.000103 0.000044 0.000018 0.000008 0.000003 0.000001 0.000000 0.000000 0.000000 0.000000 0.000000 0.000000 0.000000 0.000000 0.000000 0.000000 
