0.000000 0.000000 0.000000 0.000000 0.000000 0.000000 0.000000 0.000000 0.000000 0.000000 0.000000 0.000000 0.000000 0.000000 0.000000 0.000000 0.000000 0.000000 0.000000 0.000000 0.000000 0.000000 0.000000 0.000000 0.000000 0.000000 0.000000 0.000000 0.000000 0.000000 0.000000 0.000000 0.000000 0.000000 0.000000 0.000000 0.000000 0.000000 0.000000 0.000000 0.000000 0.000000 0.000000 0.000000 0.000000 0.000000 0.000000 0.000000 0.000000 0.000000 0.000000 0.000000 0.000000 0.000000 0.000000 0.000000 0.000000 0.000000 0.000000 0.000000 0.000000 0.000000 0.000000 0.000000 0.000000 0.000000 0.000000 0.000000 0.000000 0.000000 0.000000 0.000000 0.000000 0.000000 0.000000 0.000000 0.000000 0.000000 0.000000 0.000000 0.000000 0.000000 0.000000 0.000000 0.000000 0.000000 0.000000 0.000000 0.000000 0.000000 0.000000 0.000000 0.000000 0.000000 0.000000 0.000000 0.000000 0.000000 0.000000 0.000000 
0.000000 0.000000 0.000000 0.000000 0.000000 0.000000 0.000000 0.000000 0.000000 0.000000 0.000000 0.000000 0.000000 0.000000 0.000000 0.000000 0.000000 0.000000 0.000000 0.000000 0.000000 0.000000 0.000000 0.000000 0.000000 0.000000 0.000000 0.000000 0.000000 0.000000 0.000000 0.000000 0.000000 0.000000 0.000000 0.000000 0.000000 0.000000 0.000000 0.000000 0.000000 0.000000 0.000000 0.000000 0.000000 0.000000 0.000000 0.000000 0.000000 0.000000 0.000000 0.000000 0.000000 0.000000 0.000000 0.000000 0.000000 0.000000 0.000000 0.000000 0.000000 0.000000 0.000000 0.000000 0.000000 0.000000 0.000000 0.000000 0.000000 0.000000 0.000000 0.000000 0.000000 0.000000 0.000000 0.000000 0.000000 0.000000 0.000000 0.000000 0.000000 0.000000 0.000000 0.000000 0.000000 0.000000 0.000000 0.000000 0.000000 0.000000 0.000000 0.000000 0.000000 0.000000 0.000000 0.000000 0.000000 0.000000 0.000000 0.000000 
0.000000 0.000000 0.000000 0.000000 0.000000 0.000000 0.000000 0.000000 0.000000 0.000000 0.000000 0.000000 0.000000 0.000000 0.000000 0.000000 0.000000 0.000000 0.000000 0.000000 0.000000 0.000000 0.000000 0.000000 0.000000 0.000000 0.000000 0.000000 0.000000 0.000000 0.000000 0.000000 0.000000 0.000000 0.000000 0.000000 0.000000 0.000000 0.000000 0.000000 0.000000 0.000000 0.000000 0.000000 0.000000 0.000000 0.000000 0.000000 0.000000 0.000000 0.000000 0.000000 0.000000 0.000000 0.000000 0.000000 0.000000 0.000000 0.000000 0.000000 0.000000 0.000000 0.000000 0.000000 0.000000 0.000000 0.000000 0.000000 0.000000 0.000000 0.000000 0.000000 0.000000 0.000000 0.000000 0.000000 0.000000 0.000000 0.000000 0.000000 0.000000 0.000000 0.000000 0.000000 0.000000 0.000000 0.000000 0.000000 0.000000 0.000000 0.000000 0.000000 0.000000 0.000000 0.000000 0.000000 0.000000 0.000000 0.000000 0.000000 
0.000000 0.000000 0.000000 0.000000 0.000000 0.000000 0.000000 0.000000 0.000000 0.000000 0.000000 0.000000 0.000000 0.000000 0.000000 0.000000 0.000000 0.000000 0.000000 0.000000 0.000000 0.000000 0.000000 0.000000 0.000000 0.000000 0.000000 0.000000 0.000000 0.000000 0.000000 0.000000 0.000000 0.000000 0.000000 0.000000 0.000000 0.000000 0.000000 0.000000 0.000000 0.000000 0.000000 0.000000 0.000000 0.000000 0.000000 0.000000 0.000000 0.000000 0.000000 0.000000 0.000000 0.000000 0.000000 0.000000 0.000000 0.000000 0.000000 0.000000 0.000000 0.000000 0.000000 0.000000 0.000000 0.000000 0.000000 0.000000 0.000000 0.000000 0.000000 0.000000 0.000000 0.000000 0.000000 0.000000 0.000000 0.000000 0.000000 0.000000 0.000000 0.000000 0.000000 0.000000 0.000000 0.000000 0.000000 0.000000 0.000000 0.000000 0.000000 0.000000 0.000000 0.000000 0.000000 0.000000 0.000000 0.000000 0.000000 0.000000 
0.000000 0.000000 0.000000 0.000000 0.000000 0.000000 0.000000 0.000000 0.000000 0.000000 0.000000 0.000000 0.000000 0.000000 0.000000 0.000000 0.000000 0.000000 0.000000 0.000000 0.000000 0.000000 0.000000 0.000000 0.000000 0.000000 0.000000 0.000000 0.000000 0.000000 0.000000 0.000000 0.000000 0.000000 0.000000 0.000000 0.000000 0.000000 0.000000 0.000000 0.000000 0.000000 0.000000 0.000000 0.000000 0.000000 0.000000 0.000000 0.000000 0.000000 0.000000 0.000000 0.000000 0.000000 0.000000 0.000000 0.000000 0.000000 0.000000 0.000000 0.000000 0.000000 0.000000 0.000000 0.000000 0.000000 0.000000 0.000000 0.000000 0.000000 0.000000 0.000000 0.000000 0.000000 0.000000 0.000000 0.000000 0.000000 0.000000 0.000000 0.000000 0.000000 0.000000 0.000000 0.000000 0.000000 0.000000 0.000000 0.000000 0.000000 0.000000 0.000000 0.000000 0.000000 0.000000 0.000000 0.000000 0.000000 0.000000 0.000000 
0.000000 0.000000 0.000000 0.000000 0.000000 0.000000 0.000000 0.000000 0.000000 0.000000 0.000000 0.000000 0.000000 0.000000 0.000000 0.000000 0.000000 0.000000 0.000000 0.000000 0.000000 0.000000 0.000000 0.000000 0.000000 0.000000 0.000000 0.000000 0.000000 0.000000 0.000000 0.000000 0.000000 0.000000 0.000000 0.000000 0.000000 0.000000 0.000000 0.000000 0.000000 0.000000 0.000000 0.000000 0.000000 0.000000 0.000000 0.000000 0.000000 0.000000 0.000000 0.000000 0.000000 0.000000 0.000000 0.000000 0.000000 0.000000 0.000000 0.000000 0.000000 0.000000 0.000000 0.000000 0.000000 0.000000 0.000000 0.000000 0.000000 0.000000 0.000000 0.000000 0.000000 0.000000 0.000000 0.000000 0.000000 0.000000 0.000000 0.000000 0.000000 0.000000 0.000000 0.000000 0.000000 0.000000 0.000000 0.000000 0.000000 0.000000 0.000000 0.000000 0.000000 0.000000 0.000000 0.000000 0.000000 0.000000 0.000000 0.000000 
0.000000 0.000000 0.000000 0.000000 0.000000 0.000000 0.000000 0.000000 0.000000 0.000000 0.000000 0.000000 0.000000 0.000000 0.000000 0.000000 0.000000 0.000000 0.000000 0.000000 0.000000 0.000000 0.000000 0.000000 0.000000 0.000000 0.000000 0.000000 0.000000 0.000000 0.000000 0.000000 0.000000 0.000000 0.000000 0.000000 0.000000 0.000000 0.000000 0.000000 0.000000 0.000000 0.000000 0.000000 0.000000 0.000000 0.000000 0.000000 0.000000 0.000000 0.000000 0.000000 0.000000 0.000000 0.000000 0.000000 0.000000 0.000000 0.000000 0.000000 0.000000 0.000000 0.000000 0.000000 0.000000 0.000000 0.000000 0.000000 0.000000 0.000000 0.000000 0.000000 0.000000 0.000000 0.000000 0.000000 0.000000 0.000000 0.000000 0.000000 0.000000 0.000000 0.000000 0.000000 0.000000 0.000000 0.000000 0.000000 0.000000 0.000000 0.000000 0.000000 0.000000 0.000000 0.000000 0.000000 0.000000 0.000000 0.000000 0.000000 
0.000000 0.000000 0.000000 0.000000 0.000000 0.000000 0.000000 0.000000 0.000000 0.000000 0.000000 0.000000 0.000000 0.000000 0.000000 0.000000 0.000000 0.000000 0.000000 0.000000 0.000000 0.000000 0.000000 0.000000 0.000000 0.000000 0.000000 0.000000 0.000000 0.000000 0.000000 0.000000 0.000000 0.000000 0.000000 0.000000 0.000000 0.000000 0.000000 0.000000 0.000000 0.000000 0.000000 0.000000 0.000000 0.000000 0.000000 0.000000 0.000000 0.000000 0.000000 0.000000 0.000000 0.000000 0.000000 0.000000 0.000000 0.000000 0.000000 0.000000 0.000000 0.000000 0.000000 0.000000 0.000000 0.000000 0.000000 0.000000 0.000000 0.000000 0.000000 0.000000 0.000000 0.000000 0.000000 0.000000 0.000000 0.000000 0.000000 0.000000 0.000000 0.000000 0.000000 0.000000 0.000000 0.000000 0.000000 0.000000 0.000000 0.000000 0.000000 0.000000 0.000000 0.000000 0.000000 0.000000 0.000000 0.000000 0.000000 0.000000 
0.000000 0.000000 0.000000 0.000000 0.000000 0.000000 0.000000 0.000000 0.000000 0.000000 0.000000 0.000000 0.000000 0.000000 0.000000 0.000000 0.000000 0.000000 0.000000 0.000000 0.000000 0.000000 0.000000 0.000000 0.000000 0.000000 0.000000 0.000000 0.000000 0.000000 0.000000 0.000000 0.000000 0.000000 0.000000 0.000000 0.000000 0.000000 0.000000 0.000000 0.000000 0.000000 0.000000 0.000000 0.000000 0.000000 0.000000 0.000000 0.000000 0.000000 0.000000 0.000000 0.000000 0.000000 0.000000 0.000000 0.000000 0.000000 0.000000 0.000000 0.000000 0.000000 0.000000 0.000000 0.000000 0.000000 0.000000 0.000000 0.000000 0.000000 0.000000 0.000000 0.000000 0.000000 0.000000 0.000000 0.000000 0.000000 0.000000 0.000000 0.000000 0.000000 0.000000 0.000000 0.000000 0.000000 0.000000 0.000000 0.000000 0.000000 0.000000 0.000000 0.000000 0.000000 0.000000 0.000000 0.000000 0.000000 0.000000 0.000000 
0.000000 0.000000 0.000000 0.000000 0.000000 0.000000 0.000000 0.000000 0.000000 0.000000 0.000000 0.000000 0.000000 0.000000 0.000000 0.000000 0.000000 0.000000 0.000000 0.000000 0.000000 0.000000 0.000000 0.000000 0.000000 0.000000 0.000000 0.000000 0.000000 0.000000 0.000000 0.000000 0.000000 0.000000 0.000000 0.000000 0.000000 0.000000 0.000000 0.000000 0.000000 0.000000 0.000000 0.000000 0.000000 0.000000 0.000000 0.000000 0.000000 0.000000 0.000000 0.000000 0.000000 0.000000 0.000000 0.000000 0.000000 0.000000 0.000000 0.000000 0.000000 0.000000 0.000000 0.000000 0.000000 0.000000 0.000000 0.000000 0.000000 0.000000 0.000000 0.000000 0.000000 0.000000 0.000000 0.000000 0.000000 0.000000 0.000000 0.000000 0.000000 0.000000 0.000000 0.000000 0.000000 0.000000 0.000000 0.000000 0.000000 0.000000 0.000000 0.000000 0.000000 0.000000 0.000000 0.000000 0.000000 0.000000 0.000000 0.000000 
0.000000 0.000000 0.000000 0.000000 0.000000 0.000000 0.000000 0.000000 0.000000 0.000000 0.000000 0.000000 0.000000 0.000000 0.000000 0.000000 0.000000 0.000000 0.000000 0.000000 0.000000 0.000000 0.000000 0.000000 0.000000 0.000000 0.000000 0.000000 0.000000 0.000000 0.000000 0.000000 0.000000 0.000000 0.000000 0.000000 0.000000 0.000000 0.000000 0.000000 0.000000 0.000000 0.000000 0.000000 0.000000 0.000000 0.000000 0.000000 0.000000 0.000000 0.000000 0.000000 0.000000 0.000000 0.000000 0.000000 0.000000 0.000000 0.000000 0.000000 0.000000 0.000000 0.000000 0.000000 0.000000 0.000000 0.000000 0.000000 0.000000 0.000000 0.000000 0.000000 0.000000 0.000000 0.000000 0.000000 0.000000 0.000000 0.000000 0.000000 0.000000 0.000000 0.000000 0.000000 0.000000 0.000000 0.000000 0.000000 0.000000 0.000000 0.000000 0.000000 0.000000 0.000000 0.000000 0.000000 0.000000 0.000000 0.000000 0.000000 
0.000000 0.000000 0.000000 0.000000 0.000000 0.000000 0.000000 0.000000 0.000000 0.000000 0.000000 0.000000 0.000000 0.000000 0.000000 0.000000 0.000000 0.000000 0.000000 0.000000 0.000000 0.000000 0.000000 0.000000 0.000000 0.000000 0.000000 0.000000 0.000000 0.000000 0.000000 0.000000 0.000000 0.000000 0.000000 0.000000 0.000000 0.000000 0.000000 0.000000 0.000000 0.000000 0.000000 0.000000 0.000001 0.000001 0.000001 0.000001 0.000001 0.000001 0.000001 0.000001 0.000001 0.000001 0.000001 0.000001 0.000001 0.000000 0.000000 0.000000 0.000000 0.000000 0.000000 0.000000 0.000000 0.000000 0.000000 0.000000 0.000000 0.000000 0.000000 0.000000 0.000000 0.000000 0.000000 0.000000 0.000000 0.000000 0.000000 0.000000 0.000000 0.000000 0.000000 0.000000 0.000000 0.000000 0.000000 0.000000 0.000000 0.000000 0.000000 0.000000 0.000000 0.000000 0.000000 0.000000 0.000000 0.000000 0.000000 0.000000 
0.000000 0.000000 0.000000 0.000000 0.000000 0.000000 0.000000 0.000000 0.000000 0.000000 0.000000 0.000000 0.000000 0.000000 0.000000 0.000000 0.000000 0.000000 0.000000 0.000000 0.000000 0.000000 0.000000 0.000000 0.000000 0.000000 0.000000 0.000000 0.000000 0.000000 0.000000 0.000000 0.000000 0.000000 0.000000 0.000000 0.000000 0.000000 0.000000 0.000000 0.000001 0.000001 0.000001 0.000001 0.000002 0.000002 0.000002 0.000002 0.000003 0.000003 0.000003 0.000003 0.000003 0.000002 0.000002 0.000002 0.000002 0.000001 0.000001 0.000001 0.000001 0.000000 0.000000 0.000000 0.000000 0.000000 0.000000 0.000000 0.000000 0.000000 0.000000 0.000000 0.000000 0.000000 0.000000 0.000000 0.000000 0.000000 0.000000 0.000000 0.000000 0.000000 0.000000 0.000000 0.000000 0.000000 0.000000 0.000000 0.000000 0.000000 0.000000 0.000000 0.000000 0.000000 0.000000 0.000000 0.000000 0.000000 0.000000 0.000000 
0.000000 0.000000 0.000000 0.000000 0.000000 0.000000 0.000000 0.000000 0.000000 0.000000 0.000000 0.000000 0.000000 0.000000 0.000000 0.000000 0.000000 0.000000 0.000000 0.000000 0.000000 0.000000 0.000000 0.000000 0.000000 0.000000 0.000000 0.000000 0.000000 0.000000 0.000000 0.000000 0.000000 0.000000 0.000000 0.000000 0.000000 0.000001 0.000001 0.000001 0.000002 0.000002 0.000003 0.000003 0.000004 0.000005 0.000006 0.000006 0.000007 0.000007 0.000007 0.000007 0.000007 0.000006 0.000006 0.000005 0.000004 0.000003 0.000003 0.000002 0.000002 0.000001 0.000001 0.000001 0.000000 0.000000 0.000000 0.000000 0.000000 0.000000 0.000000 0.000000 0.000000 0.000000 0.000000 0.000000 0.000000 0.000000 0.000000 0.000000 0.000000 0.000000 0.000000 0.000000 0.000000 0.000000 0.000000 0.000000 0.000000 0.000000 0.000000 0.000000 0.000000 0.000000 0.000000 0.000000 0.000000 0.000000 0.000000 0.000000 
0.000000 0.000000 0.000000 0.000000 0.000000 0.000000 0.000000 0.000000 0.000000 0.000000 0.000000 0.000000 0.000000 0.000000 0.000000 0.000000 0.000000 0.000000 0.000000 0.000000 0.000000 0.000000 0.000000 0.000000 0.000000 0.000000 0.000000 0.000000 0.000000 0.000000 0.000000 0.000000 0.000000 0.000000 0.000000 0.000001 0.000001 0.000002 0.000002 0.000003 0.000004 0.000005 0.000007 0.000009 0.000011 0.000012 0.000014 0.000016 0.000017 0.000018 0.000018 0.000018 0.000017 0.000016 0.000014 0.000012 0.000011 0.000009 0.000007 0.000005 0.000004 0.000003 0.000002 0.000002 0.000001 0.000001 0.000000 0.000000 0.000000 0.000000 0.000000 0.000000 0.000000 0.000000 0.000000 0.000000 0.000000 0.000000 0.000000 0.000000 0.000000 0.000000 0.000000 0.000000 0.000000 0.000000 0.000000 0.000000 0.000000 0.000000 0.000000 0.000000 0.000000 0.000000 0.000000 0.000000 0.000000 0.000000 0.000000 0.000000 
0.000000 0.000000 0.000000 0.000000 0.000000 0.000000 0.000000 0.000000 0.000000 0.000000 0.000000 0.000000 0.000000 0.000000 0.000000 0.000000 0.000000 0.000000 0.000000 0.000000 0.000000 0.000000 0.000000 0.000000 0.000000 0.000000 0.000000 0.000000 0.000000 0.000000 0.000000 0.000000 0.000000 0.000001 0.000001 0.000002 0.000003 0.000004 0.000005 0.000008 0.000010 0.000014 0.000018 0.000022 0.000026 0.000031 0.000035 0.000039 0.000042 0.000044 0.000045 0.000044 0.000042 0.000039 0.000035 0.000031 0.000026 0.000022 0.000018 0.000014 0.000010 0.000008 0.000005 0.000004 0.000003 0.000002 0.000001 0.000001 0.000000 0.000000 0.000000 0.000000 0.000000 0.000000 0.000000 0.000000 0.000000 0.000000 0.000000 0.000000 0.000000 0.000000 0.000000 0.000000 0.000000 0.000000 0.000000 0.000000 0.000000 0.000000 0.000000 0.000000 0.000000 0.000000 0.000000 0.000000 0.000000 0.000000 0.000000 0.000000 
0.000000 0.000000 0.000000 0.000000 0.000000 0.000000 0.000000 0.000000 0.000000 0.000000 0.000000 0.000000 0.000000 0.000000 0.000000 0.000000 0.000000 0.000000 0.000000 0.000000 0.000000 0.000000 0.000000 0.000000 0.000000 0.000000 0.000000 0.000000 0.000000 0.000000 0.000000 0.000001 0.000001 0.000002 0.000003 0.000004 0.000006 0.000009 0.000013 0.000019 0.000025 0.000033 0.000043 0.000053 0.000064 0.000075 0.000086 0.000095 0.000102 0.000107 0.000108 0.000107 0.000102 0.000095 0.000086 0.000075 0.000064 0.000053 0.000043 0.000033 0.000025 0.000019 0.000013 0.000009 0.000006 0.000004 0.000003 0.000002 0.000001 0.000001 0.000000 0.000000 0.000000 0.000000 0.000000 0.000000 0.000000 0.000000 0.000000 0.000000 0.000000 0.000000 0.000000 0.000000 0.000000 0.000000 0.000000 0.000000 0.000000 0.000000 0.000000 0.000000 0.000000 0.000000 0.000000 0.000000 0.000000 0.000000 0.000000 0.000000 
0.000000 0.000000 0.000000 0.000000 0.000000 0.000000 0.000000 0.000000 0.000000 0.000000 0.000000 0.000000 0.000000 0.000000 0.000000 0.000000 0.000000 0.000000 0.000000 0.000000 0.000000 0.000000 0.000000 0.000000 0.000000 0.000000 0.000000 0.000000 0.000000 0.000000 0.000001 0.000001 0.000002 0.000004 0.000006 0.000010 0.000015 0.000022 0.000032 0.000045 0.000060 0.000079 0.000102 0.000126 0.000152 0.000179 0.000204 0.000225 0.000242 0.000253 0.000257 0.000253 0.000242 0.000225 0.000204 0.000179 0.000152 0.000126 0.000102 0.000079 0.000060 0.000045 0.000032 0.000022 0.000015 0.000010 0.000006 0.000004 0.000002 0.000001 0.000001 0.000000 0.000000 0.000000 0.000000 0.000000 0.000000 0.000000 0.000000 0.000000 0.000000 0.000000 0.000000 0.000000 0.000000 0.000000 0.000000 0.000000 0.000000 0.000000 0.000000 0.000000 0.000000 0.000000 0.000000 0.000000 0.000000 0.000000 0.000000 0.000000 
0.000000 0.000000 0.000000 0.000000 0.000000 0.000000 0.000000 0.000000 0.000000 0.000000 0.000000 0.000000 0.000000 0.000000 0.000000 0.000000 0.000000 0.000000 0.000000 0.000000 0.000000 0.000000 0.000000 0.000000 0.000000 0.000000 0.000000 0.000000 0.000001 0.000001 0.000002 0.000003 0.000006 0.000009 0.000015 0.000023 0.000035 0.000052 0.000075 0.000104 0.000140 0.000184 0.000236 0.000293 0.000353 0.000414 0.000471 0.000521 0.000560 0.000585 0.000594 0.000585 0.000560 0.000521 0.000471 0.000414 0.000353 0.000293 0.000236 0.000184 0.000140 0.000104 0.000075 0.000052 0.000035 0.000023 0.000015 0.000009 0.000006 0.000003 0.000002 0.000001 0.000001 0.000000 0.000000 0.000000 0.000000 0.000000 0.000000 0.000000 0.000000 0.000000 0.000000 0.000000 0.000000 0.000000 0.000000 0.000000 0.000000 0.000000 0.000000 0.000000 0.000000 0.000000 0.000000 0.000000 0.000000 0.000000 0.000000 0.000000 
0.000000 0.000000 0.000000 0.000000 0.000000 0.000000 0.000000 0.000000 0.000000 0.000000 0.000000 0.000000 0.000000 0.000000 0.000000 0.000000 0.000000 0.000000 0.000000 0.000000 0.000000 0.000000 0.000000 0.000000 0.000000 0.000000 0.000000 0.000001 0.000001 0.000003 0.000004 0.000008 0.000013 0.000022 0.000034 0.000053 0.000081 0.000119 0.000170 0.000236 0.000319 0.000418 0.000534 0.000662 0.000798 0.000935 0.001064 0.001177 0.001265 0.001321 0.001340 0.001321 0.001265 0.001177 0.001064 0.000935 0.000798 0.000662 0.000534 0.000418 0.000319 0.000236 0.000170 0.000119 0.000081 0.000053 0.000034 0.000022 0.000013 0.000008 0.000004 0.000003 0.000001 0.000001 0.000000 0.000000 0.000000 0.000000 0.000000 0.000000 0.000000 0.000000 0.000000 0.000000 0.000000 0.000000 0.000000 0.000000 0.000000 0.000000 0.000000 0.000000 0.000000 0.000000 0.000000 0.000000 0.000000 0.000000 0.000000 0.000000 
0.000000 0.000000 0.000000 0.000000 0.000000 0.000000 0.000000 0.000000 0.000000 0.000000 0.000000 0.000000 0.000000 0.000000 0.000000 0.000000 0.000000 0.000000 0.000000 0.000000 0.000000 0.000000 0.000000 0.000000 0.000000 0.000000 0.000001 0.000002 0.000003 0.000006 0.000010 0.000017 0.000029 0.000048 0.000077 0.000119 0.000180 0.000264 0.000377 0.000523 0.000706 0.000926 0.001181 0.001463 0.001762 0.002063 0.002347 0.002595 0.002788 0.002910 0.002952 0.002910 0.002788 0.002595 0.002347 0.002063 0.001762 0.001463 0.001181 0.000926 0.000706 0.000523 0.000377 0.000264 0.000180 0.000119 0.000077 0.000048 0.000029 0.000017 0.000010 0.000006 0.000003 0.000002 0.000001 0.000000 0.000000 0.000000 0.000000 0.000000 0.000000 0.000000 0.000000 0.000000 0.000000 0.000000 0.000000 0.000000 0.000000 0.000000 0.000000 0.000000 0.000000 0.000000 0.000000 0.000000 0.000000 0.000000 0.000000 0.000000 
0.000000 0.000000 0.000000 0.000000 0.000000 0.000000 0.000000 0.000000 0.000000 0.000000 0.000000 0.000000 0.000000 0.000000 0.000000 0.000000 0.000000 0.000000 0.000000 0.000000 0.000000 0.000000 0.000000 0.000000 0.000000 0.000001 0.000002 0.000004 0.000007 0.000012 0.000022 0.000038 0.000064 0.000105 0.000168 0.000260 0.000391 0.000574 0.000817 0.001133 0.001527 0.002000 0.002548 0.003155 0.003798 0.004443 0.005052 0.005583 0.005996 0.006259 0.006349 0.006259 0.005996 0.005583 0.005052 0.004443 0.003798 0.003155 0.002548 0.002000 0.001527 0.001133 0.000817 0.000574 0.000391 0.000260 0.000168 0.000105 0.000064 0.000038 0.000022 0.000012 0.000007 0.000004 0.000002 0.000001 0.000000 0.000000 0.000000 0.000000 0.000000 0.000000 0.000000 0.000000 0.000000 0.000000 0.000000 0.000000 0.000000 0.000000 0.000000 0.000000 0.000000 0.000000 0.000000 0.000000 0.000000 0.000000 0.000000 0.000000 
0.000000 0.000000 0.000000 0.000000 0.000000 0.000000 0.000000 0.000000 0.000000 0.000000 0.000000 0.000000 0.000000 0.000000 0.000000 0.000000 0.000000 0.000000 0.000000 0.000000 0.000000 0.000000 0.000000 0.000000 0.000001 0.000002 0.000004 0.000008 0.000015 0.000027 0.000047 0.000082 0.000137 0.000224 0.000357 0.000552 0.000830 0.001215 0.001729 0.002393 0.003222 0.004217 0.005366 0.006640 0.007986 0.009337 0.010612 0.011723 0.012587 0.013136 0.013325 0.013136 0.012587 0.011723 0.010612 0.009337 0.007986 0.006640 0.005366 0.004217 0.003222 0.002393 0.001729 0.001215 0.000830 0.000552 0.000357 0.000224 0.000137 0.000082 0.000047 0.000027 0.000015 0.000008 0.000004 0.000002 0.000001 0.000000 0.000000 0.000000 0.000000 0.000000 0.000000 0.000000 0.000000 0.000000 0.000000 0.000000 0.000000 0.000000 0.000000 0.000000 0.000000 0.000000 0.000000 0.000000 0.000000 0.000000 0.000000 0.000000 
0.000000 0.000000 0.000000 0.000000 0.000000 0.000000 0.000000 0.000000 0.000000 0.000000 0.000000 0.000000 0.000000 0.000000 0.000000 0.000000 0.000000 0.000000 0.000000 0.000000 0.000000 0.000000 0.000000 0.000001 0.000002 0.000004 0.000009 0.000017 0.000031 0.000056 0.000099 0.000171 0.000286 0.000467 0.000740 0.001143 0.001717 0.002510 0.003568 0.004933 0.006633 0.008673 0.011027 0.013633 0.016386 0.019148 0.021752 0.024021 0.025785 0.026906 0.027290 0.026906 0.025785 0.024021 0.021752 0.019148 0.016386 0.013633 0.011027 0.008673 0.006633 0.004933 0.003568 0.002510 0.001717 0.001143 0.000740 0.000467 0.000286 0.000171 0.000099 0.000056 0.000031 0.000017 0.000009 0.000004 0.000002 0.000001 0.000000 0.000000 0.000000 0.000000 0.000000 0.000000 0.000000 0.000000 0.000000 0.000000 0.000000 0.000000 0.000000 0.000000 0.000000 0.000000 0.000000 0.000000 0.000000 0.000000 0.000000 0.000000 
0.000000 0.000000 0.000000 0.000000 0.000000 0.000000 0.000000 0.000000 0.000000 0.000000 0.000000 0.000000 0.000000 0.000000 0.000000 0.000000 0.000000 0.000000 0.000000 0.000000 0.000000 0.000000 0.000001 0.000002 0.000005 0.000009 0.000018 0.000034 0.000063 0.000115 0.000202 0.000347 0.000581 0.000946 0.001499 0.002310 0.003465 0.005058 0.007181 0.009917 0.013320 0.017401 0.022107 0.027310 0.032804 0.038312 0.043502 0.048023 0.051537 0.053769 0.054534 0.053769 0.051537 0.048023 0.043502 0.038312 0.032804 0.027310 0.022107 0.017401 0.013320 0.009917 0.007181 0.005058 0.003465 0.002310 0.001499 0.000946 0.000581 0.000347 0.000202 0.000115 0.000063 0.000034 0.000018 0.000009 0.000005 0.000002 0.000001 0.000000 0.000000 0.000000 0.000000 0.000000 0.000000 0.000000 0.000000 0.000000 0.000000 0.000000 0.000000 0.000000 0.000000 0.000000 0.000000 0.000000 0.000000 0.000000 0.000000 0.000000 
0.000000 0.000000 0.000000 0.000000 0.000000 0.000000 0.000000 0.000000 0.000000 0.000000 0.000000 0.000000 0.000000 0.000000 0.000000 0.000000 0.000000 0.000000 0.000000 0.000000 0.000000 0.000001 0.000002 0.000004 0.000009 0.000018 0.000036 0.000068 0.000126 0.000228 0.000402 0.000689 0.001151 0.001870 0.002957 0.004552 0.006820 0.009940 0.014096 0.019445 0.026093 0.034056 0.043230 0.053366 0.064062 0.074778 0.084871 0.093658 0.100489 0.104825 0.106312 0.104825 0.100489 0.093658 0.084871 0.074778 0.064062 0.053366 0.043230 0.034056 0.026093 0.019445 0.014096 0.009940 0.006820 0.004552 0.002957 0.001870 0.001151 0.000689 0.000402 0.000228 0.000126 0.000068 0.000036 0.000018 0.000009 0.000004 0.000002 0.000001 0.000000 0.000000 0.000000 0.000000 0.000000 0.000000 0.000000 0.000000 0.000000 0.000000 0.000000 0.000000 0.000000 0.000000 0.000000 0.000000 0.000000 0.000000 0.000000 0.000000 
0.000000 0.000000 0.000000 0.000000 0.000000 0.000000 0.000000 0.000000 0.000000 0.000000 0.000000 0.000000 0.000000 0.000000 0.000000 0.000000 0.000000 0.000000 0.000000 0.000000 0.000001 0.000002 0.000004 0.000009 0.000018 0.000036 0.000070 0.000132 0.000245 0.000443 0.000778 0.001332 0.002221 0.003603 0.005690 0.008747 0.013086 0.019050 0.026983 0.037184 0.049848 0.065004 0.082449 0.101709 0.122021 0.142359 0.161506 0.178170 0.191119 0.199338 0.202156 0.199338 0.191119 0.178170 0.161506 0.142359 0.122021 0.101709 0.082449 0.065004 0.049848 0.037184 0.026983 0.019050 0.013086 0.008747 0.005690 0.003603 0.002221 0.001332 0.000778 0.000443 0.000245 0.000132 0.000070 0.000036 0.000018 0.000009 0.000004 0.000002 0.000001 0.000000 0.000000 0.000000 0.000000 0.000000 0.000000 0.000000 0.000000 0.000000 0.000000 0.000000 0.000000 0.000000 0.000000 0.000000 0.000000 0.000000 0.000000 0.000000 
0.000000 0.000000 0.000000 0.000000 0.000000 0.000000 0.000000 0.000000 0.000000 0.000000 0.000000 0.000000 0.000000 0.000000 0.000000 0.000000 0.000000 0.000000 0.000000 0.000001 0.000002 0.000004 0.000008 0.000017 0.000034 0.000068 0.000132 0.000251 0.000465 0.000837 0.001469 0.002511 0.004178 0.006768 0.010674 0.016385 0.024481 0.035596 0.050364 0.069333 0.092861 0.120991 0.153345 0.189040 0.226660 0.264309 0.299739 0.330561 0.354506 0.369701 0.374910 0.369701 0.354506 0.330561 0.299739 0.264309 0.226660 0.189040 0.153345 0.120991 0.092861 0.069333 0.050364 0.035596 0.024481 0.016385 0.010674 0.006768 0.004178 0.002511 0.001469 0.000837 0.000465 0.000251 0.000132 0.000068 0.000034 0.000017 0.000008 0.000004 0.000002 0.000001 0.000000 0.000000 0.000000 0.000000 0.000000 0.000000 0.000000 0.000000 0.000000 0.000000 0.000000 0.000000 0.000000 0.000000 0.000000 0.000000 0.000000 0.000000 
0.000000 0.000000 0.000000 0.000000 0.000000 0.000000 0.000000 0.000000 0.000000 0.000000 0.000000 0.000000 0.000000 0.000000 0.000000 0.000000 0.000000 0.000000 0.000001 0.000001 0.000003 0.000007 0.000015 0.000031 0.000063 0.000126 0.000245 0.000465 0.000858 0.001543 0.002703 0.004611 0.007660 0.012391 0.019515 0.029919 0.044646 0.064842 0.091646 0.126042 0.168661 0.219575 0.278090 0.342601 0.410552 0.478519 0.542453 0.598053 0.641237 0.668636 0.678028 0.668636 0.641237 0.598053 0.542453 0.478519 0.410552 0.342601 0.278090 0.219575 0.168661 0.126042 0.091646 0.064842 0.044646 0.029919 0.019515 0.012391 0.007660 0.004611 0.002703 0.001543 0.000858 0.000465 0.000245 0.000126 0.000063 0.000031 0.000015 0.000007 0.000003 0.000001 0.000001 0.000000 0.000000 0.000000 0.000000 0.000000 0.000000 0.000000 0.000000 0.000000 0.000000 0.000000 0.000000 0.000000 0.000000 0.000000 0.000000 0.000000 
0.000000 0.000000 0.000000 0.000000 0.000000 0.000000 0.000000 0.000000 0.000000 0.000000 0.000000 0.000000 0.000000 0.000000 0.000000 0.000000 0.000000 0.000000 0.000001 0.000003 0.000006 0.000012 0.000027 0.000056 0.000115 0.000228 0.000443 0.000837 0.001543 0.002770 0.004844 0.008251 0.013687 0.022109 0.034773 0.053244 0.079361 0.115134 0.162562 0.223363 0.298635 0.388483 0.491666 0.605350 0.725027 0.844674 0.957174 1.054978 1.130923 1.179099 1.195612 1.179099 1.130923 1.054978 0.957174 0.844674 0.725027 0.605350 0.491666 0.388483 0.298635 0.223363 0.162562 0.115134 0.079361 0.053244 0.034773 0.022109 0.013687 0.008251 0.004844 0.002770 0.001543 0.000837 0.000443 0.000228 0.000115 0.000056 0.000027 0.000012 0.000006 0.000003 0.000001 0.000000 0.000000 0.000000 0.000000 0.000000 0.000000 0.000000 0.000000 0.000000 0.000000 0.000000 0.000000 0.000000 0.000000 0.000000 0.000000 0.000000 
0.000000 0.000000 0.000000 0.000000 0.000000 0.000000 0.000000 0.000000 0.000000 0.000000 0.000000 0.000000 0.000000 0.000000 0.000000 0.000000 0.000000 0.000001 0.000002 0.000004 0.000010 0.000022 0.000047 0.000099 0.000202 0.000402 0.000778 0.001469 0.002703 0.004844 0.008458 0.014385 0.023828 0.038439 0.060380 0.092342 0.137481 0.199244 0.281047 0.385817 0.515412 0.669981 0.847368 1.042685 1.248185 1.453537 1.646548 1.814291 1.944513 2.027109 2.055416 2.027109 1.944513 1.814291 1.646548 1.453537 1.248185 1.042685 0.847368 0.669981 0.515412 0.385817 0.281047 0.199244 0.137481 0.092342 0.060380 0.038439 0.023828 0.014385 0.008458 0.004844 0.002703 0.001469 0.000778 0.000402 0.000202 0.000099 0.000047 0.000022 0.000010 0.000004 0.000002 0.000001 0.000000 0.000000 0.000000 0.000000 0.000000 0.000000 0.000000 0.000000 0.000000 0.000000 0.000000 0.000000 0.000000 0.000000 0.000000 0.000000 
0.000000 0.000000 0.000000 0.000000 0.000000 0.000000 0.000000 0.000000 0.000000 0.000000 0.000000 0.000000 0.000000 0.000000 0.000000 0.000000 0.000001 0.000001 0.000003 0.000008 0.000017 0.000038 0.000082 0.000171 0.000347 0.000689 0.001332 0.002511 0.004611 0.008251 0.014385 0.024431 0.040414 0.065111 0.102151 0.156047 0.232079 0.336004 0.473517 0.649481 0.866963 1.126162 1.423427 1.750544 2.094535 2.438124 2.760942 3.041416 3.259105 3.397157 3.444467 3.397157 3.259105 3.041416 2.760942 2.438124 2.094535 1.750544 1.423427 1.126162 0.866963 0.649481 0.473517 0.336004 0.232079 0.156047 0.102151 0.065111 0.040414 0.024431 0.014385 0.008251 0.004611 0.002511 0.001332 0.000689 0.000347 0.000171 0.000082 0.000038 0.000017 0.000008 0.000003 0.000001 0.000001 0.000000 0.000000 0.000000 0.000000 0.000000 0.000000 0.000000 0.000000 0.000000 0.000000 0.000000 0.000000 0.000000 0.000000 0.000000 
0.000000 0.000000 0.000000 0.000000 0.000000 0.000000 0.000000 0.000000 0.000000 0.000000 0.000000 0.000000 0.000000 0.000000 0.000000 0.000000 0.000001 0.000002 0.000006 0.000013 0.000029 0.000064 0.000137 0.000286 0.000581 0.001151 0.002221 0.004178 0.007660 0.013687 0.023828 0.040414 0.066769 0.107440 0.168366 0.256917 0.381709 0.552114 0.777385 1.065406 1.421106 1.844738 2.330273 2.864264 3.425523 3.985886 4.512188 4.969323 5.324052 5.548978 5.626053 5.548978 5.324052 4.969323 4.512188 3.985886 3.425523 2.864264 2.330273 1.844738 1.421106 1.065406 0.777385 0.552114 0.381709 0.256917 0.168366 0.107440 0.066769 0.040414 0.023828 0.013687 0.007660 0.004178 0.002221 0.001151 0.000581 0.000286 0.000137 0.000064 0.000029 0.000013 0.000006 0.000002 0.000001 0.000000 0.000000 0.000000 0.000000 0.000000 0.000000 0.000000 0.000000 0.000000 0.000000 0.000000 0.000000 0.000000 0.000000 0.000000 
0.000000 0.000000 0.000000 0.000000 0.000000 0.000000 0.000000 0.000000 0.000000 0.000000 0.000000 0.000000 0.000000 0.000000 0.000000 0.000001 0.000002 0.000004 0.000009 0.000022 0.000048 0.000105 0.000224 0.000467 0.000946 0.001870 0.003603 0.006768 0.012391 0.022109 0.038439 0.065111 0.107440 0.172684 0.270313 0.412059 0.611618 0.883863 1.243455 1.702842 2.269760 2.944496 3.717361 4.566901 5.459401 6.350117 7.186410 7.912601 8.475998 8.833188 8.955578 8.833188 8.475998 7.912601 7.186410 6.350117 5.459401 4.566901 3.717361 2.944496 2.269760 1.702842 1.243455 0.883863 0.611618 0.412059 0.270313 0.172684 0.107440 0.065111 0.038439 0.022109 0.012391 0.006768 0.003603 0.001870 0.000946 0.000467 0.000224 0.000105 0.000048 0.000022 0.000009 0.000004 0.000002 0.000001 0.000000 0.000000 0.000000 0.000000 0.000000 0.000000 0.000000 0.000000 0.000000 0.000000 0.000000 0.000000 0.000000 0.000000 
0.000000 0.000000 0.000000 0.000000 0.000000 0.000000 0.000000 0.000000 0.000000 0.000000 0.000000 0.000000 0.000000 0.000000 0.000000 0.000001 0.000003 0.000006 0.000015 0.000034 0.000077 0.000168 0.000357 0.000740 0.001499 0.002957 0.005690 0.010674 0.019515 0.034773 0.060380 0.102151 0.168366 0.270313 0.422702 0.643729 0.954614 1.378362 1.937606 2.651514 3.531917 4.579095 5.777883 7.094933 8.477970 9.857715 11.152743 12.276989 13.149040 13.701844 13.891248 13.701844 13.149040 12.276989 11.152743 9.857715 8.477970 7.094933 5.777883 4.579095 3.531917 2.651514 1.937606 1.378362 0.954614 0.643729 0.422702 0.270313 0.168366 0.102151 0.060380 0.034773 0.019515 0.010674 0.005690 0.002957 0.001499 0.000740 0.000357 0.000168 0.000077 0.000034 0.000015 0.000006 0.000003 0.000001 0.000000 0.000000 0.000000 0.000000 0.000000 0.000000 0.000000 0.000000 0.000000 0.000000 0.000000 0.000000 0.000000 0.000000 
0.000000 0.000000 0.000000 0.000000 0.000000 0.000000 0.000000 0.000000 0.000000 0.000000 0.000000 0.000000 0.000000 0.000000 0.000001 0.000002 0.000004 0.000010 0.000023 0.000053 0.000119 0.000260 0.000552 0.001143 0.002310 0.004552 0.008747 0.016385 0.029919 0.053244 0.092342 0.156047 0.256917 0.412059 0.643729 0.979433 1.451198 2.093699 2.940991 4.021840 5.353889 6.937325 8.749038 10.738527 12.826818 14.909391 16.863507 18.559517 19.874834 20.708530 20.994159 20.708530 19.874834 18.559517 16.863507 14.909391 12.826818 10.738527 8.749038 6.937325 5.353889 4.021840 2.940991 2.093699 1.451198 0.979433 0.643729 0.412059 0.256917 0.156047 0.092342 0.053244 0.029919 0.016385 0.008747 0.004552 0.002310 0.001143 0.000552 0.000260 0.000119 0.000053 0.000023 0.000010 0.000004 0.000002 0.000001 0.000000 0.000000 0.000000 0.000000 0.000000 0.000000 0.000000 0.000000 0.000000 0.000000 0.000000 0.000000 0.000000 
0.000000 0.000000 0.000000 0.000000 0.000000 0.000000 0.000000 0.000000 0.000000 0.000000 0.000000 0.000000 0.000000 0.000000 0.000001 0.000003 0.000006 0.000015 0.000035 0.000081 0.000180 0.000391 0.000830 0.001717 0.003465 0.006820 0.013086 0.024481 0.044646 0.079361 0.137481 0.232079 0.381709 0.611618 0.954614 1.451198 2.148471 3.097353 4.347783 5.941829 7.905144 10.237676 12.905137 15.833034 18.905130 21.967782 24.840717 27.333625 29.266638 30.491715 30.911409 30.491715 29.266638 27.333625 24.840717 21.967782 18.905130 15.833034 12.905137 10.237676 7.905144 5.941829 4.347783 3.097353 2.148471 1.451198 0.954614 0.611618 0.381709 0.232079 0.137481 0.079361 0.044646 0.024481 0.013086 0.006820 0.003465 0.001717 0.000830 0.000391 0.000180 0.000081 0.000035 0.000015 0.000006 0.000003 0.000001 0.000000 0.000000 0.000000 0.000000 0.000000 0.000000 0.000000 0.000000 0.000000 0.000000 0.000000 0.000000 0.000000 
0.000000 0.000000 0.000000 0.000000 0.000000 0.000000 0.000000 0.000000 0.000000 0.000000 0.000000 0.000000 0.000000 0.000001 0.000002 0.000004 0.000009 0.000022 0.000052 0.000119 0.000264 0.000574 0.001215 0.002510 0.005058 0.009940 0.019050 0.035596 0.064842 0.115134 0.199244 0.336004 0.552114 0.883863 1.378362 2.093699 3.097353 4.462189 6.259547 8.549390 11.368074 14.715093 18.540914 22.738512 27.141230 31.529035 35.643959 39.213818 41.981469 43.735326 44.336141 43.735326 41.981469 39.213818 35.643959 31.529035 27.141230 22.738512 18.540914 14.715093 11.368074 8.549390 6.259547 4.462189 3.097353 2.093699 1.378362 0.883863 0.552114 0.336004 0.199244 0.115134 0.064842 0.035596 0.019050 0.009940 0.005058 0.002510 0.001215 0.000574 0.000264 0.000119 0.000052 0.000022 0.000009 0.000004 0.000002 0.000001 0.000000 0.000000 0.000000 0.000000 0.000000 0.000000 0.000000 0.000000 0.000000 0.000000 0.000000 0.000000 
0.000000 0.000000 0.000000 0.000000 0.000000 0.000000 0.000000 0.000000 0.000000 0.000000 0.000000 0.000000 0.000000 0.000001 0.000002 0.000005 0.000013 0.000032 0.000075 0.000170 0.000377 0.000817 0.001729 0.003568 0.007181 0.014096 0.026983 0.050364 0.091646 0.162562 0.281047 0.473517 0.777385 1.243455 1.937606 2.940991 4.347783 6.259547 8.775585 11.979181 15.920557 20.598444 25.943193 31.805049 37.951264 44.074876 49.816260 54.796168 58.656443 61.102457 61.940341 61.102457 58.656443 54.796168 49.816260 44.074876 37.951264 31.805049 25.943193 20.598444 15.920557 11.979181 8.775585 6.259547 4.347783 2.940991 1.937606 1.243455 0.777385 0.473517 0.281047 0.162562 0.091646 0.050364 0.026983 0.014096 0.007181 0.003568 0.001729 0.000817 0.000377 0.000170 0.000075 0.000032 0.000013 0.000005 0.000002 0.000001 0.000000 0.000000 0.000000 0.000000 0.000000 0.000000 0.000000 0.000000 0.000000 0.000000 0.000000 0.000000 
0.000000 0.000000 0.000000 0.000000 0.000000 0.000000 0.000000 0.000000 0.000000 0.000000 0.000000 0.000000 0.000000 0.000001 0.000003 0.000008 0.000019 0.000045 0.000104 0.000236 0.000523 0.001133 0.002393 0.004933 0.009917 0.019445 0.037184 0.069333 0.126042 0.223363 0.385817 0.649481 1.065406 1.702842 2.651514 4.021840 5.941829 8.549390 11.979181 16.343905 21.711191 28.078608 35.350821 43.323776 51.680885 60.005025 67.807834 74.574550 79.819198 83.142104 84.280317 83.142104 79.819198 74.574550 67.807834 60.005025 51.680885 43.323776 35.350821 28.078608 21.711191 16.343905 11.979181 8.549390 5.941829 4.021840 2.651514 1.702842 1.065406 0.649481 0.385817 0.223363 0.126042 0.069333 0.037184 0.019445 0.009917 0.004933 0.002393 0.001133 0.000523 0.000236 0.000104 0.000045 0.000019 0.000008 0.000003 0.000001 0.000000 0.000000 0.000000 0.000000 0.000000 0.000000 0.000000 0.000000 0.000000 0.000000 0.000000 0.000000 
0.000000 0.000000 0.000000 0.000000 0.000000 0.000000 0.000000 0.000000 0.000000 0.000000 0.000000 0.000000 0.000001 0.000002 0.000004 0.000010 0.000025 0.000060 0.000140 0.000319 0.000706 0.001527 0.003222 0.006633 0.013320 0.026093 0.049848 0.092861 0.168661 0.298635 0.515412 0.866963 1.421106 2.269760 3.531917 5.353889 7.905144 11.368074 15.920557 21.711191 28.828730 37.269103 46.905299 57.466578 68.533554 79.554165 89.882454 98.837835 105.777988 110.174772 111.680766 110.174772 105.777988 98.837835 89.882454 79.554165 68.533554 57.466578 46.905299 37.269103 28.828730 21.711191 15.920557 11.368074 7.905144 5.353889 3.531917 2.269760 1.421106 0.866963 0.515412 0.298635 0.168661 0.092861 0.049848 0.026093 0.013320 0.006633 0.003222 0.001527 0.000706 0.000319 0.000140 0.000060 0.000025 0.000010 0.000004 0.000002 0.000001 0.000000 0.000000 0.000000 0.000000 0.000000 0.000000 0.000000 0.000000 0.000000 0.000000 0.000000 
0.000000 0.000000 0.000000 0.000000 0.000000 0.000000 0.000000 0.000000 0.000000 0.000000 0.000000 0.000000 0.000001 0.000002 0.000005 0.000014 0.000033 0.000079 0.000184 0.000418 0.000926 0.002000 0.004217 0.008673 0.017401 0.034056 0.065004 0.120991 0.219575 0.388483 0.669981 1.126162 1.844738 2.944496 4.579095 6.937325 10.237676 14.715093 20.598444 28.078608 37.269103 48.163685 60.597664 74.221283 88.493531 102.702824 116.017009 127.559666 136.503883 142.169877 144.110531 142.169877 136.503883 127.559666 116.017009 102.702824 88.493531 74.221283 60.597664 48.163685 37.269103 28.078608 20.598444 14.715093 10.237676 6.937325 4.579095 2.944496 1.844738 1.126162 0.669981 0.388483 0.219575 0.120991 0.065004 0.034056 0.017401 0.008673 0.004217 0.002000 0.000926 0.000418 0.000184 0.000079 0.000033 0.000014 0.000005 0.000002 0.000001 0.000000 0.000000 0.000000 0.000000 0.000000 0.000000 0.000000 0.000000 0.000000 0.000000 0.000000 
0.000000 0.000000 0.000000 0.000000 0.000000 0.000000 0.000000 0.000000 0.000000 0.000000 0.000000 0.000000 0.000001 0.000003 0.000007 0.000018 0.000043 0.000102 0.000236 0.000534 0.001181 0.002548 0.005366 0.011027 0.022107 0.043230 0.082449 0.153345 0.278090 0.491666 0.847368 1.423427 2.330273 3.717361 5.777883 8.749038 12.905137 18.540914 25.943193 35.350821 46.905299 60.597664 76.220097 93.332692 111.255866 129.096426 145.810347 160.298459 171.523940 178.634598 181.069980 178.634598 171.523940 160.298459 145.810347 129.096426 111.255866 93.332692 76.220097 60.597664 46.905299 35.350821 25.943193 18.540914 12.905137 8.749038 5.777883 3.717361 2.330273 1.423427 0.847368 0.491666 0.278090 0.153345 0.082449 0.043230 0.022107 0.011027 0.005366 0.002548 0.001181 0.000534 0.000236 0.000102 0.000043 0.000018 0.000007 0.000003 0.000001 0.000000 0.000000 0.000000 0.000000 0.000000 0.000000 0.000000 0.000000 0.000000 0.000000 0.000000 
0.000000 0.000000 0.000000 0.000000 0.000000 0.000000 0.000000 0.000000 0.000000 0.000000 0.000000 0.000000 0.000001 0.000003 0.000009 0.000022 0.000053 0.000126 0.000293 0.000662 0.001463 0.003155 0.006640 0.013633 0.027310 0.053366 0.101709 0.189040 0.342601 0.605350 1.042685 1.750544 2.864264 4.566901 7.094933 10.738527 15.833034 22.738512 31.805049 43.323776 57.466578 74.221283 93.332692 114.262162 136.178509 157.989994 178.421075 196.129247 209.848440 218.538202 221.514336 218.538202 209.848440 196.129247 178.421075 157.989994 136.178509 114.262162 93.332692 74.221283 57.466578 43.323776 31.805049 22.738512 15.833034 10.738527 7.094933 4.566901 2.864264 1.750544 1.042685 0.605350 0.342601 0.189040 0.101709 0.053366 0.027310 0.013633 0.006640 0.003155 0.001463 0.000662 0.000293 0.000126 0.000053 0.000022 0.000009 0.000003 0.000001 0.000000 0.000000 0.000000 0.000000 0.000000 0.000000 0.000000 0.000000 0.000000 0.000000 0.000000 
