0.000000 0.000000 0.000000 0.000000 0.000000 0.000000 0.000000 0.000000 0.000000 0.000000 0.000000 0.000000 0.000000 0.000000 0.000000 0.000000 0.000000 0.000000 0.000000 0.000000 0.000000 0.000000 0.000000 0.000000 0.000000 0.000000 0.000000 0.000000 0.000000 0.000000 0.000000 0.000000 0.000000 0.000000 0.000000 0.000000 0.000000 0.000000 0.000000 0.000000 0.000000 0.000000 0.000000 0.000000 0.000000 0.000000 0.000000 0.000001 0.000001 0.000001 0.000001 0.000001 0.000001 0.000001 0.000000 0.000000 0.000000 0.000000 0.000000 0.000000 0.000000 0.000000 0.000000 0.000000 0.000000 0.000000 0.000000 0.000000 0.000000 0.000000 0.000000 0.000000 0.000000 0.000000 0.000000 0.000000 0.000000 0.000000 0.000000 0.000000 0.000000 0.000000 0.000000 0.000000 0.000000 0.000000 0.000000 0.000000 0.000000 0.000000 0.000000 0.000000 0.000000 0.000000 0.000000 0.000000 0.000000 0.000000 0.000000 0.000000 
0.000000 0.000000 0.000000 0.000000 0.000000 0.000000 0.000000 0.000000 0.000000 0.000000 0.000000 0.000000 0.000000 0.000000 0.000000 0.000000 0.000000 0.000000 0.000000 0.000000 0.000000 0.000000 0.000000 0.000000 0.000000 0.000000 0.000000 0.000000 0.000000 0.000000 0.000000 0.000000 0.000000 0.000000 0.000000 0.000000 0.000000 0.000000 0.000000 0.000000 0.000000 0.000000 0.000000 0.000000 0.000000 0.000000 0.000000 0.000001 0.000001 0.000001 0.000001 0.000001 0.000001 0.000001 0.000000 0.000000 0.000000 0.000000 0.000000 0.000000 0.000000 0.000000 0.000000 0.000000 0.000000 0.000000 0.000000 0.000000 0.000000 0.000000 0.000000 0.000000 0.000000 0.000000 0.000000 0.000000 0.000000 0.000000 0.000000 0.000000 0.000000 0.000000 0.000000 0.000000 0.000000 0.000000 0.000000 0.000000 0.000000 0.000000 0.000000 0.000000 0.000000 0.000000 0.000000 0.000000 0.000000 0.000000 0.000000 0.000000 
0.000000 0.000000 0.000000 0.000000 0.000000 0.000000 0.000000 0.000000 0.000000 0.000000 0.000000 0.000000 0.000000 0.000000 0.000000 0.000000 0.000000 0.000000 0.000000 0.000000 0.000000 0.000000 0.000000 0.000000 0.000000 0.000000 0.000000 0.000000 0.000000 0.000000 0.000000 0.000000 0.000000 0.000000 0.000000 0.000000 0.000000 0.000000 0.000000 0.000000 0.000000 0.000000 0.000001 0.000001 0.000001 0.000001 0.000001 0.000001 0.000001 0.000001 0.000001 0.000001 0.000001 0.000001 0.000001 0.000001 0.000001 0.000001 0.000001 0.000000 0.000000 0.000000 0.000000 0.000000 0.000000 0.000000 0.000000 0.000000 0.000000 0.000000 0.000000 0.000000 0.000000 0.000000 0.000000 0.000000 0.000000 0.000000 0.000000 0.000000 0.000000 0.000000 0.000000 0.000000 0.000000 0.000000 0.000000 0.000000 0.000000 0.000000 0.000000 0.000000 0.000000 0.000000 0.000000 0.000000 0.000000 0.000000 0.000000 0.000000 
0.000000 0.000000 0.000000 0.000000 0.000000 0.000000 0.000000 0.000000 0.000000 0.000000 0.000000 0.000000 0.000000 0.000000 0.000000 0.000000 0.000000 0.000000 0.000000 0.000000 0.000000 0.000000 0.000000 0.000000 0.000000 0.000000 0.000000 0.000000 0.000000 0.000000 0.000000 0.000000 0.000000 0.000000 0.000000 0.000000 0.000000 0.000000 0.000001 0.000001 0.000001 0.000001 0.000001 0.000001 0.000001 0.000002 0.000002 0.000002 0.000002 0.000002 0.000002 0.000002 0.000002 0.000002 0.000002 0.000002 0.000001 0.000001 0.000001 0.000001 0.000001 0.000001 0.000001 0.000000 0.000000 0.000000 0.000000 0.000000 0.000000 0.000000 0.000000 0.000000 0.000000 0.000000 0.000000 0.000000 0.000000 0.000000 0.000000 0.000000 0.000000 0.000000 0.000000 0.000000 0.000000 0.000000 0.000000 0.000000 0.000000 0.000000 0.000000 0.000000 0.000000 0.000000 0.000000 0.000000 0.000000 0.000000 0.000000 0.000000 
0.000000 0.000000 0.000000 0.000000 0.000000 0.000000 0.000000 0.000000 0.000000 0.000000 0.000000 0.000000 0.000000 0.000000 0.000000 0.000000 0.000000 0.000000 0.000000 0.000000 0.000000 0.000000 0.000000 0.000000 0.000000 0.000000 0.000000 0.000000 0.000000 0.000000 0.000000 0.000000 0.000000 0.000000 0.000000 0.000001 0.000001 0.000001 0.000001 0.000001 0.000002 0.000002 0.000002 0.000003 0.000003 0.000003 0.000004 0.000004 0.000004 0.000004 0.000004 0.000004 0.000004 0.000004 0.000004 0.000003 0.000003 0.000003 0.000002 0.000002 0.000002 0.000001 0.000001 0.000001 0.000001 0.000001 0.000000 0.000000 0.000000 0.000000 0.000000 0.000000 0.000000 0.000000 0.000000 0.000000 0.000000 0.000000 0.000000 0.000000 0.000000 0.000000 0.000000 0.000000 0.000000 0.000000 0.000000 0.000000 0.000000 0.000000 0.000000 0.000000 0.000000 0.000000 0.000000 0.000000 0.000000 0.000000 0.000000 0.000000 
0.000000 0.000000 0.000000 0.000000 0.000000 0.000000 0.000000 0.000000 0.000000 0.000000 0.000000 0.000000 0.000000 0.000000 0.000000 0.000000 0.000000 0.000000 0.000000 0.000000 0.000000 0.000000 0.000000 0.000000 0.000000 0.000000 0.000000 0.000000 0.000000 0.000000 0.000000 0.000000 0.000000 0.000001 0.000001 0.000001 0.000002 0.000002 0.000002 0.000003 0.000004 0.000004 0.000005 0.000006 0.000007 0.000007 0.000008 0.000008 0.000009 0.000009 0.000009 0.000009 0.000009 0.000008 0.000008 0.000007 0.000007 0.000006 0.000005 0.000004 0.000004 0.000003 0.000002 0.000002 0.000002 0.000001 0.000001 0.000001 0.000000 0.000000 0.000000 0.000000 0.000000 0.000000 0.000000 0.000000 0.000000 0.000000 0.000000 0.000000 0.000000 0.000000 0.000000 0.000000 0.000000 0.000000 0.000000 0.000000 0.000000 0.000000 0.000000 0.000000 0.000000 0.000000 0.000000 0.000000 0.000000 0.000000 0.000000 0.000000 
0.000000 0.000000 0.000000 0.000000 0.000000 0.000000 0.000000 0.000000 0.000000 0.000000 0.000000 0.000000 0.000000 0.000000 0.000000 0.000000 0.000000 0.000000 0.000000 0.000000 0.000000 0.000000 0.000000 0.000000 0.000000 0.000000 0.000000 0.000000 0.000000 0.000000 0.000001 0.000001 0.000001 0.000001 0.000002 0.000002 0.000003 0.000004 0.000005 0.000006 0.000008 0.000009 0.000011 0.000012 0.000014 0.000015 0.000017 0.000018 0.000019 0.000019 0.000019 0.000019 0.000019 0.000018 0.000017 0.000015 0.000014 0.000012 0.000011 0.000009 0.000008 0.000006 0.000005 0.000004 0.000003 0.000002 0.000002 0.000001 0.000001 0.000001 0.000001 0.000000 0.000000 0.000000 0.000000 0.000000 0.000000 0.000000 0.000000 0.000000 0.000000 0.000000 0.000000 0.000000 0.000000 0.000000 0.000000 0.000000 0.000000 0.000000 0.000000 0.000000 0.000000 0.000000 0.000000 0.000000 0.000000 0.000000 0.000000 0.000000 
0.000000 0.000000 0.000000 0.000000 0.000000 0.000000 0.000000 0.000000 0.000000 0.000000 0.000000 0.000000 0.000000 0.000000 0.000000 0.000000 0.000000 0.000000 0.000000 0.000000 0.000000 0.000000 0.000000 0.000000 0.000000 0.000000 0.000000 0.000000 0.000000 0.000001 0.000001 0.000001 0.000002 0.000003 0.000004 0.000005 0.000007 0.000009 0.000011 0.000013 0.000016 0.000019 0.000022 0.000026 0.000029 0.000032 0.000034 0.000037 0.000038 0.000040 0.000040 0.000040 0.000038 0.000037 0.000034 0.000032 0.000029 0.000026 0.000022 0.000019 0.000016 0.000013 0.000011 0.000009 0.000007 0.000005 0.000004 0.000003 0.000002 0.000001 0.000001 0.000001 0.000000 0.000000 0.000000 0.000000 0.000000 0.000000 0.000000 0.000000 0.000000 0.000000 0.000000 0.000000 0.000000 0.000000 0.000000 0.000000 0.000000 0.000000 0.000000 0.000000 0.000000 0.000000 0.000000 0.000000 0.000000 0.000000 0.000000 0.000000 
0.000000 0.000000 0.000000 0.000000 0.000000 0.000000 0.000000 0.000000 0.000000 0.000000 0.000000 0.000000 0.000000 0.000000 0.000000 0.000000 0.000000 0.000000 0.000000 0.000000 0.000000 0.000000 0.000000 0.000000 0.000000 0.000000 0.000000 0.000001 0.000001 0.000001 0.000002 0.000003 0.000004 0.000006 0.000008 0.000011 0.000014 0.000017 0.000022 0.000027 0.000033 0.000039 0.000045 0.000052 0.000059 0.000065 0.000070 0.000075 0.000079 0.000081 0.000081 0.000081 0.000079 0.000075 0.000070 0.000065 0.000059 0.000052 0.000045 0.000039 0.000033 0.000027 0.000022 0.000017 0.000014 0.000011 0.000008 0.000006 0.000004 0.000003 0.000002 0.000001 0.000001 0.000001 0.000000 0.000000 0.000000 0.000000 0.000000 0.000000 0.000000 0.000000 0.000000 0.000000 0.000000 0.000000 0.000000 0.000000 0.000000 0.000000 0.000000 0.000000 0.000000 0.000000 0.000000 0.000000 0.000000 0.000000 0.000000 0.000000 
0.000000 0.000000 0.000000 0.000000 0.000000 0.000000 0.000000 0.000000 0.000000 0.000000 0.000000 0.000000 0.000000 0.000000 0.000000 0.000000 0.000000 0.000000 0.000000 0.000000 0.000000 0.000000 0.000000 0.000000 0.000000 0.000001 0.000001 0.000001 0.000002 0.000003 0.000004 0.000006 0.000009 0.000012 0.000016 0.000021 0.000028 0.000035 0.000044 0.000054 0.000066 0.000078 0.000091 0.000105 0.000118 0.000130 0.000141 0.000151 0.000158 0.000162 0.000164 0.000162 0.000158 0.000151 0.000141 0.000130 0.000118 0.000105 0.000091 0.000078 0.000066 0.000054 0.000044 0.000035 0.000028 0.000021 0.000016 0.000012 0.000009 0.000006 0.000004 0.000003 0.000002 0.000001 0.000001 0.000001 0.000000 0.000000 0.000000 0.000000 0.000000 0.000000 0.000000 0.000000 0.000000 0.000000 0.000000 0.000000 0.000000 0.000000 0.000000 0.000000 0.000000 0.000000 0.000000 0.000000 0.000000 0.000000 0.000000 0.000000 
0.000000 0.000000 0.000000 0.000000 0.000000 0.000000 0.000000 0.000000 0.000000 0.000000 0.000000 0.000000 0.000000 0.000000 0.000000 0.000000 0.000000 0.000000 0.000000 0.000000 0.000000 0.000000 0.000000 0.000000 0.000001 0.000001 0.000002 0.000003 0.000004 0.000006 0.000009 0.000012 0.000017 0.000024 0.000032 0.000042 0.000055 0.000070 0.000088 0.000108 0.000131 0.000155 0.000181 0.000207 0.000233 0.000258 0.000279 0.000298 0.000312 0.000320 0.000323 0.000320 0.000312 0.000298 0.000279 0.000258 0.000233 0.000207 0.000181 0.000155 0.000131 0.000108 0.000088 0.000070 0.000055 0.000042 0.000032 0.000024 0.000017 0.000012 0.000009 0.000006 0.000004 0.000003 0.000002 0.000001 0.000001 0.000000 0.000000 0.000000 0.000000 0.000000 0.000000 0.000000 0.000000 0.000000 0.000000 0.000000 0.000000 0.000000 0.000000 0.000000 0.000000 0.000000 0.000000 0.000000 0.000000 0.000000 0.000000 0.000000 
0.000000 0.000000 0.000000 0.000000 0.000000 0.000000 0.000000 0.000000 0.000000 0.000000 0.000000 0.000000 0.000000 0.000000 0.000000 0.000000 0.000000 0.000000 0.000000 0.000000 0.000000 0.000000 0.000001 0.000001 0.000001 0.000002 0.000004 0.000005 0.000008 0.000012 0.000017 0.000024 0.000034 0.000046 0.000062 0.000082 0.000107 0.000136 0.000171 0.000210 0.000254 0.000302 0.000352 0.000403 0.000454 0.000501 0.000544 0.000579 0.000606 0.000623 0.000629 0.000623 0.000606 0.000579 0.000544 0.000501 0.000454 0.000403 0.000352 0.000302 0.000254 0.000210 0.000171 0.000136 0.000107 0.000082 0.000062 0.000046 0.000034 0.000024 0.000017 0.000012 0.000008 0.000005 0.000004 0.000002 0.000001 0.000001 0.000001 0.000000 0.000000 0.000000 0.000000 0.000000 0.000000 0.000000 0.000000 0.000000 0.000000 0.000000 0.000000 0.000000 0.000000 0.000000 0.000000 0.000000 0.000000 0.000000 0.000000 0.000000 
0.000000 0.000000 0.000000 0.000000 0.000000 0.000000 0.000000 0.000000 0.000000 0.000000 0.000000 0.000000 0.000000 0.000000 0.000000 0.000000 0.000000 0.000000 0.000000 0.000000 0.000000 0.000001 0.000001 0.000002 0.000003 0.000004 0.000007 0.000010 0.000015 0.000023 0.000033 0.000047 0.000065 0.000089 0.000120 0.000158 0.000205 0.000262 0.000328 0.000404 0.000488 0.000579 0.000675 0.000773 0.000869 0.000960 0.001041 0.001109 0.001160 0.001192 0.001203 0.001192 0.001160 0.001109 0.001041 0.000960 0.000869 0.000773 0.000675 0.000579 0.000488 0.000404 0.000328 0.000262 0.000205 0.000158 0.000120 0.000089 0.000065 0.000047 0.000033 0.000023 0.000015 0.000010 0.000007 0.000004 0.000003 0.000002 0.000001 0.000001 0.000000 0.000000 0.000000 0.000000 0.000000 0.000000 0.000000 0.000000 0.000000 0.000000 0.000000 0.000000 0.000000 0.000000 0.000000 0.000000 0.000000 0.000000 0.000000 0.000000 
0.000000 0.000000 0.000000 0.000000 0.000000 0.000000 0.000000 0.000000 0.000000 0.000000 0.000000 0.000000 0.000000 0.000000 0.000000 0.000000 0.000000 0.000000 0.000000 0.000000 0.000001 0.000001 0.000002 0.000003 0.000005 0.000008 0.000013 0.000020 0.000029 0.000043 0.000062 0.000088 0.000123 0.000169 0.000227 0.000299 0.000388 0.000495 0.000620 0.000762 0.000921 0.001092 0.001273 0.001457 0.001638 0.001809 0.001962 0.002089 0.002186 0.002246 0.002266 0.002246 0.002186 0.002089 0.001962 0.001809 0.001638 0.001457 0.001273 0.001092 0.000921 0.000762 0.000620 0.000495 0.000388 0.000299 0.000227 0.000169 0.000123 0.000088 0.000062 0.000043 0.000029 0.000020 0.000013 0.000008 0.000005 0.000003 0.000002 0.000001 0.000001 0.000000 0.000000 0.000000 0.000000 0.000000 0.000000 0.000000 0.000000 0.000000 0.000000 0.000000 0.000000 0.000000 0.000000 0.000000 0.000000 0.000000 0.000000 0.000000 
0.000000 0.000000 0.000000 0.000000 0.000000 0.000000 0.000000 0.000000 0.000000 0.000000 0.000000 0.000000 0.000000 0.000000 0.000000 0.000000 0.000000 0.000000 0.000000 0.000001 0.000001 0.000002 0.000004 0.000006 0.000010 0.000016 0.000024 0.000037 0.000055 0.000081 0.000117 0.000165 0.000230 0.000314 0.000422 0.000557 0.000722 0.000920 0.001152 0.001416 0.001709 0.002028 0.002362 0.002703 0.003038 0.003354 0.003637 0.003874 0.004052 0.004163 0.004200 0.004163 0.004052 0.003874 0.003637 0.003354 0.003038 0.002703 0.002362 0.002028 0.001709 0.001416 0.001152 0.000920 0.000722 0.000557 0.000422 0.000314 0.000230 0.000165 0.000117 0.000081 0.000055 0.000037 0.000024 0.000016 0.000010 0.000006 0.000004 0.000002 0.000001 0.000001 0.000000 0.000000 0.000000 0.000000 0.000000 0.000000 0.000000 0.000000 0.000000 0.000000 0.000000 0.000000 0.000000 0.000000 0.000000 0.000000 0.000000 0.000000 
0.000000 0.000000 0.000000 0.000000 0.000000 0.000000 0.000000 0.000000 0.000000 0.000000 0.000000 0.000000 0.000000 0.000000 0.000000 0.000000 0.000000 0.000000 0.000001 0.000001 0.000003 0.000004 0.000007 0.000012 0.000018 0.000029 0.000045 0.000068 0.000101 0.000149 0.000214 0.000303 0.000421 0.000576 0.000773 0.001020 0.001322 0.001684 0.002106 0.002588 0.003123 0.003703 0.004313 0.004934 0.005545 0.006120 0.006635 0.007066 0.007390 0.007592 0.007660 0.007592 0.007390 0.007066 0.006635 0.006120 0.005545 0.004934 0.004313 0.003703 0.003123 0.002588 0.002106 0.001684 0.001322 0.001020 0.000773 0.000576 0.000421 0.000303 0.000214 0.000149 0.000101 0.000068 0.000045 0.000029 0.000018 0.000012 0.000007 0.000004 0.000003 0.000001 0.000001 0.000000 0.000000 0.000000 0.000000 0.000000 0.000000 0.000000 0.000000 0.000000 0.000000 0.000000 0.000000 0.000000 0.000000 0.000000 0.000000 0.000000 
0.000000 0.000000 0.000000 0.000000 0.000000 0.000000 0.000000 0.000000 0.000000 0.000000 0.000000 0.000000 0.000000 0.000000 0.000000 0.000000 0.000000 0.000001 0.000002 0.000003 0.000005 0.000008 0.000013 0.000021 0.000033 0.000053 0.000081 0.000123 0.000183 0.000269 0.000387 0.000547 0.000761 0.001039 0.001394 0.001838 0.002381 0.003030 0.003788 0.004653 0.005614 0.006655 0.007748 0.008862 0.009956 0.010987 0.011910 0.012681 0.013262 0.013623 0.013746 0.013623 0.013262 0.012681 0.011910 0.010987 0.009956 0.008862 0.007748 0.006655 0.005614 0.004653 0.003788 0.003030 0.002381 0.001838 0.001394 0.001039 0.000761 0.000547 0.000387 0.000269 0.000183 0.000123 0.000081 0.000053 0.000033 0.000021 0.000013 0.000008 0.000005 0.000003 0.000002 0.000001 0.000000 0.000000 0.000000 0.000000 0.000000 0.000000 0.000000 0.000000 0.000000 0.000000 0.000000 0.000000 0.000000 0.000000 0.000000 0.000000 
0.000000 0.000000 0.000000 0.000000 0.000000 0.000000 0.000000 0.000000 0.000000 0.000000 0.000000 0.000000 0.000000 0.000000 0.000000 0.000000 0.000001 0.000002 0.000003 0.000005 0.000008 0.000014 0.000023 0.000037 0.000060 0.000094 0.000145 0.000219 0.000326 0.000478 0.000687 0.000972 0.001350 0.001843 0.002472 0.003257 0.004217 0.005365 0.006704 0.008231 0.009929 0.011764 0.013694 0.015658 0.017587 0.019405 0.021031 0.022390 0.023414 0.024051 0.024268 0.024051 0.023414 0.022390 0.021031 0.019405 0.017587 0.015658 0.013694 0.011764 0.009929 0.008231 0.006704 0.005365 0.004217 0.003257 0.002472 0.001843 0.001350 0.000972 0.000687 0.000478 0.000326 0.000219 0.000145 0.000094 0.000060 0.000037 0.000023 0.000014 0.000008 0.000005 0.000003 0.000002 0.000001 0.000000 0.000000 0.000000 0.000000 0.000000 0.000000 0.000000 0.000000 0.000000 0.000000 0.000000 0.000000 0.000000 0.000000 0.000000 
0.000000 0.000000 0.000000 0.000000 0.000000 0.000000 0.000000 0.000000 0.000000 0.000000 0.000000 0.000000 0.000000 0.000000 0.000000 0.000001 0.000002 0.000003 0.000005 0.000009 0.000015 0.000025 0.000041 0.000066 0.000105 0.000165 0.000253 0.000384 0.000571 0.000836 0.001202 0.001698 0.002357 0.003216 0.004311 0.005678 0.007348 0.009344 0.011672 0.014325 0.017273 0.020460 0.023809 0.027218 0.030565 0.033717 0.036538 0.038894 0.040670 0.041774 0.042149 0.041774 0.040670 0.038894 0.036538 0.033717 0.030565 0.027218 0.023809 0.020460 0.017273 0.014325 0.011672 0.009344 0.007348 0.005678 0.004311 0.003216 0.002357 0.001698 0.001202 0.000836 0.000571 0.000384 0.000253 0.000165 0.000105 0.000066 0.000041 0.000025 0.000015 0.000009 0.000005 0.000003 0.000002 0.000001 0.000000 0.000000 0.000000 0.000000 0.000000 0.000000 0.000000 0.000000 0.000000 0.000000 0.000000 0.000000 0.000000 0.000000 
0.000000 0.000000 0.000000 0.000000 0.000000 0.000000 0.000000 0.000000 0.000000 0.000000 0.000000 0.000000 0.000000 0.000000 0.000001 0.000001 0.000003 0.000005 0.000009 0.000015 0.000025 0.000043 0.000070 0.000114 0.000181 0.000284 0.000437 0.000662 0.000984 0.001438 0.002067 0.002918 0.004049 0.005520 0.007396 0.009737 0.012595 0.016008 0.019989 0.024524 0.029560 0.035004 0.040723 0.046541 0.052254 0.057634 0.062446 0.066465 0.069494 0.071378 0.072017 0.071378 0.069494 0.066465 0.062446 0.057634 0.052254 0.046541 0.040723 0.035004 0.029560 0.024524 0.019989 0.016008 0.012595 0.009737 0.007396 0.005520 0.004049 0.002918 0.002067 0.001438 0.000984 0.000662 0.000437 0.000284 0.000181 0.000114 0.000070 0.000043 0.000025 0.000015 0.000009 0.000005 0.000003 0.000001 0.000001 0.000000 0.000000 0.000000 0.000000 0.000000 0.000000 0.000000 0.000000 0.000000 0.000000 0.000000 0.000000 0.000000 
0.000000 0.000000 0.000000 0.000000 0.000000 0.000000 0.000000 0.000000 0.000000 0.000000 0.000000 0.000000 0.000000 0.000001 0.000001 0.000003 0.000005 0.000008 0.000015 0.000025 0.000043 0.000072 0.000119 0.000193 0.000308 0.000482 0.000741 0.001121 0.001666 0.002434 0.003495 0.004932 0.006839 0.009320 0.012481 0.016423 0.021234 0.026976 0.033673 0.041297 0.049761 0.058909 0.068514 0.078285 0.087876 0.096907 0.104983 0.111729 0.116811 0.119971 0.121044 0.119971 0.116811 0.111729 0.104983 0.096907 0.087876 0.078285 0.068514 0.058909 0.049761 0.041297 0.033673 0.026976 0.021234 0.016423 0.012481 0.009320 0.006839 0.004932 0.003495 0.002434 0.001666 0.001121 0.000741 0.000482 0.000308 0.000193 0.000119 0.000072 0.000043 0.000025 0.000015 0.000008 0.000005 0.000003 0.000001 0.000001 0.000000 0.000000 0.000000 0.000000 0.000000 0.000000 0.000000 0.000000 0.000000 0.000000 0.000000 0.000000 
0.000000 0.000000 0.000000 0.000000 0.000000 0.000000 0.000000 0.000000 0.000000 0.000000 0.000000 0.000000 0.000001 0.000001 0.000002 0.000004 0.000008 0.000014 0.000025 0.000043 0.000072 0.000121 0.000200 0.000323 0.000514 0.000804 0.001236 0.001868 0.002775 0.004051 0.005813 0.008198 0.011362 0.015476 0.020714 0.027244 0.035210 0.044713 0.055792 0.068401 0.082394 0.097512 0.113383 0.129523 0.145364 0.160276 0.173610 0.184746 0.193135 0.198351 0.200121 0.198351 0.193135 0.184746 0.173610 0.160276 0.145364 0.129523 0.113383 0.097512 0.082394 0.068401 0.055792 0.044713 0.035210 0.027244 0.020714 0.015476 0.011362 0.008198 0.005813 0.004051 0.002775 0.001868 0.001236 0.000804 0.000514 0.000323 0.000200 0.000121 0.000072 0.000043 0.000025 0.000014 0.000008 0.000004 0.000002 0.000001 0.000001 0.000000 0.000000 0.000000 0.000000 0.000000 0.000000 0.000000 0.000000 0.000000 0.000000 0.000000 
0.000000 0.000000 0.000000 0.000000 0.000000 0.000000 0.000000 0.000000 0.000000 0.000000 0.000000 0.000001 0.000001 0.000002 0.000004 0.000007 0.000013 0.000023 0.000041 0.000070 0.000119 0.000200 0.000328 0.000531 0.000844 0.001319 0.002027 0.003061 0.004544 0.006630 0.009508 0.013402 0.018564 0.025272 0.033810 0.044448 0.057421 0.072891 0.090919 0.111429 0.134184 0.158761 0.184553 0.210780 0.236514 0.260734 0.282389 0.300471 0.314092 0.322561 0.325434 0.322561 0.314092 0.300471 0.282389 0.260734 0.236514 0.210780 0.184553 0.158761 0.134184 0.111429 0.090919 0.072891 0.057421 0.044448 0.033810 0.025272 0.018564 0.013402 0.009508 0.006630 0.004544 0.003061 0.002027 0.001319 0.000844 0.000531 0.000328 0.000200 0.000119 0.000070 0.000041 0.000023 0.000013 0.000007 0.000004 0.000002 0.000001 0.000001 0.000000 0.000000 0.000000 0.000000 0.000000 0.000000 0.000000 0.000000 0.000000 0.000000 
0.000000 0.000000 0.000000 0.000000 0.000000 0.000000 0.000000 0.000000 0.000000 0.000000 0.000000 0.000001 0.000002 0.000003 0.000006 0.000012 0.000021 0.000037 0.000066 0.000114 0.000193 0.000323 0.000531 0.000858 0.001363 0.002129 0.003268 0.004932 0.007317 0.010670 0.015293 0.021544 0.029828 0.040586 0.054272 0.071318 0.092095 0.116863 0.145715 0.178529 0.214922 0.254219 0.295450 0.337364 0.378483 0.417177 0.451767 0.480647 0.502402 0.515926 0.520515 0.515926 0.502402 0.480647 0.451767 0.417177 0.378483 0.337364 0.295450 0.254219 0.214922 0.178529 0.145715 0.116863 0.092095 0.071318 0.054272 0.040586 0.029828 0.021544 0.015293 0.010670 0.007317 0.004932 0.003268 0.002129 0.001363 0.000858 0.000531 0.000323 0.000193 0.000114 0.000066 0.000037 0.000021 0.000012 0.000006 0.000003 0.000002 0.000001 0.000000 0.000000 0.000000 0.000000 0.000000 0.000000 0.000000 0.000000 0.000000 0.000000 
0.000000 0.000000 0.000000 0.000000 0.000000 0.000000 0.000000 0.000000 0.000000 0.000000 0.000001 0.000001 0.000003 0.000005 0.000010 0.000018 0.000033 0.000060 0.000105 0.000181 0.000308 0.000514 0.000844 0.001363 0.002164 0.003377 0.005181 0.007814 0.011586 0.016885 0.024188 0.034056 0.047127 0.064095 0.085670 0.112531 0.145258 0.184255 0.229668 0.281300 0.338546 0.400345 0.465167 0.531051 0.595671 0.656471 0.710817 0.756185 0.790357 0.811600 0.818807 0.811600 0.790357 0.756185 0.710817 0.656471 0.595671 0.531051 0.465167 0.400345 0.338546 0.281300 0.229668 0.184255 0.145258 0.112531 0.085670 0.064095 0.047127 0.034056 0.024188 0.016885 0.011586 0.007814 0.005181 0.003377 0.002164 0.001363 0.000844 0.000514 0.000308 0.000181 0.000105 0.000060 0.000033 0.000018 0.000010 0.000005 0.000003 0.000001 0.000001 0.000000 0.000000 0.000000 0.000000 0.000000 0.000000 0.000000 0.000000 0.000000 
0.000000 0.000000 0.000000 0.000000 0.000000 0.000000 0.000000 0.000000 0.000000 0.000001 0.000001 0.000002 0.000004 0.000008 0.000016 0.000029 0.000053 0.000094 0.000165 0.000284 0.000482 0.000804 0.001319 0.002129 0.003377 0.005267 0.008075 0.012173 0.018037 0.026273 0.037615 0.052935 0.073217 0.099533 0.132980 0.174603 0.225298 0.285684 0.355979 0.435877 0.524436 0.620013 0.720244 0.822093 0.921973 1.015932 1.099905 1.170000 1.222793 1.255608 1.266741 1.255608 1.222793 1.170000 1.099905 1.015932 0.921973 0.822093 0.720244 0.620013 0.524436 0.435877 0.355979 0.285684 0.225298 0.174603 0.132980 0.099533 0.073217 0.052935 0.037615 0.026273 0.018037 0.012173 0.008075 0.005267 0.003377 0.002129 0.001319 0.000804 0.000482 0.000284 0.000165 0.000094 0.000053 0.000029 0.000016 0.000008 0.000004 0.000002 0.000001 0.000001 0.000000 0.000000 0.000000 0.000000 0.000000 0.000000 0.000000 0.000000 
0.000000 0.000000 0.000000 0.000000 0.000000 0.000000 0.000000 0.000000 0.000000 0.000001 0.000002 0.000004 0.000007 0.000013 0.000024 0.000045 0.000081 0.000145 0.000253 0.000437 0.000741 0.001236 0.002027 0.003268 0.005181 0.008075 0.012375 0.018642 0.027609 0.040193 0.057516 0.080901 0.111847 0.151980 0.202967 0.266395 0.343615 0.435566 0.542571 0.664157 0.798886 0.944255 1.096668 1.251511 1.403332 1.546133 1.673741 1.780248 1.860459 1.910315 1.927229 1.910315 1.860459 1.780248 1.673741 1.546133 1.403332 1.251511 1.096668 0.944255 0.798886 0.664157 0.542571 0.435566 0.343615 0.266395 0.202967 0.151980 0.111847 0.080901 0.057516 0.040193 0.027609 0.018642 0.012375 0.008075 0.005181 0.003268 0.002027 0.001236 0.000741 0.000437 0.000253 0.000145 0.000081 0.000045 0.000024 0.000013 0.000007 0.000004 0.000002 0.000001 0.000000 0.000000 0.000000 0.000000 0.000000 0.000000 0.000000 0.000000 
0.000000 0.000000 0.000000 0.000000 0.000000 0.000000 0.000000 0.000000 0.000001 0.000001 0.000003 0.000005 0.000010 0.000020 0.000037 0.000068 0.000123 0.000219 0.000384 0.000662 0.001121 0.001868 0.003061 0.004932 0.007814 0.012173 0.018642 0.028069 0.041547 0.060452 0.086465 0.121564 0.167990 0.228173 0.304601 0.399640 0.515305 0.652987 0.813162 0.995109 1.196671 1.414098 1.642012 1.873515 2.100462 2.313893 2.504594 2.663746 2.783596 2.858086 2.883357 2.858086 2.783596 2.663746 2.504594 2.313893 2.100462 1.873515 1.642012 1.414098 1.196671 0.995109 0.813162 0.652987 0.515305 0.399640 0.304601 0.228173 0.167990 0.121564 0.086465 0.060452 0.041547 0.028069 0.018642 0.012173 0.007814 0.004932 0.003061 0.001868 0.001121 0.000662 0.000384 0.000219 0.000123 0.000068 0.000037 0.000020 0.000010 0.000005 0.000003 0.000001 0.000001 0.000000 0.000000 0.000000 0.000000 0.000000 0.000000 0.000000 
0.000000 0.000000 0.000000 0.000000 0.000000 0.000000 0.000000 0.000000 0.000001 0.000002 0.000004 0.000008 0.000015 0.000029 0.000055 0.000101 0.000183 0.000326 0.000571 0.000984 0.001666 0.002775 0.004544 0.007317 0.011586 0.018037 0.027609 0.041547 0.061464 0.089389 0.127794 0.179589 0.248070 0.336807 0.449451 0.589475 0.759828 0.962543 1.198305 1.466039 1.762561 2.082348 2.417490 2.757846 3.091450 3.405143 3.685396 3.919262 4.095364 4.204810 4.241940 4.204810 4.095364 3.919262 3.685396 3.405143 3.091450 2.757846 2.417490 2.082348 1.762561 1.466039 1.198305 0.962543 0.759828 0.589475 0.449451 0.336807 0.248070 0.179589 0.127794 0.089389 0.061464 0.041547 0.027609 0.018037 0.011586 0.007317 0.004544 0.002775 0.001666 0.000984 0.000571 0.000326 0.000183 0.000101 0.000055 0.000029 0.000015 0.000008 0.000004 0.000002 0.000001 0.000000 0.000000 0.000000 0.000000 0.000000 0.000000 0.000000 
0.000000 0.000000 0.000000 0.000000 0.000000 0.000000 0.000000 0.000001 0.000001 0.000003 0.000006 0.000012 0.000023 0.000043 0.000081 0.000149 0.000269 0.000478 0.000836 0.001438 0.002434 0.004051 0.006630 0.010670 0.016885 0.026273 0.040193 0.060452 0.089389 0.129941 0.185685 0.260831 0.360145 0.488784 0.652020 0.854860 1.101556 1.395025 1.736238 2.123621 2.552552 3.015036 3.499630 3.991675 4.473885 4.927254 5.332249 5.670179 5.924626 6.082755 6.136400 6.082755 5.924626 5.670179 5.332249 4.927254 4.473885 3.991675 3.499630 3.015036 2.552552 2.123621 1.736238 1.395025 1.101556 0.854860 0.652020 0.488784 0.360145 0.260831 0.185685 0.129941 0.089389 0.060452 0.040193 0.026273 0.016885 0.010670 0.006630 0.004051 0.002434 0.001438 0.000836 0.000478 0.000269 0.000149 0.000081 0.000043 0.000023 0.000012 0.000006 0.000003 0.000001 0.000001 0.000000 0.000000 0.000000 0.000000 0.000000 0.000000 
0.000000 0.000000 0.000000 0.000000 0.000000 0.000000 0.000001 0.000001 0.000002 0.000004 0.000009 0.000017 0.000033 0.000062 0.000117 0.000214 0.000387 0.000687 0.001202 0.002067 0.003495 0.005813 0.009508 0.015293 0.024188 0.037615 0.057516 0.086465 0.127794 0.185685 0.265229 0.372414 0.514015 0.697357 0.929927 1.218826 1.570075 1.987798 2.473347 3.024457 3.634534 4.292196 4.981166 5.680613 6.365978 7.010269 7.585753 8.065901 8.427408 8.652062 8.728273 8.652062 8.427408 8.065901 7.585753 7.010269 6.365978 5.680613 4.981166 4.292196 3.634534 3.024457 2.473347 1.987798 1.570075 1.218826 0.929927 0.697357 0.514015 0.372414 0.265229 0.185685 0.127794 0.086465 0.057516 0.037615 0.024188 0.015293 0.009508 0.005813 0.003495 0.002067 0.001202 0.000687 0.000387 0.000214 0.000117 0.000062 0.000033 0.000017 0.000009 0.000004 0.000002 0.000001 0.000001 0.000000 0.000000 0.000000 0.000000 0.000000 
0.000000 0.000000 0.000000 0.000000 0.000000 0.000000 0.000001 0.000001 0.000003 0.000006 0.000012 0.000024 0.000047 0.000088 0.000165 0.000303 0.000547 0.000972 0.001698 0.002918 0.004932 0.008198 0.013402 0.021544 0.034056 0.052935 0.080901 0.121564 0.179589 0.260831 0.372414 0.522712 0.721194 0.978091 1.303855 1.708392 2.200088 2.784674 3.464002 4.234870 5.088031 6.007551 6.970671 7.948280 8.906072 9.806355 10.610410 11.281211 11.786230 12.100056 12.206515 12.100056 11.786230 11.281211 10.610410 9.806355 8.906072 7.948280 6.970671 6.007551 5.088031 4.234870 3.464002 2.784674 2.200088 1.708392 1.303855 0.978091 0.721194 0.522712 0.372414 0.260831 0.179589 0.121564 0.080901 0.052935 0.034056 0.021544 0.013402 0.008198 0.004932 0.002918 0.001698 0.000972 0.000547 0.000303 0.000165 0.000088 0.000047 0.000024 0.000012 0.000006 0.000003 0.000001 0.000001 0.000000 0.000000 0.000000 0.000000 0.000000 
0.000000 0.000000 0.000000 0.000000 0.000000 0.000000 0.000001 0.000002 0.000004 0.000009 0.000017 0.000034 0.000065 0.000123 0.000230 0.000421 0.000761 0.001350 0.002357 0.004049 0.006839 0.011362 0.018564 0.029828 0.047127 0.073217 0.111847 0.167990 0.248070 0.360145 0.514015 0.721194 0.994694 1.348567 1.797159 2.354055 3.030744 3.835056 4.769490 5.829598 7.002629 8.266660 9.590397 10.933843 12.249880 13.486755 14.591322 15.512759 16.206433 16.637475 16.783694 16.637475 16.206433 15.512759 14.591322 13.486755 12.249880 10.933843 9.590397 8.266660 7.002629 5.829598 4.769490 3.835056 3.030744 2.354055 1.797159 1.348567 0.994694 0.721194 0.514015 0.360145 0.248070 0.167990 0.111847 0.073217 0.047127 0.029828 0.018564 0.011362 0.006839 0.004049 0.002357 0.001350 0.000761 0.000421 0.000230 0.000123 0.000065 0.000034 0.000017 0.000009 0.000004 0.000002 0.000001 0.000000 0.000000 0.000000 0.000000 0.000000 
0.000000 0.000000 0.000000 0.000000 0.000000 0.000001 0.000001 0.000003 0.000006 0.000012 0.000024 0.000046 0.000089 0.000169 0.000314 0.000576 0.001039 0.001843 0.003216 0.005520 0.009320 0.015476 0.025272 0.040586 0.064095 0.099533 0.151980 0.228173 0.336807 0.488784 0.697357 0.978091 1.348567 1.827760 2.435028 3.188694 4.104234 5.192169 6.455814 7.889098 9.474743 11.183087 12.971834 14.786950 16.564809 18.235546 19.727428 20.971877 21.908668 22.490760 22.688216 22.490760 21.908668 20.971877 19.727428 18.235546 16.564809 14.786950 12.971834 11.183087 9.474743 7.889098 6.455814 5.192169 4.104234 3.188694 2.435028 1.827760 1.348567 0.978091 0.697357 0.488784 0.336807 0.228173 0.151980 0.099533 0.064095 0.040586 0.025272 0.015476 0.009320 0.005520 0.003216 0.001843 0.001039 0.000576 0.000314 0.000169 0.000089 0.000046 0.000024 0.000012 0.000006 0.000003 0.000001 0.000001 0.000000 0.000000 0.000000 0.000000 
0.000000 0.000000 0.000000 0.000000 0.000000 0.000001 0.000002 0.000004 0.000008 0.000016 0.000032 0.000062 0.000120 0.000227 0.000422 0.000773 0.001394 0.002472 0.004311 0.007396 0.012481 0.020714 0.033810 0.054272 0.085670 0.132980 0.202967 0.304601 0.449451 0.652020 0.929927 1.303855 1.797159 2.435028 3.243151 4.245821 5.463535 6.910199 8.590139 10.495216 12.602411 14.872276 17.248606 19.659640 22.020901 24.239661 26.220731 27.873122 29.116937 29.889778 30.151934 29.889778 29.116937 27.873122 26.220731 24.239661 22.020901 19.659640 17.248606 14.872276 12.602411 10.495216 8.590139 6.910199 5.463535 4.245821 3.243151 2.435028 1.797159 1.303855 0.929927 0.652020 0.449451 0.304601 0.202967 0.132980 0.085670 0.054272 0.033810 0.020714 0.012481 0.007396 0.004311 0.002472 0.001394 0.000773 0.000422 0.000227 0.000120 0.000062 0.000032 0.000016 0.000008 0.000004 0.000002 0.000001 0.000000 0.000000 0.000000 0.000000 
0.000000 0.000000 0.000000 0.000000 0.000001 0.000001 0.000002 0.000005 0.000011 0.000021 0.000042 0.000082 0.000158 0.000299 0.000557 0.001020 0.001838 0.003257 0.005678 0.009737 0.016423 0.027244 0.044448 0.071318 0.112531 0.174603 0.266395 0.399640 0.589475 0.854860 1.218826 1.708392 2.354055 3.188694 4.245821 5.557103 7.149238 9.040298 11.235836 13.725129 16.478039 19.442990 22.546562 25.695052 28.778200 31.675002 34.261269 36.418309 38.041916 39.050705 39.392892 39.050705 38.041916 36.418309 34.261269 31.675002 28.778200 25.695052 22.546562 19.442990 16.478039 13.725129 11.235836 9.040298 7.149238 5.557103 4.245821 3.188694 2.354055 1.708392 1.218826 0.854860 0.589475 0.399640 0.266395 0.174603 0.112531 0.071318 0.044448 0.027244 0.016423 0.009737 0.005678 0.003257 0.001838 0.001020 0.000557 0.000299 0.000158 0.000082 0.000042 0.000021 0.000011 0.000005 0.000002 0.000001 0.000001 0.000000 0.000000 0.000000 
0.000000 0.000000 0.000000 0.000000 0.000001 0.000002 0.000003 0.000007 0.000014 0.000028 0.000055 0.000107 0.000205 0.000388 0.000722 0.001322 0.002381 0.004217 0.007348 0.012595 0.021234 0.035210 0.057421 0.092095 0.145258 0.225298 0.343615 0.515305 0.759828 1.101556 1.570075 2.200088 3.030744 4.104234 5.463535 7.149238 9.195529 11.625504 14.446178 17.643675 21.179202 24.986481 28.971222 33.013150 36.970777 40.688869 44.008134 46.776355 48.859904 50.154428 50.593532 50.154428 48.859904 46.776355 44.008134 40.688869 36.970777 33.013150 28.971222 24.986481 21.179202 17.643675 14.446178 11.625504 9.195529 7.149238 5.463535 4.104234 3.030744 2.200088 1.570075 1.101556 0.759828 0.515305 0.343615 0.225298 0.145258 0.092095 0.057421 0.035210 0.021234 0.012595 0.007348 0.004217 0.002381 0.001322 0.000722 0.000388 0.000205 0.000107 0.000055 0.000028 0.000014 0.000007 0.000003 0.000002 0.000001 0.000000 0.000000 0.000000 
0.000000 0.000000 0.000000 0.000000 0.000001 0.000002 0.000004 0.000009 0.000017 0.000035 0.000070 0.000136 0.000262 0.000495 0.000920 0.001684 0.003030 0.005365 0.009344 0.016008 0.026976 0.044713 0.072891 0.116863 0.184255 0.285684 0.435566 0.652987 0.962543 1.395025 1.987798 2.784674 3.835056 5.192169 6.910199 9.040298 11.625504 14.694843 18.257034 22.294432 26.757967 31.563910 36.593233 41.694161 46.688211 51.379603 55.567472 59.059900 61.688425 63.321501 63.875435 63.321501 61.688425 59.059900 55.567472 51.379603 46.688211 41.694161 36.593233 31.563910 26.757967 22.294432 18.257034 14.694843 11.625504 9.040298 6.910199 5.192169 3.835056 2.784674 1.987798 1.395025 0.962543 0.652987 0.435566 0.285684 0.184255 0.116863 0.072891 0.044713 0.026976 0.016008 0.009344 0.005365 0.003030 0.001684 0.000920 0.000495 0.000262 0.000136 0.000070 0.000035 0.000017 0.000009 0.000004 0.000002 0.000001 0.000000 0.000000 0.000000 
0.000000 0.000000 0.000000 0.000001 0.000001 0.000002 0.000005 0.000011 0.000022 0.000044 0.000088 0.000171 0.000328 0.000620 0.001152 0.002106 0.003788 0.006704 0.011672 0.019989 0.033673 0.055792 0.090919 0.145715 0.229668 0.355979 0.542571 0.813162 1.198305 1.736238 2.473347 3.464002 4.769490 6.455814 8.590139 11.235836 14.446178 18.257034 22.679066 27.690231 33.229524 39.192975 45.432879 51.760966 57.955902 63.774946 68.969101 73.300486 76.560311 78.585556 79.272502 78.585556 76.560311 73.300486 68.969101 63.774946 57.955902 51.760966 45.432879 39.192975 33.229524 27.690231 22.679066 18.257034 14.446178 11.235836 8.590139 6.455814 4.769490 3.464002 2.473347 1.736238 1.198305 0.813162 0.542571 0.355979 0.229668 0.145715 0.090919 0.055792 0.033673 0.019989 0.011672 0.006704 0.003788 0.002106 0.001152 0.000620 0.000328 0.000171 0.000088 0.000044 0.000022 0.000011 0.000005 0.000002 0.000001 0.000001 0.000000 0.000000 
0.000000 0.000000 0.000000 0.000001 0.000001 0.000003 0.000006 0.000013 0.000027 0.000054 0.000108 0.000210 0.000404 0.000762 0.001416 0.002588 0.004653 0.008231 0.014325 0.024524 0.041297 0.068401 0.111429 0.178529 0.281300 0.435877 0.664157 0.995109 1.466039 2.123621 3.024457 4.234870 5.829598 7.889098 10.495216 13.725129 17.643675 22.294432 27.690231 33.804022 40.561260 47.835050 55.445219 63.162199 70.716171 77.811281 84.144089 89.424740 93.398846 95.867796 96.705233 95.867796 93.398846 89.424740 84.144089 77.811281 70.716171 63.162199 55.445219 47.835050 40.561260 33.804022 27.690231 22.294432 17.643675 13.725129 10.495216 7.889098 5.829598 4.234870 3.024457 2.123621 1.466039 0.995109 0.664157 0.435877 0.281300 0.178529 0.111429 0.068401 0.041297 0.024524 0.014325 0.008231 0.004653 0.002588 0.001416 0.000762 0.000404 0.000210 0.000108 0.000054 0.000027 0.000013 0.000006 0.000003 0.000001 0.000001 0.000000 0.000000 
0.000000 0.000000 0.000000 0.000001 0.000002 0.000004 0.000008 0.000016 0.000033 0.000066 0.000131 0.000254 0.000488 0.000921 0.001709 0.003123 0.005614 0.009929 0.017273 0.029560 0.049761 0.082394 0.134184 0.214922 0.338546 0.524436 0.798886 1.196671 1.762561 2.552552 3.634534 5.088031 7.002629 9.474743 12.602411 16.478039 21.179202 26.757967 33.229524 40.561260 48.663655 57.384481 66.507709 75.758177 84.812552 93.316367 100.906113 107.234593 111.997116 114.955813 115.959355 114.955813 111.997116 107.234593 100.906113 93.316367 84.812552 75.758177 66.507709 57.384481 48.663655 40.561260 33.229524 26.757967 21.179202 16.478039 12.602411 9.474743 7.002629 5.088031 3.634534 2.552552 1.762561 1.196671 0.798886 0.524436 0.338546 0.214922 0.134184 0.082394 0.049761 0.029560 0.017273 0.009929 0.005614 0.003123 0.001709 0.000921 0.000488 0.000254 0.000131 0.000066 0.000033 0.000016 0.000008 0.000004 0.000002 0.000001 0.000001 0.000001 
0.000000 0.000000 0.000000 0.000001 0.000002 0.000004 0.000009 0.000019 0.000039 0.000078 0.000155 0.000302 0.000579 0.001092 0.002028 0.003703 0.006655 0.011764 0.020460 0.035004 0.058909 0.097512 0.158761 0.254219 0.400345 0.620013 0.944255 1.414098 2.082348 3.015036 4.292196 6.007551 8.266660 11.183087 14.872276 19.442990 24.986481 31.563910 39.192975 47.835050 57.384481 67.661777 78.412339 89.311975 99.979821 109.998404 118.939654 126.394750 132.004946 135.490186 136.672312 135.490186 132.004946 126.394750 118.939654 109.998404 99.979821 89.311975 78.412339 67.661777 57.384481 47.835050 39.192975 31.563910 24.986481 19.442990 14.872276 11.183087 8.266660 6.007551 4.292196 3.015036 2.082348 1.414098 0.944255 0.620013 0.400345 0.254219 0.158761 0.097512 0.058909 0.035004 0.020460 0.011764 0.006655 0.003703 0.002028 0.001092 0.000579 0.000302 0.000155 0.000078 0.000039 0.000019 0.000009 0.000004 0.000002 0.000001 0.000001 0.000001 
0.000000 0.000000 0.000001 0.000001 0.000002 0.000005 0.000011 0.000022 0.000045 0.000091 0.000181 0.000352 0.000675 0.001273 0.002362 0.004313 0.007748 0.013694 0.023809 0.040723 0.068514 0.113383 0.184553 0.295450 0.465167 0.720244 1.096668 1.642012 2.417490 3.499630 4.981166 6.970671 9.590397 12.971834 17.248606 22.546562 28.971222 36.593233 45.432879 55.445219 66.507709 78.412339 90.864181 103.487797 115.842195 127.444067 137.797891 146.430466 152.926580 156.962111 158.330873 156.962111 152.926580 146.430466 137.797891 127.444067 115.842195 103.487797 90.864181 78.412339 66.507709 55.445219 45.432879 36.593233 28.971222 22.546562 17.248606 12.971834 9.590397 6.970671 4.981166 3.499630 2.417490 1.642012 1.096668 0.720244 0.465167 0.295450 0.184553 0.113383 0.068514 0.040723 0.023809 0.013694 0.007748 0.004313 0.002362 0.001273 0.000675 0.000352 0.000181 0.000091 0.000045 0.000022 0.000011 0.000005 0.000002 0.000001 0.000001 0.000001 
