0.000000 0.000000 0.000000 0.000000 0.000000 0.000000 0.000000 0.000000 0.000000 0.000000 0.000000 0.000000 0.000000 0.000000 0.000000 0.000000 0.000000 0.000000 0.000000 0.000000 0.000000 0.000000 0.000000 0.000000 0.000000 0.000000 0.000000 0.000000 0.000000 0.000000 0.000000 0.000000 0.000000 0.000000 0.000000 0.000000 0.000000 0.000000 0.000000 0.000000 0.000000 0.000000 0.000000 0.000000 0.000000 0.000000 0.000000 0.000000 0.000000 0.000000 0.000000 0.000000 0.000000 0.000000 0.000000 0.000000 0.000000 0.000000 0.000000 0.000000 0.000000 0.000000 0.000000 0.000000 0.000000 0.000000 0.000000 0.000000 0.000000 0.000000 0.000000 0.000000 0.000000 0.000000 0.000000 0.000000 0.000000 0.000000 0.000000 0.000000 0.000000 0.000000 0.000000 0.000000 0.000000 0.000000 0.000000 0.000000 0.000000 0.000000 0.000000 0.000000 0.000000 0.000000 0.000000 0.000000 0.000000 0.000000 0.000000 0.000000 
0.000000 0.000000 0.000000 0.000000 0.000000 0.000000 0.000000 0.000000 0.000000 0.000000 0.000000 0.000000 0.000000 0.000000 0.000000 0.000000 0.000000 0.000000 0.000000 0.000000 0.000000 0.000000 0.000000 0.000000 0.000000 0.000000 0.000000 0.000000 0.000000 0.000000 0.000000 0.000000 0.000000 0.000000 0.000000 0.000000 0.000000 0.000000 0.000000 0.000000 0.000000 0.000000 0.000000 0.000000 0.000000 0.000000 0.000000 0.000000 0.000000 0.000000 0.000000 0.000000 0.000000 0.000000 0.000000 0.000000 0.000000 0.000000 0.000000 0.000000 0.000000 0.000000 0.000000 0.000000 0.000000 0.000000 0.000000 0.000000 0.000000 0.000000 0.000000 0.000000 0.000000 0.000000 0.000000 0.000000 0.000000 0.000000 0.000000 0.000000 0.000000 0.000000 0.000000 0.000000 0.000000 0.000000 0.000000 0.000000 0.000000 0.000000 0.000000 0.000000 0.000000 0.000000 0.000000 0.000000 0.000000 0.000000 0.000000 0.000000 
0.000000 0.000000 0.000000 0.000000 0.000000 0.000000 0.000000 0.000000 0.000000 0.000000 0.000000 0.000000 0.000000 0.000000 0.000000 0.000000 0.000000 0.000000 0.000000 0.000000 0.000000 0.000000 0.000000 0.000000 0.000000 0.000000 0.000000 0.000000 0.000000 0.000000 0.000000 0.000000 0.000000 0.000000 0.000000 0.000000 0.000000 0.000000 0.000000 0.000000 0.000000 0.000000 0.000000 0.000000 0.000000 0.000000 0.000000 0.000000 0.000000 0.000000 0.000000 0.000000 0.000000 0.000000 0.000000 0.000000 0.000000 0.000000 0.000000 0.000000 0.000000 0.000000 0.000000 0.000000 0.000000 0.000000 0.000000 0.000000 0.000000 0.000000 0.000000 0.000000 0.000000 0.000000 0.000000 0.000000 0.000000 0.000000 0.000000 0.000000 0.000000 0.000000 0.000000 0.000000 0.000000 0.000000 0.000000 0.000000 0.000000 0.000000 0.000000 0.000000 0.000000 0.000000 0.000000 0.000000 0.000000 0.000000 0.000000 0.000000 
0.000000 0.000000 0.000000 0.000000 0.000000 0.000000 0.000000 0.000000 0.000000 0.000000 0.000000 0.000000 0.000000 0.000000 0.000000 0.000000 0.000000 0.000000 0.000000 0.000000 0.000000 0.000000 0.000000 0.000000 0.000000 0.000000 0.000000 0.000000 0.000000 0.000000 0.000000 0.000000 0.000000 0.000000 0.000000 0.000000 0.000000 0.000000 0.000000 0.000000 0.000000 0.000000 0.000000 0.000000 0.000000 0.000000 0.000000 0.000000 0.000000 0.000000 0.000000 0.000000 0.000000 0.000000 0.000000 0.000000 0.000000 0.000000 0.000000 0.000000 0.000000 0.000000 0.000000 0.000000 0.000000 0.000000 0.000000 0.000000 0.000000 0.000000 0.000000 0.000000 0.000000 0.000000 0.000000 0.000000 0.000000 0.000000 0.000000 0.000000 0.000000 0.000000 0.000000 0.000000 0.000000 0.000000 0.000000 0.000000 0.000000 0.000000 0.000000 0.000000 0.000000 0.000000 0.000000 0.000000 0.000000 0.000000 0.000000 0.000000 
0.000000 0.000000 0.000000 0.000000 0.000000 0.000000 0.000000 0.000000 0.000000 0.000000 0.000000 0.000000 0.000000 0.000000 0.000000 0.000000 0.000000 0.000000 0.000000 0.000000 0.000000 0.000000 0.000000 0.000000 0.000000 0.000000 0.000000 0.000000 0.000000 0.000000 0.000000 0.000000 0.000000 0.000000 0.000000 0.000000 0.000000 0.000000 0.000000 0.000000 0.000000 0.000000 0.000000 0.000000 0.000000 0.000000 0.000000 0.000000 0.000000 0.000000 0.000000 0.000000 0.000000 0.000000 0.000000 0.000000 0.000000 0.000000 0.000000 0.000000 0.000000 0.000000 0.000000 0.000000 0.000000 0.000000 0.000000 0.000000 0.000000 0.000000 0.000000 0.000000 0.000000 0.000000 0.000000 0.000000 0.000000 0.000000 0.000000 0.000000 0.000000 0.000000 0.000000 0.000000 0.000000 0.000000 0.000000 0.000000 0.000000 0.000000 0.000000 0.000000 0.000000 0.000000 0.000000 0.000000 0.000000 0.000000 0.000000 0.000000 
0.000000 0.000000 0.000000 0.000000 0.000000 0.000000 0.000000 0.000000 0.000000 0.000000 0.000000 0.000000 0.000000 0.000000 0.000000 0.000000 0.000000 0.000000 0.000000 0.000000 0.000000 0.000000 0.000000 0.000000 0.000000 0.000000 0.000000 0.000000 0.000000 0.000000 0.000000 0.000000 0.000000 0.000000 0.000000 0.000000 0.000000 0.000000 0.000000 0.000000 0.000000 0.000000 0.000000 0.000000 0.000000 0.000000 0.000000 0.000000 0.000000 0.000000 0.000000 0.000000 0.000000 0.000000 0.000000 0.000000 0.000000 0.000000 0.000000 0.000000 0.000000 0.000000 0.000000 0.000000 0.000000 0.000000 0.000000 0.000000 0.000000 0.000000 0.000000 0.000000 0.000000 0.000000 0.000000 0.000000 0.000000 0.000000 0.000000 0.000000 0.000000 0.000000 0.000000 0.000000 0.000000 0.000000 0.000000 0.000000 0.000000 0.000000 0.000000 0.000000 0.000000 0.000000 0.000000 0.000000 0.000000 0.000000 0.000000 0.000000 
0.000000 0.000000 0.000000 0.000000 0.000000 0.000000 0.000000 0.000000 0.000000 0.000000 0.000000 0.000000 0.000000 0.000000 0.000000 0.000000 0.000000 0.000000 0.000000 0.000000 0.000000 0.000000 0.000000 0.000000 0.000000 0.000000 0.000000 0.000000 0.000000 0.000000 0.000000 0.000000 0.000000 0.000000 0.000000 0.000000 0.000000 0.000000 0.000000 0.000000 0.000000 0.000000 0.000001 0.000001 0.000001 0.000001 0.000001 0.000001 0.000001 0.000001 0.000001 0.000001 0.000001 0.000001 0.000001 0.000001 0.000001 0.000001 0.000001 0.000000 0.000000 0.000000 0.000000 0.000000 0.000000 0.000000 0.000000 0.000000 0.000000 0.000000 0.000000 0.000000 0.000000 0.000000 0.000000 0.000000 0.000000 0.000000 0.000000 0.000000 0.000000 0.000000 0.000000 0.000000 0.000000 0.000000 0.000000 0.000000 0.000000 0.000000 0.000000 0.000000 0.000000 0.000000 0.000000 0.000000 0.000000 0.000000 0.000000 0.000000 
0.000000 0.000000 0.000000 0.000000 0.000000 0.000000 0.000000 0.000000 0.000000 0.000000 0.000000 0.000000 0.000000 0.000000 0.000000 0.000000 0.000000 0.000000 0.000000 0.000000 0.000000 0.000000 0.000000 0.000000 0.000000 0.000000 0.000000 0.000000 0.000000 0.000000 0.000000 0.000000 0.000000 0.000000 0.000000 0.000000 0.000000 0.000000 0.000001 0.000001 0.000001 0.000001 0.000001 0.000001 0.000002 0.000002 0.000002 0.000002 0.000002 0.000002 0.000003 0.000002 0.000002 0.000002 0.000002 0.000002 0.000002 0.000001 0.000001 0.000001 0.000001 0.000001 0.000001 0.000000 0.000000 0.000000 0.000000 0.000000 0.000000 0.000000 0.000000 0.000000 0.000000 0.000000 0.000000 0.000000 0.000000 0.000000 0.000000 0.000000 0.000000 0.000000 0.000000 0.000000 0.000000 0.000000 0.000000 0.000000 0.000000 0.000000 0.000000 0.000000 0.000000 0.000000 0.000000 0.000000 0.000000 0.000000 0.000000 0.000000 
0.000000 0.000000 0.000000 0.000000 0.000000 0.000000 0.000000 0.000000 0.000000 0.000000 0.000000 0.000000 0.000000 0.000000 0.000000 0.000000 0.000000 0.000000 0.000000 0.000000 0.000000 0.000000 0.000000 0.000000 0.000000 0.000000 0.000000 0.000000 0.000000 0.000000 0.000000 0.000000 0.000000 0.000000 0.000000 0.000000 0.000001 0.000001 0.000001 0.000002 0.000002 0.000002 0.000003 0.000003 0.000004 0.000004 0.000005 0.000005 0.000006 0.000006 0.000006 0.000006 0.000006 0.000005 0.000005 0.000004 0.000004 0.000003 0.000003 0.000002 0.000002 0.000002 0.000001 0.000001 0.000001 0.000000 0.000000 0.000000 0.000000 0.000000 0.000000 0.000000 0.000000 0.000000 0.000000 0.000000 0.000000 0.000000 0.000000 0.000000 0.000000 0.000000 0.000000 0.000000 0.000000 0.000000 0.000000 0.000000 0.000000 0.000000 0.000000 0.000000 0.000000 0.000000 0.000000 0.000000 0.000000 0.000000 0.000000 0.000000 
0.000000 0.000000 0.000000 0.000000 0.000000 0.000000 0.000000 0.000000 0.000000 0.000000 0.000000 0.000000 0.000000 0.000000 0.000000 0.000000 0.000000 0.000000 0.000000 0.000000 0.000000 0.000000 0.000000 0.000000 0.000000 0.000000 0.000000 0.000000 0.000000 0.000000 0.000000 0.000000 0.000000 0.000001 0.000001 0.000001 0.000002 0.000002 0.000003 0.000003 0.000004 0.000005 0.000007 0.000008 0.000009 0.000010 0.000011 0.000012 0.000013 0.000013 0.000013 0.000013 0.000013 0.000012 0.000011 0.000010 0.000009 0.000008 0.000007 0.000005 0.000004 0.000003 0.000003 0.000002 0.000002 0.000001 0.000001 0.000001 0.000000 0.000000 0.000000 0.000000 0.000000 0.000000 0.000000 0.000000 0.000000 0.000000 0.000000 0.000000 0.000000 0.000000 0.000000 0.000000 0.000000 0.000000 0.000000 0.000000 0.000000 0.000000 0.000000 0.000000 0.000000 0.000000 0.000000 0.000000 0.000000 0.000000 0.000000 0.000000 
0.000000 0.000000 0.000000 0.000000 0.000000 0.000000 0.000000 0.000000 0.000000 0.000000 0.000000 0.000000 0.000000 0.000000 0.000000 0.000000 0.000000 0.000000 0.000000 0.000000 0.000000 0.000000 0.000000 0.000000 0.000000 0.000000 0.000000 0.000000 0.000000 0.000000 0.000000 0.000001 0.000001 0.000001 0.000002 0.000003 0.000003 0.000005 0.000006 0.000008 0.000010 0.000012 0.000015 0.000017 0.000020 0.000023 0.000025 0.000027 0.000028 0.000029 0.000030 0.000029 0.000028 0.000027 0.000025 0.000023 0.000020 0.000017 0.000015 0.000012 0.000010 0.000008 0.000006 0.000005 0.000003 0.000003 0.000002 0.000001 0.000001 0.000001 0.000000 0.000000 0.000000 0.000000 0.000000 0.000000 0.000000 0.000000 0.000000 0.000000 0.000000 0.000000 0.000000 0.000000 0.000000 0.000000 0.000000 0.000000 0.000000 0.000000 0.000000 0.000000 0.000000 0.000000 0.000000 0.000000 0.000000 0.000000 0.000000 0.000000 
0.000000 0.000000 0.000000 0.000000 0.000000 0.000000 0.000000 0.000000 0.000000 0.000000 0.000000 0.000000 0.000000 0.000000 0.000000 0.000000 0.000000 0.000000 0.000000 0.000000 0.000000 0.000000 0.000000 0.000000 0.000000 0.000000 0.000000 0.000000 0.000000 0.000001 0.000001 0.000001 0.000002 0.000003 0.000004 0.000006 0.000008 0.000010 0.000013 0.000017 0.000022 0.000027 0.000032 0.000038 0.000044 0.000050 0.000055 0.000059 0.000063 0.000065 0.000065 0.000065 0.000063 0.000059 0.000055 0.000050 0.000044 0.000038 0.000032 0.000027 0.000022 0.000017 0.000013 0.000010 0.000008 0.000006 0.000004 0.000003 0.000002 0.000001 0.000001 0.000001 0.000000 0.000000 0.000000 0.000000 0.000000 0.000000 0.000000 0.000000 0.000000 0.000000 0.000000 0.000000 0.000000 0.000000 0.000000 0.000000 0.000000 0.000000 0.000000 0.000000 0.000000 0.000000 0.000000 0.000000 0.000000 0.000000 0.000000 0.000000 
0.000000 0.000000 0.000000 0.000000 0.000000 0.000000 0.000000 0.000000 0.000000 0.000000 0.000000 0.000000 0.000000 0.000000 0.000000 0.000000 0.000000 0.000000 0.000000 0.000000 0.000000 0.000000 0.000000 0.000000 0.000000 0.000000 0.000000 0.000000 0.000001 0.000001 0.000002 0.000003 0.000004 0.000006 0.000009 0.000012 0.000016 0.000022 0.000029 0.000037 0.000047 0.000058 0.000070 0.000082 0.000095 0.000107 0.000118 0.000128 0.000135 0.000139 0.000141 0.000139 0.000135 0.000128 0.000118 0.000107 0.000095 0.000082 0.000070 0.000058 0.000047 0.000037 0.000029 0.000022 0.000016 0.000012 0.000009 0.000006 0.000004 0.000003 0.000002 0.000001 0.000001 0.000000 0.000000 0.000000 0.000000 0.000000 0.000000 0.000000 0.000000 0.000000 0.000000 0.000000 0.000000 0.000000 0.000000 0.000000 0.000000 0.000000 0.000000 0.000000 0.000000 0.000000 0.000000 0.000000 0.000000 0.000000 0.000000 0.000000 
0.000000 0.000000 0.000000 0.000000 0.000000 0.000000 0.000000 0.000000 0.000000 0.000000 0.000000 0.000000 0.000000 0.000000 0.000000 0.000000 0.000000 0.000000 0.000000 0.000000 0.000000 0.000000 0.000000 0.000000 0.000000 0.000000 0.000001 0.000001 0.000002 0.000002 0.000004 0.000006 0.000009 0.000013 0.000018 0.000026 0.000035 0.000047 0.000062 0.000079 0.000100 0.000123 0.000148 0.000174 0.000201 0.000227 0.000250 0.000270 0.000285 0.000295 0.000298 0.000295 0.000285 0.000270 0.000250 0.000227 0.000201 0.000174 0.000148 0.000123 0.000100 0.000079 0.000062 0.000047 0.000035 0.000026 0.000018 0.000013 0.000009 0.000006 0.000004 0.000002 0.000002 0.000001 0.000001 0.000000 0.000000 0.000000 0.000000 0.000000 0.000000 0.000000 0.000000 0.000000 0.000000 0.000000 0.000000 0.000000 0.000000 0.000000 0.000000 0.000000 0.000000 0.000000 0.000000 0.000000 0.000000 0.000000 0.000000 0.000000 
0.000000 0.000000 0.000000 0.000000 0.000000 0.000000 0.000000 0.000000 0.000000 0.000000 0.000000 0.000000 0.000000 0.000000 0.000000 0.000000 0.000000 0.000000 0.000000 0.000000 0.000000 0.000000 0.000000 0.000000 0.000000 0.000001 0.000001 0.000002 0.000003 0.000005 0.000008 0.000012 0.000018 0.000027 0.000038 0.000053 0.000073 0.000098 0.000129 0.000165 0.000208 0.000256 0.000308 0.000362 0.000418 0.000471 0.000519 0.000561 0.000592 0.000612 0.000618 0.000612 0.000592 0.000561 0.000519 0.000471 0.000418 0.000362 0.000308 0.000256 0.000208 0.000165 0.000129 0.000098 0.000073 0.000053 0.000038 0.000027 0.000018 0.000012 0.000008 0.000005 0.000003 0.000002 0.000001 0.000001 0.000000 0.000000 0.000000 0.000000 0.000000 0.000000 0.000000 0.000000 0.000000 0.000000 0.000000 0.000000 0.000000 0.000000 0.000000 0.000000 0.000000 0.000000 0.000000 0.000000 0.000000 0.000000 0.000000 0.000000 
0.000000 0.000000 0.000000 0.000000 0.000000 0.000000 0.000000 0.000000 0.000000 0.000000 0.000000 0.000000 0.000000 0.000000 0.000000 0.000000 0.000000 0.000000 0.000000 0.000000 0.000000 0.000000 0.000000 0.000000 0.000001 0.000001 0.000003 0.000004 0.000007 0.000011 0.000017 0.000025 0.000038 0.000055 0.000078 0.000110 0.000150 0.000201 0.000264 0.000338 0.000425 0.000522 0.000628 0.000739 0.000851 0.000960 0.001058 0.001142 0.001206 0.001246 0.001260 0.001246 0.001206 0.001142 0.001058 0.000960 0.000851 0.000739 0.000628 0.000522 0.000425 0.000338 0.000264 0.000201 0.000150 0.000110 0.000078 0.000055 0.000038 0.000025 0.000017 0.000011 0.000007 0.000004 0.000003 0.000001 0.000001 0.000000 0.000000 0.000000 0.000000 0.000000 0.000000 0.000000 0.000000 0.000000 0.000000 0.000000 0.000000 0.000000 0.000000 0.000000 0.000000 0.000000 0.000000 0.000000 0.000000 0.000000 0.000000 0.000000 
0.000000 0.000000 0.000000 0.000000 0.000000 0.000000 0.000000 0.000000 0.000000 0.000000 0.000000 0.000000 0.000000 0.000000 0.000000 0.000000 0.000000 0.000000 0.000000 0.000000 0.000000 0.000000 0.000001 0.000001 0.000002 0.000003 0.000005 0.000008 0.000014 0.000022 0.000034 0.000051 0.000076 0.000111 0.000158 0.000221 0.000302 0.000404 0.000529 0.000678 0.000851 0.001046 0.001257 0.001480 0.001703 0.001919 0.002116 0.002283 0.002411 0.002491 0.002518 0.002491 0.002411 0.002283 0.002116 0.001919 0.001703 0.001480 0.001257 0.001046 0.000851 0.000678 0.000529 0.000404 0.000302 0.000221 0.000158 0.000111 0.000076 0.000051 0.000034 0.000022 0.000014 0.000008 0.000005 0.000003 0.000002 0.000001 0.000001 0.000000 0.000000 0.000000 0.000000 0.000000 0.000000 0.000000 0.000000 0.000000 0.000000 0.000000 0.000000 0.000000 0.000000 0.000000 0.000000 0.000000 0.000000 0.000000 0.000000 0.000000 
0.000000 0.000000 0.000000 0.000000 0.000000 0.000000 0.000000 0.000000 0.000000 0.000000 0.000000 0.000000 0.000000 0.000000 0.000000 0.000000 0.000000 0.000000 0.000000 0.000000 0.000000 0.000001 0.000001 0.000002 0.000004 0.000006 0.000010 0.000017 0.000027 0.000043 0.000067 0.000101 0.000150 0.000219 0.000312 0.000435 0.000595 0.000796 0.001042 0.001335 0.001675 0.002056 0.002471 0.002905 0.003344 0.003767 0.004152 0.004479 0.004728 0.004884 0.004937 0.004884 0.004728 0.004479 0.004152 0.003767 0.003344 0.002905 0.002471 0.002056 0.001675 0.001335 0.001042 0.000796 0.000595 0.000435 0.000312 0.000219 0.000150 0.000101 0.000067 0.000043 0.000027 0.000017 0.000010 0.000006 0.000004 0.000002 0.000001 0.000001 0.000000 0.000000 0.000000 0.000000 0.000000 0.000000 0.000000 0.000000 0.000000 0.000000 0.000000 0.000000 0.000000 0.000000 0.000000 0.000000 0.000000 0.000000 0.000000 0.000000 
0.000000 0.000000 0.000000 0.000000 0.000000 0.000000 0.000000 0.000000 0.000000 0.000000 0.000000 0.000000 0.000000 0.000000 0.000000 0.000000 0.000000 0.000000 0.000000 0.000000 0.000001 0.000001 0.000002 0.000004 0.000007 0.000012 0.000020 0.000033 0.000053 0.000084 0.000130 0.000196 0.000292 0.000424 0.000605 0.000843 0.001151 0.001538 0.002012 0.002577 0.003231 0.003965 0.004762 0.005598 0.006440 0.007252 0.007992 0.008619 0.009098 0.009397 0.009499 0.009397 0.009098 0.008619 0.007992 0.007252 0.006440 0.005598 0.004762 0.003965 0.003231 0.002577 0.002012 0.001538 0.001151 0.000843 0.000605 0.000424 0.000292 0.000196 0.000130 0.000084 0.000053 0.000033 0.000020 0.000012 0.000007 0.000004 0.000002 0.000001 0.000001 0.000000 0.000000 0.000000 0.000000 0.000000 0.000000 0.000000 0.000000 0.000000 0.000000 0.000000 0.000000 0.000000 0.000000 0.000000 0.000000 0.000000 0.000000 0.000000 
0.000000 0.000000 0.000000 0.000000 0.000000 0.000000 0.000000 0.000000 0.000000 0.000000 0.000000 0.000000 0.000000 0.000000 0.000000 0.000000 0.000000 0.000000 0.000000 0.000001 0.000001 0.000002 0.000004 0.000008 0.000013 0.000023 0.000038 0.000063 0.000101 0.000160 0.000247 0.000374 0.000556 0.000807 0.001149 0.001601 0.002183 0.002916 0.003813 0.004880 0.006114 0.007499 0.009003 0.010579 0.012168 0.013697 0.015091 0.016273 0.017173 0.017737 0.017929 0.017737 0.017173 0.016273 0.015091 0.013697 0.012168 0.010579 0.009003 0.007499 0.006114 0.004880 0.003813 0.002916 0.002183 0.001601 0.001149 0.000807 0.000556 0.000374 0.000247 0.000160 0.000101 0.000063 0.000038 0.000023 0.000013 0.000008 0.000004 0.000002 0.000001 0.000001 0.000000 0.000000 0.000000 0.000000 0.000000 0.000000 0.000000 0.000000 0.000000 0.000000 0.000000 0.000000 0.000000 0.000000 0.000000 0.000000 0.000000 0.000000 
0.000000 0.000000 0.000000 0.000000 0.000000 0.000000 0.000000 0.000000 0.000000 0.000000 0.000000 0.000000 0.000000 0.000000 0.000000 0.000000 0.000000 0.000000 0.000001 0.000001 0.000002 0.000004 0.000008 0.000014 0.000025 0.000043 0.000072 0.000118 0.000190 0.000299 0.000462 0.000700 0.001038 0.001506 0.002141 0.002981 0.004063 0.005423 0.007086 0.009064 0.011350 0.013914 0.016697 0.019612 0.022549 0.025376 0.027952 0.030135 0.031798 0.032840 0.033195 0.032840 0.031798 0.030135 0.027952 0.025376 0.022549 0.019612 0.016697 0.013914 0.011350 0.009064 0.007086 0.005423 0.004063 0.002981 0.002141 0.001506 0.001038 0.000700 0.000462 0.000299 0.000190 0.000118 0.000072 0.000043 0.000025 0.000014 0.000008 0.000004 0.000002 0.000001 0.000001 0.000000 0.000000 0.000000 0.000000 0.000000 0.000000 0.000000 0.000000 0.000000 0.000000 0.000000 0.000000 0.000000 0.000000 0.000000 0.000000 0.000000 
0.000000 0.000000 0.000000 0.000000 0.000000 0.000000 0.000000 0.000000 0.000000 0.000000 0.000000 0.000000 0.000000 0.000000 0.000000 0.000000 0.000000 0.000001 0.000001 0.000002 0.000004 0.000008 0.000015 0.000026 0.000046 0.000079 0.000132 0.000217 0.000349 0.000549 0.000848 0.001283 0.001900 0.002755 0.003914 0.005445 0.007416 0.009891 0.012915 0.016511 0.020665 0.025320 0.030371 0.035661 0.040987 0.046113 0.050781 0.054738 0.057752 0.059640 0.060283 0.059640 0.057752 0.054738 0.050781 0.046113 0.040987 0.035661 0.030371 0.025320 0.020665 0.016511 0.012915 0.009891 0.007416 0.005445 0.003914 0.002755 0.001900 0.001283 0.000848 0.000549 0.000349 0.000217 0.000132 0.000079 0.000046 0.000026 0.000015 0.000008 0.000004 0.000002 0.000001 0.000001 0.000000 0.000000 0.000000 0.000000 0.000000 0.000000 0.000000 0.000000 0.000000 0.000000 0.000000 0.000000 0.000000 0.000000 0.000000 0.000000 
0.000000 0.000000 0.000000 0.000000 0.000000 0.000000 0.000000 0.000000 0.000000 0.000000 0.000000 0.000000 0.000000 0.000000 0.000000 0.000000 0.000001 0.000001 0.000002 0.000004 0.000008 0.000015 0.000027 0.000048 0.000083 0.000142 0.000238 0.000391 0.000628 0.000989 0.001526 0.002305 0.003410 0.004943 0.007016 0.009751 0.013273 0.017690 0.023085 0.029496 0.036898 0.045189 0.054180 0.063593 0.073068 0.082183 0.090484 0.097517 0.102873 0.106228 0.107370 0.106228 0.102873 0.097517 0.090484 0.082183 0.073068 0.063593 0.054180 0.045189 0.036898 0.029496 0.023085 0.017690 0.013273 0.009751 0.007016 0.004943 0.003410 0.002305 0.001526 0.000989 0.000628 0.000391 0.000238 0.000142 0.000083 0.000048 0.000027 0.000015 0.000008 0.000004 0.000002 0.000001 0.000001 0.000000 0.000000 0.000000 0.000000 0.000000 0.000000 0.000000 0.000000 0.000000 0.000000 0.000000 0.000000 0.000000 0.000000 0.000000 
0.000000 0.000000 0.000000 0.000000 0.000000 0.000000 0.000000 0.000000 0.000000 0.000000 0.000000 0.000000 0.000000 0.000000 0.000000 0.000000 0.000001 0.000002 0.000004 0.000008 0.000014 0.000026 0.000048 0.000085 0.000148 0.000252 0.000422 0.000691 0.001110 0.001746 0.002690 0.004060 0.006003 0.008693 0.012329 0.017125 0.023293 0.031024 0.040462 0.051671 0.064606 0.079087 0.094785 0.111212 0.127742 0.143641 0.158114 0.170376 0.179713 0.185560 0.187551 0.185560 0.179713 0.170376 0.158114 0.143641 0.127742 0.111212 0.094785 0.079087 0.064606 0.051671 0.040462 0.031024 0.023293 0.017125 0.012329 0.008693 0.006003 0.004060 0.002690 0.001746 0.001110 0.000691 0.000422 0.000252 0.000148 0.000085 0.000048 0.000026 0.000014 0.000008 0.000004 0.000002 0.000001 0.000000 0.000000 0.000000 0.000000 0.000000 0.000000 0.000000 0.000000 0.000000 0.000000 0.000000 0.000000 0.000000 0.000000 0.000000 
0.000000 0.000000 0.000000 0.000000 0.000000 0.000000 0.000000 0.000000 0.000000 0.000000 0.000000 0.000000 0.000000 0.000000 0.000000 0.000001 0.000002 0.000004 0.000007 0.000013 0.000025 0.000046 0.000083 0.000148 0.000257 0.000438 0.000732 0.001199 0.001922 0.003021 0.004650 0.007013 0.010360 0.014990 0.021244 0.029486 0.040079 0.053350 0.069540 0.088757 0.110921 0.135725 0.162601 0.190716 0.218998 0.246192 0.270942 0.291906 0.307868 0.317863 0.321267 0.317863 0.307868 0.291906 0.270942 0.246192 0.218998 0.190716 0.162601 0.135725 0.110921 0.088757 0.069540 0.053350 0.040079 0.029486 0.021244 0.014990 0.010360 0.007013 0.004650 0.003021 0.001922 0.001199 0.000732 0.000438 0.000257 0.000148 0.000083 0.000046 0.000025 0.000013 0.000007 0.000004 0.000002 0.000001 0.000000 0.000000 0.000000 0.000000 0.000000 0.000000 0.000000 0.000000 0.000000 0.000000 0.000000 0.000000 0.000000 0.000000 
0.000000 0.000000 0.000000 0.000000 0.000000 0.000000 0.000000 0.000000 0.000000 0.000000 0.000000 0.000000 0.000000 0.000000 0.000001 0.000001 0.000003 0.000006 0.000012 0.000023 0.000043 0.000079 0.000142 0.000252 0.000438 0.000746 0.001245 0.002037 0.003263 0.005123 0.007880 0.011873 0.017526 0.025339 0.035885 0.049773 0.067612 0.089946 0.117177 0.149482 0.186725 0.228383 0.273503 0.320688 0.368138 0.413750 0.455255 0.490403 0.517163 0.533917 0.539622 0.533917 0.517163 0.490403 0.455255 0.413750 0.368138 0.320688 0.273503 0.228383 0.186725 0.149482 0.117177 0.089946 0.067612 0.049773 0.035885 0.025339 0.017526 0.011873 0.007880 0.005123 0.003263 0.002037 0.001245 0.000746 0.000438 0.000252 0.000142 0.000079 0.000043 0.000023 0.000012 0.000006 0.000003 0.000001 0.000001 0.000000 0.000000 0.000000 0.000000 0.000000 0.000000 0.000000 0.000000 0.000000 0.000000 0.000000 0.000000 0.000000 
0.000000 0.000000 0.000000 0.000000 0.000000 0.000000 0.000000 0.000000 0.000000 0.000000 0.000000 0.000000 0.000000 0.000001 0.000001 0.000003 0.000005 0.000010 0.000020 0.000038 0.000072 0.000132 0.000238 0.000422 0.000732 0.001245 0.002076 0.003392 0.005430 0.008517 0.013088 0.019705 0.029062 0.041988 0.059421 0.082365 0.111817 0.148667 0.193573 0.246819 0.308175 0.376778 0.451052 0.528697 0.606758 0.681774 0.750021 0.807805 0.851794 0.879333 0.888709 0.879333 0.851794 0.807805 0.750021 0.681774 0.606758 0.528697 0.451052 0.376778 0.308175 0.246819 0.193573 0.148667 0.111817 0.082365 0.059421 0.041988 0.029062 0.019705 0.013088 0.008517 0.005430 0.003392 0.002076 0.001245 0.000732 0.000422 0.000238 0.000132 0.000072 0.000038 0.000020 0.000010 0.000005 0.000003 0.000001 0.000001 0.000000 0.000000 0.000000 0.000000 0.000000 0.000000 0.000000 0.000000 0.000000 0.000000 0.000000 0.000000 
0.000000 0.000000 0.000000 0.000000 0.000000 0.000000 0.000000 0.000000 0.000000 0.000000 0.000000 0.000000 0.000000 0.000001 0.000002 0.000004 0.000008 0.000017 0.000033 0.000063 0.000118 0.000217 0.000391 0.000691 0.001199 0.002037 0.003392 0.005536 0.008854 0.013876 0.021306 0.032052 0.047237 0.068199 0.096449 0.133606 0.181273 0.240881 0.313482 0.399523 0.498626 0.609388 0.729262 0.854537 0.980445 1.101413 1.211443 1.304589 1.375489 1.419871 1.434982 1.419871 1.375489 1.304589 1.211443 1.101413 0.980445 0.854537 0.729262 0.609388 0.498626 0.399523 0.313482 0.240881 0.181273 0.133606 0.096449 0.068199 0.047237 0.032052 0.021306 0.013876 0.008854 0.005536 0.003392 0.002037 0.001199 0.000691 0.000391 0.000217 0.000118 0.000063 0.000033 0.000017 0.000008 0.000004 0.000002 0.000001 0.000000 0.000000 0.000000 0.000000 0.000000 0.000000 0.000000 0.000000 0.000000 0.000000 0.000000 0.000000 
0.000000 0.000000 0.000000 0.000000 0.000000 0.000000 0.000000 0.000000 0.000000 0.000000 0.000000 0.000000 0.000001 0.000002 0.000003 0.000007 0.000014 0.000027 0.000053 0.000101 0.000190 0.000349 0.000628 0.001110 0.001922 0.003263 0.005430 0.008854 0.014148 0.022154 0.033991 0.051096 0.075251 0.108569 0.153443 0.212428 0.288055 0.382574 0.497637 0.633939 0.790863 0.966181 1.155855 1.354013 1.553117 1.744365 1.918285 2.065495 2.177533 2.247661 2.271537 2.247661 2.177533 2.065495 1.918285 1.744365 1.553117 1.354013 1.155855 0.966181 0.790863 0.633939 0.497637 0.382574 0.288055 0.212428 0.153443 0.108569 0.075251 0.051096 0.033991 0.022154 0.014148 0.008854 0.005430 0.003263 0.001922 0.001110 0.000628 0.000349 0.000190 0.000101 0.000053 0.000027 0.000014 0.000007 0.000003 0.000002 0.000001 0.000000 0.000000 0.000000 0.000000 0.000000 0.000000 0.000000 0.000000 0.000000 0.000000 0.000000 
0.000000 0.000000 0.000000 0.000000 0.000000 0.000000 0.000000 0.000000 0.000000 0.000000 0.000000 0.000001 0.000001 0.000002 0.000005 0.000011 0.000022 0.000043 0.000084 0.000160 0.000299 0.000549 0.000989 0.001746 0.003021 0.005123 0.008517 0.013876 0.022154 0.034663 0.053141 0.079826 0.117482 0.169389 0.239255 0.331036 0.448645 0.595559 0.774317 0.985976 1.229559 1.501590 1.795799 2.103074 2.411736 2.708151 2.977660 3.205745 3.379315 3.487949 3.524933 3.487949 3.379315 3.205745 2.977660 2.708151 2.411736 2.103074 1.795799 1.501590 1.229559 0.985976 0.774317 0.595559 0.448645 0.331036 0.239255 0.169389 0.117482 0.079826 0.053141 0.034663 0.022154 0.013876 0.008517 0.005123 0.003021 0.001746 0.000989 0.000549 0.000299 0.000160 0.000084 0.000043 0.000022 0.000011 0.000005 0.000002 0.000001 0.000001 0.000000 0.000000 0.000000 0.000000 0.000000 0.000000 0.000000 0.000000 0.000000 0.000000 
0.000000 0.000000 0.000000 0.000000 0.000000 0.000000 0.000000 0.000000 0.000000 0.000000 0.000000 0.000001 0.000002 0.000004 0.000008 0.000017 0.000034 0.000067 0.000130 0.000247 0.000462 0.000848 0.001526 0.002690 0.004650 0.007880 0.013088 0.021306 0.033991 0.053141 0.081413 0.122210 0.179741 0.258994 0.365604 0.505574 0.684839 0.908659 1.180867 1.503037 1.873654 2.287408 2.734750 3.201824 3.670889 4.121247 4.530650 4.877077 5.140676 5.305646 5.361807 5.305646 5.140676 4.877077 4.530650 4.121247 3.670889 3.201824 2.734750 2.287408 1.873654 1.503037 1.180867 0.908659 0.684839 0.505574 0.365604 0.258994 0.179741 0.122210 0.081413 0.053141 0.033991 0.021306 0.013088 0.007880 0.004650 0.002690 0.001526 0.000848 0.000462 0.000247 0.000130 0.000067 0.000034 0.000017 0.000008 0.000004 0.000002 0.000001 0.000000 0.000000 0.000000 0.000000 0.000000 0.000000 0.000000 0.000000 0.000000 0.000000 
0.000000 0.000000 0.000000 0.000000 0.000000 0.000000 0.000000 0.000000 0.000000 0.000000 0.000001 0.000001 0.000003 0.000006 0.000012 0.000025 0.000051 0.000101 0.000196 0.000374 0.000700 0.001283 0.002305 0.004060 0.007013 0.011873 0.019705 0.032052 0.051096 0.079826 0.122210 0.183330 0.269466 0.388052 0.547480 0.756683 1.024480 1.358678 1.764947 2.245589 2.798302 3.415136 4.081837 4.777758 5.476478 6.147194 6.756812 7.272585 7.665001 7.910572 7.994170 7.910572 7.665001 7.272585 6.756812 6.147194 5.476478 4.777758 4.081837 3.415136 2.798302 2.245589 1.764947 1.358678 1.024480 0.756683 0.547480 0.388052 0.269466 0.183330 0.122210 0.079826 0.051096 0.032052 0.019705 0.011873 0.007013 0.004060 0.002305 0.001283 0.000700 0.000374 0.000196 0.000101 0.000051 0.000025 0.000012 0.000006 0.000003 0.000001 0.000001 0.000000 0.000000 0.000000 0.000000 0.000000 0.000000 0.000000 0.000000 0.000000 
0.000000 0.000000 0.000000 0.000000 0.000000 0.000000 0.000000 0.000000 0.000000 0.000000 0.000001 0.000002 0.000004 0.000009 0.000018 0.000038 0.000076 0.000150 0.000292 0.000556 0.001038 0.001900 0.003410 0.006003 0.010360 0.017526 0.029062 0.047237 0.075251 0.117482 0.179741 0.269466 0.395837 0.569716 0.803353 1.109775 1.501833 1.990879 2.585143 3.287922 4.095793 4.997094 5.970977 6.987278 8.007435 8.986514 9.876261 10.628943 11.201550 11.559860 11.681833 11.559860 11.201550 10.628943 9.876261 8.986514 8.007435 6.987278 5.970977 4.997094 4.095793 3.287922 2.585143 1.990879 1.501833 1.109775 0.803353 0.569716 0.395837 0.269466 0.179741 0.117482 0.075251 0.047237 0.029062 0.017526 0.010360 0.006003 0.003410 0.001900 0.001038 0.000556 0.000292 0.000150 0.000076 0.000038 0.000018 0.000009 0.000004 0.000002 0.000001 0.000000 0.000000 0.000000 0.000000 0.000000 0.000000 0.000000 0.000000 0.000000 
0.000000 0.000000 0.000000 0.000000 0.000000 0.000000 0.000000 0.000000 0.000000 0.000001 0.000001 0.000003 0.000006 0.000013 0.000027 0.000055 0.000111 0.000219 0.000424 0.000807 0.001506 0.002755 0.004943 0.008693 0.014990 0.025339 0.041988 0.068199 0.108569 0.169389 0.258994 0.388052 0.569716 0.819540 1.155046 1.594858 2.157329 2.858646 3.710511 4.717561 5.874812 7.165504 8.559750 10.014365 11.474187 12.874967 14.147744 15.224317 16.043250 16.555667 16.730095 16.555667 16.043250 15.224317 14.147744 12.874967 11.474187 10.014365 8.559750 7.165504 5.874812 4.717561 3.710511 2.858646 2.157329 1.594858 1.155046 0.819540 0.569716 0.388052 0.258994 0.169389 0.108569 0.068199 0.041988 0.025339 0.014990 0.008693 0.004943 0.002755 0.001506 0.000807 0.000424 0.000219 0.000111 0.000055 0.000027 0.000013 0.000006 0.000003 0.000001 0.000001 0.000000 0.000000 0.000000 0.000000 0.000000 0.000000 0.000000 0.000000 
0.000000 0.000000 0.000000 0.000000 0.000000 0.000000 0.000000 0.000000 0.000000 0.000001 0.000002 0.000004 0.000009 0.000018 0.000038 0.000078 0.000158 0.000312 0.000605 0.001149 0.002141 0.003914 0.007016 0.012329 0.021244 0.035885 0.059421 0.096449 0.153443 0.239255 0.365604 0.547480 0.803353 1.155046 1.627129 2.245696 3.036432 4.021964 5.218606 6.632750 8.257296 10.068644 12.024806 14.065197 16.112473 18.076607 19.860998 21.370144 22.518027 23.236232 23.480703 23.236232 22.518027 21.370144 19.860998 18.076607 16.112473 14.065197 12.024806 10.068644 8.257296 6.632750 5.218606 4.021964 3.036432 2.245696 1.627129 1.155046 0.803353 0.547480 0.365604 0.239255 0.153443 0.096449 0.059421 0.035885 0.021244 0.012329 0.007016 0.003914 0.002141 0.001149 0.000605 0.000312 0.000158 0.000078 0.000038 0.000018 0.000009 0.000004 0.000002 0.000001 0.000000 0.000000 0.000000 0.000000 0.000000 0.000000 0.000000 0.000000 
0.000000 0.000000 0.000000 0.000000 0.000000 0.000000 0.000000 0.000000 0.000000 0.000001 0.000003 0.000006 0.000012 0.000026 0.000053 0.000110 0.000221 0.000435 0.000843 0.001601 0.002981 0.005445 0.009751 0.017125 0.029486 0.049773 0.082365 0.133606 0.212428 0.331036 0.505574 0.756683 1.109775 1.594858 2.245696 3.098115 4.187349 5.544399 7.191560 9.137475 11.372242 13.863300 16.552855 19.357603 22.171281 24.870248 27.321892 29.395138 30.971957 31.958484 32.294280 31.958484 30.971957 29.395138 27.321892 24.870248 22.171281 19.357603 16.552855 13.863300 11.372242 9.137475 7.191560 5.544399 4.187349 3.098115 2.245696 1.594858 1.109775 0.756683 0.505574 0.331036 0.212428 0.133606 0.082365 0.049773 0.029486 0.017125 0.009751 0.005445 0.002981 0.001601 0.000843 0.000435 0.000221 0.000110 0.000053 0.000026 0.000012 0.000006 0.000003 0.000001 0.000000 0.000000 0.000000 0.000000 0.000000 0.000000 0.000000 0.000000 
0.000000 0.000000 0.000000 0.000000 0.000000 0.000000 0.000000 0.000000 0.000001 0.000002 0.000003 0.000008 0.000016 0.000035 0.000073 0.000150 0.000302 0.000595 0.001151 0.002183 0.004063 0.007416 0.013273 0.023293 0.040079 0.067612 0.111817 0.181273 0.288055 0.448645 0.684839 1.024480 1.501833 2.157329 3.036432 4.187349 5.657450 7.488360 9.709951 12.333681 15.346035 18.702998 22.326625 26.104680 29.894084 33.528440 36.829336 39.620470 41.743121 43.071075 43.523075 43.071075 41.743121 39.620470 36.829336 33.528440 29.894084 26.104680 22.326625 18.702998 15.346035 12.333681 9.709951 7.488360 5.657450 4.187349 3.036432 2.157329 1.501833 1.024480 0.684839 0.448645 0.288055 0.181273 0.111817 0.067612 0.040079 0.023293 0.013273 0.007416 0.004063 0.002183 0.001151 0.000595 0.000302 0.000150 0.000073 0.000035 0.000016 0.000008 0.000003 0.000002 0.000001 0.000000 0.000000 0.000000 0.000000 0.000000 0.000000 0.000000 
0.000000 0.000000 0.000000 0.000000 0.000000 0.000000 0.000000 0.000000 0.000001 0.000002 0.000005 0.000010 0.000022 0.000047 0.000098 0.000201 0.000404 0.000796 0.001538 0.002916 0.005423 0.009891 0.017690 0.031024 0.053350 0.089946 0.148667 0.240881 0.382574 0.595559 0.908659 1.358678 1.990879 2.858646 4.021964 5.544399 7.488360 9.908630 12.844434 16.310672 20.289287 24.721997 29.505798 34.492520 39.493388 44.288954 48.643996 52.326132 55.126187 56.877848 57.474054 56.877848 55.126187 52.326132 48.643996 44.288954 39.493388 34.492520 29.505798 24.721997 20.289287 16.310672 12.844434 9.908630 7.488360 5.544399 4.021964 2.858646 1.990879 1.358678 0.908659 0.595559 0.382574 0.240881 0.148667 0.089946 0.053350 0.031024 0.017690 0.009891 0.005423 0.002916 0.001538 0.000796 0.000404 0.000201 0.000098 0.000047 0.000022 0.000010 0.000005 0.000002 0.000001 0.000000 0.000000 0.000000 0.000000 0.000000 0.000000 0.000000 
0.000000 0.000000 0.000000 0.000000 0.000000 0.000000 0.000000 0.000001 0.000001 0.000003 0.000006 0.000013 0.000029 0.000062 0.000129 0.000264 0.000529 0.001042 0.002012 0.003813 0.007086 0.012915 0.023085 0.040462 0.069540 0.117177 0.193573 0.313482 0.497637 0.774317 1.180867 1.764947 2.585143 3.710511 5.218606 7.191560 9.709951 12.844434 16.645496 21.132144 26.280756 32.015737 38.203726 44.653061 51.119691 57.320023 62.950165 67.709961 71.329275 73.593349 74.363946 73.593349 71.329275 67.709961 62.950165 57.320023 51.119691 44.653061 38.203726 32.015737 26.280756 21.132144 16.645496 12.844434 9.709951 7.191560 5.218606 3.710511 2.585143 1.764947 1.180867 0.774317 0.497637 0.313482 0.193573 0.117177 0.069540 0.040462 0.023085 0.012915 0.007086 0.003813 0.002012 0.001042 0.000529 0.000264 0.000129 0.000062 0.000029 0.000013 0.000006 0.000003 0.000001 0.000001 0.000000 0.000000 0.000000 0.000000 0.000000 0.000000 
0.000000 0.000000 0.000000 0.000000 0.000000 0.000000 0.000000 0.000001 0.000002 0.000003 0.000008 0.000017 0.000037 0.000079 0.000165 0.000338 0.000678 0.001335 0.002577 0.004880 0.009064 0.016511 0.029496 0.051671 0.088757 0.149482 0.246819 0.399523 0.633939 0.985976 1.503037 2.245589 3.287922 4.717561 6.632750 9.137475 12.333681 16.310672 21.132144 26.821865 33.349598 40.619290 48.461785 56.634174 64.827310 72.682092 79.813813 85.842572 90.426516 93.293901 94.269819 93.293901 90.426516 85.842572 79.813813 72.682092 64.827310 56.634174 48.461785 40.619290 33.349598 26.821865 21.132144 16.310672 12.333681 9.137475 6.632750 4.717561 3.287922 2.245589 1.503037 0.985976 0.633939 0.399523 0.246819 0.149482 0.088757 0.051671 0.029496 0.016511 0.009064 0.004880 0.002577 0.001335 0.000678 0.000338 0.000165 0.000079 0.000037 0.000017 0.000008 0.000003 0.000002 0.000001 0.000000 0.000000 0.000000 0.000000 0.000000 0.000000 
0.000000 0.000000 0.000000 0.000000 0.000000 0.000000 0.000000 0.000001 0.000002 0.000004 0.000010 0.000022 0.000047 0.000100 0.000208 0.000425 0.000851 0.001675 0.003231 0.006114 0.011350 0.020665 0.036898 0.064606 0.110921 0.186725 0.308175 0.498626 0.790863 1.229559 1.873654 2.798302 4.095793 5.874812 8.257296 11.372242 15.346035 20.289287 26.280756 33.349598 41.457924 50.486187 60.224191 70.370315 80.540874 90.290328 99.141486 106.623205 112.311582 115.869689 117.080673 115.869689 112.311582 106.623205 99.141486 90.290328 80.540874 70.370315 60.224191 50.486187 41.457924 33.349598 26.280756 20.289287 15.346035 11.372242 8.257296 5.874812 4.095793 2.798302 1.873654 1.229559 0.790863 0.498626 0.308175 0.186725 0.110921 0.064606 0.036898 0.020665 0.011350 0.006114 0.003231 0.001675 0.000851 0.000425 0.000208 0.000100 0.000047 0.000022 0.000010 0.000004 0.000002 0.000001 0.000000 0.000000 0.000000 0.000000 0.000000 0.000000 
0.000000 0.000000 0.000000 0.000000 0.000000 0.000000 0.000000 0.000001 0.000002 0.000005 0.000012 0.000027 0.000058 0.000123 0.000256 0.000522 0.001046 0.002056 0.003965 0.007499 0.013914 0.025320 0.045189 0.079087 0.135725 0.228383 0.376778 0.609388 0.966181 1.501590 2.287408 3.415136 4.997094 7.165504 10.068644 13.863300 18.702998 24.721997 32.015737 40.619290 50.486187 61.470698 73.316945 85.658006 98.027332 109.883316 120.646005 129.742892 136.658937 140.984811 142.457075 140.984811 136.658937 129.742892 120.646005 109.883316 98.027332 85.658006 73.316945 61.470698 50.486187 40.619290 32.015737 24.721997 18.702998 13.863300 10.068644 7.165504 4.997094 3.415136 2.287408 1.501590 0.966181 0.609388 0.376778 0.228383 0.135725 0.079087 0.045189 0.025320 0.013914 0.007499 0.003965 0.002056 0.001046 0.000522 0.000256 0.000123 0.000058 0.000027 0.000012 0.000005 0.000002 0.000001 0.000000 0.000000 0.000000 0.000000 0.000000 0.000000 
0.000000 0.000000 0.000000 0.000000 0.000000 0.000000 0.000001 0.000001 0.000003 0.000007 0.000015 0.000032 0.000070 0.000148 0.000308 0.000628 0.001257 0.002471 0.004762 0.009003 0.016697 0.030371 0.054180 0.094785 0.162601 0.273503 0.451052 0.729262 1.155855 1.795799 2.734750 4.081837 5.970977 8.559750 12.024806 16.552855 22.326625 29.505798 38.203726 48.461785 60.224191 73.316945 87.434913 102.140813 116.878838 131.003939 143.825533 154.662001 162.900216 168.052930 169.806574 168.052930 162.900216 154.662001 143.825533 131.003939 116.878838 102.140813 87.434913 73.316945 60.224191 48.461785 38.203726 29.505798 22.326625 16.552855 12.024806 8.559750 5.970977 4.081837 2.734750 1.795799 1.155855 0.729262 0.451052 0.273503 0.162601 0.094785 0.054180 0.030371 0.016697 0.009003 0.004762 0.002471 0.001257 0.000628 0.000308 0.000148 0.000070 0.000032 0.000015 0.000007 0.000003 0.000001 0.000001 0.000000 0.000000 0.000000 0.000000 0.000000 
0.000000 0.000000 0.000000 0.000000 0.000000 0.000000 0.000001 0.000001 0.000003 0.000008 0.000017 0.000038 0.000082 0.000174 0.000362 0.000739 0.001480 0.002905 0.005598 0.010579 0.019612 0.035661 0.063593 0.111212 0.190716 0.320688 0.528697 0.854537 1.354013 2.103074 3.201824 4.777758 6.987278 10.014365 14.065197 19.357603 26.104680 34.492520 44.653061 56.634174 70.370315 85.658006 102.140813 119.308207 136.511501 152.998027 167.962129 180.608715 190.222651 196.235670 198.282078 196.235670 190.222651 180.608715 167.962129 152.998027 136.511501 119.308207 102.140813 85.658006 70.370315 56.634174 44.653061 34.492520 26.104680 19.357603 14.065197 10.014365 6.987278 4.777758 3.201824 2.103074 1.354013 0.854537 0.528697 0.320688 0.190716 0.111212 0.063593 0.035661 0.019612 0.010579 0.005598 0.002905 0.001480 0.000739 0.000362 0.000174 0.000082 0.000038 0.000017 0.000008 0.000003 0.000001 0.000001 0.000000 0.000000 0.000000 0.000000 0.000000 
