0.000000 0.000000 0.000000 0.000000 0.000000 0.000000 0.000000 0.000000 0.000000 0.000000 0.000000 0.000000 0.000000 0.000000 0.000000 0.000000 0.000000 0.000000 0.000000 0.000000 0.000000 0.000000 0.000000 0.000000 0.000000 0.000000 0.000000 0.000000 0.000000 0.000000 0.000000 0.000000 0.000000 0.000000 0.000000 0.000000 0.000000 0.000000 0.000000 0.000000 0.000000 0.000000 0.000000 0.000001 0.000001 0.000001 0.000001 0.000001 0.000001 0.000001 0.000001 0.000001 0.000001 0.000001 0.000001 0.000001 0.000001 0.000001 0.000000 0.000000 0.000000 0.000000 0.000000 0.000000 0.000000 0.000000 0.000000 0.000000 0.000000 0.000000 0.000000 0.000000 0.000000 0.000000 0.000000 0.000000 0.000000 0.000000 0.000000 0.000000 0.000000 0.000000 0.000000 0.000000 0.000000 0.000000 0.000000 0.000000 0.000000 0.000000 0.000000 0.000000 0.000000 0.000000 0.000000 0.000000 0.000000 0.000000 0.000000 0.000000 
0.000000 0.000000 0.000000 0.000000 0.000000 0.000000 0.000000 0.000000 0.000000 0.000000 0.000000 0.000000 0.000000 0.000000 0.000000 0.000000 0.000000 0.000000 0.000000 0.000000 0.000000 0.000000 0.000000 0.000000 0.000000 0.000000 0.000000 0.000000 0.000000 0.000000 0.000000 0.000000 0.000000 0.000000 0.000000 0.000000 0.000000 0.000000 0.000000 0.000000 0.000000 0.000000 0.000000 0.000001 0.000001 0.000001 0.000001 0.000001 0.000001 0.000001 0.000001 0.000001 0.000001 0.000001 0.000001 0.000001 0.000001 0.000001 0.000000 0.000000 0.000000 0.000000 0.000000 0.000000 0.000000 0.000000 0.000000 0.000000 0.000000 0.000000 0.000000 0.000000 0.000000 0.000000 0.000000 0.000000 0.000000 0.000000 0.000000 0.000000 0.000000 0.000000 0.000000 0.000000 0.000000 0.000000 0.000000 0.000000 0.000000 0.000000 0.000000 0.000000 0.000000 0.000000 0.000000 0.000000 0.000000 0.000000 0.000000 0.000000 
0.000000 0.000000 0.000000 0.000000 0.000000 0.000000 0.000000 0.000000 0.000000 0.000000 0.000000 0.000000 0.000000 0.000000 0.000000 0.000000 0.000000 0.000000 0.000000 0.000000 0.000000 0.000000 0.000000 0.000000 0.000000 0.000000 0.000000 0.000000 0.000000 0.000000 0.000000 0.000000 0.000000 0.000000 0.000000 0.000000 0.000000 0.000000 0.000000 0.000000 0.000001 0.000001 0.000001 0.000001 0.000001 0.000001 0.000001 0.000001 0.000001 0.000001 0.000001 0.000001 0.000001 0.000001 0.000001 0.000001 0.000001 0.000001 0.000001 0.000001 0.000001 0.000000 0.000000 0.000000 0.000000 0.000000 0.000000 0.000000 0.000000 0.000000 0.000000 0.000000 0.000000 0.000000 0.000000 0.000000 0.000000 0.000000 0.000000 0.000000 0.000000 0.000000 0.000000 0.000000 0.000000 0.000000 0.000000 0.000000 0.000000 0.000000 0.000000 0.000000 0.000000 0.000000 0.000000 0.000000 0.000000 0.000000 0.000000 0.000000 
0.000000 0.000000 0.000000 0.000000 0.000000 0.000000 0.000000 0.000000 0.000000 0.000000 0.000000 0.000000 0.000000 0.000000 0.000000 0.000000 0.000000 0.000000 0.000000 0.000000 0.000000 0.000000 0.000000 0.000000 0.000000 0.000000 0.000000 0.000000 0.000000 0.000000 0.000000 0.000000 0.000000 0.000000 0.000000 0.000000 0.000000 0.000001 0.000001 0.000001 0.000001 0.000001 0.000002 0.000002 0.000002 0.000002 0.000002 0.000002 0.000003 0.000003 0.000003 0.000003 0.000003 0.000002 0.000002 0.000002 0.000002 0.000002 0.000002 0.000001 0.000001 0.000001 0.000001 0.000001 0.000000 0.000000 0.000000 0.000000 0.000000 0.000000 0.000000 0.000000 0.000000 0.000000 0.000000 0.000000 0.000000 0.000000 0.000000 0.000000 0.000000 0.000000 0.000000 0.000000 0.000000 0.000000 0.000000 0.000000 0.000000 0.000000 0.000000 0.000000 0.000000 0.000000 0.000000 0.000000 0.000000 0.000000 0.000000 0.000000 
0.000000 0.000000 0.000000 0.000000 0.000000 0.000000 0.000000 0.000000 0.000000 0.000000 0.000000 0.000000 0.000000 0.000000 0.000000 0.000000 0.000000 0.000000 0.000000 0.000000 0.000000 0.000000 0.000000 0.000000 0.000000 0.000000 0.000000 0.000000 0.000000 0.000000 0.000000 0.000000 0.000000 0.000000 0.000001 0.000001 0.000001 0.000001 0.000002 0.000002 0.000002 0.000003 0.000003 0.000004 0.000004 0.000005 0.000005 0.000005 0.000005 0.000006 0.000006 0.000006 0.000005 0.000005 0.000005 0.000005 0.000004 0.000004 0.000003 0.000003 0.000002 0.000002 0.000002 0.000001 0.000001 0.000001 0.000001 0.000000 0.000000 0.000000 0.000000 0.000000 0.000000 0.000000 0.000000 0.000000 0.000000 0.000000 0.000000 0.000000 0.000000 0.000000 0.000000 0.000000 0.000000 0.000000 0.000000 0.000000 0.000000 0.000000 0.000000 0.000000 0.000000 0.000000 0.000000 0.000000 0.000000 0.000000 0.000000 0.000000 
0.000000 0.000000 0.000000 0.000000 0.000000 0.000000 0.000000 0.000000 0.000000 0.000000 0.000000 0.000000 0.000000 0.000000 0.000000 0.000000 0.000000 0.000000 0.000000 0.000000 0.000000 0.000000 0.000000 0.000000 0.000000 0.000000 0.000000 0.000000 0.000000 0.000000 0.000000 0.000000 0.000001 0.000001 0.000001 0.000002 0.000002 0.000003 0.000003 0.000004 0.000005 0.000006 0.000007 0.000008 0.000009 0.000010 0.000010 0.000011 0.000012 0.000012 0.000012 0.000012 0.000012 0.000011 0.000010 0.000010 0.000009 0.000008 0.000007 0.000006 0.000005 0.000004 0.000003 0.000003 0.000002 0.000002 0.000001 0.000001 0.000001 0.000000 0.000000 0.000000 0.000000 0.000000 0.000000 0.000000 0.000000 0.000000 0.000000 0.000000 0.000000 0.000000 0.000000 0.000000 0.000000 0.000000 0.000000 0.000000 0.000000 0.000000 0.000000 0.000000 0.000000 0.000000 0.000000 0.000000 0.000000 0.000000 0.000000 0.000000 
0.000000 0.000000 0.000000 0.000000 0.000000 0.000000 0.000000 0.000000 0.000000 0.000000 0.000000 0.000000 0.000000 0.000000 0.000000 0.000000 0.000000 0.000000 0.000000 0.000000 0.000000 0.000000 0.000000 0.000000 0.000000 0.000000 0.000000 0.000000 0.000000 0.000000 0.000001 0.000001 0.000001 0.000002 0.000003 0.000003 0.000004 0.000005 0.000007 0.000008 0.000010 0.000012 0.000014 0.000016 0.000018 0.000020 0.000022 0.000023 0.000024 0.000025 0.000025 0.000025 0.000024 0.000023 0.000022 0.000020 0.000018 0.000016 0.000014 0.000012 0.000010 0.000008 0.000007 0.000005 0.000004 0.000003 0.000003 0.000002 0.000001 0.000001 0.000001 0.000000 0.000000 0.000000 0.000000 0.000000 0.000000 0.000000 0.000000 0.000000 0.000000 0.000000 0.000000 0.000000 0.000000 0.000000 0.000000 0.000000 0.000000 0.000000 0.000000 0.000000 0.000000 0.000000 0.000000 0.000000 0.000000 0.000000 0.000000 0.000000 
0.000000 0.000000 0.000000 0.000000 0.000000 0.000000 0.000000 0.000000 0.000000 0.000000 0.000000 0.000000 0.000000 0.000000 0.000000 0.000000 0.000000 0.000000 0.000000 0.000000 0.000000 0.000000 0.000000 0.000000 0.000000 0.000000 0.000000 0.000000 0.000001 0.000001 0.000001 0.000002 0.000003 0.000004 0.000005 0.000007 0.000009 0.000011 0.000014 0.000017 0.000021 0.000025 0.000029 0.000033 0.000037 0.000041 0.000044 0.000047 0.000049 0.000050 0.000051 0.000050 0.000049 0.000047 0.000044 0.000041 0.000037 0.000033 0.000029 0.000025 0.000021 0.000017 0.000014 0.000011 0.000009 0.000007 0.000005 0.000004 0.000003 0.000002 0.000001 0.000001 0.000001 0.000000 0.000000 0.000000 0.000000 0.000000 0.000000 0.000000 0.000000 0.000000 0.000000 0.000000 0.000000 0.000000 0.000000 0.000000 0.000000 0.000000 0.000000 0.000000 0.000000 0.000000 0.000000 0.000000 0.000000 0.000000 0.000000 0.000000 
0.000000 0.000000 0.000000 0.000000 0.000000 0.000000 0.000000 0.000000 0.000000 0.000000 0.000000 0.000000 0.000000 0.000000 0.000000 0.000000 0.000000 0.000000 0.000000 0.000000 0.000000 0.000000 0.000000 0.000000 0.000000 0.000000 0.000001 0.000001 0.000001 0.000002 0.000003 0.000004 0.000006 0.000008 0.000010 0.000014 0.000018 0.000023 0.000028 0.000035 0.000042 0.000050 0.000058 0.000066 0.000074 0.000082 0.000089 0.000095 0.000099 0.000102 0.000103 0.000102 0.000099 0.000095 0.000089 0.000082 0.000074 0.000066 0.000058 0.000050 0.000042 0.000035 0.000028 0.000023 0.000018 0.000014 0.000010 0.000008 0.000006 0.000004 0.000003 0.000002 0.000001 0.000001 0.000001 0.000000 0.000000 0.000000 0.000000 0.000000 0.000000 0.000000 0.000000 0.000000 0.000000 0.000000 0.000000 0.000000 0.000000 0.000000 0.000000 0.000000 0.000000 0.000000 0.000000 0.000000 0.000000 0.000000 0.000000 0.000000 
0.000000 0.000000 0.000000 0.000000 0.000000 0.000000 0.000000 0.000000 0.000000 0.000000 0.000000 0.000000 0.000000 0.000000 0.000000 0.000000 0.000000 0.000000 0.000000 0.000000 0.000000 0.000000 0.000000 0.000000 0.000001 0.000001 0.000001 0.000002 0.000003 0.000004 0.000006 0.000008 0.000011 0.000016 0.000021 0.000027 0.000036 0.000045 0.000056 0.000069 0.000084 0.000099 0.000115 0.000132 0.000148 0.000163 0.000177 0.000188 0.000197 0.000202 0.000204 0.000202 0.000197 0.000188 0.000177 0.000163 0.000148 0.000132 0.000115 0.000099 0.000084 0.000069 0.000056 0.000045 0.000036 0.000027 0.000021 0.000016 0.000011 0.000008 0.000006 0.000004 0.000003 0.000002 0.000001 0.000001 0.000001 0.000000 0.000000 0.000000 0.000000 0.000000 0.000000 0.000000 0.000000 0.000000 0.000000 0.000000 0.000000 0.000000 0.000000 0.000000 0.000000 0.000000 0.000000 0.000000 0.000000 0.000000 0.000000 0.000000 
0.000000 0.000000 0.000000 0.000000 0.000000 0.000000 0.000000 0.000000 0.000000 0.000000 0.000000 0.000000 0.000000 0.000000 0.000000 0.000000 0.000000 0.000000 0.000000 0.000000 0.000000 0.000000 0.000000 0.000001 0.000001 0.000002 0.000002 0.000004 0.000005 0.000008 0.000011 0.000016 0.000022 0.000031 0.000041 0.000054 0.000070 0.000089 0.000111 0.000136 0.000164 0.000194 0.000225 0.000257 0.000289 0.000319 0.000345 0.000368 0.000384 0.000395 0.000398 0.000395 0.000384 0.000368 0.000345 0.000319 0.000289 0.000257 0.000225 0.000194 0.000164 0.000136 0.000111 0.000089 0.000070 0.000054 0.000041 0.000031 0.000022 0.000016 0.000011 0.000008 0.000005 0.000004 0.000002 0.000002 0.000001 0.000001 0.000000 0.000000 0.000000 0.000000 0.000000 0.000000 0.000000 0.000000 0.000000 0.000000 0.000000 0.000000 0.000000 0.000000 0.000000 0.000000 0.000000 0.000000 0.000000 0.000000 0.000000 0.000000 
0.000000 0.000000 0.000000 0.000000 0.000000 0.000000 0.000000 0.000000 0.000000 0.000000 0.000000 0.000000 0.000000 0.000000 0.000000 0.000000 0.000000 0.000000 0.000000 0.000000 0.000000 0.000000 0.000001 0.000001 0.000002 0.000003 0.000005 0.000007 0.000011 0.000015 0.000022 0.000031 0.000043 0.000059 0.000079 0.000104 0.000135 0.000171 0.000213 0.000262 0.000315 0.000373 0.000434 0.000496 0.000557 0.000614 0.000665 0.000707 0.000740 0.000760 0.000766 0.000760 0.000740 0.000707 0.000665 0.000614 0.000557 0.000496 0.000434 0.000373 0.000315 0.000262 0.000213 0.000171 0.000135 0.000104 0.000079 0.000059 0.000043 0.000031 0.000022 0.000015 0.000011 0.000007 0.000005 0.000003 0.000002 0.000001 0.000001 0.000000 0.000000 0.000000 0.000000 0.000000 0.000000 0.000000 0.000000 0.000000 0.000000 0.000000 0.000000 0.000000 0.000000 0.000000 0.000000 0.000000 0.000000 0.000000 0.000000 0.000000 
0.000000 0.000000 0.000000 0.000000 0.000000 0.000000 0.000000 0.000000 0.000000 0.000000 0.000000 0.000000 0.000000 0.000000 0.000000 0.000000 0.000000 0.000000 0.000000 0.000000 0.000001 0.000001 0.000001 0.000002 0.000004 0.000006 0.000009 0.000014 0.000020 0.000030 0.000042 0.000060 0.000083 0.000113 0.000151 0.000198 0.000256 0.000325 0.000405 0.000497 0.000598 0.000708 0.000823 0.000940 0.001055 0.001163 0.001260 0.001340 0.001401 0.001439 0.001452 0.001439 0.001401 0.001340 0.001260 0.001163 0.001055 0.000940 0.000823 0.000708 0.000598 0.000497 0.000405 0.000325 0.000256 0.000198 0.000151 0.000113 0.000083 0.000060 0.000042 0.000030 0.000020 0.000014 0.000009 0.000006 0.000004 0.000002 0.000001 0.000001 0.000001 0.000000 0.000000 0.000000 0.000000 0.000000 0.000000 0.000000 0.000000 0.000000 0.000000 0.000000 0.000000 0.000000 0.000000 0.000000 0.000000 0.000000 0.000000 0.000000 
0.000000 0.000000 0.000000 0.000000 0.000000 0.000000 0.000000 0.000000 0.000000 0.000000 0.000000 0.000000 0.000000 0.000000 0.000000 0.000000 0.000000 0.000000 0.000000 0.000001 0.000001 0.000002 0.000003 0.000004 0.000007 0.000011 0.000017 0.000026 0.000038 0.000056 0.000080 0.000112 0.000155 0.000211 0.000282 0.000371 0.000479 0.000608 0.000758 0.000928 0.001118 0.001322 0.001536 0.001754 0.001968 0.002169 0.002349 0.002499 0.002612 0.002682 0.002706 0.002682 0.002612 0.002499 0.002349 0.002169 0.001968 0.001754 0.001536 0.001322 0.001118 0.000928 0.000758 0.000608 0.000479 0.000371 0.000282 0.000211 0.000155 0.000112 0.000080 0.000056 0.000038 0.000026 0.000017 0.000011 0.000007 0.000004 0.000003 0.000002 0.000001 0.000001 0.000000 0.000000 0.000000 0.000000 0.000000 0.000000 0.000000 0.000000 0.000000 0.000000 0.000000 0.000000 0.000000 0.000000 0.000000 0.000000 0.000000 0.000000 
0.000000 0.000000 0.000000 0.000000 0.000000 0.000000 0.000000 0.000000 0.000000 0.000000 0.000000 0.000000 0.000000 0.000000 0.000000 0.000000 0.000000 0.000000 0.000001 0.000001 0.000002 0.000003 0.000005 0.000008 0.000013 0.000021 0.000032 0.000048 0.000070 0.000103 0.000147 0.000207 0.000286 0.000389 0.000520 0.000683 0.000882 0.001119 0.001394 0.001707 0.002054 0.002429 0.002822 0.003222 0.003613 0.003982 0.004311 0.004586 0.004793 0.004922 0.004966 0.004922 0.004793 0.004586 0.004311 0.003982 0.003613 0.003222 0.002822 0.002429 0.002054 0.001707 0.001394 0.001119 0.000882 0.000683 0.000520 0.000389 0.000286 0.000207 0.000147 0.000103 0.000070 0.000048 0.000032 0.000021 0.000013 0.000008 0.000005 0.000003 0.000002 0.000001 0.000001 0.000000 0.000000 0.000000 0.000000 0.000000 0.000000 0.000000 0.000000 0.000000 0.000000 0.000000 0.000000 0.000000 0.000000 0.000000 0.000000 0.000000 
0.000000 0.000000 0.000000 0.000000 0.000000 0.000000 0.000000 0.000000 0.000000 0.000000 0.000000 0.000000 0.000000 0.000000 0.000000 0.000000 0.000000 0.000001 0.000001 0.000002 0.000003 0.000006 0.000009 0.000015 0.000024 0.000037 0.000057 0.000087 0.000128 0.000187 0.000267 0.000376 0.000520 0.000707 0.000944 0.001239 0.001598 0.002026 0.002524 0.003090 0.003717 0.004393 0.005102 0.005823 0.006530 0.007194 0.007788 0.008284 0.008657 0.008889 0.008968 0.008889 0.008657 0.008284 0.007788 0.007194 0.006530 0.005823 0.005102 0.004393 0.003717 0.003090 0.002524 0.002026 0.001598 0.001239 0.000944 0.000707 0.000520 0.000376 0.000267 0.000187 0.000128 0.000087 0.000057 0.000037 0.000024 0.000015 0.000009 0.000006 0.000003 0.000002 0.000001 0.000001 0.000000 0.000000 0.000000 0.000000 0.000000 0.000000 0.000000 0.000000 0.000000 0.000000 0.000000 0.000000 0.000000 0.000000 0.000000 0.000000 
0.000000 0.000000 0.000000 0.000000 0.000000 0.000000 0.000000 0.000000 0.000000 0.000000 0.000000 0.000000 0.000000 0.000000 0.000000 0.000000 0.000001 0.000001 0.000002 0.000004 0.000006 0.000010 0.000017 0.000027 0.000043 0.000067 0.000103 0.000155 0.000230 0.000334 0.000478 0.000672 0.000929 0.001262 0.001685 0.002210 0.002850 0.003611 0.004496 0.005502 0.006617 0.007819 0.009078 0.010358 0.011612 0.012792 0.013846 0.014726 0.015388 0.015800 0.015940 0.015800 0.015388 0.014726 0.013846 0.012792 0.011612 0.010358 0.009078 0.007819 0.006617 0.005502 0.004496 0.003611 0.002850 0.002210 0.001685 0.001262 0.000929 0.000672 0.000478 0.000334 0.000230 0.000155 0.000103 0.000067 0.000043 0.000027 0.000017 0.000010 0.000006 0.000004 0.000002 0.000001 0.000001 0.000000 0.000000 0.000000 0.000000 0.000000 0.000000 0.000000 0.000000 0.000000 0.000000 0.000000 0.000000 0.000000 0.000000 0.000000 
0.000000 0.000000 0.000000 0.000000 0.000000 0.000000 0.000000 0.000000 0.000000 0.000000 0.000000 0.000000 0.000000 0.000000 0.000000 0.000001 0.000001 0.000002 0.000004 0.000006 0.000011 0.000018 0.000030 0.000048 0.000076 0.000119 0.000182 0.000274 0.000405 0.000589 0.000842 0.001183 0.001634 0.002217 0.002959 0.003880 0.005000 0.006333 0.007883 0.009643 0.011592 0.013693 0.015895 0.018131 0.020323 0.022384 0.024224 0.025760 0.026917 0.027636 0.027880 0.027636 0.026917 0.025760 0.024224 0.022384 0.020323 0.018131 0.015895 0.013693 0.011592 0.009643 0.007883 0.006333 0.005000 0.003880 0.002959 0.002217 0.001634 0.001183 0.000842 0.000589 0.000405 0.000274 0.000182 0.000119 0.000076 0.000048 0.000030 0.000018 0.000011 0.000006 0.000004 0.000002 0.000001 0.000001 0.000000 0.000000 0.000000 0.000000 0.000000 0.000000 0.000000 0.000000 0.000000 0.000000 0.000000 0.000000 0.000000 0.000000 
0.000000 0.000000 0.000000 0.000000 0.000000 0.000000 0.000000 0.000000 0.000000 0.000000 0.000000 0.000000 0.000000 0.000000 0.000001 0.000001 0.000002 0.000004 0.000007 0.000011 0.000019 0.000032 0.000052 0.000084 0.000133 0.000207 0.000316 0.000475 0.000702 0.001021 0.001458 0.002047 0.002826 0.003834 0.005113 0.006701 0.008632 0.010929 0.013599 0.016629 0.019983 0.023598 0.027386 0.031232 0.034999 0.038541 0.041705 0.044345 0.046332 0.047567 0.047986 0.047567 0.046332 0.044345 0.041705 0.038541 0.034999 0.031232 0.027386 0.023598 0.019983 0.016629 0.013599 0.010929 0.008632 0.006701 0.005113 0.003834 0.002826 0.002047 0.001458 0.001021 0.000702 0.000475 0.000316 0.000207 0.000133 0.000084 0.000052 0.000032 0.000019 0.000011 0.000007 0.000004 0.000002 0.000001 0.000001 0.000000 0.000000 0.000000 0.000000 0.000000 0.000000 0.000000 0.000000 0.000000 0.000000 0.000000 0.000000 0.000000 
0.000000 0.000000 0.000000 0.000000 0.000000 0.000000 0.000000 0.000000 0.000000 0.000000 0.000000 0.000000 0.000000 0.000001 0.000001 0.000002 0.000004 0.000006 0.000011 0.000020 0.000033 0.000055 0.000090 0.000144 0.000227 0.000353 0.000540 0.000811 0.001199 0.001740 0.002484 0.003487 0.004810 0.006522 0.008693 0.011388 0.014664 0.018558 0.023082 0.028215 0.033895 0.040017 0.046428 0.052934 0.059309 0.065300 0.070651 0.075114 0.078474 0.080563 0.081271 0.080563 0.078474 0.075114 0.070651 0.065300 0.059309 0.052934 0.046428 0.040017 0.033895 0.028215 0.023082 0.018558 0.014664 0.011388 0.008693 0.006522 0.004810 0.003487 0.002484 0.001740 0.001199 0.000811 0.000540 0.000353 0.000227 0.000144 0.000090 0.000055 0.000033 0.000020 0.000011 0.000006 0.000004 0.000002 0.000001 0.000001 0.000000 0.000000 0.000000 0.000000 0.000000 0.000000 0.000000 0.000000 0.000000 0.000000 0.000000 0.000000 
0.000000 0.000000 0.000000 0.000000 0.000000 0.000000 0.000000 0.000000 0.000000 0.000000 0.000000 0.000000 0.000001 0.000001 0.000002 0.000003 0.000006 0.000011 0.000019 0.000033 0.000056 0.000092 0.000151 0.000242 0.000383 0.000594 0.000908 0.001363 0.002011 0.002919 0.004165 0.005841 0.008054 0.010915 0.014541 0.019041 0.024507 0.031003 0.038547 0.047103 0.056568 0.066766 0.077443 0.088277 0.098888 0.108860 0.117764 0.125191 0.130782 0.134256 0.135434 0.134256 0.130782 0.125191 0.117764 0.108860 0.098888 0.088277 0.077443 0.066766 0.056568 0.047103 0.038547 0.031003 0.024507 0.019041 0.014541 0.010915 0.008054 0.005841 0.004165 0.002919 0.002011 0.001363 0.000908 0.000594 0.000383 0.000242 0.000151 0.000092 0.000056 0.000033 0.000019 0.000011 0.000006 0.000003 0.000002 0.000001 0.000001 0.000000 0.000000 0.000000 0.000000 0.000000 0.000000 0.000000 0.000000 0.000000 0.000000 0.000000 
0.000000 0.000000 0.000000 0.000000 0.000000 0.000000 0.000000 0.000000 0.000000 0.000000 0.000000 0.000000 0.000001 0.000002 0.000003 0.000006 0.000010 0.000018 0.000032 0.000055 0.000092 0.000153 0.000250 0.000402 0.000634 0.000983 0.001500 0.002251 0.003321 0.004816 0.006868 0.009627 0.013266 0.017970 0.023929 0.031321 0.040296 0.050956 0.063332 0.077365 0.092884 0.109598 0.127094 0.144843 0.162224 0.178554 0.193134 0.205294 0.214447 0.220133 0.222063 0.220133 0.214447 0.205294 0.193134 0.178554 0.162224 0.144843 0.127094 0.109598 0.092884 0.077365 0.063332 0.050956 0.040296 0.031321 0.023929 0.017970 0.013266 0.009627 0.006868 0.004816 0.003321 0.002251 0.001500 0.000983 0.000634 0.000402 0.000250 0.000153 0.000092 0.000055 0.000032 0.000018 0.000010 0.000006 0.000003 0.000002 0.000001 0.000000 0.000000 0.000000 0.000000 0.000000 0.000000 0.000000 0.000000 0.000000 0.000000 0.000000 
0.000000 0.000000 0.000000 0.000000 0.000000 0.000000 0.000000 0.000000 0.000000 0.000000 0.000000 0.000001 0.000001 0.000003 0.000005 0.000009 0.000017 0.000030 0.000052 0.000090 0.000151 0.000250 0.000408 0.000654 0.001032 0.001600 0.002440 0.003658 0.005393 0.007817 0.011140 0.015607 0.021496 0.029105 0.038738 0.050683 0.065180 0.082392 0.102369 0.125012 0.150045 0.176999 0.205206 0.233815 0.261825 0.288137 0.311626 0.331214 0.345957 0.355116 0.358223 0.355116 0.345957 0.331214 0.311626 0.288137 0.261825 0.233815 0.205206 0.176999 0.150045 0.125012 0.102369 0.082392 0.065180 0.050683 0.038738 0.029105 0.021496 0.015607 0.011140 0.007817 0.005393 0.003658 0.002440 0.001600 0.001032 0.000654 0.000408 0.000250 0.000151 0.000090 0.000052 0.000030 0.000017 0.000009 0.000005 0.000003 0.000001 0.000001 0.000000 0.000000 0.000000 0.000000 0.000000 0.000000 0.000000 0.000000 0.000000 0.000000 
0.000000 0.000000 0.000000 0.000000 0.000000 0.000000 0.000000 0.000000 0.000000 0.000000 0.000001 0.000001 0.000002 0.000004 0.000008 0.000015 0.000027 0.000048 0.000084 0.000144 0.000242 0.000402 0.000654 0.001048 0.001652 0.002560 0.003902 0.005846 0.008614 0.012479 0.017774 0.024889 0.034263 0.046370 0.061690 0.080678 0.103715 0.131056 0.162778 0.198721 0.238447 0.281210 0.325951 0.371319 0.415729 0.457441 0.494671 0.525716 0.549079 0.563594 0.568518 0.563594 0.549079 0.525716 0.494671 0.457441 0.415729 0.371319 0.325951 0.281210 0.238447 0.198721 0.162778 0.131056 0.103715 0.080678 0.061690 0.046370 0.034263 0.024889 0.017774 0.012479 0.008614 0.005846 0.003902 0.002560 0.001652 0.001048 0.000654 0.000402 0.000242 0.000144 0.000084 0.000048 0.000027 0.000015 0.000008 0.000004 0.000002 0.000001 0.000001 0.000000 0.000000 0.000000 0.000000 0.000000 0.000000 0.000000 0.000000 0.000000 
0.000000 0.000000 0.000000 0.000000 0.000000 0.000000 0.000000 0.000000 0.000000 0.000001 0.000001 0.000002 0.000004 0.000007 0.000013 0.000024 0.000043 0.000076 0.000133 0.000227 0.000383 0.000634 0.001032 0.001652 0.002602 0.004029 0.006137 0.009190 0.013533 0.019594 0.027893 0.039039 0.053718 0.072666 0.096634 0.126327 0.162338 0.205062 0.254615 0.310745 0.372765 0.439509 0.509323 0.580102 0.649373 0.714427 0.772483 0.820889 0.857315 0.879943 0.887619 0.879943 0.857315 0.820889 0.772483 0.714427 0.649373 0.580102 0.509323 0.439509 0.372765 0.310745 0.254615 0.205062 0.162338 0.126327 0.096634 0.072666 0.053718 0.039039 0.027893 0.019594 0.013533 0.009190 0.006137 0.004029 0.002602 0.001652 0.001032 0.000634 0.000383 0.000227 0.000133 0.000076 0.000043 0.000024 0.000013 0.000007 0.000004 0.000002 0.000001 0.000001 0.000000 0.000000 0.000000 0.000000 0.000000 0.000000 0.000000 0.000000 
0.000000 0.000000 0.000000 0.000000 0.000000 0.000000 0.000000 0.000000 0.000000 0.000001 0.000002 0.000003 0.000006 0.000011 0.000021 0.000037 0.000067 0.000119 0.000207 0.000353 0.000594 0.000983 0.001600 0.002560 0.004029 0.006237 0.009492 0.014207 0.020909 0.030258 0.043053 0.060228 0.082835 0.112006 0.148889 0.194565 0.249938 0.315612 0.391757 0.477984 0.573232 0.675710 0.782879 0.891507 0.997803 1.097611 1.186673 1.260923 1.316793 1.351499 1.363270 1.351499 1.316793 1.260923 1.186673 1.097611 0.997803 0.891507 0.782879 0.675710 0.573232 0.477984 0.391757 0.315612 0.249938 0.194565 0.148889 0.112006 0.082835 0.060228 0.043053 0.030258 0.020909 0.014207 0.009492 0.006237 0.004029 0.002560 0.001600 0.000983 0.000594 0.000353 0.000207 0.000119 0.000067 0.000037 0.000021 0.000011 0.000006 0.000003 0.000002 0.000001 0.000000 0.000000 0.000000 0.000000 0.000000 0.000000 0.000000 0.000000 
0.000000 0.000000 0.000000 0.000000 0.000000 0.000000 0.000000 0.000000 0.000001 0.000001 0.000002 0.000005 0.000009 0.000017 0.000032 0.000057 0.000103 0.000182 0.000316 0.000540 0.000908 0.001500 0.002440 0.003902 0.006137 0.009492 0.014440 0.021600 0.031772 0.045955 0.065355 0.091385 0.125632 0.169804 0.225631 0.294741 0.378493 0.477793 0.592890 0.723188 0.867081 1.021860 1.183687 1.347688 1.508140 1.658778 1.793181 1.905220 1.989519 2.041883 2.059642 2.041883 1.989519 1.905220 1.793181 1.658778 1.508140 1.347688 1.183687 1.021860 0.867081 0.723188 0.592890 0.477793 0.378493 0.294741 0.225631 0.169804 0.125632 0.091385 0.065355 0.045955 0.031772 0.021600 0.014440 0.009492 0.006137 0.003902 0.002440 0.001500 0.000908 0.000540 0.000316 0.000182 0.000103 0.000057 0.000032 0.000017 0.000009 0.000005 0.000002 0.000001 0.000001 0.000000 0.000000 0.000000 0.000000 0.000000 0.000000 0.000000 
0.000000 0.000000 0.000000 0.000000 0.000000 0.000000 0.000000 0.000000 0.000001 0.000002 0.000004 0.000007 0.000014 0.000026 0.000048 0.000087 0.000155 0.000274 0.000475 0.000811 0.001363 0.002251 0.003658 0.005846 0.009190 0.014207 0.021600 0.032294 0.047478 0.068638 0.097568 0.136368 0.187395 0.253181 0.336294 0.439143 0.563741 0.711423 0.882548 1.076218 1.290044 1.519992 1.760363 2.003917 2.242164 2.465807 2.665323 2.831626 2.956745 3.034462 3.060819 3.034462 2.956745 2.831626 2.665323 2.465807 2.242164 2.003917 1.760363 1.519992 1.290044 1.076218 0.882548 0.711423 0.563741 0.439143 0.336294 0.253181 0.187395 0.136368 0.097568 0.068638 0.047478 0.032294 0.021600 0.014207 0.009190 0.005846 0.003658 0.002251 0.001363 0.000811 0.000475 0.000274 0.000155 0.000087 0.000048 0.000026 0.000014 0.000007 0.000004 0.000002 0.000001 0.000000 0.000000 0.000000 0.000000 0.000000 0.000000 0.000000 
0.000000 0.000000 0.000000 0.000000 0.000000 0.000000 0.000000 0.000001 0.000001 0.000003 0.000005 0.000011 0.000020 0.000038 0.000070 0.000128 0.000230 0.000405 0.000702 0.001199 0.002011 0.003321 0.005393 0.008614 0.013533 0.020909 0.031772 0.047478 0.069769 0.100815 0.143244 0.200122 0.274894 0.371256 0.492952 0.643493 0.825809 1.041835 1.292083 1.575226 1.887760 2.223785 2.574972 2.930748 3.278716 3.605312 3.896644 4.139456 4.322125 4.435582 4.474061 4.435582 4.322125 4.139456 3.896644 3.605312 3.278716 2.930748 2.574972 2.223785 1.887760 1.575226 1.292083 1.041835 0.825809 0.643493 0.492952 0.371256 0.274894 0.200122 0.143244 0.100815 0.069769 0.047478 0.031772 0.020909 0.013533 0.008614 0.005393 0.003321 0.002011 0.001199 0.000702 0.000405 0.000230 0.000128 0.000070 0.000038 0.000020 0.000011 0.000005 0.000003 0.000001 0.000001 0.000000 0.000000 0.000000 0.000000 0.000000 0.000000 
0.000000 0.000000 0.000000 0.000000 0.000000 0.000000 0.000000 0.000001 0.000002 0.000004 0.000008 0.000015 0.000030 0.000056 0.000103 0.000187 0.000334 0.000589 0.001021 0.001740 0.002919 0.004816 0.007817 0.012479 0.019594 0.030258 0.045955 0.068638 0.100815 0.145612 0.206806 0.288805 0.396559 0.535373 0.710620 0.927334 1.189707 1.500501 1.860432 2.267574 2.716874 3.199843 3.704510 4.215684 4.715567 5.184688 5.603111 5.951819 6.214138 6.377059 6.432313 6.377059 6.214138 5.951819 5.603111 5.184688 4.715567 4.215684 3.704510 3.199843 2.716874 2.267574 1.860432 1.500501 1.189707 0.927334 0.710620 0.535373 0.396559 0.288805 0.206806 0.145612 0.100815 0.068638 0.045955 0.030258 0.019594 0.012479 0.007817 0.004816 0.002919 0.001740 0.001021 0.000589 0.000334 0.000187 0.000103 0.000056 0.000030 0.000015 0.000008 0.000004 0.000002 0.000001 0.000000 0.000000 0.000000 0.000000 0.000000 0.000000 
0.000000 0.000000 0.000000 0.000000 0.000000 0.000000 0.000001 0.000001 0.000003 0.000006 0.000011 0.000022 0.000042 0.000080 0.000147 0.000267 0.000478 0.000842 0.001458 0.002484 0.004165 0.006868 0.011140 0.017774 0.027893 0.043053 0.065355 0.097568 0.143244 0.206806 0.293596 0.409849 0.562557 0.759214 1.007400 1.314215 1.685559 2.125313 2.634460 3.210253 3.845526 4.528268 5.241553 5.963920 6.670232 7.332999 7.924081 8.416640 8.787150 9.017259 9.095296 9.017259 8.787150 8.416640 7.924081 7.332999 6.670232 5.963920 5.241553 4.528268 3.845526 3.210253 2.634460 2.125313 1.685559 1.314215 1.007400 0.759214 0.562557 0.409849 0.293596 0.206806 0.143244 0.097568 0.065355 0.043053 0.027893 0.017774 0.011140 0.006868 0.004165 0.002484 0.001458 0.000842 0.000478 0.000267 0.000147 0.000080 0.000042 0.000022 0.000011 0.000006 0.000003 0.000001 0.000001 0.000000 0.000000 0.000000 0.000000 0.000000 
0.000000 0.000000 0.000000 0.000000 0.000000 0.000000 0.000001 0.000002 0.000004 0.000008 0.000016 0.000031 0.000060 0.000112 0.000207 0.000376 0.000672 0.001183 0.002047 0.003487 0.005841 0.009627 0.015607 0.024889 0.039039 0.060228 0.091385 0.136368 0.200122 0.288805 0.409849 0.571922 0.784742 1.058718 1.404371 1.831546 2.348419 2.960348 3.668664 4.469512 5.352905 6.302125 7.293639 8.297623 9.279163 10.200083 11.021318 11.705616 12.220325 12.539977 12.648380 12.539977 12.220325 11.705616 11.021318 10.200083 9.279163 8.297623 7.293639 6.302125 5.352905 4.469512 3.668664 2.960348 2.348419 1.831546 1.404371 1.058718 0.784742 0.571922 0.409849 0.288805 0.200122 0.136368 0.091385 0.060228 0.039039 0.024889 0.015607 0.009627 0.005841 0.003487 0.002047 0.001183 0.000672 0.000376 0.000207 0.000112 0.000060 0.000031 0.000016 0.000008 0.000004 0.000002 0.000001 0.000000 0.000000 0.000000 0.000000 0.000000 
0.000000 0.000000 0.000000 0.000000 0.000000 0.000001 0.000001 0.000003 0.000006 0.000011 0.000022 0.000043 0.000083 0.000155 0.000286 0.000520 0.000929 0.001634 0.002826 0.004810 0.008054 0.013266 0.021496 0.034263 0.053718 0.082835 0.125632 0.187395 0.274894 0.396559 0.562557 0.784742 1.076398 1.451740 1.925134 2.510010 3.217505 4.054901 5.023969 6.119397 7.327491 8.625372 9.980861 11.353200 12.694688 13.953189 15.075362 16.010349 16.713581 17.150297 17.298396 17.150297 16.713581 16.010349 15.075362 13.953189 12.694688 11.353200 9.980861 8.625372 7.327491 6.119397 5.023969 4.054901 3.217505 2.510010 1.925134 1.451740 1.076398 0.784742 0.562557 0.396559 0.274894 0.187395 0.125632 0.082835 0.053718 0.034263 0.021496 0.013266 0.008054 0.004810 0.002826 0.001634 0.000929 0.000520 0.000286 0.000155 0.000083 0.000043 0.000022 0.000011 0.000006 0.000003 0.000001 0.000001 0.000000 0.000000 0.000000 0.000000 
0.000000 0.000000 0.000000 0.000000 0.000000 0.000001 0.000002 0.000004 0.000008 0.000016 0.000031 0.000059 0.000113 0.000211 0.000389 0.000707 0.001262 0.002217 0.003834 0.006522 0.010915 0.017970 0.029105 0.046370 0.072666 0.112006 0.169804 0.253181 0.371256 0.535373 0.759214 1.058718 1.451740 1.957380 2.594924 3.382392 4.334708 5.461606 6.765407 8.238911 9.863661 11.608865 13.431250 15.276034 17.079131 18.770510 20.278539 21.534933 22.479856 23.066644 23.265633 23.066644 22.479856 21.534933 20.278539 18.770510 17.079131 15.276034 13.431250 11.608865 9.863661 8.238911 6.765407 5.461606 4.334708 3.382392 2.594924 1.957380 1.451740 1.058718 0.759214 0.535373 0.371256 0.253181 0.169804 0.112006 0.072666 0.046370 0.029105 0.017970 0.010915 0.006522 0.003834 0.002217 0.001262 0.000707 0.000389 0.000211 0.000113 0.000059 0.000031 0.000016 0.000008 0.000004 0.000002 0.000001 0.000000 0.000000 0.000000 0.000000 
0.000000 0.000000 0.000000 0.000000 0.000001 0.000001 0.000003 0.000005 0.000010 0.000021 0.000041 0.000079 0.000151 0.000282 0.000520 0.000944 0.001685 0.002959 0.005113 0.008693 0.014541 0.023929 0.038738 0.061690 0.096634 0.148889 0.225631 0.336294 0.492952 0.710620 1.007400 1.404371 1.925134 2.594924 3.439209 4.481765 5.742266 7.233507 8.958485 10.907608 13.056413 15.364151 17.773595 20.212339 22.595702 24.831178 26.824160 28.484478 29.733128 30.508503 30.771439 30.508503 29.733128 28.484478 26.824160 24.831178 22.595702 20.212339 17.773595 15.364151 13.056413 10.907608 8.958485 7.233507 5.742266 4.481765 3.439209 2.594924 1.925134 1.404371 1.007400 0.710620 0.492952 0.336294 0.225631 0.148889 0.096634 0.061690 0.038738 0.023929 0.014541 0.008693 0.005113 0.002959 0.001685 0.000944 0.000520 0.000282 0.000151 0.000079 0.000041 0.000021 0.000010 0.000005 0.000003 0.000001 0.000001 0.000000 0.000000 0.000000 
0.000000 0.000000 0.000000 0.000000 0.000001 0.000002 0.000003 0.000007 0.000014 0.000027 0.000054 0.000104 0.000198 0.000371 0.000683 0.001239 0.002210 0.003880 0.006701 0.011388 0.019041 0.031321 0.050683 0.080678 0.126327 0.194565 0.294741 0.439143 0.643493 0.927334 1.314215 1.831546 2.510010 3.382392 4.481765 5.838985 7.479556 9.420030 11.664208 14.199534 16.994131 19.994967 23.127626 26.297993 29.396033 32.301575 34.891740 37.049429 38.672054 39.679626 40.021298 39.679626 38.672054 37.049429 34.891740 32.301575 29.396033 26.297993 23.127626 19.994967 16.994131 14.199534 11.664208 9.420030 7.479556 5.838985 4.481765 3.382392 2.510010 1.831546 1.314215 0.927334 0.643493 0.439143 0.294741 0.194565 0.126327 0.080678 0.050683 0.031321 0.019041 0.011388 0.006701 0.003880 0.002210 0.001239 0.000683 0.000371 0.000198 0.000104 0.000054 0.000027 0.000014 0.000007 0.000003 0.000002 0.000001 0.000000 0.000000 0.000000 
0.000000 0.000000 0.000000 0.000000 0.000001 0.000002 0.000004 0.000009 0.000018 0.000036 0.000070 0.000135 0.000256 0.000479 0.000882 0.001598 0.002850 0.005000 0.008632 0.014664 0.024507 0.040296 0.065180 0.103715 0.162338 0.249938 0.378493 0.563741 0.825809 1.189707 1.685559 2.348419 3.217505 4.334708 5.742266 7.479556 9.579099 12.061951 14.932866 18.175684 21.749562 25.586644 29.591769 33.644641 37.604658 41.318298 44.628612 47.386049 49.459608 50.747152 51.183756 50.747152 49.459608 47.386049 44.628612 41.318298 37.604658 33.644641 29.591769 25.586644 21.749562 18.175684 14.932866 12.061951 9.579099 7.479556 5.742266 4.334708 3.217505 2.348419 1.685559 1.189707 0.825809 0.563741 0.378493 0.249938 0.162338 0.103715 0.065180 0.040296 0.024507 0.014664 0.008632 0.005000 0.002850 0.001598 0.000882 0.000479 0.000256 0.000135 0.000070 0.000036 0.000018 0.000009 0.000004 0.000002 0.000001 0.000000 0.000000 0.000000 
0.000000 0.000000 0.000000 0.000001 0.000001 0.000003 0.000005 0.000011 0.000023 0.000045 0.000089 0.000171 0.000325 0.000608 0.001119 0.002026 0.003611 0.006333 0.010929 0.018558 0.031003 0.050956 0.082392 0.131056 0.205062 0.315612 0.477793 0.711423 1.041835 1.500501 2.125313 2.960348 4.054901 5.461606 7.233507 9.420030 12.061951 15.185625 18.796896 22.875330 27.369474 32.193955 37.229121 42.323771 47.301234 51.968646 56.128868 59.594081 62.199775 63.817695 64.366323 63.817695 62.199775 59.594081 56.128868 51.968646 47.301234 42.323771 37.229121 32.193955 27.369474 22.875330 18.796896 15.185625 12.061951 9.420030 7.233507 5.461606 4.054901 2.960348 2.125313 1.500501 1.041835 0.711423 0.477793 0.315612 0.205062 0.131056 0.082392 0.050956 0.031003 0.018558 0.010929 0.006333 0.003611 0.002026 0.001119 0.000608 0.000325 0.000171 0.000089 0.000045 0.000023 0.000011 0.000005 0.000003 0.000001 0.000001 0.000000 0.000000 
0.000000 0.000000 0.000000 0.000001 0.000002 0.000003 0.000007 0.000014 0.000028 0.000056 0.000111 0.000213 0.000405 0.000758 0.001394 0.002524 0.004496 0.007883 0.013599 0.023082 0.038547 0.063332 0.102369 0.162778 0.254615 0.391757 0.592890 0.882548 1.292083 1.860432 2.634460 3.668664 5.023969 6.765407 8.958485 11.664208 14.932866 18.796896 23.263379 28.306912 33.863776 39.828356 46.052719 52.349993 58.501887 64.270147 69.411275 73.693311 76.913103 78.912278 79.590178 78.912278 76.913103 73.693311 69.411275 64.270147 58.501887 52.349993 46.052719 39.828356 33.863776 28.306912 23.263379 18.796896 14.932866 11.664208 8.958485 6.765407 5.023969 3.668664 2.634460 1.860432 1.292083 0.882548 0.592890 0.391757 0.254615 0.162778 0.102369 0.063332 0.038547 0.023082 0.013599 0.007883 0.004496 0.002524 0.001394 0.000758 0.000405 0.000213 0.000111 0.000056 0.000028 0.000014 0.000007 0.000003 0.000002 0.000001 0.000000 0.000000 
0.000000 0.000000 0.000000 0.000001 0.000002 0.000004 0.000008 0.000017 0.000035 0.000069 0.000136 0.000262 0.000497 0.000928 0.001707 0.003090 0.005502 0.009643 0.016629 0.028215 0.047103 0.077365 0.125012 0.198721 0.310745 0.477984 0.723188 1.076218 1.575226 2.267574 3.210253 4.469512 6.119397 8.238911 10.907608 14.199534 18.175684 22.875330 28.306912 34.439398 41.195207 48.445880 56.011576 63.665203 71.141542 78.151176 84.398360 89.601391 93.513574 95.942600 96.766250 95.942600 93.513574 89.601391 84.398360 78.151176 71.141542 63.665203 56.011576 48.445880 41.195207 34.439398 28.306912 22.875330 18.175684 14.199534 10.907608 8.238911 6.119397 4.469512 3.210253 2.267574 1.575226 1.076218 0.723188 0.477984 0.310745 0.198721 0.125012 0.077365 0.047103 0.028215 0.016629 0.009643 0.005502 0.003090 0.001707 0.000928 0.000497 0.000262 0.000136 0.000069 0.000035 0.000017 0.000008 0.000004 0.000002 0.000001 0.000001 0.000001 
0.000000 0.000000 0.000001 0.000001 0.000002 0.000005 0.000010 0.000021 0.000042 0.000084 0.000164 0.000315 0.000598 0.001118 0.002054 0.003717 0.006617 0.011592 0.019983 0.033895 0.056568 0.092884 0.150045 0.238447 0.372765 0.573232 0.867081 1.290044 1.887760 2.716874 3.845526 5.352905 7.327491 9.863661 13.056413 16.994131 21.749562 27.369474 33.863776 41.195207 49.270905 57.937252 66.979288 76.125653 85.059505 93.435146 100.899367 107.115762 111.789750 114.691713 115.675719 114.691713 111.789750 107.115762 100.899367 93.435146 85.059505 76.125653 66.979288 57.937252 49.270905 41.195207 33.863776 27.369474 21.749562 16.994131 13.056413 9.863661 7.327491 5.352905 3.845526 2.716874 1.887760 1.290044 0.867081 0.573232 0.372765 0.238447 0.150045 0.092884 0.056568 0.033895 0.019983 0.011592 0.006617 0.003717 0.002054 0.001118 0.000598 0.000315 0.000164 0.000084 0.000042 0.000021 0.000010 0.000005 0.000002 0.000001 0.000001 0.000001 
0.000000 0.000000 0.000001 0.000001 0.000003 0.000006 0.000012 0.000025 0.000050 0.000099 0.000194 0.000373 0.000708 0.001322 0.002429 0.004393 0.007819 0.013693 0.023598 0.040017 0.066766 0.109598 0.176999 0.281210 0.439509 0.675710 1.021860 1.519992 2.223785 3.199843 4.528268 6.302125 8.625372 11.608865 15.364151 19.994967 25.586644 32.193955 39.828356 48.445880 57.937252 68.121861 78.747078 89.494084 99.990697 109.830899 118.599898 125.902671 131.393332 134.802283 135.958188 134.802283 131.393332 125.902671 118.599898 109.830899 99.990697 89.494084 78.747078 68.121861 57.937252 48.445880 39.828356 32.193955 25.586644 19.994967 15.364151 11.608865 8.625372 6.302125 4.528268 3.199843 2.223785 1.519992 1.021860 0.675710 0.439509 0.281210 0.176999 0.109598 0.066766 0.040017 0.023598 0.013693 0.007819 0.004393 0.002429 0.001322 0.000708 0.000373 0.000194 0.000099 0.000050 0.000025 0.000012 0.000006 0.000003 0.000001 0.000001 0.000001 
0.000000 0.000000 0.000001 0.000002 0.000003 0.000007 0.000014 0.000029 0.000058 0.000115 0.000225 0.000434 0.000823 0.001536 0.002822 0.005102 0.009078 0.015895 0.027386 0.046428 0.077443 0.127094 0.205206 0.325951 0.509323 0.782879 1.183687 1.760363 2.574972 3.704510 5.241553 7.293639 9.980861 13.431250 17.773595 23.127626 29.591769 37.229121 46.052719 56.011576 66.979288 78.747078 91.023040 103.438878 115.564727 126.931708 137.060853 145.496066 151.838002 155.775412 157.110496 155.775412 151.838002 145.496066 137.060853 126.931708 115.564727 103.438878 91.023040 78.747078 66.979288 56.011576 46.052719 37.229121 29.591769 23.127626 17.773595 13.431250 9.980861 7.293639 5.241553 3.704510 2.574972 1.760363 1.183687 0.782879 0.509323 0.325951 0.205206 0.127094 0.077443 0.046428 0.027386 0.015895 0.009078 0.005102 0.002822 0.001536 0.000823 0.000434 0.000225 0.000115 0.000058 0.000029 0.000014 0.000007 0.000003 0.000002 0.000001 0.000001 
