0.000000 0.000000 0.000000 0.000000 0.000000 0.000000 0.000000 0.000000 0.000000 0.000000 0.000000 0.000000 0.000000 0.000000 0.000000 0.000000 0.000000 0.000000 0.000000 0.000000 0.000000 0.000000 0.000000 0.000000 0.000000 0.000000 0.000000 0.000000 0.000000 0.000000 0.000000 0.000000 0.000000 0.000000 0.000001 0.000001 0.000001 0.000001 0.000002 0.000002 0.000002 0.000003 0.000003 0.000003 0.000004 0.000004 0.000004 0.000005 0.000005 0.000005 0.000005 0.000005 0.000005 0.000005 0.000004 0.000004 0.000004 0.000003 0.000003 0.000003 0.000002 0.000002 0.000002 0.000001 0.000001 0.000001 0.000001 0.000000 0.000000 0.000000 0.000000 0.000000 0.000000 0.000000 0.000000 0.000000 0.000000 0.000000 0.000000 0.000000 0.000000 0.000000 0.000000 0.000000 0.000000 0.000000 0.000000 0.000000 0.000000 0.000000 0.000000 0.000000 0.000000 0.000000 0.000000 0.000000 0.000000 0.000000 0.000000 0.000000 
0.000000 0.000000 0.000000 0.000000 0.000000 0.000000 0.000000 0.000000 0.000000 0.000000 0.000000 0.000000 0.000000 0.000000 0.000000 0.000000 0.000000 0.000000 0.000000 0.000000 0.000000 0.000000 0.000000 0.000000 0.000000 0.000000 0.000000 0.000000 0.000000 0.000000 0.000000 0.000000 0.000000 0.000000 0.000001 0.000001 0.000001 0.000001 0.000002 0.000002 0.000002 0.000003 0.000003 0.000003 0.000004 0.000004 0.000004 0.000005 0.000005 0.000005 0.000005 0.000005 0.000005 0.000005 0.000004 0.000004 0.000004 0.000003 0.000003 0.000003 0.000002 0.000002 0.000002 0.000001 0.000001 0.000001 0.000001 0.000000 0.000000 0.000000 0.000000 0.000000 0.000000 0.000000 0.000000 0.000000 0.000000 0.000000 0.000000 0.000000 0.000000 0.000000 0.000000 0.000000 0.000000 0.000000 0.000000 0.000000 0.000000 0.000000 0.000000 0.000000 0.000000 0.000000 0.000000 0.000000 0.000000 0.000000 0.000000 0.000000 
0.000000 0.000000 0.000000 0.000000 0.000000 0.000000 0.000000 0.000000 0.000000 0.000000 0.000000 0.000000 0.000000 0.000000 0.000000 0.000000 0.000000 0.000000 0.000000 0.000000 0.000000 0.000000 0.000000 0.000000 0.000000 0.000000 0.000000 0.000000 0.000000 0.000000 0.000000 0.000000 0.000001 0.000001 0.000001 0.000001 0.000002 0.000002 0.000002 0.000003 0.000003 0.000004 0.000004 0.000005 0.000006 0.000006 0.000007 0.000007 0.000007 0.000007 0.000008 0.000007 0.000007 0.000007 0.000007 0.000006 0.000006 0.000005 0.000004 0.000004 0.000003 0.000003 0.000002 0.000002 0.000002 0.000001 0.000001 0.000001 0.000001 0.000000 0.000000 0.000000 0.000000 0.000000 0.000000 0.000000 0.000000 0.000000 0.000000 0.000000 0.000000 0.000000 0.000000 0.000000 0.000000 0.000000 0.000000 0.000000 0.000000 0.000000 0.000000 0.000000 0.000000 0.000000 0.000000 0.000000 0.000000 0.000000 0.000000 0.000000 
0.000000 0.000000 0.000000 0.000000 0.000000 0.000000 0.000000 0.000000 0.000000 0.000000 0.000000 0.000000 0.000000 0.000000 0.000000 0.000000 0.000000 0.000000 0.000000 0.000000 0.000000 0.000000 0.000000 0.000000 0.000000 0.000000 0.000000 0.000000 0.000000 0.000000 0.000001 0.000001 0.000001 0.000001 0.000002 0.000002 0.000003 0.000004 0.000004 0.000005 0.000006 0.000007 0.000008 0.000009 0.000011 0.000012 0.000012 0.000013 0.000014 0.000014 0.000014 0.000014 0.000014 0.000013 0.000012 0.000012 0.000011 0.000009 0.000008 0.000007 0.000006 0.000005 0.000004 0.000004 0.000003 0.000002 0.000002 0.000001 0.000001 0.000001 0.000001 0.000000 0.000000 0.000000 0.000000 0.000000 0.000000 0.000000 0.000000 0.000000 0.000000 0.000000 0.000000 0.000000 0.000000 0.000000 0.000000 0.000000 0.000000 0.000000 0.000000 0.000000 0.000000 0.000000 0.000000 0.000000 0.000000 0.000000 0.000000 0.000000 
0.000000 0.000000 0.000000 0.000000 0.000000 0.000000 0.000000 0.000000 0.000000 0.000000 0.000000 0.000000 0.000000 0.000000 0.000000 0.000000 0.000000 0.000000 0.000000 0.000000 0.000000 0.000000 0.000000 0.000000 0.000000 0.000000 0.000000 0.000000 0.000001 0.000001 0.000001 0.000002 0.000002 0.000003 0.000004 0.000005 0.000006 0.000007 0.000009 0.000010 0.000012 0.000014 0.000017 0.000019 0.000021 0.000023 0.000024 0.000026 0.000027 0.000027 0.000028 0.000027 0.000027 0.000026 0.000024 0.000023 0.000021 0.000019 0.000017 0.000014 0.000012 0.000010 0.000009 0.000007 0.000006 0.000005 0.000004 0.000003 0.000002 0.000002 0.000001 0.000001 0.000001 0.000000 0.000000 0.000000 0.000000 0.000000 0.000000 0.000000 0.000000 0.000000 0.000000 0.000000 0.000000 0.000000 0.000000 0.000000 0.000000 0.000000 0.000000 0.000000 0.000000 0.000000 0.000000 0.000000 0.000000 0.000000 0.000000 0.000000 
0.000000 0.000000 0.000000 0.000000 0.000000 0.000000 0.000000 0.000000 0.000000 0.000000 0.000000 0.000000 0.000000 0.000000 0.000000 0.000000 0.000000 0.000000 0.000000 0.000000 0.000000 0.000000 0.000000 0.000000 0.000000 0.000000 0.000001 0.000001 0.000001 0.000002 0.000002 0.000003 0.000004 0.000005 0.000007 0.000009 0.000011 0.000014 0.000017 0.000021 0.000024 0.000028 0.000032 0.000037 0.000041 0.000044 0.000048 0.000050 0.000053 0.000054 0.000054 0.000054 0.000053 0.000050 0.000048 0.000044 0.000041 0.000037 0.000032 0.000028 0.000024 0.000021 0.000017 0.000014 0.000011 0.000009 0.000007 0.000005 0.000004 0.000003 0.000002 0.000002 0.000001 0.000001 0.000001 0.000000 0.000000 0.000000 0.000000 0.000000 0.000000 0.000000 0.000000 0.000000 0.000000 0.000000 0.000000 0.000000 0.000000 0.000000 0.000000 0.000000 0.000000 0.000000 0.000000 0.000000 0.000000 0.000000 0.000000 0.000000 
0.000000 0.000000 0.000000 0.000000 0.000000 0.000000 0.000000 0.000000 0.000000 0.000000 0.000000 0.000000 0.000000 0.000000 0.000000 0.000000 0.000000 0.000000 0.000000 0.000000 0.000000 0.000000 0.000000 0.000000 0.000000 0.000001 0.000001 0.000002 0.000002 0.000003 0.000004 0.000006 0.000008 0.000010 0.000014 0.000017 0.000022 0.000027 0.000033 0.000040 0.000047 0.000055 0.000063 0.000071 0.000079 0.000086 0.000093 0.000098 0.000102 0.000105 0.000105 0.000105 0.000102 0.000098 0.000093 0.000086 0.000079 0.000071 0.000063 0.000055 0.000047 0.000040 0.000033 0.000027 0.000022 0.000017 0.000014 0.000010 0.000008 0.000006 0.000004 0.000003 0.000002 0.000002 0.000001 0.000001 0.000000 0.000000 0.000000 0.000000 0.000000 0.000000 0.000000 0.000000 0.000000 0.000000 0.000000 0.000000 0.000000 0.000000 0.000000 0.000000 0.000000 0.000000 0.000000 0.000000 0.000000 0.000000 0.000000 0.000000 
0.000000 0.000000 0.000000 0.000000 0.000000 0.000000 0.000000 0.000000 0.000000 0.000000 0.000000 0.000000 0.000000 0.000000 0.000000 0.000000 0.000000 0.000000 0.000000 0.000000 0.000000 0.000000 0.000000 0.000001 0.000001 0.000001 0.000002 0.000003 0.000004 0.000006 0.000008 0.000011 0.000015 0.000020 0.000026 0.000033 0.000042 0.000052 0.000064 0.000077 0.000091 0.000106 0.000121 0.000136 0.000151 0.000165 0.000178 0.000188 0.000195 0.000200 0.000202 0.000200 0.000195 0.000188 0.000178 0.000165 0.000151 0.000136 0.000121 0.000106 0.000091 0.000077 0.000064 0.000052 0.000042 0.000033 0.000026 0.000020 0.000015 0.000011 0.000008 0.000006 0.000004 0.000003 0.000002 0.000001 0.000001 0.000001 0.000000 0.000000 0.000000 0.000000 0.000000 0.000000 0.000000 0.000000 0.000000 0.000000 0.000000 0.000000 0.000000 0.000000 0.000000 0.000000 0.000000 0.000000 0.000000 0.000000 0.000000 0.000000 
0.000000 0.000000 0.000000 0.000000 0.000000 0.000000 0.000000 0.000000 0.000000 0.000000 0.000000 0.000000 0.000000 0.000000 0.000000 0.000000 0.000000 0.000000 0.000000 0.000000 0.000000 0.000000 0.000001 0.000001 0.000002 0.000003 0.000004 0.000006 0.000008 0.000011 0.000016 0.000021 0.000029 0.000038 0.000049 0.000063 0.000080 0.000099 0.000121 0.000145 0.000171 0.000200 0.000229 0.000258 0.000286 0.000312 0.000335 0.000355 0.000369 0.000378 0.000381 0.000378 0.000369 0.000355 0.000335 0.000312 0.000286 0.000258 0.000229 0.000200 0.000171 0.000145 0.000121 0.000099 0.000080 0.000063 0.000049 0.000038 0.000029 0.000021 0.000016 0.000011 0.000008 0.000006 0.000004 0.000003 0.000002 0.000001 0.000001 0.000000 0.000000 0.000000 0.000000 0.000000 0.000000 0.000000 0.000000 0.000000 0.000000 0.000000 0.000000 0.000000 0.000000 0.000000 0.000000 0.000000 0.000000 0.000000 0.000000 0.000000 
0.000000 0.000000 0.000000 0.000000 0.000000 0.000000 0.000000 0.000000 0.000000 0.000000 0.000000 0.000000 0.000000 0.000000 0.000000 0.000000 0.000000 0.000000 0.000000 0.000000 0.000001 0.000001 0.000001 0.000002 0.000003 0.000005 0.000007 0.000011 0.000015 0.000021 0.000029 0.000040 0.000054 0.000071 0.000092 0.000118 0.000149 0.000185 0.000225 0.000271 0.000320 0.000372 0.000426 0.000480 0.000533 0.000582 0.000625 0.000661 0.000688 0.000704 0.000710 0.000704 0.000688 0.000661 0.000625 0.000582 0.000533 0.000480 0.000426 0.000372 0.000320 0.000271 0.000225 0.000185 0.000149 0.000118 0.000092 0.000071 0.000054 0.000040 0.000029 0.000021 0.000015 0.000011 0.000007 0.000005 0.000003 0.000002 0.000001 0.000001 0.000001 0.000000 0.000000 0.000000 0.000000 0.000000 0.000000 0.000000 0.000000 0.000000 0.000000 0.000000 0.000000 0.000000 0.000000 0.000000 0.000000 0.000000 0.000000 0.000000 
0.000000 0.000000 0.000000 0.000000 0.000000 0.000000 0.000000 0.000000 0.000000 0.000000 0.000000 0.000000 0.000000 0.000000 0.000000 0.000000 0.000000 0.000000 0.000000 0.000001 0.000001 0.000002 0.000003 0.000004 0.000006 0.000009 0.000014 0.000020 0.000028 0.000039 0.000054 0.000074 0.000099 0.000131 0.000170 0.000218 0.000274 0.000340 0.000414 0.000497 0.000588 0.000684 0.000783 0.000882 0.000978 0.001068 0.001147 0.001213 0.001262 0.001293 0.001303 0.001293 0.001262 0.001213 0.001147 0.001068 0.000978 0.000882 0.000783 0.000684 0.000588 0.000497 0.000414 0.000340 0.000274 0.000218 0.000170 0.000131 0.000099 0.000074 0.000054 0.000039 0.000028 0.000020 0.000014 0.000009 0.000006 0.000004 0.000003 0.000002 0.000001 0.000001 0.000000 0.000000 0.000000 0.000000 0.000000 0.000000 0.000000 0.000000 0.000000 0.000000 0.000000 0.000000 0.000000 0.000000 0.000000 0.000000 0.000000 0.000000 
0.000000 0.000000 0.000000 0.000000 0.000000 0.000000 0.000000 0.000000 0.000000 0.000000 0.000000 0.000000 0.000000 0.000000 0.000000 0.000000 0.000000 0.000000 0.000001 0.000001 0.000002 0.000003 0.000005 0.000007 0.000011 0.000017 0.000025 0.000036 0.000051 0.000072 0.000099 0.000135 0.000180 0.000238 0.000309 0.000395 0.000497 0.000616 0.000751 0.000902 0.001065 0.001239 0.001418 0.001597 0.001771 0.001933 0.002076 0.002195 0.002284 0.002339 0.002358 0.002339 0.002284 0.002195 0.002076 0.001933 0.001771 0.001597 0.001418 0.001239 0.001065 0.000902 0.000751 0.000616 0.000497 0.000395 0.000309 0.000238 0.000180 0.000135 0.000099 0.000072 0.000051 0.000036 0.000025 0.000017 0.000011 0.000007 0.000005 0.000003 0.000002 0.000001 0.000001 0.000000 0.000000 0.000000 0.000000 0.000000 0.000000 0.000000 0.000000 0.000000 0.000000 0.000000 0.000000 0.000000 0.000000 0.000000 0.000000 0.000000 
0.000000 0.000000 0.000000 0.000000 0.000000 0.000000 0.000000 0.000000 0.000000 0.000000 0.000000 0.000000 0.000000 0.000000 0.000000 0.000000 0.000000 0.000001 0.000001 0.000002 0.000003 0.000006 0.000009 0.000013 0.000020 0.000030 0.000044 0.000064 0.000091 0.000128 0.000177 0.000241 0.000323 0.000426 0.000553 0.000707 0.000889 0.001101 0.001342 0.001611 0.001902 0.002211 0.002531 0.002850 0.003160 0.003448 0.003704 0.003915 0.004074 0.004172 0.004205 0.004172 0.004074 0.003915 0.003704 0.003448 0.003160 0.002850 0.002531 0.002211 0.001902 0.001611 0.001342 0.001101 0.000889 0.000707 0.000553 0.000426 0.000323 0.000241 0.000177 0.000128 0.000091 0.000064 0.000044 0.000030 0.000020 0.000013 0.000009 0.000006 0.000003 0.000002 0.000001 0.000001 0.000000 0.000000 0.000000 0.000000 0.000000 0.000000 0.000000 0.000000 0.000000 0.000000 0.000000 0.000000 0.000000 0.000000 0.000000 0.000000 
0.000000 0.000000 0.000000 0.000000 0.000000 0.000000 0.000000 0.000000 0.000000 0.000000 0.000000 0.000000 0.000000 0.000000 0.000000 0.000000 0.000001 0.000001 0.000002 0.000004 0.000006 0.000010 0.000015 0.000024 0.000036 0.000053 0.000079 0.000114 0.000162 0.000227 0.000314 0.000426 0.000571 0.000752 0.000976 0.001246 0.001567 0.001940 0.002364 0.002836 0.003348 0.003892 0.004452 0.005014 0.005558 0.006064 0.006512 0.006884 0.007162 0.007334 0.007393 0.007334 0.007162 0.006884 0.006512 0.006064 0.005558 0.005014 0.004452 0.003892 0.003348 0.002836 0.002364 0.001940 0.001567 0.001246 0.000976 0.000752 0.000571 0.000426 0.000314 0.000227 0.000162 0.000114 0.000079 0.000053 0.000036 0.000024 0.000015 0.000010 0.000006 0.000004 0.000002 0.000001 0.000001 0.000000 0.000000 0.000000 0.000000 0.000000 0.000000 0.000000 0.000000 0.000000 0.000000 0.000000 0.000000 0.000000 0.000000 0.000000 
0.000000 0.000000 0.000000 0.000000 0.000000 0.000000 0.000000 0.000000 0.000000 0.000000 0.000000 0.000000 0.000000 0.000000 0.000000 0.000001 0.000001 0.000002 0.000004 0.000007 0.000011 0.000017 0.000027 0.000041 0.000063 0.000093 0.000137 0.000198 0.000282 0.000396 0.000546 0.000742 0.000993 0.001308 0.001696 0.002166 0.002723 0.003369 0.004104 0.004921 0.005809 0.006750 0.007721 0.008693 0.009634 0.010510 0.011286 0.011928 0.012410 0.012708 0.012809 0.012708 0.012410 0.011928 0.011286 0.010510 0.009634 0.008693 0.007721 0.006750 0.005809 0.004921 0.004104 0.003369 0.002723 0.002166 0.001696 0.001308 0.000993 0.000742 0.000546 0.000396 0.000282 0.000198 0.000137 0.000093 0.000063 0.000041 0.000027 0.000017 0.000011 0.000007 0.000004 0.000002 0.000001 0.000001 0.000000 0.000000 0.000000 0.000000 0.000000 0.000000 0.000000 0.000000 0.000000 0.000000 0.000000 0.000000 0.000000 0.000000 
0.000000 0.000000 0.000000 0.000000 0.000000 0.000000 0.000000 0.000000 0.000000 0.000000 0.000000 0.000000 0.000000 0.000000 0.000001 0.000002 0.000003 0.000004 0.000007 0.000012 0.000019 0.000030 0.000046 0.000071 0.000108 0.000161 0.000236 0.000341 0.000485 0.000679 0.000937 0.001273 0.001703 0.002242 0.002906 0.003709 0.004661 0.005765 0.007021 0.008417 0.009933 0.011539 0.013196 0.014854 0.016460 0.017954 0.019276 0.020372 0.021193 0.021701 0.021873 0.021701 0.021193 0.020372 0.019276 0.017954 0.016460 0.014854 0.013196 0.011539 0.009933 0.008417 0.007021 0.005765 0.004661 0.003709 0.002906 0.002242 0.001703 0.001273 0.000937 0.000679 0.000485 0.000341 0.000236 0.000161 0.000108 0.000071 0.000046 0.000030 0.000019 0.000012 0.000007 0.000004 0.000003 0.000002 0.000001 0.000000 0.000000 0.000000 0.000000 0.000000 0.000000 0.000000 0.000000 0.000000 0.000000 0.000000 0.000000 0.000000 
0.000000 0.000000 0.000000 0.000000 0.000000 0.000000 0.000000 0.000000 0.000000 0.000000 0.000000 0.000000 0.000000 0.000001 0.000001 0.000003 0.000004 0.000007 0.000012 0.000020 0.000032 0.000051 0.000079 0.000121 0.000183 0.000273 0.000400 0.000577 0.000821 0.001149 0.001585 0.002152 0.002877 0.003786 0.004907 0.006260 0.007863 0.009723 0.011837 0.014186 0.016737 0.019439 0.022225 0.025015 0.027714 0.030225 0.032448 0.034290 0.035669 0.036524 0.036813 0.036524 0.035669 0.034290 0.032448 0.030225 0.027714 0.025015 0.022225 0.019439 0.016737 0.014186 0.011837 0.009723 0.007863 0.006260 0.004907 0.003786 0.002877 0.002152 0.001585 0.001149 0.000821 0.000577 0.000400 0.000273 0.000183 0.000121 0.000079 0.000051 0.000032 0.000020 0.000012 0.000007 0.000004 0.000003 0.000001 0.000001 0.000000 0.000000 0.000000 0.000000 0.000000 0.000000 0.000000 0.000000 0.000000 0.000000 0.000000 0.000000 
0.000000 0.000000 0.000000 0.000000 0.000000 0.000000 0.000000 0.000000 0.000000 0.000000 0.000000 0.000000 0.000001 0.000001 0.000002 0.000004 0.000007 0.000012 0.000020 0.000033 0.000054 0.000085 0.000132 0.000202 0.000306 0.000455 0.000667 0.000963 0.001369 0.001917 0.002641 0.003584 0.004790 0.006301 0.008163 0.010410 0.013072 0.016159 0.019666 0.023563 0.027793 0.032273 0.036891 0.041513 0.045986 0.050146 0.053828 0.056879 0.059163 0.060578 0.061057 0.060578 0.059163 0.056879 0.053828 0.050146 0.045986 0.041513 0.036891 0.032273 0.027793 0.023563 0.019666 0.016159 0.013072 0.010410 0.008163 0.006301 0.004790 0.003584 0.002641 0.001917 0.001369 0.000963 0.000667 0.000455 0.000306 0.000202 0.000132 0.000085 0.000054 0.000033 0.000020 0.000012 0.000007 0.000004 0.000002 0.000001 0.000001 0.000000 0.000000 0.000000 0.000000 0.000000 0.000000 0.000000 0.000000 0.000000 0.000000 0.000000 
0.000000 0.000000 0.000000 0.000000 0.000000 0.000000 0.000000 0.000000 0.000000 0.000000 0.000000 0.000001 0.000001 0.000002 0.000004 0.000007 0.000012 0.000020 0.000034 0.000055 0.000088 0.000140 0.000218 0.000334 0.000504 0.000750 0.001098 0.001584 0.002251 0.003148 0.004337 0.005883 0.007858 0.010334 0.013381 0.017060 0.021414 0.026463 0.032197 0.038567 0.045479 0.052798 0.060342 0.067890 0.075194 0.081985 0.087997 0.092977 0.096705 0.099014 0.099796 0.099014 0.096705 0.092977 0.087997 0.081985 0.075194 0.067890 0.060342 0.052798 0.045479 0.038567 0.032197 0.026463 0.021414 0.017060 0.013381 0.010334 0.007858 0.005883 0.004337 0.003148 0.002251 0.001584 0.001098 0.000750 0.000504 0.000334 0.000218 0.000140 0.000088 0.000055 0.000034 0.000020 0.000012 0.000007 0.000004 0.000002 0.000001 0.000001 0.000000 0.000000 0.000000 0.000000 0.000000 0.000000 0.000000 0.000000 0.000000 0.000000 
0.000000 0.000000 0.000000 0.000000 0.000000 0.000000 0.000000 0.000000 0.000000 0.000000 0.000001 0.000001 0.000002 0.000004 0.000007 0.000012 0.000020 0.000033 0.000055 0.000090 0.000144 0.000227 0.000354 0.000542 0.000818 0.001216 0.001780 0.002567 0.003645 0.005096 0.007017 0.009514 0.012702 0.016698 0.021614 0.027546 0.034566 0.042704 0.051942 0.062202 0.073334 0.085117 0.097259 0.109408 0.121160 0.132087 0.141758 0.149768 0.155766 0.159479 0.160737 0.159479 0.155766 0.149768 0.141758 0.132087 0.121160 0.109408 0.097259 0.085117 0.073334 0.062202 0.051942 0.042704 0.034566 0.027546 0.021614 0.016698 0.012702 0.009514 0.007017 0.005096 0.003645 0.002567 0.001780 0.001216 0.000818 0.000542 0.000354 0.000227 0.000144 0.000090 0.000055 0.000033 0.000020 0.000012 0.000007 0.000004 0.000002 0.000001 0.000001 0.000000 0.000000 0.000000 0.000000 0.000000 0.000000 0.000000 0.000000 0.000000 
0.000000 0.000000 0.000000 0.000000 0.000000 0.000000 0.000000 0.000000 0.000000 0.000001 0.000001 0.000002 0.000003 0.000006 0.000011 0.000019 0.000032 0.000054 0.000088 0.000144 0.000231 0.000364 0.000566 0.000867 0.001308 0.001943 0.002843 0.004097 0.005815 0.008127 0.011185 0.015159 0.020231 0.026585 0.034399 0.043826 0.054976 0.067900 0.082568 0.098851 0.116516 0.135209 0.154469 0.173735 0.192370 0.209694 0.225025 0.237722 0.247228 0.253114 0.255107 0.253114 0.247228 0.237722 0.225025 0.209694 0.192370 0.173735 0.154469 0.135209 0.116516 0.098851 0.082568 0.067900 0.054976 0.043826 0.034399 0.026585 0.020231 0.015159 0.011185 0.008127 0.005815 0.004097 0.002843 0.001943 0.001308 0.000867 0.000566 0.000364 0.000231 0.000144 0.000088 0.000054 0.000032 0.000019 0.000011 0.000006 0.000003 0.000002 0.000001 0.000001 0.000000 0.000000 0.000000 0.000000 0.000000 0.000000 0.000000 0.000000 
0.000000 0.000000 0.000000 0.000000 0.000000 0.000000 0.000000 0.000000 0.000000 0.000001 0.000002 0.000003 0.000006 0.000010 0.000017 0.000030 0.000051 0.000085 0.000140 0.000227 0.000364 0.000574 0.000892 0.001366 0.002059 0.003058 0.004473 0.006443 0.009140 0.012768 0.017565 0.023797 0.031746 0.041702 0.053941 0.068700 0.086153 0.106376 0.129320 0.154787 0.182407 0.211629 0.241732 0.271838 0.300955 0.328020 0.351968 0.371800 0.386648 0.395841 0.398953 0.395841 0.386648 0.371800 0.351968 0.328020 0.300955 0.271838 0.241732 0.211629 0.182407 0.154787 0.129320 0.106376 0.086153 0.068700 0.053941 0.041702 0.031746 0.023797 0.017565 0.012768 0.009140 0.006443 0.004473 0.003058 0.002059 0.001366 0.000892 0.000574 0.000364 0.000227 0.000140 0.000085 0.000051 0.000030 0.000017 0.000010 0.000006 0.000003 0.000002 0.000001 0.000000 0.000000 0.000000 0.000000 0.000000 0.000000 0.000000 0.000000 
0.000000 0.000000 0.000000 0.000000 0.000000 0.000000 0.000000 0.000000 0.000001 0.000001 0.000003 0.000005 0.000009 0.000015 0.000027 0.000046 0.000079 0.000132 0.000218 0.000354 0.000566 0.000892 0.001386 0.002120 0.003195 0.004742 0.006933 0.009981 0.014152 0.019762 0.027176 0.036803 0.049078 0.064447 0.083334 0.106103 0.133018 0.164197 0.199562 0.238806 0.281357 0.326369 0.372728 0.419086 0.463911 0.505575 0.542437 0.572960 0.595811 0.609958 0.614748 0.609958 0.595811 0.572960 0.542437 0.505575 0.463911 0.419086 0.372728 0.326369 0.281357 0.238806 0.199562 0.164197 0.133018 0.106103 0.083334 0.064447 0.049078 0.036803 0.027176 0.019762 0.014152 0.009981 0.006933 0.004742 0.003195 0.002120 0.001386 0.000892 0.000566 0.000354 0.000218 0.000132 0.000079 0.000046 0.000027 0.000015 0.000009 0.000005 0.000003 0.000001 0.000001 0.000000 0.000000 0.000000 0.000000 0.000000 0.000000 0.000000 
0.000000 0.000000 0.000000 0.000000 0.000000 0.000000 0.000000 0.000001 0.000001 0.000002 0.000004 0.000007 0.000013 0.000024 0.000041 0.000071 0.000121 0.000202 0.000334 0.000542 0.000867 0.001366 0.002120 0.003242 0.004883 0.007244 0.010585 0.015232 0.021588 0.030133 0.041422 0.056073 0.074749 0.098123 0.126838 0.161444 0.202340 0.249701 0.303409 0.362992 0.427583 0.495895 0.566241 0.636572 0.704570 0.767763 0.823670 0.869958 0.904609 0.926060 0.933323 0.926060 0.904609 0.869958 0.823670 0.767763 0.704570 0.636572 0.566241 0.495895 0.427583 0.362992 0.303409 0.249701 0.202340 0.161444 0.126838 0.098123 0.074749 0.056073 0.041422 0.030133 0.021588 0.015232 0.010585 0.007244 0.004883 0.003242 0.002120 0.001366 0.000867 0.000542 0.000334 0.000202 0.000121 0.000071 0.000041 0.000024 0.000013 0.000007 0.000004 0.000002 0.000001 0.000001 0.000000 0.000000 0.000000 0.000000 0.000000 0.000000 
0.000000 0.000000 0.000000 0.000000 0.000000 0.000000 0.000000 0.000001 0.000002 0.000003 0.000006 0.000011 0.000020 0.000036 0.000063 0.000108 0.000183 0.000306 0.000504 0.000818 0.001308 0.002059 0.003195 0.004883 0.007351 0.010900 0.015919 0.022898 0.032440 0.045262 0.062195 0.084162 0.112154 0.147177 0.190188 0.242007 0.303228 0.374108 0.454467 0.543596 0.640196 0.742343 0.847511 0.952643 1.054274 1.148712 1.232252 1.301416 1.353188 1.385236 1.396087 1.385236 1.353188 1.301416 1.232252 1.148712 1.054274 0.952643 0.847511 0.742343 0.640196 0.543596 0.454467 0.374108 0.303228 0.242007 0.190188 0.147177 0.112154 0.084162 0.062195 0.045262 0.032440 0.022898 0.015919 0.010900 0.007351 0.004883 0.003195 0.002059 0.001308 0.000818 0.000504 0.000306 0.000183 0.000108 0.000063 0.000036 0.000020 0.000011 0.000006 0.000003 0.000002 0.000001 0.000000 0.000000 0.000000 0.000000 0.000000 0.000000 
0.000000 0.000000 0.000000 0.000000 0.000000 0.000000 0.000001 0.000001 0.000003 0.000005 0.000009 0.000017 0.000030 0.000053 0.000093 0.000161 0.000273 0.000455 0.000750 0.001216 0.001943 0.003058 0.004742 0.007244 0.010900 0.016155 0.023583 0.033908 0.048019 0.066972 0.091991 0.124439 0.165771 0.217469 0.280936 0.357381 0.447670 0.552178 0.670633 0.801988 0.944324 1.094807 1.249715 1.404546 1.554203 1.693253 1.816246 1.918065 1.994277 2.041453 2.057425 2.041453 1.994277 1.918065 1.816246 1.693253 1.554203 1.404546 1.249715 1.094807 0.944324 0.801988 0.670633 0.552178 0.447670 0.357381 0.280936 0.217469 0.165771 0.124439 0.091991 0.066972 0.048019 0.033908 0.023583 0.016155 0.010900 0.007244 0.004742 0.003058 0.001943 0.001216 0.000750 0.000455 0.000273 0.000161 0.000093 0.000053 0.000030 0.000017 0.000009 0.000005 0.000003 0.000001 0.000001 0.000000 0.000000 0.000000 0.000000 0.000000 
0.000000 0.000000 0.000000 0.000000 0.000000 0.000001 0.000001 0.000002 0.000004 0.000007 0.000014 0.000025 0.000044 0.000079 0.000137 0.000236 0.000400 0.000667 0.001098 0.001780 0.002843 0.004473 0.006933 0.010585 0.015919 0.023583 0.034412 0.049459 0.070013 0.097611 0.134028 0.181241 0.241363 0.316538 0.408801 0.519897 0.651079 0.802882 0.974905 1.165622 1.372243 1.590651 1.815447 2.040100 2.257218 2.458926 2.637327 2.785004 2.895535 2.963952 2.987117 2.963952 2.895535 2.785004 2.637327 2.458926 2.257218 2.040100 1.815447 1.590651 1.372243 1.165622 0.974905 0.802882 0.651079 0.519897 0.408801 0.316538 0.241363 0.181241 0.134028 0.097611 0.070013 0.049459 0.034412 0.023583 0.015919 0.010585 0.006933 0.004473 0.002843 0.001780 0.001098 0.000667 0.000400 0.000236 0.000137 0.000079 0.000044 0.000025 0.000014 0.000007 0.000004 0.000002 0.000001 0.000001 0.000000 0.000000 0.000000 0.000000 
0.000000 0.000000 0.000000 0.000000 0.000000 0.000001 0.000002 0.000003 0.000006 0.000011 0.000020 0.000036 0.000064 0.000114 0.000198 0.000341 0.000577 0.000963 0.001584 0.002567 0.004097 0.006443 0.009981 0.015232 0.022898 0.033908 0.049459 0.071056 0.100548 0.140132 0.192347 0.260020 0.346167 0.453851 0.585975 0.745027 0.932787 1.150010 1.396114 1.668907 1.964394 2.276685 2.598061 2.919188 3.229509 3.517776 3.772712 3.983729 4.141660 4.239415 4.272511 4.239415 4.141660 3.983729 3.772712 3.517776 3.229509 2.919188 2.598061 2.276685 1.964394 1.668907 1.396114 1.150010 0.932787 0.745027 0.585975 0.453851 0.346167 0.260020 0.192347 0.140132 0.100548 0.071056 0.049459 0.033908 0.022898 0.015232 0.009981 0.006443 0.004097 0.002567 0.001584 0.000963 0.000577 0.000341 0.000198 0.000114 0.000064 0.000036 0.000020 0.000011 0.000006 0.000003 0.000002 0.000001 0.000000 0.000000 0.000000 0.000000 
0.000000 0.000000 0.000000 0.000000 0.000001 0.000001 0.000002 0.000004 0.000008 0.000015 0.000028 0.000051 0.000091 0.000162 0.000282 0.000485 0.000821 0.001369 0.002251 0.003645 0.005815 0.009140 0.014152 0.021588 0.032440 0.048019 0.070013 0.100548 0.142228 0.198153 0.271899 0.367444 0.489037 0.640984 0.827365 1.051675 1.316408 1.622614 1.969459 2.353844 2.770131 3.210023 3.662645 4.114859 4.551805 4.957659 5.316557 5.613607 5.835916 5.973515 6.020100 5.973515 5.835916 5.613607 5.316557 4.957659 4.551805 4.114859 3.662645 3.210023 2.770131 2.353844 1.969459 1.622614 1.316408 1.051675 0.827365 0.640984 0.489037 0.367444 0.271899 0.198153 0.142228 0.100548 0.070013 0.048019 0.032440 0.021588 0.014152 0.009140 0.005815 0.003645 0.002251 0.001369 0.000821 0.000485 0.000282 0.000162 0.000091 0.000051 0.000028 0.000015 0.000008 0.000004 0.000002 0.000001 0.000001 0.000000 0.000000 0.000000 
0.000000 0.000000 0.000000 0.000000 0.000001 0.000002 0.000003 0.000006 0.000011 0.000021 0.000039 0.000072 0.000128 0.000227 0.000396 0.000679 0.001149 0.001917 0.003148 0.005096 0.008127 0.012768 0.019762 0.030133 0.045262 0.066972 0.097611 0.140132 0.198153 0.275977 0.378567 0.511443 0.680494 0.891688 1.150675 1.462290 1.829976 2.255172 2.736702 3.270253 3.847986 4.458384 5.086360 5.713692 6.319778 6.882685 7.380426 7.792367 8.100646 8.291449 8.356046 8.291449 8.100646 7.792367 7.380426 6.882685 6.319778 5.713692 5.086360 4.458384 3.847986 3.270253 2.736702 2.255172 1.829976 1.462290 1.150675 0.891688 0.680494 0.511443 0.378567 0.275977 0.198153 0.140132 0.097611 0.066972 0.045262 0.030133 0.019762 0.012768 0.008127 0.005096 0.003148 0.001917 0.001149 0.000679 0.000396 0.000227 0.000128 0.000072 0.000039 0.000021 0.000011 0.000006 0.000003 0.000002 0.000001 0.000000 0.000000 0.000000 
0.000000 0.000000 0.000000 0.000001 0.000001 0.000002 0.000004 0.000008 0.000016 0.000029 0.000054 0.000099 0.000177 0.000314 0.000546 0.000937 0.001585 0.002641 0.004337 0.007017 0.011185 0.017565 0.027176 0.041422 0.062195 0.091991 0.134028 0.192347 0.271899 0.378567 0.519137 0.701152 0.932656 1.221796 1.576280 2.002696 2.505731 3.087325 3.745850 4.475386 5.265207 6.099560 6.957827 7.815114 8.643281 9.412379 10.092390 10.655151 11.076276 11.336916 11.425155 11.336916 11.076276 10.655151 10.092390 9.412379 8.643281 7.815114 6.957827 6.099560 5.265207 4.475386 3.745850 3.087325 2.505731 2.002696 1.576280 1.221796 0.932656 0.701152 0.519137 0.378567 0.271899 0.192347 0.134028 0.091991 0.062195 0.041422 0.027176 0.017565 0.011185 0.007017 0.004337 0.002641 0.001585 0.000937 0.000546 0.000314 0.000177 0.000099 0.000054 0.000029 0.000016 0.000008 0.000004 0.000002 0.000001 0.000001 0.000000 0.000000 
0.000000 0.000000 0.000000 0.000001 0.000002 0.000003 0.000006 0.000011 0.000021 0.000040 0.000074 0.000135 0.000241 0.000426 0.000742 0.001273 0.002152 0.003584 0.005883 0.009514 0.015159 0.023797 0.036803 0.056073 0.084162 0.124439 0.181241 0.260020 0.367444 0.511443 0.701152 0.946726 1.258987 1.648893 2.126801 2.701558 3.379446 4.163047 5.050137 6.032720 7.096335 8.219763 9.375243 10.529273 11.643995 12.679122 13.594284 14.351606 14.918302 15.269028 15.387763 15.269028 14.918302 14.351606 13.594284 12.679122 11.643995 10.529273 9.375243 8.219763 7.096335 6.032720 5.050137 4.163047 3.379446 2.701558 2.126801 1.648893 1.258987 0.946726 0.701152 0.511443 0.367444 0.260020 0.181241 0.124439 0.084162 0.056073 0.036803 0.023797 0.015159 0.009514 0.005883 0.003584 0.002152 0.001273 0.000742 0.000426 0.000241 0.000135 0.000074 0.000040 0.000021 0.000011 0.000006 0.000003 0.000002 0.000001 0.000001 0.000001 
0.000000 0.000000 0.000001 0.000001 0.000002 0.000004 0.000008 0.000015 0.000029 0.000054 0.000099 0.000180 0.000323 0.000571 0.000993 0.001703 0.002877 0.004790 0.007858 0.012702 0.020231 0.031746 0.049078 0.074749 0.112154 0.165771 0.241363 0.346167 0.489037 0.680494 0.932656 1.258987 1.673832 2.191705 2.826320 3.589381 4.489180 5.529104 6.706166 8.009729 9.420588 10.910587 12.442914 13.973156 15.451137 16.823475 18.036686 19.040598 19.791785 20.256680 20.414064 20.256680 19.791785 19.040598 18.036686 16.823475 15.451137 13.973156 12.442914 10.910587 9.420588 8.009729 6.706166 5.529104 4.489180 3.589381 2.826320 2.191705 1.673832 1.258987 0.932656 0.680494 0.489037 0.346167 0.241363 0.165771 0.112154 0.074749 0.049078 0.031746 0.020231 0.012702 0.007858 0.004790 0.002877 0.001703 0.000993 0.000571 0.000323 0.000180 0.000099 0.000054 0.000029 0.000015 0.000008 0.000004 0.000002 0.000001 0.000001 0.000001 
0.000000 0.000000 0.000001 0.000001 0.000003 0.000005 0.000010 0.000020 0.000038 0.000071 0.000131 0.000238 0.000426 0.000752 0.001308 0.002242 0.003786 0.006301 0.010334 0.016698 0.026585 0.041702 0.064447 0.098123 0.147177 0.217469 0.316538 0.453851 0.640984 0.891688 1.221796 1.648893 2.191705 2.869174 3.699186 4.696990 5.873376 7.232720 8.771075 10.474501 12.317880 14.264416 16.266022 18.264702 20.194953 21.987098 23.571337 24.882204 25.863035 26.470036 26.675526 26.470036 25.863035 24.882204 23.571337 21.987098 20.194953 18.264702 16.266022 14.264416 12.317880 10.474501 8.771075 7.232720 5.873376 4.696990 3.699186 2.869174 2.191705 1.648893 1.221796 0.891688 0.640984 0.453851 0.316538 0.217469 0.147177 0.098123 0.064447 0.041702 0.026585 0.016698 0.010334 0.006301 0.003786 0.002242 0.001308 0.000752 0.000426 0.000238 0.000131 0.000071 0.000038 0.000020 0.000010 0.000005 0.000003 0.000001 0.000001 0.000001 
0.000001 0.000001 0.000001 0.000002 0.000004 0.000007 0.000014 0.000026 0.000049 0.000092 0.000170 0.000309 0.000553 0.000976 0.001696 0.002906 0.004907 0.008163 0.013381 0.021614 0.034399 0.053941 0.083334 0.126838 0.190188 0.280936 0.408801 0.585975 0.827365 1.150675 1.576280 2.126801 2.826320 3.699186 4.768374 6.053463 7.568281 9.318403 11.298689 13.491155 15.863444 18.368190 20.943522 23.514845 25.997926 28.303182 30.340885 32.026887 33.288361 34.069023 34.333299 34.069023 33.288361 32.026887 30.340885 28.303182 25.997926 23.514845 20.943522 18.368190 15.863444 13.491155 11.298689 9.318403 7.568281 6.053463 4.768374 3.699186 2.826320 2.126801 1.576280 1.150675 0.827365 0.585975 0.408801 0.280936 0.190188 0.126838 0.083334 0.053941 0.034399 0.021614 0.013381 0.008163 0.004907 0.002906 0.001696 0.000976 0.000553 0.000309 0.000170 0.000092 0.000049 0.000026 0.000014 0.000007 0.000004 0.000002 0.000001 0.000001 
0.000001 0.000001 0.000001 0.000002 0.000005 0.000009 0.000017 0.000033 0.000063 0.000118 0.000218 0.000395 0.000707 0.001246 0.002166 0.003709 0.006260 0.010410 0.017060 0.027546 0.043826 0.068700 0.106103 0.161444 0.242007 0.357381 0.519897 0.745027 1.051675 1.462290 2.002696 2.701558 3.589381 4.696990 6.053463 7.683557 9.604735 11.823991 14.334745 17.114144 20.121135 23.295667 26.559332 29.817624 32.963853 35.884570 38.466157 40.602074 42.200123 43.189052 43.523829 43.189052 42.200123 40.602074 38.466157 35.884570 32.963853 29.817624 26.559332 23.295667 20.121135 17.114144 14.334745 11.823991 9.604735 7.683557 6.053463 4.696990 3.589381 2.701558 2.002696 1.462290 1.051675 0.745027 0.519897 0.357381 0.242007 0.161444 0.106103 0.068700 0.043826 0.027546 0.017060 0.010410 0.006260 0.003709 0.002166 0.001246 0.000707 0.000395 0.000218 0.000118 0.000063 0.000033 0.000017 0.000009 0.000005 0.000002 0.000002 0.000002 
0.000001 0.000001 0.000002 0.000003 0.000006 0.000011 0.000022 0.000042 0.000080 0.000149 0.000274 0.000497 0.000889 0.001567 0.002723 0.004661 0.007863 0.013072 0.021414 0.034566 0.054976 0.086153 0.133018 0.202340 0.303228 0.447670 0.651079 0.932787 1.316408 1.829976 2.505731 3.379446 4.489180 5.873376 7.568281 9.604735 12.004460 14.776106 17.911380 21.381687 25.135728 29.098519 33.172192 37.238817 41.165289 44.810095 48.031527 50.696719 52.690697 53.924615 54.342323 53.924615 52.690697 50.696719 48.031527 44.810095 41.165289 37.238817 33.172192 29.098519 25.135728 21.381687 17.911380 14.776106 12.004460 9.604735 7.568281 5.873376 4.489180 3.379446 2.505731 1.829976 1.316408 0.932787 0.651079 0.447670 0.303228 0.202340 0.133018 0.086153 0.054976 0.034566 0.021414 0.013072 0.007863 0.004661 0.002723 0.001567 0.000889 0.000497 0.000274 0.000149 0.000080 0.000042 0.000022 0.000011 0.000006 0.000003 0.000002 0.000002 
0.000001 0.000001 0.000002 0.000004 0.000007 0.000014 0.000027 0.000052 0.000099 0.000185 0.000340 0.000616 0.001101 0.001940 0.003369 0.005765 0.009723 0.016159 0.026463 0.042704 0.067900 0.106376 0.164197 0.249701 0.374108 0.552178 0.802882 1.150010 1.622614 2.255172 3.087325 4.163047 5.529104 7.232720 9.318403 11.823991 14.776106 18.185290 22.041256 26.308768 30.924700 35.796833 40.804854 45.803818 50.630169 55.110037 59.069339 62.344865 64.795397 66.311811 66.825144 66.311811 64.795397 62.344865 59.069339 55.110037 50.630169 45.803818 40.804854 35.796833 30.924700 26.308768 22.041256 18.185290 14.776106 11.823991 9.318403 7.232720 5.529104 4.163047 3.087325 2.255172 1.622614 1.150010 0.802882 0.552178 0.374108 0.249701 0.164197 0.106376 0.067900 0.042704 0.026463 0.016159 0.009723 0.005765 0.003369 0.001940 0.001101 0.000616 0.000340 0.000185 0.000099 0.000052 0.000027 0.000014 0.000007 0.000004 0.000003 0.000003 
0.000002 0.000002 0.000002 0.000004 0.000009 0.000017 0.000033 0.000064 0.000121 0.000225 0.000414 0.000751 0.001342 0.002364 0.004104 0.007021 0.011837 0.019666 0.032197 0.051942 0.082568 0.129320 0.199562 0.303409 0.454467 0.670633 0.974905 1.396114 1.969459 2.736702 3.745850 5.050137 6.706166 8.771075 11.298689 14.334745 17.911380 22.041256 26.711815 31.880302 37.470213 43.369852 49.433542 55.485831 61.328763 66.751939 71.544718 75.509635 78.475843 80.311329 80.932669 80.311329 78.475843 75.509635 71.544718 66.751939 61.328763 55.485831 49.433542 43.369852 37.470213 31.880302 26.711815 22.041256 17.911380 14.334745 11.298689 8.771075 6.706166 5.050137 3.745850 2.736702 1.969459 1.396114 0.974905 0.670633 0.454467 0.303409 0.199562 0.129320 0.082568 0.051942 0.032197 0.019666 0.011837 0.007021 0.004104 0.002364 0.001342 0.000751 0.000414 0.000225 0.000121 0.000064 0.000033 0.000017 0.000009 0.000005 0.000003 0.000003 
0.000002 0.000002 0.000003 0.000005 0.000010 0.000021 0.000040 0.000077 0.000145 0.000271 0.000497 0.000902 0.001611 0.002836 0.004921 0.008417 0.014186 0.023563 0.038567 0.062202 0.098851 0.154787 0.238806 0.362992 0.543596 0.801988 1.165622 1.668907 2.353844 3.270253 4.475386 6.032720 8.009729 10.474501 13.491155 17.114144 21.381687 26.308768 31.880302 38.045201 44.712160 51.747940 58.978821 66.195625 73.162385 79.628330 85.342427 90.069364 93.605561 95.793719 96.534438 95.793719 93.605561 90.069364 85.342427 79.628330 73.162385 66.195625 58.978821 51.747940 44.712160 38.045201 31.880302 26.308768 21.381687 17.114144 13.491155 10.474501 8.009729 6.032720 4.475386 3.270253 2.353844 1.668907 1.165622 0.801988 0.543596 0.362992 0.238806 0.154787 0.098851 0.062202 0.038567 0.023563 0.014186 0.008417 0.004921 0.002836 0.001611 0.000902 0.000497 0.000271 0.000145 0.000077 0.000040 0.000021 0.000011 0.000006 0.000004 0.000004 
0.000002 0.000002 0.000003 0.000006 0.000012 0.000024 0.000047 0.000091 0.000171 0.000320 0.000588 0.001065 0.001902 0.003348 0.005809 0.009933 0.016737 0.027793 0.045479 0.073334 0.116516 0.182407 0.281357 0.427583 0.640196 0.944324 1.372243 1.964394 2.770131 3.847986 5.265207 7.096335 9.420588 12.317880 15.863444 20.121135 25.135728 30.924700 37.470213 44.712160 52.543225 60.806883 69.299110 77.774289 85.955389 93.548032 100.257562 105.807793 109.959797 112.528970 113.398661 112.528970 109.959797 105.807793 100.257562 93.548032 85.955389 77.774289 69.299110 60.806883 52.543225 44.712160 37.470213 30.924700 25.135728 20.121135 15.863444 12.317880 9.420588 7.096335 5.265207 3.847986 2.770131 1.964394 1.372243 0.944324 0.640196 0.427583 0.281357 0.182407 0.116516 0.073334 0.045479 0.027793 0.016737 0.009933 0.005809 0.003348 0.001902 0.001065 0.000588 0.000320 0.000171 0.000091 0.000047 0.000024 0.000013 0.000007 0.000004 0.000004 
0.000003 0.000003 0.000004 0.000007 0.000014 0.000028 0.000055 0.000106 0.000200 0.000372 0.000684 0.001239 0.002211 0.003892 0.006750 0.011539 0.019439 0.032273 0.052798 0.085117 0.135209 0.211629 0.326369 0.495895 0.742343 1.094807 1.590651 2.276685 3.210023 4.458384 6.099560 8.219763 10.910587 14.264416 18.368190 23.295667 29.098519 35.796833 43.369852 51.747940 60.806883 70.365590 80.188079 89.990309 99.451957 108.232677 115.991830 122.410148 127.211450 130.182354 131.188027 130.182354 127.211450 122.410148 115.991830 108.232677 99.451957 89.990309 80.188079 70.365590 60.806883 51.747940 43.369852 35.796833 29.098519 23.295667 18.368190 14.264416 10.910587 8.219763 6.099560 4.458384 3.210023 2.276685 1.590651 1.094807 0.742343 0.495895 0.326369 0.211629 0.135209 0.085117 0.052798 0.032273 0.019439 0.011539 0.006750 0.003892 0.002211 0.001239 0.000684 0.000372 0.000200 0.000106 0.000055 0.000028 0.000015 0.000008 0.000005 0.000005 
0.000003 0.000003 0.000004 0.000008 0.000017 0.000032 0.000063 0.000121 0.000229 0.000426 0.000783 0.001418 0.002531 0.004452 0.007721 0.013196 0.022225 0.036891 0.060342 0.097259 0.154469 0.241732 0.372728 0.566241 0.847511 1.249715 1.815447 2.598061 3.662645 5.086360 6.957827 9.375243 12.442914 16.266022 20.943522 26.559332 33.172192 40.804854 49.433542 58.978821 69.299110 80.188079 91.376919 102.542132 113.318941 123.319803 132.156871 139.466654 144.934725 148.318165 149.463477 148.318165 144.934725 139.466654 132.156871 123.319803 113.318941 102.542132 91.376919 80.188079 69.299110 58.978821 49.433542 40.804854 33.172192 26.559332 20.943522 16.266022 12.442914 9.375243 6.957827 5.086360 3.662645 2.598061 1.815447 1.249715 0.847511 0.566241 0.372728 0.241732 0.154469 0.097259 0.060342 0.036891 0.022225 0.013196 0.007721 0.004452 0.002531 0.001418 0.000783 0.000426 0.000229 0.000121 0.000063 0.000033 0.000017 0.000009 0.000006 0.000006 
