0.000000 0.000000 0.000000 0.000000 0.000000 0.000000 0.000000 0.000000 0.000000 0.000000 0.000000 0.000000 0.000000 0.000000 0.000000 0.000000 0.000000 0.000000 0.000000 0.000000 0.000000 0.000000 0.000000 0.000000 0.000000 0.000000 0.000000 0.000000 0.000000 0.000000 0.000000 0.000000 0.000000 0.000000 0.000000 0.000000 0.000000 0.000000 0.000000 0.000000 0.000000 0.000000 0.000000 0.000000 0.000000 0.000000 0.000000 0.000000 0.000000 0.000000 0.000000 0.000000 0.000000 0.000000 0.000000 0.000000 0.000000 0.000000 0.000000 0.000000 0.000000 0.000000 0.000000 0.000000 0.000000 0.000000 0.000000 0.000000 0.000000 0.000000 0.000000 0.000000 0.000000 0.000000 0.000000 0.000000 0.000000 0.000000 0.000000 0.000000 0.000000 0.000000 0.000000 0.000000 0.000000 0.000000 0.000000 0.000000 0.000000 0.000000 0.000000 0.000000 0.000000 0.000000 0.000000 0.000000 0.000000 0.000000 0.000000 0.000000 
0.000000 0.000000 0.000000 0.000000 0.000000 0.000000 0.000000 0.000000 0.000000 0.000000 0.000000 0.000000 0.000000 0.000000 0.000000 0.000000 0.000000 0.000000 0.000000 0.000000 0.000000 0.000000 0.000000 0.000000 0.000000 0.000000 0.000000 0.000000 0.000000 0.000000 0.000000 0.000000 0.000000 0.000000 0.000000 0.000000 0.000000 0.000000 0.000000 0.000000 0.000000 0.000000 0.000000 0.000000 0.000000 0.000000 0.000000 0.000000 0.000000 0.000000 0.000000 0.000000 0.000000 0.000000 0.000000 0.000000 0.000000 0.000000 0.000000 0.000000 0.000000 0.000000 0.000000 0.000000 0.000000 0.000000 0.000000 0.000000 0.000000 0.000000 0.000000 0.000000 0.000000 0.000000 0.000000 0.000000 0.000000 0.000000 0.000000 0.000000 0.000000 0.000000 0.000000 0.000000 0.000000 0.000000 0.000000 0.000000 0.000000 0.000000 0.000000 0.000000 0.000000 0.000000 0.000000 0.000000 0.000000 0.000000 0.000000 0.000000 
0.000000 0.000000 0.000000 0.000000 0.000000 0.000000 0.000000 0.000000 0.000000 0.000000 0.000000 0.000000 0.000000 0.000000 0.000000 0.000000 0.000000 0.000000 0.000000 0.000000 0.000000 0.000000 0.000000 0.000000 0.000000 0.000000 0.000000 0.000000 0.000000 0.000000 0.000000 0.000000 0.000000 0.000000 0.000000 0.000000 0.000000 0.000000 0.000000 0.000000 0.000000 0.000000 0.000000 0.000000 0.000000 0.000000 0.000000 0.000000 0.000000 0.000000 0.000000 0.000000 0.000000 0.000000 0.000000 0.000000 0.000000 0.000000 0.000000 0.000000 0.000000 0.000000 0.000000 0.000000 0.000000 0.000000 0.000000 0.000000 0.000000 0.000000 0.000000 0.000000 0.000000 0.000000 0.000000 0.000000 0.000000 0.000000 0.000000 0.000000 0.000000 0.000000 0.000000 0.000000 0.000000 0.000000 0.000000 0.000000 0.000000 0.000000 0.000000 0.000000 0.000000 0.000000 0.000000 0.000000 0.000000 0.000000 0.000000 0.000000 
0.000000 0.000000 0.000000 0.000000 0.000000 0.000000 0.000000 0.000000 0.000000 0.000000 0.000000 0.000000 0.000000 0.000000 0.000000 0.000000 0.000000 0.000000 0.000000 0.000000 0.000000 0.000000 0.000000 0.000000 0.000000 0.000000 0.000000 0.000000 0.000000 0.000000 0.000000 0.000000 0.000000 0.000000 0.000000 0.000000 0.000000 0.000000 0.000000 0.000000 0.000000 0.000000 0.000000 0.000000 0.000000 0.000000 0.000000 0.000000 0.000000 0.000000 0.000000 0.000000 0.000000 0.000000 0.000000 0.000000 0.000000 0.000000 0.000000 0.000000 0.000000 0.000000 0.000000 0.000000 0.000000 0.000000 0.000000 0.000000 0.000000 0.000000 0.000000 0.000000 0.000000 0.000000 0.000000 0.000000 0.000000 0.000000 0.000000 0.000000 0.000000 0.000000 0.000000 0.000000 0.000000 0.000000 0.000000 0.000000 0.000000 0.000000 0.000000 0.000000 0.000000 0.000000 0.000000 0.000000 0.000000 0.000000 0.000000 0.000000 
0.000000 0.000000 0.000000 0.000000 0.000000 0.000000 0.000000 0.000000 0.000000 0.000000 0.000000 0.000000 0.000000 0.000000 0.000000 0.000000 0.000000 0.000000 0.000000 0.000000 0.000000 0.000000 0.000000 0.000000 0.000000 0.000000 0.000000 0.000000 0.000000 0.000000 0.000000 0.000000 0.000000 0.000000 0.000000 0.000000 0.000000 0.000000 0.000000 0.000000 0.000000 0.000000 0.000000 0.000000 0.000000 0.000000 0.000000 0.000000 0.000000 0.000000 0.000000 0.000000 0.000000 0.000000 0.000000 0.000000 0.000000 0.000000 0.000000 0.000000 0.000000 0.000000 0.000000 0.000000 0.000000 0.000000 0.000000 0.000000 0.000000 0.000000 0.000000 0.000000 0.000000 0.000000 0.000000 0.000000 0.000000 0.000000 0.000000 0.000000 0.000000 0.000000 0.000000 0.000000 0.000000 0.000000 0.000000 0.000000 0.000000 0.000000 0.000000 0.000000 0.000000 0.000000 0.000000 0.000000 0.000000 0.000000 0.000000 0.000000 
0.000000 0.000000 0.000000 0.000000 0.000000 0.000000 0.000000 0.000000 0.000000 0.000000 0.000000 0.000000 0.000000 0.000000 0.000000 0.000000 0.000000 0.000000 0.000000 0.000000 0.000000 0.000000 0.000000 0.000000 0.000000 0.000000 0.000000 0.000000 0.000000 0.000000 0.000000 0.000000 0.000000 0.000000 0.000000 0.000000 0.000000 0.000000 0.000000 0.000000 0.000000 0.000000 0.000000 0.000000 0.000000 0.000000 0.000000 0.000000 0.000000 0.000000 0.000000 0.000000 0.000000 0.000000 0.000000 0.000000 0.000000 0.000000 0.000000 0.000000 0.000000 0.000000 0.000000 0.000000 0.000000 0.000000 0.000000 0.000000 0.000000 0.000000 0.000000 0.000000 0.000000 0.000000 0.000000 0.000000 0.000000 0.000000 0.000000 0.000000 0.000000 0.000000 0.000000 0.000000 0.000000 0.000000 0.000000 0.000000 0.000000 0.000000 0.000000 0.000000 0.000000 0.000000 0.000000 0.000000 0.000000 0.000000 0.000000 0.000000 
0.000000 0.000000 0.000000 0.000000 0.000000 0.000000 0.000000 0.000000 0.000000 0.000000 0.000000 0.000000 0.000000 0.000000 0.000000 0.000000 0.000000 0.000000 0.000000 0.000000 0.000000 0.000000 0.000000 0.000000 0.000000 0.000000 0.000000 0.000000 0.000000 0.000000 0.000000 0.000000 0.000000 0.000000 0.000000 0.000000 0.000000 0.000000 0.000000 0.000000 0.000000 0.000000 0.000000 0.000000 0.000000 0.000000 0.000000 0.000000 0.000000 0.000000 0.000000 0.000000 0.000000 0.000000 0.000000 0.000000 0.000000 0.000000 0.000000 0.000000 0.000000 0.000000 0.000000 0.000000 0.000000 0.000000 0.000000 0.000000 0.000000 0.000000 0.000000 0.000000 0.000000 0.000000 0.000000 0.000000 0.000000 0.000000 0.000000 0.000000 0.000000 0.000000 0.000000 0.000000 0.000000 0.000000 0.000000 0.000000 0.000000 0.000000 0.000000 0.000000 0.000000 0.000000 0.000000 0.000000 0.000000 0.000000 0.000000 0.000000 
0.000000 0.000000 0.000000 0.000000 0.000000 0.000000 0.000000 0.000000 0.000000 0.000000 0.000000 0.000000 0.000000 0.000000 0.000000 0.000000 0.000000 0.000000 0.000000 0.000000 0.000000 0.000000 0.000000 0.000000 0.000000 0.000000 0.000000 0.000000 0.000000 0.000000 0.000000 0.000000 0.000000 0.000000 0.000000 0.000000 0.000000 0.000000 0.000000 0.000000 0.000000 0.000000 0.000000 0.000000 0.000000 0.000000 0.000000 0.000000 0.000000 0.000000 0.000000 0.000000 0.000000 0.000000 0.000000 0.000000 0.000000 0.000000 0.000000 0.000000 0.000000 0.000000 0.000000 0.000000 0.000000 0.000000 0.000000 0.000000 0.000000 0.000000 0.000000 0.000000 0.000000 0.000000 0.000000 0.000000 0.000000 0.000000 0.000000 0.000000 0.000000 0.000000 0.000000 0.000000 0.000000 0.000000 0.000000 0.000000 0.000000 0.000000 0.000000 0.000000 0.000000 0.000000 0.000000 0.000000 0.000000 0.000000 0.000000 0.000000 
0.000000 0.000000 0.000000 0.000000 0.000000 0.000000 0.000000 0.000000 0.000000 0.000000 0.000000 0.000000 0.000000 0.000000 0.000000 0.000000 0.000000 0.000000 0.000000 0.000000 0.000000 0.000000 0.000000 0.000000 0.000000 0.000000 0.000000 0.000000 0.000000 0.000000 0.000000 0.000000 0.000000 0.000000 0.000000 0.000000 0.000000 0.000000 0.000000 0.000000 0.000000 0.000000 0.000000 0.000000 0.000000 0.000000 0.000000 0.000000 0.000000 0.000000 0.000000 0.000000 0.000000 0.000000 0.000000 0.000000 0.000000 0.000000 0.000000 0.000000 0.000000 0.000000 0.000000 0.000000 0.000000 0.000000 0.000000 0.000000 0.000000 0.000000 0.000000 0.000000 0.000000 0.000000 0.000000 0.000000 0.000000 0.000000 0.000000 0.000000 0.000000 0.000000 0.000000 0.000000 0.000000 0.000000 0.000000 0.000000 0.000000 0.000000 0.000000 0.000000 0.000000 0.000000 0.000000 0.000000 0.000000 0.000000 0.000000 0.000000 
0.000000 0.000000 0.000000 0.000000 0.000000 0.000000 0.000000 0.000000 0.000000 0.000000 0.000000 0.000000 0.000000 0.000000 0.000000 0.000000 0.000000 0.000000 0.000000 0.000000 0.000000 0.000000 0.000000 0.000000 0.000000 0.000000 0.000000 0.000000 0.000000 0.000000 0.000000 0.000000 0.000000 0.000000 0.000000 0.000000 0.000000 0.000000 0.000000 0.000000 0.000000 0.000000 0.000000 0.000000 0.000000 0.000000 0.000000 0.000000 0.000000 0.000000 0.000000 0.000000 0.000000 0.000000 0.000000 0.000000 0.000000 0.000000 0.000000 0.000000 0.000000 0.000000 0.000000 0.000000 0.000000 0.000000 0.000000 0.000000 0.000000 0.000000 0.000000 0.000000 0.000000 0.000000 0.000000 0.000000 0.000000 0.000000 0.000000 0.000000 0.000000 0.000000 0.000000 0.000000 0.000000 0.000000 0.000000 0.000000 0.000000 0.000000 0.000000 0.000000 0.000000 0.000000 0.000000 0.000000 0.000000 0.000000 0.000000 0.000000 
0.000000 0.000000 0.000000 0.000000 0.000000 0.000000 0.000000 0.000000 0.000000 0.000000 0.000000 0.000000 0.000000 0.000000 0.000000 0.000000 0.000000 0.000000 0.000000 0.000000 0.000000 0.000000 0.000000 0.000000 0.000000 0.000000 0.000000 0.000000 0.000000 0.000000 0.000000 0.000000 0.000000 0.000000 0.000000 0.000000 0.000000 0.000000 0.000000 0.000000 0.000000 0.000000 0.000000 0.000000 0.000000 0.000000 0.000000 0.000000 0.000000 0.000000 0.000000 0.000000 0.000000 0.000000 0.000000 0.000000 0.000000 0.000000 0.000000 0.000000 0.000000 0.000000 0.000000 0.000000 0.000000 0.000000 0.000000 0.000000 0.000000 0.000000 0.000000 0.000000 0.000000 0.000000 0.000000 0.000000 0.000000 0.000000 0.000000 0.000000 0.000000 0.000000 0.000000 0.000000 0.000000 0.000000 0.000000 0.000000 0.000000 0.000000 0.000000 0.000000 0.000000 0.000000 0.000000 0.000000 0.000000 0.000000 0.000000 0.000000 
0.000000 0.000000 0.000000 0.000000 0.000000 0.000000 0.000000 0.000000 0.000000 0.000000 0.000000 0.000000 0.000000 0.000000 0.000000 0.000000 0.000000 0.000000 0.000000 0.000000 0.000000 0.000000 0.000000 0.000000 0.000000 0.000000 0.000000 0.000000 0.000000 0.000000 0.000000 0.000000 0.000000 0.000000 0.000000 0.000000 0.000000 0.000000 0.000000 0.000000 0.000000 0.000000 0.000000 0.000000 0.000000 0.000000 0.000000 0.000000 0.000000 0.000000 0.000000 0.000000 0.000000 0.000000 0.000000 0.000000 0.000000 0.000000 0.000000 0.000000 0.000000 0.000000 0.000000 0.000000 0.000000 0.000000 0.000000 0.000000 0.000000 0.000000 0.000000 0.000000 0.000000 0.000000 0.000000 0.000000 0.000000 0.000000 0.000000 0.000000 0.000000 0.000000 0.000000 0.000000 0.000000 0.000000 0.000000 0.000000 0.000000 0.000000 0.000000 0.000000 0.000000 0.000000 0.000000 0.000000 0.000000 0.000000 0.000000 0.000000 
0.000000 0.000000 0.000000 0.000000 0.000000 0.000000 0.000000 0.000000 0.000000 0.000000 0.000000 0.000000 0.000000 0.000000 0.000000 0.000000 0.000000 0.000000 0.000000 0.000000 0.000000 0.000000 0.000000 0.000000 0.000000 0.000000 0.000000 0.000000 0.000000 0.000000 0.000000 0.000000 0.000000 0.000000 0.000000 0.000000 0.000000 0.000000 0.000000 0.000000 0.000000 0.000000 0.000000 0.000001 0.000001 0.000001 0.000001 0.000001 0.000001 0.000001 0.000001 0.000001 0.000001 0.000001 0.000001 0.000001 0.000001 0.000001 0.000000 0.000000 0.000000 0.000000 0.000000 0.000000 0.000000 0.000000 0.000000 0.000000 0.000000 0.000000 0.000000 0.000000 0.000000 0.000000 0.000000 0.000000 0.000000 0.000000 0.000000 0.000000 0.000000 0.000000 0.000000 0.000000 0.000000 0.000000 0.000000 0.000000 0.000000 0.000000 0.000000 0.000000 0.000000 0.000000 0.000000 0.000000 0.000000 0.000000 0.000000 0.000000 
0.000000 0.000000 0.000000 0.000000 0.000000 0.000000 0.000000 0.000000 0.000000 0.000000 0.000000 0.000000 0.000000 0.000000 0.000000 0.000000 0.000000 0.000000 0.000000 0.000000 0.000000 0.000000 0.000000 0.000000 0.000000 0.000000 0.000000 0.000000 0.000000 0.000000 0.000000 0.000000 0.000000 0.000000 0.000000 0.000000 0.000000 0.000000 0.000000 0.000001 0.000001 0.000001 0.000001 0.000002 0.000002 0.000002 0.000003 0.000003 0.000003 0.000003 0.000003 0.000003 0.000003 0.000003 0.000003 0.000002 0.000002 0.000002 0.000001 0.000001 0.000001 0.000001 0.000000 0.000000 0.000000 0.000000 0.000000 0.000000 0.000000 0.000000 0.000000 0.000000 0.000000 0.000000 0.000000 0.000000 0.000000 0.000000 0.000000 0.000000 0.000000 0.000000 0.000000 0.000000 0.000000 0.000000 0.000000 0.000000 0.000000 0.000000 0.000000 0.000000 0.000000 0.000000 0.000000 0.000000 0.000000 0.000000 0.000000 0.000000 
0.000000 0.000000 0.000000 0.000000 0.000000 0.000000 0.000000 0.000000 0.000000 0.000000 0.000000 0.000000 0.000000 0.000000 0.000000 0.000000 0.000000 0.000000 0.000000 0.000000 0.000000 0.000000 0.000000 0.000000 0.000000 0.000000 0.000000 0.000000 0.000000 0.000000 0.000000 0.000000 0.000000 0.000000 0.000000 0.000000 0.000000 0.000001 0.000001 0.000001 0.000002 0.000003 0.000003 0.000004 0.000005 0.000006 0.000007 0.000008 0.000009 0.000009 0.000009 0.000009 0.000009 0.000008 0.000007 0.000006 0.000005 0.000004 0.000003 0.000003 0.000002 0.000001 0.000001 0.000001 0.000000 0.000000 0.000000 0.000000 0.000000 0.000000 0.000000 0.000000 0.000000 0.000000 0.000000 0.000000 0.000000 0.000000 0.000000 0.000000 0.000000 0.000000 0.000000 0.000000 0.000000 0.000000 0.000000 0.000000 0.000000 0.000000 0.000000 0.000000 0.000000 0.000000 0.000000 0.000000 0.000000 0.000000 0.000000 0.000000 
0.000000 0.000000 0.000000 0.000000 0.000000 0.000000 0.000000 0.000000 0.000000 0.000000 0.000000 0.000000 0.000000 0.000000 0.000000 0.000000 0.000000 0.000000 0.000000 0.000000 0.000000 0.000000 0.000000 0.000000 0.000000 0.000000 0.000000 0.000000 0.000000 0.000000 0.000000 0.000000 0.000000 0.000000 0.000000 0.000001 0.000001 0.000002 0.000003 0.000004 0.000005 0.000007 0.000009 0.000011 0.000013 0.000016 0.000018 0.000020 0.000022 0.000023 0.000024 0.000023 0.000022 0.000020 0.000018 0.000016 0.000013 0.000011 0.000009 0.000007 0.000005 0.000004 0.000003 0.000002 0.000001 0.000001 0.000000 0.000000 0.000000 0.000000 0.000000 0.000000 0.000000 0.000000 0.000000 0.000000 0.000000 0.000000 0.000000 0.000000 0.000000 0.000000 0.000000 0.000000 0.000000 0.000000 0.000000 0.000000 0.000000 0.000000 0.000000 0.000000 0.000000 0.000000 0.000000 0.000000 0.000000 0.000000 0.000000 0.000000 
0.000000 0.000000 0.000000 0.000000 0.000000 0.000000 0.000000 0.000000 0.000000 0.000000 0.000000 0.000000 0.000000 0.000000 0.000000 0.000000 0.000000 0.000000 0.000000 0.000000 0.000000 0.000000 0.000000 0.000000 0.000000 0.000000 0.000000 0.000000 0.000000 0.000000 0.000000 0.000000 0.000000 0.000001 0.000001 0.000002 0.000003 0.000004 0.000007 0.000009 0.000013 0.000017 0.000022 0.000028 0.000034 0.000040 0.000046 0.000051 0.000056 0.000058 0.000059 0.000058 0.000056 0.000051 0.000046 0.000040 0.000034 0.000028 0.000022 0.000017 0.000013 0.000009 0.000007 0.000004 0.000003 0.000002 0.000001 0.000001 0.000000 0.000000 0.000000 0.000000 0.000000 0.000000 0.000000 0.000000 0.000000 0.000000 0.000000 0.000000 0.000000 0.000000 0.000000 0.000000 0.000000 0.000000 0.000000 0.000000 0.000000 0.000000 0.000000 0.000000 0.000000 0.000000 0.000000 0.000000 0.000000 0.000000 0.000000 0.000000 
0.000000 0.000000 0.000000 0.000000 0.000000 0.000000 0.000000 0.000000 0.000000 0.000000 0.000000 0.000000 0.000000 0.000000 0.000000 0.000000 0.000000 0.000000 0.000000 0.000000 0.000000 0.000000 0.000000 0.000000 0.000000 0.000000 0.000000 0.000000 0.000000 0.000000 0.000000 0.000001 0.000001 0.000002 0.000003 0.000005 0.000007 0.000011 0.000016 0.000023 0.000032 0.000042 0.000055 0.000069 0.000084 0.000099 0.000114 0.000126 0.000136 0.000143 0.000145 0.000143 0.000136 0.000126 0.000114 0.000099 0.000084 0.000069 0.000055 0.000042 0.000032 0.000023 0.000016 0.000011 0.000007 0.000005 0.000003 0.000002 0.000001 0.000001 0.000000 0.000000 0.000000 0.000000 0.000000 0.000000 0.000000 0.000000 0.000000 0.000000 0.000000 0.000000 0.000000 0.000000 0.000000 0.000000 0.000000 0.000000 0.000000 0.000000 0.000000 0.000000 0.000000 0.000000 0.000000 0.000000 0.000000 0.000000 0.000000 0.000000 
0.000000 0.000000 0.000000 0.000000 0.000000 0.000000 0.000000 0.000000 0.000000 0.000000 0.000000 0.000000 0.000000 0.000000 0.000000 0.000000 0.000000 0.000000 0.000000 0.000000 0.000000 0.000000 0.000000 0.000000 0.000000 0.000000 0.000000 0.000000 0.000000 0.000000 0.000001 0.000002 0.000003 0.000004 0.000007 0.000012 0.000018 0.000027 0.000039 0.000055 0.000076 0.000102 0.000131 0.000165 0.000201 0.000237 0.000272 0.000303 0.000326 0.000342 0.000347 0.000342 0.000326 0.000303 0.000272 0.000237 0.000201 0.000165 0.000131 0.000102 0.000076 0.000055 0.000039 0.000027 0.000018 0.000012 0.000007 0.000004 0.000003 0.000002 0.000001 0.000000 0.000000 0.000000 0.000000 0.000000 0.000000 0.000000 0.000000 0.000000 0.000000 0.000000 0.000000 0.000000 0.000000 0.000000 0.000000 0.000000 0.000000 0.000000 0.000000 0.000000 0.000000 0.000000 0.000000 0.000000 0.000000 0.000000 0.000000 0.000000 
0.000000 0.000000 0.000000 0.000000 0.000000 0.000000 0.000000 0.000000 0.000000 0.000000 0.000000 0.000000 0.000000 0.000000 0.000000 0.000000 0.000000 0.000000 0.000000 0.000000 0.000000 0.000000 0.000000 0.000000 0.000000 0.000000 0.000000 0.000000 0.000001 0.000001 0.000002 0.000004 0.000006 0.000011 0.000017 0.000027 0.000042 0.000063 0.000092 0.000131 0.000179 0.000238 0.000308 0.000386 0.000470 0.000555 0.000636 0.000707 0.000762 0.000798 0.000810 0.000798 0.000762 0.000707 0.000636 0.000555 0.000470 0.000386 0.000308 0.000238 0.000179 0.000131 0.000092 0.000063 0.000042 0.000027 0.000017 0.000011 0.000006 0.000004 0.000002 0.000001 0.000001 0.000000 0.000000 0.000000 0.000000 0.000000 0.000000 0.000000 0.000000 0.000000 0.000000 0.000000 0.000000 0.000000 0.000000 0.000000 0.000000 0.000000 0.000000 0.000000 0.000000 0.000000 0.000000 0.000000 0.000000 0.000000 0.000000 0.000000 
0.000000 0.000000 0.000000 0.000000 0.000000 0.000000 0.000000 0.000000 0.000000 0.000000 0.000000 0.000000 0.000000 0.000000 0.000000 0.000000 0.000000 0.000000 0.000000 0.000000 0.000000 0.000000 0.000000 0.000000 0.000000 0.000000 0.000000 0.000001 0.000001 0.000003 0.000005 0.000008 0.000015 0.000025 0.000040 0.000063 0.000098 0.000146 0.000212 0.000300 0.000410 0.000546 0.000704 0.000882 0.001073 0.001266 0.001449 0.001610 0.001736 0.001817 0.001844 0.001817 0.001736 0.001610 0.001449 0.001266 0.001073 0.000882 0.000704 0.000546 0.000410 0.000300 0.000212 0.000146 0.000098 0.000063 0.000040 0.000025 0.000015 0.000008 0.000005 0.000003 0.000001 0.000001 0.000000 0.000000 0.000000 0.000000 0.000000 0.000000 0.000000 0.000000 0.000000 0.000000 0.000000 0.000000 0.000000 0.000000 0.000000 0.000000 0.000000 0.000000 0.000000 0.000000 0.000000 0.000000 0.000000 0.000000 0.000000 0.000000 
0.000000 0.000000 0.000000 0.000000 0.000000 0.000000 0.000000 0.000000 0.000000 0.000000 0.000000 0.000000 0.000000 0.000000 0.000000 0.000000 0.000000 0.000000 0.000000 0.000000 0.000000 0.000000 0.000000 0.000000 0.000000 0.000000 0.000001 0.000002 0.000003 0.000006 0.000011 0.000019 0.000033 0.000055 0.000090 0.000143 0.000220 0.000328 0.000476 0.000670 0.000917 0.001218 0.001570 0.001965 0.002387 0.002815 0.003221 0.003578 0.003857 0.004034 0.004095 0.004034 0.003857 0.003578 0.003221 0.002815 0.002387 0.001965 0.001570 0.001218 0.000917 0.000670 0.000476 0.000328 0.000220 0.000143 0.000090 0.000055 0.000033 0.000019 0.000011 0.000006 0.000003 0.000002 0.000001 0.000000 0.000000 0.000000 0.000000 0.000000 0.000000 0.000000 0.000000 0.000000 0.000000 0.000000 0.000000 0.000000 0.000000 0.000000 0.000000 0.000000 0.000000 0.000000 0.000000 0.000000 0.000000 0.000000 0.000000 0.000000 
0.000000 0.000000 0.000000 0.000000 0.000000 0.000000 0.000000 0.000000 0.000000 0.000000 0.000000 0.000000 0.000000 0.000000 0.000000 0.000000 0.000000 0.000000 0.000000 0.000000 0.000000 0.000000 0.000000 0.000000 0.000000 0.000001 0.000002 0.000004 0.000007 0.000013 0.000024 0.000042 0.000073 0.000122 0.000199 0.000314 0.000481 0.000718 0.001040 0.001462 0.001998 0.002650 0.003413 0.004268 0.005180 0.006104 0.006982 0.007752 0.008353 0.008736 0.008868 0.008736 0.008353 0.007752 0.006982 0.006104 0.005180 0.004268 0.003413 0.002650 0.001998 0.001462 0.001040 0.000718 0.000481 0.000314 0.000199 0.000122 0.000073 0.000042 0.000024 0.000013 0.000007 0.000004 0.000002 0.000001 0.000000 0.000000 0.000000 0.000000 0.000000 0.000000 0.000000 0.000000 0.000000 0.000000 0.000000 0.000000 0.000000 0.000000 0.000000 0.000000 0.000000 0.000000 0.000000 0.000000 0.000000 0.000000 0.000000 0.000000 
0.000000 0.000000 0.000000 0.000000 0.000000 0.000000 0.000000 0.000000 0.000000 0.000000 0.000000 0.000000 0.000000 0.000000 0.000000 0.000000 0.000000 0.000000 0.000000 0.000000 0.000000 0.000000 0.000000 0.000000 0.000001 0.000002 0.000004 0.000008 0.000015 0.000028 0.000052 0.000091 0.000157 0.000262 0.000425 0.000671 0.001028 0.001530 0.002213 0.003109 0.004242 0.005621 0.007232 0.009035 0.010959 0.012906 0.014754 0.016373 0.017638 0.018444 0.018721 0.018444 0.017638 0.016373 0.014754 0.012906 0.010959 0.009035 0.007232 0.005621 0.004242 0.003109 0.002213 0.001530 0.001028 0.000671 0.000425 0.000262 0.000157 0.000091 0.000052 0.000028 0.000015 0.000008 0.000004 0.000002 0.000001 0.000000 0.000000 0.000000 0.000000 0.000000 0.000000 0.000000 0.000000 0.000000 0.000000 0.000000 0.000000 0.000000 0.000000 0.000000 0.000000 0.000000 0.000000 0.000000 0.000000 0.000000 0.000000 0.000000 
0.000000 0.000000 0.000000 0.000000 0.000000 0.000000 0.000000 0.000000 0.000000 0.000000 0.000000 0.000000 0.000000 0.000000 0.000000 0.000000 0.000000 0.000000 0.000000 0.000000 0.000000 0.000000 0.000000 0.000001 0.000002 0.000004 0.000009 0.000017 0.000032 0.000060 0.000109 0.000192 0.000329 0.000548 0.000888 0.001398 0.002139 0.003179 0.004592 0.006442 0.008779 0.011620 0.014937 0.018645 0.022599 0.026596 0.030389 0.033711 0.036304 0.037956 0.038523 0.037956 0.036304 0.033711 0.030389 0.026596 0.022599 0.018645 0.014937 0.011620 0.008779 0.006442 0.004592 0.003179 0.002139 0.001398 0.000888 0.000548 0.000329 0.000192 0.000109 0.000060 0.000032 0.000017 0.000009 0.000004 0.000002 0.000001 0.000000 0.000000 0.000000 0.000000 0.000000 0.000000 0.000000 0.000000 0.000000 0.000000 0.000000 0.000000 0.000000 0.000000 0.000000 0.000000 0.000000 0.000000 0.000000 0.000000 0.000000 0.000000 
0.000000 0.000000 0.000000 0.000000 0.000000 0.000000 0.000000 0.000000 0.000000 0.000000 0.000000 0.000000 0.000000 0.000000 0.000000 0.000000 0.000000 0.000000 0.000000 0.000000 0.000000 0.000000 0.000001 0.000002 0.000004 0.000009 0.000018 0.000035 0.000066 0.000123 0.000223 0.000393 0.000672 0.001117 0.001806 0.002839 0.004336 0.006436 0.009282 0.013006 0.017704 0.023409 0.030062 0.037495 0.045414 0.053414 0.061001 0.067643 0.072828 0.076129 0.077262 0.076129 0.072828 0.067643 0.061001 0.053414 0.045414 0.037495 0.030062 0.023409 0.017704 0.013006 0.009282 0.006436 0.004336 0.002839 0.001806 0.001117 0.000672 0.000393 0.000223 0.000123 0.000066 0.000035 0.000018 0.000009 0.000004 0.000002 0.000001 0.000000 0.000000 0.000000 0.000000 0.000000 0.000000 0.000000 0.000000 0.000000 0.000000 0.000000 0.000000 0.000000 0.000000 0.000000 0.000000 0.000000 0.000000 0.000000 0.000000 0.000000 
0.000000 0.000000 0.000000 0.000000 0.000000 0.000000 0.000000 0.000000 0.000000 0.000000 0.000000 0.000000 0.000000 0.000000 0.000000 0.000000 0.000000 0.000000 0.000000 0.000000 0.000000 0.000001 0.000002 0.000004 0.000009 0.000018 0.000036 0.000070 0.000133 0.000247 0.000446 0.000782 0.001335 0.002217 0.003578 0.005614 0.008562 0.012691 0.018280 0.025583 0.034785 0.045948 0.058955 0.073472 0.088928 0.104532 0.119324 0.132268 0.142368 0.148796 0.151003 0.148796 0.142368 0.132268 0.119324 0.104532 0.088928 0.073472 0.058955 0.045948 0.034785 0.025583 0.018280 0.012691 0.008562 0.005614 0.003578 0.002217 0.001335 0.000782 0.000446 0.000247 0.000133 0.000070 0.000036 0.000018 0.000009 0.000004 0.000002 0.000001 0.000000 0.000000 0.000000 0.000000 0.000000 0.000000 0.000000 0.000000 0.000000 0.000000 0.000000 0.000000 0.000000 0.000000 0.000000 0.000000 0.000000 0.000000 0.000000 0.000000 
0.000000 0.000000 0.000000 0.000000 0.000000 0.000000 0.000000 0.000000 0.000000 0.000000 0.000000 0.000000 0.000000 0.000000 0.000000 0.000000 0.000000 0.000000 0.000000 0.000000 0.000001 0.000002 0.000004 0.000008 0.000017 0.000035 0.000070 0.000136 0.000260 0.000481 0.000866 0.001517 0.002585 0.004284 0.006903 0.010814 0.016468 0.024376 0.035066 0.049018 0.066580 0.087860 0.112633 0.140261 0.169657 0.199314 0.227414 0.251992 0.271165 0.283365 0.287553 0.283365 0.271165 0.251992 0.227414 0.199314 0.169657 0.140261 0.112633 0.087860 0.066580 0.049018 0.035066 0.024376 0.016468 0.010814 0.006903 0.004284 0.002585 0.001517 0.000866 0.000481 0.000260 0.000136 0.000070 0.000035 0.000017 0.000008 0.000004 0.000002 0.000001 0.000000 0.000000 0.000000 0.000000 0.000000 0.000000 0.000000 0.000000 0.000000 0.000000 0.000000 0.000000 0.000000 0.000000 0.000000 0.000000 0.000000 0.000000 0.000000 
0.000000 0.000000 0.000000 0.000000 0.000000 0.000000 0.000000 0.000000 0.000000 0.000000 0.000000 0.000000 0.000000 0.000000 0.000000 0.000000 0.000000 0.000000 0.000000 0.000001 0.000001 0.000003 0.000007 0.000015 0.000032 0.000066 0.000133 0.000260 0.000493 0.000911 0.001637 0.002863 0.004871 0.008059 0.012965 0.020282 0.030843 0.045595 0.065511 0.091476 0.124121 0.163641 0.209609 0.260833 0.315297 0.370215 0.422222 0.467694 0.503155 0.525715 0.533459 0.525715 0.503155 0.467694 0.422222 0.370215 0.315297 0.260833 0.209609 0.163641 0.124121 0.091476 0.065511 0.045595 0.030843 0.020282 0.012965 0.008059 0.004871 0.002863 0.001637 0.000911 0.000493 0.000260 0.000133 0.000066 0.000032 0.000015 0.000007 0.000003 0.000001 0.000001 0.000000 0.000000 0.000000 0.000000 0.000000 0.000000 0.000000 0.000000 0.000000 0.000000 0.000000 0.000000 0.000000 0.000000 0.000000 0.000000 0.000000 0.000000 
0.000000 0.000000 0.000000 0.000000 0.000000 0.000000 0.000000 0.000000 0.000000 0.000000 0.000000 0.000000 0.000000 0.000000 0.000000 0.000000 0.000000 0.000000 0.000000 0.000001 0.000003 0.000006 0.000013 0.000028 0.000060 0.000123 0.000247 0.000481 0.000911 0.001679 0.003013 0.005261 0.008935 0.014759 0.023709 0.037035 0.056247 0.083044 0.119180 0.166238 0.225344 0.296831 0.379912 0.472423 0.570721 0.669783 0.763550 0.845505 0.909399 0.950040 0.963988 0.950040 0.909399 0.845505 0.763550 0.669783 0.570721 0.472423 0.379912 0.296831 0.225344 0.166238 0.119180 0.083044 0.056247 0.037035 0.023709 0.014759 0.008935 0.005261 0.003013 0.001679 0.000911 0.000481 0.000247 0.000123 0.000060 0.000028 0.000013 0.000006 0.000003 0.000001 0.000000 0.000000 0.000000 0.000000 0.000000 0.000000 0.000000 0.000000 0.000000 0.000000 0.000000 0.000000 0.000000 0.000000 0.000000 0.000000 0.000000 0.000000 
0.000000 0.000000 0.000000 0.000000 0.000000 0.000000 0.000000 0.000000 0.000000 0.000000 0.000000 0.000000 0.000000 0.000000 0.000000 0.000000 0.000000 0.000000 0.000001 0.000002 0.000005 0.000011 0.000024 0.000052 0.000109 0.000223 0.000446 0.000866 0.001637 0.003013 0.005398 0.009408 0.015952 0.026309 0.042203 0.065834 0.099857 0.147257 0.211100 0.294152 0.398367 0.524300 0.670539 0.833262 1.006055 1.180097 1.344764 1.488636 1.600771 1.672084 1.696557 1.672084 1.600771 1.488636 1.344764 1.180097 1.006055 0.833262 0.670539 0.524300 0.398367 0.294152 0.211100 0.147257 0.099857 0.065834 0.042203 0.026309 0.015952 0.009408 0.005398 0.003013 0.001637 0.000866 0.000446 0.000223 0.000109 0.000052 0.000024 0.000011 0.000005 0.000002 0.000001 0.000000 0.000000 0.000000 0.000000 0.000000 0.000000 0.000000 0.000000 0.000000 0.000000 0.000000 0.000000 0.000000 0.000000 0.000000 0.000000 0.000000 
0.000000 0.000000 0.000000 0.000000 0.000000 0.000000 0.000000 0.000000 0.000000 0.000000 0.000000 0.000000 0.000000 0.000000 0.000000 0.000000 0.000000 0.000001 0.000002 0.000004 0.000008 0.000019 0.000042 0.000091 0.000192 0.000393 0.000782 0.001517 0.002863 0.005261 0.009408 0.016370 0.027714 0.045643 0.073115 0.113907 0.172564 0.254187 0.364006 0.506723 0.685639 0.901657 1.152317 1.431041 1.726838 2.024621 2.306245 2.552217 2.743883 2.865752 2.907571 2.865752 2.743883 2.552217 2.306245 2.024621 1.726838 1.431041 1.152317 0.901657 0.685639 0.506723 0.364006 0.254187 0.172564 0.113907 0.073115 0.045643 0.027714 0.016370 0.009408 0.005261 0.002863 0.001517 0.000782 0.000393 0.000192 0.000091 0.000042 0.000019 0.000008 0.000004 0.000002 0.000001 0.000000 0.000000 0.000000 0.000000 0.000000 0.000000 0.000000 0.000000 0.000000 0.000000 0.000000 0.000000 0.000000 0.000000 0.000000 0.000000 
0.000000 0.000000 0.000000 0.000000 0.000000 0.000000 0.000000 0.000000 0.000000 0.000000 0.000000 0.000000 0.000000 0.000000 0.000000 0.000000 0.000000 0.000001 0.000003 0.000006 0.000015 0.000033 0.000073 0.000157 0.000329 0.000672 0.001335 0.002585 0.004871 0.008935 0.015952 0.027714 0.046850 0.077052 0.123267 0.191803 0.290237 0.427056 0.610949 0.849699 1.148742 1.509509 1.927825 2.392678 2.885725 3.381841 3.850845 4.260344 4.579355 4.782162 4.851750 4.782162 4.579355 4.260344 3.850845 3.381841 2.885725 2.392678 1.927825 1.509509 1.148742 0.849699 0.610949 0.427056 0.290237 0.191803 0.123267 0.077052 0.046850 0.027714 0.015952 0.008935 0.004871 0.002585 0.001335 0.000672 0.000329 0.000157 0.000073 0.000033 0.000015 0.000006 0.000003 0.000001 0.000000 0.000000 0.000000 0.000000 0.000000 0.000000 0.000000 0.000000 0.000000 0.000000 0.000000 0.000000 0.000000 0.000000 0.000000 0.000000 
0.000000 0.000000 0.000000 0.000000 0.000000 0.000000 0.000000 0.000000 0.000000 0.000000 0.000000 0.000000 0.000000 0.000000 0.000000 0.000000 0.000001 0.000002 0.000004 0.000011 0.000025 0.000055 0.000122 0.000262 0.000548 0.001117 0.002217 0.004284 0.008059 0.014759 0.026309 0.045643 0.077052 0.126555 0.202211 0.314271 0.475033 0.698250 0.997971 1.386748 1.873296 2.459824 3.139446 3.894212 4.694328 5.499052 6.259508 6.923276 7.440251 7.768861 7.881604 7.768861 7.440251 6.923276 6.259508 5.499052 4.694328 3.894212 3.139446 2.459824 1.873296 1.386748 0.997971 0.698250 0.475033 0.314271 0.202211 0.126555 0.077052 0.045643 0.026309 0.014759 0.008059 0.004284 0.002217 0.001117 0.000548 0.000262 0.000122 0.000055 0.000025 0.000011 0.000004 0.000002 0.000001 0.000000 0.000000 0.000000 0.000000 0.000000 0.000000 0.000000 0.000000 0.000000 0.000000 0.000000 0.000000 0.000000 0.000000 0.000000 
0.000000 0.000000 0.000000 0.000000 0.000000 0.000000 0.000000 0.000000 0.000000 0.000000 0.000000 0.000000 0.000000 0.000000 0.000000 0.000000 0.000001 0.000003 0.000007 0.000017 0.000040 0.000090 0.000199 0.000425 0.000888 0.001806 0.003578 0.006903 0.012965 0.023709 0.042203 0.073115 0.123267 0.202211 0.322716 0.501001 0.756497 1.110899 1.586321 2.202475 2.972971 3.901126 4.975900 6.168819 7.432772 8.703453 9.903796 10.951219 11.766823 12.285180 12.463011 12.285180 11.766823 10.951219 9.903796 8.703453 7.432772 6.168819 4.975900 3.901126 2.972971 2.202475 1.586321 1.110899 0.756497 0.501001 0.322716 0.202211 0.123267 0.073115 0.042203 0.023709 0.012965 0.006903 0.003578 0.001806 0.000888 0.000425 0.000199 0.000090 0.000040 0.000017 0.000007 0.000003 0.000001 0.000000 0.000000 0.000000 0.000000 0.000000 0.000000 0.000000 0.000000 0.000000 0.000000 0.000000 0.000000 0.000000 0.000000 0.000000 
0.000000 0.000000 0.000000 0.000000 0.000000 0.000000 0.000000 0.000000 0.000000 0.000000 0.000000 0.000000 0.000000 0.000000 0.000000 0.000001 0.000002 0.000005 0.000012 0.000027 0.000063 0.000143 0.000314 0.000671 0.001398 0.002839 0.005614 0.010814 0.020282 0.037035 0.065834 0.113907 0.191803 0.314271 0.501001 0.776971 1.172058 1.719571 2.453405 3.403694 4.591138 6.020587 7.674832 9.509919 11.453352 13.406330 15.250572 16.859422 18.111940 18.907868 19.180906 18.907868 18.111940 16.859422 15.250572 13.406330 11.453352 9.509919 7.674832 6.020587 4.591138 3.403694 2.453405 1.719571 1.172058 0.776971 0.501001 0.314271 0.191803 0.113907 0.065834 0.037035 0.020282 0.010814 0.005614 0.002839 0.001398 0.000671 0.000314 0.000143 0.000063 0.000027 0.000012 0.000005 0.000002 0.000001 0.000000 0.000000 0.000000 0.000000 0.000000 0.000000 0.000000 0.000000 0.000000 0.000000 0.000000 0.000000 0.000000 0.000000 
0.000000 0.000000 0.000000 0.000000 0.000000 0.000000 0.000000 0.000000 0.000000 0.000000 0.000000 0.000000 0.000000 0.000000 0.000000 0.000001 0.000003 0.000007 0.000018 0.000042 0.000098 0.000220 0.000481 0.001028 0.002139 0.004336 0.008562 0.016468 0.030843 0.056247 0.099857 0.172564 0.290237 0.475033 0.756497 1.172058 1.766426 2.589376 3.691474 5.117565 6.898311 9.040615 11.518397 14.265648 17.173800 20.095112 22.852891 25.258061 27.130169 28.319669 28.727694 28.319669 27.130169 25.258061 22.852891 20.095112 17.173800 14.265648 11.518397 9.040615 6.898311 5.117565 3.691474 2.589376 1.766426 1.172058 0.756497 0.475033 0.290237 0.172564 0.099857 0.056247 0.030843 0.016468 0.008562 0.004336 0.002139 0.001028 0.000481 0.000220 0.000098 0.000042 0.000018 0.000007 0.000003 0.000001 0.000000 0.000000 0.000000 0.000000 0.000000 0.000000 0.000000 0.000000 0.000000 0.000000 0.000000 0.000000 0.000000 0.000000 
0.000000 0.000000 0.000000 0.000000 0.000000 0.000000 0.000000 0.000000 0.000000 0.000000 0.000000 0.000000 0.000000 0.000000 0.000001 0.000002 0.000004 0.000011 0.000027 0.000063 0.000146 0.000328 0.000718 0.001530 0.003179 0.006436 0.012691 0.024376 0.045595 0.083044 0.147257 0.254187 0.427056 0.698250 1.110899 1.719571 2.589376 3.792700 5.402959 7.485123 10.083408 13.207387 16.818640 20.820724 25.055435 29.307786 33.320895 36.820051 39.543193 41.273217 41.866618 41.273217 39.543193 36.820051 33.320895 29.307786 25.055435 20.820724 16.818640 13.207387 10.083408 7.485123 5.402959 3.792700 2.589376 1.719571 1.110899 0.698250 0.427056 0.254187 0.147257 0.083044 0.045595 0.024376 0.012691 0.006436 0.003179 0.001530 0.000718 0.000328 0.000146 0.000063 0.000027 0.000011 0.000004 0.000002 0.000001 0.000000 0.000000 0.000000 0.000000 0.000000 0.000000 0.000000 0.000000 0.000000 0.000000 0.000000 0.000000 0.000000 
0.000000 0.000000 0.000000 0.000000 0.000000 0.000000 0.000000 0.000000 0.000000 0.000000 0.000000 0.000000 0.000000 0.000000 0.000001 0.000003 0.000007 0.000016 0.000039 0.000092 0.000212 0.000476 0.001040 0.002213 0.004592 0.009282 0.018280 0.035066 0.065511 0.119180 0.211100 0.364006 0.610949 0.997971 1.586321 2.453405 3.691474 5.402959 7.691599 10.649005 14.337254 18.769282 23.890070 29.562553 35.562434 41.585308 47.267752 52.221355 56.075747 58.524186 59.363958 58.524186 56.075747 52.221355 47.267752 41.585308 35.562434 29.562553 23.890070 18.769282 14.337254 10.649005 7.691599 5.402959 3.691474 2.453405 1.586321 0.997971 0.610949 0.364006 0.211100 0.119180 0.065511 0.035066 0.018280 0.009282 0.004592 0.002213 0.001040 0.000476 0.000212 0.000092 0.000039 0.000016 0.000007 0.000003 0.000001 0.000000 0.000000 0.000000 0.000000 0.000000 0.000000 0.000000 0.000000 0.000000 0.000000 0.000000 0.000000 0.000000 
0.000000 0.000000 0.000000 0.000000 0.000000 0.000000 0.000000 0.000000 0.000000 0.000000 0.000000 0.000000 0.000000 0.000001 0.000001 0.000004 0.000009 0.000023 0.000055 0.000131 0.000300 0.000670 0.001462 0.003109 0.006442 0.013006 0.025583 0.049018 0.091476 0.166238 0.294152 0.506723 0.849699 1.386748 2.202475 3.403694 5.117565 7.485123 10.649005 14.734929 19.827741 25.944474 33.008546 40.830492 49.100944 57.400548 65.229036 72.052032 77.360181 80.731750 81.888080 80.731750 77.360181 72.052032 65.229036 57.400548 49.100944 40.830492 33.008546 25.944474 19.827741 14.734929 10.649005 7.485123 5.117565 3.403694 2.202475 1.386748 0.849699 0.506723 0.294152 0.166238 0.091476 0.049018 0.025583 0.013006 0.006442 0.003109 0.001462 0.000670 0.000300 0.000131 0.000055 0.000023 0.000009 0.000004 0.000001 0.000001 0.000000 0.000000 0.000000 0.000000 0.000000 0.000000 0.000000 0.000000 0.000000 0.000000 0.000000 0.000000 
0.000000 0.000000 0.000000 0.000000 0.000000 0.000000 0.000000 0.000000 0.000000 0.000000 0.000000 0.000000 0.000000 0.000001 0.000002 0.000005 0.000013 0.000032 0.000076 0.000179 0.000410 0.000917 0.001998 0.004242 0.008779 0.017704 0.034785 0.066580 0.124121 0.225344 0.398367 0.685639 1.148742 1.873296 2.972971 4.591138 6.898311 10.083408 14.337254 19.827741 26.667754 34.879155 44.358345 54.850607 65.940871 77.067110 87.559331 96.702220 103.814199 108.331082 109.880142 108.331082 103.814199 96.702220 87.559331 77.067110 65.940871 54.850607 44.358345 34.879155 26.667754 19.827741 14.337254 10.083408 6.898311 4.591138 2.972971 1.873296 1.148742 0.685639 0.398367 0.225344 0.124121 0.066580 0.034785 0.017704 0.008779 0.004242 0.001998 0.000917 0.000410 0.000179 0.000076 0.000032 0.000013 0.000005 0.000002 0.000001 0.000000 0.000000 0.000000 0.000000 0.000000 0.000000 0.000000 0.000000 0.000000 0.000000 0.000000 0.000000 
0.000000 0.000000 0.000000 0.000000 0.000000 0.000000 0.000000 0.000000 0.000000 0.000000 0.000000 0.000000 0.000000 0.000001 0.000003 0.000007 0.000017 0.000042 0.000102 0.000238 0.000546 0.001218 0.002650 0.005621 0.011620 0.023409 0.045948 0.087860 0.163641 0.296831 0.524300 0.901657 1.509509 2.459824 3.901126 6.020587 9.040615 13.207387 18.769282 25.944474 34.879155 45.600686 57.972861 71.662672 86.128449 100.637469 114.316810 126.234926 135.504492 141.391178 143.409925 141.391178 135.504492 126.234926 114.316810 100.637469 86.128449 71.662672 57.972861 45.600686 34.879155 25.944474 18.769282 13.207387 9.040615 6.020587 3.901126 2.459824 1.509509 0.901657 0.524300 0.296831 0.163641 0.087860 0.045948 0.023409 0.011620 0.005621 0.002650 0.001218 0.000546 0.000238 0.000102 0.000042 0.000017 0.000007 0.000003 0.000001 0.000000 0.000000 0.000000 0.000000 0.000000 0.000000 0.000000 0.000000 0.000000 0.000000 0.000000 0.000000 
0.000000 0.000000 0.000000 0.000000 0.000000 0.000000 0.000000 0.000000 0.000000 0.000000 0.000000 0.000000 0.000000 0.000001 0.000003 0.000009 0.000022 0.000055 0.000131 0.000308 0.000704 0.001570 0.003413 0.007232 0.014937 0.030062 0.058955 0.112633 0.209609 0.379912 0.670539 1.152317 1.927825 3.139446 4.975900 7.674832 11.518397 16.818640 23.890070 33.008546 44.358345 57.972861 73.678079 91.050649 109.403066 127.806161 145.153609 160.265265 172.017335 179.479981 182.039082 179.479981 172.017335 160.265265 145.153609 127.806161 109.403066 91.050649 73.678079 57.972861 44.358345 33.008546 23.890070 16.818640 11.518397 7.674832 4.975900 3.139446 1.927825 1.152317 0.670539 0.379912 0.209609 0.112633 0.058955 0.030062 0.014937 0.007232 0.003413 0.001570 0.000704 0.000308 0.000131 0.000055 0.000022 0.000009 0.000003 0.000001 0.000000 0.000000 0.000000 0.000000 0.000000 0.000000 0.000000 0.000000 0.000000 0.000000 0.000000 0.000000 
0.000000 0.000000 0.000000 0.000000 0.000000 0.000000 0.000000 0.000000 0.000000 0.000000 0.000000 0.000000 0.000001 0.000002 0.000004 0.000011 0.000028 0.000069 0.000165 0.000386 0.000882 0.001965 0.004268 0.009035 0.018645 0.037495 0.073472 0.140261 0.260833 0.472423 0.833262 1.431041 2.392678 3.894212 6.168819 9.509919 14.265648 20.820724 29.562553 40.830492 54.850607 71.662672 91.050649 112.491228 135.135799 157.838338 179.235019 197.871529 212.363357 221.565151 224.720536 221.565151 212.363357 197.871529 179.235019 157.838338 135.135799 112.491228 91.050649 71.662672 54.850607 40.830492 29.562553 20.820724 14.265648 9.509919 6.168819 3.894212 2.392678 1.431041 0.833262 0.472423 0.260833 0.140261 0.073472 0.037495 0.018645 0.009035 0.004268 0.001965 0.000882 0.000386 0.000165 0.000069 0.000028 0.000011 0.000004 0.000002 0.000001 0.000000 0.000000 0.000000 0.000000 0.000000 0.000000 0.000000 0.000000 0.000000 0.000000 0.000000 
