0.000000 0.000000 0.000000 0.000000 0.000000 0.000000 0.000000 0.000000 0.000000 0.000000 0.000000 0.000000 0.000000 0.000000 0.000000 0.000000 0.000000 0.000000 0.000000 0.000000 0.000000 0.000000 0.000000 0.000000 0.000000 0.000000 0.000000 0.000000 0.000000 0.000000 0.000000 0.000000 0.000000 0.000000 0.000000 0.000000 0.000000 0.000000 0.000000 0.000000 0.000000 0.000000 0.000000 0.000001 0.000001 0.000001 0.000001 0.000001 0.000001 0.000001 0.000001 0.000001 0.000001 0.000001 0.000001 0.000001 0.000001 0.000001 0.000000 0.000000 0.000000 0.000000 0.000000 0.000000 0.000000 0.000000 0.000000 0.000000 0.000000 0.000000 0.000000 0.000000 0.000000 0.000000 0.000000 0.000000 0.000000 0.000000 0.000000 0.000000 0.000000 0.000000 0.000000 0.000000 0.000000 0.000000 0.000000 0.000000 0.000000 0.000000 0.000000 0.000000 0.000000 0.000000 0.000000 0.000000 0.000000 0.000000 0.000000 0.000000 
0.000000 0.000000 0.000000 0.000000 0.000000 0.000000 0.000000 0.000000 0.000000 0.000000 0.000000 0.000000 0.000000 0.000000 0.000000 0.000000 0.000000 0.000000 0.000000 0.000000 0.000000 0.000000 0.000000 0.000000 0.000000 0.000000 0.000000 0.000000 0.000000 0.000000 0.000000 0.000000 0.000000 0.000000 0.000000 0.000000 0.000000 0.000000 0.000000 0.000000 0.000000 0.000000 0.000000 0.000001 0.000001 0.000001 0.000001 0.000001 0.000001 0.000001 0.000001 0.000001 0.000001 0.000001 0.000001 0.000001 0.000001 0.000001 0.000000 0.000000 0.000000 0.000000 0.000000 0.000000 0.000000 0.000000 0.000000 0.000000 0.000000 0.000000 0.000000 0.000000 0.000000 0.000000 0.000000 0.000000 0.000000 0.000000 0.000000 0.000000 0.000000 0.000000 0.000000 0.000000 0.000000 0.000000 0.000000 0.000000 0.000000 0.000000 0.000000 0.000000 0.000000 0.000000 0.000000 0.000000 0.000000 0.000000 0.000000 0.000000 
0.000000 0.000000 0.000000 0.000000 0.000000 0.000000 0.000000 0.000000 0.000000 0.000000 0.000000 0.000000 0.000000 0.000000 0.000000 0.000000 0.000000 0.000000 0.000000 0.000000 0.000000 0.000000 0.000000 0.000000 0.000000 0.000000 0.000000 0.000000 0.000000 0.000000 0.000000 0.000000 0.000000 0.000000 0.000000 0.000000 0.000000 0.000000 0.000000 0.000000 0.000001 0.000001 0.000001 0.000001 0.000001 0.000001 0.000001 0.000001 0.000001 0.000001 0.000001 0.000001 0.000001 0.000001 0.000001 0.000001 0.000001 0.000001 0.000001 0.000001 0.000001 0.000000 0.000000 0.000000 0.000000 0.000000 0.000000 0.000000 0.000000 0.000000 0.000000 0.000000 0.000000 0.000000 0.000000 0.000000 0.000000 0.000000 0.000000 0.000000 0.000000 0.000000 0.000000 0.000000 0.000000 0.000000 0.000000 0.000000 0.000000 0.000000 0.000000 0.000000 0.000000 0.000000 0.000000 0.000000 0.000000 0.000000 0.000000 0.000000 
0.000000 0.000000 0.000000 0.000000 0.000000 0.000000 0.000000 0.000000 0.000000 0.000000 0.000000 0.000000 0.000000 0.000000 0.000000 0.000000 0.000000 0.000000 0.000000 0.000000 0.000000 0.000000 0.000000 0.000000 0.000000 0.000000 0.000000 0.000000 0.000000 0.000000 0.000000 0.000000 0.000000 0.000000 0.000000 0.000000 0.000000 0.000001 0.000001 0.000001 0.000001 0.000001 0.000002 0.000002 0.000002 0.000002 0.000002 0.000003 0.000003 0.000003 0.000003 0.000003 0.000003 0.000003 0.000002 0.000002 0.000002 0.000002 0.000002 0.000001 0.000001 0.000001 0.000001 0.000001 0.000000 0.000000 0.000000 0.000000 0.000000 0.000000 0.000000 0.000000 0.000000 0.000000 0.000000 0.000000 0.000000 0.000000 0.000000 0.000000 0.000000 0.000000 0.000000 0.000000 0.000000 0.000000 0.000000 0.000000 0.000000 0.000000 0.000000 0.000000 0.000000 0.000000 0.000000 0.000000 0.000000 0.000000 0.000000 0.000000 
0.000000 0.000000 0.000000 0.000000 0.000000 0.000000 0.000000 0.000000 0.000000 0.000000 0.000000 0.000000 0.000000 0.000000 0.000000 0.000000 0.000000 0.000000 0.000000 0.000000 0.000000 0.000000 0.000000 0.000000 0.000000 0.000000 0.000000 0.000000 0.000000 0.000000 0.000000 0.000000 0.000000 0.000000 0.000001 0.000001 0.000001 0.000001 0.000002 0.000002 0.000002 0.000003 0.000003 0.000004 0.000004 0.000005 0.000005 0.000006 0.000006 0.000006 0.000006 0.000006 0.000006 0.000006 0.000005 0.000005 0.000004 0.000004 0.000003 0.000003 0.000002 0.000002 0.000002 0.000001 0.000001 0.000001 0.000001 0.000000 0.000000 0.000000 0.000000 0.000000 0.000000 0.000000 0.000000 0.000000 0.000000 0.000000 0.000000 0.000000 0.000000 0.000000 0.000000 0.000000 0.000000 0.000000 0.000000 0.000000 0.000000 0.000000 0.000000 0.000000 0.000000 0.000000 0.000000 0.000000 0.000000 0.000000 0.000000 0.000000 
0.000000 0.000000 0.000000 0.000000 0.000000 0.000000 0.000000 0.000000 0.000000 0.000000 0.000000 0.000000 0.000000 0.000000 0.000000 0.000000 0.000000 0.000000 0.000000 0.000000 0.000000 0.000000 0.000000 0.000000 0.000000 0.000000 0.000000 0.000000 0.000000 0.000000 0.000000 0.000000 0.000001 0.000001 0.000001 0.000002 0.000002 0.000003 0.000003 0.000004 0.000005 0.000006 0.000007 0.000008 0.000009 0.000010 0.000011 0.000012 0.000012 0.000012 0.000013 0.000012 0.000012 0.000012 0.000011 0.000010 0.000009 0.000008 0.000007 0.000006 0.000005 0.000004 0.000003 0.000003 0.000002 0.000002 0.000001 0.000001 0.000001 0.000000 0.000000 0.000000 0.000000 0.000000 0.000000 0.000000 0.000000 0.000000 0.000000 0.000000 0.000000 0.000000 0.000000 0.000000 0.000000 0.000000 0.000000 0.000000 0.000000 0.000000 0.000000 0.000000 0.000000 0.000000 0.000000 0.000000 0.000000 0.000000 0.000000 0.000000 
0.000000 0.000000 0.000000 0.000000 0.000000 0.000000 0.000000 0.000000 0.000000 0.000000 0.000000 0.000000 0.000000 0.000000 0.000000 0.000000 0.000000 0.000000 0.000000 0.000000 0.000000 0.000000 0.000000 0.000000 0.000000 0.000000 0.000000 0.000000 0.000000 0.000001 0.000001 0.000001 0.000001 0.000002 0.000003 0.000003 0.000005 0.000006 0.000007 0.000009 0.000011 0.000013 0.000015 0.000017 0.000019 0.000021 0.000023 0.000024 0.000025 0.000026 0.000026 0.000026 0.000025 0.000024 0.000023 0.000021 0.000019 0.000017 0.000015 0.000013 0.000011 0.000009 0.000007 0.000006 0.000005 0.000003 0.000003 0.000002 0.000001 0.000001 0.000001 0.000001 0.000000 0.000000 0.000000 0.000000 0.000000 0.000000 0.000000 0.000000 0.000000 0.000000 0.000000 0.000000 0.000000 0.000000 0.000000 0.000000 0.000000 0.000000 0.000000 0.000000 0.000000 0.000000 0.000000 0.000000 0.000000 0.000000 0.000000 0.000000 
0.000000 0.000000 0.000000 0.000000 0.000000 0.000000 0.000000 0.000000 0.000000 0.000000 0.000000 0.000000 0.000000 0.000000 0.000000 0.000000 0.000000 0.000000 0.000000 0.000000 0.000000 0.000000 0.000000 0.000000 0.000000 0.000000 0.000000 0.000000 0.000001 0.000001 0.000002 0.000002 0.000003 0.000004 0.000005 0.000007 0.000009 0.000012 0.000015 0.000018 0.000022 0.000026 0.000030 0.000034 0.000039 0.000043 0.000046 0.000049 0.000051 0.000053 0.000053 0.000053 0.000051 0.000049 0.000046 0.000043 0.000039 0.000034 0.000030 0.000026 0.000022 0.000018 0.000015 0.000012 0.000009 0.000007 0.000005 0.000004 0.000003 0.000002 0.000002 0.000001 0.000001 0.000000 0.000000 0.000000 0.000000 0.000000 0.000000 0.000000 0.000000 0.000000 0.000000 0.000000 0.000000 0.000000 0.000000 0.000000 0.000000 0.000000 0.000000 0.000000 0.000000 0.000000 0.000000 0.000000 0.000000 0.000000 0.000000 0.000000 
0.000000 0.000000 0.000000 0.000000 0.000000 0.000000 0.000000 0.000000 0.000000 0.000000 0.000000 0.000000 0.000000 0.000000 0.000000 0.000000 0.000000 0.000000 0.000000 0.000000 0.000000 0.000000 0.000000 0.000000 0.000000 0.000000 0.000001 0.000001 0.000001 0.000002 0.000003 0.000004 0.000006 0.000008 0.000011 0.000015 0.000019 0.000024 0.000030 0.000037 0.000044 0.000052 0.000061 0.000069 0.000078 0.000086 0.000093 0.000099 0.000104 0.000106 0.000107 0.000106 0.000104 0.000099 0.000093 0.000086 0.000078 0.000069 0.000061 0.000052 0.000044 0.000037 0.000030 0.000024 0.000019 0.000015 0.000011 0.000008 0.000006 0.000004 0.000003 0.000002 0.000001 0.000001 0.000001 0.000000 0.000000 0.000000 0.000000 0.000000 0.000000 0.000000 0.000000 0.000000 0.000000 0.000000 0.000000 0.000000 0.000000 0.000000 0.000000 0.000000 0.000000 0.000000 0.000000 0.000000 0.000000 0.000000 0.000000 0.000000 
0.000000 0.000000 0.000000 0.000000 0.000000 0.000000 0.000000 0.000000 0.000000 0.000000 0.000000 0.000000 0.000000 0.000000 0.000000 0.000000 0.000000 0.000000 0.000000 0.000000 0.000000 0.000000 0.000000 0.000000 0.000001 0.000001 0.000001 0.000002 0.000003 0.000004 0.000006 0.000009 0.000012 0.000016 0.000022 0.000029 0.000037 0.000047 0.000059 0.000073 0.000087 0.000104 0.000120 0.000138 0.000154 0.000170 0.000185 0.000196 0.000205 0.000211 0.000213 0.000211 0.000205 0.000196 0.000185 0.000170 0.000154 0.000138 0.000120 0.000104 0.000087 0.000073 0.000059 0.000047 0.000037 0.000029 0.000022 0.000016 0.000012 0.000009 0.000006 0.000004 0.000003 0.000002 0.000001 0.000001 0.000001 0.000000 0.000000 0.000000 0.000000 0.000000 0.000000 0.000000 0.000000 0.000000 0.000000 0.000000 0.000000 0.000000 0.000000 0.000000 0.000000 0.000000 0.000000 0.000000 0.000000 0.000000 0.000000 0.000000 
0.000000 0.000000 0.000000 0.000000 0.000000 0.000000 0.000000 0.000000 0.000000 0.000000 0.000000 0.000000 0.000000 0.000000 0.000000 0.000000 0.000000 0.000000 0.000000 0.000000 0.000000 0.000000 0.000000 0.000001 0.000001 0.000002 0.000003 0.000004 0.000006 0.000008 0.000012 0.000017 0.000024 0.000032 0.000043 0.000057 0.000073 0.000093 0.000116 0.000142 0.000171 0.000202 0.000235 0.000269 0.000301 0.000332 0.000360 0.000383 0.000400 0.000411 0.000415 0.000411 0.000400 0.000383 0.000360 0.000332 0.000301 0.000269 0.000235 0.000202 0.000171 0.000142 0.000116 0.000093 0.000073 0.000057 0.000043 0.000032 0.000024 0.000017 0.000012 0.000008 0.000006 0.000004 0.000003 0.000002 0.000001 0.000001 0.000000 0.000000 0.000000 0.000000 0.000000 0.000000 0.000000 0.000000 0.000000 0.000000 0.000000 0.000000 0.000000 0.000000 0.000000 0.000000 0.000000 0.000000 0.000000 0.000000 0.000000 0.000000 
0.000000 0.000000 0.000000 0.000000 0.000000 0.000000 0.000000 0.000000 0.000000 0.000000 0.000000 0.000000 0.000000 0.000000 0.000000 0.000000 0.000000 0.000000 0.000000 0.000000 0.000000 0.000000 0.000001 0.000001 0.000002 0.000003 0.000005 0.000008 0.000011 0.000016 0.000023 0.000033 0.000046 0.000062 0.000083 0.000109 0.000141 0.000179 0.000223 0.000273 0.000329 0.000389 0.000452 0.000516 0.000579 0.000639 0.000691 0.000736 0.000769 0.000790 0.000797 0.000790 0.000769 0.000736 0.000691 0.000639 0.000579 0.000516 0.000452 0.000389 0.000329 0.000273 0.000223 0.000179 0.000141 0.000109 0.000083 0.000062 0.000046 0.000033 0.000023 0.000016 0.000011 0.000008 0.000005 0.000003 0.000002 0.000001 0.000001 0.000000 0.000000 0.000000 0.000000 0.000000 0.000000 0.000000 0.000000 0.000000 0.000000 0.000000 0.000000 0.000000 0.000000 0.000000 0.000000 0.000000 0.000000 0.000000 0.000000 0.000000 
0.000000 0.000000 0.000000 0.000000 0.000000 0.000000 0.000000 0.000000 0.000000 0.000000 0.000000 0.000000 0.000000 0.000000 0.000000 0.000000 0.000000 0.000000 0.000000 0.000000 0.000001 0.000001 0.000002 0.000003 0.000004 0.000006 0.000010 0.000014 0.000021 0.000031 0.000045 0.000063 0.000087 0.000118 0.000158 0.000207 0.000267 0.000339 0.000423 0.000518 0.000623 0.000736 0.000856 0.000977 0.001096 0.001207 0.001307 0.001391 0.001454 0.001493 0.001506 0.001493 0.001454 0.001391 0.001307 0.001207 0.001096 0.000977 0.000856 0.000736 0.000623 0.000518 0.000423 0.000339 0.000267 0.000207 0.000158 0.000118 0.000087 0.000063 0.000045 0.000031 0.000021 0.000014 0.000010 0.000006 0.000004 0.000003 0.000002 0.000001 0.000001 0.000000 0.000000 0.000000 0.000000 0.000000 0.000000 0.000000 0.000000 0.000000 0.000000 0.000000 0.000000 0.000000 0.000000 0.000000 0.000000 0.000000 0.000000 0.000000 
0.000000 0.000000 0.000000 0.000000 0.000000 0.000000 0.000000 0.000000 0.000000 0.000000 0.000000 0.000000 0.000000 0.000000 0.000000 0.000000 0.000000 0.000000 0.000000 0.000001 0.000001 0.000002 0.000003 0.000005 0.000007 0.000012 0.000018 0.000027 0.000040 0.000058 0.000083 0.000117 0.000162 0.000221 0.000295 0.000387 0.000499 0.000633 0.000788 0.000965 0.001161 0.001372 0.001594 0.001819 0.002040 0.002248 0.002433 0.002588 0.002705 0.002777 0.002802 0.002777 0.002705 0.002588 0.002433 0.002248 0.002040 0.001819 0.001594 0.001372 0.001161 0.000965 0.000788 0.000633 0.000499 0.000387 0.000295 0.000221 0.000162 0.000117 0.000083 0.000058 0.000040 0.000027 0.000018 0.000012 0.000007 0.000005 0.000003 0.000002 0.000001 0.000001 0.000000 0.000000 0.000000 0.000000 0.000000 0.000000 0.000000 0.000000 0.000000 0.000000 0.000000 0.000000 0.000000 0.000000 0.000000 0.000000 0.000000 0.000000 
0.000000 0.000000 0.000000 0.000000 0.000000 0.000000 0.000000 0.000000 0.000000 0.000000 0.000000 0.000000 0.000000 0.000000 0.000000 0.000000 0.000000 0.000000 0.000001 0.000001 0.000002 0.000003 0.000005 0.000009 0.000014 0.000022 0.000033 0.000050 0.000074 0.000108 0.000154 0.000216 0.000299 0.000406 0.000542 0.000711 0.000917 0.001162 0.001447 0.001771 0.002130 0.002517 0.002922 0.003334 0.003738 0.004118 0.004457 0.004741 0.004954 0.005086 0.005131 0.005086 0.004954 0.004741 0.004457 0.004118 0.003738 0.003334 0.002922 0.002517 0.002130 0.001771 0.001447 0.001162 0.000917 0.000711 0.000542 0.000406 0.000299 0.000216 0.000154 0.000108 0.000074 0.000050 0.000033 0.000022 0.000014 0.000009 0.000005 0.000003 0.000002 0.000001 0.000001 0.000000 0.000000 0.000000 0.000000 0.000000 0.000000 0.000000 0.000000 0.000000 0.000000 0.000000 0.000000 0.000000 0.000000 0.000000 0.000000 0.000000 
0.000000 0.000000 0.000000 0.000000 0.000000 0.000000 0.000000 0.000000 0.000000 0.000000 0.000000 0.000000 0.000000 0.000000 0.000000 0.000000 0.000000 0.000001 0.000001 0.000002 0.000004 0.000006 0.000010 0.000016 0.000025 0.000039 0.000060 0.000091 0.000134 0.000195 0.000279 0.000392 0.000542 0.000735 0.000981 0.001287 0.001658 0.002101 0.002615 0.003199 0.003845 0.004542 0.005273 0.006015 0.006742 0.007426 0.008037 0.008546 0.008930 0.009168 0.009249 0.009168 0.008930 0.008546 0.008037 0.007426 0.006742 0.006015 0.005273 0.004542 0.003845 0.003199 0.002615 0.002101 0.001658 0.001287 0.000981 0.000735 0.000542 0.000392 0.000279 0.000195 0.000134 0.000091 0.000060 0.000039 0.000025 0.000016 0.000010 0.000006 0.000004 0.000002 0.000001 0.000001 0.000000 0.000000 0.000000 0.000000 0.000000 0.000000 0.000000 0.000000 0.000000 0.000000 0.000000 0.000000 0.000000 0.000000 0.000000 0.000000 
0.000000 0.000000 0.000000 0.000000 0.000000 0.000000 0.000000 0.000000 0.000000 0.000000 0.000000 0.000000 0.000000 0.000000 0.000000 0.000000 0.000001 0.000001 0.000002 0.000004 0.000007 0.000011 0.000018 0.000029 0.000045 0.000071 0.000108 0.000162 0.000240 0.000349 0.000499 0.000700 0.000966 0.001311 0.001748 0.002291 0.002952 0.003737 0.004650 0.005686 0.006833 0.008069 0.009364 0.010679 0.011968 0.013179 0.014261 0.015163 0.015843 0.016265 0.016409 0.016265 0.015843 0.015163 0.014261 0.013179 0.011968 0.010679 0.009364 0.008069 0.006833 0.005686 0.004650 0.003737 0.002952 0.002291 0.001748 0.001311 0.000966 0.000700 0.000499 0.000349 0.000240 0.000162 0.000108 0.000071 0.000045 0.000029 0.000018 0.000011 0.000007 0.000004 0.000002 0.000001 0.000001 0.000000 0.000000 0.000000 0.000000 0.000000 0.000000 0.000000 0.000000 0.000000 0.000000 0.000000 0.000000 0.000000 0.000000 0.000000 
0.000000 0.000000 0.000000 0.000000 0.000000 0.000000 0.000000 0.000000 0.000000 0.000000 0.000000 0.000000 0.000000 0.000000 0.000000 0.000001 0.000001 0.000002 0.000004 0.000007 0.000012 0.000019 0.000032 0.000051 0.000080 0.000125 0.000190 0.000286 0.000423 0.000614 0.000876 0.001229 0.001696 0.002299 0.003065 0.004015 0.005169 0.006542 0.008137 0.009946 0.011949 0.014106 0.016366 0.018660 0.020906 0.023018 0.024904 0.026477 0.027662 0.028398 0.028648 0.028398 0.027662 0.026477 0.024904 0.023018 0.020906 0.018660 0.016366 0.014106 0.011949 0.009946 0.008137 0.006542 0.005169 0.004015 0.003065 0.002299 0.001696 0.001229 0.000876 0.000614 0.000423 0.000286 0.000190 0.000125 0.000080 0.000051 0.000032 0.000019 0.000012 0.000007 0.000004 0.000002 0.000001 0.000001 0.000000 0.000000 0.000000 0.000000 0.000000 0.000000 0.000000 0.000000 0.000000 0.000000 0.000000 0.000000 0.000000 0.000000 
0.000000 0.000000 0.000000 0.000000 0.000000 0.000000 0.000000 0.000000 0.000000 0.000000 0.000000 0.000000 0.000000 0.000000 0.000001 0.000001 0.000002 0.000004 0.000007 0.000012 0.000020 0.000034 0.000055 0.000088 0.000139 0.000216 0.000330 0.000496 0.000731 0.001061 0.001514 0.002124 0.002928 0.003968 0.005286 0.006922 0.008909 0.011270 0.014011 0.017121 0.020561 0.024267 0.028147 0.032084 0.035940 0.039564 0.042799 0.045498 0.047529 0.048792 0.049220 0.048792 0.047529 0.045498 0.042799 0.039564 0.035940 0.032084 0.028147 0.024267 0.020561 0.017121 0.014011 0.011270 0.008909 0.006922 0.005286 0.003968 0.002928 0.002124 0.001514 0.001061 0.000731 0.000496 0.000330 0.000216 0.000139 0.000088 0.000055 0.000034 0.000020 0.000012 0.000007 0.000004 0.000002 0.000001 0.000001 0.000000 0.000000 0.000000 0.000000 0.000000 0.000000 0.000000 0.000000 0.000000 0.000000 0.000000 0.000000 0.000000 
0.000000 0.000000 0.000000 0.000000 0.000000 0.000000 0.000000 0.000000 0.000000 0.000000 0.000000 0.000000 0.000000 0.000001 0.000001 0.000002 0.000004 0.000007 0.000012 0.000021 0.000035 0.000058 0.000094 0.000151 0.000238 0.000369 0.000563 0.000844 0.001246 0.001807 0.002576 0.003610 0.004975 0.006738 0.008972 0.011743 0.015107 0.019102 0.023741 0.029000 0.034815 0.041079 0.047635 0.054285 0.060798 0.066916 0.072379 0.076935 0.080364 0.082494 0.083217 0.082494 0.080364 0.076935 0.072379 0.066916 0.060798 0.054285 0.047635 0.041079 0.034815 0.029000 0.023741 0.019102 0.015107 0.011743 0.008972 0.006738 0.004975 0.003610 0.002576 0.001807 0.001246 0.000844 0.000563 0.000369 0.000238 0.000151 0.000094 0.000058 0.000035 0.000021 0.000012 0.000007 0.000004 0.000002 0.000001 0.000001 0.000000 0.000000 0.000000 0.000000 0.000000 0.000000 0.000000 0.000000 0.000000 0.000000 0.000000 0.000000 
0.000000 0.000000 0.000000 0.000000 0.000000 0.000000 0.000000 0.000000 0.000000 0.000000 0.000000 0.000000 0.000001 0.000001 0.000002 0.000004 0.000007 0.000012 0.000020 0.000035 0.000058 0.000097 0.000158 0.000253 0.000399 0.000619 0.000944 0.001416 0.002087 0.003025 0.004310 0.006038 0.008315 0.011258 0.014982 0.019600 0.025205 0.031858 0.039580 0.048331 0.058006 0.068422 0.079322 0.090377 0.101200 0.111367 0.120442 0.128010 0.133706 0.137245 0.138445 0.137245 0.133706 0.128010 0.120442 0.111367 0.101200 0.090377 0.079322 0.068422 0.058006 0.048331 0.039580 0.031858 0.025205 0.019600 0.014982 0.011258 0.008315 0.006038 0.004310 0.003025 0.002087 0.001416 0.000944 0.000619 0.000399 0.000253 0.000158 0.000097 0.000058 0.000035 0.000020 0.000012 0.000007 0.000004 0.000002 0.000001 0.000001 0.000000 0.000000 0.000000 0.000000 0.000000 0.000000 0.000000 0.000000 0.000000 0.000000 0.000000 
0.000000 0.000000 0.000000 0.000000 0.000000 0.000000 0.000000 0.000000 0.000000 0.000000 0.000000 0.000000 0.000001 0.000002 0.000003 0.000006 0.000011 0.000019 0.000034 0.000058 0.000097 0.000161 0.000261 0.000419 0.000660 0.001023 0.001558 0.002335 0.003440 0.004982 0.007095 0.009934 0.013674 0.018504 0.024615 0.032187 0.041374 0.052276 0.064923 0.079252 0.095088 0.112133 0.129966 0.148047 0.165746 0.182368 0.197204 0.209575 0.218885 0.224668 0.226630 0.224668 0.218885 0.209575 0.197204 0.182368 0.165746 0.148047 0.129966 0.112133 0.095088 0.079252 0.064923 0.052276 0.041374 0.032187 0.024615 0.018504 0.013674 0.009934 0.007095 0.004982 0.003440 0.002335 0.001558 0.001023 0.000660 0.000419 0.000261 0.000161 0.000097 0.000058 0.000034 0.000019 0.000011 0.000006 0.000003 0.000002 0.000001 0.000000 0.000000 0.000000 0.000000 0.000000 0.000000 0.000000 0.000000 0.000000 0.000000 0.000000 
0.000000 0.000000 0.000000 0.000000 0.000000 0.000000 0.000000 0.000000 0.000000 0.000000 0.000000 0.000001 0.000002 0.000003 0.000005 0.000010 0.000018 0.000032 0.000055 0.000094 0.000158 0.000261 0.000426 0.000681 0.001073 0.001661 0.002530 0.003788 0.005577 0.008073 0.011490 0.016079 0.022122 0.029921 0.039784 0.052001 0.066816 0.084391 0.104773 0.127857 0.153361 0.180805 0.209509 0.238608 0.267085 0.293827 0.317691 0.337588 0.352560 0.361860 0.365015 0.361860 0.352560 0.337588 0.317691 0.293827 0.267085 0.238608 0.209509 0.180805 0.153361 0.127857 0.104773 0.084391 0.066816 0.052001 0.039784 0.029921 0.022122 0.016079 0.011490 0.008073 0.005577 0.003788 0.002530 0.001661 0.001073 0.000681 0.000426 0.000261 0.000158 0.000094 0.000055 0.000032 0.000018 0.000010 0.000005 0.000003 0.000002 0.000001 0.000000 0.000000 0.000000 0.000000 0.000000 0.000000 0.000000 0.000000 0.000000 0.000000 
0.000000 0.000000 0.000000 0.000000 0.000000 0.000000 0.000000 0.000000 0.000000 0.000000 0.000001 0.000001 0.000003 0.000005 0.000009 0.000016 0.000029 0.000051 0.000088 0.000151 0.000253 0.000419 0.000681 0.001090 0.001715 0.002654 0.004039 0.006044 0.008894 0.012867 0.018304 0.025601 0.035205 0.047594 0.063256 0.082648 0.106154 0.134028 0.166343 0.202931 0.243342 0.286817 0.332276 0.378351 0.423433 0.465761 0.503529 0.535015 0.558706 0.573422 0.578414 0.573422 0.558706 0.535015 0.503529 0.465761 0.423433 0.378351 0.332276 0.286817 0.243342 0.202931 0.166343 0.134028 0.106154 0.082648 0.063256 0.047594 0.035205 0.025601 0.018304 0.012867 0.008894 0.006044 0.004039 0.002654 0.001715 0.001090 0.000681 0.000419 0.000253 0.000151 0.000088 0.000051 0.000029 0.000016 0.000009 0.000005 0.000003 0.000001 0.000001 0.000000 0.000000 0.000000 0.000000 0.000000 0.000000 0.000000 0.000000 0.000000 
0.000000 0.000000 0.000000 0.000000 0.000000 0.000000 0.000000 0.000000 0.000000 0.000001 0.000001 0.000002 0.000004 0.000007 0.000014 0.000025 0.000045 0.000080 0.000139 0.000238 0.000399 0.000660 0.001073 0.001715 0.002697 0.004171 0.006343 0.009486 0.013950 0.020173 0.028682 0.040096 0.055111 0.074472 0.098938 0.129218 0.165907 0.209400 0.259804 0.316856 0.379852 0.447606 0.518438 0.590213 0.660430 0.726347 0.785156 0.834177 0.871059 0.893969 0.901739 0.893969 0.871059 0.834177 0.785156 0.726347 0.660430 0.590213 0.518438 0.447606 0.379852 0.316856 0.259804 0.209400 0.165907 0.129218 0.098938 0.074472 0.055111 0.040096 0.028682 0.020173 0.013950 0.009486 0.006343 0.004171 0.002697 0.001715 0.001073 0.000660 0.000399 0.000238 0.000139 0.000080 0.000045 0.000025 0.000014 0.000007 0.000004 0.000002 0.000001 0.000001 0.000000 0.000000 0.000000 0.000000 0.000000 0.000000 0.000000 0.000000 
0.000000 0.000000 0.000000 0.000000 0.000000 0.000000 0.000000 0.000000 0.000000 0.000001 0.000002 0.000003 0.000006 0.000012 0.000022 0.000039 0.000071 0.000125 0.000216 0.000369 0.000619 0.001023 0.001661 0.002654 0.004171 0.006446 0.009797 0.014644 0.021523 0.031106 0.044205 0.061768 0.084859 0.114623 0.152217 0.198728 0.255063 0.321822 0.399165 0.486683 0.583293 0.687174 0.795750 0.905751 1.013345 1.114335 1.204423 1.279511 1.336001 1.371088 1.382988 1.371088 1.336001 1.279511 1.204423 1.114335 1.013345 0.905751 0.795750 0.687174 0.583293 0.486683 0.399165 0.321822 0.255063 0.198728 0.152217 0.114623 0.084859 0.061768 0.044205 0.031106 0.021523 0.014644 0.009797 0.006446 0.004171 0.002654 0.001661 0.001023 0.000619 0.000369 0.000216 0.000125 0.000071 0.000039 0.000022 0.000012 0.000006 0.000003 0.000002 0.000001 0.000000 0.000000 0.000000 0.000000 0.000000 0.000000 0.000000 0.000000 
0.000000 0.000000 0.000000 0.000000 0.000000 0.000000 0.000000 0.000000 0.000001 0.000001 0.000003 0.000005 0.000010 0.000018 0.000033 0.000060 0.000108 0.000190 0.000330 0.000563 0.000944 0.001558 0.002530 0.004039 0.006343 0.009797 0.014882 0.022231 0.032658 0.047175 0.067009 0.093589 0.128521 0.173528 0.230352 0.300628 0.385717 0.486518 0.603263 0.735330 0.881081 1.037763 1.201491 1.367338 1.529527 1.681741 1.817508 1.930657 2.015775 2.068642 2.086571 2.068642 2.015775 1.930657 1.817508 1.681741 1.529527 1.367338 1.201491 1.037763 0.881081 0.735330 0.603263 0.486518 0.385717 0.300628 0.230352 0.173528 0.128521 0.093589 0.067009 0.047175 0.032658 0.022231 0.014882 0.009797 0.006343 0.004039 0.002530 0.001558 0.000944 0.000563 0.000330 0.000190 0.000108 0.000060 0.000033 0.000018 0.000010 0.000005 0.000003 0.000001 0.000001 0.000000 0.000000 0.000000 0.000000 0.000000 0.000000 0.000000 
0.000000 0.000000 0.000000 0.000000 0.000000 0.000000 0.000000 0.000000 0.000001 0.000002 0.000004 0.000008 0.000014 0.000027 0.000050 0.000091 0.000162 0.000286 0.000496 0.000844 0.001416 0.002335 0.003788 0.006044 0.009486 0.014644 0.022231 0.033192 0.048734 0.070364 0.099901 0.139468 0.191445 0.258384 0.342867 0.447313 0.573732 0.723445 0.896790 1.092832 1.309132 1.541600 1.784475 2.030447 2.270956 2.496642 2.697920 2.865650 2.991820 3.070180 3.096754 3.070180 2.991820 2.865650 2.697920 2.496642 2.270956 2.030447 1.784475 1.541600 1.309132 1.092832 0.896790 0.723445 0.573732 0.447313 0.342867 0.258384 0.191445 0.139468 0.099901 0.070364 0.048734 0.033192 0.022231 0.014644 0.009486 0.006044 0.003788 0.002335 0.001416 0.000844 0.000496 0.000286 0.000162 0.000091 0.000050 0.000027 0.000014 0.000008 0.000004 0.000002 0.000001 0.000000 0.000000 0.000000 0.000000 0.000000 0.000000 0.000000 
0.000000 0.000000 0.000000 0.000000 0.000000 0.000000 0.000000 0.000001 0.000001 0.000003 0.000006 0.000011 0.000021 0.000040 0.000074 0.000134 0.000240 0.000423 0.000731 0.001246 0.002087 0.003440 0.005577 0.008894 0.013950 0.021523 0.032658 0.048734 0.071520 0.103215 0.146478 0.204404 0.280470 0.378394 0.501937 0.654620 0.839363 1.058083 1.311254 1.597499 1.913249 2.252528 2.606924 2.965778 3.316609 3.645773 3.939306 4.183895 4.367867 4.482120 4.520866 4.482120 4.367867 4.183895 3.939306 3.645773 3.316609 2.965778 2.606924 2.252528 1.913249 1.597499 1.311254 1.058083 0.839363 0.654620 0.501937 0.378394 0.280470 0.204404 0.146478 0.103215 0.071520 0.048734 0.032658 0.021523 0.013950 0.008894 0.005577 0.003440 0.002087 0.001246 0.000731 0.000423 0.000240 0.000134 0.000074 0.000040 0.000021 0.000011 0.000006 0.000003 0.000001 0.000001 0.000000 0.000000 0.000000 0.000000 0.000000 0.000000 
0.000000 0.000000 0.000000 0.000000 0.000000 0.000000 0.000001 0.000001 0.000002 0.000004 0.000008 0.000016 0.000031 0.000058 0.000108 0.000195 0.000349 0.000614 0.001061 0.001807 0.003025 0.004982 0.008073 0.012867 0.020173 0.031106 0.047175 0.070364 0.103215 0.148891 0.211209 0.294616 0.404098 0.544989 0.722678 0.942204 1.207744 1.522029 1.885721 2.296823 2.750195 3.237250 3.745911 4.260885 4.764272 5.236512 5.657590 6.008426 6.272298 6.436165 6.491735 6.436165 6.272298 6.008426 5.657590 5.236512 4.764272 4.260885 3.745911 3.237250 2.750195 2.296823 1.885721 1.522029 1.207744 0.942204 0.722678 0.544989 0.404098 0.294616 0.211209 0.148891 0.103215 0.070364 0.047175 0.031106 0.020173 0.012867 0.008073 0.004982 0.003025 0.001807 0.001061 0.000614 0.000349 0.000195 0.000108 0.000058 0.000031 0.000016 0.000008 0.000004 0.000002 0.000001 0.000001 0.000000 0.000000 0.000000 0.000000 0.000000 
0.000000 0.000000 0.000000 0.000000 0.000000 0.000000 0.000001 0.000002 0.000003 0.000006 0.000012 0.000023 0.000045 0.000083 0.000154 0.000279 0.000499 0.000876 0.001514 0.002576 0.004310 0.007095 0.011490 0.018304 0.028682 0.044205 0.067009 0.099901 0.146478 0.211209 0.299489 0.417597 0.572571 0.771933 1.023282 1.333713 1.709101 2.153275 2.667142 3.247859 3.888146 4.575866 5.293965 6.020861 6.731304 7.397708 7.991855 8.486851 8.859126 9.090304 9.168699 9.090304 8.859126 8.486851 7.991855 7.397708 6.731304 6.020861 5.293965 4.575866 3.888146 3.247859 2.667142 2.153275 1.709101 1.333713 1.023282 0.771933 0.572571 0.417597 0.299489 0.211209 0.146478 0.099901 0.067009 0.044205 0.028682 0.018304 0.011490 0.007095 0.004310 0.002576 0.001514 0.000876 0.000499 0.000279 0.000154 0.000083 0.000045 0.000023 0.000012 0.000006 0.000003 0.000002 0.000001 0.000000 0.000000 0.000000 0.000000 0.000000 
0.000000 0.000000 0.000000 0.000000 0.000000 0.000000 0.000001 0.000002 0.000004 0.000009 0.000017 0.000033 0.000063 0.000117 0.000216 0.000392 0.000700 0.001229 0.002124 0.003610 0.006038 0.009934 0.016079 0.025601 0.040096 0.061768 0.093589 0.139468 0.204404 0.294616 0.417597 0.582071 0.797805 1.075237 1.424902 1.856629 2.378548 2.995939 3.710027 4.516829 5.406208 6.361294 7.358399 8.367566 9.353760 10.278717 11.103305 11.790233 12.306827 12.627612 12.736392 12.627612 12.306827 11.790233 11.103305 10.278717 9.353760 8.367566 7.358399 6.361294 5.406208 4.516829 3.710027 2.995939 2.378548 1.856629 1.424902 1.075237 0.797805 0.582071 0.417597 0.294616 0.204404 0.139468 0.093589 0.061768 0.040096 0.025601 0.016079 0.009934 0.006038 0.003610 0.002124 0.001229 0.000700 0.000392 0.000216 0.000117 0.000063 0.000033 0.000017 0.000009 0.000004 0.000002 0.000001 0.000001 0.000000 0.000000 0.000000 0.000000 
0.000000 0.000000 0.000000 0.000000 0.000000 0.000001 0.000001 0.000003 0.000006 0.000012 0.000024 0.000046 0.000087 0.000162 0.000299 0.000542 0.000966 0.001696 0.002928 0.004975 0.008315 0.013674 0.022122 0.035205 0.055111 0.084859 0.128521 0.191445 0.280470 0.404098 0.572571 0.797805 1.093135 1.472807 1.951185 2.541664 3.255307 4.099284 5.075218 6.177626 7.392628 8.697158 10.058863 11.436840 12.783281 14.045978 15.171557 16.109159 16.814232 17.252038 17.400498 17.252038 16.814232 16.109159 15.171557 14.045978 12.783281 11.436840 10.058863 8.697158 7.392628 6.177626 5.075218 4.099284 3.255307 2.541664 1.951185 1.472807 1.093135 0.797805 0.572571 0.404098 0.280470 0.191445 0.128521 0.084859 0.055111 0.035205 0.022122 0.013674 0.008315 0.004975 0.002928 0.001696 0.000966 0.000542 0.000299 0.000162 0.000087 0.000046 0.000024 0.000012 0.000006 0.000003 0.000001 0.000001 0.000000 0.000000 0.000000 0.000000 
0.000000 0.000000 0.000000 0.000000 0.000000 0.000001 0.000002 0.000004 0.000008 0.000016 0.000032 0.000062 0.000118 0.000221 0.000406 0.000735 0.001311 0.002299 0.003968 0.006738 0.011258 0.018504 0.029921 0.047594 0.074472 0.114623 0.173528 0.258384 0.378394 0.544989 0.771933 1.075237 1.472807 1.983761 2.627366 3.421576 4.381202 5.515816 6.827541 8.308954 9.941365 11.693763 13.522686 15.373213 17.181172 18.876510 20.387620 21.646282 22.592742 23.180416 23.379692 23.180416 22.592742 21.646282 20.387620 18.876510 17.181172 15.373213 13.522686 11.693763 9.941365 8.308954 6.827541 5.515816 4.381202 3.421576 2.627366 1.983761 1.472807 1.075237 0.771933 0.544989 0.378394 0.258384 0.173528 0.114623 0.074472 0.047594 0.029921 0.018504 0.011258 0.006738 0.003968 0.002299 0.001311 0.000735 0.000406 0.000221 0.000118 0.000062 0.000032 0.000016 0.000008 0.000004 0.000002 0.000001 0.000000 0.000000 0.000000 0.000000 
0.000000 0.000000 0.000000 0.000000 0.000001 0.000001 0.000003 0.000005 0.000011 0.000022 0.000043 0.000083 0.000158 0.000295 0.000542 0.000981 0.001748 0.003065 0.005286 0.008972 0.014982 0.024615 0.039784 0.063256 0.098938 0.152217 0.230352 0.342867 0.501937 0.722678 1.023282 1.424902 1.951185 2.627366 3.478863 4.529344 5.798313 7.298343 9.032164 10.989899 13.146803 15.461875 17.877694 20.321736 22.709289 24.947901 26.943089 28.604852 29.854366 30.630185 30.893257 30.630185 29.854366 28.604852 26.943089 24.947901 22.709289 20.321736 17.877694 15.461875 13.146803 10.989899 9.032164 7.298343 5.798313 4.529344 3.478863 2.627366 1.951185 1.424902 1.023282 0.722678 0.501937 0.342867 0.230352 0.152217 0.098938 0.063256 0.039784 0.024615 0.014982 0.008972 0.005286 0.003065 0.001748 0.000981 0.000542 0.000295 0.000158 0.000083 0.000043 0.000022 0.000011 0.000005 0.000003 0.000001 0.000001 0.000000 0.000000 0.000000 
0.000000 0.000000 0.000000 0.000000 0.000001 0.000002 0.000003 0.000007 0.000015 0.000029 0.000057 0.000109 0.000207 0.000387 0.000711 0.001287 0.002291 0.004015 0.006922 0.011743 0.019600 0.032187 0.052001 0.082648 0.129218 0.198728 0.300628 0.447313 0.654620 0.942204 1.333713 1.856629 2.541664 3.421576 4.529344 5.895656 7.545772 9.495940 11.749616 14.293884 17.096526 20.104235 23.242408 26.416860 29.517613 32.424670 35.015422 37.173090 38.795412 39.802676 40.144223 39.802676 38.795412 37.173090 35.015422 32.424670 29.517613 26.416860 23.242408 20.104235 17.096526 14.293884 11.749616 9.495940 7.545772 5.895656 4.529344 3.421576 2.541664 1.856629 1.333713 0.942204 0.654620 0.447313 0.300628 0.198728 0.129218 0.082648 0.052001 0.032187 0.019600 0.011743 0.006922 0.004015 0.002291 0.001287 0.000711 0.000387 0.000207 0.000109 0.000057 0.000029 0.000015 0.000007 0.000004 0.000002 0.000001 0.000000 0.000000 0.000000 
0.000000 0.000000 0.000000 0.000000 0.000001 0.000002 0.000005 0.000009 0.000019 0.000037 0.000073 0.000141 0.000267 0.000499 0.000917 0.001658 0.002952 0.005169 0.008909 0.015107 0.025205 0.041374 0.066816 0.106154 0.165907 0.255063 0.385717 0.573732 0.839363 1.207744 1.709101 2.378548 3.255307 4.381202 5.798313 7.545772 9.655761 12.148933 15.029593 18.281140 21.862330 25.705011 29.713864 33.768603 37.728815 41.441328 44.749662 47.504802 49.576268 50.862360 51.298446 50.862360 49.576268 47.504802 44.749662 41.441328 37.728815 33.768603 29.713864 25.705011 21.862330 18.281140 15.029593 12.148933 9.655761 7.545772 5.798313 4.381202 3.255307 2.378548 1.709101 1.207744 0.839363 0.573732 0.385717 0.255063 0.165907 0.106154 0.066816 0.041374 0.025205 0.015107 0.008909 0.005169 0.002952 0.001658 0.000917 0.000499 0.000267 0.000141 0.000073 0.000037 0.000019 0.000009 0.000005 0.000002 0.000001 0.000001 0.000000 0.000000 
0.000000 0.000000 0.000000 0.000001 0.000001 0.000003 0.000006 0.000012 0.000024 0.000047 0.000093 0.000179 0.000339 0.000633 0.001162 0.002101 0.003737 0.006542 0.011270 0.019102 0.031858 0.052276 0.084391 0.134028 0.209400 0.321822 0.486518 0.723445 1.058083 1.522029 2.153275 2.995939 4.099284 5.515816 7.298343 9.495940 12.148933 15.283144 18.903858 22.990094 27.489946 32.317733 37.353694 42.446761 47.420637 52.083042 56.237582 59.697249 62.298314 63.913170 64.460726 63.913170 62.298314 59.697249 56.237582 52.083042 47.420637 42.446761 37.353694 32.317733 27.489946 22.990094 18.903858 15.283144 12.148933 9.495940 7.298343 5.515816 4.099284 2.995939 2.153275 1.522029 1.058083 0.723445 0.486518 0.321822 0.209400 0.134028 0.084391 0.052276 0.031858 0.019102 0.011270 0.006542 0.003737 0.002101 0.001162 0.000633 0.000339 0.000179 0.000093 0.000047 0.000024 0.000012 0.000006 0.000003 0.000001 0.000001 0.000000 0.000000 
0.000000 0.000000 0.000000 0.000001 0.000002 0.000003 0.000007 0.000015 0.000030 0.000059 0.000116 0.000223 0.000423 0.000788 0.001447 0.002615 0.004650 0.008137 0.014011 0.023741 0.039580 0.064923 0.104773 0.166343 0.259804 0.399165 0.603263 0.896790 1.311254 1.885721 2.667142 3.710027 5.075218 6.827541 9.032164 11.749616 15.029593 18.903858 23.378789 28.428336 33.988260 39.952647 46.173536 52.464354 58.607424 64.365387 69.495834 73.767972 76.979755 78.973724 79.649820 78.973724 76.979755 73.767972 69.495834 64.365387 58.607424 52.464354 46.173536 39.952647 33.988260 28.428336 23.378789 18.903858 15.029593 11.749616 9.032164 6.827541 5.075218 3.710027 2.667142 1.885721 1.311254 0.896790 0.603263 0.399165 0.259804 0.166343 0.104773 0.064923 0.039580 0.023741 0.014011 0.008137 0.004650 0.002615 0.001447 0.000788 0.000423 0.000223 0.000116 0.000059 0.000030 0.000015 0.000007 0.000003 0.000002 0.000001 0.000001 0.000001 
0.000000 0.000000 0.000000 0.000001 0.000002 0.000004 0.000009 0.000018 0.000037 0.000073 0.000142 0.000273 0.000518 0.000965 0.001771 0.003199 0.005686 0.009946 0.017121 0.029000 0.048331 0.079252 0.127857 0.202931 0.316856 0.486683 0.735330 1.092832 1.597499 2.296823 3.247859 4.516829 6.177626 8.308954 10.989899 14.293884 18.281140 22.990094 28.428336 34.564063 41.319120 48.564767 56.121255 63.761998 71.222702 78.215225 84.445337 89.632935 93.532829 95.953941 96.774859 95.953941 93.532829 89.632935 84.445337 78.215225 71.222702 63.761998 56.121255 48.564767 41.319120 34.564063 28.428336 22.990094 18.281140 14.293884 10.989899 8.308954 6.177626 4.516829 3.247859 2.296823 1.597499 1.092832 0.735330 0.486683 0.316856 0.202931 0.127857 0.079252 0.048331 0.029000 0.017121 0.009946 0.005686 0.003199 0.001771 0.000965 0.000518 0.000273 0.000142 0.000073 0.000037 0.000018 0.000009 0.000004 0.000002 0.000001 0.000001 0.000001 
0.000000 0.000000 0.000001 0.000001 0.000002 0.000005 0.000011 0.000022 0.000044 0.000087 0.000171 0.000329 0.000623 0.001161 0.002130 0.003845 0.006833 0.011949 0.020561 0.034815 0.058006 0.095088 0.153361 0.243342 0.379852 0.583293 0.881081 1.309132 1.913249 2.750195 3.888146 5.406208 7.392628 9.941365 13.146803 17.096526 21.862330 27.489946 33.988260 41.319120 49.389035 58.044145 67.069729 76.195200 85.105007 93.455183 100.894537 107.088775 111.745288 114.636063 115.616218 114.636063 111.745288 107.088775 100.894537 93.455183 85.105007 76.195200 67.069729 58.044145 49.389035 41.319120 33.988260 27.489946 21.862330 17.096526 13.146803 9.941365 7.392628 5.406208 3.888146 2.750195 1.913249 1.309132 0.881081 0.583293 0.379852 0.243342 0.153361 0.095088 0.058006 0.034815 0.020561 0.011949 0.006833 0.003845 0.002130 0.001161 0.000623 0.000329 0.000171 0.000087 0.000044 0.000022 0.000011 0.000005 0.000002 0.000001 0.000001 0.000001 
0.000000 0.000000 0.000001 0.000001 0.000003 0.000006 0.000013 0.000026 0.000052 0.000104 0.000202 0.000389 0.000736 0.001372 0.002517 0.004542 0.008069 0.014106 0.024267 0.041079 0.068422 0.112133 0.180805 0.286817 0.447606 0.687174 1.037763 1.541600 2.252528 3.237250 4.575866 6.361294 8.697158 11.693763 15.461875 20.104235 25.705011 32.317733 39.952647 48.564767 58.044145 68.209983 78.810074 89.526681 99.989340 109.794284 118.529318 125.802108 131.269270 134.663234 135.813991 134.663234 131.269270 125.802108 118.529318 109.794284 99.989340 89.526681 78.810074 68.209983 58.044145 48.564767 39.952647 32.317733 25.705011 20.104235 15.461875 11.693763 8.697158 6.361294 4.575866 3.237250 2.252528 1.541600 1.037763 0.687174 0.447606 0.286817 0.180805 0.112133 0.068422 0.041079 0.024267 0.014106 0.008069 0.004542 0.002517 0.001372 0.000736 0.000389 0.000202 0.000104 0.000052 0.000026 0.000013 0.000006 0.000003 0.000001 0.000001 0.000001 
0.000000 0.000000 0.000001 0.000002 0.000003 0.000007 0.000015 0.000030 0.000061 0.000120 0.000235 0.000452 0.000856 0.001594 0.002922 0.005273 0.009364 0.016366 0.028147 0.047635 0.079322 0.129966 0.209509 0.332276 0.518438 0.795750 1.201491 1.784475 2.606924 3.745911 5.293965 7.358399 10.058863 13.522686 17.877694 23.242408 29.713864 37.353694 46.173536 56.121255 67.069729 78.810074 91.051015 103.425685 115.506412 126.827143 136.912140 145.308632 151.620354 155.538548 156.867039 155.538548 151.620354 145.308632 136.912140 126.827143 115.506412 103.425685 91.051015 78.810074 67.069729 56.121255 46.173536 37.353694 29.713864 23.242408 17.877694 13.522686 10.058863 7.358399 5.293965 3.745911 2.606924 1.784475 1.201491 0.795750 0.518438 0.332276 0.209509 0.129966 0.079322 0.047635 0.028147 0.016366 0.009364 0.005273 0.002922 0.001594 0.000856 0.000452 0.000235 0.000120 0.000061 0.000030 0.000015 0.000007 0.000003 0.000002 0.000001 0.000001 
