0.000000 0.000000 0.000000 0.000000 0.000000 0.000000 0.000000 0.000000 0.000000 0.000000 0.000000 0.000000 0.000000 0.000000 0.000000 0.000000 0.000000 0.000000 0.000000 0.000000 0.000000 0.000000 0.000000 0.000000 0.000000 0.000000 0.000000 0.000000 0.000000 0.000000 0.000000 0.000000 0.000000 0.000000 0.000000 0.000000 0.000000 0.000000 0.000000 0.000001 0.000001 0.000001 0.000001 0.000001 0.000001 0.000001 0.000001 0.000001 0.000001 0.000001 0.000001 0.000001 0.000001 0.000001 0.000001 0.000001 0.000001 0.000001 0.000001 0.000001 0.000001 0.000001 0.000000 0.000000 0.000000 0.000000 0.000000 0.000000 0.000000 0.000000 0.000000 0.000000 0.000000 0.000000 0.000000 0.000000 0.000000 0.000000 0.000000 0.000000 0.000000 0.000000 0.000000 0.000000 0.000000 0.000000 0.000000 0.000000 0.000000 0.000000 0.000000 0.000000 0.000000 0.000000 0.000000 0.000000 0.000000 0.000000 0.000000 0.000000 
0.000000 0.000000 0.000000 0.000000 0.000000 0.000000 0.000000 0.000000 0.000000 0.000000 0.000000 0.000000 0.000000 0.000000 0.000000 0.000000 0.000000 0.000000 0.000000 0.000000 0.000000 0.000000 0.000000 0.000000 0.000000 0.000000 0.000000 0.000000 0.000000 0.000000 0.000000 0.000000 0.000000 0.000000 0.000000 0.000000 0.000000 0.000000 0.000000 0.000001 0.000001 0.000001 0.000001 0.000001 0.000001 0.000001 0.000001 0.000001 0.000001 0.000001 0.000001 0.000001 0.000001 0.000001 0.000001 0.000001 0.000001 0.000001 0.000001 0.000001 0.000001 0.000001 0.000000 0.000000 0.000000 0.000000 0.000000 0.000000 0.000000 0.000000 0.000000 0.000000 0.000000 0.000000 0.000000 0.000000 0.000000 0.000000 0.000000 0.000000 0.000000 0.000000 0.000000 0.000000 0.000000 0.000000 0.000000 0.000000 0.000000 0.000000 0.000000 0.000000 0.000000 0.000000 0.000000 0.000000 0.000000 0.000000 0.000000 0.000000 
0.000000 0.000000 0.000000 0.000000 0.000000 0.000000 0.000000 0.000000 0.000000 0.000000 0.000000 0.000000 0.000000 0.000000 0.000000 0.000000 0.000000 0.000000 0.000000 0.000000 0.000000 0.000000 0.000000 0.000000 0.000000 0.000000 0.000000 0.000000 0.000000 0.000000 0.000000 0.000000 0.000000 0.000000 0.000000 0.000000 0.000000 0.000001 0.000001 0.000001 0.000001 0.000001 0.000001 0.000002 0.000002 0.000002 0.000002 0.000002 0.000002 0.000002 0.000002 0.000002 0.000002 0.000002 0.000002 0.000002 0.000002 0.000002 0.000001 0.000001 0.000001 0.000001 0.000001 0.000001 0.000000 0.000000 0.000000 0.000000 0.000000 0.000000 0.000000 0.000000 0.000000 0.000000 0.000000 0.000000 0.000000 0.000000 0.000000 0.000000 0.000000 0.000000 0.000000 0.000000 0.000000 0.000000 0.000000 0.000000 0.000000 0.000000 0.000000 0.000000 0.000000 0.000000 0.000000 0.000000 0.000000 0.000000 0.000000 0.000000 
0.000000 0.000000 0.000000 0.000000 0.000000 0.000000 0.000000 0.000000 0.000000 0.000000 0.000000 0.000000 0.000000 0.000000 0.000000 0.000000 0.000000 0.000000 0.000000 0.000000 0.000000 0.000000 0.000000 0.000000 0.000000 0.000000 0.000000 0.000000 0.000000 0.000000 0.000000 0.000000 0.000000 0.000000 0.000001 0.000001 0.000001 0.000001 0.000001 0.000002 0.000002 0.000002 0.000003 0.000003 0.000003 0.000004 0.000004 0.000004 0.000005 0.000005 0.000005 0.000005 0.000005 0.000004 0.000004 0.000004 0.000003 0.000003 0.000003 0.000002 0.000002 0.000002 0.000001 0.000001 0.000001 0.000001 0.000001 0.000000 0.000000 0.000000 0.000000 0.000000 0.000000 0.000000 0.000000 0.000000 0.000000 0.000000 0.000000 0.000000 0.000000 0.000000 0.000000 0.000000 0.000000 0.000000 0.000000 0.000000 0.000000 0.000000 0.000000 0.000000 0.000000 0.000000 0.000000 0.000000 0.000000 0.000000 0.000000 0.000000 
0.000000 0.000000 0.000000 0.000000 0.000000 0.000000 0.000000 0.000000 0.000000 0.000000 0.000000 0.000000 0.000000 0.000000 0.000000 0.000000 0.000000 0.000000 0.000000 0.000000 0.000000 0.000000 0.000000 0.000000 0.000000 0.000000 0.000000 0.000000 0.000000 0.000000 0.000000 0.000000 0.000001 0.000001 0.000001 0.000001 0.000002 0.000002 0.000003 0.000003 0.000004 0.000005 0.000006 0.000006 0.000007 0.000008 0.000008 0.000009 0.000009 0.000010 0.000010 0.000010 0.000009 0.000009 0.000008 0.000008 0.000007 0.000006 0.000006 0.000005 0.000004 0.000003 0.000003 0.000002 0.000002 0.000001 0.000001 0.000001 0.000001 0.000000 0.000000 0.000000 0.000000 0.000000 0.000000 0.000000 0.000000 0.000000 0.000000 0.000000 0.000000 0.000000 0.000000 0.000000 0.000000 0.000000 0.000000 0.000000 0.000000 0.000000 0.000000 0.000000 0.000000 0.000000 0.000000 0.000000 0.000000 0.000000 0.000000 0.000000 
0.000000 0.000000 0.000000 0.000000 0.000000 0.000000 0.000000 0.000000 0.000000 0.000000 0.000000 0.000000 0.000000 0.000000 0.000000 0.000000 0.000000 0.000000 0.000000 0.000000 0.000000 0.000000 0.000000 0.000000 0.000000 0.000000 0.000000 0.000000 0.000000 0.000000 0.000001 0.000001 0.000001 0.000002 0.000002 0.000003 0.000004 0.000005 0.000006 0.000007 0.000008 0.000010 0.000011 0.000013 0.000015 0.000016 0.000017 0.000018 0.000019 0.000020 0.000020 0.000020 0.000019 0.000018 0.000017 0.000016 0.000015 0.000013 0.000011 0.000010 0.000008 0.000007 0.000006 0.000005 0.000004 0.000003 0.000002 0.000002 0.000001 0.000001 0.000001 0.000000 0.000000 0.000000 0.000000 0.000000 0.000000 0.000000 0.000000 0.000000 0.000000 0.000000 0.000000 0.000000 0.000000 0.000000 0.000000 0.000000 0.000000 0.000000 0.000000 0.000000 0.000000 0.000000 0.000000 0.000000 0.000000 0.000000 0.000000 0.000000 
0.000000 0.000000 0.000000 0.000000 0.000000 0.000000 0.000000 0.000000 0.000000 0.000000 0.000000 0.000000 0.000000 0.000000 0.000000 0.000000 0.000000 0.000000 0.000000 0.000000 0.000000 0.000000 0.000000 0.000000 0.000000 0.000000 0.000000 0.000000 0.000001 0.000001 0.000001 0.000002 0.000002 0.000003 0.000004 0.000006 0.000007 0.000009 0.000012 0.000014 0.000017 0.000020 0.000023 0.000026 0.000030 0.000032 0.000035 0.000037 0.000039 0.000040 0.000040 0.000040 0.000039 0.000037 0.000035 0.000032 0.000030 0.000026 0.000023 0.000020 0.000017 0.000014 0.000012 0.000009 0.000007 0.000006 0.000004 0.000003 0.000002 0.000002 0.000001 0.000001 0.000001 0.000000 0.000000 0.000000 0.000000 0.000000 0.000000 0.000000 0.000000 0.000000 0.000000 0.000000 0.000000 0.000000 0.000000 0.000000 0.000000 0.000000 0.000000 0.000000 0.000000 0.000000 0.000000 0.000000 0.000000 0.000000 0.000000 0.000000 
0.000000 0.000000 0.000000 0.000000 0.000000 0.000000 0.000000 0.000000 0.000000 0.000000 0.000000 0.000000 0.000000 0.000000 0.000000 0.000000 0.000000 0.000000 0.000000 0.000000 0.000000 0.000000 0.000000 0.000000 0.000000 0.000000 0.000001 0.000001 0.000001 0.000002 0.000003 0.000004 0.000005 0.000007 0.000009 0.000012 0.000015 0.000019 0.000023 0.000028 0.000034 0.000040 0.000046 0.000053 0.000059 0.000065 0.000070 0.000075 0.000078 0.000080 0.000081 0.000080 0.000078 0.000075 0.000070 0.000065 0.000059 0.000053 0.000046 0.000040 0.000034 0.000028 0.000023 0.000019 0.000015 0.000012 0.000009 0.000007 0.000005 0.000004 0.000003 0.000002 0.000001 0.000001 0.000001 0.000000 0.000000 0.000000 0.000000 0.000000 0.000000 0.000000 0.000000 0.000000 0.000000 0.000000 0.000000 0.000000 0.000000 0.000000 0.000000 0.000000 0.000000 0.000000 0.000000 0.000000 0.000000 0.000000 0.000000 0.000000 
0.000000 0.000000 0.000000 0.000000 0.000000 0.000000 0.000000 0.000000 0.000000 0.000000 0.000000 0.000000 0.000000 0.000000 0.000000 0.000000 0.000000 0.000000 0.000000 0.000000 0.000000 0.000000 0.000000 0.000000 0.000000 0.000001 0.000001 0.000002 0.000002 0.000004 0.000005 0.000007 0.000010 0.000013 0.000018 0.000023 0.000029 0.000037 0.000046 0.000056 0.000067 0.000079 0.000092 0.000104 0.000117 0.000128 0.000139 0.000147 0.000154 0.000158 0.000159 0.000158 0.000154 0.000147 0.000139 0.000128 0.000117 0.000104 0.000092 0.000079 0.000067 0.000056 0.000046 0.000037 0.000029 0.000023 0.000018 0.000013 0.000010 0.000007 0.000005 0.000004 0.000002 0.000002 0.000001 0.000001 0.000000 0.000000 0.000000 0.000000 0.000000 0.000000 0.000000 0.000000 0.000000 0.000000 0.000000 0.000000 0.000000 0.000000 0.000000 0.000000 0.000000 0.000000 0.000000 0.000000 0.000000 0.000000 0.000000 0.000000 
0.000000 0.000000 0.000000 0.000000 0.000000 0.000000 0.000000 0.000000 0.000000 0.000000 0.000000 0.000000 0.000000 0.000000 0.000000 0.000000 0.000000 0.000000 0.000000 0.000000 0.000000 0.000000 0.000000 0.000001 0.000001 0.000001 0.000002 0.000003 0.000005 0.000007 0.000010 0.000014 0.000019 0.000026 0.000034 0.000045 0.000057 0.000072 0.000090 0.000109 0.000131 0.000154 0.000179 0.000203 0.000227 0.000250 0.000270 0.000287 0.000299 0.000307 0.000310 0.000307 0.000299 0.000287 0.000270 0.000250 0.000227 0.000203 0.000179 0.000154 0.000131 0.000109 0.000090 0.000072 0.000057 0.000045 0.000034 0.000026 0.000019 0.000014 0.000010 0.000007 0.000005 0.000003 0.000002 0.000001 0.000001 0.000001 0.000000 0.000000 0.000000 0.000000 0.000000 0.000000 0.000000 0.000000 0.000000 0.000000 0.000000 0.000000 0.000000 0.000000 0.000000 0.000000 0.000000 0.000000 0.000000 0.000000 0.000000 0.000000 
0.000000 0.000000 0.000000 0.000000 0.000000 0.000000 0.000000 0.000000 0.000000 0.000000 0.000000 0.000000 0.000000 0.000000 0.000000 0.000000 0.000000 0.000000 0.000000 0.000000 0.000000 0.000000 0.000001 0.000001 0.000002 0.000003 0.000004 0.000006 0.000009 0.000014 0.000019 0.000027 0.000037 0.000050 0.000066 0.000086 0.000110 0.000139 0.000172 0.000210 0.000251 0.000296 0.000342 0.000389 0.000435 0.000478 0.000517 0.000549 0.000573 0.000588 0.000593 0.000588 0.000573 0.000549 0.000517 0.000478 0.000435 0.000389 0.000342 0.000296 0.000251 0.000210 0.000172 0.000139 0.000110 0.000086 0.000066 0.000050 0.000037 0.000027 0.000019 0.000014 0.000009 0.000006 0.000004 0.000003 0.000002 0.000001 0.000001 0.000000 0.000000 0.000000 0.000000 0.000000 0.000000 0.000000 0.000000 0.000000 0.000000 0.000000 0.000000 0.000000 0.000000 0.000000 0.000000 0.000000 0.000000 0.000000 0.000000 0.000000 
0.000000 0.000000 0.000000 0.000000 0.000000 0.000000 0.000000 0.000000 0.000000 0.000000 0.000000 0.000000 0.000000 0.000000 0.000000 0.000000 0.000000 0.000000 0.000000 0.000000 0.000001 0.000001 0.000001 0.000002 0.000004 0.000005 0.000008 0.000012 0.000018 0.000026 0.000037 0.000051 0.000070 0.000094 0.000125 0.000163 0.000209 0.000263 0.000326 0.000396 0.000474 0.000558 0.000646 0.000734 0.000821 0.000902 0.000974 0.001034 0.001079 0.001108 0.001117 0.001108 0.001079 0.001034 0.000974 0.000902 0.000821 0.000734 0.000646 0.000558 0.000474 0.000396 0.000326 0.000263 0.000209 0.000163 0.000125 0.000094 0.000070 0.000051 0.000037 0.000026 0.000018 0.000012 0.000008 0.000005 0.000004 0.000002 0.000001 0.000001 0.000001 0.000000 0.000000 0.000000 0.000000 0.000000 0.000000 0.000000 0.000000 0.000000 0.000000 0.000000 0.000000 0.000000 0.000000 0.000000 0.000000 0.000000 0.000000 0.000000 
0.000000 0.000000 0.000000 0.000000 0.000000 0.000000 0.000000 0.000000 0.000000 0.000000 0.000000 0.000000 0.000000 0.000000 0.000000 0.000000 0.000000 0.000000 0.000000 0.000001 0.000001 0.000002 0.000003 0.000004 0.000007 0.000010 0.000015 0.000023 0.000034 0.000048 0.000069 0.000095 0.000131 0.000176 0.000233 0.000304 0.000389 0.000490 0.000606 0.000737 0.000882 0.001038 0.001200 0.001364 0.001524 0.001675 0.001809 0.001920 0.002004 0.002056 0.002074 0.002056 0.002004 0.001920 0.001809 0.001675 0.001524 0.001364 0.001200 0.001038 0.000882 0.000737 0.000606 0.000490 0.000389 0.000304 0.000233 0.000176 0.000131 0.000095 0.000069 0.000048 0.000034 0.000023 0.000015 0.000010 0.000007 0.000004 0.000003 0.000002 0.000001 0.000001 0.000000 0.000000 0.000000 0.000000 0.000000 0.000000 0.000000 0.000000 0.000000 0.000000 0.000000 0.000000 0.000000 0.000000 0.000000 0.000000 0.000000 0.000000 
0.000000 0.000000 0.000000 0.000000 0.000000 0.000000 0.000000 0.000000 0.000000 0.000000 0.000000 0.000000 0.000000 0.000000 0.000000 0.000000 0.000000 0.000000 0.000001 0.000001 0.000002 0.000003 0.000005 0.000008 0.000012 0.000019 0.000028 0.000042 0.000062 0.000089 0.000126 0.000176 0.000240 0.000323 0.000428 0.000557 0.000713 0.000897 0.001110 0.001351 0.001615 0.001899 0.002196 0.002495 0.002788 0.003063 0.003307 0.003511 0.003664 0.003759 0.003791 0.003759 0.003664 0.003511 0.003307 0.003063 0.002788 0.002495 0.002196 0.001899 0.001615 0.001351 0.001110 0.000897 0.000713 0.000557 0.000428 0.000323 0.000240 0.000176 0.000126 0.000089 0.000062 0.000042 0.000028 0.000019 0.000012 0.000008 0.000005 0.000003 0.000002 0.000001 0.000001 0.000000 0.000000 0.000000 0.000000 0.000000 0.000000 0.000000 0.000000 0.000000 0.000000 0.000000 0.000000 0.000000 0.000000 0.000000 0.000000 0.000000 
0.000000 0.000000 0.000000 0.000000 0.000000 0.000000 0.000000 0.000000 0.000000 0.000000 0.000000 0.000000 0.000000 0.000000 0.000000 0.000000 0.000000 0.000001 0.000001 0.000002 0.000003 0.000006 0.000009 0.000014 0.000022 0.000034 0.000052 0.000077 0.000112 0.000162 0.000228 0.000318 0.000435 0.000585 0.000774 0.001007 0.001288 0.001620 0.002003 0.002436 0.002912 0.003424 0.003957 0.004496 0.005022 0.005515 0.005955 0.006321 0.006596 0.006767 0.006825 0.006767 0.006596 0.006321 0.005955 0.005515 0.005022 0.004496 0.003957 0.003424 0.002912 0.002436 0.002003 0.001620 0.001288 0.001007 0.000774 0.000585 0.000435 0.000318 0.000228 0.000162 0.000112 0.000077 0.000052 0.000034 0.000022 0.000014 0.000009 0.000006 0.000003 0.000002 0.000001 0.000001 0.000000 0.000000 0.000000 0.000000 0.000000 0.000000 0.000000 0.000000 0.000000 0.000000 0.000000 0.000000 0.000000 0.000000 0.000000 0.000000 
0.000000 0.000000 0.000000 0.000000 0.000000 0.000000 0.000000 0.000000 0.000000 0.000000 0.000000 0.000000 0.000000 0.000000 0.000000 0.000000 0.000001 0.000001 0.000002 0.000004 0.000006 0.000010 0.000016 0.000026 0.000040 0.000061 0.000092 0.000137 0.000201 0.000288 0.000407 0.000567 0.000775 0.001042 0.001377 0.001791 0.002290 0.002879 0.003559 0.004326 0.005170 0.006076 0.007020 0.007975 0.008907 0.009780 0.010558 0.011206 0.011693 0.011995 0.012098 0.011995 0.011693 0.011206 0.010558 0.009780 0.008907 0.007975 0.007020 0.006076 0.005170 0.004326 0.003559 0.002879 0.002290 0.001791 0.001377 0.001042 0.000775 0.000567 0.000407 0.000288 0.000201 0.000137 0.000092 0.000061 0.000040 0.000026 0.000016 0.000010 0.000006 0.000004 0.000002 0.000001 0.000001 0.000000 0.000000 0.000000 0.000000 0.000000 0.000000 0.000000 0.000000 0.000000 0.000000 0.000000 0.000000 0.000000 0.000000 0.000000 
0.000000 0.000000 0.000000 0.000000 0.000000 0.000000 0.000000 0.000000 0.000000 0.000000 0.000000 0.000000 0.000000 0.000000 0.000000 0.000001 0.000001 0.000002 0.000004 0.000006 0.000011 0.000018 0.000028 0.000045 0.000070 0.000108 0.000163 0.000241 0.000353 0.000506 0.000715 0.000994 0.001358 0.001826 0.002413 0.003136 0.004008 0.005037 0.006225 0.007564 0.009037 0.010617 0.012264 0.013928 0.015553 0.017075 0.018431 0.019560 0.020409 0.020935 0.021114 0.020935 0.020409 0.019560 0.018431 0.017075 0.015553 0.013928 0.012264 0.010617 0.009037 0.007564 0.006225 0.005037 0.004008 0.003136 0.002413 0.001826 0.001358 0.000994 0.000715 0.000506 0.000353 0.000241 0.000163 0.000108 0.000070 0.000045 0.000028 0.000018 0.000011 0.000006 0.000004 0.000002 0.000001 0.000001 0.000000 0.000000 0.000000 0.000000 0.000000 0.000000 0.000000 0.000000 0.000000 0.000000 0.000000 0.000000 0.000000 0.000000 
0.000000 0.000000 0.000000 0.000000 0.000000 0.000000 0.000000 0.000000 0.000000 0.000000 0.000000 0.000000 0.000000 0.000000 0.000001 0.000001 0.000002 0.000004 0.000007 0.000011 0.000019 0.000031 0.000049 0.000078 0.000122 0.000187 0.000282 0.000418 0.000610 0.000876 0.001237 0.001717 0.002345 0.003150 0.004161 0.005406 0.006906 0.008676 0.010718 0.013020 0.015552 0.018265 0.021093 0.023951 0.026739 0.029352 0.031678 0.033615 0.035071 0.035974 0.036280 0.035974 0.035071 0.033615 0.031678 0.029352 0.026739 0.023951 0.021093 0.018265 0.015552 0.013020 0.010718 0.008676 0.006906 0.005406 0.004161 0.003150 0.002345 0.001717 0.001237 0.000876 0.000610 0.000418 0.000282 0.000187 0.000122 0.000078 0.000049 0.000031 0.000019 0.000011 0.000007 0.000004 0.000002 0.000001 0.000001 0.000000 0.000000 0.000000 0.000000 0.000000 0.000000 0.000000 0.000000 0.000000 0.000000 0.000000 0.000000 0.000000 
0.000000 0.000000 0.000000 0.000000 0.000000 0.000000 0.000000 0.000000 0.000000 0.000000 0.000000 0.000000 0.000000 0.000001 0.000001 0.000002 0.000004 0.000007 0.000011 0.000019 0.000032 0.000052 0.000084 0.000134 0.000208 0.000319 0.000481 0.000712 0.001039 0.001491 0.002104 0.002920 0.003986 0.005351 0.007066 0.009175 0.011716 0.014713 0.018170 0.022064 0.026347 0.030935 0.035716 0.040546 0.045259 0.049673 0.053603 0.056874 0.059333 0.060859 0.061376 0.060859 0.059333 0.056874 0.053603 0.049673 0.045259 0.040546 0.035716 0.030935 0.026347 0.022064 0.018170 0.014713 0.011716 0.009175 0.007066 0.005351 0.003986 0.002920 0.002104 0.001491 0.001039 0.000712 0.000481 0.000319 0.000208 0.000134 0.000084 0.000052 0.000032 0.000019 0.000011 0.000007 0.000004 0.000002 0.000001 0.000001 0.000000 0.000000 0.000000 0.000000 0.000000 0.000000 0.000000 0.000000 0.000000 0.000000 0.000000 0.000000 
0.000000 0.000000 0.000000 0.000000 0.000000 0.000000 0.000000 0.000000 0.000000 0.000000 0.000000 0.000000 0.000001 0.000001 0.000002 0.000004 0.000006 0.000011 0.000019 0.000033 0.000054 0.000088 0.000142 0.000225 0.000350 0.000536 0.000807 0.001195 0.001742 0.002498 0.003523 0.004887 0.006668 0.008948 0.011809 0.015328 0.019566 0.024561 0.030321 0.036808 0.043940 0.051579 0.059536 0.067573 0.075413 0.082756 0.089293 0.094733 0.098821 0.101358 0.102219 0.101358 0.098821 0.094733 0.089293 0.082756 0.075413 0.067573 0.059536 0.051579 0.043940 0.036808 0.030321 0.024561 0.019566 0.015328 0.011809 0.008948 0.006668 0.004887 0.003523 0.002498 0.001742 0.001195 0.000807 0.000536 0.000350 0.000225 0.000142 0.000088 0.000054 0.000033 0.000019 0.000011 0.000006 0.000004 0.000002 0.000001 0.000001 0.000000 0.000000 0.000000 0.000000 0.000000 0.000000 0.000000 0.000000 0.000000 0.000000 0.000000 
0.000000 0.000000 0.000000 0.000000 0.000000 0.000000 0.000000 0.000000 0.000000 0.000000 0.000000 0.000001 0.000001 0.000002 0.000003 0.000006 0.000011 0.000019 0.000032 0.000054 0.000090 0.000147 0.000235 0.000372 0.000579 0.000885 0.001333 0.001973 0.002875 0.004119 0.005807 0.008051 0.010979 0.014726 0.019427 0.025206 0.032162 0.040360 0.049807 0.060445 0.072136 0.084656 0.097694 0.110860 0.123701 0.135724 0.146428 0.155334 0.162027 0.166180 0.167588 0.166180 0.162027 0.155334 0.146428 0.135724 0.123701 0.110860 0.097694 0.084656 0.072136 0.060445 0.049807 0.040360 0.032162 0.025206 0.019427 0.014726 0.010979 0.008051 0.005807 0.004119 0.002875 0.001973 0.001333 0.000885 0.000579 0.000372 0.000235 0.000147 0.000090 0.000054 0.000032 0.000019 0.000011 0.000006 0.000003 0.000002 0.000001 0.000001 0.000000 0.000000 0.000000 0.000000 0.000000 0.000000 0.000000 0.000000 0.000000 0.000000 
0.000000 0.000000 0.000000 0.000000 0.000000 0.000000 0.000000 0.000000 0.000000 0.000000 0.000000 0.000001 0.000002 0.000003 0.000006 0.000010 0.000018 0.000031 0.000052 0.000088 0.000147 0.000239 0.000384 0.000606 0.000942 0.001440 0.002167 0.003207 0.004669 0.006686 0.009420 0.013054 0.017794 0.023856 0.031458 0.040798 0.052039 0.065280 0.080534 0.097706 0.116572 0.136771 0.157800 0.179031 0.199735 0.219117 0.236370 0.250725 0.261510 0.268204 0.270473 0.268204 0.261510 0.250725 0.236370 0.219117 0.199735 0.179031 0.157800 0.136771 0.116572 0.097706 0.080534 0.065280 0.052039 0.040798 0.031458 0.023856 0.017794 0.013054 0.009420 0.006686 0.004669 0.003207 0.002167 0.001440 0.000942 0.000606 0.000384 0.000239 0.000147 0.000088 0.000052 0.000031 0.000018 0.000010 0.000006 0.000003 0.000002 0.000001 0.000000 0.000000 0.000000 0.000000 0.000000 0.000000 0.000000 0.000000 0.000000 0.000000 
0.000000 0.000000 0.000000 0.000000 0.000000 0.000000 0.000000 0.000000 0.000000 0.000000 0.000001 0.000001 0.000003 0.000005 0.000009 0.000016 0.000028 0.000049 0.000084 0.000142 0.000235 0.000384 0.000616 0.000972 0.001509 0.002306 0.003467 0.005128 0.007462 0.010681 0.015040 0.020832 0.028382 0.038036 0.050135 0.064996 0.082874 0.103926 0.128171 0.155455 0.185424 0.217500 0.250888 0.284591 0.317450 0.348208 0.375582 0.398356 0.415466 0.426084 0.429683 0.426084 0.415466 0.398356 0.375582 0.348208 0.317450 0.284591 0.250888 0.217500 0.185424 0.155455 0.128171 0.103926 0.082874 0.064996 0.050135 0.038036 0.028382 0.020832 0.015040 0.010681 0.007462 0.005128 0.003467 0.002306 0.001509 0.000972 0.000616 0.000384 0.000235 0.000142 0.000084 0.000049 0.000028 0.000016 0.000009 0.000005 0.000003 0.000001 0.000001 0.000000 0.000000 0.000000 0.000000 0.000000 0.000000 0.000000 0.000000 0.000000 
0.000000 0.000000 0.000000 0.000000 0.000000 0.000000 0.000000 0.000000 0.000000 0.000001 0.000001 0.000002 0.000004 0.000008 0.000014 0.000026 0.000045 0.000078 0.000134 0.000225 0.000372 0.000606 0.000972 0.001533 0.002379 0.003633 0.005459 0.008070 0.011736 0.016791 0.023631 0.032717 0.044555 0.059684 0.078639 0.101911 0.129898 0.162841 0.200770 0.243441 0.290298 0.340438 0.392618 0.445279 0.496613 0.544657 0.587411 0.622977 0.649695 0.666275 0.671895 0.666275 0.649695 0.622977 0.587411 0.544657 0.496613 0.445279 0.392618 0.340438 0.290298 0.243441 0.200770 0.162841 0.129898 0.101911 0.078639 0.059684 0.044555 0.032717 0.023631 0.016791 0.011736 0.008070 0.005459 0.003633 0.002379 0.001533 0.000972 0.000606 0.000372 0.000225 0.000134 0.000078 0.000045 0.000026 0.000014 0.000008 0.000004 0.000002 0.000001 0.000001 0.000000 0.000000 0.000000 0.000000 0.000000 0.000000 0.000000 0.000000 
0.000000 0.000000 0.000000 0.000000 0.000000 0.000000 0.000000 0.000000 0.000000 0.000001 0.000002 0.000004 0.000007 0.000012 0.000022 0.000040 0.000070 0.000122 0.000208 0.000350 0.000579 0.000942 0.001509 0.002379 0.003690 0.005632 0.008458 0.012497 0.018164 0.025975 0.036540 0.050566 0.068833 0.092169 0.121394 0.157262 0.200382 0.251121 0.309521 0.375207 0.447316 0.524460 0.604725 0.685715 0.764651 0.838518 0.904245 0.958916 0.999983 1.025465 1.034103 1.025465 0.999983 0.958916 0.904245 0.838518 0.764651 0.685715 0.604725 0.524460 0.447316 0.375207 0.309521 0.251121 0.200382 0.157262 0.121394 0.092169 0.068833 0.050566 0.036540 0.025975 0.018164 0.012497 0.008458 0.005632 0.003690 0.002379 0.001509 0.000942 0.000579 0.000350 0.000208 0.000122 0.000070 0.000040 0.000022 0.000012 0.000007 0.000004 0.000002 0.000001 0.000000 0.000000 0.000000 0.000000 0.000000 0.000000 0.000000 0.000000 
0.000000 0.000000 0.000000 0.000000 0.000000 0.000000 0.000000 0.000000 0.000001 0.000001 0.000003 0.000005 0.000010 0.000019 0.000034 0.000061 0.000108 0.000187 0.000319 0.000536 0.000885 0.001440 0.002306 0.003633 0.005632 0.008592 0.012895 0.019042 0.027665 0.039541 0.055599 0.076908 0.104648 0.140071 0.184416 0.238824 0.304207 0.381121 0.469622 0.569137 0.678356 0.795175 0.916696 1.039292 1.158762 1.270543 1.369995 1.452710 1.514840 1.553390 1.566457 1.553390 1.514840 1.452710 1.369995 1.270543 1.158762 1.039292 0.916696 0.795175 0.678356 0.569137 0.469622 0.381121 0.304207 0.238824 0.184416 0.140071 0.104648 0.076908 0.055599 0.039541 0.027665 0.019042 0.012895 0.008592 0.005632 0.003633 0.002306 0.001440 0.000885 0.000536 0.000319 0.000187 0.000108 0.000061 0.000034 0.000019 0.000010 0.000005 0.000003 0.000001 0.000001 0.000000 0.000000 0.000000 0.000000 0.000000 0.000000 0.000000 
0.000000 0.000000 0.000000 0.000000 0.000000 0.000000 0.000000 0.000001 0.000001 0.000002 0.000004 0.000008 0.000015 0.000028 0.000052 0.000092 0.000163 0.000282 0.000481 0.000807 0.001333 0.002167 0.003467 0.005459 0.008458 0.012895 0.019344 0.028551 0.041459 0.059230 0.083248 0.115104 0.156560 0.209475 0.275695 0.356913 0.454484 0.569228 0.701221 0.849601 1.012412 1.186515 1.367590 1.550236 1.728197 1.894683 2.042790 2.165963 2.258475 2.315873 2.335328 2.315873 2.258475 2.165963 2.042790 1.894683 1.728197 1.550236 1.367590 1.186515 1.012412 0.849601 0.701221 0.569228 0.454484 0.356913 0.275695 0.209475 0.156560 0.115104 0.083248 0.059230 0.041459 0.028551 0.019344 0.012895 0.008458 0.005459 0.003467 0.002167 0.001333 0.000807 0.000481 0.000282 0.000163 0.000092 0.000052 0.000028 0.000015 0.000008 0.000004 0.000002 0.000001 0.000001 0.000000 0.000000 0.000000 0.000000 0.000000 0.000000 
0.000000 0.000000 0.000000 0.000000 0.000000 0.000000 0.000000 0.000001 0.000002 0.000003 0.000006 0.000012 0.000023 0.000042 0.000077 0.000137 0.000241 0.000418 0.000712 0.001195 0.001973 0.003207 0.005128 0.008070 0.012497 0.019042 0.028551 0.042119 0.061134 0.087300 0.122647 0.169512 0.230476 0.308262 0.405574 0.524885 0.668175 0.836635 1.030368 1.248099 1.486951 1.742316 2.007857 2.275658 2.536551 2.780593 2.997671 3.178188 3.313761 3.397873 3.426382 3.397873 3.313761 3.178188 2.997671 2.780593 2.536551 2.275658 2.007857 1.742316 1.486951 1.248099 1.030368 0.836635 0.668175 0.524885 0.405574 0.308262 0.230476 0.169512 0.122647 0.087300 0.061134 0.042119 0.028551 0.019042 0.012497 0.008070 0.005128 0.003207 0.001973 0.001195 0.000712 0.000418 0.000241 0.000137 0.000077 0.000042 0.000023 0.000012 0.000006 0.000003 0.000002 0.000001 0.000000 0.000000 0.000000 0.000000 0.000000 0.000000 
0.000000 0.000000 0.000000 0.000000 0.000000 0.000000 0.000001 0.000001 0.000002 0.000005 0.000009 0.000018 0.000034 0.000062 0.000112 0.000201 0.000353 0.000610 0.001039 0.001742 0.002875 0.004669 0.007462 0.011736 0.018164 0.027665 0.041459 0.061134 0.088694 0.126603 0.177792 0.245633 0.333851 0.446372 0.587091 0.759567 0.966645 1.210032 1.489859 1.804273 2.149113 2.517721 2.900947 3.287374 3.663781 4.015834 4.328957 4.589321 4.784852 4.906156 4.947272 4.906156 4.784852 4.589321 4.328957 4.015834 3.663781 3.287374 2.900947 2.517721 2.149113 1.804273 1.489859 1.210032 0.966645 0.759567 0.587091 0.446372 0.333851 0.245633 0.177792 0.126603 0.088694 0.061134 0.041459 0.027665 0.018164 0.011736 0.007462 0.004669 0.002875 0.001742 0.001039 0.000610 0.000353 0.000201 0.000112 0.000062 0.000034 0.000018 0.000009 0.000005 0.000002 0.000001 0.000001 0.000000 0.000000 0.000000 0.000000 0.000000 
0.000000 0.000000 0.000000 0.000000 0.000000 0.000000 0.000001 0.000002 0.000004 0.000007 0.000014 0.000026 0.000048 0.000089 0.000162 0.000288 0.000506 0.000876 0.001491 0.002498 0.004119 0.006686 0.010681 0.016791 0.025975 0.039541 0.059230 0.087300 0.126603 0.180641 0.253581 0.350213 0.475824 0.635984 0.836217 1.081564 1.376048 1.722074 2.119811 2.566607 3.056536 3.580134 4.124404 4.673137 5.207569 5.707365 6.151852 6.521419 6.798943 6.971108 7.029462 6.971108 6.798943 6.521419 6.151852 5.707365 5.207569 4.673137 4.124404 3.580134 3.056536 2.566607 2.119811 1.722074 1.376048 1.081564 0.836217 0.635984 0.475824 0.350213 0.253581 0.180641 0.126603 0.087300 0.059230 0.039541 0.025975 0.016791 0.010681 0.006686 0.004119 0.002498 0.001491 0.000876 0.000506 0.000288 0.000162 0.000089 0.000048 0.000026 0.000014 0.000007 0.000004 0.000002 0.000001 0.000000 0.000000 0.000000 0.000000 0.000000 
0.000000 0.000000 0.000000 0.000000 0.000000 0.000001 0.000001 0.000003 0.000005 0.000010 0.000019 0.000037 0.000069 0.000126 0.000228 0.000407 0.000715 0.001237 0.002104 0.003523 0.005807 0.009420 0.015040 0.023631 0.036540 0.055599 0.083248 0.122647 0.177792 0.253581 0.355842 0.491270 0.667252 0.891564 1.171914 1.515329 1.927411 2.411496 2.967790 3.592566 4.277521 5.009414 5.770079 6.536869 7.283581 7.981823 8.602739 9.118958 9.506590 9.747053 9.828554 9.747053 9.506590 9.118958 8.602739 7.981823 7.283581 6.536869 5.770079 5.009414 4.277521 3.592566 2.967790 2.411496 1.927411 1.515329 1.171914 0.891564 0.667252 0.491270 0.355842 0.253581 0.177792 0.122647 0.083248 0.055599 0.036540 0.023631 0.015040 0.009420 0.005807 0.003523 0.002104 0.001237 0.000715 0.000407 0.000228 0.000126 0.000069 0.000037 0.000019 0.000010 0.000005 0.000003 0.000001 0.000001 0.000000 0.000000 0.000000 0.000000 
0.000000 0.000000 0.000000 0.000000 0.000000 0.000001 0.000002 0.000004 0.000007 0.000014 0.000027 0.000051 0.000095 0.000176 0.000318 0.000567 0.000994 0.001717 0.002920 0.004887 0.008051 0.013054 0.020832 0.032717 0.050566 0.076908 0.115104 0.169512 0.245633 0.350213 0.491270 0.678012 0.920595 1.229705 1.615924 2.088892 2.656285 3.322658 4.088262 4.947934 5.890232 6.896931 7.943041 8.997428 10.024082 10.983996 11.837531 12.547097 13.079886 13.410384 13.522399 13.410384 13.079886 12.547097 11.837531 10.983996 10.024082 8.997428 7.943041 6.896931 5.890232 4.947934 4.088262 3.322658 2.656285 2.088892 1.615924 1.229705 0.920595 0.678012 0.491270 0.350213 0.245633 0.169512 0.115104 0.076908 0.050566 0.032717 0.020832 0.013054 0.008051 0.004887 0.002920 0.001717 0.000994 0.000567 0.000318 0.000176 0.000095 0.000051 0.000027 0.000014 0.000007 0.000004 0.000002 0.000001 0.000000 0.000000 0.000000 0.000000 
0.000000 0.000000 0.000000 0.000000 0.000001 0.000001 0.000002 0.000005 0.000010 0.000019 0.000037 0.000070 0.000131 0.000240 0.000435 0.000775 0.001358 0.002345 0.003986 0.006668 0.010979 0.017794 0.028382 0.044555 0.068833 0.104648 0.156560 0.230476 0.333851 0.475824 0.667252 0.920595 1.249595 1.668696 2.192199 2.833120 3.601808 4.504385 5.541144 6.705061 7.980614 9.343121 10.758759 12.185411 13.574380 14.872926 16.027471 16.987212 17.707813 18.154798 18.306292 18.154798 17.707813 16.987212 16.027471 14.872926 13.574380 12.185411 10.758759 9.343121 7.980614 6.705061 5.541144 4.504385 3.601808 2.833120 2.192199 1.668696 1.249595 0.920595 0.667252 0.475824 0.333851 0.230476 0.156560 0.104648 0.068833 0.044555 0.028382 0.017794 0.010979 0.006668 0.003986 0.002345 0.001358 0.000775 0.000435 0.000240 0.000131 0.000070 0.000037 0.000019 0.000010 0.000005 0.000002 0.000001 0.000001 0.000000 0.000000 0.000000 
0.000000 0.000000 0.000000 0.000000 0.000001 0.000002 0.000003 0.000007 0.000013 0.000026 0.000050 0.000094 0.000176 0.000323 0.000585 0.001042 0.001826 0.003150 0.005351 0.008948 0.014726 0.023856 0.038036 0.059684 0.092169 0.140071 0.209475 0.308262 0.446372 0.635984 0.891564 1.229705 1.668696 2.227757 2.925901 3.780423 4.805054 6.007893 7.389276 8.939794 10.638741 12.453221 14.338194 16.237596 18.086626 19.815122 21.351818 22.629151 23.588165 24.183018 24.384625 24.183018 23.588165 22.629151 21.351818 19.815122 18.086626 16.237596 14.338194 12.453221 10.638741 8.939794 7.389276 6.007893 4.805054 3.780423 2.925901 2.227757 1.668696 1.229705 0.891564 0.635984 0.446372 0.308262 0.209475 0.140071 0.092169 0.059684 0.038036 0.023856 0.014726 0.008948 0.005351 0.003150 0.001826 0.001042 0.000585 0.000323 0.000176 0.000094 0.000050 0.000026 0.000013 0.000007 0.000003 0.000002 0.000001 0.000000 0.000000 0.000000 
0.000000 0.000000 0.000000 0.000001 0.000001 0.000002 0.000004 0.000009 0.000018 0.000034 0.000066 0.000125 0.000233 0.000428 0.000774 0.001377 0.002413 0.004161 0.007066 0.011809 0.019427 0.031458 0.050135 0.078639 0.121394 0.184416 0.275695 0.405574 0.587091 0.836217 1.171914 1.615924 2.192199 2.925901 3.841906 4.962826 6.306593 7.883752 9.694671 11.726961 13.953439 16.330977 18.800556 21.288747 23.710703 25.974577 27.987096 29.659845 30.915678 31.694619 31.958613 31.694619 30.915678 29.659845 27.987096 25.974577 23.710703 21.288747 18.800556 16.330977 13.953439 11.726961 9.694671 7.883752 6.306593 4.962826 3.841906 2.925901 2.192199 1.615924 1.171914 0.836217 0.587091 0.405574 0.275695 0.184416 0.121394 0.078639 0.050135 0.031458 0.019427 0.011809 0.007066 0.004161 0.002413 0.001377 0.000774 0.000428 0.000233 0.000125 0.000066 0.000034 0.000018 0.000009 0.000004 0.000002 0.000001 0.000001 0.000000 0.000000 
0.000000 0.000000 0.000000 0.000001 0.000001 0.000003 0.000006 0.000012 0.000023 0.000045 0.000086 0.000163 0.000304 0.000557 0.001007 0.001791 0.003136 0.005406 0.009175 0.015328 0.025206 0.040798 0.064996 0.101911 0.157262 0.238824 0.356913 0.524885 0.759567 1.081564 1.515329 2.088892 2.833120 3.780423 4.962826 6.409422 8.143254 10.177834 12.513555 15.134367 18.005166 21.070317 24.253734 27.460789 30.582172 33.499579 36.092891 38.248260 39.866358 40.869968 41.210101 40.869968 39.866358 38.248260 36.092891 33.499579 30.582172 27.460789 24.253734 21.070317 18.005166 15.134367 12.513555 10.177834 8.143254 6.409422 4.962826 3.780423 2.833120 2.088892 1.515329 1.081564 0.759567 0.524885 0.356913 0.238824 0.157262 0.101911 0.064996 0.040798 0.025206 0.015328 0.009175 0.005406 0.003136 0.001791 0.001007 0.000557 0.000304 0.000163 0.000086 0.000045 0.000023 0.000012 0.000006 0.000003 0.000001 0.000001 0.000000 0.000000 
0.000000 0.000000 0.000000 0.000001 0.000002 0.000004 0.000007 0.000015 0.000029 0.000057 0.000110 0.000209 0.000389 0.000713 0.001288 0.002290 0.004008 0.006906 0.011716 0.019566 0.032162 0.052039 0.082874 0.129898 0.200382 0.304207 0.454484 0.668175 0.966645 1.376048 1.927411 2.656285 3.601808 4.805054 6.306593 8.143254 10.344178 12.926406 15.890336 19.215522 22.857365 26.745257 30.782691 34.849685 38.807676 42.506733 45.794649 48.527181 50.578492 51.850766 52.281946 51.850766 50.578492 48.527181 45.794649 42.506733 38.807676 34.849685 30.782691 26.745257 22.857365 19.215522 15.890336 12.926406 10.344178 8.143254 6.306593 4.805054 3.601808 2.656285 1.927411 1.376048 0.966645 0.668175 0.454484 0.304207 0.200382 0.129898 0.082874 0.052039 0.032162 0.019566 0.011716 0.006906 0.004008 0.002290 0.001288 0.000713 0.000389 0.000209 0.000110 0.000057 0.000029 0.000015 0.000007 0.000004 0.000002 0.000001 0.000001 0.000001 
0.000000 0.000000 0.000001 0.000001 0.000002 0.000005 0.000009 0.000019 0.000037 0.000072 0.000139 0.000263 0.000490 0.000897 0.001620 0.002879 0.005037 0.008676 0.014713 0.024561 0.040360 0.065280 0.103926 0.162841 0.251121 0.381121 0.569228 0.836635 1.210032 1.722074 2.411496 3.322658 4.504385 6.007893 7.883752 10.177834 12.926406 16.150620 19.850856 24.001494 28.546795 33.398603 38.436483 43.510758 48.448617 53.063105 57.164459 60.572859 63.131453 64.718317 65.256107 64.718317 63.131453 60.572859 57.164459 53.063105 48.448617 43.510758 38.436483 33.398603 28.546795 24.001494 19.850856 16.150620 12.926406 10.177834 7.883752 6.007893 4.504385 3.322658 2.411496 1.722074 1.210032 0.836635 0.569228 0.381121 0.251121 0.162841 0.103926 0.065280 0.040360 0.024561 0.014713 0.008676 0.005037 0.002879 0.001620 0.000897 0.000490 0.000263 0.000139 0.000072 0.000037 0.000019 0.000009 0.000005 0.000002 0.000001 0.000001 0.000001 
0.000000 0.000000 0.000001 0.000001 0.000003 0.000006 0.000012 0.000023 0.000046 0.000090 0.000172 0.000326 0.000606 0.001110 0.002003 0.003559 0.006225 0.010718 0.018170 0.030321 0.049807 0.080534 0.128171 0.200770 0.309521 0.469622 0.701221 1.030368 1.489859 2.119811 2.967790 4.088262 5.541144 7.389276 9.694671 12.513555 15.890336 19.850856 24.395449 29.492541 35.073607 41.030361 47.214943 53.443648 59.504429 65.167922 70.201349 74.384155 77.523970 79.471269 80.131203 79.471269 77.523970 74.384155 70.201349 65.167922 59.504429 53.443648 47.214943 41.030361 35.073607 29.492541 24.395449 19.850856 15.890336 12.513555 9.694671 7.389276 5.541144 4.088262 2.967790 2.119811 1.489859 1.030368 0.701221 0.469622 0.309521 0.200770 0.128171 0.080534 0.049807 0.030321 0.018170 0.010718 0.006225 0.003559 0.002003 0.001110 0.000606 0.000326 0.000172 0.000090 0.000046 0.000023 0.000012 0.000006 0.000003 0.000001 0.000001 0.000001 
0.000001 0.000001 0.000001 0.000002 0.000003 0.000007 0.000014 0.000028 0.000056 0.000109 0.000210 0.000396 0.000737 0.001351 0.002436 0.004326 0.007564 0.013020 0.022064 0.036808 0.060445 0.097706 0.155455 0.243441 0.375207 0.569137 0.849601 1.248099 1.804273 2.566607 3.592566 4.947934 6.705061 8.939794 11.726961 15.134367 19.215522 24.001494 29.492541 35.650393 42.392180 49.587051 57.056413 64.578448 71.897164 78.735714 84.813158 89.863342 93.654135 96.005119 96.801853 96.005119 93.654135 89.863342 84.813158 78.735714 71.897164 64.578448 57.056413 49.587051 42.392180 35.650393 29.492541 24.001494 19.215522 15.134367 11.726961 8.939794 6.705061 4.947934 3.592566 2.566607 1.804273 1.248099 0.849601 0.569137 0.375207 0.243441 0.155455 0.097706 0.060445 0.036808 0.022064 0.013020 0.007564 0.004326 0.002436 0.001351 0.000737 0.000396 0.000210 0.000109 0.000056 0.000028 0.000014 0.000007 0.000003 0.000002 0.000001 0.000001 
0.000001 0.000001 0.000001 0.000002 0.000004 0.000008 0.000017 0.000034 0.000067 0.000131 0.000251 0.000474 0.000882 0.001615 0.002912 0.005170 0.009037 0.015552 0.026347 0.043940 0.072136 0.116572 0.185424 0.290298 0.447316 0.678356 1.012412 1.486951 2.149113 3.056536 4.277521 5.890232 7.980614 10.638741 13.953439 18.005166 22.857365 28.546795 35.073607 42.392180 50.403930 58.953313 67.828114 76.764829 85.459415 93.583109 100.802327 106.801068 111.303743 114.096173 115.042500 114.096173 111.303743 106.801068 100.802327 93.583109 85.459415 76.764829 67.828114 58.953313 50.403930 42.392180 35.073607 28.546795 22.857365 18.005166 13.953439 10.638741 7.980614 5.890232 4.277521 3.056536 2.149113 1.486951 1.012412 0.678356 0.447316 0.290298 0.185424 0.116572 0.072136 0.043940 0.026347 0.015552 0.009037 0.005170 0.002912 0.001615 0.000882 0.000474 0.000251 0.000131 0.000067 0.000034 0.000017 0.000008 0.000004 0.000002 0.000001 0.000001 
0.000001 0.000001 0.000001 0.000002 0.000005 0.000010 0.000020 0.000040 0.000079 0.000154 0.000296 0.000558 0.001038 0.001899 0.003424 0.006076 0.010617 0.018265 0.030935 0.051579 0.084656 0.136771 0.217500 0.340438 0.524460 0.795175 1.186515 1.742316 2.517721 3.580134 5.009414 6.896931 9.343121 12.453221 16.330977 21.070317 26.745257 33.398603 41.030361 49.587051 58.953313 68.947255 79.320808 89.766021 99.927631 109.421538 117.858055 124.868060 130.129659 133.392696 134.498499 133.392696 130.129659 124.868060 117.858055 109.421538 99.927631 89.766021 79.320808 68.947255 58.953313 49.587051 41.030361 33.398603 26.745257 21.070317 16.330977 12.453221 9.343121 6.896931 5.009414 3.580134 2.517721 1.742316 1.186515 0.795175 0.524460 0.340438 0.217500 0.136771 0.084656 0.051579 0.030935 0.018265 0.010617 0.006076 0.003424 0.001899 0.001038 0.000558 0.000296 0.000154 0.000079 0.000040 0.000020 0.000010 0.000005 0.000002 0.000002 0.000002 
0.000001 0.000001 0.000001 0.000003 0.000006 0.000011 0.000023 0.000046 0.000092 0.000179 0.000342 0.000646 0.001200 0.002196 0.003957 0.007020 0.012264 0.021093 0.035716 0.059536 0.097694 0.157800 0.250888 0.392618 0.604725 0.916696 1.367590 2.007857 2.900947 4.124404 5.770079 7.943041 10.758759 14.338194 18.800556 24.253734 30.782691 38.436483 47.214943 57.056413 67.828114 79.320808 91.249226 103.259316 114.942691 125.857873 135.557001 143.615878 149.664607 153.415734 154.686934 153.415734 149.664607 143.615878 135.557001 125.857873 114.942691 103.259316 91.249226 79.320808 67.828114 57.056413 47.214943 38.436483 30.782691 24.253734 18.800556 14.338194 10.758759 7.943041 5.770079 4.124404 2.900947 2.007857 1.367590 0.916696 0.604725 0.392618 0.250888 0.157800 0.097694 0.059536 0.035716 0.021093 0.012264 0.007020 0.003957 0.002196 0.001200 0.000646 0.000342 0.000179 0.000092 0.000046 0.000023 0.000011 0.000006 0.000003 0.000002 0.000002 
