0.000000 0.000000 0.000000 0.000000 0.000000 0.000000 0.000000 0.000000 0.000000 0.000000 0.000000 0.000000 0.000000 0.000000 0.000000 0.000000 0.000000 0.000000 0.000001 0.000001 0.000001 0.000002 0.000003 0.000004 0.000005 0.000007 0.000009 0.000012 0.000016 0.000021 0.000027 0.000034 0.000042 0.000052 0.000064 0.000077 0.000091 0.000107 0.000124 0.000143 0.000162 0.000181 0.000201 0.000220 0.000238 0.000254 0.000268 0.000279 0.000288 0.000293 0.000295 0.000293 0.000288 0.000279 0.000268 0.000254 0.000238 0.000220 0.000201 0.000181 0.000162 0.000143 0.000124 0.000107 0.000091 0.000077 0.000064 0.000052 0.000042 0.000034 0.000027 0.000021 0.000016 0.000012 0.000009 0.000007 0.000005 0.000004 0.000003 0.000002 0.000001 0.000001 0.000001 0.000000 0.000000 0.000000 0.000000 0.000000 0.000000 0.000000 0.000000 0.000000 0.000000 0.000000 0.000000 0.000000 0.000000 0.000000 0.000000 0.000000 
0.000000 0.000000 0.000000 0.000000 0.000000 0.000000 0.000000 0.000000 0.000000 0.000000 0.000000 0.000000 0.000000 0.000000 0.000000 0.000000 0.000000 0.000000 0.000001 0.000001 0.000001 0.000002 0.000003 0.000004 0.000005 0.000007 0.000009 0.000012 0.000016 0.000021 0.000027 0.000034 0.000042 0.000052 0.000064 0.000077 0.000091 0.000107 0.000124 0.000143 0.000162 0.000181 0.000201 0.000220 0.000238 0.000254 0.000268 0.000279 0.000288 0.000293 0.000295 0.000293 0.000288 0.000279 0.000268 0.000254 0.000238 0.000220 0.000201 0.000181 0.000162 0.000143 0.000124 0.000107 0.000091 0.000077 0.000064 0.000052 0.000042 0.000034 0.000027 0.000021 0.000016 0.000012 0.000009 0.000007 0.000005 0.000004 0.000003 0.000002 0.000001 0.000001 0.000001 0.000000 0.000000 0.000000 0.000000 0.000000 0.000000 0.000000 0.000000 0.000000 0.000000 0.000000 0.000000 0.000000 0.000000 0.000000 0.000000 0.000000 
0.000000 0.000000 0.000000 0.000000 0.000000 0.000000 0.000000 0.000000 0.000000 0.000000 0.000000 0.000000 0.000000 0.000000 0.000000 0.000000 0.000000 0.000001 0.000001 0.000001 0.000002 0.000003 0.000004 0.000005 0.000007 0.000009 0.000012 0.000016 0.000021 0.000028 0.000035 0.000045 0.000056 0.000069 0.000084 0.000101 0.000120 0.000141 0.000163 0.000187 0.000212 0.000238 0.000263 0.000288 0.000312 0.000333 0.000351 0.000366 0.000377 0.000384 0.000386 0.000384 0.000377 0.000366 0.000351 0.000333 0.000312 0.000288 0.000263 0.000238 0.000212 0.000187 0.000163 0.000141 0.000120 0.000101 0.000084 0.000069 0.000056 0.000045 0.000035 0.000028 0.000021 0.000016 0.000012 0.000009 0.000007 0.000005 0.000004 0.000003 0.000002 0.000001 0.000001 0.000001 0.000000 0.000000 0.000000 0.000000 0.000000 0.000000 0.000000 0.000000 0.000000 0.000000 0.000000 0.000000 0.000000 0.000000 0.000000 0.000000 
0.000000 0.000000 0.000000 0.000000 0.000000 0.000000 0.000000 0.000000 0.000000 0.000000 0.000000 0.000000 0.000000 0.000000 0.000000 0.000000 0.000001 0.000001 0.000001 0.000002 0.000003 0.000004 0.000006 0.000008 0.000011 0.000014 0.000019 0.000025 0.000033 0.000043 0.000055 0.000069 0.000086 0.000106 0.000129 0.000155 0.000184 0.000216 0.000251 0.000288 0.000327 0.000366 0.000405 0.000443 0.000479 0.000512 0.000540 0.000563 0.000580 0.000591 0.000594 0.000591 0.000580 0.000563 0.000540 0.000512 0.000479 0.000443 0.000405 0.000366 0.000327 0.000288 0.000251 0.000216 0.000184 0.000155 0.000129 0.000106 0.000086 0.000069 0.000055 0.000043 0.000033 0.000025 0.000019 0.000014 0.000011 0.000008 0.000006 0.000004 0.000003 0.000002 0.000001 0.000001 0.000001 0.000000 0.000000 0.000000 0.000000 0.000000 0.000000 0.000000 0.000000 0.000000 0.000000 0.000000 0.000000 0.000000 0.000000 0.000000 
0.000000 0.000000 0.000000 0.000000 0.000000 0.000000 0.000000 0.000000 0.000000 0.000000 0.000000 0.000000 0.000000 0.000000 0.000000 0.000001 0.000001 0.000002 0.000002 0.000003 0.000005 0.000007 0.000009 0.000013 0.000017 0.000023 0.000031 0.000042 0.000054 0.000070 0.000089 0.000113 0.000141 0.000173 0.000211 0.000254 0.000302 0.000354 0.000411 0.000472 0.000535 0.000599 0.000663 0.000725 0.000783 0.000836 0.000883 0.000920 0.000948 0.000965 0.000971 0.000965 0.000948 0.000920 0.000883 0.000836 0.000783 0.000725 0.000663 0.000599 0.000535 0.000472 0.000411 0.000354 0.000302 0.000254 0.000211 0.000173 0.000141 0.000113 0.000089 0.000070 0.000054 0.000042 0.000031 0.000023 0.000017 0.000013 0.000009 0.000007 0.000005 0.000003 0.000002 0.000002 0.000001 0.000001 0.000000 0.000000 0.000000 0.000000 0.000000 0.000000 0.000000 0.000000 0.000000 0.000000 0.000000 0.000000 0.000000 0.000000 
0.000000 0.000000 0.000000 0.000000 0.000000 0.000000 0.000000 0.000000 0.000000 0.000000 0.000000 0.000000 0.000000 0.000000 0.000001 0.000001 0.000002 0.000003 0.000004 0.000005 0.000008 0.000011 0.000015 0.000021 0.000029 0.000039 0.000052 0.000069 0.000090 0.000117 0.000149 0.000188 0.000234 0.000288 0.000351 0.000422 0.000501 0.000588 0.000683 0.000783 0.000887 0.000994 0.001100 0.001203 0.001300 0.001388 0.001464 0.001527 0.001573 0.001601 0.001611 0.001601 0.001573 0.001527 0.001464 0.001388 0.001300 0.001203 0.001100 0.000994 0.000887 0.000783 0.000683 0.000588 0.000501 0.000422 0.000351 0.000288 0.000234 0.000188 0.000149 0.000117 0.000090 0.000069 0.000052 0.000039 0.000029 0.000021 0.000015 0.000011 0.000008 0.000005 0.000004 0.000003 0.000002 0.000001 0.000001 0.000000 0.000000 0.000000 0.000000 0.000000 0.000000 0.000000 0.000000 0.000000 0.000000 0.000000 0.000000 0.000000 
0.000000 0.000000 0.000000 0.000000 0.000000 0.000000 0.000000 0.000000 0.000000 0.000000 0.000000 0.000000 0.000001 0.000001 0.000001 0.000002 0.000003 0.000004 0.000006 0.000009 0.000013 0.000018 0.000025 0.000035 0.000048 0.000065 0.000087 0.000115 0.000150 0.000194 0.000247 0.000311 0.000388 0.000478 0.000581 0.000699 0.000830 0.000975 0.001131 0.001297 0.001470 0.001646 0.001821 0.001992 0.002152 0.002298 0.002424 0.002527 0.002604 0.002651 0.002667 0.002651 0.002604 0.002527 0.002424 0.002298 0.002152 0.001992 0.001821 0.001646 0.001470 0.001297 0.001131 0.000975 0.000830 0.000699 0.000581 0.000478 0.000388 0.000311 0.000247 0.000194 0.000150 0.000115 0.000087 0.000065 0.000048 0.000035 0.000025 0.000018 0.000013 0.000009 0.000006 0.000004 0.000003 0.000002 0.000001 0.000001 0.000001 0.000000 0.000000 0.000000 0.000000 0.000000 0.000000 0.000000 0.000000 0.000000 0.000000 0.000000 
0.000000 0.000000 0.000000 0.000000 0.000000 0.000000 0.000000 0.000000 0.000000 0.000000 0.000000 0.000001 0.000001 0.000001 0.000002 0.000003 0.000005 0.000007 0.000010 0.000015 0.000021 0.000030 0.000042 0.000058 0.000079 0.000107 0.000143 0.000189 0.000247 0.000319 0.000407 0.000513 0.000638 0.000786 0.000956 0.001149 0.001365 0.001602 0.001859 0.002131 0.002415 0.002704 0.002991 0.003270 0.003533 0.003772 0.003980 0.004149 0.004275 0.004352 0.004377 0.004352 0.004275 0.004149 0.003980 0.003772 0.003533 0.003270 0.002991 0.002704 0.002415 0.002131 0.001859 0.001602 0.001365 0.001149 0.000956 0.000786 0.000638 0.000513 0.000407 0.000319 0.000247 0.000189 0.000143 0.000107 0.000079 0.000058 0.000042 0.000030 0.000021 0.000015 0.000010 0.000007 0.000005 0.000003 0.000002 0.000001 0.000001 0.000001 0.000000 0.000000 0.000000 0.000000 0.000000 0.000000 0.000000 0.000000 0.000000 0.000000 
0.000000 0.000000 0.000000 0.000000 0.000000 0.000000 0.000000 0.000000 0.000000 0.000000 0.000001 0.000001 0.000001 0.000002 0.000003 0.000005 0.000008 0.000011 0.000017 0.000024 0.000035 0.000049 0.000068 0.000095 0.000130 0.000175 0.000234 0.000309 0.000403 0.000520 0.000663 0.000835 0.001040 0.001279 0.001556 0.001870 0.002221 0.002607 0.003024 0.003466 0.003927 0.004396 0.004863 0.005316 0.005743 0.006131 0.006468 0.006743 0.006947 0.007072 0.007114 0.007072 0.006947 0.006743 0.006468 0.006131 0.005743 0.005316 0.004863 0.004396 0.003927 0.003466 0.003024 0.002607 0.002221 0.001870 0.001556 0.001279 0.001040 0.000835 0.000663 0.000520 0.000403 0.000309 0.000234 0.000175 0.000130 0.000095 0.000068 0.000049 0.000035 0.000024 0.000017 0.000011 0.000008 0.000005 0.000003 0.000002 0.000001 0.000001 0.000001 0.000000 0.000000 0.000000 0.000000 0.000000 0.000000 0.000000 0.000000 0.000000 
0.000000 0.000000 0.000000 0.000000 0.000000 0.000000 0.000000 0.000000 0.000000 0.000001 0.000001 0.000001 0.000002 0.000004 0.000005 0.000008 0.000012 0.000018 0.000027 0.000039 0.000056 0.000079 0.000111 0.000153 0.000209 0.000283 0.000377 0.000498 0.000650 0.000838 0.001068 0.001345 0.001675 0.002060 0.002505 0.003010 0.003575 0.004195 0.004866 0.005577 0.006317 0.007071 0.007821 0.008549 0.009235 0.009858 0.010400 0.010841 0.011168 0.011368 0.011436 0.011368 0.011168 0.010841 0.010400 0.009858 0.009235 0.008549 0.007821 0.007071 0.006317 0.005577 0.004866 0.004195 0.003575 0.003010 0.002505 0.002060 0.001675 0.001345 0.001068 0.000838 0.000650 0.000498 0.000377 0.000283 0.000209 0.000153 0.000111 0.000079 0.000056 0.000039 0.000027 0.000018 0.000012 0.000008 0.000005 0.000004 0.000002 0.000001 0.000001 0.000001 0.000000 0.000000 0.000000 0.000000 0.000000 0.000000 0.000000 0.000000 
0.000000 0.000000 0.000000 0.000000 0.000000 0.000000 0.000000 0.000000 0.000001 0.000001 0.000001 0.000002 0.000004 0.000006 0.000009 0.000013 0.000020 0.000029 0.000043 0.000062 0.000089 0.000126 0.000177 0.000244 0.000334 0.000451 0.000602 0.000795 0.001036 0.001336 0.001702 0.002144 0.002668 0.003282 0.003990 0.004793 0.005691 0.006678 0.007743 0.008874 0.010050 0.011248 0.012440 0.013597 0.014687 0.015677 0.016536 0.017237 0.017756 0.018075 0.018183 0.018075 0.017756 0.017237 0.016536 0.015677 0.014687 0.013597 0.012440 0.011248 0.010050 0.008874 0.007743 0.006678 0.005691 0.004793 0.003990 0.003282 0.002668 0.002144 0.001702 0.001336 0.001036 0.000795 0.000602 0.000451 0.000334 0.000244 0.000177 0.000126 0.000089 0.000062 0.000043 0.000029 0.000020 0.000013 0.000009 0.000006 0.000004 0.000002 0.000001 0.000001 0.000001 0.000000 0.000000 0.000000 0.000000 0.000000 0.000000 0.000000 
0.000000 0.000000 0.000000 0.000000 0.000000 0.000000 0.000000 0.000001 0.000001 0.000001 0.000002 0.000004 0.000006 0.000009 0.000014 0.000021 0.000031 0.000046 0.000068 0.000099 0.000141 0.000200 0.000279 0.000386 0.000527 0.000712 0.000950 0.001253 0.001635 0.002107 0.002683 0.003378 0.004204 0.005170 0.006283 0.007547 0.008959 0.010511 0.012186 0.013963 0.015812 0.017694 0.019568 0.021386 0.023098 0.024654 0.026004 0.027105 0.027920 0.028421 0.028590 0.028421 0.027920 0.027105 0.026004 0.024654 0.023098 0.021386 0.019568 0.017694 0.015812 0.013963 0.012186 0.010511 0.008959 0.007547 0.006283 0.005170 0.004204 0.003378 0.002683 0.002107 0.001635 0.001253 0.000950 0.000712 0.000527 0.000386 0.000279 0.000200 0.000141 0.000099 0.000068 0.000046 0.000031 0.000021 0.000014 0.000009 0.000006 0.000004 0.000002 0.000001 0.000001 0.000001 0.000000 0.000000 0.000000 0.000000 0.000000 0.000000 
0.000000 0.000000 0.000000 0.000000 0.000000 0.000000 0.000001 0.000001 0.000001 0.000002 0.000004 0.000006 0.000009 0.000014 0.000022 0.000033 0.000049 0.000073 0.000107 0.000154 0.000221 0.000312 0.000436 0.000602 0.000823 0.001111 0.001482 0.001955 0.002549 0.003284 0.004182 0.005264 0.006549 0.008052 0.009784 0.011750 0.013947 0.016359 0.018965 0.021727 0.024600 0.027526 0.030439 0.033264 0.035923 0.038340 0.040437 0.042148 0.043414 0.044192 0.044454 0.044192 0.043414 0.042148 0.040437 0.038340 0.035923 0.033264 0.030439 0.027526 0.024600 0.021727 0.018965 0.016359 0.013947 0.011750 0.009784 0.008052 0.006549 0.005264 0.004182 0.003284 0.002549 0.001955 0.001482 0.001111 0.000823 0.000602 0.000436 0.000312 0.000221 0.000154 0.000107 0.000073 0.000049 0.000033 0.000022 0.000014 0.000009 0.000006 0.000004 0.000002 0.000001 0.000001 0.000001 0.000000 0.000000 0.000000 0.000000 0.000000 
0.000000 0.000000 0.000000 0.000000 0.000000 0.000000 0.000001 0.000001 0.000002 0.000004 0.000006 0.000009 0.000014 0.000022 0.000034 0.000051 0.000076 0.000113 0.000165 0.000238 0.000341 0.000482 0.000673 0.000930 0.001270 0.001714 0.002287 0.003015 0.003930 0.005063 0.006446 0.008111 0.010089 0.012402 0.015067 0.018091 0.021469 0.025179 0.029185 0.033432 0.037848 0.042344 0.046820 0.051161 0.055248 0.058960 0.062183 0.064811 0.066755 0.067950 0.068353 0.067950 0.066755 0.064811 0.062183 0.058960 0.055248 0.051161 0.046820 0.042344 0.037848 0.033432 0.029185 0.025179 0.021469 0.018091 0.015067 0.012402 0.010089 0.008111 0.006446 0.005063 0.003930 0.003015 0.002287 0.001714 0.001270 0.000930 0.000673 0.000482 0.000341 0.000238 0.000165 0.000113 0.000076 0.000051 0.000034 0.000022 0.000014 0.000009 0.000006 0.000004 0.000002 0.000001 0.000001 0.000000 0.000000 0.000000 0.000000 0.000000 
0.000000 0.000000 0.000000 0.000000 0.000000 0.000001 0.000001 0.000002 0.000003 0.000005 0.000009 0.000014 0.000022 0.000034 0.000051 0.000078 0.000116 0.000172 0.000252 0.000364 0.000521 0.000736 0.001028 0.001420 0.001939 0.002616 0.003488 0.004599 0.005992 0.007717 0.009823 0.012358 0.015367 0.018887 0.022942 0.027542 0.032678 0.038320 0.044410 0.050866 0.057578 0.064413 0.071214 0.077809 0.084019 0.089659 0.094555 0.098547 0.101501 0.103317 0.103929 0.103317 0.101501 0.098547 0.094555 0.089659 0.084019 0.077809 0.071214 0.064413 0.057578 0.050866 0.044410 0.038320 0.032678 0.027542 0.022942 0.018887 0.015367 0.012358 0.009823 0.007717 0.005992 0.004599 0.003488 0.002616 0.001939 0.001420 0.001028 0.000736 0.000521 0.000364 0.000252 0.000172 0.000116 0.000078 0.000051 0.000034 0.000022 0.000014 0.000009 0.000005 0.000003 0.000002 0.000001 0.000001 0.000000 0.000000 0.000000 0.000000 
0.000000 0.000000 0.000000 0.000000 0.000001 0.000001 0.000002 0.000003 0.000005 0.000008 0.000013 0.000021 0.000033 0.000051 0.000078 0.000118 0.000176 0.000260 0.000381 0.000551 0.000787 0.001112 0.001553 0.002144 0.002925 0.003946 0.005261 0.006934 0.009033 0.011630 0.014801 0.018617 0.023146 0.028441 0.034541 0.041460 0.049184 0.057667 0.066823 0.076527 0.086615 0.096886 0.107106 0.117016 0.126345 0.134819 0.142173 0.148170 0.152608 0.155335 0.156254 0.155335 0.152608 0.148170 0.142173 0.134819 0.126345 0.117016 0.107106 0.096886 0.086615 0.076527 0.066823 0.057667 0.049184 0.041460 0.034541 0.028441 0.023146 0.018617 0.014801 0.011630 0.009033 0.006934 0.005261 0.003946 0.002925 0.002144 0.001553 0.001112 0.000787 0.000551 0.000381 0.000260 0.000176 0.000118 0.000078 0.000051 0.000033 0.000021 0.000013 0.000008 0.000005 0.000003 0.000002 0.000001 0.000001 0.000000 0.000000 0.000000 
0.000000 0.000000 0.000000 0.000001 0.000001 0.000002 0.000003 0.000005 0.000008 0.000012 0.000020 0.000031 0.000049 0.000076 0.000116 0.000176 0.000263 0.000389 0.000569 0.000823 0.001176 0.001660 0.002318 0.003199 0.004365 0.005886 0.007846 0.010337 0.013463 0.017330 0.022050 0.027731 0.034469 0.042347 0.051420 0.061710 0.073196 0.085808 0.099418 0.113842 0.128835 0.144098 0.159283 0.174008 0.187868 0.200456 0.211381 0.220288 0.226881 0.230930 0.232296 0.230930 0.226881 0.220288 0.211381 0.200456 0.187868 0.174008 0.159283 0.144098 0.128835 0.113842 0.099418 0.085808 0.073196 0.061710 0.051420 0.042347 0.034469 0.027731 0.022050 0.017330 0.013463 0.010337 0.007846 0.005886 0.004365 0.003199 0.002318 0.001660 0.001176 0.000823 0.000569 0.000389 0.000263 0.000176 0.000116 0.000076 0.000049 0.000031 0.000020 0.000012 0.000008 0.000005 0.000003 0.000002 0.000001 0.000001 0.000001 0.000001 
0.000000 0.000000 0.000001 0.000001 0.000002 0.000003 0.000004 0.000007 0.000011 0.000018 0.000029 0.000046 0.000073 0.000113 0.000172 0.000260 0.000389 0.000576 0.000841 0.001216 0.001736 0.002451 0.003422 0.004721 0.006439 0.008680 0.011568 0.015237 0.019840 0.025534 0.032481 0.040840 0.050754 0.062343 0.075687 0.090819 0.107707 0.126247 0.146253 0.167452 0.189485 0.211912 0.234223 0.255855 0.276215 0.294706 0.310753 0.323837 0.333519 0.339467 0.341473 0.339467 0.333519 0.323837 0.310753 0.294706 0.276215 0.255855 0.234223 0.211912 0.189485 0.167452 0.146253 0.126247 0.107707 0.090819 0.075687 0.062343 0.050754 0.040840 0.032481 0.025534 0.019840 0.015237 0.011568 0.008680 0.006439 0.004721 0.003422 0.002451 0.001736 0.001216 0.000841 0.000576 0.000389 0.000260 0.000172 0.000113 0.000073 0.000046 0.000029 0.000018 0.000011 0.000007 0.000004 0.000003 0.000002 0.000001 0.000001 0.000001 
0.000001 0.000001 0.000001 0.000001 0.000002 0.000004 0.000006 0.000010 0.000017 0.000027 0.000043 0.000068 0.000107 0.000165 0.000252 0.000381 0.000569 0.000841 0.001229 0.001775 0.002535 0.003578 0.004993 0.006887 0.009390 0.012656 0.016862 0.022206 0.028907 0.037195 0.047306 0.059468 0.073891 0.090746 0.110152 0.132154 0.156706 0.183655 0.212731 0.243538 0.275552 0.308136 0.340549 0.371973 0.401548 0.428405 0.451712 0.470714 0.484775 0.493413 0.496326 0.493413 0.484775 0.470714 0.451712 0.428405 0.401548 0.371973 0.340549 0.308136 0.275552 0.243538 0.212731 0.183655 0.156706 0.132154 0.110152 0.090746 0.073891 0.059468 0.047306 0.037195 0.028907 0.022206 0.016862 0.012656 0.009390 0.006887 0.004993 0.003578 0.002535 0.001775 0.001229 0.000841 0.000569 0.000381 0.000252 0.000165 0.000107 0.000068 0.000043 0.000027 0.000017 0.000010 0.000006 0.000004 0.000002 0.000002 0.000001 0.000001 
0.000001 0.000001 0.000001 0.000002 0.000003 0.000005 0.000009 0.000015 0.000024 0.000039 0.000062 0.000099 0.000154 0.000238 0.000364 0.000551 0.000823 0.001216 0.001775 0.002564 0.003659 0.005163 0.007203 0.009932 0.013539 0.018244 0.024301 0.031996 0.041642 0.053570 0.068118 0.085615 0.106360 0.130600 0.158502 0.190133 0.225424 0.264156 0.305940 0.350205 0.396202 0.443011 0.489571 0.534707 0.577183 0.615754 0.649225 0.676512 0.696704 0.709108 0.713291 0.709108 0.696704 0.676512 0.649225 0.615754 0.577183 0.534707 0.489571 0.443011 0.396202 0.350205 0.305940 0.264156 0.225424 0.190133 0.158502 0.130600 0.106360 0.085615 0.068118 0.053570 0.041642 0.031996 0.024301 0.018244 0.013539 0.009932 0.007203 0.005163 0.003659 0.002564 0.001775 0.001216 0.000823 0.000551 0.000364 0.000238 0.000154 0.000099 0.000062 0.000039 0.000024 0.000015 0.000009 0.000005 0.000003 0.000002 0.000002 0.000002 
0.000001 0.000001 0.000002 0.000003 0.000005 0.000008 0.000013 0.000021 0.000035 0.000056 0.000089 0.000141 0.000221 0.000341 0.000521 0.000787 0.001176 0.001736 0.002535 0.003659 0.005222 0.007366 0.010273 0.014162 0.019300 0.026001 0.034625 0.045579 0.059307 0.076279 0.096976 0.121863 0.151364 0.185830 0.225498 0.270458 0.320615 0.375655 0.435024 0.497911 0.563252 0.629741 0.695869 0.759971 0.820292 0.875063 0.922590 0.961336 0.990005 1.007616 1.013556 1.007616 0.990005 0.961336 0.922590 0.875063 0.820292 0.759971 0.695869 0.629741 0.563252 0.497911 0.435024 0.375655 0.320615 0.270458 0.225498 0.185830 0.151364 0.121863 0.096976 0.076279 0.059307 0.045579 0.034625 0.026001 0.019300 0.014162 0.010273 0.007366 0.005222 0.003659 0.002535 0.001736 0.001176 0.000787 0.000521 0.000341 0.000221 0.000141 0.000089 0.000056 0.000035 0.000021 0.000013 0.000008 0.000005 0.000003 0.000002 0.000002 
0.000002 0.000002 0.000003 0.000004 0.000007 0.000011 0.000018 0.000030 0.000049 0.000079 0.000126 0.000200 0.000312 0.000482 0.000736 0.001112 0.001660 0.002451 0.003578 0.005163 0.007366 0.010389 0.014484 0.019963 0.027199 0.036634 0.048774 0.064190 0.083506 0.107383 0.136494 0.171492 0.212972 0.261423 0.317180 0.380366 0.450845 0.528177 0.611581 0.699918 0.791691 0.885070 0.977934 1.067946 1.152642 1.229543 1.296269 1.350664 1.390913 1.415636 1.423974 1.415636 1.390913 1.350664 1.296269 1.229543 1.152642 1.067946 0.977934 0.885070 0.791691 0.699918 0.611581 0.528177 0.450845 0.380366 0.317180 0.261423 0.212972 0.171492 0.136494 0.107383 0.083506 0.064190 0.048774 0.036634 0.027199 0.019963 0.014484 0.010389 0.007366 0.005163 0.003578 0.002451 0.001660 0.001112 0.000736 0.000482 0.000312 0.000200 0.000126 0.000079 0.000049 0.000030 0.000018 0.000011 0.000007 0.000004 0.000003 0.000003 
0.000003 0.000003 0.000004 0.000006 0.000009 0.000015 0.000025 0.000042 0.000068 0.000111 0.000177 0.000279 0.000436 0.000673 0.001028 0.001553 0.002318 0.003422 0.004993 0.007203 0.010273 0.014484 0.020189 0.027819 0.037894 0.051027 0.067922 0.089372 0.116243 0.149452 0.189933 0.238593 0.296255 0.363597 0.441081 0.528877 0.626795 0.734218 0.850064 0.972748 1.100194 1.229856 1.358794 1.483762 1.601344 1.708097 1.800721 1.876227 1.932094 1.966411 1.977985 1.966411 1.932094 1.876227 1.800721 1.708097 1.601344 1.483762 1.358794 1.229856 1.100194 0.972748 0.850064 0.734218 0.626795 0.528877 0.441081 0.363597 0.296255 0.238593 0.189933 0.149452 0.116243 0.089372 0.067922 0.051027 0.037894 0.027819 0.020189 0.014484 0.010273 0.007203 0.004993 0.003422 0.002318 0.001553 0.001028 0.000673 0.000436 0.000279 0.000177 0.000111 0.000068 0.000042 0.000026 0.000015 0.000010 0.000006 0.000005 0.000005 
0.000004 0.000004 0.000005 0.000008 0.000013 0.000021 0.000035 0.000058 0.000095 0.000153 0.000244 0.000386 0.000602 0.000930 0.001420 0.002144 0.003199 0.004721 0.006887 0.009932 0.014162 0.019963 0.027819 0.038324 0.052192 0.070264 0.093510 0.123016 0.159972 0.205636 0.261290 0.328176 0.407423 0.499962 0.606420 0.727031 0.861527 1.009065 1.168151 1.336612 1.511593 1.689603 1.866605 2.038146 2.199538 2.346059 2.473183 2.576808 2.653479 2.700574 2.716457 2.700574 2.653479 2.576808 2.473183 2.346059 2.199538 2.038146 1.866605 1.689603 1.511593 1.336612 1.168151 1.009065 0.861527 0.727031 0.606420 0.499962 0.407423 0.328176 0.261290 0.205636 0.159972 0.123016 0.093510 0.070264 0.052192 0.038324 0.027819 0.019963 0.014162 0.009932 0.006887 0.004721 0.003199 0.002144 0.001420 0.000930 0.000602 0.000386 0.000244 0.000153 0.000095 0.000058 0.000035 0.000021 0.000013 0.000009 0.000007 0.000007 
0.000005 0.000005 0.000007 0.000011 0.000017 0.000029 0.000048 0.000079 0.000130 0.000209 0.000334 0.000527 0.000823 0.001270 0.001939 0.002925 0.004365 0.006439 0.009390 0.013539 0.019300 0.027199 0.037894 0.052192 0.071063 0.095650 0.127267 0.167393 0.217641 0.279718 0.355361 0.446256 0.553934 0.679651 0.824260 0.988070 1.170718 1.371052 1.587044 1.815743 2.053271 2.294891 2.535125 2.767931 2.986951 3.185781 3.358282 3.498892 3.602924 3.666824 3.688375 3.666824 3.602924 3.498892 3.358282 3.185781 2.986951 2.767931 2.535125 2.294891 2.053271 1.815743 1.587044 1.371052 1.170718 0.988070 0.824260 0.679651 0.553934 0.446256 0.355361 0.279718 0.217641 0.167393 0.127267 0.095650 0.071063 0.052192 0.037894 0.027199 0.019300 0.013539 0.009390 0.006439 0.004365 0.002925 0.001939 0.001270 0.000823 0.000527 0.000334 0.000209 0.000130 0.000079 0.000048 0.000029 0.000018 0.000012 0.000009 0.000009 
0.000007 0.000007 0.000009 0.000014 0.000023 0.000039 0.000065 0.000107 0.000175 0.000283 0.000451 0.000712 0.001111 0.001714 0.002616 0.003946 0.005886 0.008680 0.012656 0.018244 0.026001 0.036634 0.051027 0.070264 0.095650 0.128717 0.171232 0.225178 0.292720 0.376147 0.477789 0.599907 0.744550 0.913402 1.107601 1.327557 1.572780 1.841718 2.131647 2.438602 2.757380 3.081625 3.403985 3.716360 4.010220 4.276977 4.508402 4.697036 4.836596 4.922318 4.951228 4.922318 4.836596 4.697036 4.508402 4.276977 4.010220 3.716360 3.403985 3.081625 2.757380 2.438602 2.131647 1.841718 1.572780 1.327557 1.107601 0.913402 0.744550 0.599907 0.477789 0.376147 0.292720 0.225178 0.171232 0.128717 0.095650 0.070264 0.051027 0.036634 0.026001 0.018244 0.012656 0.008680 0.005886 0.003946 0.002616 0.001714 0.001111 0.000712 0.000451 0.000283 0.000175 0.000107 0.000065 0.000040 0.000024 0.000016 0.000012 0.000012 
0.000009 0.000009 0.000012 0.000019 0.000031 0.000052 0.000087 0.000143 0.000234 0.000377 0.000602 0.000950 0.001482 0.002287 0.003488 0.005261 0.007846 0.011568 0.016862 0.024301 0.034625 0.048774 0.067922 0.093510 0.127267 0.171232 0.227748 0.299445 0.389197 0.500039 0.635061 0.797257 0.989344 1.213550 1.471378 1.763369 2.088862 2.445797 2.830551 3.237863 3.660829 4.091015 4.518671 4.933056 5.322858 5.676693 5.983650 6.233843 6.418942 6.532633 6.570977 6.532633 6.418942 6.233843 5.983650 5.676693 5.322858 4.933056 4.518671 4.091015 3.660829 3.237863 2.830551 2.445797 2.088862 1.763369 1.471378 1.213550 0.989344 0.797257 0.635061 0.500039 0.389197 0.299445 0.227748 0.171232 0.127267 0.093510 0.067922 0.048774 0.034625 0.024301 0.016862 0.011568 0.007846 0.005261 0.003488 0.002287 0.001482 0.000950 0.000602 0.000377 0.000234 0.000144 0.000087 0.000053 0.000033 0.000021 0.000016 0.000016 
0.000012 0.000012 0.000016 0.000025 0.000042 0.000069 0.000115 0.000189 0.000309 0.000498 0.000795 0.001253 0.001955 0.003015 0.004599 0.006934 0.010337 0.015237 0.022206 0.031996 0.045579 0.064190 0.089372 0.123016 0.167393 0.225178 0.299445 0.393647 0.511549 0.657134 0.834450 1.047422 1.299607 1.593921 1.932329 2.315532 2.742656 3.210991 3.715780 4.250117 4.804946 5.369204 5.930106 6.473571 6.984769 7.448779 7.851298 8.179373 8.422085 8.571162 8.621439 8.571162 8.422085 8.179373 7.851298 7.448779 6.984769 6.473571 5.930106 5.369204 4.804946 4.250117 3.715780 3.210991 2.742656 2.315532 1.932329 1.593921 1.299607 1.047422 0.834450 0.657134 0.511549 0.393647 0.299445 0.225178 0.167393 0.123016 0.089372 0.064190 0.045579 0.031996 0.022206 0.015237 0.010337 0.006934 0.004599 0.003015 0.001955 0.001254 0.000795 0.000498 0.000309 0.000190 0.000115 0.000070 0.000043 0.000028 0.000022 0.000022 
0.000016 0.000016 0.000021 0.000033 0.000054 0.000090 0.000150 0.000247 0.000403 0.000650 0.001036 0.001635 0.002549 0.003930 0.005992 0.009033 0.013463 0.019840 0.028907 0.041642 0.059307 0.083506 0.116243 0.159972 0.217641 0.292720 0.389197 0.511549 0.664661 0.853693 1.083892 1.360341 1.687648 2.069586 2.508694 3.005870 3.559973 4.167477 4.822210 5.515209 6.234729 6.966426 7.693726 8.398375 9.061155 9.662730 10.184565 10.609877 10.924520 11.117774 11.182950 11.117774 10.924520 10.609877 10.184565 9.662730 9.061155 8.398375 7.693726 6.966426 6.234729 5.515209 4.822210 4.167477 3.559973 3.005870 2.508694 2.069586 1.687648 1.360341 1.083892 0.853693 0.664661 0.511549 0.389197 0.292720 0.217641 0.159972 0.116243 0.083506 0.059307 0.041642 0.028907 0.019840 0.013463 0.009033 0.005992 0.003930 0.002549 0.001635 0.001037 0.000650 0.000403 0.000248 0.000151 0.000092 0.000057 0.000037 0.000029 0.000029 
0.000021 0.000021 0.000028 0.000043 0.000070 0.000117 0.000194 0.000319 0.000520 0.000838 0.001336 0.002107 0.003284 0.005063 0.007717 0.011630 0.017330 0.025534 0.037195 0.053570 0.076279 0.107383 0.149452 0.205636 0.279718 0.376147 0.500039 0.657134 0.853693 1.096328 1.391763 1.746508 2.166462 2.656451 3.219720 3.857407 4.568039 5.347085 6.186622 7.075154 7.997623 8.935641 9.867965 10.771205 11.620736 12.391784 13.060608 13.605704 14.008955 14.256629 14.340158 14.256629 14.008955 13.605704 13.060608 12.391784 11.620736 10.771205 9.867965 8.935641 7.997623 7.075154 6.186622 5.347085 4.568039 3.857407 3.219720 2.656451 2.166462 1.746508 1.391763 1.096328 0.853693 0.657134 0.500039 0.376147 0.279718 0.205636 0.149452 0.107383 0.076279 0.053570 0.037195 0.025534 0.017330 0.011630 0.007717 0.005063 0.003284 0.002107 0.001336 0.000838 0.000520 0.000319 0.000195 0.000118 0.000073 0.000048 0.000037 0.000037 
0.000027 0.000027 0.000035 0.000055 0.000089 0.000149 0.000247 0.000407 0.000663 0.001068 0.001702 0.002683 0.004182 0.006446 0.009823 0.014801 0.022050 0.032481 0.047306 0.068118 0.096976 0.136494 0.189933 0.261290 0.355361 0.477789 0.635061 0.834450 1.083892 1.391763 1.766581 2.216587 2.749248 3.370669 4.084949 4.893517 5.794489 6.782111 7.846332 8.972575 10.141750 11.330558 12.512081 13.656687 14.733184 15.710194 16.557645 17.248306 17.759233 18.073037 18.178868 18.073037 17.759233 17.248306 16.557645 15.710194 14.733184 13.656687 12.512081 11.330558 10.141750 8.972575 7.846332 6.782111 5.794489 4.893517 4.084949 3.370669 2.749248 2.216587 1.766581 1.391763 1.083892 0.834450 0.635061 0.477789 0.355361 0.261290 0.189933 0.136494 0.096976 0.068118 0.047306 0.032481 0.022050 0.014801 0.009823 0.006446 0.004182 0.002684 0.001703 0.001068 0.000663 0.000407 0.000248 0.000151 0.000093 0.000061 0.000047 0.000047 
0.000034 0.000034 0.000045 0.000069 0.000113 0.000188 0.000311 0.000513 0.000835 0.001345 0.002144 0.003378 0.005264 0.008111 0.012358 0.018617 0.027731 0.040840 0.059468 0.085615 0.121863 0.171492 0.238593 0.328176 0.446256 0.599907 0.797257 1.047422 1.360341 1.746508 2.216587 2.780895 3.448776 4.227864 5.123279 6.136793 7.266031 8.503767 9.837395 11.248642 12.713588 14.203042 15.683288 17.117214 18.465758 19.689627 20.751171 21.616293 22.256269 22.649328 22.781886 22.649328 22.256269 21.616293 20.751171 19.689627 18.465758 17.117214 15.683288 14.203042 12.713588 11.248642 9.837395 8.503767 7.266031 6.136793 5.123279 4.227864 3.448776 2.780895 2.216587 1.746508 1.360341 1.047422 0.797257 0.599907 0.446256 0.328176 0.238593 0.171492 0.121863 0.085615 0.059468 0.040840 0.027731 0.018617 0.012358 0.008112 0.005264 0.003378 0.002144 0.001346 0.000835 0.000513 0.000313 0.000190 0.000118 0.000077 0.000059 0.000059 
0.000042 0.000042 0.000056 0.000086 0.000141 0.000234 0.000388 0.000638 0.001040 0.001675 0.002668 0.004204 0.006549 0.010089 0.015367 0.023146 0.034469 0.050754 0.073891 0.106360 0.151364 0.212972 0.296255 0.407423 0.553934 0.744550 0.989344 1.299607 1.687648 2.166462 2.749248 3.448776 4.276605 5.242173 6.351803 7.607669 9.006810 10.540258 12.192384 13.940545 15.755110 17.599925 19.433240 21.209104 22.879159 24.394761 25.709307 26.780593 27.573064 28.059778 28.223920 28.059778 27.573064 26.780593 25.709307 24.394761 22.879159 21.209104 19.433240 17.599925 15.755110 13.940545 12.192384 10.540258 9.006810 7.607669 6.351803 5.242173 4.276605 3.448776 2.749248 2.166462 1.687648 1.299607 0.989344 0.744550 0.553934 0.407423 0.296255 0.212972 0.151364 0.106360 0.073891 0.050754 0.034469 0.023146 0.015367 0.010089 0.006549 0.004204 0.002668 0.001675 0.001040 0.000639 0.000390 0.000237 0.000147 0.000096 0.000074 0.000074 
0.000052 0.000052 0.000069 0.000106 0.000173 0.000288 0.000478 0.000786 0.001279 0.002060 0.003282 0.005170 0.008052 0.012402 0.018887 0.028441 0.042347 0.062343 0.090746 0.130600 0.185830 0.261423 0.363597 0.499962 0.679651 0.913402 1.213550 1.593921 2.069586 2.656451 3.370669 4.227864 5.242173 6.425133 7.784463 9.322803 11.036503 12.914562 14.937825 17.078557 19.300471 21.559302 23.803943 25.978147 28.022729 29.878161 31.487411 32.798837 33.768933 34.364732 34.565662 34.364732 33.768933 32.798837 31.487411 29.878161 28.022729 25.978147 23.803943 21.559302 19.300471 17.078557 14.937825 12.914562 11.036503 9.322803 7.784463 6.425133 5.242173 4.227864 3.370669 2.656451 2.069586 1.593921 1.213550 0.913402 0.679651 0.499962 0.363597 0.261423 0.185830 0.130600 0.090746 0.062343 0.042347 0.028441 0.018887 0.012402 0.008052 0.005170 0.003282 0.002061 0.001280 0.000787 0.000480 0.000292 0.000181 0.000119 0.000091 0.000091 
0.000064 0.000064 0.000084 0.000129 0.000211 0.000351 0.000581 0.000956 0.001556 0.002505 0.003990 0.006283 0.009784 0.015067 0.022942 0.034541 0.051420 0.075687 0.110152 0.158502 0.225498 0.317180 0.441081 0.606420 0.824260 1.107601 1.471378 1.932329 2.508694 3.219720 4.084949 5.123279 6.351803 7.784463 9.430577 11.293315 13.368232 15.641988 18.091378 20.682816 23.372376 26.106482 28.823286 31.454728 33.929200 36.174681 38.122178 39.709218 40.883175 41.604171 41.847322 41.604171 40.883175 39.709218 38.122178 36.174681 33.929200 31.454728 28.823286 26.106482 23.372376 20.682816 18.091378 15.641988 13.368232 11.293315 9.430577 7.784463 6.351803 5.123279 4.084949 3.219720 2.508694 1.932329 1.471378 1.107601 0.824260 0.606420 0.441081 0.317180 0.225498 0.158502 0.110152 0.075687 0.051420 0.034541 0.022942 0.015067 0.009784 0.006283 0.003990 0.002506 0.001557 0.000957 0.000584 0.000356 0.000220 0.000145 0.000111 0.000111 
0.000077 0.000077 0.000101 0.000155 0.000254 0.000422 0.000699 0.001149 0.001870 0.003010 0.004793 0.007547 0.011750 0.018091 0.027542 0.041460 0.061710 0.090819 0.132154 0.190133 0.270458 0.380366 0.528877 0.727031 0.988070 1.327557 1.763369 2.315532 3.005870 3.857407 4.893517 6.136793 7.607669 9.322803 11.293315 13.522968 16.006415 18.727664 21.658930 24.760010 27.978337 31.249808 34.500435 37.648806 40.609270 43.295692 45.625557 47.524157 48.928561 49.791078 50.081955 49.791078 48.928561 47.524157 45.625557 43.295692 40.609270 37.648806 34.500435 31.249808 27.978337 24.760010 21.658930 18.727664 16.006415 13.522968 11.293315 9.322803 7.607669 6.136793 4.893517 3.857407 3.005870 2.315532 1.763369 1.327557 0.988070 0.727031 0.528877 0.380366 0.270458 0.190133 0.132154 0.090819 0.061710 0.041460 0.027542 0.018091 0.011751 0.007547 0.004793 0.003011 0.001871 0.001151 0.000702 0.000428 0.000264 0.000174 0.000134 0.000134 
0.000091 0.000091 0.000120 0.000184 0.000302 0.000501 0.000830 0.001365 0.002221 0.003575 0.005691 0.008959 0.013947 0.021469 0.032678 0.049184 0.073196 0.107707 0.156706 0.225424 0.320615 0.450845 0.626795 0.861527 1.170718 1.572780 2.088862 2.742656 3.559973 4.568039 5.794489 7.266031 9.006810 11.036503 13.368232 16.006415 18.944692 22.164121 25.631810 29.300189 33.107074 36.976647 40.821408 44.545088 48.046412 51.223542 53.978924 56.224235 57.885080 58.905082 59.249068 58.905082 57.885080 56.224235 53.978924 51.223542 48.046412 44.545088 40.821408 36.976647 33.107074 29.300189 25.631810 22.164121 18.944692 16.006415 13.368232 11.036503 9.006810 7.266031 5.794489 4.568039 3.559973 2.742656 2.088862 1.572780 1.170718 0.861527 0.626795 0.450845 0.320615 0.225424 0.156706 0.107707 0.073196 0.049184 0.032678 0.021469 0.013947 0.008959 0.005691 0.003576 0.002222 0.001367 0.000834 0.000508 0.000314 0.000207 0.000159 0.000159 
0.000107 0.000107 0.000141 0.000216 0.000354 0.000588 0.000975 0.001602 0.002607 0.004195 0.006678 0.010511 0.016359 0.025179 0.038320 0.057667 0.085808 0.126247 0.183655 0.264156 0.375655 0.528177 0.734218 1.009065 1.371052 1.841718 2.445797 3.210991 4.167477 5.347085 6.782111 8.503767 10.540258 12.914562 15.641988 18.727664 22.164121 25.929175 29.984342 34.273982 38.725378 43.249884 47.745208 52.098815 56.192330 59.906724 63.127983 65.752885 67.694486 68.886904 69.289033 68.886904 67.694486 65.752885 63.127983 59.906724 56.192330 52.098815 47.745208 43.249884 38.725378 34.273982 29.984342 25.929175 22.164121 18.727664 15.641988 12.914562 10.540258 8.503767 6.782111 5.347085 4.167477 3.210991 2.445797 1.841718 1.371052 1.009065 0.734218 0.528177 0.375655 0.264156 0.183655 0.126247 0.085808 0.057667 0.038320 0.025179 0.016359 0.010511 0.006678 0.004196 0.002608 0.001605 0.000980 0.000597 0.000369 0.000243 0.000187 0.000187 
0.000124 0.000124 0.000163 0.000251 0.000411 0.000683 0.001131 0.001859 0.003024 0.004866 0.007743 0.012186 0.018965 0.029185 0.044410 0.066823 0.099418 0.146253 0.212731 0.305940 0.435024 0.611581 0.850064 1.168151 1.587044 2.131647 2.830551 3.715780 4.822210 6.186622 7.846332 9.837395 12.192384 14.937825 18.091378 21.658930 25.631810 29.984342 34.672017 39.630503 44.775746 50.005290 55.200921 60.232601 64.963549 69.256241 72.978947 76.012415 78.256200 79.634190 80.098900 79.634190 78.256200 76.012415 72.978947 69.256241 64.963549 60.232601 55.200921 50.005290 44.775746 39.630503 34.672017 29.984342 25.631810 21.658930 18.091378 14.937825 12.192384 9.837395 7.846332 6.186622 4.822210 3.715780 2.830551 2.131647 1.587044 1.168151 0.850064 0.611581 0.435024 0.305940 0.212731 0.146253 0.099418 0.066823 0.044410 0.029185 0.018965 0.012187 0.007744 0.004867 0.003026 0.001862 0.001137 0.000693 0.000429 0.000282 0.000217 0.000217 
0.000143 0.000143 0.000187 0.000288 0.000472 0.000783 0.001297 0.002131 0.003466 0.005577 0.008874 0.013963 0.021727 0.033432 0.050866 0.076527 0.113842 0.167452 0.243538 0.350205 0.497911 0.699918 0.972748 1.336612 1.815743 2.438602 3.237863 4.250117 5.515209 7.075154 8.972575 11.248642 13.940545 17.078557 20.682816 24.760010 29.300189 34.273982 39.630503 45.296232 51.175122 57.150117 63.086174 68.834749 74.239610 79.143678 83.396506 86.861897 89.425137 90.999305 91.530171 90.999305 89.425137 86.861897 83.396506 79.143678 74.239610 68.834749 63.086174 57.150117 51.175122 45.296232 39.630503 34.273982 29.300189 24.760010 20.682816 17.078557 13.940545 11.248642 8.972575 7.075154 5.515209 4.250117 3.237863 2.438602 1.815743 1.336612 0.972748 0.699918 0.497911 0.350205 0.243538 0.167452 0.113842 0.076527 0.050866 0.033432 0.021727 0.013964 0.008874 0.005578 0.003468 0.002135 0.001304 0.000794 0.000492 0.000324 0.000249 0.000249 
0.000162 0.000162 0.000212 0.000327 0.000535 0.000887 0.001470 0.002415 0.003927 0.006317 0.010050 0.015812 0.024600 0.037848 0.057578 0.086615 0.128835 0.189485 0.275552 0.396202 0.563252 0.791691 1.100194 1.511593 2.053271 2.757380 3.660829 4.804946 6.234729 7.997623 10.141750 12.713588 15.755110 19.300471 23.372376 27.978337 33.107074 38.725378 44.775746 51.175122 57.815020 64.563243 71.267290 77.759428 83.863253 89.401413 94.204048 98.117395 101.011945 102.789569 103.389047 102.789569 101.011945 98.117395 94.204048 89.401413 83.863253 77.759428 71.267290 64.563243 57.815020 51.175122 44.775746 38.725378 33.107074 27.978337 23.372376 19.300471 15.755110 12.713588 10.141750 7.997623 6.234729 4.804946 3.660829 2.757380 2.053271 1.511593 1.100194 0.791691 0.563252 0.396202 0.275552 0.189485 0.128835 0.086615 0.057578 0.037848 0.024600 0.015812 0.010050 0.006318 0.003929 0.002419 0.001477 0.000900 0.000557 0.000367 0.000283 0.000283 
0.000181 0.000181 0.000238 0.000366 0.000599 0.000994 0.001646 0.002704 0.004396 0.007071 0.011248 0.017694 0.027526 0.042344 0.064413 0.096886 0.144098 0.211912 0.308136 0.443011 0.629741 0.885070 1.229856 1.689603 2.294891 3.081625 4.091015 5.369204 6.966426 8.935641 11.330558 14.203042 17.599925 21.559302 26.106482 31.249808 36.976647 43.249884 50.005290 57.150117 64.563243 72.097084 79.581406 86.828982 93.642917 99.825269 105.186461 109.554886 112.786011 114.770324 115.439502 114.770324 112.786011 109.554886 105.186461 99.825269 93.642917 86.828982 79.581406 72.097084 64.563243 57.150117 50.005290 43.249884 36.976647 31.249808 26.106482 21.559302 17.599925 14.203042 11.330558 8.935641 6.966426 5.369204 4.091015 3.081625 2.294891 1.689603 1.229856 0.885070 0.629741 0.443011 0.308136 0.211912 0.144098 0.096886 0.064413 0.042345 0.027526 0.017695 0.011248 0.007072 0.004398 0.002708 0.001654 0.001008 0.000624 0.000411 0.000317 0.000317 
0.000201 0.000201 0.000263 0.000405 0.000663 0.001100 0.001821 0.002991 0.004863 0.007821 0.012440 0.019568 0.030439 0.046820 0.071214 0.107106 0.159283 0.234223 0.340549 0.489571 0.695869 0.977934 1.358794 1.866605 2.535125 3.403985 4.518671 5.930106 7.693726 9.867965 12.512081 15.683288 19.433240 23.803943 28.823286 34.500435 40.821408 47.745208 55.200921 63.086174 71.267290 79.581406 87.840675 95.838515 103.357684 110.179792 116.095687 120.916045 124.481417 126.670986 127.409382 126.670986 124.481417 120.916045 116.095687 110.179792 103.357684 95.838515 87.840675 79.581406 71.267290 63.086174 55.200921 47.745208 40.821408 34.500435 28.823286 23.803943 19.433240 15.683288 12.512081 9.867965 7.693726 5.930106 4.518671 3.403985 2.535125 1.866605 1.358794 0.977934 0.695869 0.489571 0.340549 0.234223 0.159283 0.107106 0.071214 0.046820 0.030439 0.019569 0.012441 0.007823 0.004866 0.002996 0.001830 0.001116 0.000691 0.000455 0.000350 0.000350 
