0.000000 0.000000 0.000000 0.000000 0.000000 0.000000 0.000000 0.000000 0.000000 0.000000 0.000000 0.000001 0.000001 0.000002 0.000002 0.000003 0.000005 0.000007 0.000009 0.000013 0.000017 0.000023 0.000031 0.000041 0.000054 0.000070 0.000089 0.000114 0.000143 0.000178 0.000220 0.000268 0.000324 0.000388 0.000459 0.000538 0.000624 0.000717 0.000815 0.000917 0.001021 0.001125 0.001228 0.001326 0.001417 0.001499 0.001570 0.001628 0.001670 0.001696 0.001704 0.001696 0.001670 0.001628 0.001570 0.001499 0.001417 0.001326 0.001228 0.001125 0.001021 0.000917 0.000815 0.000717 0.000624 0.000538 0.000459 0.000388 0.000324 0.000268 0.000220 0.000178 0.000143 0.000114 0.000089 0.000070 0.000054 0.000041 0.000031 0.000023 0.000017 0.000013 0.000009 0.000007 0.000005 0.000003 0.000002 0.000002 0.000001 0.000001 0.000000 0.000000 0.000000 0.000000 0.000000 0.000000 0.000000 0.000000 0.000000 0.000000 
0.000000 0.000000 0.000000 0.000000 0.000000 0.000000 0.000000 0.000000 0.000000 0.000000 0.000000 0.000001 0.000001 0.000002 0.000002 0.000003 0.000005 0.000007 0.000009 0.000013 0.000017 0.000023 0.000031 0.000041 0.000054 0.000070 0.000089 0.000114 0.000143 0.000178 0.000220 0.000268 0.000324 0.000388 0.000459 0.000538 0.000624 0.000717 0.000815 0.000917 0.001021 0.001125 0.001228 0.001326 0.001417 0.001499 0.001570 0.001628 0.001670 0.001696 0.001704 0.001696 0.001670 0.001628 0.001570 0.001499 0.001417 0.001326 0.001228 0.001125 0.001021 0.000917 0.000815 0.000717 0.000624 0.000538 0.000459 0.000388 0.000324 0.000268 0.000220 0.000178 0.000143 0.000114 0.000089 0.000070 0.000054 0.000041 0.000031 0.000023 0.000017 0.000013 0.000009 0.000007 0.000005 0.000003 0.000002 0.000002 0.000001 0.000001 0.000000 0.000000 0.000000 0.000000 0.000000 0.000000 0.000000 0.000000 0.000000 0.000000 
0.000000 0.000000 0.000000 0.000000 0.000000 0.000000 0.000000 0.000000 0.000000 0.000000 0.000001 0.000001 0.000001 0.000002 0.000003 0.000004 0.000006 0.000008 0.000011 0.000016 0.000021 0.000029 0.000038 0.000051 0.000066 0.000086 0.000110 0.000140 0.000177 0.000220 0.000271 0.000331 0.000400 0.000478 0.000566 0.000663 0.000769 0.000883 0.001004 0.001129 0.001257 0.001386 0.001512 0.001632 0.001745 0.001846 0.001933 0.002003 0.002055 0.002087 0.002098 0.002087 0.002055 0.002003 0.001933 0.001846 0.001745 0.001632 0.001512 0.001386 0.001257 0.001129 0.001004 0.000883 0.000769 0.000663 0.000566 0.000478 0.000400 0.000331 0.000271 0.000220 0.000177 0.000140 0.000110 0.000086 0.000066 0.000051 0.000038 0.000029 0.000021 0.000016 0.000011 0.000008 0.000006 0.000004 0.000003 0.000002 0.000001 0.000001 0.000001 0.000000 0.000000 0.000000 0.000000 0.000000 0.000000 0.000000 0.000000 0.000000 
0.000000 0.000000 0.000000 0.000000 0.000000 0.000000 0.000000 0.000000 0.000000 0.000001 0.000001 0.000001 0.000002 0.000003 0.000004 0.000006 0.000008 0.000011 0.000016 0.000022 0.000030 0.000041 0.000054 0.000072 0.000094 0.000122 0.000156 0.000199 0.000250 0.000311 0.000383 0.000468 0.000565 0.000676 0.000800 0.000937 0.001086 0.001247 0.001417 0.001594 0.001775 0.001956 0.002133 0.002303 0.002462 0.002604 0.002727 0.002827 0.002900 0.002945 0.002960 0.002945 0.002900 0.002827 0.002727 0.002604 0.002462 0.002303 0.002133 0.001956 0.001775 0.001594 0.001417 0.001247 0.001086 0.000937 0.000800 0.000676 0.000565 0.000468 0.000383 0.000311 0.000250 0.000199 0.000156 0.000122 0.000094 0.000072 0.000054 0.000041 0.000030 0.000022 0.000016 0.000011 0.000008 0.000006 0.000004 0.000003 0.000002 0.000001 0.000001 0.000001 0.000000 0.000000 0.000000 0.000000 0.000000 0.000000 0.000000 0.000000 
0.000000 0.000000 0.000000 0.000000 0.000000 0.000000 0.000000 0.000000 0.000001 0.000001 0.000001 0.000002 0.000003 0.000004 0.000006 0.000009 0.000012 0.000017 0.000024 0.000033 0.000045 0.000061 0.000082 0.000108 0.000142 0.000184 0.000236 0.000299 0.000376 0.000469 0.000578 0.000705 0.000851 0.001017 0.001204 0.001410 0.001635 0.001877 0.002132 0.002398 0.002669 0.002942 0.003208 0.003464 0.003702 0.003916 0.004100 0.004250 0.004360 0.004427 0.004450 0.004427 0.004360 0.004250 0.004100 0.003916 0.003702 0.003464 0.003208 0.002942 0.002669 0.002398 0.002132 0.001877 0.001635 0.001410 0.001204 0.001017 0.000851 0.000705 0.000578 0.000469 0.000376 0.000299 0.000236 0.000184 0.000142 0.000108 0.000082 0.000061 0.000045 0.000033 0.000024 0.000017 0.000012 0.000009 0.000006 0.000004 0.000003 0.000002 0.000001 0.000001 0.000001 0.000000 0.000000 0.000000 0.000000 0.000000 0.000000 0.000000 
0.000000 0.000000 0.000000 0.000000 0.000000 0.000000 0.000000 0.000001 0.000001 0.000001 0.000002 0.000003 0.000004 0.000006 0.000009 0.000013 0.000019 0.000027 0.000037 0.000051 0.000070 0.000094 0.000126 0.000167 0.000218 0.000283 0.000363 0.000461 0.000580 0.000722 0.000889 0.001084 0.001309 0.001565 0.001852 0.002169 0.002514 0.002886 0.003278 0.003686 0.004103 0.004521 0.004931 0.005323 0.005688 0.006017 0.006300 0.006529 0.006698 0.006802 0.006836 0.006802 0.006698 0.006529 0.006300 0.006017 0.005688 0.005323 0.004931 0.004521 0.004103 0.003686 0.003278 0.002886 0.002514 0.002169 0.001852 0.001565 0.001309 0.001084 0.000889 0.000722 0.000580 0.000461 0.000363 0.000283 0.000218 0.000167 0.000126 0.000094 0.000070 0.000051 0.000037 0.000027 0.000019 0.000013 0.000009 0.000006 0.000004 0.000003 0.000002 0.000001 0.000001 0.000001 0.000000 0.000000 0.000000 0.000000 0.000000 0.000000 
0.000000 0.000000 0.000000 0.000000 0.000000 0.000000 0.000001 0.000001 0.000001 0.000002 0.000003 0.000005 0.000007 0.000010 0.000015 0.000021 0.000030 0.000042 0.000058 0.000079 0.000108 0.000146 0.000195 0.000258 0.000337 0.000437 0.000561 0.000712 0.000895 0.001114 0.001372 0.001673 0.002020 0.002414 0.002856 0.003345 0.003877 0.004449 0.005053 0.005682 0.006324 0.006967 0.007598 0.008202 0.008765 0.009271 0.009706 0.010059 0.010319 0.010478 0.010532 0.010478 0.010319 0.010059 0.009706 0.009271 0.008765 0.008202 0.007598 0.006967 0.006324 0.005682 0.005053 0.004449 0.003877 0.003345 0.002856 0.002414 0.002020 0.001673 0.001372 0.001114 0.000895 0.000712 0.000561 0.000437 0.000337 0.000258 0.000195 0.000146 0.000108 0.000079 0.000058 0.000042 0.000030 0.000021 0.000015 0.000010 0.000007 0.000005 0.000003 0.000002 0.000001 0.000001 0.000001 0.000000 0.000000 0.000000 0.000000 0.000000 
0.000000 0.000000 0.000000 0.000000 0.000000 0.000001 0.000001 0.000001 0.000002 0.000003 0.000005 0.000007 0.000011 0.000016 0.000022 0.000032 0.000046 0.000064 0.000089 0.000122 0.000167 0.000225 0.000300 0.000396 0.000519 0.000672 0.000862 0.001094 0.001375 0.001711 0.002107 0.002570 0.003102 0.003706 0.004383 0.005132 0.005949 0.006825 0.007752 0.008715 0.009699 0.010685 0.011652 0.012577 0.013439 0.014214 0.014881 0.015421 0.015819 0.016063 0.016145 0.016063 0.015819 0.015421 0.014881 0.014214 0.013439 0.012577 0.011652 0.010685 0.009699 0.008715 0.007752 0.006825 0.005949 0.005132 0.004383 0.003706 0.003102 0.002570 0.002107 0.001711 0.001375 0.001094 0.000862 0.000672 0.000519 0.000396 0.000300 0.000225 0.000167 0.000122 0.000089 0.000064 0.000046 0.000032 0.000022 0.000016 0.000011 0.000007 0.000005 0.000003 0.000002 0.000001 0.000001 0.000001 0.000000 0.000000 0.000000 0.000000 
0.000000 0.000000 0.000000 0.000000 0.000001 0.000001 0.000001 0.000002 0.000003 0.000005 0.000007 0.000011 0.000016 0.000024 0.000034 0.000049 0.000070 0.000098 0.000136 0.000187 0.000254 0.000343 0.000458 0.000605 0.000791 0.001025 0.001314 0.001668 0.002096 0.002607 0.003211 0.003914 0.004724 0.005644 0.006675 0.007814 0.009056 0.010389 0.011798 0.013263 0.014759 0.016258 0.017727 0.019134 0.020444 0.021621 0.022635 0.023457 0.024062 0.024432 0.024557 0.024432 0.024062 0.023457 0.022635 0.021621 0.020444 0.019134 0.017727 0.016258 0.014759 0.013263 0.011798 0.010389 0.009056 0.007814 0.006675 0.005644 0.004724 0.003914 0.003211 0.002607 0.002096 0.001668 0.001314 0.001025 0.000791 0.000605 0.000458 0.000343 0.000254 0.000187 0.000136 0.000098 0.000070 0.000049 0.000034 0.000024 0.000016 0.000011 0.000007 0.000005 0.000003 0.000002 0.000001 0.000001 0.000001 0.000000 0.000000 0.000000 
0.000000 0.000000 0.000000 0.000001 0.000001 0.000001 0.000002 0.000003 0.000005 0.000007 0.000011 0.000017 0.000025 0.000036 0.000052 0.000074 0.000106 0.000148 0.000206 0.000283 0.000385 0.000519 0.000692 0.000915 0.001196 0.001549 0.001985 0.002520 0.003166 0.003937 0.004848 0.005909 0.007130 0.008517 0.010072 0.011790 0.013662 0.015671 0.017795 0.020003 0.022257 0.024515 0.026729 0.028849 0.030821 0.032595 0.034123 0.035360 0.036271 0.036829 0.037017 0.036829 0.036271 0.035360 0.034123 0.032595 0.030821 0.028849 0.026729 0.024515 0.022257 0.020003 0.017795 0.015671 0.013662 0.011790 0.010072 0.008517 0.007130 0.005909 0.004848 0.003937 0.003166 0.002520 0.001985 0.001549 0.001196 0.000915 0.000692 0.000519 0.000385 0.000283 0.000206 0.000148 0.000106 0.000074 0.000052 0.000036 0.000025 0.000017 0.000011 0.000007 0.000005 0.000003 0.000002 0.000001 0.000001 0.000001 0.000001 0.000001 
0.000000 0.000000 0.000001 0.000001 0.000001 0.000002 0.000003 0.000005 0.000007 0.000011 0.000017 0.000025 0.000037 0.000054 0.000078 0.000112 0.000158 0.000222 0.000308 0.000424 0.000577 0.000777 0.001037 0.001370 0.001791 0.002319 0.002972 0.003771 0.004736 0.005890 0.007251 0.008837 0.010661 0.012733 0.015055 0.017621 0.020416 0.023417 0.026588 0.029883 0.033248 0.036619 0.039923 0.043086 0.046030 0.048677 0.050956 0.052803 0.054162 0.054995 0.055275 0.054995 0.054162 0.052803 0.050956 0.048677 0.046030 0.043086 0.039923 0.036619 0.033248 0.029883 0.026588 0.023417 0.020416 0.017621 0.015055 0.012733 0.010661 0.008837 0.007251 0.005890 0.004736 0.003771 0.002972 0.002319 0.001791 0.001370 0.001037 0.000777 0.000577 0.000424 0.000308 0.000222 0.000158 0.000112 0.000078 0.000054 0.000037 0.000025 0.000017 0.000011 0.000007 0.000005 0.000003 0.000002 0.000001 0.000001 0.000001 0.000001 
0.000001 0.000001 0.000001 0.000001 0.000002 0.000003 0.000005 0.000007 0.000011 0.000017 0.000025 0.000037 0.000055 0.000080 0.000116 0.000166 0.000235 0.000330 0.000458 0.000629 0.000856 0.001153 0.001538 0.002031 0.002656 0.003437 0.004405 0.005588 0.007018 0.008726 0.010740 0.013088 0.015788 0.018853 0.022288 0.026084 0.030218 0.034656 0.039344 0.044217 0.049192 0.054174 0.059059 0.063735 0.068085 0.071998 0.075367 0.078095 0.080105 0.081335 0.081749 0.081335 0.080105 0.078095 0.075367 0.071998 0.068085 0.063735 0.059059 0.054174 0.049192 0.044217 0.039344 0.034656 0.030218 0.026084 0.022288 0.018853 0.015788 0.013088 0.010740 0.008726 0.007018 0.005588 0.004405 0.003437 0.002656 0.002031 0.001538 0.001153 0.000856 0.000629 0.000458 0.000330 0.000235 0.000166 0.000116 0.000080 0.000055 0.000037 0.000025 0.000017 0.000011 0.000007 0.000005 0.000003 0.000002 0.000001 0.000001 0.000001 
0.000001 0.000001 0.000001 0.000002 0.000003 0.000004 0.000007 0.000011 0.000016 0.000025 0.000037 0.000055 0.000081 0.000118 0.000171 0.000244 0.000346 0.000485 0.000673 0.000925 0.001258 0.001695 0.002260 0.002984 0.003900 0.005047 0.006466 0.008201 0.010298 0.012802 0.015755 0.019196 0.023153 0.027645 0.032677 0.038237 0.044294 0.050793 0.057659 0.064794 0.072079 0.079374 0.086525 0.093370 0.099738 0.105466 0.110396 0.114390 0.117331 0.119132 0.119738 0.119132 0.117331 0.114390 0.110396 0.105466 0.099738 0.093370 0.086525 0.079374 0.072079 0.064794 0.057659 0.050793 0.044294 0.038237 0.032677 0.027645 0.023153 0.019196 0.015755 0.012802 0.010298 0.008201 0.006466 0.005047 0.003900 0.002984 0.002260 0.001695 0.001258 0.000925 0.000673 0.000485 0.000346 0.000244 0.000171 0.000118 0.000081 0.000055 0.000037 0.000025 0.000016 0.000011 0.000007 0.000005 0.000003 0.000002 0.000002 0.000002 
0.000002 0.000002 0.000002 0.000003 0.000004 0.000006 0.000010 0.000016 0.000024 0.000036 0.000054 0.000080 0.000118 0.000173 0.000249 0.000356 0.000504 0.000706 0.000980 0.001346 0.001831 0.002466 0.003288 0.004340 0.005671 0.007338 0.009399 0.011919 0.014965 0.018600 0.022888 0.027881 0.033624 0.040143 0.047444 0.055511 0.064296 0.073723 0.083681 0.094029 0.104591 0.115169 0.125538 0.135460 0.144693 0.152996 0.160143 0.165932 0.170195 0.172805 0.173684 0.172805 0.170195 0.165932 0.160143 0.152996 0.144693 0.135460 0.125538 0.115169 0.104591 0.094029 0.083681 0.073723 0.064296 0.055511 0.047444 0.040143 0.033624 0.027881 0.022888 0.018600 0.014965 0.011919 0.009399 0.007338 0.005671 0.004340 0.003288 0.002466 0.001831 0.001346 0.000980 0.000706 0.000504 0.000356 0.000249 0.000173 0.000118 0.000080 0.000054 0.000036 0.000024 0.000016 0.000010 0.000007 0.000004 0.000003 0.000003 0.000003 
0.000002 0.000002 0.000003 0.000004 0.000006 0.000009 0.000015 0.000022 0.000034 0.000052 0.000078 0.000116 0.000171 0.000249 0.000360 0.000514 0.000727 0.001019 0.001413 0.001941 0.002639 0.003553 0.004736 0.006250 0.008166 0.010564 0.013530 0.017155 0.021534 0.026761 0.032925 0.040103 0.048356 0.057724 0.068215 0.079804 0.092425 0.105965 0.120268 0.135128 0.150296 0.165484 0.180372 0.194618 0.207873 0.219793 0.230053 0.238363 0.244482 0.248229 0.249491 0.248229 0.244482 0.238363 0.230053 0.219793 0.207873 0.194618 0.180372 0.165484 0.150296 0.135128 0.120268 0.105965 0.092425 0.079804 0.068215 0.057724 0.048356 0.040103 0.032925 0.026761 0.021534 0.017155 0.013530 0.010564 0.008166 0.006250 0.004736 0.003553 0.002639 0.001941 0.001413 0.001019 0.000727 0.000514 0.000360 0.000249 0.000171 0.000116 0.000078 0.000052 0.000034 0.000023 0.000015 0.000010 0.000006 0.000005 0.000004 0.000004 
0.000003 0.000003 0.000004 0.000006 0.000009 0.000013 0.000021 0.000032 0.000049 0.000074 0.000112 0.000166 0.000244 0.000356 0.000514 0.000734 0.001039 0.001455 0.002017 0.002770 0.003766 0.005069 0.006755 0.008914 0.011644 0.015061 0.019285 0.024448 0.030685 0.038128 0.046902 0.057119 0.068866 0.082197 0.097125 0.113613 0.131566 0.150826 0.171169 0.192303 0.213874 0.235471 0.256639 0.276895 0.295740 0.312686 0.327271 0.339085 0.347784 0.353110 0.354904 0.353110 0.347784 0.339085 0.327271 0.312686 0.295740 0.276895 0.256639 0.235471 0.213874 0.192303 0.171169 0.150826 0.131566 0.113613 0.097125 0.082197 0.068866 0.057119 0.046902 0.038128 0.030685 0.024448 0.019285 0.015061 0.011644 0.008914 0.006755 0.005069 0.003766 0.002770 0.002017 0.001455 0.001039 0.000734 0.000514 0.000356 0.000244 0.000166 0.000112 0.000075 0.000049 0.000032 0.000021 0.000014 0.000009 0.000007 0.000005 0.000005 
0.000005 0.000005 0.000006 0.000008 0.000012 0.000019 0.000030 0.000046 0.000070 0.000106 0.000158 0.000235 0.000346 0.000504 0.000727 0.001039 0.001469 0.002057 0.002852 0.003915 0.005321 0.007161 0.009542 0.012588 0.016441 0.021261 0.027220 0.034502 0.043297 0.053791 0.066161 0.080562 0.097118 0.115904 0.136938 0.160167 0.185459 0.212589 0.241241 0.271006 0.301383 0.331795 0.361601 0.390121 0.416654 0.440511 0.461045 0.477676 0.489922 0.497420 0.499945 0.497420 0.489922 0.477676 0.461045 0.440511 0.416654 0.390121 0.361601 0.331795 0.301383 0.271006 0.241241 0.212589 0.185459 0.160167 0.136938 0.115904 0.097118 0.080562 0.066161 0.053791 0.043297 0.034502 0.027220 0.021261 0.016441 0.012588 0.009542 0.007161 0.005321 0.003915 0.002852 0.002057 0.001469 0.001039 0.000727 0.000504 0.000346 0.000235 0.000158 0.000106 0.000070 0.000046 0.000030 0.000020 0.000013 0.000009 0.000008 0.000008 
0.000007 0.000007 0.000008 0.000011 0.000017 0.000027 0.000042 0.000064 0.000098 0.000148 0.000222 0.000330 0.000485 0.000706 0.001019 0.001455 0.002057 0.002879 0.003991 0.005478 0.007445 0.010017 0.013345 0.017602 0.022986 0.029720 0.038043 0.048214 0.060494 0.075146 0.092414 0.112516 0.135621 0.161836 0.191185 0.223594 0.258876 0.296720 0.336683 0.378194 0.420556 0.462964 0.504526 0.544291 0.581284 0.614546 0.643172 0.666358 0.683429 0.693882 0.697402 0.693882 0.683429 0.666358 0.643172 0.614546 0.581284 0.544291 0.504526 0.462964 0.420556 0.378194 0.336683 0.296720 0.258876 0.223594 0.191185 0.161836 0.135621 0.112516 0.092414 0.075146 0.060494 0.048214 0.038043 0.029720 0.022986 0.017602 0.013345 0.010017 0.007445 0.005478 0.003991 0.002879 0.002057 0.001455 0.001019 0.000706 0.000485 0.000330 0.000222 0.000148 0.000098 0.000064 0.000042 0.000027 0.000018 0.000013 0.000011 0.000011 
0.000009 0.000009 0.000011 0.000016 0.000024 0.000037 0.000058 0.000089 0.000136 0.000206 0.000308 0.000458 0.000673 0.000980 0.001413 0.002017 0.002852 0.003991 0.005532 0.007591 0.010314 0.013875 0.018481 0.024372 0.031822 0.041136 0.052649 0.066714 0.083695 0.103951 0.127822 0.155606 0.187538 0.223762 0.264313 0.309087 0.357826 0.410099 0.465295 0.522624 0.581125 0.639686 0.697074 0.751978 0.803053 0.848974 0.888495 0.920503 0.944071 0.958500 0.963359 0.958500 0.944071 0.920503 0.888495 0.848974 0.803053 0.751978 0.697074 0.639686 0.581125 0.522624 0.465295 0.410099 0.357826 0.309087 0.264313 0.223762 0.187538 0.155606 0.127822 0.103951 0.083695 0.066714 0.052649 0.041136 0.031822 0.024372 0.018481 0.013875 0.010314 0.007591 0.005532 0.003991 0.002852 0.002017 0.001413 0.000980 0.000673 0.000458 0.000308 0.000206 0.000136 0.000089 0.000058 0.000038 0.000026 0.000018 0.000015 0.000015 
0.000013 0.000013 0.000016 0.000022 0.000033 0.000051 0.000079 0.000122 0.000187 0.000283 0.000424 0.000629 0.000925 0.001346 0.001941 0.002770 0.003915 0.005478 0.007591 0.010415 0.014148 0.019029 0.025341 0.033413 0.043620 0.056379 0.072147 0.091407 0.114657 0.142388 0.175063 0.213090 0.256787 0.306354 0.361836 0.423089 0.489760 0.561259 0.636750 0.715153 0.795152 0.875228 0.953697 1.028766 1.098595 1.161376 1.215406 1.259163 1.291381 1.311106 1.317748 1.311106 1.291381 1.259163 1.215406 1.161376 1.098595 1.028766 0.953697 0.875228 0.795152 0.715153 0.636750 0.561259 0.489760 0.423089 0.361836 0.306354 0.256787 0.213090 0.175063 0.142388 0.114657 0.091407 0.072147 0.056379 0.043620 0.033413 0.025341 0.019029 0.014148 0.010415 0.007591 0.005478 0.003915 0.002770 0.001941 0.001346 0.000925 0.000629 0.000424 0.000283 0.000187 0.000123 0.000080 0.000052 0.000035 0.000025 0.000020 0.000020 
0.000017 0.000017 0.000021 0.000030 0.000045 0.000070 0.000108 0.000167 0.000254 0.000385 0.000577 0.000856 0.001258 0.001831 0.002639 0.003766 0.005321 0.007445 0.010314 0.014148 0.019215 0.025840 0.034406 0.045358 0.059204 0.076510 0.097894 0.124010 0.155531 0.193122 0.237410 0.288946 0.348160 0.415321 0.490486 0.573465 0.663774 0.760614 0.862854 0.969029 1.077359 1.185786 1.292032 1.393668 1.488207 1.573201 1.646344 1.705580 1.749193 1.775896 1.784887 1.775896 1.749193 1.705580 1.646344 1.573201 1.488207 1.393668 1.292032 1.185786 1.077359 0.969029 0.862854 0.760614 0.663774 0.573465 0.490486 0.415321 0.348160 0.288946 0.237410 0.193122 0.155531 0.124010 0.097894 0.076510 0.059204 0.045358 0.034406 0.025840 0.019215 0.014148 0.010314 0.007445 0.005321 0.003766 0.002639 0.001831 0.001258 0.000856 0.000577 0.000385 0.000255 0.000167 0.000109 0.000072 0.000048 0.000034 0.000028 0.000028 
0.000023 0.000023 0.000029 0.000041 0.000061 0.000094 0.000146 0.000225 0.000343 0.000519 0.000777 0.001153 0.001695 0.002466 0.003553 0.005069 0.007161 0.010017 0.013875 0.019029 0.025840 0.034744 0.046253 0.060966 0.079565 0.102807 0.131522 0.166586 0.208901 0.259359 0.318799 0.387958 0.467412 0.557519 0.658356 0.769664 0.890795 1.020675 1.157787 1.300165 1.445424 1.590806 1.733254 1.869516 1.996257 2.110198 2.208250 2.287656 2.346119 2.381913 2.393966 2.381913 2.346119 2.287656 2.208250 2.110198 1.996257 1.869516 1.733254 1.590806 1.445424 1.300165 1.157787 1.020675 0.890795 0.769664 0.658356 0.557519 0.467412 0.387958 0.318799 0.259359 0.208901 0.166586 0.131522 0.102807 0.079565 0.060966 0.046253 0.034744 0.025840 0.019029 0.013875 0.010017 0.007161 0.005069 0.003553 0.002466 0.001695 0.001153 0.000777 0.000519 0.000343 0.000225 0.000147 0.000096 0.000065 0.000046 0.000038 0.000038 
0.000031 0.000031 0.000038 0.000054 0.000082 0.000126 0.000195 0.000300 0.000458 0.000692 0.001037 0.001538 0.002260 0.003288 0.004736 0.006755 0.009542 0.013345 0.018481 0.025341 0.034406 0.046253 0.061565 0.081137 0.105872 0.136780 0.174960 0.221575 0.277823 0.344886 0.423879 0.515776 0.621342 0.741050 0.875000 1.022846 1.183725 1.356212 1.538288 1.727346 1.920216 2.113238 2.302357 2.483254 2.651505 2.802757 2.932914 3.038318 3.115921 3.163432 3.179430 3.163432 3.115921 3.038318 2.932914 2.802757 2.651505 2.483254 2.302357 2.113238 1.920216 1.727346 1.538288 1.356212 1.183725 1.022846 0.875000 0.741050 0.621342 0.515776 0.423879 0.344886 0.277823 0.221575 0.174960 0.136780 0.105872 0.081137 0.061565 0.046253 0.034406 0.025341 0.018481 0.013345 0.009542 0.006755 0.004736 0.003288 0.002260 0.001538 0.001037 0.000693 0.000458 0.000301 0.000197 0.000129 0.000086 0.000062 0.000050 0.000050 
0.000041 0.000041 0.000051 0.000072 0.000108 0.000167 0.000258 0.000396 0.000605 0.000915 0.001370 0.002031 0.002984 0.004340 0.006250 0.008914 0.012588 0.017602 0.024372 0.033413 0.045358 0.060966 0.081137 0.106914 0.139488 0.180185 0.230448 0.291810 0.365843 0.454100 0.558044 0.678956 0.817838 0.975309 1.151500 1.345951 1.557526 1.784349 2.023766 2.272346 2.525924 2.779688 3.028307 3.266107 3.487275 3.686093 3.857175 3.995719 4.097719 4.160166 4.181193 4.160166 4.097719 3.995719 3.857175 3.686093 3.487275 3.266107 3.028307 2.779688 2.525924 2.272346 2.023766 1.784349 1.557526 1.345951 1.151500 0.975309 0.817838 0.678956 0.558044 0.454100 0.365843 0.291810 0.230448 0.180185 0.139488 0.106914 0.081137 0.060966 0.045358 0.033413 0.024372 0.017602 0.012588 0.008914 0.006250 0.004340 0.002984 0.002032 0.001370 0.000915 0.000606 0.000398 0.000260 0.000170 0.000114 0.000082 0.000067 0.000067 
0.000054 0.000054 0.000066 0.000094 0.000142 0.000218 0.000337 0.000519 0.000791 0.001196 0.001791 0.002656 0.003900 0.005671 0.008166 0.011644 0.016441 0.022986 0.031822 0.043620 0.059204 0.079565 0.105872 0.139488 0.181961 0.235017 0.300538 0.380516 0.476997 0.592002 0.727434 0.884956 1.065872 1.270984 1.500458 1.753693 2.029207 2.324555 2.636280 2.959916 3.290040 3.620387 3.944022 4.253561 4.541440 4.800217 5.022891 5.203208 5.335961 5.417236 5.444602 5.417236 5.335961 5.203208 5.022891 4.800217 4.541440 4.253561 3.944022 3.620387 3.290040 2.959916 2.636280 2.324555 2.029207 1.753693 1.500458 1.270984 1.065872 0.884956 0.727434 0.592002 0.476997 0.380516 0.300538 0.235017 0.181961 0.139488 0.105872 0.079565 0.059204 0.043620 0.031822 0.022986 0.016441 0.011644 0.008166 0.005671 0.003900 0.002656 0.001791 0.001197 0.000792 0.000520 0.000340 0.000223 0.000150 0.000107 0.000087 0.000087 
0.000070 0.000070 0.000086 0.000122 0.000184 0.000283 0.000437 0.000672 0.001025 0.001549 0.002319 0.003437 0.005047 0.007338 0.010564 0.015061 0.021261 0.029720 0.041136 0.056379 0.076510 0.102807 0.136780 0.180185 0.235017 0.303505 0.388072 0.491285 0.615781 0.764165 0.938884 1.142082 1.375434 1.639971 1.935902 2.262450 2.617699 2.998495 3.400380 3.817594 4.243149 4.668971 5.086122 5.485086 5.856120 6.189636 6.476614 6.708999 6.880083 6.984823 7.020090 6.984823 6.880083 6.708999 6.476614 6.189636 5.856120 5.485086 5.086122 4.668971 4.243149 3.817594 3.400380 2.998495 2.617699 2.262450 1.935902 1.639971 1.375434 1.142082 0.938884 0.764165 0.615781 0.491285 0.388072 0.303505 0.235017 0.180185 0.136780 0.102807 0.076510 0.056379 0.041136 0.029720 0.021261 0.015061 0.010564 0.007338 0.005047 0.003438 0.002319 0.001550 0.001026 0.000674 0.000441 0.000289 0.000194 0.000139 0.000113 0.000113 
0.000089 0.000089 0.000110 0.000156 0.000236 0.000363 0.000561 0.000862 0.001314 0.001985 0.002972 0.004405 0.006466 0.009399 0.013530 0.019285 0.027220 0.038043 0.052649 0.072147 0.097894 0.131522 0.174960 0.230448 0.300538 0.388072 0.496142 0.628026 0.787088 0.976648 1.199830 1.459364 1.757384 2.095203 2.473082 2.890021 3.343575 3.829711 4.342737 4.875301 5.418482 5.961977 6.494381 7.003555 7.477066 7.902685 8.268904 8.565451 8.783768 8.917424 8.962427 8.917424 8.783768 8.565451 8.268904 7.902685 7.477066 7.003555 6.494381 5.961977 5.418482 4.875301 4.342737 3.829711 3.343575 2.890021 2.473082 2.095203 1.757384 1.459364 1.199830 0.976648 0.787088 0.628026 0.496142 0.388072 0.300538 0.230448 0.174960 0.131522 0.097894 0.072147 0.052649 0.038043 0.027220 0.019285 0.013530 0.009399 0.006466 0.004405 0.002972 0.001986 0.001316 0.000865 0.000566 0.000371 0.000249 0.000178 0.000145 0.000145 
0.000114 0.000114 0.000140 0.000199 0.000299 0.000461 0.000712 0.001094 0.001668 0.002520 0.003771 0.005588 0.008201 0.011919 0.017155 0.024448 0.034502 0.048214 0.066714 0.091407 0.124010 0.166586 0.221575 0.291810 0.380516 0.491285 0.628026 0.794880 0.996096 1.235870 1.518142 1.846361 2.223219 2.650367 3.128130 3.655239 4.228596 4.843102 5.491560 6.164674 6.851173 7.538036 8.210854 8.854291 9.452642 9.990459 10.453207 10.827910 11.103763 11.272641 11.329504 11.272641 11.103763 10.827910 10.453207 9.990459 9.452642 8.854291 8.210854 7.538036 6.851173 6.164674 5.491560 4.843102 4.228596 3.655239 3.128130 2.650367 2.223219 1.846361 1.518142 1.235870 0.996096 0.794880 0.628026 0.491285 0.380516 0.291810 0.221575 0.166586 0.124010 0.091407 0.066714 0.048214 0.034502 0.024448 0.017155 0.011920 0.008201 0.005588 0.003771 0.002521 0.001670 0.001098 0.000718 0.000471 0.000316 0.000226 0.000185 0.000185 
0.000143 0.000143 0.000177 0.000250 0.000376 0.000580 0.000895 0.001375 0.002096 0.003166 0.004736 0.007018 0.010298 0.014965 0.021534 0.030685 0.043297 0.060494 0.083695 0.114657 0.155531 0.208901 0.277823 0.365843 0.476997 0.615781 0.787088 0.996096 1.248122 1.548413 1.901895 2.312878 2.784725 3.319493 3.917585 4.577403 5.295065 6.064185 6.875749 7.718128 8.577215 9.436719 10.278613 11.083714 11.832377 12.505282 13.084248 13.553050 13.898172 14.109456 14.180596 14.109456 13.898172 13.553050 13.084248 12.505282 11.832377 11.083714 10.278613 9.436719 8.577215 7.718128 6.875749 6.064185 5.295065 4.577403 3.917585 3.319493 2.784725 2.312878 1.901895 1.548413 1.248122 0.996096 0.787088 0.615781 0.476997 0.365843 0.277823 0.208901 0.155531 0.114657 0.083695 0.060494 0.043297 0.030685 0.021534 0.014965 0.010299 0.007019 0.004737 0.003167 0.002099 0.001380 0.000903 0.000593 0.000398 0.000284 0.000232 0.000232 
0.000178 0.000178 0.000220 0.000311 0.000469 0.000722 0.001114 0.001711 0.002607 0.003937 0.005890 0.008726 0.012802 0.018600 0.026761 0.038128 0.053791 0.075146 0.103951 0.142388 0.193122 0.259359 0.344886 0.454100 0.592002 0.764165 0.976648 1.235870 1.548413 1.920774 2.359054 2.868585 3.453527 4.116421 4.857755 5.675543 6.564967 7.518106 8.523790 9.567605 10.632072 11.697011 12.740090 13.737550 14.665059 15.498691 16.215931 16.796687 17.224221 17.485955 17.574082 17.485955 17.224221 16.796687 16.215931 15.498691 14.665059 13.737550 12.740090 11.697011 10.632072 9.567605 8.523790 7.518106 6.564967 5.675543 4.857755 4.116421 3.453527 2.868585 2.359054 1.920774 1.548413 1.235870 0.976648 0.764165 0.592002 0.454100 0.344886 0.259359 0.193122 0.142388 0.103951 0.075146 0.053791 0.038128 0.026762 0.018601 0.012803 0.008726 0.005891 0.003939 0.002611 0.001717 0.001124 0.000738 0.000495 0.000354 0.000289 0.000289 
0.000220 0.000220 0.000271 0.000383 0.000578 0.000889 0.001372 0.002107 0.003211 0.004848 0.007251 0.010740 0.015755 0.022888 0.032925 0.046902 0.066161 0.092414 0.127822 0.175063 0.237410 0.318799 0.423879 0.558044 0.727434 0.938884 1.199830 1.518142 1.901895 2.359054 2.897096 3.522559 4.240533 5.054128 5.963933 6.967500 8.058910 9.228437 10.462372 11.743030 13.048967 14.355429 15.635028 16.858621 17.996374 19.018944 19.898725 20.611079 21.135486 21.456522 21.564615 21.456522 21.135486 20.611079 19.898725 19.018944 17.996374 16.858621 15.635028 14.355429 13.048967 11.743030 10.462372 9.228437 8.058910 6.967500 5.963933 5.054128 4.240533 3.522559 2.897096 2.359054 1.901895 1.518142 1.199830 0.938884 0.727434 0.558044 0.423879 0.318799 0.237410 0.175063 0.127822 0.092414 0.066161 0.046902 0.032925 0.022888 0.015756 0.010741 0.007252 0.004850 0.003215 0.002114 0.001384 0.000909 0.000610 0.000436 0.000357 0.000357 
0.000268 0.000268 0.000331 0.000468 0.000705 0.001084 0.001673 0.002570 0.003914 0.005909 0.008837 0.013088 0.019196 0.027881 0.040103 0.057119 0.080562 0.112516 0.155606 0.213090 0.288946 0.387958 0.515776 0.678956 0.884956 1.142082 1.459364 1.846361 2.312878 2.868585 3.522559 4.282729 5.155271 6.143950 7.249470 8.468846 9.794877 11.215741 12.714779 14.270504 15.856870 17.443813 18.998070 20.484253 21.866138 23.108095 24.176607 25.041762 25.678648 26.068539 26.199815 26.068539 25.678648 25.041762 24.176607 23.108095 21.866138 20.484253 18.998070 17.443813 15.856870 14.270504 12.714779 11.215741 9.794877 8.468846 7.249470 6.143950 5.155271 4.282729 3.522559 2.868585 2.312878 1.846361 1.459364 1.142082 0.884956 0.678956 0.515776 0.387958 0.288946 0.213090 0.155606 0.112516 0.080562 0.057120 0.040103 0.027882 0.019196 0.013089 0.008838 0.005912 0.003919 0.002578 0.001688 0.001109 0.000744 0.000533 0.000435 0.000435 
0.000324 0.000324 0.000400 0.000565 0.000851 0.001309 0.002020 0.003102 0.004724 0.007130 0.010661 0.015788 0.023153 0.033624 0.048356 0.068866 0.097118 0.135621 0.187538 0.256787 0.348160 0.467412 0.621342 0.817838 1.065872 1.375434 1.757384 2.223219 2.784725 3.453527 4.240533 5.155271 6.205155 7.394704 8.724746 10.191683 11.786838 13.495986 15.299081 17.170279 19.078253 20.986850 22.856074 24.643377 26.305205 27.798726 29.083646 30.124008 30.889864 31.358705 31.516563 31.358705 30.889864 30.124008 29.083646 27.798726 26.305205 24.643377 22.856074 20.986850 19.078253 17.170279 15.299081 13.495986 11.786838 10.191683 8.724746 7.394704 6.205155 5.155271 4.240533 3.453527 2.784725 2.223219 1.757384 1.375434 1.065872 0.817838 0.621342 0.467412 0.348160 0.256787 0.187538 0.135622 0.097118 0.068866 0.048357 0.033624 0.023153 0.015789 0.010663 0.007134 0.004730 0.003112 0.002038 0.001339 0.000899 0.000643 0.000526 0.000526 
0.000388 0.000388 0.000478 0.000676 0.001017 0.001565 0.002414 0.003706 0.005644 0.008517 0.012733 0.018853 0.027645 0.040143 0.057724 0.082197 0.115904 0.161836 0.223762 0.306354 0.415321 0.557519 0.741050 0.975309 1.270984 1.639971 2.095203 2.650367 3.319493 4.116421 5.054128 6.143950 7.394704 8.811752 10.396071 12.143357 14.043267 16.078846 18.226219 20.454604 22.726698 24.999455 27.225255 29.353448 31.332185 33.110482 34.640376 35.879070 36.790916 37.349125 37.537073 37.349125 36.790916 35.879070 34.640376 33.110482 31.332185 29.353448 27.225255 24.999455 22.726698 20.454604 18.226219 16.078846 14.043267 12.143357 10.396071 8.811752 7.394704 6.143950 5.054128 4.116421 3.319493 2.650367 2.095203 1.639971 1.270984 0.975309 0.741050 0.557519 0.415321 0.306354 0.223762 0.161836 0.115904 0.082197 0.057724 0.040143 0.027646 0.018855 0.012736 0.008522 0.005651 0.003718 0.002435 0.001600 0.001075 0.000769 0.000629 0.000629 
0.000459 0.000459 0.000566 0.000800 0.001204 0.001852 0.002856 0.004383 0.006675 0.010072 0.015055 0.022288 0.032677 0.047444 0.068215 0.097125 0.136938 0.191185 0.264313 0.361836 0.490486 0.658356 0.875000 1.151500 1.500458 1.935902 2.473082 3.128130 3.917585 4.857755 5.963933 7.249470 8.724746 10.396071 12.264576 14.325171 16.565647 18.966000 21.498072 24.125565 26.804499 29.484124 32.108309 34.617350 36.950136 39.046576 40.850143 42.310400 43.385335 44.043379 44.264941 44.043379 43.385335 42.310400 40.850143 39.046576 36.950136 34.617350 32.108309 29.484124 26.804499 24.125565 21.498072 18.966000 16.565647 14.325171 12.264576 10.396071 8.724746 7.249470 5.963933 4.857755 3.917585 3.128130 2.473082 1.935902 1.500458 1.151500 0.875000 0.658356 0.490486 0.361836 0.264313 0.191185 0.136938 0.097125 0.068216 0.047445 0.032678 0.022290 0.015058 0.010077 0.006683 0.004398 0.002881 0.001893 0.001272 0.000910 0.000745 0.000745 
0.000538 0.000538 0.000663 0.000937 0.001410 0.002169 0.003345 0.005132 0.007814 0.011790 0.017621 0.026084 0.038237 0.055511 0.079804 0.113613 0.160167 0.223594 0.309087 0.423089 0.573465 0.769664 1.022846 1.345951 1.753693 2.262450 2.890021 3.655239 4.577403 5.675543 6.967500 8.468846 10.191683 12.143357 14.325171 16.731166 19.347071 22.149523 25.105639 28.173043 31.300392 34.428451 37.491707 40.420481 43.143455 45.590505 47.695670 49.400093 50.654755 51.422818 51.681421 51.422818 50.654755 49.400093 47.695670 45.590505 43.143455 40.420481 37.491707 34.428451 31.300392 28.173043 25.105639 22.149523 19.347071 16.731166 14.325171 12.143357 10.191683 8.468846 6.967500 5.675543 4.577403 3.655239 2.890021 2.262450 1.753693 1.345951 1.022846 0.769664 0.573465 0.423089 0.309087 0.223594 0.160167 0.113613 0.079805 0.055511 0.038238 0.026086 0.017624 0.011796 0.007824 0.005150 0.003374 0.002217 0.001490 0.001067 0.000873 0.000873 
0.000624 0.000624 0.000769 0.001086 0.001635 0.002514 0.003877 0.005949 0.009056 0.013662 0.020416 0.030218 0.044294 0.064296 0.092425 0.131566 0.185459 0.258876 0.357826 0.489760 0.663774 0.890795 1.183725 1.557526 2.029207 2.617699 3.343575 4.228596 5.295065 6.564967 8.058910 9.794877 11.786838 14.043267 16.565647 19.347071 22.371030 25.610502 29.027472 32.572955 36.187611 39.802983 43.343365 46.728237 49.875198 52.703221 55.136097 57.105825 58.555771 59.443375 59.742226 59.443375 58.555771 57.105825 55.136097 52.703221 49.875198 46.728237 43.343365 39.802983 36.187611 32.572955 29.027472 25.610502 22.371030 19.347071 16.565647 14.043267 11.786838 9.794877 8.058910 6.564967 5.295065 4.228596 3.343575 2.617699 2.029207 1.557526 1.183725 0.890795 0.663774 0.489760 0.357826 0.258876 0.185459 0.131566 0.092425 0.064297 0.044295 0.030220 0.020420 0.013669 0.009068 0.005969 0.003911 0.002571 0.001728 0.001237 0.001012 0.001012 
0.000717 0.000717 0.000883 0.001247 0.001877 0.002886 0.004449 0.006825 0.010389 0.015671 0.023417 0.034656 0.050793 0.073723 0.105965 0.150826 0.212589 0.296720 0.410099 0.561259 0.760614 1.020675 1.356212 1.784349 2.324555 2.998495 3.829711 4.843102 6.064185 7.518106 9.228437 11.215741 13.495986 16.078846 18.966000 22.149523 25.610502 29.317999 33.228502 37.285948 41.422432 45.559623 49.610902 53.484147 57.085085 60.321024 63.104782 65.358569 67.017602 68.033196 68.375141 68.033196 67.017602 65.358569 63.104782 60.321024 57.085085 53.484147 49.610902 45.559623 41.422432 37.285948 33.228502 29.317999 25.610502 22.149523 18.966000 16.078846 13.495986 11.215741 9.228437 7.518106 6.064185 4.843102 3.829711 2.998495 2.324555 1.784349 1.356212 1.020675 0.760614 0.561259 0.410099 0.296720 0.212589 0.150827 0.105966 0.073724 0.050794 0.034658 0.023422 0.015679 0.010403 0.006849 0.004488 0.002950 0.001983 0.001420 0.001162 0.001162 
0.000815 0.000815 0.001004 0.001417 0.002132 0.003278 0.005053 0.007752 0.011798 0.017795 0.026588 0.039344 0.057659 0.083681 0.120268 0.171169 0.241241 0.336683 0.465295 0.636750 0.862854 1.157787 1.538288 2.023766 2.636280 3.400380 4.342737 5.491560 6.875749 8.523790 10.462372 12.714779 15.299081 18.226219 21.498072 25.105639 29.027472 33.228502 37.659416 42.256690 46.943390 51.630773 56.220715 60.608863 64.688433 68.354434 71.508118 74.061380 75.940845 77.091372 77.478747 77.091372 75.940845 74.061380 71.508118 68.354434 64.688433 60.608863 56.220715 51.630773 46.943390 42.256690 37.659416 33.228502 29.027472 25.105639 21.498072 18.226219 15.299081 12.714779 10.462372 8.523790 6.875749 5.491560 4.342737 3.400380 2.636280 2.023766 1.538288 1.157787 0.862854 0.636750 0.465295 0.336683 0.241242 0.171170 0.120268 0.083682 0.057661 0.039347 0.026593 0.017804 0.011814 0.007778 0.005098 0.003352 0.002253 0.001614 0.001320 0.001320 
0.000917 0.000917 0.001129 0.001594 0.002398 0.003686 0.005682 0.008715 0.013263 0.020003 0.029883 0.044217 0.064794 0.094029 0.135128 0.192303 0.271006 0.378194 0.522624 0.715153 0.969029 1.300165 1.727346 2.272346 2.959916 3.817594 4.875301 6.164674 7.718128 9.567605 11.743030 14.270504 17.170279 20.454604 24.125565 28.173043 32.572955 37.285948 42.256690 47.413919 52.671331 57.929390 63.078036 68.000235 72.576227 76.688269 80.225619 83.089474 85.197554 86.488023 86.922515 86.488023 85.197554 83.089474 80.225619 76.688269 72.576227 68.000235 63.078036 57.929390 52.671331 47.413919 42.256690 37.285948 32.572955 28.173043 24.125565 20.454604 17.170279 14.270504 11.743030 9.567605 7.718128 6.164674 4.875301 3.817594 2.959916 2.272346 1.727346 1.300165 0.969029 0.715153 0.522624 0.378194 0.271006 0.192304 0.135129 0.094030 0.064796 0.044220 0.029889 0.020013 0.013281 0.008745 0.005732 0.003769 0.002534 0.001815 0.001485 0.001485 
0.001021 0.001021 0.001257 0.001775 0.002669 0.004103 0.006324 0.009699 0.014759 0.022257 0.033248 0.049192 0.072079 0.104591 0.150296 0.213874 0.301383 0.420556 0.581125 0.795152 1.077359 1.445424 1.920216 2.525924 3.290040 4.243149 5.418482 6.851173 8.577215 10.632072 13.048967 15.856870 19.078253 22.726698 26.804499 31.300392 36.187611 41.422432 46.943390 52.671331 58.510408 64.350079 70.068127 75.534592 80.616495 85.183095 89.111434 92.291810 94.632864 96.065944 96.548451 96.065944 94.632864 92.291810 89.111434 85.183095 80.616495 75.534592 70.068127 64.350079 58.510408 52.671331 46.943390 41.422432 36.187611 31.300392 26.804499 22.726698 19.078253 15.856870 13.048967 10.632072 8.577215 6.851173 5.418482 4.243149 3.290040 2.525924 1.920216 1.445424 1.077359 0.795152 0.581125 0.420556 0.301383 0.213874 0.150297 0.104593 0.072081 0.049196 0.033255 0.022268 0.014779 0.009732 0.006380 0.004195 0.002821 0.002021 0.001654 0.001654 
0.001125 0.001125 0.001386 0.001956 0.002942 0.004521 0.006967 0.010685 0.016258 0.024515 0.036619 0.054174 0.079374 0.115169 0.165484 0.235471 0.331795 0.462964 0.639686 0.875228 1.185786 1.590806 2.113238 2.779688 3.620387 4.668971 5.961977 7.538036 9.436719 11.697011 14.355429 17.443813 20.986850 24.999455 29.484124 34.428451 39.802983 45.559623 51.630773 57.929390 64.350079 70.771300 77.058678 83.069332 88.657065 93.678147 97.997406 101.494242 104.068227 105.643890 106.174401 105.643890 104.068227 101.494242 97.997406 93.678147 88.657065 83.069332 77.058678 70.771300 64.350079 57.929390 51.630773 45.559623 39.802983 34.428451 29.484124 24.999455 20.986850 17.443813 14.355429 11.697011 9.436719 7.538036 5.961977 4.668971 3.620387 2.779688 2.113238 1.590806 1.185786 0.875228 0.639686 0.462964 0.331795 0.235471 0.165485 0.115170 0.079376 0.054179 0.036626 0.024528 0.016279 0.010722 0.007029 0.004622 0.003108 0.002227 0.001823 0.001823 
0.001228 0.001228 0.001512 0.002133 0.003208 0.004931 0.007598 0.011652 0.017727 0.026729 0.039923 0.059059 0.086525 0.125538 0.180372 0.256639 0.361601 0.504526 0.697074 0.953697 1.292032 1.733254 2.302357 3.028307 3.944022 5.086122 6.494381 8.210854 10.278613 12.740090 15.635028 18.998070 22.856074 27.225255 32.108309 37.491707 43.343365 49.610902 56.220715 63.078036 70.068127 77.058678 83.903413 90.446804 96.529717 101.995708 106.697648 110.504274 113.306277 115.021515 115.599019 115.021515 113.306277 110.504274 106.697648 101.995708 96.529717 90.446804 83.903413 77.058678 70.068127 63.078036 56.220715 49.610902 43.343365 37.491707 32.108309 27.225255 22.856074 18.998070 15.635028 12.740090 10.278613 8.210854 6.494381 5.086122 3.944022 3.028307 2.302357 1.733254 1.292032 0.953697 0.697074 0.504526 0.361602 0.256640 0.180373 0.125539 0.086528 0.059064 0.039931 0.026743 0.017751 0.011692 0.007665 0.005042 0.003390 0.002429 0.001989 0.001989 
