0.000000 0.000000 0.000000 0.000000 0.000000 0.000000 0.000000 0.000000 0.000000 0.000000 0.000000 0.000000 0.000000 0.000000 0.000000 0.000000 0.000000 0.000000 0.000000 0.000000 0.000000 0.000000 0.000000 0.000000 0.000000 0.000000 0.000000 0.000000 0.000000 0.000000 0.000000 0.000000 0.000000 0.000000 0.000000 0.000000 0.000000 0.000000 0.000000 0.000000 0.000000 0.000000 0.000000 0.000000 0.000000 0.000000 0.000000 0.000000 0.000000 0.000000 0.000000 0.000000 0.000000 0.000000 0.000000 0.000000 0.000000 0.000000 0.000000 0.000000 0.000000 0.000000 0.000000 0.000000 0.000000 0.000000 0.000000 0.000000 0.000000 0.000000 0.000000 0.000000 0.000000 0.000000 0.000000 0.000000 0.000000 0.000000 0.000000 0.000000 0.000000 0.000000 0.000000 0.000000 0.000000 0.000000 0.000000 0.000000 0.000000 0.000000 0.000000 0.000000 0.000000 0.000000 0.000000 0.000000 0.000000 0.000000 0.000000 0.000000 
0.000000 0.000000 0.000000 0.000000 0.000000 0.000000 0.000000 0.000000 0.000000 0.000000 0.000000 0.000000 0.000000 0.000000 0.000000 0.000000 0.000000 0.000000 0.000000 0.000000 0.000000 0.000000 0.000000 0.000000 0.000000 0.000000 0.000000 0.000000 0.000000 0.000000 0.000000 0.000000 0.000000 0.000000 0.000000 0.000000 0.000000 0.000000 0.000000 0.000000 0.000000 0.000000 0.000000 0.000000 0.000000 0.000000 0.000000 0.000000 0.000000 0.000000 0.000000 0.000000 0.000000 0.000000 0.000000 0.000000 0.000000 0.000000 0.000000 0.000000 0.000000 0.000000 0.000000 0.000000 0.000000 0.000000 0.000000 0.000000 0.000000 0.000000 0.000000 0.000000 0.000000 0.000000 0.000000 0.000000 0.000000 0.000000 0.000000 0.000000 0.000000 0.000000 0.000000 0.000000 0.000000 0.000000 0.000000 0.000000 0.000000 0.000000 0.000000 0.000000 0.000000 0.000000 0.000000 0.000000 0.000000 0.000000 0.000000 0.000000 
0.000000 0.000000 0.000000 0.000000 0.000000 0.000000 0.000000 0.000000 0.000000 0.000000 0.000000 0.000000 0.000000 0.000000 0.000000 0.000000 0.000000 0.000000 0.000000 0.000000 0.000000 0.000000 0.000000 0.000000 0.000000 0.000000 0.000000 0.000000 0.000000 0.000000 0.000000 0.000000 0.000000 0.000000 0.000000 0.000000 0.000000 0.000000 0.000000 0.000000 0.000000 0.000000 0.000000 0.000000 0.000000 0.000000 0.000000 0.000000 0.000000 0.000000 0.000000 0.000000 0.000000 0.000000 0.000000 0.000000 0.000000 0.000000 0.000000 0.000000 0.000000 0.000000 0.000000 0.000000 0.000000 0.000000 0.000000 0.000000 0.000000 0.000000 0.000000 0.000000 0.000000 0.000000 0.000000 0.000000 0.000000 0.000000 0.000000 0.000000 0.000000 0.000000 0.000000 0.000000 0.000000 0.000000 0.000000 0.000000 0.000000 0.000000 0.000000 0.000000 0.000000 0.000000 0.000000 0.000000 0.000000 0.000000 0.000000 0.000000 
0.000000 0.000000 0.000000 0.000000 0.000000 0.000000 0.000000 0.000000 0.000000 0.000000 0.000000 0.000000 0.000000 0.000000 0.000000 0.000000 0.000000 0.000000 0.000000 0.000000 0.000000 0.000000 0.000000 0.000000 0.000000 0.000000 0.000000 0.000000 0.000000 0.000000 0.000000 0.000000 0.000000 0.000000 0.000000 0.000000 0.000000 0.000000 0.000000 0.000000 0.000000 0.000000 0.000000 0.000000 0.000000 0.000000 0.000000 0.000000 0.000000 0.000000 0.000000 0.000000 0.000000 0.000000 0.000000 0.000000 0.000000 0.000000 0.000000 0.000000 0.000000 0.000000 0.000000 0.000000 0.000000 0.000000 0.000000 0.000000 0.000000 0.000000 0.000000 0.000000 0.000000 0.000000 0.000000 0.000000 0.000000 0.000000 0.000000 0.000000 0.000000 0.000000 0.000000 0.000000 0.000000 0.000000 0.000000 0.000000 0.000000 0.000000 0.000000 0.000000 0.000000 0.000000 0.000000 0.000000 0.000000 0.000000 0.000000 0.000000 
0.000000 0.000000 0.000000 0.000000 0.000000 0.000000 0.000000 0.000000 0.000000 0.000000 0.000000 0.000000 0.000000 0.000000 0.000000 0.000000 0.000000 0.000000 0.000000 0.000000 0.000000 0.000000 0.000000 0.000000 0.000000 0.000000 0.000000 0.000000 0.000000 0.000000 0.000000 0.000000 0.000000 0.000000 0.000000 0.000000 0.000000 0.000000 0.000000 0.000000 0.000000 0.000000 0.000000 0.000000 0.000000 0.000000 0.000000 0.000000 0.000000 0.000000 0.000000 0.000000 0.000000 0.000000 0.000000 0.000000 0.000000 0.000000 0.000000 0.000000 0.000000 0.000000 0.000000 0.000000 0.000000 0.000000 0.000000 0.000000 0.000000 0.000000 0.000000 0.000000 0.000000 0.000000 0.000000 0.000000 0.000000 0.000000 0.000000 0.000000 0.000000 0.000000 0.000000 0.000000 0.000000 0.000000 0.000000 0.000000 0.000000 0.000000 0.000000 0.000000 0.000000 0.000000 0.000000 0.000000 0.000000 0.000000 0.000000 0.000000 
0.000000 0.000000 0.000000 0.000000 0.000000 0.000000 0.000000 0.000000 0.000000 0.000000 0.000000 0.000000 0.000000 0.000000 0.000000 0.000000 0.000000 0.000000 0.000000 0.000000 0.000000 0.000000 0.000000 0.000000 0.000000 0.000000 0.000000 0.000000 0.000000 0.000000 0.000000 0.000000 0.000000 0.000000 0.000000 0.000000 0.000000 0.000000 0.000000 0.000000 0.000000 0.000000 0.000000 0.000000 0.000000 0.000000 0.000000 0.000001 0.000001 0.000001 0.000001 0.000001 0.000001 0.000001 0.000000 0.000000 0.000000 0.000000 0.000000 0.000000 0.000000 0.000000 0.000000 0.000000 0.000000 0.000000 0.000000 0.000000 0.000000 0.000000 0.000000 0.000000 0.000000 0.000000 0.000000 0.000000 0.000000 0.000000 0.000000 0.000000 0.000000 0.000000 0.000000 0.000000 0.000000 0.000000 0.000000 0.000000 0.000000 0.000000 0.000000 0.000000 0.000000 0.000000 0.000000 0.000000 0.000000 0.000000 0.000000 0.000000 
0.000000 0.000000 0.000000 0.000000 0.000000 0.000000 0.000000 0.000000 0.000000 0.000000 0.000000 0.000000 0.000000 0.000000 0.000000 0.000000 0.000000 0.000000 0.000000 0.000000 0.000000 0.000000 0.000000 0.000000 0.000000 0.000000 0.000000 0.000000 0.000000 0.000000 0.000000 0.000000 0.000000 0.000000 0.000000 0.000000 0.000000 0.000000 0.000000 0.000000 0.000000 0.000001 0.000001 0.000001 0.000001 0.000001 0.000001 0.000001 0.000001 0.000001 0.000001 0.000001 0.000001 0.000001 0.000001 0.000001 0.000001 0.000001 0.000001 0.000001 0.000000 0.000000 0.000000 0.000000 0.000000 0.000000 0.000000 0.000000 0.000000 0.000000 0.000000 0.000000 0.000000 0.000000 0.000000 0.000000 0.000000 0.000000 0.000000 0.000000 0.000000 0.000000 0.000000 0.000000 0.000000 0.000000 0.000000 0.000000 0.000000 0.000000 0.000000 0.000000 0.000000 0.000000 0.000000 0.000000 0.000000 0.000000 0.000000 0.000000 
0.000000 0.000000 0.000000 0.000000 0.000000 0.000000 0.000000 0.000000 0.000000 0.000000 0.000000 0.000000 0.000000 0.000000 0.000000 0.000000 0.000000 0.000000 0.000000 0.000000 0.000000 0.000000 0.000000 0.000000 0.000000 0.000000 0.000000 0.000000 0.000000 0.000000 0.000000 0.000000 0.000000 0.000000 0.000000 0.000000 0.000000 0.000000 0.000001 0.000001 0.000001 0.000001 0.000002 0.000002 0.000002 0.000002 0.000003 0.000003 0.000003 0.000003 0.000003 0.000003 0.000003 0.000003 0.000003 0.000002 0.000002 0.000002 0.000002 0.000001 0.000001 0.000001 0.000001 0.000000 0.000000 0.000000 0.000000 0.000000 0.000000 0.000000 0.000000 0.000000 0.000000 0.000000 0.000000 0.000000 0.000000 0.000000 0.000000 0.000000 0.000000 0.000000 0.000000 0.000000 0.000000 0.000000 0.000000 0.000000 0.000000 0.000000 0.000000 0.000000 0.000000 0.000000 0.000000 0.000000 0.000000 0.000000 0.000000 0.000000 
0.000000 0.000000 0.000000 0.000000 0.000000 0.000000 0.000000 0.000000 0.000000 0.000000 0.000000 0.000000 0.000000 0.000000 0.000000 0.000000 0.000000 0.000000 0.000000 0.000000 0.000000 0.000000 0.000000 0.000000 0.000000 0.000000 0.000000 0.000000 0.000000 0.000000 0.000000 0.000000 0.000000 0.000000 0.000000 0.000001 0.000001 0.000001 0.000001 0.000002 0.000002 0.000003 0.000004 0.000004 0.000005 0.000005 0.000006 0.000006 0.000007 0.000007 0.000007 0.000007 0.000007 0.000006 0.000006 0.000005 0.000005 0.000004 0.000004 0.000003 0.000002 0.000002 0.000001 0.000001 0.000001 0.000001 0.000000 0.000000 0.000000 0.000000 0.000000 0.000000 0.000000 0.000000 0.000000 0.000000 0.000000 0.000000 0.000000 0.000000 0.000000 0.000000 0.000000 0.000000 0.000000 0.000000 0.000000 0.000000 0.000000 0.000000 0.000000 0.000000 0.000000 0.000000 0.000000 0.000000 0.000000 0.000000 0.000000 0.000000 
0.000000 0.000000 0.000000 0.000000 0.000000 0.000000 0.000000 0.000000 0.000000 0.000000 0.000000 0.000000 0.000000 0.000000 0.000000 0.000000 0.000000 0.000000 0.000000 0.000000 0.000000 0.000000 0.000000 0.000000 0.000000 0.000000 0.000000 0.000000 0.000000 0.000000 0.000000 0.000000 0.000000 0.000001 0.000001 0.000001 0.000002 0.000003 0.000003 0.000004 0.000005 0.000007 0.000008 0.000009 0.000011 0.000012 0.000013 0.000015 0.000015 0.000016 0.000016 0.000016 0.000015 0.000015 0.000013 0.000012 0.000011 0.000009 0.000008 0.000007 0.000005 0.000004 0.000003 0.000003 0.000002 0.000001 0.000001 0.000001 0.000000 0.000000 0.000000 0.000000 0.000000 0.000000 0.000000 0.000000 0.000000 0.000000 0.000000 0.000000 0.000000 0.000000 0.000000 0.000000 0.000000 0.000000 0.000000 0.000000 0.000000 0.000000 0.000000 0.000000 0.000000 0.000000 0.000000 0.000000 0.000000 0.000000 0.000000 0.000000 
0.000000 0.000000 0.000000 0.000000 0.000000 0.000000 0.000000 0.000000 0.000000 0.000000 0.000000 0.000000 0.000000 0.000000 0.000000 0.000000 0.000000 0.000000 0.000000 0.000000 0.000000 0.000000 0.000000 0.000000 0.000000 0.000000 0.000000 0.000000 0.000000 0.000000 0.000000 0.000001 0.000001 0.000002 0.000002 0.000003 0.000004 0.000006 0.000007 0.000010 0.000012 0.000015 0.000018 0.000021 0.000024 0.000027 0.000030 0.000032 0.000034 0.000035 0.000036 0.000035 0.000034 0.000032 0.000030 0.000027 0.000024 0.000021 0.000018 0.000015 0.000012 0.000010 0.000007 0.000006 0.000004 0.000003 0.000002 0.000002 0.000001 0.000001 0.000000 0.000000 0.000000 0.000000 0.000000 0.000000 0.000000 0.000000 0.000000 0.000000 0.000000 0.000000 0.000000 0.000000 0.000000 0.000000 0.000000 0.000000 0.000000 0.000000 0.000000 0.000000 0.000000 0.000000 0.000000 0.000000 0.000000 0.000000 0.000000 0.000000 
0.000000 0.000000 0.000000 0.000000 0.000000 0.000000 0.000000 0.000000 0.000000 0.000000 0.000000 0.000000 0.000000 0.000000 0.000000 0.000000 0.000000 0.000000 0.000000 0.000000 0.000000 0.000000 0.000000 0.000000 0.000000 0.000000 0.000000 0.000000 0.000000 0.000001 0.000001 0.000002 0.000002 0.000003 0.000005 0.000007 0.000009 0.000012 0.000016 0.000021 0.000026 0.000032 0.000039 0.000046 0.000052 0.000059 0.000065 0.000070 0.000074 0.000077 0.000078 0.000077 0.000074 0.000070 0.000065 0.000059 0.000052 0.000046 0.000039 0.000032 0.000026 0.000021 0.000016 0.000012 0.000009 0.000007 0.000005 0.000003 0.000002 0.000002 0.000001 0.000001 0.000000 0.000000 0.000000 0.000000 0.000000 0.000000 0.000000 0.000000 0.000000 0.000000 0.000000 0.000000 0.000000 0.000000 0.000000 0.000000 0.000000 0.000000 0.000000 0.000000 0.000000 0.000000 0.000000 0.000000 0.000000 0.000000 0.000000 0.000000 
0.000000 0.000000 0.000000 0.000000 0.000000 0.000000 0.000000 0.000000 0.000000 0.000000 0.000000 0.000000 0.000000 0.000000 0.000000 0.000000 0.000000 0.000000 0.000000 0.000000 0.000000 0.000000 0.000000 0.000000 0.000000 0.000000 0.000000 0.000001 0.000001 0.000001 0.000002 0.000003 0.000005 0.000007 0.000010 0.000015 0.000020 0.000027 0.000035 0.000045 0.000056 0.000069 0.000083 0.000097 0.000112 0.000126 0.000139 0.000150 0.000159 0.000164 0.000166 0.000164 0.000159 0.000150 0.000139 0.000126 0.000112 0.000097 0.000083 0.000069 0.000056 0.000045 0.000035 0.000027 0.000020 0.000015 0.000010 0.000007 0.000005 0.000003 0.000002 0.000001 0.000001 0.000001 0.000000 0.000000 0.000000 0.000000 0.000000 0.000000 0.000000 0.000000 0.000000 0.000000 0.000000 0.000000 0.000000 0.000000 0.000000 0.000000 0.000000 0.000000 0.000000 0.000000 0.000000 0.000000 0.000000 0.000000 0.000000 0.000000 
0.000000 0.000000 0.000000 0.000000 0.000000 0.000000 0.000000 0.000000 0.000000 0.000000 0.000000 0.000000 0.000000 0.000000 0.000000 0.000000 0.000000 0.000000 0.000000 0.000000 0.000000 0.000000 0.000000 0.000000 0.000000 0.000000 0.000001 0.000001 0.000002 0.000003 0.000005 0.000007 0.000011 0.000016 0.000022 0.000031 0.000042 0.000056 0.000074 0.000094 0.000118 0.000145 0.000174 0.000205 0.000235 0.000265 0.000292 0.000315 0.000332 0.000343 0.000347 0.000343 0.000332 0.000315 0.000292 0.000265 0.000235 0.000205 0.000174 0.000145 0.000118 0.000094 0.000074 0.000056 0.000042 0.000031 0.000022 0.000016 0.000011 0.000007 0.000005 0.000003 0.000002 0.000001 0.000001 0.000000 0.000000 0.000000 0.000000 0.000000 0.000000 0.000000 0.000000 0.000000 0.000000 0.000000 0.000000 0.000000 0.000000 0.000000 0.000000 0.000000 0.000000 0.000000 0.000000 0.000000 0.000000 0.000000 0.000000 0.000000 
0.000000 0.000000 0.000000 0.000000 0.000000 0.000000 0.000000 0.000000 0.000000 0.000000 0.000000 0.000000 0.000000 0.000000 0.000000 0.000000 0.000000 0.000000 0.000000 0.000000 0.000000 0.000000 0.000000 0.000000 0.000001 0.000001 0.000002 0.000003 0.000004 0.000006 0.000010 0.000015 0.000022 0.000032 0.000046 0.000064 0.000087 0.000116 0.000152 0.000195 0.000244 0.000299 0.000359 0.000422 0.000485 0.000546 0.000601 0.000648 0.000684 0.000707 0.000714 0.000707 0.000684 0.000648 0.000601 0.000546 0.000485 0.000422 0.000359 0.000299 0.000244 0.000195 0.000152 0.000116 0.000087 0.000064 0.000046 0.000032 0.000022 0.000015 0.000010 0.000006 0.000004 0.000003 0.000002 0.000001 0.000001 0.000000 0.000000 0.000000 0.000000 0.000000 0.000000 0.000000 0.000000 0.000000 0.000000 0.000000 0.000000 0.000000 0.000000 0.000000 0.000000 0.000000 0.000000 0.000000 0.000000 0.000000 0.000000 0.000000 
0.000000 0.000000 0.000000 0.000000 0.000000 0.000000 0.000000 0.000000 0.000000 0.000000 0.000000 0.000000 0.000000 0.000000 0.000000 0.000000 0.000000 0.000000 0.000000 0.000000 0.000000 0.000000 0.000000 0.000001 0.000001 0.000002 0.000003 0.000005 0.000008 0.000013 0.000020 0.000030 0.000045 0.000066 0.000093 0.000130 0.000177 0.000236 0.000308 0.000394 0.000494 0.000605 0.000726 0.000853 0.000981 0.001104 0.001215 0.001310 0.001383 0.001428 0.001443 0.001428 0.001383 0.001310 0.001215 0.001104 0.000981 0.000853 0.000726 0.000605 0.000494 0.000394 0.000308 0.000236 0.000177 0.000130 0.000093 0.000066 0.000045 0.000030 0.000020 0.000013 0.000008 0.000005 0.000003 0.000002 0.000001 0.000001 0.000000 0.000000 0.000000 0.000000 0.000000 0.000000 0.000000 0.000000 0.000000 0.000000 0.000000 0.000000 0.000000 0.000000 0.000000 0.000000 0.000000 0.000000 0.000000 0.000000 0.000000 0.000000 
0.000000 0.000000 0.000000 0.000000 0.000000 0.000000 0.000000 0.000000 0.000000 0.000000 0.000000 0.000000 0.000000 0.000000 0.000000 0.000000 0.000000 0.000000 0.000000 0.000000 0.000000 0.000000 0.000001 0.000001 0.000002 0.000004 0.000006 0.000010 0.000017 0.000026 0.000040 0.000061 0.000090 0.000131 0.000186 0.000259 0.000353 0.000470 0.000614 0.000785 0.000982 0.001203 0.001443 0.001694 0.001946 0.002190 0.002411 0.002599 0.002742 0.002831 0.002862 0.002831 0.002742 0.002599 0.002411 0.002190 0.001946 0.001694 0.001443 0.001203 0.000982 0.000785 0.000614 0.000470 0.000353 0.000259 0.000186 0.000131 0.000090 0.000061 0.000040 0.000026 0.000017 0.000010 0.000006 0.000004 0.000002 0.000001 0.000001 0.000000 0.000000 0.000000 0.000000 0.000000 0.000000 0.000000 0.000000 0.000000 0.000000 0.000000 0.000000 0.000000 0.000000 0.000000 0.000000 0.000000 0.000000 0.000000 0.000000 0.000000 
0.000000 0.000000 0.000000 0.000000 0.000000 0.000000 0.000000 0.000000 0.000000 0.000000 0.000000 0.000000 0.000000 0.000000 0.000000 0.000000 0.000000 0.000000 0.000000 0.000000 0.000000 0.000001 0.000001 0.000002 0.000004 0.000007 0.000012 0.000020 0.000033 0.000052 0.000079 0.000120 0.000178 0.000257 0.000365 0.000507 0.000690 0.000919 0.001199 0.001532 0.001916 0.002346 0.002812 0.003300 0.003791 0.004263 0.004693 0.005058 0.005335 0.005509 0.005568 0.005509 0.005335 0.005058 0.004693 0.004263 0.003791 0.003300 0.002812 0.002346 0.001916 0.001532 0.001199 0.000919 0.000690 0.000507 0.000365 0.000257 0.000178 0.000120 0.000079 0.000052 0.000033 0.000020 0.000012 0.000007 0.000004 0.000002 0.000001 0.000001 0.000000 0.000000 0.000000 0.000000 0.000000 0.000000 0.000000 0.000000 0.000000 0.000000 0.000000 0.000000 0.000000 0.000000 0.000000 0.000000 0.000000 0.000000 0.000000 0.000000 
0.000000 0.000000 0.000000 0.000000 0.000000 0.000000 0.000000 0.000000 0.000000 0.000000 0.000000 0.000000 0.000000 0.000000 0.000000 0.000000 0.000000 0.000000 0.000000 0.000000 0.000001 0.000002 0.000003 0.000005 0.000008 0.000014 0.000024 0.000039 0.000063 0.000100 0.000153 0.000231 0.000342 0.000495 0.000702 0.000974 0.001324 0.001763 0.002299 0.002934 0.003668 0.004489 0.005378 0.006309 0.007245 0.008145 0.008965 0.009659 0.010188 0.010519 0.010631 0.010519 0.010188 0.009659 0.008965 0.008145 0.007245 0.006309 0.005378 0.004489 0.003668 0.002934 0.002299 0.001763 0.001324 0.000974 0.000702 0.000495 0.000342 0.000231 0.000153 0.000100 0.000063 0.000039 0.000024 0.000014 0.000008 0.000005 0.000003 0.000002 0.000001 0.000000 0.000000 0.000000 0.000000 0.000000 0.000000 0.000000 0.000000 0.000000 0.000000 0.000000 0.000000 0.000000 0.000000 0.000000 0.000000 0.000000 0.000000 0.000000 
0.000000 0.000000 0.000000 0.000000 0.000000 0.000000 0.000000 0.000000 0.000000 0.000000 0.000000 0.000000 0.000000 0.000000 0.000000 0.000000 0.000000 0.000000 0.000000 0.000001 0.000002 0.000003 0.000005 0.000009 0.000016 0.000027 0.000046 0.000075 0.000120 0.000189 0.000290 0.000438 0.000646 0.000934 0.001323 0.001835 0.002494 0.003318 0.004323 0.005515 0.006889 0.008427 0.010093 0.011835 0.013586 0.015270 0.016803 0.018100 0.019088 0.019707 0.019918 0.019707 0.019088 0.018100 0.016803 0.015270 0.013586 0.011835 0.010093 0.008427 0.006889 0.005515 0.004323 0.003318 0.002494 0.001835 0.001323 0.000934 0.000646 0.000438 0.000290 0.000189 0.000120 0.000075 0.000046 0.000027 0.000016 0.000009 0.000005 0.000003 0.000002 0.000001 0.000000 0.000000 0.000000 0.000000 0.000000 0.000000 0.000000 0.000000 0.000000 0.000000 0.000000 0.000000 0.000000 0.000000 0.000000 0.000000 0.000000 0.000000 
0.000000 0.000000 0.000000 0.000000 0.000000 0.000000 0.000000 0.000000 0.000000 0.000000 0.000000 0.000000 0.000000 0.000000 0.000000 0.000000 0.000000 0.000000 0.000001 0.000002 0.000003 0.000005 0.000010 0.000017 0.000030 0.000051 0.000085 0.000140 0.000224 0.000351 0.000539 0.000812 0.001197 0.001730 0.002448 0.003393 0.004606 0.006125 0.007975 0.010168 0.012696 0.015522 0.018582 0.021780 0.024996 0.028087 0.030898 0.033278 0.035090 0.036225 0.036611 0.036225 0.035090 0.033278 0.030898 0.028087 0.024996 0.021780 0.018582 0.015522 0.012696 0.010168 0.007975 0.006125 0.004606 0.003393 0.002448 0.001730 0.001197 0.000812 0.000539 0.000351 0.000224 0.000140 0.000085 0.000051 0.000030 0.000017 0.000010 0.000005 0.000003 0.000002 0.000001 0.000000 0.000000 0.000000 0.000000 0.000000 0.000000 0.000000 0.000000 0.000000 0.000000 0.000000 0.000000 0.000000 0.000000 0.000000 0.000000 0.000000 
0.000000 0.000000 0.000000 0.000000 0.000000 0.000000 0.000000 0.000000 0.000000 0.000000 0.000000 0.000000 0.000000 0.000000 0.000000 0.000000 0.000000 0.000001 0.000002 0.000003 0.000005 0.000010 0.000018 0.000032 0.000055 0.000094 0.000156 0.000255 0.000408 0.000639 0.000982 0.001477 0.002176 0.003141 0.004442 0.006153 0.008347 0.011090 0.014432 0.018391 0.022951 0.028047 0.033562 0.039325 0.045116 0.050680 0.055741 0.060025 0.063286 0.065327 0.066022 0.065327 0.063286 0.060025 0.055741 0.050680 0.045116 0.039325 0.033562 0.028047 0.022951 0.018391 0.014432 0.011090 0.008347 0.006153 0.004442 0.003141 0.002176 0.001477 0.000982 0.000639 0.000408 0.000255 0.000156 0.000094 0.000055 0.000032 0.000018 0.000010 0.000005 0.000003 0.000002 0.000001 0.000000 0.000000 0.000000 0.000000 0.000000 0.000000 0.000000 0.000000 0.000000 0.000000 0.000000 0.000000 0.000000 0.000000 0.000000 0.000000 
0.000000 0.000000 0.000000 0.000000 0.000000 0.000000 0.000000 0.000000 0.000000 0.000000 0.000000 0.000000 0.000000 0.000000 0.000000 0.000000 0.000001 0.000001 0.000003 0.000005 0.000010 0.000018 0.000032 0.000057 0.000099 0.000169 0.000280 0.000457 0.000730 0.001143 0.001753 0.002635 0.003879 0.005595 0.007906 0.010942 0.014835 0.019698 0.025618 0.032628 0.040698 0.049713 0.059463 0.069649 0.079882 0.089710 0.098647 0.106211 0.111967 0.115570 0.116796 0.115570 0.111967 0.106211 0.098647 0.089710 0.079882 0.069649 0.059463 0.049713 0.040698 0.032628 0.025618 0.019698 0.014835 0.010942 0.007906 0.005595 0.003879 0.002635 0.001753 0.001143 0.000730 0.000457 0.000280 0.000169 0.000099 0.000057 0.000032 0.000018 0.000010 0.000005 0.000003 0.000001 0.000001 0.000000 0.000000 0.000000 0.000000 0.000000 0.000000 0.000000 0.000000 0.000000 0.000000 0.000000 0.000000 0.000000 0.000000 0.000000 
0.000000 0.000000 0.000000 0.000000 0.000000 0.000000 0.000000 0.000000 0.000000 0.000000 0.000000 0.000000 0.000000 0.000000 0.000000 0.000001 0.000001 0.000002 0.000005 0.000009 0.000017 0.000032 0.000057 0.000101 0.000175 0.000297 0.000493 0.000803 0.001281 0.002003 0.003070 0.004610 0.006781 0.009774 0.013800 0.019087 0.025859 0.034315 0.044602 0.056778 0.070787 0.086427 0.103339 0.120999 0.138734 0.155764 0.171245 0.184346 0.194315 0.200554 0.202677 0.200554 0.194315 0.184346 0.171245 0.155764 0.138734 0.120999 0.103339 0.086427 0.070787 0.056778 0.044602 0.034315 0.025859 0.019087 0.013800 0.009774 0.006781 0.004610 0.003070 0.002003 0.001281 0.000803 0.000493 0.000297 0.000175 0.000101 0.000057 0.000032 0.000017 0.000009 0.000005 0.000002 0.000001 0.000001 0.000000 0.000000 0.000000 0.000000 0.000000 0.000000 0.000000 0.000000 0.000000 0.000000 0.000000 0.000000 0.000000 0.000000 
0.000000 0.000000 0.000000 0.000000 0.000000 0.000000 0.000000 0.000000 0.000000 0.000000 0.000000 0.000000 0.000000 0.000000 0.000001 0.000001 0.000002 0.000004 0.000008 0.000016 0.000030 0.000055 0.000099 0.000175 0.000302 0.000512 0.000850 0.001382 0.002204 0.003443 0.005272 0.007909 0.011625 0.016742 0.023621 0.032649 0.044205 0.058626 0.076158 0.096900 0.120752 0.147371 0.176141 0.206173 0.236326 0.265269 0.291577 0.313834 0.330768 0.341365 0.344973 0.341365 0.330768 0.313834 0.291577 0.265269 0.236326 0.206173 0.176141 0.147371 0.120752 0.096900 0.076158 0.058626 0.044205 0.032649 0.023621 0.016742 0.011625 0.007909 0.005272 0.003443 0.002204 0.001382 0.000850 0.000512 0.000302 0.000175 0.000099 0.000055 0.000030 0.000016 0.000008 0.000004 0.000002 0.000001 0.000001 0.000000 0.000000 0.000000 0.000000 0.000000 0.000000 0.000000 0.000000 0.000000 0.000000 0.000000 0.000000 0.000000 
0.000000 0.000000 0.000000 0.000000 0.000000 0.000000 0.000000 0.000000 0.000000 0.000000 0.000000 0.000000 0.000000 0.000000 0.000001 0.000002 0.000004 0.000007 0.000014 0.000027 0.000051 0.000094 0.000169 0.000297 0.000512 0.000866 0.001436 0.002333 0.003717 0.005802 0.008875 0.013304 0.019541 0.028121 0.039648 0.054765 0.074103 0.098223 0.127528 0.162180 0.202010 0.246442 0.294448 0.344540 0.394818 0.443069 0.486915 0.524005 0.552221 0.569876 0.575887 0.569876 0.552221 0.524005 0.486915 0.443069 0.394818 0.344540 0.294448 0.246442 0.202010 0.162180 0.127528 0.098223 0.074103 0.054765 0.039648 0.028121 0.019541 0.013304 0.008875 0.005802 0.003717 0.002333 0.001436 0.000866 0.000512 0.000297 0.000169 0.000094 0.000051 0.000027 0.000014 0.000007 0.000004 0.000002 0.000001 0.000000 0.000000 0.000000 0.000000 0.000000 0.000000 0.000000 0.000000 0.000000 0.000000 0.000000 0.000000 0.000000 
0.000000 0.000000 0.000000 0.000000 0.000000 0.000000 0.000000 0.000000 0.000000 0.000000 0.000000 0.000000 0.000000 0.000001 0.000002 0.000003 0.000006 0.000012 0.000024 0.000046 0.000085 0.000156 0.000280 0.000493 0.000850 0.001436 0.002378 0.003861 0.006145 0.009584 0.014649 0.021942 0.032204 0.046312 0.065252 0.090074 0.121808 0.161366 0.209403 0.266178 0.331406 0.404141 0.482697 0.564640 0.646865 0.725755 0.797427 0.858046 0.904155 0.933005 0.942826 0.933005 0.904155 0.858046 0.797427 0.725755 0.646865 0.564640 0.482697 0.404141 0.331406 0.266178 0.209403 0.161366 0.121808 0.090074 0.065252 0.046312 0.032204 0.021942 0.014649 0.009584 0.006145 0.003861 0.002378 0.001436 0.000850 0.000493 0.000280 0.000156 0.000085 0.000046 0.000024 0.000012 0.000006 0.000003 0.000002 0.000001 0.000000 0.000000 0.000000 0.000000 0.000000 0.000000 0.000000 0.000000 0.000000 0.000000 0.000000 0.000000 
0.000000 0.000000 0.000000 0.000000 0.000000 0.000000 0.000000 0.000000 0.000000 0.000000 0.000000 0.000000 0.000001 0.000001 0.000003 0.000005 0.000010 0.000020 0.000039 0.000075 0.000140 0.000255 0.000457 0.000803 0.001382 0.002333 0.003861 0.006264 0.009960 0.015521 0.023705 0.035478 0.052034 0.074777 0.105291 0.145255 0.196319 0.259937 0.337152 0.428368 0.533121 0.649884 0.775946 0.907403 1.039275 1.165768 1.280666 1.377829 1.451726 1.497959 1.513696 1.497959 1.451726 1.377829 1.280666 1.165768 1.039275 0.907403 0.775946 0.649884 0.533121 0.428368 0.337152 0.259937 0.196319 0.145255 0.105291 0.074777 0.052034 0.035478 0.023705 0.015521 0.009960 0.006264 0.003861 0.002333 0.001382 0.000803 0.000457 0.000255 0.000140 0.000075 0.000039 0.000020 0.000010 0.000005 0.000003 0.000001 0.000001 0.000000 0.000000 0.000000 0.000000 0.000000 0.000000 0.000000 0.000000 0.000000 0.000000 0.000000 
0.000000 0.000000 0.000000 0.000000 0.000000 0.000000 0.000000 0.000000 0.000000 0.000000 0.000000 0.000000 0.000001 0.000002 0.000004 0.000008 0.000017 0.000033 0.000063 0.000120 0.000224 0.000408 0.000730 0.001281 0.002204 0.003717 0.006145 0.009960 0.015823 0.024638 0.037600 0.056235 0.082419 0.118366 0.166564 0.229650 0.310215 0.410532 0.532231 0.675933 0.840892 1.024692 1.223065 1.429865 1.637263 1.836155 2.016783 2.169507 2.285647 2.358303 2.383032 2.358303 2.285647 2.169507 2.016783 1.836155 1.637263 1.429865 1.223065 1.024692 0.840892 0.675933 0.532231 0.410532 0.310215 0.229650 0.166564 0.118366 0.082419 0.056235 0.037600 0.024638 0.015823 0.009960 0.006145 0.003717 0.002204 0.001281 0.000730 0.000408 0.000224 0.000120 0.000063 0.000033 0.000017 0.000008 0.000004 0.000002 0.000001 0.000000 0.000000 0.000000 0.000000 0.000000 0.000000 0.000000 0.000000 0.000000 0.000000 0.000000 
0.000000 0.000000 0.000000 0.000000 0.000000 0.000000 0.000000 0.000000 0.000000 0.000000 0.000000 0.000001 0.000001 0.000003 0.000006 0.000013 0.000026 0.000052 0.000100 0.000189 0.000351 0.000639 0.001143 0.002003 0.003443 0.005802 0.009584 0.015521 0.024638 0.038336 0.058461 0.087374 0.127971 0.183670 0.258307 0.355943 0.480562 0.635656 0.823720 1.045690 1.300393 1.584086 1.890171 2.209167 2.529004 2.835657 3.114101 3.349494 3.528481 3.640446 3.678554 3.640446 3.528481 3.349494 3.114101 2.835657 2.529004 2.209167 1.890171 1.584086 1.300393 1.045690 0.823720 0.635656 0.480562 0.355943 0.258307 0.183670 0.127971 0.087374 0.058461 0.038336 0.024638 0.015521 0.009584 0.005802 0.003443 0.002003 0.001143 0.000639 0.000351 0.000189 0.000100 0.000052 0.000026 0.000013 0.000006 0.000003 0.000001 0.000001 0.000000 0.000000 0.000000 0.000000 0.000000 0.000000 0.000000 0.000000 0.000000 0.000000 
0.000000 0.000000 0.000000 0.000000 0.000000 0.000000 0.000000 0.000000 0.000000 0.000000 0.000000 0.000001 0.000002 0.000005 0.000010 0.000020 0.000040 0.000079 0.000153 0.000290 0.000539 0.000982 0.001753 0.003070 0.005272 0.008875 0.014649 0.023705 0.037600 0.058461 0.089090 0.133062 0.194765 0.279369 0.392671 0.540807 0.729785 0.964865 1.249789 1.585944 1.971524 2.400842 2.863904 3.346363 3.829978 4.293562 4.714427 5.070172 5.340645 5.509826 5.567405 5.509826 5.340645 5.070172 4.714427 4.293562 3.829978 3.346363 2.863904 2.400842 1.971524 1.585944 1.249789 0.964865 0.729785 0.540807 0.392671 0.279369 0.194765 0.133062 0.089090 0.058461 0.037600 0.023705 0.014649 0.008875 0.005272 0.003070 0.001753 0.000982 0.000539 0.000290 0.000153 0.000079 0.000040 0.000020 0.000010 0.000005 0.000002 0.000001 0.000000 0.000000 0.000000 0.000000 0.000000 0.000000 0.000000 0.000000 0.000000 0.000000 
0.000000 0.000000 0.000000 0.000000 0.000000 0.000000 0.000000 0.000000 0.000000 0.000000 0.000001 0.000002 0.000003 0.000007 0.000015 0.000030 0.000061 0.000120 0.000231 0.000438 0.000812 0.001477 0.002635 0.004610 0.007909 0.013304 0.021942 0.035478 0.056235 0.087374 0.133062 0.198610 0.290534 0.416501 0.585105 0.805428 1.086359 1.435663 1.858852 2.357933 2.930190 3.567153 4.253974 4.969379 5.686331 6.373453 6.997153 7.524281 7.925015 8.175658 8.260960 8.175658 7.925015 7.524281 6.997153 6.373453 5.686331 4.969379 4.253974 3.567153 2.930190 2.357933 1.858852 1.435663 1.086359 0.805428 0.585105 0.416501 0.290534 0.198610 0.133062 0.087374 0.056235 0.035478 0.021942 0.013304 0.007909 0.004610 0.002635 0.001477 0.000812 0.000438 0.000231 0.000120 0.000061 0.000030 0.000015 0.000007 0.000003 0.000002 0.000001 0.000000 0.000000 0.000000 0.000000 0.000000 0.000000 0.000000 0.000000 0.000000 
0.000000 0.000000 0.000000 0.000000 0.000000 0.000000 0.000000 0.000000 0.000000 0.000000 0.000001 0.000002 0.000005 0.000011 0.000022 0.000045 0.000090 0.000178 0.000342 0.000646 0.001197 0.002176 0.003879 0.006781 0.011625 0.019541 0.032204 0.052034 0.082419 0.127971 0.194765 0.290534 0.424761 0.608594 0.854522 1.175729 1.585104 2.093893 2.710051 3.436437 4.269040 5.195497 6.194192 7.234191 8.276210 9.274686 10.180861 10.946629 11.528729 11.892786 12.016682 11.892786 11.528729 10.946629 10.180861 9.274686 8.276210 7.234191 6.194192 5.195497 4.269040 3.436437 2.710051 2.093893 1.585104 1.175729 0.854522 0.608594 0.424761 0.290534 0.194765 0.127971 0.082419 0.052034 0.032204 0.019541 0.011625 0.006781 0.003879 0.002176 0.001197 0.000646 0.000342 0.000178 0.000090 0.000045 0.000022 0.000011 0.000005 0.000002 0.000001 0.000000 0.000000 0.000000 0.000000 0.000000 0.000000 0.000000 0.000000 0.000000 
0.000000 0.000000 0.000000 0.000000 0.000000 0.000000 0.000000 0.000000 0.000000 0.000001 0.000002 0.000003 0.000007 0.000016 0.000032 0.000066 0.000131 0.000257 0.000495 0.000934 0.001730 0.003141 0.005595 0.009774 0.016742 0.028121 0.046312 0.074777 0.118366 0.183670 0.279369 0.416501 0.608594 0.871542 1.223131 1.682127 2.266856 2.993282 3.872668 4.909006 6.096497 7.417457 8.841036 10.323140 11.807815 13.230197 14.520900 15.611486 16.440422 16.958825 17.135243 16.958825 16.440422 15.611486 14.520900 13.230197 11.807815 10.323140 8.841036 7.417457 6.096497 4.909006 3.872668 2.993282 2.266856 1.682127 1.223131 0.871542 0.608594 0.416501 0.279369 0.183670 0.118366 0.074777 0.046312 0.028121 0.016742 0.009774 0.005595 0.003141 0.001730 0.000934 0.000495 0.000257 0.000131 0.000066 0.000032 0.000016 0.000007 0.000003 0.000002 0.000001 0.000000 0.000000 0.000000 0.000000 0.000000 0.000000 0.000000 0.000000 
0.000000 0.000000 0.000000 0.000000 0.000000 0.000000 0.000000 0.000000 0.000000 0.000001 0.000002 0.000005 0.000010 0.000022 0.000046 0.000093 0.000186 0.000365 0.000702 0.001323 0.002448 0.004442 0.007906 0.013800 0.023621 0.039648 0.065252 0.105291 0.166564 0.258307 0.392671 0.585105 0.854522 1.223131 1.715768 2.358617 3.177221 4.193801 5.423993 6.873264 8.533406 10.379626 12.368770 14.439227 16.512870 18.499173 20.301340 21.823919 22.981109 23.704756 23.951014 23.704756 22.981109 21.823919 20.301340 18.499173 16.512870 14.439227 12.368770 10.379626 8.533406 6.873264 5.423993 4.193801 3.177221 2.358617 1.715768 1.223131 0.854522 0.585105 0.392671 0.258307 0.166564 0.105291 0.065252 0.039648 0.023621 0.013800 0.007906 0.004442 0.002448 0.001323 0.000702 0.000365 0.000186 0.000093 0.000046 0.000022 0.000010 0.000005 0.000002 0.000001 0.000000 0.000000 0.000000 0.000000 0.000000 0.000000 0.000000 0.000000 
0.000000 0.000000 0.000000 0.000000 0.000000 0.000000 0.000000 0.000000 0.000001 0.000001 0.000003 0.000007 0.000015 0.000031 0.000064 0.000130 0.000259 0.000507 0.000974 0.001835 0.003393 0.006153 0.010942 0.019087 0.032649 0.054765 0.090074 0.145255 0.229650 0.355943 0.540807 0.805428 1.175729 1.682127 2.358617 3.241010 4.364209 5.758540 7.445285 9.431788 11.706676 14.235880 16.960239 19.795369 22.634337 25.353302 27.819886 29.903586 31.487112 32.477315 32.814275 32.477315 31.487112 29.903586 27.819886 25.353302 22.634337 19.795369 16.960239 14.235880 11.706676 9.431788 7.445285 5.758540 4.364209 3.241010 2.358617 1.682127 1.175729 0.805428 0.540807 0.355943 0.229650 0.145255 0.090074 0.054765 0.032649 0.019087 0.010942 0.006153 0.003393 0.001835 0.000974 0.000507 0.000259 0.000130 0.000064 0.000031 0.000015 0.000007 0.000003 0.000001 0.000001 0.000000 0.000000 0.000000 0.000000 0.000000 0.000000 0.000000 
0.000000 0.000000 0.000000 0.000000 0.000000 0.000000 0.000000 0.000000 0.000001 0.000002 0.000004 0.000009 0.000020 0.000042 0.000087 0.000177 0.000353 0.000690 0.001324 0.002494 0.004606 0.008347 0.014835 0.025859 0.044205 0.074103 0.121808 0.196319 0.310215 0.480562 0.729785 1.086359 1.585104 2.266856 3.177221 4.364209 5.874575 7.748888 10.015553 12.684252 15.739545 19.135564 22.792810 26.598009 30.407703 34.055821 37.364904 40.160046 42.284082 43.612209 44.064151 43.612209 42.284082 40.160046 37.364904 34.055821 30.407703 26.598009 22.792810 19.135564 15.739545 12.684252 10.015553 7.748888 5.874575 4.364209 3.177221 2.266856 1.585104 1.086359 0.729785 0.480562 0.310215 0.196319 0.121808 0.074103 0.044205 0.025859 0.014835 0.008347 0.004606 0.002494 0.001324 0.000690 0.000353 0.000177 0.000087 0.000042 0.000020 0.000009 0.000004 0.000002 0.000001 0.000000 0.000000 0.000000 0.000000 0.000000 0.000000 0.000000 
0.000000 0.000000 0.000000 0.000000 0.000000 0.000000 0.000000 0.000000 0.000001 0.000003 0.000006 0.000012 0.000027 0.000056 0.000116 0.000236 0.000470 0.000919 0.001763 0.003318 0.006125 0.011090 0.019698 0.034315 0.058626 0.098223 0.161366 0.259937 0.410532 0.635656 0.964865 1.435663 2.093893 2.993282 4.193801 5.758540 7.748888 10.218055 13.203209 16.716868 20.738512 25.207626 30.019518 35.025154 40.035898 44.833465 49.184674 52.859750 55.652256 57.398288 57.992423 57.398288 55.652256 52.859750 49.184674 44.833465 40.035898 35.025154 30.019518 25.207626 20.738512 16.716868 13.203209 10.218055 7.748888 5.758540 4.193801 2.993282 2.093893 1.435663 0.964865 0.635656 0.410532 0.259937 0.161366 0.098223 0.058626 0.034315 0.019698 0.011090 0.006125 0.003318 0.001763 0.000919 0.000470 0.000236 0.000116 0.000056 0.000027 0.000012 0.000006 0.000003 0.000001 0.000000 0.000000 0.000000 0.000000 0.000000 0.000000 0.000000 
0.000000 0.000000 0.000000 0.000000 0.000000 0.000000 0.000000 0.000001 0.000001 0.000003 0.000007 0.000016 0.000035 0.000074 0.000152 0.000308 0.000614 0.001199 0.002299 0.004323 0.007975 0.014432 0.025618 0.044602 0.076158 0.127528 0.209403 0.337152 0.532231 0.823720 1.249789 1.858852 2.710051 3.872668 5.423993 7.445285 10.015553 13.203209 17.055934 21.589611 26.777530 32.541460 38.746293 45.199857 51.659043 57.842641 63.450328 68.186234 71.784582 74.034376 74.799913 74.034376 71.784582 68.186234 63.450328 57.842641 51.659043 45.199857 38.746293 32.541460 26.777530 21.589611 17.055934 13.203209 10.015553 7.445285 5.423993 3.872668 2.710051 1.858852 1.249789 0.823720 0.532231 0.337152 0.209403 0.127528 0.076158 0.044602 0.025618 0.014432 0.007975 0.004323 0.002299 0.001199 0.000614 0.000308 0.000152 0.000074 0.000035 0.000016 0.000007 0.000003 0.000001 0.000001 0.000000 0.000000 0.000000 0.000000 0.000000 0.000000 
0.000000 0.000000 0.000000 0.000000 0.000000 0.000000 0.000000 0.000001 0.000002 0.000004 0.000010 0.000021 0.000045 0.000094 0.000195 0.000394 0.000785 0.001532 0.002934 0.005515 0.010168 0.018391 0.032628 0.056778 0.096900 0.162180 0.266178 0.428368 0.675933 1.045690 1.585944 2.357933 3.436437 4.909006 6.873264 9.431788 12.684252 16.716868 21.589611 27.322246 33.880732 41.165977 49.007113 57.161297 65.321464 73.132549 80.215454 86.196766 90.741108 93.582253 94.548991 93.582253 90.741108 86.196766 80.215454 73.132549 65.321464 57.161297 49.007113 41.165977 33.880732 27.322246 21.589611 16.716868 12.684252 9.431788 6.873264 4.909006 3.436437 2.357933 1.585944 1.045690 0.675933 0.428368 0.266178 0.162180 0.096900 0.056778 0.032628 0.018391 0.010168 0.005515 0.002934 0.001532 0.000785 0.000394 0.000195 0.000094 0.000045 0.000021 0.000010 0.000004 0.000002 0.000001 0.000000 0.000000 0.000000 0.000000 0.000000 0.000000 
0.000000 0.000000 0.000000 0.000000 0.000000 0.000000 0.000000 0.000001 0.000002 0.000005 0.000012 0.000026 0.000056 0.000118 0.000244 0.000494 0.000982 0.001916 0.003668 0.006889 0.012696 0.022951 0.040698 0.070787 0.120752 0.202010 0.331406 0.533121 0.840892 1.300393 1.971524 2.930190 4.269040 6.096497 8.533406 11.706676 15.739545 20.738512 26.777530 33.880732 42.005634 51.029260 60.739859 70.836695 80.939673 90.609417 99.376922 106.780301 112.404766 115.921082 117.117534 115.921082 112.404766 106.780301 99.376922 90.609417 80.939673 70.836695 60.739859 51.029260 42.005634 33.880732 26.777530 20.738512 15.739545 11.706676 8.533406 6.096497 4.269040 2.930190 1.971524 1.300393 0.840892 0.533121 0.331406 0.202010 0.120752 0.070787 0.040698 0.022951 0.012696 0.006889 0.003668 0.001916 0.000982 0.000494 0.000244 0.000118 0.000056 0.000026 0.000012 0.000005 0.000002 0.000001 0.000000 0.000000 0.000000 0.000000 0.000000 0.000000 
0.000000 0.000000 0.000000 0.000000 0.000000 0.000000 0.000001 0.000001 0.000003 0.000007 0.000015 0.000032 0.000069 0.000145 0.000299 0.000605 0.001203 0.002346 0.004489 0.008427 0.015522 0.028047 0.049713 0.086427 0.147371 0.246442 0.404141 0.649884 1.024692 1.584086 2.400842 3.567153 5.195497 7.417457 10.379626 14.235880 19.135564 25.207626 32.541460 41.165977 51.029260 61.981782 73.766407 86.018174 98.276001 110.007049 120.642664 129.622911 136.445015 140.709936 142.161082 140.709936 136.445015 129.622911 120.642664 110.007049 98.276001 86.018174 73.766407 61.981782 51.029260 41.165977 32.541460 25.207626 19.135564 14.235880 10.379626 7.417457 5.195497 3.567153 2.400842 1.584086 1.024692 0.649884 0.404141 0.246442 0.147371 0.086427 0.049713 0.028047 0.015522 0.008427 0.004489 0.002346 0.001203 0.000605 0.000299 0.000145 0.000069 0.000032 0.000015 0.000007 0.000003 0.000001 0.000001 0.000000 0.000000 0.000000 0.000000 0.000000 
0.000000 0.000000 0.000000 0.000000 0.000000 0.000000 0.000001 0.000002 0.000004 0.000008 0.000018 0.000039 0.000083 0.000174 0.000359 0.000726 0.001443 0.002812 0.005378 0.010093 0.018582 0.033562 0.059463 0.103339 0.176141 0.294448 0.482697 0.775946 1.223065 1.890171 2.863904 4.253974 6.194192 8.841036 12.368770 16.960239 22.792810 30.019518 38.746293 49.007113 60.739859 73.766407 87.780800 102.349031 116.922986 130.869409 143.512611 154.187355 162.296379 167.365685 169.090500 167.365685 162.296379 154.187355 143.512611 130.869409 116.922986 102.349031 87.780800 73.766407 60.739859 49.007113 38.746293 30.019518 22.792810 16.960239 12.368770 8.841036 6.194192 4.253974 2.863904 1.890171 1.223065 0.775946 0.482697 0.294448 0.176141 0.103339 0.059463 0.033562 0.018582 0.010093 0.005378 0.002812 0.001443 0.000726 0.000359 0.000174 0.000083 0.000039 0.000018 0.000008 0.000004 0.000002 0.000001 0.000000 0.000000 0.000000 0.000000 0.000000 
0.000000 0.000000 0.000000 0.000000 0.000000 0.000000 0.000001 0.000002 0.000004 0.000009 0.000021 0.000046 0.000097 0.000205 0.000422 0.000853 0.001694 0.003300 0.006309 0.011835 0.021780 0.039325 0.069649 0.120999 0.206173 0.344540 0.564640 0.907403 1.429865 2.209167 3.346363 4.969379 7.234191 10.323140 14.439227 19.795369 26.598009 35.025154 45.199857 57.161297 70.836695 86.018174 102.349031 119.323529 136.303173 152.550449 167.278555 179.712959 189.158337 195.062906 197.071890 195.062906 189.158337 179.712959 167.278555 152.550449 136.303173 119.323529 102.349031 86.018174 70.836695 57.161297 45.199857 35.025154 26.598009 19.795369 14.439227 10.323140 7.234191 4.969379 3.346363 2.209167 1.429865 0.907403 0.564640 0.344540 0.206173 0.120999 0.069649 0.039325 0.021780 0.011835 0.006309 0.003300 0.001694 0.000853 0.000422 0.000205 0.000097 0.000046 0.000021 0.000009 0.000004 0.000002 0.000001 0.000000 0.000000 0.000000 0.000000 0.000000 
