0.000000 0.000000 0.000000 0.000000 0.000000 0.000000 0.000000 0.000000 0.000000 0.000000 0.000000 0.000000 0.000000 0.000000 0.000000 0.000000 0.000000 0.000000 0.000000 0.000000 0.000000 0.000000 0.000000 0.000000 0.000000 0.000000 0.000000 0.000000 0.000000 0.000000 0.000000 0.000000 0.000000 0.000000 0.000000 0.000000 0.000000 0.000000 0.000000 0.000000 0.000000 0.000000 0.000000 0.000000 0.000000 0.000000 0.000000 0.000000 0.000000 0.000000 0.000000 0.000000 0.000000 0.000000 0.000000 0.000000 0.000000 0.000000 0.000000 0.000000 0.000000 0.000000 0.000000 0.000000 0.000000 0.000000 0.000000 0.000000 0.000000 0.000000 0.000000 0.000000 0.000000 0.000000 0.000000 0.000000 0.000000 0.000000 0.000000 0.000000 0.000000 0.000000 0.000000 0.000000 0.000000 0.000000 0.000000 0.000000 0.000000 0.000000 0.000000 0.000000 0.000000 0.000000 0.000000 0.000000 0.000000 0.000000 0.000000 0.000000 
0.000000 0.000000 0.000000 0.000000 0.000000 0.000000 0.000000 0.000000 0.000000 0.000000 0.000000 0.000000 0.000000 0.000000 0.000000 0.000000 0.000000 0.000000 0.000000 0.000000 0.000000 0.000000 0.000000 0.000000 0.000000 0.000000 0.000000 0.000000 0.000000 0.000000 0.000000 0.000000 0.000000 0.000000 0.000000 0.000000 0.000000 0.000000 0.000000 0.000000 0.000000 0.000000 0.000000 0.000000 0.000000 0.000000 0.000000 0.000000 0.000000 0.000000 0.000000 0.000000 0.000000 0.000000 0.000000 0.000000 0.000000 0.000000 0.000000 0.000000 0.000000 0.000000 0.000000 0.000000 0.000000 0.000000 0.000000 0.000000 0.000000 0.000000 0.000000 0.000000 0.000000 0.000000 0.000000 0.000000 0.000000 0.000000 0.000000 0.000000 0.000000 0.000000 0.000000 0.000000 0.000000 0.000000 0.000000 0.000000 0.000000 0.000000 0.000000 0.000000 0.000000 0.000000 0.000000 0.000000 0.000000 0.000000 0.000000 0.000000 
0.000000 0.000000 0.000000 0.000000 0.000000 0.000000 0.000000 0.000000 0.000000 0.000000 0.000000 0.000000 0.000000 0.000000 0.000000 0.000000 0.000000 0.000000 0.000000 0.000000 0.000000 0.000000 0.000000 0.000000 0.000000 0.000000 0.000000 0.000000 0.000000 0.000000 0.000000 0.000000 0.000000 0.000000 0.000000 0.000000 0.000000 0.000000 0.000000 0.000000 0.000000 0.000000 0.000000 0.000000 0.000000 0.000000 0.000000 0.000000 0.000000 0.000000 0.000000 0.000000 0.000000 0.000000 0.000000 0.000000 0.000000 0.000000 0.000000 0.000000 0.000000 0.000000 0.000000 0.000000 0.000000 0.000000 0.000000 0.000000 0.000000 0.000000 0.000000 0.000000 0.000000 0.000000 0.000000 0.000000 0.000000 0.000000 0.000000 0.000000 0.000000 0.000000 0.000000 0.000000 0.000000 0.000000 0.000000 0.000000 0.000000 0.000000 0.000000 0.000000 0.000000 0.000000 0.000000 0.000000 0.000000 0.000000 0.000000 0.000000 
0.000000 0.000000 0.000000 0.000000 0.000000 0.000000 0.000000 0.000000 0.000000 0.000000 0.000000 0.000000 0.000000 0.000000 0.000000 0.000000 0.000000 0.000000 0.000000 0.000000 0.000000 0.000000 0.000000 0.000000 0.000000 0.000000 0.000000 0.000000 0.000000 0.000000 0.000000 0.000000 0.000000 0.000000 0.000000 0.000000 0.000000 0.000000 0.000000 0.000000 0.000000 0.000000 0.000000 0.000000 0.000000 0.000000 0.000000 0.000000 0.000000 0.000000 0.000000 0.000000 0.000000 0.000000 0.000000 0.000000 0.000000 0.000000 0.000000 0.000000 0.000000 0.000000 0.000000 0.000000 0.000000 0.000000 0.000000 0.000000 0.000000 0.000000 0.000000 0.000000 0.000000 0.000000 0.000000 0.000000 0.000000 0.000000 0.000000 0.000000 0.000000 0.000000 0.000000 0.000000 0.000000 0.000000 0.000000 0.000000 0.000000 0.000000 0.000000 0.000000 0.000000 0.000000 0.000000 0.000000 0.000000 0.000000 0.000000 0.000000 
0.000000 0.000000 0.000000 0.000000 0.000000 0.000000 0.000000 0.000000 0.000000 0.000000 0.000000 0.000000 0.000000 0.000000 0.000000 0.000000 0.000000 0.000000 0.000000 0.000000 0.000000 0.000000 0.000000 0.000000 0.000000 0.000000 0.000000 0.000000 0.000000 0.000000 0.000000 0.000000 0.000000 0.000000 0.000000 0.000000 0.000000 0.000000 0.000000 0.000000 0.000000 0.000000 0.000000 0.000000 0.000000 0.000000 0.000000 0.000000 0.000000 0.000000 0.000000 0.000000 0.000000 0.000000 0.000000 0.000000 0.000000 0.000000 0.000000 0.000000 0.000000 0.000000 0.000000 0.000000 0.000000 0.000000 0.000000 0.000000 0.000000 0.000000 0.000000 0.000000 0.000000 0.000000 0.000000 0.000000 0.000000 0.000000 0.000000 0.000000 0.000000 0.000000 0.000000 0.000000 0.000000 0.000000 0.000000 0.000000 0.000000 0.000000 0.000000 0.000000 0.000000 0.000000 0.000000 0.000000 0.000000 0.000000 0.000000 0.000000 
0.000000 0.000000 0.000000 0.000000 0.000000 0.000000 0.000000 0.000000 0.000000 0.000000 0.000000 0.000000 0.000000 0.000000 0.000000 0.000000 0.000000 0.000000 0.000000 0.000000 0.000000 0.000000 0.000000 0.000000 0.000000 0.000000 0.000000 0.000000 0.000000 0.000000 0.000000 0.000000 0.000000 0.000000 0.000000 0.000000 0.000000 0.000000 0.000000 0.000000 0.000000 0.000000 0.000000 0.000000 0.000000 0.000000 0.000000 0.000000 0.000000 0.000000 0.000000 0.000000 0.000000 0.000000 0.000000 0.000000 0.000000 0.000000 0.000000 0.000000 0.000000 0.000000 0.000000 0.000000 0.000000 0.000000 0.000000 0.000000 0.000000 0.000000 0.000000 0.000000 0.000000 0.000000 0.000000 0.000000 0.000000 0.000000 0.000000 0.000000 0.000000 0.000000 0.000000 0.000000 0.000000 0.000000 0.000000 0.000000 0.000000 0.000000 0.000000 0.000000 0.000000 0.000000 0.000000 0.000000 0.000000 0.000000 0.000000 0.000000 
0.000000 0.000000 0.000000 0.000000 0.000000 0.000000 0.000000 0.000000 0.000000 0.000000 0.000000 0.000000 0.000000 0.000000 0.000000 0.000000 0.000000 0.000000 0.000000 0.000000 0.000000 0.000000 0.000000 0.000000 0.000000 0.000000 0.000000 0.000000 0.000000 0.000000 0.000000 0.000000 0.000000 0.000000 0.000000 0.000000 0.000000 0.000000 0.000000 0.000000 0.000000 0.000000 0.000000 0.000000 0.000000 0.000000 0.000000 0.000000 0.000000 0.000000 0.000000 0.000000 0.000000 0.000000 0.000000 0.000000 0.000000 0.000000 0.000000 0.000000 0.000000 0.000000 0.000000 0.000000 0.000000 0.000000 0.000000 0.000000 0.000000 0.000000 0.000000 0.000000 0.000000 0.000000 0.000000 0.000000 0.000000 0.000000 0.000000 0.000000 0.000000 0.000000 0.000000 0.000000 0.000000 0.000000 0.000000 0.000000 0.000000 0.000000 0.000000 0.000000 0.000000 0.000000 0.000000 0.000000 0.000000 0.000000 0.000000 0.000000 
0.000000 0.000000 0.000000 0.000000 0.000000 0.000000 0.000000 0.000000 0.000000 0.000000 0.000000 0.000000 0.000000 0.000000 0.000000 0.000000 0.000000 0.000000 0.000000 0.000000 0.000000 0.000000 0.000000 0.000000 0.000000 0.000000 0.000000 0.000000 0.000000 0.000000 0.000000 0.000000 0.000000 0.000000 0.000000 0.000000 0.000000 0.000000 0.000000 0.000000 0.000000 0.000000 0.000000 0.000000 0.000000 0.000000 0.000000 0.000001 0.000001 0.000001 0.000001 0.000001 0.000001 0.000001 0.000000 0.000000 0.000000 0.000000 0.000000 0.000000 0.000000 0.000000 0.000000 0.000000 0.000000 0.000000 0.000000 0.000000 0.000000 0.000000 0.000000 0.000000 0.000000 0.000000 0.000000 0.000000 0.000000 0.000000 0.000000 0.000000 0.000000 0.000000 0.000000 0.000000 0.000000 0.000000 0.000000 0.000000 0.000000 0.000000 0.000000 0.000000 0.000000 0.000000 0.000000 0.000000 0.000000 0.000000 0.000000 0.000000 
0.000000 0.000000 0.000000 0.000000 0.000000 0.000000 0.000000 0.000000 0.000000 0.000000 0.000000 0.000000 0.000000 0.000000 0.000000 0.000000 0.000000 0.000000 0.000000 0.000000 0.000000 0.000000 0.000000 0.000000 0.000000 0.000000 0.000000 0.000000 0.000000 0.000000 0.000000 0.000000 0.000000 0.000000 0.000000 0.000000 0.000000 0.000000 0.000000 0.000000 0.000000 0.000001 0.000001 0.000001 0.000001 0.000001 0.000001 0.000001 0.000001 0.000001 0.000001 0.000001 0.000001 0.000001 0.000001 0.000001 0.000001 0.000001 0.000001 0.000001 0.000000 0.000000 0.000000 0.000000 0.000000 0.000000 0.000000 0.000000 0.000000 0.000000 0.000000 0.000000 0.000000 0.000000 0.000000 0.000000 0.000000 0.000000 0.000000 0.000000 0.000000 0.000000 0.000000 0.000000 0.000000 0.000000 0.000000 0.000000 0.000000 0.000000 0.000000 0.000000 0.000000 0.000000 0.000000 0.000000 0.000000 0.000000 0.000000 0.000000 
0.000000 0.000000 0.000000 0.000000 0.000000 0.000000 0.000000 0.000000 0.000000 0.000000 0.000000 0.000000 0.000000 0.000000 0.000000 0.000000 0.000000 0.000000 0.000000 0.000000 0.000000 0.000000 0.000000 0.000000 0.000000 0.000000 0.000000 0.000000 0.000000 0.000000 0.000000 0.000000 0.000000 0.000000 0.000000 0.000000 0.000000 0.000000 0.000001 0.000001 0.000001 0.000001 0.000002 0.000002 0.000002 0.000003 0.000003 0.000003 0.000003 0.000004 0.000004 0.000004 0.000003 0.000003 0.000003 0.000003 0.000002 0.000002 0.000002 0.000001 0.000001 0.000001 0.000001 0.000000 0.000000 0.000000 0.000000 0.000000 0.000000 0.000000 0.000000 0.000000 0.000000 0.000000 0.000000 0.000000 0.000000 0.000000 0.000000 0.000000 0.000000 0.000000 0.000000 0.000000 0.000000 0.000000 0.000000 0.000000 0.000000 0.000000 0.000000 0.000000 0.000000 0.000000 0.000000 0.000000 0.000000 0.000000 0.000000 0.000000 
0.000000 0.000000 0.000000 0.000000 0.000000 0.000000 0.000000 0.000000 0.000000 0.000000 0.000000 0.000000 0.000000 0.000000 0.000000 0.000000 0.000000 0.000000 0.000000 0.000000 0.000000 0.000000 0.000000 0.000000 0.000000 0.000000 0.000000 0.000000 0.000000 0.000000 0.000000 0.000000 0.000000 0.000000 0.000000 0.000001 0.000001 0.000001 0.000002 0.000002 0.000003 0.000003 0.000004 0.000005 0.000006 0.000006 0.000007 0.000008 0.000008 0.000008 0.000009 0.000008 0.000008 0.000008 0.000007 0.000006 0.000006 0.000005 0.000004 0.000003 0.000003 0.000002 0.000002 0.000001 0.000001 0.000001 0.000000 0.000000 0.000000 0.000000 0.000000 0.000000 0.000000 0.000000 0.000000 0.000000 0.000000 0.000000 0.000000 0.000000 0.000000 0.000000 0.000000 0.000000 0.000000 0.000000 0.000000 0.000000 0.000000 0.000000 0.000000 0.000000 0.000000 0.000000 0.000000 0.000000 0.000000 0.000000 0.000000 0.000000 
0.000000 0.000000 0.000000 0.000000 0.000000 0.000000 0.000000 0.000000 0.000000 0.000000 0.000000 0.000000 0.000000 0.000000 0.000000 0.000000 0.000000 0.000000 0.000000 0.000000 0.000000 0.000000 0.000000 0.000000 0.000000 0.000000 0.000000 0.000000 0.000000 0.000000 0.000000 0.000000 0.000000 0.000001 0.000001 0.000001 0.000002 0.000003 0.000004 0.000005 0.000006 0.000008 0.000009 0.000011 0.000013 0.000015 0.000017 0.000018 0.000019 0.000020 0.000020 0.000020 0.000019 0.000018 0.000017 0.000015 0.000013 0.000011 0.000009 0.000008 0.000006 0.000005 0.000004 0.000003 0.000002 0.000001 0.000001 0.000001 0.000000 0.000000 0.000000 0.000000 0.000000 0.000000 0.000000 0.000000 0.000000 0.000000 0.000000 0.000000 0.000000 0.000000 0.000000 0.000000 0.000000 0.000000 0.000000 0.000000 0.000000 0.000000 0.000000 0.000000 0.000000 0.000000 0.000000 0.000000 0.000000 0.000000 0.000000 0.000000 
0.000000 0.000000 0.000000 0.000000 0.000000 0.000000 0.000000 0.000000 0.000000 0.000000 0.000000 0.000000 0.000000 0.000000 0.000000 0.000000 0.000000 0.000000 0.000000 0.000000 0.000000 0.000000 0.000000 0.000000 0.000000 0.000000 0.000000 0.000000 0.000000 0.000000 0.000000 0.000001 0.000001 0.000001 0.000002 0.000003 0.000004 0.000006 0.000008 0.000011 0.000014 0.000017 0.000021 0.000025 0.000030 0.000034 0.000038 0.000041 0.000044 0.000045 0.000046 0.000045 0.000044 0.000041 0.000038 0.000034 0.000030 0.000025 0.000021 0.000017 0.000014 0.000011 0.000008 0.000006 0.000004 0.000003 0.000002 0.000001 0.000001 0.000001 0.000000 0.000000 0.000000 0.000000 0.000000 0.000000 0.000000 0.000000 0.000000 0.000000 0.000000 0.000000 0.000000 0.000000 0.000000 0.000000 0.000000 0.000000 0.000000 0.000000 0.000000 0.000000 0.000000 0.000000 0.000000 0.000000 0.000000 0.000000 0.000000 0.000000 
0.000000 0.000000 0.000000 0.000000 0.000000 0.000000 0.000000 0.000000 0.000000 0.000000 0.000000 0.000000 0.000000 0.000000 0.000000 0.000000 0.000000 0.000000 0.000000 0.000000 0.000000 0.000000 0.000000 0.000000 0.000000 0.000000 0.000000 0.000000 0.000000 0.000001 0.000001 0.000001 0.000002 0.000003 0.000005 0.000007 0.000010 0.000014 0.000018 0.000024 0.000031 0.000039 0.000048 0.000057 0.000067 0.000076 0.000085 0.000093 0.000098 0.000102 0.000103 0.000102 0.000098 0.000093 0.000085 0.000076 0.000067 0.000057 0.000048 0.000039 0.000031 0.000024 0.000018 0.000014 0.000010 0.000007 0.000005 0.000003 0.000002 0.000001 0.000001 0.000001 0.000000 0.000000 0.000000 0.000000 0.000000 0.000000 0.000000 0.000000 0.000000 0.000000 0.000000 0.000000 0.000000 0.000000 0.000000 0.000000 0.000000 0.000000 0.000000 0.000000 0.000000 0.000000 0.000000 0.000000 0.000000 0.000000 0.000000 0.000000 
0.000000 0.000000 0.000000 0.000000 0.000000 0.000000 0.000000 0.000000 0.000000 0.000000 0.000000 0.000000 0.000000 0.000000 0.000000 0.000000 0.000000 0.000000 0.000000 0.000000 0.000000 0.000000 0.000000 0.000000 0.000000 0.000000 0.000000 0.000000 0.000001 0.000001 0.000002 0.000003 0.000005 0.000007 0.000011 0.000016 0.000022 0.000030 0.000041 0.000054 0.000069 0.000086 0.000106 0.000126 0.000147 0.000168 0.000187 0.000204 0.000216 0.000224 0.000227 0.000224 0.000216 0.000204 0.000187 0.000168 0.000147 0.000126 0.000106 0.000086 0.000069 0.000054 0.000041 0.000030 0.000022 0.000016 0.000011 0.000007 0.000005 0.000003 0.000002 0.000001 0.000001 0.000000 0.000000 0.000000 0.000000 0.000000 0.000000 0.000000 0.000000 0.000000 0.000000 0.000000 0.000000 0.000000 0.000000 0.000000 0.000000 0.000000 0.000000 0.000000 0.000000 0.000000 0.000000 0.000000 0.000000 0.000000 0.000000 0.000000 
0.000000 0.000000 0.000000 0.000000 0.000000 0.000000 0.000000 0.000000 0.000000 0.000000 0.000000 0.000000 0.000000 0.000000 0.000000 0.000000 0.000000 0.000000 0.000000 0.000000 0.000000 0.000000 0.000000 0.000000 0.000000 0.000000 0.000001 0.000001 0.000002 0.000003 0.000004 0.000007 0.000011 0.000016 0.000023 0.000034 0.000048 0.000066 0.000088 0.000116 0.000149 0.000186 0.000228 0.000273 0.000318 0.000363 0.000404 0.000439 0.000466 0.000483 0.000489 0.000483 0.000466 0.000439 0.000404 0.000363 0.000318 0.000273 0.000228 0.000186 0.000149 0.000116 0.000088 0.000066 0.000048 0.000034 0.000023 0.000016 0.000011 0.000007 0.000004 0.000003 0.000002 0.000001 0.000001 0.000000 0.000000 0.000000 0.000000 0.000000 0.000000 0.000000 0.000000 0.000000 0.000000 0.000000 0.000000 0.000000 0.000000 0.000000 0.000000 0.000000 0.000000 0.000000 0.000000 0.000000 0.000000 0.000000 0.000000 0.000000 
0.000000 0.000000 0.000000 0.000000 0.000000 0.000000 0.000000 0.000000 0.000000 0.000000 0.000000 0.000000 0.000000 0.000000 0.000000 0.000000 0.000000 0.000000 0.000000 0.000000 0.000000 0.000000 0.000000 0.000000 0.000000 0.000001 0.000001 0.000002 0.000003 0.000006 0.000009 0.000015 0.000022 0.000034 0.000050 0.000072 0.000101 0.000139 0.000187 0.000246 0.000315 0.000395 0.000483 0.000577 0.000673 0.000767 0.000854 0.000928 0.000985 0.001020 0.001033 0.001020 0.000985 0.000928 0.000854 0.000767 0.000673 0.000577 0.000483 0.000395 0.000315 0.000246 0.000187 0.000139 0.000101 0.000072 0.000050 0.000034 0.000022 0.000015 0.000009 0.000006 0.000003 0.000002 0.000001 0.000001 0.000000 0.000000 0.000000 0.000000 0.000000 0.000000 0.000000 0.000000 0.000000 0.000000 0.000000 0.000000 0.000000 0.000000 0.000000 0.000000 0.000000 0.000000 0.000000 0.000000 0.000000 0.000000 0.000000 0.000000 
0.000000 0.000000 0.000000 0.000000 0.000000 0.000000 0.000000 0.000000 0.000000 0.000000 0.000000 0.000000 0.000000 0.000000 0.000000 0.000000 0.000000 0.000000 0.000000 0.000000 0.000000 0.000000 0.000000 0.000000 0.000001 0.000001 0.000002 0.000004 0.000007 0.000012 0.000019 0.000031 0.000047 0.000071 0.000104 0.000150 0.000211 0.000291 0.000390 0.000512 0.000655 0.000820 0.001003 0.001197 0.001396 0.001590 0.001769 0.001922 0.002039 0.002113 0.002138 0.002113 0.002039 0.001922 0.001769 0.001590 0.001396 0.001197 0.001003 0.000820 0.000655 0.000512 0.000390 0.000291 0.000211 0.000150 0.000104 0.000071 0.000047 0.000031 0.000019 0.000012 0.000007 0.000004 0.000002 0.000001 0.000001 0.000000 0.000000 0.000000 0.000000 0.000000 0.000000 0.000000 0.000000 0.000000 0.000000 0.000000 0.000000 0.000000 0.000000 0.000000 0.000000 0.000000 0.000000 0.000000 0.000000 0.000000 0.000000 0.000000 
0.000000 0.000000 0.000000 0.000000 0.000000 0.000000 0.000000 0.000000 0.000000 0.000000 0.000000 0.000000 0.000000 0.000000 0.000000 0.000000 0.000000 0.000000 0.000000 0.000000 0.000000 0.000000 0.000000 0.000001 0.000002 0.000003 0.000005 0.000009 0.000015 0.000025 0.000040 0.000063 0.000097 0.000145 0.000214 0.000307 0.000432 0.000593 0.000795 0.001042 0.001334 0.001668 0.002038 0.002432 0.002835 0.003228 0.003589 0.003898 0.004135 0.004285 0.004335 0.004285 0.004135 0.003898 0.003589 0.003228 0.002835 0.002432 0.002038 0.001668 0.001334 0.001042 0.000795 0.000593 0.000432 0.000307 0.000214 0.000145 0.000097 0.000063 0.000040 0.000025 0.000015 0.000009 0.000005 0.000003 0.000002 0.000001 0.000000 0.000000 0.000000 0.000000 0.000000 0.000000 0.000000 0.000000 0.000000 0.000000 0.000000 0.000000 0.000000 0.000000 0.000000 0.000000 0.000000 0.000000 0.000000 0.000000 0.000000 0.000000 
0.000000 0.000000 0.000000 0.000000 0.000000 0.000000 0.000000 0.000000 0.000000 0.000000 0.000000 0.000000 0.000000 0.000000 0.000000 0.000000 0.000000 0.000000 0.000000 0.000000 0.000000 0.000000 0.000001 0.000002 0.000003 0.000006 0.000010 0.000018 0.000030 0.000050 0.000080 0.000126 0.000194 0.000292 0.000429 0.000615 0.000864 0.001185 0.001588 0.002079 0.002659 0.003324 0.004058 0.004840 0.005639 0.006418 0.007135 0.007748 0.008218 0.008513 0.008614 0.008513 0.008218 0.007748 0.007135 0.006418 0.005639 0.004840 0.004058 0.003324 0.002659 0.002079 0.001588 0.001185 0.000864 0.000615 0.000429 0.000292 0.000194 0.000126 0.000080 0.000050 0.000030 0.000018 0.000010 0.000006 0.000003 0.000002 0.000001 0.000000 0.000000 0.000000 0.000000 0.000000 0.000000 0.000000 0.000000 0.000000 0.000000 0.000000 0.000000 0.000000 0.000000 0.000000 0.000000 0.000000 0.000000 0.000000 0.000000 0.000000 
0.000000 0.000000 0.000000 0.000000 0.000000 0.000000 0.000000 0.000000 0.000000 0.000000 0.000000 0.000000 0.000000 0.000000 0.000000 0.000000 0.000000 0.000000 0.000000 0.000000 0.000001 0.000001 0.000002 0.000004 0.000007 0.000012 0.000021 0.000036 0.000060 0.000098 0.000158 0.000248 0.000382 0.000573 0.000841 0.001207 0.001692 0.002319 0.003105 0.004062 0.005193 0.006486 0.007915 0.009435 0.010989 0.012502 0.013894 0.015084 0.015995 0.016569 0.016764 0.016569 0.015995 0.015084 0.013894 0.012502 0.010989 0.009435 0.007915 0.006486 0.005193 0.004062 0.003105 0.002319 0.001692 0.001207 0.000841 0.000573 0.000382 0.000248 0.000158 0.000098 0.000060 0.000036 0.000021 0.000012 0.000007 0.000004 0.000002 0.000001 0.000001 0.000000 0.000000 0.000000 0.000000 0.000000 0.000000 0.000000 0.000000 0.000000 0.000000 0.000000 0.000000 0.000000 0.000000 0.000000 0.000000 0.000000 0.000000 0.000000 
0.000000 0.000000 0.000000 0.000000 0.000000 0.000000 0.000000 0.000000 0.000000 0.000000 0.000000 0.000000 0.000000 0.000000 0.000000 0.000000 0.000000 0.000000 0.000000 0.000000 0.000001 0.000002 0.000004 0.000007 0.000013 0.000023 0.000040 0.000069 0.000116 0.000190 0.000305 0.000479 0.000735 0.001103 0.001617 0.002317 0.003246 0.004444 0.005946 0.007774 0.009931 0.012396 0.015118 0.018015 0.020971 0.023851 0.026499 0.028761 0.030495 0.031585 0.031957 0.031585 0.030495 0.028761 0.026499 0.023851 0.020971 0.018015 0.015118 0.012396 0.009931 0.007774 0.005946 0.004444 0.003246 0.002317 0.001617 0.001103 0.000735 0.000479 0.000305 0.000190 0.000116 0.000069 0.000040 0.000023 0.000013 0.000007 0.000004 0.000002 0.000001 0.000000 0.000000 0.000000 0.000000 0.000000 0.000000 0.000000 0.000000 0.000000 0.000000 0.000000 0.000000 0.000000 0.000000 0.000000 0.000000 0.000000 0.000000 0.000000 
0.000000 0.000000 0.000000 0.000000 0.000000 0.000000 0.000000 0.000000 0.000000 0.000000 0.000000 0.000000 0.000000 0.000000 0.000000 0.000000 0.000000 0.000000 0.000000 0.000001 0.000002 0.000004 0.000007 0.000013 0.000024 0.000044 0.000076 0.000131 0.000220 0.000360 0.000577 0.000905 0.001386 0.002077 0.003043 0.004357 0.006098 0.008341 0.011151 0.014568 0.018598 0.023202 0.028282 0.033684 0.039196 0.044562 0.049496 0.053710 0.056939 0.058968 0.059661 0.058968 0.056939 0.053710 0.049496 0.044562 0.039196 0.033684 0.028282 0.023202 0.018598 0.014568 0.011151 0.008341 0.006098 0.004357 0.003043 0.002077 0.001386 0.000905 0.000577 0.000360 0.000220 0.000131 0.000076 0.000044 0.000024 0.000013 0.000007 0.000004 0.000002 0.000001 0.000000 0.000000 0.000000 0.000000 0.000000 0.000000 0.000000 0.000000 0.000000 0.000000 0.000000 0.000000 0.000000 0.000000 0.000000 0.000000 0.000000 0.000000 
0.000000 0.000000 0.000000 0.000000 0.000000 0.000000 0.000000 0.000000 0.000000 0.000000 0.000000 0.000000 0.000000 0.000000 0.000000 0.000000 0.000000 0.000000 0.000001 0.000002 0.000004 0.000007 0.000013 0.000025 0.000045 0.000081 0.000142 0.000243 0.000407 0.000667 0.001068 0.001672 0.002559 0.003831 0.005606 0.008020 0.011214 0.015327 0.020475 0.026731 0.034105 0.042522 0.051806 0.061673 0.071738 0.081532 0.090535 0.098221 0.104109 0.107811 0.109074 0.107811 0.104109 0.098221 0.090535 0.081532 0.071738 0.061673 0.051806 0.042522 0.034105 0.026731 0.020475 0.015327 0.011214 0.008020 0.005606 0.003831 0.002559 0.001672 0.001068 0.000667 0.000407 0.000243 0.000142 0.000081 0.000045 0.000025 0.000013 0.000007 0.000004 0.000002 0.000001 0.000000 0.000000 0.000000 0.000000 0.000000 0.000000 0.000000 0.000000 0.000000 0.000000 0.000000 0.000000 0.000000 0.000000 0.000000 0.000000 0.000000 
0.000000 0.000000 0.000000 0.000000 0.000000 0.000000 0.000000 0.000000 0.000000 0.000000 0.000000 0.000000 0.000000 0.000000 0.000000 0.000000 0.000000 0.000001 0.000002 0.000003 0.000007 0.000013 0.000024 0.000045 0.000083 0.000148 0.000259 0.000442 0.000739 0.001209 0.001934 0.003024 0.004625 0.006916 0.010111 0.014452 0.020191 0.027575 0.036809 0.048024 0.061234 0.076303 0.092916 0.110565 0.128560 0.146064 0.162150 0.175881 0.186397 0.193007 0.195262 0.193007 0.186397 0.175881 0.162150 0.146064 0.128560 0.110565 0.092916 0.076303 0.061234 0.048024 0.036809 0.027575 0.020191 0.014452 0.010111 0.006916 0.004625 0.003024 0.001934 0.001209 0.000739 0.000442 0.000259 0.000148 0.000083 0.000045 0.000024 0.000013 0.000007 0.000003 0.000002 0.000001 0.000000 0.000000 0.000000 0.000000 0.000000 0.000000 0.000000 0.000000 0.000000 0.000000 0.000000 0.000000 0.000000 0.000000 0.000000 0.000000 
0.000000 0.000000 0.000000 0.000000 0.000000 0.000000 0.000000 0.000000 0.000000 0.000000 0.000000 0.000000 0.000000 0.000000 0.000000 0.000000 0.000001 0.000001 0.000003 0.000006 0.000012 0.000023 0.000044 0.000081 0.000148 0.000264 0.000461 0.000787 0.001314 0.002146 0.003428 0.005355 0.008181 0.012222 0.017851 0.025491 0.035586 0.048563 0.064781 0.084463 0.107633 0.134049 0.163156 0.194065 0.225567 0.256199 0.284342 0.308358 0.326749 0.338307 0.342250 0.338307 0.326749 0.308358 0.284342 0.256199 0.225567 0.194065 0.163156 0.134049 0.107633 0.084463 0.064781 0.048563 0.035586 0.025491 0.017851 0.012222 0.008181 0.005355 0.003428 0.002146 0.001314 0.000787 0.000461 0.000264 0.000148 0.000081 0.000044 0.000023 0.000012 0.000006 0.000003 0.000001 0.000001 0.000000 0.000000 0.000000 0.000000 0.000000 0.000000 0.000000 0.000000 0.000000 0.000000 0.000000 0.000000 0.000000 0.000000 0.000000 
0.000000 0.000000 0.000000 0.000000 0.000000 0.000000 0.000000 0.000000 0.000000 0.000000 0.000000 0.000000 0.000000 0.000000 0.000000 0.000001 0.000001 0.000002 0.000005 0.000010 0.000021 0.000040 0.000076 0.000142 0.000259 0.000461 0.000803 0.001369 0.002284 0.003726 0.005945 0.009279 0.014162 0.021137 0.030845 0.044010 0.061391 0.083718 0.111599 0.145415 0.185201 0.230536 0.280465 0.333460 0.387453 0.439937 0.488143 0.529272 0.560762 0.580551 0.587302 0.580551 0.560762 0.529272 0.488143 0.439937 0.387453 0.333460 0.280465 0.230536 0.185201 0.145415 0.111599 0.083718 0.061391 0.044010 0.030845 0.021137 0.014162 0.009279 0.005945 0.003726 0.002284 0.001369 0.000803 0.000461 0.000259 0.000142 0.000076 0.000040 0.000021 0.000010 0.000005 0.000002 0.000001 0.000001 0.000000 0.000000 0.000000 0.000000 0.000000 0.000000 0.000000 0.000000 0.000000 0.000000 0.000000 0.000000 0.000000 0.000000 
0.000000 0.000000 0.000000 0.000000 0.000000 0.000000 0.000000 0.000000 0.000000 0.000000 0.000000 0.000000 0.000000 0.000000 0.000000 0.000001 0.000002 0.000004 0.000009 0.000018 0.000036 0.000069 0.000131 0.000243 0.000442 0.000787 0.001369 0.002332 0.003884 0.006331 0.010092 0.015734 0.023991 0.035774 0.052161 0.074365 0.103656 0.141254 0.188175 0.245048 0.311923 0.388087 0.471928 0.560882 0.651477 0.739513 0.820352 0.889309 0.942096 0.975266 0.986580 0.975266 0.942096 0.889309 0.820352 0.739513 0.651477 0.560882 0.471928 0.388087 0.311923 0.245048 0.188175 0.141254 0.103656 0.074365 0.052161 0.035774 0.023991 0.015734 0.010092 0.006331 0.003884 0.002332 0.001369 0.000787 0.000442 0.000243 0.000131 0.000069 0.000036 0.000018 0.000009 0.000004 0.000002 0.000001 0.000000 0.000000 0.000000 0.000000 0.000000 0.000000 0.000000 0.000000 0.000000 0.000000 0.000000 0.000000 0.000000 0.000000 
0.000000 0.000000 0.000000 0.000000 0.000000 0.000000 0.000000 0.000000 0.000000 0.000000 0.000000 0.000000 0.000000 0.000000 0.000001 0.000002 0.000003 0.000007 0.000015 0.000030 0.000060 0.000116 0.000220 0.000407 0.000739 0.001314 0.002284 0.003884 0.006464 0.010524 0.016759 0.026105 0.039769 0.059249 0.086320 0.122969 0.171281 0.233251 0.310537 0.404161 0.514189 0.639438 0.777249 0.923406 1.072208 1.216763 1.349467 1.462643 1.549267 1.603694 1.622259 1.603694 1.549267 1.462643 1.349467 1.216763 1.072208 0.923406 0.777249 0.639438 0.514189 0.404161 0.310537 0.233251 0.171281 0.122969 0.086320 0.059249 0.039769 0.026105 0.016759 0.010524 0.006464 0.003884 0.002284 0.001314 0.000739 0.000407 0.000220 0.000116 0.000060 0.000030 0.000015 0.000007 0.000003 0.000002 0.000001 0.000000 0.000000 0.000000 0.000000 0.000000 0.000000 0.000000 0.000000 0.000000 0.000000 0.000000 0.000000 0.000000 
0.000000 0.000000 0.000000 0.000000 0.000000 0.000000 0.000000 0.000000 0.000000 0.000000 0.000000 0.000000 0.000000 0.000001 0.000001 0.000003 0.000006 0.000012 0.000025 0.000050 0.000098 0.000190 0.000360 0.000667 0.001209 0.002146 0.003726 0.006331 0.010524 0.017116 0.027231 0.042377 0.064501 0.096016 0.139776 0.198975 0.276957 0.376919 0.501510 0.652352 0.829531 1.031123 1.252841 1.487893 1.727121 1.959455 2.172689 2.354510 2.493655 2.581072 2.610888 2.581072 2.493655 2.354510 2.172689 1.959455 1.727121 1.487893 1.252841 1.031123 0.829531 0.652352 0.501510 0.376919 0.276957 0.198975 0.139776 0.096016 0.064501 0.042377 0.027231 0.017116 0.010524 0.006331 0.003726 0.002146 0.001209 0.000667 0.000360 0.000190 0.000098 0.000050 0.000025 0.000012 0.000006 0.000003 0.000001 0.000001 0.000000 0.000000 0.000000 0.000000 0.000000 0.000000 0.000000 0.000000 0.000000 0.000000 0.000000 0.000000 
0.000000 0.000000 0.000000 0.000000 0.000000 0.000000 0.000000 0.000000 0.000000 0.000000 0.000000 0.000000 0.000000 0.000001 0.000002 0.000004 0.000009 0.000019 0.000040 0.000080 0.000158 0.000305 0.000577 0.001068 0.001934 0.003428 0.005945 0.010092 0.016759 0.027231 0.043283 0.067298 0.102348 0.152236 0.221453 0.315022 0.438198 0.595991 0.792545 1.030383 1.309607 1.627160 1.976273 2.346247 2.722672 3.088149 3.423505 3.709403 3.928169 4.065593 4.112464 4.065593 3.928169 3.709403 3.423505 3.088149 2.722672 2.346247 1.976273 1.627160 1.309607 1.030383 0.792545 0.595991 0.438198 0.315022 0.221453 0.152236 0.102348 0.067298 0.043283 0.027231 0.016759 0.010092 0.005945 0.003428 0.001934 0.001068 0.000577 0.000305 0.000158 0.000080 0.000040 0.000019 0.000009 0.000004 0.000002 0.000001 0.000000 0.000000 0.000000 0.000000 0.000000 0.000000 0.000000 0.000000 0.000000 0.000000 0.000000 0.000000 
0.000000 0.000000 0.000000 0.000000 0.000000 0.000000 0.000000 0.000000 0.000000 0.000000 0.000000 0.000000 0.000001 0.000001 0.000003 0.000007 0.000015 0.000031 0.000063 0.000126 0.000248 0.000479 0.000905 0.001672 0.003024 0.005355 0.009279 0.015734 0.026105 0.042377 0.067298 0.104551 0.158876 0.236139 0.343259 0.487968 0.678341 0.922069 1.225497 1.592465 2.023085 2.512602 3.050559 3.620463 4.200128 4.762786 5.278960 5.718932 6.055549 6.266987 6.339099 6.266987 6.055549 5.718932 5.278960 4.762786 4.200128 3.620463 3.050559 2.512602 2.023085 1.592465 1.225497 0.922069 0.678341 0.487968 0.343259 0.236139 0.158876 0.104551 0.067298 0.042377 0.026105 0.015734 0.009279 0.005355 0.003024 0.001672 0.000905 0.000479 0.000248 0.000126 0.000063 0.000031 0.000015 0.000007 0.000003 0.000001 0.000001 0.000000 0.000000 0.000000 0.000000 0.000000 0.000000 0.000000 0.000000 0.000000 0.000000 0.000000 
0.000000 0.000000 0.000000 0.000000 0.000000 0.000000 0.000000 0.000000 0.000000 0.000000 0.000000 0.000000 0.000001 0.000002 0.000005 0.000011 0.000022 0.000047 0.000097 0.000194 0.000382 0.000735 0.001386 0.002559 0.004625 0.008181 0.014162 0.023991 0.039769 0.064501 0.102348 0.158876 0.241247 0.358311 0.520500 0.739459 1.027335 1.395681 1.854006 2.408035 3.057866 3.796271 4.607445 5.466507 6.340028 7.187710 7.965199 8.627800 9.134683 9.453043 9.561618 9.453043 9.134683 8.627800 7.965199 7.187710 6.340028 5.466507 4.607445 3.796271 3.057866 2.408035 1.854006 1.395681 1.027335 0.739459 0.520500 0.358311 0.241247 0.158876 0.102348 0.064501 0.039769 0.023991 0.014162 0.008181 0.004625 0.002559 0.001386 0.000735 0.000382 0.000194 0.000097 0.000047 0.000022 0.000011 0.000005 0.000002 0.000001 0.000000 0.000000 0.000000 0.000000 0.000000 0.000000 0.000000 0.000000 0.000000 0.000000 0.000000 
0.000000 0.000000 0.000000 0.000000 0.000000 0.000000 0.000000 0.000000 0.000000 0.000000 0.000000 0.000001 0.000001 0.000003 0.000007 0.000016 0.000034 0.000071 0.000145 0.000292 0.000573 0.001103 0.002077 0.003831 0.006916 0.012222 0.021137 0.035774 0.059249 0.096016 0.152236 0.236139 0.358311 0.531818 0.772051 1.096170 1.522054 2.066691 2.744028 3.562418 4.521911 5.611760 6.808589 8.075677 9.363738 10.613403 11.759364 12.735835 13.482737 13.951810 14.111778 13.951810 13.482737 12.735835 11.759364 10.613403 9.363738 8.075677 6.808589 5.611760 4.521911 3.562418 2.744028 2.066691 1.522054 1.096170 0.772051 0.531818 0.358311 0.236139 0.152236 0.096016 0.059249 0.035774 0.021137 0.012222 0.006916 0.003831 0.002077 0.001103 0.000573 0.000292 0.000145 0.000071 0.000034 0.000016 0.000007 0.000003 0.000001 0.000001 0.000000 0.000000 0.000000 0.000000 0.000000 0.000000 0.000000 0.000000 0.000000 0.000000 
0.000000 0.000000 0.000000 0.000000 0.000000 0.000000 0.000000 0.000000 0.000000 0.000000 0.000000 0.000001 0.000002 0.000005 0.000011 0.000023 0.000050 0.000104 0.000214 0.000429 0.000841 0.001617 0.003043 0.005606 0.010111 0.017851 0.030845 0.052161 0.086320 0.139776 0.221453 0.343259 0.520500 0.772051 1.120123 1.589463 2.205825 2.993647 3.972953 5.155672 6.541747 8.115553 9.843269 11.671869 13.530253 15.332841 16.985533 18.393578 19.470472 20.146738 20.377356 20.146738 19.470472 18.393578 16.985533 15.332841 13.530253 11.671869 9.843269 8.115553 6.541747 5.155672 3.972953 2.993647 2.205825 1.589463 1.120123 0.772051 0.520500 0.343259 0.221453 0.139776 0.086320 0.052161 0.030845 0.017851 0.010111 0.005606 0.003043 0.001617 0.000841 0.000429 0.000214 0.000104 0.000050 0.000023 0.000011 0.000005 0.000002 0.000001 0.000000 0.000000 0.000000 0.000000 0.000000 0.000000 0.000000 0.000000 0.000000 0.000000 
0.000000 0.000000 0.000000 0.000000 0.000000 0.000000 0.000000 0.000000 0.000000 0.000000 0.000001 0.000001 0.000003 0.000007 0.000016 0.000034 0.000072 0.000150 0.000307 0.000615 0.001207 0.002317 0.004357 0.008020 0.014452 0.025491 0.044010 0.074365 0.122969 0.198975 0.315022 0.487968 0.739459 1.096170 1.589463 2.254251 3.126836 4.241617 5.626727 7.298846 9.257720 11.481133 13.921221 16.503068 19.126330 21.670299 24.002314 25.988846 27.508016 28.461954 28.787252 28.461954 27.508016 25.988846 24.002314 21.670299 19.126330 16.503068 13.921221 11.481133 9.257720 7.298846 5.626727 4.241617 3.126836 2.254251 1.589463 1.096170 0.739459 0.487968 0.315022 0.198975 0.122969 0.074365 0.044010 0.025491 0.014452 0.008020 0.004357 0.002317 0.001207 0.000615 0.000307 0.000150 0.000072 0.000034 0.000016 0.000007 0.000003 0.000001 0.000001 0.000000 0.000000 0.000000 0.000000 0.000000 0.000000 0.000000 0.000000 0.000000 
0.000000 0.000000 0.000000 0.000000 0.000000 0.000000 0.000000 0.000000 0.000000 0.000000 0.000001 0.000002 0.000004 0.000010 0.000022 0.000048 0.000101 0.000211 0.000432 0.000864 0.001692 0.003246 0.006098 0.011214 0.020191 0.035586 0.061391 0.103656 0.171281 0.276957 0.438198 0.678341 1.027335 1.522054 2.205825 3.126836 4.335146 5.878137 7.794488 10.107026 12.815177 15.888053 19.259398 22.825675 26.448329 29.960792 33.180085 35.922087 38.018786 39.335288 39.784208 39.335288 38.018786 35.922087 33.180085 29.960792 26.448329 22.825675 19.259398 15.888053 12.815177 10.107026 7.794488 5.878137 4.335146 3.126836 2.205825 1.522054 1.027335 0.678341 0.438198 0.276957 0.171281 0.103656 0.061391 0.035586 0.020191 0.011214 0.006098 0.003246 0.001692 0.000864 0.000432 0.000211 0.000101 0.000048 0.000022 0.000010 0.000004 0.000002 0.000001 0.000000 0.000000 0.000000 0.000000 0.000000 0.000000 0.000000 0.000000 0.000000 
0.000000 0.000000 0.000000 0.000000 0.000000 0.000000 0.000000 0.000000 0.000000 0.000000 0.000001 0.000003 0.000006 0.000014 0.000030 0.000066 0.000139 0.000291 0.000593 0.001185 0.002319 0.004444 0.008341 0.015327 0.027575 0.048563 0.083718 0.141254 0.233251 0.376919 0.595991 0.922069 1.395681 2.066691 2.993647 4.241617 5.878137 7.967063 10.560431 13.688813 17.351159 21.505477 26.062058 30.880929 35.774937 40.519216 44.866848 48.569452 51.400424 53.177863 53.783941 53.177863 51.400424 48.569452 44.866848 40.519216 35.774937 30.880929 26.062058 21.505477 17.351159 13.688813 10.560431 7.967063 5.878137 4.241617 2.993647 2.066691 1.395681 0.922069 0.595991 0.376919 0.233251 0.141254 0.083718 0.048563 0.027575 0.015327 0.008341 0.004444 0.002319 0.001185 0.000593 0.000291 0.000139 0.000066 0.000030 0.000014 0.000006 0.000003 0.000001 0.000000 0.000000 0.000000 0.000000 0.000000 0.000000 0.000000 0.000000 0.000000 
0.000000 0.000000 0.000000 0.000000 0.000000 0.000000 0.000000 0.000000 0.000000 0.000001 0.000002 0.000004 0.000008 0.000018 0.000041 0.000088 0.000187 0.000390 0.000795 0.001588 0.003105 0.005946 0.011151 0.020475 0.036809 0.064781 0.111599 0.188175 0.310537 0.501510 0.792545 1.225497 1.854006 2.744028 3.972953 5.626727 7.794488 10.560431 13.993051 18.132432 22.976840 28.470463 34.494508 40.863878 47.331284 53.599762 59.343351 64.234249 67.973462 70.321012 71.121465 70.321012 67.973462 64.234249 59.343351 53.599762 47.331284 40.863878 34.494508 28.470463 22.976840 18.132432 13.993051 10.560431 7.794488 5.626727 3.972953 2.744028 1.854006 1.225497 0.792545 0.501510 0.310537 0.188175 0.111599 0.064781 0.036809 0.020475 0.011151 0.005946 0.003105 0.001588 0.000795 0.000390 0.000187 0.000088 0.000041 0.000018 0.000008 0.000004 0.000002 0.000001 0.000000 0.000000 0.000000 0.000000 0.000000 0.000000 0.000000 0.000000 
0.000000 0.000000 0.000000 0.000000 0.000000 0.000000 0.000000 0.000000 0.000000 0.000001 0.000002 0.000005 0.000011 0.000024 0.000054 0.000116 0.000246 0.000512 0.001042 0.002079 0.004062 0.007774 0.014568 0.026731 0.048024 0.084463 0.145415 0.245048 0.404161 0.652352 1.030383 1.592465 2.408035 3.562418 5.155672 7.298846 10.107026 13.688813 18.132432 23.489310 29.756796 36.862368 44.652181 52.886830 61.246704 69.348176 76.770309 83.089897 87.921002 90.953904 91.988018 90.953904 87.921002 83.089897 76.770309 69.348176 61.246704 52.886830 44.652181 36.862368 29.756796 23.489310 18.132432 13.688813 10.107026 7.298846 5.155672 3.562418 2.408035 1.592465 1.030383 0.652352 0.404161 0.245048 0.145415 0.084463 0.048024 0.026731 0.014568 0.007774 0.004062 0.002079 0.001042 0.000512 0.000246 0.000116 0.000054 0.000024 0.000011 0.000005 0.000002 0.000001 0.000000 0.000000 0.000000 0.000000 0.000000 0.000000 0.000000 0.000000 
0.000000 0.000000 0.000000 0.000000 0.000000 0.000000 0.000000 0.000000 0.000000 0.000001 0.000003 0.000006 0.000014 0.000031 0.000069 0.000149 0.000315 0.000655 0.001334 0.002659 0.005193 0.009931 0.018598 0.034105 0.061234 0.107633 0.185201 0.311923 0.514189 0.829531 1.309607 2.023085 3.057866 4.521911 6.541747 9.257720 12.815177 17.351159 22.976840 29.756796 37.687203 46.675933 56.528143 66.940985 77.510419 87.751694 97.133083 105.120122 111.225500 115.058191 116.364974 115.058191 111.225500 105.120122 97.133083 87.751694 77.510419 66.940985 56.528143 46.675933 37.687203 29.756796 22.976840 17.351159 12.815177 9.257720 6.541747 4.521911 3.057866 2.023085 1.309607 0.829531 0.514189 0.311923 0.185201 0.107633 0.061234 0.034105 0.018598 0.009931 0.005193 0.002659 0.001334 0.000655 0.000315 0.000149 0.000069 0.000031 0.000014 0.000006 0.000003 0.000001 0.000000 0.000000 0.000000 0.000000 0.000000 0.000000 0.000000 0.000000 
0.000000 0.000000 0.000000 0.000000 0.000000 0.000000 0.000000 0.000000 0.000001 0.000001 0.000003 0.000008 0.000017 0.000039 0.000086 0.000186 0.000395 0.000820 0.001668 0.003324 0.006486 0.012396 0.023202 0.042522 0.076303 0.134049 0.230536 0.388087 0.639438 1.031123 1.627160 2.512602 3.796271 5.611760 8.115553 11.481133 15.888053 21.505477 28.470463 36.862368 46.675933 57.796746 69.983496 82.861509 95.931218 108.593504 120.191381 130.064622 137.611344 142.348644 143.963825 142.348644 137.611344 130.064622 120.191381 108.593504 95.931218 82.861509 69.983496 57.796746 46.675933 36.862368 28.470463 21.505477 15.888053 11.481133 8.115553 5.611760 3.796271 2.512602 1.627160 1.031123 0.639438 0.388087 0.230536 0.134049 0.076303 0.042522 0.023202 0.012396 0.006486 0.003324 0.001668 0.000820 0.000395 0.000186 0.000086 0.000039 0.000017 0.000008 0.000003 0.000001 0.000001 0.000000 0.000000 0.000000 0.000000 0.000000 0.000000 0.000000 
0.000000 0.000000 0.000000 0.000000 0.000000 0.000000 0.000000 0.000000 0.000001 0.000002 0.000004 0.000009 0.000021 0.000048 0.000106 0.000228 0.000483 0.001003 0.002038 0.004058 0.007915 0.015118 0.028282 0.051806 0.092916 0.163156 0.280465 0.471928 0.777249 1.252841 1.976273 3.050559 4.607445 6.808589 9.843269 13.921221 19.259398 26.062058 34.494508 44.652181 56.528143 69.983496 84.726002 100.302342 116.108411 131.419987 145.443097 157.380012 166.503598 172.230520 174.183075 172.230520 166.503598 157.380012 145.443097 131.419987 116.108411 100.302342 84.726002 69.983496 56.528143 44.652181 34.494508 26.062058 19.259398 13.921221 9.843269 6.808589 4.607445 3.050559 1.976273 1.252841 0.777249 0.471928 0.280465 0.163156 0.092916 0.051806 0.028282 0.015118 0.007915 0.004058 0.002038 0.001003 0.000483 0.000228 0.000106 0.000048 0.000021 0.000009 0.000004 0.000002 0.000001 0.000000 0.000000 0.000000 0.000000 0.000000 0.000000 0.000000 
0.000000 0.000000 0.000000 0.000000 0.000000 0.000000 0.000000 0.000000 0.000001 0.000002 0.000005 0.000011 0.000025 0.000057 0.000126 0.000273 0.000577 0.001197 0.002432 0.004840 0.009435 0.018015 0.033684 0.061673 0.110565 0.194065 0.333460 0.560882 0.923406 1.487893 2.346247 3.620463 5.466507 8.075677 11.671869 16.503068 22.825675 30.880929 40.863878 52.886830 66.940985 82.861509 100.302342 118.727120 137.421411 155.529002 172.111431 186.225956 197.013374 203.784461 206.092978 203.784461 197.013374 186.225956 172.111431 155.529002 137.421411 118.727120 100.302342 82.861509 66.940985 52.886830 40.863878 30.880929 22.825675 16.503068 11.671869 8.075677 5.466507 3.620463 2.346247 1.487893 0.923406 0.560882 0.333460 0.194065 0.110565 0.061673 0.033684 0.018015 0.009435 0.004840 0.002432 0.001197 0.000577 0.000273 0.000126 0.000057 0.000025 0.000011 0.000005 0.000002 0.000001 0.000000 0.000000 0.000000 0.000000 0.000000 0.000000 0.000000 
