0.000000 0.000000 0.000000 0.000000 0.000000 0.000000 0.000000 0.000000 0.000000 0.000000 0.000000 0.000000 0.000000 0.000000 0.000000 0.000000 0.000000 0.000000 0.000000 0.000000 0.000000 0.000000 0.000000 0.000000 0.000000 0.000000 0.000000 0.000000 0.000000 0.000000 0.000000 0.000000 0.000000 0.000000 0.000000 0.000000 0.000000 0.000000 0.000000 0.000000 0.000000 0.000000 0.000000 0.000000 0.000000 0.000000 0.000000 0.000000 0.000000 0.000000 0.000000 0.000000 0.000000 0.000000 0.000000 0.000000 0.000000 0.000000 0.000000 0.000000 0.000000 0.000000 0.000000 0.000000 0.000000 0.000000 0.000000 0.000000 0.000000 0.000000 0.000000 0.000000 0.000000 0.000000 0.000000 0.000000 0.000000 0.000000 0.000000 0.000000 0.000000 0.000000 0.000000 0.000000 0.000000 0.000000 0.000000 0.000000 0.000000 0.000000 0.000000 0.000000 0.000000 0.000000 0.000000 0.000000 0.000000 0.000000 0.000000 0.000000 
0.000000 0.000000 0.000000 0.000000 0.000000 0.000000 0.000000 0.000000 0.000000 0.000000 0.000000 0.000000 0.000000 0.000000 0.000000 0.000000 0.000000 0.000000 0.000000 0.000000 0.000000 0.000000 0.000000 0.000000 0.000000 0.000000 0.000000 0.000000 0.000000 0.000000 0.000000 0.000000 0.000000 0.000000 0.000000 0.000000 0.000000 0.000000 0.000000 0.000000 0.000000 0.000000 0.000000 0.000000 0.000000 0.000000 0.000000 0.000000 0.000000 0.000000 0.000000 0.000000 0.000000 0.000000 0.000000 0.000000 0.000000 0.000000 0.000000 0.000000 0.000000 0.000000 0.000000 0.000000 0.000000 0.000000 0.000000 0.000000 0.000000 0.000000 0.000000 0.000000 0.000000 0.000000 0.000000 0.000000 0.000000 0.000000 0.000000 0.000000 0.000000 0.000000 0.000000 0.000000 0.000000 0.000000 0.000000 0.000000 0.000000 0.000000 0.000000 0.000000 0.000000 0.000000 0.000000 0.000000 0.000000 0.000000 0.000000 0.000000 
0.000000 0.000000 0.000000 0.000000 0.000000 0.000000 0.000000 0.000000 0.000000 0.000000 0.000000 0.000000 0.000000 0.000000 0.000000 0.000000 0.000000 0.000000 0.000000 0.000000 0.000000 0.000000 0.000000 0.000000 0.000000 0.000000 0.000000 0.000000 0.000000 0.000000 0.000000 0.000000 0.000000 0.000000 0.000000 0.000000 0.000000 0.000000 0.000000 0.000000 0.000000 0.000000 0.000000 0.000000 0.000000 0.000000 0.000000 0.000000 0.000000 0.000000 0.000000 0.000000 0.000000 0.000000 0.000000 0.000000 0.000000 0.000000 0.000000 0.000000 0.000000 0.000000 0.000000 0.000000 0.000000 0.000000 0.000000 0.000000 0.000000 0.000000 0.000000 0.000000 0.000000 0.000000 0.000000 0.000000 0.000000 0.000000 0.000000 0.000000 0.000000 0.000000 0.000000 0.000000 0.000000 0.000000 0.000000 0.000000 0.000000 0.000000 0.000000 0.000000 0.000000 0.000000 0.000000 0.000000 0.000000 0.000000 0.000000 0.000000 
0.000000 0.000000 0.000000 0.000000 0.000000 0.000000 0.000000 0.000000 0.000000 0.000000 0.000000 0.000000 0.000000 0.000000 0.000000 0.000000 0.000000 0.000000 0.000000 0.000000 0.000000 0.000000 0.000000 0.000000 0.000000 0.000000 0.000000 0.000000 0.000000 0.000000 0.000000 0.000000 0.000000 0.000000 0.000000 0.000000 0.000000 0.000000 0.000000 0.000000 0.000000 0.000000 0.000000 0.000000 0.000000 0.000000 0.000000 0.000000 0.000000 0.000000 0.000000 0.000000 0.000000 0.000000 0.000000 0.000000 0.000000 0.000000 0.000000 0.000000 0.000000 0.000000 0.000000 0.000000 0.000000 0.000000 0.000000 0.000000 0.000000 0.000000 0.000000 0.000000 0.000000 0.000000 0.000000 0.000000 0.000000 0.000000 0.000000 0.000000 0.000000 0.000000 0.000000 0.000000 0.000000 0.000000 0.000000 0.000000 0.000000 0.000000 0.000000 0.000000 0.000000 0.000000 0.000000 0.000000 0.000000 0.000000 0.000000 0.000000 
0.000000 0.000000 0.000000 0.000000 0.000000 0.000000 0.000000 0.000000 0.000000 0.000000 0.000000 0.000000 0.000000 0.000000 0.000000 0.000000 0.000000 0.000000 0.000000 0.000000 0.000000 0.000000 0.000000 0.000000 0.000000 0.000000 0.000000 0.000000 0.000000 0.000000 0.000000 0.000000 0.000000 0.000000 0.000000 0.000000 0.000000 0.000000 0.000000 0.000000 0.000000 0.000000 0.000000 0.000000 0.000000 0.000000 0.000000 0.000000 0.000000 0.000000 0.000000 0.000000 0.000000 0.000000 0.000000 0.000000 0.000000 0.000000 0.000000 0.000000 0.000000 0.000000 0.000000 0.000000 0.000000 0.000000 0.000000 0.000000 0.000000 0.000000 0.000000 0.000000 0.000000 0.000000 0.000000 0.000000 0.000000 0.000000 0.000000 0.000000 0.000000 0.000000 0.000000 0.000000 0.000000 0.000000 0.000000 0.000000 0.000000 0.000000 0.000000 0.000000 0.000000 0.000000 0.000000 0.000000 0.000000 0.000000 0.000000 0.000000 
0.000000 0.000000 0.000000 0.000000 0.000000 0.000000 0.000000 0.000000 0.000000 0.000000 0.000000 0.000000 0.000000 0.000000 0.000000 0.000000 0.000000 0.000000 0.000000 0.000000 0.000000 0.000000 0.000000 0.000000 0.000000 0.000000 0.000000 0.000000 0.000000 0.000000 0.000000 0.000000 0.000000 0.000000 0.000000 0.000000 0.000000 0.000000 0.000000 0.000000 0.000000 0.000000 0.000000 0.000000 0.000000 0.000000 0.000000 0.000000 0.000000 0.000000 0.000000 0.000000 0.000000 0.000000 0.000000 0.000000 0.000000 0.000000 0.000000 0.000000 0.000000 0.000000 0.000000 0.000000 0.000000 0.000000 0.000000 0.000000 0.000000 0.000000 0.000000 0.000000 0.000000 0.000000 0.000000 0.000000 0.000000 0.000000 0.000000 0.000000 0.000000 0.000000 0.000000 0.000000 0.000000 0.000000 0.000000 0.000000 0.000000 0.000000 0.000000 0.000000 0.000000 0.000000 0.000000 0.000000 0.000000 0.000000 0.000000 0.000000 
0.000000 0.000000 0.000000 0.000000 0.000000 0.000000 0.000000 0.000000 0.000000 0.000000 0.000000 0.000000 0.000000 0.000000 0.000000 0.000000 0.000000 0.000000 0.000000 0.000000 0.000000 0.000000 0.000000 0.000000 0.000000 0.000000 0.000000 0.000000 0.000000 0.000000 0.000000 0.000000 0.000000 0.000000 0.000000 0.000000 0.000000 0.000000 0.000000 0.000000 0.000000 0.000000 0.000000 0.000000 0.000000 0.000000 0.000000 0.000000 0.000000 0.000000 0.000000 0.000000 0.000000 0.000000 0.000000 0.000000 0.000000 0.000000 0.000000 0.000000 0.000000 0.000000 0.000000 0.000000 0.000000 0.000000 0.000000 0.000000 0.000000 0.000000 0.000000 0.000000 0.000000 0.000000 0.000000 0.000000 0.000000 0.000000 0.000000 0.000000 0.000000 0.000000 0.000000 0.000000 0.000000 0.000000 0.000000 0.000000 0.000000 0.000000 0.000000 0.000000 0.000000 0.000000 0.000000 0.000000 0.000000 0.000000 0.000000 0.000000 
0.000000 0.000000 0.000000 0.000000 0.000000 0.000000 0.000000 0.000000 0.000000 0.000000 0.000000 0.000000 0.000000 0.000000 0.000000 0.000000 0.000000 0.000000 0.000000 0.000000 0.000000 0.000000 0.000000 0.000000 0.000000 0.000000 0.000000 0.000000 0.000000 0.000000 0.000000 0.000000 0.000000 0.000000 0.000000 0.000000 0.000000 0.000000 0.000000 0.000000 0.000000 0.000000 0.000000 0.000000 0.000000 0.000000 0.000000 0.000000 0.000000 0.000000 0.000000 0.000000 0.000000 0.000000 0.000000 0.000000 0.000000 0.000000 0.000000 0.000000 0.000000 0.000000 0.000000 0.000000 0.000000 0.000000 0.000000 0.000000 0.000000 0.000000 0.000000 0.000000 0.000000 0.000000 0.000000 0.000000 0.000000 0.000000 0.000000 0.000000 0.000000 0.000000 0.000000 0.000000 0.000000 0.000000 0.000000 0.000000 0.000000 0.000000 0.000000 0.000000 0.000000 0.000000 0.000000 0.000000 0.000000 0.000000 0.000000 0.000000 
0.000000 0.000000 0.000000 0.000000 0.000000 0.000000 0.000000 0.000000 0.000000 0.000000 0.000000 0.000000 0.000000 0.000000 0.000000 0.000000 0.000000 0.000000 0.000000 0.000000 0.000000 0.000000 0.000000 0.000000 0.000000 0.000000 0.000000 0.000000 0.000000 0.000000 0.000000 0.000000 0.000000 0.000000 0.000000 0.000000 0.000000 0.000000 0.000000 0.000000 0.000000 0.000000 0.000000 0.000000 0.000000 0.000001 0.000001 0.000001 0.000001 0.000001 0.000001 0.000001 0.000001 0.000001 0.000001 0.000001 0.000000 0.000000 0.000000 0.000000 0.000000 0.000000 0.000000 0.000000 0.000000 0.000000 0.000000 0.000000 0.000000 0.000000 0.000000 0.000000 0.000000 0.000000 0.000000 0.000000 0.000000 0.000000 0.000000 0.000000 0.000000 0.000000 0.000000 0.000000 0.000000 0.000000 0.000000 0.000000 0.000000 0.000000 0.000000 0.000000 0.000000 0.000000 0.000000 0.000000 0.000000 0.000000 0.000000 0.000000 
0.000000 0.000000 0.000000 0.000000 0.000000 0.000000 0.000000 0.000000 0.000000 0.000000 0.000000 0.000000 0.000000 0.000000 0.000000 0.000000 0.000000 0.000000 0.000000 0.000000 0.000000 0.000000 0.000000 0.000000 0.000000 0.000000 0.000000 0.000000 0.000000 0.000000 0.000000 0.000000 0.000000 0.000000 0.000000 0.000000 0.000000 0.000000 0.000000 0.000000 0.000001 0.000001 0.000001 0.000001 0.000001 0.000001 0.000001 0.000002 0.000002 0.000002 0.000002 0.000002 0.000002 0.000002 0.000001 0.000001 0.000001 0.000001 0.000001 0.000001 0.000001 0.000000 0.000000 0.000000 0.000000 0.000000 0.000000 0.000000 0.000000 0.000000 0.000000 0.000000 0.000000 0.000000 0.000000 0.000000 0.000000 0.000000 0.000000 0.000000 0.000000 0.000000 0.000000 0.000000 0.000000 0.000000 0.000000 0.000000 0.000000 0.000000 0.000000 0.000000 0.000000 0.000000 0.000000 0.000000 0.000000 0.000000 0.000000 0.000000 
0.000000 0.000000 0.000000 0.000000 0.000000 0.000000 0.000000 0.000000 0.000000 0.000000 0.000000 0.000000 0.000000 0.000000 0.000000 0.000000 0.000000 0.000000 0.000000 0.000000 0.000000 0.000000 0.000000 0.000000 0.000000 0.000000 0.000000 0.000000 0.000000 0.000000 0.000000 0.000000 0.000000 0.000000 0.000000 0.000000 0.000000 0.000001 0.000001 0.000001 0.000001 0.000002 0.000002 0.000002 0.000003 0.000003 0.000004 0.000004 0.000004 0.000004 0.000004 0.000004 0.000004 0.000004 0.000004 0.000003 0.000003 0.000002 0.000002 0.000002 0.000001 0.000001 0.000001 0.000001 0.000000 0.000000 0.000000 0.000000 0.000000 0.000000 0.000000 0.000000 0.000000 0.000000 0.000000 0.000000 0.000000 0.000000 0.000000 0.000000 0.000000 0.000000 0.000000 0.000000 0.000000 0.000000 0.000000 0.000000 0.000000 0.000000 0.000000 0.000000 0.000000 0.000000 0.000000 0.000000 0.000000 0.000000 0.000000 0.000000 
0.000000 0.000000 0.000000 0.000000 0.000000 0.000000 0.000000 0.000000 0.000000 0.000000 0.000000 0.000000 0.000000 0.000000 0.000000 0.000000 0.000000 0.000000 0.000000 0.000000 0.000000 0.000000 0.000000 0.000000 0.000000 0.000000 0.000000 0.000000 0.000000 0.000000 0.000000 0.000000 0.000000 0.000000 0.000000 0.000001 0.000001 0.000001 0.000002 0.000002 0.000003 0.000004 0.000005 0.000006 0.000007 0.000008 0.000009 0.000010 0.000010 0.000011 0.000011 0.000011 0.000010 0.000010 0.000009 0.000008 0.000007 0.000006 0.000005 0.000004 0.000003 0.000002 0.000002 0.000001 0.000001 0.000001 0.000000 0.000000 0.000000 0.000000 0.000000 0.000000 0.000000 0.000000 0.000000 0.000000 0.000000 0.000000 0.000000 0.000000 0.000000 0.000000 0.000000 0.000000 0.000000 0.000000 0.000000 0.000000 0.000000 0.000000 0.000000 0.000000 0.000000 0.000000 0.000000 0.000000 0.000000 0.000000 0.000000 0.000000 
0.000000 0.000000 0.000000 0.000000 0.000000 0.000000 0.000000 0.000000 0.000000 0.000000 0.000000 0.000000 0.000000 0.000000 0.000000 0.000000 0.000000 0.000000 0.000000 0.000000 0.000000 0.000000 0.000000 0.000000 0.000000 0.000000 0.000000 0.000000 0.000000 0.000000 0.000000 0.000000 0.000000 0.000001 0.000001 0.000001 0.000002 0.000003 0.000004 0.000005 0.000007 0.000009 0.000011 0.000014 0.000016 0.000018 0.000021 0.000023 0.000024 0.000025 0.000025 0.000025 0.000024 0.000023 0.000021 0.000018 0.000016 0.000014 0.000011 0.000009 0.000007 0.000005 0.000004 0.000003 0.000002 0.000001 0.000001 0.000001 0.000000 0.000000 0.000000 0.000000 0.000000 0.000000 0.000000 0.000000 0.000000 0.000000 0.000000 0.000000 0.000000 0.000000 0.000000 0.000000 0.000000 0.000000 0.000000 0.000000 0.000000 0.000000 0.000000 0.000000 0.000000 0.000000 0.000000 0.000000 0.000000 0.000000 0.000000 0.000000 
0.000000 0.000000 0.000000 0.000000 0.000000 0.000000 0.000000 0.000000 0.000000 0.000000 0.000000 0.000000 0.000000 0.000000 0.000000 0.000000 0.000000 0.000000 0.000000 0.000000 0.000000 0.000000 0.000000 0.000000 0.000000 0.000000 0.000000 0.000000 0.000000 0.000000 0.000000 0.000001 0.000001 0.000002 0.000002 0.000003 0.000005 0.000007 0.000010 0.000013 0.000017 0.000021 0.000026 0.000032 0.000037 0.000043 0.000048 0.000052 0.000056 0.000058 0.000058 0.000058 0.000056 0.000052 0.000048 0.000043 0.000037 0.000032 0.000026 0.000021 0.000017 0.000013 0.000010 0.000007 0.000005 0.000003 0.000002 0.000002 0.000001 0.000001 0.000000 0.000000 0.000000 0.000000 0.000000 0.000000 0.000000 0.000000 0.000000 0.000000 0.000000 0.000000 0.000000 0.000000 0.000000 0.000000 0.000000 0.000000 0.000000 0.000000 0.000000 0.000000 0.000000 0.000000 0.000000 0.000000 0.000000 0.000000 0.000000 0.000000 
0.000000 0.000000 0.000000 0.000000 0.000000 0.000000 0.000000 0.000000 0.000000 0.000000 0.000000 0.000000 0.000000 0.000000 0.000000 0.000000 0.000000 0.000000 0.000000 0.000000 0.000000 0.000000 0.000000 0.000000 0.000000 0.000000 0.000000 0.000000 0.000000 0.000001 0.000001 0.000001 0.000002 0.000004 0.000005 0.000008 0.000011 0.000016 0.000022 0.000029 0.000038 0.000048 0.000060 0.000072 0.000084 0.000097 0.000108 0.000118 0.000126 0.000131 0.000133 0.000131 0.000126 0.000118 0.000108 0.000097 0.000084 0.000072 0.000060 0.000048 0.000038 0.000029 0.000022 0.000016 0.000011 0.000008 0.000005 0.000004 0.000002 0.000001 0.000001 0.000001 0.000000 0.000000 0.000000 0.000000 0.000000 0.000000 0.000000 0.000000 0.000000 0.000000 0.000000 0.000000 0.000000 0.000000 0.000000 0.000000 0.000000 0.000000 0.000000 0.000000 0.000000 0.000000 0.000000 0.000000 0.000000 0.000000 0.000000 0.000000 
0.000000 0.000000 0.000000 0.000000 0.000000 0.000000 0.000000 0.000000 0.000000 0.000000 0.000000 0.000000 0.000000 0.000000 0.000000 0.000000 0.000000 0.000000 0.000000 0.000000 0.000000 0.000000 0.000000 0.000000 0.000000 0.000000 0.000000 0.000000 0.000001 0.000001 0.000002 0.000003 0.000005 0.000008 0.000012 0.000018 0.000026 0.000036 0.000049 0.000065 0.000085 0.000107 0.000133 0.000160 0.000188 0.000216 0.000241 0.000263 0.000280 0.000291 0.000294 0.000291 0.000280 0.000263 0.000241 0.000216 0.000188 0.000160 0.000133 0.000107 0.000085 0.000065 0.000049 0.000036 0.000026 0.000018 0.000012 0.000008 0.000005 0.000003 0.000002 0.000001 0.000001 0.000000 0.000000 0.000000 0.000000 0.000000 0.000000 0.000000 0.000000 0.000000 0.000000 0.000000 0.000000 0.000000 0.000000 0.000000 0.000000 0.000000 0.000000 0.000000 0.000000 0.000000 0.000000 0.000000 0.000000 0.000000 0.000000 0.000000 
0.000000 0.000000 0.000000 0.000000 0.000000 0.000000 0.000000 0.000000 0.000000 0.000000 0.000000 0.000000 0.000000 0.000000 0.000000 0.000000 0.000000 0.000000 0.000000 0.000000 0.000000 0.000000 0.000000 0.000000 0.000000 0.000000 0.000001 0.000001 0.000002 0.000003 0.000005 0.000007 0.000012 0.000018 0.000027 0.000039 0.000056 0.000079 0.000107 0.000143 0.000185 0.000234 0.000289 0.000349 0.000410 0.000470 0.000525 0.000573 0.000610 0.000633 0.000641 0.000633 0.000610 0.000573 0.000525 0.000470 0.000410 0.000349 0.000289 0.000234 0.000185 0.000143 0.000107 0.000079 0.000056 0.000039 0.000027 0.000018 0.000012 0.000007 0.000005 0.000003 0.000002 0.000001 0.000001 0.000000 0.000000 0.000000 0.000000 0.000000 0.000000 0.000000 0.000000 0.000000 0.000000 0.000000 0.000000 0.000000 0.000000 0.000000 0.000000 0.000000 0.000000 0.000000 0.000000 0.000000 0.000000 0.000000 0.000000 0.000000 
0.000000 0.000000 0.000000 0.000000 0.000000 0.000000 0.000000 0.000000 0.000000 0.000000 0.000000 0.000000 0.000000 0.000000 0.000000 0.000000 0.000000 0.000000 0.000000 0.000000 0.000000 0.000000 0.000000 0.000000 0.000000 0.000001 0.000001 0.000002 0.000004 0.000006 0.000010 0.000016 0.000025 0.000039 0.000058 0.000085 0.000121 0.000169 0.000230 0.000306 0.000396 0.000501 0.000618 0.000744 0.000874 0.001001 0.001120 0.001221 0.001299 0.001348 0.001365 0.001348 0.001299 0.001221 0.001120 0.001001 0.000874 0.000744 0.000618 0.000501 0.000396 0.000306 0.000230 0.000169 0.000121 0.000085 0.000058 0.000039 0.000025 0.000016 0.000010 0.000006 0.000004 0.000002 0.000001 0.000001 0.000000 0.000000 0.000000 0.000000 0.000000 0.000000 0.000000 0.000000 0.000000 0.000000 0.000000 0.000000 0.000000 0.000000 0.000000 0.000000 0.000000 0.000000 0.000000 0.000000 0.000000 0.000000 0.000000 0.000000 
0.000000 0.000000 0.000000 0.000000 0.000000 0.000000 0.000000 0.000000 0.000000 0.000000 0.000000 0.000000 0.000000 0.000000 0.000000 0.000000 0.000000 0.000000 0.000000 0.000000 0.000000 0.000000 0.000000 0.000000 0.000001 0.000001 0.000002 0.000004 0.000008 0.000013 0.000021 0.000034 0.000053 0.000082 0.000122 0.000179 0.000255 0.000355 0.000483 0.000641 0.000829 0.001048 0.001292 0.001555 0.001825 0.002091 0.002336 0.002547 0.002710 0.002812 0.002847 0.002812 0.002710 0.002547 0.002336 0.002091 0.001825 0.001555 0.001292 0.001048 0.000829 0.000641 0.000483 0.000355 0.000255 0.000179 0.000122 0.000082 0.000053 0.000034 0.000021 0.000013 0.000008 0.000004 0.000002 0.000001 0.000001 0.000000 0.000000 0.000000 0.000000 0.000000 0.000000 0.000000 0.000000 0.000000 0.000000 0.000000 0.000000 0.000000 0.000000 0.000000 0.000000 0.000000 0.000000 0.000000 0.000000 0.000000 0.000000 0.000000 
0.000000 0.000000 0.000000 0.000000 0.000000 0.000000 0.000000 0.000000 0.000000 0.000000 0.000000 0.000000 0.000000 0.000000 0.000000 0.000000 0.000000 0.000000 0.000000 0.000000 0.000000 0.000000 0.000000 0.000001 0.000002 0.000003 0.000005 0.000009 0.000016 0.000027 0.000044 0.000070 0.000110 0.000169 0.000252 0.000368 0.000525 0.000730 0.000991 0.001314 0.001700 0.002147 0.002645 0.003181 0.003732 0.004273 0.004773 0.005203 0.005534 0.005742 0.005813 0.005742 0.005534 0.005203 0.004773 0.004273 0.003732 0.003181 0.002645 0.002147 0.001700 0.001314 0.000991 0.000730 0.000525 0.000368 0.000252 0.000169 0.000110 0.000070 0.000044 0.000027 0.000016 0.000009 0.000005 0.000003 0.000002 0.000001 0.000000 0.000000 0.000000 0.000000 0.000000 0.000000 0.000000 0.000000 0.000000 0.000000 0.000000 0.000000 0.000000 0.000000 0.000000 0.000000 0.000000 0.000000 0.000000 0.000000 0.000000 0.000000 
0.000000 0.000000 0.000000 0.000000 0.000000 0.000000 0.000000 0.000000 0.000000 0.000000 0.000000 0.000000 0.000000 0.000000 0.000000 0.000000 0.000000 0.000000 0.000000 0.000000 0.000000 0.000000 0.000001 0.000002 0.000003 0.000006 0.000011 0.000019 0.000032 0.000054 0.000089 0.000142 0.000223 0.000341 0.000509 0.000742 0.001056 0.001468 0.001992 0.002638 0.003410 0.004303 0.005299 0.006368 0.007469 0.008547 0.009546 0.010402 0.011061 0.011476 0.011617 0.011476 0.011061 0.010402 0.009546 0.008547 0.007469 0.006368 0.005299 0.004303 0.003410 0.002638 0.001992 0.001468 0.001056 0.000742 0.000509 0.000341 0.000223 0.000142 0.000089 0.000054 0.000032 0.000019 0.000011 0.000006 0.000003 0.000002 0.000001 0.000000 0.000000 0.000000 0.000000 0.000000 0.000000 0.000000 0.000000 0.000000 0.000000 0.000000 0.000000 0.000000 0.000000 0.000000 0.000000 0.000000 0.000000 0.000000 0.000000 0.000000 
0.000000 0.000000 0.000000 0.000000 0.000000 0.000000 0.000000 0.000000 0.000000 0.000000 0.000000 0.000000 0.000000 0.000000 0.000000 0.000000 0.000000 0.000000 0.000000 0.000000 0.000000 0.000001 0.000002 0.000003 0.000006 0.000012 0.000021 0.000037 0.000064 0.000107 0.000176 0.000282 0.000441 0.000673 0.001004 0.001463 0.002081 0.002889 0.003917 0.005183 0.006695 0.008442 0.010389 0.012479 0.014628 0.016734 0.018682 0.020353 0.021638 0.022447 0.022724 0.022447 0.021638 0.020353 0.018682 0.016734 0.014628 0.012479 0.010389 0.008442 0.006695 0.005183 0.003917 0.002889 0.002081 0.001463 0.001004 0.000673 0.000441 0.000282 0.000176 0.000107 0.000064 0.000037 0.000021 0.000012 0.000006 0.000003 0.000002 0.000001 0.000000 0.000000 0.000000 0.000000 0.000000 0.000000 0.000000 0.000000 0.000000 0.000000 0.000000 0.000000 0.000000 0.000000 0.000000 0.000000 0.000000 0.000000 0.000000 0.000000 
0.000000 0.000000 0.000000 0.000000 0.000000 0.000000 0.000000 0.000000 0.000000 0.000000 0.000000 0.000000 0.000000 0.000000 0.000000 0.000000 0.000000 0.000000 0.000000 0.000000 0.000001 0.000002 0.000003 0.000007 0.000013 0.000023 0.000041 0.000073 0.000125 0.000209 0.000342 0.000546 0.000853 0.001302 0.001940 0.002823 0.004010 0.005563 0.007535 0.009964 0.012862 0.016206 0.019932 0.023928 0.028037 0.032061 0.035781 0.038972 0.041424 0.042969 0.043497 0.042969 0.041424 0.038972 0.035781 0.032061 0.028037 0.023928 0.019932 0.016206 0.012862 0.009964 0.007535 0.005563 0.004010 0.002823 0.001940 0.001302 0.000853 0.000546 0.000342 0.000209 0.000125 0.000073 0.000041 0.000023 0.000013 0.000007 0.000003 0.000002 0.000001 0.000000 0.000000 0.000000 0.000000 0.000000 0.000000 0.000000 0.000000 0.000000 0.000000 0.000000 0.000000 0.000000 0.000000 0.000000 0.000000 0.000000 0.000000 0.000000 
0.000000 0.000000 0.000000 0.000000 0.000000 0.000000 0.000000 0.000000 0.000000 0.000000 0.000000 0.000000 0.000000 0.000000 0.000000 0.000000 0.000000 0.000000 0.000000 0.000001 0.000002 0.000003 0.000007 0.000013 0.000024 0.000044 0.000079 0.000138 0.000237 0.000397 0.000649 0.001036 0.001616 0.002463 0.003666 0.005328 0.007562 0.010481 0.014184 0.018741 0.024174 0.030440 0.037417 0.044895 0.052580 0.060105 0.067058 0.073020 0.077602 0.080488 0.081474 0.080488 0.077602 0.073020 0.067058 0.060105 0.052580 0.044895 0.037417 0.030440 0.024174 0.018741 0.014184 0.010481 0.007562 0.005328 0.003666 0.002463 0.001616 0.001036 0.000649 0.000397 0.000237 0.000138 0.000079 0.000044 0.000024 0.000013 0.000007 0.000003 0.000002 0.000001 0.000000 0.000000 0.000000 0.000000 0.000000 0.000000 0.000000 0.000000 0.000000 0.000000 0.000000 0.000000 0.000000 0.000000 0.000000 0.000000 0.000000 0.000000 
0.000000 0.000000 0.000000 0.000000 0.000000 0.000000 0.000000 0.000000 0.000000 0.000000 0.000000 0.000000 0.000000 0.000000 0.000000 0.000000 0.000000 0.000000 0.000001 0.000002 0.000003 0.000006 0.000013 0.000024 0.000045 0.000082 0.000148 0.000258 0.000442 0.000738 0.001205 0.001921 0.002994 0.004557 0.006775 0.009837 0.013949 0.019316 0.026119 0.034484 0.044450 0.055937 0.068720 0.082413 0.096478 0.110244 0.122962 0.133863 0.142239 0.147514 0.149316 0.147514 0.142239 0.133863 0.122962 0.110244 0.096478 0.082413 0.068720 0.055937 0.044450 0.034484 0.026119 0.019316 0.013949 0.009837 0.006775 0.004557 0.002994 0.001921 0.001205 0.000738 0.000442 0.000258 0.000148 0.000082 0.000045 0.000024 0.000013 0.000006 0.000003 0.000002 0.000001 0.000000 0.000000 0.000000 0.000000 0.000000 0.000000 0.000000 0.000000 0.000000 0.000000 0.000000 0.000000 0.000000 0.000000 0.000000 0.000000 0.000000 
0.000000 0.000000 0.000000 0.000000 0.000000 0.000000 0.000000 0.000000 0.000000 0.000000 0.000000 0.000000 0.000000 0.000000 0.000000 0.000000 0.000000 0.000001 0.000001 0.000003 0.000006 0.000012 0.000023 0.000044 0.000082 0.000151 0.000269 0.000471 0.000804 0.001341 0.002187 0.003484 0.005423 0.008245 0.012246 0.017764 0.025167 0.034821 0.047046 0.062067 0.079952 0.100553 0.123465 0.147997 0.173182 0.197824 0.220582 0.240083 0.255064 0.264498 0.267721 0.264498 0.255064 0.240083 0.220582 0.197824 0.173182 0.147997 0.123465 0.100553 0.079952 0.062067 0.047046 0.034821 0.025167 0.017764 0.012246 0.008245 0.005423 0.003484 0.002187 0.001341 0.000804 0.000471 0.000269 0.000151 0.000082 0.000044 0.000023 0.000012 0.000006 0.000003 0.000001 0.000001 0.000000 0.000000 0.000000 0.000000 0.000000 0.000000 0.000000 0.000000 0.000000 0.000000 0.000000 0.000000 0.000000 0.000000 0.000000 0.000000 
0.000000 0.000000 0.000000 0.000000 0.000000 0.000000 0.000000 0.000000 0.000000 0.000000 0.000000 0.000000 0.000000 0.000000 0.000000 0.000000 0.000001 0.000001 0.000002 0.000005 0.000011 0.000021 0.000041 0.000079 0.000148 0.000269 0.000481 0.000839 0.001431 0.002385 0.003883 0.006179 0.009606 0.014590 0.021647 0.031373 0.044408 0.061392 0.082883 0.109269 0.140664 0.176807 0.216980 0.259973 0.304091 0.347244 0.387083 0.421215 0.447428 0.463936 0.469573 0.463936 0.447428 0.421215 0.387083 0.347244 0.304091 0.259973 0.216980 0.176807 0.140664 0.109269 0.082883 0.061392 0.044408 0.031373 0.021647 0.014590 0.009606 0.006179 0.003883 0.002385 0.001431 0.000839 0.000481 0.000269 0.000148 0.000079 0.000041 0.000021 0.000011 0.000005 0.000002 0.000001 0.000001 0.000000 0.000000 0.000000 0.000000 0.000000 0.000000 0.000000 0.000000 0.000000 0.000000 0.000000 0.000000 0.000000 0.000000 0.000000 
0.000000 0.000000 0.000000 0.000000 0.000000 0.000000 0.000000 0.000000 0.000000 0.000000 0.000000 0.000000 0.000000 0.000000 0.000000 0.000000 0.000001 0.000002 0.000004 0.000009 0.000019 0.000037 0.000073 0.000138 0.000258 0.000471 0.000839 0.001462 0.002490 0.004144 0.006740 0.010713 0.016638 0.025245 0.037419 0.054181 0.076629 0.105851 0.142801 0.188136 0.242042 0.304062 0.372963 0.446665 0.522266 0.596184 0.664408 0.722843 0.767715 0.795968 0.805616 0.795968 0.767715 0.722843 0.664408 0.596184 0.522266 0.446665 0.372963 0.304062 0.242042 0.188136 0.142801 0.105851 0.076629 0.054181 0.037419 0.025245 0.016638 0.010713 0.006740 0.004144 0.002490 0.001462 0.000839 0.000471 0.000258 0.000138 0.000073 0.000037 0.000019 0.000009 0.000004 0.000002 0.000001 0.000000 0.000000 0.000000 0.000000 0.000000 0.000000 0.000000 0.000000 0.000000 0.000000 0.000000 0.000000 0.000000 0.000000 0.000000 
0.000000 0.000000 0.000000 0.000000 0.000000 0.000000 0.000000 0.000000 0.000000 0.000000 0.000000 0.000000 0.000000 0.000000 0.000000 0.000001 0.000002 0.000004 0.000008 0.000016 0.000032 0.000064 0.000125 0.000237 0.000442 0.000804 0.001431 0.002490 0.004235 0.007040 0.011438 0.018160 0.028174 0.042706 0.063243 0.091493 0.129295 0.178466 0.240596 0.316772 0.407294 0.511383 0.626963 0.750539 0.877250 1.001098 1.115374 1.213231 1.288360 1.335661 1.351812 1.335661 1.288360 1.213231 1.115374 1.001098 0.877250 0.750539 0.626963 0.511383 0.407294 0.316772 0.240596 0.178466 0.129295 0.091493 0.063243 0.042706 0.028174 0.018160 0.011438 0.007040 0.004235 0.002490 0.001431 0.000804 0.000442 0.000237 0.000125 0.000064 0.000032 0.000016 0.000008 0.000004 0.000002 0.000001 0.000000 0.000000 0.000000 0.000000 0.000000 0.000000 0.000000 0.000000 0.000000 0.000000 0.000000 0.000000 0.000000 0.000000 
0.000000 0.000000 0.000000 0.000000 0.000000 0.000000 0.000000 0.000000 0.000000 0.000000 0.000000 0.000000 0.000000 0.000000 0.000001 0.000001 0.000003 0.000006 0.000013 0.000027 0.000054 0.000107 0.000209 0.000397 0.000738 0.001341 0.002385 0.004144 0.007040 0.011690 0.018973 0.030092 0.046638 0.070629 0.104502 0.151056 0.213300 0.294207 0.396361 0.521532 0.670187 0.841031 1.030640 1.233281 1.440984 1.643929 1.831136 1.991412 2.114443 2.191893 2.218337 2.191893 2.114443 1.991412 1.831136 1.643929 1.440984 1.233281 1.030640 0.841031 0.670187 0.521532 0.396361 0.294207 0.213300 0.151056 0.104502 0.070629 0.046638 0.030092 0.018973 0.011690 0.007040 0.004144 0.002385 0.001341 0.000738 0.000397 0.000209 0.000107 0.000054 0.000027 0.000013 0.000006 0.000003 0.000001 0.000001 0.000000 0.000000 0.000000 0.000000 0.000000 0.000000 0.000000 0.000000 0.000000 0.000000 0.000000 0.000000 0.000000 
0.000000 0.000000 0.000000 0.000000 0.000000 0.000000 0.000000 0.000000 0.000000 0.000000 0.000000 0.000000 0.000000 0.000000 0.000001 0.000002 0.000005 0.000010 0.000021 0.000044 0.000089 0.000176 0.000342 0.000649 0.001205 0.002187 0.003883 0.006740 0.011438 0.018973 0.030760 0.048738 0.075467 0.114184 0.168804 0.243811 0.344020 0.474180 0.638416 0.839530 1.078241 1.352442 1.656621 1.981571 2.314518 2.639736 2.939657 3.196379 3.393414 3.517437 3.559781 3.517437 3.393414 3.196379 2.939657 2.639736 2.314518 1.981571 1.656621 1.352442 1.078241 0.839530 0.638416 0.474180 0.344020 0.243811 0.168804 0.114184 0.075467 0.048738 0.030760 0.018973 0.011438 0.006740 0.003883 0.002187 0.001205 0.000649 0.000342 0.000176 0.000089 0.000044 0.000021 0.000010 0.000005 0.000002 0.000001 0.000000 0.000000 0.000000 0.000000 0.000000 0.000000 0.000000 0.000000 0.000000 0.000000 0.000000 0.000000 0.000000 
0.000000 0.000000 0.000000 0.000000 0.000000 0.000000 0.000000 0.000000 0.000000 0.000000 0.000000 0.000000 0.000000 0.000001 0.000001 0.000003 0.000007 0.000016 0.000034 0.000070 0.000142 0.000282 0.000546 0.001036 0.001921 0.003484 0.006179 0.010713 0.018160 0.030092 0.048738 0.077152 0.119357 0.180437 0.266535 0.384677 0.542399 0.747122 1.005277 1.321214 1.696011 2.126320 2.603463 3.112987 3.634870 4.144489 4.614350 5.016455 5.325027 5.519238 5.585541 5.519238 5.325027 5.016455 4.614350 4.144489 3.634870 3.112987 2.603463 2.126320 1.696011 1.321214 1.005277 0.747122 0.542399 0.384677 0.266535 0.180437 0.119357 0.077152 0.048738 0.030092 0.018160 0.010713 0.006179 0.003484 0.001921 0.001036 0.000546 0.000282 0.000142 0.000070 0.000034 0.000016 0.000007 0.000003 0.000001 0.000001 0.000000 0.000000 0.000000 0.000000 0.000000 0.000000 0.000000 0.000000 0.000000 0.000000 0.000000 0.000000 
0.000000 0.000000 0.000000 0.000000 0.000000 0.000000 0.000000 0.000000 0.000000 0.000000 0.000000 0.000000 0.000000 0.000001 0.000002 0.000005 0.000012 0.000025 0.000053 0.000110 0.000223 0.000441 0.000853 0.001616 0.002994 0.005423 0.009606 0.016638 0.028174 0.046638 0.075467 0.119357 0.184490 0.278678 0.411339 0.593239 0.835910 1.150694 1.547394 2.032616 2.607942 3.268173 3.999953 4.781104 5.580940 6.361761 7.081498 7.697330 8.169847 8.467215 8.568732 8.467215 8.169847 7.697330 7.081498 6.361761 5.580940 4.781104 3.999953 3.268173 2.607942 2.032616 1.547394 1.150694 0.835910 0.593239 0.411339 0.278678 0.184490 0.119357 0.075467 0.046638 0.028174 0.016638 0.009606 0.005423 0.002994 0.001616 0.000853 0.000441 0.000223 0.000110 0.000053 0.000025 0.000012 0.000005 0.000002 0.000001 0.000000 0.000000 0.000000 0.000000 0.000000 0.000000 0.000000 0.000000 0.000000 0.000000 0.000000 0.000000 
0.000000 0.000000 0.000000 0.000000 0.000000 0.000000 0.000000 0.000000 0.000000 0.000000 0.000000 0.000000 0.000001 0.000002 0.000004 0.000008 0.000018 0.000039 0.000082 0.000169 0.000341 0.000673 0.001302 0.002463 0.004557 0.008245 0.014590 0.025245 0.042706 0.070629 0.114184 0.180437 0.278678 0.420630 0.620416 0.894163 1.259127 1.732254 2.328160 3.056657 3.920013 4.910342 6.007557 7.178382 8.376842 9.546497 10.624411 11.546548 12.253992 12.699168 12.851137 12.699168 12.253992 11.546548 10.624411 9.546497 8.376842 7.178382 6.007557 4.910342 3.920013 3.056657 2.328160 1.732254 1.259127 0.894163 0.620416 0.420630 0.278678 0.180437 0.114184 0.070629 0.042706 0.025245 0.014590 0.008245 0.004557 0.002463 0.001302 0.000673 0.000341 0.000169 0.000082 0.000039 0.000018 0.000008 0.000004 0.000002 0.000001 0.000000 0.000000 0.000000 0.000000 0.000000 0.000000 0.000000 0.000000 0.000000 0.000000 0.000000 
0.000000 0.000000 0.000000 0.000000 0.000000 0.000000 0.000000 0.000000 0.000000 0.000000 0.000000 0.000000 0.000001 0.000002 0.000005 0.000012 0.000027 0.000058 0.000122 0.000252 0.000509 0.001004 0.001940 0.003666 0.006775 0.012246 0.021647 0.037419 0.063243 0.104502 0.168804 0.266535 0.411339 0.620416 0.914467 1.317112 1.853592 2.548660 3.423632 4.492752 5.759207 7.211312 8.819537 10.535080 12.290601 14.003498 15.581714 16.931623 17.967116 18.618668 18.841078 18.618668 17.967116 16.931623 15.581714 14.003498 12.290601 10.535080 8.819537 7.211312 5.759207 4.492752 3.423632 2.548660 1.853592 1.317112 0.914467 0.620416 0.411339 0.266535 0.168804 0.104502 0.063243 0.037419 0.021647 0.012246 0.006775 0.003666 0.001940 0.001004 0.000509 0.000252 0.000122 0.000058 0.000027 0.000012 0.000005 0.000002 0.000001 0.000000 0.000000 0.000000 0.000000 0.000000 0.000000 0.000000 0.000000 0.000000 0.000000 0.000000 
0.000000 0.000000 0.000000 0.000000 0.000000 0.000000 0.000000 0.000000 0.000000 0.000000 0.000000 0.000001 0.000001 0.000003 0.000008 0.000018 0.000039 0.000085 0.000179 0.000368 0.000742 0.001463 0.002823 0.005328 0.009837 0.017764 0.031373 0.054181 0.091493 0.151056 0.243811 0.384677 0.593239 0.894163 1.317112 1.895896 2.666611 3.664611 4.920283 6.453857 8.269708 10.350929 12.655093 15.112242 17.625957 20.078059 22.336912 24.268692 25.750352 26.682568 27.000771 26.682568 25.750352 24.268692 22.336912 20.078059 17.625957 15.112242 12.655093 10.350929 8.269708 6.453857 4.920283 3.664611 2.666611 1.895896 1.317112 0.894163 0.593239 0.384677 0.243811 0.151056 0.091493 0.054181 0.031373 0.017764 0.009837 0.005328 0.002823 0.001463 0.000742 0.000368 0.000179 0.000085 0.000039 0.000018 0.000008 0.000003 0.000001 0.000001 0.000000 0.000000 0.000000 0.000000 0.000000 0.000000 0.000000 0.000000 0.000000 0.000000 
0.000000 0.000000 0.000000 0.000000 0.000000 0.000000 0.000000 0.000000 0.000000 0.000000 0.000000 0.000001 0.000002 0.000005 0.000011 0.000026 0.000056 0.000121 0.000255 0.000525 0.001056 0.002081 0.004010 0.007562 0.013949 0.025167 0.044408 0.076629 0.129295 0.213300 0.344020 0.542399 0.835910 1.259127 1.853592 2.666611 3.748644 5.149051 6.910190 9.060150 11.604816 14.520287 17.746998 21.186929 24.705144 28.136364 31.296588 33.998823 36.071186 37.374958 37.819972 37.374958 36.071186 33.998823 31.296588 28.136364 24.705144 21.186929 17.746998 14.520287 11.604816 9.060150 6.910190 5.149051 3.748644 2.666611 1.853592 1.259127 0.835910 0.542399 0.344020 0.213300 0.129295 0.076629 0.044408 0.025167 0.013949 0.007562 0.004010 0.002081 0.001056 0.000525 0.000255 0.000121 0.000056 0.000026 0.000011 0.000005 0.000002 0.000001 0.000000 0.000000 0.000000 0.000000 0.000000 0.000000 0.000000 0.000000 0.000000 0.000000 
0.000000 0.000000 0.000000 0.000000 0.000000 0.000000 0.000000 0.000000 0.000000 0.000000 0.000001 0.000001 0.000003 0.000007 0.000016 0.000036 0.000079 0.000169 0.000355 0.000730 0.001468 0.002889 0.005563 0.010481 0.019316 0.034821 0.061392 0.105851 0.178466 0.294207 0.474180 0.747122 1.150694 1.732254 2.548660 3.664611 5.149051 7.069353 9.483232 12.428835 15.913900 19.905434 24.321718 29.028534 33.841305 38.534101 42.855517 46.550151 49.383299 51.165576 51.773896 51.165576 49.383299 46.550151 42.855517 38.534101 33.841305 29.028534 24.321718 19.905434 15.913900 12.428835 9.483232 7.069353 5.149051 3.664611 2.548660 1.732254 1.150694 0.747122 0.474180 0.294207 0.178466 0.105851 0.061392 0.034821 0.019316 0.010481 0.005563 0.002889 0.001468 0.000730 0.000355 0.000169 0.000079 0.000036 0.000016 0.000007 0.000003 0.000001 0.000001 0.000000 0.000000 0.000000 0.000000 0.000000 0.000000 0.000000 0.000000 0.000000 
0.000000 0.000000 0.000000 0.000000 0.000000 0.000000 0.000000 0.000000 0.000000 0.000000 0.000001 0.000002 0.000004 0.000010 0.000022 0.000049 0.000107 0.000230 0.000483 0.000991 0.001992 0.003917 0.007535 0.014184 0.026119 0.047046 0.082883 0.142801 0.240596 0.396361 0.638416 1.005277 1.547394 2.328160 3.423632 4.920283 6.910190 9.483232 12.716296 16.660030 21.324395 26.664913 32.572035 38.866163 45.300539 51.573315 57.348750 62.285881 66.071447 68.452717 69.265458 68.452717 66.071447 62.285881 57.348750 51.573315 45.300539 38.866163 32.572035 26.664913 21.324395 16.660030 12.716296 9.483232 6.910190 4.920283 3.423632 2.328160 1.547394 1.005277 0.638416 0.396361 0.240596 0.142801 0.082883 0.047046 0.026119 0.014184 0.007535 0.003917 0.001992 0.000991 0.000483 0.000230 0.000107 0.000049 0.000022 0.000010 0.000004 0.000002 0.000001 0.000000 0.000000 0.000000 0.000000 0.000000 0.000000 0.000000 0.000000 0.000000 
0.000000 0.000000 0.000000 0.000000 0.000000 0.000000 0.000000 0.000000 0.000000 0.000000 0.000001 0.000002 0.000005 0.000013 0.000029 0.000065 0.000143 0.000306 0.000641 0.001314 0.002638 0.005183 0.009964 0.018741 0.034484 0.062067 0.109269 0.188136 0.316772 0.521532 0.839530 1.321214 2.032616 3.056657 4.492752 6.453857 9.060150 12.428835 16.660030 21.819488 27.919759 34.902288 42.623593 50.848827 59.255609 67.449808 74.993215 81.440936 86.384317 89.493715 90.554939 89.493715 86.384317 81.440936 74.993215 67.449808 59.255609 50.848827 42.623593 34.902288 27.919759 21.819488 16.660030 12.428835 9.060150 6.453857 4.492752 3.056657 2.032616 1.321214 0.839530 0.521532 0.316772 0.188136 0.109269 0.062067 0.034484 0.018741 0.009964 0.005183 0.002638 0.001314 0.000641 0.000306 0.000143 0.000065 0.000029 0.000013 0.000005 0.000002 0.000001 0.000000 0.000000 0.000000 0.000000 0.000000 0.000000 0.000000 0.000000 0.000000 
0.000000 0.000000 0.000000 0.000000 0.000000 0.000000 0.000000 0.000000 0.000000 0.000001 0.000001 0.000003 0.000007 0.000017 0.000038 0.000085 0.000185 0.000396 0.000829 0.001700 0.003410 0.006695 0.012862 0.024174 0.044450 0.079952 0.140664 0.242042 0.407294 0.670187 1.078241 1.696011 2.607942 3.920013 5.759207 8.269708 11.604816 15.913900 21.324395 27.919759 35.715474 44.636265 54.498526 65.002189 75.735672 86.196047 95.824353 104.053254 110.361730 114.329564 115.683732 114.329564 110.361730 104.053254 95.824353 86.196047 75.735672 65.002189 54.498526 44.636265 35.715474 27.919759 21.324395 15.913900 11.604816 8.269708 5.759207 3.920013 2.607942 1.696011 1.078241 0.670187 0.407294 0.242042 0.140664 0.079952 0.044450 0.024174 0.012862 0.006695 0.003410 0.001700 0.000829 0.000396 0.000185 0.000085 0.000038 0.000017 0.000007 0.000003 0.000001 0.000001 0.000000 0.000000 0.000000 0.000000 0.000000 0.000000 0.000000 0.000000 
0.000000 0.000000 0.000000 0.000000 0.000000 0.000000 0.000000 0.000000 0.000000 0.000001 0.000002 0.000004 0.000009 0.000021 0.000048 0.000107 0.000234 0.000501 0.001048 0.002147 0.004303 0.008442 0.016206 0.030440 0.055937 0.100553 0.176807 0.304062 0.511383 0.841031 1.352442 2.126320 3.268173 4.910342 7.211312 10.350929 14.520287 19.905434 26.664913 34.902288 44.636265 55.772345 68.080997 81.187607 94.578706 107.627170 119.636232 129.898862 137.765869 142.713729 144.402324 142.713729 137.765869 129.898862 119.636232 107.627170 94.578706 81.187607 68.080997 55.772345 44.636265 34.902288 26.664913 19.905434 14.520287 10.350929 7.211312 4.910342 3.268173 2.126320 1.352442 0.841031 0.511383 0.304062 0.176807 0.100553 0.055937 0.030440 0.016206 0.008442 0.004303 0.002147 0.001048 0.000501 0.000234 0.000107 0.000048 0.000021 0.000009 0.000004 0.000002 0.000001 0.000000 0.000000 0.000000 0.000000 0.000000 0.000000 0.000000 0.000000 
0.000000 0.000000 0.000000 0.000000 0.000000 0.000000 0.000000 0.000000 0.000000 0.000001 0.000002 0.000005 0.000011 0.000026 0.000060 0.000133 0.000289 0.000618 0.001292 0.002645 0.005299 0.010389 0.019932 0.037417 0.068720 0.123465 0.216980 0.372963 0.626963 1.030640 1.656621 2.603463 3.999953 6.007557 8.819537 12.655093 17.746998 24.321718 32.572035 42.623593 54.498526 68.080997 83.090695 99.070672 115.395017 131.299593 145.935659 158.442167 168.028630 174.057658 176.115187 174.057658 168.028630 158.442167 145.935659 131.299593 115.395017 99.070672 83.090695 68.080997 54.498526 42.623593 32.572035 24.321718 17.746998 12.655093 8.819537 6.007557 3.999953 2.603463 1.656621 1.030640 0.626963 0.372963 0.216980 0.123465 0.068720 0.037417 0.019932 0.010389 0.005299 0.002645 0.001292 0.000618 0.000289 0.000133 0.000060 0.000026 0.000011 0.000005 0.000002 0.000001 0.000000 0.000000 0.000000 0.000000 0.000000 0.000000 0.000000 0.000000 
0.000000 0.000000 0.000000 0.000000 0.000000 0.000000 0.000000 0.000000 0.000000 0.000001 0.000002 0.000006 0.000014 0.000032 0.000072 0.000160 0.000349 0.000744 0.001555 0.003181 0.006368 0.012479 0.023928 0.044895 0.082413 0.147997 0.259973 0.446665 0.750539 1.233281 1.981571 3.112987 4.781104 7.178382 10.535080 15.112242 21.186929 29.028534 38.866163 50.848827 65.002189 81.187607 99.070672 118.106832 137.550601 156.492197 173.921379 188.813452 200.227834 207.406182 209.855893 207.406182 200.227834 188.813452 173.921379 156.492197 137.550601 118.106832 99.070672 81.187607 65.002189 50.848827 38.866163 29.028534 21.186929 15.112242 10.535080 7.178382 4.781104 3.112987 1.981571 1.233281 0.750539 0.446665 0.259973 0.147997 0.082413 0.044895 0.023928 0.012479 0.006368 0.003181 0.001555 0.000744 0.000349 0.000160 0.000072 0.000032 0.000014 0.000006 0.000002 0.000001 0.000000 0.000000 0.000000 0.000000 0.000000 0.000000 0.000000 0.000000 
