0.000000 0.000000 0.000000 0.000000 0.000000 0.000000 0.000000 0.000000 0.000000 0.000000 0.000000 0.000000 0.000000 0.000000 0.000000 0.000000 0.000000 0.000000 0.000000 0.000000 0.000000 0.000000 0.000000 0.000000 0.000000 0.000001 0.000001 0.000001 0.000001 0.000002 0.000003 0.000003 0.000004 0.000006 0.000007 0.000009 0.000011 0.000013 0.000015 0.000018 0.000021 0.000024 0.000027 0.000030 0.000033 0.000036 0.000038 0.000040 0.000041 0.000042 0.000042 0.000042 0.000041 0.000040 0.000038 0.000036 0.000033 0.000030 0.000027 0.000024 0.000021 0.000018 0.000015 0.000013 0.000011 0.000009 0.000007 0.000006 0.000004 0.000003 0.000003 0.000002 0.000001 0.000001 0.000001 0.000001 0.000000 0.000000 0.000000 0.000000 0.000000 0.000000 0.000000 0.000000 0.000000 0.000000 0.000000 0.000000 0.000000 0.000000 0.000000 0.000000 0.000000 0.000000 0.000000 0.000000 0.000000 0.000000 0.000000 0.000000 
0.000000 0.000000 0.000000 0.000000 0.000000 0.000000 0.000000 0.000000 0.000000 0.000000 0.000000 0.000000 0.000000 0.000000 0.000000 0.000000 0.000000 0.000000 0.000000 0.000000 0.000000 0.000000 0.000000 0.000000 0.000000 0.000001 0.000001 0.000001 0.000001 0.000002 0.000003 0.000003 0.000004 0.000006 0.000007 0.000009 0.000011 0.000013 0.000015 0.000018 0.000021 0.000024 0.000027 0.000030 0.000033 0.000036 0.000038 0.000040 0.000041 0.000042 0.000042 0.000042 0.000041 0.000040 0.000038 0.000036 0.000033 0.000030 0.000027 0.000024 0.000021 0.000018 0.000015 0.000013 0.000011 0.000009 0.000007 0.000006 0.000004 0.000003 0.000003 0.000002 0.000001 0.000001 0.000001 0.000001 0.000000 0.000000 0.000000 0.000000 0.000000 0.000000 0.000000 0.000000 0.000000 0.000000 0.000000 0.000000 0.000000 0.000000 0.000000 0.000000 0.000000 0.000000 0.000000 0.000000 0.000000 0.000000 0.000000 0.000000 
0.000000 0.000000 0.000000 0.000000 0.000000 0.000000 0.000000 0.000000 0.000000 0.000000 0.000000 0.000000 0.000000 0.000000 0.000000 0.000000 0.000000 0.000000 0.000000 0.000000 0.000000 0.000000 0.000000 0.000000 0.000001 0.000001 0.000001 0.000002 0.000002 0.000003 0.000004 0.000005 0.000006 0.000008 0.000010 0.000012 0.000015 0.000018 0.000022 0.000026 0.000030 0.000034 0.000038 0.000042 0.000046 0.000050 0.000053 0.000056 0.000058 0.000059 0.000060 0.000059 0.000058 0.000056 0.000053 0.000050 0.000046 0.000042 0.000038 0.000034 0.000030 0.000026 0.000022 0.000018 0.000015 0.000012 0.000010 0.000008 0.000006 0.000005 0.000004 0.000003 0.000002 0.000002 0.000001 0.000001 0.000001 0.000000 0.000000 0.000000 0.000000 0.000000 0.000000 0.000000 0.000000 0.000000 0.000000 0.000000 0.000000 0.000000 0.000000 0.000000 0.000000 0.000000 0.000000 0.000000 0.000000 0.000000 0.000000 0.000000 
0.000000 0.000000 0.000000 0.000000 0.000000 0.000000 0.000000 0.000000 0.000000 0.000000 0.000000 0.000000 0.000000 0.000000 0.000000 0.000000 0.000000 0.000000 0.000000 0.000000 0.000000 0.000000 0.000000 0.000001 0.000001 0.000001 0.000002 0.000003 0.000004 0.000005 0.000006 0.000008 0.000011 0.000014 0.000017 0.000021 0.000026 0.000031 0.000037 0.000044 0.000050 0.000057 0.000065 0.000072 0.000079 0.000085 0.000090 0.000095 0.000098 0.000100 0.000101 0.000100 0.000098 0.000095 0.000090 0.000085 0.000079 0.000072 0.000065 0.000057 0.000050 0.000044 0.000037 0.000031 0.000026 0.000021 0.000017 0.000014 0.000011 0.000008 0.000006 0.000005 0.000004 0.000003 0.000002 0.000001 0.000001 0.000001 0.000000 0.000000 0.000000 0.000000 0.000000 0.000000 0.000000 0.000000 0.000000 0.000000 0.000000 0.000000 0.000000 0.000000 0.000000 0.000000 0.000000 0.000000 0.000000 0.000000 0.000000 0.000000 
0.000000 0.000000 0.000000 0.000000 0.000000 0.000000 0.000000 0.000000 0.000000 0.000000 0.000000 0.000000 0.000000 0.000000 0.000000 0.000000 0.000000 0.000000 0.000000 0.000000 0.000000 0.000001 0.000001 0.000001 0.000002 0.000002 0.000003 0.000005 0.000006 0.000008 0.000011 0.000015 0.000019 0.000024 0.000031 0.000038 0.000046 0.000056 0.000066 0.000078 0.000090 0.000103 0.000116 0.000128 0.000140 0.000151 0.000161 0.000169 0.000175 0.000179 0.000180 0.000179 0.000175 0.000169 0.000161 0.000151 0.000140 0.000128 0.000116 0.000103 0.000090 0.000078 0.000066 0.000056 0.000046 0.000038 0.000031 0.000024 0.000019 0.000015 0.000011 0.000008 0.000006 0.000005 0.000003 0.000002 0.000002 0.000001 0.000001 0.000001 0.000000 0.000000 0.000000 0.000000 0.000000 0.000000 0.000000 0.000000 0.000000 0.000000 0.000000 0.000000 0.000000 0.000000 0.000000 0.000000 0.000000 0.000000 0.000000 0.000000 
0.000000 0.000000 0.000000 0.000000 0.000000 0.000000 0.000000 0.000000 0.000000 0.000000 0.000000 0.000000 0.000000 0.000000 0.000000 0.000000 0.000000 0.000000 0.000000 0.000000 0.000001 0.000001 0.000001 0.000002 0.000003 0.000004 0.000006 0.000008 0.000011 0.000015 0.000020 0.000027 0.000034 0.000044 0.000055 0.000068 0.000083 0.000101 0.000120 0.000140 0.000162 0.000185 0.000208 0.000231 0.000253 0.000273 0.000290 0.000305 0.000315 0.000322 0.000324 0.000322 0.000315 0.000305 0.000290 0.000273 0.000253 0.000231 0.000208 0.000185 0.000162 0.000140 0.000120 0.000101 0.000083 0.000068 0.000055 0.000044 0.000034 0.000027 0.000020 0.000015 0.000011 0.000008 0.000006 0.000004 0.000003 0.000002 0.000001 0.000001 0.000001 0.000000 0.000000 0.000000 0.000000 0.000000 0.000000 0.000000 0.000000 0.000000 0.000000 0.000000 0.000000 0.000000 0.000000 0.000000 0.000000 0.000000 0.000000 0.000000 
0.000000 0.000000 0.000000 0.000000 0.000000 0.000000 0.000000 0.000000 0.000000 0.000000 0.000000 0.000000 0.000000 0.000000 0.000000 0.000000 0.000000 0.000000 0.000001 0.000001 0.000001 0.000002 0.000003 0.000004 0.000005 0.000008 0.000011 0.000015 0.000021 0.000028 0.000037 0.000048 0.000062 0.000079 0.000099 0.000122 0.000149 0.000180 0.000214 0.000251 0.000290 0.000331 0.000372 0.000413 0.000452 0.000487 0.000519 0.000544 0.000564 0.000575 0.000579 0.000575 0.000564 0.000544 0.000519 0.000487 0.000452 0.000413 0.000372 0.000331 0.000290 0.000251 0.000214 0.000180 0.000149 0.000122 0.000099 0.000079 0.000062 0.000048 0.000037 0.000028 0.000021 0.000015 0.000011 0.000008 0.000005 0.000004 0.000003 0.000002 0.000001 0.000001 0.000001 0.000000 0.000000 0.000000 0.000000 0.000000 0.000000 0.000000 0.000000 0.000000 0.000000 0.000000 0.000000 0.000000 0.000000 0.000000 0.000000 0.000000 
0.000000 0.000000 0.000000 0.000000 0.000000 0.000000 0.000000 0.000000 0.000000 0.000000 0.000000 0.000000 0.000000 0.000000 0.000000 0.000000 0.000000 0.000001 0.000001 0.000001 0.000002 0.000003 0.000005 0.000007 0.000010 0.000014 0.000019 0.000027 0.000036 0.000049 0.000065 0.000085 0.000110 0.000139 0.000175 0.000217 0.000265 0.000319 0.000379 0.000444 0.000513 0.000585 0.000658 0.000730 0.000798 0.000862 0.000917 0.000962 0.000996 0.001017 0.001024 0.001017 0.000996 0.000962 0.000917 0.000862 0.000798 0.000730 0.000658 0.000585 0.000513 0.000444 0.000379 0.000319 0.000265 0.000217 0.000175 0.000139 0.000110 0.000085 0.000065 0.000049 0.000036 0.000027 0.000019 0.000014 0.000010 0.000007 0.000005 0.000003 0.000002 0.000001 0.000001 0.000001 0.000000 0.000000 0.000000 0.000000 0.000000 0.000000 0.000000 0.000000 0.000000 0.000000 0.000000 0.000000 0.000000 0.000000 0.000000 0.000000 
0.000000 0.000000 0.000000 0.000000 0.000000 0.000000 0.000000 0.000000 0.000000 0.000000 0.000000 0.000000 0.000000 0.000000 0.000000 0.000000 0.000001 0.000001 0.000002 0.000002 0.000004 0.000006 0.000008 0.000012 0.000017 0.000024 0.000034 0.000047 0.000064 0.000086 0.000114 0.000149 0.000192 0.000244 0.000306 0.000379 0.000463 0.000557 0.000662 0.000776 0.000897 0.001022 0.001150 0.001275 0.001395 0.001505 0.001601 0.001680 0.001739 0.001776 0.001788 0.001776 0.001739 0.001680 0.001601 0.001505 0.001395 0.001275 0.001150 0.001022 0.000897 0.000776 0.000662 0.000557 0.000463 0.000379 0.000306 0.000244 0.000192 0.000149 0.000114 0.000086 0.000064 0.000047 0.000034 0.000024 0.000017 0.000012 0.000008 0.000006 0.000004 0.000002 0.000002 0.000001 0.000001 0.000000 0.000000 0.000000 0.000000 0.000000 0.000000 0.000000 0.000000 0.000000 0.000000 0.000000 0.000000 0.000000 0.000000 0.000000 
0.000000 0.000000 0.000000 0.000000 0.000000 0.000000 0.000000 0.000000 0.000000 0.000000 0.000000 0.000000 0.000000 0.000000 0.000000 0.000001 0.000001 0.000002 0.000003 0.000004 0.000006 0.000010 0.000014 0.000021 0.000030 0.000042 0.000059 0.000081 0.000111 0.000149 0.000197 0.000257 0.000332 0.000422 0.000529 0.000655 0.000800 0.000963 0.001144 0.001340 0.001548 0.001764 0.001984 0.002199 0.002406 0.002595 0.002761 0.002897 0.002999 0.003062 0.003083 0.003062 0.002999 0.002897 0.002761 0.002595 0.002406 0.002199 0.001984 0.001764 0.001548 0.001340 0.001144 0.000963 0.000800 0.000655 0.000529 0.000422 0.000332 0.000257 0.000197 0.000149 0.000111 0.000081 0.000059 0.000042 0.000030 0.000021 0.000014 0.000010 0.000006 0.000004 0.000003 0.000002 0.000001 0.000001 0.000000 0.000000 0.000000 0.000000 0.000000 0.000000 0.000000 0.000000 0.000000 0.000000 0.000000 0.000000 0.000000 0.000000 
0.000000 0.000000 0.000000 0.000000 0.000000 0.000000 0.000000 0.000000 0.000000 0.000000 0.000000 0.000000 0.000000 0.000000 0.000001 0.000001 0.000002 0.000003 0.000005 0.000007 0.000011 0.000017 0.000024 0.000036 0.000051 0.000072 0.000101 0.000139 0.000189 0.000254 0.000337 0.000440 0.000567 0.000720 0.000904 0.001118 0.001364 0.001642 0.001950 0.002284 0.002638 0.003006 0.003379 0.003747 0.004097 0.004419 0.004702 0.004934 0.005106 0.005213 0.005249 0.005213 0.005106 0.004934 0.004702 0.004419 0.004097 0.003747 0.003379 0.003006 0.002638 0.002284 0.001950 0.001642 0.001364 0.001118 0.000904 0.000720 0.000567 0.000440 0.000337 0.000254 0.000189 0.000139 0.000101 0.000072 0.000051 0.000036 0.000024 0.000017 0.000011 0.000007 0.000005 0.000003 0.000002 0.000001 0.000001 0.000000 0.000000 0.000000 0.000000 0.000000 0.000000 0.000000 0.000000 0.000000 0.000000 0.000000 0.000000 0.000000 
0.000000 0.000000 0.000000 0.000000 0.000000 0.000000 0.000000 0.000000 0.000000 0.000000 0.000000 0.000000 0.000000 0.000001 0.000001 0.000002 0.000003 0.000005 0.000008 0.000012 0.000019 0.000028 0.000041 0.000060 0.000086 0.000122 0.000171 0.000235 0.000320 0.000429 0.000568 0.000742 0.000956 0.001214 0.001523 0.001883 0.002297 0.002765 0.003282 0.003843 0.004439 0.005058 0.005684 0.006301 0.006890 0.007431 0.007905 0.008295 0.008585 0.008764 0.008824 0.008764 0.008585 0.008295 0.007905 0.007431 0.006890 0.006301 0.005684 0.005058 0.004439 0.003843 0.003282 0.002765 0.002297 0.001883 0.001523 0.001214 0.000956 0.000742 0.000568 0.000429 0.000320 0.000235 0.000171 0.000122 0.000086 0.000060 0.000041 0.000028 0.000019 0.000012 0.000008 0.000005 0.000003 0.000002 0.000001 0.000001 0.000000 0.000000 0.000000 0.000000 0.000000 0.000000 0.000000 0.000000 0.000000 0.000000 0.000000 0.000000 
0.000000 0.000000 0.000000 0.000000 0.000000 0.000000 0.000000 0.000000 0.000000 0.000000 0.000000 0.000000 0.000001 0.000001 0.000002 0.000003 0.000006 0.000009 0.000014 0.000021 0.000031 0.000047 0.000069 0.000100 0.000144 0.000204 0.000285 0.000392 0.000533 0.000715 0.000946 0.001235 0.001591 0.002021 0.002533 0.003132 0.003820 0.004596 0.005455 0.006386 0.007375 0.008402 0.009441 0.010464 0.011441 0.012338 0.013124 0.013770 0.014251 0.014547 0.014648 0.014547 0.014251 0.013770 0.013124 0.012338 0.011441 0.010464 0.009441 0.008402 0.007375 0.006386 0.005455 0.004596 0.003820 0.003132 0.002533 0.002021 0.001591 0.001235 0.000946 0.000715 0.000533 0.000392 0.000285 0.000204 0.000144 0.000100 0.000069 0.000047 0.000031 0.000021 0.000014 0.000009 0.000006 0.000003 0.000002 0.000001 0.000001 0.000000 0.000000 0.000000 0.000000 0.000000 0.000000 0.000000 0.000000 0.000000 0.000000 0.000000 
0.000000 0.000000 0.000000 0.000000 0.000000 0.000000 0.000000 0.000000 0.000000 0.000000 0.000000 0.000001 0.000001 0.000002 0.000004 0.000006 0.000009 0.000014 0.000022 0.000034 0.000052 0.000077 0.000114 0.000166 0.000237 0.000336 0.000469 0.000646 0.000878 0.001177 0.001556 0.002031 0.002615 0.003321 0.004161 0.005143 0.006271 0.007544 0.008951 0.010478 0.012098 0.013779 0.015481 0.017157 0.018755 0.020224 0.021511 0.022569 0.023356 0.023841 0.024005 0.023841 0.023356 0.022569 0.021511 0.020224 0.018755 0.017157 0.015481 0.013779 0.012098 0.010478 0.008951 0.007544 0.006271 0.005143 0.004161 0.003321 0.002615 0.002031 0.001556 0.001177 0.000878 0.000646 0.000469 0.000336 0.000237 0.000166 0.000114 0.000077 0.000052 0.000034 0.000022 0.000014 0.000009 0.000006 0.000004 0.000002 0.000001 0.000001 0.000000 0.000000 0.000000 0.000000 0.000000 0.000000 0.000000 0.000000 0.000000 0.000000 
0.000000 0.000000 0.000000 0.000000 0.000000 0.000000 0.000000 0.000000 0.000000 0.000000 0.000001 0.000001 0.000002 0.000004 0.000006 0.000009 0.000015 0.000024 0.000037 0.000056 0.000085 0.000126 0.000186 0.000270 0.000386 0.000546 0.000762 0.001050 0.001426 0.001911 0.002527 0.003296 0.004242 0.005387 0.006747 0.008338 0.010164 0.012223 0.014501 0.016970 0.019591 0.022310 0.025062 0.027772 0.030356 0.032730 0.034810 0.036519 0.037791 0.038576 0.038841 0.038576 0.037791 0.036519 0.034810 0.032730 0.030356 0.027772 0.025062 0.022310 0.019591 0.016970 0.014501 0.012223 0.010164 0.008338 0.006747 0.005387 0.004242 0.003296 0.002527 0.001911 0.001426 0.001050 0.000762 0.000546 0.000386 0.000270 0.000186 0.000126 0.000085 0.000056 0.000037 0.000024 0.000015 0.000009 0.000006 0.000004 0.000002 0.000001 0.000001 0.000000 0.000000 0.000000 0.000000 0.000000 0.000000 0.000000 0.000000 0.000000 
0.000000 0.000000 0.000000 0.000000 0.000000 0.000000 0.000000 0.000000 0.000000 0.000001 0.000001 0.000002 0.000003 0.000006 0.000009 0.000015 0.000024 0.000038 0.000059 0.000090 0.000136 0.000203 0.000298 0.000433 0.000621 0.000877 0.001224 0.001684 0.002287 0.003064 0.004050 0.005281 0.006795 0.008625 0.010801 0.013344 0.016263 0.019554 0.023192 0.027136 0.031322 0.035663 0.040056 0.044381 0.048506 0.052294 0.055614 0.058341 0.060370 0.061622 0.062044 0.061622 0.060370 0.058341 0.055614 0.052294 0.048506 0.044381 0.040056 0.035663 0.031322 0.027136 0.023192 0.019554 0.016263 0.013344 0.010801 0.008625 0.006795 0.005281 0.004050 0.003064 0.002287 0.001684 0.001224 0.000877 0.000621 0.000433 0.000298 0.000203 0.000136 0.000090 0.000059 0.000038 0.000024 0.000015 0.000009 0.000006 0.000003 0.000002 0.000001 0.000001 0.000000 0.000000 0.000000 0.000000 0.000000 0.000000 0.000000 0.000000 
0.000000 0.000000 0.000000 0.000000 0.000000 0.000000 0.000000 0.000000 0.000001 0.000001 0.000002 0.000003 0.000006 0.000009 0.000015 0.000024 0.000038 0.000060 0.000094 0.000143 0.000216 0.000322 0.000474 0.000687 0.000984 0.001391 0.001939 0.002668 0.003621 0.004849 0.006407 0.008353 0.010744 0.013634 0.017069 0.021082 0.025688 0.030879 0.036618 0.042837 0.049435 0.056279 0.063203 0.070018 0.076517 0.082486 0.087715 0.092011 0.095208 0.097179 0.097846 0.097179 0.095208 0.092011 0.087715 0.082486 0.076517 0.070018 0.063203 0.056279 0.049435 0.042837 0.036618 0.030879 0.025688 0.021082 0.017069 0.013634 0.010744 0.008353 0.006407 0.004849 0.003621 0.002668 0.001939 0.001391 0.000984 0.000687 0.000474 0.000322 0.000216 0.000143 0.000094 0.000060 0.000038 0.000024 0.000015 0.000009 0.000006 0.000003 0.000002 0.000001 0.000001 0.000000 0.000000 0.000000 0.000000 0.000000 0.000000 0.000000 
0.000000 0.000000 0.000000 0.000000 0.000000 0.000000 0.000000 0.000001 0.000001 0.000002 0.000003 0.000005 0.000009 0.000014 0.000024 0.000038 0.000060 0.000095 0.000147 0.000225 0.000339 0.000505 0.000742 0.001076 0.001541 0.002176 0.003033 0.004170 0.005659 0.007576 0.010007 0.013042 0.016770 0.021275 0.026628 0.032880 0.040055 0.048138 0.057073 0.066754 0.077024 0.087674 0.098447 0.109050 0.119159 0.128444 0.136577 0.143258 0.148230 0.151295 0.152331 0.151295 0.148230 0.143258 0.136577 0.128444 0.119159 0.109050 0.098447 0.087674 0.077024 0.066754 0.057073 0.048138 0.040055 0.032880 0.026628 0.021275 0.016770 0.013042 0.010007 0.007576 0.005659 0.004170 0.003033 0.002176 0.001541 0.001076 0.000742 0.000505 0.000339 0.000225 0.000147 0.000095 0.000060 0.000038 0.000024 0.000014 0.000009 0.000005 0.000003 0.000002 0.000001 0.000001 0.000000 0.000000 0.000000 0.000000 0.000000 0.000000 
0.000000 0.000000 0.000000 0.000000 0.000000 0.000000 0.000001 0.000001 0.000002 0.000003 0.000005 0.000008 0.000014 0.000022 0.000037 0.000059 0.000094 0.000147 0.000227 0.000348 0.000524 0.000781 0.001147 0.001663 0.002380 0.003360 0.004681 0.006435 0.008729 0.011682 0.015427 0.020100 0.025838 0.032770 0.041005 0.050621 0.061653 0.074079 0.087813 0.102690 0.118469 0.134830 0.151378 0.167661 0.183187 0.197443 0.209931 0.220188 0.227821 0.232527 0.234117 0.232527 0.227821 0.220188 0.209931 0.197443 0.183187 0.167661 0.151378 0.134830 0.118469 0.102690 0.087813 0.074079 0.061653 0.050621 0.041005 0.032770 0.025838 0.020100 0.015427 0.011682 0.008729 0.006435 0.004681 0.003360 0.002380 0.001663 0.001147 0.000781 0.000524 0.000348 0.000227 0.000147 0.000094 0.000059 0.000037 0.000022 0.000014 0.000008 0.000005 0.000003 0.000002 0.000001 0.000001 0.000000 0.000000 0.000000 0.000000 0.000000 
0.000000 0.000000 0.000000 0.000000 0.000000 0.000000 0.000001 0.000001 0.000002 0.000004 0.000007 0.000012 0.000021 0.000034 0.000056 0.000090 0.000143 0.000225 0.000348 0.000531 0.000801 0.001192 0.001751 0.002537 0.003629 0.005122 0.007133 0.009802 0.013291 0.017782 0.023475 0.030577 0.039295 0.049825 0.062330 0.076929 0.093674 0.112532 0.133369 0.155938 0.179871 0.204681 0.229773 0.254461 0.277997 0.299608 0.318536 0.334082 0.345650 0.352782 0.355192 0.352782 0.345650 0.334082 0.318536 0.299608 0.277997 0.254461 0.229773 0.204681 0.179871 0.155938 0.133369 0.112532 0.093674 0.076929 0.062330 0.049825 0.039295 0.030577 0.023475 0.017782 0.013291 0.009802 0.007133 0.005122 0.003629 0.002537 0.001751 0.001192 0.000801 0.000531 0.000348 0.000225 0.000143 0.000090 0.000056 0.000034 0.000021 0.000012 0.000007 0.000004 0.000002 0.000001 0.000001 0.000000 0.000000 0.000000 0.000000 0.000000 
0.000000 0.000000 0.000000 0.000000 0.000000 0.000001 0.000001 0.000002 0.000004 0.000006 0.000011 0.000019 0.000031 0.000052 0.000085 0.000136 0.000216 0.000339 0.000524 0.000801 0.001207 0.001796 0.002637 0.003820 0.005461 0.007705 0.010726 0.014735 0.019974 0.026716 0.035258 0.045912 0.058987 0.074775 0.093520 0.115398 0.140487 0.168737 0.199945 0.233741 0.269575 0.306717 0.344275 0.381224 0.416446 0.448784 0.477105 0.500365 0.517671 0.528342 0.531947 0.528342 0.517671 0.500365 0.477105 0.448784 0.416446 0.381224 0.344275 0.306717 0.269575 0.233741 0.199945 0.168737 0.140487 0.115398 0.093520 0.074775 0.058987 0.045912 0.035258 0.026716 0.019974 0.014735 0.010726 0.007705 0.005461 0.003820 0.002637 0.001796 0.001207 0.000801 0.000524 0.000339 0.000216 0.000136 0.000085 0.000052 0.000031 0.000019 0.000011 0.000006 0.000004 0.000002 0.000001 0.000001 0.000000 0.000000 0.000000 0.000000 
0.000000 0.000000 0.000000 0.000000 0.000001 0.000001 0.000002 0.000003 0.000006 0.000010 0.000017 0.000028 0.000047 0.000077 0.000126 0.000203 0.000322 0.000505 0.000781 0.001192 0.001796 0.002671 0.003919 0.005676 0.008112 0.011440 0.015921 0.021864 0.029628 0.039617 0.052269 0.068044 0.087400 0.110764 0.138499 0.170864 0.207970 0.249742 0.295880 0.345837 0.398797 0.453682 0.509177 0.563765 0.615795 0.663562 0.705393 0.739746 0.765305 0.781063 0.786388 0.781063 0.765305 0.739746 0.705393 0.663562 0.615795 0.563765 0.509177 0.453682 0.398797 0.345837 0.295880 0.249742 0.207970 0.170864 0.138499 0.110764 0.087400 0.068044 0.052269 0.039617 0.029628 0.021864 0.015921 0.011440 0.008112 0.005676 0.003919 0.002671 0.001796 0.001192 0.000781 0.000505 0.000322 0.000203 0.000126 0.000077 0.000047 0.000028 0.000017 0.000010 0.000006 0.000003 0.000002 0.000001 0.000001 0.000000 0.000000 0.000000 
0.000000 0.000000 0.000000 0.000000 0.000001 0.000001 0.000003 0.000005 0.000008 0.000014 0.000024 0.000041 0.000069 0.000114 0.000186 0.000298 0.000474 0.000742 0.001147 0.001751 0.002637 0.003919 0.005749 0.008323 0.011890 0.016764 0.023322 0.032018 0.043375 0.057982 0.076478 0.099533 0.127815 0.161945 0.202451 0.249708 0.303876 0.364845 0.432176 0.505066 0.582326 0.662386 0.743323 0.822930 0.898801 0.968448 1.029435 1.079518 1.116779 1.139752 1.147514 1.139752 1.116779 1.079518 1.029435 0.968448 0.898801 0.822930 0.743323 0.662386 0.582326 0.505066 0.432176 0.364845 0.303876 0.249708 0.202451 0.161945 0.127815 0.099533 0.076478 0.057982 0.043375 0.032018 0.023322 0.016764 0.011890 0.008323 0.005749 0.003919 0.002637 0.001751 0.001147 0.000742 0.000474 0.000298 0.000186 0.000114 0.000069 0.000041 0.000024 0.000014 0.000008 0.000005 0.000003 0.000001 0.000001 0.000000 0.000000 0.000000 
0.000000 0.000000 0.000000 0.000001 0.000001 0.000002 0.000004 0.000007 0.000012 0.000021 0.000036 0.000060 0.000100 0.000166 0.000270 0.000433 0.000687 0.001076 0.001663 0.002537 0.003820 0.005676 0.008323 0.012045 0.017202 0.024244 0.033718 0.046276 0.062672 0.083753 0.110441 0.143698 0.184485 0.233695 0.292085 0.360191 0.438244 0.526078 0.623063 0.728039 0.839292 0.954562 1.071082 1.185674 1.294878 1.395116 1.482886 1.554958 1.608578 1.641634 1.652804 1.641634 1.608578 1.554958 1.482886 1.395116 1.294878 1.185674 1.071082 0.954562 0.839292 0.728039 0.623063 0.526078 0.438244 0.360191 0.292085 0.233695 0.184485 0.143698 0.110441 0.083753 0.062672 0.046276 0.033718 0.024244 0.017202 0.012045 0.008323 0.005676 0.003820 0.002537 0.001663 0.001076 0.000687 0.000433 0.000270 0.000166 0.000100 0.000060 0.000036 0.000021 0.000012 0.000007 0.000004 0.000002 0.000001 0.000001 0.000001 0.000001 
0.000000 0.000000 0.000001 0.000001 0.000002 0.000003 0.000005 0.000010 0.000017 0.000030 0.000051 0.000086 0.000144 0.000237 0.000386 0.000621 0.000984 0.001541 0.002380 0.003629 0.005461 0.008112 0.011890 0.017202 0.024559 0.034601 0.048109 0.066008 0.089369 0.119398 0.157404 0.204754 0.262809 0.332838 0.415914 0.512794 0.623802 0.748700 0.886586 1.035811 1.193939 1.357753 1.523326 1.686143 1.841291 1.983691 2.108369 2.210744 2.286905 2.333857 2.349722 2.333857 2.286905 2.210744 2.108369 1.983691 1.841291 1.686143 1.523326 1.357753 1.193939 1.035811 0.886586 0.748700 0.623802 0.512794 0.415914 0.332838 0.262809 0.204754 0.157404 0.119398 0.089369 0.066008 0.048109 0.034601 0.024559 0.017202 0.011890 0.008112 0.005461 0.003629 0.002380 0.001541 0.000984 0.000621 0.000386 0.000237 0.000144 0.000086 0.000051 0.000030 0.000017 0.000010 0.000005 0.000003 0.000002 0.000001 0.000001 0.000001 
0.000001 0.000001 0.000001 0.000001 0.000002 0.000004 0.000008 0.000014 0.000024 0.000042 0.000072 0.000122 0.000204 0.000336 0.000546 0.000877 0.001391 0.002176 0.003360 0.005122 0.007705 0.011440 0.016764 0.024244 0.034601 0.048736 0.067742 0.092918 0.125770 0.167986 0.221403 0.287937 0.369496 0.467854 0.584513 0.720531 0.876354 1.051647 1.245137 1.454509 1.676342 1.906125 2.138349 2.366687 2.584250 2.783921 2.958734 3.102268 3.209044 3.274869 3.297110 3.274869 3.209044 3.102268 2.958734 2.783921 2.584250 2.366687 2.138349 1.906125 1.676342 1.454509 1.245137 1.051647 0.876354 0.720531 0.584513 0.467854 0.369496 0.287937 0.221403 0.167986 0.125770 0.092918 0.067742 0.048736 0.034601 0.024244 0.016764 0.011440 0.007705 0.005122 0.003360 0.002176 0.001391 0.000877 0.000546 0.000336 0.000204 0.000122 0.000072 0.000042 0.000024 0.000014 0.000008 0.000004 0.000002 0.000001 0.000001 0.000001 
0.000001 0.000001 0.000001 0.000002 0.000003 0.000006 0.000011 0.000019 0.000034 0.000059 0.000101 0.000171 0.000285 0.000469 0.000762 0.001224 0.001939 0.003033 0.004681 0.007133 0.010726 0.015921 0.023322 0.033718 0.048109 0.067742 0.094132 0.129082 0.174674 0.233247 0.307343 0.399613 0.512694 0.649039 0.810720 0.999197 1.215081 1.457898 1.725882 2.015822 2.322979 2.641107 2.962581 3.278644 3.579769 3.856112 4.098035 4.296664 4.444420 4.535506 4.566282 4.535506 4.444420 4.296664 4.098035 3.856112 3.579769 3.278644 2.962581 2.641107 2.322979 2.015822 1.725882 1.457898 1.215081 0.999197 0.810720 0.649039 0.512694 0.399613 0.307343 0.233247 0.174674 0.129082 0.094132 0.067742 0.048109 0.033718 0.023322 0.015921 0.010726 0.007133 0.004681 0.003033 0.001939 0.001224 0.000762 0.000469 0.000285 0.000171 0.000101 0.000059 0.000034 0.000019 0.000011 0.000006 0.000003 0.000002 0.000001 0.000001 
0.000001 0.000001 0.000002 0.000003 0.000005 0.000008 0.000015 0.000027 0.000047 0.000081 0.000139 0.000235 0.000392 0.000646 0.001050 0.001684 0.002668 0.004170 0.006435 0.009802 0.014735 0.021864 0.032018 0.046276 0.066008 0.092918 0.129082 0.176962 0.239405 0.319608 0.421042 0.547328 0.702064 0.888597 1.109749 1.367508 1.662699 1.994665 2.360986 2.757266 3.177025 3.611729 4.050960 4.482761 4.894121 5.271601 5.602047 5.873343 6.075149 6.199551 6.241583 6.199551 6.075149 5.873343 5.602047 5.271601 4.894121 4.482761 4.050960 3.611729 3.177025 2.757266 2.360986 1.994665 1.662699 1.367508 1.109749 0.888597 0.702064 0.547328 0.421042 0.319608 0.239405 0.176962 0.129082 0.092918 0.066008 0.046276 0.032018 0.021864 0.014735 0.009802 0.006435 0.004170 0.002668 0.001684 0.001050 0.000646 0.000392 0.000235 0.000139 0.000081 0.000047 0.000027 0.000015 0.000008 0.000005 0.000003 0.000002 0.000002 
0.000001 0.000001 0.000002 0.000004 0.000006 0.000011 0.000021 0.000036 0.000064 0.000111 0.000189 0.000320 0.000533 0.000878 0.001426 0.002287 0.003621 0.005659 0.008729 0.013291 0.019974 0.029628 0.043375 0.062672 0.089369 0.125770 0.174674 0.239405 0.323804 0.432183 0.569221 0.739798 0.948760 1.200613 1.499154 1.847053 2.245411 2.693329 3.187533 3.722086 4.288245 4.874497 5.466798 6.049029 6.603656 7.112572 7.558052 7.923776 8.195813 8.363506 8.420165 8.363506 8.195813 7.923776 7.558052 7.112572 6.603656 6.049029 5.466798 4.874497 4.288245 3.722086 3.187533 2.693329 2.245411 1.847053 1.499154 1.200613 0.948760 0.739798 0.569221 0.432183 0.323804 0.239405 0.174674 0.125770 0.089369 0.062672 0.043375 0.029628 0.019974 0.013291 0.008729 0.005659 0.003621 0.002287 0.001426 0.000878 0.000533 0.000320 0.000189 0.000111 0.000064 0.000036 0.000021 0.000012 0.000007 0.000004 0.000003 0.000003 
0.000002 0.000002 0.000003 0.000005 0.000008 0.000015 0.000028 0.000049 0.000086 0.000149 0.000254 0.000429 0.000715 0.001177 0.001911 0.003064 0.004849 0.007576 0.011682 0.017782 0.026716 0.039617 0.057982 0.083753 0.119398 0.167986 0.233247 0.319608 0.432183 0.576712 0.759418 0.986794 1.265283 1.600873 1.998605 2.462017 2.992561 3.589026 4.247040 4.958688 5.712329 6.492637 7.280924 8.055745 8.793779 9.470942 10.063669 10.550257 10.912185 11.135287 11.210665 11.135287 10.912185 10.550257 10.063669 9.470942 8.793779 8.055745 7.280924 6.492637 5.712329 4.958688 4.247040 3.589026 2.992561 2.462017 1.998605 1.600873 1.265283 0.986794 0.759418 0.576712 0.432183 0.319608 0.233247 0.167986 0.119398 0.083753 0.057982 0.039617 0.026716 0.017782 0.011682 0.007576 0.004849 0.003064 0.001911 0.001177 0.000715 0.000429 0.000254 0.000149 0.000086 0.000049 0.000028 0.000015 0.000009 0.000005 0.000004 0.000004 
0.000003 0.000003 0.000004 0.000006 0.000011 0.000020 0.000037 0.000065 0.000114 0.000197 0.000337 0.000568 0.000946 0.001556 0.002527 0.004050 0.006407 0.010007 0.015427 0.023475 0.035258 0.052269 0.076478 0.110441 0.157404 0.221403 0.307343 0.421042 0.569221 0.759418 0.999808 1.298911 1.665185 2.106481 2.629407 3.238593 3.935925 4.719795 5.584441 6.519456 7.509537 8.534551 9.569956 10.587593 11.556849 12.446112 13.224452 13.863391 14.338626 14.631566 14.730539 14.631566 14.338626 13.863391 13.224452 12.446112 11.556849 10.587593 9.569956 8.534551 7.509537 6.519456 5.584441 4.719795 3.935925 3.238593 2.629407 2.106481 1.665185 1.298911 0.999808 0.759418 0.569221 0.421042 0.307343 0.221403 0.157404 0.110441 0.076478 0.052269 0.035258 0.023475 0.015427 0.010007 0.006407 0.004050 0.002527 0.001556 0.000946 0.000568 0.000337 0.000197 0.000114 0.000065 0.000037 0.000021 0.000012 0.000007 0.000005 0.000005 
0.000003 0.000003 0.000005 0.000008 0.000015 0.000027 0.000048 0.000085 0.000149 0.000257 0.000440 0.000742 0.001235 0.002031 0.003296 0.005281 0.008353 0.013042 0.020100 0.030577 0.045912 0.068044 0.099533 0.143698 0.204754 0.287937 0.399613 0.547328 0.739798 0.986794 1.298911 1.687191 2.162582 2.735251 3.413744 4.204041 5.108564 6.125206 7.246475 8.458862 9.742520 11.071345 12.413528 13.732581 14.988841 16.141357 17.150066 17.978084 18.593937 18.973548 19.101802 18.973548 18.593937 17.978084 17.150066 16.141357 14.988841 13.732581 12.413528 11.071345 9.742520 8.458862 7.246475 6.125206 5.108564 4.204041 3.413744 2.735251 2.162582 1.687191 1.298911 0.986794 0.739798 0.547328 0.399613 0.287937 0.204754 0.143698 0.099533 0.068044 0.045912 0.030577 0.020100 0.013042 0.008353 0.005281 0.003296 0.002031 0.001235 0.000742 0.000440 0.000257 0.000149 0.000085 0.000048 0.000027 0.000015 0.000009 0.000006 0.000006 
0.000004 0.000004 0.000006 0.000011 0.000019 0.000034 0.000062 0.000110 0.000192 0.000332 0.000567 0.000956 0.001591 0.002615 0.004242 0.006795 0.010744 0.016770 0.025838 0.039295 0.058987 0.087400 0.127815 0.184485 0.262809 0.369496 0.512694 0.702064 0.948760 1.265283 1.665185 2.162582 2.771471 3.504838 4.373594 5.385365 6.543220 7.844434 9.279397 10.830806 12.473255 14.173347 15.890392 17.577727 19.184638 20.658769 21.948908 23.007904 23.795530 24.281013 24.445036 24.281013 23.795530 23.007904 21.948908 20.658769 19.184638 17.577727 15.890392 14.173347 12.473255 10.830806 9.279397 7.844434 6.543220 5.385365 4.373594 3.504838 2.771471 2.162582 1.665185 1.265283 0.948760 0.702064 0.512694 0.369496 0.262809 0.184485 0.127815 0.087400 0.058987 0.039295 0.025838 0.016770 0.010744 0.006795 0.004242 0.002615 0.001591 0.000956 0.000567 0.000332 0.000192 0.000110 0.000062 0.000035 0.000020 0.000012 0.000008 0.000008 
0.000006 0.000006 0.000008 0.000014 0.000024 0.000044 0.000079 0.000139 0.000244 0.000422 0.000720 0.001214 0.002021 0.003321 0.005387 0.008625 0.013634 0.021275 0.032770 0.049825 0.074775 0.110764 0.161945 0.233695 0.332838 0.467854 0.649039 0.888597 1.200613 1.600873 2.106481 2.735251 3.504838 4.431618 5.529337 6.807592 8.270224 9.913759 11.726033 13.685175 15.759094 17.905618 20.073384 22.203500 24.231967 26.092729 27.721172 29.057817 30.051919 30.664661 30.871677 30.664661 30.051919 29.057817 27.721172 26.092729 24.231967 22.203500 20.073384 17.905618 15.759094 13.685175 11.726033 9.913759 8.270224 6.807592 5.529337 4.431618 3.504838 2.735251 2.106481 1.600873 1.200613 0.888597 0.649039 0.467854 0.332838 0.233695 0.161945 0.110764 0.074775 0.049825 0.032770 0.021275 0.013634 0.008625 0.005387 0.003321 0.002021 0.001214 0.000720 0.000422 0.000244 0.000139 0.000079 0.000044 0.000025 0.000015 0.000011 0.000011 
0.000007 0.000007 0.000010 0.000017 0.000031 0.000055 0.000099 0.000175 0.000306 0.000529 0.000904 0.001523 0.002533 0.004161 0.006747 0.010801 0.017069 0.026628 0.041005 0.062330 0.093520 0.138499 0.202451 0.292085 0.415914 0.584513 0.810720 1.109749 1.499154 1.998605 2.629407 3.413744 4.373594 5.529337 6.898067 8.491704 10.314994 12.363569 14.622237 17.063718 19.648008 22.322562 25.023390 27.677143 30.204119 32.522065 34.550532 36.215470 37.453702 38.216910 38.474759 38.216910 37.453702 36.215470 34.550532 32.522065 30.204119 27.677143 25.023390 22.322562 19.648008 17.063718 14.622237 12.363569 10.314994 8.491704 6.898067 5.529337 4.373594 3.413744 2.629407 1.998605 1.499154 1.109749 0.810720 0.584513 0.415914 0.292085 0.202451 0.138499 0.093520 0.062330 0.041005 0.026628 0.017069 0.010801 0.006747 0.004161 0.002533 0.001523 0.000904 0.000529 0.000306 0.000175 0.000099 0.000056 0.000031 0.000019 0.000013 0.000013 
0.000009 0.000009 0.000012 0.000021 0.000038 0.000068 0.000122 0.000217 0.000379 0.000655 0.001118 0.001883 0.003132 0.005143 0.008338 0.013344 0.021082 0.032880 0.050621 0.076929 0.115398 0.170864 0.249708 0.360191 0.512794 0.720531 0.999197 1.367508 1.847053 2.462017 3.238593 4.204041 5.385365 6.807592 8.491704 10.452314 12.695213 15.214980 17.992898 20.995388 24.173245 27.461853 30.782546 34.045166 37.151760 40.001252 42.494790 44.541391 46.063436 47.001563 47.318506 47.001563 46.063436 44.541391 42.494790 40.001252 37.151760 34.045166 30.782546 27.461853 24.173245 20.995388 17.992898 15.214980 12.695213 10.452314 8.491704 6.807592 5.385365 4.204041 3.238593 2.462017 1.847053 1.367508 0.999197 0.720531 0.512794 0.360191 0.249708 0.170864 0.115398 0.076929 0.050621 0.032880 0.021082 0.013344 0.008338 0.005143 0.003132 0.001883 0.001118 0.000655 0.000379 0.000217 0.000123 0.000069 0.000039 0.000023 0.000017 0.000017 
0.000011 0.000011 0.000015 0.000026 0.000046 0.000083 0.000149 0.000265 0.000463 0.000800 0.001364 0.002297 0.003820 0.006271 0.010164 0.016263 0.025688 0.040055 0.061653 0.093674 0.140487 0.207970 0.303876 0.438244 0.623802 0.876354 1.215081 1.662699 2.245411 2.992561 3.935925 5.108564 6.543220 8.270224 10.314994 12.695213 15.417851 18.476283 21.847747 25.491464 29.347705 33.338063 37.367102 41.325459 45.094336 48.551157 51.576051 54.058700 55.904993 57.042957 57.427412 57.042957 55.904993 54.058700 51.576051 48.551157 45.094336 41.325459 37.367102 33.338063 29.347705 25.491464 21.847747 18.476283 15.417851 12.695213 10.314994 8.270224 6.543220 5.108564 3.935925 2.992561 2.245411 1.662699 1.215081 0.876354 0.623802 0.438244 0.303876 0.207970 0.140487 0.093674 0.061653 0.040055 0.025688 0.016263 0.010164 0.006271 0.003820 0.002297 0.001364 0.000800 0.000463 0.000265 0.000150 0.000084 0.000048 0.000029 0.000020 0.000020 
0.000013 0.000013 0.000018 0.000031 0.000056 0.000101 0.000180 0.000319 0.000557 0.000963 0.001642 0.002765 0.004596 0.007544 0.012223 0.019554 0.030879 0.048138 0.074079 0.112532 0.168737 0.249742 0.364845 0.526078 0.748700 1.051647 1.457898 1.994665 2.693329 3.589026 4.719795 6.125206 7.844434 9.913759 12.363569 15.214980 18.476283 22.139483 26.177275 30.540790 35.158485 39.936469 44.760488 49.499634 54.011721 58.150055 61.771190 64.743120 66.953239 68.315429 68.775635 68.315429 66.953239 64.743120 61.771190 58.150055 54.011721 49.499634 44.760488 39.936469 35.158485 30.540790 26.177275 22.139483 18.476283 15.214980 12.363569 9.913759 7.844434 6.125206 4.719795 3.589026 2.693329 1.994665 1.457898 1.051647 0.748700 0.526078 0.364845 0.249742 0.168737 0.112532 0.074079 0.048138 0.030879 0.019554 0.012223 0.007544 0.004596 0.002765 0.001642 0.000963 0.000558 0.000319 0.000180 0.000101 0.000058 0.000034 0.000025 0.000025 
0.000015 0.000015 0.000022 0.000037 0.000066 0.000120 0.000214 0.000379 0.000662 0.001144 0.001950 0.003282 0.005455 0.008951 0.014501 0.023192 0.036618 0.057073 0.087813 0.133369 0.199945 0.295880 0.432176 0.623063 0.886586 1.245137 1.725882 2.360986 3.187533 4.247040 5.584441 7.246475 9.279397 11.726033 14.622237 17.992898 21.847747 26.177275 30.949162 36.105620 41.562088 47.207624 52.907245 58.506321 63.836913 68.725776 73.003514 76.514244 79.125003 80.734106 81.277726 80.734106 79.125003 76.514244 73.003514 68.725776 63.836913 58.506321 52.907245 47.207624 41.562088 36.105620 30.949162 26.177275 21.847747 17.992898 14.622237 11.726033 9.279397 7.246475 5.584441 4.247040 3.187533 2.360986 1.725882 1.245137 0.886586 0.623063 0.432176 0.295880 0.199945 0.133369 0.087813 0.057073 0.036618 0.023192 0.014501 0.008951 0.005455 0.003282 0.001950 0.001144 0.000662 0.000379 0.000215 0.000121 0.000068 0.000041 0.000029 0.000029 
0.000018 0.000018 0.000026 0.000044 0.000078 0.000140 0.000251 0.000444 0.000776 0.001340 0.002284 0.003843 0.006386 0.010478 0.016970 0.027136 0.042837 0.066754 0.102690 0.155938 0.233741 0.345837 0.505066 0.728039 1.035811 1.454509 2.015822 2.757266 3.722086 4.958688 6.519456 8.458862 10.830806 13.685175 17.063718 20.995388 25.491464 30.540790 36.105620 42.118527 48.480889 55.063346 61.708534 68.236208 74.450631 80.149896 85.136595 89.229078 92.272408 94.148098 94.781779 94.148098 92.272408 89.229078 85.136595 80.149896 74.450631 68.236208 61.708534 55.063346 48.480889 42.118527 36.105620 30.540790 25.491464 20.995388 17.063718 13.685175 10.830806 8.458862 6.519456 4.958688 3.722086 2.757266 2.015822 1.454509 1.035811 0.728039 0.505066 0.345837 0.233741 0.155938 0.102690 0.066754 0.042837 0.027136 0.016970 0.010478 0.006386 0.003843 0.002284 0.001340 0.000776 0.000444 0.000251 0.000141 0.000080 0.000048 0.000034 0.000034 
0.000021 0.000021 0.000030 0.000050 0.000090 0.000162 0.000290 0.000513 0.000897 0.001548 0.002638 0.004439 0.007375 0.012098 0.019591 0.031322 0.049435 0.077024 0.118469 0.179871 0.269575 0.398797 0.582326 0.839292 1.193939 1.676342 2.322979 3.177025 4.288245 5.712329 7.509537 9.742520 12.473255 15.759094 19.648008 24.173245 29.347705 35.158485 41.562088 48.480889 55.801388 63.374745 71.019931 78.529617 85.678674 92.234896 97.971265 102.678891 106.179613 108.337185 109.066092 108.337185 106.179613 102.678891 97.971265 92.234896 85.678674 78.529617 71.019931 63.374745 55.801388 48.480889 41.562088 35.158485 29.347705 24.173245 19.648008 15.759094 12.473255 9.742520 7.509537 5.712329 4.288245 3.177025 2.322979 1.676342 1.193939 0.839292 0.582326 0.398797 0.269575 0.179871 0.118469 0.077024 0.049435 0.031322 0.019591 0.012098 0.007375 0.004439 0.002638 0.001548 0.000897 0.000514 0.000291 0.000164 0.000093 0.000056 0.000040 0.000040 
0.000024 0.000024 0.000034 0.000057 0.000103 0.000185 0.000331 0.000585 0.001022 0.001764 0.003006 0.005058 0.008402 0.013779 0.022310 0.035663 0.056279 0.087674 0.134830 0.204681 0.306717 0.453682 0.662386 0.954562 1.357753 1.906125 2.641107 3.611729 4.874497 6.492637 8.534551 11.071345 14.173347 17.905618 22.322562 27.461853 33.338063 39.936469 47.207624 55.063346 63.374745 71.972838 80.652124 89.177269 97.292763 104.735077 111.246583 116.590239 120.563875 123.012893 123.840257 123.012893 120.563875 116.590239 111.246583 104.735077 97.292763 89.177269 80.652124 71.972838 63.374745 55.063346 47.207624 39.936469 33.338063 27.461853 22.322562 17.905618 14.173347 11.071345 8.534551 6.492637 4.874497 3.611729 2.641107 1.906125 1.357753 0.954562 0.662386 0.453682 0.306717 0.204681 0.134830 0.087674 0.056279 0.035663 0.022310 0.013779 0.008402 0.005058 0.003006 0.001764 0.001023 0.000586 0.000332 0.000187 0.000106 0.000064 0.000045 0.000045 
0.000027 0.000027 0.000038 0.000065 0.000116 0.000208 0.000372 0.000658 0.001150 0.001984 0.003379 0.005684 0.009441 0.015481 0.025062 0.040056 0.063203 0.098447 0.151378 0.229773 0.344275 0.509177 0.743323 1.071082 1.523326 2.138349 2.962581 4.050960 5.466798 7.280924 9.569956 12.413528 15.890392 20.073384 25.023390 30.782546 37.367102 44.760488 52.907245 61.708534 71.019931 80.652124 90.374916 99.924725 109.015386 117.351771 124.645379 130.630768 135.081554 137.824624 138.751326 137.824624 135.081554 130.630768 124.645379 117.351771 109.015386 99.924725 90.374916 80.652124 71.019931 61.708534 52.907245 44.760488 37.367102 30.782546 25.023390 20.073384 15.890392 12.413528 9.569956 7.280924 5.466798 4.050960 2.962581 2.138349 1.523326 1.071082 0.743323 0.509177 0.344275 0.229773 0.151378 0.098447 0.063203 0.040056 0.025062 0.015481 0.009441 0.005684 0.003379 0.001984 0.001150 0.000658 0.000373 0.000210 0.000119 0.000072 0.000051 0.000051 
