0.000000 0.000000 0.000000 0.000000 0.000000 0.000000 0.000000 0.000000 0.000000 0.000000 0.000000 0.000000 0.000000 0.000000 0.000000 0.000000 0.000000 0.000000 0.000000 0.000000 0.000000 0.000000 0.000000 0.000000 0.000000 0.000000 0.000000 0.000000 0.000000 0.000000 0.000000 0.000000 0.000000 0.000000 0.000000 0.000000 0.000000 0.000000 0.000000 0.000000 0.000000 0.000000 0.000000 0.000000 0.000000 0.000000 0.000000 0.000000 0.000000 0.000000 0.000000 0.000000 0.000000 0.000000 0.000000 0.000000 0.000000 0.000000 0.000000 0.000000 0.000000 0.000000 0.000000 0.000000 0.000000 0.000000 0.000000 0.000000 0.000000 0.000000 0.000000 0.000000 0.000000 0.000000 0.000000 0.000000 0.000000 0.000000 0.000000 0.000000 0.000000 0.000000 0.000000 0.000000 0.000000 0.000000 0.000000 0.000000 0.000000 0.000000 0.000000 0.000000 0.000000 0.000000 0.000000 0.000000 0.000000 0.000000 0.000000 0.000000 
0.000000 0.000000 0.000000 0.000000 0.000000 0.000000 0.000000 0.000000 0.000000 0.000000 0.000000 0.000000 0.000000 0.000000 0.000000 0.000000 0.000000 0.000000 0.000000 0.000000 0.000000 0.000000 0.000000 0.000000 0.000000 0.000000 0.000000 0.000000 0.000000 0.000000 0.000000 0.000000 0.000000 0.000000 0.000000 0.000000 0.000000 0.000000 0.000000 0.000000 0.000000 0.000000 0.000000 0.000000 0.000000 0.000000 0.000000 0.000000 0.000000 0.000000 0.000000 0.000000 0.000000 0.000000 0.000000 0.000000 0.000000 0.000000 0.000000 0.000000 0.000000 0.000000 0.000000 0.000000 0.000000 0.000000 0.000000 0.000000 0.000000 0.000000 0.000000 0.000000 0.000000 0.000000 0.000000 0.000000 0.000000 0.000000 0.000000 0.000000 0.000000 0.000000 0.000000 0.000000 0.000000 0.000000 0.000000 0.000000 0.000000 0.000000 0.000000 0.000000 0.000000 0.000000 0.000000 0.000000 0.000000 0.000000 0.000000 0.000000 
0.000000 0.000000 0.000000 0.000000 0.000000 0.000000 0.000000 0.000000 0.000000 0.000000 0.000000 0.000000 0.000000 0.000000 0.000000 0.000000 0.000000 0.000000 0.000000 0.000000 0.000000 0.000000 0.000000 0.000000 0.000000 0.000000 0.000000 0.000000 0.000000 0.000000 0.000000 0.000000 0.000000 0.000000 0.000000 0.000000 0.000000 0.000000 0.000000 0.000000 0.000000 0.000000 0.000000 0.000000 0.000000 0.000000 0.000000 0.000000 0.000000 0.000000 0.000000 0.000000 0.000000 0.000000 0.000000 0.000000 0.000000 0.000000 0.000000 0.000000 0.000000 0.000000 0.000000 0.000000 0.000000 0.000000 0.000000 0.000000 0.000000 0.000000 0.000000 0.000000 0.000000 0.000000 0.000000 0.000000 0.000000 0.000000 0.000000 0.000000 0.000000 0.000000 0.000000 0.000000 0.000000 0.000000 0.000000 0.000000 0.000000 0.000000 0.000000 0.000000 0.000000 0.000000 0.000000 0.000000 0.000000 0.000000 0.000000 0.000000 
0.000000 0.000000 0.000000 0.000000 0.000000 0.000000 0.000000 0.000000 0.000000 0.000000 0.000000 0.000000 0.000000 0.000000 0.000000 0.000000 0.000000 0.000000 0.000000 0.000000 0.000000 0.000000 0.000000 0.000000 0.000000 0.000000 0.000000 0.000000 0.000000 0.000000 0.000000 0.000000 0.000000 0.000000 0.000000 0.000000 0.000000 0.000000 0.000000 0.000000 0.000000 0.000000 0.000000 0.000000 0.000000 0.000000 0.000000 0.000000 0.000000 0.000000 0.000000 0.000000 0.000000 0.000000 0.000000 0.000000 0.000000 0.000000 0.000000 0.000000 0.000000 0.000000 0.000000 0.000000 0.000000 0.000000 0.000000 0.000000 0.000000 0.000000 0.000000 0.000000 0.000000 0.000000 0.000000 0.000000 0.000000 0.000000 0.000000 0.000000 0.000000 0.000000 0.000000 0.000000 0.000000 0.000000 0.000000 0.000000 0.000000 0.000000 0.000000 0.000000 0.000000 0.000000 0.000000 0.000000 0.000000 0.000000 0.000000 0.000000 
0.000000 0.000000 0.000000 0.000000 0.000000 0.000000 0.000000 0.000000 0.000000 0.000000 0.000000 0.000000 0.000000 0.000000 0.000000 0.000000 0.000000 0.000000 0.000000 0.000000 0.000000 0.000000 0.000000 0.000000 0.000000 0.000000 0.000000 0.000000 0.000000 0.000000 0.000000 0.000000 0.000000 0.000000 0.000000 0.000000 0.000000 0.000000 0.000000 0.000000 0.000000 0.000000 0.000000 0.000000 0.000000 0.000000 0.000000 0.000000 0.000000 0.000000 0.000000 0.000000 0.000000 0.000000 0.000000 0.000000 0.000000 0.000000 0.000000 0.000000 0.000000 0.000000 0.000000 0.000000 0.000000 0.000000 0.000000 0.000000 0.000000 0.000000 0.000000 0.000000 0.000000 0.000000 0.000000 0.000000 0.000000 0.000000 0.000000 0.000000 0.000000 0.000000 0.000000 0.000000 0.000000 0.000000 0.000000 0.000000 0.000000 0.000000 0.000000 0.000000 0.000000 0.000000 0.000000 0.000000 0.000000 0.000000 0.000000 0.000000 
0.000000 0.000000 0.000000 0.000000 0.000000 0.000000 0.000000 0.000000 0.000000 0.000000 0.000000 0.000000 0.000000 0.000000 0.000000 0.000000 0.000000 0.000000 0.000000 0.000000 0.000000 0.000000 0.000000 0.000000 0.000000 0.000000 0.000000 0.000000 0.000000 0.000000 0.000000 0.000000 0.000000 0.000000 0.000000 0.000000 0.000000 0.000000 0.000000 0.000000 0.000000 0.000000 0.000000 0.000000 0.000000 0.000000 0.000000 0.000000 0.000000 0.000000 0.000000 0.000000 0.000000 0.000000 0.000000 0.000000 0.000000 0.000000 0.000000 0.000000 0.000000 0.000000 0.000000 0.000000 0.000000 0.000000 0.000000 0.000000 0.000000 0.000000 0.000000 0.000000 0.000000 0.000000 0.000000 0.000000 0.000000 0.000000 0.000000 0.000000 0.000000 0.000000 0.000000 0.000000 0.000000 0.000000 0.000000 0.000000 0.000000 0.000000 0.000000 0.000000 0.000000 0.000000 0.000000 0.000000 0.000000 0.000000 0.000000 0.000000 
0.000000 0.000000 0.000000 0.000000 0.000000 0.000000 0.000000 0.000000 0.000000 0.000000 0.000000 0.000000 0.000000 0.000000 0.000000 0.000000 0.000000 0.000000 0.000000 0.000000 0.000000 0.000000 0.000000 0.000000 0.000000 0.000000 0.000000 0.000000 0.000000 0.000000 0.000000 0.000000 0.000000 0.000000 0.000000 0.000000 0.000000 0.000000 0.000000 0.000000 0.000000 0.000000 0.000000 0.000000 0.000000 0.000000 0.000000 0.000000 0.000000 0.000000 0.000000 0.000000 0.000000 0.000000 0.000000 0.000000 0.000000 0.000000 0.000000 0.000000 0.000000 0.000000 0.000000 0.000000 0.000000 0.000000 0.000000 0.000000 0.000000 0.000000 0.000000 0.000000 0.000000 0.000000 0.000000 0.000000 0.000000 0.000000 0.000000 0.000000 0.000000 0.000000 0.000000 0.000000 0.000000 0.000000 0.000000 0.000000 0.000000 0.000000 0.000000 0.000000 0.000000 0.000000 0.000000 0.000000 0.000000 0.000000 0.000000 0.000000 
0.000000 0.000000 0.000000 0.000000 0.000000 0.000000 0.000000 0.000000 0.000000 0.000000 0.000000 0.000000 0.000000 0.000000 0.000000 0.000000 0.000000 0.000000 0.000000 0.000000 0.000000 0.000000 0.000000 0.000000 0.000000 0.000000 0.000000 0.000000 0.000000 0.000000 0.000000 0.000000 0.000000 0.000000 0.000000 0.000000 0.000000 0.000000 0.000000 0.000000 0.000000 0.000000 0.000000 0.000000 0.000000 0.000000 0.000000 0.000000 0.000000 0.000000 0.000000 0.000000 0.000000 0.000000 0.000000 0.000000 0.000000 0.000000 0.000000 0.000000 0.000000 0.000000 0.000000 0.000000 0.000000 0.000000 0.000000 0.000000 0.000000 0.000000 0.000000 0.000000 0.000000 0.000000 0.000000 0.000000 0.000000 0.000000 0.000000 0.000000 0.000000 0.000000 0.000000 0.000000 0.000000 0.000000 0.000000 0.000000 0.000000 0.000000 0.000000 0.000000 0.000000 0.000000 0.000000 0.000000 0.000000 0.000000 0.000000 0.000000 
0.000000 0.000000 0.000000 0.000000 0.000000 0.000000 0.000000 0.000000 0.000000 0.000000 0.000000 0.000000 0.000000 0.000000 0.000000 0.000000 0.000000 0.000000 0.000000 0.000000 0.000000 0.000000 0.000000 0.000000 0.000000 0.000000 0.000000 0.000000 0.000000 0.000000 0.000000 0.000000 0.000000 0.000000 0.000000 0.000000 0.000000 0.000000 0.000000 0.000000 0.000000 0.000000 0.000000 0.000000 0.000001 0.000001 0.000001 0.000001 0.000001 0.000001 0.000001 0.000001 0.000001 0.000001 0.000001 0.000001 0.000001 0.000000 0.000000 0.000000 0.000000 0.000000 0.000000 0.000000 0.000000 0.000000 0.000000 0.000000 0.000000 0.000000 0.000000 0.000000 0.000000 0.000000 0.000000 0.000000 0.000000 0.000000 0.000000 0.000000 0.000000 0.000000 0.000000 0.000000 0.000000 0.000000 0.000000 0.000000 0.000000 0.000000 0.000000 0.000000 0.000000 0.000000 0.000000 0.000000 0.000000 0.000000 0.000000 0.000000 
0.000000 0.000000 0.000000 0.000000 0.000000 0.000000 0.000000 0.000000 0.000000 0.000000 0.000000 0.000000 0.000000 0.000000 0.000000 0.000000 0.000000 0.000000 0.000000 0.000000 0.000000 0.000000 0.000000 0.000000 0.000000 0.000000 0.000000 0.000000 0.000000 0.000000 0.000000 0.000000 0.000000 0.000000 0.000000 0.000000 0.000000 0.000000 0.000000 0.000000 0.000001 0.000001 0.000001 0.000001 0.000001 0.000002 0.000002 0.000002 0.000002 0.000002 0.000002 0.000002 0.000002 0.000002 0.000002 0.000002 0.000001 0.000001 0.000001 0.000001 0.000001 0.000000 0.000000 0.000000 0.000000 0.000000 0.000000 0.000000 0.000000 0.000000 0.000000 0.000000 0.000000 0.000000 0.000000 0.000000 0.000000 0.000000 0.000000 0.000000 0.000000 0.000000 0.000000 0.000000 0.000000 0.000000 0.000000 0.000000 0.000000 0.000000 0.000000 0.000000 0.000000 0.000000 0.000000 0.000000 0.000000 0.000000 0.000000 0.000000 
0.000000 0.000000 0.000000 0.000000 0.000000 0.000000 0.000000 0.000000 0.000000 0.000000 0.000000 0.000000 0.000000 0.000000 0.000000 0.000000 0.000000 0.000000 0.000000 0.000000 0.000000 0.000000 0.000000 0.000000 0.000000 0.000000 0.000000 0.000000 0.000000 0.000000 0.000000 0.000000 0.000000 0.000000 0.000000 0.000000 0.000000 0.000001 0.000001 0.000001 0.000002 0.000002 0.000002 0.000003 0.000004 0.000004 0.000005 0.000005 0.000005 0.000005 0.000006 0.000005 0.000005 0.000005 0.000005 0.000004 0.000004 0.000003 0.000002 0.000002 0.000002 0.000001 0.000001 0.000001 0.000000 0.000000 0.000000 0.000000 0.000000 0.000000 0.000000 0.000000 0.000000 0.000000 0.000000 0.000000 0.000000 0.000000 0.000000 0.000000 0.000000 0.000000 0.000000 0.000000 0.000000 0.000000 0.000000 0.000000 0.000000 0.000000 0.000000 0.000000 0.000000 0.000000 0.000000 0.000000 0.000000 0.000000 0.000000 0.000000 
0.000000 0.000000 0.000000 0.000000 0.000000 0.000000 0.000000 0.000000 0.000000 0.000000 0.000000 0.000000 0.000000 0.000000 0.000000 0.000000 0.000000 0.000000 0.000000 0.000000 0.000000 0.000000 0.000000 0.000000 0.000000 0.000000 0.000000 0.000000 0.000000 0.000000 0.000000 0.000000 0.000000 0.000000 0.000001 0.000001 0.000001 0.000002 0.000002 0.000003 0.000004 0.000005 0.000006 0.000007 0.000008 0.000010 0.000011 0.000012 0.000013 0.000013 0.000013 0.000013 0.000013 0.000012 0.000011 0.000010 0.000008 0.000007 0.000006 0.000005 0.000004 0.000003 0.000002 0.000002 0.000001 0.000001 0.000001 0.000000 0.000000 0.000000 0.000000 0.000000 0.000000 0.000000 0.000000 0.000000 0.000000 0.000000 0.000000 0.000000 0.000000 0.000000 0.000000 0.000000 0.000000 0.000000 0.000000 0.000000 0.000000 0.000000 0.000000 0.000000 0.000000 0.000000 0.000000 0.000000 0.000000 0.000000 0.000000 0.000000 
0.000000 0.000000 0.000000 0.000000 0.000000 0.000000 0.000000 0.000000 0.000000 0.000000 0.000000 0.000000 0.000000 0.000000 0.000000 0.000000 0.000000 0.000000 0.000000 0.000000 0.000000 0.000000 0.000000 0.000000 0.000000 0.000000 0.000000 0.000000 0.000000 0.000000 0.000000 0.000000 0.000001 0.000001 0.000001 0.000002 0.000003 0.000004 0.000005 0.000007 0.000009 0.000011 0.000014 0.000017 0.000020 0.000023 0.000025 0.000028 0.000029 0.000031 0.000031 0.000031 0.000029 0.000028 0.000025 0.000023 0.000020 0.000017 0.000014 0.000011 0.000009 0.000007 0.000005 0.000004 0.000003 0.000002 0.000001 0.000001 0.000001 0.000000 0.000000 0.000000 0.000000 0.000000 0.000000 0.000000 0.000000 0.000000 0.000000 0.000000 0.000000 0.000000 0.000000 0.000000 0.000000 0.000000 0.000000 0.000000 0.000000 0.000000 0.000000 0.000000 0.000000 0.000000 0.000000 0.000000 0.000000 0.000000 0.000000 0.000000 
0.000000 0.000000 0.000000 0.000000 0.000000 0.000000 0.000000 0.000000 0.000000 0.000000 0.000000 0.000000 0.000000 0.000000 0.000000 0.000000 0.000000 0.000000 0.000000 0.000000 0.000000 0.000000 0.000000 0.000000 0.000000 0.000000 0.000000 0.000000 0.000000 0.000000 0.000001 0.000001 0.000001 0.000002 0.000003 0.000004 0.000006 0.000009 0.000012 0.000016 0.000021 0.000026 0.000032 0.000039 0.000045 0.000052 0.000058 0.000063 0.000068 0.000070 0.000071 0.000070 0.000068 0.000063 0.000058 0.000052 0.000045 0.000039 0.000032 0.000026 0.000021 0.000016 0.000012 0.000009 0.000006 0.000004 0.000003 0.000002 0.000001 0.000001 0.000001 0.000000 0.000000 0.000000 0.000000 0.000000 0.000000 0.000000 0.000000 0.000000 0.000000 0.000000 0.000000 0.000000 0.000000 0.000000 0.000000 0.000000 0.000000 0.000000 0.000000 0.000000 0.000000 0.000000 0.000000 0.000000 0.000000 0.000000 0.000000 0.000000 
0.000000 0.000000 0.000000 0.000000 0.000000 0.000000 0.000000 0.000000 0.000000 0.000000 0.000000 0.000000 0.000000 0.000000 0.000000 0.000000 0.000000 0.000000 0.000000 0.000000 0.000000 0.000000 0.000000 0.000000 0.000000 0.000000 0.000000 0.000000 0.000000 0.000001 0.000001 0.000002 0.000003 0.000005 0.000007 0.000010 0.000014 0.000020 0.000027 0.000036 0.000047 0.000059 0.000072 0.000087 0.000102 0.000117 0.000131 0.000143 0.000152 0.000157 0.000159 0.000157 0.000152 0.000143 0.000131 0.000117 0.000102 0.000087 0.000072 0.000059 0.000047 0.000036 0.000027 0.000020 0.000014 0.000010 0.000007 0.000005 0.000003 0.000002 0.000001 0.000001 0.000000 0.000000 0.000000 0.000000 0.000000 0.000000 0.000000 0.000000 0.000000 0.000000 0.000000 0.000000 0.000000 0.000000 0.000000 0.000000 0.000000 0.000000 0.000000 0.000000 0.000000 0.000000 0.000000 0.000000 0.000000 0.000000 0.000000 0.000000 
0.000000 0.000000 0.000000 0.000000 0.000000 0.000000 0.000000 0.000000 0.000000 0.000000 0.000000 0.000000 0.000000 0.000000 0.000000 0.000000 0.000000 0.000000 0.000000 0.000000 0.000000 0.000000 0.000000 0.000000 0.000000 0.000000 0.000000 0.000001 0.000001 0.000002 0.000003 0.000004 0.000007 0.000010 0.000015 0.000022 0.000032 0.000044 0.000060 0.000079 0.000103 0.000130 0.000160 0.000192 0.000225 0.000258 0.000288 0.000314 0.000333 0.000346 0.000350 0.000346 0.000333 0.000314 0.000288 0.000258 0.000225 0.000192 0.000160 0.000130 0.000103 0.000079 0.000060 0.000044 0.000032 0.000022 0.000015 0.000010 0.000007 0.000004 0.000003 0.000002 0.000001 0.000001 0.000000 0.000000 0.000000 0.000000 0.000000 0.000000 0.000000 0.000000 0.000000 0.000000 0.000000 0.000000 0.000000 0.000000 0.000000 0.000000 0.000000 0.000000 0.000000 0.000000 0.000000 0.000000 0.000000 0.000000 0.000000 0.000000 
0.000000 0.000000 0.000000 0.000000 0.000000 0.000000 0.000000 0.000000 0.000000 0.000000 0.000000 0.000000 0.000000 0.000000 0.000000 0.000000 0.000000 0.000000 0.000000 0.000000 0.000000 0.000000 0.000000 0.000000 0.000000 0.000000 0.000001 0.000001 0.000002 0.000004 0.000006 0.000009 0.000015 0.000022 0.000033 0.000049 0.000069 0.000096 0.000130 0.000172 0.000222 0.000280 0.000345 0.000414 0.000486 0.000556 0.000620 0.000676 0.000718 0.000745 0.000755 0.000745 0.000718 0.000676 0.000620 0.000556 0.000486 0.000414 0.000345 0.000280 0.000222 0.000172 0.000130 0.000096 0.000069 0.000049 0.000033 0.000022 0.000015 0.000009 0.000006 0.000004 0.000002 0.000001 0.000001 0.000000 0.000000 0.000000 0.000000 0.000000 0.000000 0.000000 0.000000 0.000000 0.000000 0.000000 0.000000 0.000000 0.000000 0.000000 0.000000 0.000000 0.000000 0.000000 0.000000 0.000000 0.000000 0.000000 0.000000 0.000000 
0.000000 0.000000 0.000000 0.000000 0.000000 0.000000 0.000000 0.000000 0.000000 0.000000 0.000000 0.000000 0.000000 0.000000 0.000000 0.000000 0.000000 0.000000 0.000000 0.000000 0.000000 0.000000 0.000000 0.000000 0.000000 0.000001 0.000002 0.000003 0.000005 0.000008 0.000012 0.000020 0.000031 0.000048 0.000071 0.000103 0.000147 0.000204 0.000276 0.000365 0.000471 0.000593 0.000729 0.000876 0.001026 0.001173 0.001309 0.001426 0.001516 0.001572 0.001592 0.001572 0.001516 0.001426 0.001309 0.001173 0.001026 0.000876 0.000729 0.000593 0.000471 0.000365 0.000276 0.000204 0.000147 0.000103 0.000071 0.000048 0.000031 0.000020 0.000012 0.000008 0.000005 0.000003 0.000002 0.000001 0.000000 0.000000 0.000000 0.000000 0.000000 0.000000 0.000000 0.000000 0.000000 0.000000 0.000000 0.000000 0.000000 0.000000 0.000000 0.000000 0.000000 0.000000 0.000000 0.000000 0.000000 0.000000 0.000000 0.000000 
0.000000 0.000000 0.000000 0.000000 0.000000 0.000000 0.000000 0.000000 0.000000 0.000000 0.000000 0.000000 0.000000 0.000000 0.000000 0.000000 0.000000 0.000000 0.000000 0.000000 0.000000 0.000000 0.000000 0.000001 0.000001 0.000002 0.000003 0.000006 0.000010 0.000016 0.000026 0.000042 0.000065 0.000100 0.000148 0.000215 0.000305 0.000423 0.000573 0.000757 0.000976 0.001229 0.001511 0.001812 0.002122 0.002426 0.002707 0.002947 0.003132 0.003248 0.003288 0.003248 0.003132 0.002947 0.002707 0.002426 0.002122 0.001812 0.001511 0.001229 0.000976 0.000757 0.000573 0.000423 0.000305 0.000215 0.000148 0.000100 0.000065 0.000042 0.000026 0.000016 0.000010 0.000006 0.000003 0.000002 0.000001 0.000001 0.000000 0.000000 0.000000 0.000000 0.000000 0.000000 0.000000 0.000000 0.000000 0.000000 0.000000 0.000000 0.000000 0.000000 0.000000 0.000000 0.000000 0.000000 0.000000 0.000000 0.000000 0.000000 
0.000000 0.000000 0.000000 0.000000 0.000000 0.000000 0.000000 0.000000 0.000000 0.000000 0.000000 0.000000 0.000000 0.000000 0.000000 0.000000 0.000000 0.000000 0.000000 0.000000 0.000000 0.000000 0.000001 0.000001 0.000002 0.000004 0.000007 0.000012 0.000020 0.000033 0.000054 0.000086 0.000134 0.000203 0.000302 0.000439 0.000622 0.000862 0.001165 0.001538 0.001982 0.002494 0.003063 0.003673 0.004299 0.004912 0.005478 0.005964 0.006336 0.006571 0.006652 0.006571 0.006336 0.005964 0.005478 0.004912 0.004299 0.003673 0.003063 0.002494 0.001982 0.001538 0.001165 0.000862 0.000622 0.000439 0.000302 0.000203 0.000134 0.000086 0.000054 0.000033 0.000020 0.000012 0.000007 0.000004 0.000002 0.000001 0.000001 0.000000 0.000000 0.000000 0.000000 0.000000 0.000000 0.000000 0.000000 0.000000 0.000000 0.000000 0.000000 0.000000 0.000000 0.000000 0.000000 0.000000 0.000000 0.000000 0.000000 0.000000 
0.000000 0.000000 0.000000 0.000000 0.000000 0.000000 0.000000 0.000000 0.000000 0.000000 0.000000 0.000000 0.000000 0.000000 0.000000 0.000000 0.000000 0.000000 0.000000 0.000000 0.000000 0.000001 0.000001 0.000002 0.000004 0.000007 0.000013 0.000023 0.000040 0.000066 0.000108 0.000172 0.000268 0.000407 0.000604 0.000877 0.001241 0.001717 0.002319 0.003059 0.003939 0.004953 0.006080 0.007287 0.008525 0.009737 0.010856 0.011815 0.012551 0.013015 0.013173 0.013015 0.012551 0.011815 0.010856 0.009737 0.008525 0.007287 0.006080 0.004953 0.003939 0.003059 0.002319 0.001717 0.001241 0.000877 0.000604 0.000407 0.000268 0.000172 0.000108 0.000066 0.000040 0.000023 0.000013 0.000007 0.000004 0.000002 0.000001 0.000001 0.000000 0.000000 0.000000 0.000000 0.000000 0.000000 0.000000 0.000000 0.000000 0.000000 0.000000 0.000000 0.000000 0.000000 0.000000 0.000000 0.000000 0.000000 0.000000 0.000000 
0.000000 0.000000 0.000000 0.000000 0.000000 0.000000 0.000000 0.000000 0.000000 0.000000 0.000000 0.000000 0.000000 0.000000 0.000000 0.000000 0.000000 0.000000 0.000000 0.000000 0.000001 0.000001 0.000002 0.000004 0.000008 0.000015 0.000026 0.000046 0.000078 0.000131 0.000213 0.000338 0.000525 0.000797 0.001183 0.001713 0.002424 0.003349 0.004519 0.005956 0.007664 0.009630 0.011815 0.014153 0.016551 0.018895 0.021060 0.022914 0.024338 0.025234 0.025541 0.025234 0.024338 0.022914 0.021060 0.018895 0.016551 0.014153 0.011815 0.009630 0.007664 0.005956 0.004519 0.003349 0.002424 0.001713 0.001183 0.000797 0.000525 0.000338 0.000213 0.000131 0.000078 0.000046 0.000026 0.000015 0.000008 0.000004 0.000002 0.000001 0.000001 0.000000 0.000000 0.000000 0.000000 0.000000 0.000000 0.000000 0.000000 0.000000 0.000000 0.000000 0.000000 0.000000 0.000000 0.000000 0.000000 0.000000 0.000000 0.000000 
0.000000 0.000000 0.000000 0.000000 0.000000 0.000000 0.000000 0.000000 0.000000 0.000000 0.000000 0.000000 0.000000 0.000000 0.000000 0.000000 0.000000 0.000000 0.000000 0.000001 0.000001 0.000002 0.000004 0.000008 0.000016 0.000029 0.000051 0.000089 0.000151 0.000252 0.000409 0.000649 0.001008 0.001528 0.002264 0.003276 0.004630 0.006392 0.008619 0.011350 0.014596 0.018328 0.022473 0.026905 0.031450 0.035892 0.039991 0.043502 0.046197 0.047894 0.048473 0.047894 0.046197 0.043502 0.039991 0.035892 0.031450 0.026905 0.022473 0.018328 0.014596 0.011350 0.008619 0.006392 0.004630 0.003276 0.002264 0.001528 0.001008 0.000649 0.000409 0.000252 0.000151 0.000089 0.000051 0.000029 0.000016 0.000008 0.000004 0.000002 0.000001 0.000001 0.000000 0.000000 0.000000 0.000000 0.000000 0.000000 0.000000 0.000000 0.000000 0.000000 0.000000 0.000000 0.000000 0.000000 0.000000 0.000000 0.000000 0.000000 
0.000000 0.000000 0.000000 0.000000 0.000000 0.000000 0.000000 0.000000 0.000000 0.000000 0.000000 0.000000 0.000000 0.000000 0.000000 0.000000 0.000000 0.000000 0.000001 0.000001 0.000002 0.000004 0.000008 0.000016 0.000030 0.000054 0.000097 0.000168 0.000285 0.000474 0.000770 0.001221 0.001892 0.002866 0.004241 0.006130 0.008657 0.011941 0.016087 0.021168 0.027202 0.034137 0.041834 0.050060 0.058491 0.066729 0.074328 0.080834 0.085828 0.088972 0.090045 0.088972 0.085828 0.080834 0.074328 0.066729 0.058491 0.050060 0.041834 0.034137 0.027202 0.021168 0.016087 0.011941 0.008657 0.006130 0.004241 0.002866 0.001892 0.001221 0.000770 0.000474 0.000285 0.000168 0.000097 0.000054 0.000030 0.000016 0.000008 0.000004 0.000002 0.000001 0.000001 0.000000 0.000000 0.000000 0.000000 0.000000 0.000000 0.000000 0.000000 0.000000 0.000000 0.000000 0.000000 0.000000 0.000000 0.000000 0.000000 0.000000 
0.000000 0.000000 0.000000 0.000000 0.000000 0.000000 0.000000 0.000000 0.000000 0.000000 0.000000 0.000000 0.000000 0.000000 0.000000 0.000000 0.000000 0.000000 0.000001 0.000002 0.000004 0.000008 0.000016 0.000030 0.000056 0.000101 0.000179 0.000311 0.000527 0.000874 0.001417 0.002245 0.003476 0.005258 0.007772 0.011225 0.015836 0.021825 0.029381 0.038633 0.049612 0.062223 0.076211 0.091152 0.106461 0.121412 0.135200 0.147001 0.156058 0.161759 0.163705 0.161759 0.156058 0.147001 0.135200 0.121412 0.106461 0.091152 0.076211 0.062223 0.049612 0.038633 0.029381 0.021825 0.015836 0.011225 0.007772 0.005258 0.003476 0.002245 0.001417 0.000874 0.000527 0.000311 0.000179 0.000101 0.000056 0.000030 0.000016 0.000008 0.000004 0.000002 0.000001 0.000000 0.000000 0.000000 0.000000 0.000000 0.000000 0.000000 0.000000 0.000000 0.000000 0.000000 0.000000 0.000000 0.000000 0.000000 0.000000 0.000000 
0.000000 0.000000 0.000000 0.000000 0.000000 0.000000 0.000000 0.000000 0.000000 0.000000 0.000000 0.000000 0.000000 0.000000 0.000000 0.000000 0.000000 0.000001 0.000002 0.000004 0.000007 0.000015 0.000029 0.000054 0.000101 0.000183 0.000324 0.000561 0.000951 0.001576 0.002552 0.004038 0.006245 0.009437 0.013936 0.020107 0.028344 0.039031 0.052503 0.068987 0.088537 0.110978 0.135855 0.162416 0.189616 0.216173 0.240656 0.261606 0.277681 0.287799 0.291253 0.287799 0.277681 0.261606 0.240656 0.216173 0.189616 0.162416 0.135855 0.110978 0.088537 0.068987 0.052503 0.039031 0.028344 0.020107 0.013936 0.009437 0.006245 0.004038 0.002552 0.001576 0.000951 0.000561 0.000324 0.000183 0.000101 0.000054 0.000029 0.000015 0.000007 0.000004 0.000002 0.000001 0.000000 0.000000 0.000000 0.000000 0.000000 0.000000 0.000000 0.000000 0.000000 0.000000 0.000000 0.000000 0.000000 0.000000 0.000000 0.000000 
0.000000 0.000000 0.000000 0.000000 0.000000 0.000000 0.000000 0.000000 0.000000 0.000000 0.000000 0.000000 0.000000 0.000000 0.000000 0.000000 0.000001 0.000002 0.000003 0.000007 0.000013 0.000026 0.000051 0.000097 0.000179 0.000324 0.000573 0.000993 0.001680 0.002779 0.004494 0.007104 0.010975 0.016569 0.024444 0.035237 0.049628 0.068287 0.091791 0.120528 0.154588 0.193661 0.236955 0.283156 0.330451 0.376611 0.419153 0.455547 0.483469 0.501039 0.507037 0.501039 0.483469 0.455547 0.419153 0.376611 0.330451 0.283156 0.236955 0.193661 0.154588 0.120528 0.091791 0.068287 0.049628 0.035237 0.024444 0.016569 0.010975 0.007104 0.004494 0.002779 0.001680 0.000993 0.000573 0.000324 0.000179 0.000097 0.000051 0.000026 0.000013 0.000007 0.000003 0.000002 0.000001 0.000000 0.000000 0.000000 0.000000 0.000000 0.000000 0.000000 0.000000 0.000000 0.000000 0.000000 0.000000 0.000000 0.000000 0.000000 
0.000000 0.000000 0.000000 0.000000 0.000000 0.000000 0.000000 0.000000 0.000000 0.000000 0.000000 0.000000 0.000000 0.000000 0.000000 0.000001 0.000001 0.000003 0.000006 0.000012 0.000023 0.000046 0.000089 0.000168 0.000311 0.000561 0.000993 0.001716 0.002900 0.004793 0.007742 0.012224 0.018865 0.028453 0.041938 0.060401 0.085000 0.116870 0.156986 0.206000 0.264058 0.330623 0.404340 0.482974 0.563435 0.641941 0.714271 0.776136 0.823590 0.853449 0.863641 0.853449 0.823590 0.776136 0.714271 0.641941 0.563435 0.482974 0.404340 0.330623 0.264058 0.206000 0.156986 0.116870 0.085000 0.060401 0.041938 0.028453 0.018865 0.012224 0.007742 0.004793 0.002900 0.001716 0.000993 0.000561 0.000311 0.000168 0.000089 0.000046 0.000023 0.000012 0.000006 0.000003 0.000001 0.000001 0.000000 0.000000 0.000000 0.000000 0.000000 0.000000 0.000000 0.000000 0.000000 0.000000 0.000000 0.000000 0.000000 0.000000 
0.000000 0.000000 0.000000 0.000000 0.000000 0.000000 0.000000 0.000000 0.000000 0.000000 0.000000 0.000000 0.000000 0.000000 0.000000 0.000001 0.000002 0.000005 0.000010 0.000020 0.000040 0.000078 0.000151 0.000285 0.000527 0.000951 0.001680 0.002900 0.004896 0.008082 0.013040 0.020569 0.031712 0.047785 0.070370 0.101266 0.142398 0.195645 0.262623 0.344406 0.441221 0.552161 0.674963 0.805897 0.939825 1.070453 1.190774 1.293663 1.372574 1.422219 1.439165 1.422219 1.372574 1.293663 1.190774 1.070453 0.939825 0.805897 0.674963 0.552161 0.441221 0.344406 0.262623 0.195645 0.142398 0.101266 0.070370 0.047785 0.031712 0.020569 0.013040 0.008082 0.004896 0.002900 0.001680 0.000951 0.000527 0.000285 0.000151 0.000078 0.000040 0.000020 0.000010 0.000005 0.000002 0.000001 0.000000 0.000000 0.000000 0.000000 0.000000 0.000000 0.000000 0.000000 0.000000 0.000000 0.000000 0.000000 0.000000 0.000000 
0.000000 0.000000 0.000000 0.000000 0.000000 0.000000 0.000000 0.000000 0.000000 0.000000 0.000000 0.000000 0.000000 0.000000 0.000001 0.000002 0.000004 0.000008 0.000016 0.000033 0.000066 0.000131 0.000252 0.000474 0.000874 0.001576 0.002779 0.004793 0.008082 0.013324 0.021478 0.033844 0.052129 0.078480 0.115474 0.166042 0.233310 0.320328 0.429714 0.563195 0.721120 0.901994 1.102113 1.315395 1.533475 1.746116 1.941927 2.109335 2.237708 2.318464 2.346027 2.318464 2.237708 2.109335 1.941927 1.746116 1.533475 1.315395 1.102113 0.901994 0.721120 0.563195 0.429714 0.320328 0.233310 0.166042 0.115474 0.078480 0.052129 0.033844 0.021478 0.013324 0.008082 0.004793 0.002779 0.001576 0.000874 0.000474 0.000252 0.000131 0.000066 0.000033 0.000016 0.000008 0.000004 0.000002 0.000001 0.000000 0.000000 0.000000 0.000000 0.000000 0.000000 0.000000 0.000000 0.000000 0.000000 0.000000 0.000000 0.000000 
0.000000 0.000000 0.000000 0.000000 0.000000 0.000000 0.000000 0.000000 0.000000 0.000000 0.000000 0.000000 0.000000 0.000001 0.000001 0.000003 0.000006 0.000012 0.000026 0.000054 0.000108 0.000213 0.000409 0.000770 0.001417 0.002552 0.004494 0.007742 0.013040 0.021478 0.034586 0.054447 0.083788 0.126035 0.185295 0.266236 0.373827 0.512914 0.687639 0.900726 1.152699 1.441146 1.760140 2.099982 2.447348 2.785951 3.097676 3.364132 3.568427 3.696931 3.740789 3.696931 3.568427 3.364132 3.097676 2.785951 2.447348 2.099982 1.760140 1.441146 1.152699 0.900726 0.687639 0.512914 0.373827 0.266236 0.185295 0.126035 0.083788 0.054447 0.034586 0.021478 0.013040 0.007742 0.004494 0.002552 0.001417 0.000770 0.000409 0.000213 0.000108 0.000054 0.000026 0.000012 0.000006 0.000003 0.000001 0.000001 0.000000 0.000000 0.000000 0.000000 0.000000 0.000000 0.000000 0.000000 0.000000 0.000000 0.000000 0.000000 
0.000000 0.000000 0.000000 0.000000 0.000000 0.000000 0.000000 0.000000 0.000000 0.000000 0.000000 0.000000 0.000000 0.000001 0.000002 0.000004 0.000009 0.000020 0.000042 0.000086 0.000172 0.000338 0.000649 0.001221 0.002245 0.004038 0.007104 0.012224 0.020569 0.033844 0.054447 0.085636 0.131672 0.197900 0.290725 0.417418 0.585706 0.803117 1.076068 1.408759 1.801959 2.251863 2.749203 3.278846 3.820037 4.347425 4.832835 5.247675 5.565691 5.765709 5.833972 5.765709 5.565691 5.247675 4.832835 4.347425 3.820037 3.278846 2.749203 2.251863 1.801959 1.408759 1.076068 0.803117 0.585706 0.417418 0.290725 0.197900 0.131672 0.085636 0.054447 0.033844 0.020569 0.012224 0.007104 0.004038 0.002245 0.001221 0.000649 0.000338 0.000172 0.000086 0.000042 0.000020 0.000009 0.000004 0.000002 0.000001 0.000000 0.000000 0.000000 0.000000 0.000000 0.000000 0.000000 0.000000 0.000000 0.000000 0.000000 0.000000 
0.000000 0.000000 0.000000 0.000000 0.000000 0.000000 0.000000 0.000000 0.000000 0.000000 0.000000 0.000000 0.000001 0.000001 0.000003 0.000007 0.000015 0.000031 0.000065 0.000134 0.000268 0.000525 0.001008 0.001892 0.003476 0.006245 0.010975 0.018865 0.031712 0.052129 0.083788 0.131672 0.202289 0.303801 0.445973 0.639878 0.897274 1.229596 1.646572 2.154538 2.754597 3.440884 4.199226 5.006531 5.831181 6.634579 7.373865 8.005559 8.489750 8.794256 8.898174 8.794256 8.489750 8.005559 7.373865 6.634579 5.831181 5.006531 4.199226 3.440884 2.754597 2.154538 1.646572 1.229596 0.897274 0.639878 0.445973 0.303801 0.202289 0.131672 0.083788 0.052129 0.031712 0.018865 0.010975 0.006245 0.003476 0.001892 0.001008 0.000525 0.000268 0.000134 0.000065 0.000031 0.000015 0.000007 0.000003 0.000001 0.000001 0.000000 0.000000 0.000000 0.000000 0.000000 0.000000 0.000000 0.000000 0.000000 0.000000 0.000000 
0.000000 0.000000 0.000000 0.000000 0.000000 0.000000 0.000000 0.000000 0.000000 0.000000 0.000000 0.000000 0.000001 0.000002 0.000005 0.000010 0.000022 0.000048 0.000100 0.000203 0.000407 0.000797 0.001528 0.002866 0.005258 0.009437 0.016569 0.028453 0.047785 0.078480 0.126035 0.197900 0.303801 0.455918 0.668813 0.958980 1.343914 1.840606 2.463481 3.221891 4.117382 5.141120 6.271909 7.475302 8.704182 9.901088 11.002244 11.942984 12.663964 13.117348 13.272067 13.117348 12.663964 11.942984 11.002244 9.901088 8.704182 7.475302 6.271909 5.141120 4.117382 3.221891 2.463481 1.840606 1.343914 0.958980 0.668813 0.455918 0.303801 0.197900 0.126035 0.078480 0.047785 0.028453 0.016569 0.009437 0.005258 0.002866 0.001528 0.000797 0.000407 0.000203 0.000100 0.000048 0.000022 0.000010 0.000005 0.000002 0.000001 0.000000 0.000000 0.000000 0.000000 0.000000 0.000000 0.000000 0.000000 0.000000 0.000000 0.000000 
0.000000 0.000000 0.000000 0.000000 0.000000 0.000000 0.000000 0.000000 0.000000 0.000000 0.000000 0.000001 0.000001 0.000003 0.000007 0.000015 0.000033 0.000071 0.000148 0.000302 0.000604 0.001183 0.002264 0.004241 0.007772 0.013936 0.024444 0.041938 0.070370 0.115474 0.185295 0.290725 0.445973 0.668813 0.980476 1.404994 1.967820 2.693644 3.603393 4.710567 6.017286 7.510547 9.159363 10.913478 12.704242 14.447992 16.051923 17.421972 18.471847 19.132001 19.357272 19.132001 18.471847 17.421972 16.051923 14.447992 12.704242 10.913478 9.159363 7.510547 6.017286 4.710567 3.603393 2.693644 1.967820 1.404994 0.980476 0.668813 0.445973 0.290725 0.185295 0.115474 0.070370 0.041938 0.024444 0.013936 0.007772 0.004241 0.002264 0.001183 0.000604 0.000302 0.000148 0.000071 0.000033 0.000015 0.000007 0.000003 0.000001 0.000001 0.000000 0.000000 0.000000 0.000000 0.000000 0.000000 0.000000 0.000000 0.000000 0.000000 
0.000000 0.000000 0.000000 0.000000 0.000000 0.000000 0.000000 0.000000 0.000000 0.000000 0.000000 0.000001 0.000002 0.000004 0.000010 0.000022 0.000049 0.000103 0.000215 0.000439 0.000877 0.001713 0.003276 0.006130 0.011225 0.020107 0.035237 0.060401 0.101266 0.166042 0.266236 0.417418 0.639878 0.958980 1.404994 2.012146 2.816658 3.853619 5.152711 6.733009 8.597350 10.727034 13.077773 15.577882 18.129551 20.613666 22.898164 24.849247 26.344200 27.284146 27.604880 27.284146 26.344200 24.849247 22.898164 20.613666 18.129551 15.577882 13.077773 10.727034 8.597350 6.733009 5.152711 3.853619 2.816658 2.012146 1.404994 0.958980 0.639878 0.417418 0.266236 0.166042 0.101266 0.060401 0.035237 0.020107 0.011225 0.006130 0.003276 0.001713 0.000877 0.000439 0.000215 0.000103 0.000049 0.000022 0.000010 0.000004 0.000002 0.000001 0.000000 0.000000 0.000000 0.000000 0.000000 0.000000 0.000000 0.000000 0.000000 0.000000 
0.000000 0.000000 0.000000 0.000000 0.000000 0.000000 0.000000 0.000000 0.000000 0.000000 0.000000 0.000001 0.000003 0.000006 0.000014 0.000032 0.000069 0.000147 0.000305 0.000622 0.001241 0.002424 0.004630 0.008657 0.015836 0.028344 0.049628 0.085000 0.142398 0.233310 0.373827 0.585706 0.897274 1.343914 1.967820 2.816658 3.940826 5.389090 7.202630 9.407802 12.008324 14.977918 18.254704 21.738718 25.293701 28.753831 31.935352 34.652153 36.733592 38.042196 38.488709 38.042196 36.733592 34.652153 31.935352 28.753831 25.293701 21.738718 18.254704 14.977918 12.008324 9.407802 7.202630 5.389090 3.940826 2.816658 1.967820 1.343914 0.897274 0.585706 0.373827 0.233310 0.142398 0.085000 0.049628 0.028344 0.015836 0.008657 0.004630 0.002424 0.001241 0.000622 0.000305 0.000147 0.000069 0.000032 0.000014 0.000006 0.000003 0.000001 0.000000 0.000000 0.000000 0.000000 0.000000 0.000000 0.000000 0.000000 0.000000 0.000000 
0.000000 0.000000 0.000000 0.000000 0.000000 0.000000 0.000000 0.000000 0.000000 0.000000 0.000001 0.000002 0.000004 0.000009 0.000020 0.000044 0.000096 0.000204 0.000423 0.000862 0.001717 0.003349 0.006392 0.011941 0.021825 0.039031 0.068287 0.116870 0.195645 0.320328 0.512914 0.803117 1.229596 1.840606 2.693644 3.853619 5.389090 7.366331 9.841208 12.849347 16.395512 20.443624 24.909173 29.655876 34.498149 39.210289 43.542291 47.241036 50.074496 51.855777 52.463555 51.855777 50.074496 47.241036 43.542291 39.210289 34.498149 29.655876 24.909173 20.443624 16.395512 12.849347 9.841208 7.366331 5.389090 3.853619 2.693644 1.840606 1.229596 0.803117 0.512914 0.320328 0.195645 0.116870 0.068287 0.039031 0.021825 0.011941 0.006392 0.003349 0.001717 0.000862 0.000423 0.000204 0.000096 0.000044 0.000020 0.000009 0.000004 0.000002 0.000001 0.000000 0.000000 0.000000 0.000000 0.000000 0.000000 0.000000 0.000000 0.000000 
0.000000 0.000000 0.000000 0.000000 0.000000 0.000000 0.000000 0.000000 0.000000 0.000000 0.000001 0.000002 0.000005 0.000012 0.000027 0.000060 0.000130 0.000276 0.000573 0.001165 0.002319 0.004519 0.008619 0.016087 0.029381 0.052503 0.091791 0.156986 0.262623 0.429714 0.687639 1.076068 1.646572 2.463481 3.603393 5.152711 7.202630 9.841208 13.142564 17.153798 21.880885 27.275427 33.224613 39.546816 45.994930 52.268602 58.035279 62.958373 66.729410 69.099963 69.908777 69.099963 66.729410 62.958373 58.035279 52.268602 45.994930 39.546816 33.224613 27.275427 21.880885 17.153798 13.142564 9.841208 7.202630 5.152711 3.603393 2.463481 1.646572 1.076068 0.687639 0.429714 0.262623 0.156986 0.091791 0.052503 0.029381 0.016087 0.008619 0.004519 0.002319 0.001165 0.000573 0.000276 0.000130 0.000060 0.000027 0.000012 0.000005 0.000002 0.000001 0.000000 0.000000 0.000000 0.000000 0.000000 0.000000 0.000000 0.000000 0.000000 
0.000000 0.000000 0.000000 0.000000 0.000000 0.000000 0.000000 0.000000 0.000000 0.000000 0.000001 0.000003 0.000007 0.000016 0.000036 0.000079 0.000172 0.000365 0.000757 0.001538 0.003059 0.005956 0.011350 0.021168 0.038633 0.068987 0.120528 0.206000 0.344406 0.563195 0.900726 1.408759 2.154538 3.221891 4.710567 6.733009 9.407802 12.849347 17.153798 22.382061 28.541467 35.568594 43.316256 51.547848 59.941719 68.107128 75.611606 82.017561 86.924037 90.008177 91.060431 90.008177 86.924037 82.017561 75.611606 68.107128 59.941719 51.547848 43.316256 35.568594 28.541467 22.382061 17.153798 12.849347 9.407802 6.733009 4.710567 3.221891 2.154538 1.408759 0.900726 0.563195 0.344406 0.206000 0.120528 0.068987 0.038633 0.021168 0.011350 0.005956 0.003059 0.001538 0.000757 0.000365 0.000172 0.000079 0.000036 0.000016 0.000007 0.000003 0.000001 0.000000 0.000000 0.000000 0.000000 0.000000 0.000000 0.000000 0.000000 0.000000 
0.000000 0.000000 0.000000 0.000000 0.000000 0.000000 0.000000 0.000000 0.000000 0.000001 0.000002 0.000004 0.000009 0.000021 0.000047 0.000103 0.000222 0.000471 0.000976 0.001982 0.003939 0.007664 0.014596 0.027202 0.049612 0.088537 0.154588 0.264058 0.441221 0.721120 1.152699 1.801959 2.754597 4.117382 6.017286 8.597350 12.008324 16.395512 21.880885 28.541467 36.386071 45.333503 55.196087 65.672544 76.353609 86.742352 96.288969 104.437288 110.677800 114.600292 115.938542 114.600292 110.677800 104.437288 96.288969 86.742352 76.353609 65.672544 55.196087 45.333503 36.386071 28.541467 21.880885 16.395512 12.008324 8.597350 6.017286 4.117382 2.754597 1.801959 1.152699 0.721120 0.441221 0.264058 0.154588 0.088537 0.049612 0.027202 0.014596 0.007664 0.003939 0.001982 0.000976 0.000471 0.000222 0.000103 0.000047 0.000021 0.000009 0.000004 0.000002 0.000001 0.000000 0.000000 0.000000 0.000000 0.000000 0.000000 0.000000 0.000000 
0.000000 0.000000 0.000000 0.000000 0.000000 0.000000 0.000000 0.000000 0.000000 0.000001 0.000002 0.000005 0.000011 0.000026 0.000059 0.000130 0.000280 0.000593 0.001229 0.002494 0.004953 0.009630 0.018328 0.034137 0.062223 0.110978 0.193661 0.330623 0.552161 0.901994 1.441146 2.251863 3.440884 5.141120 7.510547 10.727034 14.977918 20.443624 27.275427 35.568594 45.333503 56.468611 68.740058 81.772880 95.058065 107.977847 119.848945 129.980331 137.739059 142.615602 144.279310 142.615602 137.739059 129.980331 119.848945 107.977847 95.058065 81.772880 68.740058 56.468611 45.333503 35.568594 27.275427 20.443624 14.977918 10.727034 7.510547 5.141120 3.440884 2.251863 1.441146 0.901994 0.552161 0.330623 0.193661 0.110978 0.062223 0.034137 0.018328 0.009630 0.004953 0.002494 0.001229 0.000593 0.000280 0.000130 0.000059 0.000026 0.000011 0.000005 0.000002 0.000001 0.000000 0.000000 0.000000 0.000000 0.000000 0.000000 0.000000 0.000000 
0.000000 0.000000 0.000000 0.000000 0.000000 0.000000 0.000000 0.000000 0.000000 0.000001 0.000002 0.000006 0.000014 0.000032 0.000072 0.000160 0.000345 0.000729 0.001511 0.003063 0.006080 0.011815 0.022473 0.041834 0.076211 0.135855 0.236955 0.404340 0.674963 1.102113 1.760140 2.749203 4.199226 6.271909 9.159363 13.077773 18.254704 24.909173 33.224613 43.316256 55.196087 68.740058 83.663389 99.509982 115.661059 131.365936 145.794558 158.107628 167.536522 173.462556 175.484271 173.462556 167.536522 158.107628 145.794558 131.365936 115.661059 99.509982 83.663389 68.740058 55.196087 43.316256 33.224613 24.909173 18.254704 13.077773 9.159363 6.271909 4.199226 2.749203 1.760140 1.102113 0.674963 0.404340 0.236955 0.135855 0.076211 0.041834 0.022473 0.011815 0.006080 0.003063 0.001511 0.000729 0.000345 0.000160 0.000072 0.000032 0.000014 0.000006 0.000002 0.000001 0.000000 0.000000 0.000000 0.000000 0.000000 0.000000 0.000000 0.000000 
0.000000 0.000000 0.000000 0.000000 0.000000 0.000000 0.000000 0.000000 0.000000 0.000001 0.000003 0.000007 0.000017 0.000039 0.000087 0.000192 0.000414 0.000876 0.001812 0.003673 0.007287 0.014153 0.026905 0.050060 0.091152 0.162416 0.283156 0.482974 0.805897 1.315395 2.099982 3.278846 5.006531 7.475302 10.913478 15.577882 21.738718 29.655876 39.546816 51.547848 65.672544 81.772880 99.509982 118.341646 137.532671 156.191444 173.332328 187.958902 199.158770 206.197596 208.598905 206.197596 199.158770 187.958902 173.332328 156.191444 137.532671 118.341646 99.509982 81.772880 65.672544 51.547848 39.546816 29.655876 21.738718 15.577882 10.913478 7.475302 5.006531 3.278846 2.099982 1.315395 0.805897 0.482974 0.283156 0.162416 0.091152 0.050060 0.026905 0.014153 0.007287 0.003673 0.001812 0.000876 0.000414 0.000192 0.000087 0.000039 0.000017 0.000007 0.000003 0.000001 0.000000 0.000000 0.000000 0.000000 0.000000 0.000000 0.000000 0.000000 
