0.000000 0.000000 0.000000 0.000000 0.000000 0.000000 0.000000 0.000000 0.000000 0.000000 0.000000 0.000000 0.000000 0.000000 0.000000 0.000000 0.000000 0.000000 0.000000 0.000000 0.000000 0.000000 0.000000 0.000000 0.000000 0.000000 0.000000 0.000000 0.000000 0.000000 0.000000 0.000000 0.000000 0.000000 0.000000 0.000000 0.000000 0.000000 0.000000 0.000000 0.000000 0.000000 0.000000 0.000000 0.000000 0.000000 0.000000 0.000000 0.000000 0.000000 0.000000 0.000000 0.000000 0.000000 0.000000 0.000000 0.000000 0.000000 0.000000 0.000000 0.000000 0.000000 0.000000 0.000000 0.000000 0.000000 0.000000 0.000000 0.000000 0.000000 0.000000 0.000000 0.000000 0.000000 0.000000 0.000000 0.000000 0.000000 0.000000 0.000000 0.000000 0.000000 0.000000 0.000000 0.000000 0.000000 0.000000 0.000000 0.000000 0.000000 0.000000 0.000000 0.000000 0.000000 0.000000 0.000000 0.000000 0.000000 0.000000 0.000000 
0.000000 0.000000 0.000000 0.000000 0.000000 0.000000 0.000000 0.000000 0.000000 0.000000 0.000000 0.000000 0.000000 0.000000 0.000000 0.000000 0.000000 0.000000 0.000000 0.000000 0.000000 0.000000 0.000000 0.000000 0.000000 0.000000 0.000000 0.000000 0.000000 0.000000 0.000000 0.000000 0.000000 0.000000 0.000000 0.000000 0.000000 0.000000 0.000000 0.000000 0.000000 0.000000 0.000000 0.000000 0.000000 0.000000 0.000000 0.000000 0.000000 0.000000 0.000000 0.000000 0.000000 0.000000 0.000000 0.000000 0.000000 0.000000 0.000000 0.000000 0.000000 0.000000 0.000000 0.000000 0.000000 0.000000 0.000000 0.000000 0.000000 0.000000 0.000000 0.000000 0.000000 0.000000 0.000000 0.000000 0.000000 0.000000 0.000000 0.000000 0.000000 0.000000 0.000000 0.000000 0.000000 0.000000 0.000000 0.000000 0.000000 0.000000 0.000000 0.000000 0.000000 0.000000 0.000000 0.000000 0.000000 0.000000 0.000000 0.000000 
0.000000 0.000000 0.000000 0.000000 0.000000 0.000000 0.000000 0.000000 0.000000 0.000000 0.000000 0.000000 0.000000 0.000000 0.000000 0.000000 0.000000 0.000000 0.000000 0.000000 0.000000 0.000000 0.000000 0.000000 0.000000 0.000000 0.000000 0.000000 0.000000 0.000000 0.000000 0.000000 0.000000 0.000000 0.000000 0.000000 0.000000 0.000000 0.000000 0.000000 0.000000 0.000000 0.000000 0.000000 0.000000 0.000000 0.000000 0.000000 0.000000 0.000000 0.000000 0.000000 0.000000 0.000000 0.000000 0.000000 0.000000 0.000000 0.000000 0.000000 0.000000 0.000000 0.000000 0.000000 0.000000 0.000000 0.000000 0.000000 0.000000 0.000000 0.000000 0.000000 0.000000 0.000000 0.000000 0.000000 0.000000 0.000000 0.000000 0.000000 0.000000 0.000000 0.000000 0.000000 0.000000 0.000000 0.000000 0.000000 0.000000 0.000000 0.000000 0.000000 0.000000 0.000000 0.000000 0.000000 0.000000 0.000000 0.000000 0.000000 
0.000000 0.000000 0.000000 0.000000 0.000000 0.000000 0.000000 0.000000 0.000000 0.000000 0.000000 0.000000 0.000000 0.000000 0.000000 0.000000 0.000000 0.000000 0.000000 0.000000 0.000000 0.000000 0.000000 0.000000 0.000000 0.000000 0.000000 0.000000 0.000000 0.000000 0.000000 0.000000 0.000000 0.000000 0.000000 0.000000 0.000000 0.000000 0.000000 0.000000 0.000000 0.000000 0.000000 0.000000 0.000000 0.000000 0.000000 0.000000 0.000000 0.000000 0.000000 0.000000 0.000000 0.000000 0.000000 0.000000 0.000000 0.000000 0.000000 0.000000 0.000000 0.000000 0.000000 0.000000 0.000000 0.000000 0.000000 0.000000 0.000000 0.000000 0.000000 0.000000 0.000000 0.000000 0.000000 0.000000 0.000000 0.000000 0.000000 0.000000 0.000000 0.000000 0.000000 0.000000 0.000000 0.000000 0.000000 0.000000 0.000000 0.000000 0.000000 0.000000 0.000000 0.000000 0.000000 0.000000 0.000000 0.000000 0.000000 0.000000 
0.000000 0.000000 0.000000 0.000000 0.000000 0.000000 0.000000 0.000000 0.000000 0.000000 0.000000 0.000000 0.000000 0.000000 0.000000 0.000000 0.000000 0.000000 0.000000 0.000000 0.000000 0.000000 0.000000 0.000000 0.000000 0.000000 0.000000 0.000000 0.000000 0.000000 0.000000 0.000000 0.000000 0.000000 0.000000 0.000000 0.000000 0.000000 0.000000 0.000000 0.000000 0.000000 0.000000 0.000000 0.000000 0.000000 0.000000 0.000000 0.000000 0.000000 0.000000 0.000000 0.000000 0.000000 0.000000 0.000000 0.000000 0.000000 0.000000 0.000000 0.000000 0.000000 0.000000 0.000000 0.000000 0.000000 0.000000 0.000000 0.000000 0.000000 0.000000 0.000000 0.000000 0.000000 0.000000 0.000000 0.000000 0.000000 0.000000 0.000000 0.000000 0.000000 0.000000 0.000000 0.000000 0.000000 0.000000 0.000000 0.000000 0.000000 0.000000 0.000000 0.000000 0.000000 0.000000 0.000000 0.000000 0.000000 0.000000 0.000000 
0.000000 0.000000 0.000000 0.000000 0.000000 0.000000 0.000000 0.000000 0.000000 0.000000 0.000000 0.000000 0.000000 0.000000 0.000000 0.000000 0.000000 0.000000 0.000000 0.000000 0.000000 0.000000 0.000000 0.000000 0.000000 0.000000 0.000000 0.000000 0.000000 0.000000 0.000000 0.000000 0.000000 0.000000 0.000000 0.000000 0.000000 0.000000 0.000000 0.000000 0.000000 0.000000 0.000000 0.000000 0.000000 0.000000 0.000000 0.000000 0.000000 0.000000 0.000000 0.000000 0.000000 0.000000 0.000000 0.000000 0.000000 0.000000 0.000000 0.000000 0.000000 0.000000 0.000000 0.000000 0.000000 0.000000 0.000000 0.000000 0.000000 0.000000 0.000000 0.000000 0.000000 0.000000 0.000000 0.000000 0.000000 0.000000 0.000000 0.000000 0.000000 0.000000 0.000000 0.000000 0.000000 0.000000 0.000000 0.000000 0.000000 0.000000 0.000000 0.000000 0.000000 0.000000 0.000000 0.000000 0.000000 0.000000 0.000000 0.000000 
0.000000 0.000000 0.000000 0.000000 0.000000 0.000000 0.000000 0.000000 0.000000 0.000000 0.000000 0.000000 0.000000 0.000000 0.000000 0.000000 0.000000 0.000000 0.000000 0.000000 0.000000 0.000000 0.000000 0.000000 0.000000 0.000000 0.000000 0.000000 0.000000 0.000000 0.000000 0.000000 0.000000 0.000000 0.000000 0.000000 0.000000 0.000000 0.000000 0.000000 0.000000 0.000000 0.000000 0.000000 0.000000 0.000000 0.000000 0.000000 0.000000 0.000000 0.000000 0.000000 0.000000 0.000000 0.000000 0.000000 0.000000 0.000000 0.000000 0.000000 0.000000 0.000000 0.000000 0.000000 0.000000 0.000000 0.000000 0.000000 0.000000 0.000000 0.000000 0.000000 0.000000 0.000000 0.000000 0.000000 0.000000 0.000000 0.000000 0.000000 0.000000 0.000000 0.000000 0.000000 0.000000 0.000000 0.000000 0.000000 0.000000 0.000000 0.000000 0.000000 0.000000 0.000000 0.000000 0.000000 0.000000 0.000000 0.000000 0.000000 
0.000000 0.000000 0.000000 0.000000 0.000000 0.000000 0.000000 0.000000 0.000000 0.000000 0.000000 0.000000 0.000000 0.000000 0.000000 0.000000 0.000000 0.000000 0.000000 0.000000 0.000000 0.000000 0.000000 0.000000 0.000000 0.000000 0.000000 0.000000 0.000000 0.000000 0.000000 0.000000 0.000000 0.000000 0.000000 0.000000 0.000000 0.000000 0.000000 0.000000 0.000000 0.000000 0.000000 0.000000 0.000000 0.000000 0.000000 0.000000 0.000000 0.000000 0.000000 0.000000 0.000000 0.000000 0.000000 0.000000 0.000000 0.000000 0.000000 0.000000 0.000000 0.000000 0.000000 0.000000 0.000000 0.000000 0.000000 0.000000 0.000000 0.000000 0.000000 0.000000 0.000000 0.000000 0.000000 0.000000 0.000000 0.000000 0.000000 0.000000 0.000000 0.000000 0.000000 0.000000 0.000000 0.000000 0.000000 0.000000 0.000000 0.000000 0.000000 0.000000 0.000000 0.000000 0.000000 0.000000 0.000000 0.000000 0.000000 0.000000 
0.000000 0.000000 0.000000 0.000000 0.000000 0.000000 0.000000 0.000000 0.000000 0.000000 0.000000 0.000000 0.000000 0.000000 0.000000 0.000000 0.000000 0.000000 0.000000 0.000000 0.000000 0.000000 0.000000 0.000000 0.000000 0.000000 0.000000 0.000000 0.000000 0.000000 0.000000 0.000000 0.000000 0.000000 0.000000 0.000000 0.000000 0.000000 0.000000 0.000000 0.000000 0.000000 0.000000 0.000000 0.000000 0.000000 0.000000 0.000000 0.000000 0.000000 0.000000 0.000000 0.000000 0.000000 0.000000 0.000000 0.000000 0.000000 0.000000 0.000000 0.000000 0.000000 0.000000 0.000000 0.000000 0.000000 0.000000 0.000000 0.000000 0.000000 0.000000 0.000000 0.000000 0.000000 0.000000 0.000000 0.000000 0.000000 0.000000 0.000000 0.000000 0.000000 0.000000 0.000000 0.000000 0.000000 0.000000 0.000000 0.000000 0.000000 0.000000 0.000000 0.000000 0.000000 0.000000 0.000000 0.000000 0.000000 0.000000 0.000000 
0.000000 0.000000 0.000000 0.000000 0.000000 0.000000 0.000000 0.000000 0.000000 0.000000 0.000000 0.000000 0.000000 0.000000 0.000000 0.000000 0.000000 0.000000 0.000000 0.000000 0.000000 0.000000 0.000000 0.000000 0.000000 0.000000 0.000000 0.000000 0.000000 0.000000 0.000000 0.000000 0.000000 0.000000 0.000000 0.000000 0.000000 0.000000 0.000000 0.000000 0.000000 0.000000 0.000000 0.000000 0.000000 0.000000 0.000000 0.000000 0.000000 0.000000 0.000000 0.000000 0.000000 0.000000 0.000000 0.000000 0.000000 0.000000 0.000000 0.000000 0.000000 0.000000 0.000000 0.000000 0.000000 0.000000 0.000000 0.000000 0.000000 0.000000 0.000000 0.000000 0.000000 0.000000 0.000000 0.000000 0.000000 0.000000 0.000000 0.000000 0.000000 0.000000 0.000000 0.000000 0.000000 0.000000 0.000000 0.000000 0.000000 0.000000 0.000000 0.000000 0.000000 0.000000 0.000000 0.000000 0.000000 0.000000 0.000000 0.000000 
0.000000 0.000000 0.000000 0.000000 0.000000 0.000000 0.000000 0.000000 0.000000 0.000000 0.000000 0.000000 0.000000 0.000000 0.000000 0.000000 0.000000 0.000000 0.000000 0.000000 0.000000 0.000000 0.000000 0.000000 0.000000 0.000000 0.000000 0.000000 0.000000 0.000000 0.000000 0.000000 0.000000 0.000000 0.000000 0.000000 0.000000 0.000000 0.000000 0.000000 0.000000 0.000000 0.000000 0.000000 0.000000 0.000000 0.000000 0.000000 0.000000 0.000000 0.000000 0.000000 0.000000 0.000000 0.000000 0.000000 0.000000 0.000000 0.000000 0.000000 0.000000 0.000000 0.000000 0.000000 0.000000 0.000000 0.000000 0.000000 0.000000 0.000000 0.000000 0.000000 0.000000 0.000000 0.000000 0.000000 0.000000 0.000000 0.000000 0.000000 0.000000 0.000000 0.000000 0.000000 0.000000 0.000000 0.000000 0.000000 0.000000 0.000000 0.000000 0.000000 0.000000 0.000000 0.000000 0.000000 0.000000 0.000000 0.000000 0.000000 
0.000000 0.000000 0.000000 0.000000 0.000000 0.000000 0.000000 0.000000 0.000000 0.000000 0.000000 0.000000 0.000000 0.000000 0.000000 0.000000 0.000000 0.000000 0.000000 0.000000 0.000000 0.000000 0.000000 0.000000 0.000000 0.000000 0.000000 0.000000 0.000000 0.000000 0.000000 0.000000 0.000000 0.000000 0.000000 0.000000 0.000000 0.000000 0.000000 0.000000 0.000000 0.000000 0.000000 0.000000 0.000000 0.000000 0.000000 0.000000 0.000000 0.000000 0.000000 0.000000 0.000000 0.000000 0.000000 0.000000 0.000000 0.000000 0.000000 0.000000 0.000000 0.000000 0.000000 0.000000 0.000000 0.000000 0.000000 0.000000 0.000000 0.000000 0.000000 0.000000 0.000000 0.000000 0.000000 0.000000 0.000000 0.000000 0.000000 0.000000 0.000000 0.000000 0.000000 0.000000 0.000000 0.000000 0.000000 0.000000 0.000000 0.000000 0.000000 0.000000 0.000000 0.000000 0.000000 0.000000 0.000000 0.000000 0.000000 0.000000 
0.000000 0.000000 0.000000 0.000000 0.000000 0.000000 0.000000 0.000000 0.000000 0.000000 0.000000 0.000000 0.000000 0.000000 0.000000 0.000000 0.000000 0.000000 0.000000 0.000000 0.000000 0.000000 0.000000 0.000000 0.000000 0.000000 0.000000 0.000000 0.000000 0.000000 0.000000 0.000000 0.000000 0.000000 0.000000 0.000000 0.000000 0.000000 0.000000 0.000000 0.000000 0.000000 0.000000 0.000000 0.000000 0.000000 0.000000 0.000000 0.000000 0.000000 0.000000 0.000000 0.000000 0.000000 0.000000 0.000000 0.000000 0.000000 0.000000 0.000000 0.000000 0.000000 0.000000 0.000000 0.000000 0.000000 0.000000 0.000000 0.000000 0.000000 0.000000 0.000000 0.000000 0.000000 0.000000 0.000000 0.000000 0.000000 0.000000 0.000000 0.000000 0.000000 0.000000 0.000000 0.000000 0.000000 0.000000 0.000000 0.000000 0.000000 0.000000 0.000000 0.000000 0.000000 0.000000 0.000000 0.000000 0.000000 0.000000 0.000000 
0.000000 0.000000 0.000000 0.000000 0.000000 0.000000 0.000000 0.000000 0.000000 0.000000 0.000000 0.000000 0.000000 0.000000 0.000000 0.000000 0.000000 0.000000 0.000000 0.000000 0.000000 0.000000 0.000000 0.000000 0.000000 0.000000 0.000000 0.000000 0.000000 0.000000 0.000000 0.000000 0.000000 0.000000 0.000000 0.000000 0.000000 0.000000 0.000000 0.000000 0.000000 0.000000 0.000000 0.000000 0.000000 0.000000 0.000001 0.000001 0.000001 0.000001 0.000001 0.000001 0.000001 0.000001 0.000001 0.000000 0.000000 0.000000 0.000000 0.000000 0.000000 0.000000 0.000000 0.000000 0.000000 0.000000 0.000000 0.000000 0.000000 0.000000 0.000000 0.000000 0.000000 0.000000 0.000000 0.000000 0.000000 0.000000 0.000000 0.000000 0.000000 0.000000 0.000000 0.000000 0.000000 0.000000 0.000000 0.000000 0.000000 0.000000 0.000000 0.000000 0.000000 0.000000 0.000000 0.000000 0.000000 0.000000 0.000000 0.000000 
0.000000 0.000000 0.000000 0.000000 0.000000 0.000000 0.000000 0.000000 0.000000 0.000000 0.000000 0.000000 0.000000 0.000000 0.000000 0.000000 0.000000 0.000000 0.000000 0.000000 0.000000 0.000000 0.000000 0.000000 0.000000 0.000000 0.000000 0.000000 0.000000 0.000000 0.000000 0.000000 0.000000 0.000000 0.000000 0.000000 0.000000 0.000000 0.000000 0.000000 0.000000 0.000001 0.000001 0.000001 0.000001 0.000001 0.000002 0.000002 0.000002 0.000002 0.000002 0.000002 0.000002 0.000002 0.000002 0.000001 0.000001 0.000001 0.000001 0.000001 0.000000 0.000000 0.000000 0.000000 0.000000 0.000000 0.000000 0.000000 0.000000 0.000000 0.000000 0.000000 0.000000 0.000000 0.000000 0.000000 0.000000 0.000000 0.000000 0.000000 0.000000 0.000000 0.000000 0.000000 0.000000 0.000000 0.000000 0.000000 0.000000 0.000000 0.000000 0.000000 0.000000 0.000000 0.000000 0.000000 0.000000 0.000000 0.000000 0.000000 
0.000000 0.000000 0.000000 0.000000 0.000000 0.000000 0.000000 0.000000 0.000000 0.000000 0.000000 0.000000 0.000000 0.000000 0.000000 0.000000 0.000000 0.000000 0.000000 0.000000 0.000000 0.000000 0.000000 0.000000 0.000000 0.000000 0.000000 0.000000 0.000000 0.000000 0.000000 0.000000 0.000000 0.000000 0.000000 0.000000 0.000000 0.000000 0.000001 0.000001 0.000001 0.000001 0.000002 0.000003 0.000003 0.000004 0.000005 0.000005 0.000006 0.000006 0.000006 0.000006 0.000006 0.000005 0.000005 0.000004 0.000003 0.000003 0.000002 0.000001 0.000001 0.000001 0.000001 0.000000 0.000000 0.000000 0.000000 0.000000 0.000000 0.000000 0.000000 0.000000 0.000000 0.000000 0.000000 0.000000 0.000000 0.000000 0.000000 0.000000 0.000000 0.000000 0.000000 0.000000 0.000000 0.000000 0.000000 0.000000 0.000000 0.000000 0.000000 0.000000 0.000000 0.000000 0.000000 0.000000 0.000000 0.000000 0.000000 0.000000 
0.000000 0.000000 0.000000 0.000000 0.000000 0.000000 0.000000 0.000000 0.000000 0.000000 0.000000 0.000000 0.000000 0.000000 0.000000 0.000000 0.000000 0.000000 0.000000 0.000000 0.000000 0.000000 0.000000 0.000000 0.000000 0.000000 0.000000 0.000000 0.000000 0.000000 0.000000 0.000000 0.000000 0.000000 0.000000 0.000000 0.000001 0.000001 0.000001 0.000002 0.000003 0.000004 0.000005 0.000007 0.000009 0.000011 0.000012 0.000014 0.000015 0.000016 0.000016 0.000016 0.000015 0.000014 0.000012 0.000011 0.000009 0.000007 0.000005 0.000004 0.000003 0.000002 0.000001 0.000001 0.000001 0.000000 0.000000 0.000000 0.000000 0.000000 0.000000 0.000000 0.000000 0.000000 0.000000 0.000000 0.000000 0.000000 0.000000 0.000000 0.000000 0.000000 0.000000 0.000000 0.000000 0.000000 0.000000 0.000000 0.000000 0.000000 0.000000 0.000000 0.000000 0.000000 0.000000 0.000000 0.000000 0.000000 0.000000 0.000000 
0.000000 0.000000 0.000000 0.000000 0.000000 0.000000 0.000000 0.000000 0.000000 0.000000 0.000000 0.000000 0.000000 0.000000 0.000000 0.000000 0.000000 0.000000 0.000000 0.000000 0.000000 0.000000 0.000000 0.000000 0.000000 0.000000 0.000000 0.000000 0.000000 0.000000 0.000000 0.000000 0.000000 0.000000 0.000001 0.000001 0.000002 0.000002 0.000004 0.000006 0.000008 0.000011 0.000015 0.000019 0.000023 0.000028 0.000033 0.000037 0.000040 0.000042 0.000043 0.000042 0.000040 0.000037 0.000033 0.000028 0.000023 0.000019 0.000015 0.000011 0.000008 0.000006 0.000004 0.000002 0.000002 0.000001 0.000001 0.000000 0.000000 0.000000 0.000000 0.000000 0.000000 0.000000 0.000000 0.000000 0.000000 0.000000 0.000000 0.000000 0.000000 0.000000 0.000000 0.000000 0.000000 0.000000 0.000000 0.000000 0.000000 0.000000 0.000000 0.000000 0.000000 0.000000 0.000000 0.000000 0.000000 0.000000 0.000000 0.000000 
0.000000 0.000000 0.000000 0.000000 0.000000 0.000000 0.000000 0.000000 0.000000 0.000000 0.000000 0.000000 0.000000 0.000000 0.000000 0.000000 0.000000 0.000000 0.000000 0.000000 0.000000 0.000000 0.000000 0.000000 0.000000 0.000000 0.000000 0.000000 0.000000 0.000000 0.000000 0.000000 0.000000 0.000001 0.000002 0.000003 0.000004 0.000007 0.000010 0.000014 0.000021 0.000028 0.000038 0.000048 0.000060 0.000072 0.000084 0.000095 0.000103 0.000108 0.000110 0.000108 0.000103 0.000095 0.000084 0.000072 0.000060 0.000048 0.000038 0.000028 0.000021 0.000014 0.000010 0.000007 0.000004 0.000003 0.000002 0.000001 0.000000 0.000000 0.000000 0.000000 0.000000 0.000000 0.000000 0.000000 0.000000 0.000000 0.000000 0.000000 0.000000 0.000000 0.000000 0.000000 0.000000 0.000000 0.000000 0.000000 0.000000 0.000000 0.000000 0.000000 0.000000 0.000000 0.000000 0.000000 0.000000 0.000000 0.000000 0.000000 
0.000000 0.000000 0.000000 0.000000 0.000000 0.000000 0.000000 0.000000 0.000000 0.000000 0.000000 0.000000 0.000000 0.000000 0.000000 0.000000 0.000000 0.000000 0.000000 0.000000 0.000000 0.000000 0.000000 0.000000 0.000000 0.000000 0.000000 0.000000 0.000000 0.000000 0.000000 0.000001 0.000001 0.000002 0.000004 0.000007 0.000011 0.000017 0.000025 0.000037 0.000052 0.000071 0.000095 0.000122 0.000151 0.000182 0.000212 0.000238 0.000259 0.000272 0.000277 0.000272 0.000259 0.000238 0.000212 0.000182 0.000151 0.000122 0.000095 0.000071 0.000052 0.000037 0.000025 0.000017 0.000011 0.000007 0.000004 0.000002 0.000001 0.000001 0.000000 0.000000 0.000000 0.000000 0.000000 0.000000 0.000000 0.000000 0.000000 0.000000 0.000000 0.000000 0.000000 0.000000 0.000000 0.000000 0.000000 0.000000 0.000000 0.000000 0.000000 0.000000 0.000000 0.000000 0.000000 0.000000 0.000000 0.000000 0.000000 0.000000 
0.000000 0.000000 0.000000 0.000000 0.000000 0.000000 0.000000 0.000000 0.000000 0.000000 0.000000 0.000000 0.000000 0.000000 0.000000 0.000000 0.000000 0.000000 0.000000 0.000000 0.000000 0.000000 0.000000 0.000000 0.000000 0.000000 0.000000 0.000000 0.000000 0.000000 0.000001 0.000002 0.000003 0.000006 0.000010 0.000016 0.000026 0.000041 0.000062 0.000091 0.000128 0.000176 0.000233 0.000299 0.000371 0.000445 0.000517 0.000581 0.000632 0.000664 0.000675 0.000664 0.000632 0.000581 0.000517 0.000445 0.000371 0.000299 0.000233 0.000176 0.000128 0.000091 0.000062 0.000041 0.000026 0.000016 0.000010 0.000006 0.000003 0.000002 0.000001 0.000000 0.000000 0.000000 0.000000 0.000000 0.000000 0.000000 0.000000 0.000000 0.000000 0.000000 0.000000 0.000000 0.000000 0.000000 0.000000 0.000000 0.000000 0.000000 0.000000 0.000000 0.000000 0.000000 0.000000 0.000000 0.000000 0.000000 0.000000 0.000000 
0.000000 0.000000 0.000000 0.000000 0.000000 0.000000 0.000000 0.000000 0.000000 0.000000 0.000000 0.000000 0.000000 0.000000 0.000000 0.000000 0.000000 0.000000 0.000000 0.000000 0.000000 0.000000 0.000000 0.000000 0.000000 0.000000 0.000000 0.000000 0.000001 0.000001 0.000002 0.000004 0.000008 0.000014 0.000024 0.000040 0.000064 0.000099 0.000149 0.000217 0.000307 0.000420 0.000556 0.000713 0.000884 0.001060 0.001231 0.001382 0.001501 0.001578 0.001604 0.001578 0.001501 0.001382 0.001231 0.001060 0.000884 0.000713 0.000556 0.000420 0.000307 0.000217 0.000149 0.000099 0.000064 0.000040 0.000024 0.000014 0.000008 0.000004 0.000002 0.000001 0.000001 0.000000 0.000000 0.000000 0.000000 0.000000 0.000000 0.000000 0.000000 0.000000 0.000000 0.000000 0.000000 0.000000 0.000000 0.000000 0.000000 0.000000 0.000000 0.000000 0.000000 0.000000 0.000000 0.000000 0.000000 0.000000 0.000000 0.000000 
0.000000 0.000000 0.000000 0.000000 0.000000 0.000000 0.000000 0.000000 0.000000 0.000000 0.000000 0.000000 0.000000 0.000000 0.000000 0.000000 0.000000 0.000000 0.000000 0.000000 0.000000 0.000000 0.000000 0.000000 0.000000 0.000000 0.000000 0.000001 0.000001 0.000003 0.000005 0.000010 0.000019 0.000033 0.000056 0.000093 0.000149 0.000232 0.000349 0.000508 0.000716 0.000978 0.001293 0.001655 0.002050 0.002457 0.002850 0.003199 0.003474 0.003650 0.003711 0.003650 0.003474 0.003199 0.002850 0.002457 0.002050 0.001655 0.001293 0.000978 0.000716 0.000508 0.000349 0.000232 0.000149 0.000093 0.000056 0.000033 0.000019 0.000010 0.000005 0.000003 0.000001 0.000001 0.000000 0.000000 0.000000 0.000000 0.000000 0.000000 0.000000 0.000000 0.000000 0.000000 0.000000 0.000000 0.000000 0.000000 0.000000 0.000000 0.000000 0.000000 0.000000 0.000000 0.000000 0.000000 0.000000 0.000000 0.000000 0.000000 
0.000000 0.000000 0.000000 0.000000 0.000000 0.000000 0.000000 0.000000 0.000000 0.000000 0.000000 0.000000 0.000000 0.000000 0.000000 0.000000 0.000000 0.000000 0.000000 0.000000 0.000000 0.000000 0.000000 0.000000 0.000000 0.000000 0.000001 0.000002 0.000003 0.000007 0.000013 0.000024 0.000043 0.000076 0.000129 0.000213 0.000341 0.000528 0.000793 0.001154 0.001625 0.002216 0.002925 0.003739 0.004627 0.005541 0.006423 0.007205 0.007821 0.008216 0.008353 0.008216 0.007821 0.007205 0.006423 0.005541 0.004627 0.003739 0.002925 0.002216 0.001625 0.001154 0.000793 0.000528 0.000341 0.000213 0.000129 0.000076 0.000043 0.000024 0.000013 0.000007 0.000003 0.000002 0.000001 0.000000 0.000000 0.000000 0.000000 0.000000 0.000000 0.000000 0.000000 0.000000 0.000000 0.000000 0.000000 0.000000 0.000000 0.000000 0.000000 0.000000 0.000000 0.000000 0.000000 0.000000 0.000000 0.000000 0.000000 0.000000 
0.000000 0.000000 0.000000 0.000000 0.000000 0.000000 0.000000 0.000000 0.000000 0.000000 0.000000 0.000000 0.000000 0.000000 0.000000 0.000000 0.000000 0.000000 0.000000 0.000000 0.000000 0.000000 0.000000 0.000000 0.000000 0.000001 0.000002 0.000004 0.000008 0.000015 0.000029 0.000053 0.000097 0.000169 0.000288 0.000474 0.000757 0.001171 0.001755 0.002549 0.003584 0.004880 0.006436 0.008218 0.010158 0.012156 0.014080 0.015787 0.017131 0.017993 0.018289 0.017993 0.017131 0.015787 0.014080 0.012156 0.010158 0.008218 0.006436 0.004880 0.003584 0.002549 0.001755 0.001171 0.000757 0.000474 0.000288 0.000169 0.000097 0.000053 0.000029 0.000015 0.000008 0.000004 0.000002 0.000001 0.000000 0.000000 0.000000 0.000000 0.000000 0.000000 0.000000 0.000000 0.000000 0.000000 0.000000 0.000000 0.000000 0.000000 0.000000 0.000000 0.000000 0.000000 0.000000 0.000000 0.000000 0.000000 0.000000 0.000000 
0.000000 0.000000 0.000000 0.000000 0.000000 0.000000 0.000000 0.000000 0.000000 0.000000 0.000000 0.000000 0.000000 0.000000 0.000000 0.000000 0.000000 0.000000 0.000000 0.000000 0.000000 0.000000 0.000000 0.000000 0.000001 0.000002 0.000004 0.000008 0.000017 0.000033 0.000063 0.000117 0.000211 0.000368 0.000624 0.001026 0.001635 0.002525 0.003777 0.005475 0.007688 0.010455 0.013771 0.017564 0.021692 0.025937 0.030024 0.033646 0.036498 0.038325 0.038954 0.038325 0.036498 0.033646 0.030024 0.025937 0.021692 0.017564 0.013771 0.010455 0.007688 0.005475 0.003777 0.002525 0.001635 0.001026 0.000624 0.000368 0.000211 0.000117 0.000063 0.000033 0.000017 0.000008 0.000004 0.000002 0.000001 0.000000 0.000000 0.000000 0.000000 0.000000 0.000000 0.000000 0.000000 0.000000 0.000000 0.000000 0.000000 0.000000 0.000000 0.000000 0.000000 0.000000 0.000000 0.000000 0.000000 0.000000 0.000000 0.000000 
0.000000 0.000000 0.000000 0.000000 0.000000 0.000000 0.000000 0.000000 0.000000 0.000000 0.000000 0.000000 0.000000 0.000000 0.000000 0.000000 0.000000 0.000000 0.000000 0.000000 0.000000 0.000000 0.000000 0.000001 0.000002 0.000004 0.000008 0.000018 0.000036 0.000070 0.000134 0.000248 0.000446 0.000778 0.001316 0.002159 0.003433 0.005291 0.007902 0.011436 0.016034 0.021778 0.028651 0.036506 0.045044 0.053819 0.062262 0.069738 0.075625 0.079394 0.080691 0.079394 0.075625 0.069738 0.062262 0.053819 0.045044 0.036506 0.028651 0.021778 0.016034 0.011436 0.007902 0.005291 0.003433 0.002159 0.001316 0.000778 0.000446 0.000248 0.000134 0.000070 0.000036 0.000018 0.000008 0.000004 0.000002 0.000001 0.000000 0.000000 0.000000 0.000000 0.000000 0.000000 0.000000 0.000000 0.000000 0.000000 0.000000 0.000000 0.000000 0.000000 0.000000 0.000000 0.000000 0.000000 0.000000 0.000000 0.000000 0.000000 
0.000000 0.000000 0.000000 0.000000 0.000000 0.000000 0.000000 0.000000 0.000000 0.000000 0.000000 0.000000 0.000000 0.000000 0.000000 0.000000 0.000000 0.000000 0.000000 0.000000 0.000000 0.000000 0.000001 0.000002 0.000004 0.000008 0.000018 0.000036 0.000074 0.000145 0.000276 0.000511 0.000917 0.001597 0.002696 0.004413 0.007004 0.010775 0.016068 0.023218 0.032510 0.044101 0.057954 0.073768 0.090944 0.108581 0.125540 0.140550 0.152363 0.159925 0.162528 0.159925 0.152363 0.140550 0.125540 0.108581 0.090944 0.073768 0.057954 0.044101 0.032510 0.023218 0.016068 0.010775 0.007004 0.004413 0.002696 0.001597 0.000917 0.000511 0.000276 0.000145 0.000074 0.000036 0.000018 0.000008 0.000004 0.000002 0.000001 0.000000 0.000000 0.000000 0.000000 0.000000 0.000000 0.000000 0.000000 0.000000 0.000000 0.000000 0.000000 0.000000 0.000000 0.000000 0.000000 0.000000 0.000000 0.000000 0.000000 0.000000 
0.000000 0.000000 0.000000 0.000000 0.000000 0.000000 0.000000 0.000000 0.000000 0.000000 0.000000 0.000000 0.000000 0.000000 0.000000 0.000000 0.000000 0.000000 0.000000 0.000000 0.000000 0.000001 0.000001 0.000003 0.000008 0.000017 0.000036 0.000074 0.000149 0.000292 0.000555 0.001024 0.001833 0.003184 0.005364 0.008765 0.013885 0.021326 0.031751 0.045815 0.064064 0.086802 0.113946 0.144903 0.178493 0.212961 0.246082 0.275381 0.298432 0.313182 0.318260 0.313182 0.298432 0.275381 0.246082 0.212961 0.178493 0.144903 0.113946 0.086802 0.064064 0.045815 0.031751 0.021326 0.013885 0.008765 0.005364 0.003184 0.001833 0.001024 0.000555 0.000292 0.000149 0.000074 0.000036 0.000017 0.000008 0.000003 0.000001 0.000001 0.000000 0.000000 0.000000 0.000000 0.000000 0.000000 0.000000 0.000000 0.000000 0.000000 0.000000 0.000000 0.000000 0.000000 0.000000 0.000000 0.000000 0.000000 0.000000 0.000000 
0.000000 0.000000 0.000000 0.000000 0.000000 0.000000 0.000000 0.000000 0.000000 0.000000 0.000000 0.000000 0.000000 0.000000 0.000000 0.000000 0.000000 0.000000 0.000000 0.000000 0.000000 0.000001 0.000003 0.000007 0.000015 0.000033 0.000070 0.000145 0.000292 0.000570 0.001082 0.001991 0.003558 0.006167 0.010369 0.016910 0.026744 0.041009 0.060963 0.087845 0.122682 0.166034 0.217731 0.276632 0.340491 0.405969 0.468850 0.524450 0.568175 0.596149 0.605778 0.596149 0.568175 0.524450 0.468850 0.405969 0.340491 0.276632 0.217731 0.166034 0.122682 0.087845 0.060963 0.041009 0.026744 0.016910 0.010369 0.006167 0.003558 0.001991 0.001082 0.000570 0.000292 0.000145 0.000070 0.000033 0.000015 0.000007 0.000003 0.000001 0.000000 0.000000 0.000000 0.000000 0.000000 0.000000 0.000000 0.000000 0.000000 0.000000 0.000000 0.000000 0.000000 0.000000 0.000000 0.000000 0.000000 0.000000 0.000000 0.000000 
0.000000 0.000000 0.000000 0.000000 0.000000 0.000000 0.000000 0.000000 0.000000 0.000000 0.000000 0.000000 0.000000 0.000000 0.000000 0.000000 0.000000 0.000000 0.000000 0.000000 0.000001 0.000002 0.000005 0.000013 0.000029 0.000063 0.000134 0.000276 0.000555 0.001082 0.002047 0.003761 0.006704 0.011598 0.019465 0.031689 0.050033 0.076604 0.113714 0.163642 0.228260 0.308583 0.404266 0.513184 0.631173 0.752070 0.868105 0.970655 1.051276 1.102843 1.120590 1.102843 1.051276 0.970655 0.868105 0.752070 0.631173 0.513184 0.404266 0.308583 0.228260 0.163642 0.113714 0.076604 0.050033 0.031689 0.019465 0.011598 0.006704 0.003761 0.002047 0.001082 0.000555 0.000276 0.000134 0.000063 0.000029 0.000013 0.000005 0.000002 0.000001 0.000000 0.000000 0.000000 0.000000 0.000000 0.000000 0.000000 0.000000 0.000000 0.000000 0.000000 0.000000 0.000000 0.000000 0.000000 0.000000 0.000000 0.000000 0.000000 
0.000000 0.000000 0.000000 0.000000 0.000000 0.000000 0.000000 0.000000 0.000000 0.000000 0.000000 0.000000 0.000000 0.000000 0.000000 0.000000 0.000000 0.000000 0.000000 0.000001 0.000002 0.000004 0.000010 0.000024 0.000053 0.000117 0.000248 0.000511 0.001024 0.001991 0.003761 0.006894 0.012266 0.021180 0.035483 0.057668 0.090907 0.138979 0.206026 0.296111 0.412564 0.557158 0.729234 0.924939 1.136779 1.353697 1.561775 1.745591 1.890051 1.982431 2.014221 1.982431 1.890051 1.745591 1.561775 1.353697 1.136779 0.924939 0.729234 0.557158 0.412564 0.296111 0.206026 0.138979 0.090907 0.057668 0.035483 0.021180 0.012266 0.006894 0.003761 0.001991 0.001024 0.000511 0.000248 0.000117 0.000053 0.000024 0.000010 0.000004 0.000002 0.000001 0.000000 0.000000 0.000000 0.000000 0.000000 0.000000 0.000000 0.000000 0.000000 0.000000 0.000000 0.000000 0.000000 0.000000 0.000000 0.000000 0.000000 0.000000 
0.000000 0.000000 0.000000 0.000000 0.000000 0.000000 0.000000 0.000000 0.000000 0.000000 0.000000 0.000000 0.000000 0.000000 0.000000 0.000000 0.000000 0.000000 0.000000 0.000001 0.000003 0.000008 0.000019 0.000043 0.000097 0.000211 0.000446 0.000917 0.001833 0.003558 0.006704 0.012266 0.021784 0.037546 0.062795 0.101894 0.160385 0.244854 0.362506 0.520388 0.724248 0.977109 1.277746 1.619379 1.988908 2.367054 2.729601 3.049738 3.301254 3.462059 3.517390 3.462059 3.301254 3.049738 2.729601 2.367054 1.988908 1.619379 1.277746 0.977109 0.724248 0.520388 0.362506 0.244854 0.160385 0.101894 0.062795 0.037546 0.021784 0.012266 0.006704 0.003558 0.001833 0.000917 0.000446 0.000211 0.000097 0.000043 0.000019 0.000008 0.000003 0.000001 0.000000 0.000000 0.000000 0.000000 0.000000 0.000000 0.000000 0.000000 0.000000 0.000000 0.000000 0.000000 0.000000 0.000000 0.000000 0.000000 0.000000 0.000000 
0.000000 0.000000 0.000000 0.000000 0.000000 0.000000 0.000000 0.000000 0.000000 0.000000 0.000000 0.000000 0.000000 0.000000 0.000000 0.000000 0.000000 0.000000 0.000001 0.000002 0.000006 0.000014 0.000033 0.000076 0.000169 0.000368 0.000778 0.001597 0.003184 0.006167 0.011598 0.021180 0.037546 0.064603 0.107874 0.174776 0.274714 0.418839 0.619327 0.888053 1.234660 1.664153 2.174342 2.753641 3.379806 4.020191 4.633851 5.175511 5.600939 5.872879 5.966441 5.872879 5.600939 5.175511 4.633851 4.020191 3.379806 2.753641 2.174342 1.664153 1.234660 0.888053 0.619327 0.418839 0.274714 0.174776 0.107874 0.064603 0.037546 0.021180 0.011598 0.006167 0.003184 0.001597 0.000778 0.000368 0.000169 0.000076 0.000033 0.000014 0.000006 0.000002 0.000001 0.000000 0.000000 0.000000 0.000000 0.000000 0.000000 0.000000 0.000000 0.000000 0.000000 0.000000 0.000000 0.000000 0.000000 0.000000 0.000000 0.000000 
0.000000 0.000000 0.000000 0.000000 0.000000 0.000000 0.000000 0.000000 0.000000 0.000000 0.000000 0.000000 0.000000 0.000000 0.000000 0.000000 0.000000 0.000001 0.000002 0.000004 0.000010 0.000024 0.000056 0.000129 0.000288 0.000624 0.001316 0.002696 0.005364 0.010369 0.019465 0.035483 0.062795 0.107874 0.179853 0.290979 0.456748 0.695503 1.027226 1.471357 2.043618 2.752063 3.592908 4.546935 5.577467 6.630806 7.639711 8.529906 9.228880 9.675590 9.829269 9.675590 9.228880 8.529906 7.639711 6.630806 5.577467 4.546935 3.592908 2.752063 2.043618 1.471357 1.027226 0.695503 0.456748 0.290979 0.179853 0.107874 0.062795 0.035483 0.019465 0.010369 0.005364 0.002696 0.001316 0.000624 0.000288 0.000129 0.000056 0.000024 0.000010 0.000004 0.000002 0.000001 0.000000 0.000000 0.000000 0.000000 0.000000 0.000000 0.000000 0.000000 0.000000 0.000000 0.000000 0.000000 0.000000 0.000000 0.000000 0.000000 
0.000000 0.000000 0.000000 0.000000 0.000000 0.000000 0.000000 0.000000 0.000000 0.000000 0.000000 0.000000 0.000000 0.000000 0.000000 0.000000 0.000000 0.000001 0.000003 0.000007 0.000016 0.000040 0.000093 0.000213 0.000474 0.001026 0.002159 0.004413 0.008765 0.016910 0.031689 0.057668 0.101894 0.174776 0.290979 0.470130 0.737027 1.120966 1.653800 2.366442 3.283790 4.418446 5.764086 7.289777 8.936796 10.619369 12.230248 13.651084 14.766416 15.479089 15.724244 15.479089 14.766416 13.651084 12.230248 10.619369 8.936796 7.289777 5.764086 4.418446 3.283790 2.366442 1.653800 1.120966 0.737027 0.470130 0.290979 0.174776 0.101894 0.057668 0.031689 0.016910 0.008765 0.004413 0.002159 0.001026 0.000474 0.000213 0.000093 0.000040 0.000016 0.000007 0.000003 0.000001 0.000000 0.000000 0.000000 0.000000 0.000000 0.000000 0.000000 0.000000 0.000000 0.000000 0.000000 0.000000 0.000000 0.000000 0.000000 0.000000 
0.000000 0.000000 0.000000 0.000000 0.000000 0.000000 0.000000 0.000000 0.000000 0.000000 0.000000 0.000000 0.000000 0.000000 0.000000 0.000000 0.000001 0.000002 0.000004 0.000011 0.000026 0.000064 0.000149 0.000341 0.000757 0.001635 0.003433 0.007004 0.013885 0.026744 0.050033 0.090907 0.160385 0.274714 0.456748 0.737027 1.154072 1.753318 2.584070 3.694071 5.121624 6.885890 8.976654 11.345601 13.901447 16.511162 19.008640 21.210742 22.938924 24.043010 24.422776 24.043010 22.938924 21.210742 19.008640 16.511162 13.901447 11.345601 8.976654 6.885890 5.121624 3.694071 2.584070 1.753318 1.154072 0.737027 0.456748 0.274714 0.160385 0.090907 0.050033 0.026744 0.013885 0.007004 0.003433 0.001635 0.000757 0.000341 0.000149 0.000064 0.000026 0.000011 0.000004 0.000002 0.000001 0.000000 0.000000 0.000000 0.000000 0.000000 0.000000 0.000000 0.000000 0.000000 0.000000 0.000000 0.000000 0.000000 0.000000 0.000000 
0.000000 0.000000 0.000000 0.000000 0.000000 0.000000 0.000000 0.000000 0.000000 0.000000 0.000000 0.000000 0.000000 0.000000 0.000000 0.000000 0.000001 0.000002 0.000007 0.000017 0.000041 0.000099 0.000232 0.000528 0.001171 0.002525 0.005291 0.010775 0.021326 0.041009 0.076604 0.138979 0.244854 0.418839 0.695503 1.120966 1.753318 2.660964 3.918011 5.596055 7.752336 10.415160 13.568580 17.139362 20.989773 24.919510 28.678778 31.992407 34.592294 36.253030 36.824219 36.253030 34.592294 31.992407 28.678778 24.919510 20.989773 17.139362 13.568580 10.415160 7.752336 5.596055 3.918011 2.660964 1.753318 1.120966 0.695503 0.418839 0.244854 0.138979 0.076604 0.041009 0.021326 0.010775 0.005291 0.002525 0.001171 0.000528 0.000232 0.000099 0.000041 0.000017 0.000007 0.000002 0.000001 0.000000 0.000000 0.000000 0.000000 0.000000 0.000000 0.000000 0.000000 0.000000 0.000000 0.000000 0.000000 0.000000 0.000000 0.000000 
0.000000 0.000000 0.000000 0.000000 0.000000 0.000000 0.000000 0.000000 0.000000 0.000000 0.000000 0.000000 0.000000 0.000000 0.000000 0.000001 0.000001 0.000004 0.000010 0.000025 0.000062 0.000149 0.000349 0.000793 0.001755 0.003777 0.007902 0.016068 0.031751 0.060963 0.113714 0.206026 0.362506 0.619327 1.027226 1.653800 2.584070 3.918011 5.763752 8.225545 11.386460 15.287131 19.903483 25.127816 30.758435 36.502574 41.995555 46.835980 50.632974 53.058039 53.892049 53.058039 50.632974 46.835980 41.995555 36.502574 30.758435 25.127816 19.903483 15.287131 11.386460 8.225545 5.763752 3.918011 2.584070 1.653800 1.027226 0.619327 0.362506 0.206026 0.113714 0.060963 0.031751 0.016068 0.007902 0.003777 0.001755 0.000793 0.000349 0.000149 0.000062 0.000025 0.000010 0.000004 0.000001 0.000001 0.000000 0.000000 0.000000 0.000000 0.000000 0.000000 0.000000 0.000000 0.000000 0.000000 0.000000 0.000000 0.000000 0.000000 
0.000000 0.000000 0.000000 0.000000 0.000000 0.000000 0.000000 0.000000 0.000000 0.000000 0.000000 0.000000 0.000000 0.000000 0.000000 0.000001 0.000002 0.000006 0.000014 0.000037 0.000091 0.000217 0.000508 0.001154 0.002549 0.005475 0.011436 0.023218 0.045815 0.087845 0.163642 0.296111 0.520388 0.888053 1.471357 2.366442 3.694071 5.596055 8.225545 11.729918 16.226239 21.771190 28.329607 35.747851 43.739290 51.888599 59.678996 66.542083 71.924646 75.361924 76.543967 75.361924 71.924646 66.542083 59.678996 51.888599 43.739290 35.747851 28.329607 21.771190 16.226239 11.729918 8.225545 5.596055 3.694071 2.366442 1.471357 0.888053 0.520388 0.296111 0.163642 0.087845 0.045815 0.023218 0.011436 0.005475 0.002549 0.001154 0.000508 0.000217 0.000091 0.000037 0.000014 0.000006 0.000002 0.000001 0.000000 0.000000 0.000000 0.000000 0.000000 0.000000 0.000000 0.000000 0.000000 0.000000 0.000000 0.000000 0.000000 0.000000 
0.000000 0.000000 0.000000 0.000000 0.000000 0.000000 0.000000 0.000000 0.000000 0.000000 0.000000 0.000000 0.000000 0.000000 0.000000 0.000001 0.000003 0.000008 0.000021 0.000052 0.000128 0.000307 0.000716 0.001625 0.003584 0.007688 0.016034 0.032510 0.064064 0.122682 0.228260 0.412564 0.724248 1.234660 2.043618 3.283790 5.121624 7.752336 11.386460 16.226239 22.431859 30.080136 39.121392 49.343031 60.349805 71.569929 82.292637 91.736694 99.142099 103.870579 105.496553 103.870579 99.142099 91.736694 82.292637 71.569929 60.349805 49.343031 39.121392 30.080136 22.431859 16.226239 11.386460 7.752336 5.121624 3.283790 2.043618 1.234660 0.724248 0.412564 0.228260 0.122682 0.064064 0.032510 0.016034 0.007688 0.003584 0.001625 0.000716 0.000307 0.000128 0.000052 0.000021 0.000008 0.000003 0.000001 0.000000 0.000000 0.000000 0.000000 0.000000 0.000000 0.000000 0.000000 0.000000 0.000000 0.000000 0.000000 0.000000 0.000000 
0.000000 0.000000 0.000000 0.000000 0.000000 0.000000 0.000000 0.000000 0.000000 0.000000 0.000000 0.000000 0.000000 0.000000 0.000001 0.000001 0.000004 0.000011 0.000028 0.000071 0.000176 0.000420 0.000978 0.002216 0.004880 0.010455 0.021778 0.044101 0.086802 0.166034 0.308583 0.557158 0.977109 1.664153 2.752063 4.418446 6.885890 10.415160 15.287131 21.771190 30.080136 40.315115 52.408226 66.074156 80.784119 95.774262 110.095908 122.706957 132.594071 138.906468 141.076981 138.906468 132.594071 122.706957 110.095908 95.774262 80.784119 66.074156 52.408226 40.315115 30.080136 21.771190 15.287131 10.415160 6.885890 4.418446 2.752063 1.664153 0.977109 0.557158 0.308583 0.166034 0.086802 0.044101 0.021778 0.010455 0.004880 0.002216 0.000978 0.000420 0.000176 0.000071 0.000028 0.000011 0.000004 0.000001 0.000001 0.000000 0.000000 0.000000 0.000000 0.000000 0.000000 0.000000 0.000000 0.000000 0.000000 0.000000 0.000000 0.000000 
0.000000 0.000000 0.000000 0.000000 0.000000 0.000000 0.000000 0.000000 0.000000 0.000000 0.000000 0.000000 0.000000 0.000000 0.000001 0.000002 0.000005 0.000015 0.000038 0.000095 0.000233 0.000556 0.001293 0.002925 0.006436 0.013771 0.028651 0.057954 0.113946 0.217731 0.404266 0.729234 1.277746 2.174342 3.592908 5.764086 8.976654 13.568580 19.903483 28.329607 39.121392 52.408226 68.100313 85.826322 104.899964 124.331149 142.891201 159.231184 172.039896 180.216767 183.028240 180.216767 172.039896 159.231184 142.891201 124.331149 104.899964 85.826322 68.100313 52.408226 39.121392 28.329607 19.903483 13.568580 8.976654 5.764086 3.592908 2.174342 1.277746 0.729234 0.404266 0.217731 0.113946 0.057954 0.028651 0.013771 0.006436 0.002925 0.001293 0.000556 0.000233 0.000095 0.000038 0.000015 0.000005 0.000002 0.000001 0.000000 0.000000 0.000000 0.000000 0.000000 0.000000 0.000000 0.000000 0.000000 0.000000 0.000000 0.000000 0.000000 
0.000000 0.000000 0.000000 0.000000 0.000000 0.000000 0.000000 0.000000 0.000000 0.000000 0.000000 0.000000 0.000000 0.000000 0.000001 0.000003 0.000007 0.000019 0.000048 0.000122 0.000299 0.000713 0.001655 0.003739 0.008218 0.017564 0.036506 0.073768 0.144903 0.276632 0.513184 0.924939 1.619379 2.753641 4.546935 7.289777 11.345601 17.139362 25.127816 35.747851 49.343031 66.074156 85.826322 108.130901 132.123888 156.560241 179.895977 200.436809 216.536403 226.813220 230.346567 226.813220 216.536403 200.436809 179.895977 156.560241 132.123888 108.130901 85.826322 66.074156 49.343031 35.747851 25.127816 17.139362 11.345601 7.289777 4.546935 2.753641 1.619379 0.924939 0.513184 0.276632 0.144903 0.073768 0.036506 0.017564 0.008218 0.003739 0.001655 0.000713 0.000299 0.000122 0.000048 0.000019 0.000007 0.000003 0.000001 0.000000 0.000000 0.000000 0.000000 0.000000 0.000000 0.000000 0.000000 0.000000 0.000000 0.000000 0.000000 0.000000 
