0.000000 0.000000 0.000001 0.000001 0.000001 0.000001 0.000002 0.000003 0.000004 0.000006 0.000008 0.000012 0.000016 0.000022 0.000031 0.000042 0.000056 0.000075 0.000100 0.000131 0.000170 0.000220 0.000281 0.000357 0.000449 0.000560 0.000692 0.000849 0.001032 0.001243 0.001485 0.001759 0.002065 0.002404 0.002774 0.003173 0.003599 0.004046 0.004510 0.004984 0.005460 0.005930 0.006384 0.006814 0.007210 0.007563 0.007865 0.008108 0.008286 0.008394 0.008431 0.008394 0.008286 0.008108 0.007865 0.007563 0.007210 0.006814 0.006384 0.005930 0.005460 0.004984 0.004510 0.004046 0.003599 0.003173 0.002774 0.002404 0.002065 0.001759 0.001485 0.001243 0.001032 0.000849 0.000692 0.000560 0.000449 0.000357 0.000281 0.000220 0.000170 0.000131 0.000100 0.000075 0.000056 0.000042 0.000031 0.000022 0.000016 0.000012 0.000008 0.000006 0.000004 0.000003 0.000002 0.000001 0.000001 0.000001 0.000001 0.000001 
0.000000 0.000000 0.000001 0.000001 0.000001 0.000001 0.000002 0.000003 0.000004 0.000006 0.000008 0.000012 0.000016 0.000022 0.000031 0.000042 0.000056 0.000075 0.000100 0.000131 0.000170 0.000220 0.000281 0.000357 0.000449 0.000560 0.000692 0.000849 0.001032 0.001243 0.001485 0.001759 0.002065 0.002404 0.002774 0.003173 0.003599 0.004046 0.004510 0.004984 0.005460 0.005930 0.006384 0.006814 0.007210 0.007563 0.007865 0.008108 0.008286 0.008394 0.008431 0.008394 0.008286 0.008108 0.007865 0.007563 0.007210 0.006814 0.006384 0.005930 0.005460 0.004984 0.004510 0.004046 0.003599 0.003173 0.002774 0.002404 0.002065 0.001759 0.001485 0.001243 0.001032 0.000849 0.000692 0.000560 0.000449 0.000357 0.000281 0.000220 0.000170 0.000131 0.000100 0.000075 0.000056 0.000042 0.000031 0.000022 0.000016 0.000012 0.000008 0.000006 0.000004 0.000003 0.000002 0.000001 0.000001 0.000001 0.000001 0.000001 
0.000001 0.000001 0.000001 0.000001 0.000001 0.000002 0.000002 0.000003 0.000005 0.000007 0.000010 0.000014 0.000019 0.000026 0.000036 0.000049 0.000066 0.000088 0.000117 0.000153 0.000199 0.000257 0.000329 0.000417 0.000525 0.000655 0.000809 0.000992 0.001206 0.001453 0.001735 0.002055 0.002413 0.002808 0.003240 0.003706 0.004203 0.004726 0.005267 0.005820 0.006376 0.006924 0.007455 0.007956 0.008418 0.008830 0.009182 0.009466 0.009673 0.009800 0.009843 0.009800 0.009673 0.009466 0.009182 0.008830 0.008418 0.007956 0.007455 0.006924 0.006376 0.005820 0.005267 0.004726 0.004203 0.003706 0.003240 0.002808 0.002413 0.002055 0.001735 0.001453 0.001206 0.000992 0.000809 0.000655 0.000525 0.000417 0.000329 0.000257 0.000199 0.000153 0.000117 0.000088 0.000066 0.000049 0.000036 0.000026 0.000019 0.000014 0.000010 0.000007 0.000005 0.000003 0.000002 0.000002 0.000001 0.000001 0.000001 0.000001 
0.000001 0.000001 0.000001 0.000001 0.000001 0.000002 0.000003 0.000004 0.000006 0.000009 0.000013 0.000018 0.000025 0.000034 0.000047 0.000064 0.000086 0.000115 0.000153 0.000200 0.000261 0.000337 0.000431 0.000546 0.000687 0.000857 0.001059 0.001298 0.001577 0.001900 0.002269 0.002687 0.003154 0.003670 0.004235 0.004844 0.005493 0.006175 0.006882 0.007604 0.008329 0.009045 0.009737 0.010392 0.010995 0.011532 0.011992 0.012362 0.012633 0.012798 0.012854 0.012798 0.012633 0.012362 0.011992 0.011532 0.010995 0.010392 0.009737 0.009045 0.008329 0.007604 0.006882 0.006175 0.005493 0.004844 0.004235 0.003670 0.003154 0.002687 0.002269 0.001900 0.001577 0.001298 0.001059 0.000857 0.000687 0.000546 0.000431 0.000337 0.000261 0.000200 0.000153 0.000115 0.000086 0.000064 0.000047 0.000034 0.000025 0.000018 0.000013 0.000009 0.000006 0.000004 0.000003 0.000002 0.000002 0.000001 0.000001 0.000001 
0.000001 0.000001 0.000001 0.000001 0.000002 0.000003 0.000004 0.000006 0.000009 0.000013 0.000018 0.000025 0.000035 0.000048 0.000066 0.000089 0.000120 0.000161 0.000213 0.000279 0.000364 0.000469 0.000600 0.000761 0.000957 0.001193 0.001474 0.001806 0.002194 0.002643 0.003156 0.003737 0.004386 0.005104 0.005888 0.006734 0.007635 0.008583 0.009565 0.010567 0.011574 0.012567 0.013529 0.014438 0.015275 0.016021 0.016658 0.017172 0.017548 0.017778 0.017855 0.017778 0.017548 0.017172 0.016658 0.016021 0.015275 0.014438 0.013529 0.012567 0.011574 0.010567 0.009565 0.008583 0.007635 0.006734 0.005888 0.005104 0.004386 0.003737 0.003156 0.002643 0.002194 0.001806 0.001474 0.001193 0.000957 0.000761 0.000600 0.000469 0.000364 0.000279 0.000213 0.000161 0.000120 0.000089 0.000066 0.000048 0.000035 0.000025 0.000018 0.000013 0.000009 0.000006 0.000004 0.000003 0.000002 0.000002 0.000001 0.000001 
0.000001 0.000001 0.000002 0.000002 0.000003 0.000004 0.000006 0.000009 0.000013 0.000018 0.000026 0.000036 0.000050 0.000069 0.000094 0.000128 0.000173 0.000230 0.000305 0.000400 0.000520 0.000671 0.000858 0.001088 0.001368 0.001705 0.002107 0.002582 0.003136 0.003777 0.004510 0.005338 0.006265 0.007289 0.008408 0.009615 0.010901 0.012253 0.013654 0.015084 0.016520 0.017937 0.019308 0.020604 0.021798 0.022862 0.023771 0.024503 0.025040 0.025367 0.025477 0.025367 0.025040 0.024503 0.023771 0.022862 0.021798 0.020604 0.019308 0.017937 0.016520 0.015084 0.013654 0.012253 0.010901 0.009615 0.008408 0.007289 0.006265 0.005338 0.004510 0.003777 0.003136 0.002582 0.002107 0.001705 0.001368 0.001088 0.000858 0.000671 0.000520 0.000400 0.000305 0.000230 0.000173 0.000128 0.000094 0.000069 0.000050 0.000036 0.000026 0.000018 0.000013 0.000009 0.000006 0.000004 0.000003 0.000002 0.000002 0.000002 
0.000002 0.000002 0.000002 0.000003 0.000004 0.000006 0.000009 0.000013 0.000018 0.000026 0.000037 0.000052 0.000072 0.000100 0.000136 0.000185 0.000249 0.000332 0.000440 0.000577 0.000750 0.000968 0.001237 0.001569 0.001972 0.002457 0.003036 0.003719 0.004517 0.005440 0.006494 0.007686 0.009020 0.010493 0.012103 0.013839 0.015689 0.017633 0.019648 0.021704 0.023769 0.025806 0.027777 0.029640 0.031356 0.032886 0.034192 0.035245 0.036016 0.036487 0.036645 0.036487 0.036016 0.035245 0.034192 0.032886 0.031356 0.029640 0.027777 0.025806 0.023769 0.021704 0.019648 0.017633 0.015689 0.013839 0.012103 0.010493 0.009020 0.007686 0.006494 0.005440 0.004517 0.003719 0.003036 0.002457 0.001972 0.001569 0.001237 0.000968 0.000750 0.000577 0.000440 0.000332 0.000249 0.000185 0.000136 0.000100 0.000072 0.000052 0.000037 0.000026 0.000018 0.000013 0.000009 0.000006 0.000005 0.000003 0.000003 0.000003 
0.000003 0.000003 0.000003 0.000004 0.000006 0.000009 0.000013 0.000018 0.000026 0.000038 0.000053 0.000075 0.000104 0.000144 0.000197 0.000267 0.000359 0.000479 0.000634 0.000831 0.001081 0.001394 0.001782 0.002259 0.002839 0.003537 0.004370 0.005352 0.006500 0.007826 0.009342 0.011056 0.012972 0.015090 0.017403 0.019898 0.022556 0.025349 0.028243 0.031196 0.034162 0.037089 0.039919 0.042595 0.045060 0.047256 0.049133 0.050644 0.051751 0.052428 0.052655 0.052428 0.051751 0.050644 0.049133 0.047256 0.045060 0.042595 0.039919 0.037089 0.034162 0.031196 0.028243 0.025349 0.022556 0.019898 0.017403 0.015090 0.012972 0.011056 0.009342 0.007826 0.006500 0.005352 0.004370 0.003537 0.002839 0.002259 0.001782 0.001394 0.001081 0.000831 0.000634 0.000479 0.000359 0.000267 0.000197 0.000144 0.000104 0.000075 0.000053 0.000038 0.000026 0.000018 0.000013 0.000009 0.000007 0.000005 0.000004 0.000004 
0.000004 0.000004 0.000005 0.000006 0.000009 0.000013 0.000018 0.000026 0.000038 0.000054 0.000076 0.000107 0.000149 0.000206 0.000282 0.000383 0.000515 0.000687 0.000908 0.001191 0.001549 0.001997 0.002553 0.003235 0.004065 0.005065 0.006256 0.007662 0.009304 0.011201 0.013369 0.015820 0.018560 0.021589 0.024896 0.028463 0.032262 0.036254 0.040390 0.044611 0.048850 0.053032 0.057076 0.060900 0.064421 0.067559 0.070241 0.072399 0.073982 0.074948 0.075273 0.074948 0.073982 0.072399 0.070241 0.067559 0.064421 0.060900 0.057076 0.053032 0.048850 0.044611 0.040390 0.036254 0.032262 0.028463 0.024896 0.021589 0.018560 0.015820 0.013369 0.011201 0.009304 0.007662 0.006256 0.005065 0.004065 0.003235 0.002553 0.001997 0.001549 0.001191 0.000908 0.000687 0.000515 0.000383 0.000282 0.000206 0.000149 0.000107 0.000076 0.000054 0.000038 0.000027 0.000019 0.000013 0.000009 0.000007 0.000006 0.000006 
0.000006 0.000006 0.000007 0.000009 0.000013 0.000018 0.000026 0.000038 0.000054 0.000077 0.000109 0.000153 0.000213 0.000294 0.000402 0.000545 0.000733 0.000978 0.001293 0.001695 0.002204 0.002841 0.003631 0.004601 0.005781 0.007202 0.008895 0.010893 0.013225 0.015920 0.018999 0.022481 0.026372 0.030672 0.035367 0.040432 0.045825 0.051491 0.057362 0.063353 0.069369 0.075303 0.081042 0.086469 0.091465 0.095918 0.099723 0.102786 0.105031 0.106402 0.106863 0.106402 0.105031 0.102786 0.099723 0.095918 0.091465 0.086469 0.081042 0.075303 0.069369 0.063353 0.057362 0.051491 0.045825 0.040432 0.035367 0.030672 0.026372 0.022481 0.018999 0.015920 0.013225 0.010893 0.008895 0.007202 0.005781 0.004601 0.003631 0.002841 0.002204 0.001695 0.001293 0.000978 0.000733 0.000545 0.000402 0.000294 0.000213 0.000153 0.000109 0.000077 0.000054 0.000038 0.000026 0.000019 0.000013 0.000010 0.000009 0.000009 
0.000008 0.000008 0.000010 0.000013 0.000018 0.000026 0.000037 0.000053 0.000076 0.000109 0.000154 0.000216 0.000301 0.000415 0.000568 0.000770 0.001036 0.001381 0.001826 0.002394 0.003112 0.004011 0.005125 0.006494 0.008158 0.010162 0.012550 0.015366 0.018654 0.022452 0.026792 0.031698 0.037181 0.043240 0.049855 0.056990 0.064587 0.072568 0.080837 0.089275 0.097747 0.106104 0.114186 0.121827 0.128862 0.135132 0.140488 0.144801 0.147962 0.149892 0.150541 0.149892 0.147962 0.144801 0.140488 0.135132 0.128862 0.121827 0.114186 0.106104 0.097747 0.089275 0.080837 0.072568 0.064587 0.056990 0.049855 0.043240 0.037181 0.031698 0.026792 0.022452 0.018654 0.015366 0.012550 0.010162 0.008158 0.006494 0.005125 0.004011 0.003112 0.002394 0.001826 0.001381 0.001036 0.000770 0.000568 0.000415 0.000301 0.000216 0.000154 0.000109 0.000077 0.000054 0.000037 0.000026 0.000019 0.000015 0.000013 0.000013 
0.000012 0.000012 0.000014 0.000018 0.000025 0.000036 0.000052 0.000075 0.000107 0.000153 0.000216 0.000303 0.000422 0.000582 0.000796 0.001079 0.001451 0.001935 0.002558 0.003353 0.004358 0.005616 0.007176 0.009091 0.011419 0.014222 0.017561 0.021500 0.026098 0.031408 0.037476 0.044334 0.051998 0.060466 0.069711 0.079681 0.090296 0.101449 0.113001 0.124789 0.136624 0.148298 0.159587 0.170260 0.180087 0.188844 0.196325 0.202348 0.206763 0.209459 0.210365 0.209459 0.206763 0.202348 0.196325 0.188844 0.180087 0.170260 0.159587 0.148298 0.136624 0.124789 0.113001 0.101449 0.090296 0.079681 0.069711 0.060466 0.051998 0.044334 0.037476 0.031408 0.026098 0.021500 0.017561 0.014222 0.011419 0.009091 0.007176 0.005616 0.004358 0.003353 0.002558 0.001935 0.001451 0.001079 0.000796 0.000582 0.000422 0.000303 0.000216 0.000153 0.000108 0.000075 0.000053 0.000037 0.000027 0.000021 0.000018 0.000018 
0.000016 0.000016 0.000019 0.000025 0.000035 0.000050 0.000072 0.000104 0.000149 0.000213 0.000301 0.000422 0.000587 0.000809 0.001106 0.001500 0.002017 0.002688 0.003554 0.004658 0.006053 0.007799 0.009964 0.012621 0.015852 0.019740 0.024372 0.029835 0.036211 0.043574 0.051988 0.061496 0.072121 0.083859 0.096673 0.110490 0.125202 0.140656 0.156664 0.172998 0.189396 0.205569 0.221209 0.235995 0.249608 0.261738 0.272101 0.280444 0.286560 0.290293 0.291549 0.290293 0.286560 0.280444 0.272101 0.261738 0.249608 0.235995 0.221209 0.205569 0.189396 0.172998 0.156664 0.140656 0.125202 0.110490 0.096673 0.083859 0.072121 0.061496 0.051988 0.043574 0.036211 0.029835 0.024372 0.019740 0.015852 0.012621 0.009964 0.007799 0.006053 0.004658 0.003554 0.002688 0.002017 0.001500 0.001106 0.000809 0.000587 0.000422 0.000301 0.000213 0.000150 0.000105 0.000073 0.000052 0.000037 0.000029 0.000025 0.000025 
0.000022 0.000022 0.000026 0.000034 0.000048 0.000069 0.000100 0.000144 0.000206 0.000294 0.000415 0.000582 0.000809 0.001115 0.001525 0.002067 0.002779 0.003704 0.004896 0.006416 0.008336 0.010740 0.013719 0.017377 0.021821 0.027170 0.033543 0.041057 0.049826 0.059952 0.071521 0.084593 0.099201 0.115336 0.132950 0.151942 0.172161 0.193400 0.215398 0.237842 0.260374 0.282596 0.304084 0.324398 0.343100 0.359765 0.374001 0.385462 0.393864 0.398992 0.400717 0.398992 0.393864 0.385462 0.374001 0.359765 0.343100 0.324398 0.304084 0.282596 0.260374 0.237842 0.215398 0.193400 0.172161 0.151942 0.132950 0.115336 0.099201 0.084593 0.071521 0.059952 0.049826 0.041057 0.033543 0.027170 0.021821 0.017377 0.013719 0.010740 0.008336 0.006416 0.004896 0.003704 0.002779 0.002067 0.001525 0.001115 0.000809 0.000582 0.000415 0.000294 0.000207 0.000145 0.000101 0.000071 0.000051 0.000040 0.000034 0.000034 
0.000031 0.000031 0.000036 0.000047 0.000066 0.000094 0.000136 0.000197 0.000282 0.000402 0.000568 0.000796 0.001106 0.001525 0.002085 0.002826 0.003798 0.005061 0.006688 0.008764 0.011386 0.014666 0.018733 0.023723 0.029788 0.037086 0.045778 0.056027 0.067987 0.081796 0.097571 0.115395 0.135310 0.157307 0.181316 0.207203 0.234760 0.263706 0.293684 0.324269 0.354972 0.385251 0.414528 0.442206 0.467686 0.490390 0.509785 0.525399 0.536844 0.543831 0.546180 0.543831 0.536844 0.525399 0.509785 0.490390 0.467686 0.442206 0.414528 0.385251 0.354972 0.324269 0.293684 0.263706 0.234760 0.207203 0.181316 0.157307 0.135310 0.115395 0.097571 0.081796 0.067987 0.056027 0.045778 0.037086 0.029788 0.023723 0.018733 0.014666 0.011386 0.008764 0.006688 0.005061 0.003798 0.002826 0.002085 0.001525 0.001106 0.000796 0.000568 0.000402 0.000283 0.000198 0.000138 0.000097 0.000071 0.000054 0.000047 0.000047 
0.000042 0.000042 0.000049 0.000064 0.000089 0.000128 0.000185 0.000267 0.000383 0.000545 0.000770 0.001079 0.001500 0.002067 0.002826 0.003830 0.005146 0.006858 0.009061 0.011870 0.015419 0.019860 0.025363 0.032117 0.040323 0.050195 0.061954 0.075817 0.091991 0.110666 0.131997 0.156097 0.183021 0.212757 0.245212 0.280203 0.317448 0.356568 0.397081 0.438412 0.479900 0.520814 0.560373 0.597769 0.632193 0.662868 0.689071 0.710165 0.725628 0.735066 0.738240 0.735066 0.725628 0.710165 0.689071 0.662868 0.632193 0.597769 0.560373 0.520814 0.479900 0.438412 0.397081 0.356568 0.317448 0.280203 0.245212 0.212757 0.183021 0.156097 0.131997 0.110666 0.091991 0.075817 0.061954 0.050195 0.040323 0.032117 0.025363 0.019860 0.015419 0.011870 0.009061 0.006858 0.005146 0.003830 0.002826 0.002068 0.001500 0.001079 0.000770 0.000546 0.000384 0.000268 0.000188 0.000132 0.000096 0.000074 0.000063 0.000063 
0.000056 0.000056 0.000066 0.000086 0.000120 0.000173 0.000249 0.000359 0.000515 0.000733 0.001036 0.001451 0.002017 0.002779 0.003798 0.005146 0.006915 0.009213 0.012171 0.015943 0.020707 0.026668 0.034053 0.043114 0.054124 0.067369 0.083142 0.101736 0.123428 0.148471 0.177073 0.209386 0.245482 0.285346 0.328851 0.375751 0.425671 0.478099 0.532393 0.587779 0.643373 0.698195 0.751200 0.801304 0.847427 0.888524 0.923629 0.951890 0.972605 0.985250 0.989502 0.985250 0.972605 0.951890 0.923629 0.888524 0.847427 0.801304 0.751200 0.698195 0.643373 0.587779 0.532393 0.478099 0.425671 0.375751 0.328851 0.285346 0.245482 0.209386 0.177073 0.148471 0.123428 0.101736 0.083142 0.067369 0.054124 0.043114 0.034053 0.026668 0.020707 0.015943 0.012171 0.009213 0.006915 0.005146 0.003798 0.002779 0.002017 0.001451 0.001036 0.000734 0.000516 0.000361 0.000253 0.000178 0.000129 0.000099 0.000085 0.000085 
0.000075 0.000075 0.000088 0.000115 0.000161 0.000230 0.000332 0.000479 0.000687 0.000978 0.001381 0.001935 0.002688 0.003704 0.005061 0.006858 0.009213 0.012273 0.016211 0.021233 0.027574 0.035507 0.045334 0.057392 0.072040 0.089659 0.110640 0.135369 0.164218 0.197520 0.235551 0.278512 0.326500 0.379493 0.437322 0.499660 0.566007 0.635686 0.707838 0.781439 0.855312 0.928157 0.998585 1.065157 1.126437 1.181038 1.227677 1.265222 1.292743 1.309542 1.315190 1.309542 1.292743 1.265222 1.227677 1.181038 1.126437 1.065157 0.998585 0.928157 0.855312 0.781439 0.707838 0.635686 0.566007 0.499660 0.437322 0.379493 0.326500 0.278512 0.235551 0.197520 0.164218 0.135369 0.110640 0.089659 0.072040 0.057392 0.045334 0.035507 0.027574 0.021233 0.016211 0.012273 0.009213 0.006858 0.005062 0.003705 0.002689 0.001935 0.001382 0.000979 0.000689 0.000482 0.000337 0.000238 0.000172 0.000133 0.000114 0.000114 
0.000100 0.000100 0.000117 0.000153 0.000213 0.000305 0.000440 0.000634 0.000908 0.001293 0.001826 0.002558 0.003554 0.004896 0.006688 0.009061 0.012171 0.016211 0.021411 0.028039 0.036409 0.046878 0.059846 0.075754 0.095079 0.118321 0.145994 0.178609 0.216653 0.260565 0.310710 0.367350 0.430614 0.500469 0.576694 0.658858 0.746302 0.838129 0.933213 1.030200 1.127543 1.223526 1.316321 1.404033 1.484770 1.556706 1.618150 1.667615 1.703870 1.726001 1.733442 1.726001 1.703870 1.667615 1.618150 1.556706 1.484770 1.404033 1.316321 1.223526 1.127543 1.030200 0.933213 0.838129 0.746302 0.658858 0.576694 0.500469 0.430614 0.367350 0.310710 0.260565 0.216653 0.178609 0.145994 0.118321 0.095079 0.075754 0.059846 0.046878 0.036409 0.028039 0.021411 0.016211 0.012171 0.009061 0.006689 0.004896 0.003554 0.002558 0.001827 0.001294 0.000911 0.000638 0.000446 0.000315 0.000228 0.000176 0.000151 0.000151 
0.000131 0.000131 0.000153 0.000200 0.000279 0.000400 0.000577 0.000831 0.001191 0.001695 0.002394 0.003353 0.004658 0.006416 0.008764 0.011870 0.015943 0.021233 0.028039 0.036715 0.047669 0.061368 0.078336 0.099149 0.124429 0.154830 0.191024 0.233678 0.283427 0.340844 0.406406 0.480454 0.563156 0.654468 0.754100 0.861488 0.975769 1.095773 1.220026 1.346762 1.473955 1.599368 1.720610 1.835208 1.940690 2.034671 2.114944 2.179565 2.226929 2.255841 2.265561 2.255841 2.226929 2.179565 2.114944 2.034671 1.940690 1.835208 1.720610 1.599368 1.473955 1.346762 1.220026 1.095773 0.975769 0.861488 0.754100 0.654468 0.563156 0.480454 0.406406 0.340844 0.283427 0.233678 0.191024 0.154830 0.124429 0.099149 0.078336 0.061368 0.047669 0.036715 0.028039 0.021233 0.015943 0.011870 0.008764 0.006416 0.004658 0.003354 0.002395 0.001697 0.001195 0.000836 0.000585 0.000413 0.000299 0.000230 0.000198 0.000198 
0.000170 0.000170 0.000199 0.000261 0.000364 0.000520 0.000750 0.001081 0.001549 0.002204 0.003112 0.004358 0.006053 0.008336 0.011386 0.015419 0.020707 0.027574 0.036409 0.047669 0.061884 0.079660 0.101675 0.128676 0.161467 0.200898 0.247839 0.303152 0.367660 0.442106 0.527105 0.623099 0.730303 0.848661 0.977795 1.116973 1.265076 1.420588 1.581598 1.745817 1.910623 2.073117 2.230200 2.378671 2.515328 2.637082 2.741075 2.824789 2.886147 2.923601 2.936193 2.923601 2.886147 2.824789 2.741075 2.637082 2.515328 2.378671 2.230200 2.073117 1.910623 1.745817 1.581598 1.420588 1.265076 1.116973 0.977795 0.848661 0.730303 0.623099 0.527105 0.442106 0.367660 0.303152 0.247839 0.200898 0.161467 0.128676 0.101675 0.079660 0.061884 0.047669 0.036409 0.027574 0.020707 0.015420 0.011386 0.008337 0.006053 0.004359 0.003114 0.002207 0.001553 0.001088 0.000761 0.000537 0.000389 0.000300 0.000258 0.000258 
0.000220 0.000220 0.000257 0.000337 0.000469 0.000671 0.000968 0.001394 0.001997 0.002841 0.004011 0.005616 0.007799 0.010740 0.014666 0.019860 0.026668 0.035507 0.046878 0.061368 0.079660 0.102531 0.130853 0.165585 0.207763 0.258476 0.318841 0.389967 0.472910 0.568623 0.677896 0.801293 0.939093 1.091218 1.257185 1.436049 1.626373 1.826209 2.033098 2.244103 2.455853 2.664625 2.866438 3.057181 3.232742 3.389154 3.522747 3.630287 3.709108 3.757221 3.773397 3.757221 3.709108 3.630287 3.522747 3.389154 3.232742 3.057181 2.866438 2.664625 2.455853 2.244103 2.033098 1.826209 1.626373 1.436049 1.257185 1.091218 0.939093 0.801293 0.677896 0.568623 0.472910 0.389967 0.318841 0.258476 0.207763 0.165585 0.130853 0.102531 0.079660 0.061368 0.046878 0.035507 0.026668 0.019861 0.014667 0.010741 0.007800 0.005617 0.004013 0.002845 0.002003 0.001403 0.000982 0.000693 0.000502 0.000387 0.000333 0.000333 
0.000281 0.000281 0.000329 0.000431 0.000600 0.000858 0.001237 0.001782 0.002553 0.003631 0.005125 0.007176 0.009964 0.013719 0.018733 0.025363 0.034053 0.045334 0.059846 0.078336 0.101675 0.130853 0.166981 0.211283 0.265076 0.329749 0.406724 0.497413 0.603162 0.725181 0.864477 1.021768 1.197405 1.391289 1.602801 1.830737 2.073264 2.327899 2.591510 2.860353 3.130135 3.396113 3.653219 3.896213 4.119861 4.319111 4.489290 4.626278 4.726683 4.787969 4.808574 4.787969 4.726683 4.626278 4.489290 4.319111 4.119861 3.896213 3.653219 3.396113 3.130135 2.860353 2.591510 2.327899 2.073264 1.830737 1.602801 1.391289 1.197405 1.021768 0.864477 0.725181 0.603162 0.497413 0.406724 0.329749 0.265076 0.211283 0.166981 0.130853 0.101675 0.078336 0.059846 0.045335 0.034053 0.025364 0.018733 0.013720 0.009965 0.007178 0.005128 0.003636 0.002560 0.001793 0.001255 0.000886 0.000642 0.000495 0.000426 0.000426 
0.000357 0.000357 0.000417 0.000546 0.000761 0.001088 0.001569 0.002259 0.003235 0.004601 0.006494 0.009091 0.012621 0.017377 0.023723 0.032117 0.043114 0.057392 0.075754 0.099149 0.128676 0.165585 0.211283 0.267313 0.335342 0.417121 0.514449 0.629109 0.762797 0.917044 1.093117 1.291923 1.513903 1.758929 2.026218 2.314246 2.620697 2.942431 3.275492 3.615150 3.955981 4.291995 4.616790 4.923751 5.206264 5.457954 5.672917 5.845954 5.972778 6.050191 6.076217 6.050191 5.972778 5.845954 5.672917 5.457954 5.206264 4.923751 4.616790 4.291995 3.955981 3.615150 3.275492 2.942431 2.620697 2.314246 2.026218 1.758929 1.513903 1.291923 1.093117 0.917044 0.762797 0.629109 0.514449 0.417121 0.335342 0.267313 0.211283 0.165585 0.128676 0.099149 0.075754 0.057392 0.043115 0.032117 0.023724 0.017377 0.012623 0.009093 0.006498 0.004607 0.003244 0.002273 0.001591 0.001123 0.000815 0.000628 0.000541 0.000541 
0.000449 0.000449 0.000525 0.000687 0.000957 0.001368 0.001972 0.002839 0.004065 0.005781 0.008158 0.011419 0.015852 0.021821 0.029788 0.040323 0.054124 0.072040 0.095079 0.124429 0.161467 0.207763 0.265076 0.335342 0.420646 0.523185 0.645210 0.788952 0.956537 1.149879 1.370565 1.619727 1.897914 2.204967 2.539898 2.900798 3.284763 3.687858 4.105128 4.530644 4.957616 5.378538 5.785395 6.169902 6.523778 6.839037 7.108289 7.325024 7.483873 7.580834 7.613432 7.580834 7.483873 7.325024 7.108289 6.839037 6.523778 6.169902 5.785395 5.378538 4.957616 4.530644 4.105128 3.687858 3.284763 2.900798 2.539898 2.204967 1.897914 1.619727 1.370565 1.149879 0.956537 0.788952 0.645210 0.523185 0.420646 0.335342 0.265076 0.207763 0.161467 0.124429 0.095079 0.072040 0.054125 0.040323 0.029789 0.021823 0.015854 0.011422 0.008163 0.005789 0.004077 0.002857 0.002001 0.001412 0.001025 0.000790 0.000680 0.000680 
0.000560 0.000560 0.000655 0.000857 0.001193 0.001705 0.002457 0.003537 0.005065 0.007202 0.010162 0.014222 0.019740 0.027170 0.037086 0.050195 0.067369 0.089659 0.118321 0.154830 0.200898 0.258476 0.329749 0.417121 0.523185 0.650667 0.802363 0.981044 1.189347 1.429650 1.703919 2.013559 2.359250 2.740787 3.156944 3.605345 4.082380 4.583161 5.101529 5.630123 6.160505 6.683356 7.188722 7.666314 8.105850 8.497414 8.831831 9.101016 9.298306 9.418729 9.459216 9.418729 9.298306 9.101016 8.831831 8.497414 8.105850 7.666314 7.188722 6.683356 6.160505 5.630123 5.101529 4.583161 4.082380 3.605345 3.156944 2.740787 2.359250 2.013559 1.703919 1.429650 1.189347 0.981044 0.802363 0.650667 0.523185 0.417121 0.329749 0.258476 0.200898 0.154830 0.118321 0.089659 0.067369 0.050196 0.037086 0.027172 0.019742 0.014226 0.010168 0.007211 0.005080 0.003560 0.002493 0.001761 0.001277 0.000985 0.000848 0.000848 
0.000692 0.000692 0.000809 0.001059 0.001474 0.002107 0.003036 0.004370 0.006256 0.008895 0.012550 0.017561 0.024372 0.033543 0.045778 0.061954 0.083142 0.110640 0.145994 0.191024 0.247839 0.318841 0.406724 0.514449 0.645210 0.802363 0.989351 1.209587 1.466316 1.762464 2.100451 2.482003 2.907953 3.378047 3.890770 4.443191 5.030862 5.647760 6.286298 6.937408 7.590701 8.234697 8.857139 9.445358 9.986695 10.468941 10.880798 11.212314 11.455284 11.603590 11.653451 11.603590 11.455284 11.212314 10.880798 10.468941 9.986695 9.445358 8.857139 8.234697 7.590701 6.937408 6.286298 5.647760 5.030862 4.443191 3.890770 3.378047 2.907953 2.482003 2.100451 1.762464 1.466316 1.209587 0.989351 0.802363 0.645210 0.514449 0.406724 0.318841 0.247839 0.191024 0.145994 0.110640 0.083142 0.061954 0.045779 0.033544 0.024375 0.017566 0.012557 0.008907 0.006275 0.004398 0.003081 0.002176 0.001579 0.001218 0.001048 0.001048 
0.000849 0.000849 0.000992 0.001298 0.001806 0.002582 0.003719 0.005352 0.007662 0.010893 0.015366 0.021500 0.029835 0.041057 0.056027 0.075817 0.101736 0.135369 0.178609 0.233678 0.303152 0.389967 0.497413 0.629109 0.788952 0.981044 1.209587 1.478746 1.792487 2.154376 2.567366 3.033561 3.553975 4.128293 4.754660 5.429493 6.147355 6.900889 7.680826 8.476092 9.273996 10.060524 10.820708 11.539079 12.200180 12.789108 13.292067 13.696909 13.993619 14.174724 14.235613 14.174724 13.993619 13.696909 13.292067 12.789108 12.200180 11.539079 10.820708 10.060524 9.273996 8.476092 7.680826 6.900889 6.147355 5.429493 4.754660 4.128293 3.553975 3.033561 2.567366 2.154376 1.792487 1.478746 1.209587 0.981044 0.788952 0.629109 0.497413 0.389967 0.303152 0.233678 0.178609 0.135370 0.101736 0.075817 0.056028 0.041059 0.029838 0.021506 0.015375 0.010907 0.007685 0.005387 0.003774 0.002666 0.001935 0.001493 0.001285 0.001285 
0.001032 0.001032 0.001206 0.001577 0.002194 0.003136 0.004517 0.006500 0.009304 0.013225 0.018654 0.026098 0.036211 0.049826 0.067987 0.091991 0.123428 0.164218 0.216653 0.283427 0.367660 0.472910 0.603162 0.762797 0.956537 1.189347 1.466316 1.792487 2.172656 2.611141 3.111515 3.676319 4.306777 5.002503 5.761244 6.578657 7.448155 8.360823 9.305437 10.268583 11.234895 12.187403 13.107984 13.977911 14.778470 15.491618 16.100656 16.590879 16.950160 17.169458 17.243186 17.169458 16.950160 16.590879 16.100656 15.491618 14.778470 13.977911 13.107984 12.187403 11.234895 10.268583 9.305437 8.360823 7.448155 6.578657 5.761244 5.002503 4.306777 3.676319 3.111515 2.611141 2.172656 1.792487 1.466316 1.189347 0.956537 0.762797 0.603162 0.472910 0.367660 0.283427 0.216653 0.164219 0.123429 0.091992 0.067988 0.049828 0.036215 0.026104 0.018665 0.013243 0.009331 0.006543 0.004584 0.003238 0.002351 0.001814 0.001561 0.001561 
0.001243 0.001243 0.001453 0.001900 0.002643 0.003777 0.005440 0.007826 0.011201 0.015920 0.022452 0.031408 0.043574 0.059952 0.081796 0.110666 0.148471 0.197520 0.260565 0.340844 0.442106 0.568623 0.725181 0.917044 1.149879 1.429650 1.762464 2.154376 2.611141 3.137942 3.739062 4.417549 5.174866 6.010544 6.921872 7.903630 8.947902 10.043981 11.178385 12.335009 13.495401 14.639186 15.744605 16.789178 17.750438 18.606727 19.338000 19.926605 20.357986 20.621291 20.709814 20.621291 20.357986 19.926605 19.338000 18.606727 17.750438 16.789178 15.744605 14.639186 13.495401 12.335009 11.178385 10.043981 8.947902 7.903630 6.921872 6.010544 5.174866 4.417549 3.739062 3.137942 2.611141 2.154376 1.762464 1.429650 1.149879 0.917044 0.725181 0.568623 0.442106 0.340845 0.260565 0.197520 0.148472 0.110667 0.081798 0.059955 0.043579 0.031416 0.022465 0.015941 0.011234 0.007877 0.005520 0.003900 0.002831 0.002185 0.001881 0.001881 
0.001485 0.001485 0.001735 0.002269 0.003156 0.004510 0.006494 0.009342 0.013369 0.018999 0.026792 0.037476 0.051988 0.071521 0.097571 0.131997 0.177073 0.235551 0.310710 0.406406 0.527105 0.677896 0.864477 1.093117 1.370565 1.703919 2.100451 2.567366 3.111515 3.739062 4.455103 5.263261 6.165272 7.160569 8.245918 9.415099 10.658682 11.963912 13.314737 14.691977 16.073666 17.435545 18.751714 19.995411 21.139892 22.159379 23.030013 23.730781 24.244363 24.557839 24.663230 24.557839 24.244363 23.730781 23.030013 22.159379 21.139892 19.995411 18.751714 17.435545 16.073666 14.691977 13.314737 11.963912 10.658682 9.415099 8.245918 7.160569 6.165272 5.263261 4.455103 3.739062 3.111515 2.567366 2.100451 1.703919 1.370565 1.093117 0.864477 0.677896 0.527106 0.406407 0.310710 0.235552 0.177074 0.131998 0.097573 0.071524 0.051994 0.037485 0.026808 0.019024 0.013408 0.009403 0.006590 0.004657 0.003381 0.002610 0.002247 0.002247 
0.001759 0.001759 0.002055 0.002687 0.003737 0.005338 0.007686 0.011056 0.015820 0.022481 0.031698 0.044334 0.061496 0.084593 0.115395 0.156097 0.209386 0.278512 0.367350 0.480454 0.623099 0.801293 1.021768 1.291923 1.619727 2.013559 2.482003 3.033561 3.676319 4.417549 5.263261 6.217727 7.282986 8.458364 9.740035 11.120647 12.589063 14.130219 15.725161 17.351245 18.982538 20.590403 22.144268 23.612544 24.963666 26.167208 27.195010 28.022276 28.628560 28.998617 29.123030 28.998617 28.628560 28.022276 27.195010 26.167208 24.963666 23.612544 22.144268 20.590403 18.982538 17.351245 15.725161 14.130219 12.589063 11.120647 9.740035 8.458364 7.282986 6.217727 5.263261 4.417549 3.676319 3.033561 2.482003 2.013559 1.619727 1.291923 1.021768 0.801293 0.623099 0.480455 0.367350 0.278512 0.209387 0.156098 0.115398 0.084598 0.061503 0.044345 0.031716 0.022510 0.015867 0.011129 0.007799 0.005512 0.004003 0.003090 0.002661 0.002661 
0.002065 0.002065 0.002413 0.003154 0.004386 0.006265 0.009020 0.012972 0.018560 0.026372 0.037181 0.051998 0.072121 0.099201 0.135310 0.183021 0.245482 0.326500 0.430614 0.563156 0.730303 0.939093 1.197405 1.513903 1.897914 2.359250 2.907953 3.553975 4.306777 5.174866 6.165272 7.282986 8.530388 9.906683 11.407380 13.023868 14.743100 16.547440 18.414694 20.318356 22.228068 24.110310 25.929298 27.648063 29.229662 30.638487 31.841583 32.809931 33.519607 33.952769 34.098398 33.952769 33.519607 32.809931 31.841583 30.638487 29.229662 27.648063 25.929298 24.110310 22.228068 20.318356 18.414694 16.547440 14.743100 13.023868 11.407380 9.906683 8.530388 7.282986 6.165272 5.174866 4.306777 3.553975 2.907953 2.359250 1.897914 1.513903 1.197405 0.939093 0.730304 0.563156 0.430614 0.326501 0.245483 0.183023 0.135313 0.099206 0.072129 0.052012 0.037203 0.026406 0.018615 0.013058 0.009152 0.006469 0.004698 0.003627 0.003124 0.003124 
0.002404 0.002404 0.002808 0.003670 0.005104 0.007289 0.010493 0.015090 0.021589 0.030672 0.043240 0.060466 0.083859 0.115336 0.157307 0.212757 0.285346 0.379493 0.500469 0.654468 0.848661 1.091218 1.391289 1.758929 2.204967 2.740787 3.378047 4.128293 5.002503 6.010544 7.160569 8.458364 9.906683 11.504590 13.246868 15.123512 17.119369 19.213965 21.381535 23.591310 25.808054 27.992865 30.104213 32.099194 33.934938 35.570123 36.966509 38.090423 38.914104 39.416848 39.585870 39.416848 38.914104 38.090423 36.966509 35.570123 33.934938 32.099194 30.104213 27.992865 25.808054 23.591310 21.381535 19.213965 17.119369 15.123512 13.246868 11.504590 9.906683 8.458364 7.160569 6.010544 5.002503 4.128293 3.378047 2.740787 2.204967 1.758930 1.391289 1.091218 0.848661 0.654468 0.500469 0.379494 0.285347 0.212760 0.157310 0.115342 0.083868 0.060482 0.043265 0.030712 0.021652 0.015189 0.010648 0.007527 0.005467 0.004222 0.003635 0.003635 
0.002774 0.002774 0.003240 0.004235 0.005888 0.008408 0.012103 0.017403 0.024896 0.035367 0.049855 0.069711 0.096673 0.132950 0.181316 0.245212 0.328851 0.437322 0.576694 0.754100 0.977795 1.257185 1.602801 2.026218 2.539898 3.156944 3.890770 4.754660 5.761244 6.921872 8.245918 9.740035 11.407380 13.246868 15.252484 17.412702 19.710079 22.121041 24.615933 27.159340 29.710711 32.225277 34.655247 36.951251 39.063961 40.945830 42.552858 43.846301 44.794219 45.372790 45.567305 45.372790 44.794219 43.846301 42.552858 40.945830 39.063961 36.951251 34.655247 32.225277 29.710711 27.159340 24.615933 22.121041 19.710079 17.412702 15.252484 13.246868 11.407380 9.740035 8.245918 6.921872 5.761244 4.754660 3.890770 3.156944 2.539898 2.026218 1.602801 1.257185 0.977796 0.754101 0.576695 0.437323 0.328852 0.245215 0.181320 0.132957 0.096684 0.069729 0.049884 0.035414 0.024969 0.017518 0.012281 0.008683 0.006307 0.004871 0.004195 0.004195 
0.003173 0.003173 0.003706 0.004844 0.006734 0.009615 0.013839 0.019898 0.028463 0.040432 0.056990 0.079681 0.110490 0.151942 0.207203 0.280203 0.375751 0.499660 0.658858 0.861488 1.116973 1.436049 1.830737 2.314246 2.900798 3.605345 4.443191 5.429493 6.578657 7.903630 9.415099 11.120647 13.023868 15.123512 17.412702 19.878280 22.500328 25.251939 28.099267 31.001896 33.913553 36.783151 39.556162 42.176254 44.587147 46.734593 48.568395 50.044349 51.126016 51.786220 52.008179 51.786220 51.126016 50.044349 48.568395 46.734593 44.587147 42.176254 39.556162 36.783151 33.913553 31.001896 28.099267 25.251939 22.500328 19.878280 17.412702 15.123512 13.023868 11.120647 9.415099 7.903630 6.578657 5.429493 4.443191 3.605345 2.900798 2.314246 1.830737 1.436049 1.116973 0.861488 0.658859 0.499661 0.375753 0.280206 0.207208 0.151950 0.110503 0.079701 0.057023 0.040485 0.028547 0.020030 0.014044 0.009930 0.007214 0.005571 0.004798 0.004798 
0.003599 0.003599 0.004203 0.005493 0.007635 0.010901 0.015689 0.022556 0.032262 0.045825 0.064587 0.090296 0.125202 0.172161 0.234760 0.317448 0.425671 0.566007 0.746302 0.975769 1.265076 1.626373 2.073264 2.620697 3.284763 4.082380 5.030862 6.147355 7.448155 8.947902 10.658682 12.589063 14.743100 17.119369 19.710079 22.500328 25.467571 28.581355 31.803380 35.087912 38.382594 41.629626 44.767315 47.731933 50.459809 52.889574 54.964441 56.634407 57.858252 58.605232 58.856364 58.605232 57.858252 56.634407 54.964441 52.889574 50.459809 47.731933 44.767315 41.629626 38.382594 35.087912 31.803380 28.581355 25.467571 22.500328 19.710079 17.119369 14.743100 12.589063 10.658682 8.947902 7.448155 6.147355 5.030862 4.082380 3.284763 2.620697 2.073264 1.626373 1.265076 0.975769 0.746302 0.566009 0.425673 0.317452 0.234766 0.172170 0.125216 0.090320 0.064624 0.045885 0.032357 0.022705 0.015921 0.011258 0.008180 0.006318 0.005442 0.005442 
0.004046 0.004046 0.004726 0.006175 0.008583 0.012253 0.017633 0.025349 0.036254 0.051491 0.072568 0.101449 0.140656 0.193400 0.263706 0.356568 0.478099 0.635686 0.838129 1.095773 1.420588 1.826209 2.327899 2.942431 3.687858 4.583161 5.647760 6.900889 8.360823 10.043981 11.963912 14.130219 16.547440 19.213965 22.121041 25.251939 28.581355 32.075118 35.690249 39.375441 43.071952 46.714941 50.235200 53.561241 56.621641 59.347564 61.675313 63.548799 64.921787 65.759794 66.041530 65.759794 64.921787 63.548799 61.675313 59.347564 56.621641 53.561241 50.235200 46.714941 43.071952 39.375441 35.690249 32.075118 28.581355 25.251939 22.121041 19.213965 16.547440 14.130219 11.963912 10.043981 8.360823 6.900889 5.647760 4.583161 3.687858 2.942431 2.327899 1.826209 1.420589 1.095774 0.838130 0.635687 0.478102 0.356572 0.263712 0.193410 0.140673 0.101475 0.072611 0.051559 0.036361 0.025517 0.017894 0.012654 0.009195 0.007102 0.006118 0.006118 
0.004510 0.004510 0.005267 0.006882 0.009565 0.013654 0.019648 0.028243 0.040390 0.057362 0.080837 0.113001 0.156664 0.215398 0.293684 0.397081 0.532393 0.707838 0.933213 1.220026 1.581598 2.033098 2.591510 3.275492 4.105128 5.101529 6.286298 7.680826 9.305437 11.178385 13.314737 15.725161 18.414694 21.381535 24.615933 28.099267 31.803380 35.690249 39.712063 43.811742 47.923943 51.976540 55.892553 59.592466 62.996843 66.029119 68.618453 70.702461 72.229725 73.161892 73.475283 73.161892 72.229725 70.702461 68.618453 66.029119 62.996843 59.592466 55.892553 51.976540 47.923943 43.811742 39.712063 35.690249 31.803380 28.099267 24.615933 21.381535 18.414694 15.725161 13.314737 11.178385 9.305437 7.680826 6.286298 5.101529 4.105128 3.275492 2.591510 2.033099 1.581598 1.220027 0.933213 0.707839 0.532395 0.397086 0.293691 0.215409 0.156682 0.113031 0.080885 0.057437 0.040509 0.028430 0.019938 0.014101 0.010247 0.007916 0.006819 0.006819 
0.004984 0.004984 0.005820 0.007604 0.010567 0.015084 0.021704 0.031196 0.044611 0.063353 0.089275 0.124789 0.172998 0.237842 0.324269 0.438412 0.587779 0.781439 1.030200 1.346762 1.745817 2.244103 2.860353 3.615150 4.530644 5.630123 6.937408 8.476092 10.268583 12.335009 14.691977 17.351245 20.318356 23.591310 27.159340 31.001896 35.087912 39.375441 43.811742 48.333855 52.869709 57.339754 61.659090 65.740024 69.494948 72.839428 75.695339 77.993888 79.678370 80.706492 81.052143 80.706492 79.678370 77.993888 75.695339 72.839428 69.494948 65.740024 61.659090 57.339754 52.869709 48.333855 43.811742 39.375441 35.087912 31.001896 27.159340 23.591310 20.318356 17.351245 14.691977 12.335009 10.268583 8.476092 6.937408 5.630123 4.530644 3.615150 2.860353 2.244103 1.745818 1.346762 1.030201 0.781440 0.587782 0.438417 0.324277 0.237854 0.173018 0.124822 0.089327 0.063437 0.044743 0.031403 0.022025 0.015578 0.011322 0.008746 0.007535 0.007535 
0.005460 0.005460 0.006376 0.008329 0.011574 0.016520 0.023769 0.034162 0.048850 0.069369 0.097747 0.136624 0.189396 0.260374 0.354972 0.479900 0.643373 0.855312 1.127543 1.473955 1.910623 2.455853 3.130135 3.955981 4.957616 6.160505 7.590701 9.273996 11.234895 13.495401 16.073666 18.982538 22.228068 25.808054 29.710711 33.913553 38.382594 43.071952 47.923943 52.869709 57.830431 62.719117 67.442924 71.905956 76.012417 79.669981 82.793218 85.306909 87.149049 88.273395 88.651395 88.273395 87.149049 85.306909 82.793218 79.669981 76.012417 71.905956 67.442924 62.719117 57.830431 52.869709 47.923943 43.071952 38.382594 33.913553 29.710711 25.808054 22.228068 18.982538 16.073666 13.495401 11.234895 9.273996 7.590701 6.160505 4.957616 3.955981 3.130135 2.455854 1.910624 1.473956 1.127544 0.855314 0.643376 0.479905 0.354980 0.260387 0.189418 0.136660 0.097805 0.069460 0.048995 0.034389 0.024120 0.017061 0.012401 0.009580 0.008254 0.008254 
0.005930 0.005930 0.006924 0.009045 0.012567 0.017937 0.025806 0.037089 0.053032 0.075303 0.106104 0.148298 0.205569 0.282596 0.385251 0.520814 0.698195 0.928157 1.223526 1.599368 2.073117 2.664625 3.396113 4.291995 5.378538 6.683356 8.234697 10.060524 12.187403 14.639186 17.435545 20.590403 24.110310 27.992865 32.225277 36.783151 41.629626 46.714941 51.976540 57.339754 62.719117 68.020301 73.142640 77.982158 82.434988 86.401029 89.787659 92.513325 94.510802 95.729955 96.139828 95.729955 94.510802 92.513325 89.787659 86.401029 82.434988 77.982158 73.142640 68.020301 62.719117 57.339754 51.976540 46.714941 41.629626 36.783151 32.225277 27.992865 24.110310 20.590403 17.435545 14.639186 12.187403 10.060524 8.234697 6.683356 5.378538 4.291995 3.396113 2.664625 2.073117 1.599369 1.223527 0.928159 0.698198 0.520819 0.385260 0.282611 0.205593 0.148337 0.106166 0.075403 0.053189 0.037335 0.026188 0.018525 0.013465 0.010404 0.008963 0.008963 
0.006384 0.006384 0.007455 0.009737 0.013529 0.019308 0.027777 0.039919 0.057076 0.081042 0.114186 0.159587 0.221209 0.304084 0.414528 0.560373 0.751200 0.998585 1.316321 1.720610 2.230200 2.866438 3.653219 4.616790 5.785395 7.188722 8.857139 10.820708 13.107984 15.744605 18.751714 22.144268 25.929298 30.104213 34.655247 39.556162 44.767315 50.235200 55.892553 61.659090 67.442924 73.142640 78.650012 83.853261 88.640725 92.904789 96.545883 99.476338 101.623886 102.934631 103.375297 102.934631 101.623886 99.476338 96.545883 92.904789 88.640725 83.853261 78.650012 73.142640 67.442924 61.659090 55.892553 50.235200 44.767315 39.556162 34.655247 30.104213 25.929298 22.144268 18.751714 15.744605 13.107984 10.820708 8.857139 7.188722 5.785395 4.616790 3.653219 2.866439 2.230201 1.720611 1.316322 0.998587 0.751203 0.560378 0.414538 0.304099 0.221235 0.159629 0.114253 0.081149 0.057245 0.040184 0.028188 0.019941 0.014495 0.011200 0.009650 0.009650 
