0.000000 0.000000 0.000000 0.000000 0.000000 0.000000 0.000000 0.000000 0.000000 0.000000 0.000000 0.000000 0.000000 0.000000 0.000000 0.000000 0.000000 0.000000 0.000000 0.000001 0.000001 0.000001 0.000002 0.000003 0.000004 0.000005 0.000007 0.000010 0.000013 0.000016 0.000021 0.000026 0.000033 0.000041 0.000050 0.000061 0.000072 0.000085 0.000099 0.000114 0.000130 0.000146 0.000162 0.000177 0.000192 0.000205 0.000217 0.000226 0.000233 0.000237 0.000239 0.000237 0.000233 0.000226 0.000217 0.000205 0.000192 0.000177 0.000162 0.000146 0.000130 0.000114 0.000099 0.000085 0.000072 0.000061 0.000050 0.000041 0.000033 0.000026 0.000021 0.000016 0.000013 0.000010 0.000007 0.000005 0.000004 0.000003 0.000002 0.000001 0.000001 0.000001 0.000000 0.000000 0.000000 0.000000 0.000000 0.000000 0.000000 0.000000 0.000000 0.000000 0.000000 0.000000 0.000000 0.000000 0.000000 0.000000 0.000000 0.000000 
0.000000 0.000000 0.000000 0.000000 0.000000 0.000000 0.000000 0.000000 0.000000 0.000000 0.000000 0.000000 0.000000 0.000000 0.000000 0.000000 0.000000 0.000000 0.000000 0.000001 0.000001 0.000001 0.000002 0.000003 0.000004 0.000005 0.000007 0.000010 0.000013 0.000016 0.000021 0.000026 0.000033 0.000041 0.000050 0.000061 0.000072 0.000085 0.000099 0.000114 0.000130 0.000146 0.000162 0.000177 0.000192 0.000205 0.000217 0.000226 0.000233 0.000237 0.000239 0.000237 0.000233 0.000226 0.000217 0.000205 0.000192 0.000177 0.000162 0.000146 0.000130 0.000114 0.000099 0.000085 0.000072 0.000061 0.000050 0.000041 0.000033 0.000026 0.000021 0.000016 0.000013 0.000010 0.000007 0.000005 0.000004 0.000003 0.000002 0.000001 0.000001 0.000001 0.000000 0.000000 0.000000 0.000000 0.000000 0.000000 0.000000 0.000000 0.000000 0.000000 0.000000 0.000000 0.000000 0.000000 0.000000 0.000000 0.000000 0.000000 
0.000000 0.000000 0.000000 0.000000 0.000000 0.000000 0.000000 0.000000 0.000000 0.000000 0.000000 0.000000 0.000000 0.000000 0.000000 0.000000 0.000000 0.000000 0.000001 0.000001 0.000001 0.000002 0.000003 0.000004 0.000005 0.000007 0.000010 0.000013 0.000017 0.000022 0.000028 0.000035 0.000044 0.000054 0.000066 0.000080 0.000096 0.000113 0.000131 0.000151 0.000172 0.000193 0.000214 0.000234 0.000253 0.000271 0.000286 0.000299 0.000308 0.000314 0.000316 0.000314 0.000308 0.000299 0.000286 0.000271 0.000253 0.000234 0.000214 0.000193 0.000172 0.000151 0.000131 0.000113 0.000096 0.000080 0.000066 0.000054 0.000044 0.000035 0.000028 0.000022 0.000017 0.000013 0.000010 0.000007 0.000005 0.000004 0.000003 0.000002 0.000001 0.000001 0.000001 0.000000 0.000000 0.000000 0.000000 0.000000 0.000000 0.000000 0.000000 0.000000 0.000000 0.000000 0.000000 0.000000 0.000000 0.000000 0.000000 0.000000 
0.000000 0.000000 0.000000 0.000000 0.000000 0.000000 0.000000 0.000000 0.000000 0.000000 0.000000 0.000000 0.000000 0.000000 0.000000 0.000000 0.000000 0.000001 0.000001 0.000001 0.000002 0.000003 0.000004 0.000006 0.000008 0.000011 0.000015 0.000020 0.000026 0.000034 0.000043 0.000055 0.000068 0.000085 0.000103 0.000125 0.000149 0.000175 0.000204 0.000235 0.000267 0.000300 0.000332 0.000364 0.000394 0.000421 0.000445 0.000464 0.000478 0.000487 0.000490 0.000487 0.000478 0.000464 0.000445 0.000421 0.000394 0.000364 0.000332 0.000300 0.000267 0.000235 0.000204 0.000175 0.000149 0.000125 0.000103 0.000085 0.000068 0.000055 0.000043 0.000034 0.000026 0.000020 0.000015 0.000011 0.000008 0.000006 0.000004 0.000003 0.000002 0.000001 0.000001 0.000001 0.000000 0.000000 0.000000 0.000000 0.000000 0.000000 0.000000 0.000000 0.000000 0.000000 0.000000 0.000000 0.000000 0.000000 0.000000 0.000000 
0.000000 0.000000 0.000000 0.000000 0.000000 0.000000 0.000000 0.000000 0.000000 0.000000 0.000000 0.000000 0.000000 0.000000 0.000000 0.000000 0.000001 0.000001 0.000002 0.000002 0.000003 0.000005 0.000007 0.000010 0.000013 0.000018 0.000025 0.000033 0.000043 0.000056 0.000072 0.000091 0.000113 0.000140 0.000171 0.000206 0.000246 0.000290 0.000337 0.000388 0.000441 0.000495 0.000549 0.000601 0.000650 0.000695 0.000734 0.000766 0.000790 0.000804 0.000809 0.000804 0.000790 0.000766 0.000734 0.000695 0.000650 0.000601 0.000549 0.000495 0.000441 0.000388 0.000337 0.000290 0.000246 0.000206 0.000171 0.000140 0.000113 0.000091 0.000072 0.000056 0.000043 0.000033 0.000025 0.000018 0.000013 0.000010 0.000007 0.000005 0.000003 0.000002 0.000002 0.000001 0.000001 0.000000 0.000000 0.000000 0.000000 0.000000 0.000000 0.000000 0.000000 0.000000 0.000000 0.000000 0.000000 0.000000 0.000000 0.000000 
0.000000 0.000000 0.000000 0.000000 0.000000 0.000000 0.000000 0.000000 0.000000 0.000000 0.000000 0.000000 0.000000 0.000000 0.000001 0.000001 0.000001 0.000002 0.000003 0.000004 0.000006 0.000008 0.000012 0.000016 0.000023 0.000031 0.000041 0.000055 0.000072 0.000094 0.000120 0.000152 0.000190 0.000235 0.000287 0.000346 0.000413 0.000486 0.000566 0.000650 0.000738 0.000829 0.000919 0.001006 0.001089 0.001164 0.001229 0.001283 0.001322 0.001346 0.001355 0.001346 0.001322 0.001283 0.001229 0.001164 0.001089 0.001006 0.000919 0.000829 0.000738 0.000650 0.000566 0.000486 0.000413 0.000346 0.000287 0.000235 0.000190 0.000152 0.000120 0.000094 0.000072 0.000055 0.000041 0.000031 0.000023 0.000016 0.000012 0.000008 0.000006 0.000004 0.000003 0.000002 0.000001 0.000001 0.000001 0.000000 0.000000 0.000000 0.000000 0.000000 0.000000 0.000000 0.000000 0.000000 0.000000 0.000000 0.000000 0.000000 
0.000000 0.000000 0.000000 0.000000 0.000000 0.000000 0.000000 0.000000 0.000000 0.000000 0.000000 0.000000 0.000000 0.000001 0.000001 0.000001 0.000002 0.000003 0.000005 0.000007 0.000010 0.000014 0.000020 0.000028 0.000038 0.000052 0.000070 0.000092 0.000121 0.000157 0.000201 0.000254 0.000318 0.000393 0.000480 0.000579 0.000690 0.000812 0.000945 0.001086 0.001234 0.001384 0.001534 0.001680 0.001818 0.001943 0.002052 0.002141 0.002207 0.002247 0.002261 0.002247 0.002207 0.002141 0.002052 0.001943 0.001818 0.001680 0.001534 0.001384 0.001234 0.001086 0.000945 0.000812 0.000690 0.000579 0.000480 0.000393 0.000318 0.000254 0.000201 0.000157 0.000121 0.000092 0.000070 0.000052 0.000038 0.000028 0.000020 0.000014 0.000010 0.000007 0.000005 0.000003 0.000002 0.000001 0.000001 0.000001 0.000000 0.000000 0.000000 0.000000 0.000000 0.000000 0.000000 0.000000 0.000000 0.000000 0.000000 0.000000 
0.000000 0.000000 0.000000 0.000000 0.000000 0.000000 0.000000 0.000000 0.000000 0.000000 0.000000 0.000000 0.000001 0.000001 0.000002 0.000002 0.000004 0.000005 0.000008 0.000011 0.000016 0.000023 0.000033 0.000046 0.000063 0.000086 0.000116 0.000153 0.000201 0.000261 0.000334 0.000422 0.000528 0.000652 0.000796 0.000960 0.001143 0.001346 0.001566 0.001799 0.002043 0.002292 0.002540 0.002781 0.003009 0.003216 0.003396 0.003543 0.003652 0.003719 0.003742 0.003719 0.003652 0.003543 0.003396 0.003216 0.003009 0.002781 0.002540 0.002292 0.002043 0.001799 0.001566 0.001346 0.001143 0.000960 0.000796 0.000652 0.000528 0.000422 0.000334 0.000261 0.000201 0.000153 0.000116 0.000086 0.000063 0.000046 0.000033 0.000023 0.000016 0.000011 0.000008 0.000005 0.000004 0.000002 0.000002 0.000001 0.000001 0.000000 0.000000 0.000000 0.000000 0.000000 0.000000 0.000000 0.000000 0.000000 0.000000 0.000000 
0.000000 0.000000 0.000000 0.000000 0.000000 0.000000 0.000000 0.000000 0.000000 0.000000 0.000000 0.000001 0.000001 0.000002 0.000003 0.000004 0.000006 0.000009 0.000013 0.000019 0.000027 0.000039 0.000054 0.000076 0.000104 0.000141 0.000190 0.000252 0.000330 0.000428 0.000548 0.000693 0.000866 0.001070 0.001306 0.001574 0.001875 0.002207 0.002567 0.002950 0.003348 0.003756 0.004162 0.004557 0.004930 0.005269 0.005563 0.005804 0.005982 0.006092 0.006128 0.006092 0.005982 0.005804 0.005563 0.005269 0.004930 0.004557 0.004162 0.003756 0.003348 0.002950 0.002567 0.002207 0.001875 0.001574 0.001306 0.001070 0.000866 0.000693 0.000548 0.000428 0.000330 0.000252 0.000190 0.000141 0.000104 0.000076 0.000054 0.000039 0.000027 0.000019 0.000013 0.000009 0.000006 0.000004 0.000003 0.000002 0.000001 0.000001 0.000000 0.000000 0.000000 0.000000 0.000000 0.000000 0.000000 0.000000 0.000000 0.000000 
0.000000 0.000000 0.000000 0.000000 0.000000 0.000000 0.000000 0.000000 0.000000 0.000000 0.000001 0.000001 0.000002 0.000003 0.000004 0.000006 0.000010 0.000014 0.000021 0.000031 0.000044 0.000063 0.000089 0.000123 0.000169 0.000230 0.000309 0.000410 0.000537 0.000696 0.000890 0.001126 0.001407 0.001737 0.002119 0.002554 0.003042 0.003580 0.004162 0.004782 0.005428 0.006087 0.006745 0.007385 0.007988 0.008536 0.009013 0.009402 0.009691 0.009868 0.009928 0.009868 0.009691 0.009402 0.009013 0.008536 0.007988 0.007385 0.006745 0.006087 0.005428 0.004782 0.004162 0.003580 0.003042 0.002554 0.002119 0.001737 0.001407 0.001126 0.000890 0.000696 0.000537 0.000410 0.000309 0.000230 0.000169 0.000123 0.000089 0.000063 0.000044 0.000031 0.000021 0.000014 0.000010 0.000006 0.000004 0.000003 0.000002 0.000001 0.000001 0.000000 0.000000 0.000000 0.000000 0.000000 0.000000 0.000000 0.000000 0.000000 
0.000000 0.000000 0.000000 0.000000 0.000000 0.000000 0.000000 0.000000 0.000000 0.000001 0.000001 0.000002 0.000003 0.000004 0.000007 0.000010 0.000015 0.000023 0.000034 0.000049 0.000071 0.000101 0.000143 0.000198 0.000273 0.000370 0.000497 0.000659 0.000863 0.001117 0.001430 0.001807 0.002258 0.002787 0.003400 0.004097 0.004879 0.005741 0.006674 0.007666 0.008700 0.009756 0.010809 0.011833 0.012798 0.013676 0.014439 0.015062 0.015523 0.015807 0.015903 0.015807 0.015523 0.015062 0.014439 0.013676 0.012798 0.011833 0.010809 0.009756 0.008700 0.007666 0.006674 0.005741 0.004879 0.004097 0.003400 0.002787 0.002258 0.001807 0.001430 0.001117 0.000863 0.000659 0.000497 0.000370 0.000273 0.000198 0.000143 0.000101 0.000071 0.000049 0.000034 0.000023 0.000015 0.000010 0.000007 0.000004 0.000003 0.000002 0.000001 0.000001 0.000000 0.000000 0.000000 0.000000 0.000000 0.000000 0.000000 0.000000 
0.000000 0.000000 0.000000 0.000000 0.000000 0.000000 0.000000 0.000000 0.000001 0.000001 0.000002 0.000003 0.000004 0.000007 0.000011 0.000016 0.000025 0.000037 0.000054 0.000079 0.000114 0.000162 0.000227 0.000316 0.000434 0.000589 0.000790 0.001047 0.001371 0.001775 0.002270 0.002869 0.003584 0.004423 0.005393 0.006499 0.007737 0.009102 0.010580 0.012151 0.013789 0.015461 0.017128 0.018748 0.020275 0.021665 0.022872 0.023858 0.024588 0.025036 0.025188 0.025036 0.024588 0.023858 0.022872 0.021665 0.020275 0.018748 0.017128 0.015461 0.013789 0.012151 0.010580 0.009102 0.007737 0.006499 0.005393 0.004423 0.003584 0.002869 0.002270 0.001775 0.001371 0.001047 0.000790 0.000589 0.000434 0.000316 0.000227 0.000162 0.000114 0.000079 0.000054 0.000037 0.000025 0.000016 0.000011 0.000007 0.000004 0.000003 0.000002 0.000001 0.000001 0.000000 0.000000 0.000000 0.000000 0.000000 0.000000 0.000000 
0.000000 0.000000 0.000000 0.000000 0.000000 0.000000 0.000000 0.000001 0.000001 0.000002 0.000003 0.000004 0.000007 0.000011 0.000017 0.000026 0.000039 0.000058 0.000085 0.000124 0.000179 0.000254 0.000358 0.000497 0.000682 0.000926 0.001241 0.001645 0.002154 0.002787 0.003564 0.004504 0.005623 0.006938 0.008459 0.010191 0.012131 0.014269 0.016583 0.019043 0.021607 0.024224 0.026833 0.029368 0.031758 0.033932 0.035821 0.037363 0.038505 0.039207 0.039444 0.039207 0.038505 0.037363 0.035821 0.033932 0.031758 0.029368 0.026833 0.024224 0.021607 0.019043 0.016583 0.014269 0.012131 0.010191 0.008459 0.006938 0.005623 0.004504 0.003564 0.002787 0.002154 0.001645 0.001241 0.000926 0.000682 0.000497 0.000358 0.000254 0.000179 0.000124 0.000085 0.000058 0.000039 0.000026 0.000017 0.000011 0.000007 0.000004 0.000003 0.000002 0.000001 0.000001 0.000000 0.000000 0.000000 0.000000 0.000000 0.000000 
0.000000 0.000000 0.000000 0.000000 0.000000 0.000000 0.000001 0.000001 0.000002 0.000003 0.000004 0.000007 0.000011 0.000017 0.000026 0.000040 0.000061 0.000090 0.000133 0.000193 0.000278 0.000396 0.000556 0.000773 0.001060 0.001438 0.001928 0.002555 0.003344 0.004327 0.005532 0.006988 0.008724 0.010762 0.013118 0.015801 0.018805 0.022115 0.025699 0.029507 0.033475 0.037525 0.041562 0.045484 0.049182 0.052546 0.055468 0.057853 0.059620 0.060705 0.061072 0.060705 0.059620 0.057853 0.055468 0.052546 0.049182 0.045484 0.041562 0.037525 0.033475 0.029507 0.025699 0.022115 0.018805 0.015801 0.013118 0.010762 0.008724 0.006988 0.005532 0.004327 0.003344 0.002555 0.001928 0.001438 0.001060 0.000773 0.000556 0.000396 0.000278 0.000193 0.000133 0.000090 0.000061 0.000040 0.000026 0.000017 0.000011 0.000007 0.000004 0.000003 0.000002 0.000001 0.000001 0.000000 0.000000 0.000000 0.000000 0.000000 
0.000000 0.000000 0.000000 0.000000 0.000000 0.000001 0.000001 0.000002 0.000003 0.000004 0.000007 0.000011 0.000017 0.000026 0.000041 0.000062 0.000093 0.000139 0.000205 0.000298 0.000428 0.000609 0.000855 0.001188 0.001630 0.002210 0.002962 0.003923 0.005134 0.006641 0.008488 0.010720 0.013380 0.016502 0.020112 0.024220 0.028820 0.033888 0.039373 0.045201 0.051274 0.057470 0.063647 0.069647 0.075304 0.080448 0.084918 0.088566 0.091267 0.092927 0.093488 0.092927 0.091267 0.088566 0.084918 0.080448 0.075304 0.069647 0.063647 0.057470 0.051274 0.045201 0.039373 0.033888 0.028820 0.024220 0.020112 0.016502 0.013380 0.010720 0.008488 0.006641 0.005134 0.003923 0.002962 0.002210 0.001630 0.001188 0.000855 0.000609 0.000428 0.000298 0.000205 0.000139 0.000093 0.000062 0.000041 0.000026 0.000017 0.000011 0.000007 0.000004 0.000003 0.000002 0.000001 0.000001 0.000000 0.000000 0.000000 0.000000 
0.000000 0.000000 0.000000 0.000000 0.000000 0.000001 0.000001 0.000002 0.000004 0.000006 0.000010 0.000016 0.000026 0.000040 0.000062 0.000094 0.000142 0.000212 0.000312 0.000453 0.000652 0.000926 0.001300 0.001805 0.002476 0.003357 0.004497 0.005955 0.007792 0.010076 0.012875 0.016258 0.020288 0.025016 0.030482 0.036702 0.043667 0.051337 0.059637 0.068455 0.077643 0.087016 0.096360 0.105435 0.113990 0.121769 0.128529 0.134044 0.138129 0.140639 0.141486 0.140639 0.138129 0.134044 0.128529 0.121769 0.113990 0.105435 0.096360 0.087016 0.077643 0.068455 0.059637 0.051337 0.043667 0.036702 0.030482 0.025016 0.020288 0.016258 0.012875 0.010076 0.007792 0.005955 0.004497 0.003357 0.002476 0.001805 0.001300 0.000926 0.000652 0.000453 0.000312 0.000212 0.000142 0.000094 0.000062 0.000040 0.000026 0.000016 0.000010 0.000006 0.000004 0.000002 0.000001 0.000001 0.000001 0.000000 0.000000 0.000000 
0.000000 0.000000 0.000000 0.000000 0.000001 0.000001 0.000002 0.000004 0.000006 0.000010 0.000015 0.000025 0.000039 0.000061 0.000093 0.000142 0.000214 0.000319 0.000469 0.000682 0.000980 0.001392 0.001954 0.002712 0.003719 0.005040 0.006751 0.008936 0.011690 0.015113 0.019307 0.024375 0.030410 0.037491 0.045674 0.054984 0.065407 0.076884 0.089302 0.102494 0.116237 0.130255 0.144227 0.157798 0.170589 0.182220 0.192325 0.200571 0.206677 0.210429 0.211695 0.210429 0.206677 0.200571 0.192325 0.182220 0.170589 0.157798 0.144227 0.130255 0.116237 0.102494 0.089302 0.076884 0.065407 0.054984 0.045674 0.037491 0.030410 0.024375 0.019307 0.015113 0.011690 0.008936 0.006751 0.005040 0.003719 0.002712 0.001954 0.001392 0.000980 0.000682 0.000469 0.000319 0.000214 0.000142 0.000093 0.000061 0.000039 0.000025 0.000015 0.000010 0.000006 0.000004 0.000002 0.000001 0.000001 0.000001 0.000000 0.000000 
0.000000 0.000000 0.000000 0.000001 0.000001 0.000002 0.000003 0.000005 0.000009 0.000014 0.000023 0.000037 0.000058 0.000090 0.000139 0.000212 0.000319 0.000474 0.000697 0.001014 0.001456 0.002068 0.002903 0.004027 0.005521 0.007480 0.010017 0.013256 0.017337 0.022408 0.028621 0.036126 0.045062 0.055544 0.067654 0.081431 0.096853 0.113831 0.132199 0.151709 0.172031 0.192758 0.213415 0.233476 0.252384 0.269576 0.284511 0.296698 0.305722 0.311268 0.313139 0.311268 0.305722 0.296698 0.284511 0.269576 0.252384 0.233476 0.213415 0.192758 0.172031 0.151709 0.132199 0.113831 0.096853 0.081431 0.067654 0.055544 0.045062 0.036126 0.028621 0.022408 0.017337 0.013256 0.010017 0.007480 0.005521 0.004027 0.002903 0.002068 0.001456 0.001014 0.000697 0.000474 0.000319 0.000212 0.000139 0.000090 0.000058 0.000037 0.000023 0.000014 0.000009 0.000005 0.000003 0.000002 0.000001 0.000001 0.000001 0.000001 
0.000000 0.000000 0.000001 0.000001 0.000002 0.000003 0.000005 0.000008 0.000013 0.000021 0.000034 0.000054 0.000085 0.000133 0.000205 0.000312 0.000469 0.000697 0.001025 0.001490 0.002140 0.003038 0.004263 0.005911 0.008102 0.010975 0.014693 0.019439 0.025418 0.032845 0.041942 0.052930 0.066008 0.081347 0.099067 0.119221 0.141778 0.166607 0.193466 0.221990 0.251699 0.281996 0.312189 0.341507 0.369139 0.394261 0.416084 0.433891 0.447076 0.455179 0.457912 0.455179 0.447076 0.433891 0.416084 0.394261 0.369139 0.341507 0.312189 0.281996 0.251699 0.221990 0.193466 0.166607 0.141778 0.119221 0.099067 0.081347 0.066008 0.052930 0.041942 0.032845 0.025418 0.019439 0.014693 0.010975 0.008102 0.005911 0.004263 0.003038 0.002140 0.001490 0.001025 0.000697 0.000469 0.000312 0.000205 0.000133 0.000085 0.000054 0.000034 0.000021 0.000013 0.000008 0.000005 0.000003 0.000002 0.000001 0.000001 0.000001 
0.000001 0.000001 0.000001 0.000001 0.000002 0.000004 0.000007 0.000011 0.000019 0.000031 0.000049 0.000079 0.000124 0.000193 0.000298 0.000453 0.000682 0.001014 0.001490 0.002164 0.003108 0.004411 0.006187 0.008577 0.011753 0.015917 0.021303 0.028178 0.036836 0.047588 0.060757 0.076658 0.095582 0.117772 0.143402 0.172548 0.205165 0.241062 0.279886 0.321115 0.364051 0.407832 0.451458 0.493818 0.533737 0.570029 0.601554 0.627275 0.646320 0.658024 0.661972 0.658024 0.646320 0.627275 0.601554 0.570029 0.533737 0.493818 0.451458 0.407832 0.364051 0.321115 0.279886 0.241062 0.205165 0.172548 0.143402 0.117772 0.095582 0.076658 0.060757 0.047588 0.036836 0.028178 0.021303 0.015917 0.011753 0.008577 0.006187 0.004411 0.003108 0.002164 0.001490 0.001014 0.000682 0.000453 0.000298 0.000193 0.000124 0.000079 0.000049 0.000031 0.000019 0.000011 0.000007 0.000004 0.000003 0.000002 0.000001 0.000001 
0.000001 0.000001 0.000001 0.000002 0.000003 0.000006 0.000010 0.000016 0.000027 0.000044 0.000071 0.000114 0.000179 0.000278 0.000428 0.000652 0.000980 0.001456 0.002140 0.003108 0.004461 0.006329 0.008876 0.012302 0.016853 0.022817 0.030531 0.040375 0.052768 0.068157 0.087001 0.109748 0.136815 0.168549 0.205196 0.246864 0.293486 0.344789 0.400271 0.459180 0.520522 0.583066 0.645382 0.705884 0.762897 0.814727 0.859746 0.896476 0.923671 0.940383 0.946021 0.940383 0.923671 0.896476 0.859746 0.814727 0.762897 0.705884 0.645382 0.583066 0.520522 0.459180 0.400271 0.344789 0.293486 0.246864 0.205196 0.168549 0.136815 0.109748 0.087001 0.068157 0.052768 0.040375 0.030531 0.022817 0.016853 0.012302 0.008876 0.006329 0.004461 0.003108 0.002140 0.001456 0.000980 0.000652 0.000428 0.000278 0.000179 0.000114 0.000071 0.000044 0.000027 0.000016 0.000010 0.000006 0.000004 0.000002 0.000002 0.000002 
0.000001 0.000001 0.000002 0.000003 0.000005 0.000008 0.000014 0.000023 0.000039 0.000063 0.000101 0.000162 0.000254 0.000396 0.000609 0.000926 0.001392 0.002068 0.003038 0.004411 0.006329 0.008978 0.012586 0.017440 0.023885 0.032330 0.043251 0.057184 0.074721 0.096491 0.123144 0.155313 0.193583 0.238444 0.290242 0.349128 0.415005 0.487488 0.565864 0.649073 0.735707 0.824032 0.912027 0.997454 1.077949 1.151122 1.214677 1.266528 1.304917 1.328507 1.336465 1.328507 1.304917 1.266528 1.214677 1.151122 1.077949 0.997454 0.912027 0.824032 0.735707 0.649073 0.565864 0.487488 0.415005 0.349128 0.290242 0.238444 0.193583 0.155313 0.123144 0.096491 0.074721 0.057184 0.043251 0.032330 0.023885 0.017440 0.012586 0.008978 0.006329 0.004411 0.003038 0.002068 0.001392 0.000926 0.000609 0.000396 0.000254 0.000162 0.000101 0.000063 0.000039 0.000024 0.000014 0.000009 0.000005 0.000003 0.000003 0.000003 
0.000002 0.000002 0.000003 0.000004 0.000007 0.000012 0.000020 0.000033 0.000054 0.000089 0.000143 0.000227 0.000358 0.000556 0.000855 0.001300 0.001954 0.002903 0.004263 0.006187 0.008876 0.012586 0.017641 0.024438 0.033461 0.045281 0.060562 0.080054 0.104583 0.135028 0.172292 0.217261 0.270749 0.333438 0.405810 0.488072 0.580089 0.681320 0.790766 0.906950 1.027904 1.151206 1.274038 1.393277 1.505624 1.607746 1.696440 1.768799 1.822369 1.855288 1.866393 1.855288 1.822369 1.768799 1.696440 1.607746 1.505624 1.393277 1.274038 1.151206 1.027904 0.906950 0.790766 0.681320 0.580089 0.488072 0.405810 0.333438 0.270749 0.217261 0.172292 0.135028 0.104583 0.080054 0.060562 0.045281 0.033461 0.024438 0.017641 0.012586 0.008876 0.006187 0.004263 0.002903 0.001954 0.001300 0.000855 0.000556 0.000358 0.000227 0.000143 0.000089 0.000054 0.000033 0.000020 0.000012 0.000007 0.000005 0.000004 0.000004 
0.000003 0.000003 0.000004 0.000006 0.000010 0.000016 0.000028 0.000046 0.000076 0.000123 0.000198 0.000316 0.000497 0.000773 0.001188 0.001805 0.002712 0.004027 0.005911 0.008577 0.012302 0.017440 0.024438 0.033846 0.046331 0.062684 0.083820 0.110774 0.144687 0.186770 0.238270 0.300408 0.374304 0.460898 0.560852 0.674449 0.801500 0.941254 1.092334 1.252696 1.419626 1.589782 1.759275 1.923798 2.078802 2.219691 2.342050 2.441869 2.515768 2.561178 2.576496 2.561178 2.515768 2.441869 2.342050 2.219691 2.078802 1.923798 1.759275 1.589782 1.419626 1.252696 1.092334 0.941254 0.801500 0.674449 0.560852 0.460898 0.374304 0.300408 0.238270 0.186770 0.144687 0.110774 0.083820 0.062684 0.046331 0.033846 0.024438 0.017440 0.012302 0.008577 0.005911 0.004027 0.002712 0.001805 0.001188 0.000773 0.000497 0.000316 0.000198 0.000123 0.000076 0.000046 0.000028 0.000017 0.000010 0.000007 0.000005 0.000005 
0.000004 0.000004 0.000005 0.000008 0.000013 0.000023 0.000038 0.000063 0.000104 0.000169 0.000273 0.000434 0.000682 0.001060 0.001630 0.002476 0.003719 0.005521 0.008102 0.011753 0.016853 0.023885 0.033461 0.046331 0.063408 0.085768 0.114664 0.151507 0.197850 0.255350 0.325702 0.410571 0.511485 0.629721 0.766177 0.921239 1.094642 1.285360 1.491510 1.710304 1.938038 2.170152 2.401343 2.625741 2.837141 3.029282 3.196143 3.332264 3.433034 3.494956 3.515844 3.494956 3.433034 3.332264 3.196143 3.029282 2.837141 2.625741 2.401343 2.170152 1.938038 1.710304 1.491510 1.285360 1.094642 0.921239 0.766177 0.629721 0.511485 0.410571 0.325702 0.255350 0.197850 0.151507 0.114664 0.085768 0.063408 0.046331 0.033461 0.023885 0.016853 0.011753 0.008102 0.005521 0.003719 0.002476 0.001630 0.001060 0.000682 0.000434 0.000273 0.000169 0.000104 0.000063 0.000038 0.000023 0.000014 0.000009 0.000007 0.000007 
0.000005 0.000005 0.000007 0.000011 0.000018 0.000031 0.000052 0.000086 0.000141 0.000230 0.000370 0.000589 0.000926 0.001438 0.002210 0.003357 0.005040 0.007480 0.010975 0.015917 0.022817 0.032330 0.045281 0.062684 0.085768 0.115990 0.155036 0.204811 0.267410 0.345063 0.440059 0.554636 0.690853 0.850428 1.034568 1.243787 1.477724 1.734991 2.013046 2.308124 2.615231 2.928219 3.239939 3.542479 3.827480 4.086501 4.311436 4.494925 4.630758 4.714223 4.742379 4.714223 4.630758 4.494925 4.311436 4.086501 3.827480 3.542479 3.239939 2.928219 2.615231 2.308124 2.013046 1.734991 1.477724 1.243787 1.034568 0.850428 0.690853 0.554636 0.440059 0.345063 0.267410 0.204811 0.155036 0.115990 0.085768 0.062684 0.045281 0.032330 0.022817 0.015917 0.010975 0.007480 0.005040 0.003357 0.002210 0.001438 0.000926 0.000589 0.000370 0.000230 0.000142 0.000086 0.000052 0.000031 0.000019 0.000012 0.000009 0.000009 
0.000007 0.000007 0.000010 0.000015 0.000025 0.000041 0.000070 0.000116 0.000190 0.000309 0.000497 0.000790 0.001241 0.001928 0.002962 0.004497 0.006751 0.010017 0.014693 0.021303 0.030531 0.043251 0.060562 0.083820 0.114664 0.155036 0.207186 0.273652 0.357228 0.460884 0.587669 0.740563 0.922307 1.135185 1.380801 1.659832 1.971792 2.314824 2.685536 3.078905 3.488275 3.905451 4.320906 4.724101 5.103900 5.449062 5.748789 5.993281 6.174269 6.285480 6.322994 6.285480 6.174269 5.993281 5.748789 5.449062 5.103900 4.724101 4.320906 3.905451 3.488275 3.078905 2.685536 2.314824 1.971792 1.659832 1.380801 1.135185 0.922307 0.740563 0.587669 0.460884 0.357228 0.273652 0.207186 0.155036 0.114664 0.083820 0.060562 0.043251 0.030531 0.021303 0.014693 0.010017 0.006751 0.004497 0.002962 0.001928 0.001241 0.000790 0.000497 0.000309 0.000190 0.000116 0.000070 0.000042 0.000026 0.000017 0.000013 0.000013 
0.000010 0.000010 0.000013 0.000020 0.000033 0.000055 0.000092 0.000153 0.000252 0.000410 0.000659 0.001047 0.001645 0.002555 0.003923 0.005955 0.008936 0.013256 0.019439 0.028178 0.040375 0.057184 0.080054 0.110774 0.151507 0.204811 0.273652 0.361377 0.471663 0.608424 0.775674 0.977337 1.217015 1.497714 1.821539 2.189373 2.600569 3.052673 3.541208 4.059555 4.598940 5.148567 5.695891 6.227030 6.727321 7.181966 7.576749 7.898770 8.137145 8.283615 8.333023 8.283615 8.137145 7.898770 7.576749 7.181966 6.727321 6.227030 5.695891 5.148567 4.598940 4.059555 3.541208 3.052673 2.600569 2.189373 1.821539 1.497714 1.217015 0.977337 0.775674 0.608424 0.471663 0.361377 0.273652 0.204811 0.151507 0.110774 0.080054 0.057184 0.040375 0.028178 0.019439 0.013256 0.008936 0.005955 0.003923 0.002555 0.001645 0.001047 0.000659 0.000410 0.000252 0.000154 0.000093 0.000056 0.000034 0.000022 0.000017 0.000017 
0.000013 0.000013 0.000017 0.000026 0.000043 0.000072 0.000121 0.000201 0.000330 0.000537 0.000863 0.001371 0.002154 0.003344 0.005134 0.007792 0.011690 0.017337 0.025418 0.036836 0.052768 0.074721 0.104583 0.144687 0.197850 0.267410 0.357228 0.471663 0.615505 0.793849 1.011918 1.274818 1.587233 1.953070 2.375060 2.854345 3.390071 3.979032 4.615393 5.290526 5.993005 6.708770 7.421486 8.113088 8.764489 9.356430 9.870412 10.289651 10.599984 10.790666 10.854987 10.790666 10.599984 10.289651 9.870412 9.356430 8.764489 8.113088 7.421486 6.708770 5.993005 5.290526 4.615393 3.979032 3.390071 2.854345 2.375060 1.953070 1.587233 1.274818 1.011918 0.793849 0.615505 0.471663 0.357228 0.267410 0.197850 0.144687 0.104583 0.074721 0.052768 0.036836 0.025418 0.017337 0.011690 0.007792 0.005134 0.003344 0.002154 0.001371 0.000863 0.000537 0.000331 0.000201 0.000122 0.000073 0.000045 0.000029 0.000022 0.000022 
0.000016 0.000016 0.000022 0.000034 0.000056 0.000094 0.000157 0.000261 0.000428 0.000696 0.001117 0.001775 0.002787 0.004327 0.006641 0.010076 0.015113 0.022408 0.032845 0.047588 0.068157 0.096491 0.135028 0.186770 0.255350 0.345063 0.460884 0.608424 0.793849 1.023715 1.304740 1.643491 2.045990 2.517255 3.060791 3.678054 4.367935 5.126296 5.945613 6.814777 7.719075 8.640412 9.557767 10.447895 11.286240 12.048028 12.709467 13.248965 13.648310 13.893680 13.976449 13.893680 13.648310 13.248965 12.709467 12.048028 11.286240 10.447895 9.557767 8.640412 7.719075 6.814777 5.945613 5.126296 4.367935 3.678054 3.060791 2.517255 2.045990 1.643491 1.304740 1.023715 0.793849 0.608424 0.460884 0.345063 0.255350 0.186770 0.135028 0.096491 0.068157 0.047588 0.032845 0.022408 0.015113 0.010076 0.006641 0.004327 0.002787 0.001775 0.001117 0.000696 0.000428 0.000261 0.000158 0.000095 0.000058 0.000038 0.000029 0.000029 
0.000021 0.000021 0.000028 0.000043 0.000072 0.000120 0.000201 0.000334 0.000548 0.000890 0.001430 0.002270 0.003564 0.005532 0.008488 0.012875 0.019307 0.028621 0.041942 0.060757 0.087001 0.123144 0.172292 0.238270 0.325702 0.440059 0.587669 0.775674 1.011918 1.304740 1.662683 2.094094 2.606625 3.206648 3.898609 4.684346 5.562432 6.527590 7.570236 8.676225 9.826838 10.999051 12.166129 13.298506 14.364957 15.333983 16.175330 16.861553 17.369494 17.681586 17.786860 17.681586 17.369494 16.861553 16.175330 15.333983 14.364957 13.298506 12.166129 10.999051 9.826838 8.676225 7.570236 6.527590 5.562432 4.684346 3.898609 3.206648 2.606625 2.094094 1.662683 1.304740 1.011918 0.775674 0.587669 0.440059 0.325702 0.238270 0.172292 0.123144 0.087001 0.060757 0.041942 0.028621 0.019307 0.012875 0.008488 0.005532 0.003564 0.002270 0.001430 0.000890 0.000548 0.000334 0.000202 0.000122 0.000074 0.000048 0.000037 0.000037 
0.000026 0.000026 0.000035 0.000055 0.000091 0.000152 0.000254 0.000422 0.000693 0.001126 0.001807 0.002869 0.004504 0.006988 0.010720 0.016258 0.024375 0.036126 0.052930 0.076658 0.109748 0.155313 0.217261 0.300408 0.410571 0.554636 0.740563 0.977337 1.274818 1.643491 2.094094 2.637114 3.282161 4.037237 4.907914 5.896485 7.001140 8.215224 9.526673 10.917690 12.364727 13.838837 15.306403 16.730261 18.071164 19.289522 20.347316 21.210055 21.848642 22.241000 22.373349 22.241000 21.848642 21.210055 20.347316 19.289522 18.071164 16.730261 15.306403 13.838837 12.364727 10.917690 9.526673 8.215224 7.001140 5.896485 4.907914 4.037237 3.282161 2.637114 2.094094 1.643491 1.274818 0.977337 0.740563 0.554636 0.410571 0.300408 0.217261 0.155313 0.109748 0.076658 0.052930 0.036126 0.024375 0.016258 0.010720 0.006988 0.004504 0.002869 0.001808 0.001126 0.000694 0.000423 0.000256 0.000154 0.000094 0.000061 0.000047 0.000047 
0.000033 0.000033 0.000044 0.000068 0.000113 0.000190 0.000318 0.000528 0.000866 0.001407 0.002258 0.003584 0.005623 0.008724 0.013380 0.020288 0.030410 0.045062 0.066008 0.095582 0.136815 0.193583 0.270749 0.374304 0.511485 0.690853 0.922307 1.217015 1.587233 2.045990 2.606625 3.282161 4.084533 5.023666 6.106466 7.335766 8.709292 10.218753 11.849140 13.578319 15.377017 17.209255 19.033261 20.802857 22.469284 23.983362 25.297864 26.369948 27.163474 27.651025 27.815481 27.651025 27.163474 26.369948 25.297864 23.983362 22.469284 20.802857 19.033261 17.209255 15.377017 13.578319 11.849140 10.218753 8.709292 7.335766 6.106466 5.023666 4.084533 3.282161 2.606625 2.045990 1.587233 1.217015 0.922307 0.690853 0.511485 0.374304 0.270749 0.193583 0.136815 0.095582 0.066008 0.045062 0.030410 0.020288 0.013380 0.008724 0.005623 0.003584 0.002258 0.001407 0.000867 0.000529 0.000320 0.000193 0.000118 0.000077 0.000059 0.000059 
0.000041 0.000041 0.000054 0.000085 0.000140 0.000235 0.000393 0.000652 0.001070 0.001737 0.002787 0.004423 0.006938 0.010762 0.016502 0.025016 0.037491 0.055544 0.081347 0.117772 0.168549 0.238444 0.333438 0.460898 0.629721 0.850428 1.135185 1.497714 1.953070 2.517255 3.206648 4.037237 5.023666 6.178108 7.509027 9.019876 10.707838 12.562706 14.566021 16.690579 18.900413 21.151325 23.392006 25.565749 27.612678 29.472408 31.086953 32.403717 33.378331 33.977138 34.179121 33.977138 33.378331 32.403717 31.086953 29.472408 27.612678 25.565749 23.392006 21.151325 18.900413 16.690579 14.566021 12.562706 10.707838 9.019876 7.509027 6.178108 5.023666 4.037237 3.206648 2.517255 1.953070 1.497714 1.135185 0.850428 0.629721 0.460898 0.333438 0.238444 0.168549 0.117772 0.081347 0.055544 0.037491 0.025016 0.016502 0.010762 0.006939 0.004423 0.002787 0.001737 0.001071 0.000653 0.000395 0.000238 0.000146 0.000095 0.000072 0.000072 
0.000050 0.000050 0.000066 0.000103 0.000171 0.000287 0.000480 0.000796 0.001306 0.002119 0.003400 0.005393 0.008459 0.013118 0.020112 0.030482 0.045674 0.067654 0.099067 0.143402 0.205196 0.290242 0.405810 0.560852 0.766177 1.034568 1.380801 1.821539 2.375060 3.060791 3.898609 4.907914 6.106466 7.509027 9.125845 10.961085 13.011300 15.264070 17.696960 20.276925 22.960284 25.693375 28.413912 31.053061 33.538151 35.795895 37.755929 39.354426 40.537548 41.264455 41.509647 41.264455 40.537548 39.354426 37.755929 35.795895 33.538151 31.053061 28.413912 25.693375 22.960284 20.276925 17.696960 15.264070 13.011300 10.961085 9.125845 7.509027 6.106466 4.907914 3.898609 3.060791 2.375060 1.821539 1.380801 1.034568 0.766177 0.560852 0.405810 0.290242 0.205196 0.143402 0.099067 0.067654 0.045674 0.030482 0.020112 0.013118 0.008459 0.005393 0.003400 0.002119 0.001306 0.000797 0.000482 0.000291 0.000178 0.000116 0.000088 0.000088 
0.000061 0.000061 0.000080 0.000125 0.000206 0.000346 0.000579 0.000960 0.001574 0.002554 0.004097 0.006499 0.010191 0.015801 0.024220 0.036702 0.054984 0.081431 0.119221 0.172548 0.246864 0.349128 0.488072 0.674449 0.921239 1.243787 1.659832 2.189373 2.854345 3.678054 4.684346 5.896485 7.335766 9.019876 10.961085 13.164361 15.625535 18.329673 21.249827 24.346323 27.566734 30.846663 34.111377 37.278294 40.260237 42.969298 45.321077 47.239022 48.658560 49.530710 49.824893 49.530710 48.658560 47.239022 45.321077 42.969298 40.260237 37.278294 34.111377 30.846663 27.566734 24.346323 21.249827 18.329673 15.625535 13.164361 10.961085 9.019876 7.335766 5.896485 4.684346 3.678054 2.854345 2.189373 1.659832 1.243787 0.921239 0.674449 0.488072 0.349128 0.246864 0.172548 0.119221 0.081431 0.054984 0.036702 0.024220 0.015801 0.010191 0.006499 0.004097 0.002554 0.001575 0.000961 0.000582 0.000351 0.000215 0.000140 0.000107 0.000107 
0.000072 0.000072 0.000096 0.000149 0.000246 0.000413 0.000690 0.001143 0.001875 0.003042 0.004879 0.007737 0.012131 0.018805 0.028820 0.043667 0.065407 0.096853 0.141778 0.205165 0.293486 0.415005 0.580089 0.801500 1.094642 1.477724 1.971792 2.600569 3.390071 4.367935 5.562432 7.001140 8.709292 10.707838 13.011300 15.625535 18.545562 21.753638 25.217773 28.890889 32.710795 36.601113 40.473219 44.229189 47.765662 50.978416 53.767391 56.041839 57.725214 58.759453 59.108308 58.759453 57.725214 56.041839 53.767391 50.978416 47.765662 44.229189 40.473219 36.601113 32.710795 28.890889 25.217773 21.753638 18.545562 15.625535 13.011300 10.707838 8.709292 7.001140 5.562432 4.367935 3.390071 2.600569 1.971792 1.477724 1.094642 0.801500 0.580089 0.415005 0.293486 0.205165 0.141778 0.096853 0.065407 0.043667 0.028820 0.018805 0.012131 0.007737 0.004879 0.003042 0.001876 0.001145 0.000693 0.000418 0.000256 0.000167 0.000127 0.000127 
0.000085 0.000085 0.000113 0.000175 0.000290 0.000486 0.000812 0.001346 0.002207 0.003580 0.005741 0.009102 0.014269 0.022115 0.033888 0.051337 0.076884 0.113831 0.166607 0.241062 0.344789 0.487488 0.681320 0.941254 1.285360 1.734991 2.314824 3.052673 3.979032 5.126296 6.527590 8.215224 10.218753 12.562706 15.264070 18.329673 21.753638 25.515131 29.576619 33.882896 38.361049 42.921545 47.460509 51.863180 56.008433 59.774140 63.043059 65.708860 67.681858 68.894027 69.302897 68.894027 67.681858 65.708860 63.043059 59.774140 56.008433 51.863180 47.460509 42.921545 38.361049 33.882896 29.576619 25.515131 21.753638 18.329673 15.264070 12.562706 10.218753 8.215224 6.527590 5.126296 3.979032 3.052673 2.314824 1.734991 1.285360 0.941254 0.681320 0.487488 0.344789 0.241062 0.166607 0.113831 0.076884 0.051337 0.033888 0.022115 0.014269 0.009102 0.005741 0.003580 0.002208 0.001348 0.000816 0.000493 0.000302 0.000197 0.000150 0.000150 
0.000099 0.000099 0.000131 0.000204 0.000337 0.000566 0.000945 0.001566 0.002567 0.004162 0.006674 0.010580 0.016583 0.025699 0.039373 0.059637 0.089302 0.132199 0.193466 0.279886 0.400271 0.565864 0.790766 1.092334 1.491510 2.013046 2.685536 3.541208 4.615393 5.945613 7.570236 9.526673 11.849140 14.566021 17.696960 21.249827 25.217773 29.576619 34.282853 39.272487 44.461038 49.744778 55.003376 60.103905 64.906075 69.268443 73.055231 76.143302 78.428801 79.832953 80.306576 79.832953 78.428801 76.143302 73.055231 69.268443 64.906075 60.103905 55.003376 49.744778 44.461038 39.272487 34.282853 29.576619 25.217773 21.249827 17.696960 14.566021 11.849140 9.526673 7.570236 5.945613 4.615393 3.541208 2.685536 2.013046 1.491510 1.092334 0.790766 0.565864 0.400271 0.279886 0.193466 0.132199 0.089302 0.059637 0.039373 0.025699 0.016583 0.010580 0.006674 0.004163 0.002568 0.001568 0.000949 0.000573 0.000351 0.000229 0.000175 0.000175 
0.000114 0.000114 0.000151 0.000235 0.000388 0.000650 0.001086 0.001799 0.002950 0.004782 0.007666 0.012151 0.019043 0.029507 0.045201 0.068455 0.102494 0.151709 0.221990 0.321115 0.459180 0.649073 0.906950 1.252696 1.710304 2.308124 3.078905 4.059555 5.290526 6.814777 8.676225 10.917690 13.578319 16.690579 20.276925 24.346323 28.890889 33.882896 39.272487 44.986372 50.927797 56.977995 62.999200 68.839236 74.337508 79.332113 83.667638 87.203143 89.819760 91.427329 91.969565 91.427329 89.819760 87.203143 83.667638 79.332113 74.337508 68.839236 62.999200 56.977995 50.927797 44.986372 39.272487 33.882896 28.890889 24.346323 20.276925 16.690579 13.578319 10.917690 8.676225 6.814777 5.290526 4.059555 3.078905 2.308124 1.710304 1.252696 0.906950 0.649073 0.459180 0.321115 0.221990 0.151709 0.102494 0.068455 0.045201 0.029507 0.019043 0.012151 0.007666 0.004783 0.002951 0.001802 0.001091 0.000659 0.000404 0.000263 0.000201 0.000201 
0.000130 0.000130 0.000172 0.000267 0.000441 0.000738 0.001234 0.002043 0.003348 0.005428 0.008700 0.013789 0.021607 0.033475 0.051274 0.077643 0.116237 0.172031 0.251699 0.364051 0.520522 0.735707 1.027904 1.419626 1.938038 2.615231 3.488275 4.598940 5.993005 7.719075 9.826838 12.364727 15.377017 18.900413 22.960284 27.566734 32.710795 38.361049 44.461038 50.927797 57.651824 64.498714 71.312581 77.921247 84.143017 89.794727 94.700561 98.701084 101.661828 103.480806 104.094347 103.480806 101.661828 98.701084 94.700561 89.794727 84.143017 77.921247 71.312581 64.498714 57.651824 50.927797 44.461038 38.361049 32.710795 27.566734 22.960284 18.900413 15.377017 12.364727 9.826838 7.719075 5.993005 4.598940 3.488275 2.615231 1.938038 1.419626 1.027904 0.735707 0.520522 0.364051 0.251699 0.172031 0.116237 0.077643 0.051274 0.033475 0.021607 0.013789 0.008701 0.005429 0.003350 0.002046 0.001239 0.000749 0.000459 0.000299 0.000229 0.000229 
0.000146 0.000146 0.000193 0.000300 0.000495 0.000829 0.001384 0.002292 0.003756 0.006087 0.009756 0.015461 0.024224 0.037525 0.057470 0.087016 0.130255 0.192758 0.281996 0.407832 0.583066 0.824032 1.151206 1.589782 2.170152 2.928219 3.905451 5.148567 6.708770 8.640412 10.999051 13.838837 17.209255 21.151325 25.693375 30.846663 36.601113 42.921545 49.744778 56.977995 64.498714 72.156614 79.777365 87.168430 94.126643 100.447202 105.933528 110.407364 113.718371 115.752526 116.438645 115.752526 113.718371 110.407364 105.933528 100.447202 94.126643 87.168430 79.777365 72.156614 64.498714 56.977995 49.744778 42.921545 36.601113 30.846663 25.693375 21.151325 17.209255 13.838837 10.999051 8.640412 6.708770 5.148567 3.905451 2.928219 2.170152 1.589782 1.151206 0.824032 0.583066 0.407832 0.281996 0.192758 0.130255 0.087016 0.057470 0.037525 0.024224 0.015461 0.009757 0.006088 0.003758 0.002295 0.001390 0.000840 0.000515 0.000336 0.000257 0.000257 
0.000162 0.000162 0.000214 0.000332 0.000549 0.000919 0.001534 0.002540 0.004162 0.006745 0.010809 0.017128 0.026833 0.041562 0.063647 0.096360 0.144227 0.213415 0.312189 0.451458 0.645382 0.912027 1.274038 1.759275 2.401343 3.239939 4.320906 5.695891 7.421486 9.557767 12.166129 15.306403 19.033261 23.392006 28.413912 34.111377 40.473219 47.460509 55.003376 62.999200 71.312581 79.777365 88.200874 96.370318 104.061175 111.047120 117.110926 122.055613 125.715058 127.963268 128.721584 127.963268 125.715058 122.055613 117.110926 111.047120 104.061175 96.370318 88.200874 79.777365 71.312581 62.999200 55.003376 47.460509 40.473219 34.111377 28.413912 23.392006 19.033261 15.306403 12.166129 9.557767 7.421486 5.695891 4.320906 3.239939 2.401343 1.759275 1.274038 0.912027 0.645382 0.451458 0.312189 0.213415 0.144227 0.096360 0.063647 0.041562 0.026833 0.017128 0.010810 0.006746 0.004164 0.002544 0.001541 0.000931 0.000571 0.000373 0.000285 0.000285 
