0.000000 0.000000 0.000000 0.000000 0.000000 0.000000 0.000000 0.000000 0.000000 0.000000 0.000000 0.000000 0.000000 0.000000 0.000000 0.000000 0.000000 0.000000 0.000000 0.000000 0.000000 0.000000 0.000000 0.000000 0.000000 0.000000 0.000000 0.000000 0.000000 0.000000 0.000001 0.000001 0.000001 0.000002 0.000002 0.000002 0.000003 0.000004 0.000005 0.000005 0.000006 0.000007 0.000008 0.000009 0.000010 0.000011 0.000012 0.000013 0.000013 0.000013 0.000014 0.000013 0.000013 0.000013 0.000012 0.000011 0.000010 0.000009 0.000008 0.000007 0.000006 0.000005 0.000005 0.000004 0.000003 0.000002 0.000002 0.000002 0.000001 0.000001 0.000001 0.000000 0.000000 0.000000 0.000000 0.000000 0.000000 0.000000 0.000000 0.000000 0.000000 0.000000 0.000000 0.000000 0.000000 0.000000 0.000000 0.000000 0.000000 0.000000 0.000000 0.000000 0.000000 0.000000 0.000000 0.000000 0.000000 0.000000 0.000000 0.000000 
0.000000 0.000000 0.000000 0.000000 0.000000 0.000000 0.000000 0.000000 0.000000 0.000000 0.000000 0.000000 0.000000 0.000000 0.000000 0.000000 0.000000 0.000000 0.000000 0.000000 0.000000 0.000000 0.000000 0.000000 0.000000 0.000000 0.000000 0.000000 0.000000 0.000000 0.000001 0.000001 0.000001 0.000002 0.000002 0.000002 0.000003 0.000004 0.000005 0.000005 0.000006 0.000007 0.000008 0.000009 0.000010 0.000011 0.000012 0.000013 0.000013 0.000013 0.000014 0.000013 0.000013 0.000013 0.000012 0.000011 0.000010 0.000009 0.000008 0.000007 0.000006 0.000005 0.000005 0.000004 0.000003 0.000002 0.000002 0.000002 0.000001 0.000001 0.000001 0.000000 0.000000 0.000000 0.000000 0.000000 0.000000 0.000000 0.000000 0.000000 0.000000 0.000000 0.000000 0.000000 0.000000 0.000000 0.000000 0.000000 0.000000 0.000000 0.000000 0.000000 0.000000 0.000000 0.000000 0.000000 0.000000 0.000000 0.000000 0.000000 
0.000000 0.000000 0.000000 0.000000 0.000000 0.000000 0.000000 0.000000 0.000000 0.000000 0.000000 0.000000 0.000000 0.000000 0.000000 0.000000 0.000000 0.000000 0.000000 0.000000 0.000000 0.000000 0.000000 0.000000 0.000000 0.000000 0.000000 0.000000 0.000001 0.000001 0.000001 0.000001 0.000002 0.000002 0.000003 0.000004 0.000005 0.000006 0.000007 0.000008 0.000009 0.000011 0.000012 0.000014 0.000015 0.000017 0.000018 0.000019 0.000019 0.000020 0.000020 0.000020 0.000019 0.000019 0.000018 0.000017 0.000015 0.000014 0.000012 0.000011 0.000009 0.000008 0.000007 0.000006 0.000005 0.000004 0.000003 0.000002 0.000002 0.000001 0.000001 0.000001 0.000001 0.000000 0.000000 0.000000 0.000000 0.000000 0.000000 0.000000 0.000000 0.000000 0.000000 0.000000 0.000000 0.000000 0.000000 0.000000 0.000000 0.000000 0.000000 0.000000 0.000000 0.000000 0.000000 0.000000 0.000000 0.000000 0.000000 0.000000 
0.000000 0.000000 0.000000 0.000000 0.000000 0.000000 0.000000 0.000000 0.000000 0.000000 0.000000 0.000000 0.000000 0.000000 0.000000 0.000000 0.000000 0.000000 0.000000 0.000000 0.000000 0.000000 0.000000 0.000000 0.000000 0.000000 0.000000 0.000001 0.000001 0.000001 0.000002 0.000002 0.000003 0.000004 0.000005 0.000007 0.000008 0.000010 0.000012 0.000014 0.000017 0.000019 0.000022 0.000025 0.000027 0.000030 0.000032 0.000033 0.000035 0.000035 0.000036 0.000035 0.000035 0.000033 0.000032 0.000030 0.000027 0.000025 0.000022 0.000019 0.000017 0.000014 0.000012 0.000010 0.000008 0.000007 0.000005 0.000004 0.000003 0.000002 0.000002 0.000001 0.000001 0.000001 0.000000 0.000000 0.000000 0.000000 0.000000 0.000000 0.000000 0.000000 0.000000 0.000000 0.000000 0.000000 0.000000 0.000000 0.000000 0.000000 0.000000 0.000000 0.000000 0.000000 0.000000 0.000000 0.000000 0.000000 0.000000 0.000000 
0.000000 0.000000 0.000000 0.000000 0.000000 0.000000 0.000000 0.000000 0.000000 0.000000 0.000000 0.000000 0.000000 0.000000 0.000000 0.000000 0.000000 0.000000 0.000000 0.000000 0.000000 0.000000 0.000000 0.000000 0.000000 0.000001 0.000001 0.000001 0.000002 0.000002 0.000003 0.000004 0.000006 0.000008 0.000010 0.000012 0.000015 0.000019 0.000023 0.000027 0.000032 0.000036 0.000041 0.000046 0.000051 0.000055 0.000059 0.000063 0.000065 0.000066 0.000067 0.000066 0.000065 0.000063 0.000059 0.000055 0.000051 0.000046 0.000041 0.000036 0.000032 0.000027 0.000023 0.000019 0.000015 0.000012 0.000010 0.000008 0.000006 0.000004 0.000003 0.000002 0.000002 0.000001 0.000001 0.000001 0.000000 0.000000 0.000000 0.000000 0.000000 0.000000 0.000000 0.000000 0.000000 0.000000 0.000000 0.000000 0.000000 0.000000 0.000000 0.000000 0.000000 0.000000 0.000000 0.000000 0.000000 0.000000 0.000000 0.000000 
0.000000 0.000000 0.000000 0.000000 0.000000 0.000000 0.000000 0.000000 0.000000 0.000000 0.000000 0.000000 0.000000 0.000000 0.000000 0.000000 0.000000 0.000000 0.000000 0.000000 0.000000 0.000000 0.000000 0.000001 0.000001 0.000001 0.000002 0.000002 0.000003 0.000005 0.000006 0.000008 0.000011 0.000014 0.000018 0.000023 0.000029 0.000035 0.000043 0.000051 0.000059 0.000069 0.000078 0.000087 0.000096 0.000104 0.000112 0.000118 0.000122 0.000125 0.000126 0.000125 0.000122 0.000118 0.000112 0.000104 0.000096 0.000087 0.000078 0.000069 0.000059 0.000051 0.000043 0.000035 0.000029 0.000023 0.000018 0.000014 0.000011 0.000008 0.000006 0.000005 0.000003 0.000002 0.000002 0.000001 0.000001 0.000001 0.000000 0.000000 0.000000 0.000000 0.000000 0.000000 0.000000 0.000000 0.000000 0.000000 0.000000 0.000000 0.000000 0.000000 0.000000 0.000000 0.000000 0.000000 0.000000 0.000000 0.000000 0.000000 
0.000000 0.000000 0.000000 0.000000 0.000000 0.000000 0.000000 0.000000 0.000000 0.000000 0.000000 0.000000 0.000000 0.000000 0.000000 0.000000 0.000000 0.000000 0.000000 0.000000 0.000000 0.000000 0.000001 0.000001 0.000002 0.000002 0.000003 0.000005 0.000006 0.000009 0.000012 0.000016 0.000021 0.000027 0.000035 0.000044 0.000054 0.000066 0.000080 0.000095 0.000111 0.000128 0.000146 0.000163 0.000180 0.000195 0.000209 0.000220 0.000228 0.000234 0.000235 0.000234 0.000228 0.000220 0.000209 0.000195 0.000180 0.000163 0.000146 0.000128 0.000111 0.000095 0.000080 0.000066 0.000054 0.000044 0.000035 0.000027 0.000021 0.000016 0.000012 0.000009 0.000006 0.000005 0.000003 0.000002 0.000002 0.000001 0.000001 0.000000 0.000000 0.000000 0.000000 0.000000 0.000000 0.000000 0.000000 0.000000 0.000000 0.000000 0.000000 0.000000 0.000000 0.000000 0.000000 0.000000 0.000000 0.000000 0.000000 0.000000 
0.000000 0.000000 0.000000 0.000000 0.000000 0.000000 0.000000 0.000000 0.000000 0.000000 0.000000 0.000000 0.000000 0.000000 0.000000 0.000000 0.000000 0.000000 0.000000 0.000000 0.000001 0.000001 0.000001 0.000002 0.000003 0.000004 0.000006 0.000008 0.000012 0.000016 0.000022 0.000029 0.000039 0.000050 0.000064 0.000081 0.000100 0.000123 0.000148 0.000176 0.000205 0.000237 0.000269 0.000301 0.000332 0.000360 0.000385 0.000406 0.000421 0.000431 0.000434 0.000431 0.000421 0.000406 0.000385 0.000360 0.000332 0.000301 0.000269 0.000237 0.000205 0.000176 0.000148 0.000123 0.000100 0.000081 0.000064 0.000050 0.000039 0.000029 0.000022 0.000016 0.000012 0.000008 0.000006 0.000004 0.000003 0.000002 0.000001 0.000001 0.000001 0.000000 0.000000 0.000000 0.000000 0.000000 0.000000 0.000000 0.000000 0.000000 0.000000 0.000000 0.000000 0.000000 0.000000 0.000000 0.000000 0.000000 0.000000 0.000000 
0.000000 0.000000 0.000000 0.000000 0.000000 0.000000 0.000000 0.000000 0.000000 0.000000 0.000000 0.000000 0.000000 0.000000 0.000000 0.000000 0.000000 0.000000 0.000000 0.000001 0.000001 0.000002 0.000002 0.000003 0.000005 0.000008 0.000011 0.000015 0.000021 0.000030 0.000040 0.000054 0.000071 0.000092 0.000117 0.000147 0.000183 0.000224 0.000270 0.000320 0.000374 0.000432 0.000490 0.000548 0.000604 0.000656 0.000701 0.000739 0.000767 0.000785 0.000791 0.000785 0.000767 0.000739 0.000701 0.000656 0.000604 0.000548 0.000490 0.000432 0.000374 0.000320 0.000270 0.000224 0.000183 0.000147 0.000117 0.000092 0.000071 0.000054 0.000040 0.000030 0.000021 0.000015 0.000011 0.000008 0.000005 0.000003 0.000002 0.000002 0.000001 0.000001 0.000000 0.000000 0.000000 0.000000 0.000000 0.000000 0.000000 0.000000 0.000000 0.000000 0.000000 0.000000 0.000000 0.000000 0.000000 0.000000 0.000000 0.000000 
0.000000 0.000000 0.000000 0.000000 0.000000 0.000000 0.000000 0.000000 0.000000 0.000000 0.000000 0.000000 0.000000 0.000000 0.000000 0.000000 0.000000 0.000000 0.000001 0.000001 0.000002 0.000003 0.000004 0.000006 0.000009 0.000014 0.000020 0.000028 0.000039 0.000053 0.000072 0.000097 0.000127 0.000165 0.000211 0.000265 0.000329 0.000403 0.000485 0.000576 0.000673 0.000776 0.000881 0.000985 0.001085 0.001178 0.001260 0.001328 0.001378 0.001409 0.001420 0.001409 0.001378 0.001328 0.001260 0.001178 0.001085 0.000985 0.000881 0.000776 0.000673 0.000576 0.000485 0.000403 0.000329 0.000265 0.000211 0.000165 0.000127 0.000097 0.000072 0.000053 0.000039 0.000028 0.000020 0.000014 0.000009 0.000006 0.000004 0.000003 0.000002 0.000001 0.000001 0.000000 0.000000 0.000000 0.000000 0.000000 0.000000 0.000000 0.000000 0.000000 0.000000 0.000000 0.000000 0.000000 0.000000 0.000000 0.000000 0.000000 
0.000000 0.000000 0.000000 0.000000 0.000000 0.000000 0.000000 0.000000 0.000000 0.000000 0.000000 0.000000 0.000000 0.000000 0.000000 0.000000 0.000000 0.000001 0.000001 0.000002 0.000003 0.000005 0.000008 0.000011 0.000017 0.000024 0.000035 0.000050 0.000069 0.000095 0.000129 0.000172 0.000226 0.000293 0.000375 0.000472 0.000585 0.000715 0.000861 0.001022 0.001195 0.001376 0.001562 0.001746 0.001924 0.002088 0.002233 0.002353 0.002442 0.002497 0.002516 0.002497 0.002442 0.002353 0.002233 0.002088 0.001924 0.001746 0.001562 0.001376 0.001195 0.001022 0.000861 0.000715 0.000585 0.000472 0.000375 0.000293 0.000226 0.000172 0.000129 0.000095 0.000069 0.000050 0.000035 0.000024 0.000017 0.000011 0.000008 0.000005 0.000003 0.000002 0.000001 0.000001 0.000000 0.000000 0.000000 0.000000 0.000000 0.000000 0.000000 0.000000 0.000000 0.000000 0.000000 0.000000 0.000000 0.000000 0.000000 0.000000 
0.000000 0.000000 0.000000 0.000000 0.000000 0.000000 0.000000 0.000000 0.000000 0.000000 0.000000 0.000000 0.000000 0.000000 0.000000 0.000001 0.000001 0.000001 0.000002 0.000004 0.000006 0.000009 0.000013 0.000020 0.000029 0.000043 0.000062 0.000087 0.000121 0.000167 0.000226 0.000302 0.000397 0.000514 0.000657 0.000827 0.001025 0.001252 0.001508 0.001789 0.002091 0.002408 0.002732 0.003054 0.003364 0.003651 0.003904 0.004113 0.004269 0.004365 0.004398 0.004365 0.004269 0.004113 0.003904 0.003651 0.003364 0.003054 0.002732 0.002408 0.002091 0.001789 0.001508 0.001252 0.001025 0.000827 0.000657 0.000514 0.000397 0.000302 0.000226 0.000167 0.000121 0.000087 0.000062 0.000043 0.000029 0.000020 0.000013 0.000009 0.000006 0.000004 0.000002 0.000001 0.000001 0.000001 0.000000 0.000000 0.000000 0.000000 0.000000 0.000000 0.000000 0.000000 0.000000 0.000000 0.000000 0.000000 0.000000 0.000000 
0.000000 0.000000 0.000000 0.000000 0.000000 0.000000 0.000000 0.000000 0.000000 0.000000 0.000000 0.000000 0.000000 0.000000 0.000001 0.000001 0.000002 0.000002 0.000004 0.000006 0.000010 0.000015 0.000023 0.000035 0.000051 0.000074 0.000107 0.000151 0.000211 0.000289 0.000392 0.000522 0.000687 0.000890 0.001136 0.001429 0.001771 0.002164 0.002604 0.003088 0.003609 0.004156 0.004714 0.005270 0.005804 0.006298 0.006733 0.007093 0.007361 0.007527 0.007583 0.007527 0.007361 0.007093 0.006733 0.006298 0.005804 0.005270 0.004714 0.004156 0.003609 0.003088 0.002604 0.002164 0.001771 0.001429 0.001136 0.000890 0.000687 0.000522 0.000392 0.000289 0.000211 0.000151 0.000107 0.000074 0.000051 0.000035 0.000023 0.000015 0.000010 0.000006 0.000004 0.000002 0.000002 0.000001 0.000001 0.000000 0.000000 0.000000 0.000000 0.000000 0.000000 0.000000 0.000000 0.000000 0.000000 0.000000 0.000000 0.000000 
0.000000 0.000000 0.000000 0.000000 0.000000 0.000000 0.000000 0.000000 0.000000 0.000000 0.000000 0.000000 0.000000 0.000001 0.000001 0.000002 0.000003 0.000004 0.000007 0.000011 0.000017 0.000026 0.000040 0.000059 0.000088 0.000128 0.000183 0.000258 0.000360 0.000494 0.000669 0.000892 0.001172 0.001518 0.001937 0.002436 0.003019 0.003687 0.004437 0.005260 0.006146 0.007075 0.008025 0.008968 0.009876 0.010715 0.011455 0.012065 0.012521 0.012803 0.012899 0.012803 0.012521 0.012065 0.011455 0.010715 0.009876 0.008968 0.008025 0.007075 0.006146 0.005260 0.004437 0.003687 0.003019 0.002436 0.001937 0.001518 0.001172 0.000892 0.000669 0.000494 0.000360 0.000258 0.000183 0.000128 0.000088 0.000059 0.000040 0.000026 0.000017 0.000011 0.000007 0.000004 0.000003 0.000002 0.000001 0.000001 0.000000 0.000000 0.000000 0.000000 0.000000 0.000000 0.000000 0.000000 0.000000 0.000000 0.000000 0.000000 
0.000000 0.000000 0.000000 0.000000 0.000000 0.000000 0.000000 0.000000 0.000000 0.000000 0.000000 0.000000 0.000001 0.000001 0.000002 0.000003 0.000004 0.000007 0.000012 0.000018 0.000029 0.000044 0.000067 0.000100 0.000148 0.000215 0.000309 0.000436 0.000607 0.000833 0.001127 0.001502 0.001974 0.002555 0.003259 0.004098 0.005076 0.006197 0.007455 0.008837 0.010322 0.011880 0.013473 0.015055 0.016576 0.017983 0.019222 0.020245 0.021009 0.021482 0.021641 0.021482 0.021009 0.020245 0.019222 0.017983 0.016576 0.015055 0.013473 0.011880 0.010322 0.008837 0.007455 0.006197 0.005076 0.004098 0.003259 0.002555 0.001974 0.001502 0.001127 0.000833 0.000607 0.000436 0.000309 0.000215 0.000148 0.000100 0.000067 0.000044 0.000029 0.000018 0.000012 0.000007 0.000004 0.000003 0.000002 0.000001 0.000001 0.000000 0.000000 0.000000 0.000000 0.000000 0.000000 0.000000 0.000000 0.000000 0.000000 0.000000 
0.000000 0.000000 0.000000 0.000000 0.000000 0.000000 0.000000 0.000000 0.000000 0.000000 0.000000 0.000001 0.000001 0.000002 0.000003 0.000004 0.000007 0.000012 0.000019 0.000031 0.000048 0.000074 0.000112 0.000167 0.000247 0.000359 0.000514 0.000726 0.001010 0.001386 0.001873 0.002496 0.003277 0.004241 0.005408 0.006797 0.008418 0.010274 0.012356 0.014643 0.017100 0.019678 0.022312 0.024928 0.027443 0.029768 0.031817 0.033508 0.034771 0.035551 0.035815 0.035551 0.034771 0.033508 0.031817 0.029768 0.027443 0.024928 0.022312 0.019678 0.017100 0.014643 0.012356 0.010274 0.008418 0.006797 0.005408 0.004241 0.003277 0.002496 0.001873 0.001386 0.001010 0.000726 0.000514 0.000359 0.000247 0.000167 0.000112 0.000074 0.000048 0.000031 0.000019 0.000012 0.000007 0.000004 0.000003 0.000002 0.000001 0.000001 0.000000 0.000000 0.000000 0.000000 0.000000 0.000000 0.000000 0.000000 0.000000 0.000000 
0.000000 0.000000 0.000000 0.000000 0.000000 0.000000 0.000000 0.000000 0.000000 0.000000 0.000000 0.000001 0.000002 0.000003 0.000004 0.000007 0.000012 0.000020 0.000032 0.000051 0.000079 0.000121 0.000184 0.000275 0.000406 0.000589 0.000844 0.001191 0.001657 0.002272 0.003070 0.004089 0.005367 0.006943 0.008851 0.011121 0.013769 0.016800 0.020199 0.023932 0.027942 0.032146 0.036443 0.040711 0.044812 0.048604 0.051944 0.054701 0.056759 0.058031 0.058461 0.058031 0.056759 0.054701 0.051944 0.048604 0.044812 0.040711 0.036443 0.032146 0.027942 0.023932 0.020199 0.016800 0.013769 0.011121 0.008851 0.006943 0.005367 0.004089 0.003070 0.002272 0.001657 0.001191 0.000844 0.000589 0.000406 0.000275 0.000184 0.000121 0.000079 0.000051 0.000032 0.000020 0.000012 0.000007 0.000004 0.000003 0.000002 0.000001 0.000000 0.000000 0.000000 0.000000 0.000000 0.000000 0.000000 0.000000 0.000000 0.000000 
0.000000 0.000000 0.000000 0.000000 0.000000 0.000000 0.000000 0.000000 0.000000 0.000000 0.000001 0.000001 0.000002 0.000004 0.000007 0.000012 0.000020 0.000032 0.000052 0.000082 0.000128 0.000197 0.000299 0.000446 0.000658 0.000955 0.001366 0.001928 0.002680 0.003673 0.004962 0.006606 0.008668 0.011210 0.014286 0.017943 0.022210 0.027092 0.032565 0.038576 0.045029 0.051796 0.058709 0.065574 0.072170 0.078269 0.083641 0.088073 0.091382 0.093427 0.094119 0.093427 0.091382 0.088073 0.083641 0.078269 0.072170 0.065574 0.058709 0.051796 0.045029 0.038576 0.032565 0.027092 0.022210 0.017943 0.014286 0.011210 0.008668 0.006606 0.004962 0.003673 0.002680 0.001928 0.001366 0.000955 0.000658 0.000446 0.000299 0.000197 0.000128 0.000082 0.000052 0.000032 0.000020 0.000012 0.000007 0.000004 0.000002 0.000001 0.000001 0.000000 0.000000 0.000000 0.000000 0.000000 0.000000 0.000000 0.000000 0.000000 
0.000000 0.000000 0.000000 0.000000 0.000000 0.000000 0.000000 0.000000 0.000000 0.000001 0.000001 0.000002 0.000004 0.000007 0.000012 0.000019 0.000032 0.000052 0.000083 0.000132 0.000205 0.000316 0.000478 0.000714 0.001051 0.001525 0.002182 0.003076 0.004276 0.005857 0.007909 0.010526 0.013807 0.017848 0.022740 0.028553 0.035332 0.043087 0.051780 0.061323 0.071568 0.082307 0.093278 0.104169 0.114634 0.124308 0.132828 0.139857 0.145105 0.148348 0.149446 0.148348 0.145105 0.139857 0.132828 0.124308 0.114634 0.104169 0.093278 0.082307 0.071568 0.061323 0.051780 0.043087 0.035332 0.028553 0.022740 0.017848 0.013807 0.010526 0.007909 0.005857 0.004276 0.003076 0.002182 0.001525 0.001051 0.000714 0.000478 0.000316 0.000205 0.000132 0.000083 0.000052 0.000032 0.000019 0.000012 0.000007 0.000004 0.000002 0.000001 0.000001 0.000000 0.000000 0.000000 0.000000 0.000000 0.000000 0.000000 0.000000 
0.000000 0.000000 0.000000 0.000000 0.000000 0.000000 0.000000 0.000000 0.000001 0.000001 0.000002 0.000004 0.000006 0.000011 0.000018 0.000031 0.000051 0.000082 0.000132 0.000208 0.000324 0.000498 0.000754 0.001125 0.001656 0.002402 0.003435 0.004841 0.006726 0.009210 0.012432 0.016539 0.021686 0.028025 0.035695 0.044807 0.055430 0.067579 0.081196 0.096139 0.112178 0.128988 0.146159 0.163202 0.179575 0.194709 0.208037 0.219032 0.227240 0.232313 0.234029 0.232313 0.227240 0.219032 0.208037 0.194709 0.179575 0.163202 0.146159 0.128988 0.112178 0.096139 0.081196 0.067579 0.055430 0.044807 0.035695 0.028025 0.021686 0.016539 0.012432 0.009210 0.006726 0.004841 0.003435 0.002402 0.001656 0.001125 0.000754 0.000498 0.000324 0.000208 0.000132 0.000082 0.000051 0.000031 0.000018 0.000011 0.000006 0.000004 0.000002 0.000001 0.000001 0.000000 0.000000 0.000000 0.000000 0.000000 0.000000 0.000000 
0.000000 0.000000 0.000000 0.000000 0.000000 0.000000 0.000000 0.000001 0.000001 0.000002 0.000003 0.000006 0.000010 0.000017 0.000029 0.000048 0.000079 0.000128 0.000205 0.000324 0.000505 0.000775 0.001173 0.001749 0.002573 0.003731 0.005332 0.007512 0.010432 0.014280 0.019268 0.025625 0.033589 0.043394 0.055254 0.069339 0.085757 0.104527 0.125559 0.148637 0.173401 0.199352 0.225854 0.252156 0.277421 0.300771 0.321333 0.338295 0.350957 0.358781 0.361428 0.358781 0.350957 0.338295 0.321333 0.300771 0.277421 0.252156 0.225854 0.199352 0.173401 0.148637 0.125559 0.104527 0.085757 0.069339 0.055254 0.043394 0.033589 0.025625 0.019268 0.014280 0.010432 0.007512 0.005332 0.003731 0.002573 0.001749 0.001173 0.000775 0.000505 0.000324 0.000205 0.000128 0.000079 0.000048 0.000029 0.000017 0.000010 0.000006 0.000003 0.000002 0.000001 0.000001 0.000000 0.000000 0.000000 0.000000 0.000000 0.000000 
0.000000 0.000000 0.000000 0.000000 0.000000 0.000000 0.000000 0.000001 0.000002 0.000003 0.000005 0.000009 0.000015 0.000026 0.000044 0.000074 0.000121 0.000197 0.000316 0.000498 0.000775 0.001189 0.001798 0.002681 0.003942 0.005713 0.008161 0.011494 0.015956 0.021833 0.029448 0.039150 0.051302 0.066257 0.084341 0.105812 0.130833 0.159432 0.191470 0.226616 0.264324 0.303832 0.344173 0.384203 0.422651 0.458180 0.489465 0.515270 0.534533 0.546435 0.550461 0.546435 0.534533 0.515270 0.489465 0.458180 0.422651 0.384203 0.344173 0.303832 0.264324 0.226616 0.191470 0.159432 0.130833 0.105812 0.084341 0.066257 0.051302 0.039150 0.029448 0.021833 0.015956 0.011494 0.008161 0.005713 0.003942 0.002681 0.001798 0.001189 0.000775 0.000498 0.000316 0.000197 0.000121 0.000074 0.000044 0.000026 0.000015 0.000009 0.000005 0.000003 0.000002 0.000001 0.000000 0.000000 0.000000 0.000000 0.000000 0.000000 
0.000000 0.000000 0.000000 0.000000 0.000000 0.000000 0.000001 0.000001 0.000002 0.000004 0.000008 0.000013 0.000023 0.000040 0.000067 0.000112 0.000184 0.000299 0.000478 0.000754 0.001173 0.001798 0.002719 0.004052 0.005954 0.008625 0.012317 0.017339 0.024062 0.032914 0.044378 0.058980 0.077261 0.099756 0.126947 0.159223 0.196825 0.239795 0.287922 0.340706 0.397328 0.456643 0.517198 0.577279 0.634979 0.688293 0.735234 0.773950 0.802849 0.820705 0.826745 0.820705 0.802849 0.773950 0.735234 0.688293 0.634979 0.577279 0.517198 0.456643 0.397328 0.340706 0.287922 0.239795 0.196825 0.159223 0.126947 0.099756 0.077261 0.058980 0.044378 0.032914 0.024062 0.017339 0.012317 0.008625 0.005954 0.004052 0.002719 0.001798 0.001173 0.000754 0.000478 0.000299 0.000184 0.000112 0.000067 0.000040 0.000023 0.000013 0.000008 0.000004 0.000002 0.000001 0.000001 0.000000 0.000000 0.000000 0.000000 0.000000 
0.000000 0.000000 0.000000 0.000000 0.000000 0.000001 0.000001 0.000002 0.000003 0.000006 0.000011 0.000020 0.000035 0.000059 0.000100 0.000167 0.000275 0.000446 0.000714 0.001125 0.001749 0.002681 0.004052 0.006037 0.008867 0.012839 0.018328 0.025791 0.035777 0.048922 0.065941 0.087610 0.114731 0.148093 0.188409 0.236252 0.291976 0.355640 0.426930 0.505104 0.588946 0.676761 0.766400 0.855325 0.940716 1.019609 1.089065 1.146348 1.189104 1.215521 1.224457 1.215521 1.189104 1.146348 1.089065 1.019609 0.940716 0.855325 0.766400 0.676761 0.588946 0.505104 0.426930 0.355640 0.291976 0.236252 0.188409 0.148093 0.114731 0.087610 0.065941 0.048922 0.035777 0.025791 0.018328 0.012839 0.008867 0.006037 0.004052 0.002681 0.001749 0.001125 0.000714 0.000446 0.000275 0.000167 0.000100 0.000059 0.000035 0.000020 0.000011 0.000006 0.000003 0.000002 0.000001 0.000001 0.000000 0.000000 0.000000 0.000000 
0.000000 0.000000 0.000000 0.000000 0.000000 0.000001 0.000002 0.000003 0.000005 0.000009 0.000017 0.000029 0.000051 0.000088 0.000148 0.000247 0.000406 0.000658 0.001051 0.001656 0.002573 0.003942 0.005954 0.008867 0.013018 0.018843 0.026888 0.037823 0.052450 0.071696 0.096607 0.128313 0.167986 0.216773 0.275715 0.345644 0.427074 0.520084 0.624217 0.738381 0.860803 0.989005 1.119852 1.249640 1.374256 1.489379 1.590723 1.674300 1.736679 1.775218 1.788254 1.775218 1.736679 1.674300 1.590723 1.489379 1.374256 1.249640 1.119852 0.989005 0.860803 0.738381 0.624217 0.520084 0.427074 0.345644 0.275715 0.216773 0.167986 0.128313 0.096607 0.071696 0.052450 0.037823 0.026888 0.018843 0.013018 0.008867 0.005954 0.003942 0.002573 0.001656 0.001051 0.000658 0.000406 0.000247 0.000148 0.000088 0.000051 0.000029 0.000017 0.000009 0.000005 0.000003 0.000002 0.000001 0.000000 0.000000 0.000000 0.000000 
0.000000 0.000000 0.000000 0.000000 0.000001 0.000001 0.000002 0.000004 0.000008 0.000014 0.000024 0.000043 0.000074 0.000128 0.000215 0.000359 0.000589 0.000955 0.001525 0.002402 0.003731 0.005713 0.008625 0.012839 0.018843 0.027264 0.038890 0.054687 0.075808 0.103593 0.139543 0.185286 0.242508 0.312856 0.397824 0.498606 0.615936 0.749925 0.899906 1.064307 1.240569 1.425126 1.613464 1.800256 1.979585 2.145237 2.291053 2.411297 2.501038 2.556482 2.575235 2.556482 2.501038 2.411297 2.291053 2.145237 1.979585 1.800256 1.613464 1.425126 1.240569 1.064307 0.899906 0.749925 0.615936 0.498606 0.397824 0.312856 0.242508 0.185286 0.139543 0.103593 0.075808 0.054687 0.038890 0.027264 0.018843 0.012839 0.008625 0.005713 0.003731 0.002402 0.001525 0.000955 0.000589 0.000359 0.000215 0.000128 0.000074 0.000043 0.000024 0.000014 0.000008 0.000004 0.000002 0.000001 0.000001 0.000000 0.000000 0.000000 
0.000000 0.000000 0.000000 0.000000 0.000001 0.000002 0.000003 0.000006 0.000011 0.000020 0.000035 0.000062 0.000107 0.000183 0.000309 0.000514 0.000844 0.001366 0.002182 0.003435 0.005332 0.008161 0.012317 0.018328 0.026888 0.038890 0.055454 0.077952 0.108025 0.147571 0.198724 0.263792 0.345165 0.445180 0.565950 0.709165 0.875858 1.066181 1.279178 1.512613 1.762850 2.024825 2.292133 2.557215 2.811680 3.046718 3.253594 3.424182 3.551490 3.630141 3.656744 3.630141 3.551490 3.424182 3.253594 3.046718 2.811680 2.557215 2.292133 2.024825 1.762850 1.512613 1.279178 1.066181 0.875858 0.709165 0.565950 0.445180 0.345165 0.263792 0.198724 0.147571 0.108025 0.077952 0.055454 0.038890 0.026888 0.018328 0.012317 0.008161 0.005332 0.003435 0.002182 0.001366 0.000844 0.000514 0.000309 0.000183 0.000107 0.000062 0.000035 0.000020 0.000011 0.000006 0.000003 0.000002 0.000001 0.000001 0.000000 0.000000 
0.000000 0.000000 0.000000 0.000001 0.000001 0.000002 0.000005 0.000008 0.000015 0.000028 0.000050 0.000087 0.000151 0.000258 0.000436 0.000726 0.001191 0.001928 0.003076 0.004841 0.007512 0.011494 0.017339 0.025791 0.037823 0.054687 0.077952 0.109544 0.151756 0.207249 0.279009 0.370265 0.484358 0.624552 0.793801 0.994459 1.227964 1.494516 1.792771 2.119590 2.469878 2.836547 3.210632 3.581560 3.937598 4.266427 4.555836 4.794465 4.972545 5.082559 5.119770 5.082559 4.972545 4.794465 4.555836 4.266427 3.937598 3.581560 3.210632 2.836547 2.469878 2.119590 1.792771 1.494516 1.227964 0.994459 0.793801 0.624552 0.484358 0.370265 0.279009 0.207249 0.151756 0.109544 0.077952 0.054687 0.037823 0.025791 0.017339 0.011494 0.007512 0.004841 0.003076 0.001928 0.001191 0.000726 0.000436 0.000258 0.000151 0.000087 0.000050 0.000028 0.000015 0.000008 0.000005 0.000002 0.000001 0.000001 0.000000 0.000000 
0.000000 0.000000 0.000001 0.000001 0.000002 0.000003 0.000006 0.000012 0.000021 0.000039 0.000069 0.000121 0.000211 0.000360 0.000607 0.001010 0.001657 0.002680 0.004276 0.006726 0.010432 0.015956 0.024062 0.035777 0.052450 0.075808 0.108025 0.151756 0.210171 0.286943 0.386193 0.512372 0.670088 0.863839 1.097691 1.374880 1.697381 2.065456 2.477237 2.928381 3.411851 3.917863 4.434046 4.945819 5.437001 5.890610 6.289813 6.618955 6.864571 7.016303 7.067624 7.016303 6.864571 6.618955 6.289813 5.890610 5.437001 4.945819 4.434046 3.917863 3.411851 2.928381 2.477237 2.065456 1.697381 1.374880 1.097691 0.863839 0.670088 0.512372 0.386193 0.286943 0.210171 0.151756 0.108025 0.075808 0.052450 0.035777 0.024062 0.015956 0.010432 0.006726 0.004276 0.002680 0.001657 0.001010 0.000607 0.000360 0.000211 0.000121 0.000069 0.000039 0.000021 0.000012 0.000006 0.000003 0.000002 0.000001 0.000001 0.000001 
0.000000 0.000000 0.000001 0.000001 0.000002 0.000005 0.000009 0.000016 0.000030 0.000053 0.000095 0.000167 0.000289 0.000494 0.000833 0.001386 0.002272 0.003673 0.005857 0.009210 0.014280 0.021833 0.032914 0.048922 0.071696 0.103593 0.147571 0.207249 0.286943 0.391652 0.526981 0.698986 0.913928 1.177921 1.496483 1.874005 2.313154 2.814272 3.374801 3.988818 4.646738 5.335246 6.037511 6.733707 7.401831 8.018799 8.561733 9.009358 9.343377 9.549715 9.619504 9.549715 9.343377 9.009358 8.561733 8.018799 7.401831 6.733707 6.037511 5.335246 4.646738 3.988818 3.374801 2.814272 2.313154 1.874005 1.496483 1.177921 0.913928 0.698986 0.526981 0.391652 0.286943 0.207249 0.147571 0.103593 0.071696 0.048922 0.032914 0.021833 0.014280 0.009210 0.005857 0.003673 0.002272 0.001386 0.000833 0.000494 0.000289 0.000167 0.000095 0.000053 0.000030 0.000016 0.000009 0.000005 0.000003 0.000001 0.000001 0.000001 
0.000001 0.000001 0.000001 0.000002 0.000003 0.000006 0.000012 0.000022 0.000040 0.000072 0.000129 0.000226 0.000392 0.000669 0.001127 0.001873 0.003070 0.004962 0.007909 0.012432 0.019268 0.029448 0.044378 0.065941 0.096607 0.139543 0.198724 0.279009 0.386193 0.526981 0.708893 0.940051 1.228845 1.583466 2.011300 2.518219 3.107782 3.780424 4.532692 5.356624 6.239349 7.163002 8.105007 9.038779 9.934822 10.762198 11.490247 12.090461 12.538327 12.814986 12.908559 12.814986 12.538327 12.090461 11.490247 10.762198 9.934822 9.038779 8.105007 7.163002 6.239349 5.356624 4.532692 3.780424 3.107782 2.518219 2.011300 1.583466 1.228845 0.940051 0.708893 0.526981 0.386193 0.279009 0.198724 0.139543 0.096607 0.065941 0.044378 0.029448 0.019268 0.012432 0.007909 0.004962 0.003070 0.001873 0.001127 0.000669 0.000392 0.000226 0.000129 0.000072 0.000040 0.000022 0.000012 0.000006 0.000003 0.000002 0.000001 0.000001 
0.000001 0.000001 0.000001 0.000002 0.000004 0.000008 0.000016 0.000029 0.000054 0.000097 0.000172 0.000302 0.000522 0.000892 0.001502 0.002496 0.004089 0.006606 0.010526 0.016539 0.025625 0.039150 0.058980 0.087610 0.128313 0.185286 0.263792 0.370265 0.512372 0.698986 0.940051 1.246304 1.628833 2.098457 2.664926 3.335981 4.116303 5.006441 6.001801 7.091831 8.259493 9.481152 10.726953 11.961751 13.146561 14.240497 15.203050 15.996556 16.588630 16.954364 17.078061 16.954364 16.588630 15.996556 15.203050 14.240497 13.146561 11.961751 10.726953 9.481152 8.259493 7.091831 6.001801 5.006441 4.116303 3.335981 2.664926 2.098457 1.628833 1.246304 0.940051 0.698986 0.512372 0.370265 0.263792 0.185286 0.128313 0.087610 0.058980 0.039150 0.025625 0.016539 0.010526 0.006606 0.004089 0.002496 0.001502 0.000892 0.000522 0.000302 0.000172 0.000097 0.000054 0.000029 0.000016 0.000008 0.000005 0.000003 0.000002 0.000002 
0.000001 0.000001 0.000002 0.000003 0.000006 0.000011 0.000021 0.000039 0.000071 0.000127 0.000226 0.000397 0.000687 0.001172 0.001974 0.003277 0.005367 0.008668 0.013807 0.021686 0.033589 0.051302 0.077261 0.114731 0.167986 0.242508 0.345165 0.484358 0.670088 0.913928 1.228845 1.628833 2.128339 2.741451 3.480860 4.356631 5.374835 6.536151 7.834560 9.256275 10.779058 12.372083 13.996430 15.606286 17.150852 18.576856 19.831527 20.865801 21.637499 22.114178 22.275398 22.114178 21.637499 20.865801 19.831527 18.576856 17.150852 15.606286 13.996430 12.372083 10.779058 9.256275 7.834560 6.536151 5.374835 4.356631 3.480860 2.741451 2.128339 1.628833 1.228845 0.913928 0.670088 0.484358 0.345165 0.242508 0.167986 0.114731 0.077261 0.051302 0.033589 0.021686 0.013807 0.008668 0.005367 0.003277 0.001974 0.001172 0.000687 0.000397 0.000226 0.000127 0.000071 0.000039 0.000021 0.000011 0.000006 0.000003 0.000002 0.000002 
0.000002 0.000002 0.000002 0.000004 0.000008 0.000014 0.000027 0.000050 0.000092 0.000165 0.000293 0.000514 0.000890 0.001518 0.002555 0.004241 0.006943 0.011210 0.017848 0.028025 0.043394 0.066257 0.099756 0.148093 0.216773 0.312856 0.445180 0.624552 0.863839 1.177921 1.583466 2.098457 2.741451 3.530538 4.482003 5.608750 6.918543 8.412214 10.081986 11.910100 13.867949 15.915895 18.003909 20.073123 22.058273 23.890925 25.503300 26.832389 27.824025 28.436547 28.643709 28.436547 27.824025 26.832389 25.503300 23.890925 22.058273 20.073123 18.003909 15.915895 13.867949 11.910100 10.081986 8.412214 6.918543 5.608750 4.482003 3.530538 2.741451 2.098457 1.583466 1.177921 0.863839 0.624552 0.445180 0.312856 0.216773 0.148093 0.099756 0.066257 0.043394 0.028025 0.017848 0.011210 0.006943 0.004241 0.002555 0.001518 0.000890 0.000514 0.000293 0.000165 0.000092 0.000050 0.000027 0.000015 0.000008 0.000004 0.000003 0.000003 
0.000002 0.000002 0.000003 0.000005 0.000010 0.000018 0.000035 0.000064 0.000117 0.000211 0.000375 0.000657 0.001136 0.001937 0.003259 0.005408 0.008851 0.014286 0.022740 0.035695 0.055254 0.084341 0.126947 0.188409 0.275715 0.397824 0.565950 0.793801 1.097691 1.496483 2.011300 2.664926 3.480860 4.482003 5.688961 7.118043 8.779041 10.672961 12.789899 15.107309 17.588909 20.184451 22.830540 25.452598 27.967957 30.289951 32.332750 34.016573 35.272839 36.048804 36.311242 36.048804 35.272839 34.016573 32.332750 30.289951 27.967957 25.452598 22.830540 20.184451 17.588909 15.107309 12.789899 10.672961 8.779041 7.118043 5.688961 4.482003 3.480860 2.664926 2.011300 1.496483 1.097691 0.793801 0.565950 0.397824 0.275715 0.188409 0.126947 0.084341 0.055254 0.035695 0.022740 0.014286 0.008851 0.005408 0.003259 0.001937 0.001136 0.000657 0.000375 0.000211 0.000117 0.000064 0.000035 0.000019 0.000010 0.000006 0.000004 0.000004 
0.000002 0.000002 0.000004 0.000007 0.000012 0.000023 0.000044 0.000081 0.000147 0.000265 0.000472 0.000827 0.001429 0.002436 0.004098 0.006797 0.011121 0.017943 0.028553 0.044807 0.069339 0.105812 0.159223 0.236252 0.345644 0.498606 0.709165 0.994459 1.374880 1.874005 2.518219 3.335981 4.356631 5.608750 7.118043 8.904835 10.981306 13.348654 15.994450 18.890479 21.991377 25.234350 28.540203 31.815790 34.957879 37.858263 40.409788 42.512862 44.081878 45.051005 45.378768 45.051005 44.081878 42.512862 40.409788 37.858263 34.957879 31.815790 28.540203 25.234350 21.991377 18.890479 15.994450 13.348654 10.981306 8.904835 7.118043 5.608750 4.356631 3.335981 2.518219 1.874005 1.374880 0.994459 0.709165 0.498606 0.345644 0.236252 0.159223 0.105812 0.069339 0.044807 0.028553 0.017943 0.011121 0.006797 0.004098 0.002436 0.001429 0.000827 0.000472 0.000265 0.000147 0.000081 0.000044 0.000023 0.000013 0.000007 0.000005 0.000005 
0.000003 0.000003 0.000005 0.000008 0.000015 0.000029 0.000054 0.000100 0.000183 0.000329 0.000585 0.001025 0.001771 0.003019 0.005076 0.008418 0.013769 0.022210 0.035332 0.055430 0.085757 0.130833 0.196825 0.291976 0.427074 0.615936 0.875858 1.227964 1.697381 2.313154 3.107782 4.116303 5.374835 6.918543 8.779041 10.981306 13.540276 16.457357 19.717179 23.284936 27.104716 31.099162 35.170740 39.204761 43.074139 46.645678 49.787496 52.377022 54.308911 55.502150 55.905706 55.502150 54.308911 52.377022 49.787496 46.645678 43.074139 39.204761 35.170740 31.099162 27.104716 23.284936 19.717179 16.457357 13.540276 10.981306 8.779041 6.918543 5.374835 4.116303 3.107782 2.313154 1.697381 1.227964 0.875858 0.615936 0.427074 0.291976 0.196825 0.130833 0.085757 0.055430 0.035332 0.022210 0.013769 0.008418 0.005076 0.003019 0.001771 0.001025 0.000585 0.000329 0.000183 0.000100 0.000054 0.000029 0.000016 0.000009 0.000006 0.000006 
0.000004 0.000004 0.000006 0.000010 0.000019 0.000035 0.000066 0.000123 0.000224 0.000403 0.000715 0.001252 0.002164 0.003687 0.006197 0.010274 0.016800 0.027092 0.043087 0.067579 0.104527 0.159432 0.239795 0.355640 0.520084 0.749925 1.066181 1.494516 2.065456 2.814272 3.780424 5.006441 6.536151 8.412214 10.672961 13.348654 16.457357 20.000704 23.959959 28.292798 32.931293 37.781499 42.725002 47.622588 52.320018 56.655662 60.469493 63.612801 65.957775 67.406135 67.895969 67.406135 65.957775 63.612801 60.469493 56.655662 52.320018 47.622588 42.725002 37.781499 32.931293 28.292798 23.959959 20.000704 16.457357 13.348654 10.672961 8.412214 6.536151 5.006441 3.780424 2.814272 2.065456 1.494516 1.066181 0.749925 0.520084 0.355640 0.239795 0.159432 0.104527 0.067579 0.043087 0.027092 0.016800 0.010274 0.006197 0.003687 0.002164 0.001252 0.000715 0.000403 0.000224 0.000123 0.000066 0.000036 0.000019 0.000011 0.000007 0.000007 
0.000005 0.000005 0.000007 0.000012 0.000023 0.000043 0.000080 0.000148 0.000270 0.000485 0.000861 0.001508 0.002604 0.004437 0.007455 0.012356 0.020199 0.032565 0.051780 0.081196 0.125559 0.191470 0.287922 0.426930 0.624217 0.899906 1.279178 1.792771 2.477237 3.374801 4.532692 6.001801 7.834560 10.081986 12.789899 15.994450 19.717179 23.959959 28.700281 33.887422 39.440027 45.245631 51.162509 57.024077 62.645800 67.834314 72.398198 76.159576 78.965581 80.698667 81.284791 80.698667 78.965581 76.159576 72.398198 67.834314 62.645800 57.024077 51.162509 45.245631 39.440027 33.887422 28.700281 23.959959 19.717179 15.994450 12.789899 10.081986 7.834560 6.001801 4.532692 3.374801 2.477237 1.792771 1.279178 0.899906 0.624217 0.426930 0.287922 0.191470 0.125559 0.081196 0.051780 0.032565 0.020199 0.012356 0.007455 0.004437 0.002604 0.001508 0.000861 0.000485 0.000270 0.000148 0.000080 0.000043 0.000023 0.000013 0.000009 0.000009 
0.000005 0.000005 0.000008 0.000014 0.000027 0.000051 0.000095 0.000176 0.000320 0.000576 0.001022 0.001789 0.003088 0.005260 0.008837 0.014643 0.023932 0.038576 0.061323 0.096139 0.148637 0.226616 0.340706 0.505104 0.738381 1.064307 1.512613 2.119590 2.928381 3.988818 5.356624 7.091831 9.256275 11.910100 15.107309 18.890479 23.284936 28.292798 33.887422 40.008885 46.561143 53.411475 60.392672 67.308229 73.940491 80.061419 85.445282 89.882331 93.192321 95.236658 95.928041 95.236658 93.192321 89.882331 85.445282 80.061419 73.940491 67.308229 60.392672 53.411475 46.561143 40.008885 33.887422 28.292798 23.284936 18.890479 15.107309 11.910100 9.256275 7.091831 5.356624 3.988818 2.928381 2.119590 1.512613 1.064307 0.738381 0.505104 0.340706 0.226616 0.148637 0.096139 0.061323 0.038576 0.023932 0.014643 0.008837 0.005260 0.003088 0.001789 0.001022 0.000576 0.000320 0.000176 0.000095 0.000051 0.000028 0.000016 0.000011 0.000011 
0.000006 0.000006 0.000009 0.000017 0.000032 0.000059 0.000111 0.000205 0.000374 0.000673 0.001195 0.002091 0.003609 0.006146 0.010322 0.017100 0.027942 0.045029 0.071568 0.112178 0.173401 0.264324 0.397328 0.588946 0.860803 1.240569 1.762850 2.469878 3.411851 4.646738 6.239349 8.259493 10.779058 13.867949 17.588909 21.991377 27.104716 32.931293 39.440027 46.561143 54.182876 62.150833 70.270545 78.313506 86.026648 93.144854 99.405706 104.565387 108.414379 110.791587 111.595541 110.791587 108.414379 104.565387 99.405706 93.144854 86.026648 78.313506 70.270545 62.150833 54.182876 46.561143 39.440027 32.931293 27.104716 21.991377 17.588909 13.867949 10.779058 8.259493 6.239349 4.646738 3.411851 2.469878 1.762850 1.240569 0.860803 0.588946 0.397328 0.264324 0.173401 0.112178 0.071568 0.045029 0.027942 0.017100 0.010322 0.006146 0.003609 0.002091 0.001195 0.000673 0.000375 0.000206 0.000111 0.000060 0.000032 0.000018 0.000013 0.000013 
0.000007 0.000007 0.000011 0.000019 0.000036 0.000069 0.000128 0.000237 0.000432 0.000776 0.001376 0.002408 0.004156 0.007075 0.011880 0.019678 0.032146 0.051796 0.082307 0.128988 0.199352 0.303832 0.456643 0.676761 0.989005 1.425126 2.024825 2.836547 3.917863 5.335246 7.163002 9.481152 12.372083 15.915895 20.184451 25.234350 31.099162 37.781499 45.245631 53.411475 62.150833 71.286663 80.596014 89.816947 98.659403 106.819535 113.996614 119.911238 124.323323 127.048278 127.969831 127.048278 124.323323 119.911238 113.996614 106.819535 98.659403 89.816947 80.596014 71.286663 62.150833 53.411475 45.245631 37.781499 31.099162 25.234350 20.184451 15.915895 12.372083 9.481152 7.163002 5.335246 3.917863 2.836547 2.024825 1.425126 0.989005 0.676761 0.456643 0.303832 0.199352 0.128988 0.082307 0.051796 0.032146 0.019678 0.011880 0.007075 0.004156 0.002408 0.001376 0.000776 0.000432 0.000237 0.000128 0.000069 0.000037 0.000021 0.000015 0.000015 
0.000008 0.000008 0.000012 0.000022 0.000041 0.000078 0.000146 0.000269 0.000490 0.000881 0.001562 0.002732 0.004714 0.008025 0.013473 0.022312 0.036443 0.058709 0.093278 0.146159 0.225854 0.344173 0.517198 0.766400 1.119852 1.613464 2.292133 3.210632 4.434046 6.037511 8.105007 10.726953 13.996430 18.003909 22.830540 28.540203 35.170740 42.725002 51.162509 60.392672 70.270545 80.596014 91.117115 101.537863 111.530530 120.751834 128.862039 135.545514 140.531057 143.610153 144.651469 143.610153 140.531057 135.545514 128.862039 120.751834 111.530530 101.537863 91.117115 80.596014 70.270545 60.392672 51.162509 42.725002 35.170740 28.540203 22.830540 18.003909 13.996430 10.726953 8.105007 6.037511 4.434046 3.210632 2.292133 1.613464 1.119852 0.766400 0.517198 0.344173 0.225854 0.146159 0.093278 0.058709 0.036443 0.022312 0.013473 0.008025 0.004714 0.002732 0.001562 0.000881 0.000490 0.000269 0.000146 0.000078 0.000042 0.000024 0.000016 0.000016 
