0.000000 0.000000 0.000000 0.000000 0.000000 0.000000 0.000000 0.000000 0.000000 0.000000 0.000000 0.000000 0.000000 0.000000 0.000000 0.000000 0.000000 0.000000 0.000000 0.000000 0.000000 0.000000 0.000000 0.000000 0.000000 0.000000 0.000000 0.000000 0.000000 0.000000 0.000000 0.000000 0.000000 0.000000 0.000000 0.000000 0.000000 0.000000 0.000000 0.000000 0.000000 0.000000 0.000000 0.000000 0.000000 0.000000 0.000000 0.000000 0.000000 0.000000 0.000000 0.000000 0.000000 0.000000 0.000000 0.000000 0.000000 0.000000 0.000000 0.000000 0.000000 0.000000 0.000000 0.000000 0.000000 0.000000 0.000000 0.000000 0.000000 0.000000 0.000000 0.000000 0.000000 0.000000 0.000000 0.000000 0.000000 0.000000 0.000000 0.000000 0.000000 0.000000 0.000000 0.000000 0.000000 0.000000 0.000000 0.000000 0.000000 0.000000 0.000000 0.000000 0.000000 0.000000 0.000000 0.000000 0.000000 0.000000 0.000000 0.000000 
0.000000 0.000000 0.000000 0.000000 0.000000 0.000000 0.000000 0.000000 0.000000 0.000000 0.000000 0.000000 0.000000 0.000000 0.000000 0.000000 0.000000 0.000000 0.000000 0.000000 0.000000 0.000000 0.000000 0.000000 0.000000 0.000000 0.000000 0.000000 0.000000 0.000000 0.000000 0.000000 0.000000 0.000000 0.000000 0.000000 0.000000 0.000000 0.000000 0.000000 0.000000 0.000000 0.000000 0.000000 0.000000 0.000000 0.000000 0.000000 0.000000 0.000000 0.000000 0.000000 0.000000 0.000000 0.000000 0.000000 0.000000 0.000000 0.000000 0.000000 0.000000 0.000000 0.000000 0.000000 0.000000 0.000000 0.000000 0.000000 0.000000 0.000000 0.000000 0.000000 0.000000 0.000000 0.000000 0.000000 0.000000 0.000000 0.000000 0.000000 0.000000 0.000000 0.000000 0.000000 0.000000 0.000000 0.000000 0.000000 0.000000 0.000000 0.000000 0.000000 0.000000 0.000000 0.000000 0.000000 0.000000 0.000000 0.000000 0.000000 
0.000000 0.000000 0.000000 0.000000 0.000000 0.000000 0.000000 0.000000 0.000000 0.000000 0.000000 0.000000 0.000000 0.000000 0.000000 0.000000 0.000000 0.000000 0.000000 0.000000 0.000000 0.000000 0.000000 0.000000 0.000000 0.000000 0.000000 0.000000 0.000000 0.000000 0.000000 0.000000 0.000000 0.000000 0.000000 0.000000 0.000000 0.000000 0.000000 0.000000 0.000000 0.000000 0.000000 0.000000 0.000000 0.000000 0.000000 0.000000 0.000000 0.000000 0.000000 0.000000 0.000000 0.000000 0.000000 0.000000 0.000000 0.000000 0.000000 0.000000 0.000000 0.000000 0.000000 0.000000 0.000000 0.000000 0.000000 0.000000 0.000000 0.000000 0.000000 0.000000 0.000000 0.000000 0.000000 0.000000 0.000000 0.000000 0.000000 0.000000 0.000000 0.000000 0.000000 0.000000 0.000000 0.000000 0.000000 0.000000 0.000000 0.000000 0.000000 0.000000 0.000000 0.000000 0.000000 0.000000 0.000000 0.000000 0.000000 0.000000 
0.000000 0.000000 0.000000 0.000000 0.000000 0.000000 0.000000 0.000000 0.000000 0.000000 0.000000 0.000000 0.000000 0.000000 0.000000 0.000000 0.000000 0.000000 0.000000 0.000000 0.000000 0.000000 0.000000 0.000000 0.000000 0.000000 0.000000 0.000000 0.000000 0.000000 0.000000 0.000000 0.000000 0.000000 0.000000 0.000000 0.000000 0.000000 0.000000 0.000000 0.000000 0.000000 0.000000 0.000000 0.000000 0.000000 0.000000 0.000000 0.000000 0.000000 0.000000 0.000000 0.000000 0.000000 0.000000 0.000000 0.000000 0.000000 0.000000 0.000000 0.000000 0.000000 0.000000 0.000000 0.000000 0.000000 0.000000 0.000000 0.000000 0.000000 0.000000 0.000000 0.000000 0.000000 0.000000 0.000000 0.000000 0.000000 0.000000 0.000000 0.000000 0.000000 0.000000 0.000000 0.000000 0.000000 0.000000 0.000000 0.000000 0.000000 0.000000 0.000000 0.000000 0.000000 0.000000 0.000000 0.000000 0.000000 0.000000 0.000000 
0.000000 0.000000 0.000000 0.000000 0.000000 0.000000 0.000000 0.000000 0.000000 0.000000 0.000000 0.000000 0.000000 0.000000 0.000000 0.000000 0.000000 0.000000 0.000000 0.000000 0.000000 0.000000 0.000000 0.000000 0.000000 0.000000 0.000000 0.000000 0.000000 0.000000 0.000000 0.000000 0.000000 0.000000 0.000000 0.000000 0.000000 0.000000 0.000000 0.000000 0.000000 0.000000 0.000000 0.000000 0.000000 0.000000 0.000000 0.000000 0.000000 0.000000 0.000000 0.000000 0.000000 0.000000 0.000000 0.000000 0.000000 0.000000 0.000000 0.000000 0.000000 0.000000 0.000000 0.000000 0.000000 0.000000 0.000000 0.000000 0.000000 0.000000 0.000000 0.000000 0.000000 0.000000 0.000000 0.000000 0.000000 0.000000 0.000000 0.000000 0.000000 0.000000 0.000000 0.000000 0.000000 0.000000 0.000000 0.000000 0.000000 0.000000 0.000000 0.000000 0.000000 0.000000 0.000000 0.000000 0.000000 0.000000 0.000000 0.000000 
0.000000 0.000000 0.000000 0.000000 0.000000 0.000000 0.000000 0.000000 0.000000 0.000000 0.000000 0.000000 0.000000 0.000000 0.000000 0.000000 0.000000 0.000000 0.000000 0.000000 0.000000 0.000000 0.000000 0.000000 0.000000 0.000000 0.000000 0.000000 0.000000 0.000000 0.000000 0.000000 0.000000 0.000000 0.000000 0.000000 0.000000 0.000000 0.000000 0.000000 0.000000 0.000000 0.000000 0.000000 0.000000 0.000000 0.000000 0.000000 0.000000 0.000000 0.000000 0.000000 0.000000 0.000000 0.000000 0.000000 0.000000 0.000000 0.000000 0.000000 0.000000 0.000000 0.000000 0.000000 0.000000 0.000000 0.000000 0.000000 0.000000 0.000000 0.000000 0.000000 0.000000 0.000000 0.000000 0.000000 0.000000 0.000000 0.000000 0.000000 0.000000 0.000000 0.000000 0.000000 0.000000 0.000000 0.000000 0.000000 0.000000 0.000000 0.000000 0.000000 0.000000 0.000000 0.000000 0.000000 0.000000 0.000000 0.000000 0.000000 
0.000000 0.000000 0.000000 0.000000 0.000000 0.000000 0.000000 0.000000 0.000000 0.000000 0.000000 0.000000 0.000000 0.000000 0.000000 0.000000 0.000000 0.000000 0.000000 0.000000 0.000000 0.000000 0.000000 0.000000 0.000000 0.000000 0.000000 0.000000 0.000000 0.000000 0.000000 0.000000 0.000000 0.000000 0.000000 0.000000 0.000000 0.000000 0.000000 0.000000 0.000000 0.000000 0.000000 0.000000 0.000000 0.000000 0.000000 0.000000 0.000000 0.000000 0.000000 0.000000 0.000000 0.000000 0.000000 0.000000 0.000000 0.000000 0.000000 0.000000 0.000000 0.000000 0.000000 0.000000 0.000000 0.000000 0.000000 0.000000 0.000000 0.000000 0.000000 0.000000 0.000000 0.000000 0.000000 0.000000 0.000000 0.000000 0.000000 0.000000 0.000000 0.000000 0.000000 0.000000 0.000000 0.000000 0.000000 0.000000 0.000000 0.000000 0.000000 0.000000 0.000000 0.000000 0.000000 0.000000 0.000000 0.000000 0.000000 0.000000 
0.000000 0.000000 0.000000 0.000000 0.000000 0.000000 0.000000 0.000000 0.000000 0.000000 0.000000 0.000000 0.000000 0.000000 0.000000 0.000000 0.000000 0.000000 0.000000 0.000000 0.000000 0.000000 0.000000 0.000000 0.000000 0.000000 0.000000 0.000000 0.000000 0.000000 0.000000 0.000000 0.000000 0.000000 0.000000 0.000000 0.000000 0.000000 0.000000 0.000000 0.000000 0.000000 0.000000 0.000000 0.000000 0.000000 0.000000 0.000000 0.000000 0.000000 0.000000 0.000000 0.000000 0.000000 0.000000 0.000000 0.000000 0.000000 0.000000 0.000000 0.000000 0.000000 0.000000 0.000000 0.000000 0.000000 0.000000 0.000000 0.000000 0.000000 0.000000 0.000000 0.000000 0.000000 0.000000 0.000000 0.000000 0.000000 0.000000 0.000000 0.000000 0.000000 0.000000 0.000000 0.000000 0.000000 0.000000 0.000000 0.000000 0.000000 0.000000 0.000000 0.000000 0.000000 0.000000 0.000000 0.000000 0.000000 0.000000 0.000000 
0.000000 0.000000 0.000000 0.000000 0.000000 0.000000 0.000000 0.000000 0.000000 0.000000 0.000000 0.000000 0.000000 0.000000 0.000000 0.000000 0.000000 0.000000 0.000000 0.000000 0.000000 0.000000 0.000000 0.000000 0.000000 0.000000 0.000000 0.000000 0.000000 0.000000 0.000000 0.000000 0.000000 0.000000 0.000000 0.000000 0.000000 0.000000 0.000000 0.000000 0.000000 0.000000 0.000000 0.000000 0.000000 0.000000 0.000000 0.000001 0.000001 0.000001 0.000001 0.000001 0.000001 0.000001 0.000000 0.000000 0.000000 0.000000 0.000000 0.000000 0.000000 0.000000 0.000000 0.000000 0.000000 0.000000 0.000000 0.000000 0.000000 0.000000 0.000000 0.000000 0.000000 0.000000 0.000000 0.000000 0.000000 0.000000 0.000000 0.000000 0.000000 0.000000 0.000000 0.000000 0.000000 0.000000 0.000000 0.000000 0.000000 0.000000 0.000000 0.000000 0.000000 0.000000 0.000000 0.000000 0.000000 0.000000 0.000000 0.000000 
0.000000 0.000000 0.000000 0.000000 0.000000 0.000000 0.000000 0.000000 0.000000 0.000000 0.000000 0.000000 0.000000 0.000000 0.000000 0.000000 0.000000 0.000000 0.000000 0.000000 0.000000 0.000000 0.000000 0.000000 0.000000 0.000000 0.000000 0.000000 0.000000 0.000000 0.000000 0.000000 0.000000 0.000000 0.000000 0.000000 0.000000 0.000000 0.000000 0.000000 0.000000 0.000001 0.000001 0.000001 0.000001 0.000001 0.000001 0.000001 0.000001 0.000002 0.000002 0.000002 0.000001 0.000001 0.000001 0.000001 0.000001 0.000001 0.000001 0.000001 0.000000 0.000000 0.000000 0.000000 0.000000 0.000000 0.000000 0.000000 0.000000 0.000000 0.000000 0.000000 0.000000 0.000000 0.000000 0.000000 0.000000 0.000000 0.000000 0.000000 0.000000 0.000000 0.000000 0.000000 0.000000 0.000000 0.000000 0.000000 0.000000 0.000000 0.000000 0.000000 0.000000 0.000000 0.000000 0.000000 0.000000 0.000000 0.000000 0.000000 
0.000000 0.000000 0.000000 0.000000 0.000000 0.000000 0.000000 0.000000 0.000000 0.000000 0.000000 0.000000 0.000000 0.000000 0.000000 0.000000 0.000000 0.000000 0.000000 0.000000 0.000000 0.000000 0.000000 0.000000 0.000000 0.000000 0.000000 0.000000 0.000000 0.000000 0.000000 0.000000 0.000000 0.000000 0.000000 0.000000 0.000000 0.000000 0.000001 0.000001 0.000001 0.000001 0.000002 0.000002 0.000002 0.000003 0.000003 0.000003 0.000004 0.000004 0.000004 0.000004 0.000004 0.000003 0.000003 0.000003 0.000002 0.000002 0.000002 0.000001 0.000001 0.000001 0.000001 0.000000 0.000000 0.000000 0.000000 0.000000 0.000000 0.000000 0.000000 0.000000 0.000000 0.000000 0.000000 0.000000 0.000000 0.000000 0.000000 0.000000 0.000000 0.000000 0.000000 0.000000 0.000000 0.000000 0.000000 0.000000 0.000000 0.000000 0.000000 0.000000 0.000000 0.000000 0.000000 0.000000 0.000000 0.000000 0.000000 0.000000 
0.000000 0.000000 0.000000 0.000000 0.000000 0.000000 0.000000 0.000000 0.000000 0.000000 0.000000 0.000000 0.000000 0.000000 0.000000 0.000000 0.000000 0.000000 0.000000 0.000000 0.000000 0.000000 0.000000 0.000000 0.000000 0.000000 0.000000 0.000000 0.000000 0.000000 0.000000 0.000000 0.000000 0.000000 0.000000 0.000001 0.000001 0.000001 0.000001 0.000002 0.000003 0.000003 0.000004 0.000005 0.000006 0.000007 0.000007 0.000008 0.000009 0.000009 0.000009 0.000009 0.000009 0.000008 0.000007 0.000007 0.000006 0.000005 0.000004 0.000003 0.000003 0.000002 0.000001 0.000001 0.000001 0.000001 0.000000 0.000000 0.000000 0.000000 0.000000 0.000000 0.000000 0.000000 0.000000 0.000000 0.000000 0.000000 0.000000 0.000000 0.000000 0.000000 0.000000 0.000000 0.000000 0.000000 0.000000 0.000000 0.000000 0.000000 0.000000 0.000000 0.000000 0.000000 0.000000 0.000000 0.000000 0.000000 0.000000 0.000000 
0.000000 0.000000 0.000000 0.000000 0.000000 0.000000 0.000000 0.000000 0.000000 0.000000 0.000000 0.000000 0.000000 0.000000 0.000000 0.000000 0.000000 0.000000 0.000000 0.000000 0.000000 0.000000 0.000000 0.000000 0.000000 0.000000 0.000000 0.000000 0.000000 0.000000 0.000000 0.000000 0.000000 0.000001 0.000001 0.000001 0.000002 0.000003 0.000004 0.000005 0.000006 0.000008 0.000010 0.000012 0.000014 0.000016 0.000018 0.000020 0.000021 0.000022 0.000022 0.000022 0.000021 0.000020 0.000018 0.000016 0.000014 0.000012 0.000010 0.000008 0.000006 0.000005 0.000004 0.000003 0.000002 0.000001 0.000001 0.000001 0.000000 0.000000 0.000000 0.000000 0.000000 0.000000 0.000000 0.000000 0.000000 0.000000 0.000000 0.000000 0.000000 0.000000 0.000000 0.000000 0.000000 0.000000 0.000000 0.000000 0.000000 0.000000 0.000000 0.000000 0.000000 0.000000 0.000000 0.000000 0.000000 0.000000 0.000000 0.000000 
0.000000 0.000000 0.000000 0.000000 0.000000 0.000000 0.000000 0.000000 0.000000 0.000000 0.000000 0.000000 0.000000 0.000000 0.000000 0.000000 0.000000 0.000000 0.000000 0.000000 0.000000 0.000000 0.000000 0.000000 0.000000 0.000000 0.000000 0.000000 0.000000 0.000000 0.000000 0.000001 0.000001 0.000001 0.000002 0.000003 0.000004 0.000006 0.000008 0.000011 0.000014 0.000018 0.000023 0.000027 0.000032 0.000037 0.000042 0.000046 0.000049 0.000051 0.000051 0.000051 0.000049 0.000046 0.000042 0.000037 0.000032 0.000027 0.000023 0.000018 0.000014 0.000011 0.000008 0.000006 0.000004 0.000003 0.000002 0.000001 0.000001 0.000001 0.000000 0.000000 0.000000 0.000000 0.000000 0.000000 0.000000 0.000000 0.000000 0.000000 0.000000 0.000000 0.000000 0.000000 0.000000 0.000000 0.000000 0.000000 0.000000 0.000000 0.000000 0.000000 0.000000 0.000000 0.000000 0.000000 0.000000 0.000000 0.000000 0.000000 
0.000000 0.000000 0.000000 0.000000 0.000000 0.000000 0.000000 0.000000 0.000000 0.000000 0.000000 0.000000 0.000000 0.000000 0.000000 0.000000 0.000000 0.000000 0.000000 0.000000 0.000000 0.000000 0.000000 0.000000 0.000000 0.000000 0.000000 0.000000 0.000000 0.000000 0.000001 0.000001 0.000002 0.000003 0.000005 0.000007 0.000010 0.000014 0.000019 0.000025 0.000033 0.000042 0.000052 0.000063 0.000074 0.000085 0.000095 0.000104 0.000111 0.000115 0.000117 0.000115 0.000111 0.000104 0.000095 0.000085 0.000074 0.000063 0.000052 0.000042 0.000033 0.000025 0.000019 0.000014 0.000010 0.000007 0.000005 0.000003 0.000002 0.000001 0.000001 0.000000 0.000000 0.000000 0.000000 0.000000 0.000000 0.000000 0.000000 0.000000 0.000000 0.000000 0.000000 0.000000 0.000000 0.000000 0.000000 0.000000 0.000000 0.000000 0.000000 0.000000 0.000000 0.000000 0.000000 0.000000 0.000000 0.000000 0.000000 0.000000 
0.000000 0.000000 0.000000 0.000000 0.000000 0.000000 0.000000 0.000000 0.000000 0.000000 0.000000 0.000000 0.000000 0.000000 0.000000 0.000000 0.000000 0.000000 0.000000 0.000000 0.000000 0.000000 0.000000 0.000000 0.000000 0.000000 0.000000 0.000000 0.000001 0.000001 0.000002 0.000003 0.000005 0.000007 0.000011 0.000016 0.000022 0.000031 0.000043 0.000057 0.000074 0.000094 0.000117 0.000141 0.000166 0.000191 0.000214 0.000234 0.000249 0.000258 0.000262 0.000258 0.000249 0.000234 0.000214 0.000191 0.000166 0.000141 0.000117 0.000094 0.000074 0.000057 0.000043 0.000031 0.000022 0.000016 0.000011 0.000007 0.000005 0.000003 0.000002 0.000001 0.000001 0.000000 0.000000 0.000000 0.000000 0.000000 0.000000 0.000000 0.000000 0.000000 0.000000 0.000000 0.000000 0.000000 0.000000 0.000000 0.000000 0.000000 0.000000 0.000000 0.000000 0.000000 0.000000 0.000000 0.000000 0.000000 0.000000 0.000000 
0.000000 0.000000 0.000000 0.000000 0.000000 0.000000 0.000000 0.000000 0.000000 0.000000 0.000000 0.000000 0.000000 0.000000 0.000000 0.000000 0.000000 0.000000 0.000000 0.000000 0.000000 0.000000 0.000000 0.000000 0.000000 0.000000 0.000000 0.000001 0.000001 0.000002 0.000004 0.000006 0.000010 0.000015 0.000023 0.000034 0.000049 0.000069 0.000094 0.000126 0.000163 0.000207 0.000257 0.000310 0.000365 0.000419 0.000469 0.000512 0.000545 0.000566 0.000573 0.000566 0.000545 0.000512 0.000469 0.000419 0.000365 0.000310 0.000257 0.000207 0.000163 0.000126 0.000094 0.000069 0.000049 0.000034 0.000023 0.000015 0.000010 0.000006 0.000004 0.000002 0.000001 0.000001 0.000000 0.000000 0.000000 0.000000 0.000000 0.000000 0.000000 0.000000 0.000000 0.000000 0.000000 0.000000 0.000000 0.000000 0.000000 0.000000 0.000000 0.000000 0.000000 0.000000 0.000000 0.000000 0.000000 0.000000 0.000000 0.000000 
0.000000 0.000000 0.000000 0.000000 0.000000 0.000000 0.000000 0.000000 0.000000 0.000000 0.000000 0.000000 0.000000 0.000000 0.000000 0.000000 0.000000 0.000000 0.000000 0.000000 0.000000 0.000000 0.000000 0.000000 0.000000 0.000001 0.000001 0.000002 0.000003 0.000005 0.000009 0.000014 0.000022 0.000034 0.000051 0.000074 0.000106 0.000149 0.000203 0.000271 0.000352 0.000446 0.000552 0.000666 0.000783 0.000899 0.001006 0.001098 0.001169 0.001214 0.001229 0.001214 0.001169 0.001098 0.001006 0.000899 0.000783 0.000666 0.000552 0.000446 0.000352 0.000271 0.000203 0.000149 0.000106 0.000074 0.000051 0.000034 0.000022 0.000014 0.000009 0.000005 0.000003 0.000002 0.000001 0.000001 0.000000 0.000000 0.000000 0.000000 0.000000 0.000000 0.000000 0.000000 0.000000 0.000000 0.000000 0.000000 0.000000 0.000000 0.000000 0.000000 0.000000 0.000000 0.000000 0.000000 0.000000 0.000000 0.000000 0.000000 
0.000000 0.000000 0.000000 0.000000 0.000000 0.000000 0.000000 0.000000 0.000000 0.000000 0.000000 0.000000 0.000000 0.000000 0.000000 0.000000 0.000000 0.000000 0.000000 0.000000 0.000000 0.000000 0.000000 0.000000 0.000001 0.000001 0.000002 0.000004 0.000006 0.000011 0.000018 0.000029 0.000046 0.000071 0.000107 0.000157 0.000225 0.000315 0.000430 0.000572 0.000742 0.000940 0.001162 0.001400 0.001647 0.001889 0.002113 0.002306 0.002455 0.002548 0.002580 0.002548 0.002455 0.002306 0.002113 0.001889 0.001647 0.001400 0.001162 0.000940 0.000742 0.000572 0.000430 0.000315 0.000225 0.000157 0.000107 0.000071 0.000046 0.000029 0.000018 0.000011 0.000006 0.000004 0.000002 0.000001 0.000001 0.000000 0.000000 0.000000 0.000000 0.000000 0.000000 0.000000 0.000000 0.000000 0.000000 0.000000 0.000000 0.000000 0.000000 0.000000 0.000000 0.000000 0.000000 0.000000 0.000000 0.000000 0.000000 0.000000 
0.000000 0.000000 0.000000 0.000000 0.000000 0.000000 0.000000 0.000000 0.000000 0.000000 0.000000 0.000000 0.000000 0.000000 0.000000 0.000000 0.000000 0.000000 0.000000 0.000000 0.000000 0.000000 0.000000 0.000001 0.000001 0.000002 0.000004 0.000008 0.000014 0.000023 0.000038 0.000061 0.000096 0.000148 0.000223 0.000326 0.000467 0.000652 0.000888 0.001180 0.001531 0.001938 0.002393 0.002883 0.003388 0.003885 0.004345 0.004740 0.005045 0.005237 0.005302 0.005237 0.005045 0.004740 0.004345 0.003885 0.003388 0.002883 0.002393 0.001938 0.001531 0.001180 0.000888 0.000652 0.000467 0.000326 0.000223 0.000148 0.000096 0.000061 0.000038 0.000023 0.000014 0.000008 0.000004 0.000002 0.000001 0.000001 0.000000 0.000000 0.000000 0.000000 0.000000 0.000000 0.000000 0.000000 0.000000 0.000000 0.000000 0.000000 0.000000 0.000000 0.000000 0.000000 0.000000 0.000000 0.000000 0.000000 0.000000 0.000000 
0.000000 0.000000 0.000000 0.000000 0.000000 0.000000 0.000000 0.000000 0.000000 0.000000 0.000000 0.000000 0.000000 0.000000 0.000000 0.000000 0.000000 0.000000 0.000000 0.000000 0.000000 0.000000 0.000001 0.000001 0.000003 0.000005 0.000009 0.000016 0.000028 0.000047 0.000077 0.000125 0.000196 0.000302 0.000452 0.000662 0.000946 0.001319 0.001795 0.002385 0.003091 0.003909 0.004824 0.005809 0.006823 0.007820 0.008743 0.009536 0.010146 0.010531 0.010662 0.010531 0.010146 0.009536 0.008743 0.007820 0.006823 0.005809 0.004824 0.003909 0.003091 0.002385 0.001795 0.001319 0.000946 0.000662 0.000452 0.000302 0.000196 0.000125 0.000077 0.000047 0.000028 0.000016 0.000009 0.000005 0.000003 0.000001 0.000001 0.000000 0.000000 0.000000 0.000000 0.000000 0.000000 0.000000 0.000000 0.000000 0.000000 0.000000 0.000000 0.000000 0.000000 0.000000 0.000000 0.000000 0.000000 0.000000 0.000000 0.000000 
0.000000 0.000000 0.000000 0.000000 0.000000 0.000000 0.000000 0.000000 0.000000 0.000000 0.000000 0.000000 0.000000 0.000000 0.000000 0.000000 0.000000 0.000000 0.000000 0.000000 0.000000 0.000001 0.000001 0.000003 0.000005 0.000010 0.000018 0.000032 0.000056 0.000094 0.000155 0.000249 0.000391 0.000600 0.000898 0.001313 0.001875 0.002612 0.003552 0.004714 0.006105 0.007716 0.009516 0.011451 0.013445 0.015402 0.017215 0.018771 0.019968 0.020723 0.020981 0.020723 0.019968 0.018771 0.017215 0.015402 0.013445 0.011451 0.009516 0.007716 0.006105 0.004714 0.003552 0.002612 0.001875 0.001313 0.000898 0.000600 0.000391 0.000249 0.000155 0.000094 0.000056 0.000032 0.000018 0.000010 0.000005 0.000003 0.000001 0.000001 0.000000 0.000000 0.000000 0.000000 0.000000 0.000000 0.000000 0.000000 0.000000 0.000000 0.000000 0.000000 0.000000 0.000000 0.000000 0.000000 0.000000 0.000000 0.000000 0.000000 
0.000000 0.000000 0.000000 0.000000 0.000000 0.000000 0.000000 0.000000 0.000000 0.000000 0.000000 0.000000 0.000000 0.000000 0.000000 0.000000 0.000000 0.000000 0.000000 0.000000 0.000001 0.000001 0.000003 0.000006 0.000011 0.000020 0.000036 0.000063 0.000109 0.000184 0.000302 0.000485 0.000762 0.001167 0.001746 0.002550 0.003635 0.005060 0.006874 0.009116 0.011797 0.014900 0.018365 0.022087 0.025921 0.029683 0.033164 0.036153 0.038452 0.039901 0.040396 0.039901 0.038452 0.036153 0.033164 0.029683 0.025921 0.022087 0.018365 0.014900 0.011797 0.009116 0.006874 0.005060 0.003635 0.002550 0.001746 0.001167 0.000762 0.000485 0.000302 0.000184 0.000109 0.000063 0.000036 0.000020 0.000011 0.000006 0.000003 0.000001 0.000001 0.000000 0.000000 0.000000 0.000000 0.000000 0.000000 0.000000 0.000000 0.000000 0.000000 0.000000 0.000000 0.000000 0.000000 0.000000 0.000000 0.000000 0.000000 0.000000 
0.000000 0.000000 0.000000 0.000000 0.000000 0.000000 0.000000 0.000000 0.000000 0.000000 0.000000 0.000000 0.000000 0.000000 0.000000 0.000000 0.000000 0.000000 0.000000 0.000001 0.000001 0.000003 0.000006 0.000011 0.000021 0.000038 0.000069 0.000121 0.000209 0.000351 0.000577 0.000926 0.001451 0.002221 0.003318 0.004841 0.006895 0.009588 0.013015 0.017245 0.022301 0.028147 0.034672 0.041678 0.048890 0.055962 0.062507 0.068123 0.072442 0.075164 0.076094 0.075164 0.072442 0.068123 0.062507 0.055962 0.048890 0.041678 0.034672 0.028147 0.022301 0.017245 0.013015 0.009588 0.006895 0.004841 0.003318 0.002221 0.001451 0.000926 0.000577 0.000351 0.000209 0.000121 0.000069 0.000038 0.000021 0.000011 0.000006 0.000003 0.000001 0.000001 0.000000 0.000000 0.000000 0.000000 0.000000 0.000000 0.000000 0.000000 0.000000 0.000000 0.000000 0.000000 0.000000 0.000000 0.000000 0.000000 0.000000 0.000000 
0.000000 0.000000 0.000000 0.000000 0.000000 0.000000 0.000000 0.000000 0.000000 0.000000 0.000000 0.000000 0.000000 0.000000 0.000000 0.000000 0.000000 0.000000 0.000001 0.000001 0.000003 0.000005 0.000011 0.000021 0.000039 0.000072 0.000129 0.000228 0.000391 0.000657 0.001078 0.001727 0.002703 0.004132 0.006168 0.008989 0.012791 0.017770 0.024101 0.031908 0.041235 0.052012 0.064030 0.076930 0.090202 0.103212 0.115246 0.125571 0.133509 0.138512 0.140221 0.138512 0.133509 0.125571 0.115246 0.103212 0.090202 0.076930 0.064030 0.052012 0.041235 0.031908 0.024101 0.017770 0.012791 0.008989 0.006168 0.004132 0.002703 0.001727 0.001078 0.000657 0.000391 0.000228 0.000129 0.000072 0.000039 0.000021 0.000011 0.000005 0.000003 0.000001 0.000001 0.000000 0.000000 0.000000 0.000000 0.000000 0.000000 0.000000 0.000000 0.000000 0.000000 0.000000 0.000000 0.000000 0.000000 0.000000 0.000000 0.000000 
0.000000 0.000000 0.000000 0.000000 0.000000 0.000000 0.000000 0.000000 0.000000 0.000000 0.000000 0.000000 0.000000 0.000000 0.000000 0.000000 0.000000 0.000001 0.000001 0.000002 0.000005 0.000010 0.000020 0.000038 0.000072 0.000132 0.000238 0.000417 0.000716 0.001202 0.001969 0.003150 0.004925 0.007519 0.011210 0.016322 0.023204 0.032208 0.043647 0.057743 0.074570 0.094000 0.115656 0.138888 0.162780 0.186191 0.207838 0.226407 0.240680 0.249675 0.252747 0.249675 0.240680 0.226407 0.207838 0.186191 0.162780 0.138888 0.115656 0.094000 0.074570 0.057743 0.043647 0.032208 0.023204 0.016322 0.011210 0.007519 0.004925 0.003150 0.001969 0.001202 0.000716 0.000417 0.000238 0.000132 0.000072 0.000038 0.000020 0.000010 0.000005 0.000002 0.000001 0.000001 0.000000 0.000000 0.000000 0.000000 0.000000 0.000000 0.000000 0.000000 0.000000 0.000000 0.000000 0.000000 0.000000 0.000000 0.000000 0.000000 
0.000000 0.000000 0.000000 0.000000 0.000000 0.000000 0.000000 0.000000 0.000000 0.000000 0.000000 0.000000 0.000000 0.000000 0.000000 0.000000 0.000000 0.000001 0.000002 0.000004 0.000009 0.000018 0.000036 0.000069 0.000129 0.000238 0.000427 0.000748 0.001282 0.002148 0.003514 0.005617 0.008770 0.013376 0.019922 0.028978 0.041160 0.057084 0.077298 0.102186 0.131877 0.166140 0.204307 0.245231 0.287298 0.328503 0.366592 0.399254 0.424358 0.440174 0.445577 0.440174 0.424358 0.399254 0.366592 0.328503 0.287298 0.245231 0.204307 0.166140 0.131877 0.102186 0.077298 0.057084 0.041160 0.028978 0.019922 0.013376 0.008770 0.005617 0.003514 0.002148 0.001282 0.000748 0.000427 0.000238 0.000129 0.000069 0.000036 0.000018 0.000009 0.000004 0.000002 0.000001 0.000000 0.000000 0.000000 0.000000 0.000000 0.000000 0.000000 0.000000 0.000000 0.000000 0.000000 0.000000 0.000000 0.000000 0.000000 0.000000 
0.000000 0.000000 0.000000 0.000000 0.000000 0.000000 0.000000 0.000000 0.000000 0.000000 0.000000 0.000000 0.000000 0.000000 0.000000 0.000000 0.000001 0.000002 0.000004 0.000008 0.000016 0.000032 0.000063 0.000121 0.000228 0.000417 0.000748 0.001310 0.002243 0.003752 0.006132 0.009790 0.015269 0.023263 0.034614 0.050302 0.071386 0.098924 0.133851 0.176825 0.228059 0.287145 0.352929 0.423430 0.495870 0.566800 0.632344 0.688539 0.731720 0.758923 0.768214 0.758923 0.731720 0.688539 0.632344 0.566800 0.495870 0.423430 0.352929 0.287145 0.228059 0.176825 0.133851 0.098924 0.071386 0.050302 0.034614 0.023263 0.015269 0.009790 0.006132 0.003752 0.002243 0.001310 0.000748 0.000417 0.000228 0.000121 0.000063 0.000032 0.000016 0.000008 0.000004 0.000002 0.000001 0.000000 0.000000 0.000000 0.000000 0.000000 0.000000 0.000000 0.000000 0.000000 0.000000 0.000000 0.000000 0.000000 0.000000 0.000000 
0.000000 0.000000 0.000000 0.000000 0.000000 0.000000 0.000000 0.000000 0.000000 0.000000 0.000000 0.000000 0.000000 0.000000 0.000000 0.000001 0.000001 0.000003 0.000006 0.000014 0.000028 0.000056 0.000109 0.000209 0.000391 0.000716 0.001282 0.002243 0.003835 0.006407 0.010458 0.016678 0.025985 0.039548 0.058792 0.085361 0.121038 0.167599 0.226610 0.299167 0.385613 0.485252 0.596125 0.714896 0.836883 0.956285 1.066589 1.161136 1.233776 1.279532 1.295159 1.279532 1.233776 1.161136 1.066589 0.956285 0.836883 0.714896 0.596125 0.485252 0.385613 0.299167 0.226610 0.167599 0.121038 0.085361 0.058792 0.039548 0.025985 0.016678 0.010458 0.006407 0.003835 0.002243 0.001282 0.000716 0.000391 0.000209 0.000109 0.000056 0.000028 0.000014 0.000006 0.000003 0.000001 0.000001 0.000000 0.000000 0.000000 0.000000 0.000000 0.000000 0.000000 0.000000 0.000000 0.000000 0.000000 0.000000 0.000000 0.000000 
0.000000 0.000000 0.000000 0.000000 0.000000 0.000000 0.000000 0.000000 0.000000 0.000000 0.000000 0.000000 0.000000 0.000000 0.000000 0.000001 0.000002 0.000005 0.000011 0.000023 0.000047 0.000094 0.000184 0.000351 0.000657 0.001202 0.002148 0.003752 0.006407 0.010690 0.017431 0.027769 0.043222 0.065718 0.097607 0.141597 0.200617 0.277583 0.375059 0.494832 0.637445 0.801731 0.984450 1.180097 1.380963 1.577508 1.759026 1.914579 2.034070 2.109328 2.135029 2.109328 2.034070 1.914579 1.759026 1.577508 1.380963 1.180097 0.984450 0.801731 0.637445 0.494832 0.375059 0.277583 0.200617 0.141597 0.097607 0.065718 0.043222 0.027769 0.017431 0.010690 0.006407 0.003752 0.002148 0.001202 0.000657 0.000351 0.000184 0.000094 0.000047 0.000023 0.000011 0.000005 0.000002 0.000001 0.000000 0.000000 0.000000 0.000000 0.000000 0.000000 0.000000 0.000000 0.000000 0.000000 0.000000 0.000000 0.000000 0.000000 
0.000000 0.000000 0.000000 0.000000 0.000000 0.000000 0.000000 0.000000 0.000000 0.000000 0.000000 0.000000 0.000000 0.000000 0.000001 0.000002 0.000004 0.000009 0.000018 0.000038 0.000077 0.000155 0.000302 0.000577 0.001078 0.001969 0.003514 0.006132 0.010458 0.017431 0.028391 0.045184 0.070259 0.106730 0.158382 0.229575 0.325018 0.449390 0.606796 0.800086 1.030100 1.294931 1.589335 1.904435 2.227821 2.544148 2.836213 3.086447 3.278638 3.399671 3.441003 3.399671 3.278638 3.086447 2.836213 2.544148 2.227821 1.904435 1.589335 1.294931 1.030100 0.800086 0.606796 0.449390 0.325018 0.229575 0.158382 0.106730 0.070259 0.045184 0.028391 0.017431 0.010458 0.006132 0.003514 0.001969 0.001078 0.000577 0.000302 0.000155 0.000077 0.000038 0.000018 0.000009 0.000004 0.000002 0.000001 0.000000 0.000000 0.000000 0.000000 0.000000 0.000000 0.000000 0.000000 0.000000 0.000000 0.000000 0.000000 0.000000 
0.000000 0.000000 0.000000 0.000000 0.000000 0.000000 0.000000 0.000000 0.000000 0.000000 0.000000 0.000000 0.000000 0.000001 0.000001 0.000003 0.000006 0.000014 0.000029 0.000061 0.000125 0.000249 0.000485 0.000926 0.001727 0.003150 0.005617 0.009790 0.016678 0.027769 0.045184 0.071841 0.111606 0.169393 0.251163 0.363777 0.514638 0.711087 0.959553 1.264477 1.627135 2.044475 2.508210 3.004341 3.513340 4.011076 4.470521 4.864081 5.166308 5.356615 5.421601 5.356615 5.166308 4.864081 4.470521 4.011076 3.513340 3.004341 2.508210 2.044475 1.627135 1.264477 0.959553 0.711087 0.514638 0.363777 0.251163 0.169393 0.111606 0.071841 0.045184 0.027769 0.016678 0.009790 0.005617 0.003150 0.001727 0.000926 0.000485 0.000249 0.000125 0.000061 0.000029 0.000014 0.000006 0.000003 0.000001 0.000001 0.000000 0.000000 0.000000 0.000000 0.000000 0.000000 0.000000 0.000000 0.000000 0.000000 0.000000 0.000000 
0.000000 0.000000 0.000000 0.000000 0.000000 0.000000 0.000000 0.000000 0.000000 0.000000 0.000000 0.000000 0.000000 0.000001 0.000002 0.000005 0.000010 0.000022 0.000046 0.000096 0.000196 0.000391 0.000762 0.001451 0.002703 0.004925 0.008770 0.015269 0.025985 0.043222 0.070259 0.111606 0.173230 0.262705 0.389214 0.563310 0.796367 1.099649 1.482996 1.953183 2.512097 3.154978 3.869017 4.632646 5.415815 6.181435 6.887984 7.493096 7.957713 8.250247 8.350137 8.250247 7.957713 7.493096 6.887984 6.181435 5.415815 4.632646 3.869017 3.154978 2.512097 1.953183 1.482996 1.099649 0.796367 0.563310 0.389214 0.262705 0.173230 0.111606 0.070259 0.043222 0.025985 0.015269 0.008770 0.004925 0.002703 0.001451 0.000762 0.000391 0.000196 0.000096 0.000046 0.000022 0.000010 0.000005 0.000002 0.000001 0.000000 0.000000 0.000000 0.000000 0.000000 0.000000 0.000000 0.000000 0.000000 0.000000 0.000000 0.000000 
0.000000 0.000000 0.000000 0.000000 0.000000 0.000000 0.000000 0.000000 0.000000 0.000000 0.000000 0.000000 0.000001 0.000001 0.000003 0.000007 0.000015 0.000034 0.000071 0.000148 0.000302 0.000600 0.001167 0.002221 0.004132 0.007519 0.013376 0.023263 0.039548 0.065718 0.106730 0.169393 0.262705 0.398081 0.589343 0.852361 1.204217 1.661804 2.239852 2.948460 3.790367 4.758315 5.832962 6.981823 8.159708 9.310882 10.372995 11.282459 11.980668 12.420236 12.570326 12.420236 11.980668 11.282459 10.372995 9.310882 8.159708 6.981823 5.832962 4.758315 3.790367 2.948460 2.239852 1.661804 1.204217 0.852361 0.589343 0.398081 0.262705 0.169393 0.106730 0.065718 0.039548 0.023263 0.013376 0.007519 0.004132 0.002221 0.001167 0.000600 0.000302 0.000148 0.000071 0.000034 0.000015 0.000007 0.000003 0.000001 0.000001 0.000000 0.000000 0.000000 0.000000 0.000000 0.000000 0.000000 0.000000 0.000000 0.000000 0.000000 
0.000000 0.000000 0.000000 0.000000 0.000000 0.000000 0.000000 0.000000 0.000000 0.000000 0.000000 0.000000 0.000001 0.000002 0.000005 0.000011 0.000023 0.000051 0.000107 0.000223 0.000452 0.000898 0.001746 0.003318 0.006168 0.011210 0.019922 0.034614 0.058792 0.097607 0.158382 0.251163 0.389214 0.589343 0.871886 1.260167 1.779263 2.453942 3.305758 4.349432 5.588851 7.013213 8.593971 10.283316 12.014815 13.706612 15.267187 16.603241 17.628817 18.274428 18.494861 18.274428 17.628817 16.603241 15.267187 13.706612 12.014815 10.283316 8.593971 7.013213 5.588851 4.349432 3.305758 2.453942 1.779263 1.260167 0.871886 0.589343 0.389214 0.251163 0.158382 0.097607 0.058792 0.034614 0.019922 0.011210 0.006168 0.003318 0.001746 0.000898 0.000452 0.000223 0.000107 0.000051 0.000023 0.000011 0.000005 0.000002 0.000001 0.000000 0.000000 0.000000 0.000000 0.000000 0.000000 0.000000 0.000000 0.000000 0.000000 0.000000 
0.000000 0.000000 0.000000 0.000000 0.000000 0.000000 0.000000 0.000000 0.000000 0.000000 0.000000 0.000001 0.000001 0.000003 0.000007 0.000016 0.000034 0.000074 0.000157 0.000326 0.000662 0.001313 0.002550 0.004841 0.008989 0.016322 0.028978 0.050302 0.085361 0.141597 0.229575 0.363777 0.563310 0.852361 1.260167 1.820229 2.568531 3.540568 4.767173 6.269323 8.052416 10.100751 12.373167 14.800896 17.288499 19.718471 21.959510 23.877819 25.350163 26.276944 26.593365 26.276944 25.350163 23.877819 21.959510 19.718471 17.288499 14.800896 12.373167 10.100751 8.052416 6.269323 4.767173 3.540568 2.568531 1.820229 1.260167 0.852361 0.563310 0.363777 0.229575 0.141597 0.085361 0.050302 0.028978 0.016322 0.008989 0.004841 0.002550 0.001313 0.000662 0.000326 0.000157 0.000074 0.000034 0.000016 0.000007 0.000003 0.000001 0.000001 0.000000 0.000000 0.000000 0.000000 0.000000 0.000000 0.000000 0.000000 0.000000 0.000000 
0.000000 0.000000 0.000000 0.000000 0.000000 0.000000 0.000000 0.000000 0.000000 0.000000 0.000000 0.000001 0.000002 0.000004 0.000010 0.000022 0.000049 0.000106 0.000225 0.000467 0.000946 0.001875 0.003635 0.006895 0.012791 0.023204 0.041160 0.071386 0.121038 0.200617 0.325018 0.514638 0.796367 1.204217 1.779263 2.568531 3.622483 4.990836 6.716701 8.829310 11.335993 14.214464 17.406743 20.816169 24.308754 27.719647 30.864742 33.556504 35.622254 36.922461 37.366361 36.922461 35.622254 33.556504 30.864742 27.719647 24.308754 20.816169 17.406743 14.214464 11.335993 8.829310 6.716701 4.990836 3.622483 2.568531 1.779263 1.204217 0.796367 0.514638 0.325018 0.200617 0.121038 0.071386 0.041160 0.023204 0.012791 0.006895 0.003635 0.001875 0.000946 0.000467 0.000225 0.000106 0.000049 0.000022 0.000010 0.000004 0.000002 0.000001 0.000000 0.000000 0.000000 0.000000 0.000000 0.000000 0.000000 0.000000 0.000000 0.000000 
0.000000 0.000000 0.000000 0.000000 0.000000 0.000000 0.000000 0.000000 0.000000 0.000000 0.000000 0.000001 0.000003 0.000006 0.000014 0.000031 0.000069 0.000149 0.000315 0.000652 0.001319 0.002612 0.005060 0.009588 0.017770 0.032208 0.057084 0.098924 0.167599 0.277583 0.449390 0.711087 1.099649 1.661804 2.453942 3.540568 4.990836 6.872803 9.245392 12.148422 15.591632 19.544139 23.926152 28.604917 33.396613 38.075237 42.388509 46.079543 48.911868 50.694440 51.303000 50.694440 48.911868 46.079543 42.388509 38.075237 33.396613 28.604917 23.926152 19.544139 15.591632 12.148422 9.245392 6.872803 4.990836 3.540568 2.453942 1.661804 1.099649 0.711087 0.449390 0.277583 0.167599 0.098924 0.057084 0.032208 0.017770 0.009588 0.005060 0.002612 0.001319 0.000652 0.000315 0.000149 0.000069 0.000031 0.000014 0.000006 0.000003 0.000001 0.000000 0.000000 0.000000 0.000000 0.000000 0.000000 0.000000 0.000000 0.000000 0.000000 
0.000000 0.000000 0.000000 0.000000 0.000000 0.000000 0.000000 0.000000 0.000000 0.000000 0.000001 0.000001 0.000004 0.000008 0.000019 0.000043 0.000094 0.000203 0.000430 0.000888 0.001795 0.003552 0.006874 0.013015 0.024101 0.043647 0.077298 0.133851 0.226610 0.375059 0.606796 0.959553 1.482996 2.239852 3.305758 4.767173 6.716701 9.245392 12.431955 16.329411 20.950425 26.253214 32.130507 38.404169 44.827781 51.098576 56.878737 61.824395 65.619084 68.007180 68.822435 68.007180 65.619084 61.824395 56.878737 51.098576 44.827781 38.404169 32.130507 26.253214 20.950425 16.329411 12.431955 9.245392 6.716701 4.767173 3.305758 2.239852 1.482996 0.959553 0.606796 0.375059 0.226610 0.133851 0.077298 0.043647 0.024101 0.013015 0.006874 0.003552 0.001795 0.000888 0.000430 0.000203 0.000094 0.000043 0.000019 0.000008 0.000004 0.000001 0.000001 0.000000 0.000000 0.000000 0.000000 0.000000 0.000000 0.000000 0.000000 0.000000 
0.000000 0.000000 0.000000 0.000000 0.000000 0.000000 0.000000 0.000000 0.000000 0.000000 0.000001 0.000002 0.000005 0.000011 0.000025 0.000057 0.000126 0.000271 0.000572 0.001180 0.002385 0.004714 0.009116 0.017245 0.031908 0.057743 0.102186 0.176825 0.299167 0.494832 0.800086 1.264477 1.953183 2.948460 4.349432 6.269323 8.829310 12.148422 16.329411 21.441299 27.500196 34.450915 42.152583 50.371671 58.785428 66.997533 74.565966 81.040933 86.008574 89.134648 90.201805 89.134648 86.008574 81.040933 74.565966 66.997533 58.785428 50.371671 42.152583 34.450915 27.500196 21.441299 16.329411 12.148422 8.829310 6.269323 4.349432 2.948460 1.953183 1.264477 0.800086 0.494832 0.299167 0.176825 0.102186 0.057743 0.031908 0.017245 0.009116 0.004714 0.002385 0.001180 0.000572 0.000271 0.000126 0.000057 0.000025 0.000011 0.000005 0.000002 0.000001 0.000000 0.000000 0.000000 0.000000 0.000000 0.000000 0.000000 0.000000 0.000000 
0.000000 0.000000 0.000000 0.000000 0.000000 0.000000 0.000000 0.000000 0.000000 0.000000 0.000001 0.000003 0.000006 0.000014 0.000033 0.000074 0.000163 0.000352 0.000742 0.001531 0.003091 0.006105 0.011797 0.022301 0.041235 0.074570 0.131877 0.228059 0.385613 0.637445 1.030100 1.627135 2.512097 3.790367 5.588851 8.052416 11.335993 15.591632 20.950425 27.500196 35.261003 44.161688 54.021547 64.541496 75.308526 85.815760 95.498089 103.780624 110.134516 114.132719 115.497559 114.132719 110.134516 103.780624 95.498089 85.815760 75.308526 64.541496 54.021547 44.161688 35.261003 27.500196 20.950425 15.591632 11.335993 8.052416 5.588851 3.790367 2.512097 1.627135 1.030100 0.637445 0.385613 0.228059 0.131877 0.074570 0.041235 0.022301 0.011797 0.006105 0.003091 0.001531 0.000742 0.000352 0.000163 0.000074 0.000033 0.000014 0.000006 0.000003 0.000001 0.000000 0.000000 0.000000 0.000000 0.000000 0.000000 0.000000 0.000000 0.000000 
0.000000 0.000000 0.000000 0.000000 0.000000 0.000000 0.000000 0.000000 0.000000 0.000001 0.000001 0.000003 0.000008 0.000018 0.000042 0.000094 0.000207 0.000446 0.000940 0.001938 0.003909 0.007716 0.014900 0.028147 0.052012 0.094000 0.166140 0.287145 0.485252 0.801731 1.294931 2.044475 3.154978 4.758315 7.013213 10.100751 14.214464 19.544139 26.253214 34.450915 44.161688 55.295964 67.627343 80.781641 94.242535 107.376658 119.478126 129.829023 137.769046 142.765076 144.470494 142.765076 137.769046 129.829023 119.478126 107.376658 94.242535 80.781641 67.627343 55.295964 44.161688 34.450915 26.253214 19.544139 14.214464 10.100751 7.013213 4.758315 3.154978 2.044475 1.294931 0.801731 0.485252 0.287145 0.166140 0.094000 0.052012 0.028147 0.014900 0.007716 0.003909 0.001938 0.000940 0.000446 0.000207 0.000094 0.000042 0.000018 0.000008 0.000003 0.000001 0.000001 0.000000 0.000000 0.000000 0.000000 0.000000 0.000000 0.000000 0.000000 
0.000000 0.000000 0.000000 0.000000 0.000000 0.000000 0.000000 0.000000 0.000000 0.000001 0.000002 0.000004 0.000010 0.000023 0.000052 0.000117 0.000257 0.000552 0.001162 0.002393 0.004824 0.009516 0.018365 0.034672 0.064030 0.115656 0.204307 0.352929 0.596125 0.984450 1.589335 2.508210 3.869017 5.832962 8.593971 12.373167 17.406743 23.926152 32.130507 42.152583 54.021547 67.627343 82.692934 98.761028 115.201051 131.239825 146.015910 158.653384 168.346754 174.445752 176.527628 174.445752 168.346754 158.653384 146.015910 131.239825 115.201051 98.761028 82.692934 67.627343 54.021547 42.152583 32.130507 23.926152 17.406743 12.373167 8.593971 5.832962 3.869017 2.508210 1.589335 0.984450 0.596125 0.352929 0.204307 0.115656 0.064030 0.034672 0.018365 0.009516 0.004824 0.002393 0.001162 0.000552 0.000257 0.000117 0.000052 0.000023 0.000010 0.000004 0.000002 0.000001 0.000000 0.000000 0.000000 0.000000 0.000000 0.000000 0.000000 0.000000 
0.000000 0.000000 0.000000 0.000000 0.000000 0.000000 0.000000 0.000000 0.000000 0.000001 0.000002 0.000005 0.000012 0.000027 0.000063 0.000141 0.000310 0.000666 0.001400 0.002883 0.005809 0.011451 0.022087 0.041678 0.076930 0.138888 0.245231 0.423430 0.714896 1.180097 1.904435 3.004341 4.632646 6.981823 10.283316 14.800896 20.816169 28.604917 38.404169 50.371671 64.541496 80.781641 98.761028 117.933775 137.547597 156.680432 174.305245 189.377940 200.938519 208.212063 210.694817 208.212063 200.938519 189.377940 174.305245 156.680432 137.547597 117.933775 98.761028 80.781641 64.541496 50.371671 38.404169 28.604917 20.816169 14.800896 10.283316 6.981823 4.632646 3.004341 1.904435 1.180097 0.714896 0.423430 0.245231 0.138888 0.076930 0.041678 0.022087 0.011451 0.005809 0.002883 0.001400 0.000666 0.000310 0.000141 0.000063 0.000027 0.000012 0.000005 0.000002 0.000001 0.000000 0.000000 0.000000 0.000000 0.000000 0.000000 0.000000 0.000000 
