0.000000 0.000000 0.000000 0.000000 0.000000 0.000000 0.000000 0.000000 0.000000 0.000000 0.000000 0.000000 0.000000 0.000000 0.000000 0.000000 0.000000 0.000000 0.000000 0.000001 0.000001 0.000001 0.000002 0.000002 0.000003 0.000004 0.000006 0.000008 0.000010 0.000013 0.000017 0.000022 0.000028 0.000034 0.000042 0.000051 0.000061 0.000072 0.000084 0.000097 0.000110 0.000124 0.000138 0.000151 0.000164 0.000175 0.000185 0.000194 0.000200 0.000203 0.000205 0.000203 0.000200 0.000194 0.000185 0.000175 0.000164 0.000151 0.000138 0.000124 0.000110 0.000097 0.000084 0.000072 0.000061 0.000051 0.000042 0.000034 0.000028 0.000022 0.000017 0.000013 0.000010 0.000008 0.000006 0.000004 0.000003 0.000002 0.000002 0.000001 0.000001 0.000001 0.000000 0.000000 0.000000 0.000000 0.000000 0.000000 0.000000 0.000000 0.000000 0.000000 0.000000 0.000000 0.000000 0.000000 0.000000 0.000000 0.000000 0.000000 
0.000000 0.000000 0.000000 0.000000 0.000000 0.000000 0.000000 0.000000 0.000000 0.000000 0.000000 0.000000 0.000000 0.000000 0.000000 0.000000 0.000000 0.000000 0.000000 0.000001 0.000001 0.000001 0.000002 0.000002 0.000003 0.000004 0.000006 0.000008 0.000010 0.000013 0.000017 0.000022 0.000028 0.000034 0.000042 0.000051 0.000061 0.000072 0.000084 0.000097 0.000110 0.000124 0.000138 0.000151 0.000164 0.000175 0.000185 0.000194 0.000200 0.000203 0.000205 0.000203 0.000200 0.000194 0.000185 0.000175 0.000164 0.000151 0.000138 0.000124 0.000110 0.000097 0.000084 0.000072 0.000061 0.000051 0.000042 0.000034 0.000028 0.000022 0.000017 0.000013 0.000010 0.000008 0.000006 0.000004 0.000003 0.000002 0.000002 0.000001 0.000001 0.000001 0.000000 0.000000 0.000000 0.000000 0.000000 0.000000 0.000000 0.000000 0.000000 0.000000 0.000000 0.000000 0.000000 0.000000 0.000000 0.000000 0.000000 0.000000 
0.000000 0.000000 0.000000 0.000000 0.000000 0.000000 0.000000 0.000000 0.000000 0.000000 0.000000 0.000000 0.000000 0.000000 0.000000 0.000000 0.000000 0.000000 0.000001 0.000001 0.000001 0.000002 0.000002 0.000003 0.000004 0.000006 0.000008 0.000010 0.000014 0.000018 0.000023 0.000029 0.000037 0.000046 0.000056 0.000068 0.000081 0.000096 0.000112 0.000129 0.000147 0.000165 0.000183 0.000201 0.000218 0.000233 0.000246 0.000257 0.000265 0.000270 0.000272 0.000270 0.000265 0.000257 0.000246 0.000233 0.000218 0.000201 0.000183 0.000165 0.000147 0.000129 0.000112 0.000096 0.000081 0.000068 0.000056 0.000046 0.000037 0.000029 0.000023 0.000018 0.000014 0.000010 0.000008 0.000006 0.000004 0.000003 0.000002 0.000002 0.000001 0.000001 0.000001 0.000000 0.000000 0.000000 0.000000 0.000000 0.000000 0.000000 0.000000 0.000000 0.000000 0.000000 0.000000 0.000000 0.000000 0.000000 0.000000 0.000000 
0.000000 0.000000 0.000000 0.000000 0.000000 0.000000 0.000000 0.000000 0.000000 0.000000 0.000000 0.000000 0.000000 0.000000 0.000000 0.000000 0.000000 0.000001 0.000001 0.000001 0.000002 0.000002 0.000003 0.000005 0.000007 0.000009 0.000012 0.000016 0.000022 0.000028 0.000036 0.000046 0.000058 0.000072 0.000088 0.000107 0.000127 0.000150 0.000175 0.000202 0.000230 0.000258 0.000287 0.000315 0.000341 0.000365 0.000386 0.000403 0.000415 0.000423 0.000426 0.000423 0.000415 0.000403 0.000386 0.000365 0.000341 0.000315 0.000287 0.000258 0.000230 0.000202 0.000175 0.000150 0.000127 0.000107 0.000088 0.000072 0.000058 0.000046 0.000036 0.000028 0.000022 0.000016 0.000012 0.000009 0.000007 0.000005 0.000003 0.000002 0.000002 0.000001 0.000001 0.000001 0.000000 0.000000 0.000000 0.000000 0.000000 0.000000 0.000000 0.000000 0.000000 0.000000 0.000000 0.000000 0.000000 0.000000 0.000000 0.000000 
0.000000 0.000000 0.000000 0.000000 0.000000 0.000000 0.000000 0.000000 0.000000 0.000000 0.000000 0.000000 0.000000 0.000000 0.000000 0.000000 0.000001 0.000001 0.000001 0.000002 0.000003 0.000004 0.000006 0.000008 0.000011 0.000015 0.000021 0.000028 0.000036 0.000047 0.000061 0.000077 0.000097 0.000120 0.000147 0.000178 0.000212 0.000250 0.000292 0.000336 0.000383 0.000430 0.000477 0.000523 0.000567 0.000607 0.000641 0.000670 0.000690 0.000703 0.000708 0.000703 0.000690 0.000670 0.000641 0.000607 0.000567 0.000523 0.000477 0.000430 0.000383 0.000336 0.000292 0.000250 0.000212 0.000178 0.000147 0.000120 0.000097 0.000077 0.000061 0.000047 0.000036 0.000028 0.000021 0.000015 0.000011 0.000008 0.000006 0.000004 0.000003 0.000002 0.000001 0.000001 0.000001 0.000000 0.000000 0.000000 0.000000 0.000000 0.000000 0.000000 0.000000 0.000000 0.000000 0.000000 0.000000 0.000000 0.000000 0.000000 
0.000000 0.000000 0.000000 0.000000 0.000000 0.000000 0.000000 0.000000 0.000000 0.000000 0.000000 0.000000 0.000000 0.000000 0.000000 0.000001 0.000001 0.000002 0.000002 0.000003 0.000005 0.000007 0.000010 0.000014 0.000019 0.000026 0.000035 0.000047 0.000061 0.000080 0.000103 0.000130 0.000163 0.000202 0.000248 0.000300 0.000358 0.000422 0.000492 0.000567 0.000645 0.000725 0.000805 0.000882 0.000956 0.001023 0.001081 0.001128 0.001163 0.001185 0.001192 0.001185 0.001163 0.001128 0.001081 0.001023 0.000956 0.000882 0.000805 0.000725 0.000645 0.000567 0.000492 0.000422 0.000358 0.000300 0.000248 0.000202 0.000163 0.000130 0.000103 0.000080 0.000061 0.000047 0.000035 0.000026 0.000019 0.000014 0.000010 0.000007 0.000005 0.000003 0.000002 0.000002 0.000001 0.000001 0.000000 0.000000 0.000000 0.000000 0.000000 0.000000 0.000000 0.000000 0.000000 0.000000 0.000000 0.000000 0.000000 0.000000 
0.000000 0.000000 0.000000 0.000000 0.000000 0.000000 0.000000 0.000000 0.000000 0.000000 0.000000 0.000000 0.000000 0.000000 0.000001 0.000001 0.000002 0.000003 0.000004 0.000006 0.000008 0.000012 0.000017 0.000023 0.000032 0.000044 0.000059 0.000079 0.000103 0.000134 0.000173 0.000219 0.000275 0.000341 0.000417 0.000504 0.000602 0.000710 0.000828 0.000953 0.001084 0.001218 0.001352 0.001483 0.001606 0.001718 0.001815 0.001895 0.001954 0.001990 0.002003 0.001990 0.001954 0.001895 0.001815 0.001718 0.001606 0.001483 0.001352 0.001218 0.001084 0.000953 0.000828 0.000710 0.000602 0.000504 0.000417 0.000341 0.000275 0.000219 0.000173 0.000134 0.000103 0.000079 0.000059 0.000044 0.000032 0.000023 0.000017 0.000012 0.000008 0.000006 0.000004 0.000003 0.000002 0.000001 0.000001 0.000000 0.000000 0.000000 0.000000 0.000000 0.000000 0.000000 0.000000 0.000000 0.000000 0.000000 0.000000 0.000000 
0.000000 0.000000 0.000000 0.000000 0.000000 0.000000 0.000000 0.000000 0.000000 0.000000 0.000000 0.000000 0.000001 0.000001 0.000001 0.000002 0.000003 0.000004 0.000006 0.000009 0.000014 0.000020 0.000028 0.000039 0.000054 0.000073 0.000099 0.000131 0.000173 0.000225 0.000288 0.000366 0.000459 0.000568 0.000695 0.000841 0.001004 0.001184 0.001380 0.001589 0.001807 0.002030 0.002252 0.002469 0.002674 0.002860 0.003023 0.003155 0.003253 0.003314 0.003334 0.003314 0.003253 0.003155 0.003023 0.002860 0.002674 0.002469 0.002252 0.002030 0.001807 0.001589 0.001380 0.001184 0.001004 0.000841 0.000695 0.000568 0.000459 0.000366 0.000288 0.000225 0.000173 0.000131 0.000099 0.000073 0.000054 0.000039 0.000028 0.000020 0.000014 0.000009 0.000006 0.000004 0.000003 0.000002 0.000001 0.000001 0.000001 0.000000 0.000000 0.000000 0.000000 0.000000 0.000000 0.000000 0.000000 0.000000 0.000000 0.000000 
0.000000 0.000000 0.000000 0.000000 0.000000 0.000000 0.000000 0.000000 0.000000 0.000000 0.000000 0.000001 0.000001 0.000001 0.000002 0.000003 0.000005 0.000007 0.000011 0.000016 0.000023 0.000033 0.000046 0.000064 0.000089 0.000121 0.000163 0.000217 0.000286 0.000371 0.000477 0.000605 0.000758 0.000938 0.001148 0.001387 0.001656 0.001953 0.002276 0.002619 0.002978 0.003345 0.003712 0.004069 0.004406 0.004713 0.004980 0.005198 0.005359 0.005459 0.005492 0.005459 0.005359 0.005198 0.004980 0.004713 0.004406 0.004069 0.003712 0.003345 0.002978 0.002619 0.002276 0.001953 0.001656 0.001387 0.001148 0.000938 0.000758 0.000605 0.000477 0.000371 0.000286 0.000217 0.000163 0.000121 0.000089 0.000064 0.000046 0.000033 0.000023 0.000016 0.000011 0.000007 0.000005 0.000003 0.000002 0.000001 0.000001 0.000001 0.000000 0.000000 0.000000 0.000000 0.000000 0.000000 0.000000 0.000000 0.000000 0.000000 
0.000000 0.000000 0.000000 0.000000 0.000000 0.000000 0.000000 0.000000 0.000000 0.000000 0.000001 0.000001 0.000001 0.000002 0.000003 0.000005 0.000008 0.000012 0.000018 0.000026 0.000037 0.000053 0.000075 0.000105 0.000145 0.000198 0.000267 0.000355 0.000467 0.000606 0.000779 0.000987 0.001237 0.001531 0.001873 0.002263 0.002701 0.003185 0.003711 0.004270 0.004855 0.005453 0.006050 0.006631 0.007179 0.007678 0.008113 0.008468 0.008731 0.008892 0.008947 0.008892 0.008731 0.008468 0.008113 0.007678 0.007179 0.006631 0.006050 0.005453 0.004855 0.004270 0.003711 0.003185 0.002701 0.002263 0.001873 0.001531 0.001237 0.000987 0.000779 0.000606 0.000467 0.000355 0.000267 0.000198 0.000145 0.000105 0.000075 0.000053 0.000037 0.000026 0.000018 0.000012 0.000008 0.000005 0.000003 0.000002 0.000001 0.000001 0.000001 0.000000 0.000000 0.000000 0.000000 0.000000 0.000000 0.000000 0.000000 0.000000 
0.000000 0.000000 0.000000 0.000000 0.000000 0.000000 0.000000 0.000000 0.000000 0.000001 0.000001 0.000001 0.000002 0.000004 0.000006 0.000008 0.000013 0.000019 0.000029 0.000042 0.000060 0.000086 0.000122 0.000170 0.000235 0.000320 0.000431 0.000574 0.000754 0.000980 0.001257 0.001594 0.001997 0.002472 0.003022 0.003650 0.004356 0.005136 0.005982 0.006884 0.007825 0.008787 0.009748 0.010683 0.011566 0.012369 0.013068 0.013639 0.014062 0.014322 0.014410 0.014322 0.014062 0.013639 0.013068 0.012369 0.011566 0.010683 0.009748 0.008787 0.007825 0.006884 0.005982 0.005136 0.004356 0.003650 0.003022 0.002472 0.001997 0.001594 0.001257 0.000980 0.000754 0.000574 0.000431 0.000320 0.000235 0.000170 0.000122 0.000086 0.000060 0.000042 0.000029 0.000019 0.000013 0.000008 0.000006 0.000004 0.000002 0.000001 0.000001 0.000001 0.000000 0.000000 0.000000 0.000000 0.000000 0.000000 0.000000 0.000000 
0.000000 0.000000 0.000000 0.000000 0.000000 0.000000 0.000000 0.000000 0.000001 0.000001 0.000001 0.000002 0.000004 0.000006 0.000009 0.000014 0.000021 0.000031 0.000046 0.000067 0.000097 0.000138 0.000195 0.000273 0.000376 0.000512 0.000689 0.000917 0.001205 0.001565 0.002007 0.002545 0.003187 0.003943 0.004820 0.005821 0.006946 0.008188 0.009535 0.010970 0.012468 0.014000 0.015529 0.017017 0.018421 0.019700 0.020812 0.021720 0.022393 0.022807 0.022946 0.022807 0.022393 0.021720 0.020812 0.019700 0.018421 0.017017 0.015529 0.014000 0.012468 0.010970 0.009535 0.008188 0.006946 0.005821 0.004820 0.003943 0.003187 0.002545 0.002007 0.001565 0.001205 0.000917 0.000689 0.000512 0.000376 0.000273 0.000195 0.000138 0.000097 0.000067 0.000046 0.000031 0.000021 0.000014 0.000009 0.000006 0.000004 0.000002 0.000001 0.000001 0.000001 0.000000 0.000000 0.000000 0.000000 0.000000 0.000000 0.000000 
0.000000 0.000000 0.000000 0.000000 0.000000 0.000000 0.000000 0.000001 0.000001 0.000001 0.000002 0.000004 0.000006 0.000009 0.000014 0.000022 0.000033 0.000049 0.000072 0.000106 0.000153 0.000219 0.000309 0.000431 0.000594 0.000809 0.001089 0.001448 0.001903 0.002470 0.003168 0.004015 0.005027 0.006219 0.007601 0.009178 0.010948 0.012903 0.015024 0.017283 0.019640 0.022050 0.024456 0.026796 0.029005 0.031016 0.032765 0.034194 0.035252 0.035902 0.036122 0.035902 0.035252 0.034194 0.032765 0.031016 0.029005 0.026796 0.024456 0.022050 0.019640 0.017283 0.015024 0.012903 0.010948 0.009178 0.007601 0.006219 0.005027 0.004015 0.003168 0.002470 0.001903 0.001448 0.001089 0.000809 0.000594 0.000431 0.000309 0.000219 0.000153 0.000106 0.000072 0.000049 0.000033 0.000022 0.000014 0.000009 0.000006 0.000004 0.000002 0.000001 0.000001 0.000001 0.000000 0.000000 0.000000 0.000000 0.000000 0.000000 
0.000000 0.000000 0.000000 0.000000 0.000000 0.000000 0.000000 0.000001 0.000001 0.000002 0.000004 0.000006 0.000009 0.000014 0.000022 0.000034 0.000051 0.000077 0.000113 0.000166 0.000240 0.000342 0.000483 0.000674 0.000928 0.001264 0.001701 0.002261 0.002970 0.003855 0.004943 0.006262 0.007839 0.009695 0.011847 0.014303 0.017059 0.020102 0.023402 0.026916 0.030584 0.034332 0.038074 0.041714 0.045149 0.048276 0.050995 0.053216 0.054861 0.055872 0.056214 0.055872 0.054861 0.053216 0.050995 0.048276 0.045149 0.041714 0.038074 0.034332 0.030584 0.026916 0.023402 0.020102 0.017059 0.014303 0.011847 0.009695 0.007839 0.006262 0.004943 0.003855 0.002970 0.002261 0.001701 0.001264 0.000928 0.000674 0.000483 0.000342 0.000240 0.000166 0.000113 0.000077 0.000051 0.000034 0.000022 0.000014 0.000009 0.000006 0.000004 0.000002 0.000001 0.000001 0.000000 0.000000 0.000000 0.000000 0.000000 0.000000 
0.000000 0.000000 0.000000 0.000000 0.000000 0.000000 0.000001 0.000001 0.000002 0.000003 0.000006 0.000009 0.000014 0.000022 0.000034 0.000052 0.000079 0.000119 0.000176 0.000257 0.000371 0.000529 0.000747 0.001041 0.001434 0.001952 0.002626 0.003490 0.004583 0.005946 0.007623 0.009655 0.012084 0.014942 0.018254 0.022033 0.026275 0.030957 0.036034 0.041438 0.047079 0.052843 0.058596 0.064192 0.069473 0.074279 0.078459 0.081872 0.084401 0.085955 0.086480 0.085955 0.084401 0.081872 0.078459 0.074279 0.069473 0.064192 0.058596 0.052843 0.047079 0.041438 0.036034 0.030957 0.026275 0.022033 0.018254 0.014942 0.012084 0.009655 0.007623 0.005946 0.004583 0.003490 0.002626 0.001952 0.001434 0.001041 0.000747 0.000529 0.000371 0.000257 0.000176 0.000119 0.000079 0.000052 0.000034 0.000022 0.000014 0.000009 0.000006 0.000003 0.000002 0.000001 0.000001 0.000000 0.000000 0.000000 0.000000 0.000000 
0.000000 0.000000 0.000000 0.000000 0.000000 0.000001 0.000001 0.000002 0.000003 0.000005 0.000008 0.000014 0.000022 0.000034 0.000052 0.000080 0.000121 0.000182 0.000269 0.000393 0.000567 0.000809 0.001141 0.001590 0.002190 0.002980 0.004007 0.005324 0.006989 0.009066 0.011620 0.014715 0.018412 0.022762 0.027803 0.033553 0.040005 0.047126 0.054846 0.063064 0.071639 0.080400 0.089145 0.097649 0.105674 0.112978 0.119329 0.124515 0.128356 0.130718 0.131515 0.130718 0.128356 0.124515 0.119329 0.112978 0.105674 0.097649 0.089145 0.080400 0.071639 0.063064 0.054846 0.047126 0.040005 0.033553 0.027803 0.022762 0.018412 0.014715 0.011620 0.009066 0.006989 0.005324 0.004007 0.002980 0.002190 0.001590 0.001141 0.000809 0.000567 0.000393 0.000269 0.000182 0.000121 0.000080 0.000052 0.000034 0.000022 0.000014 0.000008 0.000005 0.000003 0.000002 0.000001 0.000001 0.000000 0.000000 0.000000 0.000000 
0.000000 0.000000 0.000000 0.000000 0.000001 0.000001 0.000002 0.000003 0.000005 0.000008 0.000013 0.000021 0.000033 0.000051 0.000079 0.000121 0.000184 0.000275 0.000406 0.000594 0.000857 0.001222 0.001723 0.002401 0.003305 0.004496 0.006044 0.008028 0.010536 0.013664 0.017509 0.022168 0.027731 0.034276 0.041858 0.050505 0.060208 0.070913 0.082519 0.094870 0.107757 0.120922 0.134061 0.146837 0.158892 0.169864 0.179403 0.187192 0.192962 0.196509 0.197706 0.196509 0.192962 0.187192 0.179403 0.169864 0.158892 0.146837 0.134061 0.120922 0.107757 0.094870 0.082519 0.070913 0.060208 0.050505 0.041858 0.034276 0.027731 0.022168 0.017509 0.013664 0.010536 0.008028 0.006044 0.004496 0.003305 0.002401 0.001723 0.001222 0.000857 0.000594 0.000406 0.000275 0.000184 0.000121 0.000079 0.000051 0.000033 0.000021 0.000013 0.000008 0.000005 0.000003 0.000002 0.000001 0.000001 0.000000 0.000000 0.000000 
0.000000 0.000000 0.000000 0.000001 0.000001 0.000002 0.000003 0.000004 0.000007 0.000012 0.000019 0.000031 0.000049 0.000077 0.000119 0.000182 0.000275 0.000411 0.000607 0.000887 0.001280 0.001825 0.002572 0.003582 0.004930 0.006705 0.009010 0.011965 0.015699 0.020355 0.026076 0.033008 0.041283 0.051017 0.062291 0.075146 0.089568 0.105477 0.122722 0.141072 0.160216 0.179771 0.199285 0.218259 0.236160 0.252452 0.266615 0.278179 0.286746 0.292012 0.293788 0.292012 0.286746 0.278179 0.266615 0.252452 0.236160 0.218259 0.199285 0.179771 0.160216 0.141072 0.122722 0.105477 0.089568 0.075146 0.062291 0.051017 0.041283 0.033008 0.026076 0.020355 0.015699 0.011965 0.009010 0.006705 0.004930 0.003582 0.002572 0.001825 0.001280 0.000887 0.000607 0.000411 0.000275 0.000182 0.000119 0.000077 0.000049 0.000031 0.000019 0.000012 0.000007 0.000004 0.000003 0.000002 0.000001 0.000001 0.000000 0.000000 
0.000000 0.000000 0.000001 0.000001 0.000001 0.000002 0.000004 0.000006 0.000011 0.000018 0.000029 0.000046 0.000072 0.000113 0.000176 0.000269 0.000406 0.000607 0.000897 0.001309 0.001889 0.002693 0.003794 0.005283 0.007268 0.009882 0.013276 0.017625 0.023121 0.029970 0.038386 0.048580 0.060747 0.075055 0.091625 0.110515 0.131703 0.155074 0.180403 0.207352 0.235464 0.264175 0.292824 0.320677 0.346954 0.370867 0.391654 0.408626 0.421198 0.428926 0.431534 0.428926 0.421198 0.408626 0.391654 0.370867 0.346954 0.320677 0.292824 0.264175 0.235464 0.207352 0.180403 0.155074 0.131703 0.110515 0.091625 0.075055 0.060747 0.048580 0.038386 0.029970 0.023121 0.017625 0.013276 0.009882 0.007268 0.005283 0.003794 0.002693 0.001889 0.001309 0.000897 0.000607 0.000406 0.000269 0.000176 0.000113 0.000072 0.000046 0.000029 0.000018 0.000011 0.000006 0.000004 0.000002 0.000001 0.000001 0.000001 0.000001 
0.000001 0.000001 0.000001 0.000001 0.000002 0.000003 0.000006 0.000009 0.000016 0.000026 0.000042 0.000067 0.000106 0.000166 0.000257 0.000393 0.000594 0.000887 0.001309 0.001911 0.002756 0.003927 0.005532 0.007700 0.010591 0.014395 0.019335 0.025662 0.033656 0.043616 0.055851 0.070668 0.088350 0.109139 0.133210 0.160647 0.191419 0.225354 0.262127 0.301246 0.342050 0.383719 0.425295 0.465711 0.503838 0.538531 0.568689 0.593310 0.611548 0.622759 0.626542 0.622759 0.611548 0.593310 0.568689 0.538531 0.503838 0.465711 0.425295 0.383719 0.342050 0.301246 0.262127 0.225354 0.191419 0.160647 0.133210 0.109139 0.088350 0.070668 0.055851 0.043616 0.033656 0.025662 0.019335 0.014395 0.010591 0.007700 0.005532 0.003927 0.002756 0.001911 0.001309 0.000887 0.000594 0.000393 0.000257 0.000166 0.000106 0.000067 0.000042 0.000026 0.000016 0.000009 0.000006 0.000003 0.000002 0.000001 0.000001 0.000001 
0.000001 0.000001 0.000001 0.000002 0.000003 0.000005 0.000008 0.000014 0.000023 0.000037 0.000060 0.000097 0.000153 0.000240 0.000371 0.000567 0.000857 0.001280 0.001889 0.002756 0.003973 0.005661 0.007971 0.011091 0.015251 0.020725 0.027830 0.036928 0.048420 0.062735 0.080317 0.101604 0.127003 0.156859 0.191422 0.230812 0.274983 0.323687 0.376458 0.432588 0.491129 0.550906 0.610542 0.668511 0.723192 0.772946 0.816194 0.851500 0.877651 0.893726 0.899150 0.893726 0.877651 0.851500 0.816194 0.772946 0.723192 0.668511 0.610542 0.550906 0.491129 0.432588 0.376458 0.323687 0.274983 0.230812 0.191422 0.156859 0.127003 0.101604 0.080317 0.062735 0.048420 0.036928 0.027830 0.020725 0.015251 0.011091 0.007971 0.005661 0.003973 0.002756 0.001889 0.001280 0.000857 0.000567 0.000371 0.000240 0.000153 0.000097 0.000060 0.000037 0.000023 0.000014 0.000008 0.000005 0.000003 0.000002 0.000001 0.000001 
0.000001 0.000001 0.000002 0.000002 0.000004 0.000007 0.000012 0.000020 0.000033 0.000053 0.000086 0.000138 0.000219 0.000342 0.000529 0.000809 0.001222 0.001825 0.002693 0.003927 0.005661 0.008063 0.011350 0.015789 0.021706 0.029489 0.039589 0.052519 0.068848 0.089184 0.114155 0.144382 0.180441 0.222820 0.271874 0.327769 0.390437 0.459529 0.534380 0.613986 0.697002 0.781761 0.866314 0.948497 1.026013 1.096541 1.157842 1.207885 1.244950 1.267734 1.275421 1.267734 1.244950 1.207885 1.157842 1.096541 1.026013 0.948497 0.866314 0.781761 0.697002 0.613986 0.534380 0.459529 0.390437 0.327769 0.271874 0.222820 0.180441 0.144382 0.114155 0.089184 0.068848 0.052519 0.039589 0.029489 0.021706 0.015789 0.011350 0.008063 0.005661 0.003927 0.002693 0.001825 0.001222 0.000809 0.000529 0.000342 0.000219 0.000138 0.000086 0.000053 0.000033 0.000020 0.000012 0.000007 0.000004 0.000003 0.000002 0.000002 
0.000002 0.000002 0.000002 0.000003 0.000006 0.000010 0.000017 0.000028 0.000046 0.000075 0.000122 0.000195 0.000309 0.000483 0.000747 0.001141 0.001723 0.002572 0.003794 0.005532 0.007971 0.011350 0.015973 0.022215 0.030532 0.041468 0.055658 0.073820 0.096750 0.125302 0.160355 0.202778 0.253375 0.312832 0.381641 0.460034 0.547915 0.644791 0.749728 0.861319 0.977678 1.096468 1.214960 1.330121 1.438736 1.537551 1.623437 1.693545 1.745472 1.777391 1.788159 1.777391 1.745472 1.693545 1.623437 1.537551 1.438736 1.330121 1.214960 1.096468 0.977678 0.861319 0.749728 0.644791 0.547915 0.460034 0.381641 0.312832 0.253375 0.202778 0.160355 0.125302 0.096750 0.073820 0.055658 0.041468 0.030532 0.022215 0.015973 0.011350 0.007971 0.005532 0.003794 0.002572 0.001723 0.001141 0.000747 0.000483 0.000309 0.000195 0.000122 0.000075 0.000046 0.000028 0.000017 0.000010 0.000006 0.000004 0.000003 0.000003 
0.000002 0.000002 0.000003 0.000005 0.000008 0.000014 0.000023 0.000039 0.000064 0.000105 0.000170 0.000273 0.000431 0.000674 0.001041 0.001590 0.002401 0.003582 0.005283 0.007700 0.011091 0.015789 0.022215 0.030887 0.042441 0.057630 0.077332 0.102545 0.134371 0.173990 0.222621 0.281465 0.351637 0.434081 0.529478 0.638147 0.759950 0.894204 1.039611 1.194221 1.355420 1.519973 1.684099 1.843598 1.994022 2.130867 2.249799 2.346881 2.418784 2.462980 2.477891 2.462980 2.418784 2.346881 2.249799 2.130867 1.994022 1.843598 1.684099 1.519973 1.355420 1.194221 1.039611 0.894204 0.759950 0.638147 0.529478 0.434081 0.351637 0.281465 0.222621 0.173990 0.134371 0.102545 0.077332 0.057630 0.042441 0.030887 0.022215 0.015789 0.011091 0.007700 0.005283 0.003582 0.002401 0.001590 0.001041 0.000674 0.000431 0.000273 0.000170 0.000105 0.000064 0.000039 0.000023 0.000014 0.000008 0.000005 0.000004 0.000004 
0.000003 0.000003 0.000004 0.000007 0.000011 0.000019 0.000032 0.000054 0.000089 0.000145 0.000235 0.000376 0.000594 0.000928 0.001434 0.002190 0.003305 0.004930 0.007268 0.010591 0.015251 0.021706 0.030532 0.042441 0.058303 0.079151 0.106187 0.140778 0.184432 0.238766 0.305446 0.386117 0.482300 0.595285 0.726003 0.874885 1.041739 1.225626 1.424766 1.636487 1.857210 2.082504 2.307195 2.525538 2.731443 2.918751 3.081534 3.214405 3.312812 3.373299 3.393706 3.373299 3.312812 3.214405 3.081534 2.918751 2.731443 2.525538 2.307195 2.082504 1.857210 1.636487 1.424766 1.225626 1.041739 0.874885 0.726003 0.595285 0.482300 0.386117 0.305446 0.238766 0.184432 0.140778 0.106187 0.079151 0.058303 0.042441 0.030532 0.021706 0.015251 0.010591 0.007268 0.004930 0.003305 0.002190 0.001434 0.000928 0.000594 0.000376 0.000235 0.000145 0.000089 0.000054 0.000032 0.000019 0.000012 0.000007 0.000006 0.000006 
0.000004 0.000004 0.000006 0.000009 0.000015 0.000026 0.000044 0.000073 0.000121 0.000198 0.000320 0.000512 0.000809 0.001264 0.001952 0.002980 0.004496 0.006705 0.009882 0.014395 0.020725 0.029489 0.041468 0.057630 0.079151 0.107429 0.144095 0.190996 0.250175 0.323817 0.414176 0.523474 0.653770 0.806803 0.983827 1.185424 1.411326 1.660258 1.929810 2.216360 2.515066 2.819932 3.123958 3.419374 3.697945 3.951343 4.171553 4.351292 4.484408 4.566227 4.593831 4.566227 4.484408 4.351292 4.171553 3.951343 3.697945 3.419374 3.123958 2.819932 2.515066 2.216360 1.929810 1.660258 1.411326 1.185424 0.983827 0.806803 0.653770 0.523474 0.414176 0.323817 0.250175 0.190996 0.144095 0.107429 0.079151 0.057630 0.041468 0.029489 0.020725 0.014395 0.009882 0.006705 0.004496 0.002980 0.001952 0.001264 0.000809 0.000512 0.000320 0.000198 0.000121 0.000073 0.000044 0.000026 0.000016 0.000010 0.000008 0.000008 
0.000006 0.000006 0.000008 0.000012 0.000021 0.000035 0.000059 0.000099 0.000163 0.000267 0.000431 0.000689 0.001089 0.001701 0.002626 0.004007 0.006044 0.009010 0.013276 0.019335 0.027830 0.039589 0.055658 0.077332 0.106187 0.144095 0.193236 0.256082 0.335364 0.434006 0.555019 0.701371 0.875812 1.080664 1.317597 1.587383 1.889658 2.222710 2.583311 2.966614 3.366140 3.773873 4.180451 4.575488 4.947979 5.286792 5.581219 5.821527 5.999495 6.108881 6.145786 6.108881 5.999495 5.821527 5.581219 5.286792 4.947979 4.575488 4.180451 3.773873 3.366140 2.966614 2.583311 2.222710 1.889658 1.587383 1.317597 1.080664 0.875812 0.701371 0.555019 0.434006 0.335364 0.256082 0.193236 0.144095 0.106187 0.077332 0.055658 0.039589 0.027830 0.019335 0.013276 0.009010 0.006044 0.004007 0.002626 0.001701 0.001089 0.000689 0.000431 0.000267 0.000163 0.000099 0.000059 0.000035 0.000021 0.000014 0.000010 0.000010 
0.000008 0.000008 0.000010 0.000016 0.000028 0.000047 0.000079 0.000131 0.000217 0.000355 0.000574 0.000917 0.001448 0.002261 0.003490 0.005324 0.008028 0.011965 0.017625 0.025662 0.036928 0.052519 0.073820 0.102545 0.140778 0.190996 0.256082 0.339305 0.444273 0.574850 0.735015 0.928687 1.159494 1.430500 1.743905 2.100721 2.500459 2.940849 3.417616 3.924351 4.452487 4.991428 5.528806 6.050896 6.543159 6.990896 7.379961 7.697502 7.932662 8.077198 8.125960 8.077198 7.932662 7.697502 7.379961 6.990896 6.543159 6.050896 5.528806 4.991428 4.452487 3.924351 3.417616 2.940849 2.500459 2.100721 1.743905 1.430500 1.159494 0.928687 0.735015 0.574850 0.444273 0.339305 0.256082 0.190996 0.140778 0.102545 0.073820 0.052519 0.036928 0.025662 0.017625 0.011965 0.008028 0.005324 0.003490 0.002261 0.001448 0.000917 0.000574 0.000355 0.000217 0.000131 0.000079 0.000047 0.000029 0.000018 0.000014 0.000014 
0.000010 0.000010 0.000014 0.000022 0.000036 0.000061 0.000103 0.000173 0.000286 0.000467 0.000754 0.001205 0.001903 0.002970 0.004583 0.006989 0.010536 0.015699 0.023121 0.033656 0.048420 0.068848 0.096750 0.134371 0.184432 0.250175 0.335364 0.444273 0.581616 0.752437 0.961931 1.215214 1.517018 1.871339 2.281039 2.747432 3.269868 3.845374 4.468356 5.130435 5.820419 6.524465 7.226420 7.908363 8.551314 9.136082 9.644201 10.058897 10.365999 10.554751 10.618430 10.554751 10.365999 10.058897 9.644201 9.136082 8.551314 7.908363 7.226420 6.524465 5.820419 5.130435 4.468356 3.845374 3.269868 2.747432 2.281039 1.871339 1.517018 1.215214 0.961931 0.752437 0.581616 0.444273 0.335364 0.250175 0.184432 0.134371 0.096750 0.068848 0.048420 0.033656 0.023121 0.015699 0.010536 0.006989 0.004583 0.002970 0.001903 0.001205 0.000754 0.000467 0.000286 0.000173 0.000104 0.000062 0.000038 0.000024 0.000018 0.000018 
0.000013 0.000013 0.000018 0.000028 0.000047 0.000080 0.000134 0.000225 0.000371 0.000606 0.000980 0.001565 0.002470 0.003855 0.005946 0.009066 0.013664 0.020355 0.029970 0.043616 0.062735 0.089184 0.125302 0.173990 0.238766 0.323817 0.434006 0.574850 0.752437 0.973275 1.244070 1.571419 1.961424 2.419234 2.948533 3.551004 4.225797 4.969059 5.773561 6.628476 7.519353 8.428319 9.334527 10.214849 11.044793 11.799599 12.455445 12.990690 13.387057 13.630668 13.712855 13.630668 13.387057 12.990690 12.455445 11.799599 11.044793 10.214849 9.334527 8.428319 7.519353 6.628476 5.773561 4.969059 4.225797 3.551004 2.948533 2.419234 1.961424 1.571419 1.244070 0.973275 0.752437 0.574850 0.434006 0.323817 0.238766 0.173990 0.125302 0.089184 0.062735 0.043616 0.029970 0.020355 0.013664 0.009066 0.005946 0.003855 0.002470 0.001565 0.000980 0.000607 0.000371 0.000225 0.000135 0.000081 0.000049 0.000032 0.000024 0.000024 
0.000017 0.000017 0.000023 0.000036 0.000061 0.000103 0.000173 0.000288 0.000477 0.000779 0.001257 0.002007 0.003168 0.004943 0.007623 0.011620 0.017509 0.026076 0.038386 0.055851 0.080317 0.114155 0.160355 0.222621 0.305446 0.414176 0.555019 0.735015 0.961931 1.244070 1.589982 2.008079 2.506135 3.090709 3.766487 4.535601 5.396952 6.345609 7.372336 8.463310 9.600090 10.759871 11.916060 13.039160 14.097937 15.060818 15.897430 16.580183 17.085773 17.396510 17.501342 17.396510 17.085773 16.580183 15.897430 15.060818 14.097937 13.039160 11.916060 10.759871 9.600090 8.463310 7.372336 6.345609 5.396952 4.535601 3.766487 3.090709 2.506135 2.008079 1.589982 1.244070 0.961931 0.735015 0.555019 0.414176 0.305446 0.222621 0.160355 0.114155 0.080317 0.055851 0.038386 0.026076 0.017509 0.011620 0.007623 0.004943 0.003168 0.002007 0.001257 0.000779 0.000477 0.000289 0.000174 0.000104 0.000063 0.000041 0.000031 0.000031 
0.000022 0.000022 0.000029 0.000046 0.000077 0.000130 0.000219 0.000366 0.000605 0.000987 0.001594 0.002545 0.004015 0.006262 0.009655 0.014715 0.022168 0.033008 0.048580 0.070668 0.101604 0.144382 0.202778 0.281465 0.386117 0.523474 0.701371 0.928687 1.215214 1.571419 2.008079 2.535790 3.164346 3.902001 4.754648 5.724956 6.811522 8.008112 9.303064 10.678938 12.112475 13.574920 15.032750 16.448782 17.783652 18.997572 20.052268 20.912974 21.550329 21.942044 22.074194 21.942044 21.550329 20.912974 20.052268 18.997572 17.783652 16.448782 15.032750 13.574920 12.112475 10.678938 9.303064 8.008112 6.811522 5.724956 4.754648 3.902001 3.164346 2.535790 2.008079 1.571419 1.215214 0.928687 0.701371 0.523474 0.386117 0.281465 0.202778 0.144382 0.101604 0.070668 0.048580 0.033008 0.022168 0.014715 0.009655 0.006262 0.004015 0.002545 0.001594 0.000987 0.000605 0.000367 0.000220 0.000132 0.000080 0.000052 0.000039 0.000039 
0.000028 0.000028 0.000037 0.000058 0.000097 0.000163 0.000275 0.000459 0.000758 0.001237 0.001997 0.003187 0.005027 0.007839 0.012084 0.018412 0.027731 0.041283 0.060747 0.088350 0.127003 0.180441 0.253375 0.351637 0.482300 0.653770 0.875812 1.159494 1.517018 1.961424 2.506135 3.164346 3.948246 4.868105 5.931247 7.140975 8.495520 9.987093 11.601144 13.315929 15.102456 16.924897 18.741482 20.505896 22.169106 23.681558 24.995588 26.067902 26.861938 27.349942 27.514576 27.349942 26.861938 26.067902 24.995588 23.681558 22.169106 20.505896 18.741482 16.924897 15.102456 13.315929 11.601144 9.987093 8.495520 7.140975 5.931247 4.868105 3.948246 3.164346 2.506135 1.961424 1.517018 1.159494 0.875812 0.653770 0.482300 0.351637 0.253375 0.180441 0.127003 0.088350 0.060747 0.041283 0.027731 0.018412 0.012084 0.007839 0.005027 0.003187 0.001997 0.001237 0.000758 0.000460 0.000276 0.000165 0.000101 0.000065 0.000049 0.000049 
0.000034 0.000034 0.000046 0.000072 0.000120 0.000202 0.000341 0.000568 0.000938 0.001531 0.002472 0.003943 0.006219 0.009695 0.014942 0.022762 0.034276 0.051017 0.075055 0.109139 0.156859 0.222820 0.312832 0.434081 0.595285 0.806803 1.080664 1.430500 1.871339 2.419234 3.090709 3.902001 4.868105 6.001648 7.311627 8.802084 10.470816 12.308206 14.296318 16.408358 18.608617 20.852972 23.089997 25.262671 27.310640 29.172909 30.790814 32.111073 33.088693 33.689518 33.892211 33.689518 33.088693 32.111073 30.790814 29.172909 27.310640 25.262671 23.089997 20.852972 18.608617 16.408358 14.296318 12.308206 10.470816 8.802084 7.311627 6.001648 4.868105 3.902001 3.090709 2.419234 1.871339 1.430500 1.080664 0.806803 0.595285 0.434081 0.312832 0.222820 0.156859 0.109139 0.075055 0.051017 0.034276 0.022762 0.014942 0.009695 0.006219 0.003943 0.002472 0.001532 0.000939 0.000569 0.000342 0.000205 0.000125 0.000081 0.000061 0.000061 
0.000042 0.000042 0.000056 0.000088 0.000147 0.000248 0.000417 0.000695 0.001148 0.001873 0.003022 0.004820 0.007601 0.011847 0.018254 0.027803 0.041858 0.062291 0.091625 0.133210 0.191422 0.271874 0.381641 0.529478 0.726003 0.983827 1.317597 1.743905 2.281039 2.948533 3.766487 4.754648 5.931247 7.311627 8.906710 10.721390 12.752954 14.989672 17.409692 19.980390 22.658300 25.389726 28.112093 30.756029 33.248113 35.514150 37.482786 39.089216 40.278719 41.009754 41.256374 41.009754 40.278719 39.089216 37.482786 35.514150 33.248113 30.756029 28.112093 25.389726 22.658300 19.980390 17.409692 14.989672 12.752954 10.721390 8.906710 7.311627 5.931247 4.754648 3.766487 2.948533 2.281039 1.743905 1.317597 0.983827 0.726003 0.529478 0.381641 0.271874 0.191422 0.133210 0.091625 0.062291 0.041858 0.027803 0.018254 0.011847 0.007601 0.004820 0.003022 0.001873 0.001148 0.000696 0.000419 0.000251 0.000153 0.000099 0.000075 0.000075 
0.000051 0.000051 0.000068 0.000107 0.000178 0.000300 0.000504 0.000841 0.001387 0.002263 0.003650 0.005821 0.009178 0.014303 0.022033 0.033553 0.050505 0.075146 0.110515 0.160647 0.230812 0.327769 0.460034 0.638147 0.874885 1.185424 1.587383 2.100721 2.747432 3.551004 4.535601 5.724956 7.140975 8.802084 10.721390 12.904745 15.348853 18.039576 20.950609 24.042697 27.263554 30.548604 33.822603 37.002145 39.998962 42.723864 45.091080 47.022715 48.452997 49.331999 49.628535 49.331999 48.452997 47.022715 45.091080 42.723864 39.998962 37.002145 33.822603 30.548604 27.263554 24.042697 20.950609 18.039576 15.348853 12.904745 10.721390 8.802084 7.140975 5.724956 4.535601 3.551004 2.747432 2.100721 1.587383 1.185424 0.874885 0.638147 0.460034 0.327769 0.230812 0.160647 0.110515 0.075146 0.050505 0.033553 0.022033 0.014303 0.009178 0.005822 0.003651 0.002263 0.001388 0.000842 0.000506 0.000304 0.000185 0.000119 0.000091 0.000091 
0.000061 0.000061 0.000081 0.000127 0.000212 0.000358 0.000602 0.001004 0.001656 0.002701 0.004356 0.006946 0.010948 0.017059 0.026275 0.040005 0.060208 0.089568 0.131703 0.191419 0.274983 0.390437 0.547915 0.759950 1.041739 1.411326 1.889658 2.500459 3.269868 4.225797 5.396952 6.811522 8.495520 10.470816 12.752954 15.348853 18.254560 21.453237 24.913593 28.588951 32.417160 36.321475 40.212484 43.991084 47.552409 50.790502 53.603476 55.898801 57.598353 58.642829 58.995187 58.642829 57.598353 55.898801 53.603476 50.790502 47.552409 43.991084 40.212484 36.321475 32.417160 28.588951 24.913593 21.453237 18.254560 15.348853 12.752954 10.470816 8.495520 6.811522 5.396952 4.225797 3.269868 2.500459 1.889658 1.411326 1.041739 0.759950 0.547915 0.390437 0.274983 0.191419 0.131703 0.089568 0.060208 0.040005 0.026275 0.017059 0.010948 0.006946 0.004357 0.002702 0.001657 0.001005 0.000605 0.000363 0.000221 0.000143 0.000108 0.000108 
0.000072 0.000072 0.000096 0.000150 0.000250 0.000422 0.000710 0.001184 0.001953 0.003185 0.005136 0.008188 0.012903 0.020102 0.030957 0.047126 0.070913 0.105477 0.155074 0.225354 0.323687 0.459529 0.644791 0.894204 1.225626 1.660258 2.222710 2.940849 3.845374 4.969059 6.345609 8.008112 9.987093 12.308206 14.989672 18.039576 21.453237 25.210843 29.275608 33.592692 38.089088 42.674662 47.244419 51.681997 55.864271 59.666851 62.970125 65.665476 67.661195 68.887672 69.301427 68.887672 67.661195 65.665476 62.970125 59.666851 55.864271 51.681997 47.244419 42.674662 38.089088 33.592692 29.275608 25.210843 21.453237 18.039576 14.989672 12.308206 9.987093 8.008112 6.345609 4.969059 3.845374 2.940849 2.222710 1.660258 1.225626 0.894204 0.644791 0.459529 0.323687 0.225354 0.155074 0.105477 0.070913 0.047126 0.030957 0.020102 0.012903 0.008188 0.005136 0.003186 0.001954 0.001186 0.000713 0.000428 0.000260 0.000168 0.000128 0.000128 
0.000084 0.000084 0.000112 0.000175 0.000292 0.000492 0.000828 0.001380 0.002276 0.003711 0.005982 0.009535 0.015024 0.023402 0.036034 0.054846 0.082519 0.122722 0.180403 0.262127 0.376458 0.534380 0.749728 1.039611 1.424766 1.929810 2.583311 3.417616 4.468356 5.773561 7.372336 9.303064 11.601144 14.296318 17.409692 20.950609 24.913593 29.275608 33.993929 39.004881 44.223722 49.545843 54.849402 59.999381 64.852927 69.265723 73.099005 76.226769 78.542632 79.965842 80.445963 79.965842 78.542632 76.226769 73.099005 69.265723 64.852927 59.999381 54.849402 49.545843 44.223722 39.004881 33.993929 29.275608 24.913593 20.950609 17.409692 14.296318 11.601144 9.303064 7.372336 5.773561 4.468356 3.417616 2.583311 1.929810 1.424766 1.039611 0.749728 0.534380 0.376458 0.262127 0.180403 0.122722 0.082519 0.054846 0.036034 0.023402 0.015024 0.009535 0.005983 0.003711 0.002277 0.001382 0.000832 0.000499 0.000304 0.000196 0.000149 0.000149 
0.000097 0.000097 0.000129 0.000202 0.000336 0.000567 0.000953 0.001589 0.002619 0.004270 0.006884 0.010970 0.017283 0.026916 0.041438 0.063064 0.094870 0.141072 0.207352 0.301246 0.432588 0.613986 0.861319 1.194221 1.636487 2.216360 2.966614 3.924351 5.130435 6.628476 8.463310 10.678938 13.315929 16.408358 19.980390 24.042697 28.588951 33.592692 39.004881 44.752466 50.738242 56.842236 62.924727 68.830897 74.396954 79.457439 83.853266 87.439982 90.095630 91.727643 92.278201 91.727643 90.095630 87.439982 83.853266 79.457439 74.396954 68.830897 62.924727 56.842236 50.738242 44.752466 39.004881 33.592692 28.588951 24.042697 19.980390 16.408358 13.315929 10.678938 8.463310 6.628476 5.130435 3.924351 2.966614 2.216360 1.636487 1.194221 0.861319 0.613986 0.432588 0.301246 0.207352 0.141072 0.094870 0.063064 0.041438 0.026916 0.017283 0.010970 0.006884 0.004271 0.002620 0.001591 0.000957 0.000575 0.000350 0.000226 0.000172 0.000172 
0.000110 0.000110 0.000147 0.000230 0.000383 0.000645 0.001084 0.001807 0.002978 0.004855 0.007825 0.012468 0.019640 0.030584 0.047079 0.071639 0.107757 0.160216 0.235464 0.342050 0.491129 0.697002 0.977678 1.355420 1.857210 2.515066 3.366140 4.452487 5.820419 7.519353 9.600090 12.112475 15.102456 18.608617 22.658300 27.263554 32.417160 38.089088 44.223722 50.738242 57.522469 64.440436 71.333811 78.027166 84.334920 90.069608 95.050999 99.115438 102.124767 103.974118 104.597993 103.974118 102.124767 99.115438 95.050999 90.069608 84.334920 78.027166 71.333811 64.440436 57.522469 50.738242 44.223722 38.089088 32.417160 27.263554 22.658300 18.608617 15.102456 12.112475 9.600090 7.519353 5.820419 4.452487 3.366140 2.515066 1.857210 1.355420 0.977678 0.697002 0.491129 0.342050 0.235464 0.160216 0.107757 0.071639 0.047079 0.030584 0.019640 0.012468 0.007825 0.004856 0.002980 0.001809 0.001089 0.000654 0.000398 0.000258 0.000196 0.000196 
0.000124 0.000124 0.000165 0.000258 0.000430 0.000725 0.001218 0.002030 0.003345 0.005453 0.008787 0.014000 0.022050 0.034332 0.052843 0.080400 0.120922 0.179771 0.264175 0.383719 0.550906 0.781761 1.096468 1.519973 2.082504 2.819932 3.773873 4.991428 6.524465 8.428319 10.759871 13.574920 16.924897 20.852972 25.389726 30.548604 36.321475 42.674662 49.545843 56.842236 64.440436 72.188172 79.908140 87.403910 94.467691 100.889596 106.467841 111.019210 114.389031 116.459905 117.158508 116.459905 114.389031 111.019210 106.467841 100.889596 94.467691 87.403910 79.908140 72.188172 64.440436 56.842236 49.545843 42.674662 36.321475 30.548604 25.389726 20.852972 16.924897 13.574920 10.759871 8.428319 6.524465 4.991428 3.773873 2.819932 2.082504 1.519973 1.096468 0.781761 0.550906 0.383719 0.264175 0.179771 0.120922 0.080400 0.052843 0.034332 0.022050 0.014000 0.008787 0.005453 0.003347 0.002032 0.001224 0.000735 0.000447 0.000290 0.000220 0.000220 
0.000138 0.000138 0.000183 0.000287 0.000477 0.000805 0.001352 0.002252 0.003712 0.006050 0.009748 0.015529 0.024456 0.038074 0.058596 0.089145 0.134061 0.199285 0.292824 0.425295 0.610542 0.866314 1.214960 1.684099 2.307195 3.123958 4.180451 5.528806 7.226420 9.334527 11.916060 15.032750 18.741482 23.089997 28.112093 33.822603 40.212484 47.244419 54.849402 62.924727 71.333811 79.908140 88.451516 96.746589 104.563449 111.669878 117.842630 122.879008 126.607895 128.899415 129.672450 128.899415 126.607895 122.879008 117.842630 111.669878 104.563449 96.746589 88.451516 79.908140 71.333811 62.924727 54.849402 47.244419 40.212484 33.822603 28.112093 23.089997 18.741482 15.032750 11.916060 9.334527 7.226420 5.528806 4.180451 3.123958 2.307195 1.684099 1.214960 0.866314 0.610542 0.425295 0.292824 0.199285 0.134061 0.089145 0.058596 0.038074 0.024456 0.015529 0.009748 0.006050 0.003714 0.002256 0.001358 0.000815 0.000497 0.000321 0.000244 0.000244 
