0.000000 0.000000 0.000000 0.000000 0.000000 0.000000 0.000000 0.000000 0.000001 0.000001 0.000001 0.000002 0.000003 0.000004 0.000005 0.000008 0.000010 0.000014 0.000020 0.000027 0.000036 0.000048 0.000064 0.000083 0.000107 0.000137 0.000174 0.000219 0.000272 0.000336 0.000410 0.000495 0.000593 0.000702 0.000825 0.000959 0.001104 0.001259 0.001422 0.001591 0.001762 0.001933 0.002100 0.002259 0.002406 0.002539 0.002652 0.002744 0.002812 0.002854 0.002867 0.002854 0.002812 0.002744 0.002652 0.002539 0.002406 0.002259 0.002100 0.001933 0.001762 0.001591 0.001422 0.001259 0.001104 0.000959 0.000825 0.000702 0.000593 0.000495 0.000410 0.000336 0.000272 0.000219 0.000174 0.000137 0.000107 0.000083 0.000064 0.000048 0.000036 0.000027 0.000020 0.000014 0.000010 0.000008 0.000005 0.000004 0.000003 0.000002 0.000001 0.000001 0.000001 0.000000 0.000000 0.000000 0.000000 0.000000 0.000000 0.000000 
0.000000 0.000000 0.000000 0.000000 0.000000 0.000000 0.000000 0.000000 0.000001 0.000001 0.000001 0.000002 0.000003 0.000004 0.000005 0.000008 0.000010 0.000014 0.000020 0.000027 0.000036 0.000048 0.000064 0.000083 0.000107 0.000137 0.000174 0.000219 0.000272 0.000336 0.000410 0.000495 0.000593 0.000702 0.000825 0.000959 0.001104 0.001259 0.001422 0.001591 0.001762 0.001933 0.002100 0.002259 0.002406 0.002539 0.002652 0.002744 0.002812 0.002854 0.002867 0.002854 0.002812 0.002744 0.002652 0.002539 0.002406 0.002259 0.002100 0.001933 0.001762 0.001591 0.001422 0.001259 0.001104 0.000959 0.000825 0.000702 0.000593 0.000495 0.000410 0.000336 0.000272 0.000219 0.000174 0.000137 0.000107 0.000083 0.000064 0.000048 0.000036 0.000027 0.000020 0.000014 0.000010 0.000008 0.000005 0.000004 0.000003 0.000002 0.000001 0.000001 0.000001 0.000000 0.000000 0.000000 0.000000 0.000000 0.000000 0.000000 
0.000000 0.000000 0.000000 0.000000 0.000000 0.000000 0.000000 0.000000 0.000001 0.000001 0.000001 0.000002 0.000003 0.000005 0.000006 0.000009 0.000013 0.000018 0.000024 0.000033 0.000044 0.000058 0.000077 0.000101 0.000130 0.000166 0.000211 0.000265 0.000330 0.000406 0.000496 0.000599 0.000717 0.000850 0.000998 0.001161 0.001336 0.001524 0.001721 0.001924 0.002131 0.002338 0.002539 0.002732 0.002910 0.003070 0.003208 0.003319 0.003401 0.003451 0.003467 0.003451 0.003401 0.003319 0.003208 0.003070 0.002910 0.002732 0.002539 0.002338 0.002131 0.001924 0.001721 0.001524 0.001336 0.001161 0.000998 0.000850 0.000717 0.000599 0.000496 0.000406 0.000330 0.000265 0.000211 0.000166 0.000130 0.000101 0.000077 0.000058 0.000044 0.000033 0.000024 0.000018 0.000013 0.000009 0.000006 0.000005 0.000003 0.000002 0.000001 0.000001 0.000001 0.000000 0.000000 0.000000 0.000000 0.000000 0.000000 0.000000 
0.000000 0.000000 0.000000 0.000000 0.000000 0.000000 0.000000 0.000001 0.000001 0.000001 0.000002 0.000003 0.000004 0.000006 0.000009 0.000013 0.000018 0.000024 0.000033 0.000045 0.000061 0.000081 0.000106 0.000139 0.000179 0.000230 0.000291 0.000366 0.000455 0.000560 0.000683 0.000826 0.000988 0.001171 0.001375 0.001598 0.001840 0.002097 0.002368 0.002648 0.002933 0.003217 0.003494 0.003758 0.004003 0.004223 0.004412 0.004565 0.004678 0.004746 0.004769 0.004746 0.004678 0.004565 0.004412 0.004223 0.004003 0.003758 0.003494 0.003217 0.002933 0.002648 0.002368 0.002097 0.001840 0.001598 0.001375 0.001171 0.000988 0.000826 0.000683 0.000560 0.000455 0.000366 0.000291 0.000230 0.000179 0.000139 0.000106 0.000081 0.000061 0.000045 0.000033 0.000024 0.000018 0.000013 0.000009 0.000006 0.000004 0.000003 0.000002 0.000001 0.000001 0.000001 0.000000 0.000000 0.000000 0.000000 0.000000 0.000000 
0.000000 0.000000 0.000000 0.000000 0.000000 0.000000 0.000001 0.000001 0.000001 0.000002 0.000003 0.000004 0.000006 0.000009 0.000013 0.000019 0.000026 0.000036 0.000049 0.000066 0.000089 0.000119 0.000156 0.000204 0.000264 0.000337 0.000428 0.000537 0.000668 0.000823 0.001003 0.001212 0.001450 0.001719 0.002017 0.002345 0.002699 0.003077 0.003474 0.003884 0.004301 0.004717 0.005122 0.005510 0.005869 0.006191 0.006468 0.006691 0.006856 0.006956 0.006990 0.006956 0.006856 0.006691 0.006468 0.006191 0.005869 0.005510 0.005122 0.004717 0.004301 0.003884 0.003474 0.003077 0.002699 0.002345 0.002017 0.001719 0.001450 0.001212 0.001003 0.000823 0.000668 0.000537 0.000428 0.000337 0.000264 0.000204 0.000156 0.000119 0.000089 0.000066 0.000049 0.000036 0.000026 0.000019 0.000013 0.000009 0.000006 0.000004 0.000003 0.000002 0.000001 0.000001 0.000001 0.000000 0.000000 0.000000 0.000000 0.000000 
0.000000 0.000000 0.000000 0.000000 0.000000 0.000001 0.000001 0.000001 0.000002 0.000003 0.000005 0.000007 0.000010 0.000014 0.000020 0.000028 0.000039 0.000054 0.000074 0.000100 0.000134 0.000179 0.000235 0.000307 0.000397 0.000508 0.000644 0.000808 0.001004 0.001237 0.001508 0.001822 0.002180 0.002582 0.003030 0.003521 0.004053 0.004620 0.005215 0.005831 0.006456 0.007080 0.007688 0.008269 0.008807 0.009290 0.009705 0.010041 0.010287 0.010438 0.010489 0.010438 0.010287 0.010041 0.009705 0.009290 0.008807 0.008269 0.007688 0.007080 0.006456 0.005831 0.005215 0.004620 0.004053 0.003521 0.003030 0.002582 0.002180 0.001822 0.001508 0.001237 0.001004 0.000808 0.000644 0.000508 0.000397 0.000307 0.000235 0.000179 0.000134 0.000100 0.000074 0.000054 0.000039 0.000028 0.000020 0.000014 0.000010 0.000007 0.000005 0.000003 0.000002 0.000001 0.000001 0.000001 0.000000 0.000000 0.000000 0.000000 
0.000000 0.000000 0.000000 0.000000 0.000001 0.000001 0.000001 0.000002 0.000003 0.000005 0.000007 0.000010 0.000015 0.000021 0.000030 0.000042 0.000059 0.000082 0.000112 0.000152 0.000203 0.000270 0.000356 0.000464 0.000600 0.000767 0.000972 0.001220 0.001517 0.001867 0.002277 0.002750 0.003289 0.003896 0.004572 0.005312 0.006113 0.006968 0.007865 0.008792 0.009734 0.010673 0.011590 0.012465 0.013276 0.014003 0.014628 0.015133 0.015504 0.015732 0.015808 0.015732 0.015504 0.015133 0.014628 0.014003 0.013276 0.012465 0.011590 0.010673 0.009734 0.008792 0.007865 0.006968 0.006113 0.005312 0.004572 0.003896 0.003289 0.002750 0.002277 0.001867 0.001517 0.001220 0.000972 0.000767 0.000600 0.000464 0.000356 0.000270 0.000203 0.000152 0.000112 0.000082 0.000059 0.000042 0.000030 0.000021 0.000015 0.000010 0.000007 0.000005 0.000003 0.000002 0.000001 0.000001 0.000001 0.000000 0.000000 0.000000 
0.000000 0.000000 0.000000 0.000001 0.000001 0.000001 0.000002 0.000003 0.000005 0.000007 0.000011 0.000015 0.000022 0.000032 0.000046 0.000064 0.000089 0.000123 0.000169 0.000228 0.000306 0.000407 0.000536 0.000699 0.000903 0.001155 0.001463 0.001836 0.002282 0.002809 0.003424 0.004135 0.004945 0.005857 0.006871 0.007983 0.009186 0.010469 0.011816 0.013208 0.014622 0.016031 0.017407 0.018719 0.019936 0.021028 0.021965 0.022723 0.023280 0.023621 0.023736 0.023621 0.023280 0.022723 0.021965 0.021028 0.019936 0.018719 0.017407 0.016031 0.014622 0.013208 0.011816 0.010469 0.009186 0.007983 0.006871 0.005857 0.004945 0.004135 0.003424 0.002809 0.002282 0.001836 0.001463 0.001155 0.000903 0.000699 0.000536 0.000407 0.000306 0.000228 0.000169 0.000123 0.000089 0.000064 0.000046 0.000032 0.000022 0.000015 0.000011 0.000007 0.000005 0.000003 0.000002 0.000001 0.000001 0.000001 0.000001 0.000001 
0.000001 0.000001 0.000001 0.000001 0.000001 0.000002 0.000003 0.000005 0.000007 0.000011 0.000016 0.000023 0.000034 0.000048 0.000068 0.000096 0.000134 0.000185 0.000252 0.000342 0.000458 0.000609 0.000802 0.001045 0.001349 0.001726 0.002186 0.002742 0.003408 0.004194 0.005113 0.006173 0.007382 0.008742 0.010254 0.011913 0.013706 0.015618 0.017626 0.019701 0.021809 0.023909 0.025960 0.027915 0.029729 0.031355 0.032751 0.033880 0.034711 0.035219 0.035390 0.035219 0.034711 0.033880 0.032751 0.031355 0.029729 0.027915 0.025960 0.023909 0.021809 0.019701 0.017626 0.015618 0.013706 0.011913 0.010254 0.008742 0.007382 0.006173 0.005113 0.004194 0.003408 0.002742 0.002186 0.001726 0.001349 0.001045 0.000802 0.000609 0.000458 0.000342 0.000252 0.000185 0.000134 0.000096 0.000068 0.000048 0.000034 0.000023 0.000016 0.000011 0.000007 0.000005 0.000003 0.000002 0.000001 0.000001 0.000001 0.000001 
0.000001 0.000001 0.000001 0.000001 0.000002 0.000003 0.000005 0.000007 0.000011 0.000016 0.000024 0.000034 0.000050 0.000071 0.000101 0.000143 0.000199 0.000274 0.000374 0.000507 0.000680 0.000903 0.001189 0.001549 0.002000 0.002557 0.003239 0.004062 0.005047 0.006211 0.007570 0.009139 0.010927 0.012939 0.015175 0.017627 0.020279 0.023106 0.026074 0.029142 0.032256 0.035361 0.038391 0.041280 0.043960 0.046363 0.048426 0.050095 0.051322 0.052072 0.052325 0.052072 0.051322 0.050095 0.048426 0.046363 0.043960 0.041280 0.038391 0.035361 0.032256 0.029142 0.026074 0.023106 0.020279 0.017627 0.015175 0.012939 0.010927 0.009139 0.007570 0.006211 0.005047 0.004062 0.003239 0.002557 0.002000 0.001549 0.001189 0.000903 0.000680 0.000507 0.000374 0.000274 0.000199 0.000143 0.000101 0.000071 0.000050 0.000034 0.000024 0.000016 0.000011 0.000007 0.000005 0.000003 0.000002 0.000002 0.000001 0.000001 
0.000001 0.000001 0.000001 0.000002 0.000003 0.000005 0.000007 0.000011 0.000016 0.000024 0.000035 0.000051 0.000073 0.000105 0.000149 0.000210 0.000292 0.000403 0.000551 0.000745 0.001000 0.001328 0.001747 0.002276 0.002937 0.003755 0.004755 0.005964 0.007409 0.009116 0.011109 0.013409 0.016030 0.018980 0.022257 0.025851 0.029737 0.033880 0.038229 0.042722 0.047285 0.051832 0.056271 0.060503 0.064427 0.067946 0.070968 0.073411 0.075208 0.076307 0.076676 0.076307 0.075208 0.073411 0.070968 0.067946 0.064427 0.060503 0.056271 0.051832 0.047285 0.042722 0.038229 0.033880 0.029737 0.025851 0.022257 0.018980 0.016030 0.013409 0.011109 0.009116 0.007409 0.005964 0.004755 0.003755 0.002937 0.002276 0.001747 0.001328 0.001000 0.000745 0.000551 0.000403 0.000292 0.000210 0.000149 0.000105 0.000073 0.000051 0.000035 0.000024 0.000016 0.000011 0.000007 0.000005 0.000003 0.000002 0.000002 0.000002 
0.000002 0.000002 0.000002 0.000003 0.000004 0.000007 0.000010 0.000015 0.000023 0.000034 0.000051 0.000074 0.000107 0.000153 0.000218 0.000306 0.000426 0.000587 0.000802 0.001086 0.001456 0.001933 0.002543 0.003313 0.004275 0.005465 0.006918 0.008676 0.010776 0.013257 0.016153 0.019494 0.023302 0.027587 0.032348 0.037566 0.043210 0.049224 0.055538 0.062061 0.068684 0.075285 0.081728 0.087869 0.093564 0.098671 0.103056 0.106602 0.109209 0.110803 0.111340 0.110803 0.109209 0.106602 0.103056 0.098671 0.093564 0.087869 0.081728 0.075285 0.068684 0.062061 0.055538 0.049224 0.043210 0.037566 0.032348 0.027587 0.023302 0.019494 0.016153 0.013257 0.010776 0.008676 0.006918 0.005465 0.004275 0.003313 0.002543 0.001933 0.001456 0.001086 0.000802 0.000587 0.000426 0.000306 0.000218 0.000153 0.000107 0.000074 0.000051 0.000034 0.000023 0.000016 0.000010 0.000007 0.000005 0.000003 0.000003 0.000003 
0.000003 0.000003 0.000003 0.000004 0.000006 0.000010 0.000015 0.000022 0.000034 0.000050 0.000073 0.000107 0.000155 0.000222 0.000314 0.000442 0.000615 0.000848 0.001158 0.001567 0.002101 0.002789 0.003668 0.004778 0.006165 0.007878 0.009973 0.012504 0.015528 0.019101 0.023271 0.028081 0.033561 0.039728 0.046579 0.054088 0.062207 0.070860 0.079943 0.089325 0.098851 0.108344 0.117609 0.126441 0.134630 0.141973 0.148279 0.153376 0.157124 0.159417 0.160189 0.159417 0.157124 0.153376 0.148279 0.141973 0.134630 0.126441 0.117609 0.108344 0.098851 0.089325 0.079943 0.070860 0.062207 0.054088 0.046579 0.039728 0.033561 0.028081 0.023271 0.019101 0.015528 0.012504 0.009973 0.007878 0.006165 0.004778 0.003668 0.002789 0.002101 0.001567 0.001158 0.000848 0.000615 0.000442 0.000314 0.000222 0.000155 0.000107 0.000073 0.000050 0.000034 0.000022 0.000015 0.000010 0.000007 0.000005 0.000004 0.000004 
0.000004 0.000004 0.000005 0.000006 0.000009 0.000014 0.000021 0.000032 0.000048 0.000071 0.000105 0.000153 0.000222 0.000317 0.000450 0.000632 0.000880 0.001213 0.001657 0.002241 0.003003 0.003987 0.005242 0.006827 0.008806 0.011253 0.014242 0.017854 0.022170 0.027266 0.033214 0.040074 0.047890 0.056683 0.066451 0.077156 0.088730 0.101063 0.114007 0.127378 0.140954 0.154480 0.167681 0.180264 0.191932 0.202393 0.211376 0.218637 0.223976 0.227242 0.228342 0.227242 0.223976 0.218637 0.211376 0.202393 0.191932 0.180264 0.167681 0.154480 0.140954 0.127378 0.114007 0.101063 0.088730 0.077156 0.066451 0.056683 0.047890 0.040074 0.033214 0.027266 0.022170 0.017854 0.014242 0.011253 0.008806 0.006827 0.005242 0.003987 0.003003 0.002241 0.001657 0.001213 0.000880 0.000632 0.000450 0.000317 0.000222 0.000153 0.000105 0.000071 0.000048 0.000032 0.000021 0.000014 0.000010 0.000007 0.000006 0.000006 
0.000005 0.000005 0.000006 0.000009 0.000013 0.000020 0.000030 0.000046 0.000068 0.000101 0.000149 0.000218 0.000314 0.000450 0.000638 0.000896 0.001247 0.001719 0.002347 0.003175 0.004253 0.005645 0.007421 0.009663 0.012463 0.015923 0.020150 0.025257 0.031357 0.038560 0.046966 0.056659 0.067702 0.080124 0.093921 0.109042 0.125387 0.142802 0.161081 0.179960 0.199126 0.218222 0.236857 0.254619 0.271089 0.285854 0.298533 0.308782 0.316317 0.320927 0.322478 0.320927 0.316317 0.308782 0.298533 0.285854 0.271089 0.254619 0.236857 0.218222 0.199126 0.179960 0.161081 0.142802 0.125387 0.109042 0.093921 0.080124 0.067702 0.056659 0.046966 0.038560 0.031357 0.025257 0.020150 0.015923 0.012463 0.009663 0.007421 0.005645 0.004253 0.003175 0.002347 0.001719 0.001247 0.000896 0.000638 0.000450 0.000314 0.000218 0.000149 0.000101 0.000068 0.000046 0.000030 0.000020 0.000014 0.000010 0.000008 0.000008 
0.000008 0.000008 0.000009 0.000013 0.000019 0.000028 0.000042 0.000064 0.000096 0.000143 0.000210 0.000306 0.000442 0.000632 0.000896 0.001259 0.001751 0.002413 0.003294 0.004455 0.005968 0.007918 0.010408 0.013550 0.017474 0.022321 0.028242 0.035395 0.043938 0.054024 0.065793 0.079363 0.094820 0.112206 0.131514 0.152673 0.175542 0.199908 0.225479 0.251887 0.278696 0.305405 0.331468 0.356309 0.379340 0.399989 0.417718 0.432050 0.442587 0.449032 0.451202 0.449032 0.442587 0.432050 0.417718 0.399989 0.379340 0.356309 0.331468 0.305405 0.278696 0.251887 0.225479 0.199908 0.175542 0.152673 0.131514 0.112206 0.094820 0.079363 0.065793 0.054024 0.043938 0.035395 0.028242 0.022321 0.017474 0.013550 0.010408 0.007918 0.005968 0.004455 0.003294 0.002413 0.001751 0.001259 0.000896 0.000632 0.000442 0.000306 0.000210 0.000143 0.000096 0.000064 0.000043 0.000029 0.000020 0.000014 0.000012 0.000012 
0.000010 0.000010 0.000013 0.000018 0.000026 0.000039 0.000059 0.000089 0.000134 0.000199 0.000292 0.000426 0.000615 0.000880 0.001247 0.001751 0.002436 0.003356 0.004580 0.006193 0.008294 0.011004 0.014460 0.018823 0.024271 0.030999 0.039216 0.049141 0.060993 0.074985 0.091309 0.110129 0.131563 0.155671 0.182441 0.211773 0.243474 0.277247 0.312687 0.349286 0.386437 0.423448 0.459562 0.493980 0.525890 0.554498 0.579060 0.598914 0.613512 0.622441 0.625446 0.622441 0.613512 0.598914 0.579060 0.554498 0.525890 0.493980 0.459562 0.423448 0.386437 0.349286 0.312687 0.277247 0.243474 0.211773 0.182441 0.155671 0.131563 0.110129 0.091309 0.074985 0.060993 0.049141 0.039216 0.030999 0.024271 0.018823 0.014460 0.011004 0.008294 0.006193 0.004580 0.003356 0.002436 0.001751 0.001247 0.000880 0.000615 0.000426 0.000292 0.000199 0.000134 0.000090 0.000060 0.000040 0.000027 0.000020 0.000017 0.000017 
0.000014 0.000014 0.000018 0.000024 0.000036 0.000054 0.000082 0.000123 0.000185 0.000274 0.000403 0.000587 0.000848 0.001213 0.001719 0.002413 0.003356 0.004623 0.006309 0.008528 0.011420 0.015148 0.019903 0.025904 0.033396 0.042647 0.053944 0.067588 0.083878 0.103107 0.125539 0.151397 0.180844 0.213961 0.250729 0.291015 0.334550 0.380927 0.429590 0.479840 0.530844 0.581654 0.631230 0.678475 0.722277 0.761544 0.795256 0.822507 0.842542 0.854798 0.858922 0.854798 0.842542 0.822507 0.795256 0.761544 0.722277 0.678475 0.631230 0.581654 0.530844 0.479840 0.429590 0.380927 0.334550 0.291015 0.250729 0.213961 0.180844 0.151397 0.125539 0.103107 0.083878 0.067588 0.053944 0.042647 0.033396 0.025904 0.019903 0.015148 0.011420 0.008528 0.006309 0.004623 0.003356 0.002413 0.001719 0.001213 0.000848 0.000587 0.000403 0.000274 0.000185 0.000124 0.000083 0.000055 0.000038 0.000028 0.000023 0.000023 
0.000020 0.000020 0.000024 0.000033 0.000049 0.000074 0.000112 0.000169 0.000252 0.000374 0.000551 0.000802 0.001158 0.001657 0.002347 0.003294 0.004580 0.006309 0.008607 0.011634 0.015576 0.020657 0.027137 0.035314 0.045521 0.058123 0.073510 0.092090 0.114272 0.140451 0.170988 0.206185 0.246263 0.291331 0.341365 0.396179 0.455409 0.518501 0.584698 0.653050 0.722423 0.791527 0.858950 0.923202 0.982766 1.036163 1.082006 1.119060 1.146303 1.162967 1.168575 1.162967 1.146303 1.119060 1.082006 1.036163 0.982766 0.923202 0.858950 0.791527 0.722423 0.653050 0.584698 0.518501 0.455409 0.396179 0.341365 0.291331 0.246263 0.206185 0.170988 0.140451 0.114272 0.092090 0.073510 0.058123 0.045521 0.035314 0.027137 0.020657 0.015576 0.011634 0.008607 0.006309 0.004580 0.003294 0.002347 0.001657 0.001158 0.000803 0.000551 0.000375 0.000253 0.000169 0.000113 0.000076 0.000052 0.000038 0.000032 0.000032 
0.000027 0.000027 0.000033 0.000045 0.000066 0.000100 0.000152 0.000228 0.000342 0.000507 0.000745 0.001086 0.001567 0.002241 0.003175 0.004455 0.006193 0.008528 0.011634 0.015721 0.021044 0.027905 0.036654 0.047692 0.061467 0.078472 0.099234 0.124300 0.154222 0.189531 0.230714 0.278176 0.332214 0.392975 0.460423 0.534310 0.614144 0.699176 0.788386 0.880494 0.973973 1.067085 1.157927 1.244492 1.324739 1.396675 1.458432 1.508349 1.545048 1.567495 1.575050 1.567495 1.545048 1.508349 1.458432 1.396675 1.324739 1.244492 1.157927 1.067085 0.973973 0.880494 0.788386 0.699176 0.614144 0.534310 0.460423 0.392975 0.332214 0.278176 0.230714 0.189531 0.154222 0.124300 0.099234 0.078472 0.061467 0.047692 0.036654 0.027905 0.021044 0.015721 0.011634 0.008528 0.006193 0.004455 0.003175 0.002241 0.001567 0.001086 0.000746 0.000507 0.000342 0.000229 0.000153 0.000103 0.000070 0.000052 0.000043 0.000043 
0.000036 0.000036 0.000044 0.000061 0.000089 0.000134 0.000203 0.000306 0.000458 0.000680 0.001000 0.001456 0.002101 0.003003 0.004253 0.005968 0.008294 0.011420 0.015576 0.021044 0.028166 0.037343 0.049044 0.063803 0.082221 0.104953 0.132704 0.166204 0.206189 0.253368 0.308388 0.371792 0.443972 0.525125 0.615201 0.713868 0.820468 0.934000 1.053104 1.176068 1.300855 1.425146 1.546401 1.661942 1.769048 1.865056 1.947477 2.014096 2.063073 2.093030 2.103112 2.093030 2.063073 2.014096 1.947477 1.865056 1.769048 1.661942 1.546401 1.425146 1.300855 1.176068 1.053104 0.934000 0.820468 0.713868 0.615201 0.525125 0.443972 0.371792 0.308388 0.253368 0.206189 0.166204 0.132704 0.104953 0.082221 0.063803 0.049044 0.037343 0.028166 0.021044 0.015576 0.011420 0.008294 0.005968 0.004253 0.003003 0.002101 0.001456 0.001000 0.000680 0.000459 0.000308 0.000205 0.000138 0.000095 0.000069 0.000058 0.000058 
0.000048 0.000048 0.000058 0.000081 0.000119 0.000179 0.000270 0.000407 0.000609 0.000903 0.001328 0.001933 0.002789 0.003987 0.005645 0.007918 0.011004 0.015148 0.020657 0.027905 0.037343 0.049503 0.065004 0.084555 0.108948 0.139052 0.175797 0.220150 0.273081 0.335530 0.408350 0.492257 0.587769 0.695145 0.814317 0.944844 1.085856 1.236026 1.393555 1.556181 1.721208 1.885571 2.045912 2.198690 2.340310 2.467253 2.576227 2.664306 2.729060 2.768666 2.781995 2.768666 2.729060 2.664306 2.576227 2.467253 2.340310 2.198690 2.045912 1.885571 1.721208 1.556181 1.393555 1.236026 1.085856 0.944844 0.814317 0.695145 0.587769 0.492257 0.408350 0.335530 0.273081 0.220150 0.175797 0.139052 0.108948 0.084555 0.065004 0.049503 0.037343 0.027905 0.020657 0.015148 0.011004 0.007918 0.005645 0.003987 0.002789 0.001933 0.001328 0.000904 0.000610 0.000409 0.000273 0.000183 0.000126 0.000092 0.000077 0.000077 
0.000064 0.000064 0.000077 0.000106 0.000156 0.000235 0.000356 0.000536 0.000802 0.001189 0.001747 0.002543 0.003668 0.005242 0.007421 0.010408 0.014460 0.019903 0.027137 0.036654 0.049044 0.065004 0.085348 0.111002 0.143006 0.182498 0.230697 0.288867 0.358281 0.440167 0.535642 0.645643 0.770847 0.911589 1.067782 1.238842 1.423630 1.620405 1.826811 2.039882 2.256088 2.471413 2.681459 2.881591 3.067098 3.233376 3.376114 3.491480 3.576294 3.628169 3.645628 3.628169 3.576294 3.491480 3.376114 3.233376 3.067098 2.881591 2.681459 2.471413 2.256088 2.039882 1.826811 1.620405 1.423630 1.238842 1.067782 0.911589 0.770847 0.645643 0.535642 0.440167 0.358281 0.288867 0.230697 0.182498 0.143006 0.111002 0.085348 0.065004 0.049044 0.036654 0.027137 0.019903 0.014460 0.010408 0.007421 0.005242 0.003668 0.002543 0.001747 0.001189 0.000803 0.000538 0.000360 0.000241 0.000166 0.000121 0.000101 0.000101 
0.000083 0.000083 0.000101 0.000139 0.000204 0.000307 0.000464 0.000699 0.001045 0.001549 0.002276 0.003313 0.004778 0.006827 0.009663 0.013550 0.018823 0.025904 0.035314 0.047692 0.063803 0.084555 0.111002 0.144349 0.185944 0.237266 0.299893 0.375470 0.465645 0.572011 0.696016 0.838875 1.001464 1.184214 1.387011 1.609094 1.848982 2.104415 2.372333 2.648886 2.929495 3.208946 3.481535 3.741248 3.981974 4.197741 4.382957 4.532654 4.642704 4.710014 4.732667 4.710014 4.642704 4.532654 4.382957 4.197741 3.981974 3.741248 3.481535 3.208946 2.929495 2.648886 2.372333 2.104415 1.848982 1.609094 1.387011 1.184214 1.001464 0.838875 0.696016 0.572011 0.465645 0.375470 0.299893 0.237266 0.185944 0.144349 0.111002 0.084555 0.063803 0.047692 0.035314 0.025904 0.018823 0.013550 0.009663 0.006827 0.004778 0.003313 0.002276 0.001550 0.001047 0.000702 0.000469 0.000315 0.000216 0.000158 0.000132 0.000132 
0.000107 0.000107 0.000130 0.000179 0.000264 0.000397 0.000600 0.000903 0.001349 0.002000 0.002937 0.004275 0.006165 0.008806 0.012463 0.017474 0.024271 0.033396 0.045521 0.061467 0.082221 0.108948 0.143006 0.185944 0.239497 0.305564 0.386176 0.483445 0.599491 0.736358 0.895908 1.079700 1.288856 1.523929 1.784767 2.070391 2.378892 2.707365 3.051871 3.407462 3.768249 4.127531 4.477977 4.811857 5.121318 5.398685 5.636775 5.829201 5.970662 6.057184 6.086303 6.057184 5.970662 5.829201 5.636775 5.398685 5.121318 4.811857 4.477977 4.127531 3.768249 3.407462 3.051871 2.707365 2.378892 2.070391 1.784767 1.523929 1.288856 1.079700 0.895908 0.736358 0.599491 0.483445 0.386176 0.305564 0.239497 0.185944 0.143006 0.108948 0.082221 0.061467 0.045521 0.033396 0.024271 0.017474 0.012463 0.008807 0.006165 0.004276 0.002938 0.002001 0.001352 0.000906 0.000606 0.000407 0.000280 0.000205 0.000170 0.000170 
0.000137 0.000137 0.000166 0.000230 0.000337 0.000508 0.000767 0.001155 0.001726 0.002557 0.003755 0.005465 0.007878 0.011253 0.015923 0.022321 0.030999 0.042647 0.058123 0.078472 0.104953 0.139052 0.182498 0.237266 0.305564 0.389812 0.492598 0.616608 0.764543 0.939004 1.142360 1.376592 1.643128 1.942667 2.275012 2.638912 3.031934 3.450372 3.889210 4.342145 4.801676 5.259270 5.705591 6.130800 6.524899 6.878117 7.181309 7.426347 7.606484 7.716659 7.753738 7.716659 7.606484 7.426347 7.181309 6.878117 6.524899 6.130800 5.705591 5.259270 4.801676 4.342145 3.889210 3.450372 3.031934 2.638912 2.275012 1.942667 1.643128 1.376592 1.142360 0.939004 0.764543 0.616608 0.492598 0.389812 0.305564 0.237266 0.182498 0.139052 0.104953 0.078472 0.058123 0.042647 0.030999 0.022321 0.015923 0.011253 0.007879 0.005465 0.003756 0.002559 0.001729 0.001160 0.000775 0.000521 0.000358 0.000262 0.000218 0.000218 
0.000174 0.000174 0.000211 0.000291 0.000428 0.000644 0.000972 0.001463 0.002186 0.003239 0.004755 0.006918 0.009973 0.014242 0.020150 0.028242 0.039216 0.053944 0.073510 0.099234 0.132704 0.175797 0.230697 0.299893 0.386176 0.492598 0.622421 0.779037 0.965850 1.186141 1.442893 1.738604 2.075070 2.453170 2.872650 3.331927 3.827928 4.355973 4.909731 5.481248 6.061062 6.638407 7.201508 7.737954 8.235137 8.680735 9.063215 9.372328 9.599566 9.738548 9.785322 9.738548 9.599566 9.372328 9.063215 8.680735 8.235137 7.737954 7.201508 6.638407 6.061062 5.481248 4.909731 4.355973 3.827928 3.331927 2.872650 2.453170 2.075070 1.738604 1.442893 1.186141 0.965850 0.779037 0.622421 0.492598 0.386176 0.299893 0.230697 0.175797 0.132704 0.099234 0.073510 0.053944 0.039216 0.028243 0.020150 0.014242 0.009973 0.006919 0.004757 0.003241 0.002190 0.001469 0.000982 0.000660 0.000454 0.000333 0.000277 0.000277 
0.000219 0.000219 0.000265 0.000366 0.000537 0.000808 0.001220 0.001836 0.002742 0.004062 0.005964 0.008676 0.012504 0.017854 0.025257 0.035395 0.049141 0.067588 0.092090 0.124300 0.166204 0.220150 0.288867 0.375470 0.483445 0.616608 0.779037 0.974968 1.208656 1.484196 1.805316 2.175131 2.595882 3.068662 3.593148 4.167357 4.787440 5.447547 6.139761 6.854140 7.578857 8.300460 9.004233 9.674671 10.296021 10.852889 11.330869 11.717157 12.001125 12.174803 12.233253 12.174803 12.001125 11.717157 11.330869 10.852889 10.296021 9.674671 9.004233 8.300460 7.578857 6.854140 6.139761 5.447547 4.787440 4.167357 3.593148 3.068662 2.595882 2.175131 1.805316 1.484196 1.208656 0.974968 0.779037 0.616608 0.483445 0.375470 0.288867 0.220150 0.166204 0.124300 0.092090 0.067588 0.049141 0.035395 0.025257 0.017855 0.012505 0.008677 0.005966 0.004065 0.002747 0.001843 0.001233 0.000828 0.000570 0.000418 0.000347 0.000347 
0.000272 0.000272 0.000330 0.000455 0.000668 0.001004 0.001517 0.002282 0.003408 0.005047 0.007409 0.010776 0.015528 0.022170 0.031357 0.043938 0.060993 0.083878 0.114272 0.154222 0.206189 0.273081 0.358281 0.465645 0.599491 0.764543 0.965850 1.208656 1.498225 1.839626 2.237468 2.695605 3.216804 3.802412 4.452023 5.163175 5.931097 6.748541 7.605702 8.490268 9.387597 10.281034 11.152366 11.982400 12.751641 13.441035 14.032755 14.510958 14.862489 15.077488 15.149844 15.077488 14.862489 14.510958 14.032755 13.441035 12.751641 11.982400 11.152366 10.281034 9.387597 8.490268 7.605702 6.748541 5.931097 5.163175 4.452023 3.802412 3.216804 2.695605 2.237468 1.839626 1.498225 1.208656 0.965850 0.764543 0.599491 0.465645 0.358281 0.273081 0.206189 0.154222 0.114272 0.083878 0.060993 0.043938 0.031357 0.022170 0.015529 0.010777 0.007411 0.005051 0.003414 0.002291 0.001532 0.001030 0.000709 0.000520 0.000432 0.000432 
0.000336 0.000336 0.000406 0.000560 0.000823 0.001237 0.001867 0.002809 0.004194 0.006211 0.009116 0.013257 0.019101 0.027266 0.038560 0.054024 0.074985 0.103107 0.140451 0.189531 0.253368 0.335530 0.440167 0.572011 0.736358 0.939004 1.186141 1.484196 1.839626 2.258642 2.746893 3.309099 3.948647 4.667181 5.464197 6.336665 7.278729 8.281493 9.332927 10.417930 11.518542 12.614340 13.682991 14.700962 15.644348 16.489795 17.215444 17.801873 18.232958 18.496610 18.585340 18.496610 18.232958 17.801873 17.215444 16.489795 15.644348 14.700962 13.682991 12.614340 11.518542 10.417930 9.332927 8.281493 7.278729 6.336665 5.464197 4.667181 3.948647 3.309099 2.746893 2.258642 1.839626 1.484196 1.186141 0.939004 0.736358 0.572011 0.440167 0.335530 0.253368 0.189531 0.140451 0.103107 0.074985 0.054024 0.038560 0.027266 0.019102 0.013258 0.009118 0.006215 0.004201 0.002820 0.001887 0.001268 0.000873 0.000640 0.000532 0.000532 
0.000410 0.000410 0.000496 0.000683 0.001003 0.001508 0.002277 0.003424 0.005113 0.007570 0.011109 0.016153 0.023271 0.033214 0.046966 0.065793 0.091309 0.125539 0.170988 0.230714 0.308388 0.408350 0.535642 0.696016 0.895908 1.142360 1.442893 1.805316 2.237468 2.746893 3.340448 4.023859 4.801234 5.674562 6.643220 7.703520 8.848339 10.066861 11.344467 12.662805 14.000058 15.331415 16.629748 17.866472 19.012557 20.039636 20.921165 21.633557 22.157233 22.477511 22.585298 22.477511 22.157233 21.633557 20.921165 20.039636 19.012557 17.866472 16.629748 15.331415 14.000058 12.662805 11.344467 10.066861 8.848339 7.703520 6.643220 5.674562 4.801234 4.023859 3.340448 2.746893 2.237468 1.805316 1.442893 1.142360 0.895908 0.696016 0.535642 0.408350 0.308388 0.230714 0.170988 0.125539 0.091309 0.065793 0.046966 0.033215 0.023272 0.016155 0.011112 0.007576 0.005122 0.003439 0.002300 0.001546 0.001065 0.000781 0.000650 0.000650 
0.000495 0.000495 0.000599 0.000826 0.001212 0.001822 0.002750 0.004135 0.006173 0.009139 0.013409 0.019494 0.028081 0.040074 0.056659 0.079363 0.110129 0.151397 0.206185 0.278176 0.371792 0.492257 0.645643 0.838875 1.079700 1.376592 1.738604 2.175131 2.695605 3.309099 4.023859 4.846768 5.782762 6.834224 8.000394 9.276823 10.654930 12.121689 13.659501 15.246278 16.855762 18.458094 20.020634 21.508988 22.888228 24.124227 25.185051 26.042327 26.672499 27.057908 27.187612 27.057908 26.672499 26.042327 25.185051 24.124227 22.888228 21.508988 20.020634 18.458094 16.855762 15.246278 13.659501 12.121689 10.654930 9.276823 8.000394 6.834224 5.782762 4.846768 4.023859 3.309099 2.695605 2.175131 1.738604 1.376592 1.079700 0.838875 0.645643 0.492257 0.371792 0.278176 0.206185 0.151397 0.110129 0.079363 0.056660 0.040075 0.028082 0.019497 0.013413 0.009145 0.006184 0.004152 0.002778 0.001868 0.001286 0.000944 0.000785 0.000785 
0.000593 0.000593 0.000717 0.000988 0.001450 0.002180 0.003289 0.004945 0.007382 0.010927 0.016030 0.023302 0.033561 0.047890 0.067702 0.094820 0.131563 0.180844 0.246263 0.332214 0.443972 0.587769 0.770847 1.001464 1.288856 1.643128 2.075070 2.595882 3.216804 3.948647 4.801234 5.782762 6.899105 8.153093 9.543807 11.065932 12.709228 14.458158 16.291733 18.183619 20.102508 22.012811 23.875620 25.649941 27.294147 28.767565 30.032140 31.054058 31.805249 32.264669 32.419281 32.264669 31.805249 31.054058 30.032140 28.767565 27.294147 25.649941 23.875620 22.012811 20.102508 18.183619 16.291733 14.458158 12.709228 11.065932 9.543807 8.153093 6.899105 5.782762 4.801234 3.948647 3.216804 2.595882 2.075070 1.643128 1.288856 1.001464 0.770847 0.587769 0.443972 0.332214 0.246263 0.180844 0.131564 0.094820 0.067702 0.047891 0.033563 0.023305 0.016034 0.010934 0.007394 0.004966 0.003323 0.002235 0.001539 0.001129 0.000940 0.000940 
0.000702 0.000702 0.000850 0.001171 0.001719 0.002582 0.003896 0.005857 0.008742 0.012939 0.018980 0.027587 0.039728 0.056683 0.080124 0.112206 0.155671 0.213961 0.291331 0.392975 0.525125 0.695145 0.911589 1.184214 1.523929 1.942667 2.453170 3.068662 3.802412 4.667181 5.674562 6.834224 8.153093 9.634497 11.277339 13.075329 15.016363 17.082081 19.247693 21.482092 23.748309 26.004317 28.204176 30.299486 32.241100 33.981003 35.474268 36.680979 37.567999 38.110487 38.293054 38.110487 37.567999 36.680979 35.474268 33.981003 32.241100 30.299486 28.204176 26.004317 23.748309 21.482092 19.247693 17.082081 15.016363 13.075329 11.277339 9.634497 8.153093 6.834224 5.674562 4.667181 3.802412 3.068662 2.453170 1.942667 1.523929 1.184214 0.911589 0.695145 0.525125 0.392975 0.291331 0.213961 0.155672 0.112207 0.080125 0.056685 0.039730 0.027590 0.018985 0.012948 0.008757 0.005882 0.003937 0.002648 0.001824 0.001338 0.001114 0.001114 
0.000825 0.000825 0.000998 0.001375 0.002017 0.003030 0.004572 0.006871 0.010254 0.015175 0.022257 0.032348 0.046579 0.066451 0.093921 0.131514 0.182441 0.250729 0.341365 0.460423 0.615201 0.814317 1.067782 1.387011 1.784767 2.275012 2.872650 3.593148 4.452023 5.464197 6.643220 8.000394 9.543807 11.277339 13.199691 15.303493 17.574569 19.991436 22.525082 25.139116 27.790292 30.429448 33.002853 35.453900 37.725113 39.760337 41.507036 42.918530 43.956073 44.590615 44.804161 44.590615 43.956073 42.918530 41.507036 39.760337 37.725113 35.453900 33.002853 30.429448 27.790292 25.139116 22.525082 19.991436 17.574569 15.303493 13.199691 11.277339 9.543807 8.000394 6.643220 5.464197 4.452023 3.593148 2.872650 2.275012 1.784767 1.387011 1.067782 0.814318 0.615201 0.460424 0.341365 0.250729 0.182441 0.131515 0.093922 0.066452 0.046581 0.032351 0.022264 0.015186 0.010272 0.006900 0.004619 0.003107 0.002141 0.001571 0.001307 0.001307 
0.000959 0.000959 0.001161 0.001598 0.002345 0.003521 0.005312 0.007983 0.011913 0.017627 0.025851 0.037566 0.054088 0.077156 0.109042 0.152673 0.211773 0.291015 0.396179 0.534310 0.713868 0.944844 1.238842 1.609094 2.070391 2.638912 3.331927 4.167357 5.163175 6.336665 7.703520 9.276823 11.065932 13.075329 15.303493 17.741866 20.374012 23.175020 26.111267 29.140578 32.212840 35.271093 38.253080 41.093222 43.724931 46.083158 48.107041 49.742508 50.944676 51.679896 51.927323 51.679896 50.944676 49.742508 48.107041 46.083158 43.724931 41.093222 38.253080 35.271093 32.212840 29.140578 26.111267 23.175020 20.374012 17.741866 15.303493 13.075329 11.065932 9.276823 7.703520 6.336665 5.163175 4.167357 3.331927 2.638912 2.070391 1.609094 1.238842 0.944844 0.713868 0.534310 0.396179 0.291015 0.211773 0.152673 0.109043 0.077158 0.054091 0.037571 0.025858 0.017639 0.011933 0.008017 0.005367 0.003611 0.002488 0.001826 0.001520 0.001520 
0.001104 0.001104 0.001336 0.001840 0.002699 0.004053 0.006113 0.009186 0.013706 0.020279 0.029737 0.043210 0.062207 0.088730 0.125387 0.175542 0.243474 0.334550 0.455409 0.614144 0.820468 1.085856 1.423630 1.848982 2.378892 3.031934 3.827928 4.787440 5.931097 7.278729 8.848339 10.654930 12.709228 15.016363 17.574569 20.374012 23.395805 26.611346 29.982030 33.459443 36.986064 40.496514 43.919345 47.179296 50.199952 52.906666 55.229599 57.106705 58.486482 59.330319 59.614299 59.330319 58.486482 57.106705 55.229599 52.906666 50.199952 47.179296 43.919345 40.496514 36.986064 33.459443 29.982030 26.611346 23.395805 20.374012 17.574569 15.016363 12.709228 10.654930 8.848339 7.278729 5.931097 4.787440 3.827928 3.031934 2.378892 1.848982 1.423630 1.085856 0.820469 0.614144 0.455409 0.334550 0.243474 0.175542 0.125387 0.088731 0.062210 0.043214 0.029746 0.020293 0.013730 0.009225 0.006177 0.004156 0.002864 0.002102 0.001750 0.001750 
0.001259 0.001259 0.001524 0.002097 0.003077 0.004620 0.006968 0.010469 0.015618 0.023106 0.033880 0.049224 0.070860 0.101063 0.142802 0.199908 0.277247 0.380927 0.518501 0.699176 0.934000 1.236026 1.620405 2.104415 2.707365 3.450372 4.355973 5.447547 6.748541 8.281493 10.066861 12.121689 14.458158 17.082081 19.991436 23.175020 26.611346 30.267878 34.100715 38.054802 42.064739 46.056197 49.947948 53.654435 57.088793 60.166170 62.807179 64.941294 66.509976 67.469339 67.792196 67.469339 66.509976 64.941294 62.807179 60.166170 57.088793 53.654435 49.947948 46.056197 42.064739 38.054802 34.100715 30.267878 26.611346 23.175020 19.991436 17.082081 14.458158 12.121689 10.066861 8.281493 6.748541 5.447547 4.355973 3.450372 2.707365 2.104415 1.620405 1.236026 0.934000 0.699176 0.518501 0.380927 0.277247 0.199908 0.142803 0.101064 0.070863 0.049230 0.033889 0.023122 0.015645 0.010513 0.007040 0.004737 0.003265 0.002397 0.001995 0.001995 
0.001422 0.001422 0.001721 0.002368 0.003474 0.005215 0.007865 0.011816 0.017626 0.026074 0.038229 0.055538 0.079943 0.114007 0.161081 0.225479 0.312687 0.429590 0.584698 0.788386 1.053104 1.393555 1.826811 2.372333 3.051871 3.889210 4.909731 6.139761 7.605702 9.332927 11.344467 13.659501 16.291733 19.247693 22.525082 26.111267 29.982030 34.100715 38.417865 42.871473 47.387877 51.883371 56.266482 60.440866 64.308709 67.774467 70.748754 73.152160 74.918772 75.999179 76.362770 75.999179 74.918772 73.152160 70.748754 67.774467 64.308709 60.440866 56.266482 51.883371 47.387877 42.871473 38.417865 34.100715 29.982030 26.111267 22.525082 19.247693 16.291733 13.659501 11.344467 9.332927 7.605702 6.139761 4.909731 3.889210 3.051871 2.372333 1.826811 1.393555 1.053104 0.788386 0.584698 0.429590 0.312688 0.225479 0.161082 0.114010 0.079946 0.055544 0.038240 0.026093 0.017657 0.011866 0.007947 0.005348 0.003686 0.002707 0.002253 0.002253 
0.001591 0.001591 0.001924 0.002648 0.003884 0.005831 0.008792 0.013208 0.019701 0.029142 0.042722 0.062061 0.089325 0.127378 0.179960 0.251887 0.349286 0.479840 0.653050 0.880494 1.176068 1.556181 2.039882 2.648886 3.407462 4.342145 5.481248 6.854140 8.490268 10.417930 12.662805 15.246278 18.183619 21.482092 25.139116 29.140578 33.459443 38.054802 42.871473 47.840270 52.879018 57.894337 62.784190 67.441111 71.755996 75.622277 78.940257 81.621366 83.592091 84.797322 85.202920 84.797322 83.592091 81.621366 78.940257 75.622277 71.755996 67.441111 62.784190 57.894337 52.879018 47.840270 42.871473 38.054802 33.459443 29.140578 25.139116 21.482092 18.183619 15.246278 12.662805 10.417930 8.490268 6.854140 5.481248 4.342145 3.407462 2.648886 2.039882 1.556181 1.176068 0.880494 0.653050 0.479840 0.349287 0.251888 0.179961 0.127381 0.089329 0.062068 0.042734 0.029162 0.019735 0.013264 0.008884 0.005979 0.004122 0.003027 0.002520 0.002520 
0.001762 0.001762 0.002131 0.002933 0.004301 0.006456 0.009734 0.014622 0.021809 0.032256 0.047285 0.068684 0.098851 0.140954 0.199126 0.278696 0.386437 0.530844 0.722423 0.973973 1.300855 1.721208 2.256088 2.929495 3.768249 4.801676 6.061062 7.578857 9.387597 11.518542 14.000058 16.855762 20.102508 23.748309 27.790292 32.212840 36.986064 42.064739 47.387877 52.879018 58.447351 63.989693 69.393296 74.539418 79.307514 83.579841 87.246248 90.208885 92.386532 93.718306 94.166488 93.718306 92.386532 90.208885 87.246248 83.579841 79.307514 74.539418 69.393296 63.989693 58.447351 52.879018 47.387877 42.064739 36.986064 32.212840 27.790292 23.748309 20.102508 16.855762 14.000058 11.518542 9.387597 7.578857 6.061062 4.801676 3.768249 2.929495 2.256088 1.721208 1.300855 0.973973 0.722423 0.530845 0.386437 0.278696 0.199127 0.140956 0.098856 0.068692 0.047298 0.032279 0.021846 0.014684 0.009836 0.006620 0.004564 0.003352 0.002791 0.002791 
0.001933 0.001933 0.002338 0.003217 0.004717 0.007080 0.010673 0.016031 0.023909 0.035361 0.051832 0.075285 0.108344 0.154480 0.218222 0.305405 0.423448 0.581654 0.791527 1.067085 1.425146 1.885571 2.471413 3.208946 4.127531 5.259270 6.638407 8.300460 10.281034 12.614340 15.331415 18.458094 22.012811 26.004317 30.429448 35.271093 40.496514 46.056197 51.883371 57.894337 63.989693 70.056497 75.971346 81.604280 86.823367 91.499745 95.512868 98.755645 101.139195 102.596886 103.087443 102.596886 101.139195 98.755645 95.512868 91.499745 86.823367 81.604280 75.971346 70.056497 63.989693 57.894337 51.883371 46.056197 40.496514 35.271093 30.429448 26.004317 22.012811 18.458094 15.331415 12.614340 10.281034 8.300460 6.638407 5.259270 4.127531 3.208946 2.471413 1.885571 1.425146 1.067085 0.791528 0.581654 0.423448 0.305406 0.218224 0.154483 0.108349 0.075294 0.051847 0.035386 0.023951 0.016099 0.010785 0.007260 0.005006 0.003676 0.003061 0.003061 
0.002100 0.002100 0.002539 0.003494 0.005122 0.007688 0.011590 0.017407 0.025960 0.038391 0.056271 0.081728 0.117609 0.167681 0.236857 0.331468 0.459562 0.631230 0.858950 1.157927 1.546401 2.045912 2.681459 3.481535 4.477977 5.705591 7.201508 9.004233 11.152366 13.682991 16.629748 20.020634 23.875620 28.204176 33.002853 38.253080 43.919345 49.947948 56.266482 62.784190 69.393296 75.971346 82.384551 88.492016 94.150712 99.220942 103.572024 107.087866 109.672116 111.252544 111.784405 111.252544 109.672116 107.087866 103.572024 99.220942 94.150712 88.492016 82.384551 75.971346 69.393296 62.784190 56.266482 49.947948 43.919345 38.253080 33.002853 28.204176 23.875620 20.020634 16.629748 13.682991 11.152366 9.004233 7.201508 5.705591 4.477977 3.481535 2.681459 2.045912 1.546401 1.157927 0.858951 0.631230 0.459562 0.331469 0.236859 0.167684 0.117615 0.081737 0.056287 0.038418 0.026005 0.017481 0.011711 0.007884 0.005437 0.003993 0.003325 0.003325 
