0.000000 0.000000 0.000000 0.000000 0.000000 0.000000 0.000000 0.000000 0.000000 0.000000 0.000000 0.000000 0.000000 0.000000 0.000000 0.000000 0.000000 0.000000 0.000000 0.000000 0.000000 0.000001 0.000001 0.000001 0.000002 0.000002 0.000003 0.000004 0.000005 0.000007 0.000009 0.000011 0.000015 0.000018 0.000023 0.000028 0.000033 0.000040 0.000046 0.000054 0.000062 0.000070 0.000078 0.000086 0.000093 0.000100 0.000106 0.000111 0.000115 0.000117 0.000118 0.000117 0.000115 0.000111 0.000106 0.000100 0.000093 0.000086 0.000078 0.000070 0.000062 0.000054 0.000046 0.000040 0.000033 0.000028 0.000023 0.000018 0.000015 0.000011 0.000009 0.000007 0.000005 0.000004 0.000003 0.000002 0.000002 0.000001 0.000001 0.000001 0.000000 0.000000 0.000000 0.000000 0.000000 0.000000 0.000000 0.000000 0.000000 0.000000 0.000000 0.000000 0.000000 0.000000 0.000000 0.000000 0.000000 0.000000 0.000000 0.000000 
0.000000 0.000000 0.000000 0.000000 0.000000 0.000000 0.000000 0.000000 0.000000 0.000000 0.000000 0.000000 0.000000 0.000000 0.000000 0.000000 0.000000 0.000000 0.000000 0.000000 0.000000 0.000001 0.000001 0.000001 0.000002 0.000002 0.000003 0.000004 0.000005 0.000007 0.000009 0.000011 0.000015 0.000018 0.000023 0.000028 0.000033 0.000040 0.000046 0.000054 0.000062 0.000070 0.000078 0.000086 0.000093 0.000100 0.000106 0.000111 0.000115 0.000117 0.000118 0.000117 0.000115 0.000111 0.000106 0.000100 0.000093 0.000086 0.000078 0.000070 0.000062 0.000054 0.000046 0.000040 0.000033 0.000028 0.000023 0.000018 0.000015 0.000011 0.000009 0.000007 0.000005 0.000004 0.000003 0.000002 0.000002 0.000001 0.000001 0.000001 0.000000 0.000000 0.000000 0.000000 0.000000 0.000000 0.000000 0.000000 0.000000 0.000000 0.000000 0.000000 0.000000 0.000000 0.000000 0.000000 0.000000 0.000000 0.000000 0.000000 
0.000000 0.000000 0.000000 0.000000 0.000000 0.000000 0.000000 0.000000 0.000000 0.000000 0.000000 0.000000 0.000000 0.000000 0.000000 0.000000 0.000000 0.000000 0.000000 0.000000 0.000000 0.000001 0.000001 0.000001 0.000002 0.000003 0.000004 0.000005 0.000007 0.000009 0.000012 0.000016 0.000020 0.000025 0.000031 0.000037 0.000045 0.000054 0.000063 0.000073 0.000084 0.000095 0.000106 0.000116 0.000127 0.000136 0.000144 0.000151 0.000156 0.000159 0.000160 0.000159 0.000156 0.000151 0.000144 0.000136 0.000127 0.000116 0.000106 0.000095 0.000084 0.000073 0.000063 0.000054 0.000045 0.000037 0.000031 0.000025 0.000020 0.000016 0.000012 0.000009 0.000007 0.000005 0.000004 0.000003 0.000002 0.000001 0.000001 0.000001 0.000000 0.000000 0.000000 0.000000 0.000000 0.000000 0.000000 0.000000 0.000000 0.000000 0.000000 0.000000 0.000000 0.000000 0.000000 0.000000 0.000000 0.000000 0.000000 0.000000 
0.000000 0.000000 0.000000 0.000000 0.000000 0.000000 0.000000 0.000000 0.000000 0.000000 0.000000 0.000000 0.000000 0.000000 0.000000 0.000000 0.000000 0.000000 0.000000 0.000001 0.000001 0.000001 0.000002 0.000002 0.000003 0.000005 0.000006 0.000009 0.000011 0.000015 0.000020 0.000025 0.000032 0.000040 0.000049 0.000060 0.000073 0.000087 0.000102 0.000118 0.000135 0.000152 0.000170 0.000187 0.000204 0.000218 0.000232 0.000242 0.000250 0.000255 0.000257 0.000255 0.000250 0.000242 0.000232 0.000218 0.000204 0.000187 0.000170 0.000152 0.000135 0.000118 0.000102 0.000087 0.000073 0.000060 0.000049 0.000040 0.000032 0.000025 0.000020 0.000015 0.000011 0.000009 0.000006 0.000005 0.000003 0.000002 0.000002 0.000001 0.000001 0.000001 0.000000 0.000000 0.000000 0.000000 0.000000 0.000000 0.000000 0.000000 0.000000 0.000000 0.000000 0.000000 0.000000 0.000000 0.000000 0.000000 0.000000 0.000000 
0.000000 0.000000 0.000000 0.000000 0.000000 0.000000 0.000000 0.000000 0.000000 0.000000 0.000000 0.000000 0.000000 0.000000 0.000000 0.000000 0.000000 0.000000 0.000001 0.000001 0.000001 0.000002 0.000003 0.000004 0.000006 0.000008 0.000011 0.000015 0.000020 0.000026 0.000034 0.000043 0.000055 0.000068 0.000085 0.000103 0.000124 0.000148 0.000173 0.000201 0.000230 0.000260 0.000290 0.000319 0.000347 0.000373 0.000395 0.000413 0.000426 0.000435 0.000438 0.000435 0.000426 0.000413 0.000395 0.000373 0.000347 0.000319 0.000290 0.000260 0.000230 0.000201 0.000173 0.000148 0.000124 0.000103 0.000085 0.000068 0.000055 0.000043 0.000034 0.000026 0.000020 0.000015 0.000011 0.000008 0.000006 0.000004 0.000003 0.000002 0.000001 0.000001 0.000001 0.000000 0.000000 0.000000 0.000000 0.000000 0.000000 0.000000 0.000000 0.000000 0.000000 0.000000 0.000000 0.000000 0.000000 0.000000 0.000000 0.000000 
0.000000 0.000000 0.000000 0.000000 0.000000 0.000000 0.000000 0.000000 0.000000 0.000000 0.000000 0.000000 0.000000 0.000000 0.000000 0.000000 0.000000 0.000001 0.000001 0.000002 0.000002 0.000003 0.000005 0.000007 0.000010 0.000014 0.000019 0.000026 0.000034 0.000045 0.000058 0.000075 0.000095 0.000118 0.000146 0.000178 0.000215 0.000255 0.000300 0.000347 0.000397 0.000449 0.000500 0.000551 0.000599 0.000643 0.000681 0.000712 0.000736 0.000750 0.000755 0.000750 0.000736 0.000712 0.000681 0.000643 0.000599 0.000551 0.000500 0.000449 0.000397 0.000347 0.000300 0.000255 0.000215 0.000178 0.000146 0.000118 0.000095 0.000075 0.000058 0.000045 0.000034 0.000026 0.000019 0.000014 0.000010 0.000007 0.000005 0.000003 0.000002 0.000002 0.000001 0.000001 0.000000 0.000000 0.000000 0.000000 0.000000 0.000000 0.000000 0.000000 0.000000 0.000000 0.000000 0.000000 0.000000 0.000000 0.000000 0.000000 
0.000000 0.000000 0.000000 0.000000 0.000000 0.000000 0.000000 0.000000 0.000000 0.000000 0.000000 0.000000 0.000000 0.000000 0.000000 0.000001 0.000001 0.000001 0.000002 0.000003 0.000004 0.000006 0.000009 0.000012 0.000017 0.000024 0.000033 0.000044 0.000059 0.000077 0.000100 0.000129 0.000163 0.000204 0.000252 0.000307 0.000369 0.000439 0.000515 0.000597 0.000683 0.000771 0.000860 0.000946 0.001029 0.001104 0.001169 0.001223 0.001263 0.001287 0.001296 0.001287 0.001263 0.001223 0.001169 0.001104 0.001029 0.000946 0.000860 0.000771 0.000683 0.000597 0.000515 0.000439 0.000369 0.000307 0.000252 0.000204 0.000163 0.000129 0.000100 0.000077 0.000059 0.000044 0.000033 0.000024 0.000017 0.000012 0.000009 0.000006 0.000004 0.000003 0.000002 0.000001 0.000001 0.000001 0.000000 0.000000 0.000000 0.000000 0.000000 0.000000 0.000000 0.000000 0.000000 0.000000 0.000000 0.000000 0.000000 0.000000 
0.000000 0.000000 0.000000 0.000000 0.000000 0.000000 0.000000 0.000000 0.000000 0.000000 0.000000 0.000000 0.000000 0.000000 0.000001 0.000001 0.000001 0.000002 0.000003 0.000005 0.000007 0.000010 0.000015 0.000021 0.000029 0.000041 0.000056 0.000075 0.000100 0.000132 0.000171 0.000219 0.000278 0.000347 0.000429 0.000522 0.000629 0.000747 0.000877 0.001016 0.001162 0.001312 0.001463 0.001610 0.001750 0.001877 0.001989 0.002080 0.002147 0.002189 0.002203 0.002189 0.002147 0.002080 0.001989 0.001877 0.001750 0.001610 0.001463 0.001312 0.001162 0.001016 0.000877 0.000747 0.000629 0.000522 0.000429 0.000347 0.000278 0.000219 0.000171 0.000132 0.000100 0.000075 0.000056 0.000041 0.000029 0.000021 0.000015 0.000010 0.000007 0.000005 0.000003 0.000002 0.000001 0.000001 0.000001 0.000000 0.000000 0.000000 0.000000 0.000000 0.000000 0.000000 0.000000 0.000000 0.000000 0.000000 0.000000 0.000000 
0.000000 0.000000 0.000000 0.000000 0.000000 0.000000 0.000000 0.000000 0.000000 0.000000 0.000000 0.000000 0.000000 0.000001 0.000001 0.000002 0.000002 0.000004 0.000005 0.000008 0.000012 0.000018 0.000025 0.000036 0.000050 0.000069 0.000094 0.000127 0.000169 0.000222 0.000288 0.000370 0.000468 0.000585 0.000722 0.000880 0.001059 0.001258 0.001476 0.001710 0.001955 0.002207 0.002461 0.002708 0.002943 0.003157 0.003344 0.003497 0.003611 0.003681 0.003705 0.003681 0.003611 0.003497 0.003344 0.003157 0.002943 0.002708 0.002461 0.002207 0.001955 0.001710 0.001476 0.001258 0.001059 0.000880 0.000722 0.000585 0.000468 0.000370 0.000288 0.000222 0.000169 0.000127 0.000094 0.000069 0.000050 0.000036 0.000025 0.000018 0.000012 0.000008 0.000005 0.000004 0.000002 0.000002 0.000001 0.000001 0.000000 0.000000 0.000000 0.000000 0.000000 0.000000 0.000000 0.000000 0.000000 0.000000 0.000000 0.000000 
0.000000 0.000000 0.000000 0.000000 0.000000 0.000000 0.000000 0.000000 0.000000 0.000000 0.000000 0.000000 0.000001 0.000001 0.000002 0.000003 0.000004 0.000006 0.000009 0.000014 0.000020 0.000029 0.000042 0.000060 0.000083 0.000115 0.000157 0.000212 0.000282 0.000371 0.000481 0.000616 0.000780 0.000975 0.001203 0.001465 0.001763 0.002094 0.002456 0.002844 0.003252 0.003671 0.004092 0.004503 0.004892 0.005249 0.005559 0.005813 0.006002 0.006118 0.006157 0.006118 0.006002 0.005813 0.005559 0.005249 0.004892 0.004503 0.004092 0.003671 0.003252 0.002844 0.002456 0.002094 0.001763 0.001465 0.001203 0.000975 0.000780 0.000616 0.000481 0.000371 0.000282 0.000212 0.000157 0.000115 0.000083 0.000060 0.000042 0.000029 0.000020 0.000014 0.000009 0.000006 0.000004 0.000003 0.000002 0.000001 0.000001 0.000000 0.000000 0.000000 0.000000 0.000000 0.000000 0.000000 0.000000 0.000000 0.000000 0.000000 
0.000000 0.000000 0.000000 0.000000 0.000000 0.000000 0.000000 0.000000 0.000000 0.000000 0.000000 0.000001 0.000001 0.000002 0.000003 0.000004 0.000007 0.000010 0.000015 0.000023 0.000033 0.000048 0.000069 0.000098 0.000138 0.000190 0.000259 0.000349 0.000465 0.000611 0.000792 0.001015 0.001284 0.001605 0.001979 0.002411 0.002900 0.003444 0.004038 0.004676 0.005345 0.006033 0.006724 0.007399 0.008038 0.008622 0.009132 0.009549 0.009858 0.010049 0.010113 0.010049 0.009858 0.009549 0.009132 0.008622 0.008038 0.007399 0.006724 0.006033 0.005345 0.004676 0.004038 0.003444 0.002900 0.002411 0.001979 0.001605 0.001284 0.001015 0.000792 0.000611 0.000465 0.000349 0.000259 0.000190 0.000138 0.000098 0.000069 0.000048 0.000033 0.000023 0.000015 0.000010 0.000007 0.000004 0.000003 0.000002 0.000001 0.000001 0.000000 0.000000 0.000000 0.000000 0.000000 0.000000 0.000000 0.000000 0.000000 0.000000 
0.000000 0.000000 0.000000 0.000000 0.000000 0.000000 0.000000 0.000000 0.000000 0.000000 0.000001 0.000001 0.000002 0.000003 0.000004 0.000007 0.000011 0.000017 0.000025 0.000037 0.000054 0.000079 0.000113 0.000160 0.000224 0.000310 0.000423 0.000569 0.000757 0.000994 0.001290 0.001652 0.002090 0.002610 0.003219 0.003920 0.004714 0.005597 0.006562 0.007596 0.008682 0.009798 0.010919 0.012013 0.013050 0.013998 0.014824 0.015500 0.016002 0.016311 0.016415 0.016311 0.016002 0.015500 0.014824 0.013998 0.013050 0.012013 0.010919 0.009798 0.008682 0.007596 0.006562 0.005597 0.004714 0.003920 0.003219 0.002610 0.002090 0.001652 0.001290 0.000994 0.000757 0.000569 0.000423 0.000310 0.000224 0.000160 0.000113 0.000079 0.000054 0.000037 0.000025 0.000017 0.000011 0.000007 0.000004 0.000003 0.000002 0.000001 0.000001 0.000000 0.000000 0.000000 0.000000 0.000000 0.000000 0.000000 0.000000 0.000000 
0.000000 0.000000 0.000000 0.000000 0.000000 0.000000 0.000000 0.000000 0.000000 0.000001 0.000001 0.000002 0.000003 0.000005 0.000007 0.000011 0.000018 0.000027 0.000040 0.000060 0.000088 0.000128 0.000183 0.000259 0.000362 0.000499 0.000681 0.000916 0.001219 0.001600 0.002075 0.002657 0.003360 0.004195 0.005172 0.006297 0.007571 0.008988 0.010535 0.012194 0.013935 0.015725 0.017521 0.019275 0.020937 0.022455 0.023779 0.024862 0.025666 0.026161 0.026328 0.026161 0.025666 0.024862 0.023779 0.022455 0.020937 0.019275 0.017521 0.015725 0.013935 0.012194 0.010535 0.008988 0.007571 0.006297 0.005172 0.004195 0.003360 0.002657 0.002075 0.001600 0.001219 0.000916 0.000681 0.000499 0.000362 0.000259 0.000183 0.000128 0.000088 0.000060 0.000040 0.000027 0.000018 0.000011 0.000007 0.000005 0.000003 0.000002 0.000001 0.000001 0.000000 0.000000 0.000000 0.000000 0.000000 0.000000 0.000000 0.000000 
0.000000 0.000000 0.000000 0.000000 0.000000 0.000000 0.000000 0.000000 0.000001 0.000001 0.000002 0.000003 0.000005 0.000007 0.000012 0.000018 0.000028 0.000043 0.000064 0.000096 0.000140 0.000203 0.000291 0.000412 0.000576 0.000795 0.001083 0.001458 0.001938 0.002544 0.003298 0.004222 0.005337 0.006662 0.008212 0.009997 0.012016 0.014261 0.016714 0.019342 0.022101 0.024936 0.027780 0.030559 0.033191 0.035594 0.037690 0.039405 0.040678 0.041461 0.041726 0.041461 0.040678 0.039405 0.037690 0.035594 0.033191 0.030559 0.027780 0.024936 0.022101 0.019342 0.016714 0.014261 0.012016 0.009997 0.008212 0.006662 0.005337 0.004222 0.003298 0.002544 0.001938 0.001458 0.001083 0.000795 0.000576 0.000412 0.000291 0.000203 0.000140 0.000096 0.000064 0.000043 0.000028 0.000018 0.000012 0.000007 0.000005 0.000003 0.000002 0.000001 0.000001 0.000000 0.000000 0.000000 0.000000 0.000000 0.000000 0.000000 
0.000000 0.000000 0.000000 0.000000 0.000000 0.000000 0.000000 0.000001 0.000001 0.000002 0.000003 0.000004 0.000007 0.000012 0.000018 0.000029 0.000044 0.000067 0.000101 0.000151 0.000221 0.000320 0.000459 0.000649 0.000906 0.001250 0.001703 0.002291 0.003045 0.003996 0.005179 0.006628 0.008376 0.010454 0.012883 0.015679 0.018842 0.022359 0.026200 0.030315 0.034635 0.039072 0.043524 0.047871 0.051990 0.055750 0.059029 0.061712 0.063703 0.064929 0.065343 0.064929 0.063703 0.061712 0.059029 0.055750 0.051990 0.047871 0.043524 0.039072 0.034635 0.030315 0.026200 0.022359 0.018842 0.015679 0.012883 0.010454 0.008376 0.006628 0.005179 0.003996 0.003045 0.002291 0.001703 0.001250 0.000906 0.000649 0.000459 0.000320 0.000221 0.000151 0.000101 0.000067 0.000044 0.000029 0.000018 0.000012 0.000007 0.000004 0.000003 0.000002 0.000001 0.000001 0.000000 0.000000 0.000000 0.000000 0.000000 0.000000 
0.000000 0.000000 0.000000 0.000000 0.000000 0.000000 0.000001 0.000001 0.000002 0.000003 0.000004 0.000007 0.000011 0.000018 0.000029 0.000045 0.000069 0.000105 0.000158 0.000234 0.000344 0.000498 0.000714 0.001009 0.001408 0.001942 0.002645 0.003558 0.004727 0.006201 0.008035 0.010280 0.012989 0.016207 0.019969 0.024298 0.029194 0.034637 0.040580 0.046946 0.053628 0.060491 0.067375 0.074098 0.080465 0.086279 0.091348 0.095496 0.098574 0.100468 0.101107 0.100468 0.098574 0.095496 0.091348 0.086279 0.080465 0.074098 0.067375 0.060491 0.053628 0.046946 0.040580 0.034637 0.029194 0.024298 0.019969 0.016207 0.012989 0.010280 0.008035 0.006201 0.004727 0.003558 0.002645 0.001942 0.001408 0.001009 0.000714 0.000498 0.000344 0.000234 0.000158 0.000105 0.000069 0.000045 0.000029 0.000018 0.000011 0.000007 0.000004 0.000003 0.000002 0.000001 0.000001 0.000000 0.000000 0.000000 0.000000 0.000000 
0.000000 0.000000 0.000000 0.000000 0.000000 0.000000 0.000001 0.000001 0.000002 0.000004 0.000007 0.000011 0.000018 0.000028 0.000044 0.000069 0.000106 0.000162 0.000243 0.000361 0.000529 0.000766 0.001096 0.001550 0.002163 0.002982 0.004060 0.005459 0.007250 0.009509 0.012316 0.015754 0.019901 0.024825 0.030582 0.037203 0.044691 0.053015 0.062100 0.071831 0.082044 0.092533 0.103051 0.113322 0.123050 0.131932 0.139674 0.146009 0.150710 0.153603 0.154580 0.153603 0.150710 0.146009 0.139674 0.131932 0.123050 0.113322 0.103051 0.092533 0.082044 0.071831 0.062100 0.053015 0.044691 0.037203 0.030582 0.024825 0.019901 0.015754 0.012316 0.009509 0.007250 0.005459 0.004060 0.002982 0.002163 0.001550 0.001096 0.000766 0.000529 0.000361 0.000243 0.000162 0.000106 0.000069 0.000044 0.000028 0.000018 0.000011 0.000007 0.000004 0.000002 0.000001 0.000001 0.000000 0.000000 0.000000 0.000000 0.000000 
0.000000 0.000000 0.000000 0.000000 0.000000 0.000001 0.000001 0.000002 0.000004 0.000006 0.000010 0.000017 0.000027 0.000043 0.000067 0.000105 0.000162 0.000246 0.000369 0.000548 0.000804 0.001164 0.001665 0.002352 0.003281 0.004522 0.006155 0.008274 0.010985 0.014404 0.018652 0.023852 0.030124 0.037570 0.046272 0.056279 0.067594 0.080169 0.093894 0.108590 0.124013 0.139850 0.155730 0.171235 0.185919 0.199325 0.211010 0.220571 0.227665 0.232031 0.233504 0.232031 0.227665 0.220571 0.211010 0.199325 0.185919 0.171235 0.155730 0.139850 0.124013 0.108590 0.093894 0.080169 0.067594 0.056279 0.046272 0.037570 0.030124 0.023852 0.018652 0.014404 0.010985 0.008274 0.006155 0.004522 0.003281 0.002352 0.001665 0.001164 0.000804 0.000548 0.000369 0.000246 0.000162 0.000105 0.000067 0.000043 0.000027 0.000017 0.000010 0.000006 0.000004 0.000002 0.000001 0.000001 0.000000 0.000000 0.000000 0.000000 
0.000000 0.000000 0.000000 0.000000 0.000001 0.000001 0.000002 0.000003 0.000005 0.000009 0.000015 0.000025 0.000040 0.000064 0.000101 0.000158 0.000243 0.000369 0.000555 0.000823 0.001206 0.001746 0.002496 0.003526 0.004918 0.006775 0.009219 0.012389 0.016444 0.021556 0.027906 0.035679 0.045049 0.056172 0.069169 0.084111 0.101005 0.119776 0.140259 0.162190 0.185201 0.208827 0.232515 0.255642 0.277541 0.297533 0.314958 0.329215 0.339792 0.346302 0.348499 0.346302 0.339792 0.329215 0.314958 0.297533 0.277541 0.255642 0.232515 0.208827 0.185201 0.162190 0.140259 0.119776 0.101005 0.084111 0.069169 0.056172 0.045049 0.035679 0.027906 0.021556 0.016444 0.012389 0.009219 0.006775 0.004918 0.003526 0.002496 0.001746 0.001206 0.000823 0.000555 0.000369 0.000243 0.000158 0.000101 0.000064 0.000040 0.000025 0.000015 0.000009 0.000005 0.000003 0.000002 0.000001 0.000001 0.000000 0.000000 0.000000 
0.000000 0.000000 0.000000 0.000001 0.000001 0.000002 0.000003 0.000005 0.000008 0.000014 0.000023 0.000037 0.000060 0.000096 0.000151 0.000234 0.000361 0.000548 0.000823 0.001221 0.001788 0.002587 0.003698 0.005221 0.007281 0.010028 0.013641 0.018327 0.024318 0.031870 0.041248 0.052724 0.066556 0.082972 0.102150 0.124194 0.149112 0.176795 0.206998 0.239331 0.273253 0.308077 0.342988 0.377068 0.409337 0.438794 0.464467 0.485471 0.501054 0.510643 0.513880 0.510643 0.501054 0.485471 0.464467 0.438794 0.409337 0.377068 0.342988 0.308077 0.273253 0.239331 0.206998 0.176795 0.149112 0.124194 0.102150 0.082972 0.066556 0.052724 0.041248 0.031870 0.024318 0.018327 0.013641 0.010028 0.007281 0.005221 0.003698 0.002587 0.001788 0.001221 0.000823 0.000548 0.000361 0.000234 0.000151 0.000096 0.000060 0.000037 0.000023 0.000014 0.000008 0.000005 0.000003 0.000002 0.000001 0.000001 0.000000 0.000000 
0.000000 0.000000 0.000000 0.000001 0.000001 0.000002 0.000004 0.000007 0.000012 0.000020 0.000033 0.000054 0.000088 0.000140 0.000221 0.000344 0.000529 0.000804 0.001206 0.001788 0.002619 0.003788 0.005412 0.007639 0.010648 0.014662 0.019939 0.026781 0.035527 0.046547 0.060231 0.076971 0.097143 0.121079 0.149036 0.181166 0.217477 0.257811 0.301812 0.348908 0.398312 0.449024 0.499857 0.549477 0.596455 0.639335 0.676706 0.707279 0.729961 0.743918 0.748629 0.743918 0.729961 0.707279 0.676706 0.639335 0.596455 0.549477 0.499857 0.449024 0.398312 0.348908 0.301812 0.257811 0.217477 0.181166 0.149036 0.121079 0.097143 0.076971 0.060231 0.046547 0.035527 0.026781 0.019939 0.014662 0.010648 0.007639 0.005412 0.003788 0.002619 0.001788 0.001206 0.000804 0.000529 0.000344 0.000221 0.000140 0.000088 0.000054 0.000033 0.000020 0.000012 0.000007 0.000004 0.000002 0.000001 0.000001 0.000001 0.000001 
0.000001 0.000001 0.000001 0.000001 0.000002 0.000003 0.000006 0.000010 0.000018 0.000029 0.000048 0.000079 0.000128 0.000203 0.000320 0.000498 0.000766 0.001164 0.001746 0.002587 0.003788 0.005478 0.007824 0.011039 0.015384 0.021176 0.028790 0.038660 0.051273 0.067160 0.086883 0.111007 0.140070 0.174549 0.214812 0.261076 0.313353 0.371413 0.434740 0.502514 0.573600 0.646559 0.719686 0.791061 0.858631 0.920302 0.974047 1.018014 1.050630 1.070700 1.077476 1.070700 1.050630 1.018014 0.974047 0.920302 0.858631 0.791061 0.719686 0.646559 0.573600 0.502514 0.434740 0.371413 0.313353 0.261076 0.214812 0.174549 0.140070 0.111007 0.086883 0.067160 0.051273 0.038660 0.028790 0.021176 0.015384 0.011039 0.007824 0.005478 0.003788 0.002587 0.001746 0.001164 0.000766 0.000498 0.000320 0.000203 0.000128 0.000079 0.000048 0.000029 0.000018 0.000010 0.000006 0.000004 0.000002 0.000001 0.000001 0.000001 
0.000001 0.000001 0.000001 0.000002 0.000003 0.000005 0.000009 0.000015 0.000025 0.000042 0.000069 0.000113 0.000183 0.000291 0.000459 0.000714 0.001096 0.001665 0.002496 0.003698 0.005412 0.007824 0.011172 0.015759 0.021955 0.030213 0.041065 0.055128 0.073096 0.095724 0.123808 0.158150 0.199516 0.248581 0.305867 0.371678 0.446032 0.528596 0.618640 0.714993 0.816043 0.919745 1.023675 1.125106 1.221122 1.308752 1.385114 1.447579 1.493918 1.522432 1.532057 1.522432 1.493918 1.447579 1.385114 1.308752 1.221122 1.125106 1.023675 0.919745 0.816043 0.714993 0.618640 0.528596 0.446032 0.371678 0.305867 0.248581 0.199516 0.158150 0.123808 0.095724 0.073096 0.055128 0.041065 0.030213 0.021955 0.015759 0.011172 0.007824 0.005412 0.003698 0.002496 0.001665 0.001096 0.000714 0.000459 0.000291 0.000183 0.000113 0.000069 0.000042 0.000025 0.000015 0.000009 0.000005 0.000003 0.000002 0.000001 0.000001 
0.000001 0.000001 0.000001 0.000002 0.000004 0.000007 0.000012 0.000021 0.000036 0.000060 0.000098 0.000160 0.000259 0.000412 0.000649 0.001009 0.001550 0.002352 0.003526 0.005221 0.007639 0.011039 0.015759 0.022221 0.030950 0.042579 0.057859 0.077655 0.102940 0.134776 0.174280 0.222577 0.280740 0.349714 0.430232 0.522717 0.627190 0.743184 0.869666 1.004996 1.146905 1.292524 1.438447 1.580852 1.715644 1.838654 1.945842 2.033520 2.098561 2.138581 2.152090 2.138581 2.098561 2.033520 1.945842 1.838654 1.715644 1.580852 1.438447 1.292524 1.146905 1.004996 0.869666 0.743184 0.627190 0.522717 0.430232 0.349714 0.280740 0.222577 0.174280 0.134776 0.102940 0.077655 0.057859 0.042579 0.030950 0.022221 0.015759 0.011039 0.007639 0.005221 0.003526 0.002352 0.001550 0.001009 0.000649 0.000412 0.000259 0.000160 0.000098 0.000060 0.000036 0.000021 0.000012 0.000007 0.000004 0.000003 0.000002 0.000002 
0.000002 0.000002 0.000002 0.000003 0.000006 0.000010 0.000017 0.000029 0.000050 0.000083 0.000138 0.000224 0.000362 0.000576 0.000906 0.001408 0.002163 0.003281 0.004918 0.007281 0.010648 0.015384 0.021955 0.030950 0.043096 0.059274 0.080525 0.108050 0.143200 0.187447 0.242339 0.309435 0.390223 0.486010 0.597809 0.726202 0.871217 1.032200 1.207718 1.395489 1.592368 1.794372 1.996781 2.194292 2.381233 2.551822 2.700463 2.822043 2.912230 2.967721 2.986453 2.967721 2.912230 2.822043 2.700463 2.551822 2.381233 2.194292 1.996781 1.794372 1.592368 1.395489 1.207718 1.032200 0.871217 0.726202 0.597809 0.486010 0.390223 0.309435 0.242339 0.187447 0.143200 0.108050 0.080525 0.059274 0.043096 0.030950 0.021955 0.015384 0.010648 0.007281 0.004918 0.003281 0.002163 0.001408 0.000906 0.000576 0.000362 0.000224 0.000138 0.000083 0.000050 0.000030 0.000017 0.000010 0.000006 0.000004 0.000003 0.000003 
0.000002 0.000002 0.000003 0.000005 0.000008 0.000014 0.000024 0.000041 0.000069 0.000115 0.000190 0.000310 0.000499 0.000795 0.001250 0.001942 0.002982 0.004522 0.006775 0.010028 0.014662 0.021176 0.030213 0.042579 0.059274 0.081505 0.110699 0.148505 0.196773 0.257519 0.332865 0.424944 0.535792 0.667199 0.820545 0.996626 1.195472 1.416184 1.656792 1.914169 2.184000 2.460829 2.738189 3.008815 3.264941 3.498650 3.702279 3.868830 3.992372 4.068385 4.094044 4.068385 3.992372 3.868830 3.702279 3.498650 3.264941 3.008815 2.738189 2.460829 2.184000 1.914169 1.656792 1.416184 1.195472 0.996626 0.820545 0.667199 0.535792 0.424944 0.332865 0.257519 0.196773 0.148505 0.110699 0.081505 0.059274 0.042579 0.030213 0.021176 0.014662 0.010028 0.006775 0.004522 0.002982 0.001942 0.001250 0.000795 0.000499 0.000310 0.000190 0.000115 0.000069 0.000041 0.000024 0.000014 0.000008 0.000005 0.000004 0.000004 
0.000003 0.000003 0.000004 0.000006 0.000011 0.000019 0.000033 0.000056 0.000094 0.000157 0.000259 0.000423 0.000681 0.001083 0.001703 0.002645 0.004060 0.006155 0.009219 0.013641 0.019939 0.028790 0.041065 0.057859 0.080525 0.110699 0.150317 0.201608 0.267080 0.349461 0.451620 0.576445 0.726687 0.904763 1.112538 1.351082 1.620429 1.919354 2.245187 2.593690 2.959017 3.333784 3.709238 4.075549 4.422210 4.738513 5.014093 5.239485 5.406668 5.509532 5.544253 5.509532 5.406668 5.239485 5.014093 4.738513 4.422210 4.075549 3.709238 3.333784 2.959017 2.593690 2.245187 1.919354 1.620429 1.351082 1.112538 0.904763 0.726687 0.576445 0.451620 0.349461 0.267080 0.201608 0.150317 0.110699 0.080525 0.057859 0.041065 0.028790 0.019939 0.013641 0.009219 0.006155 0.004060 0.002645 0.001703 0.001083 0.000681 0.000423 0.000259 0.000157 0.000094 0.000056 0.000033 0.000019 0.000011 0.000007 0.000005 0.000005 
0.000004 0.000004 0.000005 0.000009 0.000015 0.000026 0.000044 0.000075 0.000127 0.000212 0.000349 0.000569 0.000916 0.001458 0.002291 0.003558 0.005459 0.008274 0.012389 0.018327 0.026781 0.038660 0.055128 0.077655 0.108050 0.148505 0.201608 0.270345 0.358067 0.468422 0.605246 0.772398 0.973550 1.211929 1.490022 1.809251 2.169654 2.569584 3.005463 3.471616 3.960227 4.461417 4.963485 5.453293 5.916795 6.339685 6.708112 7.009432 7.232927 7.370436 7.416852 7.370436 7.232927 7.009432 6.708112 6.339685 5.916795 5.453293 4.963485 4.461417 3.960227 3.471616 3.005463 2.569584 2.169654 1.809251 1.490022 1.211929 0.973550 0.772398 0.605246 0.468422 0.358067 0.270345 0.201608 0.148505 0.108050 0.077655 0.055128 0.038660 0.026781 0.018327 0.012389 0.008274 0.005459 0.003558 0.002291 0.001458 0.000916 0.000569 0.000349 0.000212 0.000127 0.000075 0.000044 0.000026 0.000015 0.000010 0.000007 0.000007 
0.000005 0.000005 0.000007 0.000011 0.000020 0.000034 0.000059 0.000100 0.000169 0.000282 0.000465 0.000757 0.001219 0.001938 0.003045 0.004727 0.007250 0.010985 0.016444 0.024318 0.035527 0.051273 0.073096 0.102940 0.143200 0.196773 0.267080 0.358067 0.474161 0.620181 0.801192 1.022287 1.288311 1.603520 1.971188 2.393184 2.869548 3.398093 3.974082 4.590015 5.235559 5.897666 6.560880 7.207855 7.820047 8.378568 8.865138 9.263069 9.558214 9.739804 9.801099 9.739804 9.558214 9.263069 8.865138 8.378568 7.820047 7.207855 6.560880 5.897666 5.235559 4.590015 3.974082 3.398093 2.869548 2.393184 1.971188 1.603520 1.288311 1.022287 0.801192 0.620181 0.474161 0.358067 0.267080 0.196773 0.143200 0.102940 0.073096 0.051273 0.035527 0.024318 0.016444 0.010985 0.007250 0.004727 0.003045 0.001938 0.001219 0.000757 0.000465 0.000282 0.000169 0.000100 0.000059 0.000034 0.000020 0.000013 0.000009 0.000009 
0.000007 0.000007 0.000009 0.000015 0.000026 0.000045 0.000077 0.000132 0.000222 0.000371 0.000611 0.000994 0.001600 0.002544 0.003996 0.006201 0.009509 0.014404 0.021556 0.031870 0.046547 0.067160 0.095724 0.134776 0.187447 0.257519 0.349461 0.468422 0.620181 0.811026 1.047562 1.336430 1.683946 2.095652 2.575810 3.126845 3.748796 4.438796 5.190653 5.994570 6.837058 7.701091 8.566506 9.410674 10.209411 10.938087 11.572865 12.091988 12.477012 12.713896 12.793854 12.713896 12.477012 12.091988 11.572865 10.938087 10.209411 9.410674 8.566506 7.701091 6.837058 5.994570 5.190653 4.438796 3.748796 3.126845 2.575810 2.095652 1.683946 1.336430 1.047562 0.811026 0.620181 0.468422 0.349461 0.257519 0.187447 0.134776 0.095724 0.067160 0.046547 0.031870 0.021556 0.014404 0.009509 0.006201 0.003996 0.002544 0.001600 0.000994 0.000611 0.000371 0.000222 0.000132 0.000077 0.000045 0.000027 0.000017 0.000012 0.000012 
0.000009 0.000009 0.000012 0.000020 0.000034 0.000058 0.000100 0.000171 0.000288 0.000481 0.000792 0.001290 0.002075 0.003298 0.005179 0.008035 0.012316 0.018652 0.027906 0.041248 0.060231 0.086883 0.123808 0.174280 0.242339 0.332865 0.451620 0.605246 0.801192 1.047562 1.352866 1.725658 2.174070 2.705235 3.324629 4.035365 4.837474 5.727246 6.696686 7.733152 8.819255 9.933043 11.048534 12.136570 13.165994 14.105078 14.923118 15.592092 16.088246 16.393497 16.496532 16.393497 16.088246 15.592092 14.923118 14.105078 13.165994 12.136570 11.048534 9.933043 8.819255 7.733152 6.696686 5.727246 4.837474 4.035365 3.324629 2.705235 2.174070 1.725658 1.352866 1.047562 0.801192 0.605246 0.451620 0.332865 0.242339 0.174280 0.123808 0.086883 0.060231 0.041248 0.027906 0.018652 0.012316 0.008035 0.005179 0.003298 0.002075 0.001290 0.000792 0.000481 0.000289 0.000171 0.000101 0.000059 0.000035 0.000022 0.000016 0.000016 
0.000011 0.000011 0.000016 0.000025 0.000043 0.000075 0.000129 0.000219 0.000370 0.000616 0.001015 0.001652 0.002657 0.004222 0.006628 0.010280 0.015754 0.023852 0.035679 0.052724 0.076971 0.111007 0.158150 0.222577 0.309435 0.424944 0.576445 0.772398 1.022287 1.336430 1.725658 2.200856 2.772364 3.449251 4.238473 5.143972 6.165770 7.299122 8.533829 9.853786 11.236841 12.655046 14.075322 15.460558 16.771104 17.966586 19.007937 19.859502 20.491063 20.879617 21.010768 20.879617 20.491063 19.859502 19.007937 17.966586 16.771104 15.460558 14.075322 12.655046 11.236841 9.853786 8.533829 7.299122 6.165770 5.143972 4.238473 3.449251 2.772364 2.200856 1.725658 1.336430 1.022287 0.772398 0.576445 0.424944 0.309435 0.222577 0.158150 0.111007 0.076971 0.052724 0.035679 0.023852 0.015754 0.010280 0.006628 0.004222 0.002657 0.001652 0.001015 0.000616 0.000370 0.000220 0.000129 0.000076 0.000045 0.000028 0.000021 0.000021 
0.000015 0.000015 0.000020 0.000032 0.000055 0.000095 0.000163 0.000278 0.000468 0.000780 0.001284 0.002090 0.003360 0.005337 0.008376 0.012989 0.019901 0.030124 0.045049 0.066556 0.097143 0.140070 0.199516 0.280740 0.390223 0.535792 0.726687 0.973550 1.288311 1.683946 2.174070 2.772364 3.491821 4.343827 5.337111 6.476608 7.762319 9.188256 10.741571 12.401991 14.141649 15.925392 17.711627 19.453693 21.101747 22.605040 23.914470 24.985227 25.779334 26.267883 26.432785 26.267883 25.779334 24.985227 23.914470 22.605040 21.101747 19.453693 17.711627 15.925392 14.141649 12.401991 10.741571 9.188256 7.762319 6.476608 5.337111 4.343827 3.491821 2.772364 2.174070 1.683946 1.288311 0.973550 0.726687 0.535792 0.390223 0.280740 0.199516 0.140070 0.097143 0.066556 0.045049 0.030124 0.019901 0.012989 0.008376 0.005337 0.003360 0.002090 0.001284 0.000780 0.000468 0.000278 0.000163 0.000096 0.000057 0.000036 0.000026 0.000026 
0.000018 0.000018 0.000025 0.000040 0.000068 0.000118 0.000204 0.000347 0.000585 0.000975 0.001605 0.002610 0.004195 0.006662 0.010454 0.016207 0.024825 0.037570 0.056172 0.082972 0.121079 0.174549 0.248581 0.349714 0.486010 0.667199 0.904763 1.211929 1.603520 2.095652 2.705235 3.449251 4.343827 5.403087 6.637852 8.054223 9.652175 11.424239 13.354431 15.417550 17.578964 19.795002 22.013999 24.178012 26.225145 28.092387 29.718776 31.048684 32.034965 32.641735 32.846539 32.641735 32.034965 31.048684 29.718776 28.092387 26.225145 24.178012 22.013999 19.795002 17.578964 15.417550 13.354431 11.424239 9.652175 8.054223 6.637852 5.403087 4.343827 3.449251 2.705235 2.095652 1.603520 1.211929 0.904763 0.667199 0.486010 0.349714 0.248581 0.174549 0.121079 0.082972 0.056172 0.037570 0.024825 0.016207 0.010454 0.006662 0.004195 0.002610 0.001605 0.000975 0.000585 0.000348 0.000204 0.000120 0.000071 0.000045 0.000033 0.000033 
0.000023 0.000023 0.000031 0.000049 0.000085 0.000146 0.000252 0.000429 0.000722 0.001203 0.001979 0.003219 0.005172 0.008212 0.012883 0.019969 0.030582 0.046272 0.069169 0.102150 0.149036 0.214812 0.305867 0.430232 0.597809 0.820545 1.112538 1.490022 1.971188 2.575810 3.324629 4.238473 5.337111 6.637852 8.153942 9.892841 11.854481 14.029669 16.398762 18.930813 21.583316 24.302682 27.025524 29.680761 32.192475 34.483386 36.478733 38.110297 39.320269 40.064646 40.315895 40.064646 39.320269 38.110297 36.478733 34.483386 32.192475 29.680761 27.025524 24.302682 21.583316 18.930813 16.398762 14.029669 11.854481 9.892841 8.153942 6.637852 5.337111 4.238473 3.324629 2.575810 1.971188 1.490022 1.112538 0.820545 0.597809 0.430232 0.305867 0.214812 0.149036 0.102150 0.069169 0.046272 0.030582 0.019969 0.012883 0.008212 0.005172 0.003219 0.001979 0.001203 0.000722 0.000429 0.000252 0.000148 0.000088 0.000055 0.000041 0.000041 
0.000028 0.000028 0.000037 0.000060 0.000103 0.000178 0.000307 0.000522 0.000880 0.001465 0.002411 0.003920 0.006297 0.009997 0.015679 0.024298 0.037203 0.056279 0.084111 0.124194 0.181166 0.261076 0.371678 0.522717 0.726202 0.996626 1.351082 1.809251 2.393184 3.126845 4.035365 5.143972 6.476608 8.054223 9.892841 12.001465 14.379978 17.017199 19.889291 22.958720 26.173954 29.470038 32.770158 35.988187 39.032144 41.808409 44.226420 46.203543 47.669755 48.571761 48.876213 48.571761 47.669755 46.203543 44.226420 41.808409 39.032144 35.988187 32.770158 29.470038 26.173954 22.958720 19.889291 17.017199 14.379978 12.001465 9.892841 8.054223 6.476608 5.143972 4.035365 3.126845 2.393184 1.809251 1.351082 0.996626 0.726202 0.522717 0.371678 0.261076 0.181166 0.124194 0.084111 0.056279 0.037203 0.024298 0.015679 0.009997 0.006297 0.003920 0.002411 0.001465 0.000880 0.000523 0.000308 0.000180 0.000107 0.000067 0.000050 0.000050 
0.000033 0.000033 0.000045 0.000073 0.000124 0.000215 0.000369 0.000629 0.001059 0.001763 0.002900 0.004714 0.007571 0.012016 0.018842 0.029194 0.044691 0.067594 0.101005 0.149112 0.217477 0.313353 0.446032 0.627190 0.871217 1.195472 1.620429 2.169654 2.869548 3.748796 4.837474 6.165770 7.762319 9.652175 11.854481 14.379978 17.228482 20.386568 23.825663 27.500808 31.350292 35.296356 39.247053 43.099303 46.743033 50.066213 52.960483 55.326973 57.081907 58.161520 58.525918 58.161520 57.081907 55.326973 52.960483 50.066213 46.743033 43.099303 39.247053 35.296356 31.350292 27.500808 23.825663 20.386568 17.228482 14.379978 11.854481 9.652175 7.762319 6.165770 4.837474 3.748796 2.869548 2.169654 1.620429 1.195472 0.871217 0.627190 0.446032 0.313353 0.217477 0.149112 0.101005 0.067594 0.044691 0.029194 0.018842 0.012016 0.007571 0.004714 0.002900 0.001763 0.001059 0.000630 0.000371 0.000217 0.000129 0.000081 0.000060 0.000060 
0.000040 0.000040 0.000054 0.000087 0.000148 0.000255 0.000439 0.000747 0.001258 0.002094 0.003444 0.005597 0.008988 0.014261 0.022359 0.034637 0.053015 0.080169 0.119776 0.176795 0.257811 0.371413 0.528596 0.743184 1.032200 1.416184 1.919354 2.569584 3.398093 4.438796 5.727246 7.299122 9.188256 11.424239 14.029669 17.017199 20.386568 24.121855 28.189237 32.535521 37.087721 41.753888 46.425315 50.980145 55.288268 59.217270 62.639080 65.436855 67.511586 68.787922 69.218716 68.787922 67.511586 65.436855 62.639080 59.217270 55.288268 50.980145 46.425315 41.753888 37.087721 32.535521 28.189237 24.121855 20.386568 17.017199 14.029669 11.424239 9.188256 7.299122 5.727246 4.438796 3.398093 2.569584 1.919354 1.416184 1.032200 0.743184 0.528596 0.371413 0.257811 0.176795 0.119776 0.080169 0.053015 0.034637 0.022360 0.014261 0.008988 0.005597 0.003444 0.002094 0.001259 0.000748 0.000440 0.000258 0.000153 0.000096 0.000072 0.000072 
0.000046 0.000046 0.000063 0.000102 0.000173 0.000300 0.000515 0.000877 0.001476 0.002456 0.004038 0.006562 0.010535 0.016714 0.026200 0.040580 0.062100 0.093894 0.140259 0.206998 0.301812 0.434740 0.618640 0.869666 1.207718 1.656792 2.245187 3.005463 3.974082 5.190653 6.696686 8.533829 10.741571 13.354431 16.398762 19.889291 23.825663 28.189237 32.940468 38.017198 43.334170 48.783992 54.239721 59.559072 64.590135 69.178326 73.174135 76.441165 78.863844 80.354216 80.857251 80.354216 78.863844 76.441165 73.174135 69.178326 64.590135 59.559072 54.239721 48.783992 43.334170 38.017198 32.940468 28.189237 23.825663 19.889291 16.398762 13.354431 10.741571 8.533829 6.696686 5.190653 3.974082 3.005463 2.245187 1.656792 1.207718 0.869666 0.618640 0.434740 0.301812 0.206998 0.140259 0.093894 0.062100 0.040580 0.026200 0.016714 0.010535 0.006562 0.004038 0.002456 0.001476 0.000878 0.000517 0.000303 0.000180 0.000113 0.000084 0.000084 
0.000054 0.000054 0.000073 0.000118 0.000201 0.000347 0.000597 0.001016 0.001710 0.002844 0.004676 0.007596 0.012194 0.019342 0.030315 0.046946 0.071831 0.108590 0.162190 0.239331 0.348908 0.502514 0.714993 1.004996 1.395489 1.914169 2.593690 3.471616 4.590015 5.994570 7.733152 9.853786 12.401991 15.417550 18.930813 22.958720 27.500808 32.535521 38.017198 43.874105 50.007874 56.294623 62.587935 68.723713 74.526776 79.818869 84.427596 88.195689 90.989896 92.708809 93.288978 92.708809 90.989896 88.195689 84.427596 79.818869 74.526776 68.723713 62.587935 56.294623 50.007874 43.874105 38.017198 32.535521 27.500808 22.958720 18.930813 15.417550 12.401991 9.853786 7.733152 5.994570 4.590015 3.471616 2.593690 1.914169 1.395489 1.004996 0.714993 0.502514 0.348908 0.239331 0.162190 0.108590 0.071831 0.046946 0.030315 0.019342 0.012194 0.007596 0.004676 0.002844 0.001710 0.001017 0.000599 0.000351 0.000208 0.000131 0.000098 0.000098 
0.000062 0.000062 0.000084 0.000135 0.000230 0.000397 0.000683 0.001162 0.001955 0.003252 0.005345 0.008682 0.013935 0.022101 0.034635 0.053628 0.082044 0.124013 0.185201 0.273253 0.398312 0.573600 0.816043 1.146905 1.592368 2.184000 2.959017 3.960227 5.235559 6.837058 8.819255 11.236841 14.141649 17.578964 21.583316 26.173954 31.350292 37.087721 43.334170 50.007874 56.996740 64.159622 71.329719 78.320109 84.931254 90.960129 96.210391 100.502934 103.686005 105.644119 106.305021 105.644119 103.686005 100.502934 96.210391 90.960129 84.931254 78.320109 71.329719 64.159622 56.996740 50.007874 43.334170 37.087721 31.350292 26.173954 21.583316 17.578964 14.141649 11.236841 8.819255 6.837058 5.235559 3.960227 2.959017 2.184000 1.592368 1.146905 0.816043 0.573600 0.398312 0.273253 0.185201 0.124013 0.082044 0.053628 0.034635 0.022101 0.013935 0.008682 0.005345 0.003252 0.001956 0.001163 0.000685 0.000402 0.000239 0.000150 0.000112 0.000112 
0.000070 0.000070 0.000095 0.000152 0.000260 0.000449 0.000771 0.001312 0.002207 0.003671 0.006033 0.009798 0.015725 0.024936 0.039072 0.060491 0.092533 0.139850 0.208827 0.308077 0.449024 0.646559 0.919745 1.292524 1.794372 2.460829 3.333784 4.461417 5.897666 7.701091 9.933043 12.655046 15.925392 19.795002 24.302682 29.470038 35.296356 41.753888 48.783992 56.294623 64.159622 72.220156 80.288543 88.154477 95.593477 102.377142 108.284609 113.114401 116.695822 118.898971 119.642574 118.898971 116.695822 113.114401 108.284609 102.377142 95.593477 88.154477 80.288543 72.220156 64.159622 56.294623 48.783992 41.753888 35.296356 29.470038 24.302682 19.795002 15.925392 12.655046 9.933043 7.701091 5.897666 4.461417 3.333784 2.460829 1.794372 1.292524 0.919745 0.646559 0.449024 0.308077 0.208827 0.139850 0.092533 0.060491 0.039072 0.024936 0.015725 0.009799 0.006033 0.003671 0.002208 0.001313 0.000774 0.000454 0.000270 0.000170 0.000126 0.000126 
0.000078 0.000078 0.000106 0.000170 0.000290 0.000500 0.000860 0.001463 0.002461 0.004092 0.006724 0.010919 0.017521 0.027780 0.043524 0.067375 0.103051 0.155730 0.232515 0.342988 0.499857 0.719686 1.023675 1.438447 1.996781 2.738189 3.709238 4.963485 6.560880 8.566506 11.048534 14.075322 17.711627 22.013999 27.025524 32.770158 39.247053 46.425315 54.239721 62.587935 71.329719 80.288543 89.255831 97.997880 106.265252 113.804166 120.369223 125.736574 129.716570 132.164891 132.991241 132.164891 129.716570 125.736574 120.369223 113.804166 106.265252 97.997880 89.255831 80.288543 71.329719 62.587935 54.239721 46.425315 39.247053 32.770158 27.025524 22.013999 17.711627 14.075322 11.048534 8.566506 6.560880 4.963485 3.709238 2.738189 1.996781 1.438447 1.023675 0.719686 0.499857 0.342988 0.232515 0.155730 0.103051 0.067375 0.043524 0.027780 0.017521 0.010919 0.006724 0.004092 0.002461 0.001464 0.000863 0.000506 0.000301 0.000190 0.000141 0.000141 
