0.000000 0.000000 0.000000 0.000000 0.000000 0.000000 0.000001 0.000001 0.000001 0.000002 0.000003 0.000004 0.000005 0.000008 0.000011 0.000015 0.000021 0.000028 0.000038 0.000051 0.000068 0.000089 0.000116 0.000150 0.000191 0.000242 0.000304 0.000378 0.000466 0.000570 0.000689 0.000826 0.000981 0.001155 0.001346 0.001555 0.001780 0.002018 0.002267 0.002523 0.002783 0.003040 0.003290 0.003528 0.003749 0.003946 0.004115 0.004251 0.004351 0.004412 0.004433 0.004412 0.004351 0.004251 0.004115 0.003946 0.003749 0.003528 0.003290 0.003040 0.002783 0.002523 0.002267 0.002018 0.001780 0.001555 0.001346 0.001155 0.000981 0.000826 0.000689 0.000570 0.000466 0.000378 0.000304 0.000242 0.000191 0.000150 0.000116 0.000089 0.000068 0.000051 0.000038 0.000028 0.000021 0.000015 0.000011 0.000008 0.000005 0.000004 0.000003 0.000002 0.000001 0.000001 0.000001 0.000000 0.000000 0.000000 0.000000 0.000000 
0.000000 0.000000 0.000000 0.000000 0.000000 0.000000 0.000001 0.000001 0.000001 0.000002 0.000003 0.000004 0.000005 0.000008 0.000011 0.000015 0.000021 0.000028 0.000038 0.000051 0.000068 0.000089 0.000116 0.000150 0.000191 0.000242 0.000304 0.000378 0.000466 0.000570 0.000689 0.000826 0.000981 0.001155 0.001346 0.001555 0.001780 0.002018 0.002267 0.002523 0.002783 0.003040 0.003290 0.003528 0.003749 0.003946 0.004115 0.004251 0.004351 0.004412 0.004433 0.004412 0.004351 0.004251 0.004115 0.003946 0.003749 0.003528 0.003290 0.003040 0.002783 0.002523 0.002267 0.002018 0.001780 0.001555 0.001346 0.001155 0.000981 0.000826 0.000689 0.000570 0.000466 0.000378 0.000304 0.000242 0.000191 0.000150 0.000116 0.000089 0.000068 0.000051 0.000038 0.000028 0.000021 0.000015 0.000011 0.000008 0.000005 0.000004 0.000003 0.000002 0.000001 0.000001 0.000001 0.000000 0.000000 0.000000 0.000000 0.000000 
0.000000 0.000000 0.000000 0.000000 0.000000 0.000000 0.000001 0.000001 0.000001 0.000002 0.000003 0.000005 0.000007 0.000009 0.000013 0.000018 0.000025 0.000034 0.000046 0.000061 0.000081 0.000106 0.000138 0.000179 0.000228 0.000289 0.000363 0.000452 0.000557 0.000680 0.000822 0.000986 0.001171 0.001377 0.001606 0.001855 0.002122 0.002406 0.002703 0.003009 0.003317 0.003624 0.003922 0.004206 0.004468 0.004703 0.004904 0.005067 0.005186 0.005259 0.005284 0.005259 0.005186 0.005067 0.004904 0.004703 0.004468 0.004206 0.003922 0.003624 0.003317 0.003009 0.002703 0.002406 0.002122 0.001855 0.001606 0.001377 0.001171 0.000986 0.000822 0.000680 0.000557 0.000452 0.000363 0.000289 0.000228 0.000179 0.000138 0.000106 0.000081 0.000061 0.000046 0.000034 0.000025 0.000018 0.000013 0.000009 0.000007 0.000005 0.000003 0.000002 0.000001 0.000001 0.000001 0.000000 0.000000 0.000000 0.000000 0.000000 
0.000000 0.000000 0.000000 0.000000 0.000000 0.000001 0.000001 0.000001 0.000002 0.000003 0.000004 0.000006 0.000009 0.000013 0.000018 0.000024 0.000033 0.000046 0.000062 0.000082 0.000109 0.000144 0.000187 0.000241 0.000308 0.000391 0.000490 0.000610 0.000751 0.000917 0.001109 0.001329 0.001579 0.001857 0.002165 0.002500 0.002861 0.003243 0.003643 0.004054 0.004470 0.004882 0.005284 0.005666 0.006019 0.006335 0.006606 0.006824 0.006985 0.007083 0.007116 0.007083 0.006985 0.006824 0.006606 0.006335 0.006019 0.005666 0.005284 0.004882 0.004470 0.004054 0.003643 0.003243 0.002861 0.002500 0.002165 0.001857 0.001579 0.001329 0.001109 0.000917 0.000751 0.000610 0.000490 0.000391 0.000308 0.000241 0.000187 0.000144 0.000109 0.000082 0.000062 0.000046 0.000033 0.000024 0.000018 0.000013 0.000009 0.000006 0.000004 0.000003 0.000002 0.000001 0.000001 0.000001 0.000000 0.000000 0.000000 0.000000 
0.000000 0.000000 0.000000 0.000000 0.000001 0.000001 0.000001 0.000002 0.000003 0.000004 0.000006 0.000009 0.000013 0.000018 0.000025 0.000035 0.000048 0.000066 0.000089 0.000119 0.000157 0.000207 0.000269 0.000347 0.000444 0.000562 0.000705 0.000877 0.001080 0.001318 0.001594 0.001910 0.002268 0.002667 0.003109 0.003590 0.004107 0.004656 0.005229 0.005818 0.006414 0.007006 0.007582 0.008129 0.008635 0.009088 0.009476 0.009789 0.010019 0.010160 0.010207 0.010160 0.010019 0.009789 0.009476 0.009088 0.008635 0.008129 0.007582 0.007006 0.006414 0.005818 0.005229 0.004656 0.004107 0.003590 0.003109 0.002667 0.002268 0.001910 0.001594 0.001318 0.001080 0.000877 0.000705 0.000562 0.000444 0.000347 0.000269 0.000207 0.000157 0.000119 0.000089 0.000066 0.000048 0.000035 0.000025 0.000018 0.000013 0.000009 0.000006 0.000004 0.000003 0.000002 0.000001 0.000001 0.000001 0.000000 0.000000 0.000000 
0.000000 0.000000 0.000000 0.000001 0.000001 0.000001 0.000002 0.000003 0.000004 0.000006 0.000009 0.000013 0.000019 0.000027 0.000037 0.000052 0.000071 0.000097 0.000131 0.000175 0.000232 0.000305 0.000397 0.000512 0.000654 0.000828 0.001039 0.001292 0.001591 0.001942 0.002348 0.002813 0.003339 0.003927 0.004576 0.005284 0.006045 0.006851 0.007694 0.008560 0.009436 0.010306 0.011153 0.011957 0.012701 0.013366 0.013936 0.014397 0.014735 0.014942 0.015011 0.014942 0.014735 0.014397 0.013936 0.013366 0.012701 0.011957 0.011153 0.010306 0.009436 0.008560 0.007694 0.006851 0.006045 0.005284 0.004576 0.003927 0.003339 0.002813 0.002348 0.001942 0.001591 0.001292 0.001039 0.000828 0.000654 0.000512 0.000397 0.000305 0.000232 0.000175 0.000131 0.000097 0.000071 0.000052 0.000037 0.000027 0.000019 0.000013 0.000009 0.000006 0.000004 0.000003 0.000002 0.000001 0.000001 0.000001 0.000001 0.000001 
0.000001 0.000001 0.000001 0.000001 0.000001 0.000002 0.000003 0.000004 0.000006 0.000009 0.000014 0.000020 0.000028 0.000040 0.000056 0.000077 0.000106 0.000144 0.000195 0.000260 0.000345 0.000453 0.000589 0.000759 0.000970 0.001228 0.001540 0.001915 0.002358 0.002877 0.003478 0.004166 0.004945 0.005815 0.006776 0.007823 0.008948 0.010141 0.011387 0.012668 0.013964 0.015250 0.016502 0.017691 0.018790 0.019774 0.020617 0.021298 0.021797 0.022103 0.022206 0.022103 0.021797 0.021298 0.020617 0.019774 0.018790 0.017691 0.016502 0.015250 0.013964 0.012668 0.011387 0.010141 0.008948 0.007823 0.006776 0.005815 0.004945 0.004166 0.003478 0.002877 0.002358 0.001915 0.001540 0.001228 0.000970 0.000759 0.000589 0.000453 0.000345 0.000260 0.000195 0.000144 0.000106 0.000077 0.000056 0.000040 0.000028 0.000020 0.000014 0.000009 0.000006 0.000004 0.000003 0.000002 0.000001 0.000001 0.000001 0.000001 
0.000001 0.000001 0.000001 0.000001 0.000002 0.000003 0.000004 0.000006 0.000010 0.000014 0.000020 0.000029 0.000042 0.000059 0.000082 0.000114 0.000157 0.000213 0.000288 0.000385 0.000510 0.000670 0.000871 0.001123 0.001435 0.001816 0.002277 0.002830 0.003484 0.004251 0.005138 0.006154 0.007304 0.008588 0.010006 0.011550 0.013210 0.014970 0.016808 0.018698 0.020609 0.022505 0.024350 0.026103 0.027725 0.029175 0.030418 0.031422 0.032159 0.032609 0.032760 0.032609 0.032159 0.031422 0.030418 0.029175 0.027725 0.026103 0.024350 0.022505 0.020609 0.018698 0.016808 0.014970 0.013210 0.011550 0.010006 0.008588 0.007304 0.006154 0.005138 0.004251 0.003484 0.002830 0.002277 0.001816 0.001435 0.001123 0.000871 0.000670 0.000510 0.000385 0.000288 0.000213 0.000157 0.000114 0.000082 0.000059 0.000042 0.000029 0.000020 0.000014 0.000010 0.000007 0.000004 0.000003 0.000002 0.000002 0.000001 0.000001 
0.000001 0.000001 0.000001 0.000002 0.000003 0.000004 0.000006 0.000010 0.000014 0.000021 0.000030 0.000043 0.000061 0.000087 0.000121 0.000168 0.000231 0.000314 0.000424 0.000566 0.000750 0.000985 0.001281 0.001651 0.002108 0.002667 0.003345 0.004156 0.005116 0.006241 0.007543 0.009033 0.010719 0.012602 0.014681 0.016945 0.019379 0.021958 0.024652 0.027422 0.030223 0.033002 0.035706 0.038275 0.040650 0.042775 0.044596 0.046066 0.047146 0.047806 0.048028 0.047806 0.047146 0.046066 0.044596 0.042775 0.040650 0.038275 0.035706 0.033002 0.030223 0.027422 0.024652 0.021958 0.019379 0.016945 0.014681 0.012602 0.010719 0.009033 0.007543 0.006241 0.005116 0.004156 0.003345 0.002667 0.002108 0.001651 0.001281 0.000985 0.000750 0.000566 0.000424 0.000314 0.000231 0.000168 0.000121 0.000087 0.000061 0.000043 0.000030 0.000021 0.000014 0.000010 0.000007 0.000004 0.000003 0.000002 0.000002 0.000002 
0.000002 0.000002 0.000002 0.000003 0.000004 0.000006 0.000009 0.000014 0.000021 0.000030 0.000044 0.000063 0.000090 0.000126 0.000177 0.000245 0.000337 0.000458 0.000618 0.000826 0.001094 0.001436 0.001867 0.002406 0.003073 0.003888 0.004874 0.006055 0.007453 0.009090 0.010986 0.013155 0.015607 0.018348 0.021372 0.024666 0.028206 0.031958 0.035876 0.039904 0.043976 0.048017 0.051948 0.055683 0.059136 0.062226 0.064873 0.067010 0.068579 0.069539 0.069861 0.069539 0.068579 0.067010 0.064873 0.062226 0.059136 0.055683 0.051948 0.048017 0.043976 0.039904 0.035876 0.031958 0.028206 0.024666 0.021372 0.018348 0.015607 0.013155 0.010986 0.009090 0.007453 0.006055 0.004874 0.003888 0.003073 0.002406 0.001867 0.001436 0.001094 0.000826 0.000618 0.000458 0.000337 0.000245 0.000177 0.000126 0.000090 0.000063 0.000044 0.000030 0.000021 0.000014 0.000010 0.000007 0.000005 0.000003 0.000003 0.000003 
0.000003 0.000003 0.000003 0.000004 0.000006 0.000009 0.000014 0.000020 0.000030 0.000044 0.000063 0.000091 0.000130 0.000183 0.000256 0.000355 0.000487 0.000663 0.000894 0.001195 0.001583 0.002076 0.002700 0.003479 0.004441 0.005618 0.007043 0.008747 0.010766 0.013129 0.015865 0.018994 0.022534 0.026488 0.030850 0.035601 0.040707 0.046118 0.051768 0.057576 0.063448 0.069275 0.074942 0.080326 0.085305 0.089758 0.093574 0.096655 0.098917 0.100299 0.100764 0.100299 0.098917 0.096655 0.093574 0.089758 0.085305 0.080326 0.074942 0.069275 0.063448 0.057576 0.051768 0.046118 0.040707 0.035601 0.030850 0.026488 0.022534 0.018994 0.015865 0.013129 0.010766 0.008747 0.007043 0.005618 0.004441 0.003479 0.002700 0.002076 0.001583 0.001195 0.000894 0.000663 0.000487 0.000355 0.000256 0.000183 0.000130 0.000091 0.000063 0.000044 0.000030 0.000020 0.000014 0.000009 0.000007 0.000005 0.000004 0.000004 
0.000004 0.000004 0.000005 0.000006 0.000009 0.000013 0.000020 0.000029 0.000043 0.000063 0.000091 0.000131 0.000186 0.000263 0.000368 0.000509 0.000699 0.000951 0.001283 0.001714 0.002269 0.002976 0.003869 0.004985 0.006363 0.008048 0.010087 0.012527 0.015416 0.018797 0.022711 0.027188 0.032251 0.037905 0.044144 0.050938 0.058238 0.065974 0.074051 0.082354 0.090746 0.099075 0.107174 0.114869 0.121984 0.128348 0.133801 0.138203 0.141435 0.143411 0.144075 0.143411 0.141435 0.138203 0.133801 0.128348 0.121984 0.114869 0.107174 0.099075 0.090746 0.082354 0.074051 0.065974 0.058238 0.050938 0.044144 0.037905 0.032251 0.027188 0.022711 0.018797 0.015416 0.012527 0.010087 0.008048 0.006363 0.004985 0.003869 0.002976 0.002269 0.001714 0.001283 0.000951 0.000699 0.000509 0.000368 0.000263 0.000186 0.000131 0.000091 0.000063 0.000043 0.000029 0.000020 0.000014 0.000010 0.000007 0.000006 0.000006 
0.000005 0.000005 0.000007 0.000009 0.000013 0.000019 0.000028 0.000042 0.000061 0.000090 0.000130 0.000186 0.000265 0.000374 0.000523 0.000724 0.000994 0.001353 0.001823 0.002435 0.003224 0.004229 0.005496 0.007079 0.009035 0.011427 0.014319 0.017781 0.021878 0.026674 0.032224 0.038572 0.045750 0.053766 0.062609 0.072238 0.082584 0.093546 0.104992 0.116756 0.128647 0.140446 0.151920 0.162820 0.172899 0.181913 0.189637 0.195872 0.200450 0.203248 0.204189 0.203248 0.200450 0.195872 0.189637 0.181913 0.172899 0.162820 0.151920 0.140446 0.128647 0.116756 0.104992 0.093546 0.082584 0.072238 0.062609 0.053766 0.045750 0.038572 0.032224 0.026674 0.021878 0.017781 0.014319 0.011427 0.009035 0.007079 0.005496 0.004229 0.003224 0.002435 0.001823 0.001353 0.000994 0.000724 0.000523 0.000374 0.000265 0.000186 0.000130 0.000090 0.000061 0.000042 0.000028 0.000019 0.000014 0.000010 0.000009 0.000009 
0.000008 0.000008 0.000009 0.000013 0.000018 0.000027 0.000040 0.000059 0.000087 0.000126 0.000183 0.000263 0.000374 0.000528 0.000737 0.001021 0.001401 0.001906 0.002568 0.003430 0.004540 0.005954 0.007738 0.009965 0.012716 0.016079 0.020147 0.025014 0.030774 0.037515 0.045316 0.054238 0.064323 0.075587 0.088010 0.101537 0.116070 0.131467 0.147542 0.164063 0.180761 0.197329 0.213439 0.228744 0.242895 0.255550 0.266395 0.275147 0.281574 0.285502 0.286824 0.285502 0.281574 0.275147 0.266395 0.255550 0.242895 0.228744 0.213439 0.197329 0.180761 0.164063 0.147542 0.131467 0.116070 0.101537 0.088010 0.075587 0.064323 0.054238 0.045316 0.037515 0.030774 0.025014 0.020147 0.016079 0.012716 0.009965 0.007738 0.005954 0.004540 0.003430 0.002568 0.001906 0.001401 0.001021 0.000737 0.000528 0.000374 0.000263 0.000183 0.000127 0.000087 0.000059 0.000040 0.000027 0.000019 0.000014 0.000012 0.000012 
0.000011 0.000011 0.000013 0.000018 0.000025 0.000037 0.000056 0.000082 0.000121 0.000177 0.000256 0.000368 0.000523 0.000737 0.001030 0.001426 0.001957 0.002661 0.003586 0.004788 0.006336 0.008309 0.010796 0.013901 0.017736 0.022424 0.028094 0.034876 0.042902 0.052293 0.063159 0.075586 0.089632 0.105318 0.122616 0.141449 0.161682 0.183116 0.205492 0.228488 0.251728 0.274788 0.297207 0.318505 0.338196 0.355807 0.370896 0.383074 0.392017 0.397483 0.399322 0.397483 0.392017 0.383074 0.370896 0.355807 0.338196 0.318505 0.297207 0.274788 0.251728 0.228488 0.205492 0.183116 0.161682 0.141449 0.122616 0.105318 0.089632 0.075586 0.063159 0.052293 0.042902 0.034876 0.028094 0.022424 0.017736 0.013901 0.010796 0.008309 0.006336 0.004788 0.003586 0.002661 0.001957 0.001426 0.001030 0.000737 0.000523 0.000368 0.000256 0.000177 0.000121 0.000083 0.000056 0.000038 0.000027 0.000020 0.000017 0.000017 
0.000015 0.000015 0.000018 0.000024 0.000035 0.000052 0.000077 0.000114 0.000168 0.000245 0.000355 0.000509 0.000724 0.001021 0.001426 0.001974 0.002709 0.003683 0.004962 0.006624 0.008764 0.011490 0.014928 0.019218 0.024518 0.030994 0.038825 0.048192 0.059274 0.072241 0.087242 0.104397 0.123785 0.145433 0.169306 0.195294 0.223212 0.252785 0.283654 0.315378 0.347436 0.379243 0.410167 0.439542 0.466700 0.490987 0.511797 0.528591 0.540924 0.548462 0.550997 0.548462 0.540924 0.528591 0.511797 0.490987 0.466700 0.439542 0.410167 0.379243 0.347436 0.315378 0.283654 0.252785 0.223212 0.195294 0.169306 0.145433 0.123785 0.104397 0.087242 0.072241 0.059274 0.048192 0.038825 0.030994 0.024518 0.019218 0.014928 0.011490 0.008764 0.006624 0.004962 0.003683 0.002709 0.001974 0.001426 0.001021 0.000724 0.000509 0.000355 0.000245 0.000168 0.000115 0.000078 0.000053 0.000037 0.000028 0.000023 0.000023 
0.000021 0.000021 0.000025 0.000033 0.000048 0.000071 0.000106 0.000157 0.000231 0.000337 0.000487 0.000699 0.000994 0.001401 0.001957 0.002709 0.003716 0.005050 0.006803 0.009082 0.012013 0.015748 0.020456 0.026332 0.033588 0.042454 0.053174 0.065995 0.081162 0.098906 0.119432 0.142902 0.169424 0.199035 0.231687 0.267230 0.305407 0.345845 0.388054 0.431428 0.475256 0.518740 0.561013 0.601168 0.638290 0.671488 0.699932 0.722886 0.739742 0.750044 0.753510 0.750044 0.739742 0.722886 0.699932 0.671488 0.638290 0.601168 0.561013 0.518740 0.475256 0.431428 0.388054 0.345845 0.305407 0.267230 0.231687 0.199035 0.169424 0.142902 0.119432 0.098906 0.081162 0.065995 0.053174 0.042454 0.033588 0.026332 0.020456 0.015748 0.012013 0.009082 0.006803 0.005050 0.003716 0.002709 0.001957 0.001401 0.000994 0.000699 0.000488 0.000337 0.000231 0.000157 0.000107 0.000073 0.000051 0.000038 0.000032 0.000032 
0.000028 0.000028 0.000034 0.000046 0.000066 0.000097 0.000144 0.000213 0.000314 0.000458 0.000663 0.000951 0.001353 0.001906 0.002661 0.003683 0.005050 0.006864 0.009245 0.012338 0.016319 0.021389 0.027780 0.035754 0.045601 0.057631 0.072174 0.089565 0.110137 0.134201 0.162034 0.193857 0.229815 0.269958 0.314218 0.362393 0.414135 0.468938 0.526137 0.584910 0.644296 0.703212 0.760486 0.814887 0.865178 0.910151 0.948683 0.979778 1.002612 1.016567 1.021262 1.016567 1.002612 0.979778 0.948683 0.910151 0.865178 0.814887 0.760486 0.703212 0.644296 0.584910 0.526137 0.468938 0.414135 0.362393 0.314218 0.269958 0.229815 0.193857 0.162034 0.134201 0.110137 0.089565 0.072174 0.057631 0.045601 0.035754 0.027780 0.021389 0.016319 0.012338 0.009245 0.006864 0.005050 0.003683 0.002661 0.001906 0.001353 0.000951 0.000663 0.000459 0.000315 0.000214 0.000146 0.000100 0.000070 0.000052 0.000044 0.000044 
0.000038 0.000038 0.000046 0.000062 0.000089 0.000131 0.000195 0.000288 0.000424 0.000618 0.000894 0.001283 0.001823 0.002568 0.003586 0.004962 0.006803 0.009245 0.012449 0.016612 0.021969 0.028790 0.037387 0.048113 0.061354 0.077531 0.097084 0.120464 0.148116 0.180459 0.217864 0.260627 0.308942 0.362875 0.422334 0.487048 0.556549 0.630156 0.706975 0.785905 0.865654 0.944768 1.021671 1.094717 1.162240 1.222622 1.274354 1.316101 1.346756 1.365491 1.371794 1.365491 1.346756 1.316101 1.274354 1.222622 1.162240 1.094717 1.021671 0.944768 0.865654 0.785905 0.706975 0.630156 0.556549 0.487048 0.422334 0.362875 0.308942 0.260627 0.217864 0.180459 0.148116 0.120464 0.097084 0.077531 0.061354 0.048113 0.037387 0.028790 0.021969 0.016612 0.012449 0.009245 0.006803 0.004962 0.003586 0.002569 0.001823 0.001283 0.000895 0.000619 0.000424 0.000289 0.000197 0.000135 0.000094 0.000071 0.000059 0.000059 
0.000051 0.000051 0.000061 0.000082 0.000119 0.000175 0.000260 0.000385 0.000566 0.000826 0.001195 0.001714 0.002435 0.003430 0.004788 0.006624 0.009082 0.012338 0.016612 0.022166 0.029308 0.038402 0.049864 0.064160 0.081808 0.103365 0.129418 0.160566 0.197403 0.240484 0.290303 0.347252 0.411589 0.483401 0.562565 0.648719 0.741239 0.839218 0.941467 1.046519 1.152655 1.257942 1.360283 1.457486 1.547337 1.627683 1.696518 1.752066 1.792854 1.817782 1.826168 1.817782 1.792854 1.752066 1.696518 1.627683 1.547337 1.457486 1.360283 1.257942 1.152655 1.046519 0.941467 0.839218 0.741239 0.648719 0.562565 0.483401 0.411589 0.347252 0.290303 0.240484 0.197403 0.160566 0.129418 0.103365 0.081808 0.064160 0.049864 0.038402 0.029308 0.022166 0.016612 0.012338 0.009082 0.006624 0.004788 0.003430 0.002436 0.001714 0.001196 0.000827 0.000567 0.000387 0.000263 0.000180 0.000126 0.000094 0.000080 0.000080 
0.000068 0.000068 0.000081 0.000109 0.000157 0.000232 0.000345 0.000510 0.000750 0.001094 0.001583 0.002269 0.003224 0.004540 0.006336 0.008764 0.012013 0.016319 0.021969 0.029308 0.038747 0.050763 0.065905 0.084789 0.108098 0.136567 0.170969 0.212096 0.260727 0.317597 0.383354 0.458515 0.543421 0.638183 0.742638 0.856308 0.978369 1.107624 1.242503 1.381072 1.521064 1.659929 1.794904 1.923097 2.041591 2.147547 2.238320 2.311570 2.365356 2.398228 2.409286 2.398228 2.365356 2.311570 2.238320 2.147547 2.041591 1.923097 1.794904 1.659929 1.521064 1.381072 1.242503 1.107624 0.978369 0.856308 0.742638 0.638183 0.543421 0.458515 0.383354 0.317597 0.260727 0.212096 0.170969 0.136567 0.108098 0.084789 0.065905 0.050763 0.038747 0.029308 0.021969 0.016319 0.012013 0.008764 0.006336 0.004540 0.003224 0.002269 0.001583 0.001095 0.000752 0.000513 0.000349 0.000239 0.000168 0.000125 0.000106 0.000106 
0.000089 0.000089 0.000106 0.000144 0.000207 0.000305 0.000453 0.000670 0.000985 0.001436 0.002076 0.002976 0.004229 0.005954 0.008309 0.011490 0.015748 0.021389 0.028790 0.038402 0.050763 0.066497 0.086321 0.111042 0.141551 0.178810 0.223829 0.277642 0.341268 0.415665 0.501681 0.599990 0.711035 0.834959 0.971550 1.120181 1.279772 1.448759 1.625088 1.806232 1.989227 2.170741 2.347163 2.514714 2.669583 2.808062 2.926696 3.022426 3.092718 3.135676 3.150128 3.135676 3.092718 3.022426 2.926696 2.808062 2.669583 2.514714 2.347163 2.170741 1.989227 1.806232 1.625088 1.448759 1.279772 1.120181 0.971550 0.834959 0.711035 0.599990 0.501681 0.415665 0.341268 0.277642 0.223829 0.178810 0.141551 0.111042 0.086321 0.066497 0.050763 0.038402 0.028790 0.021389 0.015748 0.011490 0.008309 0.005954 0.004229 0.002977 0.002077 0.001437 0.000987 0.000673 0.000458 0.000314 0.000220 0.000165 0.000139 0.000139 
0.000116 0.000116 0.000138 0.000187 0.000269 0.000397 0.000589 0.000871 0.001281 0.001867 0.002700 0.003869 0.005496 0.007738 0.010796 0.014928 0.020456 0.027780 0.037387 0.049864 0.065905 0.086321 0.112041 0.144111 0.183686 0.232009 0.290391 0.360171 0.442667 0.539120 0.650625 0.778056 0.921983 1.082591 1.259602 1.452204 1.658993 1.877945 2.106397 2.341075 2.578140 2.813276 3.041806 3.258839 3.459437 3.638801 3.792458 3.916447 4.007488 4.063127 4.081844 4.063127 4.007488 3.916447 3.792458 3.638801 3.459437 3.258839 3.041806 2.813276 2.578140 2.341075 2.106397 1.877945 1.658993 1.452204 1.259602 1.082591 0.921983 0.778056 0.650625 0.539120 0.442667 0.360171 0.290391 0.232009 0.183686 0.144111 0.112041 0.086321 0.065905 0.049864 0.037387 0.027780 0.020456 0.014928 0.010796 0.007738 0.005497 0.003870 0.002701 0.001869 0.001283 0.000876 0.000596 0.000408 0.000287 0.000214 0.000181 0.000181 
0.000150 0.000150 0.000179 0.000241 0.000347 0.000512 0.000759 0.001123 0.001651 0.002406 0.003479 0.004985 0.007079 0.009965 0.013901 0.019218 0.026332 0.035754 0.048113 0.064160 0.084789 0.111042 0.144111 0.185340 0.236210 0.298320 0.373351 0.463021 0.569020 0.692942 0.836191 0.999886 1.184757 1.391039 1.618372 1.865711 2.131254 2.412398 2.705726 3.007032 3.311389 3.613256 3.906632 4.185239 4.442742 4.672981 4.870218 5.029369 5.146227 5.217642 5.241667 5.217642 5.146227 5.029369 4.870218 4.672981 4.442742 4.185239 3.906632 3.613256 3.311389 3.007032 2.705726 2.412398 2.131254 1.865711 1.618372 1.391039 1.184757 0.999886 0.836191 0.692942 0.569020 0.463021 0.373351 0.298320 0.236210 0.185340 0.144111 0.111042 0.084789 0.064160 0.048113 0.035755 0.026332 0.019219 0.013901 0.009965 0.007080 0.004985 0.003480 0.002408 0.001654 0.001129 0.000768 0.000526 0.000370 0.000276 0.000233 0.000233 
0.000191 0.000191 0.000228 0.000308 0.000444 0.000654 0.000970 0.001435 0.002108 0.003073 0.004441 0.006363 0.009035 0.012716 0.017736 0.024518 0.033588 0.045601 0.061354 0.081808 0.108098 0.141551 0.183686 0.236210 0.301011 0.380121 0.475679 0.589869 0.724844 0.882625 1.064998 1.273385 1.508712 1.771274 2.060612 2.375392 2.713319 3.071079 3.444324 3.827702 4.214945 4.599006 4.972249 5.326691 5.654276 5.947169 6.198074 6.400528 6.549178 6.640023 6.670584 6.640023 6.549178 6.400528 6.198074 5.947169 5.654276 5.326691 4.972249 4.599006 4.214945 3.827702 3.444324 3.071079 2.713319 2.375392 2.060612 1.771274 1.508712 1.273385 1.064998 0.882625 0.724844 0.589869 0.475679 0.380121 0.301011 0.236210 0.183686 0.141551 0.108098 0.081808 0.061354 0.045601 0.033588 0.024518 0.017737 0.012716 0.009036 0.006364 0.004443 0.003075 0.002112 0.001442 0.000982 0.000673 0.000472 0.000353 0.000298 0.000298 
0.000242 0.000242 0.000289 0.000391 0.000562 0.000828 0.001228 0.001816 0.002667 0.003888 0.005618 0.008048 0.011427 0.016079 0.022424 0.030994 0.042454 0.057631 0.077531 0.103365 0.136567 0.178810 0.232009 0.298320 0.380121 0.479975 0.600579 0.744685 0.915004 1.114087 1.344180 1.607073 1.903930 2.235121 2.600062 2.997069 3.423245 3.874409 4.345077 4.828501 5.316777 5.801022 6.271611 6.718482 7.131480 7.500734 7.817046 8.072272 8.259668 8.374191 8.412717 8.374191 8.259668 8.072272 7.817046 7.500734 7.131480 6.718482 6.271611 5.801022 5.316777 4.828501 4.345077 3.874409 3.423245 2.997069 2.600062 2.235121 1.903930 1.607073 1.344180 1.114087 0.915004 0.744685 0.600579 0.479975 0.380121 0.298320 0.232009 0.178810 0.136567 0.103365 0.077531 0.057631 0.042454 0.030994 0.022425 0.016080 0.011427 0.008049 0.005620 0.003891 0.002673 0.001825 0.001243 0.000851 0.000598 0.000448 0.000377 0.000377 
0.000304 0.000304 0.000363 0.000490 0.000705 0.001039 0.001540 0.002277 0.003345 0.004874 0.007043 0.010087 0.014319 0.020147 0.028094 0.038825 0.053174 0.072174 0.097084 0.129418 0.170969 0.223829 0.290391 0.373351 0.475679 0.600579 0.751418 0.931636 1.144618 1.393548 1.681231 2.009898 2.381002 2.794999 3.251155 3.747362 4.279997 4.843833 5.432016 6.036112 6.646247 7.251321 7.839313 8.397654 8.913658 9.374997 9.770184 10.089049 10.323168 10.466243 10.514375 10.466243 10.323168 10.089049 9.770184 9.374997 8.913658 8.397654 7.839313 7.251321 6.646247 6.036112 5.432016 4.843833 4.279997 3.747362 3.251155 2.794999 2.381002 2.009898 1.681231 1.393548 1.144618 0.931636 0.751418 0.600579 0.475679 0.373351 0.290391 0.223829 0.170969 0.129418 0.097084 0.072174 0.053174 0.038825 0.028094 0.020148 0.014320 0.010088 0.007045 0.004878 0.003352 0.002289 0.001559 0.001068 0.000751 0.000562 0.000474 0.000474 
0.000378 0.000378 0.000452 0.000610 0.000877 0.001292 0.001915 0.002830 0.004156 0.006055 0.008747 0.012527 0.017781 0.025014 0.034876 0.048192 0.065995 0.089565 0.120464 0.160566 0.212096 0.277642 0.360171 0.463021 0.589869 0.744685 0.931636 1.154981 1.418908 1.727358 2.083800 2.490993 2.950730 3.463574 4.028607 4.643216 5.302910 6.001213 6.729635 7.477733 8.233279 8.982532 9.710609 10.401950 11.040854 11.612062 12.101354 12.496143 12.786006 12.963146 13.022736 12.963146 12.786006 12.496143 12.101354 11.612062 11.040854 10.401950 9.710609 8.982532 8.233279 7.477733 6.729635 6.001213 5.302910 4.643216 4.028607 3.463574 2.950730 2.490993 2.083800 1.727358 1.418908 1.154981 0.931636 0.744685 0.589869 0.463021 0.360171 0.277642 0.212096 0.160566 0.120464 0.089565 0.065995 0.048192 0.034877 0.025015 0.017782 0.012529 0.008751 0.006060 0.004164 0.002844 0.001937 0.001328 0.000934 0.000699 0.000589 0.000589 
0.000466 0.000466 0.000557 0.000751 0.001080 0.001591 0.002358 0.003484 0.005116 0.007453 0.010766 0.015416 0.021878 0.030774 0.042902 0.059274 0.081162 0.110137 0.148116 0.197403 0.260727 0.341268 0.442667 0.569020 0.724844 0.915004 1.144618 1.418908 1.743013 2.121763 2.559412 3.059341 3.623743 4.253303 4.946891 5.701293 6.510992 7.368039 8.262012 9.180095 10.107285 11.026719 11.920141 12.768461 13.552419 14.253296 14.853652 15.338047 15.693697 15.911039 15.984153 15.911039 15.693697 15.338047 14.853652 14.253296 13.552419 12.768461 11.920141 11.026719 10.107285 9.180095 8.262012 7.368039 6.510992 5.701293 4.946891 4.253303 3.623743 3.059341 2.559412 2.121763 1.743013 1.418908 1.144618 0.915004 0.724844 0.569020 0.442667 0.341268 0.260727 0.197403 0.148116 0.110137 0.081162 0.059275 0.042902 0.030775 0.021880 0.015418 0.010770 0.007460 0.005127 0.003502 0.002386 0.001636 0.001150 0.000861 0.000726 0.000726 
0.000570 0.000570 0.000680 0.000917 0.001318 0.001942 0.002877 0.004251 0.006241 0.009090 0.013129 0.018797 0.026674 0.037515 0.052293 0.072241 0.098906 0.134201 0.180459 0.240484 0.317597 0.415665 0.539120 0.692942 0.882625 1.114087 1.393548 1.727358 2.121763 2.582633 3.115135 3.723377 4.410018 5.175883 6.019593 6.937230 7.922083 8.964478 10.051738 11.168278 12.295851 13.413958 14.500399 15.531967 16.485248 17.337487 18.067485 18.656474 19.088914 19.353180 19.442080 19.353180 19.088914 18.656474 18.067485 17.337487 16.485248 15.531967 14.500399 13.413958 12.295851 11.168278 10.051738 8.964478 7.922083 6.937230 6.019593 5.175883 4.410018 3.723377 3.115135 2.582633 2.121763 1.727358 1.393548 1.114087 0.882625 0.692942 0.539120 0.415665 0.317597 0.240484 0.180459 0.134201 0.098906 0.072242 0.052294 0.037516 0.026676 0.018800 0.013134 0.009098 0.006254 0.004272 0.002911 0.001996 0.001404 0.001051 0.000887 0.000887 
0.000689 0.000689 0.000822 0.001109 0.001594 0.002348 0.003478 0.005138 0.007543 0.010986 0.015865 0.022711 0.032224 0.045316 0.063159 0.087242 0.119432 0.162034 0.217864 0.290303 0.383354 0.501681 0.650625 0.836191 1.064998 1.344180 1.681231 2.083800 2.559412 3.115135 3.757193 4.490526 5.318334 6.241602 7.258659 8.364778 9.551863 10.808251 12.118662 13.464312 14.823213 16.170663 17.479915 18.723010 19.871740 20.898692 21.778330 22.488043 23.009116 23.327545 23.434665 23.327545 23.009116 22.488043 21.778330 20.898692 19.871740 18.723010 17.479915 16.170663 14.823213 13.464312 12.118662 10.808251 9.551863 8.364778 7.258659 6.241602 5.318334 4.490526 3.757193 3.115135 2.559412 2.083800 1.681231 1.344180 1.064998 0.836191 0.650625 0.501681 0.383354 0.290303 0.217864 0.162034 0.119432 0.087243 0.063160 0.045317 0.032226 0.022714 0.015870 0.010995 0.007559 0.005164 0.003520 0.002414 0.001698 0.001271 0.001073 0.001073 
0.000826 0.000826 0.000986 0.001329 0.001910 0.002813 0.004166 0.006154 0.009033 0.013155 0.018994 0.027188 0.038572 0.054238 0.075586 0.104397 0.142902 0.193857 0.260627 0.347252 0.458515 0.599990 0.778056 0.999886 1.273385 1.607073 2.009898 2.490993 3.059341 3.723377 4.490526 5.366683 6.355657 7.458619 8.673563 9.994835 11.412758 12.913400 14.478506 16.085643 17.708553 19.317740 20.881267 22.365753 23.737522 24.963846 26.014241 26.861716 27.483927 27.864160 27.992071 27.864160 27.483927 26.861716 26.014241 24.963846 23.737522 22.365753 20.881267 19.317740 17.708553 16.085643 14.478506 12.913400 11.412758 9.994835 8.673563 7.458619 6.355657 5.366683 4.490526 3.723377 3.059341 2.490993 2.009898 1.607073 1.273385 0.999886 0.778056 0.599990 0.458515 0.347252 0.260627 0.193857 0.142902 0.104398 0.075587 0.054239 0.038575 0.027192 0.019002 0.013166 0.009052 0.006185 0.004216 0.002892 0.002034 0.001523 0.001286 0.001286 
0.000981 0.000981 0.001171 0.001579 0.002268 0.003339 0.004945 0.007304 0.010719 0.015607 0.022534 0.032251 0.045750 0.064323 0.089632 0.123785 0.169424 0.229815 0.308942 0.411589 0.543421 0.711035 0.921983 1.184757 1.508712 1.903930 2.381002 2.950730 3.623743 4.410018 5.318334 6.355657 7.526489 8.832203 10.270416 11.834425 13.512772 15.288959 17.141381 19.043484 20.964197 22.868614 24.718948 26.475703 28.099034 29.550225 30.793209 31.796056 32.532335 32.982271 33.133630 32.982271 32.532335 31.796056 30.793209 29.550225 28.099034 26.475703 24.718948 22.868614 20.964197 19.043484 17.141381 15.288959 13.512772 11.834425 10.270416 8.832203 7.526489 6.355657 5.318334 4.410018 3.623743 2.950730 2.381002 1.903930 1.508712 1.184757 0.921983 0.711035 0.543421 0.411589 0.308942 0.229816 0.169424 0.123786 0.089633 0.064325 0.045753 0.032256 0.022542 0.015621 0.010742 0.007340 0.005004 0.003433 0.002415 0.001809 0.001527 0.001527 
0.001155 0.001155 0.001377 0.001857 0.002667 0.003927 0.005815 0.008588 0.012602 0.018348 0.026488 0.037905 0.053766 0.075587 0.105318 0.145433 0.199035 0.269958 0.362875 0.483401 0.638183 0.834959 1.082591 1.391039 1.771274 2.235121 2.794999 3.463574 4.253303 5.175883 6.241602 7.458619 8.832203 10.363954 12.051063 13.885663 15.854302 17.937627 20.110294 22.341160 24.593786 26.827242 28.997217 31.057405 32.961087 34.662873 36.120479 37.296472 38.159866 38.687479 38.864968 38.687479 38.159866 37.296472 36.120479 34.662873 32.961087 31.057405 28.997217 26.827242 24.593786 22.341160 20.110294 17.937627 15.854302 13.885663 12.051063 10.363954 8.832203 7.458619 6.241602 5.175883 4.253303 3.463574 2.794999 2.235121 1.771274 1.391039 1.082591 0.834959 0.638183 0.483401 0.362875 0.269958 0.199036 0.145434 0.105319 0.075589 0.053770 0.037911 0.026498 0.018364 0.012629 0.008631 0.005885 0.004038 0.002841 0.002128 0.001796 0.001796 
0.001346 0.001346 0.001606 0.002165 0.003109 0.004576 0.006776 0.010006 0.014681 0.021372 0.030850 0.044144 0.062609 0.088010 0.122616 0.169306 0.231687 0.314218 0.422334 0.562565 0.742638 0.971550 1.259602 1.618372 2.060612 2.600062 3.251155 4.028607 4.946891 6.019593 7.258659 8.673563 10.270416 12.051063 14.012232 16.144762 18.433014 20.854487 23.379719 25.972519 28.590535 31.186205 33.708044 36.102245 38.314528 40.292156 41.986003 43.352582 44.355893 44.969004 45.175255 44.969004 44.355893 43.352582 41.986003 40.292156 38.314528 36.102245 33.708044 31.186205 28.590535 25.972519 23.379719 20.854487 18.433014 16.144762 14.012232 12.051063 10.270416 8.673563 7.258659 6.019593 4.946891 4.028607 3.251155 2.600062 2.060612 1.618372 1.259602 0.971550 0.742638 0.562565 0.422334 0.314218 0.231687 0.169307 0.122617 0.088013 0.062613 0.044151 0.030862 0.021391 0.014712 0.010056 0.006857 0.004705 0.003311 0.002481 0.002094 0.002094 
0.001555 0.001555 0.001855 0.002500 0.003590 0.005284 0.007823 0.011550 0.016945 0.024666 0.035601 0.050938 0.072238 0.101537 0.141449 0.195294 0.267230 0.362393 0.487048 0.648719 0.856308 1.120181 1.452204 1.865711 2.375392 2.997069 3.747362 4.643216 5.701293 6.937230 8.364778 9.994835 11.834425 13.885663 16.144762 18.601164 21.236844 24.025880 26.934336 29.920528 32.935685 35.925036 38.829297 41.586511 44.134183 46.411592 48.362181 49.935881 51.091248 51.797276 52.034783 51.797276 51.091248 49.935881 48.362181 46.411592 44.134183 41.586511 38.829297 35.925036 32.935685 29.920528 26.934336 24.025880 21.236844 18.601164 16.144762 13.885663 11.834425 9.994835 8.364778 6.937230 5.701293 4.643216 3.747362 2.997069 2.375392 1.865711 1.452204 1.120181 0.856308 0.648719 0.487048 0.362393 0.267230 0.195295 0.141451 0.101540 0.072243 0.050946 0.035615 0.024688 0.016981 0.011608 0.007916 0.005433 0.003824 0.002865 0.002419 0.002419 
0.001780 0.001780 0.002122 0.002861 0.004107 0.006045 0.008948 0.013210 0.019379 0.028206 0.040707 0.058238 0.082584 0.116070 0.161682 0.223212 0.305407 0.414135 0.556549 0.741239 0.978369 1.279772 1.658993 2.131254 2.713319 3.423245 4.279997 5.302910 6.510992 7.922083 9.551863 11.412758 13.512772 15.854302 18.433014 21.236844 24.245209 27.428516 30.748030 34.156177 37.597297 41.008891 44.323309 47.469858 50.377232 52.976151 55.202087 56.997915 58.316354 59.122030 59.393057 59.122030 58.316354 56.997915 55.202087 52.976151 50.377232 47.469858 44.323309 41.008891 37.597297 34.156177 30.748030 27.428516 24.245209 21.236844 18.433014 15.854302 13.512772 11.412758 9.551863 7.922083 6.510992 5.302910 4.279997 3.423245 2.713319 2.131254 1.658993 1.279772 0.978369 0.741239 0.556549 0.414136 0.305407 0.223213 0.161684 0.116073 0.082590 0.058247 0.040722 0.028231 0.019420 0.013277 0.009055 0.006215 0.004375 0.003278 0.002768 0.002768 
0.002018 0.002018 0.002406 0.003243 0.004656 0.006851 0.010141 0.014970 0.021958 0.031958 0.046118 0.065974 0.093546 0.131467 0.183116 0.252785 0.345845 0.468938 0.630156 0.839218 1.107624 1.448759 1.877945 2.412398 3.071079 3.874409 4.843833 6.001213 7.368039 8.964478 10.808251 12.913400 15.288959 17.937627 20.854487 24.025880 27.428516 31.028917 34.783274 38.637777 42.529485 46.387721 50.135990 53.694358 56.982199 59.921184 62.438356 64.469129 65.960048 66.871119 67.177601 66.871119 65.960048 64.469129 62.438356 59.921184 56.982199 53.694358 50.135990 46.387721 42.529485 38.637777 34.783274 31.028917 27.428516 24.025880 20.854487 17.937627 15.288959 12.913400 10.808251 8.964478 7.368039 6.001213 4.843833 3.874409 3.071079 2.412398 1.877945 1.448759 1.107624 0.839218 0.630156 0.468939 0.345846 0.252786 0.183119 0.131471 0.093553 0.065984 0.046135 0.031986 0.022005 0.015046 0.010263 0.007044 0.004959 0.003717 0.003138 0.003138 
0.002267 0.002267 0.002703 0.003643 0.005229 0.007694 0.011387 0.016808 0.024652 0.035876 0.051768 0.074051 0.104992 0.147542 0.205492 0.283654 0.388054 0.526137 0.706975 0.941467 1.242503 1.625088 2.106397 2.705726 3.444324 4.345077 5.432016 6.729635 8.262012 10.051738 12.118662 14.478506 17.141381 20.110294 23.379719 26.934336 30.748030 34.783274 38.990962 43.310791 47.672225 51.996064 56.196593 60.184248 63.868691 67.162158 69.982908 72.258582 73.929287 74.950219 75.293657 74.950219 73.929287 72.258582 69.982908 67.162158 63.868691 60.184248 56.196593 51.996064 47.672225 43.310791 38.990962 34.783274 30.748030 26.934336 23.379719 20.110294 17.141381 14.478506 12.118662 10.051738 8.262012 6.729635 5.432016 4.345077 3.444324 2.705726 2.106397 1.625088 1.242503 0.941467 0.706976 0.526137 0.388055 0.283656 0.205495 0.147546 0.104999 0.074063 0.051788 0.035908 0.024705 0.016893 0.011524 0.007911 0.005570 0.004175 0.003525 0.003525 
0.002523 0.002523 0.003009 0.004054 0.005818 0.008560 0.012668 0.018698 0.027422 0.039904 0.057576 0.082354 0.116756 0.164063 0.228488 0.315378 0.431428 0.584910 0.785905 1.046519 1.381072 1.806232 2.341075 3.007032 3.827702 4.828501 6.036112 7.477733 9.180095 11.168278 13.464312 16.085643 19.043484 22.341160 25.972519 29.920528 34.156177 38.637777 43.310791 48.108246 52.951813 57.753546 62.418266 66.846525 70.938019 74.595305 77.727627 80.254648 82.109872 83.243555 83.624921 83.243555 82.109872 80.254648 77.727627 74.595305 70.938019 66.846525 62.418266 57.753546 52.951813 48.108246 43.310791 38.637777 34.156177 29.920528 25.972519 22.341160 19.043484 16.085643 13.464312 11.168278 9.180096 7.477733 6.036112 4.828501 3.827702 3.007032 2.341075 1.806232 1.381072 1.046519 0.785905 0.584910 0.431428 0.315379 0.228491 0.164068 0.116764 0.082367 0.057598 0.039940 0.027481 0.018793 0.012821 0.008802 0.006198 0.004646 0.003923 0.003923 
0.002783 0.002783 0.003317 0.004470 0.006414 0.009436 0.013964 0.020609 0.030223 0.043976 0.063448 0.090746 0.128647 0.180761 0.251728 0.347436 0.475256 0.644296 0.865654 1.152655 1.521064 1.989227 2.578140 3.311389 4.214945 5.316777 6.646247 8.233279 10.107285 12.295851 14.823213 17.708553 20.964197 24.593786 28.590535 32.935685 37.597297 42.529485 47.672225 52.951813 58.282054 63.566172 68.699439 73.572432 78.074788 82.099295 85.546099 88.326812 90.368276 91.615762 92.035411 91.615762 90.368276 88.326812 85.546099 82.099295 78.074788 73.572432 68.699439 63.566172 58.282054 52.951813 47.672225 42.529485 37.597297 32.935685 28.590535 24.593786 20.964197 17.708553 14.823213 12.295851 10.107285 8.233279 6.646247 5.316777 4.214945 3.311389 2.578140 1.989228 1.521064 1.152656 0.865654 0.644297 0.475257 0.347438 0.251731 0.180766 0.128655 0.090761 0.063472 0.044015 0.030287 0.020713 0.014132 0.009703 0.006833 0.005122 0.004326 0.004326 
0.003040 0.003040 0.003624 0.004882 0.007006 0.010306 0.015250 0.022505 0.033002 0.048017 0.069275 0.099075 0.140446 0.197329 0.274788 0.379243 0.518740 0.703212 0.944768 1.257942 1.659929 2.170741 2.813276 3.613256 4.599006 5.801022 7.251321 8.982532 11.026719 13.413958 16.170663 19.317740 22.868614 26.827242 31.186205 35.925036 41.008891 46.387721 51.996064 57.753546 63.566172 69.328418 74.926091 80.239881 85.149457 89.537926 93.296420 96.328572 98.554621 99.914897 100.372488 99.914897 98.554621 96.328572 93.296420 89.537926 85.149457 80.239881 74.926091 69.328418 63.566172 57.753546 51.996064 46.387721 41.008891 35.925036 31.186205 26.827242 22.868614 19.317740 16.170663 13.413958 11.026719 8.982532 7.251321 5.801022 4.599006 3.613256 2.813276 2.170741 1.659929 1.257942 0.944768 0.703213 0.518741 0.379245 0.274791 0.197335 0.140456 0.099091 0.069301 0.048061 0.033073 0.022620 0.015434 0.010597 0.007463 0.005596 0.004725 0.004725 
0.003290 0.003290 0.003922 0.005284 0.007582 0.011153 0.016502 0.024350 0.035706 0.051948 0.074942 0.107174 0.151920 0.213439 0.297207 0.410167 0.561013 0.760486 1.021671 1.360283 1.794904 2.347163 3.041806 3.906632 4.972249 6.271611 7.839313 9.710609 11.920141 14.500399 17.479915 20.881267 24.718948 28.997217 33.708044 38.829297 44.323309 50.135990 56.196593 62.418266 68.699439 74.926091 80.974835 86.716760 92.021857 96.763829 100.825052 104.101414 106.506739 107.976562 108.471003 107.976562 106.506739 104.101414 100.825052 96.763829 92.021857 86.716760 80.974835 74.926091 68.699439 62.418266 56.196593 50.135990 44.323309 38.829297 33.708044 28.997217 24.718948 20.881267 17.479915 14.500399 11.920141 9.710609 7.839313 6.271611 4.972249 3.906632 3.041806 2.347163 1.794904 1.360283 1.021672 0.760486 0.561014 0.410169 0.297211 0.213445 0.151930 0.107191 0.074970 0.051995 0.035782 0.024474 0.016700 0.011467 0.008077 0.006056 0.005114 0.005114 
