0.000000 0.000000 0.000000 0.000000 0.000000 0.000000 0.000000 0.000000 0.000000 0.000000 0.000000 0.000000 0.000000 0.000000 0.000000 0.000000 0.000000 0.000000 0.000000 0.000000 0.000000 0.000000 0.000000 0.000000 0.000000 0.000000 0.000000 0.000001 0.000001 0.000001 0.000001 0.000002 0.000002 0.000003 0.000004 0.000005 0.000006 0.000007 0.000009 0.000010 0.000012 0.000014 0.000016 0.000017 0.000019 0.000021 0.000022 0.000023 0.000024 0.000025 0.000025 0.000025 0.000024 0.000023 0.000022 0.000021 0.000019 0.000017 0.000016 0.000014 0.000012 0.000010 0.000009 0.000007 0.000006 0.000005 0.000004 0.000003 0.000002 0.000002 0.000001 0.000001 0.000001 0.000001 0.000000 0.000000 0.000000 0.000000 0.000000 0.000000 0.000000 0.000000 0.000000 0.000000 0.000000 0.000000 0.000000 0.000000 0.000000 0.000000 0.000000 0.000000 0.000000 0.000000 0.000000 0.000000 0.000000 0.000000 0.000000 0.000000 
0.000000 0.000000 0.000000 0.000000 0.000000 0.000000 0.000000 0.000000 0.000000 0.000000 0.000000 0.000000 0.000000 0.000000 0.000000 0.000000 0.000000 0.000000 0.000000 0.000000 0.000000 0.000000 0.000000 0.000000 0.000000 0.000000 0.000000 0.000001 0.000001 0.000001 0.000001 0.000002 0.000002 0.000003 0.000004 0.000005 0.000006 0.000007 0.000009 0.000010 0.000012 0.000014 0.000016 0.000017 0.000019 0.000021 0.000022 0.000023 0.000024 0.000025 0.000025 0.000025 0.000024 0.000023 0.000022 0.000021 0.000019 0.000017 0.000016 0.000014 0.000012 0.000010 0.000009 0.000007 0.000006 0.000005 0.000004 0.000003 0.000002 0.000002 0.000001 0.000001 0.000001 0.000001 0.000000 0.000000 0.000000 0.000000 0.000000 0.000000 0.000000 0.000000 0.000000 0.000000 0.000000 0.000000 0.000000 0.000000 0.000000 0.000000 0.000000 0.000000 0.000000 0.000000 0.000000 0.000000 0.000000 0.000000 0.000000 0.000000 
0.000000 0.000000 0.000000 0.000000 0.000000 0.000000 0.000000 0.000000 0.000000 0.000000 0.000000 0.000000 0.000000 0.000000 0.000000 0.000000 0.000000 0.000000 0.000000 0.000000 0.000000 0.000000 0.000000 0.000000 0.000000 0.000000 0.000001 0.000001 0.000001 0.000001 0.000002 0.000003 0.000003 0.000004 0.000006 0.000007 0.000009 0.000011 0.000013 0.000015 0.000017 0.000020 0.000023 0.000025 0.000028 0.000030 0.000032 0.000034 0.000035 0.000036 0.000036 0.000036 0.000035 0.000034 0.000032 0.000030 0.000028 0.000025 0.000023 0.000020 0.000017 0.000015 0.000013 0.000011 0.000009 0.000007 0.000006 0.000004 0.000003 0.000003 0.000002 0.000001 0.000001 0.000001 0.000001 0.000000 0.000000 0.000000 0.000000 0.000000 0.000000 0.000000 0.000000 0.000000 0.000000 0.000000 0.000000 0.000000 0.000000 0.000000 0.000000 0.000000 0.000000 0.000000 0.000000 0.000000 0.000000 0.000000 0.000000 0.000000 
0.000000 0.000000 0.000000 0.000000 0.000000 0.000000 0.000000 0.000000 0.000000 0.000000 0.000000 0.000000 0.000000 0.000000 0.000000 0.000000 0.000000 0.000000 0.000000 0.000000 0.000000 0.000000 0.000000 0.000000 0.000000 0.000001 0.000001 0.000001 0.000002 0.000003 0.000003 0.000005 0.000006 0.000008 0.000010 0.000012 0.000015 0.000018 0.000022 0.000026 0.000030 0.000035 0.000039 0.000044 0.000048 0.000052 0.000056 0.000058 0.000061 0.000062 0.000062 0.000062 0.000061 0.000058 0.000056 0.000052 0.000048 0.000044 0.000039 0.000035 0.000030 0.000026 0.000022 0.000018 0.000015 0.000012 0.000010 0.000008 0.000006 0.000005 0.000003 0.000003 0.000002 0.000001 0.000001 0.000001 0.000000 0.000000 0.000000 0.000000 0.000000 0.000000 0.000000 0.000000 0.000000 0.000000 0.000000 0.000000 0.000000 0.000000 0.000000 0.000000 0.000000 0.000000 0.000000 0.000000 0.000000 0.000000 0.000000 0.000000 
0.000000 0.000000 0.000000 0.000000 0.000000 0.000000 0.000000 0.000000 0.000000 0.000000 0.000000 0.000000 0.000000 0.000000 0.000000 0.000000 0.000000 0.000000 0.000000 0.000000 0.000000 0.000000 0.000000 0.000001 0.000001 0.000001 0.000002 0.000003 0.000004 0.000005 0.000006 0.000008 0.000011 0.000014 0.000018 0.000023 0.000028 0.000034 0.000040 0.000048 0.000055 0.000064 0.000072 0.000080 0.000088 0.000095 0.000101 0.000107 0.000111 0.000113 0.000114 0.000113 0.000111 0.000107 0.000101 0.000095 0.000088 0.000080 0.000072 0.000064 0.000055 0.000048 0.000040 0.000034 0.000028 0.000023 0.000018 0.000014 0.000011 0.000008 0.000006 0.000005 0.000004 0.000003 0.000002 0.000001 0.000001 0.000001 0.000000 0.000000 0.000000 0.000000 0.000000 0.000000 0.000000 0.000000 0.000000 0.000000 0.000000 0.000000 0.000000 0.000000 0.000000 0.000000 0.000000 0.000000 0.000000 0.000000 0.000000 0.000000 
0.000000 0.000000 0.000000 0.000000 0.000000 0.000000 0.000000 0.000000 0.000000 0.000000 0.000000 0.000000 0.000000 0.000000 0.000000 0.000000 0.000000 0.000000 0.000000 0.000000 0.000000 0.000001 0.000001 0.000001 0.000002 0.000002 0.000003 0.000005 0.000006 0.000009 0.000012 0.000016 0.000020 0.000026 0.000033 0.000042 0.000051 0.000062 0.000074 0.000088 0.000102 0.000117 0.000132 0.000147 0.000162 0.000175 0.000187 0.000196 0.000203 0.000208 0.000209 0.000208 0.000203 0.000196 0.000187 0.000175 0.000162 0.000147 0.000132 0.000117 0.000102 0.000088 0.000074 0.000062 0.000051 0.000042 0.000033 0.000026 0.000020 0.000016 0.000012 0.000009 0.000006 0.000005 0.000003 0.000002 0.000002 0.000001 0.000001 0.000001 0.000000 0.000000 0.000000 0.000000 0.000000 0.000000 0.000000 0.000000 0.000000 0.000000 0.000000 0.000000 0.000000 0.000000 0.000000 0.000000 0.000000 0.000000 0.000000 0.000000 
0.000000 0.000000 0.000000 0.000000 0.000000 0.000000 0.000000 0.000000 0.000000 0.000000 0.000000 0.000000 0.000000 0.000000 0.000000 0.000000 0.000000 0.000000 0.000000 0.000000 0.000001 0.000001 0.000001 0.000002 0.000003 0.000004 0.000006 0.000009 0.000012 0.000016 0.000022 0.000029 0.000037 0.000048 0.000061 0.000076 0.000093 0.000113 0.000136 0.000160 0.000186 0.000213 0.000241 0.000269 0.000295 0.000319 0.000340 0.000358 0.000371 0.000379 0.000382 0.000379 0.000371 0.000358 0.000340 0.000319 0.000295 0.000269 0.000241 0.000213 0.000186 0.000160 0.000136 0.000113 0.000093 0.000076 0.000061 0.000048 0.000037 0.000029 0.000022 0.000016 0.000012 0.000009 0.000006 0.000004 0.000003 0.000002 0.000001 0.000001 0.000001 0.000000 0.000000 0.000000 0.000000 0.000000 0.000000 0.000000 0.000000 0.000000 0.000000 0.000000 0.000000 0.000000 0.000000 0.000000 0.000000 0.000000 0.000000 0.000000 
0.000000 0.000000 0.000000 0.000000 0.000000 0.000000 0.000000 0.000000 0.000000 0.000000 0.000000 0.000000 0.000000 0.000000 0.000000 0.000000 0.000000 0.000000 0.000000 0.000001 0.000001 0.000002 0.000003 0.000004 0.000005 0.000008 0.000011 0.000016 0.000022 0.000029 0.000039 0.000052 0.000068 0.000087 0.000110 0.000137 0.000169 0.000205 0.000245 0.000289 0.000336 0.000385 0.000435 0.000484 0.000532 0.000575 0.000614 0.000646 0.000669 0.000684 0.000689 0.000684 0.000669 0.000646 0.000614 0.000575 0.000532 0.000484 0.000435 0.000385 0.000336 0.000289 0.000245 0.000205 0.000169 0.000137 0.000110 0.000087 0.000068 0.000052 0.000039 0.000029 0.000022 0.000016 0.000011 0.000008 0.000005 0.000004 0.000003 0.000002 0.000001 0.000001 0.000000 0.000000 0.000000 0.000000 0.000000 0.000000 0.000000 0.000000 0.000000 0.000000 0.000000 0.000000 0.000000 0.000000 0.000000 0.000000 0.000000 0.000000 
0.000000 0.000000 0.000000 0.000000 0.000000 0.000000 0.000000 0.000000 0.000000 0.000000 0.000000 0.000000 0.000000 0.000000 0.000000 0.000000 0.000000 0.000001 0.000001 0.000001 0.000002 0.000003 0.000005 0.000007 0.000010 0.000014 0.000020 0.000028 0.000039 0.000052 0.000070 0.000093 0.000121 0.000155 0.000196 0.000245 0.000301 0.000366 0.000437 0.000515 0.000599 0.000686 0.000775 0.000863 0.000947 0.001025 0.001093 0.001149 0.001191 0.001217 0.001226 0.001217 0.001191 0.001149 0.001093 0.001025 0.000947 0.000863 0.000775 0.000686 0.000599 0.000515 0.000437 0.000366 0.000301 0.000245 0.000196 0.000155 0.000121 0.000093 0.000070 0.000052 0.000039 0.000028 0.000020 0.000014 0.000010 0.000007 0.000005 0.000003 0.000002 0.000001 0.000001 0.000001 0.000000 0.000000 0.000000 0.000000 0.000000 0.000000 0.000000 0.000000 0.000000 0.000000 0.000000 0.000000 0.000000 0.000000 0.000000 0.000000 
0.000000 0.000000 0.000000 0.000000 0.000000 0.000000 0.000000 0.000000 0.000000 0.000000 0.000000 0.000000 0.000000 0.000000 0.000000 0.000000 0.000001 0.000001 0.000001 0.000002 0.000004 0.000005 0.000008 0.000012 0.000017 0.000025 0.000035 0.000050 0.000068 0.000093 0.000124 0.000164 0.000213 0.000273 0.000346 0.000431 0.000531 0.000643 0.000769 0.000907 0.001053 0.001207 0.001363 0.001517 0.001665 0.001801 0.001921 0.002020 0.002093 0.002139 0.002154 0.002139 0.002093 0.002020 0.001921 0.001801 0.001665 0.001517 0.001363 0.001207 0.001053 0.000907 0.000769 0.000643 0.000531 0.000431 0.000346 0.000273 0.000213 0.000164 0.000124 0.000093 0.000068 0.000050 0.000035 0.000025 0.000017 0.000012 0.000008 0.000005 0.000004 0.000002 0.000001 0.000001 0.000001 0.000000 0.000000 0.000000 0.000000 0.000000 0.000000 0.000000 0.000000 0.000000 0.000000 0.000000 0.000000 0.000000 0.000000 0.000000 
0.000000 0.000000 0.000000 0.000000 0.000000 0.000000 0.000000 0.000000 0.000000 0.000000 0.000000 0.000000 0.000000 0.000000 0.000000 0.000001 0.000001 0.000002 0.000003 0.000004 0.000006 0.000009 0.000014 0.000021 0.000030 0.000044 0.000062 0.000086 0.000119 0.000161 0.000216 0.000285 0.000371 0.000476 0.000601 0.000750 0.000922 0.001118 0.001336 0.001575 0.001829 0.002095 0.002365 0.002632 0.002889 0.003125 0.003332 0.003503 0.003631 0.003709 0.003736 0.003709 0.003631 0.003503 0.003332 0.003125 0.002889 0.002632 0.002365 0.002095 0.001829 0.001575 0.001336 0.001118 0.000922 0.000750 0.000601 0.000476 0.000371 0.000285 0.000216 0.000161 0.000119 0.000086 0.000062 0.000044 0.000030 0.000021 0.000014 0.000009 0.000006 0.000004 0.000003 0.000002 0.000001 0.000001 0.000000 0.000000 0.000000 0.000000 0.000000 0.000000 0.000000 0.000000 0.000000 0.000000 0.000000 0.000000 0.000000 0.000000 
0.000000 0.000000 0.000000 0.000000 0.000000 0.000000 0.000000 0.000000 0.000000 0.000000 0.000000 0.000000 0.000000 0.000000 0.000001 0.000001 0.000002 0.000003 0.000004 0.000007 0.000011 0.000016 0.000024 0.000036 0.000052 0.000075 0.000107 0.000149 0.000204 0.000277 0.000371 0.000489 0.000637 0.000816 0.001032 0.001287 0.001582 0.001917 0.002291 0.002699 0.003134 0.003589 0.004051 0.004509 0.004947 0.005350 0.005705 0.005997 0.006215 0.006350 0.006395 0.006350 0.006215 0.005997 0.005705 0.005350 0.004947 0.004509 0.004051 0.003589 0.003134 0.002699 0.002291 0.001917 0.001582 0.001287 0.001032 0.000816 0.000637 0.000489 0.000371 0.000277 0.000204 0.000149 0.000107 0.000075 0.000052 0.000036 0.000024 0.000016 0.000011 0.000007 0.000004 0.000003 0.000002 0.000001 0.000001 0.000000 0.000000 0.000000 0.000000 0.000000 0.000000 0.000000 0.000000 0.000000 0.000000 0.000000 0.000000 0.000000 
0.000000 0.000000 0.000000 0.000000 0.000000 0.000000 0.000000 0.000000 0.000000 0.000000 0.000000 0.000000 0.000000 0.000001 0.000001 0.000002 0.000003 0.000005 0.000008 0.000012 0.000018 0.000028 0.000042 0.000061 0.000089 0.000128 0.000181 0.000252 0.000347 0.000471 0.000629 0.000830 0.001079 0.001383 0.001749 0.002179 0.002678 0.003245 0.003876 0.004565 0.005301 0.006068 0.006849 0.007621 0.008360 0.009042 0.009640 0.010133 0.010501 0.010728 0.010804 0.010728 0.010501 0.010133 0.009640 0.009042 0.008360 0.007621 0.006849 0.006068 0.005301 0.004565 0.003876 0.003245 0.002678 0.002179 0.001749 0.001383 0.001079 0.000830 0.000629 0.000471 0.000347 0.000252 0.000181 0.000128 0.000089 0.000061 0.000042 0.000028 0.000018 0.000012 0.000008 0.000005 0.000003 0.000002 0.000001 0.000001 0.000000 0.000000 0.000000 0.000000 0.000000 0.000000 0.000000 0.000000 0.000000 0.000000 0.000000 0.000000 
0.000000 0.000000 0.000000 0.000000 0.000000 0.000000 0.000000 0.000000 0.000000 0.000000 0.000000 0.000000 0.000001 0.000001 0.000002 0.000003 0.000005 0.000008 0.000013 0.000020 0.000031 0.000047 0.000070 0.000103 0.000150 0.000215 0.000304 0.000423 0.000582 0.000788 0.001054 0.001389 0.001805 0.002313 0.002923 0.003642 0.004474 0.005419 0.006472 0.007620 0.008847 0.010126 0.011427 0.012713 0.013944 0.015079 0.016076 0.016897 0.017509 0.017887 0.018015 0.017887 0.017509 0.016897 0.016076 0.015079 0.013944 0.012713 0.011427 0.010126 0.008847 0.007620 0.006472 0.005419 0.004474 0.003642 0.002923 0.002313 0.001805 0.001389 0.001054 0.000788 0.000582 0.000423 0.000304 0.000215 0.000150 0.000103 0.000070 0.000047 0.000031 0.000020 0.000013 0.000008 0.000005 0.000003 0.000002 0.000001 0.000001 0.000000 0.000000 0.000000 0.000000 0.000000 0.000000 0.000000 0.000000 0.000000 0.000000 0.000000 
0.000000 0.000000 0.000000 0.000000 0.000000 0.000000 0.000000 0.000000 0.000000 0.000000 0.000000 0.000001 0.000001 0.000002 0.000003 0.000005 0.000009 0.000014 0.000021 0.000033 0.000051 0.000078 0.000116 0.000171 0.000248 0.000355 0.000502 0.000700 0.000961 0.001302 0.001740 0.002293 0.002979 0.003816 0.004821 0.006005 0.007375 0.008931 0.010664 0.012554 0.014571 0.016675 0.018814 0.020928 0.022953 0.024818 0.026457 0.027806 0.028812 0.029433 0.029643 0.029433 0.028812 0.027806 0.026457 0.024818 0.022953 0.020928 0.018814 0.016675 0.014571 0.012554 0.010664 0.008931 0.007375 0.006005 0.004821 0.003816 0.002979 0.002293 0.001740 0.001302 0.000961 0.000700 0.000502 0.000355 0.000248 0.000171 0.000116 0.000078 0.000051 0.000033 0.000021 0.000014 0.000009 0.000005 0.000003 0.000002 0.000001 0.000001 0.000000 0.000000 0.000000 0.000000 0.000000 0.000000 0.000000 0.000000 0.000000 0.000000 
0.000000 0.000000 0.000000 0.000000 0.000000 0.000000 0.000000 0.000000 0.000000 0.000000 0.000001 0.000001 0.000002 0.000003 0.000005 0.000009 0.000014 0.000022 0.000035 0.000055 0.000084 0.000127 0.000190 0.000279 0.000405 0.000581 0.000820 0.001142 0.001568 0.002124 0.002836 0.003736 0.004852 0.006214 0.007847 0.009772 0.011998 0.014525 0.017339 0.020408 0.023683 0.027097 0.030568 0.034000 0.037284 0.040310 0.042968 0.045156 0.046787 0.047794 0.048135 0.047794 0.046787 0.045156 0.042968 0.040310 0.037284 0.034000 0.030568 0.027097 0.023683 0.020408 0.017339 0.014525 0.011998 0.009772 0.007847 0.006214 0.004852 0.003736 0.002836 0.002124 0.001568 0.001142 0.000820 0.000581 0.000405 0.000279 0.000190 0.000127 0.000084 0.000055 0.000035 0.000022 0.000014 0.000009 0.000005 0.000003 0.000002 0.000001 0.000001 0.000000 0.000000 0.000000 0.000000 0.000000 0.000000 0.000000 0.000000 0.000000 
0.000000 0.000000 0.000000 0.000000 0.000000 0.000000 0.000000 0.000000 0.000000 0.000001 0.000001 0.000002 0.000003 0.000005 0.000009 0.000014 0.000023 0.000036 0.000057 0.000089 0.000136 0.000205 0.000306 0.000450 0.000654 0.000936 0.001320 0.001838 0.002524 0.003417 0.004561 0.006006 0.007798 0.009983 0.012604 0.015690 0.019260 0.023311 0.027821 0.032738 0.037984 0.043453 0.049012 0.054506 0.059764 0.064608 0.068863 0.072365 0.074976 0.076587 0.077132 0.076587 0.074976 0.072365 0.068863 0.064608 0.059764 0.054506 0.049012 0.043453 0.037984 0.032738 0.027821 0.023311 0.019260 0.015690 0.012604 0.009983 0.007798 0.006006 0.004561 0.003417 0.002524 0.001838 0.001320 0.000936 0.000654 0.000450 0.000306 0.000205 0.000136 0.000089 0.000057 0.000036 0.000023 0.000014 0.000009 0.000005 0.000003 0.000002 0.000001 0.000001 0.000000 0.000000 0.000000 0.000000 0.000000 0.000000 0.000000 0.000000 
0.000000 0.000000 0.000000 0.000000 0.000000 0.000000 0.000000 0.000000 0.000001 0.000001 0.000002 0.000003 0.000005 0.000008 0.000014 0.000022 0.000036 0.000058 0.000091 0.000141 0.000216 0.000327 0.000487 0.000717 0.001040 0.001487 0.002099 0.002920 0.004007 0.005423 0.007238 0.009527 0.012365 0.015826 0.019974 0.024859 0.030507 0.036916 0.044047 0.051821 0.060114 0.068758 0.077543 0.086224 0.094531 0.102183 0.108904 0.114436 0.118559 0.121104 0.121964 0.121104 0.118559 0.114436 0.108904 0.102183 0.094531 0.086224 0.077543 0.068758 0.060114 0.051821 0.044047 0.036916 0.030507 0.024859 0.019974 0.015826 0.012365 0.009527 0.007238 0.005423 0.004007 0.002920 0.002099 0.001487 0.001040 0.000717 0.000487 0.000327 0.000216 0.000141 0.000091 0.000058 0.000036 0.000022 0.000014 0.000008 0.000005 0.000003 0.000002 0.000001 0.000001 0.000000 0.000000 0.000000 0.000000 0.000000 0.000000 0.000000 
0.000000 0.000000 0.000000 0.000000 0.000000 0.000000 0.000000 0.000000 0.000001 0.000001 0.000003 0.000004 0.000008 0.000013 0.000021 0.000035 0.000057 0.000091 0.000143 0.000222 0.000340 0.000514 0.000766 0.001125 0.001632 0.002333 0.003290 0.004577 0.006278 0.008494 0.011332 0.014910 0.019346 0.024754 0.031234 0.038862 0.047679 0.057682 0.068811 0.080940 0.093877 0.107358 0.121056 0.134591 0.147542 0.159471 0.169946 0.178568 0.184993 0.188959 0.190300 0.188959 0.184993 0.178568 0.169946 0.159471 0.147542 0.134591 0.121056 0.107358 0.093877 0.080940 0.068811 0.057682 0.047679 0.038862 0.031234 0.024754 0.019346 0.014910 0.011332 0.008494 0.006278 0.004577 0.003290 0.002333 0.001632 0.001125 0.000766 0.000514 0.000340 0.000222 0.000143 0.000091 0.000057 0.000035 0.000021 0.000013 0.000008 0.000004 0.000003 0.000001 0.000001 0.000000 0.000000 0.000000 0.000000 0.000000 0.000000 0.000000 
0.000000 0.000000 0.000000 0.000000 0.000000 0.000000 0.000000 0.000001 0.000001 0.000002 0.000004 0.000007 0.000012 0.000020 0.000033 0.000055 0.000089 0.000141 0.000222 0.000345 0.000528 0.000797 0.001186 0.001743 0.002526 0.003611 0.005090 0.007077 0.009705 0.013124 0.017505 0.023024 0.029865 0.038202 0.048189 0.059943 0.073526 0.088932 0.106067 0.124739 0.144651 0.165398 0.186476 0.207299 0.227222 0.245570 0.261682 0.274942 0.284823 0.290922 0.292984 0.290922 0.284823 0.274942 0.261682 0.245570 0.227222 0.207299 0.186476 0.165398 0.144651 0.124739 0.106067 0.088932 0.073526 0.059943 0.048189 0.038202 0.029865 0.023024 0.017505 0.013124 0.009705 0.007077 0.005090 0.003611 0.002526 0.001743 0.001186 0.000797 0.000528 0.000345 0.000222 0.000141 0.000089 0.000055 0.000033 0.000020 0.000012 0.000007 0.000004 0.000002 0.000001 0.000001 0.000000 0.000000 0.000000 0.000000 0.000000 0.000000 
0.000000 0.000000 0.000000 0.000000 0.000000 0.000000 0.000001 0.000001 0.000002 0.000004 0.000006 0.000011 0.000018 0.000031 0.000051 0.000084 0.000136 0.000216 0.000340 0.000528 0.000807 0.001218 0.001814 0.002664 0.003858 0.005512 0.007768 0.010796 0.014800 0.020008 0.026677 0.035078 0.045487 0.058168 0.073355 0.091224 0.111870 0.135281 0.161314 0.189677 0.219918 0.251422 0.283424 0.315035 0.345275 0.373124 0.397575 0.417698 0.432693 0.441948 0.445076 0.441948 0.432693 0.417698 0.397575 0.373124 0.345275 0.315035 0.283424 0.251422 0.219918 0.189677 0.161314 0.135281 0.111870 0.091224 0.073355 0.058168 0.045487 0.035078 0.026677 0.020008 0.014800 0.010796 0.007768 0.005512 0.003858 0.002664 0.001814 0.001218 0.000807 0.000528 0.000340 0.000216 0.000136 0.000084 0.000051 0.000031 0.000018 0.000011 0.000006 0.000004 0.000002 0.000001 0.000001 0.000000 0.000000 0.000000 0.000000 0.000000 
0.000000 0.000000 0.000000 0.000000 0.000000 0.000001 0.000001 0.000002 0.000003 0.000005 0.000009 0.000016 0.000028 0.000047 0.000078 0.000127 0.000205 0.000327 0.000514 0.000797 0.001218 0.001838 0.002735 0.004015 0.005813 0.008302 0.011695 0.016249 0.022266 0.030092 0.040109 0.052724 0.068350 0.087382 0.110168 0.136971 0.167933 0.203034 0.242059 0.284568 0.329884 0.377085 0.425026 0.472375 0.517666 0.559372 0.595986 0.626117 0.648569 0.662425 0.667110 0.662425 0.648569 0.626117 0.595986 0.559372 0.517666 0.472375 0.425026 0.377085 0.329884 0.284568 0.242059 0.203034 0.167933 0.136971 0.110168 0.087382 0.068350 0.052724 0.040109 0.030092 0.022266 0.016249 0.011695 0.008302 0.005813 0.004015 0.002735 0.001838 0.001218 0.000797 0.000514 0.000327 0.000205 0.000127 0.000078 0.000047 0.000028 0.000016 0.000009 0.000005 0.000003 0.000002 0.000001 0.000001 0.000000 0.000000 0.000000 0.000000 
0.000000 0.000000 0.000000 0.000000 0.000000 0.000001 0.000001 0.000003 0.000005 0.000008 0.000014 0.000024 0.000042 0.000070 0.000116 0.000190 0.000306 0.000487 0.000766 0.001186 0.001814 0.002735 0.004068 0.005970 0.008640 0.012335 0.017370 0.024125 0.033047 0.044649 0.059493 0.078182 0.101325 0.129506 0.163236 0.202902 0.248713 0.300638 0.358356 0.421217 0.488215 0.557991 0.628852 0.698829 0.765757 0.827381 0.881480 0.925995 0.959164 0.979634 0.986554 0.979634 0.959164 0.925995 0.881480 0.827381 0.765757 0.698829 0.628852 0.557991 0.488215 0.421217 0.358356 0.300638 0.248713 0.202902 0.163236 0.129506 0.101325 0.078182 0.059493 0.044649 0.033047 0.024125 0.017370 0.012335 0.008640 0.005970 0.004068 0.002735 0.001814 0.001186 0.000766 0.000487 0.000306 0.000190 0.000116 0.000070 0.000042 0.000024 0.000014 0.000008 0.000005 0.000003 0.000001 0.000001 0.000000 0.000000 0.000000 0.000000 
0.000000 0.000000 0.000000 0.000000 0.000001 0.000001 0.000002 0.000004 0.000007 0.000012 0.000021 0.000036 0.000061 0.000103 0.000171 0.000279 0.000450 0.000717 0.001125 0.001743 0.002664 0.004015 0.005970 0.008756 0.012668 0.018079 0.025449 0.035334 0.048387 0.065353 0.087056 0.114371 0.148187 0.189353 0.238613 0.296530 0.363404 0.439187 0.523409 0.615120 0.712852 0.814621 0.917959 1.019996 1.117577 1.207418 1.286281 1.351170 1.399518 1.429355 1.439441 1.429355 1.399518 1.351170 1.286281 1.207418 1.117577 1.019996 0.917959 0.814621 0.712852 0.615120 0.523409 0.439187 0.363404 0.296530 0.238613 0.189353 0.148187 0.114371 0.087056 0.065353 0.048387 0.035334 0.025449 0.018079 0.012668 0.008756 0.005970 0.004015 0.002664 0.001743 0.001125 0.000717 0.000450 0.000279 0.000171 0.000103 0.000061 0.000036 0.000021 0.000012 0.000007 0.000004 0.000002 0.000001 0.000001 0.000000 0.000000 0.000000 
0.000000 0.000000 0.000000 0.000000 0.000001 0.000002 0.000003 0.000005 0.000010 0.000017 0.000030 0.000052 0.000089 0.000150 0.000248 0.000405 0.000654 0.001040 0.001632 0.002526 0.003858 0.005813 0.008640 0.012668 0.018322 0.026139 0.036782 0.051052 0.069889 0.094366 0.125667 0.165052 0.213798 0.273124 0.344098 0.427527 0.523837 0.632956 0.754206 0.886214 1.026868 1.173311 1.321992 1.468786 1.609156 1.738380 1.851806 1.945129 2.014659 2.057567 2.072073 2.057567 2.014659 1.945129 1.851806 1.738380 1.609156 1.468786 1.321992 1.173311 1.026868 0.886214 0.754206 0.632956 0.523837 0.427527 0.344098 0.273124 0.213798 0.165052 0.125667 0.094366 0.069889 0.051052 0.036782 0.026139 0.018322 0.012668 0.008640 0.005813 0.003858 0.002526 0.001632 0.001040 0.000654 0.000405 0.000248 0.000150 0.000089 0.000052 0.000030 0.000017 0.000010 0.000005 0.000003 0.000002 0.000001 0.000001 0.000000 0.000000 
0.000000 0.000000 0.000000 0.000001 0.000001 0.000002 0.000004 0.000008 0.000014 0.000025 0.000044 0.000075 0.000128 0.000215 0.000355 0.000581 0.000936 0.001487 0.002333 0.003611 0.005512 0.008302 0.012335 0.018079 0.026139 0.037277 0.052438 0.072760 0.099576 0.134412 0.178948 0.234971 0.304290 0.388635 0.489518 0.608078 0.744916 0.899925 1.072135 1.259595 1.459303 1.667202 1.878254 2.086604 2.285818 2.469198 2.630149 2.762566 2.861220 2.922099 2.942679 2.922099 2.861220 2.762566 2.630149 2.469198 2.285818 2.086604 1.878254 1.667202 1.459303 1.259595 1.072135 0.899925 0.744916 0.608078 0.489518 0.388635 0.304290 0.234971 0.178948 0.134412 0.099576 0.072760 0.052438 0.037277 0.026139 0.018079 0.012335 0.008302 0.005512 0.003611 0.002333 0.001487 0.000936 0.000581 0.000355 0.000215 0.000128 0.000075 0.000044 0.000025 0.000014 0.000008 0.000004 0.000002 0.000001 0.000001 0.000001 0.000001 
0.000000 0.000000 0.000001 0.000001 0.000002 0.000003 0.000006 0.000011 0.000020 0.000035 0.000062 0.000107 0.000181 0.000304 0.000502 0.000820 0.001320 0.002099 0.003290 0.005090 0.007768 0.011695 0.017370 0.025449 0.036782 0.052438 0.073742 0.102289 0.139949 0.188856 0.251365 0.329975 0.427221 0.545517 0.686977 0.853191 1.044992 1.262223 1.503519 1.766143 2.045885 2.337063 2.632624 2.924370 3.203297 3.460035 3.685357 3.870724 4.008821 4.094038 4.122845 4.094038 4.008821 3.870724 3.685357 3.460035 3.203297 2.924370 2.632624 2.337063 2.045885 1.766143 1.503519 1.262223 1.044992 0.853191 0.686977 0.545517 0.427221 0.329975 0.251365 0.188856 0.139949 0.102289 0.073742 0.052438 0.036782 0.025449 0.017370 0.011695 0.007768 0.005090 0.003290 0.002099 0.001320 0.000820 0.000502 0.000304 0.000181 0.000107 0.000062 0.000035 0.000020 0.000011 0.000006 0.000003 0.000002 0.000001 0.000001 0.000001 
0.000001 0.000001 0.000001 0.000001 0.000003 0.000005 0.000009 0.000016 0.000028 0.000050 0.000086 0.000149 0.000252 0.000423 0.000700 0.001142 0.001838 0.002920 0.004577 0.007077 0.010796 0.016249 0.024125 0.035334 0.051052 0.072760 0.102289 0.141844 0.194013 0.261745 0.348292 0.457104 0.591679 0.755350 0.951028 1.180902 1.446114 1.746436 2.079975 2.442940 2.829513 3.231838 3.640173 4.043197 4.428479 4.783086 5.094281 5.350281 5.540993 5.658674 5.698454 5.658674 5.540993 5.350281 5.094281 4.783086 4.428479 4.043197 3.640173 3.231838 2.829513 2.442940 2.079975 1.746436 1.446114 1.180902 0.951028 0.755350 0.591679 0.457104 0.348292 0.261745 0.194013 0.141844 0.102289 0.072760 0.051052 0.035334 0.024125 0.016249 0.010796 0.007077 0.004577 0.002920 0.001838 0.001142 0.000700 0.000423 0.000252 0.000149 0.000086 0.000050 0.000028 0.000016 0.000009 0.000005 0.000003 0.000002 0.000001 0.000001 
0.000001 0.000001 0.000001 0.000002 0.000004 0.000006 0.000012 0.000022 0.000039 0.000068 0.000119 0.000204 0.000347 0.000582 0.000961 0.001568 0.002524 0.004007 0.006278 0.009705 0.014800 0.022266 0.033047 0.048387 0.069889 0.099576 0.139949 0.194013 0.265300 0.357827 0.476027 0.624602 0.808313 1.031695 1.298707 1.612322 1.974084 2.383669 2.838486 3.333360 3.860350 4.408749 4.965280 5.514521 6.039540 6.522722 6.946728 7.295513 7.555337 7.715661 7.769856 7.715661 7.555337 7.295513 6.946728 6.522722 6.039540 5.514521 4.965280 4.408749 3.860350 3.333360 2.838486 2.383669 1.974084 1.612322 1.298707 1.031695 0.808313 0.624602 0.476027 0.357827 0.265300 0.194013 0.139949 0.099576 0.069889 0.048387 0.033047 0.022266 0.014800 0.009705 0.006278 0.004007 0.002524 0.001568 0.000961 0.000582 0.000347 0.000204 0.000119 0.000068 0.000039 0.000022 0.000012 0.000007 0.000004 0.000002 0.000001 0.000001 
0.000001 0.000001 0.000001 0.000003 0.000005 0.000009 0.000016 0.000029 0.000052 0.000093 0.000161 0.000277 0.000471 0.000788 0.001302 0.002124 0.003417 0.005423 0.008494 0.013124 0.020008 0.030092 0.044649 0.065353 0.094366 0.134412 0.188856 0.261745 0.357827 0.482508 0.641744 0.841856 1.089237 1.389978 1.749390 2.171453 2.658231 3.209271 3.821074 4.486668 5.195370 5.932778 6.681045 7.419442 8.125220 8.774713 9.344627 9.813415 10.162622 10.378094 10.450931 10.378094 10.162622 9.813415 9.344627 8.774713 8.125220 7.419442 6.681045 5.932778 5.195370 4.486668 3.821074 3.209271 2.658231 2.171453 1.749390 1.389978 1.089237 0.841856 0.641744 0.482508 0.357827 0.261745 0.188856 0.134412 0.094366 0.065353 0.044649 0.030092 0.020008 0.013124 0.008494 0.005423 0.003417 0.002124 0.001302 0.000788 0.000471 0.000277 0.000161 0.000093 0.000052 0.000029 0.000016 0.000009 0.000005 0.000003 0.000002 0.000002 
0.000001 0.000001 0.000002 0.000003 0.000006 0.000012 0.000022 0.000039 0.000070 0.000124 0.000216 0.000371 0.000629 0.001054 0.001740 0.002836 0.004561 0.007238 0.011332 0.017505 0.026677 0.040109 0.059493 0.087056 0.125667 0.178948 0.251365 0.348292 0.476027 0.641744 0.853343 1.119200 1.447789 1.847178 2.324393 2.884699 3.530810 4.262108 5.073930 5.957015 6.897182 7.875324 8.867773 9.847046 10.782987 11.644232 12.399913 13.021477 13.484475 13.770154 13.866722 13.770154 13.484475 13.021477 12.399913 11.644232 10.782987 9.847046 8.867773 7.875324 6.897182 5.957015 5.073930 4.262108 3.530810 2.884699 2.324393 1.847178 1.447789 1.119200 0.853343 0.641744 0.476027 0.348292 0.251365 0.178948 0.125667 0.087056 0.059493 0.040109 0.026677 0.017505 0.011332 0.007238 0.004561 0.002836 0.001740 0.001054 0.000629 0.000371 0.000216 0.000124 0.000070 0.000039 0.000022 0.000012 0.000007 0.000004 0.000003 0.000003 
0.000002 0.000002 0.000003 0.000005 0.000008 0.000016 0.000029 0.000052 0.000093 0.000164 0.000285 0.000489 0.000830 0.001389 0.002293 0.003736 0.006006 0.009527 0.014910 0.023024 0.035078 0.052724 0.078182 0.114371 0.165052 0.234971 0.329975 0.457104 0.624602 0.841856 1.119200 1.467589 1.898102 2.421277 3.046291 3.780009 4.625958 5.583302 6.645919 7.801670 9.031988 10.311869 11.610348 12.891484 14.115842 15.242416 16.230852 17.043829 17.649389 18.023025 18.149323 18.023025 17.649389 17.043829 16.230852 15.242416 14.115842 12.891484 11.610348 10.311869 9.031988 7.801670 6.645919 5.583302 4.625958 3.780009 3.046291 2.421277 1.898102 1.467589 1.119200 0.841856 0.624602 0.457104 0.329975 0.234971 0.165052 0.114371 0.078182 0.052724 0.035078 0.023024 0.014910 0.009527 0.006006 0.003736 0.002293 0.001389 0.000830 0.000489 0.000285 0.000164 0.000093 0.000052 0.000029 0.000016 0.000009 0.000005 0.000004 0.000004 
0.000002 0.000002 0.000003 0.000006 0.000011 0.000020 0.000037 0.000068 0.000121 0.000213 0.000371 0.000637 0.001079 0.001805 0.002979 0.004852 0.007798 0.012365 0.019346 0.029865 0.045487 0.068350 0.101325 0.148187 0.213798 0.304290 0.427221 0.591679 0.808313 1.089237 1.447789 1.898102 2.454460 3.130449 3.937888 4.885610 5.978136 7.214359 8.586346 10.078406 11.666560 13.318531 14.994358 16.647671 18.227604 19.681268 20.956626 22.005551 22.786839 23.268889 23.431833 23.268889 22.786839 22.005551 20.956626 19.681268 18.227604 16.647671 14.994358 13.318531 11.666560 10.078406 8.586346 7.214359 5.978136 4.885610 3.937888 3.130449 2.454460 1.898102 1.447789 1.089237 0.808313 0.591679 0.427221 0.304290 0.213798 0.148187 0.101325 0.068350 0.045487 0.029865 0.019346 0.012365 0.007798 0.004852 0.002979 0.001805 0.001079 0.000637 0.000371 0.000213 0.000121 0.000068 0.000037 0.000021 0.000011 0.000007 0.000005 0.000005 
0.000003 0.000003 0.000004 0.000008 0.000014 0.000026 0.000048 0.000087 0.000155 0.000273 0.000476 0.000816 0.001383 0.002313 0.003816 0.006214 0.009983 0.015826 0.024754 0.038202 0.058168 0.087382 0.129506 0.189353 0.273124 0.388635 0.545517 0.755350 1.031695 1.389978 1.847178 2.421277 3.130449 3.991965 5.020848 6.228307 7.620064 9.194669 10.941989 12.842020 14.864211 16.967465 19.100915 21.205546 23.216634 25.066893 26.690122 28.025107 29.019437 29.632923 29.840293 29.632923 29.019437 28.025107 26.690122 25.066893 23.216634 21.205546 19.100915 16.967465 14.864211 12.842020 10.941989 9.194669 7.620064 6.228307 5.020848 3.991965 3.130449 2.421277 1.847178 1.389978 1.031695 0.755350 0.545517 0.388635 0.273124 0.189353 0.129506 0.087382 0.058168 0.038202 0.024754 0.015826 0.009983 0.006214 0.003816 0.002313 0.001383 0.000816 0.000476 0.000273 0.000155 0.000087 0.000048 0.000026 0.000015 0.000009 0.000006 0.000006 
0.000004 0.000004 0.000006 0.000010 0.000018 0.000033 0.000061 0.000110 0.000196 0.000346 0.000601 0.001032 0.001749 0.002923 0.004821 0.007847 0.012604 0.019974 0.031234 0.048189 0.073355 0.110168 0.163236 0.238613 0.344098 0.489518 0.686977 0.951028 1.298707 1.749390 2.324393 3.046291 3.937888 5.020848 6.314002 7.831388 9.580147 11.558416 13.753426 16.140022 18.679817 21.321193 24.000279 26.642989 29.168087 31.491127 33.529036 35.205006 36.453278 37.223428 37.483751 37.223428 36.453278 35.205006 33.529036 31.491127 29.168087 26.642989 24.000279 21.321193 18.679817 16.140022 13.753426 11.558416 9.580147 7.831388 6.314002 5.020848 3.937888 3.046291 2.324393 1.749390 1.298707 0.951028 0.686977 0.489518 0.344098 0.238613 0.163236 0.110168 0.073355 0.048189 0.031234 0.019974 0.012604 0.007847 0.004821 0.002923 0.001749 0.001032 0.000601 0.000346 0.000196 0.000110 0.000061 0.000033 0.000019 0.000011 0.000008 0.000008 
0.000005 0.000005 0.000007 0.000012 0.000023 0.000042 0.000076 0.000137 0.000245 0.000431 0.000750 0.001287 0.002179 0.003642 0.006005 0.009772 0.015690 0.024859 0.038862 0.059943 0.091224 0.136971 0.202902 0.296530 0.427527 0.608078 0.853191 1.180902 1.612322 2.171453 2.884699 3.780009 4.885610 6.228307 7.831388 9.712196 11.879524 14.331012 17.050797 20.007680 23.154086 26.426063 29.744507 33.017679 36.145000 39.021929 41.545641 43.621064 45.166812 46.120481 46.442833 46.120481 45.166812 43.621064 41.545641 39.021929 36.145000 33.017679 29.744507 26.426063 23.154086 20.007680 17.050797 14.331012 11.879524 9.712196 7.831388 6.228307 4.885610 3.780009 2.884699 2.171453 1.612322 1.180902 0.853191 0.608078 0.427527 0.296530 0.202902 0.136971 0.091224 0.059943 0.038862 0.024859 0.015690 0.009772 0.006005 0.003642 0.002179 0.001287 0.000750 0.000431 0.000245 0.000137 0.000076 0.000042 0.000023 0.000014 0.000009 0.000009 
0.000006 0.000006 0.000009 0.000015 0.000028 0.000051 0.000093 0.000169 0.000301 0.000531 0.000922 0.001582 0.002678 0.004474 0.007375 0.011998 0.019260 0.030507 0.047679 0.073526 0.111870 0.167933 0.248713 0.363404 0.523837 0.744916 1.044992 1.446114 1.974084 2.658231 3.530810 4.625958 5.978136 7.620064 9.580147 11.879524 14.528878 17.525270 20.849261 24.462688 28.307392 32.305229 36.359559 40.358331 44.178712 47.693049 50.775790 53.310864 55.198911 56.363747 56.757474 56.363747 55.198911 53.310864 50.775790 47.693049 44.178712 40.358331 36.359559 32.305229 28.307392 24.462688 20.849261 17.525270 14.528878 11.879524 9.580147 7.620064 5.978136 4.625958 3.530810 2.658231 1.974084 1.446114 1.044992 0.744916 0.523837 0.363404 0.248713 0.167933 0.111870 0.073526 0.047679 0.030507 0.019260 0.011998 0.007375 0.004474 0.002678 0.001582 0.000922 0.000531 0.000301 0.000169 0.000094 0.000052 0.000029 0.000017 0.000012 0.000012 
0.000007 0.000007 0.000011 0.000018 0.000034 0.000062 0.000113 0.000205 0.000366 0.000643 0.001118 0.001917 0.003245 0.005419 0.008931 0.014525 0.023311 0.036916 0.057682 0.088932 0.135281 0.203034 0.300638 0.439187 0.632956 0.899925 1.262223 1.746436 2.383669 3.209271 4.262108 5.583302 7.214359 9.194669 11.558416 14.331012 17.525270 21.137578 25.144452 29.499847 34.133644 38.951656 43.837435 48.655986 53.259342 57.493749 61.207994 64.262294 66.536996 67.940360 68.414707 67.940360 66.536996 64.262294 61.207994 57.493749 53.259342 48.655986 43.837435 38.951656 34.133644 29.499847 25.144452 21.137578 17.525270 14.331012 11.558416 9.194669 7.214359 5.583302 4.262108 3.209271 2.383669 1.746436 1.262223 0.899925 0.632956 0.439187 0.300638 0.203034 0.135281 0.088932 0.057682 0.036916 0.023311 0.014525 0.008931 0.005419 0.003245 0.001917 0.001118 0.000644 0.000366 0.000205 0.000114 0.000063 0.000035 0.000020 0.000014 0.000014 
0.000009 0.000009 0.000013 0.000022 0.000040 0.000074 0.000136 0.000245 0.000437 0.000769 0.001336 0.002291 0.003876 0.006472 0.010664 0.017339 0.027821 0.044047 0.068811 0.106067 0.161314 0.242059 0.358356 0.523409 0.754206 1.072135 1.503519 2.079975 2.838486 3.821074 5.073930 6.645919 8.586346 10.941989 13.753426 17.050797 20.849261 25.144452 29.908386 35.086278 40.594744 46.321817 52.129094 57.856158 63.327198 68.359545 72.773563 76.403203 79.106337 80.773999 81.337677 80.773999 79.106337 76.403203 72.773563 68.359545 63.327198 57.856158 52.129094 46.321817 40.594744 35.086278 29.908386 25.144452 20.849261 17.050797 13.753426 10.941989 8.586346 6.645919 5.073930 3.821074 2.838486 2.079975 1.503519 1.072135 0.754206 0.523409 0.358356 0.242059 0.161314 0.106067 0.068811 0.044047 0.027821 0.017339 0.010664 0.006472 0.003876 0.002291 0.001336 0.000769 0.000437 0.000245 0.000136 0.000075 0.000041 0.000024 0.000017 0.000017 
0.000010 0.000010 0.000015 0.000026 0.000048 0.000088 0.000160 0.000289 0.000515 0.000907 0.001575 0.002699 0.004565 0.007620 0.012554 0.020408 0.032738 0.051821 0.080940 0.124739 0.189677 0.284568 0.421217 0.615120 0.886214 1.259595 1.766143 2.442940 3.333360 4.486668 5.957015 7.801670 10.078406 12.842020 16.140022 20.007680 24.462688 29.499847 35.086278 41.157692 47.616290 54.330789 61.138946 67.852736 74.266116 80.165024 85.338970 89.593393 92.761769 94.716430 95.377112 94.716430 92.761769 89.593393 85.338970 80.165024 74.266116 67.852736 61.138946 54.330789 47.616290 41.157692 35.086278 29.499847 24.462688 20.007680 16.140022 12.842020 10.078406 7.801670 5.957015 4.486668 3.333360 2.442940 1.766143 1.259595 0.886214 0.615120 0.421217 0.284568 0.189677 0.124739 0.080940 0.051821 0.032738 0.020408 0.012554 0.007620 0.004565 0.002699 0.001575 0.000907 0.000515 0.000289 0.000160 0.000088 0.000049 0.000029 0.000020 0.000020 
0.000012 0.000012 0.000017 0.000030 0.000055 0.000102 0.000186 0.000336 0.000599 0.001053 0.001829 0.003134 0.005301 0.008847 0.014571 0.023683 0.037984 0.060114 0.093877 0.144651 0.219918 0.329884 0.488215 0.712852 1.026868 1.459303 2.045885 2.829513 3.860350 5.195370 6.897182 9.031988 11.666560 14.864211 18.679817 23.154086 28.307392 34.133644 40.594744 47.616290 55.085151 62.849508 70.721770 78.484567 85.899726 92.719822 98.701577 103.620133 107.283045 109.542774 110.306565 109.542774 107.283045 103.620133 98.701577 92.719822 85.899726 78.484567 70.721770 62.849508 55.085151 47.616290 40.594744 34.133644 28.307392 23.154086 18.679817 14.864211 11.666560 9.031988 6.897182 5.195370 3.860350 2.829513 2.045885 1.459303 1.026868 0.712852 0.488215 0.329884 0.219918 0.144651 0.093877 0.060114 0.037984 0.023683 0.014571 0.008847 0.005301 0.003134 0.001829 0.001054 0.000599 0.000336 0.000187 0.000103 0.000057 0.000033 0.000023 0.000023 
0.000014 0.000014 0.000020 0.000035 0.000064 0.000117 0.000213 0.000385 0.000686 0.001207 0.002095 0.003589 0.006068 0.010126 0.016675 0.027097 0.043453 0.068758 0.107358 0.165398 0.251422 0.377085 0.557991 0.814621 1.173311 1.667202 2.337063 3.231838 4.408749 5.932778 7.875324 10.311869 13.318531 16.967465 21.321193 26.426063 32.305229 38.951656 46.321817 54.330789 62.849508 71.704811 80.682770 89.535530 97.991542 105.768725 112.589747 118.198285 122.374971 124.951632 125.822543 124.951632 122.374971 118.198285 112.589747 105.768725 97.991542 89.535530 80.682770 71.704811 62.849508 54.330789 46.321817 38.951656 32.305229 26.426063 21.321193 16.967465 13.318531 10.311869 7.875324 5.932778 4.408749 3.231838 2.337063 1.667202 1.173311 0.814621 0.557991 0.377085 0.251422 0.165398 0.107358 0.068758 0.043453 0.027097 0.016675 0.010126 0.006068 0.003589 0.002095 0.001207 0.000686 0.000385 0.000214 0.000118 0.000065 0.000038 0.000027 0.000027 
0.000016 0.000016 0.000023 0.000039 0.000072 0.000132 0.000241 0.000435 0.000775 0.001363 0.002365 0.004051 0.006849 0.011427 0.018814 0.030568 0.049012 0.077543 0.121056 0.186476 0.283424 0.425026 0.628852 0.917959 1.321992 1.878254 2.632624 3.640173 4.965280 6.681045 8.867773 11.610348 14.994358 19.100915 24.000279 29.744507 36.359559 43.837435 52.129094 61.138946 70.721770 80.682770 90.781330 100.738702 110.249518 118.996592 126.668086 132.975805 137.673108 140.570920 141.550375 140.570920 137.673108 132.975805 126.668086 118.996592 110.249518 100.738702 90.781330 80.682770 70.721770 61.138946 52.129094 43.837435 36.359559 29.744507 24.000279 19.100915 14.994358 11.610348 8.867773 6.681045 4.965280 3.640173 2.632624 1.878254 1.321992 0.917959 0.628852 0.425026 0.283424 0.186476 0.121056 0.077543 0.049012 0.030568 0.018814 0.011427 0.006849 0.004051 0.002365 0.001363 0.000775 0.000435 0.000242 0.000133 0.000074 0.000043 0.000030 0.000030 
