0.000000 0.000000 0.000000 0.000000 0.000000 0.000000 0.000000 0.000000 0.000000 0.000000 0.000000 0.000000 0.000000 0.000000 0.000000 0.000000 0.000000 0.000000 0.000000 0.000001 0.000001 0.000001 0.000002 0.000003 0.000003 0.000005 0.000006 0.000008 0.000011 0.000015 0.000019 0.000024 0.000030 0.000037 0.000045 0.000055 0.000065 0.000077 0.000090 0.000104 0.000118 0.000132 0.000147 0.000161 0.000175 0.000187 0.000197 0.000206 0.000213 0.000216 0.000218 0.000216 0.000213 0.000206 0.000197 0.000187 0.000175 0.000161 0.000147 0.000132 0.000118 0.000104 0.000090 0.000077 0.000065 0.000055 0.000045 0.000037 0.000030 0.000024 0.000019 0.000015 0.000011 0.000008 0.000006 0.000005 0.000003 0.000003 0.000002 0.000001 0.000001 0.000001 0.000000 0.000000 0.000000 0.000000 0.000000 0.000000 0.000000 0.000000 0.000000 0.000000 0.000000 0.000000 0.000000 0.000000 0.000000 0.000000 0.000000 0.000000 
0.000000 0.000000 0.000000 0.000000 0.000000 0.000000 0.000000 0.000000 0.000000 0.000000 0.000000 0.000000 0.000000 0.000000 0.000000 0.000000 0.000000 0.000000 0.000000 0.000001 0.000001 0.000001 0.000002 0.000003 0.000003 0.000005 0.000006 0.000008 0.000011 0.000015 0.000019 0.000024 0.000030 0.000037 0.000045 0.000055 0.000065 0.000077 0.000090 0.000104 0.000118 0.000132 0.000147 0.000161 0.000175 0.000187 0.000197 0.000206 0.000213 0.000216 0.000218 0.000216 0.000213 0.000206 0.000197 0.000187 0.000175 0.000161 0.000147 0.000132 0.000118 0.000104 0.000090 0.000077 0.000065 0.000055 0.000045 0.000037 0.000030 0.000024 0.000019 0.000015 0.000011 0.000008 0.000006 0.000005 0.000003 0.000003 0.000002 0.000001 0.000001 0.000001 0.000000 0.000000 0.000000 0.000000 0.000000 0.000000 0.000000 0.000000 0.000000 0.000000 0.000000 0.000000 0.000000 0.000000 0.000000 0.000000 0.000000 0.000000 
0.000000 0.000000 0.000000 0.000000 0.000000 0.000000 0.000000 0.000000 0.000000 0.000000 0.000000 0.000000 0.000000 0.000000 0.000000 0.000000 0.000000 0.000000 0.000001 0.000001 0.000001 0.000002 0.000002 0.000003 0.000005 0.000006 0.000008 0.000011 0.000015 0.000019 0.000025 0.000032 0.000040 0.000049 0.000060 0.000073 0.000087 0.000102 0.000119 0.000137 0.000156 0.000176 0.000195 0.000214 0.000232 0.000248 0.000262 0.000273 0.000282 0.000287 0.000289 0.000287 0.000282 0.000273 0.000262 0.000248 0.000232 0.000214 0.000195 0.000176 0.000156 0.000137 0.000119 0.000102 0.000087 0.000073 0.000060 0.000049 0.000040 0.000032 0.000025 0.000019 0.000015 0.000011 0.000008 0.000006 0.000005 0.000003 0.000002 0.000002 0.000001 0.000001 0.000001 0.000000 0.000000 0.000000 0.000000 0.000000 0.000000 0.000000 0.000000 0.000000 0.000000 0.000000 0.000000 0.000000 0.000000 0.000000 0.000000 0.000000 
0.000000 0.000000 0.000000 0.000000 0.000000 0.000000 0.000000 0.000000 0.000000 0.000000 0.000000 0.000000 0.000000 0.000000 0.000000 0.000000 0.000000 0.000001 0.000001 0.000001 0.000002 0.000003 0.000004 0.000005 0.000007 0.000010 0.000013 0.000018 0.000023 0.000030 0.000039 0.000049 0.000062 0.000077 0.000094 0.000114 0.000136 0.000160 0.000186 0.000215 0.000244 0.000274 0.000304 0.000334 0.000361 0.000387 0.000409 0.000426 0.000440 0.000448 0.000451 0.000448 0.000440 0.000426 0.000409 0.000387 0.000361 0.000334 0.000304 0.000274 0.000244 0.000215 0.000186 0.000160 0.000136 0.000114 0.000094 0.000077 0.000062 0.000049 0.000039 0.000030 0.000023 0.000018 0.000013 0.000010 0.000007 0.000005 0.000004 0.000003 0.000002 0.000001 0.000001 0.000001 0.000000 0.000000 0.000000 0.000000 0.000000 0.000000 0.000000 0.000000 0.000000 0.000000 0.000000 0.000000 0.000000 0.000000 0.000000 0.000000 
0.000000 0.000000 0.000000 0.000000 0.000000 0.000000 0.000000 0.000000 0.000000 0.000000 0.000000 0.000000 0.000000 0.000000 0.000000 0.000000 0.000001 0.000001 0.000001 0.000002 0.000003 0.000004 0.000006 0.000009 0.000012 0.000016 0.000022 0.000030 0.000039 0.000050 0.000065 0.000082 0.000103 0.000128 0.000156 0.000189 0.000225 0.000266 0.000309 0.000356 0.000405 0.000455 0.000505 0.000553 0.000599 0.000641 0.000677 0.000707 0.000729 0.000742 0.000747 0.000742 0.000729 0.000707 0.000677 0.000641 0.000599 0.000553 0.000505 0.000455 0.000405 0.000356 0.000309 0.000266 0.000225 0.000189 0.000156 0.000128 0.000103 0.000082 0.000065 0.000050 0.000039 0.000030 0.000022 0.000016 0.000012 0.000009 0.000006 0.000004 0.000003 0.000002 0.000001 0.000001 0.000001 0.000000 0.000000 0.000000 0.000000 0.000000 0.000000 0.000000 0.000000 0.000000 0.000000 0.000000 0.000000 0.000000 0.000000 0.000000 
0.000000 0.000000 0.000000 0.000000 0.000000 0.000000 0.000000 0.000000 0.000000 0.000000 0.000000 0.000000 0.000000 0.000000 0.000000 0.000001 0.000001 0.000002 0.000002 0.000004 0.000005 0.000007 0.000011 0.000015 0.000020 0.000028 0.000037 0.000050 0.000066 0.000085 0.000109 0.000139 0.000174 0.000215 0.000263 0.000318 0.000379 0.000447 0.000521 0.000599 0.000681 0.000765 0.000849 0.000930 0.001007 0.001077 0.001138 0.001188 0.001225 0.001248 0.001255 0.001248 0.001225 0.001188 0.001138 0.001077 0.001007 0.000930 0.000849 0.000765 0.000681 0.000599 0.000521 0.000447 0.000379 0.000318 0.000263 0.000215 0.000174 0.000139 0.000109 0.000085 0.000066 0.000050 0.000037 0.000028 0.000020 0.000015 0.000011 0.000007 0.000005 0.000004 0.000002 0.000002 0.000001 0.000001 0.000000 0.000000 0.000000 0.000000 0.000000 0.000000 0.000000 0.000000 0.000000 0.000000 0.000000 0.000000 0.000000 0.000000 
0.000000 0.000000 0.000000 0.000000 0.000000 0.000000 0.000000 0.000000 0.000000 0.000000 0.000000 0.000000 0.000000 0.000001 0.000001 0.000001 0.000002 0.000003 0.000004 0.000006 0.000009 0.000013 0.000018 0.000025 0.000034 0.000047 0.000063 0.000084 0.000110 0.000143 0.000184 0.000233 0.000292 0.000361 0.000441 0.000533 0.000636 0.000750 0.000873 0.001005 0.001142 0.001283 0.001423 0.001559 0.001688 0.001805 0.001907 0.001991 0.002052 0.002090 0.002103 0.002090 0.002052 0.001991 0.001907 0.001805 0.001688 0.001559 0.001423 0.001283 0.001142 0.001005 0.000873 0.000750 0.000636 0.000533 0.000441 0.000361 0.000292 0.000233 0.000184 0.000143 0.000110 0.000084 0.000063 0.000047 0.000034 0.000025 0.000018 0.000013 0.000009 0.000006 0.000004 0.000003 0.000002 0.000001 0.000001 0.000001 0.000000 0.000000 0.000000 0.000000 0.000000 0.000000 0.000000 0.000000 0.000000 0.000000 0.000000 0.000000 
0.000000 0.000000 0.000000 0.000000 0.000000 0.000000 0.000000 0.000000 0.000000 0.000000 0.000000 0.000000 0.000001 0.000001 0.000001 0.000002 0.000003 0.000005 0.000007 0.000010 0.000015 0.000021 0.000030 0.000042 0.000057 0.000078 0.000105 0.000140 0.000184 0.000238 0.000306 0.000388 0.000486 0.000601 0.000734 0.000887 0.001058 0.001247 0.001452 0.001670 0.001898 0.002131 0.002364 0.002591 0.002804 0.002999 0.003168 0.003306 0.003409 0.003471 0.003493 0.003471 0.003409 0.003306 0.003168 0.002999 0.002804 0.002591 0.002364 0.002131 0.001898 0.001670 0.001452 0.001247 0.001058 0.000887 0.000734 0.000601 0.000486 0.000388 0.000306 0.000238 0.000184 0.000140 0.000105 0.000078 0.000057 0.000042 0.000030 0.000021 0.000015 0.000010 0.000007 0.000005 0.000003 0.000002 0.000001 0.000001 0.000001 0.000000 0.000000 0.000000 0.000000 0.000000 0.000000 0.000000 0.000000 0.000000 0.000000 0.000000 
0.000000 0.000000 0.000000 0.000000 0.000000 0.000000 0.000000 0.000000 0.000000 0.000000 0.000000 0.000001 0.000001 0.000001 0.000002 0.000003 0.000005 0.000008 0.000012 0.000017 0.000024 0.000035 0.000049 0.000069 0.000095 0.000129 0.000173 0.000231 0.000303 0.000393 0.000504 0.000639 0.000800 0.000989 0.001209 0.001460 0.001741 0.002052 0.002389 0.002748 0.003122 0.003505 0.003887 0.004259 0.004610 0.004929 0.005207 0.005434 0.005602 0.005705 0.005740 0.005705 0.005602 0.005434 0.005207 0.004929 0.004610 0.004259 0.003887 0.003505 0.003122 0.002748 0.002389 0.002052 0.001741 0.001460 0.001209 0.000989 0.000800 0.000639 0.000504 0.000393 0.000303 0.000231 0.000173 0.000129 0.000095 0.000069 0.000049 0.000035 0.000024 0.000017 0.000012 0.000008 0.000005 0.000003 0.000002 0.000001 0.000001 0.000001 0.000000 0.000000 0.000000 0.000000 0.000000 0.000000 0.000000 0.000000 0.000000 0.000000 
0.000000 0.000000 0.000000 0.000000 0.000000 0.000000 0.000000 0.000000 0.000000 0.000000 0.000001 0.000001 0.000002 0.000002 0.000004 0.000006 0.000009 0.000013 0.000019 0.000028 0.000040 0.000057 0.000080 0.000112 0.000155 0.000210 0.000283 0.000376 0.000494 0.000641 0.000822 0.001041 0.001303 0.001611 0.001968 0.002376 0.002834 0.003339 0.003886 0.004470 0.005078 0.005700 0.006321 0.006925 0.007494 0.008013 0.008464 0.008833 0.009105 0.009273 0.009330 0.009273 0.009105 0.008833 0.008464 0.008013 0.007494 0.006925 0.006321 0.005700 0.005078 0.004470 0.003886 0.003339 0.002834 0.002376 0.001968 0.001611 0.001303 0.001041 0.000822 0.000641 0.000494 0.000376 0.000283 0.000210 0.000155 0.000112 0.000080 0.000057 0.000040 0.000028 0.000019 0.000013 0.000009 0.000006 0.000004 0.000002 0.000002 0.000001 0.000001 0.000000 0.000000 0.000000 0.000000 0.000000 0.000000 0.000000 0.000000 0.000000 
0.000000 0.000000 0.000000 0.000000 0.000000 0.000000 0.000000 0.000000 0.000000 0.000001 0.000001 0.000002 0.000002 0.000004 0.000006 0.000009 0.000014 0.000021 0.000031 0.000045 0.000065 0.000092 0.000130 0.000181 0.000249 0.000339 0.000456 0.000607 0.000796 0.001033 0.001324 0.001677 0.002098 0.002594 0.003169 0.003824 0.004560 0.005372 0.006252 0.007189 0.008167 0.009165 0.010163 0.011132 0.012047 0.012880 0.013604 0.014196 0.014634 0.014903 0.014994 0.014903 0.014634 0.014196 0.013604 0.012880 0.012047 0.011132 0.010163 0.009165 0.008167 0.007189 0.006252 0.005372 0.004560 0.003824 0.003169 0.002594 0.002098 0.001677 0.001324 0.001033 0.000796 0.000607 0.000456 0.000339 0.000249 0.000181 0.000130 0.000092 0.000065 0.000045 0.000031 0.000021 0.000014 0.000009 0.000006 0.000004 0.000002 0.000002 0.000001 0.000001 0.000000 0.000000 0.000000 0.000000 0.000000 0.000000 0.000000 0.000000 
0.000000 0.000000 0.000000 0.000000 0.000000 0.000000 0.000000 0.000000 0.000001 0.000001 0.000002 0.000002 0.000004 0.000006 0.000010 0.000015 0.000022 0.000033 0.000049 0.000071 0.000103 0.000147 0.000208 0.000289 0.000398 0.000542 0.000728 0.000967 0.001269 0.001646 0.002109 0.002671 0.003341 0.004130 0.005043 0.006085 0.007255 0.008545 0.009943 0.011431 0.012985 0.014571 0.016154 0.017694 0.019147 0.020469 0.021619 0.022557 0.023253 0.023680 0.023824 0.023680 0.023253 0.022557 0.021619 0.020469 0.019147 0.017694 0.016154 0.014571 0.012985 0.011431 0.009943 0.008545 0.007255 0.006085 0.005043 0.004130 0.003341 0.002671 0.002109 0.001646 0.001269 0.000967 0.000728 0.000542 0.000398 0.000289 0.000208 0.000147 0.000103 0.000071 0.000049 0.000033 0.000022 0.000015 0.000010 0.000006 0.000004 0.000002 0.000002 0.000001 0.000001 0.000000 0.000000 0.000000 0.000000 0.000000 0.000000 0.000000 
0.000000 0.000000 0.000000 0.000000 0.000000 0.000000 0.000000 0.000001 0.000001 0.000002 0.000002 0.000004 0.000006 0.000010 0.000015 0.000023 0.000035 0.000052 0.000077 0.000113 0.000163 0.000233 0.000328 0.000456 0.000628 0.000854 0.001148 0.001524 0.002000 0.002593 0.003322 0.004205 0.005259 0.006499 0.007936 0.009573 0.011410 0.013437 0.015634 0.017972 0.020410 0.022901 0.025387 0.027804 0.030085 0.032160 0.033964 0.035437 0.036528 0.037199 0.037426 0.037199 0.036528 0.035437 0.033964 0.032160 0.030085 0.027804 0.025387 0.022901 0.020410 0.017972 0.015634 0.013437 0.011410 0.009573 0.007936 0.006499 0.005259 0.004205 0.003322 0.002593 0.002000 0.001524 0.001148 0.000854 0.000628 0.000456 0.000328 0.000233 0.000163 0.000113 0.000077 0.000052 0.000035 0.000023 0.000015 0.000010 0.000006 0.000004 0.000002 0.000002 0.000001 0.000001 0.000000 0.000000 0.000000 0.000000 0.000000 0.000000 
0.000000 0.000000 0.000000 0.000000 0.000000 0.000000 0.000001 0.000001 0.000001 0.000002 0.000004 0.000006 0.000010 0.000015 0.000024 0.000036 0.000055 0.000082 0.000121 0.000176 0.000255 0.000363 0.000511 0.000712 0.000980 0.001332 0.001789 0.002375 0.003116 0.004038 0.005172 0.006545 0.008184 0.010112 0.012344 0.014888 0.017742 0.020890 0.024302 0.027931 0.031718 0.035584 0.039443 0.043194 0.046733 0.049953 0.052753 0.055038 0.056731 0.057772 0.058123 0.057772 0.056731 0.055038 0.052753 0.049953 0.046733 0.043194 0.039443 0.035584 0.031718 0.027931 0.024302 0.020890 0.017742 0.014888 0.012344 0.010112 0.008184 0.006545 0.005172 0.004038 0.003116 0.002375 0.001789 0.001332 0.000980 0.000712 0.000511 0.000363 0.000255 0.000176 0.000121 0.000082 0.000055 0.000036 0.000024 0.000015 0.000010 0.000006 0.000004 0.000002 0.000001 0.000001 0.000001 0.000000 0.000000 0.000000 0.000000 0.000000 
0.000000 0.000000 0.000000 0.000000 0.000000 0.000000 0.000001 0.000001 0.000002 0.000004 0.000006 0.000010 0.000015 0.000024 0.000037 0.000056 0.000085 0.000127 0.000187 0.000273 0.000393 0.000560 0.000789 0.001098 0.001510 0.002052 0.002756 0.003658 0.004797 0.006217 0.007960 0.010071 0.012590 0.015552 0.018981 0.022890 0.027273 0.032106 0.037344 0.042915 0.048727 0.054661 0.060581 0.066337 0.071766 0.076706 0.081001 0.084507 0.087103 0.088700 0.089238 0.088700 0.087103 0.084507 0.081001 0.076706 0.071766 0.066337 0.060581 0.054661 0.048727 0.042915 0.037344 0.032106 0.027273 0.022890 0.018981 0.015552 0.012590 0.010071 0.007960 0.006217 0.004797 0.003658 0.002756 0.002052 0.001510 0.001098 0.000789 0.000560 0.000393 0.000273 0.000187 0.000127 0.000085 0.000056 0.000037 0.000024 0.000015 0.000010 0.000006 0.000004 0.000002 0.000001 0.000001 0.000000 0.000000 0.000000 0.000000 0.000000 
0.000000 0.000000 0.000000 0.000000 0.000000 0.000001 0.000001 0.000002 0.000003 0.000006 0.000009 0.000015 0.000023 0.000036 0.000056 0.000086 0.000129 0.000193 0.000285 0.000416 0.000600 0.000854 0.001203 0.001674 0.002301 0.003126 0.004198 0.005570 0.007302 0.009460 0.012110 0.015319 0.019146 0.023645 0.028853 0.034788 0.041443 0.048780 0.056729 0.065184 0.074001 0.083004 0.091985 0.100715 0.108950 0.116442 0.122955 0.128271 0.132209 0.134630 0.135446 0.134630 0.132209 0.128271 0.122955 0.116442 0.108950 0.100715 0.091985 0.083004 0.074001 0.065184 0.056729 0.048780 0.041443 0.034788 0.028853 0.023645 0.019146 0.015319 0.012110 0.009460 0.007302 0.005570 0.004198 0.003126 0.002301 0.001674 0.001203 0.000854 0.000600 0.000416 0.000285 0.000193 0.000129 0.000086 0.000056 0.000036 0.000023 0.000015 0.000009 0.000006 0.000003 0.000002 0.000001 0.000001 0.000000 0.000000 0.000000 0.000000 
0.000000 0.000000 0.000000 0.000000 0.000001 0.000001 0.000002 0.000003 0.000005 0.000009 0.000014 0.000022 0.000035 0.000055 0.000085 0.000129 0.000195 0.000292 0.000430 0.000628 0.000904 0.001288 0.001813 0.002522 0.003466 0.004708 0.006319 0.008382 0.010987 0.014230 0.018212 0.023032 0.028781 0.035537 0.043356 0.052265 0.062252 0.073262 0.085189 0.097872 0.111098 0.124600 0.138069 0.151160 0.163507 0.174740 0.184503 0.192473 0.198376 0.202005 0.203229 0.202005 0.198376 0.192473 0.184503 0.174740 0.163507 0.151160 0.138069 0.124600 0.111098 0.097872 0.085189 0.073262 0.062252 0.052265 0.043356 0.035537 0.028781 0.023032 0.018212 0.014230 0.010987 0.008382 0.006319 0.004708 0.003466 0.002522 0.001813 0.001288 0.000904 0.000628 0.000430 0.000292 0.000195 0.000129 0.000085 0.000055 0.000035 0.000022 0.000014 0.000009 0.000005 0.000003 0.000002 0.000001 0.000001 0.000000 0.000000 0.000000 
0.000000 0.000000 0.000000 0.000001 0.000001 0.000002 0.000003 0.000005 0.000008 0.000013 0.000021 0.000033 0.000052 0.000082 0.000127 0.000193 0.000292 0.000435 0.000642 0.000936 0.001348 0.001919 0.002701 0.003755 0.005160 0.007007 0.009403 0.012469 0.016340 0.021159 0.027074 0.034231 0.042767 0.052795 0.064399 0.077619 0.092436 0.108768 0.126457 0.145266 0.164877 0.184897 0.204864 0.224269 0.242570 0.259219 0.273689 0.285500 0.294248 0.299626 0.301440 0.299626 0.294248 0.285500 0.273689 0.259219 0.242570 0.224269 0.204864 0.184897 0.164877 0.145266 0.126457 0.108768 0.092436 0.077619 0.064399 0.052795 0.042767 0.034231 0.027074 0.021159 0.016340 0.012469 0.009403 0.007007 0.005160 0.003755 0.002701 0.001919 0.001348 0.000936 0.000642 0.000435 0.000292 0.000193 0.000127 0.000082 0.000052 0.000033 0.000021 0.000013 0.000008 0.000005 0.000003 0.000002 0.000001 0.000001 0.000000 0.000000 
0.000000 0.000000 0.000001 0.000001 0.000001 0.000002 0.000004 0.000007 0.000012 0.000019 0.000031 0.000049 0.000077 0.000121 0.000187 0.000285 0.000430 0.000642 0.000947 0.001379 0.001986 0.002827 0.003976 0.005528 0.007593 0.010309 0.013830 0.018335 0.024021 0.031097 0.039782 0.050288 0.062815 0.077530 0.094555 0.113945 0.135675 0.159624 0.185559 0.213132 0.241878 0.271219 0.300481 0.328916 0.355731 0.380125 0.401324 0.418628 0.431444 0.439321 0.441979 0.439321 0.431444 0.418628 0.401324 0.380125 0.355731 0.328916 0.300481 0.271219 0.241878 0.213132 0.185559 0.159624 0.135675 0.113945 0.094555 0.077530 0.062815 0.050288 0.039782 0.031097 0.024021 0.018335 0.013830 0.010309 0.007593 0.005528 0.003976 0.002827 0.001986 0.001379 0.000947 0.000642 0.000430 0.000285 0.000187 0.000121 0.000077 0.000049 0.000031 0.000019 0.000012 0.000007 0.000004 0.000003 0.000002 0.000001 0.000001 0.000001 
0.000001 0.000001 0.000001 0.000001 0.000002 0.000004 0.000006 0.000010 0.000017 0.000028 0.000045 0.000071 0.000113 0.000176 0.000273 0.000416 0.000628 0.000936 0.001379 0.002009 0.002892 0.004115 0.005787 0.008042 0.011045 0.014990 0.020105 0.026648 0.034903 0.045175 0.057779 0.073024 0.091197 0.112540 0.137228 0.165342 0.196845 0.231559 0.269146 0.309103 0.350754 0.393263 0.435654 0.476843 0.515683 0.551013 0.581716 0.606775 0.625334 0.636741 0.640590 0.636741 0.625334 0.606775 0.581716 0.551013 0.515683 0.476843 0.435654 0.393263 0.350754 0.309103 0.269146 0.231559 0.196845 0.165342 0.137228 0.112540 0.091197 0.073024 0.057779 0.045175 0.034903 0.026648 0.020105 0.014990 0.011045 0.008042 0.005787 0.004115 0.002892 0.002009 0.001379 0.000936 0.000628 0.000416 0.000273 0.000176 0.000113 0.000071 0.000045 0.000028 0.000017 0.000010 0.000006 0.000004 0.000002 0.000001 0.000001 0.000001 
0.000001 0.000001 0.000001 0.000002 0.000003 0.000005 0.000009 0.000015 0.000024 0.000040 0.000065 0.000103 0.000163 0.000255 0.000393 0.000600 0.000904 0.001348 0.001986 0.002892 0.004163 0.005921 0.008324 0.011564 0.015878 0.021544 0.028888 0.038280 0.050128 0.064867 0.082947 0.104812 0.130870 0.161470 0.196859 0.237153 0.282297 0.332034 0.385882 0.443118 0.502773 0.563651 0.624355 0.683333 0.738944 0.789525 0.833479 0.869354 0.895921 0.912251 0.917760 0.912251 0.895921 0.869354 0.833479 0.789525 0.738944 0.683333 0.624355 0.563651 0.502773 0.443118 0.385882 0.332034 0.282297 0.237153 0.196859 0.161470 0.130870 0.104812 0.082947 0.064867 0.050128 0.038280 0.028888 0.021544 0.015878 0.011564 0.008324 0.005921 0.004163 0.002892 0.001986 0.001348 0.000904 0.000600 0.000393 0.000255 0.000163 0.000103 0.000065 0.000040 0.000024 0.000015 0.000009 0.000005 0.000003 0.000002 0.000002 0.000002 
0.000001 0.000001 0.000002 0.000003 0.000004 0.000007 0.000013 0.000021 0.000035 0.000057 0.000092 0.000147 0.000233 0.000363 0.000560 0.000854 0.001288 0.001919 0.002827 0.004115 0.005921 0.008420 0.011833 0.016435 0.022560 0.030603 0.041026 0.054352 0.071157 0.092060 0.117696 0.148692 0.185628 0.228991 0.279134 0.336217 0.400161 0.470602 0.546856 0.627896 0.712354 0.798535 0.884461 0.967939 1.046644 1.118228 1.180429 1.231194 1.268788 1.291895 1.299690 1.291895 1.268788 1.231194 1.180429 1.118228 1.046644 0.967939 0.884461 0.798535 0.712354 0.627896 0.546856 0.470602 0.400161 0.336217 0.279134 0.228991 0.185628 0.148692 0.117696 0.092060 0.071157 0.054352 0.041026 0.030603 0.022560 0.016435 0.011833 0.008420 0.005921 0.004115 0.002827 0.001919 0.001288 0.000854 0.000560 0.000363 0.000233 0.000147 0.000092 0.000057 0.000035 0.000021 0.000013 0.000008 0.000005 0.000003 0.000002 0.000002 
0.000002 0.000002 0.000002 0.000004 0.000006 0.000011 0.000018 0.000030 0.000049 0.000080 0.000130 0.000208 0.000328 0.000511 0.000789 0.001203 0.001813 0.002701 0.003976 0.005787 0.008324 0.011833 0.016625 0.023085 0.031680 0.042965 0.057585 0.076272 0.099834 0.129135 0.165064 0.208496 0.260241 0.320981 0.391206 0.471138 0.560665 0.659276 0.766010 0.879433 0.997625 1.118217 1.238443 1.355233 1.465340 1.565477 1.652486 1.723495 1.776079 1.808398 1.819302 1.808398 1.776079 1.723495 1.652486 1.565477 1.465340 1.355233 1.238443 1.118217 0.997625 0.879433 0.766010 0.659276 0.560665 0.471138 0.391206 0.320981 0.260241 0.208496 0.165064 0.129135 0.099834 0.076272 0.057585 0.042965 0.031680 0.023085 0.016625 0.011833 0.008324 0.005787 0.003976 0.002701 0.001813 0.001203 0.000789 0.000511 0.000328 0.000208 0.000130 0.000080 0.000049 0.000030 0.000018 0.000011 0.000007 0.000004 0.000003 0.000003 
0.000003 0.000003 0.000003 0.000005 0.000009 0.000015 0.000025 0.000042 0.000069 0.000112 0.000181 0.000289 0.000456 0.000712 0.001098 0.001674 0.002522 0.003755 0.005528 0.008042 0.011564 0.016435 0.023085 0.032047 0.043968 0.059616 0.079885 0.105786 0.138437 0.179033 0.228802 0.288953 0.360605 0.444699 0.541909 0.652541 0.776436 0.912884 1.060555 1.217462 1.380951 1.547744 1.714017 1.875527 2.027784 2.166248 2.286553 2.384732 2.457434 2.502117 2.517192 2.502117 2.457434 2.384732 2.286553 2.166248 2.027784 1.875527 1.714017 1.547744 1.380951 1.217462 1.060555 0.912884 0.776436 0.652541 0.541909 0.444699 0.360605 0.288953 0.228802 0.179033 0.138437 0.105786 0.079885 0.059616 0.043968 0.032047 0.023085 0.016435 0.011564 0.008042 0.005528 0.003755 0.002522 0.001674 0.001098 0.000712 0.000456 0.000289 0.000181 0.000112 0.000069 0.000042 0.000025 0.000015 0.000009 0.000006 0.000004 0.000004 
0.000003 0.000003 0.000005 0.000007 0.000012 0.000020 0.000034 0.000057 0.000095 0.000155 0.000249 0.000398 0.000628 0.000980 0.001510 0.002301 0.003466 0.005160 0.007593 0.011045 0.015878 0.022560 0.031680 0.043968 0.060309 0.081754 0.109526 0.145008 0.189728 0.245318 0.313456 0.395795 0.493860 0.608936 0.741940 0.893286 1.062754 1.249369 1.451311 1.665860 1.889389 2.117413 2.344708 2.565477 2.773586 2.962832 3.127251 3.261426 3.360782 3.421845 3.442445 3.421845 3.360782 3.261426 3.127251 2.962832 2.773586 2.565477 2.344708 2.117413 1.889389 1.665860 1.451311 1.249369 1.062754 0.893286 0.741940 0.608936 0.493860 0.395795 0.313456 0.245318 0.189728 0.145008 0.109526 0.081754 0.060309 0.043968 0.031680 0.022560 0.015878 0.011045 0.007593 0.005160 0.003466 0.002301 0.001510 0.000980 0.000628 0.000398 0.000249 0.000155 0.000095 0.000057 0.000034 0.000021 0.000013 0.000008 0.000006 0.000006 
0.000005 0.000005 0.000006 0.000010 0.000016 0.000028 0.000047 0.000078 0.000129 0.000210 0.000339 0.000542 0.000854 0.001332 0.002052 0.003126 0.004708 0.007007 0.010309 0.014990 0.021544 0.030603 0.042965 0.059616 0.081754 0.110802 0.148409 0.196449 0.256985 0.332220 0.424422 0.535821 0.668475 0.824116 1.003979 1.208619 1.437732 1.689998 1.962952 2.252917 2.554990 2.863112 3.170225 3.468500 3.749653 4.005310 4.227418 4.408665 4.542873 4.625354 4.653180 4.625354 4.542873 4.408665 4.227418 4.005310 3.749653 3.468500 3.170225 2.863112 2.554990 2.252917 1.962952 1.689998 1.437732 1.208619 1.003979 0.824116 0.668475 0.535821 0.424422 0.332220 0.256985 0.196449 0.148409 0.110802 0.081754 0.059616 0.042965 0.030603 0.021544 0.014990 0.010309 0.007007 0.004708 0.003126 0.002052 0.001332 0.000854 0.000542 0.000339 0.000210 0.000129 0.000078 0.000047 0.000028 0.000017 0.000011 0.000008 0.000008 
0.000006 0.000006 0.000008 0.000013 0.000022 0.000037 0.000063 0.000105 0.000173 0.000283 0.000456 0.000728 0.001148 0.001789 0.002756 0.004198 0.006319 0.009403 0.013830 0.020105 0.028888 0.041026 0.057585 0.079885 0.109526 0.148409 0.198742 0.263025 0.344012 0.444647 0.567958 0.716917 0.894269 1.102325 1.342726 1.616208 1.922359 2.259407 2.624060 3.011399 3.414876 3.826400 4.236546 4.634862 5.010292 5.351660 5.648220 5.890213 6.069398 6.179519 6.216669 6.179519 6.069398 5.890213 5.648220 5.351660 5.010292 4.634862 4.236546 3.826400 3.414876 3.011399 2.624060 2.259407 1.922359 1.616208 1.342726 1.102325 0.894269 0.716917 0.567958 0.444647 0.344012 0.263025 0.198742 0.148409 0.109526 0.079885 0.057585 0.041026 0.028888 0.020105 0.013830 0.009403 0.006319 0.004198 0.002756 0.001789 0.001148 0.000728 0.000457 0.000283 0.000173 0.000105 0.000063 0.000038 0.000023 0.000015 0.000011 0.000011 
0.000008 0.000008 0.000011 0.000018 0.000030 0.000050 0.000084 0.000140 0.000231 0.000376 0.000607 0.000967 0.001524 0.002375 0.003658 0.005570 0.008382 0.012469 0.018335 0.026648 0.038280 0.054352 0.076272 0.105786 0.145008 0.196449 0.263025 0.348036 0.455119 0.588157 0.751145 0.948004 1.182352 1.457232 1.774804 2.136031 2.540359 2.985446 3.466936 3.978334 4.510992 5.054231 5.595611 6.121345 6.616843 7.067365 7.458737 7.778085 8.014543 8.159860 8.208883 8.159860 8.014543 7.778085 7.458737 7.067365 6.616843 6.121345 5.595611 5.054231 4.510992 3.978334 3.466936 2.985446 2.540359 2.136031 1.774804 1.457232 1.182352 0.948004 0.751145 0.588157 0.455119 0.348036 0.263025 0.196449 0.145008 0.105786 0.076272 0.054352 0.038280 0.026648 0.018335 0.012469 0.008382 0.005570 0.003658 0.002375 0.001524 0.000967 0.000607 0.000376 0.000231 0.000140 0.000084 0.000050 0.000031 0.000020 0.000015 0.000015 
0.000011 0.000011 0.000015 0.000023 0.000039 0.000066 0.000110 0.000184 0.000303 0.000494 0.000796 0.001269 0.002000 0.003116 0.004797 0.007302 0.010987 0.016340 0.024021 0.034903 0.050128 0.071157 0.099834 0.138437 0.189728 0.256985 0.344012 0.455119 0.595048 0.768867 0.981782 1.238904 1.544949 1.903878 2.318499 2.790059 3.317827 3.898736 4.527095 5.194424 5.889438 6.598205 7.304500 7.990340 8.636703 9.224370 9.734860 10.151394 10.459804 10.649337 10.713276 10.649337 10.459804 10.151394 9.734860 9.224370 8.636703 7.990340 7.304500 6.598205 5.889438 5.194424 4.527095 3.898736 3.317827 2.790059 2.318499 1.903878 1.544949 1.238904 0.981782 0.768867 0.595048 0.455119 0.344012 0.256985 0.189728 0.138437 0.099834 0.071157 0.050128 0.034903 0.024021 0.016340 0.010987 0.007302 0.004797 0.003116 0.002000 0.001269 0.000796 0.000494 0.000303 0.000184 0.000111 0.000066 0.000040 0.000026 0.000020 0.000020 
0.000015 0.000015 0.000019 0.000030 0.000050 0.000085 0.000143 0.000238 0.000393 0.000641 0.001033 0.001646 0.002593 0.004038 0.006217 0.009460 0.014230 0.021159 0.031097 0.045175 0.064867 0.092060 0.129135 0.179033 0.245318 0.332220 0.444647 0.588157 0.768867 0.993306 1.268186 1.600093 1.995097 2.458297 2.993304 3.601712 4.282566 5.031899 5.842365 6.703020 7.599310 8.513270 9.423983 10.308272 11.141617 11.899254 12.557369 13.094341 13.491918 13.736245 13.818668 13.736245 13.491918 13.094341 12.557369 11.899254 11.141617 10.308272 9.423983 8.513270 7.599310 6.703020 5.842365 5.031899 4.282566 3.601712 2.993304 2.458297 1.995097 1.600093 1.268186 0.993306 0.768867 0.588157 0.444647 0.332220 0.245318 0.179033 0.129135 0.092060 0.064867 0.045175 0.031097 0.021159 0.014230 0.009460 0.006217 0.004038 0.002593 0.001646 0.001033 0.000641 0.000393 0.000239 0.000144 0.000086 0.000053 0.000034 0.000026 0.000026 
0.000019 0.000019 0.000025 0.000039 0.000065 0.000109 0.000184 0.000306 0.000504 0.000822 0.001324 0.002109 0.003322 0.005172 0.007960 0.012110 0.018212 0.027074 0.039782 0.057779 0.082947 0.117696 0.165064 0.228802 0.313456 0.424422 0.567958 0.751145 0.981782 1.268186 1.618908 2.042332 2.546187 3.136957 3.819231 4.595025 5.463109 6.418411 7.451557 8.548592 9.690963 10.855776 12.016378 13.143243 14.205141 15.170525 16.009069 16.693240 17.199793 17.511086 17.616099 17.511086 17.199793 16.693240 16.009069 15.170525 14.205141 13.143243 12.016378 10.855776 9.690963 8.548592 7.451557 6.418411 5.463109 4.595025 3.819231 3.136957 2.546187 2.042332 1.618908 1.268186 0.981782 0.751145 0.567958 0.424422 0.313456 0.228802 0.165064 0.117696 0.082947 0.057779 0.039782 0.027074 0.018212 0.012110 0.007960 0.005172 0.003322 0.002109 0.001324 0.000822 0.000504 0.000306 0.000184 0.000111 0.000067 0.000044 0.000033 0.000033 
0.000024 0.000024 0.000032 0.000049 0.000082 0.000139 0.000233 0.000388 0.000639 0.001041 0.001677 0.002671 0.004205 0.006545 0.010071 0.015319 0.023032 0.034231 0.050288 0.073024 0.104812 0.148692 0.208496 0.288953 0.395795 0.535821 0.716917 0.948004 1.238904 1.600093 2.042332 2.576176 3.211346 3.955996 4.815890 5.793548 6.887403 8.091050 9.392667 10.774668 12.213676 13.680859 15.142652 16.561880 17.899222 19.114968 20.170947 21.032500 21.670372 22.062359 22.194593 22.062359 21.670372 21.032500 20.170947 19.114968 17.899222 16.561880 15.142652 13.680859 12.213676 10.774668 9.392667 8.091050 6.887403 5.793548 4.815890 3.955996 3.211346 2.576176 2.042332 1.600093 1.238904 0.948004 0.716917 0.535821 0.395795 0.288953 0.208496 0.148692 0.104812 0.073024 0.050288 0.034231 0.023032 0.015319 0.010071 0.006545 0.004205 0.002671 0.001677 0.001041 0.000639 0.000388 0.000234 0.000140 0.000086 0.000055 0.000042 0.000042 
0.000030 0.000030 0.000040 0.000062 0.000103 0.000174 0.000292 0.000486 0.000800 0.001303 0.002098 0.003341 0.005259 0.008184 0.012590 0.019146 0.028781 0.042767 0.062815 0.091197 0.130870 0.185628 0.260241 0.360605 0.493860 0.668475 0.894269 1.182352 1.544949 1.995097 2.546187 3.211346 4.002663 4.930270 6.001325 7.218941 8.581147 10.079951 11.700618 13.421245 15.212726 17.039169 18.858802 20.625360 22.289922 23.803079 25.117344 26.189601 26.983458 27.471296 27.635863 27.471296 26.983458 26.189601 25.117344 23.803079 22.289922 20.625360 18.858802 17.039169 15.212726 13.421245 11.700618 10.079951 8.581147 7.218941 6.001325 4.930270 4.002663 3.211346 2.546187 1.995097 1.544949 1.182352 0.894269 0.668475 0.493860 0.360605 0.260241 0.185628 0.130870 0.091197 0.062815 0.042767 0.028781 0.019146 0.012590 0.008184 0.005259 0.003341 0.002098 0.001303 0.000800 0.000486 0.000293 0.000176 0.000107 0.000069 0.000053 0.000053 
0.000037 0.000037 0.000049 0.000077 0.000128 0.000215 0.000361 0.000601 0.000989 0.001611 0.002594 0.004130 0.006499 0.010112 0.015552 0.023645 0.035537 0.052795 0.077530 0.112540 0.161470 0.228991 0.320981 0.444699 0.608936 0.824116 1.102325 1.457232 1.903878 2.458297 3.136957 3.955996 4.930270 6.072226 7.390645 8.889335 10.565844 12.410318 14.404608 16.521754 18.725939 20.973009 23.211582 25.384760 27.432379 29.293687 30.910292 32.229186 33.205627 33.805658 34.008072 33.805658 33.205627 32.229186 30.910292 29.293687 27.432379 25.384760 23.211582 20.973009 18.725939 16.521754 14.404608 12.410318 10.565844 8.889335 7.390645 6.072226 4.930270 3.955996 3.136957 2.458297 1.903878 1.457232 1.102325 0.824116 0.608936 0.444699 0.320981 0.228991 0.161470 0.112540 0.077530 0.052795 0.035537 0.023645 0.015552 0.010112 0.006499 0.004130 0.002594 0.001611 0.000990 0.000602 0.000363 0.000218 0.000133 0.000086 0.000065 0.000065 
0.000045 0.000045 0.000060 0.000094 0.000156 0.000263 0.000441 0.000734 0.001209 0.001968 0.003169 0.005043 0.007936 0.012344 0.018981 0.028853 0.043356 0.064399 0.094555 0.137228 0.196859 0.279134 0.391206 0.541909 0.741940 1.003979 1.342726 1.774804 2.318499 2.993304 3.819231 4.815890 6.001325 7.390645 8.994503 10.817500 12.856626 15.099873 17.525152 20.099667 22.779861 25.512050 28.233771 30.875867 33.365214 35.627983 37.593216 39.196499 40.383467 41.112861 41.358913 41.112861 40.383467 39.196499 37.593216 35.627983 33.365214 30.875867 28.233771 25.512050 22.779861 20.099667 17.525152 15.099873 12.856626 10.817500 8.994503 7.390645 6.001325 4.815890 3.819231 2.993304 2.318499 1.774804 1.342726 1.003979 0.741940 0.541909 0.391206 0.279134 0.196859 0.137228 0.094555 0.064399 0.043356 0.028853 0.018981 0.012344 0.007936 0.005044 0.003169 0.001969 0.001209 0.000735 0.000443 0.000266 0.000162 0.000105 0.000080 0.000080 
0.000055 0.000055 0.000073 0.000114 0.000189 0.000318 0.000533 0.000887 0.001460 0.002376 0.003824 0.006085 0.009573 0.014888 0.022890 0.034788 0.052265 0.077619 0.113945 0.165342 0.237153 0.336217 0.471138 0.652541 0.893286 1.208619 1.616208 2.136031 2.790059 3.601712 4.595025 5.793548 7.218941 8.889335 10.817500 13.008933 15.459985 18.156196 21.070999 24.164966 27.385753 30.668850 33.939216 37.113773 40.104690 42.823291 45.184355 47.110528 48.536520 49.412785 49.708381 49.412785 48.536520 47.110528 45.184355 42.823291 40.104690 37.113773 33.939216 30.668850 27.385753 24.164966 21.070999 18.156196 15.459985 13.008933 10.817500 8.889335 7.218941 5.793548 4.595025 3.601712 2.790059 2.136031 1.616208 1.208619 0.893286 0.652541 0.471138 0.336217 0.237153 0.165342 0.113945 0.077619 0.052265 0.034788 0.022890 0.014888 0.009573 0.006086 0.003824 0.002376 0.001460 0.000888 0.000535 0.000322 0.000196 0.000127 0.000097 0.000097 
0.000065 0.000065 0.000087 0.000136 0.000225 0.000379 0.000636 0.001058 0.001741 0.002834 0.004560 0.007255 0.011410 0.017742 0.027273 0.041443 0.062252 0.092436 0.135675 0.196845 0.282297 0.400161 0.560665 0.776436 1.062754 1.437732 1.922359 2.540359 3.317827 4.282566 5.463109 6.887403 8.581147 10.565844 12.856626 15.459985 18.371551 21.574121 25.036115 28.710694 32.535686 36.434488 40.318002 44.087597 47.639009 50.866979 53.670355 55.957324 57.650397 58.690773 59.041727 58.690773 57.650397 55.957324 53.670355 50.866979 47.639009 44.087597 40.318002 36.434488 32.535686 28.710694 25.036115 21.574121 18.371551 15.459985 12.856626 10.565844 8.581147 6.887403 5.463109 4.282566 3.317827 2.540359 1.922359 1.437732 1.062754 0.776436 0.560665 0.400161 0.282297 0.196845 0.135675 0.092436 0.062252 0.041443 0.027273 0.017742 0.011411 0.007255 0.004560 0.002834 0.001742 0.001059 0.000639 0.000384 0.000234 0.000152 0.000116 0.000116 
0.000077 0.000077 0.000102 0.000160 0.000266 0.000447 0.000750 0.001247 0.002052 0.003339 0.005372 0.008545 0.013437 0.020890 0.032106 0.048780 0.073262 0.108768 0.159624 0.231559 0.332034 0.470602 0.659276 0.912884 1.249369 1.689998 2.259407 2.985446 3.898736 5.031899 6.418411 8.091050 10.079951 12.410318 15.099873 18.156196 21.574121 25.333419 29.397002 33.709875 38.199065 42.774674 47.332156 51.755787 55.923249 59.711059 63.000561 65.684059 67.670661 68.891395 69.303188 68.891395 67.670661 65.684059 63.000561 59.711059 55.923249 51.755787 47.332156 42.774674 38.199065 33.709875 29.397002 25.333419 21.574121 18.156196 15.099873 12.410318 10.079951 8.091050 6.418411 5.031899 3.898736 2.985446 2.259407 1.689998 1.249369 0.912884 0.659276 0.470602 0.332034 0.231559 0.159624 0.108768 0.073262 0.048780 0.032106 0.020890 0.013437 0.008545 0.005372 0.003339 0.002053 0.001249 0.000753 0.000453 0.000276 0.000179 0.000136 0.000136 
0.000090 0.000090 0.000119 0.000186 0.000309 0.000521 0.000873 0.001452 0.002389 0.003886 0.006252 0.009943 0.015634 0.024302 0.037344 0.056729 0.085189 0.126457 0.185559 0.269146 0.385882 0.546856 0.766010 1.060555 1.451311 1.962952 2.624060 3.466936 4.527095 5.842365 7.451557 9.392667 11.700618 14.404608 17.525152 21.070999 25.036115 29.397002 34.110609 39.113132 44.319926 49.626731 54.912311 60.042485 64.875431 69.267991 73.082603 76.194421 78.498081 79.913631 80.391139 79.913631 78.498081 76.194421 73.082603 69.267991 64.875431 60.042485 54.912311 49.626731 44.319926 39.113132 34.110609 29.397002 25.036115 21.070999 17.525152 14.404608 11.700618 9.392667 7.451557 5.842365 4.527095 3.466936 2.624060 1.962952 1.451311 1.060555 0.766010 0.546856 0.385882 0.269146 0.185559 0.126457 0.085189 0.056729 0.037344 0.024302 0.015634 0.009943 0.006252 0.003887 0.002390 0.001454 0.000877 0.000528 0.000322 0.000209 0.000159 0.000159 
0.000104 0.000104 0.000137 0.000215 0.000356 0.000599 0.001005 0.001670 0.002748 0.004470 0.007189 0.011431 0.017972 0.027931 0.042915 0.065184 0.097872 0.145266 0.213132 0.309103 0.443118 0.627896 0.879433 1.217462 1.665860 2.252917 3.011399 3.978334 5.194424 6.703020 8.548592 10.774668 13.421245 16.521754 20.099667 24.164966 28.710694 33.709875 39.113132 44.847311 50.815383 56.897854 62.955787 68.835423 74.374261 79.408272 83.779853 87.345971 89.985915 91.608091 92.155300 91.608091 89.985915 87.345971 83.779853 79.408272 74.374261 68.835423 62.955787 56.897854 50.815383 44.847311 39.113132 33.709875 28.710694 24.164966 20.099667 16.521754 13.421245 10.774668 8.548592 6.703020 5.194424 3.978334 3.011399 2.252917 1.665860 1.217462 0.879433 0.627896 0.443118 0.309103 0.213132 0.145266 0.097872 0.065184 0.042915 0.027931 0.017972 0.011432 0.007189 0.004470 0.002749 0.001673 0.001009 0.000607 0.000371 0.000241 0.000183 0.000183 
0.000118 0.000118 0.000156 0.000244 0.000405 0.000681 0.001142 0.001898 0.003122 0.005078 0.008167 0.012985 0.020410 0.031718 0.048727 0.074001 0.111098 0.164877 0.241878 0.350754 0.502773 0.712354 0.997625 1.380951 1.889389 2.554990 3.414876 4.510992 5.889438 7.599310 9.690963 12.213676 15.212726 18.725939 22.779861 27.385753 32.535686 38.199065 44.319926 50.815383 57.575523 64.465002 71.326468 77.985801 84.258987 89.960295 94.911276 98.949981 101.939743 103.776860 104.396572 103.776860 101.939743 98.949981 94.911276 89.960295 84.258987 77.985801 71.326468 64.465002 57.575523 50.815383 44.319926 38.199065 32.535686 27.385753 22.779861 18.725939 15.212726 12.213676 9.690963 7.599310 5.889438 4.510992 3.414876 2.554990 1.889389 1.380951 0.997625 0.712354 0.502773 0.350754 0.241878 0.164877 0.111098 0.074001 0.048727 0.031718 0.020410 0.012985 0.008167 0.005079 0.003124 0.001901 0.001147 0.000690 0.000422 0.000274 0.000208 0.000208 
0.000132 0.000132 0.000176 0.000274 0.000455 0.000765 0.001283 0.002131 0.003505 0.005700 0.009165 0.014571 0.022901 0.035584 0.054661 0.083004 0.124600 0.184897 0.271219 0.393263 0.563651 0.798535 1.118217 1.547744 2.117413 2.863112 3.826400 5.054231 6.598205 8.513270 10.855776 13.680859 17.039169 20.973009 25.512050 30.668850 36.434488 42.774674 49.626731 56.897854 64.465002 72.176682 79.856786 87.310450 94.331750 100.712849 106.254068 110.774195 114.120311 116.176384 116.869954 116.176384 114.120311 110.774195 106.254068 100.712849 94.331750 87.310450 79.856786 72.176682 64.465002 56.897854 49.626731 42.774674 36.434488 30.668850 25.512050 20.973009 17.039169 13.680859 10.855776 8.513270 6.598205 5.054231 3.826400 2.863112 2.117413 1.547744 1.118217 0.798535 0.563651 0.393263 0.271219 0.184897 0.124600 0.083004 0.054661 0.035585 0.022901 0.014571 0.009166 0.005701 0.003507 0.002135 0.001288 0.000775 0.000474 0.000307 0.000234 0.000234 
0.000147 0.000147 0.000195 0.000304 0.000505 0.000849 0.001423 0.002364 0.003887 0.006321 0.010163 0.016154 0.025387 0.039443 0.060581 0.091985 0.138069 0.204864 0.300481 0.435654 0.624355 0.884461 1.238443 1.714017 2.344708 3.170225 4.236546 5.595611 7.304500 9.423983 12.016378 15.142652 18.858802 23.211582 28.233771 33.939216 40.318002 47.332156 54.912311 62.955787 71.326468 79.856786 88.351957 96.596469 104.362585 111.420468 117.549305 122.548711 126.249591 128.523641 129.290739 128.523641 126.249591 122.548711 117.549305 111.420468 104.362585 96.596469 88.351957 79.856786 71.326468 62.955787 54.912311 47.332156 40.318002 33.939216 28.233771 23.211582 18.858802 15.142652 12.016378 9.423983 7.304500 5.595611 4.236546 3.170225 2.344708 1.714017 1.238443 0.884461 0.624355 0.435654 0.300481 0.204864 0.138069 0.091985 0.060581 0.039443 0.025387 0.016155 0.010163 0.006322 0.003889 0.002368 0.001429 0.000860 0.000525 0.000341 0.000260 0.000260 
