0.000000 0.000000 0.000000 0.000000 0.000000 0.000000 0.000000 0.000000 0.000000 0.000000 0.000000 0.000000 0.000000 0.000000 0.000000 0.000000 0.000000 0.000000 0.000000 0.000000 0.000000 0.000000 0.000000 0.000000 0.000000 0.000000 0.000000 0.000000 0.000000 0.000000 0.000000 0.000000 0.000000 0.000000 0.000000 0.000000 0.000000 0.000000 0.000000 0.000000 0.000000 0.000000 0.000000 0.000000 0.000000 0.000000 0.000000 0.000000 0.000000 0.000000 0.000000 0.000000 0.000000 0.000000 0.000000 0.000000 0.000000 0.000000 0.000000 0.000000 0.000000 0.000000 0.000000 0.000000 0.000000 0.000000 0.000000 0.000000 0.000000 0.000000 0.000000 0.000000 0.000000 0.000000 0.000000 0.000000 0.000000 0.000000 0.000000 0.000000 0.000000 0.000000 0.000000 0.000000 0.000000 0.000000 0.000000 0.000000 0.000000 0.000000 0.000000 0.000000 0.000000 0.000000 0.000000 0.000000 0.000000 0.000000 0.000000 0.000000 
0.000000 0.000000 0.000000 0.000000 0.000000 0.000000 0.000000 0.000000 0.000000 0.000000 0.000000 0.000000 0.000000 0.000000 0.000000 0.000000 0.000000 0.000000 0.000000 0.000000 0.000000 0.000000 0.000000 0.000000 0.000000 0.000000 0.000000 0.000000 0.000000 0.000000 0.000000 0.000000 0.000000 0.000000 0.000000 0.000000 0.000000 0.000000 0.000000 0.000000 0.000000 0.000000 0.000000 0.000000 0.000000 0.000000 0.000000 0.000000 0.000000 0.000000 0.000000 0.000000 0.000000 0.000000 0.000000 0.000000 0.000000 0.000000 0.000000 0.000000 0.000000 0.000000 0.000000 0.000000 0.000000 0.000000 0.000000 0.000000 0.000000 0.000000 0.000000 0.000000 0.000000 0.000000 0.000000 0.000000 0.000000 0.000000 0.000000 0.000000 0.000000 0.000000 0.000000 0.000000 0.000000 0.000000 0.000000 0.000000 0.000000 0.000000 0.000000 0.000000 0.000000 0.000000 0.000000 0.000000 0.000000 0.000000 0.000000 0.000000 
0.000000 0.000000 0.000000 0.000000 0.000000 0.000000 0.000000 0.000000 0.000000 0.000000 0.000000 0.000000 0.000000 0.000000 0.000000 0.000000 0.000000 0.000000 0.000000 0.000000 0.000000 0.000000 0.000000 0.000000 0.000000 0.000000 0.000000 0.000000 0.000000 0.000000 0.000000 0.000000 0.000000 0.000000 0.000000 0.000000 0.000000 0.000000 0.000000 0.000000 0.000000 0.000000 0.000000 0.000001 0.000001 0.000001 0.000001 0.000001 0.000001 0.000001 0.000001 0.000001 0.000001 0.000001 0.000001 0.000001 0.000001 0.000001 0.000000 0.000000 0.000000 0.000000 0.000000 0.000000 0.000000 0.000000 0.000000 0.000000 0.000000 0.000000 0.000000 0.000000 0.000000 0.000000 0.000000 0.000000 0.000000 0.000000 0.000000 0.000000 0.000000 0.000000 0.000000 0.000000 0.000000 0.000000 0.000000 0.000000 0.000000 0.000000 0.000000 0.000000 0.000000 0.000000 0.000000 0.000000 0.000000 0.000000 0.000000 0.000000 
0.000000 0.000000 0.000000 0.000000 0.000000 0.000000 0.000000 0.000000 0.000000 0.000000 0.000000 0.000000 0.000000 0.000000 0.000000 0.000000 0.000000 0.000000 0.000000 0.000000 0.000000 0.000000 0.000000 0.000000 0.000000 0.000000 0.000000 0.000000 0.000000 0.000000 0.000000 0.000000 0.000000 0.000000 0.000000 0.000000 0.000000 0.000000 0.000000 0.000001 0.000001 0.000001 0.000001 0.000001 0.000001 0.000001 0.000001 0.000002 0.000002 0.000002 0.000002 0.000002 0.000002 0.000002 0.000001 0.000001 0.000001 0.000001 0.000001 0.000001 0.000001 0.000001 0.000000 0.000000 0.000000 0.000000 0.000000 0.000000 0.000000 0.000000 0.000000 0.000000 0.000000 0.000000 0.000000 0.000000 0.000000 0.000000 0.000000 0.000000 0.000000 0.000000 0.000000 0.000000 0.000000 0.000000 0.000000 0.000000 0.000000 0.000000 0.000000 0.000000 0.000000 0.000000 0.000000 0.000000 0.000000 0.000000 0.000000 0.000000 
0.000000 0.000000 0.000000 0.000000 0.000000 0.000000 0.000000 0.000000 0.000000 0.000000 0.000000 0.000000 0.000000 0.000000 0.000000 0.000000 0.000000 0.000000 0.000000 0.000000 0.000000 0.000000 0.000000 0.000000 0.000000 0.000000 0.000000 0.000000 0.000000 0.000000 0.000000 0.000000 0.000000 0.000000 0.000000 0.000000 0.000001 0.000001 0.000001 0.000001 0.000001 0.000002 0.000002 0.000002 0.000003 0.000003 0.000003 0.000003 0.000003 0.000004 0.000004 0.000004 0.000003 0.000003 0.000003 0.000003 0.000003 0.000002 0.000002 0.000002 0.000001 0.000001 0.000001 0.000001 0.000001 0.000000 0.000000 0.000000 0.000000 0.000000 0.000000 0.000000 0.000000 0.000000 0.000000 0.000000 0.000000 0.000000 0.000000 0.000000 0.000000 0.000000 0.000000 0.000000 0.000000 0.000000 0.000000 0.000000 0.000000 0.000000 0.000000 0.000000 0.000000 0.000000 0.000000 0.000000 0.000000 0.000000 0.000000 0.000000 
0.000000 0.000000 0.000000 0.000000 0.000000 0.000000 0.000000 0.000000 0.000000 0.000000 0.000000 0.000000 0.000000 0.000000 0.000000 0.000000 0.000000 0.000000 0.000000 0.000000 0.000000 0.000000 0.000000 0.000000 0.000000 0.000000 0.000000 0.000000 0.000000 0.000000 0.000000 0.000000 0.000000 0.000001 0.000001 0.000001 0.000001 0.000002 0.000002 0.000003 0.000003 0.000004 0.000004 0.000005 0.000006 0.000006 0.000007 0.000007 0.000007 0.000008 0.000008 0.000008 0.000007 0.000007 0.000007 0.000006 0.000006 0.000005 0.000004 0.000004 0.000003 0.000003 0.000002 0.000002 0.000001 0.000001 0.000001 0.000001 0.000000 0.000000 0.000000 0.000000 0.000000 0.000000 0.000000 0.000000 0.000000 0.000000 0.000000 0.000000 0.000000 0.000000 0.000000 0.000000 0.000000 0.000000 0.000000 0.000000 0.000000 0.000000 0.000000 0.000000 0.000000 0.000000 0.000000 0.000000 0.000000 0.000000 0.000000 0.000000 
0.000000 0.000000 0.000000 0.000000 0.000000 0.000000 0.000000 0.000000 0.000000 0.000000 0.000000 0.000000 0.000000 0.000000 0.000000 0.000000 0.000000 0.000000 0.000000 0.000000 0.000000 0.000000 0.000000 0.000000 0.000000 0.000000 0.000000 0.000000 0.000000 0.000000 0.000000 0.000001 0.000001 0.000001 0.000002 0.000002 0.000003 0.000003 0.000004 0.000005 0.000007 0.000008 0.000009 0.000010 0.000012 0.000013 0.000014 0.000015 0.000016 0.000016 0.000016 0.000016 0.000016 0.000015 0.000014 0.000013 0.000012 0.000010 0.000009 0.000008 0.000007 0.000005 0.000004 0.000003 0.000003 0.000002 0.000002 0.000001 0.000001 0.000001 0.000000 0.000000 0.000000 0.000000 0.000000 0.000000 0.000000 0.000000 0.000000 0.000000 0.000000 0.000000 0.000000 0.000000 0.000000 0.000000 0.000000 0.000000 0.000000 0.000000 0.000000 0.000000 0.000000 0.000000 0.000000 0.000000 0.000000 0.000000 0.000000 0.000000 
0.000000 0.000000 0.000000 0.000000 0.000000 0.000000 0.000000 0.000000 0.000000 0.000000 0.000000 0.000000 0.000000 0.000000 0.000000 0.000000 0.000000 0.000000 0.000000 0.000000 0.000000 0.000000 0.000000 0.000000 0.000000 0.000000 0.000000 0.000000 0.000000 0.000001 0.000001 0.000001 0.000002 0.000002 0.000003 0.000004 0.000006 0.000007 0.000009 0.000011 0.000014 0.000016 0.000019 0.000022 0.000025 0.000027 0.000030 0.000032 0.000033 0.000034 0.000034 0.000034 0.000033 0.000032 0.000030 0.000027 0.000025 0.000022 0.000019 0.000016 0.000014 0.000011 0.000009 0.000007 0.000006 0.000004 0.000003 0.000002 0.000002 0.000001 0.000001 0.000001 0.000000 0.000000 0.000000 0.000000 0.000000 0.000000 0.000000 0.000000 0.000000 0.000000 0.000000 0.000000 0.000000 0.000000 0.000000 0.000000 0.000000 0.000000 0.000000 0.000000 0.000000 0.000000 0.000000 0.000000 0.000000 0.000000 0.000000 0.000000 
0.000000 0.000000 0.000000 0.000000 0.000000 0.000000 0.000000 0.000000 0.000000 0.000000 0.000000 0.000000 0.000000 0.000000 0.000000 0.000000 0.000000 0.000000 0.000000 0.000000 0.000000 0.000000 0.000000 0.000000 0.000000 0.000000 0.000000 0.000001 0.000001 0.000001 0.000002 0.000003 0.000004 0.000005 0.000007 0.000009 0.000012 0.000015 0.000019 0.000023 0.000028 0.000033 0.000039 0.000045 0.000051 0.000056 0.000061 0.000065 0.000068 0.000070 0.000071 0.000070 0.000068 0.000065 0.000061 0.000056 0.000051 0.000045 0.000039 0.000033 0.000028 0.000023 0.000019 0.000015 0.000012 0.000009 0.000007 0.000005 0.000004 0.000003 0.000002 0.000001 0.000001 0.000001 0.000000 0.000000 0.000000 0.000000 0.000000 0.000000 0.000000 0.000000 0.000000 0.000000 0.000000 0.000000 0.000000 0.000000 0.000000 0.000000 0.000000 0.000000 0.000000 0.000000 0.000000 0.000000 0.000000 0.000000 0.000000 0.000000 
0.000000 0.000000 0.000000 0.000000 0.000000 0.000000 0.000000 0.000000 0.000000 0.000000 0.000000 0.000000 0.000000 0.000000 0.000000 0.000000 0.000000 0.000000 0.000000 0.000000 0.000000 0.000000 0.000000 0.000000 0.000000 0.000000 0.000001 0.000001 0.000002 0.000003 0.000004 0.000005 0.000007 0.000010 0.000014 0.000018 0.000024 0.000030 0.000038 0.000047 0.000057 0.000068 0.000079 0.000091 0.000103 0.000113 0.000123 0.000131 0.000138 0.000141 0.000143 0.000141 0.000138 0.000131 0.000123 0.000113 0.000103 0.000091 0.000079 0.000068 0.000057 0.000047 0.000038 0.000030 0.000024 0.000018 0.000014 0.000010 0.000007 0.000005 0.000004 0.000003 0.000002 0.000001 0.000001 0.000000 0.000000 0.000000 0.000000 0.000000 0.000000 0.000000 0.000000 0.000000 0.000000 0.000000 0.000000 0.000000 0.000000 0.000000 0.000000 0.000000 0.000000 0.000000 0.000000 0.000000 0.000000 0.000000 0.000000 0.000000 
0.000000 0.000000 0.000000 0.000000 0.000000 0.000000 0.000000 0.000000 0.000000 0.000000 0.000000 0.000000 0.000000 0.000000 0.000000 0.000000 0.000000 0.000000 0.000000 0.000000 0.000000 0.000000 0.000000 0.000000 0.000001 0.000001 0.000001 0.000002 0.000003 0.000005 0.000007 0.000010 0.000015 0.000020 0.000027 0.000036 0.000047 0.000060 0.000076 0.000094 0.000114 0.000135 0.000158 0.000181 0.000204 0.000226 0.000245 0.000262 0.000274 0.000281 0.000284 0.000281 0.000274 0.000262 0.000245 0.000226 0.000204 0.000181 0.000158 0.000135 0.000114 0.000094 0.000076 0.000060 0.000047 0.000036 0.000027 0.000020 0.000015 0.000010 0.000007 0.000005 0.000003 0.000002 0.000001 0.000001 0.000001 0.000000 0.000000 0.000000 0.000000 0.000000 0.000000 0.000000 0.000000 0.000000 0.000000 0.000000 0.000000 0.000000 0.000000 0.000000 0.000000 0.000000 0.000000 0.000000 0.000000 0.000000 0.000000 0.000000 
0.000000 0.000000 0.000000 0.000000 0.000000 0.000000 0.000000 0.000000 0.000000 0.000000 0.000000 0.000000 0.000000 0.000000 0.000000 0.000000 0.000000 0.000000 0.000000 0.000000 0.000000 0.000000 0.000000 0.000001 0.000001 0.000002 0.000003 0.000004 0.000007 0.000010 0.000014 0.000021 0.000029 0.000040 0.000054 0.000071 0.000093 0.000119 0.000149 0.000184 0.000223 0.000265 0.000310 0.000355 0.000400 0.000442 0.000480 0.000512 0.000536 0.000551 0.000556 0.000551 0.000536 0.000512 0.000480 0.000442 0.000400 0.000355 0.000310 0.000265 0.000223 0.000184 0.000149 0.000119 0.000093 0.000071 0.000054 0.000040 0.000029 0.000021 0.000014 0.000010 0.000007 0.000004 0.000003 0.000002 0.000001 0.000001 0.000000 0.000000 0.000000 0.000000 0.000000 0.000000 0.000000 0.000000 0.000000 0.000000 0.000000 0.000000 0.000000 0.000000 0.000000 0.000000 0.000000 0.000000 0.000000 0.000000 0.000000 0.000000 
0.000000 0.000000 0.000000 0.000000 0.000000 0.000000 0.000000 0.000000 0.000000 0.000000 0.000000 0.000000 0.000000 0.000000 0.000000 0.000000 0.000000 0.000000 0.000000 0.000000 0.000000 0.000001 0.000001 0.000001 0.000002 0.000004 0.000006 0.000009 0.000013 0.000019 0.000028 0.000040 0.000056 0.000077 0.000104 0.000138 0.000179 0.000229 0.000288 0.000355 0.000430 0.000511 0.000597 0.000685 0.000771 0.000853 0.000926 0.000987 0.001033 0.001062 0.001071 0.001062 0.001033 0.000987 0.000926 0.000853 0.000771 0.000685 0.000597 0.000511 0.000430 0.000355 0.000288 0.000229 0.000179 0.000138 0.000104 0.000077 0.000056 0.000040 0.000028 0.000019 0.000013 0.000009 0.000006 0.000004 0.000002 0.000001 0.000001 0.000001 0.000000 0.000000 0.000000 0.000000 0.000000 0.000000 0.000000 0.000000 0.000000 0.000000 0.000000 0.000000 0.000000 0.000000 0.000000 0.000000 0.000000 0.000000 0.000000 0.000000 
0.000000 0.000000 0.000000 0.000000 0.000000 0.000000 0.000000 0.000000 0.000000 0.000000 0.000000 0.000000 0.000000 0.000000 0.000000 0.000000 0.000000 0.000000 0.000000 0.000000 0.000001 0.000001 0.000002 0.000003 0.000004 0.000007 0.000011 0.000017 0.000025 0.000037 0.000054 0.000076 0.000107 0.000147 0.000198 0.000262 0.000341 0.000436 0.000547 0.000675 0.000817 0.000971 0.001133 0.001299 0.001463 0.001617 0.001755 0.001871 0.001958 0.002013 0.002031 0.002013 0.001958 0.001871 0.001755 0.001617 0.001463 0.001299 0.001133 0.000971 0.000817 0.000675 0.000547 0.000436 0.000341 0.000262 0.000198 0.000147 0.000107 0.000076 0.000054 0.000037 0.000025 0.000017 0.000011 0.000007 0.000004 0.000003 0.000002 0.000001 0.000001 0.000000 0.000000 0.000000 0.000000 0.000000 0.000000 0.000000 0.000000 0.000000 0.000000 0.000000 0.000000 0.000000 0.000000 0.000000 0.000000 0.000000 0.000000 0.000000 
0.000000 0.000000 0.000000 0.000000 0.000000 0.000000 0.000000 0.000000 0.000000 0.000000 0.000000 0.000000 0.000000 0.000000 0.000000 0.000000 0.000000 0.000000 0.000000 0.000001 0.000001 0.000002 0.000003 0.000005 0.000008 0.000013 0.000021 0.000032 0.000047 0.000070 0.000101 0.000144 0.000201 0.000275 0.000371 0.000491 0.000639 0.000816 0.001024 0.001261 0.001526 0.001814 0.002117 0.002426 0.002730 0.003017 0.003275 0.003490 0.003653 0.003754 0.003788 0.003754 0.003653 0.003490 0.003275 0.003017 0.002730 0.002426 0.002117 0.001814 0.001526 0.001261 0.001024 0.000816 0.000639 0.000491 0.000371 0.000275 0.000201 0.000144 0.000101 0.000070 0.000047 0.000032 0.000021 0.000013 0.000008 0.000005 0.000003 0.000002 0.000001 0.000001 0.000000 0.000000 0.000000 0.000000 0.000000 0.000000 0.000000 0.000000 0.000000 0.000000 0.000000 0.000000 0.000000 0.000000 0.000000 0.000000 0.000000 0.000000 
0.000000 0.000000 0.000000 0.000000 0.000000 0.000000 0.000000 0.000000 0.000000 0.000000 0.000000 0.000000 0.000000 0.000000 0.000000 0.000000 0.000000 0.000000 0.000001 0.000001 0.000002 0.000004 0.000006 0.000010 0.000016 0.000025 0.000038 0.000058 0.000088 0.000129 0.000187 0.000265 0.000370 0.000508 0.000684 0.000905 0.001176 0.001502 0.001883 0.002319 0.002805 0.003333 0.003888 0.004455 0.005013 0.005539 0.006010 0.006405 0.006702 0.006887 0.006950 0.006887 0.006702 0.006405 0.006010 0.005539 0.005013 0.004455 0.003888 0.003333 0.002805 0.002319 0.001883 0.001502 0.001176 0.000905 0.000684 0.000508 0.000370 0.000265 0.000187 0.000129 0.000088 0.000058 0.000038 0.000025 0.000016 0.000010 0.000006 0.000004 0.000002 0.000001 0.000001 0.000000 0.000000 0.000000 0.000000 0.000000 0.000000 0.000000 0.000000 0.000000 0.000000 0.000000 0.000000 0.000000 0.000000 0.000000 0.000000 0.000000 
0.000000 0.000000 0.000000 0.000000 0.000000 0.000000 0.000000 0.000000 0.000000 0.000000 0.000000 0.000000 0.000000 0.000000 0.000000 0.000000 0.000000 0.000001 0.000001 0.000002 0.000004 0.000007 0.000011 0.000018 0.000029 0.000045 0.000070 0.000107 0.000160 0.000235 0.000339 0.000482 0.000672 0.000921 0.001240 0.001640 0.002131 0.002719 0.003408 0.004195 0.005073 0.006024 0.007026 0.008048 0.009054 0.010002 0.010852 0.011563 0.012099 0.012432 0.012545 0.012432 0.012099 0.011563 0.010852 0.010002 0.009054 0.008048 0.007026 0.006024 0.005073 0.004195 0.003408 0.002719 0.002131 0.001640 0.001240 0.000921 0.000672 0.000482 0.000339 0.000235 0.000160 0.000107 0.000070 0.000045 0.000029 0.000018 0.000011 0.000007 0.000004 0.000002 0.000001 0.000001 0.000000 0.000000 0.000000 0.000000 0.000000 0.000000 0.000000 0.000000 0.000000 0.000000 0.000000 0.000000 0.000000 0.000000 0.000000 0.000000 
0.000000 0.000000 0.000000 0.000000 0.000000 0.000000 0.000000 0.000000 0.000000 0.000000 0.000000 0.000000 0.000000 0.000000 0.000000 0.000000 0.000001 0.000001 0.000002 0.000004 0.000007 0.000012 0.000020 0.000032 0.000051 0.000081 0.000125 0.000191 0.000286 0.000420 0.000607 0.000861 0.001200 0.001644 0.002212 0.002924 0.003796 0.004842 0.006066 0.007465 0.009023 0.010712 0.012490 0.014302 0.016086 0.017768 0.019274 0.020534 0.021484 0.022075 0.022275 0.022075 0.021484 0.020534 0.019274 0.017768 0.016086 0.014302 0.012490 0.010712 0.009023 0.007465 0.006066 0.004842 0.003796 0.002924 0.002212 0.001644 0.001200 0.000861 0.000607 0.000420 0.000286 0.000191 0.000125 0.000081 0.000051 0.000032 0.000020 0.000012 0.000007 0.000004 0.000002 0.000001 0.000001 0.000000 0.000000 0.000000 0.000000 0.000000 0.000000 0.000000 0.000000 0.000000 0.000000 0.000000 0.000000 0.000000 0.000000 0.000000 
0.000000 0.000000 0.000000 0.000000 0.000000 0.000000 0.000000 0.000000 0.000000 0.000000 0.000000 0.000000 0.000000 0.000000 0.000000 0.000001 0.000001 0.000002 0.000004 0.000007 0.000012 0.000021 0.000035 0.000057 0.000091 0.000143 0.000221 0.000336 0.000503 0.000739 0.001067 0.001513 0.002108 0.002885 0.003880 0.005126 0.006653 0.008482 0.010622 0.013065 0.015786 0.018735 0.021838 0.025001 0.028112 0.031046 0.033673 0.035869 0.037525 0.038556 0.038905 0.038556 0.037525 0.035869 0.033673 0.031046 0.028112 0.025001 0.021838 0.018735 0.015786 0.013065 0.010622 0.008482 0.006653 0.005126 0.003880 0.002885 0.002108 0.001513 0.001067 0.000739 0.000503 0.000336 0.000221 0.000143 0.000091 0.000057 0.000035 0.000021 0.000012 0.000007 0.000004 0.000002 0.000001 0.000001 0.000000 0.000000 0.000000 0.000000 0.000000 0.000000 0.000000 0.000000 0.000000 0.000000 0.000000 0.000000 0.000000 0.000000 
0.000000 0.000000 0.000000 0.000000 0.000000 0.000000 0.000000 0.000000 0.000000 0.000000 0.000000 0.000000 0.000000 0.000000 0.000001 0.000001 0.000002 0.000004 0.000007 0.000013 0.000022 0.000036 0.000060 0.000098 0.000158 0.000248 0.000384 0.000583 0.000871 0.001279 0.001844 0.002614 0.003640 0.004980 0.006694 0.008839 0.011466 0.014611 0.018290 0.022490 0.027165 0.032228 0.037555 0.042985 0.048323 0.053356 0.057862 0.061629 0.064470 0.066237 0.066836 0.066237 0.064470 0.061629 0.057862 0.053356 0.048323 0.042985 0.037555 0.032228 0.027165 0.022490 0.018290 0.014611 0.011466 0.008839 0.006694 0.004980 0.003640 0.002614 0.001844 0.001279 0.000871 0.000583 0.000384 0.000248 0.000158 0.000098 0.000060 0.000036 0.000022 0.000013 0.000007 0.000004 0.000002 0.000001 0.000001 0.000000 0.000000 0.000000 0.000000 0.000000 0.000000 0.000000 0.000000 0.000000 0.000000 0.000000 0.000000 0.000000 
0.000000 0.000000 0.000000 0.000000 0.000000 0.000000 0.000000 0.000000 0.000000 0.000000 0.000000 0.000000 0.000000 0.000001 0.000001 0.000002 0.000004 0.000007 0.000012 0.000022 0.000037 0.000062 0.000103 0.000168 0.000269 0.000423 0.000654 0.000994 0.001483 0.002176 0.003136 0.004442 0.006182 0.008454 0.011357 0.014989 0.019434 0.024755 0.030976 0.038075 0.045972 0.054525 0.063521 0.072686 0.081696 0.090189 0.097792 0.104147 0.108939 0.111919 0.112930 0.111919 0.108939 0.104147 0.097792 0.090189 0.081696 0.072686 0.063521 0.054525 0.045972 0.038075 0.030976 0.024755 0.019434 0.014989 0.011357 0.008454 0.006182 0.004442 0.003136 0.002176 0.001483 0.000994 0.000654 0.000423 0.000269 0.000168 0.000103 0.000062 0.000037 0.000022 0.000012 0.000007 0.000004 0.000002 0.000001 0.000001 0.000000 0.000000 0.000000 0.000000 0.000000 0.000000 0.000000 0.000000 0.000000 0.000000 0.000000 0.000000 
0.000000 0.000000 0.000000 0.000000 0.000000 0.000000 0.000000 0.000000 0.000000 0.000000 0.000000 0.000000 0.000001 0.000001 0.000002 0.000004 0.000007 0.000012 0.000021 0.000036 0.000062 0.000105 0.000174 0.000283 0.000452 0.000710 0.001097 0.001665 0.002483 0.003640 0.005244 0.007424 0.010325 0.014111 0.018947 0.024995 0.032394 0.041245 0.051590 0.063391 0.076514 0.090722 0.105662 0.120880 0.135836 0.149932 0.162549 0.173093 0.181042 0.185986 0.187664 0.185986 0.181042 0.173093 0.162549 0.149932 0.135836 0.120880 0.105662 0.090722 0.076514 0.063391 0.051590 0.041245 0.032394 0.024995 0.018947 0.014111 0.010325 0.007424 0.005244 0.003640 0.002483 0.001665 0.001097 0.000710 0.000452 0.000283 0.000174 0.000105 0.000062 0.000036 0.000021 0.000012 0.000007 0.000004 0.000002 0.000001 0.000001 0.000000 0.000000 0.000000 0.000000 0.000000 0.000000 0.000000 0.000000 0.000000 0.000000 0.000000 
0.000000 0.000000 0.000000 0.000000 0.000000 0.000000 0.000000 0.000000 0.000000 0.000000 0.000000 0.000000 0.000001 0.000002 0.000003 0.000006 0.000011 0.000020 0.000035 0.000060 0.000103 0.000174 0.000287 0.000467 0.000746 0.001171 0.001808 0.002742 0.004088 0.005989 0.008622 0.012198 0.016956 0.023161 0.031083 0.040986 0.053096 0.067577 0.084494 0.103785 0.125233 0.148444 0.172845 0.197696 0.222113 0.245121 0.265711 0.282918 0.295889 0.303955 0.306693 0.303955 0.295889 0.282918 0.265711 0.245121 0.222113 0.197696 0.172845 0.148444 0.125233 0.103785 0.084494 0.067577 0.053096 0.040986 0.031083 0.023161 0.016956 0.012198 0.008622 0.005989 0.004088 0.002742 0.001808 0.001171 0.000746 0.000467 0.000287 0.000174 0.000103 0.000060 0.000035 0.000020 0.000011 0.000006 0.000003 0.000002 0.000001 0.000000 0.000000 0.000000 0.000000 0.000000 0.000000 0.000000 0.000000 0.000000 0.000000 0.000000 
0.000000 0.000000 0.000000 0.000000 0.000000 0.000000 0.000000 0.000000 0.000000 0.000000 0.000000 0.000001 0.000001 0.000003 0.000005 0.000010 0.000018 0.000032 0.000057 0.000098 0.000168 0.000283 0.000467 0.000758 0.001210 0.001899 0.002929 0.004440 0.006616 0.009686 0.013937 0.019706 0.027379 0.037379 0.050141 0.066085 0.085575 0.108871 0.136077 0.167090 0.201558 0.238850 0.278044 0.317950 0.357152 0.394085 0.427133 0.454747 0.475560 0.488504 0.492896 0.488504 0.475560 0.454747 0.427133 0.394085 0.357152 0.317950 0.278044 0.238850 0.201558 0.167090 0.136077 0.108871 0.085575 0.066085 0.050141 0.037379 0.027379 0.019706 0.013937 0.009686 0.006616 0.004440 0.002929 0.001899 0.001210 0.000758 0.000467 0.000283 0.000168 0.000098 0.000057 0.000032 0.000018 0.000010 0.000005 0.000003 0.000001 0.000001 0.000000 0.000000 0.000000 0.000000 0.000000 0.000000 0.000000 0.000000 0.000000 0.000000 
0.000000 0.000000 0.000000 0.000000 0.000000 0.000000 0.000000 0.000000 0.000000 0.000000 0.000001 0.000001 0.000002 0.000004 0.000008 0.000016 0.000029 0.000051 0.000091 0.000158 0.000269 0.000452 0.000746 0.001210 0.001931 0.003028 0.004666 0.007069 0.010526 0.015402 0.022149 0.031300 0.043466 0.059311 0.079525 0.104768 0.135612 0.172464 0.215486 0.264513 0.318984 0.377901 0.439808 0.502826 0.564719 0.623020 0.675182 0.718762 0.751606 0.772030 0.778961 0.772030 0.751606 0.718762 0.675182 0.623020 0.564719 0.502826 0.439808 0.377901 0.318984 0.264513 0.215486 0.172464 0.135612 0.104768 0.079525 0.059311 0.043466 0.031300 0.022149 0.015402 0.010526 0.007069 0.004666 0.003028 0.001931 0.001210 0.000746 0.000452 0.000269 0.000158 0.000091 0.000051 0.000029 0.000016 0.000008 0.000004 0.000002 0.000001 0.000001 0.000000 0.000000 0.000000 0.000000 0.000000 0.000000 0.000000 0.000000 0.000000 
0.000000 0.000000 0.000000 0.000000 0.000000 0.000000 0.000000 0.000000 0.000000 0.000000 0.000001 0.000002 0.000004 0.000007 0.000013 0.000025 0.000045 0.000081 0.000143 0.000248 0.000423 0.000710 0.001171 0.001899 0.003028 0.004744 0.007308 0.011064 0.016463 0.024077 0.034604 0.048876 0.067840 0.092528 0.124008 0.163303 0.211297 0.268619 0.335514 0.411722 0.496368 0.587897 0.684049 0.781903 0.877995 0.968494 1.049454 1.117085 1.168051 1.199744 1.210498 1.199744 1.168051 1.117085 1.049454 0.968494 0.877995 0.781903 0.684049 0.587897 0.496368 0.411722 0.335514 0.268619 0.211297 0.163303 0.124008 0.092528 0.067840 0.048876 0.034604 0.024077 0.016463 0.011064 0.007308 0.004744 0.003028 0.001899 0.001171 0.000710 0.000423 0.000248 0.000143 0.000081 0.000045 0.000025 0.000013 0.000007 0.000004 0.000002 0.000001 0.000000 0.000000 0.000000 0.000000 0.000000 0.000000 0.000000 0.000000 0.000000 
0.000000 0.000000 0.000000 0.000000 0.000000 0.000000 0.000000 0.000000 0.000000 0.000001 0.000001 0.000003 0.000006 0.000011 0.000021 0.000038 0.000070 0.000125 0.000221 0.000384 0.000654 0.001097 0.001808 0.002929 0.004666 0.007308 0.011249 0.017021 0.025313 0.036999 0.053149 0.075031 0.104093 0.141911 0.190110 0.250250 0.323678 0.411344 0.513616 0.630089 0.759423 0.899237 1.046078 1.195489 1.342181 1.480315 1.603872 1.707076 1.784845 1.833201 1.849610 1.833201 1.784845 1.707076 1.603872 1.480315 1.342181 1.195489 1.046078 0.899237 0.759423 0.630089 0.513616 0.411344 0.323678 0.250250 0.190110 0.141911 0.104093 0.075031 0.053149 0.036999 0.025313 0.017021 0.011249 0.007308 0.004666 0.002929 0.001808 0.001097 0.000654 0.000384 0.000221 0.000125 0.000070 0.000038 0.000021 0.000011 0.000006 0.000003 0.000001 0.000001 0.000000 0.000000 0.000000 0.000000 0.000000 0.000000 0.000000 0.000000 
0.000000 0.000000 0.000000 0.000000 0.000000 0.000000 0.000000 0.000000 0.000001 0.000001 0.000002 0.000004 0.000009 0.000017 0.000032 0.000058 0.000107 0.000191 0.000336 0.000583 0.000994 0.001665 0.002742 0.004440 0.007069 0.011064 0.017021 0.025739 0.038257 0.055889 0.080244 0.113228 0.157013 0.213963 0.286517 0.377012 0.487457 0.619274 0.773004 0.948027 1.142324 1.352312 1.572806 1.797113 2.017299 2.224610 2.410019 2.564873 2.681553 2.754100 2.778717 2.754100 2.681553 2.564873 2.410019 2.224610 2.017299 1.797113 1.572806 1.352312 1.142324 0.948027 0.773004 0.619274 0.487457 0.377012 0.286517 0.213963 0.157013 0.113228 0.080244 0.055889 0.038257 0.025739 0.017021 0.011064 0.007069 0.004440 0.002742 0.001665 0.000994 0.000583 0.000336 0.000191 0.000107 0.000058 0.000032 0.000017 0.000009 0.000004 0.000002 0.000001 0.000001 0.000000 0.000000 0.000000 0.000000 0.000000 0.000000 0.000000 
0.000000 0.000000 0.000000 0.000000 0.000000 0.000000 0.000000 0.000000 0.000001 0.000002 0.000003 0.000007 0.000013 0.000025 0.000047 0.000088 0.000160 0.000286 0.000503 0.000871 0.001483 0.002483 0.004088 0.006616 0.010526 0.016463 0.025313 0.038257 0.056833 0.082984 0.119088 0.167962 0.232811 0.317123 0.424492 0.558359 0.721681 0.916542 1.143725 1.402302 1.689278 1.999358 2.324880 2.655968 2.980921 3.286827 3.560383 3.788834 3.960957 4.067971 4.104283 4.067971 3.960957 3.788834 3.560383 3.286827 2.980921 2.655968 2.324880 1.999358 1.689278 1.402302 1.143725 0.916542 0.721681 0.558359 0.424492 0.317123 0.232811 0.167962 0.119088 0.082984 0.056833 0.038257 0.025313 0.016463 0.010526 0.006616 0.004088 0.002483 0.001483 0.000871 0.000503 0.000286 0.000160 0.000088 0.000047 0.000025 0.000013 0.000007 0.000003 0.000002 0.000001 0.000000 0.000000 0.000000 0.000000 0.000000 0.000000 0.000000 
0.000000 0.000000 0.000000 0.000000 0.000000 0.000000 0.000000 0.000001 0.000001 0.000003 0.000005 0.000010 0.000019 0.000037 0.000070 0.000129 0.000235 0.000420 0.000739 0.001279 0.002176 0.003640 0.005989 0.009686 0.015402 0.024077 0.036999 0.055889 0.082984 0.121109 0.173720 0.244906 0.339320 0.462021 0.618216 0.812889 1.050317 1.333503 1.663564 2.039133 2.455846 2.906005 3.378484 3.858956 4.330447 4.774243 5.171060 5.502420 5.752060 5.907262 5.959923 5.907262 5.752060 5.502420 5.171060 4.774243 4.330447 3.858956 3.378484 2.906005 2.455846 2.039133 1.663564 1.333503 1.050317 0.812889 0.618216 0.462021 0.339320 0.244906 0.173720 0.121109 0.082984 0.055889 0.036999 0.024077 0.015402 0.009686 0.005989 0.003640 0.002176 0.001279 0.000739 0.000420 0.000235 0.000129 0.000070 0.000037 0.000019 0.000010 0.000005 0.000003 0.000001 0.000001 0.000000 0.000000 0.000000 0.000000 0.000000 0.000000 
0.000000 0.000000 0.000000 0.000000 0.000000 0.000000 0.000000 0.000001 0.000002 0.000004 0.000007 0.000014 0.000028 0.000054 0.000101 0.000187 0.000339 0.000607 0.001067 0.001844 0.003136 0.005244 0.008622 0.013937 0.022149 0.034604 0.053149 0.080244 0.119088 0.173720 0.249076 0.350994 0.486111 0.661642 0.885007 1.163300 1.502601 1.907172 2.378578 2.914840 3.509708 4.152180 4.826376 5.511858 6.184425 6.817402 7.383314 7.855832 8.211796 8.433089 8.508174 8.433089 8.211796 7.855832 7.383314 6.817402 6.184425 5.511858 4.826376 4.152180 3.509708 2.914840 2.378578 1.907172 1.502601 1.163300 0.885007 0.661642 0.486111 0.350994 0.249076 0.173720 0.119088 0.080244 0.053149 0.034604 0.022149 0.013937 0.008622 0.005244 0.003136 0.001844 0.001067 0.000607 0.000339 0.000187 0.000101 0.000054 0.000028 0.000014 0.000007 0.000004 0.000002 0.000001 0.000000 0.000000 0.000000 0.000000 0.000000 0.000000 
0.000000 0.000000 0.000000 0.000000 0.000000 0.000000 0.000001 0.000001 0.000003 0.000005 0.000010 0.000021 0.000040 0.000076 0.000144 0.000265 0.000482 0.000861 0.001513 0.002614 0.004442 0.007424 0.012198 0.019706 0.031300 0.048876 0.075031 0.113228 0.167962 0.244906 0.350994 0.494417 0.684484 0.931310 1.245289 1.636349 2.112992 2.681160 3.343011 4.095732 4.930525 5.831935 6.777680 7.739095 8.682260 9.569796 10.363213 11.025637 11.524631 11.834829 11.940078 11.834829 11.524631 11.025637 10.363213 9.569796 8.682260 7.739095 6.777680 5.831935 4.930525 4.095732 3.343011 2.681160 2.112992 1.636349 1.245289 0.931310 0.684484 0.494417 0.350994 0.244906 0.167962 0.113228 0.075031 0.048876 0.031300 0.019706 0.012198 0.007424 0.004442 0.002614 0.001513 0.000861 0.000482 0.000265 0.000144 0.000076 0.000040 0.000021 0.000010 0.000005 0.000003 0.000001 0.000001 0.000000 0.000000 0.000000 0.000000 0.000000 
0.000000 0.000000 0.000000 0.000000 0.000000 0.000000 0.000001 0.000002 0.000004 0.000007 0.000015 0.000029 0.000056 0.000107 0.000201 0.000370 0.000672 0.001200 0.002108 0.003640 0.006182 0.010325 0.016956 0.027379 0.043466 0.067840 0.104093 0.157013 0.232811 0.339320 0.486111 0.684484 0.947276 1.288423 1.722241 2.262391 2.920559 3.704892 4.618318 5.656910 6.808493 8.051729 9.355882 10.681434 11.981645 13.205021 14.298558 15.211479 15.899128 16.326587 16.471619 16.326587 15.899128 15.211479 14.298558 13.205021 11.981645 10.681434 9.355882 8.051729 6.808493 5.656910 4.618318 3.704892 2.920559 2.262391 1.722241 1.288423 0.947276 0.684484 0.486111 0.339320 0.232811 0.157013 0.104093 0.067840 0.043466 0.027379 0.016956 0.010325 0.006182 0.003640 0.002108 0.001200 0.000672 0.000370 0.000201 0.000107 0.000056 0.000029 0.000015 0.000007 0.000004 0.000002 0.000001 0.000000 0.000000 0.000000 0.000000 0.000000 
0.000000 0.000000 0.000000 0.000000 0.000000 0.000001 0.000001 0.000002 0.000005 0.000010 0.000020 0.000040 0.000077 0.000147 0.000275 0.000508 0.000921 0.001644 0.002885 0.004980 0.008454 0.014111 0.023161 0.037379 0.059311 0.092528 0.141911 0.213963 0.317123 0.462021 0.661642 0.931310 1.288423 1.751861 2.341002 3.074331 3.967636 5.031903 6.271038 7.679655 9.241200 10.926712 12.694515 14.491057 16.253023 17.910683 19.392272 20.629060 21.560607 22.139657 22.336118 22.139657 21.560607 20.629060 19.392272 17.910683 16.253023 14.491057 12.694515 10.926712 9.241200 7.679655 6.271038 5.031903 3.967636 3.074331 2.341002 1.751861 1.288423 0.931310 0.661642 0.462021 0.317123 0.213963 0.141911 0.092528 0.059311 0.037379 0.023161 0.014111 0.008454 0.004980 0.002885 0.001644 0.000921 0.000508 0.000275 0.000147 0.000077 0.000040 0.000020 0.000010 0.000005 0.000002 0.000001 0.000001 0.000000 0.000000 0.000000 0.000000 
0.000000 0.000000 0.000000 0.000000 0.000000 0.000001 0.000002 0.000003 0.000007 0.000014 0.000027 0.000054 0.000104 0.000198 0.000371 0.000684 0.001240 0.002212 0.003880 0.006694 0.011357 0.018947 0.031083 0.050141 0.079525 0.124008 0.190110 0.286517 0.424492 0.618216 0.885007 1.245289 1.722241 2.341002 3.127365 4.105909 5.297611 6.717032 8.369300 10.247161 12.328491 14.574657 16.930113 19.323525 21.670585 23.878467 25.851662 27.498713 28.739204 29.510266 29.771868 29.510266 28.739204 27.498713 25.851662 23.878467 21.670585 19.323525 16.930113 14.574657 12.328491 10.247161 8.369300 6.717032 5.297611 4.105909 3.127365 2.341002 1.722241 1.245289 0.885007 0.618216 0.424492 0.286517 0.190110 0.124008 0.079525 0.050141 0.031083 0.018947 0.011357 0.006694 0.003880 0.002212 0.001240 0.000684 0.000371 0.000198 0.000104 0.000054 0.000027 0.000014 0.000007 0.000003 0.000002 0.000001 0.000000 0.000000 0.000000 0.000000 
0.000000 0.000000 0.000000 0.000000 0.000000 0.000001 0.000002 0.000004 0.000009 0.000018 0.000036 0.000071 0.000138 0.000262 0.000491 0.000905 0.001640 0.002924 0.005126 0.008839 0.014989 0.024995 0.040986 0.066085 0.104768 0.163303 0.250250 0.377012 0.558359 0.812889 1.163300 1.636349 2.262391 3.074331 4.105909 5.389259 6.951777 8.812444 10.977876 13.438478 16.165195 19.107375 22.192250 25.326420 28.399535 31.290131 33.873258 36.029283 37.653031 38.662284 39.004692 38.662284 37.653031 36.029283 33.873258 31.290131 28.399535 25.326420 22.192250 19.107375 16.165195 13.438478 10.977876 8.812444 6.951777 5.389259 4.105909 3.074331 2.262391 1.636349 1.163300 0.812889 0.558359 0.377012 0.250250 0.163303 0.104768 0.066085 0.040986 0.024995 0.014989 0.008839 0.005126 0.002924 0.001640 0.000905 0.000491 0.000262 0.000138 0.000071 0.000036 0.000018 0.000009 0.000004 0.000002 0.000001 0.000000 0.000000 0.000000 0.000000 
0.000000 0.000000 0.000000 0.000000 0.000001 0.000001 0.000003 0.000006 0.000012 0.000024 0.000047 0.000093 0.000179 0.000341 0.000639 0.001176 0.002131 0.003796 0.006653 0.011466 0.019434 0.032394 0.053096 0.085575 0.135612 0.211297 0.323678 0.487457 0.721681 1.050317 1.502601 2.112992 2.920559 3.967636 5.297611 6.951777 8.965308 11.362531 14.151843 17.320778 20.831836 24.619750 28.590822 32.624850 36.579864 40.299635 43.623480 46.397578 48.486713 49.785191 50.225717 49.785191 48.486713 46.397578 43.623480 40.299635 36.579864 32.624850 28.590822 24.619750 20.831836 17.320778 14.151843 11.362531 8.965308 6.951777 5.297611 3.967636 2.920559 2.112992 1.502601 1.050317 0.721681 0.487457 0.323678 0.211297 0.135612 0.085575 0.053096 0.032394 0.019434 0.011466 0.006653 0.003796 0.002131 0.001176 0.000639 0.000341 0.000179 0.000093 0.000047 0.000024 0.000012 0.000006 0.000003 0.000001 0.000001 0.000000 0.000000 0.000000 
0.000000 0.000000 0.000000 0.000000 0.000001 0.000002 0.000003 0.000007 0.000015 0.000030 0.000060 0.000119 0.000229 0.000436 0.000816 0.001502 0.002719 0.004842 0.008482 0.014611 0.024755 0.041245 0.067577 0.108871 0.172464 0.268619 0.411344 0.619274 0.916542 1.333503 1.907172 2.681160 3.704892 5.031903 6.717032 8.812444 11.362531 14.397942 17.929163 21.940288 26.383756 31.176909 36.201175 41.304503 46.307368 51.012255 55.216058 58.724371 61.366318 63.008342 63.565414 63.008342 61.366318 58.724371 55.216058 51.012255 46.307368 41.304503 36.201175 31.176909 26.383756 21.940288 17.929163 14.397942 11.362531 8.812444 6.717032 5.031903 3.704892 2.681160 1.907172 1.333503 0.916542 0.619274 0.411344 0.268619 0.172464 0.108871 0.067577 0.041245 0.024755 0.014611 0.008482 0.004842 0.002719 0.001502 0.000816 0.000436 0.000229 0.000119 0.000060 0.000030 0.000015 0.000007 0.000003 0.000002 0.000001 0.000000 0.000000 0.000000 
0.000000 0.000000 0.000000 0.000000 0.000001 0.000002 0.000004 0.000009 0.000019 0.000038 0.000076 0.000149 0.000288 0.000547 0.001024 0.001883 0.003408 0.006066 0.010622 0.018290 0.030976 0.051590 0.084494 0.136077 0.215486 0.335514 0.513616 0.773004 1.143725 1.663564 2.378578 3.343011 4.618318 6.271038 8.369300 10.977876 14.151843 17.929163 22.322717 27.312568 32.839443 38.800467 45.048163 51.393493 57.613327 63.462230 68.687856 73.048705 76.332525 78.373432 79.065819 78.373432 76.332525 73.048705 68.687856 63.462230 57.613327 51.393493 45.048163 38.800467 32.839443 27.312568 22.322717 17.929163 14.151843 10.977876 8.369300 6.271038 4.618318 3.343011 2.378578 1.663564 1.143725 0.773004 0.513616 0.335514 0.215486 0.136077 0.084494 0.051590 0.030976 0.018290 0.010622 0.006066 0.003408 0.001883 0.001024 0.000547 0.000288 0.000149 0.000076 0.000038 0.000019 0.000009 0.000004 0.000002 0.000001 0.000000 0.000000 0.000000 
0.000000 0.000000 0.000000 0.000001 0.000001 0.000003 0.000005 0.000011 0.000023 0.000047 0.000094 0.000184 0.000355 0.000675 0.001261 0.002319 0.004195 0.007465 0.013065 0.022490 0.038075 0.063391 0.103785 0.167090 0.264513 0.411722 0.630089 0.948027 1.402302 2.039133 2.914840 4.095732 5.656910 7.679655 10.247161 13.438478 17.320778 21.940288 27.312568 33.413080 40.169234 47.455202 55.090715 62.844785 70.444841 77.591124 83.975485 89.303049 93.314679 95.807860 96.653673 95.807860 93.314679 89.303049 83.975485 77.591124 70.444841 62.844785 55.090715 47.455202 40.169234 33.413080 27.312568 21.940288 17.320778 13.438478 10.247161 7.679655 5.656910 4.095732 2.914840 2.039133 1.402302 0.948027 0.630089 0.411722 0.264513 0.167090 0.103785 0.063391 0.038075 0.022490 0.013065 0.007465 0.004195 0.002319 0.001261 0.000675 0.000355 0.000184 0.000094 0.000047 0.000023 0.000011 0.000005 0.000003 0.000001 0.000001 0.000000 0.000000 
0.000000 0.000000 0.000000 0.000001 0.000001 0.000003 0.000007 0.000014 0.000028 0.000057 0.000114 0.000223 0.000430 0.000817 0.001526 0.002805 0.005073 0.009023 0.015786 0.027165 0.045972 0.076514 0.125233 0.201558 0.318984 0.496368 0.759423 1.142324 1.689278 2.455846 3.509708 4.930525 6.808493 9.241200 12.328491 16.165195 20.831836 26.383756 32.839443 40.169234 48.285777 57.037833 66.208839 75.521405 84.648283 93.229646 100.895649 107.292417 112.108990 115.102367 116.117860 115.102367 112.108990 107.292417 100.895649 93.229646 84.648283 75.521405 66.208839 57.037833 48.285777 40.169234 32.839443 26.383756 20.831836 16.165195 12.328491 9.241200 6.808493 4.930525 3.509708 2.455846 1.689278 1.142324 0.759423 0.496368 0.318984 0.201558 0.125233 0.076514 0.045972 0.027165 0.015786 0.009023 0.005073 0.002805 0.001526 0.000817 0.000430 0.000223 0.000114 0.000057 0.000028 0.000014 0.000007 0.000003 0.000001 0.000001 0.000000 0.000000 
0.000000 0.000000 0.000000 0.000001 0.000002 0.000004 0.000008 0.000016 0.000033 0.000068 0.000135 0.000265 0.000511 0.000971 0.001814 0.003333 0.006024 0.010712 0.018735 0.032228 0.054525 0.090722 0.148444 0.238850 0.377901 0.587897 0.899237 1.352312 1.999358 2.906005 4.152180 5.831935 8.051729 10.926712 14.574657 19.107375 24.619750 31.176909 38.800467 47.455202 57.037833 67.369715 78.195181 89.186847 99.958575 110.085855 119.132413 126.680855 132.364429 135.896553 137.094801 135.896553 132.364429 126.680855 119.132413 110.085855 99.958575 89.186847 78.195181 67.369715 57.037833 47.455202 38.800467 31.176909 24.619750 19.107375 14.574657 10.926712 8.051729 5.831935 4.152180 2.906005 1.999358 1.352312 0.899237 0.587897 0.377901 0.238850 0.148444 0.090722 0.054525 0.032228 0.018735 0.010712 0.006024 0.003333 0.001814 0.000971 0.000511 0.000265 0.000135 0.000068 0.000033 0.000016 0.000008 0.000004 0.000002 0.000001 0.000001 0.000001 
0.000000 0.000000 0.000000 0.000001 0.000002 0.000004 0.000009 0.000019 0.000039 0.000079 0.000158 0.000310 0.000597 0.001133 0.002117 0.003888 0.007026 0.012490 0.021838 0.037555 0.063521 0.105662 0.172845 0.278044 0.439808 0.684049 1.046078 1.572806 2.324880 3.378484 4.826376 6.777680 9.355882 12.694515 16.930113 22.192250 28.590822 36.201175 45.048163 55.090715 66.208839 78.195181 90.753112 103.502912 115.996795 127.742555 138.234398 146.988465 153.579630 157.675711 159.065265 157.675711 153.579630 146.988465 138.234398 127.742555 115.996795 103.502912 90.753112 78.195181 66.208839 55.090715 45.048163 36.201175 28.590822 22.192250 16.930113 12.694515 9.355882 6.777680 4.826376 3.378484 2.324880 1.572806 1.046078 0.684049 0.439808 0.278044 0.172845 0.105662 0.063521 0.037555 0.021838 0.012490 0.007026 0.003888 0.002117 0.001133 0.000597 0.000310 0.000158 0.000079 0.000039 0.000019 0.000009 0.000004 0.000002 0.000001 0.000001 0.000001 
