0.000000 0.000000 0.000000 0.000000 0.000000 0.000000 0.000000 0.000000 0.000000 0.000000 0.000000 0.000000 0.000000 0.000000 0.000000 0.000000 0.000000 0.000000 0.000000 0.000000 0.000000 0.000000 0.000000 0.000000 0.000000 0.000000 0.000000 0.000000 0.000000 0.000000 0.000000 0.000000 0.000000 0.000000 0.000000 0.000000 0.000000 0.000000 0.000000 0.000000 0.000000 0.000000 0.000000 0.000000 0.000000 0.000000 0.000000 0.000000 0.000000 0.000000 0.000000 0.000000 0.000000 0.000000 0.000000 0.000000 0.000000 0.000000 0.000000 0.000000 0.000000 0.000000 0.000000 0.000000 0.000000 0.000000 0.000000 0.000000 0.000000 0.000000 0.000000 0.000000 0.000000 0.000000 0.000000 0.000000 0.000000 0.000000 0.000000 0.000000 0.000000 0.000000 0.000000 0.000000 0.000000 0.000000 0.000000 0.000000 0.000000 0.000000 0.000000 0.000000 0.000000 0.000000 0.000000 0.000000 0.000000 0.000000 0.000000 0.000000 
0.000000 0.000000 0.000000 0.000000 0.000000 0.000000 0.000000 0.000000 0.000000 0.000000 0.000000 0.000000 0.000000 0.000000 0.000000 0.000000 0.000000 0.000000 0.000000 0.000000 0.000000 0.000000 0.000000 0.000000 0.000000 0.000000 0.000000 0.000000 0.000000 0.000000 0.000000 0.000000 0.000000 0.000000 0.000000 0.000000 0.000000 0.000000 0.000000 0.000000 0.000000 0.000000 0.000000 0.000000 0.000000 0.000000 0.000000 0.000000 0.000000 0.000000 0.000000 0.000000 0.000000 0.000000 0.000000 0.000000 0.000000 0.000000 0.000000 0.000000 0.000000 0.000000 0.000000 0.000000 0.000000 0.000000 0.000000 0.000000 0.000000 0.000000 0.000000 0.000000 0.000000 0.000000 0.000000 0.000000 0.000000 0.000000 0.000000 0.000000 0.000000 0.000000 0.000000 0.000000 0.000000 0.000000 0.000000 0.000000 0.000000 0.000000 0.000000 0.000000 0.000000 0.000000 0.000000 0.000000 0.000000 0.000000 0.000000 0.000000 
0.000000 0.000000 0.000000 0.000000 0.000000 0.000000 0.000000 0.000000 0.000000 0.000000 0.000000 0.000000 0.000000 0.000000 0.000000 0.000000 0.000000 0.000000 0.000000 0.000000 0.000000 0.000000 0.000000 0.000000 0.000000 0.000000 0.000000 0.000000 0.000000 0.000000 0.000000 0.000000 0.000000 0.000000 0.000000 0.000000 0.000000 0.000000 0.000000 0.000000 0.000000 0.000000 0.000000 0.000000 0.000000 0.000000 0.000000 0.000000 0.000000 0.000000 0.000000 0.000000 0.000000 0.000000 0.000000 0.000000 0.000000 0.000000 0.000000 0.000000 0.000000 0.000000 0.000000 0.000000 0.000000 0.000000 0.000000 0.000000 0.000000 0.000000 0.000000 0.000000 0.000000 0.000000 0.000000 0.000000 0.000000 0.000000 0.000000 0.000000 0.000000 0.000000 0.000000 0.000000 0.000000 0.000000 0.000000 0.000000 0.000000 0.000000 0.000000 0.000000 0.000000 0.000000 0.000000 0.000000 0.000000 0.000000 0.000000 0.000000 
0.000000 0.000000 0.000000 0.000000 0.000000 0.000000 0.000000 0.000000 0.000000 0.000000 0.000000 0.000000 0.000000 0.000000 0.000000 0.000000 0.000000 0.000000 0.000000 0.000000 0.000000 0.000000 0.000000 0.000000 0.000000 0.000000 0.000000 0.000000 0.000000 0.000000 0.000000 0.000000 0.000000 0.000000 0.000000 0.000000 0.000000 0.000000 0.000000 0.000000 0.000000 0.000000 0.000000 0.000000 0.000000 0.000000 0.000000 0.000000 0.000000 0.000000 0.000000 0.000000 0.000000 0.000000 0.000000 0.000000 0.000000 0.000000 0.000000 0.000000 0.000000 0.000000 0.000000 0.000000 0.000000 0.000000 0.000000 0.000000 0.000000 0.000000 0.000000 0.000000 0.000000 0.000000 0.000000 0.000000 0.000000 0.000000 0.000000 0.000000 0.000000 0.000000 0.000000 0.000000 0.000000 0.000000 0.000000 0.000000 0.000000 0.000000 0.000000 0.000000 0.000000 0.000000 0.000000 0.000000 0.000000 0.000000 0.000000 0.000000 
0.000000 0.000000 0.000000 0.000000 0.000000 0.000000 0.000000 0.000000 0.000000 0.000000 0.000000 0.000000 0.000000 0.000000 0.000000 0.000000 0.000000 0.000000 0.000000 0.000000 0.000000 0.000000 0.000000 0.000000 0.000000 0.000000 0.000000 0.000000 0.000000 0.000000 0.000000 0.000000 0.000000 0.000000 0.000000 0.000000 0.000000 0.000000 0.000000 0.000000 0.000000 0.000000 0.000000 0.000000 0.000000 0.000000 0.000000 0.000000 0.000000 0.000000 0.000000 0.000000 0.000000 0.000000 0.000000 0.000000 0.000000 0.000000 0.000000 0.000000 0.000000 0.000000 0.000000 0.000000 0.000000 0.000000 0.000000 0.000000 0.000000 0.000000 0.000000 0.000000 0.000000 0.000000 0.000000 0.000000 0.000000 0.000000 0.000000 0.000000 0.000000 0.000000 0.000000 0.000000 0.000000 0.000000 0.000000 0.000000 0.000000 0.000000 0.000000 0.000000 0.000000 0.000000 0.000000 0.000000 0.000000 0.000000 0.000000 0.000000 
0.000000 0.000000 0.000000 0.000000 0.000000 0.000000 0.000000 0.000000 0.000000 0.000000 0.000000 0.000000 0.000000 0.000000 0.000000 0.000000 0.000000 0.000000 0.000000 0.000000 0.000000 0.000000 0.000000 0.000000 0.000000 0.000000 0.000000 0.000000 0.000000 0.000000 0.000000 0.000000 0.000000 0.000000 0.000000 0.000000 0.000000 0.000000 0.000000 0.000000 0.000000 0.000000 0.000000 0.000000 0.000001 0.000001 0.000001 0.000001 0.000001 0.000001 0.000001 0.000001 0.000001 0.000001 0.000001 0.000001 0.000001 0.000000 0.000000 0.000000 0.000000 0.000000 0.000000 0.000000 0.000000 0.000000 0.000000 0.000000 0.000000 0.000000 0.000000 0.000000 0.000000 0.000000 0.000000 0.000000 0.000000 0.000000 0.000000 0.000000 0.000000 0.000000 0.000000 0.000000 0.000000 0.000000 0.000000 0.000000 0.000000 0.000000 0.000000 0.000000 0.000000 0.000000 0.000000 0.000000 0.000000 0.000000 0.000000 0.000000 
0.000000 0.000000 0.000000 0.000000 0.000000 0.000000 0.000000 0.000000 0.000000 0.000000 0.000000 0.000000 0.000000 0.000000 0.000000 0.000000 0.000000 0.000000 0.000000 0.000000 0.000000 0.000000 0.000000 0.000000 0.000000 0.000000 0.000000 0.000000 0.000000 0.000000 0.000000 0.000000 0.000000 0.000000 0.000000 0.000000 0.000000 0.000000 0.000000 0.000000 0.000001 0.000001 0.000001 0.000001 0.000001 0.000001 0.000001 0.000002 0.000002 0.000002 0.000002 0.000002 0.000002 0.000002 0.000001 0.000001 0.000001 0.000001 0.000001 0.000001 0.000001 0.000000 0.000000 0.000000 0.000000 0.000000 0.000000 0.000000 0.000000 0.000000 0.000000 0.000000 0.000000 0.000000 0.000000 0.000000 0.000000 0.000000 0.000000 0.000000 0.000000 0.000000 0.000000 0.000000 0.000000 0.000000 0.000000 0.000000 0.000000 0.000000 0.000000 0.000000 0.000000 0.000000 0.000000 0.000000 0.000000 0.000000 0.000000 0.000000 
0.000000 0.000000 0.000000 0.000000 0.000000 0.000000 0.000000 0.000000 0.000000 0.000000 0.000000 0.000000 0.000000 0.000000 0.000000 0.000000 0.000000 0.000000 0.000000 0.000000 0.000000 0.000000 0.000000 0.000000 0.000000 0.000000 0.000000 0.000000 0.000000 0.000000 0.000000 0.000000 0.000000 0.000000 0.000000 0.000000 0.000000 0.000001 0.000001 0.000001 0.000001 0.000002 0.000002 0.000002 0.000003 0.000003 0.000003 0.000004 0.000004 0.000004 0.000004 0.000004 0.000004 0.000004 0.000003 0.000003 0.000003 0.000002 0.000002 0.000002 0.000001 0.000001 0.000001 0.000001 0.000000 0.000000 0.000000 0.000000 0.000000 0.000000 0.000000 0.000000 0.000000 0.000000 0.000000 0.000000 0.000000 0.000000 0.000000 0.000000 0.000000 0.000000 0.000000 0.000000 0.000000 0.000000 0.000000 0.000000 0.000000 0.000000 0.000000 0.000000 0.000000 0.000000 0.000000 0.000000 0.000000 0.000000 0.000000 0.000000 
0.000000 0.000000 0.000000 0.000000 0.000000 0.000000 0.000000 0.000000 0.000000 0.000000 0.000000 0.000000 0.000000 0.000000 0.000000 0.000000 0.000000 0.000000 0.000000 0.000000 0.000000 0.000000 0.000000 0.000000 0.000000 0.000000 0.000000 0.000000 0.000000 0.000000 0.000000 0.000000 0.000000 0.000000 0.000001 0.000001 0.000001 0.000001 0.000002 0.000003 0.000003 0.000004 0.000005 0.000005 0.000006 0.000007 0.000008 0.000008 0.000009 0.000009 0.000009 0.000009 0.000009 0.000008 0.000008 0.000007 0.000006 0.000005 0.000005 0.000004 0.000003 0.000003 0.000002 0.000001 0.000001 0.000001 0.000001 0.000000 0.000000 0.000000 0.000000 0.000000 0.000000 0.000000 0.000000 0.000000 0.000000 0.000000 0.000000 0.000000 0.000000 0.000000 0.000000 0.000000 0.000000 0.000000 0.000000 0.000000 0.000000 0.000000 0.000000 0.000000 0.000000 0.000000 0.000000 0.000000 0.000000 0.000000 0.000000 0.000000 
0.000000 0.000000 0.000000 0.000000 0.000000 0.000000 0.000000 0.000000 0.000000 0.000000 0.000000 0.000000 0.000000 0.000000 0.000000 0.000000 0.000000 0.000000 0.000000 0.000000 0.000000 0.000000 0.000000 0.000000 0.000000 0.000000 0.000000 0.000000 0.000000 0.000000 0.000000 0.000000 0.000001 0.000001 0.000001 0.000002 0.000003 0.000003 0.000004 0.000006 0.000007 0.000009 0.000010 0.000012 0.000014 0.000016 0.000017 0.000019 0.000020 0.000020 0.000021 0.000020 0.000020 0.000019 0.000017 0.000016 0.000014 0.000012 0.000010 0.000009 0.000007 0.000006 0.000004 0.000003 0.000003 0.000002 0.000001 0.000001 0.000001 0.000000 0.000000 0.000000 0.000000 0.000000 0.000000 0.000000 0.000000 0.000000 0.000000 0.000000 0.000000 0.000000 0.000000 0.000000 0.000000 0.000000 0.000000 0.000000 0.000000 0.000000 0.000000 0.000000 0.000000 0.000000 0.000000 0.000000 0.000000 0.000000 0.000000 0.000000 
0.000000 0.000000 0.000000 0.000000 0.000000 0.000000 0.000000 0.000000 0.000000 0.000000 0.000000 0.000000 0.000000 0.000000 0.000000 0.000000 0.000000 0.000000 0.000000 0.000000 0.000000 0.000000 0.000000 0.000000 0.000000 0.000000 0.000000 0.000000 0.000000 0.000000 0.000001 0.000001 0.000001 0.000002 0.000003 0.000004 0.000006 0.000007 0.000010 0.000012 0.000015 0.000019 0.000023 0.000027 0.000031 0.000034 0.000038 0.000041 0.000043 0.000044 0.000045 0.000044 0.000043 0.000041 0.000038 0.000034 0.000031 0.000027 0.000023 0.000019 0.000015 0.000012 0.000010 0.000007 0.000006 0.000004 0.000003 0.000002 0.000001 0.000001 0.000001 0.000000 0.000000 0.000000 0.000000 0.000000 0.000000 0.000000 0.000000 0.000000 0.000000 0.000000 0.000000 0.000000 0.000000 0.000000 0.000000 0.000000 0.000000 0.000000 0.000000 0.000000 0.000000 0.000000 0.000000 0.000000 0.000000 0.000000 0.000000 0.000000 
0.000000 0.000000 0.000000 0.000000 0.000000 0.000000 0.000000 0.000000 0.000000 0.000000 0.000000 0.000000 0.000000 0.000000 0.000000 0.000000 0.000000 0.000000 0.000000 0.000000 0.000000 0.000000 0.000000 0.000000 0.000000 0.000000 0.000000 0.000000 0.000001 0.000001 0.000001 0.000002 0.000003 0.000004 0.000006 0.000009 0.000012 0.000016 0.000021 0.000027 0.000033 0.000041 0.000049 0.000057 0.000066 0.000074 0.000081 0.000088 0.000093 0.000096 0.000097 0.000096 0.000093 0.000088 0.000081 0.000074 0.000066 0.000057 0.000049 0.000041 0.000033 0.000027 0.000021 0.000016 0.000012 0.000009 0.000006 0.000004 0.000003 0.000002 0.000001 0.000001 0.000001 0.000000 0.000000 0.000000 0.000000 0.000000 0.000000 0.000000 0.000000 0.000000 0.000000 0.000000 0.000000 0.000000 0.000000 0.000000 0.000000 0.000000 0.000000 0.000000 0.000000 0.000000 0.000000 0.000000 0.000000 0.000000 0.000000 0.000000 
0.000000 0.000000 0.000000 0.000000 0.000000 0.000000 0.000000 0.000000 0.000000 0.000000 0.000000 0.000000 0.000000 0.000000 0.000000 0.000000 0.000000 0.000000 0.000000 0.000000 0.000000 0.000000 0.000000 0.000000 0.000000 0.000000 0.000000 0.000001 0.000001 0.000002 0.000003 0.000004 0.000007 0.000010 0.000014 0.000019 0.000026 0.000034 0.000044 0.000056 0.000071 0.000086 0.000103 0.000121 0.000139 0.000156 0.000172 0.000185 0.000196 0.000202 0.000204 0.000202 0.000196 0.000185 0.000172 0.000156 0.000139 0.000121 0.000103 0.000086 0.000071 0.000056 0.000044 0.000034 0.000026 0.000019 0.000014 0.000010 0.000007 0.000004 0.000003 0.000002 0.000001 0.000001 0.000000 0.000000 0.000000 0.000000 0.000000 0.000000 0.000000 0.000000 0.000000 0.000000 0.000000 0.000000 0.000000 0.000000 0.000000 0.000000 0.000000 0.000000 0.000000 0.000000 0.000000 0.000000 0.000000 0.000000 0.000000 0.000000 
0.000000 0.000000 0.000000 0.000000 0.000000 0.000000 0.000000 0.000000 0.000000 0.000000 0.000000 0.000000 0.000000 0.000000 0.000000 0.000000 0.000000 0.000000 0.000000 0.000000 0.000000 0.000000 0.000000 0.000000 0.000000 0.000001 0.000001 0.000002 0.000003 0.000004 0.000006 0.000009 0.000014 0.000020 0.000028 0.000039 0.000053 0.000071 0.000092 0.000117 0.000147 0.000179 0.000215 0.000252 0.000289 0.000325 0.000357 0.000385 0.000406 0.000419 0.000423 0.000419 0.000406 0.000385 0.000357 0.000325 0.000289 0.000252 0.000215 0.000179 0.000147 0.000117 0.000092 0.000071 0.000053 0.000039 0.000028 0.000020 0.000014 0.000009 0.000006 0.000004 0.000003 0.000002 0.000001 0.000001 0.000000 0.000000 0.000000 0.000000 0.000000 0.000000 0.000000 0.000000 0.000000 0.000000 0.000000 0.000000 0.000000 0.000000 0.000000 0.000000 0.000000 0.000000 0.000000 0.000000 0.000000 0.000000 0.000000 0.000000 
0.000000 0.000000 0.000000 0.000000 0.000000 0.000000 0.000000 0.000000 0.000000 0.000000 0.000000 0.000000 0.000000 0.000000 0.000000 0.000000 0.000000 0.000000 0.000000 0.000000 0.000000 0.000000 0.000000 0.000000 0.000001 0.000001 0.000002 0.000003 0.000005 0.000008 0.000013 0.000019 0.000028 0.000041 0.000058 0.000080 0.000109 0.000145 0.000188 0.000240 0.000299 0.000366 0.000438 0.000513 0.000589 0.000661 0.000727 0.000783 0.000826 0.000852 0.000861 0.000852 0.000826 0.000783 0.000727 0.000661 0.000589 0.000513 0.000438 0.000366 0.000299 0.000240 0.000188 0.000145 0.000109 0.000080 0.000058 0.000041 0.000028 0.000019 0.000013 0.000008 0.000005 0.000003 0.000002 0.000001 0.000001 0.000000 0.000000 0.000000 0.000000 0.000000 0.000000 0.000000 0.000000 0.000000 0.000000 0.000000 0.000000 0.000000 0.000000 0.000000 0.000000 0.000000 0.000000 0.000000 0.000000 0.000000 0.000000 0.000000 
0.000000 0.000000 0.000000 0.000000 0.000000 0.000000 0.000000 0.000000 0.000000 0.000000 0.000000 0.000000 0.000000 0.000000 0.000000 0.000000 0.000000 0.000000 0.000000 0.000000 0.000000 0.000000 0.000000 0.000001 0.000001 0.000002 0.000004 0.000007 0.000011 0.000017 0.000026 0.000039 0.000057 0.000083 0.000117 0.000161 0.000219 0.000291 0.000378 0.000481 0.000600 0.000733 0.000877 0.001027 0.001178 0.001323 0.001454 0.001566 0.001651 0.001704 0.001722 0.001704 0.001651 0.001566 0.001454 0.001323 0.001178 0.001027 0.000877 0.000733 0.000600 0.000481 0.000378 0.000291 0.000219 0.000161 0.000117 0.000083 0.000057 0.000039 0.000026 0.000017 0.000011 0.000007 0.000004 0.000002 0.000001 0.000001 0.000000 0.000000 0.000000 0.000000 0.000000 0.000000 0.000000 0.000000 0.000000 0.000000 0.000000 0.000000 0.000000 0.000000 0.000000 0.000000 0.000000 0.000000 0.000000 0.000000 0.000000 0.000000 
0.000000 0.000000 0.000000 0.000000 0.000000 0.000000 0.000000 0.000000 0.000000 0.000000 0.000000 0.000000 0.000000 0.000000 0.000000 0.000000 0.000000 0.000000 0.000000 0.000000 0.000000 0.000001 0.000001 0.000002 0.000003 0.000005 0.000008 0.000013 0.000021 0.000034 0.000051 0.000077 0.000113 0.000163 0.000231 0.000319 0.000432 0.000573 0.000744 0.000947 0.001181 0.001442 0.001723 0.002018 0.002313 0.002597 0.002855 0.003073 0.003239 0.003343 0.003378 0.003343 0.003239 0.003073 0.002855 0.002597 0.002313 0.002018 0.001723 0.001442 0.001181 0.000947 0.000744 0.000573 0.000432 0.000319 0.000231 0.000163 0.000113 0.000077 0.000051 0.000034 0.000021 0.000013 0.000008 0.000005 0.000003 0.000002 0.000001 0.000001 0.000000 0.000000 0.000000 0.000000 0.000000 0.000000 0.000000 0.000000 0.000000 0.000000 0.000000 0.000000 0.000000 0.000000 0.000000 0.000000 0.000000 0.000000 0.000000 0.000000 
0.000000 0.000000 0.000000 0.000000 0.000000 0.000000 0.000000 0.000000 0.000000 0.000000 0.000000 0.000000 0.000000 0.000000 0.000000 0.000000 0.000000 0.000000 0.000000 0.000000 0.000001 0.000001 0.000002 0.000003 0.000006 0.000010 0.000016 0.000026 0.000042 0.000065 0.000100 0.000150 0.000220 0.000317 0.000447 0.000618 0.000836 0.001108 0.001439 0.001831 0.002281 0.002783 0.003325 0.003891 0.004459 0.005005 0.005501 0.005920 0.006239 0.006438 0.006506 0.006438 0.006239 0.005920 0.005501 0.005005 0.004459 0.003891 0.003325 0.002783 0.002281 0.001831 0.001439 0.001108 0.000836 0.000618 0.000447 0.000317 0.000220 0.000150 0.000100 0.000065 0.000042 0.000026 0.000016 0.000010 0.000006 0.000003 0.000002 0.000001 0.000001 0.000000 0.000000 0.000000 0.000000 0.000000 0.000000 0.000000 0.000000 0.000000 0.000000 0.000000 0.000000 0.000000 0.000000 0.000000 0.000000 0.000000 0.000000 0.000000 
0.000000 0.000000 0.000000 0.000000 0.000000 0.000000 0.000000 0.000000 0.000000 0.000000 0.000000 0.000000 0.000000 0.000000 0.000000 0.000000 0.000000 0.000000 0.000000 0.000001 0.000001 0.000002 0.000004 0.000006 0.000011 0.000019 0.000031 0.000050 0.000080 0.000125 0.000191 0.000286 0.000420 0.000604 0.000851 0.001174 0.001588 0.002104 0.002731 0.003472 0.004323 0.005271 0.006296 0.007366 0.008439 0.009468 0.010403 0.011194 0.011796 0.012172 0.012301 0.012172 0.011796 0.011194 0.010403 0.009468 0.008439 0.007366 0.006296 0.005271 0.004323 0.003472 0.002731 0.002104 0.001588 0.001174 0.000851 0.000604 0.000420 0.000286 0.000191 0.000125 0.000080 0.000050 0.000031 0.000019 0.000011 0.000006 0.000004 0.000002 0.000001 0.000001 0.000000 0.000000 0.000000 0.000000 0.000000 0.000000 0.000000 0.000000 0.000000 0.000000 0.000000 0.000000 0.000000 0.000000 0.000000 0.000000 0.000000 0.000000 
0.000000 0.000000 0.000000 0.000000 0.000000 0.000000 0.000000 0.000000 0.000000 0.000000 0.000000 0.000000 0.000000 0.000000 0.000000 0.000000 0.000000 0.000000 0.000001 0.000001 0.000002 0.000004 0.000007 0.000012 0.000021 0.000035 0.000058 0.000095 0.000150 0.000234 0.000358 0.000535 0.000785 0.001128 0.001588 0.002191 0.002961 0.003921 0.005085 0.006461 0.008040 0.009801 0.011702 0.013684 0.015672 0.017579 0.019311 0.020776 0.021890 0.022586 0.022824 0.022586 0.021890 0.020776 0.019311 0.017579 0.015672 0.013684 0.011702 0.009801 0.008040 0.006461 0.005085 0.003921 0.002961 0.002191 0.001588 0.001128 0.000785 0.000535 0.000358 0.000234 0.000150 0.000095 0.000058 0.000035 0.000021 0.000012 0.000007 0.000004 0.000002 0.000001 0.000001 0.000000 0.000000 0.000000 0.000000 0.000000 0.000000 0.000000 0.000000 0.000000 0.000000 0.000000 0.000000 0.000000 0.000000 0.000000 0.000000 0.000000 
0.000000 0.000000 0.000000 0.000000 0.000000 0.000000 0.000000 0.000000 0.000000 0.000000 0.000000 0.000000 0.000000 0.000000 0.000000 0.000000 0.000000 0.000001 0.000001 0.000002 0.000004 0.000007 0.000013 0.000022 0.000039 0.000065 0.000108 0.000174 0.000277 0.000431 0.000658 0.000983 0.001441 0.002069 0.002910 0.004012 0.005418 0.007169 0.009293 0.011800 0.014677 0.017883 0.021342 0.024947 0.028563 0.032030 0.035179 0.037840 0.039865 0.041131 0.041562 0.041131 0.039865 0.037840 0.035179 0.032030 0.028563 0.024947 0.021342 0.017883 0.014677 0.011800 0.009293 0.007169 0.005418 0.004012 0.002910 0.002069 0.001441 0.000983 0.000658 0.000431 0.000277 0.000174 0.000108 0.000065 0.000039 0.000022 0.000013 0.000007 0.000004 0.000002 0.000001 0.000001 0.000000 0.000000 0.000000 0.000000 0.000000 0.000000 0.000000 0.000000 0.000000 0.000000 0.000000 0.000000 0.000000 0.000000 0.000000 0.000000 
0.000000 0.000000 0.000000 0.000000 0.000000 0.000000 0.000000 0.000000 0.000000 0.000000 0.000000 0.000000 0.000000 0.000000 0.000000 0.000000 0.000001 0.000001 0.000002 0.000004 0.000007 0.000013 0.000023 0.000041 0.000070 0.000118 0.000195 0.000315 0.000500 0.000778 0.001186 0.001772 0.002594 0.003722 0.005232 0.007207 0.009727 0.012862 0.016662 0.021146 0.026289 0.032017 0.038195 0.044632 0.051085 0.057271 0.062888 0.067635 0.071245 0.073502 0.074271 0.073502 0.071245 0.067635 0.062888 0.057271 0.051085 0.044632 0.038195 0.032017 0.026289 0.021146 0.016662 0.012862 0.009727 0.007207 0.005232 0.003722 0.002594 0.001772 0.001186 0.000778 0.000500 0.000315 0.000195 0.000118 0.000070 0.000041 0.000023 0.000013 0.000007 0.000004 0.000002 0.000001 0.000001 0.000000 0.000000 0.000000 0.000000 0.000000 0.000000 0.000000 0.000000 0.000000 0.000000 0.000000 0.000000 0.000000 0.000000 0.000000 
0.000000 0.000000 0.000000 0.000000 0.000000 0.000000 0.000000 0.000000 0.000000 0.000000 0.000000 0.000000 0.000000 0.000000 0.000000 0.000000 0.000001 0.000002 0.000004 0.000007 0.000013 0.000023 0.000042 0.000073 0.000125 0.000210 0.000346 0.000559 0.000887 0.001378 0.002098 0.003132 0.004582 0.006569 0.009227 0.012702 0.017132 0.022640 0.029312 0.037181 0.046203 0.056245 0.067073 0.078351 0.089652 0.100484 0.110315 0.118624 0.124940 0.128891 0.130235 0.128891 0.124940 0.118624 0.110315 0.100484 0.089652 0.078351 0.067073 0.056245 0.046203 0.037181 0.029312 0.022640 0.017132 0.012702 0.009227 0.006569 0.004582 0.003132 0.002098 0.001378 0.000887 0.000559 0.000346 0.000210 0.000125 0.000073 0.000042 0.000023 0.000013 0.000007 0.000004 0.000002 0.000001 0.000000 0.000000 0.000000 0.000000 0.000000 0.000000 0.000000 0.000000 0.000000 0.000000 0.000000 0.000000 0.000000 0.000000 0.000000 
0.000000 0.000000 0.000000 0.000000 0.000000 0.000000 0.000000 0.000000 0.000000 0.000000 0.000000 0.000000 0.000000 0.000000 0.000000 0.000001 0.000002 0.000003 0.000006 0.000012 0.000022 0.000041 0.000073 0.000127 0.000218 0.000366 0.000603 0.000974 0.001542 0.002394 0.003642 0.005432 0.007939 0.011373 0.015965 0.021962 0.029602 0.039097 0.050592 0.064141 0.079669 0.096944 0.115564 0.134950 0.154372 0.172981 0.189868 0.204137 0.214983 0.221767 0.224075 0.221767 0.214983 0.204137 0.189868 0.172981 0.154372 0.134950 0.115564 0.096944 0.079669 0.064141 0.050592 0.039097 0.029602 0.021962 0.015965 0.011373 0.007939 0.005432 0.003642 0.002394 0.001542 0.000974 0.000603 0.000366 0.000218 0.000127 0.000073 0.000041 0.000022 0.000012 0.000006 0.000003 0.000002 0.000001 0.000000 0.000000 0.000000 0.000000 0.000000 0.000000 0.000000 0.000000 0.000000 0.000000 0.000000 0.000000 0.000000 0.000000 
0.000000 0.000000 0.000000 0.000000 0.000000 0.000000 0.000000 0.000000 0.000000 0.000000 0.000000 0.000000 0.000000 0.000000 0.000001 0.000001 0.000003 0.000006 0.000011 0.000021 0.000039 0.000070 0.000125 0.000218 0.000373 0.000626 0.001030 0.001662 0.002629 0.004078 0.006200 0.009239 0.013494 0.019315 0.027096 0.037249 0.050178 0.066233 0.085663 0.108552 0.134771 0.163929 0.195344 0.228042 0.260790 0.292159 0.320619 0.344663 0.362938 0.374365 0.378254 0.374365 0.362938 0.344663 0.320619 0.292159 0.260790 0.228042 0.195344 0.163929 0.134771 0.108552 0.085663 0.066233 0.050178 0.037249 0.027096 0.019315 0.013494 0.009239 0.006200 0.004078 0.002629 0.001662 0.001030 0.000626 0.000373 0.000218 0.000125 0.000070 0.000039 0.000021 0.000011 0.000006 0.000003 0.000001 0.000001 0.000000 0.000000 0.000000 0.000000 0.000000 0.000000 0.000000 0.000000 0.000000 0.000000 0.000000 0.000000 0.000000 
0.000000 0.000000 0.000000 0.000000 0.000000 0.000000 0.000000 0.000000 0.000000 0.000000 0.000000 0.000000 0.000000 0.000001 0.000001 0.000002 0.000005 0.000010 0.000019 0.000035 0.000065 0.000118 0.000210 0.000366 0.000626 0.001049 0.001725 0.002782 0.004397 0.006814 0.010351 0.015413 0.022494 0.032176 0.045107 0.061970 0.083431 0.110067 0.142282 0.180216 0.223649 0.271931 0.323930 0.378037 0.432211 0.484090 0.531149 0.570901 0.601109 0.619998 0.626426 0.619998 0.601109 0.570901 0.531149 0.484090 0.432211 0.378037 0.323930 0.271931 0.223649 0.180216 0.142282 0.110067 0.083431 0.061970 0.045107 0.032176 0.022494 0.015413 0.010351 0.006814 0.004397 0.002782 0.001725 0.001049 0.000626 0.000366 0.000210 0.000118 0.000065 0.000035 0.000019 0.000010 0.000005 0.000002 0.000001 0.000001 0.000000 0.000000 0.000000 0.000000 0.000000 0.000000 0.000000 0.000000 0.000000 0.000000 0.000000 0.000000 
0.000000 0.000000 0.000000 0.000000 0.000000 0.000000 0.000000 0.000000 0.000000 0.000000 0.000000 0.000000 0.000000 0.000001 0.000002 0.000004 0.000008 0.000016 0.000031 0.000058 0.000108 0.000195 0.000346 0.000603 0.001030 0.001725 0.002835 0.004566 0.007212 0.011166 0.016948 0.025217 0.036776 0.052570 0.073649 0.101122 0.136064 0.179409 0.231807 0.293478 0.364059 0.442487 0.526926 0.614758 0.702676 0.786849 0.863188 0.927662 0.976652 1.007282 1.017705 1.007282 0.976652 0.927662 0.863188 0.786849 0.702676 0.614758 0.526926 0.442487 0.364059 0.293478 0.231807 0.179409 0.136064 0.101122 0.073649 0.052570 0.036776 0.025217 0.016948 0.011166 0.007212 0.004566 0.002835 0.001725 0.001030 0.000603 0.000346 0.000195 0.000108 0.000058 0.000031 0.000016 0.000008 0.000004 0.000002 0.000001 0.000000 0.000000 0.000000 0.000000 0.000000 0.000000 0.000000 0.000000 0.000000 0.000000 0.000000 0.000000 
0.000000 0.000000 0.000000 0.000000 0.000000 0.000000 0.000000 0.000000 0.000000 0.000000 0.000000 0.000000 0.000001 0.000002 0.000003 0.000007 0.000013 0.000026 0.000050 0.000095 0.000174 0.000315 0.000559 0.000974 0.001662 0.002782 0.004566 0.007349 0.011597 0.017942 0.027212 0.040459 0.058965 0.084232 0.117935 0.161834 0.217637 0.286823 0.370420 0.468764 0.581272 0.706243 0.840744 0.980610 1.120574 1.254547 1.376027 1.478612 1.556550 1.605277 1.621857 1.605277 1.556550 1.478612 1.376027 1.254547 1.120574 0.980610 0.840744 0.706243 0.581272 0.468764 0.370420 0.286823 0.217637 0.161834 0.117935 0.084232 0.058965 0.040459 0.027212 0.017942 0.011597 0.007349 0.004566 0.002782 0.001662 0.000974 0.000559 0.000315 0.000174 0.000095 0.000050 0.000026 0.000013 0.000007 0.000003 0.000002 0.000001 0.000000 0.000000 0.000000 0.000000 0.000000 0.000000 0.000000 0.000000 0.000000 0.000000 0.000000 
0.000000 0.000000 0.000000 0.000000 0.000000 0.000000 0.000000 0.000000 0.000000 0.000000 0.000000 0.000001 0.000001 0.000003 0.000005 0.000011 0.000021 0.000042 0.000080 0.000150 0.000277 0.000500 0.000887 0.001542 0.002629 0.004397 0.007212 0.011597 0.018286 0.028268 0.042843 0.063654 0.092709 0.132353 0.185202 0.253998 0.341403 0.449716 0.580528 0.734352 0.910259 1.105581 1.315731 1.534201 1.752768 1.961935 2.151563 2.311672 2.433301 2.509338 2.535210 2.509338 2.433301 2.311672 2.151563 1.961935 1.752768 1.534201 1.315731 1.105581 0.910259 0.734352 0.580528 0.449716 0.341403 0.253998 0.185202 0.132353 0.092709 0.063654 0.042843 0.028268 0.018286 0.011597 0.007212 0.004397 0.002629 0.001542 0.000887 0.000500 0.000277 0.000150 0.000080 0.000042 0.000021 0.000011 0.000005 0.000003 0.000001 0.000001 0.000000 0.000000 0.000000 0.000000 0.000000 0.000000 0.000000 0.000000 0.000000 0.000000 
0.000000 0.000000 0.000000 0.000000 0.000000 0.000000 0.000000 0.000000 0.000000 0.000000 0.000000 0.000001 0.000002 0.000004 0.000008 0.000017 0.000034 0.000065 0.000125 0.000234 0.000431 0.000778 0.001378 0.002394 0.004078 0.006814 0.011166 0.017942 0.028268 0.043668 0.066137 0.098199 0.142931 0.203929 0.285197 0.390930 0.525194 0.691495 0.892251 1.128227 1.397977 1.697397 2.019448 2.354155 2.688932 3.009243 3.299584 3.544694 3.730876 3.847260 3.886858 3.847260 3.730876 3.544694 3.299584 3.009243 2.688932 2.354155 2.019448 1.697397 1.397977 1.128227 0.892251 0.691495 0.525194 0.390930 0.285197 0.203929 0.142931 0.098199 0.066137 0.043668 0.028268 0.017942 0.011166 0.006814 0.004078 0.002394 0.001378 0.000778 0.000431 0.000234 0.000125 0.000065 0.000034 0.000017 0.000008 0.000004 0.000002 0.000001 0.000000 0.000000 0.000000 0.000000 0.000000 0.000000 0.000000 0.000000 0.000000 0.000000 
0.000000 0.000000 0.000000 0.000000 0.000000 0.000000 0.000000 0.000000 0.000000 0.000000 0.000001 0.000001 0.000003 0.000006 0.000013 0.000026 0.000051 0.000100 0.000191 0.000358 0.000658 0.001186 0.002098 0.003642 0.006200 0.010351 0.016948 0.027212 0.042843 0.066137 0.100100 0.148532 0.216061 0.308094 0.430640 0.589995 0.792252 1.042654 1.344807 1.699828 2.105517 2.555679 3.039721 3.542655 4.045576 4.526671 4.962680 5.330717 5.610245 5.784969 5.844414 5.784969 5.610245 5.330717 4.962680 4.526671 4.045576 3.542655 3.039721 2.555679 2.105517 1.699828 1.344807 1.042654 0.792252 0.589995 0.430640 0.308094 0.216061 0.148532 0.100100 0.066137 0.042843 0.027212 0.016948 0.010351 0.006200 0.003642 0.002098 0.001186 0.000658 0.000358 0.000191 0.000100 0.000051 0.000026 0.000013 0.000006 0.000003 0.000001 0.000001 0.000000 0.000000 0.000000 0.000000 0.000000 0.000000 0.000000 0.000000 0.000000 
0.000000 0.000000 0.000000 0.000000 0.000000 0.000000 0.000000 0.000000 0.000000 0.000000 0.000001 0.000002 0.000004 0.000009 0.000019 0.000039 0.000077 0.000150 0.000286 0.000535 0.000983 0.001772 0.003132 0.005432 0.009239 0.015413 0.025217 0.040459 0.063654 0.098199 0.148532 0.220263 0.320222 0.456375 0.637573 0.873079 1.171851 1.541580 1.987541 2.511335 3.109678 3.773406 4.486887 5.228028 5.968989 6.677658 7.319813 7.861791 8.273390 8.530651 8.618175 8.530651 8.273390 7.861791 7.319813 6.677658 5.968989 5.228028 4.486887 3.773406 3.109678 2.511335 1.987541 1.541580 1.171851 0.873079 0.637573 0.456375 0.320222 0.220263 0.148532 0.098199 0.063654 0.040459 0.025217 0.015413 0.009239 0.005432 0.003132 0.001772 0.000983 0.000535 0.000286 0.000150 0.000077 0.000039 0.000019 0.000009 0.000004 0.000002 0.000001 0.000000 0.000000 0.000000 0.000000 0.000000 0.000000 0.000000 0.000000 0.000000 
0.000000 0.000000 0.000000 0.000000 0.000000 0.000000 0.000000 0.000000 0.000000 0.000001 0.000001 0.000003 0.000007 0.000014 0.000028 0.000057 0.000113 0.000220 0.000420 0.000785 0.001441 0.002594 0.004582 0.007939 0.013494 0.022494 0.036776 0.058965 0.092709 0.142931 0.216061 0.320222 0.465290 0.662780 0.925476 1.266747 1.699504 2.234817 2.880252 3.638065 4.503452 5.463119 6.494447 7.565502 8.636073 9.659805 10.587313 11.370035 11.964410 12.335890 12.462269 12.335890 11.964410 11.370035 10.587313 9.659805 8.636073 7.565502 6.494447 5.463119 4.503452 3.638065 2.880252 2.234817 1.699504 1.266747 0.925476 0.662780 0.465290 0.320222 0.216061 0.142931 0.092709 0.058965 0.036776 0.022494 0.013494 0.007939 0.004582 0.002594 0.001441 0.000785 0.000420 0.000220 0.000113 0.000057 0.000028 0.000014 0.000007 0.000003 0.000001 0.000001 0.000000 0.000000 0.000000 0.000000 0.000000 0.000000 0.000000 0.000000 
0.000000 0.000000 0.000000 0.000000 0.000000 0.000000 0.000000 0.000000 0.000000 0.000001 0.000002 0.000004 0.000010 0.000020 0.000041 0.000083 0.000163 0.000317 0.000604 0.001128 0.002069 0.003722 0.006569 0.011373 0.019315 0.032176 0.052570 0.084232 0.132353 0.203929 0.308094 0.456375 0.662780 0.943631 1.317036 1.801912 2.416511 3.176463 4.092414 5.167481 6.394776 7.755396 9.217247 10.735064 12.251898 13.702122 15.015848 16.124374 16.966083 17.492115 17.671069 17.492115 16.966083 16.124374 15.015848 13.702122 12.251898 10.735064 9.217247 7.755396 6.394776 5.167481 4.092414 3.176463 2.416511 1.801912 1.317036 0.943631 0.662780 0.456375 0.308094 0.203929 0.132353 0.084232 0.052570 0.032176 0.019315 0.011373 0.006569 0.003722 0.002069 0.001128 0.000604 0.000317 0.000163 0.000083 0.000041 0.000020 0.000010 0.000004 0.000002 0.000001 0.000000 0.000000 0.000000 0.000000 0.000000 0.000000 0.000000 0.000000 
0.000000 0.000000 0.000000 0.000000 0.000000 0.000000 0.000000 0.000000 0.000001 0.000001 0.000003 0.000006 0.000014 0.000028 0.000058 0.000117 0.000231 0.000447 0.000851 0.001588 0.002910 0.005232 0.009227 0.015965 0.027096 0.045107 0.073649 0.117935 0.185202 0.285197 0.430640 0.637573 0.925476 1.317036 1.837400 2.512819 3.368601 4.426382 5.700861 7.196261 8.902909 10.794454 12.826242 14.935369 17.042735 19.057236 20.881886 22.421366 23.590207 24.320643 24.569128 24.320643 23.590207 22.421366 20.881886 19.057236 17.042735 14.935369 12.826242 10.794454 8.902909 7.196261 5.700861 4.426382 3.368601 2.512819 1.837400 1.317036 0.925476 0.637573 0.430640 0.285197 0.185202 0.117935 0.073649 0.045107 0.027096 0.015965 0.009227 0.005232 0.002910 0.001588 0.000851 0.000447 0.000231 0.000117 0.000058 0.000028 0.000014 0.000006 0.000003 0.000001 0.000001 0.000000 0.000000 0.000000 0.000000 0.000000 0.000000 0.000000 
0.000000 0.000000 0.000000 0.000000 0.000000 0.000000 0.000000 0.000000 0.000001 0.000002 0.000004 0.000009 0.000019 0.000039 0.000080 0.000161 0.000319 0.000618 0.001174 0.002191 0.004012 0.007207 0.012702 0.021962 0.037249 0.061970 0.101122 0.161834 0.253998 0.390930 0.589995 0.873079 1.266747 1.801912 2.512819 3.435193 4.603440 6.046936 7.785586 9.825005 12.151885 14.730211 17.499077 20.372761 23.243543 25.987406 28.472369 30.568753 32.160300 33.154845 33.493167 33.154845 32.160300 30.568753 28.472369 25.987406 23.243543 20.372761 17.499077 14.730211 12.151885 9.825005 7.785586 6.046936 4.603440 3.435193 2.512819 1.801912 1.266747 0.873079 0.589995 0.390930 0.253998 0.161834 0.101122 0.061970 0.037249 0.021962 0.012702 0.007207 0.004012 0.002191 0.001174 0.000618 0.000319 0.000161 0.000080 0.000039 0.000019 0.000009 0.000004 0.000002 0.000001 0.000000 0.000000 0.000000 0.000000 0.000000 0.000000 0.000000 
0.000000 0.000000 0.000000 0.000000 0.000000 0.000000 0.000000 0.000000 0.000001 0.000003 0.000006 0.000012 0.000026 0.000053 0.000109 0.000219 0.000432 0.000836 0.001588 0.002961 0.005418 0.009727 0.017132 0.029602 0.050178 0.083431 0.136064 0.217637 0.341403 0.525194 0.792252 1.171851 1.699504 2.416511 3.368601 4.603440 6.166897 8.098089 10.423447 13.150304 16.260718 19.706441 23.406024 27.244939 31.079345 34.743713 38.061938 40.861020 42.985897 44.313653 44.765316 44.313653 42.985897 40.861020 38.061938 34.743713 31.079345 27.244939 23.406024 19.706441 16.260718 13.150304 10.423447 8.098089 6.166897 4.603440 3.368601 2.416511 1.699504 1.171851 0.792252 0.525194 0.341403 0.217637 0.136064 0.083431 0.050178 0.029602 0.017132 0.009727 0.005418 0.002961 0.001588 0.000836 0.000432 0.000219 0.000109 0.000053 0.000026 0.000012 0.000006 0.000003 0.000001 0.000000 0.000000 0.000000 0.000000 0.000000 0.000000 0.000000 
0.000000 0.000000 0.000000 0.000000 0.000000 0.000000 0.000000 0.000001 0.000001 0.000003 0.000007 0.000016 0.000034 0.000071 0.000145 0.000291 0.000573 0.001108 0.002104 0.003921 0.007169 0.012862 0.022640 0.039097 0.066233 0.110067 0.179409 0.286823 0.449716 0.691495 1.042654 1.541580 2.234817 3.176463 4.426382 6.046936 8.098089 10.630913 13.679838 17.254259 21.330476 25.845132 30.691448 35.719403 40.740684 45.538665 49.882943 53.547229 56.328728 58.066707 58.657902 58.066707 56.328728 53.547229 49.882943 45.538665 40.740684 35.719403 30.691448 25.845132 21.330476 17.254259 13.679838 10.630913 8.098089 6.046936 4.426382 3.176463 2.234817 1.541580 1.042654 0.691495 0.449716 0.286823 0.179409 0.110067 0.066233 0.039097 0.022640 0.012862 0.007169 0.003921 0.002104 0.001108 0.000573 0.000291 0.000145 0.000071 0.000034 0.000016 0.000007 0.000003 0.000001 0.000001 0.000000 0.000000 0.000000 0.000000 0.000000 0.000000 
0.000000 0.000000 0.000000 0.000000 0.000000 0.000000 0.000000 0.000001 0.000002 0.000004 0.000010 0.000021 0.000044 0.000092 0.000188 0.000378 0.000744 0.001439 0.002731 0.005085 0.009293 0.016662 0.029312 0.050592 0.085663 0.142282 0.231807 0.370420 0.580528 0.892251 1.344807 1.987541 2.880252 4.092414 5.700861 7.785586 10.423447 13.679838 17.598739 22.191968 27.428853 33.227845 39.451714 45.907806 52.354414 58.513585 64.089771 68.792759 72.362502 74.592912 75.351598 74.592912 72.362502 68.792759 64.089771 58.513585 52.354414 45.907806 39.451714 33.227845 27.428853 22.191968 17.598739 13.679838 10.423447 7.785586 5.700861 4.092414 2.880252 1.987541 1.344807 0.892251 0.580528 0.370420 0.231807 0.142282 0.085663 0.050592 0.029312 0.016662 0.009293 0.005085 0.002731 0.001439 0.000744 0.000378 0.000188 0.000092 0.000044 0.000021 0.000010 0.000004 0.000002 0.000001 0.000000 0.000000 0.000000 0.000000 0.000000 0.000000 
0.000000 0.000000 0.000000 0.000000 0.000000 0.000000 0.000000 0.000001 0.000003 0.000006 0.000012 0.000027 0.000056 0.000117 0.000240 0.000481 0.000947 0.001831 0.003472 0.006461 0.011800 0.021146 0.037181 0.064141 0.108552 0.180216 0.293478 0.468764 0.734352 1.128227 1.699828 2.511335 3.638065 5.167481 7.196261 9.825005 13.150304 17.254259 22.191968 27.978020 34.573529 41.875614 49.711389 57.838315 65.952243 73.703524 80.720465 86.638151 91.129643 93.935866 94.890401 93.935866 91.129643 86.638151 80.720465 73.703524 65.952243 57.838315 49.711389 41.875614 34.573529 27.978020 22.191968 17.254259 13.150304 9.825005 7.196261 5.167481 3.638065 2.511335 1.699828 1.128227 0.734352 0.468764 0.293478 0.180216 0.108552 0.064141 0.037181 0.021146 0.011800 0.006461 0.003472 0.001831 0.000947 0.000481 0.000240 0.000117 0.000056 0.000027 0.000012 0.000006 0.000003 0.000001 0.000000 0.000000 0.000000 0.000000 0.000000 0.000000 
0.000000 0.000000 0.000000 0.000000 0.000000 0.000000 0.000001 0.000001 0.000003 0.000007 0.000015 0.000033 0.000071 0.000147 0.000299 0.000600 0.001181 0.002281 0.004323 0.008040 0.014677 0.026289 0.046203 0.079669 0.134771 0.223649 0.364059 0.581272 0.910259 1.397977 2.105517 3.109678 4.503452 6.394776 8.902909 12.151885 16.260718 21.330476 27.428853 34.573529 42.716207 51.729675 61.400428 71.429147 81.440628 91.003674 99.659997 106.959746 112.499931 115.961245 117.138588 115.961245 112.499931 106.959746 99.659997 91.003674 81.440628 71.429147 61.400428 51.729675 42.716207 34.573529 27.428853 21.330476 16.260718 12.151885 8.902909 6.394776 4.503452 3.109678 2.105517 1.397977 0.910259 0.581272 0.364059 0.223649 0.134771 0.079669 0.046203 0.026289 0.014677 0.008040 0.004323 0.002281 0.001181 0.000600 0.000299 0.000147 0.000071 0.000033 0.000015 0.000007 0.000003 0.000001 0.000001 0.000000 0.000000 0.000000 0.000000 0.000000 
0.000000 0.000000 0.000000 0.000000 0.000000 0.000000 0.000001 0.000002 0.000004 0.000009 0.000019 0.000041 0.000086 0.000179 0.000366 0.000733 0.001442 0.002783 0.005271 0.009801 0.017883 0.032017 0.056245 0.096944 0.163929 0.271931 0.442487 0.706243 1.105581 1.697397 2.555679 3.773406 5.463119 7.755396 10.794454 14.730211 19.706441 25.845132 33.227845 41.875614 51.729675 62.635861 74.335730 86.467173 98.576454 110.142262 120.610645 129.437931 136.137137 140.322437 141.746018 140.322437 136.137137 129.437931 120.610645 110.142262 98.576454 86.467173 74.335730 62.635861 51.729675 41.875614 33.227845 25.845132 19.706441 14.730211 10.794454 7.755396 5.463119 3.773406 2.555679 1.697397 1.105581 0.706243 0.442487 0.271931 0.163929 0.096944 0.056245 0.032017 0.017883 0.009801 0.005271 0.002783 0.001442 0.000733 0.000366 0.000179 0.000086 0.000041 0.000019 0.000009 0.000004 0.000002 0.000001 0.000000 0.000000 0.000000 0.000000 0.000000 
0.000000 0.000000 0.000000 0.000000 0.000000 0.000000 0.000001 0.000002 0.000005 0.000010 0.000023 0.000049 0.000103 0.000215 0.000438 0.000877 0.001723 0.003325 0.006296 0.011702 0.021342 0.038195 0.067073 0.115564 0.195344 0.323930 0.526926 0.840744 1.315731 2.019448 3.039721 4.486887 6.494447 9.217247 12.826242 17.499077 23.406024 30.691448 39.451714 49.711389 61.400428 74.335730 88.210654 102.595793 116.953262 130.665218 143.075253 153.539222 161.480211 166.441172 168.128561 166.441172 161.480211 153.539222 143.075253 130.665218 116.953262 102.595793 88.210654 74.335730 61.400428 49.711389 39.451714 30.691448 23.406024 17.499077 12.826242 9.217247 6.494447 4.486887 3.039721 2.019448 1.315731 0.840744 0.526926 0.323930 0.195344 0.115564 0.067073 0.038195 0.021342 0.011702 0.006296 0.003325 0.001723 0.000877 0.000438 0.000215 0.000103 0.000049 0.000023 0.000010 0.000005 0.000002 0.000001 0.000000 0.000000 0.000000 0.000000 0.000000 
0.000000 0.000000 0.000000 0.000000 0.000000 0.000000 0.000001 0.000002 0.000005 0.000012 0.000027 0.000057 0.000121 0.000252 0.000513 0.001027 0.002018 0.003891 0.007366 0.013684 0.024947 0.044632 0.078351 0.134950 0.228042 0.378037 0.614758 0.980610 1.534201 2.354155 3.542655 5.228028 7.565502 10.735064 14.935369 20.372761 27.244939 35.719403 45.907806 57.838315 71.429147 86.467173 102.595793 119.315867 136.002355 151.937447 166.358653 178.517820 187.744937 193.509237 195.469845 193.509237 187.744937 178.517820 166.358653 151.937447 136.002355 119.315867 102.595793 86.467173 71.429147 57.838315 45.907806 35.719403 27.244939 20.372761 14.935369 10.735064 7.565502 5.228028 3.542655 2.354155 1.534201 0.980610 0.614758 0.378037 0.228042 0.134950 0.078351 0.044632 0.024947 0.013684 0.007366 0.003891 0.002018 0.001027 0.000513 0.000252 0.000121 0.000057 0.000027 0.000012 0.000005 0.000002 0.000001 0.000000 0.000000 0.000000 0.000000 0.000000 
