0.000000 0.000000 0.000000 0.000000 0.000000 0.000000 0.000000 0.000000 0.000000 0.000000 0.000000 0.000000 0.000000 0.000000 0.000000 0.000000 0.000000 0.000000 0.000000 0.000000 0.000000 0.000000 0.000000 0.000000 0.000000 0.000000 0.000000 0.000000 0.000000 0.000000 0.000000 0.000000 0.000000 0.000000 0.000000 0.000000 0.000000 0.000000 0.000000 0.000000 0.000000 0.000000 0.000000 0.000000 0.000000 0.000000 0.000000 0.000000 0.000000 0.000000 0.000000 0.000000 0.000000 0.000000 0.000000 0.000000 0.000000 0.000000 0.000000 0.000000 0.000000 0.000000 0.000000 0.000000 0.000000 0.000000 0.000000 0.000000 0.000000 0.000000 0.000000 0.000000 0.000000 0.000000 0.000000 0.000000 0.000000 0.000000 0.000000 0.000000 0.000000 0.000000 0.000000 0.000000 0.000000 0.000000 0.000000 0.000000 0.000000 0.000000 0.000000 0.000000 0.000000 0.000000 0.000000 0.000000 0.000000 0.000000 0.000000 0.000000 
0.000000 0.000000 0.000000 0.000000 0.000000 0.000000 0.000000 0.000000 0.000000 0.000000 0.000000 0.000000 0.000000 0.000000 0.000000 0.000000 0.000000 0.000000 0.000000 0.000000 0.000000 0.000000 0.000000 0.000000 0.000000 0.000000 0.000000 0.000000 0.000000 0.000000 0.000000 0.000000 0.000000 0.000000 0.000000 0.000000 0.000000 0.000000 0.000000 0.000000 0.000000 0.000000 0.000000 0.000000 0.000000 0.000000 0.000000 0.000000 0.000000 0.000000 0.000000 0.000000 0.000000 0.000000 0.000000 0.000000 0.000000 0.000000 0.000000 0.000000 0.000000 0.000000 0.000000 0.000000 0.000000 0.000000 0.000000 0.000000 0.000000 0.000000 0.000000 0.000000 0.000000 0.000000 0.000000 0.000000 0.000000 0.000000 0.000000 0.000000 0.000000 0.000000 0.000000 0.000000 0.000000 0.000000 0.000000 0.000000 0.000000 0.000000 0.000000 0.000000 0.000000 0.000000 0.000000 0.000000 0.000000 0.000000 0.000000 0.000000 
0.000000 0.000000 0.000000 0.000000 0.000000 0.000000 0.000000 0.000000 0.000000 0.000000 0.000000 0.000000 0.000000 0.000000 0.000000 0.000000 0.000000 0.000000 0.000000 0.000000 0.000000 0.000000 0.000000 0.000000 0.000000 0.000000 0.000000 0.000000 0.000000 0.000000 0.000000 0.000000 0.000000 0.000000 0.000000 0.000000 0.000000 0.000000 0.000000 0.000000 0.000000 0.000000 0.000000 0.000000 0.000000 0.000000 0.000000 0.000000 0.000000 0.000000 0.000000 0.000000 0.000000 0.000000 0.000000 0.000000 0.000000 0.000000 0.000000 0.000000 0.000000 0.000000 0.000000 0.000000 0.000000 0.000000 0.000000 0.000000 0.000000 0.000000 0.000000 0.000000 0.000000 0.000000 0.000000 0.000000 0.000000 0.000000 0.000000 0.000000 0.000000 0.000000 0.000000 0.000000 0.000000 0.000000 0.000000 0.000000 0.000000 0.000000 0.000000 0.000000 0.000000 0.000000 0.000000 0.000000 0.000000 0.000000 0.000000 0.000000 
0.000000 0.000000 0.000000 0.000000 0.000000 0.000000 0.000000 0.000000 0.000000 0.000000 0.000000 0.000000 0.000000 0.000000 0.000000 0.000000 0.000000 0.000000 0.000000 0.000000 0.000000 0.000000 0.000000 0.000000 0.000000 0.000000 0.000000 0.000000 0.000000 0.000000 0.000000 0.000000 0.000000 0.000000 0.000000 0.000000 0.000000 0.000000 0.000000 0.000000 0.000000 0.000000 0.000000 0.000000 0.000000 0.000000 0.000000 0.000000 0.000000 0.000000 0.000000 0.000000 0.000000 0.000000 0.000000 0.000000 0.000000 0.000000 0.000000 0.000000 0.000000 0.000000 0.000000 0.000000 0.000000 0.000000 0.000000 0.000000 0.000000 0.000000 0.000000 0.000000 0.000000 0.000000 0.000000 0.000000 0.000000 0.000000 0.000000 0.000000 0.000000 0.000000 0.000000 0.000000 0.000000 0.000000 0.000000 0.000000 0.000000 0.000000 0.000000 0.000000 0.000000 0.000000 0.000000 0.000000 0.000000 0.000000 0.000000 0.000000 
0.000000 0.000000 0.000000 0.000000 0.000000 0.000000 0.000000 0.000000 0.000000 0.000000 0.000000 0.000000 0.000000 0.000000 0.000000 0.000000 0.000000 0.000000 0.000000 0.000000 0.000000 0.000000 0.000000 0.000000 0.000000 0.000000 0.000000 0.000000 0.000000 0.000000 0.000000 0.000000 0.000000 0.000000 0.000000 0.000000 0.000000 0.000000 0.000000 0.000000 0.000000 0.000000 0.000000 0.000000 0.000000 0.000000 0.000000 0.000000 0.000000 0.000000 0.000000 0.000000 0.000000 0.000000 0.000000 0.000000 0.000000 0.000000 0.000000 0.000000 0.000000 0.000000 0.000000 0.000000 0.000000 0.000000 0.000000 0.000000 0.000000 0.000000 0.000000 0.000000 0.000000 0.000000 0.000000 0.000000 0.000000 0.000000 0.000000 0.000000 0.000000 0.000000 0.000000 0.000000 0.000000 0.000000 0.000000 0.000000 0.000000 0.000000 0.000000 0.000000 0.000000 0.000000 0.000000 0.000000 0.000000 0.000000 0.000000 0.000000 
0.000000 0.000000 0.000000 0.000000 0.000000 0.000000 0.000000 0.000000 0.000000 0.000000 0.000000 0.000000 0.000000 0.000000 0.000000 0.000000 0.000000 0.000000 0.000000 0.000000 0.000000 0.000000 0.000000 0.000000 0.000000 0.000000 0.000000 0.000000 0.000000 0.000000 0.000000 0.000000 0.000000 0.000000 0.000000 0.000000 0.000000 0.000000 0.000000 0.000000 0.000000 0.000000 0.000000 0.000000 0.000000 0.000000 0.000000 0.000000 0.000000 0.000000 0.000000 0.000000 0.000000 0.000000 0.000000 0.000000 0.000000 0.000000 0.000000 0.000000 0.000000 0.000000 0.000000 0.000000 0.000000 0.000000 0.000000 0.000000 0.000000 0.000000 0.000000 0.000000 0.000000 0.000000 0.000000 0.000000 0.000000 0.000000 0.000000 0.000000 0.000000 0.000000 0.000000 0.000000 0.000000 0.000000 0.000000 0.000000 0.000000 0.000000 0.000000 0.000000 0.000000 0.000000 0.000000 0.000000 0.000000 0.000000 0.000000 0.000000 
0.000000 0.000000 0.000000 0.000000 0.000000 0.000000 0.000000 0.000000 0.000000 0.000000 0.000000 0.000000 0.000000 0.000000 0.000000 0.000000 0.000000 0.000000 0.000000 0.000000 0.000000 0.000000 0.000000 0.000000 0.000000 0.000000 0.000000 0.000000 0.000000 0.000000 0.000000 0.000000 0.000000 0.000000 0.000000 0.000000 0.000000 0.000000 0.000000 0.000000 0.000000 0.000000 0.000000 0.000000 0.000000 0.000000 0.000000 0.000000 0.000000 0.000000 0.000000 0.000000 0.000000 0.000000 0.000000 0.000000 0.000000 0.000000 0.000000 0.000000 0.000000 0.000000 0.000000 0.000000 0.000000 0.000000 0.000000 0.000000 0.000000 0.000000 0.000000 0.000000 0.000000 0.000000 0.000000 0.000000 0.000000 0.000000 0.000000 0.000000 0.000000 0.000000 0.000000 0.000000 0.000000 0.000000 0.000000 0.000000 0.000000 0.000000 0.000000 0.000000 0.000000 0.000000 0.000000 0.000000 0.000000 0.000000 0.000000 0.000000 
0.000000 0.000000 0.000000 0.000000 0.000000 0.000000 0.000000 0.000000 0.000000 0.000000 0.000000 0.000000 0.000000 0.000000 0.000000 0.000000 0.000000 0.000000 0.000000 0.000000 0.000000 0.000000 0.000000 0.000000 0.000000 0.000000 0.000000 0.000000 0.000000 0.000000 0.000000 0.000000 0.000000 0.000000 0.000000 0.000000 0.000000 0.000000 0.000000 0.000000 0.000000 0.000000 0.000000 0.000000 0.000000 0.000000 0.000000 0.000000 0.000000 0.000000 0.000000 0.000000 0.000000 0.000000 0.000000 0.000000 0.000000 0.000000 0.000000 0.000000 0.000000 0.000000 0.000000 0.000000 0.000000 0.000000 0.000000 0.000000 0.000000 0.000000 0.000000 0.000000 0.000000 0.000000 0.000000 0.000000 0.000000 0.000000 0.000000 0.000000 0.000000 0.000000 0.000000 0.000000 0.000000 0.000000 0.000000 0.000000 0.000000 0.000000 0.000000 0.000000 0.000000 0.000000 0.000000 0.000000 0.000000 0.000000 0.000000 0.000000 
0.000000 0.000000 0.000000 0.000000 0.000000 0.000000 0.000000 0.000000 0.000000 0.000000 0.000000 0.000000 0.000000 0.000000 0.000000 0.000000 0.000000 0.000000 0.000000 0.000000 0.000000 0.000000 0.000000 0.000000 0.000000 0.000000 0.000000 0.000000 0.000000 0.000000 0.000000 0.000000 0.000000 0.000000 0.000000 0.000000 0.000000 0.000000 0.000000 0.000000 0.000000 0.000000 0.000000 0.000000 0.000000 0.000000 0.000000 0.000000 0.000000 0.000000 0.000000 0.000000 0.000000 0.000000 0.000000 0.000000 0.000000 0.000000 0.000000 0.000000 0.000000 0.000000 0.000000 0.000000 0.000000 0.000000 0.000000 0.000000 0.000000 0.000000 0.000000 0.000000 0.000000 0.000000 0.000000 0.000000 0.000000 0.000000 0.000000 0.000000 0.000000 0.000000 0.000000 0.000000 0.000000 0.000000 0.000000 0.000000 0.000000 0.000000 0.000000 0.000000 0.000000 0.000000 0.000000 0.000000 0.000000 0.000000 0.000000 0.000000 
0.000000 0.000000 0.000000 0.000000 0.000000 0.000000 0.000000 0.000000 0.000000 0.000000 0.000000 0.000000 0.000000 0.000000 0.000000 0.000000 0.000000 0.000000 0.000000 0.000000 0.000000 0.000000 0.000000 0.000000 0.000000 0.000000 0.000000 0.000000 0.000000 0.000000 0.000000 0.000000 0.000000 0.000000 0.000000 0.000000 0.000000 0.000000 0.000000 0.000000 0.000000 0.000000 0.000000 0.000001 0.000001 0.000001 0.000001 0.000001 0.000001 0.000001 0.000001 0.000001 0.000001 0.000001 0.000001 0.000001 0.000001 0.000001 0.000000 0.000000 0.000000 0.000000 0.000000 0.000000 0.000000 0.000000 0.000000 0.000000 0.000000 0.000000 0.000000 0.000000 0.000000 0.000000 0.000000 0.000000 0.000000 0.000000 0.000000 0.000000 0.000000 0.000000 0.000000 0.000000 0.000000 0.000000 0.000000 0.000000 0.000000 0.000000 0.000000 0.000000 0.000000 0.000000 0.000000 0.000000 0.000000 0.000000 0.000000 0.000000 
0.000000 0.000000 0.000000 0.000000 0.000000 0.000000 0.000000 0.000000 0.000000 0.000000 0.000000 0.000000 0.000000 0.000000 0.000000 0.000000 0.000000 0.000000 0.000000 0.000000 0.000000 0.000000 0.000000 0.000000 0.000000 0.000000 0.000000 0.000000 0.000000 0.000000 0.000000 0.000000 0.000000 0.000000 0.000000 0.000000 0.000000 0.000000 0.000000 0.000001 0.000001 0.000001 0.000001 0.000001 0.000002 0.000002 0.000002 0.000002 0.000003 0.000003 0.000003 0.000003 0.000003 0.000002 0.000002 0.000002 0.000002 0.000001 0.000001 0.000001 0.000001 0.000001 0.000000 0.000000 0.000000 0.000000 0.000000 0.000000 0.000000 0.000000 0.000000 0.000000 0.000000 0.000000 0.000000 0.000000 0.000000 0.000000 0.000000 0.000000 0.000000 0.000000 0.000000 0.000000 0.000000 0.000000 0.000000 0.000000 0.000000 0.000000 0.000000 0.000000 0.000000 0.000000 0.000000 0.000000 0.000000 0.000000 0.000000 0.000000 
0.000000 0.000000 0.000000 0.000000 0.000000 0.000000 0.000000 0.000000 0.000000 0.000000 0.000000 0.000000 0.000000 0.000000 0.000000 0.000000 0.000000 0.000000 0.000000 0.000000 0.000000 0.000000 0.000000 0.000000 0.000000 0.000000 0.000000 0.000000 0.000000 0.000000 0.000000 0.000000 0.000000 0.000000 0.000000 0.000000 0.000001 0.000001 0.000001 0.000001 0.000002 0.000002 0.000003 0.000004 0.000004 0.000005 0.000006 0.000006 0.000006 0.000007 0.000007 0.000007 0.000006 0.000006 0.000006 0.000005 0.000004 0.000004 0.000003 0.000002 0.000002 0.000001 0.000001 0.000001 0.000001 0.000000 0.000000 0.000000 0.000000 0.000000 0.000000 0.000000 0.000000 0.000000 0.000000 0.000000 0.000000 0.000000 0.000000 0.000000 0.000000 0.000000 0.000000 0.000000 0.000000 0.000000 0.000000 0.000000 0.000000 0.000000 0.000000 0.000000 0.000000 0.000000 0.000000 0.000000 0.000000 0.000000 0.000000 0.000000 
0.000000 0.000000 0.000000 0.000000 0.000000 0.000000 0.000000 0.000000 0.000000 0.000000 0.000000 0.000000 0.000000 0.000000 0.000000 0.000000 0.000000 0.000000 0.000000 0.000000 0.000000 0.000000 0.000000 0.000000 0.000000 0.000000 0.000000 0.000000 0.000000 0.000000 0.000000 0.000000 0.000000 0.000000 0.000001 0.000001 0.000001 0.000002 0.000003 0.000003 0.000004 0.000006 0.000007 0.000009 0.000010 0.000012 0.000013 0.000015 0.000016 0.000016 0.000016 0.000016 0.000016 0.000015 0.000013 0.000012 0.000010 0.000009 0.000007 0.000006 0.000004 0.000003 0.000003 0.000002 0.000001 0.000001 0.000001 0.000000 0.000000 0.000000 0.000000 0.000000 0.000000 0.000000 0.000000 0.000000 0.000000 0.000000 0.000000 0.000000 0.000000 0.000000 0.000000 0.000000 0.000000 0.000000 0.000000 0.000000 0.000000 0.000000 0.000000 0.000000 0.000000 0.000000 0.000000 0.000000 0.000000 0.000000 0.000000 0.000000 
0.000000 0.000000 0.000000 0.000000 0.000000 0.000000 0.000000 0.000000 0.000000 0.000000 0.000000 0.000000 0.000000 0.000000 0.000000 0.000000 0.000000 0.000000 0.000000 0.000000 0.000000 0.000000 0.000000 0.000000 0.000000 0.000000 0.000000 0.000000 0.000000 0.000000 0.000000 0.000000 0.000001 0.000001 0.000001 0.000002 0.000003 0.000004 0.000006 0.000008 0.000011 0.000014 0.000017 0.000021 0.000024 0.000028 0.000032 0.000035 0.000037 0.000038 0.000039 0.000038 0.000037 0.000035 0.000032 0.000028 0.000024 0.000021 0.000017 0.000014 0.000011 0.000008 0.000006 0.000004 0.000003 0.000002 0.000001 0.000001 0.000001 0.000000 0.000000 0.000000 0.000000 0.000000 0.000000 0.000000 0.000000 0.000000 0.000000 0.000000 0.000000 0.000000 0.000000 0.000000 0.000000 0.000000 0.000000 0.000000 0.000000 0.000000 0.000000 0.000000 0.000000 0.000000 0.000000 0.000000 0.000000 0.000000 0.000000 0.000000 
0.000000 0.000000 0.000000 0.000000 0.000000 0.000000 0.000000 0.000000 0.000000 0.000000 0.000000 0.000000 0.000000 0.000000 0.000000 0.000000 0.000000 0.000000 0.000000 0.000000 0.000000 0.000000 0.000000 0.000000 0.000000 0.000000 0.000000 0.000000 0.000000 0.000000 0.000001 0.000001 0.000001 0.000002 0.000003 0.000005 0.000007 0.000010 0.000014 0.000019 0.000025 0.000032 0.000040 0.000048 0.000057 0.000065 0.000073 0.000080 0.000086 0.000089 0.000090 0.000089 0.000086 0.000080 0.000073 0.000065 0.000057 0.000048 0.000040 0.000032 0.000025 0.000019 0.000014 0.000010 0.000007 0.000005 0.000003 0.000002 0.000001 0.000001 0.000001 0.000000 0.000000 0.000000 0.000000 0.000000 0.000000 0.000000 0.000000 0.000000 0.000000 0.000000 0.000000 0.000000 0.000000 0.000000 0.000000 0.000000 0.000000 0.000000 0.000000 0.000000 0.000000 0.000000 0.000000 0.000000 0.000000 0.000000 0.000000 0.000000 
0.000000 0.000000 0.000000 0.000000 0.000000 0.000000 0.000000 0.000000 0.000000 0.000000 0.000000 0.000000 0.000000 0.000000 0.000000 0.000000 0.000000 0.000000 0.000000 0.000000 0.000000 0.000000 0.000000 0.000000 0.000000 0.000000 0.000000 0.000000 0.000000 0.000001 0.000001 0.000002 0.000003 0.000005 0.000008 0.000011 0.000017 0.000023 0.000032 0.000043 0.000057 0.000072 0.000090 0.000109 0.000129 0.000149 0.000167 0.000183 0.000195 0.000202 0.000205 0.000202 0.000195 0.000183 0.000167 0.000149 0.000129 0.000109 0.000090 0.000072 0.000057 0.000043 0.000032 0.000023 0.000017 0.000011 0.000008 0.000005 0.000003 0.000002 0.000001 0.000001 0.000000 0.000000 0.000000 0.000000 0.000000 0.000000 0.000000 0.000000 0.000000 0.000000 0.000000 0.000000 0.000000 0.000000 0.000000 0.000000 0.000000 0.000000 0.000000 0.000000 0.000000 0.000000 0.000000 0.000000 0.000000 0.000000 0.000000 0.000000 
0.000000 0.000000 0.000000 0.000000 0.000000 0.000000 0.000000 0.000000 0.000000 0.000000 0.000000 0.000000 0.000000 0.000000 0.000000 0.000000 0.000000 0.000000 0.000000 0.000000 0.000000 0.000000 0.000000 0.000000 0.000000 0.000000 0.000000 0.000001 0.000001 0.000002 0.000003 0.000005 0.000007 0.000011 0.000017 0.000026 0.000037 0.000052 0.000072 0.000097 0.000126 0.000161 0.000201 0.000243 0.000287 0.000331 0.000371 0.000406 0.000433 0.000450 0.000456 0.000450 0.000433 0.000406 0.000371 0.000331 0.000287 0.000243 0.000201 0.000161 0.000126 0.000097 0.000072 0.000052 0.000037 0.000026 0.000017 0.000011 0.000007 0.000005 0.000003 0.000002 0.000001 0.000001 0.000000 0.000000 0.000000 0.000000 0.000000 0.000000 0.000000 0.000000 0.000000 0.000000 0.000000 0.000000 0.000000 0.000000 0.000000 0.000000 0.000000 0.000000 0.000000 0.000000 0.000000 0.000000 0.000000 0.000000 0.000000 0.000000 
0.000000 0.000000 0.000000 0.000000 0.000000 0.000000 0.000000 0.000000 0.000000 0.000000 0.000000 0.000000 0.000000 0.000000 0.000000 0.000000 0.000000 0.000000 0.000000 0.000000 0.000000 0.000000 0.000000 0.000000 0.000000 0.000000 0.000001 0.000001 0.000002 0.000004 0.000006 0.000010 0.000016 0.000025 0.000038 0.000056 0.000081 0.000115 0.000158 0.000211 0.000276 0.000352 0.000437 0.000530 0.000625 0.000720 0.000807 0.000883 0.000941 0.000978 0.000991 0.000978 0.000941 0.000883 0.000807 0.000720 0.000625 0.000530 0.000437 0.000352 0.000276 0.000211 0.000158 0.000115 0.000081 0.000056 0.000038 0.000025 0.000016 0.000010 0.000006 0.000004 0.000002 0.000001 0.000001 0.000000 0.000000 0.000000 0.000000 0.000000 0.000000 0.000000 0.000000 0.000000 0.000000 0.000000 0.000000 0.000000 0.000000 0.000000 0.000000 0.000000 0.000000 0.000000 0.000000 0.000000 0.000000 0.000000 0.000000 0.000000 
0.000000 0.000000 0.000000 0.000000 0.000000 0.000000 0.000000 0.000000 0.000000 0.000000 0.000000 0.000000 0.000000 0.000000 0.000000 0.000000 0.000000 0.000000 0.000000 0.000000 0.000000 0.000000 0.000000 0.000000 0.000000 0.000001 0.000001 0.000003 0.000005 0.000008 0.000013 0.000022 0.000035 0.000054 0.000082 0.000121 0.000175 0.000246 0.000338 0.000452 0.000590 0.000752 0.000933 0.001129 0.001332 0.001533 0.001719 0.001879 0.002003 0.002081 0.002108 0.002081 0.002003 0.001879 0.001719 0.001533 0.001332 0.001129 0.000933 0.000752 0.000590 0.000452 0.000338 0.000246 0.000175 0.000121 0.000082 0.000054 0.000035 0.000022 0.000013 0.000008 0.000005 0.000003 0.000001 0.000001 0.000000 0.000000 0.000000 0.000000 0.000000 0.000000 0.000000 0.000000 0.000000 0.000000 0.000000 0.000000 0.000000 0.000000 0.000000 0.000000 0.000000 0.000000 0.000000 0.000000 0.000000 0.000000 0.000000 0.000000 
0.000000 0.000000 0.000000 0.000000 0.000000 0.000000 0.000000 0.000000 0.000000 0.000000 0.000000 0.000000 0.000000 0.000000 0.000000 0.000000 0.000000 0.000000 0.000000 0.000000 0.000000 0.000000 0.000000 0.000000 0.000001 0.000002 0.000003 0.000006 0.000010 0.000017 0.000028 0.000046 0.000073 0.000114 0.000172 0.000255 0.000367 0.000516 0.000707 0.000946 0.001234 0.001570 0.001947 0.002355 0.002778 0.003194 0.003581 0.003914 0.004170 0.004333 0.004388 0.004333 0.004170 0.003914 0.003581 0.003194 0.002778 0.002355 0.001947 0.001570 0.001234 0.000946 0.000707 0.000516 0.000367 0.000255 0.000172 0.000114 0.000073 0.000046 0.000028 0.000017 0.000010 0.000006 0.000003 0.000002 0.000001 0.000000 0.000000 0.000000 0.000000 0.000000 0.000000 0.000000 0.000000 0.000000 0.000000 0.000000 0.000000 0.000000 0.000000 0.000000 0.000000 0.000000 0.000000 0.000000 0.000000 0.000000 0.000000 0.000000 
0.000000 0.000000 0.000000 0.000000 0.000000 0.000000 0.000000 0.000000 0.000000 0.000000 0.000000 0.000000 0.000000 0.000000 0.000000 0.000000 0.000000 0.000000 0.000000 0.000000 0.000000 0.000000 0.000001 0.000001 0.000002 0.000004 0.000007 0.000012 0.000021 0.000035 0.000059 0.000095 0.000151 0.000235 0.000355 0.000523 0.000753 0.001058 0.001449 0.001937 0.002524 0.003208 0.003976 0.004806 0.005665 0.006511 0.007297 0.007974 0.008495 0.008824 0.008936 0.008824 0.008495 0.007974 0.007297 0.006511 0.005665 0.004806 0.003976 0.003208 0.002524 0.001937 0.001449 0.001058 0.000753 0.000523 0.000355 0.000235 0.000151 0.000095 0.000059 0.000035 0.000021 0.000012 0.000007 0.000004 0.000002 0.000001 0.000001 0.000000 0.000000 0.000000 0.000000 0.000000 0.000000 0.000000 0.000000 0.000000 0.000000 0.000000 0.000000 0.000000 0.000000 0.000000 0.000000 0.000000 0.000000 0.000000 0.000000 0.000000 
0.000000 0.000000 0.000000 0.000000 0.000000 0.000000 0.000000 0.000000 0.000000 0.000000 0.000000 0.000000 0.000000 0.000000 0.000000 0.000000 0.000000 0.000000 0.000000 0.000000 0.000000 0.000001 0.000001 0.000002 0.000004 0.000007 0.000013 0.000024 0.000042 0.000071 0.000119 0.000193 0.000305 0.000473 0.000714 0.001052 0.001513 0.002122 0.002904 0.003877 0.005048 0.006411 0.007942 0.009594 0.011303 0.012985 0.014547 0.015890 0.016926 0.017579 0.017803 0.017579 0.016926 0.015890 0.014547 0.012985 0.011303 0.009594 0.007942 0.006411 0.005048 0.003877 0.002904 0.002122 0.001513 0.001052 0.000714 0.000473 0.000305 0.000193 0.000119 0.000071 0.000042 0.000024 0.000013 0.000007 0.000004 0.000002 0.000001 0.000001 0.000000 0.000000 0.000000 0.000000 0.000000 0.000000 0.000000 0.000000 0.000000 0.000000 0.000000 0.000000 0.000000 0.000000 0.000000 0.000000 0.000000 0.000000 0.000000 0.000000 
0.000000 0.000000 0.000000 0.000000 0.000000 0.000000 0.000000 0.000000 0.000000 0.000000 0.000000 0.000000 0.000000 0.000000 0.000000 0.000000 0.000000 0.000000 0.000000 0.000000 0.000001 0.000001 0.000002 0.000004 0.000008 0.000015 0.000027 0.000048 0.000083 0.000141 0.000235 0.000381 0.000603 0.000931 0.001405 0.002068 0.002970 0.004162 0.005690 0.007589 0.009874 0.012532 0.015513 0.018730 0.022054 0.025326 0.028362 0.030974 0.032986 0.034256 0.034690 0.034256 0.032986 0.030974 0.028362 0.025326 0.022054 0.018730 0.015513 0.012532 0.009874 0.007589 0.005690 0.004162 0.002970 0.002068 0.001405 0.000931 0.000603 0.000381 0.000235 0.000141 0.000083 0.000048 0.000027 0.000015 0.000008 0.000004 0.000002 0.000001 0.000001 0.000000 0.000000 0.000000 0.000000 0.000000 0.000000 0.000000 0.000000 0.000000 0.000000 0.000000 0.000000 0.000000 0.000000 0.000000 0.000000 0.000000 0.000000 0.000000 
0.000000 0.000000 0.000000 0.000000 0.000000 0.000000 0.000000 0.000000 0.000000 0.000000 0.000000 0.000000 0.000000 0.000000 0.000000 0.000000 0.000000 0.000000 0.000000 0.000000 0.000001 0.000002 0.000004 0.000008 0.000015 0.000028 0.000052 0.000092 0.000161 0.000273 0.000454 0.000735 0.001162 0.001794 0.002703 0.003973 0.005701 0.007981 0.010902 0.014528 0.018888 0.023954 0.029634 0.035759 0.042085 0.048309 0.054082 0.059047 0.062871 0.065283 0.066108 0.065283 0.062871 0.059047 0.054082 0.048309 0.042085 0.035759 0.029634 0.023954 0.018888 0.014528 0.010902 0.007981 0.005701 0.003973 0.002703 0.001794 0.001162 0.000735 0.000454 0.000273 0.000161 0.000092 0.000052 0.000028 0.000015 0.000008 0.000004 0.000002 0.000001 0.000000 0.000000 0.000000 0.000000 0.000000 0.000000 0.000000 0.000000 0.000000 0.000000 0.000000 0.000000 0.000000 0.000000 0.000000 0.000000 0.000000 0.000000 0.000000 
0.000000 0.000000 0.000000 0.000000 0.000000 0.000000 0.000000 0.000000 0.000000 0.000000 0.000000 0.000000 0.000000 0.000000 0.000000 0.000000 0.000000 0.000000 0.000000 0.000001 0.000002 0.000004 0.000008 0.000015 0.000029 0.000054 0.000099 0.000176 0.000305 0.000518 0.000858 0.001387 0.002191 0.003378 0.005083 0.007465 0.010699 0.014963 0.020421 0.027192 0.035326 0.044771 0.055352 0.066756 0.078530 0.090107 0.100843 0.110072 0.117180 0.121663 0.123195 0.121663 0.117180 0.110072 0.100843 0.090107 0.078530 0.066756 0.055352 0.044771 0.035326 0.027192 0.020421 0.014963 0.010699 0.007465 0.005083 0.003378 0.002191 0.001387 0.000858 0.000518 0.000305 0.000176 0.000099 0.000054 0.000029 0.000015 0.000008 0.000004 0.000002 0.000001 0.000000 0.000000 0.000000 0.000000 0.000000 0.000000 0.000000 0.000000 0.000000 0.000000 0.000000 0.000000 0.000000 0.000000 0.000000 0.000000 0.000000 0.000000 
0.000000 0.000000 0.000000 0.000000 0.000000 0.000000 0.000000 0.000000 0.000000 0.000000 0.000000 0.000000 0.000000 0.000000 0.000000 0.000000 0.000000 0.000000 0.000001 0.000002 0.000004 0.000007 0.000015 0.000028 0.000054 0.000101 0.000183 0.000326 0.000565 0.000958 0.001584 0.002560 0.004037 0.006216 0.009344 0.013708 0.019627 0.027426 0.037397 0.049757 0.064593 0.081810 0.101086 0.121848 0.143274 0.164333 0.183854 0.200633 0.213550 0.221698 0.224483 0.221698 0.213550 0.200633 0.183854 0.164333 0.143274 0.121848 0.101086 0.081810 0.064593 0.049757 0.037397 0.027426 0.019627 0.013708 0.009344 0.006216 0.004037 0.002560 0.001584 0.000958 0.000565 0.000326 0.000183 0.000101 0.000054 0.000028 0.000015 0.000007 0.000004 0.000002 0.000001 0.000000 0.000000 0.000000 0.000000 0.000000 0.000000 0.000000 0.000000 0.000000 0.000000 0.000000 0.000000 0.000000 0.000000 0.000000 0.000000 0.000000 
0.000000 0.000000 0.000000 0.000000 0.000000 0.000000 0.000000 0.000000 0.000000 0.000000 0.000000 0.000000 0.000000 0.000000 0.000000 0.000000 0.000000 0.000001 0.000001 0.000003 0.000007 0.000013 0.000027 0.000052 0.000099 0.000183 0.000333 0.000591 0.001023 0.001731 0.002860 0.004615 0.007270 0.011181 0.016788 0.024604 0.035195 0.049136 0.066944 0.089001 0.115458 0.146140 0.180472 0.217430 0.255553 0.293007 0.327715 0.357538 0.380494 0.394971 0.399919 0.394971 0.380494 0.357538 0.327715 0.293007 0.255553 0.217430 0.180472 0.146140 0.115458 0.089001 0.066944 0.049136 0.035195 0.024604 0.016788 0.011181 0.007270 0.004615 0.002860 0.001731 0.001023 0.000591 0.000333 0.000183 0.000099 0.000052 0.000027 0.000013 0.000007 0.000003 0.000001 0.000001 0.000000 0.000000 0.000000 0.000000 0.000000 0.000000 0.000000 0.000000 0.000000 0.000000 0.000000 0.000000 0.000000 0.000000 0.000000 0.000000 
0.000000 0.000000 0.000000 0.000000 0.000000 0.000000 0.000000 0.000000 0.000000 0.000000 0.000000 0.000000 0.000000 0.000000 0.000000 0.000000 0.000001 0.000001 0.000003 0.000006 0.000012 0.000024 0.000048 0.000092 0.000176 0.000326 0.000591 0.001046 0.001809 0.003057 0.005045 0.008130 0.012793 0.019654 0.029478 0.043160 0.061681 0.086038 0.117128 0.155606 0.201727 0.255179 0.314954 0.379270 0.445584 0.510709 0.571038 0.622864 0.662749 0.687899 0.696494 0.687899 0.662749 0.622864 0.571038 0.510709 0.445584 0.379270 0.314954 0.255179 0.201727 0.155606 0.117128 0.086038 0.061681 0.043160 0.029478 0.019654 0.012793 0.008130 0.005045 0.003057 0.001809 0.001046 0.000591 0.000326 0.000176 0.000092 0.000048 0.000024 0.000012 0.000006 0.000003 0.000001 0.000001 0.000000 0.000000 0.000000 0.000000 0.000000 0.000000 0.000000 0.000000 0.000000 0.000000 0.000000 0.000000 0.000000 0.000000 0.000000 
0.000000 0.000000 0.000000 0.000000 0.000000 0.000000 0.000000 0.000000 0.000000 0.000000 0.000000 0.000000 0.000000 0.000000 0.000000 0.000000 0.000001 0.000002 0.000005 0.000010 0.000021 0.000042 0.000083 0.000161 0.000305 0.000565 0.001023 0.001809 0.003126 0.005275 0.008694 0.013994 0.021995 0.033755 0.050578 0.073983 0.105639 0.147233 0.200282 0.265890 0.344476 0.435500 0.537234 0.646642 0.759400 0.870096 0.972609 1.060651 1.128395 1.171107 1.185702 1.171107 1.128395 1.060651 0.972609 0.870096 0.759400 0.646642 0.537234 0.435500 0.344476 0.265890 0.200282 0.147233 0.105639 0.073983 0.050578 0.033755 0.021995 0.013994 0.008694 0.005275 0.003126 0.001809 0.001023 0.000565 0.000305 0.000161 0.000083 0.000042 0.000021 0.000010 0.000005 0.000002 0.000001 0.000000 0.000000 0.000000 0.000000 0.000000 0.000000 0.000000 0.000000 0.000000 0.000000 0.000000 0.000000 0.000000 0.000000 0.000000 
0.000000 0.000000 0.000000 0.000000 0.000000 0.000000 0.000000 0.000000 0.000000 0.000000 0.000000 0.000000 0.000000 0.000000 0.000000 0.000001 0.000002 0.000004 0.000008 0.000017 0.000035 0.000071 0.000141 0.000273 0.000518 0.000958 0.001731 0.003057 0.005275 0.008890 0.014636 0.023531 0.036946 0.056643 0.084791 0.123916 0.176789 0.246203 0.334665 0.443995 0.574868 0.726364 0.895596 1.077509 1.264915 1.448827 1.619095 1.765293 1.877763 1.948669 1.972896 1.948669 1.877763 1.765293 1.619095 1.448827 1.264915 1.077509 0.895596 0.726364 0.574868 0.443995 0.334665 0.246203 0.176789 0.123916 0.084791 0.056643 0.036946 0.023531 0.014636 0.008890 0.005275 0.003057 0.001731 0.000958 0.000518 0.000273 0.000141 0.000071 0.000035 0.000017 0.000008 0.000004 0.000002 0.000001 0.000000 0.000000 0.000000 0.000000 0.000000 0.000000 0.000000 0.000000 0.000000 0.000000 0.000000 0.000000 0.000000 0.000000 
0.000000 0.000000 0.000000 0.000000 0.000000 0.000000 0.000000 0.000000 0.000000 0.000000 0.000000 0.000000 0.000000 0.000000 0.000001 0.000001 0.000003 0.000006 0.000013 0.000028 0.000059 0.000119 0.000235 0.000454 0.000858 0.001584 0.002860 0.005045 0.008694 0.014636 0.024067 0.038652 0.060626 0.092858 0.138874 0.202780 0.289069 0.402264 0.546419 0.724459 0.937450 1.183864 1.458990 1.754599 2.059013 2.357651 2.634056 2.871334 3.053841 3.168887 3.208194 3.168887 3.053841 2.871334 2.634056 2.357651 2.059013 1.754599 1.458990 1.183864 0.937450 0.724459 0.546419 0.402264 0.289069 0.202780 0.138874 0.092858 0.060626 0.038652 0.024067 0.014636 0.008694 0.005045 0.002860 0.001584 0.000858 0.000454 0.000235 0.000119 0.000059 0.000028 0.000013 0.000006 0.000003 0.000001 0.000001 0.000000 0.000000 0.000000 0.000000 0.000000 0.000000 0.000000 0.000000 0.000000 0.000000 0.000000 0.000000 0.000000 
0.000000 0.000000 0.000000 0.000000 0.000000 0.000000 0.000000 0.000000 0.000000 0.000000 0.000000 0.000000 0.000000 0.000000 0.000001 0.000002 0.000005 0.000010 0.000022 0.000046 0.000095 0.000193 0.000381 0.000735 0.001387 0.002560 0.004615 0.008130 0.013994 0.023531 0.038652 0.062014 0.097174 0.148700 0.222194 0.324176 0.461766 0.642126 0.871657 1.154960 1.493678 1.885343 2.322431 2.791859 3.275090 3.748999 4.187508 4.563863 4.853297 5.035726 5.098053 5.035726 4.853297 4.563863 4.187508 3.748999 3.275090 2.791859 2.322431 1.885343 1.493678 1.154960 0.871657 0.642126 0.461766 0.324176 0.222194 0.148700 0.097174 0.062014 0.038652 0.023531 0.013994 0.008130 0.004615 0.002560 0.001387 0.000735 0.000381 0.000193 0.000095 0.000046 0.000022 0.000010 0.000005 0.000002 0.000001 0.000000 0.000000 0.000000 0.000000 0.000000 0.000000 0.000000 0.000000 0.000000 0.000000 0.000000 0.000000 0.000000 
0.000000 0.000000 0.000000 0.000000 0.000000 0.000000 0.000000 0.000000 0.000000 0.000000 0.000000 0.000000 0.000000 0.000001 0.000001 0.000003 0.000007 0.000016 0.000035 0.000073 0.000151 0.000305 0.000603 0.001162 0.002191 0.004037 0.007270 0.012793 0.021995 0.036946 0.060626 0.097174 0.152127 0.232586 0.347252 0.506238 0.720572 1.001335 1.358405 1.798860 2.325177 2.933454 3.611967 4.340386 5.089955 5.824841 6.504658 7.087999 7.536547 7.819236 7.915810 7.819236 7.536547 7.087999 6.504658 5.824841 5.089955 4.340386 3.611967 2.933454 2.325177 1.798860 1.358405 1.001335 0.720572 0.506238 0.347252 0.232586 0.152127 0.097174 0.060626 0.036946 0.021995 0.012793 0.007270 0.004037 0.002191 0.001162 0.000603 0.000305 0.000151 0.000073 0.000035 0.000016 0.000007 0.000003 0.000001 0.000001 0.000000 0.000000 0.000000 0.000000 0.000000 0.000000 0.000000 0.000000 0.000000 0.000000 0.000000 0.000000 
0.000000 0.000000 0.000000 0.000000 0.000000 0.000000 0.000000 0.000000 0.000000 0.000000 0.000000 0.000000 0.000000 0.000001 0.000002 0.000005 0.000011 0.000025 0.000054 0.000114 0.000235 0.000473 0.000931 0.001794 0.003378 0.006216 0.011181 0.019654 0.033755 0.056643 0.092858 0.148700 0.232586 0.355303 0.530053 0.772160 1.098319 1.525280 2.067944 2.736949 3.535946 4.458924 5.488029 6.592400 7.728454 8.841930 9.871720 10.755196 11.434428 11.862460 12.008680 11.862460 11.434428 10.755196 9.871720 8.841930 7.728454 6.592400 5.488029 4.458924 3.535946 2.736949 2.067944 1.525280 1.098319 0.772160 0.530053 0.355303 0.232586 0.148700 0.092858 0.056643 0.033755 0.019654 0.011181 0.006216 0.003378 0.001794 0.000931 0.000473 0.000235 0.000114 0.000054 0.000025 0.000011 0.000005 0.000002 0.000001 0.000000 0.000000 0.000000 0.000000 0.000000 0.000000 0.000000 0.000000 0.000000 0.000000 0.000000 0.000000 
0.000000 0.000000 0.000000 0.000000 0.000000 0.000000 0.000000 0.000000 0.000000 0.000000 0.000000 0.000000 0.000001 0.000001 0.000003 0.000008 0.000017 0.000038 0.000082 0.000172 0.000355 0.000714 0.001405 0.002703 0.005083 0.009344 0.016788 0.029478 0.050578 0.084791 0.138874 0.222194 0.347252 0.530053 0.790163 1.150274 1.635075 2.269306 3.074937 4.067591 5.252533 6.620721 8.145604 9.781418 11.463624 13.111947 14.636038 15.943345 16.948289 17.581515 17.797823 17.581515 16.948289 15.943345 14.636038 13.111947 11.463624 9.781418 8.145604 6.620721 5.252533 4.067591 3.074937 2.269306 1.635075 1.150274 0.790163 0.530053 0.347252 0.222194 0.138874 0.084791 0.050578 0.029478 0.016788 0.009344 0.005083 0.002703 0.001405 0.000714 0.000355 0.000172 0.000082 0.000038 0.000017 0.000008 0.000003 0.000001 0.000001 0.000000 0.000000 0.000000 0.000000 0.000000 0.000000 0.000000 0.000000 0.000000 0.000000 0.000000 
0.000000 0.000000 0.000000 0.000000 0.000000 0.000000 0.000000 0.000000 0.000000 0.000000 0.000000 0.000000 0.000001 0.000002 0.000005 0.000011 0.000026 0.000056 0.000121 0.000255 0.000523 0.001052 0.002068 0.003973 0.007465 0.013708 0.024604 0.043160 0.073983 0.123916 0.202780 0.324176 0.506238 0.772160 1.150274 1.673400 2.377214 3.297418 4.465657 5.904362 7.620954 9.602162 11.809423 14.176444 16.609864 18.993657 21.197313 23.087199 24.539792 25.455009 25.767630 25.455009 24.539792 23.087199 21.197313 18.993657 16.609864 14.176444 11.809423 9.602162 7.620954 5.904362 4.465657 3.297418 2.377214 1.673400 1.150274 0.772160 0.506238 0.324176 0.202780 0.123916 0.073983 0.043160 0.024604 0.013708 0.007465 0.003973 0.002068 0.001052 0.000523 0.000255 0.000121 0.000056 0.000026 0.000011 0.000005 0.000002 0.000001 0.000000 0.000000 0.000000 0.000000 0.000000 0.000000 0.000000 0.000000 0.000000 0.000000 0.000000 
0.000000 0.000000 0.000000 0.000000 0.000000 0.000000 0.000000 0.000000 0.000000 0.000000 0.000000 0.000001 0.000001 0.000003 0.000007 0.000017 0.000037 0.000081 0.000175 0.000367 0.000753 0.001513 0.002970 0.005701 0.010699 0.019627 0.035195 0.061681 0.105639 0.176789 0.289069 0.461766 0.720572 1.098319 1.635075 2.377214 3.375094 4.679048 6.333617 8.370269 10.799232 13.601503 16.722384 20.068077 23.506655 26.874293 29.986822 32.655741 34.706861 35.999080 36.440460 35.999080 34.706861 32.655741 29.986822 26.874293 23.506655 20.068077 16.722384 13.601503 10.799232 8.370269 6.333617 4.679048 3.375094 2.377214 1.635075 1.098319 0.720572 0.461766 0.289069 0.176789 0.105639 0.061681 0.035195 0.019627 0.010699 0.005701 0.002970 0.001513 0.000753 0.000367 0.000175 0.000081 0.000037 0.000017 0.000007 0.000003 0.000001 0.000001 0.000000 0.000000 0.000000 0.000000 0.000000 0.000000 0.000000 0.000000 0.000000 0.000000 
0.000000 0.000000 0.000000 0.000000 0.000000 0.000000 0.000000 0.000000 0.000000 0.000000 0.000000 0.000001 0.000002 0.000004 0.000010 0.000023 0.000052 0.000115 0.000246 0.000516 0.001058 0.002122 0.004162 0.007981 0.014963 0.027426 0.049136 0.086038 0.147233 0.246203 0.402264 0.642126 1.001335 1.525280 2.269306 3.297418 4.679048 6.483519 8.772081 11.587873 14.944682 18.815953 23.125927 27.744985 32.491035 37.138127 41.432381 45.114047 47.943167 49.725396 50.334125 49.725396 47.943167 45.114047 41.432381 37.138127 32.491035 27.744985 23.125927 18.815953 14.944682 11.587873 8.772081 6.483519 4.679048 3.297418 2.269306 1.525280 1.001335 0.642126 0.402264 0.246203 0.147233 0.086038 0.049136 0.027426 0.014963 0.007981 0.004162 0.002122 0.001058 0.000516 0.000246 0.000115 0.000052 0.000023 0.000010 0.000004 0.000002 0.000001 0.000000 0.000000 0.000000 0.000000 0.000000 0.000000 0.000000 0.000000 0.000000 0.000000 
0.000000 0.000000 0.000000 0.000000 0.000000 0.000000 0.000000 0.000000 0.000000 0.000000 0.000000 0.000001 0.000003 0.000006 0.000014 0.000032 0.000072 0.000158 0.000338 0.000707 0.001449 0.002904 0.005690 0.010902 0.020421 0.037397 0.066944 0.117128 0.200282 0.334665 0.546419 0.871657 1.358405 2.067944 3.074937 4.465657 6.333617 8.772081 11.863333 15.665161 20.195737 25.418857 31.232060 37.460420 43.858462 50.121792 55.908564 60.869144 64.680627 67.081538 67.901552 67.081538 64.680627 60.869144 55.908564 50.121792 43.858462 37.460420 31.232060 25.418857 20.195737 15.665161 11.863333 8.772081 6.333617 4.465657 3.074937 2.067944 1.358405 0.871657 0.546419 0.334665 0.200282 0.117128 0.066944 0.037397 0.020421 0.010902 0.005690 0.002904 0.001449 0.000707 0.000338 0.000158 0.000072 0.000032 0.000014 0.000006 0.000003 0.000001 0.000000 0.000000 0.000000 0.000000 0.000000 0.000000 0.000000 0.000000 0.000000 0.000000 
0.000000 0.000000 0.000000 0.000000 0.000000 0.000000 0.000000 0.000000 0.000000 0.000000 0.000001 0.000001 0.000003 0.000008 0.000019 0.000043 0.000097 0.000211 0.000452 0.000946 0.001937 0.003877 0.007589 0.014528 0.027192 0.049757 0.089001 0.155606 0.265890 0.443995 0.724459 1.154960 1.798860 2.736949 4.067591 5.904362 8.370269 11.587873 15.665161 20.677768 26.649117 33.531051 41.188272 49.390244 57.813780 66.058372 73.674437 80.202300 85.217529 88.376494 89.455382 88.376494 85.217529 80.202300 73.674437 66.058372 57.813780 49.390244 41.188272 33.531051 26.649117 20.677768 15.665161 11.587873 8.370269 5.904362 4.067591 2.736949 1.798860 1.154960 0.724459 0.443995 0.265890 0.155606 0.089001 0.049757 0.027192 0.014528 0.007589 0.003877 0.001937 0.000946 0.000452 0.000211 0.000097 0.000043 0.000019 0.000008 0.000003 0.000001 0.000001 0.000000 0.000000 0.000000 0.000000 0.000000 0.000000 0.000000 0.000000 0.000000 
0.000000 0.000000 0.000000 0.000000 0.000000 0.000000 0.000000 0.000000 0.000000 0.000000 0.000001 0.000002 0.000004 0.000011 0.000025 0.000057 0.000126 0.000276 0.000590 0.001234 0.002524 0.005048 0.009874 0.018888 0.035326 0.064593 0.115458 0.201727 0.344476 0.574868 0.937450 1.493678 2.325177 3.535946 5.252533 7.620954 10.799232 14.944682 20.195737 26.649117 34.334348 43.188935 53.038452 63.586218 74.416696 85.015239 94.804365 103.193814 109.638695 113.697924 115.084240 113.697924 109.638695 103.193814 94.804365 85.015239 74.416696 63.586218 53.038452 43.188935 34.334348 26.649117 20.195737 14.944682 10.799232 7.620954 5.252533 3.535946 2.325177 1.493678 0.937450 0.574868 0.344476 0.201727 0.115458 0.064593 0.035326 0.018888 0.009874 0.005048 0.002524 0.001234 0.000590 0.000276 0.000126 0.000057 0.000025 0.000011 0.000004 0.000002 0.000001 0.000000 0.000000 0.000000 0.000000 0.000000 0.000000 0.000000 0.000000 0.000000 
0.000000 0.000000 0.000000 0.000000 0.000000 0.000000 0.000000 0.000000 0.000000 0.000000 0.000001 0.000002 0.000006 0.000014 0.000032 0.000072 0.000161 0.000352 0.000752 0.001570 0.003208 0.006411 0.012532 0.023954 0.044771 0.081810 0.146140 0.255179 0.435500 0.726364 1.183864 1.885343 2.933454 4.458924 6.620721 9.602162 13.601503 18.815953 25.418857 33.531051 43.188935 54.313388 66.684875 79.930593 93.528814 106.833711 119.120875 129.650066 137.738080 142.831945 144.571566 142.831945 137.738080 129.650066 119.120875 106.833711 93.528814 79.930593 66.684875 54.313388 43.188935 33.531051 25.418857 18.815953 13.601503 9.602162 6.620721 4.458924 2.933454 1.885343 1.183864 0.726364 0.435500 0.255179 0.146140 0.081810 0.044771 0.023954 0.012532 0.006411 0.003208 0.001570 0.000752 0.000352 0.000161 0.000072 0.000032 0.000014 0.000006 0.000002 0.000001 0.000000 0.000000 0.000000 0.000000 0.000000 0.000000 0.000000 0.000000 0.000000 
0.000000 0.000000 0.000000 0.000000 0.000000 0.000000 0.000000 0.000000 0.000000 0.000000 0.000001 0.000003 0.000007 0.000017 0.000040 0.000090 0.000201 0.000437 0.000933 0.001947 0.003976 0.007942 0.015513 0.029634 0.055352 0.101086 0.180472 0.314954 0.537234 0.895596 1.458990 2.322431 3.611967 5.488029 8.145604 11.809423 16.722384 23.125927 31.232060 41.188272 53.038452 66.684875 81.857808 98.099854 114.771372 131.080948 146.141165 159.045428 168.957150 175.199297 177.331020 175.199297 168.957150 159.045428 146.141165 131.080948 114.771372 98.099854 81.857808 66.684875 53.038452 41.188272 31.232060 23.125927 16.722384 11.809423 8.145604 5.488029 3.611967 2.322431 1.458990 0.895596 0.537234 0.314954 0.180472 0.101086 0.055352 0.029634 0.015513 0.007942 0.003976 0.001947 0.000933 0.000437 0.000201 0.000090 0.000040 0.000017 0.000007 0.000003 0.000001 0.000000 0.000000 0.000000 0.000000 0.000000 0.000000 0.000000 0.000000 0.000000 
0.000000 0.000000 0.000000 0.000000 0.000000 0.000000 0.000000 0.000000 0.000000 0.000001 0.000001 0.000004 0.000009 0.000021 0.000048 0.000109 0.000243 0.000530 0.001129 0.002355 0.004806 0.009594 0.018730 0.035759 0.066756 0.121848 0.217430 0.379270 0.646642 1.077509 1.754599 2.791859 4.340386 6.592400 9.781418 14.176444 20.068077 27.744985 37.460420 49.390244 63.586218 79.930593 98.099854 117.546095 137.503607 157.025378 175.049835 190.492694 202.353554 209.822904 212.373669 209.822904 202.353554 190.492694 175.049835 157.025378 137.503607 117.546095 98.099854 79.930593 63.586218 49.390244 37.460420 27.744985 20.068077 14.176444 9.781418 6.592400 4.340386 2.791859 1.754599 1.077509 0.646642 0.379270 0.217430 0.121848 0.066756 0.035759 0.018730 0.009594 0.004806 0.002355 0.001129 0.000530 0.000243 0.000109 0.000048 0.000021 0.000009 0.000004 0.000001 0.000001 0.000000 0.000000 0.000000 0.000000 0.000000 0.000000 0.000000 0.000000 
