0.000000 0.000000 0.000000 0.000000 0.000000 0.000000 0.000000 0.000000 0.000000 0.000000 0.000000 0.000000 0.000000 0.000000 0.000000 0.000000 0.000000 0.000000 0.000000 0.000000 0.000000 0.000000 0.000000 0.000000 0.000000 0.000000 0.000000 0.000001 0.000001 0.000001 0.000002 0.000002 0.000003 0.000004 0.000005 0.000006 0.000007 0.000009 0.000010 0.000012 0.000014 0.000016 0.000019 0.000021 0.000023 0.000025 0.000026 0.000028 0.000029 0.000029 0.000029 0.000029 0.000029 0.000028 0.000026 0.000025 0.000023 0.000021 0.000019 0.000016 0.000014 0.000012 0.000010 0.000009 0.000007 0.000006 0.000005 0.000004 0.000003 0.000002 0.000002 0.000001 0.000001 0.000001 0.000000 0.000000 0.000000 0.000000 0.000000 0.000000 0.000000 0.000000 0.000000 0.000000 0.000000 0.000000 0.000000 0.000000 0.000000 0.000000 0.000000 0.000000 0.000000 0.000000 0.000000 0.000000 0.000000 0.000000 0.000000 0.000000 
0.000000 0.000000 0.000000 0.000000 0.000000 0.000000 0.000000 0.000000 0.000000 0.000000 0.000000 0.000000 0.000000 0.000000 0.000000 0.000000 0.000000 0.000000 0.000000 0.000000 0.000000 0.000000 0.000000 0.000000 0.000000 0.000000 0.000000 0.000001 0.000001 0.000001 0.000002 0.000002 0.000003 0.000004 0.000005 0.000006 0.000007 0.000009 0.000010 0.000012 0.000014 0.000016 0.000019 0.000021 0.000023 0.000025 0.000026 0.000028 0.000029 0.000029 0.000029 0.000029 0.000029 0.000028 0.000026 0.000025 0.000023 0.000021 0.000019 0.000016 0.000014 0.000012 0.000010 0.000009 0.000007 0.000006 0.000005 0.000004 0.000003 0.000002 0.000002 0.000001 0.000001 0.000001 0.000000 0.000000 0.000000 0.000000 0.000000 0.000000 0.000000 0.000000 0.000000 0.000000 0.000000 0.000000 0.000000 0.000000 0.000000 0.000000 0.000000 0.000000 0.000000 0.000000 0.000000 0.000000 0.000000 0.000000 0.000000 0.000000 
0.000000 0.000000 0.000000 0.000000 0.000000 0.000000 0.000000 0.000000 0.000000 0.000000 0.000000 0.000000 0.000000 0.000000 0.000000 0.000000 0.000000 0.000000 0.000000 0.000000 0.000000 0.000000 0.000000 0.000000 0.000000 0.000000 0.000001 0.000001 0.000001 0.000002 0.000002 0.000003 0.000004 0.000005 0.000007 0.000008 0.000010 0.000013 0.000015 0.000018 0.000021 0.000024 0.000027 0.000030 0.000033 0.000035 0.000038 0.000040 0.000041 0.000042 0.000042 0.000042 0.000041 0.000040 0.000038 0.000035 0.000033 0.000030 0.000027 0.000024 0.000021 0.000018 0.000015 0.000013 0.000010 0.000008 0.000007 0.000005 0.000004 0.000003 0.000002 0.000002 0.000001 0.000001 0.000001 0.000000 0.000000 0.000000 0.000000 0.000000 0.000000 0.000000 0.000000 0.000000 0.000000 0.000000 0.000000 0.000000 0.000000 0.000000 0.000000 0.000000 0.000000 0.000000 0.000000 0.000000 0.000000 0.000000 0.000000 0.000000 
0.000000 0.000000 0.000000 0.000000 0.000000 0.000000 0.000000 0.000000 0.000000 0.000000 0.000000 0.000000 0.000000 0.000000 0.000000 0.000000 0.000000 0.000000 0.000000 0.000000 0.000000 0.000000 0.000000 0.000000 0.000001 0.000001 0.000001 0.000002 0.000002 0.000003 0.000004 0.000006 0.000007 0.000009 0.000012 0.000015 0.000018 0.000022 0.000026 0.000031 0.000036 0.000041 0.000046 0.000051 0.000056 0.000061 0.000065 0.000068 0.000071 0.000072 0.000073 0.000072 0.000071 0.000068 0.000065 0.000061 0.000056 0.000051 0.000046 0.000041 0.000036 0.000031 0.000026 0.000022 0.000018 0.000015 0.000012 0.000009 0.000007 0.000006 0.000004 0.000003 0.000002 0.000002 0.000001 0.000001 0.000001 0.000000 0.000000 0.000000 0.000000 0.000000 0.000000 0.000000 0.000000 0.000000 0.000000 0.000000 0.000000 0.000000 0.000000 0.000000 0.000000 0.000000 0.000000 0.000000 0.000000 0.000000 0.000000 0.000000 
0.000000 0.000000 0.000000 0.000000 0.000000 0.000000 0.000000 0.000000 0.000000 0.000000 0.000000 0.000000 0.000000 0.000000 0.000000 0.000000 0.000000 0.000000 0.000000 0.000000 0.000000 0.000000 0.000001 0.000001 0.000001 0.000002 0.000002 0.000003 0.000004 0.000006 0.000008 0.000010 0.000013 0.000017 0.000021 0.000027 0.000033 0.000040 0.000047 0.000056 0.000065 0.000074 0.000083 0.000093 0.000102 0.000110 0.000117 0.000123 0.000128 0.000131 0.000132 0.000131 0.000128 0.000123 0.000117 0.000110 0.000102 0.000093 0.000083 0.000074 0.000065 0.000056 0.000047 0.000040 0.000033 0.000027 0.000021 0.000017 0.000013 0.000010 0.000008 0.000006 0.000004 0.000003 0.000002 0.000002 0.000001 0.000001 0.000001 0.000000 0.000000 0.000000 0.000000 0.000000 0.000000 0.000000 0.000000 0.000000 0.000000 0.000000 0.000000 0.000000 0.000000 0.000000 0.000000 0.000000 0.000000 0.000000 0.000000 0.000000 
0.000000 0.000000 0.000000 0.000000 0.000000 0.000000 0.000000 0.000000 0.000000 0.000000 0.000000 0.000000 0.000000 0.000000 0.000000 0.000000 0.000000 0.000000 0.000000 0.000000 0.000000 0.000001 0.000001 0.000001 0.000002 0.000003 0.000004 0.000006 0.000008 0.000011 0.000014 0.000019 0.000024 0.000031 0.000039 0.000049 0.000060 0.000072 0.000086 0.000102 0.000118 0.000135 0.000152 0.000170 0.000186 0.000201 0.000215 0.000225 0.000234 0.000239 0.000240 0.000239 0.000234 0.000225 0.000215 0.000201 0.000186 0.000170 0.000152 0.000135 0.000118 0.000102 0.000086 0.000072 0.000060 0.000049 0.000039 0.000031 0.000024 0.000019 0.000014 0.000011 0.000008 0.000006 0.000004 0.000003 0.000002 0.000001 0.000001 0.000001 0.000000 0.000000 0.000000 0.000000 0.000000 0.000000 0.000000 0.000000 0.000000 0.000000 0.000000 0.000000 0.000000 0.000000 0.000000 0.000000 0.000000 0.000000 0.000000 0.000000 
0.000000 0.000000 0.000000 0.000000 0.000000 0.000000 0.000000 0.000000 0.000000 0.000000 0.000000 0.000000 0.000000 0.000000 0.000000 0.000000 0.000000 0.000000 0.000000 0.000000 0.000001 0.000001 0.000002 0.000003 0.000004 0.000005 0.000007 0.000010 0.000014 0.000019 0.000026 0.000034 0.000044 0.000056 0.000071 0.000088 0.000108 0.000131 0.000157 0.000184 0.000214 0.000245 0.000276 0.000308 0.000337 0.000365 0.000389 0.000409 0.000423 0.000433 0.000436 0.000433 0.000423 0.000409 0.000389 0.000365 0.000337 0.000308 0.000276 0.000245 0.000214 0.000184 0.000157 0.000131 0.000108 0.000088 0.000071 0.000056 0.000044 0.000034 0.000026 0.000019 0.000014 0.000010 0.000007 0.000005 0.000004 0.000003 0.000002 0.000001 0.000001 0.000000 0.000000 0.000000 0.000000 0.000000 0.000000 0.000000 0.000000 0.000000 0.000000 0.000000 0.000000 0.000000 0.000000 0.000000 0.000000 0.000000 0.000000 0.000000 
0.000000 0.000000 0.000000 0.000000 0.000000 0.000000 0.000000 0.000000 0.000000 0.000000 0.000000 0.000000 0.000000 0.000000 0.000000 0.000000 0.000000 0.000000 0.000001 0.000001 0.000001 0.000002 0.000003 0.000005 0.000007 0.000009 0.000013 0.000019 0.000025 0.000034 0.000046 0.000061 0.000079 0.000101 0.000127 0.000159 0.000195 0.000236 0.000281 0.000331 0.000384 0.000439 0.000496 0.000551 0.000605 0.000654 0.000697 0.000732 0.000759 0.000775 0.000780 0.000775 0.000759 0.000732 0.000697 0.000654 0.000605 0.000551 0.000496 0.000439 0.000384 0.000331 0.000281 0.000236 0.000195 0.000159 0.000127 0.000101 0.000079 0.000061 0.000046 0.000034 0.000025 0.000019 0.000013 0.000009 0.000007 0.000005 0.000003 0.000002 0.000001 0.000001 0.000001 0.000000 0.000000 0.000000 0.000000 0.000000 0.000000 0.000000 0.000000 0.000000 0.000000 0.000000 0.000000 0.000000 0.000000 0.000000 0.000000 0.000000 
0.000000 0.000000 0.000000 0.000000 0.000000 0.000000 0.000000 0.000000 0.000000 0.000000 0.000000 0.000000 0.000000 0.000000 0.000000 0.000000 0.000000 0.000001 0.000001 0.000002 0.000002 0.000004 0.000005 0.000008 0.000012 0.000017 0.000024 0.000033 0.000045 0.000061 0.000082 0.000108 0.000140 0.000179 0.000226 0.000281 0.000345 0.000418 0.000498 0.000586 0.000680 0.000778 0.000878 0.000976 0.001070 0.001157 0.001233 0.001296 0.001342 0.001371 0.001381 0.001371 0.001342 0.001296 0.001233 0.001157 0.001070 0.000976 0.000878 0.000778 0.000680 0.000586 0.000498 0.000418 0.000345 0.000281 0.000226 0.000179 0.000140 0.000108 0.000082 0.000061 0.000045 0.000033 0.000024 0.000017 0.000012 0.000008 0.000005 0.000004 0.000002 0.000002 0.000001 0.000001 0.000000 0.000000 0.000000 0.000000 0.000000 0.000000 0.000000 0.000000 0.000000 0.000000 0.000000 0.000000 0.000000 0.000000 0.000000 0.000000 
0.000000 0.000000 0.000000 0.000000 0.000000 0.000000 0.000000 0.000000 0.000000 0.000000 0.000000 0.000000 0.000000 0.000000 0.000000 0.000000 0.000001 0.000001 0.000002 0.000003 0.000004 0.000006 0.000010 0.000014 0.000021 0.000030 0.000042 0.000058 0.000079 0.000108 0.000143 0.000189 0.000245 0.000313 0.000396 0.000492 0.000604 0.000731 0.000872 0.001026 0.001189 0.001360 0.001534 0.001706 0.001870 0.002021 0.002154 0.002263 0.002345 0.002395 0.002412 0.002395 0.002345 0.002263 0.002154 0.002021 0.001870 0.001706 0.001534 0.001360 0.001189 0.001026 0.000872 0.000731 0.000604 0.000492 0.000396 0.000313 0.000245 0.000189 0.000143 0.000108 0.000079 0.000058 0.000042 0.000030 0.000021 0.000014 0.000010 0.000006 0.000004 0.000003 0.000002 0.000001 0.000001 0.000000 0.000000 0.000000 0.000000 0.000000 0.000000 0.000000 0.000000 0.000000 0.000000 0.000000 0.000000 0.000000 0.000000 0.000000 
0.000000 0.000000 0.000000 0.000000 0.000000 0.000000 0.000000 0.000000 0.000000 0.000000 0.000000 0.000000 0.000000 0.000000 0.000000 0.000001 0.000001 0.000002 0.000003 0.000005 0.000007 0.000011 0.000017 0.000025 0.000036 0.000051 0.000072 0.000100 0.000138 0.000186 0.000248 0.000327 0.000424 0.000542 0.000684 0.000851 0.001044 0.001262 0.001505 0.001770 0.002053 0.002348 0.002647 0.002943 0.003225 0.003486 0.003715 0.003903 0.004043 0.004130 0.004159 0.004130 0.004043 0.003903 0.003715 0.003486 0.003225 0.002943 0.002647 0.002348 0.002053 0.001770 0.001505 0.001262 0.001044 0.000851 0.000684 0.000542 0.000424 0.000327 0.000248 0.000186 0.000138 0.000100 0.000072 0.000051 0.000036 0.000025 0.000017 0.000011 0.000007 0.000005 0.000003 0.000002 0.000001 0.000001 0.000000 0.000000 0.000000 0.000000 0.000000 0.000000 0.000000 0.000000 0.000000 0.000000 0.000000 0.000000 0.000000 0.000000 
0.000000 0.000000 0.000000 0.000000 0.000000 0.000000 0.000000 0.000000 0.000000 0.000000 0.000000 0.000000 0.000000 0.000000 0.000001 0.000001 0.000002 0.000003 0.000005 0.000008 0.000013 0.000019 0.000029 0.000042 0.000061 0.000088 0.000124 0.000172 0.000235 0.000318 0.000424 0.000558 0.000724 0.000925 0.001167 0.001451 0.001780 0.002152 0.002566 0.003017 0.003498 0.003999 0.004508 0.005011 0.005492 0.005935 0.006324 0.006644 0.006882 0.007029 0.007079 0.007029 0.006882 0.006644 0.006324 0.005935 0.005492 0.005011 0.004508 0.003999 0.003498 0.003017 0.002566 0.002152 0.001780 0.001451 0.001167 0.000925 0.000724 0.000558 0.000424 0.000318 0.000235 0.000172 0.000124 0.000088 0.000061 0.000042 0.000029 0.000019 0.000013 0.000008 0.000005 0.000003 0.000002 0.000001 0.000001 0.000000 0.000000 0.000000 0.000000 0.000000 0.000000 0.000000 0.000000 0.000000 0.000000 0.000000 0.000000 0.000000 
0.000000 0.000000 0.000000 0.000000 0.000000 0.000000 0.000000 0.000000 0.000000 0.000000 0.000000 0.000000 0.000000 0.000001 0.000001 0.000002 0.000004 0.000006 0.000009 0.000014 0.000022 0.000033 0.000049 0.000072 0.000104 0.000148 0.000209 0.000290 0.000397 0.000537 0.000716 0.000941 0.001220 0.001559 0.001966 0.002444 0.002996 0.003622 0.004317 0.005075 0.005883 0.006724 0.007579 0.008423 0.009230 0.009973 0.010626 0.011163 0.011563 0.011810 0.011893 0.011810 0.011563 0.011163 0.010626 0.009973 0.009230 0.008423 0.007579 0.006724 0.005883 0.005075 0.004317 0.003622 0.002996 0.002444 0.001966 0.001559 0.001220 0.000941 0.000716 0.000537 0.000397 0.000290 0.000209 0.000148 0.000104 0.000072 0.000049 0.000033 0.000022 0.000014 0.000009 0.000006 0.000004 0.000002 0.000001 0.000001 0.000000 0.000000 0.000000 0.000000 0.000000 0.000000 0.000000 0.000000 0.000000 0.000000 0.000000 0.000000 
0.000000 0.000000 0.000000 0.000000 0.000000 0.000000 0.000000 0.000000 0.000000 0.000000 0.000000 0.000000 0.000001 0.000001 0.000002 0.000004 0.000006 0.000010 0.000015 0.000024 0.000036 0.000055 0.000082 0.000120 0.000173 0.000247 0.000348 0.000483 0.000662 0.000894 0.001192 0.001566 0.002029 0.002593 0.003267 0.004061 0.004977 0.006015 0.007169 0.008426 0.009765 0.011160 0.012576 0.013974 0.015312 0.016543 0.017624 0.018513 0.019176 0.019585 0.019723 0.019585 0.019176 0.018513 0.017624 0.016543 0.015312 0.013974 0.012576 0.011160 0.009765 0.008426 0.007169 0.006015 0.004977 0.004061 0.003267 0.002593 0.002029 0.001566 0.001192 0.000894 0.000662 0.000483 0.000348 0.000247 0.000173 0.000120 0.000082 0.000055 0.000036 0.000024 0.000015 0.000010 0.000006 0.000004 0.000002 0.000001 0.000001 0.000000 0.000000 0.000000 0.000000 0.000000 0.000000 0.000000 0.000000 0.000000 0.000000 0.000000 
0.000000 0.000000 0.000000 0.000000 0.000000 0.000000 0.000000 0.000000 0.000000 0.000000 0.000000 0.000001 0.000001 0.000002 0.000004 0.000006 0.000010 0.000016 0.000025 0.000039 0.000060 0.000091 0.000135 0.000197 0.000285 0.000407 0.000573 0.000795 0.001089 0.001470 0.001958 0.002571 0.003331 0.004255 0.005361 0.006660 0.008161 0.009861 0.011750 0.013807 0.015998 0.018280 0.020596 0.022883 0.025070 0.027083 0.028850 0.030304 0.031388 0.032056 0.032282 0.032056 0.031388 0.030304 0.028850 0.027083 0.025070 0.022883 0.020596 0.018280 0.015998 0.013807 0.011750 0.009861 0.008161 0.006660 0.005361 0.004255 0.003331 0.002571 0.001958 0.001470 0.001089 0.000795 0.000573 0.000407 0.000285 0.000197 0.000135 0.000091 0.000060 0.000039 0.000025 0.000016 0.000010 0.000006 0.000004 0.000002 0.000001 0.000001 0.000000 0.000000 0.000000 0.000000 0.000000 0.000000 0.000000 0.000000 0.000000 0.000000 
0.000000 0.000000 0.000000 0.000000 0.000000 0.000000 0.000000 0.000000 0.000000 0.000000 0.000001 0.000001 0.000002 0.000004 0.000006 0.000010 0.000017 0.000026 0.000041 0.000064 0.000098 0.000147 0.000219 0.000321 0.000464 0.000661 0.000930 0.001291 0.001766 0.002384 0.003174 0.004167 0.005396 0.006892 0.008680 0.010782 0.013207 0.015954 0.019006 0.022329 0.025868 0.029552 0.033291 0.036983 0.040513 0.043762 0.046613 0.048959 0.050707 0.051786 0.052150 0.051786 0.050707 0.048959 0.046613 0.043762 0.040513 0.036983 0.033291 0.029552 0.025868 0.022329 0.019006 0.015954 0.013207 0.010782 0.008680 0.006892 0.005396 0.004167 0.003174 0.002384 0.001766 0.001291 0.000930 0.000661 0.000464 0.000321 0.000219 0.000147 0.000098 0.000064 0.000041 0.000026 0.000017 0.000010 0.000006 0.000004 0.000002 0.000001 0.000001 0.000000 0.000000 0.000000 0.000000 0.000000 0.000000 0.000000 0.000000 0.000000 
0.000000 0.000000 0.000000 0.000000 0.000000 0.000000 0.000000 0.000000 0.000000 0.000001 0.000001 0.000002 0.000004 0.000006 0.000010 0.000017 0.000027 0.000042 0.000067 0.000103 0.000157 0.000237 0.000351 0.000515 0.000744 0.001060 0.001491 0.002067 0.002828 0.003816 0.005078 0.006665 0.008628 0.011015 0.013870 0.017224 0.021093 0.025475 0.030341 0.035638 0.041279 0.047150 0.053108 0.058990 0.064613 0.069788 0.074329 0.078065 0.080849 0.082566 0.083147 0.082566 0.080849 0.078065 0.074329 0.069788 0.064613 0.058990 0.053108 0.047150 0.041279 0.035638 0.030341 0.025475 0.021093 0.017224 0.013870 0.011015 0.008628 0.006665 0.005078 0.003816 0.002828 0.002067 0.001491 0.001060 0.000744 0.000515 0.000351 0.000237 0.000157 0.000103 0.000067 0.000042 0.000027 0.000017 0.000010 0.000006 0.000004 0.000002 0.000001 0.000001 0.000000 0.000000 0.000000 0.000000 0.000000 0.000000 0.000000 0.000000 
0.000000 0.000000 0.000000 0.000000 0.000000 0.000000 0.000000 0.000000 0.000001 0.000001 0.000002 0.000003 0.000006 0.000010 0.000016 0.000026 0.000042 0.000067 0.000106 0.000163 0.000249 0.000375 0.000557 0.000815 0.001177 0.001677 0.002357 0.003268 0.004468 0.006027 0.008018 0.010520 0.013614 0.017376 0.021872 0.027154 0.033246 0.040143 0.047801 0.056134 0.065008 0.074242 0.083613 0.092860 0.101700 0.109835 0.116974 0.122847 0.127221 0.129921 0.130833 0.129921 0.127221 0.122847 0.116974 0.109835 0.101700 0.092860 0.083613 0.074242 0.065008 0.056134 0.047801 0.040143 0.033246 0.027154 0.021872 0.017376 0.013614 0.010520 0.008018 0.006027 0.004468 0.003268 0.002357 0.001677 0.001177 0.000815 0.000557 0.000375 0.000249 0.000163 0.000106 0.000067 0.000042 0.000026 0.000016 0.000010 0.000006 0.000003 0.000002 0.000001 0.000001 0.000000 0.000000 0.000000 0.000000 0.000000 0.000000 0.000000 
0.000000 0.000000 0.000000 0.000000 0.000000 0.000000 0.000000 0.000001 0.000001 0.000002 0.000003 0.000005 0.000009 0.000015 0.000025 0.000041 0.000067 0.000106 0.000166 0.000256 0.000390 0.000586 0.000870 0.001273 0.001838 0.002618 0.003678 0.005097 0.006967 0.009393 0.012491 0.016385 0.021197 0.027047 0.034037 0.042245 0.051710 0.062424 0.074318 0.087257 0.101033 0.115366 0.129910 0.144260 0.157976 0.170597 0.181672 0.190781 0.197567 0.201754 0.203169 0.201754 0.197567 0.190781 0.181672 0.170597 0.157976 0.144260 0.129910 0.115366 0.101033 0.087257 0.074318 0.062424 0.051710 0.042245 0.034037 0.027047 0.021197 0.016385 0.012491 0.009393 0.006967 0.005097 0.003678 0.002618 0.001838 0.001273 0.000870 0.000586 0.000390 0.000256 0.000166 0.000106 0.000067 0.000041 0.000025 0.000015 0.000009 0.000005 0.000003 0.000002 0.000001 0.000001 0.000000 0.000000 0.000000 0.000000 0.000000 0.000000 
0.000000 0.000000 0.000000 0.000000 0.000000 0.000000 0.000000 0.000001 0.000002 0.000003 0.000005 0.000008 0.000014 0.000024 0.000039 0.000064 0.000103 0.000163 0.000256 0.000395 0.000602 0.000905 0.001342 0.001963 0.002832 0.004032 0.005662 0.007844 0.010718 0.014445 0.019204 0.025182 0.032569 0.041545 0.052268 0.064856 0.079370 0.095794 0.114024 0.133851 0.154957 0.176913 0.199187 0.221164 0.242166 0.261491 0.278446 0.292391 0.302779 0.309188 0.311354 0.309188 0.302779 0.292391 0.278446 0.261491 0.242166 0.221164 0.199187 0.176913 0.154957 0.133851 0.114024 0.095794 0.079370 0.064856 0.052268 0.041545 0.032569 0.025182 0.019204 0.014445 0.010718 0.007844 0.005662 0.004032 0.002832 0.001963 0.001342 0.000905 0.000602 0.000395 0.000256 0.000163 0.000103 0.000064 0.000039 0.000024 0.000014 0.000008 0.000005 0.000003 0.000002 0.000001 0.000000 0.000000 0.000000 0.000000 0.000000 0.000000 
0.000000 0.000000 0.000000 0.000000 0.000000 0.000000 0.000001 0.000001 0.000002 0.000004 0.000007 0.000013 0.000022 0.000036 0.000060 0.000098 0.000157 0.000249 0.000390 0.000602 0.000917 0.001377 0.002041 0.002985 0.004306 0.006127 0.008601 0.011911 0.016269 0.021921 0.029133 0.038190 0.049378 0.062970 0.079203 0.098254 0.120214 0.145060 0.172632 0.202614 0.234525 0.267715 0.301383 0.334596 0.366333 0.395533 0.421150 0.442218 0.457910 0.467592 0.470864 0.467592 0.457910 0.442218 0.421150 0.395533 0.366333 0.334596 0.301383 0.267715 0.234525 0.202614 0.172632 0.145060 0.120214 0.098254 0.079203 0.062970 0.049378 0.038190 0.029133 0.021921 0.016269 0.011911 0.008601 0.006127 0.004306 0.002985 0.002041 0.001377 0.000917 0.000602 0.000390 0.000249 0.000157 0.000098 0.000060 0.000036 0.000022 0.000013 0.000007 0.000004 0.000002 0.000001 0.000001 0.000000 0.000000 0.000000 0.000000 0.000000 
0.000000 0.000000 0.000000 0.000000 0.000000 0.000001 0.000001 0.000002 0.000004 0.000006 0.000011 0.000019 0.000033 0.000055 0.000091 0.000147 0.000237 0.000375 0.000586 0.000905 0.001377 0.002068 0.003064 0.004479 0.006458 0.009187 0.012892 0.017845 0.024368 0.032822 0.043608 0.057147 0.073869 0.094178 0.118427 0.146879 0.179668 0.216758 0.257909 0.302649 0.350260 0.399772 0.449989 0.499523 0.546850 0.590389 0.628584 0.659994 0.683388 0.697822 0.702700 0.697822 0.683388 0.659994 0.628584 0.590389 0.546850 0.499523 0.449989 0.399772 0.350260 0.302649 0.257909 0.216758 0.179668 0.146879 0.118427 0.094178 0.073869 0.057147 0.043608 0.032822 0.024368 0.017845 0.012892 0.009187 0.006458 0.004479 0.003064 0.002068 0.001377 0.000905 0.000586 0.000375 0.000237 0.000147 0.000091 0.000055 0.000033 0.000019 0.000011 0.000006 0.000004 0.000002 0.000001 0.000001 0.000000 0.000000 0.000000 0.000000 
0.000000 0.000000 0.000000 0.000000 0.000001 0.000001 0.000002 0.000003 0.000005 0.000010 0.000017 0.000029 0.000049 0.000082 0.000135 0.000219 0.000351 0.000557 0.000870 0.001342 0.002041 0.003064 0.004538 0.006630 0.009557 0.013590 0.019064 0.026381 0.036011 0.048490 0.064405 0.084378 0.109038 0.138981 0.174724 0.216654 0.264963 0.319598 0.380204 0.446085 0.516180 0.589066 0.662979 0.735877 0.805522 0.869587 0.925783 0.971994 1.006411 1.027645 1.034822 1.027645 1.006411 0.971994 0.925783 0.869587 0.805522 0.735877 0.662979 0.589066 0.516180 0.446085 0.380204 0.319598 0.264963 0.216654 0.174724 0.138981 0.109038 0.084378 0.064405 0.048490 0.036011 0.026381 0.019064 0.013590 0.009557 0.006630 0.004538 0.003064 0.002041 0.001342 0.000870 0.000557 0.000351 0.000219 0.000135 0.000082 0.000049 0.000029 0.000017 0.000010 0.000005 0.000003 0.000002 0.000001 0.000001 0.000000 0.000000 0.000000 
0.000000 0.000000 0.000000 0.000000 0.000001 0.000001 0.000003 0.000005 0.000008 0.000014 0.000025 0.000042 0.000072 0.000120 0.000197 0.000321 0.000515 0.000815 0.001273 0.001963 0.002985 0.004479 0.006630 0.009684 0.013953 0.019834 0.027814 0.038477 0.052507 0.070680 0.093851 0.122923 0.158807 0.202367 0.254354 0.315324 0.385556 0.464969 0.553046 0.648772 0.750606 0.856478 0.963830 1.069696 1.170828 1.263848 1.345437 1.412527 1.462491 1.493315 1.503734 1.493315 1.462491 1.412527 1.345437 1.263848 1.170828 1.069696 0.963830 0.856478 0.750606 0.648772 0.553046 0.464969 0.385556 0.315324 0.254354 0.202367 0.158807 0.122923 0.093851 0.070680 0.052507 0.038477 0.027814 0.019834 0.013953 0.009684 0.006630 0.004479 0.002985 0.001963 0.001273 0.000815 0.000515 0.000321 0.000197 0.000120 0.000072 0.000042 0.000025 0.000014 0.000008 0.000005 0.000003 0.000001 0.000001 0.000000 0.000000 0.000000 
0.000000 0.000000 0.000000 0.000001 0.000001 0.000002 0.000004 0.000007 0.000012 0.000021 0.000036 0.000061 0.000104 0.000173 0.000285 0.000464 0.000744 0.001177 0.001838 0.002832 0.004306 0.006458 0.009557 0.013953 0.020098 0.028560 0.040037 0.055367 0.075533 0.101647 0.134932 0.176684 0.228205 0.290733 0.365339 0.452817 0.553564 0.667461 0.793760 0.931006 1.076988 1.228738 1.382590 1.534296 1.679204 1.812478 1.929367 2.025479 2.097053 2.141208 2.156132 2.141208 2.097053 2.025479 1.929367 1.812478 1.679204 1.534296 1.382590 1.228738 1.076988 0.931006 0.793760 0.667461 0.553564 0.452817 0.365339 0.290733 0.228205 0.176684 0.134932 0.101647 0.075533 0.055367 0.040037 0.028560 0.020098 0.013953 0.009557 0.006458 0.004306 0.002832 0.001838 0.001177 0.000744 0.000464 0.000285 0.000173 0.000104 0.000061 0.000036 0.000021 0.000012 0.000007 0.000004 0.000002 0.000001 0.000001 0.000000 0.000000 
0.000000 0.000000 0.000000 0.000001 0.000002 0.000003 0.000005 0.000009 0.000017 0.000030 0.000051 0.000088 0.000148 0.000247 0.000407 0.000661 0.001060 0.001677 0.002618 0.004032 0.006127 0.009187 0.013590 0.019834 0.028560 0.040570 0.056856 0.078603 0.107200 0.144222 0.191399 0.250559 0.323544 0.412101 0.517741 0.641582 0.784180 0.945360 1.124060 1.318220 1.524709 1.739328 1.956895 2.171405 2.376283 2.564699 2.729940 2.865800 2.966972 3.029385 3.050480 3.029385 2.966972 2.865800 2.729940 2.564699 2.376283 2.171405 1.956895 1.739328 1.524709 1.318220 1.124060 0.945360 0.784180 0.641582 0.517741 0.412101 0.323544 0.250559 0.191399 0.144222 0.107200 0.078603 0.056856 0.040570 0.028560 0.019834 0.013590 0.009187 0.006127 0.004032 0.002618 0.001677 0.001060 0.000661 0.000407 0.000247 0.000148 0.000088 0.000051 0.000030 0.000017 0.000009 0.000005 0.000003 0.000002 0.000001 0.000001 0.000001 
0.000000 0.000000 0.000001 0.000001 0.000002 0.000004 0.000007 0.000013 0.000024 0.000042 0.000072 0.000124 0.000209 0.000348 0.000573 0.000930 0.001491 0.002357 0.003678 0.005662 0.008601 0.012892 0.019064 0.027814 0.040037 0.056856 0.079654 0.110090 0.150100 0.201883 0.267853 0.350559 0.452570 0.576316 0.723902 0.896882 1.096024 1.321076 1.570553 1.841571 2.129757 2.429254 2.732830 3.032111 3.317929 3.580761 3.811249 4.000748 4.141856 4.228904 4.258325 4.228904 4.141856 4.000748 3.811249 3.580761 3.317929 3.032111 2.732830 2.429254 2.129757 1.841571 1.570553 1.321076 1.096024 0.896882 0.723902 0.576316 0.452570 0.350559 0.267853 0.201883 0.150100 0.110090 0.079654 0.056856 0.040037 0.027814 0.019064 0.012892 0.008601 0.005662 0.003678 0.002357 0.001491 0.000930 0.000573 0.000348 0.000209 0.000124 0.000072 0.000042 0.000024 0.000013 0.000007 0.000004 0.000002 0.000001 0.000001 0.000001 
0.000001 0.000001 0.000001 0.000002 0.000003 0.000006 0.000010 0.000019 0.000033 0.000058 0.000100 0.000172 0.000290 0.000483 0.000795 0.001291 0.002067 0.003268 0.005097 0.007844 0.011911 0.017845 0.026381 0.038477 0.055367 0.078603 0.110090 0.152112 0.207339 0.278797 0.369810 0.483885 0.624554 0.795159 0.998590 1.236977 1.511371 1.821412 2.165049 2.538303 2.935150 3.347523 3.765466 4.177457 4.570880 4.932639 5.249861 5.510656 5.704848 5.824639 5.865127 5.824639 5.704848 5.510656 5.249861 4.932639 4.570880 4.177457 3.765466 3.347523 2.935150 2.538303 2.165049 1.821412 1.511371 1.236977 0.998590 0.795159 0.624554 0.483885 0.369810 0.278797 0.207339 0.152112 0.110090 0.078603 0.055367 0.038477 0.026381 0.017845 0.011911 0.007844 0.005097 0.003268 0.002067 0.001291 0.000795 0.000483 0.000290 0.000172 0.000100 0.000058 0.000033 0.000019 0.000010 0.000006 0.000003 0.000002 0.000001 0.000001 
0.000001 0.000001 0.000001 0.000002 0.000004 0.000008 0.000014 0.000025 0.000045 0.000079 0.000138 0.000235 0.000397 0.000662 0.001089 0.001766 0.002828 0.004468 0.006967 0.010718 0.016269 0.024368 0.036011 0.052507 0.075533 0.107200 0.150100 0.207339 0.282544 0.379828 0.503704 0.658933 0.850309 1.082365 1.359016 1.683146 2.056168 2.477584 2.944593 3.451782 3.990963 4.551173 5.118891 5.678473 6.212793 6.704073 7.134847 7.488979 7.752662 7.915316 7.970290 7.915316 7.752662 7.488979 7.134847 6.704073 6.212793 5.678473 5.118891 4.551173 3.990963 3.451782 2.944593 2.477584 2.056168 1.683146 1.359016 1.082365 0.850309 0.658933 0.503704 0.379828 0.282544 0.207339 0.150100 0.107200 0.075533 0.052507 0.036011 0.024368 0.016269 0.010718 0.006967 0.004468 0.002828 0.001766 0.001089 0.000662 0.000397 0.000235 0.000138 0.000079 0.000045 0.000025 0.000014 0.000008 0.000004 0.000003 0.000002 0.000002 
0.000001 0.000001 0.000002 0.000003 0.000006 0.000011 0.000019 0.000034 0.000061 0.000108 0.000186 0.000318 0.000537 0.000894 0.001470 0.002384 0.003816 0.006027 0.009393 0.014445 0.021921 0.032822 0.048490 0.070680 0.101647 0.144222 0.201883 0.278797 0.379828 0.510489 0.676825 0.885217 1.142082 1.453486 1.824663 2.259467 2.759773 3.324901 3.951079 4.631043 5.353809 6.104681 6.865543 7.615433 8.331414 8.989679 9.566841 10.041293 10.394555 10.612461 10.686109 10.612461 10.394555 10.041293 9.566841 8.989679 8.331414 7.615433 6.865543 6.104681 5.353809 4.631043 3.951079 3.324901 2.759773 2.259467 1.824663 1.453486 1.142082 0.885217 0.676825 0.510489 0.379828 0.278797 0.201883 0.144222 0.101647 0.070680 0.048490 0.032822 0.021921 0.014445 0.009393 0.006027 0.003816 0.002384 0.001470 0.000894 0.000537 0.000318 0.000186 0.000108 0.000061 0.000034 0.000019 0.000011 0.000006 0.000003 0.000002 0.000002 
0.000002 0.000002 0.000002 0.000004 0.000008 0.000014 0.000026 0.000046 0.000082 0.000143 0.000248 0.000424 0.000716 0.001192 0.001958 0.003174 0.005078 0.008018 0.012491 0.019204 0.029133 0.043608 0.064405 0.093851 0.134932 0.191399 0.267853 0.369810 0.503704 0.676825 0.897169 1.173164 1.513289 1.925554 2.416866 2.992300 3.654319 4.402001 5.230342 6.129721 7.085602 8.078551 9.084614 10.076086 11.022656 11.892868 12.655821 13.282977 13.749921 14.037945 14.135291 14.037945 13.749921 13.282977 12.655821 11.892868 11.022656 10.076086 9.084614 8.078551 7.085602 6.129721 5.230342 4.402001 3.654319 2.992300 2.416866 1.925554 1.513289 1.173164 0.897169 0.676825 0.503704 0.369810 0.267853 0.191399 0.134932 0.093851 0.064405 0.043608 0.029133 0.019204 0.012491 0.008018 0.005078 0.003174 0.001958 0.001192 0.000716 0.000424 0.000248 0.000143 0.000082 0.000046 0.000026 0.000014 0.000008 0.000005 0.000003 0.000003 
0.000002 0.000002 0.000003 0.000006 0.000010 0.000019 0.000034 0.000061 0.000108 0.000189 0.000327 0.000558 0.000941 0.001566 0.002571 0.004167 0.006665 0.010520 0.016385 0.025182 0.038190 0.057147 0.084378 0.122923 0.176684 0.250559 0.350559 0.483885 0.658933 0.885217 1.173164 1.533765 1.978071 2.516517 3.158095 3.909404 4.773632 5.749552 6.830613 8.004243 9.251468 10.546929 11.859381 13.152696 14.387351 15.522341 16.517387 17.335293 17.944240 18.319849 18.446794 18.319849 17.944240 17.335293 16.517387 15.522341 14.387351 13.152696 11.859381 10.546929 9.251468 8.004243 6.830613 5.749552 4.773632 3.909404 3.158095 2.516517 1.978071 1.533765 1.173164 0.885217 0.658933 0.483885 0.350559 0.250559 0.176684 0.122923 0.084378 0.057147 0.038190 0.025182 0.016385 0.010520 0.006665 0.004167 0.002571 0.001566 0.000941 0.000558 0.000327 0.000189 0.000108 0.000061 0.000034 0.000019 0.000010 0.000006 0.000004 0.000004 
0.000003 0.000003 0.000004 0.000007 0.000013 0.000024 0.000044 0.000079 0.000140 0.000245 0.000424 0.000724 0.001220 0.002029 0.003331 0.005396 0.008628 0.013614 0.021197 0.032569 0.049378 0.073869 0.109038 0.158807 0.228205 0.323544 0.452570 0.624554 0.850309 1.142082 1.513289 1.978071 2.550639 3.244405 4.070919 5.038646 6.151663 7.408357 8.800270 10.311199 11.916705 13.584145 15.273310 16.937719 18.526531 19.987005 21.267344 22.319713 23.103201 23.586459 23.749786 23.586459 23.103201 22.319713 21.267344 19.987005 18.526531 16.937719 15.273310 13.584145 11.916705 10.311199 8.800270 7.408357 6.151663 5.038646 4.070919 3.244405 2.550639 1.978071 1.513289 1.142082 0.850309 0.624554 0.452570 0.323544 0.228205 0.158807 0.109038 0.073869 0.049378 0.032569 0.021197 0.013614 0.008628 0.005396 0.003331 0.002029 0.001220 0.000724 0.000424 0.000245 0.000140 0.000079 0.000044 0.000024 0.000014 0.000008 0.000006 0.000006 
0.000004 0.000004 0.000005 0.000009 0.000017 0.000031 0.000056 0.000101 0.000179 0.000313 0.000542 0.000925 0.001559 0.002593 0.004255 0.006892 0.011015 0.017376 0.027047 0.041545 0.062970 0.094178 0.138981 0.202367 0.290733 0.412101 0.576316 0.795159 1.082365 1.453486 1.925554 2.516517 3.244405 4.126225 5.176617 6.406297 7.820404 9.416855 11.184875 13.103864 15.142770 17.260140 19.404923 21.518121 23.535210 25.389268 27.014571 28.350435 29.344957 29.958371 30.165684 29.958371 29.344957 28.350435 27.014571 25.389268 23.535210 21.518121 19.404923 17.260140 15.142770 13.103864 11.184875 9.416855 7.820404 6.406297 5.176617 4.126225 3.244405 2.516517 1.925554 1.453486 1.082365 0.795159 0.576316 0.412101 0.290733 0.202367 0.138981 0.094178 0.062970 0.041545 0.027047 0.017376 0.011015 0.006892 0.004255 0.002593 0.001559 0.000925 0.000542 0.000313 0.000179 0.000101 0.000056 0.000031 0.000017 0.000010 0.000007 0.000007 
0.000005 0.000005 0.000007 0.000012 0.000021 0.000039 0.000071 0.000127 0.000226 0.000396 0.000684 0.001167 0.001966 0.003267 0.005361 0.008680 0.013870 0.021872 0.034037 0.052268 0.079203 0.118427 0.174724 0.254354 0.365339 0.517741 0.723902 0.998590 1.359016 1.824663 2.416866 3.158095 4.070919 5.176617 6.493495 8.034938 9.807340 11.808051 14.023533 16.427946 18.982374 21.634878 24.321520 26.968415 29.494781 31.816833 33.852304 35.525233 36.770663 37.538821 37.798431 37.538821 36.770663 35.525233 33.852304 31.816833 29.494781 26.968415 24.321520 21.634878 18.982374 16.427946 14.023533 11.808051 9.807340 8.034938 6.493495 5.176617 4.070919 3.158095 2.416866 1.824663 1.359016 0.998590 0.723902 0.517741 0.365339 0.254354 0.174724 0.118427 0.079203 0.052268 0.034037 0.021872 0.013870 0.008680 0.005361 0.003267 0.001966 0.001167 0.000684 0.000396 0.000226 0.000127 0.000071 0.000039 0.000022 0.000013 0.000009 0.000009 
0.000006 0.000006 0.000008 0.000015 0.000027 0.000049 0.000088 0.000159 0.000281 0.000492 0.000851 0.001451 0.002444 0.004061 0.006660 0.010782 0.017224 0.027154 0.042245 0.064856 0.098254 0.146879 0.216654 0.315324 0.452817 0.641582 0.896882 1.236977 1.683146 2.259467 2.992300 3.909404 5.038646 6.406297 8.034938 9.941065 12.132533 14.606015 17.344736 20.316724 23.473861 26.751954 30.071998 33.342717 36.464323 39.333342 41.848173 43.915017 45.453663 46.402658 46.723380 46.402658 45.453663 43.915017 41.848173 39.333342 36.464323 33.342717 30.071998 26.751954 23.473861 20.316724 17.344736 14.606015 12.132533 9.941065 8.034938 6.406297 5.038646 3.909404 2.992300 2.259467 1.683146 1.236977 0.896882 0.641582 0.452817 0.315324 0.216654 0.146879 0.098254 0.064856 0.042245 0.027154 0.017224 0.010782 0.006660 0.004061 0.002444 0.001451 0.000851 0.000492 0.000281 0.000159 0.000088 0.000049 0.000027 0.000016 0.000011 0.000011 
0.000007 0.000007 0.000010 0.000018 0.000033 0.000060 0.000108 0.000195 0.000345 0.000604 0.001044 0.001780 0.002996 0.004977 0.008161 0.013207 0.021093 0.033246 0.051710 0.079370 0.120214 0.179668 0.264963 0.385556 0.553564 0.784180 1.096024 1.511371 2.056168 2.759773 3.654319 4.773632 6.151663 7.820404 9.807340 12.132533 14.805501 17.822131 21.161918 24.785845 28.635220 32.631773 36.679199 40.666255 44.471343 47.968380 51.033586 53.552686 55.427970 56.584575 56.975459 56.584575 55.427970 53.552686 51.033586 47.968380 44.471343 40.666255 36.679199 32.631773 28.635220 24.785845 21.161918 17.822131 14.805501 12.132533 9.807340 7.820404 6.151663 4.773632 3.654319 2.759773 2.056168 1.511371 1.096024 0.784180 0.553564 0.385556 0.264963 0.179668 0.120214 0.079370 0.051710 0.033246 0.021093 0.013207 0.008161 0.004977 0.002996 0.001780 0.001044 0.000604 0.000345 0.000195 0.000109 0.000060 0.000034 0.000020 0.000014 0.000014 
0.000009 0.000009 0.000013 0.000022 0.000040 0.000072 0.000131 0.000236 0.000418 0.000731 0.001262 0.002152 0.003622 0.006015 0.009861 0.015954 0.025475 0.040143 0.062424 0.095794 0.145060 0.216758 0.319598 0.464969 0.667461 0.945360 1.321076 1.821412 2.477584 3.324901 4.402001 5.749552 7.408357 9.416855 11.808051 14.606015 17.822131 21.451388 25.469069 29.828199 34.458160 39.264811 44.132342 48.927004 53.502615 57.707621 61.393244 64.422141 66.676884 68.067506 68.537475 68.067506 66.676884 64.422141 61.393244 57.707621 53.502615 48.927004 44.132342 39.264811 34.458160 29.828199 25.469069 21.451388 17.822131 14.606015 11.808051 9.416855 7.408357 5.749552 4.402001 3.324901 2.477584 1.821412 1.321076 0.945360 0.667461 0.464969 0.319598 0.216758 0.145060 0.095794 0.062424 0.040143 0.025475 0.015954 0.009861 0.006015 0.003622 0.002152 0.001262 0.000731 0.000418 0.000236 0.000132 0.000073 0.000041 0.000024 0.000017 0.000017 
0.000010 0.000010 0.000015 0.000026 0.000047 0.000086 0.000157 0.000281 0.000498 0.000872 0.001505 0.002566 0.004317 0.007169 0.011750 0.019006 0.030341 0.047801 0.074318 0.114024 0.172632 0.257909 0.380204 0.553046 0.793760 1.124060 1.570553 2.165049 2.944593 3.951079 5.230342 6.830613 8.800270 11.184875 14.023533 17.344736 21.161918 25.469069 30.236796 35.409317 40.902816 46.605591 52.380263 58.068191 63.496014 68.484013 72.855776 76.448461 79.122841 80.772255 81.329680 80.772255 79.122841 76.448461 72.855776 68.484013 63.496014 58.068191 52.380263 46.605591 40.902816 35.409317 30.236796 25.469069 21.161918 17.344736 14.023533 11.184875 8.800270 6.830613 5.230342 3.951079 2.944593 2.165049 1.570553 1.124060 0.793760 0.553046 0.380204 0.257909 0.172632 0.114024 0.074318 0.047801 0.030341 0.019006 0.011750 0.007169 0.004317 0.002566 0.001505 0.000872 0.000498 0.000281 0.000157 0.000087 0.000049 0.000029 0.000020 0.000020 
0.000012 0.000012 0.000018 0.000031 0.000056 0.000102 0.000184 0.000331 0.000586 0.001026 0.001770 0.003017 0.005075 0.008426 0.013807 0.022329 0.035638 0.056134 0.087257 0.133851 0.202614 0.302649 0.446085 0.648772 0.931006 1.318220 1.841571 2.538303 3.451782 4.631043 6.129721 8.004243 10.311199 13.103864 16.427946 20.316724 24.785845 29.828199 35.409317 41.463856 47.893690 54.568073 61.326242 67.982578 74.334260 80.171049 85.286586 89.490401 92.619648 94.549576 95.201798 94.549576 92.619648 89.490401 85.286586 80.171049 74.334260 67.982578 61.326242 54.568073 47.893690 41.463856 35.409317 29.828199 24.785845 20.316724 16.427946 13.103864 10.311199 8.004243 6.129721 4.631043 3.451782 2.538303 1.841571 1.318220 0.931006 0.648772 0.446085 0.302649 0.202614 0.133851 0.087257 0.056134 0.035638 0.022329 0.013807 0.008426 0.005075 0.003017 0.001771 0.001026 0.000586 0.000331 0.000185 0.000102 0.000057 0.000034 0.000024 0.000024 
0.000014 0.000014 0.000021 0.000036 0.000065 0.000118 0.000214 0.000384 0.000680 0.001189 0.002053 0.003498 0.005883 0.009765 0.015998 0.025868 0.041279 0.065008 0.101033 0.154957 0.234525 0.350260 0.516180 0.750606 1.076988 1.524709 2.129757 2.935150 3.990963 5.353809 7.085602 9.251468 11.916705 15.142770 18.982374 23.473861 28.635220 34.458160 40.902816 47.893690 55.317455 63.023155 70.825206 78.509362 85.841545 92.579131 98.483995 103.336352 106.948303 109.175910 109.928729 109.175910 106.948303 103.336352 98.483995 92.579131 85.841545 78.509362 70.825206 63.023155 55.317455 47.893690 40.902816 34.458160 28.635220 23.473861 18.982374 15.142770 11.916705 9.251468 7.085602 5.353809 3.990963 2.935150 2.129757 1.524709 1.076988 0.750606 0.516180 0.350260 0.234525 0.154957 0.101033 0.065008 0.041279 0.025868 0.015998 0.009765 0.005883 0.003498 0.002053 0.001190 0.000680 0.000384 0.000215 0.000119 0.000066 0.000039 0.000028 0.000028 
0.000016 0.000016 0.000024 0.000041 0.000074 0.000135 0.000245 0.000439 0.000778 0.001360 0.002348 0.003999 0.006724 0.011160 0.018280 0.029552 0.047150 0.074242 0.115366 0.176913 0.267715 0.399772 0.589066 0.856478 1.228738 1.739328 2.429254 3.347523 4.551173 6.104681 8.078551 10.546929 13.584145 17.260140 21.634878 26.751954 32.631773 39.264811 46.605591 54.568073 63.023155 71.798909 80.684002 89.434490 97.783875 105.455949 112.179638 117.704761 121.817439 124.353836 125.211006 124.353836 121.817439 117.704761 112.179638 105.455949 97.783875 89.434490 80.684002 71.798909 63.023155 54.568073 46.605591 39.264811 32.631773 26.751954 21.634878 17.260140 13.584145 10.546929 8.078551 6.104681 4.551173 3.347523 2.429254 1.739328 1.228738 0.856478 0.589066 0.399772 0.267715 0.176913 0.115366 0.074242 0.047150 0.029552 0.018280 0.011160 0.006724 0.003999 0.002348 0.001360 0.000778 0.000440 0.000246 0.000136 0.000076 0.000045 0.000032 0.000032 
0.000019 0.000019 0.000027 0.000046 0.000083 0.000152 0.000276 0.000496 0.000878 0.001534 0.002647 0.004508 0.007579 0.012576 0.020596 0.033291 0.053108 0.083613 0.129910 0.199187 0.301383 0.449989 0.662979 0.963830 1.382590 1.956895 2.732830 3.765466 5.118891 6.865543 9.084614 11.859381 15.273310 19.404923 24.321520 30.071998 36.679199 44.132342 52.380263 61.326242 70.825206 80.684002 90.665235 100.494914 109.873733 118.491504 126.043823 132.249756 136.869139 139.718010 140.680775 139.718010 136.869139 132.249756 126.043823 118.491504 109.873733 100.494914 90.665235 80.684002 70.825206 61.326242 52.380263 44.132342 36.679199 30.071998 24.321520 19.404923 15.273310 11.859381 9.084614 6.865543 5.118891 3.765466 2.732830 1.956895 1.382590 0.963830 0.662979 0.449989 0.301383 0.199187 0.129910 0.083613 0.053108 0.033291 0.020596 0.012576 0.007579 0.004508 0.002647 0.001534 0.000878 0.000496 0.000277 0.000154 0.000086 0.000051 0.000036 0.000036 
