0.000000 0.000000 0.000000 0.000000 0.000000 0.000000 0.000000 0.000000 0.000000 0.000000 0.000000 0.000000 0.000000 0.000000 0.000001 0.000001 0.000001 0.000002 0.000003 0.000004 0.000005 0.000007 0.000010 0.000014 0.000019 0.000025 0.000032 0.000042 0.000053 0.000067 0.000085 0.000105 0.000128 0.000156 0.000187 0.000222 0.000260 0.000302 0.000346 0.000393 0.000442 0.000490 0.000539 0.000585 0.000629 0.000668 0.000702 0.000730 0.000750 0.000763 0.000767 0.000763 0.000750 0.000730 0.000702 0.000668 0.000629 0.000585 0.000539 0.000490 0.000442 0.000393 0.000346 0.000302 0.000260 0.000222 0.000187 0.000156 0.000128 0.000105 0.000085 0.000067 0.000053 0.000042 0.000032 0.000025 0.000019 0.000014 0.000010 0.000007 0.000005 0.000004 0.000003 0.000002 0.000001 0.000001 0.000001 0.000000 0.000000 0.000000 0.000000 0.000000 0.000000 0.000000 0.000000 0.000000 0.000000 0.000000 0.000000 0.000000 
0.000000 0.000000 0.000000 0.000000 0.000000 0.000000 0.000000 0.000000 0.000000 0.000000 0.000000 0.000000 0.000000 0.000000 0.000001 0.000001 0.000001 0.000002 0.000003 0.000004 0.000005 0.000007 0.000010 0.000014 0.000019 0.000025 0.000032 0.000042 0.000053 0.000067 0.000085 0.000105 0.000128 0.000156 0.000187 0.000222 0.000260 0.000302 0.000346 0.000393 0.000442 0.000490 0.000539 0.000585 0.000629 0.000668 0.000702 0.000730 0.000750 0.000763 0.000767 0.000763 0.000750 0.000730 0.000702 0.000668 0.000629 0.000585 0.000539 0.000490 0.000442 0.000393 0.000346 0.000302 0.000260 0.000222 0.000187 0.000156 0.000128 0.000105 0.000085 0.000067 0.000053 0.000042 0.000032 0.000025 0.000019 0.000014 0.000010 0.000007 0.000005 0.000004 0.000003 0.000002 0.000001 0.000001 0.000001 0.000000 0.000000 0.000000 0.000000 0.000000 0.000000 0.000000 0.000000 0.000000 0.000000 0.000000 0.000000 0.000000 
0.000000 0.000000 0.000000 0.000000 0.000000 0.000000 0.000000 0.000000 0.000000 0.000000 0.000000 0.000000 0.000000 0.000001 0.000001 0.000001 0.000002 0.000002 0.000004 0.000005 0.000007 0.000010 0.000013 0.000018 0.000024 0.000031 0.000041 0.000053 0.000068 0.000086 0.000107 0.000133 0.000163 0.000198 0.000237 0.000281 0.000330 0.000382 0.000439 0.000498 0.000559 0.000621 0.000682 0.000741 0.000796 0.000846 0.000889 0.000924 0.000950 0.000965 0.000971 0.000965 0.000950 0.000924 0.000889 0.000846 0.000796 0.000741 0.000682 0.000621 0.000559 0.000498 0.000439 0.000382 0.000330 0.000281 0.000237 0.000198 0.000163 0.000133 0.000107 0.000086 0.000068 0.000053 0.000041 0.000031 0.000024 0.000018 0.000013 0.000010 0.000007 0.000005 0.000004 0.000002 0.000002 0.000001 0.000001 0.000001 0.000000 0.000000 0.000000 0.000000 0.000000 0.000000 0.000000 0.000000 0.000000 0.000000 0.000000 0.000000 
0.000000 0.000000 0.000000 0.000000 0.000000 0.000000 0.000000 0.000000 0.000000 0.000000 0.000000 0.000000 0.000001 0.000001 0.000001 0.000002 0.000003 0.000004 0.000005 0.000007 0.000010 0.000014 0.000019 0.000026 0.000035 0.000046 0.000060 0.000078 0.000100 0.000126 0.000158 0.000195 0.000240 0.000290 0.000348 0.000413 0.000484 0.000562 0.000644 0.000731 0.000821 0.000912 0.001001 0.001087 0.001168 0.001241 0.001304 0.001355 0.001393 0.001416 0.001424 0.001416 0.001393 0.001355 0.001304 0.001241 0.001168 0.001087 0.001001 0.000912 0.000821 0.000731 0.000644 0.000562 0.000484 0.000413 0.000348 0.000290 0.000240 0.000195 0.000158 0.000126 0.000100 0.000078 0.000060 0.000046 0.000035 0.000026 0.000019 0.000014 0.000010 0.000007 0.000005 0.000004 0.000003 0.000002 0.000001 0.000001 0.000001 0.000000 0.000000 0.000000 0.000000 0.000000 0.000000 0.000000 0.000000 0.000000 0.000000 0.000000 
0.000000 0.000000 0.000000 0.000000 0.000000 0.000000 0.000000 0.000000 0.000000 0.000000 0.000000 0.000001 0.000001 0.000001 0.000002 0.000003 0.000004 0.000006 0.000008 0.000011 0.000016 0.000022 0.000030 0.000041 0.000054 0.000072 0.000094 0.000122 0.000156 0.000197 0.000247 0.000306 0.000375 0.000455 0.000545 0.000646 0.000757 0.000879 0.001008 0.001144 0.001284 0.001425 0.001565 0.001699 0.001825 0.001939 0.002037 0.002117 0.002176 0.002213 0.002225 0.002213 0.002176 0.002117 0.002037 0.001939 0.001825 0.001699 0.001565 0.001425 0.001284 0.001144 0.001008 0.000879 0.000757 0.000646 0.000545 0.000455 0.000375 0.000306 0.000247 0.000197 0.000156 0.000122 0.000094 0.000072 0.000054 0.000041 0.000030 0.000022 0.000016 0.000011 0.000008 0.000006 0.000004 0.000003 0.000002 0.000001 0.000001 0.000001 0.000000 0.000000 0.000000 0.000000 0.000000 0.000000 0.000000 0.000000 0.000000 0.000000 
0.000000 0.000000 0.000000 0.000000 0.000000 0.000000 0.000000 0.000000 0.000000 0.000000 0.000001 0.000001 0.000001 0.000002 0.000003 0.000004 0.000006 0.000009 0.000013 0.000018 0.000026 0.000035 0.000048 0.000065 0.000087 0.000115 0.000150 0.000195 0.000249 0.000315 0.000394 0.000488 0.000598 0.000725 0.000869 0.001030 0.001207 0.001400 0.001606 0.001822 0.002045 0.002269 0.002492 0.002706 0.002906 0.003087 0.003243 0.003371 0.003465 0.003522 0.003542 0.003522 0.003465 0.003371 0.003243 0.003087 0.002906 0.002706 0.002492 0.002269 0.002045 0.001822 0.001606 0.001400 0.001207 0.001030 0.000869 0.000725 0.000598 0.000488 0.000394 0.000315 0.000249 0.000195 0.000150 0.000115 0.000087 0.000065 0.000048 0.000035 0.000026 0.000018 0.000013 0.000009 0.000006 0.000004 0.000003 0.000002 0.000001 0.000001 0.000001 0.000000 0.000000 0.000000 0.000000 0.000000 0.000000 0.000000 0.000000 0.000000 
0.000000 0.000000 0.000000 0.000000 0.000000 0.000000 0.000000 0.000000 0.000000 0.000001 0.000001 0.000001 0.000002 0.000003 0.000005 0.000007 0.000010 0.000015 0.000021 0.000029 0.000041 0.000057 0.000077 0.000104 0.000139 0.000184 0.000240 0.000311 0.000398 0.000503 0.000630 0.000779 0.000954 0.001156 0.001385 0.001641 0.001924 0.002231 0.002559 0.002903 0.003258 0.003615 0.003969 0.004309 0.004628 0.004916 0.005165 0.005367 0.005517 0.005608 0.005639 0.005608 0.005517 0.005367 0.005165 0.004916 0.004628 0.004309 0.003969 0.003615 0.003258 0.002903 0.002559 0.002231 0.001924 0.001641 0.001385 0.001156 0.000954 0.000779 0.000630 0.000503 0.000398 0.000311 0.000240 0.000184 0.000139 0.000104 0.000077 0.000057 0.000041 0.000029 0.000021 0.000015 0.000010 0.000007 0.000005 0.000003 0.000002 0.000001 0.000001 0.000001 0.000000 0.000000 0.000000 0.000000 0.000000 0.000000 0.000000 0.000000 
0.000000 0.000000 0.000000 0.000000 0.000000 0.000000 0.000000 0.000000 0.000001 0.000001 0.000001 0.000002 0.000003 0.000005 0.000008 0.000011 0.000016 0.000023 0.000033 0.000047 0.000065 0.000090 0.000123 0.000166 0.000221 0.000292 0.000382 0.000493 0.000631 0.000798 0.000998 0.001235 0.001512 0.001832 0.002194 0.002600 0.003047 0.003533 0.004052 0.004596 0.005156 0.005722 0.006281 0.006819 0.007323 0.007778 0.008172 0.008491 0.008727 0.008872 0.008921 0.008872 0.008727 0.008491 0.008172 0.007778 0.007323 0.006819 0.006281 0.005722 0.005156 0.004596 0.004052 0.003533 0.003047 0.002600 0.002194 0.001832 0.001512 0.001235 0.000998 0.000798 0.000631 0.000493 0.000382 0.000292 0.000221 0.000166 0.000123 0.000090 0.000065 0.000047 0.000033 0.000023 0.000016 0.000011 0.000008 0.000005 0.000003 0.000002 0.000001 0.000001 0.000001 0.000000 0.000000 0.000000 0.000000 0.000000 0.000000 0.000000 
0.000000 0.000000 0.000000 0.000000 0.000000 0.000000 0.000000 0.000001 0.000001 0.000001 0.000002 0.000004 0.000005 0.000008 0.000012 0.000018 0.000026 0.000037 0.000052 0.000074 0.000103 0.000142 0.000193 0.000261 0.000348 0.000459 0.000600 0.000775 0.000991 0.001253 0.001568 0.001940 0.002375 0.002876 0.003445 0.004081 0.004783 0.005544 0.006357 0.007210 0.008088 0.008975 0.009850 0.010694 0.011483 0.012196 0.012813 0.013314 0.013683 0.013910 0.013987 0.013910 0.013683 0.013314 0.012813 0.012196 0.011483 0.010694 0.009850 0.008975 0.008088 0.007210 0.006357 0.005544 0.004783 0.004081 0.003445 0.002876 0.002375 0.001940 0.001568 0.001253 0.000991 0.000775 0.000600 0.000459 0.000348 0.000261 0.000193 0.000142 0.000103 0.000074 0.000052 0.000037 0.000026 0.000018 0.000012 0.000008 0.000005 0.000004 0.000002 0.000001 0.000001 0.000001 0.000000 0.000000 0.000000 0.000000 0.000000 0.000000 
0.000000 0.000000 0.000000 0.000000 0.000000 0.000000 0.000001 0.000001 0.000001 0.000002 0.000004 0.000006 0.000008 0.000013 0.000019 0.000027 0.000040 0.000057 0.000082 0.000115 0.000160 0.000221 0.000301 0.000406 0.000542 0.000715 0.000934 0.001207 0.001543 0.001950 0.002439 0.003018 0.003693 0.004471 0.005355 0.006343 0.007432 0.008614 0.009876 0.011200 0.012563 0.013939 0.015297 0.016606 0.017830 0.018936 0.019893 0.020670 0.021243 0.021595 0.021713 0.021595 0.021243 0.020670 0.019893 0.018936 0.017830 0.016606 0.015297 0.013939 0.012563 0.011200 0.009876 0.008614 0.007432 0.006343 0.005355 0.004471 0.003693 0.003018 0.002439 0.001950 0.001543 0.001207 0.000934 0.000715 0.000542 0.000406 0.000301 0.000221 0.000160 0.000115 0.000082 0.000057 0.000040 0.000027 0.000019 0.000013 0.000008 0.000006 0.000004 0.000002 0.000001 0.000001 0.000001 0.000000 0.000000 0.000000 0.000000 0.000000 
0.000000 0.000000 0.000000 0.000000 0.000000 0.000001 0.000001 0.000001 0.000002 0.000004 0.000006 0.000009 0.000013 0.000019 0.000029 0.000042 0.000062 0.000089 0.000126 0.000177 0.000247 0.000341 0.000464 0.000626 0.000835 0.001103 0.001440 0.001860 0.002376 0.003004 0.003756 0.004646 0.005685 0.006881 0.008239 0.009758 0.011432 0.013249 0.015187 0.017221 0.019315 0.021428 0.023515 0.025524 0.027405 0.029103 0.030572 0.031765 0.032645 0.033185 0.033367 0.033185 0.032645 0.031765 0.030572 0.029103 0.027405 0.025524 0.023515 0.021428 0.019315 0.017221 0.015187 0.013249 0.011432 0.009758 0.008239 0.006881 0.005685 0.004646 0.003756 0.003004 0.002376 0.001860 0.001440 0.001103 0.000835 0.000626 0.000464 0.000341 0.000247 0.000177 0.000126 0.000089 0.000062 0.000042 0.000029 0.000019 0.000013 0.000009 0.000006 0.000004 0.000002 0.000001 0.000001 0.000001 0.000000 0.000000 0.000000 0.000000 
0.000000 0.000000 0.000000 0.000000 0.000001 0.000001 0.000001 0.000002 0.000004 0.000006 0.000009 0.000013 0.000020 0.000030 0.000044 0.000065 0.000094 0.000135 0.000193 0.000271 0.000378 0.000520 0.000709 0.000956 0.001275 0.001682 0.002196 0.002835 0.003622 0.004578 0.005723 0.007078 0.008660 0.010480 0.012546 0.014857 0.017404 0.020167 0.023115 0.026207 0.029391 0.032604 0.035776 0.038830 0.041688 0.044270 0.046501 0.048314 0.049652 0.050473 0.050749 0.050473 0.049652 0.048314 0.046501 0.044270 0.041688 0.038830 0.035776 0.032604 0.029391 0.026207 0.023115 0.020167 0.017404 0.014857 0.012546 0.010480 0.008660 0.007078 0.005723 0.004578 0.003622 0.002835 0.002196 0.001682 0.001275 0.000956 0.000709 0.000520 0.000378 0.000271 0.000193 0.000135 0.000094 0.000065 0.000044 0.000030 0.000020 0.000013 0.000009 0.000006 0.000004 0.000002 0.000001 0.000001 0.000001 0.000000 0.000000 0.000000 
0.000000 0.000000 0.000000 0.000001 0.000001 0.000001 0.000002 0.000003 0.000005 0.000008 0.000013 0.000020 0.000030 0.000045 0.000067 0.000098 0.000143 0.000205 0.000291 0.000410 0.000571 0.000786 0.001071 0.001443 0.001925 0.002539 0.003314 0.004279 0.005465 0.006905 0.008631 0.010673 0.013055 0.015797 0.018908 0.022388 0.026222 0.030380 0.034817 0.039470 0.044261 0.049095 0.053867 0.058462 0.062761 0.066645 0.070001 0.072728 0.074740 0.075975 0.076390 0.075975 0.074740 0.072728 0.070001 0.066645 0.062761 0.058462 0.053867 0.049095 0.044261 0.039470 0.034817 0.030380 0.026222 0.022388 0.018908 0.015797 0.013055 0.010673 0.008631 0.006905 0.005465 0.004279 0.003314 0.002539 0.001925 0.001443 0.001071 0.000786 0.000571 0.000410 0.000291 0.000205 0.000143 0.000098 0.000067 0.000045 0.000030 0.000020 0.000013 0.000008 0.000005 0.000003 0.000002 0.000001 0.000001 0.000001 0.000000 0.000000 
0.000000 0.000000 0.000001 0.000001 0.000001 0.000002 0.000003 0.000005 0.000008 0.000013 0.000019 0.000030 0.000045 0.000068 0.000100 0.000147 0.000214 0.000307 0.000436 0.000614 0.000854 0.001175 0.001601 0.002157 0.002876 0.003793 0.004950 0.006389 0.008159 0.010307 0.012882 0.015925 0.019477 0.023563 0.028200 0.033385 0.039097 0.045291 0.051900 0.058831 0.065965 0.073163 0.080269 0.087110 0.093509 0.099291 0.104287 0.108345 0.111341 0.113178 0.113797 0.113178 0.111341 0.108345 0.104287 0.099291 0.093509 0.087110 0.080269 0.073163 0.065965 0.058831 0.051900 0.045291 0.039097 0.033385 0.028200 0.023563 0.019477 0.015925 0.012882 0.010307 0.008159 0.006389 0.004950 0.003793 0.002876 0.002157 0.001601 0.001175 0.000854 0.000614 0.000436 0.000307 0.000214 0.000147 0.000100 0.000068 0.000045 0.000030 0.000019 0.000013 0.000008 0.000005 0.000003 0.000002 0.000001 0.000001 0.000001 0.000001 
0.000001 0.000001 0.000001 0.000001 0.000002 0.000003 0.000005 0.000008 0.000012 0.000019 0.000029 0.000044 0.000067 0.000100 0.000149 0.000218 0.000317 0.000455 0.000646 0.000908 0.001264 0.001739 0.002369 0.003191 0.004253 0.005608 0.007316 0.009442 0.012055 0.015226 0.019024 0.023516 0.028755 0.034782 0.041621 0.049267 0.057689 0.066821 0.076563 0.086778 0.097292 0.107899 0.118369 0.128449 0.137878 0.146395 0.153754 0.159734 0.164146 0.166853 0.167764 0.166853 0.164146 0.159734 0.153754 0.146395 0.137878 0.128449 0.118369 0.107899 0.097292 0.086778 0.076563 0.066821 0.057689 0.049267 0.041621 0.034782 0.028755 0.023516 0.019024 0.015226 0.012055 0.009442 0.007316 0.005608 0.004253 0.003191 0.002369 0.001739 0.001264 0.000908 0.000646 0.000455 0.000317 0.000218 0.000149 0.000100 0.000067 0.000044 0.000029 0.000019 0.000012 0.000008 0.000005 0.000003 0.000002 0.000001 0.000001 0.000001 
0.000001 0.000001 0.000001 0.000002 0.000003 0.000004 0.000007 0.000011 0.000018 0.000027 0.000042 0.000065 0.000098 0.000147 0.000218 0.000320 0.000464 0.000666 0.000947 0.001331 0.001851 0.002547 0.003467 0.004670 0.006223 0.008204 0.010700 0.013806 0.017624 0.022256 0.027804 0.034362 0.042010 0.050809 0.060790 0.071947 0.084236 0.097559 0.111770 0.126669 0.142004 0.157474 0.172741 0.187438 0.201186 0.213604 0.224333 0.233050 0.239483 0.243428 0.244757 0.243428 0.239483 0.233050 0.224333 0.213604 0.201186 0.187438 0.172741 0.157474 0.142004 0.126669 0.111770 0.097559 0.084236 0.071947 0.060790 0.050809 0.042010 0.034362 0.027804 0.022256 0.017624 0.013806 0.010700 0.008204 0.006223 0.004670 0.003467 0.002547 0.001851 0.001331 0.000947 0.000666 0.000464 0.000320 0.000218 0.000147 0.000098 0.000065 0.000042 0.000027 0.000018 0.000011 0.000007 0.000004 0.000003 0.000002 0.000002 0.000002 
0.000001 0.000001 0.000002 0.000003 0.000004 0.000006 0.000010 0.000016 0.000026 0.000040 0.000062 0.000094 0.000143 0.000214 0.000317 0.000464 0.000673 0.000967 0.001373 0.001929 0.002682 0.003690 0.005022 0.006763 0.009010 0.011876 0.015486 0.019978 0.025497 0.032192 0.040210 0.049686 0.060736 0.073446 0.087861 0.103974 0.121717 0.140953 0.161468 0.182974 0.205107 0.227433 0.249465 0.270673 0.290509 0.308426 0.323906 0.336482 0.345763 0.351454 0.353372 0.351454 0.345763 0.336482 0.323906 0.308426 0.290509 0.270673 0.249465 0.227433 0.205107 0.182974 0.161468 0.140953 0.121717 0.103974 0.087861 0.073446 0.060736 0.049686 0.040210 0.032192 0.025497 0.019978 0.015486 0.011876 0.009010 0.006763 0.005022 0.003690 0.002682 0.001929 0.001373 0.000967 0.000673 0.000464 0.000317 0.000214 0.000143 0.000094 0.000062 0.000040 0.000026 0.000016 0.000010 0.000006 0.000004 0.000003 0.000002 0.000002 
0.000002 0.000002 0.000002 0.000004 0.000006 0.000009 0.000015 0.000023 0.000037 0.000057 0.000089 0.000135 0.000205 0.000307 0.000455 0.000666 0.000967 0.001387 0.001970 0.002767 0.003847 0.005290 0.007199 0.009692 0.012909 0.017011 0.022178 0.028605 0.036500 0.046077 0.057543 0.071093 0.086891 0.105059 0.125662 0.148688 0.174041 0.201524 0.230831 0.261551 0.293163 0.325049 0.356512 0.386797 0.415121 0.440704 0.462805 0.480760 0.494010 0.502135 0.504873 0.502135 0.494010 0.480760 0.462805 0.440704 0.415121 0.386797 0.356512 0.325049 0.293163 0.261551 0.230831 0.201524 0.174041 0.148688 0.125662 0.105059 0.086891 0.071093 0.057543 0.046077 0.036500 0.028605 0.022178 0.017011 0.012909 0.009692 0.007199 0.005290 0.003847 0.002767 0.001970 0.001387 0.000967 0.000666 0.000455 0.000307 0.000205 0.000135 0.000089 0.000057 0.000037 0.000023 0.000015 0.000009 0.000006 0.000004 0.000003 0.000003 
0.000003 0.000003 0.000004 0.000005 0.000008 0.000013 0.000021 0.000033 0.000052 0.000082 0.000126 0.000193 0.000291 0.000436 0.000646 0.000947 0.001373 0.001970 0.002796 0.003927 0.005458 0.007505 0.010210 0.013742 0.018300 0.024111 0.031427 0.040527 0.051705 0.065259 0.081486 0.100658 0.123008 0.148707 0.177846 0.210409 0.246257 0.285113 0.326544 0.369968 0.414648 0.459713 0.504176 0.546973 0.586995 0.623143 0.654370 0.679738 0.698459 0.709938 0.713806 0.709938 0.698459 0.679738 0.654370 0.623143 0.586995 0.546973 0.504176 0.459713 0.414648 0.369968 0.326544 0.285113 0.246257 0.210409 0.177846 0.148707 0.123008 0.100658 0.081486 0.065259 0.051705 0.040527 0.031427 0.024111 0.018300 0.013742 0.010210 0.007505 0.005458 0.003927 0.002796 0.001970 0.001373 0.000947 0.000646 0.000436 0.000291 0.000193 0.000126 0.000082 0.000052 0.000033 0.000021 0.000013 0.000009 0.000006 0.000005 0.000005 
0.000004 0.000004 0.000005 0.000007 0.000011 0.000018 0.000029 0.000047 0.000074 0.000115 0.000177 0.000271 0.000410 0.000614 0.000908 0.001331 0.001929 0.002767 0.003927 0.005515 0.007663 0.010534 0.014327 0.019280 0.025670 0.033814 0.044067 0.056817 0.072474 0.091458 0.114181 0.141024 0.172312 0.208284 0.249065 0.294633 0.344792 0.399153 0.457113 0.517853 0.580346 0.643371 0.705552 0.765398 0.821361 0.871904 0.915566 0.951033 0.977206 0.993255 0.998663 0.993255 0.977206 0.951033 0.915566 0.871904 0.821361 0.765398 0.705552 0.643371 0.580346 0.517853 0.457113 0.399153 0.344792 0.294633 0.249065 0.208284 0.172312 0.141024 0.114181 0.091458 0.072474 0.056817 0.044067 0.033814 0.025670 0.019280 0.014327 0.010534 0.007663 0.005515 0.003927 0.002767 0.001929 0.001331 0.000908 0.000614 0.000410 0.000271 0.000178 0.000115 0.000074 0.000047 0.000030 0.000019 0.000012 0.000008 0.000007 0.000007 
0.000005 0.000005 0.000007 0.000010 0.000016 0.000026 0.000041 0.000065 0.000103 0.000160 0.000247 0.000378 0.000571 0.000854 0.001264 0.001851 0.002682 0.003847 0.005458 0.007663 0.010644 0.014629 0.019893 0.026765 0.035628 0.046923 0.061139 0.078815 0.100517 0.126827 0.158313 0.195503 0.238845 0.288669 0.345146 0.408245 0.477695 0.552953 0.633186 0.717261 0.803755 0.890979 0.977028 1.059841 1.137278 1.207211 1.267621 1.316692 1.352903 1.375107 1.382589 1.375107 1.352903 1.316692 1.267621 1.207211 1.137278 1.059841 0.977028 0.890979 0.803755 0.717261 0.633186 0.552953 0.477695 0.408245 0.345146 0.288669 0.238845 0.195503 0.158313 0.126827 0.100517 0.078815 0.061139 0.046923 0.035628 0.026765 0.019893 0.014629 0.010644 0.007663 0.005458 0.003847 0.002682 0.001851 0.001264 0.000854 0.000571 0.000378 0.000247 0.000160 0.000103 0.000065 0.000041 0.000026 0.000017 0.000012 0.000009 0.000009 
0.000007 0.000007 0.000010 0.000014 0.000022 0.000035 0.000057 0.000090 0.000142 0.000221 0.000341 0.000520 0.000786 0.001175 0.001739 0.002547 0.003690 0.005290 0.007505 0.010534 0.014629 0.020102 0.027330 0.036764 0.048929 0.064427 0.083932 0.108179 0.137945 0.174024 0.217195 0.268179 0.327589 0.395875 0.473270 0.559730 0.654881 0.757980 0.867883 0.983040 1.101499 1.220950 1.338785 1.452181 1.558211 1.653962 1.736670 1.803853 1.853428 1.883826 1.894069 1.883826 1.853428 1.803853 1.736670 1.653962 1.558211 1.452181 1.338785 1.220950 1.101499 0.983040 0.867883 0.757980 0.654881 0.559730 0.473270 0.395875 0.327589 0.268179 0.217195 0.174024 0.137945 0.108179 0.083932 0.064427 0.048929 0.036764 0.027330 0.020102 0.014629 0.010534 0.007505 0.005290 0.003690 0.002547 0.001739 0.001175 0.000786 0.000520 0.000341 0.000221 0.000142 0.000090 0.000057 0.000036 0.000023 0.000016 0.000013 0.000013 
0.000010 0.000010 0.000013 0.000019 0.000030 0.000048 0.000077 0.000123 0.000193 0.000301 0.000464 0.000709 0.001071 0.001601 0.002369 0.003467 0.005022 0.007199 0.010210 0.014327 0.019893 0.027330 0.037150 0.049963 0.066484 0.087527 0.114007 0.146917 0.187312 0.236268 0.294838 0.363999 0.444578 0.537185 0.642133 0.759359 0.888355 1.028113 1.177081 1.333157 1.493696 1.655569 1.815241 1.968890 2.112550 2.242278 2.354332 2.445348 2.512509 2.553689 2.567566 2.553689 2.512509 2.445348 2.354332 2.242278 2.112550 1.968890 1.815241 1.655569 1.493696 1.333157 1.177081 1.028113 0.888355 0.759359 0.642133 0.537185 0.444578 0.363999 0.294838 0.236268 0.187312 0.146917 0.114007 0.087527 0.066484 0.049963 0.037150 0.027330 0.019893 0.014327 0.010210 0.007199 0.005022 0.003467 0.002369 0.001601 0.001071 0.000709 0.000464 0.000301 0.000193 0.000123 0.000078 0.000049 0.000032 0.000022 0.000017 0.000017 
0.000014 0.000014 0.000018 0.000026 0.000041 0.000065 0.000104 0.000166 0.000261 0.000406 0.000626 0.000956 0.001443 0.002157 0.003191 0.004670 0.006763 0.009692 0.013742 0.019280 0.026765 0.036764 0.049963 0.067184 0.089382 0.117653 0.153221 0.197421 0.251663 0.317392 0.396018 0.488847 0.596990 0.721260 0.862074 1.019344 1.192389 1.379852 1.579652 1.788967 2.004253 2.221313 2.435408 2.641415 2.834021 3.007942 3.158162 3.280176 3.370208 3.425411 3.444013 3.425411 3.370208 3.280176 3.158162 3.007942 2.834021 2.641415 2.435408 2.221313 2.004253 1.788967 1.579652 1.379852 1.192389 1.019344 0.862074 0.721260 0.596990 0.488847 0.396018 0.317392 0.251663 0.197421 0.153221 0.117653 0.089382 0.067184 0.049963 0.036764 0.026765 0.019280 0.013742 0.009692 0.006763 0.004670 0.003191 0.002157 0.001443 0.000956 0.000626 0.000406 0.000261 0.000166 0.000105 0.000066 0.000043 0.000029 0.000023 0.000023 
0.000019 0.000019 0.000024 0.000035 0.000054 0.000087 0.000139 0.000221 0.000348 0.000542 0.000835 0.001275 0.001925 0.002876 0.004253 0.006223 0.009010 0.012909 0.018300 0.025670 0.035628 0.048929 0.066484 0.089382 0.118894 0.156474 0.203746 0.262480 0.334549 0.421867 0.526304 0.649590 0.793197 0.958201 1.145150 1.353926 1.583620 1.832429 2.097591 2.375358 2.661028 2.949033 3.233088 3.506399 3.761917 3.992638 4.191912 4.353764 4.473191 4.546416 4.571090 4.546416 4.473191 4.353764 4.191912 3.992638 3.761917 3.506399 3.233088 2.949033 2.661028 2.375358 2.097591 1.832429 1.583620 1.353926 1.145150 0.958201 0.793197 0.649590 0.526304 0.421867 0.334549 0.262480 0.203746 0.156474 0.118894 0.089382 0.066484 0.048929 0.035628 0.025670 0.018300 0.012909 0.009010 0.006223 0.004253 0.002876 0.001925 0.001275 0.000835 0.000542 0.000348 0.000222 0.000140 0.000089 0.000057 0.000039 0.000031 0.000031 
0.000025 0.000025 0.000031 0.000046 0.000072 0.000115 0.000184 0.000292 0.000459 0.000715 0.001103 0.001682 0.002539 0.003793 0.005608 0.008204 0.011876 0.017011 0.024111 0.033814 0.046923 0.064427 0.087527 0.117653 0.156474 0.205899 0.268062 0.345286 0.440029 0.554802 0.692059 0.854070 1.042760 1.259541 1.505127 1.779359 2.081038 2.407795 2.755999 3.120728 3.495808 3.873930 4.246846 4.605637 4.941058 5.243914 5.505484 5.717929 5.874683 5.970794 6.003179 5.970794 5.874683 5.717929 5.505484 5.243914 4.941058 4.605637 4.246846 3.873930 3.495808 3.120728 2.755999 2.407795 2.081038 1.779359 1.505127 1.259541 1.042760 0.854070 0.692059 0.554802 0.440029 0.345286 0.268062 0.205899 0.156474 0.117653 0.087527 0.064427 0.046923 0.033814 0.024111 0.017011 0.011876 0.008204 0.005608 0.003793 0.002539 0.001682 0.001103 0.000715 0.000460 0.000293 0.000185 0.000117 0.000076 0.000052 0.000041 0.000041 
0.000032 0.000032 0.000041 0.000060 0.000094 0.000150 0.000240 0.000382 0.000600 0.000934 0.001440 0.002196 0.003314 0.004950 0.007316 0.010700 0.015486 0.022178 0.031427 0.044067 0.061139 0.083932 0.114007 0.153221 0.203746 0.268062 0.348941 0.449401 0.572635 0.721902 0.900389 1.111040 1.356351 1.638152 1.957365 2.313777 2.705827 3.130430 3.582868 4.056743 4.544035 5.035249 5.519673 5.985727 6.421404 6.814770 7.154501 7.430420 7.634006 7.758829 7.800889 7.758829 7.634006 7.430420 7.154501 6.814770 6.421404 5.985727 5.519673 5.035249 4.544035 4.056743 3.582868 3.130430 2.705827 2.313777 1.957365 1.638152 1.356351 1.111040 0.900389 0.721902 0.572635 0.449401 0.348941 0.268062 0.203746 0.153221 0.114007 0.083932 0.061139 0.044067 0.031427 0.022178 0.015486 0.010700 0.007316 0.004950 0.003314 0.002196 0.001440 0.000934 0.000600 0.000382 0.000242 0.000153 0.000099 0.000068 0.000054 0.000054 
0.000042 0.000042 0.000053 0.000078 0.000122 0.000195 0.000311 0.000493 0.000775 0.001207 0.001860 0.002835 0.004279 0.006389 0.009442 0.013806 0.019978 0.028605 0.040527 0.056817 0.078815 0.108179 0.146917 0.197421 0.262480 0.345286 0.449401 0.578707 0.737303 0.929377 1.159024 1.430022 1.745577 2.108031 2.518565 2.976898 3.481015 4.026948 4.608624 5.217819 5.844223 6.475631 7.098279 7.697288 8.257231 8.762778 9.199380 9.553967 9.815594 9.976001 10.030052 9.976001 9.815594 9.553967 9.199380 8.762778 8.257231 7.697288 7.098279 6.475631 5.844223 5.217819 4.608624 4.026948 3.481015 2.976898 2.518565 2.108031 1.745577 1.430022 1.159024 0.929377 0.737303 0.578707 0.449401 0.345286 0.262480 0.197421 0.146917 0.108179 0.078815 0.056817 0.040528 0.028605 0.019978 0.013806 0.009442 0.006389 0.004279 0.002836 0.001860 0.001207 0.000776 0.000494 0.000313 0.000198 0.000128 0.000088 0.000070 0.000070 
0.000053 0.000053 0.000068 0.000100 0.000156 0.000249 0.000398 0.000631 0.000991 0.001543 0.002376 0.003622 0.005465 0.008159 0.012055 0.017624 0.025497 0.036500 0.051705 0.072474 0.100517 0.137945 0.187312 0.251663 0.334549 0.440029 0.572635 0.737303 0.939246 1.183787 1.476131 1.821077 2.222696 2.683959 3.206361 3.789534 4.430909 5.125431 5.865372 6.640267 7.437003 8.240060 9.031936 9.793713 10.505783 11.148655 11.703840 12.154724 12.487396 12.691361 12.760088 12.691361 12.487396 12.154724 11.703840 11.148655 10.505783 9.793713 9.031936 8.240060 7.437003 6.640267 5.865372 5.125431 4.430909 3.789534 3.206361 2.683959 2.222696 1.821077 1.476131 1.183787 0.939246 0.737303 0.572635 0.440029 0.334549 0.251663 0.187312 0.137945 0.100517 0.072474 0.051705 0.036500 0.025497 0.017624 0.012055 0.008159 0.005465 0.003623 0.002376 0.001543 0.000992 0.000632 0.000400 0.000254 0.000164 0.000113 0.000089 0.000089 
0.000067 0.000067 0.000086 0.000126 0.000197 0.000315 0.000503 0.000798 0.001253 0.001950 0.003004 0.004578 0.006905 0.010307 0.015226 0.022256 0.032192 0.046077 0.065259 0.091458 0.126827 0.174024 0.236268 0.317392 0.421867 0.554802 0.721902 0.929377 1.183787 1.491828 1.860043 2.294466 2.800211 3.381009 4.038730 4.772902 5.580282 6.454500 7.385824 8.361081 9.363767 10.374356 11.370825 12.329379 13.225352 14.034231 14.732760 15.300047 15.718597 15.975211 16.061678 15.975211 15.718597 15.300047 14.732760 14.034231 13.225352 12.329379 11.370825 10.374356 9.363767 8.361081 7.385824 6.454500 5.580282 4.772902 4.038730 3.381009 2.800211 2.294466 1.860043 1.491828 1.183787 0.929377 0.721902 0.554802 0.421867 0.317392 0.236268 0.174024 0.126827 0.091458 0.065259 0.046077 0.032192 0.022256 0.015226 0.010307 0.006905 0.004578 0.003004 0.001951 0.001255 0.000800 0.000506 0.000321 0.000207 0.000143 0.000113 0.000113 
0.000085 0.000085 0.000107 0.000158 0.000247 0.000394 0.000630 0.000998 0.001568 0.002439 0.003756 0.005723 0.008631 0.012882 0.019024 0.027804 0.040210 0.057543 0.081486 0.114181 0.158313 0.217195 0.294838 0.396018 0.526304 0.692059 0.900389 1.159024 1.476131 1.860043 2.318900 2.860210 3.490330 4.213895 5.033220 5.947707 6.953306 8.042075 9.201889 10.416341 11.664879 12.923194 14.163872 15.357295 16.472763 17.479769 18.349376 19.055583 19.576621 19.896068 20.003707 19.896068 19.576621 19.055583 18.349376 17.479769 16.472763 15.357295 14.163872 12.923194 11.664879 10.416341 9.201889 8.042075 6.953306 5.947707 5.033220 4.213895 3.490330 2.860210 2.318900 1.860043 1.476131 1.159024 0.900389 0.692059 0.526304 0.396018 0.294838 0.217195 0.158313 0.114181 0.081486 0.057543 0.040210 0.027804 0.019024 0.012882 0.008631 0.005724 0.003756 0.002440 0.001569 0.001000 0.000634 0.000402 0.000259 0.000179 0.000142 0.000142 
0.000105 0.000105 0.000133 0.000195 0.000306 0.000488 0.000779 0.001235 0.001940 0.003018 0.004646 0.007078 0.010673 0.015925 0.023516 0.034362 0.049686 0.071093 0.100658 0.141024 0.195503 0.268179 0.363999 0.488847 0.649590 0.854070 1.111040 1.430022 1.821077 2.294466 2.860210 3.527550 4.304305 5.196174 6.205995 7.333017 8.572237 9.913858 11.342933 12.839246 14.377474 15.927673 17.456076 18.926210 20.300267 21.540683 22.611826 23.481684 24.123455 24.516919 24.649496 24.516919 24.123455 23.481684 22.611826 21.540683 20.300267 18.926210 17.456076 15.927673 14.377474 12.839246 11.342933 9.913858 8.572237 7.333017 6.205995 5.196174 4.304305 3.527550 2.860210 2.294466 1.821077 1.430022 1.111040 0.854070 0.649590 0.488847 0.363999 0.268179 0.195503 0.141024 0.100658 0.071093 0.049686 0.034362 0.023516 0.015925 0.010673 0.007079 0.004646 0.003019 0.001942 0.001238 0.000785 0.000497 0.000321 0.000221 0.000176 0.000176 
0.000128 0.000128 0.000163 0.000240 0.000375 0.000598 0.000954 0.001512 0.002375 0.003693 0.005685 0.008660 0.013055 0.019477 0.028755 0.042010 0.060736 0.086891 0.123008 0.172312 0.238845 0.327589 0.444578 0.596990 0.793197 1.042760 1.356351 1.745577 2.222696 2.800211 3.490330 4.304305 5.251656 6.339313 7.570721 8.944946 10.455876 12.091555 13.833753 15.657820 17.532890 19.422466 21.285398 23.077241 24.751929 26.263696 27.569129 28.629231 29.411351 29.890857 30.052426 29.890857 29.411351 28.629231 27.569129 26.263696 24.751929 23.077241 21.285398 19.422466 17.532890 15.657820 13.833753 12.091555 10.455876 8.944946 7.570721 6.339313 5.251656 4.304305 3.490330 2.800211 2.222696 1.745577 1.356351 1.042760 0.793197 0.596990 0.444578 0.327589 0.238845 0.172312 0.123008 0.086891 0.060736 0.042010 0.028755 0.019477 0.013055 0.008660 0.005685 0.003695 0.002377 0.001516 0.000961 0.000609 0.000394 0.000271 0.000216 0.000216 
0.000156 0.000156 0.000198 0.000290 0.000455 0.000725 0.001156 0.001832 0.002876 0.004471 0.006881 0.010480 0.015797 0.023563 0.034782 0.050809 0.073446 0.105059 0.148707 0.208284 0.288669 0.395875 0.537185 0.721260 0.958201 1.259541 1.638152 2.108031 2.683959 3.381009 4.213895 5.196174 6.339313 7.651655 9.137332 10.795203 12.617876 14.590918 16.692331 18.892379 21.153836 23.432688 25.679320 27.840146 29.859631 31.682605 33.256736 34.535016 35.478092 36.056272 36.251088 36.056272 35.478092 34.535016 33.256736 31.682605 29.859631 27.840146 25.679320 23.432688 21.153836 18.892379 16.692331 14.590918 12.617876 10.795203 9.137332 7.651655 6.339313 5.196174 4.213895 3.381009 2.683959 2.108031 1.638152 1.259541 0.958201 0.721260 0.537185 0.395875 0.288669 0.208284 0.148707 0.105059 0.073446 0.050809 0.034783 0.023563 0.015797 0.010481 0.006882 0.004473 0.002878 0.001836 0.001164 0.000738 0.000477 0.000329 0.000261 0.000261 
0.000187 0.000187 0.000237 0.000348 0.000545 0.000869 0.001385 0.002194 0.003445 0.005355 0.008239 0.012546 0.018908 0.028200 0.041621 0.060790 0.087861 0.125662 0.177846 0.249065 0.345146 0.473270 0.642133 0.862074 1.145150 1.505127 1.957365 2.518565 3.206361 4.038730 5.033220 6.205995 7.570721 9.137332 10.910741 12.889563 15.064959 17.419689 19.927490 22.552872 25.251414 27.970603 30.651247 33.229426 35.638895 37.813850 39.691878 41.216914 42.342025 43.031802 43.264219 43.031802 42.342025 41.216914 39.691878 37.813850 35.638895 33.229426 30.651247 27.970603 25.251414 22.552872 19.927490 17.419689 15.064959 12.889563 10.910741 9.137332 7.570721 6.205995 5.033220 4.038730 3.206361 2.518565 1.957365 1.505127 1.145150 0.862074 0.642133 0.473270 0.345146 0.249065 0.177846 0.125662 0.087861 0.060790 0.041621 0.028200 0.018908 0.012547 0.008240 0.005356 0.003448 0.002199 0.001394 0.000884 0.000572 0.000394 0.000313 0.000313 
0.000222 0.000222 0.000281 0.000413 0.000646 0.001030 0.001641 0.002600 0.004081 0.006343 0.009758 0.014857 0.022388 0.033385 0.049267 0.071947 0.103974 0.148688 0.210409 0.294633 0.408245 0.559730 0.759359 1.019344 1.353926 1.779359 2.313777 2.976898 3.789534 4.772902 5.947707 7.333017 8.944946 10.795203 12.889563 15.226369 17.795163 20.575572 23.536576 26.636269 29.822204 33.032391 36.196966 39.240483 42.084763 44.652151 46.868993 48.669133 49.997189 50.811380 51.085717 50.811380 49.997189 48.669133 46.868993 44.652151 42.084763 39.240483 36.196966 33.032391 29.822204 26.636269 23.536576 20.575572 17.795163 15.226369 12.889563 10.795203 8.944946 7.333017 5.947707 4.772902 3.789534 2.976898 2.313777 1.779359 1.353926 1.019344 0.759359 0.559730 0.408245 0.294633 0.210409 0.148688 0.103974 0.071948 0.049267 0.033385 0.022388 0.014858 0.009759 0.006345 0.004085 0.002606 0.001652 0.001048 0.000678 0.000467 0.000372 0.000372 
0.000260 0.000260 0.000330 0.000484 0.000757 0.001207 0.001924 0.003047 0.004783 0.007432 0.011432 0.017404 0.026222 0.039097 0.057689 0.084236 0.121717 0.174041 0.246257 0.344792 0.477695 0.654881 0.888355 1.192389 1.583620 2.081038 2.705827 3.481015 4.430909 5.580282 6.953306 8.572237 10.455876 12.617876 15.064959 17.795163 20.796248 24.044397 27.503362 31.124182 34.845597 38.595206 42.291419 45.846134 49.168065 52.166539 54.755561 56.857893 58.408873 59.359726 59.680109 59.359726 58.408873 56.857893 54.755561 52.166539 49.168065 45.846134 42.291419 38.595206 34.845597 31.124182 27.503362 24.044397 20.796248 17.795163 15.064959 12.617876 10.455876 8.572237 6.953306 5.580282 4.430909 3.481015 2.705827 2.081038 1.583620 1.192389 0.888355 0.654881 0.477695 0.344792 0.246258 0.174041 0.121717 0.084236 0.057689 0.039097 0.026222 0.017405 0.011433 0.007435 0.004787 0.003055 0.001937 0.001229 0.000795 0.000548 0.000436 0.000436 
0.000302 0.000302 0.000382 0.000562 0.000879 0.001400 0.002231 0.003533 0.005544 0.008614 0.013249 0.020167 0.030380 0.045291 0.066821 0.097559 0.140953 0.201524 0.285113 0.399153 0.552953 0.757980 1.028113 1.379852 1.832429 2.407795 3.130430 4.026948 5.125431 6.454500 8.042075 9.913858 12.091555 14.590918 17.419689 20.575572 24.044397 27.798618 31.796326 35.980932 40.281637 44.614781 48.886090 52.993775 56.832375 60.297141 63.288730 65.717921 67.510021 68.608690 68.978877 68.608690 67.510021 65.717921 63.288730 60.297141 56.832375 52.993775 48.886090 44.614781 40.281637 35.980932 31.796326 27.798618 24.044397 20.575572 17.419689 14.590918 12.091555 9.913858 8.042075 6.454500 5.125431 4.026948 3.130430 2.407795 1.832429 1.379852 1.028113 0.757980 0.552953 0.399153 0.285113 0.201524 0.140953 0.097559 0.066821 0.045292 0.030380 0.020167 0.013250 0.008617 0.005549 0.003542 0.002246 0.001426 0.000922 0.000636 0.000506 0.000506 
0.000346 0.000346 0.000439 0.000644 0.001008 0.001606 0.002559 0.004052 0.006357 0.009876 0.015187 0.023115 0.034817 0.051900 0.076563 0.111770 0.161468 0.230831 0.326544 0.457113 0.633186 0.867883 1.177081 1.579652 2.097591 2.755999 3.582868 4.608624 5.865372 7.385824 9.201889 11.342933 13.833753 16.692331 19.927490 23.536576 27.503362 31.796326 36.367536 41.152277 46.069600 51.023860 55.907285 60.603522 64.992023 68.953062 72.373097 75.150154 77.198869 78.454850 78.878042 78.454850 77.198869 75.150154 72.373097 68.953062 64.992023 60.603522 55.907285 51.023860 46.069600 41.152277 36.367536 31.796326 27.503362 23.536576 19.927490 16.692331 13.833753 11.342933 9.201889 7.385824 5.865372 4.608624 3.582868 2.755999 2.097591 1.579652 1.177081 0.867883 0.633186 0.457113 0.326544 0.230831 0.161468 0.111770 0.076563 0.051901 0.034818 0.023116 0.015189 0.009879 0.006362 0.004061 0.002576 0.001635 0.001058 0.000729 0.000581 0.000581 
0.000393 0.000393 0.000498 0.000731 0.001144 0.001822 0.002903 0.004596 0.007210 0.011200 0.017221 0.026207 0.039470 0.058831 0.086778 0.126669 0.182974 0.261551 0.369968 0.517853 0.717261 0.983040 1.333157 1.788967 2.375358 3.120728 4.056743 5.217819 6.640267 8.361081 10.416341 12.839246 15.657820 18.892379 22.552872 26.636269 31.124182 35.980932 41.152277 46.565003 52.127536 57.731694 63.255582 68.567612 73.531456 78.011719 81.880007 85.021008 87.338195 88.758757 89.237401 88.758757 87.338195 85.021008 81.880007 78.011719 73.531456 68.567612 63.255582 57.731694 52.127536 46.565003 41.152277 35.980932 31.124182 26.636269 22.552872 18.892379 15.657820 12.839246 10.416341 8.361081 6.640267 5.217819 4.056743 3.120728 2.375358 1.788967 1.333157 0.983040 0.717261 0.517853 0.369968 0.261551 0.182974 0.126669 0.086778 0.058831 0.039471 0.026208 0.017223 0.011203 0.007216 0.004607 0.002923 0.001855 0.001201 0.000828 0.000659 0.000659 
0.000442 0.000442 0.000559 0.000821 0.001284 0.002045 0.003258 0.005156 0.008088 0.012563 0.019315 0.029391 0.044261 0.065965 0.097292 0.142004 0.205107 0.293163 0.414648 0.580346 0.803755 1.101499 1.493696 2.004253 2.661028 3.495808 4.544035 5.844223 7.437003 9.363767 11.664879 14.377474 17.532890 21.153836 25.251414 29.822204 34.845597 40.281637 46.069600 52.127536 58.352960 64.624805 70.806673 76.751323 82.306219 87.319875 91.648643 95.163510 97.756486 99.346114 99.881721 99.346114 97.756486 95.163510 91.648643 87.319875 82.306219 76.751323 70.806673 64.624805 58.352960 52.127536 46.069600 40.281637 34.845597 29.822204 25.251414 21.153836 17.532890 14.377474 11.664879 9.363767 7.437003 5.844223 4.544035 3.495808 2.661028 2.004253 1.493696 1.101499 0.803755 0.580346 0.414648 0.293163 0.205107 0.142004 0.097292 0.065965 0.044262 0.029392 0.019317 0.012567 0.008095 0.005169 0.003279 0.002082 0.001348 0.000929 0.000740 0.000740 
0.000490 0.000490 0.000621 0.000912 0.001425 0.002269 0.003615 0.005722 0.008975 0.013939 0.021428 0.032604 0.049095 0.073163 0.107899 0.157474 0.227433 0.325049 0.459713 0.643371 0.890979 1.220950 1.655569 2.221313 2.949033 3.873930 5.035249 6.475631 8.240060 10.374356 12.923194 15.927673 19.422466 23.432688 27.970603 33.032391 38.595206 44.614781 51.023860 57.731694 64.624805 71.569152 78.413730 84.995535 91.145710 96.696567 101.489094 105.380488 108.251214 110.011107 110.604083 110.011107 108.251214 105.380488 101.489094 96.696567 91.145710 84.995535 78.413730 71.569152 64.624805 57.731694 51.023860 44.614781 38.595206 33.032391 27.970603 23.432688 19.422466 15.927673 12.923194 10.374356 8.240060 6.475631 5.035249 3.873930 2.949033 2.221313 1.655569 1.220950 0.890979 0.643371 0.459713 0.325049 0.227433 0.157474 0.107900 0.073164 0.049096 0.032605 0.021431 0.013943 0.008983 0.005736 0.003640 0.002311 0.001496 0.001032 0.000822 0.000822 
0.000539 0.000539 0.000682 0.001001 0.001565 0.002492 0.003969 0.006281 0.009850 0.015297 0.023515 0.035776 0.053867 0.080269 0.118369 0.172741 0.249465 0.356512 0.504176 0.705552 0.977028 1.338785 1.815241 2.435408 3.233088 4.246846 5.519673 7.098279 9.031936 11.370825 14.163872 17.456076 21.285398 25.679320 30.651247 36.196966 42.291419 48.886090 55.907285 63.255582 70.806673 78.413730 85.911354 93.121012 99.857767 105.937966 111.187464 115.449869 118.594274 120.521938 121.171441 120.521938 118.594274 115.449869 111.187464 105.937966 99.857767 93.121012 85.911354 78.413730 70.806673 63.255582 55.907285 48.886090 42.291419 36.196966 30.651247 25.679320 21.285398 17.456076 14.163872 11.370825 9.031936 7.098279 5.519673 4.246846 3.233088 2.435408 1.815241 1.338785 0.977028 0.705552 0.504176 0.356512 0.249465 0.172741 0.118369 0.080269 0.053868 0.035777 0.023518 0.015302 0.009859 0.006296 0.003996 0.002538 0.001643 0.001133 0.000903 0.000903 
