0.000000 0.000000 0.000000 0.000000 0.000000 0.000000 0.000000 0.000000 0.000000 0.000000 0.000000 0.000000 0.000000 0.000000 0.000001 0.000001 0.000001 0.000002 0.000003 0.000004 0.000006 0.000008 0.000011 0.000015 0.000020 0.000026 0.000034 0.000044 0.000057 0.000072 0.000090 0.000111 0.000136 0.000165 0.000198 0.000234 0.000275 0.000319 0.000366 0.000415 0.000465 0.000517 0.000567 0.000616 0.000662 0.000703 0.000738 0.000767 0.000789 0.000802 0.000806 0.000802 0.000789 0.000767 0.000738 0.000703 0.000662 0.000616 0.000567 0.000517 0.000465 0.000415 0.000366 0.000319 0.000275 0.000234 0.000198 0.000165 0.000136 0.000111 0.000090 0.000072 0.000057 0.000044 0.000034 0.000026 0.000020 0.000015 0.000011 0.000008 0.000006 0.000004 0.000003 0.000002 0.000001 0.000001 0.000001 0.000000 0.000000 0.000000 0.000000 0.000000 0.000000 0.000000 0.000000 0.000000 0.000000 0.000000 0.000000 0.000000 
0.000000 0.000000 0.000000 0.000000 0.000000 0.000000 0.000000 0.000000 0.000000 0.000000 0.000000 0.000000 0.000000 0.000000 0.000001 0.000001 0.000001 0.000002 0.000003 0.000004 0.000006 0.000008 0.000011 0.000015 0.000020 0.000026 0.000034 0.000044 0.000057 0.000072 0.000090 0.000111 0.000136 0.000165 0.000198 0.000234 0.000275 0.000319 0.000366 0.000415 0.000465 0.000517 0.000567 0.000616 0.000662 0.000703 0.000738 0.000767 0.000789 0.000802 0.000806 0.000802 0.000789 0.000767 0.000738 0.000703 0.000662 0.000616 0.000567 0.000517 0.000465 0.000415 0.000366 0.000319 0.000275 0.000234 0.000198 0.000165 0.000136 0.000111 0.000090 0.000072 0.000057 0.000044 0.000034 0.000026 0.000020 0.000015 0.000011 0.000008 0.000006 0.000004 0.000003 0.000002 0.000001 0.000001 0.000001 0.000000 0.000000 0.000000 0.000000 0.000000 0.000000 0.000000 0.000000 0.000000 0.000000 0.000000 0.000000 0.000000 
0.000000 0.000000 0.000000 0.000000 0.000000 0.000000 0.000000 0.000000 0.000000 0.000000 0.000000 0.000000 0.000000 0.000001 0.000001 0.000001 0.000002 0.000003 0.000004 0.000005 0.000007 0.000010 0.000014 0.000019 0.000025 0.000033 0.000043 0.000056 0.000072 0.000091 0.000114 0.000141 0.000172 0.000209 0.000250 0.000297 0.000348 0.000403 0.000462 0.000525 0.000589 0.000653 0.000717 0.000779 0.000836 0.000888 0.000933 0.000970 0.000997 0.001013 0.001019 0.001013 0.000997 0.000970 0.000933 0.000888 0.000836 0.000779 0.000717 0.000653 0.000589 0.000525 0.000462 0.000403 0.000348 0.000297 0.000250 0.000209 0.000172 0.000141 0.000114 0.000091 0.000072 0.000056 0.000043 0.000033 0.000025 0.000019 0.000014 0.000010 0.000007 0.000005 0.000004 0.000003 0.000002 0.000001 0.000001 0.000001 0.000000 0.000000 0.000000 0.000000 0.000000 0.000000 0.000000 0.000000 0.000000 0.000000 0.000000 0.000000 
0.000000 0.000000 0.000000 0.000000 0.000000 0.000000 0.000000 0.000000 0.000000 0.000000 0.000000 0.000000 0.000001 0.000001 0.000001 0.000002 0.000003 0.000004 0.000006 0.000008 0.000011 0.000015 0.000021 0.000028 0.000037 0.000049 0.000064 0.000082 0.000105 0.000133 0.000167 0.000207 0.000253 0.000306 0.000367 0.000435 0.000509 0.000591 0.000677 0.000768 0.000862 0.000956 0.001050 0.001140 0.001224 0.001300 0.001366 0.001419 0.001459 0.001483 0.001491 0.001483 0.001459 0.001419 0.001366 0.001300 0.001224 0.001140 0.001050 0.000956 0.000862 0.000768 0.000677 0.000591 0.000509 0.000435 0.000367 0.000306 0.000253 0.000207 0.000167 0.000133 0.000105 0.000082 0.000064 0.000049 0.000037 0.000028 0.000021 0.000015 0.000011 0.000008 0.000006 0.000004 0.000003 0.000002 0.000001 0.000001 0.000001 0.000000 0.000000 0.000000 0.000000 0.000000 0.000000 0.000000 0.000000 0.000000 0.000000 0.000000 
0.000000 0.000000 0.000000 0.000000 0.000000 0.000000 0.000000 0.000000 0.000000 0.000000 0.000000 0.000001 0.000001 0.000001 0.000002 0.000003 0.000004 0.000006 0.000009 0.000012 0.000017 0.000024 0.000032 0.000043 0.000058 0.000076 0.000100 0.000129 0.000165 0.000208 0.000261 0.000323 0.000395 0.000478 0.000573 0.000678 0.000795 0.000922 0.001057 0.001198 0.001344 0.001491 0.001637 0.001777 0.001908 0.002027 0.002129 0.002212 0.002274 0.002311 0.002324 0.002311 0.002274 0.002212 0.002129 0.002027 0.001908 0.001777 0.001637 0.001491 0.001344 0.001198 0.001057 0.000922 0.000795 0.000678 0.000573 0.000478 0.000395 0.000323 0.000261 0.000208 0.000165 0.000129 0.000100 0.000076 0.000058 0.000043 0.000032 0.000024 0.000017 0.000012 0.000009 0.000006 0.000004 0.000003 0.000002 0.000001 0.000001 0.000001 0.000000 0.000000 0.000000 0.000000 0.000000 0.000000 0.000000 0.000000 0.000000 0.000000 
0.000000 0.000000 0.000000 0.000000 0.000000 0.000000 0.000000 0.000000 0.000000 0.000000 0.000001 0.000001 0.000001 0.000002 0.000003 0.000005 0.000007 0.000010 0.000014 0.000020 0.000027 0.000038 0.000051 0.000069 0.000092 0.000122 0.000159 0.000205 0.000263 0.000332 0.000415 0.000514 0.000628 0.000761 0.000911 0.001079 0.001264 0.001465 0.001680 0.001905 0.002136 0.002370 0.002601 0.002823 0.003031 0.003219 0.003382 0.003514 0.003611 0.003671 0.003691 0.003671 0.003611 0.003514 0.003382 0.003219 0.003031 0.002823 0.002601 0.002370 0.002136 0.001905 0.001680 0.001465 0.001264 0.001079 0.000911 0.000761 0.000628 0.000514 0.000415 0.000332 0.000263 0.000205 0.000159 0.000122 0.000092 0.000069 0.000051 0.000038 0.000027 0.000020 0.000014 0.000010 0.000007 0.000005 0.000003 0.000002 0.000001 0.000001 0.000001 0.000000 0.000000 0.000000 0.000000 0.000000 0.000000 0.000000 0.000000 0.000000 
0.000000 0.000000 0.000000 0.000000 0.000000 0.000000 0.000000 0.000000 0.000000 0.000001 0.000001 0.000002 0.000002 0.000003 0.000005 0.000007 0.000011 0.000016 0.000022 0.000031 0.000044 0.000060 0.000082 0.000110 0.000147 0.000194 0.000254 0.000328 0.000418 0.000529 0.000661 0.000818 0.001000 0.001211 0.001450 0.001717 0.002011 0.002330 0.002671 0.003028 0.003396 0.003768 0.004135 0.004488 0.004818 0.005116 0.005374 0.005584 0.005739 0.005833 0.005865 0.005833 0.005739 0.005584 0.005374 0.005116 0.004818 0.004488 0.004135 0.003768 0.003396 0.003028 0.002671 0.002330 0.002011 0.001717 0.001450 0.001211 0.001000 0.000818 0.000661 0.000529 0.000418 0.000328 0.000254 0.000194 0.000147 0.000110 0.000082 0.000060 0.000044 0.000031 0.000022 0.000016 0.000011 0.000007 0.000005 0.000003 0.000002 0.000002 0.000001 0.000001 0.000000 0.000000 0.000000 0.000000 0.000000 0.000000 0.000000 0.000000 
0.000000 0.000000 0.000000 0.000000 0.000000 0.000000 0.000000 0.000000 0.000001 0.000001 0.000002 0.000002 0.000004 0.000005 0.000008 0.000012 0.000017 0.000025 0.000035 0.000050 0.000069 0.000095 0.000130 0.000175 0.000233 0.000308 0.000402 0.000519 0.000662 0.000837 0.001046 0.001294 0.001582 0.001915 0.002292 0.002714 0.003179 0.003683 0.004221 0.004785 0.005365 0.005952 0.006530 0.007087 0.007608 0.008079 0.008486 0.008817 0.009061 0.009210 0.009261 0.009210 0.009061 0.008817 0.008486 0.008079 0.007608 0.007087 0.006530 0.005952 0.005365 0.004785 0.004221 0.003683 0.003179 0.002714 0.002292 0.001915 0.001582 0.001294 0.001046 0.000837 0.000662 0.000519 0.000402 0.000308 0.000233 0.000175 0.000130 0.000095 0.000069 0.000050 0.000035 0.000025 0.000017 0.000012 0.000008 0.000005 0.000004 0.000002 0.000002 0.000001 0.000001 0.000000 0.000000 0.000000 0.000000 0.000000 0.000000 0.000000 
0.000000 0.000000 0.000000 0.000000 0.000000 0.000000 0.000000 0.000001 0.000001 0.000002 0.000002 0.000004 0.000006 0.000009 0.000013 0.000019 0.000027 0.000039 0.000056 0.000078 0.000109 0.000150 0.000204 0.000275 0.000366 0.000483 0.000630 0.000814 0.001039 0.001313 0.001640 0.002028 0.002480 0.003001 0.003591 0.004252 0.004979 0.005768 0.006609 0.007492 0.008401 0.009317 0.010222 0.011093 0.011908 0.012644 0.013281 0.013797 0.014179 0.014413 0.014492 0.014413 0.014179 0.013797 0.013281 0.012644 0.011908 0.011093 0.010222 0.009317 0.008401 0.007492 0.006609 0.005768 0.004979 0.004252 0.003591 0.003001 0.002480 0.002028 0.001640 0.001313 0.001039 0.000814 0.000630 0.000483 0.000366 0.000275 0.000204 0.000150 0.000109 0.000078 0.000056 0.000039 0.000027 0.000019 0.000013 0.000009 0.000006 0.000004 0.000002 0.000002 0.000001 0.000001 0.000000 0.000000 0.000000 0.000000 0.000000 0.000000 
0.000000 0.000000 0.000000 0.000000 0.000000 0.000000 0.000001 0.000001 0.000002 0.000003 0.000004 0.000006 0.000009 0.000013 0.000020 0.000029 0.000042 0.000061 0.000087 0.000122 0.000169 0.000233 0.000317 0.000427 0.000570 0.000751 0.000980 0.001264 0.001614 0.002039 0.002547 0.003148 0.003850 0.004657 0.005572 0.006596 0.007723 0.008945 0.010249 0.011617 0.013024 0.014444 0.015845 0.017194 0.018456 0.019596 0.020581 0.021381 0.021972 0.022334 0.022456 0.022334 0.021972 0.021381 0.020581 0.019596 0.018456 0.017194 0.015845 0.014444 0.013024 0.011617 0.010249 0.008945 0.007723 0.006596 0.005572 0.004657 0.003850 0.003148 0.002547 0.002039 0.001614 0.001264 0.000980 0.000751 0.000570 0.000427 0.000317 0.000233 0.000169 0.000122 0.000087 0.000061 0.000042 0.000029 0.000020 0.000013 0.000009 0.000006 0.000004 0.000003 0.000002 0.000001 0.000001 0.000000 0.000000 0.000000 0.000000 0.000000 
0.000000 0.000000 0.000000 0.000000 0.000000 0.000001 0.000001 0.000002 0.000002 0.000004 0.000006 0.000009 0.000014 0.000021 0.000031 0.000045 0.000065 0.000094 0.000133 0.000188 0.000261 0.000359 0.000488 0.000658 0.000877 0.001155 0.001507 0.001944 0.002482 0.003134 0.003915 0.004838 0.005915 0.007153 0.008558 0.010128 0.011858 0.013733 0.015733 0.017830 0.019988 0.022165 0.024313 0.026381 0.028315 0.030063 0.031572 0.032799 0.033704 0.034259 0.034446 0.034259 0.033704 0.032799 0.031572 0.030063 0.028315 0.026381 0.024313 0.022165 0.019988 0.017830 0.015733 0.013733 0.011858 0.010128 0.008558 0.007153 0.005915 0.004838 0.003915 0.003134 0.002482 0.001944 0.001507 0.001155 0.000877 0.000658 0.000488 0.000359 0.000261 0.000188 0.000133 0.000094 0.000065 0.000045 0.000031 0.000021 0.000014 0.000009 0.000006 0.000004 0.000002 0.000002 0.000001 0.000001 0.000000 0.000000 0.000000 0.000000 
0.000000 0.000000 0.000000 0.000000 0.000001 0.000001 0.000002 0.000002 0.000004 0.000006 0.000009 0.000014 0.000021 0.000032 0.000047 0.000069 0.000100 0.000143 0.000204 0.000286 0.000398 0.000547 0.000744 0.001002 0.001335 0.001760 0.002294 0.002959 0.003777 0.004768 0.005955 0.007358 0.008994 0.010875 0.013009 0.015394 0.018020 0.020867 0.023903 0.027086 0.030361 0.033665 0.036925 0.040063 0.042998 0.045649 0.047939 0.049800 0.051173 0.052015 0.052299 0.052015 0.051173 0.049800 0.047939 0.045649 0.042998 0.040063 0.036925 0.033665 0.030361 0.027086 0.023903 0.020867 0.018020 0.015394 0.013009 0.010875 0.008994 0.007358 0.005955 0.004768 0.003777 0.002959 0.002294 0.001760 0.001335 0.001002 0.000744 0.000547 0.000398 0.000286 0.000204 0.000143 0.000100 0.000069 0.000047 0.000032 0.000021 0.000014 0.000009 0.000006 0.000004 0.000002 0.000002 0.000001 0.000001 0.000000 0.000000 0.000000 
0.000000 0.000000 0.000000 0.000001 0.000001 0.000001 0.000002 0.000004 0.000006 0.000009 0.000014 0.000021 0.000032 0.000048 0.000071 0.000104 0.000151 0.000216 0.000307 0.000432 0.000600 0.000825 0.001123 0.001511 0.002012 0.002652 0.003457 0.004458 0.005688 0.007179 0.008965 0.011075 0.013535 0.016364 0.019572 0.023157 0.027103 0.031381 0.035943 0.040724 0.045644 0.050606 0.055502 0.060215 0.064623 0.068603 0.072042 0.074836 0.076898 0.078162 0.078588 0.078162 0.076898 0.074836 0.072042 0.068603 0.064623 0.060215 0.055502 0.050606 0.045644 0.040724 0.035943 0.031381 0.027103 0.023157 0.019572 0.016364 0.013535 0.011075 0.008965 0.007179 0.005688 0.004458 0.003457 0.002652 0.002012 0.001511 0.001123 0.000825 0.000600 0.000432 0.000307 0.000216 0.000151 0.000104 0.000071 0.000048 0.000032 0.000021 0.000014 0.000009 0.000006 0.000004 0.000002 0.000001 0.000001 0.000001 0.000001 0.000001 
0.000000 0.000000 0.000001 0.000001 0.000001 0.000002 0.000003 0.000005 0.000009 0.000013 0.000021 0.000032 0.000048 0.000072 0.000106 0.000156 0.000225 0.000323 0.000459 0.000645 0.000896 0.001232 0.001675 0.002255 0.003002 0.003955 0.005154 0.006646 0.008477 0.010699 0.013357 0.016498 0.020159 0.024369 0.029141 0.034473 0.040344 0.046706 0.053489 0.060598 0.067912 0.075289 0.082567 0.089571 0.096122 0.102038 0.107148 0.111300 0.114364 0.116242 0.116875 0.116242 0.114364 0.111300 0.107148 0.102038 0.096122 0.089571 0.082567 0.075289 0.067912 0.060598 0.053489 0.046706 0.040344 0.034473 0.029141 0.024369 0.020159 0.016498 0.013357 0.010699 0.008477 0.006646 0.005154 0.003955 0.003002 0.002255 0.001675 0.001232 0.000896 0.000645 0.000459 0.000323 0.000225 0.000156 0.000106 0.000072 0.000048 0.000032 0.000021 0.000013 0.000009 0.000005 0.000003 0.000002 0.000001 0.000001 0.000001 0.000001 
0.000001 0.000001 0.000001 0.000001 0.000002 0.000003 0.000005 0.000008 0.000013 0.000020 0.000031 0.000047 0.000071 0.000106 0.000157 0.000230 0.000334 0.000478 0.000679 0.000953 0.001324 0.001820 0.002474 0.003329 0.004432 0.005837 0.007605 0.009804 0.012504 0.015777 0.019694 0.024321 0.029714 0.035912 0.042939 0.050790 0.059431 0.068794 0.078777 0.089238 0.100000 0.110853 0.121559 0.131863 0.141499 0.150200 0.157717 0.163822 0.168328 0.171091 0.172022 0.171091 0.168328 0.163822 0.157717 0.150200 0.141499 0.131863 0.121559 0.110853 0.100000 0.089238 0.078777 0.068794 0.059431 0.050790 0.042939 0.035912 0.029714 0.024321 0.019694 0.015777 0.012504 0.009804 0.007605 0.005837 0.004432 0.003329 0.002474 0.001820 0.001324 0.000953 0.000679 0.000478 0.000334 0.000230 0.000157 0.000106 0.000071 0.000047 0.000031 0.000020 0.000013 0.000008 0.000005 0.000003 0.000002 0.000001 0.000001 0.000001 
0.000001 0.000001 0.000001 0.000002 0.000003 0.000005 0.000007 0.000012 0.000019 0.000029 0.000045 0.000069 0.000104 0.000156 0.000230 0.000337 0.000488 0.000700 0.000993 0.001394 0.001936 0.002660 0.003616 0.004864 0.006474 0.008525 0.011105 0.014313 0.018251 0.023025 0.028737 0.035482 0.043342 0.052376 0.062615 0.074053 0.086641 0.100280 0.114820 0.130054 0.145725 0.161527 0.177115 0.192115 0.206142 0.218808 0.229749 0.238637 0.245195 0.249216 0.250571 0.249216 0.245195 0.238637 0.229749 0.218808 0.206142 0.192115 0.177115 0.161527 0.145725 0.130054 0.114820 0.100280 0.086641 0.074053 0.062615 0.052376 0.043342 0.035482 0.028737 0.023025 0.018251 0.014313 0.011105 0.008525 0.006474 0.004864 0.003616 0.002660 0.001936 0.001394 0.000993 0.000700 0.000488 0.000337 0.000230 0.000156 0.000104 0.000069 0.000045 0.000029 0.000019 0.000012 0.000008 0.000005 0.000003 0.000002 0.000002 0.000002 
0.000001 0.000001 0.000002 0.000003 0.000004 0.000007 0.000011 0.000017 0.000027 0.000042 0.000065 0.000100 0.000151 0.000225 0.000334 0.000488 0.000707 0.001014 0.001438 0.002017 0.002801 0.003848 0.005230 0.007034 0.009359 0.012320 0.016047 0.020679 0.026363 0.033252 0.041494 0.051225 0.062563 0.075593 0.090358 0.106851 0.124998 0.144660 0.165616 0.187572 0.210155 0.232925 0.255386 0.276998 0.297206 0.315453 0.331214 0.344016 0.353463 0.359255 0.361207 0.359255 0.353463 0.344016 0.331214 0.315453 0.297206 0.276998 0.255386 0.232925 0.210155 0.187572 0.165616 0.144660 0.124998 0.106851 0.090358 0.075593 0.062563 0.051225 0.041494 0.033252 0.026363 0.020679 0.016047 0.012320 0.009359 0.007034 0.005230 0.003848 0.002801 0.002017 0.001438 0.001014 0.000707 0.000488 0.000334 0.000225 0.000151 0.000100 0.000065 0.000042 0.000027 0.000017 0.000011 0.000007 0.000004 0.000003 0.000002 0.000002 
0.000002 0.000002 0.000003 0.000004 0.000006 0.000010 0.000016 0.000025 0.000039 0.000061 0.000094 0.000143 0.000216 0.000323 0.000478 0.000700 0.001014 0.001452 0.002059 0.002889 0.004010 0.005508 0.007485 0.010064 0.013388 0.017621 0.022946 0.029563 0.037683 0.047522 0.059291 0.073184 0.089369 0.107966 0.129038 0.152571 0.178463 0.206511 0.236404 0.267719 0.299926 0.332398 0.364425 0.395241 0.424052 0.450067 0.472537 0.490787 0.504254 0.512511 0.515293 0.512511 0.504254 0.490787 0.472537 0.450067 0.424052 0.395241 0.364425 0.332398 0.299926 0.267719 0.236404 0.206511 0.178463 0.152571 0.129038 0.107966 0.089369 0.073184 0.059291 0.047522 0.037683 0.029563 0.022946 0.017621 0.013388 0.010064 0.007485 0.005508 0.004010 0.002889 0.002059 0.001452 0.001014 0.000700 0.000478 0.000323 0.000216 0.000143 0.000094 0.000061 0.000039 0.000025 0.000016 0.000010 0.000006 0.000004 0.000004 0.000004 
0.000003 0.000003 0.000004 0.000006 0.000009 0.000014 0.000022 0.000035 0.000056 0.000087 0.000133 0.000204 0.000307 0.000459 0.000679 0.000993 0.001438 0.002059 0.002919 0.004094 0.005682 0.007801 0.010599 0.014248 0.018951 0.024938 0.032468 0.041823 0.053302 0.067207 0.083837 0.103466 0.126330 0.152597 0.182356 0.215586 0.252144 0.291741 0.333938 0.378139 0.423594 0.469419 0.514614 0.558098 0.598749 0.635455 0.667156 0.692904 0.711903 0.723551 0.727476 0.723551 0.711903 0.692904 0.667156 0.635455 0.598749 0.558098 0.514614 0.469419 0.423594 0.378139 0.333938 0.291741 0.252144 0.215586 0.182356 0.152597 0.126330 0.103466 0.083837 0.067207 0.053302 0.041823 0.032468 0.024938 0.018951 0.014248 0.010599 0.007801 0.005682 0.004094 0.002919 0.002059 0.001438 0.000993 0.000679 0.000459 0.000307 0.000204 0.000133 0.000087 0.000056 0.000035 0.000022 0.000014 0.000009 0.000006 0.000005 0.000005 
0.000004 0.000004 0.000005 0.000008 0.000012 0.000020 0.000031 0.000050 0.000078 0.000122 0.000188 0.000286 0.000432 0.000645 0.000953 0.001394 0.002017 0.002889 0.004094 0.005741 0.007965 0.010934 0.014852 0.019961 0.026544 0.034923 0.045460 0.058549 0.074605 0.094052 0.117306 0.144751 0.176712 0.213427 0.255016 0.301452 0.352531 0.407851 0.466798 0.528538 0.592025 0.656024 0.719138 0.779858 0.836621 0.887872 0.932134 0.968082 0.994607 1.010869 1.016349 1.010869 0.994607 0.968082 0.932134 0.887872 0.836621 0.779858 0.719138 0.656024 0.592025 0.528538 0.466798 0.407851 0.352531 0.301452 0.255016 0.213427 0.176712 0.144751 0.117306 0.094052 0.074605 0.058549 0.045460 0.034923 0.026544 0.019961 0.014852 0.010934 0.007965 0.005741 0.004094 0.002889 0.002017 0.001394 0.000953 0.000645 0.000432 0.000286 0.000188 0.000122 0.000078 0.000050 0.000032 0.000020 0.000013 0.000009 0.000007 0.000007 
0.000006 0.000006 0.000007 0.000011 0.000017 0.000027 0.000044 0.000069 0.000109 0.000169 0.000261 0.000398 0.000600 0.000896 0.001324 0.001936 0.002801 0.004010 0.005682 0.007965 0.011048 0.015164 0.020594 0.027672 0.036790 0.048394 0.062985 0.081105 0.103328 0.130243 0.162421 0.200392 0.244604 0.295387 0.352904 0.417117 0.487742 0.564224 0.645711 0.731052 0.818802 0.907252 0.994473 1.078381 1.156817 1.227632 1.288789 1.338457 1.375104 1.397573 1.405144 1.397573 1.375104 1.338457 1.288789 1.227632 1.156817 1.078381 0.994473 0.907252 0.818802 0.731052 0.645711 0.564224 0.487742 0.417117 0.352904 0.295387 0.244604 0.200392 0.162421 0.130243 0.103328 0.081105 0.062985 0.048394 0.036790 0.027672 0.020594 0.015164 0.011048 0.007965 0.005682 0.004010 0.002801 0.001936 0.001324 0.000896 0.000600 0.000398 0.000261 0.000169 0.000109 0.000069 0.000044 0.000028 0.000018 0.000012 0.000010 0.000010 
0.000008 0.000008 0.000010 0.000015 0.000024 0.000038 0.000060 0.000095 0.000150 0.000233 0.000359 0.000547 0.000825 0.001232 0.001820 0.002660 0.003848 0.005508 0.007801 0.010934 0.015164 0.020809 0.028253 0.037957 0.050454 0.066357 0.086348 0.111171 0.141611 0.178469 0.222530 0.274515 0.335037 0.404544 0.483260 0.571127 0.667760 0.772395 0.883869 1.000604 1.120624 1.241593 1.360874 1.475619 1.582874 1.679703 1.763324 1.831235 1.881340 1.912060 1.922411 1.912060 1.881340 1.831235 1.763324 1.679703 1.582874 1.475619 1.360874 1.241593 1.120624 1.000604 0.883869 0.772395 0.667760 0.571127 0.483260 0.404544 0.335037 0.274515 0.222530 0.178469 0.141611 0.111171 0.086348 0.066357 0.050454 0.037957 0.028253 0.020809 0.015164 0.010934 0.007801 0.005508 0.003848 0.002660 0.001820 0.001232 0.000825 0.000547 0.000359 0.000233 0.000150 0.000095 0.000060 0.000038 0.000025 0.000017 0.000014 0.000014 
0.000011 0.000011 0.000014 0.000021 0.000032 0.000051 0.000082 0.000130 0.000204 0.000317 0.000488 0.000744 0.001123 0.001675 0.002474 0.003616 0.005230 0.007485 0.010599 0.014852 0.020594 0.028253 0.038354 0.051517 0.068467 0.090031 0.117135 0.150783 0.192040 0.241988 0.301687 0.372114 0.454096 0.548236 0.654836 0.773818 0.904654 1.046312 1.197214 1.355226 1.517672 1.681391 1.842815 1.998092 2.143225 2.274247 2.387392 2.479277 2.547070 2.588633 2.602638 2.588633 2.547070 2.479277 2.387392 2.274247 2.143225 1.998092 1.842815 1.681391 1.517672 1.355226 1.197214 1.046312 0.904654 0.773818 0.654836 0.548236 0.454096 0.372114 0.301687 0.241988 0.192040 0.150783 0.117135 0.090031 0.068467 0.051517 0.038354 0.028253 0.020594 0.014852 0.010599 0.007485 0.005230 0.003616 0.002474 0.001675 0.001123 0.000744 0.000488 0.000317 0.000204 0.000130 0.000082 0.000052 0.000034 0.000023 0.000018 0.000018 
0.000015 0.000015 0.000019 0.000028 0.000043 0.000069 0.000110 0.000175 0.000275 0.000427 0.000658 0.001002 0.001511 0.002255 0.003329 0.004864 0.007034 0.010064 0.014248 0.019961 0.027672 0.037957 0.051517 0.069185 0.091931 0.120865 0.157226 0.202360 0.257689 0.324666 0.404706 0.499118 0.609006 0.735175 0.878027 1.037455 1.212749 1.402525 1.604666 1.816315 2.033888 2.253150 2.469327 2.677259 2.871600 3.047037 3.198532 3.321558 3.412325 3.467973 3.486724 3.467973 3.412325 3.321558 3.198532 3.047037 2.871600 2.677259 2.469327 2.253150 2.033888 1.816315 1.604666 1.402525 1.212749 1.037455 0.878027 0.735175 0.609006 0.499118 0.404706 0.324666 0.257689 0.202360 0.157226 0.120865 0.091931 0.069185 0.051517 0.037957 0.027672 0.019961 0.014248 0.010064 0.007034 0.004864 0.003329 0.002255 0.001511 0.001002 0.000658 0.000427 0.000275 0.000175 0.000111 0.000070 0.000046 0.000031 0.000025 0.000025 
0.000020 0.000020 0.000025 0.000037 0.000058 0.000092 0.000147 0.000233 0.000366 0.000570 0.000877 0.001335 0.002012 0.003002 0.004432 0.006474 0.009359 0.013388 0.018951 0.026544 0.036790 0.050454 0.068467 0.091931 0.122135 0.160550 0.208816 0.268718 0.342142 0.431010 0.537197 0.662434 0.808182 0.975506 1.164933 1.376317 1.608718 1.860294 2.128242 2.408769 2.697128 2.987708 3.274182 3.549716 3.807228 4.039684 4.240409 4.403410 4.523666 4.597394 4.622236 4.597394 4.523666 4.403410 4.240409 4.039684 3.807228 3.549716 3.274182 2.987708 2.697128 2.408769 2.128242 1.860294 1.608718 1.376317 1.164933 0.975506 0.808182 0.662434 0.537197 0.431010 0.342142 0.268718 0.208816 0.160550 0.122135 0.091931 0.068467 0.050454 0.036790 0.026544 0.018951 0.013388 0.009359 0.006474 0.004432 0.003002 0.002012 0.001335 0.000877 0.000570 0.000367 0.000234 0.000148 0.000094 0.000061 0.000042 0.000033 0.000033 
0.000026 0.000026 0.000033 0.000049 0.000076 0.000122 0.000194 0.000308 0.000483 0.000751 0.001155 0.001760 0.002652 0.003955 0.005837 0.008525 0.012320 0.017621 0.024938 0.034923 0.048394 0.066357 0.090031 0.120865 0.160550 0.211013 0.274409 0.353077 0.449488 0.566162 0.705558 0.869939 1.061220 1.280794 1.529346 1.806683 2.111564 2.441572 2.793028 3.160956 3.539131 3.920194 4.295851 4.657146 4.994794 5.299577 5.562749 5.776454 5.934117 6.030775 6.063344 6.030775 5.934117 5.776454 5.562749 5.299577 4.994794 4.657146 4.295851 3.920194 3.539131 3.160956 2.793028 2.441572 2.111564 1.806683 1.529346 1.280794 1.061220 0.869939 0.705558 0.566162 0.449488 0.353077 0.274409 0.211013 0.160550 0.120865 0.090031 0.066357 0.048394 0.034923 0.024938 0.017621 0.012320 0.008525 0.005837 0.003955 0.002652 0.001760 0.001156 0.000751 0.000484 0.000308 0.000196 0.000124 0.000080 0.000055 0.000044 0.000044 
0.000034 0.000034 0.000043 0.000064 0.000100 0.000159 0.000254 0.000402 0.000630 0.000980 0.001507 0.002294 0.003457 0.005154 0.007605 0.011105 0.016047 0.022946 0.032468 0.045460 0.062985 0.086348 0.117135 0.157226 0.208816 0.274409 0.356799 0.459022 0.584285 0.735855 0.916918 1.130411 1.378814 1.663926 1.986634 2.346680 2.742450 3.170802 3.626957 4.104457 4.595225 5.089711 5.577156 6.045941 6.484027 6.879457 7.220890 7.498140 7.702679 7.828075 7.870326 7.828075 7.702679 7.498140 7.220890 6.879457 6.484027 6.045941 5.577156 5.089711 4.595225 4.104457 3.626957 3.170802 2.742450 2.346680 1.986634 1.663926 1.378814 1.130411 0.916918 0.735855 0.584285 0.459022 0.356799 0.274409 0.208816 0.157226 0.117135 0.086348 0.062985 0.045460 0.032468 0.022946 0.016047 0.011105 0.007605 0.005154 0.003457 0.002294 0.001507 0.000980 0.000631 0.000403 0.000255 0.000162 0.000105 0.000072 0.000057 0.000057 
0.000044 0.000044 0.000056 0.000082 0.000129 0.000205 0.000328 0.000519 0.000814 0.001264 0.001944 0.002959 0.004458 0.006646 0.009804 0.014313 0.020679 0.029563 0.041823 0.058549 0.081105 0.111171 0.150783 0.202360 0.268718 0.353077 0.459022 0.590454 0.751487 0.946314 1.179026 1.453386 1.772573 2.138893 2.553477 3.015988 3.524344 4.074509 4.660338 5.273540 5.903739 6.538677 7.164541 7.766419 8.328861 8.836520 9.274845 9.630764 9.893336 10.054308 10.108546 10.054308 9.893336 9.630764 9.274845 8.836520 8.328861 7.766419 7.164541 6.538677 5.903739 5.273540 4.660338 4.074509 3.524344 3.015988 2.553477 2.138893 1.772573 1.453386 1.179026 0.946314 0.751487 0.590454 0.459022 0.353077 0.268718 0.202360 0.150783 0.111171 0.081105 0.058549 0.041823 0.029563 0.020679 0.014313 0.009804 0.006646 0.004458 0.002960 0.001945 0.001265 0.000814 0.000520 0.000330 0.000209 0.000135 0.000093 0.000074 0.000074 
0.000057 0.000057 0.000072 0.000105 0.000165 0.000263 0.000418 0.000662 0.001039 0.001614 0.002482 0.003777 0.005688 0.008477 0.012504 0.018251 0.026363 0.037683 0.053302 0.074605 0.103328 0.141611 0.192040 0.257689 0.342142 0.449488 0.584285 0.751487 0.956321 1.204111 1.500050 1.848916 2.254740 2.720444 3.247458 3.835342 4.481449 5.180638 5.925100 6.704294 7.505039 8.311761 9.106916 9.871563 10.586080 11.230982 11.787789 12.239907 12.573442 12.777916 12.846812 12.777916 12.573442 12.239907 11.787789 11.230982 10.586080 9.871563 9.106916 8.311761 7.505039 6.704294 5.925100 5.180638 4.481449 3.835342 3.247458 2.720444 2.254740 1.848916 1.500050 1.204111 0.956321 0.751487 0.584285 0.449488 0.342142 0.257689 0.192040 0.141611 0.103328 0.074605 0.053302 0.037683 0.026363 0.018251 0.012504 0.008477 0.005688 0.003777 0.002482 0.001615 0.001040 0.000664 0.000421 0.000267 0.000173 0.000119 0.000095 0.000095 
0.000072 0.000072 0.000091 0.000133 0.000208 0.000332 0.000529 0.000837 0.001313 0.002039 0.003134 0.004768 0.007179 0.010699 0.015777 0.023025 0.033252 0.047522 0.067207 0.094052 0.130243 0.178469 0.241988 0.324666 0.431010 0.566162 0.735855 0.946314 1.204111 1.515936 1.888311 2.327236 2.837774 3.423587 4.086463 4.825841 5.638380 6.517611 7.453709 8.433419 9.440166 10.454375 11.453995 12.415222 13.313399 14.124041 14.823929 15.392214 15.811441 16.068447 16.155042 16.068447 15.811441 15.392214 14.823929 14.124041 13.313399 12.415222 11.453995 10.454375 9.440166 8.433419 7.453709 6.517611 5.638380 4.825841 4.086463 3.423587 2.837774 2.327236 1.888311 1.515936 1.204111 0.946314 0.735855 0.566162 0.431010 0.324666 0.241988 0.178469 0.130243 0.094052 0.067207 0.047522 0.033252 0.023025 0.015777 0.010699 0.007180 0.004768 0.003134 0.002039 0.001314 0.000839 0.000532 0.000338 0.000219 0.000151 0.000120 0.000120 
0.000090 0.000090 0.000114 0.000167 0.000261 0.000415 0.000661 0.001046 0.001640 0.002547 0.003915 0.005955 0.008965 0.013357 0.019694 0.028737 0.041494 0.059291 0.083837 0.117306 0.162421 0.222530 0.301687 0.404706 0.537197 0.705558 0.916918 1.179026 1.500050 1.888311 2.351916 2.898322 3.533815 4.262943 5.087916 6.008026 7.019103 8.113092 9.277763 10.496621 11.749049 13.010696 14.254138 15.449774 16.566947 17.575210 18.445699 19.152491 19.673888 19.993526 20.101223 19.993526 19.673888 19.152491 18.445699 17.575210 16.566947 15.449774 14.254138 13.010696 11.749049 10.496621 9.277763 8.113092 7.019103 6.008026 5.087916 4.262943 3.533815 2.898322 2.351916 1.888311 1.500050 1.179026 0.916918 0.705558 0.537197 0.404706 0.301687 0.222530 0.162421 0.117306 0.083837 0.059291 0.041494 0.028737 0.019694 0.013357 0.008965 0.005955 0.003915 0.002548 0.001642 0.001049 0.000666 0.000423 0.000274 0.000189 0.000150 0.000150 
0.000111 0.000111 0.000141 0.000207 0.000323 0.000514 0.000818 0.001294 0.002028 0.003148 0.004838 0.007358 0.011075 0.016498 0.024321 0.035482 0.051225 0.073184 0.103466 0.144751 0.200392 0.274515 0.372114 0.499118 0.662434 0.869939 1.130411 1.453386 1.848916 2.327236 2.898322 3.571340 4.354019 5.251941 6.267817 7.400757 8.645618 9.992473 11.426257 12.926665 14.468315 16.021240 17.551691 19.023247 20.398186 21.639051 22.710333 23.580141 24.221786 24.615136 24.747669 24.615136 24.221786 23.580141 22.710333 21.639051 20.398186 19.023247 17.551691 16.021240 14.468315 12.926665 11.426257 9.992473 8.645618 7.400757 6.267817 5.251941 4.354019 3.571340 2.898322 2.327236 1.848916 1.453386 1.130411 0.869939 0.662434 0.499118 0.372114 0.274515 0.200392 0.144751 0.103466 0.073184 0.051225 0.035482 0.024321 0.016498 0.011076 0.007358 0.004839 0.003149 0.002030 0.001297 0.000823 0.000523 0.000339 0.000234 0.000186 0.000186 
0.000136 0.000136 0.000172 0.000253 0.000395 0.000628 0.001000 0.001582 0.002480 0.003850 0.005915 0.008994 0.013535 0.020159 0.029714 0.043342 0.062563 0.089369 0.126330 0.176712 0.244604 0.335037 0.454096 0.609006 0.808182 1.061220 1.378814 1.772573 2.254740 2.837774 3.533815 4.354019 5.307783 6.401894 7.639635 9.019907 10.536431 12.177104 13.923568 15.751084 17.628742 19.520047 21.383905 23.175973 24.850326 26.361370 27.665875 28.725027 29.506336 29.985301 30.146680 29.985301 29.506336 28.725027 27.665875 26.361370 24.850326 23.175973 21.383905 19.520047 17.628742 15.751084 13.923568 12.177104 10.536431 9.019907 7.639635 6.401894 5.307783 4.354019 3.533815 2.837774 2.254740 1.772573 1.378814 1.061220 0.808182 0.609006 0.454096 0.335037 0.244604 0.176712 0.126330 0.089369 0.062563 0.043342 0.029714 0.020159 0.013536 0.008994 0.005915 0.003851 0.002483 0.001586 0.001007 0.000640 0.000415 0.000286 0.000228 0.000228 
0.000165 0.000165 0.000209 0.000306 0.000478 0.000761 0.001211 0.001915 0.003001 0.004657 0.007153 0.010875 0.016364 0.024369 0.035912 0.052376 0.075593 0.107966 0.152597 0.213427 0.295387 0.404544 0.548236 0.735175 0.975506 1.280794 1.663926 2.138893 2.720444 3.423587 4.262943 5.251941 6.401894 7.720961 9.213082 10.876913 12.704871 14.682353 16.787228 18.989677 21.252447 23.531567 25.777525 27.936902 29.954377 31.775028 33.346789 34.622908 35.564257 36.141326 36.335758 36.141326 35.564257 34.622908 33.346789 31.775028 29.954377 27.936902 25.777525 23.531567 21.252447 18.989677 16.787228 14.682353 12.704871 10.876913 9.213082 7.720961 6.401894 5.251941 4.262943 3.423587 2.720444 2.138893 1.663926 1.280794 0.975506 0.735175 0.548236 0.404544 0.295387 0.213427 0.152597 0.107966 0.075593 0.052376 0.035913 0.024369 0.016364 0.010876 0.007154 0.004658 0.003003 0.001919 0.001219 0.000775 0.000502 0.000347 0.000276 0.000276 
0.000198 0.000198 0.000250 0.000367 0.000573 0.000911 0.001450 0.002292 0.003591 0.005572 0.008558 0.013009 0.019572 0.029141 0.042939 0.062615 0.090358 0.129038 0.182356 0.255016 0.352904 0.483260 0.654836 0.878027 1.164933 1.529346 1.986634 2.553477 3.247458 4.086463 5.087916 6.267817 7.639635 9.213082 10.992833 12.977268 15.157323 17.515571 20.025610 22.651877 25.349954 28.067416 30.745242 33.319755 35.725017 37.895572 39.769365 41.290680 42.412889 43.100823 43.332609 43.100823 42.412889 41.290680 39.769365 37.895572 35.725017 33.319755 30.745242 28.067416 25.349954 22.651877 20.025610 17.515571 15.157323 12.977268 10.992833 9.213082 7.639635 6.267817 5.087916 4.086463 3.247458 2.553477 1.986634 1.529346 1.164933 0.878027 0.654836 0.483260 0.352904 0.255016 0.182356 0.129038 0.090358 0.062615 0.042939 0.029141 0.019572 0.013010 0.008559 0.005574 0.003594 0.002298 0.001459 0.000928 0.000601 0.000415 0.000331 0.000331 
0.000234 0.000234 0.000297 0.000435 0.000678 0.001079 0.001717 0.002714 0.004252 0.006596 0.010128 0.015394 0.023157 0.034473 0.050790 0.074053 0.106851 0.152571 0.215586 0.301452 0.417117 0.571127 0.773818 1.037455 1.376317 1.806683 2.346680 3.015988 3.835342 4.825841 6.008026 7.400757 9.019907 10.876913 12.977268 15.319035 17.891503 20.674091 23.635637 26.734178 29.917310 33.123190 36.282202 39.319245 42.156555 44.716939 46.927222 48.721703 50.045400 50.856843 51.130242 50.856843 50.045400 48.721703 46.927222 44.716939 42.156555 39.319245 36.282202 33.123190 29.917310 26.734178 23.635637 20.674091 17.891503 15.319035 12.977268 10.876913 9.019907 7.400757 6.008026 4.825841 3.835342 3.015988 2.346680 1.806683 1.376317 1.037455 0.773818 0.571127 0.417117 0.301452 0.215586 0.152571 0.106851 0.074053 0.050790 0.034474 0.023157 0.015395 0.010130 0.006598 0.004255 0.002720 0.001728 0.001099 0.000713 0.000492 0.000392 0.000392 
0.000275 0.000275 0.000348 0.000509 0.000795 0.001264 0.002011 0.003179 0.004979 0.007723 0.011858 0.018020 0.027103 0.040344 0.059431 0.086641 0.124998 0.178463 0.252144 0.352531 0.487742 0.667760 0.904654 1.212749 1.608718 2.111564 2.742450 3.524344 4.481449 5.638380 7.019103 8.645618 10.536431 12.704871 15.157323 17.891503 20.894882 24.143417 27.600719 31.217795 34.933472 38.675571 42.362846 45.907653 49.219253 52.207572 54.787229 56.881568 58.426437 59.373455 59.692532 59.373455 58.426437 56.881568 54.787229 52.207572 49.219253 45.907653 42.362846 38.675571 34.933472 31.217795 27.600719 24.143417 20.894882 17.891503 15.157323 12.704871 10.536431 8.645618 7.019103 5.638380 4.481449 3.524344 2.742450 2.111564 1.608718 1.212749 0.904654 0.667760 0.487742 0.352531 0.252144 0.178463 0.124998 0.086641 0.059431 0.040344 0.027104 0.018021 0.011859 0.007725 0.004983 0.003186 0.002025 0.001288 0.000835 0.000577 0.000460 0.000460 
0.000319 0.000319 0.000403 0.000591 0.000922 0.001465 0.002330 0.003683 0.005768 0.008945 0.013733 0.020867 0.031381 0.046706 0.068794 0.100280 0.144660 0.206511 0.291741 0.407851 0.564224 0.772395 1.046312 1.402525 1.860294 2.441572 3.170802 4.074509 5.180638 6.517611 8.113092 9.992473 12.177104 14.682353 17.515571 20.674091 24.143417 27.895761 31.889077 36.066772 40.358196 44.679993 48.938347 53.032061 56.856366 60.307272 63.286205 65.704672 67.488613 68.582178 68.950629 68.582178 67.488613 65.704672 63.286205 60.307272 56.856366 53.032061 48.938347 44.679993 40.358196 36.066772 31.889077 27.895761 24.143417 20.674091 17.515571 14.682353 12.177104 9.992473 8.113092 6.517611 5.180638 4.074509 3.170802 2.441572 1.860294 1.402525 1.046312 0.772395 0.564224 0.407851 0.291741 0.206511 0.144660 0.100280 0.068795 0.046706 0.031382 0.020868 0.013735 0.008948 0.005773 0.003692 0.002346 0.001492 0.000968 0.000669 0.000533 0.000533 
0.000366 0.000366 0.000462 0.000677 0.001057 0.001680 0.002671 0.004221 0.006609 0.010249 0.015733 0.023903 0.035943 0.053489 0.078777 0.114820 0.165616 0.236404 0.333938 0.466798 0.645711 0.883869 1.197214 1.604666 2.128242 2.793028 3.626957 4.660338 5.925100 7.453709 9.277763 11.426257 13.923568 16.787228 20.025610 23.635637 27.600719 31.889077 36.452648 41.226754 46.130659 51.069122 55.934955 60.612546 64.982211 68.925155 72.328780 75.092002 77.130227 78.379661 78.800628 78.379661 77.130227 75.092002 72.328780 68.925155 64.982211 60.612546 55.934955 51.069122 46.130659 41.226754 36.452648 31.889077 27.600719 23.635637 20.025610 16.787228 13.923568 11.426257 9.277763 7.453709 5.925100 4.660338 3.626957 2.793028 2.128242 1.604666 1.197214 0.883869 0.645711 0.466798 0.333938 0.236404 0.165616 0.114820 0.078777 0.053489 0.035943 0.023904 0.015735 0.010253 0.006615 0.004231 0.002689 0.001711 0.001110 0.000767 0.000612 0.000612 
0.000415 0.000415 0.000525 0.000768 0.001198 0.001905 0.003028 0.004785 0.007492 0.011617 0.017830 0.027086 0.040724 0.060598 0.089238 0.130054 0.187572 0.267719 0.378139 0.528538 0.731052 1.000604 1.355226 1.816315 2.408769 3.160956 4.104457 5.273540 6.704294 8.433419 10.496621 12.926665 15.751084 18.989677 22.651877 26.734178 31.217795 36.066772 41.226754 46.624603 52.169038 57.752387 63.253483 68.541642 73.481584 77.939039 81.786746 84.910458 87.214572 88.626988 89.102866 88.626988 87.214572 84.910458 81.786746 77.939039 73.481584 68.541642 63.253483 57.752387 52.169038 46.624603 41.226754 36.066772 31.217795 26.734178 22.651877 18.989677 15.751084 12.926665 10.496621 8.433419 6.704294 5.273540 4.104457 3.160956 2.408769 1.816315 1.355226 1.000604 0.731052 0.528538 0.378139 0.267719 0.187572 0.130054 0.089238 0.060598 0.040725 0.027087 0.017832 0.011620 0.007499 0.004797 0.003049 0.001940 0.001259 0.000870 0.000694 0.000694 
0.000465 0.000465 0.000589 0.000862 0.001344 0.002136 0.003396 0.005365 0.008401 0.013024 0.019988 0.030361 0.045644 0.067912 0.100000 0.145725 0.210155 0.299926 0.423594 0.592025 0.818802 1.120624 1.517672 2.033888 2.697128 3.539131 4.595225 5.903739 7.505039 9.440166 11.749049 14.468315 17.628742 21.252447 25.349954 29.917310 34.933472 40.358196 46.130659 52.169038 58.371222 64.616777 70.770180 76.685276 82.210771 87.196512 91.500184 94.994029 97.571141 99.150896 99.683153 99.150896 97.571141 94.994029 91.500184 87.196512 82.210771 76.685276 70.770180 64.616777 58.371222 52.169038 46.130659 40.358196 34.933472 29.917310 25.349954 21.252447 17.628742 14.468315 11.749049 9.440166 7.505039 5.903739 4.595225 3.539131 2.697128 2.033888 1.517672 1.120624 0.818802 0.592025 0.423594 0.299926 0.210155 0.145725 0.100000 0.067912 0.045645 0.030362 0.019990 0.013028 0.008408 0.005379 0.003420 0.002176 0.001412 0.000976 0.000779 0.000779 
0.000517 0.000517 0.000653 0.000956 0.001491 0.002370 0.003768 0.005952 0.009317 0.014444 0.022165 0.033665 0.050606 0.075289 0.110853 0.161527 0.232925 0.332398 0.469419 0.656024 0.907252 1.241593 1.681391 2.253150 2.987708 3.920194 5.089711 6.538677 8.311761 10.454375 13.010696 16.021240 19.520047 23.531567 28.067416 33.123190 38.675571 44.679993 51.069122 57.752387 64.616777 71.529007 78.339106 84.885343 91.000311 96.517864 101.280540 105.146981 107.998905 109.747111 110.336122 109.747111 107.998905 105.146981 101.280540 96.517864 91.000311 84.885343 78.339106 71.529007 64.616777 57.752387 51.069122 44.679993 38.675571 33.123190 28.067416 23.531567 19.520047 16.021240 13.010696 10.454375 8.311761 6.538677 5.089711 3.920194 2.987708 2.253150 1.681391 1.241593 0.907252 0.656024 0.469419 0.332398 0.232925 0.161527 0.110853 0.075289 0.050607 0.033666 0.022167 0.014448 0.009326 0.005966 0.003794 0.002414 0.001567 0.001083 0.000864 0.000864 
0.000567 0.000567 0.000717 0.001050 0.001637 0.002601 0.004135 0.006530 0.010222 0.015845 0.024313 0.036925 0.055502 0.082567 0.121559 0.177115 0.255386 0.364425 0.514614 0.719138 0.994473 1.360874 1.842815 2.469327 3.274182 4.295851 5.577156 7.164541 9.106916 11.453995 14.254138 17.551691 21.383905 25.777525 30.745242 36.282202 42.362846 48.938347 55.934955 63.253483 70.770180 78.339106 85.796059 92.963967 99.659553 105.700924 110.915697 115.149126 118.271724 120.185843 120.830752 120.185843 118.271724 115.149126 110.915697 105.700924 99.659553 92.963967 85.796059 78.339106 70.770180 63.253483 55.934955 48.938347 42.362846 36.282202 30.745242 25.777525 21.383905 17.551691 14.254138 11.453995 9.106916 7.164541 5.577156 4.295851 3.274182 2.469327 1.842815 1.360874 0.994473 0.719138 0.514614 0.364425 0.255386 0.177115 0.121560 0.082567 0.055503 0.036926 0.024316 0.015850 0.010231 0.006546 0.004163 0.002650 0.001720 0.001189 0.000949 0.000949 
