0.000001 0.000001 0.000001 0.000001 0.000001 0.000002 0.000003 0.000004 0.000006 0.000008 0.000012 0.000016 0.000022 0.000031 0.000042 0.000056 0.000075 0.000100 0.000131 0.000172 0.000222 0.000285 0.000363 0.000459 0.000574 0.000713 0.000878 0.001072 0.001297 0.001557 0.001853 0.002187 0.002559 0.002970 0.003417 0.003898 0.004409 0.004946 0.005501 0.006066 0.006632 0.007191 0.007730 0.008239 0.008708 0.009125 0.009481 0.009768 0.009978 0.010106 0.010149 0.010106 0.009978 0.009768 0.009481 0.009125 0.008708 0.008239 0.007730 0.007191 0.006632 0.006066 0.005501 0.004946 0.004409 0.003898 0.003417 0.002970 0.002559 0.002187 0.001853 0.001557 0.001297 0.001072 0.000878 0.000713 0.000574 0.000459 0.000363 0.000285 0.000222 0.000172 0.000131 0.000100 0.000075 0.000056 0.000042 0.000031 0.000022 0.000016 0.000012 0.000008 0.000006 0.000004 0.000003 0.000002 0.000001 0.000001 0.000001 0.000001 
0.000001 0.000001 0.000001 0.000001 0.000001 0.000002 0.000003 0.000004 0.000006 0.000008 0.000012 0.000016 0.000022 0.000031 0.000042 0.000056 0.000075 0.000100 0.000131 0.000172 0.000222 0.000285 0.000363 0.000459 0.000574 0.000713 0.000878 0.001072 0.001297 0.001557 0.001853 0.002187 0.002559 0.002970 0.003417 0.003898 0.004409 0.004946 0.005501 0.006066 0.006632 0.007191 0.007730 0.008239 0.008708 0.009125 0.009481 0.009768 0.009978 0.010106 0.010149 0.010106 0.009978 0.009768 0.009481 0.009125 0.008708 0.008239 0.007730 0.007191 0.006632 0.006066 0.005501 0.004946 0.004409 0.003898 0.003417 0.002970 0.002559 0.002187 0.001853 0.001557 0.001297 0.001072 0.000878 0.000713 0.000574 0.000459 0.000363 0.000285 0.000222 0.000172 0.000131 0.000100 0.000075 0.000056 0.000042 0.000031 0.000022 0.000016 0.000012 0.000008 0.000006 0.000004 0.000003 0.000002 0.000001 0.000001 0.000001 0.000001 
0.000001 0.000001 0.000001 0.000001 0.000002 0.000002 0.000003 0.000005 0.000007 0.000010 0.000013 0.000019 0.000026 0.000036 0.000048 0.000065 0.000087 0.000116 0.000153 0.000200 0.000258 0.000332 0.000422 0.000533 0.000668 0.000829 0.001020 0.001245 0.001507 0.001809 0.002153 0.002540 0.002973 0.003449 0.003968 0.004527 0.005120 0.005743 0.006387 0.007042 0.007700 0.008348 0.008974 0.009565 0.010108 0.010592 0.011005 0.011338 0.011582 0.011730 0.011780 0.011730 0.011582 0.011338 0.011005 0.010592 0.010108 0.009565 0.008974 0.008348 0.007700 0.007042 0.006387 0.005743 0.005120 0.004527 0.003968 0.003449 0.002973 0.002540 0.002153 0.001809 0.001507 0.001245 0.001020 0.000829 0.000668 0.000533 0.000422 0.000332 0.000258 0.000200 0.000153 0.000116 0.000087 0.000065 0.000048 0.000036 0.000026 0.000019 0.000013 0.000010 0.000007 0.000005 0.000003 0.000002 0.000002 0.000001 0.000001 0.000001 
0.000001 0.000001 0.000001 0.000002 0.000002 0.000003 0.000004 0.000006 0.000009 0.000012 0.000017 0.000024 0.000034 0.000046 0.000063 0.000085 0.000114 0.000151 0.000198 0.000259 0.000335 0.000431 0.000548 0.000692 0.000866 0.001075 0.001323 0.001614 0.001954 0.002345 0.002790 0.003292 0.003852 0.004469 0.005140 0.005864 0.006632 0.007437 0.008271 0.009119 0.009970 0.010808 0.011618 0.012383 0.013086 0.013712 0.014247 0.014677 0.014992 0.015185 0.015249 0.015185 0.014992 0.014677 0.014247 0.013712 0.013086 0.012383 0.011618 0.010808 0.009970 0.009119 0.008271 0.007437 0.006632 0.005864 0.005140 0.004469 0.003852 0.003292 0.002790 0.002345 0.001954 0.001614 0.001323 0.001075 0.000866 0.000692 0.000548 0.000431 0.000335 0.000259 0.000198 0.000151 0.000114 0.000085 0.000063 0.000046 0.000034 0.000024 0.000017 0.000012 0.000009 0.000006 0.000004 0.000003 0.000002 0.000002 0.000001 0.000001 
0.000001 0.000001 0.000002 0.000002 0.000003 0.000004 0.000006 0.000008 0.000012 0.000017 0.000024 0.000034 0.000047 0.000064 0.000087 0.000117 0.000157 0.000208 0.000274 0.000358 0.000463 0.000594 0.000756 0.000954 0.001194 0.001482 0.001824 0.002226 0.002693 0.003231 0.003845 0.004536 0.005306 0.006155 0.007080 0.008075 0.009132 0.010241 0.011387 0.012555 0.013725 0.014878 0.015992 0.017043 0.018010 0.018872 0.019607 0.020198 0.020632 0.020896 0.020985 0.020896 0.020632 0.020198 0.019607 0.018872 0.018010 0.017043 0.015992 0.014878 0.013725 0.012555 0.011387 0.010241 0.009132 0.008075 0.007080 0.006155 0.005306 0.004536 0.003845 0.003231 0.002693 0.002226 0.001824 0.001482 0.001194 0.000954 0.000756 0.000594 0.000463 0.000358 0.000274 0.000208 0.000157 0.000117 0.000087 0.000064 0.000047 0.000034 0.000024 0.000017 0.000012 0.000009 0.000006 0.000004 0.000003 0.000002 0.000002 0.000002 
0.000002 0.000002 0.000002 0.000003 0.000004 0.000006 0.000008 0.000012 0.000017 0.000024 0.000034 0.000048 0.000066 0.000091 0.000123 0.000166 0.000223 0.000295 0.000389 0.000507 0.000656 0.000842 0.001072 0.001353 0.001693 0.002100 0.002584 0.003153 0.003814 0.004576 0.005444 0.006422 0.007512 0.008713 0.010021 0.011428 0.012924 0.014491 0.016112 0.017763 0.019418 0.021047 0.022621 0.024108 0.025475 0.026692 0.027731 0.028568 0.029180 0.029554 0.029680 0.029554 0.029180 0.028568 0.027731 0.026692 0.025475 0.024108 0.022621 0.021047 0.019418 0.017763 0.016112 0.014491 0.012924 0.011428 0.010021 0.008713 0.007512 0.006422 0.005444 0.004576 0.003814 0.003153 0.002584 0.002100 0.001693 0.001353 0.001072 0.000842 0.000656 0.000507 0.000389 0.000295 0.000223 0.000166 0.000123 0.000091 0.000066 0.000048 0.000034 0.000024 0.000017 0.000012 0.000009 0.000006 0.000004 0.000003 0.000003 0.000003 
0.000003 0.000003 0.000003 0.000004 0.000006 0.000008 0.000012 0.000017 0.000025 0.000035 0.000049 0.000068 0.000095 0.000130 0.000177 0.000238 0.000319 0.000423 0.000556 0.000726 0.000939 0.001205 0.001533 0.001934 0.002419 0.003001 0.003692 0.004504 0.005449 0.006537 0.007775 0.009171 0.010726 0.012440 0.014306 0.016314 0.018447 0.020683 0.022994 0.025349 0.027708 0.030033 0.032277 0.034396 0.036346 0.038081 0.039563 0.040755 0.041628 0.042161 0.042340 0.042161 0.041628 0.040755 0.039563 0.038081 0.036346 0.034396 0.032277 0.030033 0.027708 0.025349 0.022994 0.020683 0.018447 0.016314 0.014306 0.012440 0.010726 0.009171 0.007775 0.006537 0.005449 0.004504 0.003692 0.003001 0.002419 0.001934 0.001533 0.001205 0.000939 0.000726 0.000556 0.000423 0.000319 0.000238 0.000177 0.000130 0.000095 0.000068 0.000049 0.000035 0.000025 0.000017 0.000012 0.000009 0.000006 0.000005 0.000004 0.000004 
0.000004 0.000004 0.000005 0.000006 0.000008 0.000012 0.000017 0.000025 0.000035 0.000050 0.000070 0.000098 0.000135 0.000186 0.000253 0.000341 0.000456 0.000605 0.000795 0.001037 0.001342 0.001721 0.002190 0.002762 0.003456 0.004287 0.005273 0.006432 0.007780 0.009331 0.011098 0.013089 0.015307 0.017751 0.020412 0.023275 0.026316 0.029503 0.032799 0.036155 0.039518 0.042831 0.046029 0.049050 0.051828 0.054301 0.056412 0.058110 0.059355 0.060115 0.060370 0.060115 0.059355 0.058110 0.056412 0.054301 0.051828 0.049050 0.046029 0.042831 0.039518 0.036155 0.032799 0.029503 0.026316 0.023275 0.020412 0.017751 0.015307 0.013089 0.011098 0.009331 0.007780 0.006432 0.005273 0.004287 0.003456 0.002762 0.002190 0.001721 0.001342 0.001037 0.000795 0.000605 0.000456 0.000341 0.000253 0.000186 0.000136 0.000098 0.000070 0.000050 0.000035 0.000025 0.000018 0.000012 0.000009 0.000007 0.000006 0.000006 
0.000006 0.000006 0.000007 0.000009 0.000012 0.000017 0.000025 0.000035 0.000050 0.000071 0.000100 0.000140 0.000193 0.000265 0.000360 0.000485 0.000649 0.000860 0.001131 0.001476 0.001909 0.002448 0.003114 0.003927 0.004912 0.006093 0.007493 0.009139 0.011054 0.013256 0.015765 0.018591 0.021740 0.025209 0.028986 0.033048 0.037363 0.041886 0.046561 0.051322 0.056094 0.060793 0.065330 0.069614 0.073554 0.077062 0.080056 0.082465 0.084230 0.085307 0.085669 0.085307 0.084230 0.082465 0.080056 0.077062 0.073554 0.069614 0.065330 0.060793 0.056094 0.051322 0.046561 0.041886 0.037363 0.033048 0.028986 0.025209 0.021740 0.018591 0.015765 0.013256 0.011054 0.009139 0.007493 0.006093 0.004912 0.003927 0.003114 0.002448 0.001909 0.001476 0.001131 0.000860 0.000649 0.000485 0.000360 0.000265 0.000193 0.000140 0.000100 0.000071 0.000051 0.000036 0.000025 0.000018 0.000013 0.000010 0.000009 0.000009 
0.000008 0.000008 0.000010 0.000012 0.000017 0.000024 0.000035 0.000050 0.000071 0.000101 0.000142 0.000198 0.000273 0.000374 0.000509 0.000686 0.000917 0.001216 0.001599 0.002085 0.002697 0.003458 0.004398 0.005546 0.006936 0.008602 0.010578 0.012900 0.015600 0.018707 0.022245 0.026231 0.030671 0.035562 0.040886 0.046612 0.052694 0.059069 0.065658 0.072368 0.079092 0.085714 0.092108 0.098144 0.103696 0.108638 0.112856 0.116250 0.118737 0.120255 0.120765 0.120255 0.118737 0.116250 0.112856 0.108638 0.103696 0.098144 0.092108 0.085714 0.079092 0.072368 0.065658 0.059069 0.052694 0.046612 0.040886 0.035562 0.030671 0.026231 0.022245 0.018707 0.015600 0.012900 0.010578 0.008602 0.006936 0.005546 0.004398 0.003458 0.002697 0.002085 0.001599 0.001216 0.000917 0.000686 0.000509 0.000374 0.000273 0.000198 0.000142 0.000101 0.000072 0.000050 0.000035 0.000025 0.000018 0.000014 0.000012 0.000012 
0.000012 0.000012 0.000013 0.000017 0.000024 0.000034 0.000049 0.000070 0.000100 0.000142 0.000199 0.000277 0.000383 0.000525 0.000714 0.000962 0.001287 0.001706 0.002243 0.002924 0.003781 0.004848 0.006164 0.007773 0.009720 0.012053 0.014820 0.018072 0.021852 0.026201 0.031154 0.036732 0.042945 0.049789 0.057239 0.065251 0.073760 0.082678 0.091895 0.101280 0.110686 0.119947 0.128889 0.137331 0.145095 0.152006 0.157905 0.162651 0.166129 0.168251 0.168964 0.168251 0.166129 0.162651 0.157905 0.152006 0.145095 0.137331 0.128889 0.119947 0.110686 0.101280 0.091895 0.082678 0.073760 0.065251 0.057239 0.049789 0.042945 0.036732 0.031154 0.026201 0.021852 0.018072 0.014820 0.012053 0.009720 0.007773 0.006164 0.004848 0.003781 0.002924 0.002243 0.001706 0.001287 0.000962 0.000714 0.000525 0.000383 0.000277 0.000199 0.000142 0.000100 0.000071 0.000050 0.000035 0.000026 0.000020 0.000017 0.000017 
0.000016 0.000016 0.000019 0.000024 0.000034 0.000048 0.000068 0.000098 0.000140 0.000198 0.000277 0.000386 0.000534 0.000731 0.000994 0.001340 0.001791 0.002374 0.003120 0.004068 0.005259 0.006742 0.008572 0.010808 0.013513 0.016754 0.020600 0.025116 0.030366 0.036407 0.043285 0.051030 0.059657 0.069159 0.079501 0.090623 0.102433 0.114811 0.127603 0.140628 0.153680 0.166531 0.178939 0.190653 0.201425 0.211014 0.219199 0.225783 0.230608 0.233552 0.234542 0.233552 0.230608 0.225783 0.219199 0.211014 0.201425 0.190653 0.178939 0.166531 0.153680 0.140628 0.127603 0.114811 0.102433 0.090623 0.079501 0.069159 0.059657 0.051030 0.043285 0.036407 0.030366 0.025116 0.020600 0.016754 0.013513 0.010808 0.008572 0.006742 0.005259 0.004068 0.003120 0.002374 0.001791 0.001340 0.000994 0.000731 0.000534 0.000386 0.000278 0.000198 0.000140 0.000099 0.000069 0.000049 0.000036 0.000028 0.000024 0.000024 
0.000022 0.000022 0.000026 0.000034 0.000047 0.000066 0.000095 0.000135 0.000193 0.000273 0.000383 0.000534 0.000737 0.001010 0.001373 0.001850 0.002472 0.003276 0.004307 0.005613 0.007256 0.009302 0.011824 0.014907 0.018635 0.023103 0.028402 0.034625 0.041859 0.050181 0.059655 0.070323 0.082206 0.095291 0.109533 0.124847 0.141109 0.158151 0.175761 0.193693 0.211660 0.229349 0.246428 0.262551 0.277377 0.290575 0.301839 0.310902 0.317542 0.321593 0.322955 0.321593 0.317542 0.310902 0.301839 0.290575 0.277377 0.262551 0.246428 0.229349 0.211660 0.193693 0.175761 0.158151 0.141109 0.124847 0.109533 0.095291 0.082206 0.070323 0.059655 0.050181 0.041859 0.034625 0.028402 0.023103 0.018635 0.014907 0.011825 0.009302 0.007256 0.005613 0.004307 0.003277 0.002472 0.001850 0.001373 0.001010 0.000737 0.000534 0.000383 0.000273 0.000194 0.000136 0.000096 0.000068 0.000050 0.000039 0.000033 0.000033 
0.000031 0.000031 0.000036 0.000046 0.000064 0.000091 0.000130 0.000186 0.000265 0.000374 0.000525 0.000731 0.001010 0.001384 0.001880 0.002533 0.003385 0.004486 0.005895 0.007683 0.009930 0.012727 0.016177 0.020392 0.025489 0.031596 0.038840 0.047345 0.057231 0.068603 0.081547 0.096123 0.112356 0.130230 0.149683 0.170599 0.192808 0.216080 0.240129 0.264614 0.289146 0.313298 0.336616 0.358629 0.378869 0.396886 0.412264 0.424636 0.433699 0.439230 0.441090 0.439230 0.433699 0.424636 0.412264 0.396886 0.378869 0.358629 0.336616 0.313298 0.289146 0.264614 0.240129 0.216080 0.192808 0.170599 0.149683 0.130230 0.112356 0.096123 0.081547 0.068603 0.057231 0.047345 0.038840 0.031596 0.025489 0.020392 0.016177 0.012727 0.009930 0.007683 0.005895 0.004486 0.003385 0.002533 0.001880 0.001384 0.001010 0.000732 0.000526 0.000375 0.000265 0.000187 0.000132 0.000094 0.000068 0.000053 0.000046 0.000046 
0.000042 0.000042 0.000048 0.000063 0.000087 0.000123 0.000177 0.000253 0.000360 0.000509 0.000714 0.000994 0.001373 0.001880 0.002554 0.003441 0.004597 0.006091 0.008003 0.010429 0.013477 0.017272 0.021951 0.027666 0.034579 0.042859 0.052678 0.064208 0.077608 0.093020 0.110562 0.130313 0.152308 0.176525 0.202879 0.231214 0.261297 0.292819 0.325391 0.358552 0.391776 0.424484 0.456060 0.485869 0.513276 0.537673 0.558494 0.575246 0.587518 0.595007 0.597524 0.595007 0.587518 0.575246 0.558494 0.537673 0.513276 0.485869 0.456060 0.424484 0.391776 0.358552 0.325391 0.292819 0.261297 0.231214 0.202879 0.176525 0.152308 0.130313 0.110562 0.093020 0.077608 0.064208 0.052678 0.042859 0.034579 0.027666 0.021951 0.017272 0.013477 0.010429 0.008003 0.006091 0.004597 0.003441 0.002554 0.001880 0.001373 0.000994 0.000714 0.000509 0.000361 0.000254 0.000179 0.000127 0.000093 0.000072 0.000063 0.000063 
0.000056 0.000056 0.000065 0.000085 0.000117 0.000166 0.000238 0.000341 0.000485 0.000686 0.000962 0.001340 0.001850 0.002533 0.003441 0.004634 0.006191 0.008201 0.010775 0.014040 0.018141 0.023246 0.029541 0.037228 0.046524 0.057658 0.070862 0.086363 0.104376 0.125094 0.148672 0.175217 0.204774 0.237316 0.272728 0.310798 0.351216 0.393563 0.437319 0.481864 0.526491 0.570424 0.612834 0.652869 0.689678 0.722443 0.750406 0.772902 0.789383 0.799440 0.802821 0.799440 0.789383 0.772902 0.750406 0.722443 0.689678 0.652869 0.612834 0.570424 0.526491 0.481864 0.437319 0.393563 0.351216 0.310798 0.272728 0.237316 0.204774 0.175217 0.148672 0.125094 0.104376 0.086363 0.070862 0.057658 0.046524 0.037228 0.029541 0.023246 0.018141 0.014040 0.010775 0.008201 0.006191 0.004634 0.003441 0.002533 0.001850 0.001340 0.000963 0.000687 0.000487 0.000343 0.000242 0.000172 0.000126 0.000098 0.000084 0.000084 
0.000075 0.000075 0.000087 0.000114 0.000157 0.000223 0.000319 0.000456 0.000649 0.000917 0.001287 0.001791 0.002472 0.003385 0.004597 0.006191 0.008269 0.010953 0.014388 0.018745 0.024218 0.031030 0.039427 0.049681 0.062081 0.076931 0.094538 0.115207 0.139224 0.166845 0.198275 0.233659 0.273055 0.316426 0.363617 0.414349 0.468206 0.524631 0.582929 0.642276 0.701730 0.760256 0.816752 0.870083 0.919114 0.962757 1.000004 1.029968 1.051920 1.065316 1.069819 1.065316 1.051920 1.029968 1.000004 0.962757 0.919114 0.870083 0.816752 0.760256 0.701730 0.642276 0.582929 0.524631 0.468206 0.414349 0.363617 0.316426 0.273055 0.233659 0.198275 0.166845 0.139224 0.115207 0.094538 0.076931 0.062081 0.049681 0.039427 0.031030 0.024218 0.018745 0.014388 0.010953 0.008269 0.006191 0.004597 0.003385 0.002472 0.001791 0.001287 0.000918 0.000651 0.000459 0.000324 0.000230 0.000168 0.000131 0.000113 0.000113 
0.000100 0.000100 0.000116 0.000151 0.000208 0.000295 0.000423 0.000605 0.000860 0.001216 0.001706 0.002374 0.003276 0.004486 0.006091 0.008201 0.010953 0.014507 0.019054 0.024821 0.032064 0.041078 0.052189 0.065755 0.082158 0.101799 0.125086 0.152420 0.184179 0.220699 0.262254 0.309032 0.361111 0.418439 0.480814 0.547864 0.619040 0.693606 0.770643 0.849062 0.927620 1.004949 1.079593 1.150053 1.214831 1.272488 1.321694 1.361279 1.390279 1.407974 1.413923 1.407974 1.390279 1.361279 1.321694 1.272488 1.214831 1.150053 1.079593 1.004949 0.927620 0.849062 0.770643 0.693606 0.619040 0.547864 0.480814 0.418439 0.361111 0.309032 0.262254 0.220699 0.184179 0.152420 0.125086 0.101799 0.082158 0.065755 0.052189 0.041078 0.032064 0.024821 0.019054 0.014507 0.010953 0.008202 0.006091 0.004486 0.003277 0.002374 0.001707 0.001218 0.000863 0.000609 0.000429 0.000305 0.000223 0.000174 0.000150 0.000150 
0.000131 0.000131 0.000153 0.000198 0.000274 0.000389 0.000556 0.000795 0.001131 0.001599 0.002243 0.003120 0.004307 0.005895 0.008003 0.010775 0.014388 0.019054 0.025025 0.032594 0.042101 0.053930 0.068511 0.086310 0.107830 0.133596 0.164141 0.199992 0.241643 0.289534 0.344023 0.405355 0.473634 0.548789 0.630555 0.718446 0.811738 0.909468 1.010434 1.113205 1.216154 1.317488 1.415301 1.507627 1.592507 1.668055 1.732528 1.784393 1.822389 1.845574 1.853368 1.845574 1.822389 1.784393 1.732528 1.668055 1.592507 1.507627 1.415301 1.317488 1.216154 1.113205 1.010434 0.909468 0.811738 0.718446 0.630555 0.548789 0.473634 0.405355 0.344023 0.289534 0.241643 0.199992 0.164141 0.133596 0.107830 0.086310 0.068511 0.053930 0.042101 0.032594 0.025025 0.019054 0.014389 0.010775 0.008003 0.005895 0.004307 0.003121 0.002244 0.001601 0.001135 0.000801 0.000565 0.000402 0.000294 0.000228 0.000198 0.000198 
0.000172 0.000172 0.000200 0.000259 0.000358 0.000507 0.000726 0.001037 0.001476 0.002085 0.002924 0.004068 0.005613 0.007683 0.010429 0.014040 0.018745 0.024821 0.032594 0.042448 0.054823 0.070219 0.089194 0.112355 0.140356 0.173878 0.213614 0.260248 0.314422 0.376707 0.447568 0.527323 0.616104 0.713820 0.820126 0.934386 1.055662 1.182702 1.313940 1.447520 1.581325 1.713027 1.840148 1.960135 2.070442 2.168618 2.252402 2.319801 2.369175 2.399304 2.409432 2.399304 2.369175 2.319801 2.252402 2.168618 2.070442 1.960135 1.840148 1.713027 1.581325 1.447520 1.313940 1.182702 1.055662 0.934386 0.820126 0.713820 0.616104 0.527323 0.447568 0.376707 0.314422 0.260248 0.213614 0.173878 0.140356 0.112355 0.089194 0.070219 0.054823 0.042448 0.032594 0.024821 0.018745 0.014040 0.010429 0.007683 0.005614 0.004069 0.002926 0.002088 0.001480 0.001045 0.000737 0.000524 0.000384 0.000298 0.000258 0.000258 
0.000222 0.000222 0.000258 0.000335 0.000463 0.000656 0.000939 0.001342 0.001909 0.002697 0.003781 0.005259 0.007256 0.009930 0.013477 0.018141 0.024218 0.032064 0.042101 0.054823 0.070798 0.090672 0.115161 0.145051 0.181184 0.224436 0.275703 0.335863 0.405745 0.486084 0.577477 0.680334 0.794824 0.920829 1.057900 1.205221 1.361580 1.525361 1.694547 1.866744 2.039225 2.208989 2.372843 2.527497 2.669670 2.796206 2.904189 2.991054 3.054689 3.093519 3.106571 3.093519 3.054689 2.991054 2.904189 2.796206 2.669670 2.527497 2.372843 2.208989 2.039225 1.866744 1.694547 1.525361 1.361580 1.205221 1.057900 0.920829 0.794824 0.680334 0.577477 0.486084 0.405745 0.335863 0.275703 0.224436 0.181184 0.145052 0.115161 0.090672 0.070798 0.054823 0.042101 0.032064 0.024218 0.018141 0.013478 0.009930 0.007257 0.005261 0.003783 0.002700 0.001915 0.001351 0.000953 0.000679 0.000497 0.000386 0.000334 0.000334 
0.000285 0.000285 0.000332 0.000431 0.000594 0.000842 0.001205 0.001721 0.002448 0.003458 0.004848 0.006742 0.009302 0.012727 0.017272 0.023246 0.031030 0.041078 0.053930 0.070219 0.090672 0.116112 0.147458 0.185714 0.231953 0.287301 0.352898 0.429867 0.519268 0.622040 0.738944 0.870501 1.016928 1.178074 1.353361 1.541745 1.741675 1.951086 2.167398 2.387552 2.608059 2.825086 3.034551 3.232248 3.413988 3.575735 3.713765 3.824798 3.906137 3.955770 3.972454 3.955770 3.906137 3.824798 3.713765 3.575735 3.413988 3.232248 3.034551 2.825086 2.608059 2.387552 2.167398 1.951086 1.741675 1.541745 1.353361 1.178074 1.016928 0.870501 0.738944 0.622040 0.519268 0.429867 0.352898 0.287301 0.231953 0.185714 0.147458 0.116112 0.090672 0.070219 0.053931 0.041078 0.031030 0.023247 0.017272 0.012728 0.009303 0.006744 0.004851 0.003463 0.002456 0.001734 0.001223 0.000871 0.000637 0.000496 0.000429 0.000429 
0.000363 0.000363 0.000422 0.000548 0.000756 0.001072 0.001533 0.002190 0.003114 0.004398 0.006164 0.008572 0.011824 0.016177 0.021951 0.029541 0.039427 0.052189 0.068511 0.089194 0.115161 0.147458 0.187249 0.235806 0.294492 0.364731 0.447971 0.545634 0.659062 0.789445 0.937747 1.104627 1.290357 1.494743 1.717054 1.955962 2.209501 2.475050 2.749339 3.028487 3.308074 3.583238 3.848807 4.099450 4.329856 4.534912 4.709897 4.850656 4.953770 5.016689 5.037839 5.016689 4.953770 4.850656 4.709897 4.534912 4.329856 4.099450 3.848807 3.583238 3.308074 3.028487 2.749339 2.475050 2.209501 1.955962 1.717054 1.494743 1.290357 1.104627 0.937747 0.789445 0.659062 0.545634 0.447971 0.364731 0.294492 0.235806 0.187249 0.147458 0.115161 0.089194 0.068511 0.052189 0.039428 0.029541 0.021952 0.016178 0.011826 0.008575 0.006168 0.004404 0.003124 0.002205 0.001556 0.001108 0.000811 0.000631 0.000546 0.000546 
0.000459 0.000459 0.000533 0.000692 0.000954 0.001353 0.001934 0.002762 0.003927 0.005546 0.007773 0.010808 0.014907 0.020392 0.027666 0.037228 0.049681 0.065755 0.086310 0.112355 0.145051 0.185714 0.235806 0.296929 0.370796 0.459197 0.563951 0.686848 0.829572 0.993619 1.180198 1.390137 1.623777 1.880869 2.160494 2.460979 2.779851 3.113812 3.458751 3.809787 4.161362 4.507365 4.841292 5.156445 5.446144 5.703965 5.923974 6.100948 6.230590 6.309695 6.336287 6.309695 6.230590 6.100948 5.923974 5.703965 5.446144 5.156445 4.841292 4.507365 4.161362 3.809787 3.458751 3.113812 2.779851 2.460979 2.160494 1.880869 1.623777 1.390137 1.180198 0.993619 0.829572 0.686848 0.563951 0.459197 0.370796 0.296929 0.235806 0.185714 0.145052 0.112355 0.086310 0.065755 0.049682 0.037228 0.027667 0.020393 0.014908 0.010811 0.007778 0.005554 0.003940 0.002782 0.001964 0.001398 0.001024 0.000796 0.000689 0.000689 
0.000574 0.000574 0.000668 0.000866 0.001194 0.001693 0.002419 0.003456 0.004912 0.006936 0.009720 0.013513 0.018635 0.025489 0.034579 0.046524 0.062081 0.082158 0.107830 0.140356 0.181184 0.231953 0.294492 0.370796 0.463001 0.573339 0.704079 0.857451 1.035553 1.240249 1.473047 1.734975 2.026455 2.347177 2.695989 3.070805 3.468537 3.885072 4.315281 4.753079 5.191535 5.623028 6.039449 6.432448 6.793699 7.115193 7.389531 7.610205 7.771858 7.870495 7.903652 7.870495 7.771858 7.610205 7.389531 7.115193 6.793699 6.432448 6.039449 5.623028 5.191535 4.753079 4.315281 3.885072 3.468537 3.070805 2.695989 2.347177 2.026455 1.734975 1.473047 1.240249 1.035553 0.857451 0.704079 0.573339 0.463001 0.370796 0.294492 0.231953 0.181184 0.140356 0.107830 0.082158 0.062082 0.046525 0.034580 0.025491 0.018638 0.013517 0.009726 0.006946 0.004928 0.003480 0.002457 0.001750 0.001281 0.000997 0.000863 0.000863 
0.000713 0.000713 0.000829 0.001075 0.001482 0.002100 0.003001 0.004287 0.006093 0.008602 0.012053 0.016754 0.023103 0.031596 0.042859 0.057658 0.076931 0.101799 0.133596 0.173878 0.224436 0.287301 0.364731 0.459197 0.573339 0.709918 0.871739 1.061558 1.281971 1.535278 1.823342 2.147433 2.508069 2.904863 3.336389 3.800061 4.292062 4.807301 5.339433 5.880933 6.423228 6.956895 7.471909 7.957943 8.404704 8.802290 9.141554 9.414452 9.614358 9.736335 9.777338 9.736335 9.614358 9.414452 9.141554 8.802290 8.404704 7.957943 7.471909 6.956895 6.423228 5.880933 5.339433 4.807301 4.292062 3.800061 3.336389 2.904863 2.508069 2.147433 1.823342 1.535278 1.281971 1.061558 0.871739 0.709918 0.573339 0.459197 0.364731 0.287301 0.224436 0.173878 0.133596 0.101799 0.076931 0.057659 0.042860 0.031598 0.023106 0.016759 0.012060 0.008614 0.006112 0.004317 0.003048 0.002171 0.001590 0.001237 0.001071 0.001071 
0.000878 0.000878 0.001020 0.001323 0.001824 0.002584 0.003692 0.005273 0.007493 0.010578 0.014820 0.020600 0.028402 0.038840 0.052678 0.070862 0.094538 0.125086 0.164141 0.213614 0.275703 0.352898 0.447971 0.563951 0.704079 0.871739 1.070371 1.303355 1.573870 1.884738 2.238241 2.635931 3.078442 3.565295 4.094737 4.663593 5.267178 5.899246 6.552014 7.216251 7.881442 8.536031 9.167724 9.763858 10.311811 10.799443 11.215538 11.550233 11.795406 11.945003 11.995290 11.945003 11.795406 11.550233 11.215538 10.799443 10.311811 9.763858 9.167724 8.536031 7.881442 7.216251 6.552014 5.899246 5.267178 4.663593 4.094737 3.565295 3.078442 2.635931 2.238241 1.884738 1.573870 1.303355 1.070371 0.871739 0.704079 0.563951 0.447971 0.352898 0.275703 0.213614 0.164142 0.125086 0.094538 0.070863 0.052680 0.038842 0.028405 0.020606 0.014830 0.010593 0.007517 0.005310 0.003750 0.002672 0.001957 0.001523 0.001318 0.001318 
0.001072 0.001072 0.001245 0.001614 0.002226 0.003153 0.004504 0.006432 0.009139 0.012900 0.018072 0.025116 0.034625 0.047345 0.064208 0.086363 0.115207 0.152420 0.199992 0.260248 0.335863 0.429867 0.545634 0.686848 0.857451 1.061558 1.303355 1.586949 1.916207 2.294558 2.724773 3.208739 3.747220 4.339632 4.983836 5.675968 6.410324 7.179305 7.973441 8.781503 9.590702 10.386981 11.155390 11.880527 12.547045 13.140179 13.646292 14.053390 14.351598 14.533555 14.594719 14.533555 14.351598 14.053390 13.646292 13.140179 12.547045 11.880527 11.155390 10.386981 9.590702 8.781503 7.973441 7.179305 6.410324 5.675968 4.983836 4.339632 3.747220 3.208739 2.724773 2.294558 1.916207 1.586949 1.303355 1.061558 0.857451 0.686848 0.545634 0.429867 0.335863 0.260248 0.199992 0.152420 0.115208 0.086364 0.064210 0.047348 0.034629 0.025123 0.018083 0.012919 0.009169 0.006477 0.004575 0.003260 0.002388 0.001858 0.001609 0.001609 
0.001297 0.001297 0.001507 0.001954 0.002693 0.003814 0.005449 0.007780 0.011054 0.015600 0.021852 0.030366 0.041859 0.057231 0.077608 0.104376 0.139224 0.184179 0.241643 0.314422 0.405745 0.519268 0.659062 0.829572 1.035553 1.281971 1.573870 1.916207 2.313644 2.770311 3.289549 3.873631 4.523472 5.238363 6.015719 6.850876 7.736946 8.664760 9.622893 10.597796 11.574043 12.534679 13.461669 14.336438 15.140478 15.855981 16.466502 16.957577 17.317296 17.536784 17.610564 17.536784 17.317296 16.957577 16.466502 15.855981 15.140478 14.336438 13.461669 12.534679 11.574043 10.597796 9.622893 8.664760 7.736946 6.850876 6.015719 5.238363 4.523472 3.873631 3.289549 2.770311 2.313644 1.916207 1.573870 1.281971 1.035553 0.829572 0.659062 0.519268 0.405745 0.314422 0.241643 0.184179 0.139225 0.104377 0.077610 0.057234 0.041864 0.030375 0.021866 0.015623 0.011089 0.007835 0.005534 0.003944 0.002890 0.002249 0.001947 0.001947 
0.001557 0.001557 0.001809 0.002345 0.003231 0.004576 0.006537 0.009331 0.013256 0.018707 0.026201 0.036407 0.050181 0.068603 0.093020 0.125094 0.166845 0.220699 0.289534 0.376707 0.486084 0.622040 0.789445 0.993619 1.240249 1.535278 1.884738 2.294558 2.770311 3.316936 3.938425 4.637492 5.415227 6.270776 7.201040 8.200434 9.260715 10.370907 11.517340 12.683804 13.851844 15.001176 16.110229 17.156784 18.118702 18.974687 19.705068 20.292546 20.722879 20.985452 21.073715 20.985452 20.722879 20.292546 19.705068 18.974687 18.118702 17.156784 16.110229 15.001176 13.851844 12.683804 11.517340 10.370907 9.260715 8.200434 7.201040 6.270776 5.415227 4.637492 3.938425 3.316936 2.770311 2.294558 1.884738 1.535278 1.240249 0.993619 0.789445 0.622040 0.486084 0.376707 0.289534 0.220700 0.166845 0.125095 0.093023 0.068607 0.050188 0.036418 0.026218 0.018735 0.013299 0.009397 0.006639 0.004732 0.003467 0.002699 0.002337 0.002337 
0.001853 0.001853 0.002153 0.002790 0.003845 0.005444 0.007775 0.011098 0.015765 0.022245 0.031154 0.043285 0.059655 0.081547 0.110562 0.148672 0.198275 0.262254 0.344023 0.447568 0.577477 0.738944 0.937747 1.180198 1.473047 1.823342 2.238241 2.724773 3.289549 3.938425 4.676133 5.505885 6.428970 7.444368 8.548395 9.734420 10.992655 12.310078 13.670462 15.054577 16.440526 17.804243 19.120139 20.361858 21.503138 22.518717 23.385263 24.082258 24.592810 24.904328 25.009043 24.904328 24.592810 24.082258 23.385263 22.518717 21.503138 20.361858 19.120139 17.804243 16.440526 15.054577 13.670462 12.310078 10.992655 9.734420 8.548395 7.444368 6.428970 5.505885 4.676133 3.938425 3.289549 2.724773 2.238241 1.823342 1.473047 1.180198 0.937747 0.738944 0.577477 0.447569 0.344024 0.262255 0.198276 0.148673 0.110565 0.081552 0.059663 0.043297 0.031174 0.022278 0.015816 0.011177 0.007897 0.005629 0.004125 0.003212 0.002781 0.002781 
0.002187 0.002187 0.002540 0.003292 0.004536 0.006422 0.009171 0.013089 0.018591 0.026231 0.036732 0.051030 0.070323 0.096123 0.130313 0.175217 0.233659 0.309032 0.405355 0.527323 0.680334 0.870501 1.104627 1.390137 1.734975 2.147433 2.635931 3.208739 3.873631 4.637492 5.505885 6.482583 7.569097 8.764218 10.063605 11.459447 12.940226 14.490610 16.091506 17.720283 19.351176 20.955873 22.504267 23.965351 25.308229 26.503187 27.522777 28.342865 28.943577 29.310106 29.433312 29.310106 28.943577 28.342865 27.522777 26.503187 25.308229 23.965351 22.504267 20.955873 19.351176 17.720283 16.091506 14.490610 12.940226 11.459447 10.063605 8.764218 7.569097 6.482583 5.505885 4.637492 3.873631 3.208739 2.635931 2.147433 1.734975 1.390137 1.104627 0.870501 0.680334 0.527323 0.405356 0.309033 0.233660 0.175219 0.130317 0.096129 0.070333 0.051045 0.036756 0.026269 0.018651 0.013182 0.009314 0.006641 0.004867 0.003790 0.003282 0.003282 
0.002559 0.002559 0.002973 0.003852 0.005306 0.007512 0.010726 0.015307 0.021740 0.030671 0.042945 0.059657 0.082206 0.112356 0.152308 0.204774 0.273055 0.361111 0.473634 0.616104 0.794824 1.016928 1.290357 1.623777 2.026455 2.508069 3.078442 3.747220 4.523472 5.415227 6.428970 7.569097 8.837362 10.232348 11.748981 13.378140 15.106376 16.915794 18.784111 20.684917 22.588148 24.460768 26.267648 27.972614 29.539620 30.933999 32.123731 33.080660 33.781605 34.209289 34.353052 34.209289 33.781605 33.080660 32.123731 30.933999 29.539620 27.972614 26.267648 24.460768 22.588148 20.684917 18.784111 16.915794 15.106376 13.378140 11.748981 10.232348 8.837362 7.569097 6.428970 5.415227 4.523472 3.747220 3.078442 2.508069 2.026455 1.623777 1.290357 1.016929 0.794824 0.616104 0.473634 0.361112 0.273056 0.204777 0.152312 0.112362 0.082217 0.059675 0.042974 0.030716 0.021810 0.015416 0.010894 0.007768 0.005694 0.004434 0.003840 0.003840 
0.002970 0.002970 0.003449 0.004469 0.006155 0.008713 0.012440 0.017751 0.025209 0.035562 0.049789 0.069159 0.095291 0.130230 0.176525 0.237316 0.316426 0.418439 0.548789 0.713820 0.920829 1.178074 1.494743 1.880869 2.347177 2.904863 3.565295 4.339632 5.238363 6.270776 7.444368 8.764218 10.232348 11.847108 13.602621 15.488321 17.488638 19.582858 21.745191 23.945071 26.147707 28.314873 30.405920 32.378992 34.192384 35.805987 37.182754 38.290112 39.101239 39.596149 39.762509 39.596149 39.101239 38.290112 37.182754 35.805987 34.192384 32.378992 30.405920 28.314873 26.147707 23.945071 21.745191 19.582858 17.488638 15.488321 13.602621 11.847108 10.232348 8.764218 7.444368 6.270776 5.238363 4.339632 3.565295 2.904863 2.347177 1.880870 1.494743 1.178074 0.920829 0.713821 0.548790 0.418440 0.316427 0.237319 0.176529 0.130238 0.095304 0.069180 0.049822 0.035614 0.025290 0.017878 0.012635 0.009010 0.006605 0.005144 0.004455 0.004455 
0.003417 0.003417 0.003968 0.005140 0.007080 0.010021 0.014306 0.020412 0.028986 0.040886 0.057239 0.079501 0.109533 0.149683 0.202879 0.272728 0.363617 0.480814 0.630555 0.820126 1.057900 1.353361 1.717054 2.160494 2.695989 3.336389 4.094737 4.983836 6.015719 7.201040 8.548395 10.063605 11.748981 13.602621 15.617770 17.782293 20.078314 22.482054 24.963912 27.488807 30.016812 32.504058 34.903901 37.168313 39.249439 41.101256 42.681259 43.952072 44.882924 45.450882 45.641796 45.450882 44.882924 43.952072 42.681259 41.101256 39.249439 37.168313 34.903901 32.504058 30.016812 27.488807 24.963912 22.482054 20.078314 17.782293 15.617770 13.602621 11.748981 10.063605 8.548395 7.201040 6.015719 4.983836 4.094737 3.336389 2.695990 2.160494 1.717054 1.353361 1.057901 0.820126 0.630556 0.480815 0.363619 0.272731 0.202884 0.149692 0.109548 0.079525 0.057277 0.040946 0.029079 0.020558 0.014530 0.010363 0.007598 0.005918 0.005125 0.005125 
0.003898 0.003898 0.004527 0.005864 0.008075 0.011428 0.016314 0.023275 0.033048 0.046612 0.065251 0.090623 0.124847 0.170599 0.231214 0.310798 0.414349 0.547864 0.718446 0.934386 1.205221 1.541745 1.955962 2.460979 3.070805 3.800061 4.663593 5.675968 6.850876 8.200434 9.734420 11.459447 13.378140 15.488321 17.782293 20.246235 22.859795 25.595902 28.420860 31.294744 34.172109 37.003032 39.734431 42.311650 44.680233 46.787811 48.586017 50.032323 51.091715 51.738099 51.955375 51.738099 51.091715 50.032323 48.586017 46.787811 44.680233 42.311650 39.734431 37.003032 34.172109 31.294744 28.420860 25.595902 22.859795 20.246235 17.782293 15.488321 13.378140 11.459447 9.734420 8.200434 6.850876 5.675968 4.663593 3.800061 3.070805 2.460979 1.955962 1.541745 1.205221 0.934386 0.718446 0.547866 0.414352 0.310802 0.231220 0.170610 0.124864 0.090650 0.065294 0.046681 0.033155 0.023441 0.016570 0.011819 0.008666 0.006750 0.005847 0.005847 
0.004409 0.004409 0.005120 0.006632 0.009132 0.012924 0.018447 0.026316 0.037363 0.052694 0.073760 0.102433 0.141109 0.192808 0.261297 0.351216 0.468206 0.619040 0.811738 1.055662 1.361580 1.741675 2.209501 2.779851 3.468537 4.292062 5.267178 6.410324 7.736946 9.260715 10.992655 12.940226 15.106376 17.488638 20.078314 22.859795 25.810100 28.898668 32.087464 35.331419 38.579245 41.774593 44.857559 47.766460 50.439843 52.818610 54.848179 56.480561 57.676243 58.405782 58.651009 58.405782 57.676243 56.480561 54.848179 52.818610 50.439843 47.766460 44.857559 41.774593 38.579245 35.331419 32.087464 28.898668 25.810100 22.859795 20.078314 17.488638 15.106376 12.940226 10.992655 9.260715 7.736946 6.410324 5.267178 4.292062 3.468537 2.779851 2.209502 1.741676 1.361580 1.055663 0.811739 0.619041 0.468208 0.351220 0.261305 0.192820 0.141128 0.102464 0.073809 0.052772 0.037484 0.026504 0.018736 0.013365 0.009800 0.007635 0.006613 0.006613 
0.004946 0.004946 0.005743 0.007437 0.010241 0.014491 0.020683 0.029503 0.041886 0.059069 0.082678 0.114811 0.158151 0.216080 0.292819 0.393563 0.524631 0.693606 0.909468 1.182702 1.525361 1.951086 2.475050 3.113812 3.885072 4.807301 5.899246 7.179305 8.664760 10.370907 12.310078 14.490610 16.915794 19.582858 22.482054 25.595902 28.898668 32.356140 35.925736 39.557010 43.192553 46.769299 50.220198 53.476218 56.468582 59.131152 61.402844 63.229954 64.568264 65.384824 65.659302 65.384824 64.568264 63.229954 61.402844 59.131152 56.468582 53.476218 50.220198 46.769299 43.192553 39.557010 35.925736 32.356140 28.898668 25.595902 22.482054 19.582858 16.915794 14.490610 12.310078 10.370907 8.664760 7.179305 5.899246 4.807301 3.885072 3.113813 2.475050 1.951086 1.525361 1.182702 0.909469 0.693607 0.524634 0.393568 0.292827 0.216094 0.158172 0.114845 0.082733 0.059156 0.042021 0.029714 0.021007 0.014986 0.010990 0.008563 0.007417 0.007417 
0.005501 0.005501 0.006387 0.008271 0.011387 0.016112 0.022994 0.032799 0.046561 0.065658 0.091895 0.127603 0.175761 0.240129 0.325391 0.437319 0.582929 0.770643 1.010434 1.313940 1.694547 2.167398 2.749339 3.458751 4.315281 5.339433 6.552014 7.973441 9.622893 11.517340 13.670462 16.091506 18.784111 21.745191 24.963912 28.420860 32.087464 35.925736 39.888406 43.919476 47.955220 51.925635 55.756302 59.370602 62.692200 65.647692 68.169286 70.197379 71.682896 72.589272 72.893939 72.589272 71.682896 70.197379 68.169286 65.647692 62.692200 59.370602 55.756302 51.925635 47.955220 43.919476 39.888406 35.925736 32.087464 28.420860 24.963912 21.745191 18.784111 16.091506 13.670462 11.517340 9.622893 7.973441 6.552014 5.339433 4.315281 3.458751 2.749339 2.167399 1.694547 1.313941 1.010435 0.770645 0.582932 0.437324 0.325400 0.240144 0.175785 0.127641 0.091956 0.065755 0.046712 0.033033 0.023355 0.016663 0.012221 0.009522 0.008249 0.008249 
0.006066 0.006066 0.007042 0.009119 0.012555 0.017763 0.025349 0.036155 0.051322 0.072368 0.101280 0.140628 0.193693 0.264614 0.358552 0.481864 0.642276 0.849062 1.113205 1.447520 1.866744 2.387552 3.028487 3.809787 4.753079 5.880933 7.216251 8.781503 10.597796 12.683804 15.054577 17.720283 20.684917 23.945071 27.488807 31.294744 35.331419 39.557010 43.919476 48.357170 52.799944 57.170742 61.387648 65.366328 69.022762 72.276159 75.051903 77.284394 78.919621 79.917337 80.252708 79.917337 78.919621 77.284394 75.051903 72.276159 69.022762 65.366328 61.387648 57.170742 52.799944 48.357170 43.919476 39.557010 35.331419 31.294744 27.488807 23.945071 20.684917 17.720283 15.054577 12.683804 10.597796 8.781503 7.216251 5.880933 4.753079 3.809787 3.028487 2.387552 1.866745 1.447521 1.113206 0.849065 0.642279 0.481870 0.358562 0.264630 0.193719 0.140671 0.101348 0.072474 0.051488 0.036413 0.025746 0.018370 0.013474 0.010499 0.009096 0.009096 
0.006632 0.006632 0.007700 0.009970 0.013725 0.019418 0.027708 0.039518 0.056094 0.079092 0.110686 0.153680 0.211660 0.289146 0.391776 0.526491 0.701730 0.927620 1.216154 1.581325 2.039225 2.608059 3.308074 4.161362 5.191535 6.423228 7.881442 9.590702 11.574043 13.851844 16.440526 19.351176 22.588148 26.147707 30.016812 34.172109 38.579245 43.192553 47.955220 52.799944 57.650149 62.421718 67.025233 71.368639 75.360224 78.911803 81.941933 84.379010 86.164083 87.253224 87.619325 87.253224 86.164083 84.379010 81.941933 78.911803 75.360224 71.368639 67.025233 62.421718 57.650149 52.799944 47.955220 43.192553 38.579245 34.172109 30.016812 26.147707 22.588148 19.351176 16.440526 13.851844 11.574043 9.590702 7.881442 6.423228 5.191535 4.161363 3.308074 2.608060 2.039226 1.581326 1.216155 0.927623 0.701734 0.526498 0.391787 0.289164 0.211688 0.153726 0.110760 0.079209 0.056276 0.039801 0.028144 0.020082 0.014730 0.011479 0.009945 0.009945 
0.007191 0.007191 0.008348 0.010808 0.014878 0.021047 0.030033 0.042831 0.060793 0.085714 0.119947 0.166531 0.229349 0.313298 0.424484 0.570424 0.760256 1.004949 1.317488 1.713027 2.208989 2.825086 3.583238 4.507365 5.623028 6.956895 8.536031 10.386981 12.534679 15.001176 17.804243 20.955873 24.460768 28.314873 32.504058 37.003032 41.774593 46.769299 51.925635 57.170742 62.421718 67.587502 72.571299 77.273458 81.594703 85.439577 88.719921 91.358229 93.290690 94.469755 94.866083 94.469755 93.290690 91.358229 88.719921 85.439577 81.594703 77.273458 72.571299 67.587502 62.421718 57.170742 51.925635 46.769299 41.774593 37.003032 32.504058 28.314873 24.460768 20.955873 17.804243 15.001176 12.534679 10.386981 8.536031 6.956895 5.623028 4.507365 3.583238 2.825086 2.208990 1.713028 1.317490 1.004952 0.760260 0.570431 0.424496 0.313318 0.229380 0.166581 0.120027 0.085840 0.060990 0.043137 0.030504 0.021767 0.015968 0.012444 0.010781 0.010781 
0.007730 0.007730 0.008974 0.011618 0.015992 0.022621 0.032277 0.046029 0.065330 0.092108 0.128889 0.178939 0.246428 0.336616 0.456060 0.612834 0.816752 1.079593 1.415301 1.840148 2.372843 3.034551 3.848807 4.841292 6.039449 7.471909 9.167724 11.155390 13.461669 16.110229 19.120139 22.504267 26.267648 30.405920 34.903901 39.734431 44.857559 50.220198 55.756302 61.387648 67.025233 72.571299 77.921933 82.970158 87.609402 91.737195 95.258900 98.091318 100.165952 101.431759 101.857243 101.431759 100.165952 98.091318 95.258900 91.737195 87.609402 82.970158 77.921933 72.571299 67.025233 61.387648 55.756302 50.220198 44.857559 39.734431 34.903901 30.405920 26.267648 22.504267 19.120139 16.110229 13.461669 11.155390 9.167724 7.471910 6.039449 4.841292 3.848807 3.034551 2.372844 1.840149 1.415303 1.079596 0.816757 0.612842 0.456073 0.336637 0.246461 0.178993 0.128975 0.092243 0.065542 0.046359 0.032784 0.023395 0.017163 0.013376 0.011589 0.011589 
