0.000000 0.000000 0.000000 0.000000 0.000000 0.000000 0.000000 0.000000 0.000000 0.000000 0.000000 0.000000 0.000000 0.000000 0.000000 0.000000 0.000000 0.000000 0.000000 0.000000 0.000000 0.000000 0.000000 0.000000 0.000000 0.000000 0.000000 0.000000 0.000000 0.000000 0.000000 0.000000 0.000000 0.000000 0.000000 0.000000 0.000000 0.000000 0.000000 0.000000 0.000000 0.000000 0.000000 0.000000 0.000000 0.000000 0.000000 0.000000 0.000000 0.000000 0.000000 0.000000 0.000000 0.000000 0.000000 0.000000 0.000000 0.000000 0.000000 0.000000 0.000000 0.000000 0.000000 0.000000 0.000000 0.000000 0.000000 0.000000 0.000000 0.000000 0.000000 0.000000 0.000000 0.000000 0.000000 0.000000 0.000000 0.000000 0.000000 0.000000 0.000000 0.000000 0.000000 0.000000 0.000000 0.000000 0.000000 0.000000 0.000000 0.000000 0.000000 0.000000 0.000000 0.000000 0.000000 0.000000 0.000000 0.000000 0.000000 0.000000 
0.000000 0.000000 0.000000 0.000000 0.000000 0.000000 0.000000 0.000000 0.000000 0.000000 0.000000 0.000000 0.000000 0.000000 0.000000 0.000000 0.000000 0.000000 0.000000 0.000000 0.000000 0.000000 0.000000 0.000000 0.000000 0.000000 0.000000 0.000000 0.000000 0.000000 0.000000 0.000000 0.000000 0.000000 0.000000 0.000000 0.000000 0.000000 0.000000 0.000000 0.000000 0.000000 0.000000 0.000000 0.000000 0.000000 0.000000 0.000000 0.000000 0.000000 0.000000 0.000000 0.000000 0.000000 0.000000 0.000000 0.000000 0.000000 0.000000 0.000000 0.000000 0.000000 0.000000 0.000000 0.000000 0.000000 0.000000 0.000000 0.000000 0.000000 0.000000 0.000000 0.000000 0.000000 0.000000 0.000000 0.000000 0.000000 0.000000 0.000000 0.000000 0.000000 0.000000 0.000000 0.000000 0.000000 0.000000 0.000000 0.000000 0.000000 0.000000 0.000000 0.000000 0.000000 0.000000 0.000000 0.000000 0.000000 0.000000 0.000000 
0.000000 0.000000 0.000000 0.000000 0.000000 0.000000 0.000000 0.000000 0.000000 0.000000 0.000000 0.000000 0.000000 0.000000 0.000000 0.000000 0.000000 0.000000 0.000000 0.000000 0.000000 0.000000 0.000000 0.000000 0.000000 0.000000 0.000000 0.000000 0.000000 0.000000 0.000000 0.000000 0.000000 0.000000 0.000000 0.000000 0.000000 0.000000 0.000000 0.000000 0.000000 0.000000 0.000000 0.000000 0.000000 0.000000 0.000000 0.000000 0.000000 0.000000 0.000000 0.000000 0.000000 0.000000 0.000000 0.000000 0.000000 0.000000 0.000000 0.000000 0.000000 0.000000 0.000000 0.000000 0.000000 0.000000 0.000000 0.000000 0.000000 0.000000 0.000000 0.000000 0.000000 0.000000 0.000000 0.000000 0.000000 0.000000 0.000000 0.000000 0.000000 0.000000 0.000000 0.000000 0.000000 0.000000 0.000000 0.000000 0.000000 0.000000 0.000000 0.000000 0.000000 0.000000 0.000000 0.000000 0.000000 0.000000 0.000000 0.000000 
0.000000 0.000000 0.000000 0.000000 0.000000 0.000000 0.000000 0.000000 0.000000 0.000000 0.000000 0.000000 0.000000 0.000000 0.000000 0.000000 0.000000 0.000000 0.000000 0.000000 0.000000 0.000000 0.000000 0.000000 0.000000 0.000000 0.000000 0.000000 0.000000 0.000000 0.000000 0.000000 0.000000 0.000000 0.000000 0.000000 0.000000 0.000000 0.000000 0.000000 0.000000 0.000000 0.000000 0.000000 0.000000 0.000000 0.000000 0.000000 0.000000 0.000000 0.000000 0.000000 0.000000 0.000000 0.000000 0.000000 0.000000 0.000000 0.000000 0.000000 0.000000 0.000000 0.000000 0.000000 0.000000 0.000000 0.000000 0.000000 0.000000 0.000000 0.000000 0.000000 0.000000 0.000000 0.000000 0.000000 0.000000 0.000000 0.000000 0.000000 0.000000 0.000000 0.000000 0.000000 0.000000 0.000000 0.000000 0.000000 0.000000 0.000000 0.000000 0.000000 0.000000 0.000000 0.000000 0.000000 0.000000 0.000000 0.000000 0.000000 
0.000000 0.000000 0.000000 0.000000 0.000000 0.000000 0.000000 0.000000 0.000000 0.000000 0.000000 0.000000 0.000000 0.000000 0.000000 0.000000 0.000000 0.000000 0.000000 0.000000 0.000000 0.000000 0.000000 0.000000 0.000000 0.000000 0.000000 0.000000 0.000000 0.000000 0.000000 0.000000 0.000000 0.000000 0.000000 0.000000 0.000000 0.000000 0.000000 0.000000 0.000000 0.000000 0.000000 0.000000 0.000000 0.000000 0.000000 0.000000 0.000000 0.000000 0.000000 0.000000 0.000000 0.000000 0.000000 0.000000 0.000000 0.000000 0.000000 0.000000 0.000000 0.000000 0.000000 0.000000 0.000000 0.000000 0.000000 0.000000 0.000000 0.000000 0.000000 0.000000 0.000000 0.000000 0.000000 0.000000 0.000000 0.000000 0.000000 0.000000 0.000000 0.000000 0.000000 0.000000 0.000000 0.000000 0.000000 0.000000 0.000000 0.000000 0.000000 0.000000 0.000000 0.000000 0.000000 0.000000 0.000000 0.000000 0.000000 0.000000 
0.000000 0.000000 0.000000 0.000000 0.000000 0.000000 0.000000 0.000000 0.000000 0.000000 0.000000 0.000000 0.000000 0.000000 0.000000 0.000000 0.000000 0.000000 0.000000 0.000000 0.000000 0.000000 0.000000 0.000000 0.000000 0.000000 0.000000 0.000000 0.000000 0.000000 0.000000 0.000000 0.000000 0.000000 0.000000 0.000000 0.000000 0.000000 0.000000 0.000000 0.000000 0.000000 0.000000 0.000000 0.000000 0.000000 0.000000 0.000000 0.000000 0.000000 0.000000 0.000000 0.000000 0.000000 0.000000 0.000000 0.000000 0.000000 0.000000 0.000000 0.000000 0.000000 0.000000 0.000000 0.000000 0.000000 0.000000 0.000000 0.000000 0.000000 0.000000 0.000000 0.000000 0.000000 0.000000 0.000000 0.000000 0.000000 0.000000 0.000000 0.000000 0.000000 0.000000 0.000000 0.000000 0.000000 0.000000 0.000000 0.000000 0.000000 0.000000 0.000000 0.000000 0.000000 0.000000 0.000000 0.000000 0.000000 0.000000 0.000000 
0.000000 0.000000 0.000000 0.000000 0.000000 0.000000 0.000000 0.000000 0.000000 0.000000 0.000000 0.000000 0.000000 0.000000 0.000000 0.000000 0.000000 0.000000 0.000000 0.000000 0.000000 0.000000 0.000000 0.000000 0.000000 0.000000 0.000000 0.000000 0.000000 0.000000 0.000000 0.000000 0.000000 0.000000 0.000000 0.000000 0.000000 0.000000 0.000000 0.000000 0.000000 0.000000 0.000000 0.000000 0.000000 0.000000 0.000000 0.000000 0.000000 0.000000 0.000000 0.000000 0.000000 0.000000 0.000000 0.000000 0.000000 0.000000 0.000000 0.000000 0.000000 0.000000 0.000000 0.000000 0.000000 0.000000 0.000000 0.000000 0.000000 0.000000 0.000000 0.000000 0.000000 0.000000 0.000000 0.000000 0.000000 0.000000 0.000000 0.000000 0.000000 0.000000 0.000000 0.000000 0.000000 0.000000 0.000000 0.000000 0.000000 0.000000 0.000000 0.000000 0.000000 0.000000 0.000000 0.000000 0.000000 0.000000 0.000000 0.000000 
0.000000 0.000000 0.000000 0.000000 0.000000 0.000000 0.000000 0.000000 0.000000 0.000000 0.000000 0.000000 0.000000 0.000000 0.000000 0.000000 0.000000 0.000000 0.000000 0.000000 0.000000 0.000000 0.000000 0.000000 0.000000 0.000000 0.000000 0.000000 0.000000 0.000000 0.000000 0.000000 0.000000 0.000000 0.000000 0.000000 0.000000 0.000000 0.000000 0.000000 0.000000 0.000000 0.000000 0.000000 0.000000 0.000000 0.000000 0.000000 0.000001 0.000001 0.000001 0.000001 0.000001 0.000000 0.000000 0.000000 0.000000 0.000000 0.000000 0.000000 0.000000 0.000000 0.000000 0.000000 0.000000 0.000000 0.000000 0.000000 0.000000 0.000000 0.000000 0.000000 0.000000 0.000000 0.000000 0.000000 0.000000 0.000000 0.000000 0.000000 0.000000 0.000000 0.000000 0.000000 0.000000 0.000000 0.000000 0.000000 0.000000 0.000000 0.000000 0.000000 0.000000 0.000000 0.000000 0.000000 0.000000 0.000000 0.000000 0.000000 
0.000000 0.000000 0.000000 0.000000 0.000000 0.000000 0.000000 0.000000 0.000000 0.000000 0.000000 0.000000 0.000000 0.000000 0.000000 0.000000 0.000000 0.000000 0.000000 0.000000 0.000000 0.000000 0.000000 0.000000 0.000000 0.000000 0.000000 0.000000 0.000000 0.000000 0.000000 0.000000 0.000000 0.000000 0.000000 0.000000 0.000000 0.000000 0.000000 0.000000 0.000000 0.000001 0.000001 0.000001 0.000001 0.000001 0.000001 0.000001 0.000001 0.000001 0.000001 0.000001 0.000001 0.000001 0.000001 0.000001 0.000001 0.000001 0.000001 0.000001 0.000000 0.000000 0.000000 0.000000 0.000000 0.000000 0.000000 0.000000 0.000000 0.000000 0.000000 0.000000 0.000000 0.000000 0.000000 0.000000 0.000000 0.000000 0.000000 0.000000 0.000000 0.000000 0.000000 0.000000 0.000000 0.000000 0.000000 0.000000 0.000000 0.000000 0.000000 0.000000 0.000000 0.000000 0.000000 0.000000 0.000000 0.000000 0.000000 0.000000 
0.000000 0.000000 0.000000 0.000000 0.000000 0.000000 0.000000 0.000000 0.000000 0.000000 0.000000 0.000000 0.000000 0.000000 0.000000 0.000000 0.000000 0.000000 0.000000 0.000000 0.000000 0.000000 0.000000 0.000000 0.000000 0.000000 0.000000 0.000000 0.000000 0.000000 0.000000 0.000000 0.000000 0.000000 0.000000 0.000000 0.000000 0.000000 0.000001 0.000001 0.000001 0.000001 0.000002 0.000002 0.000002 0.000002 0.000003 0.000003 0.000003 0.000003 0.000003 0.000003 0.000003 0.000003 0.000003 0.000002 0.000002 0.000002 0.000002 0.000001 0.000001 0.000001 0.000001 0.000000 0.000000 0.000000 0.000000 0.000000 0.000000 0.000000 0.000000 0.000000 0.000000 0.000000 0.000000 0.000000 0.000000 0.000000 0.000000 0.000000 0.000000 0.000000 0.000000 0.000000 0.000000 0.000000 0.000000 0.000000 0.000000 0.000000 0.000000 0.000000 0.000000 0.000000 0.000000 0.000000 0.000000 0.000000 0.000000 0.000000 
0.000000 0.000000 0.000000 0.000000 0.000000 0.000000 0.000000 0.000000 0.000000 0.000000 0.000000 0.000000 0.000000 0.000000 0.000000 0.000000 0.000000 0.000000 0.000000 0.000000 0.000000 0.000000 0.000000 0.000000 0.000000 0.000000 0.000000 0.000000 0.000000 0.000000 0.000000 0.000000 0.000000 0.000000 0.000000 0.000001 0.000001 0.000001 0.000001 0.000002 0.000002 0.000003 0.000004 0.000004 0.000005 0.000006 0.000007 0.000007 0.000008 0.000008 0.000008 0.000008 0.000008 0.000007 0.000007 0.000006 0.000005 0.000004 0.000004 0.000003 0.000002 0.000002 0.000001 0.000001 0.000001 0.000001 0.000000 0.000000 0.000000 0.000000 0.000000 0.000000 0.000000 0.000000 0.000000 0.000000 0.000000 0.000000 0.000000 0.000000 0.000000 0.000000 0.000000 0.000000 0.000000 0.000000 0.000000 0.000000 0.000000 0.000000 0.000000 0.000000 0.000000 0.000000 0.000000 0.000000 0.000000 0.000000 0.000000 0.000000 
0.000000 0.000000 0.000000 0.000000 0.000000 0.000000 0.000000 0.000000 0.000000 0.000000 0.000000 0.000000 0.000000 0.000000 0.000000 0.000000 0.000000 0.000000 0.000000 0.000000 0.000000 0.000000 0.000000 0.000000 0.000000 0.000000 0.000000 0.000000 0.000000 0.000000 0.000000 0.000000 0.000000 0.000001 0.000001 0.000001 0.000002 0.000002 0.000003 0.000004 0.000006 0.000007 0.000009 0.000010 0.000012 0.000014 0.000015 0.000017 0.000018 0.000019 0.000019 0.000019 0.000018 0.000017 0.000015 0.000014 0.000012 0.000010 0.000009 0.000007 0.000006 0.000004 0.000003 0.000002 0.000002 0.000001 0.000001 0.000001 0.000000 0.000000 0.000000 0.000000 0.000000 0.000000 0.000000 0.000000 0.000000 0.000000 0.000000 0.000000 0.000000 0.000000 0.000000 0.000000 0.000000 0.000000 0.000000 0.000000 0.000000 0.000000 0.000000 0.000000 0.000000 0.000000 0.000000 0.000000 0.000000 0.000000 0.000000 0.000000 
0.000000 0.000000 0.000000 0.000000 0.000000 0.000000 0.000000 0.000000 0.000000 0.000000 0.000000 0.000000 0.000000 0.000000 0.000000 0.000000 0.000000 0.000000 0.000000 0.000000 0.000000 0.000000 0.000000 0.000000 0.000000 0.000000 0.000000 0.000000 0.000000 0.000000 0.000000 0.000001 0.000001 0.000001 0.000002 0.000003 0.000004 0.000006 0.000008 0.000010 0.000013 0.000016 0.000020 0.000024 0.000028 0.000032 0.000035 0.000039 0.000041 0.000043 0.000043 0.000043 0.000041 0.000039 0.000035 0.000032 0.000028 0.000024 0.000020 0.000016 0.000013 0.000010 0.000008 0.000006 0.000004 0.000003 0.000002 0.000001 0.000001 0.000001 0.000000 0.000000 0.000000 0.000000 0.000000 0.000000 0.000000 0.000000 0.000000 0.000000 0.000000 0.000000 0.000000 0.000000 0.000000 0.000000 0.000000 0.000000 0.000000 0.000000 0.000000 0.000000 0.000000 0.000000 0.000000 0.000000 0.000000 0.000000 0.000000 0.000000 
0.000000 0.000000 0.000000 0.000000 0.000000 0.000000 0.000000 0.000000 0.000000 0.000000 0.000000 0.000000 0.000000 0.000000 0.000000 0.000000 0.000000 0.000000 0.000000 0.000000 0.000000 0.000000 0.000000 0.000000 0.000000 0.000000 0.000000 0.000000 0.000000 0.000000 0.000001 0.000001 0.000002 0.000003 0.000004 0.000007 0.000009 0.000013 0.000017 0.000023 0.000029 0.000037 0.000045 0.000054 0.000063 0.000072 0.000080 0.000087 0.000092 0.000096 0.000097 0.000096 0.000092 0.000087 0.000080 0.000072 0.000063 0.000054 0.000045 0.000037 0.000029 0.000023 0.000017 0.000013 0.000009 0.000007 0.000004 0.000003 0.000002 0.000001 0.000001 0.000000 0.000000 0.000000 0.000000 0.000000 0.000000 0.000000 0.000000 0.000000 0.000000 0.000000 0.000000 0.000000 0.000000 0.000000 0.000000 0.000000 0.000000 0.000000 0.000000 0.000000 0.000000 0.000000 0.000000 0.000000 0.000000 0.000000 0.000000 0.000000 
0.000000 0.000000 0.000000 0.000000 0.000000 0.000000 0.000000 0.000000 0.000000 0.000000 0.000000 0.000000 0.000000 0.000000 0.000000 0.000000 0.000000 0.000000 0.000000 0.000000 0.000000 0.000000 0.000000 0.000000 0.000000 0.000000 0.000000 0.000000 0.000001 0.000001 0.000002 0.000003 0.000004 0.000007 0.000010 0.000014 0.000020 0.000028 0.000038 0.000050 0.000064 0.000081 0.000099 0.000119 0.000139 0.000159 0.000177 0.000192 0.000204 0.000211 0.000214 0.000211 0.000204 0.000192 0.000177 0.000159 0.000139 0.000119 0.000099 0.000081 0.000064 0.000050 0.000038 0.000028 0.000020 0.000014 0.000010 0.000007 0.000004 0.000003 0.000002 0.000001 0.000001 0.000000 0.000000 0.000000 0.000000 0.000000 0.000000 0.000000 0.000000 0.000000 0.000000 0.000000 0.000000 0.000000 0.000000 0.000000 0.000000 0.000000 0.000000 0.000000 0.000000 0.000000 0.000000 0.000000 0.000000 0.000000 0.000000 0.000000 
0.000000 0.000000 0.000000 0.000000 0.000000 0.000000 0.000000 0.000000 0.000000 0.000000 0.000000 0.000000 0.000000 0.000000 0.000000 0.000000 0.000000 0.000000 0.000000 0.000000 0.000000 0.000000 0.000000 0.000000 0.000000 0.000000 0.000000 0.000001 0.000001 0.000002 0.000004 0.000006 0.000010 0.000015 0.000022 0.000032 0.000045 0.000062 0.000083 0.000109 0.000140 0.000176 0.000215 0.000258 0.000301 0.000343 0.000382 0.000416 0.000441 0.000457 0.000463 0.000457 0.000441 0.000416 0.000382 0.000343 0.000301 0.000258 0.000215 0.000176 0.000140 0.000109 0.000083 0.000062 0.000045 0.000032 0.000022 0.000015 0.000010 0.000006 0.000004 0.000002 0.000001 0.000001 0.000000 0.000000 0.000000 0.000000 0.000000 0.000000 0.000000 0.000000 0.000000 0.000000 0.000000 0.000000 0.000000 0.000000 0.000000 0.000000 0.000000 0.000000 0.000000 0.000000 0.000000 0.000000 0.000000 0.000000 0.000000 0.000000 
0.000000 0.000000 0.000000 0.000000 0.000000 0.000000 0.000000 0.000000 0.000000 0.000000 0.000000 0.000000 0.000000 0.000000 0.000000 0.000000 0.000000 0.000000 0.000000 0.000000 0.000000 0.000000 0.000000 0.000000 0.000000 0.000001 0.000001 0.000002 0.000003 0.000005 0.000009 0.000014 0.000021 0.000032 0.000047 0.000068 0.000095 0.000131 0.000177 0.000232 0.000298 0.000374 0.000457 0.000547 0.000639 0.000728 0.000811 0.000881 0.000935 0.000970 0.000981 0.000970 0.000935 0.000881 0.000811 0.000728 0.000639 0.000547 0.000457 0.000374 0.000298 0.000232 0.000177 0.000131 0.000095 0.000068 0.000047 0.000032 0.000021 0.000014 0.000009 0.000005 0.000003 0.000002 0.000001 0.000001 0.000000 0.000000 0.000000 0.000000 0.000000 0.000000 0.000000 0.000000 0.000000 0.000000 0.000000 0.000000 0.000000 0.000000 0.000000 0.000000 0.000000 0.000000 0.000000 0.000000 0.000000 0.000000 0.000000 0.000000 
0.000000 0.000000 0.000000 0.000000 0.000000 0.000000 0.000000 0.000000 0.000000 0.000000 0.000000 0.000000 0.000000 0.000000 0.000000 0.000000 0.000000 0.000000 0.000000 0.000000 0.000000 0.000000 0.000000 0.000000 0.000001 0.000001 0.000002 0.000004 0.000007 0.000011 0.000018 0.000028 0.000044 0.000066 0.000098 0.000141 0.000199 0.000274 0.000369 0.000484 0.000621 0.000778 0.000952 0.001138 0.001328 0.001513 0.001684 0.001830 0.001943 0.002013 0.002037 0.002013 0.001943 0.001830 0.001684 0.001513 0.001328 0.001138 0.000952 0.000778 0.000621 0.000484 0.000369 0.000274 0.000199 0.000141 0.000098 0.000066 0.000044 0.000028 0.000018 0.000011 0.000007 0.000004 0.000002 0.000001 0.000001 0.000000 0.000000 0.000000 0.000000 0.000000 0.000000 0.000000 0.000000 0.000000 0.000000 0.000000 0.000000 0.000000 0.000000 0.000000 0.000000 0.000000 0.000000 0.000000 0.000000 0.000000 0.000000 0.000000 
0.000000 0.000000 0.000000 0.000000 0.000000 0.000000 0.000000 0.000000 0.000000 0.000000 0.000000 0.000000 0.000000 0.000000 0.000000 0.000000 0.000000 0.000000 0.000000 0.000000 0.000000 0.000000 0.000000 0.000001 0.000001 0.000003 0.000005 0.000008 0.000014 0.000023 0.000037 0.000059 0.000091 0.000137 0.000201 0.000290 0.000408 0.000561 0.000754 0.000989 0.001268 0.001587 0.001941 0.002318 0.002704 0.003081 0.003428 0.003725 0.003952 0.004096 0.004145 0.004096 0.003952 0.003725 0.003428 0.003081 0.002704 0.002318 0.001941 0.001587 0.001268 0.000989 0.000754 0.000561 0.000408 0.000290 0.000201 0.000137 0.000091 0.000059 0.000037 0.000023 0.000014 0.000008 0.000005 0.000003 0.000001 0.000001 0.000000 0.000000 0.000000 0.000000 0.000000 0.000000 0.000000 0.000000 0.000000 0.000000 0.000000 0.000000 0.000000 0.000000 0.000000 0.000000 0.000000 0.000000 0.000000 0.000000 0.000000 0.000000 
0.000000 0.000000 0.000000 0.000000 0.000000 0.000000 0.000000 0.000000 0.000000 0.000000 0.000000 0.000000 0.000000 0.000000 0.000000 0.000000 0.000000 0.000000 0.000000 0.000000 0.000000 0.000000 0.000001 0.000002 0.000003 0.000005 0.000010 0.000017 0.000028 0.000047 0.000075 0.000118 0.000183 0.000275 0.000405 0.000583 0.000819 0.001125 0.001510 0.001979 0.002535 0.003172 0.003876 0.004627 0.005396 0.006145 0.006835 0.007425 0.007877 0.008162 0.008259 0.008162 0.007877 0.007425 0.006835 0.006145 0.005396 0.004627 0.003876 0.003172 0.002535 0.001979 0.001510 0.001125 0.000819 0.000583 0.000405 0.000275 0.000183 0.000118 0.000075 0.000047 0.000028 0.000017 0.000010 0.000005 0.000003 0.000002 0.000001 0.000000 0.000000 0.000000 0.000000 0.000000 0.000000 0.000000 0.000000 0.000000 0.000000 0.000000 0.000000 0.000000 0.000000 0.000000 0.000000 0.000000 0.000000 0.000000 0.000000 0.000000 
0.000000 0.000000 0.000000 0.000000 0.000000 0.000000 0.000000 0.000000 0.000000 0.000000 0.000000 0.000000 0.000000 0.000000 0.000000 0.000000 0.000000 0.000000 0.000000 0.000000 0.000000 0.000001 0.000002 0.000003 0.000006 0.000011 0.000019 0.000033 0.000056 0.000092 0.000149 0.000234 0.000360 0.000542 0.000797 0.001146 0.001609 0.002208 0.002961 0.003879 0.004964 0.006207 0.007582 0.009047 0.010544 0.012003 0.013347 0.014495 0.015376 0.015930 0.016119 0.015930 0.015376 0.014495 0.013347 0.012003 0.010544 0.009047 0.007582 0.006207 0.004964 0.003879 0.002961 0.002208 0.001609 0.001146 0.000797 0.000542 0.000360 0.000234 0.000149 0.000092 0.000056 0.000033 0.000019 0.000011 0.000006 0.000003 0.000002 0.000001 0.000000 0.000000 0.000000 0.000000 0.000000 0.000000 0.000000 0.000000 0.000000 0.000000 0.000000 0.000000 0.000000 0.000000 0.000000 0.000000 0.000000 0.000000 0.000000 0.000000 
0.000000 0.000000 0.000000 0.000000 0.000000 0.000000 0.000000 0.000000 0.000000 0.000000 0.000000 0.000000 0.000000 0.000000 0.000000 0.000000 0.000000 0.000000 0.000000 0.000000 0.000001 0.000002 0.000003 0.000006 0.000012 0.000021 0.000038 0.000065 0.000109 0.000179 0.000288 0.000453 0.000696 0.001046 0.001537 0.002206 0.003095 0.004244 0.005686 0.007444 0.009521 0.011897 0.014524 0.017321 0.020179 0.022963 0.025526 0.027716 0.029395 0.030451 0.030812 0.030451 0.029395 0.027716 0.025526 0.022963 0.020179 0.017321 0.014524 0.011897 0.009521 0.007444 0.005686 0.004244 0.003095 0.002206 0.001537 0.001046 0.000696 0.000453 0.000288 0.000179 0.000109 0.000065 0.000038 0.000021 0.000012 0.000006 0.000003 0.000002 0.000001 0.000000 0.000000 0.000000 0.000000 0.000000 0.000000 0.000000 0.000000 0.000000 0.000000 0.000000 0.000000 0.000000 0.000000 0.000000 0.000000 0.000000 0.000000 0.000000 
0.000000 0.000000 0.000000 0.000000 0.000000 0.000000 0.000000 0.000000 0.000000 0.000000 0.000000 0.000000 0.000000 0.000000 0.000000 0.000000 0.000000 0.000000 0.000000 0.000001 0.000002 0.000003 0.000007 0.000012 0.000023 0.000041 0.000072 0.000123 0.000207 0.000340 0.000546 0.000857 0.001316 0.001976 0.002900 0.004159 0.005831 0.007988 0.010693 0.013988 0.017879 0.022328 0.027243 0.032474 0.037816 0.043020 0.047808 0.051898 0.055033 0.057005 0.057678 0.057005 0.055033 0.051898 0.047808 0.043020 0.037816 0.032474 0.027243 0.022328 0.017879 0.013988 0.010693 0.007988 0.005831 0.004159 0.002900 0.001976 0.001316 0.000857 0.000546 0.000340 0.000207 0.000123 0.000072 0.000041 0.000023 0.000012 0.000007 0.000003 0.000002 0.000001 0.000000 0.000000 0.000000 0.000000 0.000000 0.000000 0.000000 0.000000 0.000000 0.000000 0.000000 0.000000 0.000000 0.000000 0.000000 0.000000 0.000000 0.000000 
0.000000 0.000000 0.000000 0.000000 0.000000 0.000000 0.000000 0.000000 0.000000 0.000000 0.000000 0.000000 0.000000 0.000000 0.000000 0.000000 0.000000 0.000000 0.000001 0.000002 0.000003 0.000006 0.000012 0.000023 0.000042 0.000076 0.000133 0.000229 0.000384 0.000631 0.001012 0.001588 0.002437 0.003654 0.005357 0.007677 0.010752 0.014717 0.019687 0.025735 0.032873 0.041029 0.050034 0.059614 0.069394 0.078916 0.087674 0.095155 0.100888 0.104492 0.105722 0.104492 0.100888 0.095155 0.087674 0.078916 0.069394 0.059614 0.050034 0.041029 0.032873 0.025735 0.019687 0.014717 0.010752 0.007677 0.005357 0.003654 0.002437 0.001588 0.001012 0.000631 0.000384 0.000229 0.000133 0.000076 0.000042 0.000023 0.000012 0.000006 0.000003 0.000002 0.000001 0.000000 0.000000 0.000000 0.000000 0.000000 0.000000 0.000000 0.000000 0.000000 0.000000 0.000000 0.000000 0.000000 0.000000 0.000000 0.000000 0.000000 
0.000000 0.000000 0.000000 0.000000 0.000000 0.000000 0.000000 0.000000 0.000000 0.000000 0.000000 0.000000 0.000000 0.000000 0.000000 0.000000 0.000000 0.000001 0.000001 0.000003 0.000006 0.000012 0.000023 0.000042 0.000078 0.000139 0.000244 0.000418 0.000700 0.001147 0.001838 0.002881 0.004415 0.006615 0.009688 0.013869 0.019408 0.026545 0.035484 0.046353 0.059172 0.073812 0.089967 0.107145 0.124674 0.141735 0.157424 0.170821 0.181085 0.187538 0.189740 0.187538 0.181085 0.170821 0.157424 0.141735 0.124674 0.107145 0.089967 0.073812 0.059172 0.046353 0.035484 0.026545 0.019408 0.013869 0.009688 0.006615 0.004415 0.002881 0.001838 0.001147 0.000700 0.000418 0.000244 0.000139 0.000078 0.000042 0.000023 0.000012 0.000006 0.000003 0.000001 0.000001 0.000000 0.000000 0.000000 0.000000 0.000000 0.000000 0.000000 0.000000 0.000000 0.000000 0.000000 0.000000 0.000000 0.000000 0.000000 0.000000 
0.000000 0.000000 0.000000 0.000000 0.000000 0.000000 0.000000 0.000000 0.000000 0.000000 0.000000 0.000000 0.000000 0.000000 0.000000 0.000000 0.000001 0.000001 0.000003 0.000005 0.000011 0.000021 0.000041 0.000076 0.000139 0.000249 0.000435 0.000745 0.001246 0.002041 0.003267 0.005115 0.007829 0.011718 0.017146 0.024526 0.034293 0.046867 0.062603 0.081727 0.104267 0.129993 0.158367 0.188524 0.219284 0.249215 0.276728 0.300218 0.318211 0.329523 0.333382 0.329523 0.318211 0.300218 0.276728 0.249215 0.219284 0.188524 0.158367 0.129993 0.104267 0.081727 0.062603 0.046867 0.034293 0.024526 0.017146 0.011718 0.007829 0.005115 0.003267 0.002041 0.001246 0.000745 0.000435 0.000249 0.000139 0.000076 0.000041 0.000021 0.000011 0.000005 0.000003 0.000001 0.000001 0.000000 0.000000 0.000000 0.000000 0.000000 0.000000 0.000000 0.000000 0.000000 0.000000 0.000000 0.000000 0.000000 0.000000 0.000000 
0.000000 0.000000 0.000000 0.000000 0.000000 0.000000 0.000000 0.000000 0.000000 0.000000 0.000000 0.000000 0.000000 0.000000 0.000000 0.000000 0.000001 0.000002 0.000005 0.000010 0.000019 0.000038 0.000072 0.000133 0.000244 0.000435 0.000760 0.001299 0.002172 0.003552 0.005681 0.008885 0.013587 0.020316 0.029700 0.042447 0.059303 0.080989 0.108107 0.141042 0.179837 0.224092 0.272878 0.324707 0.377552 0.428954 0.476192 0.516513 0.547395 0.566806 0.573429 0.566806 0.547395 0.516513 0.476192 0.428954 0.377552 0.324707 0.272878 0.224092 0.179837 0.141042 0.108107 0.080989 0.059303 0.042447 0.029700 0.020316 0.013587 0.008885 0.005681 0.003552 0.002172 0.001299 0.000760 0.000435 0.000244 0.000133 0.000072 0.000038 0.000019 0.000010 0.000005 0.000002 0.000001 0.000000 0.000000 0.000000 0.000000 0.000000 0.000000 0.000000 0.000000 0.000000 0.000000 0.000000 0.000000 0.000000 0.000000 0.000000 
0.000000 0.000000 0.000000 0.000000 0.000000 0.000000 0.000000 0.000000 0.000000 0.000000 0.000000 0.000000 0.000000 0.000000 0.000000 0.000001 0.000002 0.000004 0.000008 0.000017 0.000033 0.000065 0.000123 0.000229 0.000418 0.000745 0.001299 0.002218 0.003704 0.006050 0.009666 0.015101 0.023071 0.034466 0.050343 0.071891 0.100364 0.136967 0.182710 0.238227 0.303586 0.378103 0.460213 0.547405 0.636274 0.722690 0.802084 0.869838 0.921722 0.954331 0.965456 0.954331 0.921722 0.869838 0.802084 0.722690 0.636274 0.547405 0.460213 0.378103 0.303586 0.238227 0.182710 0.136967 0.100364 0.071891 0.050343 0.034466 0.023071 0.015101 0.009666 0.006050 0.003704 0.002218 0.001299 0.000745 0.000418 0.000229 0.000123 0.000065 0.000033 0.000017 0.000008 0.000004 0.000002 0.000001 0.000000 0.000000 0.000000 0.000000 0.000000 0.000000 0.000000 0.000000 0.000000 0.000000 0.000000 0.000000 0.000000 0.000000 
0.000000 0.000000 0.000000 0.000000 0.000000 0.000000 0.000000 0.000000 0.000000 0.000000 0.000000 0.000000 0.000000 0.000000 0.000001 0.000001 0.000003 0.000007 0.000014 0.000028 0.000056 0.000109 0.000207 0.000384 0.000700 0.001246 0.002172 0.003704 0.006179 0.010082 0.016089 0.025112 0.038331 0.057213 0.083499 0.119146 0.166213 0.226677 0.302189 0.393782 0.501551 0.624360 0.759620 0.903194 1.049479 1.191681 1.322295 1.433738 1.519064 1.572685 1.590978 1.572685 1.519064 1.433738 1.322295 1.191681 1.049479 0.903194 0.759620 0.624360 0.501551 0.393782 0.302189 0.226677 0.166213 0.119146 0.083499 0.057213 0.038331 0.025112 0.016089 0.010082 0.006179 0.003704 0.002172 0.001246 0.000700 0.000384 0.000207 0.000109 0.000056 0.000028 0.000014 0.000007 0.000003 0.000001 0.000001 0.000000 0.000000 0.000000 0.000000 0.000000 0.000000 0.000000 0.000000 0.000000 0.000000 0.000000 0.000000 0.000000 
0.000000 0.000000 0.000000 0.000000 0.000000 0.000000 0.000000 0.000000 0.000000 0.000000 0.000000 0.000000 0.000000 0.000000 0.000001 0.000002 0.000005 0.000011 0.000023 0.000047 0.000092 0.000179 0.000340 0.000631 0.001147 0.002041 0.003552 0.006050 0.010082 0.016433 0.026200 0.040855 0.062305 0.092918 0.135501 0.193206 0.269341 0.367080 0.489070 0.636951 0.810858 1.008938 1.227006 1.458388 1.694058 1.923084 2.133397 2.312804 2.450147 2.536450 2.565890 2.536450 2.450147 2.312804 2.133397 1.923084 1.694058 1.458388 1.227006 1.008938 0.810858 0.636951 0.489070 0.367080 0.269341 0.193206 0.135501 0.092918 0.062305 0.040855 0.026200 0.016433 0.010082 0.006050 0.003552 0.002041 0.001147 0.000631 0.000340 0.000179 0.000092 0.000047 0.000023 0.000011 0.000005 0.000002 0.000001 0.000000 0.000000 0.000000 0.000000 0.000000 0.000000 0.000000 0.000000 0.000000 0.000000 0.000000 0.000000 0.000000 
0.000000 0.000000 0.000000 0.000000 0.000000 0.000000 0.000000 0.000000 0.000000 0.000000 0.000000 0.000000 0.000000 0.000001 0.000002 0.000004 0.000009 0.000018 0.000037 0.000075 0.000149 0.000288 0.000546 0.001012 0.001838 0.003267 0.005681 0.009666 0.016089 0.026200 0.041733 0.065019 0.099072 0.147632 0.215126 0.306522 0.427025 0.581623 0.774463 1.008105 1.282724 1.595373 1.939425 2.304350 2.675916 3.036907 3.368326 3.650989 3.867349 4.003291 4.049662 4.003291 3.867349 3.650989 3.368326 3.036907 2.675916 2.304350 1.939425 1.595373 1.282724 1.008105 0.774463 0.581623 0.427025 0.306522 0.215126 0.147632 0.099072 0.065019 0.041733 0.026200 0.016089 0.009666 0.005681 0.003267 0.001838 0.001012 0.000546 0.000288 0.000149 0.000075 0.000037 0.000018 0.000009 0.000004 0.000002 0.000001 0.000000 0.000000 0.000000 0.000000 0.000000 0.000000 0.000000 0.000000 0.000000 0.000000 0.000000 0.000000 
0.000000 0.000000 0.000000 0.000000 0.000000 0.000000 0.000000 0.000000 0.000000 0.000000 0.000000 0.000000 0.000001 0.000001 0.000003 0.000006 0.000014 0.000028 0.000059 0.000118 0.000234 0.000453 0.000857 0.001588 0.002881 0.005115 0.008885 0.015101 0.025112 0.040855 0.065019 0.101212 0.154098 0.229453 0.334114 0.475737 0.662343 0.901601 1.199872 1.561062 1.985393 2.468274 2.999448 3.562645 4.135916 4.692725 5.203805 5.639623 5.973169 6.182722 6.254199 6.182722 5.973169 5.639623 5.203805 4.692725 4.135916 3.562645 2.999448 2.468274 1.985393 1.561062 1.199872 0.901601 0.662343 0.475737 0.334114 0.229453 0.154098 0.101212 0.065019 0.040855 0.025112 0.015101 0.008885 0.005115 0.002881 0.001588 0.000857 0.000453 0.000234 0.000118 0.000059 0.000028 0.000014 0.000006 0.000003 0.000001 0.000001 0.000000 0.000000 0.000000 0.000000 0.000000 0.000000 0.000000 0.000000 0.000000 0.000000 0.000000 
0.000000 0.000000 0.000000 0.000000 0.000000 0.000000 0.000000 0.000000 0.000000 0.000000 0.000000 0.000000 0.000001 0.000002 0.000004 0.000010 0.000021 0.000044 0.000091 0.000183 0.000360 0.000696 0.001316 0.002437 0.004415 0.007829 0.013587 0.023071 0.038331 0.062305 0.099072 0.154098 0.234437 0.348826 0.507589 0.722279 1.004983 1.367243 1.818609 2.364914 3.006429 3.736154 4.538556 5.389049 6.254500 7.094887 7.866094 8.523622 9.026785 9.342876 9.450688 9.342876 9.026785 8.523622 7.866094 7.094887 6.254500 5.389049 4.538556 3.736154 3.006429 2.364914 1.818609 1.367243 1.004983 0.722279 0.507589 0.348826 0.234437 0.154098 0.099072 0.062305 0.038331 0.023071 0.013587 0.007829 0.004415 0.002437 0.001316 0.000696 0.000360 0.000183 0.000091 0.000044 0.000021 0.000010 0.000004 0.000002 0.000001 0.000000 0.000000 0.000000 0.000000 0.000000 0.000000 0.000000 0.000000 0.000000 0.000000 0.000000 
0.000000 0.000000 0.000000 0.000000 0.000000 0.000000 0.000000 0.000000 0.000000 0.000000 0.000000 0.000001 0.000001 0.000003 0.000007 0.000015 0.000032 0.000066 0.000137 0.000275 0.000542 0.001046 0.001976 0.003654 0.006615 0.011718 0.020316 0.034466 0.057213 0.092918 0.147632 0.229453 0.348826 0.518672 0.754248 1.072610 1.491582 2.028160 2.696379 3.504767 4.453626 5.532529 6.718462 7.975073 9.253428 10.494464 11.633114 12.603767 13.346455 13.812981 13.972097 13.812981 13.346455 12.603767 11.633114 10.494464 9.253428 7.975073 6.718462 5.532529 4.453626 3.504767 2.696379 2.028160 1.491582 1.072610 0.754248 0.518672 0.348826 0.229453 0.147632 0.092918 0.057213 0.034466 0.020316 0.011718 0.006615 0.003654 0.001976 0.001046 0.000542 0.000275 0.000137 0.000066 0.000032 0.000015 0.000007 0.000003 0.000001 0.000001 0.000000 0.000000 0.000000 0.000000 0.000000 0.000000 0.000000 0.000000 0.000000 0.000000 
0.000000 0.000000 0.000000 0.000000 0.000000 0.000000 0.000000 0.000000 0.000000 0.000000 0.000000 0.000001 0.000002 0.000004 0.000010 0.000022 0.000047 0.000098 0.000201 0.000405 0.000797 0.001537 0.002900 0.005357 0.009688 0.017146 0.029700 0.050343 0.083499 0.135501 0.215126 0.334114 0.507589 0.754248 1.096148 1.557924 2.165293 2.942747 3.910469 5.080659 6.453625 8.014177 9.728960 11.545395 13.392776 15.185822 16.830632 18.232554 19.305105 19.978785 20.208546 19.978785 19.305105 18.232554 16.830632 15.185822 13.392776 11.545395 9.728960 8.014177 6.453625 5.080659 3.910469 2.942747 2.165293 1.557924 1.096148 0.754248 0.507589 0.334114 0.215126 0.135501 0.083499 0.050343 0.029700 0.017146 0.009688 0.005357 0.002900 0.001537 0.000797 0.000405 0.000201 0.000098 0.000047 0.000022 0.000010 0.000004 0.000002 0.000001 0.000000 0.000000 0.000000 0.000000 0.000000 0.000000 0.000000 0.000000 0.000000 0.000000 
0.000000 0.000000 0.000000 0.000000 0.000000 0.000000 0.000000 0.000000 0.000000 0.000000 0.000001 0.000001 0.000003 0.000007 0.000014 0.000032 0.000068 0.000141 0.000290 0.000583 0.001146 0.002206 0.004159 0.007677 0.013869 0.024526 0.042447 0.071891 0.119146 0.193206 0.306522 0.475737 0.722279 1.072610 1.557924 2.213032 3.074237 4.176068 5.546928 7.203903 9.147256 11.355348 13.780897 16.349507 18.961232 21.495605 23.820044 25.800953 27.316301 28.268040 28.592622 28.268040 27.316301 25.800953 23.820044 21.495605 18.961232 16.349507 13.780897 11.355348 9.147256 7.203903 5.546928 4.176068 3.074237 2.213032 1.557924 1.072610 0.722279 0.475737 0.306522 0.193206 0.119146 0.071891 0.042447 0.024526 0.013869 0.007677 0.004159 0.002206 0.001146 0.000583 0.000290 0.000141 0.000068 0.000032 0.000014 0.000007 0.000003 0.000001 0.000001 0.000000 0.000000 0.000000 0.000000 0.000000 0.000000 0.000000 0.000000 0.000000 
0.000000 0.000000 0.000000 0.000000 0.000000 0.000000 0.000000 0.000000 0.000000 0.000000 0.000001 0.000002 0.000004 0.000009 0.000020 0.000045 0.000095 0.000199 0.000408 0.000819 0.001609 0.003095 0.005831 0.010752 0.019408 0.034293 0.059303 0.100364 0.166213 0.269341 0.427025 0.662343 1.004983 1.491582 2.165293 3.074237 4.268546 5.795853 7.695263 9.990196 12.680791 15.736912 19.093010 22.646114 26.258020 29.762256 32.975686 35.713841 37.808254 39.123597 39.572168 39.123597 37.808254 35.713841 32.975686 29.762256 26.258020 22.646114 19.093010 15.736912 12.680791 9.990196 7.695263 5.795853 4.268546 3.074237 2.165293 1.491582 1.004983 0.662343 0.427025 0.269341 0.166213 0.100364 0.059303 0.034293 0.019408 0.010752 0.005831 0.003095 0.001609 0.000819 0.000408 0.000199 0.000095 0.000045 0.000020 0.000009 0.000004 0.000002 0.000001 0.000000 0.000000 0.000000 0.000000 0.000000 0.000000 0.000000 0.000000 0.000000 
0.000000 0.000000 0.000000 0.000000 0.000000 0.000000 0.000000 0.000000 0.000000 0.000000 0.000001 0.000002 0.000006 0.000013 0.000028 0.000062 0.000131 0.000274 0.000561 0.001125 0.002208 0.004244 0.007988 0.014717 0.026545 0.046867 0.080989 0.136967 0.226677 0.367080 0.581623 0.901601 1.367243 2.028160 2.942747 4.176068 5.795853 7.866378 10.440329 13.549121 17.192659 21.329910 25.871999 30.679527 35.565564 40.305071 44.650590 48.352936 51.184597 52.962840 53.569255 52.962840 51.184597 48.352936 44.650590 40.305071 35.565564 30.679527 25.871999 21.329910 17.192659 13.549121 10.440329 7.866378 5.795853 4.176068 2.942747 2.028160 1.367243 0.901601 0.581623 0.367080 0.226677 0.136967 0.080989 0.046867 0.026545 0.014717 0.007988 0.004244 0.002208 0.001125 0.000561 0.000274 0.000131 0.000062 0.000028 0.000013 0.000006 0.000002 0.000001 0.000000 0.000000 0.000000 0.000000 0.000000 0.000000 0.000000 0.000000 0.000000 
0.000000 0.000000 0.000000 0.000000 0.000000 0.000000 0.000000 0.000000 0.000000 0.000001 0.000001 0.000003 0.000008 0.000017 0.000038 0.000083 0.000177 0.000369 0.000754 0.001510 0.002961 0.005686 0.010693 0.019687 0.035484 0.062603 0.108107 0.182710 0.302189 0.489070 0.774463 1.199872 1.818609 2.696379 3.910469 5.546928 7.695263 10.440329 13.851568 17.970222 22.795817 28.273738 34.286138 40.648449 47.113364 53.383323 59.131248 64.027871 67.772627 70.124145 70.926036 70.124145 67.772627 64.027871 59.131248 53.383323 47.113364 40.648449 34.286138 28.273738 22.795817 17.970222 13.851568 10.440329 7.695263 5.546928 3.910469 2.696379 1.818609 1.199872 0.774463 0.489070 0.302189 0.182710 0.108107 0.062603 0.035484 0.019687 0.010693 0.005686 0.002961 0.001510 0.000754 0.000369 0.000177 0.000083 0.000038 0.000017 0.000008 0.000003 0.000001 0.000001 0.000000 0.000000 0.000000 0.000000 0.000000 0.000000 0.000000 0.000000 
0.000000 0.000000 0.000000 0.000000 0.000000 0.000000 0.000000 0.000000 0.000000 0.000001 0.000002 0.000004 0.000010 0.000023 0.000050 0.000109 0.000232 0.000484 0.000989 0.001979 0.003879 0.007444 0.013988 0.025735 0.046353 0.081727 0.141042 0.238227 0.393782 0.636951 1.008105 1.561062 2.364914 3.504767 5.080659 7.203903 9.990196 13.549121 17.970222 23.306484 29.556877 36.650339 44.434066 52.669058 61.035313 69.147992 76.584232 82.918451 87.762245 90.803743 91.840895 90.803743 87.762245 82.918451 76.584232 69.147992 61.035313 52.669058 44.434066 36.650339 29.556877 23.306484 17.970222 13.549121 9.990196 7.203903 5.080659 3.504767 2.364914 1.561062 1.008105 0.636951 0.393782 0.238227 0.141042 0.081727 0.046353 0.025735 0.013988 0.007444 0.003879 0.001979 0.000989 0.000484 0.000232 0.000109 0.000050 0.000023 0.000010 0.000004 0.000002 0.000001 0.000000 0.000000 0.000000 0.000000 0.000000 0.000000 0.000000 0.000000 
0.000000 0.000000 0.000000 0.000000 0.000000 0.000000 0.000000 0.000000 0.000000 0.000001 0.000002 0.000006 0.000013 0.000029 0.000064 0.000140 0.000298 0.000621 0.001268 0.002535 0.004964 0.009521 0.017879 0.032873 0.059172 0.104267 0.179837 0.303586 0.501551 0.810858 1.282724 1.985393 3.006429 4.453626 6.453625 9.147256 12.680791 17.192659 22.795817 29.556877 37.474057 46.456968 56.311878 66.736123 77.324743 87.590944 97.000011 105.013919 111.141731 114.989300 116.301291 114.989300 111.141731 105.013919 97.000011 87.590944 77.324743 66.736123 56.311878 46.456968 37.474057 29.556877 22.795817 17.192659 12.680791 9.147256 6.453625 4.453626 3.006429 1.985393 1.282724 0.810858 0.501551 0.303586 0.179837 0.104267 0.059172 0.032873 0.017879 0.009521 0.004964 0.002535 0.001268 0.000621 0.000298 0.000140 0.000064 0.000029 0.000013 0.000006 0.000002 0.000001 0.000000 0.000000 0.000000 0.000000 0.000000 0.000000 0.000000 0.000000 
0.000000 0.000000 0.000000 0.000000 0.000000 0.000000 0.000000 0.000000 0.000001 0.000001 0.000003 0.000007 0.000016 0.000037 0.000081 0.000176 0.000374 0.000778 0.001587 0.003172 0.006207 0.011897 0.022328 0.041029 0.073812 0.129993 0.224092 0.378103 0.624360 1.008938 1.595373 2.468274 3.736154 5.532529 8.014177 11.355348 15.736912 21.329910 28.273738 36.650339 46.456968 57.581250 69.783009 82.687437 95.793349 108.498527 120.141668 130.057519 137.639151 142.399344 144.022498 142.399344 137.639151 130.057519 120.141668 108.498527 95.793349 82.687437 69.783009 57.581250 46.456968 36.650339 28.273738 21.329910 15.736912 11.355348 8.014177 5.532529 3.736154 2.468274 1.595373 1.008938 0.624360 0.378103 0.224092 0.129993 0.073812 0.041029 0.022328 0.011897 0.006207 0.003172 0.001587 0.000778 0.000374 0.000176 0.000081 0.000037 0.000016 0.000007 0.000003 0.000001 0.000001 0.000000 0.000000 0.000000 0.000000 0.000000 0.000000 0.000000 
0.000000 0.000000 0.000000 0.000000 0.000000 0.000000 0.000000 0.000000 0.000001 0.000002 0.000004 0.000009 0.000020 0.000045 0.000099 0.000215 0.000457 0.000952 0.001941 0.003876 0.007582 0.014524 0.027243 0.050034 0.089967 0.158367 0.272878 0.460213 0.759620 1.227006 1.939425 2.999448 4.538556 6.718462 9.728960 13.780897 19.093010 25.871999 34.286138 44.434066 56.311878 69.783009 84.556338 100.177988 116.041378 131.417919 145.507743 157.506367 166.679942 172.439425 174.403283 172.439425 166.679942 157.506367 145.507743 131.417919 116.041378 100.177988 84.556338 69.783009 56.311878 44.434066 34.286138 25.871999 19.093010 13.780897 9.728960 6.718462 4.538556 2.999448 1.939425 1.227006 0.759620 0.460213 0.272878 0.158367 0.089967 0.050034 0.027243 0.014524 0.007582 0.003876 0.001941 0.000952 0.000457 0.000215 0.000099 0.000045 0.000020 0.000009 0.000004 0.000002 0.000001 0.000000 0.000000 0.000000 0.000000 0.000000 0.000000 0.000000 
0.000000 0.000000 0.000000 0.000000 0.000000 0.000000 0.000000 0.000000 0.000001 0.000002 0.000004 0.000010 0.000024 0.000054 0.000119 0.000258 0.000547 0.001138 0.002318 0.004627 0.009047 0.017321 0.032474 0.059614 0.107145 0.188524 0.324707 0.547405 0.903194 1.458388 2.304350 3.562645 5.389049 7.975073 11.545395 16.349507 22.646114 30.679527 40.648449 52.669058 66.736123 82.687437 100.177988 118.670340 137.446590 155.644711 172.318564 186.516717 197.371383 204.186077 206.509700 204.186077 197.371383 186.516717 172.318564 155.644711 137.446590 118.670340 100.177988 82.687437 66.736123 52.669058 40.648449 30.679527 22.646114 16.349507 11.545395 7.975073 5.389049 3.562645 2.304350 1.458388 0.903194 0.547405 0.324707 0.188524 0.107145 0.059614 0.032474 0.017321 0.009047 0.004627 0.002318 0.001138 0.000547 0.000258 0.000119 0.000054 0.000024 0.000010 0.000004 0.000002 0.000001 0.000000 0.000000 0.000000 0.000000 0.000000 0.000000 0.000000 
