0.000000 0.000000 0.000000 0.000000 0.000000 0.000000 0.000000 0.000000 0.000000 0.000000 0.000000 0.000000 0.000000 0.000000 0.000000 0.000000 0.000000 0.000000 0.000000 0.000001 0.000001 0.000001 0.000002 0.000002 0.000003 0.000005 0.000006 0.000008 0.000011 0.000014 0.000018 0.000023 0.000029 0.000036 0.000044 0.000053 0.000063 0.000075 0.000087 0.000100 0.000114 0.000128 0.000142 0.000156 0.000169 0.000181 0.000191 0.000200 0.000206 0.000210 0.000211 0.000210 0.000206 0.000200 0.000191 0.000181 0.000169 0.000156 0.000142 0.000128 0.000114 0.000100 0.000087 0.000075 0.000063 0.000053 0.000044 0.000036 0.000029 0.000023 0.000018 0.000014 0.000011 0.000008 0.000006 0.000005 0.000003 0.000002 0.000002 0.000001 0.000001 0.000001 0.000000 0.000000 0.000000 0.000000 0.000000 0.000000 0.000000 0.000000 0.000000 0.000000 0.000000 0.000000 0.000000 0.000000 0.000000 0.000000 0.000000 0.000000 
0.000000 0.000000 0.000000 0.000000 0.000000 0.000000 0.000000 0.000000 0.000000 0.000000 0.000000 0.000000 0.000000 0.000000 0.000000 0.000000 0.000000 0.000000 0.000000 0.000001 0.000001 0.000001 0.000002 0.000002 0.000003 0.000005 0.000006 0.000008 0.000011 0.000014 0.000018 0.000023 0.000029 0.000036 0.000044 0.000053 0.000063 0.000075 0.000087 0.000100 0.000114 0.000128 0.000142 0.000156 0.000169 0.000181 0.000191 0.000200 0.000206 0.000210 0.000211 0.000210 0.000206 0.000200 0.000191 0.000181 0.000169 0.000156 0.000142 0.000128 0.000114 0.000100 0.000087 0.000075 0.000063 0.000053 0.000044 0.000036 0.000029 0.000023 0.000018 0.000014 0.000011 0.000008 0.000006 0.000005 0.000003 0.000002 0.000002 0.000001 0.000001 0.000001 0.000000 0.000000 0.000000 0.000000 0.000000 0.000000 0.000000 0.000000 0.000000 0.000000 0.000000 0.000000 0.000000 0.000000 0.000000 0.000000 0.000000 0.000000 
0.000000 0.000000 0.000000 0.000000 0.000000 0.000000 0.000000 0.000000 0.000000 0.000000 0.000000 0.000000 0.000000 0.000000 0.000000 0.000000 0.000000 0.000000 0.000001 0.000001 0.000001 0.000002 0.000002 0.000003 0.000004 0.000006 0.000008 0.000011 0.000014 0.000019 0.000024 0.000030 0.000038 0.000047 0.000058 0.000070 0.000084 0.000099 0.000116 0.000133 0.000152 0.000170 0.000189 0.000207 0.000225 0.000240 0.000254 0.000265 0.000274 0.000279 0.000280 0.000279 0.000274 0.000265 0.000254 0.000240 0.000225 0.000207 0.000189 0.000170 0.000152 0.000133 0.000116 0.000099 0.000084 0.000070 0.000058 0.000047 0.000038 0.000030 0.000024 0.000019 0.000014 0.000011 0.000008 0.000006 0.000004 0.000003 0.000002 0.000002 0.000001 0.000001 0.000001 0.000000 0.000000 0.000000 0.000000 0.000000 0.000000 0.000000 0.000000 0.000000 0.000000 0.000000 0.000000 0.000000 0.000000 0.000000 0.000000 0.000000 
0.000000 0.000000 0.000000 0.000000 0.000000 0.000000 0.000000 0.000000 0.000000 0.000000 0.000000 0.000000 0.000000 0.000000 0.000000 0.000000 0.000000 0.000001 0.000001 0.000001 0.000002 0.000003 0.000004 0.000005 0.000007 0.000010 0.000013 0.000017 0.000023 0.000029 0.000038 0.000048 0.000060 0.000074 0.000091 0.000110 0.000131 0.000155 0.000181 0.000208 0.000237 0.000266 0.000296 0.000324 0.000351 0.000376 0.000397 0.000414 0.000427 0.000435 0.000438 0.000435 0.000427 0.000414 0.000397 0.000376 0.000351 0.000324 0.000296 0.000266 0.000237 0.000208 0.000181 0.000155 0.000131 0.000110 0.000091 0.000074 0.000060 0.000048 0.000038 0.000029 0.000023 0.000017 0.000013 0.000010 0.000007 0.000005 0.000004 0.000003 0.000002 0.000001 0.000001 0.000001 0.000000 0.000000 0.000000 0.000000 0.000000 0.000000 0.000000 0.000000 0.000000 0.000000 0.000000 0.000000 0.000000 0.000000 0.000000 0.000000 
0.000000 0.000000 0.000000 0.000000 0.000000 0.000000 0.000000 0.000000 0.000000 0.000000 0.000000 0.000000 0.000000 0.000000 0.000000 0.000000 0.000001 0.000001 0.000001 0.000002 0.000003 0.000004 0.000006 0.000008 0.000012 0.000016 0.000021 0.000029 0.000038 0.000049 0.000063 0.000080 0.000100 0.000124 0.000151 0.000183 0.000219 0.000258 0.000301 0.000346 0.000394 0.000442 0.000491 0.000538 0.000583 0.000624 0.000659 0.000688 0.000709 0.000723 0.000727 0.000723 0.000709 0.000688 0.000659 0.000624 0.000583 0.000538 0.000491 0.000442 0.000394 0.000346 0.000301 0.000258 0.000219 0.000183 0.000151 0.000124 0.000100 0.000080 0.000063 0.000049 0.000038 0.000029 0.000021 0.000016 0.000012 0.000008 0.000006 0.000004 0.000003 0.000002 0.000001 0.000001 0.000001 0.000000 0.000000 0.000000 0.000000 0.000000 0.000000 0.000000 0.000000 0.000000 0.000000 0.000000 0.000000 0.000000 0.000000 0.000000 
0.000000 0.000000 0.000000 0.000000 0.000000 0.000000 0.000000 0.000000 0.000000 0.000000 0.000000 0.000000 0.000000 0.000000 0.000000 0.000001 0.000001 0.000002 0.000002 0.000003 0.000005 0.000007 0.000010 0.000014 0.000020 0.000027 0.000036 0.000048 0.000063 0.000082 0.000106 0.000134 0.000168 0.000209 0.000255 0.000309 0.000368 0.000435 0.000506 0.000583 0.000663 0.000745 0.000827 0.000906 0.000981 0.001050 0.001109 0.001158 0.001194 0.001216 0.001224 0.001216 0.001194 0.001158 0.001109 0.001050 0.000981 0.000906 0.000827 0.000745 0.000663 0.000583 0.000506 0.000435 0.000368 0.000309 0.000255 0.000209 0.000168 0.000134 0.000106 0.000082 0.000063 0.000048 0.000036 0.000027 0.000020 0.000014 0.000010 0.000007 0.000005 0.000003 0.000002 0.000002 0.000001 0.000001 0.000000 0.000000 0.000000 0.000000 0.000000 0.000000 0.000000 0.000000 0.000000 0.000000 0.000000 0.000000 0.000000 0.000000 
0.000000 0.000000 0.000000 0.000000 0.000000 0.000000 0.000000 0.000000 0.000000 0.000000 0.000000 0.000000 0.000000 0.000000 0.000001 0.000001 0.000002 0.000003 0.000004 0.000006 0.000009 0.000012 0.000017 0.000024 0.000033 0.000045 0.000061 0.000081 0.000107 0.000139 0.000178 0.000226 0.000283 0.000351 0.000429 0.000518 0.000619 0.000730 0.000850 0.000979 0.001113 0.001250 0.001387 0.001521 0.001646 0.001761 0.001861 0.001942 0.002003 0.002040 0.002052 0.002040 0.002003 0.001942 0.001861 0.001761 0.001646 0.001521 0.001387 0.001250 0.001113 0.000979 0.000850 0.000730 0.000619 0.000518 0.000429 0.000351 0.000283 0.000226 0.000178 0.000139 0.000107 0.000081 0.000061 0.000045 0.000033 0.000024 0.000017 0.000012 0.000009 0.000006 0.000004 0.000003 0.000002 0.000001 0.000001 0.000000 0.000000 0.000000 0.000000 0.000000 0.000000 0.000000 0.000000 0.000000 0.000000 0.000000 0.000000 0.000000 
0.000000 0.000000 0.000000 0.000000 0.000000 0.000000 0.000000 0.000000 0.000000 0.000000 0.000000 0.000000 0.000001 0.000001 0.000001 0.000002 0.000003 0.000005 0.000007 0.000010 0.000014 0.000020 0.000029 0.000040 0.000055 0.000076 0.000102 0.000135 0.000178 0.000231 0.000297 0.000377 0.000472 0.000584 0.000715 0.000863 0.001031 0.001215 0.001416 0.001629 0.001852 0.002080 0.002308 0.002529 0.002738 0.002929 0.003095 0.003230 0.003330 0.003392 0.003413 0.003392 0.003330 0.003230 0.003095 0.002929 0.002738 0.002529 0.002308 0.002080 0.001852 0.001629 0.001416 0.001215 0.001031 0.000863 0.000715 0.000584 0.000472 0.000377 0.000297 0.000231 0.000178 0.000135 0.000102 0.000076 0.000055 0.000040 0.000029 0.000020 0.000014 0.000010 0.000007 0.000005 0.000003 0.000002 0.000001 0.000001 0.000001 0.000000 0.000000 0.000000 0.000000 0.000000 0.000000 0.000000 0.000000 0.000000 0.000000 0.000000 
0.000000 0.000000 0.000000 0.000000 0.000000 0.000000 0.000000 0.000000 0.000000 0.000000 0.000000 0.000001 0.000001 0.000001 0.000002 0.000003 0.000005 0.000008 0.000011 0.000016 0.000024 0.000034 0.000048 0.000066 0.000092 0.000125 0.000168 0.000224 0.000294 0.000382 0.000490 0.000622 0.000779 0.000963 0.001178 0.001423 0.001698 0.002002 0.002332 0.002683 0.003050 0.003424 0.003799 0.004163 0.004507 0.004820 0.005092 0.005315 0.005480 0.005581 0.005615 0.005581 0.005480 0.005315 0.005092 0.004820 0.004507 0.004163 0.003799 0.003424 0.003050 0.002683 0.002332 0.002002 0.001698 0.001423 0.001178 0.000963 0.000779 0.000622 0.000490 0.000382 0.000294 0.000224 0.000168 0.000125 0.000092 0.000066 0.000048 0.000034 0.000024 0.000016 0.000011 0.000008 0.000005 0.000003 0.000002 0.000001 0.000001 0.000001 0.000000 0.000000 0.000000 0.000000 0.000000 0.000000 0.000000 0.000000 0.000000 0.000000 
0.000000 0.000000 0.000000 0.000000 0.000000 0.000000 0.000000 0.000000 0.000000 0.000000 0.000001 0.000001 0.000001 0.000002 0.000004 0.000005 0.000008 0.000012 0.000018 0.000027 0.000039 0.000055 0.000078 0.000109 0.000150 0.000204 0.000275 0.000365 0.000480 0.000623 0.000800 0.001014 0.001270 0.001571 0.001920 0.002319 0.002767 0.003261 0.003798 0.004369 0.004966 0.005575 0.006184 0.006776 0.007335 0.007844 0.008287 0.008649 0.008917 0.009081 0.009137 0.009081 0.008917 0.008649 0.008287 0.007844 0.007335 0.006776 0.006184 0.005575 0.004966 0.004369 0.003798 0.003261 0.002767 0.002319 0.001920 0.001571 0.001270 0.001014 0.000800 0.000623 0.000480 0.000365 0.000275 0.000204 0.000150 0.000109 0.000078 0.000055 0.000039 0.000027 0.000018 0.000012 0.000008 0.000005 0.000004 0.000002 0.000001 0.000001 0.000001 0.000000 0.000000 0.000000 0.000000 0.000000 0.000000 0.000000 0.000000 0.000000 
0.000000 0.000000 0.000000 0.000000 0.000000 0.000000 0.000000 0.000000 0.000000 0.000001 0.000001 0.000001 0.000002 0.000004 0.000006 0.000009 0.000013 0.000020 0.000030 0.000043 0.000062 0.000089 0.000126 0.000176 0.000242 0.000330 0.000444 0.000590 0.000775 0.001006 0.001290 0.001635 0.002047 0.002532 0.003095 0.003737 0.004457 0.005253 0.006116 0.007035 0.007994 0.008975 0.009954 0.010906 0.011805 0.012623 0.013334 0.013915 0.014346 0.014611 0.014700 0.014611 0.014346 0.013915 0.013334 0.012623 0.011805 0.010906 0.009954 0.008975 0.007994 0.007035 0.006116 0.005253 0.004457 0.003737 0.003095 0.002532 0.002047 0.001635 0.001290 0.001006 0.000775 0.000590 0.000444 0.000330 0.000242 0.000176 0.000126 0.000089 0.000062 0.000043 0.000030 0.000020 0.000013 0.000009 0.000006 0.000004 0.000002 0.000001 0.000001 0.000001 0.000000 0.000000 0.000000 0.000000 0.000000 0.000000 0.000000 0.000000 
0.000000 0.000000 0.000000 0.000000 0.000000 0.000000 0.000000 0.000000 0.000001 0.000001 0.000001 0.000002 0.000004 0.000006 0.000009 0.000014 0.000021 0.000032 0.000047 0.000069 0.000100 0.000143 0.000201 0.000281 0.000387 0.000527 0.000708 0.000942 0.001237 0.001605 0.002058 0.002607 0.003263 0.004036 0.004931 0.005952 0.007099 0.008365 0.009738 0.011199 0.012724 0.014283 0.015839 0.017353 0.018781 0.020082 0.021212 0.022136 0.022820 0.023240 0.023382 0.023240 0.022820 0.022136 0.021212 0.020082 0.018781 0.017353 0.015839 0.014283 0.012724 0.011199 0.009738 0.008365 0.007099 0.005952 0.004931 0.004036 0.003263 0.002607 0.002058 0.001605 0.001237 0.000942 0.000708 0.000527 0.000387 0.000281 0.000201 0.000143 0.000100 0.000069 0.000047 0.000032 0.000021 0.000014 0.000009 0.000006 0.000004 0.000002 0.000001 0.000001 0.000001 0.000000 0.000000 0.000000 0.000000 0.000000 0.000000 0.000000 
0.000000 0.000000 0.000000 0.000000 0.000000 0.000000 0.000000 0.000001 0.000001 0.000001 0.000002 0.000004 0.000006 0.000009 0.000015 0.000022 0.000034 0.000051 0.000075 0.000109 0.000158 0.000226 0.000318 0.000444 0.000611 0.000831 0.001118 0.001486 0.001951 0.002531 0.003244 0.004109 0.005142 0.006358 0.007767 0.009374 0.011178 0.013168 0.015327 0.017625 0.020023 0.022473 0.024918 0.027297 0.029541 0.031584 0.033361 0.034811 0.035886 0.036547 0.036770 0.036547 0.035886 0.034811 0.033361 0.031584 0.029541 0.027297 0.024918 0.022473 0.020023 0.017625 0.015327 0.013168 0.011178 0.009374 0.007767 0.006358 0.005142 0.004109 0.003244 0.002531 0.001951 0.001486 0.001118 0.000831 0.000611 0.000444 0.000318 0.000226 0.000158 0.000109 0.000075 0.000051 0.000034 0.000022 0.000015 0.000009 0.000006 0.000004 0.000002 0.000001 0.000001 0.000001 0.000000 0.000000 0.000000 0.000000 0.000000 0.000000 
0.000000 0.000000 0.000000 0.000000 0.000000 0.000000 0.000000 0.000001 0.000001 0.000002 0.000004 0.000006 0.000009 0.000015 0.000023 0.000035 0.000053 0.000079 0.000117 0.000171 0.000247 0.000353 0.000497 0.000693 0.000954 0.001298 0.001745 0.002318 0.003042 0.003946 0.005056 0.006403 0.008010 0.009902 0.012094 0.014593 0.017398 0.020493 0.023849 0.027420 0.031147 0.034954 0.038754 0.042449 0.045936 0.049109 0.051869 0.054122 0.055791 0.056817 0.057163 0.056817 0.055791 0.054122 0.051869 0.049109 0.045936 0.042449 0.038754 0.034954 0.031147 0.027420 0.023849 0.020493 0.017398 0.014593 0.012094 0.009902 0.008010 0.006403 0.005056 0.003946 0.003042 0.002318 0.001745 0.001298 0.000954 0.000693 0.000497 0.000353 0.000247 0.000171 0.000117 0.000079 0.000053 0.000035 0.000023 0.000015 0.000009 0.000006 0.000004 0.000002 0.000001 0.000001 0.000000 0.000000 0.000000 0.000000 0.000000 0.000000 
0.000000 0.000000 0.000000 0.000000 0.000000 0.000000 0.000001 0.000001 0.000002 0.000004 0.000006 0.000009 0.000015 0.000023 0.000035 0.000054 0.000082 0.000123 0.000181 0.000265 0.000382 0.000545 0.000768 0.001069 0.001472 0.002002 0.002691 0.003573 0.004689 0.006080 0.007790 0.009862 0.012335 0.015245 0.018615 0.022459 0.026771 0.031528 0.036685 0.042172 0.047898 0.053746 0.059583 0.065258 0.070613 0.075486 0.079723 0.083182 0.085745 0.087320 0.087852 0.087320 0.085745 0.083182 0.079723 0.075486 0.070613 0.065258 0.059583 0.053746 0.047898 0.042172 0.036685 0.031528 0.026771 0.022459 0.018615 0.015245 0.012335 0.009862 0.007790 0.006080 0.004689 0.003573 0.002691 0.002002 0.001472 0.001069 0.000768 0.000545 0.000382 0.000265 0.000181 0.000123 0.000082 0.000054 0.000035 0.000023 0.000015 0.000009 0.000006 0.000004 0.000002 0.000001 0.000001 0.000000 0.000000 0.000000 0.000000 0.000000 
0.000000 0.000000 0.000000 0.000000 0.000000 0.000001 0.000001 0.000002 0.000003 0.000005 0.000009 0.000014 0.000022 0.000035 0.000054 0.000083 0.000125 0.000187 0.000277 0.000404 0.000583 0.000832 0.001172 0.001632 0.002245 0.003053 0.004102 0.005446 0.007144 0.009262 0.011863 0.015015 0.018777 0.023201 0.028325 0.034166 0.040719 0.047948 0.055782 0.064117 0.072813 0.081695 0.090558 0.099174 0.107304 0.114702 0.121133 0.126384 0.130273 0.132664 0.133471 0.132664 0.130273 0.126384 0.121133 0.114702 0.107304 0.099174 0.090558 0.081695 0.072813 0.064117 0.055782 0.047948 0.040719 0.034166 0.028325 0.023201 0.018777 0.015015 0.011863 0.009262 0.007144 0.005446 0.004102 0.003053 0.002245 0.001632 0.001172 0.000832 0.000583 0.000404 0.000277 0.000187 0.000125 0.000083 0.000054 0.000035 0.000022 0.000014 0.000009 0.000005 0.000003 0.000002 0.000001 0.000001 0.000000 0.000000 0.000000 0.000000 
0.000000 0.000000 0.000000 0.000000 0.000001 0.000001 0.000002 0.000003 0.000005 0.000008 0.000013 0.000021 0.000034 0.000053 0.000082 0.000125 0.000190 0.000283 0.000418 0.000610 0.000880 0.001255 0.001768 0.002461 0.003385 0.004601 0.006180 0.008204 0.010760 0.013945 0.017858 0.022597 0.028253 0.034902 0.042602 0.051380 0.061224 0.072081 0.083847 0.096363 0.109419 0.122752 0.136055 0.148988 0.161189 0.172291 0.181942 0.189821 0.195657 0.199245 0.200455 0.199245 0.195657 0.189821 0.181942 0.172291 0.161189 0.148988 0.136055 0.122752 0.109419 0.096363 0.083847 0.072081 0.061224 0.051380 0.042602 0.034902 0.028253 0.022597 0.017858 0.013945 0.010760 0.008204 0.006180 0.004601 0.003385 0.002461 0.001768 0.001255 0.000880 0.000610 0.000418 0.000283 0.000190 0.000125 0.000082 0.000053 0.000034 0.000021 0.000013 0.000008 0.000005 0.000003 0.000002 0.000001 0.000001 0.000000 0.000000 0.000000 
0.000000 0.000000 0.000000 0.000001 0.000001 0.000002 0.000003 0.000005 0.000008 0.000012 0.000020 0.000032 0.000051 0.000079 0.000123 0.000187 0.000283 0.000423 0.000624 0.000911 0.001314 0.001872 0.002636 0.003668 0.005044 0.006855 0.009205 0.012215 0.016017 0.020754 0.026572 0.033616 0.042020 0.051901 0.063339 0.076375 0.090994 0.107114 0.124580 0.143159 0.162536 0.182322 0.202062 0.221251 0.239352 0.255822 0.270138 0.281825 0.290482 0.295804 0.297599 0.295804 0.290482 0.281825 0.270138 0.255822 0.239352 0.221251 0.202062 0.182322 0.162536 0.143159 0.124580 0.107114 0.090994 0.076375 0.063339 0.051901 0.042020 0.033616 0.026572 0.020754 0.016017 0.012215 0.009205 0.006855 0.005044 0.003668 0.002636 0.001872 0.001314 0.000911 0.000624 0.000423 0.000283 0.000187 0.000123 0.000079 0.000051 0.000032 0.000020 0.000012 0.000008 0.000005 0.000003 0.000002 0.000001 0.000001 0.000000 0.000000 
0.000000 0.000000 0.000001 0.000001 0.000001 0.000002 0.000004 0.000007 0.000011 0.000018 0.000030 0.000047 0.000075 0.000117 0.000181 0.000277 0.000418 0.000624 0.000922 0.001344 0.001937 0.002759 0.003885 0.005404 0.007430 0.010094 0.013551 0.017978 0.023568 0.030530 0.039080 0.049429 0.061775 0.076286 0.093082 0.112221 0.133680 0.157339 0.182970 0.210229 0.238657 0.267683 0.296638 0.324781 0.351327 0.375479 0.396472 0.413610 0.426303 0.434106 0.436738 0.434106 0.426303 0.413610 0.396472 0.375479 0.351327 0.324781 0.296638 0.267683 0.238657 0.210229 0.182970 0.157339 0.133680 0.112221 0.093082 0.076286 0.061775 0.049429 0.039080 0.030530 0.023568 0.017978 0.013551 0.010094 0.007430 0.005404 0.003885 0.002759 0.001937 0.001344 0.000922 0.000624 0.000418 0.000277 0.000181 0.000117 0.000075 0.000047 0.000030 0.000018 0.000011 0.000007 0.000004 0.000002 0.000001 0.000001 0.000001 0.000001 
0.000001 0.000001 0.000001 0.000001 0.000002 0.000003 0.000006 0.000010 0.000016 0.000027 0.000043 0.000069 0.000109 0.000171 0.000265 0.000404 0.000610 0.000911 0.001344 0.001959 0.002823 0.004021 0.005658 0.007869 0.010816 0.014690 0.019717 0.026152 0.034275 0.044391 0.056810 0.071839 0.089766 0.110831 0.135209 0.162984 0.194120 0.228443 0.265623 0.305160 0.346386 0.388474 0.430456 0.471259 0.509741 0.544753 0.575182 0.600023 0.618421 0.629730 0.633545 0.629730 0.618421 0.600023 0.575182 0.544753 0.509741 0.471259 0.430456 0.388474 0.346386 0.305160 0.265623 0.228443 0.194120 0.162984 0.135209 0.110831 0.089766 0.071839 0.056810 0.044391 0.034275 0.026152 0.019717 0.014690 0.010816 0.007869 0.005658 0.004021 0.002823 0.001959 0.001344 0.000911 0.000610 0.000404 0.000265 0.000171 0.000109 0.000069 0.000043 0.000027 0.000016 0.000010 0.000006 0.000004 0.000002 0.000001 0.000001 0.000001 
0.000001 0.000001 0.000001 0.000002 0.000003 0.000005 0.000009 0.000014 0.000024 0.000039 0.000062 0.000100 0.000158 0.000247 0.000382 0.000583 0.000880 0.001314 0.001937 0.002823 0.004067 0.005790 0.008146 0.011326 0.015562 0.021131 0.028355 0.037600 0.049269 0.063795 0.081625 0.103199 0.128927 0.159154 0.194129 0.233969 0.278625 0.327845 0.381153 0.437835 0.496932 0.557258 0.617428 0.675901 0.731046 0.781213 0.824814 0.860404 0.886763 0.902965 0.908432 0.902965 0.886763 0.860404 0.824814 0.781213 0.731046 0.675901 0.617428 0.557258 0.496932 0.437835 0.381153 0.327845 0.278625 0.233969 0.194129 0.159154 0.128927 0.103199 0.081625 0.063795 0.049269 0.037600 0.028355 0.021131 0.015562 0.011326 0.008146 0.005790 0.004067 0.002823 0.001937 0.001314 0.000880 0.000583 0.000382 0.000247 0.000158 0.000100 0.000062 0.000039 0.000024 0.000014 0.000009 0.000005 0.000003 0.000002 0.000002 0.000002 
0.000001 0.000001 0.000002 0.000003 0.000004 0.000007 0.000012 0.000020 0.000034 0.000055 0.000089 0.000143 0.000226 0.000353 0.000545 0.000832 0.001255 0.001872 0.002759 0.004021 0.005790 0.008240 0.011590 0.016110 0.022130 0.030042 0.040303 0.053430 0.069996 0.090614 0.115917 0.146527 0.183023 0.225893 0.275489 0.331977 0.395282 0.465047 0.540598 0.620920 0.704656 0.790126 0.875365 0.958194 1.036305 1.107360 1.169111 1.219514 1.256844 1.279789 1.287531 1.279789 1.256844 1.219514 1.169111 1.107360 1.036305 0.958194 0.875365 0.790126 0.704656 0.620920 0.540598 0.465047 0.395282 0.331977 0.275489 0.225893 0.183023 0.146527 0.115917 0.090614 0.069996 0.053430 0.040303 0.030042 0.022130 0.016110 0.011590 0.008240 0.005790 0.004021 0.002759 0.001872 0.001255 0.000832 0.000545 0.000353 0.000226 0.000143 0.000089 0.000055 0.000034 0.000020 0.000012 0.000007 0.000004 0.000003 0.000002 0.000002 
0.000002 0.000002 0.000002 0.000004 0.000006 0.000010 0.000017 0.000029 0.000048 0.000078 0.000126 0.000201 0.000318 0.000497 0.000768 0.001172 0.001768 0.002636 0.003885 0.005658 0.008146 0.011590 0.016297 0.022647 0.031102 0.042212 0.056615 0.075039 0.098284 0.127209 0.162698 0.205624 0.256794 0.316891 0.386406 0.465568 0.554270 0.652012 0.757847 0.870353 0.987628 1.107318 1.226677 1.342652 1.452012 1.551489 1.637936 1.708495 1.760750 1.792869 1.803705 1.792869 1.760750 1.708495 1.637936 1.551489 1.452012 1.342652 1.226677 1.107318 0.987628 0.870353 0.757847 0.652012 0.554270 0.465568 0.386406 0.316891 0.256794 0.205624 0.162698 0.127209 0.098284 0.075039 0.056615 0.042212 0.031102 0.022647 0.016297 0.011590 0.008146 0.005658 0.003885 0.002636 0.001768 0.001172 0.000768 0.000497 0.000318 0.000201 0.000126 0.000078 0.000048 0.000029 0.000017 0.000010 0.000006 0.000004 0.000003 0.000003 
0.000002 0.000002 0.000003 0.000005 0.000008 0.000014 0.000024 0.000040 0.000066 0.000109 0.000176 0.000281 0.000444 0.000693 0.001069 0.001632 0.002461 0.003668 0.005404 0.007869 0.011326 0.016110 0.022647 0.031463 0.043200 0.058617 0.078601 0.104157 0.136394 0.176500 0.225698 0.285194 0.356104 0.439372 0.535674 0.645323 0.768171 0.903520 1.050059 1.205816 1.368160 1.533833 1.699032 1.859537 2.010877 2.148532 2.268151 2.365782 2.438085 2.482525 2.497517 2.482525 2.438085 2.365782 2.268151 2.148532 2.010877 1.859537 1.699032 1.533833 1.368160 1.205816 1.050059 0.903520 0.768171 0.645323 0.535674 0.439372 0.356104 0.285194 0.225698 0.176500 0.136394 0.104157 0.078601 0.058617 0.043200 0.031463 0.022647 0.016110 0.011326 0.007869 0.005404 0.003668 0.002461 0.001632 0.001069 0.000693 0.000444 0.000281 0.000176 0.000109 0.000066 0.000040 0.000024 0.000014 0.000009 0.000006 0.000004 0.000004 
0.000003 0.000003 0.000004 0.000007 0.000012 0.000020 0.000033 0.000055 0.000092 0.000150 0.000242 0.000387 0.000611 0.000954 0.001472 0.002245 0.003385 0.005044 0.007430 0.010816 0.015562 0.022130 0.031102 0.043200 0.059300 0.080445 0.107848 0.142883 0.187068 0.242028 0.309436 0.390938 0.488061 0.602090 0.733949 0.884062 1.052222 1.237472 1.438013 1.651148 1.873273 2.099933 2.325927 2.545484 2.752491 2.940769 3.104371 3.237895 3.336777 3.397552 3.418056 3.397552 3.336777 3.237895 3.104371 2.940769 2.752491 2.545484 2.325927 2.099933 1.873273 1.651148 1.438013 1.237472 1.052222 0.884062 0.733949 0.602090 0.488061 0.390938 0.309436 0.242028 0.187068 0.142883 0.107848 0.080445 0.059300 0.043200 0.031102 0.022130 0.015562 0.010816 0.007430 0.005044 0.003385 0.002245 0.001472 0.000954 0.000611 0.000387 0.000242 0.000150 0.000092 0.000056 0.000033 0.000020 0.000012 0.000008 0.000006 0.000006 
0.000005 0.000005 0.000006 0.000010 0.000016 0.000027 0.000045 0.000076 0.000125 0.000204 0.000330 0.000527 0.000831 0.001298 0.002002 0.003053 0.004601 0.006855 0.010094 0.014690 0.021131 0.030042 0.042212 0.058617 0.080445 0.109107 0.146242 0.193711 0.253566 0.328002 0.419281 0.529628 0.661101 0.815436 0.993879 1.196996 1.424503 1.675102 1.946355 2.234613 2.535004 2.841499 3.147070 3.443917 3.723781 3.978310 4.199471 4.379965 4.513627 4.595778 4.623493 4.595778 4.513627 4.379965 4.199471 3.978310 3.723781 3.443917 3.147070 2.841499 2.535004 2.234613 1.946355 1.675102 1.424503 1.196996 0.993879 0.815436 0.661101 0.529628 0.419281 0.328002 0.253566 0.193711 0.146242 0.109107 0.080445 0.058617 0.042212 0.030042 0.021131 0.014690 0.010094 0.006855 0.004601 0.003053 0.002002 0.001298 0.000831 0.000527 0.000330 0.000204 0.000125 0.000076 0.000045 0.000027 0.000017 0.000011 0.000008 0.000008 
0.000006 0.000006 0.000008 0.000013 0.000021 0.000036 0.000061 0.000102 0.000168 0.000275 0.000444 0.000708 0.001118 0.001745 0.002691 0.004102 0.006180 0.009205 0.013551 0.019717 0.028355 0.040303 0.056615 0.078601 0.107848 0.146242 0.195977 0.259539 0.339672 0.439308 0.561468 0.709122 0.885017 1.091470 1.330136 1.601770 1.905982 2.241034 2.603662 2.988984 3.390488 3.800119 4.208483 4.605163 4.979126 5.319219 5.614715 5.855867 6.034445 6.144199 6.181227 6.144199 6.034445 5.855867 5.614715 5.319219 4.979126 4.605163 4.208483 3.800119 3.390488 2.988984 2.603662 2.241034 1.905982 1.601770 1.330136 1.091470 0.885017 0.709122 0.561468 0.439308 0.339672 0.259539 0.195977 0.146242 0.107848 0.078601 0.056615 0.040303 0.028355 0.019717 0.013551 0.009205 0.006180 0.004102 0.002691 0.001745 0.001118 0.000708 0.000444 0.000275 0.000168 0.000102 0.000061 0.000037 0.000022 0.000014 0.000011 0.000011 
0.000008 0.000008 0.000011 0.000017 0.000029 0.000048 0.000081 0.000135 0.000224 0.000365 0.000590 0.000942 0.001486 0.002318 0.003573 0.005446 0.008204 0.012215 0.017978 0.026152 0.037600 0.053430 0.075039 0.104157 0.142883 0.193711 0.259539 0.343654 0.449678 0.581483 0.743058 0.938321 1.170898 1.443840 1.759329 2.118350 2.520385 2.963125 3.442257 3.951326 4.481726 5.022820 5.562203 6.086119 6.580004 7.029137 7.419359 7.737806 7.973616 8.118544 8.167437 8.118544 7.973616 7.737806 7.419359 7.029137 6.580004 6.086119 5.562203 5.022820 4.481726 3.951326 3.442257 2.963125 2.520385 2.118350 1.759329 1.443840 1.170898 0.938321 0.743058 0.581483 0.449678 0.343654 0.259539 0.193711 0.142883 0.104157 0.075039 0.053430 0.037600 0.026152 0.017978 0.012215 0.008204 0.005446 0.003573 0.002318 0.001486 0.000942 0.000590 0.000365 0.000224 0.000136 0.000082 0.000049 0.000030 0.000019 0.000015 0.000015 
0.000011 0.000011 0.000014 0.000023 0.000038 0.000063 0.000107 0.000178 0.000294 0.000480 0.000775 0.001237 0.001951 0.003042 0.004689 0.007144 0.010760 0.016017 0.023568 0.034275 0.049269 0.069996 0.098284 0.136394 0.187068 0.253566 0.339672 0.449678 0.588312 0.760629 0.971832 1.227034 1.530958 1.887582 2.299744 2.768722 3.293827 3.872038 4.497712 5.162421 5.854925 6.561337 7.265468 7.949366 8.594028 9.180250 9.689559 10.105177 10.412936 10.602080 10.665890 10.602080 10.412936 10.105177 9.689559 9.180250 8.594028 7.949366 7.265468 6.561337 5.854925 5.162421 4.497712 3.872038 3.293827 2.768722 2.299744 1.887582 1.530958 1.227034 0.971832 0.760629 0.588312 0.449678 0.339672 0.253566 0.187068 0.136394 0.098284 0.069996 0.049269 0.034275 0.023568 0.016017 0.010760 0.007144 0.004689 0.003042 0.001951 0.001237 0.000775 0.000480 0.000294 0.000178 0.000107 0.000064 0.000039 0.000025 0.000019 0.000019 
0.000014 0.000014 0.000019 0.000029 0.000049 0.000082 0.000139 0.000231 0.000382 0.000623 0.001006 0.001605 0.002531 0.003946 0.006080 0.009262 0.013945 0.020754 0.030530 0.044391 0.063795 0.090614 0.127209 0.176500 0.242028 0.328002 0.439308 0.581483 0.760629 0.983266 1.256103 1.585730 1.978235 2.438741 2.970896 3.576338 4.254166 5.000469 5.807959 6.665752 7.559342 8.470813 9.379281 10.261594 11.093246 11.849473 12.506459 13.042572 13.439547 13.683518 13.765824 13.683518 13.439547 13.042572 12.506459 11.849473 11.093246 10.261594 9.379281 8.470813 7.559342 6.665752 5.807959 5.000469 4.254166 3.576338 2.970896 2.438741 1.978235 1.585730 1.256103 0.983266 0.760629 0.581483 0.439308 0.328002 0.242028 0.176500 0.127209 0.090614 0.063795 0.044391 0.030530 0.020754 0.013945 0.009262 0.006080 0.003946 0.002531 0.001605 0.001006 0.000624 0.000382 0.000232 0.000139 0.000084 0.000051 0.000033 0.000025 0.000025 
0.000018 0.000018 0.000024 0.000038 0.000063 0.000106 0.000178 0.000297 0.000490 0.000800 0.001290 0.002058 0.003244 0.005056 0.007790 0.011863 0.017858 0.026572 0.039080 0.056810 0.081625 0.115917 0.162698 0.225698 0.309436 0.419281 0.561468 0.743058 0.971832 1.256103 1.604419 2.025180 2.526137 3.113811 3.792841 4.565300 5.430024 6.382011 7.411956 8.505970 9.645555 10.807862 11.966267 13.091259 14.151605 15.115745 15.953330 16.636796 17.142872 17.453889 17.558812 17.453889 17.142872 16.636796 15.953330 15.115745 14.151605 13.091259 11.966267 10.807862 9.645555 8.505970 7.411956 6.382011 5.430024 4.565300 3.792841 3.113811 2.526137 2.025180 1.604419 1.256103 0.971832 0.743058 0.561468 0.419281 0.309436 0.225698 0.162698 0.115917 0.081625 0.056810 0.039080 0.026572 0.017858 0.011863 0.007790 0.005056 0.003244 0.002058 0.001290 0.000800 0.000490 0.000298 0.000179 0.000107 0.000065 0.000042 0.000032 0.000032 
0.000023 0.000023 0.000030 0.000048 0.000080 0.000134 0.000226 0.000377 0.000622 0.001014 0.001635 0.002607 0.004109 0.006403 0.009862 0.015015 0.022597 0.033616 0.049429 0.071839 0.103199 0.146527 0.205624 0.285194 0.390938 0.529628 0.709122 0.938321 1.227034 1.585730 2.025180 2.555959 3.187825 3.928981 4.785258 5.759248 6.849467 8.049596 9.347891 10.726841 12.163125 13.627951 15.087774 16.505415 17.841531 19.056373 20.111717 20.972852 21.610470 22.002324 22.134517 22.002324 21.610470 20.972852 20.111717 19.056373 17.841531 16.505415 15.087774 13.627951 12.163125 10.726841 9.347891 8.049596 6.849467 5.759248 4.785258 3.928981 3.187825 2.555959 2.025180 1.585730 1.227034 0.938321 0.709122 0.529628 0.390938 0.285194 0.205624 0.146527 0.103199 0.071839 0.049429 0.033616 0.022597 0.015015 0.009862 0.006403 0.004109 0.002607 0.001635 0.001014 0.000622 0.000377 0.000227 0.000136 0.000083 0.000054 0.000041 0.000041 
0.000029 0.000029 0.000038 0.000060 0.000100 0.000168 0.000283 0.000472 0.000779 0.001270 0.002047 0.003263 0.005142 0.008010 0.012335 0.018777 0.028253 0.042020 0.061775 0.089766 0.128927 0.183023 0.256794 0.356104 0.488061 0.661101 0.885017 1.170898 1.530958 1.978235 2.526137 3.187825 3.975438 4.899177 5.966283 7.179966 8.538353 10.033554 11.650927 13.368647 15.157665 16.982121 18.800243 20.565741 22.229638 23.742452 25.056607 26.128898 26.922849 27.410773 27.575374 27.410773 26.922849 26.128898 25.056607 23.742452 22.229638 20.565741 18.800243 16.982121 15.157665 13.368647 11.650927 10.033554 8.538353 7.179966 5.966283 4.899177 3.975438 3.187825 2.526137 1.978235 1.530958 1.170898 0.885017 0.661101 0.488061 0.356104 0.256794 0.183023 0.128927 0.089766 0.061775 0.042020 0.028253 0.018777 0.012335 0.008010 0.005142 0.003263 0.002047 0.001270 0.000779 0.000473 0.000284 0.000171 0.000104 0.000067 0.000051 0.000051 
0.000036 0.000036 0.000047 0.000074 0.000124 0.000209 0.000351 0.000584 0.000963 0.001571 0.002532 0.004036 0.006358 0.009902 0.015245 0.023201 0.034902 0.051901 0.076286 0.110831 0.159154 0.225893 0.316891 0.439372 0.602090 0.815436 1.091470 1.443840 1.887582 2.438741 3.113811 3.928981 4.899177 6.036935 7.351145 8.845731 10.518366 12.359314 14.350531 16.465140 18.667379 20.913107 23.150920 25.323859 27.371664 29.233462 30.850724 32.170306 33.147341 33.747771 33.950325 33.747771 33.147341 32.170306 30.850724 29.233462 27.371664 25.323859 23.150920 20.913107 18.667379 16.465140 14.350531 12.359314 10.518366 8.845731 7.351145 6.036935 4.899177 3.928981 3.113811 2.438741 1.887582 1.443840 1.091470 0.815436 0.602090 0.439372 0.316891 0.225893 0.159154 0.110831 0.076286 0.051901 0.034902 0.023201 0.015245 0.009902 0.006358 0.004036 0.002532 0.001571 0.000964 0.000585 0.000352 0.000211 0.000129 0.000083 0.000063 0.000063 
0.000044 0.000044 0.000058 0.000091 0.000151 0.000255 0.000429 0.000715 0.001178 0.001920 0.003095 0.004931 0.007767 0.012094 0.018615 0.028325 0.042602 0.063339 0.093082 0.135209 0.194129 0.275489 0.386406 0.535674 0.733949 0.993879 1.330136 1.759329 2.299744 2.970896 3.792841 4.785258 5.966283 7.351145 8.950629 10.769483 12.804846 15.044846 17.467514 20.040139 22.719209 25.451032 28.173091 30.816120 33.306846 35.571257 37.538198 39.143059 40.331297 41.061513 41.307850 41.061513 40.331297 39.143059 37.538198 35.571257 33.306846 30.816120 28.173091 25.451032 22.719209 20.040139 17.467514 15.044846 12.804846 10.769483 8.950629 7.351145 5.966283 4.785258 3.792841 2.970896 2.299744 1.759329 1.330136 0.993879 0.733949 0.535674 0.386406 0.275489 0.194129 0.135209 0.093082 0.063339 0.042602 0.028325 0.018615 0.012094 0.007767 0.004931 0.003095 0.001920 0.001179 0.000716 0.000431 0.000259 0.000157 0.000102 0.000077 0.000077 
0.000053 0.000053 0.000070 0.000110 0.000183 0.000309 0.000518 0.000863 0.001423 0.002319 0.003737 0.005952 0.009374 0.014593 0.022459 0.034166 0.051380 0.076375 0.112221 0.162984 0.233969 0.331977 0.465568 0.645323 0.884062 1.196996 1.601770 2.118350 2.768722 3.576338 4.565300 5.759248 7.179966 8.845731 10.769483 12.956895 15.404495 18.097983 21.010921 24.103968 27.324808 30.608898 33.881094 37.058155 40.052030 42.773788 45.137932 47.066838 48.494977 49.372611 49.668677 49.372611 48.494977 47.066838 45.137932 42.773788 40.052030 37.058155 33.881094 30.608898 27.324808 24.103968 21.010921 18.097983 15.404495 12.956895 10.769483 8.845731 7.179966 5.759248 4.565300 3.576338 2.768722 2.118350 1.601770 1.196996 0.884062 0.645323 0.465568 0.331977 0.233969 0.162984 0.112221 0.076375 0.051380 0.034166 0.022459 0.014593 0.009374 0.005952 0.003737 0.002319 0.001424 0.000865 0.000521 0.000313 0.000190 0.000123 0.000094 0.000094 
0.000063 0.000063 0.000084 0.000131 0.000219 0.000368 0.000619 0.001031 0.001698 0.002767 0.004457 0.007099 0.011178 0.017398 0.026771 0.040719 0.061224 0.090994 0.133680 0.194120 0.278625 0.395282 0.554270 0.768171 1.052222 1.424503 1.905982 2.520385 3.293827 4.254166 5.430024 6.849467 8.538353 10.518366 12.804846 15.404495 18.313154 21.513800 24.974996 28.649984 32.476603 36.378176 40.265448 44.039554 47.595928 50.828962 53.637137 55.928283 57.624594 58.667019 59.018674 58.667019 57.624594 55.928283 53.637137 50.828962 47.595928 44.039554 40.265448 36.378176 32.476603 28.649984 24.974996 21.513800 18.313154 15.404495 12.804846 10.518366 8.538353 6.849467 5.430024 4.254166 3.293827 2.520385 1.905982 1.424503 1.052222 0.768171 0.554270 0.395282 0.278625 0.194120 0.133680 0.090994 0.061224 0.040719 0.026771 0.017398 0.011178 0.007099 0.004457 0.002767 0.001699 0.001032 0.000622 0.000373 0.000227 0.000147 0.000112 0.000112 
0.000075 0.000075 0.000099 0.000155 0.000258 0.000435 0.000730 0.001215 0.002002 0.003261 0.005253 0.008365 0.013168 0.020493 0.031528 0.047948 0.072081 0.107114 0.157339 0.228443 0.327845 0.465047 0.652012 0.903520 1.237472 1.675102 2.241034 2.963125 3.872038 5.000469 6.382011 8.049596 10.033554 12.359314 15.044846 18.097983 21.513800 25.272275 29.336471 33.651468 38.144276 42.724880 47.288506 51.719114 55.893981 59.689173 62.985556 65.674974 67.666130 68.889733 69.302505 68.889733 67.666130 65.674974 62.985556 59.689173 55.893981 51.719114 47.288506 42.724880 38.144276 33.651468 29.336471 25.272275 21.513800 18.097983 15.044846 12.359314 10.033554 8.049596 6.382011 5.000469 3.872038 2.963125 2.241034 1.675102 1.237472 0.903520 0.652012 0.465047 0.327845 0.228443 0.157339 0.107114 0.072081 0.047948 0.031528 0.020493 0.013168 0.008365 0.005253 0.003262 0.002003 0.001217 0.000733 0.000440 0.000268 0.000174 0.000132 0.000132 
0.000087 0.000087 0.000116 0.000181 0.000301 0.000506 0.000850 0.001416 0.002332 0.003798 0.006116 0.009738 0.015327 0.023849 0.036685 0.055782 0.083847 0.124580 0.182970 0.265623 0.381153 0.540598 0.757847 1.050059 1.438013 1.946355 2.603662 3.442257 4.497712 5.807959 7.411956 9.347891 11.650927 14.350531 17.467514 21.010921 24.974996 29.336471 34.052455 39.059209 44.272038 49.586508 54.881078 60.021151 64.864389 69.267056 73.090992 76.210771 78.520523 79.939896 80.418709 79.939896 78.520523 76.210771 73.090992 69.267056 64.864389 60.021151 54.881078 49.586508 44.272038 39.059209 34.052455 29.336471 24.974996 21.010921 17.467514 14.350531 11.650927 9.347891 7.411956 5.807959 4.497712 3.442257 2.603662 1.946355 1.438013 1.050059 0.757847 0.540598 0.381153 0.265623 0.182970 0.124580 0.083847 0.055782 0.036685 0.023849 0.015327 0.009738 0.006116 0.003798 0.002333 0.001418 0.000854 0.000513 0.000313 0.000203 0.000154 0.000154 
0.000100 0.000100 0.000133 0.000208 0.000346 0.000583 0.000979 0.001629 0.002683 0.004369 0.007035 0.011199 0.017625 0.027420 0.042172 0.064117 0.096363 0.143159 0.210229 0.305160 0.437835 0.620920 0.870353 1.205816 1.651148 2.234613 2.988984 3.951326 5.162421 6.665752 8.505970 10.726841 13.368647 16.465140 20.040139 24.103968 28.649984 33.651468 39.059209 44.800104 50.777034 56.870266 62.940471 68.833361 74.385791 79.433018 83.816702 87.393099 90.040880 91.667965 92.216844 91.667965 90.040880 87.393099 83.816702 79.433018 74.385791 68.833361 62.940471 56.870266 50.777034 44.800104 39.059209 33.651468 28.649984 24.103968 20.040139 16.465140 13.368647 10.726841 8.505970 6.665752 5.162421 3.951326 2.988984 2.234613 1.651148 1.205816 0.870353 0.620920 0.437835 0.305160 0.210229 0.143159 0.096363 0.064117 0.042172 0.027420 0.017625 0.011199 0.007035 0.004370 0.002684 0.001631 0.000983 0.000591 0.000360 0.000233 0.000177 0.000177 
0.000114 0.000114 0.000152 0.000237 0.000394 0.000663 0.001113 0.001852 0.003050 0.004966 0.007994 0.012724 0.020023 0.031147 0.047898 0.072813 0.109419 0.162536 0.238657 0.346386 0.496932 0.704656 0.987628 1.368160 1.873273 2.535004 3.390488 4.481726 5.854925 7.559342 9.645555 12.163125 15.157665 18.667379 22.719209 27.324808 32.476603 38.144276 44.272038 50.777034 57.549217 64.452930 71.330334 78.006654 84.297094 90.015060 94.981215 99.032759 102.032282 103.875502 104.497291 103.875502 102.032282 99.032759 94.981215 90.015060 84.297094 78.006654 71.330334 64.452930 57.549217 50.777034 44.272038 38.144276 32.476603 27.324808 22.719209 18.667379 15.157665 12.163125 9.645555 7.559342 5.854925 4.481726 3.390488 2.535004 1.873273 1.368160 0.987628 0.704656 0.496932 0.346386 0.238657 0.162536 0.109419 0.072813 0.047898 0.031147 0.020023 0.012725 0.007995 0.004966 0.003051 0.001855 0.001118 0.000672 0.000410 0.000265 0.000202 0.000202 
0.000128 0.000128 0.000170 0.000266 0.000442 0.000745 0.001250 0.002080 0.003424 0.005575 0.008975 0.014283 0.022473 0.034954 0.053746 0.081695 0.122752 0.182322 0.267683 0.388474 0.557258 0.790126 1.107318 1.533833 2.099933 2.841499 3.800119 5.022820 6.561337 8.470813 10.807862 13.627951 16.982121 20.913107 25.451032 30.608898 36.378176 42.724880 49.586508 56.870266 64.452930 72.182618 79.882625 87.357304 94.399802 100.801259 106.360948 110.896658 114.254596 116.318050 117.014130 116.318050 114.254596 110.896658 106.360948 100.801259 94.399802 87.357304 79.882625 72.182618 64.452930 56.870266 49.586508 42.724880 36.378176 30.608898 25.451032 20.913107 16.982121 13.627951 10.807862 8.470813 6.561337 5.022820 3.800119 2.841499 2.099933 1.533833 1.107318 0.790126 0.557258 0.388474 0.267683 0.182322 0.122752 0.081695 0.053746 0.034954 0.022473 0.014283 0.008975 0.005576 0.003426 0.002083 0.001256 0.000755 0.000460 0.000298 0.000227 0.000227 
0.000142 0.000142 0.000189 0.000296 0.000491 0.000827 0.001387 0.002308 0.003799 0.006184 0.009954 0.015839 0.024918 0.038754 0.059583 0.090558 0.136055 0.202062 0.296638 0.430456 0.617428 0.875365 1.226677 1.699032 2.325927 3.147070 4.208483 5.562203 7.265468 9.379281 11.966267 15.087774 18.800243 23.150920 28.173091 33.881094 40.265448 47.288506 54.881078 62.940471 71.330334 79.882625 88.401856 96.671595 104.463026 111.545123 117.695861 122.713703 126.428548 128.711308 129.481366 128.711308 126.428548 122.713703 117.695861 111.545123 104.463026 96.671595 88.401856 79.882625 71.330334 62.940471 54.881078 47.288506 40.265448 33.881094 28.173091 23.150920 18.800243 15.087774 11.966267 9.379281 7.265468 5.562203 4.208483 3.147070 2.325927 1.699032 1.226677 0.875365 0.617428 0.430456 0.296638 0.202062 0.136055 0.090558 0.059583 0.038754 0.024918 0.015840 0.009954 0.006185 0.003801 0.002311 0.001393 0.000838 0.000511 0.000331 0.000252 0.000252 
