0.000000 0.000000 0.000000 0.000000 0.000000 0.000000 0.000000 0.000000 0.000000 0.000000 0.000000 0.000000 0.000000 0.000000 0.000000 0.000000 0.000000 0.000000 0.000000 0.000000 0.000000 0.000000 0.000000 0.000000 0.000000 0.000000 0.000000 0.000000 0.000000 0.000000 0.000000 0.000000 0.000000 0.000000 0.000000 0.000000 0.000000 0.000000 0.000000 0.000000 0.000000 0.000000 0.000000 0.000000 0.000000 0.000000 0.000000 0.000000 0.000000 0.000000 0.000000 0.000000 0.000000 0.000000 0.000000 0.000000 0.000000 0.000000 0.000000 0.000000 0.000000 0.000000 0.000000 0.000000 0.000000 0.000000 0.000000 0.000000 0.000000 0.000000 0.000000 0.000000 0.000000 0.000000 0.000000 0.000000 0.000000 0.000000 0.000000 0.000000 0.000000 0.000000 0.000000 0.000000 0.000000 0.000000 0.000000 0.000000 0.000000 0.000000 0.000000 0.000000 0.000000 0.000000 0.000000 0.000000 0.000000 0.000000 0.000000 0.000000 
0.000000 0.000000 0.000000 0.000000 0.000000 0.000000 0.000000 0.000000 0.000000 0.000000 0.000000 0.000000 0.000000 0.000000 0.000000 0.000000 0.000000 0.000000 0.000000 0.000000 0.000000 0.000000 0.000000 0.000000 0.000000 0.000000 0.000000 0.000000 0.000000 0.000000 0.000000 0.000000 0.000000 0.000000 0.000000 0.000000 0.000000 0.000000 0.000000 0.000000 0.000000 0.000000 0.000000 0.000000 0.000000 0.000000 0.000000 0.000000 0.000000 0.000000 0.000000 0.000000 0.000000 0.000000 0.000000 0.000000 0.000000 0.000000 0.000000 0.000000 0.000000 0.000000 0.000000 0.000000 0.000000 0.000000 0.000000 0.000000 0.000000 0.000000 0.000000 0.000000 0.000000 0.000000 0.000000 0.000000 0.000000 0.000000 0.000000 0.000000 0.000000 0.000000 0.000000 0.000000 0.000000 0.000000 0.000000 0.000000 0.000000 0.000000 0.000000 0.000000 0.000000 0.000000 0.000000 0.000000 0.000000 0.000000 0.000000 0.000000 
0.000000 0.000000 0.000000 0.000000 0.000000 0.000000 0.000000 0.000000 0.000000 0.000000 0.000000 0.000000 0.000000 0.000000 0.000000 0.000000 0.000000 0.000000 0.000000 0.000000 0.000000 0.000000 0.000000 0.000000 0.000000 0.000000 0.000000 0.000000 0.000000 0.000000 0.000000 0.000000 0.000000 0.000000 0.000000 0.000000 0.000000 0.000000 0.000000 0.000000 0.000000 0.000000 0.000000 0.000000 0.000000 0.000000 0.000000 0.000000 0.000000 0.000000 0.000000 0.000000 0.000000 0.000000 0.000000 0.000000 0.000000 0.000000 0.000000 0.000000 0.000000 0.000000 0.000000 0.000000 0.000000 0.000000 0.000000 0.000000 0.000000 0.000000 0.000000 0.000000 0.000000 0.000000 0.000000 0.000000 0.000000 0.000000 0.000000 0.000000 0.000000 0.000000 0.000000 0.000000 0.000000 0.000000 0.000000 0.000000 0.000000 0.000000 0.000000 0.000000 0.000000 0.000000 0.000000 0.000000 0.000000 0.000000 0.000000 0.000000 
0.000000 0.000000 0.000000 0.000000 0.000000 0.000000 0.000000 0.000000 0.000000 0.000000 0.000000 0.000000 0.000000 0.000000 0.000000 0.000000 0.000000 0.000000 0.000000 0.000000 0.000000 0.000000 0.000000 0.000000 0.000000 0.000000 0.000000 0.000000 0.000000 0.000000 0.000000 0.000000 0.000000 0.000000 0.000000 0.000000 0.000000 0.000000 0.000000 0.000000 0.000000 0.000000 0.000000 0.000000 0.000000 0.000000 0.000000 0.000000 0.000000 0.000000 0.000000 0.000000 0.000000 0.000000 0.000000 0.000000 0.000000 0.000000 0.000000 0.000000 0.000000 0.000000 0.000000 0.000000 0.000000 0.000000 0.000000 0.000000 0.000000 0.000000 0.000000 0.000000 0.000000 0.000000 0.000000 0.000000 0.000000 0.000000 0.000000 0.000000 0.000000 0.000000 0.000000 0.000000 0.000000 0.000000 0.000000 0.000000 0.000000 0.000000 0.000000 0.000000 0.000000 0.000000 0.000000 0.000000 0.000000 0.000000 0.000000 0.000000 
0.000000 0.000000 0.000000 0.000000 0.000000 0.000000 0.000000 0.000000 0.000000 0.000000 0.000000 0.000000 0.000000 0.000000 0.000000 0.000000 0.000000 0.000000 0.000000 0.000000 0.000000 0.000000 0.000000 0.000000 0.000000 0.000000 0.000000 0.000000 0.000000 0.000000 0.000000 0.000000 0.000000 0.000000 0.000000 0.000000 0.000000 0.000000 0.000000 0.000000 0.000000 0.000000 0.000000 0.000000 0.000000 0.000000 0.000000 0.000000 0.000000 0.000000 0.000000 0.000000 0.000000 0.000000 0.000000 0.000000 0.000000 0.000000 0.000000 0.000000 0.000000 0.000000 0.000000 0.000000 0.000000 0.000000 0.000000 0.000000 0.000000 0.000000 0.000000 0.000000 0.000000 0.000000 0.000000 0.000000 0.000000 0.000000 0.000000 0.000000 0.000000 0.000000 0.000000 0.000000 0.000000 0.000000 0.000000 0.000000 0.000000 0.000000 0.000000 0.000000 0.000000 0.000000 0.000000 0.000000 0.000000 0.000000 0.000000 0.000000 
0.000000 0.000000 0.000000 0.000000 0.000000 0.000000 0.000000 0.000000 0.000000 0.000000 0.000000 0.000000 0.000000 0.000000 0.000000 0.000000 0.000000 0.000000 0.000000 0.000000 0.000000 0.000000 0.000000 0.000000 0.000000 0.000000 0.000000 0.000000 0.000000 0.000000 0.000000 0.000000 0.000000 0.000000 0.000000 0.000000 0.000000 0.000000 0.000000 0.000000 0.000000 0.000000 0.000000 0.000000 0.000000 0.000000 0.000000 0.000000 0.000000 0.000000 0.000000 0.000000 0.000000 0.000000 0.000000 0.000000 0.000000 0.000000 0.000000 0.000000 0.000000 0.000000 0.000000 0.000000 0.000000 0.000000 0.000000 0.000000 0.000000 0.000000 0.000000 0.000000 0.000000 0.000000 0.000000 0.000000 0.000000 0.000000 0.000000 0.000000 0.000000 0.000000 0.000000 0.000000 0.000000 0.000000 0.000000 0.000000 0.000000 0.000000 0.000000 0.000000 0.000000 0.000000 0.000000 0.000000 0.000000 0.000000 0.000000 0.000000 
0.000000 0.000000 0.000000 0.000000 0.000000 0.000000 0.000000 0.000000 0.000000 0.000000 0.000000 0.000000 0.000000 0.000000 0.000000 0.000000 0.000000 0.000000 0.000000 0.000000 0.000000 0.000000 0.000000 0.000000 0.000000 0.000000 0.000000 0.000000 0.000000 0.000000 0.000000 0.000000 0.000000 0.000000 0.000000 0.000000 0.000000 0.000000 0.000000 0.000000 0.000000 0.000000 0.000000 0.000000 0.000000 0.000001 0.000001 0.000001 0.000001 0.000001 0.000001 0.000001 0.000001 0.000001 0.000001 0.000001 0.000000 0.000000 0.000000 0.000000 0.000000 0.000000 0.000000 0.000000 0.000000 0.000000 0.000000 0.000000 0.000000 0.000000 0.000000 0.000000 0.000000 0.000000 0.000000 0.000000 0.000000 0.000000 0.000000 0.000000 0.000000 0.000000 0.000000 0.000000 0.000000 0.000000 0.000000 0.000000 0.000000 0.000000 0.000000 0.000000 0.000000 0.000000 0.000000 0.000000 0.000000 0.000000 0.000000 0.000000 
0.000000 0.000000 0.000000 0.000000 0.000000 0.000000 0.000000 0.000000 0.000000 0.000000 0.000000 0.000000 0.000000 0.000000 0.000000 0.000000 0.000000 0.000000 0.000000 0.000000 0.000000 0.000000 0.000000 0.000000 0.000000 0.000000 0.000000 0.000000 0.000000 0.000000 0.000000 0.000000 0.000000 0.000000 0.000000 0.000000 0.000000 0.000000 0.000000 0.000000 0.000001 0.000001 0.000001 0.000001 0.000001 0.000001 0.000001 0.000002 0.000002 0.000002 0.000002 0.000002 0.000002 0.000002 0.000001 0.000001 0.000001 0.000001 0.000001 0.000001 0.000001 0.000000 0.000000 0.000000 0.000000 0.000000 0.000000 0.000000 0.000000 0.000000 0.000000 0.000000 0.000000 0.000000 0.000000 0.000000 0.000000 0.000000 0.000000 0.000000 0.000000 0.000000 0.000000 0.000000 0.000000 0.000000 0.000000 0.000000 0.000000 0.000000 0.000000 0.000000 0.000000 0.000000 0.000000 0.000000 0.000000 0.000000 0.000000 0.000000 
0.000000 0.000000 0.000000 0.000000 0.000000 0.000000 0.000000 0.000000 0.000000 0.000000 0.000000 0.000000 0.000000 0.000000 0.000000 0.000000 0.000000 0.000000 0.000000 0.000000 0.000000 0.000000 0.000000 0.000000 0.000000 0.000000 0.000000 0.000000 0.000000 0.000000 0.000000 0.000000 0.000000 0.000000 0.000000 0.000000 0.000000 0.000001 0.000001 0.000001 0.000001 0.000002 0.000002 0.000002 0.000003 0.000003 0.000003 0.000004 0.000004 0.000004 0.000004 0.000004 0.000004 0.000004 0.000003 0.000003 0.000003 0.000002 0.000002 0.000002 0.000001 0.000001 0.000001 0.000001 0.000000 0.000000 0.000000 0.000000 0.000000 0.000000 0.000000 0.000000 0.000000 0.000000 0.000000 0.000000 0.000000 0.000000 0.000000 0.000000 0.000000 0.000000 0.000000 0.000000 0.000000 0.000000 0.000000 0.000000 0.000000 0.000000 0.000000 0.000000 0.000000 0.000000 0.000000 0.000000 0.000000 0.000000 0.000000 0.000000 
0.000000 0.000000 0.000000 0.000000 0.000000 0.000000 0.000000 0.000000 0.000000 0.000000 0.000000 0.000000 0.000000 0.000000 0.000000 0.000000 0.000000 0.000000 0.000000 0.000000 0.000000 0.000000 0.000000 0.000000 0.000000 0.000000 0.000000 0.000000 0.000000 0.000000 0.000000 0.000000 0.000000 0.000000 0.000001 0.000001 0.000001 0.000001 0.000002 0.000002 0.000003 0.000004 0.000005 0.000006 0.000006 0.000007 0.000008 0.000009 0.000009 0.000010 0.000010 0.000010 0.000009 0.000009 0.000008 0.000007 0.000006 0.000006 0.000005 0.000004 0.000003 0.000002 0.000002 0.000001 0.000001 0.000001 0.000001 0.000000 0.000000 0.000000 0.000000 0.000000 0.000000 0.000000 0.000000 0.000000 0.000000 0.000000 0.000000 0.000000 0.000000 0.000000 0.000000 0.000000 0.000000 0.000000 0.000000 0.000000 0.000000 0.000000 0.000000 0.000000 0.000000 0.000000 0.000000 0.000000 0.000000 0.000000 0.000000 0.000000 
0.000000 0.000000 0.000000 0.000000 0.000000 0.000000 0.000000 0.000000 0.000000 0.000000 0.000000 0.000000 0.000000 0.000000 0.000000 0.000000 0.000000 0.000000 0.000000 0.000000 0.000000 0.000000 0.000000 0.000000 0.000000 0.000000 0.000000 0.000000 0.000000 0.000000 0.000000 0.000000 0.000001 0.000001 0.000001 0.000002 0.000002 0.000003 0.000004 0.000006 0.000007 0.000009 0.000011 0.000013 0.000015 0.000016 0.000018 0.000020 0.000021 0.000022 0.000022 0.000022 0.000021 0.000020 0.000018 0.000016 0.000015 0.000013 0.000011 0.000009 0.000007 0.000006 0.000004 0.000003 0.000002 0.000002 0.000001 0.000001 0.000001 0.000000 0.000000 0.000000 0.000000 0.000000 0.000000 0.000000 0.000000 0.000000 0.000000 0.000000 0.000000 0.000000 0.000000 0.000000 0.000000 0.000000 0.000000 0.000000 0.000000 0.000000 0.000000 0.000000 0.000000 0.000000 0.000000 0.000000 0.000000 0.000000 0.000000 0.000000 
0.000000 0.000000 0.000000 0.000000 0.000000 0.000000 0.000000 0.000000 0.000000 0.000000 0.000000 0.000000 0.000000 0.000000 0.000000 0.000000 0.000000 0.000000 0.000000 0.000000 0.000000 0.000000 0.000000 0.000000 0.000000 0.000000 0.000000 0.000000 0.000000 0.000000 0.000001 0.000001 0.000001 0.000002 0.000003 0.000004 0.000005 0.000007 0.000010 0.000012 0.000016 0.000020 0.000024 0.000028 0.000033 0.000037 0.000041 0.000044 0.000047 0.000048 0.000049 0.000048 0.000047 0.000044 0.000041 0.000037 0.000033 0.000028 0.000024 0.000020 0.000016 0.000012 0.000010 0.000007 0.000005 0.000004 0.000003 0.000002 0.000001 0.000001 0.000001 0.000000 0.000000 0.000000 0.000000 0.000000 0.000000 0.000000 0.000000 0.000000 0.000000 0.000000 0.000000 0.000000 0.000000 0.000000 0.000000 0.000000 0.000000 0.000000 0.000000 0.000000 0.000000 0.000000 0.000000 0.000000 0.000000 0.000000 0.000000 0.000000 
0.000000 0.000000 0.000000 0.000000 0.000000 0.000000 0.000000 0.000000 0.000000 0.000000 0.000000 0.000000 0.000000 0.000000 0.000000 0.000000 0.000000 0.000000 0.000000 0.000000 0.000000 0.000000 0.000000 0.000000 0.000000 0.000000 0.000000 0.000000 0.000000 0.000001 0.000001 0.000002 0.000003 0.000004 0.000006 0.000009 0.000012 0.000016 0.000021 0.000027 0.000035 0.000043 0.000052 0.000062 0.000071 0.000081 0.000089 0.000096 0.000102 0.000106 0.000107 0.000106 0.000102 0.000096 0.000089 0.000081 0.000071 0.000062 0.000052 0.000043 0.000035 0.000027 0.000021 0.000016 0.000012 0.000009 0.000006 0.000004 0.000003 0.000002 0.000001 0.000001 0.000000 0.000000 0.000000 0.000000 0.000000 0.000000 0.000000 0.000000 0.000000 0.000000 0.000000 0.000000 0.000000 0.000000 0.000000 0.000000 0.000000 0.000000 0.000000 0.000000 0.000000 0.000000 0.000000 0.000000 0.000000 0.000000 0.000000 0.000000 
0.000000 0.000000 0.000000 0.000000 0.000000 0.000000 0.000000 0.000000 0.000000 0.000000 0.000000 0.000000 0.000000 0.000000 0.000000 0.000000 0.000000 0.000000 0.000000 0.000000 0.000000 0.000000 0.000000 0.000000 0.000000 0.000000 0.000000 0.000001 0.000001 0.000002 0.000003 0.000004 0.000006 0.000009 0.000013 0.000019 0.000026 0.000035 0.000046 0.000059 0.000075 0.000093 0.000112 0.000132 0.000153 0.000173 0.000191 0.000207 0.000219 0.000226 0.000229 0.000226 0.000219 0.000207 0.000191 0.000173 0.000153 0.000132 0.000112 0.000093 0.000075 0.000059 0.000046 0.000035 0.000026 0.000019 0.000013 0.000009 0.000006 0.000004 0.000003 0.000002 0.000001 0.000001 0.000000 0.000000 0.000000 0.000000 0.000000 0.000000 0.000000 0.000000 0.000000 0.000000 0.000000 0.000000 0.000000 0.000000 0.000000 0.000000 0.000000 0.000000 0.000000 0.000000 0.000000 0.000000 0.000000 0.000000 0.000000 0.000000 
0.000000 0.000000 0.000000 0.000000 0.000000 0.000000 0.000000 0.000000 0.000000 0.000000 0.000000 0.000000 0.000000 0.000000 0.000000 0.000000 0.000000 0.000000 0.000000 0.000000 0.000000 0.000000 0.000000 0.000000 0.000000 0.000000 0.000001 0.000001 0.000002 0.000004 0.000006 0.000009 0.000013 0.000019 0.000028 0.000039 0.000054 0.000073 0.000097 0.000125 0.000158 0.000195 0.000236 0.000279 0.000323 0.000365 0.000403 0.000436 0.000461 0.000477 0.000482 0.000477 0.000461 0.000436 0.000403 0.000365 0.000323 0.000279 0.000236 0.000195 0.000158 0.000125 0.000097 0.000073 0.000054 0.000039 0.000028 0.000019 0.000013 0.000009 0.000006 0.000004 0.000002 0.000001 0.000001 0.000000 0.000000 0.000000 0.000000 0.000000 0.000000 0.000000 0.000000 0.000000 0.000000 0.000000 0.000000 0.000000 0.000000 0.000000 0.000000 0.000000 0.000000 0.000000 0.000000 0.000000 0.000000 0.000000 0.000000 0.000000 
0.000000 0.000000 0.000000 0.000000 0.000000 0.000000 0.000000 0.000000 0.000000 0.000000 0.000000 0.000000 0.000000 0.000000 0.000000 0.000000 0.000000 0.000000 0.000000 0.000000 0.000000 0.000000 0.000000 0.000000 0.000001 0.000001 0.000002 0.000003 0.000005 0.000008 0.000012 0.000018 0.000027 0.000040 0.000058 0.000082 0.000113 0.000152 0.000201 0.000259 0.000328 0.000405 0.000489 0.000577 0.000667 0.000754 0.000834 0.000901 0.000953 0.000985 0.000996 0.000985 0.000953 0.000901 0.000834 0.000754 0.000667 0.000577 0.000489 0.000405 0.000328 0.000259 0.000201 0.000152 0.000113 0.000082 0.000058 0.000040 0.000027 0.000018 0.000012 0.000008 0.000005 0.000003 0.000002 0.000001 0.000001 0.000000 0.000000 0.000000 0.000000 0.000000 0.000000 0.000000 0.000000 0.000000 0.000000 0.000000 0.000000 0.000000 0.000000 0.000000 0.000000 0.000000 0.000000 0.000000 0.000000 0.000000 0.000000 0.000000 
0.000000 0.000000 0.000000 0.000000 0.000000 0.000000 0.000000 0.000000 0.000000 0.000000 0.000000 0.000000 0.000000 0.000000 0.000000 0.000000 0.000000 0.000000 0.000000 0.000000 0.000000 0.000000 0.000000 0.000001 0.000001 0.000002 0.000004 0.000006 0.000010 0.000016 0.000024 0.000037 0.000056 0.000083 0.000119 0.000167 0.000230 0.000310 0.000409 0.000528 0.000666 0.000822 0.000992 0.001172 0.001354 0.001530 0.001690 0.001827 0.001931 0.001997 0.002019 0.001997 0.001931 0.001827 0.001690 0.001530 0.001354 0.001172 0.000992 0.000822 0.000666 0.000528 0.000409 0.000310 0.000230 0.000167 0.000119 0.000083 0.000056 0.000037 0.000024 0.000016 0.000010 0.000006 0.000004 0.000002 0.000001 0.000001 0.000000 0.000000 0.000000 0.000000 0.000000 0.000000 0.000000 0.000000 0.000000 0.000000 0.000000 0.000000 0.000000 0.000000 0.000000 0.000000 0.000000 0.000000 0.000000 0.000000 0.000000 0.000000 
0.000000 0.000000 0.000000 0.000000 0.000000 0.000000 0.000000 0.000000 0.000000 0.000000 0.000000 0.000000 0.000000 0.000000 0.000000 0.000000 0.000000 0.000000 0.000000 0.000000 0.000000 0.000000 0.000001 0.000001 0.000002 0.000004 0.000007 0.000012 0.000020 0.000031 0.000049 0.000075 0.000113 0.000166 0.000238 0.000335 0.000461 0.000620 0.000817 0.001053 0.001328 0.001638 0.001976 0.002333 0.002694 0.003043 0.003362 0.003633 0.003839 0.003969 0.004013 0.003969 0.003839 0.003633 0.003362 0.003043 0.002694 0.002333 0.001976 0.001638 0.001328 0.001053 0.000817 0.000620 0.000461 0.000335 0.000238 0.000166 0.000113 0.000075 0.000049 0.000031 0.000020 0.000012 0.000007 0.000004 0.000002 0.000001 0.000001 0.000000 0.000000 0.000000 0.000000 0.000000 0.000000 0.000000 0.000000 0.000000 0.000000 0.000000 0.000000 0.000000 0.000000 0.000000 0.000000 0.000000 0.000000 0.000000 0.000000 0.000000 
0.000000 0.000000 0.000000 0.000000 0.000000 0.000000 0.000000 0.000000 0.000000 0.000000 0.000000 0.000000 0.000000 0.000000 0.000000 0.000000 0.000000 0.000000 0.000000 0.000000 0.000000 0.000001 0.000001 0.000003 0.000005 0.000008 0.000014 0.000024 0.000039 0.000062 0.000097 0.000148 0.000222 0.000326 0.000468 0.000657 0.000903 0.001215 0.001600 0.002060 0.002596 0.003201 0.003860 0.004555 0.005257 0.005936 0.006556 0.007083 0.007485 0.007738 0.007823 0.007738 0.007485 0.007083 0.006556 0.005936 0.005257 0.004555 0.003860 0.003201 0.002596 0.002060 0.001600 0.001215 0.000903 0.000657 0.000468 0.000326 0.000222 0.000148 0.000097 0.000062 0.000039 0.000024 0.000014 0.000008 0.000005 0.000003 0.000001 0.000001 0.000000 0.000000 0.000000 0.000000 0.000000 0.000000 0.000000 0.000000 0.000000 0.000000 0.000000 0.000000 0.000000 0.000000 0.000000 0.000000 0.000000 0.000000 0.000000 0.000000 
0.000000 0.000000 0.000000 0.000000 0.000000 0.000000 0.000000 0.000000 0.000000 0.000000 0.000000 0.000000 0.000000 0.000000 0.000000 0.000000 0.000000 0.000000 0.000000 0.000000 0.000001 0.000002 0.000003 0.000005 0.000009 0.000016 0.000028 0.000046 0.000075 0.000120 0.000187 0.000286 0.000428 0.000628 0.000901 0.001264 0.001736 0.002334 0.003070 0.003952 0.004977 0.006133 0.007393 0.008719 0.010060 0.011356 0.012539 0.013544 0.014311 0.014792 0.014956 0.014792 0.014311 0.013544 0.012539 0.011356 0.010060 0.008719 0.007393 0.006133 0.004977 0.003952 0.003070 0.002334 0.001736 0.001264 0.000901 0.000628 0.000428 0.000286 0.000187 0.000120 0.000075 0.000046 0.000028 0.000016 0.000009 0.000005 0.000003 0.000002 0.000001 0.000000 0.000000 0.000000 0.000000 0.000000 0.000000 0.000000 0.000000 0.000000 0.000000 0.000000 0.000000 0.000000 0.000000 0.000000 0.000000 0.000000 0.000000 0.000000 
0.000000 0.000000 0.000000 0.000000 0.000000 0.000000 0.000000 0.000000 0.000000 0.000000 0.000000 0.000000 0.000000 0.000000 0.000000 0.000000 0.000000 0.000000 0.000000 0.000001 0.000002 0.000003 0.000006 0.000010 0.000018 0.000031 0.000053 0.000088 0.000143 0.000227 0.000355 0.000542 0.000810 0.001187 0.001700 0.002384 0.003273 0.004396 0.005779 0.007433 0.009356 0.011522 0.013884 0.016367 0.018878 0.021302 0.023515 0.025395 0.026830 0.027729 0.028036 0.027729 0.026830 0.025395 0.023515 0.021302 0.018878 0.016367 0.013884 0.011522 0.009356 0.007433 0.005779 0.004396 0.003273 0.002384 0.001700 0.001187 0.000810 0.000542 0.000355 0.000227 0.000143 0.000088 0.000053 0.000031 0.000018 0.000010 0.000006 0.000003 0.000002 0.000001 0.000000 0.000000 0.000000 0.000000 0.000000 0.000000 0.000000 0.000000 0.000000 0.000000 0.000000 0.000000 0.000000 0.000000 0.000000 0.000000 0.000000 0.000000 
0.000000 0.000000 0.000000 0.000000 0.000000 0.000000 0.000000 0.000000 0.000000 0.000000 0.000000 0.000000 0.000000 0.000000 0.000000 0.000000 0.000000 0.000000 0.000001 0.000002 0.000003 0.000006 0.000011 0.000019 0.000034 0.000058 0.000098 0.000163 0.000266 0.000423 0.000659 0.001006 0.001503 0.002198 0.003147 0.004409 0.006047 0.008118 0.010663 0.013708 0.017243 0.021225 0.025563 0.030124 0.034732 0.039180 0.043241 0.046689 0.049320 0.050969 0.051531 0.050969 0.049320 0.046689 0.043241 0.039180 0.034732 0.030124 0.025563 0.021225 0.017243 0.013708 0.010663 0.008118 0.006047 0.004409 0.003147 0.002198 0.001503 0.001006 0.000659 0.000423 0.000266 0.000163 0.000098 0.000058 0.000034 0.000019 0.000011 0.000006 0.000003 0.000002 0.000001 0.000000 0.000000 0.000000 0.000000 0.000000 0.000000 0.000000 0.000000 0.000000 0.000000 0.000000 0.000000 0.000000 0.000000 0.000000 0.000000 0.000000 
0.000000 0.000000 0.000000 0.000000 0.000000 0.000000 0.000000 0.000000 0.000000 0.000000 0.000000 0.000000 0.000000 0.000000 0.000000 0.000000 0.000000 0.000001 0.000001 0.000003 0.000006 0.000011 0.000019 0.000035 0.000061 0.000106 0.000180 0.000298 0.000485 0.000771 0.001200 0.001830 0.002731 0.003991 0.005708 0.007993 0.010954 0.014693 0.019289 0.024781 0.031155 0.038330 0.046143 0.054355 0.062649 0.070651 0.077956 0.084157 0.088887 0.091852 0.092862 0.091852 0.088887 0.084157 0.077956 0.070651 0.062649 0.054355 0.046143 0.038330 0.031155 0.024781 0.019289 0.014693 0.010954 0.007993 0.005708 0.003991 0.002731 0.001830 0.001200 0.000771 0.000485 0.000298 0.000180 0.000106 0.000061 0.000035 0.000019 0.000011 0.000006 0.000003 0.000001 0.000001 0.000000 0.000000 0.000000 0.000000 0.000000 0.000000 0.000000 0.000000 0.000000 0.000000 0.000000 0.000000 0.000000 0.000000 0.000000 0.000000 
0.000000 0.000000 0.000000 0.000000 0.000000 0.000000 0.000000 0.000000 0.000000 0.000000 0.000000 0.000000 0.000000 0.000000 0.000000 0.000000 0.000001 0.000001 0.000003 0.000005 0.000010 0.000019 0.000035 0.000063 0.000110 0.000191 0.000323 0.000534 0.000867 0.001377 0.002142 0.003262 0.004864 0.007102 0.010150 0.014201 0.019448 0.026069 0.034201 0.043914 0.055180 0.067855 0.081652 0.096147 0.110781 0.124897 0.137777 0.148710 0.157049 0.162275 0.164055 0.162275 0.157049 0.148710 0.137777 0.124897 0.110781 0.096147 0.081652 0.067855 0.055180 0.043914 0.034201 0.026069 0.019448 0.014201 0.010150 0.007102 0.004864 0.003262 0.002142 0.001377 0.000867 0.000534 0.000323 0.000191 0.000110 0.000063 0.000035 0.000019 0.000010 0.000005 0.000003 0.000001 0.000001 0.000000 0.000000 0.000000 0.000000 0.000000 0.000000 0.000000 0.000000 0.000000 0.000000 0.000000 0.000000 0.000000 0.000000 0.000000 
0.000000 0.000000 0.000000 0.000000 0.000000 0.000000 0.000000 0.000000 0.000000 0.000000 0.000000 0.000000 0.000000 0.000000 0.000000 0.000001 0.000001 0.000002 0.000005 0.000009 0.000018 0.000034 0.000061 0.000110 0.000194 0.000335 0.000566 0.000937 0.001519 0.002410 0.003745 0.005699 0.008491 0.012386 0.017688 0.024729 0.033842 0.045334 0.059439 0.076276 0.095797 0.117746 0.141629 0.166709 0.192023 0.216431 0.238700 0.257597 0.272007 0.281038 0.284115 0.281038 0.272007 0.257597 0.238700 0.216431 0.192023 0.166709 0.141629 0.117746 0.095797 0.076276 0.059439 0.045334 0.033842 0.024729 0.017688 0.012386 0.008491 0.005699 0.003745 0.002410 0.001519 0.000937 0.000566 0.000335 0.000194 0.000110 0.000061 0.000034 0.000018 0.000009 0.000005 0.000002 0.000001 0.000001 0.000000 0.000000 0.000000 0.000000 0.000000 0.000000 0.000000 0.000000 0.000000 0.000000 0.000000 0.000000 0.000000 0.000000 
0.000000 0.000000 0.000000 0.000000 0.000000 0.000000 0.000000 0.000000 0.000000 0.000000 0.000000 0.000000 0.000000 0.000000 0.000000 0.000001 0.000002 0.000004 0.000008 0.000016 0.000031 0.000058 0.000106 0.000191 0.000335 0.000578 0.000975 0.001611 0.002607 0.004133 0.006417 0.009756 0.014523 0.021169 0.030208 0.042201 0.057714 0.077262 0.101242 0.129850 0.163002 0.200260 0.240784 0.283322 0.326243 0.367617 0.405354 0.437373 0.461785 0.477083 0.482295 0.477083 0.461785 0.437373 0.405354 0.367617 0.326243 0.283322 0.240784 0.200260 0.163002 0.129850 0.101242 0.077262 0.057714 0.042201 0.030208 0.021169 0.014523 0.009756 0.006417 0.004133 0.002607 0.001611 0.000975 0.000578 0.000335 0.000191 0.000106 0.000058 0.000031 0.000016 0.000008 0.000004 0.000002 0.000001 0.000000 0.000000 0.000000 0.000000 0.000000 0.000000 0.000000 0.000000 0.000000 0.000000 0.000000 0.000000 0.000000 0.000000 
0.000000 0.000000 0.000000 0.000000 0.000000 0.000000 0.000000 0.000000 0.000000 0.000000 0.000000 0.000000 0.000000 0.000000 0.000001 0.000002 0.000004 0.000007 0.000014 0.000028 0.000053 0.000098 0.000180 0.000323 0.000566 0.000975 0.001643 0.002712 0.004385 0.006946 0.010774 0.016365 0.024342 0.035451 0.050551 0.070572 0.096451 0.129042 0.168998 0.216639 0.271820 0.333806 0.401200 0.471918 0.543248 0.611989 0.674675 0.727851 0.768389 0.793791 0.802444 0.793791 0.768389 0.727851 0.674675 0.611989 0.543248 0.471918 0.401200 0.333806 0.271820 0.216639 0.168998 0.129042 0.096451 0.070572 0.050551 0.035451 0.024342 0.016365 0.010774 0.006946 0.004385 0.002712 0.001643 0.000975 0.000566 0.000323 0.000180 0.000098 0.000053 0.000028 0.000014 0.000007 0.000004 0.000002 0.000001 0.000000 0.000000 0.000000 0.000000 0.000000 0.000000 0.000000 0.000000 0.000000 0.000000 0.000000 0.000000 0.000000 
0.000000 0.000000 0.000000 0.000000 0.000000 0.000000 0.000000 0.000000 0.000000 0.000000 0.000000 0.000000 0.000000 0.000001 0.000001 0.000003 0.000006 0.000012 0.000024 0.000046 0.000088 0.000163 0.000298 0.000534 0.000937 0.001611 0.002712 0.004473 0.007226 0.011434 0.017720 0.026895 0.039972 0.058171 0.082890 0.115641 0.157948 0.211194 0.276437 0.354189 0.444202 0.545274 0.655120 0.770343 0.886528 0.998468 1.100524 1.187083 1.253061 1.294400 1.308482 1.294400 1.253061 1.187083 1.100524 0.998468 0.886528 0.770343 0.655120 0.545274 0.444202 0.354189 0.276437 0.211194 0.157948 0.115641 0.082890 0.058171 0.039972 0.026895 0.017720 0.011434 0.007226 0.004473 0.002712 0.001611 0.000937 0.000534 0.000298 0.000163 0.000088 0.000046 0.000024 0.000012 0.000006 0.000003 0.000001 0.000001 0.000000 0.000000 0.000000 0.000000 0.000000 0.000000 0.000000 0.000000 0.000000 0.000000 0.000000 0.000000 
0.000000 0.000000 0.000000 0.000000 0.000000 0.000000 0.000000 0.000000 0.000000 0.000000 0.000000 0.000000 0.000000 0.000001 0.000002 0.000005 0.000010 0.000020 0.000039 0.000075 0.000143 0.000266 0.000485 0.000867 0.001519 0.002607 0.004385 0.007226 0.011663 0.018440 0.028553 0.043301 0.064306 0.093517 0.133165 0.185661 0.253432 0.338677 0.443072 0.567422 0.711314 0.872817 1.048274 1.232260 1.417727 1.596372 1.759211 1.897298 2.002540 2.068475 2.090934 2.068475 2.002540 1.897298 1.759211 1.596372 1.417727 1.232260 1.048274 0.872817 0.711314 0.567422 0.443072 0.338677 0.253432 0.185661 0.133165 0.093517 0.064306 0.043301 0.028553 0.018440 0.011663 0.007226 0.004385 0.002607 0.001519 0.000867 0.000485 0.000266 0.000143 0.000075 0.000039 0.000020 0.000010 0.000005 0.000002 0.000001 0.000000 0.000000 0.000000 0.000000 0.000000 0.000000 0.000000 0.000000 0.000000 0.000000 0.000000 0.000000 
0.000000 0.000000 0.000000 0.000000 0.000000 0.000000 0.000000 0.000000 0.000000 0.000000 0.000000 0.000000 0.000001 0.000002 0.000004 0.000008 0.000016 0.000031 0.000062 0.000120 0.000227 0.000423 0.000771 0.001377 0.002410 0.004133 0.006946 0.011434 0.018440 0.029128 0.045068 0.068292 0.101347 0.147282 0.209588 0.292032 0.398402 0.532125 0.695802 0.890673 1.116071 1.368954 1.643588 1.931479 2.221607 2.500998 2.755615 2.971497 3.136010 3.239071 3.274174 3.239071 3.136010 2.971497 2.755615 2.500998 2.221607 1.931479 1.643588 1.368954 1.116071 0.890673 0.695802 0.532125 0.398402 0.292032 0.209588 0.147282 0.101347 0.068292 0.045068 0.029128 0.018440 0.011434 0.006946 0.004133 0.002410 0.001377 0.000771 0.000423 0.000227 0.000120 0.000062 0.000031 0.000016 0.000008 0.000004 0.000002 0.000001 0.000000 0.000000 0.000000 0.000000 0.000000 0.000000 0.000000 0.000000 0.000000 0.000000 0.000000 
0.000000 0.000000 0.000000 0.000000 0.000000 0.000000 0.000000 0.000000 0.000000 0.000000 0.000000 0.000001 0.000001 0.000003 0.000006 0.000012 0.000024 0.000049 0.000097 0.000187 0.000355 0.000659 0.001200 0.002142 0.003745 0.006417 0.010774 0.017720 0.028553 0.045068 0.069675 0.105504 0.156461 0.227226 0.323149 0.450000 0.613570 0.819094 1.070533 1.369753 1.715703 2.103689 2.524904 2.966317 3.411040 3.839207 4.229334 4.560060 4.812060 4.969916 5.023681 4.969916 4.812060 4.560060 4.229334 3.839207 3.411040 2.966317 2.524904 2.103689 1.715703 1.369753 1.070533 0.819094 0.613570 0.450000 0.323149 0.227226 0.156461 0.105504 0.069675 0.045068 0.028553 0.017720 0.010774 0.006417 0.003745 0.002142 0.001200 0.000659 0.000355 0.000187 0.000097 0.000049 0.000024 0.000012 0.000006 0.000003 0.000001 0.000001 0.000000 0.000000 0.000000 0.000000 0.000000 0.000000 0.000000 0.000000 0.000000 0.000000 
0.000000 0.000000 0.000000 0.000000 0.000000 0.000000 0.000000 0.000000 0.000000 0.000000 0.000000 0.000001 0.000002 0.000004 0.000009 0.000018 0.000037 0.000075 0.000148 0.000286 0.000542 0.001006 0.001830 0.003262 0.005699 0.009756 0.016365 0.026895 0.043301 0.068292 0.105504 0.159645 0.236594 0.343386 0.488055 0.679260 0.925678 1.235144 1.613568 2.063710 2.583943 3.167179 3.800158 4.463297 5.131238 5.774173 6.359881 6.856336 7.234574 7.471491 7.552180 7.471491 7.234574 6.856336 6.359881 5.774173 5.131238 4.463297 3.800158 3.167179 2.583943 2.063710 1.613568 1.235144 0.925678 0.679260 0.488055 0.343386 0.236594 0.159645 0.105504 0.068292 0.043301 0.026895 0.016365 0.009756 0.005699 0.003262 0.001830 0.001006 0.000542 0.000286 0.000148 0.000075 0.000037 0.000018 0.000009 0.000004 0.000002 0.000001 0.000000 0.000000 0.000000 0.000000 0.000000 0.000000 0.000000 0.000000 0.000000 0.000000 
0.000000 0.000000 0.000000 0.000000 0.000000 0.000000 0.000000 0.000000 0.000000 0.000000 0.000001 0.000001 0.000003 0.000006 0.000013 0.000027 0.000056 0.000113 0.000222 0.000428 0.000810 0.001503 0.002731 0.004864 0.008491 0.014523 0.024342 0.039972 0.064306 0.101347 0.156461 0.236594 0.350409 0.508272 0.721999 1.004323 1.367984 1.824472 2.382429 3.045855 3.812293 4.671253 5.603184 6.579250 7.562148 8.508050 9.369612 10.099782 10.656025 11.004414 11.123064 11.004414 10.656025 10.099782 9.369612 8.508050 7.562148 6.579250 5.603184 4.671253 3.812293 3.045855 2.382429 1.824472 1.367984 1.004323 0.721999 0.508272 0.350409 0.236594 0.156461 0.101347 0.064306 0.039972 0.024342 0.014523 0.008491 0.004864 0.002731 0.001503 0.000810 0.000428 0.000222 0.000113 0.000056 0.000027 0.000013 0.000006 0.000003 0.000001 0.000001 0.000000 0.000000 0.000000 0.000000 0.000000 0.000000 0.000000 0.000000 0.000000 
0.000000 0.000000 0.000000 0.000000 0.000000 0.000000 0.000000 0.000000 0.000000 0.000000 0.000001 0.000002 0.000004 0.000009 0.000019 0.000040 0.000083 0.000166 0.000326 0.000628 0.001187 0.002198 0.003991 0.007102 0.012386 0.021169 0.035451 0.058171 0.093517 0.147282 0.227226 0.343386 0.508272 0.736834 1.046113 1.454442 1.980156 2.639760 3.445644 4.403487 5.509659 6.748962 8.093151 9.500632 10.917638 12.281042 13.522676 14.574819 15.376261 15.878191 16.049127 15.878191 15.376261 14.574819 13.522676 12.281042 10.917638 9.500632 8.093151 6.748962 5.509659 4.403487 3.445644 2.639760 1.980156 1.454442 1.046113 0.736834 0.508272 0.343386 0.227226 0.147282 0.093517 0.058171 0.035451 0.021169 0.012386 0.007102 0.003991 0.002198 0.001187 0.000628 0.000326 0.000166 0.000083 0.000040 0.000019 0.000009 0.000004 0.000002 0.000001 0.000000 0.000000 0.000000 0.000000 0.000000 0.000000 0.000000 0.000000 0.000000 
0.000000 0.000000 0.000000 0.000000 0.000000 0.000000 0.000000 0.000000 0.000000 0.000001 0.000001 0.000003 0.000006 0.000013 0.000028 0.000058 0.000119 0.000238 0.000468 0.000901 0.001700 0.003147 0.005708 0.010150 0.017688 0.030208 0.050551 0.082890 0.133165 0.209588 0.323149 0.488055 0.721999 1.046113 1.484457 2.062904 2.807300 3.740880 4.881042 6.235697 7.799599 9.551183 11.450482 13.438718 15.439979 17.365179 19.118161 20.603430 21.734689 22.443134 22.684393 22.443134 21.734689 20.603430 19.118161 17.365179 15.439979 13.438718 11.450482 9.551183 7.799599 6.235697 4.881042 3.740880 2.807300 2.062904 1.484457 1.046113 0.721999 0.488055 0.323149 0.209588 0.133165 0.082890 0.050551 0.030208 0.017688 0.010150 0.005708 0.003147 0.001700 0.000901 0.000468 0.000238 0.000119 0.000058 0.000028 0.000013 0.000006 0.000003 0.000001 0.000001 0.000000 0.000000 0.000000 0.000000 0.000000 0.000000 0.000000 0.000000 
0.000000 0.000000 0.000000 0.000000 0.000000 0.000000 0.000000 0.000000 0.000000 0.000001 0.000002 0.000004 0.000009 0.000019 0.000039 0.000082 0.000167 0.000335 0.000657 0.001264 0.002384 0.004409 0.007993 0.014201 0.024729 0.042201 0.070572 0.115641 0.185661 0.292032 0.450000 0.679260 1.004323 1.454442 2.062904 2.865474 3.897841 5.192059 6.772067 8.648662 10.814437 13.239420 15.868221 18.619481 21.388200 24.051226 26.475679 28.529634 30.093898 31.073453 31.407028 31.073453 30.093898 28.529634 26.475679 24.051226 21.388200 18.619481 15.868221 13.239420 10.814437 8.648662 6.772067 5.192059 3.897841 2.865474 2.062904 1.454442 1.004323 0.679260 0.450000 0.292032 0.185661 0.115641 0.070572 0.042201 0.024729 0.014201 0.007993 0.004409 0.002384 0.001264 0.000657 0.000335 0.000167 0.000082 0.000039 0.000019 0.000009 0.000004 0.000002 0.000001 0.000000 0.000000 0.000000 0.000000 0.000000 0.000000 0.000000 0.000000 
0.000000 0.000000 0.000000 0.000000 0.000000 0.000000 0.000000 0.000000 0.000000 0.000001 0.000002 0.000005 0.000012 0.000026 0.000054 0.000113 0.000230 0.000461 0.000903 0.001736 0.003273 0.006047 0.010954 0.019448 0.033842 0.057714 0.096451 0.157948 0.253432 0.398402 0.613570 0.925678 1.367984 1.980156 2.807300 3.897841 5.300070 7.057294 9.201796 11.748020 14.685737 17.974157 21.538096 25.267243 29.019342 32.627618 35.912192 38.694522 40.813334 42.140079 42.591872 42.140079 40.813334 38.694522 35.912192 32.627618 29.019342 25.267243 21.538096 17.974157 14.685737 11.748020 9.201796 7.057294 5.300070 3.897841 2.807300 1.980156 1.367984 0.925678 0.613570 0.398402 0.253432 0.157948 0.096451 0.057714 0.033842 0.019448 0.010954 0.006047 0.003273 0.001736 0.000903 0.000461 0.000230 0.000113 0.000054 0.000026 0.000012 0.000005 0.000002 0.000001 0.000000 0.000000 0.000000 0.000000 0.000000 0.000000 0.000000 0.000000 
0.000000 0.000000 0.000000 0.000000 0.000000 0.000000 0.000000 0.000000 0.000001 0.000001 0.000003 0.000007 0.000016 0.000035 0.000073 0.000152 0.000310 0.000620 0.001215 0.002334 0.004396 0.008118 0.014693 0.026069 0.045334 0.077262 0.129042 0.211194 0.338677 0.532125 0.819094 1.235144 1.824472 2.639760 3.740880 5.192059 7.057294 9.393918 12.244581 15.628223 19.531029 23.898646 28.631123 33.581972 38.562407 43.351207 47.709845 51.401629 54.212798 55.972990 56.572368 55.972990 54.212798 51.401629 47.709845 43.351207 38.562407 33.581972 28.631123 23.898646 19.531029 15.628223 12.244581 9.393918 7.057294 5.192059 3.740880 2.639760 1.824472 1.235144 0.819094 0.532125 0.338677 0.211194 0.129042 0.077262 0.045334 0.026069 0.014693 0.008118 0.004396 0.002334 0.001215 0.000620 0.000310 0.000152 0.000073 0.000035 0.000016 0.000007 0.000003 0.000001 0.000001 0.000000 0.000000 0.000000 0.000000 0.000000 0.000000 0.000000 
0.000000 0.000000 0.000000 0.000000 0.000000 0.000000 0.000000 0.000000 0.000001 0.000002 0.000004 0.000010 0.000021 0.000046 0.000097 0.000201 0.000409 0.000817 0.001600 0.003070 0.005779 0.010663 0.019289 0.034201 0.059439 0.101242 0.168998 0.276437 0.443072 0.695802 1.070533 1.613568 2.382429 3.445644 4.881042 6.772067 9.201796 12.244581 15.955626 20.359277 25.437286 31.118737 37.273501 43.711057 50.186017 56.410957 62.076066 66.873984 70.527178 72.814490 73.593344 72.814490 70.527178 66.873984 62.076066 56.410957 50.186017 43.711057 37.273501 31.118737 25.437286 20.359277 15.955626 12.244581 9.201796 6.772067 4.881042 3.445644 2.382429 1.613568 1.070533 0.695802 0.443072 0.276437 0.168998 0.101242 0.059439 0.034201 0.019289 0.010663 0.005779 0.003070 0.001600 0.000817 0.000409 0.000201 0.000097 0.000046 0.000021 0.000010 0.000004 0.000002 0.000001 0.000000 0.000000 0.000000 0.000000 0.000000 0.000000 0.000000 
0.000000 0.000000 0.000000 0.000000 0.000000 0.000000 0.000000 0.000000 0.000001 0.000002 0.000006 0.000012 0.000027 0.000059 0.000125 0.000259 0.000528 0.001053 0.002060 0.003952 0.007433 0.013708 0.024781 0.043914 0.076276 0.129850 0.216639 0.354189 0.567422 0.890673 1.369753 2.063710 3.045855 4.403487 6.235697 8.648662 11.748020 15.628223 20.359277 25.971852 32.442381 39.680265 47.519603 55.717713 63.962208 71.887326 79.098926 85.206076 89.855832 92.766978 93.758232 92.766978 89.855832 85.206076 79.098926 71.887326 63.962208 55.717713 47.519603 39.680265 32.442381 25.971852 20.359277 15.628223 11.748020 8.648662 6.235697 4.403487 3.045855 2.063710 1.369753 0.890673 0.567422 0.354189 0.216639 0.129850 0.076276 0.043914 0.024781 0.013708 0.007433 0.003952 0.002060 0.001053 0.000528 0.000259 0.000125 0.000059 0.000027 0.000012 0.000006 0.000002 0.000001 0.000000 0.000000 0.000000 0.000000 0.000000 0.000000 0.000000 
0.000000 0.000000 0.000000 0.000000 0.000000 0.000000 0.000000 0.000001 0.000001 0.000003 0.000007 0.000016 0.000035 0.000075 0.000158 0.000328 0.000666 0.001328 0.002596 0.004977 0.009356 0.017243 0.031155 0.055180 0.095797 0.163002 0.271820 0.444202 0.711314 1.116071 1.715703 2.583943 3.812293 5.509659 7.799599 10.814437 14.685737 19.531029 25.437286 32.442381 40.516541 49.546452 59.324992 69.549437 79.830306 89.711737 98.702630 106.315971 112.112140 115.740896 116.976473 115.740896 112.112140 106.315971 98.702630 89.711737 79.830306 69.549437 59.324992 49.546452 40.516541 32.442381 25.437286 19.531029 14.685737 10.814437 7.799599 5.509659 3.812293 2.583943 1.715703 1.116071 0.711314 0.444202 0.271820 0.163002 0.095797 0.055180 0.031155 0.017243 0.009356 0.004977 0.002596 0.001328 0.000666 0.000328 0.000158 0.000075 0.000035 0.000016 0.000007 0.000003 0.000001 0.000001 0.000000 0.000000 0.000000 0.000000 0.000000 0.000000 
0.000000 0.000000 0.000000 0.000000 0.000000 0.000000 0.000000 0.000001 0.000002 0.000004 0.000009 0.000020 0.000043 0.000093 0.000195 0.000405 0.000822 0.001638 0.003201 0.006133 0.011522 0.021225 0.038330 0.067855 0.117746 0.200260 0.333806 0.545274 0.872817 1.368954 2.103689 3.167179 4.671253 6.748962 9.551183 13.239420 17.974157 23.898646 31.118737 39.680265 49.546452 60.578545 72.523333 85.011018 97.566043 109.631975 120.609512 129.904442 136.980453 141.410309 142.918631 141.410309 136.980453 129.904442 120.609512 109.631975 97.566043 85.011018 72.523333 60.578545 49.546452 39.680265 31.118737 23.898646 17.974157 13.239420 9.551183 6.748962 4.671253 3.167179 2.103689 1.368954 0.872817 0.545274 0.333806 0.200260 0.117746 0.067855 0.038330 0.021225 0.011522 0.006133 0.003201 0.001638 0.000822 0.000405 0.000195 0.000093 0.000043 0.000020 0.000009 0.000004 0.000002 0.000001 0.000000 0.000000 0.000000 0.000000 0.000000 0.000000 
0.000000 0.000000 0.000000 0.000000 0.000000 0.000000 0.000000 0.000001 0.000002 0.000005 0.000011 0.000024 0.000052 0.000112 0.000236 0.000489 0.000992 0.001976 0.003860 0.007393 0.013884 0.025563 0.046143 0.081652 0.141629 0.240784 0.401200 0.655120 1.048274 1.643588 2.524904 3.800158 5.603184 8.093151 11.450482 15.868221 21.538096 28.631123 37.273501 47.519603 59.324992 72.523333 86.811525 101.747206 116.761741 131.189981 144.315682 155.428797 163.888541 169.184496 170.987688 169.184496 163.888541 155.428797 144.315682 131.189981 116.761741 101.747206 86.811525 72.523333 59.324992 47.519603 37.273501 28.631123 21.538096 15.868221 11.450482 8.093151 5.603184 3.800158 2.524904 1.643588 1.048274 0.655120 0.401200 0.240784 0.141629 0.081652 0.046143 0.025563 0.013884 0.007393 0.003860 0.001976 0.000992 0.000489 0.000236 0.000112 0.000052 0.000024 0.000011 0.000005 0.000002 0.000001 0.000000 0.000000 0.000000 0.000000 0.000000 0.000000 
0.000000 0.000000 0.000000 0.000000 0.000000 0.000000 0.000000 0.000001 0.000002 0.000006 0.000013 0.000028 0.000062 0.000132 0.000279 0.000577 0.001172 0.002333 0.004555 0.008719 0.016367 0.030124 0.054355 0.096147 0.166709 0.283322 0.471918 0.770343 1.232260 1.931479 2.966317 4.463297 6.579250 9.500632 13.438718 18.619481 25.267243 33.581972 43.711057 55.717713 69.549437 85.011018 101.747206 119.239837 136.823076 153.718280 169.087143 182.098734 192.003252 198.203486 200.314540 198.203486 192.003252 182.098734 169.087143 153.718280 136.823076 119.239837 101.747206 85.011018 69.549437 55.717713 43.711057 33.581972 25.267243 18.619481 13.438718 9.500632 6.579250 4.463297 2.966317 1.931479 1.232260 0.770343 0.471918 0.283322 0.166709 0.096147 0.054355 0.030124 0.016367 0.008719 0.004555 0.002333 0.001172 0.000577 0.000279 0.000132 0.000062 0.000028 0.000013 0.000006 0.000002 0.000001 0.000000 0.000000 0.000000 0.000000 0.000000 0.000000 
