0.000000 0.000000 0.000000 0.000000 0.000000 0.000000 0.000000 0.000000 0.000000 0.000000 0.000000 0.000000 0.000000 0.000000 0.000000 0.000000 0.000000 0.000000 0.000000 0.000000 0.000000 0.000000 0.000000 0.000000 0.000000 0.000000 0.000000 0.000000 0.000000 0.000000 0.000000 0.000000 0.000000 0.000000 0.000000 0.000000 0.000000 0.000000 0.000000 0.000000 0.000000 0.000000 0.000000 0.000000 0.000000 0.000000 0.000000 0.000000 0.000000 0.000000 0.000000 0.000000 0.000000 0.000000 0.000000 0.000000 0.000000 0.000000 0.000000 0.000000 0.000000 0.000000 0.000000 0.000000 0.000000 0.000000 0.000000 0.000000 0.000000 0.000000 0.000000 0.000000 0.000000 0.000000 0.000000 0.000000 0.000000 0.000000 0.000000 0.000000 0.000000 0.000000 0.000000 0.000000 0.000000 0.000000 0.000000 0.000000 0.000000 0.000000 0.000000 0.000000 0.000000 0.000000 0.000000 0.000000 0.000000 0.000000 0.000000 0.000000 
0.000000 0.000000 0.000000 0.000000 0.000000 0.000000 0.000000 0.000000 0.000000 0.000000 0.000000 0.000000 0.000000 0.000000 0.000000 0.000000 0.000000 0.000000 0.000000 0.000000 0.000000 0.000000 0.000000 0.000000 0.000000 0.000000 0.000000 0.000000 0.000000 0.000000 0.000000 0.000000 0.000000 0.000000 0.000000 0.000000 0.000000 0.000000 0.000000 0.000000 0.000000 0.000000 0.000000 0.000000 0.000000 0.000000 0.000000 0.000000 0.000000 0.000000 0.000000 0.000000 0.000000 0.000000 0.000000 0.000000 0.000000 0.000000 0.000000 0.000000 0.000000 0.000000 0.000000 0.000000 0.000000 0.000000 0.000000 0.000000 0.000000 0.000000 0.000000 0.000000 0.000000 0.000000 0.000000 0.000000 0.000000 0.000000 0.000000 0.000000 0.000000 0.000000 0.000000 0.000000 0.000000 0.000000 0.000000 0.000000 0.000000 0.000000 0.000000 0.000000 0.000000 0.000000 0.000000 0.000000 0.000000 0.000000 0.000000 0.000000 
0.000000 0.000000 0.000000 0.000000 0.000000 0.000000 0.000000 0.000000 0.000000 0.000000 0.000000 0.000000 0.000000 0.000000 0.000000 0.000000 0.000000 0.000000 0.000000 0.000000 0.000000 0.000000 0.000000 0.000000 0.000000 0.000000 0.000000 0.000000 0.000000 0.000000 0.000000 0.000000 0.000000 0.000000 0.000000 0.000000 0.000000 0.000000 0.000000 0.000000 0.000000 0.000000 0.000000 0.000000 0.000000 0.000000 0.000000 0.000000 0.000000 0.000000 0.000000 0.000000 0.000000 0.000000 0.000000 0.000000 0.000000 0.000000 0.000000 0.000000 0.000000 0.000000 0.000000 0.000000 0.000000 0.000000 0.000000 0.000000 0.000000 0.000000 0.000000 0.000000 0.000000 0.000000 0.000000 0.000000 0.000000 0.000000 0.000000 0.000000 0.000000 0.000000 0.000000 0.000000 0.000000 0.000000 0.000000 0.000000 0.000000 0.000000 0.000000 0.000000 0.000000 0.000000 0.000000 0.000000 0.000000 0.000000 0.000000 0.000000 
0.000000 0.000000 0.000000 0.000000 0.000000 0.000000 0.000000 0.000000 0.000000 0.000000 0.000000 0.000000 0.000000 0.000000 0.000000 0.000000 0.000000 0.000000 0.000000 0.000000 0.000000 0.000000 0.000000 0.000000 0.000000 0.000000 0.000000 0.000000 0.000000 0.000000 0.000000 0.000000 0.000000 0.000000 0.000000 0.000000 0.000000 0.000000 0.000000 0.000000 0.000000 0.000000 0.000000 0.000000 0.000000 0.000000 0.000000 0.000000 0.000000 0.000000 0.000000 0.000000 0.000000 0.000000 0.000000 0.000000 0.000000 0.000000 0.000000 0.000000 0.000000 0.000000 0.000000 0.000000 0.000000 0.000000 0.000000 0.000000 0.000000 0.000000 0.000000 0.000000 0.000000 0.000000 0.000000 0.000000 0.000000 0.000000 0.000000 0.000000 0.000000 0.000000 0.000000 0.000000 0.000000 0.000000 0.000000 0.000000 0.000000 0.000000 0.000000 0.000000 0.000000 0.000000 0.000000 0.000000 0.000000 0.000000 0.000000 0.000000 
0.000000 0.000000 0.000000 0.000000 0.000000 0.000000 0.000000 0.000000 0.000000 0.000000 0.000000 0.000000 0.000000 0.000000 0.000000 0.000000 0.000000 0.000000 0.000000 0.000000 0.000000 0.000000 0.000000 0.000000 0.000000 0.000000 0.000000 0.000000 0.000000 0.000000 0.000000 0.000000 0.000000 0.000000 0.000000 0.000000 0.000000 0.000000 0.000000 0.000000 0.000000 0.000000 0.000000 0.000000 0.000000 0.000000 0.000001 0.000001 0.000001 0.000001 0.000001 0.000001 0.000001 0.000001 0.000001 0.000000 0.000000 0.000000 0.000000 0.000000 0.000000 0.000000 0.000000 0.000000 0.000000 0.000000 0.000000 0.000000 0.000000 0.000000 0.000000 0.000000 0.000000 0.000000 0.000000 0.000000 0.000000 0.000000 0.000000 0.000000 0.000000 0.000000 0.000000 0.000000 0.000000 0.000000 0.000000 0.000000 0.000000 0.000000 0.000000 0.000000 0.000000 0.000000 0.000000 0.000000 0.000000 0.000000 0.000000 0.000000 
0.000000 0.000000 0.000000 0.000000 0.000000 0.000000 0.000000 0.000000 0.000000 0.000000 0.000000 0.000000 0.000000 0.000000 0.000000 0.000000 0.000000 0.000000 0.000000 0.000000 0.000000 0.000000 0.000000 0.000000 0.000000 0.000000 0.000000 0.000000 0.000000 0.000000 0.000000 0.000000 0.000000 0.000000 0.000000 0.000000 0.000000 0.000000 0.000000 0.000000 0.000001 0.000001 0.000001 0.000001 0.000001 0.000001 0.000001 0.000001 0.000001 0.000001 0.000001 0.000001 0.000001 0.000001 0.000001 0.000001 0.000001 0.000001 0.000001 0.000001 0.000001 0.000000 0.000000 0.000000 0.000000 0.000000 0.000000 0.000000 0.000000 0.000000 0.000000 0.000000 0.000000 0.000000 0.000000 0.000000 0.000000 0.000000 0.000000 0.000000 0.000000 0.000000 0.000000 0.000000 0.000000 0.000000 0.000000 0.000000 0.000000 0.000000 0.000000 0.000000 0.000000 0.000000 0.000000 0.000000 0.000000 0.000000 0.000000 0.000000 
0.000000 0.000000 0.000000 0.000000 0.000000 0.000000 0.000000 0.000000 0.000000 0.000000 0.000000 0.000000 0.000000 0.000000 0.000000 0.000000 0.000000 0.000000 0.000000 0.000000 0.000000 0.000000 0.000000 0.000000 0.000000 0.000000 0.000000 0.000000 0.000000 0.000000 0.000000 0.000000 0.000000 0.000000 0.000000 0.000000 0.000000 0.000001 0.000001 0.000001 0.000001 0.000001 0.000002 0.000002 0.000002 0.000003 0.000003 0.000003 0.000003 0.000003 0.000003 0.000003 0.000003 0.000003 0.000003 0.000003 0.000002 0.000002 0.000002 0.000001 0.000001 0.000001 0.000001 0.000001 0.000000 0.000000 0.000000 0.000000 0.000000 0.000000 0.000000 0.000000 0.000000 0.000000 0.000000 0.000000 0.000000 0.000000 0.000000 0.000000 0.000000 0.000000 0.000000 0.000000 0.000000 0.000000 0.000000 0.000000 0.000000 0.000000 0.000000 0.000000 0.000000 0.000000 0.000000 0.000000 0.000000 0.000000 0.000000 0.000000 
0.000000 0.000000 0.000000 0.000000 0.000000 0.000000 0.000000 0.000000 0.000000 0.000000 0.000000 0.000000 0.000000 0.000000 0.000000 0.000000 0.000000 0.000000 0.000000 0.000000 0.000000 0.000000 0.000000 0.000000 0.000000 0.000000 0.000000 0.000000 0.000000 0.000000 0.000000 0.000000 0.000000 0.000000 0.000001 0.000001 0.000001 0.000001 0.000002 0.000002 0.000003 0.000003 0.000004 0.000005 0.000005 0.000006 0.000006 0.000007 0.000007 0.000008 0.000008 0.000008 0.000007 0.000007 0.000006 0.000006 0.000005 0.000005 0.000004 0.000003 0.000003 0.000002 0.000002 0.000001 0.000001 0.000001 0.000001 0.000000 0.000000 0.000000 0.000000 0.000000 0.000000 0.000000 0.000000 0.000000 0.000000 0.000000 0.000000 0.000000 0.000000 0.000000 0.000000 0.000000 0.000000 0.000000 0.000000 0.000000 0.000000 0.000000 0.000000 0.000000 0.000000 0.000000 0.000000 0.000000 0.000000 0.000000 0.000000 0.000000 
0.000000 0.000000 0.000000 0.000000 0.000000 0.000000 0.000000 0.000000 0.000000 0.000000 0.000000 0.000000 0.000000 0.000000 0.000000 0.000000 0.000000 0.000000 0.000000 0.000000 0.000000 0.000000 0.000000 0.000000 0.000000 0.000000 0.000000 0.000000 0.000000 0.000000 0.000000 0.000000 0.000001 0.000001 0.000001 0.000002 0.000002 0.000003 0.000004 0.000005 0.000006 0.000007 0.000009 0.000010 0.000012 0.000013 0.000014 0.000015 0.000016 0.000017 0.000017 0.000017 0.000016 0.000015 0.000014 0.000013 0.000012 0.000010 0.000009 0.000007 0.000006 0.000005 0.000004 0.000003 0.000002 0.000002 0.000001 0.000001 0.000001 0.000000 0.000000 0.000000 0.000000 0.000000 0.000000 0.000000 0.000000 0.000000 0.000000 0.000000 0.000000 0.000000 0.000000 0.000000 0.000000 0.000000 0.000000 0.000000 0.000000 0.000000 0.000000 0.000000 0.000000 0.000000 0.000000 0.000000 0.000000 0.000000 0.000000 0.000000 
0.000000 0.000000 0.000000 0.000000 0.000000 0.000000 0.000000 0.000000 0.000000 0.000000 0.000000 0.000000 0.000000 0.000000 0.000000 0.000000 0.000000 0.000000 0.000000 0.000000 0.000000 0.000000 0.000000 0.000000 0.000000 0.000000 0.000000 0.000000 0.000000 0.000000 0.000001 0.000001 0.000001 0.000002 0.000003 0.000004 0.000005 0.000006 0.000008 0.000011 0.000013 0.000016 0.000019 0.000022 0.000025 0.000028 0.000031 0.000033 0.000035 0.000036 0.000037 0.000036 0.000035 0.000033 0.000031 0.000028 0.000025 0.000022 0.000019 0.000016 0.000013 0.000011 0.000008 0.000006 0.000005 0.000004 0.000003 0.000002 0.000001 0.000001 0.000001 0.000000 0.000000 0.000000 0.000000 0.000000 0.000000 0.000000 0.000000 0.000000 0.000000 0.000000 0.000000 0.000000 0.000000 0.000000 0.000000 0.000000 0.000000 0.000000 0.000000 0.000000 0.000000 0.000000 0.000000 0.000000 0.000000 0.000000 0.000000 0.000000 
0.000000 0.000000 0.000000 0.000000 0.000000 0.000000 0.000000 0.000000 0.000000 0.000000 0.000000 0.000000 0.000000 0.000000 0.000000 0.000000 0.000000 0.000000 0.000000 0.000000 0.000000 0.000000 0.000000 0.000000 0.000000 0.000000 0.000000 0.000000 0.000001 0.000001 0.000001 0.000002 0.000003 0.000004 0.000006 0.000008 0.000011 0.000014 0.000018 0.000023 0.000028 0.000034 0.000040 0.000047 0.000054 0.000060 0.000066 0.000071 0.000075 0.000077 0.000078 0.000077 0.000075 0.000071 0.000066 0.000060 0.000054 0.000047 0.000040 0.000034 0.000028 0.000023 0.000018 0.000014 0.000011 0.000008 0.000006 0.000004 0.000003 0.000002 0.000001 0.000001 0.000001 0.000000 0.000000 0.000000 0.000000 0.000000 0.000000 0.000000 0.000000 0.000000 0.000000 0.000000 0.000000 0.000000 0.000000 0.000000 0.000000 0.000000 0.000000 0.000000 0.000000 0.000000 0.000000 0.000000 0.000000 0.000000 0.000000 0.000000 
0.000000 0.000000 0.000000 0.000000 0.000000 0.000000 0.000000 0.000000 0.000000 0.000000 0.000000 0.000000 0.000000 0.000000 0.000000 0.000000 0.000000 0.000000 0.000000 0.000000 0.000000 0.000000 0.000000 0.000000 0.000000 0.000000 0.000000 0.000001 0.000001 0.000002 0.000003 0.000004 0.000006 0.000009 0.000012 0.000016 0.000022 0.000029 0.000038 0.000047 0.000059 0.000071 0.000085 0.000099 0.000113 0.000126 0.000138 0.000149 0.000156 0.000161 0.000163 0.000161 0.000156 0.000149 0.000138 0.000126 0.000113 0.000099 0.000085 0.000071 0.000059 0.000047 0.000038 0.000029 0.000022 0.000016 0.000012 0.000009 0.000006 0.000004 0.000003 0.000002 0.000001 0.000001 0.000000 0.000000 0.000000 0.000000 0.000000 0.000000 0.000000 0.000000 0.000000 0.000000 0.000000 0.000000 0.000000 0.000000 0.000000 0.000000 0.000000 0.000000 0.000000 0.000000 0.000000 0.000000 0.000000 0.000000 0.000000 0.000000 
0.000000 0.000000 0.000000 0.000000 0.000000 0.000000 0.000000 0.000000 0.000000 0.000000 0.000000 0.000000 0.000000 0.000000 0.000000 0.000000 0.000000 0.000000 0.000000 0.000000 0.000000 0.000000 0.000000 0.000000 0.000000 0.000001 0.000001 0.000002 0.000002 0.000004 0.000006 0.000009 0.000013 0.000018 0.000025 0.000034 0.000046 0.000060 0.000077 0.000098 0.000121 0.000147 0.000174 0.000203 0.000232 0.000259 0.000284 0.000305 0.000321 0.000331 0.000335 0.000331 0.000321 0.000305 0.000284 0.000259 0.000232 0.000203 0.000174 0.000147 0.000121 0.000098 0.000077 0.000060 0.000046 0.000034 0.000025 0.000018 0.000013 0.000009 0.000006 0.000004 0.000002 0.000002 0.000001 0.000001 0.000000 0.000000 0.000000 0.000000 0.000000 0.000000 0.000000 0.000000 0.000000 0.000000 0.000000 0.000000 0.000000 0.000000 0.000000 0.000000 0.000000 0.000000 0.000000 0.000000 0.000000 0.000000 0.000000 0.000000 
0.000000 0.000000 0.000000 0.000000 0.000000 0.000000 0.000000 0.000000 0.000000 0.000000 0.000000 0.000000 0.000000 0.000000 0.000000 0.000000 0.000000 0.000000 0.000000 0.000000 0.000000 0.000000 0.000000 0.000000 0.000001 0.000001 0.000002 0.000003 0.000005 0.000008 0.000012 0.000018 0.000025 0.000036 0.000051 0.000069 0.000093 0.000122 0.000157 0.000198 0.000245 0.000297 0.000353 0.000411 0.000469 0.000524 0.000574 0.000617 0.000649 0.000669 0.000676 0.000669 0.000649 0.000617 0.000574 0.000524 0.000469 0.000411 0.000353 0.000297 0.000245 0.000198 0.000157 0.000122 0.000093 0.000069 0.000051 0.000036 0.000025 0.000018 0.000012 0.000008 0.000005 0.000003 0.000002 0.000001 0.000001 0.000000 0.000000 0.000000 0.000000 0.000000 0.000000 0.000000 0.000000 0.000000 0.000000 0.000000 0.000000 0.000000 0.000000 0.000000 0.000000 0.000000 0.000000 0.000000 0.000000 0.000000 0.000000 0.000000 
0.000000 0.000000 0.000000 0.000000 0.000000 0.000000 0.000000 0.000000 0.000000 0.000000 0.000000 0.000000 0.000000 0.000000 0.000000 0.000000 0.000000 0.000000 0.000000 0.000000 0.000000 0.000000 0.000001 0.000001 0.000002 0.000003 0.000004 0.000007 0.000010 0.000016 0.000024 0.000035 0.000051 0.000072 0.000101 0.000138 0.000185 0.000243 0.000312 0.000394 0.000487 0.000590 0.000701 0.000816 0.000931 0.001041 0.001140 0.001224 0.001287 0.001327 0.001341 0.001327 0.001287 0.001224 0.001140 0.001041 0.000931 0.000816 0.000701 0.000590 0.000487 0.000394 0.000312 0.000243 0.000185 0.000138 0.000101 0.000072 0.000051 0.000035 0.000024 0.000016 0.000010 0.000007 0.000004 0.000003 0.000002 0.000001 0.000001 0.000000 0.000000 0.000000 0.000000 0.000000 0.000000 0.000000 0.000000 0.000000 0.000000 0.000000 0.000000 0.000000 0.000000 0.000000 0.000000 0.000000 0.000000 0.000000 0.000000 0.000000 
0.000000 0.000000 0.000000 0.000000 0.000000 0.000000 0.000000 0.000000 0.000000 0.000000 0.000000 0.000000 0.000000 0.000000 0.000000 0.000000 0.000000 0.000000 0.000000 0.000000 0.000000 0.000001 0.000001 0.000002 0.000003 0.000005 0.000008 0.000013 0.000020 0.000031 0.000047 0.000069 0.000100 0.000142 0.000198 0.000270 0.000362 0.000475 0.000611 0.000770 0.000952 0.001153 0.001369 0.001592 0.001816 0.002029 0.002222 0.002385 0.002509 0.002586 0.002612 0.002586 0.002509 0.002385 0.002222 0.002029 0.001816 0.001592 0.001369 0.001153 0.000952 0.000770 0.000611 0.000475 0.000362 0.000270 0.000198 0.000142 0.000100 0.000069 0.000047 0.000031 0.000020 0.000013 0.000008 0.000005 0.000003 0.000002 0.000001 0.000001 0.000000 0.000000 0.000000 0.000000 0.000000 0.000000 0.000000 0.000000 0.000000 0.000000 0.000000 0.000000 0.000000 0.000000 0.000000 0.000000 0.000000 0.000000 0.000000 0.000000 
0.000000 0.000000 0.000000 0.000000 0.000000 0.000000 0.000000 0.000000 0.000000 0.000000 0.000000 0.000000 0.000000 0.000000 0.000000 0.000000 0.000000 0.000000 0.000000 0.000000 0.000001 0.000001 0.000002 0.000003 0.000006 0.000010 0.000016 0.000025 0.000039 0.000060 0.000090 0.000133 0.000193 0.000274 0.000382 0.000521 0.000696 0.000913 0.001174 0.001479 0.001826 0.002211 0.002624 0.003051 0.003478 0.003886 0.004255 0.004566 0.004802 0.004950 0.005000 0.004950 0.004802 0.004566 0.004255 0.003886 0.003478 0.003051 0.002624 0.002211 0.001826 0.001479 0.001174 0.000913 0.000696 0.000521 0.000382 0.000274 0.000193 0.000133 0.000090 0.000060 0.000039 0.000025 0.000016 0.000010 0.000006 0.000003 0.000002 0.000001 0.000001 0.000000 0.000000 0.000000 0.000000 0.000000 0.000000 0.000000 0.000000 0.000000 0.000000 0.000000 0.000000 0.000000 0.000000 0.000000 0.000000 0.000000 0.000000 0.000000 
0.000000 0.000000 0.000000 0.000000 0.000000 0.000000 0.000000 0.000000 0.000000 0.000000 0.000000 0.000000 0.000000 0.000000 0.000000 0.000000 0.000000 0.000000 0.000000 0.000001 0.000001 0.000002 0.000004 0.000007 0.000011 0.000018 0.000030 0.000048 0.000074 0.000114 0.000172 0.000253 0.000366 0.000519 0.000722 0.000984 0.001315 0.001723 0.002214 0.002788 0.003442 0.004165 0.004940 0.005744 0.006545 0.007311 0.008003 0.008587 0.009030 0.009307 0.009401 0.009307 0.009030 0.008587 0.008003 0.007311 0.006545 0.005744 0.004940 0.004165 0.003442 0.002788 0.002214 0.001723 0.001315 0.000984 0.000722 0.000519 0.000366 0.000253 0.000172 0.000114 0.000074 0.000048 0.000030 0.000018 0.000011 0.000007 0.000004 0.000002 0.000001 0.000001 0.000000 0.000000 0.000000 0.000000 0.000000 0.000000 0.000000 0.000000 0.000000 0.000000 0.000000 0.000000 0.000000 0.000000 0.000000 0.000000 0.000000 0.000000 
0.000000 0.000000 0.000000 0.000000 0.000000 0.000000 0.000000 0.000000 0.000000 0.000000 0.000000 0.000000 0.000000 0.000000 0.000000 0.000000 0.000000 0.000000 0.000001 0.000001 0.000002 0.000004 0.000007 0.000012 0.000021 0.000034 0.000056 0.000089 0.000139 0.000213 0.000320 0.000471 0.000681 0.000965 0.001340 0.001826 0.002439 0.003195 0.004102 0.005163 0.006370 0.007705 0.009136 0.010619 0.012097 0.013508 0.014784 0.015860 0.016676 0.017186 0.017360 0.017186 0.016676 0.015860 0.014784 0.013508 0.012097 0.010619 0.009136 0.007705 0.006370 0.005163 0.004102 0.003195 0.002439 0.001826 0.001340 0.000965 0.000681 0.000471 0.000320 0.000213 0.000139 0.000089 0.000056 0.000034 0.000021 0.000012 0.000007 0.000004 0.000002 0.000001 0.000001 0.000000 0.000000 0.000000 0.000000 0.000000 0.000000 0.000000 0.000000 0.000000 0.000000 0.000000 0.000000 0.000000 0.000000 0.000000 0.000000 0.000000 
0.000000 0.000000 0.000000 0.000000 0.000000 0.000000 0.000000 0.000000 0.000000 0.000000 0.000000 0.000000 0.000000 0.000000 0.000000 0.000000 0.000000 0.000001 0.000001 0.000002 0.000004 0.000008 0.000013 0.000023 0.000038 0.000063 0.000103 0.000163 0.000255 0.000390 0.000585 0.000861 0.001243 0.001761 0.002445 0.003328 0.004443 0.005815 0.007462 0.009388 0.011579 0.013999 0.016593 0.019278 0.021956 0.024511 0.026822 0.028769 0.030246 0.031169 0.031483 0.031169 0.030246 0.028769 0.026822 0.024511 0.021956 0.019278 0.016593 0.013999 0.011579 0.009388 0.007462 0.005815 0.004443 0.003328 0.002445 0.001761 0.001243 0.000861 0.000585 0.000390 0.000255 0.000163 0.000103 0.000063 0.000038 0.000023 0.000013 0.000008 0.000004 0.000002 0.000001 0.000001 0.000000 0.000000 0.000000 0.000000 0.000000 0.000000 0.000000 0.000000 0.000000 0.000000 0.000000 0.000000 0.000000 0.000000 0.000000 0.000000 
0.000000 0.000000 0.000000 0.000000 0.000000 0.000000 0.000000 0.000000 0.000000 0.000000 0.000000 0.000000 0.000000 0.000000 0.000000 0.000000 0.000001 0.000001 0.000002 0.000004 0.000008 0.000014 0.000024 0.000041 0.000069 0.000114 0.000185 0.000294 0.000458 0.000700 0.001051 0.001545 0.002230 0.003155 0.004378 0.005956 0.007946 0.010394 0.013331 0.016763 0.020666 0.024976 0.029592 0.034370 0.039133 0.043677 0.047785 0.051247 0.053872 0.055512 0.056069 0.055512 0.053872 0.051247 0.047785 0.043677 0.039133 0.034370 0.029592 0.024976 0.020666 0.016763 0.013331 0.010394 0.007946 0.005956 0.004378 0.003155 0.002230 0.001545 0.001051 0.000700 0.000458 0.000294 0.000185 0.000114 0.000069 0.000041 0.000024 0.000014 0.000008 0.000004 0.000002 0.000001 0.000001 0.000000 0.000000 0.000000 0.000000 0.000000 0.000000 0.000000 0.000000 0.000000 0.000000 0.000000 0.000000 0.000000 0.000000 0.000000 
0.000000 0.000000 0.000000 0.000000 0.000000 0.000000 0.000000 0.000000 0.000000 0.000000 0.000000 0.000000 0.000000 0.000000 0.000000 0.000001 0.000001 0.000002 0.000004 0.000008 0.000014 0.000024 0.000043 0.000073 0.000123 0.000202 0.000327 0.000519 0.000809 0.001236 0.001853 0.002723 0.003926 0.005551 0.007697 0.010465 0.013953 0.018242 0.023384 0.029390 0.036216 0.043753 0.051821 0.060170 0.068489 0.076424 0.083597 0.089640 0.094222 0.097084 0.098057 0.097084 0.094222 0.089640 0.083597 0.076424 0.068489 0.060170 0.051821 0.043753 0.036216 0.029390 0.023384 0.018242 0.013953 0.010465 0.007697 0.005551 0.003926 0.002723 0.001853 0.001236 0.000809 0.000519 0.000327 0.000202 0.000123 0.000073 0.000043 0.000024 0.000014 0.000008 0.000004 0.000002 0.000001 0.000001 0.000000 0.000000 0.000000 0.000000 0.000000 0.000000 0.000000 0.000000 0.000000 0.000000 0.000000 0.000000 0.000000 0.000000 
0.000000 0.000000 0.000000 0.000000 0.000000 0.000000 0.000000 0.000000 0.000000 0.000000 0.000000 0.000000 0.000000 0.000000 0.000001 0.000001 0.000002 0.000004 0.000007 0.000013 0.000024 0.000043 0.000074 0.000127 0.000213 0.000351 0.000568 0.000901 0.001403 0.002141 0.003207 0.004710 0.006786 0.009588 0.013285 0.018053 0.024056 0.031433 0.040273 0.050593 0.062317 0.075256 0.089102 0.103426 0.117696 0.131302 0.143600 0.153958 0.161813 0.166717 0.168385 0.166717 0.161813 0.153958 0.143600 0.131302 0.117696 0.103426 0.089102 0.075256 0.062317 0.050593 0.040273 0.031433 0.024056 0.018053 0.013285 0.009588 0.006786 0.004710 0.003207 0.002141 0.001403 0.000901 0.000568 0.000351 0.000213 0.000127 0.000074 0.000043 0.000024 0.000013 0.000007 0.000004 0.000002 0.000001 0.000001 0.000000 0.000000 0.000000 0.000000 0.000000 0.000000 0.000000 0.000000 0.000000 0.000000 0.000000 0.000000 0.000000 
0.000000 0.000000 0.000000 0.000000 0.000000 0.000000 0.000000 0.000000 0.000000 0.000000 0.000000 0.000000 0.000000 0.000000 0.000001 0.000002 0.000003 0.000007 0.000012 0.000023 0.000041 0.000073 0.000127 0.000217 0.000364 0.000600 0.000969 0.001535 0.002387 0.003641 0.005449 0.007997 0.011513 0.016256 0.022511 0.030571 0.040714 0.053171 0.068092 0.085502 0.105273 0.127084 0.150416 0.174546 0.198578 0.221488 0.242190 0.259624 0.272843 0.281095 0.283902 0.281095 0.272843 0.259624 0.242190 0.221488 0.198578 0.174546 0.150416 0.127084 0.105273 0.085502 0.068092 0.053171 0.040714 0.030571 0.022511 0.016256 0.011513 0.007997 0.005449 0.003641 0.002387 0.001535 0.000969 0.000600 0.000364 0.000217 0.000127 0.000073 0.000041 0.000023 0.000012 0.000007 0.000003 0.000002 0.000001 0.000000 0.000000 0.000000 0.000000 0.000000 0.000000 0.000000 0.000000 0.000000 0.000000 0.000000 0.000000 0.000000 
0.000000 0.000000 0.000000 0.000000 0.000000 0.000000 0.000000 0.000000 0.000000 0.000000 0.000000 0.000000 0.000000 0.000001 0.000002 0.000003 0.000006 0.000011 0.000021 0.000038 0.000069 0.000123 0.000213 0.000364 0.000611 0.001004 0.001621 0.002567 0.003988 0.006078 0.009087 0.013328 0.019173 0.027054 0.037441 0.050818 0.067642 0.088295 0.113018 0.141856 0.174588 0.210685 0.249286 0.289196 0.328933 0.366805 0.401022 0.429833 0.451675 0.465310 0.469947 0.465310 0.451675 0.429833 0.401022 0.366805 0.328933 0.289196 0.249286 0.210685 0.174588 0.141856 0.113018 0.088295 0.067642 0.050818 0.037441 0.027054 0.019173 0.013328 0.009087 0.006078 0.003988 0.002567 0.001621 0.001004 0.000611 0.000364 0.000213 0.000123 0.000069 0.000038 0.000021 0.000011 0.000006 0.000003 0.000002 0.000001 0.000000 0.000000 0.000000 0.000000 0.000000 0.000000 0.000000 0.000000 0.000000 0.000000 0.000000 0.000000 
0.000000 0.000000 0.000000 0.000000 0.000000 0.000000 0.000000 0.000000 0.000000 0.000000 0.000000 0.000000 0.000001 0.000001 0.000003 0.000005 0.000010 0.000018 0.000034 0.000063 0.000114 0.000202 0.000351 0.000600 0.001004 0.001650 0.002661 0.004211 0.006537 0.009955 0.014874 0.021800 0.031341 0.044195 0.061126 0.082919 0.110313 0.143923 0.184141 0.231030 0.284230 0.342879 0.405574 0.470378 0.534884 0.596350 0.651873 0.698618 0.734051 0.756170 0.763691 0.756170 0.734051 0.698618 0.651873 0.596350 0.534884 0.470378 0.405574 0.342879 0.284230 0.231030 0.184141 0.143923 0.110313 0.082919 0.061126 0.044195 0.031341 0.021800 0.014874 0.009955 0.006537 0.004211 0.002661 0.001650 0.001004 0.000600 0.000351 0.000202 0.000114 0.000063 0.000034 0.000018 0.000010 0.000005 0.000003 0.000001 0.000001 0.000000 0.000000 0.000000 0.000000 0.000000 0.000000 0.000000 0.000000 0.000000 0.000000 0.000000 
0.000000 0.000000 0.000000 0.000000 0.000000 0.000000 0.000000 0.000000 0.000000 0.000000 0.000000 0.000000 0.000001 0.000002 0.000004 0.000008 0.000016 0.000030 0.000056 0.000103 0.000185 0.000327 0.000568 0.000969 0.001621 0.002661 0.004288 0.006779 0.010515 0.016003 0.023893 0.034994 0.050278 0.070857 0.097947 0.132795 0.176579 0.230271 0.294490 0.369330 0.454211 0.547754 0.647719 0.751016 0.853815 0.951748 1.040197 1.114651 1.171084 1.206309 1.218285 1.206309 1.171084 1.114651 1.040197 0.951748 0.853815 0.751016 0.647719 0.547754 0.454211 0.369330 0.294490 0.230271 0.176579 0.132795 0.097947 0.070857 0.050278 0.034994 0.023893 0.016003 0.010515 0.006779 0.004288 0.002661 0.001621 0.000969 0.000568 0.000327 0.000185 0.000103 0.000056 0.000030 0.000016 0.000008 0.000004 0.000002 0.000001 0.000000 0.000000 0.000000 0.000000 0.000000 0.000000 0.000000 0.000000 0.000000 0.000000 0.000000 
0.000000 0.000000 0.000000 0.000000 0.000000 0.000000 0.000000 0.000000 0.000000 0.000000 0.000000 0.000001 0.000002 0.000003 0.000007 0.000013 0.000025 0.000048 0.000089 0.000163 0.000294 0.000519 0.000901 0.001535 0.002567 0.004211 0.006779 0.010709 0.016599 0.025244 0.037664 0.055129 0.079158 0.111493 0.154034 0.208729 0.277414 0.361606 0.462258 0.579512 0.712447 0.858901 1.015361 1.176994 1.337809 1.490980 1.629296 1.745712 1.833939 1.889007 1.907729 1.889007 1.833939 1.745712 1.629296 1.490980 1.337809 1.176994 1.015361 0.858901 0.712447 0.579512 0.462258 0.361606 0.277414 0.208729 0.154034 0.111493 0.079158 0.055129 0.037664 0.025244 0.016599 0.010709 0.006779 0.004211 0.002567 0.001535 0.000901 0.000519 0.000294 0.000163 0.000089 0.000048 0.000025 0.000013 0.000007 0.000003 0.000002 0.000001 0.000000 0.000000 0.000000 0.000000 0.000000 0.000000 0.000000 0.000000 0.000000 0.000000 
0.000000 0.000000 0.000000 0.000000 0.000000 0.000000 0.000000 0.000000 0.000000 0.000000 0.000001 0.000001 0.000002 0.000005 0.000010 0.000020 0.000039 0.000074 0.000139 0.000255 0.000458 0.000809 0.001403 0.002387 0.003988 0.006537 0.010515 0.016599 0.025711 0.039074 0.058261 0.085224 0.122299 0.172160 0.237725 0.321979 0.427733 0.557303 0.712144 0.892453 1.096806 1.321867 1.562236 1.810488 2.057430 2.292587 2.504905 2.683582 2.818982 2.903488 2.932218 2.903488 2.818982 2.683582 2.504905 2.292587 2.057430 1.810488 1.562236 1.321867 1.096806 0.892453 0.712144 0.557303 0.427733 0.321979 0.237725 0.172160 0.122299 0.085224 0.058261 0.039074 0.025711 0.016599 0.010515 0.006537 0.003988 0.002387 0.001403 0.000809 0.000458 0.000255 0.000139 0.000074 0.000039 0.000020 0.000010 0.000005 0.000002 0.000001 0.000001 0.000000 0.000000 0.000000 0.000000 0.000000 0.000000 0.000000 0.000000 0.000000 
0.000000 0.000000 0.000000 0.000000 0.000000 0.000000 0.000000 0.000000 0.000000 0.000000 0.000001 0.000002 0.000004 0.000008 0.000016 0.000031 0.000060 0.000114 0.000213 0.000390 0.000700 0.001236 0.002141 0.003641 0.006078 0.009955 0.016003 0.025244 0.039074 0.059344 0.088429 0.129278 0.185413 0.260868 0.360035 0.487407 0.647209 0.842916 1.076699 1.348836 1.657158 1.996619 2.359070 2.733316 3.105506 3.459871 3.779767 4.048946 4.252907 4.380197 4.423470 4.380197 4.252907 4.048946 3.779767 3.459871 3.105506 2.733316 2.359070 1.996619 1.657158 1.348836 1.076699 0.842916 0.647209 0.487407 0.360035 0.260868 0.185413 0.129278 0.088429 0.059344 0.039074 0.025244 0.016003 0.009955 0.006078 0.003641 0.002141 0.001236 0.000700 0.000390 0.000213 0.000114 0.000060 0.000031 0.000016 0.000008 0.000004 0.000002 0.000001 0.000000 0.000000 0.000000 0.000000 0.000000 0.000000 0.000000 0.000000 0.000000 
0.000000 0.000000 0.000000 0.000000 0.000000 0.000000 0.000000 0.000000 0.000000 0.000001 0.000001 0.000003 0.000006 0.000012 0.000024 0.000047 0.000090 0.000172 0.000320 0.000585 0.001051 0.001853 0.003207 0.005449 0.009087 0.014874 0.023893 0.037664 0.058261 0.088429 0.131692 0.192417 0.275820 0.387869 0.535058 0.724023 0.960996 1.251095 1.597503 2.000601 2.457150 2.959662 3.496066 4.049796 4.600370 5.124483 5.597548 5.995565 6.297123 6.485310 6.549284 6.485310 6.297123 5.995565 5.597548 5.124483 4.600370 4.049796 3.496066 2.959662 2.457150 2.000601 1.597503 1.251095 0.960996 0.724023 0.535058 0.387869 0.275820 0.192417 0.131692 0.088429 0.058261 0.037664 0.023893 0.014874 0.009087 0.005449 0.003207 0.001853 0.001051 0.000585 0.000320 0.000172 0.000090 0.000047 0.000024 0.000012 0.000006 0.000003 0.000001 0.000001 0.000000 0.000000 0.000000 0.000000 0.000000 0.000000 0.000000 0.000000 
0.000000 0.000000 0.000000 0.000000 0.000000 0.000000 0.000000 0.000000 0.000000 0.000001 0.000002 0.000004 0.000009 0.000018 0.000035 0.000069 0.000133 0.000253 0.000471 0.000861 0.001545 0.002723 0.004710 0.007997 0.013328 0.021800 0.034994 0.055129 0.085224 0.129278 0.192417 0.280992 0.402582 0.565854 0.780227 1.055325 1.400169 1.822158 2.325876 2.911830 3.575281 4.305321 5.084403 5.888470 6.687799 7.448584 8.135173 8.712775 9.150360 9.423419 9.516242 9.423419 9.150360 8.712775 8.135173 7.448584 6.687799 5.888470 5.084403 4.305321 3.575281 2.911830 2.325876 1.822158 1.400169 1.055325 0.780227 0.565854 0.402582 0.280992 0.192417 0.129278 0.085224 0.055129 0.034994 0.021800 0.013328 0.007997 0.004710 0.002723 0.001545 0.000861 0.000471 0.000253 0.000133 0.000069 0.000035 0.000018 0.000009 0.000004 0.000002 0.000001 0.000000 0.000000 0.000000 0.000000 0.000000 0.000000 0.000000 0.000000 
0.000000 0.000000 0.000000 0.000000 0.000000 0.000000 0.000000 0.000000 0.000001 0.000001 0.000003 0.000006 0.000013 0.000025 0.000051 0.000100 0.000193 0.000366 0.000681 0.001243 0.002230 0.003926 0.006786 0.011513 0.019173 0.031341 0.050278 0.079158 0.122299 0.185413 0.275820 0.402582 0.576507 0.809943 1.116305 1.509282 2.001698 2.604051 3.322818 4.158665 5.104783 6.145587 7.256044 8.401869 9.540731 10.624506 11.602454 12.425079 13.048240 13.437081 13.569260 13.437081 13.048240 12.425079 11.602454 10.624506 9.540731 8.401869 7.256044 6.145587 5.104783 4.158665 3.322818 2.604051 2.001698 1.509282 1.116305 0.809943 0.576507 0.402582 0.275820 0.185413 0.122299 0.079158 0.050278 0.031341 0.019173 0.011513 0.006786 0.003926 0.002230 0.001243 0.000681 0.000366 0.000193 0.000100 0.000051 0.000025 0.000013 0.000006 0.000003 0.000001 0.000001 0.000000 0.000000 0.000000 0.000000 0.000000 0.000000 0.000000 
0.000000 0.000000 0.000000 0.000000 0.000000 0.000000 0.000000 0.000000 0.000001 0.000002 0.000004 0.000009 0.000018 0.000036 0.000072 0.000142 0.000274 0.000519 0.000965 0.001761 0.003155 0.005551 0.009588 0.016256 0.027054 0.044195 0.070857 0.111493 0.172160 0.260868 0.387869 0.565854 0.809943 1.137404 1.566984 2.117797 2.807729 3.651400 4.657796 5.827774 7.151741 8.607842 10.161037 11.763382 13.355710 14.870786 16.237751 17.387489 18.258383 18.801778 18.986489 18.801778 18.258383 17.387489 16.237751 14.870786 13.355710 11.763382 10.161037 8.607842 7.151741 5.827774 4.657796 3.651400 2.807729 2.117797 1.566984 1.137404 0.809943 0.565854 0.387869 0.260868 0.172160 0.111493 0.070857 0.044195 0.027054 0.016256 0.009588 0.005551 0.003155 0.001761 0.000965 0.000519 0.000274 0.000142 0.000072 0.000036 0.000018 0.000009 0.000004 0.000002 0.000001 0.000000 0.000000 0.000000 0.000000 0.000000 0.000000 0.000000 
0.000000 0.000000 0.000000 0.000000 0.000000 0.000000 0.000000 0.000001 0.000001 0.000003 0.000006 0.000012 0.000025 0.000051 0.000101 0.000198 0.000382 0.000722 0.001340 0.002445 0.004378 0.007697 0.013285 0.022511 0.037441 0.061126 0.097947 0.154034 0.237725 0.360035 0.535058 0.780227 1.116305 1.566984 2.157972 2.915459 3.863931 5.023370 6.406015 8.012944 9.830897 11.829813 13.961566 16.160359 18.345045 20.423445 22.298441 23.875329 25.069692 25.814879 26.068178 25.814879 25.069692 23.875329 22.298441 20.423445 18.345045 16.160359 13.961566 11.829813 9.830897 8.012944 6.406015 5.023370 3.863931 2.915459 2.157972 1.566984 1.116305 0.780227 0.535058 0.360035 0.237725 0.154034 0.097947 0.061126 0.037441 0.022511 0.013285 0.007697 0.004378 0.002445 0.001340 0.000722 0.000382 0.000198 0.000101 0.000051 0.000025 0.000012 0.000006 0.000003 0.000001 0.000001 0.000000 0.000000 0.000000 0.000000 0.000000 0.000000 
0.000000 0.000000 0.000000 0.000000 0.000000 0.000000 0.000000 0.000001 0.000002 0.000004 0.000008 0.000016 0.000034 0.000069 0.000138 0.000270 0.000521 0.000984 0.001826 0.003328 0.005956 0.010465 0.018053 0.030571 0.050818 0.082919 0.132795 0.208729 0.321979 0.487407 0.724023 1.055325 1.509282 2.117797 2.915459 3.937486 5.216769 6.780119 8.643894 10.809422 13.258733 15.951253 18.822129 21.782761 24.723939 27.521654 30.045287 32.167495 33.774785 34.777561 35.118411 34.777561 33.774785 32.167495 30.045287 27.521654 24.723939 21.782761 18.822129 15.951253 13.258733 10.809422 8.643894 6.780119 5.216769 3.937486 2.915459 2.117797 1.509282 1.055325 0.724023 0.487407 0.321979 0.208729 0.132795 0.082919 0.050818 0.030571 0.018053 0.010465 0.005956 0.003328 0.001826 0.000984 0.000521 0.000270 0.000138 0.000069 0.000034 0.000016 0.000008 0.000004 0.000002 0.000001 0.000000 0.000000 0.000000 0.000000 0.000000 0.000000 
0.000000 0.000000 0.000000 0.000000 0.000000 0.000000 0.000000 0.000001 0.000002 0.000005 0.000011 0.000022 0.000046 0.000093 0.000185 0.000362 0.000696 0.001315 0.002439 0.004443 0.007946 0.013953 0.024056 0.040714 0.067642 0.110313 0.176579 0.277414 0.427733 0.647209 0.960996 1.400169 2.001698 2.807729 3.863931 5.216769 6.909609 8.977745 11.442643 14.305906 17.543644 21.102140 24.895643 28.807095 32.692278 36.387488 39.720344 42.522821 44.645191 45.969266 46.419318 45.969266 44.645191 42.522821 39.720344 36.387488 32.692278 28.807095 24.895643 21.102140 17.543644 14.305906 11.442643 8.977745 6.909609 5.216769 3.863931 2.807729 2.001698 1.400169 0.960996 0.647209 0.427733 0.277414 0.176579 0.110313 0.067642 0.040714 0.024056 0.013953 0.007946 0.004443 0.002439 0.001315 0.000696 0.000362 0.000185 0.000093 0.000046 0.000022 0.000011 0.000005 0.000002 0.000001 0.000000 0.000000 0.000000 0.000000 0.000000 0.000000 
0.000000 0.000000 0.000000 0.000000 0.000000 0.000000 0.000001 0.000001 0.000003 0.000006 0.000014 0.000029 0.000060 0.000122 0.000243 0.000475 0.000913 0.001723 0.003195 0.005815 0.010394 0.018242 0.031433 0.053171 0.088295 0.143923 0.230271 0.361606 0.557303 0.842916 1.251095 1.822158 2.604051 3.651400 5.023370 6.780119 8.977745 11.661848 14.860082 18.574332 22.773462 27.387696 32.305799 37.376030 42.411523 47.200239 51.518950 55.150114 57.899904 59.615339 60.198401 59.615339 57.899904 55.150114 51.518950 47.200239 42.411523 37.376030 32.305799 27.387696 22.773462 18.574332 14.860082 11.661848 8.977745 6.780119 5.023370 3.651400 2.604051 1.822158 1.251095 0.842916 0.557303 0.361606 0.230271 0.143923 0.088295 0.053171 0.031433 0.018242 0.010394 0.005815 0.003195 0.001723 0.000913 0.000475 0.000243 0.000122 0.000060 0.000029 0.000014 0.000006 0.000003 0.000001 0.000001 0.000000 0.000000 0.000000 0.000000 0.000000 
0.000000 0.000000 0.000000 0.000000 0.000000 0.000000 0.000001 0.000002 0.000004 0.000008 0.000018 0.000038 0.000077 0.000157 0.000312 0.000611 0.001174 0.002214 0.004102 0.007462 0.013331 0.023384 0.040273 0.068092 0.113018 0.184141 0.294490 0.462258 0.712144 1.076699 1.597503 2.325876 3.322818 4.657796 6.406015 8.643894 11.442643 14.860082 18.931168 23.658082 29.001017 34.871073 41.126686 47.574868 53.978065 60.066798 65.557436 70.173620 73.669152 75.849733 76.590882 75.849733 73.669152 70.173620 65.557436 60.066798 53.978065 47.574868 41.126686 34.871073 29.001017 23.658082 18.931168 14.860082 11.442643 8.643894 6.406015 4.657796 3.322818 2.325876 1.597503 1.076699 0.712144 0.462258 0.294490 0.184141 0.113018 0.068092 0.040273 0.023384 0.013331 0.007462 0.004102 0.002214 0.001174 0.000611 0.000312 0.000157 0.000077 0.000038 0.000018 0.000008 0.000004 0.000002 0.000001 0.000000 0.000000 0.000000 0.000000 0.000000 
0.000000 0.000000 0.000000 0.000000 0.000000 0.000000 0.000001 0.000002 0.000005 0.000011 0.000023 0.000047 0.000098 0.000198 0.000394 0.000770 0.001479 0.002788 0.005163 0.009388 0.016763 0.029390 0.050593 0.085502 0.141856 0.231030 0.369330 0.579512 0.892453 1.348836 2.000601 2.911830 4.158665 5.827774 8.012944 10.809422 14.305906 18.574332 23.658082 29.559623 36.229051 43.555254 51.361492 59.406966 67.395383 74.990728 81.839415 87.596978 91.956585 94.676102 95.600412 94.676102 91.956585 87.596978 81.839415 74.990728 67.395383 59.406966 51.361492 43.555254 36.229051 29.559623 23.658082 18.574332 14.305906 10.809422 8.012944 5.827774 4.158665 2.911830 2.000601 1.348836 0.892453 0.579512 0.369330 0.231030 0.141856 0.085502 0.050593 0.029390 0.016763 0.009388 0.005163 0.002788 0.001479 0.000770 0.000394 0.000198 0.000098 0.000047 0.000023 0.000011 0.000005 0.000002 0.000001 0.000000 0.000000 0.000000 0.000000 0.000000 
0.000000 0.000000 0.000000 0.000000 0.000000 0.000001 0.000001 0.000003 0.000006 0.000013 0.000028 0.000059 0.000121 0.000245 0.000487 0.000952 0.001826 0.003442 0.006370 0.011579 0.020666 0.036216 0.062317 0.105273 0.174588 0.284230 0.454211 0.712447 1.096806 1.657158 2.457150 3.575281 5.104783 7.151741 9.830897 13.258733 17.543644 22.773462 29.001017 36.229051 44.396212 53.366279 62.922790 72.770983 82.548296 91.843667 100.224623 107.269909 112.604332 115.931837 117.062773 115.931837 112.604332 107.269909 100.224623 91.843667 82.548296 72.770983 62.922790 53.366279 44.396212 36.229051 29.001017 22.773462 17.543644 13.258733 9.830897 7.151741 5.104783 3.575281 2.457150 1.657158 1.096806 0.712447 0.454211 0.284230 0.174588 0.105273 0.062317 0.036216 0.020666 0.011579 0.006370 0.003442 0.001826 0.000952 0.000487 0.000245 0.000121 0.000059 0.000028 0.000013 0.000006 0.000003 0.000001 0.000001 0.000000 0.000000 0.000000 0.000000 
0.000000 0.000000 0.000000 0.000000 0.000000 0.000001 0.000001 0.000003 0.000007 0.000016 0.000034 0.000071 0.000147 0.000297 0.000590 0.001153 0.002211 0.004165 0.007705 0.013999 0.024976 0.043753 0.075256 0.127084 0.210685 0.342879 0.547754 0.858901 1.321867 1.996619 2.959662 4.305321 6.145587 8.607842 11.829813 15.951253 21.102140 27.387696 34.871073 43.555254 53.366279 64.140341 75.617372 87.443403 99.183191 110.343383 120.405021 128.862673 135.266221 139.260515 140.618058 139.260515 135.266221 128.862673 120.405021 110.343383 99.183191 87.443403 75.617372 64.140341 53.366279 43.555254 34.871073 27.387696 21.102140 15.951253 11.829813 8.607842 6.145587 4.305321 2.959662 1.996619 1.321867 0.858901 0.547754 0.342879 0.210685 0.127084 0.075256 0.043753 0.024976 0.013999 0.007705 0.004165 0.002211 0.001153 0.000590 0.000297 0.000147 0.000071 0.000034 0.000016 0.000007 0.000003 0.000001 0.000001 0.000000 0.000000 0.000000 0.000000 
0.000000 0.000000 0.000000 0.000000 0.000000 0.000001 0.000002 0.000004 0.000009 0.000019 0.000040 0.000085 0.000174 0.000353 0.000701 0.001369 0.002624 0.004940 0.009136 0.016593 0.029592 0.051821 0.089102 0.150416 0.249286 0.405574 0.647719 1.015361 1.562236 2.359070 3.496066 5.084403 7.256044 10.161037 13.961566 18.822129 24.895643 32.305799 41.126686 51.361492 62.922790 75.617372 89.138734 103.069893 116.898267 130.042960 141.893025 151.853511 159.394621 164.098368 165.697013 164.098368 159.394621 151.853511 141.893025 130.042960 116.898267 103.069893 89.138734 75.617372 62.922790 51.361492 41.126686 32.305799 24.895643 18.822129 13.961566 10.161037 7.256044 5.084403 3.496066 2.359070 1.562236 1.015361 0.647719 0.405574 0.249286 0.150416 0.089102 0.051821 0.029592 0.016593 0.009136 0.004940 0.002624 0.001369 0.000701 0.000353 0.000174 0.000085 0.000040 0.000019 0.000009 0.000004 0.000002 0.000001 0.000000 0.000000 0.000000 0.000000 
