0.000000 0.000000 0.000000 0.000000 0.000000 0.000000 0.000000 0.000000 0.000000 0.000000 0.000000 0.000000 0.000000 0.000000 0.000000 0.000000 0.000000 0.000000 0.000000 0.000000 0.000000 0.000000 0.000000 0.000000 0.000000 0.000000 0.000000 0.000000 0.000000 0.000000 0.000000 0.000000 0.000000 0.000000 0.000000 0.000000 0.000000 0.000000 0.000000 0.000000 0.000000 0.000000 0.000000 0.000000 0.000000 0.000001 0.000001 0.000001 0.000001 0.000001 0.000001 0.000001 0.000001 0.000001 0.000001 0.000001 0.000000 0.000000 0.000000 0.000000 0.000000 0.000000 0.000000 0.000000 0.000000 0.000000 0.000000 0.000000 0.000000 0.000000 0.000000 0.000000 0.000000 0.000000 0.000000 0.000000 0.000000 0.000000 0.000000 0.000000 0.000000 0.000000 0.000000 0.000000 0.000000 0.000000 0.000000 0.000000 0.000000 0.000000 0.000000 0.000000 0.000000 0.000000 0.000000 0.000000 0.000000 0.000000 0.000000 0.000000 
0.000000 0.000000 0.000000 0.000000 0.000000 0.000000 0.000000 0.000000 0.000000 0.000000 0.000000 0.000000 0.000000 0.000000 0.000000 0.000000 0.000000 0.000000 0.000000 0.000000 0.000000 0.000000 0.000000 0.000000 0.000000 0.000000 0.000000 0.000000 0.000000 0.000000 0.000000 0.000000 0.000000 0.000000 0.000000 0.000000 0.000000 0.000000 0.000000 0.000000 0.000000 0.000000 0.000000 0.000000 0.000000 0.000001 0.000001 0.000001 0.000001 0.000001 0.000001 0.000001 0.000001 0.000001 0.000001 0.000001 0.000000 0.000000 0.000000 0.000000 0.000000 0.000000 0.000000 0.000000 0.000000 0.000000 0.000000 0.000000 0.000000 0.000000 0.000000 0.000000 0.000000 0.000000 0.000000 0.000000 0.000000 0.000000 0.000000 0.000000 0.000000 0.000000 0.000000 0.000000 0.000000 0.000000 0.000000 0.000000 0.000000 0.000000 0.000000 0.000000 0.000000 0.000000 0.000000 0.000000 0.000000 0.000000 0.000000 0.000000 
0.000000 0.000000 0.000000 0.000000 0.000000 0.000000 0.000000 0.000000 0.000000 0.000000 0.000000 0.000000 0.000000 0.000000 0.000000 0.000000 0.000000 0.000000 0.000000 0.000000 0.000000 0.000000 0.000000 0.000000 0.000000 0.000000 0.000000 0.000000 0.000000 0.000000 0.000000 0.000000 0.000000 0.000000 0.000000 0.000000 0.000000 0.000000 0.000000 0.000000 0.000000 0.000001 0.000001 0.000001 0.000001 0.000001 0.000001 0.000001 0.000001 0.000001 0.000001 0.000001 0.000001 0.000001 0.000001 0.000001 0.000001 0.000001 0.000001 0.000001 0.000000 0.000000 0.000000 0.000000 0.000000 0.000000 0.000000 0.000000 0.000000 0.000000 0.000000 0.000000 0.000000 0.000000 0.000000 0.000000 0.000000 0.000000 0.000000 0.000000 0.000000 0.000000 0.000000 0.000000 0.000000 0.000000 0.000000 0.000000 0.000000 0.000000 0.000000 0.000000 0.000000 0.000000 0.000000 0.000000 0.000000 0.000000 0.000000 0.000000 
0.000000 0.000000 0.000000 0.000000 0.000000 0.000000 0.000000 0.000000 0.000000 0.000000 0.000000 0.000000 0.000000 0.000000 0.000000 0.000000 0.000000 0.000000 0.000000 0.000000 0.000000 0.000000 0.000000 0.000000 0.000000 0.000000 0.000000 0.000000 0.000000 0.000000 0.000000 0.000000 0.000000 0.000000 0.000000 0.000000 0.000000 0.000000 0.000001 0.000001 0.000001 0.000001 0.000001 0.000001 0.000002 0.000002 0.000002 0.000002 0.000002 0.000002 0.000002 0.000002 0.000002 0.000002 0.000002 0.000002 0.000002 0.000001 0.000001 0.000001 0.000001 0.000001 0.000001 0.000000 0.000000 0.000000 0.000000 0.000000 0.000000 0.000000 0.000000 0.000000 0.000000 0.000000 0.000000 0.000000 0.000000 0.000000 0.000000 0.000000 0.000000 0.000000 0.000000 0.000000 0.000000 0.000000 0.000000 0.000000 0.000000 0.000000 0.000000 0.000000 0.000000 0.000000 0.000000 0.000000 0.000000 0.000000 0.000000 0.000000 
0.000000 0.000000 0.000000 0.000000 0.000000 0.000000 0.000000 0.000000 0.000000 0.000000 0.000000 0.000000 0.000000 0.000000 0.000000 0.000000 0.000000 0.000000 0.000000 0.000000 0.000000 0.000000 0.000000 0.000000 0.000000 0.000000 0.000000 0.000000 0.000000 0.000000 0.000000 0.000000 0.000000 0.000000 0.000000 0.000001 0.000001 0.000001 0.000001 0.000002 0.000002 0.000002 0.000003 0.000003 0.000003 0.000004 0.000004 0.000004 0.000005 0.000005 0.000005 0.000005 0.000005 0.000004 0.000004 0.000004 0.000003 0.000003 0.000003 0.000002 0.000002 0.000002 0.000001 0.000001 0.000001 0.000001 0.000000 0.000000 0.000000 0.000000 0.000000 0.000000 0.000000 0.000000 0.000000 0.000000 0.000000 0.000000 0.000000 0.000000 0.000000 0.000000 0.000000 0.000000 0.000000 0.000000 0.000000 0.000000 0.000000 0.000000 0.000000 0.000000 0.000000 0.000000 0.000000 0.000000 0.000000 0.000000 0.000000 0.000000 
0.000000 0.000000 0.000000 0.000000 0.000000 0.000000 0.000000 0.000000 0.000000 0.000000 0.000000 0.000000 0.000000 0.000000 0.000000 0.000000 0.000000 0.000000 0.000000 0.000000 0.000000 0.000000 0.000000 0.000000 0.000000 0.000000 0.000000 0.000000 0.000000 0.000000 0.000000 0.000000 0.000001 0.000001 0.000001 0.000001 0.000002 0.000002 0.000003 0.000003 0.000004 0.000005 0.000006 0.000007 0.000007 0.000008 0.000009 0.000009 0.000010 0.000010 0.000010 0.000010 0.000010 0.000009 0.000009 0.000008 0.000007 0.000007 0.000006 0.000005 0.000004 0.000003 0.000003 0.000002 0.000002 0.000001 0.000001 0.000001 0.000001 0.000000 0.000000 0.000000 0.000000 0.000000 0.000000 0.000000 0.000000 0.000000 0.000000 0.000000 0.000000 0.000000 0.000000 0.000000 0.000000 0.000000 0.000000 0.000000 0.000000 0.000000 0.000000 0.000000 0.000000 0.000000 0.000000 0.000000 0.000000 0.000000 0.000000 0.000000 
0.000000 0.000000 0.000000 0.000000 0.000000 0.000000 0.000000 0.000000 0.000000 0.000000 0.000000 0.000000 0.000000 0.000000 0.000000 0.000000 0.000000 0.000000 0.000000 0.000000 0.000000 0.000000 0.000000 0.000000 0.000000 0.000000 0.000000 0.000000 0.000000 0.000000 0.000001 0.000001 0.000001 0.000002 0.000002 0.000003 0.000004 0.000005 0.000006 0.000007 0.000009 0.000010 0.000012 0.000014 0.000015 0.000017 0.000018 0.000020 0.000021 0.000021 0.000021 0.000021 0.000021 0.000020 0.000018 0.000017 0.000015 0.000014 0.000012 0.000010 0.000009 0.000007 0.000006 0.000005 0.000004 0.000003 0.000002 0.000002 0.000001 0.000001 0.000001 0.000000 0.000000 0.000000 0.000000 0.000000 0.000000 0.000000 0.000000 0.000000 0.000000 0.000000 0.000000 0.000000 0.000000 0.000000 0.000000 0.000000 0.000000 0.000000 0.000000 0.000000 0.000000 0.000000 0.000000 0.000000 0.000000 0.000000 0.000000 0.000000 
0.000000 0.000000 0.000000 0.000000 0.000000 0.000000 0.000000 0.000000 0.000000 0.000000 0.000000 0.000000 0.000000 0.000000 0.000000 0.000000 0.000000 0.000000 0.000000 0.000000 0.000000 0.000000 0.000000 0.000000 0.000000 0.000000 0.000000 0.000000 0.000001 0.000001 0.000001 0.000002 0.000002 0.000003 0.000004 0.000006 0.000007 0.000010 0.000012 0.000015 0.000018 0.000021 0.000025 0.000028 0.000032 0.000035 0.000038 0.000041 0.000042 0.000044 0.000044 0.000044 0.000042 0.000041 0.000038 0.000035 0.000032 0.000028 0.000025 0.000021 0.000018 0.000015 0.000012 0.000010 0.000007 0.000006 0.000004 0.000003 0.000002 0.000002 0.000001 0.000001 0.000001 0.000000 0.000000 0.000000 0.000000 0.000000 0.000000 0.000000 0.000000 0.000000 0.000000 0.000000 0.000000 0.000000 0.000000 0.000000 0.000000 0.000000 0.000000 0.000000 0.000000 0.000000 0.000000 0.000000 0.000000 0.000000 0.000000 0.000000 
0.000000 0.000000 0.000000 0.000000 0.000000 0.000000 0.000000 0.000000 0.000000 0.000000 0.000000 0.000000 0.000000 0.000000 0.000000 0.000000 0.000000 0.000000 0.000000 0.000000 0.000000 0.000000 0.000000 0.000000 0.000000 0.000000 0.000001 0.000001 0.000001 0.000002 0.000002 0.000003 0.000005 0.000007 0.000009 0.000012 0.000015 0.000019 0.000024 0.000030 0.000036 0.000043 0.000050 0.000057 0.000065 0.000071 0.000077 0.000082 0.000086 0.000089 0.000089 0.000089 0.000086 0.000082 0.000077 0.000071 0.000065 0.000057 0.000050 0.000043 0.000036 0.000030 0.000024 0.000019 0.000015 0.000012 0.000009 0.000007 0.000005 0.000003 0.000002 0.000002 0.000001 0.000001 0.000001 0.000000 0.000000 0.000000 0.000000 0.000000 0.000000 0.000000 0.000000 0.000000 0.000000 0.000000 0.000000 0.000000 0.000000 0.000000 0.000000 0.000000 0.000000 0.000000 0.000000 0.000000 0.000000 0.000000 0.000000 0.000000 
0.000000 0.000000 0.000000 0.000000 0.000000 0.000000 0.000000 0.000000 0.000000 0.000000 0.000000 0.000000 0.000000 0.000000 0.000000 0.000000 0.000000 0.000000 0.000000 0.000000 0.000000 0.000000 0.000000 0.000000 0.000000 0.000001 0.000001 0.000002 0.000002 0.000003 0.000005 0.000007 0.000010 0.000013 0.000018 0.000024 0.000031 0.000039 0.000049 0.000060 0.000073 0.000086 0.000100 0.000115 0.000129 0.000143 0.000155 0.000165 0.000172 0.000177 0.000179 0.000177 0.000172 0.000165 0.000155 0.000143 0.000129 0.000115 0.000100 0.000086 0.000073 0.000060 0.000049 0.000039 0.000031 0.000024 0.000018 0.000013 0.000010 0.000007 0.000005 0.000003 0.000002 0.000002 0.000001 0.000001 0.000000 0.000000 0.000000 0.000000 0.000000 0.000000 0.000000 0.000000 0.000000 0.000000 0.000000 0.000000 0.000000 0.000000 0.000000 0.000000 0.000000 0.000000 0.000000 0.000000 0.000000 0.000000 0.000000 0.000000 
0.000000 0.000000 0.000000 0.000000 0.000000 0.000000 0.000000 0.000000 0.000000 0.000000 0.000000 0.000000 0.000000 0.000000 0.000000 0.000000 0.000000 0.000000 0.000000 0.000000 0.000000 0.000000 0.000000 0.000001 0.000001 0.000001 0.000002 0.000003 0.000005 0.000007 0.000010 0.000014 0.000019 0.000026 0.000035 0.000047 0.000060 0.000077 0.000096 0.000118 0.000143 0.000170 0.000198 0.000226 0.000254 0.000281 0.000304 0.000324 0.000339 0.000348 0.000352 0.000348 0.000339 0.000324 0.000304 0.000281 0.000254 0.000226 0.000198 0.000170 0.000143 0.000118 0.000096 0.000077 0.000060 0.000047 0.000035 0.000026 0.000019 0.000014 0.000010 0.000007 0.000005 0.000003 0.000002 0.000001 0.000001 0.000001 0.000000 0.000000 0.000000 0.000000 0.000000 0.000000 0.000000 0.000000 0.000000 0.000000 0.000000 0.000000 0.000000 0.000000 0.000000 0.000000 0.000000 0.000000 0.000000 0.000000 0.000000 0.000000 
0.000000 0.000000 0.000000 0.000000 0.000000 0.000000 0.000000 0.000000 0.000000 0.000000 0.000000 0.000000 0.000000 0.000000 0.000000 0.000000 0.000000 0.000000 0.000000 0.000000 0.000000 0.000000 0.000001 0.000001 0.000002 0.000003 0.000004 0.000006 0.000009 0.000013 0.000019 0.000027 0.000037 0.000051 0.000069 0.000091 0.000117 0.000149 0.000187 0.000230 0.000277 0.000329 0.000383 0.000438 0.000493 0.000544 0.000590 0.000628 0.000657 0.000675 0.000681 0.000675 0.000657 0.000628 0.000590 0.000544 0.000493 0.000438 0.000383 0.000329 0.000277 0.000230 0.000187 0.000149 0.000117 0.000091 0.000069 0.000051 0.000037 0.000027 0.000019 0.000013 0.000009 0.000006 0.000004 0.000003 0.000002 0.000001 0.000001 0.000000 0.000000 0.000000 0.000000 0.000000 0.000000 0.000000 0.000000 0.000000 0.000000 0.000000 0.000000 0.000000 0.000000 0.000000 0.000000 0.000000 0.000000 0.000000 0.000000 0.000000 
0.000000 0.000000 0.000000 0.000000 0.000000 0.000000 0.000000 0.000000 0.000000 0.000000 0.000000 0.000000 0.000000 0.000000 0.000000 0.000000 0.000000 0.000000 0.000000 0.000000 0.000000 0.000001 0.000001 0.000002 0.000003 0.000005 0.000008 0.000012 0.000017 0.000025 0.000036 0.000052 0.000072 0.000098 0.000131 0.000173 0.000225 0.000286 0.000357 0.000439 0.000530 0.000628 0.000731 0.000837 0.000940 0.001037 0.001124 0.001197 0.001252 0.001286 0.001298 0.001286 0.001252 0.001197 0.001124 0.001037 0.000940 0.000837 0.000731 0.000628 0.000530 0.000439 0.000357 0.000286 0.000225 0.000173 0.000131 0.000098 0.000072 0.000052 0.000036 0.000025 0.000017 0.000012 0.000008 0.000005 0.000003 0.000002 0.000001 0.000001 0.000000 0.000000 0.000000 0.000000 0.000000 0.000000 0.000000 0.000000 0.000000 0.000000 0.000000 0.000000 0.000000 0.000000 0.000000 0.000000 0.000000 0.000000 0.000000 0.000000 
0.000000 0.000000 0.000000 0.000000 0.000000 0.000000 0.000000 0.000000 0.000000 0.000000 0.000000 0.000000 0.000000 0.000000 0.000000 0.000000 0.000000 0.000000 0.000000 0.000000 0.000001 0.000001 0.000002 0.000004 0.000006 0.000009 0.000014 0.000022 0.000033 0.000048 0.000069 0.000097 0.000135 0.000185 0.000248 0.000326 0.000423 0.000538 0.000672 0.000825 0.000996 0.001180 0.001373 0.001571 0.001764 0.001947 0.002110 0.002246 0.002349 0.002413 0.002435 0.002413 0.002349 0.002246 0.002110 0.001947 0.001764 0.001571 0.001373 0.001180 0.000996 0.000825 0.000672 0.000538 0.000423 0.000326 0.000248 0.000185 0.000135 0.000097 0.000069 0.000048 0.000033 0.000022 0.000014 0.000009 0.000006 0.000004 0.000002 0.000001 0.000001 0.000000 0.000000 0.000000 0.000000 0.000000 0.000000 0.000000 0.000000 0.000000 0.000000 0.000000 0.000000 0.000000 0.000000 0.000000 0.000000 0.000000 0.000000 0.000000 
0.000000 0.000000 0.000000 0.000000 0.000000 0.000000 0.000000 0.000000 0.000000 0.000000 0.000000 0.000000 0.000000 0.000000 0.000000 0.000000 0.000000 0.000000 0.000001 0.000001 0.000002 0.000003 0.000004 0.000007 0.000011 0.000018 0.000027 0.000041 0.000061 0.000089 0.000128 0.000181 0.000251 0.000343 0.000459 0.000605 0.000783 0.000996 0.001244 0.001527 0.001841 0.002181 0.002538 0.002902 0.003259 0.003595 0.003896 0.004147 0.004337 0.004454 0.004494 0.004454 0.004337 0.004147 0.003896 0.003595 0.003259 0.002902 0.002538 0.002181 0.001841 0.001527 0.001244 0.000996 0.000783 0.000605 0.000459 0.000343 0.000251 0.000181 0.000128 0.000089 0.000061 0.000041 0.000027 0.000018 0.000011 0.000007 0.000004 0.000003 0.000002 0.000001 0.000001 0.000000 0.000000 0.000000 0.000000 0.000000 0.000000 0.000000 0.000000 0.000000 0.000000 0.000000 0.000000 0.000000 0.000000 0.000000 0.000000 0.000000 
0.000000 0.000000 0.000000 0.000000 0.000000 0.000000 0.000000 0.000000 0.000000 0.000000 0.000000 0.000000 0.000000 0.000000 0.000000 0.000000 0.000000 0.000001 0.000001 0.000002 0.000003 0.000005 0.000008 0.000013 0.000021 0.000032 0.000050 0.000075 0.000111 0.000163 0.000234 0.000331 0.000459 0.000626 0.000838 0.001104 0.001428 0.001814 0.002266 0.002780 0.003351 0.003968 0.004616 0.005276 0.005924 0.006534 0.007079 0.007535 0.007878 0.008092 0.008164 0.008092 0.007878 0.007535 0.007079 0.006534 0.005924 0.005276 0.004616 0.003968 0.003351 0.002780 0.002266 0.001814 0.001428 0.001104 0.000838 0.000626 0.000459 0.000331 0.000234 0.000163 0.000111 0.000075 0.000050 0.000032 0.000021 0.000013 0.000008 0.000005 0.000003 0.000002 0.000001 0.000001 0.000000 0.000000 0.000000 0.000000 0.000000 0.000000 0.000000 0.000000 0.000000 0.000000 0.000000 0.000000 0.000000 0.000000 0.000000 0.000000 
0.000000 0.000000 0.000000 0.000000 0.000000 0.000000 0.000000 0.000000 0.000000 0.000000 0.000000 0.000000 0.000000 0.000000 0.000000 0.000000 0.000001 0.000001 0.000002 0.000003 0.000005 0.000009 0.000014 0.000023 0.000037 0.000058 0.000089 0.000135 0.000201 0.000293 0.000421 0.000595 0.000825 0.001124 0.001505 0.001980 0.002560 0.003253 0.004060 0.004979 0.006000 0.007103 0.008261 0.009439 0.010595 0.011684 0.012657 0.013471 0.014083 0.014464 0.014594 0.014464 0.014083 0.013471 0.012657 0.011684 0.010595 0.009439 0.008261 0.007103 0.006000 0.004979 0.004060 0.003253 0.002560 0.001980 0.001505 0.001124 0.000825 0.000595 0.000421 0.000293 0.000201 0.000135 0.000089 0.000058 0.000037 0.000023 0.000014 0.000009 0.000005 0.000003 0.000002 0.000001 0.000001 0.000000 0.000000 0.000000 0.000000 0.000000 0.000000 0.000000 0.000000 0.000000 0.000000 0.000000 0.000000 0.000000 0.000000 0.000000 
0.000000 0.000000 0.000000 0.000000 0.000000 0.000000 0.000000 0.000000 0.000000 0.000000 0.000000 0.000000 0.000000 0.000000 0.000000 0.000001 0.000001 0.000002 0.000003 0.000005 0.000009 0.000016 0.000026 0.000041 0.000066 0.000103 0.000159 0.000240 0.000356 0.000520 0.000746 0.001052 0.001458 0.001986 0.002658 0.003496 0.004518 0.005737 0.007158 0.008775 0.010570 0.012509 0.014544 0.016614 0.018646 0.020558 0.022268 0.023696 0.024772 0.025441 0.025668 0.025441 0.024772 0.023696 0.022268 0.020558 0.018646 0.016614 0.014544 0.012509 0.010570 0.008775 0.007158 0.005737 0.004518 0.003496 0.002658 0.001986 0.001458 0.001052 0.000746 0.000520 0.000356 0.000240 0.000159 0.000103 0.000066 0.000041 0.000026 0.000016 0.000009 0.000005 0.000003 0.000002 0.000001 0.000001 0.000000 0.000000 0.000000 0.000000 0.000000 0.000000 0.000000 0.000000 0.000000 0.000000 0.000000 0.000000 0.000000 0.000000 
0.000000 0.000000 0.000000 0.000000 0.000000 0.000000 0.000000 0.000000 0.000000 0.000000 0.000000 0.000000 0.000000 0.000000 0.000001 0.000001 0.000002 0.000003 0.000006 0.000010 0.000016 0.000027 0.000045 0.000073 0.000115 0.000180 0.000277 0.000419 0.000621 0.000906 0.001300 0.001831 0.002537 0.003453 0.004619 0.006072 0.007843 0.009955 0.012416 0.015215 0.018321 0.021675 0.025195 0.028774 0.032286 0.035590 0.038545 0.041012 0.042871 0.044026 0.044418 0.044026 0.042871 0.041012 0.038545 0.035590 0.032286 0.028774 0.025195 0.021675 0.018321 0.015215 0.012416 0.009955 0.007843 0.006072 0.004619 0.003453 0.002537 0.001831 0.001300 0.000906 0.000621 0.000419 0.000277 0.000180 0.000115 0.000073 0.000045 0.000027 0.000016 0.000010 0.000006 0.000003 0.000002 0.000001 0.000001 0.000000 0.000000 0.000000 0.000000 0.000000 0.000000 0.000000 0.000000 0.000000 0.000000 0.000000 0.000000 0.000000 
0.000000 0.000000 0.000000 0.000000 0.000000 0.000000 0.000000 0.000000 0.000000 0.000000 0.000000 0.000000 0.000000 0.000000 0.000001 0.000002 0.000003 0.000005 0.000010 0.000017 0.000028 0.000047 0.000077 0.000125 0.000199 0.000310 0.000476 0.000718 0.001066 0.001554 0.002226 0.003136 0.004341 0.005905 0.007895 0.010374 0.013394 0.016994 0.021186 0.025954 0.031242 0.036951 0.042940 0.049027 0.054999 0.060618 0.065642 0.069835 0.072994 0.074958 0.075624 0.074958 0.072994 0.069835 0.065642 0.060618 0.054999 0.049027 0.042940 0.036951 0.031242 0.025954 0.021186 0.016994 0.013394 0.010374 0.007895 0.005905 0.004341 0.003136 0.002226 0.001554 0.001066 0.000718 0.000476 0.000310 0.000199 0.000125 0.000077 0.000047 0.000028 0.000017 0.000010 0.000005 0.000003 0.000002 0.000001 0.000000 0.000000 0.000000 0.000000 0.000000 0.000000 0.000000 0.000000 0.000000 0.000000 0.000000 0.000000 0.000000 
0.000000 0.000000 0.000000 0.000000 0.000000 0.000000 0.000000 0.000000 0.000000 0.000000 0.000000 0.000000 0.000000 0.000001 0.000002 0.000003 0.000005 0.000009 0.000016 0.000028 0.000048 0.000080 0.000131 0.000212 0.000336 0.000524 0.000804 0.001213 0.001798 0.002620 0.003752 0.005281 0.007306 0.009935 0.013276 0.017435 0.022501 0.028537 0.035565 0.043553 0.052409 0.061968 0.071993 0.082181 0.092173 0.101573 0.109975 0.116988 0.122271 0.125554 0.126668 0.125554 0.122271 0.116988 0.109975 0.101573 0.092173 0.082181 0.071993 0.061968 0.052409 0.043553 0.035565 0.028537 0.022501 0.017435 0.013276 0.009935 0.007306 0.005281 0.003752 0.002620 0.001798 0.001213 0.000804 0.000524 0.000336 0.000212 0.000131 0.000080 0.000048 0.000028 0.000016 0.000009 0.000005 0.000003 0.000002 0.000001 0.000000 0.000000 0.000000 0.000000 0.000000 0.000000 0.000000 0.000000 0.000000 0.000000 0.000000 0.000000 
0.000000 0.000000 0.000000 0.000000 0.000000 0.000000 0.000000 0.000000 0.000000 0.000000 0.000000 0.000000 0.000001 0.000001 0.000003 0.000005 0.000009 0.000016 0.000027 0.000047 0.000080 0.000133 0.000219 0.000353 0.000559 0.000872 0.001337 0.002014 0.002984 0.004345 0.006219 0.008748 0.012097 0.016440 0.021958 0.028824 0.037184 0.047140 0.058727 0.071894 0.086485 0.102230 0.118739 0.135513 0.151960 0.167430 0.181255 0.192795 0.201485 0.206887 0.208719 0.206887 0.201485 0.192795 0.181255 0.167430 0.151960 0.135513 0.118739 0.102230 0.086485 0.071894 0.058727 0.047140 0.037184 0.028824 0.021958 0.016440 0.012097 0.008748 0.006219 0.004345 0.002984 0.002014 0.001337 0.000872 0.000559 0.000353 0.000219 0.000133 0.000080 0.000047 0.000027 0.000016 0.000009 0.000005 0.000003 0.000001 0.000001 0.000000 0.000000 0.000000 0.000000 0.000000 0.000000 0.000000 0.000000 0.000000 0.000000 0.000000 
0.000000 0.000000 0.000000 0.000000 0.000000 0.000000 0.000000 0.000000 0.000000 0.000000 0.000000 0.000001 0.000001 0.000002 0.000004 0.000008 0.000014 0.000026 0.000045 0.000077 0.000131 0.000219 0.000359 0.000578 0.000915 0.001426 0.002185 0.003290 0.004870 0.007087 0.010137 0.014253 0.019698 0.026757 0.035723 0.046871 0.060441 0.076594 0.095387 0.116735 0.140385 0.165898 0.192642 0.219808 0.246440 0.271487 0.293866 0.312544 0.326609 0.335350 0.338316 0.335350 0.326609 0.312544 0.293866 0.271487 0.246440 0.219808 0.192642 0.165898 0.140385 0.116735 0.095387 0.076594 0.060441 0.046871 0.035723 0.026757 0.019698 0.014253 0.010137 0.007087 0.004870 0.003290 0.002185 0.001426 0.000915 0.000578 0.000359 0.000219 0.000131 0.000077 0.000045 0.000026 0.000014 0.000008 0.000004 0.000002 0.000001 0.000001 0.000000 0.000000 0.000000 0.000000 0.000000 0.000000 0.000000 0.000000 0.000000 0.000000 
0.000000 0.000000 0.000000 0.000000 0.000000 0.000000 0.000000 0.000000 0.000000 0.000000 0.000001 0.000001 0.000002 0.000004 0.000007 0.000013 0.000023 0.000041 0.000073 0.000125 0.000212 0.000353 0.000578 0.000930 0.001473 0.002294 0.003511 0.005283 0.007816 0.011368 0.016252 0.022839 0.031548 0.042833 0.057158 0.074965 0.096629 0.122408 0.152389 0.186436 0.224143 0.264808 0.307425 0.350705 0.393126 0.433015 0.468652 0.498390 0.520782 0.534699 0.539420 0.534699 0.520782 0.498390 0.468652 0.433015 0.393126 0.350705 0.307425 0.264808 0.224143 0.186436 0.152389 0.122408 0.096629 0.074965 0.057158 0.042833 0.031548 0.022839 0.016252 0.011368 0.007816 0.005283 0.003511 0.002294 0.001473 0.000930 0.000578 0.000353 0.000212 0.000125 0.000073 0.000041 0.000023 0.000013 0.000007 0.000004 0.000002 0.000001 0.000001 0.000000 0.000000 0.000000 0.000000 0.000000 0.000000 0.000000 0.000000 0.000000 
0.000000 0.000000 0.000000 0.000000 0.000000 0.000000 0.000000 0.000000 0.000000 0.000000 0.000001 0.000002 0.000003 0.000006 0.000011 0.000021 0.000037 0.000066 0.000115 0.000199 0.000336 0.000559 0.000915 0.001473 0.002331 0.003627 0.005548 0.008344 0.012337 0.017932 0.025623 0.035990 0.049689 0.067432 0.089946 0.117919 0.151938 0.192403 0.239449 0.292858 0.351991 0.415746 0.482546 0.550370 0.616836 0.679324 0.735143 0.781718 0.816786 0.838579 0.845973 0.838579 0.816786 0.781718 0.735143 0.679324 0.616836 0.550370 0.482546 0.415746 0.351991 0.292858 0.239449 0.192403 0.151938 0.117919 0.089946 0.067432 0.049689 0.035990 0.025623 0.017932 0.012337 0.008344 0.005548 0.003627 0.002331 0.001473 0.000915 0.000559 0.000336 0.000199 0.000115 0.000066 0.000037 0.000021 0.000011 0.000006 0.000003 0.000002 0.000001 0.000000 0.000000 0.000000 0.000000 0.000000 0.000000 0.000000 0.000000 0.000000 
0.000000 0.000000 0.000000 0.000000 0.000000 0.000000 0.000000 0.000000 0.000000 0.000001 0.000001 0.000003 0.000005 0.000009 0.000018 0.000032 0.000058 0.000103 0.000180 0.000310 0.000524 0.000872 0.001426 0.002294 0.003627 0.005639 0.008621 0.012958 0.019148 0.027817 0.039726 0.055771 0.076965 0.104401 0.139199 0.182418 0.234957 0.297431 0.370040 0.452443 0.543653 0.641967 0.744953 0.849496 0.951927 1.048214 1.134213 1.205963 1.259982 1.293550 1.304938 1.293550 1.259982 1.205963 1.134213 1.048214 0.951927 0.849496 0.744953 0.641967 0.543653 0.452443 0.370040 0.297431 0.234957 0.182418 0.139199 0.104401 0.076965 0.055771 0.039726 0.027817 0.019148 0.012958 0.008621 0.005639 0.003627 0.002294 0.001426 0.000872 0.000524 0.000310 0.000180 0.000103 0.000058 0.000032 0.000018 0.000009 0.000005 0.000003 0.000001 0.000001 0.000000 0.000000 0.000000 0.000000 0.000000 0.000000 0.000000 0.000000 
0.000000 0.000000 0.000000 0.000000 0.000000 0.000000 0.000000 0.000000 0.000001 0.000001 0.000002 0.000004 0.000008 0.000014 0.000027 0.000050 0.000089 0.000159 0.000277 0.000476 0.000804 0.001337 0.002185 0.003511 0.005548 0.008621 0.013172 0.019786 0.029222 0.042430 0.060566 0.084988 0.117230 0.158952 0.211846 0.277516 0.357318 0.452178 0.562390 0.687433 0.825802 0.974913 1.131073 1.289564 1.444826 1.590753 1.721074 1.829789 1.911634 1.962491 1.979743 1.962491 1.911634 1.829789 1.721074 1.590753 1.444826 1.289564 1.131073 0.974913 0.825802 0.687433 0.562390 0.452178 0.357318 0.277516 0.211846 0.158952 0.117230 0.084988 0.060566 0.042430 0.029222 0.019786 0.013172 0.008621 0.005548 0.003511 0.002185 0.001337 0.000804 0.000476 0.000277 0.000159 0.000089 0.000050 0.000027 0.000014 0.000008 0.000004 0.000002 0.000001 0.000001 0.000000 0.000000 0.000000 0.000000 0.000000 0.000000 0.000000 
0.000000 0.000000 0.000000 0.000000 0.000000 0.000000 0.000000 0.000000 0.000001 0.000002 0.000003 0.000006 0.000012 0.000022 0.000041 0.000075 0.000135 0.000240 0.000419 0.000718 0.001213 0.002014 0.003290 0.005283 0.008344 0.012958 0.019786 0.029706 0.043851 0.063638 0.090795 0.127347 0.175585 0.237977 0.317044 0.415173 0.534376 0.676025 0.840550 1.027160 1.233605 1.456023 1.688907 1.925222 2.156685 2.374200 2.568429 2.730443 2.852404 2.928185 2.953892 2.928185 2.852404 2.730443 2.568429 2.374200 2.156685 1.925222 1.688907 1.456023 1.233605 1.027160 0.840550 0.676025 0.534376 0.415173 0.317044 0.237977 0.175585 0.127347 0.090795 0.063638 0.043851 0.029706 0.019786 0.012958 0.008344 0.005283 0.003290 0.002014 0.001213 0.000718 0.000419 0.000240 0.000135 0.000075 0.000041 0.000022 0.000012 0.000006 0.000003 0.000002 0.000001 0.000000 0.000000 0.000000 0.000000 0.000000 0.000000 0.000000 
0.000000 0.000000 0.000000 0.000000 0.000000 0.000000 0.000000 0.000001 0.000001 0.000002 0.000005 0.000009 0.000017 0.000033 0.000061 0.000111 0.000201 0.000356 0.000621 0.001066 0.001798 0.002984 0.004870 0.007816 0.012337 0.019148 0.029222 0.043851 0.064697 0.093846 0.133832 0.187628 0.258590 0.350339 0.466566 0.610759 0.785862 0.993869 1.235398 1.509275 1.812187 2.138462 2.480021 2.826550 3.165909 3.484775 3.769473 4.006929 4.185668 4.296725 4.334397 4.296725 4.185668 4.006929 3.769473 3.484775 3.165909 2.826550 2.480021 2.138462 1.812187 1.509275 1.235398 0.993869 0.785862 0.610759 0.466566 0.350339 0.258590 0.187628 0.133832 0.093846 0.064697 0.043851 0.029222 0.019148 0.012337 0.007816 0.004870 0.002984 0.001798 0.001066 0.000621 0.000356 0.000201 0.000111 0.000061 0.000033 0.000017 0.000009 0.000005 0.000002 0.000001 0.000001 0.000000 0.000000 0.000000 0.000000 0.000000 0.000000 
0.000000 0.000000 0.000000 0.000000 0.000000 0.000000 0.000000 0.000001 0.000002 0.000003 0.000007 0.000013 0.000025 0.000048 0.000089 0.000163 0.000293 0.000520 0.000906 0.001554 0.002620 0.004345 0.007087 0.011368 0.017932 0.027817 0.042430 0.063638 0.093846 0.136066 0.193955 0.271804 0.374454 0.507122 0.675121 0.883473 1.136406 1.436779 1.785460 2.180738 2.617818 3.088506 3.581147 4.080869 4.570179 5.029880 5.440276 5.782544 6.040160 6.200220 6.254513 6.200220 6.040160 5.782544 5.440276 5.029880 4.570179 4.080869 3.581147 3.088506 2.617818 2.180738 1.785460 1.436779 1.136406 0.883473 0.675121 0.507122 0.374454 0.271804 0.193955 0.136066 0.093846 0.063638 0.042430 0.027817 0.017932 0.011368 0.007087 0.004345 0.002620 0.001554 0.000906 0.000520 0.000293 0.000163 0.000089 0.000048 0.000025 0.000013 0.000007 0.000003 0.000002 0.000001 0.000000 0.000000 0.000000 0.000000 0.000000 0.000000 
0.000000 0.000000 0.000000 0.000000 0.000000 0.000000 0.000001 0.000001 0.000002 0.000005 0.000010 0.000019 0.000036 0.000069 0.000128 0.000234 0.000421 0.000746 0.001300 0.002226 0.003752 0.006219 0.010137 0.016252 0.025623 0.039726 0.060566 0.090795 0.133832 0.193955 0.276358 0.387127 0.533127 0.721751 0.960527 1.256558 1.615820 2.042340 2.537326 3.098320 3.718501 4.386232 5.084974 5.793644 6.487446 7.139185 7.720962 8.206120 8.571264 8.798122 8.875071 8.798122 8.571264 8.206120 7.720962 7.139185 6.487446 5.793644 5.084974 4.386232 3.718501 3.098320 2.537326 2.042340 1.615820 1.256558 0.960527 0.721751 0.533127 0.387127 0.276358 0.193955 0.133832 0.090795 0.060566 0.039726 0.025623 0.016252 0.010137 0.006219 0.003752 0.002226 0.001300 0.000746 0.000421 0.000234 0.000128 0.000069 0.000036 0.000019 0.000010 0.000005 0.000002 0.000001 0.000001 0.000000 0.000000 0.000000 0.000000 0.000000 
0.000000 0.000000 0.000000 0.000000 0.000000 0.000000 0.000001 0.000002 0.000003 0.000007 0.000014 0.000027 0.000052 0.000097 0.000181 0.000331 0.000595 0.001052 0.001831 0.003136 0.005281 0.008748 0.014253 0.022839 0.035990 0.055771 0.084988 0.127347 0.187628 0.271804 0.387127 0.542088 0.746259 1.009946 1.343630 1.757197 2.258953 2.854481 3.545426 4.328328 5.193640 6.125115 7.099678 8.087930 9.055315 9.963944 10.774954 11.451224 11.960171 12.276360 12.383608 12.276360 11.960171 11.451224 10.774954 9.963944 9.055315 8.087930 7.099678 6.125115 5.193640 4.328328 3.545426 2.854481 2.258953 1.757197 1.343630 1.009946 0.746259 0.542088 0.387127 0.271804 0.187628 0.127347 0.084988 0.055771 0.035990 0.022839 0.014253 0.008748 0.005281 0.003136 0.001831 0.001052 0.000595 0.000331 0.000181 0.000097 0.000052 0.000027 0.000014 0.000007 0.000003 0.000002 0.000001 0.000000 0.000000 0.000000 0.000000 0.000000 
0.000000 0.000000 0.000000 0.000000 0.000000 0.000001 0.000001 0.000002 0.000005 0.000010 0.000019 0.000037 0.000072 0.000135 0.000251 0.000459 0.000825 0.001458 0.002537 0.004341 0.007306 0.012097 0.019698 0.031548 0.049689 0.076965 0.117230 0.175585 0.258590 0.374454 0.533127 0.746259 1.026977 1.389401 1.847888 2.415967 3.104991 3.922571 4.870917 5.945235 7.132396 8.410088 9.746660 11.101802 12.428158 13.673814 14.785539 15.712492 16.410061 16.843416 16.990403 16.843416 16.410061 15.712492 14.785539 13.673814 12.428158 11.101802 9.746660 8.410088 7.132396 5.945235 4.870917 3.922571 3.104991 2.415967 1.847888 1.389401 1.026977 0.746259 0.533127 0.374454 0.258590 0.175585 0.117230 0.076965 0.049689 0.031548 0.019698 0.012097 0.007306 0.004341 0.002537 0.001458 0.000825 0.000459 0.000251 0.000135 0.000072 0.000037 0.000019 0.000010 0.000005 0.000002 0.000001 0.000001 0.000000 0.000000 0.000000 0.000000 
0.000000 0.000000 0.000000 0.000000 0.000000 0.000001 0.000002 0.000003 0.000007 0.000013 0.000026 0.000051 0.000098 0.000185 0.000343 0.000626 0.001124 0.001986 0.003453 0.005905 0.009935 0.016440 0.026757 0.042833 0.067432 0.104401 0.158952 0.237977 0.350339 0.507122 0.721751 1.009946 1.389401 1.879146 2.498517 3.265720 4.196015 5.299610 6.579422 8.028929 9.630376 11.353643 13.156034 14.983210 16.771350 18.450515 19.949006 21.198355 22.138489 22.722514 22.920602 22.722514 22.138489 21.198355 19.949006 18.450515 16.771350 14.983210 13.156034 11.353643 9.630376 8.028929 6.579422 5.299610 4.196015 3.265720 2.498517 1.879146 1.389401 1.009946 0.721751 0.507122 0.350339 0.237977 0.158952 0.104401 0.067432 0.042833 0.026757 0.016440 0.009935 0.005905 0.003453 0.001986 0.001124 0.000626 0.000343 0.000185 0.000098 0.000051 0.000026 0.000013 0.000007 0.000003 0.000002 0.000001 0.000000 0.000000 0.000000 0.000000 
0.000000 0.000000 0.000000 0.000000 0.000000 0.000001 0.000002 0.000004 0.000009 0.000018 0.000035 0.000069 0.000131 0.000248 0.000459 0.000838 0.001505 0.002658 0.004619 0.007895 0.013276 0.021958 0.035723 0.057158 0.089946 0.139199 0.211846 0.317044 0.466566 0.675121 0.960527 1.343630 1.847888 2.498517 3.321123 4.339798 5.574714 7.039335 8.737453 10.660346 12.784409 15.069665 17.459491 19.881854 22.252188 24.477844 26.463858 28.119562 29.365416 30.139333 30.401823 30.139333 29.365416 28.119562 26.463858 24.477844 22.252188 19.881854 17.459491 15.069665 12.784409 10.660346 8.737453 7.039335 5.574714 4.339798 3.321123 2.498517 1.847888 1.343630 0.960527 0.675121 0.466566 0.317044 0.211846 0.139199 0.089946 0.057158 0.035723 0.021958 0.013276 0.007895 0.004619 0.002658 0.001505 0.000838 0.000459 0.000248 0.000131 0.000069 0.000035 0.000018 0.000009 0.000004 0.000002 0.000001 0.000000 0.000000 0.000000 0.000000 
0.000000 0.000000 0.000000 0.000000 0.000001 0.000001 0.000003 0.000006 0.000012 0.000024 0.000047 0.000091 0.000173 0.000326 0.000605 0.001104 0.001980 0.003496 0.006072 0.010374 0.017435 0.028824 0.046871 0.074965 0.117919 0.182418 0.277516 0.415173 0.610759 0.883473 1.256558 1.757197 2.415967 3.265720 4.339798 5.669550 7.281200 9.192212 11.407437 13.915410 16.685287 19.664899 22.780413 25.937948 29.027323 31.927857 34.515879 36.673332 38.296655 39.305023 39.647025 39.305023 38.296655 36.673332 34.515879 31.927857 29.027323 25.937948 22.780413 19.664899 16.685287 13.915410 11.407437 9.192212 7.281200 5.669550 4.339798 3.265720 2.415967 1.757197 1.256558 0.883473 0.610759 0.415173 0.277516 0.182418 0.117919 0.074965 0.046871 0.028824 0.017435 0.010374 0.006072 0.003496 0.001980 0.001104 0.000605 0.000326 0.000173 0.000091 0.000047 0.000024 0.000012 0.000006 0.000003 0.000001 0.000001 0.000000 0.000000 0.000000 
0.000000 0.000000 0.000000 0.000000 0.000001 0.000002 0.000004 0.000007 0.000015 0.000031 0.000060 0.000117 0.000225 0.000423 0.000783 0.001428 0.002560 0.004518 0.007843 0.013394 0.022501 0.037184 0.060441 0.096629 0.151938 0.234957 0.357318 0.534376 0.785862 1.136406 1.615820 2.258953 3.104991 4.196015 5.574714 7.281200 9.348995 11.800377 14.641451 17.857415 21.408643 25.228208 29.221457 33.268089 37.226960 40.943514 44.259391 47.023442 49.103094 50.394883 50.833005 50.394883 49.103094 47.023442 44.259391 40.943514 37.226960 33.268089 29.221457 25.228208 21.408643 17.857415 14.641451 11.800377 9.348995 7.281200 5.574714 4.196015 3.104991 2.258953 1.615820 1.136406 0.785862 0.534376 0.357318 0.234957 0.151938 0.096629 0.060441 0.037184 0.022501 0.013394 0.007843 0.004518 0.002560 0.001428 0.000783 0.000423 0.000225 0.000117 0.000060 0.000031 0.000015 0.000007 0.000004 0.000002 0.000001 0.000000 0.000000 0.000000 
0.000000 0.000000 0.000000 0.000000 0.000001 0.000002 0.000005 0.000010 0.000019 0.000039 0.000077 0.000149 0.000286 0.000538 0.000996 0.001814 0.003253 0.005737 0.009955 0.016994 0.028537 0.047140 0.076594 0.122408 0.192403 0.297431 0.452178 0.676025 0.993869 1.436779 2.042340 2.854481 3.922571 5.299610 7.039335 9.192212 11.800377 14.891780 18.473980 22.528200 27.004398 31.818166 36.850205 41.948955 46.936647 51.618663 55.795630 59.277279 61.896737 63.523786 64.075607 63.523786 61.896737 59.277279 55.795630 51.618663 46.936647 41.948955 36.850205 31.818166 27.004398 22.528200 18.473980 14.891780 11.800377 9.192212 7.039335 5.299610 3.922571 2.854481 2.042340 1.436779 0.993869 0.676025 0.452178 0.297431 0.192403 0.122408 0.076594 0.047140 0.028537 0.016994 0.009955 0.005737 0.003253 0.001814 0.000996 0.000538 0.000286 0.000149 0.000077 0.000039 0.000019 0.000010 0.000005 0.000002 0.000001 0.000001 0.000000 0.000000 
0.000000 0.000000 0.000000 0.000001 0.000001 0.000003 0.000006 0.000012 0.000024 0.000049 0.000096 0.000187 0.000357 0.000672 0.001244 0.002266 0.004060 0.007158 0.012416 0.021186 0.035565 0.058727 0.095387 0.152389 0.239449 0.370040 0.562390 0.840550 1.235398 1.785460 2.537326 3.545426 4.870917 6.579422 8.737453 11.407437 14.641451 18.473980 22.914239 27.938817 33.485598 39.449929 45.683989 52.000053 58.177994 63.976871 69.149895 73.461572 76.705387 78.720197 79.403521 78.720197 76.705387 73.461572 69.149895 63.976871 58.177994 52.000053 45.683989 39.449929 33.485598 27.938817 22.914239 18.473980 14.641451 11.407437 8.737453 6.579422 4.870917 3.545426 2.537326 1.785460 1.235398 0.840550 0.562390 0.370040 0.239449 0.152389 0.095387 0.058727 0.035565 0.021186 0.012416 0.007158 0.004060 0.002266 0.001244 0.000672 0.000357 0.000187 0.000096 0.000049 0.000024 0.000012 0.000006 0.000003 0.000001 0.000001 0.000000 0.000000 
0.000000 0.000000 0.000000 0.000001 0.000002 0.000003 0.000007 0.000015 0.000030 0.000060 0.000118 0.000230 0.000439 0.000825 0.001527 0.002780 0.004979 0.008775 0.015215 0.025954 0.043553 0.071894 0.116735 0.186436 0.292858 0.452443 0.687433 1.027160 1.509275 2.180738 3.098320 4.328328 5.945235 8.028929 10.660346 13.915410 17.857415 22.528200 27.938817 34.060592 40.817732 48.082687 55.675390 63.367249 70.890283 77.951224 84.249733 89.499248 93.448490 95.901400 96.733296 95.901400 93.448490 89.499248 84.249733 77.951224 70.890283 63.367249 55.675390 48.082687 40.817732 34.060592 27.938817 22.528200 17.857415 13.915410 10.660346 8.028929 5.945235 4.328328 3.098320 2.180738 1.509275 1.027160 0.687433 0.452443 0.292858 0.186436 0.116735 0.071894 0.043553 0.025954 0.015215 0.008775 0.004979 0.002780 0.001527 0.000825 0.000439 0.000230 0.000118 0.000060 0.000030 0.000015 0.000007 0.000003 0.000002 0.000001 0.000000 0.000000 
0.000000 0.000000 0.000000 0.000001 0.000002 0.000004 0.000009 0.000018 0.000036 0.000073 0.000143 0.000277 0.000530 0.000996 0.001841 0.003351 0.006000 0.010570 0.018321 0.031242 0.052409 0.086485 0.140385 0.224143 0.351991 0.543653 0.825802 1.233605 1.812187 2.617818 3.718501 5.193640 7.132396 9.630376 12.784409 16.685287 21.408643 27.004398 33.485598 40.817732 48.909902 57.609289 66.700262 75.909170 84.915281 93.367661 100.906960 107.190345 111.917223 114.853067 115.848738 114.853067 111.917223 107.190345 100.906960 93.367661 84.915281 75.909170 66.700262 57.609289 48.909902 40.817732 33.485598 27.004398 21.408643 16.685287 12.784409 9.630376 7.132396 5.193640 3.718501 2.617818 1.812187 1.233605 0.825802 0.543653 0.351991 0.224143 0.140385 0.086485 0.052409 0.031242 0.018321 0.010570 0.006000 0.003351 0.001841 0.000996 0.000530 0.000277 0.000143 0.000073 0.000036 0.000018 0.000009 0.000004 0.000002 0.000001 0.000001 0.000001 
0.000000 0.000000 0.000001 0.000001 0.000002 0.000005 0.000010 0.000021 0.000043 0.000086 0.000170 0.000329 0.000628 0.001180 0.002181 0.003968 0.007103 0.012509 0.021675 0.036951 0.061968 0.102230 0.165898 0.264808 0.415746 0.641967 0.974913 1.456023 2.138462 3.088506 4.386232 6.125115 8.410088 11.353643 15.069665 19.664899 25.228208 31.818166 39.449929 48.082687 57.609289 67.849753 78.550242 89.388705 99.987768 109.934581 118.806444 126.200125 131.762097 135.216547 136.388089 135.216547 131.762097 126.200125 118.806444 109.934581 99.987768 89.388705 78.550242 67.849753 57.609289 48.082687 39.449929 31.818166 25.228208 19.664899 15.069665 11.353643 8.410088 6.125115 4.386232 3.088506 2.138462 1.456023 0.974913 0.641967 0.415746 0.264808 0.165898 0.102230 0.061968 0.036951 0.021675 0.012509 0.007103 0.003968 0.002181 0.001180 0.000628 0.000329 0.000170 0.000086 0.000043 0.000021 0.000010 0.000005 0.000002 0.000001 0.000001 0.000001 
0.000000 0.000000 0.000001 0.000001 0.000003 0.000006 0.000012 0.000025 0.000050 0.000100 0.000198 0.000383 0.000731 0.001373 0.002538 0.004616 0.008261 0.014544 0.025195 0.042940 0.071993 0.118739 0.192642 0.307425 0.482546 0.744953 1.131073 1.688907 2.480021 3.581147 5.084974 7.099678 9.746660 13.156034 17.459491 22.780413 29.221457 36.850205 45.683989 55.675390 66.700262 78.550242 90.931583 103.471704 115.734095 127.241277 137.504435 146.057306 152.491122 156.486991 157.842137 156.486991 152.491122 146.057306 137.504435 127.241277 115.734095 103.471704 90.931583 78.550242 66.700262 55.675390 45.683989 36.850205 29.221457 22.780413 17.459491 13.156034 9.746660 7.099678 5.084974 3.581147 2.480021 1.688907 1.131073 0.744953 0.482546 0.307425 0.192642 0.118739 0.071993 0.042940 0.025195 0.014544 0.008261 0.004616 0.002538 0.001373 0.000731 0.000383 0.000198 0.000100 0.000050 0.000025 0.000012 0.000006 0.000003 0.000001 0.000001 0.000001 
