0.000000 0.000000 0.000000 0.000000 0.000000 0.000000 0.000000 0.000000 0.000000 0.000000 0.000000 0.000000 0.000000 0.000000 0.000000 0.000000 0.000000 0.000000 0.000000 0.000000 0.000000 0.000000 0.000000 0.000000 0.000000 0.000000 0.000000 0.000000 0.000000 0.000000 0.000000 0.000000 0.000000 0.000000 0.000000 0.000000 0.000000 0.000000 0.000000 0.000000 0.000000 0.000000 0.000000 0.000000 0.000000 0.000001 0.000001 0.000001 0.000001 0.000001 0.000001 0.000001 0.000001 0.000001 0.000001 0.000001 0.000000 0.000000 0.000000 0.000000 0.000000 0.000000 0.000000 0.000000 0.000000 0.000000 0.000000 0.000000 0.000000 0.000000 0.000000 0.000000 0.000000 0.000000 0.000000 0.000000 0.000000 0.000000 0.000000 0.000000 0.000000 0.000000 0.000000 0.000000 0.000000 0.000000 0.000000 0.000000 0.000000 0.000000 0.000000 0.000000 0.000000 0.000000 0.000000 0.000000 0.000000 0.000000 0.000000 0.000000 
0.000000 0.000000 0.000000 0.000000 0.000000 0.000000 0.000000 0.000000 0.000000 0.000000 0.000000 0.000000 0.000000 0.000000 0.000000 0.000000 0.000000 0.000000 0.000000 0.000000 0.000000 0.000000 0.000000 0.000000 0.000000 0.000000 0.000000 0.000000 0.000000 0.000000 0.000000 0.000000 0.000000 0.000000 0.000000 0.000000 0.000000 0.000000 0.000000 0.000000 0.000000 0.000000 0.000000 0.000000 0.000000 0.000001 0.000001 0.000001 0.000001 0.000001 0.000001 0.000001 0.000001 0.000001 0.000001 0.000001 0.000000 0.000000 0.000000 0.000000 0.000000 0.000000 0.000000 0.000000 0.000000 0.000000 0.000000 0.000000 0.000000 0.000000 0.000000 0.000000 0.000000 0.000000 0.000000 0.000000 0.000000 0.000000 0.000000 0.000000 0.000000 0.000000 0.000000 0.000000 0.000000 0.000000 0.000000 0.000000 0.000000 0.000000 0.000000 0.000000 0.000000 0.000000 0.000000 0.000000 0.000000 0.000000 0.000000 0.000000 
0.000000 0.000000 0.000000 0.000000 0.000000 0.000000 0.000000 0.000000 0.000000 0.000000 0.000000 0.000000 0.000000 0.000000 0.000000 0.000000 0.000000 0.000000 0.000000 0.000000 0.000000 0.000000 0.000000 0.000000 0.000000 0.000000 0.000000 0.000000 0.000000 0.000000 0.000000 0.000000 0.000000 0.000000 0.000000 0.000000 0.000000 0.000000 0.000000 0.000000 0.000000 0.000001 0.000001 0.000001 0.000001 0.000001 0.000001 0.000001 0.000001 0.000001 0.000001 0.000001 0.000001 0.000001 0.000001 0.000001 0.000001 0.000001 0.000001 0.000001 0.000000 0.000000 0.000000 0.000000 0.000000 0.000000 0.000000 0.000000 0.000000 0.000000 0.000000 0.000000 0.000000 0.000000 0.000000 0.000000 0.000000 0.000000 0.000000 0.000000 0.000000 0.000000 0.000000 0.000000 0.000000 0.000000 0.000000 0.000000 0.000000 0.000000 0.000000 0.000000 0.000000 0.000000 0.000000 0.000000 0.000000 0.000000 0.000000 0.000000 
0.000000 0.000000 0.000000 0.000000 0.000000 0.000000 0.000000 0.000000 0.000000 0.000000 0.000000 0.000000 0.000000 0.000000 0.000000 0.000000 0.000000 0.000000 0.000000 0.000000 0.000000 0.000000 0.000000 0.000000 0.000000 0.000000 0.000000 0.000000 0.000000 0.000000 0.000000 0.000000 0.000000 0.000000 0.000000 0.000000 0.000000 0.000001 0.000001 0.000001 0.000001 0.000001 0.000001 0.000002 0.000002 0.000002 0.000002 0.000002 0.000002 0.000002 0.000002 0.000002 0.000002 0.000002 0.000002 0.000002 0.000002 0.000002 0.000001 0.000001 0.000001 0.000001 0.000001 0.000001 0.000000 0.000000 0.000000 0.000000 0.000000 0.000000 0.000000 0.000000 0.000000 0.000000 0.000000 0.000000 0.000000 0.000000 0.000000 0.000000 0.000000 0.000000 0.000000 0.000000 0.000000 0.000000 0.000000 0.000000 0.000000 0.000000 0.000000 0.000000 0.000000 0.000000 0.000000 0.000000 0.000000 0.000000 0.000000 0.000000 
0.000000 0.000000 0.000000 0.000000 0.000000 0.000000 0.000000 0.000000 0.000000 0.000000 0.000000 0.000000 0.000000 0.000000 0.000000 0.000000 0.000000 0.000000 0.000000 0.000000 0.000000 0.000000 0.000000 0.000000 0.000000 0.000000 0.000000 0.000000 0.000000 0.000000 0.000000 0.000000 0.000000 0.000000 0.000000 0.000001 0.000001 0.000001 0.000001 0.000002 0.000002 0.000002 0.000003 0.000003 0.000004 0.000004 0.000004 0.000005 0.000005 0.000005 0.000005 0.000005 0.000005 0.000005 0.000004 0.000004 0.000004 0.000003 0.000003 0.000002 0.000002 0.000002 0.000001 0.000001 0.000001 0.000001 0.000000 0.000000 0.000000 0.000000 0.000000 0.000000 0.000000 0.000000 0.000000 0.000000 0.000000 0.000000 0.000000 0.000000 0.000000 0.000000 0.000000 0.000000 0.000000 0.000000 0.000000 0.000000 0.000000 0.000000 0.000000 0.000000 0.000000 0.000000 0.000000 0.000000 0.000000 0.000000 0.000000 0.000000 
0.000000 0.000000 0.000000 0.000000 0.000000 0.000000 0.000000 0.000000 0.000000 0.000000 0.000000 0.000000 0.000000 0.000000 0.000000 0.000000 0.000000 0.000000 0.000000 0.000000 0.000000 0.000000 0.000000 0.000000 0.000000 0.000000 0.000000 0.000000 0.000000 0.000000 0.000000 0.000000 0.000001 0.000001 0.000001 0.000001 0.000002 0.000002 0.000003 0.000004 0.000004 0.000005 0.000006 0.000007 0.000008 0.000009 0.000009 0.000010 0.000010 0.000011 0.000011 0.000011 0.000010 0.000010 0.000009 0.000009 0.000008 0.000007 0.000006 0.000005 0.000004 0.000004 0.000003 0.000002 0.000002 0.000001 0.000001 0.000001 0.000001 0.000000 0.000000 0.000000 0.000000 0.000000 0.000000 0.000000 0.000000 0.000000 0.000000 0.000000 0.000000 0.000000 0.000000 0.000000 0.000000 0.000000 0.000000 0.000000 0.000000 0.000000 0.000000 0.000000 0.000000 0.000000 0.000000 0.000000 0.000000 0.000000 0.000000 0.000000 
0.000000 0.000000 0.000000 0.000000 0.000000 0.000000 0.000000 0.000000 0.000000 0.000000 0.000000 0.000000 0.000000 0.000000 0.000000 0.000000 0.000000 0.000000 0.000000 0.000000 0.000000 0.000000 0.000000 0.000000 0.000000 0.000000 0.000000 0.000000 0.000000 0.000000 0.000001 0.000001 0.000001 0.000002 0.000002 0.000003 0.000004 0.000005 0.000006 0.000008 0.000009 0.000011 0.000013 0.000014 0.000016 0.000018 0.000019 0.000021 0.000022 0.000022 0.000022 0.000022 0.000022 0.000021 0.000019 0.000018 0.000016 0.000014 0.000013 0.000011 0.000009 0.000008 0.000006 0.000005 0.000004 0.000003 0.000002 0.000002 0.000001 0.000001 0.000001 0.000000 0.000000 0.000000 0.000000 0.000000 0.000000 0.000000 0.000000 0.000000 0.000000 0.000000 0.000000 0.000000 0.000000 0.000000 0.000000 0.000000 0.000000 0.000000 0.000000 0.000000 0.000000 0.000000 0.000000 0.000000 0.000000 0.000000 0.000000 0.000000 
0.000000 0.000000 0.000000 0.000000 0.000000 0.000000 0.000000 0.000000 0.000000 0.000000 0.000000 0.000000 0.000000 0.000000 0.000000 0.000000 0.000000 0.000000 0.000000 0.000000 0.000000 0.000000 0.000000 0.000000 0.000000 0.000000 0.000000 0.000000 0.000001 0.000001 0.000001 0.000002 0.000002 0.000003 0.000005 0.000006 0.000008 0.000010 0.000013 0.000016 0.000019 0.000022 0.000026 0.000030 0.000033 0.000037 0.000040 0.000043 0.000045 0.000046 0.000046 0.000046 0.000045 0.000043 0.000040 0.000037 0.000033 0.000030 0.000026 0.000022 0.000019 0.000016 0.000013 0.000010 0.000008 0.000006 0.000005 0.000003 0.000002 0.000002 0.000001 0.000001 0.000001 0.000000 0.000000 0.000000 0.000000 0.000000 0.000000 0.000000 0.000000 0.000000 0.000000 0.000000 0.000000 0.000000 0.000000 0.000000 0.000000 0.000000 0.000000 0.000000 0.000000 0.000000 0.000000 0.000000 0.000000 0.000000 0.000000 0.000000 
0.000000 0.000000 0.000000 0.000000 0.000000 0.000000 0.000000 0.000000 0.000000 0.000000 0.000000 0.000000 0.000000 0.000000 0.000000 0.000000 0.000000 0.000000 0.000000 0.000000 0.000000 0.000000 0.000000 0.000000 0.000000 0.000000 0.000001 0.000001 0.000001 0.000002 0.000003 0.000004 0.000005 0.000007 0.000009 0.000012 0.000016 0.000020 0.000026 0.000032 0.000038 0.000045 0.000053 0.000060 0.000068 0.000075 0.000081 0.000086 0.000090 0.000093 0.000094 0.000093 0.000090 0.000086 0.000081 0.000075 0.000068 0.000060 0.000053 0.000045 0.000038 0.000032 0.000026 0.000020 0.000016 0.000012 0.000009 0.000007 0.000005 0.000004 0.000003 0.000002 0.000001 0.000001 0.000001 0.000000 0.000000 0.000000 0.000000 0.000000 0.000000 0.000000 0.000000 0.000000 0.000000 0.000000 0.000000 0.000000 0.000000 0.000000 0.000000 0.000000 0.000000 0.000000 0.000000 0.000000 0.000000 0.000000 0.000000 0.000000 
0.000000 0.000000 0.000000 0.000000 0.000000 0.000000 0.000000 0.000000 0.000000 0.000000 0.000000 0.000000 0.000000 0.000000 0.000000 0.000000 0.000000 0.000000 0.000000 0.000000 0.000000 0.000000 0.000000 0.000000 0.000000 0.000001 0.000001 0.000002 0.000002 0.000004 0.000005 0.000007 0.000010 0.000014 0.000019 0.000025 0.000032 0.000041 0.000051 0.000063 0.000076 0.000090 0.000105 0.000120 0.000135 0.000149 0.000162 0.000172 0.000180 0.000185 0.000187 0.000185 0.000180 0.000172 0.000162 0.000149 0.000135 0.000120 0.000105 0.000090 0.000076 0.000063 0.000051 0.000041 0.000032 0.000025 0.000019 0.000014 0.000010 0.000007 0.000005 0.000004 0.000002 0.000002 0.000001 0.000001 0.000000 0.000000 0.000000 0.000000 0.000000 0.000000 0.000000 0.000000 0.000000 0.000000 0.000000 0.000000 0.000000 0.000000 0.000000 0.000000 0.000000 0.000000 0.000000 0.000000 0.000000 0.000000 0.000000 0.000000 
0.000000 0.000000 0.000000 0.000000 0.000000 0.000000 0.000000 0.000000 0.000000 0.000000 0.000000 0.000000 0.000000 0.000000 0.000000 0.000000 0.000000 0.000000 0.000000 0.000000 0.000000 0.000000 0.000000 0.000001 0.000001 0.000001 0.000002 0.000003 0.000005 0.000007 0.000010 0.000015 0.000020 0.000028 0.000037 0.000049 0.000063 0.000081 0.000101 0.000124 0.000150 0.000177 0.000207 0.000236 0.000265 0.000293 0.000318 0.000338 0.000354 0.000363 0.000367 0.000363 0.000354 0.000338 0.000318 0.000293 0.000265 0.000236 0.000207 0.000177 0.000150 0.000124 0.000101 0.000081 0.000063 0.000049 0.000037 0.000028 0.000020 0.000015 0.000010 0.000007 0.000005 0.000003 0.000002 0.000001 0.000001 0.000001 0.000000 0.000000 0.000000 0.000000 0.000000 0.000000 0.000000 0.000000 0.000000 0.000000 0.000000 0.000000 0.000000 0.000000 0.000000 0.000000 0.000000 0.000000 0.000000 0.000000 0.000000 0.000000 
0.000000 0.000000 0.000000 0.000000 0.000000 0.000000 0.000000 0.000000 0.000000 0.000000 0.000000 0.000000 0.000000 0.000000 0.000000 0.000000 0.000000 0.000000 0.000000 0.000000 0.000000 0.000000 0.000001 0.000001 0.000002 0.000003 0.000004 0.000006 0.000009 0.000014 0.000020 0.000028 0.000039 0.000054 0.000072 0.000095 0.000123 0.000156 0.000195 0.000240 0.000290 0.000343 0.000400 0.000457 0.000513 0.000566 0.000614 0.000654 0.000684 0.000702 0.000708 0.000702 0.000684 0.000654 0.000614 0.000566 0.000513 0.000457 0.000400 0.000343 0.000290 0.000240 0.000195 0.000156 0.000123 0.000095 0.000072 0.000054 0.000039 0.000028 0.000020 0.000014 0.000009 0.000006 0.000004 0.000003 0.000002 0.000001 0.000001 0.000000 0.000000 0.000000 0.000000 0.000000 0.000000 0.000000 0.000000 0.000000 0.000000 0.000000 0.000000 0.000000 0.000000 0.000000 0.000000 0.000000 0.000000 0.000000 0.000000 0.000000 
0.000000 0.000000 0.000000 0.000000 0.000000 0.000000 0.000000 0.000000 0.000000 0.000000 0.000000 0.000000 0.000000 0.000000 0.000000 0.000000 0.000000 0.000000 0.000000 0.000000 0.000000 0.000001 0.000001 0.000002 0.000003 0.000005 0.000008 0.000012 0.000018 0.000027 0.000038 0.000054 0.000075 0.000103 0.000138 0.000181 0.000235 0.000298 0.000373 0.000458 0.000552 0.000654 0.000761 0.000870 0.000977 0.001078 0.001168 0.001243 0.001300 0.001336 0.001348 0.001336 0.001300 0.001243 0.001168 0.001078 0.000977 0.000870 0.000761 0.000654 0.000552 0.000458 0.000373 0.000298 0.000235 0.000181 0.000138 0.000103 0.000075 0.000054 0.000038 0.000027 0.000018 0.000012 0.000008 0.000005 0.000003 0.000002 0.000001 0.000001 0.000000 0.000000 0.000000 0.000000 0.000000 0.000000 0.000000 0.000000 0.000000 0.000000 0.000000 0.000000 0.000000 0.000000 0.000000 0.000000 0.000000 0.000000 0.000000 0.000000 
0.000000 0.000000 0.000000 0.000000 0.000000 0.000000 0.000000 0.000000 0.000000 0.000000 0.000000 0.000000 0.000000 0.000000 0.000000 0.000000 0.000000 0.000000 0.000000 0.000001 0.000001 0.000001 0.000002 0.000004 0.000006 0.000010 0.000015 0.000023 0.000034 0.000050 0.000072 0.000102 0.000142 0.000193 0.000259 0.000341 0.000441 0.000560 0.000700 0.000859 0.001035 0.001226 0.001426 0.001630 0.001830 0.002019 0.002187 0.002328 0.002434 0.002500 0.002523 0.002500 0.002434 0.002328 0.002187 0.002019 0.001830 0.001630 0.001426 0.001226 0.001035 0.000859 0.000700 0.000560 0.000441 0.000341 0.000259 0.000193 0.000142 0.000102 0.000072 0.000050 0.000034 0.000023 0.000015 0.000010 0.000006 0.000004 0.000002 0.000001 0.000001 0.000001 0.000000 0.000000 0.000000 0.000000 0.000000 0.000000 0.000000 0.000000 0.000000 0.000000 0.000000 0.000000 0.000000 0.000000 0.000000 0.000000 0.000000 0.000000 
0.000000 0.000000 0.000000 0.000000 0.000000 0.000000 0.000000 0.000000 0.000000 0.000000 0.000000 0.000000 0.000000 0.000000 0.000000 0.000000 0.000000 0.000000 0.000001 0.000001 0.000002 0.000003 0.000005 0.000007 0.000012 0.000018 0.000028 0.000043 0.000064 0.000093 0.000134 0.000189 0.000262 0.000358 0.000479 0.000630 0.000815 0.001035 0.001293 0.001585 0.001910 0.002261 0.002630 0.003005 0.003374 0.003721 0.004031 0.004290 0.004485 0.004606 0.004647 0.004606 0.004485 0.004290 0.004031 0.003721 0.003374 0.003005 0.002630 0.002261 0.001910 0.001585 0.001293 0.001035 0.000815 0.000630 0.000479 0.000358 0.000262 0.000189 0.000134 0.000093 0.000064 0.000043 0.000028 0.000018 0.000012 0.000007 0.000005 0.000003 0.000002 0.000001 0.000001 0.000000 0.000000 0.000000 0.000000 0.000000 0.000000 0.000000 0.000000 0.000000 0.000000 0.000000 0.000000 0.000000 0.000000 0.000000 0.000000 0.000000 
0.000000 0.000000 0.000000 0.000000 0.000000 0.000000 0.000000 0.000000 0.000000 0.000000 0.000000 0.000000 0.000000 0.000000 0.000000 0.000000 0.000000 0.000001 0.000001 0.000002 0.000003 0.000005 0.000008 0.000014 0.000022 0.000034 0.000052 0.000079 0.000117 0.000171 0.000245 0.000345 0.000478 0.000652 0.000872 0.001147 0.001483 0.001883 0.002349 0.002880 0.003469 0.004106 0.004774 0.005454 0.006120 0.006748 0.007310 0.007778 0.008132 0.008351 0.008426 0.008351 0.008132 0.007778 0.007310 0.006748 0.006120 0.005454 0.004774 0.004106 0.003469 0.002880 0.002349 0.001883 0.001483 0.001147 0.000872 0.000652 0.000478 0.000345 0.000245 0.000171 0.000117 0.000079 0.000052 0.000034 0.000022 0.000014 0.000008 0.000005 0.000003 0.000002 0.000001 0.000001 0.000000 0.000000 0.000000 0.000000 0.000000 0.000000 0.000000 0.000000 0.000000 0.000000 0.000000 0.000000 0.000000 0.000000 0.000000 0.000000 
0.000000 0.000000 0.000000 0.000000 0.000000 0.000000 0.000000 0.000000 0.000000 0.000000 0.000000 0.000000 0.000000 0.000000 0.000000 0.000000 0.000001 0.000001 0.000002 0.000003 0.000006 0.000009 0.000015 0.000025 0.000039 0.000061 0.000094 0.000142 0.000210 0.000307 0.000440 0.000620 0.000858 0.001168 0.001563 0.002055 0.002654 0.003369 0.004202 0.005149 0.006200 0.007335 0.008527 0.009738 0.010926 0.012045 0.013045 0.013880 0.014509 0.014900 0.015032 0.014900 0.014509 0.013880 0.013045 0.012045 0.010926 0.009738 0.008527 0.007335 0.006200 0.005149 0.004202 0.003369 0.002654 0.002055 0.001563 0.001168 0.000858 0.000620 0.000440 0.000307 0.000210 0.000142 0.000094 0.000061 0.000039 0.000025 0.000015 0.000009 0.000006 0.000003 0.000002 0.000001 0.000001 0.000000 0.000000 0.000000 0.000000 0.000000 0.000000 0.000000 0.000000 0.000000 0.000000 0.000000 0.000000 0.000000 0.000000 0.000000 
0.000000 0.000000 0.000000 0.000000 0.000000 0.000000 0.000000 0.000000 0.000000 0.000000 0.000000 0.000000 0.000000 0.000000 0.000000 0.000001 0.000001 0.000002 0.000003 0.000006 0.000010 0.000016 0.000027 0.000044 0.000069 0.000108 0.000166 0.000251 0.000372 0.000542 0.000777 0.001094 0.001515 0.002061 0.002755 0.003620 0.004674 0.005930 0.007394 0.009057 0.010903 0.012895 0.014985 0.017109 0.019193 0.021154 0.022907 0.024370 0.025472 0.026157 0.026390 0.026157 0.025472 0.024370 0.022907 0.021154 0.019193 0.017109 0.014985 0.012895 0.010903 0.009057 0.007394 0.005930 0.004674 0.003620 0.002755 0.002061 0.001515 0.001094 0.000777 0.000542 0.000372 0.000251 0.000166 0.000108 0.000069 0.000044 0.000027 0.000016 0.000010 0.000006 0.000003 0.000002 0.000001 0.000001 0.000000 0.000000 0.000000 0.000000 0.000000 0.000000 0.000000 0.000000 0.000000 0.000000 0.000000 0.000000 0.000000 0.000000 
0.000000 0.000000 0.000000 0.000000 0.000000 0.000000 0.000000 0.000000 0.000000 0.000000 0.000000 0.000000 0.000000 0.000000 0.000001 0.000001 0.000002 0.000003 0.000006 0.000010 0.000017 0.000029 0.000047 0.000076 0.000121 0.000189 0.000290 0.000437 0.000647 0.000943 0.001351 0.001901 0.002630 0.003576 0.004779 0.006276 0.008099 0.010272 0.012801 0.015676 0.018863 0.022303 0.025911 0.029577 0.033172 0.036555 0.039578 0.042102 0.044003 0.045184 0.045585 0.045184 0.044003 0.042102 0.039578 0.036555 0.033172 0.029577 0.025911 0.022303 0.018863 0.015676 0.012801 0.010272 0.008099 0.006276 0.004779 0.003576 0.002630 0.001901 0.001351 0.000943 0.000647 0.000437 0.000290 0.000189 0.000121 0.000076 0.000047 0.000029 0.000017 0.000010 0.000006 0.000003 0.000002 0.000001 0.000001 0.000000 0.000000 0.000000 0.000000 0.000000 0.000000 0.000000 0.000000 0.000000 0.000000 0.000000 0.000000 0.000000 
0.000000 0.000000 0.000000 0.000000 0.000000 0.000000 0.000000 0.000000 0.000000 0.000000 0.000000 0.000000 0.000000 0.000001 0.000001 0.000002 0.000003 0.000006 0.000010 0.000018 0.000030 0.000050 0.000081 0.000131 0.000208 0.000324 0.000497 0.000748 0.001109 0.001614 0.002310 0.003249 0.004493 0.006106 0.008155 0.010704 0.013807 0.017503 0.021805 0.026692 0.032109 0.037953 0.044080 0.050306 0.056410 0.062151 0.067282 0.071565 0.074790 0.076794 0.077475 0.076794 0.074790 0.071565 0.067282 0.062151 0.056410 0.050306 0.044080 0.037953 0.032109 0.026692 0.021805 0.017503 0.013807 0.010704 0.008155 0.006106 0.004493 0.003249 0.002310 0.001614 0.001109 0.000748 0.000497 0.000324 0.000208 0.000131 0.000081 0.000050 0.000030 0.000018 0.000010 0.000006 0.000003 0.000002 0.000001 0.000001 0.000000 0.000000 0.000000 0.000000 0.000000 0.000000 0.000000 0.000000 0.000000 0.000000 0.000000 0.000000 
0.000000 0.000000 0.000000 0.000000 0.000000 0.000000 0.000000 0.000000 0.000000 0.000000 0.000000 0.000000 0.000000 0.000001 0.000002 0.000003 0.000006 0.000010 0.000017 0.000030 0.000050 0.000084 0.000138 0.000222 0.000351 0.000547 0.000838 0.001261 0.001867 0.002717 0.003886 0.005463 0.007549 0.010254 0.013688 0.017959 0.023156 0.029342 0.036539 0.044714 0.053770 0.063539 0.073778 0.084179 0.094375 0.103963 0.112531 0.119680 0.125065 0.128411 0.129546 0.128411 0.125065 0.119680 0.112531 0.103963 0.094375 0.084179 0.073778 0.063539 0.053770 0.044714 0.036539 0.029342 0.023156 0.017959 0.013688 0.010254 0.007549 0.005463 0.003886 0.002717 0.001867 0.001261 0.000838 0.000547 0.000351 0.000222 0.000138 0.000084 0.000050 0.000030 0.000017 0.000010 0.000006 0.000003 0.000002 0.000001 0.000000 0.000000 0.000000 0.000000 0.000000 0.000000 0.000000 0.000000 0.000000 0.000000 0.000000 0.000000 
0.000000 0.000000 0.000000 0.000000 0.000000 0.000000 0.000000 0.000000 0.000000 0.000000 0.000000 0.000000 0.000001 0.000001 0.000003 0.000005 0.000009 0.000016 0.000029 0.000050 0.000084 0.000140 0.000229 0.000368 0.000583 0.000908 0.001390 0.002091 0.003093 0.004498 0.006429 0.009034 0.012477 0.016939 0.022601 0.029639 0.038201 0.048388 0.060234 0.073686 0.088583 0.104647 0.121481 0.138576 0.155331 0.171086 0.185160 0.196904 0.205747 0.211243 0.213107 0.211243 0.205747 0.196904 0.185160 0.171086 0.155331 0.138576 0.121481 0.104647 0.088583 0.073686 0.060234 0.048388 0.038201 0.029639 0.022601 0.016939 0.012477 0.009034 0.006429 0.004498 0.003093 0.002091 0.001390 0.000908 0.000583 0.000368 0.000229 0.000140 0.000084 0.000050 0.000029 0.000016 0.000009 0.000005 0.000003 0.000001 0.000001 0.000000 0.000000 0.000000 0.000000 0.000000 0.000000 0.000000 0.000000 0.000000 0.000000 0.000000 
0.000000 0.000000 0.000000 0.000000 0.000000 0.000000 0.000000 0.000000 0.000000 0.000000 0.000000 0.000001 0.000001 0.000002 0.000005 0.000008 0.000015 0.000027 0.000047 0.000081 0.000138 0.000229 0.000374 0.000602 0.000953 0.001482 0.002267 0.003409 0.005040 0.007324 0.010463 0.014694 0.020285 0.027524 0.036708 0.048118 0.061992 0.078494 0.097676 0.119451 0.143557 0.169545 0.196772 0.224415 0.251502 0.276967 0.299714 0.318692 0.332981 0.341861 0.344874 0.341861 0.332981 0.318692 0.299714 0.276967 0.251502 0.224415 0.196772 0.169545 0.143557 0.119451 0.097676 0.078494 0.061992 0.048118 0.036708 0.027524 0.020285 0.014694 0.010463 0.007324 0.005040 0.003409 0.002267 0.001482 0.000953 0.000602 0.000374 0.000229 0.000138 0.000081 0.000047 0.000027 0.000015 0.000008 0.000005 0.000002 0.000001 0.000001 0.000000 0.000000 0.000000 0.000000 0.000000 0.000000 0.000000 0.000000 0.000000 0.000000 
0.000000 0.000000 0.000000 0.000000 0.000000 0.000000 0.000000 0.000000 0.000000 0.000000 0.000001 0.000001 0.000002 0.000004 0.000007 0.000014 0.000025 0.000044 0.000076 0.000131 0.000222 0.000368 0.000602 0.000968 0.001531 0.002380 0.003637 0.005466 0.008076 0.011729 0.016748 0.023507 0.032435 0.043989 0.058641 0.076837 0.098952 0.125246 0.155801 0.190474 0.228847 0.270206 0.313525 0.357496 0.400575 0.441068 0.477232 0.507403 0.530118 0.544233 0.549021 0.544233 0.530118 0.507403 0.477232 0.441068 0.400575 0.357496 0.313525 0.270206 0.228847 0.190474 0.155801 0.125246 0.098952 0.076837 0.058641 0.043989 0.032435 0.023507 0.016748 0.011729 0.008076 0.005466 0.003637 0.002380 0.001531 0.000968 0.000602 0.000368 0.000222 0.000131 0.000076 0.000044 0.000025 0.000014 0.000007 0.000004 0.000002 0.000001 0.000001 0.000000 0.000000 0.000000 0.000000 0.000000 0.000000 0.000000 0.000000 0.000000 
0.000000 0.000000 0.000000 0.000000 0.000000 0.000000 0.000000 0.000000 0.000000 0.000000 0.000001 0.000002 0.000003 0.000006 0.000012 0.000022 0.000039 0.000069 0.000121 0.000208 0.000351 0.000583 0.000953 0.001531 0.002419 0.003757 0.005739 0.008619 0.012726 0.018474 0.026364 0.036986 0.051007 0.069146 0.092138 0.120678 0.155353 0.196565 0.244438 0.298746 0.358834 0.423579 0.491377 0.560180 0.627576 0.690915 0.747476 0.794659 0.830178 0.852248 0.859735 0.852248 0.830178 0.794659 0.747476 0.690915 0.627576 0.560180 0.491377 0.423579 0.358834 0.298746 0.244438 0.196565 0.155353 0.120678 0.092138 0.069146 0.051007 0.036986 0.026364 0.018474 0.012726 0.008619 0.005739 0.003757 0.002419 0.001531 0.000953 0.000583 0.000351 0.000208 0.000121 0.000069 0.000039 0.000022 0.000012 0.000006 0.000003 0.000002 0.000001 0.000000 0.000000 0.000000 0.000000 0.000000 0.000000 0.000000 0.000000 0.000000 
0.000000 0.000000 0.000000 0.000000 0.000000 0.000000 0.000000 0.000000 0.000000 0.000001 0.000001 0.000003 0.000005 0.000010 0.000018 0.000034 0.000061 0.000108 0.000189 0.000324 0.000547 0.000908 0.001482 0.002380 0.003757 0.005833 0.008904 0.013365 0.019722 0.028614 0.040814 0.057230 0.078888 0.106895 0.142380 0.186410 0.239885 0.303416 0.377195 0.460864 0.553412 0.653107 0.757480 0.863379 0.967093 1.064550 1.151567 1.224148 1.278782 1.312729 1.324244 1.312729 1.278782 1.224148 1.151567 1.064550 0.967093 0.863379 0.757480 0.653107 0.553412 0.460864 0.377195 0.303416 0.239885 0.186410 0.142380 0.106895 0.078888 0.057230 0.040814 0.028614 0.019722 0.013365 0.008904 0.005833 0.003757 0.002380 0.001482 0.000908 0.000547 0.000324 0.000189 0.000108 0.000061 0.000034 0.000018 0.000010 0.000005 0.000003 0.000001 0.000001 0.000000 0.000000 0.000000 0.000000 0.000000 0.000000 0.000000 0.000000 
0.000000 0.000000 0.000000 0.000000 0.000000 0.000000 0.000000 0.000000 0.000001 0.000001 0.000002 0.000004 0.000008 0.000015 0.000028 0.000052 0.000094 0.000166 0.000290 0.000497 0.000838 0.001390 0.002267 0.003637 0.005739 0.008904 0.013584 0.020378 0.030055 0.043583 0.062134 0.087084 0.119987 0.162517 0.216379 0.283185 0.364294 0.460623 0.572454 0.699239 0.839442 0.990434 1.148477 1.308800 1.465789 1.613283 1.744963 1.854785 1.937447 1.988806 2.006227 1.988806 1.937447 1.854785 1.744963 1.613283 1.465789 1.308800 1.148477 0.990434 0.839442 0.699239 0.572454 0.460623 0.364294 0.283185 0.216379 0.162517 0.119987 0.087084 0.062134 0.043583 0.030055 0.020378 0.013584 0.008904 0.005739 0.003637 0.002267 0.001390 0.000838 0.000497 0.000290 0.000166 0.000094 0.000052 0.000028 0.000015 0.000008 0.000004 0.000002 0.000001 0.000001 0.000000 0.000000 0.000000 0.000000 0.000000 0.000000 0.000000 
0.000000 0.000000 0.000000 0.000000 0.000000 0.000000 0.000000 0.000000 0.000001 0.000002 0.000003 0.000006 0.000012 0.000023 0.000043 0.000079 0.000142 0.000251 0.000437 0.000748 0.001261 0.002091 0.003409 0.005466 0.008619 0.013365 0.020378 0.030551 0.045037 0.065275 0.093015 0.130308 0.179465 0.242978 0.323383 0.423073 0.544064 0.687712 0.854427 1.043382 1.252280 1.477202 1.712578 1.951304 2.185027 2.404584 2.600576 2.764021 2.887035 2.963463 2.989386 2.963463 2.887035 2.764021 2.600576 2.404584 2.185027 1.951304 1.712578 1.477202 1.252280 1.043382 0.854427 0.687712 0.544064 0.423073 0.323383 0.242978 0.179465 0.130308 0.093015 0.065275 0.045037 0.030551 0.020378 0.013365 0.008619 0.005466 0.003409 0.002091 0.001261 0.000748 0.000437 0.000251 0.000142 0.000079 0.000043 0.000023 0.000012 0.000006 0.000003 0.000002 0.000001 0.000000 0.000000 0.000000 0.000000 0.000000 0.000000 0.000000 
0.000000 0.000000 0.000000 0.000000 0.000000 0.000000 0.000000 0.000001 0.000001 0.000002 0.000005 0.000009 0.000018 0.000034 0.000064 0.000117 0.000210 0.000372 0.000647 0.001109 0.001867 0.003093 0.005040 0.008076 0.012726 0.019722 0.030055 0.045037 0.066357 0.096131 0.136921 0.191734 0.263955 0.357229 0.475266 0.621563 0.799058 1.009728 1.254154 1.531113 1.837228 2.166751 2.511519 2.861132 3.203364 3.524811 3.811725 4.050970 4.231023 4.342882 4.380824 4.342882 4.231023 4.050970 3.811725 3.524811 3.203364 2.861132 2.511519 2.166751 1.837228 1.531113 1.254154 1.009728 0.799058 0.621563 0.475266 0.357229 0.263955 0.191734 0.136921 0.096131 0.066357 0.045037 0.030055 0.019722 0.012726 0.008076 0.005040 0.003093 0.001867 0.001109 0.000647 0.000372 0.000210 0.000117 0.000064 0.000034 0.000018 0.000009 0.000005 0.000002 0.000001 0.000001 0.000000 0.000000 0.000000 0.000000 0.000000 0.000000 
0.000000 0.000000 0.000000 0.000000 0.000000 0.000000 0.000000 0.000001 0.000002 0.000004 0.000007 0.000014 0.000027 0.000050 0.000093 0.000171 0.000307 0.000542 0.000943 0.001614 0.002717 0.004498 0.007324 0.011729 0.018474 0.028614 0.043583 0.065275 0.096131 0.139199 0.198179 0.277399 0.381737 0.516440 0.686842 0.897968 1.154037 1.457875 1.810300 2.209530 2.650684 3.125470 3.622125 4.125674 4.618517 5.081369 5.494451 5.838875 6.098066 6.259084 6.313698 6.259084 6.098066 5.838875 5.494451 5.081369 4.618517 4.125674 3.622125 3.125470 2.650684 2.209530 1.810300 1.457875 1.154037 0.897968 0.686842 0.516440 0.381737 0.277399 0.198179 0.139199 0.096131 0.065275 0.043583 0.028614 0.018474 0.011729 0.007324 0.004498 0.002717 0.001614 0.000943 0.000542 0.000307 0.000171 0.000093 0.000050 0.000027 0.000014 0.000007 0.000004 0.000002 0.000001 0.000000 0.000000 0.000000 0.000000 0.000000 0.000000 
0.000000 0.000000 0.000000 0.000000 0.000000 0.000000 0.000001 0.000001 0.000003 0.000005 0.000010 0.000020 0.000038 0.000072 0.000134 0.000245 0.000440 0.000777 0.001351 0.002310 0.003886 0.006429 0.010463 0.016748 0.026364 0.040814 0.062134 0.093015 0.136921 0.198179 0.282031 0.394614 0.542835 0.734123 0.976022 1.275637 1.638918 2.069845 2.569550 3.135481 3.760701 4.433449 5.137055 5.850308 6.548300 7.203734 7.788631 8.276272 8.643215 8.871164 8.948479 8.871164 8.643215 8.276272 7.788631 7.203734 6.548300 5.850308 5.137055 4.433449 3.760701 3.135481 2.569550 2.069845 1.638918 1.275637 0.976022 0.734123 0.542835 0.394614 0.282031 0.198179 0.136921 0.093015 0.062134 0.040814 0.026364 0.016748 0.010463 0.006429 0.003886 0.002310 0.001351 0.000777 0.000440 0.000245 0.000134 0.000072 0.000038 0.000020 0.000010 0.000005 0.000003 0.000001 0.000001 0.000000 0.000000 0.000000 0.000000 0.000000 
0.000000 0.000000 0.000000 0.000000 0.000000 0.000000 0.000001 0.000002 0.000004 0.000007 0.000015 0.000028 0.000054 0.000102 0.000189 0.000345 0.000620 0.001094 0.001901 0.003249 0.005463 0.009034 0.014694 0.023507 0.036986 0.057230 0.087084 0.130308 0.191734 0.277399 0.394614 0.551930 0.758969 1.026071 1.363734 1.781829 2.288621 2.889618 3.586361 4.375259 5.246618 6.184033 7.164275 8.157802 9.129937 10.042693 10.857140 11.536108 12.046993 12.364348 12.471984 12.364348 12.046993 11.536108 10.857140 10.042693 9.129937 8.157802 7.164275 6.184033 5.246618 4.375259 3.586361 2.889618 2.288621 1.781829 1.363734 1.026071 0.758969 0.551930 0.394614 0.277399 0.191734 0.130308 0.087084 0.057230 0.036986 0.023507 0.014694 0.009034 0.005463 0.003249 0.001901 0.001094 0.000620 0.000345 0.000189 0.000102 0.000054 0.000028 0.000015 0.000007 0.000004 0.000002 0.000001 0.000000 0.000000 0.000000 0.000000 0.000000 
0.000000 0.000000 0.000000 0.000000 0.000000 0.000001 0.000001 0.000002 0.000005 0.000010 0.000020 0.000039 0.000075 0.000142 0.000262 0.000478 0.000858 0.001515 0.002630 0.004493 0.007549 0.012477 0.020285 0.032435 0.051007 0.078888 0.119987 0.179465 0.263955 0.381737 0.542835 0.758969 1.043318 1.410036 1.873484 2.447160 3.142345 3.966542 4.921816 6.003198 7.197372 8.481834 9.824756 11.185677 12.517123 13.767104 14.882350 15.812013 16.511493 16.945984 17.093346 16.945984 16.511493 15.812013 14.882350 13.767104 12.517123 11.185677 9.824756 8.481834 7.197372 6.003198 4.921816 3.966542 3.142345 2.447160 1.873484 1.410036 1.043318 0.758969 0.542835 0.381737 0.263955 0.179465 0.119987 0.078888 0.051007 0.032435 0.020285 0.012477 0.007549 0.004493 0.002630 0.001515 0.000858 0.000478 0.000262 0.000142 0.000075 0.000039 0.000020 0.000010 0.000005 0.000002 0.000001 0.000001 0.000000 0.000000 0.000000 0.000000 
0.000000 0.000000 0.000000 0.000000 0.000000 0.000001 0.000002 0.000003 0.000007 0.000014 0.000028 0.000054 0.000103 0.000193 0.000358 0.000652 0.001168 0.002061 0.003576 0.006106 0.010254 0.016939 0.027524 0.043989 0.069146 0.106895 0.162517 0.242978 0.357229 0.516440 0.734123 1.026071 1.410036 1.905071 2.530498 3.304462 4.242112 5.353500 6.641344 8.098896 9.708163 11.438802 13.247921 15.081030 16.874217 18.557510 20.059230 21.310968 22.252728 22.837693 23.036086 22.837693 22.252728 21.310968 20.059230 18.557510 16.874217 15.081030 13.247921 11.438802 9.708163 8.098896 6.641344 5.353500 4.242112 3.304462 2.530498 1.905071 1.410036 1.026071 0.734123 0.516440 0.357229 0.242978 0.162517 0.106895 0.069146 0.043989 0.027524 0.016939 0.010254 0.006106 0.003576 0.002061 0.001168 0.000652 0.000358 0.000193 0.000103 0.000054 0.000028 0.000014 0.000007 0.000003 0.000002 0.000001 0.000000 0.000000 0.000000 0.000000 
0.000000 0.000000 0.000000 0.000000 0.000000 0.000001 0.000002 0.000005 0.000009 0.000019 0.000037 0.000072 0.000138 0.000259 0.000479 0.000872 0.001563 0.002755 0.004779 0.008155 0.013688 0.022601 0.036708 0.058641 0.092138 0.142380 0.216379 0.323383 0.475266 0.686842 0.976022 1.363734 1.873484 2.530498 3.360337 4.386989 5.630463 7.104000 8.811126 10.742828 12.875213 15.168043 17.564491 19.992396 22.367150 24.596148 26.584544 28.241834 29.488653 30.263077 30.525723 30.263077 29.488653 28.241834 26.584544 24.596148 22.367150 19.992396 17.564491 15.168043 12.875213 10.742828 8.811126 7.104000 5.630463 4.386989 3.360337 2.530498 1.873484 1.363734 0.976022 0.686842 0.475266 0.323383 0.216379 0.142380 0.092138 0.058641 0.036708 0.022601 0.013688 0.008155 0.004779 0.002755 0.001563 0.000872 0.000479 0.000259 0.000138 0.000072 0.000037 0.000019 0.000009 0.000005 0.000002 0.000001 0.000001 0.000000 0.000000 0.000000 
0.000000 0.000000 0.000000 0.000000 0.000001 0.000001 0.000003 0.000006 0.000012 0.000025 0.000049 0.000095 0.000181 0.000341 0.000630 0.001147 0.002055 0.003620 0.006276 0.010704 0.017959 0.029639 0.048118 0.076837 0.120678 0.186410 0.283185 0.423073 0.621563 0.897968 1.275637 1.781829 2.447160 3.304462 4.386989 5.725930 7.347267 9.268162 11.493115 14.010295 16.788509 19.775297 22.896627 26.058537 29.150889 32.053170 34.641971 36.799553 38.422679 39.430803 39.772702 39.430803 38.422679 36.799553 34.641971 32.053170 29.150889 26.058537 22.896627 19.775297 16.788509 14.010295 11.493115 9.268162 7.347267 5.725930 4.386989 3.304462 2.447160 1.781829 1.275637 0.897968 0.621563 0.423073 0.283185 0.186410 0.120678 0.076837 0.048118 0.029639 0.017959 0.010704 0.006276 0.003620 0.002055 0.001147 0.000630 0.000341 0.000181 0.000095 0.000049 0.000025 0.000012 0.000006 0.000003 0.000001 0.000001 0.000000 0.000000 0.000000 
0.000000 0.000000 0.000000 0.000000 0.000001 0.000002 0.000004 0.000008 0.000016 0.000032 0.000063 0.000123 0.000235 0.000441 0.000815 0.001483 0.002654 0.004674 0.008099 0.013807 0.023156 0.038201 0.061992 0.098952 0.155353 0.239885 0.364294 0.544064 0.799058 1.154037 1.638918 2.288621 3.142345 4.242112 5.630463 7.347267 9.425712 11.887670 14.738791 17.963819 21.522716 25.348241 29.345566 33.394385 37.353733 41.069395 44.383481 47.145375 49.223028 50.513420 50.951043 50.513420 49.223028 47.145375 44.383481 41.069395 37.353733 33.394385 29.345566 25.348241 21.522716 17.963819 14.738791 11.887670 9.425712 7.347267 5.630463 4.242112 3.142345 2.288621 1.638918 1.154037 0.799058 0.544064 0.364294 0.239885 0.155353 0.098952 0.061992 0.038201 0.023156 0.013807 0.008099 0.004674 0.002654 0.001483 0.000815 0.000441 0.000235 0.000123 0.000063 0.000032 0.000016 0.000008 0.000004 0.000002 0.000001 0.000000 0.000000 0.000000 
0.000000 0.000000 0.000000 0.000001 0.000001 0.000002 0.000005 0.000010 0.000020 0.000041 0.000081 0.000156 0.000298 0.000560 0.001035 0.001883 0.003369 0.005930 0.010272 0.017503 0.029342 0.048388 0.078494 0.125246 0.196565 0.303416 0.460623 0.687712 1.009728 1.457875 2.069845 2.889618 3.966542 5.353500 7.104000 9.268162 11.887670 14.989940 18.581955 22.644381 27.126699 31.944173 36.977379 42.074872 47.059245 51.736464 55.907901 59.384106 61.998997 63.623014 64.173774 63.623014 61.998997 59.384106 55.907901 51.736464 47.059245 42.074872 36.977379 31.944173 27.126699 22.644381 18.581955 14.989940 11.887670 9.268162 7.104000 5.353500 3.966542 2.889618 2.069845 1.457875 1.009728 0.687712 0.460623 0.303416 0.196565 0.125246 0.078494 0.048388 0.029342 0.017503 0.010272 0.005930 0.003369 0.001883 0.001035 0.000560 0.000298 0.000156 0.000081 0.000041 0.000020 0.000010 0.000005 0.000002 0.000001 0.000001 0.000000 0.000000 
0.000000 0.000000 0.000000 0.000001 0.000001 0.000003 0.000006 0.000013 0.000026 0.000051 0.000101 0.000195 0.000373 0.000700 0.001293 0.002349 0.004202 0.007394 0.012801 0.021805 0.036539 0.060234 0.097676 0.155801 0.244438 0.377195 0.572454 0.854427 1.254154 1.810300 2.569550 3.586361 4.921816 6.641344 8.811126 11.493115 14.738791 18.581955 23.031103 28.062153 33.612446 39.577001 45.807951 52.117850 58.287182 64.075900 69.238317 73.540124 76.775932 78.785528 79.467043 78.785528 76.775932 73.540124 69.238317 64.075900 58.287182 52.117850 45.807951 39.577001 33.612446 28.062153 23.031103 18.581955 14.738791 11.493115 8.811126 6.641344 4.921816 3.586361 2.569550 1.810300 1.254154 0.854427 0.572454 0.377195 0.244438 0.155801 0.097676 0.060234 0.036539 0.021805 0.012801 0.007394 0.004202 0.002349 0.001293 0.000700 0.000373 0.000195 0.000101 0.000051 0.000026 0.000013 0.000006 0.000003 0.000001 0.000001 0.000000 0.000000 
0.000000 0.000000 0.000000 0.000001 0.000002 0.000004 0.000008 0.000016 0.000032 0.000063 0.000124 0.000240 0.000458 0.000859 0.001585 0.002880 0.005149 0.009057 0.015676 0.026692 0.044714 0.073686 0.119451 0.190474 0.298746 0.460864 0.699239 1.043382 1.531113 2.209530 3.135481 4.375259 6.003198 8.098896 10.742828 14.010295 17.963819 22.644381 28.062153 34.187665 40.944517 48.204846 55.788653 63.467839 70.975345 78.019189 84.300573 89.534563 93.471420 95.916345 96.745483 95.916345 93.471420 89.534563 84.300573 78.019189 70.975345 63.467839 55.788653 48.204846 40.944517 34.187665 28.062153 22.644381 17.963819 14.010295 10.742828 8.098896 6.003198 4.375259 3.135481 2.209530 1.531113 1.043382 0.699239 0.460864 0.298746 0.190474 0.119451 0.073686 0.044714 0.026692 0.015676 0.009057 0.005149 0.002880 0.001585 0.000859 0.000458 0.000240 0.000124 0.000063 0.000032 0.000016 0.000008 0.000004 0.000002 0.000001 0.000001 0.000001 
0.000000 0.000000 0.000000 0.000001 0.000002 0.000004 0.000009 0.000019 0.000038 0.000076 0.000150 0.000290 0.000552 0.001035 0.001910 0.003469 0.006200 0.010903 0.018863 0.032109 0.053770 0.088583 0.143557 0.228847 0.358834 0.553412 0.839442 1.252280 1.837228 2.650684 3.760701 5.246618 7.197372 9.708163 12.875213 16.788509 21.522716 27.126699 33.612446 40.944517 49.031346 57.719834 66.794566 75.982652 84.964657 93.391401 100.905594 107.166563 111.875734 114.800231 115.791994 114.800231 111.875734 107.166563 100.905594 93.391401 84.964657 75.982652 66.794566 57.719834 49.031346 40.944517 33.612446 27.126699 21.522716 16.788509 12.875213 9.708163 7.197372 5.246618 3.760701 2.650684 1.837228 1.252280 0.839442 0.553412 0.358834 0.228847 0.143557 0.088583 0.053770 0.032109 0.018863 0.010903 0.006200 0.003469 0.001910 0.001035 0.000552 0.000290 0.000150 0.000076 0.000038 0.000019 0.000009 0.000004 0.000002 0.000001 0.000001 0.000001 
0.000000 0.000000 0.000001 0.000001 0.000002 0.000005 0.000011 0.000022 0.000045 0.000090 0.000177 0.000343 0.000654 0.001226 0.002261 0.004106 0.007335 0.012895 0.022303 0.037953 0.063539 0.104647 0.169545 0.270206 0.423579 0.653107 0.990434 1.477202 2.166751 3.125470 4.433449 6.184033 8.481834 11.438802 15.168043 19.775297 25.348241 31.944173 39.577001 48.204846 57.719834 67.941758 78.617175 89.425112 99.989927 109.901063 118.738476 126.101694 131.639760 135.078953 136.245250 135.078953 131.639760 126.101694 118.738476 109.901063 99.989927 89.425112 78.617175 67.941758 57.719834 48.204846 39.577001 31.944173 25.348241 19.775297 15.168043 11.438802 8.481834 6.184033 4.433449 3.125470 2.166751 1.477202 0.990434 0.653107 0.423579 0.270206 0.169545 0.104647 0.063539 0.037953 0.022303 0.012895 0.007335 0.004106 0.002261 0.001226 0.000654 0.000343 0.000177 0.000090 0.000045 0.000022 0.000011 0.000005 0.000002 0.000001 0.000001 0.000001 
0.000000 0.000000 0.000001 0.000001 0.000003 0.000006 0.000013 0.000026 0.000053 0.000105 0.000207 0.000400 0.000761 0.001426 0.002630 0.004774 0.008527 0.014985 0.025911 0.044080 0.073778 0.121481 0.196772 0.313525 0.491377 0.757480 1.148477 1.712578 2.511519 3.622125 5.137055 7.164275 9.824756 13.247921 17.564491 22.896627 29.345566 36.977379 45.807951 55.788653 66.794566 78.617175 90.963339 103.461904 115.678585 127.138790 137.357014 145.870414 152.273396 156.249642 157.598053 156.249642 152.273396 145.870414 137.357014 127.138790 115.678585 103.461904 90.963339 78.617175 66.794566 55.788653 45.807951 36.977379 29.345566 22.896627 17.564491 13.247921 9.824756 7.164275 5.137055 3.622125 2.511519 1.712578 1.148477 0.757480 0.491377 0.313525 0.196772 0.121481 0.073778 0.044080 0.025911 0.014985 0.008527 0.004774 0.002630 0.001426 0.000761 0.000400 0.000207 0.000105 0.000053 0.000026 0.000013 0.000006 0.000003 0.000001 0.000001 0.000001 
