0.000000 0.000000 0.000000 0.000000 0.000000 0.000000 0.000000 0.000000 0.000000 0.000000 0.000000 0.000000 0.000000 0.000000 0.000000 0.000000 0.000000 0.000000 0.000000 0.000000 0.000000 0.000000 0.000000 0.000000 0.000000 0.000000 0.000000 0.000000 0.000000 0.000000 0.000000 0.000000 0.000000 0.000000 0.000001 0.000001 0.000001 0.000001 0.000001 0.000002 0.000002 0.000002 0.000003 0.000003 0.000003 0.000004 0.000004 0.000004 0.000004 0.000005 0.000005 0.000005 0.000004 0.000004 0.000004 0.000004 0.000003 0.000003 0.000003 0.000002 0.000002 0.000002 0.000001 0.000001 0.000001 0.000001 0.000001 0.000000 0.000000 0.000000 0.000000 0.000000 0.000000 0.000000 0.000000 0.000000 0.000000 0.000000 0.000000 0.000000 0.000000 0.000000 0.000000 0.000000 0.000000 0.000000 0.000000 0.000000 0.000000 0.000000 0.000000 0.000000 0.000000 0.000000 0.000000 0.000000 0.000000 0.000000 0.000000 0.000000 
0.000000 0.000000 0.000000 0.000000 0.000000 0.000000 0.000000 0.000000 0.000000 0.000000 0.000000 0.000000 0.000000 0.000000 0.000000 0.000000 0.000000 0.000000 0.000000 0.000000 0.000000 0.000000 0.000000 0.000000 0.000000 0.000000 0.000000 0.000000 0.000000 0.000000 0.000000 0.000000 0.000000 0.000000 0.000001 0.000001 0.000001 0.000001 0.000001 0.000002 0.000002 0.000002 0.000003 0.000003 0.000003 0.000004 0.000004 0.000004 0.000004 0.000005 0.000005 0.000005 0.000004 0.000004 0.000004 0.000004 0.000003 0.000003 0.000003 0.000002 0.000002 0.000002 0.000001 0.000001 0.000001 0.000001 0.000001 0.000000 0.000000 0.000000 0.000000 0.000000 0.000000 0.000000 0.000000 0.000000 0.000000 0.000000 0.000000 0.000000 0.000000 0.000000 0.000000 0.000000 0.000000 0.000000 0.000000 0.000000 0.000000 0.000000 0.000000 0.000000 0.000000 0.000000 0.000000 0.000000 0.000000 0.000000 0.000000 0.000000 
0.000000 0.000000 0.000000 0.000000 0.000000 0.000000 0.000000 0.000000 0.000000 0.000000 0.000000 0.000000 0.000000 0.000000 0.000000 0.000000 0.000000 0.000000 0.000000 0.000000 0.000000 0.000000 0.000000 0.000000 0.000000 0.000000 0.000000 0.000000 0.000000 0.000000 0.000000 0.000000 0.000001 0.000001 0.000001 0.000001 0.000001 0.000002 0.000002 0.000003 0.000003 0.000004 0.000004 0.000005 0.000005 0.000006 0.000006 0.000007 0.000007 0.000007 0.000007 0.000007 0.000007 0.000007 0.000006 0.000006 0.000005 0.000005 0.000004 0.000004 0.000003 0.000003 0.000002 0.000002 0.000001 0.000001 0.000001 0.000001 0.000001 0.000000 0.000000 0.000000 0.000000 0.000000 0.000000 0.000000 0.000000 0.000000 0.000000 0.000000 0.000000 0.000000 0.000000 0.000000 0.000000 0.000000 0.000000 0.000000 0.000000 0.000000 0.000000 0.000000 0.000000 0.000000 0.000000 0.000000 0.000000 0.000000 0.000000 0.000000 
0.000000 0.000000 0.000000 0.000000 0.000000 0.000000 0.000000 0.000000 0.000000 0.000000 0.000000 0.000000 0.000000 0.000000 0.000000 0.000000 0.000000 0.000000 0.000000 0.000000 0.000000 0.000000 0.000000 0.000000 0.000000 0.000000 0.000000 0.000000 0.000000 0.000000 0.000001 0.000001 0.000001 0.000001 0.000002 0.000002 0.000003 0.000003 0.000004 0.000005 0.000006 0.000007 0.000008 0.000009 0.000010 0.000011 0.000012 0.000013 0.000013 0.000013 0.000013 0.000013 0.000013 0.000013 0.000012 0.000011 0.000010 0.000009 0.000008 0.000007 0.000006 0.000005 0.000004 0.000003 0.000003 0.000002 0.000002 0.000001 0.000001 0.000001 0.000001 0.000000 0.000000 0.000000 0.000000 0.000000 0.000000 0.000000 0.000000 0.000000 0.000000 0.000000 0.000000 0.000000 0.000000 0.000000 0.000000 0.000000 0.000000 0.000000 0.000000 0.000000 0.000000 0.000000 0.000000 0.000000 0.000000 0.000000 0.000000 0.000000 
0.000000 0.000000 0.000000 0.000000 0.000000 0.000000 0.000000 0.000000 0.000000 0.000000 0.000000 0.000000 0.000000 0.000000 0.000000 0.000000 0.000000 0.000000 0.000000 0.000000 0.000000 0.000000 0.000000 0.000000 0.000000 0.000000 0.000000 0.000000 0.000001 0.000001 0.000001 0.000001 0.000002 0.000003 0.000003 0.000004 0.000005 0.000007 0.000008 0.000010 0.000012 0.000014 0.000016 0.000018 0.000020 0.000022 0.000023 0.000025 0.000026 0.000026 0.000026 0.000026 0.000026 0.000025 0.000023 0.000022 0.000020 0.000018 0.000016 0.000014 0.000012 0.000010 0.000008 0.000007 0.000005 0.000004 0.000003 0.000003 0.000002 0.000001 0.000001 0.000001 0.000001 0.000000 0.000000 0.000000 0.000000 0.000000 0.000000 0.000000 0.000000 0.000000 0.000000 0.000000 0.000000 0.000000 0.000000 0.000000 0.000000 0.000000 0.000000 0.000000 0.000000 0.000000 0.000000 0.000000 0.000000 0.000000 0.000000 0.000000 
0.000000 0.000000 0.000000 0.000000 0.000000 0.000000 0.000000 0.000000 0.000000 0.000000 0.000000 0.000000 0.000000 0.000000 0.000000 0.000000 0.000000 0.000000 0.000000 0.000000 0.000000 0.000000 0.000000 0.000000 0.000000 0.000000 0.000001 0.000001 0.000001 0.000002 0.000002 0.000003 0.000004 0.000005 0.000007 0.000008 0.000011 0.000013 0.000016 0.000020 0.000023 0.000027 0.000031 0.000035 0.000039 0.000043 0.000046 0.000048 0.000050 0.000052 0.000052 0.000052 0.000050 0.000048 0.000046 0.000043 0.000039 0.000035 0.000031 0.000027 0.000023 0.000020 0.000016 0.000013 0.000011 0.000008 0.000007 0.000005 0.000004 0.000003 0.000002 0.000002 0.000001 0.000001 0.000001 0.000000 0.000000 0.000000 0.000000 0.000000 0.000000 0.000000 0.000000 0.000000 0.000000 0.000000 0.000000 0.000000 0.000000 0.000000 0.000000 0.000000 0.000000 0.000000 0.000000 0.000000 0.000000 0.000000 0.000000 0.000000 
0.000000 0.000000 0.000000 0.000000 0.000000 0.000000 0.000000 0.000000 0.000000 0.000000 0.000000 0.000000 0.000000 0.000000 0.000000 0.000000 0.000000 0.000000 0.000000 0.000000 0.000000 0.000000 0.000000 0.000000 0.000000 0.000001 0.000001 0.000001 0.000002 0.000003 0.000004 0.000006 0.000007 0.000010 0.000013 0.000017 0.000021 0.000026 0.000032 0.000038 0.000045 0.000053 0.000060 0.000068 0.000076 0.000083 0.000089 0.000094 0.000098 0.000100 0.000101 0.000100 0.000098 0.000094 0.000089 0.000083 0.000076 0.000068 0.000060 0.000053 0.000045 0.000038 0.000032 0.000026 0.000021 0.000017 0.000013 0.000010 0.000007 0.000006 0.000004 0.000003 0.000002 0.000001 0.000001 0.000001 0.000000 0.000000 0.000000 0.000000 0.000000 0.000000 0.000000 0.000000 0.000000 0.000000 0.000000 0.000000 0.000000 0.000000 0.000000 0.000000 0.000000 0.000000 0.000000 0.000000 0.000000 0.000000 0.000000 0.000000 
0.000000 0.000000 0.000000 0.000000 0.000000 0.000000 0.000000 0.000000 0.000000 0.000000 0.000000 0.000000 0.000000 0.000000 0.000000 0.000000 0.000000 0.000000 0.000000 0.000000 0.000000 0.000000 0.000000 0.000001 0.000001 0.000001 0.000002 0.000003 0.000004 0.000006 0.000008 0.000011 0.000014 0.000019 0.000025 0.000032 0.000040 0.000050 0.000061 0.000073 0.000087 0.000101 0.000116 0.000131 0.000145 0.000159 0.000171 0.000181 0.000188 0.000193 0.000194 0.000193 0.000188 0.000181 0.000171 0.000159 0.000145 0.000131 0.000116 0.000101 0.000087 0.000073 0.000061 0.000050 0.000040 0.000032 0.000025 0.000019 0.000014 0.000011 0.000008 0.000006 0.000004 0.000003 0.000002 0.000001 0.000001 0.000001 0.000000 0.000000 0.000000 0.000000 0.000000 0.000000 0.000000 0.000000 0.000000 0.000000 0.000000 0.000000 0.000000 0.000000 0.000000 0.000000 0.000000 0.000000 0.000000 0.000000 0.000000 0.000000 
0.000000 0.000000 0.000000 0.000000 0.000000 0.000000 0.000000 0.000000 0.000000 0.000000 0.000000 0.000000 0.000000 0.000000 0.000000 0.000000 0.000000 0.000000 0.000000 0.000000 0.000000 0.000000 0.000001 0.000001 0.000002 0.000003 0.000004 0.000005 0.000008 0.000011 0.000015 0.000020 0.000027 0.000036 0.000047 0.000061 0.000076 0.000095 0.000116 0.000139 0.000165 0.000192 0.000220 0.000248 0.000275 0.000301 0.000323 0.000342 0.000356 0.000364 0.000367 0.000364 0.000356 0.000342 0.000323 0.000301 0.000275 0.000248 0.000220 0.000192 0.000165 0.000139 0.000116 0.000095 0.000076 0.000061 0.000047 0.000036 0.000027 0.000020 0.000015 0.000011 0.000008 0.000005 0.000004 0.000003 0.000002 0.000001 0.000001 0.000000 0.000000 0.000000 0.000000 0.000000 0.000000 0.000000 0.000000 0.000000 0.000000 0.000000 0.000000 0.000000 0.000000 0.000000 0.000000 0.000000 0.000000 0.000000 0.000000 0.000000 
0.000000 0.000000 0.000000 0.000000 0.000000 0.000000 0.000000 0.000000 0.000000 0.000000 0.000000 0.000000 0.000000 0.000000 0.000000 0.000000 0.000000 0.000000 0.000000 0.000000 0.000001 0.000001 0.000001 0.000002 0.000003 0.000005 0.000007 0.000010 0.000014 0.000020 0.000028 0.000038 0.000052 0.000068 0.000089 0.000113 0.000143 0.000177 0.000217 0.000260 0.000308 0.000358 0.000411 0.000463 0.000514 0.000561 0.000603 0.000638 0.000664 0.000680 0.000685 0.000680 0.000664 0.000638 0.000603 0.000561 0.000514 0.000463 0.000411 0.000358 0.000308 0.000260 0.000217 0.000177 0.000143 0.000113 0.000089 0.000068 0.000052 0.000038 0.000028 0.000020 0.000014 0.000010 0.000007 0.000005 0.000003 0.000002 0.000001 0.000001 0.000001 0.000000 0.000000 0.000000 0.000000 0.000000 0.000000 0.000000 0.000000 0.000000 0.000000 0.000000 0.000000 0.000000 0.000000 0.000000 0.000000 0.000000 0.000000 0.000000 
0.000000 0.000000 0.000000 0.000000 0.000000 0.000000 0.000000 0.000000 0.000000 0.000000 0.000000 0.000000 0.000000 0.000000 0.000000 0.000000 0.000000 0.000000 0.000000 0.000001 0.000001 0.000002 0.000002 0.000004 0.000006 0.000009 0.000013 0.000019 0.000027 0.000038 0.000052 0.000071 0.000095 0.000126 0.000164 0.000209 0.000264 0.000327 0.000399 0.000480 0.000567 0.000660 0.000756 0.000852 0.000945 0.001032 0.001109 0.001173 0.001221 0.001250 0.001260 0.001250 0.001221 0.001173 0.001109 0.001032 0.000945 0.000852 0.000756 0.000660 0.000567 0.000480 0.000399 0.000327 0.000264 0.000209 0.000164 0.000126 0.000095 0.000071 0.000052 0.000038 0.000027 0.000019 0.000013 0.000009 0.000006 0.000004 0.000002 0.000002 0.000001 0.000001 0.000000 0.000000 0.000000 0.000000 0.000000 0.000000 0.000000 0.000000 0.000000 0.000000 0.000000 0.000000 0.000000 0.000000 0.000000 0.000000 0.000000 0.000000 
0.000000 0.000000 0.000000 0.000000 0.000000 0.000000 0.000000 0.000000 0.000000 0.000000 0.000000 0.000000 0.000000 0.000000 0.000000 0.000000 0.000000 0.000000 0.000001 0.000001 0.000002 0.000003 0.000005 0.000007 0.000011 0.000016 0.000024 0.000034 0.000049 0.000069 0.000095 0.000129 0.000173 0.000229 0.000297 0.000381 0.000479 0.000594 0.000725 0.000871 0.001029 0.001197 0.001371 0.001545 0.001714 0.001871 0.002010 0.002126 0.002212 0.002266 0.002284 0.002266 0.002212 0.002126 0.002010 0.001871 0.001714 0.001545 0.001371 0.001197 0.001029 0.000871 0.000725 0.000594 0.000479 0.000381 0.000297 0.000229 0.000173 0.000129 0.000095 0.000069 0.000049 0.000034 0.000024 0.000016 0.000011 0.000007 0.000005 0.000003 0.000002 0.000001 0.000001 0.000000 0.000000 0.000000 0.000000 0.000000 0.000000 0.000000 0.000000 0.000000 0.000000 0.000000 0.000000 0.000000 0.000000 0.000000 0.000000 0.000000 
0.000000 0.000000 0.000000 0.000000 0.000000 0.000000 0.000000 0.000000 0.000000 0.000000 0.000000 0.000000 0.000000 0.000000 0.000000 0.000000 0.000000 0.000001 0.000001 0.000002 0.000003 0.000005 0.000008 0.000013 0.000019 0.000029 0.000042 0.000061 0.000088 0.000123 0.000170 0.000232 0.000311 0.000411 0.000533 0.000682 0.000859 0.001064 0.001298 0.001558 0.001841 0.002142 0.002452 0.002763 0.003064 0.003344 0.003593 0.003799 0.003953 0.004048 0.004081 0.004048 0.003953 0.003799 0.003593 0.003344 0.003064 0.002763 0.002452 0.002142 0.001841 0.001558 0.001298 0.001064 0.000859 0.000682 0.000533 0.000411 0.000311 0.000232 0.000170 0.000123 0.000088 0.000061 0.000042 0.000029 0.000019 0.000013 0.000008 0.000005 0.000003 0.000002 0.000001 0.000001 0.000000 0.000000 0.000000 0.000000 0.000000 0.000000 0.000000 0.000000 0.000000 0.000000 0.000000 0.000000 0.000000 0.000000 0.000000 0.000000 
0.000000 0.000000 0.000000 0.000000 0.000000 0.000000 0.000000 0.000000 0.000000 0.000000 0.000000 0.000000 0.000000 0.000000 0.000000 0.000000 0.000001 0.000001 0.000002 0.000004 0.000006 0.000009 0.000015 0.000023 0.000034 0.000051 0.000075 0.000109 0.000155 0.000218 0.000302 0.000411 0.000550 0.000726 0.000942 0.001205 0.001516 0.001878 0.002290 0.002748 0.003246 0.003775 0.004321 0.004868 0.005397 0.005891 0.006327 0.006690 0.006961 0.007129 0.007186 0.007129 0.006961 0.006690 0.006327 0.005891 0.005397 0.004868 0.004321 0.003775 0.003246 0.002748 0.002290 0.001878 0.001516 0.001205 0.000942 0.000726 0.000550 0.000411 0.000302 0.000218 0.000155 0.000109 0.000075 0.000051 0.000034 0.000023 0.000015 0.000009 0.000006 0.000004 0.000002 0.000001 0.000001 0.000000 0.000000 0.000000 0.000000 0.000000 0.000000 0.000000 0.000000 0.000000 0.000000 0.000000 0.000000 0.000000 0.000000 0.000000 
0.000000 0.000000 0.000000 0.000000 0.000000 0.000000 0.000000 0.000000 0.000000 0.000000 0.000000 0.000000 0.000000 0.000000 0.000000 0.000001 0.000001 0.000002 0.000004 0.000006 0.000010 0.000016 0.000026 0.000040 0.000060 0.000089 0.000132 0.000190 0.000271 0.000381 0.000526 0.000716 0.000959 0.001264 0.001641 0.002097 0.002637 0.003266 0.003981 0.004777 0.005641 0.006559 0.007505 0.008453 0.009372 0.010226 0.010984 0.011611 0.012081 0.012373 0.012471 0.012373 0.012081 0.011611 0.010984 0.010226 0.009372 0.008453 0.007505 0.006559 0.005641 0.004777 0.003981 0.003266 0.002637 0.002097 0.001641 0.001264 0.000959 0.000716 0.000526 0.000381 0.000271 0.000190 0.000132 0.000089 0.000060 0.000040 0.000026 0.000016 0.000010 0.000006 0.000004 0.000002 0.000001 0.000001 0.000000 0.000000 0.000000 0.000000 0.000000 0.000000 0.000000 0.000000 0.000000 0.000000 0.000000 0.000000 0.000000 0.000000 
0.000000 0.000000 0.000000 0.000000 0.000000 0.000000 0.000000 0.000000 0.000000 0.000000 0.000000 0.000000 0.000000 0.000000 0.000001 0.000001 0.000002 0.000004 0.000007 0.000011 0.000018 0.000028 0.000044 0.000068 0.000103 0.000154 0.000227 0.000328 0.000467 0.000655 0.000905 0.001230 0.001647 0.002170 0.002816 0.003596 0.004522 0.005598 0.006821 0.008182 0.009661 0.011229 0.012847 0.014467 0.016037 0.017497 0.018790 0.019862 0.020665 0.021162 0.021331 0.021162 0.020665 0.019862 0.018790 0.017497 0.016037 0.014467 0.012847 0.011229 0.009661 0.008182 0.006821 0.005598 0.004522 0.003596 0.002816 0.002170 0.001647 0.001230 0.000905 0.000655 0.000467 0.000328 0.000227 0.000154 0.000103 0.000068 0.000044 0.000028 0.000018 0.000011 0.000007 0.000004 0.000002 0.000001 0.000001 0.000000 0.000000 0.000000 0.000000 0.000000 0.000000 0.000000 0.000000 0.000000 0.000000 0.000000 0.000000 0.000000 
0.000000 0.000000 0.000000 0.000000 0.000000 0.000000 0.000000 0.000000 0.000000 0.000000 0.000000 0.000000 0.000000 0.000001 0.000001 0.000002 0.000004 0.000007 0.000012 0.000019 0.000031 0.000048 0.000075 0.000116 0.000176 0.000262 0.000385 0.000556 0.000792 0.001110 0.001532 0.002083 0.002787 0.003671 0.004761 0.006079 0.007641 0.009456 0.011519 0.013813 0.016305 0.018947 0.021672 0.024401 0.027043 0.029502 0.031679 0.033483 0.034835 0.035672 0.035955 0.035672 0.034835 0.033483 0.031679 0.029502 0.027043 0.024401 0.021672 0.018947 0.016305 0.013813 0.011519 0.009456 0.007641 0.006079 0.004761 0.003671 0.002787 0.002083 0.001532 0.001110 0.000792 0.000556 0.000385 0.000262 0.000176 0.000116 0.000075 0.000048 0.000031 0.000019 0.000012 0.000007 0.000004 0.000002 0.000001 0.000001 0.000000 0.000000 0.000000 0.000000 0.000000 0.000000 0.000000 0.000000 0.000000 0.000000 0.000000 0.000000 
0.000000 0.000000 0.000000 0.000000 0.000000 0.000000 0.000000 0.000000 0.000000 0.000000 0.000000 0.000000 0.000001 0.000001 0.000002 0.000004 0.000007 0.000012 0.000020 0.000032 0.000051 0.000081 0.000127 0.000194 0.000294 0.000439 0.000643 0.000930 0.001323 0.001854 0.002558 0.003474 0.004647 0.006119 0.007933 0.010125 0.012723 0.015739 0.019167 0.022978 0.027117 0.031503 0.036027 0.040556 0.044941 0.049020 0.052632 0.055625 0.057866 0.059254 0.059724 0.059254 0.057866 0.055625 0.052632 0.049020 0.044941 0.040556 0.036027 0.031503 0.027117 0.022978 0.019167 0.015739 0.012723 0.010125 0.007933 0.006119 0.004647 0.003474 0.002558 0.001854 0.001323 0.000930 0.000643 0.000439 0.000294 0.000194 0.000127 0.000081 0.000051 0.000032 0.000020 0.000012 0.000007 0.000004 0.000002 0.000001 0.000001 0.000000 0.000000 0.000000 0.000000 0.000000 0.000000 0.000000 0.000000 0.000000 0.000000 0.000000 
0.000000 0.000000 0.000000 0.000000 0.000000 0.000000 0.000000 0.000000 0.000000 0.000000 0.000000 0.000001 0.000001 0.000002 0.000004 0.000007 0.000012 0.000020 0.000032 0.000053 0.000085 0.000134 0.000209 0.000321 0.000485 0.000723 0.001060 0.001531 0.002178 0.003050 0.004206 0.005711 0.007635 0.010050 0.013024 0.016617 0.020873 0.025813 0.031426 0.037665 0.044440 0.051616 0.059016 0.066424 0.073593 0.080263 0.086168 0.091060 0.094724 0.096993 0.097761 0.096993 0.094724 0.091060 0.086168 0.080263 0.073593 0.066424 0.059016 0.051616 0.044440 0.037665 0.031426 0.025813 0.020873 0.016617 0.013024 0.010050 0.007635 0.005711 0.004206 0.003050 0.002178 0.001531 0.001060 0.000723 0.000485 0.000321 0.000209 0.000134 0.000085 0.000053 0.000032 0.000020 0.000012 0.000007 0.000004 0.000002 0.000001 0.000001 0.000000 0.000000 0.000000 0.000000 0.000000 0.000000 0.000000 0.000000 0.000000 0.000000 
0.000000 0.000000 0.000000 0.000000 0.000000 0.000000 0.000000 0.000000 0.000000 0.000000 0.000001 0.000001 0.000002 0.000004 0.000006 0.000011 0.000019 0.000032 0.000053 0.000086 0.000138 0.000218 0.000340 0.000522 0.000789 0.001174 0.001721 0.002485 0.003532 0.004944 0.006815 0.009249 0.012360 0.016263 0.021068 0.026871 0.033742 0.041715 0.050771 0.060835 0.071760 0.083330 0.095258 0.107197 0.118751 0.129497 0.139009 0.146890 0.152792 0.156446 0.157684 0.156446 0.152792 0.146890 0.139009 0.129497 0.118751 0.107197 0.095258 0.083330 0.071760 0.060835 0.050771 0.041715 0.033742 0.026871 0.021068 0.016263 0.012360 0.009249 0.006815 0.004944 0.003532 0.002485 0.001721 0.001174 0.000789 0.000522 0.000340 0.000218 0.000138 0.000086 0.000053 0.000032 0.000019 0.000011 0.000006 0.000004 0.000002 0.000001 0.000001 0.000000 0.000000 0.000000 0.000000 0.000000 0.000000 0.000000 0.000000 0.000000 
0.000000 0.000000 0.000000 0.000000 0.000000 0.000000 0.000000 0.000000 0.000000 0.000001 0.000001 0.000002 0.000003 0.000006 0.000010 0.000018 0.000031 0.000051 0.000085 0.000138 0.000222 0.000350 0.000545 0.000836 0.001263 0.001879 0.002753 0.003972 0.005644 0.007896 0.010879 0.014758 0.019714 0.025928 0.033577 0.042811 0.053742 0.066421 0.080819 0.096814 0.114174 0.132555 0.151502 0.170461 0.188807 0.205867 0.220968 0.233477 0.242845 0.248645 0.250609 0.248645 0.242845 0.233477 0.220968 0.205867 0.188807 0.170461 0.151502 0.132555 0.114174 0.096814 0.080819 0.066421 0.053742 0.042811 0.033577 0.025928 0.019714 0.014758 0.010879 0.007896 0.005644 0.003972 0.002753 0.001879 0.001263 0.000836 0.000545 0.000350 0.000222 0.000138 0.000085 0.000051 0.000031 0.000018 0.000010 0.000006 0.000003 0.000002 0.000001 0.000001 0.000000 0.000000 0.000000 0.000000 0.000000 0.000000 0.000000 0.000000 
0.000000 0.000000 0.000000 0.000000 0.000000 0.000000 0.000000 0.000000 0.000000 0.000001 0.000002 0.000003 0.000005 0.000009 0.000016 0.000028 0.000048 0.000081 0.000134 0.000218 0.000350 0.000553 0.000861 0.001320 0.001992 0.002962 0.004338 0.006255 0.008883 0.012423 0.017108 0.023199 0.030977 0.040728 0.052724 0.067202 0.084334 0.104200 0.126754 0.151802 0.178983 0.207755 0.237408 0.267076 0.295778 0.322466 0.346088 0.365653 0.380303 0.389374 0.392445 0.389374 0.380303 0.365653 0.346088 0.322466 0.295778 0.267076 0.237408 0.207755 0.178983 0.151802 0.126754 0.104200 0.084334 0.067202 0.052724 0.040728 0.030977 0.023199 0.017108 0.012423 0.008883 0.006255 0.004338 0.002962 0.001992 0.001320 0.000861 0.000553 0.000350 0.000218 0.000134 0.000081 0.000048 0.000028 0.000016 0.000009 0.000005 0.000003 0.000002 0.000001 0.000000 0.000000 0.000000 0.000000 0.000000 0.000000 0.000000 0.000000 
0.000000 0.000000 0.000000 0.000000 0.000000 0.000000 0.000000 0.000000 0.000001 0.000001 0.000002 0.000005 0.000008 0.000015 0.000026 0.000044 0.000075 0.000127 0.000209 0.000340 0.000545 0.000861 0.001339 0.002051 0.003095 0.004600 0.006732 0.009704 0.013774 0.019254 0.026504 0.035927 0.047954 0.063025 0.081561 0.103925 0.130382 0.161050 0.195859 0.234508 0.276438 0.320814 0.366539 0.412281 0.456527 0.497663 0.534069 0.564220 0.586796 0.600773 0.605506 0.600773 0.586796 0.564220 0.534069 0.497663 0.456527 0.412281 0.366539 0.320814 0.276438 0.234508 0.195859 0.161050 0.130382 0.103925 0.081561 0.063025 0.047954 0.035927 0.026504 0.019254 0.013774 0.009704 0.006732 0.004600 0.003095 0.002051 0.001339 0.000861 0.000545 0.000340 0.000209 0.000127 0.000075 0.000044 0.000026 0.000015 0.000008 0.000005 0.000002 0.000001 0.000001 0.000000 0.000000 0.000000 0.000000 0.000000 0.000000 0.000000 
0.000000 0.000000 0.000000 0.000000 0.000000 0.000000 0.000000 0.000001 0.000001 0.000002 0.000004 0.000007 0.000013 0.000023 0.000040 0.000068 0.000116 0.000194 0.000321 0.000522 0.000836 0.001320 0.002051 0.003141 0.004737 0.007036 0.010292 0.014828 0.021039 0.029397 0.040450 0.054809 0.073130 0.096081 0.124299 0.158333 0.198583 0.245228 0.298157 0.356912 0.420639 0.488072 0.557543 0.627027 0.694230 0.756702 0.811985 0.857766 0.892042 0.913264 0.920449 0.913264 0.892042 0.857766 0.811985 0.756702 0.694230 0.627027 0.557543 0.488072 0.420639 0.356912 0.298157 0.245228 0.198583 0.158333 0.124299 0.096081 0.073130 0.054809 0.040450 0.029397 0.021039 0.014828 0.010292 0.007036 0.004737 0.003141 0.002051 0.001320 0.000836 0.000522 0.000321 0.000194 0.000116 0.000068 0.000040 0.000023 0.000013 0.000007 0.000004 0.000002 0.000001 0.000001 0.000000 0.000000 0.000000 0.000000 0.000000 0.000000 
0.000000 0.000000 0.000000 0.000000 0.000000 0.000000 0.000000 0.000001 0.000002 0.000003 0.000006 0.000011 0.000019 0.000034 0.000060 0.000103 0.000176 0.000294 0.000485 0.000789 0.001263 0.001992 0.003095 0.004737 0.007140 0.010600 0.015499 0.022319 0.031654 0.044211 0.060811 0.082367 0.109862 0.144293 0.186611 0.237637 0.297964 0.367857 0.447148 0.535146 0.630570 0.731525 0.835512 0.939503 1.040067 1.133541 1.216249 1.284738 1.336012 1.367755 1.378504 1.367755 1.336012 1.284738 1.216249 1.133541 1.040067 0.939503 0.835512 0.731525 0.630570 0.535146 0.447148 0.367857 0.297964 0.237637 0.186611 0.144293 0.109862 0.082367 0.060811 0.044211 0.031654 0.022319 0.015499 0.010600 0.007140 0.004737 0.003095 0.001992 0.001263 0.000789 0.000485 0.000294 0.000176 0.000103 0.000060 0.000034 0.000019 0.000011 0.000006 0.000003 0.000002 0.000001 0.000000 0.000000 0.000000 0.000000 0.000000 0.000000 
0.000000 0.000000 0.000000 0.000000 0.000000 0.000000 0.000001 0.000001 0.000003 0.000005 0.000009 0.000016 0.000029 0.000051 0.000089 0.000154 0.000262 0.000439 0.000723 0.001174 0.001879 0.002962 0.004600 0.007036 0.010600 0.015729 0.022988 0.033090 0.046911 0.065496 0.090053 0.121932 0.162578 0.213462 0.275982 0.351345 0.440421 0.543596 0.660615 0.790455 0.931224 1.080125 1.233472 1.386803 1.535061 1.672853 1.794763 1.895705 1.971272 2.018053 2.033893 2.018053 1.971272 1.895705 1.794763 1.672853 1.535061 1.386803 1.233472 1.080125 0.931224 0.790455 0.660615 0.543596 0.440421 0.351345 0.275982 0.213462 0.162578 0.121932 0.090053 0.065496 0.046911 0.033090 0.022988 0.015729 0.010600 0.007036 0.004600 0.002962 0.001879 0.001174 0.000723 0.000439 0.000262 0.000154 0.000089 0.000051 0.000029 0.000016 0.000009 0.000005 0.000003 0.000001 0.000001 0.000000 0.000000 0.000000 0.000000 0.000000 
0.000000 0.000000 0.000000 0.000000 0.000000 0.000001 0.000001 0.000002 0.000004 0.000007 0.000013 0.000024 0.000042 0.000075 0.000132 0.000227 0.000385 0.000643 0.001060 0.001721 0.002753 0.004338 0.006732 0.010292 0.015499 0.022988 0.033584 0.048322 0.068478 0.095570 0.131356 0.177796 0.236987 0.311064 0.402053 0.511702 0.641270 0.791307 0.961437 1.150167 1.354745 1.571101 1.793882 2.016609 2.231940 2.432048 2.609076 2.755646 2.865365 2.933286 2.956284 2.933286 2.865365 2.755646 2.609076 2.432048 2.231940 2.016609 1.793882 1.571101 1.354745 1.150167 0.961437 0.791307 0.641270 0.511702 0.402053 0.311064 0.236987 0.177796 0.131356 0.095570 0.068478 0.048322 0.033584 0.022988 0.015499 0.010292 0.006732 0.004338 0.002753 0.001721 0.001060 0.000643 0.000385 0.000227 0.000132 0.000075 0.000042 0.000024 0.000013 0.000007 0.000004 0.000002 0.000001 0.000001 0.000000 0.000000 0.000000 0.000000 
0.000000 0.000000 0.000000 0.000000 0.000000 0.000001 0.000001 0.000003 0.000005 0.000010 0.000019 0.000034 0.000061 0.000109 0.000190 0.000328 0.000556 0.000930 0.001531 0.002485 0.003972 0.006255 0.009704 0.014828 0.022319 0.033090 0.048322 0.069502 0.098454 0.137356 0.188723 0.255361 0.340269 0.446496 0.576940 0.734091 0.919743 1.134674 1.378336 1.648581 1.941464 2.251156 2.569997 2.888717 3.196817 3.483105 3.736353 3.946015 4.102954 4.200104 4.232997 4.200104 4.102954 3.946015 3.736353 3.483105 3.196817 2.888717 2.569997 2.251156 1.941464 1.648581 1.378336 1.134674 0.919743 0.734091 0.576940 0.446496 0.340269 0.255361 0.188723 0.137356 0.098454 0.069502 0.048322 0.033090 0.022319 0.014828 0.009704 0.006255 0.003972 0.002485 0.001531 0.000930 0.000556 0.000328 0.000190 0.000109 0.000061 0.000034 0.000019 0.000010 0.000005 0.000003 0.000001 0.000001 0.000000 0.000000 0.000000 0.000000 
0.000000 0.000000 0.000000 0.000000 0.000001 0.000001 0.000002 0.000004 0.000008 0.000014 0.000027 0.000049 0.000088 0.000155 0.000271 0.000467 0.000792 0.001323 0.002178 0.003532 0.005644 0.008883 0.013774 0.021039 0.031654 0.046911 0.068478 0.098454 0.139417 0.194436 0.267061 0.361245 0.481216 0.631266 0.815471 1.037334 1.299371 1.602663 1.946425 2.327617 2.740667 3.177351 3.626870 4.076159 4.510428 4.913915 5.270805 5.566253 5.787395 5.924285 5.970632 5.924285 5.787395 5.566253 5.270805 4.913915 4.510428 4.076159 3.626870 3.177351 2.740667 2.327617 1.946425 1.602663 1.299371 1.037334 0.815471 0.631266 0.481216 0.361245 0.267061 0.194436 0.139417 0.098454 0.068478 0.046911 0.031654 0.021039 0.013774 0.008883 0.005644 0.003532 0.002178 0.001323 0.000792 0.000467 0.000271 0.000155 0.000088 0.000049 0.000027 0.000014 0.000008 0.000004 0.000002 0.000001 0.000001 0.000000 0.000000 0.000000 
0.000000 0.000000 0.000000 0.000000 0.000001 0.000002 0.000003 0.000006 0.000011 0.000020 0.000038 0.000069 0.000123 0.000218 0.000381 0.000655 0.001110 0.001854 0.003050 0.004944 0.007896 0.012423 0.019254 0.029397 0.044211 0.065496 0.095570 0.137356 0.194436 0.271079 0.372213 0.503329 0.670294 0.879062 1.135284 1.443811 1.808117 2.229690 2.707419 3.237065 3.810878 4.417429 5.041720 5.665615 6.268587 6.828765 7.324213 7.734338 8.041302 8.231311 8.295641 8.231311 8.041302 7.734338 7.324213 6.828765 6.268587 5.665615 5.041720 4.417429 3.810878 3.237065 2.707419 2.229690 1.808117 1.443811 1.135284 0.879062 0.670294 0.503329 0.372213 0.271079 0.194436 0.137356 0.095570 0.065496 0.044211 0.029397 0.019254 0.012423 0.007896 0.004944 0.003050 0.001854 0.001110 0.000655 0.000381 0.000218 0.000123 0.000069 0.000038 0.000020 0.000011 0.000006 0.000003 0.000002 0.000001 0.000000 0.000000 0.000000 
0.000000 0.000000 0.000000 0.000001 0.000001 0.000002 0.000004 0.000008 0.000015 0.000028 0.000052 0.000095 0.000170 0.000302 0.000526 0.000905 0.001532 0.002558 0.004206 0.006815 0.010879 0.017108 0.026504 0.040450 0.060811 0.090053 0.131356 0.188723 0.267061 0.372213 0.510924 0.690702 0.919571 1.205666 1.556704 1.979300 2.478190 3.055381 3.709332 4.434222 5.219431 6.049316 6.903359 7.756758 8.581451 9.347546 10.025067 10.585876 11.005603 11.265402 11.353361 11.265402 11.005603 10.585876 10.025067 9.347546 8.581451 7.756758 6.903359 6.049316 5.219431 4.434222 3.709332 3.055381 2.478190 1.979300 1.556704 1.205666 0.919571 0.690702 0.510924 0.372213 0.267061 0.188723 0.131356 0.090053 0.060811 0.040450 0.026504 0.017108 0.010879 0.006815 0.004206 0.002558 0.001532 0.000905 0.000526 0.000302 0.000170 0.000095 0.000052 0.000028 0.000015 0.000008 0.000004 0.000002 0.000001 0.000001 0.000000 0.000000 
0.000000 0.000000 0.000000 0.000001 0.000001 0.000003 0.000006 0.000011 0.000020 0.000038 0.000071 0.000129 0.000232 0.000411 0.000716 0.001230 0.002083 0.003474 0.005711 0.009249 0.014758 0.023199 0.035927 0.054809 0.082367 0.121932 0.177796 0.255361 0.361245 0.503329 0.690702 0.933484 1.242475 1.628630 2.102327 2.672459 3.345376 4.123755 5.005486 5.982701 7.041067 8.159491 9.310326 10.460164 11.571213 12.603230 13.515864 14.271241 14.836564 15.186474 15.304939 15.186474 14.836564 14.271241 13.515864 12.603230 11.571213 10.460164 9.310326 8.159491 7.041067 5.982701 5.005486 4.123755 3.345376 2.672459 2.102327 1.628630 1.242475 0.933484 0.690702 0.503329 0.361245 0.255361 0.177796 0.121932 0.082367 0.054809 0.035927 0.023199 0.014758 0.009249 0.005711 0.003474 0.002083 0.001230 0.000716 0.000411 0.000232 0.000129 0.000071 0.000038 0.000020 0.000011 0.000006 0.000003 0.000001 0.000001 0.000001 0.000001 
0.000000 0.000000 0.000001 0.000001 0.000002 0.000004 0.000007 0.000014 0.000027 0.000052 0.000095 0.000173 0.000311 0.000550 0.000959 0.001647 0.002787 0.004647 0.007635 0.012360 0.019714 0.030977 0.047954 0.073130 0.109862 0.162578 0.236987 0.340269 0.481216 0.670294 0.919571 1.242475 1.653336 2.166677 2.796250 3.553828 4.447806 5.481697 6.652663 7.950224 9.355332 10.839975 12.367458 13.893451 15.367828 16.737219 17.948116 18.950309 19.700318 20.164529 20.321689 20.164529 19.700318 18.950309 17.948116 16.737219 15.367828 13.893451 12.367458 10.839975 9.355332 7.950224 6.652663 5.481697 4.447806 3.553828 2.796250 2.166677 1.653336 1.242475 0.919571 0.670294 0.481216 0.340269 0.236987 0.162578 0.109862 0.073130 0.047954 0.030977 0.019714 0.012360 0.007635 0.004647 0.002787 0.001647 0.000959 0.000550 0.000311 0.000173 0.000095 0.000052 0.000027 0.000014 0.000008 0.000004 0.000002 0.000001 0.000001 0.000001 
0.000000 0.000000 0.000001 0.000001 0.000003 0.000005 0.000010 0.000019 0.000036 0.000068 0.000126 0.000229 0.000411 0.000726 0.001264 0.002170 0.003671 0.006119 0.010050 0.016263 0.025928 0.040728 0.063025 0.096081 0.144293 0.213462 0.311064 0.446496 0.631266 0.879062 1.205666 1.628630 2.166677 2.838774 3.662872 4.654325 5.824064 7.176634 8.708277 10.405250 12.242618 14.183741 16.180647 18.175403 20.102516 21.892266 23.474770 24.784454 25.764543 26.371144 26.576508 26.371144 25.764543 24.784454 23.474770 21.892266 20.102516 18.175403 16.180647 14.183741 12.242618 10.405250 8.708277 7.176634 5.824064 4.654325 3.662872 2.838774 2.166677 1.628630 1.205666 0.879062 0.631266 0.446496 0.311064 0.213462 0.144293 0.096081 0.063025 0.040728 0.025928 0.016263 0.010050 0.006119 0.003671 0.002170 0.001264 0.000726 0.000411 0.000229 0.000126 0.000068 0.000036 0.000019 0.000010 0.000005 0.000003 0.000001 0.000001 0.000001 
0.000001 0.000001 0.000001 0.000002 0.000003 0.000007 0.000013 0.000025 0.000047 0.000089 0.000164 0.000297 0.000533 0.000942 0.001641 0.002816 0.004761 0.007933 0.013024 0.021068 0.033577 0.052724 0.081561 0.124299 0.186611 0.275982 0.402053 0.576940 0.815471 1.135284 1.556704 2.102327 2.796250 3.662872 4.725273 6.003179 7.510609 9.253361 11.226536 13.412387 15.778767 18.278474 20.849739 23.417989 25.898939 28.202883 30.239918 31.925691 33.187177 33.967922 34.232239 33.967922 33.187177 31.925691 30.239918 28.202883 25.898939 23.417989 20.849739 18.278474 15.778767 13.412387 11.226536 9.253361 7.510609 6.003179 4.725273 3.662872 2.796250 2.102327 1.556704 1.135284 0.815471 0.576940 0.402053 0.275982 0.186611 0.124299 0.081561 0.052724 0.033577 0.021068 0.013024 0.007933 0.004761 0.002816 0.001641 0.000942 0.000533 0.000297 0.000164 0.000089 0.000047 0.000025 0.000013 0.000007 0.000003 0.000002 0.000001 0.000001 
0.000001 0.000001 0.000001 0.000002 0.000004 0.000008 0.000017 0.000032 0.000061 0.000113 0.000209 0.000381 0.000682 0.001205 0.002097 0.003596 0.006079 0.010125 0.016617 0.026871 0.042811 0.067202 0.103925 0.158333 0.237637 0.351345 0.511702 0.734091 1.037334 1.443811 1.979300 2.672459 3.553828 4.654325 6.003179 7.625350 9.538558 11.750083 14.253646 17.026676 20.028357 23.198804 26.459676 29.716431 32.862234 35.783398 38.366002 40.503172 42.102389 43.092136 43.427207 43.092136 42.102389 40.503172 38.366002 35.783398 32.862234 29.716431 26.459676 23.198804 20.028357 17.026676 14.253646 11.750083 9.538558 7.625350 6.003179 4.654325 3.553828 2.672459 1.979300 1.443811 1.037334 0.734091 0.511702 0.351345 0.237637 0.158333 0.103925 0.067202 0.042811 0.026871 0.016617 0.010125 0.006079 0.003596 0.002097 0.001205 0.000682 0.000381 0.000209 0.000113 0.000061 0.000032 0.000017 0.000009 0.000004 0.000002 0.000002 0.000002 
0.000001 0.000001 0.000001 0.000003 0.000005 0.000011 0.000021 0.000040 0.000076 0.000143 0.000264 0.000479 0.000859 0.001516 0.002637 0.004522 0.007641 0.012723 0.020873 0.033742 0.053742 0.084334 0.130382 0.198583 0.297964 0.440421 0.641270 0.919743 1.299371 1.808117 2.478190 3.345376 4.447806 5.824064 7.510609 9.538558 11.929966 14.693847 17.822278 21.286994 25.036957 28.997339 33.070291 37.137755 41.066356 44.714188 47.939070 50.607627 52.604412 53.840185 54.258541 53.840185 52.604412 50.607627 47.939070 44.714188 41.066356 37.137755 33.070291 28.997339 25.036957 21.286994 17.822278 14.693847 11.929966 9.538558 7.510609 5.824064 4.447806 3.345376 2.478190 1.808117 1.299371 0.919743 0.641270 0.440421 0.297964 0.198583 0.130382 0.084334 0.053742 0.033742 0.020873 0.012723 0.007641 0.004522 0.002637 0.001516 0.000859 0.000479 0.000264 0.000143 0.000076 0.000040 0.000021 0.000011 0.000006 0.000003 0.000002 0.000002 
0.000001 0.000001 0.000002 0.000003 0.000007 0.000013 0.000026 0.000050 0.000095 0.000177 0.000327 0.000594 0.001064 0.001878 0.003266 0.005598 0.009456 0.015739 0.025813 0.041715 0.066421 0.104200 0.161050 0.245228 0.367857 0.543596 0.791307 1.134674 1.602663 2.229690 3.055381 4.123755 5.481697 7.176634 9.253361 11.750083 14.693847 18.095650 21.945650 26.208996 30.822842 35.695100 40.705403 45.708561 50.540579 55.026997 58.993038 62.274769 64.730296 66.249946 66.764401 66.249946 64.730296 62.274769 58.993038 55.026997 50.540579 45.708561 40.705403 35.695100 30.822842 26.208996 21.945650 18.095650 14.693847 11.750083 9.253361 7.176634 5.481697 4.123755 3.055381 2.229690 1.602663 1.134674 0.791307 0.543596 0.367857 0.245228 0.161050 0.104200 0.066421 0.041715 0.025813 0.015739 0.009456 0.005598 0.003266 0.001878 0.001064 0.000594 0.000327 0.000177 0.000095 0.000050 0.000026 0.000013 0.000007 0.000004 0.000002 0.000002 
0.000001 0.000001 0.000002 0.000004 0.000008 0.000016 0.000032 0.000061 0.000116 0.000217 0.000399 0.000725 0.001298 0.002290 0.003981 0.006821 0.011519 0.019167 0.031426 0.050771 0.080819 0.126754 0.195859 0.298157 0.447148 0.660615 0.961437 1.378336 1.946425 2.707419 3.709332 5.005486 6.652663 8.708277 11.226536 14.253646 17.822278 21.945650 26.611736 31.778220 37.368893 43.272150 49.342165 55.403081 61.256300 66.690583 71.494328 75.469076 78.443067 80.283545 80.906605 80.283545 78.443067 75.469076 71.494328 66.690583 61.256300 55.403081 49.342165 43.272150 37.368893 31.778220 26.611736 21.945650 17.822278 14.253646 11.226536 8.708277 6.652663 5.005486 3.709332 2.707419 1.946425 1.378336 0.961437 0.660615 0.447148 0.298157 0.195859 0.126754 0.080819 0.050771 0.031426 0.019167 0.011519 0.006821 0.003981 0.002290 0.001298 0.000725 0.000399 0.000217 0.000116 0.000061 0.000032 0.000016 0.000008 0.000005 0.000003 0.000003 
0.000002 0.000002 0.000003 0.000005 0.000010 0.000020 0.000038 0.000073 0.000139 0.000260 0.000480 0.000871 0.001558 0.002748 0.004777 0.008182 0.013813 0.022978 0.037665 0.060835 0.096814 0.151802 0.234508 0.356912 0.535146 0.790455 1.150167 1.648581 2.327617 3.237065 4.434222 5.982701 7.950224 10.405250 13.412387 17.026676 21.286994 26.208996 31.778220 37.944076 44.615558 51.659463 58.901799 66.132793 73.115584 79.598263 85.328518 90.069726 93.617109 95.812399 96.555567 95.812399 93.617109 90.069726 85.328518 79.598263 73.115584 66.132793 58.901799 51.659463 44.615558 37.944076 31.778220 26.208996 21.286994 17.026676 13.412387 10.405250 7.950224 5.982701 4.434222 3.237065 2.327617 1.648581 1.150167 0.790455 0.535146 0.356912 0.234508 0.151802 0.096814 0.060835 0.037665 0.022978 0.013813 0.008182 0.004777 0.002748 0.001558 0.000871 0.000480 0.000260 0.000139 0.000073 0.000038 0.000020 0.000010 0.000005 0.000004 0.000004 
0.000002 0.000002 0.000003 0.000006 0.000012 0.000023 0.000045 0.000087 0.000165 0.000308 0.000567 0.001029 0.001841 0.003246 0.005641 0.009661 0.016305 0.027117 0.044440 0.071760 0.114174 0.178983 0.276438 0.420639 0.630570 0.931224 1.354745 1.941464 2.740667 3.810878 5.219431 7.041067 9.355332 12.242618 15.778767 20.028357 25.036957 30.822842 37.368893 44.615558 52.455818 60.733112 69.242994 77.739028 85.942995 93.559038 100.290852 105.860580 110.027766 112.606579 113.479575 112.606579 110.027766 105.860580 100.290852 93.559038 85.942995 77.739028 69.242994 60.733112 52.455818 44.615558 37.368893 30.822842 25.036957 20.028357 15.778767 12.242618 9.355332 7.041067 5.219431 3.810878 2.740667 1.941464 1.354745 0.931224 0.630570 0.420639 0.276438 0.178983 0.114174 0.071760 0.044440 0.027117 0.016305 0.009661 0.005641 0.003246 0.001841 0.001029 0.000567 0.000308 0.000165 0.000087 0.000045 0.000023 0.000012 0.000007 0.000004 0.000004 
0.000002 0.000002 0.000004 0.000007 0.000014 0.000027 0.000053 0.000101 0.000192 0.000358 0.000660 0.001197 0.002142 0.003775 0.006559 0.011229 0.018947 0.031503 0.051616 0.083330 0.132555 0.207755 0.320814 0.488072 0.731525 1.080125 1.571101 2.251156 3.177351 4.417429 6.049316 8.159491 10.839975 14.183741 18.278474 23.198804 28.997339 35.695100 43.272150 51.659463 60.733112 70.311881 80.159195 89.989937 99.482267 108.293978 116.082371 122.526104 127.347109 130.330488 131.340432 130.330488 127.347109 122.526104 116.082371 108.293978 99.482267 89.989937 80.159195 70.311881 60.733112 51.659463 43.272150 35.695100 28.997339 23.198804 18.278474 14.183741 10.839975 8.159491 6.049316 4.417429 3.177351 2.251156 1.571101 1.080125 0.731525 0.488072 0.320814 0.207755 0.132555 0.083330 0.051616 0.031503 0.018947 0.011229 0.006559 0.003775 0.002142 0.001197 0.000660 0.000358 0.000192 0.000101 0.000053 0.000027 0.000014 0.000008 0.000005 0.000005 
0.000003 0.000003 0.000004 0.000008 0.000016 0.000031 0.000060 0.000116 0.000220 0.000411 0.000756 0.001371 0.002452 0.004321 0.007505 0.012847 0.021672 0.036027 0.059016 0.095258 0.151502 0.237408 0.366539 0.557543 0.835512 1.233472 1.793882 2.569997 3.626870 5.041720 6.903359 9.310326 12.367458 16.180647 20.849739 26.459676 33.070291 40.705403 49.342165 58.901799 69.242994 80.159195 91.380807 102.582978 113.399057 123.439225 132.313137 139.654792 145.147491 148.546493 149.697128 148.546493 145.147491 139.654792 132.313137 123.439225 113.399057 102.582978 91.380807 80.159195 69.242994 58.901799 49.342165 40.705403 33.070291 26.459676 20.849739 16.180647 12.367458 9.310326 6.903359 5.041720 3.626870 2.569997 1.793882 1.233472 0.835512 0.557543 0.366539 0.237408 0.151502 0.095258 0.059016 0.036027 0.021672 0.012847 0.007505 0.004321 0.002452 0.001371 0.000756 0.000411 0.000220 0.000116 0.000061 0.000031 0.000016 0.000009 0.000006 0.000006 
