0.000000 0.000000 0.000000 0.000000 0.000000 0.000000 0.000000 0.000000 0.000000 0.000000 0.000000 0.000000 0.000000 0.000000 0.000000 0.000000 0.000000 0.000000 0.000000 0.000000 0.000000 0.000000 0.000000 0.000000 0.000000 0.000000 0.000000 0.000000 0.000000 0.000000 0.000000 0.000000 0.000001 0.000001 0.000001 0.000001 0.000001 0.000002 0.000002 0.000003 0.000003 0.000004 0.000004 0.000005 0.000005 0.000006 0.000006 0.000006 0.000007 0.000007 0.000007 0.000007 0.000007 0.000006 0.000006 0.000006 0.000005 0.000005 0.000004 0.000004 0.000003 0.000003 0.000002 0.000002 0.000001 0.000001 0.000001 0.000001 0.000001 0.000000 0.000000 0.000000 0.000000 0.000000 0.000000 0.000000 0.000000 0.000000 0.000000 0.000000 0.000000 0.000000 0.000000 0.000000 0.000000 0.000000 0.000000 0.000000 0.000000 0.000000 0.000000 0.000000 0.000000 0.000000 0.000000 0.000000 0.000000 0.000000 0.000000 0.000000 
0.000000 0.000000 0.000000 0.000000 0.000000 0.000000 0.000000 0.000000 0.000000 0.000000 0.000000 0.000000 0.000000 0.000000 0.000000 0.000000 0.000000 0.000000 0.000000 0.000000 0.000000 0.000000 0.000000 0.000000 0.000000 0.000000 0.000000 0.000000 0.000000 0.000000 0.000000 0.000000 0.000001 0.000001 0.000001 0.000001 0.000001 0.000002 0.000002 0.000003 0.000003 0.000004 0.000004 0.000005 0.000005 0.000006 0.000006 0.000006 0.000007 0.000007 0.000007 0.000007 0.000007 0.000006 0.000006 0.000006 0.000005 0.000005 0.000004 0.000004 0.000003 0.000003 0.000002 0.000002 0.000001 0.000001 0.000001 0.000001 0.000001 0.000000 0.000000 0.000000 0.000000 0.000000 0.000000 0.000000 0.000000 0.000000 0.000000 0.000000 0.000000 0.000000 0.000000 0.000000 0.000000 0.000000 0.000000 0.000000 0.000000 0.000000 0.000000 0.000000 0.000000 0.000000 0.000000 0.000000 0.000000 0.000000 0.000000 0.000000 
0.000000 0.000000 0.000000 0.000000 0.000000 0.000000 0.000000 0.000000 0.000000 0.000000 0.000000 0.000000 0.000000 0.000000 0.000000 0.000000 0.000000 0.000000 0.000000 0.000000 0.000000 0.000000 0.000000 0.000000 0.000000 0.000000 0.000000 0.000000 0.000000 0.000000 0.000000 0.000001 0.000001 0.000001 0.000001 0.000002 0.000002 0.000003 0.000003 0.000004 0.000005 0.000006 0.000006 0.000007 0.000008 0.000009 0.000009 0.000010 0.000010 0.000010 0.000011 0.000010 0.000010 0.000010 0.000009 0.000009 0.000008 0.000007 0.000006 0.000006 0.000005 0.000004 0.000003 0.000003 0.000002 0.000002 0.000001 0.000001 0.000001 0.000001 0.000000 0.000000 0.000000 0.000000 0.000000 0.000000 0.000000 0.000000 0.000000 0.000000 0.000000 0.000000 0.000000 0.000000 0.000000 0.000000 0.000000 0.000000 0.000000 0.000000 0.000000 0.000000 0.000000 0.000000 0.000000 0.000000 0.000000 0.000000 0.000000 0.000000 
0.000000 0.000000 0.000000 0.000000 0.000000 0.000000 0.000000 0.000000 0.000000 0.000000 0.000000 0.000000 0.000000 0.000000 0.000000 0.000000 0.000000 0.000000 0.000000 0.000000 0.000000 0.000000 0.000000 0.000000 0.000000 0.000000 0.000000 0.000000 0.000000 0.000001 0.000001 0.000001 0.000002 0.000002 0.000003 0.000003 0.000004 0.000005 0.000006 0.000007 0.000009 0.000010 0.000012 0.000013 0.000015 0.000016 0.000017 0.000018 0.000019 0.000019 0.000019 0.000019 0.000019 0.000018 0.000017 0.000016 0.000015 0.000013 0.000012 0.000010 0.000009 0.000007 0.000006 0.000005 0.000004 0.000003 0.000003 0.000002 0.000002 0.000001 0.000001 0.000001 0.000000 0.000000 0.000000 0.000000 0.000000 0.000000 0.000000 0.000000 0.000000 0.000000 0.000000 0.000000 0.000000 0.000000 0.000000 0.000000 0.000000 0.000000 0.000000 0.000000 0.000000 0.000000 0.000000 0.000000 0.000000 0.000000 0.000000 0.000000 
0.000000 0.000000 0.000000 0.000000 0.000000 0.000000 0.000000 0.000000 0.000000 0.000000 0.000000 0.000000 0.000000 0.000000 0.000000 0.000000 0.000000 0.000000 0.000000 0.000000 0.000000 0.000000 0.000000 0.000000 0.000000 0.000000 0.000000 0.000001 0.000001 0.000001 0.000002 0.000002 0.000003 0.000004 0.000005 0.000006 0.000008 0.000010 0.000012 0.000015 0.000017 0.000020 0.000023 0.000026 0.000028 0.000031 0.000033 0.000035 0.000036 0.000037 0.000038 0.000037 0.000036 0.000035 0.000033 0.000031 0.000028 0.000026 0.000023 0.000020 0.000017 0.000015 0.000012 0.000010 0.000008 0.000006 0.000005 0.000004 0.000003 0.000002 0.000002 0.000001 0.000001 0.000001 0.000000 0.000000 0.000000 0.000000 0.000000 0.000000 0.000000 0.000000 0.000000 0.000000 0.000000 0.000000 0.000000 0.000000 0.000000 0.000000 0.000000 0.000000 0.000000 0.000000 0.000000 0.000000 0.000000 0.000000 0.000000 0.000000 
0.000000 0.000000 0.000000 0.000000 0.000000 0.000000 0.000000 0.000000 0.000000 0.000000 0.000000 0.000000 0.000000 0.000000 0.000000 0.000000 0.000000 0.000000 0.000000 0.000000 0.000000 0.000000 0.000000 0.000000 0.000000 0.000001 0.000001 0.000001 0.000002 0.000002 0.000003 0.000004 0.000006 0.000008 0.000010 0.000012 0.000016 0.000019 0.000023 0.000028 0.000033 0.000039 0.000044 0.000049 0.000055 0.000060 0.000064 0.000068 0.000070 0.000072 0.000073 0.000072 0.000070 0.000068 0.000064 0.000060 0.000055 0.000049 0.000044 0.000039 0.000033 0.000028 0.000023 0.000019 0.000016 0.000012 0.000010 0.000008 0.000006 0.000004 0.000003 0.000002 0.000002 0.000001 0.000001 0.000001 0.000000 0.000000 0.000000 0.000000 0.000000 0.000000 0.000000 0.000000 0.000000 0.000000 0.000000 0.000000 0.000000 0.000000 0.000000 0.000000 0.000000 0.000000 0.000000 0.000000 0.000000 0.000000 0.000000 0.000000 
0.000000 0.000000 0.000000 0.000000 0.000000 0.000000 0.000000 0.000000 0.000000 0.000000 0.000000 0.000000 0.000000 0.000000 0.000000 0.000000 0.000000 0.000000 0.000000 0.000000 0.000000 0.000000 0.000000 0.000000 0.000001 0.000001 0.000002 0.000002 0.000003 0.000004 0.000006 0.000008 0.000011 0.000015 0.000019 0.000024 0.000030 0.000037 0.000045 0.000054 0.000064 0.000074 0.000084 0.000095 0.000105 0.000115 0.000123 0.000130 0.000135 0.000138 0.000139 0.000138 0.000135 0.000130 0.000123 0.000115 0.000105 0.000095 0.000084 0.000074 0.000064 0.000054 0.000045 0.000037 0.000030 0.000024 0.000019 0.000015 0.000011 0.000008 0.000006 0.000004 0.000003 0.000002 0.000002 0.000001 0.000001 0.000000 0.000000 0.000000 0.000000 0.000000 0.000000 0.000000 0.000000 0.000000 0.000000 0.000000 0.000000 0.000000 0.000000 0.000000 0.000000 0.000000 0.000000 0.000000 0.000000 0.000000 0.000000 0.000000 
0.000000 0.000000 0.000000 0.000000 0.000000 0.000000 0.000000 0.000000 0.000000 0.000000 0.000000 0.000000 0.000000 0.000000 0.000000 0.000000 0.000000 0.000000 0.000000 0.000000 0.000000 0.000000 0.000001 0.000001 0.000001 0.000002 0.000003 0.000004 0.000006 0.000008 0.000012 0.000016 0.000021 0.000028 0.000036 0.000045 0.000057 0.000070 0.000085 0.000102 0.000120 0.000140 0.000160 0.000180 0.000199 0.000217 0.000232 0.000245 0.000255 0.000261 0.000263 0.000261 0.000255 0.000245 0.000232 0.000217 0.000199 0.000180 0.000160 0.000140 0.000120 0.000102 0.000085 0.000070 0.000057 0.000045 0.000036 0.000028 0.000021 0.000016 0.000012 0.000008 0.000006 0.000004 0.000003 0.000002 0.000001 0.000001 0.000001 0.000000 0.000000 0.000000 0.000000 0.000000 0.000000 0.000000 0.000000 0.000000 0.000000 0.000000 0.000000 0.000000 0.000000 0.000000 0.000000 0.000000 0.000000 0.000000 0.000000 0.000000 
0.000000 0.000000 0.000000 0.000000 0.000000 0.000000 0.000000 0.000000 0.000000 0.000000 0.000000 0.000000 0.000000 0.000000 0.000000 0.000000 0.000000 0.000000 0.000000 0.000000 0.000000 0.000001 0.000001 0.000002 0.000003 0.000004 0.000006 0.000008 0.000011 0.000016 0.000022 0.000029 0.000039 0.000052 0.000067 0.000085 0.000106 0.000131 0.000160 0.000191 0.000225 0.000261 0.000298 0.000335 0.000371 0.000404 0.000433 0.000458 0.000476 0.000487 0.000491 0.000487 0.000476 0.000458 0.000433 0.000404 0.000371 0.000335 0.000298 0.000261 0.000225 0.000191 0.000160 0.000131 0.000106 0.000085 0.000067 0.000052 0.000039 0.000029 0.000022 0.000016 0.000011 0.000008 0.000006 0.000004 0.000003 0.000002 0.000001 0.000001 0.000000 0.000000 0.000000 0.000000 0.000000 0.000000 0.000000 0.000000 0.000000 0.000000 0.000000 0.000000 0.000000 0.000000 0.000000 0.000000 0.000000 0.000000 0.000000 0.000000 
0.000000 0.000000 0.000000 0.000000 0.000000 0.000000 0.000000 0.000000 0.000000 0.000000 0.000000 0.000000 0.000000 0.000000 0.000000 0.000000 0.000000 0.000000 0.000000 0.000001 0.000001 0.000001 0.000002 0.000003 0.000005 0.000007 0.000010 0.000015 0.000021 0.000029 0.000040 0.000054 0.000073 0.000095 0.000123 0.000157 0.000196 0.000242 0.000294 0.000352 0.000414 0.000480 0.000548 0.000616 0.000682 0.000743 0.000797 0.000842 0.000876 0.000896 0.000903 0.000896 0.000876 0.000842 0.000797 0.000743 0.000682 0.000616 0.000548 0.000480 0.000414 0.000352 0.000294 0.000242 0.000196 0.000157 0.000123 0.000095 0.000073 0.000054 0.000040 0.000029 0.000021 0.000015 0.000010 0.000007 0.000005 0.000003 0.000002 0.000001 0.000001 0.000001 0.000000 0.000000 0.000000 0.000000 0.000000 0.000000 0.000000 0.000000 0.000000 0.000000 0.000000 0.000000 0.000000 0.000000 0.000000 0.000000 0.000000 0.000000 
0.000000 0.000000 0.000000 0.000000 0.000000 0.000000 0.000000 0.000000 0.000000 0.000000 0.000000 0.000000 0.000000 0.000000 0.000000 0.000000 0.000000 0.000000 0.000001 0.000001 0.000002 0.000002 0.000004 0.000006 0.000009 0.000013 0.000019 0.000027 0.000038 0.000053 0.000073 0.000099 0.000132 0.000173 0.000224 0.000285 0.000357 0.000440 0.000534 0.000639 0.000752 0.000872 0.000995 0.001118 0.001238 0.001348 0.001446 0.001527 0.001588 0.001625 0.001638 0.001625 0.001588 0.001527 0.001446 0.001348 0.001238 0.001118 0.000995 0.000872 0.000752 0.000639 0.000534 0.000440 0.000357 0.000285 0.000224 0.000173 0.000132 0.000099 0.000073 0.000053 0.000038 0.000027 0.000019 0.000013 0.000009 0.000006 0.000004 0.000002 0.000002 0.000001 0.000001 0.000000 0.000000 0.000000 0.000000 0.000000 0.000000 0.000000 0.000000 0.000000 0.000000 0.000000 0.000000 0.000000 0.000000 0.000000 0.000000 0.000000 
0.000000 0.000000 0.000000 0.000000 0.000000 0.000000 0.000000 0.000000 0.000000 0.000000 0.000000 0.000000 0.000000 0.000000 0.000000 0.000000 0.000000 0.000001 0.000001 0.000002 0.000003 0.000004 0.000007 0.000010 0.000016 0.000023 0.000034 0.000049 0.000069 0.000096 0.000132 0.000178 0.000237 0.000311 0.000402 0.000511 0.000639 0.000788 0.000957 0.001144 0.001347 0.001561 0.001781 0.002001 0.002214 0.002411 0.002586 0.002730 0.002839 0.002906 0.002928 0.002906 0.002839 0.002730 0.002586 0.002411 0.002214 0.002001 0.001781 0.001561 0.001347 0.001144 0.000957 0.000788 0.000639 0.000511 0.000402 0.000311 0.000237 0.000178 0.000132 0.000096 0.000069 0.000049 0.000034 0.000023 0.000016 0.000010 0.000007 0.000004 0.000003 0.000002 0.000001 0.000001 0.000000 0.000000 0.000000 0.000000 0.000000 0.000000 0.000000 0.000000 0.000000 0.000000 0.000000 0.000000 0.000000 0.000000 0.000000 0.000000 
0.000000 0.000000 0.000000 0.000000 0.000000 0.000000 0.000000 0.000000 0.000000 0.000000 0.000000 0.000000 0.000000 0.000000 0.000000 0.000000 0.000001 0.000001 0.000002 0.000003 0.000005 0.000008 0.000012 0.000019 0.000028 0.000041 0.000060 0.000086 0.000122 0.000170 0.000234 0.000316 0.000420 0.000551 0.000710 0.000903 0.001130 0.001393 0.001690 0.002020 0.002377 0.002754 0.003142 0.003529 0.003904 0.004252 0.004559 0.004814 0.005004 0.005122 0.005162 0.005122 0.005004 0.004814 0.004559 0.004252 0.003904 0.003529 0.003142 0.002754 0.002377 0.002020 0.001690 0.001393 0.001130 0.000903 0.000710 0.000551 0.000420 0.000316 0.000234 0.000170 0.000122 0.000086 0.000060 0.000041 0.000028 0.000019 0.000012 0.000008 0.000005 0.000003 0.000002 0.000001 0.000001 0.000000 0.000000 0.000000 0.000000 0.000000 0.000000 0.000000 0.000000 0.000000 0.000000 0.000000 0.000000 0.000000 0.000000 0.000000 
0.000000 0.000000 0.000000 0.000000 0.000000 0.000000 0.000000 0.000000 0.000000 0.000000 0.000000 0.000000 0.000000 0.000000 0.000000 0.000001 0.000001 0.000002 0.000003 0.000006 0.000009 0.000014 0.000021 0.000033 0.000049 0.000072 0.000105 0.000151 0.000214 0.000298 0.000408 0.000551 0.000733 0.000960 0.001239 0.001574 0.001969 0.002426 0.002943 0.003516 0.004136 0.004791 0.005465 0.006138 0.006788 0.007392 0.007925 0.008367 0.008698 0.008902 0.008971 0.008902 0.008698 0.008367 0.007925 0.007392 0.006788 0.006138 0.005465 0.004791 0.004136 0.003516 0.002943 0.002426 0.001969 0.001574 0.001239 0.000960 0.000733 0.000551 0.000408 0.000298 0.000214 0.000151 0.000105 0.000072 0.000049 0.000033 0.000021 0.000014 0.000009 0.000006 0.000003 0.000002 0.000001 0.000001 0.000000 0.000000 0.000000 0.000000 0.000000 0.000000 0.000000 0.000000 0.000000 0.000000 0.000000 0.000000 0.000000 0.000000 
0.000000 0.000000 0.000000 0.000000 0.000000 0.000000 0.000000 0.000000 0.000000 0.000000 0.000000 0.000000 0.000000 0.000000 0.000001 0.000001 0.000002 0.000004 0.000006 0.000010 0.000015 0.000024 0.000037 0.000056 0.000085 0.000125 0.000182 0.000261 0.000368 0.000513 0.000703 0.000949 0.001261 0.001651 0.002129 0.002704 0.003382 0.004165 0.005051 0.006033 0.007095 0.008217 0.009371 0.010523 0.011636 0.012669 0.013582 0.014338 0.014903 0.015253 0.015372 0.015253 0.014903 0.014338 0.013582 0.012669 0.011636 0.010523 0.009371 0.008217 0.007095 0.006033 0.005051 0.004165 0.003382 0.002704 0.002129 0.001651 0.001261 0.000949 0.000703 0.000513 0.000368 0.000261 0.000182 0.000125 0.000085 0.000056 0.000037 0.000024 0.000015 0.000010 0.000006 0.000004 0.000002 0.000001 0.000001 0.000000 0.000000 0.000000 0.000000 0.000000 0.000000 0.000000 0.000000 0.000000 0.000000 0.000000 0.000000 0.000000 
0.000000 0.000000 0.000000 0.000000 0.000000 0.000000 0.000000 0.000000 0.000000 0.000000 0.000000 0.000000 0.000000 0.000001 0.000001 0.000002 0.000004 0.000006 0.000010 0.000016 0.000026 0.000041 0.000063 0.000096 0.000144 0.000213 0.000309 0.000443 0.000626 0.000871 0.001193 0.001609 0.002138 0.002799 0.003607 0.004579 0.005725 0.007049 0.008547 0.010205 0.011999 0.013894 0.015841 0.017786 0.019663 0.021407 0.022948 0.024222 0.025176 0.025767 0.025966 0.025767 0.025176 0.024222 0.022948 0.021407 0.019663 0.017786 0.015841 0.013894 0.011999 0.010205 0.008547 0.007049 0.005725 0.004579 0.003607 0.002799 0.002138 0.001609 0.001193 0.000871 0.000626 0.000443 0.000309 0.000213 0.000144 0.000096 0.000063 0.000041 0.000026 0.000016 0.000010 0.000006 0.000004 0.000002 0.000001 0.000001 0.000000 0.000000 0.000000 0.000000 0.000000 0.000000 0.000000 0.000000 0.000000 0.000000 0.000000 0.000000 
0.000000 0.000000 0.000000 0.000000 0.000000 0.000000 0.000000 0.000000 0.000000 0.000000 0.000000 0.000000 0.000001 0.000001 0.000002 0.000004 0.000006 0.000010 0.000017 0.000028 0.000044 0.000069 0.000106 0.000161 0.000241 0.000356 0.000518 0.000743 0.001048 0.001457 0.001995 0.002691 0.003574 0.004676 0.006025 0.007646 0.009556 0.011761 0.014256 0.017018 0.020005 0.023158 0.026399 0.029634 0.032758 0.035657 0.038220 0.040340 0.041926 0.042908 0.043240 0.042908 0.041926 0.040340 0.038220 0.035657 0.032758 0.029634 0.026399 0.023158 0.020005 0.017018 0.014256 0.011761 0.009556 0.007646 0.006025 0.004676 0.003574 0.002691 0.001995 0.001457 0.001048 0.000743 0.000518 0.000356 0.000241 0.000161 0.000106 0.000069 0.000044 0.000028 0.000017 0.000010 0.000006 0.000004 0.000002 0.000001 0.000001 0.000000 0.000000 0.000000 0.000000 0.000000 0.000000 0.000000 0.000000 0.000000 0.000000 0.000000 
0.000000 0.000000 0.000000 0.000000 0.000000 0.000000 0.000000 0.000000 0.000000 0.000000 0.000000 0.000001 0.000001 0.000002 0.000004 0.000006 0.000010 0.000017 0.000028 0.000046 0.000073 0.000114 0.000175 0.000267 0.000399 0.000589 0.000856 0.001226 0.001730 0.002404 0.003290 0.004435 0.005888 0.007700 0.009918 0.012582 0.015720 0.019343 0.023440 0.027973 0.032876 0.038049 0.043366 0.048673 0.053796 0.058550 0.062752 0.066228 0.068828 0.070437 0.070981 0.070437 0.068828 0.066228 0.062752 0.058550 0.053796 0.048673 0.043366 0.038049 0.032876 0.027973 0.023440 0.019343 0.015720 0.012582 0.009918 0.007700 0.005888 0.004435 0.003290 0.002404 0.001730 0.001226 0.000856 0.000589 0.000399 0.000267 0.000175 0.000114 0.000073 0.000046 0.000028 0.000017 0.000010 0.000006 0.000004 0.000002 0.000001 0.000001 0.000000 0.000000 0.000000 0.000000 0.000000 0.000000 0.000000 0.000000 0.000000 0.000000 
0.000000 0.000000 0.000000 0.000000 0.000000 0.000000 0.000000 0.000000 0.000000 0.000000 0.000001 0.000001 0.000002 0.000003 0.000006 0.000010 0.000017 0.000028 0.000046 0.000075 0.000119 0.000186 0.000286 0.000435 0.000651 0.000960 0.001395 0.001996 0.002814 0.003908 0.005346 0.007204 0.009561 0.012499 0.016094 0.020410 0.025492 0.031358 0.037989 0.045324 0.053255 0.061623 0.070221 0.078802 0.087083 0.094768 0.101559 0.107176 0.111378 0.113978 0.114858 0.113978 0.111378 0.107176 0.101559 0.094768 0.087083 0.078802 0.070221 0.061623 0.053255 0.045324 0.037989 0.031358 0.025492 0.020410 0.016094 0.012499 0.009561 0.007204 0.005346 0.003908 0.002814 0.001996 0.001395 0.000960 0.000651 0.000435 0.000286 0.000186 0.000119 0.000075 0.000046 0.000028 0.000017 0.000010 0.000006 0.000003 0.000002 0.000001 0.000001 0.000000 0.000000 0.000000 0.000000 0.000000 0.000000 0.000000 0.000000 0.000000 
0.000000 0.000000 0.000000 0.000000 0.000000 0.000000 0.000000 0.000000 0.000000 0.000001 0.000001 0.000002 0.000003 0.000006 0.000010 0.000016 0.000028 0.000046 0.000075 0.000120 0.000191 0.000299 0.000460 0.000699 0.001046 0.001541 0.002238 0.003201 0.004511 0.006262 0.008563 0.011534 0.015302 0.019997 0.025739 0.032631 0.040744 0.050105 0.060684 0.072385 0.085032 0.098374 0.112080 0.125755 0.138952 0.151197 0.162016 0.170964 0.177657 0.181799 0.183201 0.181799 0.177657 0.170964 0.162016 0.151197 0.138952 0.125755 0.112080 0.098374 0.085032 0.072385 0.060684 0.050105 0.040744 0.032631 0.025739 0.019997 0.015302 0.011534 0.008563 0.006262 0.004511 0.003201 0.002238 0.001541 0.001046 0.000699 0.000460 0.000299 0.000191 0.000120 0.000075 0.000046 0.000028 0.000016 0.000010 0.000006 0.000003 0.000002 0.000001 0.000001 0.000000 0.000000 0.000000 0.000000 0.000000 0.000000 0.000000 0.000000 
0.000000 0.000000 0.000000 0.000000 0.000000 0.000000 0.000000 0.000000 0.000000 0.000001 0.000002 0.000003 0.000005 0.000009 0.000015 0.000026 0.000044 0.000073 0.000119 0.000191 0.000303 0.000473 0.000729 0.001107 0.001655 0.002438 0.003539 0.005060 0.007127 0.009889 0.013517 0.018200 0.024137 0.031531 0.040572 0.051419 0.064184 0.078908 0.095546 0.113941 0.133821 0.154787 0.176322 0.197805 0.218534 0.237766 0.254756 0.268807 0.279317 0.285819 0.288020 0.285819 0.279317 0.268807 0.254756 0.237766 0.218534 0.197805 0.176322 0.154787 0.133821 0.113941 0.095546 0.078908 0.064184 0.051419 0.040572 0.031531 0.024137 0.018200 0.013517 0.009889 0.007127 0.005060 0.003539 0.002438 0.001655 0.001107 0.000729 0.000473 0.000303 0.000191 0.000119 0.000073 0.000044 0.000026 0.000015 0.000009 0.000005 0.000003 0.000002 0.000001 0.000000 0.000000 0.000000 0.000000 0.000000 0.000000 0.000000 0.000000 
0.000000 0.000000 0.000000 0.000000 0.000000 0.000000 0.000000 0.000000 0.000001 0.000001 0.000002 0.000004 0.000008 0.000014 0.000024 0.000041 0.000069 0.000114 0.000186 0.000299 0.000473 0.000740 0.001139 0.001728 0.002582 0.003802 0.005515 0.007882 0.011097 0.015391 0.021029 0.028302 0.037522 0.049000 0.063028 0.079854 0.099650 0.122479 0.148266 0.176771 0.207570 0.240046 0.273397 0.306662 0.338755 0.368527 0.394825 0.416573 0.432839 0.442902 0.446308 0.442902 0.432839 0.416573 0.394825 0.368527 0.338755 0.306662 0.273397 0.240046 0.207570 0.176771 0.148266 0.122479 0.099650 0.079854 0.063028 0.049000 0.037522 0.028302 0.021029 0.015391 0.011097 0.007882 0.005515 0.003802 0.002582 0.001728 0.001139 0.000740 0.000473 0.000299 0.000186 0.000114 0.000069 0.000041 0.000024 0.000014 0.000008 0.000004 0.000002 0.000001 0.000001 0.000000 0.000000 0.000000 0.000000 0.000000 0.000000 0.000000 
0.000000 0.000000 0.000000 0.000000 0.000000 0.000000 0.000000 0.000001 0.000001 0.000002 0.000004 0.000007 0.000012 0.000021 0.000037 0.000063 0.000106 0.000175 0.000286 0.000460 0.000729 0.001139 0.001752 0.002657 0.003968 0.005841 0.008469 0.012098 0.017026 0.023605 0.032239 0.043374 0.057483 0.075042 0.096496 0.122221 0.152477 0.187359 0.226753 0.270288 0.317317 0.366897 0.417805 0.468573 0.517547 0.562972 0.603094 0.636272 0.661084 0.676435 0.681630 0.676435 0.661084 0.636272 0.603094 0.562972 0.517547 0.468573 0.417805 0.366897 0.317317 0.270288 0.226753 0.187359 0.152477 0.122221 0.096496 0.075042 0.057483 0.043374 0.032239 0.023605 0.017026 0.012098 0.008469 0.005841 0.003968 0.002657 0.001752 0.001139 0.000729 0.000460 0.000286 0.000175 0.000106 0.000063 0.000037 0.000021 0.000012 0.000007 0.000004 0.000002 0.000001 0.000001 0.000000 0.000000 0.000000 0.000000 0.000000 0.000000 
0.000000 0.000000 0.000000 0.000000 0.000000 0.000000 0.000000 0.000001 0.000002 0.000003 0.000006 0.000010 0.000019 0.000033 0.000056 0.000096 0.000161 0.000267 0.000435 0.000699 0.001107 0.001728 0.002657 0.004026 0.006011 0.008842 0.012815 0.018299 0.025742 0.035675 0.048705 0.065505 0.086784 0.113256 0.145591 0.184352 0.229927 0.282458 0.341767 0.407299 0.478075 0.552676 0.629263 0.705627 0.779283 0.847594 0.907926 0.957811 0.995116 1.018195 1.026006 1.018195 0.995116 0.957811 0.907926 0.847594 0.779283 0.705627 0.629263 0.552676 0.478075 0.407299 0.341767 0.282458 0.229927 0.184352 0.145591 0.113256 0.086784 0.065505 0.048705 0.035675 0.025742 0.018299 0.012815 0.008842 0.006011 0.004026 0.002657 0.001728 0.001107 0.000699 0.000435 0.000267 0.000161 0.000096 0.000056 0.000033 0.000019 0.000010 0.000006 0.000003 0.000002 0.000001 0.000000 0.000000 0.000000 0.000000 0.000000 0.000000 
0.000000 0.000000 0.000000 0.000000 0.000000 0.000000 0.000001 0.000001 0.000003 0.000005 0.000009 0.000016 0.000028 0.000049 0.000085 0.000144 0.000241 0.000399 0.000651 0.001046 0.001655 0.002582 0.003968 0.006011 0.008970 0.013189 0.019108 0.027273 0.038351 0.053129 0.072509 0.097485 0.129110 0.168442 0.216470 0.274025 0.341681 0.419644 0.507646 0.604861 0.709834 0.820461 0.934015 1.047222 1.156401 1.257647 1.347059 1.420983 1.476262 1.510458 1.522033 1.510458 1.476262 1.420983 1.347059 1.257647 1.156401 1.047222 0.934015 0.820461 0.709834 0.604861 0.507646 0.419644 0.341681 0.274025 0.216470 0.168442 0.129110 0.097485 0.072509 0.053129 0.038351 0.027273 0.019108 0.013189 0.008970 0.006011 0.003968 0.002582 0.001655 0.001046 0.000651 0.000399 0.000241 0.000144 0.000085 0.000049 0.000028 0.000016 0.000009 0.000005 0.000003 0.000001 0.000001 0.000000 0.000000 0.000000 0.000000 0.000000 
0.000000 0.000000 0.000000 0.000000 0.000000 0.000001 0.000001 0.000002 0.000004 0.000007 0.000013 0.000023 0.000041 0.000072 0.000125 0.000213 0.000356 0.000589 0.000960 0.001541 0.002438 0.003802 0.005841 0.008842 0.013189 0.019385 0.028072 0.040052 0.056299 0.077966 0.106368 0.142959 0.189277 0.246865 0.317163 0.401385 0.500361 0.614388 0.743072 0.885197 1.038634 1.200309 1.366236 1.531633 1.691126 1.839016 1.969607 2.077570 2.158299 2.208238 2.225140 2.208238 2.158299 2.077570 1.969607 1.839016 1.691126 1.531633 1.366236 1.200309 1.038634 0.885197 0.743072 0.614388 0.500361 0.401385 0.317163 0.246865 0.189277 0.142959 0.106368 0.077966 0.056299 0.040052 0.028072 0.019385 0.013189 0.008842 0.005841 0.003802 0.002438 0.001541 0.000960 0.000589 0.000356 0.000213 0.000125 0.000072 0.000041 0.000023 0.000013 0.000007 0.000004 0.000002 0.000001 0.000001 0.000000 0.000000 0.000000 0.000000 
0.000000 0.000000 0.000000 0.000000 0.000000 0.000001 0.000002 0.000003 0.000006 0.000010 0.000019 0.000034 0.000060 0.000105 0.000182 0.000309 0.000518 0.000856 0.001395 0.002238 0.003539 0.005515 0.008469 0.012815 0.019108 0.028072 0.040636 0.057955 0.081435 0.112734 0.153751 0.206576 0.273423 0.356510 0.457907 0.579355 0.722045 0.886395 1.071830 1.276593 1.497615 1.730465 1.969402 2.207546 2.437162 2.650052 2.838026 2.993418 3.109606 3.181477 3.205802 3.181477 3.109606 2.993418 2.838026 2.650052 2.437162 2.207546 1.969402 1.730465 1.497615 1.276593 1.071830 0.886395 0.722045 0.579355 0.457907 0.356510 0.273423 0.206576 0.153751 0.112734 0.081435 0.057955 0.040636 0.028072 0.019108 0.012815 0.008469 0.005515 0.003539 0.002238 0.001395 0.000856 0.000518 0.000309 0.000182 0.000105 0.000060 0.000034 0.000019 0.000010 0.000006 0.000003 0.000002 0.000001 0.000000 0.000000 0.000000 0.000000 
0.000000 0.000000 0.000000 0.000000 0.000001 0.000001 0.000002 0.000004 0.000008 0.000015 0.000027 0.000049 0.000086 0.000151 0.000261 0.000443 0.000743 0.001226 0.001996 0.003201 0.005060 0.007882 0.012098 0.018299 0.027273 0.040052 0.057955 0.082625 0.116059 0.160613 0.218978 0.294124 0.389188 0.507312 0.651432 0.824005 1.026716 1.260145 1.523468 1.814182 2.127926 2.458407 2.797479 3.135383 3.461151 3.763160 4.029801 4.250211 4.415006 4.516941 4.551440 4.516941 4.415006 4.250211 4.029801 3.763160 3.461151 3.135383 2.797479 2.458407 2.127926 1.814182 1.523468 1.260145 1.026716 0.824005 0.651432 0.507312 0.389188 0.294124 0.218978 0.160613 0.116059 0.082625 0.057955 0.040052 0.027273 0.018299 0.012098 0.007882 0.005060 0.003201 0.001996 0.001226 0.000743 0.000443 0.000261 0.000151 0.000086 0.000049 0.000027 0.000015 0.000008 0.000004 0.000002 0.000001 0.000001 0.000000 0.000000 0.000000 
0.000000 0.000000 0.000000 0.000000 0.000001 0.000002 0.000003 0.000006 0.000011 0.000021 0.000038 0.000069 0.000122 0.000214 0.000368 0.000626 0.001048 0.001730 0.002814 0.004511 0.007127 0.011097 0.017026 0.025742 0.038351 0.056299 0.081435 0.116059 0.162967 0.225455 0.307289 0.412620 0.545830 0.711310 0.913153 1.154791 1.438561 1.765265 2.133735 2.540460 2.979331 3.441544 3.915710 4.388184 4.843641 5.265841 5.638570 5.946656 6.176992 6.319464 6.367682 6.319464 6.176992 5.946656 5.638570 5.265841 4.843641 4.388184 3.915710 3.441544 2.979331 2.540460 2.133735 1.765265 1.438561 1.154791 0.913153 0.711310 0.545830 0.412620 0.307289 0.225455 0.162967 0.116059 0.081435 0.056299 0.038351 0.025742 0.017026 0.011097 0.007127 0.004511 0.002814 0.001730 0.001048 0.000626 0.000368 0.000214 0.000122 0.000069 0.000038 0.000021 0.000011 0.000006 0.000003 0.000002 0.000001 0.000000 0.000000 0.000000 
0.000000 0.000000 0.000000 0.000001 0.000001 0.000002 0.000004 0.000008 0.000016 0.000029 0.000053 0.000096 0.000170 0.000298 0.000513 0.000871 0.001457 0.002404 0.003908 0.006262 0.009889 0.015391 0.023605 0.035675 0.053129 0.077966 0.112734 0.160613 0.225455 0.311807 0.424859 0.570329 0.754253 0.982672 1.261218 1.594603 1.986032 2.436593 2.944659 3.505375 4.110312 4.747332 5.400738 6.051739 6.679228 7.260848 7.774280 8.198642 8.515897 8.712125 8.778536 8.712125 8.515897 8.198642 7.774280 7.260848 6.679228 6.051739 5.400738 4.747332 4.110312 3.505375 2.944659 2.436593 1.986032 1.594603 1.261218 0.982672 0.754253 0.570329 0.424859 0.311807 0.225455 0.160613 0.112734 0.077966 0.053129 0.035675 0.023605 0.015391 0.009889 0.006262 0.003908 0.002404 0.001457 0.000871 0.000513 0.000298 0.000170 0.000096 0.000053 0.000029 0.000016 0.000008 0.000004 0.000002 0.000001 0.000001 0.000000 0.000000 
0.000000 0.000000 0.000000 0.000001 0.000002 0.000003 0.000006 0.000012 0.000022 0.000040 0.000073 0.000132 0.000234 0.000408 0.000703 0.001193 0.001995 0.003290 0.005346 0.008563 0.013517 0.021029 0.032239 0.048705 0.072509 0.106368 0.153751 0.218978 0.307289 0.424859 0.578738 0.776687 1.026896 1.337561 1.716312 2.169530 2.701547 3.313816 4.004103 4.765798 5.587440 6.452537 7.339777 8.223654 9.075525 9.865061 10.561984 11.137972 11.568566 11.834890 11.925022 11.834890 11.568566 11.137972 10.561984 9.865061 9.075525 8.223654 7.339777 6.452537 5.587440 4.765798 4.004103 3.313816 2.701547 2.169530 1.716312 1.337561 1.026896 0.776687 0.578738 0.424859 0.307289 0.218978 0.153751 0.106368 0.072509 0.048705 0.032239 0.021029 0.013517 0.008563 0.005346 0.003290 0.001995 0.001193 0.000703 0.000408 0.000234 0.000132 0.000073 0.000040 0.000022 0.000012 0.000006 0.000003 0.000002 0.000001 0.000001 0.000001 
0.000000 0.000000 0.000001 0.000001 0.000002 0.000004 0.000008 0.000016 0.000029 0.000054 0.000099 0.000178 0.000316 0.000551 0.000949 0.001609 0.002691 0.004435 0.007204 0.011534 0.018200 0.028302 0.043374 0.065505 0.097485 0.142959 0.206576 0.294124 0.412620 0.570329 0.776687 1.042076 1.377446 1.793750 2.301180 2.908249 3.620726 4.440525 5.364630 6.384170 7.483790 8.641415 9.828529 11.011019 12.150586 13.206681 14.138834 14.909194 15.485072 15.841244 15.961783 15.841244 15.485072 14.909194 14.138834 13.206681 12.150586 11.011019 9.828529 8.641415 7.483790 6.384170 5.364630 4.440525 3.620726 2.908249 2.301180 1.793750 1.377446 1.042076 0.776687 0.570329 0.412620 0.294124 0.206576 0.142959 0.097485 0.065505 0.043374 0.028302 0.018200 0.011534 0.007204 0.004435 0.002691 0.001609 0.000949 0.000551 0.000316 0.000178 0.000099 0.000054 0.000029 0.000016 0.000008 0.000004 0.000002 0.000001 0.000001 0.000001 
0.000001 0.000001 0.000001 0.000002 0.000003 0.000006 0.000011 0.000021 0.000039 0.000073 0.000132 0.000237 0.000420 0.000733 0.001261 0.002138 0.003574 0.005888 0.009561 0.015302 0.024137 0.037522 0.057483 0.086784 0.129110 0.189277 0.273423 0.389188 0.545830 0.754253 1.026896 1.377446 1.820330 2.369969 3.039780 3.840955 4.781065 5.862599 7.081540 8.426166 9.876205 11.402543 12.967587 14.526378 16.028456 17.420404 18.648917 19.664147 20.423049 20.892407 21.051249 20.892407 20.423049 19.664147 18.648917 17.420404 16.028456 14.526378 12.967587 11.402543 9.876205 8.426166 7.081540 5.862599 4.781065 3.840955 3.039780 2.369969 1.820330 1.377446 1.026896 0.754253 0.545830 0.389188 0.273423 0.189277 0.129110 0.086784 0.057483 0.037522 0.024137 0.015302 0.009561 0.005888 0.003574 0.002138 0.001261 0.000733 0.000420 0.000237 0.000132 0.000073 0.000039 0.000021 0.000011 0.000006 0.000003 0.000002 0.000001 0.000001 
0.000001 0.000001 0.000001 0.000002 0.000004 0.000008 0.000015 0.000028 0.000052 0.000095 0.000173 0.000311 0.000551 0.000960 0.001651 0.002799 0.004676 0.007700 0.012499 0.019997 0.031531 0.049000 0.075042 0.113256 0.168442 0.246865 0.356510 0.507312 0.711310 0.982672 1.337561 1.793750 2.369969 3.084932 3.956039 4.997791 6.219982 7.625799 9.209980 10.957257 12.841269 14.824180 16.857159 18.881824 20.832663 22.640342 24.235679 25.553986 26.539407 27.148846 27.355093 27.148846 26.539407 25.553986 24.235679 22.640342 20.832663 18.881824 16.857159 14.824180 12.841269 10.957257 9.209980 7.625799 6.219982 4.997791 3.956039 3.084932 2.369969 1.793750 1.337561 0.982672 0.711310 0.507312 0.356510 0.246865 0.168442 0.113256 0.075042 0.049000 0.031531 0.019997 0.012499 0.007700 0.004676 0.002799 0.001651 0.000960 0.000551 0.000311 0.000173 0.000095 0.000052 0.000028 0.000015 0.000008 0.000004 0.000002 0.000001 0.000001 
0.000001 0.000001 0.000001 0.000003 0.000005 0.000010 0.000019 0.000036 0.000067 0.000123 0.000224 0.000402 0.000710 0.001239 0.002129 0.003607 0.006025 0.009918 0.016094 0.025739 0.040572 0.063028 0.096496 0.145591 0.216470 0.317163 0.457907 0.651432 0.913153 1.261218 1.716312 2.301180 3.039780 3.956039 5.072193 6.406757 7.972218 9.772596 11.801106 14.038157 16.449974 18.988114 21.590080 24.181173 26.677591 28.990658 31.031901 32.718608 33.979363 34.759065 35.022930 34.759065 33.979363 32.718608 31.031901 28.990658 26.677591 24.181173 21.590080 18.988114 16.449974 14.038157 11.801106 9.772596 7.972218 6.406757 5.072193 3.956039 3.039780 2.301180 1.716312 1.261218 0.913153 0.651432 0.457907 0.317163 0.216470 0.145591 0.096496 0.063028 0.040572 0.025739 0.016094 0.009918 0.006025 0.003607 0.002129 0.001239 0.000710 0.000402 0.000224 0.000123 0.000067 0.000036 0.000019 0.000010 0.000005 0.000003 0.000002 0.000002 
0.000001 0.000001 0.000002 0.000003 0.000006 0.000012 0.000024 0.000045 0.000085 0.000157 0.000285 0.000511 0.000903 0.001574 0.002704 0.004579 0.007646 0.012582 0.020410 0.032631 0.051419 0.079854 0.122221 0.184352 0.274025 0.401385 0.579355 0.824005 1.154791 1.594603 2.169530 2.908249 3.840955 4.997791 6.406757 8.091151 10.066655 12.338277 14.897394 17.719246 20.761201 23.962147 27.243277 30.510420 33.657956 36.574135 39.147479 41.273778 42.863063 43.845921 44.178534 43.845921 42.863063 41.273778 39.147479 36.574135 33.657956 30.510420 27.243277 23.962147 20.761201 17.719246 14.897394 12.338277 10.066655 8.091151 6.406757 4.997791 3.840955 2.908249 2.169530 1.594603 1.154791 0.824005 0.579355 0.401385 0.274025 0.184352 0.122221 0.079854 0.051419 0.032631 0.020410 0.012582 0.007646 0.004579 0.002704 0.001574 0.000903 0.000511 0.000285 0.000157 0.000085 0.000045 0.000024 0.000013 0.000007 0.000004 0.000002 0.000002 
0.000001 0.000001 0.000002 0.000004 0.000008 0.000016 0.000030 0.000057 0.000106 0.000196 0.000357 0.000639 0.001130 0.001969 0.003382 0.005725 0.009556 0.015720 0.025492 0.040744 0.064184 0.099650 0.152477 0.229927 0.341681 0.500361 0.722045 1.026716 1.438561 1.986032 2.701547 3.620726 4.781065 6.219982 7.972218 10.066655 12.522710 15.346526 18.527318 22.034256 25.814325 29.791574 33.868092 37.926914 41.836877 45.459226 48.655565 51.296528 53.270435 54.491130 54.904226 54.491130 53.270435 51.296528 48.655565 45.459226 41.836877 37.926914 33.868092 29.791574 25.814325 22.034256 18.527318 15.346526 12.522710 10.066655 7.972218 6.219982 4.781065 3.620726 2.701547 1.986032 1.438561 1.026716 0.722045 0.500361 0.341681 0.229927 0.152477 0.099650 0.064184 0.040744 0.025492 0.015720 0.009556 0.005725 0.003382 0.001969 0.001130 0.000639 0.000357 0.000196 0.000106 0.000057 0.000030 0.000016 0.000008 0.000005 0.000003 0.000003 
0.000002 0.000002 0.000003 0.000005 0.000010 0.000019 0.000037 0.000070 0.000131 0.000242 0.000440 0.000788 0.001393 0.002426 0.004165 0.007049 0.011761 0.019343 0.031358 0.050105 0.078908 0.122479 0.187359 0.282458 0.419644 0.614388 0.886395 1.260145 1.765265 2.436593 3.313816 4.440525 5.862599 7.625799 9.772596 12.338277 15.346526 18.804778 22.699747 26.993619 31.621446 36.490229 41.480122 46.447990 51.233351 55.666463 59.578034 62.809835 65.225280 66.719003 67.224489 66.719003 65.225280 62.809835 59.578034 55.666463 51.233351 46.447990 41.480122 36.490229 31.621446 26.993619 22.699747 18.804778 15.346526 12.338277 9.772596 7.625799 5.862599 4.440525 3.313816 2.436593 1.765265 1.260145 0.886395 0.614388 0.419644 0.282458 0.187359 0.122479 0.078908 0.050105 0.031358 0.019343 0.011761 0.007049 0.004165 0.002426 0.001393 0.000788 0.000440 0.000242 0.000131 0.000070 0.000037 0.000019 0.000010 0.000006 0.000004 0.000004 
0.000002 0.000002 0.000003 0.000006 0.000012 0.000023 0.000045 0.000085 0.000160 0.000294 0.000534 0.000957 0.001690 0.002943 0.005051 0.008547 0.014256 0.023440 0.037989 0.060684 0.095546 0.148266 0.226753 0.341767 0.507646 0.743072 1.071830 1.523468 2.133735 2.944659 4.004103 5.364630 7.081540 9.209980 11.801106 14.897394 18.527318 22.699747 27.398563 32.578083 38.159918 44.031883 50.049453 56.040055 61.810235 67.155401 71.871526 75.767929 78.680024 80.480845 81.090252 80.480845 78.680024 75.767929 71.871526 67.155401 61.810235 56.040055 50.049453 44.031883 38.159918 32.578083 27.398563 22.699747 18.527318 14.897394 11.801106 9.209980 7.081540 5.364630 4.004103 2.944659 2.133735 1.523468 1.071830 0.743072 0.507646 0.341767 0.226753 0.148266 0.095546 0.060684 0.037989 0.023440 0.014256 0.008547 0.005051 0.002943 0.001690 0.000957 0.000534 0.000294 0.000160 0.000085 0.000045 0.000024 0.000012 0.000007 0.000005 0.000005 
0.000003 0.000003 0.000004 0.000007 0.000015 0.000028 0.000054 0.000102 0.000191 0.000352 0.000639 0.001144 0.002020 0.003516 0.006033 0.010205 0.017018 0.027973 0.045324 0.072385 0.113941 0.176771 0.270288 0.407299 0.604861 0.885197 1.276593 1.814182 2.540460 3.505375 4.765798 6.384170 8.426166 10.957257 14.038157 17.719246 22.034256 26.993619 32.578083 38.733280 45.366007 52.342942 59.492379 66.609331 73.464043 79.813559 85.415619 90.043827 93.502776 95.641736 96.365564 95.641736 93.502776 90.043827 85.415619 79.813559 73.464043 66.609331 59.492379 52.342942 45.366007 38.733280 32.578083 26.993619 22.034256 17.719246 14.038157 10.957257 8.426166 6.384170 4.765798 3.505375 2.540460 1.814182 1.276593 0.885197 0.604861 0.407299 0.270288 0.176771 0.113941 0.072385 0.045324 0.027973 0.017018 0.010205 0.006033 0.003516 0.002020 0.001144 0.000639 0.000352 0.000191 0.000102 0.000054 0.000028 0.000015 0.000008 0.000005 0.000005 
0.000003 0.000003 0.000005 0.000009 0.000017 0.000033 0.000064 0.000120 0.000225 0.000414 0.000752 0.001347 0.002377 0.004136 0.007095 0.011999 0.020005 0.032876 0.053255 0.085032 0.133821 0.207570 0.317317 0.478075 0.709834 1.038634 1.497615 2.127926 2.979331 4.110312 5.587440 7.483790 9.876205 12.841269 16.449974 20.761201 25.814325 31.621446 38.159918 45.366007 53.130547 61.297449 69.665738 77.995528 86.017987 93.448868 100.004763 105.420838 109.468522 111.971511 112.818521 111.971511 109.468522 105.420838 100.004763 93.448868 86.017987 77.995528 69.665738 61.297449 53.130547 45.366007 38.159918 31.621446 25.814325 20.761201 16.449974 12.841269 9.876205 7.483790 5.587440 4.110312 2.979331 2.127926 1.497615 1.038634 0.709834 0.478075 0.317317 0.207570 0.133821 0.085032 0.053255 0.032876 0.020005 0.011999 0.007095 0.004136 0.002377 0.001347 0.000752 0.000414 0.000225 0.000121 0.000064 0.000033 0.000018 0.000010 0.000006 0.000006 
0.000004 0.000004 0.000006 0.000010 0.000020 0.000039 0.000074 0.000140 0.000261 0.000480 0.000872 0.001561 0.002754 0.004791 0.008217 0.013894 0.023158 0.038049 0.061623 0.098374 0.154787 0.240046 0.366897 0.552676 0.820461 1.200309 1.730465 2.458407 3.441544 4.747332 6.452537 8.641415 11.402543 14.824180 18.988114 23.962147 29.791574 36.490229 44.031883 52.342942 61.297449 70.715376 80.364976 89.969688 99.219611 107.787111 115.345543 121.589691 126.256142 129.141723 130.118196 129.141723 126.256142 121.589691 115.345543 107.787111 99.219611 89.969688 80.364976 70.715376 61.297449 52.342942 44.031883 36.490229 29.791574 23.962147 18.988114 14.824180 11.402543 8.641415 6.452537 4.747332 3.441544 2.458407 1.730465 1.200309 0.820461 0.552676 0.366897 0.240046 0.154787 0.098374 0.061623 0.038049 0.023158 0.013894 0.008217 0.004791 0.002754 0.001561 0.000872 0.000480 0.000261 0.000140 0.000074 0.000039 0.000020 0.000011 0.000007 0.000007 
0.000004 0.000004 0.000006 0.000012 0.000023 0.000044 0.000084 0.000160 0.000298 0.000548 0.000995 0.001781 0.003142 0.005465 0.009371 0.015841 0.026399 0.043366 0.070221 0.112080 0.176322 0.273397 0.417805 0.629263 0.934015 1.366236 1.969402 2.797479 3.915710 5.400738 7.339777 9.828529 12.967587 16.857159 21.590080 27.243277 33.868092 41.480122 50.049453 59.492379 69.665738 80.364976 91.326838 102.237201 112.744122 122.475545 131.060567 138.152633 143.452669 146.730001 147.839035 146.730001 143.452669 138.152633 131.060567 122.475545 112.744122 102.237201 91.326838 80.364976 69.665738 59.492379 50.049453 41.480122 33.868092 27.243277 21.590080 16.857159 12.967587 9.828529 7.339777 5.400738 3.915710 2.797479 1.969402 1.366236 0.934015 0.629263 0.417805 0.273397 0.176322 0.112080 0.070221 0.043366 0.026399 0.015841 0.009371 0.005465 0.003142 0.001781 0.000995 0.000548 0.000298 0.000160 0.000084 0.000044 0.000023 0.000013 0.000009 0.000009 
