0.000000 0.000000 0.000000 0.000000 0.000000 0.000000 0.000000 0.000000 0.000000 0.000000 0.000000 0.000000 0.000000 0.000000 0.000000 0.000000 0.000000 0.000000 0.000000 0.000000 0.000000 0.000000 0.000000 0.000000 0.000000 0.000000 0.000000 0.000000 0.000000 0.000000 0.000000 0.000000 0.000000 0.000000 0.000000 0.000000 0.000000 0.000000 0.000000 0.000000 0.000000 0.000001 0.000001 0.000001 0.000001 0.000001 0.000001 0.000001 0.000001 0.000001 0.000001 0.000001 0.000001 0.000001 0.000001 0.000001 0.000001 0.000001 0.000001 0.000001 0.000000 0.000000 0.000000 0.000000 0.000000 0.000000 0.000000 0.000000 0.000000 0.000000 0.000000 0.000000 0.000000 0.000000 0.000000 0.000000 0.000000 0.000000 0.000000 0.000000 0.000000 0.000000 0.000000 0.000000 0.000000 0.000000 0.000000 0.000000 0.000000 0.000000 0.000000 0.000000 0.000000 0.000000 0.000000 0.000000 0.000000 0.000000 0.000000 0.000000 
0.000000 0.000000 0.000000 0.000000 0.000000 0.000000 0.000000 0.000000 0.000000 0.000000 0.000000 0.000000 0.000000 0.000000 0.000000 0.000000 0.000000 0.000000 0.000000 0.000000 0.000000 0.000000 0.000000 0.000000 0.000000 0.000000 0.000000 0.000000 0.000000 0.000000 0.000000 0.000000 0.000000 0.000000 0.000000 0.000000 0.000000 0.000000 0.000000 0.000000 0.000000 0.000001 0.000001 0.000001 0.000001 0.000001 0.000001 0.000001 0.000001 0.000001 0.000001 0.000001 0.000001 0.000001 0.000001 0.000001 0.000001 0.000001 0.000001 0.000001 0.000000 0.000000 0.000000 0.000000 0.000000 0.000000 0.000000 0.000000 0.000000 0.000000 0.000000 0.000000 0.000000 0.000000 0.000000 0.000000 0.000000 0.000000 0.000000 0.000000 0.000000 0.000000 0.000000 0.000000 0.000000 0.000000 0.000000 0.000000 0.000000 0.000000 0.000000 0.000000 0.000000 0.000000 0.000000 0.000000 0.000000 0.000000 0.000000 0.000000 
0.000000 0.000000 0.000000 0.000000 0.000000 0.000000 0.000000 0.000000 0.000000 0.000000 0.000000 0.000000 0.000000 0.000000 0.000000 0.000000 0.000000 0.000000 0.000000 0.000000 0.000000 0.000000 0.000000 0.000000 0.000000 0.000000 0.000000 0.000000 0.000000 0.000000 0.000000 0.000000 0.000000 0.000000 0.000000 0.000000 0.000000 0.000000 0.000001 0.000001 0.000001 0.000001 0.000001 0.000001 0.000001 0.000002 0.000002 0.000002 0.000002 0.000002 0.000002 0.000002 0.000002 0.000002 0.000002 0.000002 0.000001 0.000001 0.000001 0.000001 0.000001 0.000001 0.000001 0.000000 0.000000 0.000000 0.000000 0.000000 0.000000 0.000000 0.000000 0.000000 0.000000 0.000000 0.000000 0.000000 0.000000 0.000000 0.000000 0.000000 0.000000 0.000000 0.000000 0.000000 0.000000 0.000000 0.000000 0.000000 0.000000 0.000000 0.000000 0.000000 0.000000 0.000000 0.000000 0.000000 0.000000 0.000000 0.000000 0.000000 
0.000000 0.000000 0.000000 0.000000 0.000000 0.000000 0.000000 0.000000 0.000000 0.000000 0.000000 0.000000 0.000000 0.000000 0.000000 0.000000 0.000000 0.000000 0.000000 0.000000 0.000000 0.000000 0.000000 0.000000 0.000000 0.000000 0.000000 0.000000 0.000000 0.000000 0.000000 0.000000 0.000000 0.000000 0.000000 0.000001 0.000001 0.000001 0.000001 0.000001 0.000002 0.000002 0.000002 0.000002 0.000003 0.000003 0.000003 0.000003 0.000004 0.000004 0.000004 0.000004 0.000004 0.000003 0.000003 0.000003 0.000003 0.000002 0.000002 0.000002 0.000002 0.000001 0.000001 0.000001 0.000001 0.000001 0.000000 0.000000 0.000000 0.000000 0.000000 0.000000 0.000000 0.000000 0.000000 0.000000 0.000000 0.000000 0.000000 0.000000 0.000000 0.000000 0.000000 0.000000 0.000000 0.000000 0.000000 0.000000 0.000000 0.000000 0.000000 0.000000 0.000000 0.000000 0.000000 0.000000 0.000000 0.000000 0.000000 0.000000 
0.000000 0.000000 0.000000 0.000000 0.000000 0.000000 0.000000 0.000000 0.000000 0.000000 0.000000 0.000000 0.000000 0.000000 0.000000 0.000000 0.000000 0.000000 0.000000 0.000000 0.000000 0.000000 0.000000 0.000000 0.000000 0.000000 0.000000 0.000000 0.000000 0.000000 0.000000 0.000000 0.000000 0.000001 0.000001 0.000001 0.000001 0.000002 0.000002 0.000003 0.000003 0.000004 0.000004 0.000005 0.000006 0.000006 0.000007 0.000007 0.000008 0.000008 0.000008 0.000008 0.000008 0.000007 0.000007 0.000006 0.000006 0.000005 0.000004 0.000004 0.000003 0.000003 0.000002 0.000002 0.000001 0.000001 0.000001 0.000001 0.000000 0.000000 0.000000 0.000000 0.000000 0.000000 0.000000 0.000000 0.000000 0.000000 0.000000 0.000000 0.000000 0.000000 0.000000 0.000000 0.000000 0.000000 0.000000 0.000000 0.000000 0.000000 0.000000 0.000000 0.000000 0.000000 0.000000 0.000000 0.000000 0.000000 0.000000 0.000000 
0.000000 0.000000 0.000000 0.000000 0.000000 0.000000 0.000000 0.000000 0.000000 0.000000 0.000000 0.000000 0.000000 0.000000 0.000000 0.000000 0.000000 0.000000 0.000000 0.000000 0.000000 0.000000 0.000000 0.000000 0.000000 0.000000 0.000000 0.000000 0.000000 0.000000 0.000000 0.000001 0.000001 0.000001 0.000002 0.000002 0.000003 0.000004 0.000005 0.000006 0.000007 0.000008 0.000009 0.000011 0.000012 0.000013 0.000014 0.000015 0.000016 0.000016 0.000016 0.000016 0.000016 0.000015 0.000014 0.000013 0.000012 0.000011 0.000009 0.000008 0.000007 0.000006 0.000005 0.000004 0.000003 0.000002 0.000002 0.000001 0.000001 0.000001 0.000000 0.000000 0.000000 0.000000 0.000000 0.000000 0.000000 0.000000 0.000000 0.000000 0.000000 0.000000 0.000000 0.000000 0.000000 0.000000 0.000000 0.000000 0.000000 0.000000 0.000000 0.000000 0.000000 0.000000 0.000000 0.000000 0.000000 0.000000 0.000000 0.000000 
0.000000 0.000000 0.000000 0.000000 0.000000 0.000000 0.000000 0.000000 0.000000 0.000000 0.000000 0.000000 0.000000 0.000000 0.000000 0.000000 0.000000 0.000000 0.000000 0.000000 0.000000 0.000000 0.000000 0.000000 0.000000 0.000000 0.000000 0.000000 0.000000 0.000001 0.000001 0.000001 0.000002 0.000003 0.000004 0.000005 0.000006 0.000008 0.000009 0.000012 0.000014 0.000016 0.000019 0.000022 0.000024 0.000027 0.000029 0.000031 0.000032 0.000033 0.000033 0.000033 0.000032 0.000031 0.000029 0.000027 0.000024 0.000022 0.000019 0.000016 0.000014 0.000012 0.000009 0.000008 0.000006 0.000005 0.000004 0.000003 0.000002 0.000001 0.000001 0.000001 0.000000 0.000000 0.000000 0.000000 0.000000 0.000000 0.000000 0.000000 0.000000 0.000000 0.000000 0.000000 0.000000 0.000000 0.000000 0.000000 0.000000 0.000000 0.000000 0.000000 0.000000 0.000000 0.000000 0.000000 0.000000 0.000000 0.000000 0.000000 
0.000000 0.000000 0.000000 0.000000 0.000000 0.000000 0.000000 0.000000 0.000000 0.000000 0.000000 0.000000 0.000000 0.000000 0.000000 0.000000 0.000000 0.000000 0.000000 0.000000 0.000000 0.000000 0.000000 0.000000 0.000000 0.000000 0.000000 0.000001 0.000001 0.000001 0.000002 0.000003 0.000004 0.000005 0.000007 0.000009 0.000012 0.000015 0.000019 0.000023 0.000028 0.000033 0.000038 0.000044 0.000049 0.000054 0.000059 0.000062 0.000065 0.000067 0.000067 0.000067 0.000065 0.000062 0.000059 0.000054 0.000049 0.000044 0.000038 0.000033 0.000028 0.000023 0.000019 0.000015 0.000012 0.000009 0.000007 0.000005 0.000004 0.000003 0.000002 0.000001 0.000001 0.000001 0.000000 0.000000 0.000000 0.000000 0.000000 0.000000 0.000000 0.000000 0.000000 0.000000 0.000000 0.000000 0.000000 0.000000 0.000000 0.000000 0.000000 0.000000 0.000000 0.000000 0.000000 0.000000 0.000000 0.000000 0.000000 0.000000 
0.000000 0.000000 0.000000 0.000000 0.000000 0.000000 0.000000 0.000000 0.000000 0.000000 0.000000 0.000000 0.000000 0.000000 0.000000 0.000000 0.000000 0.000000 0.000000 0.000000 0.000000 0.000000 0.000000 0.000000 0.000000 0.000001 0.000001 0.000001 0.000002 0.000003 0.000004 0.000006 0.000008 0.000011 0.000014 0.000019 0.000024 0.000031 0.000038 0.000047 0.000056 0.000066 0.000077 0.000087 0.000098 0.000108 0.000117 0.000124 0.000129 0.000133 0.000134 0.000133 0.000129 0.000124 0.000117 0.000108 0.000098 0.000087 0.000077 0.000066 0.000056 0.000047 0.000038 0.000031 0.000024 0.000019 0.000014 0.000011 0.000008 0.000006 0.000004 0.000003 0.000002 0.000001 0.000001 0.000001 0.000000 0.000000 0.000000 0.000000 0.000000 0.000000 0.000000 0.000000 0.000000 0.000000 0.000000 0.000000 0.000000 0.000000 0.000000 0.000000 0.000000 0.000000 0.000000 0.000000 0.000000 0.000000 0.000000 0.000000 
0.000000 0.000000 0.000000 0.000000 0.000000 0.000000 0.000000 0.000000 0.000000 0.000000 0.000000 0.000000 0.000000 0.000000 0.000000 0.000000 0.000000 0.000000 0.000000 0.000000 0.000000 0.000000 0.000000 0.000000 0.000001 0.000001 0.000002 0.000003 0.000004 0.000006 0.000008 0.000011 0.000016 0.000021 0.000028 0.000037 0.000048 0.000060 0.000075 0.000091 0.000110 0.000130 0.000150 0.000171 0.000192 0.000211 0.000229 0.000243 0.000254 0.000260 0.000263 0.000260 0.000254 0.000243 0.000229 0.000211 0.000192 0.000171 0.000150 0.000130 0.000110 0.000091 0.000075 0.000060 0.000048 0.000037 0.000028 0.000021 0.000016 0.000011 0.000008 0.000006 0.000004 0.000003 0.000002 0.000001 0.000001 0.000000 0.000000 0.000000 0.000000 0.000000 0.000000 0.000000 0.000000 0.000000 0.000000 0.000000 0.000000 0.000000 0.000000 0.000000 0.000000 0.000000 0.000000 0.000000 0.000000 0.000000 0.000000 0.000000 
0.000000 0.000000 0.000000 0.000000 0.000000 0.000000 0.000000 0.000000 0.000000 0.000000 0.000000 0.000000 0.000000 0.000000 0.000000 0.000000 0.000000 0.000000 0.000000 0.000000 0.000000 0.000000 0.000001 0.000001 0.000001 0.000002 0.000003 0.000005 0.000008 0.000011 0.000016 0.000022 0.000030 0.000041 0.000055 0.000072 0.000092 0.000117 0.000145 0.000177 0.000212 0.000250 0.000290 0.000331 0.000371 0.000408 0.000441 0.000469 0.000490 0.000503 0.000507 0.000503 0.000490 0.000469 0.000441 0.000408 0.000371 0.000331 0.000290 0.000250 0.000212 0.000177 0.000145 0.000117 0.000092 0.000072 0.000055 0.000041 0.000030 0.000022 0.000016 0.000011 0.000008 0.000005 0.000003 0.000002 0.000001 0.000001 0.000001 0.000000 0.000000 0.000000 0.000000 0.000000 0.000000 0.000000 0.000000 0.000000 0.000000 0.000000 0.000000 0.000000 0.000000 0.000000 0.000000 0.000000 0.000000 0.000000 0.000000 0.000000 
0.000000 0.000000 0.000000 0.000000 0.000000 0.000000 0.000000 0.000000 0.000000 0.000000 0.000000 0.000000 0.000000 0.000000 0.000000 0.000000 0.000000 0.000000 0.000000 0.000000 0.000000 0.000001 0.000001 0.000002 0.000003 0.000004 0.000007 0.000010 0.000015 0.000021 0.000030 0.000042 0.000058 0.000079 0.000105 0.000137 0.000176 0.000222 0.000276 0.000337 0.000404 0.000477 0.000553 0.000629 0.000705 0.000775 0.000839 0.000891 0.000931 0.000955 0.000964 0.000955 0.000931 0.000891 0.000839 0.000775 0.000705 0.000629 0.000553 0.000477 0.000404 0.000337 0.000276 0.000222 0.000176 0.000137 0.000105 0.000079 0.000058 0.000042 0.000030 0.000021 0.000015 0.000010 0.000007 0.000004 0.000003 0.000002 0.000001 0.000001 0.000000 0.000000 0.000000 0.000000 0.000000 0.000000 0.000000 0.000000 0.000000 0.000000 0.000000 0.000000 0.000000 0.000000 0.000000 0.000000 0.000000 0.000000 0.000000 0.000000 
0.000000 0.000000 0.000000 0.000000 0.000000 0.000000 0.000000 0.000000 0.000000 0.000000 0.000000 0.000000 0.000000 0.000000 0.000000 0.000000 0.000000 0.000000 0.000000 0.000000 0.000001 0.000001 0.000002 0.000003 0.000005 0.000008 0.000012 0.000019 0.000028 0.000040 0.000057 0.000079 0.000109 0.000148 0.000197 0.000257 0.000330 0.000417 0.000518 0.000632 0.000758 0.000893 0.001035 0.001179 0.001319 0.001452 0.001569 0.001668 0.001742 0.001788 0.001803 0.001788 0.001742 0.001668 0.001569 0.001452 0.001319 0.001179 0.001035 0.000893 0.000758 0.000632 0.000518 0.000417 0.000330 0.000257 0.000197 0.000148 0.000109 0.000079 0.000057 0.000040 0.000028 0.000019 0.000012 0.000008 0.000005 0.000003 0.000002 0.000001 0.000001 0.000000 0.000000 0.000000 0.000000 0.000000 0.000000 0.000000 0.000000 0.000000 0.000000 0.000000 0.000000 0.000000 0.000000 0.000000 0.000000 0.000000 0.000000 0.000000 
0.000000 0.000000 0.000000 0.000000 0.000000 0.000000 0.000000 0.000000 0.000000 0.000000 0.000000 0.000000 0.000000 0.000000 0.000000 0.000000 0.000000 0.000000 0.000001 0.000001 0.000001 0.000002 0.000004 0.000006 0.000010 0.000015 0.000023 0.000035 0.000051 0.000074 0.000105 0.000147 0.000202 0.000274 0.000364 0.000475 0.000610 0.000770 0.000956 0.001166 0.001398 0.001648 0.001909 0.002173 0.002432 0.002675 0.002892 0.003073 0.003209 0.003293 0.003322 0.003293 0.003209 0.003073 0.002892 0.002675 0.002432 0.002173 0.001909 0.001648 0.001398 0.001166 0.000956 0.000770 0.000610 0.000475 0.000364 0.000274 0.000202 0.000147 0.000105 0.000074 0.000051 0.000035 0.000023 0.000015 0.000010 0.000006 0.000004 0.000002 0.000001 0.000001 0.000001 0.000000 0.000000 0.000000 0.000000 0.000000 0.000000 0.000000 0.000000 0.000000 0.000000 0.000000 0.000000 0.000000 0.000000 0.000000 0.000000 0.000000 
0.000000 0.000000 0.000000 0.000000 0.000000 0.000000 0.000000 0.000000 0.000000 0.000000 0.000000 0.000000 0.000000 0.000000 0.000000 0.000000 0.000000 0.000001 0.000001 0.000002 0.000003 0.000004 0.000007 0.000012 0.000018 0.000028 0.000043 0.000064 0.000094 0.000135 0.000192 0.000269 0.000369 0.000499 0.000662 0.000865 0.001110 0.001401 0.001738 0.002119 0.002540 0.002993 0.003466 0.003945 0.004414 0.004854 0.005247 0.005574 0.005821 0.005974 0.006025 0.005974 0.005821 0.005574 0.005247 0.004854 0.004414 0.003945 0.003466 0.002993 0.002540 0.002119 0.001738 0.001401 0.001110 0.000865 0.000662 0.000499 0.000369 0.000269 0.000192 0.000135 0.000094 0.000064 0.000043 0.000028 0.000018 0.000012 0.000007 0.000004 0.000003 0.000002 0.000001 0.000001 0.000000 0.000000 0.000000 0.000000 0.000000 0.000000 0.000000 0.000000 0.000000 0.000000 0.000000 0.000000 0.000000 0.000000 0.000000 0.000000 
0.000000 0.000000 0.000000 0.000000 0.000000 0.000000 0.000000 0.000000 0.000000 0.000000 0.000000 0.000000 0.000000 0.000000 0.000000 0.000000 0.000001 0.000001 0.000002 0.000003 0.000005 0.000008 0.000013 0.000021 0.000033 0.000050 0.000077 0.000115 0.000168 0.000243 0.000345 0.000482 0.000663 0.000895 0.001188 0.001550 0.001989 0.002509 0.003111 0.003792 0.004543 0.005351 0.006195 0.007050 0.007887 0.008672 0.009372 0.009955 0.010394 0.010667 0.010759 0.010667 0.010394 0.009955 0.009372 0.008672 0.007887 0.007050 0.006195 0.005351 0.004543 0.003792 0.003111 0.002509 0.001989 0.001550 0.001188 0.000895 0.000663 0.000482 0.000345 0.000243 0.000168 0.000115 0.000077 0.000050 0.000033 0.000021 0.000013 0.000008 0.000005 0.000003 0.000002 0.000001 0.000001 0.000000 0.000000 0.000000 0.000000 0.000000 0.000000 0.000000 0.000000 0.000000 0.000000 0.000000 0.000000 0.000000 0.000000 0.000000 
0.000000 0.000000 0.000000 0.000000 0.000000 0.000000 0.000000 0.000000 0.000000 0.000000 0.000000 0.000000 0.000000 0.000000 0.000000 0.000001 0.000001 0.000002 0.000003 0.000005 0.000009 0.000014 0.000023 0.000037 0.000058 0.000090 0.000136 0.000203 0.000298 0.000430 0.000611 0.000853 0.001171 0.001580 0.002096 0.002734 0.003507 0.004421 0.005480 0.006677 0.007998 0.009418 0.010901 0.012403 0.013871 0.015249 0.016477 0.017501 0.018271 0.018750 0.018912 0.018750 0.018271 0.017501 0.016477 0.015249 0.013871 0.012403 0.010901 0.009418 0.007998 0.006677 0.005480 0.004421 0.003507 0.002734 0.002096 0.001580 0.001171 0.000853 0.000611 0.000430 0.000298 0.000203 0.000136 0.000090 0.000058 0.000037 0.000023 0.000014 0.000009 0.000005 0.000003 0.000002 0.000001 0.000001 0.000000 0.000000 0.000000 0.000000 0.000000 0.000000 0.000000 0.000000 0.000000 0.000000 0.000000 0.000000 0.000000 0.000000 
0.000000 0.000000 0.000000 0.000000 0.000000 0.000000 0.000000 0.000000 0.000000 0.000000 0.000000 0.000000 0.000000 0.000000 0.000001 0.000001 0.000002 0.000003 0.000005 0.000009 0.000015 0.000025 0.000041 0.000065 0.000101 0.000157 0.000237 0.000354 0.000520 0.000750 0.001064 0.001484 0.002036 0.002746 0.003641 0.004747 0.006086 0.007670 0.009503 0.011575 0.013861 0.016316 0.018881 0.021477 0.024015 0.026395 0.028518 0.030287 0.031618 0.032444 0.032724 0.032444 0.031618 0.030287 0.028518 0.026395 0.024015 0.021477 0.018881 0.016316 0.013861 0.011575 0.009503 0.007670 0.006086 0.004747 0.003641 0.002746 0.002036 0.001484 0.001064 0.000750 0.000520 0.000354 0.000237 0.000157 0.000101 0.000065 0.000041 0.000025 0.000015 0.000009 0.000005 0.000003 0.000002 0.000001 0.000001 0.000000 0.000000 0.000000 0.000000 0.000000 0.000000 0.000000 0.000000 0.000000 0.000000 0.000000 0.000000 0.000000 
0.000000 0.000000 0.000000 0.000000 0.000000 0.000000 0.000000 0.000000 0.000000 0.000000 0.000000 0.000000 0.000000 0.000001 0.000001 0.000002 0.000003 0.000005 0.000009 0.000016 0.000026 0.000043 0.000070 0.000111 0.000175 0.000269 0.000408 0.000608 0.000891 0.001285 0.001822 0.002541 0.003484 0.004696 0.006225 0.008113 0.010395 0.013096 0.016220 0.019751 0.023643 0.027823 0.032188 0.036606 0.040924 0.044974 0.048584 0.051592 0.053855 0.055259 0.055736 0.055259 0.053855 0.051592 0.048584 0.044974 0.040924 0.036606 0.032188 0.027823 0.023643 0.019751 0.016220 0.013096 0.010395 0.008113 0.006225 0.004696 0.003484 0.002541 0.001822 0.001285 0.000891 0.000608 0.000408 0.000269 0.000175 0.000111 0.000070 0.000043 0.000026 0.000016 0.000009 0.000005 0.000003 0.000002 0.000001 0.000001 0.000000 0.000000 0.000000 0.000000 0.000000 0.000000 0.000000 0.000000 0.000000 0.000000 0.000000 0.000000 
0.000000 0.000000 0.000000 0.000000 0.000000 0.000000 0.000000 0.000000 0.000000 0.000000 0.000000 0.000000 0.000000 0.000001 0.000002 0.000003 0.000005 0.000009 0.000016 0.000027 0.000045 0.000073 0.000119 0.000189 0.000296 0.000455 0.000689 0.001027 0.001505 0.002168 0.003073 0.004282 0.005867 0.007906 0.010474 0.013644 0.017476 0.022008 0.027249 0.033169 0.039693 0.046699 0.054011 0.061411 0.068642 0.075423 0.081468 0.086503 0.090290 0.092641 0.093438 0.092641 0.090290 0.086503 0.081468 0.075423 0.068642 0.061411 0.054011 0.046699 0.039693 0.033169 0.027249 0.022008 0.017476 0.013644 0.010474 0.007906 0.005867 0.004282 0.003073 0.002168 0.001505 0.001027 0.000689 0.000455 0.000296 0.000189 0.000119 0.000073 0.000045 0.000027 0.000016 0.000009 0.000005 0.000003 0.000002 0.000001 0.000000 0.000000 0.000000 0.000000 0.000000 0.000000 0.000000 0.000000 0.000000 0.000000 0.000000 0.000000 
0.000000 0.000000 0.000000 0.000000 0.000000 0.000000 0.000000 0.000000 0.000000 0.000000 0.000000 0.000000 0.000001 0.000001 0.000003 0.000005 0.000009 0.000015 0.000026 0.000045 0.000074 0.000122 0.000198 0.000315 0.000492 0.000757 0.001147 0.001707 0.002500 0.003600 0.005098 0.007100 0.009725 0.013097 0.017344 0.022584 0.028915 0.036400 0.045051 0.054821 0.065586 0.077141 0.089200 0.101400 0.113319 0.124494 0.134455 0.142751 0.148990 0.152863 0.154176 0.152863 0.148990 0.142751 0.134455 0.124494 0.113319 0.101400 0.089200 0.077141 0.065586 0.054821 0.045051 0.036400 0.028915 0.022584 0.017344 0.013097 0.009725 0.007100 0.005098 0.003600 0.002500 0.001707 0.001147 0.000757 0.000492 0.000315 0.000198 0.000122 0.000074 0.000045 0.000026 0.000015 0.000009 0.000005 0.000003 0.000001 0.000001 0.000000 0.000000 0.000000 0.000000 0.000000 0.000000 0.000000 0.000000 0.000000 0.000000 0.000000 
0.000000 0.000000 0.000000 0.000000 0.000000 0.000000 0.000000 0.000000 0.000000 0.000000 0.000000 0.000001 0.000001 0.000002 0.000004 0.000008 0.000014 0.000025 0.000043 0.000073 0.000122 0.000201 0.000325 0.000516 0.000807 0.001240 0.001876 0.002792 0.004086 0.005880 0.008324 0.011587 0.015861 0.021351 0.028263 0.036787 0.047081 0.059246 0.073303 0.089173 0.106653 0.125411 0.144981 0.164778 0.184114 0.202241 0.218396 0.231849 0.241965 0.248245 0.250375 0.248245 0.241965 0.231849 0.218396 0.202241 0.184114 0.164778 0.144981 0.125411 0.106653 0.089173 0.073303 0.059246 0.047081 0.036787 0.028263 0.021351 0.015861 0.011587 0.008324 0.005880 0.004086 0.002792 0.001876 0.001240 0.000807 0.000516 0.000325 0.000201 0.000122 0.000073 0.000043 0.000025 0.000014 0.000008 0.000004 0.000002 0.000001 0.000001 0.000000 0.000000 0.000000 0.000000 0.000000 0.000000 0.000000 0.000000 0.000000 0.000000 
0.000000 0.000000 0.000000 0.000000 0.000000 0.000000 0.000000 0.000000 0.000000 0.000000 0.000001 0.000001 0.000002 0.000004 0.000007 0.000013 0.000023 0.000041 0.000070 0.000119 0.000198 0.000325 0.000524 0.000832 0.001300 0.001998 0.003021 0.004493 0.006571 0.009452 0.013372 0.018605 0.025457 0.034252 0.045321 0.058966 0.075437 0.094896 0.117375 0.142742 0.170676 0.200645 0.231905 0.263519 0.294391 0.323330 0.349116 0.370589 0.386732 0.396755 0.400153 0.396755 0.386732 0.370589 0.349116 0.323330 0.294391 0.263519 0.231905 0.200645 0.170676 0.142742 0.117375 0.094896 0.075437 0.058966 0.045321 0.034252 0.025457 0.018605 0.013372 0.009452 0.006571 0.004493 0.003021 0.001998 0.001300 0.000832 0.000524 0.000325 0.000198 0.000119 0.000070 0.000041 0.000023 0.000013 0.000007 0.000004 0.000002 0.000001 0.000001 0.000000 0.000000 0.000000 0.000000 0.000000 0.000000 0.000000 0.000000 0.000000 
0.000000 0.000000 0.000000 0.000000 0.000000 0.000000 0.000000 0.000000 0.000000 0.000000 0.000001 0.000002 0.000003 0.000006 0.000012 0.000021 0.000037 0.000065 0.000111 0.000189 0.000315 0.000516 0.000832 0.001321 0.002062 0.003168 0.004786 0.007113 0.010398 0.014949 0.021138 0.029395 0.040202 0.054069 0.071511 0.093005 0.118942 0.149572 0.184944 0.224850 0.268781 0.315900 0.365039 0.414723 0.463234 0.508699 0.549207 0.582935 0.608290 0.624031 0.629368 0.624031 0.608290 0.582935 0.549207 0.508699 0.463234 0.414723 0.365039 0.315900 0.268781 0.224850 0.184944 0.149572 0.118942 0.093005 0.071511 0.054069 0.040202 0.029395 0.021138 0.014949 0.010398 0.007113 0.004786 0.003168 0.002062 0.001321 0.000832 0.000516 0.000315 0.000189 0.000111 0.000065 0.000037 0.000021 0.000012 0.000006 0.000003 0.000002 0.000001 0.000000 0.000000 0.000000 0.000000 0.000000 0.000000 0.000000 0.000000 0.000000 
0.000000 0.000000 0.000000 0.000000 0.000000 0.000000 0.000000 0.000000 0.000000 0.000001 0.000001 0.000003 0.000005 0.000010 0.000018 0.000033 0.000058 0.000101 0.000175 0.000296 0.000492 0.000807 0.001300 0.002062 0.003218 0.004940 0.007460 0.011080 0.016187 0.023261 0.032875 0.045696 0.062467 0.083979 0.111025 0.144342 0.184532 0.231977 0.286749 0.348524 0.416513 0.489418 0.565431 0.642272 0.717287 0.787582 0.850203 0.902339 0.941530 0.965859 0.974108 0.965859 0.941530 0.902339 0.850203 0.787582 0.717287 0.642272 0.565431 0.489418 0.416513 0.348524 0.286749 0.231977 0.184532 0.144342 0.111025 0.083979 0.062467 0.045696 0.032875 0.023261 0.016187 0.011080 0.007460 0.004940 0.003218 0.002062 0.001300 0.000807 0.000492 0.000296 0.000175 0.000101 0.000058 0.000033 0.000018 0.000010 0.000005 0.000003 0.000001 0.000001 0.000000 0.000000 0.000000 0.000000 0.000000 0.000000 0.000000 0.000000 
0.000000 0.000000 0.000000 0.000000 0.000000 0.000000 0.000000 0.000000 0.000001 0.000001 0.000002 0.000004 0.000008 0.000015 0.000028 0.000050 0.000090 0.000157 0.000269 0.000455 0.000757 0.001240 0.001998 0.003168 0.004940 0.007579 0.011438 0.016979 0.024793 0.035609 0.050303 0.069890 0.095499 0.128334 0.169601 0.220416 0.281692 0.354006 0.437464 0.531565 0.635105 0.746106 0.861814 0.978761 1.092911 1.199863 1.295128 1.374435 1.434046 1.471050 1.483596 1.471050 1.434046 1.374435 1.295128 1.199863 1.092911 0.978761 0.861814 0.746106 0.635105 0.531565 0.437464 0.354006 0.281692 0.220416 0.169601 0.128334 0.095499 0.069890 0.050303 0.035609 0.024793 0.016979 0.011438 0.007579 0.004940 0.003168 0.001998 0.001240 0.000757 0.000455 0.000269 0.000157 0.000090 0.000050 0.000028 0.000015 0.000008 0.000004 0.000002 0.000001 0.000001 0.000000 0.000000 0.000000 0.000000 0.000000 0.000000 0.000000 
0.000000 0.000000 0.000000 0.000000 0.000000 0.000000 0.000000 0.000000 0.000001 0.000002 0.000003 0.000007 0.000012 0.000023 0.000043 0.000077 0.000136 0.000237 0.000408 0.000689 0.001147 0.001876 0.003021 0.004786 0.007460 0.011438 0.017252 0.025597 0.037358 0.053630 0.075725 0.105164 0.143640 0.192952 0.254903 0.331160 0.423086 0.531537 0.656663 0.797710 0.952865 1.119164 1.292479 1.467620 1.638543 1.798667 1.941279 2.059990 2.149213 2.204596 2.223373 2.204596 2.149213 2.059990 1.941279 1.798667 1.638543 1.467620 1.292479 1.119164 0.952865 0.797710 0.656663 0.531537 0.423086 0.331160 0.254903 0.192952 0.143640 0.105164 0.075725 0.053630 0.037358 0.025597 0.017252 0.011438 0.007460 0.004786 0.003021 0.001876 0.001147 0.000689 0.000408 0.000237 0.000136 0.000077 0.000043 0.000023 0.000012 0.000007 0.000003 0.000002 0.000001 0.000000 0.000000 0.000000 0.000000 0.000000 0.000000 0.000000 
0.000000 0.000000 0.000000 0.000000 0.000000 0.000000 0.000000 0.000001 0.000001 0.000003 0.000005 0.000010 0.000019 0.000035 0.000064 0.000115 0.000203 0.000354 0.000608 0.001027 0.001707 0.002792 0.004493 0.007113 0.011080 0.016979 0.025597 0.037960 0.055375 0.079458 0.112145 0.155677 0.212550 0.285411 0.376914 0.489509 0.625195 0.785225 0.969809 1.177825 1.406595 1.651741 1.907181 2.165268 2.417102 2.652994 2.863063 3.037912 3.169320 3.250885 3.278537 3.250885 3.169320 3.037912 2.863063 2.652994 2.417102 2.165268 1.907181 1.651741 1.406595 1.177825 0.969809 0.785225 0.625195 0.489509 0.376914 0.285411 0.212550 0.155677 0.112145 0.079458 0.055375 0.037960 0.025597 0.016979 0.011080 0.007113 0.004493 0.002792 0.001707 0.001027 0.000608 0.000354 0.000203 0.000115 0.000064 0.000035 0.000019 0.000010 0.000005 0.000003 0.000001 0.000001 0.000000 0.000000 0.000000 0.000000 0.000000 0.000000 
0.000000 0.000000 0.000000 0.000000 0.000000 0.000000 0.000000 0.000001 0.000002 0.000004 0.000008 0.000015 0.000028 0.000051 0.000094 0.000168 0.000298 0.000520 0.000891 0.001505 0.002500 0.004086 0.006571 0.010398 0.016187 0.024793 0.037358 0.055375 0.080742 0.115806 0.163378 0.226707 0.309411 0.415327 0.548294 0.711859 0.908905 1.141238 1.409146 1.710990 2.042872 2.398440 2.768868 3.143073 3.508158 3.850090 4.154560 4.407962 4.598394 4.716590 4.756661 4.716590 4.598394 4.407962 4.154560 3.850090 3.508158 3.143073 2.768868 2.398440 2.042872 1.710990 1.409146 1.141238 0.908905 0.711859 0.548294 0.415327 0.309411 0.226707 0.163378 0.115806 0.080742 0.055375 0.037358 0.024793 0.016187 0.010398 0.006571 0.004086 0.002500 0.001505 0.000891 0.000520 0.000298 0.000168 0.000094 0.000051 0.000028 0.000015 0.000008 0.000004 0.000002 0.000001 0.000000 0.000000 0.000000 0.000000 0.000000 0.000000 
0.000000 0.000000 0.000000 0.000000 0.000000 0.000000 0.000001 0.000001 0.000003 0.000006 0.000011 0.000021 0.000040 0.000074 0.000135 0.000243 0.000430 0.000750 0.001285 0.002168 0.003600 0.005880 0.009452 0.014949 0.023261 0.035609 0.053630 0.079458 0.115806 0.166028 0.234136 0.324769 0.443085 0.594553 0.784645 1.018406 1.299934 1.631786 2.014353 2.445278 2.918985 3.426397 3.954922 4.488752 5.009499 5.497164 5.931357 6.292694 6.564225 6.732748 6.789881 6.732748 6.564225 6.292694 5.931357 5.497164 5.009499 4.488752 3.954922 3.426397 2.918985 2.445278 2.014353 1.631786 1.299934 1.018406 0.784645 0.594553 0.443085 0.324769 0.234136 0.166028 0.115806 0.079458 0.053630 0.035609 0.023261 0.014949 0.009452 0.005880 0.003600 0.002168 0.001285 0.000750 0.000430 0.000243 0.000135 0.000074 0.000040 0.000021 0.000011 0.000006 0.000003 0.000001 0.000001 0.000000 0.000000 0.000000 0.000000 0.000000 
0.000000 0.000000 0.000000 0.000000 0.000000 0.000000 0.000001 0.000002 0.000004 0.000008 0.000016 0.000030 0.000057 0.000105 0.000192 0.000345 0.000611 0.001064 0.001822 0.003073 0.005098 0.008324 0.013372 0.021138 0.032875 0.050303 0.075725 0.112145 0.163378 0.234136 0.330055 0.457651 0.624160 0.837255 1.104600 1.433264 1.828976 2.295299 2.832757 3.438014 4.103222 4.815627 5.557549 6.306804 7.037600 7.721892 8.331094 8.838037 9.218963 9.455373 9.535519 9.455373 9.218963 8.838037 8.331094 7.721892 7.037600 6.306804 5.557549 4.815627 4.103222 3.438014 2.832757 2.295299 1.828976 1.433264 1.104600 0.837255 0.624160 0.457651 0.330055 0.234136 0.163378 0.112145 0.075725 0.050303 0.032875 0.021138 0.013372 0.008324 0.005098 0.003073 0.001822 0.001064 0.000611 0.000345 0.000192 0.000105 0.000057 0.000030 0.000016 0.000008 0.000004 0.000002 0.000001 0.000000 0.000000 0.000000 0.000000 0.000000 
0.000000 0.000000 0.000000 0.000000 0.000000 0.000001 0.000001 0.000003 0.000006 0.000011 0.000022 0.000042 0.000079 0.000147 0.000269 0.000482 0.000853 0.001484 0.002541 0.004282 0.007100 0.011587 0.018605 0.029395 0.045696 0.069890 0.105164 0.155677 0.226707 0.324769 0.457651 0.634353 0.864866 1.159777 1.529657 1.984240 2.531414 3.176064 3.918877 4.755215 5.674212 6.658235 7.682863 8.717469 9.726460 10.671141 11.512083 12.211816 12.737579 13.063867 13.174480 13.063867 12.737579 12.211816 11.512083 10.671141 9.726460 8.717469 7.682863 6.658235 5.674212 4.755215 3.918877 3.176064 2.531414 1.984240 1.529657 1.159777 0.864866 0.634353 0.457651 0.324769 0.226707 0.155677 0.105164 0.069890 0.045696 0.029395 0.018605 0.011587 0.007100 0.004282 0.002541 0.001484 0.000853 0.000482 0.000269 0.000147 0.000079 0.000042 0.000022 0.000011 0.000006 0.000003 0.000001 0.000001 0.000000 0.000000 0.000000 0.000000 
0.000000 0.000000 0.000000 0.000000 0.000000 0.000001 0.000002 0.000004 0.000008 0.000016 0.000030 0.000058 0.000109 0.000202 0.000369 0.000663 0.001171 0.002036 0.003484 0.005867 0.009725 0.015861 0.025457 0.040202 0.062467 0.095499 0.143640 0.212550 0.309411 0.443085 0.624160 0.864866 1.178775 1.580255 2.083650 2.702156 3.446451 4.323130 5.333079 6.469956 7.718960 9.056113 10.448229 11.853708 13.224227 14.507261 15.649305 16.599513 17.313440 17.756486 17.906680 17.756486 17.313440 16.599513 15.649305 14.507261 13.224227 11.853708 10.448229 9.056113 7.718960 6.469956 5.333079 4.323130 3.446451 2.702156 2.083650 1.580255 1.178775 0.864866 0.624160 0.443085 0.309411 0.212550 0.143640 0.095499 0.062467 0.040202 0.025457 0.015861 0.009725 0.005867 0.003484 0.002036 0.001171 0.000663 0.000369 0.000202 0.000109 0.000058 0.000030 0.000016 0.000008 0.000004 0.000002 0.000001 0.000000 0.000000 0.000000 0.000000 
0.000000 0.000000 0.000000 0.000000 0.000001 0.000001 0.000003 0.000005 0.000011 0.000021 0.000041 0.000079 0.000148 0.000274 0.000499 0.000895 0.001580 0.002746 0.004696 0.007906 0.013097 0.021351 0.034252 0.054069 0.083979 0.128334 0.192952 0.285411 0.415327 0.594553 0.837255 1.159777 1.580255 2.117880 2.791795 3.619602 4.615523 5.788318 7.139116 8.659384 10.329295 12.116773 13.977452 15.855750 17.687119 19.401419 20.927214 22.196630 23.150344 23.742177 23.942806 23.742177 23.150344 22.196630 20.927214 19.401419 17.687119 15.855750 13.977452 12.116773 10.329295 8.659384 7.139116 5.788318 4.615523 3.619602 2.791795 2.117880 1.580255 1.159777 0.837255 0.594553 0.415327 0.285411 0.192952 0.128334 0.083979 0.054069 0.034252 0.021351 0.013097 0.007906 0.004696 0.002746 0.001580 0.000895 0.000499 0.000274 0.000148 0.000079 0.000041 0.000021 0.000011 0.000005 0.000003 0.000001 0.000001 0.000000 0.000000 0.000000 
0.000000 0.000000 0.000000 0.000000 0.000001 0.000002 0.000004 0.000007 0.000014 0.000028 0.000055 0.000105 0.000197 0.000364 0.000662 0.001188 0.002096 0.003641 0.006225 0.010474 0.017344 0.028263 0.045321 0.071511 0.111025 0.169601 0.254903 0.376914 0.548294 0.784645 1.104600 1.529657 2.083650 2.791795 3.679229 4.769048 6.079893 7.623213 9.400423 11.400233 13.596522 15.947076 18.393556 20.862900 23.270290 25.523583 27.528949 29.197253 30.450594 31.228339 31.491987 31.228339 30.450594 29.197253 27.528949 25.523583 23.270290 20.862900 18.393556 15.947076 13.596522 11.400233 9.400423 7.623213 6.079893 4.769048 3.679229 2.791795 2.083650 1.529657 1.104600 0.784645 0.548294 0.376914 0.254903 0.169601 0.111025 0.071511 0.045321 0.028263 0.017344 0.010474 0.006225 0.003641 0.002096 0.001188 0.000662 0.000364 0.000197 0.000105 0.000055 0.000028 0.000014 0.000007 0.000004 0.000002 0.000001 0.000000 0.000000 0.000000 
0.000000 0.000000 0.000000 0.000001 0.000001 0.000002 0.000005 0.000009 0.000019 0.000037 0.000072 0.000137 0.000257 0.000475 0.000865 0.001550 0.002734 0.004747 0.008113 0.013644 0.022584 0.036787 0.058966 0.093005 0.144342 0.220416 0.331160 0.489509 0.711859 1.018406 1.433264 1.984240 2.702156 3.619602 4.769048 6.180310 7.877427 9.875124 12.175142 14.762801 17.604244 20.644833 23.809099 27.002571 30.115608 33.029129 35.621892 37.778739 39.399037 40.404463 40.745288 40.404463 39.399037 37.778739 35.621892 33.029129 30.115608 27.002571 23.809099 20.644833 17.604244 14.762801 12.175142 9.875124 7.877427 6.180310 4.769048 3.619602 2.702156 1.984240 1.433264 1.018406 0.711859 0.489509 0.331160 0.220416 0.144342 0.093005 0.058966 0.036787 0.022584 0.013644 0.008113 0.004747 0.002734 0.001550 0.000865 0.000475 0.000257 0.000137 0.000072 0.000037 0.000019 0.000009 0.000005 0.000002 0.000001 0.000001 0.000000 0.000000 
0.000000 0.000000 0.000000 0.000001 0.000001 0.000003 0.000006 0.000012 0.000024 0.000048 0.000092 0.000176 0.000330 0.000610 0.001110 0.001989 0.003507 0.006086 0.010395 0.017476 0.028915 0.047081 0.075437 0.118942 0.184532 0.281692 0.423086 0.625195 0.908905 1.299934 1.828976 2.531414 3.446451 4.615523 6.079893 7.877427 10.038622 12.582116 15.510018 18.803554 22.419571 26.288501 30.314313 34.376847 38.336684 42.042435 45.339986 48.082980 50.143529 51.422104 51.855517 51.422104 50.143529 48.082980 45.339986 42.042435 38.336684 34.376847 30.314313 26.288501 22.419571 18.803554 15.510018 12.582116 10.038622 7.877427 6.079893 4.615523 3.446451 2.531414 1.828976 1.299934 0.908905 0.625195 0.423086 0.281692 0.184532 0.118942 0.075437 0.047081 0.028915 0.017476 0.010395 0.006086 0.003507 0.001989 0.001110 0.000610 0.000330 0.000176 0.000092 0.000048 0.000024 0.000012 0.000006 0.000003 0.000001 0.000001 0.000000 0.000000 
0.000000 0.000000 0.000000 0.000001 0.000002 0.000004 0.000008 0.000015 0.000031 0.000060 0.000117 0.000222 0.000417 0.000770 0.001401 0.002509 0.004421 0.007670 0.013096 0.022008 0.036400 0.059246 0.094896 0.149572 0.231977 0.354006 0.531537 0.785225 1.141238 1.631786 2.295299 3.176064 4.323130 5.788318 7.623213 9.875124 12.582116 15.767396 19.433487 23.556777 28.083170 32.925544 37.963705 43.047313 48.001979 52.638374 56.763800 60.195269 62.772907 64.372297 64.914453 64.372297 62.772907 60.195269 56.763800 52.638374 48.001979 43.047313 37.963705 32.925544 28.083170 23.556777 19.433487 15.767396 12.582116 9.875124 7.623213 5.788318 4.323130 3.176064 2.295299 1.631786 1.141238 0.785225 0.531537 0.354006 0.231977 0.149572 0.094896 0.059246 0.036400 0.022008 0.013096 0.007670 0.004421 0.002509 0.001401 0.000770 0.000417 0.000222 0.000117 0.000060 0.000031 0.000015 0.000008 0.000004 0.000002 0.000001 0.000001 0.000001 
0.000000 0.000000 0.000001 0.000001 0.000002 0.000005 0.000009 0.000019 0.000038 0.000075 0.000145 0.000276 0.000518 0.000956 0.001738 0.003111 0.005480 0.009503 0.016220 0.027249 0.045051 0.073303 0.117375 0.184944 0.286749 0.437464 0.656663 0.969809 1.409146 2.014353 2.832757 3.918877 5.333079 7.139116 9.400423 12.175142 15.510018 19.433487 23.948514 29.025907 34.598968 40.560385 46.762189 53.019355 59.117317 64.823169 69.899894 74.122444 77.294212 79.262207 79.929303 79.262207 77.294212 74.122444 69.899894 64.823169 59.117317 53.019355 46.762189 40.560385 34.598968 29.025907 23.948514 19.433487 15.510018 12.175142 9.400423 7.139116 5.333079 3.918877 2.832757 2.014353 1.409146 0.969809 0.656663 0.437464 0.286749 0.184944 0.117375 0.073303 0.045051 0.027249 0.016220 0.009503 0.005480 0.003111 0.001738 0.000956 0.000518 0.000276 0.000145 0.000075 0.000038 0.000019 0.000009 0.000005 0.000002 0.000001 0.000001 0.000001 
0.000000 0.000000 0.000001 0.000001 0.000003 0.000006 0.000012 0.000023 0.000047 0.000091 0.000177 0.000337 0.000632 0.001166 0.002119 0.003792 0.006677 0.011575 0.019751 0.033169 0.054821 0.089173 0.142742 0.224850 0.348524 0.531565 0.797710 1.177825 1.710990 2.445278 3.438014 4.755215 6.469956 8.659384 11.400233 14.762801 18.803554 23.556777 29.025907 35.175454 41.924544 49.143172 56.652160 64.227532 71.609607 78.516560 84.661623 89.772541 93.611484 95.993391 96.800784 95.993391 93.611484 89.772541 84.661623 78.516560 71.609607 64.227532 56.652160 49.143172 41.924544 35.175454 29.025907 23.556777 18.803554 14.762801 11.400233 8.659384 6.469956 4.755215 3.438014 2.445278 1.710990 1.177825 0.797710 0.531565 0.348524 0.224850 0.142742 0.089173 0.054821 0.033169 0.019751 0.011575 0.006677 0.003792 0.002119 0.001166 0.000632 0.000337 0.000177 0.000091 0.000047 0.000023 0.000012 0.000006 0.000003 0.000001 0.000001 0.000001 
0.000000 0.000000 0.000001 0.000002 0.000003 0.000007 0.000014 0.000028 0.000056 0.000110 0.000212 0.000404 0.000758 0.001398 0.002540 0.004543 0.007998 0.013861 0.023643 0.039693 0.065586 0.106653 0.170676 0.268781 0.416513 0.635105 0.952865 1.406595 2.042872 2.918985 4.103222 5.674212 7.718960 10.329295 13.596522 17.604244 22.419571 28.083170 34.598968 41.924544 49.963458 58.560805 67.503184 76.523915 85.313868 93.537605 100.853842 106.938601 111.508888 114.344508 115.305686 114.344508 111.508888 106.938601 100.853842 93.537605 85.313868 76.523915 67.503184 58.560805 49.963458 41.924544 34.598968 28.083170 22.419571 17.604244 13.596522 10.329295 7.718960 5.674212 4.103222 2.918985 2.042872 1.406595 0.952865 0.635105 0.416513 0.268781 0.170676 0.106653 0.065586 0.039693 0.023643 0.013861 0.007998 0.004543 0.002540 0.001398 0.000758 0.000404 0.000212 0.000110 0.000056 0.000028 0.000014 0.000007 0.000003 0.000002 0.000001 0.000001 
0.000001 0.000001 0.000001 0.000002 0.000004 0.000008 0.000016 0.000033 0.000066 0.000130 0.000250 0.000477 0.000893 0.001648 0.002993 0.005351 0.009418 0.016316 0.027823 0.046699 0.077141 0.125411 0.200645 0.315900 0.489418 0.746106 1.119164 1.651741 2.398440 3.426397 4.815627 6.658235 9.056113 12.116773 15.947076 20.644833 26.288501 32.925544 40.560385 49.143172 58.560805 68.631757 79.106048 89.671367 99.965756 109.596507 118.164115 125.289360 130.641017 133.961378 135.086857 133.961378 130.641017 125.289360 118.164115 109.596507 99.965756 89.671367 79.106048 68.631757 58.560805 49.143172 40.560385 32.925544 26.288501 20.644833 15.947076 12.116773 9.056113 6.658235 4.815627 3.426397 2.398440 1.651741 1.119164 0.746106 0.489418 0.315900 0.200645 0.125411 0.077141 0.046699 0.027823 0.016316 0.009418 0.005351 0.002993 0.001648 0.000893 0.000477 0.000250 0.000130 0.000066 0.000033 0.000016 0.000008 0.000004 0.000002 0.000001 0.000001 
0.000001 0.000001 0.000001 0.000002 0.000004 0.000009 0.000019 0.000038 0.000077 0.000150 0.000290 0.000553 0.001035 0.001909 0.003466 0.006195 0.010901 0.018881 0.032188 0.054011 0.089200 0.144981 0.231905 0.365039 0.565431 0.861814 1.292479 1.907181 2.768868 3.954922 5.557549 7.682863 10.448229 13.977452 18.393556 23.809099 30.314313 37.963705 46.762189 56.652160 67.503184 79.106048 91.172745 103.343540 115.201579 126.294650 136.162760 144.369308 150.532968 154.357064 155.653280 154.357064 150.532968 144.369308 136.162760 126.294650 115.201579 103.343540 91.172745 79.106048 67.503184 56.652160 46.762189 37.963705 30.314313 23.809099 18.393556 13.977452 10.448229 7.682863 5.557549 3.954922 2.768868 1.907181 1.292479 0.861814 0.565431 0.365039 0.231905 0.144981 0.089200 0.054011 0.032188 0.018881 0.010901 0.006195 0.003466 0.001909 0.001035 0.000553 0.000290 0.000150 0.000077 0.000038 0.000019 0.000009 0.000005 0.000002 0.000001 0.000001 
