0.000000 0.000000 0.000000 0.000000 0.000000 0.000000 0.000000 0.000000 0.000000 0.000000 0.000000 0.000000 0.000000 0.000000 0.000000 0.000000 0.000000 0.000000 0.000000 0.000000 0.000000 0.000000 0.000000 0.000000 0.000000 0.000000 0.000000 0.000000 0.000000 0.000000 0.000000 0.000001 0.000001 0.000001 0.000001 0.000002 0.000002 0.000003 0.000003 0.000004 0.000005 0.000005 0.000006 0.000007 0.000008 0.000008 0.000009 0.000010 0.000010 0.000010 0.000010 0.000010 0.000010 0.000010 0.000009 0.000008 0.000008 0.000007 0.000006 0.000005 0.000005 0.000004 0.000003 0.000003 0.000002 0.000002 0.000001 0.000001 0.000001 0.000001 0.000000 0.000000 0.000000 0.000000 0.000000 0.000000 0.000000 0.000000 0.000000 0.000000 0.000000 0.000000 0.000000 0.000000 0.000000 0.000000 0.000000 0.000000 0.000000 0.000000 0.000000 0.000000 0.000000 0.000000 0.000000 0.000000 0.000000 0.000000 0.000000 0.000000 
0.000000 0.000000 0.000000 0.000000 0.000000 0.000000 0.000000 0.000000 0.000000 0.000000 0.000000 0.000000 0.000000 0.000000 0.000000 0.000000 0.000000 0.000000 0.000000 0.000000 0.000000 0.000000 0.000000 0.000000 0.000000 0.000000 0.000000 0.000000 0.000000 0.000000 0.000000 0.000001 0.000001 0.000001 0.000001 0.000002 0.000002 0.000003 0.000003 0.000004 0.000005 0.000005 0.000006 0.000007 0.000008 0.000008 0.000009 0.000010 0.000010 0.000010 0.000010 0.000010 0.000010 0.000010 0.000009 0.000008 0.000008 0.000007 0.000006 0.000005 0.000005 0.000004 0.000003 0.000003 0.000002 0.000002 0.000001 0.000001 0.000001 0.000001 0.000000 0.000000 0.000000 0.000000 0.000000 0.000000 0.000000 0.000000 0.000000 0.000000 0.000000 0.000000 0.000000 0.000000 0.000000 0.000000 0.000000 0.000000 0.000000 0.000000 0.000000 0.000000 0.000000 0.000000 0.000000 0.000000 0.000000 0.000000 0.000000 0.000000 
0.000000 0.000000 0.000000 0.000000 0.000000 0.000000 0.000000 0.000000 0.000000 0.000000 0.000000 0.000000 0.000000 0.000000 0.000000 0.000000 0.000000 0.000000 0.000000 0.000000 0.000000 0.000000 0.000000 0.000000 0.000000 0.000000 0.000000 0.000000 0.000000 0.000001 0.000001 0.000001 0.000001 0.000002 0.000002 0.000003 0.000003 0.000004 0.000005 0.000006 0.000007 0.000008 0.000009 0.000010 0.000012 0.000013 0.000014 0.000014 0.000015 0.000015 0.000015 0.000015 0.000015 0.000014 0.000014 0.000013 0.000012 0.000010 0.000009 0.000008 0.000007 0.000006 0.000005 0.000004 0.000003 0.000003 0.000002 0.000002 0.000001 0.000001 0.000001 0.000001 0.000000 0.000000 0.000000 0.000000 0.000000 0.000000 0.000000 0.000000 0.000000 0.000000 0.000000 0.000000 0.000000 0.000000 0.000000 0.000000 0.000000 0.000000 0.000000 0.000000 0.000000 0.000000 0.000000 0.000000 0.000000 0.000000 0.000000 0.000000 
0.000000 0.000000 0.000000 0.000000 0.000000 0.000000 0.000000 0.000000 0.000000 0.000000 0.000000 0.000000 0.000000 0.000000 0.000000 0.000000 0.000000 0.000000 0.000000 0.000000 0.000000 0.000000 0.000000 0.000000 0.000000 0.000000 0.000000 0.000000 0.000001 0.000001 0.000001 0.000002 0.000002 0.000003 0.000004 0.000005 0.000006 0.000008 0.000009 0.000011 0.000013 0.000015 0.000017 0.000019 0.000021 0.000023 0.000024 0.000026 0.000027 0.000027 0.000028 0.000027 0.000027 0.000026 0.000024 0.000023 0.000021 0.000019 0.000017 0.000015 0.000013 0.000011 0.000009 0.000008 0.000006 0.000005 0.000004 0.000003 0.000002 0.000002 0.000001 0.000001 0.000001 0.000000 0.000000 0.000000 0.000000 0.000000 0.000000 0.000000 0.000000 0.000000 0.000000 0.000000 0.000000 0.000000 0.000000 0.000000 0.000000 0.000000 0.000000 0.000000 0.000000 0.000000 0.000000 0.000000 0.000000 0.000000 0.000000 0.000000 
0.000000 0.000000 0.000000 0.000000 0.000000 0.000000 0.000000 0.000000 0.000000 0.000000 0.000000 0.000000 0.000000 0.000000 0.000000 0.000000 0.000000 0.000000 0.000000 0.000000 0.000000 0.000000 0.000000 0.000000 0.000000 0.000000 0.000001 0.000001 0.000001 0.000002 0.000002 0.000003 0.000004 0.000006 0.000007 0.000009 0.000012 0.000014 0.000017 0.000021 0.000024 0.000028 0.000032 0.000036 0.000040 0.000043 0.000046 0.000049 0.000051 0.000052 0.000053 0.000052 0.000051 0.000049 0.000046 0.000043 0.000040 0.000036 0.000032 0.000028 0.000024 0.000021 0.000017 0.000014 0.000012 0.000009 0.000007 0.000006 0.000004 0.000003 0.000002 0.000002 0.000001 0.000001 0.000001 0.000000 0.000000 0.000000 0.000000 0.000000 0.000000 0.000000 0.000000 0.000000 0.000000 0.000000 0.000000 0.000000 0.000000 0.000000 0.000000 0.000000 0.000000 0.000000 0.000000 0.000000 0.000000 0.000000 0.000000 0.000000 
0.000000 0.000000 0.000000 0.000000 0.000000 0.000000 0.000000 0.000000 0.000000 0.000000 0.000000 0.000000 0.000000 0.000000 0.000000 0.000000 0.000000 0.000000 0.000000 0.000000 0.000000 0.000000 0.000000 0.000000 0.000001 0.000001 0.000001 0.000002 0.000002 0.000003 0.000005 0.000006 0.000008 0.000011 0.000014 0.000018 0.000022 0.000027 0.000033 0.000040 0.000047 0.000054 0.000061 0.000069 0.000076 0.000083 0.000089 0.000093 0.000097 0.000099 0.000100 0.000099 0.000097 0.000093 0.000089 0.000083 0.000076 0.000069 0.000061 0.000054 0.000047 0.000040 0.000033 0.000027 0.000022 0.000018 0.000014 0.000011 0.000008 0.000006 0.000005 0.000003 0.000002 0.000002 0.000001 0.000001 0.000001 0.000000 0.000000 0.000000 0.000000 0.000000 0.000000 0.000000 0.000000 0.000000 0.000000 0.000000 0.000000 0.000000 0.000000 0.000000 0.000000 0.000000 0.000000 0.000000 0.000000 0.000000 0.000000 0.000000 
0.000000 0.000000 0.000000 0.000000 0.000000 0.000000 0.000000 0.000000 0.000000 0.000000 0.000000 0.000000 0.000000 0.000000 0.000000 0.000000 0.000000 0.000000 0.000000 0.000000 0.000000 0.000000 0.000000 0.000001 0.000001 0.000002 0.000002 0.000003 0.000005 0.000007 0.000009 0.000012 0.000016 0.000021 0.000027 0.000034 0.000042 0.000052 0.000063 0.000075 0.000088 0.000102 0.000116 0.000130 0.000144 0.000156 0.000167 0.000176 0.000183 0.000188 0.000189 0.000188 0.000183 0.000176 0.000167 0.000156 0.000144 0.000130 0.000116 0.000102 0.000088 0.000075 0.000063 0.000052 0.000042 0.000034 0.000027 0.000021 0.000016 0.000012 0.000009 0.000007 0.000005 0.000003 0.000002 0.000002 0.000001 0.000001 0.000000 0.000000 0.000000 0.000000 0.000000 0.000000 0.000000 0.000000 0.000000 0.000000 0.000000 0.000000 0.000000 0.000000 0.000000 0.000000 0.000000 0.000000 0.000000 0.000000 0.000000 0.000000 
0.000000 0.000000 0.000000 0.000000 0.000000 0.000000 0.000000 0.000000 0.000000 0.000000 0.000000 0.000000 0.000000 0.000000 0.000000 0.000000 0.000000 0.000000 0.000000 0.000000 0.000000 0.000001 0.000001 0.000001 0.000002 0.000003 0.000004 0.000006 0.000009 0.000012 0.000017 0.000023 0.000030 0.000039 0.000050 0.000063 0.000079 0.000097 0.000118 0.000140 0.000164 0.000190 0.000216 0.000242 0.000268 0.000291 0.000312 0.000329 0.000342 0.000350 0.000352 0.000350 0.000342 0.000329 0.000312 0.000291 0.000268 0.000242 0.000216 0.000190 0.000164 0.000140 0.000118 0.000097 0.000079 0.000063 0.000050 0.000039 0.000030 0.000023 0.000017 0.000012 0.000009 0.000006 0.000004 0.000003 0.000002 0.000001 0.000001 0.000001 0.000000 0.000000 0.000000 0.000000 0.000000 0.000000 0.000000 0.000000 0.000000 0.000000 0.000000 0.000000 0.000000 0.000000 0.000000 0.000000 0.000000 0.000000 0.000000 0.000000 
0.000000 0.000000 0.000000 0.000000 0.000000 0.000000 0.000000 0.000000 0.000000 0.000000 0.000000 0.000000 0.000000 0.000000 0.000000 0.000000 0.000000 0.000000 0.000000 0.000000 0.000001 0.000001 0.000002 0.000003 0.000004 0.000006 0.000008 0.000012 0.000016 0.000023 0.000031 0.000042 0.000055 0.000072 0.000092 0.000117 0.000146 0.000179 0.000217 0.000258 0.000303 0.000350 0.000398 0.000446 0.000492 0.000536 0.000573 0.000605 0.000628 0.000643 0.000648 0.000643 0.000628 0.000605 0.000573 0.000536 0.000492 0.000446 0.000398 0.000350 0.000303 0.000258 0.000217 0.000179 0.000146 0.000117 0.000092 0.000072 0.000055 0.000042 0.000031 0.000023 0.000016 0.000012 0.000008 0.000006 0.000004 0.000003 0.000002 0.000001 0.000001 0.000000 0.000000 0.000000 0.000000 0.000000 0.000000 0.000000 0.000000 0.000000 0.000000 0.000000 0.000000 0.000000 0.000000 0.000000 0.000000 0.000000 0.000000 0.000000 
0.000000 0.000000 0.000000 0.000000 0.000000 0.000000 0.000000 0.000000 0.000000 0.000000 0.000000 0.000000 0.000000 0.000000 0.000000 0.000000 0.000000 0.000000 0.000001 0.000001 0.000001 0.000002 0.000003 0.000005 0.000007 0.000010 0.000015 0.000021 0.000030 0.000042 0.000057 0.000076 0.000101 0.000131 0.000168 0.000213 0.000265 0.000326 0.000394 0.000469 0.000550 0.000635 0.000722 0.000810 0.000894 0.000972 0.001040 0.001097 0.001140 0.001166 0.001175 0.001166 0.001140 0.001097 0.001040 0.000972 0.000894 0.000810 0.000722 0.000635 0.000550 0.000469 0.000394 0.000326 0.000265 0.000213 0.000168 0.000131 0.000101 0.000076 0.000057 0.000042 0.000030 0.000021 0.000015 0.000010 0.000007 0.000005 0.000003 0.000002 0.000001 0.000001 0.000001 0.000000 0.000000 0.000000 0.000000 0.000000 0.000000 0.000000 0.000000 0.000000 0.000000 0.000000 0.000000 0.000000 0.000000 0.000000 0.000000 0.000000 
0.000000 0.000000 0.000000 0.000000 0.000000 0.000000 0.000000 0.000000 0.000000 0.000000 0.000000 0.000000 0.000000 0.000000 0.000000 0.000000 0.000000 0.000001 0.000001 0.000001 0.000002 0.000004 0.000006 0.000009 0.000013 0.000019 0.000027 0.000038 0.000054 0.000075 0.000102 0.000137 0.000181 0.000235 0.000302 0.000382 0.000476 0.000584 0.000705 0.000840 0.000984 0.001137 0.001293 0.001449 0.001600 0.001739 0.001862 0.001963 0.002039 0.002086 0.002102 0.002086 0.002039 0.001963 0.001862 0.001739 0.001600 0.001449 0.001293 0.001137 0.000984 0.000840 0.000705 0.000584 0.000476 0.000382 0.000302 0.000235 0.000181 0.000137 0.000102 0.000075 0.000054 0.000038 0.000027 0.000019 0.000013 0.000009 0.000006 0.000004 0.000002 0.000001 0.000001 0.000001 0.000000 0.000000 0.000000 0.000000 0.000000 0.000000 0.000000 0.000000 0.000000 0.000000 0.000000 0.000000 0.000000 0.000000 0.000000 0.000000 
0.000000 0.000000 0.000000 0.000000 0.000000 0.000000 0.000000 0.000000 0.000000 0.000000 0.000000 0.000000 0.000000 0.000000 0.000000 0.000000 0.000001 0.000001 0.000002 0.000003 0.000004 0.000007 0.000010 0.000015 0.000023 0.000033 0.000048 0.000068 0.000096 0.000132 0.000180 0.000242 0.000320 0.000417 0.000535 0.000676 0.000841 0.001032 0.001247 0.001484 0.001739 0.002008 0.002284 0.002559 0.002824 0.003069 0.003286 0.003465 0.003599 0.003682 0.003710 0.003682 0.003599 0.003465 0.003286 0.003069 0.002824 0.002559 0.002284 0.002008 0.001739 0.001484 0.001247 0.001032 0.000841 0.000676 0.000535 0.000417 0.000320 0.000242 0.000180 0.000132 0.000096 0.000068 0.000048 0.000033 0.000023 0.000015 0.000010 0.000007 0.000004 0.000003 0.000002 0.000001 0.000001 0.000000 0.000000 0.000000 0.000000 0.000000 0.000000 0.000000 0.000000 0.000000 0.000000 0.000000 0.000000 0.000000 0.000000 0.000000 
0.000000 0.000000 0.000000 0.000000 0.000000 0.000000 0.000000 0.000000 0.000000 0.000000 0.000000 0.000000 0.000000 0.000000 0.000000 0.000001 0.000001 0.000002 0.000003 0.000005 0.000007 0.000012 0.000018 0.000027 0.000040 0.000058 0.000084 0.000120 0.000168 0.000232 0.000316 0.000423 0.000559 0.000728 0.000933 0.001179 0.001468 0.001800 0.002173 0.002586 0.003031 0.003499 0.003978 0.004456 0.004917 0.005343 0.005720 0.006031 0.006264 0.006408 0.006456 0.006408 0.006264 0.006031 0.005720 0.005343 0.004917 0.004456 0.003978 0.003499 0.003031 0.002586 0.002173 0.001800 0.001468 0.001179 0.000933 0.000728 0.000559 0.000423 0.000316 0.000232 0.000168 0.000120 0.000084 0.000058 0.000040 0.000027 0.000018 0.000012 0.000007 0.000005 0.000003 0.000002 0.000001 0.000001 0.000000 0.000000 0.000000 0.000000 0.000000 0.000000 0.000000 0.000000 0.000000 0.000000 0.000000 0.000000 0.000000 0.000000 
0.000000 0.000000 0.000000 0.000000 0.000000 0.000000 0.000000 0.000000 0.000000 0.000000 0.000000 0.000000 0.000000 0.000000 0.000001 0.000001 0.000002 0.000003 0.000005 0.000008 0.000013 0.000020 0.000031 0.000046 0.000069 0.000101 0.000145 0.000207 0.000290 0.000400 0.000544 0.000729 0.000963 0.001253 0.001607 0.002029 0.002525 0.003095 0.003737 0.004445 0.005208 0.006010 0.006834 0.007653 0.008443 0.009174 0.009819 0.010353 0.010751 0.010998 0.011081 0.010998 0.010751 0.010353 0.009819 0.009174 0.008443 0.007653 0.006834 0.006010 0.005208 0.004445 0.003737 0.003095 0.002525 0.002029 0.001607 0.001253 0.000963 0.000729 0.000544 0.000400 0.000290 0.000207 0.000145 0.000101 0.000069 0.000046 0.000031 0.000020 0.000013 0.000008 0.000005 0.000003 0.000002 0.000001 0.000001 0.000000 0.000000 0.000000 0.000000 0.000000 0.000000 0.000000 0.000000 0.000000 0.000000 0.000000 0.000000 0.000000 
0.000000 0.000000 0.000000 0.000000 0.000000 0.000000 0.000000 0.000000 0.000000 0.000000 0.000000 0.000000 0.000000 0.000001 0.000001 0.000002 0.000003 0.000005 0.000009 0.000014 0.000022 0.000034 0.000052 0.000079 0.000117 0.000172 0.000247 0.000352 0.000493 0.000680 0.000925 0.001240 0.001637 0.002129 0.002728 0.003444 0.004283 0.005248 0.006335 0.007533 0.008825 0.010183 0.011575 0.012961 0.014296 0.015533 0.016624 0.017525 0.018199 0.018616 0.018757 0.018616 0.018199 0.017525 0.016624 0.015533 0.014296 0.012961 0.011575 0.010183 0.008825 0.007533 0.006335 0.005248 0.004283 0.003444 0.002728 0.002129 0.001637 0.001240 0.000925 0.000680 0.000493 0.000352 0.000247 0.000172 0.000117 0.000079 0.000052 0.000034 0.000022 0.000014 0.000009 0.000005 0.000003 0.000002 0.000001 0.000001 0.000000 0.000000 0.000000 0.000000 0.000000 0.000000 0.000000 0.000000 0.000000 0.000000 0.000000 0.000000 
0.000000 0.000000 0.000000 0.000000 0.000000 0.000000 0.000000 0.000000 0.000000 0.000000 0.000000 0.000000 0.000001 0.000001 0.000002 0.000003 0.000006 0.000009 0.000015 0.000024 0.000037 0.000058 0.000088 0.000133 0.000197 0.000288 0.000416 0.000591 0.000827 0.001141 0.001551 0.002077 0.002741 0.003564 0.004566 0.005763 0.007165 0.008777 0.010592 0.012591 0.014746 0.017013 0.019335 0.021646 0.023873 0.025934 0.027754 0.029256 0.030380 0.031074 0.031309 0.031074 0.030380 0.029256 0.027754 0.025934 0.023873 0.021646 0.019335 0.017013 0.014746 0.012591 0.010592 0.008777 0.007165 0.005763 0.004566 0.003564 0.002741 0.002077 0.001551 0.001141 0.000827 0.000591 0.000416 0.000288 0.000197 0.000133 0.000088 0.000058 0.000037 0.000024 0.000015 0.000009 0.000006 0.000003 0.000002 0.000001 0.000001 0.000000 0.000000 0.000000 0.000000 0.000000 0.000000 0.000000 0.000000 0.000000 0.000000 0.000000 
0.000000 0.000000 0.000000 0.000000 0.000000 0.000000 0.000000 0.000000 0.000000 0.000000 0.000000 0.000001 0.000001 0.000002 0.000003 0.000006 0.000009 0.000015 0.000025 0.000039 0.000062 0.000096 0.000146 0.000220 0.000327 0.000478 0.000688 0.000978 0.001368 0.001887 0.002564 0.003433 0.004528 0.005885 0.007537 0.009508 0.011819 0.014473 0.017461 0.020753 0.024299 0.028028 0.031848 0.035649 0.039310 0.042700 0.045691 0.048162 0.050008 0.051149 0.051536 0.051149 0.050008 0.048162 0.045691 0.042700 0.039310 0.035649 0.031848 0.028028 0.024299 0.020753 0.017461 0.014473 0.011819 0.009508 0.007537 0.005885 0.004528 0.003433 0.002564 0.001887 0.001368 0.000978 0.000688 0.000478 0.000327 0.000220 0.000146 0.000096 0.000062 0.000039 0.000025 0.000015 0.000009 0.000006 0.000003 0.000002 0.000001 0.000001 0.000000 0.000000 0.000000 0.000000 0.000000 0.000000 0.000000 0.000000 0.000000 0.000000 
0.000000 0.000000 0.000000 0.000000 0.000000 0.000000 0.000000 0.000000 0.000000 0.000000 0.000001 0.000001 0.000002 0.000003 0.000005 0.000009 0.000015 0.000025 0.000040 0.000064 0.000101 0.000157 0.000239 0.000360 0.000534 0.000780 0.001124 0.001596 0.002232 0.003077 0.004179 0.005592 0.007374 0.009581 0.012265 0.015469 0.019223 0.023533 0.028384 0.033727 0.039481 0.045530 0.051727 0.057892 0.063829 0.069326 0.074174 0.078179 0.081172 0.083022 0.083648 0.083022 0.081172 0.078179 0.074174 0.069326 0.063829 0.057892 0.051727 0.045530 0.039481 0.033727 0.028384 0.023533 0.019223 0.015469 0.012265 0.009581 0.007374 0.005592 0.004179 0.003077 0.002232 0.001596 0.001124 0.000780 0.000534 0.000360 0.000239 0.000157 0.000101 0.000064 0.000040 0.000025 0.000015 0.000009 0.000005 0.000003 0.000002 0.000001 0.000001 0.000000 0.000000 0.000000 0.000000 0.000000 0.000000 0.000000 0.000000 0.000000 
0.000000 0.000000 0.000000 0.000000 0.000000 0.000000 0.000000 0.000000 0.000000 0.000001 0.000001 0.000002 0.000003 0.000005 0.000009 0.000015 0.000025 0.000040 0.000065 0.000104 0.000163 0.000253 0.000386 0.000580 0.000860 0.001257 0.001809 0.002567 0.003590 0.004946 0.006715 0.008983 0.011841 0.015379 0.019681 0.024815 0.030826 0.037728 0.045493 0.054044 0.063251 0.072930 0.082840 0.092701 0.102192 0.110981 0.118732 0.125134 0.129917 0.132875 0.133876 0.132875 0.129917 0.125134 0.118732 0.110981 0.102192 0.092701 0.082840 0.072930 0.063251 0.054044 0.045493 0.037728 0.030826 0.024815 0.019681 0.015379 0.011841 0.008983 0.006715 0.004946 0.003590 0.002567 0.001809 0.001257 0.000860 0.000580 0.000386 0.000253 0.000163 0.000104 0.000065 0.000040 0.000025 0.000015 0.000009 0.000005 0.000003 0.000002 0.000001 0.000001 0.000000 0.000000 0.000000 0.000000 0.000000 0.000000 0.000000 0.000000 
0.000000 0.000000 0.000000 0.000000 0.000000 0.000000 0.000000 0.000000 0.000000 0.000001 0.000001 0.000003 0.000005 0.000008 0.000014 0.000024 0.000039 0.000064 0.000104 0.000166 0.000260 0.000402 0.000613 0.000922 0.001366 0.001995 0.002872 0.004072 0.005692 0.007839 0.010638 0.014226 0.018746 0.024338 0.031136 0.039246 0.048739 0.059637 0.071893 0.085387 0.099914 0.115180 0.130811 0.146359 0.161325 0.175180 0.187398 0.197489 0.205028 0.209689 0.211266 0.209689 0.205028 0.197489 0.187398 0.175180 0.161325 0.146359 0.130811 0.115180 0.099914 0.085387 0.071893 0.059637 0.048739 0.039246 0.031136 0.024338 0.018746 0.014226 0.010638 0.007839 0.005692 0.004072 0.002872 0.001995 0.001366 0.000922 0.000613 0.000402 0.000260 0.000166 0.000104 0.000064 0.000039 0.000024 0.000014 0.000008 0.000005 0.000003 0.000001 0.000001 0.000000 0.000000 0.000000 0.000000 0.000000 0.000000 0.000000 0.000000 
0.000000 0.000000 0.000000 0.000000 0.000000 0.000000 0.000000 0.000000 0.000001 0.000001 0.000002 0.000004 0.000007 0.000013 0.000022 0.000037 0.000062 0.000101 0.000163 0.000260 0.000408 0.000631 0.000962 0.001445 0.002140 0.003123 0.004492 0.006368 0.008897 0.012248 0.016615 0.022211 0.029257 0.037973 0.048564 0.061195 0.075977 0.092941 0.112015 0.133011 0.155609 0.179353 0.203659 0.227834 0.251099 0.272636 0.291627 0.307309 0.319025 0.326269 0.328720 0.326269 0.319025 0.307309 0.291627 0.272636 0.251099 0.227834 0.203659 0.179353 0.155609 0.133011 0.112015 0.092941 0.075977 0.061195 0.048564 0.037973 0.029257 0.022211 0.016615 0.012248 0.008897 0.006368 0.004492 0.003123 0.002140 0.001445 0.000962 0.000631 0.000408 0.000260 0.000163 0.000101 0.000062 0.000037 0.000022 0.000013 0.000007 0.000004 0.000002 0.000001 0.000001 0.000000 0.000000 0.000000 0.000000 0.000000 0.000000 0.000000 
0.000000 0.000000 0.000000 0.000000 0.000000 0.000000 0.000000 0.000001 0.000001 0.000002 0.000004 0.000007 0.000012 0.000020 0.000034 0.000058 0.000096 0.000157 0.000253 0.000402 0.000631 0.000975 0.001486 0.002231 0.003303 0.004819 0.006928 0.009817 0.013709 0.018865 0.025583 0.034187 0.045016 0.058409 0.074677 0.094073 0.116766 0.142801 0.172069 0.204278 0.238937 0.275348 0.312615 0.349674 0.385336 0.418343 0.447446 0.471477 0.489430 0.500529 0.504285 0.500529 0.489430 0.471477 0.447446 0.418343 0.385336 0.349674 0.312615 0.275348 0.238937 0.204278 0.172069 0.142801 0.116766 0.094073 0.074677 0.058409 0.045016 0.034187 0.025583 0.018865 0.013709 0.009817 0.006928 0.004819 0.003303 0.002231 0.001486 0.000975 0.000631 0.000402 0.000253 0.000157 0.000096 0.000058 0.000034 0.000020 0.000012 0.000007 0.000004 0.000002 0.000001 0.000001 0.000000 0.000000 0.000000 0.000000 0.000000 0.000000 
0.000000 0.000000 0.000000 0.000000 0.000000 0.000000 0.000000 0.000001 0.000002 0.000003 0.000006 0.000010 0.000018 0.000031 0.000052 0.000088 0.000146 0.000239 0.000386 0.000613 0.000962 0.001486 0.002263 0.003397 0.005026 0.007328 0.010532 0.014918 0.020824 0.028645 0.038831 0.051873 0.068283 0.088570 0.113204 0.142568 0.176915 0.216309 0.260585 0.309300 0.361710 0.416758 0.473093 0.529106 0.582999 0.632876 0.676849 0.713157 0.740280 0.757047 0.762720 0.757047 0.740280 0.713157 0.676849 0.632876 0.582999 0.529106 0.473093 0.416758 0.361710 0.309300 0.260585 0.216309 0.176915 0.142568 0.113204 0.088570 0.068283 0.051873 0.038831 0.028645 0.020824 0.014918 0.010532 0.007328 0.005026 0.003397 0.002263 0.001486 0.000962 0.000613 0.000386 0.000239 0.000146 0.000088 0.000052 0.000031 0.000018 0.000010 0.000006 0.000003 0.000002 0.000001 0.000000 0.000000 0.000000 0.000000 0.000000 0.000000 
0.000000 0.000000 0.000000 0.000000 0.000000 0.000000 0.000001 0.000001 0.000003 0.000005 0.000009 0.000015 0.000027 0.000046 0.000079 0.000133 0.000220 0.000360 0.000580 0.000922 0.001445 0.002231 0.003397 0.005096 0.007537 0.010986 0.015783 0.022346 0.031180 0.042875 0.058101 0.077589 0.102102 0.132398 0.169173 0.212999 0.264248 0.323014 0.389047 0.461687 0.539820 0.621874 0.705832 0.789299 0.869597 0.943904 1.009410 1.063492 1.103891 1.128865 1.137315 1.128865 1.103891 1.063492 1.009410 0.943904 0.869597 0.789299 0.705832 0.621874 0.539820 0.461687 0.389047 0.323014 0.264248 0.212999 0.169173 0.132398 0.102102 0.077589 0.058101 0.042875 0.031180 0.022346 0.015783 0.010986 0.007537 0.005096 0.003397 0.002231 0.001445 0.000922 0.000580 0.000360 0.000220 0.000133 0.000079 0.000046 0.000027 0.000015 0.000009 0.000005 0.000003 0.000001 0.000001 0.000000 0.000000 0.000000 0.000000 0.000000 
0.000000 0.000000 0.000000 0.000000 0.000000 0.000001 0.000001 0.000002 0.000004 0.000007 0.000013 0.000023 0.000040 0.000069 0.000117 0.000197 0.000327 0.000534 0.000860 0.001366 0.002140 0.003303 0.005026 0.007537 0.011142 0.016234 0.023312 0.032993 0.046019 0.063259 0.085694 0.114399 0.150496 0.195096 0.249219 0.313702 0.389086 0.475509 0.572598 0.679379 0.794215 0.914794 1.038152 1.160772 1.278724 1.387864 1.484068 1.563491 1.622817 1.659489 1.671897 1.659489 1.622817 1.563491 1.484068 1.387864 1.278724 1.160772 1.038152 0.914794 0.794215 0.679379 0.572598 0.475509 0.389086 0.313702 0.249219 0.195096 0.150496 0.114399 0.085694 0.063259 0.046019 0.032993 0.023312 0.016234 0.011142 0.007537 0.005026 0.003303 0.002140 0.001366 0.000860 0.000534 0.000327 0.000197 0.000117 0.000069 0.000040 0.000023 0.000013 0.000007 0.000004 0.000002 0.000001 0.000001 0.000000 0.000000 0.000000 0.000000 
0.000000 0.000000 0.000000 0.000000 0.000000 0.000001 0.000002 0.000003 0.000006 0.000010 0.000019 0.000033 0.000058 0.000101 0.000172 0.000288 0.000478 0.000780 0.001257 0.001995 0.003123 0.004819 0.007328 0.010986 0.016234 0.023643 0.033938 0.048015 0.066948 0.091997 0.124584 0.166265 0.218664 0.283386 0.361908 0.455434 0.564747 0.690039 0.830765 0.985509 1.151899 1.326579 1.505261 1.682852 1.853662 2.011696 2.150990 2.265977 2.351864 2.404954 2.422916 2.404954 2.351864 2.265977 2.150990 2.011696 1.853662 1.682852 1.505261 1.326579 1.151899 0.985509 0.830765 0.690039 0.564747 0.455434 0.361908 0.283386 0.218664 0.166265 0.124584 0.091997 0.066948 0.048015 0.033938 0.023643 0.016234 0.010986 0.007328 0.004819 0.003123 0.001995 0.001257 0.000780 0.000478 0.000288 0.000172 0.000101 0.000058 0.000033 0.000019 0.000010 0.000006 0.000003 0.000002 0.000001 0.000000 0.000000 0.000000 0.000000 
0.000000 0.000000 0.000000 0.000000 0.000001 0.000001 0.000002 0.000004 0.000008 0.000015 0.000027 0.000048 0.000084 0.000145 0.000247 0.000416 0.000688 0.001124 0.001809 0.002872 0.004492 0.006928 0.010532 0.015783 0.023312 0.033938 0.048699 0.068873 0.095999 0.131873 0.178530 0.238188 0.313164 0.405749 0.518045 0.651767 0.808023 0.987083 1.188161 1.409227 1.646890 1.896357 2.151504 2.405060 2.648910 2.874501 3.073323 3.237442 3.360021 3.435789 3.461423 3.435789 3.360021 3.237442 3.073323 2.874501 2.648910 2.405060 2.151504 1.896357 1.646890 1.409227 1.188161 0.987083 0.808023 0.651767 0.518045 0.405749 0.313164 0.238188 0.178530 0.131873 0.095999 0.068873 0.048699 0.033938 0.023312 0.015783 0.010532 0.006928 0.004492 0.002872 0.001809 0.001124 0.000688 0.000416 0.000247 0.000145 0.000084 0.000048 0.000027 0.000015 0.000008 0.000004 0.000002 0.000001 0.000001 0.000000 0.000000 0.000000 
0.000000 0.000000 0.000000 0.000000 0.000001 0.000002 0.000003 0.000006 0.000012 0.000021 0.000038 0.000068 0.000120 0.000207 0.000352 0.000591 0.000978 0.001596 0.002567 0.004072 0.006368 0.009817 0.014918 0.022346 0.032993 0.048015 0.068873 0.097371 0.135675 0.186318 0.252162 0.336330 0.442079 0.572629 0.730934 0.919399 1.139575 1.391833 1.675053 1.986372 2.321010 2.672216 3.031372 3.388246 3.731424 4.048876 4.328639 4.559558 4.732021 4.838620 4.874685 4.838620 4.732021 4.559558 4.328639 4.048876 3.731424 3.388246 3.031372 2.672216 2.321010 1.986372 1.675053 1.391833 1.139575 0.919399 0.730934 0.572629 0.442079 0.336330 0.252162 0.186318 0.135675 0.097371 0.068873 0.048015 0.032993 0.022346 0.014918 0.009817 0.006368 0.004072 0.002567 0.001596 0.000978 0.000591 0.000352 0.000207 0.000120 0.000068 0.000038 0.000021 0.000012 0.000006 0.000003 0.000002 0.000001 0.000001 0.000000 0.000000 
0.000000 0.000000 0.000000 0.000001 0.000001 0.000002 0.000005 0.000009 0.000016 0.000030 0.000054 0.000096 0.000168 0.000290 0.000493 0.000827 0.001368 0.002232 0.003590 0.005692 0.008897 0.013709 0.020824 0.031180 0.046019 0.066948 0.095999 0.135675 0.188989 0.259454 0.351043 0.468087 0.615103 0.796554 1.016526 1.278350 1.584163 1.934466 2.327695 2.759864 3.224331 3.711727 4.210090 4.705233 5.181325 5.621690 6.009746 6.330034 6.569230 6.717074 6.767093 6.717074 6.569230 6.330034 6.009746 5.621690 5.181325 4.705233 4.210090 3.711727 3.224331 2.759864 2.327695 1.934466 1.584163 1.278350 1.016526 0.796554 0.615103 0.468087 0.351043 0.259454 0.188989 0.135675 0.095999 0.066948 0.046019 0.031180 0.020824 0.013709 0.008897 0.005692 0.003590 0.002232 0.001368 0.000827 0.000493 0.000290 0.000168 0.000096 0.000054 0.000030 0.000016 0.000009 0.000005 0.000003 0.000001 0.000001 0.000000 0.000000 
0.000000 0.000000 0.000001 0.000001 0.000002 0.000003 0.000007 0.000012 0.000023 0.000042 0.000075 0.000132 0.000232 0.000400 0.000680 0.001141 0.001887 0.003077 0.004946 0.007839 0.012248 0.018865 0.028645 0.042875 0.063259 0.091997 0.131873 0.186318 0.259454 0.356089 0.481658 0.642083 0.843538 1.092119 1.393404 1.751933 2.170615 2.650117 3.188282 3.779644 4.415107 5.081850 5.763514 6.440698 7.091768 7.693930 8.224529 8.662441 8.989470 9.191596 9.259978 9.191596 8.989470 8.662441 8.224529 7.693930 7.091768 6.440698 5.763514 5.081850 4.415107 3.779644 3.188282 2.650117 2.170615 1.751933 1.393404 1.092119 0.843538 0.642083 0.481658 0.356089 0.259454 0.186318 0.131873 0.091997 0.063259 0.042875 0.028645 0.018865 0.012248 0.007839 0.004946 0.003077 0.001887 0.001141 0.000680 0.000400 0.000232 0.000132 0.000075 0.000042 0.000023 0.000012 0.000007 0.000003 0.000002 0.000001 0.000001 0.000001 
0.000000 0.000000 0.000001 0.000001 0.000002 0.000005 0.000009 0.000017 0.000031 0.000057 0.000102 0.000180 0.000316 0.000544 0.000925 0.001551 0.002564 0.004179 0.006715 0.010638 0.016615 0.025583 0.038831 0.058101 0.085694 0.124584 0.178530 0.252162 0.351043 0.481658 0.651337 0.868059 1.140144 1.475800 1.882533 2.366446 2.931439 3.578389 4.304367 5.101985 5.958963 6.858009 7.777068 8.689995 9.567635 10.379286 11.094431 11.684622 12.125354 12.397749 12.489903 12.397749 12.125354 11.684622 11.094431 10.379286 9.567635 8.689995 7.777068 6.858009 5.958963 5.101985 4.304367 3.578389 2.931439 2.366446 1.882533 1.475800 1.140144 0.868059 0.651337 0.481658 0.351043 0.252162 0.178530 0.124584 0.085694 0.058101 0.038831 0.025583 0.016615 0.010638 0.006715 0.004179 0.002564 0.001551 0.000925 0.000544 0.000316 0.000180 0.000102 0.000057 0.000031 0.000017 0.000009 0.000005 0.000003 0.000001 0.000001 0.000001 
0.000001 0.000001 0.000001 0.000002 0.000003 0.000006 0.000012 0.000023 0.000042 0.000076 0.000137 0.000242 0.000423 0.000729 0.001240 0.002077 0.003433 0.005592 0.008983 0.014226 0.022211 0.034187 0.051873 0.077589 0.114399 0.166265 0.238188 0.336330 0.468087 0.642083 0.868059 1.156617 1.518806 1.965517 2.506712 3.150475 3.901963 4.762314 5.727607 6.788000 7.927156 9.122085 10.343479 11.556603 12.722738 13.801113 14.751209 15.535261 16.120739 16.482586 16.605001 16.482586 16.120739 15.535261 14.751209 13.801113 12.722738 11.556603 10.343479 9.122085 7.927156 6.788000 5.727607 4.762314 3.901963 3.150475 2.506712 1.965517 1.518806 1.156617 0.868059 0.642083 0.468087 0.336330 0.238188 0.166265 0.114399 0.077589 0.051873 0.034187 0.022211 0.014226 0.008983 0.005592 0.003433 0.002077 0.001240 0.000729 0.000423 0.000242 0.000137 0.000076 0.000042 0.000023 0.000012 0.000006 0.000003 0.000002 0.000001 0.000001 
0.000001 0.000001 0.000001 0.000002 0.000004 0.000008 0.000016 0.000030 0.000055 0.000101 0.000181 0.000320 0.000559 0.000963 0.001637 0.002741 0.004528 0.007374 0.011841 0.018746 0.029257 0.045016 0.068283 0.102102 0.150496 0.218664 0.313164 0.442079 0.615103 0.843538 1.140144 1.518806 1.993983 2.579930 3.289670 4.133764 5.118936 6.246638 7.511702 8.901204 10.393724 11.959136 13.559051 15.147985 16.675248 18.087474 19.331636 20.358314 21.124941 21.598735 21.759020 21.598735 21.124941 20.358314 19.331636 18.087474 16.675248 15.147985 13.559051 11.959136 10.393724 8.901204 7.511702 6.246638 5.118936 4.133764 3.289670 2.579930 1.993983 1.518806 1.140144 0.843538 0.615103 0.442079 0.313164 0.218664 0.150496 0.102102 0.068283 0.045016 0.029257 0.018746 0.011841 0.007374 0.004528 0.002741 0.001637 0.000963 0.000559 0.000320 0.000181 0.000101 0.000055 0.000030 0.000016 0.000008 0.000005 0.000003 0.000002 0.000002 
0.000001 0.000001 0.000002 0.000003 0.000006 0.000011 0.000021 0.000039 0.000072 0.000131 0.000235 0.000417 0.000728 0.001253 0.002129 0.003564 0.005885 0.009581 0.015379 0.024338 0.037973 0.058409 0.088570 0.132398 0.195096 0.283386 0.405749 0.572629 0.796554 1.092119 1.475800 1.965517 2.579930 3.337421 4.254775 5.345594 6.618516 8.075375 9.709456 11.504036 13.431433 15.452738 17.518389 19.569682 21.541206 23.364110 24.969988 26.295094 27.284527 27.896005 28.102868 27.896005 27.284527 26.295094 24.969988 23.364110 21.541206 19.569682 17.518389 15.452738 13.431433 11.504036 9.709456 8.075375 6.618516 5.345594 4.254775 3.337421 2.579930 1.965517 1.475800 1.092119 0.796554 0.572629 0.405749 0.283386 0.195096 0.132398 0.088570 0.058409 0.037973 0.024338 0.015379 0.009581 0.005885 0.003564 0.002129 0.001253 0.000728 0.000417 0.000235 0.000131 0.000072 0.000039 0.000021 0.000011 0.000006 0.000003 0.000002 0.000002 
0.000001 0.000001 0.000002 0.000004 0.000007 0.000014 0.000027 0.000050 0.000092 0.000168 0.000302 0.000535 0.000933 0.001607 0.002728 0.004566 0.007537 0.012265 0.019681 0.031136 0.048564 0.074677 0.113204 0.169173 0.249219 0.361908 0.518045 0.730934 1.016526 1.393404 1.882533 2.506712 3.289670 4.254775 5.423353 6.812670 8.433671 10.288637 12.368971 14.653351 17.106518 19.678942 22.307557 24.917684 27.426128 29.745331 31.788316 33.474034 34.732690 35.510535 35.773677 35.510535 34.732690 33.474034 31.788316 29.745331 27.426128 24.917684 22.307557 19.678942 17.106518 14.653351 12.368971 10.288637 8.433671 6.812670 5.423353 4.254775 3.289670 2.506712 1.882533 1.393404 1.016526 0.730934 0.518045 0.361908 0.249219 0.169173 0.113204 0.074677 0.048564 0.031136 0.019681 0.012265 0.007537 0.004566 0.002728 0.001607 0.000933 0.000535 0.000302 0.000168 0.000092 0.000050 0.000027 0.000014 0.000008 0.000004 0.000003 0.000003 
0.000002 0.000002 0.000003 0.000005 0.000009 0.000018 0.000034 0.000063 0.000117 0.000213 0.000382 0.000676 0.001179 0.002029 0.003444 0.005763 0.009508 0.015469 0.024815 0.039246 0.061195 0.094073 0.142568 0.212999 0.313702 0.455434 0.651767 0.919399 1.278350 1.751933 2.366446 3.150475 4.133764 5.345594 6.812670 8.556599 10.591049 12.918821 15.529074 18.395013 21.472379 24.699030 27.995873 31.269272 34.414933 37.323111 39.884797 41.998426 43.576540 44.551789 44.881708 44.551789 43.576540 41.998426 39.884797 37.323111 34.414933 31.269272 27.995873 24.699030 21.472379 18.395013 15.529074 12.918821 10.591049 8.556599 6.812670 5.345594 4.133764 3.150475 2.366446 1.751933 1.278350 0.919399 0.651767 0.455434 0.313702 0.212999 0.142568 0.094073 0.061195 0.039246 0.024815 0.015469 0.009508 0.005763 0.003444 0.002029 0.001179 0.000676 0.000382 0.000213 0.000117 0.000063 0.000034 0.000018 0.000010 0.000005 0.000004 0.000004 
0.000002 0.000002 0.000003 0.000006 0.000012 0.000022 0.000042 0.000079 0.000146 0.000265 0.000476 0.000841 0.001468 0.002525 0.004283 0.007165 0.011819 0.019223 0.030826 0.048739 0.075977 0.116766 0.176915 0.264248 0.389086 0.564747 0.808023 1.139575 1.584163 2.170615 2.931439 3.901963 5.118936 6.618516 8.433671 10.591049 13.107481 15.986358 19.214210 22.757857 26.562543 30.551433 34.626761 38.672813 42.560726 46.154921 49.320744 51.932747 53.882912 55.088061 55.495749 55.088061 53.882912 51.932747 49.320744 46.154921 42.560726 38.672813 34.626761 30.551433 26.562543 22.757857 19.214210 15.986358 13.107481 10.591049 8.433671 6.618516 5.118936 3.901963 2.931439 2.170615 1.584163 1.139575 0.808023 0.564747 0.389086 0.264248 0.176915 0.116766 0.075977 0.048739 0.030826 0.019223 0.011819 0.007165 0.004283 0.002525 0.001468 0.000841 0.000476 0.000265 0.000146 0.000079 0.000042 0.000023 0.000012 0.000007 0.000005 0.000005 
0.000003 0.000003 0.000004 0.000008 0.000014 0.000027 0.000052 0.000097 0.000179 0.000326 0.000584 0.001032 0.001800 0.003095 0.005248 0.008777 0.014473 0.023533 0.037728 0.059637 0.092941 0.142801 0.216309 0.323014 0.475509 0.690039 0.987083 1.391833 1.934466 2.650117 3.578389 4.762314 6.246638 8.075375 10.288637 12.918821 15.986358 19.495299 23.429156 27.747436 32.383385 37.243370 42.208288 47.137201 51.873188 56.251164 60.107188 63.288541 65.663732 67.131510 67.628039 67.131510 65.663732 63.288541 60.107188 56.251164 51.873188 47.137201 42.208288 37.243370 32.383385 27.747436 23.429156 19.495299 15.986358 12.918821 10.288637 8.075375 6.246638 4.762314 3.578389 2.650117 1.934466 1.391833 0.987083 0.690039 0.475509 0.323014 0.216309 0.142801 0.092941 0.059637 0.037728 0.023533 0.014473 0.008777 0.005248 0.003095 0.001800 0.001032 0.000584 0.000326 0.000179 0.000097 0.000052 0.000028 0.000015 0.000008 0.000006 0.000006 
0.000003 0.000003 0.000005 0.000009 0.000017 0.000033 0.000063 0.000118 0.000217 0.000394 0.000705 0.001247 0.002173 0.003737 0.006335 0.010592 0.017461 0.028384 0.045493 0.071893 0.112015 0.172069 0.260585 0.389047 0.572598 0.830765 1.188161 1.675053 2.327695 3.188282 4.304367 5.727607 7.511702 9.709456 12.368971 15.529074 19.214210 23.429156 28.154025 33.340128 38.907256 44.742958 50.704237 56.621913 62.307645 67.563321 72.192222 76.011105 78.862205 80.624049 81.220052 80.624049 78.862205 76.011105 72.192222 67.563321 62.307645 56.621913 50.704237 44.742958 38.907256 33.340128 28.154025 23.429156 19.214210 15.529074 12.368971 9.709456 7.511702 5.727607 4.304367 3.188282 2.327695 1.675053 1.188161 0.830765 0.572598 0.389047 0.260585 0.172069 0.112015 0.071893 0.045493 0.028384 0.017461 0.010592 0.006335 0.003737 0.002173 0.001247 0.000705 0.000394 0.000217 0.000118 0.000063 0.000033 0.000018 0.000010 0.000007 0.000007 
0.000004 0.000004 0.000006 0.000011 0.000021 0.000040 0.000075 0.000140 0.000258 0.000469 0.000840 0.001484 0.002586 0.004445 0.007533 0.012591 0.020753 0.033727 0.054044 0.085387 0.133011 0.204278 0.309300 0.461687 0.679379 0.985509 1.409227 1.986372 2.759864 3.779644 5.101985 6.788000 8.901204 11.504036 14.653351 18.395013 22.757857 27.747436 33.340128 39.478234 46.066782 52.972678 60.026719 67.028756 73.756005 79.974150 85.450538 89.968474 93.341399 95.425676 96.130747 95.425676 93.341399 89.968474 85.450538 79.974150 73.756005 67.028756 60.026719 52.972678 46.066782 39.478234 33.340128 27.747436 22.757857 18.395013 14.653351 11.504036 8.901204 6.788000 5.101985 3.779644 2.759864 1.986372 1.409227 0.985509 0.679379 0.461687 0.309300 0.204278 0.133011 0.085387 0.054044 0.033727 0.020753 0.012591 0.007533 0.004445 0.002586 0.001484 0.000840 0.000469 0.000258 0.000140 0.000075 0.000040 0.000021 0.000012 0.000008 0.000008 
0.000005 0.000005 0.000007 0.000013 0.000024 0.000047 0.000088 0.000164 0.000303 0.000550 0.000984 0.001739 0.003031 0.005208 0.008825 0.014746 0.024299 0.039481 0.063251 0.099914 0.155609 0.238937 0.361710 0.539820 0.794215 1.151899 1.646890 2.321010 3.224331 4.415107 5.958963 7.927156 10.393724 13.431433 17.106518 21.472379 26.562543 32.383385 38.907256 46.066782 53.751145 61.805104 70.031345 78.196505 86.040867 93.291294 99.676613 104.944262 108.876817 111.306881 112.128921 111.306881 108.876817 104.944262 99.676613 93.291294 86.040867 78.196505 70.031345 61.805104 53.751145 46.066782 38.907256 32.383385 26.562543 21.472379 17.106518 13.431433 10.393724 7.927156 5.958963 4.415107 3.224331 2.321010 1.646890 1.151899 0.794215 0.539820 0.361710 0.238937 0.155609 0.099914 0.063251 0.039481 0.024299 0.014746 0.008825 0.005208 0.003031 0.001739 0.000984 0.000550 0.000303 0.000164 0.000088 0.000047 0.000025 0.000014 0.000009 0.000009 
0.000005 0.000005 0.000008 0.000015 0.000028 0.000054 0.000102 0.000190 0.000350 0.000635 0.001137 0.002008 0.003499 0.006010 0.010183 0.017013 0.028028 0.045530 0.072930 0.115180 0.179353 0.275348 0.416758 0.621874 0.914794 1.326579 1.896357 2.672216 3.711727 5.081850 6.858009 9.122085 11.959136 15.452738 19.678942 24.699030 30.551433 37.243370 44.742958 52.972678 61.805104 71.061789 80.515970 89.899502 98.913987 107.245642 114.582957 120.635821 125.154497 127.946711 128.891253 127.946711 125.154497 120.635821 114.582957 107.245642 98.913987 89.899502 80.515970 71.061789 61.805104 52.972678 44.742958 37.243370 30.551433 24.699030 19.678942 15.452738 11.959136 9.122085 6.858009 5.081850 3.711727 2.672216 1.896357 1.326579 0.914794 0.621874 0.416758 0.275348 0.179353 0.115180 0.072930 0.045530 0.028028 0.017013 0.010183 0.006010 0.003499 0.002008 0.001137 0.000635 0.000350 0.000190 0.000102 0.000054 0.000029 0.000016 0.000011 0.000011 
0.000006 0.000006 0.000009 0.000017 0.000032 0.000061 0.000116 0.000216 0.000398 0.000722 0.001293 0.002284 0.003978 0.006834 0.011575 0.019335 0.031848 0.051727 0.082840 0.130811 0.203659 0.312615 0.473093 0.705832 1.038152 1.505261 2.151504 3.031372 4.210090 5.763514 7.777068 10.343479 13.559051 17.518389 22.307557 27.995873 34.626761 42.208288 50.704237 60.026719 70.031345 80.515970 91.223772 101.851099 112.060077 121.495440 129.804516 136.658881 141.775821 144.937686 146.007266 144.937686 141.775821 136.658881 129.804516 121.495440 112.060077 101.851099 91.223772 80.515970 70.031345 60.026719 50.704237 42.208288 34.626761 27.995873 22.307557 17.518389 13.559051 10.343479 7.777068 5.763514 4.210090 3.031372 2.151504 1.505261 1.038152 0.705832 0.473093 0.312615 0.203659 0.130811 0.082840 0.051727 0.031848 0.019335 0.011575 0.006834 0.003978 0.002284 0.001293 0.000722 0.000398 0.000216 0.000116 0.000062 0.000033 0.000018 0.000013 0.000013 
