0.000000 0.000000 0.000000 0.000000 0.000000 0.000000 0.000000 0.000000 0.000000 0.000000 0.000000 0.000000 0.000000 0.000000 0.000000 0.000000 0.000000 0.000000 0.000000 0.000000 0.000000 0.000000 0.000000 0.000001 0.000001 0.000001 0.000002 0.000002 0.000003 0.000004 0.000006 0.000007 0.000009 0.000012 0.000015 0.000018 0.000022 0.000026 0.000031 0.000036 0.000041 0.000047 0.000052 0.000058 0.000063 0.000068 0.000072 0.000075 0.000078 0.000080 0.000080 0.000080 0.000078 0.000075 0.000072 0.000068 0.000063 0.000058 0.000052 0.000047 0.000041 0.000036 0.000031 0.000026 0.000022 0.000018 0.000015 0.000012 0.000009 0.000007 0.000006 0.000004 0.000003 0.000002 0.000002 0.000001 0.000001 0.000001 0.000000 0.000000 0.000000 0.000000 0.000000 0.000000 0.000000 0.000000 0.000000 0.000000 0.000000 0.000000 0.000000 0.000000 0.000000 0.000000 0.000000 0.000000 0.000000 0.000000 0.000000 0.000000 
0.000000 0.000000 0.000000 0.000000 0.000000 0.000000 0.000000 0.000000 0.000000 0.000000 0.000000 0.000000 0.000000 0.000000 0.000000 0.000000 0.000000 0.000000 0.000000 0.000000 0.000000 0.000000 0.000000 0.000001 0.000001 0.000001 0.000002 0.000002 0.000003 0.000004 0.000006 0.000007 0.000009 0.000012 0.000015 0.000018 0.000022 0.000026 0.000031 0.000036 0.000041 0.000047 0.000052 0.000058 0.000063 0.000068 0.000072 0.000075 0.000078 0.000080 0.000080 0.000080 0.000078 0.000075 0.000072 0.000068 0.000063 0.000058 0.000052 0.000047 0.000041 0.000036 0.000031 0.000026 0.000022 0.000018 0.000015 0.000012 0.000009 0.000007 0.000006 0.000004 0.000003 0.000002 0.000002 0.000001 0.000001 0.000001 0.000000 0.000000 0.000000 0.000000 0.000000 0.000000 0.000000 0.000000 0.000000 0.000000 0.000000 0.000000 0.000000 0.000000 0.000000 0.000000 0.000000 0.000000 0.000000 0.000000 0.000000 0.000000 
0.000000 0.000000 0.000000 0.000000 0.000000 0.000000 0.000000 0.000000 0.000000 0.000000 0.000000 0.000000 0.000000 0.000000 0.000000 0.000000 0.000000 0.000000 0.000000 0.000000 0.000000 0.000000 0.000001 0.000001 0.000001 0.000002 0.000002 0.000003 0.000004 0.000006 0.000008 0.000010 0.000013 0.000016 0.000020 0.000025 0.000030 0.000036 0.000042 0.000049 0.000057 0.000064 0.000072 0.000080 0.000087 0.000093 0.000099 0.000104 0.000107 0.000110 0.000110 0.000110 0.000107 0.000104 0.000099 0.000093 0.000087 0.000080 0.000072 0.000064 0.000057 0.000049 0.000042 0.000036 0.000030 0.000025 0.000020 0.000016 0.000013 0.000010 0.000008 0.000006 0.000004 0.000003 0.000002 0.000002 0.000001 0.000001 0.000001 0.000000 0.000000 0.000000 0.000000 0.000000 0.000000 0.000000 0.000000 0.000000 0.000000 0.000000 0.000000 0.000000 0.000000 0.000000 0.000000 0.000000 0.000000 0.000000 0.000000 0.000000 
0.000000 0.000000 0.000000 0.000000 0.000000 0.000000 0.000000 0.000000 0.000000 0.000000 0.000000 0.000000 0.000000 0.000000 0.000000 0.000000 0.000000 0.000000 0.000000 0.000000 0.000000 0.000001 0.000001 0.000001 0.000002 0.000003 0.000004 0.000005 0.000007 0.000010 0.000013 0.000017 0.000021 0.000027 0.000033 0.000041 0.000049 0.000059 0.000070 0.000081 0.000093 0.000106 0.000118 0.000131 0.000142 0.000153 0.000163 0.000170 0.000176 0.000180 0.000181 0.000180 0.000176 0.000170 0.000163 0.000153 0.000142 0.000131 0.000118 0.000106 0.000093 0.000081 0.000070 0.000059 0.000049 0.000041 0.000033 0.000027 0.000021 0.000017 0.000013 0.000010 0.000007 0.000005 0.000004 0.000003 0.000002 0.000001 0.000001 0.000001 0.000000 0.000000 0.000000 0.000000 0.000000 0.000000 0.000000 0.000000 0.000000 0.000000 0.000000 0.000000 0.000000 0.000000 0.000000 0.000000 0.000000 0.000000 0.000000 0.000000 
0.000000 0.000000 0.000000 0.000000 0.000000 0.000000 0.000000 0.000000 0.000000 0.000000 0.000000 0.000000 0.000000 0.000000 0.000000 0.000000 0.000000 0.000000 0.000000 0.000001 0.000001 0.000001 0.000002 0.000003 0.000004 0.000005 0.000007 0.000010 0.000013 0.000017 0.000022 0.000029 0.000037 0.000046 0.000058 0.000071 0.000086 0.000102 0.000121 0.000141 0.000162 0.000183 0.000205 0.000227 0.000247 0.000266 0.000282 0.000295 0.000305 0.000311 0.000314 0.000311 0.000305 0.000295 0.000282 0.000266 0.000247 0.000227 0.000205 0.000183 0.000162 0.000141 0.000121 0.000102 0.000086 0.000071 0.000058 0.000046 0.000037 0.000029 0.000022 0.000017 0.000013 0.000010 0.000007 0.000005 0.000004 0.000003 0.000002 0.000001 0.000001 0.000001 0.000000 0.000000 0.000000 0.000000 0.000000 0.000000 0.000000 0.000000 0.000000 0.000000 0.000000 0.000000 0.000000 0.000000 0.000000 0.000000 0.000000 0.000000 
0.000000 0.000000 0.000000 0.000000 0.000000 0.000000 0.000000 0.000000 0.000000 0.000000 0.000000 0.000000 0.000000 0.000000 0.000000 0.000000 0.000000 0.000000 0.000001 0.000001 0.000001 0.000002 0.000003 0.000005 0.000006 0.000009 0.000012 0.000017 0.000023 0.000030 0.000039 0.000051 0.000065 0.000082 0.000101 0.000124 0.000151 0.000180 0.000212 0.000247 0.000284 0.000322 0.000360 0.000397 0.000433 0.000466 0.000494 0.000518 0.000535 0.000546 0.000549 0.000546 0.000535 0.000518 0.000494 0.000466 0.000433 0.000397 0.000360 0.000322 0.000284 0.000247 0.000212 0.000180 0.000151 0.000124 0.000101 0.000082 0.000065 0.000051 0.000039 0.000030 0.000023 0.000017 0.000012 0.000009 0.000006 0.000005 0.000003 0.000002 0.000001 0.000001 0.000001 0.000000 0.000000 0.000000 0.000000 0.000000 0.000000 0.000000 0.000000 0.000000 0.000000 0.000000 0.000000 0.000000 0.000000 0.000000 0.000000 0.000000 
0.000000 0.000000 0.000000 0.000000 0.000000 0.000000 0.000000 0.000000 0.000000 0.000000 0.000000 0.000000 0.000000 0.000000 0.000000 0.000000 0.000000 0.000001 0.000001 0.000002 0.000003 0.000004 0.000006 0.000008 0.000011 0.000016 0.000022 0.000029 0.000040 0.000052 0.000069 0.000089 0.000113 0.000142 0.000177 0.000217 0.000263 0.000314 0.000370 0.000431 0.000495 0.000561 0.000628 0.000693 0.000755 0.000812 0.000862 0.000902 0.000933 0.000951 0.000958 0.000951 0.000933 0.000902 0.000862 0.000812 0.000755 0.000693 0.000628 0.000561 0.000495 0.000431 0.000370 0.000314 0.000263 0.000217 0.000177 0.000142 0.000113 0.000089 0.000069 0.000052 0.000040 0.000029 0.000022 0.000016 0.000011 0.000008 0.000006 0.000004 0.000003 0.000002 0.000001 0.000001 0.000000 0.000000 0.000000 0.000000 0.000000 0.000000 0.000000 0.000000 0.000000 0.000000 0.000000 0.000000 0.000000 0.000000 0.000000 0.000000 
0.000000 0.000000 0.000000 0.000000 0.000000 0.000000 0.000000 0.000000 0.000000 0.000000 0.000000 0.000000 0.000000 0.000000 0.000000 0.000001 0.000001 0.000001 0.000002 0.000003 0.000005 0.000007 0.000010 0.000014 0.000019 0.000027 0.000037 0.000051 0.000069 0.000091 0.000119 0.000154 0.000196 0.000246 0.000306 0.000375 0.000454 0.000543 0.000640 0.000744 0.000855 0.000969 0.001084 0.001196 0.001303 0.001401 0.001487 0.001557 0.001609 0.001642 0.001652 0.001642 0.001609 0.001557 0.001487 0.001401 0.001303 0.001196 0.001084 0.000969 0.000855 0.000744 0.000640 0.000543 0.000454 0.000375 0.000306 0.000246 0.000196 0.000154 0.000119 0.000091 0.000069 0.000051 0.000037 0.000027 0.000019 0.000014 0.000010 0.000007 0.000005 0.000003 0.000002 0.000001 0.000001 0.000001 0.000000 0.000000 0.000000 0.000000 0.000000 0.000000 0.000000 0.000000 0.000000 0.000000 0.000000 0.000000 0.000000 0.000000 
0.000000 0.000000 0.000000 0.000000 0.000000 0.000000 0.000000 0.000000 0.000000 0.000000 0.000000 0.000000 0.000000 0.000000 0.000001 0.000001 0.000001 0.000002 0.000003 0.000005 0.000008 0.000011 0.000016 0.000024 0.000033 0.000047 0.000064 0.000087 0.000117 0.000156 0.000203 0.000263 0.000335 0.000421 0.000523 0.000642 0.000776 0.000927 0.001093 0.001271 0.001459 0.001654 0.001849 0.002041 0.002223 0.002390 0.002536 0.002656 0.002745 0.002800 0.002818 0.002800 0.002745 0.002656 0.002536 0.002390 0.002223 0.002041 0.001849 0.001654 0.001459 0.001271 0.001093 0.000927 0.000776 0.000642 0.000523 0.000421 0.000335 0.000263 0.000203 0.000156 0.000117 0.000087 0.000064 0.000047 0.000033 0.000024 0.000016 0.000011 0.000008 0.000005 0.000003 0.000002 0.000001 0.000001 0.000001 0.000000 0.000000 0.000000 0.000000 0.000000 0.000000 0.000000 0.000000 0.000000 0.000000 0.000000 0.000000 0.000000 
0.000000 0.000000 0.000000 0.000000 0.000000 0.000000 0.000000 0.000000 0.000000 0.000000 0.000000 0.000000 0.000000 0.000001 0.000001 0.000002 0.000002 0.000004 0.000006 0.000009 0.000013 0.000019 0.000028 0.000040 0.000057 0.000079 0.000109 0.000148 0.000199 0.000263 0.000344 0.000444 0.000566 0.000712 0.000884 0.001083 0.001310 0.001564 0.001843 0.002144 0.002461 0.002788 0.003118 0.003441 0.003748 0.004029 0.004275 0.004476 0.004626 0.004718 0.004749 0.004718 0.004626 0.004476 0.004275 0.004029 0.003748 0.003441 0.003118 0.002788 0.002461 0.002144 0.001843 0.001564 0.001310 0.001083 0.000884 0.000712 0.000566 0.000444 0.000344 0.000263 0.000199 0.000148 0.000109 0.000079 0.000057 0.000040 0.000028 0.000019 0.000013 0.000009 0.000006 0.000004 0.000002 0.000002 0.000001 0.000001 0.000000 0.000000 0.000000 0.000000 0.000000 0.000000 0.000000 0.000000 0.000000 0.000000 0.000000 0.000000 
0.000000 0.000000 0.000000 0.000000 0.000000 0.000000 0.000000 0.000000 0.000000 0.000000 0.000000 0.000000 0.000001 0.000001 0.000002 0.000003 0.000004 0.000006 0.000010 0.000015 0.000022 0.000032 0.000047 0.000067 0.000095 0.000132 0.000182 0.000247 0.000332 0.000440 0.000575 0.000742 0.000945 0.001188 0.001475 0.001807 0.002185 0.002608 0.003073 0.003573 0.004101 0.004646 0.005194 0.005731 0.006242 0.006710 0.007118 0.007453 0.007702 0.007855 0.007907 0.007855 0.007702 0.007453 0.007118 0.006710 0.006242 0.005731 0.005194 0.004646 0.004101 0.003573 0.003073 0.002608 0.002185 0.001807 0.001475 0.001188 0.000945 0.000742 0.000575 0.000440 0.000332 0.000247 0.000182 0.000132 0.000095 0.000067 0.000047 0.000032 0.000022 0.000015 0.000010 0.000006 0.000004 0.000003 0.000002 0.000001 0.000001 0.000000 0.000000 0.000000 0.000000 0.000000 0.000000 0.000000 0.000000 0.000000 0.000000 0.000000 
0.000000 0.000000 0.000000 0.000000 0.000000 0.000000 0.000000 0.000000 0.000000 0.000000 0.000000 0.000001 0.000001 0.000002 0.000003 0.000004 0.000007 0.000011 0.000016 0.000025 0.000037 0.000054 0.000078 0.000111 0.000157 0.000219 0.000301 0.000409 0.000548 0.000726 0.000948 0.001224 0.001558 0.001959 0.002431 0.002977 0.003600 0.004296 0.005060 0.005883 0.006751 0.007646 0.008547 0.009430 0.010270 0.011038 0.011709 0.012259 0.012668 0.012920 0.013005 0.012920 0.012668 0.012259 0.011709 0.011038 0.010270 0.009430 0.008547 0.007646 0.006751 0.005883 0.005060 0.004296 0.003600 0.002977 0.002431 0.001959 0.001558 0.001224 0.000948 0.000726 0.000548 0.000409 0.000301 0.000219 0.000157 0.000111 0.000078 0.000054 0.000037 0.000025 0.000016 0.000011 0.000007 0.000004 0.000003 0.000002 0.000001 0.000001 0.000000 0.000000 0.000000 0.000000 0.000000 0.000000 0.000000 0.000000 0.000000 0.000000 
0.000000 0.000000 0.000000 0.000000 0.000000 0.000000 0.000000 0.000000 0.000000 0.000000 0.000001 0.000001 0.000002 0.000003 0.000005 0.000007 0.000011 0.000018 0.000027 0.000040 0.000060 0.000088 0.000127 0.000181 0.000256 0.000357 0.000491 0.000667 0.000894 0.001183 0.001546 0.001994 0.002538 0.003190 0.003957 0.004846 0.005858 0.006989 0.008231 0.009567 0.010977 0.012430 0.013894 0.015328 0.016690 0.017937 0.019027 0.019919 0.020583 0.020991 0.021129 0.020991 0.020583 0.019919 0.019027 0.017937 0.016690 0.015328 0.013894 0.012430 0.010977 0.009567 0.008231 0.006989 0.005858 0.004846 0.003957 0.003190 0.002538 0.001994 0.001546 0.001183 0.000894 0.000667 0.000491 0.000357 0.000256 0.000181 0.000127 0.000088 0.000060 0.000040 0.000027 0.000018 0.000011 0.000007 0.000005 0.000003 0.000002 0.000001 0.000001 0.000000 0.000000 0.000000 0.000000 0.000000 0.000000 0.000000 0.000000 0.000000 
0.000000 0.000000 0.000000 0.000000 0.000000 0.000000 0.000000 0.000000 0.000000 0.000001 0.000001 0.000002 0.000003 0.000005 0.000007 0.000012 0.000018 0.000028 0.000043 0.000065 0.000097 0.000142 0.000205 0.000293 0.000413 0.000575 0.000791 0.001074 0.001440 0.001905 0.002488 0.003209 0.004084 0.005131 0.006364 0.007791 0.009416 0.011232 0.013224 0.015369 0.017631 0.019963 0.022310 0.024610 0.026795 0.028794 0.030541 0.031972 0.033036 0.033691 0.033912 0.033691 0.033036 0.031972 0.030541 0.028794 0.026795 0.024610 0.022310 0.019963 0.017631 0.015369 0.013224 0.011232 0.009416 0.007791 0.006364 0.005131 0.004084 0.003209 0.002488 0.001905 0.001440 0.001074 0.000791 0.000575 0.000413 0.000293 0.000205 0.000142 0.000097 0.000065 0.000043 0.000028 0.000018 0.000012 0.000007 0.000005 0.000003 0.000002 0.000001 0.000001 0.000000 0.000000 0.000000 0.000000 0.000000 0.000000 0.000000 0.000000 
0.000000 0.000000 0.000000 0.000000 0.000000 0.000000 0.000000 0.000000 0.000001 0.000001 0.000002 0.000003 0.000005 0.000007 0.000012 0.000019 0.000029 0.000045 0.000069 0.000104 0.000154 0.000226 0.000327 0.000467 0.000658 0.000917 0.001260 0.001710 0.002291 0.003030 0.003957 0.005101 0.006490 0.008153 0.010109 0.012373 0.014950 0.017829 0.020989 0.024389 0.027973 0.031668 0.035387 0.039031 0.042491 0.045658 0.048425 0.050692 0.052376 0.053413 0.053764 0.053413 0.052376 0.050692 0.048425 0.045658 0.042491 0.039031 0.035387 0.031668 0.027973 0.024389 0.020989 0.017829 0.014950 0.012373 0.010109 0.008153 0.006490 0.005101 0.003957 0.003030 0.002291 0.001710 0.001260 0.000917 0.000658 0.000467 0.000327 0.000226 0.000154 0.000104 0.000069 0.000045 0.000029 0.000019 0.000012 0.000007 0.000005 0.000003 0.000002 0.000001 0.000001 0.000000 0.000000 0.000000 0.000000 0.000000 0.000000 0.000000 
0.000000 0.000000 0.000000 0.000000 0.000000 0.000000 0.000000 0.000001 0.000001 0.000002 0.000003 0.000004 0.000007 0.000012 0.000019 0.000030 0.000047 0.000072 0.000109 0.000164 0.000243 0.000356 0.000515 0.000735 0.001036 0.001442 0.001981 0.002688 0.003601 0.004761 0.006215 0.008009 0.010188 0.012794 0.015861 0.019409 0.023445 0.027955 0.032903 0.038226 0.043837 0.049622 0.055443 0.061145 0.066559 0.071514 0.075842 0.079389 0.082024 0.083646 0.084194 0.083646 0.082024 0.079389 0.075842 0.071514 0.066559 0.061145 0.055443 0.049622 0.043837 0.038226 0.032903 0.027955 0.023445 0.019409 0.015861 0.012794 0.010188 0.008009 0.006215 0.004761 0.003601 0.002688 0.001981 0.001442 0.001036 0.000735 0.000515 0.000356 0.000243 0.000164 0.000109 0.000072 0.000047 0.000030 0.000019 0.000012 0.000007 0.000004 0.000003 0.000002 0.000001 0.000001 0.000000 0.000000 0.000000 0.000000 0.000000 0.000000 
0.000000 0.000000 0.000000 0.000000 0.000000 0.000000 0.000000 0.000001 0.000001 0.000002 0.000004 0.000007 0.000011 0.000018 0.000029 0.000047 0.000073 0.000112 0.000170 0.000255 0.000378 0.000554 0.000800 0.001143 0.001610 0.002240 0.003078 0.004174 0.005589 0.007387 0.009641 0.012420 0.015796 0.019831 0.024578 0.030070 0.036315 0.043293 0.050947 0.059180 0.067857 0.076800 0.085799 0.094613 0.102981 0.110639 0.117327 0.122808 0.126879 0.129386 0.130233 0.129386 0.126879 0.122808 0.117327 0.110639 0.102981 0.094613 0.085799 0.076800 0.067857 0.059180 0.050947 0.043293 0.036315 0.030070 0.024578 0.019831 0.015796 0.012420 0.009641 0.007387 0.005589 0.004174 0.003078 0.002240 0.001610 0.001143 0.000800 0.000554 0.000378 0.000255 0.000170 0.000112 0.000073 0.000047 0.000029 0.000018 0.000011 0.000007 0.000004 0.000002 0.000001 0.000001 0.000000 0.000000 0.000000 0.000000 0.000000 0.000000 
0.000000 0.000000 0.000000 0.000000 0.000000 0.000000 0.000001 0.000001 0.000002 0.000004 0.000006 0.000011 0.000018 0.000028 0.000045 0.000072 0.000112 0.000172 0.000261 0.000392 0.000581 0.000851 0.001230 0.001754 0.002471 0.003438 0.004721 0.006400 0.008567 0.011321 0.014770 0.019023 0.024187 0.030359 0.037618 0.046013 0.055559 0.066222 0.077916 0.090493 0.103746 0.117404 0.131144 0.144601 0.157377 0.169067 0.179276 0.187641 0.193855 0.197681 0.198973 0.197681 0.193855 0.187641 0.179276 0.169067 0.157377 0.144601 0.131144 0.117404 0.103746 0.090493 0.077916 0.066222 0.055559 0.046013 0.037618 0.030359 0.024187 0.019023 0.014770 0.011321 0.008567 0.006400 0.004721 0.003438 0.002471 0.001754 0.001230 0.000851 0.000581 0.000392 0.000261 0.000172 0.000112 0.000072 0.000045 0.000028 0.000018 0.000011 0.000006 0.000004 0.000002 0.000001 0.000001 0.000000 0.000000 0.000000 0.000000 0.000000 
0.000000 0.000000 0.000000 0.000000 0.000000 0.000001 0.000001 0.000002 0.000003 0.000006 0.000010 0.000016 0.000027 0.000043 0.000069 0.000109 0.000170 0.000261 0.000397 0.000596 0.000883 0.001291 0.001865 0.002660 0.003747 0.005209 0.007151 0.009693 0.012970 0.017135 0.022348 0.028776 0.036579 0.045902 0.056864 0.069541 0.083951 0.100046 0.117692 0.136669 0.156661 0.177263 0.197987 0.218280 0.237545 0.255171 0.270563 0.283174 0.292541 0.298310 0.300258 0.298310 0.292541 0.283174 0.270563 0.255171 0.237545 0.218280 0.197987 0.177263 0.156661 0.136669 0.117692 0.100046 0.083951 0.069541 0.056864 0.045902 0.036579 0.028776 0.022348 0.017135 0.012970 0.009693 0.007151 0.005209 0.003747 0.002660 0.001865 0.001291 0.000883 0.000596 0.000397 0.000261 0.000170 0.000109 0.000069 0.000043 0.000027 0.000016 0.000010 0.000006 0.000003 0.000002 0.000001 0.000001 0.000000 0.000000 0.000000 0.000000 
0.000000 0.000000 0.000000 0.000000 0.000001 0.000001 0.000002 0.000003 0.000005 0.000009 0.000015 0.000025 0.000040 0.000065 0.000104 0.000164 0.000255 0.000392 0.000596 0.000894 0.001323 0.001935 0.002794 0.003984 0.005609 0.007796 0.010699 0.014496 0.019392 0.025612 0.033396 0.042990 0.054634 0.068544 0.084895 0.103799 0.125285 0.149277 0.175578 0.203858 0.233647 0.264340 0.295212 0.325438 0.354130 0.380380 0.403300 0.422079 0.436027 0.444616 0.447517 0.444616 0.436027 0.422079 0.403300 0.380380 0.354130 0.325438 0.295212 0.264340 0.233647 0.203858 0.175578 0.149277 0.125285 0.103799 0.084895 0.068544 0.054634 0.042990 0.033396 0.025612 0.019392 0.014496 0.010699 0.007796 0.005609 0.003984 0.002794 0.001935 0.001323 0.000894 0.000596 0.000392 0.000255 0.000164 0.000104 0.000065 0.000040 0.000025 0.000015 0.000009 0.000005 0.000003 0.000002 0.000001 0.000001 0.000000 0.000000 0.000000 
0.000000 0.000000 0.000000 0.000000 0.000001 0.000001 0.000003 0.000005 0.000008 0.000013 0.000022 0.000037 0.000060 0.000097 0.000154 0.000243 0.000378 0.000581 0.000883 0.001323 0.001959 0.002864 0.004134 0.005892 0.008291 0.011521 0.015806 0.021410 0.028633 0.037807 0.049284 0.063428 0.080588 0.101084 0.125171 0.153013 0.184653 0.219977 0.258694 0.300317 0.344156 0.389319 0.434740 0.479206 0.521413 0.560023 0.593734 0.621353 0.641866 0.654498 0.658763 0.654498 0.641866 0.621353 0.593734 0.560023 0.521413 0.479206 0.434740 0.389319 0.344156 0.300317 0.258694 0.219977 0.184653 0.153013 0.125171 0.101084 0.080588 0.063428 0.049284 0.037807 0.028633 0.021410 0.015806 0.011521 0.008291 0.005892 0.004134 0.002864 0.001959 0.001323 0.000883 0.000581 0.000378 0.000243 0.000154 0.000097 0.000060 0.000037 0.000022 0.000013 0.000008 0.000005 0.000003 0.000001 0.000001 0.000001 0.000000 0.000000 
0.000000 0.000000 0.000000 0.000001 0.000001 0.000002 0.000004 0.000007 0.000011 0.000019 0.000032 0.000054 0.000088 0.000142 0.000226 0.000356 0.000554 0.000851 0.001291 0.001935 0.002864 0.004185 0.006038 0.008604 0.012104 0.016813 0.023060 0.031228 0.041751 0.055113 0.071827 0.092417 0.117394 0.147219 0.182263 0.222763 0.268777 0.320141 0.376430 0.436936 0.500652 0.566287 0.632288 0.696896 0.758216 0.814306 0.863277 0.903395 0.933190 0.951538 0.957733 0.951538 0.933190 0.903395 0.863277 0.814306 0.758216 0.696896 0.632288 0.566287 0.500652 0.436936 0.376430 0.320141 0.268777 0.222763 0.182263 0.147219 0.117394 0.092417 0.071827 0.055113 0.041751 0.031228 0.023060 0.016813 0.012104 0.008604 0.006038 0.004185 0.002864 0.001935 0.001291 0.000851 0.000554 0.000356 0.000226 0.000142 0.000088 0.000054 0.000032 0.000019 0.000011 0.000007 0.000004 0.000002 0.000001 0.000001 0.000001 0.000001 
0.000000 0.000000 0.000001 0.000001 0.000002 0.000003 0.000006 0.000010 0.000016 0.000028 0.000047 0.000078 0.000127 0.000205 0.000327 0.000515 0.000800 0.001230 0.001865 0.002794 0.004134 0.006038 0.008710 0.012406 0.017448 0.024230 0.033223 0.044977 0.060119 0.079339 0.103374 0.132978 0.168880 0.211742 0.262094 0.320274 0.386364 0.460126 0.540948 0.627812 0.719274 0.813478 0.908198 1.000910 1.088897 1.169373 1.239630 1.297185 1.339928 1.366247 1.375135 1.366247 1.339928 1.297185 1.239630 1.169373 1.088897 1.000910 0.908198 0.813478 0.719274 0.627812 0.540948 0.460126 0.386364 0.320274 0.262094 0.211742 0.168880 0.132978 0.103374 0.079339 0.060119 0.044977 0.033223 0.024230 0.017448 0.012406 0.008710 0.006038 0.004134 0.002794 0.001865 0.001230 0.000800 0.000515 0.000327 0.000205 0.000127 0.000078 0.000047 0.000028 0.000017 0.000010 0.000006 0.000003 0.000002 0.000001 0.000001 0.000001 
0.000001 0.000001 0.000001 0.000001 0.000003 0.000005 0.000008 0.000014 0.000024 0.000040 0.000067 0.000111 0.000181 0.000293 0.000467 0.000735 0.001143 0.001754 0.002660 0.003984 0.005892 0.008604 0.012406 0.017665 0.024837 0.034481 0.047265 0.063971 0.085485 0.112787 0.146920 0.188952 0.239916 0.300747 0.372194 0.454734 0.548480 0.653091 0.767698 0.890856 1.020517 1.154049 1.288299 1.419692 1.544377 1.658412 1.757960 1.839507 1.900065 1.937355 1.949947 1.937355 1.900065 1.839507 1.757960 1.658412 1.544377 1.419692 1.288299 1.154049 1.020517 0.890856 0.767698 0.653091 0.548480 0.454734 0.372194 0.300747 0.239916 0.188952 0.146920 0.112787 0.085485 0.063971 0.047265 0.034481 0.024837 0.017665 0.012406 0.008604 0.005892 0.003984 0.002660 0.001754 0.001143 0.000735 0.000467 0.000293 0.000181 0.000111 0.000067 0.000040 0.000024 0.000014 0.000008 0.000005 0.000003 0.000002 0.000001 0.000001 
0.000001 0.000001 0.000001 0.000002 0.000004 0.000006 0.000011 0.000019 0.000033 0.000057 0.000095 0.000157 0.000256 0.000413 0.000658 0.001036 0.001610 0.002471 0.003747 0.005609 0.008291 0.012104 0.017448 0.024837 0.034911 0.048452 0.066399 0.089844 0.120030 0.158328 0.206197 0.265130 0.336573 0.421830 0.521947 0.637589 0.768909 0.915425 1.075920 1.248367 1.429896 1.616826 1.804741 1.988640 2.163139 2.322721 2.462023 2.576130 2.660865 2.713040 2.730658 2.713040 2.660865 2.576130 2.462023 2.322721 2.163139 1.988640 1.804741 1.616826 1.429896 1.248367 1.075920 0.915425 0.768909 0.637589 0.521947 0.421830 0.336573 0.265130 0.206197 0.158328 0.120030 0.089844 0.066399 0.048452 0.034911 0.024837 0.017448 0.012104 0.008291 0.005609 0.003747 0.002471 0.001610 0.001036 0.000658 0.000413 0.000256 0.000157 0.000095 0.000057 0.000033 0.000019 0.000011 0.000006 0.000004 0.000002 0.000002 0.000002 
0.000001 0.000001 0.000002 0.000003 0.000005 0.000009 0.000016 0.000027 0.000047 0.000079 0.000132 0.000219 0.000357 0.000575 0.000917 0.001442 0.002240 0.003438 0.005209 0.007796 0.011521 0.016813 0.024230 0.034481 0.048452 0.067229 0.092106 0.124597 0.166420 0.219470 0.285763 0.367361 0.466261 0.584260 0.722803 0.882801 1.064461 1.267114 1.489071 1.727525 1.978510 2.236934 2.496696 2.750885 2.992062 3.212609 3.405118 3.562802 3.679892 3.751989 3.776334 3.751989 3.679892 3.562802 3.405118 3.212609 2.992062 2.750885 2.496696 2.236934 1.978510 1.727525 1.489071 1.267114 1.064461 0.882801 0.722803 0.584260 0.466261 0.367361 0.285763 0.219470 0.166420 0.124597 0.092106 0.067229 0.048452 0.034481 0.024230 0.016813 0.011521 0.007796 0.005209 0.003438 0.002240 0.001442 0.000917 0.000575 0.000357 0.000219 0.000132 0.000079 0.000047 0.000027 0.000016 0.000009 0.000005 0.000003 0.000002 0.000002 
0.000002 0.000002 0.000002 0.000004 0.000007 0.000012 0.000022 0.000037 0.000064 0.000109 0.000182 0.000301 0.000491 0.000791 0.001260 0.001981 0.003078 0.004721 0.007151 0.010699 0.015806 0.023060 0.033223 0.047265 0.066399 0.092106 0.126158 0.170620 0.227840 0.300403 0.391061 0.502627 0.637822 0.799097 0.988417 1.207020 1.455183 1.731983 2.035110 2.360728 2.703419 3.056230 3.410836 3.757805 4.086991 4.387999 4.650726 4.865917 5.025706 5.124092 5.157314 5.124092 5.025706 4.865917 4.650726 4.387999 4.086991 3.757805 3.410836 3.056230 2.703419 2.360728 2.035110 1.731983 1.455183 1.207020 0.988417 0.799097 0.637822 0.502627 0.391061 0.300403 0.227840 0.170620 0.126158 0.092106 0.066399 0.047265 0.033223 0.023060 0.015806 0.010699 0.007151 0.004721 0.003078 0.001981 0.001260 0.000791 0.000491 0.000301 0.000182 0.000109 0.000064 0.000038 0.000022 0.000012 0.000007 0.000004 0.000003 0.000003 
0.000002 0.000002 0.000003 0.000005 0.000010 0.000017 0.000029 0.000051 0.000087 0.000148 0.000247 0.000409 0.000667 0.001074 0.001710 0.002688 0.004174 0.006400 0.009693 0.014496 0.021410 0.031228 0.044977 0.063971 0.089844 0.124597 0.170620 0.230700 0.308001 0.406008 0.528432 0.679059 0.861555 1.079218 1.334687 1.629626 1.964397 2.337750 2.746561 3.185652 3.647716 4.123380 4.601421 5.069130 5.512837 5.918539 6.272629 6.562641 6.777981 6.910568 6.955339 6.910568 6.777981 6.562641 6.272629 5.918539 5.512837 5.069130 4.601421 4.123380 3.647716 3.185652 2.746561 2.337750 1.964397 1.629626 1.334687 1.079218 0.861555 0.679059 0.528432 0.406008 0.308001 0.230700 0.170620 0.124597 0.089844 0.063971 0.044977 0.031228 0.021410 0.014496 0.009693 0.006400 0.004174 0.002688 0.001710 0.001074 0.000667 0.000409 0.000247 0.000148 0.000087 0.000051 0.000030 0.000017 0.000010 0.000006 0.000004 0.000004 
0.000003 0.000003 0.000004 0.000007 0.000013 0.000023 0.000040 0.000069 0.000117 0.000199 0.000332 0.000548 0.000894 0.001440 0.002291 0.003601 0.005589 0.008567 0.012970 0.019392 0.028633 0.041751 0.060119 0.085485 0.120030 0.166420 0.227840 0.308001 0.411117 0.541827 0.705069 0.905881 1.149136 1.439217 1.779629 2.172576 2.618529 3.115812 3.660256 4.244961 4.860193 5.493475 6.129866 6.752458 7.343060 7.883045 8.354313 8.740283 9.026865 9.203314 9.262894 9.203314 9.026865 8.740283 8.354313 7.883045 7.343060 6.752458 6.129866 5.493475 4.860193 4.244961 3.660256 3.115812 2.618529 2.172576 1.779629 1.439217 1.149136 0.905881 0.705069 0.541827 0.411117 0.308001 0.227840 0.166420 0.120030 0.085485 0.060119 0.041751 0.028633 0.019392 0.012970 0.008567 0.005589 0.003601 0.002291 0.001440 0.000894 0.000548 0.000332 0.000199 0.000117 0.000069 0.000040 0.000023 0.000013 0.000008 0.000006 0.000006 
0.000004 0.000004 0.000006 0.000010 0.000017 0.000030 0.000052 0.000091 0.000156 0.000263 0.000440 0.000726 0.001183 0.001905 0.003030 0.004761 0.007387 0.011321 0.017135 0.025612 0.037807 0.055113 0.079339 0.112787 0.158328 0.219470 0.300403 0.406008 0.541827 0.713959 0.928891 1.193241 1.513410 1.895150 2.343056 2.860013 3.446624 4.100673 4.816668 5.585526 6.394448 7.227026 8.063624 8.882024 9.658323 10.368053 10.987435 11.494694 11.871323 12.103209 12.181508 12.103209 11.871323 11.494694 10.987435 10.368053 9.658323 8.882024 8.063624 7.227026 6.394448 5.585526 4.816668 4.100673 3.446624 2.860013 2.343056 1.895150 1.513410 1.193241 0.928891 0.713959 0.541827 0.406008 0.300403 0.219470 0.158328 0.112787 0.079339 0.055113 0.037807 0.025612 0.017135 0.011321 0.007387 0.004761 0.003030 0.001905 0.001183 0.000726 0.000440 0.000263 0.000156 0.000091 0.000053 0.000030 0.000018 0.000011 0.000008 0.000008 
0.000006 0.000006 0.000008 0.000013 0.000022 0.000039 0.000069 0.000119 0.000203 0.000344 0.000575 0.000948 0.001546 0.002488 0.003957 0.006215 0.009641 0.014770 0.022348 0.033396 0.049284 0.071827 0.103374 0.146920 0.206197 0.285763 0.391061 0.528432 0.705069 0.928891 1.208316 1.551928 1.968030 2.464074 3.046012 3.717571 4.479519 5.328960 6.258750 7.257085 8.307342 9.388221 10.474236 11.536553 12.544161 13.465319 14.269180 14.927499 15.416275 15.717203 15.818815 15.717203 15.416275 14.927499 14.269180 13.465319 12.544161 11.536553 10.474236 9.388221 8.307342 7.257085 6.258750 5.328960 4.479519 3.717571 3.046012 2.464074 1.968030 1.551928 1.208316 0.928891 0.705069 0.528432 0.391061 0.285763 0.206197 0.146920 0.103374 0.071827 0.049284 0.033396 0.022348 0.014770 0.009641 0.006215 0.003957 0.002488 0.001546 0.000948 0.000575 0.000344 0.000204 0.000119 0.000069 0.000040 0.000023 0.000014 0.000010 0.000010 
0.000007 0.000007 0.000010 0.000017 0.000029 0.000051 0.000089 0.000154 0.000263 0.000444 0.000742 0.001224 0.001994 0.003209 0.005101 0.008009 0.012420 0.019023 0.028776 0.042990 0.063428 0.092417 0.132978 0.188952 0.265130 0.367361 0.502627 0.679059 0.905881 1.193241 1.551928 1.992940 2.526905 3.163364 3.909929 4.771356 5.748607 6.837951 8.030210 9.310239 10.656719 12.042346 13.434454 14.796097 16.087542 17.268126 18.298337 19.141997 19.768366 20.154001 20.284213 20.154001 19.768366 19.141997 18.298337 17.268126 16.087542 14.796097 13.434454 12.042346 10.656719 9.310239 8.030210 6.837951 5.748607 4.771356 3.909929 3.163364 2.526905 1.992940 1.551928 1.193241 0.905881 0.679059 0.502627 0.367361 0.265130 0.188952 0.132978 0.092417 0.063428 0.042990 0.028776 0.019023 0.012420 0.008009 0.005101 0.003209 0.001994 0.001224 0.000742 0.000444 0.000263 0.000154 0.000089 0.000051 0.000030 0.000018 0.000013 0.000013 
0.000009 0.000009 0.000013 0.000021 0.000037 0.000065 0.000113 0.000196 0.000335 0.000566 0.000945 0.001558 0.002538 0.004084 0.006490 0.010188 0.015796 0.024187 0.036579 0.054634 0.080588 0.117394 0.168880 0.239916 0.336573 0.466261 0.637822 0.861555 1.149136 1.513410 1.968030 2.526905 3.203477 4.009806 4.955502 6.046565 7.284183 8.663610 10.173206 11.793782 13.498345 15.252328 17.014394 18.737791 20.372253 21.866338 23.170068 24.237687 25.030313 25.518299 25.683070 25.518299 25.030313 24.237687 23.170068 21.866338 20.372253 18.737791 17.014394 15.252328 13.498345 11.793782 10.173206 8.663610 7.284183 6.046565 4.955502 4.009806 3.203477 2.526905 1.968030 1.513410 1.149136 0.861555 0.637822 0.466261 0.336573 0.239916 0.168880 0.117394 0.080588 0.054634 0.036579 0.024187 0.015796 0.010188 0.006490 0.004084 0.002538 0.001558 0.000945 0.000566 0.000335 0.000196 0.000114 0.000065 0.000038 0.000023 0.000017 0.000017 
0.000012 0.000012 0.000016 0.000027 0.000046 0.000082 0.000142 0.000246 0.000421 0.000712 0.001188 0.001959 0.003190 0.005131 0.008153 0.012794 0.019831 0.030359 0.045902 0.068544 0.101084 0.147219 0.211742 0.300747 0.421830 0.584260 0.799097 1.079218 1.439217 1.895150 2.464074 3.163364 4.009806 5.018449 6.201282 7.565774 9.113380 10.838136 12.725469 14.751375 16.882102 19.074445 21.276746 23.430590 25.473182 27.340261 28.969406 30.303465 31.293882 31.903630 32.109513 31.903630 31.293882 30.303465 28.969406 27.340261 25.473182 23.430590 21.276746 19.074445 16.882102 14.751375 12.725469 10.838136 9.113380 7.565774 6.201282 5.018449 4.009806 3.163364 2.464074 1.895150 1.439217 1.079218 0.799097 0.584260 0.421830 0.300747 0.211742 0.147219 0.101084 0.068544 0.045902 0.030359 0.019831 0.012794 0.008153 0.005131 0.003190 0.001959 0.001188 0.000712 0.000422 0.000247 0.000143 0.000082 0.000048 0.000030 0.000022 0.000022 
0.000015 0.000015 0.000020 0.000033 0.000058 0.000101 0.000177 0.000306 0.000523 0.000884 0.001475 0.002431 0.003957 0.006364 0.010109 0.015861 0.024578 0.037618 0.056864 0.084895 0.125171 0.182263 0.262094 0.372194 0.521947 0.722803 0.988417 1.334687 1.779629 2.343056 3.046012 3.909929 4.955502 6.201282 7.662035 9.346942 11.257766 13.387111 15.716962 18.217669 20.847563 23.553323 26.271203 28.929135 31.449655 33.753501 35.763682 37.409715 38.631719 39.384033 39.638052 39.384033 38.631719 37.409715 35.763682 33.753501 31.449655 28.929135 26.271203 23.553323 20.847563 18.217669 15.716962 13.387111 11.257766 9.346942 7.662035 6.201282 4.955502 3.909929 3.046012 2.343056 1.779629 1.334687 0.988417 0.722803 0.521947 0.372194 0.262094 0.182263 0.125171 0.084895 0.056864 0.037618 0.024578 0.015861 0.010109 0.006364 0.003957 0.002431 0.001475 0.000884 0.000524 0.000306 0.000178 0.000102 0.000060 0.000037 0.000027 0.000027 
0.000018 0.000018 0.000025 0.000041 0.000071 0.000124 0.000217 0.000375 0.000642 0.001083 0.001807 0.002977 0.004846 0.007791 0.012373 0.019409 0.030070 0.046013 0.069541 0.103799 0.153013 0.222763 0.320274 0.454734 0.637589 0.882801 1.207020 1.629626 2.172576 2.860013 3.717571 4.771356 6.046565 7.565774 9.346942 11.401221 13.730716 16.326377 19.166213 22.214069 25.419147 28.716471 32.028370 35.267052 38.338157 41.145149 43.594262 45.599661 47.088427 48.004959 48.314424 48.004959 47.088427 45.599661 43.594262 41.145149 38.338157 35.267052 32.028370 28.716471 25.419147 22.214069 19.166213 16.326377 13.730716 11.401221 9.346942 7.565774 6.046565 4.771356 3.717571 2.860013 2.172576 1.629626 1.207020 0.882801 0.637589 0.454734 0.320274 0.222763 0.153013 0.103799 0.069541 0.046013 0.030070 0.019409 0.012373 0.007791 0.004846 0.002977 0.001807 0.001083 0.000642 0.000376 0.000218 0.000126 0.000073 0.000045 0.000033 0.000033 
0.000022 0.000022 0.000030 0.000049 0.000086 0.000151 0.000263 0.000454 0.000776 0.001310 0.002185 0.003600 0.005858 0.009416 0.014950 0.023445 0.036315 0.055559 0.083951 0.125285 0.184653 0.268777 0.386364 0.548480 0.768909 1.064461 1.455183 1.964397 2.618529 3.446624 4.479519 5.748607 7.284183 9.113380 11.257766 13.730716 16.534719 19.658838 23.076576 26.744398 30.601166 34.568694 38.553543 42.450107 46.144898 49.521816 52.468102 54.880541 56.671452 57.773980 58.146244 57.773980 56.671452 54.880541 52.468102 49.521816 46.144898 42.450107 38.553543 34.568694 30.601166 26.744398 23.076576 19.658838 16.534719 13.730716 11.257766 9.113380 7.284183 5.748607 4.479519 3.446624 2.618529 1.964397 1.455183 1.064461 0.768909 0.548480 0.386364 0.268777 0.184653 0.125285 0.083951 0.055559 0.036315 0.023445 0.014950 0.009416 0.005858 0.003600 0.002185 0.001310 0.000776 0.000455 0.000264 0.000152 0.000089 0.000055 0.000040 0.000040 
0.000026 0.000026 0.000036 0.000059 0.000102 0.000180 0.000314 0.000543 0.000927 0.001564 0.002608 0.004296 0.006989 0.011232 0.017829 0.027955 0.043293 0.066222 0.100046 0.149277 0.219977 0.320141 0.460126 0.653091 0.915425 1.267114 1.731983 2.337750 3.115812 4.100673 5.328960 6.837951 8.663610 10.838136 13.387111 16.326377 19.658838 23.371454 27.432699 31.790819 36.373162 41.086834 45.820844 50.449763 54.838810 58.850119 62.349799 65.215295 67.342505 68.652051 69.094212 68.652051 67.342505 65.215295 62.349799 58.850119 54.838810 50.449763 45.820844 41.086834 36.373162 31.790819 27.432699 23.371454 19.658838 16.326377 13.387111 10.838136 8.663610 6.837951 5.328960 4.100673 3.115812 2.337750 1.731983 1.267114 0.915425 0.653091 0.460126 0.320141 0.219977 0.149277 0.100046 0.066222 0.043293 0.027955 0.017829 0.011232 0.006989 0.004296 0.002608 0.001565 0.000927 0.000543 0.000315 0.000182 0.000106 0.000066 0.000048 0.000048 
0.000031 0.000031 0.000042 0.000070 0.000121 0.000212 0.000370 0.000640 0.001093 0.001843 0.003073 0.005060 0.008231 0.013224 0.020989 0.032903 0.050947 0.077916 0.117692 0.175578 0.258694 0.376430 0.540948 0.767698 1.075920 1.489071 2.035110 2.746561 3.660256 4.816668 6.258750 8.030210 10.173206 12.725469 15.716962 19.166213 23.076576 27.432699 32.197555 37.310399 42.685985 48.215346 53.768302 59.197759 64.345671 69.050387 73.154923 76.515599 79.010366 80.546172 81.064725 80.546172 79.010366 76.515599 73.154923 69.050387 64.345671 59.197759 53.768302 48.215346 42.685985 37.310399 32.197555 27.432699 23.076576 19.166213 15.716962 12.725469 10.173206 8.030210 6.258750 4.816668 3.660256 2.746561 2.035110 1.489071 1.075920 0.767698 0.540948 0.376430 0.258694 0.175578 0.117692 0.077916 0.050947 0.032903 0.020989 0.013224 0.008231 0.005060 0.003073 0.001844 0.001093 0.000640 0.000372 0.000214 0.000125 0.000077 0.000057 0.000057 
0.000036 0.000036 0.000049 0.000081 0.000141 0.000247 0.000431 0.000744 0.001271 0.002144 0.003573 0.005883 0.009567 0.015369 0.024389 0.038226 0.059180 0.090493 0.136669 0.203858 0.300317 0.436936 0.627812 0.890856 1.248367 1.727525 2.360728 3.185652 4.244961 5.585526 7.257085 9.310239 11.793782 14.751375 18.217669 22.214069 26.744398 31.790819 37.310399 43.232743 49.459098 55.863256 62.294463 68.582396 74.544067 79.992324 84.745434 88.637068 91.525946 93.304353 93.904815 93.304353 91.525946 88.637068 84.745434 79.992324 74.544067 68.582396 62.294463 55.863256 49.459098 43.232743 37.310399 31.790819 26.744398 22.214069 18.217669 14.751375 11.793782 9.310239 7.257085 5.585526 4.244961 3.185652 2.360728 1.727525 1.248367 0.890856 0.627812 0.436936 0.300317 0.203858 0.136669 0.090493 0.059180 0.038226 0.024389 0.015369 0.009567 0.005883 0.003573 0.002144 0.001271 0.000745 0.000432 0.000250 0.000146 0.000090 0.000066 0.000066 
0.000041 0.000041 0.000057 0.000093 0.000162 0.000284 0.000495 0.000855 0.001459 0.002461 0.004101 0.006751 0.010977 0.017631 0.027973 0.043837 0.067857 0.103746 0.156661 0.233647 0.344156 0.500652 0.719274 1.020517 1.429896 1.978510 2.703419 3.647716 4.860193 6.394448 8.307342 10.656719 13.498345 16.882102 20.847563 25.419147 30.601166 36.373162 42.685985 49.459098 56.579550 63.903014 71.257119 78.447136 85.263873 91.493396 96.927968 101.377475 104.680435 106.713735 107.400256 106.713735 104.680435 101.377475 96.927968 91.493396 85.263873 78.447136 71.257119 63.903014 56.579550 49.459098 42.685985 36.373162 30.601166 25.419147 20.847563 16.882102 13.498345 10.656719 8.307342 6.394448 4.860193 3.647716 2.703419 1.978510 1.429896 1.020517 0.719274 0.500652 0.344156 0.233647 0.156661 0.103746 0.067857 0.043837 0.027973 0.017631 0.010977 0.006751 0.004101 0.002461 0.001460 0.000856 0.000497 0.000287 0.000167 0.000103 0.000076 0.000076 
0.000047 0.000047 0.000064 0.000106 0.000183 0.000322 0.000561 0.000969 0.001654 0.002788 0.004646 0.007646 0.012430 0.019963 0.031668 0.049622 0.076800 0.117404 0.177263 0.264340 0.389319 0.566287 0.813478 1.154049 1.616826 2.236934 3.056230 4.123380 5.493475 7.227026 9.388221 12.042346 15.252328 19.074445 23.553323 28.716471 34.568694 41.086834 48.215346 55.863256 63.903014 72.171666 80.474615 88.592045 96.287834 103.320515 109.455632 114.478623 118.207247 120.502568 121.277555 120.502568 118.207247 114.478623 109.455632 103.320515 96.287834 88.592045 80.474615 72.171666 63.903014 55.863256 48.215346 41.086834 34.568694 28.716471 23.553323 19.074445 15.252328 12.042346 9.388221 7.227026 5.493475 4.123380 3.056230 2.236934 1.616826 1.154049 0.813478 0.566287 0.389319 0.264340 0.177263 0.117404 0.076800 0.049622 0.031668 0.019963 0.012430 0.007646 0.004646 0.002789 0.001654 0.000970 0.000563 0.000325 0.000190 0.000117 0.000086 0.000086 
0.000052 0.000052 0.000072 0.000118 0.000205 0.000360 0.000628 0.001084 0.001849 0.003118 0.005194 0.008547 0.013894 0.022310 0.035387 0.055443 0.085799 0.131144 0.197987 0.295212 0.434740 0.632288 0.908198 1.288299 1.804741 2.496696 3.410836 4.601421 6.129866 8.063624 10.474236 13.434454 17.014394 21.276746 26.271203 32.028370 38.553543 45.820844 53.768302 62.294463 71.257119 80.474615 89.730045 98.778417 107.356578 115.195433 122.033712 127.632321 131.788189 134.346501 135.210279 134.346501 131.788189 127.632321 122.033712 115.195433 107.356578 98.778417 89.730045 80.474615 71.257119 62.294463 53.768302 45.820844 38.553543 32.028370 26.271203 21.276746 17.014394 13.434454 10.474236 8.063624 6.129866 4.601421 3.410836 2.496696 1.804741 1.288299 0.908198 0.632288 0.434740 0.295212 0.197987 0.131144 0.085799 0.055443 0.035387 0.022310 0.013894 0.008547 0.005194 0.003118 0.001850 0.001085 0.000630 0.000364 0.000212 0.000131 0.000096 0.000096 
