0.000000 0.000000 0.000000 0.000000 0.000000 0.000000 0.000000 0.000000 0.000000 0.000000 0.000000 0.000000 0.000000 0.000000 0.000000 0.000000 0.000000 0.000000 0.000000 0.000000 0.000000 0.000000 0.000000 0.000000 0.000000 0.000000 0.000000 0.000000 0.000000 0.000000 0.000000 0.000000 0.000000 0.000000 0.000000 0.000000 0.000000 0.000000 0.000001 0.000001 0.000001 0.000001 0.000001 0.000001 0.000001 0.000002 0.000002 0.000002 0.000002 0.000002 0.000002 0.000002 0.000002 0.000002 0.000002 0.000002 0.000001 0.000001 0.000001 0.000001 0.000001 0.000001 0.000001 0.000000 0.000000 0.000000 0.000000 0.000000 0.000000 0.000000 0.000000 0.000000 0.000000 0.000000 0.000000 0.000000 0.000000 0.000000 0.000000 0.000000 0.000000 0.000000 0.000000 0.000000 0.000000 0.000000 0.000000 0.000000 0.000000 0.000000 0.000000 0.000000 0.000000 0.000000 0.000000 0.000000 0.000000 0.000000 0.000000 0.000000 
0.000000 0.000000 0.000000 0.000000 0.000000 0.000000 0.000000 0.000000 0.000000 0.000000 0.000000 0.000000 0.000000 0.000000 0.000000 0.000000 0.000000 0.000000 0.000000 0.000000 0.000000 0.000000 0.000000 0.000000 0.000000 0.000000 0.000000 0.000000 0.000000 0.000000 0.000000 0.000000 0.000000 0.000000 0.000000 0.000000 0.000000 0.000000 0.000001 0.000001 0.000001 0.000001 0.000001 0.000001 0.000001 0.000002 0.000002 0.000002 0.000002 0.000002 0.000002 0.000002 0.000002 0.000002 0.000002 0.000002 0.000001 0.000001 0.000001 0.000001 0.000001 0.000001 0.000001 0.000000 0.000000 0.000000 0.000000 0.000000 0.000000 0.000000 0.000000 0.000000 0.000000 0.000000 0.000000 0.000000 0.000000 0.000000 0.000000 0.000000 0.000000 0.000000 0.000000 0.000000 0.000000 0.000000 0.000000 0.000000 0.000000 0.000000 0.000000 0.000000 0.000000 0.000000 0.000000 0.000000 0.000000 0.000000 0.000000 0.000000 
0.000000 0.000000 0.000000 0.000000 0.000000 0.000000 0.000000 0.000000 0.000000 0.000000 0.000000 0.000000 0.000000 0.000000 0.000000 0.000000 0.000000 0.000000 0.000000 0.000000 0.000000 0.000000 0.000000 0.000000 0.000000 0.000000 0.000000 0.000000 0.000000 0.000000 0.000000 0.000000 0.000000 0.000000 0.000000 0.000000 0.000001 0.000001 0.000001 0.000001 0.000001 0.000002 0.000002 0.000002 0.000002 0.000003 0.000003 0.000003 0.000003 0.000003 0.000003 0.000003 0.000003 0.000003 0.000003 0.000003 0.000002 0.000002 0.000002 0.000002 0.000001 0.000001 0.000001 0.000001 0.000001 0.000000 0.000000 0.000000 0.000000 0.000000 0.000000 0.000000 0.000000 0.000000 0.000000 0.000000 0.000000 0.000000 0.000000 0.000000 0.000000 0.000000 0.000000 0.000000 0.000000 0.000000 0.000000 0.000000 0.000000 0.000000 0.000000 0.000000 0.000000 0.000000 0.000000 0.000000 0.000000 0.000000 0.000000 0.000000 
0.000000 0.000000 0.000000 0.000000 0.000000 0.000000 0.000000 0.000000 0.000000 0.000000 0.000000 0.000000 0.000000 0.000000 0.000000 0.000000 0.000000 0.000000 0.000000 0.000000 0.000000 0.000000 0.000000 0.000000 0.000000 0.000000 0.000000 0.000000 0.000000 0.000000 0.000000 0.000000 0.000000 0.000001 0.000001 0.000001 0.000001 0.000001 0.000002 0.000002 0.000003 0.000003 0.000004 0.000004 0.000004 0.000005 0.000005 0.000006 0.000006 0.000006 0.000006 0.000006 0.000006 0.000006 0.000005 0.000005 0.000004 0.000004 0.000004 0.000003 0.000003 0.000002 0.000002 0.000001 0.000001 0.000001 0.000001 0.000001 0.000000 0.000000 0.000000 0.000000 0.000000 0.000000 0.000000 0.000000 0.000000 0.000000 0.000000 0.000000 0.000000 0.000000 0.000000 0.000000 0.000000 0.000000 0.000000 0.000000 0.000000 0.000000 0.000000 0.000000 0.000000 0.000000 0.000000 0.000000 0.000000 0.000000 0.000000 0.000000 
0.000000 0.000000 0.000000 0.000000 0.000000 0.000000 0.000000 0.000000 0.000000 0.000000 0.000000 0.000000 0.000000 0.000000 0.000000 0.000000 0.000000 0.000000 0.000000 0.000000 0.000000 0.000000 0.000000 0.000000 0.000000 0.000000 0.000000 0.000000 0.000000 0.000000 0.000000 0.000001 0.000001 0.000001 0.000001 0.000002 0.000002 0.000003 0.000004 0.000004 0.000005 0.000006 0.000007 0.000008 0.000009 0.000010 0.000011 0.000011 0.000012 0.000012 0.000012 0.000012 0.000012 0.000011 0.000011 0.000010 0.000009 0.000008 0.000007 0.000006 0.000005 0.000004 0.000004 0.000003 0.000002 0.000002 0.000001 0.000001 0.000001 0.000001 0.000000 0.000000 0.000000 0.000000 0.000000 0.000000 0.000000 0.000000 0.000000 0.000000 0.000000 0.000000 0.000000 0.000000 0.000000 0.000000 0.000000 0.000000 0.000000 0.000000 0.000000 0.000000 0.000000 0.000000 0.000000 0.000000 0.000000 0.000000 0.000000 0.000000 
0.000000 0.000000 0.000000 0.000000 0.000000 0.000000 0.000000 0.000000 0.000000 0.000000 0.000000 0.000000 0.000000 0.000000 0.000000 0.000000 0.000000 0.000000 0.000000 0.000000 0.000000 0.000000 0.000000 0.000000 0.000000 0.000000 0.000000 0.000000 0.000000 0.000001 0.000001 0.000001 0.000002 0.000002 0.000003 0.000004 0.000005 0.000006 0.000007 0.000009 0.000011 0.000013 0.000015 0.000017 0.000019 0.000020 0.000022 0.000023 0.000024 0.000025 0.000025 0.000025 0.000024 0.000023 0.000022 0.000020 0.000019 0.000017 0.000015 0.000013 0.000011 0.000009 0.000007 0.000006 0.000005 0.000004 0.000003 0.000002 0.000002 0.000001 0.000001 0.000001 0.000000 0.000000 0.000000 0.000000 0.000000 0.000000 0.000000 0.000000 0.000000 0.000000 0.000000 0.000000 0.000000 0.000000 0.000000 0.000000 0.000000 0.000000 0.000000 0.000000 0.000000 0.000000 0.000000 0.000000 0.000000 0.000000 0.000000 0.000000 
0.000000 0.000000 0.000000 0.000000 0.000000 0.000000 0.000000 0.000000 0.000000 0.000000 0.000000 0.000000 0.000000 0.000000 0.000000 0.000000 0.000000 0.000000 0.000000 0.000000 0.000000 0.000000 0.000000 0.000000 0.000000 0.000000 0.000000 0.000001 0.000001 0.000001 0.000002 0.000002 0.000003 0.000004 0.000006 0.000008 0.000010 0.000012 0.000015 0.000018 0.000022 0.000025 0.000029 0.000033 0.000037 0.000041 0.000044 0.000047 0.000049 0.000050 0.000051 0.000050 0.000049 0.000047 0.000044 0.000041 0.000037 0.000033 0.000029 0.000025 0.000022 0.000018 0.000015 0.000012 0.000010 0.000008 0.000006 0.000004 0.000003 0.000002 0.000002 0.000001 0.000001 0.000001 0.000000 0.000000 0.000000 0.000000 0.000000 0.000000 0.000000 0.000000 0.000000 0.000000 0.000000 0.000000 0.000000 0.000000 0.000000 0.000000 0.000000 0.000000 0.000000 0.000000 0.000000 0.000000 0.000000 0.000000 0.000000 0.000000 
0.000000 0.000000 0.000000 0.000000 0.000000 0.000000 0.000000 0.000000 0.000000 0.000000 0.000000 0.000000 0.000000 0.000000 0.000000 0.000000 0.000000 0.000000 0.000000 0.000000 0.000000 0.000000 0.000000 0.000000 0.000000 0.000001 0.000001 0.000001 0.000002 0.000002 0.000003 0.000005 0.000006 0.000009 0.000011 0.000015 0.000019 0.000024 0.000030 0.000036 0.000043 0.000051 0.000058 0.000066 0.000074 0.000081 0.000088 0.000093 0.000097 0.000100 0.000101 0.000100 0.000097 0.000093 0.000088 0.000081 0.000074 0.000066 0.000058 0.000051 0.000043 0.000036 0.000030 0.000024 0.000019 0.000015 0.000011 0.000009 0.000006 0.000005 0.000003 0.000002 0.000002 0.000001 0.000001 0.000001 0.000000 0.000000 0.000000 0.000000 0.000000 0.000000 0.000000 0.000000 0.000000 0.000000 0.000000 0.000000 0.000000 0.000000 0.000000 0.000000 0.000000 0.000000 0.000000 0.000000 0.000000 0.000000 0.000000 0.000000 
0.000000 0.000000 0.000000 0.000000 0.000000 0.000000 0.000000 0.000000 0.000000 0.000000 0.000000 0.000000 0.000000 0.000000 0.000000 0.000000 0.000000 0.000000 0.000000 0.000000 0.000000 0.000000 0.000000 0.000000 0.000001 0.000001 0.000002 0.000002 0.000003 0.000005 0.000007 0.000009 0.000013 0.000017 0.000023 0.000029 0.000037 0.000047 0.000058 0.000071 0.000084 0.000099 0.000114 0.000130 0.000145 0.000159 0.000171 0.000182 0.000190 0.000195 0.000196 0.000195 0.000190 0.000182 0.000171 0.000159 0.000145 0.000130 0.000114 0.000099 0.000084 0.000071 0.000058 0.000047 0.000037 0.000029 0.000023 0.000017 0.000013 0.000009 0.000007 0.000005 0.000003 0.000002 0.000002 0.000001 0.000001 0.000000 0.000000 0.000000 0.000000 0.000000 0.000000 0.000000 0.000000 0.000000 0.000000 0.000000 0.000000 0.000000 0.000000 0.000000 0.000000 0.000000 0.000000 0.000000 0.000000 0.000000 0.000000 0.000000 
0.000000 0.000000 0.000000 0.000000 0.000000 0.000000 0.000000 0.000000 0.000000 0.000000 0.000000 0.000000 0.000000 0.000000 0.000000 0.000000 0.000000 0.000000 0.000000 0.000000 0.000000 0.000000 0.000001 0.000001 0.000001 0.000002 0.000003 0.000004 0.000006 0.000009 0.000013 0.000018 0.000025 0.000033 0.000044 0.000057 0.000072 0.000091 0.000112 0.000136 0.000162 0.000191 0.000220 0.000250 0.000279 0.000306 0.000330 0.000350 0.000365 0.000375 0.000378 0.000375 0.000365 0.000350 0.000330 0.000306 0.000279 0.000250 0.000220 0.000191 0.000162 0.000136 0.000112 0.000091 0.000072 0.000057 0.000044 0.000033 0.000025 0.000018 0.000013 0.000009 0.000006 0.000004 0.000003 0.000002 0.000001 0.000001 0.000001 0.000000 0.000000 0.000000 0.000000 0.000000 0.000000 0.000000 0.000000 0.000000 0.000000 0.000000 0.000000 0.000000 0.000000 0.000000 0.000000 0.000000 0.000000 0.000000 0.000000 0.000000 
0.000000 0.000000 0.000000 0.000000 0.000000 0.000000 0.000000 0.000000 0.000000 0.000000 0.000000 0.000000 0.000000 0.000000 0.000000 0.000000 0.000000 0.000000 0.000000 0.000000 0.000000 0.000001 0.000001 0.000002 0.000002 0.000004 0.000006 0.000008 0.000012 0.000018 0.000025 0.000034 0.000047 0.000063 0.000083 0.000108 0.000137 0.000172 0.000213 0.000258 0.000308 0.000362 0.000417 0.000474 0.000528 0.000580 0.000625 0.000664 0.000692 0.000710 0.000716 0.000710 0.000692 0.000664 0.000625 0.000580 0.000528 0.000474 0.000417 0.000362 0.000308 0.000258 0.000213 0.000172 0.000137 0.000108 0.000083 0.000063 0.000047 0.000034 0.000025 0.000018 0.000012 0.000008 0.000006 0.000004 0.000002 0.000002 0.000001 0.000001 0.000000 0.000000 0.000000 0.000000 0.000000 0.000000 0.000000 0.000000 0.000000 0.000000 0.000000 0.000000 0.000000 0.000000 0.000000 0.000000 0.000000 0.000000 0.000000 0.000000 
0.000000 0.000000 0.000000 0.000000 0.000000 0.000000 0.000000 0.000000 0.000000 0.000000 0.000000 0.000000 0.000000 0.000000 0.000000 0.000000 0.000000 0.000000 0.000000 0.000000 0.000001 0.000001 0.000002 0.000003 0.000005 0.000007 0.000011 0.000016 0.000023 0.000033 0.000047 0.000065 0.000088 0.000118 0.000155 0.000202 0.000257 0.000323 0.000398 0.000483 0.000576 0.000676 0.000780 0.000885 0.000987 0.001083 0.001168 0.001239 0.001292 0.001325 0.001336 0.001325 0.001292 0.001239 0.001168 0.001083 0.000987 0.000885 0.000780 0.000676 0.000576 0.000483 0.000398 0.000323 0.000257 0.000202 0.000155 0.000118 0.000088 0.000065 0.000047 0.000033 0.000023 0.000016 0.000011 0.000007 0.000005 0.000003 0.000002 0.000001 0.000001 0.000000 0.000000 0.000000 0.000000 0.000000 0.000000 0.000000 0.000000 0.000000 0.000000 0.000000 0.000000 0.000000 0.000000 0.000000 0.000000 0.000000 0.000000 0.000000 
0.000000 0.000000 0.000000 0.000000 0.000000 0.000000 0.000000 0.000000 0.000000 0.000000 0.000000 0.000000 0.000000 0.000000 0.000000 0.000000 0.000000 0.000000 0.000000 0.000001 0.000001 0.000002 0.000004 0.000006 0.000009 0.000013 0.000020 0.000029 0.000043 0.000061 0.000086 0.000119 0.000163 0.000218 0.000287 0.000372 0.000474 0.000595 0.000733 0.000889 0.001061 0.001244 0.001435 0.001628 0.001816 0.001992 0.002148 0.002278 0.002376 0.002437 0.002457 0.002437 0.002376 0.002278 0.002148 0.001992 0.001816 0.001628 0.001435 0.001244 0.001061 0.000889 0.000733 0.000595 0.000474 0.000372 0.000287 0.000218 0.000163 0.000119 0.000086 0.000061 0.000043 0.000029 0.000020 0.000013 0.000009 0.000006 0.000004 0.000002 0.000001 0.000001 0.000000 0.000000 0.000000 0.000000 0.000000 0.000000 0.000000 0.000000 0.000000 0.000000 0.000000 0.000000 0.000000 0.000000 0.000000 0.000000 0.000000 0.000000 
0.000000 0.000000 0.000000 0.000000 0.000000 0.000000 0.000000 0.000000 0.000000 0.000000 0.000000 0.000000 0.000000 0.000000 0.000000 0.000000 0.000000 0.000001 0.000001 0.000001 0.000002 0.000004 0.000006 0.000010 0.000016 0.000024 0.000036 0.000054 0.000078 0.000112 0.000157 0.000217 0.000296 0.000396 0.000522 0.000676 0.000862 0.001080 0.001331 0.001614 0.001924 0.002256 0.002602 0.002950 0.003290 0.003608 0.003891 0.004127 0.004304 0.004413 0.004450 0.004413 0.004304 0.004127 0.003891 0.003608 0.003290 0.002950 0.002602 0.002256 0.001924 0.001614 0.001331 0.001080 0.000862 0.000676 0.000522 0.000396 0.000296 0.000217 0.000157 0.000112 0.000078 0.000054 0.000036 0.000024 0.000016 0.000010 0.000006 0.000004 0.000002 0.000001 0.000001 0.000001 0.000000 0.000000 0.000000 0.000000 0.000000 0.000000 0.000000 0.000000 0.000000 0.000000 0.000000 0.000000 0.000000 0.000000 0.000000 0.000000 
0.000000 0.000000 0.000000 0.000000 0.000000 0.000000 0.000000 0.000000 0.000000 0.000000 0.000000 0.000000 0.000000 0.000000 0.000000 0.000000 0.000001 0.000001 0.000002 0.000003 0.000004 0.000007 0.000012 0.000018 0.000029 0.000044 0.000065 0.000096 0.000140 0.000200 0.000282 0.000390 0.000530 0.000710 0.000934 0.001210 0.001542 0.001931 0.002380 0.002884 0.003438 0.004030 0.004646 0.005267 0.005872 0.006439 0.006943 0.007362 0.007677 0.007872 0.007939 0.007872 0.007677 0.007362 0.006943 0.006439 0.005872 0.005267 0.004646 0.004030 0.003438 0.002884 0.002380 0.001931 0.001542 0.001210 0.000934 0.000710 0.000530 0.000390 0.000282 0.000200 0.000140 0.000096 0.000065 0.000044 0.000029 0.000018 0.000012 0.000007 0.000004 0.000003 0.000002 0.000001 0.000001 0.000000 0.000000 0.000000 0.000000 0.000000 0.000000 0.000000 0.000000 0.000000 0.000000 0.000000 0.000000 0.000000 0.000000 0.000000 
0.000000 0.000000 0.000000 0.000000 0.000000 0.000000 0.000000 0.000000 0.000000 0.000000 0.000000 0.000000 0.000000 0.000000 0.000000 0.000001 0.000001 0.000002 0.000003 0.000005 0.000008 0.000013 0.000021 0.000033 0.000051 0.000077 0.000116 0.000171 0.000248 0.000354 0.000498 0.000688 0.000936 0.001252 0.001648 0.002133 0.002716 0.003401 0.004190 0.005076 0.006048 0.007088 0.008169 0.009260 0.010322 0.011316 0.012200 0.012936 0.013488 0.013831 0.013947 0.013831 0.013488 0.012936 0.012200 0.011316 0.010322 0.009260 0.008169 0.007088 0.006048 0.005076 0.004190 0.003401 0.002716 0.002133 0.001648 0.001252 0.000936 0.000688 0.000498 0.000354 0.000248 0.000171 0.000116 0.000077 0.000051 0.000033 0.000021 0.000013 0.000008 0.000005 0.000003 0.000002 0.000001 0.000001 0.000000 0.000000 0.000000 0.000000 0.000000 0.000000 0.000000 0.000000 0.000000 0.000000 0.000000 0.000000 0.000000 0.000000 
0.000000 0.000000 0.000000 0.000000 0.000000 0.000000 0.000000 0.000000 0.000000 0.000000 0.000000 0.000000 0.000000 0.000000 0.000001 0.000001 0.000002 0.000003 0.000005 0.000008 0.000014 0.000023 0.000036 0.000057 0.000088 0.000135 0.000202 0.000298 0.000432 0.000617 0.000866 0.001197 0.001627 0.002175 0.002862 0.003703 0.004712 0.005899 0.007264 0.008798 0.010480 0.012278 0.014147 0.016032 0.017869 0.019586 0.021114 0.022384 0.023338 0.023930 0.024130 0.023930 0.023338 0.022384 0.021114 0.019586 0.017869 0.016032 0.014147 0.012278 0.010480 0.008798 0.007264 0.005899 0.004712 0.003703 0.002862 0.002175 0.001627 0.001197 0.000866 0.000617 0.000432 0.000298 0.000202 0.000135 0.000088 0.000057 0.000036 0.000023 0.000014 0.000008 0.000005 0.000003 0.000002 0.000001 0.000001 0.000000 0.000000 0.000000 0.000000 0.000000 0.000000 0.000000 0.000000 0.000000 0.000000 0.000000 0.000000 0.000000 
0.000000 0.000000 0.000000 0.000000 0.000000 0.000000 0.000000 0.000000 0.000000 0.000000 0.000000 0.000000 0.000000 0.000001 0.000001 0.000002 0.000003 0.000005 0.000009 0.000015 0.000024 0.000039 0.000063 0.000098 0.000152 0.000231 0.000347 0.000511 0.000741 0.001057 0.001484 0.002049 0.002784 0.003722 0.004893 0.006328 0.008051 0.010075 0.012402 0.015015 0.017881 0.020943 0.024126 0.027335 0.030460 0.033383 0.035982 0.038143 0.039766 0.040773 0.041114 0.040773 0.039766 0.038143 0.035982 0.033383 0.030460 0.027335 0.024126 0.020943 0.017881 0.015015 0.012402 0.010075 0.008051 0.006328 0.004893 0.003722 0.002784 0.002049 0.001484 0.001057 0.000741 0.000511 0.000347 0.000231 0.000152 0.000098 0.000063 0.000039 0.000024 0.000015 0.000009 0.000005 0.000003 0.000002 0.000001 0.000001 0.000000 0.000000 0.000000 0.000000 0.000000 0.000000 0.000000 0.000000 0.000000 0.000000 0.000000 0.000000 
0.000000 0.000000 0.000000 0.000000 0.000000 0.000000 0.000000 0.000000 0.000000 0.000000 0.000000 0.000000 0.000000 0.000001 0.000002 0.000003 0.000005 0.000009 0.000015 0.000025 0.000041 0.000066 0.000106 0.000167 0.000257 0.000392 0.000586 0.000863 0.001251 0.001784 0.002503 0.003455 0.004692 0.006269 0.008238 0.010650 0.013544 0.016943 0.020849 0.025234 0.030042 0.035178 0.040515 0.045894 0.051133 0.056031 0.060386 0.064006 0.066725 0.068411 0.068983 0.068411 0.066725 0.064006 0.060386 0.056031 0.051133 0.045894 0.040515 0.035178 0.030042 0.025234 0.020849 0.016943 0.013544 0.010650 0.008238 0.006269 0.004692 0.003455 0.002503 0.001784 0.001251 0.000863 0.000586 0.000392 0.000257 0.000167 0.000106 0.000066 0.000041 0.000025 0.000015 0.000009 0.000005 0.000003 0.000002 0.000001 0.000000 0.000000 0.000000 0.000000 0.000000 0.000000 0.000000 0.000000 0.000000 0.000000 0.000000 0.000000 
0.000000 0.000000 0.000000 0.000000 0.000000 0.000000 0.000000 0.000000 0.000000 0.000000 0.000000 0.000000 0.000001 0.000001 0.000003 0.000005 0.000008 0.000015 0.000025 0.000042 0.000068 0.000111 0.000177 0.000278 0.000429 0.000652 0.000976 0.001436 0.002081 0.002965 0.004158 0.005736 0.007785 0.010396 0.013657 0.017648 0.022435 0.028055 0.034511 0.041758 0.049699 0.058181 0.066994 0.075874 0.084520 0.092602 0.099788 0.105762 0.110247 0.113029 0.113972 0.113029 0.110247 0.105762 0.099788 0.092602 0.084520 0.075874 0.066994 0.058181 0.049699 0.041758 0.034511 0.028055 0.022435 0.017648 0.013657 0.010396 0.007785 0.005736 0.004158 0.002965 0.002081 0.001436 0.000976 0.000652 0.000429 0.000278 0.000177 0.000111 0.000068 0.000042 0.000025 0.000015 0.000008 0.000005 0.000003 0.000001 0.000001 0.000000 0.000000 0.000000 0.000000 0.000000 0.000000 0.000000 0.000000 0.000000 0.000000 0.000000 
0.000000 0.000000 0.000000 0.000000 0.000000 0.000000 0.000000 0.000000 0.000000 0.000000 0.000000 0.000001 0.000001 0.000002 0.000004 0.000008 0.000014 0.000024 0.000041 0.000068 0.000113 0.000182 0.000291 0.000456 0.000704 0.001070 0.001599 0.002352 0.003405 0.004851 0.006798 0.009374 0.012718 0.016975 0.022289 0.028793 0.036589 0.045739 0.056246 0.068037 0.080954 0.094748 0.109076 0.123511 0.137562 0.150696 0.162371 0.172075 0.179361 0.183880 0.185411 0.183880 0.179361 0.172075 0.162371 0.150696 0.137562 0.123511 0.109076 0.094748 0.080954 0.068037 0.056246 0.045739 0.036589 0.028793 0.022289 0.016975 0.012718 0.009374 0.006798 0.004851 0.003405 0.002352 0.001599 0.001070 0.000704 0.000456 0.000291 0.000182 0.000113 0.000068 0.000041 0.000024 0.000014 0.000008 0.000004 0.000002 0.000001 0.000001 0.000000 0.000000 0.000000 0.000000 0.000000 0.000000 0.000000 0.000000 0.000000 0.000000 
0.000000 0.000000 0.000000 0.000000 0.000000 0.000000 0.000000 0.000000 0.000000 0.000000 0.000001 0.000001 0.000002 0.000004 0.000007 0.000013 0.000023 0.000039 0.000066 0.000111 0.000182 0.000295 0.000470 0.000737 0.001137 0.001726 0.002579 0.003793 0.005487 0.007812 0.010943 0.015083 0.020453 0.027287 0.035815 0.046248 0.058750 0.073418 0.090255 0.109144 0.129832 0.151918 0.174854 0.197958 0.220443 0.241457 0.260136 0.275659 0.287312 0.294540 0.296990 0.294540 0.287312 0.275659 0.260136 0.241457 0.220443 0.197958 0.174854 0.151918 0.129832 0.109144 0.090255 0.073418 0.058750 0.046248 0.035815 0.027287 0.020453 0.015083 0.010943 0.007812 0.005487 0.003793 0.002579 0.001726 0.001137 0.000737 0.000470 0.000295 0.000182 0.000111 0.000066 0.000039 0.000023 0.000013 0.000007 0.000004 0.000002 0.000001 0.000001 0.000000 0.000000 0.000000 0.000000 0.000000 0.000000 0.000000 0.000000 0.000000 
0.000000 0.000000 0.000000 0.000000 0.000000 0.000000 0.000000 0.000000 0.000000 0.000001 0.000001 0.000002 0.000004 0.000006 0.000012 0.000021 0.000036 0.000063 0.000106 0.000177 0.000291 0.000470 0.000748 0.001172 0.001807 0.002743 0.004096 0.006019 0.008704 0.012385 0.017341 0.023889 0.032380 0.043182 0.056656 0.073132 0.092870 0.116020 0.142584 0.172378 0.205000 0.239820 0.275970 0.312379 0.347807 0.380912 0.410334 0.434783 0.453137 0.464519 0.468377 0.464519 0.453137 0.434783 0.410334 0.380912 0.347807 0.312379 0.275970 0.239820 0.205000 0.172378 0.142584 0.116020 0.092870 0.073132 0.056656 0.043182 0.032380 0.023889 0.017341 0.012385 0.008704 0.006019 0.004096 0.002743 0.001807 0.001172 0.000748 0.000470 0.000291 0.000177 0.000106 0.000063 0.000036 0.000021 0.000012 0.000006 0.000004 0.000002 0.000001 0.000001 0.000000 0.000000 0.000000 0.000000 0.000000 0.000000 0.000000 0.000000 
0.000000 0.000000 0.000000 0.000000 0.000000 0.000000 0.000000 0.000000 0.000000 0.000001 0.000002 0.000003 0.000006 0.000010 0.000018 0.000033 0.000057 0.000098 0.000167 0.000278 0.000456 0.000737 0.001172 0.001835 0.002828 0.004289 0.006402 0.009402 0.013590 0.019328 0.027048 0.037246 0.050464 0.067271 0.088229 0.113847 0.144524 0.180494 0.221756 0.268023 0.318670 0.372714 0.428813 0.485303 0.540260 0.591609 0.637239 0.675154 0.703613 0.721263 0.727244 0.721263 0.703613 0.675154 0.637239 0.591609 0.540260 0.485303 0.428813 0.372714 0.318670 0.268023 0.221756 0.180494 0.144524 0.113847 0.088229 0.067271 0.050464 0.037246 0.027048 0.019328 0.013590 0.009402 0.006402 0.004289 0.002828 0.001835 0.001172 0.000737 0.000456 0.000278 0.000167 0.000098 0.000057 0.000033 0.000018 0.000010 0.000006 0.000003 0.000002 0.000001 0.000000 0.000000 0.000000 0.000000 0.000000 0.000000 0.000000 0.000000 
0.000000 0.000000 0.000000 0.000000 0.000000 0.000000 0.000000 0.000000 0.000001 0.000001 0.000002 0.000005 0.000009 0.000016 0.000029 0.000051 0.000088 0.000152 0.000257 0.000429 0.000704 0.001137 0.001807 0.002828 0.004356 0.006602 0.009848 0.014457 0.020885 0.029689 0.041530 0.057163 0.077418 0.103162 0.135253 0.174463 0.221404 0.276425 0.339524 0.410256 0.487666 0.570250 0.655958 0.742247 0.826182 0.904595 0.974267 1.032156 1.075603 1.102547 1.111677 1.102547 1.075603 1.032156 0.974267 0.904595 0.826182 0.742247 0.655958 0.570250 0.487666 0.410256 0.339524 0.276425 0.221404 0.174463 0.135253 0.103162 0.077418 0.057163 0.041530 0.029689 0.020885 0.014457 0.009848 0.006602 0.004356 0.002828 0.001807 0.001137 0.000704 0.000429 0.000257 0.000152 0.000088 0.000051 0.000029 0.000016 0.000009 0.000005 0.000002 0.000001 0.000001 0.000000 0.000000 0.000000 0.000000 0.000000 0.000000 0.000000 
0.000000 0.000000 0.000000 0.000000 0.000000 0.000000 0.000000 0.000001 0.000001 0.000002 0.000004 0.000007 0.000013 0.000024 0.000044 0.000077 0.000135 0.000231 0.000392 0.000652 0.001070 0.001726 0.002743 0.004289 0.006602 0.010001 0.014911 0.021879 0.031591 0.044889 0.062765 0.086355 0.116907 0.155725 0.204094 0.263176 0.333881 0.416734 0.511724 0.618178 0.734655 0.858891 0.987802 1.117563 1.243767 1.361651 1.466385 1.553397 1.618699 1.659193 1.672916 1.659193 1.618699 1.553397 1.466385 1.361651 1.243767 1.117563 0.987802 0.858891 0.734655 0.618178 0.511724 0.416734 0.333881 0.263176 0.204094 0.155725 0.116907 0.086355 0.062765 0.044889 0.031591 0.021879 0.014911 0.010001 0.006602 0.004289 0.002743 0.001726 0.001070 0.000652 0.000392 0.000231 0.000135 0.000077 0.000044 0.000024 0.000013 0.000007 0.000004 0.000002 0.000001 0.000001 0.000000 0.000000 0.000000 0.000000 0.000000 0.000000 
0.000000 0.000000 0.000000 0.000000 0.000000 0.000000 0.000000 0.000001 0.000002 0.000003 0.000006 0.000011 0.000020 0.000036 0.000065 0.000116 0.000202 0.000347 0.000586 0.000976 0.001599 0.002579 0.004096 0.006402 0.009848 0.014911 0.022220 0.032588 0.047033 0.066800 0.093363 0.128403 0.173764 0.231379 0.303145 0.390775 0.495615 0.618430 0.759199 0.916919 1.089450 1.273435 1.464308 1.656408 1.843216 2.017686 2.172679 2.301434 2.398058 2.457974 2.478277 2.457974 2.398058 2.301434 2.172679 2.017686 1.843216 1.656408 1.464308 1.273435 1.089450 0.916919 0.759199 0.618430 0.495615 0.390775 0.303145 0.231379 0.173764 0.128403 0.093363 0.066800 0.047033 0.032588 0.022220 0.014911 0.009848 0.006402 0.004096 0.002579 0.001599 0.000976 0.000586 0.000347 0.000202 0.000116 0.000065 0.000036 0.000020 0.000011 0.000006 0.000003 0.000002 0.000001 0.000000 0.000000 0.000000 0.000000 0.000000 0.000000 
0.000000 0.000000 0.000000 0.000000 0.000000 0.000000 0.000001 0.000001 0.000002 0.000004 0.000008 0.000016 0.000029 0.000054 0.000096 0.000171 0.000298 0.000511 0.000863 0.001436 0.002352 0.003793 0.006019 0.009402 0.014457 0.021879 0.032588 0.047770 0.068914 0.097838 0.136687 0.187915 0.254208 0.338379 0.443189 0.571128 0.724146 0.903351 1.108702 1.338725 1.590294 1.858512 2.136722 2.416676 2.688880 2.943076 3.168872 3.356429 3.497174 3.584444 3.614016 3.584444 3.497174 3.356429 3.168872 2.943076 2.688880 2.416676 2.136722 1.858512 1.590294 1.338725 1.108702 0.903351 0.724146 0.571128 0.443189 0.338379 0.254208 0.187915 0.136687 0.097838 0.068914 0.047770 0.032588 0.021879 0.014457 0.009402 0.006019 0.003793 0.002352 0.001436 0.000863 0.000511 0.000298 0.000171 0.000096 0.000054 0.000029 0.000016 0.000008 0.000004 0.000002 0.000001 0.000001 0.000000 0.000000 0.000000 0.000000 0.000000 
0.000000 0.000000 0.000000 0.000000 0.000000 0.000000 0.000001 0.000002 0.000003 0.000006 0.000012 0.000023 0.000043 0.000078 0.000140 0.000248 0.000432 0.000741 0.001251 0.002081 0.003405 0.005487 0.008704 0.013590 0.020885 0.031591 0.047033 0.068914 0.099376 0.141028 0.196951 0.270665 0.366025 0.487058 0.637721 0.821577 1.041411 1.298798 1.593665 1.923885 2.284961 2.669860 3.069029 3.470642 3.861082 4.225653 4.549461 4.818411 5.020221 5.145351 5.187752 5.145351 5.020221 4.818411 4.549461 4.225653 3.861082 3.470642 3.069029 2.669860 2.284961 1.923885 1.593665 1.298798 1.041411 0.821577 0.637721 0.487058 0.366025 0.270665 0.196951 0.141028 0.099376 0.068914 0.047033 0.031591 0.020885 0.013590 0.008704 0.005487 0.003405 0.002081 0.001251 0.000741 0.000432 0.000248 0.000140 0.000078 0.000043 0.000023 0.000012 0.000006 0.000003 0.000002 0.000001 0.000000 0.000000 0.000000 0.000000 0.000000 
0.000000 0.000000 0.000000 0.000000 0.000000 0.000001 0.000001 0.000002 0.000005 0.000009 0.000018 0.000033 0.000061 0.000112 0.000200 0.000354 0.000617 0.001057 0.001784 0.002965 0.004851 0.007812 0.012385 0.019328 0.029689 0.044889 0.066800 0.097838 0.141028 0.200059 0.279288 0.383684 0.518689 0.689986 0.903152 1.163206 1.474065 1.837936 2.254694 2.721317 3.231441 3.775123 4.338870 4.905985 5.457255 5.971942 6.429041 6.808673 7.093519 7.270129 7.329973 7.270129 7.093519 6.808673 6.429041 5.971942 5.457255 4.905985 4.338870 3.775123 3.231441 2.721317 2.254694 1.837936 1.474065 1.163206 0.903152 0.689986 0.518689 0.383684 0.279288 0.200059 0.141028 0.097838 0.066800 0.044889 0.029689 0.019328 0.012385 0.007812 0.004851 0.002965 0.001784 0.001057 0.000617 0.000354 0.000200 0.000112 0.000061 0.000033 0.000018 0.000009 0.000005 0.000002 0.000001 0.000001 0.000000 0.000000 0.000000 0.000000 
0.000000 0.000000 0.000000 0.000000 0.000000 0.000001 0.000002 0.000003 0.000007 0.000013 0.000025 0.000047 0.000086 0.000157 0.000282 0.000498 0.000866 0.001484 0.002503 0.004158 0.006798 0.010943 0.017341 0.027048 0.041530 0.062765 0.093363 0.136687 0.196951 0.279288 0.389757 0.535266 0.723377 0.961983 1.258822 1.620856 2.053506 2.559813 3.139581 3.788583 4.497955 5.253861 6.037542 6.825796 7.591933 8.307156 8.942296 9.469760 9.865507 10.110868 10.194007 10.110868 9.865507 9.469760 8.942296 8.307156 7.591933 6.825796 6.037542 5.253861 4.497955 3.788583 3.139581 2.559813 2.053506 1.620856 1.258822 0.961983 0.723377 0.535266 0.389757 0.279288 0.196951 0.136687 0.093363 0.062765 0.041530 0.027048 0.017341 0.010943 0.006798 0.004158 0.002503 0.001484 0.000866 0.000498 0.000282 0.000157 0.000086 0.000047 0.000025 0.000013 0.000007 0.000003 0.000002 0.000001 0.000000 0.000000 0.000000 0.000000 
0.000000 0.000000 0.000000 0.000000 0.000001 0.000001 0.000002 0.000005 0.000009 0.000018 0.000034 0.000065 0.000119 0.000217 0.000390 0.000688 0.001197 0.002049 0.003455 0.005736 0.009374 0.015083 0.023889 0.037246 0.057163 0.086355 0.128403 0.187915 0.270665 0.383684 0.535266 0.734863 0.992819 1.319921 1.726743 2.222784 2.815433 3.508822 4.302644 5.191087 6.161996 7.196427 8.268707 9.347104 10.395121 11.373394 12.242060 12.963411 13.504603 13.840127 13.953815 13.840127 13.504603 12.963411 12.242060 11.373394 10.395121 9.347104 8.268707 7.196427 6.161996 5.191087 4.302644 3.508822 2.815433 2.222784 1.726743 1.319921 0.992819 0.734863 0.535266 0.383684 0.270665 0.187915 0.128403 0.086355 0.057163 0.037246 0.023889 0.015083 0.009374 0.005736 0.003455 0.002049 0.001197 0.000688 0.000390 0.000217 0.000119 0.000065 0.000034 0.000018 0.000009 0.000005 0.000002 0.000001 0.000001 0.000000 0.000000 0.000000 
0.000000 0.000000 0.000000 0.000000 0.000001 0.000002 0.000003 0.000006 0.000013 0.000025 0.000047 0.000088 0.000163 0.000296 0.000530 0.000936 0.001627 0.002784 0.004692 0.007785 0.012718 0.020453 0.032380 0.050464 0.077418 0.116907 0.173764 0.254208 0.366025 0.518689 0.723377 0.992819 1.340939 1.782251 2.330971 2.999864 3.798843 4.733429 5.803168 7.000192 8.308101 9.701362 11.145398 12.597490 14.008520 15.325525 16.494878 17.465864 18.194308 18.645911 18.798928 18.645911 18.194308 17.465864 16.494878 15.325525 14.008520 12.597490 11.145398 9.701362 8.308101 7.000192 5.803168 4.733429 3.798843 2.999864 2.330971 1.782251 1.340939 0.992819 0.723377 0.518689 0.366025 0.254208 0.173764 0.116907 0.077418 0.050464 0.032380 0.020453 0.012718 0.007785 0.004692 0.002784 0.001627 0.000936 0.000530 0.000296 0.000163 0.000088 0.000047 0.000025 0.000013 0.000006 0.000003 0.000002 0.000001 0.000000 0.000000 0.000000 
0.000000 0.000000 0.000000 0.000001 0.000001 0.000002 0.000004 0.000009 0.000017 0.000033 0.000063 0.000118 0.000218 0.000396 0.000710 0.001252 0.002175 0.003722 0.006269 0.010396 0.016975 0.027287 0.043182 0.067271 0.103162 0.155725 0.231379 0.338379 0.487058 0.689986 0.961983 1.319921 1.782251 2.368191 3.096557 3.984229 5.044303 6.284041 7.702789 9.290069 11.024102 12.871021 14.784994 16.709416 18.579226 20.324285 21.873587 23.159992 24.125024 24.723282 24.925988 24.723282 24.125024 23.159992 21.873587 20.324285 18.579226 16.709416 14.784994 12.871021 11.024102 9.290069 7.702789 6.284041 5.044303 3.984229 3.096557 2.368191 1.782251 1.319921 0.961983 0.689986 0.487058 0.338379 0.231379 0.155725 0.103162 0.067271 0.043182 0.027287 0.016975 0.010396 0.006269 0.003722 0.002175 0.001252 0.000710 0.000396 0.000218 0.000118 0.000063 0.000033 0.000017 0.000009 0.000004 0.000002 0.000001 0.000001 0.000000 0.000000 
0.000000 0.000000 0.000000 0.000001 0.000001 0.000003 0.000006 0.000011 0.000023 0.000044 0.000083 0.000155 0.000287 0.000522 0.000934 0.001648 0.002862 0.004893 0.008238 0.013657 0.022289 0.035815 0.056656 0.088229 0.135253 0.204094 0.303145 0.443189 0.637721 0.903152 1.258822 1.726743 2.330971 3.096557 4.048012 5.207308 6.591471 8.209911 10.061707 12.133130 14.395720 16.805270 19.301987 21.812052 24.250648 26.526353 28.546634 30.224004 31.482276 32.262303 32.526593 32.262303 31.482276 30.224004 28.546634 26.526353 24.250648 21.812052 19.301987 16.805270 14.395720 12.133130 10.061707 8.209911 6.591471 5.207308 4.048012 3.096557 2.330971 1.726743 1.258822 0.903152 0.637721 0.443189 0.303145 0.204094 0.135253 0.088229 0.056656 0.035815 0.022289 0.013657 0.008238 0.004893 0.002862 0.001648 0.000934 0.000522 0.000287 0.000155 0.000083 0.000044 0.000023 0.000011 0.000006 0.000003 0.000001 0.000001 0.000000 0.000000 
0.000000 0.000000 0.000000 0.000001 0.000002 0.000004 0.000008 0.000015 0.000029 0.000057 0.000108 0.000202 0.000372 0.000676 0.001210 0.002133 0.003703 0.006328 0.010650 0.017648 0.028793 0.046248 0.073132 0.113847 0.174463 0.263176 0.390775 0.571128 0.821577 1.163206 1.620856 2.222784 2.999864 3.984229 5.207308 6.697252 8.475848 10.555101 12.933748 15.594088 18.499526 21.593273 24.798558 28.020642 31.150695 34.071439 36.664191 38.816749 40.431419 41.432357 41.771492 41.432357 40.431419 38.816749 36.664191 34.071439 31.150695 28.020642 24.798558 21.593273 18.499526 15.594088 12.933748 10.555101 8.475848 6.697252 5.207308 3.984229 2.999864 2.222784 1.620856 1.163206 0.821577 0.571128 0.390775 0.263176 0.174463 0.113847 0.073132 0.046248 0.028793 0.017648 0.010650 0.006328 0.003703 0.002133 0.001210 0.000676 0.000372 0.000202 0.000108 0.000057 0.000029 0.000015 0.000008 0.000004 0.000002 0.000001 0.000001 0.000001 
0.000000 0.000000 0.000001 0.000001 0.000002 0.000005 0.000010 0.000019 0.000037 0.000072 0.000137 0.000257 0.000474 0.000862 0.001542 0.002716 0.004712 0.008051 0.013544 0.022435 0.036589 0.058750 0.092870 0.144524 0.221404 0.333881 0.495615 0.724146 1.041411 1.474065 2.053506 2.815433 3.798843 5.044303 6.591471 8.475848 10.724881 13.353641 16.360441 19.722828 23.394498 27.303656 31.353304 35.423774 39.377642 43.066839 46.341546 49.060145 51.099336 52.363405 52.791688 52.363405 51.099336 49.060145 46.341546 43.066839 39.377642 35.423774 31.353304 27.303656 23.394498 19.722828 16.360441 13.353641 10.724881 8.475848 6.591471 5.044303 3.798843 2.815433 2.053506 1.474065 1.041411 0.724146 0.495615 0.333881 0.221404 0.144524 0.092870 0.058750 0.036589 0.022435 0.013544 0.008051 0.004712 0.002716 0.001542 0.000862 0.000474 0.000257 0.000137 0.000072 0.000037 0.000019 0.000010 0.000005 0.000002 0.000001 0.000001 0.000001 
0.000000 0.000000 0.000001 0.000001 0.000003 0.000006 0.000012 0.000024 0.000047 0.000091 0.000172 0.000323 0.000595 0.001080 0.001931 0.003401 0.005899 0.010075 0.016943 0.028055 0.045739 0.073418 0.116020 0.180494 0.276425 0.416734 0.618430 0.903351 1.298798 1.837936 2.559813 3.508822 4.733429 6.284041 8.209911 10.555101 13.353641 16.624166 20.364466 24.546524 29.112686 33.973638 39.008765 44.069318 48.984513 53.570370 57.640761 61.019768 63.554235 65.125284 65.657570 65.125284 63.554235 61.019768 57.640761 53.570370 48.984513 44.069318 39.008765 33.973638 29.112686 24.546524 20.364466 16.624166 13.353641 10.555101 8.209911 6.284041 4.733429 3.508822 2.559813 1.837936 1.298798 0.903351 0.618430 0.416734 0.276425 0.180494 0.116020 0.073418 0.045739 0.028055 0.016943 0.010075 0.005899 0.003401 0.001931 0.001080 0.000595 0.000323 0.000172 0.000091 0.000047 0.000024 0.000012 0.000006 0.000003 0.000002 0.000001 0.000001 
0.000001 0.000001 0.000001 0.000002 0.000004 0.000007 0.000015 0.000030 0.000058 0.000112 0.000213 0.000398 0.000733 0.001331 0.002380 0.004190 0.007264 0.012402 0.020849 0.034511 0.056246 0.090255 0.142584 0.221756 0.339524 0.511724 0.759199 1.108702 1.593665 2.254694 3.139581 4.302644 5.803168 7.702789 10.061707 12.933748 16.360441 20.364466 24.942996 30.061634 35.649746 41.597992 47.758785 53.950164 59.963254 65.573086 70.552089 74.685198 77.785190 79.706752 80.357787 79.706752 77.785190 74.685198 70.552089 65.573086 59.963254 53.950164 47.758785 41.597992 35.649746 30.061634 24.942996 20.364466 16.360441 12.933748 10.061707 7.702789 5.803168 4.302644 3.139581 2.254694 1.593665 1.108702 0.759199 0.511724 0.339524 0.221756 0.142584 0.090255 0.056246 0.034511 0.020849 0.012402 0.007264 0.004190 0.002380 0.001331 0.000733 0.000398 0.000213 0.000112 0.000058 0.000030 0.000015 0.000007 0.000004 0.000002 0.000001 0.000001 
0.000001 0.000001 0.000001 0.000002 0.000004 0.000009 0.000018 0.000036 0.000071 0.000136 0.000258 0.000483 0.000889 0.001614 0.002884 0.005076 0.008798 0.015015 0.025234 0.041758 0.068037 0.109144 0.172378 0.268023 0.410256 0.618178 0.916919 1.338725 1.923885 2.721317 3.788583 5.191087 7.000192 9.290069 12.133130 15.594088 19.722828 24.546524 30.061634 36.226615 42.956316 50.119024 57.537022 64.991264 72.230357 78.983575 84.977097 89.952171 93.683560 95.996454 96.780068 95.996454 93.683560 89.952171 84.977097 78.983575 72.230357 64.991264 57.537022 50.119024 42.956316 36.226615 30.061634 24.546524 19.722828 15.594088 12.133130 9.290069 7.000192 5.191087 3.788583 2.721317 1.923885 1.338725 0.916919 0.618178 0.410256 0.268023 0.172378 0.109144 0.068037 0.041758 0.025234 0.015015 0.008798 0.005076 0.002884 0.001614 0.000889 0.000483 0.000258 0.000136 0.000071 0.000036 0.000018 0.000009 0.000004 0.000002 0.000001 0.000001 
0.000001 0.000001 0.000001 0.000003 0.000005 0.000011 0.000022 0.000043 0.000084 0.000162 0.000308 0.000576 0.001061 0.001924 0.003438 0.006048 0.010480 0.017881 0.030042 0.049699 0.080954 0.129832 0.205000 0.318670 0.487666 0.734655 1.089450 1.590294 2.284961 3.231441 4.497955 6.161996 8.308101 11.024102 14.395720 18.499526 23.394498 29.112686 35.649746 42.956316 50.931395 59.418855 68.208116 77.039689 85.615824 93.615915 100.715727 106.608893 111.028748 113.768338 114.696509 113.768338 111.028748 106.608893 100.715727 93.615915 85.615824 77.039689 68.208116 59.418855 50.931395 42.956316 35.649746 29.112686 23.394498 18.499526 14.395720 11.024102 8.308101 6.161996 4.497955 3.231441 2.284961 1.590294 1.089450 0.734655 0.487666 0.318670 0.205000 0.129832 0.080954 0.049699 0.030042 0.017881 0.010480 0.006048 0.003438 0.001924 0.001061 0.000576 0.000308 0.000162 0.000084 0.000043 0.000022 0.000011 0.000005 0.000003 0.000002 0.000002 
0.000001 0.000001 0.000002 0.000003 0.000006 0.000013 0.000025 0.000051 0.000099 0.000191 0.000362 0.000676 0.001244 0.002256 0.004030 0.007088 0.012278 0.020943 0.035178 0.058181 0.094748 0.151918 0.239820 0.372714 0.570250 0.858891 1.273435 1.858512 2.669860 3.775123 5.253861 7.196427 9.701362 12.871021 16.805270 21.593273 27.303656 33.973638 41.597992 50.119024 59.418855 69.315380 79.563065 89.859418 99.857399 109.183381 117.459543 124.328910 129.480788 132.674061 133.755930 132.674061 129.480788 124.328910 117.459543 109.183381 99.857399 89.859418 79.563065 69.315380 59.418855 50.119024 41.597992 33.973638 27.303656 21.593273 16.805270 12.871021 9.701362 7.196427 5.253861 3.775123 2.669860 1.858512 1.273435 0.858891 0.570250 0.372714 0.239820 0.151918 0.094748 0.058181 0.035178 0.020943 0.012278 0.007088 0.004030 0.002256 0.001244 0.000676 0.000362 0.000191 0.000099 0.000051 0.000026 0.000013 0.000006 0.000003 0.000002 0.000002 
0.000001 0.000001 0.000002 0.000004 0.000007 0.000015 0.000029 0.000058 0.000114 0.000220 0.000417 0.000780 0.001435 0.002602 0.004646 0.008169 0.014147 0.024126 0.040515 0.066994 0.109076 0.174854 0.275970 0.428813 0.655958 0.987802 1.464308 2.136722 3.069029 4.338870 6.037542 8.268707 11.145398 14.784994 19.301987 24.798558 31.353304 39.008765 47.758785 57.537022 68.208116 79.563065 91.320159 103.132404 114.601769 125.299774 134.793165 142.672628 148.581927 152.244617 153.485514 152.244617 148.581927 142.672628 134.793165 125.299774 114.601769 103.132404 91.320159 79.563065 68.208116 57.537022 47.758785 39.008765 31.353304 24.798558 19.301987 14.784994 11.145398 8.268707 6.037542 4.338870 3.069029 2.136722 1.464308 0.987802 0.655958 0.428813 0.275970 0.174854 0.109076 0.066994 0.040515 0.024126 0.014147 0.008169 0.004646 0.002602 0.001435 0.000780 0.000417 0.000220 0.000114 0.000058 0.000029 0.000015 0.000007 0.000004 0.000002 0.000002 
