0.000000 0.000000 0.000000 0.000000 0.000000 0.000000 0.000000 0.000000 0.000000 0.000000 0.000000 0.000000 0.000000 0.000000 0.000000 0.000000 0.000000 0.000000 0.000000 0.000000 0.000000 0.000000 0.000000 0.000000 0.000000 0.000000 0.000000 0.000000 0.000000 0.000000 0.000000 0.000000 0.000000 0.000000 0.000000 0.000000 0.000000 0.000000 0.000000 0.000000 0.000000 0.000000 0.000000 0.000000 0.000000 0.000000 0.000000 0.000000 0.000000 0.000000 0.000000 0.000000 0.000000 0.000000 0.000000 0.000000 0.000000 0.000000 0.000000 0.000000 0.000000 0.000000 0.000000 0.000000 0.000000 0.000000 0.000000 0.000000 0.000000 0.000000 0.000000 0.000000 0.000000 0.000000 0.000000 0.000000 0.000000 0.000000 0.000000 0.000000 0.000000 0.000000 0.000000 0.000000 0.000000 0.000000 0.000000 0.000000 0.000000 0.000000 0.000000 0.000000 0.000000 0.000000 0.000000 0.000000 0.000000 0.000000 0.000000 0.000000 
0.000000 0.000000 0.000000 0.000000 0.000000 0.000000 0.000000 0.000000 0.000000 0.000000 0.000000 0.000000 0.000000 0.000000 0.000000 0.000000 0.000000 0.000000 0.000000 0.000000 0.000000 0.000000 0.000000 0.000000 0.000000 0.000000 0.000000 0.000000 0.000000 0.000000 0.000000 0.000000 0.000000 0.000000 0.000000 0.000000 0.000000 0.000000 0.000000 0.000000 0.000000 0.000000 0.000000 0.000000 0.000000 0.000000 0.000000 0.000000 0.000000 0.000000 0.000000 0.000000 0.000000 0.000000 0.000000 0.000000 0.000000 0.000000 0.000000 0.000000 0.000000 0.000000 0.000000 0.000000 0.000000 0.000000 0.000000 0.000000 0.000000 0.000000 0.000000 0.000000 0.000000 0.000000 0.000000 0.000000 0.000000 0.000000 0.000000 0.000000 0.000000 0.000000 0.000000 0.000000 0.000000 0.000000 0.000000 0.000000 0.000000 0.000000 0.000000 0.000000 0.000000 0.000000 0.000000 0.000000 0.000000 0.000000 0.000000 0.000000 
0.000000 0.000000 0.000000 0.000000 0.000000 0.000000 0.000000 0.000000 0.000000 0.000000 0.000000 0.000000 0.000000 0.000000 0.000000 0.000000 0.000000 0.000000 0.000000 0.000000 0.000000 0.000000 0.000000 0.000000 0.000000 0.000000 0.000000 0.000000 0.000000 0.000000 0.000000 0.000000 0.000000 0.000000 0.000000 0.000000 0.000000 0.000000 0.000000 0.000000 0.000000 0.000000 0.000000 0.000000 0.000000 0.000000 0.000000 0.000000 0.000000 0.000000 0.000000 0.000000 0.000000 0.000000 0.000000 0.000000 0.000000 0.000000 0.000000 0.000000 0.000000 0.000000 0.000000 0.000000 0.000000 0.000000 0.000000 0.000000 0.000000 0.000000 0.000000 0.000000 0.000000 0.000000 0.000000 0.000000 0.000000 0.000000 0.000000 0.000000 0.000000 0.000000 0.000000 0.000000 0.000000 0.000000 0.000000 0.000000 0.000000 0.000000 0.000000 0.000000 0.000000 0.000000 0.000000 0.000000 0.000000 0.000000 0.000000 0.000000 
0.000000 0.000000 0.000000 0.000000 0.000000 0.000000 0.000000 0.000000 0.000000 0.000000 0.000000 0.000000 0.000000 0.000000 0.000000 0.000000 0.000000 0.000000 0.000000 0.000000 0.000000 0.000000 0.000000 0.000000 0.000000 0.000000 0.000000 0.000000 0.000000 0.000000 0.000000 0.000000 0.000000 0.000000 0.000000 0.000000 0.000000 0.000000 0.000000 0.000000 0.000000 0.000000 0.000000 0.000000 0.000000 0.000000 0.000000 0.000000 0.000000 0.000000 0.000000 0.000000 0.000000 0.000000 0.000000 0.000000 0.000000 0.000000 0.000000 0.000000 0.000000 0.000000 0.000000 0.000000 0.000000 0.000000 0.000000 0.000000 0.000000 0.000000 0.000000 0.000000 0.000000 0.000000 0.000000 0.000000 0.000000 0.000000 0.000000 0.000000 0.000000 0.000000 0.000000 0.000000 0.000000 0.000000 0.000000 0.000000 0.000000 0.000000 0.000000 0.000000 0.000000 0.000000 0.000000 0.000000 0.000000 0.000000 0.000000 0.000000 
0.000000 0.000000 0.000000 0.000000 0.000000 0.000000 0.000000 0.000000 0.000000 0.000000 0.000000 0.000000 0.000000 0.000000 0.000000 0.000000 0.000000 0.000000 0.000000 0.000000 0.000000 0.000000 0.000000 0.000000 0.000000 0.000000 0.000000 0.000000 0.000000 0.000000 0.000000 0.000000 0.000000 0.000000 0.000000 0.000000 0.000000 0.000000 0.000000 0.000000 0.000000 0.000000 0.000000 0.000000 0.000000 0.000000 0.000000 0.000000 0.000000 0.000000 0.000000 0.000000 0.000000 0.000000 0.000000 0.000000 0.000000 0.000000 0.000000 0.000000 0.000000 0.000000 0.000000 0.000000 0.000000 0.000000 0.000000 0.000000 0.000000 0.000000 0.000000 0.000000 0.000000 0.000000 0.000000 0.000000 0.000000 0.000000 0.000000 0.000000 0.000000 0.000000 0.000000 0.000000 0.000000 0.000000 0.000000 0.000000 0.000000 0.000000 0.000000 0.000000 0.000000 0.000000 0.000000 0.000000 0.000000 0.000000 0.000000 0.000000 
0.000000 0.000000 0.000000 0.000000 0.000000 0.000000 0.000000 0.000000 0.000000 0.000000 0.000000 0.000000 0.000000 0.000000 0.000000 0.000000 0.000000 0.000000 0.000000 0.000000 0.000000 0.000000 0.000000 0.000000 0.000000 0.000000 0.000000 0.000000 0.000000 0.000000 0.000000 0.000000 0.000000 0.000000 0.000000 0.000000 0.000000 0.000000 0.000000 0.000000 0.000000 0.000000 0.000000 0.000000 0.000000 0.000000 0.000000 0.000000 0.000000 0.000000 0.000000 0.000000 0.000000 0.000000 0.000000 0.000000 0.000000 0.000000 0.000000 0.000000 0.000000 0.000000 0.000000 0.000000 0.000000 0.000000 0.000000 0.000000 0.000000 0.000000 0.000000 0.000000 0.000000 0.000000 0.000000 0.000000 0.000000 0.000000 0.000000 0.000000 0.000000 0.000000 0.000000 0.000000 0.000000 0.000000 0.000000 0.000000 0.000000 0.000000 0.000000 0.000000 0.000000 0.000000 0.000000 0.000000 0.000000 0.000000 0.000000 0.000000 
0.000000 0.000000 0.000000 0.000000 0.000000 0.000000 0.000000 0.000000 0.000000 0.000000 0.000000 0.000000 0.000000 0.000000 0.000000 0.000000 0.000000 0.000000 0.000000 0.000000 0.000000 0.000000 0.000000 0.000000 0.000000 0.000000 0.000000 0.000000 0.000000 0.000000 0.000000 0.000000 0.000000 0.000000 0.000000 0.000000 0.000000 0.000000 0.000000 0.000000 0.000000 0.000000 0.000000 0.000000 0.000001 0.000001 0.000001 0.000001 0.000001 0.000001 0.000001 0.000001 0.000001 0.000001 0.000001 0.000001 0.000001 0.000000 0.000000 0.000000 0.000000 0.000000 0.000000 0.000000 0.000000 0.000000 0.000000 0.000000 0.000000 0.000000 0.000000 0.000000 0.000000 0.000000 0.000000 0.000000 0.000000 0.000000 0.000000 0.000000 0.000000 0.000000 0.000000 0.000000 0.000000 0.000000 0.000000 0.000000 0.000000 0.000000 0.000000 0.000000 0.000000 0.000000 0.000000 0.000000 0.000000 0.000000 0.000000 0.000000 
0.000000 0.000000 0.000000 0.000000 0.000000 0.000000 0.000000 0.000000 0.000000 0.000000 0.000000 0.000000 0.000000 0.000000 0.000000 0.000000 0.000000 0.000000 0.000000 0.000000 0.000000 0.000000 0.000000 0.000000 0.000000 0.000000 0.000000 0.000000 0.000000 0.000000 0.000000 0.000000 0.000000 0.000000 0.000000 0.000000 0.000000 0.000000 0.000000 0.000000 0.000001 0.000001 0.000001 0.000001 0.000001 0.000001 0.000002 0.000002 0.000002 0.000002 0.000002 0.000002 0.000002 0.000002 0.000002 0.000001 0.000001 0.000001 0.000001 0.000001 0.000001 0.000000 0.000000 0.000000 0.000000 0.000000 0.000000 0.000000 0.000000 0.000000 0.000000 0.000000 0.000000 0.000000 0.000000 0.000000 0.000000 0.000000 0.000000 0.000000 0.000000 0.000000 0.000000 0.000000 0.000000 0.000000 0.000000 0.000000 0.000000 0.000000 0.000000 0.000000 0.000000 0.000000 0.000000 0.000000 0.000000 0.000000 0.000000 0.000000 
0.000000 0.000000 0.000000 0.000000 0.000000 0.000000 0.000000 0.000000 0.000000 0.000000 0.000000 0.000000 0.000000 0.000000 0.000000 0.000000 0.000000 0.000000 0.000000 0.000000 0.000000 0.000000 0.000000 0.000000 0.000000 0.000000 0.000000 0.000000 0.000000 0.000000 0.000000 0.000000 0.000000 0.000000 0.000000 0.000000 0.000000 0.000001 0.000001 0.000001 0.000001 0.000002 0.000002 0.000003 0.000003 0.000003 0.000004 0.000004 0.000004 0.000004 0.000004 0.000004 0.000004 0.000004 0.000004 0.000003 0.000003 0.000003 0.000002 0.000002 0.000001 0.000001 0.000001 0.000001 0.000000 0.000000 0.000000 0.000000 0.000000 0.000000 0.000000 0.000000 0.000000 0.000000 0.000000 0.000000 0.000000 0.000000 0.000000 0.000000 0.000000 0.000000 0.000000 0.000000 0.000000 0.000000 0.000000 0.000000 0.000000 0.000000 0.000000 0.000000 0.000000 0.000000 0.000000 0.000000 0.000000 0.000000 0.000000 0.000000 
0.000000 0.000000 0.000000 0.000000 0.000000 0.000000 0.000000 0.000000 0.000000 0.000000 0.000000 0.000000 0.000000 0.000000 0.000000 0.000000 0.000000 0.000000 0.000000 0.000000 0.000000 0.000000 0.000000 0.000000 0.000000 0.000000 0.000000 0.000000 0.000000 0.000000 0.000000 0.000000 0.000000 0.000000 0.000001 0.000001 0.000001 0.000002 0.000002 0.000003 0.000003 0.000004 0.000005 0.000006 0.000007 0.000008 0.000009 0.000009 0.000010 0.000010 0.000010 0.000010 0.000010 0.000009 0.000009 0.000008 0.000007 0.000006 0.000005 0.000004 0.000003 0.000003 0.000002 0.000002 0.000001 0.000001 0.000001 0.000000 0.000000 0.000000 0.000000 0.000000 0.000000 0.000000 0.000000 0.000000 0.000000 0.000000 0.000000 0.000000 0.000000 0.000000 0.000000 0.000000 0.000000 0.000000 0.000000 0.000000 0.000000 0.000000 0.000000 0.000000 0.000000 0.000000 0.000000 0.000000 0.000000 0.000000 0.000000 0.000000 
0.000000 0.000000 0.000000 0.000000 0.000000 0.000000 0.000000 0.000000 0.000000 0.000000 0.000000 0.000000 0.000000 0.000000 0.000000 0.000000 0.000000 0.000000 0.000000 0.000000 0.000000 0.000000 0.000000 0.000000 0.000000 0.000000 0.000000 0.000000 0.000000 0.000000 0.000000 0.000000 0.000001 0.000001 0.000001 0.000002 0.000003 0.000003 0.000005 0.000006 0.000008 0.000009 0.000011 0.000013 0.000016 0.000018 0.000019 0.000021 0.000022 0.000023 0.000023 0.000023 0.000022 0.000021 0.000019 0.000018 0.000016 0.000013 0.000011 0.000009 0.000008 0.000006 0.000005 0.000003 0.000003 0.000002 0.000001 0.000001 0.000001 0.000000 0.000000 0.000000 0.000000 0.000000 0.000000 0.000000 0.000000 0.000000 0.000000 0.000000 0.000000 0.000000 0.000000 0.000000 0.000000 0.000000 0.000000 0.000000 0.000000 0.000000 0.000000 0.000000 0.000000 0.000000 0.000000 0.000000 0.000000 0.000000 0.000000 0.000000 
0.000000 0.000000 0.000000 0.000000 0.000000 0.000000 0.000000 0.000000 0.000000 0.000000 0.000000 0.000000 0.000000 0.000000 0.000000 0.000000 0.000000 0.000000 0.000000 0.000000 0.000000 0.000000 0.000000 0.000000 0.000000 0.000000 0.000000 0.000000 0.000000 0.000000 0.000001 0.000001 0.000001 0.000002 0.000003 0.000004 0.000006 0.000008 0.000010 0.000013 0.000017 0.000021 0.000025 0.000030 0.000035 0.000039 0.000043 0.000047 0.000049 0.000051 0.000052 0.000051 0.000049 0.000047 0.000043 0.000039 0.000035 0.000030 0.000025 0.000021 0.000017 0.000013 0.000010 0.000008 0.000006 0.000004 0.000003 0.000002 0.000001 0.000001 0.000001 0.000000 0.000000 0.000000 0.000000 0.000000 0.000000 0.000000 0.000000 0.000000 0.000000 0.000000 0.000000 0.000000 0.000000 0.000000 0.000000 0.000000 0.000000 0.000000 0.000000 0.000000 0.000000 0.000000 0.000000 0.000000 0.000000 0.000000 0.000000 0.000000 
0.000000 0.000000 0.000000 0.000000 0.000000 0.000000 0.000000 0.000000 0.000000 0.000000 0.000000 0.000000 0.000000 0.000000 0.000000 0.000000 0.000000 0.000000 0.000000 0.000000 0.000000 0.000000 0.000000 0.000000 0.000000 0.000000 0.000000 0.000000 0.000001 0.000001 0.000001 0.000002 0.000003 0.000005 0.000007 0.000009 0.000013 0.000017 0.000023 0.000029 0.000037 0.000046 0.000055 0.000065 0.000075 0.000085 0.000094 0.000102 0.000108 0.000112 0.000113 0.000112 0.000108 0.000102 0.000094 0.000085 0.000075 0.000065 0.000055 0.000046 0.000037 0.000029 0.000023 0.000017 0.000013 0.000009 0.000007 0.000005 0.000003 0.000002 0.000001 0.000001 0.000001 0.000000 0.000000 0.000000 0.000000 0.000000 0.000000 0.000000 0.000000 0.000000 0.000000 0.000000 0.000000 0.000000 0.000000 0.000000 0.000000 0.000000 0.000000 0.000000 0.000000 0.000000 0.000000 0.000000 0.000000 0.000000 0.000000 0.000000 
0.000000 0.000000 0.000000 0.000000 0.000000 0.000000 0.000000 0.000000 0.000000 0.000000 0.000000 0.000000 0.000000 0.000000 0.000000 0.000000 0.000000 0.000000 0.000000 0.000000 0.000000 0.000000 0.000000 0.000000 0.000000 0.000000 0.000000 0.000001 0.000001 0.000002 0.000003 0.000004 0.000007 0.000010 0.000014 0.000020 0.000027 0.000037 0.000049 0.000063 0.000079 0.000098 0.000118 0.000140 0.000162 0.000183 0.000202 0.000219 0.000231 0.000239 0.000242 0.000239 0.000231 0.000219 0.000202 0.000183 0.000162 0.000140 0.000118 0.000098 0.000079 0.000063 0.000049 0.000037 0.000027 0.000020 0.000014 0.000010 0.000007 0.000004 0.000003 0.000002 0.000001 0.000001 0.000000 0.000000 0.000000 0.000000 0.000000 0.000000 0.000000 0.000000 0.000000 0.000000 0.000000 0.000000 0.000000 0.000000 0.000000 0.000000 0.000000 0.000000 0.000000 0.000000 0.000000 0.000000 0.000000 0.000000 0.000000 0.000000 
0.000000 0.000000 0.000000 0.000000 0.000000 0.000000 0.000000 0.000000 0.000000 0.000000 0.000000 0.000000 0.000000 0.000000 0.000000 0.000000 0.000000 0.000000 0.000000 0.000000 0.000000 0.000000 0.000000 0.000000 0.000000 0.000001 0.000001 0.000001 0.000002 0.000004 0.000006 0.000009 0.000014 0.000021 0.000030 0.000042 0.000058 0.000078 0.000103 0.000132 0.000167 0.000206 0.000249 0.000294 0.000340 0.000384 0.000425 0.000459 0.000485 0.000502 0.000507 0.000502 0.000485 0.000459 0.000425 0.000384 0.000340 0.000294 0.000249 0.000206 0.000167 0.000132 0.000103 0.000078 0.000058 0.000042 0.000030 0.000021 0.000014 0.000009 0.000006 0.000004 0.000002 0.000001 0.000001 0.000001 0.000000 0.000000 0.000000 0.000000 0.000000 0.000000 0.000000 0.000000 0.000000 0.000000 0.000000 0.000000 0.000000 0.000000 0.000000 0.000000 0.000000 0.000000 0.000000 0.000000 0.000000 0.000000 0.000000 0.000000 
0.000000 0.000000 0.000000 0.000000 0.000000 0.000000 0.000000 0.000000 0.000000 0.000000 0.000000 0.000000 0.000000 0.000000 0.000000 0.000000 0.000000 0.000000 0.000000 0.000000 0.000000 0.000000 0.000000 0.000000 0.000001 0.000001 0.000002 0.000003 0.000005 0.000008 0.000013 0.000020 0.000029 0.000043 0.000062 0.000087 0.000120 0.000161 0.000212 0.000274 0.000345 0.000426 0.000514 0.000607 0.000701 0.000792 0.000875 0.000946 0.001000 0.001034 0.001045 0.001034 0.001000 0.000946 0.000875 0.000792 0.000701 0.000607 0.000514 0.000426 0.000345 0.000274 0.000212 0.000161 0.000120 0.000087 0.000062 0.000043 0.000029 0.000020 0.000013 0.000008 0.000005 0.000003 0.000002 0.000001 0.000001 0.000000 0.000000 0.000000 0.000000 0.000000 0.000000 0.000000 0.000000 0.000000 0.000000 0.000000 0.000000 0.000000 0.000000 0.000000 0.000000 0.000000 0.000000 0.000000 0.000000 0.000000 0.000000 0.000000 
0.000000 0.000000 0.000000 0.000000 0.000000 0.000000 0.000000 0.000000 0.000000 0.000000 0.000000 0.000000 0.000000 0.000000 0.000000 0.000000 0.000000 0.000000 0.000000 0.000000 0.000000 0.000000 0.000000 0.000001 0.000001 0.000002 0.000004 0.000006 0.000010 0.000017 0.000026 0.000040 0.000060 0.000088 0.000126 0.000177 0.000243 0.000327 0.000431 0.000555 0.000700 0.000863 0.001041 0.001229 0.001419 0.001602 0.001769 0.001912 0.002020 0.002089 0.002112 0.002089 0.002020 0.001912 0.001769 0.001602 0.001419 0.001229 0.001041 0.000863 0.000700 0.000555 0.000431 0.000327 0.000243 0.000177 0.000126 0.000088 0.000060 0.000040 0.000026 0.000017 0.000010 0.000006 0.000004 0.000002 0.000001 0.000001 0.000000 0.000000 0.000000 0.000000 0.000000 0.000000 0.000000 0.000000 0.000000 0.000000 0.000000 0.000000 0.000000 0.000000 0.000000 0.000000 0.000000 0.000000 0.000000 0.000000 0.000000 0.000000 
0.000000 0.000000 0.000000 0.000000 0.000000 0.000000 0.000000 0.000000 0.000000 0.000000 0.000000 0.000000 0.000000 0.000000 0.000000 0.000000 0.000000 0.000000 0.000000 0.000000 0.000000 0.000000 0.000001 0.000001 0.000003 0.000005 0.000008 0.000013 0.000021 0.000033 0.000052 0.000080 0.000120 0.000175 0.000252 0.000353 0.000485 0.000652 0.000858 0.001105 0.001392 0.001715 0.002068 0.002440 0.002815 0.003178 0.003509 0.003791 0.004005 0.004140 0.004186 0.004140 0.004005 0.003791 0.003509 0.003178 0.002815 0.002440 0.002068 0.001715 0.001392 0.001105 0.000858 0.000652 0.000485 0.000353 0.000252 0.000175 0.000120 0.000080 0.000052 0.000033 0.000021 0.000013 0.000008 0.000005 0.000003 0.000001 0.000001 0.000000 0.000000 0.000000 0.000000 0.000000 0.000000 0.000000 0.000000 0.000000 0.000000 0.000000 0.000000 0.000000 0.000000 0.000000 0.000000 0.000000 0.000000 0.000000 0.000000 0.000000 
0.000000 0.000000 0.000000 0.000000 0.000000 0.000000 0.000000 0.000000 0.000000 0.000000 0.000000 0.000000 0.000000 0.000000 0.000000 0.000000 0.000000 0.000000 0.000000 0.000000 0.000000 0.000001 0.000002 0.000003 0.000005 0.000009 0.000015 0.000025 0.000041 0.000066 0.000103 0.000157 0.000235 0.000344 0.000493 0.000691 0.000949 0.001275 0.001676 0.002156 0.002714 0.003343 0.004029 0.004750 0.005479 0.006183 0.006826 0.007372 0.007788 0.008049 0.008139 0.008049 0.007788 0.007372 0.006826 0.006183 0.005479 0.004750 0.004029 0.003343 0.002714 0.002156 0.001676 0.001275 0.000949 0.000691 0.000493 0.000344 0.000235 0.000157 0.000103 0.000066 0.000041 0.000025 0.000015 0.000009 0.000005 0.000003 0.000002 0.000001 0.000000 0.000000 0.000000 0.000000 0.000000 0.000000 0.000000 0.000000 0.000000 0.000000 0.000000 0.000000 0.000000 0.000000 0.000000 0.000000 0.000000 0.000000 0.000000 0.000000 
0.000000 0.000000 0.000000 0.000000 0.000000 0.000000 0.000000 0.000000 0.000000 0.000000 0.000000 0.000000 0.000000 0.000000 0.000000 0.000000 0.000000 0.000000 0.000000 0.000000 0.000001 0.000002 0.000003 0.000006 0.000010 0.000017 0.000030 0.000049 0.000080 0.000127 0.000198 0.000302 0.000452 0.000661 0.000946 0.001326 0.001819 0.002442 0.003209 0.004125 0.005190 0.006389 0.007695 0.009069 0.010457 0.011797 0.013020 0.014059 0.014852 0.015349 0.015518 0.015349 0.014852 0.014059 0.013020 0.011797 0.010457 0.009069 0.007695 0.006389 0.005190 0.004125 0.003209 0.002442 0.001819 0.001326 0.000946 0.000661 0.000452 0.000302 0.000198 0.000127 0.000080 0.000049 0.000030 0.000017 0.000010 0.000006 0.000003 0.000002 0.000001 0.000000 0.000000 0.000000 0.000000 0.000000 0.000000 0.000000 0.000000 0.000000 0.000000 0.000000 0.000000 0.000000 0.000000 0.000000 0.000000 0.000000 0.000000 0.000000 
0.000000 0.000000 0.000000 0.000000 0.000000 0.000000 0.000000 0.000000 0.000000 0.000000 0.000000 0.000000 0.000000 0.000000 0.000000 0.000000 0.000000 0.000000 0.000000 0.000001 0.000002 0.000003 0.000006 0.000011 0.000019 0.000033 0.000056 0.000093 0.000151 0.000240 0.000374 0.000571 0.000852 0.001246 0.001782 0.002495 0.003420 0.004588 0.006024 0.007740 0.009731 0.011973 0.014415 0.016981 0.019573 0.022074 0.024357 0.026295 0.027774 0.028700 0.029016 0.028700 0.027774 0.026295 0.024357 0.022074 0.019573 0.016981 0.014415 0.011973 0.009731 0.007740 0.006024 0.004588 0.003420 0.002495 0.001782 0.001246 0.000852 0.000571 0.000374 0.000240 0.000151 0.000093 0.000056 0.000033 0.000019 0.000011 0.000006 0.000003 0.000002 0.000001 0.000000 0.000000 0.000000 0.000000 0.000000 0.000000 0.000000 0.000000 0.000000 0.000000 0.000000 0.000000 0.000000 0.000000 0.000000 0.000000 0.000000 0.000000 
0.000000 0.000000 0.000000 0.000000 0.000000 0.000000 0.000000 0.000000 0.000000 0.000000 0.000000 0.000000 0.000000 0.000000 0.000000 0.000000 0.000000 0.000000 0.000001 0.000002 0.000003 0.000006 0.000011 0.000020 0.000036 0.000062 0.000104 0.000173 0.000281 0.000446 0.000694 0.001057 0.001576 0.002301 0.003290 0.004603 0.006304 0.008451 0.011087 0.014237 0.017890 0.022001 0.026475 0.031176 0.035923 0.040501 0.044679 0.048225 0.050929 0.052624 0.053202 0.052624 0.050929 0.048225 0.044679 0.040501 0.035923 0.031176 0.026475 0.022001 0.017890 0.014237 0.011087 0.008451 0.006304 0.004603 0.003290 0.002301 0.001576 0.001057 0.000694 0.000446 0.000281 0.000173 0.000104 0.000062 0.000036 0.000020 0.000011 0.000006 0.000003 0.000002 0.000001 0.000000 0.000000 0.000000 0.000000 0.000000 0.000000 0.000000 0.000000 0.000000 0.000000 0.000000 0.000000 0.000000 0.000000 0.000000 0.000000 0.000000 
0.000000 0.000000 0.000000 0.000000 0.000000 0.000000 0.000000 0.000000 0.000000 0.000000 0.000000 0.000000 0.000000 0.000000 0.000000 0.000000 0.000000 0.000001 0.000002 0.000003 0.000006 0.000011 0.000021 0.000037 0.000065 0.000113 0.000191 0.000315 0.000511 0.000811 0.001260 0.001918 0.002857 0.004168 0.005953 0.008323 0.011391 0.015259 0.020007 0.025675 0.032247 0.039636 0.047676 0.056119 0.064642 0.072859 0.080356 0.086718 0.091570 0.094610 0.095646 0.094610 0.091570 0.086718 0.080356 0.072859 0.064642 0.056119 0.047676 0.039636 0.032247 0.025675 0.020007 0.015259 0.011391 0.008323 0.005953 0.004168 0.002857 0.001918 0.001260 0.000811 0.000511 0.000315 0.000191 0.000113 0.000065 0.000037 0.000021 0.000011 0.000006 0.000003 0.000002 0.000001 0.000000 0.000000 0.000000 0.000000 0.000000 0.000000 0.000000 0.000000 0.000000 0.000000 0.000000 0.000000 0.000000 0.000000 0.000000 0.000000 
0.000000 0.000000 0.000000 0.000000 0.000000 0.000000 0.000000 0.000000 0.000000 0.000000 0.000000 0.000000 0.000000 0.000000 0.000000 0.000000 0.000001 0.000001 0.000003 0.000006 0.000011 0.000020 0.000037 0.000067 0.000117 0.000202 0.000341 0.000563 0.000911 0.001445 0.002243 0.003411 0.005077 0.007400 0.010560 0.014753 0.020176 0.027009 0.035392 0.045392 0.056980 0.070004 0.084169 0.099038 0.114040 0.128502 0.141693 0.152884 0.161417 0.166764 0.168586 0.166764 0.161417 0.152884 0.141693 0.128502 0.114040 0.099038 0.084169 0.070004 0.056980 0.045392 0.035392 0.027009 0.020176 0.014753 0.010560 0.007400 0.005077 0.003411 0.002243 0.001445 0.000911 0.000563 0.000341 0.000202 0.000117 0.000067 0.000037 0.000020 0.000011 0.000006 0.000003 0.000001 0.000001 0.000000 0.000000 0.000000 0.000000 0.000000 0.000000 0.000000 0.000000 0.000000 0.000000 0.000000 0.000000 0.000000 0.000000 0.000000 
0.000000 0.000000 0.000000 0.000000 0.000000 0.000000 0.000000 0.000000 0.000000 0.000000 0.000000 0.000000 0.000000 0.000000 0.000000 0.000001 0.000001 0.000003 0.000005 0.000010 0.000019 0.000036 0.000065 0.000117 0.000206 0.000354 0.000597 0.000985 0.001593 0.002523 0.003914 0.005945 0.008842 0.012877 0.018360 0.025631 0.035028 0.046861 0.061369 0.078665 0.098698 0.121201 0.145667 0.171338 0.197230 0.222182 0.244936 0.264237 0.278951 0.288171 0.291311 0.288171 0.278951 0.264237 0.244936 0.222182 0.197230 0.171338 0.145667 0.121201 0.098698 0.078665 0.061369 0.046861 0.035028 0.025631 0.018360 0.012877 0.008842 0.005945 0.003914 0.002523 0.001593 0.000985 0.000597 0.000354 0.000206 0.000117 0.000065 0.000036 0.000019 0.000010 0.000005 0.000003 0.000001 0.000001 0.000000 0.000000 0.000000 0.000000 0.000000 0.000000 0.000000 0.000000 0.000000 0.000000 0.000000 0.000000 0.000000 0.000000 
0.000000 0.000000 0.000000 0.000000 0.000000 0.000000 0.000000 0.000000 0.000000 0.000000 0.000000 0.000000 0.000000 0.000000 0.000001 0.000001 0.000002 0.000005 0.000009 0.000017 0.000033 0.000062 0.000113 0.000202 0.000354 0.000609 0.001024 0.001689 0.002729 0.004318 0.006691 0.010154 0.015090 0.021958 0.031286 0.043643 0.059604 0.079690 0.104300 0.133626 0.167574 0.205690 0.247112 0.290559 0.334366 0.376572 0.415049 0.447682 0.472556 0.488141 0.493449 0.488141 0.472556 0.447682 0.415049 0.376572 0.334366 0.290559 0.247112 0.205690 0.167574 0.133626 0.104300 0.079690 0.059604 0.043643 0.031286 0.021958 0.015090 0.010154 0.006691 0.004318 0.002729 0.001689 0.001024 0.000609 0.000354 0.000202 0.000113 0.000062 0.000033 0.000017 0.000009 0.000005 0.000002 0.000001 0.000001 0.000000 0.000000 0.000000 0.000000 0.000000 0.000000 0.000000 0.000000 0.000000 0.000000 0.000000 0.000000 0.000000 
0.000000 0.000000 0.000000 0.000000 0.000000 0.000000 0.000000 0.000000 0.000000 0.000000 0.000000 0.000000 0.000000 0.000000 0.000001 0.000002 0.000004 0.000008 0.000015 0.000030 0.000056 0.000104 0.000191 0.000341 0.000597 0.001024 0.001723 0.002838 0.004580 0.007240 0.011209 0.016996 0.025236 0.036694 0.052243 0.072828 0.099398 0.132816 0.173735 0.222469 0.278857 0.342139 0.410883 0.482962 0.555617 0.625594 0.689377 0.743463 0.784682 0.810506 0.819302 0.810506 0.784682 0.743463 0.689377 0.625594 0.555617 0.482962 0.410883 0.342139 0.278857 0.222469 0.173735 0.132816 0.099398 0.072828 0.052243 0.036694 0.025236 0.016996 0.011209 0.007240 0.004580 0.002838 0.001723 0.001024 0.000597 0.000341 0.000191 0.000104 0.000056 0.000030 0.000015 0.000008 0.000004 0.000002 0.000001 0.000000 0.000000 0.000000 0.000000 0.000000 0.000000 0.000000 0.000000 0.000000 0.000000 0.000000 0.000000 0.000000 
0.000000 0.000000 0.000000 0.000000 0.000000 0.000000 0.000000 0.000000 0.000000 0.000000 0.000000 0.000000 0.000000 0.000001 0.000001 0.000003 0.000006 0.000013 0.000025 0.000049 0.000093 0.000173 0.000315 0.000563 0.000985 0.001689 0.002838 0.004671 0.007531 0.011894 0.018398 0.027873 0.041354 0.060085 0.085487 0.119092 0.162440 0.216927 0.283608 0.362984 0.454781 0.557759 0.669581 0.786788 0.904895 1.018622 1.122258 1.210123 1.277078 1.319021 1.333307 1.319021 1.277078 1.210123 1.122258 1.018622 0.904895 0.786788 0.669581 0.557759 0.454781 0.362984 0.283608 0.216927 0.162440 0.119092 0.085487 0.060085 0.041354 0.027873 0.018398 0.011894 0.007531 0.004671 0.002838 0.001689 0.000985 0.000563 0.000315 0.000173 0.000093 0.000049 0.000025 0.000013 0.000006 0.000003 0.000001 0.000001 0.000000 0.000000 0.000000 0.000000 0.000000 0.000000 0.000000 0.000000 0.000000 0.000000 0.000000 0.000000 
0.000000 0.000000 0.000000 0.000000 0.000000 0.000000 0.000000 0.000000 0.000000 0.000000 0.000000 0.000000 0.000001 0.000001 0.000002 0.000005 0.000010 0.000021 0.000041 0.000080 0.000151 0.000281 0.000511 0.000911 0.001593 0.002729 0.004580 0.007531 0.012131 0.019142 0.029585 0.044785 0.066397 0.096402 0.137064 0.190823 0.260128 0.347189 0.453677 0.580378 0.726840 0.891072 1.069343 1.256138 1.444313 1.625464 1.790507 1.930412 2.037008 2.103780 2.126521 2.103780 2.037008 1.930412 1.790507 1.625464 1.444313 1.256138 1.069343 0.891072 0.726840 0.580378 0.453677 0.347189 0.260128 0.190823 0.137064 0.096402 0.066397 0.044785 0.029585 0.019142 0.012131 0.007531 0.004580 0.002729 0.001593 0.000911 0.000511 0.000281 0.000151 0.000080 0.000041 0.000021 0.000010 0.000005 0.000002 0.000001 0.000001 0.000000 0.000000 0.000000 0.000000 0.000000 0.000000 0.000000 0.000000 0.000000 0.000000 0.000000 
0.000000 0.000000 0.000000 0.000000 0.000000 0.000000 0.000000 0.000000 0.000000 0.000000 0.000000 0.000000 0.000001 0.000002 0.000004 0.000008 0.000017 0.000033 0.000066 0.000127 0.000240 0.000446 0.000811 0.001445 0.002523 0.004318 0.007240 0.011894 0.019142 0.030178 0.046605 0.070497 0.104442 0.151537 0.215316 0.299584 0.408157 0.544472 0.711122 0.909309 1.138307 1.394989 1.673514 1.965265 2.259089 2.541879 2.799473 3.017797 3.184123 3.288300 3.323780 3.288300 3.184123 3.017797 2.799473 2.541879 2.259089 1.965265 1.673514 1.394989 1.138307 0.909309 0.711122 0.544472 0.408157 0.299584 0.215316 0.151537 0.104442 0.070497 0.046605 0.030178 0.019142 0.011894 0.007240 0.004318 0.002523 0.001445 0.000811 0.000446 0.000240 0.000127 0.000066 0.000033 0.000017 0.000008 0.000004 0.000002 0.000001 0.000000 0.000000 0.000000 0.000000 0.000000 0.000000 0.000000 0.000000 0.000000 0.000000 0.000000 
0.000000 0.000000 0.000000 0.000000 0.000000 0.000000 0.000000 0.000000 0.000000 0.000000 0.000000 0.000001 0.000001 0.000003 0.000006 0.000013 0.000026 0.000052 0.000103 0.000198 0.000374 0.000694 0.001260 0.002243 0.003914 0.006691 0.011209 0.018398 0.029585 0.046605 0.071920 0.108710 0.160944 0.233364 0.331376 0.460801 0.627459 0.836593 1.092141 1.395914 1.746768 2.139888 2.566318 3.012862 3.462461 3.895078 4.289077 4.622959 4.877292 5.036580 5.090827 5.036580 4.877292 4.622959 4.289077 3.895078 3.462461 3.012862 2.566318 2.139888 1.746768 1.395914 1.092141 0.836593 0.627459 0.460801 0.331376 0.233364 0.160944 0.108710 0.071920 0.046605 0.029585 0.018398 0.011209 0.006691 0.003914 0.002243 0.001260 0.000694 0.000374 0.000198 0.000103 0.000052 0.000026 0.000013 0.000006 0.000003 0.000001 0.000001 0.000000 0.000000 0.000000 0.000000 0.000000 0.000000 0.000000 0.000000 0.000000 0.000000 
0.000000 0.000000 0.000000 0.000000 0.000000 0.000000 0.000000 0.000000 0.000000 0.000000 0.000000 0.000001 0.000002 0.000004 0.000009 0.000020 0.000040 0.000080 0.000157 0.000302 0.000571 0.001057 0.001918 0.003411 0.005945 0.010154 0.016996 0.027873 0.044785 0.070497 0.108710 0.164207 0.242946 0.352046 0.499613 0.694362 0.945003 1.259368 1.643323 2.099538 2.626254 3.216211 3.855951 4.525674 5.199809 5.848341 6.438874 6.939232 7.320336 7.559003 7.640280 7.559003 7.320336 6.939232 6.438874 5.848341 5.199809 4.525674 3.855951 3.216211 2.626254 2.099538 1.643323 1.259368 0.945003 0.694362 0.499613 0.352046 0.242946 0.164207 0.108710 0.070497 0.044785 0.027873 0.016996 0.010154 0.005945 0.003411 0.001918 0.001057 0.000571 0.000302 0.000157 0.000080 0.000040 0.000020 0.000009 0.000004 0.000002 0.000001 0.000000 0.000000 0.000000 0.000000 0.000000 0.000000 0.000000 0.000000 0.000000 0.000000 
0.000000 0.000000 0.000000 0.000000 0.000000 0.000000 0.000000 0.000000 0.000000 0.000000 0.000001 0.000001 0.000003 0.000007 0.000014 0.000029 0.000060 0.000120 0.000235 0.000452 0.000852 0.001576 0.002857 0.005077 0.008842 0.015090 0.025236 0.041354 0.066397 0.104442 0.160944 0.242946 0.359219 0.520226 0.737876 1.024962 1.394253 1.857215 2.422411 3.093705 3.868447 4.735914 5.676292 6.660476 7.650906 8.603528 9.470806 10.205549 10.765118 11.115526 11.234852 11.115526 10.765118 10.205549 9.470806 8.603528 7.650906 6.660476 5.676292 4.735914 3.868447 3.093705 2.422411 1.857215 1.394253 1.024962 0.737876 0.520226 0.359219 0.242946 0.160944 0.104442 0.066397 0.041354 0.025236 0.015090 0.008842 0.005077 0.002857 0.001576 0.000852 0.000452 0.000235 0.000120 0.000060 0.000029 0.000014 0.000007 0.000003 0.000001 0.000001 0.000000 0.000000 0.000000 0.000000 0.000000 0.000000 0.000000 0.000000 0.000000 
0.000000 0.000000 0.000000 0.000000 0.000000 0.000000 0.000000 0.000000 0.000000 0.000000 0.000001 0.000002 0.000005 0.000010 0.000021 0.000043 0.000088 0.000175 0.000344 0.000661 0.001246 0.002301 0.004168 0.007400 0.012877 0.021958 0.036694 0.060085 0.096402 0.151537 0.233364 0.352046 0.520226 0.752978 1.067441 1.482015 2.015042 2.682971 3.498058 4.465778 5.582230 6.831902 8.186217 9.603255 11.028963 12.399980 13.647969 14.705106 15.510129 16.014208 16.185860 16.014208 15.510129 14.705106 13.647969 12.399980 11.028963 9.603255 8.186217 6.831902 5.582230 4.465778 3.498058 2.682971 2.015042 1.482015 1.067441 0.752978 0.520226 0.352046 0.233364 0.151537 0.096402 0.060085 0.036694 0.021958 0.012877 0.007400 0.004168 0.002301 0.001246 0.000661 0.000344 0.000175 0.000088 0.000043 0.000021 0.000010 0.000005 0.000002 0.000001 0.000000 0.000000 0.000000 0.000000 0.000000 0.000000 0.000000 0.000000 0.000000 
0.000000 0.000000 0.000000 0.000000 0.000000 0.000000 0.000000 0.000000 0.000000 0.000001 0.000001 0.000003 0.000007 0.000014 0.000030 0.000062 0.000126 0.000252 0.000493 0.000946 0.001782 0.003290 0.005953 0.010560 0.018360 0.031286 0.052243 0.085487 0.137064 0.215316 0.331376 0.499613 0.737876 1.067441 1.512478 2.098910 2.852558 3.796544 4.948054 6.314697 7.890857 9.654556 11.565417 13.564288 15.574961 17.508148 19.267593 20.757788 21.892486 22.602953 22.844878 22.602953 21.892486 20.757788 19.267593 17.508148 15.574961 13.564288 11.565417 9.654556 7.890857 6.314697 4.948054 3.796544 2.852558 2.098910 1.512478 1.067441 0.737876 0.499613 0.331376 0.215316 0.137064 0.085487 0.052243 0.031286 0.018360 0.010560 0.005953 0.003290 0.001782 0.000946 0.000493 0.000252 0.000126 0.000062 0.000030 0.000014 0.000007 0.000003 0.000001 0.000001 0.000000 0.000000 0.000000 0.000000 0.000000 0.000000 0.000000 0.000000 
0.000000 0.000000 0.000000 0.000000 0.000000 0.000000 0.000000 0.000000 0.000000 0.000001 0.000002 0.000004 0.000009 0.000020 0.000042 0.000087 0.000177 0.000353 0.000691 0.001326 0.002495 0.004603 0.008323 0.014753 0.025631 0.043643 0.072828 0.119092 0.190823 0.299584 0.460801 0.694362 1.024962 1.482015 2.098910 2.911433 3.955195 5.262044 6.855596 8.746219 10.926004 13.364452 16.005681 18.767927 21.545923 24.216403 26.646529 28.704533 30.271450 31.252486 31.586534 31.252486 30.271450 28.704533 26.646529 24.216403 21.545923 18.767927 16.005681 13.364452 10.926004 8.746219 6.855596 5.262044 3.955195 2.911433 2.098910 1.482015 1.024962 0.694362 0.460801 0.299584 0.190823 0.119092 0.072828 0.043643 0.025631 0.014753 0.008323 0.004603 0.002495 0.001326 0.000691 0.000353 0.000177 0.000087 0.000042 0.000020 0.000009 0.000004 0.000002 0.000001 0.000000 0.000000 0.000000 0.000000 0.000000 0.000000 0.000000 0.000000 
0.000000 0.000000 0.000000 0.000000 0.000000 0.000000 0.000000 0.000000 0.000000 0.000001 0.000003 0.000006 0.000013 0.000027 0.000058 0.000120 0.000243 0.000485 0.000949 0.001819 0.003420 0.006304 0.011391 0.020176 0.035028 0.059604 0.099398 0.162440 0.260128 0.408157 0.627459 0.945003 1.394253 2.015042 2.852558 3.955195 5.371069 7.143160 9.303274 11.865254 14.818206 18.120684 21.696932 25.436235 29.196152 32.809967 36.098082 38.882392 41.002130 42.329212 42.781079 42.329212 41.002130 38.882392 36.098082 32.809967 29.196152 25.436235 21.696932 18.120684 14.818206 11.865254 9.303274 7.143160 5.371069 3.955195 2.852558 2.015042 1.394253 0.945003 0.627459 0.408157 0.260128 0.162440 0.099398 0.059604 0.035028 0.020176 0.011391 0.006304 0.003420 0.001819 0.000949 0.000485 0.000243 0.000120 0.000058 0.000027 0.000013 0.000006 0.000003 0.000001 0.000000 0.000000 0.000000 0.000000 0.000000 0.000000 0.000000 0.000000 
0.000000 0.000000 0.000000 0.000000 0.000000 0.000000 0.000000 0.000000 0.000001 0.000002 0.000003 0.000008 0.000017 0.000037 0.000078 0.000161 0.000327 0.000652 0.001275 0.002442 0.004588 0.008451 0.015259 0.027009 0.046861 0.079690 0.132816 0.216927 0.347189 0.544472 0.836593 1.259368 1.857215 2.682971 3.796544 5.262044 7.143160 9.496726 12.364705 15.765224 19.683607 24.064692 28.807895 33.766366 38.751298 43.541807 47.900016 51.590093 54.399192 56.157768 56.756540 56.157768 54.399192 51.590093 47.900016 43.541807 38.751298 33.766366 28.807895 24.064692 19.683607 15.765224 12.364705 9.496726 7.143160 5.262044 3.796544 2.682971 1.857215 1.259368 0.836593 0.544472 0.347189 0.216927 0.132816 0.079690 0.046861 0.027009 0.015259 0.008451 0.004588 0.002442 0.001275 0.000652 0.000327 0.000161 0.000078 0.000037 0.000017 0.000008 0.000003 0.000002 0.000001 0.000000 0.000000 0.000000 0.000000 0.000000 0.000000 0.000000 
0.000000 0.000000 0.000000 0.000000 0.000000 0.000000 0.000000 0.000000 0.000001 0.000002 0.000005 0.000010 0.000023 0.000049 0.000103 0.000212 0.000431 0.000858 0.001676 0.003209 0.006024 0.011087 0.020007 0.035392 0.061369 0.104300 0.173735 0.283608 0.453677 0.711122 1.092141 1.643323 2.422411 3.498058 4.948054 6.855596 9.303274 12.364705 16.094147 20.514865 25.607514 31.300212 37.462152 43.902554 50.376273 56.596636 62.255011 67.045486 70.692017 72.974743 73.751964 72.974743 70.692017 67.045486 62.255011 56.596636 50.376273 43.902554 37.462152 31.300212 25.607514 20.514865 16.094147 12.364705 9.303274 6.855596 4.948054 3.498058 2.422411 1.643323 1.092141 0.711122 0.453677 0.283608 0.173735 0.104300 0.061369 0.035392 0.020007 0.011087 0.006024 0.003209 0.001676 0.000858 0.000431 0.000212 0.000103 0.000049 0.000023 0.000010 0.000005 0.000002 0.000001 0.000000 0.000000 0.000000 0.000000 0.000000 0.000000 0.000000 
0.000000 0.000000 0.000000 0.000000 0.000000 0.000000 0.000000 0.000000 0.000001 0.000003 0.000006 0.000013 0.000029 0.000063 0.000132 0.000274 0.000555 0.001105 0.002156 0.004125 0.007740 0.014237 0.025675 0.045392 0.078665 0.133626 0.222469 0.362984 0.580378 0.909309 1.395914 2.099538 3.093705 4.465778 6.314697 8.746219 11.865254 15.765224 20.514865 26.143443 32.626023 39.870876 47.711409 55.904859 64.139461 72.050778 79.246566 85.338117 89.974736 92.877132 93.865317 92.877132 89.974736 85.338117 79.246566 72.050778 64.139461 55.904859 47.711409 39.870876 32.626023 26.143443 20.514865 15.765224 11.865254 8.746219 6.314697 4.465778 3.093705 2.099538 1.395914 0.909309 0.580378 0.362984 0.222469 0.133626 0.078665 0.045392 0.025675 0.014237 0.007740 0.004125 0.002156 0.001105 0.000555 0.000274 0.000132 0.000063 0.000029 0.000013 0.000006 0.000003 0.000001 0.000000 0.000000 0.000000 0.000000 0.000000 0.000000 0.000000 
0.000000 0.000000 0.000000 0.000000 0.000000 0.000000 0.000000 0.000001 0.000001 0.000003 0.000008 0.000017 0.000037 0.000079 0.000167 0.000345 0.000700 0.001392 0.002714 0.005190 0.009731 0.017890 0.032247 0.056980 0.098698 0.167574 0.278857 0.454781 0.726840 1.138307 1.746768 2.626254 3.868447 5.582230 7.890857 10.926004 14.818206 19.683607 25.607514 32.626023 40.707691 49.737906 59.508878 69.718065 79.977126 89.832266 98.795193 106.382112 112.156599 115.771127 117.001749 115.771127 112.156599 106.382112 98.795193 89.832266 79.977126 69.718065 59.508878 49.737906 40.707691 32.626023 25.607514 19.683607 14.818206 10.926004 7.890857 5.582230 3.868447 2.626254 1.746768 1.138307 0.726840 0.454781 0.278857 0.167574 0.098698 0.056980 0.032247 0.017890 0.009731 0.005190 0.002714 0.001392 0.000700 0.000345 0.000167 0.000079 0.000037 0.000017 0.000008 0.000003 0.000001 0.000001 0.000000 0.000000 0.000000 0.000000 0.000000 0.000000 
0.000000 0.000000 0.000000 0.000000 0.000000 0.000000 0.000000 0.000001 0.000002 0.000004 0.000009 0.000021 0.000046 0.000098 0.000206 0.000426 0.000863 0.001715 0.003343 0.006389 0.011973 0.022001 0.039636 0.070004 0.121201 0.205690 0.342139 0.557759 0.891072 1.394989 2.139888 3.216211 4.735914 6.831902 9.654556 13.364452 18.120684 24.064692 31.300212 39.870876 49.737906 60.761084 72.686608 85.145213 97.663130 109.686912 120.621180 129.876139 136.919815 141.328633 142.829657 141.328633 136.919815 129.876139 120.621180 109.686912 97.663130 85.145213 72.686608 60.761084 49.737906 39.870876 31.300212 24.064692 18.120684 13.364452 9.654556 6.831902 4.735914 3.216211 2.139888 1.394989 0.891072 0.557759 0.342139 0.205690 0.121201 0.070004 0.039636 0.022001 0.011973 0.006389 0.003343 0.001715 0.000863 0.000426 0.000206 0.000098 0.000046 0.000021 0.000009 0.000004 0.000002 0.000001 0.000000 0.000000 0.000000 0.000000 0.000000 0.000000 
0.000000 0.000000 0.000000 0.000000 0.000000 0.000000 0.000000 0.000001 0.000002 0.000005 0.000011 0.000025 0.000055 0.000118 0.000249 0.000514 0.001041 0.002068 0.004029 0.007695 0.014415 0.026475 0.047676 0.084169 0.145667 0.247112 0.410883 0.669581 1.069343 1.673514 2.566318 3.855951 5.676292 8.186217 11.565417 16.005681 21.696932 28.807895 37.462152 47.711409 59.508878 72.686608 86.941023 101.830736 116.789675 131.156757 144.220952 155.278018 163.692824 168.959700 170.752829 168.959700 163.692824 155.278018 144.220952 131.156757 116.789675 101.830736 86.941023 72.686608 59.508878 47.711409 37.462152 28.807895 21.696932 16.005681 11.565417 8.186217 5.676292 3.855951 2.566318 1.673514 1.069343 0.669581 0.410883 0.247112 0.145667 0.084169 0.047676 0.026475 0.014415 0.007695 0.004029 0.002068 0.001041 0.000514 0.000249 0.000118 0.000055 0.000025 0.000011 0.000005 0.000002 0.000001 0.000000 0.000000 0.000000 0.000000 0.000000 0.000000 
0.000000 0.000000 0.000000 0.000000 0.000000 0.000000 0.000000 0.000001 0.000003 0.000006 0.000013 0.000030 0.000065 0.000140 0.000294 0.000607 0.001229 0.002440 0.004750 0.009069 0.016981 0.031176 0.056119 0.099038 0.171338 0.290559 0.482962 0.786788 1.256138 1.965265 3.012862 4.525674 6.660476 9.603255 13.564288 18.767927 25.436235 33.766366 43.902554 55.904859 69.718065 85.145213 101.830736 119.257959 136.764491 153.576955 168.863703 181.801131 191.646544 197.808672 199.906564 197.808672 191.646544 181.801131 168.863703 153.576955 136.764491 119.257959 101.830736 85.145213 69.718065 55.904859 43.902554 33.766366 25.436235 18.767927 13.564288 9.603255 6.660476 4.525674 3.012862 1.965265 1.256138 0.786788 0.482962 0.290559 0.171338 0.099038 0.056119 0.031176 0.016981 0.009069 0.004750 0.002440 0.001229 0.000607 0.000294 0.000140 0.000065 0.000030 0.000013 0.000006 0.000003 0.000001 0.000000 0.000000 0.000000 0.000000 0.000000 0.000000 
