0.000001 0.000001 0.000001 0.000001 0.000001 0.000002 0.000002 0.000003 0.000005 0.000007 0.000010 0.000013 0.000019 0.000026 0.000035 0.000047 0.000064 0.000085 0.000112 0.000147 0.000191 0.000245 0.000313 0.000397 0.000498 0.000620 0.000765 0.000937 0.001136 0.001367 0.001630 0.001928 0.002261 0.002628 0.003029 0.003461 0.003921 0.004404 0.004904 0.005415 0.005927 0.006432 0.006921 0.007382 0.007808 0.008186 0.008510 0.008770 0.008961 0.009078 0.009117 0.009078 0.008961 0.008770 0.008510 0.008186 0.007808 0.007382 0.006921 0.006432 0.005927 0.005415 0.004904 0.004404 0.003921 0.003461 0.003029 0.002628 0.002261 0.001928 0.001630 0.001367 0.001136 0.000937 0.000765 0.000620 0.000498 0.000397 0.000313 0.000245 0.000191 0.000147 0.000112 0.000085 0.000064 0.000047 0.000035 0.000026 0.000019 0.000013 0.000010 0.000007 0.000005 0.000003 0.000002 0.000002 0.000001 0.000001 0.000001 0.000001 
0.000001 0.000001 0.000001 0.000001 0.000001 0.000002 0.000002 0.000003 0.000005 0.000007 0.000010 0.000013 0.000019 0.000026 0.000035 0.000047 0.000064 0.000085 0.000112 0.000147 0.000191 0.000245 0.000313 0.000397 0.000498 0.000620 0.000765 0.000937 0.001136 0.001367 0.001630 0.001928 0.002261 0.002628 0.003029 0.003461 0.003921 0.004404 0.004904 0.005415 0.005927 0.006432 0.006921 0.007382 0.007808 0.008186 0.008510 0.008770 0.008961 0.009078 0.009117 0.009078 0.008961 0.008770 0.008510 0.008186 0.007808 0.007382 0.006921 0.006432 0.005927 0.005415 0.004904 0.004404 0.003921 0.003461 0.003029 0.002628 0.002261 0.001928 0.001630 0.001367 0.001136 0.000937 0.000765 0.000620 0.000498 0.000397 0.000313 0.000245 0.000191 0.000147 0.000112 0.000085 0.000064 0.000047 0.000035 0.000026 0.000019 0.000013 0.000010 0.000007 0.000005 0.000003 0.000002 0.000002 0.000001 0.000001 0.000001 0.000001 
0.000001 0.000001 0.000001 0.000001 0.000001 0.000002 0.000003 0.000004 0.000006 0.000008 0.000011 0.000016 0.000022 0.000030 0.000041 0.000055 0.000074 0.000099 0.000131 0.000171 0.000222 0.000286 0.000366 0.000463 0.000581 0.000723 0.000892 0.001092 0.001325 0.001594 0.001900 0.002247 0.002635 0.003062 0.003529 0.004032 0.004568 0.005131 0.005713 0.006308 0.006904 0.007492 0.008061 0.008599 0.009094 0.009534 0.009911 0.010214 0.010437 0.010572 0.010618 0.010572 0.010437 0.010214 0.009911 0.009534 0.009094 0.008599 0.008061 0.007492 0.006904 0.006308 0.005713 0.005131 0.004568 0.004032 0.003529 0.003062 0.002635 0.002247 0.001900 0.001594 0.001325 0.001092 0.000892 0.000723 0.000581 0.000463 0.000366 0.000286 0.000222 0.000171 0.000131 0.000099 0.000074 0.000055 0.000041 0.000030 0.000022 0.000016 0.000011 0.000008 0.000006 0.000004 0.000003 0.000002 0.000001 0.000001 0.000001 0.000001 
0.000001 0.000001 0.000001 0.000001 0.000002 0.000002 0.000003 0.000005 0.000007 0.000010 0.000015 0.000020 0.000028 0.000039 0.000053 0.000072 0.000097 0.000129 0.000171 0.000223 0.000290 0.000373 0.000477 0.000604 0.000757 0.000943 0.001163 0.001423 0.001726 0.002076 0.002476 0.002927 0.003431 0.003988 0.004595 0.005250 0.005947 0.006679 0.007437 0.008210 0.008985 0.009750 0.010490 0.011189 0.011833 0.012406 0.012896 0.013290 0.013579 0.013755 0.013814 0.013755 0.013579 0.013290 0.012896 0.012406 0.011833 0.011189 0.010490 0.009750 0.008985 0.008210 0.007437 0.006679 0.005947 0.005250 0.004595 0.003988 0.003431 0.002927 0.002476 0.002076 0.001726 0.001423 0.001163 0.000943 0.000757 0.000604 0.000477 0.000373 0.000290 0.000223 0.000171 0.000129 0.000097 0.000072 0.000053 0.000039 0.000028 0.000020 0.000015 0.000010 0.000007 0.000005 0.000004 0.000003 0.000002 0.000001 0.000001 0.000001 
0.000001 0.000001 0.000001 0.000002 0.000002 0.000003 0.000005 0.000007 0.000010 0.000014 0.000020 0.000028 0.000039 0.000054 0.000074 0.000100 0.000135 0.000179 0.000237 0.000310 0.000403 0.000518 0.000661 0.000837 0.001050 0.001307 0.001613 0.001972 0.002392 0.002877 0.003430 0.004055 0.004753 0.005523 0.006364 0.007270 0.008234 0.009246 0.010295 0.011364 0.012437 0.013495 0.014517 0.015484 0.016374 0.017166 0.017844 0.018389 0.018788 0.019032 0.019114 0.019032 0.018788 0.018389 0.017844 0.017166 0.016374 0.015484 0.014517 0.013495 0.012437 0.011364 0.010295 0.009246 0.008234 0.007270 0.006364 0.005523 0.004753 0.004055 0.003430 0.002877 0.002392 0.001972 0.001613 0.001307 0.001050 0.000837 0.000661 0.000518 0.000403 0.000310 0.000237 0.000179 0.000135 0.000100 0.000074 0.000054 0.000039 0.000028 0.000020 0.000014 0.000010 0.000007 0.000005 0.000003 0.000003 0.000002 0.000002 0.000002 
0.000002 0.000002 0.000002 0.000002 0.000003 0.000005 0.000007 0.000010 0.000014 0.000020 0.000029 0.000040 0.000056 0.000077 0.000106 0.000143 0.000192 0.000256 0.000338 0.000442 0.000574 0.000739 0.000943 0.001193 0.001497 0.001862 0.002297 0.002809 0.003406 0.004095 0.004882 0.005771 0.006763 0.007859 0.009054 0.010342 0.011712 0.013151 0.014641 0.016161 0.017685 0.019188 0.020642 0.022015 0.023279 0.024405 0.025367 0.026141 0.026709 0.027055 0.027172 0.027055 0.026709 0.026141 0.025367 0.024405 0.023279 0.022015 0.020642 0.019188 0.017685 0.016161 0.014641 0.013151 0.011712 0.010342 0.009054 0.007859 0.006763 0.005771 0.004882 0.004095 0.003406 0.002809 0.002297 0.001862 0.001497 0.001193 0.000943 0.000739 0.000574 0.000442 0.000338 0.000256 0.000192 0.000143 0.000106 0.000077 0.000056 0.000040 0.000029 0.000020 0.000014 0.000010 0.000007 0.000005 0.000004 0.000003 0.000002 0.000002 
0.000002 0.000002 0.000003 0.000003 0.000005 0.000007 0.000010 0.000014 0.000021 0.000029 0.000042 0.000058 0.000081 0.000111 0.000152 0.000206 0.000276 0.000368 0.000486 0.000635 0.000825 0.001061 0.001354 0.001713 0.002149 0.002674 0.003297 0.004032 0.004889 0.005878 0.007007 0.008281 0.009704 0.011274 0.012988 0.014834 0.016798 0.018860 0.020995 0.023172 0.025357 0.027511 0.029593 0.031560 0.033371 0.034985 0.036362 0.037472 0.038285 0.038781 0.038948 0.038781 0.038285 0.037472 0.036362 0.034985 0.033371 0.031560 0.029593 0.027511 0.025357 0.023172 0.020995 0.018860 0.016798 0.014834 0.012988 0.011274 0.009704 0.008281 0.007007 0.005878 0.004889 0.004032 0.003297 0.002674 0.002149 0.001713 0.001354 0.001061 0.000825 0.000635 0.000486 0.000368 0.000276 0.000206 0.000152 0.000111 0.000081 0.000058 0.000042 0.000030 0.000021 0.000015 0.000010 0.000007 0.000005 0.000004 0.000003 0.000003 
0.000003 0.000003 0.000004 0.000005 0.000007 0.000010 0.000014 0.000021 0.000030 0.000042 0.000060 0.000084 0.000116 0.000160 0.000219 0.000296 0.000397 0.000528 0.000697 0.000913 0.001184 0.001524 0.001944 0.002459 0.003084 0.003836 0.004730 0.005784 0.007012 0.008429 0.010046 0.011872 0.013910 0.016160 0.018614 0.021259 0.024072 0.027025 0.030082 0.033199 0.036327 0.039411 0.042391 0.045208 0.047800 0.050109 0.052081 0.053669 0.054832 0.055543 0.055781 0.055543 0.054832 0.053669 0.052081 0.050109 0.047800 0.045208 0.042391 0.039411 0.036327 0.033199 0.030082 0.027025 0.024072 0.021259 0.018614 0.016160 0.013910 0.011872 0.010046 0.008429 0.007012 0.005784 0.004730 0.003836 0.003084 0.002459 0.001944 0.001524 0.001184 0.000913 0.000697 0.000528 0.000397 0.000296 0.000219 0.000160 0.000116 0.000084 0.000060 0.000042 0.000030 0.000021 0.000015 0.000010 0.000008 0.000006 0.000005 0.000005 
0.000005 0.000005 0.000006 0.000007 0.000010 0.000014 0.000021 0.000030 0.000043 0.000061 0.000086 0.000120 0.000166 0.000229 0.000312 0.000423 0.000567 0.000755 0.000996 0.001304 0.001691 0.002176 0.002776 0.003511 0.004403 0.005475 0.006751 0.008254 0.010006 0.012026 0.014332 0.016935 0.019841 0.023048 0.026546 0.030314 0.034323 0.038531 0.042887 0.047328 0.051784 0.056177 0.060423 0.064435 0.068127 0.071417 0.074226 0.076487 0.078144 0.079156 0.079496 0.079156 0.078144 0.076487 0.074226 0.071417 0.068127 0.064435 0.060423 0.056177 0.051784 0.047328 0.042887 0.038531 0.034323 0.030314 0.026546 0.023048 0.019841 0.016935 0.014332 0.012026 0.010006 0.008254 0.006751 0.005475 0.004403 0.003511 0.002776 0.002176 0.001691 0.001304 0.000996 0.000755 0.000568 0.000423 0.000312 0.000229 0.000166 0.000120 0.000086 0.000061 0.000043 0.000030 0.000021 0.000015 0.000011 0.000008 0.000007 0.000007 
0.000007 0.000007 0.000008 0.000010 0.000014 0.000020 0.000029 0.000042 0.000061 0.000086 0.000122 0.000170 0.000236 0.000325 0.000444 0.000600 0.000806 0.001072 0.001414 0.001850 0.002400 0.003087 0.003937 0.004979 0.006243 0.007762 0.009570 0.011699 0.014180 0.017041 0.020307 0.023993 0.028107 0.032647 0.037598 0.042933 0.048606 0.054562 0.060726 0.067011 0.073317 0.079532 0.085539 0.091215 0.096439 0.101093 0.105067 0.108265 0.110610 0.112041 0.112522 0.112041 0.110610 0.108265 0.105067 0.101093 0.096439 0.091215 0.085539 0.079532 0.073317 0.067011 0.060726 0.054562 0.048606 0.042933 0.037598 0.032647 0.028107 0.023993 0.020307 0.017041 0.014180 0.011699 0.009570 0.007762 0.006243 0.004979 0.003937 0.003087 0.002400 0.001850 0.001414 0.001072 0.000806 0.000600 0.000444 0.000325 0.000236 0.000170 0.000122 0.000086 0.000061 0.000043 0.000030 0.000021 0.000015 0.000012 0.000010 0.000010 
0.000010 0.000010 0.000011 0.000015 0.000020 0.000029 0.000042 0.000060 0.000086 0.000122 0.000172 0.000240 0.000333 0.000458 0.000625 0.000846 0.001135 0.001510 0.001991 0.002605 0.003378 0.004345 0.005540 0.007006 0.008784 0.010920 0.013462 0.016454 0.019942 0.023963 0.028552 0.033732 0.039512 0.045891 0.052847 0.060340 0.068309 0.076674 0.085331 0.094157 0.103011 0.111739 0.120173 0.128143 0.135478 0.142011 0.147590 0.152081 0.155372 0.157381 0.158056 0.157381 0.155372 0.152081 0.147590 0.142011 0.135478 0.128143 0.120173 0.111739 0.103011 0.094157 0.085331 0.076674 0.068309 0.060340 0.052847 0.045891 0.039512 0.033732 0.028552 0.023963 0.019942 0.016454 0.013462 0.010920 0.008784 0.007006 0.005540 0.004345 0.003378 0.002605 0.001991 0.001510 0.001135 0.000846 0.000625 0.000458 0.000333 0.000240 0.000172 0.000122 0.000086 0.000060 0.000042 0.000030 0.000022 0.000017 0.000014 0.000014 
0.000013 0.000013 0.000016 0.000020 0.000028 0.000040 0.000058 0.000084 0.000120 0.000170 0.000240 0.000336 0.000466 0.000641 0.000874 0.001182 0.001586 0.002109 0.002782 0.003638 0.004718 0.006066 0.007735 0.009779 0.012260 0.015240 0.018784 0.022957 0.027820 0.033428 0.039825 0.047045 0.055102 0.063992 0.073686 0.084127 0.095232 0.106886 0.118947 0.131243 0.143578 0.155735 0.167484 0.178585 0.188801 0.197900 0.205671 0.211926 0.216509 0.219307 0.220248 0.219307 0.216509 0.211926 0.205671 0.197900 0.188801 0.178585 0.167484 0.155735 0.143578 0.131243 0.118947 0.106886 0.095232 0.084127 0.073686 0.063992 0.055102 0.047045 0.039825 0.033428 0.027820 0.022957 0.018784 0.015240 0.012260 0.009779 0.007735 0.006066 0.004718 0.003638 0.002782 0.002109 0.001586 0.001182 0.000874 0.000641 0.000466 0.000336 0.000240 0.000171 0.000120 0.000084 0.000059 0.000042 0.000030 0.000023 0.000020 0.000020 
0.000019 0.000019 0.000022 0.000028 0.000039 0.000056 0.000081 0.000116 0.000166 0.000236 0.000333 0.000466 0.000646 0.000888 0.001212 0.001639 0.002198 0.002922 0.003854 0.005039 0.006534 0.008401 0.010710 0.013539 0.016972 0.021094 0.025997 0.031769 0.038495 0.046249 0.055095 0.065077 0.076216 0.088505 0.101904 0.116336 0.131683 0.147790 0.164456 0.181447 0.198491 0.215288 0.231521 0.246858 0.260971 0.273542 0.284276 0.292917 0.299249 0.303113 0.304413 0.303113 0.299249 0.292917 0.284276 0.273542 0.260971 0.246858 0.231521 0.215288 0.198491 0.181447 0.164456 0.147790 0.131683 0.116336 0.101904 0.088505 0.076216 0.065077 0.055095 0.046249 0.038495 0.031769 0.025997 0.021094 0.016972 0.013539 0.010710 0.008401 0.006534 0.005039 0.003854 0.002922 0.002198 0.001639 0.001212 0.000889 0.000646 0.000466 0.000333 0.000237 0.000167 0.000117 0.000082 0.000058 0.000042 0.000033 0.000028 0.000028 
0.000026 0.000026 0.000030 0.000039 0.000054 0.000077 0.000111 0.000160 0.000229 0.000325 0.000458 0.000641 0.000888 0.001222 0.001666 0.002252 0.003020 0.004016 0.005295 0.006923 0.008975 0.011538 0.014707 0.018590 0.023300 0.028957 0.035683 0.043601 0.052826 0.063461 0.075592 0.089280 0.104553 0.121401 0.139770 0.159553 0.180590 0.202666 0.225508 0.248793 0.272150 0.295169 0.317412 0.338428 0.357765 0.374989 0.389697 0.401535 0.410210 0.415505 0.417285 0.415505 0.410210 0.401535 0.389697 0.374989 0.357765 0.338428 0.317412 0.295169 0.272150 0.248793 0.225508 0.202666 0.180590 0.159553 0.139770 0.121401 0.104553 0.089280 0.075592 0.063461 0.052826 0.043601 0.035683 0.028957 0.023300 0.018590 0.014707 0.011538 0.008975 0.006923 0.005295 0.004016 0.003020 0.002252 0.001666 0.001222 0.000889 0.000641 0.000459 0.000326 0.000230 0.000161 0.000113 0.000080 0.000058 0.000045 0.000039 0.000039 
0.000035 0.000035 0.000041 0.000053 0.000074 0.000106 0.000152 0.000219 0.000312 0.000444 0.000625 0.000874 0.001212 0.001666 0.002271 0.003070 0.004116 0.005473 0.007214 0.009431 0.012225 0.015714 0.020029 0.025313 0.031723 0.039420 0.048572 0.059344 0.071892 0.086357 0.102856 0.121470 0.142239 0.165148 0.190122 0.217016 0.245615 0.275623 0.306671 0.338320 0.370064 0.401348 0.431576 0.460136 0.486413 0.509818 0.529804 0.545890 0.557678 0.564873 0.567292 0.564873 0.557678 0.545890 0.529804 0.509818 0.486413 0.460136 0.431576 0.401348 0.370064 0.338320 0.306671 0.275623 0.245615 0.217016 0.190122 0.165148 0.142239 0.121470 0.102856 0.086357 0.071892 0.059344 0.048572 0.039420 0.031723 0.025313 0.020029 0.015714 0.012225 0.009431 0.007214 0.005473 0.004116 0.003070 0.002271 0.001666 0.001212 0.000874 0.000626 0.000444 0.000313 0.000220 0.000154 0.000109 0.000079 0.000061 0.000053 0.000053 
0.000047 0.000047 0.000055 0.000072 0.000100 0.000143 0.000206 0.000296 0.000423 0.000600 0.000846 0.001182 0.001639 0.002252 0.003070 0.004150 0.005564 0.007395 0.009748 0.012741 0.016514 0.021224 0.027049 0.034182 0.042832 0.053219 0.065568 0.080100 0.097028 0.116540 0.138793 0.163897 0.191905 0.222796 0.256470 0.292731 0.331286 0.371739 0.413593 0.456254 0.499041 0.541206 0.581947 0.620437 0.655851 0.687393 0.714327 0.736003 0.751889 0.761584 0.764844 0.761584 0.751889 0.736003 0.714327 0.687393 0.655851 0.620437 0.581947 0.541206 0.499041 0.456254 0.413593 0.371739 0.331286 0.292731 0.256470 0.222796 0.191905 0.163897 0.138793 0.116540 0.097028 0.080100 0.065568 0.053219 0.042832 0.034182 0.027049 0.021224 0.016514 0.012741 0.009748 0.007395 0.005564 0.004151 0.003070 0.002253 0.001639 0.001183 0.000846 0.000601 0.000424 0.000298 0.000209 0.000148 0.000107 0.000083 0.000072 0.000072 
0.000064 0.000064 0.000074 0.000097 0.000135 0.000192 0.000276 0.000397 0.000567 0.000806 0.001135 0.001586 0.002198 0.003020 0.004116 0.005564 0.007457 0.009911 0.013062 0.017070 0.022122 0.028428 0.036225 0.045772 0.057350 0.071250 0.087773 0.107217 0.129863 0.155965 0.185730 0.219306 0.256763 0.298073 0.343100 0.391584 0.443132 0.497216 0.553168 0.610196 0.667391 0.723751 0.778206 0.829651 0.876984 0.919140 0.955135 0.984105 1.005335 1.018292 1.022648 1.018292 1.005335 0.984105 0.955135 0.919140 0.876984 0.829651 0.778206 0.723751 0.667391 0.610196 0.553168 0.497216 0.443132 0.391584 0.343100 0.298073 0.256763 0.219306 0.185730 0.155965 0.129863 0.107217 0.087773 0.071250 0.057350 0.045772 0.036225 0.028428 0.022122 0.017070 0.013062 0.009911 0.007457 0.005564 0.004116 0.003020 0.002198 0.001586 0.001136 0.000807 0.000569 0.000400 0.000280 0.000198 0.000144 0.000112 0.000096 0.000096 
0.000085 0.000085 0.000099 0.000129 0.000179 0.000256 0.000368 0.000528 0.000755 0.001072 0.001510 0.002109 0.002922 0.004016 0.005473 0.007395 0.009911 0.013170 0.017355 0.022679 0.029386 0.037759 0.048110 0.060783 0.076148 0.094595 0.116521 0.142320 0.172364 0.206990 0.246473 0.291008 0.340685 0.395470 0.455179 0.519468 0.587817 0.659522 0.733703 0.809305 0.885126 0.959836 1.032018 1.100209 1.162946 1.218821 1.266530 1.304926 1.333063 1.350236 1.356010 1.350236 1.333063 1.304926 1.266530 1.218821 1.162946 1.100209 1.032018 0.959836 0.885126 0.809305 0.733703 0.659522 0.587817 0.519468 0.455179 0.395470 0.340685 0.291008 0.246473 0.206990 0.172364 0.142320 0.116521 0.094595 0.076148 0.060783 0.048110 0.037759 0.029386 0.022679 0.017355 0.013170 0.009911 0.007395 0.005473 0.004016 0.002923 0.002110 0.001511 0.001073 0.000757 0.000532 0.000373 0.000264 0.000192 0.000149 0.000128 0.000128 
0.000112 0.000112 0.000131 0.000171 0.000237 0.000338 0.000486 0.000697 0.000996 0.001414 0.001991 0.002782 0.003854 0.005295 0.007214 0.009748 0.013062 0.017355 0.022867 0.029878 0.038710 0.049734 0.063360 0.080041 0.100265 0.124542 0.153394 0.187340 0.226869 0.272421 0.324359 0.382937 0.448275 0.520325 0.598847 0.683387 0.773259 0.867539 0.965069 1.064464 1.164142 1.262356 1.357243 1.446880 1.529347 1.602791 1.665500 1.715968 1.752951 1.775523 1.783111 1.775523 1.752951 1.715968 1.665500 1.602791 1.529347 1.446880 1.357243 1.262356 1.164142 1.064464 0.965069 0.867539 0.773259 0.683387 0.598847 0.520325 0.448275 0.382937 0.324359 0.272421 0.226869 0.187340 0.153394 0.124542 0.100265 0.080041 0.063360 0.049734 0.038710 0.029878 0.022867 0.017355 0.013062 0.009748 0.007215 0.005295 0.003854 0.002782 0.001993 0.001416 0.000999 0.000702 0.000493 0.000349 0.000254 0.000196 0.000169 0.000169 
0.000147 0.000147 0.000171 0.000223 0.000310 0.000442 0.000635 0.000913 0.001304 0.001850 0.002605 0.003638 0.005039 0.006923 0.009431 0.012741 0.017070 0.022679 0.029878 0.039033 0.050566 0.064958 0.082747 0.104522 0.130918 0.162600 0.200252 0.244545 0.296118 0.355546 0.423299 0.499709 0.584930 0.678898 0.781301 0.891546 1.008737 1.131671 1.258835 1.388425 1.518377 1.646417 1.770116 1.886967 1.994467 2.090204 2.171947 2.237731 2.285937 2.315359 2.325250 2.315359 2.285937 2.237731 2.171947 2.090204 1.994467 1.886967 1.770116 1.646417 1.518377 1.388425 1.258835 1.131671 1.008737 0.891546 0.781301 0.678898 0.584930 0.499709 0.423299 0.355546 0.296118 0.244545 0.200252 0.162600 0.130918 0.104522 0.082747 0.064958 0.050566 0.039033 0.029878 0.022679 0.017070 0.012742 0.009431 0.006923 0.005040 0.003639 0.002606 0.001852 0.001308 0.000919 0.000645 0.000457 0.000332 0.000257 0.000221 0.000221 
0.000191 0.000191 0.000222 0.000290 0.000403 0.000574 0.000825 0.001184 0.001691 0.002400 0.003378 0.004718 0.006534 0.008975 0.012225 0.016514 0.022122 0.029386 0.038710 0.050566 0.065500 0.084134 0.107162 0.135348 0.169513 0.210516 0.259239 0.316552 0.383280 0.460164 0.547811 0.646650 0.756879 0.878415 1.010851 1.153419 1.304964 1.463926 1.628349 1.795903 1.963918 2.129455 2.289373 2.440435 2.579404 2.703164 2.808831 2.893868 2.956182 2.994213 3.006999 2.994213 2.956182 2.893868 2.808831 2.703164 2.579404 2.440435 2.289373 2.129455 1.963918 1.795903 1.628349 1.463926 1.304964 1.153419 1.010851 0.878415 0.756879 0.646650 0.547811 0.460164 0.383280 0.316552 0.259239 0.210516 0.169513 0.135348 0.107162 0.084134 0.065500 0.050566 0.038710 0.029387 0.022122 0.016514 0.012226 0.008975 0.006535 0.004719 0.003380 0.002403 0.001697 0.001192 0.000837 0.000593 0.000431 0.000334 0.000288 0.000288 
0.000245 0.000245 0.000286 0.000373 0.000518 0.000739 0.001061 0.001524 0.002176 0.003087 0.004345 0.006066 0.008401 0.011538 0.015714 0.021224 0.028428 0.037759 0.049734 0.064958 0.084134 0.108057 0.137620 0.173800 0.217649 0.270272 0.332796 0.406337 0.491953 0.590590 0.703029 0.829816 0.971203 1.127084 1.296935 1.479771 1.674107 1.877945 2.088777 2.303613 2.519033 2.731267 2.936291 3.129955 3.308112 3.466767 3.602226 3.711237 3.791117 3.839870 3.856259 3.839870 3.791117 3.711237 3.602226 3.466767 3.308112 3.129955 2.936291 2.731267 2.519033 2.303613 2.088777 1.877945 1.674107 1.479771 1.296935 1.127084 0.971203 0.829816 0.703029 0.590590 0.491953 0.406337 0.332796 0.270272 0.217649 0.173800 0.137620 0.108057 0.084134 0.064958 0.049734 0.037759 0.028428 0.021225 0.015714 0.011538 0.008402 0.006068 0.004347 0.003091 0.002183 0.001534 0.001077 0.000763 0.000555 0.000430 0.000370 0.000370 
0.000313 0.000313 0.000366 0.000477 0.000661 0.000943 0.001354 0.001944 0.002776 0.003937 0.005540 0.007735 0.010710 0.014707 0.020029 0.027049 0.036225 0.048110 0.063360 0.082747 0.107162 0.137620 0.175253 0.221306 0.277116 0.344086 0.423651 0.517227 0.626159 0.751650 0.894688 1.055969 1.235811 1.434075 1.650096 1.882618 2.129753 2.388959 2.657046 2.930214 3.204114 3.473954 3.734620 3.980835 4.207329 4.409027 4.581232 4.719812 4.821359 4.883335 4.904170 4.883335 4.821359 4.719812 4.581232 4.409027 4.207329 3.980835 3.734620 3.473954 3.204114 2.930214 2.657046 2.388959 2.129753 1.882618 1.650096 1.434075 1.235811 1.055969 0.894688 0.751650 0.626159 0.517227 0.423651 0.344086 0.277116 0.221306 0.175253 0.137620 0.107162 0.082747 0.063360 0.048110 0.036225 0.027049 0.020029 0.014708 0.010711 0.007737 0.005544 0.003942 0.002784 0.001957 0.001374 0.000974 0.000709 0.000548 0.000473 0.000473 
0.000397 0.000397 0.000463 0.000604 0.000837 0.001193 0.001713 0.002459 0.003511 0.004979 0.007006 0.009779 0.013539 0.018590 0.025313 0.034182 0.045772 0.060783 0.080041 0.104522 0.135348 0.173800 0.221306 0.279436 0.349874 0.434391 0.534794 0.652869 0.790309 0.948629 1.129076 1.332523 1.559368 1.809436 2.081885 2.375130 2.686789 3.013655 3.351706 3.696150 4.041504 4.381727 4.710374 5.020793 5.306342 5.560624 5.777721 5.952425 6.080442 6.158571 6.184837 6.158571 6.080442 5.952425 5.777721 5.560624 5.306342 5.020793 4.710374 4.381727 4.041504 3.696150 3.351706 3.013655 2.686789 2.375130 2.081885 1.809436 1.559368 1.332523 1.129076 0.948629 0.790309 0.652869 0.534794 0.434391 0.349874 0.279436 0.221306 0.173800 0.135348 0.104522 0.080042 0.060783 0.045773 0.034182 0.025314 0.018591 0.013541 0.009782 0.007010 0.004985 0.003521 0.002475 0.001739 0.001232 0.000897 0.000694 0.000599 0.000599 
0.000498 0.000498 0.000581 0.000757 0.001050 0.001497 0.002149 0.003084 0.004403 0.006243 0.008784 0.012260 0.016972 0.023300 0.031723 0.042832 0.057350 0.076148 0.100265 0.130918 0.169513 0.217649 0.277116 0.349874 0.438031 0.543800 0.669438 0.817179 0.989138 1.187208 1.412944 1.667436 1.951181 2.263955 2.604704 2.971444 3.361193 3.769941 4.192660 4.623355 5.055174 5.480563 5.891466 6.279569 6.636570 6.954475 7.225886 7.444295 7.604336 7.702009 7.734845 7.702009 7.604336 7.444295 7.225886 6.954475 6.636570 6.279569 5.891466 5.480563 5.055174 4.623355 4.192660 3.769941 3.361193 2.971444 2.604704 2.263955 1.951181 1.667436 1.412944 1.187208 0.989138 0.817179 0.669438 0.543800 0.438031 0.349874 0.277116 0.217649 0.169513 0.130918 0.100265 0.076148 0.057350 0.042832 0.031724 0.023301 0.016974 0.012263 0.008789 0.006251 0.004416 0.003105 0.002182 0.001546 0.001126 0.000871 0.000752 0.000752 
0.000620 0.000620 0.000723 0.000943 0.001307 0.001862 0.002674 0.003836 0.005475 0.007762 0.010920 0.015240 0.021094 0.028957 0.039420 0.053219 0.071250 0.094595 0.124542 0.162600 0.210516 0.270272 0.344086 0.434391 0.543800 0.675054 0.830955 1.014268 1.227615 1.473342 1.753373 2.069057 2.421007 2.808943 3.231554 3.686376 4.169713 4.676589 5.200769 5.734819 6.270245 6.797681 7.307143 7.788324 8.230935 8.625066 8.961551 9.232322 9.430730 9.551818 9.592526 9.551818 9.430730 9.232322 8.961551 8.625066 8.230935 7.788324 7.307143 6.797681 6.270245 5.734819 5.200769 4.676589 4.169713 3.686376 3.231554 2.808943 2.421007 2.069057 1.753373 1.473342 1.227615 1.014268 0.830955 0.675054 0.543800 0.434391 0.344086 0.270272 0.210516 0.162601 0.124542 0.094595 0.071250 0.053219 0.039421 0.028958 0.021097 0.015244 0.010927 0.007773 0.005492 0.003862 0.002714 0.001923 0.001401 0.001085 0.000936 0.000936 
0.000765 0.000765 0.000892 0.001163 0.001613 0.002297 0.003297 0.004730 0.006751 0.009570 0.013462 0.018784 0.025997 0.035683 0.048572 0.065568 0.087773 0.116521 0.153394 0.200252 0.259239 0.332796 0.423651 0.534794 0.669438 0.830955 1.022786 1.248332 1.510812 1.813110 2.157588 2.545902 2.978800 3.455936 3.975694 4.535042 5.129430 5.752741 6.397304 7.053982 7.712331 8.360836 8.987224 9.578826 10.122996 10.607554 11.021233 11.354118 11.598039 11.746903 11.796948 11.746903 11.598039 11.354118 11.021233 10.607554 10.122996 9.578826 8.987224 8.360836 7.712331 7.053982 6.397304 5.752741 5.129430 4.535042 3.975694 3.455936 2.978800 2.545902 2.157588 1.813110 1.510812 1.248332 1.022786 0.830955 0.669438 0.534794 0.423651 0.332796 0.259239 0.200252 0.153395 0.116521 0.087774 0.065568 0.048573 0.035685 0.026001 0.018790 0.013470 0.009583 0.006772 0.004762 0.003347 0.002373 0.001728 0.001338 0.001155 0.001155 
0.000937 0.000937 0.001092 0.001423 0.001972 0.002809 0.004032 0.005784 0.008254 0.011699 0.016454 0.022957 0.031769 0.043601 0.059344 0.080100 0.107217 0.142320 0.187340 0.244545 0.316552 0.406337 0.517227 0.652869 0.817179 1.014268 1.248332 1.523513 1.843737 2.212514 2.632723 3.106377 3.634386 4.216323 4.850212 5.532354 6.257197 7.017281 7.803251 8.603967 9.406694 10.197397 10.961113 11.682401 12.345846 12.936602 13.440939 13.846771 14.144140 14.325623 14.386633 14.325623 14.144140 13.846771 13.440939 12.936602 12.345846 11.682401 10.961113 10.197397 9.406694 8.603967 7.803251 7.017281 6.257197 5.532354 4.850212 4.216323 3.634386 3.106377 2.632723 2.212514 1.843737 1.523513 1.248332 1.014268 0.817179 0.652869 0.517227 0.406337 0.316552 0.244545 0.187340 0.142320 0.107218 0.080101 0.059345 0.043603 0.031773 0.022964 0.016464 0.011715 0.008279 0.005823 0.004093 0.002902 0.002114 0.001637 0.001413 0.001413 
0.001136 0.001136 0.001325 0.001726 0.002392 0.003406 0.004889 0.007012 0.010006 0.014180 0.019942 0.027820 0.038495 0.052826 0.071892 0.097028 0.129863 0.172364 0.226869 0.296118 0.383280 0.491953 0.626159 0.790309 0.989138 1.227615 1.510812 1.843737 2.231132 2.677237 3.185531 3.758441 4.397064 5.100877 5.867488 6.692418 7.568953 8.488068 9.438453 10.406635 11.377220 12.333242 13.256611 14.128663 14.930767 15.644978 16.254702 16.745332 17.104834 17.324233 17.397991 17.324233 17.104834 16.745332 16.254702 15.644978 14.930767 14.128663 13.256611 12.333242 11.377220 10.406635 9.438453 8.488068 7.568953 6.692418 5.867488 5.100877 4.397064 3.758441 3.185531 2.677237 2.231132 1.843737 1.510812 1.227615 0.989138 0.790309 0.626159 0.491953 0.383280 0.296119 0.226869 0.172365 0.129864 0.097029 0.071894 0.052828 0.038499 0.027828 0.019954 0.014199 0.010036 0.007059 0.004963 0.003519 0.002564 0.001986 0.001714 0.001714 
0.001367 0.001367 0.001594 0.002076 0.002877 0.004095 0.005878 0.008429 0.012026 0.017041 0.023963 0.033428 0.046249 0.063461 0.086357 0.116540 0.155965 0.206990 0.272421 0.355546 0.460164 0.590590 0.751650 0.948629 1.187208 1.473342 1.813110 2.212514 2.677237 3.212361 3.822047 4.509205 5.275141 6.119225 7.038581 8.027835 9.078932 10.181049 11.320624 12.481502 13.645229 14.791463 15.898523 16.944035 17.905669 18.761915 19.492884 20.081072 20.512054 20.775076 20.863498 20.775076 20.512054 20.081072 19.492884 18.761915 17.905669 16.944035 15.898523 14.791463 13.645229 12.481502 11.320624 10.181049 9.078932 8.027835 7.038581 6.119225 5.275141 4.509205 3.822047 3.212361 2.677237 2.212514 1.813110 1.473342 1.187208 0.948629 0.751650 0.590591 0.460164 0.355546 0.272421 0.206991 0.155965 0.116541 0.086359 0.063464 0.046255 0.033437 0.023978 0.017065 0.012063 0.008486 0.005966 0.004231 0.003084 0.002389 0.002061 0.002061 
0.001630 0.001630 0.001900 0.002476 0.003430 0.004882 0.007007 0.010046 0.014332 0.020307 0.028552 0.039825 0.055095 0.075592 0.102856 0.138793 0.185730 0.246473 0.324359 0.423299 0.547811 0.703029 0.894688 1.129076 1.412944 1.753373 2.157588 2.632723 3.185531 3.822047 4.547217 5.364493 6.275420 7.279244 8.372539 9.548910 10.798774 12.109262 13.464245 14.844517 16.228139 17.590929 18.907114 20.150100 21.293344 22.311283 23.180277 23.879523 24.391876 24.704556 24.809671 24.704556 24.391876 23.879523 23.180277 22.311283 21.293344 20.150100 18.907114 17.590929 16.228139 14.844517 13.464245 12.109262 10.798774 9.548910 8.372539 7.279244 6.275420 5.364493 4.547217 3.822047 3.185531 2.632723 2.157588 1.753373 1.412944 1.129076 0.894688 0.703029 0.547811 0.423299 0.324359 0.246474 0.185731 0.138794 0.102858 0.075596 0.055102 0.039836 0.028570 0.020334 0.014376 0.010114 0.007112 0.005045 0.003677 0.002849 0.002458 0.002458 
0.001928 0.001928 0.002247 0.002927 0.004055 0.005771 0.008281 0.011872 0.016935 0.023993 0.033732 0.047045 0.065077 0.089280 0.121470 0.163897 0.219306 0.291008 0.382937 0.499709 0.646650 0.829816 1.055969 1.332523 1.667436 2.069057 2.545902 3.106377 3.758441 4.509205 5.364493 6.328366 7.402643 8.586423 9.875663 11.262816 12.736578 14.281773 15.879382 17.506764 19.138051 20.744741 22.296452 23.761837 25.109612 26.309647 27.334081 28.158395 28.762384 29.130986 29.254901 29.130986 28.762384 28.158395 27.334081 26.309647 25.109612 23.761837 22.296452 20.744741 19.138051 17.506764 15.879382 14.281773 12.736578 11.262816 9.875663 8.586423 7.402643 6.328366 5.364493 4.509205 3.758441 3.106377 2.545902 2.069057 1.667436 1.332523 1.055969 0.829816 0.646650 0.499709 0.382938 0.291009 0.219308 0.163899 0.121473 0.089284 0.065085 0.047058 0.033752 0.024025 0.016987 0.011953 0.008406 0.005963 0.004347 0.003368 0.002907 0.002907 
0.002261 0.002261 0.002635 0.003431 0.004753 0.006763 0.009704 0.013910 0.019841 0.028107 0.039512 0.055102 0.076216 0.104553 0.142239 0.191905 0.256763 0.340685 0.448275 0.584930 0.756879 0.971203 1.235811 1.559368 1.951181 2.421007 2.978800 3.634386 4.397064 5.275141 6.275420 7.402643 8.658925 10.043208 11.550755 13.172735 14.895931 16.702591 18.570480 20.473128 22.380295 24.258662 26.072717 27.785822 29.361409 30.764265 31.961828 32.925442 33.631494 34.062381 34.207235 34.062381 33.631494 32.925442 31.961828 30.764265 29.361409 27.785822 26.072717 24.258662 22.380295 20.473128 18.570480 16.702591 14.895931 13.172735 11.550755 10.043208 8.658925 7.402643 6.275420 5.275141 4.397064 3.634386 2.978800 2.421007 1.951181 1.559368 1.235811 0.971204 0.756879 0.584930 0.448276 0.340686 0.256764 0.191907 0.142242 0.104559 0.076226 0.055117 0.039537 0.028145 0.019902 0.014005 0.009850 0.006988 0.005095 0.003948 0.003408 0.003408 
0.002628 0.002628 0.003062 0.003988 0.005523 0.007859 0.011274 0.016160 0.023048 0.032647 0.045891 0.063992 0.088505 0.121401 0.165148 0.222796 0.298073 0.395470 0.520325 0.678898 0.878415 1.127084 1.434075 1.809436 2.263955 2.808943 3.455936 4.216323 5.100877 6.119225 7.279244 8.586423 10.043208 11.648361 13.396382 15.277027 17.274964 19.369611 21.535188 23.741006 25.952013 28.129585 30.232560 32.218473 34.044943 35.671156 37.059376 38.176391 38.994837 39.494313 39.662224 39.494313 38.994837 38.176391 37.059376 35.671156 34.044943 32.218473 30.232560 28.129585 25.952013 23.741006 21.535188 19.369611 17.274964 15.277027 13.396382 11.648361 10.043208 8.586423 7.279244 6.119225 5.100877 4.216323 3.455936 2.808943 2.263955 1.809436 1.434075 1.127084 0.878415 0.678899 0.520326 0.395470 0.298075 0.222799 0.165152 0.121408 0.088516 0.064010 0.045919 0.032692 0.023118 0.016270 0.011445 0.008120 0.005921 0.004589 0.003961 0.003961 
0.003029 0.003029 0.003529 0.004595 0.006364 0.009054 0.012988 0.018614 0.026546 0.037598 0.052847 0.073686 0.101904 0.139770 0.190122 0.256470 0.343100 0.455179 0.598847 0.781301 1.010851 1.296935 1.650096 2.081885 2.604704 3.231554 3.975694 4.850212 5.867488 7.038581 8.372539 9.875663 11.550755 13.396382 15.406212 17.568462 19.865497 22.273653 24.763291 27.299130 29.840879 32.344140 34.761605 37.044465 39.144010 41.013337 42.609075 43.893056 44.833835 45.407965 45.600973 45.407965 44.833835 43.893056 42.609075 41.013337 39.144010 37.044465 34.761605 32.344140 29.840879 27.299130 24.763291 22.273653 19.865497 17.568462 15.406212 13.396382 11.550755 9.875663 8.372539 7.038581 5.867488 4.850212 3.975694 3.231554 2.604704 2.081885 1.650096 1.296935 1.010851 0.781302 0.598848 0.455180 0.343102 0.256473 0.190126 0.139778 0.101917 0.073706 0.052879 0.037650 0.026627 0.018741 0.013184 0.009355 0.006822 0.005288 0.004565 0.004565 
0.003461 0.003461 0.004032 0.005250 0.007270 0.010342 0.014834 0.021259 0.030314 0.042933 0.060340 0.084127 0.116336 0.159553 0.217016 0.292731 0.391584 0.519468 0.683387 0.891546 1.153419 1.479771 1.882618 2.375130 2.971444 3.686376 4.535042 5.532354 6.692418 8.027835 9.548910 11.262816 13.172735 15.277027 17.568462 20.033597 22.652325 25.397664 28.235824 31.126589 34.024029 36.877543 39.633209 42.235400 44.628602 46.759362 48.578253 50.041780 51.114107 51.768514 51.988508 51.768514 51.114107 50.041780 48.578253 46.759362 44.628602 42.235400 39.633209 36.877543 34.024029 31.126589 28.235824 25.397664 22.652325 20.033597 17.568462 15.277027 13.172735 11.262816 9.548910 8.027835 6.692418 5.532354 4.535042 3.686376 2.971444 2.375130 1.882618 1.479771 1.153420 0.891546 0.683387 0.519470 0.391586 0.292734 0.217022 0.159562 0.116350 0.084150 0.060377 0.042992 0.030407 0.021404 0.015058 0.010686 0.007794 0.006041 0.005216 0.005216 
0.003921 0.003921 0.004568 0.005947 0.008234 0.011712 0.016798 0.024072 0.034323 0.048606 0.068309 0.095232 0.131683 0.180590 0.245615 0.331286 0.443132 0.587817 0.773259 1.008737 1.304964 1.674107 2.129753 2.686789 3.361193 4.169713 5.129430 6.257197 7.568953 9.078932 10.798774 12.736578 14.895931 17.274964 19.865497 22.652325 25.612712 28.716152 31.924446 35.192137 38.467310 41.692774 44.807586 47.748879 50.453917 52.862289 54.918143 56.572324 57.784336 58.523987 58.772637 58.523987 57.784336 56.572324 54.918143 52.862289 50.453917 47.748879 44.807586 41.692774 38.467310 35.192137 31.924446 28.716152 25.612712 22.652325 19.865497 17.274964 14.895931 12.736578 10.798774 9.078932 7.568953 6.257197 5.129430 4.169713 3.361193 2.686789 2.129753 1.674107 1.304964 1.008737 0.773259 0.587818 0.443135 0.331289 0.245621 0.180600 0.131700 0.095258 0.068351 0.048673 0.034428 0.024236 0.017052 0.012103 0.008828 0.006843 0.005908 0.005908 
0.004404 0.004404 0.005131 0.006679 0.009246 0.013151 0.018860 0.027025 0.038531 0.054562 0.076674 0.106886 0.147790 0.202666 0.275623 0.371739 0.497216 0.659522 0.867539 1.131671 1.463926 1.877945 2.388959 3.013655 3.769941 4.676589 5.752741 7.017281 8.488068 10.181049 12.109262 14.281773 16.702591 19.369611 22.273653 25.397664 28.716152 32.194916 35.791140 39.453870 43.124921 46.740195 50.231393 53.528061 56.559893 59.259195 61.563374 63.417351 64.775746 65.604726 65.883407 65.604726 64.775746 63.417351 61.563374 59.259195 56.559893 53.528061 50.231393 46.740195 43.124921 39.453870 35.791140 32.194916 28.716152 25.397664 22.273653 19.369611 16.702591 14.281773 12.109262 10.181049 8.488068 7.017281 5.752741 4.676589 3.769941 3.013655 2.388959 1.877945 1.463926 1.131671 0.867540 0.659524 0.497218 0.371743 0.275629 0.202677 0.147808 0.106916 0.076721 0.054637 0.038649 0.027209 0.019146 0.013590 0.009913 0.007685 0.006636 0.006636 
0.004904 0.004904 0.005713 0.007437 0.010295 0.014641 0.020995 0.030082 0.042887 0.060726 0.085331 0.118947 0.164456 0.225508 0.306671 0.413593 0.553168 0.733703 0.965069 1.258835 1.628349 2.088777 2.657046 3.351706 4.192660 5.200769 6.397304 7.803251 9.438453 11.320624 13.464245 15.879382 18.570480 21.535188 24.763291 28.235824 31.924446 35.791140 39.788313 43.859332 47.939532 51.957678 55.837868 59.501809 62.871374 65.871338 68.432149 70.492604 72.002277 72.923574 73.233289 72.923574 72.002277 70.492604 68.432149 65.871338 62.871374 59.501809 55.837868 51.957678 47.939532 43.859332 39.788313 35.791140 31.924446 28.235824 24.763291 21.535188 18.570480 15.879382 13.464245 11.320624 9.438453 7.803251 6.397304 5.200769 4.192660 3.351706 2.657047 2.088777 1.628350 1.258835 0.965070 0.733704 0.553171 0.413598 0.306679 0.225521 0.164477 0.118980 0.085383 0.060810 0.043019 0.030287 0.021313 0.015129 0.011037 0.008557 0.007389 0.007389 
0.005415 0.005415 0.006308 0.008210 0.011364 0.016161 0.023172 0.033199 0.047328 0.067011 0.094157 0.131243 0.181447 0.248793 0.338320 0.456254 0.610196 0.809305 1.064464 1.388425 1.795903 2.303613 2.930214 3.696150 4.623355 5.734819 7.053982 8.603967 10.406635 12.481502 14.844517 17.506764 20.473128 23.741006 27.299130 31.126589 35.192137 39.453870 43.859332 48.346110 52.842936 57.271309 61.547589 65.585500 69.298952 72.605056 75.427172 77.697863 79.361567 80.376860 80.718173 80.376860 79.361567 77.697863 75.427172 72.605056 69.298952 65.585500 61.547589 57.271309 52.842936 48.346110 43.859332 39.453870 35.192137 31.126589 27.299130 23.741006 20.473128 17.506764 14.844517 12.481502 10.406635 8.603967 7.053982 5.734819 4.623355 3.696150 2.930214 2.303613 1.795903 1.388425 1.064465 0.809307 0.610199 0.456259 0.338328 0.248807 0.181469 0.131279 0.094215 0.067104 0.047474 0.033426 0.023524 0.016700 0.012184 0.009447 0.008157 0.008157 
0.005927 0.005927 0.006904 0.008985 0.012437 0.017685 0.025357 0.036327 0.051784 0.073317 0.103011 0.143578 0.198491 0.272150 0.370064 0.499041 0.667391 0.885126 1.164142 1.518377 1.963918 2.519033 3.204114 4.041504 5.055174 6.270245 7.712331 9.406694 11.377220 13.645229 16.228139 19.138051 22.380295 25.952013 29.840879 34.024029 38.467310 43.124921 47.939532 52.842936 57.757252 62.596699 67.269880 71.682522 75.740560 79.353422 82.437369 84.918718 86.736762 87.846240 88.219214 87.846240 86.736762 84.918718 82.437369 79.353422 75.740560 71.682522 67.269880 62.596699 57.757252 52.842936 47.939532 43.124921 38.467310 34.024029 29.840879 25.952013 22.380295 19.138051 16.228139 13.645229 11.377220 9.406694 7.712331 6.270245 5.055174 4.041504 3.204115 2.519033 1.963919 1.518378 1.164143 0.885128 0.667395 0.499047 0.370074 0.272165 0.198515 0.143618 0.103075 0.073418 0.051944 0.036576 0.025742 0.018275 0.013334 0.010339 0.008929 0.008929 
0.006432 0.006432 0.007492 0.009750 0.013495 0.019188 0.027511 0.039411 0.056177 0.079532 0.111739 0.155735 0.215288 0.295169 0.401348 0.541206 0.723751 0.959836 1.262356 1.646417 2.129455 2.731267 3.473954 4.381727 5.480563 6.797681 8.360836 10.197397 12.333242 14.791463 17.590929 20.744741 24.258662 28.129585 32.344140 36.877543 41.692774 46.740195 51.957678 57.271309 62.596699 67.840896 72.904869 77.686472 82.083784 85.998674 89.340414 92.029172 93.999173 95.201381 95.605529 95.201381 93.999173 92.029172 89.340414 85.998674 82.083784 77.686472 72.904869 67.840896 62.596699 57.271309 51.957678 46.740195 41.692774 36.877543 32.344140 28.129585 24.258662 20.744741 17.590929 14.791463 12.333242 10.197397 8.360836 6.797681 5.480563 4.381727 3.473954 2.731267 2.129455 1.646418 1.262357 0.959838 0.723755 0.541212 0.401358 0.295185 0.215315 0.155779 0.111808 0.079642 0.056350 0.039680 0.027928 0.019829 0.014469 0.011220 0.009689 0.009689 
0.006921 0.006921 0.008061 0.010490 0.014517 0.020642 0.029593 0.042391 0.060423 0.085539 0.120173 0.167484 0.231521 0.317412 0.431576 0.581947 0.778206 1.032018 1.357243 1.770116 2.289373 2.936291 3.734620 4.710374 5.891466 7.307143 8.987224 10.961113 13.256611 15.898523 18.907114 22.296452 26.072717 30.232560 34.761605 39.633209 44.807586 50.231393 55.837868 61.547589 67.269880 72.904869 78.346153 83.483985 88.208863 92.415356 96.005990 98.894994 101.011705 102.303442 102.737686 102.303442 101.011705 98.894994 96.005990 92.415356 88.208863 83.483985 78.346153 72.904869 67.269880 61.547589 55.837868 50.231393 44.807586 39.633209 34.761605 30.232560 26.072717 22.296452 18.907114 15.898523 13.256611 10.961113 8.987224 7.307143 5.891466 4.710374 3.734620 2.936292 2.289374 1.770117 1.357244 1.032021 0.778210 0.581953 0.431587 0.317430 0.231549 0.167531 0.120248 0.085657 0.060609 0.042681 0.030042 0.021331 0.015565 0.012071 0.010425 0.010425 
