0.000000 0.000000 0.000000 0.000000 0.000000 0.000000 0.000000 0.000000 0.000000 0.000000 0.000000 0.000000 0.000000 0.000001 0.000001 0.000001 0.000002 0.000002 0.000003 0.000005 0.000006 0.000009 0.000012 0.000016 0.000022 0.000029 0.000038 0.000049 0.000062 0.000079 0.000098 0.000121 0.000149 0.000180 0.000215 0.000255 0.000298 0.000346 0.000396 0.000449 0.000503 0.000558 0.000613 0.000665 0.000714 0.000758 0.000796 0.000827 0.000850 0.000864 0.000869 0.000864 0.000850 0.000827 0.000796 0.000758 0.000714 0.000665 0.000613 0.000558 0.000503 0.000449 0.000396 0.000346 0.000298 0.000255 0.000215 0.000180 0.000149 0.000121 0.000098 0.000079 0.000062 0.000049 0.000038 0.000029 0.000022 0.000016 0.000012 0.000009 0.000006 0.000005 0.000003 0.000002 0.000002 0.000001 0.000001 0.000001 0.000000 0.000000 0.000000 0.000000 0.000000 0.000000 0.000000 0.000000 0.000000 0.000000 0.000000 0.000000 
0.000000 0.000000 0.000000 0.000000 0.000000 0.000000 0.000000 0.000000 0.000000 0.000000 0.000000 0.000000 0.000000 0.000001 0.000001 0.000001 0.000002 0.000002 0.000003 0.000005 0.000006 0.000009 0.000012 0.000016 0.000022 0.000029 0.000038 0.000049 0.000062 0.000079 0.000098 0.000121 0.000149 0.000180 0.000215 0.000255 0.000298 0.000346 0.000396 0.000449 0.000503 0.000558 0.000613 0.000665 0.000714 0.000758 0.000796 0.000827 0.000850 0.000864 0.000869 0.000864 0.000850 0.000827 0.000796 0.000758 0.000714 0.000665 0.000613 0.000558 0.000503 0.000449 0.000396 0.000346 0.000298 0.000255 0.000215 0.000180 0.000149 0.000121 0.000098 0.000079 0.000062 0.000049 0.000038 0.000029 0.000022 0.000016 0.000012 0.000009 0.000006 0.000005 0.000003 0.000002 0.000002 0.000001 0.000001 0.000001 0.000000 0.000000 0.000000 0.000000 0.000000 0.000000 0.000000 0.000000 0.000000 0.000000 0.000000 0.000000 
0.000000 0.000000 0.000000 0.000000 0.000000 0.000000 0.000000 0.000000 0.000000 0.000000 0.000000 0.000000 0.000000 0.000001 0.000001 0.000001 0.000002 0.000003 0.000004 0.000006 0.000008 0.000011 0.000015 0.000021 0.000028 0.000037 0.000048 0.000062 0.000079 0.000099 0.000124 0.000153 0.000187 0.000227 0.000271 0.000321 0.000376 0.000436 0.000499 0.000566 0.000635 0.000704 0.000772 0.000838 0.000900 0.000955 0.001003 0.001042 0.001071 0.001089 0.001095 0.001089 0.001071 0.001042 0.001003 0.000955 0.000900 0.000838 0.000772 0.000704 0.000635 0.000566 0.000499 0.000436 0.000376 0.000321 0.000271 0.000227 0.000187 0.000153 0.000124 0.000099 0.000079 0.000062 0.000048 0.000037 0.000028 0.000021 0.000015 0.000011 0.000008 0.000006 0.000004 0.000003 0.000002 0.000001 0.000001 0.000001 0.000000 0.000000 0.000000 0.000000 0.000000 0.000000 0.000000 0.000000 0.000000 0.000000 0.000000 0.000000 
0.000000 0.000000 0.000000 0.000000 0.000000 0.000000 0.000000 0.000000 0.000000 0.000000 0.000000 0.000000 0.000001 0.000001 0.000001 0.000002 0.000003 0.000004 0.000006 0.000009 0.000012 0.000017 0.000023 0.000030 0.000041 0.000053 0.000070 0.000090 0.000115 0.000145 0.000181 0.000224 0.000274 0.000331 0.000396 0.000469 0.000549 0.000636 0.000729 0.000826 0.000926 0.001027 0.001127 0.001222 0.001312 0.001393 0.001463 0.001520 0.001562 0.001588 0.001596 0.001588 0.001562 0.001520 0.001463 0.001393 0.001312 0.001222 0.001127 0.001027 0.000926 0.000826 0.000729 0.000636 0.000549 0.000469 0.000396 0.000331 0.000274 0.000224 0.000181 0.000145 0.000115 0.000090 0.000070 0.000053 0.000041 0.000030 0.000023 0.000017 0.000012 0.000009 0.000006 0.000004 0.000003 0.000002 0.000001 0.000001 0.000001 0.000000 0.000000 0.000000 0.000000 0.000000 0.000000 0.000000 0.000000 0.000000 0.000000 0.000000 
0.000000 0.000000 0.000000 0.000000 0.000000 0.000000 0.000000 0.000000 0.000000 0.000000 0.000000 0.000001 0.000001 0.000002 0.000002 0.000003 0.000005 0.000007 0.000010 0.000014 0.000019 0.000026 0.000035 0.000047 0.000063 0.000083 0.000109 0.000140 0.000179 0.000226 0.000282 0.000349 0.000426 0.000516 0.000617 0.000730 0.000854 0.000989 0.001133 0.001284 0.001439 0.001596 0.001750 0.001899 0.002038 0.002164 0.002273 0.002361 0.002426 0.002466 0.002479 0.002466 0.002426 0.002361 0.002273 0.002164 0.002038 0.001899 0.001750 0.001596 0.001439 0.001284 0.001133 0.000989 0.000854 0.000730 0.000617 0.000516 0.000426 0.000349 0.000282 0.000226 0.000179 0.000140 0.000109 0.000083 0.000063 0.000047 0.000035 0.000026 0.000019 0.000014 0.000010 0.000007 0.000005 0.000003 0.000002 0.000002 0.000001 0.000001 0.000000 0.000000 0.000000 0.000000 0.000000 0.000000 0.000000 0.000000 0.000000 0.000000 
0.000000 0.000000 0.000000 0.000000 0.000000 0.000000 0.000000 0.000000 0.000000 0.000000 0.000001 0.000001 0.000002 0.000002 0.000004 0.000005 0.000008 0.000011 0.000015 0.000022 0.000030 0.000041 0.000056 0.000076 0.000101 0.000132 0.000173 0.000223 0.000284 0.000359 0.000448 0.000553 0.000676 0.000817 0.000978 0.001157 0.001354 0.001568 0.001795 0.002034 0.002280 0.002528 0.002772 0.003007 0.003228 0.003426 0.003598 0.003738 0.003841 0.003904 0.003925 0.003904 0.003841 0.003738 0.003598 0.003426 0.003228 0.003007 0.002772 0.002528 0.002280 0.002034 0.001795 0.001568 0.001354 0.001157 0.000978 0.000817 0.000676 0.000553 0.000448 0.000359 0.000284 0.000223 0.000173 0.000132 0.000101 0.000076 0.000056 0.000041 0.000030 0.000022 0.000015 0.000011 0.000008 0.000005 0.000004 0.000002 0.000002 0.000001 0.000001 0.000000 0.000000 0.000000 0.000000 0.000000 0.000000 0.000000 0.000000 0.000000 
0.000000 0.000000 0.000000 0.000000 0.000000 0.000000 0.000000 0.000000 0.000000 0.000001 0.000001 0.000002 0.000003 0.000004 0.000006 0.000008 0.000012 0.000017 0.000024 0.000034 0.000048 0.000066 0.000089 0.000120 0.000160 0.000211 0.000274 0.000354 0.000451 0.000570 0.000711 0.000878 0.001073 0.001297 0.001551 0.001835 0.002147 0.002486 0.002846 0.003225 0.003614 0.004006 0.004393 0.004766 0.005114 0.005429 0.005701 0.005921 0.006084 0.006184 0.006218 0.006184 0.006084 0.005921 0.005701 0.005429 0.005114 0.004766 0.004393 0.004006 0.003614 0.003225 0.002846 0.002486 0.002147 0.001835 0.001551 0.001297 0.001073 0.000878 0.000711 0.000570 0.000451 0.000354 0.000274 0.000211 0.000160 0.000120 0.000089 0.000066 0.000048 0.000034 0.000024 0.000017 0.000012 0.000008 0.000006 0.000004 0.000003 0.000002 0.000001 0.000001 0.000000 0.000000 0.000000 0.000000 0.000000 0.000000 0.000000 0.000000 
0.000000 0.000000 0.000000 0.000000 0.000000 0.000000 0.000000 0.000000 0.000001 0.000001 0.000002 0.000003 0.000004 0.000006 0.000009 0.000013 0.000019 0.000027 0.000039 0.000054 0.000076 0.000104 0.000141 0.000190 0.000253 0.000333 0.000433 0.000559 0.000712 0.000899 0.001122 0.001385 0.001692 0.002045 0.002445 0.002892 0.003384 0.003916 0.004484 0.005080 0.005692 0.006309 0.006918 0.007504 0.008052 0.008547 0.008975 0.009322 0.009578 0.009736 0.009789 0.009736 0.009578 0.009322 0.008975 0.008547 0.008052 0.007504 0.006918 0.006309 0.005692 0.005080 0.004484 0.003916 0.003384 0.002892 0.002445 0.002045 0.001692 0.001385 0.001122 0.000899 0.000712 0.000559 0.000433 0.000333 0.000253 0.000190 0.000141 0.000104 0.000076 0.000054 0.000039 0.000027 0.000019 0.000013 0.000009 0.000006 0.000004 0.000003 0.000002 0.000001 0.000001 0.000000 0.000000 0.000000 0.000000 0.000000 0.000000 0.000000 
0.000000 0.000000 0.000000 0.000000 0.000000 0.000000 0.000000 0.000001 0.000001 0.000002 0.000003 0.000004 0.000006 0.000010 0.000014 0.000021 0.000030 0.000043 0.000061 0.000085 0.000118 0.000163 0.000221 0.000297 0.000396 0.000521 0.000678 0.000874 0.001114 0.001406 0.001754 0.002166 0.002645 0.003196 0.003820 0.004518 0.005285 0.006117 0.007003 0.007931 0.008886 0.009849 0.010799 0.011713 0.012568 0.013340 0.014006 0.014548 0.014947 0.015192 0.015275 0.015192 0.014947 0.014548 0.014006 0.013340 0.012568 0.011713 0.010799 0.009849 0.008886 0.007931 0.007003 0.006117 0.005285 0.004518 0.003820 0.003196 0.002645 0.002166 0.001754 0.001406 0.001114 0.000874 0.000678 0.000521 0.000396 0.000297 0.000221 0.000163 0.000118 0.000085 0.000061 0.000043 0.000030 0.000021 0.000014 0.000010 0.000006 0.000004 0.000003 0.000002 0.000001 0.000001 0.000000 0.000000 0.000000 0.000000 0.000000 0.000000 
0.000000 0.000000 0.000000 0.000000 0.000000 0.000000 0.000001 0.000001 0.000002 0.000003 0.000004 0.000007 0.000010 0.000015 0.000022 0.000032 0.000046 0.000067 0.000094 0.000132 0.000184 0.000252 0.000343 0.000461 0.000613 0.000807 0.001051 0.001354 0.001726 0.002177 0.002716 0.003353 0.004094 0.004946 0.005911 0.006989 0.008175 0.009460 0.010829 0.012264 0.013739 0.015227 0.016694 0.018105 0.019425 0.020617 0.021646 0.022482 0.023099 0.023477 0.023605 0.023477 0.023099 0.022482 0.021646 0.020617 0.019425 0.018105 0.016694 0.015227 0.013739 0.012264 0.010829 0.009460 0.008175 0.006989 0.005911 0.004946 0.004094 0.003353 0.002716 0.002177 0.001726 0.001354 0.001051 0.000807 0.000613 0.000461 0.000343 0.000252 0.000184 0.000132 0.000094 0.000067 0.000046 0.000032 0.000022 0.000015 0.000010 0.000007 0.000004 0.000003 0.000002 0.000001 0.000001 0.000000 0.000000 0.000000 0.000000 0.000000 
0.000000 0.000000 0.000000 0.000000 0.000000 0.000001 0.000001 0.000002 0.000003 0.000004 0.000007 0.000010 0.000015 0.000023 0.000034 0.000049 0.000071 0.000102 0.000145 0.000203 0.000282 0.000388 0.000527 0.000708 0.000941 0.001239 0.001613 0.002077 0.002647 0.003338 0.004163 0.005138 0.006273 0.007577 0.009054 0.010704 0.012519 0.014484 0.016579 0.018773 0.021029 0.023304 0.025547 0.027705 0.029723 0.031544 0.033118 0.034396 0.035339 0.035917 0.036111 0.035917 0.035339 0.034396 0.033118 0.031544 0.029723 0.027705 0.025547 0.023304 0.021029 0.018773 0.016579 0.014484 0.012519 0.010704 0.009054 0.007577 0.006273 0.005138 0.004163 0.003338 0.002647 0.002077 0.001613 0.001239 0.000941 0.000708 0.000527 0.000388 0.000282 0.000203 0.000145 0.000102 0.000071 0.000049 0.000034 0.000023 0.000015 0.000010 0.000007 0.000004 0.000003 0.000002 0.000001 0.000001 0.000000 0.000000 0.000000 0.000000 
0.000000 0.000000 0.000000 0.000000 0.000001 0.000001 0.000002 0.000003 0.000004 0.000007 0.000010 0.000015 0.000023 0.000035 0.000051 0.000075 0.000109 0.000156 0.000221 0.000309 0.000429 0.000589 0.000800 0.001075 0.001430 0.001881 0.002449 0.003153 0.004018 0.005065 0.006316 0.007794 0.009514 0.011490 0.013728 0.016226 0.018975 0.021951 0.025123 0.028444 0.031860 0.035303 0.038698 0.041964 0.045017 0.047774 0.050155 0.052088 0.053515 0.054389 0.054684 0.054389 0.053515 0.052088 0.050155 0.047774 0.045017 0.041964 0.038698 0.035303 0.031860 0.028444 0.025123 0.021951 0.018975 0.016226 0.013728 0.011490 0.009514 0.007794 0.006316 0.005065 0.004018 0.003153 0.002449 0.001881 0.001430 0.001075 0.000800 0.000589 0.000429 0.000309 0.000221 0.000156 0.000109 0.000075 0.000051 0.000035 0.000023 0.000015 0.000010 0.000007 0.000004 0.000003 0.000002 0.000001 0.000001 0.000000 0.000000 0.000000 
0.000000 0.000000 0.000000 0.000001 0.000001 0.000002 0.000003 0.000004 0.000006 0.000010 0.000015 0.000023 0.000035 0.000052 0.000077 0.000113 0.000164 0.000235 0.000332 0.000466 0.000646 0.000886 0.001204 0.001617 0.002150 0.002828 0.003680 0.004738 0.006035 0.007606 0.009484 0.011701 0.014281 0.017244 0.020600 0.024346 0.028466 0.032927 0.037680 0.042657 0.047775 0.052933 0.058019 0.062912 0.067485 0.071614 0.075180 0.078076 0.080212 0.081522 0.081964 0.081522 0.080212 0.078076 0.075180 0.071614 0.067485 0.062912 0.058019 0.052933 0.047775 0.042657 0.037680 0.032927 0.028466 0.024346 0.020600 0.017244 0.014281 0.011701 0.009484 0.007606 0.006035 0.004738 0.003680 0.002828 0.002150 0.001617 0.001204 0.000886 0.000646 0.000466 0.000332 0.000235 0.000164 0.000113 0.000077 0.000052 0.000035 0.000023 0.000015 0.000010 0.000006 0.000004 0.000003 0.000002 0.000001 0.000001 0.000001 0.000001 
0.000001 0.000001 0.000001 0.000001 0.000002 0.000002 0.000004 0.000006 0.000010 0.000015 0.000023 0.000035 0.000052 0.000078 0.000116 0.000169 0.000244 0.000350 0.000495 0.000694 0.000962 0.001320 0.001792 0.002407 0.003199 0.004206 0.005473 0.007045 0.008972 0.011306 0.014095 0.017386 0.021216 0.025614 0.030595 0.036154 0.042266 0.048885 0.055935 0.063317 0.070906 0.078555 0.086096 0.093351 0.100131 0.106252 0.111538 0.115831 0.118998 0.120940 0.121594 0.120940 0.118998 0.115831 0.111538 0.106252 0.100131 0.093351 0.086096 0.078555 0.070906 0.063317 0.055935 0.048885 0.042266 0.036154 0.030595 0.025614 0.021216 0.017386 0.014095 0.011306 0.008972 0.007045 0.005473 0.004206 0.003199 0.002407 0.001792 0.001320 0.000962 0.000694 0.000495 0.000350 0.000244 0.000169 0.000116 0.000078 0.000052 0.000035 0.000023 0.000015 0.000010 0.000006 0.000004 0.000002 0.000002 0.000001 0.000001 0.000001 
0.000001 0.000001 0.000001 0.000001 0.000002 0.000004 0.000006 0.000009 0.000014 0.000022 0.000034 0.000051 0.000077 0.000116 0.000171 0.000249 0.000361 0.000516 0.000730 0.001023 0.001418 0.001945 0.002640 0.003545 0.004711 0.006193 0.008056 0.010368 0.013202 0.016632 0.020732 0.025567 0.031195 0.037656 0.044972 0.053136 0.062112 0.071829 0.082179 0.093016 0.104156 0.115382 0.126449 0.137095 0.147044 0.156026 0.163781 0.170080 0.174726 0.177575 0.178535 0.177575 0.174726 0.170080 0.163781 0.156026 0.147044 0.137095 0.126449 0.115382 0.104156 0.093016 0.082179 0.071829 0.062112 0.053136 0.044972 0.037656 0.031195 0.025567 0.020732 0.016632 0.013202 0.010368 0.008056 0.006193 0.004711 0.003545 0.002640 0.001945 0.001418 0.001023 0.000730 0.000516 0.000361 0.000249 0.000171 0.000116 0.000077 0.000051 0.000034 0.000022 0.000014 0.000009 0.000006 0.000004 0.000002 0.000002 0.000001 0.000001 
0.000001 0.000001 0.000001 0.000002 0.000003 0.000005 0.000008 0.000013 0.000021 0.000032 0.000049 0.000075 0.000113 0.000169 0.000249 0.000364 0.000526 0.000753 0.001066 0.001493 0.002069 0.002837 0.003849 0.005168 0.006865 0.009023 0.011735 0.015100 0.019224 0.024215 0.030178 0.037211 0.045394 0.054789 0.065423 0.077290 0.090335 0.104456 0.119495 0.135239 0.151422 0.167729 0.183805 0.199267 0.213716 0.226760 0.238022 0.247168 0.253916 0.258052 0.259446 0.258052 0.253916 0.247168 0.238022 0.226760 0.213716 0.199267 0.183805 0.167729 0.151422 0.135239 0.119495 0.104456 0.090335 0.077290 0.065423 0.054789 0.045394 0.037211 0.030178 0.024215 0.019224 0.015100 0.011735 0.009023 0.006865 0.005168 0.003849 0.002837 0.002069 0.001493 0.001066 0.000753 0.000526 0.000364 0.000249 0.000169 0.000113 0.000075 0.000049 0.000032 0.000021 0.000013 0.000008 0.000005 0.000003 0.000002 0.000002 0.000002 
0.000002 0.000002 0.000002 0.000003 0.000005 0.000008 0.000012 0.000019 0.000030 0.000046 0.000071 0.000109 0.000164 0.000244 0.000361 0.000526 0.000761 0.001088 0.001539 0.002155 0.002986 0.004094 0.005554 0.007455 0.009901 0.013011 0.016917 0.021764 0.027703 0.034890 0.043474 0.053597 0.065374 0.078892 0.094193 0.111263 0.130028 0.150337 0.171964 0.194603 0.217871 0.241315 0.264425 0.286650 0.307420 0.326168 0.342355 0.355500 0.365197 0.371142 0.373145 0.371142 0.365197 0.355500 0.342355 0.326168 0.307420 0.286650 0.264425 0.241315 0.217871 0.194603 0.171964 0.150337 0.130028 0.111263 0.094193 0.078892 0.065374 0.053597 0.043474 0.034890 0.027703 0.021764 0.016917 0.013011 0.009901 0.007455 0.005554 0.004094 0.002986 0.002155 0.001539 0.001088 0.000761 0.000526 0.000361 0.000244 0.000164 0.000109 0.000071 0.000046 0.000030 0.000019 0.000012 0.000008 0.000005 0.000003 0.000003 0.000003 
0.000002 0.000002 0.000003 0.000004 0.000007 0.000011 0.000017 0.000027 0.000043 0.000067 0.000102 0.000156 0.000235 0.000350 0.000516 0.000753 0.001088 0.001555 0.002200 0.003080 0.004266 0.005847 0.007930 0.010642 0.014131 0.018566 0.024135 0.031044 0.039509 0.049749 0.061980 0.076400 0.093175 0.112425 0.134212 0.158515 0.185227 0.214135 0.244916 0.277133 0.310243 0.343601 0.376482 0.408101 0.437648 0.464317 0.487344 0.506041 0.519834 0.528290 0.531139 0.528290 0.519834 0.506041 0.487344 0.464317 0.437648 0.408101 0.376482 0.343601 0.310243 0.277133 0.244916 0.214135 0.185227 0.158515 0.134212 0.112425 0.093175 0.076400 0.061980 0.049749 0.039509 0.031044 0.024135 0.018566 0.014131 0.010642 0.007930 0.005847 0.004266 0.003080 0.002200 0.001555 0.001088 0.000753 0.000516 0.000350 0.000235 0.000156 0.000102 0.000067 0.000043 0.000027 0.000017 0.000011 0.000007 0.000005 0.000004 0.000004 
0.000003 0.000003 0.000004 0.000006 0.000010 0.000015 0.000024 0.000039 0.000061 0.000094 0.000145 0.000221 0.000332 0.000495 0.000730 0.001066 0.001539 0.002200 0.003111 0.004354 0.006030 0.008263 0.011205 0.015033 0.019958 0.026217 0.034075 0.043822 0.055761 0.070202 0.087448 0.107776 0.131421 0.158553 0.189254 0.223498 0.261131 0.301853 0.345209 0.390585 0.437214 0.484189 0.530488 0.575009 0.616609 0.654156 0.686572 0.712894 0.732311 0.744215 0.748225 0.744215 0.732311 0.712894 0.686572 0.654156 0.616609 0.575009 0.530488 0.484189 0.437214 0.390585 0.345209 0.301853 0.261131 0.223498 0.189254 0.158553 0.131421 0.107776 0.087448 0.070202 0.055761 0.043822 0.034075 0.026217 0.019958 0.015033 0.011205 0.008263 0.006030 0.004354 0.003111 0.002200 0.001539 0.001066 0.000730 0.000495 0.000332 0.000221 0.000145 0.000094 0.000061 0.000039 0.000025 0.000016 0.000010 0.000007 0.000006 0.000006 
0.000005 0.000005 0.000006 0.000009 0.000014 0.000022 0.000034 0.000054 0.000085 0.000132 0.000203 0.000309 0.000466 0.000694 0.001023 0.001493 0.002155 0.003080 0.004354 0.006093 0.008435 0.011557 0.015667 0.021016 0.027895 0.036636 0.047609 0.061215 0.077880 0.098034 0.122099 0.150460 0.183444 0.221287 0.264102 0.311854 0.364325 0.421097 0.481536 0.544784 0.609774 0.675240 0.739761 0.801799 0.859766 0.912081 0.957247 0.993919 1.020971 1.037556 1.043144 1.037556 1.020971 0.993919 0.957247 0.912081 0.859766 0.801799 0.739761 0.675240 0.609774 0.544784 0.481536 0.421097 0.364325 0.311854 0.264102 0.221287 0.183444 0.150460 0.122099 0.098034 0.077880 0.061215 0.047609 0.036636 0.027895 0.021016 0.015667 0.011557 0.008435 0.006093 0.004354 0.003080 0.002155 0.001493 0.001023 0.000694 0.000466 0.000309 0.000203 0.000132 0.000085 0.000054 0.000035 0.000022 0.000014 0.000010 0.000008 0.000008 
0.000006 0.000006 0.000008 0.000012 0.000019 0.000030 0.000048 0.000076 0.000118 0.000184 0.000282 0.000429 0.000646 0.000962 0.001418 0.002069 0.002986 0.004266 0.006030 0.008435 0.011676 0.015994 0.021677 0.029073 0.038582 0.050662 0.065824 0.084623 0.107642 0.135477 0.168707 0.207866 0.253400 0.305635 0.364728 0.430625 0.503027 0.581356 0.664735 0.751984 0.841627 0.931921 1.020905 1.106461 1.186397 1.258537 1.320816 1.371381 1.408682 1.431548 1.439253 1.431548 1.408682 1.371381 1.320816 1.258537 1.186397 1.106461 1.020905 0.931921 0.841627 0.751984 0.664735 0.581356 0.503027 0.430625 0.364728 0.305635 0.253400 0.207866 0.168707 0.135477 0.107642 0.084623 0.065824 0.050662 0.038582 0.029073 0.021677 0.015994 0.011676 0.008435 0.006030 0.004266 0.002986 0.002069 0.001418 0.000962 0.000646 0.000429 0.000282 0.000184 0.000118 0.000076 0.000048 0.000031 0.000020 0.000014 0.000011 0.000011 
0.000009 0.000009 0.000011 0.000017 0.000026 0.000041 0.000066 0.000104 0.000163 0.000252 0.000388 0.000589 0.000886 0.001320 0.001945 0.002837 0.004094 0.005847 0.008263 0.011557 0.015994 0.021902 0.029680 0.039798 0.052805 0.069327 0.090060 0.115761 0.147227 0.185271 0.230681 0.284185 0.346393 0.417747 0.498457 0.588452 0.687320 0.794270 0.908107 1.027217 1.149585 1.272833 1.394285 1.511053 1.620145 1.718592 1.803580 1.872581 1.923480 1.954683 1.965196 1.954683 1.923480 1.872581 1.803580 1.718592 1.620145 1.511053 1.394285 1.272833 1.149585 1.027217 0.908107 0.794270 0.687320 0.588452 0.498457 0.417747 0.346393 0.284185 0.230681 0.185271 0.147227 0.115761 0.090060 0.069327 0.052805 0.039798 0.029680 0.021902 0.015994 0.011557 0.008263 0.005847 0.004094 0.002837 0.001945 0.001320 0.000887 0.000589 0.000388 0.000252 0.000163 0.000104 0.000066 0.000042 0.000027 0.000019 0.000015 0.000015 
0.000012 0.000012 0.000015 0.000023 0.000035 0.000056 0.000089 0.000141 0.000221 0.000343 0.000527 0.000800 0.001204 0.001792 0.002640 0.003849 0.005554 0.007930 0.011205 0.015667 0.021677 0.029680 0.040212 0.053911 0.071517 0.093877 0.121932 0.156703 0.199269 0.250723 0.312134 0.384479 0.468582 0.565038 0.674131 0.795759 0.929365 1.073882 1.227689 1.388607 1.553915 1.720401 1.884451 2.042164 2.189503 2.322460 2.437236 2.530420 2.599156 2.641292 2.655488 2.641292 2.599156 2.530420 2.437236 2.322460 2.189503 2.042164 1.884451 1.720401 1.553915 1.388607 1.227689 1.073882 0.929365 0.795759 0.674131 0.565038 0.468582 0.384479 0.312134 0.250723 0.199269 0.156703 0.121932 0.093877 0.071517 0.053911 0.040212 0.029680 0.021677 0.015667 0.011205 0.007930 0.005554 0.003849 0.002640 0.001792 0.001204 0.000800 0.000527 0.000343 0.000221 0.000141 0.000090 0.000057 0.000037 0.000026 0.000020 0.000020 
0.000016 0.000016 0.000021 0.000030 0.000047 0.000076 0.000120 0.000190 0.000297 0.000461 0.000708 0.001075 0.001617 0.002407 0.003545 0.005168 0.007455 0.010642 0.015033 0.021016 0.029073 0.039798 0.053911 0.072263 0.095846 0.125791 0.163357 0.209910 0.266889 0.335757 0.417939 0.514741 0.627264 0.756297 0.902218 1.064890 1.243566 1.436813 1.642466 1.857611 2.078609 2.301167 2.520456 2.731263 2.928195 3.105897 3.259293 3.383829 3.475690 3.532001 3.550974 3.532001 3.475690 3.383829 3.259293 3.105897 2.928195 2.731263 2.520456 2.301167 2.078609 1.857611 1.642466 1.436813 1.243566 1.064890 0.902218 0.756297 0.627264 0.514741 0.417939 0.335757 0.266889 0.209910 0.163357 0.125791 0.095846 0.072263 0.053911 0.039798 0.029073 0.021016 0.015033 0.010642 0.007455 0.005168 0.003545 0.002407 0.001617 0.001075 0.000708 0.000461 0.000298 0.000190 0.000121 0.000077 0.000050 0.000034 0.000027 0.000027 
0.000022 0.000022 0.000028 0.000041 0.000063 0.000101 0.000160 0.000253 0.000396 0.000613 0.000941 0.001430 0.002150 0.003199 0.004711 0.006865 0.009901 0.014131 0.019958 0.027895 0.038582 0.052805 0.071517 0.095846 0.127105 0.166789 0.216566 0.278241 0.353717 0.444930 0.553762 0.681940 0.830915 1.001731 1.194882 1.410184 1.646645 1.902367 2.174484 2.459139 2.751517 3.045942 3.336023 3.614872 3.875355 4.110394 4.313279 4.477987 4.599478 4.673952 4.699044 4.673952 4.599478 4.477987 4.313279 4.110394 3.875355 3.614872 3.336023 3.045942 2.751517 2.459139 2.174484 1.902367 1.646645 1.410184 1.194882 1.001731 0.830915 0.681940 0.553762 0.444930 0.353717 0.278241 0.216566 0.166789 0.127105 0.095846 0.071517 0.052805 0.038582 0.027895 0.019958 0.014131 0.009901 0.006865 0.004711 0.003199 0.002150 0.001430 0.000941 0.000614 0.000396 0.000253 0.000161 0.000102 0.000066 0.000046 0.000037 0.000037 
0.000029 0.000029 0.000037 0.000053 0.000083 0.000132 0.000211 0.000333 0.000521 0.000807 0.001239 0.001881 0.002828 0.004206 0.006193 0.009023 0.013011 0.018566 0.026217 0.036636 0.050662 0.069327 0.093877 0.125791 0.166789 0.218831 0.284096 0.364951 0.463886 0.583432 0.726052 0.894003 1.089183 1.312952 1.565955 1.847945 2.157620 2.492492 2.848805 3.221507 3.604296 3.989741 4.369479 4.734495 5.075456 5.383100 5.648649 5.864225 6.023234 6.120705 6.153545 6.120705 6.023234 5.864225 5.648649 5.383100 5.075456 4.734495 4.369479 3.989741 3.604296 3.221507 2.848805 2.492492 2.157620 1.847945 1.565955 1.312952 1.089183 0.894003 0.726052 0.583432 0.463886 0.364951 0.284096 0.218831 0.166789 0.125791 0.093877 0.069327 0.050662 0.036636 0.026217 0.018566 0.013011 0.009023 0.006193 0.004206 0.002828 0.001881 0.001239 0.000807 0.000521 0.000333 0.000212 0.000135 0.000088 0.000061 0.000048 0.000048 
0.000038 0.000038 0.000048 0.000070 0.000109 0.000173 0.000274 0.000433 0.000678 0.001051 0.001613 0.002449 0.003680 0.005473 0.008056 0.011735 0.016917 0.024135 0.034075 0.047609 0.065824 0.090060 0.121932 0.163357 0.216566 0.284096 0.368774 0.473664 0.601991 0.757033 0.941977 1.159744 1.412788 1.702866 2.030810 2.396292 2.797621 3.231568 3.693265 4.176165 4.672102 5.171451 5.663381 6.136217 6.577874 6.976361 7.320313 7.599531 7.805479 7.931721 7.974255 7.931721 7.805479 7.599531 7.320313 6.976361 6.577874 6.136217 5.663381 5.171451 4.672102 4.176165 3.693265 3.231568 2.797621 2.396292 2.030810 1.702866 1.412788 1.159744 0.941977 0.757033 0.601991 0.473664 0.368774 0.284096 0.216566 0.163357 0.121932 0.090060 0.065824 0.047609 0.034075 0.024135 0.016917 0.011735 0.008056 0.005473 0.003680 0.002449 0.001613 0.001052 0.000679 0.000435 0.000276 0.000176 0.000114 0.000079 0.000063 0.000063 
0.000049 0.000049 0.000062 0.000090 0.000140 0.000223 0.000354 0.000559 0.000874 0.001354 0.002077 0.003153 0.004738 0.007045 0.010368 0.015100 0.021764 0.031044 0.043822 0.061215 0.084623 0.115761 0.156703 0.209910 0.278241 0.364951 0.473664 0.608307 0.773015 0.971987 1.209306 1.488712 1.813346 2.185453 2.606094 3.074842 3.589521 4.145989 4.737997 5.357151 5.992983 6.633151 7.263778 7.869899 8.436031 8.946808 9.387671 9.745552 10.009516 10.171320 10.225834 10.171320 10.009516 9.745552 9.387671 8.946808 8.436031 7.869899 7.263778 6.633151 5.992983 5.357151 4.737997 4.145989 3.589521 3.074842 2.606094 2.185453 1.813346 1.488712 1.209306 0.971987 0.773015 0.608307 0.473664 0.364951 0.278241 0.209910 0.156703 0.115761 0.084623 0.061215 0.043822 0.031044 0.021764 0.015100 0.010368 0.007045 0.004738 0.003153 0.002077 0.001355 0.000875 0.000560 0.000356 0.000227 0.000147 0.000102 0.000081 0.000081 
0.000062 0.000062 0.000079 0.000115 0.000179 0.000284 0.000451 0.000712 0.001114 0.001726 0.002647 0.004018 0.006035 0.008972 0.013202 0.019224 0.027703 0.039509 0.055761 0.077880 0.107642 0.147227 0.199269 0.266889 0.353717 0.463886 0.601991 0.773015 0.982201 1.234875 1.536211 1.890950 2.303068 2.775409 3.309307 3.904214 4.557361 5.263487 6.014659 6.800225 7.606902 8.419039 9.219031 9.987904 10.706022 11.353904 11.913091 12.367014 12.701811 12.907031 12.976173 12.907031 12.701811 12.367014 11.913091 11.353904 10.706022 9.987904 9.219031 8.419039 7.606902 6.800225 6.014659 5.263487 4.557361 3.904214 3.309307 2.775409 2.303068 1.890950 1.536211 1.234875 0.982201 0.773015 0.601991 0.463886 0.353717 0.266889 0.199269 0.147227 0.107642 0.077880 0.055761 0.039509 0.027703 0.019224 0.013202 0.008973 0.006035 0.004018 0.002647 0.001727 0.001115 0.000714 0.000455 0.000290 0.000188 0.000130 0.000104 0.000104 
0.000079 0.000079 0.000099 0.000145 0.000226 0.000359 0.000570 0.000899 0.001406 0.002177 0.003338 0.005065 0.007606 0.011306 0.016632 0.024215 0.034890 0.049749 0.070202 0.098034 0.135477 0.185271 0.250723 0.335757 0.444930 0.583432 0.757033 0.971987 1.234875 1.552378 1.930989 2.376652 2.894350 3.487645 4.158202 4.905322 5.725522 6.612185 7.555350 8.541637 9.554374 10.573912 11.578158 12.543300 13.444698 14.257909 14.959772 15.529503 15.949709 16.207279 16.294058 16.207279 15.949709 15.529503 14.959772 14.257909 13.444698 12.543300 11.578158 10.573912 9.554374 8.541637 7.555350 6.612185 5.725522 4.905322 4.158202 3.487645 2.894350 2.376652 1.930989 1.552378 1.234875 0.971987 0.757033 0.583432 0.444930 0.335757 0.250723 0.185271 0.135477 0.098034 0.070202 0.049749 0.034890 0.024215 0.016632 0.011306 0.007606 0.005065 0.003338 0.002178 0.001407 0.000901 0.000574 0.000365 0.000237 0.000164 0.000131 0.000131 
0.000098 0.000098 0.000124 0.000181 0.000282 0.000448 0.000711 0.001122 0.001754 0.002716 0.004163 0.006316 0.009484 0.014095 0.020732 0.030178 0.043474 0.061980 0.087448 0.122099 0.168707 0.230681 0.312134 0.417939 0.553762 0.726052 0.941977 1.209306 1.536211 1.930989 2.401699 2.955718 3.599226 4.336637 5.170009 6.098462 7.117655 8.219363 9.391200 10.616544 11.874679 13.141202 14.388674 15.587522 16.707154 17.717218 18.588960 19.296573 19.818467 20.138365 20.246143 20.138365 19.818467 19.296573 18.588960 17.717218 16.707154 15.587522 14.388674 13.141202 11.874679 10.616544 9.391200 8.219363 7.117655 6.098462 5.170009 4.336637 3.599226 2.955718 2.401699 1.930989 1.536211 1.209306 0.941977 0.726052 0.553762 0.417939 0.312134 0.230681 0.168707 0.122099 0.087448 0.061980 0.043474 0.030178 0.020732 0.014095 0.009485 0.006317 0.004164 0.002717 0.001756 0.001125 0.000716 0.000456 0.000297 0.000205 0.000164 0.000164 
0.000121 0.000121 0.000153 0.000224 0.000349 0.000553 0.000878 0.001385 0.002166 0.003353 0.005138 0.007794 0.011701 0.017386 0.025567 0.037211 0.053597 0.076400 0.107776 0.150460 0.207866 0.284185 0.384479 0.514741 0.681940 0.894003 1.159744 1.488712 1.890950 2.376652 2.955718 3.637207 4.428705 5.335625 6.360483 7.502185 8.755380 10.109946 11.550651 13.057054 14.603691 16.160566 17.693958 19.167528 20.543682 21.785131 22.856546 23.726222 24.367637 24.760791 24.893249 24.760791 24.367637 23.726222 22.856546 21.785131 20.543682 19.167528 17.693958 16.160566 14.603691 13.057054 11.550651 10.109946 8.755380 7.502185 6.360483 5.335625 4.428705 3.637207 2.955718 2.376652 1.890950 1.488712 1.159744 0.894003 0.681940 0.514741 0.384479 0.284185 0.207866 0.150460 0.107776 0.076400 0.053597 0.037211 0.025567 0.017386 0.011701 0.007794 0.005139 0.003354 0.002168 0.001389 0.000884 0.000564 0.000366 0.000254 0.000203 0.000203 
0.000149 0.000149 0.000187 0.000274 0.000426 0.000676 0.001073 0.001692 0.002645 0.004094 0.006273 0.009514 0.014281 0.021216 0.031195 0.045394 0.065374 0.093175 0.131421 0.183444 0.253400 0.346393 0.468582 0.627264 0.830915 1.089183 1.412788 1.813346 2.303068 2.894350 3.599226 4.428705 5.392000 6.495683 7.742799 9.131998 10.656761 12.304759 14.057454 15.889977 17.771354 19.665100 21.530207 23.322488 24.996231 26.506100 27.809142 28.866812 29.646868 30.124999 30.286085 30.124999 29.646868 28.866812 27.809142 26.506100 24.996231 23.322488 21.530207 19.665100 17.771354 15.889977 14.057454 12.304759 10.656761 9.131998 7.742799 6.495683 5.392000 4.428705 3.599226 2.894350 2.303068 1.813346 1.412788 1.089183 0.830915 0.627264 0.468582 0.346393 0.253400 0.183444 0.131421 0.093175 0.065374 0.045394 0.031195 0.021216 0.014281 0.009514 0.006274 0.004095 0.002647 0.001697 0.001081 0.000689 0.000448 0.000310 0.000248 0.000248 
0.000180 0.000180 0.000227 0.000331 0.000516 0.000817 0.001297 0.002045 0.003196 0.004946 0.007577 0.011490 0.017244 0.025614 0.037656 0.054789 0.078892 0.112425 0.158553 0.221287 0.305635 0.417747 0.565038 0.756297 1.001731 1.312952 1.702866 2.185453 2.775409 3.487645 4.336637 5.335625 6.495683 7.824705 9.326337 10.998939 12.834643 14.818598 16.928478 19.134344 21.398912 23.678274 25.923081 28.080161 30.094520 31.911608 33.479752 34.752583 35.691314 36.266697 36.460549 36.266697 35.691314 34.752583 33.479752 31.911608 30.094520 28.080161 25.923081 23.678274 21.398912 19.134344 16.928478 14.818598 12.834643 10.998939 9.326337 7.824705 6.495683 5.335625 4.336637 3.487645 2.775409 2.185453 1.702866 1.312952 1.001731 0.756297 0.565038 0.417747 0.305635 0.221287 0.158553 0.112425 0.078892 0.054789 0.037656 0.025615 0.017244 0.011490 0.007578 0.004948 0.003199 0.002050 0.001306 0.000833 0.000542 0.000375 0.000300 0.000300 
0.000215 0.000215 0.000271 0.000396 0.000617 0.000978 0.001551 0.002445 0.003820 0.005911 0.009054 0.013728 0.020600 0.030595 0.044972 0.065423 0.094193 0.134212 0.189254 0.264102 0.364728 0.498457 0.674131 0.902218 1.194882 1.565955 2.030810 2.606094 3.309307 4.158202 5.170009 6.360483 7.742799 9.326337 11.115422 13.108078 15.294918 17.658235 20.171428 22.798830 25.496034 28.210751 30.884218 33.453125 35.851996 38.015889 39.883288 41.398995 42.516836 43.201998 43.432834 43.201998 42.516836 41.398995 39.883288 38.015889 35.851996 33.453125 30.884218 28.210751 25.496034 22.798830 20.171428 17.658235 15.294918 13.108078 11.115422 9.326337 7.742799 6.360483 5.170009 4.158202 3.309307 2.606094 2.030810 1.565955 1.194882 0.902218 0.674131 0.498457 0.364728 0.264102 0.189254 0.134212 0.094193 0.065423 0.044972 0.030595 0.020600 0.013728 0.009056 0.005913 0.003824 0.002451 0.001562 0.000996 0.000648 0.000449 0.000359 0.000359 
0.000255 0.000255 0.000321 0.000469 0.000730 0.001157 0.001835 0.002892 0.004518 0.006989 0.010704 0.016226 0.024346 0.036154 0.053136 0.077290 0.111263 0.158515 0.223498 0.311854 0.430625 0.588452 0.795759 1.064890 1.410184 1.847945 2.396292 3.074842 3.904214 4.905322 6.098462 7.502185 9.131998 10.998939 13.108078 15.457068 18.034822 20.820456 23.782604 26.879226 30.057986 33.257267 36.407830 39.435084 42.261889 44.811742 47.012177 48.798172 50.115336 50.922664 51.194657 50.922664 50.115336 48.798172 47.012177 44.811742 42.261889 39.435084 36.407830 33.257267 30.057986 26.879226 23.782604 20.820456 18.034822 15.457068 13.108078 10.998939 9.131998 7.502185 6.098462 4.905322 3.904214 3.074842 2.396292 1.847945 1.410184 1.064890 0.795759 0.588452 0.430625 0.311854 0.223498 0.158515 0.111263 0.077290 0.053136 0.036154 0.024346 0.016227 0.010705 0.006992 0.004522 0.002899 0.001848 0.001179 0.000767 0.000531 0.000425 0.000425 
0.000298 0.000298 0.000376 0.000549 0.000854 0.001354 0.002147 0.003384 0.005285 0.008175 0.012519 0.018975 0.028466 0.042266 0.062112 0.090335 0.130028 0.185227 0.261131 0.364325 0.503027 0.687320 0.929365 1.243566 1.646645 2.157620 2.797621 3.589521 4.557361 5.725522 7.117655 8.755380 10.656761 12.834643 15.294918 18.034822 21.041405 24.290291 27.744890 31.356169 35.063096 38.793823 42.467623 45.997539 49.293642 52.266752 54.832398 56.914790 58.450529 59.391822 59.708948 59.391822 58.450529 56.914790 54.832398 52.266752 49.293642 45.997539 42.467623 38.793823 35.063096 31.356169 27.744890 24.290291 21.041405 18.034822 15.294918 12.834643 10.656761 8.755380 7.117655 5.725522 4.557361 3.589521 2.797621 2.157620 1.646645 1.243566 0.929365 0.687320 0.503027 0.364325 0.261131 0.185227 0.130028 0.090335 0.062112 0.042267 0.028466 0.018976 0.012520 0.008178 0.005290 0.003392 0.002162 0.001380 0.000898 0.000622 0.000498 0.000498 
0.000346 0.000346 0.000436 0.000636 0.000989 0.001568 0.002486 0.003916 0.006117 0.009460 0.014484 0.021951 0.032927 0.048885 0.071829 0.104456 0.150337 0.214135 0.301853 0.421097 0.581356 0.794270 1.073882 1.436813 1.902367 2.492492 3.231568 4.145989 5.263487 6.612185 8.219363 10.109946 12.304759 14.818598 17.658235 20.820456 24.290291 28.039594 32.026129 36.193306 40.470702 44.775422 49.014333 53.087122 56.890053 60.320259 63.280308 65.682783 67.454564 68.540525 68.906389 68.540525 67.454564 65.682783 63.280308 60.320259 56.890053 53.087122 49.014333 44.775422 40.470702 36.193306 32.026129 28.039594 24.290291 20.820456 17.658235 14.818598 12.304759 10.109946 8.219363 6.612185 5.263487 4.145989 3.231568 2.492492 1.902367 1.436813 1.073882 0.794270 0.581356 0.421097 0.301853 0.214135 0.150337 0.104456 0.071829 0.048885 0.032928 0.021952 0.014486 0.009463 0.006122 0.003926 0.002503 0.001597 0.001040 0.000721 0.000576 0.000576 
0.000396 0.000396 0.000499 0.000729 0.001133 0.001795 0.002846 0.004484 0.007003 0.010829 0.016579 0.025123 0.037680 0.055935 0.082179 0.119495 0.171964 0.244916 0.345209 0.481536 0.664735 0.908107 1.227689 1.642466 2.174484 2.848805 3.693265 4.737997 6.014659 7.555350 9.391200 11.550651 14.057454 16.928478 20.171428 23.782604 27.744890 32.026129 36.578078 41.336119 46.219847 51.134624 55.974136 60.623876 64.965439 68.881415 72.260603 75.003232 77.025851 78.265549 78.683206 78.265549 77.025851 75.003232 72.260603 68.881415 64.965439 60.623876 55.974136 51.134624 46.219847 41.336119 36.578078 32.026129 27.744890 23.782604 20.171428 16.928478 14.057454 11.550651 9.391200 7.555350 6.014659 4.737997 3.693265 2.848805 2.174484 1.642466 1.227689 0.908107 0.664735 0.481536 0.345209 0.244916 0.171964 0.119495 0.082179 0.055935 0.037681 0.025124 0.016581 0.010833 0.007009 0.004496 0.002866 0.001829 0.001191 0.000826 0.000660 0.000660 
0.000449 0.000449 0.000566 0.000826 0.001284 0.002034 0.003225 0.005080 0.007931 0.012264 0.018773 0.028444 0.042657 0.063317 0.093016 0.135239 0.194603 0.277133 0.390585 0.544784 0.751984 1.027217 1.388607 1.857611 2.459139 3.221507 4.176165 5.357151 6.800225 8.541637 10.616544 13.057054 15.889977 19.134344 22.798830 26.879226 31.356169 36.193306 41.336119 46.711599 52.228907 57.781141 63.248211 68.500784 73.405132 77.828651 81.645757 84.743777 87.028469 88.428788 88.900557 88.428788 87.028469 84.743777 81.645757 77.828651 73.405132 68.500784 63.248211 57.781141 52.228907 46.711599 41.336119 36.193306 31.356169 26.879226 22.798830 19.134344 15.889977 13.057054 10.616544 8.541637 6.800225 5.357151 4.176165 3.221507 2.459139 1.857611 1.388607 1.027217 0.751984 0.544784 0.390586 0.277133 0.194603 0.135239 0.093016 0.063317 0.042658 0.028446 0.018775 0.012268 0.007939 0.005093 0.003247 0.002073 0.001349 0.000936 0.000749 0.000749 
0.000503 0.000503 0.000635 0.000926 0.001439 0.002280 0.003614 0.005692 0.008886 0.013739 0.021029 0.031860 0.047775 0.070906 0.104156 0.151422 0.217871 0.310243 0.437214 0.609774 0.841627 1.149585 1.553915 2.078609 2.751517 3.604296 4.672102 5.992983 7.606902 9.554374 11.874679 14.603691 17.771354 21.398912 25.496034 30.057986 35.063096 40.470702 46.219847 52.228907 58.396343 64.602662 70.713646 76.584752 82.066529 87.010790 91.277197 94.739841 97.293413 98.858524 99.385811 98.858524 97.293413 94.739841 91.277197 87.010790 82.066529 76.584752 70.713646 64.602662 58.396343 52.228907 46.219847 40.470702 35.063096 30.057986 25.496034 21.398912 17.771354 14.603691 11.874679 9.554374 7.606902 5.992983 4.672102 3.604296 2.751517 2.078609 1.553915 1.149585 0.841627 0.609774 0.437214 0.310243 0.217871 0.151423 0.104156 0.070907 0.047776 0.031861 0.021032 0.013744 0.008895 0.005706 0.003639 0.002323 0.001513 0.001049 0.000839 0.000839 
0.000558 0.000558 0.000704 0.001027 0.001596 0.002528 0.004006 0.006309 0.009849 0.015227 0.023304 0.035303 0.052933 0.078555 0.115382 0.167729 0.241315 0.343601 0.484189 0.675240 0.931921 1.272833 1.720401 2.301167 3.045942 3.989741 5.171451 6.633151 8.419039 10.573912 13.141202 16.160566 19.665100 23.678274 28.210751 33.257267 38.793823 44.775422 51.134624 57.781141 64.602662 71.467033 78.225824 84.719188 90.781863 96.249988 100.968383 104.797829 107.621884 109.352769 109.935904 109.352769 107.621884 104.797829 100.968383 96.249988 90.781863 84.719188 78.225824 71.467033 64.602662 57.781141 51.134624 44.775422 38.793823 33.257267 28.210751 23.678274 19.665100 16.160566 13.141202 10.573912 8.419039 6.633151 5.171451 3.989741 3.045942 2.301167 1.720401 1.272833 0.931921 0.675240 0.484189 0.343601 0.241315 0.167730 0.115382 0.078555 0.052934 0.035304 0.023307 0.015232 0.009859 0.006325 0.004034 0.002576 0.001677 0.001164 0.000931 0.000931 
0.000613 0.000613 0.000772 0.001127 0.001750 0.002772 0.004393 0.006918 0.010799 0.016694 0.025547 0.038698 0.058019 0.086096 0.126449 0.183805 0.264425 0.376482 0.530488 0.739761 1.020905 1.394285 1.884451 2.520456 3.336023 4.369479 5.663381 7.263778 9.219031 11.578158 14.388674 17.693958 21.530207 25.923081 30.884218 36.407830 42.467623 49.014333 55.974136 63.248211 70.713646 78.225824 85.622320 92.728231 99.362729 105.346527 110.509838 114.700343 117.790645 119.684708 120.322816 119.684708 117.790645 114.700343 110.509838 105.346527 99.362729 92.728231 85.622320 78.225824 70.713646 63.248211 55.974136 49.014333 42.467623 36.407830 30.884218 25.923081 21.530207 17.693958 14.388674 11.578158 9.219031 7.263778 5.663381 4.369479 3.336023 2.520456 1.884451 1.394285 1.020905 0.739761 0.530488 0.376482 0.264425 0.183805 0.126450 0.086097 0.058020 0.038699 0.025550 0.016700 0.010809 0.006936 0.004424 0.002825 0.001840 0.001276 0.001021 0.001021 
