0.000000 0.000000 0.000000 0.000000 0.000000 0.000000 0.000000 0.000000 0.000000 0.000000 0.000000 0.000000 0.000000 0.000000 0.000000 0.000000 0.000000 0.000000 0.000000 0.000000 0.000000 0.000000 0.000000 0.000000 0.000000 0.000000 0.000000 0.000000 0.000000 0.000000 0.000000 0.000000 0.000000 0.000000 0.000000 0.000000 0.000000 0.000000 0.000000 0.000000 0.000000 0.000000 0.000000 0.000000 0.000000 0.000000 0.000000 0.000000 0.000000 0.000000 0.000000 0.000000 0.000000 0.000000 0.000000 0.000000 0.000000 0.000000 0.000000 0.000000 0.000000 0.000000 0.000000 0.000000 0.000000 0.000000 0.000000 0.000000 0.000000 0.000000 0.000000 0.000000 0.000000 0.000000 0.000000 0.000000 0.000000 0.000000 0.000000 0.000000 0.000000 0.000000 0.000000 0.000000 0.000000 0.000000 0.000000 0.000000 0.000000 0.000000 0.000000 0.000000 0.000000 0.000000 0.000000 0.000000 0.000000 0.000000 0.000000 0.000000 
0.000000 0.000000 0.000000 0.000000 0.000000 0.000000 0.000000 0.000000 0.000000 0.000000 0.000000 0.000000 0.000000 0.000000 0.000000 0.000000 0.000000 0.000000 0.000000 0.000000 0.000000 0.000000 0.000000 0.000000 0.000000 0.000000 0.000000 0.000000 0.000000 0.000000 0.000000 0.000000 0.000000 0.000000 0.000000 0.000000 0.000000 0.000000 0.000000 0.000000 0.000000 0.000000 0.000000 0.000000 0.000000 0.000000 0.000000 0.000000 0.000000 0.000000 0.000000 0.000000 0.000000 0.000000 0.000000 0.000000 0.000000 0.000000 0.000000 0.000000 0.000000 0.000000 0.000000 0.000000 0.000000 0.000000 0.000000 0.000000 0.000000 0.000000 0.000000 0.000000 0.000000 0.000000 0.000000 0.000000 0.000000 0.000000 0.000000 0.000000 0.000000 0.000000 0.000000 0.000000 0.000000 0.000000 0.000000 0.000000 0.000000 0.000000 0.000000 0.000000 0.000000 0.000000 0.000000 0.000000 0.000000 0.000000 0.000000 0.000000 
0.000000 0.000000 0.000000 0.000000 0.000000 0.000000 0.000000 0.000000 0.000000 0.000000 0.000000 0.000000 0.000000 0.000000 0.000000 0.000000 0.000000 0.000000 0.000000 0.000000 0.000000 0.000000 0.000000 0.000000 0.000000 0.000000 0.000000 0.000000 0.000000 0.000000 0.000000 0.000000 0.000000 0.000000 0.000000 0.000000 0.000000 0.000000 0.000000 0.000000 0.000000 0.000000 0.000000 0.000000 0.000000 0.000000 0.000000 0.000000 0.000000 0.000000 0.000000 0.000000 0.000000 0.000000 0.000000 0.000000 0.000000 0.000000 0.000000 0.000000 0.000000 0.000000 0.000000 0.000000 0.000000 0.000000 0.000000 0.000000 0.000000 0.000000 0.000000 0.000000 0.000000 0.000000 0.000000 0.000000 0.000000 0.000000 0.000000 0.000000 0.000000 0.000000 0.000000 0.000000 0.000000 0.000000 0.000000 0.000000 0.000000 0.000000 0.000000 0.000000 0.000000 0.000000 0.000000 0.000000 0.000000 0.000000 0.000000 0.000000 
0.000000 0.000000 0.000000 0.000000 0.000000 0.000000 0.000000 0.000000 0.000000 0.000000 0.000000 0.000000 0.000000 0.000000 0.000000 0.000000 0.000000 0.000000 0.000000 0.000000 0.000000 0.000000 0.000000 0.000000 0.000000 0.000000 0.000000 0.000000 0.000000 0.000000 0.000000 0.000000 0.000000 0.000000 0.000000 0.000000 0.000000 0.000000 0.000000 0.000000 0.000000 0.000000 0.000000 0.000000 0.000000 0.000000 0.000000 0.000000 0.000000 0.000000 0.000000 0.000000 0.000000 0.000000 0.000000 0.000000 0.000000 0.000000 0.000000 0.000000 0.000000 0.000000 0.000000 0.000000 0.000000 0.000000 0.000000 0.000000 0.000000 0.000000 0.000000 0.000000 0.000000 0.000000 0.000000 0.000000 0.000000 0.000000 0.000000 0.000000 0.000000 0.000000 0.000000 0.000000 0.000000 0.000000 0.000000 0.000000 0.000000 0.000000 0.000000 0.000000 0.000000 0.000000 0.000000 0.000000 0.000000 0.000000 0.000000 0.000000 
0.000000 0.000000 0.000000 0.000000 0.000000 0.000000 0.000000 0.000000 0.000000 0.000000 0.000000 0.000000 0.000000 0.000000 0.000000 0.000000 0.000000 0.000000 0.000000 0.000000 0.000000 0.000000 0.000000 0.000000 0.000000 0.000000 0.000000 0.000000 0.000000 0.000000 0.000000 0.000000 0.000000 0.000000 0.000000 0.000000 0.000000 0.000000 0.000000 0.000000 0.000000 0.000000 0.000000 0.000000 0.000000 0.000000 0.000000 0.000000 0.000000 0.000000 0.000000 0.000000 0.000000 0.000000 0.000000 0.000000 0.000000 0.000000 0.000000 0.000000 0.000000 0.000000 0.000000 0.000000 0.000000 0.000000 0.000000 0.000000 0.000000 0.000000 0.000000 0.000000 0.000000 0.000000 0.000000 0.000000 0.000000 0.000000 0.000000 0.000000 0.000000 0.000000 0.000000 0.000000 0.000000 0.000000 0.000000 0.000000 0.000000 0.000000 0.000000 0.000000 0.000000 0.000000 0.000000 0.000000 0.000000 0.000000 0.000000 0.000000 
0.000000 0.000000 0.000000 0.000000 0.000000 0.000000 0.000000 0.000000 0.000000 0.000000 0.000000 0.000000 0.000000 0.000000 0.000000 0.000000 0.000000 0.000000 0.000000 0.000000 0.000000 0.000000 0.000000 0.000000 0.000000 0.000000 0.000000 0.000000 0.000000 0.000000 0.000000 0.000000 0.000000 0.000000 0.000000 0.000000 0.000000 0.000000 0.000000 0.000000 0.000000 0.000000 0.000000 0.000000 0.000000 0.000000 0.000000 0.000000 0.000000 0.000000 0.000000 0.000000 0.000000 0.000000 0.000000 0.000000 0.000000 0.000000 0.000000 0.000000 0.000000 0.000000 0.000000 0.000000 0.000000 0.000000 0.000000 0.000000 0.000000 0.000000 0.000000 0.000000 0.000000 0.000000 0.000000 0.000000 0.000000 0.000000 0.000000 0.000000 0.000000 0.000000 0.000000 0.000000 0.000000 0.000000 0.000000 0.000000 0.000000 0.000000 0.000000 0.000000 0.000000 0.000000 0.000000 0.000000 0.000000 0.000000 0.000000 0.000000 
0.000000 0.000000 0.000000 0.000000 0.000000 0.000000 0.000000 0.000000 0.000000 0.000000 0.000000 0.000000 0.000000 0.000000 0.000000 0.000000 0.000000 0.000000 0.000000 0.000000 0.000000 0.000000 0.000000 0.000000 0.000000 0.000000 0.000000 0.000000 0.000000 0.000000 0.000000 0.000000 0.000000 0.000000 0.000000 0.000000 0.000000 0.000000 0.000000 0.000000 0.000000 0.000000 0.000000 0.000000 0.000000 0.000000 0.000000 0.000000 0.000000 0.000000 0.000000 0.000000 0.000000 0.000000 0.000000 0.000000 0.000000 0.000000 0.000000 0.000000 0.000000 0.000000 0.000000 0.000000 0.000000 0.000000 0.000000 0.000000 0.000000 0.000000 0.000000 0.000000 0.000000 0.000000 0.000000 0.000000 0.000000 0.000000 0.000000 0.000000 0.000000 0.000000 0.000000 0.000000 0.000000 0.000000 0.000000 0.000000 0.000000 0.000000 0.000000 0.000000 0.000000 0.000000 0.000000 0.000000 0.000000 0.000000 0.000000 0.000000 
0.000000 0.000000 0.000000 0.000000 0.000000 0.000000 0.000000 0.000000 0.000000 0.000000 0.000000 0.000000 0.000000 0.000000 0.000000 0.000000 0.000000 0.000000 0.000000 0.000000 0.000000 0.000000 0.000000 0.000000 0.000000 0.000000 0.000000 0.000000 0.000000 0.000000 0.000000 0.000000 0.000000 0.000000 0.000000 0.000000 0.000000 0.000000 0.000000 0.000000 0.000000 0.000000 0.000000 0.000000 0.000000 0.000000 0.000000 0.000000 0.000000 0.000000 0.000000 0.000000 0.000000 0.000000 0.000000 0.000000 0.000000 0.000000 0.000000 0.000000 0.000000 0.000000 0.000000 0.000000 0.000000 0.000000 0.000000 0.000000 0.000000 0.000000 0.000000 0.000000 0.000000 0.000000 0.000000 0.000000 0.000000 0.000000 0.000000 0.000000 0.000000 0.000000 0.000000 0.000000 0.000000 0.000000 0.000000 0.000000 0.000000 0.000000 0.000000 0.000000 0.000000 0.000000 0.000000 0.000000 0.000000 0.000000 0.000000 0.000000 
0.000000 0.000000 0.000000 0.000000 0.000000 0.000000 0.000000 0.000000 0.000000 0.000000 0.000000 0.000000 0.000000 0.000000 0.000000 0.000000 0.000000 0.000000 0.000000 0.000000 0.000000 0.000000 0.000000 0.000000 0.000000 0.000000 0.000000 0.000000 0.000000 0.000000 0.000000 0.000000 0.000000 0.000000 0.000000 0.000000 0.000000 0.000000 0.000000 0.000000 0.000000 0.000000 0.000000 0.000000 0.000000 0.000000 0.000000 0.000000 0.000000 0.000000 0.000000 0.000000 0.000000 0.000000 0.000000 0.000000 0.000000 0.000000 0.000000 0.000000 0.000000 0.000000 0.000000 0.000000 0.000000 0.000000 0.000000 0.000000 0.000000 0.000000 0.000000 0.000000 0.000000 0.000000 0.000000 0.000000 0.000000 0.000000 0.000000 0.000000 0.000000 0.000000 0.000000 0.000000 0.000000 0.000000 0.000000 0.000000 0.000000 0.000000 0.000000 0.000000 0.000000 0.000000 0.000000 0.000000 0.000000 0.000000 0.000000 0.000000 
0.000000 0.000000 0.000000 0.000000 0.000000 0.000000 0.000000 0.000000 0.000000 0.000000 0.000000 0.000000 0.000000 0.000000 0.000000 0.000000 0.000000 0.000000 0.000000 0.000000 0.000000 0.000000 0.000000 0.000000 0.000000 0.000000 0.000000 0.000000 0.000000 0.000000 0.000000 0.000000 0.000000 0.000000 0.000000 0.000000 0.000000 0.000000 0.000000 0.000000 0.000000 0.000000 0.000000 0.000000 0.000000 0.000000 0.000000 0.000000 0.000000 0.000000 0.000000 0.000000 0.000000 0.000000 0.000000 0.000000 0.000000 0.000000 0.000000 0.000000 0.000000 0.000000 0.000000 0.000000 0.000000 0.000000 0.000000 0.000000 0.000000 0.000000 0.000000 0.000000 0.000000 0.000000 0.000000 0.000000 0.000000 0.000000 0.000000 0.000000 0.000000 0.000000 0.000000 0.000000 0.000000 0.000000 0.000000 0.000000 0.000000 0.000000 0.000000 0.000000 0.000000 0.000000 0.000000 0.000000 0.000000 0.000000 0.000000 0.000000 
0.000000 0.000000 0.000000 0.000000 0.000000 0.000000 0.000000 0.000000 0.000000 0.000000 0.000000 0.000000 0.000000 0.000000 0.000000 0.000000 0.000000 0.000000 0.000000 0.000000 0.000000 0.000000 0.000000 0.000000 0.000000 0.000000 0.000000 0.000000 0.000000 0.000000 0.000000 0.000000 0.000000 0.000000 0.000000 0.000000 0.000000 0.000000 0.000000 0.000000 0.000000 0.000000 0.000000 0.000000 0.000000 0.000000 0.000000 0.000000 0.000000 0.000000 0.000000 0.000000 0.000000 0.000000 0.000000 0.000000 0.000000 0.000000 0.000000 0.000000 0.000000 0.000000 0.000000 0.000000 0.000000 0.000000 0.000000 0.000000 0.000000 0.000000 0.000000 0.000000 0.000000 0.000000 0.000000 0.000000 0.000000 0.000000 0.000000 0.000000 0.000000 0.000000 0.000000 0.000000 0.000000 0.000000 0.000000 0.000000 0.000000 0.000000 0.000000 0.000000 0.000000 0.000000 0.000000 0.000000 0.000000 0.000000 0.000000 0.000000 
0.000000 0.000000 0.000000 0.000000 0.000000 0.000000 0.000000 0.000000 0.000000 0.000000 0.000000 0.000000 0.000000 0.000000 0.000000 0.000000 0.000000 0.000000 0.000000 0.000000 0.000000 0.000000 0.000000 0.000000 0.000000 0.000000 0.000000 0.000000 0.000000 0.000000 0.000000 0.000000 0.000000 0.000000 0.000000 0.000000 0.000000 0.000000 0.000000 0.000000 0.000000 0.000000 0.000000 0.000000 0.000000 0.000000 0.000000 0.000000 0.000000 0.000000 0.000000 0.000000 0.000000 0.000000 0.000000 0.000000 0.000000 0.000000 0.000000 0.000000 0.000000 0.000000 0.000000 0.000000 0.000000 0.000000 0.000000 0.000000 0.000000 0.000000 0.000000 0.000000 0.000000 0.000000 0.000000 0.000000 0.000000 0.000000 0.000000 0.000000 0.000000 0.000000 0.000000 0.000000 0.000000 0.000000 0.000000 0.000000 0.000000 0.000000 0.000000 0.000000 0.000000 0.000000 0.000000 0.000000 0.000000 0.000000 0.000000 0.000000 
0.000000 0.000000 0.000000 0.000000 0.000000 0.000000 0.000000 0.000000 0.000000 0.000000 0.000000 0.000000 0.000000 0.000000 0.000000 0.000000 0.000000 0.000000 0.000000 0.000000 0.000000 0.000000 0.000000 0.000000 0.000000 0.000000 0.000000 0.000000 0.000000 0.000000 0.000000 0.000000 0.000000 0.000000 0.000000 0.000000 0.000000 0.000000 0.000000 0.000000 0.000000 0.000000 0.000000 0.000000 0.000000 0.000000 0.000000 0.000001 0.000001 0.000001 0.000001 0.000001 0.000001 0.000001 0.000000 0.000000 0.000000 0.000000 0.000000 0.000000 0.000000 0.000000 0.000000 0.000000 0.000000 0.000000 0.000000 0.000000 0.000000 0.000000 0.000000 0.000000 0.000000 0.000000 0.000000 0.000000 0.000000 0.000000 0.000000 0.000000 0.000000 0.000000 0.000000 0.000000 0.000000 0.000000 0.000000 0.000000 0.000000 0.000000 0.000000 0.000000 0.000000 0.000000 0.000000 0.000000 0.000000 0.000000 0.000000 0.000000 
0.000000 0.000000 0.000000 0.000000 0.000000 0.000000 0.000000 0.000000 0.000000 0.000000 0.000000 0.000000 0.000000 0.000000 0.000000 0.000000 0.000000 0.000000 0.000000 0.000000 0.000000 0.000000 0.000000 0.000000 0.000000 0.000000 0.000000 0.000000 0.000000 0.000000 0.000000 0.000000 0.000000 0.000000 0.000000 0.000000 0.000000 0.000000 0.000000 0.000000 0.000000 0.000000 0.000001 0.000001 0.000001 0.000001 0.000001 0.000002 0.000002 0.000002 0.000002 0.000002 0.000002 0.000002 0.000001 0.000001 0.000001 0.000001 0.000001 0.000000 0.000000 0.000000 0.000000 0.000000 0.000000 0.000000 0.000000 0.000000 0.000000 0.000000 0.000000 0.000000 0.000000 0.000000 0.000000 0.000000 0.000000 0.000000 0.000000 0.000000 0.000000 0.000000 0.000000 0.000000 0.000000 0.000000 0.000000 0.000000 0.000000 0.000000 0.000000 0.000000 0.000000 0.000000 0.000000 0.000000 0.000000 0.000000 0.000000 0.000000 
0.000000 0.000000 0.000000 0.000000 0.000000 0.000000 0.000000 0.000000 0.000000 0.000000 0.000000 0.000000 0.000000 0.000000 0.000000 0.000000 0.000000 0.000000 0.000000 0.000000 0.000000 0.000000 0.000000 0.000000 0.000000 0.000000 0.000000 0.000000 0.000000 0.000000 0.000000 0.000000 0.000000 0.000000 0.000000 0.000000 0.000000 0.000000 0.000000 0.000001 0.000001 0.000001 0.000002 0.000002 0.000003 0.000003 0.000004 0.000004 0.000004 0.000005 0.000005 0.000005 0.000004 0.000004 0.000004 0.000003 0.000003 0.000002 0.000002 0.000001 0.000001 0.000001 0.000000 0.000000 0.000000 0.000000 0.000000 0.000000 0.000000 0.000000 0.000000 0.000000 0.000000 0.000000 0.000000 0.000000 0.000000 0.000000 0.000000 0.000000 0.000000 0.000000 0.000000 0.000000 0.000000 0.000000 0.000000 0.000000 0.000000 0.000000 0.000000 0.000000 0.000000 0.000000 0.000000 0.000000 0.000000 0.000000 0.000000 0.000000 
0.000000 0.000000 0.000000 0.000000 0.000000 0.000000 0.000000 0.000000 0.000000 0.000000 0.000000 0.000000 0.000000 0.000000 0.000000 0.000000 0.000000 0.000000 0.000000 0.000000 0.000000 0.000000 0.000000 0.000000 0.000000 0.000000 0.000000 0.000000 0.000000 0.000000 0.000000 0.000000 0.000000 0.000000 0.000000 0.000000 0.000001 0.000001 0.000001 0.000002 0.000003 0.000003 0.000005 0.000006 0.000007 0.000009 0.000010 0.000011 0.000012 0.000013 0.000013 0.000013 0.000012 0.000011 0.000010 0.000009 0.000007 0.000006 0.000005 0.000003 0.000003 0.000002 0.000001 0.000001 0.000001 0.000000 0.000000 0.000000 0.000000 0.000000 0.000000 0.000000 0.000000 0.000000 0.000000 0.000000 0.000000 0.000000 0.000000 0.000000 0.000000 0.000000 0.000000 0.000000 0.000000 0.000000 0.000000 0.000000 0.000000 0.000000 0.000000 0.000000 0.000000 0.000000 0.000000 0.000000 0.000000 0.000000 0.000000 0.000000 
0.000000 0.000000 0.000000 0.000000 0.000000 0.000000 0.000000 0.000000 0.000000 0.000000 0.000000 0.000000 0.000000 0.000000 0.000000 0.000000 0.000000 0.000000 0.000000 0.000000 0.000000 0.000000 0.000000 0.000000 0.000000 0.000000 0.000000 0.000000 0.000000 0.000000 0.000000 0.000000 0.000000 0.000000 0.000001 0.000001 0.000001 0.000002 0.000003 0.000005 0.000007 0.000009 0.000012 0.000015 0.000019 0.000022 0.000026 0.000029 0.000031 0.000033 0.000033 0.000033 0.000031 0.000029 0.000026 0.000022 0.000019 0.000015 0.000012 0.000009 0.000007 0.000005 0.000003 0.000002 0.000001 0.000001 0.000001 0.000000 0.000000 0.000000 0.000000 0.000000 0.000000 0.000000 0.000000 0.000000 0.000000 0.000000 0.000000 0.000000 0.000000 0.000000 0.000000 0.000000 0.000000 0.000000 0.000000 0.000000 0.000000 0.000000 0.000000 0.000000 0.000000 0.000000 0.000000 0.000000 0.000000 0.000000 0.000000 0.000000 
0.000000 0.000000 0.000000 0.000000 0.000000 0.000000 0.000000 0.000000 0.000000 0.000000 0.000000 0.000000 0.000000 0.000000 0.000000 0.000000 0.000000 0.000000 0.000000 0.000000 0.000000 0.000000 0.000000 0.000000 0.000000 0.000000 0.000000 0.000000 0.000000 0.000000 0.000000 0.000000 0.000000 0.000001 0.000001 0.000002 0.000004 0.000006 0.000008 0.000012 0.000017 0.000023 0.000030 0.000038 0.000047 0.000056 0.000065 0.000073 0.000079 0.000083 0.000084 0.000083 0.000079 0.000073 0.000065 0.000056 0.000047 0.000038 0.000030 0.000023 0.000017 0.000012 0.000008 0.000006 0.000004 0.000002 0.000001 0.000001 0.000000 0.000000 0.000000 0.000000 0.000000 0.000000 0.000000 0.000000 0.000000 0.000000 0.000000 0.000000 0.000000 0.000000 0.000000 0.000000 0.000000 0.000000 0.000000 0.000000 0.000000 0.000000 0.000000 0.000000 0.000000 0.000000 0.000000 0.000000 0.000000 0.000000 0.000000 0.000000 
0.000000 0.000000 0.000000 0.000000 0.000000 0.000000 0.000000 0.000000 0.000000 0.000000 0.000000 0.000000 0.000000 0.000000 0.000000 0.000000 0.000000 0.000000 0.000000 0.000000 0.000000 0.000000 0.000000 0.000000 0.000000 0.000000 0.000000 0.000000 0.000000 0.000000 0.000000 0.000001 0.000001 0.000002 0.000004 0.000006 0.000009 0.000014 0.000021 0.000031 0.000043 0.000058 0.000075 0.000096 0.000117 0.000140 0.000161 0.000180 0.000195 0.000205 0.000208 0.000205 0.000195 0.000180 0.000161 0.000140 0.000117 0.000096 0.000075 0.000058 0.000043 0.000031 0.000021 0.000014 0.000009 0.000006 0.000004 0.000002 0.000001 0.000001 0.000000 0.000000 0.000000 0.000000 0.000000 0.000000 0.000000 0.000000 0.000000 0.000000 0.000000 0.000000 0.000000 0.000000 0.000000 0.000000 0.000000 0.000000 0.000000 0.000000 0.000000 0.000000 0.000000 0.000000 0.000000 0.000000 0.000000 0.000000 0.000000 0.000000 
0.000000 0.000000 0.000000 0.000000 0.000000 0.000000 0.000000 0.000000 0.000000 0.000000 0.000000 0.000000 0.000000 0.000000 0.000000 0.000000 0.000000 0.000000 0.000000 0.000000 0.000000 0.000000 0.000000 0.000000 0.000000 0.000000 0.000000 0.000000 0.000000 0.000001 0.000001 0.000002 0.000003 0.000005 0.000009 0.000015 0.000023 0.000035 0.000052 0.000074 0.000103 0.000139 0.000182 0.000231 0.000284 0.000338 0.000390 0.000435 0.000471 0.000494 0.000502 0.000494 0.000471 0.000435 0.000390 0.000338 0.000284 0.000231 0.000182 0.000139 0.000103 0.000074 0.000052 0.000035 0.000023 0.000015 0.000009 0.000005 0.000003 0.000002 0.000001 0.000001 0.000000 0.000000 0.000000 0.000000 0.000000 0.000000 0.000000 0.000000 0.000000 0.000000 0.000000 0.000000 0.000000 0.000000 0.000000 0.000000 0.000000 0.000000 0.000000 0.000000 0.000000 0.000000 0.000000 0.000000 0.000000 0.000000 0.000000 0.000000 
0.000000 0.000000 0.000000 0.000000 0.000000 0.000000 0.000000 0.000000 0.000000 0.000000 0.000000 0.000000 0.000000 0.000000 0.000000 0.000000 0.000000 0.000000 0.000000 0.000000 0.000000 0.000000 0.000000 0.000000 0.000000 0.000000 0.000000 0.000000 0.000001 0.000001 0.000002 0.000004 0.000007 0.000013 0.000021 0.000035 0.000055 0.000083 0.000123 0.000176 0.000245 0.000330 0.000430 0.000545 0.000669 0.000795 0.000916 0.001023 0.001107 0.001161 0.001179 0.001161 0.001107 0.001023 0.000916 0.000795 0.000669 0.000545 0.000430 0.000330 0.000245 0.000176 0.000123 0.000083 0.000055 0.000035 0.000021 0.000013 0.000007 0.000004 0.000002 0.000001 0.000001 0.000000 0.000000 0.000000 0.000000 0.000000 0.000000 0.000000 0.000000 0.000000 0.000000 0.000000 0.000000 0.000000 0.000000 0.000000 0.000000 0.000000 0.000000 0.000000 0.000000 0.000000 0.000000 0.000000 0.000000 0.000000 0.000000 0.000000 
0.000000 0.000000 0.000000 0.000000 0.000000 0.000000 0.000000 0.000000 0.000000 0.000000 0.000000 0.000000 0.000000 0.000000 0.000000 0.000000 0.000000 0.000000 0.000000 0.000000 0.000000 0.000000 0.000000 0.000000 0.000000 0.000000 0.000000 0.000001 0.000002 0.000003 0.000005 0.000010 0.000017 0.000030 0.000050 0.000081 0.000127 0.000193 0.000284 0.000406 0.000564 0.000759 0.000990 0.001252 0.001534 0.001823 0.002099 0.002343 0.002535 0.002657 0.002699 0.002657 0.002535 0.002343 0.002099 0.001823 0.001534 0.001252 0.000990 0.000759 0.000564 0.000406 0.000284 0.000193 0.000127 0.000081 0.000050 0.000030 0.000017 0.000010 0.000005 0.000003 0.000002 0.000001 0.000000 0.000000 0.000000 0.000000 0.000000 0.000000 0.000000 0.000000 0.000000 0.000000 0.000000 0.000000 0.000000 0.000000 0.000000 0.000000 0.000000 0.000000 0.000000 0.000000 0.000000 0.000000 0.000000 0.000000 0.000000 0.000000 
0.000000 0.000000 0.000000 0.000000 0.000000 0.000000 0.000000 0.000000 0.000000 0.000000 0.000000 0.000000 0.000000 0.000000 0.000000 0.000000 0.000000 0.000000 0.000000 0.000000 0.000000 0.000000 0.000000 0.000000 0.000000 0.000000 0.000001 0.000002 0.000003 0.000007 0.000012 0.000023 0.000040 0.000068 0.000113 0.000183 0.000286 0.000434 0.000640 0.000914 0.001266 0.001702 0.002217 0.002801 0.003430 0.004073 0.004687 0.005229 0.005654 0.005925 0.006019 0.005925 0.005654 0.005229 0.004687 0.004073 0.003430 0.002801 0.002217 0.001702 0.001266 0.000914 0.000640 0.000434 0.000286 0.000183 0.000113 0.000068 0.000040 0.000023 0.000012 0.000007 0.000003 0.000002 0.000001 0.000000 0.000000 0.000000 0.000000 0.000000 0.000000 0.000000 0.000000 0.000000 0.000000 0.000000 0.000000 0.000000 0.000000 0.000000 0.000000 0.000000 0.000000 0.000000 0.000000 0.000000 0.000000 0.000000 0.000000 0.000000 
0.000000 0.000000 0.000000 0.000000 0.000000 0.000000 0.000000 0.000000 0.000000 0.000000 0.000000 0.000000 0.000000 0.000000 0.000000 0.000000 0.000000 0.000000 0.000000 0.000000 0.000000 0.000000 0.000000 0.000000 0.000000 0.000001 0.000002 0.000004 0.000008 0.000015 0.000028 0.000050 0.000088 0.000151 0.000251 0.000403 0.000630 0.000954 0.001403 0.002002 0.002769 0.003717 0.004837 0.006104 0.007469 0.008862 0.010193 0.011365 0.012285 0.012872 0.013074 0.012872 0.012285 0.011365 0.010193 0.008862 0.007469 0.006104 0.004837 0.003717 0.002769 0.002002 0.001403 0.000954 0.000630 0.000403 0.000251 0.000151 0.000088 0.000050 0.000028 0.000015 0.000008 0.000004 0.000002 0.000001 0.000000 0.000000 0.000000 0.000000 0.000000 0.000000 0.000000 0.000000 0.000000 0.000000 0.000000 0.000000 0.000000 0.000000 0.000000 0.000000 0.000000 0.000000 0.000000 0.000000 0.000000 0.000000 0.000000 0.000000 
0.000000 0.000000 0.000000 0.000000 0.000000 0.000000 0.000000 0.000000 0.000000 0.000000 0.000000 0.000000 0.000000 0.000000 0.000000 0.000000 0.000000 0.000000 0.000000 0.000000 0.000000 0.000000 0.000000 0.000000 0.000001 0.000002 0.000004 0.000009 0.000017 0.000032 0.000060 0.000109 0.000191 0.000326 0.000539 0.000865 0.001349 0.002041 0.002996 0.004268 0.005897 0.007904 0.010275 0.012955 0.015840 0.018779 0.021587 0.024060 0.025998 0.027236 0.027661 0.027236 0.025998 0.024060 0.021587 0.018779 0.015840 0.012955 0.010275 0.007904 0.005897 0.004268 0.002996 0.002041 0.001349 0.000865 0.000539 0.000326 0.000191 0.000109 0.000060 0.000032 0.000017 0.000009 0.000004 0.000002 0.000001 0.000000 0.000000 0.000000 0.000000 0.000000 0.000000 0.000000 0.000000 0.000000 0.000000 0.000000 0.000000 0.000000 0.000000 0.000000 0.000000 0.000000 0.000000 0.000000 0.000000 0.000000 0.000000 0.000000 
0.000000 0.000000 0.000000 0.000000 0.000000 0.000000 0.000000 0.000000 0.000000 0.000000 0.000000 0.000000 0.000000 0.000000 0.000000 0.000000 0.000000 0.000000 0.000000 0.000000 0.000000 0.000000 0.000000 0.000001 0.000002 0.000004 0.000009 0.000018 0.000036 0.000069 0.000127 0.000229 0.000402 0.000683 0.001128 0.001808 0.002813 0.004249 0.006228 0.008858 0.012224 0.016365 0.021253 0.026771 0.032706 0.038748 0.044518 0.049595 0.053574 0.056114 0.056987 0.056114 0.053574 0.049595 0.044518 0.038748 0.032706 0.026771 0.021253 0.016365 0.012224 0.008858 0.006228 0.004249 0.002813 0.001808 0.001128 0.000683 0.000402 0.000229 0.000127 0.000069 0.000036 0.000018 0.000009 0.000004 0.000002 0.000001 0.000000 0.000000 0.000000 0.000000 0.000000 0.000000 0.000000 0.000000 0.000000 0.000000 0.000000 0.000000 0.000000 0.000000 0.000000 0.000000 0.000000 0.000000 0.000000 0.000000 0.000000 0.000000 
0.000000 0.000000 0.000000 0.000000 0.000000 0.000000 0.000000 0.000000 0.000000 0.000000 0.000000 0.000000 0.000000 0.000000 0.000000 0.000000 0.000000 0.000000 0.000000 0.000000 0.000000 0.000000 0.000001 0.000002 0.000004 0.000009 0.000019 0.000038 0.000074 0.000141 0.000261 0.000470 0.000821 0.001393 0.002296 0.003674 0.005708 0.008608 0.012599 0.017896 0.024666 0.032985 0.042794 0.053856 0.065743 0.077838 0.089380 0.099533 0.107486 0.112562 0.114307 0.112562 0.107486 0.099533 0.089380 0.077838 0.065743 0.053856 0.042794 0.032985 0.024666 0.017896 0.012599 0.008608 0.005708 0.003674 0.002296 0.001393 0.000821 0.000470 0.000261 0.000141 0.000074 0.000038 0.000019 0.000009 0.000004 0.000002 0.000001 0.000000 0.000000 0.000000 0.000000 0.000000 0.000000 0.000000 0.000000 0.000000 0.000000 0.000000 0.000000 0.000000 0.000000 0.000000 0.000000 0.000000 0.000000 0.000000 0.000000 0.000000 
0.000000 0.000000 0.000000 0.000000 0.000000 0.000000 0.000000 0.000000 0.000000 0.000000 0.000000 0.000000 0.000000 0.000000 0.000000 0.000000 0.000000 0.000000 0.000000 0.000000 0.000000 0.000001 0.000002 0.000004 0.000009 0.000018 0.000038 0.000076 0.000149 0.000282 0.000522 0.000936 0.001633 0.002765 0.004549 0.007267 0.011270 0.016970 0.024804 0.035186 0.048439 0.064706 0.083866 0.105455 0.128635 0.152205 0.174683 0.194447 0.209925 0.219799 0.223193 0.219799 0.209925 0.194447 0.174683 0.152205 0.128635 0.105455 0.083866 0.064706 0.048439 0.035186 0.024804 0.016970 0.011270 0.007267 0.004549 0.002765 0.001633 0.000936 0.000522 0.000282 0.000149 0.000076 0.000038 0.000018 0.000009 0.000004 0.000002 0.000001 0.000000 0.000000 0.000000 0.000000 0.000000 0.000000 0.000000 0.000000 0.000000 0.000000 0.000000 0.000000 0.000000 0.000000 0.000000 0.000000 0.000000 0.000000 0.000000 0.000000 
0.000000 0.000000 0.000000 0.000000 0.000000 0.000000 0.000000 0.000000 0.000000 0.000000 0.000000 0.000000 0.000000 0.000000 0.000000 0.000000 0.000000 0.000000 0.000000 0.000000 0.000001 0.000002 0.000003 0.000008 0.000017 0.000036 0.000074 0.000149 0.000290 0.000550 0.001013 0.001815 0.003158 0.005339 0.008767 0.013980 0.021650 0.032551 0.047512 0.067315 0.092563 0.123521 0.159946 0.200955 0.244951 0.289658 0.332270 0.369721 0.399041 0.417742 0.424170 0.417742 0.399041 0.369721 0.332270 0.289658 0.244951 0.200955 0.159946 0.123521 0.092563 0.067315 0.047512 0.032551 0.021650 0.013980 0.008767 0.005339 0.003158 0.001815 0.001013 0.000550 0.000290 0.000149 0.000074 0.000036 0.000017 0.000008 0.000003 0.000002 0.000001 0.000000 0.000000 0.000000 0.000000 0.000000 0.000000 0.000000 0.000000 0.000000 0.000000 0.000000 0.000000 0.000000 0.000000 0.000000 0.000000 0.000000 0.000000 0.000000 
0.000000 0.000000 0.000000 0.000000 0.000000 0.000000 0.000000 0.000000 0.000000 0.000000 0.000000 0.000000 0.000000 0.000000 0.000000 0.000000 0.000000 0.000000 0.000000 0.000001 0.000001 0.000003 0.000007 0.000015 0.000032 0.000069 0.000141 0.000282 0.000550 0.001040 0.001913 0.003420 0.005940 0.010024 0.016431 0.026162 0.040453 0.060737 0.088537 0.125288 0.172092 0.229420 0.296809 0.372614 0.453881 0.536410 0.615030 0.684098 0.738154 0.772625 0.784470 0.772625 0.738154 0.684098 0.615030 0.536410 0.453881 0.372614 0.296809 0.229420 0.172092 0.125288 0.088537 0.060737 0.040453 0.026162 0.016431 0.010024 0.005940 0.003420 0.001913 0.001040 0.000550 0.000282 0.000141 0.000069 0.000032 0.000015 0.000007 0.000003 0.000001 0.000001 0.000000 0.000000 0.000000 0.000000 0.000000 0.000000 0.000000 0.000000 0.000000 0.000000 0.000000 0.000000 0.000000 0.000000 0.000000 0.000000 0.000000 0.000000 
0.000000 0.000000 0.000000 0.000000 0.000000 0.000000 0.000000 0.000000 0.000000 0.000000 0.000000 0.000000 0.000000 0.000000 0.000000 0.000000 0.000000 0.000000 0.000000 0.000001 0.000002 0.000005 0.000012 0.000028 0.000060 0.000127 0.000261 0.000522 0.001013 0.001913 0.003512 0.006265 0.010862 0.018299 0.029948 0.047611 0.073512 0.110225 0.160477 0.226830 0.311240 0.414526 0.535829 0.672173 0.818239 0.966483 1.107633 1.231586 1.328566 1.390398 1.411644 1.390398 1.328566 1.231586 1.107633 0.966483 0.818239 0.672173 0.535829 0.414526 0.311240 0.226830 0.160477 0.110225 0.073512 0.047611 0.029948 0.018299 0.010862 0.006265 0.003512 0.001913 0.001013 0.000522 0.000261 0.000127 0.000060 0.000028 0.000012 0.000005 0.000002 0.000001 0.000000 0.000000 0.000000 0.000000 0.000000 0.000000 0.000000 0.000000 0.000000 0.000000 0.000000 0.000000 0.000000 0.000000 0.000000 0.000000 0.000000 0.000000 
0.000000 0.000000 0.000000 0.000000 0.000000 0.000000 0.000000 0.000000 0.000000 0.000000 0.000000 0.000000 0.000000 0.000000 0.000000 0.000000 0.000000 0.000000 0.000001 0.000002 0.000004 0.000010 0.000023 0.000050 0.000109 0.000229 0.000470 0.000936 0.001815 0.003420 0.006265 0.011157 0.019311 0.032478 0.053071 0.084247 0.129902 0.194528 0.282878 0.399403 0.547484 0.728507 0.940926 1.179499 1.434915 1.693988 1.940547 2.156981 2.326270 2.434183 2.471260 2.434183 2.326270 2.156981 1.940547 1.693988 1.434915 1.179499 0.940926 0.728507 0.547484 0.399403 0.282878 0.194528 0.129902 0.084247 0.053071 0.032478 0.019311 0.011157 0.006265 0.003420 0.001815 0.000936 0.000470 0.000229 0.000109 0.000050 0.000023 0.000010 0.000004 0.000002 0.000001 0.000000 0.000000 0.000000 0.000000 0.000000 0.000000 0.000000 0.000000 0.000000 0.000000 0.000000 0.000000 0.000000 0.000000 0.000000 0.000000 0.000000 
0.000000 0.000000 0.000000 0.000000 0.000000 0.000000 0.000000 0.000000 0.000000 0.000000 0.000000 0.000000 0.000000 0.000000 0.000000 0.000000 0.000000 0.000000 0.000001 0.000003 0.000007 0.000017 0.000040 0.000088 0.000191 0.000402 0.000821 0.001633 0.003158 0.005940 0.010862 0.019311 0.033367 0.056031 0.091425 0.144930 0.223180 0.333805 0.484861 0.683878 0.936538 1.245124 1.606935 2.012999 2.447452 2.887886 3.306855 3.674499 3.961980 4.145202 4.208147 4.145202 3.961980 3.674499 3.306855 2.887886 2.447452 2.012999 1.606935 1.245124 0.936538 0.683878 0.484861 0.333805 0.223180 0.144930 0.091425 0.056031 0.033367 0.019311 0.010862 0.005940 0.003158 0.001633 0.000821 0.000402 0.000191 0.000088 0.000040 0.000017 0.000007 0.000003 0.000001 0.000000 0.000000 0.000000 0.000000 0.000000 0.000000 0.000000 0.000000 0.000000 0.000000 0.000000 0.000000 0.000000 0.000000 0.000000 0.000000 0.000000 
0.000000 0.000000 0.000000 0.000000 0.000000 0.000000 0.000000 0.000000 0.000000 0.000000 0.000000 0.000000 0.000000 0.000000 0.000000 0.000000 0.000000 0.000001 0.000002 0.000005 0.000013 0.000030 0.000068 0.000151 0.000326 0.000683 0.001393 0.002765 0.005339 0.010024 0.018299 0.032478 0.056031 0.093950 0.153083 0.242353 0.372741 0.556857 0.807987 1.138510 1.557728 2.069301 2.668644 3.340829 4.059575 4.787836 5.480306 6.087736 6.562596 6.865187 6.969133 6.865187 6.562596 6.087736 5.480306 4.787836 4.059575 3.340829 2.668644 2.069301 1.557728 1.138510 0.807987 0.556857 0.372741 0.242353 0.153083 0.093950 0.056031 0.032478 0.018299 0.010024 0.005339 0.002765 0.001393 0.000683 0.000326 0.000151 0.000068 0.000030 0.000013 0.000005 0.000002 0.000001 0.000000 0.000000 0.000000 0.000000 0.000000 0.000000 0.000000 0.000000 0.000000 0.000000 0.000000 0.000000 0.000000 0.000000 0.000000 0.000000 
0.000000 0.000000 0.000000 0.000000 0.000000 0.000000 0.000000 0.000000 0.000000 0.000000 0.000000 0.000000 0.000000 0.000000 0.000000 0.000000 0.000001 0.000001 0.000004 0.000009 0.000021 0.000050 0.000113 0.000251 0.000539 0.001128 0.002296 0.004549 0.008767 0.016431 0.029948 0.053071 0.091425 0.153083 0.249102 0.393876 0.605078 0.902973 1.308870 1.842568 2.518882 3.343520 4.308933 5.390975 6.547306 7.718372 8.831429 9.807476 10.570315 11.056333 11.223276 11.056333 10.570315 9.807476 8.831429 7.718372 6.547306 5.390975 4.308933 3.343520 2.518882 1.842568 1.308870 0.902973 0.605078 0.393876 0.249102 0.153083 0.091425 0.053071 0.029948 0.016431 0.008767 0.004549 0.002296 0.001128 0.000539 0.000251 0.000113 0.000050 0.000021 0.000009 0.000004 0.000001 0.000001 0.000000 0.000000 0.000000 0.000000 0.000000 0.000000 0.000000 0.000000 0.000000 0.000000 0.000000 0.000000 0.000000 0.000000 0.000000 
0.000000 0.000000 0.000000 0.000000 0.000000 0.000000 0.000000 0.000000 0.000000 0.000000 0.000000 0.000000 0.000000 0.000000 0.000000 0.000000 0.000001 0.000002 0.000006 0.000015 0.000035 0.000081 0.000183 0.000403 0.000865 0.001808 0.003674 0.007267 0.013980 0.026162 0.047611 0.084247 0.144930 0.242353 0.393876 0.622060 0.954566 1.423063 2.060781 2.898529 3.959251 5.251612 6.763554 8.457111 10.265968 12.097030 13.836720 15.361795 16.553457 17.312569 17.573296 17.312569 16.553457 15.361795 13.836720 12.097030 10.265968 8.457111 6.763554 5.251612 3.959251 2.898529 2.060781 1.423063 0.954566 0.622060 0.393876 0.242353 0.144930 0.084247 0.047611 0.026162 0.013980 0.007267 0.003674 0.001808 0.000865 0.000403 0.000183 0.000081 0.000035 0.000015 0.000006 0.000002 0.000001 0.000000 0.000000 0.000000 0.000000 0.000000 0.000000 0.000000 0.000000 0.000000 0.000000 0.000000 0.000000 0.000000 0.000000 0.000000 
0.000000 0.000000 0.000000 0.000000 0.000000 0.000000 0.000000 0.000000 0.000000 0.000000 0.000000 0.000000 0.000000 0.000000 0.000000 0.000001 0.000001 0.000004 0.000009 0.000023 0.000055 0.000127 0.000286 0.000630 0.001349 0.002813 0.005708 0.011270 0.021650 0.040453 0.073512 0.129902 0.223180 0.372741 0.605078 0.954566 1.463295 2.179375 3.153202 4.431391 6.048508 8.017359 10.319243 12.896147 15.647105 18.430628 21.074295 23.391160 25.201117 26.353929 26.749850 26.353929 25.201117 23.391160 21.074295 18.430628 15.647105 12.896147 10.319243 8.017359 6.048508 4.431391 3.153202 2.179375 1.463295 0.954566 0.605078 0.372741 0.223180 0.129902 0.073512 0.040453 0.021650 0.011270 0.005708 0.002813 0.001349 0.000630 0.000286 0.000127 0.000055 0.000023 0.000009 0.000004 0.000001 0.000001 0.000000 0.000000 0.000000 0.000000 0.000000 0.000000 0.000000 0.000000 0.000000 0.000000 0.000000 0.000000 0.000000 0.000000 
0.000000 0.000000 0.000000 0.000000 0.000000 0.000000 0.000000 0.000000 0.000000 0.000000 0.000000 0.000000 0.000000 0.000000 0.000000 0.000001 0.000002 0.000006 0.000014 0.000035 0.000083 0.000193 0.000434 0.000954 0.002041 0.004249 0.008608 0.016970 0.032551 0.060737 0.110225 0.194528 0.333805 0.556857 0.902973 1.423063 2.179375 3.242963 4.688133 6.583463 8.979606 11.894978 15.301434 19.112835 23.179757 27.293165 31.198581 34.620298 37.292836 38.994818 39.579307 38.994818 37.292836 34.620298 31.198581 27.293165 23.179757 19.112835 15.301434 11.894978 8.979606 6.583463 4.688133 3.242963 2.179375 1.423063 0.902973 0.556857 0.333805 0.194528 0.110225 0.060737 0.032551 0.016970 0.008608 0.004249 0.002041 0.000954 0.000434 0.000193 0.000083 0.000035 0.000014 0.000006 0.000002 0.000001 0.000000 0.000000 0.000000 0.000000 0.000000 0.000000 0.000000 0.000000 0.000000 0.000000 0.000000 0.000000 0.000000 0.000000 
0.000000 0.000000 0.000000 0.000000 0.000000 0.000000 0.000000 0.000000 0.000000 0.000000 0.000000 0.000000 0.000000 0.000000 0.000000 0.000001 0.000003 0.000008 0.000021 0.000052 0.000123 0.000284 0.000640 0.001403 0.002996 0.006228 0.012599 0.024804 0.047512 0.088537 0.160477 0.282878 0.484861 0.807987 1.308870 2.060781 3.153202 4.688133 6.772077 9.503132 12.953477 17.148888 22.048260 27.527320 33.371153 39.279569 44.887478 49.799599 53.635500 56.078053 56.916814 56.078053 53.635500 49.799599 44.887478 39.279569 33.371153 27.527320 22.048260 17.148888 12.953477 9.503132 6.772077 4.688133 3.153202 2.060781 1.308870 0.807987 0.484861 0.282878 0.160477 0.088537 0.047512 0.024804 0.012599 0.006228 0.002996 0.001403 0.000640 0.000284 0.000123 0.000052 0.000021 0.000008 0.000003 0.000001 0.000000 0.000000 0.000000 0.000000 0.000000 0.000000 0.000000 0.000000 0.000000 0.000000 0.000000 0.000000 0.000000 0.000000 
0.000000 0.000000 0.000000 0.000000 0.000000 0.000000 0.000000 0.000000 0.000000 0.000000 0.000000 0.000000 0.000000 0.000000 0.000001 0.000002 0.000005 0.000012 0.000031 0.000074 0.000176 0.000406 0.000914 0.002002 0.004268 0.008858 0.017896 0.035186 0.067315 0.125288 0.226830 0.399403 0.683878 1.138510 1.842568 2.898529 4.431391 6.583463 9.503132 13.326808 18.154513 24.021355 30.869081 38.523510 46.684257 54.932343 62.758670 69.612386 74.963560 78.370588 79.540477 78.370588 74.963560 69.612386 62.758670 54.932343 46.684257 38.523510 30.869081 24.021355 18.154513 13.326808 9.503132 6.583463 4.431391 2.898529 1.842568 1.138510 0.683878 0.399403 0.226830 0.125288 0.067315 0.035186 0.017896 0.008858 0.004268 0.002002 0.000914 0.000406 0.000176 0.000074 0.000031 0.000012 0.000005 0.000002 0.000001 0.000000 0.000000 0.000000 0.000000 0.000000 0.000000 0.000000 0.000000 0.000000 0.000000 0.000000 0.000000 0.000000 
0.000000 0.000000 0.000000 0.000000 0.000000 0.000000 0.000000 0.000000 0.000000 0.000000 0.000000 0.000000 0.000000 0.000000 0.000001 0.000003 0.000007 0.000017 0.000043 0.000103 0.000245 0.000564 0.001266 0.002769 0.005897 0.012224 0.024666 0.048439 0.092563 0.172092 0.311240 0.547484 0.936538 1.557728 2.518882 3.959251 6.048508 8.979606 12.953477 18.154513 24.717478 32.688916 41.988723 52.379738 63.454015 74.643280 85.257594 94.550861 101.805616 106.424143 108.009946 106.424143 101.805616 94.550861 85.257594 74.643280 63.454015 52.379738 41.988723 32.688916 24.717478 18.154513 12.953477 8.979606 6.048508 3.959251 2.518882 1.557728 0.936538 0.547484 0.311240 0.172092 0.092563 0.048439 0.024666 0.012224 0.005897 0.002769 0.001266 0.000564 0.000245 0.000103 0.000043 0.000017 0.000007 0.000003 0.000001 0.000000 0.000000 0.000000 0.000000 0.000000 0.000000 0.000000 0.000000 0.000000 0.000000 0.000000 0.000000 0.000000 
0.000000 0.000000 0.000000 0.000000 0.000000 0.000000 0.000000 0.000000 0.000000 0.000000 0.000000 0.000000 0.000000 0.000000 0.000001 0.000003 0.000009 0.000023 0.000058 0.000139 0.000330 0.000759 0.001702 0.003717 0.007904 0.016365 0.032985 0.064706 0.123521 0.229420 0.414526 0.728507 1.245124 2.069301 3.343520 5.251612 8.017359 11.894978 17.148888 24.021355 32.688916 43.211626 55.482609 69.188212 83.790159 98.539502 112.527624 124.772456 134.329968 140.413897 142.502756 140.413897 134.329968 124.772456 112.527624 98.539502 83.790159 69.188212 55.482609 43.211626 32.688916 24.021355 17.148888 11.894978 8.017359 5.251612 3.343520 2.069301 1.245124 0.728507 0.414526 0.229420 0.123521 0.064706 0.032985 0.016365 0.007904 0.003717 0.001702 0.000759 0.000330 0.000139 0.000058 0.000023 0.000009 0.000003 0.000001 0.000000 0.000000 0.000000 0.000000 0.000000 0.000000 0.000000 0.000000 0.000000 0.000000 0.000000 0.000000 0.000000 
0.000000 0.000000 0.000000 0.000000 0.000000 0.000000 0.000000 0.000000 0.000000 0.000000 0.000000 0.000000 0.000000 0.000001 0.000002 0.000005 0.000012 0.000030 0.000075 0.000182 0.000430 0.000990 0.002217 0.004837 0.010275 0.021253 0.042794 0.083866 0.159946 0.296809 0.535829 0.940926 1.606935 2.668644 4.308933 6.763554 10.319243 15.301434 22.048260 30.869081 41.988723 55.482609 71.212382 88.775159 107.480949 126.370716 144.281742 159.957895 172.192098 179.979232 182.652756 179.979232 172.192098 159.957895 144.281742 126.370716 107.480949 88.775159 71.212382 55.482609 41.988723 30.869081 22.048260 15.301434 10.319243 6.763554 4.308933 2.668644 1.606935 0.940926 0.535829 0.296809 0.159946 0.083866 0.042794 0.021253 0.010275 0.004837 0.002217 0.000990 0.000430 0.000182 0.000075 0.000030 0.000012 0.000005 0.000002 0.000001 0.000000 0.000000 0.000000 0.000000 0.000000 0.000000 0.000000 0.000000 0.000000 0.000000 0.000000 0.000000 
0.000000 0.000000 0.000000 0.000000 0.000000 0.000000 0.000000 0.000000 0.000000 0.000000 0.000000 0.000000 0.000000 0.000001 0.000002 0.000006 0.000015 0.000038 0.000096 0.000231 0.000545 0.001252 0.002801 0.006104 0.012955 0.026771 0.053856 0.105455 0.200955 0.372614 0.672173 1.179499 2.012999 3.340829 5.390975 8.457111 12.896147 19.112835 27.527320 38.523510 52.379738 69.188212 88.775159 110.638003 133.917568 157.420770 179.701980 199.200072 214.415317 224.099167 227.423757 224.099167 214.415317 199.200072 179.701980 157.420770 133.917568 110.638003 88.775159 69.188212 52.379738 38.523510 27.527320 19.112835 12.896147 8.457111 5.390975 3.340829 2.012999 1.179499 0.672173 0.372614 0.200955 0.105455 0.053856 0.026771 0.012955 0.006104 0.002801 0.001252 0.000545 0.000231 0.000096 0.000038 0.000015 0.000006 0.000002 0.000001 0.000000 0.000000 0.000000 0.000000 0.000000 0.000000 0.000000 0.000000 0.000000 0.000000 0.000000 0.000000 
