0.000000 0.000000 0.000000 0.000000 0.000000 0.000000 0.000000 0.000000 0.000000 0.000000 0.000000 0.000001 0.000001 0.000001 0.000002 0.000003 0.000004 0.000006 0.000008 0.000011 0.000016 0.000021 0.000028 0.000037 0.000049 0.000064 0.000082 0.000105 0.000132 0.000165 0.000203 0.000248 0.000300 0.000360 0.000426 0.000500 0.000581 0.000668 0.000759 0.000855 0.000953 0.001051 0.001147 0.001239 0.001325 0.001403 0.001469 0.001523 0.001563 0.001587 0.001596 0.001587 0.001563 0.001523 0.001469 0.001403 0.001325 0.001239 0.001147 0.001051 0.000953 0.000855 0.000759 0.000668 0.000581 0.000500 0.000426 0.000360 0.000300 0.000248 0.000203 0.000165 0.000132 0.000105 0.000082 0.000064 0.000049 0.000037 0.000028 0.000021 0.000016 0.000011 0.000008 0.000006 0.000004 0.000003 0.000002 0.000001 0.000001 0.000001 0.000000 0.000000 0.000000 0.000000 0.000000 0.000000 0.000000 0.000000 0.000000 0.000000 
0.000000 0.000000 0.000000 0.000000 0.000000 0.000000 0.000000 0.000000 0.000000 0.000000 0.000000 0.000001 0.000001 0.000001 0.000002 0.000003 0.000004 0.000006 0.000008 0.000011 0.000016 0.000021 0.000028 0.000037 0.000049 0.000064 0.000082 0.000105 0.000132 0.000165 0.000203 0.000248 0.000300 0.000360 0.000426 0.000500 0.000581 0.000668 0.000759 0.000855 0.000953 0.001051 0.001147 0.001239 0.001325 0.001403 0.001469 0.001523 0.001563 0.001587 0.001596 0.001587 0.001563 0.001523 0.001469 0.001403 0.001325 0.001239 0.001147 0.001051 0.000953 0.000855 0.000759 0.000668 0.000581 0.000500 0.000426 0.000360 0.000300 0.000248 0.000203 0.000165 0.000132 0.000105 0.000082 0.000064 0.000049 0.000037 0.000028 0.000021 0.000016 0.000011 0.000008 0.000006 0.000004 0.000003 0.000002 0.000001 0.000001 0.000001 0.000000 0.000000 0.000000 0.000000 0.000000 0.000000 0.000000 0.000000 0.000000 0.000000 
0.000000 0.000000 0.000000 0.000000 0.000000 0.000000 0.000000 0.000000 0.000000 0.000000 0.000001 0.000001 0.000001 0.000002 0.000003 0.000004 0.000005 0.000007 0.000010 0.000014 0.000019 0.000026 0.000035 0.000046 0.000061 0.000079 0.000102 0.000129 0.000163 0.000203 0.000251 0.000307 0.000371 0.000444 0.000527 0.000618 0.000717 0.000824 0.000937 0.001055 0.001176 0.001297 0.001415 0.001529 0.001635 0.001730 0.001813 0.001879 0.001928 0.001958 0.001968 0.001958 0.001928 0.001879 0.001813 0.001730 0.001635 0.001529 0.001415 0.001297 0.001176 0.001055 0.000937 0.000824 0.000717 0.000618 0.000527 0.000444 0.000371 0.000307 0.000251 0.000203 0.000163 0.000129 0.000102 0.000079 0.000061 0.000046 0.000035 0.000026 0.000019 0.000014 0.000010 0.000007 0.000005 0.000004 0.000003 0.000002 0.000001 0.000001 0.000001 0.000000 0.000000 0.000000 0.000000 0.000000 0.000000 0.000000 0.000000 0.000000 
0.000000 0.000000 0.000000 0.000000 0.000000 0.000000 0.000000 0.000000 0.000000 0.000001 0.000001 0.000001 0.000002 0.000002 0.000004 0.000005 0.000007 0.000010 0.000015 0.000020 0.000027 0.000037 0.000050 0.000066 0.000086 0.000112 0.000144 0.000184 0.000231 0.000289 0.000356 0.000435 0.000526 0.000630 0.000746 0.000875 0.001016 0.001168 0.001328 0.001495 0.001665 0.001836 0.002004 0.002165 0.002315 0.002449 0.002566 0.002660 0.002729 0.002772 0.002786 0.002772 0.002729 0.002660 0.002566 0.002449 0.002315 0.002165 0.002004 0.001836 0.001665 0.001495 0.001328 0.001168 0.001016 0.000875 0.000746 0.000630 0.000526 0.000435 0.000356 0.000289 0.000231 0.000184 0.000144 0.000112 0.000086 0.000066 0.000050 0.000037 0.000027 0.000020 0.000015 0.000010 0.000007 0.000005 0.000004 0.000002 0.000002 0.000001 0.000001 0.000001 0.000000 0.000000 0.000000 0.000000 0.000000 0.000000 0.000000 0.000000 
0.000000 0.000000 0.000000 0.000000 0.000000 0.000000 0.000000 0.000000 0.000001 0.000001 0.000001 0.000002 0.000003 0.000004 0.000006 0.000008 0.000011 0.000016 0.000022 0.000030 0.000042 0.000056 0.000075 0.000100 0.000131 0.000170 0.000218 0.000278 0.000350 0.000436 0.000538 0.000658 0.000795 0.000952 0.001127 0.001322 0.001534 0.001763 0.002004 0.002256 0.002513 0.002771 0.003024 0.003266 0.003492 0.003695 0.003870 0.004012 0.004116 0.004180 0.004202 0.004180 0.004116 0.004012 0.003870 0.003695 0.003492 0.003266 0.003024 0.002771 0.002513 0.002256 0.002004 0.001763 0.001534 0.001322 0.001127 0.000952 0.000795 0.000658 0.000538 0.000436 0.000350 0.000278 0.000218 0.000170 0.000131 0.000100 0.000075 0.000056 0.000042 0.000030 0.000022 0.000016 0.000011 0.000008 0.000006 0.000004 0.000003 0.000002 0.000001 0.000001 0.000001 0.000000 0.000000 0.000000 0.000000 0.000000 0.000000 0.000000 
0.000000 0.000000 0.000000 0.000000 0.000000 0.000000 0.000000 0.000001 0.000001 0.000001 0.000002 0.000003 0.000004 0.000006 0.000009 0.000012 0.000017 0.000025 0.000034 0.000047 0.000064 0.000087 0.000116 0.000154 0.000202 0.000263 0.000338 0.000429 0.000541 0.000674 0.000831 0.001015 0.001227 0.001469 0.001740 0.002039 0.002367 0.002718 0.003090 0.003478 0.003874 0.004271 0.004660 0.005034 0.005381 0.005694 0.005964 0.006182 0.006343 0.006442 0.006475 0.006442 0.006343 0.006182 0.005964 0.005694 0.005381 0.005034 0.004660 0.004271 0.003874 0.003478 0.003090 0.002718 0.002367 0.002039 0.001740 0.001469 0.001227 0.001015 0.000831 0.000674 0.000541 0.000429 0.000338 0.000263 0.000202 0.000154 0.000116 0.000087 0.000064 0.000047 0.000034 0.000025 0.000017 0.000012 0.000009 0.000006 0.000004 0.000003 0.000002 0.000001 0.000001 0.000001 0.000000 0.000000 0.000000 0.000000 0.000000 0.000000 
0.000000 0.000000 0.000000 0.000000 0.000000 0.000000 0.000001 0.000001 0.000001 0.000002 0.000003 0.000004 0.000006 0.000009 0.000013 0.000019 0.000027 0.000038 0.000053 0.000073 0.000100 0.000135 0.000181 0.000239 0.000314 0.000407 0.000523 0.000665 0.000837 0.001043 0.001287 0.001571 0.001899 0.002272 0.002690 0.003154 0.003659 0.004203 0.004777 0.005376 0.005987 0.006600 0.007202 0.007778 0.008315 0.008798 0.009213 0.009551 0.009799 0.009951 0.010002 0.009951 0.009799 0.009551 0.009213 0.008798 0.008315 0.007778 0.007202 0.006600 0.005987 0.005376 0.004777 0.004203 0.003659 0.003154 0.002690 0.002272 0.001899 0.001571 0.001287 0.001043 0.000837 0.000665 0.000523 0.000407 0.000314 0.000239 0.000181 0.000135 0.000100 0.000073 0.000053 0.000038 0.000027 0.000019 0.000013 0.000009 0.000006 0.000004 0.000003 0.000002 0.000001 0.000001 0.000001 0.000000 0.000000 0.000000 0.000000 0.000000 
0.000000 0.000000 0.000000 0.000000 0.000000 0.000001 0.000001 0.000001 0.000002 0.000003 0.000004 0.000007 0.000010 0.000014 0.000021 0.000029 0.000042 0.000059 0.000082 0.000113 0.000154 0.000208 0.000279 0.000369 0.000484 0.000627 0.000806 0.001024 0.001289 0.001607 0.001981 0.002419 0.002923 0.003497 0.004140 0.004852 0.005629 0.006464 0.007348 0.008267 0.009206 0.010148 0.011072 0.011958 0.012782 0.013524 0.014162 0.014680 0.015062 0.015295 0.015374 0.015295 0.015062 0.014680 0.014162 0.013524 0.012782 0.011958 0.011072 0.010148 0.009206 0.008267 0.007348 0.006464 0.005629 0.004852 0.004140 0.003497 0.002923 0.002419 0.001981 0.001607 0.001289 0.001024 0.000806 0.000627 0.000484 0.000369 0.000279 0.000208 0.000154 0.000113 0.000082 0.000059 0.000042 0.000029 0.000021 0.000014 0.000010 0.000007 0.000004 0.000003 0.000002 0.000001 0.000001 0.000001 0.000000 0.000000 0.000000 0.000000 
0.000000 0.000000 0.000000 0.000000 0.000001 0.000001 0.000001 0.000002 0.000003 0.000004 0.000007 0.000010 0.000015 0.000022 0.000031 0.000045 0.000064 0.000090 0.000126 0.000173 0.000236 0.000319 0.000426 0.000564 0.000739 0.000959 0.001232 0.001566 0.001970 0.002454 0.003026 0.003694 0.004463 0.005338 0.006320 0.007406 0.008591 0.009865 0.011211 0.012613 0.014045 0.015480 0.016889 0.018237 0.019494 0.020624 0.021597 0.022386 0.022967 0.023323 0.023443 0.023323 0.022967 0.022386 0.021597 0.020624 0.019494 0.018237 0.016889 0.015480 0.014045 0.012613 0.011211 0.009865 0.008591 0.007406 0.006320 0.005338 0.004463 0.003694 0.003026 0.002454 0.001970 0.001566 0.001232 0.000959 0.000739 0.000564 0.000426 0.000319 0.000236 0.000173 0.000126 0.000090 0.000064 0.000045 0.000031 0.000022 0.000015 0.000010 0.000007 0.000004 0.000003 0.000002 0.000001 0.000001 0.000001 0.000000 0.000000 0.000000 
0.000000 0.000000 0.000000 0.000001 0.000001 0.000001 0.000002 0.000003 0.000004 0.000007 0.000010 0.000015 0.000023 0.000033 0.000048 0.000069 0.000097 0.000137 0.000191 0.000262 0.000358 0.000483 0.000646 0.000855 0.001121 0.001453 0.001866 0.002371 0.002983 0.003716 0.004581 0.005591 0.006754 0.008077 0.009560 0.011202 0.012993 0.014917 0.016952 0.019068 0.021232 0.023400 0.025527 0.027564 0.029461 0.031167 0.032637 0.033828 0.034706 0.035243 0.035424 0.035243 0.034706 0.033828 0.032637 0.031167 0.029461 0.027564 0.025527 0.023400 0.021232 0.019068 0.016952 0.014917 0.012993 0.011202 0.009560 0.008077 0.006754 0.005591 0.004581 0.003716 0.002983 0.002371 0.001866 0.001453 0.001121 0.000855 0.000646 0.000483 0.000358 0.000262 0.000191 0.000137 0.000097 0.000069 0.000048 0.000033 0.000023 0.000015 0.000010 0.000007 0.000004 0.000003 0.000002 0.000001 0.000001 0.000001 0.000000 0.000000 
0.000000 0.000000 0.000001 0.000001 0.000001 0.000002 0.000003 0.000004 0.000007 0.000010 0.000015 0.000023 0.000034 0.000050 0.000072 0.000103 0.000146 0.000206 0.000286 0.000394 0.000538 0.000726 0.000970 0.001284 0.001682 0.002181 0.002799 0.003557 0.004474 0.005572 0.006868 0.008380 0.010123 0.012103 0.014325 0.016783 0.019463 0.022343 0.025388 0.028556 0.031792 0.035036 0.038218 0.041266 0.044103 0.046656 0.048855 0.050636 0.051948 0.052752 0.053022 0.052752 0.051948 0.050636 0.048855 0.046656 0.044103 0.041266 0.038218 0.035036 0.031792 0.028556 0.025388 0.022343 0.019463 0.016783 0.014325 0.012103 0.010123 0.008380 0.006868 0.005572 0.004474 0.003557 0.002799 0.002181 0.001682 0.001284 0.000970 0.000726 0.000538 0.000394 0.000286 0.000206 0.000146 0.000103 0.000072 0.000050 0.000034 0.000023 0.000015 0.000010 0.000007 0.000004 0.000003 0.000002 0.000001 0.000001 0.000001 0.000001 
0.000001 0.000001 0.000001 0.000001 0.000002 0.000003 0.000004 0.000007 0.000010 0.000015 0.000023 0.000034 0.000051 0.000074 0.000107 0.000154 0.000218 0.000306 0.000426 0.000587 0.000800 0.001080 0.001443 0.001909 0.002500 0.003241 0.004159 0.005284 0.006646 0.008274 0.010197 0.012441 0.015025 0.017962 0.021257 0.024901 0.028875 0.033143 0.037657 0.042351 0.047147 0.051954 0.056669 0.061184 0.065388 0.069169 0.072426 0.075065 0.077008 0.078199 0.078599 0.078199 0.077008 0.075065 0.072426 0.069169 0.065388 0.061184 0.056669 0.051954 0.047147 0.042351 0.037657 0.033143 0.028875 0.024901 0.021257 0.017962 0.015025 0.012441 0.010197 0.008274 0.006646 0.005284 0.004159 0.003241 0.002500 0.001909 0.001443 0.001080 0.000800 0.000587 0.000426 0.000306 0.000218 0.000154 0.000107 0.000074 0.000051 0.000034 0.000023 0.000015 0.000010 0.000007 0.000004 0.000003 0.000002 0.000001 0.000001 0.000001 
0.000001 0.000001 0.000001 0.000002 0.000003 0.000004 0.000006 0.000010 0.000015 0.000023 0.000034 0.000051 0.000075 0.000109 0.000158 0.000227 0.000322 0.000452 0.000628 0.000865 0.001179 0.001591 0.002125 0.002810 0.003679 0.004769 0.006119 0.007773 0.009774 0.012167 0.014993 0.018289 0.022085 0.026399 0.031237 0.036587 0.042421 0.048687 0.055312 0.062201 0.069240 0.076293 0.083212 0.089837 0.096004 0.101552 0.106329 0.110200 0.113052 0.114797 0.115385 0.114797 0.113052 0.110200 0.106329 0.101552 0.096004 0.089837 0.083212 0.076293 0.069240 0.062201 0.055312 0.048687 0.042421 0.036587 0.031237 0.026399 0.022085 0.018289 0.014993 0.012167 0.009774 0.007773 0.006119 0.004769 0.003679 0.002810 0.002125 0.001591 0.001179 0.000865 0.000628 0.000452 0.000322 0.000227 0.000158 0.000109 0.000075 0.000051 0.000034 0.000023 0.000015 0.000010 0.000006 0.000004 0.000003 0.000002 0.000002 0.000002 
0.000001 0.000001 0.000002 0.000002 0.000004 0.000006 0.000009 0.000014 0.000022 0.000033 0.000050 0.000074 0.000109 0.000160 0.000231 0.000331 0.000470 0.000659 0.000917 0.001262 0.001719 0.002320 0.003098 0.004097 0.005363 0.006949 0.008915 0.011322 0.014235 0.017717 0.021829 0.026624 0.032145 0.038419 0.045454 0.053233 0.061714 0.070823 0.080452 0.090466 0.100695 0.110944 0.120997 0.130623 0.139583 0.147644 0.154584 0.160208 0.164349 0.166886 0.167740 0.166886 0.164349 0.160208 0.154584 0.147644 0.139583 0.130623 0.120997 0.110944 0.100695 0.090466 0.080452 0.070823 0.061714 0.053233 0.045454 0.038419 0.032145 0.026624 0.021829 0.017717 0.014235 0.011322 0.008915 0.006949 0.005363 0.004097 0.003098 0.002320 0.001719 0.001262 0.000917 0.000659 0.000470 0.000331 0.000231 0.000160 0.000109 0.000074 0.000050 0.000033 0.000022 0.000014 0.000009 0.000006 0.000004 0.000003 0.000002 0.000002 
0.000002 0.000002 0.000003 0.000004 0.000006 0.000009 0.000013 0.000021 0.000031 0.000048 0.000072 0.000107 0.000158 0.000231 0.000334 0.000479 0.000679 0.000953 0.001325 0.001823 0.002483 0.003350 0.004473 0.005913 0.007739 0.010027 0.012861 0.016331 0.020529 0.025546 0.031470 0.038378 0.046330 0.055365 0.065495 0.076696 0.088906 0.102017 0.115877 0.130289 0.145009 0.159758 0.174224 0.188073 0.200964 0.212561 0.222546 0.230636 0.236594 0.240242 0.241471 0.240242 0.236594 0.230636 0.222546 0.212561 0.200964 0.188073 0.174224 0.159758 0.145009 0.130289 0.115877 0.102017 0.088906 0.076696 0.065495 0.055365 0.046330 0.038378 0.031470 0.025546 0.020529 0.016331 0.012861 0.010027 0.007739 0.005913 0.004473 0.003350 0.002483 0.001823 0.001325 0.000953 0.000679 0.000479 0.000334 0.000231 0.000158 0.000107 0.000072 0.000048 0.000032 0.000021 0.000013 0.000009 0.000006 0.000004 0.000003 0.000003 
0.000003 0.000003 0.000004 0.000005 0.000008 0.000012 0.000019 0.000029 0.000045 0.000069 0.000103 0.000154 0.000227 0.000331 0.000479 0.000686 0.000972 0.001364 0.001895 0.002607 0.003552 0.004789 0.006394 0.008451 0.011058 0.014325 0.018371 0.023324 0.029315 0.036474 0.044925 0.054778 0.066119 0.079005 0.093449 0.109419 0.126824 0.145513 0.165268 0.185807 0.206784 0.227801 0.248412 0.268144 0.286511 0.303032 0.317257 0.328781 0.337268 0.342466 0.344216 0.342466 0.337268 0.328781 0.317257 0.303032 0.286511 0.268144 0.248412 0.227801 0.206784 0.185807 0.165268 0.145513 0.126824 0.109419 0.093449 0.079005 0.066119 0.054778 0.044925 0.036474 0.029315 0.023324 0.018371 0.014325 0.011058 0.008451 0.006394 0.004789 0.003552 0.002607 0.001895 0.001364 0.000972 0.000686 0.000479 0.000331 0.000227 0.000154 0.000103 0.000069 0.000045 0.000030 0.000019 0.000013 0.000008 0.000006 0.000005 0.000005 
0.000004 0.000004 0.000005 0.000007 0.000011 0.000017 0.000027 0.000042 0.000064 0.000097 0.000146 0.000218 0.000322 0.000470 0.000679 0.000972 0.001377 0.001933 0.002685 0.003693 0.005029 0.006780 0.009050 0.011960 0.015646 0.020265 0.025984 0.032984 0.041449 0.051564 0.063503 0.077419 0.093436 0.111631 0.132026 0.154571 0.179141 0.205520 0.233401 0.262387 0.291989 0.321644 0.350725 0.378564 0.404475 0.427783 0.447849 0.464106 0.476078 0.483410 0.485879 0.483410 0.476078 0.464106 0.447849 0.427783 0.404475 0.378564 0.350725 0.321644 0.291989 0.262387 0.233401 0.205520 0.179141 0.154571 0.132026 0.111631 0.093436 0.077419 0.063503 0.051564 0.041449 0.032984 0.025984 0.020265 0.015646 0.011960 0.009050 0.006780 0.005029 0.003693 0.002685 0.001933 0.001377 0.000972 0.000679 0.000470 0.000322 0.000218 0.000146 0.000097 0.000064 0.000042 0.000027 0.000018 0.000012 0.000008 0.000007 0.000007 
0.000006 0.000006 0.000007 0.000010 0.000016 0.000025 0.000038 0.000059 0.000090 0.000137 0.000206 0.000306 0.000452 0.000659 0.000953 0.001364 0.001933 0.002711 0.003766 0.005178 0.007051 0.009504 0.012683 0.016757 0.021919 0.028385 0.036390 0.046185 0.058029 0.072180 0.088880 0.108344 0.130742 0.156183 0.184696 0.216213 0.250556 0.287425 0.326391 0.366895 0.408259 0.449693 0.490324 0.529217 0.565415 0.597973 0.626004 0.648712 0.665436 0.675676 0.679125 0.675676 0.665436 0.648712 0.626004 0.597973 0.565415 0.529217 0.490324 0.449693 0.408259 0.366895 0.326391 0.287425 0.250556 0.216213 0.184696 0.156183 0.130742 0.108344 0.088880 0.072180 0.058029 0.046185 0.036390 0.028385 0.021919 0.016757 0.012683 0.009504 0.007051 0.005178 0.003766 0.002711 0.001933 0.001364 0.000953 0.000659 0.000452 0.000306 0.000206 0.000137 0.000090 0.000059 0.000038 0.000025 0.000017 0.000012 0.000010 0.000010 
0.000008 0.000008 0.000010 0.000015 0.000022 0.000034 0.000053 0.000082 0.000126 0.000191 0.000286 0.000426 0.000628 0.000917 0.001325 0.001895 0.002685 0.003766 0.005229 0.007190 0.009787 0.013190 0.017599 0.023248 0.030404 0.039366 0.050459 0.064032 0.080441 0.100043 0.123173 0.150127 0.181142 0.216365 0.255837 0.299464 0.346998 0.398022 0.451944 0.507991 0.565223 0.622549 0.678759 0.732563 0.782636 0.827673 0.866446 0.897855 0.920986 0.935151 0.939920 0.935151 0.920986 0.897855 0.866446 0.827673 0.782636 0.732563 0.678759 0.622549 0.565223 0.507991 0.451944 0.398022 0.346998 0.299464 0.255837 0.216365 0.181142 0.150127 0.123173 0.100043 0.080441 0.064032 0.050459 0.039366 0.030404 0.023248 0.017599 0.013190 0.009787 0.007190 0.005229 0.003766 0.002685 0.001895 0.001325 0.000917 0.000628 0.000426 0.000286 0.000191 0.000126 0.000082 0.000054 0.000035 0.000023 0.000017 0.000013 0.000013 
0.000011 0.000011 0.000014 0.000020 0.000030 0.000047 0.000073 0.000113 0.000173 0.000262 0.000394 0.000587 0.000865 0.001262 0.001823 0.002607 0.003693 0.005178 0.007190 0.009883 0.013451 0.018124 0.024178 0.031934 0.041756 0.054055 0.069278 0.087899 0.110409 0.137294 0.169015 0.205976 0.248498 0.296786 0.350893 0.410688 0.475832 0.545755 0.619641 0.696434 0.774844 0.853378 0.930380 1.004081 1.072668 1.134356 1.187460 1.230480 1.262160 1.281559 1.288091 1.281559 1.262160 1.230480 1.187460 1.134356 1.072668 1.004081 0.930380 0.853378 0.774844 0.696434 0.619641 0.545755 0.475832 0.410688 0.350893 0.296786 0.248498 0.205976 0.169015 0.137294 0.110409 0.087899 0.069278 0.054055 0.041756 0.031934 0.024178 0.018124 0.013451 0.009883 0.007190 0.005178 0.003693 0.002607 0.001823 0.001262 0.000865 0.000587 0.000395 0.000263 0.000173 0.000113 0.000074 0.000048 0.000032 0.000023 0.000019 0.000019 
0.000016 0.000016 0.000019 0.000027 0.000042 0.000064 0.000100 0.000154 0.000236 0.000358 0.000538 0.000800 0.001179 0.001719 0.002483 0.003552 0.005029 0.007051 0.009787 0.013451 0.018303 0.024657 0.032888 0.043430 0.056780 0.073492 0.094174 0.119470 0.150044 0.186556 0.229629 0.279811 0.337538 0.403085 0.476522 0.557672 0.646074 0.740950 0.841198 0.945381 1.051752 1.158284 1.262732 1.362697 1.455722 1.539386 1.611408 1.669749 1.712712 1.739020 1.747879 1.739020 1.712712 1.669749 1.611408 1.539386 1.455722 1.362697 1.262732 1.158284 1.051752 0.945381 0.841198 0.740950 0.646074 0.557672 0.476522 0.403085 0.337538 0.279811 0.229629 0.186556 0.150044 0.119470 0.094174 0.073492 0.056780 0.043430 0.032888 0.024657 0.018303 0.013451 0.009787 0.007051 0.005029 0.003552 0.002483 0.001719 0.001179 0.000800 0.000538 0.000358 0.000236 0.000155 0.000101 0.000066 0.000044 0.000031 0.000025 0.000025 
0.000021 0.000021 0.000026 0.000037 0.000056 0.000087 0.000135 0.000208 0.000319 0.000483 0.000726 0.001080 0.001591 0.002320 0.003350 0.004789 0.006780 0.009504 0.013190 0.018124 0.024657 0.033213 0.044292 0.058480 0.076443 0.098928 0.126750 0.160773 0.201890 0.250987 0.308897 0.376359 0.453955 0.542052 0.640744 0.749791 0.868571 0.996042 1.130718 1.270671 1.413553 1.556644 1.696927 1.831183 1.956114 2.068468 2.165185 2.243529 2.301222 2.336548 2.348443 2.336548 2.301222 2.243529 2.165185 2.068468 1.956114 1.831183 1.696927 1.556644 1.413553 1.270671 1.130718 0.996042 0.868571 0.749791 0.640744 0.542052 0.453955 0.376359 0.308897 0.250987 0.201890 0.160773 0.126750 0.098928 0.076443 0.058480 0.044292 0.033213 0.024657 0.018124 0.013190 0.009504 0.006780 0.004789 0.003350 0.002320 0.001591 0.001080 0.000726 0.000484 0.000319 0.000209 0.000136 0.000089 0.000059 0.000042 0.000034 0.000034 
0.000028 0.000028 0.000035 0.000050 0.000075 0.000116 0.000181 0.000279 0.000426 0.000646 0.000970 0.001443 0.002125 0.003098 0.004473 0.006394 0.009050 0.012683 0.017599 0.024178 0.032888 0.044292 0.059058 0.077963 0.101895 0.131848 0.168903 0.214212 0.268962 0.334327 0.411419 0.501215 0.604488 0.721725 0.853049 0.998139 1.156165 1.325739 1.504885 1.691037 1.881074 2.071377 2.257935 2.436472 2.602600 2.751999 2.880601 2.984771 3.061480 3.108450 3.124267 3.108450 3.061480 2.984771 2.880601 2.751999 2.602600 2.436472 2.257935 2.071377 1.881074 1.691037 1.504885 1.325739 1.156165 0.998139 0.853049 0.721725 0.604488 0.501215 0.411419 0.334327 0.268962 0.214212 0.168903 0.131848 0.101895 0.077963 0.059058 0.044292 0.032888 0.024178 0.017599 0.012683 0.009050 0.006394 0.004473 0.003098 0.002125 0.001443 0.000971 0.000647 0.000427 0.000280 0.000182 0.000119 0.000079 0.000057 0.000046 0.000046 
0.000037 0.000037 0.000046 0.000066 0.000100 0.000154 0.000239 0.000369 0.000564 0.000855 0.001284 0.001909 0.002810 0.004097 0.005913 0.008451 0.011960 0.016757 0.023248 0.031934 0.043430 0.058480 0.077963 0.102904 0.134473 0.173977 0.222842 0.282584 0.354764 0.440929 0.542539 0.660882 0.796971 0.951447 1.124467 1.315607 1.523772 1.747131 1.983081 2.228243 2.478504 2.729103 2.974758 3.209839 3.428574 3.625276 3.794591 3.931737 4.032727 4.094563 4.115386 4.094563 4.032727 3.931737 3.794591 3.625276 3.428574 3.209839 2.974758 2.729103 2.478504 2.228243 1.983081 1.747131 1.523772 1.315607 1.124467 0.951447 0.796971 0.660882 0.542539 0.440929 0.354764 0.282584 0.222842 0.173977 0.134473 0.102904 0.077963 0.058480 0.043430 0.031934 0.023248 0.016757 0.011960 0.008451 0.005913 0.004097 0.002810 0.001909 0.001284 0.000856 0.000565 0.000370 0.000241 0.000158 0.000105 0.000075 0.000061 0.000061 
0.000049 0.000049 0.000061 0.000086 0.000131 0.000202 0.000314 0.000484 0.000739 0.001121 0.001682 0.002500 0.003679 0.005363 0.007739 0.011058 0.015646 0.021919 0.030404 0.041756 0.056780 0.076443 0.101895 0.134473 0.175702 0.227286 0.291086 0.369078 0.463294 0.575753 0.708355 0.862776 1.040336 1.241866 1.467569 1.716887 1.988390 2.279688 2.587386 2.907076 3.233396 3.560140 3.880421 4.186904 4.472063 4.728492 4.949211 5.127991 5.259637 5.340243 5.367386 5.340243 5.259637 5.127991 4.949211 4.728492 4.472063 4.186904 3.880421 3.560140 3.233396 2.907076 2.587386 2.279688 1.988390 1.716887 1.467569 1.241866 1.040336 0.862776 0.708355 0.575753 0.463294 0.369078 0.291086 0.227286 0.175702 0.134473 0.101895 0.076443 0.056780 0.041756 0.030404 0.021919 0.015646 0.011058 0.007739 0.005363 0.003679 0.002500 0.001682 0.001121 0.000740 0.000485 0.000316 0.000207 0.000138 0.000098 0.000080 0.000080 
0.000064 0.000064 0.000079 0.000112 0.000170 0.000263 0.000407 0.000627 0.000959 0.001453 0.002181 0.003241 0.004769 0.006949 0.010027 0.014325 0.020265 0.028385 0.039366 0.054055 0.073492 0.098928 0.131848 0.173977 0.227286 0.293977 0.376449 0.477254 0.599017 0.744337 0.915669 1.115172 1.344547 1.604862 1.896376 2.218363 2.568975 2.945123 3.342420 3.755177 4.176469 4.598286 5.011742 5.407368 5.775455 6.106446 6.391337 6.622090 6.792005 6.896042 6.931074 6.896042 6.792005 6.622090 6.391337 6.106446 5.775455 5.407368 5.011742 4.598286 4.176469 3.755177 3.342420 2.945123 2.568975 2.218363 1.896376 1.604862 1.344547 1.115172 0.915669 0.744337 0.599017 0.477254 0.376449 0.293977 0.227286 0.173977 0.131848 0.098928 0.073492 0.054055 0.039366 0.028385 0.020265 0.014325 0.010027 0.006949 0.004769 0.003241 0.002181 0.001454 0.000960 0.000629 0.000410 0.000268 0.000179 0.000128 0.000104 0.000104 
0.000082 0.000082 0.000102 0.000144 0.000218 0.000338 0.000523 0.000806 0.001232 0.001866 0.002799 0.004159 0.006119 0.008915 0.012861 0.018371 0.025984 0.036390 0.050459 0.069278 0.094174 0.126750 0.168903 0.222842 0.291086 0.376449 0.482001 0.610999 0.766798 0.952720 1.171898 1.427088 1.720462 2.053380 2.426164 2.837886 3.286176 3.767083 4.274997 4.802642 5.341170 5.880341 6.408801 6.914452 7.384890 7.807902 8.171991 8.466885 8.684026 8.816978 8.861746 8.816978 8.684026 8.466885 8.171991 7.807902 7.384890 6.914452 6.408801 5.880341 5.341170 4.802642 4.274997 3.767083 3.286176 2.837886 2.426164 2.053380 1.720462 1.427088 1.171898 0.952720 0.766798 0.610999 0.482001 0.376449 0.291086 0.222842 0.168903 0.126750 0.094174 0.069278 0.050459 0.036390 0.025984 0.018371 0.012861 0.008915 0.006119 0.004159 0.002800 0.001867 0.001233 0.000808 0.000527 0.000345 0.000231 0.000164 0.000134 0.000134 
0.000105 0.000105 0.000129 0.000184 0.000278 0.000429 0.000665 0.001024 0.001566 0.002371 0.003557 0.005284 0.007773 0.011322 0.016331 0.023324 0.032984 0.046185 0.064032 0.087899 0.119470 0.160773 0.214212 0.282584 0.369078 0.477254 0.610999 0.774434 0.971803 1.207309 1.484911 1.808095 2.179602 2.601147 3.073135 3.594382 4.161885 4.770638 5.413537 6.081373 6.762947 7.445303 8.114075 8.753957 9.349258 9.884531 10.345231 10.718369 10.993120 11.161344 11.217990 11.161344 10.993120 10.718369 10.345231 9.884531 9.349258 8.753957 8.114075 7.445303 6.762947 6.081373 5.413537 4.770638 4.161885 3.594382 3.073135 2.601147 2.179602 1.808095 1.484911 1.207309 0.971803 0.774434 0.610999 0.477254 0.369078 0.282584 0.214212 0.160773 0.119470 0.087899 0.064032 0.046185 0.032984 0.023324 0.016331 0.011323 0.007773 0.005284 0.003558 0.002372 0.001568 0.001028 0.000671 0.000439 0.000293 0.000209 0.000170 0.000170 
0.000132 0.000132 0.000163 0.000231 0.000350 0.000541 0.000837 0.001289 0.001970 0.002983 0.004474 0.006646 0.009774 0.014235 0.020529 0.029315 0.041449 0.058029 0.080441 0.110409 0.150044 0.201890 0.268962 0.354764 0.463294 0.599017 0.766798 0.971803 1.219349 1.514695 1.862802 2.268029 2.733807 3.262278 3.853939 4.507303 5.218596 5.981544 6.787237 7.624136 8.478210 9.333223 10.171180 10.972910 11.718758 12.389380 12.966560 13.434029 13.778234 13.988982 14.059946 13.988982 13.778234 13.434029 12.966560 12.389380 11.718758 10.972910 10.171180 9.333223 8.478210 7.624136 6.787237 5.981544 5.218596 4.507303 3.853939 3.262278 2.733807 2.268029 1.862802 1.514695 1.219349 0.971803 0.766798 0.599017 0.463294 0.354764 0.268962 0.201890 0.150044 0.110409 0.080441 0.058029 0.041449 0.029315 0.020529 0.014235 0.009774 0.006646 0.004475 0.002985 0.001973 0.001294 0.000844 0.000552 0.000370 0.000263 0.000215 0.000215 
0.000165 0.000165 0.000203 0.000289 0.000436 0.000674 0.001043 0.001607 0.002454 0.003716 0.005572 0.008274 0.012167 0.017717 0.025546 0.036474 0.051564 0.072180 0.100043 0.137294 0.186556 0.250987 0.334327 0.440929 0.575753 0.744337 0.952720 1.207309 1.514695 1.881403 2.313579 2.816627 3.394794 4.050730 4.785044 5.595879 6.478550 7.425261 8.424957 9.463318 10.522937 11.583676 12.623214 13.617774 14.542984 15.374856 16.090801 16.670650 17.097595 17.359001 17.447022 17.359001 17.097595 16.670650 16.090801 15.374856 14.542984 13.617774 12.623214 11.583676 10.522937 9.463318 8.424957 7.425261 6.478550 5.595879 4.785044 4.050730 3.394794 2.816627 2.313579 1.881403 1.514695 1.207309 0.952720 0.744337 0.575753 0.440929 0.334327 0.250987 0.186556 0.137294 0.100043 0.072180 0.051564 0.036474 0.025546 0.017717 0.012167 0.008274 0.005573 0.003717 0.002457 0.001612 0.001052 0.000689 0.000461 0.000328 0.000268 0.000268 
0.000203 0.000203 0.000251 0.000356 0.000538 0.000831 0.001287 0.001981 0.003026 0.004581 0.006868 0.010197 0.014993 0.021829 0.031470 0.044925 0.063503 0.088880 0.123173 0.169015 0.229629 0.308897 0.411419 0.542539 0.708355 0.915669 1.171898 1.484911 1.862802 2.313579 2.844788 3.463057 4.173594 4.979645 5.881947 6.878210 7.962668 9.125739 10.353838 11.629372 12.930960 14.233868 15.510688 16.732222 17.868547 18.890209 19.769478 20.481592 21.005919 21.326945 21.435041 21.326945 21.005919 20.481592 19.769478 18.890209 17.868547 16.732222 15.510688 14.233868 12.930960 11.629372 10.353838 9.125739 7.962668 6.878210 5.881947 4.979645 4.173594 3.463057 2.844788 2.313579 1.862802 1.484911 1.171898 0.915669 0.708355 0.542539 0.411419 0.308897 0.229629 0.169015 0.123173 0.088880 0.063503 0.044925 0.031470 0.021829 0.014993 0.010198 0.006869 0.004583 0.003030 0.001988 0.001298 0.000850 0.000568 0.000405 0.000331 0.000331 
0.000248 0.000248 0.000307 0.000435 0.000658 0.001015 0.001571 0.002419 0.003694 0.005591 0.008380 0.012441 0.018289 0.026624 0.038378 0.054778 0.077419 0.108344 0.150127 0.205976 0.279811 0.376359 0.501215 0.660882 0.862776 1.115172 1.427088 1.808095 2.268029 2.816627 3.463057 4.215371 5.079893 6.060558 7.158250 8.370174 9.689305 11.103983 12.597678 14.148995 15.731928 17.316404 18.869098 20.354515 21.736277 22.978579 24.047716 24.913589 25.551120 25.941454 26.072888 25.941454 25.551120 24.913589 24.047716 22.978579 21.736277 20.354515 18.869098 17.316404 15.731928 14.148995 12.597678 11.103983 9.689305 8.370174 7.158250 6.060558 5.079893 4.215371 3.463057 2.816627 2.268029 1.808095 1.427088 1.115172 0.862776 0.660882 0.501215 0.376359 0.279811 0.205976 0.150127 0.108344 0.077420 0.054778 0.038378 0.026624 0.018290 0.012442 0.008382 0.005593 0.003699 0.002427 0.001584 0.001038 0.000694 0.000495 0.000404 0.000404 
0.000300 0.000300 0.000371 0.000526 0.000795 0.001227 0.001899 0.002923 0.004463 0.006754 0.010123 0.015025 0.022085 0.032145 0.046330 0.066119 0.093436 0.130742 0.181142 0.248498 0.337538 0.453955 0.604488 0.796971 1.040336 1.344547 1.720462 2.179602 2.733807 3.394794 4.173594 5.079893 6.121291 7.302516 8.624616 10.084213 11.672838 13.376438 15.175107 17.043076 18.949037 20.856783 22.726201 24.514562 26.178086 27.673679 28.960774 30.003153 30.770634 31.240527 31.398749 31.240527 30.770634 30.003153 28.960774 27.673679 26.178086 24.514562 22.726201 20.856783 18.949037 17.043076 15.175107 13.376438 11.672838 10.084213 8.624616 7.302516 6.121291 5.079893 4.173594 3.394794 2.733807 2.179602 1.720462 1.344547 1.040336 0.796971 0.604488 0.453955 0.337538 0.248498 0.181142 0.130742 0.093436 0.066119 0.046330 0.032145 0.022085 0.015026 0.010124 0.006757 0.004469 0.002933 0.001915 0.001254 0.000840 0.000599 0.000489 0.000489 
0.000360 0.000360 0.000444 0.000630 0.000952 0.001469 0.002272 0.003497 0.005338 0.008077 0.012103 0.017962 0.026399 0.038419 0.055365 0.079005 0.111631 0.156183 0.216365 0.296786 0.403085 0.542052 0.721725 0.951447 1.241866 1.604862 2.053380 2.601147 3.262278 4.050730 4.979645 6.060558 7.302516 8.711137 10.287660 12.028039 13.922166 15.953278 18.097635 20.324517 22.596601 24.870732 27.099101 29.230790 31.213626 32.996258 34.530350 35.772746 36.687485 37.247533 37.436112 37.247533 36.687485 35.772746 34.530350 32.996258 31.213626 29.230790 27.099101 24.870732 22.596601 20.324517 18.097635 15.953278 13.922166 12.028039 10.287660 8.711137 7.302516 6.060558 4.979645 4.050730 3.262278 2.601147 2.053380 1.604862 1.241866 0.951447 0.721725 0.542052 0.403085 0.296786 0.216365 0.156183 0.111631 0.079005 0.055365 0.038419 0.026400 0.017964 0.012106 0.008080 0.005345 0.003508 0.002291 0.001501 0.001005 0.000717 0.000585 0.000585 
0.000426 0.000426 0.000527 0.000746 0.001127 0.001740 0.002690 0.004140 0.006320 0.009560 0.014325 0.021257 0.031237 0.045454 0.065495 0.093449 0.132026 0.184696 0.255837 0.350893 0.476522 0.640744 0.853049 1.124467 1.467569 1.896376 2.426164 3.073135 3.853939 4.785044 5.881947 7.158250 8.624616 10.287660 12.148825 14.203320 16.439199 18.836667 21.367695 23.996023 26.677602 29.361507 31.991326 34.506978 36.846910 38.950541 40.760847 42.226917 43.306330 43.967195 44.189720 43.967195 43.306330 42.226917 40.760847 38.950541 36.846910 34.506978 31.991326 29.361507 26.677602 23.996023 21.367695 18.836667 16.439199 14.203320 12.148825 10.287660 8.624616 7.158250 5.881947 4.785044 3.853939 3.073135 2.426164 1.896376 1.467569 1.124467 0.853049 0.640744 0.476522 0.350893 0.255837 0.184696 0.132026 0.093449 0.065495 0.045454 0.031237 0.021258 0.014328 0.009565 0.006328 0.004154 0.002713 0.001778 0.001191 0.000849 0.000693 0.000693 
0.000500 0.000500 0.000618 0.000875 0.001322 0.002039 0.003154 0.004852 0.007406 0.011202 0.016783 0.024901 0.036587 0.053233 0.076696 0.109419 0.154571 0.216213 0.299464 0.410688 0.557672 0.749791 0.998139 1.315607 1.716887 2.218363 2.837886 3.594382 4.507303 5.595879 6.878210 8.370174 10.084213 12.028039 14.203320 16.604439 19.217420 22.019119 24.976776 28.048018 31.181375 34.317352 37.390044 40.329270 43.063127 45.520856 47.635852 49.348652 50.609711 51.381784 51.641753 51.381784 50.609711 49.348652 47.635852 45.520856 43.063127 40.329270 37.390044 34.317352 31.181375 28.048018 24.976776 22.019119 19.217420 16.604439 14.203320 12.028039 10.084213 8.370174 6.878210 5.595879 4.507303 3.594382 2.837886 2.218363 1.716887 1.315607 0.998139 0.749791 0.557672 0.410688 0.299464 0.216213 0.154571 0.109419 0.076697 0.053234 0.036588 0.024903 0.016786 0.011208 0.007416 0.004868 0.003181 0.002084 0.001396 0.000996 0.000813 0.000813 
0.000581 0.000581 0.000717 0.001016 0.001534 0.002367 0.003659 0.005629 0.008591 0.012993 0.019463 0.028875 0.042421 0.061714 0.088906 0.126824 0.179141 0.250556 0.346998 0.475832 0.646074 0.868571 1.156165 1.523772 1.988390 2.568975 3.286176 4.161885 5.218596 6.478550 7.962668 9.689305 11.672838 13.922166 16.439199 19.217420 22.240643 25.482078 28.903819 32.456840 36.081603 39.709288 43.263671 46.663585 49.825876 52.668715 55.115080 57.096212 58.554819 59.447833 59.748525 59.447833 58.554819 57.096212 55.115080 52.668715 49.825876 46.663585 43.263671 39.709288 36.081603 32.456840 28.903819 25.482078 22.240643 19.217420 16.439199 13.922166 11.672838 9.689305 7.962668 6.478550 5.218596 4.161885 3.286176 2.568975 1.988390 1.523772 1.156165 0.868571 0.646074 0.475832 0.346998 0.250556 0.179141 0.126824 0.088906 0.061715 0.042422 0.028877 0.019467 0.012999 0.008602 0.005648 0.003691 0.002419 0.001620 0.001156 0.000944 0.000944 
0.000668 0.000668 0.000824 0.001168 0.001763 0.002718 0.004203 0.006464 0.009865 0.014917 0.022343 0.033143 0.048687 0.070823 0.102017 0.145513 0.205520 0.287425 0.398022 0.545755 0.740950 0.996042 1.325739 1.747131 2.279688 2.945123 3.767083 4.770638 5.981544 7.425261 9.125739 11.103983 13.376438 15.953278 18.836667 22.019119 25.482078 29.194847 33.113998 37.183379 41.334803 45.489459 49.560064 53.453680 57.075097 60.330628 63.132091 65.400765 67.071061 68.093674 68.438002 68.093674 67.071061 65.400765 63.132091 60.330628 57.075097 53.453680 49.560064 45.489459 41.334803 37.183379 33.113998 29.194847 25.482078 22.019119 18.836667 15.953278 13.376438 11.103983 9.125739 7.425261 5.981544 4.770638 3.767083 2.945123 2.279688 1.747131 1.325739 0.996042 0.740950 0.545755 0.398022 0.287425 0.205520 0.145513 0.102017 0.070823 0.048688 0.033145 0.022347 0.014924 0.009877 0.006486 0.004239 0.002778 0.001861 0.001329 0.001085 0.001085 
0.000759 0.000759 0.000937 0.001328 0.002004 0.003090 0.004777 0.007348 0.011211 0.016952 0.025388 0.037657 0.055312 0.080452 0.115877 0.165268 0.233401 0.326391 0.451944 0.619641 0.841198 1.130718 1.504885 1.983081 2.587386 3.342420 4.274997 5.413537 6.787237 8.424957 10.353838 12.597678 15.175107 18.097635 21.367695 24.976776 28.903819 33.113998 37.558062 42.172336 46.879506 51.590221 56.205530 60.620075 64.725931 68.416899 71.593025 74.165082 76.058728 77.218077 77.608446 77.218077 76.058728 74.165082 71.593025 68.416899 64.725931 60.620075 56.205530 51.590221 46.879506 42.172336 37.558062 33.113998 28.903819 24.976776 21.367695 18.097635 15.175107 12.597678 10.353838 8.424957 6.787237 5.413537 4.274997 3.342420 2.587386 1.983081 1.504885 1.130718 0.841198 0.619641 0.451944 0.326391 0.233402 0.165268 0.115878 0.080453 0.055313 0.037659 0.025393 0.016960 0.011226 0.007372 0.004818 0.003159 0.002117 0.001511 0.001234 0.001234 
0.000855 0.000855 0.001055 0.001495 0.002256 0.003478 0.005376 0.008267 0.012613 0.019068 0.028556 0.042351 0.062201 0.090466 0.130289 0.185807 0.262387 0.366895 0.507991 0.696434 0.945381 1.270671 1.691037 2.228243 2.907076 3.755177 4.802642 6.081373 7.624136 9.463318 11.629372 14.148995 17.043076 20.324517 23.996023 28.048018 32.456840 37.183379 42.172336 47.352227 52.636265 57.924157 63.104845 68.060081 72.668745 76.811655 80.376642 83.263574 85.389027 86.690290 87.128443 86.690290 85.389027 83.263574 80.376642 76.811655 72.668745 68.060081 63.104845 57.924157 52.636265 47.352227 42.172336 37.183379 32.456840 28.048018 23.996023 20.324517 17.043076 14.148995 11.629372 9.463318 7.624136 6.081373 4.802642 3.755177 2.907076 2.228243 1.691037 1.270671 0.945381 0.696434 0.507991 0.366895 0.262387 0.185807 0.130289 0.090467 0.062203 0.042354 0.028561 0.019078 0.012629 0.008294 0.005422 0.003555 0.002382 0.001701 0.001389 0.001389 
0.000953 0.000953 0.001176 0.001665 0.002513 0.003874 0.005987 0.009206 0.014045 0.021232 0.031792 0.047147 0.069240 0.100695 0.145009 0.206784 0.291989 0.408259 0.565223 0.774844 1.051752 1.413553 1.881074 2.478504 3.233396 4.176469 5.341170 6.762947 8.478210 10.522937 12.930960 15.731928 18.949037 22.596601 26.677602 31.181375 36.081603 41.334803 46.879506 52.636265 58.508629 64.385152 70.142425 75.649061 80.770482 85.374271 89.335802 92.543830 94.905669 96.351648 96.838527 96.351648 94.905669 92.543830 89.335802 85.374271 80.770482 75.649061 70.142425 64.385152 58.508629 52.636265 46.879506 41.334803 36.081603 31.181375 26.677602 22.596601 18.949037 15.731928 12.930960 10.522937 8.478210 6.762947 5.341170 4.176469 3.233396 2.478504 1.881074 1.413553 1.051752 0.774844 0.565223 0.408259 0.291989 0.206785 0.145010 0.100696 0.069242 0.047151 0.031798 0.021242 0.014063 0.009237 0.006038 0.003959 0.002654 0.001895 0.001548 0.001548 
0.001051 0.001051 0.001297 0.001836 0.002771 0.004271 0.006600 0.010148 0.015480 0.023400 0.035036 0.051954 0.076293 0.110944 0.159758 0.227801 0.321644 0.449693 0.622549 0.853378 1.158284 1.556644 2.071377 2.729103 3.560140 4.598286 5.880341 7.445303 9.333223 11.583676 14.233868 17.316404 20.856783 24.870732 29.361507 34.317352 39.709288 45.489459 51.590221 57.924157 64.385152 70.850598 77.184731 83.243020 88.877428 93.942295 98.300539 101.829795 104.428116 106.018870 106.554495 106.018870 104.428116 101.829795 98.300539 93.942295 88.877428 83.243020 77.184731 70.850598 64.385152 57.924157 51.590221 45.489459 39.709288 34.317352 29.361507 24.870732 20.856783 17.316404 14.233868 11.583676 9.333223 7.445303 5.880341 4.598286 3.560140 2.729103 2.071377 1.556644 1.158284 0.853378 0.622549 0.449693 0.321644 0.227801 0.159759 0.110945 0.076295 0.051958 0.035043 0.023411 0.015500 0.010182 0.006657 0.004365 0.002926 0.002090 0.001707 0.001707 
0.001147 0.001147 0.001415 0.002004 0.003024 0.004660 0.007202 0.011072 0.016889 0.025527 0.038218 0.056669 0.083212 0.120997 0.174224 0.248412 0.350725 0.490324 0.678759 0.930380 1.262732 1.696927 2.257935 2.974758 3.880421 5.011742 6.408801 8.114075 10.171180 12.623214 15.510688 18.869098 22.726201 27.099101 31.991326 37.390044 43.263671 49.560064 56.205530 63.104845 70.142425 77.184731 84.083901 90.682529 96.819394 102.335871 107.082678 110.926562 113.756504 115.489055 116.072424 115.489055 113.756504 110.926562 107.082678 102.335871 96.819394 90.682529 84.083901 77.184731 70.142425 63.104845 56.205530 49.560064 43.263671 37.390044 31.991326 27.099101 22.726201 18.869098 15.510688 12.623214 10.171180 8.114075 6.408801 5.011742 3.880421 2.974758 2.257935 1.696927 1.262732 0.930380 0.678760 0.490324 0.350725 0.248413 0.174224 0.120999 0.083214 0.056673 0.038226 0.025539 0.016910 0.011109 0.007264 0.004763 0.003193 0.002281 0.001863 0.001863 
