0.000000 0.000000 0.000000 0.000000 0.000000 0.000000 0.000000 0.000000 0.000000 0.000000 0.000000 0.000000 0.000000 0.000000 0.000000 0.000000 0.000000 0.000000 0.000001 0.000001 0.000001 0.000002 0.000003 0.000003 0.000005 0.000006 0.000009 0.000012 0.000015 0.000020 0.000025 0.000032 0.000040 0.000049 0.000060 0.000072 0.000085 0.000100 0.000117 0.000134 0.000152 0.000171 0.000189 0.000207 0.000224 0.000239 0.000252 0.000263 0.000271 0.000276 0.000278 0.000276 0.000271 0.000263 0.000252 0.000239 0.000224 0.000207 0.000189 0.000171 0.000152 0.000134 0.000117 0.000100 0.000085 0.000072 0.000060 0.000049 0.000040 0.000032 0.000025 0.000020 0.000015 0.000012 0.000009 0.000006 0.000005 0.000003 0.000003 0.000002 0.000001 0.000001 0.000001 0.000000 0.000000 0.000000 0.000000 0.000000 0.000000 0.000000 0.000000 0.000000 0.000000 0.000000 0.000000 0.000000 0.000000 0.000000 0.000000 0.000000 
0.000000 0.000000 0.000000 0.000000 0.000000 0.000000 0.000000 0.000000 0.000000 0.000000 0.000000 0.000000 0.000000 0.000000 0.000000 0.000000 0.000000 0.000000 0.000001 0.000001 0.000001 0.000002 0.000003 0.000003 0.000005 0.000006 0.000009 0.000012 0.000015 0.000020 0.000025 0.000032 0.000040 0.000049 0.000060 0.000072 0.000085 0.000100 0.000117 0.000134 0.000152 0.000171 0.000189 0.000207 0.000224 0.000239 0.000252 0.000263 0.000271 0.000276 0.000278 0.000276 0.000271 0.000263 0.000252 0.000239 0.000224 0.000207 0.000189 0.000171 0.000152 0.000134 0.000117 0.000100 0.000085 0.000072 0.000060 0.000049 0.000040 0.000032 0.000025 0.000020 0.000015 0.000012 0.000009 0.000006 0.000005 0.000003 0.000003 0.000002 0.000001 0.000001 0.000001 0.000000 0.000000 0.000000 0.000000 0.000000 0.000000 0.000000 0.000000 0.000000 0.000000 0.000000 0.000000 0.000000 0.000000 0.000000 0.000000 0.000000 
0.000000 0.000000 0.000000 0.000000 0.000000 0.000000 0.000000 0.000000 0.000000 0.000000 0.000000 0.000000 0.000000 0.000000 0.000000 0.000000 0.000000 0.000001 0.000001 0.000001 0.000002 0.000002 0.000003 0.000005 0.000006 0.000009 0.000011 0.000015 0.000020 0.000026 0.000033 0.000042 0.000052 0.000064 0.000078 0.000094 0.000112 0.000132 0.000154 0.000176 0.000200 0.000224 0.000248 0.000272 0.000294 0.000314 0.000332 0.000346 0.000356 0.000363 0.000365 0.000363 0.000356 0.000346 0.000332 0.000314 0.000294 0.000272 0.000248 0.000224 0.000200 0.000176 0.000154 0.000132 0.000112 0.000094 0.000078 0.000064 0.000052 0.000042 0.000033 0.000026 0.000020 0.000015 0.000011 0.000009 0.000006 0.000005 0.000003 0.000002 0.000002 0.000001 0.000001 0.000001 0.000000 0.000000 0.000000 0.000000 0.000000 0.000000 0.000000 0.000000 0.000000 0.000000 0.000000 0.000000 0.000000 0.000000 0.000000 0.000000 
0.000000 0.000000 0.000000 0.000000 0.000000 0.000000 0.000000 0.000000 0.000000 0.000000 0.000000 0.000000 0.000000 0.000000 0.000000 0.000000 0.000001 0.000001 0.000001 0.000002 0.000003 0.000004 0.000005 0.000007 0.000010 0.000013 0.000018 0.000024 0.000031 0.000040 0.000051 0.000065 0.000081 0.000099 0.000121 0.000146 0.000173 0.000204 0.000237 0.000272 0.000309 0.000346 0.000383 0.000419 0.000453 0.000484 0.000511 0.000533 0.000549 0.000559 0.000563 0.000559 0.000549 0.000533 0.000511 0.000484 0.000453 0.000419 0.000383 0.000346 0.000309 0.000272 0.000237 0.000204 0.000173 0.000146 0.000121 0.000099 0.000081 0.000065 0.000051 0.000040 0.000031 0.000024 0.000018 0.000013 0.000010 0.000007 0.000005 0.000004 0.000003 0.000002 0.000001 0.000001 0.000001 0.000000 0.000000 0.000000 0.000000 0.000000 0.000000 0.000000 0.000000 0.000000 0.000000 0.000000 0.000000 0.000000 0.000000 0.000000 
0.000000 0.000000 0.000000 0.000000 0.000000 0.000000 0.000000 0.000000 0.000000 0.000000 0.000000 0.000000 0.000000 0.000000 0.000000 0.000001 0.000001 0.000001 0.000002 0.000003 0.000004 0.000006 0.000008 0.000012 0.000016 0.000022 0.000029 0.000039 0.000051 0.000066 0.000084 0.000106 0.000132 0.000163 0.000199 0.000239 0.000285 0.000335 0.000389 0.000446 0.000506 0.000567 0.000628 0.000687 0.000743 0.000794 0.000838 0.000874 0.000900 0.000917 0.000922 0.000917 0.000900 0.000874 0.000838 0.000794 0.000743 0.000687 0.000628 0.000567 0.000506 0.000446 0.000389 0.000335 0.000285 0.000239 0.000199 0.000163 0.000132 0.000106 0.000084 0.000066 0.000051 0.000039 0.000029 0.000022 0.000016 0.000012 0.000008 0.000006 0.000004 0.000003 0.000002 0.000001 0.000001 0.000001 0.000000 0.000000 0.000000 0.000000 0.000000 0.000000 0.000000 0.000000 0.000000 0.000000 0.000000 0.000000 0.000000 0.000000 
0.000000 0.000000 0.000000 0.000000 0.000000 0.000000 0.000000 0.000000 0.000000 0.000000 0.000000 0.000000 0.000000 0.000000 0.000001 0.000001 0.000002 0.000002 0.000003 0.000005 0.000007 0.000010 0.000014 0.000020 0.000027 0.000037 0.000049 0.000065 0.000085 0.000110 0.000140 0.000177 0.000221 0.000272 0.000331 0.000399 0.000474 0.000557 0.000647 0.000743 0.000843 0.000944 0.001045 0.001144 0.001236 0.001321 0.001394 0.001453 0.001498 0.001525 0.001534 0.001525 0.001498 0.001453 0.001394 0.001321 0.001236 0.001144 0.001045 0.000944 0.000843 0.000743 0.000647 0.000557 0.000474 0.000399 0.000331 0.000272 0.000221 0.000177 0.000140 0.000110 0.000085 0.000065 0.000049 0.000037 0.000027 0.000020 0.000014 0.000010 0.000007 0.000005 0.000003 0.000002 0.000002 0.000001 0.000001 0.000000 0.000000 0.000000 0.000000 0.000000 0.000000 0.000000 0.000000 0.000000 0.000000 0.000000 0.000000 0.000000 
0.000000 0.000000 0.000000 0.000000 0.000000 0.000000 0.000000 0.000000 0.000000 0.000000 0.000000 0.000000 0.000000 0.000001 0.000001 0.000002 0.000003 0.000004 0.000006 0.000008 0.000012 0.000017 0.000024 0.000033 0.000045 0.000061 0.000082 0.000108 0.000141 0.000183 0.000233 0.000294 0.000367 0.000452 0.000551 0.000663 0.000788 0.000926 0.001075 0.001234 0.001399 0.001567 0.001735 0.001898 0.002052 0.002191 0.002313 0.002412 0.002485 0.002530 0.002545 0.002530 0.002485 0.002412 0.002313 0.002191 0.002052 0.001898 0.001735 0.001567 0.001399 0.001234 0.001075 0.000926 0.000788 0.000663 0.000551 0.000452 0.000367 0.000294 0.000233 0.000183 0.000141 0.000108 0.000082 0.000061 0.000045 0.000033 0.000024 0.000017 0.000012 0.000008 0.000006 0.000004 0.000003 0.000002 0.000001 0.000001 0.000000 0.000000 0.000000 0.000000 0.000000 0.000000 0.000000 0.000000 0.000000 0.000000 0.000000 0.000000 
0.000000 0.000000 0.000000 0.000000 0.000000 0.000000 0.000000 0.000000 0.000000 0.000000 0.000000 0.000000 0.000001 0.000001 0.000002 0.000003 0.000004 0.000006 0.000009 0.000014 0.000020 0.000028 0.000039 0.000054 0.000074 0.000101 0.000135 0.000178 0.000233 0.000301 0.000385 0.000485 0.000605 0.000745 0.000908 0.001092 0.001298 0.001526 0.001771 0.002032 0.002304 0.002580 0.002856 0.003124 0.003377 0.003606 0.003806 0.003968 0.004089 0.004163 0.004188 0.004163 0.004089 0.003968 0.003806 0.003606 0.003377 0.003124 0.002856 0.002580 0.002304 0.002032 0.001771 0.001526 0.001298 0.001092 0.000908 0.000745 0.000605 0.000485 0.000385 0.000301 0.000233 0.000178 0.000135 0.000101 0.000074 0.000054 0.000039 0.000028 0.000020 0.000014 0.000009 0.000006 0.000004 0.000003 0.000002 0.000001 0.000001 0.000000 0.000000 0.000000 0.000000 0.000000 0.000000 0.000000 0.000000 0.000000 0.000000 0.000000 
0.000000 0.000000 0.000000 0.000000 0.000000 0.000000 0.000000 0.000000 0.000000 0.000000 0.000001 0.000001 0.000001 0.000002 0.000003 0.000005 0.000007 0.000011 0.000015 0.000022 0.000032 0.000046 0.000064 0.000089 0.000122 0.000165 0.000221 0.000292 0.000381 0.000492 0.000628 0.000792 0.000988 0.001216 0.001481 0.001781 0.002117 0.002487 0.002887 0.003312 0.003754 0.004205 0.004654 0.005090 0.005501 0.005874 0.006199 0.006464 0.006660 0.006780 0.006821 0.006780 0.006660 0.006464 0.006199 0.005874 0.005501 0.005090 0.004654 0.004205 0.003754 0.003312 0.002887 0.002487 0.002117 0.001781 0.001481 0.001216 0.000988 0.000792 0.000628 0.000492 0.000381 0.000292 0.000221 0.000165 0.000122 0.000089 0.000064 0.000046 0.000032 0.000022 0.000015 0.000011 0.000007 0.000005 0.000003 0.000002 0.000001 0.000001 0.000001 0.000000 0.000000 0.000000 0.000000 0.000000 0.000000 0.000000 0.000000 0.000000 
0.000000 0.000000 0.000000 0.000000 0.000000 0.000000 0.000000 0.000000 0.000000 0.000001 0.000001 0.000001 0.000002 0.000003 0.000005 0.000008 0.000012 0.000017 0.000025 0.000036 0.000052 0.000074 0.000104 0.000144 0.000197 0.000267 0.000357 0.000471 0.000616 0.000795 0.001015 0.001279 0.001594 0.001963 0.002390 0.002874 0.003416 0.004012 0.004656 0.005340 0.006052 0.006778 0.007501 0.008203 0.008865 0.009466 0.009988 0.010414 0.010729 0.010923 0.010988 0.010923 0.010729 0.010414 0.009988 0.009466 0.008865 0.008203 0.007501 0.006778 0.006052 0.005340 0.004656 0.004012 0.003416 0.002874 0.002390 0.001963 0.001594 0.001279 0.001015 0.000795 0.000616 0.000471 0.000357 0.000267 0.000197 0.000144 0.000104 0.000074 0.000052 0.000036 0.000025 0.000017 0.000012 0.000008 0.000005 0.000003 0.000002 0.000001 0.000001 0.000001 0.000000 0.000000 0.000000 0.000000 0.000000 0.000000 0.000000 0.000000 
0.000000 0.000000 0.000000 0.000000 0.000000 0.000000 0.000000 0.000000 0.000001 0.000001 0.000001 0.000002 0.000003 0.000005 0.000008 0.000012 0.000018 0.000027 0.000040 0.000058 0.000084 0.000119 0.000166 0.000230 0.000315 0.000427 0.000570 0.000754 0.000984 0.001270 0.001621 0.002043 0.002545 0.003134 0.003813 0.004586 0.005449 0.006399 0.007425 0.008515 0.009649 0.010805 0.011957 0.013074 0.014127 0.015084 0.015915 0.016593 0.017095 0.017404 0.017508 0.017404 0.017095 0.016593 0.015915 0.015084 0.014127 0.013074 0.011957 0.010805 0.009649 0.008515 0.007425 0.006399 0.005449 0.004586 0.003813 0.003134 0.002545 0.002043 0.001621 0.001270 0.000984 0.000754 0.000570 0.000427 0.000315 0.000230 0.000166 0.000119 0.000084 0.000058 0.000040 0.000027 0.000018 0.000012 0.000008 0.000005 0.000003 0.000002 0.000001 0.000001 0.000001 0.000000 0.000000 0.000000 0.000000 0.000000 0.000000 0.000000 
0.000000 0.000000 0.000000 0.000000 0.000000 0.000000 0.000000 0.000000 0.000001 0.000001 0.000002 0.000003 0.000005 0.000008 0.000013 0.000020 0.000029 0.000043 0.000064 0.000093 0.000133 0.000188 0.000263 0.000365 0.000499 0.000675 0.000902 0.001191 0.001555 0.002007 0.002560 0.003226 0.004019 0.004947 0.006018 0.007235 0.008596 0.010092 0.011710 0.013426 0.015212 0.017033 0.018846 0.020606 0.022264 0.023770 0.025079 0.026146 0.026936 0.027422 0.027585 0.027422 0.026936 0.026146 0.025079 0.023770 0.022264 0.020606 0.018846 0.017033 0.015212 0.013426 0.011710 0.010092 0.008596 0.007235 0.006018 0.004947 0.004019 0.003226 0.002560 0.002007 0.001555 0.001191 0.000902 0.000675 0.000499 0.000365 0.000263 0.000188 0.000133 0.000093 0.000064 0.000043 0.000029 0.000020 0.000013 0.000008 0.000005 0.000003 0.000002 0.000001 0.000001 0.000001 0.000000 0.000000 0.000000 0.000000 0.000000 0.000000 
0.000000 0.000000 0.000000 0.000000 0.000000 0.000000 0.000000 0.000001 0.000001 0.000002 0.000003 0.000005 0.000008 0.000013 0.000020 0.000031 0.000046 0.000068 0.000100 0.000145 0.000208 0.000294 0.000412 0.000571 0.000780 0.001055 0.001410 0.001862 0.002431 0.003136 0.003998 0.005038 0.006273 0.007721 0.009391 0.011288 0.013408 0.015740 0.018260 0.020934 0.023716 0.026551 0.029375 0.032114 0.034695 0.037041 0.039078 0.040739 0.041969 0.042724 0.042979 0.042724 0.041969 0.040739 0.039078 0.037041 0.034695 0.032114 0.029375 0.026551 0.023716 0.020934 0.018260 0.015740 0.013408 0.011288 0.009391 0.007721 0.006273 0.005038 0.003998 0.003136 0.002431 0.001862 0.001410 0.001055 0.000780 0.000571 0.000412 0.000294 0.000208 0.000145 0.000100 0.000068 0.000046 0.000031 0.000020 0.000013 0.000008 0.000005 0.000003 0.000002 0.000001 0.000001 0.000000 0.000000 0.000000 0.000000 0.000000 0.000000 
0.000000 0.000000 0.000000 0.000000 0.000000 0.000000 0.000001 0.000001 0.000002 0.000003 0.000005 0.000008 0.000013 0.000020 0.000031 0.000048 0.000071 0.000106 0.000155 0.000225 0.000322 0.000456 0.000638 0.000883 0.001207 0.001631 0.002179 0.002878 0.003755 0.004843 0.006174 0.007777 0.009683 0.011915 0.014489 0.017413 0.020681 0.024274 0.028156 0.032274 0.036559 0.040925 0.045272 0.049491 0.053464 0.057074 0.060209 0.062767 0.064659 0.065822 0.066215 0.065822 0.064659 0.062767 0.060209 0.057074 0.053464 0.049491 0.045272 0.040925 0.036559 0.032274 0.028156 0.024274 0.020681 0.017413 0.014489 0.011915 0.009683 0.007777 0.006174 0.004843 0.003755 0.002878 0.002179 0.001631 0.001207 0.000883 0.000638 0.000456 0.000322 0.000225 0.000155 0.000106 0.000071 0.000048 0.000031 0.000020 0.000013 0.000008 0.000005 0.000003 0.000002 0.000001 0.000001 0.000000 0.000000 0.000000 0.000000 0.000000 
0.000000 0.000000 0.000000 0.000000 0.000000 0.000001 0.000001 0.000002 0.000003 0.000005 0.000008 0.000013 0.000020 0.000031 0.000048 0.000073 0.000109 0.000162 0.000238 0.000344 0.000493 0.000698 0.000976 0.001350 0.001846 0.002494 0.003331 0.004397 0.005736 0.007397 0.009426 0.011872 0.014779 0.018181 0.022105 0.026561 0.031540 0.037014 0.042927 0.049199 0.055724 0.062372 0.068991 0.075414 0.081462 0.086958 0.091730 0.095622 0.098502 0.100273 0.100870 0.100273 0.098502 0.095622 0.091730 0.086958 0.081462 0.075414 0.068991 0.062372 0.055724 0.049199 0.042927 0.037014 0.031540 0.026561 0.022105 0.018181 0.014779 0.011872 0.009426 0.007397 0.005736 0.004397 0.003331 0.002494 0.001846 0.001350 0.000976 0.000698 0.000493 0.000344 0.000238 0.000162 0.000109 0.000073 0.000048 0.000031 0.000020 0.000013 0.000008 0.000005 0.000003 0.000002 0.000001 0.000001 0.000000 0.000000 0.000000 0.000000 
0.000000 0.000000 0.000000 0.000000 0.000001 0.000001 0.000002 0.000003 0.000005 0.000008 0.000012 0.000020 0.000031 0.000048 0.000073 0.000111 0.000166 0.000246 0.000360 0.000521 0.000746 0.001056 0.001477 0.002042 0.002791 0.003770 0.005033 0.006642 0.008664 0.011169 0.014230 0.017919 0.022301 0.027430 0.033344 0.040058 0.047560 0.055805 0.064711 0.074157 0.083983 0.093993 0.103957 0.113625 0.122729 0.131001 0.138183 0.144040 0.148376 0.151039 0.151938 0.151039 0.148376 0.144040 0.138183 0.131001 0.122729 0.113625 0.103957 0.093993 0.083983 0.074157 0.064711 0.055805 0.047560 0.040058 0.033344 0.027430 0.022301 0.017919 0.014230 0.011169 0.008664 0.006642 0.005033 0.003770 0.002791 0.002042 0.001477 0.001056 0.000746 0.000521 0.000360 0.000246 0.000166 0.000111 0.000073 0.000048 0.000031 0.000020 0.000012 0.000008 0.000005 0.000003 0.000002 0.000001 0.000001 0.000000 0.000000 0.000000 
0.000000 0.000000 0.000000 0.000001 0.000001 0.000002 0.000003 0.000004 0.000007 0.000012 0.000018 0.000029 0.000046 0.000071 0.000109 0.000166 0.000248 0.000368 0.000539 0.000780 0.001117 0.001580 0.002209 0.003053 0.004172 0.005634 0.007520 0.009921 0.012937 0.016674 0.021239 0.026740 0.033272 0.040916 0.049729 0.059733 0.070909 0.083190 0.096453 0.110519 0.125148 0.140050 0.154883 0.169273 0.182823 0.195133 0.205821 0.214537 0.220988 0.224952 0.226289 0.224952 0.220988 0.214537 0.205821 0.195133 0.182823 0.169273 0.154883 0.140050 0.125148 0.110519 0.096453 0.083190 0.070909 0.059733 0.049729 0.040916 0.033272 0.026740 0.021239 0.016674 0.012937 0.009921 0.007520 0.005634 0.004172 0.003053 0.002209 0.001580 0.001117 0.000780 0.000539 0.000368 0.000248 0.000166 0.000109 0.000071 0.000046 0.000029 0.000018 0.000012 0.000007 0.000004 0.000003 0.000002 0.000001 0.000001 0.000000 0.000000 
0.000000 0.000000 0.000001 0.000001 0.000001 0.000002 0.000004 0.000006 0.000011 0.000017 0.000027 0.000043 0.000068 0.000106 0.000162 0.000246 0.000368 0.000545 0.000798 0.001155 0.001652 0.002337 0.003266 0.004514 0.006165 0.008323 0.011107 0.014650 0.019099 0.024610 0.031342 0.039451 0.049079 0.060344 0.073329 0.088066 0.104527 0.122613 0.142143 0.162852 0.184389 0.206323 0.228155 0.249332 0.269273 0.287388 0.303114 0.315938 0.325430 0.331262 0.333229 0.331262 0.325430 0.315938 0.303114 0.287388 0.269273 0.249332 0.228155 0.206323 0.184389 0.162852 0.142143 0.122613 0.104527 0.088066 0.073329 0.060344 0.049079 0.039451 0.031342 0.024610 0.019099 0.014650 0.011107 0.008323 0.006165 0.004514 0.003266 0.002337 0.001652 0.001155 0.000798 0.000545 0.000368 0.000246 0.000162 0.000106 0.000068 0.000043 0.000027 0.000017 0.000011 0.000006 0.000004 0.000002 0.000001 0.000001 0.000001 0.000001 
0.000001 0.000001 0.000001 0.000001 0.000002 0.000003 0.000006 0.000009 0.000015 0.000025 0.000040 0.000064 0.000100 0.000155 0.000238 0.000360 0.000539 0.000798 0.001168 0.001690 0.002417 0.003417 0.004775 0.006596 0.009007 0.012157 0.016219 0.021388 0.027877 0.035912 0.045727 0.057546 0.071576 0.087990 0.106905 0.128369 0.152342 0.178676 0.207109 0.237255 0.268603 0.300526 0.332297 0.363114 0.392127 0.418484 0.441363 0.460021 0.473829 0.482313 0.485175 0.482313 0.473829 0.460021 0.441363 0.418484 0.392127 0.363114 0.332297 0.300526 0.268603 0.237255 0.207109 0.178676 0.152342 0.128369 0.106905 0.087990 0.071576 0.057546 0.045727 0.035912 0.027877 0.021388 0.016219 0.012157 0.009007 0.006596 0.004775 0.003417 0.002417 0.001690 0.001168 0.000798 0.000539 0.000360 0.000238 0.000155 0.000100 0.000064 0.000040 0.000025 0.000015 0.000009 0.000006 0.000003 0.000002 0.000001 0.000001 0.000001 
0.000001 0.000001 0.000001 0.000002 0.000003 0.000005 0.000008 0.000014 0.000022 0.000036 0.000058 0.000093 0.000145 0.000225 0.000344 0.000521 0.000780 0.001155 0.001690 0.002444 0.003494 0.004939 0.006900 0.009530 0.013009 0.017555 0.023415 0.030869 0.040226 0.051810 0.065955 0.082987 0.103202 0.126845 0.154088 0.184998 0.219514 0.257426 0.298354 0.341742 0.386855 0.432791 0.478505 0.522842 0.564582 0.602497 0.635408 0.662245 0.682107 0.694310 0.698426 0.694310 0.682107 0.662245 0.635408 0.602497 0.564582 0.522842 0.478505 0.432791 0.386855 0.341742 0.298354 0.257426 0.219514 0.184998 0.154088 0.126845 0.103202 0.082987 0.065955 0.051810 0.040226 0.030869 0.023415 0.017555 0.013009 0.009530 0.006900 0.004939 0.003494 0.002444 0.001690 0.001155 0.000780 0.000521 0.000344 0.000225 0.000145 0.000093 0.000058 0.000036 0.000022 0.000014 0.000008 0.000005 0.000003 0.000002 0.000002 0.000002 
0.000001 0.000001 0.000002 0.000003 0.000004 0.000007 0.000012 0.000020 0.000032 0.000052 0.000084 0.000133 0.000208 0.000322 0.000493 0.000746 0.001117 0.001652 0.002417 0.003494 0.004995 0.007057 0.009858 0.013611 0.018576 0.025060 0.033417 0.044046 0.057384 0.073894 0.094051 0.118316 0.147110 0.180783 0.219576 0.263583 0.312718 0.366679 0.424926 0.486667 0.550856 0.616210 0.681242 0.744310 0.803680 0.857607 0.904414 0.942582 0.970829 0.988182 0.994035 0.988182 0.970829 0.942582 0.904414 0.857607 0.803680 0.744310 0.681242 0.616210 0.550856 0.486667 0.424926 0.366679 0.312718 0.263583 0.219576 0.180783 0.147110 0.118316 0.094051 0.073894 0.057384 0.044046 0.033417 0.025060 0.018576 0.013611 0.009858 0.007057 0.004995 0.003494 0.002417 0.001652 0.001117 0.000746 0.000493 0.000322 0.000208 0.000133 0.000084 0.000052 0.000032 0.000020 0.000012 0.000007 0.000004 0.000003 0.000002 0.000002 
0.000002 0.000002 0.000002 0.000004 0.000006 0.000010 0.000017 0.000028 0.000046 0.000074 0.000119 0.000188 0.000294 0.000456 0.000698 0.001056 0.001580 0.002337 0.003417 0.004939 0.007057 0.009969 0.013921 0.019216 0.026220 0.035365 0.047148 0.062131 0.080928 0.104191 0.132587 0.166764 0.207314 0.254726 0.309338 0.371282 0.440434 0.516368 0.598325 0.685187 0.775484 0.867412 0.958879 1.047576 1.131069 1.206902 1.272720 1.326387 1.366104 1.390503 1.398733 1.390503 1.366104 1.326387 1.272720 1.206902 1.131069 1.047576 0.958879 0.867412 0.775484 0.685187 0.598325 0.516368 0.440434 0.371282 0.309338 0.254726 0.207314 0.166764 0.132587 0.104191 0.080928 0.062131 0.047148 0.035365 0.026220 0.019216 0.013921 0.009969 0.007057 0.004939 0.003417 0.002337 0.001580 0.001056 0.000698 0.000456 0.000294 0.000188 0.000119 0.000074 0.000046 0.000028 0.000017 0.000010 0.000006 0.000004 0.000003 0.000003 
0.000003 0.000003 0.000003 0.000005 0.000008 0.000014 0.000024 0.000039 0.000064 0.000104 0.000166 0.000263 0.000412 0.000638 0.000976 0.001477 0.002209 0.003266 0.004775 0.006900 0.009858 0.013921 0.019435 0.026820 0.036587 0.049336 0.065759 0.086639 0.112828 0.145234 0.184781 0.232372 0.288826 0.354824 0.430834 0.517035 0.613254 0.718897 0.832904 0.953724 1.079308 1.207149 1.334338 1.457668 1.573753 1.679183 1.770685 1.845293 1.900504 1.934422 1.945862 1.934422 1.900504 1.845293 1.770685 1.679183 1.573753 1.457668 1.334338 1.207149 1.079308 0.953724 0.832904 0.718897 0.613254 0.517035 0.430834 0.354824 0.288826 0.232372 0.184781 0.145234 0.112828 0.086639 0.065759 0.049336 0.036587 0.026820 0.019435 0.013921 0.009858 0.006900 0.004775 0.003266 0.002209 0.001477 0.000976 0.000638 0.000412 0.000263 0.000166 0.000104 0.000064 0.000039 0.000024 0.000014 0.000009 0.000006 0.000004 0.000004 
0.000003 0.000003 0.000005 0.000007 0.000012 0.000020 0.000033 0.000054 0.000089 0.000144 0.000230 0.000365 0.000571 0.000883 0.001350 0.002042 0.003053 0.004514 0.006596 0.009530 0.013611 0.019216 0.026820 0.037004 0.050467 0.068037 0.090668 0.119432 0.155504 0.200129 0.254580 0.320093 0.397796 0.488621 0.593206 0.711800 0.844158 0.989462 1.146254 1.312396 1.485074 1.660840 1.835697 2.005236 2.164806 2.309722 2.435488 2.538030 2.613911 2.660526 2.676249 2.660526 2.613911 2.538030 2.435488 2.309722 2.164806 2.005236 1.835697 1.660840 1.485074 1.312396 1.146254 0.989462 0.844158 0.711800 0.593206 0.488621 0.397796 0.320093 0.254580 0.200129 0.155504 0.119432 0.090668 0.068037 0.050467 0.037004 0.026820 0.019216 0.013611 0.009530 0.006596 0.004514 0.003053 0.002042 0.001350 0.000883 0.000571 0.000365 0.000230 0.000144 0.000089 0.000054 0.000033 0.000020 0.000012 0.000008 0.000006 0.000006 
0.000005 0.000005 0.000006 0.000010 0.000016 0.000027 0.000045 0.000074 0.000122 0.000197 0.000315 0.000499 0.000780 0.001207 0.001846 0.002791 0.004172 0.006165 0.009007 0.013009 0.018576 0.026220 0.036587 0.050467 0.068814 0.092752 0.123578 0.162750 0.211866 0.272618 0.346732 0.435889 0.541617 0.665182 0.807448 0.968748 1.148746 1.346327 1.559505 1.785374 2.020107 2.259017 2.496674 2.727087 2.943940 3.140867 3.311766 3.451100 3.554206 3.617545 3.638908 3.617545 3.554206 3.451100 3.311766 3.140867 2.943940 2.727087 2.496674 2.259017 2.020107 1.785374 1.559505 1.346327 1.148746 0.968748 0.807448 0.665182 0.541617 0.435889 0.346732 0.272618 0.211866 0.162750 0.123578 0.092752 0.068814 0.050467 0.036587 0.026220 0.018576 0.013009 0.009007 0.006165 0.004172 0.002791 0.001846 0.001207 0.000780 0.000499 0.000315 0.000197 0.000122 0.000075 0.000045 0.000027 0.000017 0.000011 0.000008 0.000008 
0.000006 0.000006 0.000009 0.000013 0.000022 0.000037 0.000061 0.000101 0.000165 0.000267 0.000427 0.000675 0.001055 0.001631 0.002494 0.003770 0.005634 0.008323 0.012157 0.017555 0.025060 0.035365 0.049336 0.068037 0.092752 0.124991 0.166499 0.219236 0.285347 0.367107 0.466832 0.586778 0.728998 0.895186 1.086500 1.303382 1.545377 1.810981 2.097522 2.401091 2.716546 3.037589 3.356925 3.666508 3.957853 4.222418 4.452003 4.639180 4.777684 4.862767 4.891464 4.862767 4.777684 4.639180 4.452003 4.222418 3.957853 3.666508 3.356925 3.037589 2.716546 2.401091 2.097522 1.810981 1.545377 1.303382 1.086500 0.895186 0.728998 0.586778 0.466832 0.367107 0.285347 0.219236 0.166499 0.124991 0.092752 0.068037 0.049336 0.035365 0.025060 0.017555 0.012157 0.008323 0.005634 0.003770 0.002494 0.001631 0.001055 0.000675 0.000427 0.000267 0.000165 0.000101 0.000061 0.000037 0.000023 0.000015 0.000011 0.000011 
0.000009 0.000009 0.000011 0.000018 0.000029 0.000049 0.000082 0.000135 0.000221 0.000357 0.000570 0.000902 0.001410 0.002179 0.003331 0.005033 0.007520 0.011107 0.016219 0.023415 0.033417 0.047148 0.065759 0.090668 0.123578 0.166499 0.221749 0.291933 0.379901 0.488671 0.621321 0.780844 0.969962 1.190921 1.445255 1.733542 2.055173 2.408144 2.788901 3.192248 3.611352 4.037847 4.462044 4.873260 5.260231 5.611614 5.916528 6.165111 6.349049 6.462041 6.500150 6.462041 6.349049 6.165111 5.916528 5.611614 5.260231 4.873260 4.462044 4.037847 3.611352 3.192248 2.788901 2.408144 2.055173 1.733542 1.445255 1.190921 0.969962 0.780844 0.621321 0.488671 0.379901 0.291933 0.221749 0.166499 0.123578 0.090668 0.065759 0.047148 0.033417 0.023415 0.016219 0.011107 0.007520 0.005033 0.003331 0.002179 0.001410 0.000902 0.000570 0.000357 0.000221 0.000135 0.000082 0.000050 0.000031 0.000020 0.000015 0.000015 
0.000012 0.000012 0.000015 0.000024 0.000039 0.000065 0.000108 0.000178 0.000292 0.000471 0.000754 0.001191 0.001862 0.002878 0.004397 0.006642 0.009921 0.014650 0.021388 0.030869 0.044046 0.062131 0.086639 0.119432 0.162750 0.219236 0.291933 0.384264 0.499970 0.643016 0.817439 1.027166 1.275768 1.566188 1.900431 2.279250 2.701838 3.165557 3.665729 4.195530 4.745983 5.306101 5.863165 6.403149 6.911270 7.372641 7.772982 8.099353 8.340846 8.489189 8.539222 8.489189 8.340846 8.099353 7.772982 7.372641 6.911270 6.403149 5.863165 5.306101 4.745983 4.195530 3.665729 3.165557 2.701838 2.279250 1.900431 1.566188 1.275768 1.027166 0.817439 0.643016 0.499970 0.384264 0.291933 0.219236 0.162750 0.119432 0.086639 0.062131 0.044046 0.030869 0.021388 0.014650 0.009921 0.006642 0.004397 0.002878 0.001862 0.001191 0.000754 0.000472 0.000292 0.000179 0.000109 0.000066 0.000040 0.000026 0.000020 0.000020 
0.000015 0.000015 0.000020 0.000031 0.000051 0.000085 0.000141 0.000233 0.000381 0.000616 0.000984 0.001555 0.002431 0.003755 0.005736 0.008664 0.012937 0.019099 0.027877 0.040226 0.057384 0.080928 0.112828 0.155504 0.211866 0.285347 0.379901 0.499970 0.650414 0.836375 1.063094 1.335663 1.658712 2.036054 2.470283 2.962367 3.511247 4.113490 4.763017 5.450960 6.165665 6.892867 7.616058 8.317035 8.976617 9.575488 10.095121 10.518732 10.832168 11.024703 11.089640 11.024703 10.832168 10.518732 10.095121 9.575488 8.976617 8.317035 7.616058 6.892867 6.165665 5.450960 4.763017 4.113490 3.511247 2.962367 2.470283 2.036054 1.658712 1.335663 1.063094 0.836375 0.650414 0.499970 0.379901 0.285347 0.211866 0.155504 0.112828 0.080928 0.057384 0.040226 0.027877 0.019099 0.012937 0.008664 0.005736 0.003755 0.002431 0.001555 0.000984 0.000616 0.000381 0.000234 0.000142 0.000086 0.000053 0.000035 0.000027 0.000027 
0.000020 0.000020 0.000026 0.000040 0.000066 0.000110 0.000183 0.000301 0.000492 0.000795 0.001270 0.002007 0.003136 0.004843 0.007397 0.011169 0.016674 0.024610 0.035912 0.051810 0.073894 0.104191 0.145234 0.200129 0.272618 0.367107 0.488671 0.643016 0.836375 1.075347 1.366656 1.716829 2.131801 2.616455 3.174111 3.805998 4.510746 5.283936 6.117759 7.000827 7.918177 8.851505 9.779627 10.679193 11.525596 12.294060 12.960825 13.504364 13.906529 14.153564 14.236882 14.153564 13.906529 13.504364 12.960825 12.294060 11.525596 10.679193 9.779627 8.851505 7.918177 7.000827 6.117759 5.283936 4.510746 3.805998 3.174111 2.616455 2.131801 1.716829 1.366656 1.075347 0.836375 0.643016 0.488671 0.367107 0.272618 0.200129 0.145234 0.104191 0.073894 0.051810 0.035912 0.024610 0.016674 0.011169 0.007397 0.004843 0.003136 0.002007 0.001271 0.000795 0.000492 0.000302 0.000183 0.000111 0.000068 0.000045 0.000034 0.000034 
0.000025 0.000025 0.000033 0.000051 0.000084 0.000140 0.000233 0.000385 0.000628 0.001015 0.001621 0.002560 0.003998 0.006174 0.009426 0.014230 0.021239 0.031342 0.045727 0.065955 0.094051 0.132587 0.184781 0.254580 0.346732 0.466832 0.621321 0.817439 1.063094 1.366656 1.736650 2.181350 2.708277 3.323613 4.031557 4.833655 5.728154 6.709434 7.767575 8.888122 10.052089 11.236251 12.413740 13.554941 14.628650 15.603450 16.449219 17.138661 17.648771 17.962107 18.067786 17.962107 17.648771 17.138661 16.449219 15.603450 14.628650 13.554941 12.413740 11.236251 10.052089 8.888122 7.767575 6.709434 5.728154 4.833655 4.031557 3.323613 2.708277 2.181350 1.736650 1.366656 1.063094 0.817439 0.621321 0.466832 0.346732 0.254580 0.184781 0.132587 0.094051 0.065955 0.045727 0.031342 0.021239 0.014230 0.009426 0.006174 0.003998 0.002560 0.001621 0.001015 0.000628 0.000385 0.000234 0.000142 0.000088 0.000057 0.000044 0.000044 
0.000032 0.000032 0.000042 0.000065 0.000106 0.000177 0.000294 0.000485 0.000792 0.001279 0.002043 0.003226 0.005038 0.007777 0.011872 0.017919 0.026740 0.039451 0.057546 0.082987 0.118316 0.166764 0.232372 0.320093 0.435889 0.586778 0.780844 1.027166 1.335663 1.716829 2.181350 2.739594 3.400983 4.173257 5.061664 6.068127 7.190429 8.421507 9.748907 11.154488 12.614434 14.099619 15.576354 17.007506 18.353961 19.576337 20.636878 21.501373 22.140990 22.533873 22.666379 22.533873 22.140990 21.501373 20.636878 19.576337 18.353961 17.007506 15.576354 14.099619 12.614434 11.154488 9.748907 8.421507 7.190429 6.068127 5.061664 4.173257 3.400983 2.739594 2.181350 1.716829 1.335663 1.027166 0.780844 0.586778 0.435889 0.320093 0.232372 0.166764 0.118316 0.082987 0.057546 0.039451 0.026740 0.017919 0.011872 0.007777 0.005038 0.003226 0.002043 0.001280 0.000793 0.000486 0.000296 0.000179 0.000111 0.000072 0.000056 0.000056 
0.000040 0.000040 0.000052 0.000081 0.000132 0.000221 0.000367 0.000605 0.000988 0.001594 0.002545 0.004019 0.006273 0.009683 0.014779 0.022301 0.033272 0.049079 0.071576 0.103202 0.147110 0.207314 0.288826 0.397796 0.541617 0.728998 0.969962 1.275768 1.658712 2.131801 2.708277 3.400983 4.221587 5.179669 6.281716 7.530091 8.922027 10.448747 12.094794 13.837669 15.647838 17.489192 19.319973 21.094161 22.763281 24.278534 25.593139 26.664708 27.457520 27.944495 28.108735 27.944495 27.457520 26.664708 25.593139 24.278534 22.763281 21.094161 19.319973 17.489192 15.647838 13.837669 12.094794 10.448747 8.922027 7.530091 6.281716 5.179669 4.221587 3.400983 2.708277 2.131801 1.658712 1.275768 0.969962 0.728998 0.541617 0.397796 0.288826 0.207314 0.147110 0.103202 0.071576 0.049079 0.033272 0.022301 0.014779 0.009683 0.006273 0.004019 0.002546 0.001595 0.000988 0.000606 0.000369 0.000224 0.000138 0.000090 0.000069 0.000069 
0.000049 0.000049 0.000064 0.000099 0.000163 0.000272 0.000452 0.000745 0.001216 0.001963 0.003134 0.004947 0.007721 0.011915 0.018181 0.027430 0.040916 0.060344 0.087990 0.126845 0.180783 0.254726 0.354824 0.488621 0.665182 0.895186 1.190921 1.566188 2.036054 2.616455 3.323613 4.173257 5.179669 6.354569 7.705890 9.236500 10.942986 12.814570 14.832290 16.968559 19.187176 21.443890 23.687534 25.861725 27.907081 29.763826 31.374657 32.687659 33.659081 34.255760 34.456998 34.255760 33.659081 32.687659 31.374657 29.763826 27.907081 25.861725 23.687534 21.443890 19.187176 16.968559 14.832290 12.814570 10.942986 9.236500 7.705890 6.354569 5.179669 4.173257 3.323613 2.616455 2.036054 1.566188 1.190921 0.895186 0.665182 0.488621 0.354824 0.254726 0.180783 0.126845 0.087990 0.060344 0.040916 0.027430 0.018181 0.011915 0.007721 0.004947 0.003134 0.001964 0.001217 0.000747 0.000454 0.000276 0.000170 0.000111 0.000086 0.000086 
0.000060 0.000060 0.000078 0.000121 0.000199 0.000331 0.000551 0.000908 0.001481 0.002390 0.003813 0.006018 0.009391 0.014489 0.022105 0.033344 0.049729 0.073329 0.106905 0.154088 0.219576 0.309338 0.430834 0.593206 0.807448 1.086500 1.445255 1.900431 2.470283 3.174111 4.031557 5.061664 6.281716 7.705890 9.343768 11.198801 13.266826 15.534759 17.979612 20.567947 23.255901 25.989869 28.707874 31.341633 33.819233 36.068292 38.019427 39.609780 40.786382 41.509081 41.752819 41.509081 40.786382 39.609780 38.019427 36.068292 33.819233 31.341633 28.707874 25.989869 23.255901 20.567947 17.979612 15.534759 13.266826 11.198801 9.343768 7.705890 6.281716 5.061664 4.031557 3.174111 2.470283 1.900431 1.445255 1.086500 0.807448 0.593206 0.430834 0.309338 0.219576 0.154088 0.106905 0.073329 0.049729 0.033344 0.022105 0.014489 0.009391 0.006018 0.003814 0.002390 0.001482 0.000909 0.000553 0.000336 0.000207 0.000136 0.000104 0.000104 
0.000072 0.000072 0.000094 0.000146 0.000239 0.000399 0.000663 0.001092 0.001781 0.002874 0.004586 0.007235 0.011288 0.017413 0.026561 0.040058 0.059733 0.088066 0.128369 0.184998 0.263583 0.371282 0.517035 0.711800 0.968748 1.303382 1.733542 2.279250 2.962367 3.805998 4.833655 6.068127 7.530091 9.236500 11.198801 13.421095 15.898367 18.614922 21.543206 24.643160 27.862251 31.136286 34.391063 37.544831 40.511505 43.204447 45.540606 47.444752 48.853489 49.718763 50.010585 49.718763 48.853489 47.444752 45.540606 43.204447 40.511505 37.544831 34.391063 31.136286 27.862251 24.643160 21.543206 18.614922 15.898367 13.421095 11.198801 9.236500 7.530091 6.068127 4.833655 3.805998 2.962367 2.279250 1.733542 1.303382 0.968748 0.711800 0.517035 0.371282 0.263583 0.184998 0.128369 0.088066 0.059733 0.040058 0.026561 0.017413 0.011288 0.007235 0.004586 0.002874 0.001782 0.001094 0.000666 0.000404 0.000249 0.000164 0.000126 0.000126 
0.000085 0.000085 0.000112 0.000173 0.000285 0.000474 0.000788 0.001298 0.002117 0.003416 0.005449 0.008596 0.013408 0.020681 0.031540 0.047560 0.070909 0.104527 0.152342 0.219514 0.312718 0.440434 0.613254 0.844158 1.148746 1.545377 2.055173 2.701838 3.511247 4.510746 5.728154 7.190429 8.922027 10.942986 13.266826 15.898367 18.831640 22.048035 25.514909 29.184825 32.995591 36.871222 40.723895 44.456867 47.968273 51.155595 53.920572 56.174195 57.841462 58.865520 59.210892 58.865520 57.841462 56.174195 53.920572 51.155595 47.968273 44.456867 40.723895 36.871222 32.995591 29.184825 25.514909 22.048035 18.831640 15.898367 13.266826 10.942986 8.922027 7.190429 5.728154 4.510746 3.511247 2.701838 2.055173 1.545377 1.148746 0.844158 0.613254 0.440434 0.312718 0.219514 0.152342 0.104527 0.070909 0.047560 0.031540 0.020681 0.013408 0.008596 0.005449 0.003416 0.002119 0.001300 0.000792 0.000481 0.000297 0.000195 0.000149 0.000149 
0.000100 0.000100 0.000132 0.000204 0.000335 0.000557 0.000926 0.001526 0.002487 0.004012 0.006399 0.010092 0.015740 0.024274 0.037014 0.055805 0.083190 0.122613 0.178676 0.257426 0.366679 0.516368 0.718897 0.989462 1.346327 1.810981 2.408144 3.165557 4.113490 5.283936 6.709434 8.421507 10.448747 12.814570 15.534759 18.614922 22.048035 25.812289 29.869462 34.164027 38.623206 43.158093 47.665943 52.033587 56.141870 59.870885 63.105707 65.742238 67.692760 68.890787 69.294830 68.890787 67.692760 65.742238 63.105707 59.870885 56.141870 52.033587 47.665943 43.158093 38.623206 34.164027 29.869462 25.812289 22.048035 18.614922 15.534759 12.814570 10.448747 8.421507 6.709434 5.283936 4.113490 3.165557 2.408144 1.810981 1.346327 0.989462 0.718897 0.516368 0.366679 0.257426 0.178676 0.122613 0.083190 0.055805 0.037014 0.024274 0.015740 0.010092 0.006399 0.004012 0.002489 0.001528 0.000930 0.000565 0.000349 0.000229 0.000176 0.000176 
0.000117 0.000117 0.000154 0.000237 0.000389 0.000647 0.001075 0.001771 0.002887 0.004656 0.007425 0.011710 0.018260 0.028156 0.042927 0.064711 0.096453 0.142143 0.207109 0.298354 0.424926 0.598325 0.832904 1.146254 1.559505 2.097522 2.788901 3.665729 4.763017 6.117759 7.767575 9.748907 12.094794 14.832290 17.979612 21.543206 25.514909 29.869462 34.562626 39.530159 44.687876 49.932953 55.146572 60.197874 64.949086 69.261573 73.002468 76.051422 78.307031 79.692435 80.159670 79.692435 78.307031 76.051422 73.002468 69.261573 64.949086 60.197874 55.146572 49.932953 44.687876 39.530159 34.562626 29.869462 25.514909 21.543206 17.979612 14.832290 12.094794 9.748907 7.767575 6.117759 4.763017 3.665729 2.788901 2.097522 1.559505 1.146254 0.832904 0.598325 0.424926 0.298354 0.207109 0.142143 0.096453 0.064711 0.042927 0.028156 0.018260 0.011710 0.007426 0.004657 0.002889 0.001774 0.001080 0.000657 0.000405 0.000266 0.000204 0.000204 
0.000134 0.000134 0.000176 0.000272 0.000446 0.000743 0.001234 0.002032 0.003312 0.005340 0.008515 0.013426 0.020934 0.032274 0.049199 0.074157 0.110519 0.162852 0.237255 0.341742 0.486667 0.685187 0.953724 1.312396 1.785374 2.401091 3.192248 4.195530 5.450960 7.000827 8.888122 11.154488 13.837669 16.968559 20.567947 24.643160 29.184825 34.164027 39.530159 45.209755 51.106558 57.103022 63.063325 68.837895 74.269268 79.199003 83.475254 86.960492 89.538833 91.122449 91.656530 91.122449 89.538833 86.960492 83.475254 79.199003 74.269268 68.837895 63.063325 57.103022 51.106558 45.209755 39.530159 34.164027 29.184825 24.643160 20.567947 16.968559 13.837669 11.154488 8.888122 7.000827 5.450960 4.195530 3.192248 2.401091 1.785374 1.312396 0.953724 0.685187 0.486667 0.341742 0.237255 0.162852 0.110519 0.074157 0.049199 0.032274 0.020934 0.013426 0.008515 0.005341 0.003314 0.002035 0.001240 0.000754 0.000465 0.000305 0.000235 0.000235 
0.000152 0.000152 0.000200 0.000309 0.000506 0.000843 0.001399 0.002304 0.003754 0.006052 0.009649 0.015212 0.023716 0.036559 0.055724 0.083983 0.125148 0.184389 0.268603 0.386855 0.550856 0.775484 1.079308 1.485074 2.020107 2.716546 3.611352 4.745983 6.165665 7.918177 10.052089 12.614434 15.647838 19.187176 23.255901 27.862251 32.995591 38.623206 44.687876 51.106558 57.770469 64.546779 71.282024 77.807213 83.944449 89.514744 94.346562 98.284546 101.197795 102.987099 103.590547 102.987099 101.197795 98.284546 94.346562 89.514744 83.944449 77.807213 71.282024 64.546779 57.770469 51.106558 44.687876 38.623206 32.995591 27.862251 23.255901 19.187176 15.647838 12.614434 10.052089 7.918177 6.165665 4.745983 3.611352 2.716546 2.020107 1.485074 1.079308 0.775484 0.550856 0.386855 0.268603 0.184389 0.125148 0.083983 0.055724 0.036559 0.023716 0.015213 0.009650 0.006053 0.003756 0.002307 0.001406 0.000855 0.000528 0.000347 0.000266 0.000266 
0.000171 0.000171 0.000224 0.000346 0.000567 0.000944 0.001567 0.002580 0.004205 0.006778 0.010805 0.017033 0.026551 0.040925 0.062372 0.093993 0.140050 0.206323 0.300526 0.432791 0.616210 0.867412 1.207149 1.660840 2.259017 3.037589 4.037847 5.306101 6.892867 8.851505 11.236251 14.099619 17.489192 21.443890 25.989869 31.136286 36.871222 43.158093 49.932953 57.103022 64.546779 72.115860 79.638867 86.927075 93.781820 100.003229 105.399758 109.797935 113.051597 115.049969 115.723924 115.049969 113.051597 109.797935 105.399758 100.003229 93.781820 86.927075 79.638867 72.115860 64.546779 57.103022 49.932953 43.158093 36.871222 31.136286 25.989869 21.443890 17.489192 14.099619 11.236251 8.851505 6.892867 5.306101 4.037847 3.037589 2.259017 1.660840 1.207149 0.867412 0.616210 0.432791 0.300526 0.206323 0.140050 0.093993 0.062373 0.040925 0.026551 0.017033 0.010806 0.006779 0.004207 0.002585 0.001575 0.000958 0.000591 0.000388 0.000298 0.000298 
0.000189 0.000189 0.000248 0.000383 0.000628 0.001045 0.001735 0.002856 0.004654 0.007501 0.011957 0.018846 0.029375 0.045272 0.068991 0.103957 0.154883 0.228155 0.332297 0.478505 0.681242 0.958879 1.334338 1.835697 2.496674 3.356925 4.462044 5.863165 7.616058 9.779627 12.413740 15.576354 19.319973 23.687534 28.707874 34.391063 40.723895 47.665943 55.146572 63.063325 71.282024 79.638867 87.944641 95.991009 103.558680 110.427034 116.384652 121.240062 124.831947 127.038039 127.782047 127.038039 124.831947 121.240062 116.384652 110.427034 103.558680 95.991009 87.944641 79.638867 71.282024 63.063325 55.146572 47.665943 40.723895 34.391063 28.707874 23.687534 19.319973 15.576354 12.413740 9.779627 7.616058 5.863165 4.462044 3.356925 2.496674 1.835697 1.334338 0.958879 0.681242 0.478505 0.332297 0.228155 0.154883 0.103957 0.068991 0.045272 0.029375 0.018847 0.011957 0.007503 0.004657 0.002861 0.001744 0.001060 0.000655 0.000430 0.000330 0.000330 
