0.000000 0.000000 0.000000 0.000000 0.000000 0.000000 0.000000 0.000000 0.000000 0.000000 0.000000 0.000000 0.000000 0.000000 0.000000 0.000000 0.000000 0.000000 0.000000 0.000000 0.000000 0.000000 0.000000 0.000000 0.000000 0.000000 0.000000 0.000000 0.000000 0.000000 0.000000 0.000000 0.000000 0.000000 0.000000 0.000000 0.000000 0.000000 0.000000 0.000000 0.000000 0.000000 0.000000 0.000000 0.000000 0.000000 0.000000 0.000000 0.000000 0.000000 0.000000 0.000000 0.000000 0.000000 0.000000 0.000000 0.000000 0.000000 0.000000 0.000000 0.000000 0.000000 0.000000 0.000000 0.000000 0.000000 0.000000 0.000000 0.000000 0.000000 0.000000 0.000000 0.000000 0.000000 0.000000 0.000000 0.000000 0.000000 0.000000 0.000000 0.000000 0.000000 0.000000 0.000000 0.000000 0.000000 0.000000 0.000000 0.000000 0.000000 0.000000 0.000000 0.000000 0.000000 0.000000 0.000000 0.000000 0.000000 0.000000 0.000000 
0.000000 0.000000 0.000000 0.000000 0.000000 0.000000 0.000000 0.000000 0.000000 0.000000 0.000000 0.000000 0.000000 0.000000 0.000000 0.000000 0.000000 0.000000 0.000000 0.000000 0.000000 0.000000 0.000000 0.000000 0.000000 0.000000 0.000000 0.000000 0.000000 0.000000 0.000000 0.000000 0.000000 0.000000 0.000000 0.000000 0.000000 0.000000 0.000000 0.000000 0.000000 0.000000 0.000000 0.000000 0.000000 0.000000 0.000000 0.000000 0.000000 0.000000 0.000000 0.000000 0.000000 0.000000 0.000000 0.000000 0.000000 0.000000 0.000000 0.000000 0.000000 0.000000 0.000000 0.000000 0.000000 0.000000 0.000000 0.000000 0.000000 0.000000 0.000000 0.000000 0.000000 0.000000 0.000000 0.000000 0.000000 0.000000 0.000000 0.000000 0.000000 0.000000 0.000000 0.000000 0.000000 0.000000 0.000000 0.000000 0.000000 0.000000 0.000000 0.000000 0.000000 0.000000 0.000000 0.000000 0.000000 0.000000 0.000000 0.000000 
0.000000 0.000000 0.000000 0.000000 0.000000 0.000000 0.000000 0.000000 0.000000 0.000000 0.000000 0.000000 0.000000 0.000000 0.000000 0.000000 0.000000 0.000000 0.000000 0.000000 0.000000 0.000000 0.000000 0.000000 0.000000 0.000000 0.000000 0.000000 0.000000 0.000000 0.000000 0.000000 0.000000 0.000000 0.000000 0.000000 0.000000 0.000000 0.000000 0.000000 0.000000 0.000000 0.000000 0.000000 0.000000 0.000000 0.000000 0.000000 0.000000 0.000000 0.000000 0.000000 0.000000 0.000000 0.000000 0.000000 0.000000 0.000000 0.000000 0.000000 0.000000 0.000000 0.000000 0.000000 0.000000 0.000000 0.000000 0.000000 0.000000 0.000000 0.000000 0.000000 0.000000 0.000000 0.000000 0.000000 0.000000 0.000000 0.000000 0.000000 0.000000 0.000000 0.000000 0.000000 0.000000 0.000000 0.000000 0.000000 0.000000 0.000000 0.000000 0.000000 0.000000 0.000000 0.000000 0.000000 0.000000 0.000000 0.000000 0.000000 
0.000000 0.000000 0.000000 0.000000 0.000000 0.000000 0.000000 0.000000 0.000000 0.000000 0.000000 0.000000 0.000000 0.000000 0.000000 0.000000 0.000000 0.000000 0.000000 0.000000 0.000000 0.000000 0.000000 0.000000 0.000000 0.000000 0.000000 0.000000 0.000000 0.000000 0.000000 0.000000 0.000000 0.000000 0.000000 0.000000 0.000000 0.000000 0.000000 0.000000 0.000000 0.000000 0.000000 0.000001 0.000001 0.000001 0.000001 0.000001 0.000001 0.000001 0.000001 0.000001 0.000001 0.000001 0.000001 0.000001 0.000001 0.000001 0.000000 0.000000 0.000000 0.000000 0.000000 0.000000 0.000000 0.000000 0.000000 0.000000 0.000000 0.000000 0.000000 0.000000 0.000000 0.000000 0.000000 0.000000 0.000000 0.000000 0.000000 0.000000 0.000000 0.000000 0.000000 0.000000 0.000000 0.000000 0.000000 0.000000 0.000000 0.000000 0.000000 0.000000 0.000000 0.000000 0.000000 0.000000 0.000000 0.000000 0.000000 0.000000 
0.000000 0.000000 0.000000 0.000000 0.000000 0.000000 0.000000 0.000000 0.000000 0.000000 0.000000 0.000000 0.000000 0.000000 0.000000 0.000000 0.000000 0.000000 0.000000 0.000000 0.000000 0.000000 0.000000 0.000000 0.000000 0.000000 0.000000 0.000000 0.000000 0.000000 0.000000 0.000000 0.000000 0.000000 0.000000 0.000000 0.000000 0.000000 0.000000 0.000001 0.000001 0.000001 0.000001 0.000001 0.000001 0.000002 0.000002 0.000002 0.000002 0.000002 0.000002 0.000002 0.000002 0.000002 0.000002 0.000002 0.000001 0.000001 0.000001 0.000001 0.000001 0.000001 0.000000 0.000000 0.000000 0.000000 0.000000 0.000000 0.000000 0.000000 0.000000 0.000000 0.000000 0.000000 0.000000 0.000000 0.000000 0.000000 0.000000 0.000000 0.000000 0.000000 0.000000 0.000000 0.000000 0.000000 0.000000 0.000000 0.000000 0.000000 0.000000 0.000000 0.000000 0.000000 0.000000 0.000000 0.000000 0.000000 0.000000 0.000000 
0.000000 0.000000 0.000000 0.000000 0.000000 0.000000 0.000000 0.000000 0.000000 0.000000 0.000000 0.000000 0.000000 0.000000 0.000000 0.000000 0.000000 0.000000 0.000000 0.000000 0.000000 0.000000 0.000000 0.000000 0.000000 0.000000 0.000000 0.000000 0.000000 0.000000 0.000000 0.000000 0.000000 0.000000 0.000000 0.000001 0.000001 0.000001 0.000001 0.000001 0.000002 0.000002 0.000002 0.000003 0.000003 0.000003 0.000004 0.000004 0.000004 0.000004 0.000004 0.000004 0.000004 0.000004 0.000004 0.000003 0.000003 0.000003 0.000002 0.000002 0.000002 0.000001 0.000001 0.000001 0.000001 0.000001 0.000000 0.000000 0.000000 0.000000 0.000000 0.000000 0.000000 0.000000 0.000000 0.000000 0.000000 0.000000 0.000000 0.000000 0.000000 0.000000 0.000000 0.000000 0.000000 0.000000 0.000000 0.000000 0.000000 0.000000 0.000000 0.000000 0.000000 0.000000 0.000000 0.000000 0.000000 0.000000 0.000000 0.000000 
0.000000 0.000000 0.000000 0.000000 0.000000 0.000000 0.000000 0.000000 0.000000 0.000000 0.000000 0.000000 0.000000 0.000000 0.000000 0.000000 0.000000 0.000000 0.000000 0.000000 0.000000 0.000000 0.000000 0.000000 0.000000 0.000000 0.000000 0.000000 0.000000 0.000000 0.000000 0.000000 0.000000 0.000001 0.000001 0.000001 0.000001 0.000002 0.000002 0.000003 0.000004 0.000004 0.000005 0.000006 0.000007 0.000007 0.000008 0.000009 0.000009 0.000009 0.000010 0.000009 0.000009 0.000009 0.000008 0.000007 0.000007 0.000006 0.000005 0.000004 0.000004 0.000003 0.000002 0.000002 0.000001 0.000001 0.000001 0.000001 0.000000 0.000000 0.000000 0.000000 0.000000 0.000000 0.000000 0.000000 0.000000 0.000000 0.000000 0.000000 0.000000 0.000000 0.000000 0.000000 0.000000 0.000000 0.000000 0.000000 0.000000 0.000000 0.000000 0.000000 0.000000 0.000000 0.000000 0.000000 0.000000 0.000000 0.000000 0.000000 
0.000000 0.000000 0.000000 0.000000 0.000000 0.000000 0.000000 0.000000 0.000000 0.000000 0.000000 0.000000 0.000000 0.000000 0.000000 0.000000 0.000000 0.000000 0.000000 0.000000 0.000000 0.000000 0.000000 0.000000 0.000000 0.000000 0.000000 0.000000 0.000000 0.000000 0.000000 0.000001 0.000001 0.000001 0.000002 0.000002 0.000003 0.000004 0.000005 0.000006 0.000008 0.000009 0.000011 0.000013 0.000014 0.000016 0.000017 0.000019 0.000020 0.000020 0.000020 0.000020 0.000020 0.000019 0.000017 0.000016 0.000014 0.000013 0.000011 0.000009 0.000008 0.000006 0.000005 0.000004 0.000003 0.000002 0.000002 0.000001 0.000001 0.000001 0.000000 0.000000 0.000000 0.000000 0.000000 0.000000 0.000000 0.000000 0.000000 0.000000 0.000000 0.000000 0.000000 0.000000 0.000000 0.000000 0.000000 0.000000 0.000000 0.000000 0.000000 0.000000 0.000000 0.000000 0.000000 0.000000 0.000000 0.000000 0.000000 0.000000 
0.000000 0.000000 0.000000 0.000000 0.000000 0.000000 0.000000 0.000000 0.000000 0.000000 0.000000 0.000000 0.000000 0.000000 0.000000 0.000000 0.000000 0.000000 0.000000 0.000000 0.000000 0.000000 0.000000 0.000000 0.000000 0.000000 0.000000 0.000000 0.000000 0.000001 0.000001 0.000001 0.000002 0.000003 0.000004 0.000005 0.000007 0.000009 0.000011 0.000013 0.000016 0.000020 0.000023 0.000027 0.000030 0.000034 0.000037 0.000039 0.000041 0.000043 0.000043 0.000043 0.000041 0.000039 0.000037 0.000034 0.000030 0.000027 0.000023 0.000020 0.000016 0.000013 0.000011 0.000009 0.000007 0.000005 0.000004 0.000003 0.000002 0.000001 0.000001 0.000001 0.000000 0.000000 0.000000 0.000000 0.000000 0.000000 0.000000 0.000000 0.000000 0.000000 0.000000 0.000000 0.000000 0.000000 0.000000 0.000000 0.000000 0.000000 0.000000 0.000000 0.000000 0.000000 0.000000 0.000000 0.000000 0.000000 0.000000 0.000000 
0.000000 0.000000 0.000000 0.000000 0.000000 0.000000 0.000000 0.000000 0.000000 0.000000 0.000000 0.000000 0.000000 0.000000 0.000000 0.000000 0.000000 0.000000 0.000000 0.000000 0.000000 0.000000 0.000000 0.000000 0.000000 0.000000 0.000000 0.000001 0.000001 0.000001 0.000002 0.000003 0.000004 0.000006 0.000008 0.000010 0.000014 0.000018 0.000022 0.000028 0.000034 0.000041 0.000048 0.000056 0.000063 0.000070 0.000076 0.000082 0.000086 0.000088 0.000089 0.000088 0.000086 0.000082 0.000076 0.000070 0.000063 0.000056 0.000048 0.000041 0.000034 0.000028 0.000022 0.000018 0.000014 0.000010 0.000008 0.000006 0.000004 0.000003 0.000002 0.000001 0.000001 0.000001 0.000000 0.000000 0.000000 0.000000 0.000000 0.000000 0.000000 0.000000 0.000000 0.000000 0.000000 0.000000 0.000000 0.000000 0.000000 0.000000 0.000000 0.000000 0.000000 0.000000 0.000000 0.000000 0.000000 0.000000 0.000000 0.000000 
0.000000 0.000000 0.000000 0.000000 0.000000 0.000000 0.000000 0.000000 0.000000 0.000000 0.000000 0.000000 0.000000 0.000000 0.000000 0.000000 0.000000 0.000000 0.000000 0.000000 0.000000 0.000000 0.000000 0.000000 0.000000 0.000000 0.000001 0.000001 0.000002 0.000003 0.000004 0.000006 0.000008 0.000012 0.000016 0.000021 0.000028 0.000036 0.000046 0.000057 0.000070 0.000084 0.000098 0.000113 0.000128 0.000143 0.000155 0.000166 0.000174 0.000179 0.000181 0.000179 0.000174 0.000166 0.000155 0.000143 0.000128 0.000113 0.000098 0.000084 0.000070 0.000057 0.000046 0.000036 0.000028 0.000021 0.000016 0.000012 0.000008 0.000006 0.000004 0.000003 0.000002 0.000001 0.000001 0.000000 0.000000 0.000000 0.000000 0.000000 0.000000 0.000000 0.000000 0.000000 0.000000 0.000000 0.000000 0.000000 0.000000 0.000000 0.000000 0.000000 0.000000 0.000000 0.000000 0.000000 0.000000 0.000000 0.000000 0.000000 
0.000000 0.000000 0.000000 0.000000 0.000000 0.000000 0.000000 0.000000 0.000000 0.000000 0.000000 0.000000 0.000000 0.000000 0.000000 0.000000 0.000000 0.000000 0.000000 0.000000 0.000000 0.000000 0.000000 0.000000 0.000001 0.000001 0.000002 0.000002 0.000004 0.000006 0.000008 0.000012 0.000017 0.000023 0.000032 0.000043 0.000056 0.000073 0.000092 0.000115 0.000140 0.000168 0.000197 0.000228 0.000258 0.000286 0.000312 0.000333 0.000349 0.000359 0.000363 0.000359 0.000349 0.000333 0.000312 0.000286 0.000258 0.000228 0.000197 0.000168 0.000140 0.000115 0.000092 0.000073 0.000056 0.000043 0.000032 0.000023 0.000017 0.000012 0.000008 0.000006 0.000004 0.000002 0.000002 0.000001 0.000001 0.000000 0.000000 0.000000 0.000000 0.000000 0.000000 0.000000 0.000000 0.000000 0.000000 0.000000 0.000000 0.000000 0.000000 0.000000 0.000000 0.000000 0.000000 0.000000 0.000000 0.000000 0.000000 0.000000 
0.000000 0.000000 0.000000 0.000000 0.000000 0.000000 0.000000 0.000000 0.000000 0.000000 0.000000 0.000000 0.000000 0.000000 0.000000 0.000000 0.000000 0.000000 0.000000 0.000000 0.000000 0.000000 0.000000 0.000001 0.000001 0.000002 0.000003 0.000005 0.000007 0.000011 0.000016 0.000024 0.000033 0.000046 0.000063 0.000085 0.000112 0.000144 0.000182 0.000227 0.000277 0.000332 0.000390 0.000449 0.000508 0.000564 0.000614 0.000657 0.000688 0.000708 0.000715 0.000708 0.000688 0.000657 0.000614 0.000564 0.000508 0.000449 0.000390 0.000332 0.000277 0.000227 0.000182 0.000144 0.000112 0.000085 0.000063 0.000046 0.000033 0.000024 0.000016 0.000011 0.000007 0.000005 0.000003 0.000002 0.000001 0.000001 0.000000 0.000000 0.000000 0.000000 0.000000 0.000000 0.000000 0.000000 0.000000 0.000000 0.000000 0.000000 0.000000 0.000000 0.000000 0.000000 0.000000 0.000000 0.000000 0.000000 0.000000 0.000000 
0.000000 0.000000 0.000000 0.000000 0.000000 0.000000 0.000000 0.000000 0.000000 0.000000 0.000000 0.000000 0.000000 0.000000 0.000000 0.000000 0.000000 0.000000 0.000000 0.000000 0.000000 0.000001 0.000001 0.000001 0.000002 0.000004 0.000006 0.000009 0.000014 0.000022 0.000032 0.000046 0.000065 0.000090 0.000123 0.000165 0.000217 0.000280 0.000355 0.000441 0.000538 0.000644 0.000756 0.000871 0.000985 0.001093 0.001191 0.001272 0.001334 0.001373 0.001386 0.001373 0.001334 0.001272 0.001191 0.001093 0.000985 0.000871 0.000756 0.000644 0.000538 0.000441 0.000355 0.000280 0.000217 0.000165 0.000123 0.000090 0.000065 0.000046 0.000032 0.000022 0.000014 0.000009 0.000006 0.000004 0.000002 0.000001 0.000001 0.000001 0.000000 0.000000 0.000000 0.000000 0.000000 0.000000 0.000000 0.000000 0.000000 0.000000 0.000000 0.000000 0.000000 0.000000 0.000000 0.000000 0.000000 0.000000 0.000000 0.000000 
0.000000 0.000000 0.000000 0.000000 0.000000 0.000000 0.000000 0.000000 0.000000 0.000000 0.000000 0.000000 0.000000 0.000000 0.000000 0.000000 0.000000 0.000000 0.000000 0.000000 0.000001 0.000001 0.000002 0.000003 0.000005 0.000007 0.000012 0.000018 0.000028 0.000042 0.000061 0.000088 0.000125 0.000173 0.000236 0.000316 0.000415 0.000536 0.000678 0.000842 0.001027 0.001228 0.001442 0.001662 0.001879 0.002085 0.002270 0.002425 0.002543 0.002616 0.002641 0.002616 0.002543 0.002425 0.002270 0.002085 0.001879 0.001662 0.001442 0.001228 0.001027 0.000842 0.000678 0.000536 0.000415 0.000316 0.000236 0.000173 0.000125 0.000088 0.000061 0.000042 0.000028 0.000018 0.000012 0.000007 0.000005 0.000003 0.000002 0.000001 0.000001 0.000000 0.000000 0.000000 0.000000 0.000000 0.000000 0.000000 0.000000 0.000000 0.000000 0.000000 0.000000 0.000000 0.000000 0.000000 0.000000 0.000000 0.000000 0.000000 
0.000000 0.000000 0.000000 0.000000 0.000000 0.000000 0.000000 0.000000 0.000000 0.000000 0.000000 0.000000 0.000000 0.000000 0.000000 0.000000 0.000000 0.000000 0.000000 0.000001 0.000001 0.000002 0.000003 0.000005 0.000009 0.000014 0.000022 0.000035 0.000053 0.000079 0.000115 0.000166 0.000235 0.000327 0.000445 0.000595 0.000782 0.001007 0.001274 0.001582 0.001928 0.002306 0.002706 0.003117 0.003523 0.003908 0.004255 0.004545 0.004765 0.004902 0.004948 0.004902 0.004765 0.004545 0.004255 0.003908 0.003523 0.003117 0.002706 0.002306 0.001928 0.001582 0.001274 0.001007 0.000782 0.000595 0.000445 0.000327 0.000235 0.000166 0.000115 0.000079 0.000053 0.000035 0.000022 0.000014 0.000009 0.000005 0.000003 0.000002 0.000001 0.000001 0.000000 0.000000 0.000000 0.000000 0.000000 0.000000 0.000000 0.000000 0.000000 0.000000 0.000000 0.000000 0.000000 0.000000 0.000000 0.000000 0.000000 0.000000 
0.000000 0.000000 0.000000 0.000000 0.000000 0.000000 0.000000 0.000000 0.000000 0.000000 0.000000 0.000000 0.000000 0.000000 0.000000 0.000000 0.000000 0.000000 0.000001 0.000001 0.000002 0.000004 0.000006 0.000010 0.000016 0.000026 0.000042 0.000064 0.000098 0.000146 0.000214 0.000309 0.000436 0.000605 0.000824 0.001102 0.001446 0.001862 0.002354 0.002922 0.003559 0.004255 0.004992 0.005748 0.006496 0.007204 0.007841 0.008375 0.008779 0.009031 0.009116 0.009031 0.008779 0.008375 0.007841 0.007204 0.006496 0.005748 0.004992 0.004255 0.003559 0.002922 0.002354 0.001862 0.001446 0.001102 0.000824 0.000605 0.000436 0.000309 0.000214 0.000146 0.000098 0.000064 0.000042 0.000026 0.000016 0.000010 0.000006 0.000004 0.000002 0.000001 0.000001 0.000000 0.000000 0.000000 0.000000 0.000000 0.000000 0.000000 0.000000 0.000000 0.000000 0.000000 0.000000 0.000000 0.000000 0.000000 0.000000 0.000000 
0.000000 0.000000 0.000000 0.000000 0.000000 0.000000 0.000000 0.000000 0.000000 0.000000 0.000000 0.000000 0.000000 0.000000 0.000000 0.000000 0.000000 0.000001 0.000001 0.000002 0.000004 0.000007 0.000011 0.000018 0.000030 0.000048 0.000076 0.000118 0.000179 0.000267 0.000392 0.000563 0.000795 0.001102 0.001500 0.002004 0.002629 0.003384 0.004277 0.005305 0.006459 0.007719 0.009054 0.010422 0.011775 0.013056 0.014208 0.015174 0.015903 0.016358 0.016513 0.016358 0.015903 0.015174 0.014208 0.013056 0.011775 0.010422 0.009054 0.007719 0.006459 0.005305 0.004277 0.003384 0.002629 0.002004 0.001500 0.001102 0.000795 0.000563 0.000392 0.000267 0.000179 0.000118 0.000076 0.000048 0.000030 0.000018 0.000011 0.000007 0.000004 0.000002 0.000001 0.000001 0.000000 0.000000 0.000000 0.000000 0.000000 0.000000 0.000000 0.000000 0.000000 0.000000 0.000000 0.000000 0.000000 0.000000 0.000000 0.000000 
0.000000 0.000000 0.000000 0.000000 0.000000 0.000000 0.000000 0.000000 0.000000 0.000000 0.000000 0.000000 0.000000 0.000000 0.000000 0.000000 0.000001 0.000001 0.000002 0.000004 0.000007 0.000012 0.000020 0.000033 0.000054 0.000087 0.000137 0.000212 0.000322 0.000480 0.000703 0.001010 0.001425 0.001974 0.002684 0.003584 0.004698 0.006046 0.007637 0.009469 0.011525 0.013767 0.016142 0.018577 0.020983 0.023262 0.025310 0.027026 0.028323 0.029132 0.029406 0.029132 0.028323 0.027026 0.025310 0.023262 0.020983 0.018577 0.016142 0.013767 0.011525 0.009469 0.007637 0.006046 0.004698 0.003584 0.002684 0.001974 0.001425 0.001010 0.000703 0.000480 0.000322 0.000212 0.000137 0.000087 0.000054 0.000033 0.000020 0.000012 0.000007 0.000004 0.000002 0.000001 0.000001 0.000000 0.000000 0.000000 0.000000 0.000000 0.000000 0.000000 0.000000 0.000000 0.000000 0.000000 0.000000 0.000000 0.000000 0.000000 
0.000000 0.000000 0.000000 0.000000 0.000000 0.000000 0.000000 0.000000 0.000000 0.000000 0.000000 0.000000 0.000000 0.000000 0.000000 0.000001 0.000001 0.000002 0.000004 0.000007 0.000012 0.000021 0.000036 0.000059 0.000096 0.000154 0.000243 0.000375 0.000569 0.000847 0.001239 0.001779 0.002509 0.003474 0.004722 0.006301 0.008255 0.010618 0.013405 0.016615 0.020213 0.024138 0.028294 0.032552 0.036760 0.040743 0.044322 0.047322 0.049589 0.051001 0.051481 0.051001 0.049589 0.047322 0.044322 0.040743 0.036760 0.032552 0.028294 0.024138 0.020213 0.016615 0.013405 0.010618 0.008255 0.006301 0.004722 0.003474 0.002509 0.001779 0.001239 0.000847 0.000569 0.000375 0.000243 0.000154 0.000096 0.000059 0.000036 0.000021 0.000012 0.000007 0.000004 0.000002 0.000001 0.000001 0.000000 0.000000 0.000000 0.000000 0.000000 0.000000 0.000000 0.000000 0.000000 0.000000 0.000000 0.000000 0.000000 0.000000 
0.000000 0.000000 0.000000 0.000000 0.000000 0.000000 0.000000 0.000000 0.000000 0.000000 0.000000 0.000000 0.000000 0.000000 0.000001 0.000001 0.000002 0.000004 0.000007 0.000012 0.000021 0.000037 0.000062 0.000103 0.000168 0.000269 0.000422 0.000651 0.000987 0.001469 0.002147 0.003082 0.004343 0.006009 0.008163 0.010887 0.014256 0.018327 0.023129 0.028654 0.034848 0.041601 0.048748 0.056070 0.063302 0.070148 0.076298 0.081452 0.085346 0.087772 0.088596 0.087772 0.085346 0.081452 0.076298 0.070148 0.063302 0.056070 0.048748 0.041601 0.034848 0.028654 0.023129 0.018327 0.014256 0.010887 0.008163 0.006009 0.004343 0.003082 0.002147 0.001469 0.000987 0.000651 0.000422 0.000269 0.000168 0.000103 0.000062 0.000037 0.000021 0.000012 0.000007 0.000004 0.000002 0.000001 0.000001 0.000000 0.000000 0.000000 0.000000 0.000000 0.000000 0.000000 0.000000 0.000000 0.000000 0.000000 0.000000 0.000000 
0.000000 0.000000 0.000000 0.000000 0.000000 0.000000 0.000000 0.000000 0.000000 0.000000 0.000000 0.000000 0.000000 0.000001 0.000001 0.000002 0.000004 0.000007 0.000012 0.000021 0.000037 0.000063 0.000107 0.000177 0.000287 0.000459 0.000721 0.001112 0.001684 0.002504 0.003657 0.005245 0.007387 0.010215 0.013869 0.018489 0.024198 0.031093 0.039223 0.048574 0.059051 0.070471 0.082554 0.094930 0.107151 0.118716 0.129103 0.137808 0.144384 0.148480 0.149871 0.148480 0.144384 0.137808 0.129103 0.118716 0.107151 0.094930 0.082554 0.070471 0.059051 0.048574 0.039223 0.031093 0.024198 0.018489 0.013869 0.010215 0.007387 0.005245 0.003657 0.002504 0.001684 0.001112 0.000721 0.000459 0.000287 0.000177 0.000107 0.000063 0.000037 0.000021 0.000012 0.000007 0.000004 0.000002 0.000001 0.000001 0.000000 0.000000 0.000000 0.000000 0.000000 0.000000 0.000000 0.000000 0.000000 0.000000 0.000000 0.000000 
0.000000 0.000000 0.000000 0.000000 0.000000 0.000000 0.000000 0.000000 0.000000 0.000000 0.000000 0.000000 0.000000 0.000001 0.000002 0.000003 0.000006 0.000011 0.000020 0.000036 0.000062 0.000107 0.000180 0.000297 0.000483 0.000772 0.001211 0.001865 0.002823 0.004195 0.006122 0.008774 0.012349 0.017066 0.023159 0.030857 0.040366 0.051845 0.065374 0.080928 0.098349 0.117332 0.137410 0.157970 0.178268 0.197473 0.214719 0.229170 0.240086 0.246884 0.249192 0.246884 0.240086 0.229170 0.214719 0.197473 0.178268 0.157970 0.137410 0.117332 0.098349 0.080928 0.065374 0.051845 0.040366 0.030857 0.023159 0.017066 0.012349 0.008774 0.006122 0.004195 0.002823 0.001865 0.001211 0.000772 0.000483 0.000297 0.000180 0.000107 0.000062 0.000036 0.000020 0.000011 0.000006 0.000003 0.000002 0.000001 0.000000 0.000000 0.000000 0.000000 0.000000 0.000000 0.000000 0.000000 0.000000 0.000000 0.000000 0.000000 
0.000000 0.000000 0.000000 0.000000 0.000000 0.000000 0.000000 0.000000 0.000000 0.000000 0.000000 0.000000 0.000001 0.000001 0.000003 0.000005 0.000010 0.000018 0.000033 0.000059 0.000103 0.000177 0.000297 0.000492 0.000799 0.001274 0.001997 0.003074 0.004649 0.006903 0.010069 0.014422 0.020286 0.028020 0.038002 0.050609 0.066175 0.084957 0.107083 0.132511 0.160982 0.191995 0.224789 0.258360 0.291495 0.322841 0.350985 0.374565 0.392374 0.403464 0.407231 0.403464 0.392374 0.374565 0.350985 0.322841 0.291495 0.258360 0.224789 0.191995 0.160982 0.132511 0.107083 0.084957 0.066175 0.050609 0.038002 0.028020 0.020286 0.014422 0.010069 0.006903 0.004649 0.003074 0.001997 0.001274 0.000799 0.000492 0.000297 0.000177 0.000103 0.000059 0.000033 0.000018 0.000010 0.000005 0.000003 0.000001 0.000001 0.000000 0.000000 0.000000 0.000000 0.000000 0.000000 0.000000 0.000000 0.000000 0.000000 0.000000 
0.000000 0.000000 0.000000 0.000000 0.000000 0.000000 0.000000 0.000000 0.000000 0.000000 0.000000 0.000001 0.000001 0.000002 0.000005 0.000009 0.000016 0.000030 0.000054 0.000096 0.000168 0.000287 0.000483 0.000799 0.001296 0.002066 0.003236 0.004978 0.007522 0.011164 0.016272 0.023293 0.032745 0.045204 0.061279 0.081568 0.106608 0.136807 0.172371 0.213226 0.258956 0.308751 0.361393 0.415268 0.468433 0.518715 0.563856 0.601672 0.630230 0.648013 0.654051 0.648013 0.630230 0.601672 0.563856 0.518715 0.468433 0.415268 0.361393 0.308751 0.258956 0.213226 0.172371 0.136807 0.106608 0.081568 0.061279 0.045204 0.032745 0.023293 0.016272 0.011164 0.007522 0.004978 0.003236 0.002066 0.001296 0.000799 0.000483 0.000287 0.000168 0.000096 0.000054 0.000030 0.000016 0.000009 0.000005 0.000002 0.000001 0.000001 0.000000 0.000000 0.000000 0.000000 0.000000 0.000000 0.000000 0.000000 0.000000 0.000000 
0.000000 0.000000 0.000000 0.000000 0.000000 0.000000 0.000000 0.000000 0.000000 0.000000 0.000000 0.000001 0.000002 0.000004 0.000007 0.000014 0.000026 0.000048 0.000087 0.000154 0.000269 0.000459 0.000772 0.001274 0.002066 0.003292 0.005151 0.007919 0.011959 0.017737 0.025837 0.036964 0.051935 0.071659 0.097093 0.129180 0.168764 0.216483 0.272657 0.337166 0.409347 0.487923 0.570967 0.655937 0.739770 0.819043 0.890199 0.949801 0.994808 1.022833 1.032349 1.022833 0.994808 0.949801 0.890199 0.819043 0.739770 0.655937 0.570967 0.487923 0.409347 0.337166 0.272657 0.216483 0.168764 0.129180 0.097093 0.071659 0.051935 0.036964 0.025837 0.017737 0.011959 0.007919 0.005151 0.003292 0.002066 0.001274 0.000772 0.000459 0.000269 0.000154 0.000087 0.000048 0.000026 0.000014 0.000007 0.000004 0.000002 0.000001 0.000000 0.000000 0.000000 0.000000 0.000000 0.000000 0.000000 0.000000 0.000000 0.000000 
0.000000 0.000000 0.000000 0.000000 0.000000 0.000000 0.000000 0.000000 0.000000 0.000000 0.000001 0.000002 0.000003 0.000006 0.000012 0.000022 0.000042 0.000076 0.000137 0.000243 0.000422 0.000721 0.001211 0.001997 0.003236 0.005151 0.008057 0.012377 0.018678 0.027686 0.040306 0.057633 0.080932 0.111612 0.151155 0.201019 0.262507 0.336602 0.423793 0.523886 0.635849 0.757695 0.886437 1.018134 1.148042 1.270864 1.381094 1.473414 1.543121 1.586522 1.601260 1.586522 1.543121 1.473414 1.381094 1.270864 1.148042 1.018134 0.886437 0.757695 0.635849 0.523886 0.423793 0.336602 0.262507 0.201019 0.151155 0.111612 0.080932 0.057633 0.040306 0.027686 0.018678 0.012377 0.008057 0.005151 0.003236 0.001997 0.001211 0.000721 0.000422 0.000243 0.000137 0.000076 0.000042 0.000022 0.000012 0.000006 0.000003 0.000002 0.000001 0.000000 0.000000 0.000000 0.000000 0.000000 0.000000 0.000000 0.000000 0.000000 
0.000000 0.000000 0.000000 0.000000 0.000000 0.000000 0.000000 0.000000 0.000000 0.000001 0.000001 0.000002 0.000005 0.000009 0.000018 0.000035 0.000064 0.000118 0.000212 0.000375 0.000651 0.001112 0.001865 0.003074 0.004978 0.007919 0.012377 0.019003 0.028659 0.042455 0.061774 0.088281 0.123908 0.170797 0.231203 0.307343 0.401192 0.514243 0.647224 0.799833 0.970489 1.156157 1.352284 1.552869 1.750690 1.937691 2.105495 2.246019 2.352115 2.418170 2.440599 2.418170 2.352115 2.246019 2.105495 1.937691 1.750690 1.552869 1.352284 1.156157 0.970489 0.799833 0.647224 0.514243 0.401192 0.307343 0.231203 0.170797 0.123908 0.088281 0.061774 0.042455 0.028659 0.019003 0.012377 0.007919 0.004978 0.003074 0.001865 0.001112 0.000651 0.000375 0.000212 0.000118 0.000064 0.000035 0.000018 0.000009 0.000005 0.000002 0.000001 0.000001 0.000000 0.000000 0.000000 0.000000 0.000000 0.000000 0.000000 0.000000 
0.000000 0.000000 0.000000 0.000000 0.000000 0.000000 0.000000 0.000000 0.000000 0.000001 0.000002 0.000004 0.000007 0.000014 0.000028 0.000053 0.000098 0.000179 0.000322 0.000569 0.000987 0.001684 0.002823 0.004649 0.007522 0.011959 0.018678 0.028659 0.043196 0.063954 0.093006 0.132848 0.186369 0.256776 0.347440 0.461670 0.602413 0.771889 0.971175 1.199804 1.455394 1.733394 2.026984 2.327183 2.623192 2.902964 3.153983 3.364172 3.522852 3.621640 3.655183 3.621640 3.522852 3.364172 3.153983 2.902964 2.623192 2.327183 2.026984 1.733394 1.455394 1.199804 0.971175 0.771889 0.602413 0.461670 0.347440 0.256776 0.186369 0.132848 0.093006 0.063954 0.043196 0.028659 0.018678 0.011959 0.007522 0.004649 0.002823 0.001684 0.000987 0.000569 0.000322 0.000179 0.000098 0.000053 0.000028 0.000014 0.000007 0.000004 0.000002 0.000001 0.000000 0.000000 0.000000 0.000000 0.000000 0.000000 0.000000 0.000000 
0.000000 0.000000 0.000000 0.000000 0.000000 0.000000 0.000000 0.000000 0.000001 0.000001 0.000003 0.000006 0.000011 0.000022 0.000042 0.000079 0.000146 0.000267 0.000480 0.000847 0.001469 0.002504 0.004195 0.006903 0.011164 0.017737 0.027686 0.042455 0.063954 0.094637 0.137556 0.196385 0.275376 0.379241 0.512931 0.681304 0.888680 1.138301 1.431735 1.768270 2.144386 2.553377 2.985206 3.426666 3.861886 4.273171 4.642140 4.951062 5.184262 5.329436 5.378727 5.329436 5.184262 4.951062 4.642140 4.273171 3.861886 3.426666 2.985206 2.553377 2.144386 1.768270 1.431735 1.138301 0.888680 0.681304 0.512931 0.379241 0.275376 0.196385 0.137556 0.094637 0.063954 0.042455 0.027686 0.017737 0.011164 0.006903 0.004195 0.002504 0.001469 0.000847 0.000480 0.000267 0.000146 0.000079 0.000042 0.000022 0.000011 0.000006 0.000003 0.000001 0.000001 0.000000 0.000000 0.000000 0.000000 0.000000 0.000000 0.000000 
0.000000 0.000000 0.000000 0.000000 0.000000 0.000000 0.000000 0.000000 0.000001 0.000002 0.000004 0.000008 0.000016 0.000032 0.000061 0.000115 0.000214 0.000392 0.000703 0.001239 0.002147 0.003657 0.006122 0.010069 0.016272 0.025837 0.040306 0.061774 0.093006 0.137556 0.199842 0.285175 0.399701 0.550227 0.743898 0.987718 1.287909 1.649131 2.073620 2.560321 3.104119 3.695306 4.319367 4.957225 5.585959 6.180029 6.712912 7.159030 7.495772 7.705392 7.776564 7.705392 7.495772 7.159030 6.712912 6.180029 5.585959 4.957225 4.319367 3.695306 3.104119 2.560321 2.073620 1.649131 1.287909 0.987718 0.743898 0.550227 0.399701 0.285175 0.199842 0.137556 0.093006 0.061774 0.040306 0.025837 0.016272 0.010069 0.006122 0.003657 0.002147 0.001239 0.000703 0.000392 0.000214 0.000115 0.000061 0.000032 0.000016 0.000008 0.000004 0.000002 0.000001 0.000000 0.000000 0.000000 0.000000 0.000000 0.000000 0.000000 
0.000000 0.000000 0.000000 0.000000 0.000000 0.000000 0.000000 0.000001 0.000001 0.000003 0.000006 0.000012 0.000024 0.000046 0.000088 0.000166 0.000309 0.000563 0.001010 0.001779 0.003082 0.005245 0.008774 0.014422 0.023293 0.036964 0.057633 0.088281 0.132848 0.196385 0.285175 0.406763 0.569879 0.784178 1.059795 1.406652 1.833556 2.347089 2.950384 3.641904 4.414357 5.253928 6.140003 7.045500 7.937900 8.780983 9.537145 10.170128 10.647887 10.945277 11.046246 10.945277 10.647887 10.170128 9.537145 8.780983 7.937900 7.045500 6.140003 5.253928 4.414357 3.641904 2.950384 2.347089 1.833556 1.406652 1.059795 0.784178 0.569879 0.406763 0.285175 0.196385 0.132848 0.088281 0.057633 0.036964 0.023293 0.014422 0.008774 0.005245 0.003082 0.001779 0.001010 0.000563 0.000309 0.000166 0.000088 0.000046 0.000024 0.000012 0.000006 0.000003 0.000001 0.000001 0.000000 0.000000 0.000000 0.000000 0.000000 0.000000 
0.000000 0.000000 0.000000 0.000000 0.000000 0.000000 0.000000 0.000001 0.000002 0.000004 0.000008 0.000017 0.000033 0.000065 0.000125 0.000235 0.000436 0.000795 0.001425 0.002509 0.004343 0.007387 0.012349 0.020286 0.032745 0.051935 0.080932 0.123908 0.186369 0.275376 0.399701 0.569879 0.798084 1.097780 1.483086 1.967816 2.564215 3.281418 4.123745 5.089000 6.166964 7.338338 8.574350 9.837231 11.081658 12.257157 13.311347 14.193732 14.859691 15.274210 15.414944 15.274210 14.859691 14.193732 13.311347 12.257157 11.081658 9.837231 8.574350 7.338338 6.166964 5.089000 4.123745 3.281418 2.564215 1.967816 1.483086 1.097780 0.798084 0.569879 0.399701 0.275376 0.186369 0.123908 0.080932 0.051935 0.032745 0.020286 0.012349 0.007387 0.004343 0.002509 0.001425 0.000795 0.000436 0.000235 0.000125 0.000065 0.000033 0.000017 0.000008 0.000004 0.000002 0.000001 0.000000 0.000000 0.000000 0.000000 0.000000 0.000000 
0.000000 0.000000 0.000000 0.000000 0.000000 0.000000 0.000001 0.000001 0.000003 0.000006 0.000012 0.000023 0.000046 0.000090 0.000173 0.000327 0.000605 0.001102 0.001974 0.003474 0.006009 0.010215 0.017066 0.028020 0.045204 0.071659 0.111612 0.170797 0.256776 0.379241 0.550227 0.784178 1.097780 1.509475 2.038585 2.704008 3.522473 4.506438 5.661758 6.985354 8.463164 10.068698 11.762513 13.492863 15.197678 16.807865 18.251734 19.460191 20.372186 20.939825 21.132541 20.939825 20.372186 19.460191 18.251734 16.807865 15.197678 13.492863 11.762513 10.068698 8.463164 6.985354 5.661758 4.506438 3.522473 2.704008 2.038585 1.509475 1.097780 0.784178 0.550227 0.379241 0.256776 0.170797 0.111612 0.071659 0.045204 0.028020 0.017066 0.010215 0.006009 0.003474 0.001974 0.001102 0.000605 0.000327 0.000173 0.000090 0.000046 0.000023 0.000012 0.000006 0.000003 0.000001 0.000001 0.000000 0.000000 0.000000 0.000000 0.000000 
0.000000 0.000000 0.000000 0.000000 0.000000 0.000000 0.000001 0.000002 0.000004 0.000008 0.000016 0.000032 0.000063 0.000123 0.000236 0.000445 0.000824 0.001500 0.002684 0.004722 0.008163 0.013869 0.023159 0.038002 0.061279 0.097093 0.151155 0.231203 0.347440 0.512931 0.743898 1.059795 1.483086 2.038585 2.752277 3.649556 4.752881 6.078944 7.635542 9.418446 11.408650 13.570442 15.850699 18.179774 20.474165 22.640948 24.583730 26.209629 27.436586 28.200232 28.459487 28.200232 27.436586 26.209629 24.583730 22.640948 20.474165 18.179774 15.850699 13.570442 11.408650 9.418446 7.635542 6.078944 4.752881 3.649556 2.752277 2.038585 1.483086 1.059795 0.743898 0.512931 0.347440 0.231203 0.151155 0.097093 0.061279 0.038002 0.023159 0.013869 0.008163 0.004722 0.002684 0.001500 0.000824 0.000445 0.000236 0.000123 0.000063 0.000032 0.000016 0.000008 0.000004 0.000002 0.000001 0.000000 0.000000 0.000000 0.000000 0.000000 
0.000000 0.000000 0.000000 0.000000 0.000000 0.000001 0.000001 0.000002 0.000005 0.000010 0.000021 0.000043 0.000085 0.000165 0.000316 0.000595 0.001102 0.002004 0.003584 0.006301 0.010887 0.018489 0.030857 0.050609 0.081568 0.129180 0.201019 0.307343 0.461670 0.681304 0.987718 1.406652 1.967816 2.704008 3.649556 4.837985 6.298917 8.054329 10.114427 12.473511 15.106359 17.965673 20.981176 24.060785 27.094142 29.958474 32.526457 34.675423 36.297014 37.306239 37.648860 37.306239 36.297014 34.675423 32.526457 29.958474 27.094142 24.060785 20.981176 17.965673 15.106359 12.473511 10.114427 8.054329 6.298917 4.837985 3.649556 2.704008 1.967816 1.406652 0.987718 0.681304 0.461670 0.307343 0.201019 0.129180 0.081568 0.050609 0.030857 0.018489 0.010887 0.006301 0.003584 0.002004 0.001102 0.000595 0.000316 0.000165 0.000085 0.000043 0.000021 0.000010 0.000005 0.000002 0.000001 0.000001 0.000000 0.000000 0.000000 0.000000 
0.000000 0.000000 0.000000 0.000000 0.000000 0.000001 0.000001 0.000003 0.000007 0.000014 0.000028 0.000056 0.000112 0.000217 0.000415 0.000782 0.001446 0.002629 0.004698 0.008255 0.014256 0.024198 0.040366 0.066175 0.106608 0.168764 0.262507 0.401192 0.602413 0.888680 1.287909 1.833556 2.564215 3.522473 4.752881 6.298917 8.198964 10.481456 13.159520 16.225626 19.646893 23.361805 27.279033 31.278986 35.218388 38.937895 42.272286 45.062411 47.167707 48.477929 48.922728 48.477929 47.167707 45.062411 42.272286 38.937895 35.218388 31.278986 27.279033 23.361805 19.646893 16.225626 13.159520 10.481456 8.198964 6.298917 4.752881 3.522473 2.564215 1.833556 1.287909 0.888680 0.602413 0.401192 0.262507 0.168764 0.106608 0.066175 0.040366 0.024198 0.014256 0.008255 0.004698 0.002629 0.001446 0.000782 0.000415 0.000217 0.000112 0.000056 0.000028 0.000014 0.000007 0.000003 0.000001 0.000001 0.000000 0.000000 0.000000 0.000000 
0.000000 0.000000 0.000000 0.000000 0.000000 0.000001 0.000002 0.000004 0.000009 0.000018 0.000036 0.000073 0.000144 0.000280 0.000536 0.001007 0.001862 0.003384 0.006046 0.010618 0.018327 0.031093 0.051845 0.084957 0.136807 0.216483 0.336602 0.514243 0.771889 1.138301 1.649131 2.347089 3.281418 4.506438 6.078944 8.054329 10.481456 13.396467 16.815958 20.730168 25.097009 29.837891 34.836244 39.939495 44.964929 49.709387 53.962264 57.520724 60.205640 61.876531 62.443763 61.876531 60.205640 57.520724 53.962264 49.709387 44.964929 39.939495 34.836244 29.837891 25.097009 20.730168 16.815958 13.396467 10.481456 8.054329 6.078944 4.506438 3.281418 2.347089 1.649131 1.138301 0.771889 0.514243 0.336602 0.216483 0.136807 0.084957 0.051845 0.031093 0.018327 0.010618 0.006046 0.003384 0.001862 0.001007 0.000536 0.000280 0.000144 0.000073 0.000036 0.000018 0.000009 0.000004 0.000002 0.000001 0.000000 0.000000 0.000000 0.000000 
0.000000 0.000000 0.000000 0.000000 0.000000 0.000001 0.000002 0.000005 0.000011 0.000022 0.000046 0.000092 0.000182 0.000355 0.000678 0.001274 0.002354 0.004277 0.007637 0.013405 0.023129 0.039223 0.065374 0.107083 0.172371 0.272657 0.423793 0.647224 0.971175 1.431735 2.073620 2.950384 4.123745 5.661758 7.635542 10.114427 13.159520 16.815958 21.104363 26.012322 31.486934 37.429588 43.694139 50.089401 56.386487 62.330966 67.659132 72.117039 75.480452 77.573527 78.284070 77.573527 75.480452 72.117039 67.659132 62.330966 56.386487 50.089401 43.694139 37.429588 31.486934 26.012322 21.104363 16.815958 13.159520 10.114427 7.635542 5.661758 4.123745 2.950384 2.073620 1.431735 0.971175 0.647224 0.423793 0.272657 0.172371 0.107083 0.065374 0.039223 0.023129 0.013405 0.007637 0.004277 0.002354 0.001274 0.000678 0.000355 0.000182 0.000092 0.000046 0.000022 0.000011 0.000005 0.000002 0.000001 0.000000 0.000000 0.000000 0.000000 
0.000000 0.000000 0.000000 0.000000 0.000001 0.000001 0.000003 0.000006 0.000013 0.000028 0.000057 0.000115 0.000227 0.000441 0.000842 0.001582 0.002922 0.005305 0.009469 0.016615 0.028654 0.048574 0.080928 0.132511 0.213226 0.337166 0.523886 0.799833 1.199804 1.768270 2.560321 3.641904 5.089000 6.985354 9.418446 12.473511 16.225626 20.730168 26.012322 32.056609 38.797728 46.114165 53.825964 61.697805 69.448060 76.763735 83.320482 88.806004 92.944563 95.519946 96.394208 95.519946 92.944563 88.806004 83.320482 76.763735 69.448060 61.697805 53.825964 46.114165 38.797728 32.056609 26.012322 20.730168 16.225626 12.473511 9.418446 6.985354 5.089000 3.641904 2.560321 1.768270 1.199804 0.799833 0.523886 0.337166 0.213226 0.132511 0.080928 0.048574 0.028654 0.016615 0.009469 0.005305 0.002922 0.001582 0.000842 0.000441 0.000227 0.000115 0.000057 0.000028 0.000013 0.000006 0.000003 0.000001 0.000001 0.000000 0.000000 0.000000 
0.000000 0.000000 0.000000 0.000000 0.000001 0.000002 0.000004 0.000008 0.000016 0.000034 0.000070 0.000140 0.000277 0.000538 0.001027 0.001928 0.003559 0.006459 0.011525 0.020213 0.034848 0.059051 0.098349 0.160982 0.258956 0.409347 0.635849 0.970489 1.455394 2.144386 3.104119 4.414357 6.166964 8.463164 11.408650 15.106359 19.646893 25.097009 31.486934 38.797728 46.950246 55.797431 65.121644 74.638409 84.007358 92.850296 100.775372 107.405335 112.407131 115.519618 116.576198 115.519618 112.407131 107.405335 100.775372 92.850296 84.007358 74.638409 65.121644 55.797431 46.950246 38.797728 31.486934 25.097009 19.646893 15.106359 11.408650 8.463164 6.166964 4.414357 3.104119 2.144386 1.455394 0.970489 0.635849 0.409347 0.258956 0.160982 0.098349 0.059051 0.034848 0.020213 0.011525 0.006459 0.003559 0.001928 0.001027 0.000538 0.000277 0.000140 0.000070 0.000034 0.000016 0.000008 0.000004 0.000002 0.000001 0.000000 0.000000 0.000000 
0.000000 0.000000 0.000000 0.000000 0.000001 0.000002 0.000004 0.000009 0.000020 0.000041 0.000084 0.000168 0.000332 0.000644 0.001228 0.002306 0.004255 0.007719 0.013767 0.024138 0.041601 0.070471 0.117332 0.191995 0.308751 0.487923 0.757695 1.156157 1.733394 2.553377 3.695306 5.253928 7.338338 10.068698 13.570442 17.965673 23.361805 29.837891 37.429588 46.114165 55.797431 66.304608 77.377186 88.677396 99.801205 110.299764 119.708079 127.578533 133.515981 137.210617 138.464801 137.210617 133.515981 127.578533 119.708079 110.299764 99.801205 88.677396 77.377186 66.304608 55.797431 46.114165 37.429588 29.837891 23.361805 17.965673 13.570442 10.068698 7.338338 5.253928 3.695306 2.553377 1.733394 1.156157 0.757695 0.487923 0.308751 0.191995 0.117332 0.070471 0.041601 0.024138 0.013767 0.007719 0.004255 0.002306 0.001228 0.000644 0.000332 0.000168 0.000084 0.000041 0.000020 0.000009 0.000004 0.000002 0.000001 0.000000 0.000000 0.000000 
0.000000 0.000000 0.000000 0.000000 0.000001 0.000002 0.000005 0.000011 0.000023 0.000048 0.000098 0.000197 0.000390 0.000756 0.001442 0.002706 0.004992 0.009054 0.016142 0.028294 0.048748 0.082554 0.137410 0.224789 0.361393 0.570967 0.886437 1.352284 2.026984 2.985206 4.319367 6.140003 8.574350 11.762513 15.850699 20.981176 27.279033 34.836244 43.694139 53.825964 65.121644 77.377186 90.291031 103.469291 116.440910 128.682670 139.652602 148.829041 155.751510 160.058997 161.521205 160.058997 155.751510 148.829041 139.652602 128.682670 116.440910 103.469291 90.291031 77.377186 65.121644 53.825964 43.694139 34.836244 27.279033 20.981176 15.850699 11.762513 8.574350 6.140003 4.319367 2.985206 2.026984 1.352284 0.886437 0.570967 0.361393 0.224789 0.137410 0.082554 0.048748 0.028294 0.016142 0.009054 0.004992 0.002706 0.001442 0.000756 0.000390 0.000197 0.000098 0.000048 0.000023 0.000011 0.000005 0.000002 0.000001 0.000001 0.000000 0.000000 
