0.000000 0.000000 0.000000 0.000000 0.000000 0.000000 0.000000 0.000000 0.000000 0.000000 0.000000 0.000000 0.000000 0.000000 0.000000 0.000000 0.000000 0.000000 0.000000 0.000000 0.000000 0.000000 0.000000 0.000000 0.000000 0.000000 0.000000 0.000000 0.000000 0.000001 0.000001 0.000001 0.000002 0.000002 0.000003 0.000003 0.000004 0.000005 0.000006 0.000007 0.000008 0.000009 0.000010 0.000012 0.000013 0.000014 0.000015 0.000016 0.000016 0.000017 0.000017 0.000017 0.000016 0.000016 0.000015 0.000014 0.000013 0.000012 0.000010 0.000009 0.000008 0.000007 0.000006 0.000005 0.000004 0.000003 0.000003 0.000002 0.000002 0.000001 0.000001 0.000001 0.000000 0.000000 0.000000 0.000000 0.000000 0.000000 0.000000 0.000000 0.000000 0.000000 0.000000 0.000000 0.000000 0.000000 0.000000 0.000000 0.000000 0.000000 0.000000 0.000000 0.000000 0.000000 0.000000 0.000000 0.000000 0.000000 0.000000 0.000000 
0.000000 0.000000 0.000000 0.000000 0.000000 0.000000 0.000000 0.000000 0.000000 0.000000 0.000000 0.000000 0.000000 0.000000 0.000000 0.000000 0.000000 0.000000 0.000000 0.000000 0.000000 0.000000 0.000000 0.000000 0.000000 0.000000 0.000000 0.000000 0.000000 0.000001 0.000001 0.000001 0.000002 0.000002 0.000003 0.000003 0.000004 0.000005 0.000006 0.000007 0.000008 0.000009 0.000010 0.000012 0.000013 0.000014 0.000015 0.000016 0.000016 0.000017 0.000017 0.000017 0.000016 0.000016 0.000015 0.000014 0.000013 0.000012 0.000010 0.000009 0.000008 0.000007 0.000006 0.000005 0.000004 0.000003 0.000003 0.000002 0.000002 0.000001 0.000001 0.000001 0.000000 0.000000 0.000000 0.000000 0.000000 0.000000 0.000000 0.000000 0.000000 0.000000 0.000000 0.000000 0.000000 0.000000 0.000000 0.000000 0.000000 0.000000 0.000000 0.000000 0.000000 0.000000 0.000000 0.000000 0.000000 0.000000 0.000000 0.000000 
0.000000 0.000000 0.000000 0.000000 0.000000 0.000000 0.000000 0.000000 0.000000 0.000000 0.000000 0.000000 0.000000 0.000000 0.000000 0.000000 0.000000 0.000000 0.000000 0.000000 0.000000 0.000000 0.000000 0.000000 0.000000 0.000000 0.000000 0.000000 0.000001 0.000001 0.000001 0.000002 0.000002 0.000003 0.000004 0.000005 0.000006 0.000007 0.000008 0.000010 0.000012 0.000014 0.000015 0.000017 0.000019 0.000021 0.000022 0.000023 0.000024 0.000025 0.000025 0.000025 0.000024 0.000023 0.000022 0.000021 0.000019 0.000017 0.000015 0.000014 0.000012 0.000010 0.000008 0.000007 0.000006 0.000005 0.000004 0.000003 0.000002 0.000002 0.000001 0.000001 0.000001 0.000000 0.000000 0.000000 0.000000 0.000000 0.000000 0.000000 0.000000 0.000000 0.000000 0.000000 0.000000 0.000000 0.000000 0.000000 0.000000 0.000000 0.000000 0.000000 0.000000 0.000000 0.000000 0.000000 0.000000 0.000000 0.000000 0.000000 
0.000000 0.000000 0.000000 0.000000 0.000000 0.000000 0.000000 0.000000 0.000000 0.000000 0.000000 0.000000 0.000000 0.000000 0.000000 0.000000 0.000000 0.000000 0.000000 0.000000 0.000000 0.000000 0.000000 0.000000 0.000000 0.000000 0.000001 0.000001 0.000001 0.000002 0.000002 0.000003 0.000004 0.000005 0.000007 0.000008 0.000010 0.000012 0.000015 0.000018 0.000021 0.000024 0.000027 0.000030 0.000033 0.000036 0.000039 0.000041 0.000042 0.000043 0.000044 0.000043 0.000042 0.000041 0.000039 0.000036 0.000033 0.000030 0.000027 0.000024 0.000021 0.000018 0.000015 0.000012 0.000010 0.000008 0.000007 0.000005 0.000004 0.000003 0.000002 0.000002 0.000001 0.000001 0.000001 0.000000 0.000000 0.000000 0.000000 0.000000 0.000000 0.000000 0.000000 0.000000 0.000000 0.000000 0.000000 0.000000 0.000000 0.000000 0.000000 0.000000 0.000000 0.000000 0.000000 0.000000 0.000000 0.000000 0.000000 0.000000 
0.000000 0.000000 0.000000 0.000000 0.000000 0.000000 0.000000 0.000000 0.000000 0.000000 0.000000 0.000000 0.000000 0.000000 0.000000 0.000000 0.000000 0.000000 0.000000 0.000000 0.000000 0.000000 0.000000 0.000000 0.000001 0.000001 0.000001 0.000002 0.000002 0.000003 0.000004 0.000006 0.000007 0.000010 0.000012 0.000015 0.000019 0.000023 0.000028 0.000033 0.000039 0.000045 0.000051 0.000057 0.000062 0.000068 0.000072 0.000076 0.000079 0.000081 0.000081 0.000081 0.000079 0.000076 0.000072 0.000068 0.000062 0.000057 0.000051 0.000045 0.000039 0.000033 0.000028 0.000023 0.000019 0.000015 0.000012 0.000010 0.000007 0.000006 0.000004 0.000003 0.000002 0.000002 0.000001 0.000001 0.000001 0.000000 0.000000 0.000000 0.000000 0.000000 0.000000 0.000000 0.000000 0.000000 0.000000 0.000000 0.000000 0.000000 0.000000 0.000000 0.000000 0.000000 0.000000 0.000000 0.000000 0.000000 0.000000 0.000000 
0.000000 0.000000 0.000000 0.000000 0.000000 0.000000 0.000000 0.000000 0.000000 0.000000 0.000000 0.000000 0.000000 0.000000 0.000000 0.000000 0.000000 0.000000 0.000000 0.000000 0.000000 0.000000 0.000000 0.000001 0.000001 0.000002 0.000002 0.000003 0.000004 0.000006 0.000008 0.000011 0.000014 0.000018 0.000023 0.000029 0.000036 0.000044 0.000052 0.000062 0.000072 0.000083 0.000095 0.000106 0.000116 0.000126 0.000135 0.000142 0.000147 0.000151 0.000152 0.000151 0.000147 0.000142 0.000135 0.000126 0.000116 0.000106 0.000095 0.000083 0.000072 0.000062 0.000052 0.000044 0.000036 0.000029 0.000023 0.000018 0.000014 0.000011 0.000008 0.000006 0.000004 0.000003 0.000002 0.000002 0.000001 0.000001 0.000000 0.000000 0.000000 0.000000 0.000000 0.000000 0.000000 0.000000 0.000000 0.000000 0.000000 0.000000 0.000000 0.000000 0.000000 0.000000 0.000000 0.000000 0.000000 0.000000 0.000000 0.000000 
0.000000 0.000000 0.000000 0.000000 0.000000 0.000000 0.000000 0.000000 0.000000 0.000000 0.000000 0.000000 0.000000 0.000000 0.000000 0.000000 0.000000 0.000000 0.000000 0.000000 0.000000 0.000001 0.000001 0.000001 0.000002 0.000003 0.000004 0.000006 0.000008 0.000011 0.000015 0.000020 0.000026 0.000033 0.000043 0.000053 0.000066 0.000081 0.000097 0.000115 0.000134 0.000155 0.000175 0.000196 0.000215 0.000234 0.000250 0.000263 0.000273 0.000279 0.000281 0.000279 0.000273 0.000263 0.000250 0.000234 0.000215 0.000196 0.000175 0.000155 0.000134 0.000115 0.000097 0.000081 0.000066 0.000053 0.000043 0.000033 0.000026 0.000020 0.000015 0.000011 0.000008 0.000006 0.000004 0.000003 0.000002 0.000001 0.000001 0.000001 0.000000 0.000000 0.000000 0.000000 0.000000 0.000000 0.000000 0.000000 0.000000 0.000000 0.000000 0.000000 0.000000 0.000000 0.000000 0.000000 0.000000 0.000000 0.000000 0.000000 
0.000000 0.000000 0.000000 0.000000 0.000000 0.000000 0.000000 0.000000 0.000000 0.000000 0.000000 0.000000 0.000000 0.000000 0.000000 0.000000 0.000000 0.000000 0.000000 0.000000 0.000001 0.000001 0.000002 0.000002 0.000004 0.000005 0.000007 0.000011 0.000015 0.000020 0.000027 0.000036 0.000047 0.000061 0.000078 0.000098 0.000121 0.000148 0.000178 0.000211 0.000246 0.000283 0.000321 0.000358 0.000394 0.000428 0.000457 0.000481 0.000499 0.000510 0.000514 0.000510 0.000499 0.000481 0.000457 0.000428 0.000394 0.000358 0.000321 0.000283 0.000246 0.000211 0.000178 0.000148 0.000121 0.000098 0.000078 0.000061 0.000047 0.000036 0.000027 0.000020 0.000015 0.000011 0.000007 0.000005 0.000004 0.000002 0.000002 0.000001 0.000001 0.000000 0.000000 0.000000 0.000000 0.000000 0.000000 0.000000 0.000000 0.000000 0.000000 0.000000 0.000000 0.000000 0.000000 0.000000 0.000000 0.000000 0.000000 0.000000 
0.000000 0.000000 0.000000 0.000000 0.000000 0.000000 0.000000 0.000000 0.000000 0.000000 0.000000 0.000000 0.000000 0.000000 0.000000 0.000000 0.000000 0.000000 0.000001 0.000001 0.000001 0.000002 0.000003 0.000004 0.000007 0.000009 0.000014 0.000019 0.000027 0.000036 0.000049 0.000065 0.000086 0.000111 0.000141 0.000178 0.000220 0.000268 0.000322 0.000381 0.000445 0.000512 0.000580 0.000647 0.000712 0.000772 0.000825 0.000869 0.000901 0.000922 0.000928 0.000922 0.000901 0.000869 0.000825 0.000772 0.000712 0.000647 0.000580 0.000512 0.000445 0.000381 0.000322 0.000268 0.000220 0.000178 0.000141 0.000111 0.000086 0.000065 0.000049 0.000036 0.000027 0.000019 0.000014 0.000009 0.000007 0.000004 0.000003 0.000002 0.000001 0.000001 0.000001 0.000000 0.000000 0.000000 0.000000 0.000000 0.000000 0.000000 0.000000 0.000000 0.000000 0.000000 0.000000 0.000000 0.000000 0.000000 0.000000 0.000000 
0.000000 0.000000 0.000000 0.000000 0.000000 0.000000 0.000000 0.000000 0.000000 0.000000 0.000000 0.000000 0.000000 0.000000 0.000000 0.000000 0.000000 0.000001 0.000001 0.000001 0.000002 0.000004 0.000005 0.000008 0.000012 0.000017 0.000024 0.000034 0.000048 0.000065 0.000088 0.000117 0.000154 0.000198 0.000253 0.000317 0.000392 0.000478 0.000574 0.000680 0.000793 0.000912 0.001034 0.001154 0.001270 0.001376 0.001471 0.001548 0.001606 0.001642 0.001654 0.001642 0.001606 0.001548 0.001471 0.001376 0.001270 0.001154 0.001034 0.000912 0.000793 0.000680 0.000574 0.000478 0.000392 0.000317 0.000253 0.000198 0.000154 0.000117 0.000088 0.000065 0.000048 0.000034 0.000024 0.000017 0.000012 0.000008 0.000005 0.000004 0.000002 0.000001 0.000001 0.000001 0.000000 0.000000 0.000000 0.000000 0.000000 0.000000 0.000000 0.000000 0.000000 0.000000 0.000000 0.000000 0.000000 0.000000 0.000000 0.000000 
0.000000 0.000000 0.000000 0.000000 0.000000 0.000000 0.000000 0.000000 0.000000 0.000000 0.000000 0.000000 0.000000 0.000000 0.000000 0.000000 0.000001 0.000001 0.000002 0.000003 0.000004 0.000006 0.000009 0.000014 0.000021 0.000030 0.000043 0.000061 0.000084 0.000115 0.000156 0.000207 0.000271 0.000350 0.000446 0.000559 0.000691 0.000842 0.001012 0.001197 0.001397 0.001605 0.001818 0.002030 0.002233 0.002421 0.002586 0.002722 0.002824 0.002887 0.002908 0.002887 0.002824 0.002722 0.002586 0.002421 0.002233 0.002030 0.001818 0.001605 0.001397 0.001197 0.001012 0.000842 0.000691 0.000559 0.000446 0.000350 0.000271 0.000207 0.000156 0.000115 0.000084 0.000061 0.000043 0.000030 0.000021 0.000014 0.000009 0.000006 0.000004 0.000003 0.000002 0.000001 0.000001 0.000000 0.000000 0.000000 0.000000 0.000000 0.000000 0.000000 0.000000 0.000000 0.000000 0.000000 0.000000 0.000000 0.000000 0.000000 
0.000000 0.000000 0.000000 0.000000 0.000000 0.000000 0.000000 0.000000 0.000000 0.000000 0.000000 0.000000 0.000000 0.000000 0.000000 0.000001 0.000001 0.000002 0.000003 0.000005 0.000007 0.000011 0.000017 0.000025 0.000036 0.000053 0.000075 0.000106 0.000147 0.000201 0.000271 0.000360 0.000472 0.000609 0.000775 0.000972 0.001202 0.001464 0.001758 0.002080 0.002425 0.002787 0.003156 0.003523 0.003875 0.004200 0.004486 0.004723 0.004899 0.005008 0.005045 0.005008 0.004899 0.004723 0.004486 0.004200 0.003875 0.003523 0.003156 0.002787 0.002425 0.002080 0.001758 0.001464 0.001202 0.000972 0.000775 0.000609 0.000472 0.000360 0.000271 0.000201 0.000147 0.000106 0.000075 0.000053 0.000036 0.000025 0.000017 0.000011 0.000007 0.000005 0.000003 0.000002 0.000001 0.000001 0.000000 0.000000 0.000000 0.000000 0.000000 0.000000 0.000000 0.000000 0.000000 0.000000 0.000000 0.000000 0.000000 0.000000 
0.000000 0.000000 0.000000 0.000000 0.000000 0.000000 0.000000 0.000000 0.000000 0.000000 0.000000 0.000000 0.000000 0.000000 0.000001 0.000001 0.000002 0.000003 0.000005 0.000008 0.000012 0.000019 0.000029 0.000043 0.000063 0.000091 0.000130 0.000182 0.000253 0.000346 0.000466 0.000619 0.000810 0.001046 0.001330 0.001668 0.002061 0.002510 0.003013 0.003564 0.004155 0.004774 0.005406 0.006033 0.006635 0.007191 0.007680 0.008084 0.008385 0.008571 0.008634 0.008571 0.008385 0.008084 0.007680 0.007191 0.006635 0.006033 0.005406 0.004774 0.004155 0.003564 0.003013 0.002510 0.002061 0.001668 0.001330 0.001046 0.000810 0.000619 0.000466 0.000346 0.000253 0.000182 0.000130 0.000091 0.000063 0.000043 0.000029 0.000019 0.000012 0.000008 0.000005 0.000003 0.000002 0.000001 0.000001 0.000000 0.000000 0.000000 0.000000 0.000000 0.000000 0.000000 0.000000 0.000000 0.000000 0.000000 0.000000 0.000000 
0.000000 0.000000 0.000000 0.000000 0.000000 0.000000 0.000000 0.000000 0.000000 0.000000 0.000000 0.000000 0.000000 0.000001 0.000001 0.000002 0.000003 0.000005 0.000009 0.000014 0.000021 0.000032 0.000049 0.000073 0.000107 0.000154 0.000220 0.000310 0.000429 0.000587 0.000790 0.001049 0.001373 0.001771 0.002253 0.002823 0.003487 0.004246 0.005095 0.006026 0.007024 0.008069 0.009135 0.010192 0.011207 0.012145 0.012970 0.013651 0.014159 0.014473 0.014579 0.014473 0.014159 0.013651 0.012970 0.012145 0.011207 0.010192 0.009135 0.008069 0.007024 0.006026 0.005095 0.004246 0.003487 0.002823 0.002253 0.001771 0.001373 0.001049 0.000790 0.000587 0.000429 0.000310 0.000220 0.000154 0.000107 0.000073 0.000049 0.000032 0.000021 0.000014 0.000009 0.000005 0.000003 0.000002 0.000001 0.000001 0.000000 0.000000 0.000000 0.000000 0.000000 0.000000 0.000000 0.000000 0.000000 0.000000 0.000000 0.000000 
0.000000 0.000000 0.000000 0.000000 0.000000 0.000000 0.000000 0.000000 0.000000 0.000000 0.000000 0.000000 0.000001 0.000001 0.000002 0.000003 0.000006 0.000009 0.000015 0.000023 0.000036 0.000054 0.000082 0.000122 0.000179 0.000259 0.000369 0.000519 0.000719 0.000982 0.001322 0.001754 0.002295 0.002960 0.003762 0.004714 0.005822 0.007086 0.008501 0.010051 0.011713 0.013453 0.015228 0.016988 0.018677 0.020238 0.021611 0.022743 0.023588 0.024111 0.024287 0.024111 0.023588 0.022743 0.021611 0.020238 0.018677 0.016988 0.015228 0.013453 0.011713 0.010051 0.008501 0.007086 0.005822 0.004714 0.003762 0.002960 0.002295 0.001754 0.001322 0.000982 0.000719 0.000519 0.000369 0.000259 0.000179 0.000122 0.000082 0.000054 0.000036 0.000023 0.000015 0.000009 0.000006 0.000003 0.000002 0.000001 0.000001 0.000000 0.000000 0.000000 0.000000 0.000000 0.000000 0.000000 0.000000 0.000000 0.000000 0.000000 
0.000000 0.000000 0.000000 0.000000 0.000000 0.000000 0.000000 0.000000 0.000000 0.000000 0.000000 0.000001 0.000001 0.000002 0.000003 0.000006 0.000009 0.000015 0.000024 0.000038 0.000059 0.000090 0.000136 0.000202 0.000296 0.000428 0.000610 0.000857 0.001187 0.001620 0.002181 0.002894 0.003784 0.004879 0.006199 0.007765 0.009586 0.011665 0.013991 0.016539 0.019269 0.022127 0.025042 0.027933 0.030707 0.033268 0.035523 0.037382 0.038769 0.039626 0.039915 0.039626 0.038769 0.037382 0.035523 0.033268 0.030707 0.027933 0.025042 0.022127 0.019269 0.016539 0.013991 0.011665 0.009586 0.007765 0.006199 0.004879 0.003784 0.002894 0.002181 0.001620 0.001187 0.000857 0.000610 0.000428 0.000296 0.000202 0.000136 0.000090 0.000059 0.000038 0.000024 0.000015 0.000009 0.000006 0.000003 0.000002 0.000001 0.000001 0.000000 0.000000 0.000000 0.000000 0.000000 0.000000 0.000000 0.000000 0.000000 0.000000 
0.000000 0.000000 0.000000 0.000000 0.000000 0.000000 0.000000 0.000000 0.000000 0.000000 0.000001 0.000001 0.000002 0.000003 0.000006 0.000009 0.000015 0.000025 0.000040 0.000062 0.000096 0.000147 0.000222 0.000330 0.000483 0.000698 0.000995 0.001397 0.001933 0.002639 0.003550 0.004708 0.006155 0.007932 0.010076 0.012617 0.015572 0.018944 0.022715 0.026846 0.031272 0.035903 0.040627 0.045309 0.049802 0.053951 0.057602 0.060612 0.062858 0.064246 0.064715 0.064246 0.062858 0.060612 0.057602 0.053951 0.049802 0.045309 0.040627 0.035903 0.031272 0.026846 0.022715 0.018944 0.015572 0.012617 0.010076 0.007932 0.006155 0.004708 0.003550 0.002639 0.001933 0.001397 0.000995 0.000698 0.000483 0.000330 0.000222 0.000147 0.000096 0.000062 0.000040 0.000025 0.000015 0.000009 0.000006 0.000003 0.000002 0.000001 0.000001 0.000000 0.000000 0.000000 0.000000 0.000000 0.000000 0.000000 0.000000 0.000000 
0.000000 0.000000 0.000000 0.000000 0.000000 0.000000 0.000000 0.000000 0.000000 0.000001 0.000001 0.000002 0.000003 0.000005 0.000009 0.000015 0.000025 0.000040 0.000064 0.000100 0.000155 0.000237 0.000358 0.000531 0.000778 0.001123 0.001599 0.002245 0.003106 0.004238 0.005699 0.007556 0.009874 0.012721 0.016155 0.020222 0.024952 0.030347 0.036380 0.042986 0.050063 0.057467 0.065017 0.072500 0.079680 0.086309 0.092142 0.096951 0.100539 0.102755 0.103504 0.102755 0.100539 0.096951 0.092142 0.086309 0.079680 0.072500 0.065017 0.057467 0.050063 0.042986 0.036380 0.030347 0.024952 0.020222 0.016155 0.012721 0.009874 0.007556 0.005699 0.004238 0.003106 0.002245 0.001599 0.001123 0.000778 0.000531 0.000358 0.000237 0.000155 0.000100 0.000064 0.000040 0.000025 0.000015 0.000009 0.000005 0.000003 0.000002 0.000001 0.000001 0.000000 0.000000 0.000000 0.000000 0.000000 0.000000 0.000000 0.000000 
0.000000 0.000000 0.000000 0.000000 0.000000 0.000000 0.000000 0.000000 0.000001 0.000001 0.000002 0.000003 0.000005 0.000009 0.000015 0.000024 0.000040 0.000064 0.000102 0.000160 0.000247 0.000377 0.000568 0.000844 0.001235 0.001782 0.002537 0.003559 0.004923 0.006713 0.009024 0.011960 0.015625 0.020124 0.025548 0.031971 0.039438 0.047953 0.057473 0.067895 0.079058 0.090733 0.102638 0.114435 0.125753 0.136202 0.145395 0.152972 0.158626 0.162118 0.163299 0.162118 0.158626 0.152972 0.145395 0.136202 0.125753 0.114435 0.102638 0.090733 0.079058 0.067895 0.057473 0.047953 0.039438 0.031971 0.025548 0.020124 0.015625 0.011960 0.009024 0.006713 0.004923 0.003559 0.002537 0.001782 0.001235 0.000844 0.000568 0.000377 0.000247 0.000160 0.000102 0.000064 0.000040 0.000024 0.000015 0.000009 0.000005 0.000003 0.000002 0.000001 0.000001 0.000000 0.000000 0.000000 0.000000 0.000000 0.000000 0.000000 
0.000000 0.000000 0.000000 0.000000 0.000000 0.000000 0.000000 0.000000 0.000001 0.000001 0.000003 0.000005 0.000008 0.000014 0.000023 0.000038 0.000062 0.000100 0.000160 0.000250 0.000388 0.000592 0.000890 0.001321 0.001933 0.002789 0.003968 0.005565 0.007694 0.010488 0.014094 0.018673 0.024387 0.031398 0.039850 0.049855 0.061484 0.074741 0.089559 0.105778 0.123145 0.141308 0.159824 0.178170 0.195769 0.212014 0.226306 0.238085 0.246874 0.252302 0.254138 0.252302 0.246874 0.238085 0.226306 0.212014 0.195769 0.178170 0.159824 0.141308 0.123145 0.105778 0.089559 0.074741 0.061484 0.049855 0.039850 0.031398 0.024387 0.018673 0.014094 0.010488 0.007694 0.005565 0.003968 0.002789 0.001933 0.001321 0.000890 0.000592 0.000388 0.000250 0.000160 0.000100 0.000062 0.000038 0.000023 0.000014 0.000008 0.000005 0.000003 0.000001 0.000001 0.000000 0.000000 0.000000 0.000000 0.000000 0.000000 0.000000 
0.000000 0.000000 0.000000 0.000000 0.000000 0.000000 0.000000 0.000001 0.000001 0.000002 0.000004 0.000007 0.000012 0.000021 0.000036 0.000059 0.000096 0.000155 0.000247 0.000388 0.000600 0.000915 0.001376 0.002041 0.002985 0.004305 0.006121 0.008581 0.011860 0.016161 0.021711 0.028754 0.037542 0.048319 0.061308 0.076681 0.094542 0.114902 0.137651 0.162548 0.189201 0.217071 0.245478 0.273621 0.300615 0.325529 0.347446 0.365509 0.378984 0.387307 0.390122 0.387307 0.378984 0.365509 0.347446 0.325529 0.300615 0.273621 0.245478 0.217071 0.189201 0.162548 0.137651 0.114902 0.094542 0.076681 0.061308 0.048319 0.037542 0.028754 0.021711 0.016161 0.011860 0.008581 0.006121 0.004305 0.002985 0.002041 0.001376 0.000915 0.000600 0.000388 0.000247 0.000155 0.000096 0.000059 0.000036 0.000021 0.000012 0.000007 0.000004 0.000002 0.000001 0.000001 0.000000 0.000000 0.000000 0.000000 0.000000 0.000000 
0.000000 0.000000 0.000000 0.000000 0.000000 0.000000 0.000001 0.000001 0.000002 0.000004 0.000006 0.000011 0.000019 0.000032 0.000054 0.000090 0.000147 0.000237 0.000377 0.000592 0.000915 0.001395 0.002097 0.003109 0.004546 0.006552 0.009313 0.013050 0.018031 0.024560 0.032983 0.043669 0.056997 0.073339 0.093028 0.116324 0.143385 0.174223 0.208674 0.246369 0.286716 0.328898 0.371886 0.414470 0.455309 0.492999 0.526150 0.553471 0.573852 0.586440 0.590697 0.586440 0.573852 0.553471 0.526150 0.492999 0.455309 0.414470 0.371886 0.328898 0.286716 0.246369 0.208674 0.174223 0.143385 0.116324 0.093028 0.073339 0.056997 0.043669 0.032983 0.024560 0.018031 0.013050 0.009313 0.006552 0.004546 0.003109 0.002097 0.001395 0.000915 0.000592 0.000377 0.000237 0.000147 0.000090 0.000054 0.000032 0.000019 0.000011 0.000006 0.000004 0.000002 0.000001 0.000001 0.000000 0.000000 0.000000 0.000000 0.000000 
0.000000 0.000000 0.000000 0.000000 0.000000 0.000000 0.000001 0.000002 0.000003 0.000005 0.000009 0.000017 0.000029 0.000049 0.000082 0.000136 0.000222 0.000358 0.000568 0.000890 0.001376 0.002097 0.003152 0.004671 0.006826 0.009835 0.013973 0.019573 0.027033 0.036810 0.049418 0.065406 0.085344 0.109783 0.139218 0.174039 0.214475 0.260546 0.312003 0.368295 0.428537 0.491509 0.555675 0.619228 0.680170 0.736408 0.785870 0.826630 0.857036 0.875814 0.882165 0.875814 0.857036 0.826630 0.785870 0.736408 0.680170 0.619228 0.555675 0.491509 0.428537 0.368295 0.312003 0.260546 0.214475 0.174039 0.139218 0.109783 0.085344 0.065406 0.049418 0.036810 0.027033 0.019573 0.013973 0.009835 0.006826 0.004671 0.003152 0.002097 0.001376 0.000890 0.000568 0.000358 0.000222 0.000136 0.000082 0.000049 0.000029 0.000017 0.000009 0.000005 0.000003 0.000002 0.000001 0.000000 0.000000 0.000000 0.000000 0.000000 
0.000000 0.000000 0.000000 0.000000 0.000000 0.000001 0.000001 0.000002 0.000004 0.000008 0.000014 0.000025 0.000043 0.000073 0.000122 0.000202 0.000330 0.000531 0.000844 0.001321 0.002041 0.003109 0.004671 0.006919 0.010107 0.014557 0.020674 0.028949 0.039969 0.054407 0.073018 0.096613 0.126028 0.162073 0.205474 0.256804 0.316400 0.384283 0.460089 0.543001 0.631716 0.724436 0.818901 0.912452 1.002151 1.084917 1.157706 1.217685 1.262425 1.290056 1.299400 1.290056 1.262425 1.217685 1.157706 1.084917 1.002151 0.912452 0.818901 0.724436 0.631716 0.543001 0.460089 0.384283 0.316400 0.256804 0.205474 0.162073 0.126028 0.096613 0.073018 0.054407 0.039969 0.028949 0.020674 0.014557 0.010107 0.006919 0.004671 0.003109 0.002041 0.001321 0.000844 0.000531 0.000330 0.000202 0.000122 0.000073 0.000043 0.000025 0.000014 0.000008 0.000004 0.000002 0.000001 0.000001 0.000000 0.000000 0.000000 0.000000 
0.000000 0.000000 0.000000 0.000000 0.000001 0.000001 0.000002 0.000004 0.000007 0.000012 0.000021 0.000036 0.000063 0.000107 0.000179 0.000296 0.000483 0.000778 0.001235 0.001933 0.002985 0.004546 0.006826 0.010107 0.014757 0.021247 0.030164 0.042224 0.058276 0.079302 0.106396 0.140736 0.183533 0.235963 0.299078 0.373704 0.460328 0.558977 0.669118 0.789561 0.918414 1.053064 1.190228 1.326050 1.456264 1.576405 1.682053 1.769105 1.834035 1.874134 1.887695 1.874134 1.834035 1.769105 1.682053 1.576405 1.456264 1.326050 1.190228 1.053064 0.918414 0.789561 0.669118 0.558977 0.460328 0.373704 0.299078 0.235963 0.183533 0.140736 0.106396 0.079302 0.058276 0.042224 0.030164 0.021247 0.014757 0.010107 0.006826 0.004546 0.002985 0.001933 0.001235 0.000778 0.000483 0.000296 0.000179 0.000107 0.000063 0.000036 0.000021 0.000012 0.000007 0.000004 0.000002 0.000001 0.000001 0.000000 0.000000 0.000000 
0.000000 0.000000 0.000000 0.000000 0.000001 0.000002 0.000003 0.000005 0.000009 0.000017 0.000030 0.000053 0.000091 0.000154 0.000259 0.000428 0.000698 0.001123 0.001782 0.002789 0.004305 0.006552 0.009835 0.014557 0.021247 0.030580 0.043398 0.060728 0.083789 0.113984 0.152882 0.202170 0.263578 0.338788 0.429304 0.536303 0.660478 0.801863 0.959688 1.132247 1.316823 1.509676 1.706103 1.900587 2.087022 2.259018 2.410256 2.534866 2.627807 2.685202 2.704611 2.685202 2.627807 2.534866 2.410256 2.259018 2.087022 1.900587 1.706103 1.509676 1.316823 1.132247 0.959688 0.801863 0.660478 0.536303 0.429304 0.338788 0.263578 0.202170 0.152882 0.113984 0.083789 0.060728 0.043398 0.030580 0.021247 0.014557 0.009835 0.006552 0.004305 0.002789 0.001782 0.001123 0.000698 0.000428 0.000259 0.000154 0.000091 0.000053 0.000030 0.000017 0.000009 0.000005 0.000003 0.000002 0.000001 0.000000 0.000000 0.000000 
0.000000 0.000000 0.000000 0.000001 0.000001 0.000002 0.000004 0.000007 0.000014 0.000024 0.000043 0.000075 0.000130 0.000220 0.000369 0.000610 0.000995 0.001599 0.002537 0.003968 0.006121 0.009313 0.013973 0.020674 0.030164 0.043398 0.061568 0.086126 0.118794 0.161556 0.216628 0.286388 0.373281 0.479678 0.607696 0.758995 0.934542 1.134381 1.357416 1.601232 1.861988 2.134399 2.411824 2.686472 2.949729 3.192578 3.406102 3.582022 3.713225 3.794248 3.821647 3.794248 3.713225 3.582022 3.406102 3.192578 2.949729 2.686472 2.411824 2.134399 1.861988 1.601232 1.357416 1.134381 0.934542 0.758995 0.607696 0.479678 0.373281 0.286388 0.216628 0.161556 0.118794 0.086126 0.061568 0.043398 0.030164 0.020674 0.013973 0.009313 0.006121 0.003968 0.002537 0.001599 0.000995 0.000610 0.000369 0.000220 0.000130 0.000075 0.000043 0.000024 0.000014 0.000007 0.000004 0.000002 0.000001 0.000001 0.000000 0.000000 
0.000000 0.000000 0.000000 0.000001 0.000002 0.000003 0.000006 0.000011 0.000019 0.000034 0.000061 0.000106 0.000182 0.000310 0.000519 0.000857 0.001397 0.002245 0.003559 0.005565 0.008581 0.013050 0.019573 0.028949 0.042224 0.060728 0.086126 0.120442 0.166076 0.225794 0.302680 0.400047 0.521297 0.669727 0.848279 1.059256 1.303998 1.582554 1.893389 2.233131 2.596424 2.975905 3.362324 3.744834 4.111445 4.449608 4.746917 4.991853 5.174523 5.287324 5.325470 5.287324 5.174523 4.991853 4.746917 4.449608 4.111445 3.744834 3.362324 2.975905 2.596424 2.233131 1.893389 1.582554 1.303998 1.059256 0.848279 0.669727 0.521297 0.400047 0.302680 0.225794 0.166076 0.120442 0.086126 0.060728 0.042224 0.028949 0.019573 0.013050 0.008581 0.005565 0.003559 0.002245 0.001397 0.000857 0.000519 0.000310 0.000182 0.000106 0.000061 0.000034 0.000019 0.000011 0.000006 0.000003 0.000002 0.000001 0.000001 0.000001 
0.000000 0.000000 0.000001 0.000001 0.000002 0.000004 0.000008 0.000015 0.000027 0.000048 0.000084 0.000147 0.000253 0.000429 0.000719 0.001187 0.001933 0.003106 0.004923 0.007694 0.011860 0.018031 0.027033 0.039969 0.058276 0.083789 0.118794 0.166076 0.228935 0.311170 0.417019 0.551030 0.717871 0.922065 1.167645 1.457763 1.794245 2.177151 2.604354 3.071215 3.570369 4.091697 4.622495 5.147871 5.651363 6.115751 6.524008 6.860330 7.111145 7.266024 7.318397 7.266024 7.111145 6.860330 6.524008 6.115751 5.651363 5.147871 4.622495 4.091697 3.570369 3.071215 2.604354 2.177151 1.794245 1.457763 1.167645 0.922065 0.717871 0.551030 0.417019 0.311170 0.228935 0.166076 0.118794 0.083789 0.058276 0.039969 0.027033 0.018031 0.011860 0.007694 0.004923 0.003106 0.001933 0.001187 0.000719 0.000429 0.000253 0.000147 0.000084 0.000048 0.000027 0.000015 0.000008 0.000004 0.000002 0.000001 0.000001 0.000001 
0.000001 0.000001 0.000001 0.000002 0.000003 0.000006 0.000011 0.000020 0.000036 0.000065 0.000115 0.000201 0.000346 0.000587 0.000982 0.001620 0.002639 0.004238 0.006713 0.010488 0.016161 0.024560 0.036810 0.054407 0.079302 0.113984 0.161556 0.225794 0.311170 0.422835 0.566526 0.748403 0.974784 1.251787 1.584864 1.978270 2.434464 2.953507 3.532506 4.165161 4.841486 5.547769 6.266801 6.978419 7.660337 8.289246 8.842105 9.297528 9.637151 9.846863 9.917778 9.846863 9.637151 9.297528 8.842105 8.289246 7.660337 6.978419 6.266801 5.547769 4.841486 4.165161 3.532506 2.953507 2.434464 1.978270 1.584864 1.251787 0.974784 0.748403 0.566526 0.422835 0.311170 0.225794 0.161556 0.113984 0.079302 0.054407 0.036810 0.024560 0.016161 0.010488 0.006713 0.004238 0.002639 0.001620 0.000982 0.000587 0.000346 0.000201 0.000115 0.000065 0.000036 0.000020 0.000011 0.000006 0.000003 0.000002 0.000001 0.000001 
0.000001 0.000001 0.000001 0.000002 0.000004 0.000008 0.000015 0.000027 0.000049 0.000088 0.000156 0.000271 0.000466 0.000790 0.001322 0.002181 0.003550 0.005699 0.009024 0.014094 0.021711 0.032983 0.049418 0.073018 0.106396 0.152882 0.216628 0.302680 0.417019 0.566526 0.758865 1.002263 1.305153 1.675693 2.121155 2.647203 3.257101 3.950911 4.724748 5.570176 6.473846 7.417433 8.377952 9.328477 10.239257 11.079178 11.817489 12.425652 12.879162 13.159190 13.253882 13.159190 12.879162 12.425652 11.817489 11.079178 10.239257 9.328477 8.377952 7.417433 6.473846 5.570176 4.724748 3.950911 3.257101 2.647203 2.121155 1.675693 1.305153 1.002263 0.758865 0.566526 0.417019 0.302680 0.216628 0.152882 0.106396 0.073018 0.049418 0.032983 0.021711 0.014094 0.009024 0.005699 0.003550 0.002181 0.001322 0.000790 0.000466 0.000271 0.000156 0.000088 0.000049 0.000027 0.000015 0.000008 0.000004 0.000002 0.000002 0.000002 
0.000001 0.000001 0.000002 0.000003 0.000006 0.000011 0.000020 0.000036 0.000065 0.000117 0.000207 0.000360 0.000619 0.001049 0.001754 0.002894 0.004708 0.007556 0.011960 0.018673 0.028754 0.043669 0.065406 0.096613 0.140736 0.202170 0.286388 0.400047 0.551030 0.748403 1.002263 1.323442 1.723039 2.211789 2.799252 3.492865 4.296905 5.211425 6.231280 7.345339 8.536000 9.779116 11.044412 12.296432 13.496005 14.602177 15.574476 16.375343 16.972533 17.341272 17.465960 17.341272 16.972533 16.375343 15.574476 14.602177 13.496005 12.296432 11.044412 9.779116 8.536000 7.345339 6.231280 5.211425 4.296905 3.492865 2.799252 2.211789 1.723039 1.323442 1.002263 0.748403 0.551030 0.400047 0.286388 0.202170 0.140736 0.096613 0.065406 0.043669 0.028754 0.018673 0.011960 0.007556 0.004708 0.002894 0.001754 0.001049 0.000619 0.000360 0.000207 0.000117 0.000065 0.000036 0.000020 0.000011 0.000006 0.000003 0.000002 0.000002 
0.000002 0.000002 0.000002 0.000004 0.000007 0.000014 0.000026 0.000047 0.000086 0.000154 0.000271 0.000472 0.000810 0.001373 0.002295 0.003784 0.006155 0.009874 0.015625 0.024387 0.037542 0.056997 0.085344 0.126028 0.183533 0.263578 0.373281 0.521297 0.717871 0.974784 1.305153 1.723039 2.242852 2.878518 3.642433 4.544231 5.589432 6.778075 8.103445 9.551055 11.098022 12.712970 14.356577 15.982798 17.540783 18.977369 20.240027 21.280014 22.055487 22.534296 22.696203 22.534296 22.055487 21.280014 20.240027 18.977369 17.540783 15.982798 14.356577 12.712970 11.098022 9.551055 8.103445 6.778075 5.589432 4.544231 3.642433 2.878518 2.242852 1.723039 1.305153 0.974784 0.717871 0.521297 0.373281 0.263578 0.183533 0.126028 0.085344 0.056997 0.037542 0.024387 0.015625 0.009874 0.006155 0.003784 0.002295 0.001373 0.000810 0.000472 0.000271 0.000154 0.000086 0.000047 0.000026 0.000014 0.000008 0.000004 0.000003 0.000003 
0.000002 0.000002 0.000003 0.000005 0.000010 0.000018 0.000033 0.000061 0.000111 0.000198 0.000350 0.000609 0.001046 0.001771 0.002960 0.004879 0.007932 0.012721 0.020124 0.031398 0.048319 0.073339 0.109783 0.162073 0.235963 0.338788 0.479678 0.669727 0.922065 1.251787 1.675693 2.211789 2.878518 3.693698 4.673178 5.829264 7.168991 8.692366 10.390751 12.245556 14.227447 16.296226 18.401526 20.484391 22.479717 24.319457 25.936378 27.268098 28.261075 28.874168 29.081480 28.874168 28.261075 27.268098 25.936378 24.319457 22.479717 20.484391 18.401526 16.296226 14.227447 12.245556 10.390751 8.692366 7.168991 5.829264 4.673178 3.693698 2.878518 2.211789 1.675693 1.251787 0.922065 0.669727 0.479678 0.338788 0.235963 0.162073 0.109783 0.073339 0.048319 0.031398 0.020124 0.012721 0.007932 0.004879 0.002960 0.001771 0.001046 0.000609 0.000350 0.000198 0.000111 0.000061 0.000033 0.000018 0.000010 0.000006 0.000004 0.000004 
0.000003 0.000003 0.000004 0.000007 0.000012 0.000023 0.000043 0.000078 0.000141 0.000253 0.000446 0.000775 0.001330 0.002253 0.003762 0.006199 0.010076 0.016155 0.025548 0.039850 0.061308 0.093028 0.139218 0.205474 0.299078 0.429304 0.607696 0.848279 1.167645 1.584864 2.121155 2.799252 3.642433 4.673178 5.911472 7.372819 9.066056 10.991145 13.137131 15.480495 17.984161 20.597341 23.256427 25.886977 28.406804 30.730015 32.771753 34.453297 35.707078 36.481185 36.742940 36.481185 35.707078 34.453297 32.771753 30.730015 28.406804 25.886977 23.256427 20.597341 17.984161 15.480495 13.137131 10.991145 9.066056 7.372819 5.911472 4.673178 3.642433 2.799252 2.121155 1.584864 1.167645 0.848279 0.607696 0.429304 0.299078 0.205474 0.139218 0.093028 0.061308 0.039850 0.025548 0.016155 0.010076 0.006199 0.003762 0.002253 0.001330 0.000775 0.000446 0.000253 0.000141 0.000078 0.000043 0.000023 0.000013 0.000007 0.000005 0.000005 
0.000003 0.000003 0.000005 0.000008 0.000015 0.000029 0.000053 0.000098 0.000178 0.000317 0.000559 0.000972 0.001668 0.002823 0.004714 0.007765 0.012617 0.020222 0.031971 0.049855 0.076681 0.116324 0.174039 0.256804 0.373704 0.536303 0.758995 1.059256 1.457763 1.978270 2.647203 3.492865 4.544231 5.829264 7.372819 9.194153 11.304221 13.702920 16.376551 19.295782 22.414400 25.669144 28.980799 32.256682 35.394483 38.287294 40.829509 42.923164 44.484177 45.447959 45.773846 45.447959 44.484177 42.923164 40.829509 38.287294 35.394483 32.256682 28.980799 25.669144 22.414400 19.295782 16.376551 13.702920 11.304221 9.194153 7.372819 5.829264 4.544231 3.492865 2.647203 1.978270 1.457763 1.059256 0.758995 0.536303 0.373704 0.256804 0.174039 0.116324 0.076681 0.049855 0.031971 0.020222 0.012617 0.007765 0.004714 0.002823 0.001668 0.000972 0.000559 0.000317 0.000178 0.000098 0.000054 0.000029 0.000016 0.000009 0.000006 0.000006 
0.000004 0.000004 0.000006 0.000010 0.000019 0.000036 0.000066 0.000121 0.000220 0.000392 0.000691 0.001202 0.002061 0.003487 0.005822 0.009586 0.015572 0.024952 0.039438 0.061484 0.094542 0.143385 0.214475 0.316400 0.460328 0.660478 0.934542 1.303998 1.794245 2.434464 3.257101 4.296905 5.589432 7.168991 9.066056 11.304221 13.896877 16.843834 20.128208 23.713926 27.544204 31.541339 35.608060 39.630587 43.483335 47.035094 50.156266 52.726638 54.643040 55.826221 56.226292 55.826221 54.643040 52.726638 50.156266 47.035094 43.483335 39.630587 35.608060 31.541339 27.544204 23.713926 20.128208 16.843834 13.896877 11.304221 9.066056 7.168991 5.589432 4.296905 3.257101 2.434464 1.794245 1.303998 0.934542 0.660478 0.460328 0.316400 0.214475 0.143385 0.094542 0.061484 0.039438 0.024952 0.015572 0.009586 0.005822 0.003487 0.002061 0.001202 0.000691 0.000392 0.000220 0.000121 0.000066 0.000036 0.000020 0.000011 0.000008 0.000008 
0.000005 0.000005 0.000007 0.000012 0.000023 0.000044 0.000081 0.000148 0.000268 0.000478 0.000842 0.001464 0.002510 0.004246 0.007086 0.011665 0.018944 0.030347 0.047953 0.074741 0.114902 0.174223 0.260546 0.384283 0.558977 0.801863 1.134381 1.582554 2.177151 2.953507 3.950911 5.211425 6.778075 8.692366 10.991145 13.702920 16.843834 20.413583 24.391659 28.734323 33.372778 38.212920 43.136983 48.007230 52.671666 56.971502 60.749913 63.861442 66.181264 67.613493 68.097771 67.613493 66.181264 63.861442 60.749913 56.971502 52.671666 48.007230 43.136983 38.212920 33.372778 28.734323 24.391659 20.413583 16.843834 13.702920 10.991145 8.692366 6.778075 5.211425 3.950911 2.953507 2.177151 1.582554 1.134381 0.801863 0.558977 0.384283 0.260546 0.174223 0.114902 0.074741 0.047953 0.030347 0.018944 0.011665 0.007086 0.004246 0.002510 0.001464 0.000842 0.000478 0.000268 0.000148 0.000081 0.000044 0.000024 0.000014 0.000009 0.000009 
0.000006 0.000006 0.000008 0.000015 0.000028 0.000052 0.000097 0.000178 0.000322 0.000574 0.001012 0.001758 0.003013 0.005095 0.008501 0.013991 0.022715 0.036380 0.057473 0.089559 0.137651 0.208674 0.312003 0.460089 0.669118 0.959688 1.357416 1.893389 2.604354 3.532506 4.724748 6.231280 8.103445 10.390751 13.137131 16.376551 20.128208 24.391659 29.142342 34.327976 39.866381 45.645190 51.523814 57.337856 62.905923 68.038535 72.548573 76.262492 79.031369 80.740815 81.318823 80.740815 79.031369 76.262492 72.548573 68.038535 62.905923 57.337856 51.523814 45.645190 39.866381 34.327976 29.142342 24.391659 20.128208 16.376551 13.137131 10.390751 8.103445 6.231280 4.724748 3.532506 2.604354 1.893389 1.357416 0.959688 0.669118 0.460089 0.312003 0.208674 0.137651 0.089559 0.057473 0.036380 0.022715 0.013991 0.008501 0.005095 0.003013 0.001758 0.001012 0.000574 0.000322 0.000178 0.000097 0.000053 0.000029 0.000016 0.000011 0.000011 
0.000007 0.000007 0.000010 0.000018 0.000033 0.000062 0.000115 0.000211 0.000381 0.000680 0.001197 0.002080 0.003564 0.006026 0.010051 0.016539 0.026846 0.042986 0.067895 0.105778 0.162548 0.246369 0.368295 0.543001 0.789561 1.132247 1.601232 2.233131 3.071215 4.165161 5.570176 7.345339 9.551055 12.245556 15.480495 19.295782 23.713926 28.734323 34.327976 40.433275 46.953435 53.756164 60.675982 67.519418 74.073024 80.113861 85.421782 89.792625 93.051201 95.062950 95.743171 95.062950 93.051201 89.792625 85.421782 80.113861 74.073024 67.519418 60.675982 53.756164 46.953435 40.433275 34.327976 28.734323 23.713926 19.295782 15.480495 12.245556 9.551055 7.345339 5.570176 4.165161 3.071215 2.233131 1.601232 1.132247 0.789561 0.543001 0.368295 0.246369 0.162548 0.105778 0.067895 0.042986 0.026846 0.016539 0.010051 0.006026 0.003564 0.002080 0.001197 0.000680 0.000381 0.000211 0.000115 0.000062 0.000034 0.000020 0.000013 0.000013 
0.000008 0.000008 0.000012 0.000021 0.000039 0.000072 0.000134 0.000246 0.000445 0.000793 0.001397 0.002425 0.004155 0.007024 0.011713 0.019269 0.031272 0.050063 0.079058 0.123145 0.189201 0.286716 0.428537 0.631716 0.918414 1.316823 1.861988 2.596424 3.570369 4.841486 6.473846 8.536000 11.098022 14.227447 17.984161 22.414400 27.544204 33.372778 39.866381 46.953435 54.521559 62.417192 70.448288 78.390352 85.995736 93.005803 99.165174 104.237026 108.018154 110.352483 111.141772 110.352483 108.018154 104.237026 99.165174 93.005803 85.995736 78.390352 70.448288 62.417192 54.521559 46.953435 39.866381 33.372778 27.544204 22.414400 17.984161 14.227447 11.098022 8.536000 6.473846 4.841486 3.570369 2.596424 1.861988 1.316823 0.918414 0.631716 0.428537 0.286716 0.189201 0.123145 0.079058 0.050063 0.031272 0.019269 0.011713 0.007024 0.004155 0.002425 0.001397 0.000793 0.000445 0.000246 0.000135 0.000073 0.000040 0.000023 0.000016 0.000016 
0.000009 0.000009 0.000014 0.000024 0.000045 0.000083 0.000155 0.000283 0.000512 0.000912 0.001605 0.002787 0.004774 0.008069 0.013453 0.022127 0.035903 0.057467 0.090733 0.141308 0.217071 0.328898 0.491509 0.724436 1.053064 1.509676 2.134399 2.975905 4.091697 5.547769 7.417433 9.779116 12.712970 16.296226 20.597341 25.669144 31.541339 38.212920 45.645190 53.756164 62.417192 71.452529 80.642432 89.730058 98.432110 106.452737 113.499842 119.302559 123.628485 126.299123 127.202119 126.299123 123.628485 119.302559 113.499842 106.452737 98.432110 89.730058 80.642432 71.452529 62.417192 53.756164 45.645190 38.212920 31.541339 25.669144 20.597341 16.296226 12.712970 9.779116 7.417433 5.547769 4.091697 2.975905 2.134399 1.509676 1.053064 0.724436 0.491509 0.328898 0.217071 0.141308 0.090733 0.057467 0.035903 0.022127 0.013453 0.008069 0.004774 0.002787 0.001605 0.000912 0.000512 0.000283 0.000155 0.000084 0.000046 0.000026 0.000018 0.000018 
0.000010 0.000010 0.000015 0.000027 0.000051 0.000095 0.000175 0.000321 0.000580 0.001034 0.001818 0.003156 0.005406 0.009135 0.015228 0.025042 0.040627 0.065017 0.102638 0.159824 0.245478 0.371886 0.555675 0.818901 1.190228 1.706103 2.411824 3.362324 4.622495 6.266801 8.377952 11.044412 14.356577 18.401526 23.256427 28.980799 35.608060 43.136983 51.523814 60.675982 70.448288 80.642432 91.010508 101.262794 111.079755 120.127721 128.077274 134.622956 139.502690 142.515195 143.533779 142.515195 139.502690 134.622956 128.077274 120.127721 111.079755 101.262794 91.010508 80.642432 70.448288 60.675982 51.523814 43.136983 35.608060 28.980799 23.256427 18.401526 14.356577 11.044412 8.377952 6.266801 4.622495 3.362324 2.411824 1.706103 1.190228 0.818901 0.555675 0.371886 0.245478 0.159824 0.102638 0.065017 0.040627 0.025042 0.015228 0.009135 0.005406 0.003156 0.001818 0.001034 0.000580 0.000321 0.000176 0.000095 0.000052 0.000030 0.000021 0.000021 
