0.000000 0.000000 0.000000 0.000000 0.000000 0.000000 0.000000 0.000000 0.000000 0.000000 0.000000 0.000000 0.000000 0.000000 0.000000 0.000000 0.000000 0.000000 0.000000 0.000000 0.000000 0.000000 0.000000 0.000000 0.000000 0.000000 0.000000 0.000000 0.000000 0.000000 0.000000 0.000000 0.000000 0.000000 0.000000 0.000000 0.000000 0.000000 0.000000 0.000000 0.000000 0.000000 0.000000 0.000000 0.000000 0.000000 0.000000 0.000000 0.000000 0.000000 0.000000 0.000000 0.000000 0.000000 0.000000 0.000000 0.000000 0.000000 0.000000 0.000000 0.000000 0.000000 0.000000 0.000000 0.000000 0.000000 0.000000 0.000000 0.000000 0.000000 0.000000 0.000000 0.000000 0.000000 0.000000 0.000000 0.000000 0.000000 0.000000 0.000000 0.000000 0.000000 0.000000 0.000000 0.000000 0.000000 0.000000 0.000000 0.000000 0.000000 0.000000 0.000000 0.000000 0.000000 0.000000 0.000000 0.000000 0.000000 0.000000 0.000000 
0.000000 0.000000 0.000000 0.000000 0.000000 0.000000 0.000000 0.000000 0.000000 0.000000 0.000000 0.000000 0.000000 0.000000 0.000000 0.000000 0.000000 0.000000 0.000000 0.000000 0.000000 0.000000 0.000000 0.000000 0.000000 0.000000 0.000000 0.000000 0.000000 0.000000 0.000000 0.000000 0.000000 0.000000 0.000000 0.000000 0.000000 0.000000 0.000000 0.000000 0.000000 0.000000 0.000000 0.000000 0.000000 0.000000 0.000000 0.000000 0.000000 0.000000 0.000000 0.000000 0.000000 0.000000 0.000000 0.000000 0.000000 0.000000 0.000000 0.000000 0.000000 0.000000 0.000000 0.000000 0.000000 0.000000 0.000000 0.000000 0.000000 0.000000 0.000000 0.000000 0.000000 0.000000 0.000000 0.000000 0.000000 0.000000 0.000000 0.000000 0.000000 0.000000 0.000000 0.000000 0.000000 0.000000 0.000000 0.000000 0.000000 0.000000 0.000000 0.000000 0.000000 0.000000 0.000000 0.000000 0.000000 0.000000 0.000000 0.000000 
0.000000 0.000000 0.000000 0.000000 0.000000 0.000000 0.000000 0.000000 0.000000 0.000000 0.000000 0.000000 0.000000 0.000000 0.000000 0.000000 0.000000 0.000000 0.000000 0.000000 0.000000 0.000000 0.000000 0.000000 0.000000 0.000000 0.000000 0.000000 0.000000 0.000000 0.000000 0.000000 0.000000 0.000000 0.000000 0.000000 0.000000 0.000000 0.000000 0.000000 0.000000 0.000000 0.000000 0.000000 0.000000 0.000000 0.000000 0.000000 0.000000 0.000000 0.000000 0.000000 0.000000 0.000000 0.000000 0.000000 0.000000 0.000000 0.000000 0.000000 0.000000 0.000000 0.000000 0.000000 0.000000 0.000000 0.000000 0.000000 0.000000 0.000000 0.000000 0.000000 0.000000 0.000000 0.000000 0.000000 0.000000 0.000000 0.000000 0.000000 0.000000 0.000000 0.000000 0.000000 0.000000 0.000000 0.000000 0.000000 0.000000 0.000000 0.000000 0.000000 0.000000 0.000000 0.000000 0.000000 0.000000 0.000000 0.000000 0.000000 
0.000000 0.000000 0.000000 0.000000 0.000000 0.000000 0.000000 0.000000 0.000000 0.000000 0.000000 0.000000 0.000000 0.000000 0.000000 0.000000 0.000000 0.000000 0.000000 0.000000 0.000000 0.000000 0.000000 0.000000 0.000000 0.000000 0.000000 0.000000 0.000000 0.000000 0.000000 0.000000 0.000000 0.000000 0.000000 0.000000 0.000000 0.000000 0.000000 0.000000 0.000000 0.000000 0.000000 0.000000 0.000000 0.000000 0.000000 0.000000 0.000000 0.000000 0.000000 0.000000 0.000000 0.000000 0.000000 0.000000 0.000000 0.000000 0.000000 0.000000 0.000000 0.000000 0.000000 0.000000 0.000000 0.000000 0.000000 0.000000 0.000000 0.000000 0.000000 0.000000 0.000000 0.000000 0.000000 0.000000 0.000000 0.000000 0.000000 0.000000 0.000000 0.000000 0.000000 0.000000 0.000000 0.000000 0.000000 0.000000 0.000000 0.000000 0.000000 0.000000 0.000000 0.000000 0.000000 0.000000 0.000000 0.000000 0.000000 0.000000 
0.000000 0.000000 0.000000 0.000000 0.000000 0.000000 0.000000 0.000000 0.000000 0.000000 0.000000 0.000000 0.000000 0.000000 0.000000 0.000000 0.000000 0.000000 0.000000 0.000000 0.000000 0.000000 0.000000 0.000000 0.000000 0.000000 0.000000 0.000000 0.000000 0.000000 0.000000 0.000000 0.000000 0.000000 0.000000 0.000000 0.000000 0.000000 0.000000 0.000000 0.000000 0.000000 0.000000 0.000000 0.000000 0.000000 0.000001 0.000001 0.000001 0.000001 0.000001 0.000001 0.000001 0.000001 0.000001 0.000000 0.000000 0.000000 0.000000 0.000000 0.000000 0.000000 0.000000 0.000000 0.000000 0.000000 0.000000 0.000000 0.000000 0.000000 0.000000 0.000000 0.000000 0.000000 0.000000 0.000000 0.000000 0.000000 0.000000 0.000000 0.000000 0.000000 0.000000 0.000000 0.000000 0.000000 0.000000 0.000000 0.000000 0.000000 0.000000 0.000000 0.000000 0.000000 0.000000 0.000000 0.000000 0.000000 0.000000 0.000000 
0.000000 0.000000 0.000000 0.000000 0.000000 0.000000 0.000000 0.000000 0.000000 0.000000 0.000000 0.000000 0.000000 0.000000 0.000000 0.000000 0.000000 0.000000 0.000000 0.000000 0.000000 0.000000 0.000000 0.000000 0.000000 0.000000 0.000000 0.000000 0.000000 0.000000 0.000000 0.000000 0.000000 0.000000 0.000000 0.000000 0.000000 0.000000 0.000000 0.000000 0.000000 0.000001 0.000001 0.000001 0.000001 0.000001 0.000001 0.000001 0.000001 0.000001 0.000001 0.000001 0.000001 0.000001 0.000001 0.000001 0.000001 0.000001 0.000001 0.000001 0.000000 0.000000 0.000000 0.000000 0.000000 0.000000 0.000000 0.000000 0.000000 0.000000 0.000000 0.000000 0.000000 0.000000 0.000000 0.000000 0.000000 0.000000 0.000000 0.000000 0.000000 0.000000 0.000000 0.000000 0.000000 0.000000 0.000000 0.000000 0.000000 0.000000 0.000000 0.000000 0.000000 0.000000 0.000000 0.000000 0.000000 0.000000 0.000000 0.000000 
0.000000 0.000000 0.000000 0.000000 0.000000 0.000000 0.000000 0.000000 0.000000 0.000000 0.000000 0.000000 0.000000 0.000000 0.000000 0.000000 0.000000 0.000000 0.000000 0.000000 0.000000 0.000000 0.000000 0.000000 0.000000 0.000000 0.000000 0.000000 0.000000 0.000000 0.000000 0.000000 0.000000 0.000000 0.000000 0.000000 0.000000 0.000001 0.000001 0.000001 0.000001 0.000001 0.000002 0.000002 0.000002 0.000002 0.000003 0.000003 0.000003 0.000003 0.000003 0.000003 0.000003 0.000003 0.000003 0.000002 0.000002 0.000002 0.000002 0.000001 0.000001 0.000001 0.000001 0.000001 0.000000 0.000000 0.000000 0.000000 0.000000 0.000000 0.000000 0.000000 0.000000 0.000000 0.000000 0.000000 0.000000 0.000000 0.000000 0.000000 0.000000 0.000000 0.000000 0.000000 0.000000 0.000000 0.000000 0.000000 0.000000 0.000000 0.000000 0.000000 0.000000 0.000000 0.000000 0.000000 0.000000 0.000000 0.000000 0.000000 
0.000000 0.000000 0.000000 0.000000 0.000000 0.000000 0.000000 0.000000 0.000000 0.000000 0.000000 0.000000 0.000000 0.000000 0.000000 0.000000 0.000000 0.000000 0.000000 0.000000 0.000000 0.000000 0.000000 0.000000 0.000000 0.000000 0.000000 0.000000 0.000000 0.000000 0.000000 0.000000 0.000000 0.000000 0.000001 0.000001 0.000001 0.000001 0.000002 0.000002 0.000003 0.000003 0.000004 0.000004 0.000005 0.000006 0.000006 0.000007 0.000007 0.000007 0.000007 0.000007 0.000007 0.000007 0.000006 0.000006 0.000005 0.000004 0.000004 0.000003 0.000003 0.000002 0.000002 0.000001 0.000001 0.000001 0.000001 0.000000 0.000000 0.000000 0.000000 0.000000 0.000000 0.000000 0.000000 0.000000 0.000000 0.000000 0.000000 0.000000 0.000000 0.000000 0.000000 0.000000 0.000000 0.000000 0.000000 0.000000 0.000000 0.000000 0.000000 0.000000 0.000000 0.000000 0.000000 0.000000 0.000000 0.000000 0.000000 0.000000 
0.000000 0.000000 0.000000 0.000000 0.000000 0.000000 0.000000 0.000000 0.000000 0.000000 0.000000 0.000000 0.000000 0.000000 0.000000 0.000000 0.000000 0.000000 0.000000 0.000000 0.000000 0.000000 0.000000 0.000000 0.000000 0.000000 0.000000 0.000000 0.000000 0.000000 0.000000 0.000000 0.000001 0.000001 0.000001 0.000002 0.000002 0.000003 0.000004 0.000005 0.000006 0.000007 0.000008 0.000010 0.000011 0.000012 0.000014 0.000015 0.000015 0.000016 0.000016 0.000016 0.000015 0.000015 0.000014 0.000012 0.000011 0.000010 0.000008 0.000007 0.000006 0.000005 0.000004 0.000003 0.000002 0.000002 0.000001 0.000001 0.000001 0.000000 0.000000 0.000000 0.000000 0.000000 0.000000 0.000000 0.000000 0.000000 0.000000 0.000000 0.000000 0.000000 0.000000 0.000000 0.000000 0.000000 0.000000 0.000000 0.000000 0.000000 0.000000 0.000000 0.000000 0.000000 0.000000 0.000000 0.000000 0.000000 0.000000 0.000000 
0.000000 0.000000 0.000000 0.000000 0.000000 0.000000 0.000000 0.000000 0.000000 0.000000 0.000000 0.000000 0.000000 0.000000 0.000000 0.000000 0.000000 0.000000 0.000000 0.000000 0.000000 0.000000 0.000000 0.000000 0.000000 0.000000 0.000000 0.000000 0.000000 0.000000 0.000001 0.000001 0.000001 0.000002 0.000002 0.000003 0.000005 0.000006 0.000008 0.000010 0.000012 0.000015 0.000018 0.000021 0.000024 0.000027 0.000029 0.000032 0.000033 0.000034 0.000035 0.000034 0.000033 0.000032 0.000029 0.000027 0.000024 0.000021 0.000018 0.000015 0.000012 0.000010 0.000008 0.000006 0.000005 0.000003 0.000002 0.000002 0.000001 0.000001 0.000001 0.000000 0.000000 0.000000 0.000000 0.000000 0.000000 0.000000 0.000000 0.000000 0.000000 0.000000 0.000000 0.000000 0.000000 0.000000 0.000000 0.000000 0.000000 0.000000 0.000000 0.000000 0.000000 0.000000 0.000000 0.000000 0.000000 0.000000 0.000000 0.000000 
0.000000 0.000000 0.000000 0.000000 0.000000 0.000000 0.000000 0.000000 0.000000 0.000000 0.000000 0.000000 0.000000 0.000000 0.000000 0.000000 0.000000 0.000000 0.000000 0.000000 0.000000 0.000000 0.000000 0.000000 0.000000 0.000000 0.000000 0.000000 0.000001 0.000001 0.000001 0.000002 0.000003 0.000004 0.000005 0.000007 0.000010 0.000013 0.000017 0.000021 0.000026 0.000032 0.000038 0.000045 0.000051 0.000057 0.000063 0.000067 0.000071 0.000073 0.000074 0.000073 0.000071 0.000067 0.000063 0.000057 0.000051 0.000045 0.000038 0.000032 0.000026 0.000021 0.000017 0.000013 0.000010 0.000007 0.000005 0.000004 0.000003 0.000002 0.000001 0.000001 0.000001 0.000000 0.000000 0.000000 0.000000 0.000000 0.000000 0.000000 0.000000 0.000000 0.000000 0.000000 0.000000 0.000000 0.000000 0.000000 0.000000 0.000000 0.000000 0.000000 0.000000 0.000000 0.000000 0.000000 0.000000 0.000000 0.000000 0.000000 
0.000000 0.000000 0.000000 0.000000 0.000000 0.000000 0.000000 0.000000 0.000000 0.000000 0.000000 0.000000 0.000000 0.000000 0.000000 0.000000 0.000000 0.000000 0.000000 0.000000 0.000000 0.000000 0.000000 0.000000 0.000000 0.000000 0.000000 0.000001 0.000001 0.000002 0.000003 0.000004 0.000006 0.000008 0.000011 0.000016 0.000021 0.000027 0.000035 0.000045 0.000056 0.000068 0.000080 0.000094 0.000107 0.000120 0.000131 0.000141 0.000149 0.000153 0.000155 0.000153 0.000149 0.000141 0.000131 0.000120 0.000107 0.000094 0.000080 0.000068 0.000056 0.000045 0.000035 0.000027 0.000021 0.000016 0.000011 0.000008 0.000006 0.000004 0.000003 0.000002 0.000001 0.000001 0.000000 0.000000 0.000000 0.000000 0.000000 0.000000 0.000000 0.000000 0.000000 0.000000 0.000000 0.000000 0.000000 0.000000 0.000000 0.000000 0.000000 0.000000 0.000000 0.000000 0.000000 0.000000 0.000000 0.000000 0.000000 0.000000 
0.000000 0.000000 0.000000 0.000000 0.000000 0.000000 0.000000 0.000000 0.000000 0.000000 0.000000 0.000000 0.000000 0.000000 0.000000 0.000000 0.000000 0.000000 0.000000 0.000000 0.000000 0.000000 0.000000 0.000000 0.000000 0.000001 0.000001 0.000001 0.000002 0.000004 0.000005 0.000008 0.000012 0.000017 0.000023 0.000032 0.000043 0.000057 0.000073 0.000093 0.000115 0.000139 0.000166 0.000193 0.000221 0.000247 0.000271 0.000291 0.000306 0.000316 0.000319 0.000316 0.000306 0.000291 0.000271 0.000247 0.000221 0.000193 0.000166 0.000139 0.000115 0.000093 0.000073 0.000057 0.000043 0.000032 0.000023 0.000017 0.000012 0.000008 0.000005 0.000004 0.000002 0.000001 0.000001 0.000001 0.000000 0.000000 0.000000 0.000000 0.000000 0.000000 0.000000 0.000000 0.000000 0.000000 0.000000 0.000000 0.000000 0.000000 0.000000 0.000000 0.000000 0.000000 0.000000 0.000000 0.000000 0.000000 0.000000 0.000000 
0.000000 0.000000 0.000000 0.000000 0.000000 0.000000 0.000000 0.000000 0.000000 0.000000 0.000000 0.000000 0.000000 0.000000 0.000000 0.000000 0.000000 0.000000 0.000000 0.000000 0.000000 0.000000 0.000000 0.000000 0.000001 0.000001 0.000002 0.000003 0.000005 0.000007 0.000011 0.000017 0.000024 0.000034 0.000048 0.000065 0.000088 0.000116 0.000149 0.000188 0.000233 0.000283 0.000336 0.000392 0.000447 0.000501 0.000549 0.000589 0.000620 0.000639 0.000646 0.000639 0.000620 0.000589 0.000549 0.000501 0.000447 0.000392 0.000336 0.000283 0.000233 0.000188 0.000149 0.000116 0.000088 0.000065 0.000048 0.000034 0.000024 0.000017 0.000011 0.000007 0.000005 0.000003 0.000002 0.000001 0.000001 0.000000 0.000000 0.000000 0.000000 0.000000 0.000000 0.000000 0.000000 0.000000 0.000000 0.000000 0.000000 0.000000 0.000000 0.000000 0.000000 0.000000 0.000000 0.000000 0.000000 0.000000 0.000000 0.000000 
0.000000 0.000000 0.000000 0.000000 0.000000 0.000000 0.000000 0.000000 0.000000 0.000000 0.000000 0.000000 0.000000 0.000000 0.000000 0.000000 0.000000 0.000000 0.000000 0.000000 0.000000 0.000000 0.000000 0.000001 0.000001 0.000002 0.000004 0.000006 0.000010 0.000015 0.000022 0.000033 0.000048 0.000069 0.000096 0.000131 0.000176 0.000231 0.000298 0.000376 0.000465 0.000564 0.000670 0.000780 0.000891 0.000996 0.001092 0.001172 0.001233 0.001271 0.001284 0.001271 0.001233 0.001172 0.001092 0.000996 0.000891 0.000780 0.000670 0.000564 0.000465 0.000376 0.000298 0.000231 0.000176 0.000131 0.000096 0.000069 0.000048 0.000033 0.000022 0.000015 0.000010 0.000006 0.000004 0.000002 0.000001 0.000001 0.000000 0.000000 0.000000 0.000000 0.000000 0.000000 0.000000 0.000000 0.000000 0.000000 0.000000 0.000000 0.000000 0.000000 0.000000 0.000000 0.000000 0.000000 0.000000 0.000000 0.000000 0.000000 
0.000000 0.000000 0.000000 0.000000 0.000000 0.000000 0.000000 0.000000 0.000000 0.000000 0.000000 0.000000 0.000000 0.000000 0.000000 0.000000 0.000000 0.000000 0.000000 0.000000 0.000000 0.000001 0.000001 0.000002 0.000003 0.000005 0.000008 0.000012 0.000019 0.000029 0.000044 0.000065 0.000095 0.000135 0.000188 0.000257 0.000345 0.000453 0.000583 0.000736 0.000910 0.001104 0.001311 0.001526 0.001741 0.001947 0.002133 0.002290 0.002409 0.002484 0.002509 0.002484 0.002409 0.002290 0.002133 0.001947 0.001741 0.001526 0.001311 0.001104 0.000910 0.000736 0.000583 0.000453 0.000345 0.000257 0.000188 0.000135 0.000095 0.000065 0.000044 0.000029 0.000019 0.000012 0.000008 0.000005 0.000003 0.000002 0.000001 0.000001 0.000000 0.000000 0.000000 0.000000 0.000000 0.000000 0.000000 0.000000 0.000000 0.000000 0.000000 0.000000 0.000000 0.000000 0.000000 0.000000 0.000000 0.000000 0.000000 0.000000 
0.000000 0.000000 0.000000 0.000000 0.000000 0.000000 0.000000 0.000000 0.000000 0.000000 0.000000 0.000000 0.000000 0.000000 0.000000 0.000000 0.000000 0.000000 0.000000 0.000000 0.000001 0.000001 0.000002 0.000003 0.000005 0.000009 0.000015 0.000024 0.000037 0.000057 0.000086 0.000127 0.000183 0.000261 0.000363 0.000496 0.000665 0.000873 0.001123 0.001417 0.001751 0.002122 0.002519 0.002932 0.003344 0.003738 0.004094 0.004395 0.004623 0.004766 0.004814 0.004766 0.004623 0.004395 0.004094 0.003738 0.003344 0.002932 0.002519 0.002122 0.001751 0.001417 0.001123 0.000873 0.000665 0.000496 0.000363 0.000261 0.000183 0.000127 0.000086 0.000057 0.000037 0.000024 0.000015 0.000009 0.000005 0.000003 0.000002 0.000001 0.000001 0.000000 0.000000 0.000000 0.000000 0.000000 0.000000 0.000000 0.000000 0.000000 0.000000 0.000000 0.000000 0.000000 0.000000 0.000000 0.000000 0.000000 0.000000 0.000000 
0.000000 0.000000 0.000000 0.000000 0.000000 0.000000 0.000000 0.000000 0.000000 0.000000 0.000000 0.000000 0.000000 0.000000 0.000000 0.000000 0.000000 0.000000 0.000000 0.000001 0.000001 0.000002 0.000004 0.000006 0.000010 0.000017 0.000028 0.000045 0.000070 0.000108 0.000163 0.000241 0.000348 0.000495 0.000689 0.000941 0.001259 0.001652 0.002124 0.002677 0.003308 0.004006 0.004755 0.005532 0.006308 0.007048 0.007719 0.008285 0.008714 0.008982 0.009073 0.008982 0.008714 0.008285 0.007719 0.007048 0.006308 0.005532 0.004755 0.004006 0.003308 0.002677 0.002124 0.001652 0.001259 0.000941 0.000689 0.000495 0.000348 0.000241 0.000163 0.000108 0.000070 0.000045 0.000028 0.000017 0.000010 0.000006 0.000004 0.000002 0.000001 0.000001 0.000000 0.000000 0.000000 0.000000 0.000000 0.000000 0.000000 0.000000 0.000000 0.000000 0.000000 0.000000 0.000000 0.000000 0.000000 0.000000 0.000000 0.000000 
0.000000 0.000000 0.000000 0.000000 0.000000 0.000000 0.000000 0.000000 0.000000 0.000000 0.000000 0.000000 0.000000 0.000000 0.000000 0.000000 0.000000 0.000000 0.000001 0.000001 0.000002 0.000004 0.000007 0.000012 0.000020 0.000032 0.000053 0.000084 0.000132 0.000202 0.000304 0.000449 0.000650 0.000922 0.001283 0.001750 0.002340 0.003069 0.003944 0.004969 0.006137 0.007429 0.008814 0.010251 0.011684 0.013053 0.014292 0.015336 0.016129 0.016624 0.016792 0.016624 0.016129 0.015336 0.014292 0.013053 0.011684 0.010251 0.008814 0.007429 0.006137 0.004969 0.003944 0.003069 0.002340 0.001750 0.001283 0.000922 0.000650 0.000449 0.000304 0.000202 0.000132 0.000084 0.000053 0.000032 0.000020 0.000012 0.000007 0.000004 0.000002 0.000001 0.000001 0.000000 0.000000 0.000000 0.000000 0.000000 0.000000 0.000000 0.000000 0.000000 0.000000 0.000000 0.000000 0.000000 0.000000 0.000000 0.000000 0.000000 
0.000000 0.000000 0.000000 0.000000 0.000000 0.000000 0.000000 0.000000 0.000000 0.000000 0.000000 0.000000 0.000000 0.000000 0.000000 0.000000 0.000000 0.000001 0.000001 0.000002 0.000004 0.000007 0.000012 0.000021 0.000036 0.000060 0.000097 0.000155 0.000242 0.000371 0.000558 0.000823 0.001189 0.001687 0.002345 0.003197 0.004273 0.005598 0.007191 0.009056 0.011179 0.013526 0.016043 0.018652 0.021254 0.023738 0.025985 0.027880 0.029318 0.030216 0.030521 0.030216 0.029318 0.027880 0.025985 0.023738 0.021254 0.018652 0.016043 0.013526 0.011179 0.009056 0.007191 0.005598 0.004273 0.003197 0.002345 0.001687 0.001189 0.000823 0.000558 0.000371 0.000242 0.000155 0.000097 0.000060 0.000036 0.000021 0.000012 0.000007 0.000004 0.000002 0.000001 0.000001 0.000000 0.000000 0.000000 0.000000 0.000000 0.000000 0.000000 0.000000 0.000000 0.000000 0.000000 0.000000 0.000000 0.000000 0.000000 0.000000 
0.000000 0.000000 0.000000 0.000000 0.000000 0.000000 0.000000 0.000000 0.000000 0.000000 0.000000 0.000000 0.000000 0.000000 0.000000 0.000000 0.000001 0.000001 0.000002 0.000004 0.000007 0.000013 0.000023 0.000039 0.000065 0.000108 0.000175 0.000279 0.000436 0.000668 0.001004 0.001480 0.002138 0.003029 0.004209 0.005734 0.007658 0.010029 0.012876 0.016206 0.019995 0.024185 0.028674 0.033325 0.037963 0.042390 0.046395 0.049770 0.052331 0.053930 0.054474 0.053930 0.052331 0.049770 0.046395 0.042390 0.037963 0.033325 0.028674 0.024185 0.019995 0.016206 0.012876 0.010029 0.007658 0.005734 0.004209 0.003029 0.002138 0.001480 0.001004 0.000668 0.000436 0.000279 0.000175 0.000108 0.000065 0.000039 0.000023 0.000013 0.000007 0.000004 0.000002 0.000001 0.000001 0.000000 0.000000 0.000000 0.000000 0.000000 0.000000 0.000000 0.000000 0.000000 0.000000 0.000000 0.000000 0.000000 0.000000 0.000000 
0.000000 0.000000 0.000000 0.000000 0.000000 0.000000 0.000000 0.000000 0.000000 0.000000 0.000000 0.000000 0.000000 0.000000 0.000000 0.000001 0.000001 0.000002 0.000004 0.000007 0.000013 0.000023 0.000040 0.000069 0.000116 0.000192 0.000311 0.000495 0.000772 0.001182 0.001775 0.002613 0.003772 0.005341 0.007416 0.010096 0.013477 0.017638 0.022633 0.028473 0.035116 0.042456 0.050319 0.058462 0.066581 0.074329 0.081335 0.087239 0.091718 0.094515 0.095466 0.094515 0.091718 0.087239 0.081335 0.074329 0.066581 0.058462 0.050319 0.042456 0.035116 0.028473 0.022633 0.017638 0.013477 0.010096 0.007416 0.005341 0.003772 0.002613 0.001775 0.001182 0.000772 0.000495 0.000311 0.000192 0.000116 0.000069 0.000040 0.000023 0.000013 0.000007 0.000004 0.000002 0.000001 0.000001 0.000000 0.000000 0.000000 0.000000 0.000000 0.000000 0.000000 0.000000 0.000000 0.000000 0.000000 0.000000 0.000000 0.000000 
0.000000 0.000000 0.000000 0.000000 0.000000 0.000000 0.000000 0.000000 0.000000 0.000000 0.000000 0.000000 0.000000 0.000000 0.000000 0.000001 0.000002 0.000004 0.000007 0.000012 0.000023 0.000040 0.000070 0.000120 0.000202 0.000334 0.000542 0.000861 0.001342 0.002052 0.003078 0.004529 0.006534 0.009245 0.012827 0.017452 0.023282 0.030455 0.039059 0.049114 0.060546 0.073174 0.086697 0.100696 0.114650 0.127961 0.139998 0.150139 0.157831 0.162634 0.164268 0.162634 0.157831 0.150139 0.139998 0.127961 0.114650 0.100696 0.086697 0.073174 0.060546 0.049114 0.039059 0.030455 0.023282 0.017452 0.012827 0.009245 0.006534 0.004529 0.003078 0.002052 0.001342 0.000861 0.000542 0.000334 0.000202 0.000120 0.000070 0.000040 0.000023 0.000012 0.000007 0.000004 0.000002 0.000001 0.000000 0.000000 0.000000 0.000000 0.000000 0.000000 0.000000 0.000000 0.000000 0.000000 0.000000 0.000000 0.000000 0.000000 
0.000000 0.000000 0.000000 0.000000 0.000000 0.000000 0.000000 0.000000 0.000000 0.000000 0.000000 0.000000 0.000000 0.000000 0.000001 0.000002 0.000003 0.000006 0.000012 0.000021 0.000039 0.000069 0.000120 0.000206 0.000347 0.000572 0.000925 0.001469 0.002289 0.003497 0.005241 0.007705 0.011108 0.015706 0.021778 0.029612 0.039483 0.051620 0.066171 0.083168 0.102485 0.123814 0.146645 0.170274 0.193820 0.216277 0.236578 0.253681 0.266651 0.274750 0.277504 0.274750 0.266651 0.253681 0.236578 0.216277 0.193820 0.170274 0.146645 0.123814 0.102485 0.083168 0.066171 0.051620 0.039483 0.029612 0.021778 0.015706 0.011108 0.007705 0.005241 0.003497 0.002289 0.001469 0.000925 0.000572 0.000347 0.000206 0.000120 0.000069 0.000039 0.000021 0.000012 0.000006 0.000003 0.000002 0.000001 0.000000 0.000000 0.000000 0.000000 0.000000 0.000000 0.000000 0.000000 0.000000 0.000000 0.000000 0.000000 0.000000 
0.000000 0.000000 0.000000 0.000000 0.000000 0.000000 0.000000 0.000000 0.000000 0.000000 0.000000 0.000000 0.000000 0.000001 0.000001 0.000003 0.000005 0.000010 0.000020 0.000036 0.000065 0.000116 0.000202 0.000347 0.000582 0.000960 0.001552 0.002461 0.003831 0.005849 0.008759 0.012866 0.018536 0.026191 0.036293 0.049321 0.065725 0.085884 0.110042 0.138248 0.170290 0.205656 0.243501 0.282655 0.321662 0.358856 0.392474 0.420790 0.442261 0.455668 0.460227 0.455668 0.442261 0.420790 0.392474 0.358856 0.321662 0.282655 0.243501 0.205656 0.170290 0.138248 0.110042 0.085884 0.065725 0.049321 0.036293 0.026191 0.018536 0.012866 0.008759 0.005849 0.003831 0.002461 0.001552 0.000960 0.000582 0.000347 0.000202 0.000116 0.000065 0.000036 0.000020 0.000010 0.000005 0.000003 0.000001 0.000001 0.000000 0.000000 0.000000 0.000000 0.000000 0.000000 0.000000 0.000000 0.000000 0.000000 0.000000 0.000000 
0.000000 0.000000 0.000000 0.000000 0.000000 0.000000 0.000000 0.000000 0.000000 0.000000 0.000000 0.000000 0.000001 0.000001 0.000002 0.000005 0.000009 0.000017 0.000032 0.000060 0.000108 0.000192 0.000334 0.000572 0.000960 0.001580 0.002553 0.004046 0.006292 0.009598 0.014364 0.021084 0.030356 0.042865 0.059364 0.080626 0.107386 0.140255 0.179626 0.225571 0.277746 0.335312 0.396894 0.460586 0.524023 0.584498 0.639148 0.685173 0.720069 0.741857 0.749265 0.741857 0.720069 0.685173 0.639148 0.584498 0.524023 0.460586 0.396894 0.335312 0.277746 0.225571 0.179626 0.140255 0.107386 0.080626 0.059364 0.042865 0.030356 0.021084 0.014364 0.009598 0.006292 0.004046 0.002553 0.001580 0.000960 0.000572 0.000334 0.000192 0.000108 0.000060 0.000032 0.000017 0.000009 0.000005 0.000002 0.000001 0.000001 0.000000 0.000000 0.000000 0.000000 0.000000 0.000000 0.000000 0.000000 0.000000 0.000000 0.000000 
0.000000 0.000000 0.000000 0.000000 0.000000 0.000000 0.000000 0.000000 0.000000 0.000000 0.000000 0.000000 0.000001 0.000002 0.000004 0.000008 0.000015 0.000028 0.000053 0.000097 0.000175 0.000311 0.000542 0.000925 0.001552 0.002553 0.004120 0.006526 0.010140 0.015458 0.023116 0.033908 0.048787 0.068850 0.095296 0.129358 0.172204 0.224806 0.287785 0.361249 0.444643 0.536620 0.634982 0.736688 0.837960 0.934483 1.021695 1.095131 1.150805 1.185562 1.197381 1.185562 1.150805 1.095131 1.021695 0.934483 0.837960 0.736688 0.634982 0.536620 0.444643 0.361249 0.287785 0.224806 0.172204 0.129358 0.095296 0.068850 0.048787 0.033908 0.023116 0.015458 0.010140 0.006526 0.004120 0.002553 0.001552 0.000925 0.000542 0.000311 0.000175 0.000097 0.000053 0.000028 0.000015 0.000008 0.000004 0.000002 0.000001 0.000000 0.000000 0.000000 0.000000 0.000000 0.000000 0.000000 0.000000 0.000000 0.000000 0.000000 
0.000000 0.000000 0.000000 0.000000 0.000000 0.000000 0.000000 0.000000 0.000000 0.000000 0.000000 0.000001 0.000001 0.000003 0.000006 0.000012 0.000024 0.000045 0.000084 0.000155 0.000279 0.000495 0.000861 0.001469 0.002461 0.004046 0.006526 0.010328 0.016036 0.024427 0.036503 0.053511 0.076945 0.108524 0.150126 0.203680 0.271011 0.353634 0.452512 0.567808 0.698637 0.842884 0.997097 1.156509 1.315203 1.466426 1.603037 1.718055 1.805243 1.859672 1.878178 1.859672 1.805243 1.718055 1.603037 1.466426 1.315203 1.156509 0.997097 0.842884 0.698637 0.567808 0.452512 0.353634 0.271011 0.203680 0.150126 0.108524 0.076945 0.053511 0.036503 0.024427 0.016036 0.010328 0.006526 0.004046 0.002461 0.001469 0.000861 0.000495 0.000279 0.000155 0.000084 0.000045 0.000024 0.000012 0.000006 0.000003 0.000001 0.000001 0.000000 0.000000 0.000000 0.000000 0.000000 0.000000 0.000000 0.000000 0.000000 0.000000 
0.000000 0.000000 0.000000 0.000000 0.000000 0.000000 0.000000 0.000000 0.000000 0.000000 0.000001 0.000001 0.000002 0.000005 0.000010 0.000019 0.000037 0.000070 0.000132 0.000242 0.000436 0.000772 0.001342 0.002289 0.003831 0.006292 0.010140 0.016036 0.024881 0.037875 0.056562 0.082864 0.119082 0.167859 0.232082 0.314716 0.418557 0.545923 0.698284 0.875874 1.077318 1.299351 1.536654 1.781895 2.025975 2.258519 2.468560 2.645377 2.779399 2.863059 2.891503 2.863059 2.779399 2.645377 2.468560 2.258519 2.025975 1.781895 1.536654 1.299351 1.077318 0.875874 0.698284 0.545923 0.418557 0.314716 0.232082 0.167859 0.119082 0.082864 0.056562 0.037875 0.024881 0.016036 0.010140 0.006292 0.003831 0.002289 0.001342 0.000772 0.000436 0.000242 0.000132 0.000070 0.000037 0.000019 0.000010 0.000005 0.000002 0.000001 0.000001 0.000000 0.000000 0.000000 0.000000 0.000000 0.000000 0.000000 0.000000 0.000000 
0.000000 0.000000 0.000000 0.000000 0.000000 0.000000 0.000000 0.000000 0.000000 0.000000 0.000001 0.000002 0.000004 0.000007 0.000015 0.000029 0.000057 0.000108 0.000202 0.000371 0.000668 0.001182 0.002052 0.003497 0.005849 0.009598 0.015458 0.024427 0.037875 0.057617 0.085991 0.125902 0.180828 0.254761 0.352054 0.477176 0.634337 0.827019 1.057422 1.325876 1.630287 1.965705 2.324093 2.694375 3.062827 3.413798 3.730755 3.997545 4.199745 4.325955 4.368865 4.325955 4.199745 3.997545 3.730755 3.413798 3.062827 2.694375 2.324093 1.965705 1.630287 1.325876 1.057422 0.827019 0.634337 0.477176 0.352054 0.254761 0.180828 0.125902 0.085991 0.057617 0.037875 0.024427 0.015458 0.009598 0.005849 0.003497 0.002052 0.001182 0.000668 0.000371 0.000202 0.000108 0.000057 0.000029 0.000015 0.000007 0.000004 0.000002 0.000001 0.000000 0.000000 0.000000 0.000000 0.000000 0.000000 0.000000 0.000000 0.000000 
0.000000 0.000000 0.000000 0.000000 0.000000 0.000000 0.000000 0.000000 0.000000 0.000001 0.000001 0.000003 0.000005 0.000011 0.000022 0.000044 0.000086 0.000163 0.000304 0.000558 0.001004 0.001775 0.003078 0.005241 0.008759 0.014364 0.023116 0.036503 0.056562 0.085991 0.128261 0.187684 0.269416 0.379373 0.524003 0.709911 0.943321 1.229368 1.571284 1.969524 2.420960 2.918231 3.449414 3.998097 4.543953 5.063820 5.533236 5.928306 6.227703 6.414570 6.478101 6.414570 6.227703 5.928306 5.533236 5.063820 4.543953 3.998097 3.449414 2.918231 2.420960 1.969524 1.571284 1.229368 0.943321 0.709911 0.524003 0.379373 0.269416 0.187684 0.128261 0.085991 0.056562 0.036503 0.023116 0.014364 0.008759 0.005241 0.003078 0.001775 0.001004 0.000558 0.000304 0.000163 0.000086 0.000044 0.000022 0.000011 0.000005 0.000003 0.000001 0.000001 0.000000 0.000000 0.000000 0.000000 0.000000 0.000000 0.000000 0.000000 
0.000000 0.000000 0.000000 0.000000 0.000000 0.000000 0.000000 0.000000 0.000000 0.000001 0.000002 0.000004 0.000008 0.000017 0.000033 0.000065 0.000127 0.000241 0.000449 0.000823 0.001480 0.002613 0.004529 0.007705 0.012866 0.021084 0.033908 0.053511 0.082864 0.125902 0.187684 0.274487 0.393817 0.554274 0.765227 1.036267 1.376419 1.793115 2.291015 2.870741 3.527700 4.251159 5.023758 5.821631 6.615236 7.370928 8.053186 8.627325 9.062388 9.333916 9.426227 9.333916 9.062388 8.627325 8.053186 7.370928 6.615236 5.821631 5.023758 4.251159 3.527700 2.870741 2.291015 1.793115 1.376419 1.036267 0.765227 0.554274 0.393817 0.274487 0.187684 0.125902 0.082864 0.053511 0.033908 0.021084 0.012866 0.007705 0.004529 0.002613 0.001480 0.000823 0.000449 0.000241 0.000127 0.000065 0.000033 0.000017 0.000008 0.000004 0.000002 0.000001 0.000000 0.000000 0.000000 0.000000 0.000000 0.000000 0.000000 0.000000 
0.000000 0.000000 0.000000 0.000000 0.000000 0.000000 0.000000 0.000000 0.000001 0.000001 0.000003 0.000006 0.000012 0.000024 0.000048 0.000095 0.000183 0.000348 0.000650 0.001189 0.002138 0.003772 0.006534 0.011108 0.018536 0.030356 0.048787 0.076945 0.119082 0.180828 0.269416 0.393817 0.564747 0.794478 1.096370 1.484088 1.970472 2.566087 3.277525 4.105616 5.043753 6.076575 7.179285 8.317824 9.450060 10.528032 11.501123 12.319917 12.940322 13.327503 13.459128 13.327503 12.940322 12.319917 11.501123 10.528032 9.450060 8.317824 7.179285 6.076575 5.043753 4.105616 3.277525 2.566087 1.970472 1.484088 1.096370 0.794478 0.564747 0.393817 0.269416 0.180828 0.119082 0.076945 0.048787 0.030356 0.018536 0.011108 0.006534 0.003772 0.002138 0.001189 0.000650 0.000348 0.000183 0.000095 0.000048 0.000024 0.000012 0.000006 0.000003 0.000001 0.000001 0.000000 0.000000 0.000000 0.000000 0.000000 0.000000 0.000000 
0.000000 0.000000 0.000000 0.000000 0.000000 0.000000 0.000000 0.000000 0.000001 0.000002 0.000004 0.000008 0.000017 0.000034 0.000069 0.000135 0.000261 0.000495 0.000922 0.001687 0.003029 0.005341 0.009245 0.015706 0.026191 0.042865 0.068850 0.108524 0.167859 0.254761 0.379373 0.554274 0.794478 1.117168 1.541037 2.085190 2.767560 3.602881 4.600309 5.760933 7.075426 8.522223 10.066568 11.660767 13.245860 14.754754 16.116668 17.262515 18.130663 18.672429 18.856601 18.672429 18.130663 17.262515 16.116668 14.754754 13.245860 11.660767 10.066568 8.522223 7.075426 5.760933 4.600309 3.602881 2.767560 2.085190 1.541037 1.117168 0.794478 0.554274 0.379373 0.254761 0.167859 0.108524 0.068850 0.042865 0.026191 0.015706 0.009245 0.005341 0.003029 0.001687 0.000922 0.000495 0.000261 0.000135 0.000069 0.000034 0.000017 0.000008 0.000004 0.000002 0.000001 0.000000 0.000000 0.000000 0.000000 0.000000 0.000000 0.000000 
0.000000 0.000000 0.000000 0.000000 0.000000 0.000000 0.000000 0.000001 0.000001 0.000002 0.000005 0.000011 0.000023 0.000048 0.000096 0.000188 0.000363 0.000689 0.001283 0.002345 0.004209 0.007416 0.012827 0.021778 0.036293 0.059364 0.095296 0.150126 0.232082 0.352054 0.524003 0.765227 1.096370 1.541037 2.124893 2.874147 3.813383 4.962759 6.334765 7.930796 9.737946 11.726510 13.848692 16.038963 18.216357 20.288780 22.159107 23.732555 24.924589 25.668438 25.921302 25.668438 24.924589 23.732555 22.159107 20.288780 18.216357 16.038963 13.848692 11.726510 9.737946 7.930796 6.334765 4.962759 3.813383 2.874147 2.124893 1.541037 1.096370 0.765227 0.524003 0.352054 0.232082 0.150126 0.095296 0.059364 0.036293 0.021778 0.012827 0.007416 0.004209 0.002345 0.001283 0.000689 0.000363 0.000188 0.000096 0.000048 0.000023 0.000011 0.000005 0.000002 0.000001 0.000001 0.000000 0.000000 0.000000 0.000000 0.000000 0.000000 
0.000000 0.000000 0.000000 0.000000 0.000000 0.000000 0.000000 0.000001 0.000002 0.000003 0.000007 0.000016 0.000032 0.000065 0.000131 0.000257 0.000496 0.000941 0.001750 0.003197 0.005734 0.010096 0.017452 0.029612 0.049321 0.080626 0.129358 0.203680 0.314716 0.477176 0.709911 1.036267 1.484088 2.085190 2.874147 3.886246 5.154545 6.706121 8.557693 10.711014 13.148567 15.830216 18.691474 21.644001 24.578706 27.371554 29.891767 32.011753 33.617732 34.619844 34.960495 34.619844 33.617732 32.011753 29.891767 27.371554 24.578706 21.644001 18.691474 15.830216 13.148567 10.711014 8.557693 6.706121 5.154545 3.886246 2.874147 2.085190 1.484088 1.036267 0.709911 0.477176 0.314716 0.203680 0.129358 0.080626 0.049321 0.029612 0.017452 0.010096 0.005734 0.003197 0.001750 0.000941 0.000496 0.000257 0.000131 0.000065 0.000032 0.000016 0.000007 0.000003 0.000002 0.000001 0.000000 0.000000 0.000000 0.000000 0.000000 0.000000 
0.000000 0.000000 0.000000 0.000000 0.000000 0.000000 0.000000 0.000001 0.000002 0.000005 0.000010 0.000021 0.000043 0.000088 0.000176 0.000345 0.000665 0.001259 0.002340 0.004273 0.007658 0.013477 0.023282 0.039483 0.065725 0.107386 0.172204 0.271011 0.418557 0.634337 0.943321 1.376419 1.970472 2.767560 3.813383 5.154545 6.834678 8.889468 11.340881 14.191079 17.416749 20.964687 24.749539 28.654461 32.535240 36.227962 39.559852 42.362378 44.485275 45.809883 46.260150 45.809883 44.485275 42.362378 39.559852 36.227962 32.535240 28.654461 24.749539 20.964687 17.416749 14.191079 11.340881 8.889468 6.834678 5.154545 3.813383 2.767560 1.970472 1.376419 0.943321 0.634337 0.418557 0.271011 0.172204 0.107386 0.065725 0.039483 0.023282 0.013477 0.007658 0.004273 0.002340 0.001259 0.000665 0.000345 0.000176 0.000088 0.000043 0.000021 0.000010 0.000005 0.000002 0.000001 0.000000 0.000000 0.000000 0.000000 0.000000 0.000000 
0.000000 0.000000 0.000000 0.000000 0.000000 0.000000 0.000001 0.000001 0.000003 0.000006 0.000013 0.000027 0.000057 0.000116 0.000231 0.000453 0.000873 0.001652 0.003069 0.005598 0.010029 0.017638 0.030455 0.051620 0.085884 0.140255 0.224806 0.353634 0.545923 0.827019 1.229368 1.793115 2.566087 3.602881 4.962759 6.706121 8.889468 11.558956 14.742906 18.443936 22.631618 27.236778 32.148578 37.215403 42.250208 47.040467 51.362223 54.997061 57.750267 59.468096 60.052018 59.468096 57.750267 54.997061 51.362223 47.040467 42.250208 37.215403 32.148578 27.236778 22.631618 18.443936 14.742906 11.558956 8.889468 6.706121 4.962759 3.602881 2.566087 1.793115 1.229368 0.827019 0.545923 0.353634 0.224806 0.140255 0.085884 0.051620 0.030455 0.017638 0.010029 0.005598 0.003069 0.001652 0.000873 0.000453 0.000231 0.000116 0.000057 0.000027 0.000013 0.000006 0.000003 0.000001 0.000001 0.000000 0.000000 0.000000 0.000000 0.000000 
0.000000 0.000000 0.000000 0.000000 0.000000 0.000000 0.000001 0.000002 0.000004 0.000008 0.000017 0.000035 0.000073 0.000149 0.000298 0.000583 0.001123 0.002124 0.003944 0.007191 0.012876 0.022633 0.039059 0.066171 0.110042 0.179626 0.287785 0.452512 0.698284 1.057422 1.571284 2.291015 3.277525 4.600309 6.334765 8.557693 11.340881 14.742906 18.799610 23.514103 28.847444 34.711407 40.964805 47.414630 53.822877 59.919202 65.418784 70.043902 73.547003 75.732640 76.475564 75.732640 73.547003 70.043902 65.418784 59.919202 53.822877 47.414630 40.964805 34.711407 28.847444 23.514103 18.799610 14.742906 11.340881 8.557693 6.334765 4.600309 3.277525 2.291015 1.571284 1.057422 0.698284 0.452512 0.287785 0.179626 0.110042 0.066171 0.039059 0.022633 0.012876 0.007191 0.003944 0.002124 0.001123 0.000583 0.000298 0.000149 0.000073 0.000035 0.000017 0.000008 0.000004 0.000002 0.000001 0.000000 0.000000 0.000000 0.000000 0.000000 
0.000000 0.000000 0.000000 0.000000 0.000000 0.000000 0.000001 0.000002 0.000005 0.000010 0.000021 0.000045 0.000093 0.000188 0.000376 0.000736 0.001417 0.002677 0.004969 0.009056 0.016206 0.028473 0.049114 0.083168 0.138248 0.225571 0.361249 0.567808 0.875874 1.325876 1.969524 2.870741 4.105616 5.760933 7.930796 10.711014 14.191079 18.443936 23.514103 29.405209 36.068383 43.393260 51.203413 59.257813 67.259350 74.870643 81.736325 87.509935 91.882693 94.610830 95.538141 94.610830 91.882693 87.509935 81.736325 74.870643 67.259350 59.257813 51.203413 43.393260 36.068383 29.405209 23.514103 18.443936 14.191079 10.711014 7.930796 5.760933 4.105616 2.870741 1.969524 1.325876 0.875874 0.567808 0.361249 0.225571 0.138248 0.083168 0.049114 0.028473 0.016206 0.009056 0.004969 0.002677 0.001417 0.000736 0.000376 0.000188 0.000093 0.000045 0.000021 0.000010 0.000005 0.000002 0.000001 0.000000 0.000000 0.000000 0.000000 0.000000 
0.000000 0.000000 0.000000 0.000000 0.000000 0.000000 0.000001 0.000003 0.000006 0.000012 0.000026 0.000056 0.000115 0.000233 0.000465 0.000910 0.001751 0.003308 0.006137 0.011179 0.019995 0.035116 0.060546 0.102485 0.170290 0.277746 0.444643 0.698637 1.077318 1.630287 2.420960 3.527700 5.043753 7.075426 9.737946 13.148567 17.416749 22.631618 28.847444 36.068383 44.234299 53.209777 62.778566 72.645388 82.446399 91.768546 100.176837 107.247252 112.601923 115.942567 117.078056 115.942567 112.601923 107.247252 100.176837 91.768546 82.446399 72.645388 62.778566 53.209777 44.234299 36.068383 28.847444 22.631618 17.416749 13.148567 9.737946 7.075426 5.043753 3.527700 2.420960 1.630287 1.077318 0.698637 0.444643 0.277746 0.170290 0.102485 0.060546 0.035116 0.019995 0.011179 0.006137 0.003308 0.001751 0.000910 0.000465 0.000233 0.000115 0.000056 0.000026 0.000012 0.000006 0.000003 0.000001 0.000000 0.000000 0.000000 0.000000 0.000000 
0.000000 0.000000 0.000000 0.000000 0.000000 0.000001 0.000001 0.000003 0.000007 0.000015 0.000032 0.000068 0.000139 0.000283 0.000564 0.001104 0.002122 0.004006 0.007429 0.013526 0.024185 0.042456 0.073174 0.123814 0.205656 0.335312 0.536620 0.842884 1.299351 1.965705 2.918231 4.251159 6.076575 8.522223 11.726510 15.830216 20.964687 27.236778 34.711407 43.393260 53.209777 63.998001 75.497927 87.354718 99.131279 110.331519 120.433090 128.926889 135.359269 139.372157 140.736123 139.372157 135.359269 128.926889 120.433090 110.331519 99.131279 87.354718 75.497927 63.998001 53.209777 43.393260 34.711407 27.236778 20.964687 15.830216 11.726510 8.522223 6.076575 4.251159 2.918231 1.965705 1.299351 0.842884 0.536620 0.335312 0.205656 0.123814 0.073174 0.042456 0.024185 0.013526 0.007429 0.004006 0.002122 0.001104 0.000564 0.000283 0.000139 0.000068 0.000032 0.000015 0.000007 0.000003 0.000001 0.000001 0.000000 0.000000 0.000000 0.000000 
0.000000 0.000000 0.000000 0.000000 0.000000 0.000001 0.000002 0.000004 0.000008 0.000018 0.000038 0.000080 0.000166 0.000336 0.000670 0.001311 0.002519 0.004755 0.008814 0.016043 0.028674 0.050319 0.086697 0.146645 0.243501 0.396894 0.634982 0.997097 1.536654 2.324093 3.449414 5.023758 7.179285 10.066568 13.848692 18.691474 24.749539 32.148578 40.964805 51.203413 62.778566 75.497927 89.054873 103.031127 116.911601 130.111806 142.016419 152.025787 159.605629 164.334252 165.941473 164.334252 159.605629 152.025787 142.016419 130.111806 116.911601 103.031127 89.054873 75.497927 62.778566 51.203413 40.964805 32.148578 24.749539 18.691474 13.848692 10.066568 7.179285 5.023758 3.449414 2.324093 1.536654 0.997097 0.634982 0.396894 0.243501 0.146645 0.086697 0.050319 0.028674 0.016043 0.008814 0.004755 0.002519 0.001311 0.000670 0.000336 0.000166 0.000080 0.000038 0.000018 0.000008 0.000004 0.000002 0.000001 0.000000 0.000000 0.000000 0.000000 
