0.000000 0.000000 0.000000 0.000000 0.000000 0.000000 0.000001 0.000001 0.000001 0.000002 0.000002 0.000003 0.000005 0.000007 0.000010 0.000014 0.000019 0.000026 0.000035 0.000047 0.000063 0.000082 0.000107 0.000139 0.000178 0.000226 0.000284 0.000353 0.000436 0.000533 0.000646 0.000775 0.000921 0.001085 0.001266 0.001464 0.001676 0.001902 0.002138 0.002381 0.002627 0.002872 0.003110 0.003336 0.003546 0.003733 0.003894 0.004024 0.004119 0.004178 0.004197 0.004178 0.004119 0.004024 0.003894 0.003733 0.003546 0.003336 0.003110 0.002872 0.002627 0.002381 0.002138 0.001902 0.001676 0.001464 0.001266 0.001085 0.000921 0.000775 0.000646 0.000533 0.000436 0.000353 0.000284 0.000226 0.000178 0.000139 0.000107 0.000082 0.000063 0.000047 0.000035 0.000026 0.000019 0.000014 0.000010 0.000007 0.000005 0.000003 0.000002 0.000002 0.000001 0.000001 0.000001 0.000000 0.000000 0.000000 0.000000 0.000000 
0.000000 0.000000 0.000000 0.000000 0.000000 0.000000 0.000001 0.000001 0.000001 0.000002 0.000002 0.000003 0.000005 0.000007 0.000010 0.000014 0.000019 0.000026 0.000035 0.000047 0.000063 0.000082 0.000107 0.000139 0.000178 0.000226 0.000284 0.000353 0.000436 0.000533 0.000646 0.000775 0.000921 0.001085 0.001266 0.001464 0.001676 0.001902 0.002138 0.002381 0.002627 0.002872 0.003110 0.003336 0.003546 0.003733 0.003894 0.004024 0.004119 0.004178 0.004197 0.004178 0.004119 0.004024 0.003894 0.003733 0.003546 0.003336 0.003110 0.002872 0.002627 0.002381 0.002138 0.001902 0.001676 0.001464 0.001266 0.001085 0.000921 0.000775 0.000646 0.000533 0.000436 0.000353 0.000284 0.000226 0.000178 0.000139 0.000107 0.000082 0.000063 0.000047 0.000035 0.000026 0.000019 0.000014 0.000010 0.000007 0.000005 0.000003 0.000002 0.000002 0.000001 0.000001 0.000001 0.000000 0.000000 0.000000 0.000000 0.000000 
0.000000 0.000000 0.000000 0.000000 0.000000 0.000000 0.000001 0.000001 0.000001 0.000002 0.000003 0.000004 0.000006 0.000008 0.000012 0.000017 0.000023 0.000031 0.000042 0.000056 0.000075 0.000099 0.000129 0.000166 0.000213 0.000270 0.000339 0.000423 0.000521 0.000637 0.000772 0.000926 0.001101 0.001296 0.001513 0.001749 0.002003 0.002272 0.002554 0.002844 0.003138 0.003430 0.003714 0.003984 0.004234 0.004458 0.004650 0.004805 0.004918 0.004988 0.005011 0.004988 0.004918 0.004805 0.004650 0.004458 0.004234 0.003984 0.003714 0.003430 0.003138 0.002844 0.002554 0.002272 0.002003 0.001749 0.001513 0.001296 0.001101 0.000926 0.000772 0.000637 0.000521 0.000423 0.000339 0.000270 0.000213 0.000166 0.000129 0.000099 0.000075 0.000056 0.000042 0.000031 0.000023 0.000017 0.000012 0.000008 0.000006 0.000004 0.000003 0.000002 0.000001 0.000001 0.000001 0.000000 0.000000 0.000000 0.000000 0.000000 
0.000000 0.000000 0.000000 0.000000 0.000000 0.000001 0.000001 0.000001 0.000002 0.000003 0.000004 0.000006 0.000008 0.000011 0.000016 0.000022 0.000031 0.000042 0.000057 0.000076 0.000102 0.000134 0.000174 0.000225 0.000288 0.000365 0.000459 0.000572 0.000705 0.000862 0.001044 0.001252 0.001488 0.001753 0.002045 0.002364 0.002707 0.003071 0.003451 0.003843 0.004239 0.004633 0.005016 0.005381 0.005718 0.006020 0.006279 0.006488 0.006642 0.006736 0.006767 0.006736 0.006642 0.006488 0.006279 0.006020 0.005718 0.005381 0.005016 0.004633 0.004239 0.003843 0.003451 0.003071 0.002707 0.002364 0.002045 0.001753 0.001488 0.001252 0.001044 0.000862 0.000705 0.000572 0.000459 0.000365 0.000288 0.000225 0.000174 0.000134 0.000102 0.000076 0.000057 0.000042 0.000031 0.000022 0.000016 0.000011 0.000008 0.000006 0.000004 0.000003 0.000002 0.000001 0.000001 0.000001 0.000000 0.000000 0.000000 0.000000 
0.000000 0.000000 0.000000 0.000000 0.000001 0.000001 0.000001 0.000002 0.000003 0.000004 0.000006 0.000008 0.000012 0.000017 0.000023 0.000032 0.000045 0.000061 0.000082 0.000110 0.000147 0.000193 0.000251 0.000325 0.000416 0.000527 0.000662 0.000824 0.001017 0.001242 0.001504 0.001804 0.002144 0.002524 0.002944 0.003403 0.003896 0.004420 0.004967 0.005530 0.006100 0.006666 0.007217 0.007741 0.008226 0.008660 0.009032 0.009332 0.009553 0.009688 0.009733 0.009688 0.009553 0.009332 0.009032 0.008660 0.008226 0.007741 0.007217 0.006666 0.006100 0.005530 0.004967 0.004420 0.003896 0.003403 0.002944 0.002524 0.002144 0.001804 0.001504 0.001242 0.001017 0.000824 0.000662 0.000527 0.000416 0.000325 0.000251 0.000193 0.000147 0.000110 0.000082 0.000061 0.000045 0.000032 0.000023 0.000017 0.000012 0.000008 0.000006 0.000004 0.000003 0.000002 0.000001 0.000001 0.000001 0.000000 0.000000 0.000000 
0.000000 0.000000 0.000000 0.000001 0.000001 0.000001 0.000002 0.000003 0.000004 0.000006 0.000008 0.000012 0.000017 0.000025 0.000035 0.000048 0.000066 0.000090 0.000122 0.000163 0.000217 0.000285 0.000372 0.000480 0.000614 0.000779 0.000979 0.001218 0.001502 0.001835 0.002221 0.002664 0.003165 0.003726 0.004346 0.005022 0.005749 0.006521 0.007327 0.008157 0.008997 0.009832 0.010644 0.011416 0.012130 0.012770 0.013318 0.013760 0.014085 0.014284 0.014351 0.014284 0.014085 0.013760 0.013318 0.012770 0.012130 0.011416 0.010644 0.009832 0.008997 0.008157 0.007327 0.006521 0.005749 0.005022 0.004346 0.003726 0.003165 0.002664 0.002221 0.001835 0.001502 0.001218 0.000979 0.000779 0.000614 0.000480 0.000372 0.000285 0.000217 0.000163 0.000122 0.000090 0.000066 0.000048 0.000035 0.000025 0.000017 0.000012 0.000008 0.000006 0.000004 0.000003 0.000002 0.000001 0.000001 0.000001 0.000001 0.000001 
0.000001 0.000001 0.000001 0.000001 0.000001 0.000002 0.000003 0.000004 0.000006 0.000009 0.000013 0.000018 0.000026 0.000037 0.000051 0.000071 0.000098 0.000134 0.000181 0.000243 0.000323 0.000424 0.000553 0.000714 0.000913 0.001158 0.001454 0.001809 0.002231 0.002725 0.003298 0.003955 0.004698 0.005530 0.006450 0.007452 0.008530 0.009674 0.010870 0.012101 0.013346 0.014583 0.015786 0.016930 0.017989 0.018936 0.019748 0.020404 0.020885 0.021180 0.021279 0.021180 0.020885 0.020404 0.019748 0.018936 0.017989 0.016930 0.015786 0.014583 0.013346 0.012101 0.010870 0.009674 0.008530 0.007452 0.006450 0.005530 0.004698 0.003955 0.003298 0.002725 0.002231 0.001809 0.001454 0.001158 0.000913 0.000714 0.000553 0.000424 0.000323 0.000243 0.000181 0.000134 0.000098 0.000071 0.000051 0.000037 0.000026 0.000018 0.000013 0.000009 0.000006 0.000004 0.000003 0.000002 0.000001 0.000001 0.000001 0.000001 
0.000001 0.000001 0.000001 0.000001 0.000002 0.000003 0.000004 0.000006 0.000009 0.000013 0.000019 0.000027 0.000039 0.000054 0.000076 0.000106 0.000146 0.000199 0.000269 0.000361 0.000479 0.000629 0.000820 0.001058 0.001354 0.001716 0.002154 0.002680 0.003304 0.004035 0.004883 0.005855 0.006955 0.008186 0.009545 0.011027 0.012622 0.014313 0.016081 0.017900 0.019740 0.021568 0.023346 0.025037 0.026601 0.028001 0.029201 0.030170 0.030881 0.031316 0.031463 0.031316 0.030881 0.030170 0.029201 0.028001 0.026601 0.025037 0.023346 0.021568 0.019740 0.017900 0.016081 0.014313 0.012622 0.011027 0.009545 0.008186 0.006955 0.005855 0.004883 0.004035 0.003304 0.002680 0.002154 0.001716 0.001354 0.001058 0.000820 0.000629 0.000479 0.000361 0.000269 0.000199 0.000146 0.000106 0.000076 0.000054 0.000039 0.000027 0.000019 0.000013 0.000009 0.000006 0.000004 0.000003 0.000002 0.000001 0.000001 0.000001 
0.000001 0.000001 0.000001 0.000002 0.000003 0.000004 0.000006 0.000009 0.000013 0.000019 0.000028 0.000040 0.000057 0.000080 0.000113 0.000157 0.000215 0.000294 0.000397 0.000531 0.000705 0.000927 0.001208 0.001559 0.001993 0.002526 0.003171 0.003945 0.004862 0.005937 0.007184 0.008612 0.010229 0.012037 0.014035 0.016212 0.018555 0.021040 0.023637 0.026308 0.029011 0.031695 0.034307 0.036789 0.039086 0.041141 0.042903 0.044325 0.045370 0.046009 0.046223 0.046009 0.045370 0.044325 0.042903 0.041141 0.039086 0.036789 0.034307 0.031695 0.029011 0.026308 0.023637 0.021040 0.018555 0.016212 0.014035 0.012037 0.010229 0.008612 0.007184 0.005937 0.004862 0.003945 0.003171 0.002526 0.001993 0.001559 0.001208 0.000927 0.000705 0.000531 0.000397 0.000294 0.000215 0.000157 0.000113 0.000080 0.000057 0.000040 0.000028 0.000019 0.000013 0.000009 0.000006 0.000004 0.000003 0.000002 0.000002 0.000002 
0.000002 0.000002 0.000002 0.000003 0.000004 0.000006 0.000009 0.000013 0.000019 0.000028 0.000041 0.000058 0.000083 0.000118 0.000165 0.000229 0.000315 0.000430 0.000580 0.000777 0.001031 0.001355 0.001765 0.002277 0.002912 0.003689 0.004631 0.005759 0.007098 0.008666 0.010484 0.012567 0.014925 0.017562 0.020474 0.023648 0.027063 0.030684 0.034469 0.038362 0.042300 0.046210 0.050015 0.053632 0.056978 0.059972 0.062538 0.064610 0.066132 0.067062 0.067375 0.067062 0.066132 0.064610 0.062538 0.059972 0.056978 0.053632 0.050015 0.046210 0.042300 0.038362 0.034469 0.030684 0.027063 0.023648 0.020474 0.017562 0.014925 0.012567 0.010484 0.008666 0.007098 0.005759 0.004631 0.003689 0.002912 0.002277 0.001765 0.001355 0.001031 0.000777 0.000580 0.000430 0.000315 0.000229 0.000165 0.000118 0.000083 0.000058 0.000041 0.000028 0.000019 0.000013 0.000009 0.000006 0.000004 0.000003 0.000003 0.000003 
0.000002 0.000002 0.000003 0.000004 0.000006 0.000008 0.000013 0.000019 0.000028 0.000041 0.000059 0.000085 0.000121 0.000171 0.000239 0.000332 0.000457 0.000623 0.000842 0.001126 0.001494 0.001963 0.002556 0.003298 0.004217 0.005341 0.006704 0.008337 0.010273 0.012542 0.015171 0.018183 0.021592 0.025404 0.029613 0.034201 0.039136 0.044369 0.049837 0.055462 0.061152 0.066801 0.072298 0.077523 0.082356 0.086680 0.090386 0.093379 0.095577 0.096920 0.097372 0.096920 0.095577 0.093379 0.090386 0.086680 0.082356 0.077523 0.072298 0.066801 0.061152 0.055462 0.049837 0.044369 0.039136 0.034201 0.029613 0.025404 0.021592 0.018183 0.015171 0.012542 0.010273 0.008337 0.006704 0.005341 0.004217 0.003298 0.002556 0.001963 0.001494 0.001126 0.000842 0.000623 0.000457 0.000332 0.000239 0.000171 0.000121 0.000085 0.000059 0.000041 0.000028 0.000019 0.000013 0.000009 0.000006 0.000004 0.000004 0.000004 
0.000003 0.000003 0.000004 0.000006 0.000008 0.000012 0.000018 0.000027 0.000040 0.000058 0.000085 0.000122 0.000174 0.000246 0.000344 0.000478 0.000657 0.000896 0.001209 0.001618 0.002146 0.002820 0.003671 0.004736 0.006053 0.007667 0.009621 0.011963 0.014739 0.017992 0.021761 0.026078 0.030963 0.036425 0.042456 0.049030 0.056099 0.063596 0.071428 0.079485 0.087633 0.095723 0.103594 0.111076 0.117996 0.124187 0.129494 0.133778 0.136925 0.138849 0.139496 0.138849 0.136925 0.133778 0.129494 0.124187 0.117996 0.111076 0.103594 0.095723 0.087633 0.079485 0.071428 0.063596 0.056099 0.049030 0.042456 0.036425 0.030963 0.026078 0.021761 0.017992 0.014739 0.011963 0.009621 0.007667 0.006053 0.004736 0.003671 0.002820 0.002146 0.001618 0.001209 0.000896 0.000657 0.000478 0.000344 0.000246 0.000174 0.000122 0.000085 0.000058 0.000040 0.000027 0.000018 0.000012 0.000009 0.000006 0.000005 0.000005 
0.000005 0.000005 0.000006 0.000008 0.000012 0.000017 0.000026 0.000039 0.000057 0.000083 0.000121 0.000174 0.000248 0.000350 0.000491 0.000681 0.000936 0.001276 0.001722 0.002305 0.003055 0.004014 0.005225 0.006739 0.008612 0.010906 0.013685 0.017013 0.020958 0.025580 0.030935 0.037068 0.044007 0.051765 0.060331 0.069665 0.079703 0.090346 0.101466 0.112903 0.124469 0.135953 0.147124 0.157742 0.167563 0.176350 0.183881 0.189961 0.194426 0.197156 0.198074 0.197156 0.194426 0.189961 0.183881 0.176350 0.167563 0.157742 0.147124 0.135953 0.124469 0.112903 0.101466 0.090346 0.079703 0.069665 0.060331 0.051765 0.044007 0.037068 0.030935 0.025580 0.020958 0.017013 0.013685 0.010906 0.008612 0.006739 0.005225 0.004014 0.003055 0.002305 0.001722 0.001276 0.000936 0.000681 0.000491 0.000350 0.000248 0.000174 0.000121 0.000083 0.000057 0.000039 0.000026 0.000018 0.000012 0.000009 0.000008 0.000008 
0.000007 0.000007 0.000008 0.000011 0.000017 0.000025 0.000037 0.000054 0.000080 0.000118 0.000171 0.000246 0.000350 0.000495 0.000693 0.000961 0.001322 0.001801 0.002431 0.003252 0.004311 0.005662 0.007369 0.009503 0.012144 0.015376 0.019290 0.023979 0.029535 0.036045 0.043585 0.052219 0.061989 0.072910 0.084965 0.098103 0.112229 0.127205 0.142851 0.158943 0.175214 0.191370 0.207084 0.222020 0.235834 0.248193 0.258786 0.267336 0.273617 0.277456 0.278747 0.277456 0.273617 0.267336 0.258786 0.248193 0.235834 0.222020 0.207084 0.191370 0.175214 0.158943 0.142851 0.127205 0.112229 0.098103 0.084965 0.072910 0.061989 0.052219 0.043585 0.036045 0.029535 0.023979 0.019290 0.015376 0.012144 0.009503 0.007369 0.005662 0.004311 0.003252 0.002431 0.001801 0.001322 0.000961 0.000693 0.000495 0.000350 0.000246 0.000171 0.000118 0.000081 0.000055 0.000037 0.000025 0.000018 0.000013 0.000011 0.000011 
0.000010 0.000010 0.000012 0.000016 0.000023 0.000035 0.000051 0.000076 0.000113 0.000165 0.000239 0.000344 0.000491 0.000693 0.000970 0.001346 0.001850 0.002519 0.003400 0.004548 0.006027 0.007916 0.010300 0.013282 0.016969 0.021483 0.026948 0.033494 0.041249 0.050334 0.060857 0.072905 0.086536 0.101771 0.118588 0.136913 0.156614 0.177501 0.199319 0.221756 0.244445 0.266968 0.288878 0.309699 0.328957 0.346185 0.360951 0.372870 0.381624 0.386975 0.388776 0.386975 0.381624 0.372870 0.360951 0.346185 0.328957 0.309699 0.288878 0.266968 0.244445 0.221756 0.199319 0.177501 0.156614 0.136913 0.118588 0.101771 0.086536 0.072905 0.060857 0.050334 0.041249 0.033494 0.026948 0.021483 0.016969 0.013282 0.010300 0.007916 0.006027 0.004548 0.003400 0.002519 0.001850 0.001346 0.000970 0.000693 0.000491 0.000344 0.000239 0.000165 0.000113 0.000077 0.000052 0.000035 0.000025 0.000018 0.000015 0.000015 
0.000014 0.000014 0.000017 0.000022 0.000032 0.000048 0.000071 0.000106 0.000157 0.000229 0.000332 0.000478 0.000681 0.000961 0.001346 0.001866 0.002565 0.003493 0.004713 0.006303 0.008352 0.010966 0.014268 0.018395 0.023499 0.029745 0.037307 0.046364 0.057092 0.069658 0.084212 0.100872 0.119720 0.140784 0.164033 0.189364 0.216596 0.245463 0.275617 0.306624 0.337976 0.369099 0.399371 0.428139 0.454745 0.478547 0.498946 0.515412 0.527506 0.534898 0.537385 0.534898 0.527506 0.515412 0.498946 0.478547 0.454745 0.428139 0.399371 0.369099 0.337976 0.306624 0.275617 0.245463 0.216596 0.189364 0.164033 0.140784 0.119720 0.100872 0.084212 0.069658 0.057092 0.046364 0.037307 0.029745 0.023499 0.018395 0.014268 0.010966 0.008352 0.006303 0.004713 0.003493 0.002565 0.001866 0.001346 0.000961 0.000681 0.000478 0.000332 0.000229 0.000157 0.000107 0.000072 0.000049 0.000034 0.000026 0.000022 0.000022 
0.000019 0.000019 0.000023 0.000031 0.000045 0.000066 0.000098 0.000146 0.000215 0.000315 0.000457 0.000657 0.000936 0.001322 0.001850 0.002565 0.003524 0.004798 0.006474 0.008656 0.011468 0.015056 0.019586 0.025247 0.032248 0.040814 0.051184 0.063601 0.078309 0.095534 0.115482 0.138314 0.164141 0.193003 0.224856 0.259558 0.296862 0.336403 0.377703 0.420169 0.463105 0.505725 0.547178 0.586571 0.623001 0.655590 0.683520 0.706064 0.722622 0.732742 0.736147 0.732742 0.722622 0.706064 0.683520 0.655590 0.623001 0.586571 0.547178 0.505725 0.463105 0.420169 0.377703 0.336403 0.296862 0.259558 0.224856 0.193003 0.164141 0.138314 0.115482 0.095534 0.078309 0.063601 0.051184 0.040814 0.032248 0.025247 0.019586 0.015056 0.011468 0.008656 0.006474 0.004798 0.003524 0.002565 0.001850 0.001322 0.000936 0.000657 0.000457 0.000315 0.000216 0.000147 0.000100 0.000068 0.000047 0.000035 0.000030 0.000030 
0.000026 0.000026 0.000031 0.000042 0.000061 0.000090 0.000134 0.000199 0.000294 0.000430 0.000623 0.000896 0.001276 0.001801 0.002519 0.003493 0.004798 0.006532 0.008812 0.011780 0.015605 0.020484 0.026643 0.034339 0.043855 0.055497 0.069589 0.086461 0.106443 0.129843 0.156937 0.187947 0.223021 0.262213 0.305462 0.352576 0.403218 0.456894 0.512954 0.570593 0.628866 0.686708 0.742963 0.796419 0.845854 0.890076 0.927974 0.958563 0.981029 0.994761 0.999381 0.994761 0.981029 0.958563 0.927974 0.890076 0.845854 0.796419 0.742963 0.686708 0.628866 0.570593 0.512954 0.456894 0.403218 0.352576 0.305462 0.262213 0.223021 0.187947 0.156937 0.129843 0.106443 0.086461 0.069589 0.055497 0.043855 0.034339 0.026643 0.020484 0.015605 0.011780 0.008812 0.006532 0.004798 0.003493 0.002519 0.001801 0.001276 0.000896 0.000623 0.000430 0.000294 0.000200 0.000136 0.000093 0.000065 0.000048 0.000041 0.000041 
0.000035 0.000035 0.000042 0.000057 0.000082 0.000122 0.000181 0.000269 0.000397 0.000580 0.000842 0.001209 0.001722 0.002431 0.003400 0.004713 0.006474 0.008812 0.011886 0.015887 0.021042 0.027617 0.035916 0.046284 0.059102 0.074782 0.093759 0.116479 0.143381 0.174883 0.211354 0.253092 0.300295 0.353035 0.411230 0.474621 0.542753 0.614963 0.690374 0.767905 0.846284 0.924080 0.999738 1.071630 1.138110 1.197578 1.248541 1.289675 1.319885 1.338350 1.344562 1.338350 1.319885 1.289675 1.248541 1.197578 1.138110 1.071630 0.999738 0.924080 0.846284 0.767905 0.690374 0.614963 0.542753 0.474621 0.411230 0.353035 0.300295 0.253092 0.211354 0.174883 0.143381 0.116479 0.093759 0.074782 0.059102 0.046284 0.035916 0.027617 0.021042 0.015887 0.011886 0.008812 0.006474 0.004713 0.003400 0.002431 0.001723 0.001210 0.000842 0.000581 0.000398 0.000271 0.000184 0.000125 0.000088 0.000065 0.000055 0.000055 
0.000047 0.000047 0.000056 0.000076 0.000110 0.000163 0.000243 0.000361 0.000531 0.000777 0.001126 0.001618 0.002305 0.003252 0.004548 0.006303 0.008656 0.011780 0.015887 0.021231 0.028116 0.036896 0.047977 0.061819 0.078930 0.099858 0.125184 0.155500 0.191394 0.233421 0.282072 0.337743 0.400698 0.471032 0.548635 0.633159 0.723999 0.820268 0.920799 1.024150 1.128627 1.232321 1.333161 1.428977 1.517579 1.596832 1.664748 1.719566 1.759824 1.784430 1.792709 1.784430 1.759824 1.719566 1.664748 1.596832 1.517579 1.428977 1.333161 1.232321 1.128627 1.024150 0.920799 0.820268 0.723999 0.633159 0.548635 0.471032 0.400698 0.337743 0.282072 0.233421 0.191394 0.155500 0.125184 0.099858 0.078930 0.061819 0.047977 0.036896 0.028116 0.021231 0.015887 0.011780 0.008656 0.006303 0.004548 0.003252 0.002305 0.001619 0.001127 0.000778 0.000533 0.000362 0.000246 0.000168 0.000117 0.000088 0.000074 0.000074 
0.000063 0.000063 0.000075 0.000102 0.000147 0.000217 0.000323 0.000479 0.000705 0.001031 0.001494 0.002146 0.003055 0.004311 0.006027 0.008352 0.011468 0.015605 0.021042 0.028116 0.037229 0.048847 0.063509 0.081822 0.104456 0.132137 0.165630 0.205719 0.253178 0.308740 0.373053 0.446641 0.529849 0.622801 0.725351 0.837040 0.957065 1.084256 1.217070 1.353602 1.491614 1.628585 1.761781 1.888336 2.005358 2.110030 2.199727 2.272123 2.325291 2.357787 2.368720 2.357787 2.325291 2.272123 2.199727 2.110030 2.005358 1.888336 1.761781 1.628585 1.491614 1.353602 1.217070 1.084256 0.957065 0.837040 0.725351 0.622801 0.529849 0.446641 0.373053 0.308740 0.253178 0.205719 0.165630 0.132137 0.104456 0.081822 0.063509 0.048847 0.037229 0.028116 0.021042 0.015605 0.011468 0.008352 0.006027 0.004311 0.003055 0.002146 0.001494 0.001032 0.000707 0.000481 0.000326 0.000223 0.000156 0.000116 0.000098 0.000098 
0.000082 0.000082 0.000099 0.000134 0.000193 0.000285 0.000424 0.000629 0.000927 0.001355 0.001963 0.002820 0.004014 0.005662 0.007916 0.010966 0.015056 0.020484 0.027617 0.036896 0.048847 0.064083 0.083308 0.107316 0.136986 0.173267 0.217161 0.269693 0.331878 0.404671 0.488923 0.585314 0.694299 0.816036 0.950333 1.096588 1.253748 1.420280 1.594164 1.772906 1.953576 2.132876 2.307227 2.472879 2.626048 2.763049 2.880447 2.975199 3.044783 3.087314 3.101622 3.087314 3.044783 2.975199 2.880447 2.763049 2.626048 2.472879 2.307227 2.132876 1.953576 1.772906 1.594164 1.420280 1.253748 1.096588 0.950333 0.816036 0.694299 0.585314 0.488923 0.404671 0.331878 0.269693 0.217161 0.173267 0.136986 0.107316 0.083308 0.064083 0.048847 0.036896 0.027617 0.020484 0.015056 0.010966 0.007916 0.005662 0.004014 0.002820 0.001964 0.001356 0.000929 0.000632 0.000429 0.000293 0.000205 0.000153 0.000129 0.000129 
0.000107 0.000107 0.000129 0.000174 0.000251 0.000372 0.000553 0.000820 0.001208 0.001765 0.002556 0.003671 0.005225 0.007369 0.010300 0.014268 0.019586 0.026643 0.035916 0.047977 0.063509 0.083308 0.108286 0.139476 0.178017 0.225140 0.282145 0.350361 0.431103 0.525612 0.634986 0.760109 0.901567 1.059565 1.233851 1.423641 1.627570 1.843647 2.069250 2.301144 2.535528 2.768125 2.994291 3.209167 3.407843 3.585544 3.737814 3.860710 3.950962 4.006124 4.024682 4.006124 3.950962 3.860710 3.737814 3.585544 3.407843 3.209167 2.994291 2.768125 2.535528 2.301144 2.069250 1.843647 1.627570 1.423641 1.233851 1.059565 0.901567 0.760109 0.634986 0.525612 0.431103 0.350361 0.282145 0.225140 0.178017 0.139476 0.108286 0.083308 0.063509 0.047977 0.035916 0.026643 0.019586 0.014268 0.010300 0.007369 0.005225 0.003672 0.002557 0.001766 0.001210 0.000824 0.000559 0.000382 0.000268 0.000200 0.000168 0.000168 
0.000139 0.000139 0.000166 0.000225 0.000325 0.000480 0.000714 0.001058 0.001559 0.002277 0.003298 0.004736 0.006739 0.009503 0.013282 0.018395 0.025247 0.034339 0.046284 0.061819 0.081822 0.107316 0.139476 0.179629 0.229239 0.289890 0.363252 0.451034 0.554923 0.676515 0.817219 0.978171 1.160119 1.363327 1.587467 1.831531 2.093759 2.371591 2.661657 2.959795 3.261122 3.560137 3.850875 4.127090 4.382473 4.610887 4.806611 4.964573 5.080576 5.151477 5.175330 5.151477 5.080576 4.964573 4.806611 4.610887 4.382473 4.127090 3.850875 3.560137 3.261122 2.959795 2.661657 2.371591 2.093759 1.831531 1.587467 1.363327 1.160119 0.978171 0.817219 0.676515 0.554923 0.451034 0.363252 0.289890 0.229239 0.179629 0.139476 0.107316 0.081822 0.061819 0.046284 0.034339 0.025247 0.018395 0.013282 0.009504 0.006739 0.004736 0.003300 0.002279 0.001562 0.001063 0.000722 0.000493 0.000346 0.000258 0.000217 0.000217 
0.000178 0.000178 0.000213 0.000288 0.000416 0.000614 0.000913 0.001354 0.001993 0.002912 0.004217 0.006053 0.008612 0.012144 0.016969 0.023499 0.032248 0.043855 0.059102 0.078930 0.104456 0.136986 0.178017 0.229239 0.292519 0.369874 0.463431 0.575367 0.707830 0.862849 1.042222 1.247388 1.479302 1.738294 2.023944 2.334967 2.669115 3.023129 3.392710 3.772558 4.156450 4.537382 4.907756 5.259618 5.584933 5.875887 6.125195 6.326400 6.474158 6.564465 6.594847 6.564465 6.474158 6.326400 6.125195 5.875887 5.584933 5.259618 4.907756 4.537382 4.156450 3.772558 3.392710 3.023129 2.669115 2.334967 2.023944 1.738294 1.479302 1.247388 1.042222 0.862849 0.707830 0.575367 0.463431 0.369874 0.292519 0.229239 0.178017 0.136986 0.104456 0.078930 0.059102 0.043855 0.032248 0.023499 0.016969 0.012144 0.008613 0.006054 0.004218 0.002914 0.001997 0.001360 0.000924 0.000631 0.000442 0.000330 0.000278 0.000278 
0.000226 0.000226 0.000270 0.000365 0.000527 0.000779 0.001158 0.001716 0.002526 0.003689 0.005341 0.007667 0.010906 0.015376 0.021483 0.029745 0.040814 0.055497 0.074782 0.099858 0.132137 0.173267 0.225140 0.289890 0.369874 0.467639 0.585869 0.727310 0.894675 1.090523 1.317119 1.576280 1.869206 2.196310 2.557060 2.949827 3.371774 3.818780 4.285420 4.765000 5.249666 5.730576 6.198139 6.642318 7.052975 7.420249 7.734944 7.988918 8.175424 8.289414 8.327763 8.289414 8.175424 7.988918 7.734944 7.420249 7.052975 6.642318 6.198139 5.730576 5.249666 4.765000 4.285420 3.818780 3.371774 2.949827 2.557060 2.196310 1.869206 1.576280 1.317119 1.090523 0.894675 0.727310 0.585869 0.467639 0.369874 0.289890 0.225140 0.173267 0.132137 0.099858 0.074782 0.055497 0.040814 0.029745 0.021483 0.015376 0.010907 0.007668 0.005343 0.003692 0.002531 0.001724 0.001171 0.000800 0.000561 0.000419 0.000352 0.000352 
0.000284 0.000284 0.000339 0.000459 0.000662 0.000979 0.001454 0.002154 0.003171 0.004631 0.006704 0.009621 0.013685 0.019290 0.026948 0.037307 0.051184 0.069589 0.093759 0.125184 0.165630 0.217161 0.282145 0.363252 0.463431 0.585869 0.733922 0.911026 1.120572 1.365759 1.649417 1.973817 2.340455 2.749845 3.201314 3.692823 4.220818 4.780141 5.364002 5.964026 6.570389 7.172028 7.756952 8.312605 8.826309 9.285733 9.679380 9.997066 10.230357 10.372940 10.420908 10.372940 10.230357 9.997066 9.679380 9.285733 8.826309 8.312605 7.756952 7.172028 6.570389 5.964026 5.364002 4.780141 4.220818 3.692823 3.201314 2.749845 2.340455 1.973817 1.649417 1.365759 1.120572 0.911026 0.733922 0.585869 0.463431 0.363252 0.282145 0.217161 0.165630 0.125184 0.093759 0.069589 0.051184 0.037307 0.026948 0.019291 0.013685 0.009623 0.006707 0.004634 0.003177 0.002165 0.001471 0.001006 0.000705 0.000526 0.000443 0.000443 
0.000353 0.000353 0.000423 0.000572 0.000824 0.001218 0.001809 0.002680 0.003945 0.005759 0.008337 0.011963 0.017013 0.023979 0.033494 0.046364 0.063601 0.086461 0.116479 0.155500 0.205719 0.269693 0.350361 0.451034 0.575367 0.727310 0.911026 1.130771 1.390748 1.694918 2.046789 2.449169 2.903909 3.411642 3.971528 4.581033 5.235747 5.929273 6.653191 7.397117 8.148872 8.894744 9.619868 10.308687 10.945488 11.514988 12.002943 12.396733 12.685907 12.862643 12.922101 12.862643 12.685907 12.396733 12.002943 11.514988 10.945488 10.308687 9.619868 8.894744 8.148872 7.397117 6.653191 5.929273 5.235747 4.581033 3.971528 3.411642 2.903909 2.449169 2.046789 1.694918 1.390748 1.130771 0.911026 0.727310 0.575367 0.451034 0.350361 0.269693 0.205719 0.155500 0.116479 0.086462 0.063601 0.046364 0.033494 0.023980 0.017014 0.011965 0.008340 0.005764 0.003953 0.002693 0.001830 0.001252 0.000877 0.000655 0.000551 0.000551 
0.000436 0.000436 0.000521 0.000705 0.001017 0.001502 0.002231 0.003304 0.004862 0.007098 0.010273 0.014739 0.020958 0.029535 0.041249 0.057092 0.078309 0.106443 0.143381 0.191394 0.253178 0.331878 0.431103 0.554923 0.707830 0.894675 1.120572 1.390748 1.710362 2.084281 2.516806 3.011383 3.570281 4.194270 4.882314 5.631293 6.435785 7.287926 8.177369 9.091359 10.014930 10.931243 11.822039 12.668211 13.450462 14.150027 14.749413 15.233123 15.588325 15.805414 15.878448 15.805414 15.588325 15.233123 14.749413 14.150027 13.450462 12.668211 11.822039 10.931243 10.014930 9.091359 8.177369 7.287926 6.435785 5.631293 4.882314 4.194270 3.570281 3.011383 2.516806 2.084281 1.710362 1.390748 1.120572 0.894675 0.707830 0.554923 0.431103 0.331878 0.253178 0.191394 0.143381 0.106443 0.078309 0.057092 0.041250 0.029536 0.020959 0.014741 0.010277 0.007104 0.004872 0.003320 0.002257 0.001543 0.001082 0.000808 0.000680 0.000680 
0.000533 0.000533 0.000637 0.000862 0.001242 0.001835 0.002725 0.004035 0.005937 0.008666 0.012542 0.017992 0.025580 0.036045 0.050334 0.069658 0.095534 0.129843 0.174883 0.233421 0.308740 0.404671 0.525612 0.676515 0.862849 1.090523 1.365759 1.694918 2.084281 2.539764 3.066602 3.668982 4.349660 5.109567 5.947434 6.859457 7.839028 8.876570 9.959484 11.072238 12.196616 13.312122 14.396531 15.426590 16.378815 17.230370 17.959968 18.548753 18.981110 19.245353 19.334250 19.245353 18.981110 18.548753 17.959968 17.230370 16.378815 15.426590 14.396531 13.312122 12.196616 11.072238 9.959484 8.876570 7.839028 6.859457 5.947434 5.109567 4.349660 3.668982 3.066602 2.539764 2.084281 1.694918 1.365759 1.090523 0.862849 0.676515 0.525612 0.404671 0.308740 0.233421 0.174883 0.129843 0.095534 0.069659 0.050335 0.036046 0.025582 0.017995 0.012547 0.008674 0.005949 0.004055 0.002757 0.001886 0.001322 0.000987 0.000832 0.000832 
0.000646 0.000646 0.000772 0.001044 0.001504 0.002221 0.003298 0.004883 0.007184 0.010484 0.015171 0.021761 0.030935 0.043585 0.060857 0.084212 0.115482 0.156937 0.211354 0.282072 0.373053 0.488923 0.634986 0.817219 1.042222 1.317119 1.649417 2.046789 2.516806 3.066602 3.702485 4.429500 5.250963 6.167991 7.179044 8.279524 9.461455 10.713278 12.019787 13.362248 14.718686 16.064377 17.372518 18.615063 19.763693 20.790870 21.670923 22.381117 22.902622 23.221347 23.328572 23.221347 22.902622 22.381117 21.670923 20.790870 19.763693 18.615063 17.372518 16.064377 14.718686 13.362248 12.019787 10.713278 9.461455 8.279524 7.179044 6.167991 5.250963 4.429500 3.702485 3.066602 2.516806 2.046789 1.649417 1.317119 1.042222 0.817219 0.634986 0.488923 0.373053 0.282072 0.211354 0.156937 0.115482 0.084212 0.060858 0.043586 0.030937 0.021764 0.015177 0.010493 0.007199 0.004907 0.003337 0.002282 0.001601 0.001196 0.001007 0.001007 
0.000775 0.000775 0.000926 0.001252 0.001804 0.002664 0.003955 0.005855 0.008612 0.012567 0.018183 0.026078 0.037068 0.052219 0.072905 0.100872 0.138314 0.187947 0.253092 0.337743 0.446641 0.585314 0.760109 0.978171 1.247388 1.576280 1.973817 2.449169 3.011383 3.668982 4.429500 5.298959 6.281317 7.377897 8.586850 9.902672 11.315819 12.812466 14.374435 15.979327 17.600874 19.209525 20.773246 22.258521 23.631505 24.859290 25.911203 26.760075 27.383407 27.764364 27.892525 27.764364 27.383407 26.760075 25.911203 24.859290 23.631505 22.258521 20.773246 19.209525 17.600874 15.979327 14.374435 12.812466 11.315819 9.902672 8.586850 7.377897 6.281317 5.298959 4.429500 3.668982 3.011383 2.449169 1.973817 1.576280 1.247388 0.978171 0.760109 0.585314 0.446641 0.337743 0.253092 0.187948 0.138314 0.100873 0.072906 0.052221 0.037070 0.026082 0.018190 0.012578 0.008630 0.005884 0.004001 0.002737 0.001920 0.001435 0.001208 0.001208 
0.000921 0.000921 0.001101 0.001488 0.002144 0.003165 0.004698 0.006955 0.010229 0.014925 0.021592 0.030963 0.044007 0.061989 0.086536 0.119720 0.164141 0.223021 0.300295 0.400698 0.529849 0.694299 0.901567 1.160119 1.479302 1.869206 2.340455 2.903909 3.570281 4.349660 5.250963 6.281317 7.445398 8.744764 10.177214 11.736217 13.410462 15.183563 17.033984 18.935189 20.856064 22.761608 24.613881 26.373192 27.999463 29.453723 30.699652 31.705080 32.443366 32.894575 33.046370 32.894575 32.443366 31.705080 30.699652 29.453723 27.999463 26.373192 24.613881 22.761608 20.856064 18.935189 17.033984 15.183563 13.410462 11.736217 10.177214 8.744764 7.445398 6.281317 5.250963 4.349660 3.570281 2.903909 2.340455 1.869206 1.479302 1.160119 0.901567 0.694299 0.529849 0.400698 0.300295 0.223022 0.164142 0.119720 0.086537 0.061990 0.044010 0.030968 0.021600 0.014938 0.010250 0.006989 0.004754 0.003253 0.002282 0.001705 0.001436 0.001436 
0.001085 0.001085 0.001296 0.001753 0.002524 0.003726 0.005530 0.008186 0.012037 0.017562 0.025404 0.036425 0.051765 0.072910 0.101771 0.140784 0.193003 0.262213 0.353035 0.471032 0.622801 0.816036 1.059565 1.363327 1.738294 2.196310 2.749845 3.411642 4.194270 5.109567 6.167991 7.377897 8.744764 10.270408 11.952236 13.782569 15.748120 17.829651 20.001873 22.233639 24.488428 26.725161 28.899312 30.964300 32.873097 34.579973 36.042309 37.222358 38.088862 38.618429 38.796584 38.618429 38.088862 37.222358 36.042309 34.579973 32.873097 30.964300 28.899312 26.725161 24.488428 22.233639 20.001873 17.829651 15.748120 13.782569 11.952236 10.270408 8.744764 7.377897 6.167991 5.109567 4.194270 3.411642 2.749845 2.196310 1.738294 1.363327 1.059565 0.816036 0.622801 0.471032 0.353035 0.262213 0.193004 0.140785 0.101772 0.072911 0.051769 0.036431 0.025413 0.017577 0.012062 0.008226 0.005595 0.003829 0.002687 0.002008 0.001692 0.001692 
0.001266 0.001266 0.001513 0.002045 0.002944 0.004346 0.006450 0.009545 0.014035 0.020474 0.029613 0.042456 0.060331 0.084965 0.118588 0.164033 0.224856 0.305462 0.411230 0.548635 0.725351 0.950333 1.233851 1.587467 2.023944 2.557060 3.201314 3.971528 4.882314 5.947434 7.179044 8.586850 10.177214 11.952236 13.908885 16.038220 18.324775 20.746163 23.272968 25.868956 28.491651 31.093276 33.622053 36.023813 38.243867 40.229046 41.929791 43.302213 44.309967 44.925856 45.133052 44.925856 44.309967 43.302213 41.929791 40.229046 38.243867 36.023813 33.622053 31.093276 28.491651 25.868956 23.272968 20.746163 18.324775 16.038220 13.908885 11.952236 10.177214 8.586850 7.179044 5.947434 4.882314 3.971528 3.201314 2.557060 2.023944 1.587467 1.233851 0.950333 0.725351 0.548635 0.411230 0.305462 0.224856 0.164034 0.118589 0.084967 0.060334 0.042463 0.029624 0.020491 0.014064 0.009592 0.006525 0.004466 0.003135 0.002343 0.001974 0.001974 
0.001464 0.001464 0.001749 0.002364 0.003403 0.005022 0.007452 0.011027 0.016212 0.023648 0.034201 0.049030 0.069665 0.098103 0.136913 0.189364 0.259558 0.352576 0.474621 0.633159 0.837040 1.096588 1.423641 1.831531 2.334967 2.949827 3.692823 4.581033 5.631293 6.859457 8.279524 9.902672 11.736217 13.782569 16.038220 18.492852 21.128627 23.919734 26.832263 29.824451 32.847341 35.845876 38.760384 41.528448 44.087051 46.374927 48.334977 49.916630 51.078012 51.787788 52.026568 51.787788 51.078012 49.916630 48.334977 46.374927 44.087051 41.528448 38.760384 35.845876 32.847341 29.824451 26.832263 23.919734 21.128627 18.492852 16.038220 13.782569 11.736217 9.902672 8.279524 6.859457 5.631293 4.581033 3.692823 2.949827 2.334967 1.831531 1.423641 1.096588 0.837040 0.633159 0.474621 0.352577 0.259559 0.189365 0.136914 0.098105 0.069670 0.049038 0.034214 0.023669 0.016246 0.011082 0.007540 0.005161 0.003623 0.002708 0.002282 0.002282 
0.001676 0.001676 0.002003 0.002707 0.003896 0.005749 0.008530 0.012622 0.018555 0.027063 0.039136 0.056099 0.079703 0.112229 0.156614 0.216596 0.296862 0.403218 0.542753 0.723999 0.957065 1.253748 1.627570 2.093759 2.669115 3.371774 4.220818 5.235747 6.435785 7.839028 9.461455 11.315819 13.410462 15.748120 18.324775 21.128627 24.139292 27.327282 30.653863 34.071335 37.523788 40.948348 44.276876 47.438099 50.360066 52.972822 55.211175 57.017387 58.343651 59.154190 59.426868 59.154190 58.343651 57.017387 55.211175 52.972822 50.360066 47.438099 44.276876 40.948348 37.523788 34.071335 30.653863 27.327282 24.139292 21.128627 18.324775 15.748120 13.410462 11.315819 9.461455 7.839028 6.435785 5.235747 4.220818 3.371774 2.669115 2.093759 1.627570 1.253748 0.957065 0.723999 0.542753 0.403218 0.296862 0.216597 0.156616 0.112232 0.079708 0.056108 0.039150 0.027086 0.018594 0.012684 0.008631 0.005909 0.004148 0.003101 0.002613 0.002613 
0.001902 0.001902 0.002272 0.003071 0.004420 0.006521 0.009674 0.014313 0.021040 0.030684 0.044369 0.063596 0.090346 0.127205 0.177501 0.245463 0.336403 0.456894 0.614963 0.820268 1.084256 1.420280 1.843647 2.371591 3.023129 3.818780 4.780141 5.929273 7.287926 8.876570 10.713278 12.812466 15.183563 17.829651 20.746163 23.919734 27.327282 30.935427 34.700325 38.567992 42.475160 46.350679 50.117449 53.694828 57.001405 59.958033 62.490956 64.534851 66.035631 66.952820 67.261376 66.952820 66.035631 64.534851 62.490956 59.958033 57.001405 53.694828 50.117449 46.350679 42.475160 38.567992 34.700325 30.935427 27.327282 23.919734 20.746163 17.829651 15.183563 12.812466 10.713278 8.876570 7.287926 5.929273 4.780141 3.818780 3.023129 2.371591 1.843647 1.420280 1.084256 0.820268 0.614963 0.456894 0.336404 0.245464 0.177503 0.127209 0.090352 0.063605 0.044385 0.030711 0.021084 0.014384 0.009788 0.006702 0.004706 0.003518 0.002965 0.002965 
0.002138 0.002138 0.002554 0.003451 0.004967 0.007327 0.010870 0.016081 0.023637 0.034469 0.049837 0.071428 0.101466 0.142851 0.199319 0.275617 0.377703 0.512954 0.690374 0.920799 1.217070 1.594164 2.069250 2.661657 3.392710 4.285420 5.364002 6.653191 8.177369 9.959484 12.019787 14.374435 17.033984 20.001873 23.272968 26.832263 30.653863 34.700325 38.922475 43.259776 47.641281 51.987211 56.211119 60.222588 63.930344 67.245656 70.085833 72.377643 74.060450 75.088881 75.434859 75.088881 74.060450 72.377643 70.085833 67.245656 63.930344 60.222588 56.211119 51.987211 47.641281 43.259776 38.922475 34.700325 30.653863 26.832263 23.272968 20.001873 17.033984 14.374435 12.019787 9.959484 8.177369 6.653191 5.364002 4.285420 3.392710 2.661657 2.069250 1.594164 1.217071 0.920799 0.690374 0.512954 0.377704 0.275618 0.199321 0.142855 0.101473 0.071439 0.049856 0.034499 0.023686 0.016161 0.010999 0.007531 0.005288 0.003954 0.003333 0.003333 
0.002381 0.002381 0.002844 0.003843 0.005530 0.008157 0.012101 0.017900 0.026308 0.038362 0.055462 0.079485 0.112903 0.158943 0.221756 0.306624 0.420169 0.570593 0.767905 1.024150 1.353602 1.772906 2.301144 2.959795 3.772558 4.765000 5.964026 7.397117 9.091359 11.072238 13.362248 15.979327 18.935189 22.233639 25.868956 29.824451 34.071335 38.567992 43.259776 48.079416 52.948081 57.777128 62.470515 66.927786 71.047542 74.731206 77.886916 80.433320 82.303057 83.445724 83.830133 83.445724 82.303057 80.433320 77.886916 74.731206 71.047542 66.927786 62.470515 57.777128 52.948081 48.079416 43.259776 38.567992 34.071335 29.824451 25.868956 22.233639 18.935189 15.979327 13.362248 11.072238 9.091359 7.397117 5.964026 4.765000 3.772558 2.959795 2.301144 1.772906 1.353602 1.024150 0.767905 0.570593 0.420170 0.306625 0.221759 0.158947 0.112910 0.079497 0.055483 0.038395 0.026363 0.017989 0.012244 0.008385 0.005888 0.004403 0.003711 0.003711 
0.002627 0.002627 0.003138 0.004239 0.006100 0.008997 0.013346 0.019740 0.029011 0.042300 0.061152 0.087633 0.124469 0.175214 0.244445 0.337976 0.463105 0.628866 0.846284 1.128627 1.491614 1.953576 2.535528 3.261122 4.156450 5.249666 6.570389 8.148872 10.014930 12.196616 14.718686 17.600874 20.856064 24.488428 28.491651 32.847341 37.523788 42.475160 47.641281 52.948081 58.308764 63.625741 68.793273 73.700773 78.236614 82.292279 85.766645 88.570160 90.628676 91.886709 92.309927 91.886709 90.628676 88.570160 85.766645 82.292279 78.236614 73.700773 68.793273 63.625741 58.308764 52.948081 47.641281 42.475160 37.523788 32.847341 28.491651 24.488428 20.856064 17.600874 14.718686 12.196616 10.014930 8.148872 6.570389 5.249666 4.156450 3.261122 2.535528 1.953577 1.491614 1.128627 0.846285 0.628866 0.463106 0.337977 0.244447 0.175219 0.124477 0.087646 0.061174 0.042337 0.029071 0.019838 0.013503 0.009248 0.006495 0.004857 0.004094 0.004094 
0.002872 0.002872 0.003430 0.004633 0.006666 0.009832 0.014583 0.021568 0.031695 0.046210 0.066801 0.095723 0.135953 0.191370 0.266968 0.369099 0.505725 0.686708 0.924080 1.232321 1.628585 2.132876 2.768125 3.560137 4.537382 5.730576 7.172028 8.894744 10.931243 13.312122 16.064377 19.209525 22.761608 26.725161 31.093276 35.845876 40.948348 46.350679 51.987211 57.777128 63.625741 69.426583 75.064305 80.418273 85.366718 89.791268 93.581620 96.640091 98.885801 100.258230 100.719932 100.258230 98.885801 96.640091 93.581620 89.791268 85.366718 80.418273 75.064305 69.426583 63.625741 57.777128 51.987211 46.350679 40.948348 35.845876 31.093276 26.725161 22.761608 19.209525 16.064377 13.312122 10.931243 8.894744 7.172028 5.730576 4.537382 3.560137 2.768125 2.132876 1.628586 1.232321 0.924081 0.686708 0.505726 0.369100 0.266972 0.191375 0.135962 0.095738 0.066826 0.046251 0.031761 0.021675 0.014755 0.010106 0.007098 0.005308 0.004475 0.004475 
0.003110 0.003110 0.003714 0.005016 0.007217 0.010644 0.015786 0.023346 0.034307 0.050015 0.072298 0.103594 0.147124 0.207084 0.288878 0.399371 0.547178 0.742963 0.999738 1.333161 1.761781 2.307227 2.994291 3.850875 4.907756 6.198139 7.756952 9.619868 11.822039 14.396531 17.372518 20.773246 24.613881 28.899312 33.622053 38.760384 44.276876 50.117449 56.211119 62.470515 68.793273 75.064305 81.158925 86.946732 92.296107 97.079103 101.176495 104.482702 106.910305 108.393891 108.892987 108.393891 106.910305 104.482702 101.176495 97.079103 92.296107 86.946732 81.158925 75.064305 68.793273 62.470515 56.211119 50.117449 44.276876 38.760384 33.622053 28.899312 24.613881 20.773246 17.372518 14.396531 11.822039 9.619868 7.756952 6.198139 4.907756 3.850875 2.994291 2.307227 1.761781 1.333161 0.999739 0.742963 0.547179 0.399373 0.288881 0.207090 0.147134 0.103610 0.072324 0.050059 0.034378 0.023462 0.015972 0.010941 0.007685 0.005747 0.004845 0.004845 
