0.000000 0.000000 0.000000 0.000000 0.000000 0.000000 0.000000 0.000000 0.000000 0.000000 0.000000 0.000000 0.000000 0.000000 0.000000 0.000000 0.000000 0.000000 0.000000 0.000000 0.000000 0.000000 0.000000 0.000000 0.000000 0.000000 0.000000 0.000000 0.000000 0.000000 0.000000 0.000000 0.000000 0.000000 0.000000 0.000000 0.000000 0.000000 0.000000 0.000000 0.000001 0.000001 0.000001 0.000001 0.000001 0.000001 0.000001 0.000001 0.000001 0.000001 0.000001 0.000001 0.000001 0.000001 0.000001 0.000001 0.000001 0.000001 0.000001 0.000001 0.000001 0.000000 0.000000 0.000000 0.000000 0.000000 0.000000 0.000000 0.000000 0.000000 0.000000 0.000000 0.000000 0.000000 0.000000 0.000000 0.000000 0.000000 0.000000 0.000000 0.000000 0.000000 0.000000 0.000000 0.000000 0.000000 0.000000 0.000000 0.000000 0.000000 0.000000 0.000000 0.000000 0.000000 0.000000 0.000000 0.000000 0.000000 0.000000 0.000000 
0.000000 0.000000 0.000000 0.000000 0.000000 0.000000 0.000000 0.000000 0.000000 0.000000 0.000000 0.000000 0.000000 0.000000 0.000000 0.000000 0.000000 0.000000 0.000000 0.000000 0.000000 0.000000 0.000000 0.000000 0.000000 0.000000 0.000000 0.000000 0.000000 0.000000 0.000000 0.000000 0.000000 0.000000 0.000000 0.000000 0.000000 0.000000 0.000000 0.000000 0.000001 0.000001 0.000001 0.000001 0.000001 0.000001 0.000001 0.000001 0.000001 0.000001 0.000001 0.000001 0.000001 0.000001 0.000001 0.000001 0.000001 0.000001 0.000001 0.000001 0.000001 0.000000 0.000000 0.000000 0.000000 0.000000 0.000000 0.000000 0.000000 0.000000 0.000000 0.000000 0.000000 0.000000 0.000000 0.000000 0.000000 0.000000 0.000000 0.000000 0.000000 0.000000 0.000000 0.000000 0.000000 0.000000 0.000000 0.000000 0.000000 0.000000 0.000000 0.000000 0.000000 0.000000 0.000000 0.000000 0.000000 0.000000 0.000000 0.000000 
0.000000 0.000000 0.000000 0.000000 0.000000 0.000000 0.000000 0.000000 0.000000 0.000000 0.000000 0.000000 0.000000 0.000000 0.000000 0.000000 0.000000 0.000000 0.000000 0.000000 0.000000 0.000000 0.000000 0.000000 0.000000 0.000000 0.000000 0.000000 0.000000 0.000000 0.000000 0.000000 0.000000 0.000000 0.000000 0.000000 0.000000 0.000000 0.000001 0.000001 0.000001 0.000001 0.000001 0.000001 0.000002 0.000002 0.000002 0.000002 0.000002 0.000002 0.000002 0.000002 0.000002 0.000002 0.000002 0.000002 0.000002 0.000001 0.000001 0.000001 0.000001 0.000001 0.000001 0.000000 0.000000 0.000000 0.000000 0.000000 0.000000 0.000000 0.000000 0.000000 0.000000 0.000000 0.000000 0.000000 0.000000 0.000000 0.000000 0.000000 0.000000 0.000000 0.000000 0.000000 0.000000 0.000000 0.000000 0.000000 0.000000 0.000000 0.000000 0.000000 0.000000 0.000000 0.000000 0.000000 0.000000 0.000000 0.000000 0.000000 
0.000000 0.000000 0.000000 0.000000 0.000000 0.000000 0.000000 0.000000 0.000000 0.000000 0.000000 0.000000 0.000000 0.000000 0.000000 0.000000 0.000000 0.000000 0.000000 0.000000 0.000000 0.000000 0.000000 0.000000 0.000000 0.000000 0.000000 0.000000 0.000000 0.000000 0.000000 0.000000 0.000000 0.000000 0.000000 0.000001 0.000001 0.000001 0.000001 0.000001 0.000002 0.000002 0.000002 0.000003 0.000003 0.000003 0.000004 0.000004 0.000004 0.000004 0.000004 0.000004 0.000004 0.000004 0.000004 0.000003 0.000003 0.000003 0.000002 0.000002 0.000002 0.000001 0.000001 0.000001 0.000001 0.000001 0.000000 0.000000 0.000000 0.000000 0.000000 0.000000 0.000000 0.000000 0.000000 0.000000 0.000000 0.000000 0.000000 0.000000 0.000000 0.000000 0.000000 0.000000 0.000000 0.000000 0.000000 0.000000 0.000000 0.000000 0.000000 0.000000 0.000000 0.000000 0.000000 0.000000 0.000000 0.000000 0.000000 0.000000 
0.000000 0.000000 0.000000 0.000000 0.000000 0.000000 0.000000 0.000000 0.000000 0.000000 0.000000 0.000000 0.000000 0.000000 0.000000 0.000000 0.000000 0.000000 0.000000 0.000000 0.000000 0.000000 0.000000 0.000000 0.000000 0.000000 0.000000 0.000000 0.000000 0.000000 0.000000 0.000000 0.000001 0.000001 0.000001 0.000001 0.000002 0.000002 0.000002 0.000003 0.000004 0.000004 0.000005 0.000006 0.000006 0.000007 0.000008 0.000008 0.000008 0.000009 0.000009 0.000009 0.000008 0.000008 0.000008 0.000007 0.000006 0.000006 0.000005 0.000004 0.000004 0.000003 0.000002 0.000002 0.000002 0.000001 0.000001 0.000001 0.000001 0.000000 0.000000 0.000000 0.000000 0.000000 0.000000 0.000000 0.000000 0.000000 0.000000 0.000000 0.000000 0.000000 0.000000 0.000000 0.000000 0.000000 0.000000 0.000000 0.000000 0.000000 0.000000 0.000000 0.000000 0.000000 0.000000 0.000000 0.000000 0.000000 0.000000 0.000000 
0.000000 0.000000 0.000000 0.000000 0.000000 0.000000 0.000000 0.000000 0.000000 0.000000 0.000000 0.000000 0.000000 0.000000 0.000000 0.000000 0.000000 0.000000 0.000000 0.000000 0.000000 0.000000 0.000000 0.000000 0.000000 0.000000 0.000000 0.000000 0.000000 0.000000 0.000001 0.000001 0.000001 0.000001 0.000002 0.000003 0.000003 0.000004 0.000005 0.000006 0.000007 0.000009 0.000010 0.000012 0.000013 0.000014 0.000016 0.000017 0.000017 0.000018 0.000018 0.000018 0.000017 0.000017 0.000016 0.000014 0.000013 0.000012 0.000010 0.000009 0.000007 0.000006 0.000005 0.000004 0.000003 0.000003 0.000002 0.000001 0.000001 0.000001 0.000001 0.000000 0.000000 0.000000 0.000000 0.000000 0.000000 0.000000 0.000000 0.000000 0.000000 0.000000 0.000000 0.000000 0.000000 0.000000 0.000000 0.000000 0.000000 0.000000 0.000000 0.000000 0.000000 0.000000 0.000000 0.000000 0.000000 0.000000 0.000000 0.000000 
0.000000 0.000000 0.000000 0.000000 0.000000 0.000000 0.000000 0.000000 0.000000 0.000000 0.000000 0.000000 0.000000 0.000000 0.000000 0.000000 0.000000 0.000000 0.000000 0.000000 0.000000 0.000000 0.000000 0.000000 0.000000 0.000000 0.000000 0.000000 0.000001 0.000001 0.000001 0.000002 0.000002 0.000003 0.000004 0.000005 0.000007 0.000008 0.000010 0.000013 0.000015 0.000018 0.000021 0.000024 0.000027 0.000029 0.000032 0.000034 0.000035 0.000036 0.000037 0.000036 0.000035 0.000034 0.000032 0.000029 0.000027 0.000024 0.000021 0.000018 0.000015 0.000013 0.000010 0.000008 0.000007 0.000005 0.000004 0.000003 0.000002 0.000002 0.000001 0.000001 0.000001 0.000000 0.000000 0.000000 0.000000 0.000000 0.000000 0.000000 0.000000 0.000000 0.000000 0.000000 0.000000 0.000000 0.000000 0.000000 0.000000 0.000000 0.000000 0.000000 0.000000 0.000000 0.000000 0.000000 0.000000 0.000000 0.000000 0.000000 
0.000000 0.000000 0.000000 0.000000 0.000000 0.000000 0.000000 0.000000 0.000000 0.000000 0.000000 0.000000 0.000000 0.000000 0.000000 0.000000 0.000000 0.000000 0.000000 0.000000 0.000000 0.000000 0.000000 0.000000 0.000000 0.000000 0.000001 0.000001 0.000001 0.000002 0.000002 0.000003 0.000004 0.000006 0.000008 0.000010 0.000013 0.000017 0.000021 0.000026 0.000031 0.000036 0.000042 0.000048 0.000054 0.000059 0.000064 0.000068 0.000071 0.000073 0.000074 0.000073 0.000071 0.000068 0.000064 0.000059 0.000054 0.000048 0.000042 0.000036 0.000031 0.000026 0.000021 0.000017 0.000013 0.000010 0.000008 0.000006 0.000004 0.000003 0.000002 0.000002 0.000001 0.000001 0.000001 0.000000 0.000000 0.000000 0.000000 0.000000 0.000000 0.000000 0.000000 0.000000 0.000000 0.000000 0.000000 0.000000 0.000000 0.000000 0.000000 0.000000 0.000000 0.000000 0.000000 0.000000 0.000000 0.000000 0.000000 0.000000 
0.000000 0.000000 0.000000 0.000000 0.000000 0.000000 0.000000 0.000000 0.000000 0.000000 0.000000 0.000000 0.000000 0.000000 0.000000 0.000000 0.000000 0.000000 0.000000 0.000000 0.000000 0.000000 0.000000 0.000000 0.000000 0.000001 0.000001 0.000002 0.000002 0.000003 0.000005 0.000006 0.000009 0.000012 0.000016 0.000021 0.000027 0.000034 0.000042 0.000051 0.000061 0.000072 0.000084 0.000096 0.000107 0.000118 0.000127 0.000135 0.000141 0.000145 0.000146 0.000145 0.000141 0.000135 0.000127 0.000118 0.000107 0.000096 0.000084 0.000072 0.000061 0.000051 0.000042 0.000034 0.000027 0.000021 0.000016 0.000012 0.000009 0.000006 0.000005 0.000003 0.000002 0.000002 0.000001 0.000001 0.000000 0.000000 0.000000 0.000000 0.000000 0.000000 0.000000 0.000000 0.000000 0.000000 0.000000 0.000000 0.000000 0.000000 0.000000 0.000000 0.000000 0.000000 0.000000 0.000000 0.000000 0.000000 0.000000 0.000000 
0.000000 0.000000 0.000000 0.000000 0.000000 0.000000 0.000000 0.000000 0.000000 0.000000 0.000000 0.000000 0.000000 0.000000 0.000000 0.000000 0.000000 0.000000 0.000000 0.000000 0.000000 0.000000 0.000000 0.000001 0.000001 0.000001 0.000002 0.000003 0.000004 0.000006 0.000009 0.000013 0.000017 0.000023 0.000031 0.000041 0.000052 0.000066 0.000082 0.000100 0.000120 0.000141 0.000164 0.000187 0.000209 0.000230 0.000248 0.000264 0.000276 0.000283 0.000285 0.000283 0.000276 0.000264 0.000248 0.000230 0.000209 0.000187 0.000164 0.000141 0.000120 0.000100 0.000082 0.000066 0.000052 0.000041 0.000031 0.000023 0.000017 0.000013 0.000009 0.000006 0.000004 0.000003 0.000002 0.000001 0.000001 0.000001 0.000000 0.000000 0.000000 0.000000 0.000000 0.000000 0.000000 0.000000 0.000000 0.000000 0.000000 0.000000 0.000000 0.000000 0.000000 0.000000 0.000000 0.000000 0.000000 0.000000 0.000000 0.000000 
0.000000 0.000000 0.000000 0.000000 0.000000 0.000000 0.000000 0.000000 0.000000 0.000000 0.000000 0.000000 0.000000 0.000000 0.000000 0.000000 0.000000 0.000000 0.000000 0.000000 0.000000 0.000000 0.000001 0.000001 0.000002 0.000003 0.000004 0.000006 0.000008 0.000012 0.000017 0.000024 0.000034 0.000045 0.000060 0.000079 0.000101 0.000127 0.000158 0.000193 0.000231 0.000272 0.000315 0.000359 0.000402 0.000442 0.000478 0.000507 0.000530 0.000544 0.000548 0.000544 0.000530 0.000507 0.000478 0.000442 0.000402 0.000359 0.000315 0.000272 0.000231 0.000193 0.000158 0.000127 0.000101 0.000079 0.000060 0.000045 0.000034 0.000024 0.000017 0.000012 0.000008 0.000006 0.000004 0.000003 0.000002 0.000001 0.000001 0.000000 0.000000 0.000000 0.000000 0.000000 0.000000 0.000000 0.000000 0.000000 0.000000 0.000000 0.000000 0.000000 0.000000 0.000000 0.000000 0.000000 0.000000 0.000000 0.000000 0.000000 
0.000000 0.000000 0.000000 0.000000 0.000000 0.000000 0.000000 0.000000 0.000000 0.000000 0.000000 0.000000 0.000000 0.000000 0.000000 0.000000 0.000000 0.000000 0.000000 0.000000 0.000000 0.000001 0.000001 0.000002 0.000003 0.000005 0.000007 0.000011 0.000016 0.000023 0.000033 0.000046 0.000064 0.000086 0.000114 0.000149 0.000192 0.000242 0.000300 0.000366 0.000438 0.000516 0.000598 0.000680 0.000761 0.000837 0.000904 0.000960 0.001003 0.001029 0.001038 0.001029 0.001003 0.000960 0.000904 0.000837 0.000761 0.000680 0.000598 0.000516 0.000438 0.000366 0.000300 0.000242 0.000192 0.000149 0.000114 0.000086 0.000064 0.000046 0.000033 0.000023 0.000016 0.000011 0.000007 0.000005 0.000003 0.000002 0.000001 0.000001 0.000000 0.000000 0.000000 0.000000 0.000000 0.000000 0.000000 0.000000 0.000000 0.000000 0.000000 0.000000 0.000000 0.000000 0.000000 0.000000 0.000000 0.000000 0.000000 0.000000 
0.000000 0.000000 0.000000 0.000000 0.000000 0.000000 0.000000 0.000000 0.000000 0.000000 0.000000 0.000000 0.000000 0.000000 0.000000 0.000000 0.000000 0.000000 0.000000 0.000001 0.000001 0.000001 0.000002 0.000004 0.000006 0.000009 0.000014 0.000021 0.000030 0.000044 0.000062 0.000087 0.000120 0.000161 0.000214 0.000279 0.000358 0.000452 0.000560 0.000683 0.000818 0.000963 0.001115 0.001269 0.001419 0.001560 0.001686 0.001790 0.001869 0.001918 0.001935 0.001918 0.001869 0.001790 0.001686 0.001560 0.001419 0.001269 0.001115 0.000963 0.000818 0.000683 0.000560 0.000452 0.000358 0.000279 0.000214 0.000161 0.000120 0.000087 0.000062 0.000044 0.000030 0.000021 0.000014 0.000009 0.000006 0.000004 0.000002 0.000001 0.000001 0.000001 0.000000 0.000000 0.000000 0.000000 0.000000 0.000000 0.000000 0.000000 0.000000 0.000000 0.000000 0.000000 0.000000 0.000000 0.000000 0.000000 0.000000 0.000000 
0.000000 0.000000 0.000000 0.000000 0.000000 0.000000 0.000000 0.000000 0.000000 0.000000 0.000000 0.000000 0.000000 0.000000 0.000000 0.000000 0.000000 0.000000 0.000001 0.000001 0.000002 0.000003 0.000004 0.000007 0.000011 0.000017 0.000026 0.000038 0.000056 0.000081 0.000115 0.000161 0.000221 0.000298 0.000395 0.000515 0.000660 0.000832 0.001031 0.001256 0.001504 0.001770 0.002048 0.002330 0.002605 0.002864 0.003094 0.003286 0.003430 0.003520 0.003551 0.003520 0.003430 0.003286 0.003094 0.002864 0.002605 0.002330 0.002048 0.001770 0.001504 0.001256 0.001031 0.000832 0.000660 0.000515 0.000395 0.000298 0.000221 0.000161 0.000115 0.000081 0.000056 0.000038 0.000026 0.000017 0.000011 0.000007 0.000004 0.000003 0.000002 0.000001 0.000001 0.000000 0.000000 0.000000 0.000000 0.000000 0.000000 0.000000 0.000000 0.000000 0.000000 0.000000 0.000000 0.000000 0.000000 0.000000 0.000000 0.000000 
0.000000 0.000000 0.000000 0.000000 0.000000 0.000000 0.000000 0.000000 0.000000 0.000000 0.000000 0.000000 0.000000 0.000000 0.000000 0.000000 0.000000 0.000001 0.000001 0.000002 0.000003 0.000005 0.000008 0.000013 0.000020 0.000031 0.000047 0.000070 0.000103 0.000148 0.000210 0.000292 0.000401 0.000540 0.000716 0.000934 0.001196 0.001507 0.001867 0.002273 0.002721 0.003202 0.003705 0.004213 0.004710 0.005177 0.005592 0.005939 0.006199 0.006361 0.006416 0.006361 0.006199 0.005939 0.005592 0.005177 0.004710 0.004213 0.003705 0.003202 0.002721 0.002273 0.001867 0.001507 0.001196 0.000934 0.000716 0.000540 0.000401 0.000292 0.000210 0.000148 0.000103 0.000070 0.000047 0.000031 0.000020 0.000013 0.000008 0.000005 0.000003 0.000002 0.000001 0.000001 0.000000 0.000000 0.000000 0.000000 0.000000 0.000000 0.000000 0.000000 0.000000 0.000000 0.000000 0.000000 0.000000 0.000000 0.000000 0.000000 
0.000000 0.000000 0.000000 0.000000 0.000000 0.000000 0.000000 0.000000 0.000000 0.000000 0.000000 0.000000 0.000000 0.000000 0.000000 0.000000 0.000001 0.000001 0.000002 0.000003 0.000005 0.000009 0.000014 0.000023 0.000036 0.000056 0.000084 0.000125 0.000184 0.000265 0.000375 0.000523 0.000717 0.000966 0.001280 0.001667 0.002135 0.002689 0.003329 0.004052 0.004849 0.005704 0.006598 0.007502 0.008385 0.009213 0.009951 0.010566 0.011029 0.011316 0.011413 0.011316 0.011029 0.010566 0.009951 0.009213 0.008385 0.007502 0.006598 0.005704 0.004849 0.004052 0.003329 0.002689 0.002135 0.001667 0.001280 0.000966 0.000717 0.000523 0.000375 0.000265 0.000184 0.000125 0.000084 0.000056 0.000036 0.000023 0.000014 0.000009 0.000005 0.000003 0.000002 0.000001 0.000001 0.000000 0.000000 0.000000 0.000000 0.000000 0.000000 0.000000 0.000000 0.000000 0.000000 0.000000 0.000000 0.000000 0.000000 0.000000 
0.000000 0.000000 0.000000 0.000000 0.000000 0.000000 0.000000 0.000000 0.000000 0.000000 0.000000 0.000000 0.000000 0.000000 0.000000 0.000001 0.000001 0.000002 0.000003 0.000006 0.000010 0.000016 0.000026 0.000041 0.000064 0.000098 0.000149 0.000222 0.000324 0.000467 0.000662 0.000921 0.001262 0.001699 0.002250 0.002930 0.003751 0.004721 0.005843 0.007110 0.008506 0.010004 0.011567 0.013149 0.014694 0.016143 0.017434 0.018509 0.019318 0.019820 0.019990 0.019820 0.019318 0.018509 0.017434 0.016143 0.014694 0.013149 0.011567 0.010004 0.008506 0.007110 0.005843 0.004721 0.003751 0.002930 0.002250 0.001699 0.001262 0.000921 0.000662 0.000467 0.000324 0.000222 0.000149 0.000098 0.000064 0.000041 0.000026 0.000016 0.000010 0.000006 0.000003 0.000002 0.000001 0.000001 0.000000 0.000000 0.000000 0.000000 0.000000 0.000000 0.000000 0.000000 0.000000 0.000000 0.000000 0.000000 0.000000 0.000000 
0.000000 0.000000 0.000000 0.000000 0.000000 0.000000 0.000000 0.000000 0.000000 0.000000 0.000000 0.000000 0.000000 0.000000 0.000001 0.000001 0.000002 0.000003 0.000006 0.000010 0.000017 0.000028 0.000045 0.000071 0.000111 0.000171 0.000259 0.000385 0.000563 0.000811 0.001147 0.001597 0.002186 0.002942 0.003894 0.005068 0.006486 0.008161 0.010097 0.012281 0.014688 0.017270 0.019964 0.022689 0.025350 0.027845 0.030068 0.031919 0.033311 0.034175 0.034468 0.034175 0.033311 0.031919 0.030068 0.027845 0.025350 0.022689 0.019964 0.017270 0.014688 0.012281 0.010097 0.008161 0.006486 0.005068 0.003894 0.002942 0.002186 0.001597 0.001147 0.000811 0.000563 0.000385 0.000259 0.000171 0.000111 0.000071 0.000045 0.000028 0.000017 0.000010 0.000006 0.000003 0.000002 0.000001 0.000001 0.000000 0.000000 0.000000 0.000000 0.000000 0.000000 0.000000 0.000000 0.000000 0.000000 0.000000 0.000000 0.000000 
0.000000 0.000000 0.000000 0.000000 0.000000 0.000000 0.000000 0.000000 0.000000 0.000000 0.000000 0.000000 0.000000 0.000001 0.000001 0.000002 0.000003 0.000006 0.000010 0.000017 0.000029 0.000048 0.000077 0.000122 0.000191 0.000293 0.000443 0.000659 0.000963 0.001385 0.001959 0.002725 0.003728 0.005015 0.006635 0.008631 0.011041 0.013887 0.017174 0.020883 0.024968 0.029349 0.033919 0.038539 0.043052 0.047281 0.051049 0.054187 0.056546 0.058011 0.058507 0.058011 0.056546 0.054187 0.051049 0.047281 0.043052 0.038539 0.033919 0.029349 0.024968 0.020883 0.017174 0.013887 0.011041 0.008631 0.006635 0.005015 0.003728 0.002725 0.001959 0.001385 0.000963 0.000659 0.000443 0.000293 0.000191 0.000122 0.000077 0.000048 0.000029 0.000017 0.000010 0.000006 0.000003 0.000002 0.000001 0.000001 0.000000 0.000000 0.000000 0.000000 0.000000 0.000000 0.000000 0.000000 0.000000 0.000000 0.000000 0.000000 
0.000000 0.000000 0.000000 0.000000 0.000000 0.000000 0.000000 0.000000 0.000000 0.000000 0.000000 0.000000 0.000001 0.000001 0.000002 0.000003 0.000006 0.000010 0.000017 0.000029 0.000049 0.000081 0.000130 0.000206 0.000322 0.000494 0.000746 0.001109 0.001620 0.002328 0.003292 0.004576 0.006257 0.008414 0.011126 0.014467 0.018499 0.023259 0.028754 0.034954 0.041777 0.049095 0.056726 0.064440 0.071972 0.079030 0.085318 0.090553 0.094489 0.096932 0.097760 0.096932 0.094489 0.090553 0.085318 0.079030 0.071972 0.064440 0.056726 0.049095 0.041777 0.034954 0.028754 0.023259 0.018499 0.014467 0.011126 0.008414 0.006257 0.004576 0.003292 0.002328 0.001620 0.001109 0.000746 0.000494 0.000322 0.000206 0.000130 0.000081 0.000049 0.000029 0.000017 0.000010 0.000006 0.000003 0.000002 0.000001 0.000001 0.000000 0.000000 0.000000 0.000000 0.000000 0.000000 0.000000 0.000000 0.000000 0.000000 0.000000 
0.000000 0.000000 0.000000 0.000000 0.000000 0.000000 0.000000 0.000000 0.000000 0.000000 0.000000 0.000000 0.000001 0.000002 0.000003 0.000005 0.000010 0.000017 0.000029 0.000049 0.000082 0.000134 0.000216 0.000342 0.000534 0.000819 0.001237 0.001836 0.002682 0.003853 0.005443 0.007564 0.010337 0.013893 0.018363 0.023868 0.030507 0.038342 0.047386 0.057584 0.068806 0.080838 0.093380 0.106057 0.118432 0.130027 0.140356 0.148954 0.155417 0.159429 0.160789 0.159429 0.155417 0.148954 0.140356 0.130027 0.118432 0.106057 0.093380 0.080838 0.068806 0.057584 0.047386 0.038342 0.030507 0.023868 0.018363 0.013893 0.010337 0.007564 0.005443 0.003853 0.002682 0.001836 0.001237 0.000819 0.000534 0.000342 0.000216 0.000134 0.000082 0.000049 0.000029 0.000017 0.000010 0.000005 0.000003 0.000002 0.000001 0.000000 0.000000 0.000000 0.000000 0.000000 0.000000 0.000000 0.000000 0.000000 0.000000 0.000000 
0.000000 0.000000 0.000000 0.000000 0.000000 0.000000 0.000000 0.000000 0.000000 0.000000 0.000000 0.000001 0.000001 0.000003 0.000005 0.000009 0.000016 0.000028 0.000048 0.000081 0.000134 0.000219 0.000353 0.000559 0.000872 0.001337 0.002017 0.002994 0.004369 0.006273 0.008859 0.012304 0.016806 0.022578 0.029829 0.038755 0.049515 0.062211 0.076859 0.093372 0.111537 0.131008 0.151300 0.171807 0.191820 0.210570 0.227268 0.241169 0.251617 0.258102 0.260301 0.258102 0.251617 0.241169 0.227268 0.210570 0.191820 0.171807 0.151300 0.131008 0.111537 0.093372 0.076859 0.062211 0.049515 0.038755 0.029829 0.022578 0.016806 0.012304 0.008859 0.006273 0.004369 0.002994 0.002017 0.001337 0.000872 0.000559 0.000353 0.000219 0.000134 0.000081 0.000048 0.000028 0.000016 0.000009 0.000005 0.000003 0.000001 0.000001 0.000000 0.000000 0.000000 0.000000 0.000000 0.000000 0.000000 0.000000 0.000000 0.000000 
0.000000 0.000000 0.000000 0.000000 0.000000 0.000000 0.000000 0.000000 0.000000 0.000000 0.000001 0.000001 0.000002 0.000004 0.000008 0.000014 0.000026 0.000045 0.000077 0.000130 0.000216 0.000353 0.000568 0.000900 0.001402 0.002148 0.003238 0.004802 0.007005 0.010052 0.014187 0.019695 0.026890 0.036108 0.047684 0.061929 0.079095 0.099340 0.122692 0.149008 0.177950 0.208962 0.241277 0.273927 0.305785 0.335627 0.362201 0.384320 0.400944 0.411262 0.414760 0.411262 0.400944 0.384320 0.362201 0.335627 0.305785 0.273927 0.241277 0.208962 0.177950 0.149008 0.122692 0.099340 0.079095 0.061929 0.047684 0.036108 0.026890 0.019695 0.014187 0.010052 0.007005 0.004802 0.003238 0.002148 0.001402 0.000900 0.000568 0.000353 0.000216 0.000130 0.000077 0.000045 0.000026 0.000014 0.000008 0.000004 0.000002 0.000001 0.000001 0.000000 0.000000 0.000000 0.000000 0.000000 0.000000 0.000000 0.000000 0.000000 
0.000000 0.000000 0.000000 0.000000 0.000000 0.000000 0.000000 0.000000 0.000000 0.000001 0.000001 0.000002 0.000004 0.000007 0.000013 0.000023 0.000041 0.000071 0.000122 0.000206 0.000342 0.000559 0.000900 0.001424 0.002216 0.003394 0.005114 0.007580 0.011051 0.015849 0.022359 0.031023 0.042338 0.056827 0.075016 0.097388 0.124338 0.156113 0.192751 0.234027 0.279409 0.328027 0.378676 0.429838 0.479752 0.526500 0.568124 0.602767 0.628800 0.644958 0.650436 0.644958 0.628800 0.602767 0.568124 0.526500 0.479752 0.429838 0.378676 0.328027 0.279409 0.234027 0.192751 0.156113 0.124338 0.097388 0.075016 0.056827 0.042338 0.031023 0.022359 0.015849 0.011051 0.007580 0.005114 0.003394 0.002216 0.001424 0.000900 0.000559 0.000342 0.000206 0.000122 0.000071 0.000041 0.000023 0.000013 0.000007 0.000004 0.000002 0.000001 0.000001 0.000000 0.000000 0.000000 0.000000 0.000000 0.000000 0.000000 0.000000 
0.000000 0.000000 0.000000 0.000000 0.000000 0.000000 0.000000 0.000000 0.000000 0.000001 0.000002 0.000003 0.000006 0.000011 0.000020 0.000036 0.000064 0.000111 0.000191 0.000322 0.000534 0.000872 0.001402 0.002216 0.003448 0.005277 0.007947 0.011772 0.017154 0.024590 0.034672 0.048086 0.065596 0.088008 0.116131 0.150710 0.192350 0.241428 0.297999 0.361715 0.431750 0.506762 0.584889 0.663794 0.740761 0.812835 0.877003 0.930402 0.970528 0.995431 1.003874 0.995431 0.970528 0.930402 0.877003 0.812835 0.740761 0.663794 0.584889 0.506762 0.431750 0.361715 0.297999 0.241428 0.192350 0.150710 0.116131 0.088008 0.065596 0.048086 0.034672 0.024590 0.017154 0.011772 0.007947 0.005277 0.003448 0.002216 0.001402 0.000872 0.000534 0.000322 0.000191 0.000111 0.000064 0.000036 0.000020 0.000011 0.000006 0.000003 0.000002 0.000001 0.000000 0.000000 0.000000 0.000000 0.000000 0.000000 0.000000 0.000000 
0.000000 0.000000 0.000000 0.000000 0.000000 0.000000 0.000000 0.000000 0.000001 0.000001 0.000003 0.000005 0.000009 0.000017 0.000031 0.000056 0.000098 0.000171 0.000293 0.000494 0.000819 0.001337 0.002148 0.003394 0.005277 0.008073 0.012150 0.017988 0.026200 0.037538 0.052904 0.073340 0.100002 0.134116 0.176907 0.229501 0.292814 0.367411 0.453374 0.550166 0.656531 0.770428 0.889031 1.008793 1.125595 1.234955 1.332309 1.413316 1.474185 1.511960 1.524766 1.511960 1.474185 1.413316 1.332309 1.234955 1.125595 1.008793 0.889031 0.770428 0.656531 0.550166 0.453374 0.367411 0.292814 0.229501 0.176907 0.134116 0.100002 0.073340 0.052904 0.037538 0.026200 0.017988 0.012150 0.008073 0.005277 0.003394 0.002148 0.001337 0.000819 0.000494 0.000293 0.000171 0.000098 0.000056 0.000031 0.000017 0.000009 0.000005 0.000003 0.000001 0.000001 0.000000 0.000000 0.000000 0.000000 0.000000 0.000000 0.000000 
0.000000 0.000000 0.000000 0.000000 0.000000 0.000000 0.000000 0.000001 0.000001 0.000002 0.000004 0.000007 0.000014 0.000026 0.000047 0.000084 0.000149 0.000259 0.000443 0.000746 0.001237 0.002017 0.003238 0.005114 0.007947 0.012150 0.018275 0.027044 0.039370 0.056381 0.079424 0.110057 0.150007 0.201103 0.265170 0.343889 0.438618 0.550197 0.678738 0.823436 0.982405 1.152594 1.329779 1.508666 1.683103 1.846405 1.991763 2.112703 2.203571 2.259961 2.279078 2.259961 2.203571 2.112703 1.991763 1.846405 1.683103 1.508666 1.329779 1.152594 0.982405 0.823436 0.678738 0.550197 0.438618 0.343889 0.265170 0.201103 0.150007 0.110057 0.079424 0.056381 0.039370 0.027044 0.018275 0.012150 0.007947 0.005114 0.003238 0.002017 0.001237 0.000746 0.000443 0.000259 0.000149 0.000084 0.000047 0.000026 0.000014 0.000007 0.000004 0.000002 0.000001 0.000001 0.000000 0.000000 0.000000 0.000000 0.000000 0.000000 
0.000000 0.000000 0.000000 0.000000 0.000000 0.000000 0.000000 0.000001 0.000002 0.000003 0.000006 0.000011 0.000021 0.000038 0.000070 0.000125 0.000222 0.000385 0.000659 0.001109 0.001836 0.002994 0.004802 0.007580 0.011772 0.017988 0.027044 0.040000 0.058204 0.083314 0.117316 0.162497 0.221396 0.296699 0.391085 0.507017 0.646485 0.810711 0.999852 1.212712 1.446511 1.696760 1.957245 2.220188 2.476552 2.716521 2.930098 3.107784 3.241278 3.324118 3.352200 3.324118 3.241278 3.107784 2.930098 2.716521 2.476552 2.220188 1.957245 1.696760 1.446511 1.212712 0.999852 0.810711 0.646485 0.507017 0.391085 0.296699 0.221396 0.162497 0.117316 0.083314 0.058204 0.040000 0.027044 0.017988 0.011772 0.007580 0.004802 0.002994 0.001836 0.001109 0.000659 0.000385 0.000222 0.000125 0.000070 0.000038 0.000021 0.000011 0.000006 0.000003 0.000002 0.000001 0.000000 0.000000 0.000000 0.000000 0.000000 0.000000 
0.000000 0.000000 0.000000 0.000000 0.000000 0.000000 0.000001 0.000001 0.000002 0.000004 0.000008 0.000016 0.000030 0.000056 0.000103 0.000184 0.000324 0.000563 0.000963 0.001620 0.002682 0.004369 0.007005 0.011051 0.017154 0.026200 0.039370 0.058204 0.084653 0.121123 0.170484 0.236049 0.321488 0.430683 0.567503 0.735501 0.937543 1.175386 1.449239 1.757359 2.095716 2.457803 2.834635 3.214958 3.585714 3.932718 4.241525 4.498418 4.691408 4.811163 4.851758 4.811163 4.691408 4.498418 4.241525 3.932718 3.585714 3.214958 2.834635 2.457803 2.095716 1.757359 1.449239 1.175386 0.937543 0.735501 0.567503 0.430683 0.321488 0.236049 0.170484 0.121123 0.084653 0.058204 0.039370 0.026200 0.017154 0.011051 0.007005 0.004369 0.002682 0.001620 0.000963 0.000563 0.000324 0.000184 0.000103 0.000056 0.000030 0.000016 0.000008 0.000004 0.000002 0.000001 0.000001 0.000000 0.000000 0.000000 0.000000 0.000000 
0.000000 0.000000 0.000000 0.000000 0.000000 0.000000 0.000001 0.000002 0.000003 0.000006 0.000012 0.000023 0.000044 0.000081 0.000148 0.000265 0.000467 0.000811 0.001385 0.002328 0.003853 0.006273 0.010052 0.015849 0.024590 0.037538 0.056381 0.083314 0.121123 0.173233 0.243735 0.337343 0.459282 0.615072 0.810210 1.049743 1.337732 1.676659 2.066804 2.505664 2.987488 3.503006 4.039421 4.580723 5.108336 5.602090 6.041453 6.406924 6.681466 6.851820 6.909567 6.851820 6.681466 6.406924 6.041453 5.602090 5.108336 4.580723 4.039421 3.503006 2.987488 2.505664 2.066804 1.676659 1.337732 1.049743 0.810210 0.615072 0.459282 0.337343 0.243735 0.173233 0.121123 0.083314 0.056381 0.037538 0.024590 0.015849 0.010052 0.006273 0.003853 0.002328 0.001385 0.000811 0.000467 0.000265 0.000148 0.000081 0.000044 0.000023 0.000012 0.000006 0.000003 0.000002 0.000001 0.000000 0.000000 0.000000 0.000000 0.000000 
0.000000 0.000000 0.000000 0.000000 0.000000 0.000001 0.000001 0.000002 0.000005 0.000009 0.000017 0.000033 0.000062 0.000115 0.000210 0.000375 0.000662 0.001147 0.001959 0.003292 0.005443 0.008859 0.014187 0.022359 0.034672 0.052904 0.079424 0.117316 0.170484 0.243735 0.342800 0.474285 0.645504 0.864183 1.138009 1.474031 1.877917 2.353118 2.899999 3.515029 4.190133 4.912313 5.663642 6.421704 7.160499 7.851807 8.466903 8.978515 9.362818 9.601269 9.682098 9.601269 9.362818 8.978515 8.466903 7.851807 7.160499 6.421704 5.663642 4.912313 4.190133 3.515029 2.899999 2.353118 1.877917 1.474031 1.138009 0.864183 0.645504 0.474285 0.342800 0.243735 0.170484 0.117316 0.079424 0.052904 0.034672 0.022359 0.014187 0.008859 0.005443 0.003292 0.001959 0.001147 0.000662 0.000375 0.000210 0.000115 0.000062 0.000033 0.000017 0.000009 0.000005 0.000002 0.000001 0.000001 0.000000 0.000000 0.000000 0.000000 
0.000000 0.000000 0.000000 0.000000 0.000000 0.000001 0.000002 0.000003 0.000006 0.000013 0.000024 0.000046 0.000087 0.000161 0.000292 0.000523 0.000921 0.001597 0.002725 0.004576 0.007564 0.012304 0.019695 0.031023 0.048086 0.073340 0.110057 0.162497 0.236049 0.337343 0.474285 0.655979 0.892501 1.194489 1.572521 2.036287 2.593570 3.249093 4.003324 4.851363 5.782055 6.777470 7.812899 8.857459 9.875345 10.827703 11.674996 12.379691 12.909002 13.237415 13.348737 13.237415 12.909002 12.379691 11.674996 10.827703 9.875345 8.857459 7.812899 6.777470 5.782055 4.851363 4.003324 3.249093 2.593570 2.036287 1.572521 1.194489 0.892501 0.655979 0.474285 0.337343 0.236049 0.162497 0.110057 0.073340 0.048086 0.031023 0.019695 0.012304 0.007564 0.004576 0.002725 0.001597 0.000921 0.000523 0.000292 0.000161 0.000087 0.000046 0.000024 0.000013 0.000006 0.000003 0.000002 0.000001 0.000000 0.000000 0.000000 0.000000 
0.000000 0.000000 0.000000 0.000000 0.000001 0.000001 0.000002 0.000004 0.000009 0.000017 0.000034 0.000064 0.000120 0.000221 0.000401 0.000717 0.001262 0.002186 0.003728 0.006257 0.010337 0.016806 0.026890 0.042338 0.065596 0.100002 0.150007 0.221396 0.321488 0.459282 0.645504 0.892501 1.213931 1.624204 2.137644 2.767360 3.523868 4.413526 5.436927 6.587384 7.849736 9.199649 10.603615 12.019773 13.399607 14.690480 15.838848 16.793883 17.511192 17.956236 18.107089 17.956236 17.511192 16.793883 15.838848 14.690480 13.399607 12.019773 10.603615 9.199649 7.849736 6.587384 5.436927 4.413526 3.523868 2.767360 2.137644 1.624204 1.213931 0.892501 0.645504 0.459282 0.321488 0.221396 0.150007 0.100002 0.065596 0.042338 0.026890 0.016806 0.010337 0.006257 0.003728 0.002186 0.001262 0.000717 0.000401 0.000221 0.000120 0.000064 0.000034 0.000017 0.000009 0.000004 0.000002 0.000001 0.000001 0.000000 0.000000 0.000000 
0.000000 0.000000 0.000000 0.000000 0.000001 0.000001 0.000003 0.000006 0.000012 0.000023 0.000045 0.000086 0.000161 0.000298 0.000540 0.000966 0.001699 0.002942 0.005015 0.008414 0.013893 0.022578 0.036108 0.056827 0.088008 0.134116 0.201103 0.296699 0.430683 0.615072 0.864183 1.194489 1.624204 2.172538 2.858571 3.699755 4.710069 5.897944 7.264110 8.799596 10.484133 12.285229 14.158177 16.047150 17.887466 19.608971 21.140308 22.413758 23.370177 23.963553 24.164683 23.963553 23.370177 22.413758 21.140308 19.608971 17.887466 16.047150 14.158177 12.285229 10.484133 8.799596 7.264110 5.897944 4.710069 3.699755 2.858571 2.172538 1.624204 1.194489 0.864183 0.615072 0.430683 0.296699 0.201103 0.134116 0.088008 0.056827 0.036108 0.022578 0.013893 0.008414 0.005015 0.002942 0.001699 0.000966 0.000540 0.000298 0.000161 0.000086 0.000045 0.000023 0.000012 0.000006 0.000003 0.000001 0.000001 0.000000 0.000000 0.000000 
0.000000 0.000000 0.000000 0.000000 0.000001 0.000002 0.000004 0.000008 0.000016 0.000031 0.000060 0.000114 0.000214 0.000395 0.000716 0.001280 0.002250 0.003894 0.006635 0.011126 0.018363 0.029829 0.047684 0.075016 0.116131 0.176907 0.265170 0.391085 0.567503 0.810210 1.138009 1.572521 2.137644 2.858571 3.760313 4.865725 6.193097 7.753426 9.547601 11.563783 13.775311 16.139512 18.597698 21.076618 23.491433 25.750143 27.759193 29.429804 30.684454 31.462834 31.726667 31.462834 30.684454 29.429804 27.759193 25.750143 23.491433 21.076618 18.597698 16.139512 13.775311 11.563783 9.547601 7.753426 6.193097 4.865725 3.760313 2.858571 2.137644 1.572521 1.138009 0.810210 0.567503 0.391085 0.265170 0.176907 0.116131 0.075016 0.047684 0.029829 0.018363 0.011126 0.006635 0.003894 0.002250 0.001280 0.000716 0.000395 0.000214 0.000114 0.000060 0.000031 0.000016 0.000008 0.000004 0.000002 0.000001 0.000000 0.000000 0.000000 
0.000000 0.000000 0.000000 0.000001 0.000001 0.000003 0.000005 0.000010 0.000021 0.000041 0.000079 0.000149 0.000279 0.000515 0.000934 0.001667 0.002930 0.005068 0.008631 0.014467 0.023868 0.038755 0.061929 0.097388 0.150710 0.229501 0.343889 0.507017 0.735501 1.049743 1.474031 2.036287 2.767360 3.699755 4.865725 6.294725 8.010299 10.026565 12.344586 14.948993 17.805299 20.858360 24.032389 27.232830 30.350200 33.265803 35.858955 38.015151 39.634412 40.638967 40.979458 40.638967 39.634412 38.015151 35.858955 33.265803 30.350200 27.232830 24.032389 20.858360 17.805299 14.948993 12.344586 10.026565 8.010299 6.294725 4.865725 3.699755 2.767360 2.036287 1.474031 1.049743 0.735501 0.507017 0.343889 0.229501 0.150710 0.097388 0.061929 0.038755 0.023868 0.014467 0.008631 0.005068 0.002930 0.001667 0.000934 0.000515 0.000279 0.000149 0.000079 0.000041 0.000021 0.000010 0.000005 0.000003 0.000001 0.000001 0.000000 0.000000 
0.000000 0.000000 0.000000 0.000001 0.000002 0.000003 0.000007 0.000013 0.000027 0.000052 0.000101 0.000192 0.000358 0.000660 0.001196 0.002135 0.003751 0.006486 0.011041 0.018499 0.030507 0.049515 0.079095 0.124338 0.192350 0.292814 0.438618 0.646485 0.937543 1.337732 1.877917 2.593570 3.523868 4.710069 6.193097 8.010299 10.191496 12.754526 15.700636 19.010210 22.639362 26.517995 30.549829 34.614784 38.573865 42.276406 45.569248 48.307090 50.363073 51.638528 52.070835 51.638528 50.363073 48.307090 45.569248 42.276406 38.573865 34.614784 30.549829 26.517995 22.639362 19.010210 15.700636 12.754526 10.191496 8.010299 6.193097 4.710069 3.523868 2.593570 1.877917 1.337732 0.937543 0.646485 0.438618 0.292814 0.192350 0.124338 0.079095 0.049515 0.030507 0.018499 0.011041 0.006486 0.003751 0.002135 0.001196 0.000660 0.000358 0.000192 0.000101 0.000052 0.000027 0.000013 0.000007 0.000003 0.000002 0.000001 0.000001 0.000001 
0.000000 0.000000 0.000000 0.000001 0.000002 0.000004 0.000008 0.000017 0.000034 0.000066 0.000127 0.000242 0.000452 0.000832 0.001507 0.002689 0.004721 0.008161 0.013887 0.023259 0.038342 0.062211 0.099340 0.156113 0.241428 0.367411 0.550197 0.810711 1.175386 1.676659 2.353118 3.249093 4.413526 5.897944 7.753426 10.026565 12.754526 15.959485 19.642884 23.780098 28.316198 33.163530 38.201771 43.280902 48.227317 52.852876 56.966347 60.386335 62.954482 64.547625 65.087602 64.547625 62.954482 60.386335 56.966347 52.852876 48.227317 43.280902 38.201771 33.163530 28.316198 23.780098 19.642884 15.959485 12.754526 10.026565 7.753426 5.897944 4.413526 3.249093 2.353118 1.676659 1.175386 0.810711 0.550197 0.367411 0.241428 0.156113 0.099340 0.062211 0.038342 0.023259 0.013887 0.008161 0.004721 0.002689 0.001507 0.000832 0.000452 0.000242 0.000127 0.000066 0.000034 0.000017 0.000008 0.000004 0.000002 0.000001 0.000001 0.000001 
0.000000 0.000000 0.000001 0.000001 0.000002 0.000005 0.000010 0.000021 0.000042 0.000082 0.000158 0.000300 0.000560 0.001031 0.001867 0.003329 0.005843 0.010097 0.017174 0.028754 0.047386 0.076859 0.122692 0.192751 0.297999 0.453374 0.678738 0.999852 1.449239 2.066804 2.899999 4.003324 5.436927 7.264110 9.547601 12.344586 15.700636 19.642884 24.172968 29.260490 34.837824 40.797156 46.990557 53.233656 59.313142 64.997884 70.052990 74.255673 77.411456 79.369092 80.032603 79.369092 77.411456 74.255673 70.052990 64.997884 59.313142 53.233656 46.990557 40.797156 34.837824 29.260490 24.172968 19.642884 15.700636 12.344586 9.547601 7.264110 5.436927 4.003324 2.899999 2.066804 1.449239 0.999852 0.678738 0.453374 0.297999 0.192751 0.122692 0.076859 0.047386 0.028754 0.017174 0.010097 0.005843 0.003329 0.001867 0.001031 0.000560 0.000300 0.000158 0.000082 0.000042 0.000021 0.000010 0.000005 0.000003 0.000001 0.000001 0.000001 
0.000000 0.000000 0.000001 0.000001 0.000003 0.000006 0.000013 0.000026 0.000051 0.000100 0.000193 0.000366 0.000683 0.001256 0.002273 0.004052 0.007110 0.012281 0.020883 0.034954 0.057584 0.093372 0.149008 0.234027 0.361715 0.550166 0.823436 1.212712 1.757359 2.505664 3.515029 4.851363 6.587384 8.799596 11.563783 14.948993 19.010210 23.780098 29.260490 35.414487 42.160197 49.367175 56.856521 64.405333 71.755772 78.628513 84.739716 89.820197 93.634996 96.001392 96.803438 96.001392 93.634996 89.820197 84.739716 78.628513 71.755772 64.405333 56.856521 49.367175 42.160197 35.414487 29.260490 23.780098 19.010210 14.948993 11.563783 8.799596 6.587384 4.851363 3.515029 2.505664 1.757359 1.212712 0.823436 0.550166 0.361715 0.234027 0.149008 0.093372 0.057584 0.034954 0.020883 0.012281 0.007110 0.004052 0.002273 0.001256 0.000683 0.000366 0.000193 0.000100 0.000051 0.000026 0.000013 0.000006 0.000003 0.000002 0.000001 0.000001 
0.000001 0.000001 0.000001 0.000002 0.000004 0.000007 0.000015 0.000031 0.000061 0.000120 0.000231 0.000438 0.000818 0.001504 0.002721 0.004849 0.008506 0.014688 0.024968 0.041777 0.068806 0.111537 0.177950 0.279409 0.431750 0.656531 0.982405 1.446511 2.095716 2.987488 4.190133 5.782055 7.849736 10.484133 13.775311 17.805299 22.639362 28.316198 34.837824 42.160197 50.185781 58.759330 67.668024 76.646765 85.388972 93.562561 100.830124 106.871700 111.408029 114.221951 115.175668 114.221951 111.408029 106.871700 100.830124 93.562561 85.388972 76.646765 67.668024 58.759330 50.185781 42.160197 34.837824 28.316198 22.639362 17.805299 13.775311 10.484133 7.849736 5.782055 4.190133 2.987488 2.095716 1.446511 0.982405 0.656531 0.431750 0.279409 0.177950 0.111537 0.068806 0.041777 0.024968 0.014688 0.008506 0.004849 0.002721 0.001504 0.000818 0.000438 0.000231 0.000120 0.000061 0.000031 0.000015 0.000008 0.000004 0.000002 0.000001 0.000001 
0.000001 0.000001 0.000001 0.000002 0.000004 0.000009 0.000018 0.000036 0.000072 0.000141 0.000272 0.000516 0.000963 0.001770 0.003202 0.005704 0.010004 0.017270 0.029349 0.049095 0.080838 0.131008 0.208962 0.328027 0.506762 0.770428 1.152594 1.696760 2.457803 3.503006 4.912313 6.777470 9.199649 12.285229 16.139512 20.858360 26.517995 33.163530 40.797156 49.367175 58.759330 68.791890 79.215814 89.720972 99.948765 109.510816 118.012564 125.079881 130.386253 133.677781 134.793362 133.677781 130.386253 125.079881 118.012564 109.510816 99.948765 89.720972 79.215814 68.791890 58.759330 49.367175 40.797156 33.163530 26.517995 20.858360 16.139512 12.285229 9.199649 6.777470 4.912313 3.503006 2.457803 1.696760 1.152594 0.770428 0.506762 0.328027 0.208962 0.131008 0.080838 0.049095 0.029349 0.017270 0.010004 0.005704 0.003202 0.001770 0.000963 0.000516 0.000272 0.000141 0.000072 0.000036 0.000018 0.000009 0.000004 0.000002 0.000001 0.000001 
0.000001 0.000001 0.000001 0.000002 0.000005 0.000010 0.000021 0.000042 0.000084 0.000164 0.000315 0.000598 0.001115 0.002048 0.003705 0.006598 0.011567 0.019964 0.033919 0.056726 0.093380 0.151300 0.241277 0.378676 0.584889 0.889031 1.329779 1.957245 2.834635 4.039421 5.663642 7.812899 10.603615 14.158177 18.597698 24.032389 30.549829 38.201771 46.990557 56.856521 67.668024 79.215814 91.213242 103.303416 115.073737 126.077398 135.860521 143.992766 150.098577 153.885937 155.169557 153.885937 150.098577 143.992766 135.860521 126.077398 115.073737 103.303416 91.213242 79.215814 67.668024 56.856521 46.990557 38.201771 30.549829 24.032389 18.597698 14.158177 10.603615 7.812899 5.663642 4.039421 2.834635 1.957245 1.329779 0.889031 0.584889 0.378676 0.241277 0.151300 0.093380 0.056726 0.033919 0.019964 0.011567 0.006598 0.003705 0.002048 0.001115 0.000598 0.000315 0.000164 0.000084 0.000042 0.000021 0.000010 0.000005 0.000003 0.000002 0.000002 
