0.000000 0.000000 0.000000 0.000000 0.000000 0.000000 0.000000 0.000000 0.000000 0.000000 0.000000 0.000000 0.000001 0.000001 0.000002 0.000002 0.000003 0.000004 0.000006 0.000009 0.000012 0.000016 0.000022 0.000029 0.000039 0.000051 0.000065 0.000083 0.000106 0.000132 0.000164 0.000201 0.000244 0.000293 0.000348 0.000410 0.000477 0.000549 0.000626 0.000706 0.000789 0.000871 0.000953 0.001031 0.001103 0.001169 0.001225 0.001271 0.001305 0.001326 0.001333 0.001326 0.001305 0.001271 0.001225 0.001169 0.001103 0.001031 0.000953 0.000871 0.000789 0.000706 0.000626 0.000549 0.000477 0.000410 0.000348 0.000293 0.000244 0.000201 0.000164 0.000132 0.000106 0.000083 0.000065 0.000051 0.000039 0.000029 0.000022 0.000016 0.000012 0.000009 0.000006 0.000004 0.000003 0.000002 0.000002 0.000001 0.000001 0.000000 0.000000 0.000000 0.000000 0.000000 0.000000 0.000000 0.000000 0.000000 0.000000 0.000000 
0.000000 0.000000 0.000000 0.000000 0.000000 0.000000 0.000000 0.000000 0.000000 0.000000 0.000000 0.000000 0.000001 0.000001 0.000002 0.000002 0.000003 0.000004 0.000006 0.000009 0.000012 0.000016 0.000022 0.000029 0.000039 0.000051 0.000065 0.000083 0.000106 0.000132 0.000164 0.000201 0.000244 0.000293 0.000348 0.000410 0.000477 0.000549 0.000626 0.000706 0.000789 0.000871 0.000953 0.001031 0.001103 0.001169 0.001225 0.001271 0.001305 0.001326 0.001333 0.001326 0.001305 0.001271 0.001225 0.001169 0.001103 0.001031 0.000953 0.000871 0.000789 0.000706 0.000626 0.000549 0.000477 0.000410 0.000348 0.000293 0.000244 0.000201 0.000164 0.000132 0.000106 0.000083 0.000065 0.000051 0.000039 0.000029 0.000022 0.000016 0.000012 0.000009 0.000006 0.000004 0.000003 0.000002 0.000002 0.000001 0.000001 0.000000 0.000000 0.000000 0.000000 0.000000 0.000000 0.000000 0.000000 0.000000 0.000000 0.000000 
0.000000 0.000000 0.000000 0.000000 0.000000 0.000000 0.000000 0.000000 0.000000 0.000000 0.000000 0.000001 0.000001 0.000001 0.000002 0.000003 0.000004 0.000006 0.000008 0.000011 0.000015 0.000020 0.000027 0.000037 0.000048 0.000063 0.000081 0.000104 0.000131 0.000164 0.000204 0.000250 0.000303 0.000364 0.000433 0.000509 0.000592 0.000682 0.000778 0.000877 0.000980 0.001082 0.001183 0.001280 0.001370 0.001451 0.001521 0.001578 0.001620 0.001646 0.001654 0.001646 0.001620 0.001578 0.001521 0.001451 0.001370 0.001280 0.001183 0.001082 0.000980 0.000877 0.000778 0.000682 0.000592 0.000509 0.000433 0.000364 0.000303 0.000250 0.000204 0.000164 0.000131 0.000104 0.000081 0.000063 0.000048 0.000037 0.000027 0.000020 0.000015 0.000011 0.000008 0.000006 0.000004 0.000003 0.000002 0.000001 0.000001 0.000001 0.000000 0.000000 0.000000 0.000000 0.000000 0.000000 0.000000 0.000000 0.000000 0.000000 
0.000000 0.000000 0.000000 0.000000 0.000000 0.000000 0.000000 0.000000 0.000000 0.000000 0.000001 0.000001 0.000001 0.000002 0.000003 0.000004 0.000006 0.000008 0.000011 0.000016 0.000022 0.000029 0.000039 0.000052 0.000069 0.000090 0.000116 0.000149 0.000188 0.000235 0.000292 0.000357 0.000434 0.000521 0.000619 0.000728 0.000847 0.000975 0.001112 0.001254 0.001399 0.001546 0.001690 0.001828 0.001956 0.002072 0.002172 0.002253 0.002313 0.002350 0.002362 0.002350 0.002313 0.002253 0.002172 0.002072 0.001956 0.001828 0.001690 0.001546 0.001399 0.001254 0.001112 0.000975 0.000847 0.000728 0.000619 0.000521 0.000434 0.000357 0.000292 0.000235 0.000188 0.000149 0.000116 0.000090 0.000069 0.000052 0.000039 0.000029 0.000022 0.000016 0.000011 0.000008 0.000006 0.000004 0.000003 0.000002 0.000001 0.000001 0.000001 0.000000 0.000000 0.000000 0.000000 0.000000 0.000000 0.000000 0.000000 0.000000 
0.000000 0.000000 0.000000 0.000000 0.000000 0.000000 0.000000 0.000000 0.000000 0.000001 0.000001 0.000001 0.000002 0.000003 0.000004 0.000006 0.000009 0.000012 0.000017 0.000024 0.000033 0.000045 0.000060 0.000080 0.000106 0.000138 0.000178 0.000227 0.000287 0.000359 0.000445 0.000545 0.000661 0.000794 0.000943 0.001109 0.001290 0.001485 0.001693 0.001909 0.002130 0.002353 0.002572 0.002781 0.002977 0.003153 0.003305 0.003429 0.003520 0.003575 0.003594 0.003575 0.003520 0.003429 0.003305 0.003153 0.002977 0.002781 0.002572 0.002353 0.002130 0.001909 0.001693 0.001485 0.001290 0.001109 0.000943 0.000794 0.000661 0.000545 0.000445 0.000359 0.000287 0.000227 0.000178 0.000138 0.000106 0.000080 0.000060 0.000045 0.000033 0.000024 0.000017 0.000012 0.000009 0.000006 0.000004 0.000003 0.000002 0.000001 0.000001 0.000001 0.000000 0.000000 0.000000 0.000000 0.000000 0.000000 0.000000 0.000000 
0.000000 0.000000 0.000000 0.000000 0.000000 0.000000 0.000000 0.000000 0.000001 0.000001 0.000001 0.000002 0.000003 0.000005 0.000007 0.000010 0.000014 0.000019 0.000027 0.000037 0.000051 0.000070 0.000094 0.000125 0.000165 0.000215 0.000277 0.000354 0.000447 0.000559 0.000692 0.000848 0.001029 0.001235 0.001467 0.001724 0.002006 0.002309 0.002631 0.002967 0.003311 0.003656 0.003996 0.004322 0.004625 0.004899 0.005135 0.005326 0.005467 0.005554 0.005583 0.005554 0.005467 0.005326 0.005135 0.004899 0.004625 0.004322 0.003996 0.003656 0.003311 0.002967 0.002631 0.002309 0.002006 0.001724 0.001467 0.001235 0.001029 0.000848 0.000692 0.000559 0.000447 0.000354 0.000277 0.000215 0.000165 0.000125 0.000094 0.000070 0.000051 0.000037 0.000027 0.000019 0.000014 0.000010 0.000007 0.000005 0.000003 0.000002 0.000001 0.000001 0.000001 0.000000 0.000000 0.000000 0.000000 0.000000 0.000000 0.000000 
0.000000 0.000000 0.000000 0.000000 0.000000 0.000000 0.000000 0.000001 0.000001 0.000001 0.000002 0.000003 0.000005 0.000007 0.000010 0.000015 0.000021 0.000030 0.000042 0.000059 0.000080 0.000109 0.000147 0.000195 0.000257 0.000335 0.000432 0.000552 0.000697 0.000872 0.001080 0.001323 0.001604 0.001925 0.002286 0.002687 0.003125 0.003598 0.004099 0.004621 0.005156 0.005693 0.006221 0.006728 0.007200 0.007626 0.007993 0.008290 0.008510 0.008644 0.008689 0.008644 0.008510 0.008290 0.007993 0.007626 0.007200 0.006728 0.006221 0.005693 0.005156 0.004621 0.004099 0.003598 0.003125 0.002687 0.002286 0.001925 0.001604 0.001323 0.001080 0.000872 0.000697 0.000552 0.000432 0.000335 0.000257 0.000195 0.000147 0.000109 0.000080 0.000059 0.000042 0.000030 0.000021 0.000015 0.000010 0.000007 0.000005 0.000003 0.000002 0.000001 0.000001 0.000001 0.000000 0.000000 0.000000 0.000000 0.000000 0.000000 
0.000000 0.000000 0.000000 0.000000 0.000000 0.000000 0.000001 0.000001 0.000001 0.000002 0.000003 0.000005 0.000007 0.000011 0.000016 0.000023 0.000033 0.000047 0.000066 0.000091 0.000125 0.000169 0.000228 0.000303 0.000399 0.000520 0.000671 0.000856 0.001082 0.001353 0.001674 0.002051 0.002487 0.002983 0.003543 0.004163 0.004842 0.005573 0.006349 0.007157 0.007985 0.008817 0.009634 0.010418 0.011148 0.011807 0.012374 0.012834 0.013173 0.013381 0.013451 0.013381 0.013173 0.012834 0.012374 0.011807 0.011148 0.010418 0.009634 0.008817 0.007985 0.007157 0.006349 0.005573 0.004842 0.004163 0.003543 0.002983 0.002487 0.002051 0.001674 0.001353 0.001082 0.000856 0.000671 0.000520 0.000399 0.000303 0.000228 0.000169 0.000125 0.000091 0.000066 0.000047 0.000033 0.000023 0.000016 0.000011 0.000007 0.000005 0.000003 0.000002 0.000001 0.000001 0.000001 0.000000 0.000000 0.000000 0.000000 0.000000 
0.000000 0.000000 0.000000 0.000000 0.000000 0.000001 0.000001 0.000001 0.000002 0.000003 0.000005 0.000008 0.000012 0.000017 0.000025 0.000036 0.000051 0.000072 0.000101 0.000140 0.000192 0.000261 0.000351 0.000467 0.000614 0.000801 0.001032 0.001318 0.001665 0.002081 0.002575 0.003154 0.003823 0.004587 0.005446 0.006399 0.007441 0.008564 0.009754 0.010995 0.012266 0.013542 0.014796 0.015998 0.017119 0.018129 0.019000 0.019706 0.020226 0.020545 0.020652 0.020545 0.020226 0.019706 0.019000 0.018129 0.017119 0.015998 0.014796 0.013542 0.012266 0.010995 0.009754 0.008564 0.007441 0.006399 0.005446 0.004587 0.003823 0.003154 0.002575 0.002081 0.001665 0.001318 0.001032 0.000801 0.000614 0.000467 0.000351 0.000261 0.000192 0.000140 0.000101 0.000072 0.000051 0.000036 0.000025 0.000017 0.000012 0.000008 0.000005 0.000003 0.000002 0.000001 0.000001 0.000001 0.000000 0.000000 0.000000 0.000000 
0.000000 0.000000 0.000000 0.000000 0.000001 0.000001 0.000001 0.000002 0.000003 0.000005 0.000008 0.000012 0.000018 0.000026 0.000038 0.000055 0.000078 0.000111 0.000155 0.000214 0.000294 0.000399 0.000536 0.000712 0.000938 0.001221 0.001574 0.002009 0.002538 0.003172 0.003925 0.004806 0.005824 0.006986 0.008293 0.009743 0.011329 0.013037 0.014847 0.016734 0.018667 0.020607 0.022513 0.024341 0.026046 0.027581 0.028904 0.029977 0.030768 0.031252 0.031415 0.031252 0.030768 0.029977 0.028904 0.027581 0.026046 0.024341 0.022513 0.020607 0.018667 0.016734 0.014847 0.013037 0.011329 0.009743 0.008293 0.006986 0.005824 0.004806 0.003925 0.003172 0.002538 0.002009 0.001574 0.001221 0.000938 0.000712 0.000536 0.000399 0.000294 0.000214 0.000155 0.000111 0.000078 0.000055 0.000038 0.000026 0.000018 0.000012 0.000008 0.000005 0.000003 0.000002 0.000001 0.000001 0.000001 0.000000 0.000000 0.000000 
0.000000 0.000000 0.000000 0.000001 0.000001 0.000001 0.000002 0.000003 0.000005 0.000008 0.000012 0.000018 0.000027 0.000039 0.000058 0.000083 0.000118 0.000167 0.000234 0.000324 0.000444 0.000603 0.000810 0.001077 0.001416 0.001845 0.002378 0.003034 0.003831 0.004788 0.005923 0.007251 0.008787 0.010538 0.012507 0.014692 0.017082 0.019654 0.022381 0.025224 0.028134 0.031055 0.033926 0.036679 0.039245 0.041556 0.043548 0.045163 0.046353 0.047082 0.047328 0.047082 0.046353 0.045163 0.043548 0.041556 0.039245 0.036679 0.033926 0.031055 0.028134 0.025224 0.022381 0.019654 0.017082 0.014692 0.012507 0.010538 0.008787 0.007251 0.005923 0.004788 0.003831 0.003034 0.002378 0.001845 0.001416 0.001077 0.000810 0.000603 0.000444 0.000324 0.000234 0.000167 0.000118 0.000083 0.000058 0.000039 0.000027 0.000018 0.000012 0.000008 0.000005 0.000003 0.000002 0.000001 0.000001 0.000001 0.000001 0.000001 
0.000000 0.000000 0.000001 0.000001 0.000001 0.000002 0.000003 0.000005 0.000008 0.000012 0.000018 0.000027 0.000040 0.000059 0.000086 0.000124 0.000178 0.000251 0.000351 0.000486 0.000666 0.000903 0.001212 0.001611 0.002119 0.002759 0.003556 0.004536 0.005727 0.007156 0.008850 0.010834 0.013126 0.015739 0.018678 0.021939 0.025503 0.029341 0.033409 0.037648 0.041987 0.046344 0.050624 0.054728 0.058554 0.061999 0.064969 0.067376 0.069151 0.070238 0.070604 0.070238 0.069151 0.067376 0.064969 0.061999 0.058554 0.054728 0.050624 0.046344 0.041987 0.037648 0.033409 0.029341 0.025503 0.021939 0.018678 0.015739 0.013126 0.010834 0.008850 0.007156 0.005727 0.004536 0.003556 0.002759 0.002119 0.001611 0.001212 0.000903 0.000666 0.000486 0.000351 0.000251 0.000178 0.000124 0.000086 0.000059 0.000040 0.000027 0.000018 0.000012 0.000008 0.000005 0.000003 0.000002 0.000001 0.000001 0.000001 0.000001 
0.000001 0.000001 0.000001 0.000001 0.000002 0.000003 0.000005 0.000007 0.000012 0.000018 0.000027 0.000040 0.000060 0.000088 0.000128 0.000185 0.000263 0.000372 0.000520 0.000720 0.000987 0.001338 0.001796 0.002387 0.003139 0.004086 0.005265 0.006714 0.008475 0.010589 0.013094 0.016026 0.019413 0.023275 0.027619 0.032436 0.037701 0.043370 0.049377 0.055637 0.062045 0.068477 0.074796 0.080855 0.086502 0.091588 0.095971 0.099525 0.102144 0.103748 0.104289 0.103748 0.102144 0.099525 0.095971 0.091588 0.086502 0.080855 0.074796 0.068477 0.062045 0.055637 0.049377 0.043370 0.037701 0.032436 0.027619 0.023275 0.019413 0.016026 0.013094 0.010589 0.008475 0.006714 0.005265 0.004086 0.003139 0.002387 0.001796 0.001338 0.000987 0.000720 0.000520 0.000372 0.000263 0.000185 0.000128 0.000088 0.000060 0.000040 0.000027 0.000018 0.000012 0.000008 0.000005 0.000003 0.000002 0.000001 0.000001 0.000001 
0.000001 0.000001 0.000001 0.000002 0.000003 0.000005 0.000007 0.000011 0.000017 0.000026 0.000039 0.000059 0.000088 0.000129 0.000188 0.000271 0.000387 0.000547 0.000764 0.001057 0.001448 0.001963 0.002635 0.003500 0.004603 0.005990 0.007717 0.009840 0.012419 0.015514 0.019181 0.023472 0.028429 0.034079 0.040433 0.047480 0.055180 0.063471 0.072256 0.081409 0.090777 0.100180 0.109418 0.118274 0.126528 0.133962 0.140368 0.145561 0.149389 0.151733 0.152523 0.151733 0.149389 0.145561 0.140368 0.133962 0.126528 0.118274 0.109418 0.100180 0.090777 0.081409 0.072256 0.063471 0.055180 0.047480 0.040433 0.034079 0.028429 0.023472 0.019181 0.015514 0.012419 0.009840 0.007717 0.005990 0.004603 0.003500 0.002635 0.001963 0.001448 0.001057 0.000764 0.000547 0.000387 0.000271 0.000188 0.000129 0.000088 0.000059 0.000039 0.000026 0.000017 0.000011 0.000007 0.000005 0.000003 0.000002 0.000002 0.000002 
0.000002 0.000002 0.000002 0.000003 0.000004 0.000007 0.000010 0.000016 0.000025 0.000038 0.000058 0.000086 0.000128 0.000188 0.000274 0.000395 0.000563 0.000795 0.001111 0.001537 0.002104 0.002852 0.003827 0.005083 0.006682 0.008695 0.011200 0.014278 0.018017 0.022502 0.027817 0.034035 0.041217 0.049403 0.058606 0.068811 0.079963 0.091967 0.104686 0.117937 0.131498 0.145109 0.158478 0.171296 0.183241 0.193998 0.203268 0.210783 0.216321 0.219714 0.220856 0.219714 0.216321 0.210783 0.203268 0.193998 0.183241 0.171296 0.158478 0.145109 0.131498 0.117937 0.104686 0.091967 0.079963 0.068811 0.058606 0.049403 0.041217 0.034035 0.027817 0.022502 0.018017 0.014278 0.011200 0.008695 0.006682 0.005083 0.003827 0.002852 0.002104 0.001537 0.001111 0.000795 0.000563 0.000395 0.000274 0.000188 0.000128 0.000086 0.000058 0.000038 0.000025 0.000016 0.000010 0.000007 0.000004 0.000003 0.000003 0.000003 
0.000002 0.000002 0.000003 0.000004 0.000006 0.000010 0.000015 0.000023 0.000036 0.000055 0.000083 0.000124 0.000185 0.000271 0.000395 0.000569 0.000811 0.001144 0.001599 0.002211 0.003027 0.004102 0.005503 0.007307 0.009604 0.012495 0.016091 0.020510 0.025877 0.032314 0.039940 0.048861 0.059163 0.070904 0.084103 0.098735 0.114724 0.131934 0.150165 0.169159 0.188595 0.208100 0.227258 0.245625 0.262741 0.278153 0.291434 0.302201 0.310135 0.314995 0.316632 0.314995 0.310135 0.302201 0.291434 0.278153 0.262741 0.245625 0.227258 0.208100 0.188595 0.169159 0.150165 0.131934 0.114724 0.098735 0.084103 0.070904 0.059163 0.048861 0.039940 0.032314 0.025877 0.020510 0.016091 0.012495 0.009604 0.007307 0.005503 0.004102 0.003027 0.002211 0.001599 0.001144 0.000811 0.000569 0.000395 0.000271 0.000185 0.000124 0.000083 0.000055 0.000036 0.000023 0.000015 0.000010 0.000006 0.000005 0.000004 0.000004 
0.000003 0.000003 0.000004 0.000006 0.000009 0.000014 0.000021 0.000033 0.000051 0.000078 0.000118 0.000178 0.000263 0.000387 0.000563 0.000811 0.001156 0.001631 0.002278 0.003149 0.004311 0.005841 0.007833 0.010400 0.013666 0.017777 0.022888 0.029169 0.036795 0.045941 0.056775 0.069446 0.084077 0.100748 0.119488 0.140262 0.162958 0.187384 0.213259 0.240213 0.267792 0.295468 0.322650 0.348706 0.372987 0.394850 0.413690 0.428963 0.440217 0.447110 0.449432 0.447110 0.440217 0.428963 0.413690 0.394850 0.372987 0.348706 0.322650 0.295468 0.267792 0.240213 0.213259 0.187384 0.162958 0.140262 0.119488 0.100748 0.084077 0.069446 0.056775 0.045941 0.036795 0.029169 0.022888 0.017777 0.013666 0.010400 0.007833 0.005841 0.004311 0.003149 0.002278 0.001631 0.001156 0.000811 0.000563 0.000387 0.000263 0.000178 0.000118 0.000078 0.000051 0.000033 0.000021 0.000014 0.000009 0.000006 0.000005 0.000005 
0.000004 0.000004 0.000006 0.000008 0.000012 0.000019 0.000030 0.000047 0.000072 0.000111 0.000167 0.000251 0.000372 0.000547 0.000795 0.001144 0.001631 0.002300 0.003212 0.004441 0.006077 0.008232 0.011039 0.014652 0.019251 0.025037 0.032231 0.041069 0.051797 0.064662 0.079899 0.097718 0.118289 0.141726 0.168070 0.197267 0.229165 0.263489 0.299846 0.337716 0.376461 0.415339 0.453522 0.490121 0.524224 0.554931 0.581390 0.602839 0.618643 0.628324 0.631585 0.628324 0.618643 0.602839 0.581390 0.554931 0.524224 0.490121 0.453522 0.415339 0.376461 0.337716 0.299846 0.263489 0.229165 0.197267 0.168070 0.141726 0.118289 0.097718 0.079899 0.064662 0.051797 0.041069 0.032231 0.025037 0.019251 0.014652 0.011039 0.008232 0.006077 0.004441 0.003212 0.002300 0.001631 0.001144 0.000795 0.000547 0.000372 0.000251 0.000167 0.000111 0.000072 0.000047 0.000030 0.000020 0.000013 0.000009 0.000007 0.000007 
0.000006 0.000006 0.000008 0.000011 0.000017 0.000027 0.000042 0.000066 0.000101 0.000155 0.000234 0.000351 0.000520 0.000764 0.001111 0.001599 0.002278 0.003212 0.004485 0.006199 0.008481 0.011487 0.015400 0.020437 0.026847 0.034909 0.044931 0.057243 0.072185 0.090101 0.111317 0.136124 0.164760 0.197381 0.234042 0.274671 0.319052 0.366806 0.417382 0.470059 0.523951 0.578022 0.631123 0.682019 0.729443 0.772141 0.808931 0.838754 0.860729 0.874189 0.878723 0.874189 0.860729 0.838754 0.808931 0.772141 0.729443 0.682019 0.631123 0.578022 0.523951 0.470059 0.417382 0.366806 0.319052 0.274671 0.234042 0.197381 0.164760 0.136124 0.111317 0.090101 0.072185 0.057243 0.044931 0.034909 0.026847 0.020437 0.015400 0.011487 0.008481 0.006199 0.004485 0.003212 0.002278 0.001599 0.001111 0.000764 0.000520 0.000351 0.000234 0.000155 0.000101 0.000066 0.000043 0.000028 0.000018 0.000013 0.000010 0.000010 
0.000009 0.000009 0.000011 0.000016 0.000024 0.000037 0.000059 0.000091 0.000140 0.000214 0.000324 0.000486 0.000720 0.001057 0.001537 0.002211 0.003149 0.004441 0.006199 0.008566 0.011718 0.015867 0.021268 0.028219 0.037063 0.048185 0.062009 0.078987 0.099591 0.124291 0.153535 0.187727 0.227190 0.272140 0.322650 0.378623 0.439758 0.505532 0.575189 0.647733 0.721943 0.796397 0.869509 0.939583 1.004872 1.063653 1.114298 1.155353 1.185603 1.204131 1.210372 1.204131 1.185603 1.155353 1.114298 1.063653 1.004872 0.939583 0.869509 0.796397 0.721943 0.647733 0.575189 0.505532 0.439758 0.378623 0.322650 0.272140 0.227190 0.187727 0.153535 0.124291 0.099591 0.078987 0.062009 0.048185 0.037063 0.028219 0.021268 0.015867 0.011718 0.008566 0.006199 0.004441 0.003149 0.002211 0.001537 0.001057 0.000720 0.000486 0.000324 0.000214 0.000140 0.000091 0.000059 0.000038 0.000025 0.000018 0.000014 0.000014 
0.000012 0.000012 0.000015 0.000022 0.000033 0.000051 0.000080 0.000125 0.000192 0.000294 0.000444 0.000666 0.000987 0.001448 0.002104 0.003027 0.004311 0.006077 0.008481 0.011718 0.016025 0.021696 0.029076 0.038572 0.050653 0.065842 0.084717 0.107897 0.136022 0.169734 0.209643 0.256297 0.310137 0.371456 0.440354 0.516693 0.600065 0.689756 0.784733 0.883639 0.984810 1.086306 1.185968 1.281482 1.370471 1.450586 1.519611 1.575564 1.616788 1.642040 1.650544 1.642040 1.616788 1.575564 1.519611 1.450586 1.370471 1.281482 1.185968 1.086306 0.984810 0.883639 0.784733 0.689756 0.600065 0.516693 0.440354 0.371456 0.310137 0.256297 0.209643 0.169734 0.136022 0.107897 0.084717 0.065842 0.050653 0.038572 0.029076 0.021696 0.016025 0.011718 0.008481 0.006077 0.004311 0.003027 0.002104 0.001448 0.000987 0.000666 0.000445 0.000294 0.000193 0.000125 0.000081 0.000052 0.000035 0.000024 0.000020 0.000020 
0.000016 0.000016 0.000020 0.000029 0.000045 0.000070 0.000109 0.000169 0.000261 0.000399 0.000603 0.000903 0.001338 0.001963 0.002852 0.004102 0.005841 0.008232 0.011487 0.015867 0.021696 0.029367 0.039350 0.052193 0.068528 0.089063 0.114578 0.145906 0.183913 0.229463 0.283381 0.346402 0.419122 0.501933 0.594970 0.698047 0.810607 0.931689 1.059896 1.193396 1.329944 1.466924 1.601419 1.730311 1.850392 1.958494 2.051630 2.127124 2.182746 2.216816 2.228291 2.216816 2.182746 2.127124 2.051630 1.958494 1.850392 1.730311 1.601419 1.466924 1.329944 1.193396 1.059896 0.931689 0.810607 0.698047 0.594970 0.501933 0.419122 0.346402 0.283381 0.229463 0.183913 0.145906 0.114578 0.089063 0.068528 0.052193 0.039350 0.029367 0.021696 0.015867 0.011487 0.008232 0.005841 0.004102 0.002852 0.001963 0.001338 0.000903 0.000603 0.000399 0.000262 0.000170 0.000110 0.000071 0.000047 0.000033 0.000027 0.000027 
0.000022 0.000022 0.000027 0.000039 0.000060 0.000094 0.000147 0.000228 0.000351 0.000536 0.000810 0.001212 0.001796 0.002635 0.003827 0.005503 0.007833 0.011039 0.015400 0.021268 0.029076 0.039350 0.052717 0.069911 0.091776 0.119260 0.153403 0.195320 0.246165 0.307093 0.379204 0.463481 0.560716 0.671433 0.795809 0.933591 1.084039 1.245861 1.417193 1.595586 1.778039 1.961057 2.140746 2.312941 2.473358 2.617767 2.742179 2.843024 2.917322 2.962830 2.978157 2.962830 2.917322 2.843024 2.742179 2.617767 2.473358 2.312941 2.140746 1.961057 1.778039 1.595586 1.417193 1.245861 1.084039 0.933591 0.795809 0.671433 0.560716 0.463481 0.379204 0.307093 0.246165 0.195320 0.153403 0.119260 0.091776 0.069911 0.052717 0.039350 0.029076 0.021268 0.015400 0.011039 0.007833 0.005503 0.003827 0.002635 0.001796 0.001212 0.000810 0.000536 0.000351 0.000228 0.000148 0.000096 0.000063 0.000045 0.000036 0.000036 
0.000029 0.000029 0.000037 0.000052 0.000080 0.000125 0.000195 0.000303 0.000467 0.000712 0.001077 0.001611 0.002387 0.003500 0.005083 0.007307 0.010400 0.014652 0.020437 0.028219 0.038572 0.052193 0.069911 0.092699 0.121672 0.158085 0.203315 0.258834 0.326170 0.406848 0.502323 0.613893 0.742604 0.889145 1.053747 1.236076 1.435147 1.649251 1.875920 2.111914 2.353263 2.595346 2.833013 3.060757 3.272915 3.463896 3.628425 3.761784 3.860036 3.920216 3.940484 3.920216 3.860036 3.761784 3.628425 3.463896 3.272915 3.060757 2.833013 2.595346 2.353263 2.111914 1.875920 1.649251 1.435147 1.236076 1.053747 0.889145 0.742604 0.613893 0.502323 0.406848 0.326170 0.258834 0.203315 0.158085 0.121672 0.092699 0.069911 0.052193 0.038572 0.028219 0.020437 0.014652 0.010400 0.007307 0.005083 0.003500 0.002387 0.001611 0.001077 0.000713 0.000467 0.000304 0.000197 0.000127 0.000084 0.000060 0.000048 0.000048 
0.000039 0.000039 0.000048 0.000069 0.000106 0.000165 0.000257 0.000399 0.000614 0.000938 0.001416 0.002119 0.003139 0.004603 0.006682 0.009604 0.013666 0.019251 0.026847 0.037063 0.050653 0.068528 0.091776 0.121672 0.159677 0.207434 0.266746 0.339541 0.427819 0.533576 0.658714 0.804931 0.973594 1.165603 1.381255 1.620111 1.880876 2.161313 2.458184 2.767248 3.083306 3.400306 3.711509 4.009705 4.287481 4.537523 4.752927 4.927518 5.056145 5.134929 5.161463 5.134929 5.056145 4.927518 4.752927 4.537523 4.287481 4.009705 3.711509 3.400306 3.083306 2.767248 2.458184 2.161313 1.880876 1.620111 1.381255 1.165603 0.973594 0.804931 0.658714 0.533576 0.427819 0.339541 0.266746 0.207434 0.159677 0.121672 0.091776 0.068528 0.050653 0.037063 0.026847 0.019251 0.013666 0.009604 0.006682 0.004603 0.003139 0.002119 0.001417 0.000938 0.000615 0.000400 0.000259 0.000168 0.000111 0.000078 0.000064 0.000064 
0.000051 0.000051 0.000063 0.000090 0.000138 0.000215 0.000335 0.000520 0.000801 0.001221 0.001845 0.002759 0.004086 0.005990 0.008695 0.012495 0.017777 0.025037 0.034909 0.048185 0.065842 0.089063 0.119260 0.158085 0.207434 0.269436 0.346431 0.440917 0.555484 0.692719 0.855085 1.044781 1.263573 1.512627 1.792323 2.102086 2.440236 2.803866 3.188780 3.589476 3.999216 4.410154 4.813557 5.200083 5.560127 5.884212 6.163395 6.389676 6.556381 6.658487 6.692876 6.658487 6.556381 6.389676 6.163395 5.884212 5.560127 5.200083 4.813557 4.410154 3.999216 3.589476 3.188780 2.803866 2.440236 2.102086 1.792323 1.512627 1.263573 1.044781 0.855085 0.692719 0.555484 0.440917 0.346431 0.269436 0.207434 0.158085 0.119260 0.089063 0.065842 0.048185 0.034909 0.025037 0.017777 0.012495 0.008695 0.005991 0.004086 0.002759 0.001845 0.001222 0.000802 0.000522 0.000338 0.000219 0.000145 0.000102 0.000083 0.000083 
0.000065 0.000065 0.000081 0.000116 0.000178 0.000277 0.000432 0.000671 0.001032 0.001574 0.002378 0.003556 0.005265 0.007717 0.011200 0.016091 0.022888 0.032231 0.044931 0.062009 0.084717 0.114578 0.153403 0.203315 0.266746 0.346431 0.445371 0.566772 0.713958 0.890245 1.098792 1.342415 1.623380 1.943176 2.302285 2.699965 3.134055 3.600820 4.094871 4.609148 5.135002 5.662366 6.180036 6.676027 7.138020 7.553858 7.912072 8.202403 8.416292 8.547297 8.591418 8.547297 8.416292 8.202403 7.912072 7.553858 7.138020 6.676027 6.180036 5.662366 5.135002 4.609148 4.094871 3.600820 3.134055 2.699965 2.302285 1.943176 1.623380 1.342415 1.098792 0.890245 0.713958 0.566772 0.445371 0.346431 0.266746 0.203315 0.153403 0.114578 0.084717 0.062009 0.044931 0.032231 0.022888 0.016091 0.011200 0.007717 0.005265 0.003556 0.002378 0.001575 0.001034 0.000673 0.000436 0.000283 0.000187 0.000132 0.000107 0.000107 
0.000083 0.000083 0.000104 0.000149 0.000227 0.000354 0.000552 0.000856 0.001318 0.002009 0.003034 0.004536 0.006714 0.009840 0.014278 0.020510 0.029169 0.041069 0.057243 0.078987 0.107897 0.145906 0.195320 0.258834 0.339541 0.440917 0.566772 0.721181 0.908362 1.132529 1.397690 1.707419 2.064587 2.471081 2.927507 3.432917 3.984558 4.577681 5.205436 5.858852 6.526939 7.196912 7.854539 8.484601 9.071454 9.599663 10.054664 10.423434 10.695104 10.861499 10.917537 10.861499 10.695104 10.423434 10.054664 9.599663 9.071454 8.484601 7.854539 7.196912 6.526939 5.858852 5.205436 4.577681 3.984558 3.432917 2.927507 2.471081 2.064587 1.707419 1.397690 1.132529 0.908362 0.721181 0.566772 0.440917 0.339541 0.258834 0.195320 0.145906 0.107897 0.078987 0.057243 0.041069 0.029169 0.020511 0.014278 0.009840 0.006714 0.004536 0.003034 0.002010 0.001319 0.000859 0.000556 0.000361 0.000239 0.000169 0.000137 0.000137 
0.000106 0.000106 0.000131 0.000188 0.000287 0.000447 0.000697 0.001082 0.001665 0.002538 0.003831 0.005727 0.008475 0.012419 0.018017 0.025877 0.036795 0.051797 0.072185 0.099591 0.136022 0.183913 0.246165 0.326170 0.427819 0.555484 0.713958 0.908362 1.144003 1.426175 1.759915 2.149712 2.599171 3.110656 3.684925 4.320776 5.014738 5.760836 6.550448 7.372290 8.212540 9.055122 9.882140 10.674463 11.412426 12.076624 12.648754 13.112444 13.454038 13.663257 13.733718 13.663257 13.454038 13.112444 12.648754 12.076624 11.412426 10.674463 9.882140 9.055122 8.212540 7.372290 6.550448 5.760836 5.014738 4.320776 3.684925 3.110656 2.599171 2.149712 1.759915 1.426175 1.144003 0.908362 0.713958 0.555484 0.427819 0.326170 0.246165 0.183913 0.136022 0.099591 0.072185 0.051797 0.036795 0.025877 0.018017 0.012419 0.008476 0.005727 0.003832 0.002539 0.001667 0.001085 0.000703 0.000456 0.000303 0.000214 0.000173 0.000173 
0.000132 0.000132 0.000164 0.000235 0.000359 0.000559 0.000872 0.001353 0.002081 0.003172 0.004788 0.007156 0.010589 0.015514 0.022502 0.032314 0.045941 0.064662 0.090101 0.124291 0.169734 0.229463 0.307093 0.406848 0.533576 0.692719 0.890245 1.132529 1.426175 1.777770 2.193580 2.679188 3.239075 3.876175 4.591422 5.383309 6.247509 7.176575 8.159768 9.183035 10.229169 11.278158 12.307729 13.294071 14.212711 15.039504 15.751673 16.328851 16.754042 17.014461 17.102165 17.014461 16.754042 16.328851 15.751673 15.039504 14.212711 13.294071 12.307729 11.278158 10.229169 9.183035 8.159768 7.176575 6.247509 5.383309 4.591422 3.876175 3.239075 2.679188 2.193580 1.777770 1.426175 1.132529 0.890245 0.692719 0.533576 0.406848 0.307093 0.229463 0.169734 0.124291 0.090101 0.064662 0.045941 0.032314 0.022502 0.015514 0.010589 0.007156 0.004789 0.003174 0.002084 0.001357 0.000879 0.000571 0.000379 0.000268 0.000217 0.000217 
0.000164 0.000164 0.000204 0.000292 0.000445 0.000692 0.001080 0.001674 0.002575 0.003925 0.005923 0.008850 0.013094 0.019181 0.027817 0.039940 0.056775 0.079899 0.111317 0.153535 0.209643 0.283381 0.379204 0.502323 0.658714 0.855085 1.098792 1.397690 1.759915 2.193580 2.706405 3.305258 3.995655 4.781202 5.663039 6.639299 7.704637 8.849869 10.061752 11.322964 12.612299 13.905096 15.173911 16.389409 17.521442 18.540266 19.417824 20.129028 20.652947 20.973831 21.081898 20.973831 20.652947 20.129028 19.417824 18.540266 17.521442 16.389409 15.173911 13.905096 12.612299 11.322964 10.061752 8.849869 7.704637 6.639299 5.663039 4.781202 3.995655 3.305258 2.706405 2.193580 1.759915 1.397690 1.098792 0.855085 0.658714 0.502323 0.379204 0.283381 0.209643 0.153535 0.111317 0.079899 0.056775 0.039940 0.027817 0.019181 0.013094 0.008851 0.005924 0.003926 0.002578 0.001679 0.001088 0.000707 0.000469 0.000331 0.000269 0.000269 
0.000201 0.000201 0.000250 0.000357 0.000545 0.000848 0.001323 0.002051 0.003154 0.004806 0.007251 0.010834 0.016026 0.023472 0.034035 0.048861 0.069446 0.097718 0.136124 0.187727 0.256297 0.346402 0.463481 0.613893 0.804931 1.044781 1.342415 1.707419 2.149712 2.679188 3.305258 4.036294 4.879013 5.837803 6.914042 8.105441 9.405467 10.802905 12.281593 13.820392 15.393432 16.970630 18.518513 20.001303 21.382232 22.625030 23.695485 24.563006 25.202069 25.593472 25.725287 25.593472 25.202069 24.563006 23.695485 22.625030 21.382232 20.001303 18.518513 16.970630 15.393432 13.820392 12.281593 10.802905 9.405467 8.105441 6.914042 5.837803 4.879013 4.036294 3.305258 2.679188 2.149712 1.707419 1.342415 1.044781 0.804931 0.613893 0.463481 0.346402 0.256297 0.187727 0.136124 0.097718 0.069446 0.048861 0.034035 0.023472 0.016027 0.010834 0.007252 0.004808 0.003158 0.002057 0.001333 0.000866 0.000575 0.000406 0.000329 0.000329 
0.000244 0.000244 0.000303 0.000434 0.000661 0.001029 0.001604 0.002487 0.003823 0.005824 0.008787 0.013126 0.019413 0.028429 0.041217 0.059163 0.084077 0.118289 0.164760 0.227190 0.310137 0.419122 0.560716 0.742604 0.973594 1.263573 1.623380 2.064587 2.599171 3.239075 3.995655 4.879013 5.897248 7.055647 8.355858 9.795104 11.365483 13.053437 14.839439 16.697959 18.597751 20.502489 22.371758 24.162361 25.829913 27.330627 28.623207 29.670725 30.442376 30.914980 31.074141 30.914980 30.442376 29.670725 28.623207 27.330627 25.829913 24.162361 22.371758 20.502489 18.597751 16.697959 14.839439 13.053437 11.365483 9.795104 8.355858 7.055647 5.897248 4.879013 3.995655 3.239075 2.599171 2.064587 1.623380 1.263573 0.973594 0.742604 0.560716 0.419122 0.310137 0.227190 0.164760 0.118289 0.084077 0.059163 0.041217 0.028429 0.019414 0.013126 0.008788 0.005827 0.003828 0.002494 0.001617 0.001050 0.000697 0.000493 0.000400 0.000400 
0.000293 0.000293 0.000364 0.000521 0.000794 0.001235 0.001925 0.002983 0.004587 0.006986 0.010538 0.015739 0.023275 0.034079 0.049403 0.070904 0.100748 0.141726 0.197381 0.272140 0.371456 0.501933 0.671433 0.889145 1.165603 1.512627 1.943176 2.471081 3.110656 3.876175 4.781202 5.837803 7.055647 8.441038 9.995931 11.716990 13.594753 15.612999 17.748376 19.970357 22.241586 24.518645 26.753224 28.893701 30.887030 32.680888 34.225926 35.478020 36.400361 36.965252 37.155493 36.965252 36.400361 35.478020 34.225926 32.680888 30.887030 28.893701 26.753224 24.518645 22.241586 19.970357 17.748376 15.612999 13.594753 11.716990 9.995931 8.441038 7.055647 5.837803 4.781202 3.876175 3.110656 2.471081 1.943176 1.512627 1.165603 0.889145 0.671433 0.501933 0.371456 0.272140 0.197381 0.141727 0.100748 0.070904 0.049403 0.034080 0.023276 0.015740 0.010539 0.006989 0.004592 0.002992 0.001940 0.001261 0.000837 0.000592 0.000480 0.000480 
0.000348 0.000348 0.000433 0.000619 0.000943 0.001467 0.002286 0.003543 0.005446 0.008293 0.012507 0.018678 0.027619 0.040433 0.058606 0.084103 0.119488 0.168070 0.234042 0.322650 0.440354 0.594970 0.795809 1.053747 1.381255 1.792323 2.302285 2.927507 3.684925 4.591422 5.663039 6.914042 8.355858 9.995931 11.836557 13.873768 16.096351 18.485099 21.012362 23.642011 26.329840 29.024473 31.668753 34.201604 36.560277 38.682873 40.511018 41.992521 43.083841 43.752220 43.977312 43.752220 43.083841 41.992521 40.511018 38.682873 36.560277 34.201604 31.668753 29.024473 26.329840 23.642011 21.012362 18.485099 16.096351 13.873768 11.836557 9.995931 8.355858 6.914042 5.663039 4.591422 3.684925 2.927507 2.302285 1.792323 1.381255 1.053747 0.795809 0.594970 0.440354 0.322650 0.234042 0.168070 0.119488 0.084103 0.058607 0.040434 0.027619 0.018679 0.012509 0.008297 0.005452 0.003553 0.002304 0.001498 0.000994 0.000703 0.000571 0.000571 
0.000410 0.000410 0.000509 0.000728 0.001109 0.001724 0.002687 0.004163 0.006399 0.009743 0.014692 0.021939 0.032436 0.047480 0.068811 0.098735 0.140262 0.197267 0.274671 0.378623 0.516693 0.698047 0.933591 1.236076 1.620111 2.102086 2.699965 3.432917 4.320776 5.383309 6.639299 8.105441 9.795104 11.716990 13.873768 16.260770 18.864845 21.663474 24.624259 27.704871 30.853525 34.010044 37.107487 40.074327 42.837079 45.323261 47.464521 49.199743 50.477948 51.260778 51.524414 51.260778 50.477948 49.199743 47.464521 45.323261 42.837079 40.074327 37.107487 34.010044 30.853525 27.704871 24.624259 21.663474 18.864845 16.260770 13.873768 11.716990 9.795104 8.105441 6.639299 5.383309 4.320776 3.432917 2.699965 2.102086 1.620111 1.236076 0.933591 0.698047 0.516693 0.378623 0.274671 0.197267 0.140262 0.098735 0.068811 0.047480 0.032436 0.021940 0.014695 0.009747 0.006406 0.004176 0.002708 0.001760 0.001169 0.000827 0.000671 0.000671 
0.000477 0.000477 0.000592 0.000847 0.001290 0.002006 0.003125 0.004842 0.007441 0.011329 0.017082 0.025503 0.037701 0.055180 0.079963 0.114724 0.162958 0.229165 0.319052 0.439758 0.600065 0.810607 1.084039 1.435147 1.880876 2.440236 3.134055 3.984558 5.014738 6.247509 7.704637 9.405467 11.365483 13.594753 16.096351 18.864845 21.884963 25.130577 28.564108 32.136464 35.787601 39.447743 43.039283 46.479301 49.682612 52.565196 55.047824 57.059657 58.541606 59.449213 59.754870 59.449213 58.541606 57.059657 55.047824 52.565196 49.682612 46.479301 43.039283 39.447743 35.787601 32.136464 28.564108 25.130577 21.884963 18.864845 16.096351 13.594753 11.365483 9.405467 7.704637 6.247509 5.014738 3.984558 3.134055 2.440236 1.880876 1.435147 1.084039 0.810607 0.600065 0.439758 0.319052 0.229165 0.162959 0.114725 0.079963 0.055181 0.037702 0.025505 0.017084 0.011334 0.007450 0.004857 0.003150 0.002048 0.001360 0.000963 0.000781 0.000781 
0.000549 0.000549 0.000682 0.000975 0.001485 0.002309 0.003598 0.005573 0.008564 0.013037 0.019654 0.029341 0.043370 0.063471 0.091967 0.131934 0.187384 0.263489 0.366806 0.505532 0.689756 0.931689 1.245861 1.649251 2.161313 2.803866 3.600820 4.577681 5.760836 7.176575 8.849869 10.802905 13.053437 15.612999 18.485099 21.663474 25.130577 28.856400 32.797795 36.898407 41.089315 45.290439 49.412714 53.360985 57.037501 60.345854 63.195133 65.504062 67.204842 68.246464 68.597251 68.246464 67.204842 65.504062 63.195133 60.345854 57.037501 53.360985 49.412714 45.290439 41.089315 36.898407 32.797795 28.856400 25.130577 21.663474 18.485099 15.612999 13.053437 10.802905 8.849869 7.176575 5.760836 4.577681 3.600820 2.803866 2.161313 1.649251 1.245861 0.931689 0.689756 0.505532 0.366806 0.263489 0.187385 0.131934 0.091968 0.063471 0.043371 0.029343 0.019658 0.013042 0.008574 0.005591 0.003626 0.002358 0.001566 0.001109 0.000900 0.000900 
0.000626 0.000626 0.000778 0.001112 0.001693 0.002631 0.004099 0.006349 0.009754 0.014847 0.022381 0.033409 0.049377 0.072256 0.104686 0.150165 0.213259 0.299846 0.417382 0.575189 0.784733 1.059896 1.417193 1.875920 2.458184 3.188780 4.094871 5.205436 6.550448 8.159768 10.061752 12.281593 14.839439 17.748376 21.012362 24.624259 28.564108 32.797795 37.276283 41.935534 46.697243 51.470431 56.153920 60.639619 64.816494 68.575041 71.812001 74.435061 76.367217 77.550536 77.949042 77.550536 76.367217 74.435061 71.812001 68.575041 64.816494 60.639619 56.153920 51.470431 46.697243 41.935534 37.276283 32.797795 28.564108 24.624259 21.012362 17.748376 14.839439 12.281593 10.061752 8.159768 6.550448 5.205436 4.094871 3.188780 2.458184 1.875920 1.417193 1.059896 0.784733 0.575189 0.417382 0.299846 0.213259 0.150165 0.104686 0.072256 0.049378 0.033411 0.022385 0.014854 0.009765 0.006368 0.004132 0.002687 0.001785 0.001264 0.001025 0.001025 
0.000706 0.000706 0.000877 0.001254 0.001909 0.002967 0.004621 0.007157 0.010995 0.016734 0.025224 0.037648 0.055637 0.081409 0.117937 0.169159 0.240213 0.337716 0.470059 0.647733 0.883639 1.193396 1.595586 2.111914 2.767248 3.589476 4.609148 5.858852 7.372290 9.183035 11.322964 13.820392 16.697959 19.970357 23.642011 27.704871 32.136464 36.898407 41.935534 47.175818 52.531191 57.899342 63.166497 68.211113 72.908345 77.135070 80.775193 83.724925 85.897693 87.228365 87.676494 87.228365 85.897693 83.724925 80.775193 77.135070 72.908345 68.211113 63.166497 57.899342 52.531191 47.175818 41.935534 36.898407 32.136464 27.704871 23.642011 19.970357 16.697959 13.820392 11.322964 9.183035 7.372290 5.858852 4.609148 3.589476 2.767248 2.111914 1.595586 1.193396 0.883639 0.647733 0.470059 0.337716 0.240213 0.169159 0.117938 0.081410 0.055639 0.037650 0.025228 0.016742 0.011008 0.007179 0.004658 0.003030 0.002013 0.001425 0.001157 0.001157 
0.000789 0.000789 0.000980 0.001399 0.002130 0.003311 0.005156 0.007985 0.012266 0.018667 0.028134 0.041987 0.062045 0.090777 0.131498 0.188595 0.267792 0.376461 0.523951 0.721943 0.984810 1.329944 1.778039 2.353263 3.083306 3.999216 5.135002 6.526939 8.212540 10.229169 12.612299 15.393432 18.597751 22.241586 26.329840 30.853525 35.787601 41.089315 46.697243 52.531191 58.493119 64.469138 70.332605 75.948237 81.177082 85.882107 89.934103 93.217562 95.636137 97.117342 97.616164 97.117342 95.636137 93.217562 89.934103 85.882107 81.177082 75.948237 70.332605 64.469138 58.493119 52.531191 46.697243 41.089315 35.787601 30.853525 26.329840 22.241586 18.597751 15.393432 12.612299 10.229169 8.212540 6.526939 5.135002 3.999216 3.083306 2.353263 1.778039 1.329944 0.984810 0.721943 0.523951 0.376461 0.267792 0.188595 0.131499 0.090778 0.062047 0.041990 0.028139 0.018675 0.012280 0.008010 0.005198 0.003381 0.002247 0.001591 0.001291 0.001291 
0.000871 0.000871 0.001082 0.001546 0.002353 0.003656 0.005693 0.008817 0.013542 0.020607 0.031055 0.046344 0.068477 0.100180 0.145109 0.208100 0.295468 0.415339 0.578022 0.796397 1.086306 1.466924 1.961057 2.595346 3.400306 4.410154 5.662366 7.196912 9.055122 11.278158 13.905096 16.970630 20.502489 24.518645 29.024473 34.010044 39.447743 45.290439 51.470431 57.899342 64.469138 71.054326 77.515372 83.703224 89.464794 94.649111 99.113832 102.731706 105.396592 107.028638 107.578258 107.028638 105.396592 102.731706 99.113832 94.649111 89.464794 83.703224 77.515372 71.054326 64.469138 57.899342 51.470431 45.290439 39.447743 34.010044 29.024473 24.518645 20.502489 16.970630 13.905096 11.278158 9.055122 7.196912 5.662366 4.410154 3.400306 2.595346 1.961057 1.466924 1.086306 0.796397 0.578023 0.415339 0.295468 0.208100 0.145109 0.100181 0.068479 0.046347 0.031061 0.020616 0.013558 0.008844 0.005739 0.003734 0.002481 0.001757 0.001426 0.001426 
0.000953 0.000953 0.001183 0.001690 0.002572 0.003996 0.006221 0.009634 0.014796 0.022513 0.033926 0.050624 0.074796 0.109418 0.158478 0.227258 0.322650 0.453522 0.631123 0.869509 1.185968 1.601419 2.140746 2.833013 3.711509 4.813557 6.180036 7.854539 9.882140 12.307729 15.173911 18.518513 22.371758 26.753224 31.668753 37.107487 43.039283 49.412714 56.153920 63.166497 70.332605 77.515372 84.562615 91.311780 97.595913 103.250376 108.119941 112.065841 114.972331 116.752336 117.351783 116.752336 114.972331 112.065841 108.119941 103.250376 97.595913 91.311780 84.562615 77.515372 70.332605 63.166497 56.153920 49.412714 43.039283 37.107487 31.668753 26.753224 22.371758 18.518513 15.173911 12.307729 9.882140 7.854539 6.180036 4.813557 3.711509 2.833013 2.140746 1.601419 1.185968 0.869509 0.631123 0.453522 0.322650 0.227259 0.158479 0.109419 0.074798 0.050627 0.033932 0.022523 0.014813 0.009664 0.006272 0.004080 0.002712 0.001921 0.001559 0.001559 
