0.000000 0.000000 0.000000 0.000000 0.000000 0.000000 0.000000 0.000000 0.000000 0.000000 0.000000 0.000000 0.000000 0.000000 0.000000 0.000000 0.000000 0.000000 0.000000 0.000000 0.000000 0.000000 0.000000 0.000000 0.000000 0.000000 0.000000 0.000000 0.000000 0.000000 0.000000 0.000000 0.000000 0.000000 0.000000 0.000000 0.000000 0.000000 0.000000 0.000000 0.000000 0.000000 0.000001 0.000001 0.000001 0.000001 0.000001 0.000001 0.000001 0.000001 0.000001 0.000001 0.000001 0.000001 0.000001 0.000001 0.000001 0.000001 0.000001 0.000000 0.000000 0.000000 0.000000 0.000000 0.000000 0.000000 0.000000 0.000000 0.000000 0.000000 0.000000 0.000000 0.000000 0.000000 0.000000 0.000000 0.000000 0.000000 0.000000 0.000000 0.000000 0.000000 0.000000 0.000000 0.000000 0.000000 0.000000 0.000000 0.000000 0.000000 0.000000 0.000000 0.000000 0.000000 0.000000 0.000000 0.000000 0.000000 0.000000 0.000000 
0.000000 0.000000 0.000000 0.000000 0.000000 0.000000 0.000000 0.000000 0.000000 0.000000 0.000000 0.000000 0.000000 0.000000 0.000000 0.000000 0.000000 0.000000 0.000000 0.000000 0.000000 0.000000 0.000000 0.000000 0.000000 0.000000 0.000000 0.000000 0.000000 0.000000 0.000000 0.000000 0.000000 0.000000 0.000000 0.000000 0.000000 0.000000 0.000000 0.000000 0.000000 0.000000 0.000001 0.000001 0.000001 0.000001 0.000001 0.000001 0.000001 0.000001 0.000001 0.000001 0.000001 0.000001 0.000001 0.000001 0.000001 0.000001 0.000001 0.000000 0.000000 0.000000 0.000000 0.000000 0.000000 0.000000 0.000000 0.000000 0.000000 0.000000 0.000000 0.000000 0.000000 0.000000 0.000000 0.000000 0.000000 0.000000 0.000000 0.000000 0.000000 0.000000 0.000000 0.000000 0.000000 0.000000 0.000000 0.000000 0.000000 0.000000 0.000000 0.000000 0.000000 0.000000 0.000000 0.000000 0.000000 0.000000 0.000000 0.000000 
0.000000 0.000000 0.000000 0.000000 0.000000 0.000000 0.000000 0.000000 0.000000 0.000000 0.000000 0.000000 0.000000 0.000000 0.000000 0.000000 0.000000 0.000000 0.000000 0.000000 0.000000 0.000000 0.000000 0.000000 0.000000 0.000000 0.000000 0.000000 0.000000 0.000000 0.000000 0.000000 0.000000 0.000000 0.000000 0.000000 0.000000 0.000000 0.000000 0.000001 0.000001 0.000001 0.000001 0.000001 0.000001 0.000001 0.000001 0.000001 0.000002 0.000002 0.000002 0.000002 0.000002 0.000001 0.000001 0.000001 0.000001 0.000001 0.000001 0.000001 0.000001 0.000001 0.000000 0.000000 0.000000 0.000000 0.000000 0.000000 0.000000 0.000000 0.000000 0.000000 0.000000 0.000000 0.000000 0.000000 0.000000 0.000000 0.000000 0.000000 0.000000 0.000000 0.000000 0.000000 0.000000 0.000000 0.000000 0.000000 0.000000 0.000000 0.000000 0.000000 0.000000 0.000000 0.000000 0.000000 0.000000 0.000000 0.000000 0.000000 
0.000000 0.000000 0.000000 0.000000 0.000000 0.000000 0.000000 0.000000 0.000000 0.000000 0.000000 0.000000 0.000000 0.000000 0.000000 0.000000 0.000000 0.000000 0.000000 0.000000 0.000000 0.000000 0.000000 0.000000 0.000000 0.000000 0.000000 0.000000 0.000000 0.000000 0.000000 0.000000 0.000000 0.000000 0.000000 0.000000 0.000001 0.000001 0.000001 0.000001 0.000001 0.000002 0.000002 0.000002 0.000002 0.000003 0.000003 0.000003 0.000003 0.000003 0.000003 0.000003 0.000003 0.000003 0.000003 0.000003 0.000002 0.000002 0.000002 0.000002 0.000001 0.000001 0.000001 0.000001 0.000001 0.000000 0.000000 0.000000 0.000000 0.000000 0.000000 0.000000 0.000000 0.000000 0.000000 0.000000 0.000000 0.000000 0.000000 0.000000 0.000000 0.000000 0.000000 0.000000 0.000000 0.000000 0.000000 0.000000 0.000000 0.000000 0.000000 0.000000 0.000000 0.000000 0.000000 0.000000 0.000000 0.000000 0.000000 0.000000 
0.000000 0.000000 0.000000 0.000000 0.000000 0.000000 0.000000 0.000000 0.000000 0.000000 0.000000 0.000000 0.000000 0.000000 0.000000 0.000000 0.000000 0.000000 0.000000 0.000000 0.000000 0.000000 0.000000 0.000000 0.000000 0.000000 0.000000 0.000000 0.000000 0.000000 0.000000 0.000000 0.000000 0.000001 0.000001 0.000001 0.000001 0.000001 0.000002 0.000002 0.000003 0.000003 0.000004 0.000004 0.000005 0.000005 0.000006 0.000006 0.000006 0.000007 0.000007 0.000007 0.000006 0.000006 0.000006 0.000005 0.000005 0.000004 0.000004 0.000003 0.000003 0.000002 0.000002 0.000001 0.000001 0.000001 0.000001 0.000001 0.000000 0.000000 0.000000 0.000000 0.000000 0.000000 0.000000 0.000000 0.000000 0.000000 0.000000 0.000000 0.000000 0.000000 0.000000 0.000000 0.000000 0.000000 0.000000 0.000000 0.000000 0.000000 0.000000 0.000000 0.000000 0.000000 0.000000 0.000000 0.000000 0.000000 0.000000 0.000000 
0.000000 0.000000 0.000000 0.000000 0.000000 0.000000 0.000000 0.000000 0.000000 0.000000 0.000000 0.000000 0.000000 0.000000 0.000000 0.000000 0.000000 0.000000 0.000000 0.000000 0.000000 0.000000 0.000000 0.000000 0.000000 0.000000 0.000000 0.000000 0.000000 0.000000 0.000000 0.000001 0.000001 0.000001 0.000001 0.000002 0.000002 0.000003 0.000004 0.000005 0.000006 0.000007 0.000008 0.000009 0.000010 0.000011 0.000012 0.000013 0.000013 0.000014 0.000014 0.000014 0.000013 0.000013 0.000012 0.000011 0.000010 0.000009 0.000008 0.000007 0.000006 0.000005 0.000004 0.000003 0.000002 0.000002 0.000001 0.000001 0.000001 0.000001 0.000000 0.000000 0.000000 0.000000 0.000000 0.000000 0.000000 0.000000 0.000000 0.000000 0.000000 0.000000 0.000000 0.000000 0.000000 0.000000 0.000000 0.000000 0.000000 0.000000 0.000000 0.000000 0.000000 0.000000 0.000000 0.000000 0.000000 0.000000 0.000000 0.000000 
0.000000 0.000000 0.000000 0.000000 0.000000 0.000000 0.000000 0.000000 0.000000 0.000000 0.000000 0.000000 0.000000 0.000000 0.000000 0.000000 0.000000 0.000000 0.000000 0.000000 0.000000 0.000000 0.000000 0.000000 0.000000 0.000000 0.000000 0.000000 0.000000 0.000001 0.000001 0.000001 0.000002 0.000002 0.000003 0.000004 0.000005 0.000006 0.000008 0.000010 0.000012 0.000014 0.000016 0.000019 0.000021 0.000023 0.000025 0.000027 0.000028 0.000029 0.000029 0.000029 0.000028 0.000027 0.000025 0.000023 0.000021 0.000019 0.000016 0.000014 0.000012 0.000010 0.000008 0.000006 0.000005 0.000004 0.000003 0.000002 0.000002 0.000001 0.000001 0.000001 0.000000 0.000000 0.000000 0.000000 0.000000 0.000000 0.000000 0.000000 0.000000 0.000000 0.000000 0.000000 0.000000 0.000000 0.000000 0.000000 0.000000 0.000000 0.000000 0.000000 0.000000 0.000000 0.000000 0.000000 0.000000 0.000000 0.000000 0.000000 
0.000000 0.000000 0.000000 0.000000 0.000000 0.000000 0.000000 0.000000 0.000000 0.000000 0.000000 0.000000 0.000000 0.000000 0.000000 0.000000 0.000000 0.000000 0.000000 0.000000 0.000000 0.000000 0.000000 0.000000 0.000000 0.000000 0.000000 0.000001 0.000001 0.000001 0.000002 0.000002 0.000003 0.000005 0.000006 0.000008 0.000010 0.000013 0.000016 0.000020 0.000024 0.000029 0.000033 0.000038 0.000043 0.000047 0.000051 0.000054 0.000057 0.000058 0.000059 0.000058 0.000057 0.000054 0.000051 0.000047 0.000043 0.000038 0.000033 0.000029 0.000024 0.000020 0.000016 0.000013 0.000010 0.000008 0.000006 0.000005 0.000003 0.000002 0.000002 0.000001 0.000001 0.000001 0.000000 0.000000 0.000000 0.000000 0.000000 0.000000 0.000000 0.000000 0.000000 0.000000 0.000000 0.000000 0.000000 0.000000 0.000000 0.000000 0.000000 0.000000 0.000000 0.000000 0.000000 0.000000 0.000000 0.000000 0.000000 0.000000 
0.000000 0.000000 0.000000 0.000000 0.000000 0.000000 0.000000 0.000000 0.000000 0.000000 0.000000 0.000000 0.000000 0.000000 0.000000 0.000000 0.000000 0.000000 0.000000 0.000000 0.000000 0.000000 0.000000 0.000000 0.000000 0.000000 0.000001 0.000001 0.000002 0.000002 0.000003 0.000005 0.000007 0.000009 0.000012 0.000016 0.000021 0.000026 0.000033 0.000040 0.000049 0.000057 0.000067 0.000076 0.000085 0.000094 0.000102 0.000108 0.000113 0.000116 0.000117 0.000116 0.000113 0.000108 0.000102 0.000094 0.000085 0.000076 0.000067 0.000057 0.000049 0.000040 0.000033 0.000026 0.000021 0.000016 0.000012 0.000009 0.000007 0.000005 0.000003 0.000002 0.000002 0.000001 0.000001 0.000000 0.000000 0.000000 0.000000 0.000000 0.000000 0.000000 0.000000 0.000000 0.000000 0.000000 0.000000 0.000000 0.000000 0.000000 0.000000 0.000000 0.000000 0.000000 0.000000 0.000000 0.000000 0.000000 0.000000 0.000000 
0.000000 0.000000 0.000000 0.000000 0.000000 0.000000 0.000000 0.000000 0.000000 0.000000 0.000000 0.000000 0.000000 0.000000 0.000000 0.000000 0.000000 0.000000 0.000000 0.000000 0.000000 0.000000 0.000000 0.000000 0.000001 0.000001 0.000001 0.000002 0.000003 0.000005 0.000007 0.000010 0.000013 0.000018 0.000024 0.000032 0.000041 0.000052 0.000065 0.000080 0.000096 0.000113 0.000132 0.000150 0.000169 0.000186 0.000201 0.000214 0.000224 0.000230 0.000232 0.000230 0.000224 0.000214 0.000201 0.000186 0.000169 0.000150 0.000132 0.000113 0.000096 0.000080 0.000065 0.000052 0.000041 0.000032 0.000024 0.000018 0.000013 0.000010 0.000007 0.000005 0.000003 0.000002 0.000001 0.000001 0.000001 0.000000 0.000000 0.000000 0.000000 0.000000 0.000000 0.000000 0.000000 0.000000 0.000000 0.000000 0.000000 0.000000 0.000000 0.000000 0.000000 0.000000 0.000000 0.000000 0.000000 0.000000 0.000000 0.000000 
0.000000 0.000000 0.000000 0.000000 0.000000 0.000000 0.000000 0.000000 0.000000 0.000000 0.000000 0.000000 0.000000 0.000000 0.000000 0.000000 0.000000 0.000000 0.000000 0.000000 0.000000 0.000000 0.000000 0.000001 0.000001 0.000002 0.000003 0.000004 0.000006 0.000009 0.000013 0.000019 0.000026 0.000036 0.000047 0.000062 0.000080 0.000102 0.000127 0.000155 0.000187 0.000221 0.000256 0.000292 0.000328 0.000361 0.000391 0.000416 0.000434 0.000446 0.000450 0.000446 0.000434 0.000416 0.000391 0.000361 0.000328 0.000292 0.000256 0.000221 0.000187 0.000155 0.000127 0.000102 0.000080 0.000062 0.000047 0.000036 0.000026 0.000019 0.000013 0.000009 0.000006 0.000004 0.000003 0.000002 0.000001 0.000001 0.000000 0.000000 0.000000 0.000000 0.000000 0.000000 0.000000 0.000000 0.000000 0.000000 0.000000 0.000000 0.000000 0.000000 0.000000 0.000000 0.000000 0.000000 0.000000 0.000000 0.000000 0.000000 
0.000000 0.000000 0.000000 0.000000 0.000000 0.000000 0.000000 0.000000 0.000000 0.000000 0.000000 0.000000 0.000000 0.000000 0.000000 0.000000 0.000000 0.000000 0.000000 0.000000 0.000000 0.000001 0.000001 0.000001 0.000002 0.000004 0.000006 0.000008 0.000012 0.000018 0.000026 0.000036 0.000050 0.000068 0.000091 0.000120 0.000154 0.000195 0.000243 0.000297 0.000357 0.000422 0.000490 0.000559 0.000627 0.000691 0.000748 0.000795 0.000831 0.000853 0.000860 0.000853 0.000831 0.000795 0.000748 0.000691 0.000627 0.000559 0.000490 0.000422 0.000357 0.000297 0.000243 0.000195 0.000154 0.000120 0.000091 0.000068 0.000050 0.000036 0.000026 0.000018 0.000012 0.000008 0.000006 0.000004 0.000002 0.000001 0.000001 0.000001 0.000000 0.000000 0.000000 0.000000 0.000000 0.000000 0.000000 0.000000 0.000000 0.000000 0.000000 0.000000 0.000000 0.000000 0.000000 0.000000 0.000000 0.000000 0.000000 0.000000 
0.000000 0.000000 0.000000 0.000000 0.000000 0.000000 0.000000 0.000000 0.000000 0.000000 0.000000 0.000000 0.000000 0.000000 0.000000 0.000000 0.000000 0.000000 0.000000 0.000000 0.000001 0.000001 0.000002 0.000003 0.000004 0.000007 0.000011 0.000016 0.000024 0.000034 0.000049 0.000069 0.000095 0.000129 0.000172 0.000226 0.000291 0.000369 0.000459 0.000561 0.000674 0.000796 0.000924 0.001054 0.001181 0.001301 0.001408 0.001497 0.001564 0.001606 0.001620 0.001606 0.001564 0.001497 0.001408 0.001301 0.001181 0.001054 0.000924 0.000796 0.000674 0.000561 0.000459 0.000369 0.000291 0.000226 0.000172 0.000129 0.000095 0.000069 0.000049 0.000034 0.000024 0.000016 0.000011 0.000007 0.000004 0.000003 0.000002 0.000001 0.000001 0.000000 0.000000 0.000000 0.000000 0.000000 0.000000 0.000000 0.000000 0.000000 0.000000 0.000000 0.000000 0.000000 0.000000 0.000000 0.000000 0.000000 0.000000 0.000000 
0.000000 0.000000 0.000000 0.000000 0.000000 0.000000 0.000000 0.000000 0.000000 0.000000 0.000000 0.000000 0.000000 0.000000 0.000000 0.000000 0.000000 0.000000 0.000000 0.000001 0.000001 0.000002 0.000003 0.000005 0.000008 0.000013 0.000020 0.000030 0.000044 0.000064 0.000092 0.000129 0.000177 0.000241 0.000321 0.000420 0.000541 0.000685 0.000852 0.001042 0.001252 0.001478 0.001714 0.001955 0.002190 0.002412 0.002609 0.002774 0.002898 0.002975 0.003002 0.002975 0.002898 0.002774 0.002609 0.002412 0.002190 0.001955 0.001714 0.001478 0.001252 0.001042 0.000852 0.000685 0.000541 0.000420 0.000321 0.000241 0.000177 0.000129 0.000092 0.000064 0.000044 0.000030 0.000020 0.000013 0.000008 0.000005 0.000003 0.000002 0.000001 0.000001 0.000000 0.000000 0.000000 0.000000 0.000000 0.000000 0.000000 0.000000 0.000000 0.000000 0.000000 0.000000 0.000000 0.000000 0.000000 0.000000 0.000000 0.000000 
0.000000 0.000000 0.000000 0.000000 0.000000 0.000000 0.000000 0.000000 0.000000 0.000000 0.000000 0.000000 0.000000 0.000000 0.000000 0.000000 0.000000 0.000000 0.000001 0.000001 0.000002 0.000004 0.000006 0.000010 0.000015 0.000024 0.000037 0.000055 0.000081 0.000118 0.000168 0.000236 0.000326 0.000441 0.000588 0.000770 0.000991 0.001253 0.001558 0.001904 0.002287 0.002699 0.003131 0.003569 0.003998 0.004401 0.004761 0.005061 0.005287 0.005428 0.005475 0.005428 0.005287 0.005061 0.004761 0.004401 0.003998 0.003569 0.003131 0.002699 0.002287 0.001904 0.001558 0.001253 0.000991 0.000770 0.000588 0.000441 0.000326 0.000236 0.000168 0.000118 0.000081 0.000055 0.000037 0.000024 0.000015 0.000010 0.000006 0.000004 0.000002 0.000001 0.000001 0.000000 0.000000 0.000000 0.000000 0.000000 0.000000 0.000000 0.000000 0.000000 0.000000 0.000000 0.000000 0.000000 0.000000 0.000000 0.000000 0.000000 
0.000000 0.000000 0.000000 0.000000 0.000000 0.000000 0.000000 0.000000 0.000000 0.000000 0.000000 0.000000 0.000000 0.000000 0.000000 0.000000 0.000000 0.000001 0.000001 0.000002 0.000004 0.000007 0.000011 0.000018 0.000028 0.000044 0.000066 0.000100 0.000147 0.000213 0.000304 0.000427 0.000588 0.000796 0.001060 0.001387 0.001785 0.002257 0.002805 0.003426 0.004113 0.004853 0.005628 0.006414 0.007183 0.007906 0.008552 0.009090 0.009495 0.009747 0.009832 0.009747 0.009495 0.009090 0.008552 0.007906 0.007183 0.006414 0.005628 0.004853 0.004113 0.003426 0.002805 0.002257 0.001785 0.001387 0.001060 0.000796 0.000588 0.000427 0.000304 0.000213 0.000147 0.000100 0.000066 0.000044 0.000028 0.000018 0.000011 0.000007 0.000004 0.000002 0.000001 0.000001 0.000000 0.000000 0.000000 0.000000 0.000000 0.000000 0.000000 0.000000 0.000000 0.000000 0.000000 0.000000 0.000000 0.000000 0.000000 0.000000 
0.000000 0.000000 0.000000 0.000000 0.000000 0.000000 0.000000 0.000000 0.000000 0.000000 0.000000 0.000000 0.000000 0.000000 0.000000 0.000000 0.000001 0.000001 0.000003 0.000004 0.000007 0.000012 0.000020 0.000032 0.000050 0.000078 0.000119 0.000178 0.000262 0.000380 0.000541 0.000758 0.001044 0.001414 0.001881 0.002461 0.003165 0.004000 0.004969 0.006068 0.007282 0.008589 0.009957 0.011345 0.012703 0.013979 0.015118 0.016068 0.016783 0.017227 0.017378 0.017227 0.016783 0.016068 0.015118 0.013979 0.012703 0.011345 0.009957 0.008589 0.007282 0.006068 0.004969 0.004000 0.003165 0.002461 0.001881 0.001414 0.001044 0.000758 0.000541 0.000380 0.000262 0.000178 0.000119 0.000078 0.000050 0.000032 0.000020 0.000012 0.000007 0.000004 0.000003 0.000001 0.000001 0.000000 0.000000 0.000000 0.000000 0.000000 0.000000 0.000000 0.000000 0.000000 0.000000 0.000000 0.000000 0.000000 0.000000 0.000000 
0.000000 0.000000 0.000000 0.000000 0.000000 0.000000 0.000000 0.000000 0.000000 0.000000 0.000000 0.000000 0.000000 0.000000 0.000000 0.000001 0.000001 0.000003 0.000004 0.000008 0.000013 0.000021 0.000035 0.000056 0.000088 0.000137 0.000208 0.000312 0.000459 0.000665 0.000947 0.001326 0.001826 0.002470 0.003286 0.004296 0.005522 0.006976 0.008664 0.010575 0.012687 0.014961 0.017339 0.019751 0.022111 0.024328 0.026306 0.027956 0.029197 0.029969 0.030230 0.029969 0.029197 0.027956 0.026306 0.024328 0.022111 0.019751 0.017339 0.014961 0.012687 0.010575 0.008664 0.006976 0.005522 0.004296 0.003286 0.002470 0.001826 0.001326 0.000947 0.000665 0.000459 0.000312 0.000208 0.000137 0.000088 0.000056 0.000035 0.000021 0.000013 0.000008 0.000004 0.000003 0.000001 0.000001 0.000000 0.000000 0.000000 0.000000 0.000000 0.000000 0.000000 0.000000 0.000000 0.000000 0.000000 0.000000 0.000000 0.000000 
0.000000 0.000000 0.000000 0.000000 0.000000 0.000000 0.000000 0.000000 0.000000 0.000000 0.000000 0.000000 0.000000 0.000000 0.000001 0.000001 0.000003 0.000004 0.000008 0.000013 0.000022 0.000037 0.000061 0.000097 0.000153 0.000236 0.000360 0.000538 0.000792 0.001147 0.001632 0.002283 0.003141 0.004248 0.005647 0.007381 0.009482 0.011975 0.014866 0.018139 0.021755 0.025646 0.029715 0.033840 0.037877 0.041667 0.045050 0.047870 0.049991 0.051310 0.051757 0.051310 0.049991 0.047870 0.045050 0.041667 0.037877 0.033840 0.029715 0.025646 0.021755 0.018139 0.014866 0.011975 0.009482 0.007381 0.005647 0.004248 0.003141 0.002283 0.001632 0.001147 0.000792 0.000538 0.000360 0.000236 0.000153 0.000097 0.000061 0.000037 0.000022 0.000013 0.000008 0.000004 0.000003 0.000001 0.000001 0.000000 0.000000 0.000000 0.000000 0.000000 0.000000 0.000000 0.000000 0.000000 0.000000 0.000000 0.000000 0.000000 
0.000000 0.000000 0.000000 0.000000 0.000000 0.000000 0.000000 0.000000 0.000000 0.000000 0.000000 0.000000 0.000000 0.000001 0.000001 0.000002 0.000004 0.000008 0.000013 0.000023 0.000038 0.000063 0.000103 0.000165 0.000260 0.000402 0.000611 0.000914 0.001345 0.001945 0.002766 0.003868 0.005318 0.007188 0.009551 0.012477 0.016023 0.020228 0.025101 0.030618 0.036711 0.043264 0.050116 0.057060 0.063854 0.070233 0.075924 0.080668 0.084238 0.086455 0.087207 0.086455 0.084238 0.080668 0.075924 0.070233 0.063854 0.057060 0.050116 0.043264 0.036711 0.030618 0.025101 0.020228 0.016023 0.012477 0.009551 0.007188 0.005318 0.003868 0.002766 0.001945 0.001345 0.000914 0.000611 0.000402 0.000260 0.000165 0.000103 0.000063 0.000038 0.000023 0.000013 0.000008 0.000004 0.000002 0.000001 0.000001 0.000000 0.000000 0.000000 0.000000 0.000000 0.000000 0.000000 0.000000 0.000000 0.000000 0.000000 0.000000 
0.000000 0.000000 0.000000 0.000000 0.000000 0.000000 0.000000 0.000000 0.000000 0.000000 0.000000 0.000000 0.000001 0.000001 0.000002 0.000004 0.000007 0.000013 0.000022 0.000038 0.000064 0.000106 0.000173 0.000277 0.000435 0.000672 0.001021 0.001527 0.002245 0.003245 0.004613 0.006447 0.008859 0.011968 0.015896 0.020756 0.026644 0.033622 0.041707 0.050857 0.060959 0.071822 0.083176 0.094681 0.105935 0.116498 0.125922 0.133777 0.139686 0.143357 0.144601 0.143357 0.139686 0.133777 0.125922 0.116498 0.105935 0.094681 0.083176 0.071822 0.060959 0.050857 0.041707 0.033622 0.026644 0.020756 0.015896 0.011968 0.008859 0.006447 0.004613 0.003245 0.002245 0.001527 0.001021 0.000672 0.000435 0.000277 0.000173 0.000106 0.000064 0.000038 0.000022 0.000013 0.000007 0.000004 0.000002 0.000001 0.000001 0.000000 0.000000 0.000000 0.000000 0.000000 0.000000 0.000000 0.000000 0.000000 0.000000 0.000000 
0.000000 0.000000 0.000000 0.000000 0.000000 0.000000 0.000000 0.000000 0.000000 0.000000 0.000000 0.000001 0.000001 0.000002 0.000004 0.000007 0.000012 0.000021 0.000037 0.000063 0.000106 0.000176 0.000285 0.000456 0.000716 0.001106 0.001680 0.002510 0.003688 0.005328 0.007568 0.010572 0.014520 0.019606 0.026029 0.033973 0.043593 0.054989 0.068189 0.083123 0.099604 0.117323 0.135839 0.154596 0.172940 0.190156 0.205512 0.218310 0.227938 0.233918 0.235946 0.233918 0.227938 0.218310 0.205512 0.190156 0.172940 0.154596 0.135839 0.117323 0.099604 0.083123 0.068189 0.054989 0.043593 0.033973 0.026029 0.019606 0.014520 0.010572 0.007568 0.005328 0.003688 0.002510 0.001680 0.001106 0.000716 0.000456 0.000285 0.000176 0.000106 0.000063 0.000037 0.000021 0.000012 0.000007 0.000004 0.000002 0.000001 0.000001 0.000000 0.000000 0.000000 0.000000 0.000000 0.000000 0.000000 0.000000 0.000000 0.000000 
0.000000 0.000000 0.000000 0.000000 0.000000 0.000000 0.000000 0.000000 0.000000 0.000000 0.000000 0.000001 0.000002 0.000003 0.000006 0.000011 0.000020 0.000035 0.000061 0.000103 0.000173 0.000285 0.000463 0.000739 0.001160 0.001790 0.002718 0.004058 0.005959 0.008605 0.012217 0.017056 0.023414 0.031602 0.041936 0.054712 0.070177 0.088491 0.109696 0.133679 0.160140 0.188579 0.218291 0.248383 0.277807 0.305417 0.330041 0.350561 0.365997 0.375583 0.378834 0.375583 0.365997 0.350561 0.330041 0.305417 0.277807 0.248383 0.218291 0.188579 0.160140 0.133679 0.109696 0.088491 0.070177 0.054712 0.041936 0.031602 0.023414 0.017056 0.012217 0.008605 0.005959 0.004058 0.002718 0.001790 0.001160 0.000739 0.000463 0.000285 0.000173 0.000103 0.000061 0.000035 0.000020 0.000011 0.000006 0.000003 0.000002 0.000001 0.000000 0.000000 0.000000 0.000000 0.000000 0.000000 0.000000 0.000000 0.000000 0.000000 
0.000000 0.000000 0.000000 0.000000 0.000000 0.000000 0.000000 0.000000 0.000000 0.000000 0.000001 0.000001 0.000003 0.000005 0.000010 0.000018 0.000032 0.000056 0.000097 0.000165 0.000277 0.000456 0.000739 0.001178 0.001848 0.002851 0.004326 0.006456 0.009474 0.013671 0.019401 0.027073 0.037146 0.050113 0.066472 0.086689 0.111150 0.140109 0.173627 0.211524 0.253325 0.298239 0.345154 0.392657 0.439097 0.482669 0.521523 0.553898 0.578249 0.593372 0.598501 0.593372 0.578249 0.553898 0.521523 0.482669 0.439097 0.392657 0.345154 0.298239 0.253325 0.211524 0.173627 0.140109 0.111150 0.086689 0.066472 0.050113 0.037146 0.027073 0.019401 0.013671 0.009474 0.006456 0.004326 0.002851 0.001848 0.001178 0.000739 0.000456 0.000277 0.000165 0.000097 0.000056 0.000032 0.000018 0.000010 0.000005 0.000003 0.000001 0.000001 0.000000 0.000000 0.000000 0.000000 0.000000 0.000000 0.000000 0.000000 0.000000 
0.000000 0.000000 0.000000 0.000000 0.000000 0.000000 0.000000 0.000000 0.000000 0.000001 0.000001 0.000002 0.000004 0.000008 0.000015 0.000028 0.000050 0.000088 0.000153 0.000260 0.000435 0.000716 0.001160 0.001848 0.002897 0.004467 0.006773 0.010101 0.014815 0.021368 0.030308 0.042272 0.057975 0.078179 0.103658 0.135132 0.173200 0.218251 0.270380 0.329299 0.394272 0.464066 0.536951 0.610737 0.682859 0.750515 0.810839 0.861098 0.898899 0.922373 0.930334 0.922373 0.898899 0.861098 0.810839 0.750515 0.682859 0.610737 0.536951 0.464066 0.394272 0.329299 0.270380 0.218251 0.173200 0.135132 0.103658 0.078179 0.057975 0.042272 0.030308 0.021368 0.014815 0.010101 0.006773 0.004467 0.002897 0.001848 0.001160 0.000716 0.000435 0.000260 0.000153 0.000088 0.000050 0.000028 0.000015 0.000008 0.000004 0.000002 0.000001 0.000001 0.000000 0.000000 0.000000 0.000000 0.000000 0.000000 0.000000 0.000000 
0.000000 0.000000 0.000000 0.000000 0.000000 0.000000 0.000000 0.000000 0.000000 0.000001 0.000002 0.000004 0.000007 0.000013 0.000024 0.000044 0.000078 0.000137 0.000236 0.000402 0.000672 0.001106 0.001790 0.002851 0.004467 0.006882 0.010430 0.015547 0.022790 0.032854 0.046576 0.064931 0.089011 0.119982 0.159021 0.207229 0.265514 0.334469 0.414231 0.504358 0.603717 0.710425 0.821835 0.934599 1.044801 1.148166 1.240317 1.317086 1.374821 1.410672 1.422830 1.410672 1.374821 1.317086 1.240317 1.148166 1.044801 0.934599 0.821835 0.710425 0.603717 0.504358 0.414231 0.334469 0.265514 0.207229 0.159021 0.119982 0.089011 0.064931 0.046576 0.032854 0.022790 0.015547 0.010430 0.006882 0.004467 0.002851 0.001790 0.001106 0.000672 0.000402 0.000236 0.000137 0.000078 0.000044 0.000024 0.000013 0.000007 0.000004 0.000002 0.000001 0.000000 0.000000 0.000000 0.000000 0.000000 0.000000 0.000000 0.000000 
0.000000 0.000000 0.000000 0.000000 0.000000 0.000000 0.000000 0.000000 0.000001 0.000001 0.000003 0.000006 0.000011 0.000020 0.000037 0.000066 0.000119 0.000208 0.000360 0.000611 0.001021 0.001680 0.002718 0.004326 0.006773 0.010430 0.015798 0.023535 0.034482 0.049686 0.070405 0.098108 0.134433 0.181135 0.239982 0.312621 0.400415 0.504246 0.624316 0.759949 0.909439 1.069948 1.237495 1.407046 1.572720 1.728092 1.866592 1.981964 2.068723 2.122596 2.140864 2.122596 2.068723 1.981964 1.866592 1.728092 1.572720 1.407046 1.237495 1.069948 0.909439 0.759949 0.624316 0.504246 0.400415 0.312621 0.239982 0.181135 0.134433 0.098108 0.070405 0.049686 0.034482 0.023535 0.015798 0.010430 0.006773 0.004326 0.002718 0.001680 0.001021 0.000611 0.000360 0.000208 0.000119 0.000066 0.000037 0.000020 0.000011 0.000006 0.000003 0.000001 0.000001 0.000000 0.000000 0.000000 0.000000 0.000000 0.000000 0.000000 
0.000000 0.000000 0.000000 0.000000 0.000000 0.000000 0.000000 0.000001 0.000001 0.000002 0.000004 0.000008 0.000016 0.000030 0.000055 0.000100 0.000178 0.000312 0.000538 0.000914 0.001527 0.002510 0.004058 0.006456 0.010101 0.015547 0.023535 0.035043 0.051318 0.073909 0.104682 0.145809 0.199714 0.268991 0.356249 0.463922 0.594015 0.747825 0.925637 1.126445 1.347714 1.585240 1.833131 2.083944 2.328982 2.558752 2.763550 2.934132 3.062401 3.142045 3.169051 3.142045 3.062401 2.934132 2.763550 2.558752 2.328982 2.083944 1.833131 1.585240 1.347714 1.126445 0.925637 0.747825 0.594015 0.463922 0.356249 0.268991 0.199714 0.145809 0.104682 0.073909 0.051318 0.035043 0.023535 0.015547 0.010101 0.006456 0.004058 0.002510 0.001527 0.000914 0.000538 0.000312 0.000178 0.000100 0.000055 0.000030 0.000016 0.000008 0.000004 0.000002 0.000001 0.000001 0.000000 0.000000 0.000000 0.000000 0.000000 0.000000 
0.000000 0.000000 0.000000 0.000000 0.000000 0.000000 0.000000 0.000001 0.000002 0.000003 0.000006 0.000012 0.000024 0.000044 0.000081 0.000147 0.000262 0.000459 0.000792 0.001345 0.002245 0.003688 0.005959 0.009474 0.014815 0.022790 0.034482 0.051318 0.075115 0.108133 0.153090 0.213146 0.291833 0.392918 0.520194 0.677195 0.866827 1.090963 1.350005 1.642473 1.964666 2.310457 2.671269 3.036272 3.392817 3.727103 4.025027 4.273154 4.459722 4.575559 4.614838 4.575559 4.459722 4.273154 4.025027 3.727103 3.392817 3.036272 2.671269 2.310457 1.964666 1.642473 1.350005 1.090963 0.866827 0.677195 0.520194 0.392918 0.291833 0.213146 0.153090 0.108133 0.075115 0.051318 0.034482 0.022790 0.014815 0.009474 0.005959 0.003688 0.002245 0.001345 0.000792 0.000459 0.000262 0.000147 0.000081 0.000044 0.000024 0.000012 0.000006 0.000003 0.000002 0.000001 0.000000 0.000000 0.000000 0.000000 0.000000 0.000000 
0.000000 0.000000 0.000000 0.000000 0.000000 0.000000 0.000001 0.000001 0.000002 0.000005 0.000009 0.000018 0.000034 0.000064 0.000118 0.000213 0.000380 0.000665 0.001147 0.001945 0.003245 0.005328 0.008605 0.013671 0.021368 0.032854 0.049686 0.073909 0.108133 0.155597 0.220197 0.306458 0.419435 0.564518 0.747130 0.972315 1.244222 1.565512 1.936740 2.355767 2.817279 3.312492 3.829121 4.351666 4.862030 5.340474 5.766830 6.121895 6.388852 6.554596 6.610796 6.554596 6.388852 6.121895 5.766830 5.340474 4.862030 4.351666 3.829121 3.312492 2.817279 2.355767 1.936740 1.565512 1.244222 0.972315 0.747130 0.564518 0.419435 0.306458 0.220197 0.155597 0.108133 0.073909 0.049686 0.032854 0.021368 0.013671 0.008605 0.005328 0.003245 0.001945 0.001147 0.000665 0.000380 0.000213 0.000118 0.000064 0.000034 0.000018 0.000009 0.000005 0.000002 0.000001 0.000001 0.000000 0.000000 0.000000 0.000000 0.000000 
0.000000 0.000000 0.000000 0.000000 0.000000 0.000000 0.000001 0.000002 0.000003 0.000007 0.000013 0.000026 0.000049 0.000092 0.000168 0.000304 0.000541 0.000947 0.001632 0.002766 0.004613 0.007568 0.012217 0.019401 0.030308 0.046576 0.070405 0.104682 0.153090 0.220197 0.311494 0.433356 0.592902 0.797718 1.055429 1.373123 1.756621 2.209646 2.732952 3.323502 3.973787 4.671423 5.399103 6.135000 6.853644 7.527263 8.127487 8.627308 9.003079 9.236372 9.315475 9.236372 9.003079 8.627308 8.127487 7.527263 6.853644 6.135000 5.399103 4.671423 3.973787 3.323502 2.732952 2.209646 1.756621 1.373123 1.055429 0.797718 0.592902 0.433356 0.311494 0.220197 0.153090 0.104682 0.070405 0.046576 0.030308 0.019401 0.012217 0.007568 0.004613 0.002766 0.001632 0.000947 0.000541 0.000304 0.000168 0.000092 0.000049 0.000026 0.000013 0.000007 0.000003 0.000002 0.000001 0.000000 0.000000 0.000000 0.000000 0.000000 
0.000000 0.000000 0.000000 0.000000 0.000000 0.000001 0.000001 0.000002 0.000005 0.000010 0.000019 0.000036 0.000069 0.000129 0.000236 0.000427 0.000758 0.001326 0.002283 0.003868 0.006447 0.010572 0.017056 0.027073 0.042272 0.064931 0.098108 0.145809 0.213146 0.306458 0.433356 0.602677 0.824281 1.108667 1.466387 1.907238 2.439254 3.067560 3.793167 4.611831 5.513121 6.479859 7.488062 8.507499 9.502907 10.435845 11.267057 11.959176 12.479490 12.802508 12.912032 12.802508 12.479490 11.959176 11.267057 10.435845 9.502907 8.507499 7.488062 6.479859 5.513121 4.611831 3.793167 3.067560 2.439254 1.907238 1.466387 1.108667 0.824281 0.602677 0.433356 0.306458 0.213146 0.145809 0.098108 0.064931 0.042272 0.027073 0.017056 0.010572 0.006447 0.003868 0.002283 0.001326 0.000758 0.000427 0.000236 0.000129 0.000069 0.000036 0.000019 0.000010 0.000005 0.000002 0.000001 0.000001 0.000000 0.000000 0.000000 0.000000 
0.000000 0.000000 0.000000 0.000000 0.000000 0.000001 0.000002 0.000003 0.000007 0.000013 0.000026 0.000050 0.000095 0.000177 0.000326 0.000588 0.001044 0.001826 0.003141 0.005318 0.008859 0.014520 0.023414 0.037146 0.057975 0.089011 0.134433 0.199714 0.291833 0.419435 0.592902 0.824281 1.127002 1.515366 2.003733 2.605421 3.331344 4.188443 5.178048 6.294331 7.523041 8.840744 10.214747 11.603865 12.960073 14.231032 15.363309 16.306047 17.014731 17.454676 17.603844 17.454676 17.014731 16.306047 15.363309 14.231032 12.960073 11.603865 10.214747 8.840744 7.523041 6.294331 5.178048 4.188443 3.331344 2.605421 2.003733 1.515366 1.127002 0.824281 0.592902 0.419435 0.291833 0.199714 0.134433 0.089011 0.057975 0.037146 0.023414 0.014520 0.008859 0.005318 0.003141 0.001826 0.001044 0.000588 0.000326 0.000177 0.000095 0.000050 0.000026 0.000013 0.000007 0.000003 0.000002 0.000001 0.000000 0.000000 0.000000 0.000000 
0.000000 0.000000 0.000000 0.000000 0.000001 0.000001 0.000002 0.000005 0.000009 0.000018 0.000036 0.000068 0.000129 0.000241 0.000441 0.000796 0.001414 0.002470 0.004248 0.007188 0.011968 0.019606 0.031602 0.050113 0.078179 0.119982 0.181135 0.268991 0.392918 0.564518 0.797718 1.108667 1.515366 2.036969 2.692699 3.500371 4.474567 5.624535 6.952000 8.449093 10.096664 11.863272 13.705084 15.566907 17.384410 19.087498 20.604625 21.867705 22.817153 23.406542 23.606377 23.406542 22.817153 21.867705 20.604625 19.087498 17.384410 15.566907 13.705084 11.863272 10.096664 8.449093 6.952000 5.624535 4.474567 3.500371 2.692699 2.036969 1.515366 1.108667 0.797718 0.564518 0.392918 0.268991 0.181135 0.119982 0.078179 0.050113 0.031602 0.019606 0.011968 0.007188 0.004248 0.002470 0.001414 0.000796 0.000441 0.000241 0.000129 0.000068 0.000036 0.000018 0.000009 0.000005 0.000002 0.000001 0.000001 0.000000 0.000000 0.000000 
0.000000 0.000000 0.000000 0.000000 0.000001 0.000001 0.000003 0.000006 0.000012 0.000024 0.000047 0.000091 0.000172 0.000321 0.000588 0.001060 0.001881 0.003286 0.005647 0.009551 0.015896 0.026029 0.041936 0.066472 0.103658 0.159021 0.239982 0.356249 0.520194 0.747130 1.055429 1.466387 2.003733 2.692699 3.558597 4.624872 5.910685 7.428162 9.179505 11.154267 13.327146 15.656647 18.084972 20.539371 22.935080 25.179763 27.179191 28.843704 30.094847 30.871496 31.134818 30.871496 30.094847 28.843704 27.179191 25.179763 22.935080 20.539371 18.084972 15.656647 13.327146 11.154267 9.179505 7.428162 5.910685 4.624872 3.558597 2.692699 2.003733 1.466387 1.055429 0.747130 0.520194 0.356249 0.239982 0.159021 0.103658 0.066472 0.041936 0.026029 0.015896 0.009551 0.005647 0.003286 0.001881 0.001060 0.000588 0.000321 0.000172 0.000091 0.000047 0.000024 0.000012 0.000006 0.000003 0.000001 0.000001 0.000000 0.000000 0.000000 
0.000000 0.000000 0.000000 0.000000 0.000001 0.000002 0.000004 0.000008 0.000016 0.000032 0.000062 0.000120 0.000226 0.000420 0.000770 0.001387 0.002461 0.004296 0.007381 0.012477 0.020756 0.033973 0.054712 0.086689 0.135132 0.207229 0.312621 0.463922 0.677195 0.972315 1.373123 1.907238 2.605421 3.500371 4.624872 6.009265 7.678328 9.647697 11.920139 14.482025 17.300473 20.321629 23.470531 26.652869 29.758789 32.668652 35.260390 37.417871 39.039484 40.046072 40.387350 40.046072 39.039484 37.417871 35.260390 32.668652 29.758789 26.652869 23.470531 20.321629 17.300473 14.482025 11.920139 9.647697 7.678328 6.009265 4.624872 3.500371 2.605421 1.907238 1.373123 0.972315 0.677195 0.463922 0.312621 0.207229 0.135132 0.086689 0.054712 0.033973 0.020756 0.012477 0.007381 0.004296 0.002461 0.001387 0.000770 0.000420 0.000226 0.000120 0.000062 0.000032 0.000016 0.000008 0.000004 0.000002 0.000001 0.000000 0.000000 0.000000 
0.000000 0.000000 0.000000 0.000001 0.000001 0.000002 0.000005 0.000010 0.000021 0.000041 0.000080 0.000154 0.000291 0.000541 0.000991 0.001785 0.003165 0.005522 0.009482 0.016023 0.026644 0.043593 0.070177 0.111150 0.173200 0.265514 0.400415 0.594015 0.866827 1.244222 1.756621 2.439254 3.331344 4.474567 5.910685 7.678328 9.809005 12.322560 15.222415 18.491085 22.086551 25.940078 29.956047 34.014209 37.974537 41.684566 44.988762 47.739173 49.806360 51.089495 51.524529 51.089495 49.806360 47.739173 44.988762 41.684566 37.974537 34.014209 29.956047 25.940078 22.086551 18.491085 15.222415 12.322560 9.809005 7.678328 5.910685 4.474567 3.331344 2.439254 1.756621 1.244222 0.866827 0.594015 0.400415 0.265514 0.173200 0.111150 0.070177 0.043593 0.026644 0.016023 0.009482 0.005522 0.003165 0.001785 0.000991 0.000541 0.000291 0.000154 0.000080 0.000041 0.000021 0.000010 0.000005 0.000002 0.000001 0.000001 0.000000 0.000000 
0.000000 0.000000 0.000000 0.000001 0.000001 0.000003 0.000006 0.000013 0.000026 0.000052 0.000102 0.000195 0.000369 0.000685 0.001253 0.002257 0.004000 0.006976 0.011975 0.020228 0.033622 0.054989 0.088491 0.140109 0.218251 0.334469 0.504246 0.747825 1.090963 1.565512 2.209646 3.067560 4.188443 5.624535 7.428162 9.647697 12.322560 15.477523 19.116751 23.218199 27.729063 32.563067 37.600260 42.689848 47.656289 52.308483 56.451514 59.899993 62.491741 64.100439 64.645844 64.100439 62.491741 59.899993 56.451514 52.308483 47.656289 42.689848 37.600260 32.563067 27.729063 23.218199 19.116751 15.477523 12.322560 9.647697 7.428162 5.624535 4.188443 3.067560 2.209646 1.565512 1.090963 0.747825 0.504246 0.334469 0.218251 0.140109 0.088491 0.054989 0.033622 0.020228 0.011975 0.006976 0.004000 0.002257 0.001253 0.000685 0.000369 0.000195 0.000102 0.000052 0.000026 0.000013 0.000006 0.000003 0.000002 0.000001 0.000000 0.000000 
0.000000 0.000000 0.000000 0.000001 0.000002 0.000004 0.000008 0.000016 0.000033 0.000065 0.000127 0.000243 0.000459 0.000852 0.001558 0.002805 0.004969 0.008664 0.014866 0.025101 0.041707 0.068189 0.109696 0.173627 0.270380 0.414231 0.624316 0.925637 1.350005 1.936740 2.732952 3.793167 5.178048 6.952000 9.179505 11.920139 15.222415 19.116751 23.608147 28.669272 34.234880 40.198473 46.412066 52.689692 58.814912 64.552151 69.661170 73.913490 77.109261 79.092828 79.765318 79.092828 77.109261 73.913490 69.661170 64.552151 58.814912 52.689692 46.412066 40.198473 34.234880 28.669272 23.608147 19.116751 15.222415 11.920139 9.179505 6.952000 5.178048 3.793167 2.732952 1.936740 1.350005 0.925637 0.624316 0.414231 0.270380 0.173627 0.109696 0.068189 0.041707 0.025101 0.014866 0.008664 0.004969 0.002805 0.001558 0.000852 0.000459 0.000243 0.000127 0.000065 0.000033 0.000016 0.000008 0.000004 0.000002 0.000001 0.000001 0.000001 
0.000000 0.000000 0.000001 0.000001 0.000002 0.000005 0.000010 0.000020 0.000040 0.000080 0.000155 0.000297 0.000561 0.001042 0.001904 0.003426 0.006068 0.010575 0.018139 0.030618 0.050857 0.083123 0.133679 0.211524 0.329299 0.504358 0.759949 1.126445 1.642473 2.355767 3.323502 4.611831 6.294331 8.449093 11.154267 14.482025 18.491085 23.218199 28.669272 34.810999 41.564105 48.799316 56.337088 63.951869 71.381208 78.339502 84.535529 89.692357 93.567770 95.973128 96.788609 95.973128 93.567770 89.692357 84.535529 78.339502 71.381208 63.951869 56.337088 48.799316 41.564105 34.810999 28.669272 23.218199 18.491085 14.482025 11.154267 8.449093 6.294331 4.611831 3.323502 2.355767 1.642473 1.126445 0.759949 0.504358 0.329299 0.211524 0.133679 0.083123 0.050857 0.030618 0.018139 0.010575 0.006068 0.003426 0.001904 0.001042 0.000561 0.000297 0.000155 0.000080 0.000040 0.000020 0.000010 0.000005 0.000002 0.000001 0.000001 0.000001 
0.000000 0.000000 0.000001 0.000001 0.000003 0.000006 0.000012 0.000024 0.000049 0.000096 0.000187 0.000357 0.000674 0.001252 0.002287 0.004113 0.007282 0.012687 0.021755 0.036711 0.060959 0.099604 0.160140 0.253325 0.394272 0.603717 0.909439 1.347714 1.964666 2.817279 3.973787 5.513121 7.523041 10.096664 13.327146 17.300473 22.086551 27.729063 34.234880 41.564105 49.622029 58.254342 67.246827 76.330451 85.192239 93.491658 100.881522 107.031708 111.653501 114.522057 115.494566 114.522057 111.653501 107.031708 100.881522 93.491658 85.192239 76.330451 67.246827 58.254342 49.622029 41.564105 34.234880 27.729063 22.086551 17.300473 13.327146 10.096664 7.523041 5.513121 3.973787 2.817279 1.964666 1.347714 0.909439 0.603717 0.394272 0.253325 0.160140 0.099604 0.060959 0.036711 0.021755 0.012687 0.007282 0.004113 0.002287 0.001252 0.000674 0.000357 0.000187 0.000096 0.000049 0.000024 0.000012 0.000006 0.000003 0.000001 0.000001 0.000001 
0.000000 0.000000 0.000001 0.000002 0.000003 0.000007 0.000014 0.000029 0.000057 0.000113 0.000221 0.000422 0.000796 0.001478 0.002699 0.004853 0.008589 0.014961 0.025646 0.043264 0.071822 0.117323 0.188579 0.298239 0.464066 0.710425 1.069948 1.585240 2.310457 3.312492 4.671423 6.479859 8.840744 11.863272 15.656647 20.321629 25.940078 32.563067 40.198473 48.799316 58.254342 68.382425 78.932225 89.588171 99.983220 109.718068 118.385652 125.598954 131.019517 134.383776 135.524329 134.383776 131.019517 125.598954 118.385652 109.718068 99.983220 89.588171 78.932225 68.382425 58.254342 48.799316 40.198473 32.563067 25.940078 20.321629 15.656647 11.863272 8.840744 6.479859 4.671423 3.312492 2.310457 1.585240 1.069948 0.710425 0.464066 0.298239 0.188579 0.117323 0.071822 0.043264 0.025646 0.014961 0.008589 0.004853 0.002699 0.001478 0.000796 0.000422 0.000221 0.000113 0.000057 0.000029 0.000014 0.000007 0.000003 0.000002 0.000001 0.000001 
0.000001 0.000001 0.000001 0.000002 0.000004 0.000008 0.000016 0.000033 0.000067 0.000132 0.000256 0.000490 0.000924 0.001714 0.003131 0.005628 0.009957 0.017339 0.029715 0.050116 0.083176 0.135839 0.218291 0.345154 0.536951 0.821835 1.237495 1.833131 2.671269 3.829121 5.399103 7.488062 10.214747 13.705084 18.084972 23.470531 29.956047 37.600260 46.412066 56.337088 67.246827 78.932225 91.103292 103.396016 115.387084 126.616037 136.613514 144.933302 151.185202 155.065364 156.380808 155.065364 151.185202 144.933302 136.613514 126.616037 115.387084 103.396016 91.103292 78.932225 67.246827 56.337088 46.412066 37.600260 29.956047 23.470531 18.084972 13.705084 10.214747 7.488062 5.399103 3.829121 2.671269 1.833131 1.237495 0.821835 0.536951 0.345154 0.218291 0.135839 0.083176 0.050116 0.029715 0.017339 0.009957 0.005628 0.003131 0.001714 0.000924 0.000490 0.000256 0.000132 0.000067 0.000033 0.000016 0.000008 0.000004 0.000002 0.000001 0.000001 
