0.000000 0.000000 0.000000 0.000000 0.000000 0.000000 0.000000 0.000000 0.000000 0.000000 0.000000 0.000000 0.000000 0.000000 0.000000 0.000000 0.000000 0.000000 0.000000 0.000000 0.000000 0.000000 0.000000 0.000000 0.000000 0.000000 0.000000 0.000000 0.000000 0.000000 0.000000 0.000000 0.000000 0.000000 0.000000 0.000000 0.000000 0.000000 0.000000 0.000000 0.000001 0.000001 0.000001 0.000001 0.000001 0.000001 0.000001 0.000001 0.000001 0.000001 0.000001 0.000001 0.000001 0.000001 0.000001 0.000001 0.000001 0.000001 0.000001 0.000001 0.000001 0.000000 0.000000 0.000000 0.000000 0.000000 0.000000 0.000000 0.000000 0.000000 0.000000 0.000000 0.000000 0.000000 0.000000 0.000000 0.000000 0.000000 0.000000 0.000000 0.000000 0.000000 0.000000 0.000000 0.000000 0.000000 0.000000 0.000000 0.000000 0.000000 0.000000 0.000000 0.000000 0.000000 0.000000 0.000000 0.000000 0.000000 0.000000 0.000000 
0.000000 0.000000 0.000000 0.000000 0.000000 0.000000 0.000000 0.000000 0.000000 0.000000 0.000000 0.000000 0.000000 0.000000 0.000000 0.000000 0.000000 0.000000 0.000000 0.000000 0.000000 0.000000 0.000000 0.000000 0.000000 0.000000 0.000000 0.000000 0.000000 0.000000 0.000000 0.000000 0.000000 0.000000 0.000000 0.000000 0.000000 0.000000 0.000000 0.000000 0.000001 0.000001 0.000001 0.000001 0.000001 0.000001 0.000001 0.000001 0.000001 0.000001 0.000001 0.000001 0.000001 0.000001 0.000001 0.000001 0.000001 0.000001 0.000001 0.000001 0.000001 0.000000 0.000000 0.000000 0.000000 0.000000 0.000000 0.000000 0.000000 0.000000 0.000000 0.000000 0.000000 0.000000 0.000000 0.000000 0.000000 0.000000 0.000000 0.000000 0.000000 0.000000 0.000000 0.000000 0.000000 0.000000 0.000000 0.000000 0.000000 0.000000 0.000000 0.000000 0.000000 0.000000 0.000000 0.000000 0.000000 0.000000 0.000000 0.000000 
0.000000 0.000000 0.000000 0.000000 0.000000 0.000000 0.000000 0.000000 0.000000 0.000000 0.000000 0.000000 0.000000 0.000000 0.000000 0.000000 0.000000 0.000000 0.000000 0.000000 0.000000 0.000000 0.000000 0.000000 0.000000 0.000000 0.000000 0.000000 0.000000 0.000000 0.000000 0.000000 0.000000 0.000000 0.000000 0.000000 0.000000 0.000001 0.000001 0.000001 0.000001 0.000001 0.000001 0.000001 0.000002 0.000002 0.000002 0.000002 0.000002 0.000002 0.000002 0.000002 0.000002 0.000002 0.000002 0.000002 0.000002 0.000001 0.000001 0.000001 0.000001 0.000001 0.000001 0.000001 0.000000 0.000000 0.000000 0.000000 0.000000 0.000000 0.000000 0.000000 0.000000 0.000000 0.000000 0.000000 0.000000 0.000000 0.000000 0.000000 0.000000 0.000000 0.000000 0.000000 0.000000 0.000000 0.000000 0.000000 0.000000 0.000000 0.000000 0.000000 0.000000 0.000000 0.000000 0.000000 0.000000 0.000000 0.000000 0.000000 
0.000000 0.000000 0.000000 0.000000 0.000000 0.000000 0.000000 0.000000 0.000000 0.000000 0.000000 0.000000 0.000000 0.000000 0.000000 0.000000 0.000000 0.000000 0.000000 0.000000 0.000000 0.000000 0.000000 0.000000 0.000000 0.000000 0.000000 0.000000 0.000000 0.000000 0.000000 0.000000 0.000000 0.000000 0.000000 0.000001 0.000001 0.000001 0.000001 0.000002 0.000002 0.000002 0.000003 0.000003 0.000003 0.000004 0.000004 0.000004 0.000004 0.000004 0.000004 0.000004 0.000004 0.000004 0.000004 0.000004 0.000003 0.000003 0.000003 0.000002 0.000002 0.000002 0.000001 0.000001 0.000001 0.000001 0.000000 0.000000 0.000000 0.000000 0.000000 0.000000 0.000000 0.000000 0.000000 0.000000 0.000000 0.000000 0.000000 0.000000 0.000000 0.000000 0.000000 0.000000 0.000000 0.000000 0.000000 0.000000 0.000000 0.000000 0.000000 0.000000 0.000000 0.000000 0.000000 0.000000 0.000000 0.000000 0.000000 0.000000 
0.000000 0.000000 0.000000 0.000000 0.000000 0.000000 0.000000 0.000000 0.000000 0.000000 0.000000 0.000000 0.000000 0.000000 0.000000 0.000000 0.000000 0.000000 0.000000 0.000000 0.000000 0.000000 0.000000 0.000000 0.000000 0.000000 0.000000 0.000000 0.000000 0.000000 0.000000 0.000000 0.000001 0.000001 0.000001 0.000001 0.000002 0.000002 0.000003 0.000003 0.000004 0.000005 0.000005 0.000006 0.000007 0.000007 0.000008 0.000008 0.000009 0.000009 0.000009 0.000009 0.000009 0.000008 0.000008 0.000007 0.000007 0.000006 0.000005 0.000005 0.000004 0.000003 0.000003 0.000002 0.000002 0.000001 0.000001 0.000001 0.000001 0.000000 0.000000 0.000000 0.000000 0.000000 0.000000 0.000000 0.000000 0.000000 0.000000 0.000000 0.000000 0.000000 0.000000 0.000000 0.000000 0.000000 0.000000 0.000000 0.000000 0.000000 0.000000 0.000000 0.000000 0.000000 0.000000 0.000000 0.000000 0.000000 0.000000 0.000000 
0.000000 0.000000 0.000000 0.000000 0.000000 0.000000 0.000000 0.000000 0.000000 0.000000 0.000000 0.000000 0.000000 0.000000 0.000000 0.000000 0.000000 0.000000 0.000000 0.000000 0.000000 0.000000 0.000000 0.000000 0.000000 0.000000 0.000000 0.000000 0.000000 0.000000 0.000001 0.000001 0.000001 0.000002 0.000002 0.000003 0.000003 0.000004 0.000005 0.000007 0.000008 0.000009 0.000011 0.000012 0.000014 0.000015 0.000016 0.000017 0.000018 0.000019 0.000019 0.000019 0.000018 0.000017 0.000016 0.000015 0.000014 0.000012 0.000011 0.000009 0.000008 0.000007 0.000005 0.000004 0.000003 0.000003 0.000002 0.000002 0.000001 0.000001 0.000001 0.000000 0.000000 0.000000 0.000000 0.000000 0.000000 0.000000 0.000000 0.000000 0.000000 0.000000 0.000000 0.000000 0.000000 0.000000 0.000000 0.000000 0.000000 0.000000 0.000000 0.000000 0.000000 0.000000 0.000000 0.000000 0.000000 0.000000 0.000000 0.000000 
0.000000 0.000000 0.000000 0.000000 0.000000 0.000000 0.000000 0.000000 0.000000 0.000000 0.000000 0.000000 0.000000 0.000000 0.000000 0.000000 0.000000 0.000000 0.000000 0.000000 0.000000 0.000000 0.000000 0.000000 0.000000 0.000000 0.000000 0.000000 0.000001 0.000001 0.000001 0.000002 0.000002 0.000003 0.000004 0.000005 0.000007 0.000009 0.000011 0.000013 0.000016 0.000019 0.000022 0.000025 0.000028 0.000031 0.000033 0.000036 0.000037 0.000038 0.000038 0.000038 0.000037 0.000036 0.000033 0.000031 0.000028 0.000025 0.000022 0.000019 0.000016 0.000013 0.000011 0.000009 0.000007 0.000005 0.000004 0.000003 0.000002 0.000002 0.000001 0.000001 0.000001 0.000000 0.000000 0.000000 0.000000 0.000000 0.000000 0.000000 0.000000 0.000000 0.000000 0.000000 0.000000 0.000000 0.000000 0.000000 0.000000 0.000000 0.000000 0.000000 0.000000 0.000000 0.000000 0.000000 0.000000 0.000000 0.000000 0.000000 
0.000000 0.000000 0.000000 0.000000 0.000000 0.000000 0.000000 0.000000 0.000000 0.000000 0.000000 0.000000 0.000000 0.000000 0.000000 0.000000 0.000000 0.000000 0.000000 0.000000 0.000000 0.000000 0.000000 0.000000 0.000000 0.000000 0.000001 0.000001 0.000001 0.000002 0.000002 0.000003 0.000005 0.000006 0.000008 0.000011 0.000014 0.000018 0.000022 0.000027 0.000032 0.000038 0.000044 0.000050 0.000056 0.000062 0.000067 0.000071 0.000075 0.000077 0.000077 0.000077 0.000075 0.000071 0.000067 0.000062 0.000056 0.000050 0.000044 0.000038 0.000032 0.000027 0.000022 0.000018 0.000014 0.000011 0.000008 0.000006 0.000005 0.000003 0.000002 0.000002 0.000001 0.000001 0.000001 0.000000 0.000000 0.000000 0.000000 0.000000 0.000000 0.000000 0.000000 0.000000 0.000000 0.000000 0.000000 0.000000 0.000000 0.000000 0.000000 0.000000 0.000000 0.000000 0.000000 0.000000 0.000000 0.000000 0.000000 0.000000 
0.000000 0.000000 0.000000 0.000000 0.000000 0.000000 0.000000 0.000000 0.000000 0.000000 0.000000 0.000000 0.000000 0.000000 0.000000 0.000000 0.000000 0.000000 0.000000 0.000000 0.000000 0.000000 0.000000 0.000000 0.000000 0.000001 0.000001 0.000002 0.000002 0.000003 0.000005 0.000007 0.000009 0.000013 0.000017 0.000022 0.000028 0.000035 0.000044 0.000054 0.000064 0.000076 0.000088 0.000100 0.000112 0.000123 0.000133 0.000141 0.000147 0.000151 0.000153 0.000151 0.000147 0.000141 0.000133 0.000123 0.000112 0.000100 0.000088 0.000076 0.000064 0.000054 0.000044 0.000035 0.000028 0.000022 0.000017 0.000013 0.000009 0.000007 0.000005 0.000003 0.000002 0.000002 0.000001 0.000001 0.000000 0.000000 0.000000 0.000000 0.000000 0.000000 0.000000 0.000000 0.000000 0.000000 0.000000 0.000000 0.000000 0.000000 0.000000 0.000000 0.000000 0.000000 0.000000 0.000000 0.000000 0.000000 0.000000 0.000000 
0.000000 0.000000 0.000000 0.000000 0.000000 0.000000 0.000000 0.000000 0.000000 0.000000 0.000000 0.000000 0.000000 0.000000 0.000000 0.000000 0.000000 0.000000 0.000000 0.000000 0.000000 0.000000 0.000000 0.000001 0.000001 0.000001 0.000002 0.000003 0.000005 0.000007 0.000010 0.000013 0.000018 0.000025 0.000033 0.000043 0.000055 0.000069 0.000086 0.000105 0.000125 0.000148 0.000171 0.000195 0.000218 0.000240 0.000259 0.000275 0.000287 0.000295 0.000297 0.000295 0.000287 0.000275 0.000259 0.000240 0.000218 0.000195 0.000171 0.000148 0.000125 0.000105 0.000086 0.000069 0.000055 0.000043 0.000033 0.000025 0.000018 0.000013 0.000010 0.000007 0.000005 0.000003 0.000002 0.000001 0.000001 0.000001 0.000000 0.000000 0.000000 0.000000 0.000000 0.000000 0.000000 0.000000 0.000000 0.000000 0.000000 0.000000 0.000000 0.000000 0.000000 0.000000 0.000000 0.000000 0.000000 0.000000 0.000000 0.000000 
0.000000 0.000000 0.000000 0.000000 0.000000 0.000000 0.000000 0.000000 0.000000 0.000000 0.000000 0.000000 0.000000 0.000000 0.000000 0.000000 0.000000 0.000000 0.000000 0.000000 0.000000 0.000000 0.000001 0.000001 0.000002 0.000003 0.000004 0.000006 0.000009 0.000013 0.000018 0.000026 0.000035 0.000048 0.000063 0.000082 0.000106 0.000133 0.000165 0.000201 0.000241 0.000284 0.000329 0.000374 0.000418 0.000460 0.000497 0.000528 0.000551 0.000565 0.000570 0.000565 0.000551 0.000528 0.000497 0.000460 0.000418 0.000374 0.000329 0.000284 0.000241 0.000201 0.000165 0.000133 0.000106 0.000082 0.000063 0.000048 0.000035 0.000026 0.000018 0.000013 0.000009 0.000006 0.000004 0.000003 0.000002 0.000001 0.000001 0.000000 0.000000 0.000000 0.000000 0.000000 0.000000 0.000000 0.000000 0.000000 0.000000 0.000000 0.000000 0.000000 0.000000 0.000000 0.000000 0.000000 0.000000 0.000000 0.000000 0.000000 
0.000000 0.000000 0.000000 0.000000 0.000000 0.000000 0.000000 0.000000 0.000000 0.000000 0.000000 0.000000 0.000000 0.000000 0.000000 0.000000 0.000000 0.000000 0.000000 0.000000 0.000000 0.000001 0.000001 0.000002 0.000003 0.000005 0.000008 0.000012 0.000017 0.000025 0.000035 0.000049 0.000067 0.000090 0.000120 0.000156 0.000200 0.000252 0.000313 0.000381 0.000456 0.000537 0.000621 0.000707 0.000790 0.000869 0.000939 0.000997 0.001041 0.001068 0.001077 0.001068 0.001041 0.000997 0.000939 0.000869 0.000790 0.000707 0.000621 0.000537 0.000456 0.000381 0.000313 0.000252 0.000200 0.000156 0.000120 0.000090 0.000067 0.000049 0.000035 0.000025 0.000017 0.000012 0.000008 0.000005 0.000003 0.000002 0.000001 0.000001 0.000000 0.000000 0.000000 0.000000 0.000000 0.000000 0.000000 0.000000 0.000000 0.000000 0.000000 0.000000 0.000000 0.000000 0.000000 0.000000 0.000000 0.000000 0.000000 0.000000 
0.000000 0.000000 0.000000 0.000000 0.000000 0.000000 0.000000 0.000000 0.000000 0.000000 0.000000 0.000000 0.000000 0.000000 0.000000 0.000000 0.000000 0.000000 0.000000 0.000001 0.000001 0.000002 0.000003 0.000004 0.000006 0.000010 0.000015 0.000022 0.000032 0.000046 0.000065 0.000091 0.000125 0.000169 0.000224 0.000291 0.000373 0.000470 0.000583 0.000710 0.000850 0.001000 0.001157 0.001316 0.001471 0.001616 0.001746 0.001854 0.001936 0.001986 0.002003 0.001986 0.001936 0.001854 0.001746 0.001616 0.001471 0.001316 0.001157 0.001000 0.000850 0.000710 0.000583 0.000470 0.000373 0.000291 0.000224 0.000169 0.000125 0.000091 0.000065 0.000046 0.000032 0.000022 0.000015 0.000010 0.000006 0.000004 0.000003 0.000002 0.000001 0.000001 0.000000 0.000000 0.000000 0.000000 0.000000 0.000000 0.000000 0.000000 0.000000 0.000000 0.000000 0.000000 0.000000 0.000000 0.000000 0.000000 0.000000 0.000000 
0.000000 0.000000 0.000000 0.000000 0.000000 0.000000 0.000000 0.000000 0.000000 0.000000 0.000000 0.000000 0.000000 0.000000 0.000000 0.000000 0.000000 0.000000 0.000001 0.000001 0.000002 0.000003 0.000005 0.000007 0.000012 0.000018 0.000027 0.000040 0.000059 0.000085 0.000121 0.000168 0.000230 0.000310 0.000411 0.000536 0.000686 0.000864 0.001070 0.001302 0.001559 0.001834 0.002121 0.002412 0.002696 0.002962 0.003199 0.003397 0.003546 0.003638 0.003669 0.003638 0.003546 0.003397 0.003199 0.002962 0.002696 0.002412 0.002121 0.001834 0.001559 0.001302 0.001070 0.000864 0.000686 0.000536 0.000411 0.000310 0.000230 0.000168 0.000121 0.000085 0.000059 0.000040 0.000027 0.000018 0.000012 0.000007 0.000005 0.000003 0.000002 0.000001 0.000001 0.000000 0.000000 0.000000 0.000000 0.000000 0.000000 0.000000 0.000000 0.000000 0.000000 0.000000 0.000000 0.000000 0.000000 0.000000 0.000000 0.000000 
0.000000 0.000000 0.000000 0.000000 0.000000 0.000000 0.000000 0.000000 0.000000 0.000000 0.000000 0.000000 0.000000 0.000000 0.000000 0.000000 0.000000 0.000001 0.000001 0.000002 0.000003 0.000005 0.000008 0.000014 0.000021 0.000033 0.000049 0.000073 0.000107 0.000155 0.000219 0.000305 0.000418 0.000562 0.000745 0.000970 0.001241 0.001563 0.001934 0.002353 0.002816 0.003312 0.003829 0.004353 0.004864 0.005344 0.005771 0.006127 0.006395 0.006561 0.006618 0.006561 0.006395 0.006127 0.005771 0.005344 0.004864 0.004353 0.003829 0.003312 0.002816 0.002353 0.001934 0.001563 0.001241 0.000970 0.000745 0.000562 0.000418 0.000305 0.000219 0.000155 0.000107 0.000073 0.000049 0.000033 0.000021 0.000014 0.000008 0.000005 0.000003 0.000002 0.000001 0.000001 0.000000 0.000000 0.000000 0.000000 0.000000 0.000000 0.000000 0.000000 0.000000 0.000000 0.000000 0.000000 0.000000 0.000000 0.000000 0.000000 
0.000000 0.000000 0.000000 0.000000 0.000000 0.000000 0.000000 0.000000 0.000000 0.000000 0.000000 0.000000 0.000000 0.000000 0.000000 0.000000 0.000001 0.000001 0.000002 0.000003 0.000006 0.000009 0.000015 0.000024 0.000038 0.000058 0.000088 0.000131 0.000192 0.000276 0.000391 0.000544 0.000745 0.001003 0.001328 0.001728 0.002211 0.002782 0.003442 0.004187 0.005008 0.005888 0.006806 0.007735 0.008643 0.009493 0.010251 0.010883 0.011357 0.011652 0.011752 0.011652 0.011357 0.010883 0.010251 0.009493 0.008643 0.007735 0.006806 0.005888 0.005008 0.004187 0.003442 0.002782 0.002211 0.001728 0.001328 0.001003 0.000745 0.000544 0.000391 0.000276 0.000192 0.000131 0.000088 0.000058 0.000038 0.000024 0.000015 0.000009 0.000006 0.000003 0.000002 0.000001 0.000001 0.000000 0.000000 0.000000 0.000000 0.000000 0.000000 0.000000 0.000000 0.000000 0.000000 0.000000 0.000000 0.000000 0.000000 0.000000 
0.000000 0.000000 0.000000 0.000000 0.000000 0.000000 0.000000 0.000000 0.000000 0.000000 0.000000 0.000000 0.000000 0.000000 0.000000 0.000001 0.000001 0.000002 0.000004 0.000006 0.000010 0.000017 0.000027 0.000043 0.000067 0.000103 0.000156 0.000231 0.000338 0.000486 0.000688 0.000957 0.001309 0.001761 0.002330 0.003031 0.003878 0.004877 0.006031 0.007334 0.008768 0.010307 0.011912 0.013534 0.015119 0.016604 0.017927 0.019029 0.019858 0.020372 0.020546 0.020372 0.019858 0.019029 0.017927 0.016604 0.015119 0.013534 0.011912 0.010307 0.008768 0.007334 0.006031 0.004877 0.003878 0.003031 0.002330 0.001761 0.001309 0.000957 0.000688 0.000486 0.000338 0.000231 0.000156 0.000103 0.000067 0.000043 0.000027 0.000017 0.000010 0.000006 0.000004 0.000002 0.000001 0.000001 0.000000 0.000000 0.000000 0.000000 0.000000 0.000000 0.000000 0.000000 0.000000 0.000000 0.000000 0.000000 0.000000 0.000000 
0.000000 0.000000 0.000000 0.000000 0.000000 0.000000 0.000000 0.000000 0.000000 0.000000 0.000000 0.000000 0.000000 0.000000 0.000001 0.000001 0.000002 0.000004 0.000006 0.000011 0.000018 0.000029 0.000047 0.000075 0.000116 0.000179 0.000270 0.000401 0.000586 0.000843 0.001191 0.001656 0.002264 0.003045 0.004026 0.005235 0.006694 0.008416 0.010404 0.012647 0.015115 0.017762 0.020523 0.023313 0.026038 0.028591 0.030865 0.032759 0.034183 0.035066 0.035366 0.035066 0.034183 0.032759 0.030865 0.028591 0.026038 0.023313 0.020523 0.017762 0.015115 0.012647 0.010404 0.008416 0.006694 0.005235 0.004026 0.003045 0.002264 0.001656 0.001191 0.000843 0.000586 0.000401 0.000270 0.000179 0.000116 0.000075 0.000047 0.000029 0.000018 0.000011 0.000006 0.000004 0.000002 0.000001 0.000001 0.000000 0.000000 0.000000 0.000000 0.000000 0.000000 0.000000 0.000000 0.000000 0.000000 0.000000 0.000000 0.000000 
0.000000 0.000000 0.000000 0.000000 0.000000 0.000000 0.000000 0.000000 0.000000 0.000000 0.000000 0.000000 0.000000 0.000001 0.000001 0.000002 0.000004 0.000006 0.000011 0.000018 0.000031 0.000050 0.000081 0.000128 0.000199 0.000306 0.000461 0.000685 0.001000 0.001437 0.002030 0.002821 0.003855 0.005181 0.006848 0.008900 0.011375 0.014296 0.017667 0.021468 0.025650 0.030134 0.034809 0.039534 0.044145 0.048466 0.052315 0.055519 0.057928 0.059423 0.059930 0.059423 0.057928 0.055519 0.052315 0.048466 0.044145 0.039534 0.034809 0.030134 0.025650 0.021468 0.017667 0.014296 0.011375 0.008900 0.006848 0.005181 0.003855 0.002821 0.002030 0.001437 0.001000 0.000685 0.000461 0.000306 0.000199 0.000128 0.000081 0.000050 0.000031 0.000018 0.000011 0.000006 0.000004 0.000002 0.000001 0.000001 0.000000 0.000000 0.000000 0.000000 0.000000 0.000000 0.000000 0.000000 0.000000 0.000000 0.000000 0.000000 
0.000000 0.000000 0.000000 0.000000 0.000000 0.000000 0.000000 0.000000 0.000000 0.000000 0.000000 0.000000 0.000001 0.000001 0.000002 0.000003 0.000006 0.000011 0.000018 0.000031 0.000052 0.000084 0.000136 0.000215 0.000335 0.000514 0.000776 0.001151 0.001680 0.002412 0.003406 0.004730 0.006460 0.008678 0.011464 0.014893 0.019027 0.023903 0.029530 0.035872 0.042849 0.050326 0.058119 0.065994 0.073678 0.080878 0.087290 0.092627 0.096638 0.099128 0.099972 0.099128 0.096638 0.092627 0.087290 0.080878 0.073678 0.065994 0.058119 0.050326 0.042849 0.035872 0.029530 0.023903 0.019027 0.014893 0.011464 0.008678 0.006460 0.004730 0.003406 0.002412 0.001680 0.001151 0.000776 0.000514 0.000335 0.000215 0.000136 0.000084 0.000052 0.000031 0.000018 0.000011 0.000006 0.000003 0.000002 0.000001 0.000001 0.000000 0.000000 0.000000 0.000000 0.000000 0.000000 0.000000 0.000000 0.000000 0.000000 0.000000 
0.000000 0.000000 0.000000 0.000000 0.000000 0.000000 0.000000 0.000000 0.000000 0.000000 0.000000 0.000000 0.000001 0.000002 0.000003 0.000006 0.000010 0.000018 0.000031 0.000052 0.000086 0.000140 0.000225 0.000357 0.000556 0.000852 0.001284 0.001904 0.002777 0.003984 0.005623 0.007804 0.010654 0.014305 0.018890 0.024530 0.031327 0.039342 0.048586 0.059002 0.070457 0.082732 0.095520 0.108440 0.121047 0.132855 0.143370 0.152122 0.158699 0.162782 0.164166 0.162782 0.158699 0.152122 0.143370 0.132855 0.121047 0.108440 0.095520 0.082732 0.070457 0.059002 0.048586 0.039342 0.031327 0.024530 0.018890 0.014305 0.010654 0.007804 0.005623 0.003984 0.002777 0.001904 0.001284 0.000852 0.000556 0.000357 0.000225 0.000140 0.000086 0.000052 0.000031 0.000018 0.000010 0.000006 0.000003 0.000002 0.000001 0.000000 0.000000 0.000000 0.000000 0.000000 0.000000 0.000000 0.000000 0.000000 0.000000 0.000000 
0.000000 0.000000 0.000000 0.000000 0.000000 0.000000 0.000000 0.000000 0.000000 0.000000 0.000000 0.000001 0.000002 0.000003 0.000005 0.000009 0.000017 0.000029 0.000050 0.000084 0.000140 0.000229 0.000368 0.000582 0.000906 0.001388 0.002091 0.003099 0.004517 0.006477 0.009136 0.012675 0.017295 0.023210 0.030635 0.039767 0.050766 0.063732 0.078682 0.095522 0.114036 0.133868 0.154527 0.175395 0.195752 0.214816 0.231791 0.245917 0.256533 0.263122 0.265356 0.263122 0.256533 0.245917 0.231791 0.214816 0.195752 0.175395 0.154527 0.133868 0.114036 0.095522 0.078682 0.063732 0.050766 0.039767 0.030635 0.023210 0.017295 0.012675 0.009136 0.006477 0.004517 0.003099 0.002091 0.001388 0.000906 0.000582 0.000368 0.000229 0.000140 0.000084 0.000050 0.000029 0.000017 0.000009 0.000005 0.000003 0.000002 0.000001 0.000000 0.000000 0.000000 0.000000 0.000000 0.000000 0.000000 0.000000 0.000000 0.000000 
0.000000 0.000000 0.000000 0.000000 0.000000 0.000000 0.000000 0.000000 0.000000 0.000000 0.000001 0.000001 0.000003 0.000005 0.000008 0.000015 0.000027 0.000047 0.000081 0.000136 0.000225 0.000368 0.000592 0.000935 0.001455 0.002226 0.003351 0.004963 0.007231 0.010363 0.014609 0.020257 0.027629 0.037063 0.048899 0.063450 0.080969 0.101615 0.125411 0.152209 0.181661 0.213204 0.246053 0.279227 0.311584 0.341882 0.368855 0.391300 0.408166 0.418634 0.422182 0.418634 0.408166 0.391300 0.368855 0.341882 0.311584 0.279227 0.246053 0.213204 0.181661 0.152209 0.125411 0.101615 0.080969 0.063450 0.048899 0.037063 0.027629 0.020257 0.014609 0.010363 0.007231 0.004963 0.003351 0.002226 0.001455 0.000935 0.000592 0.000368 0.000225 0.000136 0.000081 0.000047 0.000027 0.000015 0.000008 0.000005 0.000003 0.000001 0.000001 0.000000 0.000000 0.000000 0.000000 0.000000 0.000000 0.000000 0.000000 0.000000 
0.000000 0.000000 0.000000 0.000000 0.000000 0.000000 0.000000 0.000000 0.000000 0.000001 0.000001 0.000002 0.000004 0.000007 0.000014 0.000024 0.000043 0.000075 0.000128 0.000215 0.000357 0.000582 0.000935 0.001477 0.002296 0.003512 0.005284 0.007822 0.011390 0.016315 0.022988 0.031862 0.043436 0.058243 0.076812 0.099632 0.127098 0.159453 0.196734 0.238705 0.284821 0.334197 0.385609 0.437518 0.488140 0.535534 0.577722 0.612825 0.639200 0.655568 0.661117 0.655568 0.639200 0.612825 0.577722 0.535534 0.488140 0.437518 0.385609 0.334197 0.284821 0.238705 0.196734 0.159453 0.127098 0.099632 0.076812 0.058243 0.043436 0.031862 0.022988 0.016315 0.011390 0.007822 0.005284 0.003512 0.002296 0.001477 0.000935 0.000582 0.000357 0.000215 0.000128 0.000075 0.000043 0.000024 0.000014 0.000007 0.000004 0.000002 0.000001 0.000001 0.000000 0.000000 0.000000 0.000000 0.000000 0.000000 0.000000 0.000000 
0.000000 0.000000 0.000000 0.000000 0.000000 0.000000 0.000000 0.000000 0.000000 0.000001 0.000002 0.000003 0.000006 0.000012 0.000021 0.000038 0.000067 0.000116 0.000199 0.000335 0.000556 0.000906 0.001455 0.002296 0.003567 0.005453 0.008199 0.012130 0.017654 0.025275 0.035597 0.049315 0.067201 0.090072 0.118742 0.153963 0.196339 0.246244 0.303726 0.368423 0.439492 0.515567 0.594760 0.674705 0.752654 0.825623 0.890569 0.944602 0.985198 1.010391 1.018931 1.010391 0.985198 0.944602 0.890569 0.825623 0.752654 0.674705 0.594760 0.515567 0.439492 0.368423 0.303726 0.246244 0.196339 0.153963 0.118742 0.090072 0.067201 0.049315 0.035597 0.025275 0.017654 0.012130 0.008199 0.005453 0.003567 0.002296 0.001455 0.000906 0.000556 0.000335 0.000199 0.000116 0.000067 0.000038 0.000021 0.000012 0.000006 0.000003 0.000002 0.000001 0.000000 0.000000 0.000000 0.000000 0.000000 0.000000 0.000000 0.000000 
0.000000 0.000000 0.000000 0.000000 0.000000 0.000000 0.000000 0.000000 0.000001 0.000001 0.000003 0.000005 0.000010 0.000018 0.000033 0.000058 0.000103 0.000179 0.000306 0.000514 0.000852 0.001388 0.002226 0.003512 0.005453 0.008329 0.012518 0.018510 0.026925 0.038530 0.054240 0.075109 0.102307 0.137072 0.180636 0.234133 0.298476 0.374228 0.461456 0.559605 0.667394 0.782749 0.902807 1.023984 1.142118 1.252687 1.351089 1.432950 1.494448 1.532610 1.545547 1.532610 1.494448 1.432950 1.351089 1.252687 1.142118 1.023984 0.902807 0.782749 0.667394 0.559605 0.461456 0.374228 0.298476 0.234133 0.180636 0.137072 0.102307 0.075109 0.054240 0.038530 0.026925 0.018510 0.012518 0.008329 0.005453 0.003512 0.002226 0.001388 0.000852 0.000514 0.000306 0.000179 0.000103 0.000058 0.000033 0.000018 0.000010 0.000005 0.000003 0.000001 0.000001 0.000000 0.000000 0.000000 0.000000 0.000000 0.000000 0.000000 
0.000000 0.000000 0.000000 0.000000 0.000000 0.000000 0.000000 0.000001 0.000001 0.000002 0.000004 0.000008 0.000015 0.000027 0.000049 0.000088 0.000156 0.000270 0.000461 0.000776 0.001284 0.002091 0.003351 0.005284 0.008199 0.012518 0.018804 0.027790 0.040405 0.057793 0.081320 0.112561 0.153260 0.205261 0.270401 0.350364 0.446509 0.559666 0.689929 0.836464 0.997350 1.169494 1.348621 1.529386 1.705583 1.870477 2.017209 2.139265 2.230955 2.287849 2.307135 2.287849 2.230955 2.139265 2.017209 1.870477 1.705583 1.529386 1.348621 1.169494 0.997350 0.836464 0.689929 0.559666 0.446509 0.350364 0.270401 0.205261 0.153260 0.112561 0.081320 0.057793 0.040405 0.027790 0.018804 0.012518 0.008199 0.005284 0.003351 0.002091 0.001284 0.000776 0.000461 0.000270 0.000156 0.000088 0.000049 0.000027 0.000015 0.000008 0.000004 0.000002 0.000001 0.000001 0.000000 0.000000 0.000000 0.000000 0.000000 0.000000 
0.000000 0.000000 0.000000 0.000000 0.000000 0.000000 0.000000 0.000001 0.000002 0.000003 0.000006 0.000012 0.000022 0.000040 0.000073 0.000131 0.000231 0.000401 0.000685 0.001151 0.001904 0.003099 0.004963 0.007822 0.012130 0.018510 0.027790 0.041049 0.059656 0.085291 0.119962 0.165980 0.225907 0.302446 0.398290 0.515906 0.657280 0.823618 1.015051 1.230343 1.466666 1.719471 1.982483 2.247855 2.506484 2.748490 2.963818 3.142920 3.277455 3.360931 3.389227 3.360931 3.277455 3.142920 2.963818 2.748490 2.506484 2.247855 1.982483 1.719471 1.466666 1.230343 1.015051 0.823618 0.657280 0.515906 0.398290 0.302446 0.225907 0.165980 0.119962 0.085291 0.059656 0.041049 0.027790 0.018510 0.012130 0.007822 0.004963 0.003099 0.001904 0.001151 0.000685 0.000401 0.000231 0.000131 0.000073 0.000040 0.000022 0.000012 0.000006 0.000003 0.000002 0.000001 0.000000 0.000000 0.000000 0.000000 0.000000 0.000000 
0.000000 0.000000 0.000000 0.000000 0.000000 0.000000 0.000001 0.000001 0.000002 0.000005 0.000009 0.000017 0.000032 0.000059 0.000107 0.000192 0.000338 0.000586 0.001000 0.001680 0.002777 0.004517 0.007231 0.011390 0.017654 0.026925 0.040405 0.059656 0.086657 0.123842 0.174113 0.240811 0.327634 0.438486 0.577250 0.747481 0.952036 1.192647 1.469484 1.780749 2.122346 2.487694 2.867724 3.251101 3.624685 3.974216 4.285184 4.543815 4.738077 4.858608 4.899464 4.858608 4.738077 4.543815 4.285184 3.974216 3.624685 3.251101 2.867724 2.487694 2.122346 1.780749 1.469484 1.192647 0.952036 0.747481 0.577250 0.438486 0.327634 0.240811 0.174113 0.123842 0.086657 0.059656 0.040405 0.026925 0.017654 0.011390 0.007231 0.004517 0.002777 0.001680 0.001000 0.000586 0.000338 0.000192 0.000107 0.000059 0.000032 0.000017 0.000009 0.000005 0.000002 0.000001 0.000001 0.000000 0.000000 0.000000 0.000000 0.000000 
0.000000 0.000000 0.000000 0.000000 0.000000 0.000000 0.000001 0.000002 0.000003 0.000007 0.000013 0.000025 0.000046 0.000085 0.000155 0.000276 0.000486 0.000843 0.001437 0.002412 0.003984 0.006477 0.010363 0.016315 0.025275 0.038530 0.057793 0.085291 0.123842 0.176911 0.248627 0.343741 0.467510 0.625479 0.823159 1.065593 1.356825 1.699299 2.093239 2.536067 3.021945 3.541506 4.081853 4.626876 5.157904 5.654685 6.096616 6.464140 6.740177 6.911439 6.969490 6.911439 6.740177 6.464140 6.096616 5.654685 5.157904 4.626876 4.081853 3.541506 3.021945 2.536067 2.093239 1.699299 1.356825 1.065593 0.823159 0.625479 0.467510 0.343741 0.248627 0.176911 0.123842 0.085291 0.057793 0.038530 0.025275 0.016315 0.010363 0.006477 0.003984 0.002412 0.001437 0.000843 0.000486 0.000276 0.000155 0.000085 0.000046 0.000025 0.000013 0.000007 0.000003 0.000002 0.000001 0.000000 0.000000 0.000000 0.000000 0.000000 
0.000000 0.000000 0.000000 0.000000 0.000000 0.000001 0.000001 0.000002 0.000005 0.000010 0.000018 0.000035 0.000065 0.000121 0.000219 0.000391 0.000688 0.001191 0.002030 0.003406 0.005623 0.009136 0.014609 0.022988 0.035597 0.054240 0.081320 0.119962 0.174113 0.248627 0.349284 0.482734 0.656328 0.877817 1.154900 1.494614 1.902595 2.382237 2.933827 3.553734 4.233768 4.960813 5.716819 6.479255 7.222019 7.916803 8.534819 9.048743 9.434716 9.674176 9.755343 9.674176 9.434716 9.048743 8.534819 7.916803 7.222019 6.479255 5.716819 4.960813 4.233768 3.553734 2.933827 2.382237 1.902595 1.494614 1.154900 0.877817 0.656328 0.482734 0.349284 0.248627 0.174113 0.119962 0.081320 0.054240 0.035597 0.022988 0.014609 0.009136 0.005623 0.003406 0.002030 0.001191 0.000688 0.000391 0.000219 0.000121 0.000065 0.000035 0.000018 0.000010 0.000005 0.000002 0.000001 0.000001 0.000000 0.000000 0.000000 0.000000 
0.000000 0.000000 0.000000 0.000000 0.000000 0.000001 0.000002 0.000003 0.000007 0.000013 0.000026 0.000049 0.000091 0.000168 0.000305 0.000544 0.000957 0.001656 0.002821 0.004730 0.007804 0.012675 0.020257 0.031862 0.049315 0.075109 0.112561 0.165980 0.240811 0.343741 0.482734 0.666945 0.906491 1.212034 1.594155 2.062520 2.624859 3.285810 4.045732 4.899597 5.836103 6.837173 7.877958 8.927447 9.949734 10.905885 11.756312 12.463454 12.994513 13.323973 13.435644 13.323973 12.994513 12.463454 11.756312 10.905885 9.949734 8.927447 7.877958 6.837173 5.836103 4.899597 4.045732 3.285810 2.624859 2.062520 1.594155 1.212034 0.906491 0.666945 0.482734 0.343741 0.240811 0.165980 0.112561 0.075109 0.049315 0.031862 0.020257 0.012675 0.007804 0.004730 0.002821 0.001656 0.000957 0.000544 0.000305 0.000168 0.000091 0.000049 0.000026 0.000013 0.000007 0.000003 0.000002 0.000001 0.000000 0.000000 0.000000 0.000000 
0.000000 0.000000 0.000000 0.000000 0.000001 0.000001 0.000002 0.000005 0.000009 0.000018 0.000035 0.000067 0.000125 0.000230 0.000418 0.000745 0.001309 0.002264 0.003855 0.006460 0.010654 0.017295 0.027629 0.043436 0.067201 0.102307 0.153260 0.225907 0.327634 0.467510 0.656328 0.906491 1.231700 1.646383 2.164852 2.800172 3.562773 4.458899 5.488990 6.646193 7.915164 9.271395 10.681219 12.102647 13.487070 14.781801 15.933275 16.890679 17.609645 18.055666 18.206842 18.055666 17.609645 16.890679 15.933275 14.781801 13.487070 12.102647 10.681219 9.271395 7.915164 6.646193 5.488990 4.458899 3.562773 2.800172 2.164852 1.646383 1.231700 0.906491 0.656328 0.467510 0.327634 0.225907 0.153260 0.102307 0.067201 0.043436 0.027629 0.017295 0.010654 0.006460 0.003855 0.002264 0.001309 0.000745 0.000418 0.000230 0.000125 0.000067 0.000035 0.000018 0.000009 0.000005 0.000002 0.000001 0.000001 0.000000 0.000000 0.000000 
0.000000 0.000000 0.000000 0.000000 0.000001 0.000002 0.000003 0.000006 0.000013 0.000025 0.000048 0.000090 0.000169 0.000310 0.000562 0.001003 0.001761 0.003045 0.005181 0.008678 0.014305 0.023210 0.037063 0.058243 0.090072 0.137072 0.205261 0.302446 0.438486 0.625479 0.877817 1.212034 1.646383 2.200078 2.892168 3.740026 4.757508 5.952879 7.326673 8.869699 10.561467 12.369284 14.248276 16.142493 17.987196 19.712222 21.246262 22.521672 23.479402 24.073525 24.274896 24.073525 23.479402 22.521672 21.246262 19.712222 17.987196 16.142493 14.248276 12.369284 10.561467 8.869699 7.326673 5.952879 4.757508 3.740026 2.892168 2.200078 1.646383 1.212034 0.877817 0.625479 0.438486 0.302446 0.205261 0.137072 0.090072 0.058243 0.037063 0.023210 0.014305 0.008678 0.005181 0.003045 0.001761 0.001003 0.000562 0.000310 0.000169 0.000090 0.000048 0.000025 0.000013 0.000006 0.000003 0.000002 0.000001 0.000000 0.000000 0.000000 
0.000000 0.000000 0.000000 0.000000 0.000001 0.000002 0.000004 0.000008 0.000017 0.000033 0.000063 0.000120 0.000224 0.000411 0.000745 0.001328 0.002330 0.004026 0.006848 0.011464 0.018890 0.030635 0.048899 0.076812 0.118742 0.180636 0.270401 0.398290 0.577250 0.823159 1.154900 1.594155 2.164852 2.892168 3.801047 4.914224 6.249810 7.818576 9.621151 11.645420 13.864459 16.235367 18.699288 21.182881 23.601302 25.862625 27.873436 29.545138 30.800395 31.579064 31.842981 31.579064 30.800395 29.545138 27.873436 25.862625 23.601302 21.182881 18.699288 16.235367 13.864459 11.645420 9.621151 7.818576 6.249810 4.914224 3.801047 2.892168 2.164852 1.594155 1.154900 0.823159 0.577250 0.398290 0.270401 0.180636 0.118742 0.076812 0.048899 0.030635 0.018890 0.011464 0.006848 0.004026 0.002330 0.001328 0.000745 0.000411 0.000224 0.000120 0.000063 0.000033 0.000017 0.000008 0.000004 0.000002 0.000001 0.000001 0.000000 0.000000 
0.000000 0.000000 0.000000 0.000001 0.000001 0.000003 0.000005 0.000011 0.000022 0.000043 0.000082 0.000156 0.000291 0.000536 0.000970 0.001728 0.003031 0.005235 0.008900 0.014893 0.024530 0.039767 0.063450 0.099632 0.153963 0.234133 0.350364 0.515906 0.747481 1.065593 1.494614 2.062520 2.800172 3.740026 4.914224 6.352040 8.076768 10.102222 12.429131 15.041783 17.905382 20.964535 24.143305 27.347097 30.466513 33.383052 35.976312 38.132117 39.750811 40.754903 41.095218 40.754903 39.750811 38.132117 35.976312 33.383052 30.466513 27.347097 24.143305 20.964535 17.905382 15.041783 12.429131 10.102222 8.076768 6.352040 4.914224 3.740026 2.800172 2.062520 1.494614 1.065593 0.747481 0.515906 0.350364 0.234133 0.153963 0.099632 0.063450 0.039767 0.024530 0.014893 0.008900 0.005235 0.003031 0.001728 0.000970 0.000536 0.000291 0.000156 0.000082 0.000043 0.000022 0.000011 0.000005 0.000003 0.000001 0.000001 0.000000 0.000000 
0.000000 0.000000 0.000000 0.000001 0.000002 0.000003 0.000007 0.000014 0.000028 0.000055 0.000106 0.000200 0.000373 0.000686 0.001241 0.002211 0.003878 0.006694 0.011375 0.019027 0.031327 0.050766 0.080969 0.127098 0.196339 0.298476 0.446509 0.657280 0.952036 1.356825 1.902595 2.624859 3.562773 4.757508 6.249810 8.076768 10.267863 12.840534 15.795602 19.113035 22.748587 26.631905 30.666591 34.732613 38.691190 42.392023 45.682429 48.417635 50.471295 51.745167 52.176912 51.745167 50.471295 48.417635 45.682429 42.392023 38.691190 34.732613 30.666591 26.631905 22.748587 19.113035 15.795602 12.840534 10.267863 8.076768 6.249810 4.757508 3.562773 2.624859 1.902595 1.356825 0.952036 0.657280 0.446509 0.298476 0.196339 0.127098 0.080969 0.050766 0.031327 0.019027 0.011375 0.006694 0.003878 0.002211 0.001241 0.000686 0.000373 0.000200 0.000106 0.000055 0.000028 0.000014 0.000007 0.000003 0.000002 0.000001 0.000001 0.000001 
0.000000 0.000000 0.000001 0.000001 0.000002 0.000004 0.000009 0.000018 0.000035 0.000069 0.000133 0.000252 0.000470 0.000864 0.001563 0.002782 0.004877 0.008416 0.014296 0.023903 0.039342 0.063732 0.101615 0.159453 0.246244 0.374228 0.559666 0.823618 1.192647 1.699299 2.382237 3.285810 4.458899 5.952879 7.818576 10.102222 12.840534 16.055173 19.747049 23.891037 28.431800 33.281430 38.319544 43.396294 48.338469 52.958521 57.065953 60.480160 63.043538 64.633545 65.172430 64.633545 63.043538 60.480160 57.065953 52.958521 48.338469 43.396294 38.319544 33.281430 28.431800 23.891037 19.747049 16.055173 12.840534 10.102222 7.818576 5.952879 4.458899 3.285810 2.382237 1.699299 1.192647 0.823618 0.559666 0.374228 0.246244 0.159453 0.101615 0.063732 0.039342 0.023903 0.014296 0.008416 0.004877 0.002782 0.001563 0.000864 0.000470 0.000252 0.000133 0.000069 0.000035 0.000018 0.000009 0.000004 0.000002 0.000001 0.000001 0.000001 
0.000000 0.000000 0.000001 0.000001 0.000003 0.000005 0.000011 0.000022 0.000044 0.000086 0.000165 0.000313 0.000583 0.001070 0.001934 0.003442 0.006031 0.010404 0.017667 0.029530 0.048586 0.078682 0.125411 0.196734 0.303726 0.461456 0.689929 1.015051 1.469484 2.093239 2.933827 4.045732 5.488990 7.326673 9.621151 12.429131 15.795602 19.747049 24.284455 29.376832 34.956098 40.914202 47.103245 53.339187 59.409348 65.083482 70.127756 74.320502 77.468298 79.420763 80.082484 79.420763 77.468298 74.320502 70.127756 65.083482 59.409348 53.339187 47.103245 40.914202 34.956098 29.376832 24.284455 19.747049 15.795602 12.429131 9.621151 7.326673 5.488990 4.045732 2.933827 2.093239 1.469484 1.015051 0.689929 0.461456 0.303726 0.196734 0.125411 0.078682 0.048586 0.029530 0.017667 0.010404 0.006031 0.003442 0.001934 0.001070 0.000583 0.000313 0.000165 0.000086 0.000044 0.000022 0.000011 0.000005 0.000003 0.000001 0.000001 0.000001 
0.000000 0.000000 0.000001 0.000002 0.000003 0.000007 0.000013 0.000027 0.000054 0.000105 0.000201 0.000381 0.000710 0.001302 0.002353 0.004187 0.007334 0.012647 0.021468 0.035872 0.059002 0.095522 0.152209 0.238705 0.368423 0.559605 0.836464 1.230343 1.780749 2.536067 3.553734 4.899597 6.646193 8.869699 11.645420 15.041783 19.113035 23.891037 29.376832 35.532830 42.276645 49.477625 56.957022 64.492471 71.827059 78.682701 84.777012 89.842327 93.645105 96.003783 96.803168 96.003783 93.645105 89.842327 84.777012 78.682701 71.827059 64.492471 56.957022 49.477625 42.276645 35.532830 29.376832 23.891037 19.113035 15.041783 11.645420 8.869699 6.646193 4.899597 3.553734 2.536067 1.780749 1.230343 0.836464 0.559605 0.368423 0.238705 0.152209 0.095522 0.059002 0.035872 0.021468 0.012647 0.007334 0.004187 0.002353 0.001302 0.000710 0.000381 0.000201 0.000105 0.000054 0.000027 0.000013 0.000007 0.000003 0.000002 0.000001 0.000001 
0.000001 0.000001 0.000001 0.000002 0.000004 0.000008 0.000016 0.000032 0.000064 0.000125 0.000241 0.000456 0.000850 0.001559 0.002816 0.005008 0.008768 0.015115 0.025650 0.042849 0.070457 0.114036 0.181661 0.284821 0.439492 0.667394 0.997350 1.466666 2.122346 3.021945 4.233768 5.836103 7.915164 10.561467 13.864459 17.905382 22.748587 28.431800 34.956098 42.276645 50.295374 58.856885 67.748657 76.706389 85.424769 93.573379 100.816728 106.836843 111.356307 114.159458 115.109471 114.159458 111.356307 106.836843 100.816728 93.573379 85.424769 76.706389 67.748657 58.856885 50.295374 42.276645 34.956098 28.431800 22.748587 17.905382 13.864459 10.561467 7.915164 5.836103 4.233768 3.021945 2.122346 1.466666 0.997350 0.667394 0.439492 0.284821 0.181661 0.114036 0.070457 0.042849 0.025650 0.015115 0.008768 0.005008 0.002816 0.001559 0.000850 0.000456 0.000241 0.000125 0.000064 0.000032 0.000016 0.000008 0.000004 0.000002 0.000001 0.000001 
0.000001 0.000001 0.000001 0.000002 0.000005 0.000009 0.000019 0.000038 0.000076 0.000148 0.000284 0.000537 0.001000 0.001834 0.003312 0.005888 0.010307 0.017762 0.030134 0.050326 0.082732 0.133868 0.213204 0.334197 0.515567 0.782749 1.169494 1.719471 2.487694 3.541506 4.960813 6.837173 9.271395 12.369284 16.235367 20.964535 26.631905 33.281430 40.914202 49.477625 58.856885 68.870163 79.268901 89.744059 99.938709 109.466618 117.935672 124.974257 130.258178 133.535419 134.646096 133.535419 130.258178 124.974257 117.935672 109.466618 99.938709 89.744059 79.268901 68.870163 58.856885 49.477625 40.914202 33.281430 26.631905 20.964535 16.235367 12.369284 9.271395 6.837173 4.960813 3.541506 2.487694 1.719471 1.169494 0.782749 0.515567 0.334197 0.213204 0.133868 0.082732 0.050326 0.030134 0.017762 0.010307 0.005888 0.003312 0.001834 0.001000 0.000537 0.000284 0.000148 0.000076 0.000038 0.000019 0.000009 0.000005 0.000002 0.000001 0.000001 
0.000001 0.000001 0.000001 0.000003 0.000005 0.000011 0.000022 0.000044 0.000088 0.000171 0.000329 0.000621 0.001157 0.002121 0.003829 0.006806 0.011912 0.020523 0.034809 0.058119 0.095520 0.154527 0.246053 0.385609 0.594760 0.902807 1.348621 1.982483 2.867724 4.081853 5.716819 7.877958 10.681219 14.248276 18.699288 24.143305 30.666591 38.319544 47.103245 56.957022 67.748657 79.268901 91.231791 103.281856 115.008607 125.967913 135.708916 143.804361 149.881535 153.650716 154.928105 153.650716 149.881535 143.804361 135.708916 125.967913 115.008607 103.281856 91.231791 79.268901 67.748657 56.957022 47.103245 38.319544 30.666591 24.143305 18.699288 14.248276 10.681219 7.877958 5.716819 4.081853 2.867724 1.982483 1.348621 0.902807 0.594760 0.385609 0.246053 0.154527 0.095520 0.058119 0.034809 0.020523 0.011912 0.006806 0.003829 0.002121 0.001157 0.000621 0.000329 0.000171 0.000088 0.000044 0.000022 0.000011 0.000005 0.000003 0.000002 0.000002 
