0.000000 0.000000 0.000000 0.000000 0.000000 0.000000 0.000000 0.000000 0.000000 0.000000 0.000000 0.000000 0.000000 0.000000 0.000000 0.000000 0.000000 0.000000 0.000000 0.000000 0.000000 0.000000 0.000000 0.000000 0.000000 0.000000 0.000000 0.000000 0.000000 0.000000 0.000000 0.000000 0.000000 0.000000 0.000000 0.000000 0.000000 0.000000 0.000000 0.000000 0.000000 0.000000 0.000000 0.000000 0.000000 0.000000 0.000000 0.000000 0.000000 0.000000 0.000000 0.000000 0.000000 0.000000 0.000000 0.000000 0.000000 0.000000 0.000000 0.000000 0.000000 0.000000 0.000000 0.000000 0.000000 0.000000 0.000000 0.000000 0.000000 0.000000 0.000000 0.000000 0.000000 0.000000 0.000000 0.000000 0.000000 0.000000 0.000000 0.000000 0.000000 0.000000 0.000000 0.000000 0.000000 0.000000 0.000000 0.000000 0.000000 0.000000 0.000000 0.000000 0.000000 0.000000 0.000000 0.000000 0.000000 0.000000 0.000000 0.000000 
0.000000 0.000000 0.000000 0.000000 0.000000 0.000000 0.000000 0.000000 0.000000 0.000000 0.000000 0.000000 0.000000 0.000000 0.000000 0.000000 0.000000 0.000000 0.000000 0.000000 0.000000 0.000000 0.000000 0.000000 0.000000 0.000000 0.000000 0.000000 0.000000 0.000000 0.000000 0.000000 0.000000 0.000000 0.000000 0.000000 0.000000 0.000000 0.000000 0.000000 0.000000 0.000000 0.000000 0.000000 0.000000 0.000000 0.000000 0.000000 0.000000 0.000000 0.000000 0.000000 0.000000 0.000000 0.000000 0.000000 0.000000 0.000000 0.000000 0.000000 0.000000 0.000000 0.000000 0.000000 0.000000 0.000000 0.000000 0.000000 0.000000 0.000000 0.000000 0.000000 0.000000 0.000000 0.000000 0.000000 0.000000 0.000000 0.000000 0.000000 0.000000 0.000000 0.000000 0.000000 0.000000 0.000000 0.000000 0.000000 0.000000 0.000000 0.000000 0.000000 0.000000 0.000000 0.000000 0.000000 0.000000 0.000000 0.000000 0.000000 
0.000000 0.000000 0.000000 0.000000 0.000000 0.000000 0.000000 0.000000 0.000000 0.000000 0.000000 0.000000 0.000000 0.000000 0.000000 0.000000 0.000000 0.000000 0.000000 0.000000 0.000000 0.000000 0.000000 0.000000 0.000000 0.000000 0.000000 0.000000 0.000000 0.000000 0.000000 0.000000 0.000000 0.000000 0.000000 0.000000 0.000000 0.000000 0.000000 0.000000 0.000000 0.000000 0.000000 0.000000 0.000000 0.000000 0.000000 0.000000 0.000000 0.000000 0.000000 0.000000 0.000000 0.000000 0.000000 0.000000 0.000000 0.000000 0.000000 0.000000 0.000000 0.000000 0.000000 0.000000 0.000000 0.000000 0.000000 0.000000 0.000000 0.000000 0.000000 0.000000 0.000000 0.000000 0.000000 0.000000 0.000000 0.000000 0.000000 0.000000 0.000000 0.000000 0.000000 0.000000 0.000000 0.000000 0.000000 0.000000 0.000000 0.000000 0.000000 0.000000 0.000000 0.000000 0.000000 0.000000 0.000000 0.000000 0.000000 0.000000 
0.000000 0.000000 0.000000 0.000000 0.000000 0.000000 0.000000 0.000000 0.000000 0.000000 0.000000 0.000000 0.000000 0.000000 0.000000 0.000000 0.000000 0.000000 0.000000 0.000000 0.000000 0.000000 0.000000 0.000000 0.000000 0.000000 0.000000 0.000000 0.000000 0.000000 0.000000 0.000000 0.000000 0.000000 0.000000 0.000000 0.000000 0.000000 0.000000 0.000000 0.000000 0.000000 0.000000 0.000000 0.000000 0.000000 0.000000 0.000000 0.000000 0.000000 0.000000 0.000000 0.000000 0.000000 0.000000 0.000000 0.000000 0.000000 0.000000 0.000000 0.000000 0.000000 0.000000 0.000000 0.000000 0.000000 0.000000 0.000000 0.000000 0.000000 0.000000 0.000000 0.000000 0.000000 0.000000 0.000000 0.000000 0.000000 0.000000 0.000000 0.000000 0.000000 0.000000 0.000000 0.000000 0.000000 0.000000 0.000000 0.000000 0.000000 0.000000 0.000000 0.000000 0.000000 0.000000 0.000000 0.000000 0.000000 0.000000 0.000000 
0.000000 0.000000 0.000000 0.000000 0.000000 0.000000 0.000000 0.000000 0.000000 0.000000 0.000000 0.000000 0.000000 0.000000 0.000000 0.000000 0.000000 0.000000 0.000000 0.000000 0.000000 0.000000 0.000000 0.000000 0.000000 0.000000 0.000000 0.000000 0.000000 0.000000 0.000000 0.000000 0.000000 0.000000 0.000000 0.000000 0.000000 0.000000 0.000000 0.000000 0.000000 0.000000 0.000000 0.000000 0.000000 0.000000 0.000000 0.000000 0.000000 0.000000 0.000000 0.000000 0.000000 0.000000 0.000000 0.000000 0.000000 0.000000 0.000000 0.000000 0.000000 0.000000 0.000000 0.000000 0.000000 0.000000 0.000000 0.000000 0.000000 0.000000 0.000000 0.000000 0.000000 0.000000 0.000000 0.000000 0.000000 0.000000 0.000000 0.000000 0.000000 0.000000 0.000000 0.000000 0.000000 0.000000 0.000000 0.000000 0.000000 0.000000 0.000000 0.000000 0.000000 0.000000 0.000000 0.000000 0.000000 0.000000 0.000000 0.000000 
0.000000 0.000000 0.000000 0.000000 0.000000 0.000000 0.000000 0.000000 0.000000 0.000000 0.000000 0.000000 0.000000 0.000000 0.000000 0.000000 0.000000 0.000000 0.000000 0.000000 0.000000 0.000000 0.000000 0.000000 0.000000 0.000000 0.000000 0.000000 0.000000 0.000000 0.000000 0.000000 0.000000 0.000000 0.000000 0.000000 0.000000 0.000000 0.000000 0.000000 0.000000 0.000000 0.000000 0.000000 0.000000 0.000000 0.000000 0.000000 0.000000 0.000000 0.000000 0.000000 0.000000 0.000000 0.000000 0.000000 0.000000 0.000000 0.000000 0.000000 0.000000 0.000000 0.000000 0.000000 0.000000 0.000000 0.000000 0.000000 0.000000 0.000000 0.000000 0.000000 0.000000 0.000000 0.000000 0.000000 0.000000 0.000000 0.000000 0.000000 0.000000 0.000000 0.000000 0.000000 0.000000 0.000000 0.000000 0.000000 0.000000 0.000000 0.000000 0.000000 0.000000 0.000000 0.000000 0.000000 0.000000 0.000000 0.000000 0.000000 
0.000000 0.000000 0.000000 0.000000 0.000000 0.000000 0.000000 0.000000 0.000000 0.000000 0.000000 0.000000 0.000000 0.000000 0.000000 0.000000 0.000000 0.000000 0.000000 0.000000 0.000000 0.000000 0.000000 0.000000 0.000000 0.000000 0.000000 0.000000 0.000000 0.000000 0.000000 0.000000 0.000000 0.000000 0.000000 0.000000 0.000000 0.000000 0.000000 0.000000 0.000000 0.000000 0.000000 0.000000 0.000000 0.000000 0.000000 0.000000 0.000000 0.000000 0.000000 0.000000 0.000000 0.000000 0.000000 0.000000 0.000000 0.000000 0.000000 0.000000 0.000000 0.000000 0.000000 0.000000 0.000000 0.000000 0.000000 0.000000 0.000000 0.000000 0.000000 0.000000 0.000000 0.000000 0.000000 0.000000 0.000000 0.000000 0.000000 0.000000 0.000000 0.000000 0.000000 0.000000 0.000000 0.000000 0.000000 0.000000 0.000000 0.000000 0.000000 0.000000 0.000000 0.000000 0.000000 0.000000 0.000000 0.000000 0.000000 0.000000 
0.000000 0.000000 0.000000 0.000000 0.000000 0.000000 0.000000 0.000000 0.000000 0.000000 0.000000 0.000000 0.000000 0.000000 0.000000 0.000000 0.000000 0.000000 0.000000 0.000000 0.000000 0.000000 0.000000 0.000000 0.000000 0.000000 0.000000 0.000000 0.000000 0.000000 0.000000 0.000000 0.000000 0.000000 0.000000 0.000000 0.000000 0.000000 0.000000 0.000000 0.000000 0.000000 0.000000 0.000000 0.000000 0.000000 0.000000 0.000000 0.000000 0.000000 0.000000 0.000000 0.000000 0.000000 0.000000 0.000000 0.000000 0.000000 0.000000 0.000000 0.000000 0.000000 0.000000 0.000000 0.000000 0.000000 0.000000 0.000000 0.000000 0.000000 0.000000 0.000000 0.000000 0.000000 0.000000 0.000000 0.000000 0.000000 0.000000 0.000000 0.000000 0.000000 0.000000 0.000000 0.000000 0.000000 0.000000 0.000000 0.000000 0.000000 0.000000 0.000000 0.000000 0.000000 0.000000 0.000000 0.000000 0.000000 0.000000 0.000000 
0.000000 0.000000 0.000000 0.000000 0.000000 0.000000 0.000000 0.000000 0.000000 0.000000 0.000000 0.000000 0.000000 0.000000 0.000000 0.000000 0.000000 0.000000 0.000000 0.000000 0.000000 0.000000 0.000000 0.000000 0.000000 0.000000 0.000000 0.000000 0.000000 0.000000 0.000000 0.000000 0.000000 0.000000 0.000000 0.000000 0.000000 0.000000 0.000000 0.000000 0.000000 0.000000 0.000000 0.000000 0.000000 0.000000 0.000000 0.000000 0.000000 0.000000 0.000000 0.000000 0.000000 0.000000 0.000000 0.000000 0.000000 0.000000 0.000000 0.000000 0.000000 0.000000 0.000000 0.000000 0.000000 0.000000 0.000000 0.000000 0.000000 0.000000 0.000000 0.000000 0.000000 0.000000 0.000000 0.000000 0.000000 0.000000 0.000000 0.000000 0.000000 0.000000 0.000000 0.000000 0.000000 0.000000 0.000000 0.000000 0.000000 0.000000 0.000000 0.000000 0.000000 0.000000 0.000000 0.000000 0.000000 0.000000 0.000000 0.000000 
0.000000 0.000000 0.000000 0.000000 0.000000 0.000000 0.000000 0.000000 0.000000 0.000000 0.000000 0.000000 0.000000 0.000000 0.000000 0.000000 0.000000 0.000000 0.000000 0.000000 0.000000 0.000000 0.000000 0.000000 0.000000 0.000000 0.000000 0.000000 0.000000 0.000000 0.000000 0.000000 0.000000 0.000000 0.000000 0.000000 0.000000 0.000000 0.000000 0.000000 0.000000 0.000000 0.000000 0.000000 0.000000 0.000000 0.000000 0.000000 0.000000 0.000000 0.000000 0.000000 0.000000 0.000000 0.000000 0.000000 0.000000 0.000000 0.000000 0.000000 0.000000 0.000000 0.000000 0.000000 0.000000 0.000000 0.000000 0.000000 0.000000 0.000000 0.000000 0.000000 0.000000 0.000000 0.000000 0.000000 0.000000 0.000000 0.000000 0.000000 0.000000 0.000000 0.000000 0.000000 0.000000 0.000000 0.000000 0.000000 0.000000 0.000000 0.000000 0.000000 0.000000 0.000000 0.000000 0.000000 0.000000 0.000000 0.000000 0.000000 
0.000000 0.000000 0.000000 0.000000 0.000000 0.000000 0.000000 0.000000 0.000000 0.000000 0.000000 0.000000 0.000000 0.000000 0.000000 0.000000 0.000000 0.000000 0.000000 0.000000 0.000000 0.000000 0.000000 0.000000 0.000000 0.000000 0.000000 0.000000 0.000000 0.000000 0.000000 0.000000 0.000000 0.000000 0.000000 0.000000 0.000000 0.000000 0.000000 0.000000 0.000000 0.000000 0.000001 0.000001 0.000001 0.000001 0.000001 0.000001 0.000001 0.000001 0.000001 0.000001 0.000001 0.000001 0.000001 0.000001 0.000001 0.000001 0.000001 0.000000 0.000000 0.000000 0.000000 0.000000 0.000000 0.000000 0.000000 0.000000 0.000000 0.000000 0.000000 0.000000 0.000000 0.000000 0.000000 0.000000 0.000000 0.000000 0.000000 0.000000 0.000000 0.000000 0.000000 0.000000 0.000000 0.000000 0.000000 0.000000 0.000000 0.000000 0.000000 0.000000 0.000000 0.000000 0.000000 0.000000 0.000000 0.000000 0.000000 0.000000 
0.000000 0.000000 0.000000 0.000000 0.000000 0.000000 0.000000 0.000000 0.000000 0.000000 0.000000 0.000000 0.000000 0.000000 0.000000 0.000000 0.000000 0.000000 0.000000 0.000000 0.000000 0.000000 0.000000 0.000000 0.000000 0.000000 0.000000 0.000000 0.000000 0.000000 0.000000 0.000000 0.000000 0.000000 0.000000 0.000000 0.000000 0.000000 0.000000 0.000001 0.000001 0.000001 0.000001 0.000002 0.000002 0.000002 0.000003 0.000003 0.000003 0.000003 0.000003 0.000003 0.000003 0.000003 0.000003 0.000002 0.000002 0.000002 0.000001 0.000001 0.000001 0.000001 0.000000 0.000000 0.000000 0.000000 0.000000 0.000000 0.000000 0.000000 0.000000 0.000000 0.000000 0.000000 0.000000 0.000000 0.000000 0.000000 0.000000 0.000000 0.000000 0.000000 0.000000 0.000000 0.000000 0.000000 0.000000 0.000000 0.000000 0.000000 0.000000 0.000000 0.000000 0.000000 0.000000 0.000000 0.000000 0.000000 0.000000 0.000000 
0.000000 0.000000 0.000000 0.000000 0.000000 0.000000 0.000000 0.000000 0.000000 0.000000 0.000000 0.000000 0.000000 0.000000 0.000000 0.000000 0.000000 0.000000 0.000000 0.000000 0.000000 0.000000 0.000000 0.000000 0.000000 0.000000 0.000000 0.000000 0.000000 0.000000 0.000000 0.000000 0.000000 0.000000 0.000000 0.000000 0.000001 0.000001 0.000001 0.000002 0.000002 0.000003 0.000003 0.000004 0.000005 0.000006 0.000007 0.000007 0.000008 0.000008 0.000008 0.000008 0.000008 0.000007 0.000007 0.000006 0.000005 0.000004 0.000003 0.000003 0.000002 0.000002 0.000001 0.000001 0.000001 0.000000 0.000000 0.000000 0.000000 0.000000 0.000000 0.000000 0.000000 0.000000 0.000000 0.000000 0.000000 0.000000 0.000000 0.000000 0.000000 0.000000 0.000000 0.000000 0.000000 0.000000 0.000000 0.000000 0.000000 0.000000 0.000000 0.000000 0.000000 0.000000 0.000000 0.000000 0.000000 0.000000 0.000000 0.000000 
0.000000 0.000000 0.000000 0.000000 0.000000 0.000000 0.000000 0.000000 0.000000 0.000000 0.000000 0.000000 0.000000 0.000000 0.000000 0.000000 0.000000 0.000000 0.000000 0.000000 0.000000 0.000000 0.000000 0.000000 0.000000 0.000000 0.000000 0.000000 0.000000 0.000000 0.000000 0.000000 0.000000 0.000000 0.000001 0.000001 0.000001 0.000002 0.000003 0.000004 0.000005 0.000007 0.000008 0.000010 0.000012 0.000014 0.000016 0.000018 0.000019 0.000020 0.000020 0.000020 0.000019 0.000018 0.000016 0.000014 0.000012 0.000010 0.000008 0.000007 0.000005 0.000004 0.000003 0.000002 0.000001 0.000001 0.000001 0.000000 0.000000 0.000000 0.000000 0.000000 0.000000 0.000000 0.000000 0.000000 0.000000 0.000000 0.000000 0.000000 0.000000 0.000000 0.000000 0.000000 0.000000 0.000000 0.000000 0.000000 0.000000 0.000000 0.000000 0.000000 0.000000 0.000000 0.000000 0.000000 0.000000 0.000000 0.000000 0.000000 
0.000000 0.000000 0.000000 0.000000 0.000000 0.000000 0.000000 0.000000 0.000000 0.000000 0.000000 0.000000 0.000000 0.000000 0.000000 0.000000 0.000000 0.000000 0.000000 0.000000 0.000000 0.000000 0.000000 0.000000 0.000000 0.000000 0.000000 0.000000 0.000000 0.000000 0.000000 0.000000 0.000001 0.000001 0.000002 0.000002 0.000003 0.000005 0.000007 0.000009 0.000013 0.000016 0.000020 0.000025 0.000030 0.000035 0.000039 0.000043 0.000046 0.000048 0.000049 0.000048 0.000046 0.000043 0.000039 0.000035 0.000030 0.000025 0.000020 0.000016 0.000013 0.000009 0.000007 0.000005 0.000003 0.000002 0.000002 0.000001 0.000001 0.000000 0.000000 0.000000 0.000000 0.000000 0.000000 0.000000 0.000000 0.000000 0.000000 0.000000 0.000000 0.000000 0.000000 0.000000 0.000000 0.000000 0.000000 0.000000 0.000000 0.000000 0.000000 0.000000 0.000000 0.000000 0.000000 0.000000 0.000000 0.000000 0.000000 0.000000 
0.000000 0.000000 0.000000 0.000000 0.000000 0.000000 0.000000 0.000000 0.000000 0.000000 0.000000 0.000000 0.000000 0.000000 0.000000 0.000000 0.000000 0.000000 0.000000 0.000000 0.000000 0.000000 0.000000 0.000000 0.000000 0.000000 0.000000 0.000000 0.000000 0.000000 0.000001 0.000001 0.000001 0.000002 0.000004 0.000006 0.000008 0.000012 0.000016 0.000022 0.000030 0.000038 0.000048 0.000059 0.000070 0.000082 0.000092 0.000101 0.000108 0.000113 0.000114 0.000113 0.000108 0.000101 0.000092 0.000082 0.000070 0.000059 0.000048 0.000038 0.000030 0.000022 0.000016 0.000012 0.000008 0.000006 0.000004 0.000002 0.000001 0.000001 0.000001 0.000000 0.000000 0.000000 0.000000 0.000000 0.000000 0.000000 0.000000 0.000000 0.000000 0.000000 0.000000 0.000000 0.000000 0.000000 0.000000 0.000000 0.000000 0.000000 0.000000 0.000000 0.000000 0.000000 0.000000 0.000000 0.000000 0.000000 0.000000 0.000000 
0.000000 0.000000 0.000000 0.000000 0.000000 0.000000 0.000000 0.000000 0.000000 0.000000 0.000000 0.000000 0.000000 0.000000 0.000000 0.000000 0.000000 0.000000 0.000000 0.000000 0.000000 0.000000 0.000000 0.000000 0.000000 0.000000 0.000000 0.000000 0.000000 0.000001 0.000001 0.000002 0.000003 0.000005 0.000008 0.000013 0.000019 0.000027 0.000038 0.000052 0.000068 0.000088 0.000111 0.000136 0.000162 0.000188 0.000212 0.000233 0.000249 0.000260 0.000263 0.000260 0.000249 0.000233 0.000212 0.000188 0.000162 0.000136 0.000111 0.000088 0.000068 0.000052 0.000038 0.000027 0.000019 0.000013 0.000008 0.000005 0.000003 0.000002 0.000001 0.000001 0.000000 0.000000 0.000000 0.000000 0.000000 0.000000 0.000000 0.000000 0.000000 0.000000 0.000000 0.000000 0.000000 0.000000 0.000000 0.000000 0.000000 0.000000 0.000000 0.000000 0.000000 0.000000 0.000000 0.000000 0.000000 0.000000 0.000000 0.000000 
0.000000 0.000000 0.000000 0.000000 0.000000 0.000000 0.000000 0.000000 0.000000 0.000000 0.000000 0.000000 0.000000 0.000000 0.000000 0.000000 0.000000 0.000000 0.000000 0.000000 0.000000 0.000000 0.000000 0.000000 0.000000 0.000000 0.000000 0.000001 0.000001 0.000002 0.000003 0.000005 0.000008 0.000012 0.000019 0.000029 0.000043 0.000061 0.000086 0.000117 0.000154 0.000199 0.000250 0.000306 0.000364 0.000422 0.000477 0.000524 0.000560 0.000583 0.000591 0.000583 0.000560 0.000524 0.000477 0.000422 0.000364 0.000306 0.000250 0.000199 0.000154 0.000117 0.000086 0.000061 0.000043 0.000029 0.000019 0.000012 0.000008 0.000005 0.000003 0.000002 0.000001 0.000001 0.000000 0.000000 0.000000 0.000000 0.000000 0.000000 0.000000 0.000000 0.000000 0.000000 0.000000 0.000000 0.000000 0.000000 0.000000 0.000000 0.000000 0.000000 0.000000 0.000000 0.000000 0.000000 0.000000 0.000000 0.000000 0.000000 
0.000000 0.000000 0.000000 0.000000 0.000000 0.000000 0.000000 0.000000 0.000000 0.000000 0.000000 0.000000 0.000000 0.000000 0.000000 0.000000 0.000000 0.000000 0.000000 0.000000 0.000000 0.000000 0.000000 0.000000 0.000000 0.000000 0.000001 0.000001 0.000002 0.000004 0.000006 0.000011 0.000017 0.000028 0.000043 0.000065 0.000095 0.000136 0.000190 0.000258 0.000341 0.000439 0.000551 0.000674 0.000802 0.000929 0.001048 0.001151 0.001230 0.001281 0.001298 0.001281 0.001230 0.001151 0.001048 0.000929 0.000802 0.000674 0.000551 0.000439 0.000341 0.000258 0.000190 0.000136 0.000095 0.000065 0.000043 0.000028 0.000017 0.000011 0.000006 0.000004 0.000002 0.000001 0.000001 0.000000 0.000000 0.000000 0.000000 0.000000 0.000000 0.000000 0.000000 0.000000 0.000000 0.000000 0.000000 0.000000 0.000000 0.000000 0.000000 0.000000 0.000000 0.000000 0.000000 0.000000 0.000000 0.000000 0.000000 0.000000 
0.000000 0.000000 0.000000 0.000000 0.000000 0.000000 0.000000 0.000000 0.000000 0.000000 0.000000 0.000000 0.000000 0.000000 0.000000 0.000000 0.000000 0.000000 0.000000 0.000000 0.000000 0.000000 0.000000 0.000000 0.000000 0.000001 0.000001 0.000003 0.000005 0.000008 0.000014 0.000023 0.000038 0.000060 0.000093 0.000140 0.000206 0.000295 0.000410 0.000557 0.000736 0.000947 0.001188 0.001450 0.001725 0.001997 0.002252 0.002472 0.002643 0.002751 0.002788 0.002751 0.002643 0.002472 0.002252 0.001997 0.001725 0.001450 0.001188 0.000947 0.000736 0.000557 0.000410 0.000295 0.000206 0.000140 0.000093 0.000060 0.000038 0.000023 0.000014 0.000008 0.000005 0.000003 0.000001 0.000001 0.000000 0.000000 0.000000 0.000000 0.000000 0.000000 0.000000 0.000000 0.000000 0.000000 0.000000 0.000000 0.000000 0.000000 0.000000 0.000000 0.000000 0.000000 0.000000 0.000000 0.000000 0.000000 0.000000 0.000000 
0.000000 0.000000 0.000000 0.000000 0.000000 0.000000 0.000000 0.000000 0.000000 0.000000 0.000000 0.000000 0.000000 0.000000 0.000000 0.000000 0.000000 0.000000 0.000000 0.000000 0.000000 0.000000 0.000000 0.000000 0.000001 0.000002 0.000003 0.000006 0.000010 0.000018 0.000030 0.000050 0.000081 0.000128 0.000198 0.000298 0.000436 0.000623 0.000867 0.001175 0.001552 0.001996 0.002501 0.003051 0.003626 0.004197 0.004730 0.005191 0.005548 0.005774 0.005851 0.005774 0.005548 0.005191 0.004730 0.004197 0.003626 0.003051 0.002501 0.001996 0.001552 0.001175 0.000867 0.000623 0.000436 0.000298 0.000198 0.000128 0.000081 0.000050 0.000030 0.000018 0.000010 0.000006 0.000003 0.000002 0.000001 0.000000 0.000000 0.000000 0.000000 0.000000 0.000000 0.000000 0.000000 0.000000 0.000000 0.000000 0.000000 0.000000 0.000000 0.000000 0.000000 0.000000 0.000000 0.000000 0.000000 0.000000 0.000000 0.000000 
0.000000 0.000000 0.000000 0.000000 0.000000 0.000000 0.000000 0.000000 0.000000 0.000000 0.000000 0.000000 0.000000 0.000000 0.000000 0.000000 0.000000 0.000000 0.000000 0.000000 0.000000 0.000000 0.000000 0.000001 0.000002 0.000003 0.000006 0.000012 0.000021 0.000037 0.000063 0.000104 0.000169 0.000267 0.000411 0.000617 0.000903 0.001288 0.001790 0.002424 0.003198 0.004110 0.005145 0.006274 0.007452 0.008620 0.009711 0.010655 0.011385 0.011847 0.012005 0.011847 0.011385 0.010655 0.009711 0.008620 0.007452 0.006274 0.005145 0.004110 0.003198 0.002424 0.001790 0.001288 0.000903 0.000617 0.000411 0.000267 0.000169 0.000104 0.000063 0.000037 0.000021 0.000012 0.000006 0.000003 0.000002 0.000001 0.000000 0.000000 0.000000 0.000000 0.000000 0.000000 0.000000 0.000000 0.000000 0.000000 0.000000 0.000000 0.000000 0.000000 0.000000 0.000000 0.000000 0.000000 0.000000 0.000000 0.000000 0.000000 
0.000000 0.000000 0.000000 0.000000 0.000000 0.000000 0.000000 0.000000 0.000000 0.000000 0.000000 0.000000 0.000000 0.000000 0.000000 0.000000 0.000000 0.000000 0.000000 0.000000 0.000000 0.000000 0.000001 0.000002 0.000004 0.000007 0.000013 0.000024 0.000043 0.000075 0.000128 0.000212 0.000343 0.000541 0.000833 0.001250 0.001827 0.002602 0.003612 0.004886 0.006440 0.008270 0.010345 0.012606 0.014964 0.017302 0.019484 0.021372 0.022831 0.023754 0.024070 0.023754 0.022831 0.021372 0.019484 0.017302 0.014964 0.012606 0.010345 0.008270 0.006440 0.004886 0.003612 0.002602 0.001827 0.001250 0.000833 0.000541 0.000343 0.000212 0.000128 0.000075 0.000043 0.000024 0.000013 0.000007 0.000004 0.000002 0.000001 0.000000 0.000000 0.000000 0.000000 0.000000 0.000000 0.000000 0.000000 0.000000 0.000000 0.000000 0.000000 0.000000 0.000000 0.000000 0.000000 0.000000 0.000000 0.000000 0.000000 0.000000 
0.000000 0.000000 0.000000 0.000000 0.000000 0.000000 0.000000 0.000000 0.000000 0.000000 0.000000 0.000000 0.000000 0.000000 0.000000 0.000000 0.000000 0.000000 0.000000 0.000000 0.000000 0.000001 0.000002 0.000004 0.000007 0.000014 0.000026 0.000048 0.000086 0.000150 0.000254 0.000422 0.000681 0.001074 0.001650 0.002471 0.003608 0.005135 0.007121 0.009623 0.012672 0.016258 0.020323 0.024750 0.029363 0.033933 0.038200 0.041887 0.044737 0.046540 0.047157 0.046540 0.044737 0.041887 0.038200 0.033933 0.029363 0.024750 0.020323 0.016258 0.012672 0.009623 0.007121 0.005135 0.003608 0.002471 0.001650 0.001074 0.000681 0.000422 0.000254 0.000150 0.000086 0.000048 0.000026 0.000014 0.000007 0.000004 0.000002 0.000001 0.000000 0.000000 0.000000 0.000000 0.000000 0.000000 0.000000 0.000000 0.000000 0.000000 0.000000 0.000000 0.000000 0.000000 0.000000 0.000000 0.000000 0.000000 0.000000 0.000000 
0.000000 0.000000 0.000000 0.000000 0.000000 0.000000 0.000000 0.000000 0.000000 0.000000 0.000000 0.000000 0.000000 0.000000 0.000000 0.000000 0.000000 0.000000 0.000000 0.000000 0.000001 0.000002 0.000004 0.000007 0.000014 0.000027 0.000051 0.000094 0.000168 0.000292 0.000495 0.000819 0.001322 0.002080 0.003192 0.004774 0.006963 0.009897 0.013711 0.018512 0.024356 0.031225 0.039005 0.047472 0.056289 0.065023 0.073170 0.080210 0.085651 0.089091 0.090269 0.089091 0.085651 0.080210 0.073170 0.065023 0.056289 0.047472 0.039005 0.031225 0.024356 0.018512 0.013711 0.009897 0.006963 0.004774 0.003192 0.002080 0.001322 0.000819 0.000495 0.000292 0.000168 0.000094 0.000051 0.000027 0.000014 0.000007 0.000004 0.000002 0.000001 0.000000 0.000000 0.000000 0.000000 0.000000 0.000000 0.000000 0.000000 0.000000 0.000000 0.000000 0.000000 0.000000 0.000000 0.000000 0.000000 0.000000 0.000000 0.000000 
0.000000 0.000000 0.000000 0.000000 0.000000 0.000000 0.000000 0.000000 0.000000 0.000000 0.000000 0.000000 0.000000 0.000000 0.000000 0.000000 0.000000 0.000000 0.000000 0.000001 0.000002 0.000003 0.000007 0.000014 0.000027 0.000053 0.000098 0.000179 0.000319 0.000555 0.000940 0.001553 0.002503 0.003934 0.006029 0.009008 0.013121 0.018631 0.025786 0.034783 0.045727 0.058580 0.073127 0.088948 0.105414 0.121715 0.136918 0.150049 0.160195 0.166611 0.168806 0.166611 0.160195 0.150049 0.136918 0.121715 0.105414 0.088948 0.073127 0.058580 0.045727 0.034783 0.025786 0.018631 0.013121 0.009008 0.006029 0.003934 0.002503 0.001553 0.000940 0.000555 0.000319 0.000179 0.000098 0.000053 0.000027 0.000014 0.000007 0.000003 0.000002 0.000001 0.000000 0.000000 0.000000 0.000000 0.000000 0.000000 0.000000 0.000000 0.000000 0.000000 0.000000 0.000000 0.000000 0.000000 0.000000 0.000000 0.000000 0.000000 
0.000000 0.000000 0.000000 0.000000 0.000000 0.000000 0.000000 0.000000 0.000000 0.000000 0.000000 0.000000 0.000000 0.000000 0.000000 0.000000 0.000000 0.000000 0.000001 0.000001 0.000003 0.000006 0.000013 0.000026 0.000051 0.000098 0.000183 0.000334 0.000594 0.001030 0.001743 0.002876 0.004628 0.007265 0.011120 0.016595 0.024147 0.034252 0.047361 0.063831 0.083846 0.107337 0.133905 0.162782 0.192821 0.222546 0.250258 0.274186 0.292670 0.304355 0.308354 0.304355 0.292670 0.274186 0.250258 0.222546 0.192821 0.162782 0.133905 0.107337 0.083846 0.063831 0.047361 0.034252 0.024147 0.016595 0.011120 0.007265 0.004628 0.002876 0.001743 0.001030 0.000594 0.000334 0.000183 0.000098 0.000051 0.000026 0.000013 0.000006 0.000003 0.000001 0.000001 0.000000 0.000000 0.000000 0.000000 0.000000 0.000000 0.000000 0.000000 0.000000 0.000000 0.000000 0.000000 0.000000 0.000000 0.000000 0.000000 0.000000 
0.000000 0.000000 0.000000 0.000000 0.000000 0.000000 0.000000 0.000000 0.000000 0.000000 0.000000 0.000000 0.000000 0.000000 0.000000 0.000000 0.000000 0.000001 0.000001 0.000003 0.000006 0.000012 0.000024 0.000048 0.000094 0.000179 0.000334 0.000608 0.001078 0.001867 0.003154 0.005198 0.008355 0.013098 0.020024 0.029852 0.043390 0.061488 0.084944 0.114387 0.150140 0.192070 0.239464 0.290945 0.344470 0.397414 0.446753 0.489341 0.522234 0.543026 0.550139 0.543026 0.522234 0.489341 0.446753 0.397414 0.344470 0.290945 0.239464 0.192070 0.150140 0.114387 0.084944 0.061488 0.043390 0.029852 0.020024 0.013098 0.008355 0.005198 0.003154 0.001867 0.001078 0.000608 0.000334 0.000179 0.000094 0.000048 0.000024 0.000012 0.000006 0.000003 0.000001 0.000001 0.000000 0.000000 0.000000 0.000000 0.000000 0.000000 0.000000 0.000000 0.000000 0.000000 0.000000 0.000000 0.000000 0.000000 0.000000 0.000000 
0.000000 0.000000 0.000000 0.000000 0.000000 0.000000 0.000000 0.000000 0.000000 0.000000 0.000000 0.000000 0.000000 0.000000 0.000000 0.000000 0.000000 0.000001 0.000002 0.000005 0.000010 0.000021 0.000043 0.000086 0.000168 0.000319 0.000594 0.001078 0.001911 0.003304 0.005573 0.009171 0.014723 0.023053 0.035203 0.052423 0.076121 0.107770 0.148751 0.200151 0.262517 0.335608 0.418171 0.507804 0.600951 0.693046 0.778841 0.852876 0.910046 0.946178 0.958539 0.946178 0.910046 0.852876 0.778841 0.693046 0.600951 0.507804 0.418171 0.335608 0.262517 0.200151 0.148751 0.107770 0.076121 0.052423 0.035203 0.023053 0.014723 0.009171 0.005573 0.003304 0.001911 0.001078 0.000594 0.000319 0.000168 0.000086 0.000043 0.000021 0.000010 0.000005 0.000002 0.000001 0.000000 0.000000 0.000000 0.000000 0.000000 0.000000 0.000000 0.000000 0.000000 0.000000 0.000000 0.000000 0.000000 0.000000 0.000000 0.000000 
0.000000 0.000000 0.000000 0.000000 0.000000 0.000000 0.000000 0.000000 0.000000 0.000000 0.000000 0.000000 0.000000 0.000000 0.000000 0.000000 0.000001 0.000002 0.000004 0.000008 0.000018 0.000037 0.000075 0.000150 0.000292 0.000555 0.001030 0.001867 0.003304 0.005704 0.009609 0.015793 0.025321 0.039602 0.060408 0.089865 0.130364 0.184400 0.254308 0.341920 0.448146 0.572556 0.713003 0.865397 1.023689 1.180131 1.325822 1.451511 1.548546 1.609865 1.630842 1.609865 1.548546 1.451511 1.325822 1.180131 1.023689 0.865397 0.713003 0.572556 0.448146 0.341920 0.254308 0.184400 0.130364 0.089865 0.060408 0.039602 0.025321 0.015793 0.009609 0.005704 0.003304 0.001867 0.001030 0.000555 0.000292 0.000150 0.000075 0.000037 0.000018 0.000008 0.000004 0.000002 0.000001 0.000000 0.000000 0.000000 0.000000 0.000000 0.000000 0.000000 0.000000 0.000000 0.000000 0.000000 0.000000 0.000000 0.000000 0.000000 
0.000000 0.000000 0.000000 0.000000 0.000000 0.000000 0.000000 0.000000 0.000000 0.000000 0.000000 0.000000 0.000000 0.000000 0.000000 0.000001 0.000001 0.000003 0.000006 0.000014 0.000030 0.000063 0.000128 0.000254 0.000495 0.000940 0.001743 0.003154 0.005573 0.009609 0.016166 0.026538 0.042500 0.066395 0.101174 0.150361 0.217923 0.307987 0.424411 0.570205 0.746853 0.953607 1.186878 1.439862 1.702519 1.962007 2.203586 2.411943 2.572770 2.674388 2.709148 2.674388 2.572770 2.411943 2.203586 1.962007 1.702519 1.439862 1.186878 0.953607 0.746853 0.570205 0.424411 0.307987 0.217923 0.150361 0.101174 0.066395 0.042500 0.026538 0.016166 0.009609 0.005573 0.003154 0.001743 0.000940 0.000495 0.000254 0.000128 0.000063 0.000030 0.000014 0.000006 0.000003 0.000001 0.000001 0.000000 0.000000 0.000000 0.000000 0.000000 0.000000 0.000000 0.000000 0.000000 0.000000 0.000000 0.000000 0.000000 0.000000 
0.000000 0.000000 0.000000 0.000000 0.000000 0.000000 0.000000 0.000000 0.000000 0.000000 0.000000 0.000000 0.000000 0.000000 0.000000 0.000001 0.000002 0.000005 0.000011 0.000023 0.000050 0.000104 0.000212 0.000422 0.000819 0.001553 0.002876 0.005198 0.009171 0.015793 0.026538 0.043513 0.069608 0.108630 0.165366 0.245531 0.355544 0.502073 0.691339 0.928179 1.214949 1.550387 1.928641 2.338659 2.764173 3.184398 3.575502 3.912737 4.172996 4.337418 4.393658 4.337418 4.172996 3.912737 3.575502 3.184398 2.764173 2.338659 1.928641 1.550387 1.214949 0.928179 0.691339 0.502073 0.355544 0.245531 0.165366 0.108630 0.069608 0.043513 0.026538 0.015793 0.009171 0.005198 0.002876 0.001553 0.000819 0.000422 0.000212 0.000104 0.000050 0.000023 0.000011 0.000005 0.000002 0.000001 0.000000 0.000000 0.000000 0.000000 0.000000 0.000000 0.000000 0.000000 0.000000 0.000000 0.000000 0.000000 0.000000 0.000000 
0.000000 0.000000 0.000000 0.000000 0.000000 0.000000 0.000000 0.000000 0.000000 0.000000 0.000000 0.000000 0.000000 0.000000 0.000001 0.000001 0.000003 0.000008 0.000017 0.000038 0.000081 0.000169 0.000343 0.000681 0.001322 0.002503 0.004628 0.008355 0.014723 0.025321 0.042500 0.069608 0.111235 0.173419 0.263745 0.391254 0.566087 0.798764 1.099079 1.474624 1.929049 2.460289 3.059023 3.707737 4.380694 5.045054 5.663194 6.196072 6.607244 6.866978 6.955814 6.866978 6.607244 6.196072 5.663194 5.045054 4.380694 3.707737 3.059023 2.460289 1.929049 1.474624 1.099079 0.798764 0.566087 0.391254 0.263745 0.173419 0.111235 0.069608 0.042500 0.025321 0.014723 0.008355 0.004628 0.002503 0.001322 0.000681 0.000343 0.000169 0.000081 0.000038 0.000017 0.000008 0.000003 0.000001 0.000001 0.000000 0.000000 0.000000 0.000000 0.000000 0.000000 0.000000 0.000000 0.000000 0.000000 0.000000 0.000000 0.000000 
0.000000 0.000000 0.000000 0.000000 0.000000 0.000000 0.000000 0.000000 0.000000 0.000000 0.000000 0.000000 0.000000 0.000000 0.000001 0.000002 0.000005 0.000012 0.000028 0.000060 0.000128 0.000267 0.000541 0.001074 0.002080 0.003934 0.007265 0.013098 0.023053 0.039602 0.066395 0.108630 0.173419 0.270111 0.410430 0.608342 0.879485 1.240062 1.705128 2.286312 2.989146 3.810335 4.735399 5.737243 6.776126 7.801400 8.755080 9.577035 10.211156 10.611681 10.748663 10.611681 10.211156 9.577035 8.755080 7.801400 6.776126 5.737243 4.735399 3.810335 2.989146 2.286312 1.705128 1.240062 0.879485 0.608342 0.410430 0.270111 0.173419 0.108630 0.066395 0.039602 0.023053 0.013098 0.007265 0.003934 0.002080 0.001074 0.000541 0.000267 0.000128 0.000060 0.000028 0.000012 0.000005 0.000002 0.000001 0.000000 0.000000 0.000000 0.000000 0.000000 0.000000 0.000000 0.000000 0.000000 0.000000 0.000000 0.000000 0.000000 
0.000000 0.000000 0.000000 0.000000 0.000000 0.000000 0.000000 0.000000 0.000000 0.000000 0.000000 0.000000 0.000000 0.000001 0.000002 0.000004 0.000008 0.000019 0.000043 0.000093 0.000198 0.000411 0.000833 0.001650 0.003192 0.006029 0.011120 0.020024 0.035203 0.060408 0.101174 0.165366 0.263745 0.410430 0.623115 0.922850 1.333176 1.878451 2.581266 3.459015 4.519888 5.758765 7.153702 8.663790 10.229139 11.773498 13.209643 14.447165 15.401737 16.004605 16.210778 16.004605 15.401737 14.447165 13.209643 11.773498 10.229139 8.663790 7.153702 5.758765 4.519888 3.459015 2.581266 1.878451 1.333176 0.922850 0.623115 0.410430 0.263745 0.165366 0.101174 0.060408 0.035203 0.020024 0.011120 0.006029 0.003192 0.001650 0.000833 0.000411 0.000198 0.000093 0.000043 0.000019 0.000008 0.000004 0.000002 0.000001 0.000000 0.000000 0.000000 0.000000 0.000000 0.000000 0.000000 0.000000 0.000000 0.000000 0.000000 0.000000 
0.000000 0.000000 0.000000 0.000000 0.000000 0.000000 0.000000 0.000000 0.000000 0.000000 0.000000 0.000000 0.000000 0.000001 0.000002 0.000006 0.000013 0.000029 0.000065 0.000140 0.000298 0.000617 0.001250 0.002471 0.004774 0.009008 0.016595 0.029852 0.052423 0.089865 0.150361 0.245531 0.391254 0.608342 0.922850 1.365740 1.971600 2.776173 3.812547 5.106126 6.668747 8.492670 10.545448 12.766813 15.068681 17.339014 19.449748 21.268203 22.670678 23.556334 23.859203 23.556334 22.670678 21.268203 19.449748 17.339014 15.068681 12.766813 10.545448 8.492670 6.668747 5.106126 3.812547 2.776173 1.971600 1.365740 0.922850 0.608342 0.391254 0.245531 0.150361 0.089865 0.052423 0.029852 0.016595 0.009008 0.004774 0.002471 0.001250 0.000617 0.000298 0.000140 0.000065 0.000029 0.000013 0.000006 0.000002 0.000001 0.000000 0.000000 0.000000 0.000000 0.000000 0.000000 0.000000 0.000000 0.000000 0.000000 0.000000 0.000000 
0.000000 0.000000 0.000000 0.000000 0.000000 0.000000 0.000000 0.000000 0.000000 0.000000 0.000000 0.000000 0.000001 0.000001 0.000003 0.000008 0.000019 0.000043 0.000095 0.000206 0.000436 0.000903 0.001827 0.003608 0.006963 0.013121 0.024147 0.043390 0.076121 0.130364 0.217923 0.355544 0.566087 0.879485 1.333176 1.971600 2.844354 4.002620 5.493707 7.353833 9.599703 12.219934 15.167721 18.356432 21.659641 24.916701 27.944102 30.551811 32.562717 33.832477 34.266679 33.832477 32.562717 30.551811 27.944102 24.916701 21.659641 18.356432 15.167721 12.219934 9.599703 7.353833 5.493707 4.002620 2.844354 1.971600 1.333176 0.879485 0.566087 0.355544 0.217923 0.130364 0.076121 0.043390 0.024147 0.013121 0.006963 0.003608 0.001827 0.000903 0.000436 0.000206 0.000095 0.000043 0.000019 0.000008 0.000003 0.000001 0.000001 0.000000 0.000000 0.000000 0.000000 0.000000 0.000000 0.000000 0.000000 0.000000 0.000000 0.000000 
0.000000 0.000000 0.000000 0.000000 0.000000 0.000000 0.000000 0.000000 0.000000 0.000000 0.000000 0.000000 0.000001 0.000002 0.000005 0.000012 0.000027 0.000061 0.000136 0.000295 0.000623 0.001288 0.002602 0.005135 0.009897 0.018631 0.034252 0.061488 0.107770 0.184400 0.307987 0.502073 0.798764 1.240062 1.878451 2.776173 4.002620 5.629322 7.722295 10.331939 13.481288 17.154030 21.284320 25.750653 30.375975 34.935507 39.172634 42.821737 45.635340 47.411801 48.019246 47.411801 45.635340 42.821737 39.172634 34.935507 30.375975 25.750653 21.284320 17.154030 13.481288 10.331939 7.722295 5.629322 4.002620 2.776173 1.878451 1.240062 0.798764 0.502073 0.307987 0.184400 0.107770 0.061488 0.034252 0.018631 0.009897 0.005135 0.002602 0.001288 0.000623 0.000295 0.000136 0.000061 0.000027 0.000012 0.000005 0.000002 0.000001 0.000000 0.000000 0.000000 0.000000 0.000000 0.000000 0.000000 0.000000 0.000000 0.000000 0.000000 
0.000000 0.000000 0.000000 0.000000 0.000000 0.000000 0.000000 0.000000 0.000000 0.000000 0.000000 0.000000 0.000001 0.000003 0.000007 0.000016 0.000038 0.000086 0.000190 0.000410 0.000867 0.001790 0.003612 0.007121 0.013711 0.025786 0.047361 0.084944 0.148751 0.254308 0.424411 0.691339 1.099079 1.705128 2.581266 3.812547 5.493707 7.722295 10.588209 14.159915 18.468422 23.490979 29.137232 35.240934 41.560158 47.788015 53.574350 58.556871 62.398135 64.823250 65.652463 64.823250 62.398135 58.556871 53.574350 47.788015 41.560158 35.240934 29.137232 23.490979 18.468422 14.159915 10.588209 7.722295 5.493707 3.812547 2.581266 1.705128 1.099079 0.691339 0.424411 0.254308 0.148751 0.084944 0.047361 0.025786 0.013711 0.007121 0.003612 0.001790 0.000867 0.000410 0.000190 0.000086 0.000038 0.000016 0.000007 0.000003 0.000001 0.000000 0.000000 0.000000 0.000000 0.000000 0.000000 0.000000 0.000000 0.000000 0.000000 0.000000 
0.000000 0.000000 0.000000 0.000000 0.000000 0.000000 0.000000 0.000000 0.000000 0.000000 0.000000 0.000001 0.000002 0.000004 0.000009 0.000022 0.000052 0.000117 0.000258 0.000557 0.001175 0.002424 0.004886 0.009623 0.018512 0.034783 0.063831 0.114387 0.200151 0.341920 0.570205 0.928179 1.474624 2.286312 3.459015 5.106126 7.353833 10.331939 14.159915 18.928535 24.678565 31.379111 38.909252 47.047097 55.470135 63.769567 71.479203 78.116876 83.233613 86.463739 87.568167 86.463739 83.233613 78.116876 71.479203 63.769567 55.470135 47.047097 38.909252 31.379111 24.678565 18.928535 14.159915 10.331939 7.353833 5.106126 3.459015 2.286312 1.474624 0.928179 0.570205 0.341920 0.200151 0.114387 0.063831 0.034783 0.018512 0.009623 0.004886 0.002424 0.001175 0.000557 0.000258 0.000117 0.000052 0.000022 0.000009 0.000004 0.000002 0.000001 0.000000 0.000000 0.000000 0.000000 0.000000 0.000000 0.000000 0.000000 0.000000 0.000000 
0.000000 0.000000 0.000000 0.000000 0.000000 0.000000 0.000000 0.000000 0.000000 0.000000 0.000000 0.000001 0.000002 0.000005 0.000013 0.000030 0.000068 0.000154 0.000341 0.000736 0.001552 0.003198 0.006440 0.012672 0.024356 0.045727 0.083846 0.150140 0.262517 0.448146 0.746853 1.214949 1.929049 2.989146 4.519888 6.668747 9.599703 13.481288 18.468422 24.678565 32.164055 40.884042 50.680714 61.265179 72.218019 83.007964 93.029450 101.656374 108.305882 112.503344 113.938471 112.503344 108.305882 101.656374 93.029450 83.007964 72.218019 61.265179 50.680714 40.884042 32.164055 24.678565 18.468422 13.481288 9.599703 6.668747 4.519888 2.989146 1.929049 1.214949 0.746853 0.448146 0.262517 0.150140 0.083846 0.045727 0.024356 0.012672 0.006440 0.003198 0.001552 0.000736 0.000341 0.000154 0.000068 0.000030 0.000013 0.000005 0.000002 0.000001 0.000000 0.000000 0.000000 0.000000 0.000000 0.000000 0.000000 0.000000 0.000000 0.000000 
0.000000 0.000000 0.000000 0.000000 0.000000 0.000000 0.000000 0.000000 0.000000 0.000000 0.000000 0.000001 0.000003 0.000007 0.000016 0.000038 0.000088 0.000199 0.000439 0.000947 0.001996 0.004110 0.008270 0.016258 0.031225 0.058580 0.107337 0.192070 0.335608 0.572556 0.953607 1.550387 2.460289 3.810335 5.758765 8.492670 12.219934 17.154030 23.490979 31.379111 40.884042 51.953176 64.385674 77.814676 91.708110 105.392429 118.100227 129.038314 137.468468 142.789629 144.608896 142.789629 137.468468 129.038314 118.100227 105.392429 91.708110 77.814676 64.385674 51.953176 40.884042 31.379111 23.490979 17.154030 12.219934 8.492670 5.758765 3.810335 2.460289 1.550387 0.953607 0.572556 0.335608 0.192070 0.107337 0.058580 0.031225 0.016258 0.008270 0.004110 0.001996 0.000947 0.000439 0.000199 0.000088 0.000038 0.000016 0.000007 0.000003 0.000001 0.000000 0.000000 0.000000 0.000000 0.000000 0.000000 0.000000 0.000000 0.000000 0.000000 
0.000000 0.000000 0.000000 0.000000 0.000000 0.000000 0.000000 0.000000 0.000000 0.000000 0.000001 0.000001 0.000003 0.000008 0.000020 0.000048 0.000111 0.000250 0.000551 0.001188 0.002501 0.005145 0.010345 0.020323 0.039005 0.073127 0.133905 0.239464 0.418171 0.713003 1.186878 1.928641 3.059023 4.735399 7.153702 10.545448 15.167721 21.284320 29.137232 38.909252 50.680714 64.385674 79.774902 96.394026 113.584649 130.513773 146.232691 159.761096 170.186796 176.767200 179.016932 176.767200 170.186796 159.761096 146.232691 130.513773 113.584649 96.394026 79.774902 64.385674 50.680714 38.909252 29.137232 21.284320 15.167721 10.545448 7.153702 4.735399 3.059023 1.928641 1.186878 0.713003 0.418171 0.239464 0.133905 0.073127 0.039005 0.020323 0.010345 0.005145 0.002501 0.001188 0.000551 0.000250 0.000111 0.000048 0.000020 0.000008 0.000003 0.000001 0.000001 0.000000 0.000000 0.000000 0.000000 0.000000 0.000000 0.000000 0.000000 0.000000 
0.000000 0.000000 0.000000 0.000000 0.000000 0.000000 0.000000 0.000000 0.000000 0.000000 0.000001 0.000002 0.000004 0.000010 0.000025 0.000059 0.000136 0.000306 0.000674 0.001450 0.003051 0.006274 0.012606 0.024750 0.047472 0.088948 0.162782 0.290945 0.507804 0.865397 1.439862 2.338659 3.707737 5.737243 8.663790 12.766813 18.356432 25.750653 35.240934 47.047097 61.265179 77.814676 96.394026 116.454387 137.201107 157.629298 176.594871 192.915927 205.492884 213.430720 216.144470 213.430720 205.492884 192.915927 176.594871 157.629298 137.201107 116.454387 96.394026 77.814676 61.265179 47.047097 35.240934 25.750653 18.356432 12.766813 8.663790 5.737243 3.707737 2.338659 1.439862 0.865397 0.507804 0.290945 0.162782 0.088948 0.047472 0.024750 0.012606 0.006274 0.003051 0.001450 0.000674 0.000306 0.000136 0.000059 0.000025 0.000010 0.000004 0.000002 0.000001 0.000000 0.000000 0.000000 0.000000 0.000000 0.000000 0.000000 0.000000 0.000000 
