0.000000 0.000000 0.000000 0.000000 0.000000 0.000000 0.000000 0.000000 0.000000 0.000000 0.000000 0.000000 0.000000 0.000000 0.000000 0.000000 0.000000 0.000001 0.000001 0.000001 0.000002 0.000003 0.000004 0.000006 0.000008 0.000010 0.000014 0.000018 0.000023 0.000030 0.000038 0.000048 0.000059 0.000073 0.000088 0.000106 0.000125 0.000146 0.000169 0.000194 0.000219 0.000245 0.000271 0.000295 0.000319 0.000340 0.000358 0.000373 0.000384 0.000391 0.000393 0.000391 0.000384 0.000373 0.000358 0.000340 0.000319 0.000295 0.000271 0.000245 0.000219 0.000194 0.000169 0.000146 0.000125 0.000106 0.000088 0.000073 0.000059 0.000048 0.000038 0.000030 0.000023 0.000018 0.000014 0.000010 0.000008 0.000006 0.000004 0.000003 0.000002 0.000001 0.000001 0.000001 0.000000 0.000000 0.000000 0.000000 0.000000 0.000000 0.000000 0.000000 0.000000 0.000000 0.000000 0.000000 0.000000 0.000000 0.000000 0.000000 
0.000000 0.000000 0.000000 0.000000 0.000000 0.000000 0.000000 0.000000 0.000000 0.000000 0.000000 0.000000 0.000000 0.000000 0.000000 0.000000 0.000000 0.000001 0.000001 0.000001 0.000002 0.000003 0.000004 0.000006 0.000008 0.000010 0.000014 0.000018 0.000023 0.000030 0.000038 0.000048 0.000059 0.000073 0.000088 0.000106 0.000125 0.000146 0.000169 0.000194 0.000219 0.000245 0.000271 0.000295 0.000319 0.000340 0.000358 0.000373 0.000384 0.000391 0.000393 0.000391 0.000384 0.000373 0.000358 0.000340 0.000319 0.000295 0.000271 0.000245 0.000219 0.000194 0.000169 0.000146 0.000125 0.000106 0.000088 0.000073 0.000059 0.000048 0.000038 0.000030 0.000023 0.000018 0.000014 0.000010 0.000008 0.000006 0.000004 0.000003 0.000002 0.000001 0.000001 0.000001 0.000000 0.000000 0.000000 0.000000 0.000000 0.000000 0.000000 0.000000 0.000000 0.000000 0.000000 0.000000 0.000000 0.000000 0.000000 0.000000 
0.000000 0.000000 0.000000 0.000000 0.000000 0.000000 0.000000 0.000000 0.000000 0.000000 0.000000 0.000000 0.000000 0.000000 0.000000 0.000000 0.000001 0.000001 0.000001 0.000002 0.000003 0.000004 0.000005 0.000007 0.000010 0.000013 0.000018 0.000023 0.000030 0.000039 0.000049 0.000062 0.000077 0.000094 0.000114 0.000137 0.000162 0.000190 0.000220 0.000252 0.000285 0.000318 0.000351 0.000383 0.000414 0.000441 0.000465 0.000484 0.000499 0.000507 0.000510 0.000507 0.000499 0.000484 0.000465 0.000441 0.000414 0.000383 0.000351 0.000318 0.000285 0.000252 0.000220 0.000190 0.000162 0.000137 0.000114 0.000094 0.000077 0.000062 0.000049 0.000039 0.000030 0.000023 0.000018 0.000013 0.000010 0.000007 0.000005 0.000004 0.000003 0.000002 0.000001 0.000001 0.000001 0.000000 0.000000 0.000000 0.000000 0.000000 0.000000 0.000000 0.000000 0.000000 0.000000 0.000000 0.000000 0.000000 0.000000 0.000000 
0.000000 0.000000 0.000000 0.000000 0.000000 0.000000 0.000000 0.000000 0.000000 0.000000 0.000000 0.000000 0.000000 0.000000 0.000000 0.000001 0.000001 0.000001 0.000002 0.000003 0.000004 0.000006 0.000008 0.000011 0.000015 0.000020 0.000027 0.000036 0.000046 0.000059 0.000075 0.000094 0.000117 0.000143 0.000174 0.000208 0.000247 0.000289 0.000334 0.000382 0.000432 0.000482 0.000532 0.000581 0.000627 0.000669 0.000705 0.000734 0.000756 0.000769 0.000774 0.000769 0.000756 0.000734 0.000705 0.000669 0.000627 0.000581 0.000532 0.000482 0.000432 0.000382 0.000334 0.000289 0.000247 0.000208 0.000174 0.000143 0.000117 0.000094 0.000075 0.000059 0.000046 0.000036 0.000027 0.000020 0.000015 0.000011 0.000008 0.000006 0.000004 0.000003 0.000002 0.000001 0.000001 0.000001 0.000000 0.000000 0.000000 0.000000 0.000000 0.000000 0.000000 0.000000 0.000000 0.000000 0.000000 0.000000 0.000000 0.000000 
0.000000 0.000000 0.000000 0.000000 0.000000 0.000000 0.000000 0.000000 0.000000 0.000000 0.000000 0.000000 0.000000 0.000000 0.000001 0.000001 0.000002 0.000002 0.000003 0.000005 0.000007 0.000009 0.000013 0.000018 0.000025 0.000033 0.000044 0.000058 0.000075 0.000096 0.000122 0.000153 0.000189 0.000232 0.000281 0.000336 0.000398 0.000466 0.000539 0.000616 0.000696 0.000778 0.000859 0.000937 0.001011 0.001078 0.001136 0.001184 0.001219 0.001240 0.001247 0.001240 0.001219 0.001184 0.001136 0.001078 0.001011 0.000937 0.000859 0.000778 0.000696 0.000616 0.000539 0.000466 0.000398 0.000336 0.000281 0.000232 0.000189 0.000153 0.000122 0.000096 0.000075 0.000058 0.000044 0.000033 0.000025 0.000018 0.000013 0.000009 0.000007 0.000005 0.000003 0.000002 0.000002 0.000001 0.000001 0.000000 0.000000 0.000000 0.000000 0.000000 0.000000 0.000000 0.000000 0.000000 0.000000 0.000000 0.000000 0.000000 
0.000000 0.000000 0.000000 0.000000 0.000000 0.000000 0.000000 0.000000 0.000000 0.000000 0.000000 0.000000 0.000000 0.000001 0.000001 0.000002 0.000003 0.000004 0.000005 0.000008 0.000011 0.000016 0.000022 0.000030 0.000040 0.000054 0.000072 0.000095 0.000123 0.000158 0.000200 0.000251 0.000311 0.000381 0.000461 0.000552 0.000654 0.000765 0.000884 0.001011 0.001142 0.001276 0.001408 0.001537 0.001657 0.001767 0.001862 0.001940 0.001997 0.002032 0.002044 0.002032 0.001997 0.001940 0.001862 0.001767 0.001657 0.001537 0.001408 0.001276 0.001142 0.001011 0.000884 0.000765 0.000654 0.000552 0.000461 0.000381 0.000311 0.000251 0.000200 0.000158 0.000123 0.000095 0.000072 0.000054 0.000040 0.000030 0.000022 0.000016 0.000011 0.000008 0.000005 0.000004 0.000003 0.000002 0.000001 0.000001 0.000000 0.000000 0.000000 0.000000 0.000000 0.000000 0.000000 0.000000 0.000000 0.000000 0.000000 0.000000 
0.000000 0.000000 0.000000 0.000000 0.000000 0.000000 0.000000 0.000000 0.000000 0.000000 0.000000 0.000001 0.000001 0.000001 0.000002 0.000003 0.000004 0.000006 0.000009 0.000013 0.000018 0.000026 0.000036 0.000049 0.000066 0.000089 0.000118 0.000155 0.000202 0.000259 0.000328 0.000411 0.000509 0.000624 0.000756 0.000905 0.001071 0.001252 0.001448 0.001655 0.001870 0.002088 0.002305 0.002515 0.002712 0.002892 0.003047 0.003174 0.003267 0.003325 0.003344 0.003325 0.003267 0.003174 0.003047 0.002892 0.002712 0.002515 0.002305 0.002088 0.001870 0.001655 0.001448 0.001252 0.001071 0.000905 0.000756 0.000624 0.000509 0.000411 0.000328 0.000259 0.000202 0.000155 0.000118 0.000089 0.000066 0.000049 0.000036 0.000026 0.000018 0.000013 0.000009 0.000006 0.000004 0.000003 0.000002 0.000001 0.000001 0.000001 0.000000 0.000000 0.000000 0.000000 0.000000 0.000000 0.000000 0.000000 0.000000 0.000000 
0.000000 0.000000 0.000000 0.000000 0.000000 0.000000 0.000000 0.000000 0.000000 0.000000 0.000001 0.000001 0.000001 0.000002 0.000003 0.000005 0.000007 0.000010 0.000015 0.000021 0.000030 0.000042 0.000058 0.000080 0.000108 0.000145 0.000193 0.000253 0.000328 0.000421 0.000534 0.000669 0.000829 0.001015 0.001229 0.001471 0.001740 0.002035 0.002353 0.002689 0.003038 0.003392 0.003744 0.004084 0.004405 0.004695 0.004947 0.005152 0.005304 0.005398 0.005429 0.005398 0.005304 0.005152 0.004947 0.004695 0.004405 0.004084 0.003744 0.003392 0.003038 0.002689 0.002353 0.002035 0.001740 0.001471 0.001229 0.001015 0.000829 0.000669 0.000534 0.000421 0.000328 0.000253 0.000193 0.000145 0.000108 0.000080 0.000058 0.000042 0.000030 0.000021 0.000015 0.000010 0.000007 0.000005 0.000003 0.000002 0.000001 0.000001 0.000001 0.000000 0.000000 0.000000 0.000000 0.000000 0.000000 0.000000 0.000000 0.000000 
0.000000 0.000000 0.000000 0.000000 0.000000 0.000000 0.000000 0.000000 0.000000 0.000001 0.000001 0.000001 0.000002 0.000003 0.000005 0.000007 0.000011 0.000016 0.000024 0.000034 0.000048 0.000067 0.000094 0.000129 0.000175 0.000234 0.000311 0.000408 0.000529 0.000678 0.000860 0.001078 0.001335 0.001635 0.001979 0.002368 0.002801 0.003275 0.003786 0.004326 0.004886 0.005455 0.006021 0.006568 0.007083 0.007549 0.007954 0.008284 0.008528 0.008677 0.008728 0.008677 0.008528 0.008284 0.007954 0.007549 0.007083 0.006568 0.006021 0.005455 0.004886 0.004326 0.003786 0.003275 0.002801 0.002368 0.001979 0.001635 0.001335 0.001078 0.000860 0.000678 0.000529 0.000408 0.000311 0.000234 0.000175 0.000129 0.000094 0.000067 0.000048 0.000034 0.000024 0.000016 0.000011 0.000007 0.000005 0.000003 0.000002 0.000001 0.000001 0.000001 0.000000 0.000000 0.000000 0.000000 0.000000 0.000000 0.000000 0.000000 
0.000000 0.000000 0.000000 0.000000 0.000000 0.000000 0.000000 0.000000 0.000001 0.000001 0.000001 0.000002 0.000003 0.000005 0.000008 0.000012 0.000018 0.000026 0.000038 0.000054 0.000077 0.000108 0.000150 0.000206 0.000279 0.000374 0.000496 0.000651 0.000844 0.001082 0.001371 0.001718 0.002128 0.002605 0.003153 0.003772 0.004461 0.005216 0.006028 0.006887 0.007778 0.008683 0.009581 0.010451 0.011269 0.012011 0.012654 0.013178 0.013566 0.013804 0.013884 0.013804 0.013566 0.013178 0.012654 0.012011 0.011269 0.010451 0.009581 0.008683 0.007778 0.006887 0.006028 0.005216 0.004461 0.003772 0.003153 0.002605 0.002128 0.001718 0.001371 0.001082 0.000844 0.000651 0.000496 0.000374 0.000279 0.000206 0.000150 0.000108 0.000077 0.000054 0.000038 0.000026 0.000018 0.000012 0.000008 0.000005 0.000003 0.000002 0.000001 0.000001 0.000001 0.000000 0.000000 0.000000 0.000000 0.000000 0.000000 0.000000 
0.000000 0.000000 0.000000 0.000000 0.000000 0.000000 0.000000 0.000001 0.000001 0.000001 0.000002 0.000003 0.000005 0.000008 0.000013 0.000019 0.000028 0.000041 0.000060 0.000086 0.000121 0.000171 0.000237 0.000325 0.000441 0.000591 0.000784 0.001028 0.001332 0.001707 0.002163 0.002709 0.003355 0.004106 0.004969 0.005944 0.007029 0.008216 0.009495 0.010846 0.012247 0.013670 0.015084 0.016452 0.017738 0.018905 0.019916 0.020740 0.021349 0.021724 0.021850 0.021724 0.021349 0.020740 0.019916 0.018905 0.017738 0.016452 0.015084 0.013670 0.012247 0.010846 0.009495 0.008216 0.007029 0.005944 0.004969 0.004106 0.003355 0.002709 0.002163 0.001707 0.001332 0.001028 0.000784 0.000591 0.000441 0.000325 0.000237 0.000171 0.000121 0.000086 0.000060 0.000041 0.000028 0.000019 0.000013 0.000008 0.000005 0.000003 0.000002 0.000001 0.000001 0.000001 0.000000 0.000000 0.000000 0.000000 0.000000 0.000000 
0.000000 0.000000 0.000000 0.000000 0.000000 0.000000 0.000001 0.000001 0.000001 0.000002 0.000003 0.000005 0.000008 0.000013 0.000020 0.000029 0.000044 0.000064 0.000093 0.000134 0.000190 0.000267 0.000370 0.000508 0.000689 0.000923 0.001224 0.001605 0.002080 0.002665 0.003375 0.004226 0.005232 0.006403 0.007746 0.009264 0.010954 0.012803 0.014792 0.016895 0.019076 0.021290 0.023489 0.025618 0.027619 0.029433 0.031006 0.032288 0.033235 0.033817 0.034013 0.033817 0.033235 0.032288 0.031006 0.029433 0.027619 0.025618 0.023489 0.021290 0.019076 0.016895 0.014792 0.012803 0.010954 0.009264 0.007746 0.006403 0.005232 0.004226 0.003375 0.002665 0.002080 0.001605 0.001224 0.000923 0.000689 0.000508 0.000370 0.000267 0.000190 0.000134 0.000093 0.000064 0.000044 0.000029 0.000020 0.000013 0.000008 0.000005 0.000003 0.000002 0.000001 0.000001 0.000001 0.000000 0.000000 0.000000 0.000000 0.000000 
0.000000 0.000000 0.000000 0.000000 0.000000 0.000000 0.000001 0.000001 0.000002 0.000003 0.000005 0.000008 0.000013 0.000020 0.000030 0.000046 0.000068 0.000100 0.000144 0.000207 0.000294 0.000413 0.000572 0.000785 0.001064 0.001427 0.001891 0.002478 0.003211 0.004113 0.005208 0.006520 0.008070 0.009874 0.011944 0.014283 0.016884 0.019731 0.022795 0.026032 0.029388 0.032797 0.036181 0.039457 0.042535 0.045327 0.047747 0.049718 0.051176 0.052071 0.052373 0.052071 0.051176 0.049718 0.047747 0.045327 0.042535 0.039457 0.036181 0.032797 0.029388 0.026032 0.022795 0.019731 0.016884 0.014283 0.011944 0.009874 0.008070 0.006520 0.005208 0.004113 0.003211 0.002478 0.001891 0.001427 0.001064 0.000785 0.000572 0.000413 0.000294 0.000207 0.000144 0.000100 0.000068 0.000046 0.000030 0.000020 0.000013 0.000008 0.000005 0.000003 0.000002 0.000001 0.000001 0.000000 0.000000 0.000000 0.000000 0.000000 
0.000000 0.000000 0.000000 0.000000 0.000000 0.000001 0.000001 0.000002 0.000003 0.000005 0.000008 0.000013 0.000020 0.000031 0.000047 0.000070 0.000104 0.000153 0.000221 0.000317 0.000450 0.000631 0.000875 0.001200 0.001627 0.002180 0.002889 0.003785 0.004903 0.006279 0.007949 0.009950 0.012312 0.015062 0.018216 0.021779 0.025742 0.030079 0.034743 0.039673 0.044783 0.049972 0.055123 0.060109 0.064793 0.069042 0.072725 0.075724 0.077943 0.079305 0.079764 0.079305 0.077943 0.075724 0.072725 0.069042 0.064793 0.060109 0.055123 0.049972 0.044783 0.039673 0.034743 0.030079 0.025742 0.021779 0.018216 0.015062 0.012312 0.009950 0.007949 0.006279 0.004903 0.003785 0.002889 0.002180 0.001627 0.001200 0.000875 0.000631 0.000450 0.000317 0.000221 0.000153 0.000104 0.000070 0.000047 0.000031 0.000020 0.000013 0.000008 0.000005 0.000003 0.000002 0.000001 0.000001 0.000000 0.000000 0.000000 0.000000 
0.000000 0.000000 0.000000 0.000000 0.000001 0.000001 0.000002 0.000003 0.000005 0.000008 0.000013 0.000020 0.000030 0.000047 0.000071 0.000106 0.000158 0.000231 0.000335 0.000480 0.000681 0.000955 0.001324 0.001815 0.002459 0.003295 0.004365 0.005718 0.007405 0.009480 0.012000 0.015017 0.018579 0.022724 0.027478 0.032847 0.038818 0.045350 0.052376 0.059800 0.067495 0.075309 0.083065 0.090570 0.097622 0.104017 0.109560 0.114075 0.117414 0.119464 0.120155 0.119464 0.117414 0.114075 0.109560 0.104017 0.097622 0.090570 0.083065 0.075309 0.067495 0.059800 0.052376 0.045350 0.038818 0.032847 0.027478 0.022724 0.018579 0.015017 0.012000 0.009480 0.007405 0.005718 0.004365 0.003295 0.002459 0.001815 0.001324 0.000955 0.000681 0.000480 0.000335 0.000231 0.000158 0.000106 0.000071 0.000047 0.000030 0.000020 0.000013 0.000008 0.000005 0.000003 0.000002 0.000001 0.000001 0.000000 0.000000 0.000000 
0.000000 0.000000 0.000000 0.000001 0.000001 0.000002 0.000003 0.000005 0.000007 0.000012 0.000019 0.000029 0.000046 0.000070 0.000106 0.000159 0.000236 0.000346 0.000502 0.000719 0.001020 0.001429 0.001980 0.002714 0.003677 0.004925 0.006523 0.008542 0.011060 0.014157 0.017915 0.022415 0.027727 0.033907 0.040993 0.048995 0.057893 0.067626 0.078094 0.089152 0.100613 0.112250 0.123799 0.134975 0.145475 0.154995 0.163248 0.169969 0.174939 0.177991 0.179020 0.177991 0.174939 0.169969 0.163248 0.154995 0.145475 0.134975 0.123799 0.112250 0.100613 0.089152 0.078094 0.067626 0.057893 0.048995 0.040993 0.033907 0.027727 0.022415 0.017915 0.014157 0.011060 0.008542 0.006523 0.004925 0.003677 0.002714 0.001980 0.001429 0.001020 0.000719 0.000502 0.000346 0.000236 0.000159 0.000106 0.000070 0.000046 0.000029 0.000019 0.000012 0.000007 0.000005 0.000003 0.000002 0.000001 0.000001 0.000001 0.000001 
0.000000 0.000000 0.000001 0.000001 0.000002 0.000003 0.000004 0.000007 0.000011 0.000018 0.000028 0.000044 0.000068 0.000104 0.000158 0.000236 0.000350 0.000513 0.000743 0.001065 0.001509 0.002115 0.002930 0.004013 0.005436 0.007280 0.009640 0.012621 0.016336 0.020907 0.026453 0.033090 0.040924 0.050037 0.060484 0.072280 0.085394 0.099737 0.115161 0.131453 0.148337 0.165477 0.182488 0.198946 0.214408 0.228428 0.240579 0.250476 0.257794 0.262287 0.263802 0.262287 0.257794 0.250476 0.240579 0.228428 0.214408 0.198946 0.182488 0.165477 0.148337 0.131453 0.115161 0.099737 0.085394 0.072280 0.060484 0.050037 0.040924 0.033090 0.026453 0.020907 0.016336 0.012621 0.009640 0.007280 0.005436 0.004013 0.002930 0.002115 0.001509 0.001065 0.000743 0.000513 0.000350 0.000236 0.000158 0.000104 0.000068 0.000044 0.000028 0.000018 0.000011 0.000007 0.000004 0.000003 0.000002 0.000001 0.000001 0.000001 
0.000001 0.000001 0.000001 0.000001 0.000002 0.000004 0.000006 0.000010 0.000016 0.000026 0.000041 0.000064 0.000100 0.000153 0.000231 0.000346 0.000513 0.000751 0.001089 0.001560 0.002209 0.003095 0.004286 0.005870 0.007949 0.010643 0.014089 0.018441 0.023865 0.030535 0.038627 0.048311 0.059737 0.073027 0.088260 0.105458 0.124573 0.145478 0.167956 0.191695 0.216294 0.241265 0.266045 0.290018 0.312539 0.332958 0.350654 0.365066 0.375723 0.382266 0.384472 0.382266 0.375723 0.365066 0.350654 0.332958 0.312539 0.290018 0.266045 0.241265 0.216294 0.191695 0.167956 0.145478 0.124573 0.105458 0.088260 0.073027 0.059737 0.048311 0.038627 0.030535 0.023865 0.018441 0.014089 0.010643 0.007949 0.005870 0.004286 0.003095 0.002209 0.001560 0.001089 0.000751 0.000513 0.000346 0.000231 0.000153 0.000100 0.000064 0.000041 0.000026 0.000016 0.000010 0.000006 0.000004 0.000002 0.000002 0.000001 0.000001 
0.000001 0.000001 0.000001 0.000002 0.000003 0.000005 0.000009 0.000015 0.000024 0.000038 0.000060 0.000093 0.000144 0.000221 0.000335 0.000502 0.000743 0.001089 0.001577 0.002258 0.003198 0.004478 0.006201 0.008490 0.011494 0.015385 0.020363 0.026647 0.034477 0.044105 0.055783 0.069754 0.086237 0.105405 0.127372 0.152169 0.179727 0.209861 0.242258 0.276469 0.311917 0.347895 0.383596 0.418133 0.450574 0.479986 0.505476 0.526234 0.541582 0.551006 0.554183 0.551006 0.541582 0.526234 0.505476 0.479986 0.450574 0.418133 0.383596 0.347895 0.311917 0.276469 0.242258 0.209861 0.179727 0.152169 0.127372 0.105405 0.086237 0.069754 0.055783 0.044105 0.034477 0.026647 0.020363 0.015385 0.011494 0.008490 0.006201 0.004478 0.003198 0.002258 0.001577 0.001089 0.000743 0.000502 0.000335 0.000221 0.000144 0.000093 0.000060 0.000038 0.000024 0.000015 0.000009 0.000005 0.000003 0.000002 0.000002 0.000002 
0.000001 0.000001 0.000002 0.000003 0.000005 0.000008 0.000013 0.000021 0.000034 0.000054 0.000086 0.000134 0.000207 0.000317 0.000480 0.000719 0.001065 0.001560 0.002258 0.003233 0.004577 0.006408 0.008871 0.012143 0.016435 0.021995 0.029105 0.038079 0.049258 0.063000 0.079666 0.099602 0.123117 0.150459 0.181788 0.217148 0.256440 0.299399 0.345578 0.394340 0.444857 0.496126 0.546997 0.596204 0.642424 0.684324 0.720635 0.750205 0.772069 0.785491 0.790018 0.785491 0.772069 0.750205 0.720635 0.684324 0.642424 0.596204 0.546997 0.496126 0.444857 0.394340 0.345578 0.299399 0.256440 0.217148 0.181788 0.150459 0.123117 0.099602 0.079666 0.063000 0.049258 0.038079 0.029105 0.021995 0.016435 0.012143 0.008871 0.006408 0.004577 0.003233 0.002258 0.001560 0.001065 0.000719 0.000480 0.000317 0.000207 0.000134 0.000086 0.000054 0.000034 0.000021 0.000013 0.000008 0.000005 0.000003 0.000003 0.000003 
0.000002 0.000002 0.000003 0.000004 0.000007 0.000011 0.000018 0.000030 0.000048 0.000077 0.000121 0.000190 0.000294 0.000450 0.000681 0.001020 0.001509 0.002209 0.003198 0.004577 0.006479 0.009068 0.012550 0.017175 0.023241 0.031095 0.041137 0.053810 0.069594 0.088993 0.112515 0.140647 0.173824 0.212394 0.256583 0.306450 0.361854 0.422421 0.487521 0.556255 0.627456 0.699711 0.771398 0.840737 0.905861 0.964897 1.016055 1.057715 1.088515 1.107425 1.113801 1.107425 1.088515 1.057715 1.016055 0.964897 0.905861 0.840737 0.771398 0.699711 0.627456 0.556255 0.487521 0.422421 0.361854 0.306450 0.256583 0.212394 0.173824 0.140647 0.112515 0.088993 0.069594 0.053810 0.041137 0.031095 0.023241 0.017175 0.012550 0.009068 0.006479 0.004577 0.003198 0.002209 0.001509 0.001020 0.000681 0.000450 0.000294 0.000190 0.000121 0.000077 0.000048 0.000030 0.000018 0.000011 0.000007 0.000005 0.000004 0.000004 
0.000003 0.000003 0.000004 0.000006 0.000009 0.000016 0.000026 0.000042 0.000067 0.000108 0.000171 0.000267 0.000413 0.000631 0.000955 0.001429 0.002115 0.003095 0.004478 0.006408 0.009068 0.012689 0.017557 0.024021 0.032497 0.043471 0.057498 0.075196 0.097235 0.124316 0.157147 0.196405 0.242696 0.296504 0.358142 0.427689 0.504950 0.589401 0.680162 0.775979 0.875226 0.975935 1.075844 1.172473 1.263223 1.345485 1.416767 1.474812 1.517726 1.544073 1.552956 1.544073 1.517726 1.474812 1.416767 1.345485 1.263223 1.172473 1.075844 0.975935 0.875226 0.775979 0.680162 0.589401 0.504950 0.427689 0.358142 0.296504 0.242696 0.196405 0.157147 0.124316 0.097235 0.075196 0.057498 0.043471 0.032497 0.024021 0.017557 0.012689 0.009068 0.006408 0.004478 0.003095 0.002115 0.001429 0.000955 0.000631 0.000413 0.000267 0.000171 0.000108 0.000067 0.000042 0.000026 0.000016 0.000010 0.000007 0.000005 0.000005 
0.000004 0.000004 0.000005 0.000008 0.000013 0.000022 0.000036 0.000058 0.000094 0.000150 0.000237 0.000370 0.000572 0.000875 0.001324 0.001980 0.002930 0.004286 0.006201 0.008871 0.012550 0.017557 0.024287 0.033222 0.044935 0.060096 0.079472 0.103913 0.134343 0.171729 0.217044 0.271222 0.335096 0.409331 0.494356 0.590279 0.696828 0.813279 0.938418 1.070515 1.207328 1.346145 1.483848 1.617023 1.742088 1.855450 1.953675 2.033659 2.092791 2.129094 2.141334 2.129094 2.092791 2.033659 1.953675 1.855450 1.742088 1.617023 1.483848 1.346145 1.207328 1.070515 0.938418 0.813279 0.696828 0.590279 0.494356 0.409331 0.335096 0.271222 0.217044 0.171729 0.134343 0.103913 0.079472 0.060096 0.044935 0.033222 0.024287 0.017557 0.012550 0.008871 0.006201 0.004286 0.002930 0.001980 0.001324 0.000875 0.000572 0.000370 0.000237 0.000150 0.000094 0.000058 0.000036 0.000022 0.000014 0.000009 0.000007 0.000007 
0.000006 0.000006 0.000007 0.000011 0.000018 0.000030 0.000049 0.000080 0.000129 0.000206 0.000325 0.000508 0.000785 0.001200 0.001815 0.002714 0.004013 0.005870 0.008490 0.012143 0.017175 0.024021 0.033222 0.045434 0.061439 0.082153 0.108618 0.141996 0.183546 0.234584 0.296437 0.370375 0.457533 0.558815 0.674800 0.805638 0.950950 1.109750 1.280379 1.460477 1.646990 1.836219 2.023917 2.205431 2.375881 2.530375 2.664234 2.773231 2.853810 2.903279 2.919959 2.903279 2.853810 2.773231 2.664234 2.530375 2.375881 2.205431 2.023917 1.836219 1.646990 1.460477 1.280379 1.109750 0.950950 0.805638 0.674800 0.558815 0.457533 0.370375 0.296437 0.234584 0.183546 0.141996 0.108618 0.082153 0.061439 0.045434 0.033222 0.024021 0.017175 0.012143 0.008490 0.005870 0.004013 0.002714 0.001815 0.001200 0.000785 0.000508 0.000325 0.000206 0.000129 0.000080 0.000049 0.000030 0.000019 0.000013 0.000010 0.000010 
0.000008 0.000008 0.000010 0.000015 0.000025 0.000040 0.000066 0.000108 0.000175 0.000279 0.000441 0.000689 0.001064 0.001627 0.002459 0.003677 0.005436 0.007949 0.011494 0.016435 0.023241 0.032497 0.044935 0.061439 0.083066 0.111049 0.146796 0.191872 0.247973 0.316875 0.400362 0.500147 0.617755 0.754403 0.910869 1.087348 1.283329 1.497478 1.727556 1.970380 2.221832 2.476925 2.729937 2.974598 3.204334 3.412553 3.592956 3.739848 3.848439 3.915103 3.937581 3.915103 3.848439 3.739848 3.592956 3.412553 3.204334 2.974598 2.729937 2.476925 2.221832 1.970380 1.727556 1.497478 1.283329 1.087348 0.910869 0.754403 0.617755 0.500147 0.400362 0.316875 0.247973 0.191872 0.146796 0.111049 0.083066 0.061439 0.044935 0.032497 0.023241 0.016435 0.011494 0.007949 0.005436 0.003677 0.002459 0.001627 0.001064 0.000689 0.000441 0.000279 0.000175 0.000108 0.000067 0.000041 0.000026 0.000017 0.000013 0.000013 
0.000010 0.000010 0.000013 0.000020 0.000033 0.000054 0.000089 0.000145 0.000234 0.000374 0.000591 0.000923 0.001427 0.002180 0.003295 0.004925 0.007280 0.010643 0.015385 0.021995 0.031095 0.043471 0.060096 0.082153 0.111049 0.148431 0.196176 0.256371 0.331276 0.423256 0.534692 0.667860 0.824792 1.007107 1.215836 1.451235 1.712619 1.998203 2.305001 2.628766 2.964008 3.304079 3.641354 3.967476 4.273688 4.551210 4.791646 4.987415 5.132135 5.220979 5.250934 5.220979 5.132135 4.987415 4.791646 4.551210 4.273688 3.967476 3.641354 3.304079 2.964008 2.628766 2.305001 1.998203 1.712619 1.451235 1.215836 1.007107 0.824792 0.667860 0.534692 0.423256 0.331276 0.256371 0.196176 0.148431 0.111049 0.082153 0.060096 0.043471 0.031095 0.021995 0.015385 0.010643 0.007280 0.004925 0.003295 0.002180 0.001427 0.000923 0.000591 0.000374 0.000235 0.000145 0.000090 0.000055 0.000034 0.000023 0.000018 0.000018 
0.000014 0.000014 0.000018 0.000027 0.000044 0.000072 0.000118 0.000193 0.000311 0.000496 0.000784 0.001224 0.001891 0.002889 0.004365 0.006523 0.009640 0.014089 0.020363 0.029105 0.041137 0.057498 0.079472 0.108618 0.146796 0.196176 0.259233 0.338720 0.437616 0.559036 0.706117 0.881858 1.088932 1.329468 1.604819 1.915320 2.260056 2.636674 3.041230 3.468124 3.910115 4.358441 4.803052 5.232937 5.636557 6.002344 6.319240 6.577256 6.767988 6.885076 6.924555 6.885076 6.767988 6.577256 6.319240 6.002344 5.636557 5.232937 4.803052 4.358441 3.910115 3.468124 3.041230 2.636674 2.260056 1.915320 1.604819 1.329468 1.088932 0.881858 0.706117 0.559036 0.437616 0.338720 0.259233 0.196176 0.146796 0.108618 0.079472 0.057498 0.041137 0.029105 0.020363 0.014089 0.009640 0.006523 0.004365 0.002889 0.001891 0.001224 0.000784 0.000497 0.000311 0.000193 0.000119 0.000073 0.000046 0.000030 0.000024 0.000024 
0.000018 0.000018 0.000023 0.000036 0.000058 0.000095 0.000155 0.000253 0.000408 0.000651 0.001028 0.001605 0.002478 0.003785 0.005718 0.008542 0.012621 0.018441 0.026647 0.038079 0.053810 0.075196 0.103913 0.141996 0.191872 0.256371 0.338720 0.442509 0.571621 0.730115 0.922078 1.151415 1.421605 1.735419 2.094613 2.499614 2.949225 3.440369 3.967901 4.524515 5.100770 5.685245 6.264840 6.825209 7.351315 7.828087 8.241120 8.577401 8.825984 8.978584 9.030036 8.978584 8.825984 8.577401 8.241120 7.828087 7.351315 6.825209 6.264840 5.685245 5.100770 4.524515 3.967901 3.440369 2.949225 2.499614 2.094613 1.735419 1.421605 1.151415 0.922078 0.730115 0.571621 0.442509 0.338720 0.256371 0.191872 0.141996 0.103913 0.075196 0.053810 0.038079 0.026647 0.018441 0.012621 0.008542 0.005718 0.003785 0.002478 0.001605 0.001028 0.000651 0.000408 0.000253 0.000156 0.000096 0.000060 0.000040 0.000031 0.000031 
0.000023 0.000023 0.000030 0.000046 0.000075 0.000123 0.000202 0.000328 0.000529 0.000844 0.001332 0.002080 0.003211 0.004903 0.007405 0.011060 0.016336 0.023865 0.034477 0.049258 0.069594 0.097235 0.134343 0.183546 0.247973 0.331276 0.437616 0.571621 0.738294 0.942870 1.190612 1.486549 1.835160 2.240008 2.703350 3.225725 3.805582 4.438945 5.119175 5.836850 6.579795 7.333289 8.080447 8.802783 9.480922 10.095446 10.627798 11.061214 11.381594 11.578266 11.644577 11.578266 11.381594 11.061214 10.627798 10.095446 9.480922 8.802783 8.080447 7.333289 6.579795 5.836850 5.119175 4.438945 3.805582 3.225725 2.703350 2.240008 1.835160 1.486549 1.190612 0.942870 0.738294 0.571621 0.437616 0.331276 0.247973 0.183546 0.134343 0.097235 0.069594 0.049258 0.034477 0.023865 0.016336 0.011060 0.007405 0.004903 0.003211 0.002080 0.001332 0.000844 0.000529 0.000329 0.000203 0.000125 0.000078 0.000052 0.000040 0.000040 
0.000030 0.000030 0.000039 0.000059 0.000096 0.000158 0.000259 0.000421 0.000678 0.001082 0.001707 0.002665 0.004113 0.006279 0.009480 0.014157 0.020907 0.030535 0.044105 0.063000 0.088993 0.124316 0.171729 0.234584 0.316875 0.423256 0.559036 0.730115 0.942870 1.203972 1.520124 1.897733 2.342500 2.858959 3.449973 4.116222 4.855715 5.663373 6.530725 7.445753 8.392936 9.353508 10.305949 11.226701 12.091079 12.874340 13.552847 14.105240 14.513561 14.764214 14.848725 14.764214 14.513561 14.105240 13.552847 12.874340 12.091079 11.226701 10.305949 9.353508 8.392936 7.445753 6.530725 5.663373 4.855715 4.116222 3.449973 2.858959 2.342500 1.897733 1.520124 1.203972 0.942870 0.730115 0.559036 0.423256 0.316875 0.234584 0.171729 0.124316 0.088993 0.063000 0.044105 0.030535 0.020907 0.014157 0.009480 0.006279 0.004113 0.002665 0.001708 0.001082 0.000679 0.000422 0.000260 0.000160 0.000100 0.000067 0.000052 0.000052 
0.000038 0.000038 0.000049 0.000075 0.000122 0.000200 0.000328 0.000534 0.000860 0.001371 0.002163 0.003375 0.005208 0.007949 0.012000 0.017915 0.026453 0.038627 0.055783 0.079666 0.112515 0.157147 0.217044 0.296437 0.400362 0.534692 0.706117 0.922078 1.190612 1.520124 1.919061 2.395491 2.956590 3.608064 4.353507 5.193763 6.126309 7.144732 8.238340 9.391979 10.586079 11.796986 12.997580 14.158172 15.247660 16.234871 17.090024 17.786216 18.300820 18.616714 18.723220 18.616714 18.300820 17.786216 17.090024 16.234871 15.247660 14.158172 12.997580 11.796986 10.586079 9.391979 8.238340 7.144732 6.126309 5.193763 4.353507 3.608064 2.956590 2.395491 1.919061 1.520124 1.190612 0.922078 0.706117 0.534692 0.400362 0.296437 0.217044 0.157147 0.112515 0.079666 0.055783 0.038627 0.026453 0.017915 0.012000 0.007949 0.005208 0.003375 0.002163 0.001372 0.000861 0.000535 0.000330 0.000203 0.000127 0.000085 0.000066 0.000066 
0.000048 0.000048 0.000062 0.000094 0.000153 0.000251 0.000411 0.000669 0.001078 0.001718 0.002709 0.004226 0.006520 0.009950 0.015017 0.022415 0.033090 0.048311 0.069754 0.099602 0.140647 0.196405 0.271222 0.370375 0.500147 0.667860 0.881858 1.151415 1.486549 1.897733 2.395491 2.989869 3.689803 4.502391 5.432097 6.479958 7.642813 8.912652 10.276138 11.714369 13.202950 14.712398 16.208913 17.655501 19.013408 20.243799 21.309573 22.177213 22.818536 23.212212 23.344943 23.212212 22.818536 22.177213 21.309573 20.243799 19.013408 17.655501 16.208913 14.712398 13.202950 11.714369 10.276138 8.912652 7.642813 6.479958 5.432097 4.502391 3.689803 2.989869 2.395491 1.897733 1.486549 1.151415 0.881858 0.667860 0.500147 0.370375 0.271222 0.196405 0.140647 0.099602 0.069754 0.048311 0.033090 0.022415 0.015017 0.009950 0.006520 0.004226 0.002709 0.001718 0.001078 0.000670 0.000413 0.000255 0.000159 0.000106 0.000082 0.000082 
0.000059 0.000059 0.000077 0.000117 0.000189 0.000311 0.000509 0.000829 0.001335 0.002128 0.003355 0.005232 0.008070 0.012312 0.018579 0.027727 0.040924 0.059737 0.086237 0.123117 0.173824 0.242696 0.335096 0.457533 0.617755 0.824792 1.088932 1.421605 1.835160 2.342500 2.956590 3.689803 4.553141 5.555333 6.701868 7.994003 9.427822 10.993437 12.674392 14.447383 16.282334 18.142907 19.987448 21.770374 23.443939 24.960296 26.273740 27.342983 28.133311 28.618447 28.782015 28.618447 28.133311 27.342983 26.273740 24.960296 23.443939 21.770374 19.987448 18.142907 16.282334 14.447383 12.674392 10.993437 9.427822 7.994003 6.701868 5.555333 4.553141 3.689803 2.956590 2.342500 1.835160 1.421605 1.088932 0.824792 0.617755 0.457533 0.335096 0.242696 0.173824 0.123117 0.086237 0.059737 0.040924 0.027727 0.018579 0.012312 0.008070 0.005232 0.003355 0.002128 0.001336 0.000830 0.000512 0.000315 0.000198 0.000132 0.000102 0.000102 
0.000073 0.000073 0.000094 0.000143 0.000232 0.000381 0.000624 0.001015 0.001635 0.002605 0.004106 0.006403 0.009874 0.015062 0.022724 0.033907 0.050037 0.073027 0.105405 0.150459 0.212394 0.296504 0.409331 0.558815 0.754403 1.007107 1.329468 1.735419 2.240008 2.858959 3.608064 4.502391 5.555333 6.777514 8.175600 9.751103 11.499228 13.407903 15.457058 17.618274 19.854893 22.122625 24.370715 26.543622 28.583173 30.431080 32.031666 33.334639 34.297712 34.888881 35.088197 34.888881 34.297712 33.334639 32.031666 30.431080 28.583173 26.543622 24.370715 22.122625 19.854893 17.618274 15.457058 13.407903 11.499228 9.751103 8.175600 6.777514 5.555333 4.502391 3.608064 2.858959 2.240008 1.735419 1.329468 1.007107 0.754403 0.558815 0.409331 0.296504 0.212394 0.150459 0.105405 0.073027 0.050037 0.033907 0.022724 0.015062 0.009875 0.006403 0.004107 0.002605 0.001636 0.001017 0.000627 0.000387 0.000242 0.000161 0.000125 0.000125 
0.000088 0.000088 0.000114 0.000174 0.000281 0.000461 0.000756 0.001229 0.001979 0.003153 0.004969 0.007746 0.011944 0.018216 0.027478 0.040993 0.060484 0.088260 0.127372 0.181788 0.256583 0.358142 0.494356 0.674800 0.910869 1.215836 1.604819 2.094613 2.703350 3.449973 4.353507 5.432097 6.701868 8.175600 9.861307 11.760781 13.868223 16.169060 18.639085 21.244038 23.939731 26.672794 29.382065 32.000629 34.458404 36.685172 38.613867 40.183911 41.344367 42.056691 42.296853 42.056691 41.344367 40.183911 38.613867 36.685172 34.458404 32.000629 29.382065 26.672794 23.939731 21.244038 18.639085 16.169060 13.868223 11.760781 9.861307 8.175600 6.701868 5.432097 4.353507 3.449973 2.703350 2.094613 1.604819 1.215836 0.910869 0.674800 0.494356 0.358142 0.256583 0.181788 0.127372 0.088260 0.060484 0.040993 0.027478 0.018216 0.011944 0.007746 0.004969 0.003153 0.001980 0.001231 0.000760 0.000468 0.000293 0.000196 0.000152 0.000152 
0.000106 0.000106 0.000137 0.000208 0.000336 0.000552 0.000905 0.001471 0.002368 0.003772 0.005944 0.009264 0.014283 0.021779 0.032847 0.048995 0.072280 0.105458 0.152169 0.217148 0.306450 0.427689 0.590279 0.805638 1.087348 1.451235 1.915320 2.499614 3.225725 4.116222 5.193763 6.479958 7.994003 9.751103 11.760781 14.025146 16.537261 19.279733 22.223695 25.328306 28.540902 31.797886 35.026386 38.146682 41.075289 43.728562 46.026619 47.897305 49.279956 50.128661 50.414804 50.128661 49.279956 47.897305 46.026619 43.728562 41.075289 38.146682 35.026386 31.797886 28.540902 25.328306 22.223695 19.279733 16.537261 14.025146 11.760781 9.751103 7.994003 6.479958 5.193763 4.116222 3.225725 2.499614 1.915320 1.451235 1.087348 0.805638 0.590279 0.427689 0.306450 0.217148 0.152169 0.105458 0.072280 0.048995 0.032847 0.021780 0.014283 0.009265 0.005944 0.003773 0.002369 0.001474 0.000910 0.000561 0.000351 0.000234 0.000182 0.000182 
0.000125 0.000125 0.000162 0.000247 0.000398 0.000654 0.001071 0.001740 0.002801 0.004461 0.007029 0.010954 0.016884 0.025742 0.038818 0.057893 0.085394 0.124573 0.179727 0.256440 0.361854 0.504950 0.696828 0.950950 1.283329 1.712619 2.260056 2.949225 3.805582 4.855715 6.126309 7.642813 9.427822 11.499228 13.868223 16.537261 19.498137 22.730329 26.199800 29.858411 33.644101 37.481934 41.286059 44.962562 48.413104 51.539164 54.246654 56.450593 58.079535 59.079411 59.416520 59.079411 58.079535 56.450593 54.246654 51.539164 48.413104 44.962562 41.286059 37.481934 33.644101 29.858411 26.199800 22.730329 19.498137 16.537261 13.868223 11.499228 9.427822 7.642813 6.126309 4.855715 3.805582 2.949225 2.260056 1.712619 1.283329 0.950950 0.696828 0.504950 0.361854 0.256440 0.179727 0.124573 0.085394 0.057893 0.038818 0.025742 0.016885 0.010954 0.007029 0.004462 0.002803 0.001743 0.001076 0.000664 0.000416 0.000278 0.000216 0.000216 
0.000146 0.000146 0.000190 0.000289 0.000466 0.000765 0.001252 0.002035 0.003275 0.005216 0.008216 0.012803 0.019731 0.030079 0.045350 0.067626 0.099737 0.145478 0.209861 0.299399 0.422421 0.589401 0.813279 1.109750 1.497478 1.998203 2.636674 3.440369 4.438945 5.663373 7.144732 8.912652 10.993437 13.407903 16.169060 19.279733 22.730329 26.496909 30.539791 34.802871 39.213834 43.685375 48.117486 52.400773 56.420693 60.062502 63.216621 65.784083 67.681684 68.846460 69.239163 68.846460 67.681684 65.784083 63.216621 60.062502 56.420693 52.400773 48.117486 43.685375 39.213834 34.802871 30.539791 26.496909 22.730329 19.279733 16.169060 13.407903 10.993437 8.912652 7.144732 5.663373 4.438945 3.440369 2.636674 1.998203 1.497478 1.109750 0.813279 0.589401 0.422421 0.299399 0.209861 0.145478 0.099737 0.067626 0.045350 0.030079 0.019732 0.012803 0.008217 0.005217 0.003278 0.002039 0.001259 0.000776 0.000487 0.000325 0.000253 0.000253 
0.000169 0.000169 0.000220 0.000334 0.000539 0.000884 0.001448 0.002353 0.003786 0.006028 0.009495 0.014792 0.022795 0.034743 0.052376 0.078094 0.115161 0.167956 0.242258 0.345578 0.487521 0.680162 0.938418 1.280379 1.727556 2.305001 3.041230 3.967901 5.119175 6.530725 8.238340 10.276138 12.674392 15.457058 18.639085 22.223695 26.199800 30.539791 35.197925 40.109553 45.191357 50.342765 55.448579 60.382803 65.013517 69.208578 72.841794 75.799199 77.984981 79.326637 79.778973 79.326637 77.984981 75.799199 72.841794 69.208578 65.013517 60.382803 55.448579 50.342765 45.191357 40.109553 35.197925 30.539791 26.199800 22.223695 18.639085 15.457058 12.674392 10.276138 8.238340 6.530725 5.119175 3.967901 3.041230 2.305001 1.727556 1.280379 0.938418 0.680162 0.487521 0.345578 0.242258 0.167956 0.115161 0.078094 0.052377 0.034744 0.022795 0.014792 0.009495 0.006029 0.003789 0.002357 0.001456 0.000898 0.000563 0.000376 0.000292 0.000292 
0.000194 0.000194 0.000252 0.000382 0.000616 0.001011 0.001655 0.002689 0.004326 0.006887 0.010846 0.016895 0.026032 0.039673 0.059800 0.089152 0.131453 0.191695 0.276469 0.394340 0.556255 0.775979 1.070515 1.460477 1.970380 2.628766 3.468124 4.524515 5.836850 7.445753 9.391979 11.714369 14.447383 17.618274 21.244038 25.328306 29.858411 34.802871 40.109553 45.704796 51.493688 57.361671 63.177543 68.797809 74.072243 78.850365 82.988485 86.356831 88.846310 90.374367 90.889547 90.374367 88.846310 86.356831 82.988485 78.850365 74.072243 68.797809 63.177543 57.361671 51.493688 45.704796 40.109553 34.802871 29.858411 25.328306 21.244038 17.618274 14.447383 11.714369 9.391979 7.445753 5.836850 4.524515 3.468124 2.628766 1.970380 1.460477 1.070515 0.775979 0.556255 0.394340 0.276469 0.191695 0.131453 0.089152 0.059800 0.039673 0.026032 0.016895 0.010846 0.006888 0.004329 0.002694 0.001664 0.001027 0.000644 0.000430 0.000334 0.000334 
0.000219 0.000219 0.000285 0.000432 0.000696 0.001142 0.001870 0.003038 0.004886 0.007778 0.012247 0.019076 0.029388 0.044783 0.067495 0.100613 0.148337 0.216294 0.311917 0.444857 0.627456 0.875226 1.207328 1.646990 2.221832 2.964008 3.910115 5.100770 6.579795 8.392936 10.586079 13.202950 16.282334 19.854893 23.939731 28.540902 33.644101 39.213834 45.191357 51.493688 58.013920 64.623031 71.173268 77.503046 83.443205 88.824311 93.484575 97.277890 100.081429 101.802248 102.382415 101.802248 100.081429 97.277890 93.484575 88.824311 83.443205 77.503046 71.173268 64.623031 58.013920 51.493688 45.191357 39.213834 33.644101 28.540902 23.939731 19.854893 16.282334 13.202950 10.586079 8.392936 6.579795 5.100770 3.910115 2.964008 2.221832 1.646990 1.207328 0.875226 0.627456 0.444857 0.311917 0.216294 0.148337 0.100613 0.067495 0.044783 0.029389 0.019076 0.012248 0.007779 0.004889 0.003043 0.001880 0.001160 0.000728 0.000486 0.000378 0.000378 
0.000245 0.000245 0.000318 0.000482 0.000778 0.001276 0.002088 0.003392 0.005455 0.008683 0.013670 0.021290 0.032797 0.049972 0.075309 0.112250 0.165477 0.241265 0.347895 0.496126 0.699711 0.975935 1.346145 1.836219 2.476925 3.304079 4.358441 5.685245 7.333289 9.353508 11.796986 14.712398 18.142907 22.122625 26.672794 31.797886 37.481934 43.685375 50.342765 57.361671 64.623031 71.983170 79.277560 86.326289 92.941017 98.933106 104.122434 108.346345 111.468100 113.384230 114.030243 113.384230 111.468100 108.346345 104.122434 98.933106 92.941017 86.326289 79.277560 71.983170 64.623031 57.361671 50.342765 43.685375 37.481934 31.797886 26.672794 22.122625 18.142907 14.712398 11.796986 9.353508 7.333289 5.685245 4.358441 3.304079 2.476925 1.836219 1.346145 0.975935 0.699711 0.496126 0.347895 0.241265 0.165477 0.112250 0.075309 0.049972 0.032797 0.021291 0.013671 0.008684 0.005459 0.003398 0.002099 0.001296 0.000813 0.000543 0.000422 0.000422 
0.000271 0.000271 0.000351 0.000532 0.000859 0.001408 0.002305 0.003744 0.006021 0.009581 0.015084 0.023489 0.036181 0.055123 0.083065 0.123799 0.182488 0.266045 0.383596 0.546997 0.771398 1.075844 1.483848 2.023917 2.729937 3.641354 4.803052 6.264840 8.080447 10.305949 12.997580 16.208913 19.987448 24.370715 29.382065 35.026386 41.286059 48.117486 55.448579 63.177543 71.173268 79.277560 87.309278 95.070347 102.353429 108.950861 114.664364 119.314887 122.751910 124.861542 125.572791 124.861542 122.751910 119.314887 114.664364 108.950861 102.353429 95.070347 87.309278 79.277560 71.173268 63.177543 55.448579 48.117486 41.286059 35.026386 29.382065 24.370715 19.987448 16.208913 12.997580 10.305949 8.080447 6.264840 4.803052 3.641354 2.729937 2.023917 1.483848 1.075844 0.771398 0.546997 0.383596 0.266045 0.182488 0.123799 0.083065 0.055123 0.036182 0.023490 0.015085 0.009583 0.006024 0.003751 0.002317 0.001430 0.000898 0.000600 0.000466 0.000466 
