0.000000 0.000000 0.000000 0.000000 0.000000 0.000000 0.000000 0.000000 0.000000 0.000000 0.000000 0.000000 0.000000 0.000000 0.000000 0.000000 0.000000 0.000000 0.000000 0.000000 0.000000 0.000000 0.000000 0.000000 0.000000 0.000000 0.000000 0.000000 0.000000 0.000000 0.000000 0.000000 0.000000 0.000000 0.000000 0.000000 0.000000 0.000000 0.000000 0.000000 0.000000 0.000000 0.000000 0.000000 0.000000 0.000000 0.000000 0.000000 0.000000 0.000000 0.000000 0.000000 0.000000 0.000000 0.000000 0.000000 0.000000 0.000000 0.000000 0.000000 0.000000 0.000000 0.000000 0.000000 0.000000 0.000000 0.000000 0.000000 0.000000 0.000000 0.000000 0.000000 0.000000 0.000000 0.000000 0.000000 0.000000 0.000000 0.000000 0.000000 0.000000 0.000000 0.000000 0.000000 0.000000 0.000000 0.000000 0.000000 0.000000 0.000000 0.000000 0.000000 0.000000 0.000000 0.000000 0.000000 0.000000 0.000000 0.000000 0.000000 
0.000000 0.000000 0.000000 0.000000 0.000000 0.000000 0.000000 0.000000 0.000000 0.000000 0.000000 0.000000 0.000000 0.000000 0.000000 0.000000 0.000000 0.000000 0.000000 0.000000 0.000000 0.000000 0.000000 0.000000 0.000000 0.000000 0.000000 0.000000 0.000000 0.000000 0.000000 0.000000 0.000000 0.000000 0.000000 0.000000 0.000000 0.000000 0.000000 0.000000 0.000000 0.000000 0.000000 0.000000 0.000000 0.000000 0.000000 0.000000 0.000000 0.000000 0.000000 0.000000 0.000000 0.000000 0.000000 0.000000 0.000000 0.000000 0.000000 0.000000 0.000000 0.000000 0.000000 0.000000 0.000000 0.000000 0.000000 0.000000 0.000000 0.000000 0.000000 0.000000 0.000000 0.000000 0.000000 0.000000 0.000000 0.000000 0.000000 0.000000 0.000000 0.000000 0.000000 0.000000 0.000000 0.000000 0.000000 0.000000 0.000000 0.000000 0.000000 0.000000 0.000000 0.000000 0.000000 0.000000 0.000000 0.000000 0.000000 0.000000 
0.000000 0.000000 0.000000 0.000000 0.000000 0.000000 0.000000 0.000000 0.000000 0.000000 0.000000 0.000000 0.000000 0.000000 0.000000 0.000000 0.000000 0.000000 0.000000 0.000000 0.000000 0.000000 0.000000 0.000000 0.000000 0.000000 0.000000 0.000000 0.000000 0.000000 0.000000 0.000000 0.000000 0.000000 0.000000 0.000000 0.000000 0.000000 0.000000 0.000000 0.000000 0.000000 0.000000 0.000000 0.000000 0.000000 0.000000 0.000000 0.000000 0.000000 0.000000 0.000000 0.000000 0.000000 0.000000 0.000000 0.000000 0.000000 0.000000 0.000000 0.000000 0.000000 0.000000 0.000000 0.000000 0.000000 0.000000 0.000000 0.000000 0.000000 0.000000 0.000000 0.000000 0.000000 0.000000 0.000000 0.000000 0.000000 0.000000 0.000000 0.000000 0.000000 0.000000 0.000000 0.000000 0.000000 0.000000 0.000000 0.000000 0.000000 0.000000 0.000000 0.000000 0.000000 0.000000 0.000000 0.000000 0.000000 0.000000 0.000000 
0.000000 0.000000 0.000000 0.000000 0.000000 0.000000 0.000000 0.000000 0.000000 0.000000 0.000000 0.000000 0.000000 0.000000 0.000000 0.000000 0.000000 0.000000 0.000000 0.000000 0.000000 0.000000 0.000000 0.000000 0.000000 0.000000 0.000000 0.000000 0.000000 0.000000 0.000000 0.000000 0.000000 0.000000 0.000000 0.000000 0.000000 0.000000 0.000000 0.000000 0.000000 0.000000 0.000000 0.000001 0.000001 0.000001 0.000001 0.000001 0.000001 0.000001 0.000001 0.000001 0.000001 0.000001 0.000001 0.000001 0.000001 0.000001 0.000000 0.000000 0.000000 0.000000 0.000000 0.000000 0.000000 0.000000 0.000000 0.000000 0.000000 0.000000 0.000000 0.000000 0.000000 0.000000 0.000000 0.000000 0.000000 0.000000 0.000000 0.000000 0.000000 0.000000 0.000000 0.000000 0.000000 0.000000 0.000000 0.000000 0.000000 0.000000 0.000000 0.000000 0.000000 0.000000 0.000000 0.000000 0.000000 0.000000 0.000000 0.000000 
0.000000 0.000000 0.000000 0.000000 0.000000 0.000000 0.000000 0.000000 0.000000 0.000000 0.000000 0.000000 0.000000 0.000000 0.000000 0.000000 0.000000 0.000000 0.000000 0.000000 0.000000 0.000000 0.000000 0.000000 0.000000 0.000000 0.000000 0.000000 0.000000 0.000000 0.000000 0.000000 0.000000 0.000000 0.000000 0.000000 0.000000 0.000000 0.000000 0.000001 0.000001 0.000001 0.000001 0.000001 0.000001 0.000001 0.000002 0.000002 0.000002 0.000002 0.000002 0.000002 0.000002 0.000002 0.000002 0.000001 0.000001 0.000001 0.000001 0.000001 0.000001 0.000001 0.000000 0.000000 0.000000 0.000000 0.000000 0.000000 0.000000 0.000000 0.000000 0.000000 0.000000 0.000000 0.000000 0.000000 0.000000 0.000000 0.000000 0.000000 0.000000 0.000000 0.000000 0.000000 0.000000 0.000000 0.000000 0.000000 0.000000 0.000000 0.000000 0.000000 0.000000 0.000000 0.000000 0.000000 0.000000 0.000000 0.000000 0.000000 
0.000000 0.000000 0.000000 0.000000 0.000000 0.000000 0.000000 0.000000 0.000000 0.000000 0.000000 0.000000 0.000000 0.000000 0.000000 0.000000 0.000000 0.000000 0.000000 0.000000 0.000000 0.000000 0.000000 0.000000 0.000000 0.000000 0.000000 0.000000 0.000000 0.000000 0.000000 0.000000 0.000000 0.000000 0.000000 0.000000 0.000001 0.000001 0.000001 0.000001 0.000002 0.000002 0.000002 0.000003 0.000003 0.000003 0.000004 0.000004 0.000004 0.000004 0.000004 0.000004 0.000004 0.000004 0.000004 0.000003 0.000003 0.000003 0.000002 0.000002 0.000002 0.000001 0.000001 0.000001 0.000001 0.000000 0.000000 0.000000 0.000000 0.000000 0.000000 0.000000 0.000000 0.000000 0.000000 0.000000 0.000000 0.000000 0.000000 0.000000 0.000000 0.000000 0.000000 0.000000 0.000000 0.000000 0.000000 0.000000 0.000000 0.000000 0.000000 0.000000 0.000000 0.000000 0.000000 0.000000 0.000000 0.000000 0.000000 0.000000 
0.000000 0.000000 0.000000 0.000000 0.000000 0.000000 0.000000 0.000000 0.000000 0.000000 0.000000 0.000000 0.000000 0.000000 0.000000 0.000000 0.000000 0.000000 0.000000 0.000000 0.000000 0.000000 0.000000 0.000000 0.000000 0.000000 0.000000 0.000000 0.000000 0.000000 0.000000 0.000000 0.000000 0.000001 0.000001 0.000001 0.000001 0.000002 0.000002 0.000003 0.000003 0.000004 0.000005 0.000006 0.000006 0.000007 0.000008 0.000008 0.000009 0.000009 0.000009 0.000009 0.000009 0.000008 0.000008 0.000007 0.000006 0.000006 0.000005 0.000004 0.000003 0.000003 0.000002 0.000002 0.000001 0.000001 0.000001 0.000001 0.000000 0.000000 0.000000 0.000000 0.000000 0.000000 0.000000 0.000000 0.000000 0.000000 0.000000 0.000000 0.000000 0.000000 0.000000 0.000000 0.000000 0.000000 0.000000 0.000000 0.000000 0.000000 0.000000 0.000000 0.000000 0.000000 0.000000 0.000000 0.000000 0.000000 0.000000 0.000000 
0.000000 0.000000 0.000000 0.000000 0.000000 0.000000 0.000000 0.000000 0.000000 0.000000 0.000000 0.000000 0.000000 0.000000 0.000000 0.000000 0.000000 0.000000 0.000000 0.000000 0.000000 0.000000 0.000000 0.000000 0.000000 0.000000 0.000000 0.000000 0.000000 0.000000 0.000000 0.000001 0.000001 0.000001 0.000002 0.000002 0.000003 0.000004 0.000005 0.000006 0.000007 0.000009 0.000010 0.000012 0.000014 0.000015 0.000017 0.000018 0.000019 0.000019 0.000019 0.000019 0.000019 0.000018 0.000017 0.000015 0.000014 0.000012 0.000010 0.000009 0.000007 0.000006 0.000005 0.000004 0.000003 0.000002 0.000002 0.000001 0.000001 0.000001 0.000000 0.000000 0.000000 0.000000 0.000000 0.000000 0.000000 0.000000 0.000000 0.000000 0.000000 0.000000 0.000000 0.000000 0.000000 0.000000 0.000000 0.000000 0.000000 0.000000 0.000000 0.000000 0.000000 0.000000 0.000000 0.000000 0.000000 0.000000 0.000000 0.000000 
0.000000 0.000000 0.000000 0.000000 0.000000 0.000000 0.000000 0.000000 0.000000 0.000000 0.000000 0.000000 0.000000 0.000000 0.000000 0.000000 0.000000 0.000000 0.000000 0.000000 0.000000 0.000000 0.000000 0.000000 0.000000 0.000000 0.000000 0.000000 0.000000 0.000001 0.000001 0.000001 0.000002 0.000003 0.000003 0.000005 0.000006 0.000008 0.000010 0.000013 0.000016 0.000019 0.000022 0.000025 0.000029 0.000032 0.000035 0.000037 0.000039 0.000040 0.000041 0.000040 0.000039 0.000037 0.000035 0.000032 0.000029 0.000025 0.000022 0.000019 0.000016 0.000013 0.000010 0.000008 0.000006 0.000005 0.000003 0.000003 0.000002 0.000001 0.000001 0.000001 0.000000 0.000000 0.000000 0.000000 0.000000 0.000000 0.000000 0.000000 0.000000 0.000000 0.000000 0.000000 0.000000 0.000000 0.000000 0.000000 0.000000 0.000000 0.000000 0.000000 0.000000 0.000000 0.000000 0.000000 0.000000 0.000000 0.000000 0.000000 
0.000000 0.000000 0.000000 0.000000 0.000000 0.000000 0.000000 0.000000 0.000000 0.000000 0.000000 0.000000 0.000000 0.000000 0.000000 0.000000 0.000000 0.000000 0.000000 0.000000 0.000000 0.000000 0.000000 0.000000 0.000000 0.000000 0.000000 0.000001 0.000001 0.000001 0.000002 0.000003 0.000004 0.000005 0.000007 0.000010 0.000013 0.000017 0.000021 0.000027 0.000032 0.000039 0.000046 0.000053 0.000060 0.000067 0.000073 0.000078 0.000081 0.000084 0.000085 0.000084 0.000081 0.000078 0.000073 0.000067 0.000060 0.000053 0.000046 0.000039 0.000032 0.000027 0.000021 0.000017 0.000013 0.000010 0.000007 0.000005 0.000004 0.000003 0.000002 0.000001 0.000001 0.000001 0.000000 0.000000 0.000000 0.000000 0.000000 0.000000 0.000000 0.000000 0.000000 0.000000 0.000000 0.000000 0.000000 0.000000 0.000000 0.000000 0.000000 0.000000 0.000000 0.000000 0.000000 0.000000 0.000000 0.000000 0.000000 0.000000 
0.000000 0.000000 0.000000 0.000000 0.000000 0.000000 0.000000 0.000000 0.000000 0.000000 0.000000 0.000000 0.000000 0.000000 0.000000 0.000000 0.000000 0.000000 0.000000 0.000000 0.000000 0.000000 0.000000 0.000000 0.000000 0.000000 0.000001 0.000001 0.000002 0.000003 0.000004 0.000006 0.000008 0.000011 0.000015 0.000020 0.000027 0.000034 0.000044 0.000054 0.000066 0.000080 0.000094 0.000108 0.000122 0.000136 0.000148 0.000159 0.000166 0.000171 0.000173 0.000171 0.000166 0.000159 0.000148 0.000136 0.000122 0.000108 0.000094 0.000080 0.000066 0.000054 0.000044 0.000034 0.000027 0.000020 0.000015 0.000011 0.000008 0.000006 0.000004 0.000003 0.000002 0.000001 0.000001 0.000000 0.000000 0.000000 0.000000 0.000000 0.000000 0.000000 0.000000 0.000000 0.000000 0.000000 0.000000 0.000000 0.000000 0.000000 0.000000 0.000000 0.000000 0.000000 0.000000 0.000000 0.000000 0.000000 0.000000 0.000000 
0.000000 0.000000 0.000000 0.000000 0.000000 0.000000 0.000000 0.000000 0.000000 0.000000 0.000000 0.000000 0.000000 0.000000 0.000000 0.000000 0.000000 0.000000 0.000000 0.000000 0.000000 0.000000 0.000000 0.000000 0.000001 0.000001 0.000001 0.000002 0.000003 0.000005 0.000008 0.000011 0.000016 0.000022 0.000030 0.000041 0.000054 0.000069 0.000088 0.000109 0.000134 0.000160 0.000188 0.000217 0.000246 0.000273 0.000298 0.000319 0.000334 0.000344 0.000347 0.000344 0.000334 0.000319 0.000298 0.000273 0.000246 0.000217 0.000188 0.000160 0.000134 0.000109 0.000088 0.000069 0.000054 0.000041 0.000030 0.000022 0.000016 0.000011 0.000008 0.000005 0.000003 0.000002 0.000001 0.000001 0.000001 0.000000 0.000000 0.000000 0.000000 0.000000 0.000000 0.000000 0.000000 0.000000 0.000000 0.000000 0.000000 0.000000 0.000000 0.000000 0.000000 0.000000 0.000000 0.000000 0.000000 0.000000 0.000000 0.000000 
0.000000 0.000000 0.000000 0.000000 0.000000 0.000000 0.000000 0.000000 0.000000 0.000000 0.000000 0.000000 0.000000 0.000000 0.000000 0.000000 0.000000 0.000000 0.000000 0.000000 0.000000 0.000000 0.000000 0.000001 0.000001 0.000002 0.000003 0.000005 0.000007 0.000010 0.000015 0.000022 0.000032 0.000044 0.000060 0.000081 0.000106 0.000137 0.000174 0.000217 0.000264 0.000317 0.000373 0.000430 0.000486 0.000540 0.000589 0.000629 0.000660 0.000679 0.000686 0.000679 0.000660 0.000629 0.000589 0.000540 0.000486 0.000430 0.000373 0.000317 0.000264 0.000217 0.000174 0.000137 0.000106 0.000081 0.000060 0.000044 0.000032 0.000022 0.000015 0.000010 0.000007 0.000005 0.000003 0.000002 0.000001 0.000001 0.000000 0.000000 0.000000 0.000000 0.000000 0.000000 0.000000 0.000000 0.000000 0.000000 0.000000 0.000000 0.000000 0.000000 0.000000 0.000000 0.000000 0.000000 0.000000 0.000000 0.000000 0.000000 
0.000000 0.000000 0.000000 0.000000 0.000000 0.000000 0.000000 0.000000 0.000000 0.000000 0.000000 0.000000 0.000000 0.000000 0.000000 0.000000 0.000000 0.000000 0.000000 0.000000 0.000000 0.000000 0.000001 0.000001 0.000002 0.000004 0.000006 0.000009 0.000014 0.000020 0.000030 0.000044 0.000062 0.000086 0.000117 0.000157 0.000207 0.000268 0.000339 0.000422 0.000515 0.000617 0.000725 0.000836 0.000946 0.001050 0.001144 0.001222 0.001282 0.001319 0.001332 0.001319 0.001282 0.001222 0.001144 0.001050 0.000946 0.000836 0.000725 0.000617 0.000515 0.000422 0.000339 0.000268 0.000207 0.000157 0.000117 0.000086 0.000062 0.000044 0.000030 0.000020 0.000014 0.000009 0.000006 0.000004 0.000002 0.000001 0.000001 0.000000 0.000000 0.000000 0.000000 0.000000 0.000000 0.000000 0.000000 0.000000 0.000000 0.000000 0.000000 0.000000 0.000000 0.000000 0.000000 0.000000 0.000000 0.000000 0.000000 0.000000 
0.000000 0.000000 0.000000 0.000000 0.000000 0.000000 0.000000 0.000000 0.000000 0.000000 0.000000 0.000000 0.000000 0.000000 0.000000 0.000000 0.000000 0.000000 0.000000 0.000000 0.000001 0.000001 0.000002 0.000003 0.000004 0.000007 0.000011 0.000017 0.000026 0.000039 0.000058 0.000084 0.000119 0.000165 0.000225 0.000302 0.000397 0.000513 0.000650 0.000808 0.000985 0.001180 0.001386 0.001598 0.001807 0.002006 0.002185 0.002335 0.002449 0.002519 0.002543 0.002519 0.002449 0.002335 0.002185 0.002006 0.001807 0.001598 0.001386 0.001180 0.000985 0.000808 0.000650 0.000513 0.000397 0.000302 0.000225 0.000165 0.000119 0.000084 0.000058 0.000039 0.000026 0.000017 0.000011 0.000007 0.000004 0.000003 0.000002 0.000001 0.000001 0.000000 0.000000 0.000000 0.000000 0.000000 0.000000 0.000000 0.000000 0.000000 0.000000 0.000000 0.000000 0.000000 0.000000 0.000000 0.000000 0.000000 0.000000 0.000000 
0.000000 0.000000 0.000000 0.000000 0.000000 0.000000 0.000000 0.000000 0.000000 0.000000 0.000000 0.000000 0.000000 0.000000 0.000000 0.000000 0.000000 0.000000 0.000000 0.000001 0.000001 0.000002 0.000003 0.000005 0.000008 0.000013 0.000021 0.000033 0.000050 0.000075 0.000110 0.000158 0.000224 0.000312 0.000426 0.000570 0.000749 0.000966 0.001223 0.001520 0.001854 0.002219 0.002606 0.003003 0.003396 0.003769 0.004104 0.004386 0.004598 0.004731 0.004776 0.004731 0.004598 0.004386 0.004104 0.003769 0.003396 0.003003 0.002606 0.002219 0.001854 0.001520 0.001223 0.000966 0.000749 0.000570 0.000426 0.000312 0.000224 0.000158 0.000110 0.000075 0.000050 0.000033 0.000021 0.000013 0.000008 0.000005 0.000003 0.000002 0.000001 0.000001 0.000000 0.000000 0.000000 0.000000 0.000000 0.000000 0.000000 0.000000 0.000000 0.000000 0.000000 0.000000 0.000000 0.000000 0.000000 0.000000 0.000000 0.000000 
0.000000 0.000000 0.000000 0.000000 0.000000 0.000000 0.000000 0.000000 0.000000 0.000000 0.000000 0.000000 0.000000 0.000000 0.000000 0.000000 0.000000 0.000000 0.000001 0.000001 0.000002 0.000003 0.000006 0.000009 0.000016 0.000025 0.000039 0.000061 0.000093 0.000139 0.000204 0.000295 0.000417 0.000579 0.000790 0.001057 0.001388 0.001790 0.002266 0.002814 0.003430 0.004103 0.004817 0.005550 0.006275 0.006962 0.007580 0.008099 0.008491 0.008735 0.008818 0.008735 0.008491 0.008099 0.007580 0.006962 0.006275 0.005550 0.004817 0.004103 0.003430 0.002814 0.002266 0.001790 0.001388 0.001057 0.000790 0.000579 0.000417 0.000295 0.000204 0.000139 0.000093 0.000061 0.000039 0.000025 0.000016 0.000009 0.000006 0.000003 0.000002 0.000001 0.000001 0.000000 0.000000 0.000000 0.000000 0.000000 0.000000 0.000000 0.000000 0.000000 0.000000 0.000000 0.000000 0.000000 0.000000 0.000000 0.000000 0.000000 
0.000000 0.000000 0.000000 0.000000 0.000000 0.000000 0.000000 0.000000 0.000000 0.000000 0.000000 0.000000 0.000000 0.000000 0.000000 0.000000 0.000000 0.000001 0.000001 0.000002 0.000004 0.000006 0.000010 0.000017 0.000029 0.000046 0.000072 0.000112 0.000171 0.000255 0.000374 0.000539 0.000762 0.001057 0.001441 0.001927 0.002530 0.003260 0.004124 0.005120 0.006238 0.007460 0.008755 0.010084 0.011399 0.012644 0.013764 0.014703 0.015413 0.015856 0.016006 0.015856 0.015413 0.014703 0.013764 0.012644 0.011399 0.010084 0.008755 0.007460 0.006238 0.005120 0.004124 0.003260 0.002530 0.001927 0.001441 0.001057 0.000762 0.000539 0.000374 0.000255 0.000171 0.000112 0.000072 0.000046 0.000029 0.000017 0.000010 0.000006 0.000004 0.000002 0.000001 0.000001 0.000000 0.000000 0.000000 0.000000 0.000000 0.000000 0.000000 0.000000 0.000000 0.000000 0.000000 0.000000 0.000000 0.000000 0.000000 0.000000 
0.000000 0.000000 0.000000 0.000000 0.000000 0.000000 0.000000 0.000000 0.000000 0.000000 0.000000 0.000000 0.000000 0.000000 0.000000 0.000000 0.000001 0.000001 0.000002 0.000004 0.000006 0.000011 0.000019 0.000032 0.000052 0.000083 0.000131 0.000202 0.000307 0.000459 0.000673 0.000968 0.001368 0.001897 0.002583 0.003453 0.004531 0.005837 0.007379 0.009157 0.011153 0.013333 0.015642 0.018012 0.020354 0.022573 0.024568 0.026241 0.027506 0.028294 0.028561 0.028294 0.027506 0.026241 0.024568 0.022573 0.020354 0.018012 0.015642 0.013333 0.011153 0.009157 0.007379 0.005837 0.004531 0.003453 0.002583 0.001897 0.001368 0.000968 0.000673 0.000459 0.000307 0.000202 0.000131 0.000083 0.000052 0.000032 0.000019 0.000011 0.000006 0.000004 0.000002 0.000001 0.000001 0.000000 0.000000 0.000000 0.000000 0.000000 0.000000 0.000000 0.000000 0.000000 0.000000 0.000000 0.000000 0.000000 0.000000 0.000000 
0.000000 0.000000 0.000000 0.000000 0.000000 0.000000 0.000000 0.000000 0.000000 0.000000 0.000000 0.000000 0.000000 0.000000 0.000000 0.000001 0.000001 0.000002 0.000004 0.000007 0.000012 0.000020 0.000034 0.000056 0.000092 0.000147 0.000232 0.000358 0.000544 0.000812 0.001189 0.001709 0.002413 0.003346 0.004553 0.006083 0.007977 0.010270 0.012978 0.016099 0.019600 0.023422 0.027471 0.031623 0.035727 0.039614 0.043108 0.046038 0.048252 0.049631 0.050100 0.049631 0.048252 0.046038 0.043108 0.039614 0.035727 0.031623 0.027471 0.023422 0.019600 0.016099 0.012978 0.010270 0.007977 0.006083 0.004553 0.003346 0.002413 0.001709 0.001189 0.000812 0.000544 0.000358 0.000232 0.000147 0.000092 0.000056 0.000034 0.000020 0.000012 0.000007 0.000004 0.000002 0.000001 0.000001 0.000000 0.000000 0.000000 0.000000 0.000000 0.000000 0.000000 0.000000 0.000000 0.000000 0.000000 0.000000 0.000000 0.000000 
0.000000 0.000000 0.000000 0.000000 0.000000 0.000000 0.000000 0.000000 0.000000 0.000000 0.000000 0.000000 0.000000 0.000000 0.000001 0.000001 0.000002 0.000004 0.000006 0.000012 0.000020 0.000035 0.000059 0.000098 0.000160 0.000256 0.000403 0.000623 0.000946 0.001410 0.002064 0.002966 0.004186 0.005799 0.007887 0.010530 0.013803 0.017762 0.022436 0.027818 0.033856 0.040444 0.047422 0.054574 0.061642 0.068335 0.074350 0.079393 0.083204 0.085578 0.086384 0.085578 0.083204 0.079393 0.074350 0.068335 0.061642 0.054574 0.047422 0.040444 0.033856 0.027818 0.022436 0.017762 0.013803 0.010530 0.007887 0.005799 0.004186 0.002966 0.002064 0.001410 0.000946 0.000623 0.000403 0.000256 0.000160 0.000098 0.000059 0.000035 0.000020 0.000012 0.000006 0.000004 0.000002 0.000001 0.000001 0.000000 0.000000 0.000000 0.000000 0.000000 0.000000 0.000000 0.000000 0.000000 0.000000 0.000000 0.000000 0.000000 
0.000000 0.000000 0.000000 0.000000 0.000000 0.000000 0.000000 0.000000 0.000000 0.000000 0.000000 0.000000 0.000000 0.000000 0.000001 0.000002 0.000003 0.000006 0.000011 0.000020 0.000035 0.000060 0.000101 0.000168 0.000274 0.000439 0.000690 0.001066 0.001617 0.002409 0.003523 0.005059 0.007134 0.009877 0.013425 0.017917 0.023474 0.030191 0.038119 0.047245 0.057478 0.068640 0.080458 0.092569 0.104534 0.115862 0.126041 0.134573 0.141020 0.145036 0.146400 0.145036 0.141020 0.134573 0.126041 0.115862 0.104534 0.092569 0.080458 0.068640 0.057478 0.047245 0.038119 0.030191 0.023474 0.017917 0.013425 0.009877 0.007134 0.005059 0.003523 0.002409 0.001617 0.001066 0.000690 0.000439 0.000274 0.000168 0.000101 0.000060 0.000035 0.000020 0.000011 0.000006 0.000003 0.000002 0.000001 0.000000 0.000000 0.000000 0.000000 0.000000 0.000000 0.000000 0.000000 0.000000 0.000000 0.000000 0.000000 0.000000 
0.000000 0.000000 0.000000 0.000000 0.000000 0.000000 0.000000 0.000000 0.000000 0.000000 0.000000 0.000000 0.000000 0.000001 0.000002 0.000003 0.000006 0.000010 0.000019 0.000034 0.000059 0.000101 0.000171 0.000284 0.000462 0.000739 0.001161 0.001792 0.002716 0.004042 0.005907 0.008478 0.011947 0.016531 0.022459 0.029957 0.039229 0.050433 0.063649 0.078856 0.095903 0.114490 0.134163 0.154319 0.174228 0.193073 0.210002 0.224192 0.234912 0.241589 0.243857 0.241589 0.234912 0.224192 0.210002 0.193073 0.174228 0.154319 0.134163 0.114490 0.095903 0.078856 0.063649 0.050433 0.039229 0.029957 0.022459 0.016531 0.011947 0.008478 0.005907 0.004042 0.002716 0.001792 0.001161 0.000739 0.000462 0.000284 0.000171 0.000101 0.000059 0.000034 0.000019 0.000010 0.000006 0.000003 0.000002 0.000001 0.000000 0.000000 0.000000 0.000000 0.000000 0.000000 0.000000 0.000000 0.000000 0.000000 0.000000 0.000000 
0.000000 0.000000 0.000000 0.000000 0.000000 0.000000 0.000000 0.000000 0.000000 0.000000 0.000000 0.000000 0.000001 0.000001 0.000003 0.000005 0.000009 0.000017 0.000032 0.000056 0.000098 0.000168 0.000284 0.000470 0.000765 0.001222 0.001919 0.002959 0.004481 0.006664 0.009733 0.013960 0.019661 0.027190 0.036920 0.049220 0.064425 0.082788 0.104441 0.129345 0.157253 0.187672 0.219860 0.252828 0.285386 0.316197 0.343871 0.367064 0.384585 0.395497 0.399203 0.395497 0.384585 0.367064 0.343871 0.316197 0.285386 0.252828 0.219860 0.187672 0.157253 0.129345 0.104441 0.082788 0.064425 0.049220 0.036920 0.027190 0.019661 0.013960 0.009733 0.006664 0.004481 0.002959 0.001919 0.001222 0.000765 0.000470 0.000284 0.000168 0.000098 0.000056 0.000032 0.000017 0.000009 0.000005 0.000003 0.000001 0.000001 0.000000 0.000000 0.000000 0.000000 0.000000 0.000000 0.000000 0.000000 0.000000 0.000000 0.000000 
0.000000 0.000000 0.000000 0.000000 0.000000 0.000000 0.000000 0.000000 0.000000 0.000000 0.000000 0.000001 0.000001 0.000002 0.000004 0.000008 0.000016 0.000029 0.000052 0.000092 0.000160 0.000274 0.000462 0.000765 0.001243 0.001985 0.003115 0.004799 0.007263 0.010795 0.015757 0.022586 0.031792 0.043942 0.059635 0.079466 0.103966 0.133542 0.168404 0.208486 0.253385 0.302311 0.354065 0.407062 0.459387 0.508895 0.553357 0.590614 0.618756 0.636282 0.642235 0.636282 0.618756 0.590614 0.553357 0.508895 0.459387 0.407062 0.354065 0.302311 0.253385 0.208486 0.168404 0.133542 0.103966 0.079466 0.059635 0.043942 0.031792 0.022586 0.015757 0.010795 0.007263 0.004799 0.003115 0.001985 0.001243 0.000765 0.000462 0.000274 0.000160 0.000092 0.000052 0.000029 0.000016 0.000008 0.000004 0.000002 0.000001 0.000001 0.000000 0.000000 0.000000 0.000000 0.000000 0.000000 0.000000 0.000000 0.000000 0.000000 
0.000000 0.000000 0.000000 0.000000 0.000000 0.000000 0.000000 0.000000 0.000000 0.000000 0.000000 0.000001 0.000002 0.000004 0.000007 0.000013 0.000025 0.000046 0.000083 0.000147 0.000256 0.000439 0.000739 0.001222 0.001985 0.003169 0.004967 0.007648 0.011567 0.017180 0.025062 0.035903 0.050508 0.069774 0.094646 0.126059 0.164852 0.211664 0.266819 0.330211 0.401197 0.478525 0.560302 0.644023 0.726663 0.804842 0.875040 0.933856 0.978280 1.005944 1.015339 1.005944 0.978280 0.933856 0.875040 0.804842 0.726663 0.644023 0.560302 0.478525 0.401197 0.330211 0.266819 0.211664 0.164852 0.126059 0.094646 0.069774 0.050508 0.035903 0.025062 0.017180 0.011567 0.007648 0.004967 0.003169 0.001985 0.001222 0.000739 0.000439 0.000256 0.000147 0.000083 0.000046 0.000025 0.000013 0.000007 0.000004 0.000002 0.000001 0.000000 0.000000 0.000000 0.000000 0.000000 0.000000 0.000000 0.000000 0.000000 0.000000 
0.000000 0.000000 0.000000 0.000000 0.000000 0.000000 0.000000 0.000000 0.000000 0.000000 0.000001 0.000001 0.000003 0.000006 0.000011 0.000021 0.000039 0.000072 0.000131 0.000232 0.000403 0.000690 0.001161 0.001919 0.003115 0.004967 0.007781 0.011973 0.018095 0.026861 0.039160 0.056069 0.078835 0.108850 0.147582 0.196476 0.256831 0.329632 0.415376 0.513890 0.624171 0.744270 0.871245 1.001208 1.129468 1.250782 1.359697 1.450941 1.519850 1.562761 1.577333 1.562761 1.519850 1.450941 1.359697 1.250782 1.129468 1.001208 0.871245 0.744270 0.624171 0.513890 0.415376 0.329632 0.256831 0.196476 0.147582 0.108850 0.078835 0.056069 0.039160 0.026861 0.018095 0.011973 0.007781 0.004967 0.003115 0.001919 0.001161 0.000690 0.000403 0.000232 0.000131 0.000072 0.000039 0.000021 0.000011 0.000006 0.000003 0.000001 0.000001 0.000000 0.000000 0.000000 0.000000 0.000000 0.000000 0.000000 0.000000 0.000000 
0.000000 0.000000 0.000000 0.000000 0.000000 0.000000 0.000000 0.000000 0.000000 0.000001 0.000001 0.000002 0.000005 0.000009 0.000017 0.000033 0.000061 0.000112 0.000202 0.000358 0.000623 0.001066 0.001792 0.002959 0.004799 0.007648 0.011973 0.018411 0.027808 0.041255 0.060111 0.086018 0.120884 0.166828 0.226085 0.300859 0.393119 0.504362 0.635335 0.785764 0.954109 1.137390 1.331117 1.529357 1.724960 1.909941 2.075991 2.215086 2.320124 2.385529 2.407739 2.385529 2.320124 2.215086 2.075991 1.909941 1.724960 1.529357 1.331117 1.137390 0.954109 0.785764 0.635335 0.504362 0.393119 0.300859 0.226085 0.166828 0.120884 0.086018 0.060111 0.041255 0.027808 0.018411 0.011973 0.007648 0.004799 0.002959 0.001792 0.001066 0.000623 0.000358 0.000202 0.000112 0.000061 0.000033 0.000017 0.000009 0.000005 0.000002 0.000001 0.000001 0.000000 0.000000 0.000000 0.000000 0.000000 0.000000 0.000000 0.000000 
0.000000 0.000000 0.000000 0.000000 0.000000 0.000000 0.000000 0.000000 0.000000 0.000001 0.000002 0.000003 0.000007 0.000014 0.000026 0.000050 0.000093 0.000171 0.000307 0.000544 0.000946 0.001617 0.002716 0.004481 0.007263 0.011567 0.018095 0.027808 0.041978 0.062240 0.090639 0.129636 0.182092 0.251181 0.340251 0.452595 0.591158 0.758167 0.954729 1.180418 1.432912 1.707734 1.998149 2.295266 2.588376 2.865525 3.114276 3.322624 3.479947 3.577903 3.611165 3.577903 3.479947 3.322624 3.114276 2.865525 2.588376 2.295266 1.998149 1.707734 1.432912 1.180418 0.954729 0.758167 0.591158 0.452595 0.340251 0.251181 0.182092 0.129636 0.090639 0.062240 0.041978 0.027808 0.018095 0.011567 0.007263 0.004481 0.002716 0.001617 0.000946 0.000544 0.000307 0.000171 0.000093 0.000050 0.000026 0.000014 0.000007 0.000003 0.000002 0.000001 0.000000 0.000000 0.000000 0.000000 0.000000 0.000000 0.000000 0.000000 
0.000000 0.000000 0.000000 0.000000 0.000000 0.000000 0.000000 0.000000 0.000001 0.000001 0.000003 0.000005 0.000010 0.000020 0.000039 0.000075 0.000139 0.000255 0.000459 0.000812 0.001410 0.002409 0.004042 0.006664 0.010795 0.017180 0.026861 0.041255 0.062240 0.092233 0.134247 0.191911 0.269439 0.371504 0.503030 0.668856 0.873304 1.119636 1.409460 1.742129 2.114205 2.519081 2.946828 3.384358 3.815910 4.223898 4.590036 4.896672 5.128195 5.272343 5.321290 5.272343 5.128195 4.896672 4.590036 4.223898 3.815910 3.384358 2.946828 2.519081 2.114205 1.742129 1.409460 1.119636 0.873304 0.668856 0.503030 0.371504 0.269439 0.191911 0.134247 0.092233 0.062240 0.041255 0.026861 0.017180 0.010795 0.006664 0.004042 0.002409 0.001410 0.000812 0.000459 0.000255 0.000139 0.000075 0.000039 0.000020 0.000010 0.000005 0.000003 0.000001 0.000001 0.000000 0.000000 0.000000 0.000000 0.000000 0.000000 0.000000 
0.000000 0.000000 0.000000 0.000000 0.000000 0.000000 0.000000 0.000000 0.000001 0.000002 0.000004 0.000008 0.000015 0.000030 0.000058 0.000110 0.000204 0.000374 0.000673 0.001189 0.002064 0.003523 0.005907 0.009733 0.015757 0.025062 0.039160 0.060111 0.090639 0.134247 0.195301 0.279059 0.391617 0.539734 0.730525 0.970979 1.267328 1.624266 2.044092 2.525840 3.064510 3.650521 4.269501 4.902512 5.526768 6.116851 6.646339 7.089736 7.424494 7.632908 7.703675 7.632908 7.424494 7.089736 6.646339 6.116851 5.526768 4.902512 4.269501 3.650521 3.064510 2.525840 2.044092 1.624266 1.267328 0.970979 0.730525 0.539734 0.391617 0.279059 0.195301 0.134247 0.090639 0.060111 0.039160 0.025062 0.015757 0.009733 0.005907 0.003523 0.002064 0.001189 0.000673 0.000374 0.000204 0.000110 0.000058 0.000030 0.000015 0.000008 0.000004 0.000002 0.000001 0.000000 0.000000 0.000000 0.000000 0.000000 0.000000 0.000000 
0.000000 0.000000 0.000000 0.000000 0.000000 0.000000 0.000000 0.000001 0.000001 0.000003 0.000006 0.000011 0.000022 0.000044 0.000084 0.000158 0.000295 0.000539 0.000968 0.001709 0.002966 0.005059 0.008478 0.013960 0.022586 0.035903 0.056069 0.086018 0.129636 0.191911 0.279059 0.398560 0.559078 0.770220 1.042086 1.384593 1.806571 2.314658 2.912084 3.597434 4.363567 5.196839 6.076805 6.976550 7.863707 8.702180 9.454465 10.084375 10.559913 10.855961 10.956481 10.855961 10.559913 10.084375 9.454465 8.702180 7.863707 6.976550 6.076805 5.196839 4.363567 3.597434 2.912084 2.314658 1.806571 1.384593 1.042086 0.770220 0.559078 0.398560 0.279059 0.191911 0.129636 0.086018 0.056069 0.035903 0.022586 0.013960 0.008478 0.005059 0.002966 0.001709 0.000968 0.000539 0.000295 0.000158 0.000084 0.000044 0.000022 0.000011 0.000006 0.000003 0.000001 0.000001 0.000000 0.000000 0.000000 0.000000 0.000000 0.000000 
0.000000 0.000000 0.000000 0.000000 0.000000 0.000000 0.000000 0.000001 0.000002 0.000004 0.000008 0.000016 0.000032 0.000062 0.000119 0.000224 0.000417 0.000762 0.001368 0.002413 0.004186 0.007134 0.011947 0.019661 0.031792 0.050508 0.078835 0.120884 0.182092 0.269439 0.391617 0.559078 0.783925 1.079567 1.460094 1.939327 2.529559 3.240016 4.075154 5.032948 6.103379 7.267356 8.496315 9.752674 10.991265 12.161730 13.211764 14.090911 14.754561 15.167700 15.307975 15.167700 14.754561 14.090911 13.211764 12.161730 10.991265 9.752674 8.496315 7.267356 6.103379 5.032948 4.075154 3.240016 2.529559 1.939327 1.460094 1.079567 0.783925 0.559078 0.391617 0.269439 0.182092 0.120884 0.078835 0.050508 0.031792 0.019661 0.011947 0.007134 0.004186 0.002413 0.001368 0.000762 0.000417 0.000224 0.000119 0.000062 0.000032 0.000016 0.000008 0.000004 0.000002 0.000001 0.000000 0.000000 0.000000 0.000000 0.000000 0.000000 
0.000000 0.000000 0.000000 0.000000 0.000000 0.000000 0.000001 0.000001 0.000003 0.000005 0.000011 0.000022 0.000044 0.000086 0.000165 0.000312 0.000579 0.001057 0.001897 0.003346 0.005799 0.009877 0.016531 0.027190 0.043942 0.069774 0.108850 0.166828 0.251181 0.371504 0.539734 0.770220 1.079567 1.486163 2.009316 2.667952 3.478885 4.454713 5.601483 6.916347 8.385501 9.982711 11.668772 13.392135 15.090875 16.695978 18.135778 19.341157 20.251016 20.817402 21.009705 20.817402 20.251016 19.341157 18.135778 16.695978 15.090875 13.392135 11.668772 9.982711 8.385501 6.916347 5.601483 4.454713 3.478885 2.667952 2.009316 1.486163 1.079567 0.770220 0.539734 0.371504 0.251181 0.166828 0.108850 0.069774 0.043942 0.027190 0.016531 0.009877 0.005799 0.003346 0.001897 0.001057 0.000579 0.000312 0.000165 0.000086 0.000044 0.000022 0.000011 0.000005 0.000003 0.000001 0.000001 0.000000 0.000000 0.000000 0.000000 0.000000 
0.000000 0.000000 0.000000 0.000000 0.000000 0.000000 0.000001 0.000002 0.000003 0.000007 0.000015 0.000030 0.000060 0.000117 0.000225 0.000426 0.000790 0.001441 0.002583 0.004553 0.007887 0.013425 0.022459 0.036920 0.059635 0.094646 0.147582 0.226085 0.340251 0.503030 0.730525 1.042086 1.460094 2.009316 2.715744 3.604839 4.699198 6.015720 7.562469 9.335521 11.316197 13.469090 15.741341 18.063496 20.352153 22.514401 24.453774 26.077260 27.302647 28.065419 28.324395 28.065419 27.302647 26.077260 24.453774 22.514401 20.352153 18.063496 15.741341 13.469090 11.316197 9.335521 7.562469 6.015720 4.699198 3.604839 2.715744 2.009316 1.460094 1.042086 0.730525 0.503030 0.340251 0.226085 0.147582 0.094646 0.059635 0.036920 0.022459 0.013425 0.007887 0.004553 0.002583 0.001441 0.000790 0.000426 0.000225 0.000117 0.000060 0.000030 0.000015 0.000007 0.000003 0.000002 0.000001 0.000000 0.000000 0.000000 0.000000 0.000000 
0.000000 0.000000 0.000000 0.000000 0.000000 0.000000 0.000001 0.000002 0.000005 0.000010 0.000020 0.000041 0.000081 0.000157 0.000302 0.000570 0.001057 0.001927 0.003453 0.006083 0.010530 0.017917 0.029957 0.049220 0.079466 0.126059 0.196476 0.300859 0.452595 0.668856 0.970979 1.384593 1.939327 2.667952 3.604839 4.783636 6.234178 7.978739 10.027884 12.376316 14.999211 17.849634 20.857583 23.931134 26.959956 29.821165 32.387216 34.535145 36.156283 37.165363 37.507959 37.165363 36.156283 34.535145 32.387216 29.821165 26.959956 23.931134 20.857583 17.849634 14.999211 12.376316 10.027884 7.978739 6.234178 4.783636 3.604839 2.667952 1.939327 1.384593 0.970979 0.668856 0.452595 0.300859 0.196476 0.126059 0.079466 0.049220 0.029957 0.017917 0.010530 0.006083 0.003453 0.001927 0.001057 0.000570 0.000302 0.000157 0.000081 0.000041 0.000020 0.000010 0.000005 0.000002 0.000001 0.000000 0.000000 0.000000 0.000000 0.000000 
0.000000 0.000000 0.000000 0.000000 0.000000 0.000001 0.000001 0.000003 0.000006 0.000013 0.000027 0.000054 0.000106 0.000207 0.000397 0.000749 0.001388 0.002530 0.004531 0.007977 0.013803 0.023474 0.039229 0.064425 0.103966 0.164852 0.256831 0.393119 0.591158 0.873304 1.267328 1.806571 2.529559 3.478885 4.699198 6.234178 8.122522 10.393073 13.059440 16.114603 19.526175 23.233043 27.144154 31.140009 35.077231 38.796181 42.131197 44.922599 47.029285 48.340549 48.785732 48.340549 47.029285 44.922599 42.131197 38.796181 35.077231 31.140009 27.144154 23.233043 19.526175 16.114603 13.059440 10.393073 8.122522 6.234178 4.699198 3.478885 2.529559 1.806571 1.267328 0.873304 0.591158 0.393119 0.256831 0.164852 0.103966 0.064425 0.039229 0.023474 0.013803 0.007977 0.004531 0.002530 0.001388 0.000749 0.000397 0.000207 0.000106 0.000054 0.000027 0.000013 0.000006 0.000003 0.000001 0.000001 0.000000 0.000000 0.000000 0.000000 
0.000000 0.000000 0.000000 0.000000 0.000000 0.000001 0.000002 0.000004 0.000008 0.000017 0.000034 0.000069 0.000137 0.000268 0.000513 0.000966 0.001790 0.003260 0.005837 0.010270 0.017762 0.030191 0.050433 0.082788 0.133542 0.211664 0.329632 0.504362 0.758167 1.119636 1.624266 2.314658 3.240016 4.454713 6.015720 7.978739 10.393073 13.295419 16.703003 20.606706 24.965026 29.699825 34.694774 39.797287 44.824356 49.572271 53.829679 57.392889 60.081932 61.755617 62.323835 61.755617 60.081932 57.392889 53.829679 49.572271 44.824356 39.797287 34.694774 29.699825 24.965026 20.606706 16.703003 13.295419 10.393073 7.978739 6.015720 4.454713 3.240016 2.314658 1.624266 1.119636 0.758167 0.504362 0.329632 0.211664 0.133542 0.082788 0.050433 0.030191 0.017762 0.010270 0.005837 0.003260 0.001790 0.000966 0.000513 0.000268 0.000137 0.000069 0.000034 0.000017 0.000008 0.000004 0.000002 0.000001 0.000000 0.000000 0.000000 0.000000 
0.000000 0.000000 0.000000 0.000000 0.000000 0.000001 0.000002 0.000005 0.000010 0.000021 0.000044 0.000088 0.000174 0.000339 0.000650 0.001223 0.002266 0.004124 0.007379 0.012978 0.022436 0.038119 0.063649 0.104441 0.168404 0.266819 0.415376 0.635335 0.954729 1.409460 2.044092 2.912084 4.075154 5.601483 7.562469 10.027884 13.059440 16.703003 20.980000 25.878813 31.347230 37.287122 43.552530 49.952090 56.256364 62.210022 67.548205 72.015693 75.387014 77.485291 78.197649 77.485291 75.387014 72.015693 67.548205 62.210022 56.256364 49.952090 43.552530 37.287122 31.347230 25.878813 20.980000 16.703003 13.059440 10.027884 7.562469 5.601483 4.075154 2.912084 2.044092 1.409460 0.954729 0.635335 0.415376 0.266819 0.168404 0.104441 0.063649 0.038119 0.022436 0.012978 0.007379 0.004124 0.002266 0.001223 0.000650 0.000339 0.000174 0.000088 0.000044 0.000021 0.000010 0.000005 0.000002 0.000001 0.000000 0.000000 0.000000 0.000000 
0.000000 0.000000 0.000000 0.000000 0.000001 0.000001 0.000003 0.000006 0.000013 0.000027 0.000054 0.000109 0.000217 0.000422 0.000808 0.001520 0.002814 0.005120 0.009157 0.016099 0.027818 0.047245 0.078856 0.129345 0.208486 0.330211 0.513890 0.785764 1.180418 1.742129 2.525840 3.597434 5.032948 6.916347 9.335521 12.376316 16.114603 20.606706 25.878813 31.916411 38.654998 45.973559 53.692225 61.575287 69.340220 76.672691 83.246693 88.748124 92.899520 95.483237 96.360387 95.483237 92.899520 88.748124 83.246693 76.672691 69.340220 61.575287 53.692225 45.973559 38.654998 31.916411 25.878813 20.606706 16.114603 12.376316 9.335521 6.916347 5.032948 3.597434 2.525840 1.742129 1.180418 0.785764 0.513890 0.330211 0.208486 0.129345 0.078856 0.047245 0.027818 0.016099 0.009157 0.005120 0.002814 0.001520 0.000808 0.000422 0.000217 0.000109 0.000054 0.000027 0.000013 0.000006 0.000003 0.000001 0.000001 0.000000 0.000000 0.000000 
0.000000 0.000000 0.000000 0.000000 0.000001 0.000002 0.000003 0.000007 0.000016 0.000032 0.000066 0.000134 0.000264 0.000515 0.000985 0.001854 0.003430 0.006238 0.011153 0.019600 0.033856 0.057478 0.095903 0.157253 0.253385 0.401197 0.624171 0.954109 1.432912 2.114205 3.064510 4.363567 6.103379 8.385501 11.316197 14.999211 19.526175 24.965026 31.347230 38.654998 46.810092 55.665956 65.004907 74.541795 83.934938 92.804264 100.755644 107.409391 112.430137 115.554835 116.615630 115.554835 112.430137 107.409391 100.755644 92.804264 83.934938 74.541795 65.004907 55.665956 46.810092 38.654998 31.347230 24.965026 19.526175 14.999211 11.316197 8.385501 6.103379 4.363567 3.064510 2.114205 1.432912 0.954109 0.624171 0.401197 0.253385 0.157253 0.095903 0.057478 0.033856 0.019600 0.011153 0.006238 0.003430 0.001854 0.000985 0.000515 0.000264 0.000134 0.000066 0.000032 0.000016 0.000007 0.000003 0.000002 0.000001 0.000000 0.000000 0.000000 
0.000000 0.000000 0.000000 0.000000 0.000001 0.000002 0.000004 0.000009 0.000019 0.000039 0.000080 0.000160 0.000317 0.000617 0.001180 0.002219 0.004103 0.007460 0.013333 0.023422 0.040444 0.068640 0.114490 0.187672 0.302311 0.478525 0.744270 1.137390 1.707734 2.519081 3.650521 5.196839 7.267356 9.982711 13.469090 17.849634 23.233043 29.699825 37.287122 45.973559 55.665956 66.190019 77.287024 88.618189 99.777668 110.314103 119.759509 127.663100 133.626741 137.338171 138.598140 137.338171 133.626741 127.663100 119.759509 110.314103 99.777668 88.618189 77.287024 66.190019 55.665956 45.973559 37.287122 29.699825 23.233043 17.849634 13.469090 9.982711 7.267356 5.196839 3.650521 2.519081 1.707734 1.137390 0.744270 0.478525 0.302311 0.187672 0.114490 0.068640 0.040444 0.023422 0.013333 0.007460 0.004103 0.002219 0.001180 0.000617 0.000317 0.000160 0.000080 0.000039 0.000019 0.000009 0.000004 0.000002 0.000001 0.000000 0.000000 0.000000 
0.000000 0.000000 0.000000 0.000000 0.000001 0.000002 0.000005 0.000010 0.000022 0.000046 0.000094 0.000188 0.000373 0.000725 0.001386 0.002606 0.004817 0.008755 0.015642 0.027471 0.047422 0.080458 0.134163 0.219860 0.354065 0.560302 0.871245 1.331117 1.998149 2.946828 4.269501 6.076805 8.496315 11.668772 15.741341 20.857583 27.144154 34.694774 43.552530 53.692225 65.004907 77.287024 90.236598 103.458337 116.478809 128.771579 139.790887 149.011086 155.967957 160.297427 161.767196 160.297427 155.967957 149.011086 139.790887 128.771579 116.478809 103.458337 90.236598 77.287024 65.004907 53.692225 43.552530 34.694774 27.144154 20.857583 15.741341 11.668772 8.496315 6.076805 4.269501 2.946828 1.998149 1.331117 0.871245 0.560302 0.354065 0.219860 0.134163 0.080458 0.047422 0.027471 0.015642 0.008755 0.004817 0.002606 0.001386 0.000725 0.000373 0.000188 0.000094 0.000046 0.000022 0.000010 0.000005 0.000002 0.000001 0.000000 0.000000 0.000000 
