0.000000 0.000000 0.000000 0.000000 0.000000 0.000000 0.000000 0.000000 0.000000 0.000000 0.000000 0.000000 0.000000 0.000000 0.000000 0.000000 0.000000 0.000000 0.000000 0.000000 0.000000 0.000000 0.000001 0.000001 0.000001 0.000002 0.000003 0.000004 0.000005 0.000006 0.000008 0.000011 0.000013 0.000017 0.000021 0.000026 0.000031 0.000037 0.000043 0.000050 0.000057 0.000065 0.000072 0.000080 0.000087 0.000093 0.000099 0.000104 0.000107 0.000109 0.000110 0.000109 0.000107 0.000104 0.000099 0.000093 0.000087 0.000080 0.000072 0.000065 0.000057 0.000050 0.000043 0.000037 0.000031 0.000026 0.000021 0.000017 0.000013 0.000011 0.000008 0.000006 0.000005 0.000004 0.000003 0.000002 0.000001 0.000001 0.000001 0.000000 0.000000 0.000000 0.000000 0.000000 0.000000 0.000000 0.000000 0.000000 0.000000 0.000000 0.000000 0.000000 0.000000 0.000000 0.000000 0.000000 0.000000 0.000000 0.000000 0.000000 
0.000000 0.000000 0.000000 0.000000 0.000000 0.000000 0.000000 0.000000 0.000000 0.000000 0.000000 0.000000 0.000000 0.000000 0.000000 0.000000 0.000000 0.000000 0.000000 0.000000 0.000000 0.000000 0.000001 0.000001 0.000001 0.000002 0.000003 0.000004 0.000005 0.000006 0.000008 0.000011 0.000013 0.000017 0.000021 0.000026 0.000031 0.000037 0.000043 0.000050 0.000057 0.000065 0.000072 0.000080 0.000087 0.000093 0.000099 0.000104 0.000107 0.000109 0.000110 0.000109 0.000107 0.000104 0.000099 0.000093 0.000087 0.000080 0.000072 0.000065 0.000057 0.000050 0.000043 0.000037 0.000031 0.000026 0.000021 0.000017 0.000013 0.000011 0.000008 0.000006 0.000005 0.000004 0.000003 0.000002 0.000001 0.000001 0.000001 0.000000 0.000000 0.000000 0.000000 0.000000 0.000000 0.000000 0.000000 0.000000 0.000000 0.000000 0.000000 0.000000 0.000000 0.000000 0.000000 0.000000 0.000000 0.000000 0.000000 0.000000 
0.000000 0.000000 0.000000 0.000000 0.000000 0.000000 0.000000 0.000000 0.000000 0.000000 0.000000 0.000000 0.000000 0.000000 0.000000 0.000000 0.000000 0.000000 0.000000 0.000000 0.000000 0.000001 0.000001 0.000001 0.000002 0.000003 0.000004 0.000005 0.000007 0.000009 0.000011 0.000014 0.000018 0.000023 0.000028 0.000035 0.000042 0.000050 0.000059 0.000068 0.000078 0.000088 0.000099 0.000109 0.000118 0.000127 0.000135 0.000141 0.000146 0.000149 0.000149 0.000149 0.000146 0.000141 0.000135 0.000127 0.000118 0.000109 0.000099 0.000088 0.000078 0.000068 0.000059 0.000050 0.000042 0.000035 0.000028 0.000023 0.000018 0.000014 0.000011 0.000009 0.000007 0.000005 0.000004 0.000003 0.000002 0.000001 0.000001 0.000001 0.000000 0.000000 0.000000 0.000000 0.000000 0.000000 0.000000 0.000000 0.000000 0.000000 0.000000 0.000000 0.000000 0.000000 0.000000 0.000000 0.000000 0.000000 0.000000 0.000000 
0.000000 0.000000 0.000000 0.000000 0.000000 0.000000 0.000000 0.000000 0.000000 0.000000 0.000000 0.000000 0.000000 0.000000 0.000000 0.000000 0.000000 0.000000 0.000000 0.000000 0.000001 0.000001 0.000002 0.000002 0.000003 0.000004 0.000006 0.000008 0.000011 0.000014 0.000018 0.000023 0.000030 0.000037 0.000046 0.000056 0.000068 0.000081 0.000095 0.000110 0.000126 0.000143 0.000159 0.000176 0.000191 0.000205 0.000217 0.000227 0.000235 0.000240 0.000241 0.000240 0.000235 0.000227 0.000217 0.000205 0.000191 0.000176 0.000159 0.000143 0.000126 0.000110 0.000095 0.000081 0.000068 0.000056 0.000046 0.000037 0.000030 0.000023 0.000018 0.000014 0.000011 0.000008 0.000006 0.000004 0.000003 0.000002 0.000002 0.000001 0.000001 0.000000 0.000000 0.000000 0.000000 0.000000 0.000000 0.000000 0.000000 0.000000 0.000000 0.000000 0.000000 0.000000 0.000000 0.000000 0.000000 0.000000 0.000000 0.000000 
0.000000 0.000000 0.000000 0.000000 0.000000 0.000000 0.000000 0.000000 0.000000 0.000000 0.000000 0.000000 0.000000 0.000000 0.000000 0.000000 0.000000 0.000000 0.000001 0.000001 0.000001 0.000002 0.000003 0.000004 0.000005 0.000007 0.000010 0.000014 0.000018 0.000024 0.000031 0.000040 0.000051 0.000064 0.000079 0.000096 0.000116 0.000138 0.000163 0.000189 0.000216 0.000244 0.000273 0.000300 0.000327 0.000351 0.000372 0.000389 0.000402 0.000410 0.000412 0.000410 0.000402 0.000389 0.000372 0.000351 0.000327 0.000300 0.000273 0.000244 0.000216 0.000189 0.000163 0.000138 0.000116 0.000096 0.000079 0.000064 0.000051 0.000040 0.000031 0.000024 0.000018 0.000014 0.000010 0.000007 0.000005 0.000004 0.000003 0.000002 0.000001 0.000001 0.000001 0.000000 0.000000 0.000000 0.000000 0.000000 0.000000 0.000000 0.000000 0.000000 0.000000 0.000000 0.000000 0.000000 0.000000 0.000000 0.000000 0.000000 
0.000000 0.000000 0.000000 0.000000 0.000000 0.000000 0.000000 0.000000 0.000000 0.000000 0.000000 0.000000 0.000000 0.000000 0.000000 0.000000 0.000000 0.000001 0.000001 0.000001 0.000002 0.000003 0.000005 0.000007 0.000009 0.000013 0.000018 0.000024 0.000032 0.000042 0.000054 0.000070 0.000088 0.000111 0.000137 0.000167 0.000202 0.000240 0.000282 0.000327 0.000374 0.000423 0.000472 0.000520 0.000565 0.000607 0.000643 0.000673 0.000695 0.000709 0.000713 0.000709 0.000695 0.000673 0.000643 0.000607 0.000565 0.000520 0.000472 0.000423 0.000374 0.000327 0.000282 0.000240 0.000202 0.000167 0.000137 0.000111 0.000088 0.000070 0.000054 0.000042 0.000032 0.000024 0.000018 0.000013 0.000009 0.000007 0.000005 0.000003 0.000002 0.000001 0.000001 0.000001 0.000000 0.000000 0.000000 0.000000 0.000000 0.000000 0.000000 0.000000 0.000000 0.000000 0.000000 0.000000 0.000000 0.000000 0.000000 0.000000 
0.000000 0.000000 0.000000 0.000000 0.000000 0.000000 0.000000 0.000000 0.000000 0.000000 0.000000 0.000000 0.000000 0.000000 0.000000 0.000000 0.000001 0.000001 0.000002 0.000003 0.000004 0.000006 0.000008 0.000011 0.000016 0.000022 0.000030 0.000041 0.000055 0.000072 0.000094 0.000120 0.000153 0.000191 0.000236 0.000288 0.000348 0.000414 0.000486 0.000563 0.000645 0.000729 0.000813 0.000895 0.000974 0.001045 0.001108 0.001159 0.001197 0.001220 0.001228 0.001220 0.001197 0.001159 0.001108 0.001045 0.000974 0.000895 0.000813 0.000729 0.000645 0.000563 0.000486 0.000414 0.000348 0.000288 0.000236 0.000191 0.000153 0.000120 0.000094 0.000072 0.000055 0.000041 0.000030 0.000022 0.000016 0.000011 0.000008 0.000006 0.000004 0.000003 0.000002 0.000001 0.000001 0.000000 0.000000 0.000000 0.000000 0.000000 0.000000 0.000000 0.000000 0.000000 0.000000 0.000000 0.000000 0.000000 0.000000 0.000000 
0.000000 0.000000 0.000000 0.000000 0.000000 0.000000 0.000000 0.000000 0.000000 0.000000 0.000000 0.000000 0.000000 0.000000 0.000001 0.000001 0.000001 0.000002 0.000003 0.000004 0.000007 0.000010 0.000014 0.000020 0.000027 0.000038 0.000052 0.000070 0.000094 0.000123 0.000160 0.000206 0.000261 0.000327 0.000404 0.000493 0.000594 0.000706 0.000829 0.000961 0.001100 0.001243 0.001387 0.001527 0.001660 0.001782 0.001889 0.001976 0.002040 0.002080 0.002093 0.002080 0.002040 0.001976 0.001889 0.001782 0.001660 0.001527 0.001387 0.001243 0.001100 0.000961 0.000829 0.000706 0.000594 0.000493 0.000404 0.000327 0.000261 0.000206 0.000160 0.000123 0.000094 0.000070 0.000052 0.000038 0.000027 0.000020 0.000014 0.000010 0.000007 0.000004 0.000003 0.000002 0.000001 0.000001 0.000001 0.000000 0.000000 0.000000 0.000000 0.000000 0.000000 0.000000 0.000000 0.000000 0.000000 0.000000 0.000000 0.000000 
0.000000 0.000000 0.000000 0.000000 0.000000 0.000000 0.000000 0.000000 0.000000 0.000000 0.000000 0.000000 0.000000 0.000001 0.000001 0.000001 0.000002 0.000003 0.000005 0.000008 0.000011 0.000016 0.000023 0.000033 0.000046 0.000064 0.000088 0.000119 0.000158 0.000209 0.000271 0.000348 0.000441 0.000552 0.000682 0.000832 0.001002 0.001192 0.001399 0.001622 0.001856 0.002097 0.002339 0.002576 0.002800 0.003005 0.003184 0.003331 0.003439 0.003506 0.003529 0.003506 0.003439 0.003331 0.003184 0.003005 0.002800 0.002576 0.002339 0.002097 0.001856 0.001622 0.001399 0.001192 0.001002 0.000832 0.000682 0.000552 0.000441 0.000348 0.000271 0.000209 0.000158 0.000119 0.000088 0.000064 0.000046 0.000033 0.000023 0.000016 0.000011 0.000008 0.000005 0.000003 0.000002 0.000001 0.000001 0.000001 0.000000 0.000000 0.000000 0.000000 0.000000 0.000000 0.000000 0.000000 0.000000 0.000000 0.000000 0.000000 
0.000000 0.000000 0.000000 0.000000 0.000000 0.000000 0.000000 0.000000 0.000000 0.000000 0.000000 0.000000 0.000001 0.000001 0.000002 0.000002 0.000004 0.000006 0.000008 0.000013 0.000019 0.000027 0.000039 0.000055 0.000078 0.000108 0.000147 0.000199 0.000265 0.000349 0.000453 0.000582 0.000737 0.000922 0.001139 0.001389 0.001672 0.001988 0.002334 0.002705 0.003095 0.003496 0.003899 0.004293 0.004666 0.005008 0.005306 0.005550 0.005731 0.005842 0.005880 0.005842 0.005731 0.005550 0.005306 0.005008 0.004666 0.004293 0.003899 0.003496 0.003095 0.002705 0.002334 0.001988 0.001672 0.001389 0.001139 0.000922 0.000737 0.000582 0.000453 0.000349 0.000265 0.000199 0.000147 0.000108 0.000078 0.000055 0.000039 0.000027 0.000019 0.000013 0.000008 0.000006 0.000004 0.000002 0.000002 0.000001 0.000001 0.000000 0.000000 0.000000 0.000000 0.000000 0.000000 0.000000 0.000000 0.000000 0.000000 0.000000 
0.000000 0.000000 0.000000 0.000000 0.000000 0.000000 0.000000 0.000000 0.000000 0.000000 0.000000 0.000001 0.000001 0.000002 0.000003 0.000004 0.000006 0.000009 0.000014 0.000021 0.000031 0.000045 0.000065 0.000092 0.000129 0.000178 0.000243 0.000329 0.000438 0.000576 0.000748 0.000960 0.001216 0.001521 0.001879 0.002291 0.002758 0.003278 0.003847 0.004458 0.005099 0.005760 0.006422 0.007071 0.007685 0.008247 0.008737 0.009138 0.009436 0.009619 0.009681 0.009619 0.009436 0.009138 0.008737 0.008247 0.007685 0.007071 0.006422 0.005760 0.005099 0.004458 0.003847 0.003278 0.002758 0.002291 0.001879 0.001521 0.001216 0.000960 0.000748 0.000576 0.000438 0.000329 0.000243 0.000178 0.000129 0.000092 0.000065 0.000045 0.000031 0.000021 0.000014 0.000009 0.000006 0.000004 0.000003 0.000002 0.000001 0.000001 0.000000 0.000000 0.000000 0.000000 0.000000 0.000000 0.000000 0.000000 0.000000 0.000000 
0.000000 0.000000 0.000000 0.000000 0.000000 0.000000 0.000000 0.000000 0.000000 0.000000 0.000001 0.000001 0.000002 0.000003 0.000004 0.000006 0.000010 0.000015 0.000023 0.000034 0.000051 0.000074 0.000106 0.000150 0.000211 0.000291 0.000398 0.000537 0.000715 0.000940 0.001221 0.001566 0.001984 0.002480 0.003062 0.003733 0.004493 0.005340 0.006266 0.007259 0.008303 0.009376 0.010454 0.011508 0.012507 0.013419 0.014216 0.014868 0.015351 0.015649 0.015750 0.015649 0.015351 0.014868 0.014216 0.013419 0.012507 0.011508 0.010454 0.009376 0.008303 0.007259 0.006266 0.005340 0.004493 0.003733 0.003062 0.002480 0.001984 0.001566 0.001221 0.000940 0.000715 0.000537 0.000398 0.000291 0.000211 0.000150 0.000106 0.000074 0.000051 0.000034 0.000023 0.000015 0.000010 0.000006 0.000004 0.000003 0.000002 0.000001 0.000001 0.000000 0.000000 0.000000 0.000000 0.000000 0.000000 0.000000 0.000000 0.000000 
0.000000 0.000000 0.000000 0.000000 0.000000 0.000000 0.000000 0.000000 0.000000 0.000001 0.000001 0.000002 0.000003 0.000004 0.000007 0.000010 0.000016 0.000025 0.000037 0.000056 0.000082 0.000119 0.000171 0.000243 0.000340 0.000470 0.000642 0.000866 0.001153 0.001517 0.001969 0.002525 0.003196 0.003996 0.004932 0.006011 0.007234 0.008595 0.010083 0.011680 0.013357 0.015082 0.016814 0.018506 0.020111 0.021577 0.022856 0.023902 0.024679 0.025158 0.025319 0.025158 0.024679 0.023902 0.022856 0.021577 0.020111 0.018506 0.016814 0.015082 0.013357 0.011680 0.010083 0.008595 0.007234 0.006011 0.004932 0.003996 0.003196 0.002525 0.001969 0.001517 0.001153 0.000866 0.000642 0.000470 0.000340 0.000243 0.000171 0.000119 0.000082 0.000056 0.000037 0.000025 0.000016 0.000010 0.000007 0.000004 0.000003 0.000002 0.000001 0.000001 0.000000 0.000000 0.000000 0.000000 0.000000 0.000000 0.000000 0.000000 
0.000000 0.000000 0.000000 0.000000 0.000000 0.000000 0.000000 0.000000 0.000001 0.000001 0.000002 0.000003 0.000004 0.000007 0.000011 0.000017 0.000026 0.000040 0.000060 0.000089 0.000131 0.000191 0.000274 0.000388 0.000543 0.000750 0.001024 0.001381 0.001838 0.002417 0.003137 0.004021 0.005089 0.006360 0.007849 0.009564 0.011507 0.013669 0.016033 0.018568 0.021232 0.023971 0.026720 0.029406 0.031953 0.034279 0.036308 0.037970 0.039202 0.039961 0.040218 0.039961 0.039202 0.037970 0.036308 0.034279 0.031953 0.029406 0.026720 0.023971 0.021232 0.018568 0.016033 0.013669 0.011507 0.009564 0.007849 0.006360 0.005089 0.004021 0.003137 0.002417 0.001838 0.001381 0.001024 0.000750 0.000543 0.000388 0.000274 0.000191 0.000131 0.000089 0.000060 0.000040 0.000026 0.000017 0.000011 0.000007 0.000004 0.000003 0.000002 0.000001 0.000001 0.000000 0.000000 0.000000 0.000000 0.000000 0.000000 0.000000 
0.000000 0.000000 0.000000 0.000000 0.000000 0.000000 0.000000 0.000001 0.000001 0.000002 0.000003 0.000004 0.000007 0.000011 0.000017 0.000027 0.000041 0.000063 0.000095 0.000141 0.000207 0.000301 0.000432 0.000612 0.000856 0.001183 0.001614 0.002175 0.002895 0.003804 0.004937 0.006326 0.008005 0.010002 0.012341 0.015034 0.018084 0.021479 0.025189 0.029167 0.033346 0.037642 0.041954 0.046167 0.050161 0.053809 0.056990 0.059594 0.061527 0.062717 0.063119 0.062717 0.061527 0.059594 0.056990 0.053809 0.050161 0.046167 0.041954 0.037642 0.033346 0.029167 0.025189 0.021479 0.018084 0.015034 0.012341 0.010002 0.008005 0.006326 0.004937 0.003804 0.002895 0.002175 0.001614 0.001183 0.000856 0.000612 0.000432 0.000301 0.000207 0.000141 0.000095 0.000063 0.000041 0.000027 0.000017 0.000011 0.000007 0.000004 0.000003 0.000002 0.000001 0.000001 0.000000 0.000000 0.000000 0.000000 0.000000 0.000000 
0.000000 0.000000 0.000000 0.000000 0.000000 0.000000 0.000000 0.000001 0.000001 0.000002 0.000004 0.000006 0.000010 0.000017 0.000027 0.000042 0.000064 0.000098 0.000148 0.000220 0.000323 0.000470 0.000673 0.000954 0.001334 0.001842 0.002513 0.003386 0.004504 0.005917 0.007677 0.009834 0.012441 0.015541 0.019169 0.023348 0.028079 0.033344 0.039097 0.045265 0.051743 0.058402 0.065084 0.071613 0.077801 0.083452 0.088381 0.092416 0.095410 0.097253 0.097875 0.097253 0.095410 0.092416 0.088381 0.083452 0.077801 0.071613 0.065084 0.058402 0.051743 0.045265 0.039097 0.033344 0.028079 0.023348 0.019169 0.015541 0.012441 0.009834 0.007677 0.005917 0.004504 0.003386 0.002513 0.001842 0.001334 0.000954 0.000673 0.000470 0.000323 0.000220 0.000148 0.000098 0.000064 0.000042 0.000027 0.000017 0.000010 0.000006 0.000004 0.000002 0.000001 0.000001 0.000000 0.000000 0.000000 0.000000 0.000000 0.000000 
0.000000 0.000000 0.000000 0.000000 0.000000 0.000000 0.000001 0.000001 0.000002 0.000004 0.000006 0.000010 0.000016 0.000026 0.000041 0.000064 0.000099 0.000151 0.000228 0.000339 0.000498 0.000723 0.001037 0.001468 0.002052 0.002834 0.003865 0.005205 0.006923 0.009092 0.011792 0.015103 0.019101 0.023855 0.029418 0.035824 0.043075 0.051143 0.059956 0.069403 0.079326 0.089522 0.099754 0.109750 0.119222 0.127874 0.135419 0.141593 0.146176 0.148996 0.149949 0.148996 0.146176 0.141593 0.135419 0.127874 0.119222 0.109750 0.099754 0.089522 0.079326 0.069403 0.059956 0.051143 0.043075 0.035824 0.029418 0.023855 0.019101 0.015103 0.011792 0.009092 0.006923 0.005205 0.003865 0.002834 0.002052 0.001468 0.001037 0.000723 0.000498 0.000339 0.000228 0.000151 0.000099 0.000064 0.000041 0.000026 0.000016 0.000010 0.000006 0.000004 0.000002 0.000001 0.000001 0.000000 0.000000 0.000000 0.000000 0.000000 
0.000000 0.000000 0.000000 0.000000 0.000000 0.000001 0.000001 0.000002 0.000003 0.000006 0.000009 0.000015 0.000025 0.000040 0.000063 0.000098 0.000151 0.000231 0.000347 0.000517 0.000759 0.001101 0.001577 0.002232 0.003120 0.004307 0.005872 0.007906 0.010511 0.013801 0.017895 0.022914 0.028973 0.036175 0.044602 0.054303 0.065282 0.077496 0.090837 0.105134 0.120148 0.135575 0.151053 0.166175 0.180501 0.193586 0.204995 0.214333 0.221262 0.225527 0.226967 0.225527 0.221262 0.214333 0.204995 0.193586 0.180501 0.166175 0.151053 0.135575 0.120148 0.105134 0.090837 0.077496 0.065282 0.054303 0.044602 0.036175 0.028973 0.022914 0.017895 0.013801 0.010511 0.007906 0.005872 0.004307 0.003120 0.002232 0.001577 0.001101 0.000759 0.000517 0.000347 0.000231 0.000151 0.000098 0.000063 0.000040 0.000025 0.000015 0.000009 0.000006 0.000003 0.000002 0.000001 0.000001 0.000000 0.000000 0.000000 0.000000 
0.000000 0.000000 0.000000 0.000000 0.000001 0.000001 0.000002 0.000003 0.000005 0.000008 0.000014 0.000023 0.000037 0.000060 0.000095 0.000148 0.000228 0.000347 0.000523 0.000777 0.001141 0.001655 0.002371 0.003354 0.004686 0.006466 0.008813 0.011861 0.015766 0.020696 0.026828 0.034343 0.043414 0.054195 0.066806 0.081320 0.097744 0.116011 0.135961 0.157337 0.179783 0.202843 0.225977 0.248575 0.269983 0.289534 0.306581 0.320532 0.330885 0.337256 0.339407 0.337256 0.330885 0.320532 0.306581 0.289534 0.269983 0.248575 0.225977 0.202843 0.179783 0.157337 0.135961 0.116011 0.097744 0.081320 0.066806 0.054195 0.043414 0.034343 0.026828 0.020696 0.015766 0.011861 0.008813 0.006466 0.004686 0.003354 0.002371 0.001655 0.001141 0.000777 0.000523 0.000347 0.000228 0.000148 0.000095 0.000060 0.000037 0.000023 0.000014 0.000008 0.000005 0.000003 0.000002 0.000001 0.000001 0.000000 0.000000 0.000000 
0.000000 0.000000 0.000000 0.000000 0.000001 0.000001 0.000003 0.000004 0.000008 0.000013 0.000021 0.000034 0.000056 0.000089 0.000141 0.000220 0.000339 0.000517 0.000777 0.001155 0.001695 0.002457 0.003519 0.004977 0.006951 0.009589 0.013065 0.017580 0.023361 0.030657 0.039731 0.050849 0.064265 0.080207 0.098851 0.120304 0.144576 0.171567 0.201040 0.232616 0.265767 0.299821 0.333981 0.367346 0.398952 0.427814 0.452977 0.473569 0.488850 0.498254 0.501429 0.498254 0.488850 0.473569 0.452977 0.427814 0.398952 0.367346 0.333981 0.299821 0.265767 0.232616 0.201040 0.171567 0.144576 0.120304 0.098851 0.080207 0.064265 0.050849 0.039731 0.030657 0.023361 0.017580 0.013065 0.009589 0.006951 0.004977 0.003519 0.002457 0.001695 0.001155 0.000777 0.000517 0.000339 0.000220 0.000141 0.000089 0.000056 0.000034 0.000021 0.000013 0.000008 0.000004 0.000003 0.000002 0.000001 0.000001 0.000000 0.000000 
0.000000 0.000000 0.000000 0.000001 0.000001 0.000002 0.000004 0.000007 0.000011 0.000019 0.000031 0.000051 0.000082 0.000131 0.000207 0.000323 0.000498 0.000759 0.001141 0.001695 0.002487 0.003604 0.005160 0.007295 0.010186 0.014048 0.019134 0.025738 0.034193 0.044861 0.058125 0.074373 0.093976 0.117263 0.144493 0.175818 0.211256 0.250655 0.293670 0.339749 0.388120 0.437803 0.487634 0.536302 0.582399 0.624492 0.661188 0.691217 0.713500 0.727213 0.731842 0.727213 0.713500 0.691217 0.661188 0.624492 0.582399 0.536302 0.487634 0.437803 0.388120 0.339749 0.293670 0.250655 0.211256 0.175818 0.144493 0.117263 0.093976 0.074373 0.058125 0.044861 0.034193 0.025738 0.019134 0.014048 0.010186 0.007295 0.005160 0.003604 0.002487 0.001695 0.001141 0.000759 0.000498 0.000323 0.000207 0.000131 0.000082 0.000051 0.000031 0.000019 0.000011 0.000007 0.000004 0.000002 0.000001 0.000001 0.000001 0.000001 
0.000000 0.000000 0.000001 0.000001 0.000002 0.000003 0.000006 0.000010 0.000016 0.000027 0.000045 0.000074 0.000119 0.000191 0.000301 0.000470 0.000723 0.001101 0.001655 0.002457 0.003604 0.005222 0.007473 0.010561 0.014743 0.020327 0.027678 0.037223 0.049437 0.064846 0.083999 0.107455 0.135750 0.169355 0.208642 0.253829 0.304940 0.361755 0.423776 0.490205 0.559929 0.631537 0.703351 0.773481 0.839903 0.900549 0.953419 0.996680 1.028779 1.048534 1.055203 1.048534 1.028779 0.996680 0.953419 0.900549 0.839903 0.773481 0.703351 0.631537 0.559929 0.490205 0.423776 0.361755 0.304940 0.253829 0.208642 0.169355 0.135750 0.107455 0.083999 0.064846 0.049437 0.037223 0.027678 0.020327 0.014743 0.010561 0.007473 0.005222 0.003604 0.002457 0.001655 0.001101 0.000723 0.000470 0.000301 0.000191 0.000119 0.000074 0.000045 0.000027 0.000016 0.000010 0.000006 0.000003 0.000002 0.000001 0.000001 0.000001 
0.000001 0.000001 0.000001 0.000002 0.000003 0.000005 0.000008 0.000014 0.000023 0.000039 0.000065 0.000106 0.000171 0.000274 0.000432 0.000673 0.001037 0.001577 0.002371 0.003519 0.005160 0.007473 0.010690 0.015104 0.021078 0.029052 0.039549 0.053173 0.070605 0.092589 0.119909 0.153361 0.193703 0.241609 0.297602 0.361995 0.434816 0.515751 0.604092 0.698697 0.797983 0.899941 1.002181 1.102015 1.196563 1.282885 1.358133 1.419703 1.465386 1.493500 1.502990 1.493500 1.465386 1.419703 1.358133 1.282885 1.196563 1.102015 1.002181 0.899941 0.797983 0.698697 0.604092 0.515751 0.434816 0.361995 0.297602 0.241609 0.193703 0.153361 0.119909 0.092589 0.070605 0.053173 0.039549 0.029052 0.021078 0.015104 0.010690 0.007473 0.005160 0.003519 0.002371 0.001577 0.001037 0.000673 0.000432 0.000274 0.000171 0.000106 0.000065 0.000039 0.000023 0.000014 0.000008 0.000005 0.000003 0.000002 0.000001 0.000001 
0.000001 0.000001 0.000001 0.000002 0.000004 0.000007 0.000011 0.000020 0.000033 0.000055 0.000092 0.000150 0.000243 0.000388 0.000612 0.000954 0.001468 0.002232 0.003354 0.004977 0.007295 0.010561 0.015104 0.021334 0.029765 0.041015 0.055820 0.075029 0.099602 0.130585 0.169080 0.216204 0.273024 0.340483 0.419317 0.509961 0.612453 0.726350 0.850649 0.983745 1.123411 1.266820 1.410613 1.551010 1.683963 1.805340 1.911141 1.997706 2.061932 2.101457 2.114800 2.101457 2.061932 1.997706 1.911141 1.805340 1.683963 1.551010 1.410613 1.266820 1.123411 0.983745 0.850649 0.726350 0.612453 0.509961 0.419317 0.340483 0.273024 0.216204 0.169080 0.130585 0.099602 0.075029 0.055820 0.041015 0.029765 0.021334 0.015104 0.010561 0.007295 0.004977 0.003354 0.002232 0.001468 0.000954 0.000612 0.000388 0.000243 0.000150 0.000092 0.000055 0.000033 0.000020 0.000011 0.000007 0.000004 0.000002 0.000002 0.000002 
0.000001 0.000001 0.000002 0.000003 0.000005 0.000009 0.000016 0.000027 0.000046 0.000078 0.000129 0.000211 0.000340 0.000543 0.000856 0.001334 0.002052 0.003120 0.004686 0.006951 0.010186 0.014743 0.021078 0.029765 0.041515 0.057192 0.077816 0.104571 0.138786 0.181917 0.235496 0.301070 0.380121 0.473957 0.583597 0.709640 0.852136 1.010465 1.183233 1.368205 1.562285 1.761546 1.961322 2.156363 2.341049 2.509647 2.656599 2.776829 2.866031 2.920924 2.939455 2.920924 2.866031 2.776829 2.656599 2.509647 2.341049 2.156363 1.961322 1.761546 1.562285 1.368205 1.183233 1.010465 0.852136 0.709640 0.583597 0.473957 0.380121 0.301070 0.235496 0.181917 0.138786 0.104571 0.077816 0.057192 0.041515 0.029765 0.021078 0.014743 0.010186 0.006951 0.004686 0.003120 0.002052 0.001334 0.000856 0.000543 0.000340 0.000211 0.000129 0.000078 0.000046 0.000027 0.000016 0.000009 0.000005 0.000003 0.000003 0.000003 
0.000002 0.000002 0.000003 0.000004 0.000007 0.000013 0.000022 0.000038 0.000064 0.000108 0.000178 0.000291 0.000470 0.000750 0.001183 0.001842 0.002834 0.004307 0.006466 0.009589 0.014048 0.020327 0.029052 0.041015 0.057192 0.078768 0.107147 0.143953 0.191012 0.250320 0.323979 0.414113 0.522749 0.651680 0.802301 0.975430 1.171130 1.388542 1.625751 1.879687 2.146098 2.419592 2.693770 2.961428 3.214859 3.446198 3.647826 3.812784 3.935167 4.010477 4.035900 4.010477 3.935167 3.812784 3.647826 3.446198 3.214859 2.961428 2.693770 2.419592 2.146098 1.879687 1.625751 1.388542 1.171130 0.975430 0.802301 0.651680 0.522749 0.414113 0.323979 0.250320 0.191012 0.143953 0.107147 0.078768 0.057192 0.041015 0.029052 0.020327 0.014048 0.009589 0.006466 0.004307 0.002834 0.001842 0.001183 0.000750 0.000470 0.000291 0.000178 0.000108 0.000064 0.000038 0.000022 0.000013 0.000008 0.000005 0.000004 0.000004 
0.000003 0.000003 0.000004 0.000006 0.000010 0.000018 0.000030 0.000052 0.000088 0.000147 0.000243 0.000398 0.000642 0.001024 0.001614 0.002513 0.003865 0.005872 0.008813 0.013065 0.019134 0.027678 0.039549 0.055820 0.077816 0.107147 0.145717 0.195728 0.259659 0.340212 0.440237 0.562609 0.710077 0.885064 1.089455 1.324353 1.589837 1.884738 2.206451 2.550810 2.912048 3.282856 3.654558 4.017395 4.360922 4.674485 4.947765 5.171334 5.337196 5.439261 5.473715 5.439261 5.337196 5.171334 4.947765 4.674485 4.360922 4.017395 3.654558 3.282856 2.912048 2.550810 2.206451 1.884738 1.589837 1.324353 1.089455 0.885064 0.710077 0.562609 0.440237 0.340212 0.259659 0.195728 0.145717 0.107147 0.077816 0.055820 0.039549 0.027678 0.019134 0.013065 0.008813 0.005872 0.003865 0.002513 0.001614 0.001024 0.000642 0.000398 0.000243 0.000147 0.000088 0.000052 0.000030 0.000018 0.000010 0.000007 0.000005 0.000005 
0.000004 0.000004 0.000005 0.000008 0.000014 0.000024 0.000041 0.000070 0.000119 0.000199 0.000329 0.000537 0.000866 0.001381 0.002175 0.003386 0.005205 0.007906 0.011861 0.017580 0.025738 0.037223 0.053173 0.075029 0.104571 0.143953 0.195728 0.262848 0.348630 0.456695 0.590857 0.754963 0.952688 1.187274 1.461235 1.776041 2.131790 2.526907 2.957895 3.419172 3.903009 4.399620 4.897386 5.383245 5.843217 6.263046 6.628923 6.928235 7.150282 7.286918 7.333043 7.286918 7.150282 6.928235 6.628923 6.263046 5.843217 5.383245 4.897386 4.399620 3.903009 3.419172 2.957895 2.526907 2.131790 1.776041 1.461235 1.187274 0.952688 0.754963 0.590857 0.456695 0.348630 0.262848 0.195728 0.143953 0.104571 0.075029 0.053173 0.037223 0.025738 0.017580 0.011861 0.007906 0.005205 0.003386 0.002175 0.001381 0.000866 0.000537 0.000329 0.000199 0.000119 0.000070 0.000041 0.000024 0.000014 0.000009 0.000007 0.000007 
0.000005 0.000005 0.000007 0.000011 0.000018 0.000032 0.000055 0.000094 0.000158 0.000265 0.000438 0.000715 0.001153 0.001838 0.002895 0.004504 0.006923 0.010511 0.015766 0.023361 0.034193 0.049437 0.070605 0.099602 0.138786 0.191012 0.259659 0.348630 0.462317 0.605507 0.783245 1.000616 1.262473 1.573098 1.935809 2.352537 2.823401 3.346309 3.916626 4.526958 5.167079 5.824042 6.482481 7.125125 7.733490 8.288733 8.772601 9.168423 9.462060 9.642745 9.703738 9.642745 9.462060 9.168423 8.772601 8.288733 7.733490 7.125125 6.482481 5.824042 5.167079 4.526958 3.916626 3.346309 2.823401 2.352537 1.935809 1.573098 1.262473 1.000616 0.783245 0.605507 0.462317 0.348630 0.259659 0.191012 0.138786 0.099602 0.070605 0.049437 0.034193 0.023361 0.015766 0.010511 0.006923 0.004504 0.002895 0.001838 0.001153 0.000715 0.000438 0.000265 0.000158 0.000094 0.000055 0.000032 0.000019 0.000012 0.000009 0.000009 
0.000006 0.000006 0.000009 0.000014 0.000024 0.000042 0.000072 0.000123 0.000209 0.000349 0.000576 0.000940 0.001517 0.002417 0.003804 0.005917 0.009092 0.013801 0.020696 0.030657 0.044861 0.064846 0.092589 0.130585 0.181917 0.250320 0.340212 0.456695 0.605507 0.792906 1.025476 1.309859 1.652389 2.058649 2.532964 3.077844 3.693432 4.376979 5.122417 5.920078 6.756594 7.615048 8.475365 9.314988 10.109779 10.835132 11.467217 11.984268 12.367829 12.603843 12.683513 12.603843 12.367829 11.984268 11.467217 10.835132 10.109779 9.314988 8.475365 7.615048 6.756594 5.920078 5.122417 4.376979 3.693432 3.077844 2.532964 2.058649 1.652389 1.309859 1.025476 0.792906 0.605507 0.456695 0.340212 0.250320 0.181917 0.130585 0.092589 0.064846 0.044861 0.030657 0.020696 0.013801 0.009092 0.005917 0.003804 0.002417 0.001517 0.000940 0.000576 0.000349 0.000209 0.000123 0.000072 0.000042 0.000025 0.000016 0.000012 0.000012 
0.000008 0.000008 0.000011 0.000018 0.000031 0.000054 0.000094 0.000160 0.000271 0.000453 0.000748 0.001221 0.001969 0.003137 0.004937 0.007677 0.011792 0.017895 0.026828 0.039731 0.058125 0.083999 0.119909 0.169080 0.235496 0.323979 0.440237 0.590857 0.783245 1.025476 1.326046 1.693519 2.136061 2.660867 3.273503 3.977193 4.772103 5.654670 6.617050 7.646750 8.726515 9.834507 10.944826 12.028367 13.053994 13.989971 14.805564 15.472706 15.967595 16.272108 16.374899 16.272108 15.967595 15.472706 14.805564 13.989971 13.053994 12.028367 10.944826 9.834507 8.726515 7.646750 6.617050 5.654670 4.772103 3.977193 3.273503 2.660867 2.136061 1.693519 1.326046 1.025476 0.783245 0.590857 0.440237 0.323979 0.235496 0.169080 0.119909 0.083999 0.058125 0.039731 0.026828 0.017895 0.011792 0.007677 0.004937 0.003137 0.001969 0.001221 0.000748 0.000453 0.000271 0.000160 0.000094 0.000055 0.000032 0.000020 0.000015 0.000015 
0.000011 0.000011 0.000014 0.000023 0.000040 0.000070 0.000120 0.000206 0.000348 0.000582 0.000960 0.001566 0.002525 0.004021 0.006326 0.009834 0.015103 0.022914 0.034343 0.050849 0.074373 0.107455 0.153361 0.216204 0.301070 0.414113 0.562609 0.754963 1.000616 1.309859 1.693519 2.162507 2.727220 3.396815 4.178370 5.075978 6.089828 7.215358 8.442551 9.755470 11.132108 12.544627 13.960014 15.341183 16.648460 17.841413 18.880891 19.731141 20.361847 20.749923 20.880921 20.749923 20.361847 19.731141 18.880891 17.841413 16.648460 15.341183 13.960014 12.544627 11.132108 9.755470 8.442551 7.215358 6.089828 5.075978 4.178370 3.396815 2.727220 2.162507 1.693519 1.309859 1.000616 0.754963 0.562609 0.414113 0.301070 0.216204 0.153361 0.107455 0.074373 0.050849 0.034343 0.022914 0.015103 0.009834 0.006326 0.004021 0.002525 0.001566 0.000960 0.000582 0.000348 0.000206 0.000121 0.000070 0.000042 0.000026 0.000019 0.000019 
0.000013 0.000013 0.000018 0.000030 0.000051 0.000088 0.000153 0.000261 0.000441 0.000737 0.001216 0.001984 0.003196 0.005089 0.008005 0.012441 0.019101 0.028973 0.043414 0.064265 0.093976 0.135750 0.193703 0.273024 0.380121 0.522749 0.710077 0.952688 1.262473 1.652389 2.136061 2.727220 3.438942 4.282742 5.267509 6.398372 7.675547 9.093265 10.638894 12.292349 14.025913 15.804531 17.586646 19.325576 20.971390 22.473211 23.781772 24.852090 25.646023 26.134526 26.299423 26.134526 25.646023 24.852090 23.781772 22.473211 20.971390 19.325576 17.586646 15.804531 14.025913 12.292349 10.638894 9.093265 7.675547 6.398372 5.267509 4.282742 3.438942 2.727220 2.136061 1.652389 1.262473 0.952688 0.710077 0.522749 0.380121 0.273024 0.193703 0.135750 0.093976 0.064265 0.043414 0.028973 0.019101 0.012441 0.008005 0.005089 0.003196 0.001984 0.001216 0.000737 0.000441 0.000261 0.000153 0.000089 0.000053 0.000033 0.000025 0.000025 
0.000017 0.000017 0.000023 0.000037 0.000064 0.000111 0.000191 0.000327 0.000552 0.000922 0.001521 0.002480 0.003996 0.006360 0.010002 0.015541 0.023855 0.036175 0.054195 0.080207 0.117263 0.169355 0.241609 0.340483 0.473957 0.651680 0.885064 1.187274 1.573098 2.058649 2.660867 3.396815 4.282742 5.332944 6.558455 7.965624 9.554691 11.318453 13.241176 15.297865 17.454036 19.666094 21.882365 24.044810 26.091365 27.958788 29.585849 30.916643 31.903768 32.511135 32.716153 32.511135 31.903768 30.916643 29.585849 27.958788 26.091365 24.044810 21.882365 19.666094 17.454036 15.297865 13.241176 11.318453 9.554691 7.965624 6.558455 5.332944 4.282742 3.396815 2.660867 2.058649 1.573098 1.187274 0.885064 0.651680 0.473957 0.340483 0.241609 0.169355 0.117263 0.080207 0.054195 0.036175 0.023855 0.015541 0.010002 0.006360 0.003996 0.002480 0.001521 0.000922 0.000552 0.000327 0.000192 0.000112 0.000066 0.000041 0.000031 0.000031 
0.000021 0.000021 0.000028 0.000046 0.000079 0.000137 0.000236 0.000404 0.000682 0.001139 0.001879 0.003062 0.004932 0.007849 0.012341 0.019169 0.029418 0.044602 0.066806 0.098851 0.144493 0.208642 0.297602 0.419317 0.583597 0.802301 1.089455 1.461235 1.935809 2.532964 3.273503 4.178370 5.267509 6.558455 8.064731 9.794106 11.746840 13.914055 16.276393 18.803132 21.451902 24.169152 26.891419 29.547434 32.060994 34.354456 36.352656 37.986966 39.199203 39.945069 40.196836 39.945069 39.199203 37.986966 36.352656 34.354456 32.060994 29.547434 26.891419 24.169152 21.451902 18.803132 16.276393 13.914055 11.746840 9.794106 8.064731 6.558455 5.267509 4.178370 3.273503 2.532964 1.935809 1.461235 1.089455 0.802301 0.583597 0.419317 0.297602 0.208642 0.144493 0.098851 0.066806 0.044602 0.029418 0.019169 0.012341 0.007849 0.004932 0.003062 0.001879 0.001139 0.000682 0.000404 0.000237 0.000139 0.000082 0.000051 0.000038 0.000038 
0.000026 0.000026 0.000035 0.000056 0.000096 0.000167 0.000288 0.000493 0.000832 0.001389 0.002291 0.003733 0.006011 0.009564 0.015034 0.023348 0.035824 0.054303 0.081320 0.120304 0.175818 0.253829 0.361995 0.509961 0.709640 0.975430 1.324353 1.776041 2.352537 3.077844 3.977193 5.075978 6.398372 7.965624 9.794106 11.893207 14.263203 16.893288 19.759946 22.825878 26.039668 29.336345 32.638929 35.860982 38.910091 41.692106 44.115888 46.098230 47.568591 48.473263 48.778635 48.473263 47.568591 46.098230 44.115888 41.692106 38.910091 35.860982 32.638929 29.336345 26.039668 22.825878 19.759946 16.893288 14.263203 11.893207 9.794106 7.965624 6.398372 5.075978 3.977193 3.077844 2.352537 1.776041 1.324353 0.975430 0.709640 0.509961 0.361995 0.253829 0.175818 0.120304 0.081320 0.054303 0.035824 0.023348 0.015034 0.009564 0.006011 0.003733 0.002291 0.001389 0.000832 0.000493 0.000289 0.000169 0.000100 0.000063 0.000046 0.000046 
0.000031 0.000031 0.000042 0.000068 0.000116 0.000202 0.000348 0.000594 0.001002 0.001672 0.002758 0.004493 0.007234 0.011507 0.018084 0.028079 0.043075 0.065282 0.097744 0.144576 0.211256 0.304940 0.434816 0.612453 0.852136 1.171130 1.589837 2.131790 2.823401 3.693432 4.772103 6.089828 7.675547 9.554691 11.746840 14.263203 17.104070 20.256450 23.692130 27.366389 31.217603 35.167920 39.125113 42.985638 46.638803 49.971847 52.875621 55.250481 57.011954 58.095727 58.461552 58.095727 57.011954 55.250481 52.875621 49.971847 46.638803 42.985638 39.125113 35.167920 31.217603 27.366389 23.692130 20.256450 17.104070 14.263203 11.746840 9.554691 7.675547 6.089828 4.772103 3.693432 2.823401 2.131790 1.589837 1.171130 0.852136 0.612453 0.434816 0.304940 0.211256 0.144576 0.097744 0.065282 0.043075 0.028079 0.018084 0.011507 0.007234 0.004493 0.002758 0.001673 0.001003 0.000594 0.000349 0.000204 0.000121 0.000076 0.000056 0.000056 
0.000037 0.000037 0.000050 0.000081 0.000138 0.000240 0.000414 0.000706 0.001192 0.001988 0.003278 0.005340 0.008595 0.013669 0.021479 0.033344 0.051143 0.077496 0.116011 0.171567 0.250655 0.361755 0.515751 0.726350 1.010465 1.388542 1.884738 2.526907 3.346309 4.376979 5.654670 7.215358 9.093265 11.318453 13.914055 16.893288 20.256450 23.988122 28.054874 32.403753 36.961812 41.636916 46.319935 50.888362 55.211245 59.155196 62.591106 65.401116 67.485313 68.767634 69.200476 68.767634 67.485313 65.401116 62.591106 59.155196 55.211245 50.888362 46.319935 41.636916 36.961812 32.403753 28.054874 23.988122 20.256450 16.893288 13.914055 11.318453 9.093265 7.215358 5.654670 4.376979 3.346309 2.526907 1.884738 1.388542 1.010465 0.726350 0.515751 0.361755 0.250655 0.171567 0.116011 0.077496 0.051143 0.033344 0.021479 0.013669 0.008595 0.005340 0.003278 0.001988 0.001192 0.000707 0.000415 0.000243 0.000143 0.000090 0.000067 0.000067 
0.000043 0.000043 0.000059 0.000095 0.000163 0.000282 0.000486 0.000829 0.001399 0.002334 0.003847 0.006266 0.010083 0.016033 0.025189 0.039097 0.059956 0.090837 0.135961 0.201040 0.293670 0.423776 0.604092 0.850649 1.183233 1.625751 2.206451 2.957895 3.916626 5.122417 6.617050 8.442551 10.638894 13.241176 16.276393 19.759946 23.692130 28.054874 32.809063 37.892770 43.220716 48.685209 54.158712 59.498071 64.550278 69.159486 73.174859 76.458710 78.894322 80.392839 80.898654 80.392839 78.894322 76.458710 73.174859 69.159486 64.550278 59.498071 54.158712 48.685209 43.220716 37.892770 32.809063 28.054874 23.692130 19.759946 16.276393 13.241176 10.638894 8.442551 6.617050 5.122417 3.916626 2.957895 2.206451 1.625751 1.183233 0.850649 0.604092 0.423776 0.293670 0.201040 0.135961 0.090837 0.059956 0.039097 0.025189 0.016033 0.010083 0.006266 0.003847 0.002334 0.001400 0.000830 0.000487 0.000285 0.000169 0.000106 0.000079 0.000079 
0.000050 0.000050 0.000068 0.000110 0.000189 0.000327 0.000563 0.000961 0.001622 0.002705 0.004458 0.007259 0.011680 0.018568 0.029167 0.045265 0.069403 0.105134 0.157337 0.232616 0.339749 0.490205 0.698697 0.983745 1.368205 1.879687 2.550810 3.419172 4.526958 5.920078 7.646750 9.755470 12.292349 15.297865 18.803132 22.825878 27.366389 32.403753 37.892770 43.761919 49.912739 56.220911 62.539228 68.702474 74.534074 79.854192 84.488779 88.278967 91.090088 92.819622 93.403413 92.819622 91.090088 88.278967 84.488779 79.854192 74.534074 68.702474 62.539228 56.220911 49.912739 43.761919 37.892770 32.403753 27.366389 22.825878 18.803132 15.297865 12.292349 9.755470 7.646750 5.920078 4.526958 3.419172 2.550810 1.879687 1.368205 0.983745 0.698697 0.490205 0.339749 0.232616 0.157337 0.105134 0.069403 0.045265 0.029167 0.018568 0.011680 0.007259 0.004458 0.002705 0.001622 0.000962 0.000565 0.000331 0.000196 0.000123 0.000091 0.000091 
0.000057 0.000057 0.000078 0.000126 0.000216 0.000374 0.000645 0.001100 0.001856 0.003095 0.005099 0.008303 0.013357 0.021232 0.033346 0.051743 0.079326 0.120148 0.179783 0.265767 0.388120 0.559929 0.797983 1.123411 1.562285 2.146098 2.912048 3.903009 5.167079 6.756594 8.726515 11.132108 14.025913 17.454036 21.451902 26.039668 31.217603 36.961812 43.220716 49.912739 56.925607 64.117584 71.320861 78.347115 84.995094 91.059836 96.342990 100.663508 103.867926 105.839419 106.504878 105.839419 103.867926 100.663508 96.342990 91.059836 84.995094 78.347115 71.320861 64.117584 56.925607 49.912739 43.220716 36.961812 31.217603 26.039668 21.451902 17.454036 14.025913 11.132108 8.726515 6.756594 5.167079 3.903009 2.912048 2.146098 1.562285 1.123411 0.797983 0.559929 0.388120 0.265767 0.179783 0.120148 0.079326 0.051743 0.033346 0.021232 0.013357 0.008303 0.005100 0.003095 0.001857 0.001101 0.000647 0.000378 0.000224 0.000141 0.000104 0.000104 
0.000065 0.000065 0.000088 0.000143 0.000244 0.000423 0.000729 0.001243 0.002097 0.003496 0.005760 0.009376 0.015082 0.023971 0.037642 0.058402 0.089522 0.135575 0.202843 0.299821 0.437803 0.631537 0.899941 1.266820 1.761546 2.419592 3.282856 4.399620 5.824042 7.615048 9.834507 12.544627 15.804531 19.666094 24.169152 29.336345 35.167920 41.636916 48.685209 56.220911 64.117584 72.215638 80.326142 88.237093 95.721943 102.549985 108.497957 113.362084 116.969644 119.189150 119.938322 119.189150 116.969644 113.362084 108.497957 102.549985 95.721943 88.237093 80.326142 72.215638 64.117584 56.220911 48.685209 41.636916 35.167920 29.336345 24.169152 19.666094 15.804531 12.544627 9.834507 7.615048 5.824042 4.399620 3.282856 2.419592 1.761546 1.266820 0.899941 0.631537 0.437803 0.299821 0.202843 0.135575 0.089522 0.058402 0.037642 0.023971 0.015082 0.009376 0.005760 0.003496 0.002098 0.001244 0.000731 0.000428 0.000253 0.000159 0.000118 0.000118 
0.000072 0.000072 0.000099 0.000159 0.000273 0.000472 0.000813 0.001387 0.002339 0.003899 0.006422 0.010454 0.016814 0.026720 0.041954 0.065084 0.099754 0.151053 0.225977 0.333981 0.487634 0.703351 1.002181 1.410613 1.961322 2.693770 3.654558 4.897386 6.482481 8.475365 10.944826 13.960014 17.586646 21.882365 26.891419 32.638929 39.125113 46.319935 54.158712 62.539228 71.320861 80.326142 89.344998 98.141717 106.464432 114.056661 120.670215 126.078569 130.089723 132.557519 133.390495 132.557519 130.089723 126.078569 120.670215 114.056661 106.464432 98.141717 89.344998 80.326142 71.320861 62.539228 54.158712 46.319935 39.125113 32.638929 26.891419 21.882365 17.586646 13.960014 10.944826 8.475365 6.482481 4.897386 3.654558 2.693770 1.961322 1.410613 1.002181 0.703351 0.487634 0.333981 0.225977 0.151053 0.099754 0.065084 0.041954 0.026720 0.016814 0.010454 0.006423 0.003899 0.002340 0.001388 0.000816 0.000477 0.000283 0.000178 0.000132 0.000132 
