0.000000 0.000000 0.000000 0.000000 0.000000 0.000000 0.000000 0.000000 0.000000 0.000000 0.000000 0.000000 0.000000 0.000000 0.000000 0.000000 0.000000 0.000000 0.000000 0.000000 0.000000 0.000000 0.000000 0.000000 0.000000 0.000000 0.000000 0.000000 0.000000 0.000000 0.000000 0.000000 0.000000 0.000001 0.000001 0.000001 0.000001 0.000001 0.000002 0.000002 0.000002 0.000003 0.000003 0.000004 0.000004 0.000004 0.000005 0.000005 0.000005 0.000005 0.000005 0.000005 0.000005 0.000005 0.000005 0.000004 0.000004 0.000004 0.000003 0.000003 0.000002 0.000002 0.000002 0.000001 0.000001 0.000001 0.000001 0.000001 0.000000 0.000000 0.000000 0.000000 0.000000 0.000000 0.000000 0.000000 0.000000 0.000000 0.000000 0.000000 0.000000 0.000000 0.000000 0.000000 0.000000 0.000000 0.000000 0.000000 0.000000 0.000000 0.000000 0.000000 0.000000 0.000000 0.000000 0.000000 0.000000 0.000000 0.000000 0.000000 
0.000000 0.000000 0.000000 0.000000 0.000000 0.000000 0.000000 0.000000 0.000000 0.000000 0.000000 0.000000 0.000000 0.000000 0.000000 0.000000 0.000000 0.000000 0.000000 0.000000 0.000000 0.000000 0.000000 0.000000 0.000000 0.000000 0.000000 0.000000 0.000000 0.000000 0.000000 0.000000 0.000000 0.000001 0.000001 0.000001 0.000001 0.000001 0.000002 0.000002 0.000002 0.000003 0.000003 0.000004 0.000004 0.000004 0.000005 0.000005 0.000005 0.000005 0.000005 0.000005 0.000005 0.000005 0.000005 0.000004 0.000004 0.000004 0.000003 0.000003 0.000002 0.000002 0.000002 0.000001 0.000001 0.000001 0.000001 0.000001 0.000000 0.000000 0.000000 0.000000 0.000000 0.000000 0.000000 0.000000 0.000000 0.000000 0.000000 0.000000 0.000000 0.000000 0.000000 0.000000 0.000000 0.000000 0.000000 0.000000 0.000000 0.000000 0.000000 0.000000 0.000000 0.000000 0.000000 0.000000 0.000000 0.000000 0.000000 0.000000 
0.000000 0.000000 0.000000 0.000000 0.000000 0.000000 0.000000 0.000000 0.000000 0.000000 0.000000 0.000000 0.000000 0.000000 0.000000 0.000000 0.000000 0.000000 0.000000 0.000000 0.000000 0.000000 0.000000 0.000000 0.000000 0.000000 0.000000 0.000000 0.000000 0.000000 0.000000 0.000000 0.000001 0.000001 0.000001 0.000001 0.000002 0.000002 0.000003 0.000003 0.000004 0.000004 0.000005 0.000006 0.000006 0.000007 0.000007 0.000008 0.000008 0.000008 0.000008 0.000008 0.000008 0.000008 0.000007 0.000007 0.000006 0.000006 0.000005 0.000004 0.000004 0.000003 0.000003 0.000002 0.000002 0.000001 0.000001 0.000001 0.000001 0.000000 0.000000 0.000000 0.000000 0.000000 0.000000 0.000000 0.000000 0.000000 0.000000 0.000000 0.000000 0.000000 0.000000 0.000000 0.000000 0.000000 0.000000 0.000000 0.000000 0.000000 0.000000 0.000000 0.000000 0.000000 0.000000 0.000000 0.000000 0.000000 0.000000 0.000000 
0.000000 0.000000 0.000000 0.000000 0.000000 0.000000 0.000000 0.000000 0.000000 0.000000 0.000000 0.000000 0.000000 0.000000 0.000000 0.000000 0.000000 0.000000 0.000000 0.000000 0.000000 0.000000 0.000000 0.000000 0.000000 0.000000 0.000000 0.000000 0.000000 0.000000 0.000001 0.000001 0.000001 0.000002 0.000002 0.000003 0.000003 0.000004 0.000005 0.000006 0.000007 0.000008 0.000009 0.000010 0.000012 0.000013 0.000014 0.000014 0.000015 0.000015 0.000015 0.000015 0.000015 0.000014 0.000014 0.000013 0.000012 0.000010 0.000009 0.000008 0.000007 0.000006 0.000005 0.000004 0.000003 0.000003 0.000002 0.000002 0.000001 0.000001 0.000001 0.000000 0.000000 0.000000 0.000000 0.000000 0.000000 0.000000 0.000000 0.000000 0.000000 0.000000 0.000000 0.000000 0.000000 0.000000 0.000000 0.000000 0.000000 0.000000 0.000000 0.000000 0.000000 0.000000 0.000000 0.000000 0.000000 0.000000 0.000000 0.000000 
0.000000 0.000000 0.000000 0.000000 0.000000 0.000000 0.000000 0.000000 0.000000 0.000000 0.000000 0.000000 0.000000 0.000000 0.000000 0.000000 0.000000 0.000000 0.000000 0.000000 0.000000 0.000000 0.000000 0.000000 0.000000 0.000000 0.000000 0.000000 0.000001 0.000001 0.000001 0.000002 0.000002 0.000003 0.000004 0.000005 0.000006 0.000008 0.000010 0.000011 0.000014 0.000016 0.000018 0.000020 0.000023 0.000025 0.000027 0.000028 0.000029 0.000030 0.000030 0.000030 0.000029 0.000028 0.000027 0.000025 0.000023 0.000020 0.000018 0.000016 0.000014 0.000011 0.000010 0.000008 0.000006 0.000005 0.000004 0.000003 0.000002 0.000002 0.000001 0.000001 0.000001 0.000000 0.000000 0.000000 0.000000 0.000000 0.000000 0.000000 0.000000 0.000000 0.000000 0.000000 0.000000 0.000000 0.000000 0.000000 0.000000 0.000000 0.000000 0.000000 0.000000 0.000000 0.000000 0.000000 0.000000 0.000000 0.000000 0.000000 
0.000000 0.000000 0.000000 0.000000 0.000000 0.000000 0.000000 0.000000 0.000000 0.000000 0.000000 0.000000 0.000000 0.000000 0.000000 0.000000 0.000000 0.000000 0.000000 0.000000 0.000000 0.000000 0.000000 0.000000 0.000000 0.000000 0.000001 0.000001 0.000001 0.000002 0.000002 0.000003 0.000004 0.000006 0.000008 0.000010 0.000012 0.000015 0.000019 0.000022 0.000027 0.000031 0.000035 0.000040 0.000044 0.000048 0.000052 0.000055 0.000057 0.000059 0.000059 0.000059 0.000057 0.000055 0.000052 0.000048 0.000044 0.000040 0.000035 0.000031 0.000027 0.000022 0.000019 0.000015 0.000012 0.000010 0.000008 0.000006 0.000004 0.000003 0.000002 0.000002 0.000001 0.000001 0.000001 0.000000 0.000000 0.000000 0.000000 0.000000 0.000000 0.000000 0.000000 0.000000 0.000000 0.000000 0.000000 0.000000 0.000000 0.000000 0.000000 0.000000 0.000000 0.000000 0.000000 0.000000 0.000000 0.000000 0.000000 0.000000 
0.000000 0.000000 0.000000 0.000000 0.000000 0.000000 0.000000 0.000000 0.000000 0.000000 0.000000 0.000000 0.000000 0.000000 0.000000 0.000000 0.000000 0.000000 0.000000 0.000000 0.000000 0.000000 0.000000 0.000000 0.000001 0.000001 0.000001 0.000002 0.000002 0.000003 0.000005 0.000006 0.000009 0.000011 0.000015 0.000019 0.000024 0.000030 0.000036 0.000044 0.000052 0.000060 0.000069 0.000077 0.000086 0.000094 0.000101 0.000106 0.000111 0.000113 0.000114 0.000113 0.000111 0.000106 0.000101 0.000094 0.000086 0.000077 0.000069 0.000060 0.000052 0.000044 0.000036 0.000030 0.000024 0.000019 0.000015 0.000011 0.000009 0.000006 0.000005 0.000003 0.000002 0.000002 0.000001 0.000001 0.000001 0.000000 0.000000 0.000000 0.000000 0.000000 0.000000 0.000000 0.000000 0.000000 0.000000 0.000000 0.000000 0.000000 0.000000 0.000000 0.000000 0.000000 0.000000 0.000000 0.000000 0.000000 0.000000 0.000000 
0.000000 0.000000 0.000000 0.000000 0.000000 0.000000 0.000000 0.000000 0.000000 0.000000 0.000000 0.000000 0.000000 0.000000 0.000000 0.000000 0.000000 0.000000 0.000000 0.000000 0.000000 0.000000 0.000000 0.000001 0.000001 0.000002 0.000002 0.000003 0.000005 0.000007 0.000009 0.000012 0.000017 0.000022 0.000029 0.000037 0.000046 0.000057 0.000069 0.000083 0.000098 0.000114 0.000131 0.000148 0.000164 0.000179 0.000192 0.000203 0.000211 0.000216 0.000218 0.000216 0.000211 0.000203 0.000192 0.000179 0.000164 0.000148 0.000131 0.000114 0.000098 0.000083 0.000069 0.000057 0.000046 0.000037 0.000029 0.000022 0.000017 0.000012 0.000009 0.000007 0.000005 0.000003 0.000002 0.000002 0.000001 0.000001 0.000000 0.000000 0.000000 0.000000 0.000000 0.000000 0.000000 0.000000 0.000000 0.000000 0.000000 0.000000 0.000000 0.000000 0.000000 0.000000 0.000000 0.000000 0.000000 0.000000 0.000000 0.000000 
0.000000 0.000000 0.000000 0.000000 0.000000 0.000000 0.000000 0.000000 0.000000 0.000000 0.000000 0.000000 0.000000 0.000000 0.000000 0.000000 0.000000 0.000000 0.000000 0.000000 0.000000 0.000001 0.000001 0.000001 0.000002 0.000003 0.000004 0.000006 0.000009 0.000013 0.000017 0.000024 0.000031 0.000042 0.000054 0.000069 0.000087 0.000107 0.000131 0.000157 0.000186 0.000216 0.000247 0.000278 0.000308 0.000336 0.000361 0.000382 0.000397 0.000407 0.000410 0.000407 0.000397 0.000382 0.000361 0.000336 0.000308 0.000278 0.000247 0.000216 0.000186 0.000157 0.000131 0.000107 0.000087 0.000069 0.000054 0.000042 0.000031 0.000024 0.000017 0.000013 0.000009 0.000006 0.000004 0.000003 0.000002 0.000001 0.000001 0.000001 0.000000 0.000000 0.000000 0.000000 0.000000 0.000000 0.000000 0.000000 0.000000 0.000000 0.000000 0.000000 0.000000 0.000000 0.000000 0.000000 0.000000 0.000000 0.000000 0.000000 
0.000000 0.000000 0.000000 0.000000 0.000000 0.000000 0.000000 0.000000 0.000000 0.000000 0.000000 0.000000 0.000000 0.000000 0.000000 0.000000 0.000000 0.000000 0.000000 0.000000 0.000001 0.000001 0.000002 0.000002 0.000004 0.000005 0.000008 0.000012 0.000017 0.000023 0.000032 0.000044 0.000059 0.000077 0.000100 0.000128 0.000161 0.000200 0.000243 0.000292 0.000345 0.000401 0.000458 0.000516 0.000572 0.000624 0.000671 0.000709 0.000738 0.000755 0.000761 0.000755 0.000738 0.000709 0.000671 0.000624 0.000572 0.000516 0.000458 0.000401 0.000345 0.000292 0.000243 0.000200 0.000161 0.000128 0.000100 0.000077 0.000059 0.000044 0.000032 0.000023 0.000017 0.000012 0.000008 0.000005 0.000004 0.000002 0.000002 0.000001 0.000001 0.000000 0.000000 0.000000 0.000000 0.000000 0.000000 0.000000 0.000000 0.000000 0.000000 0.000000 0.000000 0.000000 0.000000 0.000000 0.000000 0.000000 0.000000 0.000000 
0.000000 0.000000 0.000000 0.000000 0.000000 0.000000 0.000000 0.000000 0.000000 0.000000 0.000000 0.000000 0.000000 0.000000 0.000000 0.000000 0.000000 0.000000 0.000000 0.000001 0.000001 0.000002 0.000003 0.000004 0.000007 0.000010 0.000015 0.000022 0.000031 0.000043 0.000059 0.000081 0.000108 0.000142 0.000184 0.000235 0.000296 0.000366 0.000446 0.000535 0.000631 0.000734 0.000839 0.000945 0.001047 0.001143 0.001227 0.001297 0.001349 0.001381 0.001392 0.001381 0.001349 0.001297 0.001227 0.001143 0.001047 0.000945 0.000839 0.000734 0.000631 0.000535 0.000446 0.000366 0.000296 0.000235 0.000184 0.000142 0.000108 0.000081 0.000059 0.000043 0.000031 0.000022 0.000015 0.000010 0.000007 0.000004 0.000003 0.000002 0.000001 0.000001 0.000000 0.000000 0.000000 0.000000 0.000000 0.000000 0.000000 0.000000 0.000000 0.000000 0.000000 0.000000 0.000000 0.000000 0.000000 0.000000 0.000000 0.000000 
0.000000 0.000000 0.000000 0.000000 0.000000 0.000000 0.000000 0.000000 0.000000 0.000000 0.000000 0.000000 0.000000 0.000000 0.000000 0.000000 0.000000 0.000000 0.000001 0.000001 0.000002 0.000003 0.000005 0.000008 0.000012 0.000018 0.000027 0.000039 0.000056 0.000078 0.000108 0.000146 0.000195 0.000257 0.000334 0.000426 0.000535 0.000662 0.000806 0.000966 0.001140 0.001324 0.001515 0.001705 0.001889 0.002061 0.002213 0.002338 0.002433 0.002491 0.002511 0.002491 0.002433 0.002338 0.002213 0.002061 0.001889 0.001705 0.001515 0.001324 0.001140 0.000966 0.000806 0.000662 0.000535 0.000426 0.000334 0.000257 0.000195 0.000146 0.000108 0.000078 0.000056 0.000039 0.000027 0.000018 0.000012 0.000008 0.000005 0.000003 0.000002 0.000001 0.000001 0.000000 0.000000 0.000000 0.000000 0.000000 0.000000 0.000000 0.000000 0.000000 0.000000 0.000000 0.000000 0.000000 0.000000 0.000000 0.000000 0.000000 
0.000000 0.000000 0.000000 0.000000 0.000000 0.000000 0.000000 0.000000 0.000000 0.000000 0.000000 0.000000 0.000000 0.000000 0.000000 0.000000 0.000001 0.000001 0.000001 0.000002 0.000004 0.000006 0.000010 0.000015 0.000022 0.000033 0.000048 0.000070 0.000100 0.000139 0.000192 0.000261 0.000349 0.000459 0.000595 0.000759 0.000953 0.001179 0.001435 0.001720 0.002029 0.002357 0.002695 0.003033 0.003360 0.003664 0.003934 0.004157 0.004324 0.004428 0.004463 0.004428 0.004324 0.004157 0.003934 0.003664 0.003360 0.003033 0.002695 0.002357 0.002029 0.001720 0.001435 0.001179 0.000953 0.000759 0.000595 0.000459 0.000349 0.000261 0.000192 0.000139 0.000100 0.000070 0.000048 0.000033 0.000022 0.000015 0.000010 0.000006 0.000004 0.000002 0.000001 0.000001 0.000001 0.000000 0.000000 0.000000 0.000000 0.000000 0.000000 0.000000 0.000000 0.000000 0.000000 0.000000 0.000000 0.000000 0.000000 0.000000 
0.000000 0.000000 0.000000 0.000000 0.000000 0.000000 0.000000 0.000000 0.000000 0.000000 0.000000 0.000000 0.000000 0.000000 0.000000 0.000001 0.000001 0.000002 0.000003 0.000004 0.000007 0.000011 0.000017 0.000026 0.000039 0.000058 0.000086 0.000123 0.000175 0.000246 0.000338 0.000459 0.000614 0.000807 0.001046 0.001334 0.001675 0.002070 0.002519 0.003018 0.003560 0.004134 0.004725 0.005317 0.005890 0.006422 0.006894 0.007285 0.007577 0.007758 0.007820 0.007758 0.007577 0.007285 0.006894 0.006422 0.005890 0.005317 0.004725 0.004134 0.003560 0.003018 0.002519 0.002070 0.001675 0.001334 0.001046 0.000807 0.000614 0.000459 0.000338 0.000246 0.000175 0.000123 0.000086 0.000058 0.000039 0.000026 0.000017 0.000011 0.000007 0.000004 0.000003 0.000002 0.000001 0.000001 0.000000 0.000000 0.000000 0.000000 0.000000 0.000000 0.000000 0.000000 0.000000 0.000000 0.000000 0.000000 0.000000 0.000000 
0.000000 0.000000 0.000000 0.000000 0.000000 0.000000 0.000000 0.000000 0.000000 0.000000 0.000000 0.000000 0.000000 0.000000 0.000001 0.000001 0.000002 0.000003 0.000005 0.000007 0.000012 0.000019 0.000030 0.000045 0.000068 0.000102 0.000149 0.000215 0.000305 0.000427 0.000588 0.000797 0.001064 0.001400 0.001812 0.002310 0.002899 0.003583 0.004359 0.005221 0.006156 0.007147 0.008167 0.009189 0.010177 0.011096 0.011909 0.012583 0.013087 0.013399 0.013505 0.013399 0.013087 0.012583 0.011909 0.011096 0.010177 0.009189 0.008167 0.007147 0.006156 0.005221 0.004359 0.003583 0.002899 0.002310 0.001812 0.001400 0.001064 0.000797 0.000588 0.000427 0.000305 0.000215 0.000149 0.000102 0.000068 0.000045 0.000030 0.000019 0.000012 0.000007 0.000005 0.000003 0.000002 0.000001 0.000001 0.000000 0.000000 0.000000 0.000000 0.000000 0.000000 0.000000 0.000000 0.000000 0.000000 0.000000 0.000000 0.000000 
0.000000 0.000000 0.000000 0.000000 0.000000 0.000000 0.000000 0.000000 0.000000 0.000000 0.000000 0.000000 0.000000 0.000001 0.000001 0.000002 0.000003 0.000005 0.000008 0.000013 0.000021 0.000033 0.000051 0.000078 0.000117 0.000174 0.000255 0.000368 0.000522 0.000730 0.001005 0.001363 0.001819 0.002391 0.003094 0.003943 0.004948 0.006112 0.007433 0.008901 0.010493 0.012178 0.013914 0.015651 0.017332 0.018894 0.020277 0.021422 0.022279 0.022810 0.022990 0.022810 0.022279 0.021422 0.020277 0.018894 0.017332 0.015651 0.013914 0.012178 0.010493 0.008901 0.007433 0.006112 0.004948 0.003943 0.003094 0.002391 0.001819 0.001363 0.001005 0.000730 0.000522 0.000368 0.000255 0.000174 0.000117 0.000078 0.000051 0.000033 0.000021 0.000013 0.000008 0.000005 0.000003 0.000002 0.000001 0.000001 0.000000 0.000000 0.000000 0.000000 0.000000 0.000000 0.000000 0.000000 0.000000 0.000000 0.000000 0.000000 
0.000000 0.000000 0.000000 0.000000 0.000000 0.000000 0.000000 0.000000 0.000000 0.000000 0.000000 0.000000 0.000001 0.000001 0.000002 0.000003 0.000005 0.000008 0.000013 0.000022 0.000035 0.000055 0.000086 0.000132 0.000198 0.000295 0.000431 0.000621 0.000881 0.001231 0.001694 0.002296 0.003064 0.004025 0.005208 0.006634 0.008321 0.010275 0.012493 0.014956 0.017626 0.020452 0.023364 0.026276 0.029092 0.031710 0.034027 0.035946 0.037383 0.038272 0.038573 0.038272 0.037383 0.035946 0.034027 0.031710 0.029092 0.026276 0.023364 0.020452 0.017626 0.014956 0.012493 0.010275 0.008321 0.006634 0.005208 0.004025 0.003064 0.002296 0.001694 0.001231 0.000881 0.000621 0.000431 0.000295 0.000198 0.000132 0.000086 0.000055 0.000035 0.000022 0.000013 0.000008 0.000005 0.000003 0.000002 0.000001 0.000001 0.000000 0.000000 0.000000 0.000000 0.000000 0.000000 0.000000 0.000000 0.000000 0.000000 0.000000 
0.000000 0.000000 0.000000 0.000000 0.000000 0.000000 0.000000 0.000000 0.000000 0.000000 0.000000 0.000000 0.000001 0.000002 0.000003 0.000005 0.000008 0.000014 0.000022 0.000037 0.000058 0.000092 0.000143 0.000219 0.000331 0.000491 0.000718 0.001033 0.001465 0.002047 0.002815 0.003813 0.005085 0.006679 0.008638 0.010999 0.013791 0.017025 0.020694 0.024766 0.029182 0.033853 0.038664 0.043475 0.048128 0.052453 0.056279 0.059448 0.061820 0.063288 0.063786 0.063288 0.061820 0.059448 0.056279 0.052453 0.048128 0.043475 0.038664 0.033853 0.029182 0.024766 0.020694 0.017025 0.013791 0.010999 0.008638 0.006679 0.005085 0.003813 0.002815 0.002047 0.001465 0.001033 0.000718 0.000491 0.000331 0.000219 0.000143 0.000092 0.000058 0.000037 0.000022 0.000014 0.000008 0.000005 0.000003 0.000002 0.000001 0.000000 0.000000 0.000000 0.000000 0.000000 0.000000 0.000000 0.000000 0.000000 0.000000 0.000000 
0.000000 0.000000 0.000000 0.000000 0.000000 0.000000 0.000000 0.000000 0.000000 0.000000 0.000000 0.000001 0.000001 0.000003 0.000005 0.000008 0.000013 0.000022 0.000037 0.000060 0.000096 0.000152 0.000236 0.000360 0.000543 0.000805 0.001177 0.001694 0.002401 0.003352 0.004609 0.006239 0.008318 0.010921 0.014118 0.017971 0.022525 0.027800 0.033781 0.040417 0.047612 0.055221 0.063057 0.070892 0.078467 0.085508 0.091736 0.096893 0.100754 0.103144 0.103953 0.103144 0.100754 0.096893 0.091736 0.085508 0.078467 0.070892 0.063057 0.055221 0.047612 0.040417 0.033781 0.027800 0.022525 0.017971 0.014118 0.010921 0.008318 0.006239 0.004609 0.003352 0.002401 0.001694 0.001177 0.000805 0.000543 0.000360 0.000236 0.000152 0.000096 0.000060 0.000037 0.000022 0.000013 0.000008 0.000005 0.000003 0.000001 0.000001 0.000000 0.000000 0.000000 0.000000 0.000000 0.000000 0.000000 0.000000 0.000000 0.000000 
0.000000 0.000000 0.000000 0.000000 0.000000 0.000000 0.000000 0.000000 0.000000 0.000000 0.000001 0.000001 0.000002 0.000004 0.000007 0.000013 0.000022 0.000037 0.000060 0.000098 0.000156 0.000246 0.000382 0.000583 0.000878 0.001303 0.001902 0.002737 0.003877 0.005410 0.007434 0.010061 0.013408 0.017596 0.022738 0.028935 0.036256 0.044732 0.054342 0.065001 0.076554 0.088770 0.101348 0.113921 0.126077 0.137372 0.147363 0.155635 0.161828 0.165661 0.166959 0.165661 0.161828 0.155635 0.147363 0.137372 0.126077 0.113921 0.101348 0.088770 0.076554 0.065001 0.054342 0.044732 0.036256 0.028935 0.022738 0.017596 0.013408 0.010061 0.007434 0.005410 0.003877 0.002737 0.001902 0.001303 0.000878 0.000583 0.000382 0.000246 0.000156 0.000098 0.000060 0.000037 0.000022 0.000013 0.000007 0.000004 0.000002 0.000001 0.000001 0.000000 0.000000 0.000000 0.000000 0.000000 0.000000 0.000000 0.000000 0.000000 
0.000000 0.000000 0.000000 0.000000 0.000000 0.000000 0.000000 0.000000 0.000000 0.000001 0.000001 0.000002 0.000004 0.000007 0.000012 0.000021 0.000035 0.000058 0.000096 0.000156 0.000250 0.000393 0.000609 0.000931 0.001400 0.002075 0.003030 0.004356 0.006169 0.008603 0.011817 0.015985 0.021295 0.027935 0.036088 0.045907 0.057504 0.070928 0.086143 0.103014 0.121296 0.140623 0.160519 0.180405 0.199626 0.217485 0.233281 0.246358 0.256146 0.262205 0.264256 0.262205 0.256146 0.246358 0.233281 0.217485 0.199626 0.180405 0.160519 0.140623 0.121296 0.103014 0.086143 0.070928 0.057504 0.045907 0.036088 0.027935 0.021295 0.015985 0.011817 0.008603 0.006169 0.004356 0.003030 0.002075 0.001400 0.000931 0.000609 0.000393 0.000250 0.000156 0.000096 0.000058 0.000035 0.000021 0.000012 0.000007 0.000004 0.000002 0.000001 0.000001 0.000000 0.000000 0.000000 0.000000 0.000000 0.000000 0.000000 0.000000 
0.000000 0.000000 0.000000 0.000000 0.000000 0.000000 0.000000 0.000000 0.000001 0.000001 0.000002 0.000003 0.000006 0.000011 0.000019 0.000033 0.000055 0.000092 0.000152 0.000246 0.000393 0.000618 0.000958 0.001462 0.002199 0.003258 0.004753 0.006831 0.009669 0.013480 0.018507 0.025025 0.033325 0.043701 0.056435 0.071768 0.089872 0.110820 0.134557 0.160873 0.189382 0.219515 0.250529 0.281522 0.311475 0.339301 0.363911 0.384282 0.399529 0.408967 0.412162 0.408967 0.399529 0.384282 0.363911 0.339301 0.311475 0.281522 0.250529 0.219515 0.189382 0.160873 0.134557 0.110820 0.089872 0.071768 0.056435 0.043701 0.033325 0.025025 0.018507 0.013480 0.009669 0.006831 0.004753 0.003258 0.002199 0.001462 0.000958 0.000618 0.000393 0.000246 0.000152 0.000092 0.000055 0.000033 0.000019 0.000011 0.000006 0.000003 0.000002 0.000001 0.000001 0.000000 0.000000 0.000000 0.000000 0.000000 0.000000 0.000000 
0.000000 0.000000 0.000000 0.000000 0.000000 0.000000 0.000000 0.000000 0.000001 0.000002 0.000003 0.000005 0.000010 0.000017 0.000030 0.000051 0.000086 0.000143 0.000236 0.000382 0.000609 0.000958 0.001484 0.002264 0.003403 0.005038 0.007347 0.010554 0.014933 0.020809 0.028558 0.038601 0.051383 0.067360 0.086959 0.110551 0.138398 0.170611 0.207104 0.247551 0.291359 0.337654 0.385294 0.432893 0.478889 0.521613 0.559396 0.590670 0.614075 0.628562 0.633466 0.628562 0.614075 0.590670 0.559396 0.521613 0.478889 0.432893 0.385294 0.337654 0.291359 0.247551 0.207104 0.170611 0.138398 0.110551 0.086959 0.067360 0.051383 0.038601 0.028558 0.020809 0.014933 0.010554 0.007347 0.005038 0.003403 0.002264 0.001484 0.000958 0.000609 0.000382 0.000236 0.000143 0.000086 0.000051 0.000030 0.000017 0.000010 0.000005 0.000003 0.000002 0.000001 0.000000 0.000000 0.000000 0.000000 0.000000 0.000000 0.000000 
0.000000 0.000000 0.000000 0.000000 0.000000 0.000000 0.000000 0.000001 0.000001 0.000002 0.000004 0.000008 0.000015 0.000026 0.000045 0.000078 0.000132 0.000219 0.000360 0.000583 0.000931 0.001462 0.002264 0.003452 0.005187 0.007676 0.011189 0.016065 0.022720 0.031647 0.043417 0.058662 0.078060 0.102297 0.132020 0.167787 0.209992 0.258802 0.314083 0.375339 0.441672 0.511758 0.583866 0.655902 0.725501 0.790144 0.847304 0.894612 0.930016 0.951929 0.959348 0.951929 0.930016 0.894612 0.847304 0.790144 0.725501 0.655902 0.583866 0.511758 0.441672 0.375339 0.314083 0.258802 0.209992 0.167787 0.132020 0.102297 0.078060 0.058662 0.043417 0.031647 0.022720 0.016065 0.011189 0.007676 0.005187 0.003452 0.002264 0.001462 0.000931 0.000583 0.000360 0.000219 0.000132 0.000078 0.000045 0.000026 0.000015 0.000008 0.000004 0.000002 0.000001 0.000001 0.000000 0.000000 0.000000 0.000000 0.000000 0.000000 
0.000000 0.000000 0.000000 0.000000 0.000000 0.000000 0.000001 0.000001 0.000002 0.000004 0.000007 0.000012 0.000022 0.000039 0.000068 0.000117 0.000198 0.000331 0.000543 0.000878 0.001400 0.002199 0.003403 0.005187 0.007788 0.011520 0.016786 0.024091 0.034056 0.047419 0.065029 0.087831 0.116835 0.153061 0.197474 0.250900 0.313928 0.386800 0.469312 0.560723 0.659689 0.764236 0.871780 0.979202 1.082976 1.179349 1.264559 1.335077 1.387847 1.420507 1.431564 1.420507 1.387847 1.335077 1.264559 1.179349 1.082976 0.979202 0.871780 0.764236 0.659689 0.560723 0.469312 0.386800 0.313928 0.250900 0.197474 0.153061 0.116835 0.087831 0.065029 0.047419 0.034056 0.024091 0.016786 0.011520 0.007788 0.005187 0.003403 0.002199 0.001400 0.000878 0.000543 0.000331 0.000198 0.000117 0.000068 0.000039 0.000022 0.000012 0.000007 0.000004 0.000002 0.000001 0.000001 0.000000 0.000000 0.000000 0.000000 0.000000 
0.000000 0.000000 0.000000 0.000000 0.000000 0.000000 0.000001 0.000002 0.000003 0.000005 0.000010 0.000018 0.000033 0.000058 0.000102 0.000174 0.000295 0.000491 0.000805 0.001303 0.002075 0.003258 0.005038 0.007676 0.011520 0.017033 0.024807 0.035588 0.050289 0.069994 0.095953 0.129555 0.172280 0.225626 0.291010 0.369641 0.462377 0.569571 0.690917 0.825321 0.970805 1.124466 1.282506 1.440345 1.592804 1.734375 1.859536 1.963109 2.040611 2.088576 2.104815 2.088576 2.040611 1.963109 1.859536 1.734375 1.592804 1.440345 1.282506 1.124466 0.970805 0.825321 0.690917 0.569571 0.462377 0.369641 0.291010 0.225626 0.172280 0.129555 0.095953 0.069994 0.050289 0.035588 0.024807 0.017033 0.011520 0.007676 0.005038 0.003258 0.002075 0.001303 0.000805 0.000491 0.000295 0.000174 0.000102 0.000058 0.000033 0.000018 0.000010 0.000005 0.000003 0.000002 0.000001 0.000000 0.000000 0.000000 0.000000 0.000000 
0.000000 0.000000 0.000000 0.000000 0.000000 0.000001 0.000001 0.000002 0.000004 0.000008 0.000015 0.000027 0.000048 0.000086 0.000149 0.000255 0.000431 0.000718 0.001177 0.001902 0.003030 0.004753 0.007347 0.011189 0.016786 0.024807 0.036114 0.051789 0.073154 0.101781 0.139480 0.188261 0.250267 0.327663 0.422496 0.536512 0.670945 0.826300 1.002126 1.196833 1.407551 1.630073 1.858903 2.087408 2.308099 2.513007 2.694149 2.844037 2.956190 3.025598 3.049095 3.025598 2.956190 2.844037 2.694149 2.513007 2.308099 2.087408 1.858903 1.630073 1.407551 1.196833 1.002126 0.826300 0.670945 0.536512 0.422496 0.327663 0.250267 0.188261 0.139480 0.101781 0.073154 0.051789 0.036114 0.024807 0.016786 0.011189 0.007347 0.004753 0.003030 0.001902 0.001177 0.000718 0.000431 0.000255 0.000149 0.000086 0.000048 0.000027 0.000015 0.000008 0.000004 0.000002 0.000001 0.000001 0.000000 0.000000 0.000000 0.000000 
0.000000 0.000000 0.000000 0.000000 0.000000 0.000001 0.000002 0.000003 0.000006 0.000012 0.000022 0.000039 0.000070 0.000123 0.000215 0.000368 0.000621 0.001033 0.001694 0.002737 0.004356 0.006831 0.010554 0.016065 0.024091 0.035588 0.051789 0.074238 0.104826 0.145796 0.199730 0.269497 0.358149 0.468774 0.604283 0.767159 0.959156 1.180981 1.431983 1.709884 2.010581 2.328072 2.654513 2.980448 3.295201 3.587414 3.845714 4.059433 4.219339 4.318296 4.351796 4.318296 4.219339 4.059433 3.845714 3.587414 3.295201 2.980448 2.654513 2.328072 2.010581 1.709884 1.431983 1.180981 0.959156 0.767159 0.604283 0.468774 0.358149 0.269497 0.199730 0.145796 0.104826 0.074238 0.051789 0.035588 0.024091 0.016065 0.010554 0.006831 0.004356 0.002737 0.001694 0.001033 0.000621 0.000368 0.000215 0.000123 0.000070 0.000039 0.000022 0.000012 0.000006 0.000003 0.000002 0.000001 0.000000 0.000000 0.000000 0.000000 
0.000000 0.000000 0.000000 0.000000 0.000001 0.000001 0.000002 0.000005 0.000009 0.000017 0.000031 0.000056 0.000100 0.000175 0.000305 0.000522 0.000881 0.001465 0.002401 0.003877 0.006169 0.009669 0.014933 0.022720 0.034056 0.050289 0.073154 0.104826 0.147964 0.205724 0.281737 0.380032 0.504898 0.660667 0.851426 1.080651 1.350796 1.662840 2.015856 2.406628 2.829382 3.275676 3.734485 4.192526 4.634802 5.045369 5.408257 5.708493 5.933122 6.072129 6.119186 6.072129 5.933122 5.708493 5.408257 5.045369 4.634802 4.192526 3.734485 3.275676 2.829382 2.406628 2.015856 1.662840 1.350796 1.080651 0.851426 0.660667 0.504898 0.380032 0.281737 0.205724 0.147964 0.104826 0.073154 0.050289 0.034056 0.022720 0.014933 0.009669 0.006169 0.003877 0.002401 0.001465 0.000881 0.000522 0.000305 0.000175 0.000100 0.000056 0.000031 0.000017 0.000009 0.000005 0.000002 0.000001 0.000001 0.000000 0.000000 0.000000 
0.000000 0.000000 0.000000 0.000000 0.000001 0.000002 0.000003 0.000007 0.000013 0.000023 0.000043 0.000078 0.000139 0.000246 0.000427 0.000730 0.001231 0.002047 0.003352 0.005410 0.008603 0.013480 0.020809 0.031647 0.047419 0.069994 0.101781 0.145796 0.205724 0.285939 0.391469 0.527895 0.701148 0.917221 1.181760 1.499569 1.874025 2.306468 2.795594 3.336936 3.922486 4.540545 5.175851 5.810016 6.422290 6.990613 7.492900 7.908444 8.219328 8.411706 8.476830 8.411706 8.219328 7.908444 7.492900 6.990613 6.422290 5.810016 5.175851 4.540545 3.922486 3.336936 2.795594 2.306468 1.874025 1.499569 1.181760 0.917221 0.701148 0.527895 0.391469 0.285939 0.205724 0.145796 0.101781 0.069994 0.047419 0.031647 0.020809 0.013480 0.008603 0.005410 0.003352 0.002047 0.001231 0.000730 0.000427 0.000246 0.000139 0.000078 0.000043 0.000023 0.000013 0.000007 0.000003 0.000002 0.000001 0.000000 0.000000 0.000000 
0.000000 0.000000 0.000000 0.000001 0.000001 0.000002 0.000005 0.000009 0.000017 0.000032 0.000059 0.000108 0.000192 0.000338 0.000588 0.001005 0.001694 0.002815 0.004609 0.007434 0.011817 0.018507 0.028558 0.043417 0.065029 0.095953 0.139480 0.199730 0.281737 0.391469 0.535791 0.722308 0.959112 1.254365 1.615758 2.049821 2.561144 3.151529 3.819175 4.557966 5.356961 6.200195 7.066847 7.931841 8.766891 9.541933 10.226868 10.793485 11.217374 11.479673 11.568465 11.479673 11.217374 10.793485 10.226868 9.541933 8.766891 7.931841 7.066847 6.200195 5.356961 4.557966 3.819175 3.151529 2.561144 2.049821 1.615758 1.254365 0.959112 0.722308 0.535791 0.391469 0.281737 0.199730 0.139480 0.095953 0.065029 0.043417 0.028558 0.018507 0.011817 0.007434 0.004609 0.002815 0.001694 0.001005 0.000588 0.000338 0.000192 0.000108 0.000059 0.000032 0.000017 0.000009 0.000005 0.000002 0.000001 0.000001 0.000000 0.000000 
0.000000 0.000000 0.000000 0.000001 0.000002 0.000003 0.000006 0.000012 0.000024 0.000044 0.000081 0.000146 0.000261 0.000459 0.000797 0.001363 0.002296 0.003813 0.006239 0.010061 0.015985 0.025025 0.038601 0.058662 0.087831 0.129555 0.188261 0.269497 0.380032 0.527895 0.722308 0.973496 1.292322 1.689745 2.176081 2.760085 3.447893 4.241900 5.139655 6.132910 7.206945 8.340291 9.504966 10.667286 11.789261 12.830521 13.750663 14.511812 15.081208 15.433537 15.552804 15.433537 15.081208 14.511812 13.750663 12.830521 11.789261 10.667286 9.504966 8.340291 7.206945 6.132910 5.139655 4.241900 3.447893 2.760085 2.176081 1.689745 1.292322 0.973496 0.722308 0.527895 0.380032 0.269497 0.188261 0.129555 0.087831 0.058662 0.038601 0.025025 0.015985 0.010061 0.006239 0.003813 0.002296 0.001363 0.000797 0.000459 0.000261 0.000146 0.000081 0.000044 0.000024 0.000012 0.000006 0.000003 0.000002 0.000001 0.000001 0.000001 
0.000000 0.000000 0.000001 0.000001 0.000002 0.000004 0.000009 0.000017 0.000031 0.000059 0.000108 0.000195 0.000349 0.000614 0.001064 0.001819 0.003064 0.005085 0.008318 0.013408 0.021295 0.033325 0.051383 0.078060 0.116835 0.172280 0.250267 0.358149 0.504898 0.701148 0.959112 1.292322 1.715152 2.242096 2.886786 3.660784 4.572180 5.624104 6.813275 8.128740 9.550984 11.051573 12.593461 14.132070 15.617136 16.995260 18.213000 19.220274 19.973759 20.439986 20.597806 20.439986 19.973759 19.220274 18.213000 16.995260 15.617136 14.132070 12.593461 11.051573 9.550984 8.128740 6.813275 5.624104 4.572180 3.660784 2.886786 2.242096 1.715152 1.292322 0.959112 0.701148 0.504898 0.358149 0.250267 0.172280 0.116835 0.078060 0.051383 0.033325 0.021295 0.013408 0.008318 0.005085 0.003064 0.001819 0.001064 0.000614 0.000349 0.000195 0.000108 0.000059 0.000032 0.000017 0.000009 0.000004 0.000002 0.000001 0.000001 0.000001 
0.000001 0.000001 0.000001 0.000002 0.000003 0.000006 0.000011 0.000022 0.000042 0.000077 0.000142 0.000257 0.000459 0.000807 0.001400 0.002391 0.004025 0.006679 0.010921 0.017596 0.027935 0.043701 0.067360 0.102297 0.153061 0.225626 0.327663 0.468774 0.660667 0.917221 1.254365 1.689745 2.242096 2.930298 3.772105 4.782558 5.972162 7.344955 8.896608 10.612799 12.468045 14.425244 16.436085 18.442452 20.378830 22.175632 23.763227 25.076367 26.058617 26.666380 26.872108 26.666380 26.058617 25.076367 23.763227 22.175632 20.378830 18.442452 16.436085 14.425244 12.468045 10.612799 8.896608 7.344955 5.972162 4.782558 3.772105 2.930298 2.242096 1.689745 1.254365 0.917221 0.660667 0.468774 0.327663 0.225626 0.153061 0.102297 0.067360 0.043701 0.027935 0.017596 0.010921 0.006679 0.004025 0.002391 0.001400 0.000807 0.000459 0.000257 0.000142 0.000077 0.000042 0.000022 0.000011 0.000006 0.000003 0.000002 0.000001 0.000001 
0.000001 0.000001 0.000001 0.000002 0.000004 0.000008 0.000015 0.000029 0.000054 0.000100 0.000184 0.000334 0.000595 0.001046 0.001812 0.003094 0.005208 0.008638 0.014118 0.022738 0.036088 0.056435 0.086959 0.132020 0.197474 0.291010 0.422496 0.604283 0.851426 1.181760 1.615758 2.176081 2.886786 3.772105 4.854812 6.154182 7.683662 9.448380 11.442721 13.648232 16.032140 18.546760 21.130029 23.707307 26.194478 28.502209 30.541126 32.227486 33.488867 34.269321 34.533503 34.269321 33.488867 32.227486 30.541126 28.502209 26.194478 23.707307 21.130029 18.546760 16.032140 13.648232 11.442721 9.448380 7.683662 6.154182 4.854812 3.772105 2.886786 2.176081 1.615758 1.181760 0.851426 0.604283 0.422496 0.291010 0.197474 0.132020 0.086959 0.056435 0.036088 0.022738 0.014118 0.008638 0.005208 0.003094 0.001812 0.001046 0.000595 0.000334 0.000184 0.000100 0.000054 0.000029 0.000015 0.000008 0.000004 0.000002 0.000001 0.000001 
0.000001 0.000001 0.000001 0.000003 0.000005 0.000010 0.000019 0.000037 0.000069 0.000128 0.000235 0.000426 0.000759 0.001334 0.002310 0.003943 0.006634 0.010999 0.017971 0.028935 0.045907 0.071768 0.110551 0.167787 0.250900 0.369641 0.536512 0.767159 1.080651 1.499569 2.049821 2.760085 3.660784 4.782558 6.154182 7.799998 9.736960 11.971488 14.496412 17.288318 20.305689 23.488156 26.757180 30.018337 33.165235 36.084903 38.664334 40.797652 42.393300 43.380555 43.714734 43.380555 42.393300 40.797652 38.664334 36.084903 33.165235 30.018337 26.757180 23.488156 20.305689 17.288318 14.496412 11.971488 9.736960 7.799998 6.154182 4.782558 3.660784 2.760085 2.049821 1.499569 1.080651 0.767159 0.536512 0.369641 0.250900 0.167787 0.110551 0.071768 0.045907 0.028935 0.017971 0.010999 0.006634 0.003943 0.002310 0.001334 0.000759 0.000426 0.000235 0.000128 0.000069 0.000037 0.000019 0.000010 0.000005 0.000003 0.000002 0.000002 
0.000001 0.000001 0.000002 0.000003 0.000006 0.000012 0.000024 0.000046 0.000087 0.000161 0.000296 0.000535 0.000953 0.001675 0.002899 0.004948 0.008321 0.013791 0.022525 0.036256 0.057504 0.089872 0.138398 0.209992 0.313928 0.462377 0.670945 0.959156 1.350796 1.874025 2.561144 3.447893 4.572180 5.972162 7.683662 9.736960 12.153116 14.940055 18.088758 21.569975 25.331896 29.299244 33.374119 37.438855 41.360893 44.999506 48.213935 50.872320 52.860638 54.090819 54.507222 54.090819 52.860638 50.872320 48.213935 44.999506 41.360893 37.438855 33.374119 29.299244 25.331896 21.569975 18.088758 14.940055 12.153116 9.736960 7.683662 5.972162 4.572180 3.447893 2.561144 1.874025 1.350796 0.959156 0.670945 0.462377 0.313928 0.209992 0.138398 0.089872 0.057504 0.036256 0.022525 0.013791 0.008321 0.004948 0.002899 0.001675 0.000953 0.000535 0.000296 0.000161 0.000087 0.000046 0.000024 0.000012 0.000006 0.000004 0.000002 0.000002 
0.000001 0.000001 0.000002 0.000004 0.000008 0.000015 0.000030 0.000057 0.000107 0.000200 0.000366 0.000662 0.001179 0.002070 0.003583 0.006112 0.010275 0.017025 0.027800 0.044732 0.070928 0.110820 0.170611 0.258802 0.386800 0.569571 0.826300 1.180981 1.662840 2.306468 3.151529 4.241900 5.624104 7.344955 9.448380 11.971488 14.940055 18.363719 22.231318 26.506858 31.126666 35.998280 41.001498 45.991885 50.806754 55.273422 59.219183 62.482265 64.922792 66.432728 66.943820 66.432728 64.922792 62.482265 59.219183 55.273422 50.806754 45.991885 41.001498 35.998280 31.126666 26.506858 22.231318 18.363719 14.940055 11.971488 9.448380 7.344955 5.624104 4.241900 3.151529 2.306468 1.662840 1.180981 0.826300 0.569571 0.386800 0.258802 0.170611 0.110820 0.070928 0.044732 0.027800 0.017025 0.010275 0.006112 0.003583 0.002070 0.001179 0.000662 0.000366 0.000200 0.000107 0.000057 0.000030 0.000015 0.000008 0.000004 0.000003 0.000003 
0.000002 0.000002 0.000003 0.000005 0.000010 0.000019 0.000036 0.000069 0.000131 0.000243 0.000446 0.000806 0.001435 0.002519 0.004359 0.007433 0.012493 0.020694 0.033781 0.054342 0.086143 0.134557 0.207104 0.314083 0.469312 0.690917 1.002126 1.431983 2.015856 2.795594 3.819175 5.139655 6.813275 8.896608 11.442721 14.496412 18.088758 22.231318 26.910493 32.082658 37.670745 43.562890 49.613727 55.648616 61.470890 66.871820 71.642677 75.587961 78.538642 80.364173 80.982084 80.364173 78.538642 75.587961 71.642677 66.871820 61.470890 55.648616 49.613727 43.562890 37.670745 32.082658 26.910493 22.231318 18.088758 14.496412 11.442721 8.896608 6.813275 5.139655 3.819175 2.795594 2.015856 1.431983 1.002126 0.690917 0.469312 0.314083 0.207104 0.134557 0.086143 0.054342 0.033781 0.020694 0.012493 0.007433 0.004359 0.002519 0.001435 0.000806 0.000446 0.000243 0.000131 0.000069 0.000036 0.000019 0.000010 0.000005 0.000004 0.000004 
0.000002 0.000002 0.000003 0.000006 0.000011 0.000022 0.000044 0.000083 0.000157 0.000292 0.000535 0.000966 0.001720 0.003018 0.005221 0.008901 0.014956 0.024766 0.040417 0.065001 0.103014 0.160873 0.247551 0.375339 0.560723 0.825321 1.196833 1.709884 2.406628 3.336936 4.557966 6.132910 8.128740 10.612799 13.648232 17.288318 21.569975 26.506858 32.082658 38.245315 44.902944 51.922256 59.130086 66.318449 73.253162 79.685712 85.367607 90.066125 93.580063 95.754036 96.489882 95.754036 93.580063 90.066125 85.367607 79.685712 73.253162 66.318449 59.130086 51.922256 44.902944 38.245315 32.082658 26.506858 21.569975 17.288318 13.648232 10.612799 8.128740 6.132910 4.557966 3.336936 2.406628 1.709884 1.196833 0.825321 0.560723 0.375339 0.247551 0.160873 0.103014 0.065001 0.040417 0.024766 0.014956 0.008901 0.005221 0.003018 0.001720 0.000966 0.000535 0.000292 0.000157 0.000083 0.000044 0.000023 0.000012 0.000006 0.000004 0.000004 
0.000002 0.000002 0.000004 0.000007 0.000014 0.000027 0.000052 0.000098 0.000186 0.000345 0.000631 0.001140 0.002029 0.003560 0.006156 0.010493 0.017626 0.029182 0.047612 0.076554 0.121296 0.189382 0.291359 0.441672 0.659689 0.970805 1.407551 2.010581 2.829382 3.922486 5.356961 7.206945 9.550984 12.468045 16.032140 20.305689 25.331896 31.126666 37.670745 44.902944 52.715380 60.951619 69.408492 77.842021 85.977538 93.523598 100.188813 105.700300 109.822151 112.372184 113.235313 112.372184 109.822151 105.700300 100.188813 93.523598 85.977538 77.842021 69.408492 60.951619 52.715380 44.902944 37.670745 31.126666 25.331896 20.305689 16.032140 12.468045 9.550984 7.206945 5.356961 3.922486 2.829382 2.010581 1.407551 0.970805 0.659689 0.441672 0.291359 0.189382 0.121296 0.076554 0.047612 0.029182 0.017626 0.010493 0.006156 0.003560 0.002029 0.001140 0.000631 0.000345 0.000186 0.000098 0.000052 0.000027 0.000014 0.000008 0.000005 0.000005 
0.000003 0.000003 0.000004 0.000008 0.000016 0.000031 0.000060 0.000114 0.000216 0.000401 0.000734 0.001324 0.002357 0.004134 0.007147 0.012178 0.020452 0.033853 0.055221 0.088770 0.140623 0.219515 0.337654 0.511758 0.764236 1.124466 1.630073 2.328072 3.275676 4.540545 6.200195 8.340291 11.051573 14.425244 18.546760 23.488156 29.299244 35.998280 43.562890 51.922256 60.951619 70.470159 80.243088 89.988514 99.389124 108.108262 115.809362 122.177254 126.939484 129.885654 130.882861 129.885654 126.939484 122.177254 115.809362 108.108262 99.389124 89.988514 80.243088 70.470159 60.951619 51.922256 43.562890 35.998280 29.299244 23.488156 18.546760 14.425244 11.051573 8.340291 6.200195 4.540545 3.275676 2.328072 1.630073 1.124466 0.764236 0.511758 0.337654 0.219515 0.140623 0.088770 0.055221 0.033853 0.020452 0.012178 0.007147 0.004134 0.002357 0.001324 0.000734 0.000401 0.000216 0.000115 0.000060 0.000031 0.000016 0.000009 0.000006 0.000006 
0.000003 0.000003 0.000005 0.000009 0.000018 0.000035 0.000069 0.000131 0.000247 0.000458 0.000839 0.001515 0.002695 0.004725 0.008167 0.013914 0.023364 0.038664 0.063057 0.101348 0.160519 0.250529 0.385294 0.583866 0.871780 1.282506 1.858903 2.654513 3.734485 5.175851 7.066847 9.504966 12.593461 16.436085 21.130029 26.757180 33.374119 41.001498 49.613727 59.130086 69.408492 80.243088 91.366641 102.458352 113.157161 123.080027 131.844044 139.090665 144.509955 147.862577 148.997351 147.862577 144.509955 139.090665 131.844044 123.080027 113.157161 102.458352 91.366641 80.243088 69.408492 59.130086 49.613727 41.001498 33.374119 26.757180 21.130029 16.436085 12.593461 9.504966 7.066847 5.175851 3.734485 2.654513 1.858903 1.282506 0.871780 0.583866 0.385294 0.250529 0.160519 0.101348 0.063057 0.038664 0.023364 0.013914 0.008167 0.004725 0.002695 0.001515 0.000839 0.000458 0.000247 0.000131 0.000069 0.000036 0.000019 0.000010 0.000007 0.000007 
