0.000000 0.000000 0.000000 0.000000 0.000000 0.000000 0.000000 0.000000 0.000000 0.000000 0.000000 0.000000 0.000000 0.000000 0.000000 0.000000 0.000000 0.000000 0.000000 0.000000 0.000000 0.000000 0.000000 0.000000 0.000000 0.000000 0.000000 0.000000 0.000000 0.000000 0.000000 0.000000 0.000000 0.000000 0.000000 0.000000 0.000000 0.000000 0.000000 0.000000 0.000000 0.000000 0.000000 0.000000 0.000000 0.000000 0.000000 0.000000 0.000000 0.000000 0.000000 0.000000 0.000000 0.000000 0.000000 0.000000 0.000000 0.000000 0.000000 0.000000 0.000000 0.000000 0.000000 0.000000 0.000000 0.000000 0.000000 0.000000 0.000000 0.000000 0.000000 0.000000 0.000000 0.000000 0.000000 0.000000 0.000000 0.000000 0.000000 0.000000 0.000000 0.000000 0.000000 0.000000 0.000000 0.000000 0.000000 0.000000 0.000000 0.000000 0.000000 0.000000 0.000000 0.000000 0.000000 0.000000 0.000000 0.000000 0.000000 0.000000 
0.000000 0.000000 0.000000 0.000000 0.000000 0.000000 0.000000 0.000000 0.000000 0.000000 0.000000 0.000000 0.000000 0.000000 0.000000 0.000000 0.000000 0.000000 0.000000 0.000000 0.000000 0.000000 0.000000 0.000000 0.000000 0.000000 0.000000 0.000000 0.000000 0.000000 0.000000 0.000000 0.000000 0.000000 0.000000 0.000000 0.000000 0.000000 0.000000 0.000000 0.000000 0.000000 0.000000 0.000000 0.000000 0.000000 0.000000 0.000000 0.000000 0.000000 0.000000 0.000000 0.000000 0.000000 0.000000 0.000000 0.000000 0.000000 0.000000 0.000000 0.000000 0.000000 0.000000 0.000000 0.000000 0.000000 0.000000 0.000000 0.000000 0.000000 0.000000 0.000000 0.000000 0.000000 0.000000 0.000000 0.000000 0.000000 0.000000 0.000000 0.000000 0.000000 0.000000 0.000000 0.000000 0.000000 0.000000 0.000000 0.000000 0.000000 0.000000 0.000000 0.000000 0.000000 0.000000 0.000000 0.000000 0.000000 0.000000 0.000000 
0.000000 0.000000 0.000000 0.000000 0.000000 0.000000 0.000000 0.000000 0.000000 0.000000 0.000000 0.000000 0.000000 0.000000 0.000000 0.000000 0.000000 0.000000 0.000000 0.000000 0.000000 0.000000 0.000000 0.000000 0.000000 0.000000 0.000000 0.000000 0.000000 0.000000 0.000000 0.000000 0.000000 0.000000 0.000000 0.000000 0.000000 0.000000 0.000000 0.000000 0.000000 0.000000 0.000000 0.000000 0.000000 0.000000 0.000000 0.000000 0.000000 0.000000 0.000000 0.000000 0.000000 0.000000 0.000000 0.000000 0.000000 0.000000 0.000000 0.000000 0.000000 0.000000 0.000000 0.000000 0.000000 0.000000 0.000000 0.000000 0.000000 0.000000 0.000000 0.000000 0.000000 0.000000 0.000000 0.000000 0.000000 0.000000 0.000000 0.000000 0.000000 0.000000 0.000000 0.000000 0.000000 0.000000 0.000000 0.000000 0.000000 0.000000 0.000000 0.000000 0.000000 0.000000 0.000000 0.000000 0.000000 0.000000 0.000000 0.000000 
0.000000 0.000000 0.000000 0.000000 0.000000 0.000000 0.000000 0.000000 0.000000 0.000000 0.000000 0.000000 0.000000 0.000000 0.000000 0.000000 0.000000 0.000000 0.000000 0.000000 0.000000 0.000000 0.000000 0.000000 0.000000 0.000000 0.000000 0.000000 0.000000 0.000000 0.000000 0.000000 0.000000 0.000000 0.000000 0.000000 0.000000 0.000000 0.000000 0.000000 0.000000 0.000000 0.000000 0.000000 0.000000 0.000000 0.000000 0.000000 0.000000 0.000000 0.000000 0.000000 0.000000 0.000000 0.000000 0.000000 0.000000 0.000000 0.000000 0.000000 0.000000 0.000000 0.000000 0.000000 0.000000 0.000000 0.000000 0.000000 0.000000 0.000000 0.000000 0.000000 0.000000 0.000000 0.000000 0.000000 0.000000 0.000000 0.000000 0.000000 0.000000 0.000000 0.000000 0.000000 0.000000 0.000000 0.000000 0.000000 0.000000 0.000000 0.000000 0.000000 0.000000 0.000000 0.000000 0.000000 0.000000 0.000000 0.000000 0.000000 
0.000000 0.000000 0.000000 0.000000 0.000000 0.000000 0.000000 0.000000 0.000000 0.000000 0.000000 0.000000 0.000000 0.000000 0.000000 0.000000 0.000000 0.000000 0.000000 0.000000 0.000000 0.000000 0.000000 0.000000 0.000000 0.000000 0.000000 0.000000 0.000000 0.000000 0.000000 0.000000 0.000000 0.000000 0.000000 0.000000 0.000000 0.000000 0.000000 0.000000 0.000000 0.000000 0.000000 0.000000 0.000000 0.000000 0.000000 0.000000 0.000000 0.000000 0.000000 0.000000 0.000000 0.000000 0.000000 0.000000 0.000000 0.000000 0.000000 0.000000 0.000000 0.000000 0.000000 0.000000 0.000000 0.000000 0.000000 0.000000 0.000000 0.000000 0.000000 0.000000 0.000000 0.000000 0.000000 0.000000 0.000000 0.000000 0.000000 0.000000 0.000000 0.000000 0.000000 0.000000 0.000000 0.000000 0.000000 0.000000 0.000000 0.000000 0.000000 0.000000 0.000000 0.000000 0.000000 0.000000 0.000000 0.000000 0.000000 0.000000 
0.000000 0.000000 0.000000 0.000000 0.000000 0.000000 0.000000 0.000000 0.000000 0.000000 0.000000 0.000000 0.000000 0.000000 0.000000 0.000000 0.000000 0.000000 0.000000 0.000000 0.000000 0.000000 0.000000 0.000000 0.000000 0.000000 0.000000 0.000000 0.000000 0.000000 0.000000 0.000000 0.000000 0.000000 0.000000 0.000000 0.000000 0.000000 0.000000 0.000000 0.000000 0.000000 0.000000 0.000000 0.000000 0.000000 0.000000 0.000000 0.000000 0.000000 0.000000 0.000000 0.000000 0.000000 0.000000 0.000000 0.000000 0.000000 0.000000 0.000000 0.000000 0.000000 0.000000 0.000000 0.000000 0.000000 0.000000 0.000000 0.000000 0.000000 0.000000 0.000000 0.000000 0.000000 0.000000 0.000000 0.000000 0.000000 0.000000 0.000000 0.000000 0.000000 0.000000 0.000000 0.000000 0.000000 0.000000 0.000000 0.000000 0.000000 0.000000 0.000000 0.000000 0.000000 0.000000 0.000000 0.000000 0.000000 0.000000 0.000000 
0.000000 0.000000 0.000000 0.000000 0.000000 0.000000 0.000000 0.000000 0.000000 0.000000 0.000000 0.000000 0.000000 0.000000 0.000000 0.000000 0.000000 0.000000 0.000000 0.000000 0.000000 0.000000 0.000000 0.000000 0.000000 0.000000 0.000000 0.000000 0.000000 0.000000 0.000000 0.000000 0.000000 0.000000 0.000000 0.000000 0.000000 0.000000 0.000000 0.000000 0.000000 0.000000 0.000000 0.000000 0.000000 0.000000 0.000000 0.000000 0.000000 0.000000 0.000000 0.000000 0.000000 0.000000 0.000000 0.000000 0.000000 0.000000 0.000000 0.000000 0.000000 0.000000 0.000000 0.000000 0.000000 0.000000 0.000000 0.000000 0.000000 0.000000 0.000000 0.000000 0.000000 0.000000 0.000000 0.000000 0.000000 0.000000 0.000000 0.000000 0.000000 0.000000 0.000000 0.000000 0.000000 0.000000 0.000000 0.000000 0.000000 0.000000 0.000000 0.000000 0.000000 0.000000 0.000000 0.000000 0.000000 0.000000 0.000000 0.000000 
0.000000 0.000000 0.000000 0.000000 0.000000 0.000000 0.000000 0.000000 0.000000 0.000000 0.000000 0.000000 0.000000 0.000000 0.000000 0.000000 0.000000 0.000000 0.000000 0.000000 0.000000 0.000000 0.000000 0.000000 0.000000 0.000000 0.000000 0.000000 0.000000 0.000000 0.000000 0.000000 0.000000 0.000000 0.000000 0.000000 0.000000 0.000000 0.000000 0.000000 0.000000 0.000000 0.000000 0.000000 0.000000 0.000000 0.000000 0.000000 0.000000 0.000000 0.000000 0.000000 0.000000 0.000000 0.000000 0.000000 0.000000 0.000000 0.000000 0.000000 0.000000 0.000000 0.000000 0.000000 0.000000 0.000000 0.000000 0.000000 0.000000 0.000000 0.000000 0.000000 0.000000 0.000000 0.000000 0.000000 0.000000 0.000000 0.000000 0.000000 0.000000 0.000000 0.000000 0.000000 0.000000 0.000000 0.000000 0.000000 0.000000 0.000000 0.000000 0.000000 0.000000 0.000000 0.000000 0.000000 0.000000 0.000000 0.000000 0.000000 
0.000000 0.000000 0.000000 0.000000 0.000000 0.000000 0.000000 0.000000 0.000000 0.000000 0.000000 0.000000 0.000000 0.000000 0.000000 0.000000 0.000000 0.000000 0.000000 0.000000 0.000000 0.000000 0.000000 0.000000 0.000000 0.000000 0.000000 0.000000 0.000000 0.000000 0.000000 0.000000 0.000000 0.000000 0.000000 0.000000 0.000000 0.000000 0.000000 0.000000 0.000000 0.000000 0.000000 0.000000 0.000000 0.000000 0.000000 0.000000 0.000000 0.000000 0.000000 0.000000 0.000000 0.000000 0.000000 0.000000 0.000000 0.000000 0.000000 0.000000 0.000000 0.000000 0.000000 0.000000 0.000000 0.000000 0.000000 0.000000 0.000000 0.000000 0.000000 0.000000 0.000000 0.000000 0.000000 0.000000 0.000000 0.000000 0.000000 0.000000 0.000000 0.000000 0.000000 0.000000 0.000000 0.000000 0.000000 0.000000 0.000000 0.000000 0.000000 0.000000 0.000000 0.000000 0.000000 0.000000 0.000000 0.000000 0.000000 0.000000 
0.000000 0.000000 0.000000 0.000000 0.000000 0.000000 0.000000 0.000000 0.000000 0.000000 0.000000 0.000000 0.000000 0.000000 0.000000 0.000000 0.000000 0.000000 0.000000 0.000000 0.000000 0.000000 0.000000 0.000000 0.000000 0.000000 0.000000 0.000000 0.000000 0.000000 0.000000 0.000000 0.000000 0.000000 0.000000 0.000000 0.000000 0.000000 0.000000 0.000000 0.000000 0.000000 0.000000 0.000000 0.000000 0.000000 0.000000 0.000000 0.000001 0.000001 0.000001 0.000001 0.000001 0.000000 0.000000 0.000000 0.000000 0.000000 0.000000 0.000000 0.000000 0.000000 0.000000 0.000000 0.000000 0.000000 0.000000 0.000000 0.000000 0.000000 0.000000 0.000000 0.000000 0.000000 0.000000 0.000000 0.000000 0.000000 0.000000 0.000000 0.000000 0.000000 0.000000 0.000000 0.000000 0.000000 0.000000 0.000000 0.000000 0.000000 0.000000 0.000000 0.000000 0.000000 0.000000 0.000000 0.000000 0.000000 0.000000 0.000000 
0.000000 0.000000 0.000000 0.000000 0.000000 0.000000 0.000000 0.000000 0.000000 0.000000 0.000000 0.000000 0.000000 0.000000 0.000000 0.000000 0.000000 0.000000 0.000000 0.000000 0.000000 0.000000 0.000000 0.000000 0.000000 0.000000 0.000000 0.000000 0.000000 0.000000 0.000000 0.000000 0.000000 0.000000 0.000000 0.000000 0.000000 0.000000 0.000000 0.000000 0.000000 0.000000 0.000001 0.000001 0.000001 0.000001 0.000001 0.000001 0.000001 0.000001 0.000001 0.000001 0.000001 0.000001 0.000001 0.000001 0.000001 0.000001 0.000001 0.000000 0.000000 0.000000 0.000000 0.000000 0.000000 0.000000 0.000000 0.000000 0.000000 0.000000 0.000000 0.000000 0.000000 0.000000 0.000000 0.000000 0.000000 0.000000 0.000000 0.000000 0.000000 0.000000 0.000000 0.000000 0.000000 0.000000 0.000000 0.000000 0.000000 0.000000 0.000000 0.000000 0.000000 0.000000 0.000000 0.000000 0.000000 0.000000 0.000000 0.000000 
0.000000 0.000000 0.000000 0.000000 0.000000 0.000000 0.000000 0.000000 0.000000 0.000000 0.000000 0.000000 0.000000 0.000000 0.000000 0.000000 0.000000 0.000000 0.000000 0.000000 0.000000 0.000000 0.000000 0.000000 0.000000 0.000000 0.000000 0.000000 0.000000 0.000000 0.000000 0.000000 0.000000 0.000000 0.000000 0.000000 0.000000 0.000000 0.000001 0.000001 0.000001 0.000001 0.000001 0.000002 0.000002 0.000003 0.000003 0.000003 0.000003 0.000004 0.000004 0.000004 0.000003 0.000003 0.000003 0.000003 0.000002 0.000002 0.000001 0.000001 0.000001 0.000001 0.000001 0.000000 0.000000 0.000000 0.000000 0.000000 0.000000 0.000000 0.000000 0.000000 0.000000 0.000000 0.000000 0.000000 0.000000 0.000000 0.000000 0.000000 0.000000 0.000000 0.000000 0.000000 0.000000 0.000000 0.000000 0.000000 0.000000 0.000000 0.000000 0.000000 0.000000 0.000000 0.000000 0.000000 0.000000 0.000000 0.000000 0.000000 
0.000000 0.000000 0.000000 0.000000 0.000000 0.000000 0.000000 0.000000 0.000000 0.000000 0.000000 0.000000 0.000000 0.000000 0.000000 0.000000 0.000000 0.000000 0.000000 0.000000 0.000000 0.000000 0.000000 0.000000 0.000000 0.000000 0.000000 0.000000 0.000000 0.000000 0.000000 0.000000 0.000000 0.000000 0.000000 0.000000 0.000001 0.000001 0.000001 0.000002 0.000002 0.000003 0.000004 0.000005 0.000005 0.000006 0.000007 0.000008 0.000008 0.000009 0.000009 0.000009 0.000008 0.000008 0.000007 0.000006 0.000005 0.000005 0.000004 0.000003 0.000002 0.000002 0.000001 0.000001 0.000001 0.000000 0.000000 0.000000 0.000000 0.000000 0.000000 0.000000 0.000000 0.000000 0.000000 0.000000 0.000000 0.000000 0.000000 0.000000 0.000000 0.000000 0.000000 0.000000 0.000000 0.000000 0.000000 0.000000 0.000000 0.000000 0.000000 0.000000 0.000000 0.000000 0.000000 0.000000 0.000000 0.000000 0.000000 0.000000 
0.000000 0.000000 0.000000 0.000000 0.000000 0.000000 0.000000 0.000000 0.000000 0.000000 0.000000 0.000000 0.000000 0.000000 0.000000 0.000000 0.000000 0.000000 0.000000 0.000000 0.000000 0.000000 0.000000 0.000000 0.000000 0.000000 0.000000 0.000000 0.000000 0.000000 0.000000 0.000000 0.000000 0.000000 0.000001 0.000001 0.000002 0.000002 0.000003 0.000004 0.000006 0.000007 0.000009 0.000011 0.000013 0.000016 0.000018 0.000019 0.000021 0.000022 0.000022 0.000022 0.000021 0.000019 0.000018 0.000016 0.000013 0.000011 0.000009 0.000007 0.000006 0.000004 0.000003 0.000002 0.000002 0.000001 0.000001 0.000000 0.000000 0.000000 0.000000 0.000000 0.000000 0.000000 0.000000 0.000000 0.000000 0.000000 0.000000 0.000000 0.000000 0.000000 0.000000 0.000000 0.000000 0.000000 0.000000 0.000000 0.000000 0.000000 0.000000 0.000000 0.000000 0.000000 0.000000 0.000000 0.000000 0.000000 0.000000 0.000000 
0.000000 0.000000 0.000000 0.000000 0.000000 0.000000 0.000000 0.000000 0.000000 0.000000 0.000000 0.000000 0.000000 0.000000 0.000000 0.000000 0.000000 0.000000 0.000000 0.000000 0.000000 0.000000 0.000000 0.000000 0.000000 0.000000 0.000000 0.000000 0.000000 0.000000 0.000000 0.000000 0.000001 0.000001 0.000002 0.000003 0.000004 0.000005 0.000008 0.000010 0.000014 0.000018 0.000022 0.000027 0.000032 0.000037 0.000042 0.000046 0.000050 0.000052 0.000052 0.000052 0.000050 0.000046 0.000042 0.000037 0.000032 0.000027 0.000022 0.000018 0.000014 0.000010 0.000008 0.000005 0.000004 0.000003 0.000002 0.000001 0.000001 0.000000 0.000000 0.000000 0.000000 0.000000 0.000000 0.000000 0.000000 0.000000 0.000000 0.000000 0.000000 0.000000 0.000000 0.000000 0.000000 0.000000 0.000000 0.000000 0.000000 0.000000 0.000000 0.000000 0.000000 0.000000 0.000000 0.000000 0.000000 0.000000 0.000000 0.000000 
0.000000 0.000000 0.000000 0.000000 0.000000 0.000000 0.000000 0.000000 0.000000 0.000000 0.000000 0.000000 0.000000 0.000000 0.000000 0.000000 0.000000 0.000000 0.000000 0.000000 0.000000 0.000000 0.000000 0.000000 0.000000 0.000000 0.000000 0.000000 0.000000 0.000000 0.000001 0.000001 0.000002 0.000003 0.000004 0.000006 0.000009 0.000013 0.000018 0.000024 0.000032 0.000041 0.000052 0.000063 0.000075 0.000087 0.000099 0.000108 0.000116 0.000121 0.000122 0.000121 0.000116 0.000108 0.000099 0.000087 0.000075 0.000063 0.000052 0.000041 0.000032 0.000024 0.000018 0.000013 0.000009 0.000006 0.000004 0.000003 0.000002 0.000001 0.000001 0.000000 0.000000 0.000000 0.000000 0.000000 0.000000 0.000000 0.000000 0.000000 0.000000 0.000000 0.000000 0.000000 0.000000 0.000000 0.000000 0.000000 0.000000 0.000000 0.000000 0.000000 0.000000 0.000000 0.000000 0.000000 0.000000 0.000000 0.000000 0.000000 
0.000000 0.000000 0.000000 0.000000 0.000000 0.000000 0.000000 0.000000 0.000000 0.000000 0.000000 0.000000 0.000000 0.000000 0.000000 0.000000 0.000000 0.000000 0.000000 0.000000 0.000000 0.000000 0.000000 0.000000 0.000000 0.000000 0.000000 0.000000 0.000000 0.000001 0.000001 0.000002 0.000004 0.000006 0.000009 0.000014 0.000020 0.000029 0.000041 0.000055 0.000073 0.000095 0.000119 0.000145 0.000173 0.000200 0.000226 0.000248 0.000266 0.000277 0.000280 0.000277 0.000266 0.000248 0.000226 0.000200 0.000173 0.000145 0.000119 0.000095 0.000073 0.000055 0.000041 0.000029 0.000020 0.000014 0.000009 0.000006 0.000004 0.000002 0.000001 0.000001 0.000000 0.000000 0.000000 0.000000 0.000000 0.000000 0.000000 0.000000 0.000000 0.000000 0.000000 0.000000 0.000000 0.000000 0.000000 0.000000 0.000000 0.000000 0.000000 0.000000 0.000000 0.000000 0.000000 0.000000 0.000000 0.000000 0.000000 0.000000 
0.000000 0.000000 0.000000 0.000000 0.000000 0.000000 0.000000 0.000000 0.000000 0.000000 0.000000 0.000000 0.000000 0.000000 0.000000 0.000000 0.000000 0.000000 0.000000 0.000000 0.000000 0.000000 0.000000 0.000000 0.000000 0.000000 0.000000 0.000001 0.000001 0.000002 0.000003 0.000005 0.000008 0.000013 0.000021 0.000031 0.000046 0.000066 0.000092 0.000125 0.000165 0.000213 0.000267 0.000326 0.000388 0.000449 0.000507 0.000556 0.000595 0.000619 0.000627 0.000619 0.000595 0.000556 0.000507 0.000449 0.000388 0.000326 0.000267 0.000213 0.000165 0.000125 0.000092 0.000066 0.000046 0.000031 0.000021 0.000013 0.000008 0.000005 0.000003 0.000002 0.000001 0.000001 0.000000 0.000000 0.000000 0.000000 0.000000 0.000000 0.000000 0.000000 0.000000 0.000000 0.000000 0.000000 0.000000 0.000000 0.000000 0.000000 0.000000 0.000000 0.000000 0.000000 0.000000 0.000000 0.000000 0.000000 0.000000 0.000000 
0.000000 0.000000 0.000000 0.000000 0.000000 0.000000 0.000000 0.000000 0.000000 0.000000 0.000000 0.000000 0.000000 0.000000 0.000000 0.000000 0.000000 0.000000 0.000000 0.000000 0.000000 0.000000 0.000000 0.000000 0.000000 0.000000 0.000001 0.000001 0.000002 0.000004 0.000007 0.000012 0.000019 0.000030 0.000046 0.000070 0.000102 0.000146 0.000203 0.000275 0.000363 0.000468 0.000586 0.000715 0.000850 0.000984 0.001109 0.001218 0.001302 0.001355 0.001373 0.001355 0.001302 0.001218 0.001109 0.000984 0.000850 0.000715 0.000586 0.000468 0.000363 0.000275 0.000203 0.000146 0.000102 0.000070 0.000046 0.000030 0.000019 0.000012 0.000007 0.000004 0.000002 0.000001 0.000001 0.000000 0.000000 0.000000 0.000000 0.000000 0.000000 0.000000 0.000000 0.000000 0.000000 0.000000 0.000000 0.000000 0.000000 0.000000 0.000000 0.000000 0.000000 0.000000 0.000000 0.000000 0.000000 0.000000 0.000000 0.000000 
0.000000 0.000000 0.000000 0.000000 0.000000 0.000000 0.000000 0.000000 0.000000 0.000000 0.000000 0.000000 0.000000 0.000000 0.000000 0.000000 0.000000 0.000000 0.000000 0.000000 0.000000 0.000000 0.000000 0.000000 0.000000 0.000001 0.000002 0.000003 0.000005 0.000009 0.000015 0.000025 0.000041 0.000065 0.000100 0.000150 0.000220 0.000314 0.000437 0.000592 0.000781 0.001004 0.001258 0.001534 0.001822 0.002108 0.002376 0.002607 0.002786 0.002899 0.002938 0.002899 0.002786 0.002607 0.002376 0.002108 0.001822 0.001534 0.001258 0.001004 0.000781 0.000592 0.000437 0.000314 0.000220 0.000150 0.000100 0.000065 0.000041 0.000025 0.000015 0.000009 0.000005 0.000003 0.000002 0.000001 0.000000 0.000000 0.000000 0.000000 0.000000 0.000000 0.000000 0.000000 0.000000 0.000000 0.000000 0.000000 0.000000 0.000000 0.000000 0.000000 0.000000 0.000000 0.000000 0.000000 0.000000 0.000000 0.000000 0.000000 
0.000000 0.000000 0.000000 0.000000 0.000000 0.000000 0.000000 0.000000 0.000000 0.000000 0.000000 0.000000 0.000000 0.000000 0.000000 0.000000 0.000000 0.000000 0.000000 0.000000 0.000000 0.000000 0.000000 0.000000 0.000001 0.000002 0.000003 0.000006 0.000011 0.000019 0.000032 0.000054 0.000087 0.000138 0.000212 0.000318 0.000465 0.000662 0.000920 0.001245 0.001642 0.002108 0.002638 0.003216 0.003818 0.004415 0.004973 0.005455 0.005828 0.006064 0.006145 0.006064 0.005828 0.005455 0.004973 0.004415 0.003818 0.003216 0.002638 0.002108 0.001642 0.001245 0.000920 0.000662 0.000465 0.000318 0.000212 0.000138 0.000087 0.000054 0.000032 0.000019 0.000011 0.000006 0.000003 0.000002 0.000001 0.000000 0.000000 0.000000 0.000000 0.000000 0.000000 0.000000 0.000000 0.000000 0.000000 0.000000 0.000000 0.000000 0.000000 0.000000 0.000000 0.000000 0.000000 0.000000 0.000000 0.000000 0.000000 0.000000 
0.000000 0.000000 0.000000 0.000000 0.000000 0.000000 0.000000 0.000000 0.000000 0.000000 0.000000 0.000000 0.000000 0.000000 0.000000 0.000000 0.000000 0.000000 0.000000 0.000000 0.000000 0.000000 0.000000 0.000001 0.000002 0.000004 0.000007 0.000013 0.000023 0.000040 0.000067 0.000112 0.000181 0.000285 0.000438 0.000656 0.000959 0.001365 0.001893 0.002560 0.003371 0.004327 0.005410 0.006590 0.007819 0.009038 0.010176 0.011159 0.011919 0.012400 0.012564 0.012400 0.011919 0.011159 0.010176 0.009038 0.007819 0.006590 0.005410 0.004327 0.003371 0.002560 0.001893 0.001365 0.000959 0.000656 0.000438 0.000285 0.000181 0.000112 0.000067 0.000040 0.000023 0.000013 0.000007 0.000004 0.000002 0.000001 0.000000 0.000000 0.000000 0.000000 0.000000 0.000000 0.000000 0.000000 0.000000 0.000000 0.000000 0.000000 0.000000 0.000000 0.000000 0.000000 0.000000 0.000000 0.000000 0.000000 0.000000 0.000000 
0.000000 0.000000 0.000000 0.000000 0.000000 0.000000 0.000000 0.000000 0.000000 0.000000 0.000000 0.000000 0.000000 0.000000 0.000000 0.000000 0.000000 0.000000 0.000000 0.000000 0.000000 0.000000 0.000001 0.000002 0.000004 0.000008 0.000014 0.000026 0.000046 0.000081 0.000137 0.000227 0.000366 0.000577 0.000885 0.001325 0.001932 0.002747 0.003807 0.005142 0.006767 0.008677 0.010842 0.013197 0.015651 0.018081 0.020349 0.022309 0.023823 0.024781 0.025109 0.024781 0.023823 0.022309 0.020349 0.018081 0.015651 0.013197 0.010842 0.008677 0.006767 0.005142 0.003807 0.002747 0.001932 0.001325 0.000885 0.000577 0.000366 0.000227 0.000137 0.000081 0.000046 0.000026 0.000014 0.000008 0.000004 0.000002 0.000001 0.000000 0.000000 0.000000 0.000000 0.000000 0.000000 0.000000 0.000000 0.000000 0.000000 0.000000 0.000000 0.000000 0.000000 0.000000 0.000000 0.000000 0.000000 0.000000 0.000000 0.000000 
0.000000 0.000000 0.000000 0.000000 0.000000 0.000000 0.000000 0.000000 0.000000 0.000000 0.000000 0.000000 0.000000 0.000000 0.000000 0.000000 0.000000 0.000000 0.000000 0.000000 0.000000 0.000001 0.000002 0.000004 0.000008 0.000015 0.000028 0.000052 0.000092 0.000160 0.000272 0.000450 0.000725 0.001140 0.001747 0.002611 0.003804 0.005404 0.007480 0.010093 0.013271 0.017004 0.021230 0.025827 0.030611 0.035349 0.039767 0.043584 0.046533 0.048398 0.049036 0.048398 0.046533 0.043584 0.039767 0.035349 0.030611 0.025827 0.021230 0.017004 0.013271 0.010093 0.007480 0.005404 0.003804 0.002611 0.001747 0.001140 0.000725 0.000450 0.000272 0.000160 0.000092 0.000052 0.000028 0.000015 0.000008 0.000004 0.000002 0.000001 0.000000 0.000000 0.000000 0.000000 0.000000 0.000000 0.000000 0.000000 0.000000 0.000000 0.000000 0.000000 0.000000 0.000000 0.000000 0.000000 0.000000 0.000000 0.000000 0.000000 
0.000000 0.000000 0.000000 0.000000 0.000000 0.000000 0.000000 0.000000 0.000000 0.000000 0.000000 0.000000 0.000000 0.000000 0.000000 0.000000 0.000000 0.000000 0.000000 0.000000 0.000001 0.000002 0.000004 0.000008 0.000016 0.000030 0.000055 0.000101 0.000180 0.000312 0.000527 0.000870 0.001401 0.002200 0.003368 0.005028 0.007318 0.010382 0.014358 0.019354 0.025427 0.032555 0.040618 0.049383 0.058501 0.067524 0.075937 0.083202 0.088814 0.092362 0.093576 0.092362 0.088814 0.083202 0.075937 0.067524 0.058501 0.049383 0.040618 0.032555 0.025427 0.019354 0.014358 0.010382 0.007318 0.005028 0.003368 0.002200 0.001401 0.000870 0.000527 0.000312 0.000180 0.000101 0.000055 0.000030 0.000016 0.000008 0.000004 0.000002 0.000001 0.000000 0.000000 0.000000 0.000000 0.000000 0.000000 0.000000 0.000000 0.000000 0.000000 0.000000 0.000000 0.000000 0.000000 0.000000 0.000000 0.000000 0.000000 0.000000 
0.000000 0.000000 0.000000 0.000000 0.000000 0.000000 0.000000 0.000000 0.000000 0.000000 0.000000 0.000000 0.000000 0.000000 0.000000 0.000000 0.000000 0.000000 0.000000 0.000001 0.000002 0.000004 0.000008 0.000015 0.000030 0.000057 0.000106 0.000192 0.000341 0.000591 0.000998 0.001645 0.002645 0.004148 0.006343 0.009457 0.013748 0.019484 0.026920 0.036256 0.047592 0.060889 0.075920 0.092248 0.109225 0.126019 0.141670 0.155180 0.165615 0.172211 0.174468 0.172211 0.165615 0.155180 0.141670 0.126019 0.109225 0.092248 0.075920 0.060889 0.047592 0.036256 0.026920 0.019484 0.013748 0.009457 0.006343 0.004148 0.002645 0.001645 0.000998 0.000591 0.000341 0.000192 0.000106 0.000057 0.000030 0.000015 0.000008 0.000004 0.000002 0.000001 0.000000 0.000000 0.000000 0.000000 0.000000 0.000000 0.000000 0.000000 0.000000 0.000000 0.000000 0.000000 0.000000 0.000000 0.000000 0.000000 0.000000 0.000000 
0.000000 0.000000 0.000000 0.000000 0.000000 0.000000 0.000000 0.000000 0.000000 0.000000 0.000000 0.000000 0.000000 0.000000 0.000000 0.000000 0.000000 0.000000 0.000001 0.000002 0.000003 0.000007 0.000014 0.000028 0.000055 0.000106 0.000197 0.000357 0.000633 0.001094 0.001846 0.003038 0.004877 0.007637 0.011663 0.017370 0.025224 0.035714 0.049298 0.066336 0.087011 0.111242 0.138614 0.168331 0.199214 0.229749 0.258195 0.282743 0.301699 0.313679 0.317778 0.313679 0.301699 0.282743 0.258195 0.229749 0.199214 0.168331 0.138614 0.111242 0.087011 0.066336 0.049298 0.035714 0.025224 0.017370 0.011663 0.007637 0.004877 0.003038 0.001846 0.001094 0.000633 0.000357 0.000197 0.000106 0.000055 0.000028 0.000014 0.000007 0.000003 0.000002 0.000001 0.000000 0.000000 0.000000 0.000000 0.000000 0.000000 0.000000 0.000000 0.000000 0.000000 0.000000 0.000000 0.000000 0.000000 0.000000 0.000000 0.000000 
0.000000 0.000000 0.000000 0.000000 0.000000 0.000000 0.000000 0.000000 0.000000 0.000000 0.000000 0.000000 0.000000 0.000000 0.000000 0.000000 0.000000 0.000001 0.000001 0.000003 0.000006 0.000013 0.000026 0.000052 0.000101 0.000192 0.000357 0.000647 0.001145 0.001977 0.003331 0.005474 0.008778 0.013729 0.020942 0.031154 0.045195 0.063928 0.088165 0.118539 0.155366 0.198497 0.247187 0.300019 0.354895 0.409130 0.459637 0.503210 0.536849 0.558106 0.565378 0.558106 0.536849 0.503210 0.459637 0.409130 0.354895 0.300019 0.247187 0.198497 0.155366 0.118539 0.088165 0.063928 0.045195 0.031154 0.020942 0.013729 0.008778 0.005474 0.003331 0.001977 0.001145 0.000647 0.000357 0.000192 0.000101 0.000052 0.000026 0.000013 0.000006 0.000003 0.000001 0.000001 0.000000 0.000000 0.000000 0.000000 0.000000 0.000000 0.000000 0.000000 0.000000 0.000000 0.000000 0.000000 0.000000 0.000000 0.000000 0.000000 
0.000000 0.000000 0.000000 0.000000 0.000000 0.000000 0.000000 0.000000 0.000000 0.000000 0.000000 0.000000 0.000000 0.000000 0.000000 0.000000 0.000000 0.000001 0.000002 0.000005 0.000011 0.000023 0.000046 0.000092 0.000180 0.000341 0.000633 0.001145 0.002023 0.003488 0.005868 0.009631 0.015424 0.024094 0.036713 0.054558 0.079067 0.111738 0.153968 0.206848 0.270915 0.345896 0.430490 0.522229 0.617471 0.711561 0.799154 0.874700 0.933011 0.969854 0.982457 0.969854 0.933011 0.874700 0.799154 0.711561 0.617471 0.522229 0.430490 0.345896 0.270915 0.206848 0.153968 0.111738 0.079067 0.054558 0.036713 0.024094 0.015424 0.009631 0.005868 0.003488 0.002023 0.001145 0.000633 0.000341 0.000180 0.000092 0.000046 0.000023 0.000011 0.000005 0.000002 0.000001 0.000000 0.000000 0.000000 0.000000 0.000000 0.000000 0.000000 0.000000 0.000000 0.000000 0.000000 0.000000 0.000000 0.000000 0.000000 0.000000 
0.000000 0.000000 0.000000 0.000000 0.000000 0.000000 0.000000 0.000000 0.000000 0.000000 0.000000 0.000000 0.000000 0.000000 0.000000 0.000000 0.000001 0.000002 0.000004 0.000009 0.000019 0.000040 0.000081 0.000160 0.000312 0.000591 0.001094 0.001977 0.003488 0.006005 0.010089 0.016540 0.026455 0.041279 0.062829 0.093275 0.135050 0.190683 0.262533 0.352433 0.461272 0.588570 0.732102 0.887674 1.049113 1.208535 1.356900 1.484825 1.583547 1.645915 1.667247 1.645915 1.583547 1.484825 1.356900 1.208535 1.049113 0.887674 0.732102 0.588570 0.461272 0.352433 0.262533 0.190683 0.135050 0.093275 0.062829 0.041279 0.026455 0.016540 0.010089 0.006005 0.003488 0.001977 0.001094 0.000591 0.000312 0.000160 0.000081 0.000040 0.000019 0.000009 0.000004 0.000002 0.000001 0.000000 0.000000 0.000000 0.000000 0.000000 0.000000 0.000000 0.000000 0.000000 0.000000 0.000000 0.000000 0.000000 0.000000 0.000000 
0.000000 0.000000 0.000000 0.000000 0.000000 0.000000 0.000000 0.000000 0.000000 0.000000 0.000000 0.000000 0.000000 0.000000 0.000000 0.000001 0.000001 0.000003 0.000007 0.000015 0.000032 0.000067 0.000137 0.000272 0.000527 0.000998 0.001846 0.003331 0.005868 0.010089 0.016929 0.027720 0.044286 0.069028 0.104957 0.155666 0.225180 0.317673 0.437030 0.586259 0.766803 0.977831 1.215638 1.473262 1.740485 2.004268 2.249679 2.461226 2.624449 2.727553 2.762816 2.727553 2.624449 2.461226 2.249679 2.004268 1.740485 1.473262 1.215638 0.977831 0.766803 0.586259 0.437030 0.317673 0.225180 0.155666 0.104957 0.069028 0.044286 0.027720 0.016929 0.010089 0.005868 0.003331 0.001846 0.000998 0.000527 0.000272 0.000137 0.000067 0.000032 0.000015 0.000007 0.000003 0.000001 0.000001 0.000000 0.000000 0.000000 0.000000 0.000000 0.000000 0.000000 0.000000 0.000000 0.000000 0.000000 0.000000 0.000000 0.000000 
0.000000 0.000000 0.000000 0.000000 0.000000 0.000000 0.000000 0.000000 0.000000 0.000000 0.000000 0.000000 0.000000 0.000000 0.000000 0.000001 0.000002 0.000005 0.000012 0.000025 0.000054 0.000112 0.000227 0.000450 0.000870 0.001645 0.003038 0.005474 0.009631 0.016540 0.027720 0.045337 0.072352 0.112656 0.171127 0.253571 0.366488 0.516607 0.710177 0.952019 1.244416 1.585981 1.970679 2.387237 2.819131 3.245313 3.641693 3.983293 4.246814 4.413253 4.470175 4.413253 4.246814 3.983293 3.641693 3.245313 2.819131 2.387237 1.970679 1.585981 1.244416 0.952019 0.710177 0.516607 0.366488 0.253571 0.171127 0.112656 0.072352 0.045337 0.027720 0.016540 0.009631 0.005474 0.003038 0.001645 0.000870 0.000450 0.000227 0.000112 0.000054 0.000025 0.000012 0.000005 0.000002 0.000001 0.000000 0.000000 0.000000 0.000000 0.000000 0.000000 0.000000 0.000000 0.000000 0.000000 0.000000 0.000000 0.000000 0.000000 
0.000000 0.000000 0.000000 0.000000 0.000000 0.000000 0.000000 0.000000 0.000000 0.000000 0.000000 0.000000 0.000000 0.000000 0.000001 0.000002 0.000004 0.000008 0.000019 0.000041 0.000087 0.000181 0.000366 0.000725 0.001401 0.002645 0.004877 0.008778 0.015424 0.026455 0.044286 0.072352 0.115346 0.179423 0.272294 0.403123 0.582157 0.819988 1.126433 1.509036 1.971330 2.511053 3.118620 3.776204 4.457725 5.130001 5.755087 6.293664 6.709066 6.971403 7.061116 6.971403 6.709066 6.293664 5.755087 5.130001 4.457725 3.776204 3.118620 2.511053 1.971330 1.509036 1.126433 0.819988 0.582157 0.403123 0.272294 0.179423 0.115346 0.072352 0.044286 0.026455 0.015424 0.008778 0.004877 0.002645 0.001401 0.000725 0.000366 0.000181 0.000087 0.000041 0.000019 0.000008 0.000004 0.000002 0.000001 0.000000 0.000000 0.000000 0.000000 0.000000 0.000000 0.000000 0.000000 0.000000 0.000000 0.000000 0.000000 0.000000 
0.000000 0.000000 0.000000 0.000000 0.000000 0.000000 0.000000 0.000000 0.000000 0.000000 0.000000 0.000000 0.000000 0.000000 0.000001 0.000003 0.000006 0.000013 0.000030 0.000065 0.000138 0.000285 0.000577 0.001140 0.002200 0.004148 0.007637 0.013729 0.024094 0.041279 0.069028 0.112656 0.179423 0.278836 0.422789 0.625407 0.902458 1.270220 1.743749 2.334578 3.048046 3.880561 4.817269 5.830651 6.880523 7.915816 8.878175 9.707168 10.346463 10.750149 10.888193 10.750149 10.346463 9.707168 8.878175 7.915816 6.880523 5.830651 4.817269 3.880561 3.048046 2.334578 1.743749 1.270220 0.902458 0.625407 0.422789 0.278836 0.179423 0.112656 0.069028 0.041279 0.024094 0.013729 0.007637 0.004148 0.002200 0.001140 0.000577 0.000285 0.000138 0.000065 0.000030 0.000013 0.000006 0.000003 0.000001 0.000000 0.000000 0.000000 0.000000 0.000000 0.000000 0.000000 0.000000 0.000000 0.000000 0.000000 0.000000 0.000000 
0.000000 0.000000 0.000000 0.000000 0.000000 0.000000 0.000000 0.000000 0.000000 0.000000 0.000000 0.000000 0.000000 0.000001 0.000002 0.000004 0.000009 0.000021 0.000046 0.000100 0.000212 0.000438 0.000885 0.001747 0.003368 0.006343 0.011663 0.020942 0.036713 0.062829 0.104957 0.171127 0.272294 0.422789 0.640525 0.946747 1.365144 1.920138 2.634274 3.524768 4.599500 5.852919 7.262561 8.786963 10.365693 11.922018 13.368335 14.613961 15.574403 16.180816 16.388174 16.180816 15.574403 14.613961 13.368335 11.922018 10.365693 8.786963 7.262561 5.852919 4.599500 3.524768 2.634274 1.920138 1.365144 0.946747 0.640525 0.422789 0.272294 0.171127 0.104957 0.062829 0.036713 0.020942 0.011663 0.006343 0.003368 0.001747 0.000885 0.000438 0.000212 0.000100 0.000046 0.000021 0.000009 0.000004 0.000002 0.000001 0.000000 0.000000 0.000000 0.000000 0.000000 0.000000 0.000000 0.000000 0.000000 0.000000 0.000000 0.000000 
0.000000 0.000000 0.000000 0.000000 0.000000 0.000000 0.000000 0.000000 0.000000 0.000000 0.000000 0.000000 0.000000 0.000001 0.000003 0.000006 0.000014 0.000031 0.000070 0.000150 0.000318 0.000656 0.001325 0.002611 0.005028 0.009457 0.017370 0.031154 0.054558 0.093275 0.155666 0.253571 0.403123 0.625407 0.946747 1.398334 2.014905 2.832226 3.883256 5.193090 6.773087 8.614891 10.685359 12.923523 15.240669 17.524271 19.645945 21.472862 22.881306 23.770496 24.074534 23.770496 22.881306 21.472862 19.645945 17.524271 15.240669 12.923523 10.685359 8.614891 6.773087 5.193090 3.883256 2.832226 2.014905 1.398334 0.946747 0.625407 0.403123 0.253571 0.155666 0.093275 0.054558 0.031154 0.017370 0.009457 0.005028 0.002611 0.001325 0.000656 0.000318 0.000150 0.000070 0.000031 0.000014 0.000006 0.000003 0.000001 0.000000 0.000000 0.000000 0.000000 0.000000 0.000000 0.000000 0.000000 0.000000 0.000000 0.000000 0.000000 
0.000000 0.000000 0.000000 0.000000 0.000000 0.000000 0.000000 0.000000 0.000000 0.000000 0.000000 0.000000 0.000001 0.000002 0.000004 0.000009 0.000020 0.000046 0.000102 0.000220 0.000465 0.000959 0.001932 0.003804 0.007318 0.013748 0.025224 0.045195 0.079067 0.135050 0.225180 0.366488 0.582157 0.902458 1.365144 2.014905 2.901457 4.075928 5.585354 7.465447 9.732202 12.373373 15.341246 18.548342 21.867563 25.137847 28.175551 30.790763 32.806661 34.079239 34.514347 34.079239 32.806661 30.790763 28.175551 25.137847 21.867563 18.548342 15.341246 12.373373 9.732202 7.465447 5.585354 4.075928 2.901457 2.014905 1.365144 0.902458 0.582157 0.366488 0.225180 0.135050 0.079067 0.045195 0.025224 0.013748 0.007318 0.003804 0.001932 0.000959 0.000465 0.000220 0.000102 0.000046 0.000020 0.000009 0.000004 0.000002 0.000001 0.000000 0.000000 0.000000 0.000000 0.000000 0.000000 0.000000 0.000000 0.000000 0.000000 0.000000 
0.000000 0.000000 0.000000 0.000000 0.000000 0.000000 0.000000 0.000000 0.000000 0.000000 0.000000 0.000000 0.000001 0.000002 0.000005 0.000013 0.000029 0.000066 0.000146 0.000314 0.000662 0.001365 0.002747 0.005404 0.010382 0.019484 0.035714 0.063928 0.111738 0.190683 0.317673 0.516607 0.819988 1.270220 1.920138 2.832226 4.075928 5.722576 7.837695 10.470897 13.644182 17.340070 21.491555 25.976158 30.616181 35.186637 39.431150 43.084708 45.900643 47.678112 48.285822 47.678112 45.900643 43.084708 39.431150 35.186637 30.616181 25.976158 21.491555 17.340070 13.644182 10.470897 7.837695 5.722576 4.075928 2.832226 1.920138 1.270220 0.819988 0.516607 0.317673 0.190683 0.111738 0.063928 0.035714 0.019484 0.010382 0.005404 0.002747 0.001365 0.000662 0.000314 0.000146 0.000066 0.000029 0.000013 0.000005 0.000002 0.000001 0.000000 0.000000 0.000000 0.000000 0.000000 0.000000 0.000000 0.000000 0.000000 0.000000 0.000000 
0.000000 0.000000 0.000000 0.000000 0.000000 0.000000 0.000000 0.000000 0.000000 0.000000 0.000000 0.000001 0.000001 0.000003 0.000008 0.000018 0.000041 0.000092 0.000203 0.000437 0.000920 0.001893 0.003807 0.007480 0.014358 0.026920 0.049298 0.088165 0.153968 0.262533 0.437030 0.710177 1.126433 1.743749 2.634274 3.883256 5.585354 7.837695 10.729367 14.327660 18.662128 23.708467 29.374888 35.494075 41.823601 48.056767 53.844282 58.825232 62.663788 65.086564 65.914869 65.086564 62.663788 58.825232 53.844282 48.056767 41.823601 35.494075 29.374888 23.708467 18.662128 14.327660 10.729367 7.837695 5.585354 3.883256 2.634274 1.743749 1.126433 0.710177 0.437030 0.262533 0.153968 0.088165 0.049298 0.026920 0.014358 0.007480 0.003807 0.001893 0.000920 0.000437 0.000203 0.000092 0.000041 0.000018 0.000008 0.000003 0.000001 0.000001 0.000000 0.000000 0.000000 0.000000 0.000000 0.000000 0.000000 0.000000 0.000000 0.000000 
0.000000 0.000000 0.000000 0.000000 0.000000 0.000000 0.000000 0.000000 0.000000 0.000000 0.000000 0.000001 0.000002 0.000004 0.000010 0.000024 0.000055 0.000125 0.000275 0.000592 0.001245 0.002560 0.005142 0.010093 0.019354 0.036256 0.066336 0.118539 0.206848 0.352433 0.586259 0.952019 1.509036 2.334578 3.524768 5.193090 7.465447 10.470897 14.327660 19.124817 24.901151 31.623750 39.169967 47.316809 55.741565 64.036272 71.736546 78.362732 83.468631 86.691081 87.792741 86.691081 83.468631 78.362732 71.736546 64.036272 55.741565 47.316809 39.169967 31.623750 24.901151 19.124817 14.327660 10.470897 7.465447 5.193090 3.524768 2.334578 1.509036 0.952019 0.586259 0.352433 0.206848 0.118539 0.066336 0.036256 0.019354 0.010093 0.005142 0.002560 0.001245 0.000592 0.000275 0.000125 0.000055 0.000024 0.000010 0.000004 0.000002 0.000001 0.000000 0.000000 0.000000 0.000000 0.000000 0.000000 0.000000 0.000000 0.000000 0.000000 
0.000000 0.000000 0.000000 0.000000 0.000000 0.000000 0.000000 0.000000 0.000000 0.000000 0.000000 0.000001 0.000002 0.000006 0.000014 0.000032 0.000073 0.000165 0.000363 0.000781 0.001642 0.003371 0.006767 0.013271 0.025427 0.047592 0.087011 0.155366 0.270915 0.461272 0.766803 1.244416 1.971330 3.048046 4.599500 6.773087 9.732202 13.644182 18.662128 24.901151 32.410954 41.148131 50.952843 61.535158 72.475950 83.245725 93.242047 101.842876 108.469709 112.651779 114.081458 112.651779 108.469709 101.842876 93.242047 83.245725 72.475950 61.535158 50.952843 41.148131 32.410954 24.901151 18.662128 13.644182 9.732202 6.773087 4.599500 3.048046 1.971330 1.244416 0.766803 0.461272 0.270915 0.155366 0.087011 0.047592 0.025427 0.013271 0.006767 0.003371 0.001642 0.000781 0.000363 0.000165 0.000073 0.000032 0.000014 0.000006 0.000002 0.000001 0.000000 0.000000 0.000000 0.000000 0.000000 0.000000 0.000000 0.000000 0.000000 0.000000 
0.000000 0.000000 0.000000 0.000000 0.000000 0.000000 0.000000 0.000000 0.000000 0.000000 0.000000 0.000001 0.000003 0.000007 0.000018 0.000041 0.000095 0.000213 0.000468 0.001004 0.002108 0.004327 0.008677 0.017004 0.032555 0.060889 0.111242 0.198497 0.345896 0.588570 0.977831 1.585981 2.511053 3.880561 5.852919 8.614891 12.373373 17.340070 23.708467 31.623750 41.148131 52.225849 64.653751 78.064105 91.925844 105.568465 118.229425 129.121605 137.513143 142.808568 144.618804 142.808568 137.513143 129.121605 118.229425 105.568465 91.925844 78.064105 64.653751 52.225849 41.148131 31.623750 23.708467 17.340070 12.373373 8.614891 5.852919 3.880561 2.511053 1.585981 0.977831 0.588570 0.345896 0.198497 0.111242 0.060889 0.032555 0.017004 0.008677 0.004327 0.002108 0.001004 0.000468 0.000213 0.000095 0.000041 0.000018 0.000007 0.000003 0.000001 0.000000 0.000000 0.000000 0.000000 0.000000 0.000000 0.000000 0.000000 0.000000 0.000000 
0.000000 0.000000 0.000000 0.000000 0.000000 0.000000 0.000000 0.000000 0.000000 0.000000 0.000001 0.000001 0.000004 0.000009 0.000022 0.000052 0.000119 0.000267 0.000586 0.001258 0.002638 0.005410 0.010842 0.021230 0.040618 0.075920 0.138614 0.247187 0.430490 0.732102 1.215638 1.970679 3.118620 4.817269 7.262561 10.685359 15.341246 21.491555 29.374888 39.169967 50.952843 64.653751 80.020881 96.599277 113.732491 130.592171 146.236612 159.694030 170.061042 176.602728 178.838936 176.602728 170.061042 159.694030 146.236612 130.592171 113.732491 96.599277 80.020881 64.653751 50.952843 39.169967 29.374888 21.491555 15.341246 10.685359 7.262561 4.817269 3.118620 1.970679 1.215638 0.732102 0.430490 0.247187 0.138614 0.075920 0.040618 0.021230 0.010842 0.005410 0.002638 0.001258 0.000586 0.000267 0.000119 0.000052 0.000022 0.000009 0.000004 0.000001 0.000001 0.000000 0.000000 0.000000 0.000000 0.000000 0.000000 0.000000 0.000000 0.000000 
0.000000 0.000000 0.000000 0.000000 0.000000 0.000000 0.000000 0.000000 0.000000 0.000000 0.000001 0.000002 0.000005 0.000011 0.000027 0.000063 0.000145 0.000326 0.000715 0.001534 0.003216 0.006590 0.013197 0.025827 0.049383 0.092248 0.168331 0.300019 0.522229 0.887674 1.473262 2.387237 3.776204 5.830651 8.786963 12.923523 18.548342 25.976158 35.494075 47.316809 61.535158 78.064105 96.599277 116.591659 137.249702 157.575058 176.433144 192.653420 205.147932 213.031717 215.726645 213.031717 205.147932 192.653420 176.433144 157.575058 137.249702 116.591659 96.599277 78.064105 61.535158 47.316809 35.494075 25.976158 18.548342 12.923523 8.786963 5.830651 3.776204 2.387237 1.473262 0.887674 0.522229 0.300019 0.168331 0.092248 0.049383 0.025827 0.013197 0.006590 0.003216 0.001534 0.000715 0.000326 0.000145 0.000063 0.000027 0.000011 0.000005 0.000002 0.000001 0.000000 0.000000 0.000000 0.000000 0.000000 0.000000 0.000000 0.000000 0.000000 
