0.000000 0.000000 0.000000 0.000000 0.000000 0.000000 0.000000 0.000000 0.000000 0.000000 0.000000 0.000000 0.000001 0.000001 0.000001 0.000002 0.000003 0.000004 0.000006 0.000008 0.000011 0.000015 0.000021 0.000028 0.000036 0.000048 0.000062 0.000079 0.000100 0.000125 0.000155 0.000190 0.000231 0.000278 0.000331 0.000389 0.000453 0.000523 0.000596 0.000673 0.000752 0.000831 0.000908 0.000983 0.001053 0.001116 0.001170 0.001214 0.001246 0.001266 0.001273 0.001266 0.001246 0.001214 0.001170 0.001116 0.001053 0.000983 0.000908 0.000831 0.000752 0.000673 0.000596 0.000523 0.000453 0.000389 0.000331 0.000278 0.000231 0.000190 0.000155 0.000125 0.000100 0.000079 0.000062 0.000048 0.000036 0.000028 0.000021 0.000015 0.000011 0.000008 0.000006 0.000004 0.000003 0.000002 0.000001 0.000001 0.000001 0.000000 0.000000 0.000000 0.000000 0.000000 0.000000 0.000000 0.000000 0.000000 0.000000 0.000000 
0.000000 0.000000 0.000000 0.000000 0.000000 0.000000 0.000000 0.000000 0.000000 0.000000 0.000000 0.000000 0.000001 0.000001 0.000001 0.000002 0.000003 0.000004 0.000006 0.000008 0.000011 0.000015 0.000021 0.000028 0.000036 0.000048 0.000062 0.000079 0.000100 0.000125 0.000155 0.000190 0.000231 0.000278 0.000331 0.000389 0.000453 0.000523 0.000596 0.000673 0.000752 0.000831 0.000908 0.000983 0.001053 0.001116 0.001170 0.001214 0.001246 0.001266 0.001273 0.001266 0.001246 0.001214 0.001170 0.001116 0.001053 0.000983 0.000908 0.000831 0.000752 0.000673 0.000596 0.000523 0.000453 0.000389 0.000331 0.000278 0.000231 0.000190 0.000155 0.000125 0.000100 0.000079 0.000062 0.000048 0.000036 0.000028 0.000021 0.000015 0.000011 0.000008 0.000006 0.000004 0.000003 0.000002 0.000001 0.000001 0.000001 0.000000 0.000000 0.000000 0.000000 0.000000 0.000000 0.000000 0.000000 0.000000 0.000000 0.000000 
0.000000 0.000000 0.000000 0.000000 0.000000 0.000000 0.000000 0.000000 0.000000 0.000000 0.000000 0.000001 0.000001 0.000001 0.000002 0.000003 0.000004 0.000005 0.000007 0.000010 0.000014 0.000019 0.000026 0.000034 0.000045 0.000059 0.000077 0.000098 0.000124 0.000156 0.000193 0.000237 0.000288 0.000346 0.000412 0.000484 0.000564 0.000650 0.000742 0.000837 0.000935 0.001033 0.001130 0.001223 0.001309 0.001387 0.001455 0.001509 0.001550 0.001574 0.001583 0.001574 0.001550 0.001509 0.001455 0.001387 0.001309 0.001223 0.001130 0.001033 0.000935 0.000837 0.000742 0.000650 0.000564 0.000484 0.000412 0.000346 0.000288 0.000237 0.000193 0.000156 0.000124 0.000098 0.000077 0.000059 0.000045 0.000034 0.000026 0.000019 0.000014 0.000010 0.000007 0.000005 0.000004 0.000003 0.000002 0.000001 0.000001 0.000001 0.000000 0.000000 0.000000 0.000000 0.000000 0.000000 0.000000 0.000000 0.000000 0.000000 
0.000000 0.000000 0.000000 0.000000 0.000000 0.000000 0.000000 0.000000 0.000000 0.000000 0.000001 0.000001 0.000001 0.000002 0.000003 0.000004 0.000005 0.000008 0.000011 0.000015 0.000020 0.000028 0.000037 0.000049 0.000065 0.000085 0.000110 0.000141 0.000178 0.000223 0.000277 0.000340 0.000413 0.000496 0.000590 0.000694 0.000808 0.000932 0.001062 0.001199 0.001339 0.001479 0.001618 0.001750 0.001874 0.001986 0.002082 0.002160 0.002218 0.002253 0.002265 0.002253 0.002218 0.002160 0.002082 0.001986 0.001874 0.001750 0.001618 0.001479 0.001339 0.001199 0.001062 0.000932 0.000808 0.000694 0.000590 0.000496 0.000413 0.000340 0.000277 0.000223 0.000178 0.000141 0.000110 0.000085 0.000065 0.000049 0.000037 0.000028 0.000020 0.000015 0.000011 0.000008 0.000005 0.000004 0.000003 0.000002 0.000001 0.000001 0.000001 0.000000 0.000000 0.000000 0.000000 0.000000 0.000000 0.000000 0.000000 0.000000 
0.000000 0.000000 0.000000 0.000000 0.000000 0.000000 0.000000 0.000000 0.000000 0.000001 0.000001 0.000001 0.000002 0.000003 0.000004 0.000006 0.000008 0.000012 0.000016 0.000023 0.000031 0.000042 0.000057 0.000076 0.000100 0.000130 0.000169 0.000216 0.000273 0.000342 0.000424 0.000520 0.000631 0.000758 0.000901 0.001060 0.001234 0.001422 0.001621 0.001829 0.002043 0.002257 0.002468 0.002670 0.002858 0.003028 0.003175 0.003294 0.003382 0.003435 0.003454 0.003435 0.003382 0.003294 0.003175 0.003028 0.002858 0.002670 0.002468 0.002257 0.002043 0.001829 0.001621 0.001422 0.001234 0.001060 0.000901 0.000758 0.000631 0.000520 0.000424 0.000342 0.000273 0.000216 0.000169 0.000130 0.000100 0.000076 0.000057 0.000042 0.000031 0.000023 0.000016 0.000012 0.000008 0.000006 0.000004 0.000003 0.000002 0.000001 0.000001 0.000001 0.000000 0.000000 0.000000 0.000000 0.000000 0.000000 0.000000 0.000000 
0.000000 0.000000 0.000000 0.000000 0.000000 0.000000 0.000000 0.000000 0.000001 0.000001 0.000001 0.000002 0.000003 0.000004 0.000006 0.000009 0.000013 0.000018 0.000025 0.000035 0.000048 0.000066 0.000089 0.000118 0.000156 0.000204 0.000263 0.000336 0.000426 0.000533 0.000661 0.000810 0.000983 0.001181 0.001404 0.001652 0.001923 0.002215 0.002526 0.002849 0.003181 0.003514 0.003842 0.004157 0.004450 0.004715 0.004943 0.005128 0.005264 0.005347 0.005376 0.005347 0.005264 0.005128 0.004943 0.004715 0.004450 0.004157 0.003842 0.003514 0.003181 0.002849 0.002526 0.002215 0.001923 0.001652 0.001404 0.001181 0.000983 0.000810 0.000661 0.000533 0.000426 0.000336 0.000263 0.000204 0.000156 0.000118 0.000089 0.000066 0.000048 0.000035 0.000025 0.000018 0.000013 0.000009 0.000006 0.000004 0.000003 0.000002 0.000001 0.000001 0.000001 0.000000 0.000000 0.000000 0.000000 0.000000 0.000000 0.000000 
0.000000 0.000000 0.000000 0.000000 0.000000 0.000000 0.000000 0.000001 0.000001 0.000001 0.000002 0.000003 0.000004 0.000007 0.000010 0.000014 0.000020 0.000028 0.000040 0.000055 0.000076 0.000103 0.000139 0.000185 0.000244 0.000319 0.000412 0.000526 0.000665 0.000833 0.001032 0.001266 0.001536 0.001845 0.002193 0.002579 0.003002 0.003458 0.003941 0.004446 0.004963 0.005482 0.005993 0.006484 0.006941 0.007353 0.007708 0.007996 0.008209 0.008339 0.008383 0.008339 0.008209 0.007996 0.007708 0.007353 0.006941 0.006484 0.005993 0.005482 0.004963 0.004446 0.003941 0.003458 0.003002 0.002579 0.002193 0.001845 0.001536 0.001266 0.001032 0.000833 0.000665 0.000526 0.000412 0.000319 0.000244 0.000185 0.000139 0.000103 0.000076 0.000055 0.000040 0.000028 0.000020 0.000014 0.000010 0.000007 0.000004 0.000003 0.000002 0.000001 0.000001 0.000001 0.000000 0.000000 0.000000 0.000000 0.000000 0.000000 
0.000000 0.000000 0.000000 0.000000 0.000000 0.000000 0.000001 0.000001 0.000001 0.000002 0.000003 0.000005 0.000007 0.000010 0.000015 0.000022 0.000031 0.000044 0.000062 0.000086 0.000118 0.000161 0.000216 0.000288 0.000380 0.000496 0.000640 0.000818 0.001034 0.001295 0.001604 0.001966 0.002386 0.002865 0.003404 0.004004 0.004659 0.005366 0.006116 0.006899 0.007700 0.008506 0.009297 0.010057 0.010766 0.011404 0.011955 0.012401 0.012730 0.012932 0.013000 0.012932 0.012730 0.012401 0.011955 0.011404 0.010766 0.010057 0.009297 0.008506 0.007700 0.006899 0.006116 0.005366 0.004659 0.004004 0.003404 0.002865 0.002386 0.001966 0.001604 0.001295 0.001034 0.000818 0.000640 0.000496 0.000380 0.000288 0.000216 0.000161 0.000118 0.000086 0.000062 0.000044 0.000031 0.000022 0.000015 0.000010 0.000007 0.000005 0.000003 0.000002 0.000001 0.000001 0.000001 0.000000 0.000000 0.000000 0.000000 0.000000 
0.000000 0.000000 0.000000 0.000000 0.000000 0.000001 0.000001 0.000001 0.000002 0.000003 0.000005 0.000007 0.000011 0.000016 0.000023 0.000034 0.000048 0.000068 0.000096 0.000133 0.000183 0.000248 0.000334 0.000445 0.000586 0.000764 0.000987 0.001261 0.001594 0.001995 0.002472 0.003030 0.003675 0.004412 0.005242 0.006164 0.007173 0.008260 0.009413 0.010616 0.011849 0.013087 0.014304 0.015472 0.016561 0.017542 0.018388 0.019074 0.019580 0.019890 0.019994 0.019890 0.019580 0.019074 0.018388 0.017542 0.016561 0.015472 0.014304 0.013087 0.011849 0.010616 0.009413 0.008260 0.007173 0.006164 0.005242 0.004412 0.003675 0.003030 0.002472 0.001995 0.001594 0.001261 0.000987 0.000764 0.000586 0.000445 0.000334 0.000248 0.000183 0.000133 0.000096 0.000068 0.000048 0.000034 0.000023 0.000016 0.000011 0.000007 0.000005 0.000003 0.000002 0.000001 0.000001 0.000001 0.000000 0.000000 0.000000 0.000000 
0.000000 0.000000 0.000000 0.000000 0.000001 0.000001 0.000001 0.000002 0.000003 0.000005 0.000007 0.000011 0.000017 0.000025 0.000036 0.000052 0.000074 0.000105 0.000147 0.000204 0.000279 0.000380 0.000511 0.000680 0.000896 0.001168 0.001508 0.001926 0.002435 0.003047 0.003773 0.004624 0.005608 0.006732 0.007997 0.009402 0.010939 0.012596 0.014353 0.016186 0.018063 0.019948 0.021802 0.023580 0.025239 0.026733 0.028021 0.029066 0.029836 0.030307 0.030466 0.030307 0.029836 0.029066 0.028021 0.026733 0.025239 0.023580 0.021802 0.019948 0.018063 0.016186 0.014353 0.012596 0.010939 0.009402 0.007997 0.006732 0.005608 0.004624 0.003773 0.003047 0.002435 0.001926 0.001508 0.001168 0.000896 0.000680 0.000511 0.000380 0.000279 0.000204 0.000147 0.000105 0.000074 0.000052 0.000036 0.000025 0.000017 0.000011 0.000007 0.000005 0.000003 0.000002 0.000001 0.000001 0.000001 0.000000 0.000000 0.000000 
0.000000 0.000000 0.000000 0.000001 0.000001 0.000001 0.000002 0.000003 0.000005 0.000007 0.000011 0.000017 0.000025 0.000037 0.000054 0.000078 0.000112 0.000159 0.000222 0.000308 0.000423 0.000575 0.000773 0.001029 0.001356 0.001768 0.002281 0.002913 0.003682 0.004606 0.005703 0.006988 0.008475 0.010171 0.012081 0.014202 0.016521 0.019021 0.021672 0.024437 0.027269 0.030113 0.032909 0.035591 0.038092 0.040345 0.042287 0.043863 0.045024 0.045735 0.045974 0.045735 0.045024 0.043863 0.042287 0.040345 0.038092 0.035591 0.032909 0.030113 0.027269 0.024437 0.021672 0.019021 0.016521 0.014202 0.012081 0.010171 0.008475 0.006988 0.005703 0.004606 0.003682 0.002913 0.002281 0.001768 0.001356 0.001029 0.000773 0.000575 0.000423 0.000308 0.000222 0.000159 0.000112 0.000078 0.000054 0.000037 0.000025 0.000017 0.000011 0.000007 0.000005 0.000003 0.000002 0.000001 0.000001 0.000001 0.000000 0.000000 
0.000000 0.000000 0.000001 0.000001 0.000001 0.000002 0.000003 0.000005 0.000007 0.000011 0.000017 0.000025 0.000038 0.000056 0.000082 0.000118 0.000168 0.000238 0.000334 0.000463 0.000635 0.000862 0.001159 0.001543 0.002032 0.002648 0.003416 0.004362 0.005513 0.006895 0.008536 0.010458 0.012680 0.015216 0.018071 0.021240 0.024707 0.028442 0.032403 0.036533 0.040763 0.045011 0.049186 0.053191 0.056926 0.060290 0.063190 0.065542 0.067275 0.068337 0.068695 0.068337 0.067275 0.065542 0.063190 0.060290 0.056926 0.053191 0.049186 0.045011 0.040763 0.036533 0.032403 0.028442 0.024707 0.021240 0.018071 0.015216 0.012680 0.010458 0.008536 0.006895 0.005513 0.004362 0.003416 0.002648 0.002032 0.001543 0.001159 0.000862 0.000635 0.000463 0.000334 0.000238 0.000168 0.000118 0.000082 0.000056 0.000038 0.000025 0.000017 0.000011 0.000007 0.000005 0.000003 0.000002 0.000001 0.000001 0.000001 0.000001 
0.000001 0.000001 0.000001 0.000001 0.000002 0.000003 0.000004 0.000007 0.000011 0.000017 0.000025 0.000038 0.000056 0.000083 0.000121 0.000175 0.000250 0.000354 0.000496 0.000687 0.000943 0.001280 0.001721 0.002289 0.003014 0.003928 0.005066 0.006468 0.008172 0.010220 0.012649 0.015494 0.018785 0.022538 0.026764 0.031453 0.036582 0.042107 0.047966 0.054075 0.060330 0.066612 0.072786 0.078708 0.084230 0.089204 0.093491 0.096968 0.099531 0.101100 0.101629 0.101100 0.099531 0.096968 0.093491 0.089204 0.084230 0.078708 0.072786 0.066612 0.060330 0.054075 0.047966 0.042107 0.036582 0.031453 0.026764 0.022538 0.018785 0.015494 0.012649 0.010220 0.008172 0.006468 0.005066 0.003928 0.003014 0.002289 0.001721 0.001280 0.000943 0.000687 0.000496 0.000354 0.000250 0.000175 0.000121 0.000083 0.000056 0.000038 0.000025 0.000017 0.000011 0.000007 0.000005 0.000003 0.000002 0.000001 0.000001 0.000001 
0.000001 0.000001 0.000001 0.000002 0.000003 0.000004 0.000007 0.000010 0.000016 0.000025 0.000037 0.000056 0.000083 0.000123 0.000179 0.000258 0.000368 0.000521 0.000729 0.001011 0.001386 0.001882 0.002528 0.003363 0.004427 0.005768 0.007438 0.009494 0.011994 0.014996 0.018557 0.022728 0.027550 0.033052 0.039242 0.046112 0.053625 0.061718 0.070299 0.079244 0.088404 0.097602 0.106641 0.115311 0.123393 0.130674 0.136950 0.142039 0.145790 0.148087 0.148861 0.148087 0.145790 0.142039 0.136950 0.130674 0.123393 0.115311 0.106641 0.097602 0.088404 0.079244 0.070299 0.061718 0.053625 0.046112 0.039242 0.033052 0.027550 0.022728 0.018557 0.014996 0.011994 0.009494 0.007438 0.005768 0.004427 0.003363 0.002528 0.001882 0.001386 0.001011 0.000729 0.000521 0.000368 0.000258 0.000179 0.000123 0.000083 0.000056 0.000037 0.000025 0.000016 0.000010 0.000007 0.000004 0.000003 0.000002 0.000002 0.000002 
0.000001 0.000001 0.000002 0.000003 0.000004 0.000006 0.000010 0.000015 0.000023 0.000036 0.000054 0.000082 0.000121 0.000179 0.000260 0.000376 0.000537 0.000759 0.001062 0.001471 0.002017 0.002738 0.003678 0.004890 0.006436 0.008385 0.010811 0.013796 0.017426 0.021785 0.026954 0.033007 0.040004 0.047985 0.056966 0.066930 0.077826 0.089562 0.102004 0.114974 0.128253 0.141586 0.154689 0.167255 0.178969 0.189521 0.198616 0.205990 0.211426 0.214755 0.215877 0.214755 0.211426 0.205990 0.198616 0.189521 0.178969 0.167255 0.154689 0.141586 0.128253 0.114974 0.102004 0.089562 0.077826 0.066930 0.056966 0.047985 0.040004 0.033007 0.026954 0.021785 0.017426 0.013796 0.010811 0.008385 0.006436 0.004890 0.003678 0.002738 0.002017 0.001471 0.001062 0.000759 0.000537 0.000376 0.000260 0.000179 0.000121 0.000082 0.000054 0.000036 0.000023 0.000015 0.000010 0.000006 0.000004 0.000003 0.000002 0.000002 
0.000002 0.000002 0.000003 0.000004 0.000006 0.000009 0.000014 0.000022 0.000034 0.000052 0.000078 0.000118 0.000175 0.000258 0.000376 0.000542 0.000774 0.001094 0.001531 0.002120 0.002906 0.003943 0.005296 0.007041 0.009265 0.012067 0.015556 0.019848 0.025065 0.031330 0.038758 0.047455 0.057507 0.068970 0.081868 0.096177 0.111822 0.128672 0.146532 0.165149 0.184209 0.203345 0.222148 0.240180 0.256989 0.272129 0.285179 0.295760 0.303558 0.308335 0.309945 0.308335 0.303558 0.295760 0.285179 0.272129 0.256989 0.240180 0.222148 0.203345 0.184209 0.165149 0.146532 0.128672 0.111822 0.096177 0.081868 0.068970 0.057507 0.047455 0.038758 0.031330 0.025065 0.019848 0.015556 0.012067 0.009265 0.007041 0.005296 0.003943 0.002906 0.002120 0.001531 0.001094 0.000774 0.000542 0.000376 0.000258 0.000175 0.000118 0.000078 0.000052 0.000034 0.000022 0.000014 0.000009 0.000006 0.000004 0.000003 0.000003 
0.000003 0.000003 0.000004 0.000005 0.000008 0.000013 0.000020 0.000031 0.000048 0.000074 0.000112 0.000168 0.000250 0.000368 0.000537 0.000774 0.001105 0.001561 0.002184 0.003024 0.004144 0.005622 0.007550 0.010035 0.013202 0.017192 0.022158 0.028268 0.035692 0.044606 0.055173 0.067544 0.081840 0.098142 0.116480 0.136823 0.159063 0.183012 0.208397 0.234853 0.261937 0.289127 0.315842 0.341460 0.365340 0.386848 0.405385 0.420416 0.431492 0.438278 0.440564 0.438278 0.431492 0.420416 0.405385 0.386848 0.365340 0.341460 0.315842 0.289127 0.261937 0.234853 0.208397 0.183012 0.159063 0.136823 0.116480 0.098142 0.081840 0.067544 0.055173 0.044606 0.035692 0.028268 0.022158 0.017192 0.013202 0.010035 0.007550 0.005622 0.004144 0.003024 0.002184 0.001561 0.001105 0.000774 0.000537 0.000368 0.000250 0.000168 0.000112 0.000074 0.000048 0.000031 0.000020 0.000013 0.000009 0.000006 0.000005 0.000005 
0.000004 0.000004 0.000005 0.000008 0.000012 0.000018 0.000028 0.000044 0.000068 0.000105 0.000159 0.000238 0.000354 0.000521 0.000759 0.001094 0.001561 0.002206 0.003085 0.004270 0.005851 0.007936 0.010654 0.014158 0.018624 0.024247 0.031246 0.039855 0.050315 0.062870 0.077753 0.095174 0.115302 0.138252 0.164066 0.192698 0.223997 0.257698 0.293415 0.330637 0.368739 0.406987 0.444566 0.480599 0.514185 0.544434 0.570504 0.591642 0.607219 0.616761 0.619975 0.616761 0.607219 0.591642 0.570504 0.544434 0.514185 0.480599 0.444566 0.406987 0.368739 0.330637 0.293415 0.257698 0.223997 0.192698 0.164066 0.138252 0.115302 0.095174 0.077753 0.062870 0.050315 0.039855 0.031246 0.024247 0.018624 0.014158 0.010654 0.007936 0.005851 0.004270 0.003085 0.002206 0.001561 0.001094 0.000759 0.000521 0.000354 0.000238 0.000159 0.000105 0.000068 0.000044 0.000029 0.000018 0.000012 0.000009 0.000007 0.000007 
0.000006 0.000006 0.000007 0.000011 0.000016 0.000025 0.000040 0.000062 0.000096 0.000147 0.000222 0.000334 0.000496 0.000729 0.001062 0.001531 0.002184 0.003085 0.004313 0.005969 0.008177 0.011088 0.014884 0.019775 0.026007 0.033854 0.043619 0.055627 0.070215 0.087723 0.108474 0.132760 0.160816 0.192802 0.228775 0.268670 0.312277 0.359227 0.408980 0.460826 0.513892 0.567159 0.619490 0.669666 0.716433 0.758550 0.794848 0.824278 0.845965 0.859251 0.863725 0.859251 0.845965 0.824278 0.794848 0.758550 0.716433 0.669666 0.619490 0.567159 0.513892 0.460826 0.408980 0.359227 0.312277 0.268670 0.228775 0.192802 0.160816 0.132760 0.108474 0.087723 0.070215 0.055627 0.043619 0.033854 0.026007 0.019775 0.014884 0.011088 0.008177 0.005969 0.004313 0.003085 0.002184 0.001531 0.001062 0.000729 0.000496 0.000334 0.000222 0.000147 0.000096 0.000062 0.000040 0.000026 0.000017 0.000012 0.000010 0.000010 
0.000008 0.000008 0.000010 0.000015 0.000023 0.000035 0.000055 0.000086 0.000133 0.000204 0.000308 0.000463 0.000687 0.001011 0.001471 0.002120 0.003024 0.004270 0.005969 0.008259 0.011312 0.015336 0.020582 0.027341 0.035951 0.046790 0.060277 0.076859 0.097001 0.121170 0.149812 0.183328 0.222043 0.266175 0.315803 0.370836 0.430983 0.495734 0.564345 0.635837 0.709007 0.782448 0.854594 0.923765 0.988233 1.046290 1.096323 1.136888 1.166780 1.185092 1.191260 1.185092 1.166780 1.136888 1.096323 1.046290 0.988233 0.923765 0.854594 0.782448 0.709007 0.635837 0.564345 0.495734 0.430983 0.370836 0.315803 0.266175 0.222043 0.183328 0.149812 0.121170 0.097001 0.076859 0.060277 0.046790 0.035951 0.027341 0.020582 0.015336 0.011312 0.008259 0.005969 0.004270 0.003024 0.002120 0.001471 0.001011 0.000687 0.000463 0.000308 0.000204 0.000133 0.000086 0.000056 0.000036 0.000024 0.000017 0.000013 0.000013 
0.000011 0.000011 0.000014 0.000020 0.000031 0.000048 0.000076 0.000118 0.000183 0.000279 0.000423 0.000635 0.000943 0.001386 0.002017 0.002906 0.004144 0.005851 0.008177 0.011312 0.015490 0.020998 0.028175 0.037421 0.049196 0.064018 0.082457 0.105124 0.132654 0.165683 0.204820 0.250610 0.303497 0.363777 0.431556 0.506709 0.588837 0.677244 0.770913 0.868508 0.968385 1.068627 1.167095 1.261499 1.349479 1.428707 1.496982 1.552336 1.593126 1.618113 1.626528 1.618113 1.593126 1.552336 1.496982 1.428707 1.349479 1.261499 1.167095 1.068627 0.968385 0.868508 0.770913 0.677244 0.588837 0.506709 0.431556 0.363777 0.303497 0.250610 0.204820 0.165683 0.132654 0.105124 0.082457 0.064018 0.049196 0.037421 0.028175 0.020998 0.015490 0.011312 0.008177 0.005851 0.004144 0.002906 0.002017 0.001386 0.000943 0.000635 0.000423 0.000280 0.000183 0.000119 0.000077 0.000049 0.000033 0.000023 0.000019 0.000019 
0.000015 0.000015 0.000019 0.000028 0.000042 0.000066 0.000103 0.000161 0.000248 0.000380 0.000575 0.000862 0.001280 0.001882 0.002738 0.003943 0.005622 0.007936 0.011088 0.015336 0.020998 0.028458 0.038178 0.050698 0.066640 0.086704 0.111659 0.142333 0.179581 0.224264 0.277203 0.339134 0.410653 0.492162 0.583801 0.685398 0.796416 0.915910 1.042506 1.174398 1.309364 1.444815 1.577862 1.705409 1.824274 1.931309 2.023545 2.098323 2.153424 2.187178 2.198547 2.187178 2.153424 2.098323 2.023545 1.931309 1.824274 1.705409 1.577862 1.444815 1.309364 1.174398 1.042506 0.915910 0.796416 0.685398 0.583801 0.492162 0.410653 0.339134 0.277203 0.224264 0.179581 0.142333 0.111659 0.086704 0.066640 0.050698 0.038178 0.028458 0.020998 0.015336 0.011088 0.007936 0.005622 0.003943 0.002738 0.001882 0.001280 0.000862 0.000575 0.000380 0.000249 0.000161 0.000104 0.000067 0.000044 0.000031 0.000025 0.000025 
0.000021 0.000021 0.000026 0.000037 0.000057 0.000089 0.000139 0.000216 0.000334 0.000511 0.000773 0.001159 0.001721 0.002528 0.003678 0.005296 0.007550 0.010654 0.014884 0.020582 0.028175 0.038178 0.051209 0.067991 0.089356 0.116240 0.149675 0.190764 0.240654 0.300494 0.371381 0.454298 0.550042 0.659145 0.781797 0.917764 1.066325 1.226214 1.395593 1.572044 1.752596 1.933786 2.111749 2.282348 2.441327 2.584479 2.707834 2.807839 2.881528 2.926667 2.941871 2.926667 2.881528 2.807839 2.707834 2.584479 2.441327 2.282348 2.111749 1.933786 1.752596 1.572044 1.395593 1.226214 1.066325 0.917764 0.781797 0.659145 0.550042 0.454298 0.371381 0.300494 0.240654 0.190764 0.149675 0.116240 0.089356 0.067991 0.051209 0.038178 0.028175 0.020582 0.014884 0.010654 0.007550 0.005296 0.003678 0.002528 0.001721 0.001159 0.000773 0.000511 0.000334 0.000217 0.000140 0.000091 0.000060 0.000042 0.000034 0.000034 
0.000028 0.000028 0.000034 0.000049 0.000076 0.000118 0.000185 0.000288 0.000445 0.000680 0.001029 0.001543 0.002289 0.003363 0.004890 0.007041 0.010035 0.014158 0.019775 0.027341 0.037421 0.050698 0.067991 0.090258 0.118601 0.154262 0.198604 0.253090 0.319237 0.398566 0.492528 0.602424 0.729306 0.873877 1.036384 1.216516 1.413314 1.625102 1.849443 2.083134 2.322242 2.562179 2.797831 3.023721 3.234216 3.423749 3.587065 3.719465 3.817021 3.876781 3.896908 3.876781 3.817021 3.719465 3.587065 3.423749 3.234216 3.023721 2.797831 2.562179 2.322242 2.083134 1.849443 1.625102 1.413314 1.216516 1.036384 0.873877 0.729306 0.602424 0.492528 0.398566 0.319237 0.253090 0.198604 0.154262 0.118601 0.090258 0.067991 0.050698 0.037421 0.027341 0.019775 0.014158 0.010035 0.007041 0.004890 0.003363 0.002289 0.001543 0.001029 0.000680 0.000445 0.000289 0.000187 0.000121 0.000080 0.000056 0.000045 0.000045 
0.000036 0.000036 0.000045 0.000065 0.000100 0.000156 0.000244 0.000380 0.000586 0.000896 0.001356 0.002032 0.003014 0.004427 0.006436 0.009265 0.013202 0.018624 0.026007 0.035951 0.049196 0.066640 0.089356 0.118601 0.155821 0.202644 0.260857 0.332377 0.419193 0.523297 0.646589 0.790771 0.957221 1.146858 1.360001 1.596239 1.854312 2.132019 2.426166 2.732551 3.046017 3.360552 3.669455 3.965548 4.241449 4.489867 4.703917 4.877442 5.005299 5.083619 5.109997 5.083619 5.005299 4.877442 4.703917 4.489867 4.241449 3.965548 3.669455 3.360552 3.046017 2.732551 2.426166 2.132019 1.854312 1.596239 1.360001 1.146858 0.957221 0.790771 0.646589 0.523297 0.419193 0.332377 0.260857 0.202644 0.155821 0.118601 0.089356 0.066640 0.049196 0.035951 0.026007 0.018624 0.013202 0.009265 0.006436 0.004427 0.003014 0.002032 0.001356 0.000896 0.000587 0.000381 0.000246 0.000159 0.000105 0.000074 0.000060 0.000060 
0.000048 0.000048 0.000059 0.000085 0.000130 0.000204 0.000319 0.000496 0.000764 0.001168 0.001768 0.002648 0.003928 0.005768 0.008385 0.012067 0.017192 0.024247 0.033854 0.046790 0.064018 0.086704 0.116240 0.154262 0.202644 0.263499 0.339149 0.432079 0.544869 0.680103 0.840245 1.027500 1.243654 1.489892 1.766628 2.073322 2.408335 2.768809 3.150594 3.548237 3.955047 4.363222 4.764066 5.148272 5.506264 5.828583 6.106305 6.331440 6.497323 6.598934 6.633157 6.598934 6.497323 6.331440 6.106305 5.828583 5.506264 5.148272 4.764066 4.363222 3.955047 3.548237 3.150594 2.768809 2.408335 2.073322 1.766628 1.489892 1.243654 1.027500 0.840245 0.680103 0.544869 0.432079 0.339149 0.263499 0.202644 0.154262 0.116240 0.086704 0.064018 0.046790 0.033854 0.024247 0.017192 0.012067 0.008385 0.005768 0.003928 0.002648 0.001768 0.001169 0.000765 0.000497 0.000321 0.000208 0.000137 0.000097 0.000078 0.000078 
0.000062 0.000062 0.000077 0.000110 0.000169 0.000263 0.000412 0.000640 0.000987 0.001508 0.002281 0.003416 0.005066 0.007438 0.010811 0.015556 0.022158 0.031246 0.043619 0.060277 0.082457 0.111659 0.149675 0.198604 0.260857 0.339149 0.436461 0.555987 0.701039 0.874934 1.080835 1.321572 1.599433 1.915938 2.271609 2.665751 3.096254 3.559440 4.049974 4.560853 5.083478 5.607828 6.122738 6.616253 7.076078 7.490072 7.846773 8.135927 8.348977 8.479479 8.523432 8.479479 8.348977 8.135927 7.846773 7.490072 7.076078 6.616253 6.122738 5.607828 5.083478 4.560853 4.049974 3.559440 3.096254 2.665751 2.271609 1.915938 1.599433 1.321572 1.080835 0.874934 0.701039 0.555987 0.436461 0.339149 0.260857 0.198604 0.149675 0.111659 0.082457 0.060277 0.043619 0.031246 0.022158 0.015556 0.010811 0.007438 0.005066 0.003417 0.002281 0.001508 0.000988 0.000642 0.000415 0.000269 0.000178 0.000125 0.000101 0.000101 
0.000079 0.000079 0.000098 0.000141 0.000216 0.000336 0.000526 0.000818 0.001261 0.001926 0.002913 0.004362 0.006468 0.009494 0.013796 0.019848 0.028268 0.039855 0.055627 0.076859 0.105124 0.142333 0.190764 0.253090 0.332377 0.432079 0.555987 0.708160 0.892812 1.114156 1.376210 1.682571 2.036141 2.438847 2.891348 3.392753 3.940372 4.529524 5.153421 5.803154 6.467787 7.134582 7.789341 8.416869 9.001539 9.527917 9.981438 10.349071 10.619939 10.785856 10.841736 10.785856 10.619939 10.349071 9.981438 9.527917 9.001539 8.416869 7.789341 7.134582 6.467787 5.803154 5.153421 4.529524 3.940372 3.392753 2.891348 2.438847 2.036141 1.682571 1.376210 1.114156 0.892812 0.708160 0.555987 0.432079 0.332377 0.253090 0.190764 0.142333 0.105124 0.076859 0.055627 0.039855 0.028268 0.019848 0.013796 0.009494 0.006468 0.004363 0.002913 0.001927 0.001262 0.000820 0.000530 0.000343 0.000227 0.000160 0.000129 0.000129 
0.000100 0.000100 0.000124 0.000178 0.000273 0.000426 0.000665 0.001034 0.001594 0.002435 0.003682 0.005513 0.008172 0.011994 0.017426 0.025065 0.035692 0.050315 0.070215 0.097001 0.132654 0.179581 0.240654 0.319237 0.419193 0.544869 0.701039 0.892812 1.125489 1.404371 1.734513 2.120435 2.565786 3.072983 3.642850 4.274255 4.963805 5.705603 6.491098 7.309073 8.145762 8.985132 9.809315 10.599190 11.335094 11.997608 12.568409 13.031102 13.372004 13.580818 13.651146 13.580818 13.372004 13.031102 12.568409 11.997608 11.335094 10.599190 9.809315 8.985132 8.145762 7.309073 6.491098 5.705603 4.963805 4.274255 3.642850 3.072983 2.565786 2.120435 1.734513 1.404371 1.125489 0.892812 0.701039 0.544869 0.419193 0.319237 0.240654 0.179581 0.132654 0.097001 0.070215 0.050315 0.035692 0.025065 0.017426 0.011994 0.008172 0.005513 0.003683 0.002436 0.001596 0.001037 0.000671 0.000434 0.000287 0.000203 0.000164 0.000164 
0.000125 0.000125 0.000156 0.000223 0.000342 0.000533 0.000833 0.001295 0.001995 0.003047 0.004606 0.006895 0.010220 0.014996 0.021785 0.031330 0.044606 0.062870 0.087723 0.121170 0.165683 0.224264 0.300494 0.398566 0.523297 0.680103 0.874934 1.114156 1.404371 1.752181 2.163882 2.645097 3.200366 3.832695 4.543097 5.330155 6.189633 7.114173 8.093117 9.112483 10.155117 11.201043 12.228001 13.212175 14.129070 14.954504 15.665655 16.242105 16.666815 16.926961 17.014577 16.926961 16.666815 16.242105 15.665655 14.954504 14.129070 13.212175 12.228001 11.201043 10.155117 9.112483 8.093117 7.114173 6.189633 5.330155 4.543097 3.832695 3.200366 2.645097 2.163882 1.752181 1.404371 1.114156 0.874934 0.680103 0.523297 0.398566 0.300494 0.224264 0.165683 0.121170 0.087723 0.062870 0.044606 0.031330 0.021785 0.014996 0.010220 0.006896 0.004607 0.003048 0.001998 0.001299 0.000840 0.000544 0.000360 0.000254 0.000205 0.000205 
0.000155 0.000155 0.000193 0.000277 0.000424 0.000661 0.001032 0.001604 0.002472 0.003773 0.005703 0.008536 0.012649 0.018557 0.026954 0.038758 0.055173 0.077753 0.108474 0.149812 0.204820 0.277203 0.371381 0.492528 0.646589 0.840245 1.080835 1.376210 1.734513 2.163882 2.672075 3.266023 3.951316 4.731650 5.608267 6.579406 7.639832 8.780461 9.988140 11.245619 12.531738 13.821861 15.088537 16.302399 17.433246 18.451262 19.328311 20.039225 20.562996 20.883817 20.991868 20.883817 20.562996 20.039225 19.328311 18.451262 17.433246 16.302399 15.088537 13.821861 12.531738 11.245619 9.988140 8.780461 7.639832 6.579406 5.608267 4.731650 3.951316 3.266023 2.672075 2.163882 1.734513 1.376210 1.080835 0.840245 0.646589 0.492528 0.371381 0.277203 0.204820 0.149812 0.108474 0.077753 0.055173 0.038758 0.026954 0.018558 0.012649 0.008536 0.005704 0.003774 0.002474 0.001609 0.001040 0.000674 0.000446 0.000315 0.000255 0.000255 
0.000190 0.000190 0.000237 0.000340 0.000520 0.000810 0.001266 0.001966 0.003030 0.004624 0.006988 0.010458 0.015494 0.022728 0.033007 0.047455 0.067544 0.095174 0.132760 0.183328 0.250610 0.339134 0.454298 0.602424 0.790771 1.027500 1.321572 1.682571 2.120435 2.645097 3.266023 3.991666 4.828841 5.782048 6.852791 8.038909 9.333997 10.726954 12.201713 13.737207 15.307602 16.882817 18.429346 19.911343 21.291945 22.534766 23.605469 24.473338 25.112740 25.504384 25.636286 25.504384 25.112740 24.473338 23.605469 22.534766 21.291945 19.911343 18.429346 16.882817 15.307602 13.737207 12.201713 10.726954 9.333997 8.038909 6.852791 5.782048 4.828841 3.991666 3.266023 2.645097 2.120435 1.682571 1.321572 1.027500 0.790771 0.602424 0.454298 0.339134 0.250610 0.183328 0.132760 0.095174 0.067544 0.047455 0.033007 0.022729 0.015495 0.010458 0.006989 0.004626 0.003033 0.001972 0.001276 0.000827 0.000548 0.000386 0.000313 0.000313 
0.000231 0.000231 0.000288 0.000413 0.000631 0.000983 0.001536 0.002386 0.003675 0.005608 0.008475 0.012680 0.018785 0.027550 0.040004 0.057507 0.081840 0.115302 0.160816 0.222043 0.303497 0.410653 0.550042 0.729306 0.957221 1.243654 1.599433 2.036141 2.565786 3.200366 3.951316 4.828841 5.841163 6.993713 8.288289 9.722267 11.287893 12.971738 14.754374 16.610335 18.508398 20.412211 22.281285 24.072311 25.740754 27.242652 28.536527 29.585274 30.357928 30.831187 30.990576 30.831187 30.357928 29.585274 28.536527 27.242652 25.740754 24.072311 22.281285 20.412211 18.508398 16.610335 14.754374 12.971738 11.287893 9.722267 8.288289 6.993713 5.841163 4.828841 3.951316 3.200366 2.565786 2.036141 1.599433 1.243654 0.957221 0.729306 0.550042 0.410653 0.303497 0.222043 0.160816 0.115302 0.081840 0.057507 0.040004 0.027551 0.018785 0.012681 0.008476 0.005610 0.003679 0.002393 0.001548 0.001004 0.000665 0.000469 0.000380 0.000380 
0.000278 0.000278 0.000346 0.000496 0.000758 0.001181 0.001845 0.002865 0.004412 0.006732 0.010171 0.015216 0.022538 0.033052 0.047985 0.068970 0.098142 0.138252 0.192802 0.266175 0.363777 0.492162 0.659145 0.873877 1.146858 1.489892 1.915938 2.438847 3.072983 3.832695 4.731650 5.782048 6.993713 8.373122 9.922415 11.638434 13.511888 15.526696 17.659610 19.880155 22.150977 24.428593 26.664573 28.807119 30.802968 32.599552 34.147266 35.401742 36.325956 36.892041 37.082693 36.892041 36.325956 35.401742 34.147266 32.599552 30.802968 28.807119 26.664573 24.428593 22.150977 19.880155 17.659610 15.526696 13.511888 11.638434 9.922415 8.373122 6.993713 5.782048 4.731650 3.832695 3.072983 2.438847 1.915938 1.489892 1.146858 0.873877 0.659145 0.492162 0.363777 0.266175 0.192802 0.138252 0.098142 0.068971 0.047985 0.033052 0.022539 0.015217 0.010173 0.006735 0.004417 0.002873 0.001859 0.001206 0.000799 0.000564 0.000456 0.000456 
0.000331 0.000331 0.000412 0.000590 0.000901 0.001404 0.002193 0.003404 0.005242 0.007997 0.012081 0.018071 0.026764 0.039242 0.056966 0.081868 0.116480 0.164066 0.228775 0.315803 0.431556 0.583801 0.781797 1.036384 1.360001 1.766628 2.271609 2.891348 3.642850 4.543097 5.608267 6.852791 8.288289 9.922415 11.757683 13.790336 16.009354 18.395682 20.921774 23.551540 26.240741 28.937892 31.585653 34.122700 36.485981 38.613265 40.445838 41.931180 43.025468 43.695721 43.921454 43.695721 43.025468 41.931180 40.445838 38.613265 36.485981 34.122700 31.585653 28.937892 26.240741 23.551540 20.921774 18.395682 16.009354 13.790336 11.757683 9.922415 8.288289 6.852791 5.608267 4.543097 3.642850 2.891348 2.271609 1.766628 1.360001 1.036384 0.781797 0.583801 0.431556 0.315803 0.228775 0.164066 0.116480 0.081868 0.056966 0.039243 0.026764 0.018073 0.012083 0.008001 0.005248 0.003415 0.002210 0.001433 0.000950 0.000670 0.000543 0.000543 
0.000389 0.000389 0.000484 0.000694 0.001060 0.001652 0.002579 0.004004 0.006164 0.009402 0.014202 0.021240 0.031453 0.046112 0.066930 0.096177 0.136823 0.192698 0.268670 0.370836 0.506709 0.685398 0.917764 1.216516 1.596239 2.073322 2.665751 3.392753 4.274255 5.330155 6.579406 8.038909 9.722267 11.638434 13.790336 16.173551 18.775139 21.572751 24.534087 27.616835 30.769141 33.930658 37.034189 40.007867 42.777809 45.271095 47.418927 49.159772 50.442282 51.227815 51.492373 51.227815 50.442282 49.159772 47.418927 45.271095 42.777809 40.007867 37.034189 33.930658 30.769141 27.616835 24.534087 21.572751 18.775139 16.173551 13.790336 11.638434 9.722267 8.038909 6.579406 5.330155 4.274255 3.392753 2.665751 2.073322 1.596239 1.216516 0.917764 0.685398 0.506709 0.370836 0.268670 0.192698 0.136823 0.096177 0.066930 0.046113 0.031453 0.021242 0.014204 0.009406 0.006171 0.004016 0.002599 0.001686 0.001117 0.000789 0.000639 0.000639 
0.000453 0.000453 0.000564 0.000808 0.001234 0.001923 0.003002 0.004659 0.007173 0.010939 0.016521 0.024707 0.036582 0.053625 0.077826 0.111822 0.159063 0.223997 0.312277 0.430983 0.588837 0.796416 1.066325 1.413314 1.854312 2.408335 3.096254 3.940372 4.963805 6.189633 7.639832 9.333997 11.287893 13.511888 16.009354 18.775139 21.794212 25.040621 28.476879 32.053886 35.711476 39.379638 42.980420 46.430457 49.644049 52.536621 55.028378 57.047952 58.535792 59.447084 59.753994 59.447084 58.535792 57.047952 55.028378 52.536621 49.644049 46.430457 42.980420 39.379638 35.711476 32.053886 28.476879 25.040621 21.794212 18.775139 16.009354 13.511888 11.287893 9.333997 7.639832 6.189633 4.963805 3.940372 3.096254 2.408335 1.854312 1.413314 1.066325 0.796416 0.588837 0.430983 0.312277 0.223997 0.159063 0.111823 0.077827 0.053626 0.036582 0.024708 0.016524 0.010944 0.007181 0.004673 0.003025 0.001963 0.001301 0.000918 0.000744 0.000744 
0.000523 0.000523 0.000650 0.000932 0.001422 0.002215 0.003458 0.005366 0.008260 0.012596 0.019021 0.028442 0.042107 0.061718 0.089562 0.128672 0.183012 0.257698 0.359227 0.495734 0.677244 0.915910 1.226214 1.625102 2.132019 2.768809 3.559440 4.529524 5.705603 7.114173 8.780461 10.726954 12.971738 15.526696 18.395682 21.572751 25.040621 28.769469 32.716229 36.824504 41.025194 45.237904 49.373121 53.335127 57.025526 60.347214 63.208585 65.527704 67.236208 68.282648 68.635074 68.282648 67.236208 65.527704 63.208585 60.347214 57.025526 53.335127 49.373121 45.237904 41.025194 36.824504 32.716229 28.769469 25.040621 21.572751 18.395682 15.526696 12.971738 10.726954 8.780461 7.114173 5.705603 4.529524 3.559440 2.768809 2.132019 1.625102 1.226214 0.915910 0.677244 0.495734 0.359227 0.257698 0.183013 0.128672 0.089563 0.061719 0.042108 0.028444 0.019024 0.012601 0.008269 0.005382 0.003485 0.002262 0.001499 0.001058 0.000858 0.000858 
0.000596 0.000596 0.000742 0.001062 0.001621 0.002526 0.003941 0.006116 0.009413 0.014353 0.021672 0.032403 0.047966 0.070299 0.102004 0.146532 0.208397 0.293415 0.408980 0.564345 0.770913 1.042506 1.395593 1.849443 2.426166 3.150594 4.049974 5.153421 6.491098 8.093117 9.988140 12.201713 14.754374 17.659610 20.921774 24.534087 28.476879 32.716229 37.203166 41.873572 46.648896 51.437754 56.138406 60.642065 64.836906 68.612575 71.864970 74.500983 76.442928 77.632342 78.032917 77.632342 76.442928 74.500983 71.864970 68.612575 64.836906 60.642065 56.138406 51.437754 46.648896 41.873572 37.203166 32.716229 28.476879 24.534087 20.921774 17.659610 14.754374 12.201713 9.988140 8.093117 6.491098 5.153421 4.049974 3.150594 2.426166 1.849443 1.395593 1.042506 0.770913 0.564345 0.408980 0.293415 0.208397 0.146533 0.102004 0.070300 0.047967 0.032405 0.021676 0.014359 0.009424 0.006135 0.003973 0.002578 0.001709 0.001207 0.000978 0.000978 
0.000673 0.000673 0.000837 0.001199 0.001829 0.002849 0.004446 0.006899 0.010616 0.016186 0.024437 0.036533 0.054075 0.079244 0.114974 0.165149 0.234853 0.330637 0.460826 0.635837 0.868508 1.174398 1.572044 2.083134 2.732551 3.548237 4.560853 5.803154 7.309073 9.112483 11.245619 13.737207 16.610335 19.880155 23.551540 27.616835 32.053886 36.824504 41.873572 47.128936 52.502213 57.890584 63.179587 68.246840 72.966546 77.214570 80.873809 83.839533 86.024358 87.362527 87.813200 87.362527 86.024358 83.839533 80.873809 77.214570 72.966546 68.246840 63.179587 57.890584 52.502213 47.128936 41.873572 36.824504 32.053886 27.616835 23.551540 19.880155 16.610335 13.737207 11.245619 9.112483 7.309073 5.803154 4.560853 3.548237 2.732551 2.083134 1.572044 1.174398 0.868508 0.635837 0.460826 0.330637 0.234853 0.165150 0.114974 0.079245 0.054076 0.036535 0.024441 0.016193 0.010628 0.006920 0.004481 0.002909 0.001928 0.001362 0.001104 0.001104 
0.000752 0.000752 0.000935 0.001339 0.002043 0.003181 0.004963 0.007700 0.011849 0.018063 0.027269 0.040763 0.060330 0.088404 0.128253 0.184209 0.261937 0.368739 0.513892 0.709007 0.968385 1.309364 1.752596 2.322242 3.046017 3.955047 5.083478 6.467787 8.145762 10.155117 12.531738 15.307602 18.508398 22.150977 26.240741 30.769141 35.711476 41.025194 46.648896 52.502213 58.486709 64.487878 70.378258 76.021571 81.277743 86.008555 90.083620 93.386331 95.819394 97.309599 97.811473 97.309599 95.819394 93.386331 90.083620 86.008555 81.277743 76.021571 70.378258 64.487878 58.486709 52.502213 46.648896 41.025194 35.711476 30.769141 26.240741 22.150977 18.508398 15.307602 12.531738 10.155117 8.145762 6.467787 5.083478 3.955047 3.046017 2.322242 1.752596 1.309364 0.968385 0.709007 0.513892 0.368739 0.261937 0.184209 0.128253 0.088405 0.060332 0.040765 0.027273 0.018071 0.011862 0.007724 0.005002 0.003247 0.002153 0.001521 0.001233 0.001233 
0.000831 0.000831 0.001033 0.001479 0.002257 0.003514 0.005482 0.008506 0.013087 0.019948 0.030113 0.045011 0.066612 0.097602 0.141586 0.203345 0.289127 0.406987 0.567159 0.782448 1.068627 1.444815 1.933786 2.562179 3.360552 4.363222 5.607828 7.134582 8.985132 11.201043 13.821861 16.882817 20.412211 24.428593 28.937892 33.930658 39.379638 45.237904 51.437754 57.890584 64.487878 71.103417 77.596704 83.817533 89.611518 94.826323 99.318249 102.958781 105.640697 107.283312 107.836514 107.283312 105.640697 102.958781 99.318249 94.826323 89.611518 83.817533 77.596704 71.103417 64.487878 57.890584 51.437754 45.237904 39.379638 33.930658 28.937892 24.428593 20.412211 16.882817 13.821861 11.201043 8.985132 7.134582 5.607828 4.363222 3.360552 2.562179 1.933786 1.444815 1.068627 0.782448 0.567159 0.406987 0.289127 0.203345 0.141587 0.097603 0.066614 0.045013 0.030118 0.019957 0.013102 0.008531 0.005526 0.003588 0.002379 0.001681 0.001362 0.001362 
0.000908 0.000908 0.001130 0.001618 0.002468 0.003842 0.005993 0.009297 0.014304 0.021802 0.032909 0.049186 0.072786 0.106641 0.154689 0.222148 0.315842 0.444566 0.619490 0.854594 1.167095 1.577862 2.111749 2.797831 3.669455 4.764066 6.122738 7.789341 9.809315 12.228001 15.088537 18.429346 22.281285 26.664573 31.585653 37.034189 42.980420 49.373121 56.138406 63.179587 70.378258 77.596704 84.681639 91.469189 97.790929 103.480670 108.381650 112.353677 115.279782 117.071950 117.675519 117.071950 115.279782 112.353677 108.381650 103.480670 97.790929 91.469189 84.681639 77.596704 70.378258 63.179587 56.138406 49.373121 42.980420 37.034189 31.585653 26.664573 22.281285 18.429346 15.088537 12.228001 9.809315 7.789341 6.122738 4.764066 3.669455 2.797831 2.111749 1.577862 1.167095 0.854594 0.619490 0.444566 0.315842 0.222148 0.154689 0.106642 0.072788 0.049189 0.032914 0.021812 0.014320 0.009326 0.006041 0.003922 0.002601 0.001838 0.001490 0.001490 
