0.000000 0.000000 0.000000 0.000000 0.000000 0.000000 0.000000 0.000000 0.000000 0.000000 0.000000 0.000000 0.000000 0.000000 0.000000 0.000000 0.000000 0.000000 0.000001 0.000001 0.000001 0.000002 0.000003 0.000004 0.000005 0.000007 0.000010 0.000013 0.000017 0.000022 0.000028 0.000035 0.000044 0.000054 0.000066 0.000079 0.000094 0.000111 0.000128 0.000147 0.000167 0.000187 0.000207 0.000226 0.000245 0.000261 0.000276 0.000288 0.000296 0.000302 0.000304 0.000302 0.000296 0.000288 0.000276 0.000261 0.000245 0.000226 0.000207 0.000187 0.000167 0.000147 0.000128 0.000111 0.000094 0.000079 0.000066 0.000054 0.000044 0.000035 0.000028 0.000022 0.000017 0.000013 0.000010 0.000007 0.000005 0.000004 0.000003 0.000002 0.000001 0.000001 0.000001 0.000000 0.000000 0.000000 0.000000 0.000000 0.000000 0.000000 0.000000 0.000000 0.000000 0.000000 0.000000 0.000000 0.000000 0.000000 0.000000 0.000000 
0.000000 0.000000 0.000000 0.000000 0.000000 0.000000 0.000000 0.000000 0.000000 0.000000 0.000000 0.000000 0.000000 0.000000 0.000000 0.000000 0.000000 0.000000 0.000001 0.000001 0.000001 0.000002 0.000003 0.000004 0.000005 0.000007 0.000010 0.000013 0.000017 0.000022 0.000028 0.000035 0.000044 0.000054 0.000066 0.000079 0.000094 0.000111 0.000128 0.000147 0.000167 0.000187 0.000207 0.000226 0.000245 0.000261 0.000276 0.000288 0.000296 0.000302 0.000304 0.000302 0.000296 0.000288 0.000276 0.000261 0.000245 0.000226 0.000207 0.000187 0.000167 0.000147 0.000128 0.000111 0.000094 0.000079 0.000066 0.000054 0.000044 0.000035 0.000028 0.000022 0.000017 0.000013 0.000010 0.000007 0.000005 0.000004 0.000003 0.000002 0.000001 0.000001 0.000001 0.000000 0.000000 0.000000 0.000000 0.000000 0.000000 0.000000 0.000000 0.000000 0.000000 0.000000 0.000000 0.000000 0.000000 0.000000 0.000000 0.000000 
0.000000 0.000000 0.000000 0.000000 0.000000 0.000000 0.000000 0.000000 0.000000 0.000000 0.000000 0.000000 0.000000 0.000000 0.000000 0.000000 0.000000 0.000001 0.000001 0.000001 0.000002 0.000003 0.000004 0.000005 0.000007 0.000010 0.000013 0.000017 0.000022 0.000029 0.000037 0.000046 0.000058 0.000071 0.000086 0.000104 0.000123 0.000145 0.000168 0.000193 0.000219 0.000245 0.000271 0.000297 0.000321 0.000342 0.000361 0.000377 0.000388 0.000395 0.000398 0.000395 0.000388 0.000377 0.000361 0.000342 0.000321 0.000297 0.000271 0.000245 0.000219 0.000193 0.000168 0.000145 0.000123 0.000104 0.000086 0.000071 0.000058 0.000046 0.000037 0.000029 0.000022 0.000017 0.000013 0.000010 0.000007 0.000005 0.000004 0.000003 0.000002 0.000001 0.000001 0.000001 0.000000 0.000000 0.000000 0.000000 0.000000 0.000000 0.000000 0.000000 0.000000 0.000000 0.000000 0.000000 0.000000 0.000000 0.000000 0.000000 
0.000000 0.000000 0.000000 0.000000 0.000000 0.000000 0.000000 0.000000 0.000000 0.000000 0.000000 0.000000 0.000000 0.000000 0.000000 0.000000 0.000001 0.000001 0.000001 0.000002 0.000003 0.000004 0.000006 0.000008 0.000011 0.000015 0.000020 0.000026 0.000034 0.000044 0.000056 0.000071 0.000089 0.000109 0.000133 0.000160 0.000190 0.000223 0.000259 0.000297 0.000336 0.000376 0.000417 0.000456 0.000492 0.000526 0.000555 0.000578 0.000596 0.000607 0.000610 0.000607 0.000596 0.000578 0.000555 0.000526 0.000492 0.000456 0.000417 0.000376 0.000336 0.000297 0.000259 0.000223 0.000190 0.000160 0.000133 0.000109 0.000089 0.000071 0.000056 0.000044 0.000034 0.000026 0.000020 0.000015 0.000011 0.000008 0.000006 0.000004 0.000003 0.000002 0.000001 0.000001 0.000001 0.000000 0.000000 0.000000 0.000000 0.000000 0.000000 0.000000 0.000000 0.000000 0.000000 0.000000 0.000000 0.000000 0.000000 0.000000 
0.000000 0.000000 0.000000 0.000000 0.000000 0.000000 0.000000 0.000000 0.000000 0.000000 0.000000 0.000000 0.000000 0.000000 0.000000 0.000001 0.000001 0.000002 0.000002 0.000003 0.000005 0.000007 0.000009 0.000013 0.000018 0.000024 0.000032 0.000043 0.000056 0.000072 0.000092 0.000116 0.000145 0.000178 0.000217 0.000261 0.000310 0.000364 0.000423 0.000485 0.000549 0.000615 0.000680 0.000744 0.000804 0.000858 0.000906 0.000944 0.000973 0.000990 0.000996 0.000990 0.000973 0.000944 0.000906 0.000858 0.000804 0.000744 0.000680 0.000615 0.000549 0.000485 0.000423 0.000364 0.000310 0.000261 0.000217 0.000178 0.000145 0.000116 0.000092 0.000072 0.000056 0.000043 0.000032 0.000024 0.000018 0.000013 0.000009 0.000007 0.000005 0.000003 0.000002 0.000002 0.000001 0.000001 0.000000 0.000000 0.000000 0.000000 0.000000 0.000000 0.000000 0.000000 0.000000 0.000000 0.000000 0.000000 0.000000 0.000000 
0.000000 0.000000 0.000000 0.000000 0.000000 0.000000 0.000000 0.000000 0.000000 0.000000 0.000000 0.000000 0.000000 0.000001 0.000001 0.000001 0.000002 0.000003 0.000004 0.000006 0.000008 0.000011 0.000016 0.000022 0.000030 0.000040 0.000054 0.000071 0.000093 0.000120 0.000153 0.000193 0.000241 0.000296 0.000360 0.000433 0.000515 0.000604 0.000701 0.000804 0.000911 0.001020 0.001128 0.001233 0.001332 0.001423 0.001501 0.001565 0.001612 0.001641 0.001651 0.001641 0.001612 0.001565 0.001501 0.001423 0.001332 0.001233 0.001128 0.001020 0.000911 0.000804 0.000701 0.000604 0.000515 0.000433 0.000360 0.000296 0.000241 0.000193 0.000153 0.000120 0.000093 0.000071 0.000054 0.000040 0.000030 0.000022 0.000016 0.000011 0.000008 0.000006 0.000004 0.000003 0.000002 0.000001 0.000001 0.000001 0.000000 0.000000 0.000000 0.000000 0.000000 0.000000 0.000000 0.000000 0.000000 0.000000 0.000000 0.000000 
0.000000 0.000000 0.000000 0.000000 0.000000 0.000000 0.000000 0.000000 0.000000 0.000000 0.000000 0.000000 0.000001 0.000001 0.000001 0.000002 0.000003 0.000004 0.000006 0.000009 0.000013 0.000019 0.000026 0.000036 0.000050 0.000067 0.000090 0.000119 0.000155 0.000200 0.000254 0.000320 0.000399 0.000491 0.000597 0.000718 0.000852 0.001000 0.001160 0.001330 0.001507 0.001687 0.001866 0.002040 0.002203 0.002352 0.002481 0.002587 0.002665 0.002713 0.002729 0.002713 0.002665 0.002587 0.002481 0.002352 0.002203 0.002040 0.001866 0.001687 0.001507 0.001330 0.001160 0.001000 0.000852 0.000718 0.000597 0.000491 0.000399 0.000320 0.000254 0.000200 0.000155 0.000119 0.000090 0.000067 0.000050 0.000036 0.000026 0.000019 0.000013 0.000009 0.000006 0.000004 0.000003 0.000002 0.000001 0.000001 0.000001 0.000000 0.000000 0.000000 0.000000 0.000000 0.000000 0.000000 0.000000 0.000000 0.000000 0.000000 
0.000000 0.000000 0.000000 0.000000 0.000000 0.000000 0.000000 0.000000 0.000000 0.000000 0.000000 0.000001 0.000001 0.000001 0.000002 0.000003 0.000005 0.000007 0.000011 0.000015 0.000022 0.000031 0.000043 0.000060 0.000082 0.000111 0.000148 0.000195 0.000254 0.000328 0.000418 0.000527 0.000656 0.000807 0.000981 0.001178 0.001399 0.001642 0.001904 0.002183 0.002472 0.002767 0.003061 0.003346 0.003614 0.003858 0.004069 0.004242 0.004370 0.004448 0.004475 0.004448 0.004370 0.004242 0.004069 0.003858 0.003614 0.003346 0.003061 0.002767 0.002472 0.002183 0.001904 0.001642 0.001399 0.001178 0.000981 0.000807 0.000656 0.000527 0.000418 0.000328 0.000254 0.000195 0.000148 0.000111 0.000082 0.000060 0.000043 0.000031 0.000022 0.000015 0.000011 0.000007 0.000005 0.000003 0.000002 0.000001 0.000001 0.000001 0.000000 0.000000 0.000000 0.000000 0.000000 0.000000 0.000000 0.000000 0.000000 0.000000 
0.000000 0.000000 0.000000 0.000000 0.000000 0.000000 0.000000 0.000000 0.000000 0.000000 0.000001 0.000001 0.000001 0.000002 0.000003 0.000005 0.000008 0.000012 0.000017 0.000025 0.000036 0.000051 0.000071 0.000098 0.000134 0.000180 0.000241 0.000318 0.000414 0.000534 0.000681 0.000857 0.001067 0.001312 0.001595 0.001916 0.002274 0.002668 0.003094 0.003546 0.004016 0.004494 0.004970 0.005433 0.005868 0.006263 0.006606 0.006886 0.007094 0.007221 0.007264 0.007221 0.007094 0.006886 0.006606 0.006263 0.005868 0.005433 0.004970 0.004494 0.004016 0.003546 0.003094 0.002668 0.002274 0.001916 0.001595 0.001312 0.001067 0.000857 0.000681 0.000534 0.000414 0.000318 0.000241 0.000180 0.000134 0.000098 0.000071 0.000051 0.000036 0.000025 0.000017 0.000012 0.000008 0.000005 0.000003 0.000002 0.000001 0.000001 0.000001 0.000000 0.000000 0.000000 0.000000 0.000000 0.000000 0.000000 0.000000 0.000000 
0.000000 0.000000 0.000000 0.000000 0.000000 0.000000 0.000000 0.000000 0.000000 0.000001 0.000001 0.000002 0.000002 0.000004 0.000006 0.000009 0.000013 0.000019 0.000028 0.000040 0.000058 0.000082 0.000114 0.000158 0.000215 0.000291 0.000388 0.000512 0.000668 0.000860 0.001096 0.001379 0.001716 0.002110 0.002565 0.003081 0.003657 0.004290 0.004974 0.005699 0.006453 0.007221 0.007985 0.008727 0.009425 0.010059 0.010610 0.011059 0.011392 0.011596 0.011665 0.011596 0.011392 0.011059 0.010610 0.010059 0.009425 0.008727 0.007985 0.007221 0.006453 0.005699 0.004974 0.004290 0.003657 0.003081 0.002565 0.002110 0.001716 0.001379 0.001096 0.000860 0.000668 0.000512 0.000388 0.000291 0.000215 0.000158 0.000114 0.000082 0.000058 0.000040 0.000028 0.000019 0.000013 0.000009 0.000006 0.000004 0.000002 0.000002 0.000001 0.000001 0.000000 0.000000 0.000000 0.000000 0.000000 0.000000 0.000000 0.000000 
0.000000 0.000000 0.000000 0.000000 0.000000 0.000000 0.000000 0.000000 0.000001 0.000001 0.000002 0.000002 0.000004 0.000006 0.000009 0.000014 0.000021 0.000030 0.000044 0.000064 0.000092 0.000130 0.000182 0.000251 0.000343 0.000464 0.000619 0.000816 0.001063 0.001370 0.001745 0.002196 0.002731 0.003358 0.004080 0.004900 0.005815 0.006821 0.007906 0.009058 0.010255 0.011474 0.012688 0.013865 0.014973 0.015980 0.016854 0.017566 0.018094 0.018418 0.018527 0.018418 0.018094 0.017566 0.016854 0.015980 0.014973 0.013865 0.012688 0.011474 0.010255 0.009058 0.007906 0.006821 0.005815 0.004900 0.004080 0.003358 0.002731 0.002196 0.001745 0.001370 0.001063 0.000816 0.000619 0.000464 0.000343 0.000251 0.000182 0.000130 0.000092 0.000064 0.000044 0.000030 0.000021 0.000014 0.000009 0.000006 0.000004 0.000002 0.000002 0.000001 0.000001 0.000000 0.000000 0.000000 0.000000 0.000000 0.000000 0.000000 
0.000000 0.000000 0.000000 0.000000 0.000000 0.000000 0.000000 0.000001 0.000001 0.000002 0.000002 0.000004 0.000006 0.000009 0.000014 0.000022 0.000032 0.000048 0.000070 0.000102 0.000145 0.000206 0.000287 0.000397 0.000542 0.000731 0.000975 0.001286 0.001675 0.002158 0.002747 0.003457 0.004299 0.005284 0.006419 0.007707 0.009145 0.010725 0.012430 0.014238 0.016118 0.018032 0.019937 0.021785 0.023524 0.025104 0.026475 0.027594 0.028422 0.028930 0.029102 0.028930 0.028422 0.027594 0.026475 0.025104 0.023524 0.021785 0.019937 0.018032 0.016118 0.014238 0.012430 0.010725 0.009145 0.007707 0.006419 0.005284 0.004299 0.003457 0.002747 0.002158 0.001675 0.001286 0.000975 0.000731 0.000542 0.000397 0.000287 0.000206 0.000145 0.000102 0.000070 0.000048 0.000032 0.000022 0.000014 0.000009 0.000006 0.000004 0.000002 0.000002 0.000001 0.000001 0.000000 0.000000 0.000000 0.000000 0.000000 0.000000 
0.000000 0.000000 0.000000 0.000000 0.000000 0.000000 0.000001 0.000001 0.000001 0.000002 0.000004 0.000006 0.000009 0.000015 0.000022 0.000034 0.000051 0.000075 0.000110 0.000159 0.000227 0.000321 0.000448 0.000619 0.000845 0.001140 0.001520 0.002003 0.002610 0.003361 0.004277 0.005381 0.006690 0.008222 0.009986 0.011987 0.014222 0.016676 0.019325 0.022132 0.025051 0.028024 0.030981 0.033849 0.036549 0.039001 0.041130 0.042866 0.044150 0.044939 0.045205 0.044939 0.044150 0.042866 0.041130 0.039001 0.036549 0.033849 0.030981 0.028024 0.025051 0.022132 0.019325 0.016676 0.014222 0.011987 0.009986 0.008222 0.006690 0.005381 0.004277 0.003361 0.002610 0.002003 0.001520 0.001140 0.000845 0.000619 0.000448 0.000321 0.000227 0.000159 0.000110 0.000075 0.000051 0.000034 0.000022 0.000015 0.000009 0.000006 0.000004 0.000002 0.000001 0.000001 0.000001 0.000000 0.000000 0.000000 0.000000 0.000000 
0.000000 0.000000 0.000000 0.000000 0.000000 0.000001 0.000001 0.000001 0.000002 0.000004 0.000006 0.000009 0.000015 0.000023 0.000035 0.000052 0.000079 0.000116 0.000170 0.000245 0.000351 0.000495 0.000692 0.000955 0.001303 0.001757 0.002342 0.003086 0.004020 0.005175 0.006585 0.008283 0.010296 0.012650 0.015362 0.018437 0.021871 0.025641 0.029709 0.034021 0.038504 0.043067 0.047608 0.052010 0.056155 0.059919 0.063186 0.065850 0.067821 0.069032 0.069440 0.069032 0.067821 0.065850 0.063186 0.059919 0.056155 0.052010 0.047608 0.043067 0.038504 0.034021 0.029709 0.025641 0.021871 0.018437 0.015362 0.012650 0.010296 0.008283 0.006585 0.005175 0.004020 0.003086 0.002342 0.001757 0.001303 0.000955 0.000692 0.000495 0.000351 0.000245 0.000170 0.000116 0.000079 0.000052 0.000035 0.000023 0.000015 0.000009 0.000006 0.000004 0.000002 0.000001 0.000001 0.000001 0.000000 0.000000 0.000000 0.000000 
0.000000 0.000000 0.000000 0.000000 0.000000 0.000001 0.000001 0.000002 0.000003 0.000006 0.000009 0.000014 0.000022 0.000035 0.000053 0.000080 0.000120 0.000177 0.000259 0.000375 0.000535 0.000756 0.001055 0.001456 0.001986 0.002678 0.003569 0.004702 0.006123 0.007881 0.010026 0.012607 0.015668 0.019247 0.023369 0.028042 0.033259 0.038985 0.045165 0.051714 0.058521 0.065450 0.072343 0.079027 0.085317 0.091031 0.095989 0.100032 0.103024 0.104861 0.105481 0.104861 0.103024 0.100032 0.095989 0.091031 0.085317 0.079027 0.072343 0.065450 0.058521 0.051714 0.045165 0.038985 0.033259 0.028042 0.023369 0.019247 0.015668 0.012607 0.010026 0.007881 0.006123 0.004702 0.003569 0.002678 0.001986 0.001456 0.001055 0.000756 0.000535 0.000375 0.000259 0.000177 0.000120 0.000080 0.000053 0.000035 0.000022 0.000014 0.000009 0.000006 0.000003 0.000002 0.000001 0.000001 0.000000 0.000000 0.000000 0.000000 
0.000000 0.000000 0.000000 0.000000 0.000001 0.000001 0.000002 0.000003 0.000005 0.000009 0.000014 0.000022 0.000034 0.000052 0.000080 0.000121 0.000181 0.000268 0.000392 0.000566 0.000808 0.001141 0.001592 0.002196 0.002995 0.004036 0.005378 0.007083 0.009221 0.011866 0.015092 0.018974 0.023577 0.028957 0.035151 0.042173 0.050011 0.058614 0.067896 0.077731 0.087952 0.098355 0.108703 0.118736 0.128179 0.136755 0.144196 0.150264 0.154754 0.157512 0.158442 0.157512 0.154754 0.150264 0.144196 0.136755 0.128179 0.118736 0.108703 0.098355 0.087952 0.077731 0.067896 0.058614 0.050011 0.042173 0.035151 0.028957 0.023577 0.018974 0.015092 0.011866 0.009221 0.007083 0.005378 0.004036 0.002995 0.002196 0.001592 0.001141 0.000808 0.000566 0.000392 0.000268 0.000181 0.000121 0.000080 0.000052 0.000034 0.000022 0.000014 0.000009 0.000005 0.000003 0.000002 0.000001 0.000001 0.000000 0.000000 0.000000 
0.000000 0.000000 0.000000 0.000001 0.000001 0.000002 0.000003 0.000005 0.000008 0.000013 0.000021 0.000032 0.000051 0.000079 0.000120 0.000181 0.000271 0.000401 0.000585 0.000845 0.001206 0.001702 0.002374 0.003274 0.004464 0.006015 0.008013 0.010550 0.013732 0.017666 0.022465 0.028236 0.035079 0.043075 0.052281 0.062716 0.074359 0.087138 0.100924 0.115529 0.130705 0.146150 0.161513 0.176407 0.190423 0.203151 0.214195 0.223200 0.229863 0.233956 0.235337 0.233956 0.229863 0.223200 0.214195 0.203151 0.190423 0.176407 0.161513 0.146150 0.130705 0.115529 0.100924 0.087138 0.074359 0.062716 0.052281 0.043075 0.035079 0.028236 0.022465 0.017666 0.013732 0.010550 0.008013 0.006015 0.004464 0.003274 0.002374 0.001702 0.001206 0.000845 0.000585 0.000401 0.000271 0.000181 0.000120 0.000079 0.000051 0.000032 0.000021 0.000013 0.000008 0.000005 0.000003 0.000002 0.000001 0.000001 0.000001 0.000001 
0.000000 0.000000 0.000001 0.000001 0.000002 0.000003 0.000004 0.000007 0.000012 0.000019 0.000030 0.000048 0.000075 0.000116 0.000177 0.000268 0.000401 0.000592 0.000864 0.001247 0.001780 0.002511 0.003501 0.004827 0.006579 0.008863 0.011803 0.015538 0.020218 0.026005 0.033062 0.041547 0.051607 0.063359 0.076886 0.092217 0.109321 0.128091 0.148337 0.169783 0.192066 0.214741 0.237293 0.259155 0.279727 0.298406 0.314615 0.327830 0.337607 0.343614 0.345639 0.343614 0.337607 0.327830 0.314615 0.298406 0.279727 0.259155 0.237293 0.214741 0.192066 0.169783 0.148337 0.128091 0.109321 0.092217 0.076886 0.063359 0.051607 0.041547 0.033062 0.026005 0.020218 0.015538 0.011803 0.008863 0.006579 0.004827 0.003501 0.002511 0.001780 0.001247 0.000864 0.000592 0.000401 0.000268 0.000177 0.000116 0.000075 0.000048 0.000030 0.000019 0.000012 0.000007 0.000004 0.000003 0.000002 0.000001 0.000001 0.000001 
0.000001 0.000001 0.000001 0.000001 0.000002 0.000004 0.000006 0.000011 0.000017 0.000028 0.000044 0.000070 0.000110 0.000170 0.000259 0.000392 0.000585 0.000864 0.001261 0.001820 0.002596 0.003661 0.005105 0.007036 0.009586 0.012911 0.017190 0.022624 0.029433 0.037849 0.048110 0.060446 0.075067 0.092146 0.111800 0.134073 0.158917 0.186177 0.215577 0.246717 0.279067 0.311984 0.344720 0.376450 0.406306 0.433415 0.456937 0.476112 0.490300 0.499015 0.501955 0.499015 0.490300 0.476112 0.456937 0.433415 0.406306 0.376450 0.344720 0.311984 0.279067 0.246717 0.215577 0.186177 0.158917 0.134073 0.111800 0.092146 0.075067 0.060446 0.048110 0.037849 0.029433 0.022624 0.017190 0.012911 0.009586 0.007036 0.005105 0.003661 0.002596 0.001820 0.001261 0.000864 0.000585 0.000392 0.000259 0.000170 0.000110 0.000070 0.000044 0.000028 0.000017 0.000011 0.000006 0.000004 0.000002 0.000002 0.000001 0.000001 
0.000001 0.000001 0.000001 0.000002 0.000003 0.000006 0.000009 0.000015 0.000025 0.000040 0.000064 0.000102 0.000159 0.000245 0.000375 0.000566 0.000845 0.001247 0.001820 0.002625 0.003744 0.005279 0.007358 0.010139 0.013810 0.018596 0.024753 0.032570 0.042363 0.054465 0.069217 0.086950 0.107963 0.132504 0.160740 0.192733 0.228415 0.267561 0.309776 0.354482 0.400923 0.448172 0.495156 0.540694 0.583540 0.622440 0.656192 0.683705 0.704063 0.716567 0.720785 0.716567 0.704063 0.683705 0.656192 0.622440 0.583540 0.540694 0.495156 0.448172 0.400923 0.354482 0.309776 0.267561 0.228415 0.192733 0.160740 0.132504 0.107963 0.086950 0.069217 0.054465 0.042363 0.032570 0.024753 0.018596 0.013810 0.010139 0.007358 0.005279 0.003744 0.002625 0.001820 0.001247 0.000845 0.000566 0.000375 0.000245 0.000159 0.000102 0.000064 0.000040 0.000025 0.000015 0.000009 0.000006 0.000003 0.000002 0.000002 0.000002 
0.000001 0.000001 0.000002 0.000003 0.000005 0.000008 0.000013 0.000022 0.000036 0.000058 0.000092 0.000145 0.000227 0.000351 0.000535 0.000808 0.001206 0.001780 0.002596 0.003744 0.005338 0.007524 0.010485 0.014444 0.019670 0.026481 0.035240 0.046359 0.060285 0.077491 0.098461 0.123662 0.153521 0.188387 0.228496 0.273936 0.324607 0.380190 0.440123 0.503587 0.569506 0.636565 0.703243 0.767864 0.828661 0.883856 0.931743 0.970779 0.999660 1.017400 1.023384 1.017400 0.999660 0.970779 0.931743 0.883856 0.828661 0.767864 0.703243 0.636565 0.569506 0.503587 0.440123 0.380190 0.324607 0.273936 0.228496 0.188387 0.153521 0.123662 0.098461 0.077491 0.060285 0.046359 0.035240 0.026481 0.019670 0.014444 0.010485 0.007524 0.005338 0.003744 0.002596 0.001780 0.001206 0.000808 0.000535 0.000351 0.000227 0.000145 0.000092 0.000058 0.000036 0.000022 0.000013 0.000008 0.000005 0.000003 0.000002 0.000002 
0.000002 0.000002 0.000003 0.000004 0.000007 0.000011 0.000019 0.000031 0.000051 0.000082 0.000130 0.000206 0.000321 0.000495 0.000756 0.001141 0.001702 0.002511 0.003661 0.005279 0.007524 0.010603 0.014772 0.020344 0.027699 0.037280 0.049601 0.065237 0.084816 0.109003 0.138475 0.173887 0.215836 0.264812 0.321145 0.384956 0.456102 0.534136 0.618267 0.707344 0.799858 0.893964 0.987528 1.078198 1.163498 1.240933 1.308113 1.362873 1.403387 1.428273 1.436666 1.428273 1.403387 1.362873 1.308113 1.240933 1.163498 1.078198 0.987528 0.893964 0.799858 0.707344 0.618267 0.534136 0.456102 0.384956 0.321145 0.264812 0.215836 0.173887 0.138475 0.109003 0.084816 0.065237 0.049601 0.037280 0.027699 0.020344 0.014772 0.010603 0.007524 0.005279 0.003661 0.002511 0.001702 0.001141 0.000756 0.000495 0.000321 0.000206 0.000130 0.000082 0.000051 0.000031 0.000019 0.000011 0.000007 0.000005 0.000004 0.000004 
0.000003 0.000003 0.000004 0.000006 0.000009 0.000016 0.000026 0.000043 0.000071 0.000114 0.000182 0.000287 0.000448 0.000692 0.001055 0.001592 0.002374 0.003501 0.005105 0.007358 0.010485 0.014772 0.020574 0.028329 0.038560 0.051887 0.069021 0.090760 0.117976 0.151591 0.192543 0.241741 0.300011 0.368031 0.446256 0.534854 0.633624 0.741941 0.858708 0.982328 1.110705 1.241280 1.371092 1.496880 1.615210 1.722625 1.815810 1.891765 1.947959 1.982475 1.994116 1.982475 1.947959 1.891765 1.815810 1.722625 1.615210 1.496880 1.371092 1.241280 1.110705 0.982328 0.858708 0.741941 0.633624 0.534854 0.446256 0.368031 0.300011 0.241741 0.192543 0.151591 0.117976 0.090760 0.069021 0.051887 0.038560 0.028329 0.020574 0.014772 0.010485 0.007358 0.005105 0.003501 0.002374 0.001592 0.001055 0.000692 0.000448 0.000287 0.000182 0.000114 0.000071 0.000043 0.000026 0.000016 0.000010 0.000006 0.000005 0.000005 
0.000004 0.000004 0.000005 0.000008 0.000013 0.000022 0.000036 0.000060 0.000098 0.000158 0.000251 0.000397 0.000619 0.000955 0.001456 0.002196 0.003274 0.004827 0.007036 0.010139 0.014444 0.020344 0.028329 0.038997 0.053070 0.071396 0.094953 0.124834 0.162237 0.208425 0.264685 0.332262 0.412287 0.505686 0.613086 0.734708 0.870277 1.018934 1.179169 1.348791 1.524924 1.704057 1.882130 2.054671 2.216972 2.364295 2.492097 2.596263 2.673327 2.720661 2.736625 2.720661 2.673327 2.596263 2.492097 2.364295 2.216972 2.054671 1.882130 1.704057 1.524924 1.348791 1.179169 1.018934 0.870277 0.734708 0.613086 0.505686 0.412287 0.332262 0.264685 0.208425 0.162237 0.124834 0.094953 0.071396 0.053070 0.038997 0.028329 0.020344 0.014444 0.010139 0.007036 0.004827 0.003274 0.002196 0.001456 0.000955 0.000619 0.000397 0.000252 0.000158 0.000098 0.000060 0.000037 0.000022 0.000014 0.000009 0.000007 0.000007 
0.000005 0.000005 0.000007 0.000011 0.000018 0.000030 0.000050 0.000082 0.000134 0.000215 0.000343 0.000542 0.000845 0.001303 0.001986 0.002995 0.004464 0.006579 0.009586 0.013810 0.019670 0.027699 0.038560 0.053070 0.072206 0.097121 0.129139 0.169746 0.220565 0.283309 0.359722 0.451491 0.560148 0.686946 0.832730 0.997798 1.181774 1.383486 1.600886 1.830998 2.069923 2.312897 2.554416 2.788417 3.008518 3.208296 3.381595 3.522840 3.627333 3.691513 3.713158 3.691513 3.627333 3.522840 3.381595 3.208296 3.008518 2.788417 2.554416 2.312897 2.069923 1.830998 1.600886 1.383486 1.181774 0.997798 0.832730 0.686946 0.560148 0.451491 0.359722 0.283309 0.220565 0.169746 0.129139 0.097121 0.072206 0.053070 0.038560 0.027699 0.019670 0.013810 0.009586 0.006579 0.004464 0.002995 0.001986 0.001303 0.000845 0.000542 0.000343 0.000215 0.000134 0.000082 0.000050 0.000030 0.000019 0.000012 0.000009 0.000009 
0.000007 0.000007 0.000010 0.000015 0.000024 0.000040 0.000067 0.000111 0.000180 0.000291 0.000464 0.000731 0.001140 0.001757 0.002678 0.004036 0.006015 0.008863 0.012911 0.018596 0.026481 0.037280 0.051887 0.071396 0.097121 0.130606 0.173630 0.228186 0.296448 0.380715 0.483321 0.606529 0.752388 0.922576 1.118220 1.339716 1.586554 1.857158 2.148780 2.457424 2.777861 3.103702 3.427569 3.741335 4.036446 4.304296 4.536636 4.725995 4.866080 4.952119 4.981136 4.952119 4.866080 4.725995 4.536636 4.304296 4.036446 3.741335 3.427569 3.103702 2.777861 2.457424 2.148780 1.857158 1.586554 1.339716 1.118220 0.922576 0.752388 0.606529 0.483321 0.380715 0.296448 0.228186 0.173630 0.130606 0.097121 0.071396 0.051887 0.037280 0.026481 0.018596 0.012911 0.008863 0.006015 0.004036 0.002678 0.001757 0.001140 0.000731 0.000464 0.000291 0.000180 0.000111 0.000068 0.000041 0.000025 0.000017 0.000013 0.000013 
0.000010 0.000010 0.000013 0.000020 0.000032 0.000054 0.000090 0.000148 0.000241 0.000388 0.000619 0.000975 0.001520 0.002342 0.003569 0.005378 0.008013 0.011803 0.017190 0.024753 0.035240 0.049601 0.069021 0.094953 0.129139 0.173630 0.230784 0.303244 0.393894 0.505777 0.641990 0.805527 0.999103 1.224934 1.484512 1.778354 2.105777 2.464690 2.851439 3.260728 3.685618 4.117642 4.547019 4.962979 5.354188 5.709242 6.017213 6.268206 6.453881 6.567920 6.606380 6.567920 6.453881 6.268206 6.017213 5.709242 5.354188 4.962979 4.547019 4.117642 3.685618 3.260728 2.851439 2.464690 2.105777 1.778354 1.484512 1.224934 0.999103 0.805527 0.641990 0.505777 0.393894 0.303244 0.230784 0.173630 0.129139 0.094953 0.069021 0.049601 0.035240 0.024753 0.017190 0.011803 0.008013 0.005378 0.003569 0.002342 0.001520 0.000975 0.000619 0.000388 0.000241 0.000148 0.000090 0.000055 0.000034 0.000022 0.000017 0.000017 
0.000013 0.000013 0.000017 0.000026 0.000043 0.000071 0.000119 0.000195 0.000318 0.000512 0.000816 0.001286 0.002003 0.003086 0.004702 0.007083 0.010550 0.015538 0.022624 0.032570 0.046359 0.065237 0.090760 0.124834 0.169746 0.228186 0.303244 0.398387 0.517394 0.664254 0.843021 1.057619 1.311598 1.607860 1.948350 2.333742 2.763129 3.233765 3.740855 4.277450 4.834455 5.400772 5.963581 6.508773 7.021497 7.486816 7.890416 8.219334 8.462651 8.612090 8.662489 8.612090 8.462651 8.219334 7.890416 7.486816 7.021497 6.508773 5.963581 5.400772 4.834455 4.277450 3.740855 3.233765 2.763129 2.333742 1.948350 1.607860 1.311598 1.057619 0.843021 0.664254 0.517394 0.398387 0.303244 0.228186 0.169746 0.124834 0.090760 0.065237 0.046359 0.032570 0.022624 0.015538 0.010550 0.007083 0.004702 0.003086 0.002003 0.001286 0.000816 0.000512 0.000318 0.000195 0.000119 0.000072 0.000045 0.000029 0.000023 0.000023 
0.000017 0.000017 0.000022 0.000034 0.000056 0.000093 0.000155 0.000254 0.000414 0.000668 0.001063 0.001675 0.002610 0.004020 0.006123 0.009221 0.013732 0.020218 0.029433 0.042363 0.060285 0.084816 0.117976 0.162237 0.220565 0.296448 0.393894 0.517394 0.671845 0.862417 1.094360 1.372751 1.702188 2.086423 2.527967 3.027683 3.584388 4.194512 4.851835 5.547346 6.269258 7.003186 7.732523 8.438991 9.103354 9.706266 10.229191 10.655342 10.970581 11.164191 11.229485 11.164191 10.970581 10.655342 10.229191 9.706266 9.103354 8.438991 7.732523 7.003186 6.269258 5.547346 4.851835 4.194512 3.584388 3.027683 2.527967 2.086423 1.702188 1.372751 1.094360 0.862417 0.671845 0.517394 0.393894 0.296448 0.220565 0.162237 0.117976 0.084816 0.060285 0.042363 0.029433 0.020218 0.013732 0.009221 0.006123 0.004020 0.002610 0.001675 0.001063 0.000668 0.000415 0.000255 0.000155 0.000095 0.000058 0.000038 0.000030 0.000030 
0.000022 0.000022 0.000029 0.000044 0.000072 0.000120 0.000200 0.000328 0.000534 0.000860 0.001370 0.002158 0.003361 0.005175 0.007881 0.011866 0.017666 0.026005 0.037849 0.054465 0.077491 0.109003 0.151591 0.208425 0.283309 0.380715 0.505777 0.664254 0.862417 1.106888 1.404389 1.761420 2.183863 2.676514 3.242582 3.883159 4.596719 5.378676 6.221051 7.112296 8.037301 8.977642 9.912044 10.817099 11.668174 12.440497 13.110335 13.656197 14.059982 14.307970 14.391603 14.307970 14.059982 13.656197 13.110335 12.440497 11.668174 10.817099 9.912044 8.977642 8.037301 7.112296 6.221051 5.378676 4.596719 3.883159 3.242582 2.676514 2.183863 1.761420 1.404389 1.106888 0.862417 0.664254 0.505777 0.380715 0.283309 0.208425 0.151591 0.109003 0.077491 0.054465 0.037849 0.026005 0.017666 0.011866 0.007881 0.005175 0.003361 0.002158 0.001370 0.000860 0.000534 0.000329 0.000200 0.000122 0.000075 0.000050 0.000038 0.000038 
0.000028 0.000028 0.000037 0.000056 0.000092 0.000153 0.000254 0.000418 0.000681 0.001096 0.001745 0.002747 0.004277 0.006585 0.010026 0.015092 0.022465 0.033062 0.048110 0.069217 0.098461 0.138475 0.192543 0.264685 0.359722 0.483321 0.641990 0.843021 1.094360 1.404389 1.781618 2.234275 2.769798 3.394253 4.111688 4.923474 5.827663 6.818434 7.885670 9.014733 10.186485 11.377586 12.561098 13.707381 14.785248 15.763340 16.611615 17.302871 17.814197 18.128228 18.234133 18.128228 17.814197 17.302871 16.611615 15.763340 14.785248 13.707381 12.561098 11.377586 10.186485 9.014733 7.885670 6.818434 5.827663 4.923474 4.111688 3.394253 2.769798 2.234275 1.781618 1.404389 1.094360 0.843021 0.641990 0.483321 0.359722 0.264685 0.192543 0.138475 0.098461 0.069217 0.048110 0.033062 0.022465 0.015092 0.010026 0.006585 0.004277 0.002747 0.001745 0.001096 0.000681 0.000419 0.000256 0.000156 0.000096 0.000063 0.000049 0.000049 
0.000035 0.000035 0.000046 0.000071 0.000116 0.000193 0.000320 0.000527 0.000857 0.001379 0.002196 0.003457 0.005381 0.008283 0.012607 0.018974 0.028236 0.041547 0.060446 0.086950 0.123662 0.173887 0.241741 0.332262 0.451491 0.606529 0.805527 1.057619 1.372751 1.761420 2.234275 2.801609 3.472727 4.255208 5.154108 6.171126 7.303805 8.544840 9.881550 11.295596 12.763007 14.254561 15.736531 17.171812 18.521373 19.745965 20.807990 21.673409 22.313553 22.706694 22.839276 22.706694 22.313553 21.673409 20.807990 19.745965 18.521373 17.171812 15.736531 14.254561 12.763007 11.295596 9.881550 8.544840 7.303805 6.171126 5.154108 4.255208 3.472727 2.801609 2.234275 1.761420 1.372751 1.057619 0.805527 0.606529 0.451491 0.332262 0.241741 0.173887 0.123662 0.086950 0.060446 0.041547 0.028236 0.018974 0.012607 0.008283 0.005381 0.003457 0.002196 0.001380 0.000857 0.000528 0.000322 0.000196 0.000121 0.000080 0.000061 0.000061 
0.000044 0.000044 0.000058 0.000089 0.000145 0.000241 0.000399 0.000656 0.001067 0.001716 0.002731 0.004299 0.006690 0.010296 0.015668 0.023577 0.035079 0.051607 0.075067 0.107963 0.153521 0.215836 0.300011 0.412287 0.560148 0.752388 0.999103 1.311598 1.702188 2.183863 2.769798 3.472727 4.304153 5.273444 6.386840 7.646422 9.049132 10.585907 12.241033 13.991796 15.808519 17.655024 19.489570 21.266239 22.936730 24.452482 25.766978 26.838106 27.630396 28.116971 28.281062 28.116971 27.630396 26.838106 25.766978 24.452482 22.936730 21.266239 19.489570 17.655024 15.808519 13.991796 12.241033 10.585907 9.049132 7.646422 6.386840 5.273444 4.304153 3.472727 2.769798 2.183863 1.702188 1.311598 0.999103 0.752388 0.560148 0.412287 0.300011 0.215836 0.153521 0.107963 0.075067 0.051607 0.035079 0.023577 0.015668 0.010296 0.006690 0.004299 0.002732 0.001717 0.001067 0.000657 0.000401 0.000244 0.000151 0.000099 0.000077 0.000077 
0.000054 0.000054 0.000071 0.000109 0.000178 0.000296 0.000491 0.000807 0.001312 0.002110 0.003358 0.005284 0.008222 0.012650 0.019247 0.028957 0.043075 0.063359 0.092146 0.132504 0.188387 0.264812 0.368031 0.505686 0.686946 0.922576 1.224934 1.607860 2.086423 2.676514 3.394253 4.255208 5.273444 6.460407 7.823709 9.365877 11.083142 12.964394 14.990383 17.133300 19.356817 21.616663 23.861763 26.035939 28.080104 29.934855 31.543295 32.853918 33.823341 34.418694 34.619468 34.418694 33.823341 32.853918 31.543295 29.934855 28.080104 26.035939 23.861763 21.616663 19.356817 17.133300 14.990383 12.964394 11.083142 9.365877 7.823709 6.460407 5.273444 4.255208 3.394253 2.676514 2.086423 1.607860 1.224934 0.922576 0.686946 0.505686 0.368031 0.264812 0.188387 0.132504 0.092146 0.063359 0.043075 0.028957 0.019247 0.012650 0.008222 0.005284 0.003358 0.002111 0.001313 0.000808 0.000493 0.000301 0.000186 0.000123 0.000094 0.000094 
0.000066 0.000066 0.000086 0.000133 0.000217 0.000360 0.000597 0.000981 0.001595 0.002565 0.004080 0.006419 0.009986 0.015362 0.023369 0.035151 0.052281 0.076886 0.111800 0.160740 0.228496 0.321145 0.446256 0.613086 0.832730 1.118220 1.484512 1.948350 2.527967 3.242582 4.111688 5.154108 6.386840 7.823709 9.473902 11.340447 13.418761 15.695376 18.146983 20.739922 23.430236 26.164366 28.880530 31.510781 33.983661 36.227332 38.172993 39.758365 40.930993 41.651133 41.893989 41.651133 40.930993 39.758365 38.172993 36.227332 33.983661 31.510781 28.880530 26.164366 23.430236 20.739922 18.146983 15.695376 13.418761 11.340447 9.473902 7.823709 6.386840 5.154108 4.111688 3.242582 2.527967 1.948350 1.484512 1.118220 0.832730 0.613086 0.446256 0.321145 0.228496 0.160740 0.111800 0.076886 0.052281 0.035151 0.023369 0.015362 0.009986 0.006419 0.004080 0.002565 0.001595 0.000982 0.000600 0.000366 0.000226 0.000149 0.000115 0.000115 
0.000079 0.000079 0.000104 0.000160 0.000261 0.000433 0.000718 0.001178 0.001916 0.003081 0.004900 0.007707 0.011987 0.018437 0.028042 0.042173 0.062716 0.092217 0.134073 0.192733 0.273936 0.384956 0.534854 0.734708 0.997798 1.339716 1.778354 2.333742 3.027683 3.883159 4.923474 6.171126 7.646422 9.365877 11.340447 13.573727 16.060204 18.783744 21.716444 24.818033 28.035929 31.306075 34.554592 37.700236 40.657573 43.340720 45.667429 47.563251 48.965485 49.826624 50.117027 49.826624 48.965485 47.563251 45.667429 43.340720 40.657573 37.700236 34.554592 31.306075 28.035929 24.818033 21.716444 18.783744 16.060204 13.573727 11.340447 9.365877 7.646422 6.171126 4.923474 3.883159 3.027683 2.333742 1.778354 1.339716 0.997798 0.734708 0.534854 0.384956 0.273936 0.192733 0.134073 0.092217 0.062716 0.042173 0.028042 0.018438 0.011987 0.007707 0.004900 0.003081 0.001917 0.001180 0.000721 0.000440 0.000272 0.000179 0.000138 0.000138 
0.000094 0.000094 0.000123 0.000190 0.000310 0.000515 0.000852 0.001399 0.002274 0.003657 0.005815 0.009145 0.014222 0.021871 0.033259 0.050011 0.074359 0.109321 0.158917 0.228415 0.324607 0.456102 0.633624 0.870277 1.181774 1.586554 2.105777 2.763129 3.584388 4.596719 5.827663 7.303805 9.049132 11.083142 13.418761 16.060204 19.000922 22.221807 25.689844 29.357401 33.162299 37.028805 40.869583 44.588597 48.084870 51.256901 54.007486 56.248646 57.906284 58.924262 59.267556 58.924262 57.906284 56.248646 54.007486 51.256901 48.084870 44.588597 40.869583 37.028805 33.162299 29.357401 25.689844 22.221807 19.000922 16.060204 13.418761 11.083142 9.049132 7.303805 5.827663 4.596719 3.584388 2.763129 2.105777 1.586554 1.181774 0.870277 0.633624 0.456102 0.324607 0.228415 0.158917 0.109321 0.074359 0.050011 0.033259 0.021871 0.014222 0.009145 0.005815 0.003657 0.002276 0.001402 0.000856 0.000522 0.000324 0.000213 0.000164 0.000164 
0.000111 0.000111 0.000145 0.000223 0.000364 0.000604 0.001000 0.001642 0.002668 0.004290 0.006821 0.010725 0.016676 0.025641 0.038985 0.058614 0.087138 0.128091 0.186177 0.267561 0.380190 0.534136 0.741941 1.018934 1.383486 1.857158 2.464690 3.233765 4.194512 5.378676 6.818434 8.544840 10.585907 12.964394 15.695376 18.783744 22.221807 25.987198 30.041304 34.328430 38.775895 43.295182 47.784227 52.130811 56.216948 59.924044 63.138538 65.757643 67.694799 68.884421 69.285597 68.884421 67.694799 65.757643 63.138538 59.924044 56.216948 52.130811 47.784227 43.295182 38.775895 34.328430 30.041304 25.987198 22.221807 18.783744 15.695376 12.964394 10.585907 8.544840 6.818434 5.378676 4.194512 3.233765 2.464690 1.857158 1.383486 1.018934 0.741941 0.534136 0.380190 0.267561 0.186177 0.128091 0.087138 0.058614 0.038986 0.025641 0.016676 0.010725 0.006821 0.004291 0.002670 0.001645 0.001005 0.000613 0.000380 0.000250 0.000193 0.000193 
0.000128 0.000128 0.000168 0.000259 0.000423 0.000701 0.001160 0.001904 0.003094 0.004974 0.007906 0.012430 0.019325 0.029709 0.045165 0.067896 0.100924 0.148337 0.215577 0.309776 0.440123 0.618267 0.858708 1.179169 1.600886 2.148780 2.851439 3.740855 4.851835 6.221051 7.885670 9.881550 12.241033 14.990383 18.146983 21.716444 25.689844 30.041304 34.726179 39.680100 44.819077 50.040841 55.227480 60.249364 64.970208 69.253034 72.966683 75.992442 78.230343 79.604645 80.068098 79.604645 78.230343 75.992442 72.966683 69.253034 64.970208 60.249364 55.227480 50.040841 44.819077 39.680100 34.726179 30.041304 25.689844 21.716444 18.146983 14.990383 12.241033 9.881550 7.885670 6.221051 4.851835 3.740855 2.851439 2.148780 1.600886 1.179169 0.858708 0.618267 0.440123 0.309776 0.215577 0.148337 0.100924 0.067896 0.045165 0.029709 0.019325 0.012430 0.007907 0.004974 0.003096 0.001908 0.001166 0.000711 0.000441 0.000291 0.000224 0.000224 
0.000147 0.000147 0.000193 0.000297 0.000485 0.000804 0.001330 0.002183 0.003546 0.005699 0.009058 0.014238 0.022132 0.034021 0.051714 0.077731 0.115529 0.169783 0.246717 0.354482 0.503587 0.707344 0.982328 1.348791 1.830998 2.457424 3.260728 4.277450 5.547346 7.112296 9.014733 11.295596 13.991796 17.133300 20.739922 24.818033 29.357401 34.328430 39.680100 45.338864 51.208784 57.173053 63.097012 68.832631 74.224289 79.115584 83.356761 86.812283 89.368017 90.937490 91.466759 90.937490 89.368017 86.812283 83.356761 79.115584 74.224289 68.832631 63.097012 57.173053 51.208784 45.338864 39.680100 34.328430 29.357401 24.818033 20.739922 17.133300 13.991796 11.295596 9.014733 7.112296 5.547346 4.277450 3.260728 2.457424 1.830998 1.348791 0.982328 0.707344 0.503587 0.354482 0.246717 0.169783 0.115529 0.077731 0.051714 0.034022 0.022133 0.014238 0.009058 0.005700 0.003548 0.002186 0.001336 0.000816 0.000506 0.000333 0.000257 0.000257 
0.000167 0.000167 0.000219 0.000336 0.000549 0.000911 0.001507 0.002472 0.004016 0.006453 0.010255 0.016118 0.025051 0.038504 0.058521 0.087952 0.130705 0.192066 0.279067 0.400923 0.569506 0.799858 1.110705 1.524924 2.069923 2.777861 3.685618 4.834455 6.269258 8.037301 10.186485 12.763007 15.808519 19.356817 23.430236 28.035929 33.162299 38.775895 44.819077 51.208784 57.836685 64.570897 71.259399 77.735084 83.822288 89.344472 94.132606 98.033714 100.918978 102.690804 103.288309 102.690804 100.918978 98.033714 94.132606 89.344472 83.822288 77.735084 71.259399 64.570897 57.836685 51.208784 44.819077 38.775895 33.162299 28.035929 23.430236 19.356817 15.808519 12.763007 10.186485 8.037301 6.269258 4.834455 3.685618 2.777861 2.069923 1.524924 1.110705 0.799858 0.569506 0.400923 0.279067 0.192066 0.130705 0.087952 0.058521 0.038504 0.025052 0.016118 0.010256 0.006454 0.004018 0.002476 0.001514 0.000924 0.000573 0.000378 0.000291 0.000291 
0.000187 0.000187 0.000245 0.000376 0.000615 0.001020 0.001687 0.002767 0.004494 0.007221 0.011474 0.018032 0.028024 0.043067 0.065450 0.098355 0.146150 0.214741 0.311984 0.448172 0.636565 0.893964 1.241280 1.704057 2.312897 3.103702 4.117642 5.400772 7.003186 8.977642 11.377586 14.254561 17.655024 21.616663 26.164366 31.306075 37.028805 43.295182 50.040841 57.173053 64.570897 72.087180 79.552246 86.779616 93.573269 99.736220 105.079866 109.433523 112.653464 114.630802 115.297609 114.630802 112.653464 109.433523 105.079866 99.736220 93.573269 86.779616 79.552246 72.087180 64.570897 57.173053 50.040841 43.295182 37.028805 31.306075 26.164366 21.616663 17.655024 14.254561 11.377586 8.977642 7.003186 5.400772 4.117642 3.103702 2.312897 1.704057 1.241280 0.893964 0.636565 0.448172 0.311984 0.214741 0.146150 0.098355 0.065450 0.043067 0.028024 0.018032 0.011475 0.007222 0.004497 0.002772 0.001695 0.001034 0.000641 0.000423 0.000326 0.000326 
0.000207 0.000207 0.000271 0.000417 0.000680 0.001128 0.001866 0.003061 0.004970 0.007985 0.012688 0.019937 0.030981 0.047608 0.072343 0.108703 0.161513 0.237293 0.344720 0.495156 0.703243 0.987528 1.371092 1.882130 2.554416 3.427569 4.547019 5.963581 7.732523 9.912044 12.561098 15.736531 19.489570 23.861763 28.880530 34.554592 40.869583 47.784227 55.227480 63.097012 71.259399 79.552246 87.788389 95.762113 103.257195 110.056346 115.951539 120.754509 124.306732 126.488109 127.223722 126.488109 124.306732 120.754509 115.951539 110.056346 103.257195 95.762113 87.788389 79.552246 71.259399 63.097012 55.227480 47.784227 40.869583 34.554592 28.880530 23.861763 19.489570 15.736531 12.561098 9.912044 7.732523 5.963581 4.547019 3.427569 2.554416 1.882130 1.371092 0.987528 0.703243 0.495156 0.344720 0.237293 0.161513 0.108703 0.072343 0.047608 0.030981 0.019937 0.012688 0.007987 0.004973 0.003066 0.001875 0.001145 0.000710 0.000468 0.000361 0.000361 
