0.000000 0.000000 0.000000 0.000000 0.000000 0.000000 0.000000 0.000000 0.000000 0.000000 0.000001 0.000001 0.000001 0.000002 0.000003 0.000004 0.000006 0.000008 0.000011 0.000015 0.000021 0.000028 0.000037 0.000049 0.000064 0.000083 0.000106 0.000134 0.000168 0.000209 0.000257 0.000313 0.000377 0.000450 0.000531 0.000622 0.000720 0.000825 0.000936 0.001052 0.001170 0.001288 0.001403 0.001514 0.001617 0.001710 0.001789 0.001854 0.001901 0.001931 0.001940 0.001931 0.001901 0.001854 0.001789 0.001710 0.001617 0.001514 0.001403 0.001288 0.001170 0.001052 0.000936 0.000825 0.000720 0.000622 0.000531 0.000450 0.000377 0.000313 0.000257 0.000209 0.000168 0.000134 0.000106 0.000083 0.000064 0.000049 0.000037 0.000028 0.000021 0.000015 0.000011 0.000008 0.000006 0.000004 0.000003 0.000002 0.000001 0.000001 0.000001 0.000000 0.000000 0.000000 0.000000 0.000000 0.000000 0.000000 0.000000 0.000000 
0.000000 0.000000 0.000000 0.000000 0.000000 0.000000 0.000000 0.000000 0.000000 0.000000 0.000001 0.000001 0.000001 0.000002 0.000003 0.000004 0.000006 0.000008 0.000011 0.000015 0.000021 0.000028 0.000037 0.000049 0.000064 0.000083 0.000106 0.000134 0.000168 0.000209 0.000257 0.000313 0.000377 0.000450 0.000531 0.000622 0.000720 0.000825 0.000936 0.001052 0.001170 0.001288 0.001403 0.001514 0.001617 0.001710 0.001789 0.001854 0.001901 0.001931 0.001940 0.001931 0.001901 0.001854 0.001789 0.001710 0.001617 0.001514 0.001403 0.001288 0.001170 0.001052 0.000936 0.000825 0.000720 0.000622 0.000531 0.000450 0.000377 0.000313 0.000257 0.000209 0.000168 0.000134 0.000106 0.000083 0.000064 0.000049 0.000037 0.000028 0.000021 0.000015 0.000011 0.000008 0.000006 0.000004 0.000003 0.000002 0.000001 0.000001 0.000001 0.000000 0.000000 0.000000 0.000000 0.000000 0.000000 0.000000 0.000000 0.000000 
0.000000 0.000000 0.000000 0.000000 0.000000 0.000000 0.000000 0.000000 0.000000 0.000001 0.000001 0.000001 0.000002 0.000002 0.000003 0.000005 0.000007 0.000010 0.000014 0.000019 0.000025 0.000034 0.000046 0.000060 0.000078 0.000101 0.000130 0.000164 0.000206 0.000256 0.000315 0.000384 0.000462 0.000552 0.000652 0.000762 0.000883 0.001012 0.001148 0.001290 0.001434 0.001579 0.001720 0.001856 0.001982 0.002095 0.002193 0.002272 0.002330 0.002366 0.002378 0.002366 0.002330 0.002272 0.002193 0.002095 0.001982 0.001856 0.001720 0.001579 0.001434 0.001290 0.001148 0.001012 0.000883 0.000762 0.000652 0.000552 0.000462 0.000384 0.000315 0.000256 0.000206 0.000164 0.000130 0.000101 0.000078 0.000060 0.000046 0.000034 0.000025 0.000019 0.000014 0.000010 0.000007 0.000005 0.000003 0.000002 0.000002 0.000001 0.000001 0.000001 0.000000 0.000000 0.000000 0.000000 0.000000 0.000000 0.000000 0.000000 
0.000000 0.000000 0.000000 0.000000 0.000000 0.000000 0.000000 0.000000 0.000000 0.000001 0.000001 0.000002 0.000002 0.000003 0.000005 0.000007 0.000010 0.000014 0.000019 0.000026 0.000036 0.000048 0.000064 0.000084 0.000110 0.000143 0.000182 0.000231 0.000290 0.000360 0.000443 0.000539 0.000649 0.000775 0.000915 0.001070 0.001239 0.001420 0.001611 0.001809 0.002011 0.002214 0.002412 0.002602 0.002779 0.002938 0.003074 0.003185 0.003267 0.003316 0.003333 0.003316 0.003267 0.003185 0.003074 0.002938 0.002779 0.002602 0.002412 0.002214 0.002011 0.001809 0.001611 0.001420 0.001239 0.001070 0.000915 0.000775 0.000649 0.000539 0.000443 0.000360 0.000290 0.000231 0.000182 0.000143 0.000110 0.000084 0.000064 0.000048 0.000036 0.000026 0.000019 0.000014 0.000010 0.000007 0.000005 0.000003 0.000002 0.000002 0.000001 0.000001 0.000000 0.000000 0.000000 0.000000 0.000000 0.000000 0.000000 0.000000 
0.000000 0.000000 0.000000 0.000000 0.000000 0.000000 0.000000 0.000000 0.000001 0.000001 0.000002 0.000002 0.000004 0.000005 0.000007 0.000011 0.000015 0.000021 0.000029 0.000040 0.000054 0.000072 0.000096 0.000127 0.000165 0.000214 0.000273 0.000346 0.000434 0.000539 0.000663 0.000807 0.000972 0.001159 0.001369 0.001601 0.001853 0.002123 0.002408 0.002704 0.003006 0.003309 0.003605 0.003889 0.004152 0.004389 0.004593 0.004759 0.004880 0.004955 0.004980 0.004955 0.004880 0.004759 0.004593 0.004389 0.004152 0.003889 0.003605 0.003309 0.003006 0.002704 0.002408 0.002123 0.001853 0.001601 0.001369 0.001159 0.000972 0.000807 0.000663 0.000539 0.000434 0.000346 0.000273 0.000214 0.000165 0.000127 0.000096 0.000072 0.000054 0.000040 0.000029 0.000021 0.000015 0.000011 0.000007 0.000005 0.000004 0.000002 0.000002 0.000001 0.000001 0.000000 0.000000 0.000000 0.000000 0.000000 0.000000 0.000000 
0.000000 0.000000 0.000000 0.000000 0.000000 0.000000 0.000000 0.000001 0.000001 0.000002 0.000002 0.000004 0.000005 0.000008 0.000011 0.000016 0.000023 0.000032 0.000044 0.000061 0.000082 0.000111 0.000147 0.000194 0.000253 0.000327 0.000419 0.000530 0.000665 0.000825 0.001014 0.001234 0.001487 0.001773 0.002094 0.002447 0.002832 0.003245 0.003680 0.004133 0.004594 0.005056 0.005508 0.005941 0.006343 0.006705 0.007016 0.007268 0.007454 0.007568 0.007606 0.007568 0.007454 0.007268 0.007016 0.006705 0.006343 0.005941 0.005508 0.005056 0.004594 0.004133 0.003680 0.003245 0.002832 0.002447 0.002094 0.001773 0.001487 0.001234 0.001014 0.000825 0.000665 0.000530 0.000419 0.000327 0.000253 0.000194 0.000147 0.000111 0.000082 0.000061 0.000044 0.000032 0.000023 0.000016 0.000011 0.000008 0.000005 0.000004 0.000002 0.000002 0.000001 0.000001 0.000000 0.000000 0.000000 0.000000 0.000000 0.000000 
0.000000 0.000000 0.000000 0.000000 0.000000 0.000000 0.000001 0.000001 0.000002 0.000003 0.000004 0.000006 0.000008 0.000012 0.000017 0.000025 0.000035 0.000049 0.000068 0.000093 0.000127 0.000170 0.000227 0.000299 0.000389 0.000503 0.000643 0.000814 0.001021 0.001267 0.001557 0.001894 0.002281 0.002720 0.003212 0.003754 0.004343 0.004975 0.005643 0.006335 0.007042 0.007749 0.008442 0.009104 0.009721 0.010275 0.010751 0.011137 0.011421 0.011595 0.011654 0.011595 0.011421 0.011137 0.010751 0.010275 0.009721 0.009104 0.008442 0.007749 0.007042 0.006335 0.005643 0.004975 0.004343 0.003754 0.003212 0.002720 0.002281 0.001894 0.001557 0.001267 0.001021 0.000814 0.000643 0.000503 0.000389 0.000299 0.000227 0.000170 0.000127 0.000093 0.000068 0.000049 0.000035 0.000025 0.000017 0.000012 0.000008 0.000006 0.000004 0.000003 0.000002 0.000001 0.000001 0.000000 0.000000 0.000000 0.000000 0.000000 
0.000000 0.000000 0.000000 0.000000 0.000000 0.000001 0.000001 0.000002 0.000003 0.000004 0.000006 0.000009 0.000013 0.000019 0.000027 0.000038 0.000054 0.000075 0.000104 0.000143 0.000194 0.000261 0.000347 0.000457 0.000596 0.000769 0.000983 0.001245 0.001560 0.001936 0.002379 0.002893 0.003484 0.004154 0.004903 0.005730 0.006630 0.007594 0.008611 0.009667 0.010745 0.011823 0.012879 0.013889 0.014828 0.015672 0.016398 0.016986 0.017419 0.017685 0.017774 0.017685 0.017419 0.016986 0.016398 0.015672 0.014828 0.013889 0.012879 0.011823 0.010745 0.009667 0.008611 0.007594 0.006630 0.005730 0.004903 0.004154 0.003484 0.002893 0.002379 0.001936 0.001560 0.001245 0.000983 0.000769 0.000596 0.000457 0.000347 0.000261 0.000194 0.000143 0.000104 0.000075 0.000054 0.000038 0.000027 0.000019 0.000013 0.000009 0.000006 0.000004 0.000003 0.000002 0.000001 0.000001 0.000000 0.000000 0.000000 0.000000 
0.000000 0.000000 0.000000 0.000000 0.000001 0.000001 0.000002 0.000003 0.000004 0.000006 0.000009 0.000013 0.000019 0.000028 0.000041 0.000058 0.000082 0.000115 0.000159 0.000217 0.000295 0.000396 0.000526 0.000693 0.000904 0.001167 0.001492 0.001888 0.002366 0.002936 0.003606 0.004385 0.005280 0.006295 0.007429 0.008681 0.010042 0.011501 0.013041 0.014639 0.016269 0.017900 0.019497 0.021024 0.022445 0.023722 0.024820 0.025710 0.026365 0.026766 0.026901 0.026766 0.026365 0.025710 0.024820 0.023722 0.022445 0.021024 0.019497 0.017900 0.016269 0.014639 0.013041 0.011501 0.010042 0.008681 0.007429 0.006295 0.005280 0.004385 0.003606 0.002936 0.002366 0.001888 0.001492 0.001167 0.000904 0.000693 0.000526 0.000396 0.000295 0.000217 0.000159 0.000115 0.000082 0.000058 0.000041 0.000028 0.000019 0.000013 0.000009 0.000006 0.000004 0.000003 0.000002 0.000001 0.000001 0.000001 0.000000 0.000000 
0.000000 0.000000 0.000001 0.000001 0.000001 0.000002 0.000003 0.000004 0.000006 0.000009 0.000014 0.000020 0.000029 0.000043 0.000061 0.000088 0.000124 0.000173 0.000239 0.000327 0.000444 0.000596 0.000792 0.001043 0.001360 0.001755 0.002243 0.002839 0.003556 0.004412 0.005418 0.006588 0.007932 0.009454 0.011156 0.013034 0.015077 0.017265 0.019575 0.021972 0.024416 0.026861 0.029256 0.031546 0.033676 0.035590 0.037237 0.038570 0.039552 0.040153 0.040355 0.040153 0.039552 0.038570 0.037237 0.035590 0.033676 0.031546 0.029256 0.026861 0.024416 0.021972 0.019575 0.017265 0.015077 0.013034 0.011156 0.009454 0.007932 0.006588 0.005418 0.004412 0.003556 0.002839 0.002243 0.001755 0.001360 0.001043 0.000792 0.000596 0.000444 0.000327 0.000239 0.000173 0.000124 0.000088 0.000061 0.000043 0.000029 0.000020 0.000014 0.000009 0.000006 0.000004 0.000003 0.000002 0.000001 0.000001 0.000001 0.000001 
0.000001 0.000001 0.000001 0.000001 0.000002 0.000002 0.000004 0.000006 0.000009 0.000014 0.000020 0.000030 0.000044 0.000064 0.000092 0.000131 0.000184 0.000258 0.000356 0.000488 0.000662 0.000888 0.001181 0.001555 0.002026 0.002615 0.003341 0.004228 0.005296 0.006568 0.008065 0.009806 0.011803 0.014067 0.016598 0.019389 0.022425 0.025678 0.029109 0.032671 0.036302 0.039935 0.043493 0.046895 0.050059 0.052902 0.055347 0.057328 0.058786 0.059678 0.059979 0.059678 0.058786 0.057328 0.055347 0.052902 0.050059 0.046895 0.043493 0.039935 0.036302 0.032671 0.029109 0.025678 0.022425 0.019389 0.016598 0.014067 0.011803 0.009806 0.008065 0.006568 0.005296 0.004228 0.003341 0.002615 0.002026 0.001555 0.001181 0.000888 0.000662 0.000488 0.000356 0.000258 0.000184 0.000131 0.000092 0.000064 0.000044 0.000030 0.000020 0.000014 0.000009 0.000006 0.000004 0.000003 0.000002 0.000001 0.000001 0.000001 
0.000001 0.000001 0.000001 0.000002 0.000002 0.000004 0.000006 0.000009 0.000013 0.000020 0.000030 0.000044 0.000065 0.000094 0.000136 0.000193 0.000273 0.000381 0.000527 0.000721 0.000977 0.001312 0.001744 0.002295 0.002991 0.003859 0.004930 0.006236 0.007811 0.009686 0.011892 0.014456 0.017398 0.020732 0.024459 0.028570 0.033039 0.037828 0.042879 0.048121 0.053465 0.058811 0.064047 0.069053 0.073707 0.077890 0.081489 0.084402 0.086547 0.087860 0.088302 0.087860 0.086547 0.084402 0.081489 0.077890 0.073707 0.069053 0.064047 0.058811 0.053465 0.048121 0.042879 0.037828 0.033039 0.028570 0.024459 0.020732 0.017398 0.014456 0.011892 0.009686 0.007811 0.006236 0.004930 0.003859 0.002991 0.002295 0.001744 0.001312 0.000977 0.000721 0.000527 0.000381 0.000273 0.000193 0.000136 0.000094 0.000065 0.000044 0.000030 0.000020 0.000013 0.000009 0.000006 0.000004 0.000003 0.000002 0.000001 0.000001 
0.000001 0.000001 0.000002 0.000002 0.000004 0.000005 0.000008 0.000013 0.000019 0.000029 0.000044 0.000065 0.000095 0.000138 0.000199 0.000283 0.000399 0.000558 0.000771 0.001055 0.001430 0.001919 0.002550 0.003356 0.004372 0.005640 0.007204 0.009111 0.011410 0.014146 0.017366 0.021107 0.025400 0.030264 0.035700 0.041695 0.048212 0.055194 0.062559 0.070201 0.077992 0.085784 0.093415 0.100711 0.107494 0.113590 0.118834 0.123079 0.126204 0.128118 0.128762 0.128118 0.126204 0.123079 0.118834 0.113590 0.107494 0.100711 0.093415 0.085784 0.077992 0.070201 0.062559 0.055194 0.048212 0.041695 0.035700 0.030264 0.025400 0.021107 0.017366 0.014146 0.011410 0.009111 0.007204 0.005640 0.004372 0.003356 0.002550 0.001919 0.001430 0.001055 0.000771 0.000558 0.000399 0.000283 0.000199 0.000138 0.000095 0.000065 0.000044 0.000029 0.000020 0.000013 0.000008 0.000006 0.000004 0.000003 0.000002 0.000002 
0.000002 0.000002 0.000002 0.000003 0.000005 0.000008 0.000012 0.000019 0.000028 0.000043 0.000064 0.000094 0.000138 0.000201 0.000289 0.000411 0.000579 0.000808 0.001117 0.001529 0.002072 0.002780 0.003693 0.004859 0.006329 0.008164 0.010426 0.013184 0.016507 0.020463 0.025117 0.030524 0.036727 0.043753 0.051607 0.060266 0.069680 0.079763 0.090398 0.101432 0.112680 0.123930 0.134946 0.145478 0.155268 0.164067 0.171635 0.177763 0.182273 0.185035 0.185964 0.185035 0.182273 0.177763 0.171635 0.164067 0.155268 0.145478 0.134946 0.123930 0.112680 0.101432 0.090398 0.079763 0.069680 0.060266 0.051607 0.043753 0.036727 0.030524 0.025117 0.020463 0.016507 0.013184 0.010426 0.008164 0.006329 0.004859 0.003693 0.002780 0.002072 0.001529 0.001117 0.000808 0.000579 0.000411 0.000289 0.000201 0.000138 0.000094 0.000064 0.000043 0.000028 0.000019 0.000012 0.000008 0.000005 0.000004 0.000003 0.000003 
0.000003 0.000003 0.000003 0.000005 0.000007 0.000011 0.000017 0.000027 0.000041 0.000061 0.000092 0.000136 0.000199 0.000289 0.000415 0.000590 0.000832 0.001161 0.001604 0.002194 0.002973 0.003988 0.005297 0.006968 0.009075 0.011703 0.014944 0.018894 0.023652 0.029316 0.035978 0.043717 0.052594 0.062648 0.073885 0.086273 0.099738 0.114161 0.129370 0.145150 0.161235 0.177320 0.193071 0.208127 0.222125 0.234702 0.245522 0.254281 0.260728 0.264675 0.266004 0.264675 0.260728 0.254281 0.245522 0.234702 0.222125 0.208127 0.193071 0.177320 0.161235 0.145150 0.129370 0.114161 0.099738 0.086273 0.073885 0.062648 0.052594 0.043717 0.035978 0.029316 0.023652 0.018894 0.014944 0.011703 0.009075 0.006968 0.005297 0.003988 0.002973 0.002194 0.001604 0.001161 0.000832 0.000590 0.000415 0.000289 0.000199 0.000136 0.000092 0.000062 0.000041 0.000027 0.000018 0.000012 0.000008 0.000006 0.000005 0.000005 
0.000004 0.000004 0.000005 0.000007 0.000011 0.000016 0.000025 0.000038 0.000058 0.000088 0.000131 0.000193 0.000283 0.000411 0.000590 0.000840 0.001183 0.001650 0.002280 0.003119 0.004224 0.005666 0.007525 0.009896 0.012886 0.016615 0.021212 0.026814 0.033562 0.041593 0.051038 0.062008 0.074591 0.088839 0.104762 0.122314 0.141390 0.161821 0.183365 0.205714 0.228494 0.251274 0.273577 0.294897 0.314716 0.332524 0.347842 0.360243 0.369371 0.374958 0.376840 0.374958 0.369371 0.360243 0.347842 0.332524 0.314716 0.294897 0.273577 0.251274 0.228494 0.205714 0.183365 0.161821 0.141390 0.122314 0.104762 0.088839 0.074591 0.062008 0.051038 0.041593 0.033562 0.026814 0.021212 0.016615 0.012886 0.009896 0.007525 0.005666 0.004224 0.003119 0.002280 0.001650 0.001183 0.000840 0.000590 0.000411 0.000283 0.000193 0.000131 0.000088 0.000058 0.000038 0.000025 0.000017 0.000011 0.000008 0.000007 0.000007 
0.000006 0.000006 0.000007 0.000010 0.000015 0.000023 0.000035 0.000054 0.000082 0.000124 0.000184 0.000273 0.000399 0.000579 0.000832 0.001183 0.001666 0.002324 0.003210 0.004389 0.005944 0.007971 0.010585 0.013918 0.018120 0.023359 0.029818 0.037687 0.047164 0.058442 0.071703 0.087104 0.104767 0.124765 0.147110 0.171739 0.198506 0.227169 0.257392 0.288742 0.320693 0.352643 0.383922 0.413821 0.441613 0.466584 0.488063 0.505452 0.518251 0.526085 0.528723 0.526085 0.518251 0.505452 0.488063 0.466584 0.441613 0.413821 0.383922 0.352643 0.320693 0.288742 0.257392 0.227169 0.198506 0.171739 0.147110 0.124765 0.104767 0.087104 0.071703 0.058442 0.047164 0.037687 0.029818 0.023359 0.018120 0.013918 0.010585 0.007971 0.005944 0.004389 0.003210 0.002324 0.001666 0.001183 0.000832 0.000579 0.000399 0.000273 0.000184 0.000124 0.000082 0.000054 0.000035 0.000023 0.000016 0.000011 0.000009 0.000009 
0.000008 0.000008 0.000010 0.000014 0.000021 0.000032 0.000049 0.000075 0.000115 0.000173 0.000258 0.000381 0.000558 0.000808 0.001161 0.001650 0.002324 0.003240 0.004474 0.006118 0.008284 0.011106 0.014745 0.019384 0.025233 0.032524 0.041509 0.052457 0.065638 0.081323 0.099762 0.121174 0.145728 0.173526 0.204583 0.238811 0.276004 0.315831 0.357821 0.401373 0.445758 0.490137 0.533583 0.575109 0.613708 0.648387 0.678216 0.702364 0.720137 0.731016 0.734679 0.731016 0.720137 0.702364 0.678216 0.648387 0.613708 0.575109 0.533583 0.490137 0.445758 0.401373 0.357821 0.315831 0.276004 0.238811 0.204583 0.173526 0.145728 0.121174 0.099762 0.081323 0.065638 0.052457 0.041509 0.032524 0.025233 0.019384 0.014745 0.011106 0.008284 0.006118 0.004474 0.003240 0.002324 0.001650 0.001161 0.000808 0.000558 0.000381 0.000258 0.000173 0.000115 0.000076 0.000050 0.000033 0.000022 0.000016 0.000013 0.000013 
0.000011 0.000011 0.000014 0.000019 0.000029 0.000044 0.000068 0.000104 0.000159 0.000239 0.000356 0.000527 0.000771 0.001117 0.001604 0.002280 0.003210 0.004474 0.006177 0.008444 0.011432 0.015324 0.020341 0.026736 0.034797 0.044844 0.057225 0.072307 0.090464 0.112065 0.137458 0.166940 0.200745 0.239011 0.281759 0.328867 0.380053 0.434856 0.492632 0.552553 0.613617 0.674668 0.734431 0.791551 0.844642 0.892341 0.933367 0.966577 0.991021 1.005983 1.011021 1.005983 0.991021 0.966577 0.933367 0.892341 0.844642 0.791551 0.734431 0.674668 0.613617 0.552553 0.492632 0.434856 0.380053 0.328867 0.281759 0.239011 0.200745 0.166940 0.137458 0.112065 0.090464 0.072307 0.057225 0.044844 0.034797 0.026736 0.020341 0.015324 0.011432 0.008444 0.006177 0.004474 0.003210 0.002280 0.001604 0.001117 0.000771 0.000527 0.000356 0.000239 0.000159 0.000105 0.000069 0.000045 0.000030 0.000022 0.000018 0.000018 
0.000015 0.000015 0.000019 0.000026 0.000040 0.000061 0.000093 0.000143 0.000217 0.000327 0.000488 0.000721 0.001055 0.001529 0.002194 0.003119 0.004389 0.006118 0.008444 0.011542 0.015622 0.020937 0.027787 0.036517 0.047520 0.061232 0.078126 0.098701 0.123469 0.152933 0.187561 0.227764 0.273855 0.326023 0.384295 0.448504 0.518265 0.592949 0.671680 0.753326 0.836524 0.919700 1.001118 1.078931 1.151251 1.216224 1.272106 1.317341 1.350635 1.371014 1.377876 1.371014 1.350635 1.317341 1.272106 1.216224 1.151251 1.078931 1.001118 0.919700 0.836524 0.753326 0.671680 0.592949 0.518265 0.448504 0.384295 0.326023 0.273855 0.227764 0.187561 0.152933 0.123469 0.098701 0.078126 0.061232 0.047520 0.036517 0.027787 0.020937 0.015622 0.011542 0.008444 0.006118 0.004389 0.003119 0.002194 0.001529 0.001055 0.000721 0.000488 0.000327 0.000217 0.000143 0.000094 0.000062 0.000042 0.000030 0.000025 0.000025 
0.000021 0.000021 0.000025 0.000036 0.000054 0.000082 0.000127 0.000194 0.000295 0.000444 0.000662 0.000977 0.001430 0.002072 0.002973 0.004224 0.005944 0.008284 0.011432 0.015622 0.021140 0.028328 0.037590 0.049392 0.064264 0.082795 0.105623 0.133422 0.166881 0.206678 0.253446 0.307735 0.369969 0.440401 0.519066 0.605739 0.699896 0.800692 0.906940 1.017115 1.129376 1.241602 1.351448 1.456427 1.553992 1.641641 1.717024 1.778044 1.822954 1.850444 1.859699 1.850444 1.822954 1.778044 1.717024 1.641641 1.553992 1.456427 1.351448 1.241602 1.129376 1.017115 0.906940 0.800692 0.699896 0.605739 0.519066 0.440401 0.369969 0.307735 0.253446 0.206678 0.166881 0.133422 0.105623 0.082795 0.064264 0.049392 0.037590 0.028328 0.021140 0.015622 0.011432 0.008284 0.005944 0.004224 0.002973 0.002072 0.001430 0.000977 0.000662 0.000444 0.000295 0.000195 0.000128 0.000084 0.000057 0.000041 0.000033 0.000033 
0.000028 0.000028 0.000034 0.000048 0.000072 0.000111 0.000170 0.000261 0.000396 0.000596 0.000888 0.001312 0.001919 0.002780 0.003988 0.005666 0.007971 0.011106 0.015324 0.020937 0.028328 0.037955 0.050356 0.066155 0.086062 0.110862 0.141409 0.178603 0.223364 0.276597 0.339147 0.411748 0.494966 0.589135 0.694302 0.810165 0.936022 1.070741 1.212737 1.359972 1.509985 1.659942 1.806713 1.946972 2.077322 2.194420 2.295127 2.376645 2.436640 2.473363 2.485727 2.473363 2.436640 2.376645 2.295127 2.194420 2.077322 1.946972 1.806713 1.659942 1.509985 1.359972 1.212737 1.070741 0.936022 0.810165 0.694302 0.589135 0.494966 0.411748 0.339147 0.276597 0.223364 0.178603 0.141409 0.110862 0.086062 0.066155 0.050356 0.037955 0.028328 0.020937 0.015324 0.011106 0.007971 0.005666 0.003988 0.002780 0.001919 0.001312 0.000888 0.000596 0.000396 0.000262 0.000172 0.000113 0.000076 0.000055 0.000045 0.000045 
0.000037 0.000037 0.000046 0.000064 0.000096 0.000147 0.000227 0.000347 0.000526 0.000792 0.001181 0.001744 0.002550 0.003693 0.005297 0.007525 0.010585 0.014745 0.020341 0.027787 0.037590 0.050356 0.066798 0.087743 0.114130 0.146998 0.187476 0.236756 0.296055 0.366569 0.449415 0.545563 0.655760 0.780446 0.919682 1.073063 1.239662 1.417979 1.605913 1.800769 1.999290 2.197725 2.391935 2.577521 2.749987 2.904916 3.038155 3.146002 3.225375 3.273958 3.290315 3.273958 3.225375 3.146002 3.038155 2.904916 2.749987 2.577521 2.391935 2.197725 1.999290 1.800769 1.605913 1.417979 1.239662 1.073063 0.919682 0.780446 0.655760 0.545563 0.449415 0.366569 0.296055 0.236756 0.187476 0.146998 0.114130 0.087743 0.066798 0.050356 0.037590 0.027787 0.020341 0.014745 0.010585 0.007525 0.005298 0.003693 0.002550 0.001744 0.001181 0.000793 0.000527 0.000348 0.000229 0.000151 0.000102 0.000073 0.000060 0.000060 
0.000049 0.000049 0.000060 0.000084 0.000127 0.000194 0.000299 0.000457 0.000693 0.001043 0.001555 0.002295 0.003356 0.004859 0.006968 0.009896 0.013918 0.019384 0.026736 0.036517 0.049392 0.066155 0.087743 0.115240 0.149874 0.193010 0.246127 0.310786 0.388580 0.481077 0.589739 0.715835 0.860339 1.023830 1.206381 1.407462 1.625854 1.859589 2.105913 2.361294 2.621462 2.881505 3.135998 3.379181 3.605163 3.808159 3.982733 4.124034 4.228026 4.291678 4.313108 4.291678 4.228026 4.124034 3.982733 3.808159 3.605163 3.379181 3.135998 2.881505 2.621462 2.361294 2.105913 1.859589 1.625854 1.407462 1.206381 1.023830 0.860339 0.715835 0.589739 0.481077 0.388580 0.310786 0.246127 0.193010 0.149874 0.115240 0.087743 0.066155 0.049392 0.036517 0.026736 0.019384 0.013918 0.009896 0.006968 0.004859 0.003356 0.002295 0.001555 0.001044 0.000694 0.000458 0.000301 0.000199 0.000134 0.000096 0.000079 0.000079 
0.000064 0.000064 0.000078 0.000110 0.000165 0.000253 0.000389 0.000596 0.000904 0.001360 0.002026 0.002991 0.004372 0.006329 0.009075 0.012886 0.018120 0.025233 0.034797 0.047520 0.064264 0.086062 0.114130 0.149874 0.194891 0.250951 0.319973 0.403983 0.505049 0.625202 0.766338 0.930100 1.117753 1.330042 1.567060 1.828114 2.111622 2.415025 2.734749 3.066207 3.403860 3.741334 4.071591 4.387156 4.680391 4.943791 5.170305 5.353644 5.488572 5.571158 5.598963 5.571158 5.488572 5.353644 5.170305 4.943791 4.680391 4.387156 4.071591 3.741334 3.403860 3.066207 2.734749 2.415025 2.111622 1.828114 1.567060 1.330042 1.117753 0.930100 0.766338 0.625202 0.505049 0.403983 0.319973 0.250951 0.194891 0.149874 0.114130 0.086062 0.064264 0.047520 0.034797 0.025233 0.018120 0.012886 0.009075 0.006330 0.004372 0.002991 0.002027 0.001360 0.000905 0.000598 0.000393 0.000259 0.000175 0.000126 0.000103 0.000103 
0.000083 0.000083 0.000101 0.000143 0.000214 0.000327 0.000503 0.000769 0.001167 0.001755 0.002615 0.003859 0.005640 0.008164 0.011703 0.016615 0.023359 0.032524 0.044844 0.061232 0.082795 0.110862 0.146998 0.193010 0.250951 0.323096 0.411912 0.520002 0.650020 0.804577 0.986107 1.196719 1.438033 1.711005 2.015747 2.351369 2.715831 3.105843 3.516808 3.942831 4.376793 4.810503 5.234919 5.640439 6.017250 6.355714 6.646772 6.882347 7.055717 7.161831 7.197557 7.161831 7.055717 6.882347 6.646772 6.355714 6.017250 5.640439 5.234919 4.810503 4.376793 3.942831 3.516808 3.105843 2.715831 2.351369 2.015747 1.711005 1.438033 1.196719 0.986107 0.804577 0.650020 0.520002 0.411912 0.323096 0.250951 0.193010 0.146998 0.110862 0.082795 0.061232 0.044844 0.032524 0.023359 0.016615 0.011703 0.008164 0.005640 0.003859 0.002616 0.001756 0.001169 0.000772 0.000507 0.000335 0.000226 0.000162 0.000133 0.000133 
0.000106 0.000106 0.000130 0.000182 0.000273 0.000419 0.000643 0.000983 0.001492 0.002243 0.003341 0.004930 0.007204 0.010426 0.014944 0.021212 0.029818 0.041509 0.057225 0.078126 0.105623 0.141409 0.187476 0.246127 0.319973 0.411912 0.525083 0.662796 0.828431 1.025305 1.256515 1.524740 1.832039 2.179622 2.567629 2.994920 3.458896 3.955364 4.478473 5.020719 5.573042 6.125017 6.665140 7.181197 7.660704 8.091400 8.461763 8.761520 8.982121 9.117143 9.162600 9.117143 8.982121 8.761520 8.461763 8.091400 7.660704 7.181197 6.665140 6.125017 5.573042 5.020719 4.478473 3.955364 3.458896 2.994920 2.567629 2.179622 1.832039 1.524740 1.256515 1.025305 0.828431 0.662796 0.525083 0.411912 0.319973 0.246127 0.187476 0.141409 0.105623 0.078126 0.057225 0.041509 0.029818 0.021212 0.014944 0.010426 0.007204 0.004930 0.003342 0.002244 0.001494 0.000987 0.000649 0.000428 0.000289 0.000208 0.000171 0.000171 
0.000134 0.000134 0.000164 0.000231 0.000346 0.000530 0.000814 0.001245 0.001888 0.002839 0.004228 0.006236 0.009111 0.013184 0.018894 0.026814 0.037687 0.052457 0.072307 0.098701 0.133422 0.178603 0.236756 0.310786 0.403983 0.520002 0.662796 0.836538 1.045485 1.293816 1.585429 1.923697 2.311209 2.749485 3.238695 3.777396 4.362307 4.988140 5.647518 6.330979 7.027107 7.722766 8.403460 9.053801 9.658061 10.200797 10.667495 11.045215 11.323187 11.493322 11.550600 11.493322 11.323187 11.045215 10.667495 10.200797 9.658061 9.053801 8.403460 7.722766 7.027107 6.330979 5.647518 4.988140 4.362307 3.777396 3.238695 2.749485 2.311209 1.923697 1.585429 1.293816 1.045485 0.836538 0.662796 0.520002 0.403983 0.310786 0.236756 0.178603 0.133422 0.098701 0.072307 0.052457 0.037687 0.026814 0.018894 0.013184 0.009112 0.006237 0.004228 0.002840 0.001891 0.001249 0.000822 0.000542 0.000366 0.000263 0.000216 0.000216 
0.000168 0.000168 0.000206 0.000290 0.000434 0.000665 0.001021 0.001560 0.002366 0.003556 0.005296 0.007811 0.011410 0.016507 0.023652 0.033562 0.047164 0.065638 0.090464 0.123469 0.166881 0.223364 0.296055 0.388580 0.505049 0.650020 0.828431 1.045485 1.306495 1.616673 1.980878 2.403316 2.887212 3.434455 4.045251 4.717792 5.447976 6.229199 7.052248 7.905315 8.774151 9.642363 10.491865 11.303459 12.057523 12.734793 13.317163 13.788494 14.135352 14.347647 14.419119 14.347647 14.135352 13.788494 13.317163 12.734793 12.057523 11.303459 10.491865 9.642363 8.774151 7.905315 7.052248 6.229199 5.447976 4.717792 4.045251 3.434455 2.887212 2.403316 1.980878 1.616673 1.306495 1.045485 0.828431 0.650020 0.505049 0.388580 0.296055 0.223364 0.166881 0.123469 0.090464 0.065638 0.047164 0.033562 0.023652 0.016507 0.011410 0.007811 0.005297 0.003558 0.002369 0.001566 0.001030 0.000680 0.000459 0.000330 0.000271 0.000271 
0.000209 0.000209 0.000256 0.000360 0.000539 0.000825 0.001267 0.001936 0.002936 0.004412 0.006568 0.009686 0.014146 0.020463 0.029316 0.041593 0.058442 0.081323 0.112065 0.152933 0.206678 0.276597 0.366569 0.481077 0.625202 0.804577 1.025305 1.293816 1.616673 2.000313 2.450737 2.973137 3.571490 4.248123 5.003283 5.834726 6.737375 7.703063 8.720398 9.774785 10.848612 11.921624 12.971474 13.974441 14.906287 15.743211 16.462851 17.045268 17.473871 17.736196 17.824511 17.736196 17.473871 17.045268 16.462851 15.743211 14.906287 13.974441 12.971474 11.921624 10.848612 9.774785 8.720398 7.703063 6.737375 5.834726 5.003283 4.248123 3.571490 2.973137 2.450737 2.000313 1.616673 1.293816 1.025305 0.804577 0.625202 0.481077 0.366569 0.276597 0.206678 0.152933 0.112065 0.081323 0.058442 0.041593 0.029316 0.020464 0.014147 0.009686 0.006569 0.004414 0.002940 0.001943 0.001278 0.000844 0.000570 0.000410 0.000337 0.000337 
0.000257 0.000257 0.000315 0.000443 0.000663 0.001014 0.001557 0.002379 0.003606 0.005418 0.008065 0.011892 0.017366 0.025117 0.035978 0.051038 0.071703 0.099762 0.137458 0.187561 0.253446 0.339147 0.449415 0.589739 0.766338 0.986107 1.256515 1.585429 1.980878 2.450737 3.002343 3.642043 4.374696 5.203140 6.127667 7.145521 8.250482 9.432544 10.677761 11.968269 13.282513 14.595708 15.880510 17.107899 18.248221 19.272360 20.152962 20.865637 21.390091 21.711079 21.819143 21.711079 21.390091 20.865637 20.152962 19.272360 18.248221 17.107899 15.880510 14.595708 13.282513 11.968269 10.677761 9.432544 8.250482 7.145521 6.127667 5.203140 4.374696 3.642043 3.002343 2.450737 1.980878 1.585429 1.256515 0.986107 0.766338 0.589739 0.449415 0.339147 0.253446 0.187561 0.137458 0.099762 0.071703 0.051038 0.035978 0.025117 0.017367 0.011893 0.008067 0.005421 0.003611 0.002387 0.001571 0.001038 0.000701 0.000504 0.000414 0.000414 
0.000313 0.000313 0.000384 0.000539 0.000807 0.001234 0.001894 0.002893 0.004385 0.006588 0.009806 0.014456 0.021107 0.030524 0.043717 0.062008 0.087104 0.121174 0.166940 0.227764 0.307735 0.411748 0.545563 0.715835 0.930100 1.196719 1.524740 1.923697 2.403316 2.973137 3.642043 4.417719 5.306042 6.310442 7.431259 8.665146 10.004550 11.437339 12.946606 14.510696 16.103489 17.694951 19.251951 20.739328 22.121160 23.362175 24.429235 25.292801 25.928286 26.317226 26.448167 26.317226 25.928286 25.292801 24.429235 23.362175 22.121160 20.739328 19.251951 17.694951 16.103489 14.510696 12.946606 11.437339 10.004550 8.665146 7.431259 6.310442 5.306042 4.417719 3.642043 2.973137 2.403316 1.923697 1.524740 1.196719 0.930100 0.715835 0.545563 0.411748 0.307735 0.227764 0.166940 0.121174 0.087104 0.062008 0.043717 0.030524 0.021108 0.014457 0.009808 0.006592 0.004391 0.002903 0.001911 0.001263 0.000853 0.000614 0.000504 0.000504 
0.000377 0.000377 0.000462 0.000649 0.000972 0.001487 0.002281 0.003484 0.005280 0.007932 0.011803 0.017398 0.025400 0.036727 0.052594 0.074591 0.104767 0.145728 0.200745 0.273855 0.369969 0.494966 0.655760 0.860339 1.117753 1.438033 1.832039 2.311209 2.887212 3.571490 4.374696 5.306042 6.372570 7.578383 8.923878 10.405023 12.012744 13.732473 15.543910 17.421067 19.332596 21.242459 23.110906 24.895752 26.553903 28.043047 29.323433 30.359626 31.122138 31.588820 31.745932 31.588820 31.122138 30.359626 29.323433 28.043047 26.553903 24.895752 23.110906 21.242459 19.332596 17.421067 15.543910 13.732473 12.012744 10.405023 8.923878 7.578383 6.372570 5.306042 4.374696 3.571490 2.887212 2.311209 1.832039 1.438033 1.117753 0.860339 0.655760 0.494966 0.369969 0.273855 0.200745 0.145728 0.104767 0.074591 0.052595 0.036728 0.025401 0.017400 0.011806 0.007936 0.005288 0.003497 0.002302 0.001521 0.001028 0.000740 0.000608 0.000608 
0.000450 0.000450 0.000552 0.000775 0.001159 0.001773 0.002720 0.004154 0.006295 0.009454 0.014067 0.020732 0.030264 0.043753 0.062648 0.088839 0.124765 0.173526 0.239011 0.326023 0.440401 0.589135 0.780446 1.023830 1.330042 1.711005 2.179622 2.749485 3.434455 4.248123 5.203140 6.310442 7.578383 9.011827 10.611229 12.371786 14.282699 16.326646 18.479498 20.710364 22.981995 25.251570 27.471860 29.592750 31.563045 33.332481 34.853839 36.085031 36.991029 37.545525 37.732200 37.545525 36.991029 36.085031 34.853839 33.332481 31.563045 29.592750 27.471860 25.251570 22.981995 20.710364 18.479498 16.326646 14.282699 12.371786 10.611229 9.011827 7.578383 6.310442 5.203140 4.248123 3.434455 2.749485 2.179622 1.711005 1.330042 1.023830 0.780446 0.589135 0.440401 0.326023 0.239011 0.173526 0.124765 0.088839 0.062649 0.043754 0.030265 0.020734 0.014070 0.009459 0.006303 0.004169 0.002745 0.001814 0.001226 0.000883 0.000725 0.000725 
0.000531 0.000531 0.000652 0.000915 0.001369 0.002094 0.003212 0.004903 0.007429 0.011156 0.016598 0.024459 0.035700 0.051607 0.073885 0.104762 0.147110 0.204583 0.281759 0.384295 0.519066 0.694302 0.919682 1.206381 1.567060 2.015747 2.567629 3.238695 4.045251 5.003283 6.127667 7.431259 8.923878 10.611229 12.493834 14.566022 16.815075 19.220594 21.754177 24.379472 27.052646 29.723315 32.335914 34.831486 37.149806 39.231749 41.021772 42.470367 43.536336 44.188734 44.408369 44.188734 43.536336 42.470367 41.021772 39.231749 37.149806 34.831486 32.335914 29.723315 27.052646 24.379472 21.754177 19.220594 16.815075 14.566022 12.493834 10.611229 8.923878 7.431259 6.127667 5.003283 4.045251 3.238695 2.567629 2.015747 1.567060 1.206381 0.919682 0.694302 0.519066 0.384295 0.281759 0.204583 0.147110 0.104762 0.073885 0.051608 0.035701 0.024461 0.016601 0.011162 0.007440 0.004921 0.003241 0.002142 0.001448 0.001043 0.000857 0.000857 
0.000622 0.000622 0.000762 0.001070 0.001601 0.002447 0.003754 0.005730 0.008681 0.013034 0.019389 0.028570 0.041695 0.060266 0.086273 0.122314 0.171739 0.238811 0.328867 0.448504 0.605739 0.810165 1.073063 1.407462 1.828114 2.351369 2.994920 3.777396 4.717792 5.834726 7.145521 8.665146 10.405023 12.371786 14.566022 16.981109 19.602209 22.405542 25.358003 28.417228 31.532143 34.644045 37.688203 40.595932 43.297078 45.722771 47.808313 49.496041 50.737967 51.498051 51.753938 51.498051 50.737967 49.496041 47.808313 45.722771 43.297078 40.595932 37.688203 34.644045 31.532143 28.417228 25.358003 22.405542 19.602209 16.981109 14.566022 12.371786 10.405023 8.665146 7.145521 5.834726 4.717792 3.777396 2.994920 2.351369 1.828114 1.407462 1.073063 0.810165 0.605739 0.448504 0.328867 0.238811 0.171740 0.122314 0.086273 0.060267 0.041696 0.028572 0.019393 0.013041 0.008693 0.005751 0.003788 0.002504 0.001693 0.001220 0.001002 0.001002 
0.000720 0.000720 0.000883 0.001239 0.001853 0.002832 0.004343 0.006630 0.010042 0.015077 0.022425 0.033039 0.048212 0.069680 0.099738 0.141390 0.198506 0.276004 0.380053 0.518265 0.699896 0.936022 1.239662 1.625854 2.111622 2.715831 3.458896 4.362307 5.447976 6.737375 8.250482 10.004550 12.012744 14.282699 16.815075 19.602209 22.626967 25.861894 29.268785 32.798755 36.392873 39.983414 43.495701 46.850506 49.966903 52.765453 55.171535 57.118637 58.551414 59.428298 59.723505 59.428298 58.551414 57.118637 55.171535 52.765453 49.966903 46.850506 43.495701 39.983414 36.392873 32.798755 29.268785 25.861894 22.626967 19.602209 16.815075 14.282699 12.012744 10.004550 8.250482 6.737375 5.447976 4.362307 3.458896 2.715831 2.111622 1.625854 1.239662 0.936022 0.699896 0.518265 0.380053 0.276005 0.198506 0.141391 0.099739 0.069680 0.048214 0.033042 0.022430 0.015085 0.010056 0.006653 0.004383 0.002898 0.001959 0.001412 0.001160 0.001160 
0.000825 0.000825 0.001012 0.001420 0.002123 0.003245 0.004975 0.007594 0.011501 0.017265 0.025678 0.037828 0.055194 0.079763 0.114161 0.161821 0.227169 0.315831 0.434856 0.592949 0.800692 1.070741 1.417979 1.859589 2.415025 3.105843 3.955364 4.988140 6.229199 7.703063 9.432544 11.437339 13.732473 16.326646 19.220594 22.405542 25.861894 29.558269 33.451007 37.484248 41.590666 45.692889 49.705613 53.538336 57.098623 60.295740 63.044457 65.268812 66.905592 67.907324 68.244561 67.907324 66.905592 65.268812 63.044457 60.295740 57.098623 53.538336 49.705613 45.692889 41.590666 37.484248 33.451007 29.558269 25.861894 22.405542 19.220594 16.326646 13.732473 11.437339 9.432544 7.703063 6.229199 4.988140 3.955364 3.105843 2.415025 1.859589 1.417979 1.070741 0.800692 0.592949 0.434856 0.315831 0.227169 0.161821 0.114161 0.079764 0.055196 0.037831 0.025683 0.017275 0.011517 0.007621 0.005021 0.003320 0.002245 0.001618 0.001330 0.001330 
0.000936 0.000936 0.001148 0.001611 0.002408 0.003680 0.005643 0.008611 0.013041 0.019575 0.029109 0.042879 0.062559 0.090398 0.129370 0.183365 0.257392 0.357821 0.492632 0.671680 0.906940 1.212737 1.605913 2.105913 2.734749 3.516808 4.478473 5.647518 7.052248 8.720398 10.677761 12.946606 15.543910 18.479498 21.754177 25.358003 29.268785 33.451007 37.855263 42.418351 47.064106 51.705004 56.244551 60.580381 64.607946 68.224622 71.334018 73.850221 75.701744 76.834895 77.216374 76.834895 75.701744 73.850221 71.334018 68.224622 64.607946 60.580381 56.244551 51.705004 47.064106 42.418351 37.855263 33.451007 29.268785 25.358003 21.754177 18.479498 15.543910 12.946606 10.677761 8.720398 7.052248 5.647518 4.478473 3.516808 2.734749 2.105913 1.605913 1.212737 0.906940 0.671680 0.492632 0.357821 0.257392 0.183365 0.129371 0.090399 0.062561 0.042883 0.029116 0.019585 0.013059 0.008642 0.005694 0.003765 0.002547 0.001836 0.001509 0.001509 
0.001052 0.001052 0.001290 0.001809 0.002704 0.004133 0.006335 0.009667 0.014639 0.021972 0.032671 0.048121 0.070201 0.101432 0.145150 0.205714 0.288742 0.401373 0.552553 0.753326 1.017115 1.359972 1.800769 2.361294 3.066207 3.942831 5.020719 6.330979 7.905315 9.774785 11.968269 14.510696 17.421067 20.710364 24.379472 28.417228 32.798755 37.484248 42.418351 47.530260 52.734650 57.933482 63.018678 67.875583 72.387106 76.438314 79.921254 82.739714 84.813635 86.082891 86.510189 86.082891 84.813635 82.739714 79.921254 76.438314 72.387106 67.875583 63.018678 57.933482 52.734650 47.530260 42.418351 37.484248 32.798755 28.417228 24.379472 20.710364 17.421067 14.510696 11.968269 9.774785 7.905315 6.330979 5.020719 3.942831 3.066207 2.361294 1.800769 1.359972 1.017115 0.753326 0.552553 0.401373 0.288742 0.205714 0.145151 0.101433 0.070203 0.048125 0.032678 0.021984 0.014660 0.009702 0.006393 0.004228 0.002860 0.002062 0.001695 0.001695 
0.001170 0.001170 0.001434 0.002011 0.003006 0.004594 0.007042 0.010745 0.016269 0.024416 0.036302 0.053465 0.077992 0.112680 0.161235 0.228494 0.320693 0.445758 0.613617 0.836524 1.129376 1.509985 1.999290 2.621462 3.403860 4.376793 5.573042 7.027107 8.774151 10.848612 13.282513 16.103489 19.332596 22.981995 27.052646 31.532143 36.392873 41.590666 47.064106 52.734650 58.507652 64.274372 69.914940 75.302196 80.306286 84.799748 88.662868 91.788951 94.089217 95.496993 95.970923 95.496993 94.089217 91.788951 88.662868 84.799748 80.306286 75.302196 69.914940 64.274372 58.507652 52.734650 47.064106 41.590666 36.392873 31.532143 27.052646 22.981995 19.332596 16.103489 13.282513 10.848612 8.774151 7.027107 5.573042 4.376793 3.403860 2.621462 1.999290 1.509985 1.129376 0.836524 0.613617 0.445758 0.320694 0.228494 0.161235 0.112682 0.077994 0.053470 0.036310 0.024429 0.016292 0.010783 0.007107 0.004700 0.003180 0.002292 0.001884 0.001884 
0.001288 0.001288 0.001579 0.002214 0.003309 0.005056 0.007749 0.011823 0.017900 0.026861 0.039935 0.058811 0.085784 0.123930 0.177320 0.251274 0.352643 0.490137 0.674668 0.919700 1.241602 1.659942 2.197725 2.881505 3.741334 4.810503 6.125017 7.722766 9.642363 11.921624 14.595708 17.694951 21.242459 25.251570 29.723315 34.644045 39.983414 45.692889 51.705004 57.933482 64.274372 70.608247 76.803458 82.720363 88.216359 93.151478 97.394260 100.827545 103.353846 104.899951 105.420449 104.899951 103.353846 100.827545 97.394260 93.151478 88.216359 82.720363 76.803458 70.608247 64.274372 57.933482 51.705004 45.692889 39.983414 34.644045 29.723315 25.251570 21.242459 17.694951 14.595708 11.921624 9.642363 7.722766 6.125017 4.810503 3.741334 2.881505 2.197725 1.659942 1.241602 0.919701 0.674668 0.490137 0.352643 0.251274 0.177321 0.123932 0.085787 0.058817 0.039944 0.026876 0.017925 0.011865 0.007820 0.005173 0.003500 0.002523 0.002074 0.002074 
0.001403 0.001403 0.001720 0.002412 0.003605 0.005508 0.008442 0.012879 0.019497 0.029256 0.043493 0.064047 0.093415 0.134946 0.193071 0.273577 0.383922 0.533583 0.734431 1.001118 1.351448 1.806713 2.391935 3.135998 4.071591 5.234919 6.665140 8.403460 10.491865 12.971474 15.880510 19.251951 23.110906 27.471860 32.335914 37.688203 43.495701 49.705613 56.244551 63.018678 69.914940 76.803458 83.541070 89.975926 95.952958 101.319971 105.934018 109.667709 112.415043 114.096414 114.662449 114.096414 112.415043 109.667709 105.934018 101.319971 95.952958 89.975926 83.541070 76.803458 69.914940 63.018678 56.244551 49.705613 43.495701 37.688203 32.335914 27.471860 23.110906 19.251951 15.880510 12.971474 10.491865 8.403460 6.665140 5.234919 4.071591 3.135998 2.391935 1.806713 1.351448 1.001118 0.734431 0.533583 0.383922 0.273577 0.193072 0.134948 0.093418 0.064053 0.043503 0.029272 0.019525 0.012925 0.008519 0.005636 0.003814 0.002750 0.002261 0.002261 
