0.000000 0.000000 0.000000 0.000000 0.000000 0.000000 0.000000 0.000000 0.000000 0.000000 0.000000 0.000000 0.000000 0.000000 0.000000 0.000000 0.000000 0.000000 0.000000 0.000000 0.000000 0.000000 0.000000 0.000000 0.000000 0.000000 0.000000 0.000000 0.000001 0.000001 0.000001 0.000001 0.000002 0.000002 0.000003 0.000004 0.000005 0.000006 0.000007 0.000008 0.000010 0.000011 0.000013 0.000014 0.000015 0.000017 0.000018 0.000019 0.000020 0.000020 0.000020 0.000020 0.000020 0.000019 0.000018 0.000017 0.000015 0.000014 0.000013 0.000011 0.000010 0.000008 0.000007 0.000006 0.000005 0.000004 0.000003 0.000002 0.000002 0.000001 0.000001 0.000001 0.000001 0.000000 0.000000 0.000000 0.000000 0.000000 0.000000 0.000000 0.000000 0.000000 0.000000 0.000000 0.000000 0.000000 0.000000 0.000000 0.000000 0.000000 0.000000 0.000000 0.000000 0.000000 0.000000 0.000000 0.000000 0.000000 0.000000 0.000000 
0.000000 0.000000 0.000000 0.000000 0.000000 0.000000 0.000000 0.000000 0.000000 0.000000 0.000000 0.000000 0.000000 0.000000 0.000000 0.000000 0.000000 0.000000 0.000000 0.000000 0.000000 0.000000 0.000000 0.000000 0.000000 0.000000 0.000000 0.000000 0.000001 0.000001 0.000001 0.000001 0.000002 0.000002 0.000003 0.000004 0.000005 0.000006 0.000007 0.000008 0.000010 0.000011 0.000013 0.000014 0.000015 0.000017 0.000018 0.000019 0.000020 0.000020 0.000020 0.000020 0.000020 0.000019 0.000018 0.000017 0.000015 0.000014 0.000013 0.000011 0.000010 0.000008 0.000007 0.000006 0.000005 0.000004 0.000003 0.000002 0.000002 0.000001 0.000001 0.000001 0.000001 0.000000 0.000000 0.000000 0.000000 0.000000 0.000000 0.000000 0.000000 0.000000 0.000000 0.000000 0.000000 0.000000 0.000000 0.000000 0.000000 0.000000 0.000000 0.000000 0.000000 0.000000 0.000000 0.000000 0.000000 0.000000 0.000000 0.000000 
0.000000 0.000000 0.000000 0.000000 0.000000 0.000000 0.000000 0.000000 0.000000 0.000000 0.000000 0.000000 0.000000 0.000000 0.000000 0.000000 0.000000 0.000000 0.000000 0.000000 0.000000 0.000000 0.000000 0.000000 0.000000 0.000000 0.000000 0.000001 0.000001 0.000001 0.000002 0.000002 0.000003 0.000004 0.000004 0.000006 0.000007 0.000008 0.000010 0.000012 0.000014 0.000016 0.000018 0.000020 0.000022 0.000024 0.000026 0.000027 0.000028 0.000029 0.000029 0.000029 0.000028 0.000027 0.000026 0.000024 0.000022 0.000020 0.000018 0.000016 0.000014 0.000012 0.000010 0.000008 0.000007 0.000006 0.000004 0.000004 0.000003 0.000002 0.000002 0.000001 0.000001 0.000001 0.000000 0.000000 0.000000 0.000000 0.000000 0.000000 0.000000 0.000000 0.000000 0.000000 0.000000 0.000000 0.000000 0.000000 0.000000 0.000000 0.000000 0.000000 0.000000 0.000000 0.000000 0.000000 0.000000 0.000000 0.000000 0.000000 
0.000000 0.000000 0.000000 0.000000 0.000000 0.000000 0.000000 0.000000 0.000000 0.000000 0.000000 0.000000 0.000000 0.000000 0.000000 0.000000 0.000000 0.000000 0.000000 0.000000 0.000000 0.000000 0.000000 0.000000 0.000000 0.000001 0.000001 0.000001 0.000001 0.000002 0.000003 0.000004 0.000005 0.000006 0.000008 0.000010 0.000012 0.000015 0.000018 0.000021 0.000025 0.000028 0.000032 0.000036 0.000039 0.000043 0.000046 0.000048 0.000050 0.000051 0.000051 0.000051 0.000050 0.000048 0.000046 0.000043 0.000039 0.000036 0.000032 0.000028 0.000025 0.000021 0.000018 0.000015 0.000012 0.000010 0.000008 0.000006 0.000005 0.000004 0.000003 0.000002 0.000001 0.000001 0.000001 0.000001 0.000000 0.000000 0.000000 0.000000 0.000000 0.000000 0.000000 0.000000 0.000000 0.000000 0.000000 0.000000 0.000000 0.000000 0.000000 0.000000 0.000000 0.000000 0.000000 0.000000 0.000000 0.000000 0.000000 0.000000 
0.000000 0.000000 0.000000 0.000000 0.000000 0.000000 0.000000 0.000000 0.000000 0.000000 0.000000 0.000000 0.000000 0.000000 0.000000 0.000000 0.000000 0.000000 0.000000 0.000000 0.000000 0.000000 0.000000 0.000000 0.000001 0.000001 0.000001 0.000002 0.000003 0.000004 0.000005 0.000007 0.000009 0.000011 0.000015 0.000018 0.000023 0.000027 0.000033 0.000039 0.000046 0.000052 0.000059 0.000066 0.000073 0.000079 0.000084 0.000089 0.000092 0.000094 0.000095 0.000094 0.000092 0.000089 0.000084 0.000079 0.000073 0.000066 0.000059 0.000052 0.000046 0.000039 0.000033 0.000027 0.000023 0.000018 0.000015 0.000011 0.000009 0.000007 0.000005 0.000004 0.000003 0.000002 0.000001 0.000001 0.000001 0.000000 0.000000 0.000000 0.000000 0.000000 0.000000 0.000000 0.000000 0.000000 0.000000 0.000000 0.000000 0.000000 0.000000 0.000000 0.000000 0.000000 0.000000 0.000000 0.000000 0.000000 0.000000 0.000000 
0.000000 0.000000 0.000000 0.000000 0.000000 0.000000 0.000000 0.000000 0.000000 0.000000 0.000000 0.000000 0.000000 0.000000 0.000000 0.000000 0.000000 0.000000 0.000000 0.000000 0.000000 0.000000 0.000001 0.000001 0.000001 0.000002 0.000003 0.000004 0.000005 0.000007 0.000010 0.000013 0.000017 0.000021 0.000027 0.000034 0.000042 0.000051 0.000061 0.000073 0.000085 0.000097 0.000110 0.000123 0.000135 0.000146 0.000156 0.000164 0.000170 0.000174 0.000176 0.000174 0.000170 0.000164 0.000156 0.000146 0.000135 0.000123 0.000110 0.000097 0.000085 0.000073 0.000061 0.000051 0.000042 0.000034 0.000027 0.000021 0.000017 0.000013 0.000010 0.000007 0.000005 0.000004 0.000003 0.000002 0.000001 0.000001 0.000001 0.000000 0.000000 0.000000 0.000000 0.000000 0.000000 0.000000 0.000000 0.000000 0.000000 0.000000 0.000000 0.000000 0.000000 0.000000 0.000000 0.000000 0.000000 0.000000 0.000000 0.000000 
0.000000 0.000000 0.000000 0.000000 0.000000 0.000000 0.000000 0.000000 0.000000 0.000000 0.000000 0.000000 0.000000 0.000000 0.000000 0.000000 0.000000 0.000000 0.000000 0.000000 0.000000 0.000001 0.000001 0.000002 0.000002 0.000003 0.000005 0.000007 0.000010 0.000013 0.000018 0.000023 0.000030 0.000039 0.000050 0.000063 0.000077 0.000094 0.000113 0.000134 0.000156 0.000179 0.000202 0.000226 0.000248 0.000269 0.000287 0.000302 0.000313 0.000320 0.000323 0.000320 0.000313 0.000302 0.000287 0.000269 0.000248 0.000226 0.000202 0.000179 0.000156 0.000134 0.000113 0.000094 0.000077 0.000063 0.000050 0.000039 0.000030 0.000023 0.000018 0.000013 0.000010 0.000007 0.000005 0.000003 0.000002 0.000002 0.000001 0.000001 0.000000 0.000000 0.000000 0.000000 0.000000 0.000000 0.000000 0.000000 0.000000 0.000000 0.000000 0.000000 0.000000 0.000000 0.000000 0.000000 0.000000 0.000000 0.000000 0.000000 
0.000000 0.000000 0.000000 0.000000 0.000000 0.000000 0.000000 0.000000 0.000000 0.000000 0.000000 0.000000 0.000000 0.000000 0.000000 0.000000 0.000000 0.000000 0.000000 0.000001 0.000001 0.000001 0.000002 0.000003 0.000004 0.000006 0.000009 0.000013 0.000017 0.000024 0.000032 0.000043 0.000056 0.000072 0.000091 0.000114 0.000141 0.000171 0.000206 0.000243 0.000283 0.000325 0.000368 0.000410 0.000451 0.000489 0.000522 0.000549 0.000570 0.000582 0.000587 0.000582 0.000570 0.000549 0.000522 0.000489 0.000451 0.000410 0.000368 0.000325 0.000283 0.000243 0.000206 0.000171 0.000141 0.000114 0.000091 0.000072 0.000056 0.000043 0.000032 0.000024 0.000017 0.000013 0.000009 0.000006 0.000004 0.000003 0.000002 0.000001 0.000001 0.000001 0.000000 0.000000 0.000000 0.000000 0.000000 0.000000 0.000000 0.000000 0.000000 0.000000 0.000000 0.000000 0.000000 0.000000 0.000000 0.000000 0.000000 0.000000 
0.000000 0.000000 0.000000 0.000000 0.000000 0.000000 0.000000 0.000000 0.000000 0.000000 0.000000 0.000000 0.000000 0.000000 0.000000 0.000000 0.000000 0.000000 0.000001 0.000001 0.000002 0.000002 0.000004 0.000005 0.000008 0.000011 0.000016 0.000023 0.000031 0.000043 0.000058 0.000077 0.000100 0.000129 0.000164 0.000205 0.000253 0.000308 0.000369 0.000437 0.000509 0.000584 0.000661 0.000737 0.000810 0.000877 0.000937 0.000986 0.001022 0.001045 0.001052 0.001045 0.001022 0.000986 0.000937 0.000877 0.000810 0.000737 0.000661 0.000584 0.000509 0.000437 0.000369 0.000308 0.000253 0.000205 0.000164 0.000129 0.000100 0.000077 0.000058 0.000043 0.000031 0.000023 0.000016 0.000011 0.000008 0.000005 0.000004 0.000002 0.000002 0.000001 0.000001 0.000000 0.000000 0.000000 0.000000 0.000000 0.000000 0.000000 0.000000 0.000000 0.000000 0.000000 0.000000 0.000000 0.000000 0.000000 0.000000 0.000000 
0.000000 0.000000 0.000000 0.000000 0.000000 0.000000 0.000000 0.000000 0.000000 0.000000 0.000000 0.000000 0.000000 0.000000 0.000000 0.000000 0.000000 0.000001 0.000001 0.000002 0.000003 0.000004 0.000006 0.000010 0.000014 0.000020 0.000029 0.000040 0.000056 0.000076 0.000103 0.000136 0.000178 0.000229 0.000291 0.000364 0.000450 0.000547 0.000655 0.000774 0.000902 0.001035 0.001171 0.001305 0.001435 0.001554 0.001659 0.001745 0.001810 0.001850 0.001863 0.001850 0.001810 0.001745 0.001659 0.001554 0.001435 0.001305 0.001171 0.001035 0.000902 0.000774 0.000655 0.000547 0.000450 0.000364 0.000291 0.000229 0.000178 0.000136 0.000103 0.000076 0.000056 0.000040 0.000029 0.000020 0.000014 0.000010 0.000006 0.000004 0.000003 0.000002 0.000001 0.000001 0.000000 0.000000 0.000000 0.000000 0.000000 0.000000 0.000000 0.000000 0.000000 0.000000 0.000000 0.000000 0.000000 0.000000 0.000000 0.000000 
0.000000 0.000000 0.000000 0.000000 0.000000 0.000000 0.000000 0.000000 0.000000 0.000000 0.000000 0.000000 0.000000 0.000000 0.000000 0.000000 0.000001 0.000001 0.000002 0.000003 0.000005 0.000008 0.000011 0.000017 0.000025 0.000036 0.000051 0.000071 0.000098 0.000134 0.000180 0.000239 0.000312 0.000402 0.000510 0.000638 0.000787 0.000957 0.001147 0.001355 0.001577 0.001810 0.002047 0.002282 0.002508 0.002716 0.002899 0.003050 0.003163 0.003232 0.003256 0.003232 0.003163 0.003050 0.002899 0.002716 0.002508 0.002282 0.002047 0.001810 0.001577 0.001355 0.001147 0.000957 0.000787 0.000638 0.000510 0.000402 0.000312 0.000239 0.000180 0.000134 0.000098 0.000071 0.000051 0.000036 0.000025 0.000017 0.000011 0.000008 0.000005 0.000003 0.000002 0.000001 0.000001 0.000000 0.000000 0.000000 0.000000 0.000000 0.000000 0.000000 0.000000 0.000000 0.000000 0.000000 0.000000 0.000000 0.000000 0.000000 
0.000000 0.000000 0.000000 0.000000 0.000000 0.000000 0.000000 0.000000 0.000000 0.000000 0.000000 0.000000 0.000000 0.000000 0.000001 0.000001 0.000001 0.000002 0.000004 0.000006 0.000009 0.000013 0.000020 0.000029 0.000043 0.000062 0.000088 0.000123 0.000171 0.000232 0.000312 0.000414 0.000540 0.000695 0.000882 0.001103 0.001360 0.001653 0.001981 0.002339 0.002723 0.003124 0.003532 0.003937 0.004326 0.004684 0.005000 0.005260 0.005454 0.005574 0.005614 0.005574 0.005454 0.005260 0.005000 0.004684 0.004326 0.003937 0.003532 0.003124 0.002723 0.002339 0.001981 0.001653 0.001360 0.001103 0.000882 0.000695 0.000540 0.000414 0.000312 0.000232 0.000171 0.000123 0.000088 0.000062 0.000043 0.000029 0.000020 0.000013 0.000009 0.000006 0.000004 0.000002 0.000001 0.000001 0.000001 0.000000 0.000000 0.000000 0.000000 0.000000 0.000000 0.000000 0.000000 0.000000 0.000000 0.000000 0.000000 0.000000 
0.000000 0.000000 0.000000 0.000000 0.000000 0.000000 0.000000 0.000000 0.000000 0.000000 0.000000 0.000000 0.000000 0.000001 0.000001 0.000001 0.000002 0.000004 0.000006 0.000010 0.000015 0.000023 0.000034 0.000050 0.000074 0.000106 0.000151 0.000211 0.000292 0.000397 0.000534 0.000707 0.000922 0.001186 0.001505 0.001882 0.002319 0.002818 0.003375 0.003985 0.004637 0.005319 0.006015 0.006703 0.007363 0.007973 0.008509 0.008951 0.009280 0.009484 0.009553 0.009484 0.009280 0.008951 0.008509 0.007973 0.007363 0.006703 0.006015 0.005319 0.004637 0.003985 0.003375 0.002818 0.002319 0.001882 0.001505 0.001186 0.000922 0.000707 0.000534 0.000397 0.000292 0.000211 0.000151 0.000106 0.000074 0.000050 0.000034 0.000023 0.000015 0.000010 0.000006 0.000004 0.000002 0.000001 0.000001 0.000001 0.000000 0.000000 0.000000 0.000000 0.000000 0.000000 0.000000 0.000000 0.000000 0.000000 0.000000 0.000000 
0.000000 0.000000 0.000000 0.000000 0.000000 0.000000 0.000000 0.000000 0.000000 0.000000 0.000000 0.000000 0.000001 0.000001 0.000001 0.000002 0.000004 0.000007 0.000010 0.000016 0.000025 0.000038 0.000057 0.000085 0.000124 0.000179 0.000254 0.000356 0.000492 0.000670 0.000900 0.001191 0.001553 0.001998 0.002533 0.003167 0.003902 0.004740 0.005675 0.006699 0.007794 0.008939 0.010105 0.011260 0.012368 0.013390 0.014289 0.015029 0.015582 0.015923 0.016039 0.015923 0.015582 0.015029 0.014289 0.013390 0.012368 0.011260 0.010105 0.008939 0.007794 0.006699 0.005675 0.004740 0.003902 0.003167 0.002533 0.001998 0.001553 0.001191 0.000900 0.000670 0.000492 0.000356 0.000254 0.000179 0.000124 0.000085 0.000057 0.000038 0.000025 0.000016 0.000010 0.000007 0.000004 0.000002 0.000001 0.000001 0.000001 0.000000 0.000000 0.000000 0.000000 0.000000 0.000000 0.000000 0.000000 0.000000 0.000000 0.000000 
0.000000 0.000000 0.000000 0.000000 0.000000 0.000000 0.000000 0.000000 0.000000 0.000000 0.000000 0.000001 0.000001 0.000001 0.000003 0.000004 0.000007 0.000011 0.000017 0.000027 0.000042 0.000064 0.000096 0.000142 0.000207 0.000299 0.000424 0.000594 0.000819 0.001115 0.001496 0.001979 0.002582 0.003319 0.004208 0.005258 0.006477 0.007865 0.009416 0.011111 0.012925 0.014820 0.016751 0.018663 0.020497 0.022188 0.023675 0.024901 0.025815 0.026380 0.026571 0.026380 0.025815 0.024901 0.023675 0.022188 0.020497 0.018663 0.016751 0.014820 0.012925 0.011111 0.009416 0.007865 0.006477 0.005258 0.004208 0.003319 0.002582 0.001979 0.001496 0.001115 0.000819 0.000594 0.000424 0.000299 0.000207 0.000142 0.000096 0.000064 0.000042 0.000027 0.000017 0.000011 0.000007 0.000004 0.000003 0.000001 0.000001 0.000001 0.000000 0.000000 0.000000 0.000000 0.000000 0.000000 0.000000 0.000000 0.000000 0.000000 
0.000000 0.000000 0.000000 0.000000 0.000000 0.000000 0.000000 0.000000 0.000000 0.000000 0.000000 0.000001 0.000001 0.000002 0.000004 0.000007 0.000011 0.000018 0.000029 0.000045 0.000069 0.000105 0.000158 0.000234 0.000341 0.000491 0.000697 0.000975 0.001346 0.001831 0.002455 0.003247 0.004233 0.005441 0.006895 0.008613 0.010607 0.012878 0.015412 0.018183 0.021147 0.024244 0.027399 0.030522 0.033515 0.036277 0.038706 0.040707 0.042199 0.043121 0.043432 0.043121 0.042199 0.040707 0.038706 0.036277 0.033515 0.030522 0.027399 0.024244 0.021147 0.018183 0.015412 0.012878 0.010607 0.008613 0.006895 0.005441 0.004233 0.003247 0.002455 0.001831 0.001346 0.000975 0.000697 0.000491 0.000341 0.000234 0.000158 0.000105 0.000069 0.000045 0.000029 0.000018 0.000011 0.000007 0.000004 0.000002 0.000001 0.000001 0.000000 0.000000 0.000000 0.000000 0.000000 0.000000 0.000000 0.000000 0.000000 0.000000 
0.000000 0.000000 0.000000 0.000000 0.000000 0.000000 0.000000 0.000000 0.000000 0.000000 0.000001 0.000001 0.000002 0.000004 0.000007 0.000011 0.000018 0.000029 0.000047 0.000073 0.000112 0.000171 0.000257 0.000380 0.000554 0.000797 0.001130 0.001581 0.002180 0.002965 0.003975 0.005254 0.006848 0.008799 0.011146 0.013920 0.017139 0.020802 0.024890 0.029359 0.034138 0.039130 0.044214 0.049247 0.054071 0.058521 0.062433 0.065656 0.068060 0.069544 0.070046 0.069544 0.068060 0.065656 0.062433 0.058521 0.054071 0.049247 0.044214 0.039130 0.034138 0.029359 0.024890 0.020802 0.017139 0.013920 0.011146 0.008799 0.006848 0.005254 0.003975 0.002965 0.002180 0.001581 0.001130 0.000797 0.000554 0.000380 0.000257 0.000171 0.000112 0.000073 0.000047 0.000029 0.000018 0.000011 0.000007 0.000004 0.000002 0.000001 0.000001 0.000000 0.000000 0.000000 0.000000 0.000000 0.000000 0.000000 0.000000 0.000000 
0.000000 0.000000 0.000000 0.000000 0.000000 0.000000 0.000000 0.000000 0.000000 0.000001 0.000001 0.000002 0.000004 0.000007 0.000011 0.000018 0.000029 0.000047 0.000075 0.000117 0.000180 0.000274 0.000411 0.000608 0.000887 0.001275 0.001808 0.002527 0.003484 0.004736 0.006348 0.008388 0.010929 0.014038 0.017778 0.022196 0.027320 0.033151 0.039657 0.046768 0.054370 0.062310 0.070394 0.078396 0.086065 0.093138 0.099357 0.104479 0.108300 0.110659 0.111456 0.110659 0.108300 0.104479 0.099357 0.093138 0.086065 0.078396 0.070394 0.062310 0.054370 0.046768 0.039657 0.033151 0.027320 0.022196 0.017778 0.014038 0.010929 0.008388 0.006348 0.004736 0.003484 0.002527 0.001808 0.001275 0.000887 0.000608 0.000411 0.000274 0.000180 0.000117 0.000075 0.000047 0.000029 0.000018 0.000011 0.000007 0.000004 0.000002 0.000001 0.000001 0.000000 0.000000 0.000000 0.000000 0.000000 0.000000 0.000000 0.000000 
0.000000 0.000000 0.000000 0.000000 0.000000 0.000000 0.000000 0.000000 0.000001 0.000001 0.000002 0.000004 0.000006 0.000010 0.000017 0.000029 0.000047 0.000075 0.000119 0.000185 0.000285 0.000434 0.000650 0.000961 0.001400 0.002013 0.002852 0.003986 0.005493 0.007464 0.010001 0.013211 0.017206 0.022094 0.027972 0.034913 0.042963 0.052120 0.062335 0.073497 0.085428 0.097887 0.110571 0.123123 0.135152 0.146245 0.155996 0.164029 0.170019 0.173718 0.174969 0.173718 0.170019 0.164029 0.155996 0.146245 0.135152 0.123123 0.110571 0.097887 0.085428 0.073497 0.062335 0.052120 0.042963 0.034913 0.027972 0.022094 0.017206 0.013211 0.010001 0.007464 0.005493 0.003986 0.002852 0.002013 0.001400 0.000961 0.000650 0.000434 0.000285 0.000185 0.000119 0.000075 0.000047 0.000029 0.000017 0.000010 0.000006 0.000004 0.000002 0.000001 0.000001 0.000000 0.000000 0.000000 0.000000 0.000000 0.000000 0.000000 
0.000000 0.000000 0.000000 0.000000 0.000000 0.000000 0.000000 0.000001 0.000001 0.000002 0.000003 0.000006 0.000010 0.000016 0.000027 0.000045 0.000073 0.000117 0.000185 0.000289 0.000445 0.000677 0.001013 0.001497 0.002181 0.003134 0.004440 0.006202 0.008543 0.011604 0.015542 0.020523 0.026722 0.034303 0.043416 0.054176 0.066650 0.080838 0.096661 0.113946 0.132419 0.151707 0.171340 0.190766 0.209379 0.226543 0.241630 0.254057 0.263324 0.269045 0.270980 0.269045 0.263324 0.254057 0.241630 0.226543 0.209379 0.190766 0.171340 0.151707 0.132419 0.113946 0.096661 0.080838 0.066650 0.054176 0.043416 0.034303 0.026722 0.020523 0.015542 0.011604 0.008543 0.006202 0.004440 0.003134 0.002181 0.001497 0.001013 0.000677 0.000445 0.000289 0.000185 0.000117 0.000073 0.000045 0.000027 0.000016 0.000010 0.000006 0.000003 0.000002 0.000001 0.000001 0.000000 0.000000 0.000000 0.000000 0.000000 0.000000 
0.000000 0.000000 0.000000 0.000000 0.000000 0.000000 0.000000 0.000001 0.000002 0.000003 0.000005 0.000009 0.000015 0.000025 0.000042 0.000069 0.000112 0.000180 0.000285 0.000445 0.000686 0.001041 0.001559 0.002301 0.003351 0.004813 0.006816 0.009518 0.013106 0.017795 0.023825 0.031451 0.040938 0.052537 0.066476 0.082930 0.101999 0.123685 0.147863 0.174270 0.202488 0.231946 0.261924 0.291585 0.320000 0.346200 0.369228 0.388194 0.402337 0.411069 0.414021 0.411069 0.402337 0.388194 0.369228 0.346200 0.320000 0.291585 0.261924 0.231946 0.202488 0.174270 0.147863 0.123685 0.101999 0.082930 0.066476 0.052537 0.040938 0.031451 0.023825 0.017795 0.013106 0.009518 0.006816 0.004813 0.003351 0.002301 0.001559 0.001041 0.000686 0.000445 0.000285 0.000180 0.000112 0.000069 0.000042 0.000025 0.000015 0.000009 0.000005 0.000003 0.000002 0.000001 0.000000 0.000000 0.000000 0.000000 0.000000 0.000000 
0.000000 0.000000 0.000000 0.000000 0.000000 0.000000 0.000001 0.000001 0.000002 0.000004 0.000008 0.000013 0.000023 0.000038 0.000064 0.000105 0.000171 0.000274 0.000434 0.000677 0.001041 0.001580 0.002364 0.003489 0.005079 0.007291 0.010321 0.014407 0.019831 0.026917 0.036026 0.047543 0.061864 0.079371 0.100403 0.125223 0.153981 0.186677 0.223125 0.262924 0.305445 0.349826 0.394987 0.439662 0.482457 0.521912 0.556586 0.585144 0.606436 0.619583 0.624028 0.619583 0.606436 0.585144 0.556586 0.521912 0.482457 0.439662 0.394987 0.349826 0.305445 0.262924 0.223125 0.186677 0.153981 0.125223 0.100403 0.079371 0.061864 0.047543 0.036026 0.026917 0.019831 0.014407 0.010321 0.007291 0.005079 0.003489 0.002364 0.001580 0.001041 0.000677 0.000434 0.000274 0.000171 0.000105 0.000064 0.000038 0.000023 0.000013 0.000008 0.000004 0.000002 0.000001 0.000001 0.000000 0.000000 0.000000 0.000000 0.000000 
0.000000 0.000000 0.000000 0.000000 0.000000 0.000001 0.000001 0.000002 0.000004 0.000006 0.000011 0.000020 0.000034 0.000057 0.000096 0.000158 0.000257 0.000411 0.000650 0.001013 0.001559 0.002364 0.003536 0.005217 0.007591 0.010893 0.015414 0.021509 0.029597 0.040160 0.053733 0.070889 0.092216 0.118279 0.149583 0.186515 0.229298 0.277928 0.332126 0.391298 0.454506 0.520467 0.587578 0.653960 0.717540 0.776153 0.827661 0.870078 0.901704 0.921230 0.927832 0.921230 0.901704 0.870078 0.827661 0.776153 0.717540 0.653960 0.587578 0.520467 0.454506 0.391298 0.332126 0.277928 0.229298 0.186515 0.149583 0.118279 0.092216 0.070889 0.053733 0.040160 0.029597 0.021509 0.015414 0.010893 0.007591 0.005217 0.003536 0.002364 0.001559 0.001013 0.000650 0.000411 0.000257 0.000158 0.000096 0.000057 0.000034 0.000020 0.000011 0.000006 0.000004 0.000002 0.000001 0.000001 0.000000 0.000000 0.000000 0.000000 
0.000000 0.000000 0.000000 0.000000 0.000000 0.000001 0.000002 0.000003 0.000005 0.000010 0.000017 0.000029 0.000050 0.000085 0.000142 0.000234 0.000380 0.000608 0.000961 0.001497 0.002301 0.003489 0.005217 0.007694 0.011191 0.016052 0.022706 0.031673 0.043568 0.059098 0.079047 0.104255 0.135583 0.173858 0.219815 0.274024 0.336806 0.408153 0.487655 0.574436 0.667121 0.763830 0.862210 0.959509 1.052692 1.138588 1.214064 1.276218 1.322556 1.351164 1.360837 1.351164 1.322556 1.276218 1.214064 1.138588 1.052692 0.959509 0.862210 0.763830 0.667121 0.574436 0.487655 0.408153 0.336806 0.274024 0.219815 0.173858 0.135583 0.104255 0.079047 0.059098 0.043568 0.031673 0.022706 0.016052 0.011191 0.007694 0.005217 0.003489 0.002301 0.001497 0.000961 0.000608 0.000380 0.000234 0.000142 0.000085 0.000050 0.000029 0.000017 0.000010 0.000005 0.000003 0.000002 0.000001 0.000000 0.000000 0.000000 0.000000 
0.000000 0.000000 0.000000 0.000000 0.000001 0.000001 0.000002 0.000004 0.000008 0.000014 0.000025 0.000043 0.000074 0.000124 0.000207 0.000341 0.000554 0.000887 0.001400 0.002181 0.003351 0.005079 0.007591 0.011191 0.016270 0.023329 0.032988 0.046000 0.063255 0.085775 0.114695 0.151230 0.196619 0.252061 0.318614 0.397099 0.487975 0.591229 0.706262 0.831806 0.965870 1.105733 1.247994 1.388677 1.523394 1.647565 1.756666 1.846504 1.913478 1.954826 1.968806 1.954826 1.913478 1.846504 1.756666 1.647565 1.523394 1.388677 1.247994 1.105733 0.965870 0.831806 0.706262 0.591229 0.487975 0.397099 0.318614 0.252061 0.196619 0.151230 0.114695 0.085775 0.063255 0.046000 0.032988 0.023329 0.016270 0.011191 0.007591 0.005079 0.003351 0.002181 0.001400 0.000887 0.000554 0.000341 0.000207 0.000124 0.000074 0.000043 0.000025 0.000014 0.000008 0.000004 0.000002 0.000001 0.000001 0.000000 0.000000 0.000000 
0.000000 0.000000 0.000000 0.000001 0.000001 0.000002 0.000003 0.000006 0.000011 0.000020 0.000036 0.000062 0.000106 0.000179 0.000299 0.000491 0.000797 0.001275 0.002013 0.003134 0.004813 0.007291 0.010893 0.016052 0.023329 0.033438 0.047266 0.065888 0.090576 0.122786 0.164138 0.216362 0.281228 0.360438 0.455502 0.567583 0.697334 0.844727 1.008905 1.188055 1.379333 1.578857 1.781777 1.982422 2.174540 2.351603 2.507167 2.635256 2.730744 2.789692 2.809624 2.789692 2.730744 2.635256 2.507167 2.351603 2.174540 1.982422 1.781777 1.578857 1.379333 1.188055 1.008905 0.844727 0.697334 0.567583 0.455502 0.360438 0.281228 0.216362 0.164138 0.122786 0.090576 0.065888 0.047266 0.033438 0.023329 0.016052 0.010893 0.007291 0.004813 0.003134 0.002013 0.001275 0.000797 0.000491 0.000299 0.000179 0.000106 0.000062 0.000036 0.000020 0.000011 0.000006 0.000003 0.000002 0.000001 0.000001 0.000000 0.000000 
0.000000 0.000000 0.000000 0.000001 0.000001 0.000003 0.000005 0.000009 0.000016 0.000029 0.000051 0.000088 0.000151 0.000254 0.000424 0.000697 0.001130 0.001808 0.002852 0.004440 0.006816 0.010321 0.015414 0.022706 0.032988 0.047266 0.066790 0.093076 0.127911 0.173349 0.231665 0.305295 0.396725 0.508347 0.642278 0.800151 0.982874 1.190405 1.421528 1.673686 1.942876 2.223634 2.509133 2.791403 3.061651 3.310702 3.529497 3.709641 3.843928 3.926827 3.954856 3.926827 3.843928 3.709641 3.529497 3.310702 3.061651 2.791403 2.509133 2.223634 1.942876 1.673686 1.421528 1.190405 0.982874 0.800151 0.642278 0.508347 0.396725 0.305295 0.231665 0.173349 0.127911 0.093076 0.066790 0.047266 0.032988 0.022706 0.015414 0.010321 0.006816 0.004440 0.002852 0.001808 0.001130 0.000697 0.000424 0.000254 0.000151 0.000088 0.000051 0.000029 0.000016 0.000009 0.000005 0.000003 0.000001 0.000001 0.000001 0.000001 
0.000000 0.000000 0.000001 0.000001 0.000002 0.000004 0.000007 0.000013 0.000023 0.000040 0.000071 0.000123 0.000211 0.000356 0.000594 0.000975 0.001581 0.002527 0.003986 0.006202 0.009518 0.014407 0.021509 0.031673 0.046000 0.065888 0.093076 0.129667 0.178146 0.241362 0.322474 0.424858 0.551963 0.707102 0.893208 1.112536 1.366340 1.654549 1.975468 2.325542 2.699206 3.088877 3.485084 3.876767 4.251736 4.597266 4.900801 5.150700 5.336980 5.451972 5.490852 5.451972 5.336980 5.150700 4.900801 4.597266 4.251736 3.876767 3.485084 3.088877 2.699206 2.325542 1.975468 1.654549 1.366340 1.112536 0.893208 0.707102 0.551963 0.424858 0.322474 0.241362 0.178146 0.129667 0.093076 0.065888 0.046000 0.031673 0.021509 0.014407 0.009518 0.006202 0.003986 0.002527 0.001581 0.000975 0.000594 0.000356 0.000211 0.000123 0.000071 0.000040 0.000023 0.000013 0.000007 0.000004 0.000002 0.000001 0.000001 0.000001 
0.000001 0.000001 0.000001 0.000001 0.000003 0.000005 0.000010 0.000017 0.000031 0.000056 0.000098 0.000171 0.000292 0.000492 0.000819 0.001346 0.002180 0.003484 0.005493 0.008543 0.013106 0.019831 0.029597 0.043568 0.063255 0.090576 0.127911 0.178146 0.244683 0.331421 0.442686 0.583098 0.757370 0.970032 1.225091 1.525620 1.873324 2.268093 2.707597 3.186955 3.698548 4.231989 4.774318 5.310401 5.823562 6.296400 6.711744 7.053679 7.308554 7.465888 7.519082 7.465888 7.308554 7.053679 6.711744 6.296400 5.823562 5.310401 4.774318 4.231989 3.698548 3.186955 2.707597 2.268093 1.873324 1.525620 1.225091 0.970032 0.757370 0.583098 0.442686 0.331421 0.244683 0.178146 0.127911 0.090576 0.063255 0.043568 0.029597 0.019831 0.013106 0.008543 0.005493 0.003484 0.002180 0.001346 0.000819 0.000492 0.000292 0.000171 0.000098 0.000056 0.000031 0.000017 0.000010 0.000005 0.000003 0.000002 0.000001 0.000001 
0.000001 0.000001 0.000001 0.000002 0.000004 0.000007 0.000013 0.000024 0.000043 0.000076 0.000134 0.000232 0.000397 0.000670 0.001115 0.001831 0.002965 0.004736 0.007464 0.011604 0.017795 0.026917 0.040160 0.059098 0.085775 0.122786 0.173349 0.241362 0.331421 0.448794 0.599318 0.789228 1.024882 1.312388 1.657141 2.063278 2.533085 3.066396 3.660049 4.307443 4.998281 5.718537 6.450715 7.174391 7.867067 8.505269 9.065837 9.527306 9.871268 10.083590 10.155375 10.083590 9.871268 9.527306 9.065837 8.505269 7.867067 7.174391 6.450715 5.718537 4.998281 4.307443 3.660049 3.066396 2.533085 2.063278 1.657141 1.312388 1.024882 0.789228 0.599318 0.448794 0.331421 0.241362 0.173349 0.122786 0.085775 0.059098 0.040160 0.026917 0.017795 0.011604 0.007464 0.004736 0.002965 0.001831 0.001115 0.000670 0.000397 0.000232 0.000134 0.000076 0.000043 0.000024 0.000013 0.000007 0.000004 0.000002 0.000002 0.000002 
0.000001 0.000001 0.000002 0.000003 0.000005 0.000010 0.000018 0.000032 0.000058 0.000103 0.000180 0.000312 0.000534 0.000900 0.001496 0.002455 0.003975 0.006348 0.010001 0.015542 0.023825 0.036026 0.053733 0.079047 0.114695 0.164138 0.231665 0.322474 0.442686 0.599318 0.800143 1.053458 1.367722 1.751058 2.210634 2.751940 3.378000 4.088574 4.879430 5.741762 6.661845 7.621002 8.595934 9.559459 10.481636 11.331233 12.077437 12.691698 13.149530 13.432135 13.527682 13.432135 13.149530 12.691698 12.077437 11.331233 10.481636 9.559459 8.595934 7.621002 6.661845 5.741762 4.879430 4.088574 3.378000 2.751940 2.210634 1.751058 1.367722 1.053458 0.800143 0.599318 0.442686 0.322474 0.231665 0.164138 0.114695 0.079047 0.053733 0.036026 0.023825 0.015542 0.010001 0.006348 0.003975 0.002455 0.001496 0.000900 0.000534 0.000312 0.000180 0.000103 0.000058 0.000032 0.000018 0.000010 0.000005 0.000003 0.000002 0.000002 
0.000001 0.000001 0.000002 0.000004 0.000007 0.000013 0.000023 0.000043 0.000077 0.000136 0.000239 0.000414 0.000707 0.001191 0.001979 0.003247 0.005254 0.008388 0.013211 0.020523 0.031451 0.047543 0.070889 0.104255 0.151230 0.216362 0.305295 0.424858 0.583098 0.789228 1.053458 1.386681 1.799993 2.304049 2.908244 3.619767 4.442561 5.376287 6.415361 7.548199 8.756761 10.016512 11.296857 12.562112 13.772981 14.888475 15.868165 16.674592 17.275633 17.646628 17.772059 17.646628 17.275633 16.674592 15.868165 14.888475 13.772981 12.562112 11.296857 10.016512 8.756761 7.548199 6.415361 5.376287 4.442561 3.619767 2.908244 2.304049 1.799993 1.386681 1.053458 0.789228 0.583098 0.424858 0.305295 0.216362 0.151230 0.104255 0.070889 0.047543 0.031451 0.020523 0.013211 0.008388 0.005254 0.003247 0.001979 0.001191 0.000707 0.000414 0.000239 0.000136 0.000077 0.000043 0.000023 0.000013 0.000007 0.000004 0.000003 0.000003 
0.000002 0.000002 0.000003 0.000005 0.000009 0.000017 0.000030 0.000056 0.000100 0.000178 0.000312 0.000540 0.000922 0.001553 0.002582 0.004233 0.006848 0.010929 0.017206 0.026722 0.040938 0.061864 0.092216 0.135583 0.196619 0.281228 0.396725 0.551963 0.757370 1.024882 1.367722 1.799993 2.336055 2.989692 3.773049 4.695409 5.761850 6.971897 8.318290 9.785998 11.351639 12.983425 14.641735 16.280367 17.848450 19.292933 20.561496 21.605663 22.383872 22.864214 23.026613 22.864214 22.383872 21.605663 20.561496 19.292933 17.848450 16.280367 14.641735 12.983425 11.351639 9.785998 8.318290 6.971897 5.761850 4.695409 3.773049 2.989692 2.336055 1.799993 1.367722 1.024882 0.757370 0.551963 0.396725 0.281228 0.196619 0.135583 0.092216 0.061864 0.040938 0.026722 0.017206 0.010929 0.006848 0.004233 0.002582 0.001553 0.000922 0.000540 0.000312 0.000178 0.000100 0.000056 0.000031 0.000017 0.000009 0.000005 0.000004 0.000004 
0.000002 0.000002 0.000004 0.000006 0.000011 0.000021 0.000039 0.000072 0.000129 0.000229 0.000402 0.000695 0.001186 0.001998 0.003319 0.005441 0.008799 0.014038 0.022094 0.034303 0.052537 0.079371 0.118279 0.173858 0.252061 0.360438 0.508347 0.707102 0.970032 1.312388 1.751058 2.304049 2.989692 3.825572 4.827176 6.006327 7.369474 8.915974 10.636513 12.511862 14.512130 16.596704 18.714976 20.807950 22.810678 24.655439 26.275452 27.608851 28.602591 29.215957 29.423327 29.215957 28.602591 27.608851 26.275452 24.655439 22.810678 20.807950 18.714976 16.596704 14.512130 12.511862 10.636513 8.915974 7.369474 6.006327 4.827176 3.825572 2.989692 2.304049 1.751058 1.312388 0.970032 0.707102 0.508347 0.360438 0.252061 0.173858 0.118279 0.079371 0.052537 0.034303 0.022094 0.014038 0.008799 0.005441 0.003319 0.001998 0.001186 0.000695 0.000402 0.000229 0.000129 0.000072 0.000039 0.000021 0.000012 0.000007 0.000005 0.000005 
0.000003 0.000003 0.000004 0.000008 0.000015 0.000027 0.000050 0.000091 0.000164 0.000291 0.000510 0.000882 0.001505 0.002533 0.004208 0.006895 0.011146 0.017778 0.027972 0.043416 0.066476 0.100403 0.149583 0.219815 0.318614 0.455502 0.642278 0.893208 1.225091 1.657141 2.210634 2.908244 3.773049 4.827176 6.090102 7.576681 9.294992 11.244178 13.412465 15.775589 18.295871 20.922134 23.590634 26.227072 28.749668 31.073165 33.113495 34.792787 36.044277 36.816719 37.077868 36.816719 36.044277 34.792787 33.113495 31.073165 28.749668 26.227072 23.590634 20.922134 18.295871 15.775589 13.412465 11.244178 9.294992 7.576681 6.090102 4.827176 3.773049 2.908244 2.210634 1.657141 1.225091 0.893208 0.642278 0.455502 0.318614 0.219815 0.149583 0.100403 0.066476 0.043416 0.027972 0.017778 0.011146 0.006895 0.004208 0.002533 0.001505 0.000882 0.000510 0.000291 0.000164 0.000091 0.000050 0.000027 0.000015 0.000009 0.000006 0.000006 
0.000004 0.000004 0.000006 0.000010 0.000018 0.000034 0.000063 0.000114 0.000205 0.000364 0.000638 0.001103 0.001882 0.003167 0.005258 0.008613 0.013920 0.022196 0.034913 0.054176 0.082930 0.125223 0.186515 0.274024 0.397099 0.567583 0.800151 1.112536 1.525620 2.063278 2.751940 3.619767 4.695409 6.006327 7.576681 9.424876 11.560900 13.983632 16.678393 19.614998 22.746603 26.009617 29.324851 32.600027 35.733592 38.619687 41.153942 43.239687 44.794045 45.753406 46.077746 45.753406 44.794045 43.239687 41.153942 38.619687 35.733592 32.600027 29.324851 26.009617 22.746603 19.614998 16.678393 13.983632 11.560900 9.424876 7.576681 6.006327 4.695409 3.619767 2.751940 2.063278 1.525620 1.112536 0.800151 0.567583 0.397099 0.274024 0.186515 0.125223 0.082930 0.054176 0.034913 0.022196 0.013920 0.008613 0.005258 0.003167 0.001882 0.001103 0.000638 0.000364 0.000205 0.000114 0.000063 0.000034 0.000019 0.000011 0.000008 0.000008 
0.000005 0.000005 0.000007 0.000012 0.000023 0.000042 0.000077 0.000141 0.000253 0.000450 0.000787 0.001360 0.002319 0.003902 0.006477 0.010607 0.017139 0.027320 0.042963 0.066650 0.101999 0.153981 0.229298 0.336806 0.487975 0.697334 0.982874 1.366340 1.873324 2.533085 3.378000 4.442561 5.761850 7.369474 9.294992 11.560900 14.179373 17.148978 20.451672 24.050420 27.887799 31.885881 35.947653 39.960087 43.798817 47.334216 50.438496 52.993299 54.897168 56.072230 56.469491 56.072230 54.897168 52.993299 50.438496 47.334216 43.798817 39.960087 35.947653 31.885881 27.887799 24.050420 20.451672 17.148978 14.179373 11.560900 9.294992 7.369474 5.761850 4.442561 3.378000 2.533085 1.873324 1.366340 0.982874 0.697334 0.487975 0.336806 0.229298 0.153981 0.101999 0.066650 0.042963 0.027320 0.017139 0.010607 0.006477 0.003902 0.002319 0.001360 0.000787 0.000450 0.000253 0.000141 0.000077 0.000042 0.000023 0.000013 0.000009 0.000009 
0.000006 0.000006 0.000008 0.000015 0.000027 0.000051 0.000094 0.000171 0.000308 0.000547 0.000957 0.001653 0.002818 0.004740 0.007865 0.012878 0.020802 0.033151 0.052120 0.080838 0.123685 0.186677 0.277928 0.408153 0.591229 0.844727 1.190405 1.654549 2.268093 3.066396 4.088574 5.376287 6.971897 8.915974 11.244178 13.983632 17.148978 20.738415 24.730076 29.079161 33.716248 38.547167 43.454712 48.302355 52.939893 57.210788 60.960733 64.046823 66.346560 67.765930 68.245782 67.765930 66.346560 64.046823 60.960733 57.210788 52.939893 48.302355 43.454712 38.547167 33.716248 29.079161 24.730076 20.738415 17.148978 13.983632 11.244178 8.915974 6.971897 5.376287 4.088574 3.066396 2.268093 1.654549 1.190405 0.844727 0.591229 0.408153 0.277928 0.186677 0.123685 0.080838 0.052120 0.033151 0.020802 0.012878 0.007865 0.004740 0.002818 0.001653 0.000957 0.000547 0.000308 0.000172 0.000094 0.000051 0.000028 0.000016 0.000011 0.000011 
0.000007 0.000007 0.000010 0.000018 0.000033 0.000061 0.000113 0.000206 0.000369 0.000655 0.001147 0.001981 0.003375 0.005675 0.009416 0.015412 0.024890 0.039657 0.062335 0.096661 0.147863 0.223125 0.332126 0.487655 0.706262 1.008905 1.421528 1.975468 2.707597 3.660049 4.879430 6.415361 8.318290 10.636513 13.412465 16.678393 20.451672 24.730076 29.487479 34.670442 40.196208 45.952551 51.799834 57.575424 63.100421 68.188400 72.655610 76.331883 79.071366 80.762117 81.333712 80.762117 79.071366 76.331883 72.655610 68.188400 63.100421 57.575424 51.799834 45.952551 40.196208 34.670442 29.487479 24.730076 20.451672 16.678393 13.412465 10.636513 8.318290 6.415361 4.879430 3.660049 2.707597 1.975468 1.421528 1.008905 0.706262 0.487655 0.332126 0.223125 0.147863 0.096661 0.062335 0.039657 0.024890 0.015412 0.009416 0.005675 0.003375 0.001981 0.001147 0.000655 0.000370 0.000206 0.000113 0.000062 0.000034 0.000020 0.000014 0.000014 
0.000008 0.000008 0.000012 0.000021 0.000039 0.000073 0.000134 0.000243 0.000437 0.000774 0.001355 0.002339 0.003985 0.006699 0.011111 0.018183 0.029359 0.046768 0.073497 0.113946 0.174270 0.262924 0.391298 0.574436 0.831806 1.188055 1.673686 2.325542 3.186955 4.307443 5.741762 7.548199 9.785998 12.511862 15.775589 19.614998 24.050420 29.079161 34.670442 40.761410 47.254778 54.018669 60.889022 67.674790 74.165846 80.143240 85.391182 89.709846 92.927963 94.914092 95.585542 94.914092 92.927963 89.709846 85.391182 80.143240 74.165846 67.674790 60.889022 54.018669 47.254778 40.761410 34.670442 29.079161 24.050420 19.614998 15.775589 12.511862 9.785998 7.548199 5.741762 4.307443 3.186955 2.325542 1.673686 1.188055 0.831806 0.574436 0.391298 0.262924 0.174270 0.113946 0.073497 0.046768 0.029359 0.018183 0.011111 0.006699 0.003985 0.002339 0.001355 0.000774 0.000437 0.000243 0.000134 0.000073 0.000040 0.000023 0.000016 0.000016 
0.000010 0.000010 0.000014 0.000025 0.000046 0.000085 0.000156 0.000283 0.000509 0.000902 0.001577 0.002723 0.004637 0.007794 0.012925 0.021147 0.034138 0.054370 0.085428 0.132419 0.202488 0.305445 0.454506 0.667121 0.965870 1.379333 1.942876 2.699206 3.698548 4.998281 6.661845 8.756761 11.351639 14.512130 18.295871 22.746603 27.887799 33.716248 40.196208 47.254778 54.779193 62.616626 70.577001 78.439005 85.959246 92.884140 98.963776 103.966744 107.694715 109.995484 110.773300 109.995484 107.694715 103.966744 98.963776 92.884140 85.959246 78.439005 70.577001 62.616626 54.779193 47.254778 40.196208 33.716248 27.887799 22.746603 18.295871 14.512130 11.351639 8.756761 6.661845 4.998281 3.698548 2.699206 1.942876 1.379333 0.965870 0.667121 0.454506 0.305445 0.202488 0.132419 0.085428 0.054370 0.034138 0.021147 0.012925 0.007794 0.004637 0.002723 0.001577 0.000902 0.000509 0.000283 0.000156 0.000085 0.000047 0.000027 0.000019 0.000019 
0.000011 0.000011 0.000016 0.000028 0.000052 0.000097 0.000179 0.000325 0.000584 0.001035 0.001810 0.003124 0.005319 0.008939 0.014820 0.024244 0.039130 0.062310 0.097887 0.151707 0.231946 0.349826 0.520467 0.763830 1.105733 1.578857 2.223634 3.088877 4.231989 5.718537 7.621002 10.016512 12.983425 16.596704 20.922134 26.009617 31.885881 38.547167 45.952551 54.018669 62.616626 71.571790 80.666995 89.649426 98.241071 106.152299 113.097693 118.812977 123.071664 125.699945 126.588477 125.699945 123.071664 118.812977 113.097693 106.152299 98.241071 89.649426 80.666995 71.571790 62.616626 54.018669 45.952551 38.547167 31.885881 26.009617 20.922134 16.596704 12.983425 10.016512 7.621002 5.718537 4.231989 3.088877 2.223634 1.578857 1.105733 0.763830 0.520467 0.349826 0.231946 0.151707 0.097887 0.062310 0.039130 0.024244 0.014820 0.008939 0.005319 0.003124 0.001810 0.001035 0.000584 0.000325 0.000179 0.000098 0.000054 0.000031 0.000022 0.000022 
0.000013 0.000013 0.000018 0.000032 0.000059 0.000110 0.000202 0.000368 0.000661 0.001171 0.002047 0.003532 0.006015 0.010105 0.016751 0.027399 0.044214 0.070394 0.110571 0.171340 0.261924 0.394987 0.587578 0.862210 1.247994 1.781777 2.509133 3.485084 4.774318 6.450715 8.595934 11.296857 14.641735 18.714976 23.590634 29.324851 35.947653 43.454712 51.799834 60.889022 70.577001 80.666995 90.914342 101.034245 110.713556 119.626058 127.450301 133.888659 138.686068 141.646798 142.647714 141.646798 138.686068 133.888659 127.450301 119.626058 110.713556 101.034245 90.914342 80.666995 70.577001 60.889022 51.799834 43.454712 35.947653 29.324851 23.590634 18.714976 14.641735 11.296857 8.595934 6.450715 4.774318 3.485084 2.509133 1.781777 1.247994 0.862210 0.587578 0.394987 0.261924 0.171340 0.110571 0.070394 0.044214 0.027399 0.016751 0.010105 0.006015 0.003532 0.002047 0.001171 0.000661 0.000368 0.000203 0.000111 0.000061 0.000035 0.000025 0.000025 
