0.000000 0.000000 0.000000 0.000000 0.000000 0.000000 0.000000 0.000000 0.000000 0.000000 0.000000 0.000000 0.000000 0.000000 0.000000 0.000000 0.000001 0.000001 0.000001 0.000002 0.000002 0.000003 0.000005 0.000006 0.000009 0.000011 0.000015 0.000020 0.000026 0.000033 0.000042 0.000053 0.000065 0.000080 0.000097 0.000116 0.000137 0.000160 0.000185 0.000212 0.000239 0.000267 0.000295 0.000322 0.000347 0.000370 0.000390 0.000406 0.000418 0.000425 0.000428 0.000425 0.000418 0.000406 0.000390 0.000370 0.000347 0.000322 0.000295 0.000267 0.000239 0.000212 0.000185 0.000160 0.000137 0.000116 0.000097 0.000080 0.000065 0.000053 0.000042 0.000033 0.000026 0.000020 0.000015 0.000011 0.000009 0.000006 0.000005 0.000003 0.000002 0.000002 0.000001 0.000001 0.000001 0.000000 0.000000 0.000000 0.000000 0.000000 0.000000 0.000000 0.000000 0.000000 0.000000 0.000000 0.000000 0.000000 0.000000 0.000000 
0.000000 0.000000 0.000000 0.000000 0.000000 0.000000 0.000000 0.000000 0.000000 0.000000 0.000000 0.000000 0.000000 0.000000 0.000000 0.000000 0.000001 0.000001 0.000001 0.000002 0.000002 0.000003 0.000005 0.000006 0.000009 0.000011 0.000015 0.000020 0.000026 0.000033 0.000042 0.000053 0.000065 0.000080 0.000097 0.000116 0.000137 0.000160 0.000185 0.000212 0.000239 0.000267 0.000295 0.000322 0.000347 0.000370 0.000390 0.000406 0.000418 0.000425 0.000428 0.000425 0.000418 0.000406 0.000390 0.000370 0.000347 0.000322 0.000295 0.000267 0.000239 0.000212 0.000185 0.000160 0.000137 0.000116 0.000097 0.000080 0.000065 0.000053 0.000042 0.000033 0.000026 0.000020 0.000015 0.000011 0.000009 0.000006 0.000005 0.000003 0.000002 0.000002 0.000001 0.000001 0.000001 0.000000 0.000000 0.000000 0.000000 0.000000 0.000000 0.000000 0.000000 0.000000 0.000000 0.000000 0.000000 0.000000 0.000000 0.000000 
0.000000 0.000000 0.000000 0.000000 0.000000 0.000000 0.000000 0.000000 0.000000 0.000000 0.000000 0.000000 0.000000 0.000000 0.000000 0.000000 0.000001 0.000001 0.000001 0.000002 0.000003 0.000004 0.000006 0.000008 0.000011 0.000015 0.000020 0.000026 0.000034 0.000043 0.000055 0.000068 0.000085 0.000104 0.000125 0.000150 0.000178 0.000208 0.000240 0.000274 0.000310 0.000346 0.000382 0.000416 0.000449 0.000479 0.000504 0.000525 0.000541 0.000550 0.000553 0.000550 0.000541 0.000525 0.000504 0.000479 0.000449 0.000416 0.000382 0.000346 0.000310 0.000274 0.000240 0.000208 0.000178 0.000150 0.000125 0.000104 0.000085 0.000068 0.000055 0.000043 0.000034 0.000026 0.000020 0.000015 0.000011 0.000008 0.000006 0.000004 0.000003 0.000002 0.000001 0.000001 0.000001 0.000000 0.000000 0.000000 0.000000 0.000000 0.000000 0.000000 0.000000 0.000000 0.000000 0.000000 0.000000 0.000000 0.000000 0.000000 
0.000000 0.000000 0.000000 0.000000 0.000000 0.000000 0.000000 0.000000 0.000000 0.000000 0.000000 0.000000 0.000000 0.000000 0.000000 0.000001 0.000001 0.000002 0.000002 0.000003 0.000005 0.000006 0.000009 0.000012 0.000017 0.000023 0.000030 0.000039 0.000051 0.000065 0.000083 0.000103 0.000128 0.000157 0.000190 0.000227 0.000268 0.000314 0.000363 0.000414 0.000468 0.000522 0.000577 0.000629 0.000678 0.000723 0.000761 0.000793 0.000816 0.000831 0.000835 0.000831 0.000816 0.000793 0.000761 0.000723 0.000678 0.000629 0.000577 0.000522 0.000468 0.000414 0.000363 0.000314 0.000268 0.000227 0.000190 0.000157 0.000128 0.000103 0.000083 0.000065 0.000051 0.000039 0.000030 0.000023 0.000017 0.000012 0.000009 0.000006 0.000005 0.000003 0.000002 0.000002 0.000001 0.000001 0.000000 0.000000 0.000000 0.000000 0.000000 0.000000 0.000000 0.000000 0.000000 0.000000 0.000000 0.000000 0.000000 0.000000 
0.000000 0.000000 0.000000 0.000000 0.000000 0.000000 0.000000 0.000000 0.000000 0.000000 0.000000 0.000000 0.000000 0.000001 0.000001 0.000001 0.000002 0.000003 0.000004 0.000005 0.000007 0.000010 0.000015 0.000020 0.000027 0.000036 0.000048 0.000063 0.000082 0.000105 0.000133 0.000167 0.000206 0.000252 0.000305 0.000365 0.000432 0.000505 0.000583 0.000666 0.000752 0.000840 0.000926 0.001010 0.001089 0.001161 0.001223 0.001274 0.001311 0.001334 0.001342 0.001334 0.001311 0.001274 0.001223 0.001161 0.001089 0.001010 0.000926 0.000840 0.000752 0.000666 0.000583 0.000505 0.000432 0.000365 0.000305 0.000252 0.000206 0.000167 0.000133 0.000105 0.000082 0.000063 0.000048 0.000036 0.000027 0.000020 0.000015 0.000010 0.000007 0.000005 0.000004 0.000003 0.000002 0.000001 0.000001 0.000001 0.000000 0.000000 0.000000 0.000000 0.000000 0.000000 0.000000 0.000000 0.000000 0.000000 0.000000 0.000000 
0.000000 0.000000 0.000000 0.000000 0.000000 0.000000 0.000000 0.000000 0.000000 0.000000 0.000000 0.000000 0.000001 0.000001 0.000001 0.000002 0.000003 0.000004 0.000006 0.000009 0.000012 0.000017 0.000024 0.000033 0.000044 0.000060 0.000079 0.000104 0.000134 0.000172 0.000218 0.000273 0.000337 0.000413 0.000499 0.000597 0.000706 0.000825 0.000953 0.001089 0.001229 0.001372 0.001513 0.001650 0.001779 0.001896 0.001997 0.002080 0.002141 0.002178 0.002191 0.002178 0.002141 0.002080 0.001997 0.001896 0.001779 0.001650 0.001513 0.001372 0.001229 0.001089 0.000953 0.000825 0.000706 0.000597 0.000499 0.000413 0.000337 0.000273 0.000218 0.000172 0.000134 0.000104 0.000079 0.000060 0.000044 0.000033 0.000024 0.000017 0.000012 0.000009 0.000006 0.000004 0.000003 0.000002 0.000001 0.000001 0.000001 0.000000 0.000000 0.000000 0.000000 0.000000 0.000000 0.000000 0.000000 0.000000 0.000000 0.000000 
0.000000 0.000000 0.000000 0.000000 0.000000 0.000000 0.000000 0.000000 0.000000 0.000000 0.000000 0.000001 0.000001 0.000001 0.000002 0.000003 0.000005 0.000007 0.000010 0.000014 0.000020 0.000028 0.000039 0.000054 0.000073 0.000098 0.000129 0.000170 0.000220 0.000281 0.000356 0.000446 0.000551 0.000675 0.000816 0.000975 0.001153 0.001347 0.001556 0.001777 0.002005 0.002238 0.002468 0.002692 0.002901 0.003092 0.003257 0.003391 0.003490 0.003551 0.003572 0.003551 0.003490 0.003391 0.003257 0.003092 0.002901 0.002692 0.002468 0.002238 0.002005 0.001777 0.001556 0.001347 0.001153 0.000975 0.000816 0.000675 0.000551 0.000446 0.000356 0.000281 0.000220 0.000170 0.000129 0.000098 0.000073 0.000054 0.000039 0.000028 0.000020 0.000014 0.000010 0.000007 0.000005 0.000003 0.000002 0.000001 0.000001 0.000001 0.000000 0.000000 0.000000 0.000000 0.000000 0.000000 0.000000 0.000000 0.000000 0.000000 
0.000000 0.000000 0.000000 0.000000 0.000000 0.000000 0.000000 0.000000 0.000000 0.000000 0.000001 0.000001 0.000001 0.000002 0.000003 0.000005 0.000008 0.000011 0.000016 0.000023 0.000033 0.000046 0.000064 0.000087 0.000118 0.000159 0.000210 0.000275 0.000356 0.000456 0.000578 0.000723 0.000894 0.001093 0.001322 0.001580 0.001868 0.002182 0.002520 0.002877 0.003247 0.003623 0.003996 0.004357 0.004696 0.005004 0.005270 0.005488 0.005648 0.005747 0.005780 0.005747 0.005648 0.005488 0.005270 0.005004 0.004696 0.004357 0.003996 0.003623 0.003247 0.002877 0.002520 0.002182 0.001868 0.001580 0.001322 0.001093 0.000894 0.000723 0.000578 0.000456 0.000356 0.000275 0.000210 0.000159 0.000118 0.000087 0.000064 0.000046 0.000033 0.000023 0.000016 0.000011 0.000008 0.000005 0.000003 0.000002 0.000001 0.000001 0.000001 0.000000 0.000000 0.000000 0.000000 0.000000 0.000000 0.000000 0.000000 0.000000 
0.000000 0.000000 0.000000 0.000000 0.000000 0.000000 0.000000 0.000000 0.000000 0.000001 0.000001 0.000002 0.000002 0.000004 0.000006 0.000008 0.000012 0.000018 0.000026 0.000037 0.000053 0.000074 0.000103 0.000141 0.000190 0.000255 0.000338 0.000442 0.000573 0.000733 0.000928 0.001161 0.001436 0.001755 0.002122 0.002536 0.002997 0.003500 0.004042 0.004614 0.005207 0.005809 0.006407 0.006985 0.007528 0.008020 0.008447 0.008795 0.009052 0.009210 0.009263 0.009210 0.009052 0.008795 0.008447 0.008020 0.007528 0.006985 0.006407 0.005809 0.005207 0.004614 0.004042 0.003500 0.002997 0.002536 0.002122 0.001755 0.001436 0.001161 0.000928 0.000733 0.000573 0.000442 0.000338 0.000255 0.000190 0.000141 0.000103 0.000074 0.000053 0.000037 0.000026 0.000018 0.000012 0.000008 0.000006 0.000004 0.000002 0.000002 0.000001 0.000001 0.000000 0.000000 0.000000 0.000000 0.000000 0.000000 0.000000 0.000000 
0.000000 0.000000 0.000000 0.000000 0.000000 0.000000 0.000000 0.000000 0.000001 0.000001 0.000002 0.000002 0.000004 0.000006 0.000009 0.000013 0.000020 0.000029 0.000042 0.000059 0.000084 0.000118 0.000164 0.000224 0.000303 0.000406 0.000538 0.000704 0.000911 0.001166 0.001475 0.001845 0.002281 0.002789 0.003371 0.004028 0.004758 0.005557 0.006416 0.007323 0.008263 0.009217 0.010164 0.011080 0.011941 0.012721 0.013398 0.013948 0.014356 0.014606 0.014690 0.014606 0.014356 0.013948 0.013398 0.012721 0.011941 0.011080 0.010164 0.009217 0.008263 0.007323 0.006416 0.005557 0.004758 0.004028 0.003371 0.002789 0.002281 0.001845 0.001475 0.001166 0.000911 0.000704 0.000538 0.000406 0.000303 0.000224 0.000164 0.000118 0.000084 0.000059 0.000042 0.000029 0.000020 0.000013 0.000009 0.000006 0.000004 0.000002 0.000002 0.000001 0.000001 0.000000 0.000000 0.000000 0.000000 0.000000 0.000000 0.000000 
0.000000 0.000000 0.000000 0.000000 0.000000 0.000000 0.000000 0.000001 0.000001 0.000002 0.000002 0.000004 0.000006 0.000009 0.000014 0.000021 0.000031 0.000045 0.000065 0.000094 0.000133 0.000186 0.000258 0.000353 0.000478 0.000639 0.000846 0.001108 0.001433 0.001834 0.002319 0.002900 0.003586 0.004383 0.005296 0.006328 0.007474 0.008727 0.010074 0.011497 0.012972 0.014468 0.015953 0.017390 0.018739 0.019963 0.021023 0.021887 0.022525 0.022917 0.023049 0.022917 0.022525 0.021887 0.021023 0.019963 0.018739 0.017390 0.015953 0.014468 0.012972 0.011497 0.010074 0.008727 0.007474 0.006328 0.005296 0.004383 0.003586 0.002900 0.002319 0.001834 0.001433 0.001108 0.000846 0.000639 0.000478 0.000353 0.000258 0.000186 0.000133 0.000094 0.000065 0.000045 0.000031 0.000021 0.000014 0.000009 0.000006 0.000004 0.000002 0.000002 0.000001 0.000001 0.000000 0.000000 0.000000 0.000000 0.000000 0.000000 
0.000000 0.000000 0.000000 0.000000 0.000000 0.000000 0.000001 0.000001 0.000002 0.000002 0.000004 0.000006 0.000009 0.000014 0.000022 0.000033 0.000048 0.000071 0.000102 0.000146 0.000207 0.000290 0.000402 0.000550 0.000744 0.000996 0.001318 0.001724 0.002231 0.002853 0.003608 0.004511 0.005575 0.006814 0.008232 0.009834 0.011613 0.013558 0.015650 0.017858 0.020145 0.022467 0.024771 0.026999 0.029092 0.030990 0.032634 0.033973 0.034963 0.035571 0.035776 0.035571 0.034963 0.033973 0.032634 0.030990 0.029092 0.026999 0.024771 0.022467 0.020145 0.017858 0.015650 0.013558 0.011613 0.009834 0.008232 0.006814 0.005575 0.004511 0.003608 0.002853 0.002231 0.001724 0.001318 0.000996 0.000744 0.000550 0.000402 0.000290 0.000207 0.000146 0.000102 0.000071 0.000048 0.000033 0.000022 0.000014 0.000009 0.000006 0.000004 0.000002 0.000002 0.000001 0.000001 0.000000 0.000000 0.000000 0.000000 0.000000 
0.000000 0.000000 0.000000 0.000000 0.000000 0.000001 0.000001 0.000001 0.000002 0.000004 0.000006 0.000009 0.000015 0.000022 0.000034 0.000050 0.000075 0.000109 0.000158 0.000226 0.000320 0.000448 0.000619 0.000848 0.001147 0.001534 0.002030 0.002655 0.003434 0.004391 0.005551 0.006939 0.008575 0.010478 0.012657 0.015117 0.017849 0.020837 0.024047 0.027437 0.030948 0.034511 0.038046 0.041465 0.044677 0.047588 0.050110 0.052164 0.053683 0.054615 0.054930 0.054615 0.053683 0.052164 0.050110 0.047588 0.044677 0.041465 0.038046 0.034511 0.030948 0.027437 0.024047 0.020837 0.017849 0.015117 0.012657 0.010478 0.008575 0.006939 0.005551 0.004391 0.003434 0.002655 0.002030 0.001534 0.001147 0.000848 0.000619 0.000448 0.000320 0.000226 0.000158 0.000109 0.000075 0.000050 0.000034 0.000022 0.000015 0.000009 0.000006 0.000004 0.000002 0.000001 0.000001 0.000001 0.000000 0.000000 0.000000 0.000000 
0.000000 0.000000 0.000000 0.000000 0.000001 0.000001 0.000001 0.000002 0.000004 0.000006 0.000009 0.000014 0.000022 0.000034 0.000051 0.000077 0.000114 0.000167 0.000241 0.000345 0.000488 0.000683 0.000945 0.001292 0.001748 0.002338 0.003092 0.004044 0.005229 0.006684 0.008449 0.010559 0.013047 0.015938 0.019250 0.022987 0.027137 0.031674 0.036550 0.041697 0.047028 0.052437 0.057803 0.062993 0.067866 0.072284 0.076112 0.079229 0.081534 0.082949 0.083426 0.082949 0.081534 0.079229 0.076112 0.072284 0.067866 0.062993 0.057803 0.052437 0.047028 0.041697 0.036550 0.031674 0.027137 0.022987 0.019250 0.015938 0.013047 0.010559 0.008449 0.006684 0.005229 0.004044 0.003092 0.002338 0.001748 0.001292 0.000945 0.000683 0.000488 0.000345 0.000241 0.000167 0.000114 0.000077 0.000051 0.000034 0.000022 0.000014 0.000009 0.000006 0.000004 0.000002 0.000001 0.000001 0.000001 0.000000 0.000000 0.000000 
0.000000 0.000000 0.000000 0.000000 0.000001 0.000001 0.000002 0.000003 0.000006 0.000009 0.000014 0.000022 0.000034 0.000051 0.000078 0.000116 0.000172 0.000252 0.000364 0.000521 0.000737 0.001030 0.001425 0.001949 0.002635 0.003524 0.004660 0.006092 0.007875 0.010065 0.012719 0.015892 0.019633 0.023979 0.028957 0.034573 0.040810 0.047626 0.054950 0.062680 0.070686 0.078809 0.086866 0.094658 0.101974 0.108606 0.114353 0.119032 0.122491 0.124614 0.125330 0.124614 0.122491 0.119032 0.114353 0.108606 0.101974 0.094658 0.086866 0.078809 0.070686 0.062680 0.054950 0.047626 0.040810 0.034573 0.028957 0.023979 0.019633 0.015892 0.012719 0.010065 0.007875 0.006092 0.004660 0.003524 0.002635 0.001949 0.001425 0.001030 0.000737 0.000521 0.000364 0.000252 0.000172 0.000116 0.000078 0.000051 0.000034 0.000022 0.000014 0.000009 0.000006 0.000003 0.000002 0.000001 0.000001 0.000001 0.000000 0.000000 
0.000000 0.000000 0.000000 0.000001 0.000001 0.000002 0.000003 0.000005 0.000008 0.000013 0.000021 0.000033 0.000050 0.000077 0.000116 0.000174 0.000257 0.000376 0.000544 0.000777 0.001099 0.001537 0.002126 0.002906 0.003929 0.005253 0.006944 0.009076 0.011730 0.014989 0.018938 0.023658 0.029221 0.035684 0.043085 0.051432 0.060702 0.070831 0.081713 0.093198 0.105091 0.117156 0.129122 0.140694 0.151559 0.161407 0.169939 0.176886 0.182022 0.185175 0.186238 0.185175 0.182022 0.176886 0.169939 0.161407 0.151559 0.140694 0.129122 0.117156 0.105091 0.093198 0.081713 0.070831 0.060702 0.051432 0.043085 0.035684 0.029221 0.023658 0.018938 0.014989 0.011730 0.009076 0.006944 0.005253 0.003929 0.002906 0.002126 0.001537 0.001099 0.000777 0.000544 0.000376 0.000257 0.000174 0.000116 0.000077 0.000050 0.000033 0.000021 0.000013 0.000008 0.000005 0.000003 0.000002 0.000001 0.000001 0.000001 0.000001 
0.000001 0.000001 0.000001 0.000001 0.000002 0.000003 0.000005 0.000008 0.000012 0.000020 0.000031 0.000048 0.000075 0.000114 0.000172 0.000257 0.000380 0.000556 0.000803 0.001148 0.001623 0.002269 0.003136 0.004287 0.005794 0.007745 0.010235 0.013375 0.017281 0.022079 0.027890 0.034834 0.043017 0.052523 0.063406 0.075679 0.089306 0.104194 0.120187 0.137064 0.154538 0.172264 0.189844 0.206842 0.222801 0.237265 0.249797 0.260000 0.267542 0.272172 0.273733 0.272172 0.267542 0.260000 0.249797 0.237265 0.222801 0.206842 0.189844 0.172264 0.154538 0.137064 0.120187 0.104194 0.089306 0.075679 0.063406 0.052523 0.043017 0.034834 0.027890 0.022079 0.017281 0.013375 0.010235 0.007745 0.005794 0.004287 0.003136 0.002269 0.001623 0.001148 0.000803 0.000556 0.000380 0.000257 0.000172 0.000114 0.000075 0.000048 0.000031 0.000020 0.000012 0.000008 0.000005 0.000003 0.000002 0.000001 0.000001 0.000001 
0.000001 0.000001 0.000001 0.000002 0.000003 0.000004 0.000007 0.000011 0.000018 0.000029 0.000045 0.000071 0.000109 0.000167 0.000252 0.000376 0.000556 0.000812 0.001173 0.001677 0.002369 0.003311 0.004576 0.006254 0.008451 0.011292 0.014920 0.019493 0.025181 0.032165 0.040623 0.050728 0.062634 0.076462 0.092291 0.110138 0.129952 0.151597 0.174845 0.199376 0.224772 0.250532 0.276076 0.300773 0.323961 0.344974 0.363178 0.378000 0.388956 0.395682 0.397949 0.395682 0.388956 0.378000 0.363178 0.344974 0.323961 0.300773 0.276076 0.250532 0.224772 0.199376 0.174845 0.151597 0.129952 0.110138 0.092291 0.076462 0.062634 0.050728 0.040623 0.032165 0.025181 0.019493 0.014920 0.011292 0.008451 0.006254 0.004576 0.003311 0.002369 0.001677 0.001173 0.000812 0.000556 0.000376 0.000252 0.000167 0.000109 0.000071 0.000045 0.000029 0.000018 0.000011 0.000007 0.000004 0.000003 0.000002 0.000001 0.000001 
0.000001 0.000001 0.000001 0.000002 0.000004 0.000006 0.000010 0.000016 0.000026 0.000042 0.000065 0.000102 0.000158 0.000241 0.000364 0.000544 0.000803 0.001173 0.001695 0.002421 0.003421 0.004780 0.006604 0.009023 0.012189 0.016284 0.021511 0.028097 0.036289 0.046344 0.058520 0.073064 0.090197 0.110093 0.132863 0.158534 0.187029 0.218153 0.251579 0.286845 0.323352 0.360378 0.397091 0.432584 0.465905 0.496100 0.522258 0.543554 0.559295 0.568959 0.572217 0.568959 0.559295 0.543554 0.522258 0.496100 0.465905 0.432584 0.397091 0.360378 0.323352 0.286845 0.251579 0.218153 0.187029 0.158534 0.132863 0.110093 0.090197 0.073064 0.058520 0.046344 0.036289 0.028097 0.021511 0.016284 0.012189 0.009023 0.006604 0.004780 0.003421 0.002421 0.001695 0.001173 0.000803 0.000544 0.000364 0.000241 0.000158 0.000102 0.000066 0.000042 0.000026 0.000016 0.000010 0.000006 0.000004 0.000003 0.000002 0.000002 
0.000002 0.000002 0.000002 0.000003 0.000005 0.000009 0.000014 0.000023 0.000037 0.000059 0.000094 0.000146 0.000226 0.000345 0.000521 0.000777 0.001148 0.001677 0.002421 0.003459 0.004885 0.006823 0.009425 0.012874 0.017388 0.023224 0.030671 0.040054 0.051722 0.066040 0.083375 0.104079 0.128463 0.156775 0.189173 0.225692 0.266224 0.310490 0.358025 0.408170 0.460076 0.512712 0.564902 0.615353 0.662714 0.705630 0.742805 0.773070 0.795441 0.809173 0.813804 0.809173 0.795441 0.773070 0.742805 0.705630 0.662714 0.615353 0.564902 0.512712 0.460076 0.408170 0.358025 0.310490 0.266224 0.225692 0.189173 0.156775 0.128463 0.104079 0.083375 0.066040 0.051722 0.040054 0.030671 0.023224 0.017388 0.012874 0.009425 0.006823 0.004885 0.003459 0.002421 0.001677 0.001148 0.000777 0.000521 0.000345 0.000226 0.000146 0.000094 0.000059 0.000037 0.000023 0.000014 0.000009 0.000006 0.000004 0.000003 0.000003 
0.000002 0.000002 0.000003 0.000005 0.000007 0.000012 0.000020 0.000033 0.000053 0.000084 0.000133 0.000207 0.000320 0.000488 0.000737 0.001099 0.001623 0.002369 0.003421 0.004885 0.006898 0.009633 0.013302 0.018165 0.024530 0.032755 0.043250 0.056470 0.072905 0.093070 0.117480 0.146628 0.180952 0.220800 0.266390 0.317773 0.374795 0.437062 0.503920 0.574442 0.647433 0.721446 0.794824 0.865753 0.932334 0.992662 1.044918 1.087459 1.118904 1.138206 1.144714 1.138206 1.118904 1.087459 1.044918 0.992662 0.932334 0.865753 0.794824 0.721446 0.647433 0.574442 0.503920 0.437062 0.374795 0.317773 0.266390 0.220800 0.180952 0.146628 0.117480 0.093070 0.072905 0.056470 0.043250 0.032755 0.024530 0.018165 0.013302 0.009633 0.006898 0.004885 0.003421 0.002369 0.001623 0.001099 0.000737 0.000488 0.000320 0.000207 0.000133 0.000084 0.000053 0.000033 0.000020 0.000012 0.000008 0.000005 0.000004 0.000004 
0.000003 0.000003 0.000004 0.000006 0.000010 0.000017 0.000028 0.000046 0.000074 0.000118 0.000186 0.000290 0.000448 0.000683 0.001030 0.001537 0.002269 0.003311 0.004780 0.006823 0.009633 0.013448 0.018567 0.025349 0.034222 0.045688 0.060315 0.078735 0.101631 0.129718 0.163712 0.204297 0.252082 0.307548 0.370999 0.442503 0.521843 0.608471 0.701476 0.799569 0.901085 1.004015 1.106054 1.204682 1.297257 1.381134 1.453786 1.512929 1.556643 1.583477 1.592524 1.583477 1.556643 1.512929 1.453786 1.381134 1.297257 1.204682 1.106054 1.004015 0.901085 0.799569 0.701476 0.608471 0.521843 0.442503 0.370999 0.307548 0.252082 0.204297 0.163712 0.129718 0.101631 0.078735 0.060315 0.045688 0.034222 0.025349 0.018567 0.013448 0.009633 0.006823 0.004780 0.003311 0.002269 0.001537 0.001030 0.000683 0.000448 0.000290 0.000186 0.000118 0.000074 0.000046 0.000028 0.000018 0.000011 0.000007 0.000006 0.000006 
0.000005 0.000005 0.000006 0.000009 0.000015 0.000024 0.000039 0.000064 0.000103 0.000164 0.000258 0.000402 0.000619 0.000945 0.001425 0.002126 0.003136 0.004576 0.006604 0.009425 0.013302 0.018567 0.025627 0.034980 0.047216 0.063022 0.083182 0.108565 0.140111 0.178801 0.225620 0.281508 0.347300 0.423658 0.510995 0.609405 0.718586 0.837783 0.965741 1.100685 1.240327 1.381901 1.522241 1.657879 1.785187 1.900527 2.000427 2.081749 2.141856 2.178751 2.191191 2.178751 2.141856 2.081749 2.000427 1.900527 1.785187 1.657879 1.522241 1.381901 1.240327 1.100685 0.965741 0.837783 0.718586 0.609405 0.510995 0.423658 0.347300 0.281508 0.225620 0.178801 0.140111 0.108565 0.083182 0.063022 0.047216 0.034980 0.025627 0.018567 0.013302 0.009425 0.006604 0.004576 0.003136 0.002126 0.001425 0.000945 0.000619 0.000402 0.000258 0.000164 0.000103 0.000064 0.000039 0.000024 0.000015 0.000010 0.000008 0.000008 
0.000006 0.000006 0.000008 0.000012 0.000020 0.000033 0.000054 0.000087 0.000141 0.000224 0.000353 0.000550 0.000848 0.001292 0.001949 0.002906 0.004287 0.006254 0.009023 0.012874 0.018165 0.025349 0.034980 0.047737 0.064421 0.085969 0.113448 0.148040 0.191023 0.243731 0.307503 0.383616 0.473203 0.577163 0.696056 0.830005 0.978598 1.140804 1.314915 1.498516 1.688491 1.881080 2.071976 2.256466 2.429615 2.586480 2.722341 2.832933 2.914672 2.964845 2.981760 2.964845 2.914672 2.832933 2.722341 2.586480 2.429615 2.256466 2.071976 1.881080 1.688491 1.498516 1.314915 1.140804 0.978598 0.830005 0.696056 0.577163 0.473203 0.383616 0.307503 0.243731 0.191023 0.148040 0.113448 0.085969 0.064421 0.047737 0.034980 0.025349 0.018165 0.012874 0.009023 0.006254 0.004287 0.002906 0.001949 0.001292 0.000848 0.000550 0.000353 0.000224 0.000141 0.000088 0.000054 0.000033 0.000021 0.000014 0.000011 0.000011 
0.000009 0.000009 0.000011 0.000017 0.000027 0.000044 0.000073 0.000118 0.000190 0.000303 0.000478 0.000744 0.001147 0.001748 0.002635 0.003929 0.005794 0.008451 0.012189 0.017388 0.024530 0.034222 0.047216 0.064421 0.086919 0.115971 0.153011 0.199631 0.257549 0.328561 0.414465 0.516978 0.637622 0.777601 0.937666 1.117980 1.317984 1.536288 1.770592 2.017643 2.273251 2.532357 2.789166 3.037343 3.270252 3.481247 3.663983 3.812728 3.922662 3.990141 4.012892 3.990141 3.922662 3.812728 3.663983 3.481247 3.270252 3.037343 2.789166 2.532357 2.273251 2.017643 1.770592 1.536288 1.317984 1.117980 0.937666 0.777601 0.637622 0.516978 0.414465 0.328561 0.257549 0.199631 0.153011 0.115971 0.086919 0.064421 0.047216 0.034222 0.024530 0.017388 0.012189 0.008451 0.005794 0.003929 0.002635 0.001748 0.001147 0.000744 0.000478 0.000303 0.000191 0.000119 0.000073 0.000045 0.000028 0.000019 0.000015 0.000015 
0.000011 0.000011 0.000015 0.000023 0.000036 0.000060 0.000098 0.000159 0.000255 0.000406 0.000639 0.000996 0.001534 0.002338 0.003524 0.005253 0.007745 0.011292 0.016284 0.023224 0.032755 0.045688 0.063022 0.085969 0.115971 0.154705 0.204079 0.266214 0.343395 0.438007 0.552445 0.688988 0.849658 1.036055 1.249173 1.489223 1.755456 2.046021 2.357852 2.686619 3.026746 3.371502 3.713181 4.043355 4.353201 4.633883 4.876963 5.074820 5.221051 5.310807 5.341068 5.310807 5.221051 5.074820 4.876963 4.633883 4.353201 4.043355 3.713181 3.371502 3.026746 2.686619 2.357852 2.046021 1.755456 1.489223 1.249173 1.036055 0.849658 0.688988 0.552445 0.438007 0.343395 0.266214 0.204079 0.154705 0.115971 0.085969 0.063022 0.045688 0.032755 0.023224 0.016284 0.011292 0.007745 0.005253 0.003524 0.002338 0.001535 0.000996 0.000640 0.000406 0.000255 0.000159 0.000098 0.000061 0.000038 0.000025 0.000020 0.000020 
0.000015 0.000015 0.000020 0.000030 0.000048 0.000079 0.000129 0.000210 0.000338 0.000538 0.000846 0.001318 0.002030 0.003092 0.004660 0.006944 0.010235 0.014920 0.021511 0.030671 0.043250 0.060315 0.083182 0.113448 0.153011 0.204079 0.269166 0.351060 0.452769 0.577430 0.728191 0.908048 1.119659 1.365122 1.645740 1.961785 2.312266 2.694741 3.105172 3.537858 3.985459 4.439122 4.888707 5.323129 5.730785 6.100054 6.419843 6.680132 6.872499 6.990573 7.030380 6.990573 6.872499 6.680132 6.419843 6.100054 5.730785 5.323129 4.888707 4.439122 3.985459 3.537858 3.105172 2.694741 2.312266 1.961785 1.645740 1.365122 1.119659 0.908048 0.728191 0.577430 0.452769 0.351060 0.269166 0.204079 0.153011 0.113448 0.083182 0.060315 0.043250 0.030671 0.021511 0.014920 0.010235 0.006944 0.004660 0.003092 0.002030 0.001318 0.000846 0.000538 0.000338 0.000211 0.000130 0.000080 0.000050 0.000034 0.000026 0.000026 
0.000020 0.000020 0.000026 0.000039 0.000063 0.000104 0.000170 0.000275 0.000442 0.000704 0.001108 0.001724 0.002655 0.004044 0.006092 0.009076 0.013375 0.019493 0.028097 0.040054 0.056470 0.078735 0.108565 0.148040 0.199631 0.266214 0.351060 0.457799 0.590343 0.752775 0.949187 1.183474 1.459090 1.778758 2.144168 2.555664 3.011952 3.509846 4.044084 4.607247 5.189780 5.780162 6.365201 6.930479 7.460904 7.941363 8.357428 8.696071 8.946341 9.099953 9.151742 9.099953 8.946341 8.696071 8.357428 7.941363 7.460904 6.930479 6.365201 5.780162 5.189780 4.607247 4.044084 3.509846 3.011952 2.555664 2.144168 1.778758 1.459090 1.183474 0.949187 0.752775 0.590343 0.457799 0.351060 0.266214 0.199631 0.148040 0.108565 0.078735 0.056470 0.040054 0.028097 0.019493 0.013375 0.009076 0.006092 0.004044 0.002655 0.001724 0.001108 0.000704 0.000443 0.000276 0.000170 0.000105 0.000066 0.000044 0.000034 0.000034 
0.000026 0.000026 0.000034 0.000051 0.000082 0.000134 0.000220 0.000356 0.000573 0.000911 0.001433 0.002231 0.003434 0.005229 0.007875 0.011730 0.017281 0.025181 0.036289 0.051722 0.072905 0.101631 0.140111 0.191023 0.257549 0.343395 0.452769 0.590343 0.761153 0.970449 1.223495 1.525300 1.880299 2.291992 2.762544 3.292388 3.879850 4.520821 5.208524 5.933403 6.683164 7.442976 8.195870 8.923296 9.605840 10.224064 10.759414 11.195133 11.517141 11.714781 11.781413 11.714781 11.517141 11.195133 10.759414 10.224064 9.605840 8.923296 8.195870 7.442976 6.683164 5.933403 5.208524 4.520821 3.879850 3.292388 2.762544 2.291992 1.880299 1.525300 1.223495 0.970449 0.761153 0.590343 0.452769 0.343395 0.257549 0.191023 0.140111 0.101631 0.072905 0.051722 0.036289 0.025181 0.017281 0.011730 0.007875 0.005229 0.003434 0.002231 0.001433 0.000911 0.000573 0.000357 0.000221 0.000136 0.000086 0.000057 0.000045 0.000045 
0.000033 0.000033 0.000043 0.000065 0.000105 0.000172 0.000281 0.000456 0.000733 0.001166 0.001834 0.002853 0.004391 0.006684 0.010065 0.014989 0.022079 0.032165 0.046344 0.066040 0.093070 0.129718 0.178801 0.243731 0.328561 0.438007 0.577430 0.752775 0.970449 1.237134 1.559522 1.943985 2.396158 2.920485 3.519712 4.194381 4.942346 5.758370 6.633819 7.556526 8.510840 9.477889 10.436080 11.361812 12.230390 13.017089 13.698307 14.252735 14.662464 14.913942 14.998724 14.913942 14.662464 14.252735 13.698307 13.017089 12.230390 11.361812 10.436080 9.477889 8.510840 7.556526 6.633819 5.758370 4.942346 4.194381 3.519712 2.920485 2.396158 1.943985 1.559522 1.237134 0.970449 0.752775 0.577430 0.438007 0.328561 0.243731 0.178801 0.129718 0.093070 0.066040 0.046344 0.032165 0.022079 0.014989 0.010065 0.006684 0.004391 0.002853 0.001834 0.001166 0.000734 0.000457 0.000283 0.000175 0.000110 0.000073 0.000057 0.000057 
0.000042 0.000042 0.000055 0.000083 0.000133 0.000218 0.000356 0.000578 0.000928 0.001475 0.002319 0.003608 0.005551 0.008449 0.012719 0.018938 0.027890 0.040623 0.058520 0.083375 0.117480 0.163712 0.225620 0.307503 0.414465 0.552445 0.728191 0.949187 1.223495 1.559522 1.965689 2.450002 3.019550 3.679912 4.434531 5.284076 6.225834 7.253200 8.355297 9.516807 10.718025 11.935203 13.141168 14.306226 15.399310 16.389316 17.246556 17.944229 18.459807 18.776249 18.882932 18.776249 18.459807 17.944229 17.246556 16.389316 15.399310 14.306226 13.141168 11.935203 10.718025 9.516807 8.355297 7.253200 6.225834 5.284076 4.434531 3.679912 3.019550 2.450002 1.965689 1.559522 1.223495 0.949187 0.728191 0.552445 0.414465 0.307503 0.225620 0.163712 0.117480 0.083375 0.058520 0.040623 0.027890 0.018938 0.012719 0.008449 0.005551 0.003608 0.002319 0.001475 0.000928 0.000579 0.000358 0.000221 0.000139 0.000093 0.000072 0.000072 
0.000053 0.000053 0.000068 0.000103 0.000167 0.000273 0.000446 0.000723 0.001161 0.001845 0.002900 0.004511 0.006939 0.010559 0.015892 0.023658 0.034834 0.050728 0.073064 0.104079 0.146628 0.204297 0.281508 0.383616 0.516978 0.688988 0.908048 1.183474 1.525300 1.943985 2.450002 3.053313 3.762724 4.585169 5.524917 6.582785 7.755380 9.034467 10.406498 11.852395 13.347632 14.862651 16.363638 17.813645 19.174022 20.406075 21.472872 22.341075 22.982664 23.376441 23.509196 23.376441 22.982664 22.341075 21.472872 20.406075 19.174022 17.813645 16.363638 14.862651 13.347632 11.852395 10.406498 9.034467 7.755380 6.582785 5.524917 4.585169 3.762724 3.053313 2.450002 1.943985 1.525300 1.183474 0.908048 0.688988 0.516978 0.383616 0.281508 0.204297 0.146628 0.104079 0.073064 0.050728 0.034834 0.023658 0.015892 0.010559 0.006939 0.004511 0.002900 0.001845 0.001161 0.000724 0.000448 0.000277 0.000174 0.000116 0.000091 0.000091 
0.000065 0.000065 0.000085 0.000128 0.000206 0.000337 0.000551 0.000894 0.001436 0.002281 0.003586 0.005575 0.008575 0.013047 0.019633 0.029221 0.043017 0.062634 0.090197 0.128463 0.180952 0.252082 0.347300 0.473203 0.637622 0.849658 1.119659 1.459090 1.880299 2.396158 3.019550 3.762724 4.636509 5.649422 6.806700 8.109329 9.553118 11.127910 12.817017 14.596948 16.437511 18.302325 20.149780 21.934413 23.608669 25.124944 26.437806 27.506244 28.295791 28.780373 28.943741 28.780373 28.295791 27.506244 26.437806 25.124944 23.608669 21.934413 20.149780 18.302325 16.437511 14.596948 12.817017 11.127910 9.553118 8.109329 6.806700 5.649422 4.636509 3.762724 3.019550 2.396158 1.880299 1.459090 1.119659 0.849658 0.637622 0.473203 0.347300 0.252082 0.180952 0.128463 0.090197 0.062634 0.043017 0.029221 0.019633 0.013047 0.008576 0.005576 0.003586 0.002282 0.001436 0.000896 0.000554 0.000343 0.000216 0.000144 0.000112 0.000112 
0.000080 0.000080 0.000104 0.000157 0.000252 0.000413 0.000675 0.001093 0.001755 0.002789 0.004383 0.006814 0.010478 0.015938 0.023979 0.035684 0.052523 0.076462 0.110093 0.156775 0.220800 0.307548 0.423658 0.577163 0.777601 1.036055 1.365122 1.778758 2.291992 2.920485 3.679912 4.585169 5.649422 6.883017 8.292313 9.878486 11.636412 13.553712 15.610056 17.776841 20.017311 22.287189 24.535835 26.707931 28.745614 30.590967 32.188721 33.488985 34.449831 35.039541 35.238350 35.039541 34.449831 33.488985 32.188721 30.590967 28.745614 26.707931 24.535835 22.287189 20.017311 17.776841 15.610056 13.553712 11.636412 9.878486 8.292313 6.883017 5.649422 4.585169 3.679912 2.920485 2.291992 1.778758 1.365122 1.036055 0.777601 0.577163 0.423658 0.307548 0.220800 0.156775 0.110093 0.076462 0.052523 0.035684 0.023979 0.015938 0.010478 0.006814 0.004383 0.002789 0.001757 0.001096 0.000678 0.000419 0.000264 0.000177 0.000138 0.000138 
0.000097 0.000097 0.000125 0.000190 0.000305 0.000499 0.000816 0.001322 0.002122 0.003371 0.005296 0.008232 0.012657 0.019250 0.028957 0.043085 0.063406 0.092291 0.132863 0.189173 0.266390 0.370999 0.510995 0.696056 0.937666 1.249173 1.645740 2.144168 2.762544 3.519712 4.434531 5.524917 6.806700 8.292313 9.989385 11.899308 14.015892 16.324212 18.799782 21.408161 24.105104 26.837316 29.543857 32.158160 34.610605 36.831510 38.754381 40.319197 41.475521 42.185198 42.424450 42.185198 41.475521 40.319197 38.754381 36.831510 34.610605 32.158160 29.543857 26.837316 24.105104 21.408161 18.799782 16.324212 14.015892 11.899308 9.989385 8.292313 6.806700 5.524917 4.434531 3.519712 2.762544 2.144168 1.645740 1.249173 0.937666 0.696056 0.510995 0.370999 0.266390 0.189173 0.132863 0.092291 0.063406 0.043085 0.028957 0.019250 0.012658 0.008233 0.005297 0.003371 0.002124 0.001325 0.000820 0.000507 0.000319 0.000214 0.000167 0.000167 
0.000116 0.000116 0.000150 0.000227 0.000365 0.000597 0.000975 0.001580 0.002536 0.004028 0.006328 0.009834 0.015117 0.022987 0.034573 0.051432 0.075679 0.110138 0.158534 0.225692 0.317773 0.442503 0.609405 0.830005 1.117980 1.489223 1.961785 2.555664 3.292388 4.194381 5.284076 6.582785 8.109329 9.878486 11.899308 14.173427 16.693446 19.441577 22.388654 25.493672 28.703958 31.956084 35.177525 38.289070 41.207880 43.851051 46.139470 48.001733 49.377838 50.222394 50.507116 50.222394 49.377838 48.001733 46.139470 43.851051 41.207880 38.289070 35.177525 31.956084 28.703958 25.493672 22.388654 19.441577 16.693446 14.173427 11.899308 9.878486 8.109329 6.582785 5.284076 4.194381 3.292388 2.555664 1.961785 1.489223 1.117980 0.830005 0.609405 0.442503 0.317773 0.225692 0.158534 0.110138 0.075679 0.051433 0.034573 0.022987 0.015117 0.009834 0.006328 0.004029 0.002538 0.001583 0.000981 0.000607 0.000382 0.000256 0.000199 0.000199 
0.000137 0.000137 0.000178 0.000268 0.000432 0.000706 0.001153 0.001868 0.002997 0.004758 0.007474 0.011613 0.017849 0.027137 0.040810 0.060702 0.089306 0.129952 0.187029 0.266224 0.374795 0.521843 0.718586 0.978598 1.317984 1.755456 2.312266 3.011952 3.879850 4.942346 6.225834 7.755380 9.553118 11.636412 14.015892 16.693446 19.660338 22.895607 26.364901 30.019939 33.798721 37.626593 41.418206 45.080351 48.515557 51.626278 54.319440 56.511038 58.130482 59.124374 59.459440 59.124374 58.130482 56.511038 54.319440 51.626278 48.515557 45.080351 41.418206 37.626593 33.798721 30.019939 26.364901 22.895607 19.660338 16.693446 14.015892 11.636412 9.553118 7.755380 6.225834 4.942346 3.879850 3.011952 2.312266 1.755456 1.317984 0.978598 0.718586 0.521843 0.374795 0.266224 0.187029 0.129952 0.089306 0.060702 0.040810 0.027138 0.017850 0.011613 0.007474 0.004759 0.002999 0.001871 0.001159 0.000717 0.000452 0.000302 0.000236 0.000236 
0.000160 0.000160 0.000208 0.000314 0.000505 0.000825 0.001347 0.002182 0.003500 0.005557 0.008727 0.013558 0.020837 0.031674 0.047626 0.070831 0.104194 0.151597 0.218153 0.310490 0.437062 0.608471 0.837783 1.140804 1.536288 2.046021 2.694741 3.509846 4.520821 5.758370 7.253200 9.034467 11.127910 13.553712 16.324212 19.441577 22.895607 26.661875 30.700375 34.954898 39.353273 43.808615 48.221602 52.483771 56.481709 60.101925 63.236130 65.786593 67.671192 68.827808 69.217730 68.827808 67.671192 65.786593 63.236130 60.101925 56.481709 52.483771 48.221602 43.808615 39.353273 34.954898 30.700375 26.661875 22.895607 19.441577 16.324212 13.553712 11.127910 9.034467 7.253200 5.758370 4.520821 3.509846 2.694741 2.046021 1.536288 1.140804 0.837783 0.608471 0.437062 0.310490 0.218153 0.151597 0.104194 0.070831 0.047626 0.031674 0.020837 0.013559 0.008728 0.005558 0.003503 0.002186 0.001354 0.000838 0.000528 0.000354 0.000276 0.000276 
0.000185 0.000185 0.000240 0.000363 0.000583 0.000953 0.001556 0.002520 0.004042 0.006416 0.010074 0.015650 0.024047 0.036550 0.054950 0.081713 0.120187 0.174845 0.251579 0.358025 0.503920 0.701476 0.965741 1.314915 1.770592 2.357852 3.105172 4.044084 5.208524 6.633819 8.355297 10.406498 12.817017 15.610056 18.799782 22.388654 26.364901 30.700375 35.349009 40.246092 45.308554 50.436400 55.515334 60.420551 65.021556 69.187772 72.794612 75.729641 77.898381 79.229371 79.678077 79.229371 77.898381 75.729641 72.794612 69.187772 65.021556 60.420551 55.515334 50.436400 45.308554 40.246092 35.349009 30.700375 26.364901 22.388654 18.799782 15.610056 12.817017 10.406498 8.355297 6.633819 5.208524 4.044084 3.105172 2.357852 1.770592 1.314915 0.965741 0.701476 0.503920 0.358025 0.251579 0.174845 0.120187 0.081713 0.054950 0.036550 0.024047 0.015650 0.010075 0.006417 0.004045 0.002525 0.001564 0.000968 0.000610 0.000409 0.000319 0.000319 
0.000212 0.000212 0.000274 0.000414 0.000666 0.001089 0.001777 0.002877 0.004614 0.007323 0.011497 0.017858 0.027437 0.041697 0.062680 0.093198 0.137064 0.199376 0.286845 0.408170 0.574442 0.799569 1.100685 1.498516 2.017643 2.686619 3.537858 4.607247 5.933403 7.556526 9.516807 11.852395 14.596948 17.776841 21.408161 25.493672 30.019939 34.954898 40.246092 45.819856 51.581644 57.417655 63.197828 68.780152 74.016150 78.757259 82.861738 86.201670 88.669576 90.184159 90.694756 90.184159 88.669576 86.201670 82.861738 78.757259 74.016150 68.780152 63.197828 57.417655 51.581644 45.819856 40.246092 34.954898 30.019939 25.493672 21.408161 17.776841 14.596948 11.852395 9.516807 7.556526 5.933403 4.607247 3.537858 2.686619 2.017643 1.498516 1.100685 0.799569 0.574442 0.408170 0.286845 0.199376 0.137064 0.093198 0.062680 0.041697 0.027437 0.017858 0.011498 0.007324 0.004617 0.002883 0.001786 0.001106 0.000697 0.000467 0.000364 0.000364 
0.000239 0.000239 0.000310 0.000468 0.000752 0.001229 0.002005 0.003247 0.005207 0.008263 0.012972 0.020145 0.030948 0.047028 0.070686 0.105091 0.154538 0.224772 0.323352 0.460076 0.647433 0.901085 1.240327 1.688491 2.273251 3.026746 3.985459 5.189780 6.683164 8.510840 10.718025 13.347632 16.437511 20.017311 24.105104 28.703958 33.798721 39.353273 45.308554 51.581644 58.066133 64.633958 71.138767 77.420772 83.312920 88.648064 93.266742 97.025048 99.802069 101.506349 102.080895 101.506349 99.802069 97.025048 93.266742 88.648064 83.312920 77.420772 71.138767 64.633958 58.066133 51.581644 45.308554 39.353273 33.798721 28.703958 24.105104 20.017311 16.437511 13.347632 10.718025 8.510840 6.683164 5.189780 3.985459 3.026746 2.273251 1.688491 1.240327 0.901085 0.647433 0.460076 0.323353 0.224772 0.154538 0.105091 0.070686 0.047028 0.030948 0.020146 0.012973 0.008265 0.005210 0.003253 0.002016 0.001249 0.000787 0.000527 0.000411 0.000411 
0.000267 0.000267 0.000346 0.000522 0.000840 0.001372 0.002238 0.003623 0.005809 0.009217 0.014468 0.022467 0.034511 0.052437 0.078809 0.117156 0.172264 0.250532 0.360378 0.512712 0.721446 1.004015 1.381901 1.881080 2.532357 3.371502 4.439122 5.780162 7.442976 9.477889 11.935203 14.862651 18.302325 22.287189 26.837316 31.956084 37.626593 43.808615 50.436400 57.417655 64.633958 71.942804 79.181345 86.171798 92.728303 98.664904 103.804198 107.986094 111.076081 112.972420 113.611712 112.972420 111.076081 107.986094 103.804198 98.664904 92.728303 86.171798 79.181345 71.942804 64.633958 57.417655 50.436400 43.808615 37.626593 31.956084 26.837316 22.287189 18.302325 14.862651 11.935203 9.477889 7.442976 5.780162 4.439122 3.371502 2.532357 1.881080 1.381901 1.004015 0.721446 0.512712 0.360378 0.250532 0.172264 0.117156 0.078809 0.052437 0.034511 0.022468 0.014469 0.009219 0.005813 0.003630 0.002250 0.001394 0.000878 0.000589 0.000459 0.000459 
0.000295 0.000295 0.000382 0.000577 0.000926 0.001513 0.002468 0.003996 0.006407 0.010164 0.015953 0.024771 0.038046 0.057803 0.086866 0.129122 0.189844 0.276076 0.397091 0.564902 0.794824 1.106054 1.522241 2.071976 2.789166 3.713181 4.888707 6.365201 8.195870 10.436080 13.141168 16.363638 20.149780 24.535835 29.543857 35.177525 41.418206 48.221602 55.515334 63.197828 71.138767 79.181345 87.146386 94.838290 102.052578 108.584675 114.239419 118.840696 122.240538 124.327026 125.030419 124.327026 122.240538 118.840696 114.239419 108.584675 102.052578 94.838290 87.146386 79.181345 71.138767 63.197828 55.515334 48.221602 41.418206 35.177525 29.543857 24.535835 20.149780 16.363638 13.141168 10.436080 8.195870 6.365201 4.888707 3.713181 2.789166 2.071976 1.522241 1.106054 0.794824 0.564902 0.397091 0.276076 0.189844 0.129122 0.086866 0.057803 0.038046 0.024771 0.015955 0.010166 0.006411 0.004004 0.002482 0.001537 0.000969 0.000650 0.000507 0.000507 
