0.000000 0.000000 0.000000 0.000000 0.000000 0.000000 0.000000 0.000000 0.000000 0.000001 0.000001 0.000002 0.000002 0.000003 0.000005 0.000007 0.000010 0.000013 0.000018 0.000025 0.000033 0.000044 0.000058 0.000076 0.000099 0.000127 0.000161 0.000203 0.000253 0.000312 0.000381 0.000461 0.000553 0.000656 0.000771 0.000897 0.001034 0.001180 0.001334 0.001493 0.001655 0.001816 0.001974 0.002125 0.002264 0.002390 0.002498 0.002585 0.002649 0.002688 0.002701 0.002688 0.002649 0.002585 0.002498 0.002390 0.002264 0.002125 0.001974 0.001816 0.001655 0.001493 0.001334 0.001180 0.001034 0.000897 0.000771 0.000656 0.000553 0.000461 0.000381 0.000312 0.000253 0.000203 0.000161 0.000127 0.000099 0.000076 0.000058 0.000044 0.000033 0.000025 0.000018 0.000013 0.000010 0.000007 0.000005 0.000003 0.000002 0.000002 0.000001 0.000001 0.000000 0.000000 0.000000 0.000000 0.000000 0.000000 0.000000 0.000000 
0.000000 0.000000 0.000000 0.000000 0.000000 0.000000 0.000000 0.000000 0.000000 0.000001 0.000001 0.000002 0.000002 0.000003 0.000005 0.000007 0.000010 0.000013 0.000018 0.000025 0.000033 0.000044 0.000058 0.000076 0.000099 0.000127 0.000161 0.000203 0.000253 0.000312 0.000381 0.000461 0.000553 0.000656 0.000771 0.000897 0.001034 0.001180 0.001334 0.001493 0.001655 0.001816 0.001974 0.002125 0.002264 0.002390 0.002498 0.002585 0.002649 0.002688 0.002701 0.002688 0.002649 0.002585 0.002498 0.002390 0.002264 0.002125 0.001974 0.001816 0.001655 0.001493 0.001334 0.001180 0.001034 0.000897 0.000771 0.000656 0.000553 0.000461 0.000381 0.000312 0.000253 0.000203 0.000161 0.000127 0.000099 0.000076 0.000058 0.000044 0.000033 0.000025 0.000018 0.000013 0.000010 0.000007 0.000005 0.000003 0.000002 0.000002 0.000001 0.000001 0.000000 0.000000 0.000000 0.000000 0.000000 0.000000 0.000000 0.000000 
0.000000 0.000000 0.000000 0.000000 0.000000 0.000000 0.000000 0.000000 0.000001 0.000001 0.000001 0.000002 0.000003 0.000004 0.000006 0.000008 0.000012 0.000016 0.000022 0.000030 0.000040 0.000054 0.000071 0.000093 0.000120 0.000154 0.000196 0.000246 0.000307 0.000379 0.000463 0.000560 0.000671 0.000796 0.000935 0.001088 0.001254 0.001431 0.001617 0.001810 0.002006 0.002201 0.002392 0.002575 0.002744 0.002896 0.003026 0.003132 0.003209 0.003257 0.003273 0.003257 0.003209 0.003132 0.003026 0.002896 0.002744 0.002575 0.002392 0.002201 0.002006 0.001810 0.001617 0.001431 0.001254 0.001088 0.000935 0.000796 0.000671 0.000560 0.000463 0.000379 0.000307 0.000246 0.000196 0.000154 0.000120 0.000093 0.000071 0.000054 0.000040 0.000030 0.000022 0.000016 0.000012 0.000008 0.000006 0.000004 0.000003 0.000002 0.000001 0.000001 0.000001 0.000000 0.000000 0.000000 0.000000 0.000000 0.000000 0.000000 
0.000000 0.000000 0.000000 0.000000 0.000000 0.000000 0.000000 0.000001 0.000001 0.000001 0.000002 0.000003 0.000004 0.000006 0.000008 0.000012 0.000016 0.000022 0.000031 0.000042 0.000056 0.000075 0.000098 0.000129 0.000166 0.000213 0.000271 0.000341 0.000424 0.000524 0.000639 0.000774 0.000927 0.001099 0.001292 0.001503 0.001732 0.001976 0.002233 0.002498 0.002768 0.003038 0.003301 0.003553 0.003786 0.003995 0.004175 0.004320 0.004427 0.004493 0.004515 0.004493 0.004427 0.004320 0.004175 0.003995 0.003786 0.003553 0.003301 0.003038 0.002768 0.002498 0.002233 0.001976 0.001732 0.001503 0.001292 0.001099 0.000927 0.000774 0.000639 0.000524 0.000424 0.000341 0.000271 0.000213 0.000166 0.000129 0.000098 0.000075 0.000056 0.000042 0.000031 0.000022 0.000016 0.000012 0.000008 0.000006 0.000004 0.000003 0.000002 0.000001 0.000001 0.000001 0.000000 0.000000 0.000000 0.000000 0.000000 0.000000 
0.000000 0.000000 0.000000 0.000000 0.000000 0.000000 0.000001 0.000001 0.000001 0.000002 0.000003 0.000004 0.000006 0.000008 0.000012 0.000017 0.000024 0.000033 0.000045 0.000061 0.000083 0.000110 0.000145 0.000190 0.000245 0.000315 0.000399 0.000502 0.000625 0.000771 0.000942 0.001139 0.001364 0.001618 0.001901 0.002212 0.002548 0.002907 0.003284 0.003675 0.004072 0.004468 0.004854 0.005224 0.005566 0.005874 0.006138 0.006351 0.006508 0.006605 0.006637 0.006605 0.006508 0.006351 0.006138 0.005874 0.005566 0.005224 0.004854 0.004468 0.004072 0.003675 0.003284 0.002907 0.002548 0.002212 0.001901 0.001618 0.001364 0.001139 0.000942 0.000771 0.000625 0.000502 0.000399 0.000315 0.000245 0.000190 0.000145 0.000110 0.000083 0.000061 0.000045 0.000033 0.000024 0.000017 0.000012 0.000008 0.000006 0.000004 0.000003 0.000002 0.000001 0.000001 0.000001 0.000000 0.000000 0.000000 0.000000 0.000000 
0.000000 0.000000 0.000000 0.000000 0.000000 0.000001 0.000001 0.000001 0.000002 0.000003 0.000004 0.000006 0.000009 0.000013 0.000018 0.000026 0.000036 0.000050 0.000068 0.000093 0.000125 0.000166 0.000219 0.000286 0.000370 0.000475 0.000603 0.000757 0.000943 0.001163 0.001420 0.001717 0.002056 0.002438 0.002864 0.003331 0.003837 0.004377 0.004945 0.005532 0.006129 0.006724 0.007306 0.007861 0.008376 0.008838 0.009235 0.009557 0.009793 0.009937 0.009986 0.009937 0.009793 0.009557 0.009235 0.008838 0.008376 0.007861 0.007306 0.006724 0.006129 0.005532 0.004945 0.004377 0.003837 0.003331 0.002864 0.002438 0.002056 0.001717 0.001420 0.001163 0.000943 0.000757 0.000603 0.000475 0.000370 0.000286 0.000219 0.000166 0.000125 0.000093 0.000068 0.000050 0.000036 0.000026 0.000018 0.000013 0.000009 0.000006 0.000004 0.000003 0.000002 0.000001 0.000001 0.000001 0.000000 0.000000 0.000000 0.000000 
0.000000 0.000000 0.000000 0.000000 0.000001 0.000001 0.000001 0.000002 0.000003 0.000004 0.000006 0.000009 0.000014 0.000019 0.000028 0.000039 0.000055 0.000076 0.000104 0.000141 0.000189 0.000252 0.000332 0.000434 0.000561 0.000719 0.000913 0.001147 0.001428 0.001760 0.002148 0.002598 0.003110 0.003688 0.004331 0.005037 0.005802 0.006618 0.007476 0.008363 0.009264 0.010164 0.011042 0.011880 0.012658 0.013356 0.013955 0.014440 0.014797 0.015015 0.015088 0.015015 0.014797 0.014440 0.013955 0.013356 0.012658 0.011880 0.011042 0.010164 0.009264 0.008363 0.007476 0.006618 0.005802 0.005037 0.004331 0.003688 0.003110 0.002598 0.002148 0.001760 0.001428 0.001147 0.000913 0.000719 0.000561 0.000434 0.000332 0.000252 0.000189 0.000141 0.000104 0.000076 0.000055 0.000039 0.000028 0.000019 0.000014 0.000009 0.000006 0.000004 0.000003 0.000002 0.000001 0.000001 0.000001 0.000000 0.000000 0.000000 
0.000000 0.000000 0.000000 0.000001 0.000001 0.000001 0.000002 0.000003 0.000004 0.000007 0.000010 0.000014 0.000021 0.000030 0.000042 0.000059 0.000083 0.000114 0.000157 0.000213 0.000286 0.000380 0.000502 0.000655 0.000847 0.001085 0.001377 0.001730 0.002153 0.002653 0.003239 0.003915 0.004687 0.005557 0.006526 0.007589 0.008739 0.009967 0.011258 0.012593 0.013949 0.015302 0.016624 0.017885 0.019054 0.020104 0.021005 0.021735 0.022271 0.022599 0.022709 0.022599 0.022271 0.021735 0.021005 0.020104 0.019054 0.017885 0.016624 0.015302 0.013949 0.012593 0.011258 0.009967 0.008739 0.007589 0.006526 0.005557 0.004687 0.003915 0.003239 0.002653 0.002153 0.001730 0.001377 0.001085 0.000847 0.000655 0.000502 0.000380 0.000286 0.000213 0.000157 0.000114 0.000083 0.000059 0.000042 0.000030 0.000021 0.000014 0.000010 0.000007 0.000004 0.000003 0.000002 0.000001 0.000001 0.000001 0.000001 0.000001 
0.000000 0.000000 0.000001 0.000001 0.000001 0.000002 0.000003 0.000004 0.000007 0.000010 0.000015 0.000021 0.000031 0.000044 0.000063 0.000089 0.000124 0.000172 0.000235 0.000319 0.000428 0.000570 0.000752 0.000982 0.001269 0.001626 0.002062 0.002590 0.003223 0.003972 0.004847 0.005859 0.007013 0.008314 0.009761 0.011350 0.013070 0.014905 0.016833 0.018827 0.020854 0.022875 0.024849 0.026732 0.028479 0.030046 0.031392 0.032481 0.033282 0.033772 0.033937 0.033772 0.033282 0.032481 0.031392 0.030046 0.028479 0.026732 0.024849 0.022875 0.020854 0.018827 0.016833 0.014905 0.013070 0.011350 0.009761 0.008314 0.007013 0.005859 0.004847 0.003972 0.003223 0.002590 0.002062 0.001626 0.001269 0.000982 0.000752 0.000570 0.000428 0.000319 0.000235 0.000172 0.000124 0.000089 0.000063 0.000044 0.000031 0.000021 0.000015 0.000010 0.000007 0.000004 0.000003 0.000002 0.000001 0.000001 0.000001 0.000001 
0.000001 0.000001 0.000001 0.000001 0.000002 0.000003 0.000004 0.000007 0.000010 0.000015 0.000022 0.000032 0.000046 0.000066 0.000094 0.000132 0.000185 0.000255 0.000350 0.000474 0.000637 0.000848 0.001117 0.001458 0.001885 0.002414 0.003062 0.003846 0.004784 0.005895 0.007193 0.008693 0.010405 0.012333 0.014478 0.016833 0.019381 0.022100 0.024957 0.027911 0.030913 0.033906 0.036830 0.039619 0.042206 0.044527 0.046521 0.048133 0.049319 0.050044 0.050289 0.050044 0.049319 0.048133 0.046521 0.044527 0.042206 0.039619 0.036830 0.033906 0.030913 0.027911 0.024957 0.022100 0.019381 0.016833 0.014478 0.012333 0.010405 0.008693 0.007193 0.005895 0.004784 0.003846 0.003062 0.002414 0.001885 0.001458 0.001117 0.000848 0.000637 0.000474 0.000350 0.000255 0.000185 0.000132 0.000094 0.000066 0.000046 0.000032 0.000022 0.000015 0.000010 0.000007 0.000004 0.000003 0.000002 0.000001 0.000001 0.000001 
0.000001 0.000001 0.000001 0.000002 0.000003 0.000004 0.000006 0.000010 0.000015 0.000022 0.000032 0.000047 0.000068 0.000097 0.000139 0.000195 0.000272 0.000376 0.000515 0.000699 0.000938 0.001249 0.001645 0.002147 0.002775 0.003553 0.004506 0.005659 0.007038 0.008671 0.010579 0.012783 0.015297 0.018131 0.021282 0.024740 0.028482 0.032475 0.036670 0.041007 0.045414 0.049808 0.054100 0.058193 0.061991 0.065397 0.068323 0.070690 0.072430 0.073494 0.073853 0.073494 0.072430 0.070690 0.068323 0.065397 0.061991 0.058193 0.054100 0.049808 0.045414 0.041007 0.036670 0.032475 0.028482 0.024740 0.021282 0.018131 0.015297 0.012783 0.010579 0.008671 0.007038 0.005659 0.004506 0.003553 0.002775 0.002147 0.001645 0.001249 0.000938 0.000699 0.000515 0.000376 0.000272 0.000195 0.000139 0.000097 0.000068 0.000047 0.000032 0.000022 0.000015 0.000010 0.000006 0.000004 0.000003 0.000002 0.000002 0.000002 
0.000002 0.000002 0.000002 0.000003 0.000004 0.000006 0.000009 0.000014 0.000021 0.000032 0.000047 0.000068 0.000099 0.000142 0.000202 0.000285 0.000398 0.000550 0.000752 0.001020 0.001370 0.001822 0.002400 0.003132 0.004048 0.005182 0.006569 0.008249 0.010259 0.012636 0.015415 0.018624 0.022285 0.026409 0.030995 0.036028 0.041474 0.047283 0.053386 0.059695 0.066106 0.072498 0.078740 0.084694 0.090217 0.095170 0.099426 0.102867 0.105397 0.106945 0.107466 0.106945 0.105397 0.102867 0.099426 0.095170 0.090217 0.084694 0.078740 0.072498 0.066106 0.059695 0.053386 0.047283 0.041474 0.036028 0.030995 0.026409 0.022285 0.018624 0.015415 0.012636 0.010259 0.008249 0.006569 0.005182 0.004048 0.003132 0.002400 0.001822 0.001370 0.001020 0.000752 0.000550 0.000398 0.000285 0.000202 0.000142 0.000099 0.000068 0.000047 0.000032 0.000021 0.000014 0.000009 0.000006 0.000004 0.000003 0.000003 0.000003 
0.000002 0.000002 0.000003 0.000004 0.000006 0.000009 0.000014 0.000021 0.000031 0.000046 0.000068 0.000099 0.000144 0.000206 0.000293 0.000413 0.000576 0.000795 0.001088 0.001475 0.001981 0.002634 0.003470 0.004527 0.005849 0.007486 0.009489 0.011914 0.014814 0.018244 0.022253 0.026883 0.032163 0.038111 0.044724 0.051980 0.059832 0.068207 0.077004 0.086098 0.095337 0.104549 0.113544 0.122123 0.130081 0.137219 0.143350 0.148307 0.151953 0.154183 0.154934 0.154183 0.151953 0.148307 0.143350 0.137219 0.130081 0.122123 0.113544 0.104549 0.095337 0.086098 0.077004 0.068207 0.059832 0.051980 0.044724 0.038111 0.032163 0.026883 0.022253 0.018244 0.014814 0.011914 0.009489 0.007486 0.005849 0.004527 0.003470 0.002634 0.001981 0.001475 0.001088 0.000795 0.000576 0.000413 0.000293 0.000206 0.000144 0.000099 0.000068 0.000046 0.000031 0.000021 0.000014 0.000009 0.000006 0.000005 0.000004 0.000004 
0.000003 0.000003 0.000004 0.000006 0.000008 0.000013 0.000019 0.000030 0.000044 0.000066 0.000097 0.000142 0.000206 0.000296 0.000420 0.000592 0.000825 0.001140 0.001560 0.002114 0.002838 0.003773 0.004969 0.006481 0.008373 0.010714 0.013579 0.017046 0.021193 0.026096 0.031826 0.038442 0.045988 0.054486 0.063934 0.074299 0.085514 0.097475 0.110038 0.123024 0.136216 0.149369 0.162211 0.174458 0.185819 0.196008 0.204760 0.211836 0.217040 0.220224 0.221295 0.220224 0.217040 0.211836 0.204760 0.196008 0.185819 0.174458 0.162211 0.149369 0.136216 0.123024 0.110038 0.097475 0.085514 0.074299 0.063934 0.054486 0.045988 0.038442 0.031826 0.026096 0.021193 0.017046 0.013579 0.010714 0.008373 0.006481 0.004969 0.003773 0.002838 0.002114 0.001560 0.001140 0.000825 0.000592 0.000420 0.000296 0.000206 0.000142 0.000097 0.000066 0.000044 0.000030 0.000020 0.000013 0.000009 0.000007 0.000005 0.000005 
0.000005 0.000005 0.000006 0.000008 0.000012 0.000018 0.000028 0.000042 0.000063 0.000094 0.000139 0.000202 0.000293 0.000420 0.000597 0.000841 0.001172 0.001619 0.002214 0.003000 0.004027 0.005353 0.007048 0.009192 0.011874 0.015191 0.019251 0.024161 0.030035 0.036979 0.045092 0.054459 0.065141 0.077170 0.090542 0.105211 0.121081 0.138004 0.155778 0.174149 0.192811 0.211415 0.229580 0.246901 0.262968 0.277379 0.289755 0.299762 0.307121 0.311623 0.313139 0.311623 0.307121 0.299762 0.289755 0.277379 0.262968 0.246901 0.229580 0.211415 0.192811 0.174149 0.155778 0.138004 0.121081 0.105211 0.090542 0.077170 0.065141 0.054459 0.045092 0.036979 0.030035 0.024161 0.019251 0.015191 0.011874 0.009192 0.007048 0.005353 0.004027 0.003000 0.002214 0.001619 0.001172 0.000841 0.000597 0.000420 0.000293 0.000202 0.000139 0.000094 0.000063 0.000042 0.000028 0.000019 0.000013 0.000009 0.000008 0.000008 
0.000007 0.000007 0.000008 0.000012 0.000017 0.000026 0.000039 0.000059 0.000089 0.000132 0.000195 0.000285 0.000413 0.000592 0.000841 0.001183 0.001649 0.002277 0.003114 0.004219 0.005661 0.007524 0.009904 0.012915 0.016680 0.021337 0.027034 0.033926 0.042167 0.051909 0.063291 0.076428 0.091408 0.108276 0.127026 0.147591 0.169838 0.193560 0.218473 0.244220 0.270373 0.296444 0.321897 0.346168 0.368680 0.388869 0.406209 0.420229 0.430539 0.436846 0.438969 0.436846 0.430539 0.420229 0.406209 0.388869 0.368680 0.346168 0.321897 0.296444 0.270373 0.244220 0.218473 0.193560 0.169838 0.147591 0.127026 0.108276 0.091408 0.076428 0.063291 0.051909 0.042167 0.033926 0.027034 0.021337 0.016680 0.012915 0.009904 0.007524 0.005661 0.004219 0.003114 0.002277 0.001649 0.001183 0.000841 0.000592 0.000413 0.000285 0.000195 0.000132 0.000089 0.000059 0.000040 0.000026 0.000018 0.000013 0.000011 0.000011 
0.000010 0.000010 0.000012 0.000016 0.000024 0.000036 0.000055 0.000083 0.000124 0.000185 0.000272 0.000398 0.000576 0.000825 0.001172 0.001649 0.002298 0.003173 0.004338 0.005876 0.007883 0.010475 0.013787 0.017975 0.023211 0.029688 0.037609 0.047189 0.058645 0.072185 0.088001 0.106255 0.127067 0.150500 0.176543 0.205106 0.236002 0.268943 0.303536 0.339284 0.375594 0.411787 0.447121 0.480812 0.512059 0.540083 0.564150 0.583608 0.597918 0.606671 0.609618 0.606671 0.597918 0.583608 0.564150 0.540083 0.512059 0.480812 0.447121 0.411787 0.375594 0.339284 0.303536 0.268943 0.236002 0.205106 0.176543 0.150500 0.127067 0.106255 0.088001 0.072185 0.058645 0.047189 0.037609 0.029688 0.023211 0.017975 0.013787 0.010475 0.007883 0.005876 0.004338 0.003173 0.002298 0.001649 0.001172 0.000825 0.000576 0.000398 0.000272 0.000185 0.000124 0.000083 0.000055 0.000037 0.000025 0.000018 0.000015 0.000015 
0.000013 0.000013 0.000016 0.000022 0.000033 0.000050 0.000076 0.000114 0.000172 0.000255 0.000376 0.000550 0.000795 0.001140 0.001619 0.002277 0.003173 0.004379 0.005986 0.008106 0.010873 0.014446 0.019012 0.024782 0.031996 0.040918 0.051828 0.065022 0.080796 0.099438 0.121210 0.146337 0.174981 0.207228 0.243065 0.282365 0.324871 0.370187 0.417772 0.466943 0.516882 0.566658 0.615251 0.661581 0.704550 0.743084 0.776176 0.802932 0.822606 0.834642 0.838693 0.834642 0.822606 0.802932 0.776176 0.743084 0.704550 0.661581 0.615251 0.566658 0.516882 0.466943 0.417772 0.370187 0.324871 0.282365 0.243065 0.207228 0.174981 0.146337 0.121210 0.099438 0.080796 0.065022 0.051828 0.040918 0.031996 0.024782 0.019012 0.014446 0.010873 0.008106 0.005986 0.004379 0.003173 0.002277 0.001619 0.001140 0.000795 0.000550 0.000376 0.000255 0.000172 0.000115 0.000076 0.000051 0.000035 0.000025 0.000021 0.000021 
0.000018 0.000018 0.000022 0.000031 0.000045 0.000068 0.000104 0.000157 0.000235 0.000350 0.000515 0.000752 0.001088 0.001560 0.002214 0.003114 0.004338 0.005986 0.008182 0.011078 0.014857 0.019736 0.025969 0.033845 0.043691 0.055866 0.070752 0.088752 0.110268 0.135693 0.165385 0.199647 0.238701 0.282662 0.331513 0.385080 0.443012 0.504769 0.569613 0.636613 0.704656 0.772474 0.838675 0.901791 0.960326 1.012817 1.057895 1.094340 1.121139 1.137533 1.143051 1.137533 1.121139 1.094340 1.057895 1.012817 0.960326 0.901791 0.838675 0.772474 0.704656 0.636613 0.569613 0.504769 0.443012 0.385080 0.331513 0.282662 0.238701 0.199647 0.165385 0.135693 0.110268 0.088752 0.070752 0.055866 0.043691 0.033845 0.025969 0.019736 0.014857 0.011078 0.008182 0.005986 0.004338 0.003114 0.002214 0.001560 0.001089 0.000752 0.000515 0.000350 0.000235 0.000157 0.000105 0.000070 0.000048 0.000035 0.000029 0.000029 
0.000025 0.000025 0.000030 0.000042 0.000061 0.000093 0.000141 0.000213 0.000319 0.000474 0.000699 0.001020 0.001475 0.002114 0.003000 0.004219 0.005876 0.008106 0.011078 0.014996 0.020108 0.026708 0.035136 0.045787 0.059099 0.075556 0.095676 0.120000 0.149074 0.183425 0.223537 0.269817 0.322564 0.381934 0.447901 0.520230 0.598446 0.681820 0.769355 0.859795 0.951638 1.043171 1.132518 1.217697 1.296690 1.367526 1.428355 1.477534 1.513696 1.535818 1.543263 1.535818 1.513696 1.477534 1.428355 1.367526 1.296690 1.217697 1.132518 1.043171 0.951638 0.859795 0.769355 0.681820 0.598446 0.520230 0.447901 0.381934 0.322564 0.269817 0.223537 0.183425 0.149074 0.120000 0.095676 0.075556 0.059099 0.045787 0.035136 0.026708 0.020108 0.014996 0.011078 0.008106 0.005876 0.004219 0.003000 0.002114 0.001475 0.001020 0.000699 0.000474 0.000319 0.000213 0.000142 0.000095 0.000065 0.000047 0.000039 0.000039 
0.000033 0.000033 0.000040 0.000056 0.000083 0.000125 0.000189 0.000286 0.000428 0.000637 0.000938 0.001370 0.001981 0.002838 0.004027 0.005661 0.007883 0.010873 0.014857 0.020108 0.026959 0.035801 0.047092 0.061357 0.079185 0.101222 0.128160 0.160723 0.199639 0.245613 0.299292 0.361218 0.431791 0.511217 0.599461 0.696207 0.800820 0.912322 1.029382 1.150317 1.273122 1.395506 1.514962 1.628840 1.734444 1.829140 1.910457 1.976197 2.024537 2.054108 2.064060 2.054108 2.024537 1.976197 1.910457 1.829140 1.734444 1.628840 1.514962 1.395506 1.273122 1.150317 1.029382 0.912322 0.800820 0.696207 0.599461 0.511217 0.431791 0.361218 0.299292 0.245613 0.199639 0.160723 0.128160 0.101222 0.079185 0.061357 0.047092 0.035801 0.026959 0.020108 0.014857 0.010873 0.007883 0.005661 0.004027 0.002838 0.001981 0.001370 0.000939 0.000637 0.000429 0.000287 0.000191 0.000128 0.000088 0.000064 0.000053 0.000053 
0.000044 0.000044 0.000054 0.000075 0.000110 0.000166 0.000252 0.000380 0.000570 0.000848 0.001249 0.001822 0.002634 0.003773 0.005353 0.007524 0.010475 0.014446 0.019736 0.026708 0.035801 0.047535 0.062519 0.081446 0.105096 0.134326 0.170053 0.213234 0.264834 0.325786 0.396943 0.479027 0.572563 0.677822 0.794756 0.922946 1.061550 1.209271 1.364344 1.524541 1.687205 1.849305 2.007517 2.158336 2.298193 2.423599 2.531284 2.618340 2.682353 2.721510 2.734690 2.721510 2.682353 2.618340 2.531284 2.423599 2.298193 2.158336 2.007517 1.849305 1.687205 1.524541 1.364344 1.209271 1.061550 0.922946 0.794756 0.677822 0.572563 0.479027 0.396943 0.325786 0.264834 0.213234 0.170053 0.134326 0.105096 0.081446 0.062519 0.047535 0.035801 0.026708 0.019736 0.014446 0.010475 0.007524 0.005353 0.003773 0.002634 0.001822 0.001249 0.000848 0.000571 0.000382 0.000254 0.000170 0.000117 0.000085 0.000071 0.000071 
0.000058 0.000058 0.000071 0.000098 0.000145 0.000219 0.000332 0.000502 0.000752 0.001117 0.001645 0.002400 0.003470 0.004969 0.007048 0.009904 0.013787 0.019012 0.025969 0.035136 0.047092 0.062519 0.082214 0.107088 0.138166 0.176571 0.223508 0.280230 0.348003 0.428050 0.521491 0.629269 0.752072 0.890253 1.043750 1.212008 1.393920 1.587785 1.791285 2.001498 2.214936 2.427623 2.635200 2.833068 3.016549 3.181065 3.322331 3.436533 3.520505 3.571871 3.589160 3.571871 3.520505 3.436533 3.322331 3.181065 3.016549 2.833068 2.635200 2.427623 2.214936 2.001498 1.791285 1.587785 1.393920 1.212008 1.043750 0.890253 0.752072 0.629269 0.521491 0.428050 0.348003 0.280230 0.223508 0.176571 0.138166 0.107088 0.082214 0.062519 0.047092 0.035136 0.025969 0.019012 0.013787 0.009905 0.007048 0.004969 0.003470 0.002401 0.001646 0.001118 0.000753 0.000504 0.000336 0.000225 0.000154 0.000112 0.000093 0.000093 
0.000076 0.000076 0.000093 0.000129 0.000190 0.000286 0.000434 0.000655 0.000982 0.001458 0.002147 0.003132 0.004527 0.006481 0.009192 0.012915 0.017975 0.024782 0.033845 0.045787 0.061357 0.081446 0.107088 0.139471 0.179924 0.229908 0.290987 0.364793 0.452969 0.557104 0.678649 0.818830 0.978539 1.158233 1.357826 1.576597 1.813104 2.065135 2.329675 2.602925 2.880353 3.156791 3.426575 3.683732 3.922182 4.135981 4.319559 4.467964 4.577084 4.643833 4.666298 4.643833 4.577084 4.467964 4.319559 4.135981 3.922182 3.683732 3.426575 3.156791 2.880353 2.602925 2.329675 2.065135 1.813104 1.576597 1.357826 1.158233 0.978539 0.818830 0.678649 0.557104 0.452969 0.364793 0.290987 0.229908 0.179924 0.139471 0.107088 0.081446 0.061357 0.045787 0.033845 0.024782 0.017975 0.012915 0.009192 0.006481 0.004527 0.003133 0.002148 0.001459 0.000983 0.000658 0.000438 0.000293 0.000201 0.000147 0.000122 0.000122 
0.000099 0.000099 0.000120 0.000166 0.000245 0.000370 0.000561 0.000847 0.001269 0.001885 0.002775 0.004048 0.005849 0.008373 0.011874 0.016680 0.023211 0.031996 0.043691 0.059099 0.079185 0.105096 0.138166 0.179924 0.232081 0.296520 0.375254 0.470382 0.584020 0.718210 0.874822 1.055428 1.261176 1.492651 1.749739 2.031508 2.336100 2.660662 3.001314 3.353163 3.710372 4.066289 4.413627 4.744694 5.051668 5.326899 5.563220 5.754260 5.894726 5.980648 6.009567 5.980648 5.894726 5.754260 5.563220 5.326899 5.051668 4.744694 4.413627 4.066289 3.710372 3.353163 3.001314 2.660662 2.336100 2.031508 1.749739 1.492651 1.261176 1.055428 0.874822 0.718210 0.584020 0.470382 0.375254 0.296520 0.232081 0.179924 0.138166 0.105096 0.079185 0.059099 0.043691 0.031996 0.023211 0.016680 0.011874 0.008373 0.005850 0.004048 0.002776 0.001887 0.001271 0.000851 0.000567 0.000380 0.000260 0.000190 0.000158 0.000158 
0.000127 0.000127 0.000154 0.000213 0.000315 0.000475 0.000719 0.001085 0.001626 0.002414 0.003553 0.005182 0.007486 0.010714 0.015191 0.021337 0.029688 0.040918 0.055866 0.075556 0.101222 0.134326 0.176571 0.229908 0.296520 0.378807 0.479338 0.600790 0.745856 0.917144 1.117032 1.347526 1.610083 1.905447 2.233469 2.592955 2.981534 3.395564 3.830093 4.278880 4.734482 5.188417 5.631391 6.053599 6.445070 6.796050 7.097405 7.341013 7.520129 7.629692 7.666567 7.629692 7.520129 7.341013 7.097405 6.796050 6.445070 6.053599 5.631391 5.188417 4.734482 4.278880 3.830093 3.395564 2.981534 2.592955 2.233469 1.905447 1.610083 1.347526 1.117032 0.917144 0.745856 0.600790 0.479338 0.378807 0.296520 0.229908 0.176571 0.134326 0.101222 0.075556 0.055866 0.040918 0.029688 0.021337 0.015191 0.010715 0.007486 0.005182 0.003554 0.002416 0.001628 0.001090 0.000726 0.000487 0.000334 0.000244 0.000202 0.000202 
0.000161 0.000161 0.000196 0.000271 0.000399 0.000603 0.000913 0.001377 0.002062 0.003062 0.004506 0.006569 0.009489 0.013579 0.019251 0.027034 0.037609 0.051828 0.070752 0.095676 0.128160 0.170053 0.223508 0.290987 0.375254 0.479338 0.606486 0.760076 0.943513 1.160086 1.412799 1.704179 2.036067 2.409395 2.823971 3.278283 3.769329 4.292506 4.841557 5.408594 5.984214 6.557703 7.117323 7.650690 8.145213 8.588574 8.969241 9.276958 9.503206 9.641599 9.688177 9.641599 9.503206 9.276958 8.969241 8.588574 8.145213 7.650690 7.117323 6.557703 5.984214 5.408594 4.841557 4.292506 3.769329 3.278283 2.823971 2.409395 2.036067 1.704179 1.412799 1.160086 0.943513 0.760076 0.606486 0.479338 0.375254 0.290987 0.223508 0.170053 0.128160 0.095676 0.070752 0.051828 0.037609 0.027034 0.019251 0.013580 0.009490 0.006570 0.004507 0.003064 0.002065 0.001382 0.000922 0.000618 0.000424 0.000309 0.000257 0.000257 
0.000203 0.000203 0.000246 0.000341 0.000502 0.000757 0.001147 0.001730 0.002590 0.003846 0.005659 0.008249 0.011914 0.017046 0.024161 0.033926 0.047189 0.065022 0.088752 0.120000 0.160723 0.213234 0.280230 0.364793 0.470382 0.600790 0.760076 0.952471 1.182231 1.453470 1.769944 2.134812 2.550371 3.017782 3.536801 4.105528 4.720203 5.375061 6.062267 6.771950 7.492344 8.210040 8.910354 9.577794 10.196606 10.751385 11.227704 11.612735 11.895827 12.068988 12.127267 12.068988 11.895827 11.612735 11.227704 10.751385 10.196606 9.577794 8.910354 8.210040 7.492344 6.771950 6.062267 5.375061 4.720203 4.105528 3.536801 3.017782 2.550371 2.134812 1.769944 1.453470 1.182231 0.952471 0.760076 0.600790 0.470382 0.364793 0.280230 0.213234 0.160723 0.120000 0.088752 0.065022 0.047189 0.033926 0.024161 0.017046 0.011914 0.008250 0.005660 0.003848 0.002595 0.001737 0.001159 0.000776 0.000533 0.000389 0.000323 0.000323 
0.000253 0.000253 0.000307 0.000424 0.000625 0.000943 0.001428 0.002153 0.003223 0.004784 0.007038 0.010259 0.014814 0.021193 0.030035 0.042167 0.058645 0.080796 0.110268 0.149074 0.199639 0.264834 0.348003 0.452969 0.584020 0.745856 0.943513 1.182231 1.467286 1.803772 2.196342 2.648906 3.164307 3.743977 4.387606 5.092833 5.854990 6.666927 7.518928 8.398755 9.291820 10.181507 11.049615 11.876945 12.643978 13.331624 13.922007 14.399235 14.750109 14.964729 15.036962 14.964729 14.750109 14.399235 13.922007 13.331624 12.643978 11.876945 11.049615 10.181507 9.291820 8.398755 7.518928 6.666927 5.854990 5.092833 4.387606 3.743977 3.164307 2.648906 2.196342 1.803772 1.467286 1.182231 0.943513 0.745856 0.584020 0.452969 0.348003 0.264834 0.199639 0.149074 0.110268 0.080796 0.058645 0.042167 0.030035 0.021193 0.014815 0.010260 0.007040 0.004788 0.003228 0.002162 0.001442 0.000966 0.000663 0.000485 0.000402 0.000402 
0.000312 0.000312 0.000379 0.000524 0.000771 0.001163 0.001760 0.002653 0.003972 0.005895 0.008671 0.012636 0.018244 0.026096 0.036979 0.051909 0.072185 0.099438 0.135693 0.183425 0.245613 0.325786 0.428050 0.557104 0.718210 0.917144 1.160086 1.453470 1.803772 2.217243 2.699592 3.255613 3.888790 4.600875 5.391478 6.257692 7.193781 8.190956 9.237284 10.317735 11.414398 12.506871 13.572811 14.588650 15.530427 16.374712 17.099565 17.685482 18.116262 18.379757 18.468438 18.379757 18.116262 17.685482 17.099565 16.374712 15.530427 14.588650 13.572811 12.506871 11.414398 10.317735 9.237284 8.190956 7.193781 6.257692 5.391478 4.600875 3.888790 3.255613 2.699592 2.217243 1.803772 1.453470 1.160086 0.917144 0.718210 0.557104 0.428050 0.325786 0.245613 0.183425 0.135693 0.099438 0.072185 0.051909 0.036979 0.026097 0.018245 0.012637 0.008673 0.005899 0.003978 0.002664 0.001778 0.001192 0.000818 0.000598 0.000496 0.000496 
0.000381 0.000381 0.000463 0.000639 0.000942 0.001420 0.002148 0.003239 0.004847 0.007193 0.010579 0.015415 0.022253 0.031826 0.045092 0.063291 0.088001 0.121210 0.165385 0.223537 0.299292 0.396943 0.521491 0.678649 0.874822 1.117032 1.412799 1.769944 2.196342 2.699592 3.286631 3.963283 4.733778 5.600238 6.562179 7.616057 8.754886 9.967971 11.240791 12.555065 13.889006 15.217802 16.514284 17.749793 18.895196 19.922006 20.803548 21.516109 22.039996 22.360440 22.468287 22.360440 22.039996 21.516109 20.803548 19.922006 18.895196 17.749793 16.514284 15.217802 13.889006 12.555065 11.240791 9.967971 8.754886 7.616057 6.562179 5.600238 4.733778 3.963283 3.286631 2.699592 2.196342 1.769944 1.412799 1.117032 0.874822 0.678649 0.521491 0.396943 0.299292 0.223537 0.165385 0.121210 0.088001 0.063291 0.045093 0.031827 0.022254 0.015416 0.010582 0.007198 0.004855 0.003252 0.002170 0.001455 0.000999 0.000730 0.000606 0.000606 
0.000461 0.000461 0.000560 0.000774 0.001139 0.001717 0.002598 0.003915 0.005859 0.008693 0.012783 0.018624 0.026883 0.038442 0.054459 0.076428 0.106255 0.146337 0.199647 0.269817 0.361218 0.479027 0.629269 0.818830 1.055428 1.347526 1.704179 2.134812 2.648906 3.255613 3.963283 4.778927 5.707628 6.751934 7.911252 9.181302 10.553658 12.015426 13.549107 15.132671 16.739874 18.340821 19.902788 21.391256 22.771136 24.008120 25.070084 25.928470 26.559564 26.945579 27.075495 26.945579 26.559564 25.928470 25.070084 24.008120 22.771136 21.391256 19.902788 18.340821 16.739874 15.132671 13.549107 12.015426 10.553658 9.181302 7.911252 6.751934 5.707628 4.778927 3.963283 3.255613 2.648906 2.134812 1.704179 1.347526 1.055428 0.818830 0.629269 0.479027 0.361218 0.269817 0.199647 0.146337 0.106255 0.076428 0.054460 0.038443 0.026884 0.018626 0.012786 0.008699 0.005868 0.003931 0.002624 0.001759 0.001208 0.000884 0.000734 0.000734 
0.000553 0.000553 0.000671 0.000927 0.001364 0.002056 0.003110 0.004687 0.007013 0.010405 0.015297 0.022285 0.032163 0.045988 0.065141 0.091408 0.127067 0.174981 0.238701 0.322564 0.431791 0.572563 0.752072 0.978539 1.261176 1.610083 2.036067 2.550371 3.164307 3.888790 4.733778 5.707628 6.816397 8.063111 9.447053 10.963104 12.601196 14.345935 16.176430 18.066389 19.984491 21.895065 23.759066 25.535309 27.181932 28.658008 29.925214 30.949484 31.702530 32.163136 32.318155 32.163136 31.702530 30.949484 29.925214 28.658008 27.181932 25.535309 23.759066 21.895065 19.984491 18.066389 16.176430 14.345935 12.601196 10.963104 9.447053 8.063111 6.816397 5.707628 4.733778 3.888790 3.164307 2.550371 2.036067 1.610083 1.261176 0.978539 0.752072 0.572563 0.431791 0.322564 0.238701 0.174981 0.127068 0.091409 0.065141 0.045988 0.032164 0.022287 0.015302 0.010411 0.007025 0.004706 0.003142 0.002107 0.001447 0.001058 0.000879 0.000879 
0.000656 0.000656 0.000796 0.001099 0.001618 0.002438 0.003688 0.005557 0.008314 0.012333 0.018131 0.026409 0.038111 0.054486 0.077170 0.108276 0.150500 0.207228 0.282662 0.381934 0.511217 0.677822 0.890253 1.158233 1.492651 1.905447 2.409395 3.017782 3.743977 4.600875 5.600238 6.751934 8.063111 9.537335 11.173744 12.966274 14.903011 16.965749 19.129788 21.364043 23.631491 25.889971 28.093335 30.192912 32.139233 33.883933 35.381729 36.592369 37.482425 38.026830 38.210053 38.026830 37.482425 36.592369 35.381729 33.883933 32.139233 30.192912 28.093335 25.889971 23.631491 21.364043 19.129788 16.965749 14.903011 12.966274 11.173744 9.537335 8.063111 6.751934 5.600238 4.600875 3.743977 3.017782 2.409395 1.905447 1.492651 1.158233 0.890253 0.677822 0.511217 0.381934 0.282662 0.207228 0.150500 0.108277 0.077170 0.054487 0.038112 0.026412 0.018136 0.012341 0.008328 0.005580 0.003726 0.002499 0.001716 0.001256 0.001043 0.001043 
0.000771 0.000771 0.000935 0.001292 0.001901 0.002864 0.004331 0.006526 0.009761 0.014478 0.021282 0.030995 0.044724 0.063934 0.090542 0.127026 0.176543 0.243065 0.331513 0.447901 0.599461 0.794756 1.043750 1.357826 1.749739 2.233469 2.823971 3.536801 4.387606 5.391478 6.562179 7.911252 9.447053 11.173744 13.090301 15.189607 17.457703 19.873259 22.407346 25.023566 27.678568 30.322993 32.902816 35.361062 37.639825 39.682493 41.436065 42.853427 43.895454 44.532810 44.747315 44.532810 43.895454 42.853427 41.436065 39.682493 37.639825 35.361062 32.902816 30.322993 27.678568 25.023566 22.407346 19.873259 17.457703 15.189607 13.090301 11.173744 9.447053 7.911252 6.562179 5.391478 4.387606 3.536801 2.823971 2.233469 1.749739 1.357826 1.043750 0.794756 0.599461 0.447901 0.331513 0.243065 0.176544 0.127026 0.090543 0.063935 0.044726 0.030999 0.021287 0.014488 0.009778 0.006553 0.004375 0.002935 0.002016 0.001475 0.001226 0.001226 
0.000897 0.000897 0.001088 0.001503 0.002212 0.003331 0.005037 0.007589 0.011350 0.016833 0.024740 0.036028 0.051980 0.074299 0.105211 0.147591 0.205106 0.282365 0.385080 0.520230 0.696207 0.922946 1.212008 1.576597 2.031508 2.592955 3.278283 4.105528 5.092833 6.257692 7.616057 9.181302 10.963104 12.966274 15.189607 17.624836 20.255756 23.057619 25.996865 29.031275 32.110574 35.177522 38.169473 41.020362 43.663051 46.031900 48.065461 49.709112 50.917496 51.656599 51.905346 51.656599 50.917496 49.709112 48.065461 46.031900 43.663051 41.020362 38.169473 35.177522 32.110574 29.031275 25.996865 23.057619 20.255756 17.624836 15.189607 12.966274 10.963104 9.181302 7.616057 6.257692 5.092833 4.105528 3.278283 2.592955 2.031508 1.576597 1.212008 0.922946 0.696207 0.520230 0.385080 0.282365 0.205107 0.147592 0.105212 0.074301 0.051983 0.036032 0.024746 0.016844 0.011369 0.007620 0.005089 0.003414 0.002346 0.001717 0.001426 0.001426 
0.001034 0.001034 0.001254 0.001732 0.002548 0.003837 0.005802 0.008739 0.013070 0.019381 0.028482 0.041474 0.059832 0.085514 0.121081 0.169838 0.236002 0.324871 0.443012 0.598446 0.800820 1.061550 1.393920 1.813104 2.336100 2.981534 3.769329 4.720203 5.854990 7.193781 8.754886 10.553658 12.601196 14.903011 17.457703 20.255756 23.278541 26.497614 29.874416 33.360442 36.897939 40.421157 43.858141 47.133015 50.168670 52.889725 55.225610 57.113598 58.501604 59.350568 59.636289 59.350568 58.501604 57.113598 55.225610 52.889725 50.168670 47.133015 43.858141 40.421157 36.897939 33.360442 29.874416 26.497614 23.278541 20.255756 17.457703 14.903011 12.601196 10.553658 8.754886 7.193781 5.854990 4.720203 3.769329 2.981534 2.336100 1.813104 1.393920 1.061550 0.800820 0.598446 0.443012 0.324871 0.236003 0.169839 0.121082 0.085516 0.059835 0.041478 0.028490 0.019394 0.013092 0.008775 0.005861 0.003933 0.002702 0.001978 0.001643 0.001643 
0.001180 0.001180 0.001431 0.001976 0.002907 0.004377 0.006618 0.009967 0.014905 0.022100 0.032475 0.047283 0.068207 0.097475 0.138004 0.193560 0.268943 0.370187 0.504769 0.681820 0.912322 1.209271 1.587785 2.065135 2.660662 3.395564 4.292506 5.375061 6.666927 8.190956 9.967971 12.015426 14.345935 16.965749 19.873259 23.057619 26.497614 30.160869 34.003497 37.970304 41.995575 46.004502 49.915224 53.641421 57.095373 60.191331 62.849019 64.997086 66.576283 67.542184 67.867259 67.542184 66.576283 64.997086 62.849019 60.191331 57.095373 53.641421 49.915224 46.004502 41.995575 37.970304 34.003497 30.160869 26.497614 23.057619 19.873259 16.965749 14.345935 12.015426 9.967971 8.190956 6.666927 5.375061 4.292506 3.395564 2.660662 2.065135 1.587785 1.209271 0.912322 0.681820 0.504769 0.370188 0.268944 0.193561 0.138005 0.097477 0.068210 0.047288 0.032484 0.022115 0.014930 0.010009 0.006685 0.004487 0.003083 0.002257 0.001875 0.001875 
0.001334 0.001334 0.001617 0.002233 0.003284 0.004945 0.007476 0.011258 0.016833 0.024957 0.036670 0.053386 0.077004 0.110038 0.155778 0.218473 0.303536 0.417772 0.569613 0.769355 1.029382 1.364344 1.791285 2.329675 3.001314 3.830093 4.841557 6.062267 7.518928 9.237284 11.240791 13.549107 16.176430 19.129788 22.407346 25.996865 29.874416 34.003497 38.334638 42.805625 47.342398 51.860651 56.268133 60.467578 64.360141 67.849203 70.844313 73.265079 75.044746 76.133257 76.499595 76.133257 75.044746 73.265079 70.844313 67.849203 64.360141 60.467578 56.268133 51.860651 47.342398 42.805625 38.334638 34.003497 29.874416 25.996865 22.407346 19.129788 16.176430 13.549107 11.240791 9.237284 7.518928 6.062267 4.841557 3.830093 3.001314 2.329675 1.791285 1.364344 1.029382 0.769355 0.569613 0.417772 0.303537 0.218474 0.155780 0.110040 0.077008 0.053392 0.036680 0.024974 0.016861 0.011304 0.007552 0.005069 0.003484 0.002551 0.002119 0.002119 
0.001493 0.001493 0.001810 0.002498 0.003675 0.005532 0.008363 0.012593 0.018827 0.027911 0.041007 0.059695 0.086098 0.123024 0.174149 0.244220 0.339284 0.466943 0.636613 0.859795 1.150317 1.524541 2.001498 2.602925 3.353163 4.278880 5.408594 6.771950 8.398755 10.317735 12.555065 15.132671 18.066389 21.364043 25.023566 29.031275 33.360442 37.970304 42.805625 47.796951 52.861606 57.905483 62.825615 67.513435 71.858623 75.753342 79.096647 81.798816 83.785349 85.000382 85.409301 85.000382 83.785349 81.798816 79.096647 75.753342 71.858623 67.513435 62.825615 57.905483 52.861606 47.796951 42.805625 37.970304 33.360442 29.031275 25.023566 21.364043 18.066389 15.132671 12.555065 10.317735 8.398755 6.771950 5.408594 4.278880 3.353163 2.602925 2.001498 1.524541 1.150317 0.859795 0.636613 0.466943 0.339285 0.244221 0.174150 0.123026 0.086102 0.059702 0.041018 0.027929 0.018858 0.012645 0.008448 0.005671 0.003898 0.002854 0.002372 0.002372 
0.001655 0.001655 0.002006 0.002768 0.004072 0.006129 0.009264 0.013949 0.020854 0.030913 0.045414 0.066106 0.095337 0.136216 0.192811 0.270373 0.375594 0.516882 0.704656 0.951638 1.273122 1.687205 2.214936 2.880353 3.710372 4.734482 5.984214 7.492344 9.291820 11.414398 13.889006 16.739874 19.984491 23.631491 27.678568 32.110574 36.897939 41.995575 47.342398 52.861606 58.461783 64.038884 69.479066 74.662305 79.466639 83.772857 87.469366 90.456984 92.653356 93.996729 94.448840 93.996729 92.653356 90.456984 87.469366 83.772857 79.466639 74.662305 69.479066 64.038884 58.461783 52.861606 47.342398 41.995575 36.897939 32.110574 27.678568 23.631491 19.984491 16.739874 13.889006 11.414398 9.291820 7.492344 5.984214 4.734482 3.710372 2.880353 2.214936 1.687205 1.273122 0.951638 0.704656 0.516882 0.375594 0.270374 0.192812 0.136219 0.095341 0.066113 0.045426 0.030933 0.020888 0.014007 0.009359 0.006283 0.004319 0.003163 0.002628 0.002628 
0.001816 0.001816 0.002201 0.003038 0.004468 0.006724 0.010164 0.015302 0.022875 0.033906 0.049808 0.072498 0.104549 0.149369 0.211415 0.296444 0.411787 0.566658 0.772474 1.043171 1.395506 1.849305 2.427623 3.156791 4.066289 5.188417 6.557703 8.210040 10.181507 12.506871 15.217802 18.340821 21.895065 25.889971 30.322993 35.177522 40.421157 46.004502 51.860651 57.905483 64.038884 70.146909 76.104890 81.781396 87.042877 91.758797 95.806966 99.078782 101.484073 102.955223 103.450336 102.955223 101.484073 99.078782 95.806966 91.758797 87.042877 81.781396 76.104890 70.146909 64.038884 57.905483 51.860651 46.004502 40.421157 35.177522 30.322993 25.889971 21.895065 18.340821 15.217802 12.506871 10.181507 8.210040 6.557703 5.188417 4.066289 3.156791 2.427623 1.849305 1.395507 1.043171 0.772474 0.566659 0.411788 0.296445 0.211417 0.149371 0.104554 0.072506 0.049822 0.033929 0.022913 0.015365 0.010267 0.006893 0.004739 0.003471 0.002885 0.002885 
0.001974 0.001974 0.002392 0.003301 0.004854 0.007306 0.011042 0.016624 0.024849 0.036830 0.054100 0.078740 0.113544 0.162211 0.229580 0.321897 0.447121 0.615251 0.838675 1.132518 1.514962 2.007517 2.635200 3.426575 4.413627 5.631391 7.117323 8.910354 11.049615 13.572811 16.514284 19.902788 23.759066 28.093335 32.902816 38.169473 43.858141 49.915224 56.268133 62.825615 69.479066 76.104890 82.567864 88.725430 94.432741 99.548217 103.939333 107.488306 110.097338 111.693097 112.230146 111.693097 110.097338 107.488306 103.939333 99.548217 94.432741 88.725430 82.567864 76.104890 69.479066 62.825615 56.268133 49.915224 43.858141 38.169473 32.902816 28.093335 23.759066 19.902788 16.514284 13.572811 11.049615 8.910354 7.117323 5.631391 4.413627 3.426576 2.635200 2.007517 1.514962 1.132518 0.838675 0.615251 0.447122 0.321898 0.229582 0.162214 0.113549 0.078749 0.054115 0.036855 0.024890 0.016693 0.011155 0.007489 0.005149 0.003772 0.003135 0.003135 
