0.000000 0.000000 0.000000 0.000000 0.000000 0.000000 0.000000 0.000000 0.000000 0.000000 0.000000 0.000000 0.000000 0.000000 0.000000 0.000000 0.000000 0.000000 0.000000 0.000000 0.000000 0.000000 0.000000 0.000000 0.000000 0.000000 0.000000 0.000000 0.000000 0.000000 0.000000 0.000000 0.000000 0.000000 0.000000 0.000000 0.000000 0.000001 0.000001 0.000001 0.000001 0.000001 0.000001 0.000002 0.000002 0.000002 0.000002 0.000002 0.000002 0.000003 0.000003 0.000003 0.000002 0.000002 0.000002 0.000002 0.000002 0.000002 0.000001 0.000001 0.000001 0.000001 0.000001 0.000001 0.000000 0.000000 0.000000 0.000000 0.000000 0.000000 0.000000 0.000000 0.000000 0.000000 0.000000 0.000000 0.000000 0.000000 0.000000 0.000000 0.000000 0.000000 0.000000 0.000000 0.000000 0.000000 0.000000 0.000000 0.000000 0.000000 0.000000 0.000000 0.000000 0.000000 0.000000 0.000000 0.000000 0.000000 0.000000 0.000000 
0.000000 0.000000 0.000000 0.000000 0.000000 0.000000 0.000000 0.000000 0.000000 0.000000 0.000000 0.000000 0.000000 0.000000 0.000000 0.000000 0.000000 0.000000 0.000000 0.000000 0.000000 0.000000 0.000000 0.000000 0.000000 0.000000 0.000000 0.000000 0.000000 0.000000 0.000000 0.000000 0.000000 0.000000 0.000000 0.000000 0.000000 0.000001 0.000001 0.000001 0.000001 0.000001 0.000001 0.000002 0.000002 0.000002 0.000002 0.000002 0.000002 0.000003 0.000003 0.000003 0.000002 0.000002 0.000002 0.000002 0.000002 0.000002 0.000001 0.000001 0.000001 0.000001 0.000001 0.000001 0.000000 0.000000 0.000000 0.000000 0.000000 0.000000 0.000000 0.000000 0.000000 0.000000 0.000000 0.000000 0.000000 0.000000 0.000000 0.000000 0.000000 0.000000 0.000000 0.000000 0.000000 0.000000 0.000000 0.000000 0.000000 0.000000 0.000000 0.000000 0.000000 0.000000 0.000000 0.000000 0.000000 0.000000 0.000000 0.000000 
0.000000 0.000000 0.000000 0.000000 0.000000 0.000000 0.000000 0.000000 0.000000 0.000000 0.000000 0.000000 0.000000 0.000000 0.000000 0.000000 0.000000 0.000000 0.000000 0.000000 0.000000 0.000000 0.000000 0.000000 0.000000 0.000000 0.000000 0.000000 0.000000 0.000000 0.000000 0.000000 0.000000 0.000000 0.000000 0.000001 0.000001 0.000001 0.000001 0.000001 0.000002 0.000002 0.000002 0.000003 0.000003 0.000003 0.000004 0.000004 0.000004 0.000004 0.000004 0.000004 0.000004 0.000004 0.000004 0.000003 0.000003 0.000003 0.000002 0.000002 0.000002 0.000001 0.000001 0.000001 0.000001 0.000001 0.000000 0.000000 0.000000 0.000000 0.000000 0.000000 0.000000 0.000000 0.000000 0.000000 0.000000 0.000000 0.000000 0.000000 0.000000 0.000000 0.000000 0.000000 0.000000 0.000000 0.000000 0.000000 0.000000 0.000000 0.000000 0.000000 0.000000 0.000000 0.000000 0.000000 0.000000 0.000000 0.000000 0.000000 
0.000000 0.000000 0.000000 0.000000 0.000000 0.000000 0.000000 0.000000 0.000000 0.000000 0.000000 0.000000 0.000000 0.000000 0.000000 0.000000 0.000000 0.000000 0.000000 0.000000 0.000000 0.000000 0.000000 0.000000 0.000000 0.000000 0.000000 0.000000 0.000000 0.000000 0.000000 0.000000 0.000001 0.000001 0.000001 0.000001 0.000002 0.000002 0.000002 0.000003 0.000003 0.000004 0.000005 0.000005 0.000006 0.000006 0.000007 0.000007 0.000008 0.000008 0.000008 0.000008 0.000008 0.000007 0.000007 0.000006 0.000006 0.000005 0.000005 0.000004 0.000003 0.000003 0.000002 0.000002 0.000002 0.000001 0.000001 0.000001 0.000001 0.000000 0.000000 0.000000 0.000000 0.000000 0.000000 0.000000 0.000000 0.000000 0.000000 0.000000 0.000000 0.000000 0.000000 0.000000 0.000000 0.000000 0.000000 0.000000 0.000000 0.000000 0.000000 0.000000 0.000000 0.000000 0.000000 0.000000 0.000000 0.000000 0.000000 0.000000 
0.000000 0.000000 0.000000 0.000000 0.000000 0.000000 0.000000 0.000000 0.000000 0.000000 0.000000 0.000000 0.000000 0.000000 0.000000 0.000000 0.000000 0.000000 0.000000 0.000000 0.000000 0.000000 0.000000 0.000000 0.000000 0.000000 0.000000 0.000000 0.000000 0.000000 0.000001 0.000001 0.000001 0.000001 0.000002 0.000002 0.000003 0.000004 0.000005 0.000006 0.000007 0.000008 0.000009 0.000011 0.000012 0.000013 0.000014 0.000015 0.000015 0.000016 0.000016 0.000016 0.000015 0.000015 0.000014 0.000013 0.000012 0.000011 0.000009 0.000008 0.000007 0.000006 0.000005 0.000004 0.000003 0.000002 0.000002 0.000001 0.000001 0.000001 0.000001 0.000000 0.000000 0.000000 0.000000 0.000000 0.000000 0.000000 0.000000 0.000000 0.000000 0.000000 0.000000 0.000000 0.000000 0.000000 0.000000 0.000000 0.000000 0.000000 0.000000 0.000000 0.000000 0.000000 0.000000 0.000000 0.000000 0.000000 0.000000 0.000000 
0.000000 0.000000 0.000000 0.000000 0.000000 0.000000 0.000000 0.000000 0.000000 0.000000 0.000000 0.000000 0.000000 0.000000 0.000000 0.000000 0.000000 0.000000 0.000000 0.000000 0.000000 0.000000 0.000000 0.000000 0.000000 0.000000 0.000000 0.000000 0.000001 0.000001 0.000001 0.000002 0.000002 0.000003 0.000004 0.000005 0.000006 0.000008 0.000010 0.000012 0.000014 0.000016 0.000019 0.000021 0.000024 0.000026 0.000028 0.000030 0.000031 0.000032 0.000032 0.000032 0.000031 0.000030 0.000028 0.000026 0.000024 0.000021 0.000019 0.000016 0.000014 0.000012 0.000010 0.000008 0.000006 0.000005 0.000004 0.000003 0.000002 0.000002 0.000001 0.000001 0.000001 0.000000 0.000000 0.000000 0.000000 0.000000 0.000000 0.000000 0.000000 0.000000 0.000000 0.000000 0.000000 0.000000 0.000000 0.000000 0.000000 0.000000 0.000000 0.000000 0.000000 0.000000 0.000000 0.000000 0.000000 0.000000 0.000000 0.000000 
0.000000 0.000000 0.000000 0.000000 0.000000 0.000000 0.000000 0.000000 0.000000 0.000000 0.000000 0.000000 0.000000 0.000000 0.000000 0.000000 0.000000 0.000000 0.000000 0.000000 0.000000 0.000000 0.000000 0.000000 0.000000 0.000000 0.000001 0.000001 0.000001 0.000002 0.000002 0.000003 0.000004 0.000006 0.000007 0.000010 0.000012 0.000015 0.000019 0.000023 0.000028 0.000032 0.000037 0.000042 0.000047 0.000051 0.000055 0.000059 0.000061 0.000063 0.000063 0.000063 0.000061 0.000059 0.000055 0.000051 0.000047 0.000042 0.000037 0.000032 0.000028 0.000023 0.000019 0.000015 0.000012 0.000010 0.000007 0.000006 0.000004 0.000003 0.000002 0.000002 0.000001 0.000001 0.000001 0.000000 0.000000 0.000000 0.000000 0.000000 0.000000 0.000000 0.000000 0.000000 0.000000 0.000000 0.000000 0.000000 0.000000 0.000000 0.000000 0.000000 0.000000 0.000000 0.000000 0.000000 0.000000 0.000000 0.000000 0.000000 
0.000000 0.000000 0.000000 0.000000 0.000000 0.000000 0.000000 0.000000 0.000000 0.000000 0.000000 0.000000 0.000000 0.000000 0.000000 0.000000 0.000000 0.000000 0.000000 0.000000 0.000000 0.000000 0.000000 0.000000 0.000000 0.000001 0.000001 0.000002 0.000002 0.000003 0.000004 0.000006 0.000008 0.000011 0.000015 0.000019 0.000024 0.000030 0.000037 0.000045 0.000054 0.000063 0.000073 0.000083 0.000092 0.000101 0.000109 0.000115 0.000120 0.000123 0.000124 0.000123 0.000120 0.000115 0.000109 0.000101 0.000092 0.000083 0.000073 0.000063 0.000054 0.000045 0.000037 0.000030 0.000024 0.000019 0.000015 0.000011 0.000008 0.000006 0.000004 0.000003 0.000002 0.000002 0.000001 0.000001 0.000000 0.000000 0.000000 0.000000 0.000000 0.000000 0.000000 0.000000 0.000000 0.000000 0.000000 0.000000 0.000000 0.000000 0.000000 0.000000 0.000000 0.000000 0.000000 0.000000 0.000000 0.000000 0.000000 0.000000 
0.000000 0.000000 0.000000 0.000000 0.000000 0.000000 0.000000 0.000000 0.000000 0.000000 0.000000 0.000000 0.000000 0.000000 0.000000 0.000000 0.000000 0.000000 0.000000 0.000000 0.000000 0.000000 0.000000 0.000001 0.000001 0.000001 0.000002 0.000003 0.000004 0.000006 0.000009 0.000012 0.000016 0.000022 0.000029 0.000037 0.000047 0.000059 0.000073 0.000088 0.000105 0.000123 0.000141 0.000160 0.000178 0.000195 0.000210 0.000223 0.000233 0.000238 0.000240 0.000238 0.000233 0.000223 0.000210 0.000195 0.000178 0.000160 0.000141 0.000123 0.000105 0.000088 0.000073 0.000059 0.000047 0.000037 0.000029 0.000022 0.000016 0.000012 0.000009 0.000006 0.000004 0.000003 0.000002 0.000001 0.000001 0.000001 0.000000 0.000000 0.000000 0.000000 0.000000 0.000000 0.000000 0.000000 0.000000 0.000000 0.000000 0.000000 0.000000 0.000000 0.000000 0.000000 0.000000 0.000000 0.000000 0.000000 0.000000 0.000000 
0.000000 0.000000 0.000000 0.000000 0.000000 0.000000 0.000000 0.000000 0.000000 0.000000 0.000000 0.000000 0.000000 0.000000 0.000000 0.000000 0.000000 0.000000 0.000000 0.000000 0.000000 0.000000 0.000001 0.000001 0.000002 0.000003 0.000004 0.000006 0.000008 0.000012 0.000017 0.000023 0.000031 0.000042 0.000055 0.000071 0.000090 0.000113 0.000139 0.000168 0.000200 0.000234 0.000269 0.000305 0.000340 0.000372 0.000401 0.000425 0.000443 0.000454 0.000458 0.000454 0.000443 0.000425 0.000401 0.000372 0.000340 0.000305 0.000269 0.000234 0.000200 0.000168 0.000139 0.000113 0.000090 0.000071 0.000055 0.000042 0.000031 0.000023 0.000017 0.000012 0.000008 0.000006 0.000004 0.000003 0.000002 0.000001 0.000001 0.000000 0.000000 0.000000 0.000000 0.000000 0.000000 0.000000 0.000000 0.000000 0.000000 0.000000 0.000000 0.000000 0.000000 0.000000 0.000000 0.000000 0.000000 0.000000 0.000000 0.000000 
0.000000 0.000000 0.000000 0.000000 0.000000 0.000000 0.000000 0.000000 0.000000 0.000000 0.000000 0.000000 0.000000 0.000000 0.000000 0.000000 0.000000 0.000000 0.000000 0.000000 0.000001 0.000001 0.000001 0.000002 0.000003 0.000005 0.000007 0.000011 0.000016 0.000022 0.000032 0.000043 0.000059 0.000079 0.000103 0.000133 0.000170 0.000212 0.000261 0.000315 0.000375 0.000439 0.000506 0.000573 0.000638 0.000699 0.000753 0.000798 0.000832 0.000853 0.000860 0.000853 0.000832 0.000798 0.000753 0.000699 0.000638 0.000573 0.000506 0.000439 0.000375 0.000315 0.000261 0.000212 0.000170 0.000133 0.000103 0.000079 0.000059 0.000043 0.000032 0.000022 0.000016 0.000011 0.000007 0.000005 0.000003 0.000002 0.000001 0.000001 0.000001 0.000000 0.000000 0.000000 0.000000 0.000000 0.000000 0.000000 0.000000 0.000000 0.000000 0.000000 0.000000 0.000000 0.000000 0.000000 0.000000 0.000000 0.000000 0.000000 
0.000000 0.000000 0.000000 0.000000 0.000000 0.000000 0.000000 0.000000 0.000000 0.000000 0.000000 0.000000 0.000000 0.000000 0.000000 0.000000 0.000000 0.000000 0.000000 0.000001 0.000001 0.000002 0.000003 0.000004 0.000006 0.000009 0.000014 0.000020 0.000029 0.000042 0.000059 0.000081 0.000110 0.000146 0.000192 0.000248 0.000315 0.000393 0.000483 0.000584 0.000695 0.000813 0.000936 0.001060 0.001180 0.001292 0.001392 0.001475 0.001538 0.001576 0.001590 0.001576 0.001538 0.001475 0.001392 0.001292 0.001180 0.001060 0.000936 0.000813 0.000695 0.000584 0.000483 0.000393 0.000315 0.000248 0.000192 0.000146 0.000110 0.000081 0.000059 0.000042 0.000029 0.000020 0.000014 0.000009 0.000006 0.000004 0.000003 0.000002 0.000001 0.000001 0.000000 0.000000 0.000000 0.000000 0.000000 0.000000 0.000000 0.000000 0.000000 0.000000 0.000000 0.000000 0.000000 0.000000 0.000000 0.000000 0.000000 0.000000 
0.000000 0.000000 0.000000 0.000000 0.000000 0.000000 0.000000 0.000000 0.000000 0.000000 0.000000 0.000000 0.000000 0.000000 0.000000 0.000000 0.000000 0.000000 0.000001 0.000001 0.000002 0.000003 0.000005 0.000007 0.000011 0.000017 0.000025 0.000037 0.000054 0.000077 0.000107 0.000148 0.000201 0.000267 0.000351 0.000453 0.000575 0.000718 0.000882 0.001066 0.001268 0.001483 0.001707 0.001932 0.002151 0.002355 0.002537 0.002688 0.002802 0.002872 0.002896 0.002872 0.002802 0.002688 0.002537 0.002355 0.002151 0.001932 0.001707 0.001483 0.001268 0.001066 0.000882 0.000718 0.000575 0.000453 0.000351 0.000267 0.000201 0.000148 0.000107 0.000077 0.000054 0.000037 0.000025 0.000017 0.000011 0.000007 0.000005 0.000003 0.000002 0.000001 0.000001 0.000000 0.000000 0.000000 0.000000 0.000000 0.000000 0.000000 0.000000 0.000000 0.000000 0.000000 0.000000 0.000000 0.000000 0.000000 0.000000 0.000000 
0.000000 0.000000 0.000000 0.000000 0.000000 0.000000 0.000000 0.000000 0.000000 0.000000 0.000000 0.000000 0.000000 0.000000 0.000000 0.000000 0.000000 0.000001 0.000001 0.000002 0.000003 0.000005 0.000008 0.000013 0.000020 0.000031 0.000046 0.000067 0.000098 0.000139 0.000194 0.000267 0.000362 0.000482 0.000632 0.000815 0.001035 0.001292 0.001587 0.001917 0.002279 0.002665 0.003066 0.003470 0.003862 0.004229 0.004554 0.004825 0.005028 0.005154 0.005197 0.005154 0.005028 0.004825 0.004554 0.004229 0.003862 0.003470 0.003066 0.002665 0.002279 0.001917 0.001587 0.001292 0.001035 0.000815 0.000632 0.000482 0.000362 0.000267 0.000194 0.000139 0.000098 0.000067 0.000046 0.000031 0.000020 0.000013 0.000008 0.000005 0.000003 0.000002 0.000001 0.000001 0.000000 0.000000 0.000000 0.000000 0.000000 0.000000 0.000000 0.000000 0.000000 0.000000 0.000000 0.000000 0.000000 0.000000 0.000000 0.000000 
0.000000 0.000000 0.000000 0.000000 0.000000 0.000000 0.000000 0.000000 0.000000 0.000000 0.000000 0.000000 0.000000 0.000000 0.000000 0.000000 0.000001 0.000001 0.000002 0.000004 0.000006 0.000009 0.000015 0.000024 0.000036 0.000055 0.000082 0.000120 0.000174 0.000247 0.000345 0.000474 0.000642 0.000856 0.001121 0.001446 0.001834 0.002289 0.002811 0.003396 0.004036 0.004718 0.005426 0.006139 0.006832 0.007479 0.008054 0.008532 0.008891 0.009113 0.009189 0.009113 0.008891 0.008532 0.008054 0.007479 0.006832 0.006139 0.005426 0.004718 0.004036 0.003396 0.002811 0.002289 0.001834 0.001446 0.001121 0.000856 0.000642 0.000474 0.000345 0.000247 0.000174 0.000120 0.000082 0.000055 0.000036 0.000024 0.000015 0.000009 0.000006 0.000004 0.000002 0.000001 0.000001 0.000000 0.000000 0.000000 0.000000 0.000000 0.000000 0.000000 0.000000 0.000000 0.000000 0.000000 0.000000 0.000000 0.000000 0.000000 
0.000000 0.000000 0.000000 0.000000 0.000000 0.000000 0.000000 0.000000 0.000000 0.000000 0.000000 0.000000 0.000000 0.000000 0.000000 0.000001 0.000001 0.000002 0.000004 0.000006 0.000010 0.000017 0.000027 0.000041 0.000064 0.000097 0.000144 0.000211 0.000304 0.000432 0.000604 0.000831 0.001124 0.001496 0.001960 0.002526 0.003204 0.003997 0.004906 0.005925 0.007039 0.008227 0.009459 0.010699 0.011905 0.013031 0.014032 0.014862 0.015486 0.015873 0.016004 0.015873 0.015486 0.014862 0.014032 0.013031 0.011905 0.010699 0.009459 0.008227 0.007039 0.005925 0.004906 0.003997 0.003204 0.002526 0.001960 0.001496 0.001124 0.000831 0.000604 0.000432 0.000304 0.000211 0.000144 0.000097 0.000064 0.000041 0.000027 0.000017 0.000010 0.000006 0.000004 0.000002 0.000001 0.000001 0.000000 0.000000 0.000000 0.000000 0.000000 0.000000 0.000000 0.000000 0.000000 0.000000 0.000000 0.000000 0.000000 0.000000 
0.000000 0.000000 0.000000 0.000000 0.000000 0.000000 0.000000 0.000000 0.000000 0.000000 0.000000 0.000000 0.000000 0.000000 0.000001 0.000001 0.000002 0.000004 0.000007 0.000011 0.000018 0.000029 0.000046 0.000072 0.000110 0.000167 0.000249 0.000365 0.000526 0.000746 0.001042 0.001432 0.001937 0.002577 0.003375 0.004348 0.005511 0.006873 0.008434 0.010182 0.012093 0.014130 0.016243 0.018368 0.020435 0.022365 0.024078 0.025502 0.026570 0.027232 0.027457 0.027232 0.026570 0.025502 0.024078 0.022365 0.020435 0.018368 0.016243 0.014130 0.012093 0.010182 0.008434 0.006873 0.005511 0.004348 0.003375 0.002577 0.001937 0.001432 0.001042 0.000746 0.000526 0.000365 0.000249 0.000167 0.000110 0.000072 0.000046 0.000029 0.000018 0.000011 0.000007 0.000004 0.000002 0.000001 0.000001 0.000000 0.000000 0.000000 0.000000 0.000000 0.000000 0.000000 0.000000 0.000000 0.000000 0.000000 0.000000 0.000000 
0.000000 0.000000 0.000000 0.000000 0.000000 0.000000 0.000000 0.000000 0.000000 0.000000 0.000000 0.000000 0.000000 0.000001 0.000001 0.000002 0.000004 0.000007 0.000011 0.000019 0.000031 0.000050 0.000079 0.000123 0.000188 0.000285 0.000424 0.000620 0.000894 0.001268 0.001770 0.002432 0.003287 0.004372 0.005722 0.007369 0.009338 0.011642 0.014280 0.017234 0.020463 0.023904 0.027472 0.031061 0.034550 0.037807 0.040699 0.043101 0.044904 0.046021 0.046400 0.046021 0.044904 0.043101 0.040699 0.037807 0.034550 0.031061 0.027472 0.023904 0.020463 0.017234 0.014280 0.011642 0.009338 0.007369 0.005722 0.004372 0.003287 0.002432 0.001770 0.001268 0.000894 0.000620 0.000424 0.000285 0.000188 0.000123 0.000079 0.000050 0.000031 0.000019 0.000011 0.000007 0.000004 0.000002 0.000001 0.000001 0.000000 0.000000 0.000000 0.000000 0.000000 0.000000 0.000000 0.000000 0.000000 0.000000 0.000000 0.000000 
0.000000 0.000000 0.000000 0.000000 0.000000 0.000000 0.000000 0.000000 0.000000 0.000000 0.000000 0.000000 0.000001 0.000001 0.000002 0.000004 0.000007 0.000011 0.000019 0.000032 0.000052 0.000083 0.000132 0.000206 0.000316 0.000478 0.000710 0.001040 0.001497 0.002123 0.002962 0.004066 0.005494 0.007304 0.009556 0.012302 0.015582 0.019420 0.023813 0.028731 0.034105 0.039830 0.045765 0.051734 0.057535 0.062950 0.067758 0.071750 0.074746 0.076603 0.077232 0.076603 0.074746 0.071750 0.067758 0.062950 0.057535 0.051734 0.045765 0.039830 0.034105 0.028731 0.023813 0.019420 0.015582 0.012302 0.009556 0.007304 0.005494 0.004066 0.002962 0.002123 0.001497 0.001040 0.000710 0.000478 0.000316 0.000206 0.000132 0.000083 0.000052 0.000032 0.000019 0.000011 0.000007 0.000004 0.000002 0.000001 0.000001 0.000000 0.000000 0.000000 0.000000 0.000000 0.000000 0.000000 0.000000 0.000000 0.000000 0.000000 
0.000000 0.000000 0.000000 0.000000 0.000000 0.000000 0.000000 0.000000 0.000000 0.000000 0.000000 0.000001 0.000001 0.000002 0.000004 0.000006 0.000011 0.000019 0.000032 0.000053 0.000086 0.000138 0.000219 0.000341 0.000523 0.000789 0.001173 0.001716 0.002470 0.003499 0.004880 0.006697 0.009043 0.012018 0.015716 0.020224 0.025607 0.031904 0.039110 0.047173 0.055982 0.065364 0.075088 0.084865 0.094365 0.103232 0.111104 0.117641 0.122544 0.125584 0.126614 0.125584 0.122544 0.117641 0.111104 0.103232 0.094365 0.084865 0.075088 0.065364 0.055982 0.047173 0.039110 0.031904 0.025607 0.020224 0.015716 0.012018 0.009043 0.006697 0.004880 0.003499 0.002470 0.001716 0.001173 0.000789 0.000523 0.000341 0.000219 0.000138 0.000086 0.000053 0.000032 0.000019 0.000011 0.000006 0.000004 0.000002 0.000001 0.000001 0.000000 0.000000 0.000000 0.000000 0.000000 0.000000 0.000000 0.000000 0.000000 0.000000 
0.000000 0.000000 0.000000 0.000000 0.000000 0.000000 0.000000 0.000000 0.000000 0.000000 0.000001 0.000001 0.000002 0.000003 0.000006 0.000010 0.000018 0.000031 0.000052 0.000086 0.000140 0.000225 0.000356 0.000555 0.000851 0.001284 0.001907 0.002788 0.004011 0.005681 0.007917 0.010860 0.014659 0.019473 0.025455 0.032743 0.041445 0.051618 0.063258 0.076278 0.090498 0.105642 0.121332 0.137106 0.152430 0.166730 0.179425 0.189964 0.197871 0.202772 0.204432 0.202772 0.197871 0.189964 0.179425 0.166730 0.152430 0.137106 0.121332 0.105642 0.090498 0.076278 0.063258 0.051618 0.041445 0.032743 0.025455 0.019473 0.014659 0.010860 0.007917 0.005681 0.004011 0.002788 0.001907 0.001284 0.000851 0.000555 0.000356 0.000225 0.000140 0.000086 0.000052 0.000031 0.000018 0.000010 0.000006 0.000003 0.000002 0.000001 0.000001 0.000000 0.000000 0.000000 0.000000 0.000000 0.000000 0.000000 0.000000 0.000000 
0.000000 0.000000 0.000000 0.000000 0.000000 0.000000 0.000000 0.000000 0.000000 0.000000 0.000001 0.000002 0.000003 0.000005 0.000009 0.000017 0.000029 0.000050 0.000083 0.000138 0.000225 0.000362 0.000572 0.000890 0.001364 0.002056 0.003053 0.004460 0.006415 0.009080 0.012649 0.017342 0.023399 0.031069 0.040598 0.052203 0.066054 0.082243 0.100759 0.121464 0.144073 0.168144 0.193079 0.218142 0.242486 0.265200 0.285362 0.302100 0.314655 0.322437 0.325074 0.322437 0.314655 0.302100 0.285362 0.265200 0.242486 0.218142 0.193079 0.168144 0.144073 0.121464 0.100759 0.082243 0.066054 0.052203 0.040598 0.031069 0.023399 0.017342 0.012649 0.009080 0.006415 0.004460 0.003053 0.002056 0.001364 0.000890 0.000572 0.000362 0.000225 0.000138 0.000083 0.000050 0.000029 0.000017 0.000009 0.000005 0.000003 0.000002 0.000001 0.000000 0.000000 0.000000 0.000000 0.000000 0.000000 0.000000 0.000000 0.000000 
0.000000 0.000000 0.000000 0.000000 0.000000 0.000000 0.000000 0.000000 0.000000 0.000001 0.000001 0.000003 0.000005 0.000008 0.000015 0.000027 0.000046 0.000079 0.000132 0.000219 0.000356 0.000572 0.000904 0.001405 0.002152 0.003243 0.004812 0.007027 0.010100 0.014289 0.019897 0.027268 0.036776 0.048813 0.063760 0.081958 0.103669 0.129037 0.158043 0.190470 0.225870 0.263550 0.302575 0.341792 0.379879 0.415411 0.446947 0.473125 0.492759 0.504929 0.509052 0.504929 0.492759 0.473125 0.446947 0.415411 0.379879 0.341792 0.302575 0.263550 0.225870 0.190470 0.158043 0.129037 0.103669 0.081958 0.063760 0.048813 0.036776 0.027268 0.019897 0.014289 0.010100 0.007027 0.004812 0.003243 0.002152 0.001405 0.000904 0.000572 0.000356 0.000219 0.000132 0.000079 0.000046 0.000027 0.000015 0.000008 0.000005 0.000003 0.000001 0.000001 0.000000 0.000000 0.000000 0.000000 0.000000 0.000000 0.000000 0.000000 
0.000000 0.000000 0.000000 0.000000 0.000000 0.000000 0.000000 0.000000 0.000001 0.000001 0.000002 0.000004 0.000007 0.000013 0.000024 0.000041 0.000072 0.000123 0.000206 0.000341 0.000555 0.000890 0.001405 0.002184 0.003343 0.005035 0.007467 0.010899 0.015658 0.022142 0.030818 0.042216 0.056914 0.075514 0.098601 0.126699 0.160212 0.199357 0.244104 0.294114 0.348696 0.406781 0.466928 0.527361 0.586042 0.640780 0.689357 0.729676 0.759915 0.778658 0.785008 0.778658 0.759915 0.729676 0.689357 0.640780 0.586042 0.527361 0.466928 0.406781 0.348696 0.294114 0.244104 0.199357 0.160212 0.126699 0.098601 0.075514 0.056914 0.042216 0.030818 0.022142 0.015658 0.010899 0.007467 0.005035 0.003343 0.002184 0.001405 0.000890 0.000555 0.000341 0.000206 0.000123 0.000072 0.000041 0.000024 0.000013 0.000007 0.000004 0.000002 0.000001 0.000001 0.000000 0.000000 0.000000 0.000000 0.000000 0.000000 0.000000 
0.000000 0.000000 0.000000 0.000000 0.000000 0.000000 0.000000 0.000000 0.000001 0.000002 0.000003 0.000006 0.000011 0.000020 0.000036 0.000064 0.000110 0.000188 0.000316 0.000523 0.000851 0.001364 0.002152 0.003343 0.005112 0.007697 0.011408 0.016643 0.023899 0.033781 0.046997 0.064352 0.086723 0.115022 0.150136 0.192857 0.243794 0.303274 0.371247 0.447197 0.530071 0.618244 0.709530 0.801234 0.890269 0.973309 1.046993 1.108148 1.154010 1.182435 1.192065 1.182435 1.154010 1.108148 1.046993 0.973309 0.890269 0.801234 0.709530 0.618244 0.530071 0.447197 0.371247 0.303274 0.243794 0.192857 0.150136 0.115022 0.086723 0.064352 0.046997 0.033781 0.023899 0.016643 0.011408 0.007697 0.005112 0.003343 0.002152 0.001364 0.000851 0.000523 0.000316 0.000188 0.000110 0.000064 0.000036 0.000020 0.000011 0.000006 0.000003 0.000002 0.000001 0.000000 0.000000 0.000000 0.000000 0.000000 0.000000 0.000000 
0.000000 0.000000 0.000000 0.000000 0.000000 0.000000 0.000000 0.000001 0.000001 0.000003 0.000005 0.000009 0.000017 0.000031 0.000055 0.000097 0.000167 0.000285 0.000478 0.000789 0.001284 0.002056 0.003243 0.005035 0.007697 0.011582 0.017158 0.025019 0.035912 0.050739 0.070560 0.096578 0.130105 0.172498 0.225083 0.289039 0.365271 0.454264 0.555938 0.669515 0.793419 0.925218 1.061645 1.198676 1.331697 1.455748 1.565811 1.657151 1.725646 1.768097 1.782479 1.768097 1.725646 1.657151 1.565811 1.455748 1.331697 1.198676 1.061645 0.925218 0.793419 0.669515 0.555938 0.454264 0.365271 0.289039 0.225083 0.172498 0.130105 0.096578 0.070560 0.050739 0.035912 0.025019 0.017158 0.011582 0.007697 0.005035 0.003243 0.002056 0.001284 0.000789 0.000478 0.000285 0.000167 0.000097 0.000055 0.000031 0.000017 0.000009 0.000005 0.000003 0.000001 0.000001 0.000000 0.000000 0.000000 0.000000 0.000000 0.000000 
0.000000 0.000000 0.000000 0.000000 0.000000 0.000000 0.000001 0.000001 0.000002 0.000004 0.000007 0.000014 0.000025 0.000046 0.000082 0.000144 0.000249 0.000424 0.000710 0.001173 0.001907 0.003053 0.004812 0.007467 0.011408 0.017158 0.025404 0.037028 0.053126 0.075028 0.104296 0.142700 0.192167 0.254696 0.332231 0.426504 0.538838 0.669941 0.819687 0.986925 1.169328 1.363319 1.564084 1.765706 1.961402 2.143879 2.305765 2.440101 2.540832 2.603260 2.624409 2.603260 2.540832 2.440101 2.305765 2.143879 1.961402 1.765706 1.564084 1.363319 1.169328 0.986925 0.819687 0.669941 0.538838 0.426504 0.332231 0.254696 0.192167 0.142700 0.104296 0.075028 0.053126 0.037028 0.025404 0.017158 0.011408 0.007467 0.004812 0.003053 0.001907 0.001173 0.000710 0.000424 0.000249 0.000144 0.000082 0.000046 0.000025 0.000014 0.000007 0.000004 0.000002 0.000001 0.000001 0.000000 0.000000 0.000000 0.000000 0.000000 
0.000000 0.000000 0.000000 0.000000 0.000000 0.000000 0.000001 0.000002 0.000003 0.000006 0.000011 0.000020 0.000037 0.000067 0.000120 0.000211 0.000365 0.000620 0.001040 0.001716 0.002788 0.004460 0.007027 0.010899 0.016643 0.025019 0.037028 0.053946 0.077367 0.109219 0.151766 0.207574 0.279433 0.370236 0.482795 0.619610 0.782592 0.972755 1.189907 1.432369 1.696763 1.977900 2.268806 2.560908 2.844389 3.108691 3.343147 3.537688 3.683555 3.773952 3.804576 3.773952 3.683555 3.537688 3.343147 3.108691 2.844389 2.560908 2.268806 1.977900 1.696763 1.432369 1.189907 0.972755 0.782592 0.619610 0.482795 0.370236 0.279433 0.207574 0.151766 0.109219 0.077367 0.053946 0.037028 0.025019 0.016643 0.010899 0.007027 0.004460 0.002788 0.001716 0.001040 0.000620 0.000365 0.000211 0.000120 0.000067 0.000037 0.000020 0.000011 0.000006 0.000003 0.000002 0.000001 0.000000 0.000000 0.000000 0.000000 0.000000 
0.000000 0.000000 0.000000 0.000000 0.000000 0.000001 0.000001 0.000002 0.000004 0.000008 0.000016 0.000029 0.000054 0.000098 0.000174 0.000304 0.000526 0.000894 0.001497 0.002470 0.004011 0.006415 0.010100 0.015658 0.023899 0.035912 0.053126 0.077367 0.110911 0.156513 0.217404 0.297244 0.400013 0.529832 0.690707 0.886193 1.119005 1.390574 1.700614 2.046716 2.424050 2.825206 3.240234 3.656909 4.061234 4.438163 4.772498 5.049895 5.257875 5.386762 5.430424 5.386762 5.257875 5.049895 4.772498 4.438163 4.061234 3.656909 3.240234 2.825206 2.424050 2.046716 1.700614 1.390574 1.119005 0.886193 0.690707 0.529832 0.400013 0.297244 0.217404 0.156513 0.110911 0.077367 0.053126 0.035912 0.023899 0.015658 0.010100 0.006415 0.004011 0.002470 0.001497 0.000894 0.000526 0.000304 0.000174 0.000098 0.000054 0.000029 0.000016 0.000008 0.000004 0.000002 0.000001 0.000001 0.000000 0.000000 0.000000 0.000000 
0.000000 0.000000 0.000000 0.000000 0.000000 0.000001 0.000002 0.000003 0.000006 0.000012 0.000022 0.000042 0.000077 0.000139 0.000247 0.000432 0.000746 0.001268 0.002123 0.003499 0.005681 0.009080 0.014289 0.022142 0.033781 0.050739 0.075028 0.109219 0.156513 0.220783 0.306570 0.419016 0.563708 0.746427 0.972791 1.247781 1.575191 1.957017 2.392833 2.879240 3.409440 3.973016 4.555989 5.141196 5.708989 6.238254 6.707671 7.097116 7.389092 7.570024 7.631316 7.570024 7.389092 7.097116 6.707671 6.238254 5.708989 5.141196 4.555989 3.973016 3.409440 2.879240 2.392833 1.957017 1.575191 1.247781 0.972791 0.746427 0.563708 0.419016 0.306570 0.220783 0.156513 0.109219 0.075028 0.050739 0.033781 0.022142 0.014289 0.009080 0.005681 0.003499 0.002123 0.001268 0.000746 0.000432 0.000247 0.000139 0.000077 0.000042 0.000022 0.000012 0.000006 0.000003 0.000002 0.000001 0.000000 0.000000 0.000000 0.000000 
0.000000 0.000000 0.000000 0.000000 0.000001 0.000001 0.000002 0.000004 0.000009 0.000017 0.000032 0.000059 0.000107 0.000194 0.000345 0.000604 0.001042 0.001770 0.002962 0.004880 0.007917 0.012649 0.019897 0.030818 0.046997 0.070560 0.104296 0.151766 0.217404 0.306570 0.425549 0.581449 0.781993 1.035170 1.348733 1.729554 2.182859 2.711380 3.314506 3.987512 4.720978 5.500487 6.306706 7.115907 7.900938 8.632628 9.281526 9.819841 10.223407 10.473481 10.558195 10.473481 10.223407 9.819841 9.281526 8.632628 7.900938 7.115907 6.306706 5.500487 4.720978 3.987512 3.314506 2.711380 2.182859 1.729554 1.348733 1.035170 0.781993 0.581449 0.425549 0.306570 0.217404 0.151766 0.104296 0.070560 0.046997 0.030818 0.019897 0.012649 0.007917 0.004880 0.002962 0.001770 0.001042 0.000604 0.000345 0.000194 0.000107 0.000059 0.000032 0.000017 0.000009 0.000004 0.000002 0.000001 0.000001 0.000000 0.000000 0.000000 
0.000000 0.000000 0.000000 0.000000 0.000001 0.000002 0.000003 0.000006 0.000012 0.000023 0.000043 0.000081 0.000148 0.000267 0.000474 0.000831 0.001432 0.002432 0.004066 0.006697 0.010860 0.017342 0.027268 0.042216 0.064352 0.096578 0.142700 0.207574 0.297244 0.419016 0.581449 0.794221 1.067843 1.413180 1.840771 2.359949 2.977799 3.698012 4.519720 5.436463 6.435389 7.496856 8.594539 9.696143 10.764727 11.760609 12.643736 13.376317 13.925495 14.265790 14.381063 14.265790 13.925495 13.376317 12.643736 11.760609 10.764727 9.696143 8.594539 7.496856 6.435389 5.436463 4.519720 3.698012 2.977799 2.359949 1.840771 1.413180 1.067843 0.794221 0.581449 0.419016 0.297244 0.207574 0.142700 0.096578 0.064352 0.042216 0.027268 0.017342 0.010860 0.006697 0.004066 0.002432 0.001432 0.000831 0.000474 0.000267 0.000148 0.000081 0.000043 0.000023 0.000012 0.000006 0.000003 0.000002 0.000001 0.000000 0.000000 0.000000 
0.000000 0.000000 0.000000 0.000001 0.000001 0.000002 0.000004 0.000008 0.000016 0.000031 0.000059 0.000110 0.000201 0.000362 0.000642 0.001124 0.001937 0.003287 0.005494 0.009043 0.014659 0.023399 0.036776 0.056914 0.086723 0.130105 0.192167 0.279433 0.400013 0.563708 0.781993 1.067843 1.435339 1.899030 2.473020 3.169791 3.998801 4.964956 6.067054 7.296395 8.635723 10.058692 11.530014 13.006416 14.438413 15.772865 16.956140 17.937644 18.673393 19.129282 19.283710 19.129282 18.673393 17.937644 16.956140 15.772865 14.438413 13.006416 11.530014 10.058692 8.635723 7.296395 6.067054 4.964956 3.998801 3.169791 2.473020 1.899030 1.435339 1.067843 0.781993 0.563708 0.400013 0.279433 0.192167 0.130105 0.086723 0.056914 0.036776 0.023399 0.014659 0.009043 0.005494 0.003287 0.001937 0.001124 0.000642 0.000362 0.000201 0.000110 0.000059 0.000031 0.000016 0.000008 0.000004 0.000002 0.000001 0.000001 0.000000 0.000000 
0.000000 0.000000 0.000000 0.000001 0.000001 0.000003 0.000006 0.000011 0.000022 0.000042 0.000079 0.000146 0.000267 0.000482 0.000856 0.001496 0.002577 0.004372 0.007304 0.012018 0.019473 0.031069 0.048813 0.075514 0.115022 0.172498 0.254696 0.370236 0.529832 0.746427 1.035170 1.413180 1.899030 2.511901 3.270376 4.190886 5.285869 6.561746 8.016879 9.639741 11.407523 13.285437 15.226919 17.174883 19.064073 20.824425 22.385241 23.679834 24.650238 25.251509 25.455181 25.251509 24.650238 23.679834 22.385241 20.824425 19.064073 17.174883 15.226919 13.285437 11.407523 9.639741 8.016879 6.561746 5.285869 4.190886 3.270376 2.511901 1.899030 1.413180 1.035170 0.746427 0.529832 0.370236 0.254696 0.172498 0.115022 0.075514 0.048813 0.031069 0.019473 0.012018 0.007304 0.004372 0.002577 0.001496 0.000856 0.000482 0.000267 0.000146 0.000079 0.000042 0.000022 0.000011 0.000006 0.000003 0.000001 0.000001 0.000000 0.000000 
0.000000 0.000000 0.000000 0.000001 0.000002 0.000004 0.000007 0.000015 0.000029 0.000055 0.000103 0.000192 0.000351 0.000632 0.001121 0.001960 0.003375 0.005722 0.009556 0.015716 0.025455 0.040598 0.063760 0.098601 0.150136 0.225083 0.332231 0.482795 0.690707 0.972791 1.348733 1.840771 2.473020 3.270376 4.256941 5.454017 6.877703 8.536276 10.427546 12.536482 14.833408 17.273107 19.795087 22.325219 24.778781 27.064835 29.091629 30.772631 32.032629 32.813314 33.077757 32.813314 32.032629 30.772631 29.091629 27.064835 24.778781 22.325219 19.795087 17.273107 14.833408 12.536482 10.427546 8.536276 6.877703 5.454017 4.256941 3.270376 2.473020 1.840771 1.348733 0.972791 0.690707 0.482795 0.332231 0.225083 0.150136 0.098601 0.063760 0.040598 0.025455 0.015716 0.009556 0.005722 0.003375 0.001960 0.001121 0.000632 0.000351 0.000192 0.000103 0.000055 0.000029 0.000015 0.000008 0.000004 0.000002 0.000001 0.000001 0.000001 
0.000000 0.000000 0.000001 0.000001 0.000002 0.000005 0.000010 0.000019 0.000037 0.000071 0.000133 0.000248 0.000453 0.000815 0.001446 0.002526 0.004348 0.007369 0.012302 0.020224 0.032743 0.052203 0.081958 0.126699 0.192857 0.289039 0.426504 0.619610 0.886193 1.247781 1.729554 2.359949 3.169791 4.190886 5.454017 6.986365 8.808451 10.930784 13.350486 16.048266 18.986123 22.106200 25.331143 28.566185 31.703050 34.625536 37.216423 39.365170 40.975707 41.973558 42.311558 41.973558 40.975707 39.365170 37.216423 34.625536 31.703050 28.566185 25.331143 22.106200 18.986123 16.048266 13.350486 10.930784 8.808451 6.986365 5.454017 4.190886 3.169791 2.359949 1.729554 1.247781 0.886193 0.619610 0.426504 0.289039 0.192857 0.126699 0.081958 0.052203 0.032743 0.020224 0.012302 0.007369 0.004348 0.002526 0.001446 0.000815 0.000453 0.000248 0.000133 0.000071 0.000037 0.000019 0.000010 0.000005 0.000002 0.000001 0.000001 0.000001 
0.000000 0.000000 0.000001 0.000002 0.000003 0.000006 0.000012 0.000024 0.000047 0.000090 0.000170 0.000315 0.000575 0.001035 0.001834 0.003204 0.005511 0.009338 0.015582 0.025607 0.041445 0.066054 0.103669 0.160212 0.243794 0.365271 0.538838 0.782592 1.119005 1.575191 2.182859 2.977799 3.998801 5.285869 6.877703 8.808451 11.103866 13.777086 16.824399 20.221440 23.920309 27.848141 31.907558 35.979305 39.927161 43.604953 46.865254 49.569051 51.595541 52.851076 53.276356 52.851076 51.595541 49.569051 46.865254 43.604953 39.927161 35.979305 31.907558 27.848141 23.920309 20.221440 16.824399 13.777086 11.103866 8.808451 6.877703 5.285869 3.998801 2.977799 2.182859 1.575191 1.119005 0.782592 0.538838 0.365271 0.243794 0.160212 0.103669 0.066054 0.041445 0.025607 0.015582 0.009338 0.005511 0.003204 0.001834 0.001035 0.000575 0.000315 0.000170 0.000090 0.000047 0.000024 0.000012 0.000006 0.000003 0.000002 0.000001 0.000001 
0.000001 0.000001 0.000001 0.000002 0.000004 0.000008 0.000015 0.000030 0.000059 0.000113 0.000212 0.000393 0.000718 0.001292 0.002289 0.003997 0.006873 0.011642 0.019420 0.031904 0.051618 0.082243 0.129037 0.199357 0.303274 0.454264 0.669941 0.972755 1.390574 1.957017 2.711380 3.698012 4.964956 6.561746 8.536276 10.930784 13.777086 17.091358 20.868900 25.079424 29.663503 34.530810 39.560682 44.605390 49.496228 54.052197 58.090766 61.439842 63.949883 65.504975 66.031716 65.504975 63.949883 61.439842 58.090766 54.052197 49.496228 44.605390 39.560682 34.530810 29.663503 25.079424 20.868900 17.091358 13.777086 10.930784 8.536276 6.561746 4.964956 3.698012 2.711380 1.957017 1.390574 0.972755 0.669941 0.454264 0.303274 0.199357 0.129037 0.082243 0.051618 0.031904 0.019420 0.011642 0.006873 0.003997 0.002289 0.001292 0.000718 0.000393 0.000212 0.000113 0.000059 0.000030 0.000015 0.000008 0.000004 0.000002 0.000001 0.000001 
0.000001 0.000001 0.000001 0.000002 0.000005 0.000010 0.000019 0.000037 0.000073 0.000139 0.000261 0.000483 0.000882 0.001587 0.002811 0.004906 0.008434 0.014280 0.023813 0.039110 0.063258 0.100759 0.158043 0.244104 0.371247 0.555938 0.819687 1.189907 1.700614 2.392833 3.314506 4.519720 6.067054 8.016879 10.427546 13.350486 16.824399 20.868900 25.478137 30.615062 36.207111 42.144065 48.278751 54.431035 60.395242 65.950751 70.875098 74.958559 78.018910 79.914907 80.557113 79.914907 78.018910 74.958559 70.875098 65.950751 60.395242 54.431035 48.278751 42.144065 36.207111 30.615062 25.478137 20.868900 16.824399 13.350486 10.427546 8.016879 6.067054 4.519720 3.314506 2.392833 1.700614 1.189907 0.819687 0.555938 0.371247 0.244104 0.158043 0.100759 0.063258 0.039110 0.023813 0.014280 0.008434 0.004906 0.002811 0.001587 0.000882 0.000483 0.000261 0.000139 0.000073 0.000037 0.000019 0.000010 0.000005 0.000003 0.000002 0.000002 
0.000001 0.000001 0.000001 0.000003 0.000006 0.000012 0.000023 0.000045 0.000088 0.000168 0.000315 0.000584 0.001066 0.001917 0.003396 0.005925 0.010182 0.017234 0.028731 0.047173 0.076278 0.121464 0.190470 0.294114 0.447197 0.669515 0.986925 1.432369 2.046716 2.879240 3.987512 5.436463 7.296395 9.639741 12.536482 16.048266 20.221440 25.079424 30.615062 36.783759 43.498307 50.626330 57.991136 65.376518 72.535662 79.203850 85.114189 90.015091 93.687970 95.963408 96.734129 95.963408 93.687970 90.015091 85.114189 79.203850 72.535662 65.376518 57.991136 50.626330 43.498307 36.783759 30.615062 25.079424 20.221440 16.048266 12.536482 9.639741 7.296395 5.436463 3.987512 2.879240 2.046716 1.432369 0.986925 0.669515 0.447197 0.294114 0.190470 0.121464 0.076278 0.047173 0.028731 0.017234 0.010182 0.005925 0.003396 0.001917 0.001066 0.000584 0.000315 0.000168 0.000088 0.000045 0.000023 0.000012 0.000006 0.000003 0.000002 0.000002 
0.000001 0.000001 0.000002 0.000003 0.000007 0.000014 0.000028 0.000054 0.000105 0.000200 0.000375 0.000695 0.001268 0.002279 0.004036 0.007039 0.012093 0.020463 0.034105 0.055982 0.090498 0.144073 0.225870 0.348696 0.530071 0.793419 1.169328 1.696763 2.424050 3.409440 4.720978 6.435389 8.635723 11.407523 14.833408 18.986123 23.920309 29.663503 36.207111 43.498307 51.433939 59.857523 68.560260 77.286718 85.745351 93.623511 100.606009 106.395757 110.734652 113.422657 114.333113 113.422657 110.734652 106.395757 100.606009 93.623511 85.745351 77.286718 68.560260 59.857523 51.433939 43.498307 36.207111 29.663503 23.920309 18.986123 14.833408 11.407523 8.635723 6.435389 4.720978 3.409440 2.424050 1.696763 1.169328 0.793419 0.530071 0.348696 0.225870 0.144073 0.090498 0.055982 0.034105 0.020463 0.012093 0.007039 0.004036 0.002279 0.001268 0.000695 0.000375 0.000200 0.000105 0.000054 0.000028 0.000014 0.000007 0.000004 0.000002 0.000002 
0.000001 0.000001 0.000002 0.000004 0.000008 0.000016 0.000032 0.000063 0.000123 0.000234 0.000439 0.000813 0.001483 0.002665 0.004718 0.008227 0.014130 0.023904 0.039830 0.065364 0.105642 0.168144 0.263550 0.406781 0.618244 0.925218 1.363319 1.977900 2.825206 3.973016 5.500487 7.496856 10.058692 13.285437 17.273107 22.106200 27.848141 34.530810 42.144065 50.626330 59.857523 69.655576 79.777630 89.926648 99.763651 108.925166 117.044802 123.777235 128.822471 131.948015 133.006662 131.948015 128.822471 123.777235 117.044802 108.925166 99.763651 89.926648 79.777630 69.655576 59.857523 50.626330 42.144065 34.530810 27.848141 22.106200 17.273107 13.285437 10.058692 7.496856 5.500487 3.973016 2.825206 1.977900 1.363319 0.925218 0.618244 0.406781 0.263550 0.168144 0.105642 0.065364 0.039830 0.023904 0.014130 0.008227 0.004718 0.002665 0.001483 0.000813 0.000439 0.000234 0.000123 0.000063 0.000032 0.000016 0.000008 0.000004 0.000003 0.000003 
0.000001 0.000001 0.000002 0.000005 0.000009 0.000019 0.000037 0.000073 0.000141 0.000269 0.000506 0.000936 0.001707 0.003066 0.005426 0.009459 0.016243 0.027472 0.045765 0.075088 0.121332 0.193079 0.302575 0.466928 0.709530 1.061645 1.564084 2.268806 3.240234 4.555989 6.306706 8.594539 11.530014 15.226919 19.795087 25.331143 31.907558 39.560682 48.278751 57.991136 68.560260 79.777630 91.365217 102.983030 114.243128 124.729584 134.023163 141.728762 147.503163 151.080378 152.292002 151.080378 147.503163 141.728762 134.023163 124.729584 114.243128 102.983030 91.365217 79.777630 68.560260 57.991136 48.278751 39.560682 31.907558 25.331143 19.795087 15.226919 11.530014 8.594539 6.306706 4.555989 3.240234 2.268806 1.564084 1.061645 0.709530 0.466928 0.302575 0.193079 0.121332 0.075088 0.045765 0.027472 0.016243 0.009459 0.005426 0.003066 0.001707 0.000936 0.000506 0.000269 0.000141 0.000073 0.000037 0.000019 0.000009 0.000005 0.000003 0.000003 
