0.000000 0.000000 0.000000 0.000000 0.000000 0.000000 0.000000 0.000000 0.000000 0.000000 0.000000 0.000000 0.000000 0.000000 0.000000 0.000000 0.000000 0.000001 0.000001 0.000001 0.000002 0.000003 0.000004 0.000005 0.000007 0.000009 0.000012 0.000016 0.000021 0.000027 0.000034 0.000043 0.000054 0.000066 0.000080 0.000096 0.000114 0.000134 0.000155 0.000177 0.000200 0.000224 0.000248 0.000271 0.000292 0.000312 0.000329 0.000343 0.000353 0.000359 0.000361 0.000359 0.000353 0.000343 0.000329 0.000312 0.000292 0.000271 0.000248 0.000224 0.000200 0.000177 0.000155 0.000134 0.000114 0.000096 0.000080 0.000066 0.000054 0.000043 0.000034 0.000027 0.000021 0.000016 0.000012 0.000009 0.000007 0.000005 0.000004 0.000003 0.000002 0.000001 0.000001 0.000001 0.000000 0.000000 0.000000 0.000000 0.000000 0.000000 0.000000 0.000000 0.000000 0.000000 0.000000 0.000000 0.000000 0.000000 0.000000 0.000000 
0.000000 0.000000 0.000000 0.000000 0.000000 0.000000 0.000000 0.000000 0.000000 0.000000 0.000000 0.000000 0.000000 0.000000 0.000000 0.000000 0.000000 0.000001 0.000001 0.000001 0.000002 0.000003 0.000004 0.000005 0.000007 0.000009 0.000012 0.000016 0.000021 0.000027 0.000034 0.000043 0.000054 0.000066 0.000080 0.000096 0.000114 0.000134 0.000155 0.000177 0.000200 0.000224 0.000248 0.000271 0.000292 0.000312 0.000329 0.000343 0.000353 0.000359 0.000361 0.000359 0.000353 0.000343 0.000329 0.000312 0.000292 0.000271 0.000248 0.000224 0.000200 0.000177 0.000155 0.000134 0.000114 0.000096 0.000080 0.000066 0.000054 0.000043 0.000034 0.000027 0.000021 0.000016 0.000012 0.000009 0.000007 0.000005 0.000004 0.000003 0.000002 0.000001 0.000001 0.000001 0.000000 0.000000 0.000000 0.000000 0.000000 0.000000 0.000000 0.000000 0.000000 0.000000 0.000000 0.000000 0.000000 0.000000 0.000000 0.000000 
0.000000 0.000000 0.000000 0.000000 0.000000 0.000000 0.000000 0.000000 0.000000 0.000000 0.000000 0.000000 0.000000 0.000000 0.000000 0.000000 0.000001 0.000001 0.000001 0.000002 0.000002 0.000003 0.000005 0.000007 0.000009 0.000012 0.000016 0.000021 0.000027 0.000035 0.000045 0.000056 0.000070 0.000086 0.000104 0.000125 0.000148 0.000174 0.000201 0.000231 0.000261 0.000292 0.000323 0.000352 0.000380 0.000406 0.000428 0.000446 0.000459 0.000467 0.000470 0.000467 0.000459 0.000446 0.000428 0.000406 0.000380 0.000352 0.000323 0.000292 0.000261 0.000231 0.000201 0.000174 0.000148 0.000125 0.000104 0.000086 0.000070 0.000056 0.000045 0.000035 0.000027 0.000021 0.000016 0.000012 0.000009 0.000007 0.000005 0.000003 0.000002 0.000002 0.000001 0.000001 0.000001 0.000000 0.000000 0.000000 0.000000 0.000000 0.000000 0.000000 0.000000 0.000000 0.000000 0.000000 0.000000 0.000000 0.000000 0.000000 
0.000000 0.000000 0.000000 0.000000 0.000000 0.000000 0.000000 0.000000 0.000000 0.000000 0.000000 0.000000 0.000000 0.000000 0.000000 0.000001 0.000001 0.000001 0.000002 0.000003 0.000004 0.000005 0.000007 0.000010 0.000014 0.000018 0.000024 0.000032 0.000042 0.000054 0.000068 0.000086 0.000107 0.000131 0.000159 0.000191 0.000226 0.000265 0.000307 0.000351 0.000398 0.000445 0.000491 0.000536 0.000579 0.000618 0.000651 0.000679 0.000699 0.000711 0.000716 0.000711 0.000699 0.000679 0.000651 0.000618 0.000579 0.000536 0.000491 0.000445 0.000398 0.000351 0.000307 0.000265 0.000226 0.000191 0.000159 0.000131 0.000107 0.000086 0.000068 0.000054 0.000042 0.000032 0.000024 0.000018 0.000014 0.000010 0.000007 0.000005 0.000004 0.000003 0.000002 0.000001 0.000001 0.000001 0.000000 0.000000 0.000000 0.000000 0.000000 0.000000 0.000000 0.000000 0.000000 0.000000 0.000000 0.000000 0.000000 0.000000 
0.000000 0.000000 0.000000 0.000000 0.000000 0.000000 0.000000 0.000000 0.000000 0.000000 0.000000 0.000000 0.000000 0.000000 0.000001 0.000001 0.000001 0.000002 0.000003 0.000004 0.000006 0.000008 0.000012 0.000016 0.000022 0.000030 0.000040 0.000052 0.000068 0.000087 0.000111 0.000140 0.000173 0.000213 0.000258 0.000310 0.000367 0.000430 0.000498 0.000569 0.000644 0.000720 0.000796 0.000869 0.000938 0.001000 0.001055 0.001099 0.001132 0.001152 0.001158 0.001152 0.001132 0.001099 0.001055 0.001000 0.000938 0.000869 0.000796 0.000720 0.000644 0.000569 0.000498 0.000430 0.000367 0.000310 0.000258 0.000213 0.000173 0.000140 0.000111 0.000087 0.000068 0.000052 0.000040 0.000030 0.000022 0.000016 0.000012 0.000008 0.000006 0.000004 0.000003 0.000002 0.000001 0.000001 0.000001 0.000000 0.000000 0.000000 0.000000 0.000000 0.000000 0.000000 0.000000 0.000000 0.000000 0.000000 0.000000 0.000000 
0.000000 0.000000 0.000000 0.000000 0.000000 0.000000 0.000000 0.000000 0.000000 0.000000 0.000000 0.000000 0.000000 0.000001 0.000001 0.000002 0.000002 0.000003 0.000005 0.000007 0.000010 0.000014 0.000020 0.000027 0.000037 0.000049 0.000066 0.000086 0.000112 0.000144 0.000183 0.000230 0.000286 0.000351 0.000425 0.000510 0.000604 0.000708 0.000819 0.000937 0.001060 0.001185 0.001309 0.001430 0.001543 0.001645 0.001735 0.001807 0.001861 0.001894 0.001905 0.001894 0.001861 0.001807 0.001735 0.001645 0.001543 0.001430 0.001309 0.001185 0.001060 0.000937 0.000819 0.000708 0.000604 0.000510 0.000425 0.000351 0.000286 0.000230 0.000183 0.000144 0.000112 0.000086 0.000066 0.000049 0.000037 0.000027 0.000020 0.000014 0.000010 0.000007 0.000005 0.000003 0.000002 0.000002 0.000001 0.000001 0.000000 0.000000 0.000000 0.000000 0.000000 0.000000 0.000000 0.000000 0.000000 0.000000 0.000000 0.000000 
0.000000 0.000000 0.000000 0.000000 0.000000 0.000000 0.000000 0.000000 0.000000 0.000000 0.000000 0.000000 0.000001 0.000001 0.000002 0.000002 0.000004 0.000005 0.000008 0.000012 0.000016 0.000023 0.000032 0.000044 0.000060 0.000081 0.000108 0.000142 0.000185 0.000237 0.000302 0.000379 0.000470 0.000577 0.000699 0.000838 0.000993 0.001163 0.001346 0.001540 0.001742 0.001947 0.002150 0.002348 0.002533 0.002702 0.002848 0.002967 0.003055 0.003110 0.003128 0.003110 0.003055 0.002967 0.002848 0.002702 0.002533 0.002348 0.002150 0.001947 0.001742 0.001540 0.001346 0.001163 0.000993 0.000838 0.000699 0.000577 0.000470 0.000379 0.000302 0.000237 0.000185 0.000142 0.000108 0.000081 0.000060 0.000044 0.000032 0.000023 0.000016 0.000012 0.000008 0.000005 0.000004 0.000002 0.000002 0.000001 0.000001 0.000000 0.000000 0.000000 0.000000 0.000000 0.000000 0.000000 0.000000 0.000000 0.000000 0.000000 
0.000000 0.000000 0.000000 0.000000 0.000000 0.000000 0.000000 0.000000 0.000000 0.000000 0.000000 0.000001 0.000001 0.000002 0.000003 0.000004 0.000006 0.000009 0.000013 0.000019 0.000027 0.000038 0.000053 0.000073 0.000099 0.000133 0.000177 0.000232 0.000302 0.000388 0.000493 0.000618 0.000767 0.000941 0.001141 0.001368 0.001620 0.001897 0.002195 0.002511 0.002839 0.003172 0.003504 0.003825 0.004127 0.004402 0.004640 0.004834 0.004977 0.005065 0.005095 0.005065 0.004977 0.004834 0.004640 0.004402 0.004127 0.003825 0.003504 0.003172 0.002839 0.002511 0.002195 0.001897 0.001620 0.001368 0.001141 0.000941 0.000767 0.000618 0.000493 0.000388 0.000302 0.000232 0.000177 0.000133 0.000099 0.000073 0.000053 0.000038 0.000027 0.000019 0.000013 0.000009 0.000006 0.000004 0.000003 0.000002 0.000001 0.000001 0.000000 0.000000 0.000000 0.000000 0.000000 0.000000 0.000000 0.000000 0.000000 0.000000 
0.000000 0.000000 0.000000 0.000000 0.000000 0.000000 0.000000 0.000000 0.000000 0.000000 0.000001 0.000001 0.000002 0.000003 0.000004 0.000007 0.000010 0.000015 0.000021 0.000031 0.000044 0.000061 0.000085 0.000118 0.000160 0.000215 0.000286 0.000376 0.000488 0.000627 0.000796 0.000999 0.001240 0.001521 0.001843 0.002209 0.002616 0.003062 0.003543 0.004052 0.004581 0.005119 0.005653 0.006171 0.006658 0.007100 0.007483 0.007796 0.008027 0.008169 0.008217 0.008169 0.008027 0.007796 0.007483 0.007100 0.006658 0.006171 0.005653 0.005119 0.004581 0.004052 0.003543 0.003062 0.002616 0.002209 0.001843 0.001521 0.001240 0.000999 0.000796 0.000627 0.000488 0.000376 0.000286 0.000215 0.000160 0.000118 0.000085 0.000061 0.000044 0.000031 0.000021 0.000015 0.000010 0.000007 0.000004 0.000003 0.000002 0.000001 0.000001 0.000000 0.000000 0.000000 0.000000 0.000000 0.000000 0.000000 0.000000 0.000000 
0.000000 0.000000 0.000000 0.000000 0.000000 0.000000 0.000000 0.000000 0.000000 0.000001 0.000001 0.000002 0.000003 0.000005 0.000007 0.000011 0.000016 0.000023 0.000034 0.000049 0.000070 0.000098 0.000137 0.000188 0.000256 0.000344 0.000458 0.000602 0.000782 0.001004 0.001274 0.001598 0.001983 0.002431 0.002946 0.003529 0.004179 0.004891 0.005659 0.006471 0.007315 0.008172 0.009024 0.009850 0.010626 0.011331 0.011942 0.012441 0.012809 0.013036 0.013112 0.013036 0.012809 0.012441 0.011942 0.011331 0.010626 0.009850 0.009024 0.008172 0.007315 0.006471 0.005659 0.004891 0.004179 0.003529 0.002946 0.002431 0.001983 0.001598 0.001274 0.001004 0.000782 0.000602 0.000458 0.000344 0.000256 0.000188 0.000137 0.000098 0.000070 0.000049 0.000034 0.000023 0.000016 0.000011 0.000007 0.000005 0.000003 0.000002 0.000001 0.000001 0.000000 0.000000 0.000000 0.000000 0.000000 0.000000 0.000000 0.000000 
0.000000 0.000000 0.000000 0.000000 0.000000 0.000000 0.000000 0.000000 0.000001 0.000001 0.000002 0.000003 0.000005 0.000007 0.000011 0.000017 0.000025 0.000037 0.000054 0.000078 0.000111 0.000156 0.000217 0.000299 0.000406 0.000546 0.000725 0.000953 0.001237 0.001588 0.002016 0.002529 0.003136 0.003844 0.004657 0.005578 0.006604 0.007729 0.008940 0.010222 0.011553 0.012906 0.014250 0.015553 0.016777 0.017889 0.018853 0.019639 0.020220 0.020577 0.020697 0.020577 0.020220 0.019639 0.018853 0.017889 0.016777 0.015553 0.014250 0.012906 0.011553 0.010222 0.008940 0.007729 0.006604 0.005578 0.004657 0.003844 0.003136 0.002529 0.002016 0.001588 0.001237 0.000953 0.000725 0.000546 0.000406 0.000299 0.000217 0.000156 0.000111 0.000078 0.000054 0.000037 0.000025 0.000017 0.000011 0.000007 0.000005 0.000003 0.000002 0.000001 0.000001 0.000000 0.000000 0.000000 0.000000 0.000000 0.000000 0.000000 
0.000000 0.000000 0.000000 0.000000 0.000000 0.000000 0.000000 0.000001 0.000001 0.000002 0.000003 0.000005 0.000008 0.000012 0.000018 0.000027 0.000040 0.000058 0.000085 0.000122 0.000174 0.000245 0.000341 0.000468 0.000636 0.000855 0.001136 0.001492 0.001937 0.002486 0.003154 0.003956 0.004905 0.006011 0.007282 0.008721 0.010323 0.012079 0.013970 0.015971 0.018048 0.020160 0.022257 0.024289 0.026200 0.027934 0.029438 0.030663 0.031570 0.032127 0.032314 0.032127 0.031570 0.030663 0.029438 0.027934 0.026200 0.024289 0.022257 0.020160 0.018048 0.015971 0.013970 0.012079 0.010323 0.008721 0.007282 0.006011 0.004905 0.003956 0.003154 0.002486 0.001937 0.001492 0.001136 0.000855 0.000636 0.000468 0.000341 0.000245 0.000174 0.000122 0.000085 0.000058 0.000040 0.000027 0.000018 0.000012 0.000008 0.000005 0.000003 0.000002 0.000001 0.000001 0.000000 0.000000 0.000000 0.000000 0.000000 0.000000 
0.000000 0.000000 0.000000 0.000000 0.000000 0.000000 0.000001 0.000001 0.000002 0.000003 0.000005 0.000008 0.000012 0.000018 0.000028 0.000041 0.000062 0.000091 0.000132 0.000190 0.000270 0.000380 0.000528 0.000726 0.000986 0.001325 0.001760 0.002311 0.002999 0.003849 0.004882 0.006122 0.007588 0.009298 0.011262 0.013484 0.015959 0.018670 0.021591 0.024680 0.027886 0.031145 0.034383 0.037519 0.040467 0.043143 0.045463 0.047354 0.048752 0.049611 0.049901 0.049611 0.048752 0.047354 0.045463 0.043143 0.040467 0.037519 0.034383 0.031145 0.027886 0.024680 0.021591 0.018670 0.015959 0.013484 0.011262 0.009298 0.007588 0.006122 0.004882 0.003849 0.002999 0.002311 0.001760 0.001325 0.000986 0.000726 0.000528 0.000380 0.000270 0.000190 0.000132 0.000091 0.000062 0.000041 0.000028 0.000018 0.000012 0.000008 0.000005 0.000003 0.000002 0.000001 0.000001 0.000000 0.000000 0.000000 0.000000 0.000000 
0.000000 0.000000 0.000000 0.000000 0.000000 0.000001 0.000001 0.000002 0.000003 0.000005 0.000007 0.000012 0.000018 0.000028 0.000042 0.000064 0.000095 0.000139 0.000203 0.000292 0.000415 0.000583 0.000810 0.001113 0.001512 0.002031 0.002697 0.003540 0.004593 0.005893 0.007473 0.009368 0.011610 0.014223 0.017224 0.020620 0.024400 0.028542 0.033002 0.037720 0.042615 0.047589 0.052532 0.057318 0.061818 0.065901 0.069442 0.072327 0.074461 0.075772 0.076214 0.075772 0.074461 0.072327 0.069442 0.065901 0.061818 0.057318 0.052532 0.047589 0.042615 0.037720 0.033002 0.028542 0.024400 0.020620 0.017224 0.014223 0.011610 0.009368 0.007473 0.005893 0.004593 0.003540 0.002697 0.002031 0.001512 0.001113 0.000810 0.000583 0.000415 0.000292 0.000203 0.000139 0.000095 0.000064 0.000042 0.000028 0.000018 0.000012 0.000007 0.000005 0.000003 0.000002 0.000001 0.000001 0.000000 0.000000 0.000000 0.000000 
0.000000 0.000000 0.000000 0.000000 0.000001 0.000001 0.000002 0.000003 0.000004 0.000007 0.000011 0.000018 0.000028 0.000042 0.000064 0.000097 0.000144 0.000212 0.000308 0.000443 0.000629 0.000884 0.001229 0.001688 0.002293 0.003078 0.004086 0.005362 0.006956 0.008922 0.011312 0.014178 0.017568 0.021518 0.026054 0.031184 0.036896 0.043152 0.049889 0.057013 0.064405 0.071916 0.079378 0.086603 0.093396 0.099559 0.104903 0.109257 0.112478 0.114456 0.115123 0.114456 0.112478 0.109257 0.104903 0.099559 0.093396 0.086603 0.079378 0.071916 0.064405 0.057013 0.049889 0.043152 0.036896 0.031184 0.026054 0.021518 0.017568 0.014178 0.011312 0.008922 0.006956 0.005362 0.004086 0.003078 0.002293 0.001688 0.001229 0.000884 0.000629 0.000443 0.000308 0.000212 0.000144 0.000097 0.000064 0.000042 0.000028 0.000018 0.000011 0.000007 0.000004 0.000003 0.000002 0.000001 0.000001 0.000000 0.000000 0.000000 
0.000000 0.000000 0.000000 0.000001 0.000001 0.000002 0.000002 0.000004 0.000007 0.000011 0.000017 0.000027 0.000041 0.000064 0.000097 0.000146 0.000217 0.000318 0.000463 0.000665 0.000945 0.001327 0.001843 0.002531 0.003437 0.004614 0.006122 0.008033 0.010418 0.013359 0.016934 0.021221 0.026289 0.032194 0.038974 0.046641 0.055176 0.064522 0.074585 0.085226 0.096265 0.107482 0.118623 0.129410 0.139551 0.148750 0.156728 0.163227 0.168034 0.170986 0.171982 0.170986 0.168034 0.163227 0.156728 0.148750 0.139551 0.129410 0.118623 0.107482 0.096265 0.085226 0.074585 0.064522 0.055176 0.046641 0.038974 0.032194 0.026289 0.021221 0.016934 0.013359 0.010418 0.008033 0.006122 0.004614 0.003437 0.002531 0.001843 0.001327 0.000945 0.000665 0.000463 0.000318 0.000217 0.000146 0.000097 0.000064 0.000041 0.000027 0.000017 0.000011 0.000007 0.000004 0.000002 0.000002 0.000001 0.000001 0.000000 0.000000 
0.000000 0.000000 0.000001 0.000001 0.000001 0.000002 0.000004 0.000006 0.000010 0.000016 0.000025 0.000040 0.000062 0.000095 0.000144 0.000217 0.000322 0.000473 0.000687 0.000987 0.001402 0.001969 0.002734 0.003754 0.005095 0.006838 0.009072 0.011899 0.015430 0.019781 0.025070 0.031410 0.038904 0.047634 0.057656 0.068988 0.081600 0.095410 0.110276 0.125994 0.142298 0.158863 0.175315 0.191243 0.206215 0.219797 0.231574 0.241169 0.248265 0.252623 0.254092 0.252623 0.248265 0.241169 0.231574 0.219797 0.206215 0.191243 0.175315 0.158863 0.142298 0.125994 0.110276 0.095410 0.081600 0.068988 0.057656 0.047634 0.038904 0.031410 0.025070 0.019781 0.015430 0.011899 0.009072 0.006838 0.005095 0.003754 0.002734 0.001969 0.001402 0.000987 0.000687 0.000473 0.000322 0.000217 0.000144 0.000095 0.000062 0.000040 0.000025 0.000016 0.000010 0.000006 0.000004 0.000002 0.000001 0.000001 0.000001 0.000001 
0.000001 0.000001 0.000001 0.000001 0.000002 0.000003 0.000005 0.000009 0.000015 0.000023 0.000037 0.000058 0.000091 0.000139 0.000212 0.000318 0.000473 0.000695 0.001009 0.001449 0.002058 0.002889 0.004011 0.005505 0.007470 0.010022 0.013293 0.017432 0.022600 0.028966 0.036703 0.045976 0.056934 0.069699 0.084350 0.100912 0.119343 0.139522 0.161242 0.184204 0.208018 0.232211 0.256238 0.279497 0.301360 0.321191 0.338385 0.352394 0.362754 0.369116 0.371261 0.369116 0.362754 0.352394 0.338385 0.321191 0.301360 0.279497 0.256238 0.232211 0.208018 0.184204 0.161242 0.139522 0.119343 0.100912 0.084350 0.069699 0.056934 0.045976 0.036703 0.028966 0.022600 0.017432 0.013293 0.010022 0.007470 0.005505 0.004011 0.002889 0.002058 0.001449 0.001009 0.000695 0.000473 0.000318 0.000212 0.000139 0.000091 0.000058 0.000037 0.000023 0.000015 0.000009 0.000005 0.000003 0.000002 0.000001 0.000001 0.000001 
0.000001 0.000001 0.000001 0.000002 0.000003 0.000005 0.000008 0.000013 0.000021 0.000034 0.000054 0.000085 0.000132 0.000203 0.000308 0.000463 0.000687 0.001009 0.001465 0.002103 0.002986 0.004191 0.005817 0.007982 0.010829 0.014524 0.019261 0.025253 0.032732 0.041944 0.053136 0.066549 0.082396 0.100853 0.122033 0.145972 0.172609 0.201768 0.233150 0.266323 0.300724 0.335669 0.370369 0.403960 0.435531 0.464167 0.488994 0.509220 0.524178 0.533363 0.536460 0.533363 0.524178 0.509220 0.488994 0.464167 0.435531 0.403960 0.370369 0.335669 0.300724 0.266323 0.233150 0.201768 0.172609 0.145972 0.122033 0.100853 0.082396 0.066549 0.053136 0.041944 0.032732 0.025253 0.019261 0.014524 0.010829 0.007982 0.005817 0.004191 0.002986 0.002103 0.001465 0.001009 0.000687 0.000463 0.000308 0.000203 0.000132 0.000085 0.000054 0.000034 0.000021 0.000013 0.000008 0.000005 0.000003 0.000002 0.000002 0.000002 
0.000001 0.000001 0.000002 0.000003 0.000004 0.000007 0.000012 0.000019 0.000031 0.000049 0.000078 0.000122 0.000190 0.000292 0.000443 0.000665 0.000987 0.001449 0.002103 0.003019 0.004285 0.006013 0.008343 0.011444 0.015522 0.020815 0.027597 0.036174 0.046878 0.060059 0.076071 0.095256 0.117919 0.144309 0.174589 0.208808 0.246877 0.288547 0.333387 0.380781 0.429924 0.479840 0.529403 0.577377 0.622463 0.663356 0.698808 0.727688 0.749046 0.762161 0.766584 0.762161 0.749046 0.727688 0.698808 0.663356 0.622463 0.577377 0.529403 0.479840 0.429924 0.380781 0.333387 0.288547 0.246877 0.208808 0.174589 0.144309 0.117919 0.095256 0.076071 0.060059 0.046878 0.036174 0.027597 0.020815 0.015522 0.011444 0.008343 0.006013 0.004285 0.003019 0.002103 0.001449 0.000987 0.000665 0.000443 0.000292 0.000190 0.000122 0.000078 0.000049 0.000031 0.000019 0.000012 0.000007 0.000004 0.000003 0.000002 0.000002 
0.000002 0.000002 0.000002 0.000004 0.000006 0.000010 0.000016 0.000027 0.000044 0.000070 0.000111 0.000174 0.000270 0.000415 0.000629 0.000945 0.001402 0.002058 0.002986 0.004285 0.006080 0.008529 0.011831 0.016225 0.022002 0.029497 0.039099 0.051240 0.066388 0.085039 0.107692 0.134827 0.166877 0.204191 0.246999 0.295369 0.349175 0.408062 0.471421 0.538382 0.607807 0.678318 0.748324 0.816081 0.879755 0.937505 0.987568 1.028350 1.058508 1.077027 1.083272 1.077027 1.058508 1.028350 0.987568 0.937505 0.879755 0.816081 0.748324 0.678318 0.607807 0.538382 0.471421 0.408062 0.349175 0.295369 0.246999 0.204191 0.166877 0.134827 0.107692 0.085039 0.066388 0.051240 0.039099 0.029497 0.022002 0.016225 0.011831 0.008529 0.006080 0.004285 0.002986 0.002058 0.001402 0.000945 0.000629 0.000415 0.000270 0.000174 0.000111 0.000070 0.000044 0.000027 0.000016 0.000010 0.000006 0.000004 0.000003 0.000003 
0.000003 0.000003 0.000003 0.000005 0.000008 0.000014 0.000023 0.000038 0.000061 0.000098 0.000156 0.000245 0.000380 0.000583 0.000884 0.001327 0.001969 0.002889 0.004191 0.006013 0.008529 0.011962 0.016589 0.022746 0.030836 0.041332 0.054775 0.071768 0.092968 0.119064 0.150753 0.188706 0.233527 0.285701 0.345547 0.413160 0.488362 0.570654 0.659188 0.752743 0.849733 0.948230 1.046016 1.140652 1.229581 1.310231 1.380143 1.437093 1.479206 1.505066 1.513785 1.505066 1.479206 1.437093 1.380143 1.310231 1.229581 1.140652 1.046016 0.948230 0.849733 0.752743 0.659188 0.570654 0.488362 0.413160 0.345547 0.285701 0.233527 0.188706 0.150753 0.119064 0.092968 0.071768 0.054775 0.041332 0.030836 0.022746 0.016589 0.011962 0.008529 0.006013 0.004191 0.002889 0.001969 0.001327 0.000884 0.000583 0.000380 0.000245 0.000156 0.000098 0.000061 0.000038 0.000023 0.000014 0.000009 0.000006 0.000005 0.000005 
0.000004 0.000004 0.000005 0.000007 0.000012 0.000020 0.000032 0.000053 0.000085 0.000137 0.000217 0.000341 0.000528 0.000810 0.001229 0.001843 0.002734 0.004011 0.005817 0.008343 0.011831 0.016589 0.022999 0.031528 0.042733 0.057266 0.075876 0.099396 0.128732 0.164837 0.208673 0.261166 0.323146 0.395284 0.478018 0.571478 0.675413 0.789136 0.911469 1.040728 1.174721 1.310784 1.445854 1.576566 1.699386 1.810767 1.907315 1.985958 2.044113 2.079822 2.091863 2.079822 2.044113 1.985958 1.907315 1.810767 1.699386 1.576566 1.445854 1.310784 1.174721 1.040728 0.911469 0.789136 0.675413 0.571478 0.478018 0.395284 0.323146 0.261166 0.208673 0.164837 0.128732 0.099396 0.075876 0.057266 0.042733 0.031528 0.022999 0.016589 0.011831 0.008343 0.005817 0.004011 0.002734 0.001843 0.001229 0.000810 0.000528 0.000341 0.000217 0.000137 0.000085 0.000053 0.000032 0.000020 0.000012 0.000008 0.000006 0.000006 
0.000005 0.000005 0.000007 0.000010 0.000016 0.000027 0.000044 0.000073 0.000118 0.000188 0.000299 0.000468 0.000726 0.001113 0.001688 0.002531 0.003754 0.005505 0.007982 0.011444 0.016225 0.022746 0.031528 0.043210 0.058554 0.078452 0.103926 0.136115 0.176257 0.225652 0.285613 0.357403 0.442156 0.540785 0.653885 0.781630 0.923677 1.079083 1.246238 1.422839 1.605890 1.791755 1.976250 2.154780 2.322522 2.474634 2.606482 2.713877 2.793290 2.842051 2.858493 2.842051 2.793290 2.713877 2.606482 2.474634 2.322522 2.154780 1.976250 1.791755 1.605890 1.422839 1.246238 1.079083 0.923677 0.781630 0.653885 0.540785 0.442156 0.357403 0.285613 0.225652 0.176257 0.136115 0.103926 0.078452 0.058554 0.043210 0.031528 0.022746 0.016225 0.011444 0.007982 0.005505 0.003754 0.002531 0.001688 0.001113 0.000726 0.000468 0.000299 0.000188 0.000118 0.000073 0.000045 0.000027 0.000017 0.000011 0.000009 0.000009 
0.000007 0.000007 0.000009 0.000014 0.000022 0.000037 0.000060 0.000099 0.000160 0.000256 0.000406 0.000636 0.000986 0.001512 0.002293 0.003437 0.005095 0.007470 0.010829 0.015522 0.022002 0.030836 0.042733 0.058554 0.079331 0.106268 0.140746 0.184306 0.238618 0.305437 0.386537 0.483622 0.598219 0.731560 0.884444 1.057104 1.249072 1.459069 1.684920 1.923511 2.170797 2.421863 2.671060 2.912186 3.138729 3.344154 3.522205 3.667229 3.774466 3.840309 3.862511 3.840309 3.774466 3.667229 3.522205 3.344154 3.138729 2.912186 2.671060 2.421863 2.170797 1.923511 1.684920 1.459069 1.249072 1.057104 0.884444 0.731560 0.598219 0.483622 0.386537 0.305437 0.238618 0.184306 0.140746 0.106268 0.079331 0.058554 0.042733 0.030836 0.022002 0.015522 0.010829 0.007470 0.005095 0.003437 0.002293 0.001512 0.000986 0.000636 0.000406 0.000256 0.000160 0.000099 0.000061 0.000037 0.000023 0.000015 0.000012 0.000012 
0.000009 0.000009 0.000012 0.000018 0.000030 0.000049 0.000081 0.000133 0.000215 0.000344 0.000546 0.000855 0.001325 0.002031 0.003078 0.004614 0.006838 0.010022 0.014524 0.020815 0.029497 0.041332 0.057266 0.078452 0.106268 0.142325 0.188467 0.246752 0.319412 0.408790 0.517252 0.647073 0.800289 0.978542 1.182894 1.413650 1.670183 1.950779 2.252531 2.571274 2.901605 3.236962 3.569799 3.891836 4.194381 4.468709 4.706475 4.900131 5.043323 5.131243 5.160889 5.131243 5.043323 4.900131 4.706475 4.468709 4.194381 3.891836 3.569799 3.236962 2.901605 2.571274 2.252531 1.950779 1.670183 1.413650 1.182894 0.978542 0.800289 0.647073 0.517252 0.408790 0.319412 0.246752 0.188467 0.142325 0.106268 0.078452 0.057266 0.041332 0.029497 0.020815 0.014524 0.010022 0.006838 0.004614 0.003078 0.002031 0.001325 0.000855 0.000546 0.000345 0.000215 0.000133 0.000082 0.000050 0.000031 0.000021 0.000016 0.000016 
0.000012 0.000012 0.000016 0.000024 0.000040 0.000066 0.000108 0.000177 0.000286 0.000458 0.000725 0.001136 0.001760 0.002697 0.004086 0.006122 0.009072 0.013293 0.019261 0.027597 0.039099 0.054775 0.075876 0.103926 0.140746 0.188467 0.249525 0.326637 0.422751 0.540961 0.684391 0.856038 1.058593 1.294214 1.564302 1.869253 2.208231 2.578968 2.977618 3.398681 3.835015 4.277957 4.717541 5.142836 5.542370 5.904626 6.218588 6.474297 6.663369 6.779457 6.818601 6.779457 6.663369 6.474297 6.218588 5.904626 5.542370 5.142836 4.717541 4.277957 3.835015 3.398681 2.977618 2.578968 2.208231 1.869253 1.564302 1.294214 1.058593 0.856038 0.684391 0.540961 0.422751 0.326637 0.249525 0.188467 0.140746 0.103926 0.075876 0.054775 0.039099 0.027597 0.019261 0.013293 0.009072 0.006122 0.004086 0.002697 0.001760 0.001136 0.000725 0.000458 0.000286 0.000177 0.000109 0.000067 0.000041 0.000027 0.000021 0.000021 
0.000016 0.000016 0.000021 0.000032 0.000052 0.000086 0.000142 0.000232 0.000376 0.000602 0.000953 0.001492 0.002311 0.003540 0.005362 0.008033 0.011899 0.017432 0.025253 0.036174 0.051240 0.071768 0.099396 0.136115 0.184306 0.246752 0.326637 0.427510 0.553220 0.707806 0.895345 1.119749 1.384523 1.692484 2.045452 2.443936 2.886837 3.371187 3.891957 4.441960 5.011867 5.590363 6.164438 6.719822 7.241539 7.714558 8.124503 8.458376 8.705238 8.856806 8.907914 8.856806 8.705238 8.458376 8.124503 7.714558 7.241539 6.719822 6.164438 5.590363 5.011867 4.441960 3.891957 3.371187 2.886837 2.443936 2.045452 1.692484 1.384523 1.119749 0.895345 0.707806 0.553220 0.427510 0.326637 0.246752 0.184306 0.136115 0.099396 0.071768 0.051240 0.036174 0.025253 0.017432 0.011899 0.008033 0.005362 0.003540 0.002311 0.001492 0.000953 0.000602 0.000376 0.000233 0.000143 0.000088 0.000055 0.000036 0.000028 0.000028 
0.000021 0.000021 0.000027 0.000042 0.000068 0.000112 0.000185 0.000302 0.000488 0.000782 0.001237 0.001937 0.002999 0.004593 0.006956 0.010418 0.015430 0.022600 0.032732 0.046878 0.066388 0.092968 0.128732 0.176257 0.238618 0.319412 0.422751 0.553220 0.715788 0.915669 1.158125 1.448202 1.790422 2.188412 2.644514 3.159377 3.731572 4.357257 5.029933 5.740310 6.476342 7.223416 7.964737 8.681883 9.355524 9.966262 10.495545 10.926599 11.245309 11.440987 11.506968 11.440987 11.245309 10.926599 10.495545 9.966262 9.355524 8.681883 7.964737 7.223416 6.476342 5.740310 5.029933 4.357257 3.731572 3.159377 2.644514 2.188412 1.790422 1.448202 1.158125 0.915669 0.715788 0.553220 0.422751 0.319412 0.238618 0.176257 0.128732 0.092968 0.066388 0.046878 0.032732 0.022600 0.015430 0.010418 0.006956 0.004593 0.003000 0.001937 0.001237 0.000782 0.000489 0.000302 0.000186 0.000114 0.000071 0.000047 0.000036 0.000036 
0.000027 0.000027 0.000035 0.000054 0.000087 0.000144 0.000237 0.000388 0.000627 0.001004 0.001588 0.002486 0.003849 0.005893 0.008922 0.013359 0.019781 0.028966 0.041944 0.060059 0.085039 0.119064 0.164837 0.225652 0.305437 0.408790 0.540961 0.707806 0.915669 1.171206 1.481131 1.851882 2.289224 2.797780 3.380529 4.038288 4.769221 5.568413 6.427554 7.334778 8.274699 9.228661 10.175222 11.090869 11.950930 12.730651 13.406357 13.956646 14.363507 14.613305 14.697533 14.613305 14.363507 13.956646 13.406357 12.730651 11.950930 11.090869 10.175222 9.228661 8.274699 7.334778 6.427554 5.568413 4.769221 4.038288 3.380529 2.797780 2.289224 1.851882 1.481131 1.171206 0.915669 0.707806 0.540961 0.408790 0.305437 0.225652 0.164837 0.119064 0.085039 0.060059 0.041944 0.028966 0.019781 0.013359 0.008922 0.005893 0.003849 0.002486 0.001588 0.001004 0.000628 0.000389 0.000239 0.000146 0.000091 0.000061 0.000047 0.000047 
0.000034 0.000034 0.000045 0.000068 0.000111 0.000183 0.000302 0.000493 0.000796 0.001274 0.002016 0.003154 0.004882 0.007473 0.011312 0.016934 0.025070 0.036703 0.053136 0.076071 0.107692 0.150753 0.208673 0.285613 0.386537 0.517252 0.684391 0.895345 1.158125 1.481131 1.872834 2.341358 2.893969 3.536494 4.272680 5.103546 6.026760 7.036102 8.121071 9.266679 10.453496 11.657969 12.853031 14.009006 15.094761 16.079056 16.932022 17.626651 18.140223 18.455532 18.561850 18.455532 18.140223 17.626651 16.932022 16.079056 15.094761 14.009006 12.853031 11.657969 10.453496 9.266679 8.121071 7.036102 6.026760 5.103546 4.272680 3.536494 2.893969 2.341358 1.872834 1.481131 1.158125 0.895345 0.684391 0.517252 0.386537 0.285613 0.208673 0.150753 0.107692 0.076071 0.053136 0.036703 0.025070 0.016934 0.011312 0.007473 0.004882 0.003154 0.002016 0.001274 0.000797 0.000493 0.000303 0.000186 0.000116 0.000077 0.000060 0.000060 
0.000043 0.000043 0.000056 0.000086 0.000140 0.000230 0.000379 0.000618 0.000999 0.001598 0.002529 0.003956 0.006122 0.009368 0.014178 0.021221 0.031410 0.045976 0.066549 0.095256 0.134827 0.188706 0.261166 0.357403 0.483622 0.647073 0.856038 1.119749 1.448202 1.851882 2.341358 2.926761 3.617153 4.419793 5.339344 6.377061 7.530016 8.790431 10.145182 11.575551 13.057278 14.560960 16.052817 17.495812 18.851097 20.079692 21.144331 22.011321 22.652316 23.045852 23.178547 23.045852 22.652316 22.011321 21.144331 20.079692 18.851097 17.495812 16.052817 14.560960 13.057278 11.575551 10.145182 8.790431 7.530016 6.377061 5.339344 4.419793 3.617153 2.926761 2.341358 1.851882 1.448202 1.119749 0.856038 0.647073 0.483622 0.357403 0.261166 0.188706 0.134827 0.095256 0.066549 0.045976 0.031410 0.021221 0.014178 0.009368 0.006122 0.003956 0.002529 0.001599 0.001000 0.000619 0.000381 0.000234 0.000146 0.000097 0.000075 0.000075 
0.000054 0.000054 0.000070 0.000107 0.000173 0.000286 0.000470 0.000767 0.001240 0.001983 0.003136 0.004905 0.007588 0.011610 0.017568 0.026289 0.038904 0.056934 0.082396 0.117919 0.166877 0.233527 0.323146 0.442156 0.598219 0.800289 1.058593 1.384523 1.790422 2.289224 2.893969 3.617153 4.469947 5.461295 6.596935 7.878397 9.302048 10.858268 12.530845 14.296664 16.125773 17.981883 19.823305 21.604338 23.277048 24.793347 26.107259 27.177222 27.968267 28.453922 28.617676 28.453922 27.968267 27.177222 26.107259 24.793347 23.277048 21.604338 19.823305 17.981883 16.125773 14.296664 12.530845 10.858268 9.302048 7.878397 6.596935 5.461295 4.469947 3.617153 2.893969 2.289224 1.790422 1.384523 1.058593 0.800289 0.598219 0.442156 0.323146 0.233527 0.166877 0.117919 0.082396 0.056934 0.038904 0.026289 0.017568 0.011610 0.007588 0.004905 0.003136 0.001983 0.001241 0.000769 0.000473 0.000290 0.000181 0.000120 0.000093 0.000093 
0.000066 0.000066 0.000086 0.000131 0.000213 0.000351 0.000577 0.000941 0.001521 0.002431 0.003844 0.006011 0.009298 0.014223 0.021518 0.032194 0.047634 0.069699 0.100853 0.144309 0.204191 0.285701 0.395284 0.540785 0.731560 0.978542 1.294214 1.692484 2.188412 2.797780 3.536494 4.419793 5.461295 6.671898 8.058583 9.623195 11.361279 13.261073 15.302775 17.458161 19.690673 21.956023 24.203340 26.376867 28.418125 30.268452 31.871766 33.177371 34.142617 34.735214 34.935026 34.735214 34.142617 33.177371 31.871766 30.268452 28.418125 26.376867 24.203340 21.956023 19.690673 17.458161 15.302775 13.261073 11.361279 9.623195 8.058583 6.671898 5.461295 4.419793 3.536494 2.797780 2.188412 1.692484 1.294214 0.978542 0.731560 0.540785 0.395284 0.285701 0.204191 0.144309 0.100853 0.069699 0.047634 0.032194 0.021518 0.014223 0.009298 0.006011 0.003844 0.002431 0.001522 0.000943 0.000580 0.000356 0.000222 0.000147 0.000114 0.000114 
0.000080 0.000080 0.000104 0.000159 0.000258 0.000425 0.000699 0.001141 0.001843 0.002946 0.004657 0.007282 0.011262 0.017224 0.026054 0.038974 0.057656 0.084350 0.122033 0.174589 0.246999 0.345547 0.478018 0.653885 0.884444 1.182894 1.564302 2.045452 2.644514 3.380529 4.272680 5.339344 6.596935 8.058583 9.732689 11.621452 13.719471 16.012533 18.476719 21.077961 23.772138 26.505809 29.217599 31.840245 34.303206 36.535727 38.470164 40.045378 41.209931 41.924882 42.165949 41.924882 41.209931 40.045378 38.470164 36.535727 34.303206 31.840245 29.217599 26.505809 23.772138 21.077961 18.476719 16.012533 13.719471 11.621452 9.732689 8.058583 6.596935 5.339344 4.272680 3.380529 2.644514 2.045452 1.564302 1.182894 0.884444 0.653885 0.478018 0.345547 0.246999 0.174589 0.122033 0.084350 0.057656 0.038974 0.026054 0.017225 0.011262 0.007282 0.004658 0.002947 0.001844 0.001143 0.000703 0.000432 0.000269 0.000179 0.000139 0.000139 
0.000096 0.000096 0.000125 0.000191 0.000310 0.000510 0.000838 0.001368 0.002209 0.003529 0.005578 0.008721 0.013484 0.020620 0.031184 0.046641 0.068988 0.100912 0.145972 0.208808 0.295369 0.413160 0.571478 0.781630 1.057104 1.413650 1.869253 2.443936 3.159377 4.038288 5.103546 6.377061 7.878397 9.623195 11.621452 13.875763 16.379657 19.116148 22.056680 25.160589 28.375229 31.636841 34.872213 38.001113 40.939410 43.602717 45.910371 47.789460 49.178648 50.031501 50.319065 50.031501 49.178648 47.789460 45.910371 43.602717 40.939410 38.001113 34.872213 31.636841 28.375229 25.160589 22.056680 19.116148 16.379657 13.875763 11.621452 9.623195 7.878397 6.377061 5.103546 4.038288 3.159377 2.443936 1.869253 1.413650 1.057104 0.781630 0.571478 0.413160 0.295369 0.208808 0.145972 0.100912 0.068988 0.046641 0.031184 0.020620 0.013484 0.008721 0.005579 0.003530 0.002210 0.001370 0.000843 0.000518 0.000323 0.000215 0.000166 0.000166 
0.000114 0.000114 0.000148 0.000226 0.000367 0.000604 0.000993 0.001620 0.002616 0.004179 0.006604 0.010323 0.015959 0.024400 0.036896 0.055176 0.081600 0.119343 0.172609 0.246877 0.349175 0.488362 0.675413 0.923677 1.249072 1.670183 2.208231 2.886837 3.731572 4.769221 6.026760 7.530016 9.302048 11.361279 13.719471 16.379657 19.334169 22.562944 26.032270 29.694165 33.486516 37.334114 41.150609 44.841381 48.307217 51.448611 54.170450 56.386765 58.025239 59.031125 59.370287 59.031125 58.025239 56.386765 54.170450 51.448611 48.307217 44.841381 41.150609 37.334114 33.486516 29.694165 26.032270 22.562944 19.334169 16.379657 13.719471 11.361279 9.302048 7.530016 6.026760 4.769221 3.731572 2.886837 2.208231 1.670183 1.249072 0.923677 0.675413 0.488362 0.349175 0.246877 0.172609 0.119343 0.081600 0.055176 0.036896 0.024400 0.015959 0.010323 0.006605 0.004180 0.002617 0.001623 0.000998 0.000613 0.000383 0.000255 0.000197 0.000197 
0.000134 0.000134 0.000174 0.000265 0.000430 0.000708 0.001163 0.001897 0.003062 0.004891 0.007729 0.012079 0.018670 0.028542 0.043152 0.064522 0.095410 0.139522 0.201768 0.288547 0.408062 0.570654 0.789136 1.079083 1.459069 1.950779 2.578968 3.371187 4.357257 5.568413 7.036102 8.790431 10.858268 13.261073 16.012533 19.116148 22.562944 26.329488 30.376438 34.647811 39.071158 43.558763 48.009930 52.314329 56.356279 60.019769 63.193909 65.778478 67.689172 68.862169 69.257675 68.862169 67.689172 65.778478 63.193909 60.019769 56.356279 52.314329 48.009930 43.558763 39.071158 34.647811 30.376438 26.329488 22.562944 19.116148 16.012533 13.261073 10.858268 8.790431 7.036102 5.568413 4.357257 3.371187 2.578968 1.950779 1.459069 1.079083 0.789136 0.570654 0.408062 0.288547 0.201768 0.139522 0.095410 0.064522 0.043152 0.028542 0.018670 0.012079 0.007729 0.004892 0.003064 0.001900 0.001169 0.000718 0.000449 0.000298 0.000231 0.000231 
0.000155 0.000155 0.000201 0.000307 0.000498 0.000819 0.001346 0.002195 0.003543 0.005659 0.008940 0.013970 0.021591 0.033002 0.049889 0.074585 0.110276 0.161242 0.233150 0.333387 0.471421 0.659188 0.911469 1.246238 1.684920 2.252531 2.977618 3.891957 5.029933 6.427554 8.121071 10.145182 12.530845 15.302775 18.476719 22.056680 26.032270 30.376438 35.043787 39.969743 45.070754 50.245674 55.378404 60.341744 65.002336 69.226448 72.886257 75.866242 78.069230 79.421659 79.877664 79.421659 78.069230 75.866242 72.886257 69.226448 65.002336 60.341744 55.378404 50.245674 45.070754 39.969743 35.043787 30.376438 26.032270 22.056680 18.476719 15.302775 12.530845 10.145182 8.121071 6.427554 5.029933 3.891957 2.977618 2.252531 1.684920 1.246238 0.911469 0.659188 0.471421 0.333387 0.233150 0.161242 0.110276 0.074585 0.049889 0.033002 0.021591 0.013971 0.008941 0.005660 0.003545 0.002199 0.001353 0.000832 0.000520 0.000345 0.000268 0.000268 
0.000177 0.000177 0.000231 0.000351 0.000569 0.000937 0.001540 0.002511 0.004052 0.006471 0.010222 0.015971 0.024680 0.037720 0.057013 0.085226 0.125994 0.184204 0.266323 0.380781 0.538382 0.752743 1.040728 1.422839 1.923511 2.571274 3.398681 4.441960 5.740310 7.334778 9.266679 11.575551 14.296664 17.458161 21.077961 25.160589 29.694165 34.647811 39.969743 45.586320 51.402275 57.302296 63.154034 68.812498 74.125687 78.941178 83.113292 86.510372 89.021677 90.563374 91.083192 90.563374 89.021677 86.510372 83.113292 78.941178 74.125687 68.812498 63.154034 57.302296 51.402275 45.586320 39.969743 34.647811 29.694165 25.160589 21.077961 17.458161 14.296664 11.575551 9.266679 7.334778 5.740310 4.441960 3.398681 2.571274 1.923511 1.422839 1.040728 0.752743 0.538382 0.380781 0.266323 0.184204 0.125994 0.085226 0.057013 0.037720 0.024681 0.015972 0.010223 0.006473 0.004055 0.002515 0.001548 0.000952 0.000595 0.000395 0.000307 0.000307 
0.000200 0.000200 0.000261 0.000398 0.000644 0.001060 0.001742 0.002839 0.004581 0.007315 0.011553 0.018048 0.027886 0.042615 0.064405 0.096265 0.142298 0.208018 0.300724 0.429924 0.607807 0.849733 1.174721 1.605890 2.170797 2.901605 3.835015 5.011867 6.476342 8.274699 10.453496 13.057278 16.125773 19.690673 23.772138 28.375229 33.486516 39.071158 45.070754 51.402275 57.958328 64.608935 71.204932 77.582912 83.571582 88.999177 93.701541 97.530323 100.360737 102.098325 102.684191 102.098325 100.360737 97.530323 93.701541 88.999177 83.571582 77.582912 71.204932 64.608935 57.958328 51.402275 45.070754 39.071158 33.486516 28.375229 23.772138 19.690673 16.125773 13.057278 10.453496 8.274699 6.476342 5.011867 3.835015 2.901605 2.170797 1.605890 1.174721 0.849733 0.607807 0.429924 0.300724 0.208018 0.142298 0.096265 0.064405 0.042615 0.027887 0.018049 0.011554 0.007316 0.004584 0.002844 0.001751 0.001076 0.000673 0.000447 0.000347 0.000347 
0.000224 0.000224 0.000292 0.000445 0.000720 0.001185 0.001947 0.003172 0.005119 0.008172 0.012906 0.020160 0.031145 0.047589 0.071916 0.107482 0.158863 0.232211 0.335669 0.479840 0.678318 0.948230 1.310784 1.791755 2.421863 3.236962 4.277957 5.590363 7.223416 9.228661 11.657969 14.560960 17.981883 21.956023 26.505809 31.636841 37.334114 43.558763 50.245674 57.302296 64.608935 72.020745 79.371505 86.479141 93.152796 99.201097 104.441155 108.707691 111.861687 113.797910 114.450749 113.797910 111.861687 108.707691 104.441155 99.201097 93.152796 86.479141 79.371505 72.020745 64.608935 57.302296 50.245674 43.558763 37.334114 31.636841 26.505809 21.956023 17.981883 14.560960 11.657969 9.228661 7.223416 5.590363 4.277957 3.236962 2.421863 1.791755 1.310784 0.948230 0.678318 0.479840 0.335669 0.232211 0.158863 0.107482 0.071916 0.047590 0.031146 0.020160 0.012907 0.008174 0.005122 0.003178 0.001957 0.001203 0.000752 0.000500 0.000388 0.000388 
0.000248 0.000248 0.000323 0.000491 0.000796 0.001309 0.002150 0.003504 0.005653 0.009024 0.014250 0.022257 0.034383 0.052532 0.079378 0.118623 0.175315 0.256238 0.370369 0.529403 0.748324 1.046016 1.445854 1.976250 2.671060 3.569799 4.717541 6.164438 7.964737 10.175222 12.853031 16.052817 19.823305 24.203340 29.217599 34.872213 41.150609 48.009930 55.378404 63.154034 71.204932 79.371505 87.470627 95.301714 102.654516 109.318224 115.091377 119.791920 123.266725 125.399880 126.119117 125.399880 123.266725 119.791920 115.091377 109.318224 102.654516 95.301714 87.470627 79.371505 71.204932 63.154034 55.378404 48.009930 41.150609 34.872213 29.217599 24.203340 19.823305 16.052817 12.853031 10.175222 7.964737 6.164438 4.717541 3.569799 2.671060 1.976250 1.445854 1.046016 0.748324 0.529403 0.370369 0.256238 0.175315 0.118623 0.079378 0.052532 0.034383 0.022258 0.014251 0.009026 0.005657 0.003510 0.002161 0.001329 0.000831 0.000553 0.000429 0.000429 
