0.000000 0.000000 0.000000 0.000000 0.000001 0.000001 0.000001 0.000002 0.000002 0.000004 0.000005 0.000007 0.000010 0.000014 0.000020 0.000027 0.000037 0.000049 0.000066 0.000087 0.000114 0.000149 0.000192 0.000245 0.000311 0.000391 0.000486 0.000600 0.000733 0.000889 0.001067 0.001271 0.001499 0.001753 0.002032 0.002335 0.002658 0.003000 0.003355 0.003719 0.004085 0.004448 0.004800 0.005133 0.005441 0.005716 0.005951 0.006141 0.006280 0.006365 0.006393 0.006365 0.006280 0.006141 0.005951 0.005716 0.005441 0.005133 0.004800 0.004448 0.004085 0.003719 0.003355 0.003000 0.002658 0.002335 0.002032 0.001753 0.001499 0.001271 0.001067 0.000889 0.000733 0.000600 0.000486 0.000391 0.000311 0.000245 0.000192 0.000149 0.000114 0.000087 0.000066 0.000049 0.000037 0.000027 0.000020 0.000014 0.000010 0.000007 0.000005 0.000004 0.000002 0.000002 0.000001 0.000001 0.000001 0.000000 0.000000 0.000000 
0.000000 0.000000 0.000000 0.000000 0.000001 0.000001 0.000001 0.000002 0.000002 0.000004 0.000005 0.000007 0.000010 0.000014 0.000020 0.000027 0.000037 0.000049 0.000066 0.000087 0.000114 0.000149 0.000192 0.000245 0.000311 0.000391 0.000486 0.000600 0.000733 0.000889 0.001067 0.001271 0.001499 0.001753 0.002032 0.002335 0.002658 0.003000 0.003355 0.003719 0.004085 0.004448 0.004800 0.005133 0.005441 0.005716 0.005951 0.006141 0.006280 0.006365 0.006393 0.006365 0.006280 0.006141 0.005951 0.005716 0.005441 0.005133 0.004800 0.004448 0.004085 0.003719 0.003355 0.003000 0.002658 0.002335 0.002032 0.001753 0.001499 0.001271 0.001067 0.000889 0.000733 0.000600 0.000486 0.000391 0.000311 0.000245 0.000192 0.000149 0.000114 0.000087 0.000066 0.000049 0.000037 0.000027 0.000020 0.000014 0.000010 0.000007 0.000005 0.000004 0.000002 0.000002 0.000001 0.000001 0.000001 0.000000 0.000000 0.000000 
0.000000 0.000000 0.000000 0.000000 0.000001 0.000001 0.000001 0.000002 0.000003 0.000004 0.000006 0.000009 0.000012 0.000017 0.000023 0.000032 0.000043 0.000058 0.000078 0.000103 0.000135 0.000176 0.000227 0.000290 0.000367 0.000461 0.000573 0.000707 0.000865 0.001048 0.001258 0.001498 0.001767 0.002067 0.002395 0.002751 0.003132 0.003534 0.003953 0.004381 0.004813 0.005240 0.005654 0.006047 0.006409 0.006733 0.007010 0.007233 0.007397 0.007497 0.007530 0.007497 0.007397 0.007233 0.007010 0.006733 0.006409 0.006047 0.005654 0.005240 0.004813 0.004381 0.003953 0.003534 0.003132 0.002751 0.002395 0.002067 0.001767 0.001498 0.001258 0.001048 0.000865 0.000707 0.000573 0.000461 0.000367 0.000290 0.000227 0.000176 0.000135 0.000103 0.000078 0.000058 0.000043 0.000032 0.000023 0.000017 0.000012 0.000009 0.000006 0.000004 0.000003 0.000002 0.000001 0.000001 0.000001 0.000001 0.000000 0.000000 
0.000000 0.000000 0.000000 0.000001 0.000001 0.000001 0.000002 0.000003 0.000004 0.000006 0.000008 0.000011 0.000016 0.000022 0.000031 0.000042 0.000057 0.000077 0.000103 0.000137 0.000179 0.000233 0.000301 0.000384 0.000487 0.000611 0.000760 0.000938 0.001146 0.001389 0.001667 0.001985 0.002341 0.002737 0.003172 0.003644 0.004148 0.004680 0.005233 0.005800 0.006371 0.006936 0.007484 0.008003 0.008482 0.008910 0.009276 0.009571 0.009788 0.009920 0.009965 0.009920 0.009788 0.009571 0.009276 0.008910 0.008482 0.008003 0.007484 0.006936 0.006371 0.005800 0.005233 0.004680 0.004148 0.003644 0.003172 0.002737 0.002341 0.001985 0.001667 0.001389 0.001146 0.000938 0.000760 0.000611 0.000487 0.000384 0.000301 0.000233 0.000179 0.000137 0.000103 0.000077 0.000057 0.000042 0.000031 0.000022 0.000016 0.000011 0.000008 0.000006 0.000004 0.000003 0.000002 0.000001 0.000001 0.000001 0.000001 0.000001 
0.000001 0.000001 0.000001 0.000001 0.000001 0.000002 0.000003 0.000004 0.000005 0.000008 0.000011 0.000016 0.000023 0.000032 0.000044 0.000060 0.000081 0.000109 0.000146 0.000193 0.000254 0.000330 0.000425 0.000543 0.000687 0.000863 0.001073 0.001323 0.001617 0.001959 0.002352 0.002799 0.003302 0.003860 0.004472 0.005136 0.005846 0.006596 0.007375 0.008173 0.008977 0.009772 0.010543 0.011274 0.011949 0.012551 0.013066 0.013481 0.013786 0.013972 0.014035 0.013972 0.013786 0.013481 0.013066 0.012551 0.011949 0.011274 0.010543 0.009772 0.008977 0.008173 0.007375 0.006596 0.005846 0.005136 0.004472 0.003860 0.003302 0.002799 0.002352 0.001959 0.001617 0.001323 0.001073 0.000863 0.000687 0.000543 0.000425 0.000330 0.000254 0.000193 0.000146 0.000109 0.000081 0.000060 0.000044 0.000032 0.000023 0.000016 0.000011 0.000008 0.000005 0.000004 0.000003 0.000002 0.000001 0.000001 0.000001 0.000001 
0.000001 0.000001 0.000001 0.000001 0.000002 0.000003 0.000004 0.000005 0.000008 0.000012 0.000016 0.000023 0.000033 0.000046 0.000063 0.000087 0.000118 0.000159 0.000212 0.000280 0.000368 0.000478 0.000616 0.000787 0.000996 0.001250 0.001555 0.001916 0.002342 0.002837 0.003405 0.004052 0.004779 0.005586 0.006472 0.007431 0.008458 0.009541 0.010667 0.011820 0.012982 0.014131 0.015246 0.016302 0.017276 0.018146 0.018891 0.019491 0.019931 0.020200 0.020290 0.020200 0.019931 0.019491 0.018891 0.018146 0.017276 0.016302 0.015246 0.014131 0.012982 0.011820 0.010667 0.009541 0.008458 0.007431 0.006472 0.005586 0.004779 0.004052 0.003405 0.002837 0.002342 0.001916 0.001555 0.001250 0.000996 0.000787 0.000616 0.000478 0.000368 0.000280 0.000212 0.000159 0.000118 0.000087 0.000063 0.000046 0.000033 0.000023 0.000016 0.000012 0.000008 0.000006 0.000004 0.000003 0.000002 0.000001 0.000001 0.000001 
0.000001 0.000001 0.000001 0.000002 0.000003 0.000004 0.000005 0.000008 0.000012 0.000017 0.000024 0.000034 0.000048 0.000067 0.000093 0.000127 0.000172 0.000232 0.000310 0.000409 0.000537 0.000698 0.000899 0.001148 0.001453 0.001823 0.002268 0.002795 0.003415 0.004136 0.004964 0.005906 0.006965 0.008140 0.009430 0.010828 0.012322 0.013899 0.015538 0.017217 0.018907 0.020580 0.022202 0.023739 0.025156 0.026422 0.027505 0.028378 0.029018 0.029409 0.029541 0.029409 0.029018 0.028378 0.027505 0.026422 0.025156 0.023739 0.022202 0.020580 0.018907 0.017217 0.015538 0.013899 0.012322 0.010828 0.009430 0.008140 0.006965 0.005906 0.004964 0.004136 0.003415 0.002795 0.002268 0.001823 0.001453 0.001148 0.000899 0.000698 0.000537 0.000409 0.000310 0.000232 0.000172 0.000127 0.000093 0.000067 0.000048 0.000034 0.000024 0.000017 0.000012 0.000008 0.000006 0.000004 0.000003 0.000002 0.000002 0.000002 
0.000002 0.000002 0.000002 0.000003 0.000004 0.000005 0.000008 0.000012 0.000017 0.000025 0.000035 0.000050 0.000070 0.000098 0.000135 0.000185 0.000251 0.000338 0.000451 0.000597 0.000783 0.001017 0.001310 0.001672 0.002117 0.002655 0.003301 0.004069 0.004971 0.006019 0.007224 0.008594 0.010133 0.011842 0.013716 0.015748 0.017920 0.020211 0.022593 0.025032 0.027488 0.029918 0.032274 0.034507 0.036566 0.038405 0.039978 0.041245 0.042175 0.042744 0.042935 0.042744 0.042175 0.041245 0.039978 0.038405 0.036566 0.034507 0.032274 0.029918 0.027488 0.025032 0.022593 0.020211 0.017920 0.015748 0.013716 0.011842 0.010133 0.008594 0.007224 0.006019 0.004971 0.004069 0.003301 0.002655 0.002117 0.001672 0.001310 0.001017 0.000783 0.000597 0.000451 0.000338 0.000251 0.000185 0.000135 0.000098 0.000070 0.000050 0.000035 0.000025 0.000017 0.000012 0.000008 0.000006 0.000004 0.000003 0.000003 0.000003 
0.000002 0.000002 0.000003 0.000004 0.000005 0.000008 0.000012 0.000017 0.000025 0.000036 0.000051 0.000072 0.000102 0.000142 0.000196 0.000268 0.000364 0.000490 0.000654 0.000865 0.001134 0.001473 0.001897 0.002422 0.003065 0.003844 0.004779 0.005890 0.007194 0.008710 0.010452 0.012433 0.014658 0.017128 0.019838 0.022774 0.025913 0.029223 0.032665 0.036189 0.039738 0.043248 0.046651 0.049876 0.052851 0.055507 0.057778 0.059610 0.060953 0.061774 0.062049 0.061774 0.060953 0.059610 0.057778 0.055507 0.052851 0.049876 0.046651 0.043248 0.039738 0.036189 0.032665 0.029223 0.025913 0.022774 0.019838 0.017128 0.014658 0.012433 0.010452 0.008710 0.007194 0.005890 0.004779 0.003844 0.003065 0.002422 0.001897 0.001473 0.001134 0.000865 0.000654 0.000490 0.000364 0.000268 0.000196 0.000142 0.000102 0.000072 0.000051 0.000036 0.000025 0.000017 0.000012 0.000008 0.000006 0.000004 0.000004 0.000004 
0.000004 0.000004 0.000004 0.000006 0.000008 0.000012 0.000017 0.000025 0.000036 0.000051 0.000074 0.000104 0.000147 0.000204 0.000282 0.000386 0.000525 0.000706 0.000941 0.001244 0.001631 0.002119 0.002728 0.003482 0.004406 0.005525 0.006868 0.008462 0.010335 0.012511 0.015013 0.017855 0.021048 0.024593 0.028481 0.032693 0.037196 0.041945 0.046882 0.051936 0.057026 0.062060 0.066941 0.071565 0.075831 0.079638 0.082896 0.085521 0.087447 0.088624 0.089019 0.088624 0.087447 0.085521 0.082896 0.079638 0.075831 0.071565 0.066941 0.062060 0.057026 0.051936 0.046882 0.041945 0.037196 0.032693 0.028481 0.024593 0.021048 0.017855 0.015013 0.012511 0.010335 0.008462 0.006868 0.005525 0.004406 0.003482 0.002728 0.002119 0.001631 0.001244 0.000941 0.000706 0.000525 0.000386 0.000282 0.000204 0.000147 0.000104 0.000074 0.000052 0.000036 0.000025 0.000017 0.000012 0.000008 0.000006 0.000005 0.000005 
0.000005 0.000005 0.000006 0.000008 0.000011 0.000016 0.000024 0.000035 0.000051 0.000074 0.000105 0.000149 0.000210 0.000292 0.000403 0.000552 0.000749 0.001007 0.001343 0.001776 0.002327 0.003022 0.003891 0.004965 0.006281 0.007876 0.009790 0.012061 0.014728 0.017827 0.021388 0.025435 0.029981 0.035027 0.040561 0.046556 0.052964 0.059722 0.066746 0.073938 0.081179 0.088341 0.095283 0.101861 0.107929 0.113345 0.117978 0.121712 0.124452 0.126125 0.126688 0.126125 0.124452 0.121712 0.117978 0.113345 0.107929 0.101861 0.095283 0.088341 0.081179 0.073938 0.066746 0.059722 0.052964 0.046556 0.040561 0.035027 0.029981 0.025435 0.021388 0.017827 0.014728 0.012061 0.009790 0.007876 0.006281 0.004965 0.003891 0.003022 0.002327 0.001776 0.001343 0.001007 0.000749 0.000552 0.000403 0.000292 0.000210 0.000149 0.000105 0.000074 0.000051 0.000035 0.000024 0.000017 0.000012 0.000009 0.000008 0.000008 
0.000007 0.000007 0.000009 0.000011 0.000016 0.000023 0.000034 0.000050 0.000072 0.000104 0.000149 0.000211 0.000297 0.000413 0.000571 0.000781 0.001060 0.001426 0.001901 0.002512 0.003291 0.004274 0.005502 0.007021 0.008881 0.011134 0.013837 0.017045 0.020813 0.025189 0.030218 0.035931 0.042348 0.049471 0.057283 0.065743 0.074787 0.084323 0.094235 0.104381 0.114598 0.124702 0.134496 0.143775 0.152334 0.159974 0.166509 0.171776 0.175640 0.178000 0.178793 0.178000 0.175640 0.171776 0.166509 0.159974 0.152334 0.143775 0.134496 0.124702 0.114598 0.104381 0.094235 0.084323 0.074787 0.065743 0.057283 0.049471 0.042348 0.035931 0.030218 0.025189 0.020813 0.017045 0.013837 0.011134 0.008881 0.007021 0.005502 0.004274 0.003291 0.002512 0.001901 0.001426 0.001060 0.000781 0.000571 0.000413 0.000297 0.000211 0.000149 0.000104 0.000073 0.000050 0.000035 0.000024 0.000017 0.000013 0.000011 0.000011 
0.000010 0.000010 0.000012 0.000016 0.000023 0.000033 0.000048 0.000070 0.000102 0.000147 0.000210 0.000297 0.000417 0.000581 0.000802 0.001097 0.001488 0.002001 0.002667 0.003525 0.004617 0.005995 0.007716 0.009844 0.012449 0.015606 0.019392 0.023885 0.029161 0.035289 0.042329 0.050327 0.059309 0.069279 0.080212 0.092051 0.104706 0.118049 0.131917 0.146111 0.160404 0.174537 0.188237 0.201216 0.213188 0.223873 0.233012 0.240379 0.245783 0.249083 0.250193 0.249083 0.245783 0.240379 0.233012 0.223873 0.213188 0.201216 0.188237 0.174537 0.160404 0.146111 0.131917 0.118049 0.104706 0.092051 0.080212 0.069279 0.059309 0.050327 0.042329 0.035289 0.029161 0.023885 0.019392 0.015606 0.012449 0.009844 0.007716 0.005995 0.004617 0.003525 0.002667 0.002001 0.001488 0.001097 0.000802 0.000581 0.000417 0.000297 0.000210 0.000147 0.000102 0.000071 0.000049 0.000034 0.000024 0.000018 0.000016 0.000016 
0.000014 0.000014 0.000017 0.000022 0.000032 0.000046 0.000067 0.000098 0.000142 0.000204 0.000292 0.000413 0.000581 0.000808 0.001116 0.001526 0.002070 0.002784 0.003710 0.004902 0.006420 0.008335 0.010726 0.013683 0.017302 0.021686 0.026944 0.033183 0.040507 0.049014 0.058787 0.069888 0.082354 0.096189 0.111359 0.127785 0.145342 0.163852 0.183089 0.202778 0.222602 0.242204 0.261203 0.279203 0.295805 0.310622 0.323296 0.333511 0.341004 0.345581 0.347120 0.345581 0.341004 0.333511 0.323296 0.310622 0.295805 0.279203 0.261203 0.242204 0.222602 0.202778 0.183089 0.163852 0.145342 0.127785 0.111359 0.096189 0.082354 0.069888 0.058787 0.049014 0.040507 0.033183 0.026944 0.021686 0.017302 0.013683 0.010726 0.008335 0.006420 0.004902 0.003710 0.002784 0.002070 0.001526 0.001116 0.000808 0.000581 0.000414 0.000292 0.000205 0.000142 0.000098 0.000068 0.000047 0.000034 0.000026 0.000022 0.000022 
0.000020 0.000020 0.000023 0.000031 0.000044 0.000063 0.000093 0.000135 0.000196 0.000282 0.000403 0.000571 0.000802 0.001116 0.001540 0.002106 0.002856 0.003839 0.005116 0.006758 0.008850 0.011488 0.014782 0.018854 0.023838 0.029876 0.037115 0.045703 0.055785 0.067494 0.080943 0.096218 0.113370 0.132405 0.153274 0.175870 0.200018 0.225476 0.251933 0.279010 0.306270 0.333225 0.359350 0.384099 0.406924 0.427296 0.444721 0.458764 0.469065 0.475357 0.477473 0.475357 0.469065 0.458764 0.444721 0.427296 0.406924 0.384099 0.359350 0.333225 0.306270 0.279010 0.251933 0.225476 0.200018 0.175870 0.153274 0.132405 0.113370 0.096218 0.080943 0.067494 0.055785 0.045703 0.037115 0.029876 0.023838 0.018854 0.014782 0.011488 0.008850 0.006758 0.005116 0.003839 0.002856 0.002106 0.001540 0.001116 0.000802 0.000571 0.000403 0.000283 0.000197 0.000136 0.000094 0.000065 0.000047 0.000035 0.000030 0.000030 
0.000027 0.000027 0.000032 0.000042 0.000060 0.000087 0.000127 0.000185 0.000268 0.000386 0.000552 0.000781 0.001097 0.001526 0.002106 0.002880 0.003906 0.005249 0.006994 0.009238 0.012095 0.015698 0.020197 0.025757 0.032562 0.040803 0.050684 0.062405 0.076164 0.092140 0.110489 0.131329 0.154726 0.180689 0.209152 0.239968 0.272898 0.307613 0.343686 0.380604 0.417769 0.454516 0.490129 0.523867 0.554981 0.582749 0.606500 0.625641 0.639683 0.648259 0.651143 0.648259 0.639683 0.625641 0.606500 0.582749 0.554981 0.523867 0.490129 0.454516 0.417769 0.380604 0.343686 0.307613 0.272898 0.239968 0.209152 0.180689 0.154726 0.131329 0.110489 0.092140 0.076164 0.062405 0.050684 0.040803 0.032562 0.025757 0.020197 0.015698 0.012095 0.009238 0.006994 0.005249 0.003906 0.002880 0.002106 0.001527 0.001097 0.000782 0.000552 0.000387 0.000269 0.000186 0.000129 0.000089 0.000064 0.000048 0.000041 0.000041 
0.000037 0.000037 0.000043 0.000057 0.000081 0.000118 0.000172 0.000251 0.000364 0.000525 0.000749 0.001060 0.001488 0.002070 0.002856 0.003906 0.005294 0.007115 0.009479 0.012518 0.016387 0.021266 0.027356 0.034883 0.044093 0.055247 0.068617 0.084476 0.103090 0.124702 0.149521 0.177706 0.209349 0.244458 0.282944 0.324608 0.369129 0.416058 0.464822 0.514724 0.564958 0.614624 0.662757 0.708352 0.750401 0.787927 0.820023 0.845889 0.864863 0.876452 0.880349 0.876452 0.864863 0.845889 0.820023 0.787927 0.750401 0.708352 0.662757 0.614624 0.564958 0.514724 0.464822 0.416058 0.369129 0.324608 0.282944 0.244458 0.209349 0.177706 0.149521 0.124702 0.103090 0.084476 0.068617 0.055247 0.044093 0.034883 0.027356 0.021266 0.016387 0.012518 0.009479 0.007115 0.005294 0.003906 0.002856 0.002070 0.001488 0.001060 0.000749 0.000525 0.000365 0.000253 0.000175 0.000121 0.000087 0.000066 0.000056 0.000056 
0.000049 0.000049 0.000058 0.000077 0.000109 0.000159 0.000232 0.000338 0.000490 0.000706 0.001007 0.001426 0.002001 0.002784 0.003839 0.005249 0.007115 0.009560 0.012734 0.016815 0.022009 0.028558 0.036732 0.046833 0.059191 0.074156 0.092092 0.113365 0.138331 0.167314 0.200596 0.238388 0.280812 0.327879 0.379471 0.435318 0.494990 0.557887 0.623239 0.690113 0.757427 0.823978 0.888472 0.949563 1.005900 1.056177 1.099178 1.133831 1.159251 1.174777 1.179998 1.174777 1.159251 1.133831 1.099178 1.056177 1.005900 0.949563 0.888472 0.823978 0.757427 0.690113 0.623239 0.557887 0.494990 0.435318 0.379471 0.327879 0.280812 0.238388 0.200596 0.167314 0.138331 0.113365 0.092092 0.074156 0.059191 0.046833 0.036732 0.028558 0.022009 0.016815 0.012734 0.009560 0.007115 0.005249 0.003839 0.002784 0.002001 0.001426 0.001008 0.000707 0.000492 0.000340 0.000235 0.000164 0.000117 0.000089 0.000076 0.000076 
0.000066 0.000066 0.000078 0.000103 0.000146 0.000212 0.000310 0.000451 0.000654 0.000941 0.001343 0.001901 0.002667 0.003710 0.005116 0.006994 0.009479 0.012734 0.016960 0.022391 0.029305 0.038019 0.048894 0.062333 0.078772 0.098676 0.122530 0.150818 0.184013 0.222548 0.266792 0.317028 0.373417 0.435973 0.504536 0.578750 0.658041 0.741613 0.828441 0.917286 1.006712 1.095121 1.180794 1.261943 1.336776 1.403556 1.460671 1.506698 1.540461 1.561081 1.568016 1.561081 1.540461 1.506698 1.460671 1.403556 1.336776 1.261943 1.180794 1.095121 1.006712 0.917286 0.828441 0.741613 0.658041 0.578750 0.504536 0.435973 0.373417 0.317028 0.266792 0.222548 0.184013 0.150818 0.122530 0.098676 0.078772 0.062333 0.048894 0.038019 0.029305 0.022391 0.016960 0.012734 0.009479 0.006994 0.005116 0.003710 0.002667 0.001901 0.001344 0.000942 0.000656 0.000454 0.000314 0.000218 0.000156 0.000119 0.000101 0.000101 
0.000087 0.000087 0.000103 0.000137 0.000193 0.000280 0.000409 0.000597 0.000865 0.001244 0.001776 0.002512 0.003525 0.004902 0.006758 0.009238 0.012518 0.016815 0.022391 0.029558 0.038679 0.050174 0.064520 0.082243 0.103921 0.130166 0.161615 0.198908 0.242664 0.293454 0.351765 0.417965 0.492269 0.574692 0.665025 0.762795 0.867248 0.977333 1.091701 1.208720 1.326499 1.442933 1.555758 1.662624 1.761168 1.849106 1.924315 1.984922 2.029380 2.056531 2.065663 2.056531 2.029380 1.984922 1.924315 1.849106 1.761168 1.662624 1.555758 1.442933 1.326499 1.208720 1.091701 0.977333 0.867248 0.762795 0.665025 0.574692 0.492269 0.417965 0.351765 0.293454 0.242664 0.198908 0.161615 0.130166 0.103921 0.082243 0.064520 0.050174 0.038679 0.029558 0.022391 0.016815 0.012518 0.009238 0.006759 0.004902 0.003525 0.002513 0.001777 0.001246 0.000867 0.000600 0.000415 0.000289 0.000206 0.000157 0.000134 0.000134 
0.000114 0.000114 0.000135 0.000179 0.000254 0.000368 0.000537 0.000783 0.001134 0.001631 0.002327 0.003291 0.004617 0.006420 0.008850 0.012095 0.016387 0.022009 0.029305 0.038679 0.050609 0.065642 0.084399 0.107572 0.135911 0.170217 0.211321 0.260058 0.317237 0.383601 0.459785 0.546272 0.643335 0.750999 0.868985 0.996677 1.133089 1.276847 1.426191 1.578989 1.732772 1.884793 2.032097 2.171615 2.300265 2.415066 2.513248 2.592366 2.650402 2.685846 2.697765 2.685846 2.650402 2.592366 2.513248 2.415066 2.300265 2.171615 2.032097 1.884793 1.732772 1.578989 1.426191 1.276847 1.133089 0.996677 0.868985 0.750999 0.643335 0.546272 0.459785 0.383601 0.317237 0.260058 0.211321 0.170217 0.135911 0.107572 0.084399 0.065642 0.050609 0.038679 0.029305 0.022009 0.016387 0.012095 0.008850 0.006420 0.004617 0.003292 0.002328 0.001633 0.001137 0.000787 0.000544 0.000379 0.000271 0.000206 0.000176 0.000176 
0.000149 0.000149 0.000176 0.000233 0.000330 0.000478 0.000698 0.001017 0.001473 0.002119 0.003022 0.004274 0.005995 0.008335 0.011488 0.015698 0.021266 0.028558 0.038019 0.050174 0.065642 0.085130 0.109445 0.139478 0.176204 0.220659 0.273917 0.337059 0.411131 0.497094 0.595771 0.707781 0.833481 0.972898 1.125671 1.291002 1.467612 1.653723 1.847056 2.044850 2.243910 2.440682 2.631342 2.811918 2.978424 3.127001 3.254068 3.356461 3.431567 3.477437 3.492863 3.477437 3.431567 3.356461 3.254068 3.127001 2.978424 2.811918 2.631342 2.440682 2.243910 2.044850 1.847056 1.653723 1.467612 1.291002 1.125671 0.972898 0.833481 0.707781 0.595771 0.497094 0.411131 0.337059 0.273917 0.220659 0.176204 0.139478 0.109445 0.085130 0.065642 0.050174 0.038019 0.028558 0.021266 0.015698 0.011488 0.008335 0.005995 0.004275 0.003023 0.002121 0.001477 0.001023 0.000707 0.000492 0.000352 0.000268 0.000228 0.000228 
0.000192 0.000192 0.000227 0.000301 0.000425 0.000616 0.000899 0.001310 0.001897 0.002728 0.003891 0.005502 0.007716 0.010726 0.014782 0.020197 0.027356 0.036732 0.048894 0.064520 0.084399 0.109445 0.140688 0.179276 0.226458 0.283564 0.351971 0.433067 0.528192 0.638579 0.765281 0.909092 1.070468 1.249442 1.445549 1.657762 1.884439 2.123298 2.371413 2.625242 2.880686 3.133182 3.377828 3.609527 3.823167 4.013799 4.176827 4.308198 4.404559 4.463408 4.483199 4.463408 4.404559 4.308198 4.176827 4.013799 3.823167 3.609527 3.377828 3.133182 2.880686 2.625242 2.371413 2.123298 1.884439 1.657762 1.445549 1.249442 1.070468 0.909092 0.765281 0.638579 0.528192 0.433067 0.351971 0.283564 0.226458 0.179276 0.140688 0.109445 0.084399 0.064520 0.048894 0.036732 0.027356 0.020197 0.014782 0.010726 0.007716 0.005504 0.003893 0.002731 0.001902 0.001317 0.000911 0.000635 0.000454 0.000345 0.000295 0.000295 
0.000245 0.000245 0.000290 0.000384 0.000543 0.000787 0.001148 0.001672 0.002422 0.003482 0.004965 0.007021 0.009844 0.013683 0.018854 0.025757 0.034883 0.046833 0.062333 0.082243 0.107572 0.139478 0.179276 0.228425 0.288514 0.361234 0.448338 0.551589 0.672692 0.813212 0.974489 1.157530 1.362913 1.590678 1.840231 2.110264 2.398685 2.702591 3.018258 3.341180 3.666143 3.987345 4.298548 4.593276 4.865024 5.107500 5.314862 5.481955 5.604517 5.679367 5.704539 5.679367 5.604517 5.481955 5.314862 5.107500 4.865024 4.593276 4.298548 3.987345 3.666143 3.341180 3.018258 2.702591 2.398685 2.110264 1.840231 1.590678 1.362913 1.157530 0.974489 0.813212 0.672692 0.551589 0.448338 0.361234 0.288514 0.228425 0.179276 0.139478 0.107572 0.082243 0.062333 0.046833 0.034883 0.025757 0.018855 0.013683 0.009845 0.007023 0.004968 0.003486 0.002428 0.001682 0.001163 0.000811 0.000580 0.000441 0.000376 0.000376 
0.000311 0.000311 0.000367 0.000487 0.000687 0.000996 0.001453 0.002117 0.003065 0.004406 0.006281 0.008881 0.012449 0.017302 0.023838 0.032562 0.044093 0.059191 0.078772 0.103921 0.135911 0.176204 0.226458 0.288514 0.364375 0.456174 0.566121 0.696439 0.849275 1.026604 1.230110 1.461064 1.720190 2.007535 2.322349 2.662978 3.026785 3.410104 3.808238 4.215506 4.625331 5.030399 5.422845 5.794502 6.137174 6.442927 6.704399 6.915090 7.069630 7.164009 7.195748 7.164009 7.069630 6.915090 6.704399 6.442927 6.137174 5.794502 5.422845 5.030399 4.625331 4.215506 3.808238 3.410104 3.026785 2.662978 2.322349 2.007535 1.720190 1.461064 1.230110 1.026604 0.849275 0.696439 0.566121 0.456174 0.364375 0.288514 0.226458 0.176204 0.135911 0.103921 0.078772 0.059191 0.044093 0.032562 0.023839 0.017302 0.012450 0.008883 0.006284 0.004410 0.003073 0.002129 0.001473 0.001026 0.000734 0.000559 0.000477 0.000477 
0.000391 0.000391 0.000461 0.000611 0.000863 0.001250 0.001823 0.002655 0.003844 0.005525 0.007876 0.011134 0.015606 0.021686 0.029876 0.040803 0.055247 0.074156 0.098676 0.130166 0.170217 0.220659 0.283564 0.361234 0.456174 0.571050 0.708625 0.871676 1.062887 1.284722 1.539287 1.828165 2.152260 2.511628 2.905327 3.331285 3.786204 4.265498 4.763296 5.272491 5.784865 6.291272 6.781886 7.246499 7.674865 8.057072 8.383920 8.647286 8.840461 8.958434 8.998108 8.958434 8.840461 8.647286 8.383920 8.057072 7.674865 7.246499 6.781886 6.291272 5.784865 5.272491 4.763296 4.265498 3.786204 3.331285 2.905327 2.511628 2.152260 1.828165 1.539287 1.284722 1.062887 0.871676 0.708625 0.571050 0.456174 0.361234 0.283564 0.220659 0.170217 0.130166 0.098676 0.074156 0.055247 0.040804 0.029876 0.021687 0.015607 0.011137 0.007880 0.005531 0.003854 0.002671 0.001848 0.001288 0.000922 0.000702 0.000599 0.000599 
0.000486 0.000486 0.000573 0.000760 0.001073 0.001555 0.002268 0.003301 0.004779 0.006868 0.009790 0.013837 0.019392 0.026944 0.037115 0.050684 0.068617 0.092092 0.122530 0.161615 0.211321 0.273917 0.351971 0.448338 0.566121 0.708625 0.879274 1.081506 1.318646 1.593747 1.909414 2.267608 2.669444 3.114986 3.603063 4.131107 4.695022 5.289126 5.906139 6.537254 7.172286 7.799902 8.407926 8.983711 9.514564 9.988206 10.393238 10.719598 10.958976 11.105164 11.154326 11.105164 10.958976 10.719598 10.393238 9.988206 9.514564 8.983711 8.407926 7.799902 7.172286 6.537254 5.906139 5.289126 4.695022 4.131107 3.603063 3.114986 2.669444 2.267608 1.909414 1.593747 1.318646 1.081506 0.879274 0.708625 0.566121 0.448338 0.351971 0.273917 0.211321 0.161615 0.122530 0.092092 0.068617 0.050684 0.037115 0.026945 0.019394 0.013840 0.009794 0.006876 0.004792 0.003321 0.002298 0.001602 0.001147 0.000873 0.000745 0.000745 
0.000600 0.000600 0.000707 0.000938 0.001323 0.001916 0.002795 0.004069 0.005890 0.008462 0.012061 0.017045 0.023885 0.033183 0.045703 0.062405 0.084476 0.113365 0.150818 0.198908 0.260058 0.337059 0.433067 0.551589 0.696439 0.871676 1.081506 1.330151 1.621695 1.959886 2.347920 2.788202 3.282097 3.829680 4.429508 5.078419 5.771381 6.501406 7.259551 8.034993 8.815221 9.586313 10.333312 11.040686 11.692844 12.274707 12.772275 13.173193 13.467254 13.646837 13.707229 13.646837 13.467254 13.173193 12.772275 12.274707 11.692844 11.040686 10.333312 9.586313 8.815221 8.034993 7.259551 6.501406 5.771381 5.078419 4.429508 3.829680 3.282097 2.788202 2.347920 1.959886 1.621695 1.330151 1.081506 0.871676 0.696439 0.551589 0.433067 0.337059 0.260058 0.198908 0.150818 0.113366 0.084477 0.062406 0.045704 0.033184 0.023887 0.017049 0.012066 0.008472 0.005905 0.004093 0.002833 0.001975 0.001414 0.001077 0.000919 0.000919 
0.000733 0.000733 0.000865 0.001146 0.001617 0.002342 0.003415 0.004971 0.007194 0.010335 0.014728 0.020813 0.029161 0.040507 0.055785 0.076164 0.103090 0.138331 0.184013 0.242664 0.317237 0.411131 0.528192 0.672692 0.849275 1.062887 1.318646 1.621695 1.977005 2.389136 2.861978 3.398453 4.000220 4.667366 5.398126 6.188644 7.032787 7.922043 8.845513 9.790019 10.740322 11.679469 12.589247 13.450744 14.244978 14.953589 15.559535 16.047773 16.405877 16.624569 16.698113 16.624569 16.405877 16.047773 15.559535 14.953589 14.244978 13.450744 12.589247 11.679469 10.740322 9.790019 8.845513 7.922043 7.032787 6.188644 5.398126 4.667366 4.000220 3.398453 2.861978 2.389136 1.977005 1.621695 1.318646 1.062887 0.849275 0.672692 0.528193 0.411131 0.317237 0.242664 0.184013 0.138331 0.103090 0.076164 0.055786 0.040509 0.029163 0.020817 0.014735 0.010347 0.007212 0.005000 0.003461 0.002413 0.001728 0.001316 0.001123 0.001123 
0.000889 0.000889 0.001048 0.001389 0.001959 0.002837 0.004136 0.006019 0.008710 0.012511 0.017827 0.025189 0.035289 0.049014 0.067494 0.092140 0.124702 0.167314 0.222548 0.293454 0.383601 0.497094 0.638579 0.813212 1.026604 1.284722 1.593747 1.959886 2.389136 2.887000 3.458169 4.106168 4.832990 5.638734 6.521266 7.475922 8.495293 9.569097 10.684174 11.824611 12.972011 14.105908 15.204318 16.244411 17.203278 18.058758 18.790284 19.379700 19.812011 20.076018 20.164801 20.076018 19.812011 19.379700 18.790284 18.058758 17.203278 16.244411 15.204318 14.105908 12.972011 11.824611 10.684174 9.569097 8.495293 7.475922 6.521266 5.638734 4.832990 4.106168 3.458169 2.887000 2.389136 1.959886 1.593747 1.284722 1.026604 0.813212 0.638579 0.497094 0.383601 0.293454 0.222548 0.167315 0.124703 0.092141 0.067495 0.049016 0.035292 0.025194 0.017836 0.012525 0.008732 0.006054 0.004191 0.002923 0.002093 0.001595 0.001361 0.001361 
0.001067 0.001067 0.001258 0.001667 0.002352 0.003405 0.004964 0.007224 0.010452 0.015013 0.021388 0.030218 0.042329 0.058787 0.080943 0.110489 0.149521 0.200596 0.266792 0.351765 0.459785 0.595771 0.765281 0.974489 1.230110 1.539287 1.909414 2.347920 2.861978 3.458169 4.142103 4.917992 5.788215 6.752884 7.809435 8.952282 10.172549 11.457928 12.792663 14.157709 15.531047 16.888185 18.202816 19.447623 20.595194 21.619016 22.494478 23.199861 23.717225 24.033172 24.139421 24.033172 23.717225 23.199861 22.494478 21.619016 20.595194 19.447623 18.202816 16.888185 15.531047 14.157709 12.792663 11.457928 10.172549 8.952282 7.809435 6.752884 5.788215 4.917992 4.142103 3.458169 2.861978 2.347920 1.909414 1.539287 1.230110 0.974489 0.765281 0.595771 0.459785 0.351765 0.266792 0.200596 0.149522 0.110490 0.080944 0.058789 0.042333 0.030224 0.021399 0.015029 0.010479 0.007266 0.005031 0.003509 0.002513 0.001915 0.001635 0.001635 
0.001271 0.001271 0.001498 0.001985 0.002799 0.004052 0.005906 0.008594 0.012433 0.017855 0.025435 0.035931 0.050327 0.069888 0.096218 0.131329 0.177706 0.238388 0.317028 0.417965 0.546272 0.707781 0.909092 1.157530 1.461064 1.828165 2.267608 2.788202 3.398453 4.106168 4.917992 5.838917 6.871758 8.016640 9.270513 10.626741 12.074787 13.600041 15.183809 16.803490 18.432964 20.043173 21.602912 23.079777 24.441254 25.655895 26.694513 27.531346 28.145116 28.519935 28.645982 28.519935 28.145116 27.531346 26.694513 25.655895 24.441254 23.079777 21.602912 20.043173 18.432964 16.803490 15.183809 13.600041 12.074787 10.626741 9.270513 8.016640 6.871758 5.838917 4.917992 4.106168 3.398453 2.788202 2.267608 1.828165 1.461064 1.157530 0.909092 0.707781 0.546272 0.417966 0.317028 0.238388 0.177707 0.131329 0.096220 0.069890 0.050331 0.035938 0.025447 0.017875 0.012464 0.008644 0.005986 0.004176 0.002991 0.002279 0.001946 0.001946 
0.001499 0.001499 0.001767 0.002341 0.003302 0.004779 0.006965 0.010133 0.014658 0.021048 0.029981 0.042348 0.059309 0.082354 0.113370 0.154726 0.209349 0.280812 0.373417 0.492269 0.643335 0.833481 1.070468 1.362913 1.720190 2.152260 2.669444 3.282097 4.000220 4.832990 5.788215 6.871758 8.086923 9.433845 10.908929 12.504361 14.207742 16.001883 17.864791 19.769886 21.686445 23.580298 25.414749 27.151694 28.752904 30.181401 31.402867 32.387014 33.108826 33.549622 33.697856 33.549622 33.108826 32.387014 31.402867 30.181401 28.752904 27.151694 25.414749 23.580298 21.686445 19.769886 17.864791 16.001883 14.207742 12.504361 10.908929 9.433845 8.086923 6.871758 5.788215 4.832990 4.000220 3.282097 2.669444 2.152260 1.720190 1.362913 1.070468 0.833481 0.643335 0.492269 0.373417 0.280812 0.209350 0.154727 0.113372 0.082357 0.059315 0.042357 0.029995 0.021071 0.014695 0.010192 0.007058 0.004925 0.003528 0.002689 0.002296 0.002296 
0.001753 0.001753 0.002067 0.002737 0.003860 0.005586 0.008140 0.011842 0.017128 0.024593 0.035027 0.049471 0.069279 0.096189 0.132405 0.180689 0.244458 0.327879 0.435973 0.574692 0.750999 0.972898 1.249442 1.590678 2.007535 2.511628 3.114986 3.829680 4.667366 5.638734 6.752884 8.016640 9.433845 11.004647 12.724844 14.585316 16.571600 18.663647 20.835813 23.057105 25.291706 27.499782 29.638553 31.663604 33.530375 35.195764 36.619774 37.767100 38.608589 39.122466 39.295276 39.122466 38.608589 37.767100 36.619774 35.195764 33.530375 31.663604 29.638553 27.499782 25.291706 23.057105 20.835813 18.663647 16.571600 14.585316 12.724844 11.004647 9.433845 8.016640 6.752884 5.638734 4.667366 3.829680 3.114986 2.511628 2.007535 1.590678 1.249442 0.972898 0.750999 0.574693 0.435973 0.327880 0.244459 0.180691 0.132407 0.096193 0.069286 0.049482 0.035044 0.024620 0.017172 0.011911 0.008250 0.005757 0.004125 0.003144 0.002684 0.002684 
0.002032 0.002032 0.002395 0.003172 0.004472 0.006472 0.009430 0.013716 0.019838 0.028481 0.040561 0.057283 0.080212 0.111359 0.153274 0.209152 0.282944 0.379471 0.504536 0.665025 0.868985 1.125671 1.445549 1.840231 2.322349 2.905327 3.603063 4.429508 5.398126 6.521266 7.809435 9.270513 10.908929 12.724844 14.713391 16.864018 19.160001 21.578161 24.088857 26.656266 29.238995 31.791008 34.262871 36.603262 38.760691 40.685358 42.331047 43.656969 44.629439 45.223301 45.423008 45.223301 44.629439 43.656969 42.331047 40.685358 38.760691 36.603262 34.262871 31.791008 29.238995 26.656266 24.088857 21.578161 19.160001 16.864018 14.713391 12.724844 10.908929 9.270513 7.809435 6.521266 5.398126 4.429508 3.603063 2.905327 2.322349 1.840231 1.445549 1.125672 0.868985 0.665025 0.504536 0.379472 0.282945 0.209154 0.153277 0.111364 0.080220 0.057295 0.040581 0.028513 0.019889 0.013797 0.009557 0.006670 0.004779 0.003643 0.003111 0.003111 
0.002335 0.002335 0.002751 0.003644 0.005136 0.007431 0.010828 0.015748 0.022774 0.032693 0.046556 0.065743 0.092051 0.127785 0.175870 0.239968 0.324608 0.435318 0.578750 0.762795 0.996677 1.291002 1.657762 2.110264 2.662978 3.331285 4.131107 5.078419 6.188644 7.475922 8.952282 10.626741 12.504361 14.585316 16.864018 19.328367 21.959192 24.729932 27.606620 30.548215 33.507292 36.431117 39.263061 41.944336 44.415963 46.620902 48.506218 50.025194 51.139249 51.819569 52.048351 51.819569 51.139249 50.025194 48.506218 46.620902 44.415963 41.944336 39.263061 36.431117 33.507292 30.548215 27.606620 24.729932 21.959192 19.328367 16.864018 14.585316 12.504361 10.626741 8.952282 7.475922 6.188644 5.078419 4.131107 3.331285 2.662978 2.110264 1.657762 1.291002 0.996677 0.762795 0.578750 0.435319 0.324609 0.239970 0.175873 0.127790 0.092060 0.065757 0.046578 0.032730 0.022832 0.015840 0.010974 0.007659 0.005489 0.004185 0.003573 0.003573 
0.002658 0.002658 0.003132 0.004148 0.005846 0.008458 0.012322 0.017920 0.025913 0.037196 0.052964 0.074787 0.104706 0.145342 0.200018 0.272898 0.369129 0.494990 0.658041 0.867248 1.133089 1.467612 1.884439 2.398685 3.026785 3.786204 4.695022 5.771381 7.032787 8.495293 10.172549 12.074787 14.207742 16.571600 19.160001 21.959192 24.947391 28.094424 31.361711 34.702638 38.063348 41.383955 44.600156 47.645196 50.452107 52.956123 55.097141 56.822119 58.087254 58.859831 59.119637 58.859831 58.087254 56.822119 55.097141 52.956123 50.452107 47.645196 44.600156 41.383955 38.063348 34.702638 31.361711 28.094424 24.947391 21.959192 19.160001 16.571600 14.207742 12.074787 10.172549 8.495293 7.032787 5.771381 4.695022 3.786204 3.026785 2.398685 1.884439 1.467612 1.133089 0.867248 0.658042 0.494991 0.369130 0.272900 0.200022 0.145347 0.104715 0.074803 0.052990 0.037238 0.025979 0.018025 0.012488 0.008717 0.006248 0.004764 0.004068 0.004068 
0.003000 0.003000 0.003534 0.004680 0.006596 0.009541 0.013899 0.020211 0.029223 0.041945 0.059722 0.084323 0.118049 0.163852 0.225476 0.307613 0.416058 0.557887 0.741613 0.977333 1.276847 1.653723 2.123298 2.702591 3.410104 4.265498 5.289126 6.501406 7.922043 9.569097 11.457928 13.600041 16.001883 18.663647 21.578161 24.729932 28.094424 31.637660 35.316203 39.077571 42.861137 46.599485 50.220232 53.648238 56.808126 59.626998 62.037207 63.979052 65.403233 66.272933 66.565398 66.272933 65.403233 63.979052 62.037207 59.626998 56.808126 53.648238 50.220232 46.599485 42.861137 39.077571 35.316203 31.637660 28.094424 24.729932 21.578161 18.663647 16.001883 13.600041 11.457928 9.569097 7.922043 6.501406 5.289126 4.265498 3.410104 2.702591 2.123298 1.653723 1.276847 0.977333 0.741613 0.557888 0.416060 0.307615 0.225480 0.163858 0.118059 0.084341 0.059751 0.041992 0.029298 0.020330 0.014086 0.009834 0.007049 0.005375 0.004590 0.004590 
0.003355 0.003355 0.003953 0.005233 0.007375 0.010667 0.015538 0.022593 0.032665 0.046882 0.066746 0.094235 0.131917 0.183089 0.251933 0.343686 0.464822 0.623239 0.828441 1.091701 1.426191 1.847056 2.371413 3.018258 3.808238 4.763296 5.906139 7.259551 8.845513 10.684174 12.792663 15.183809 17.864791 20.835813 24.088857 27.606620 31.361711 35.316203 39.421614 43.619378 47.841836 52.013759 56.054380 59.879857 63.406087 66.551732 69.241318 71.408236 72.997481 73.967976 74.294337 73.967976 72.997481 71.408236 69.241318 66.551732 63.406087 59.879857 56.054380 52.013759 47.841836 43.619378 39.421614 35.316203 31.361711 27.606620 24.088857 20.835813 17.864791 15.183809 12.792663 10.684174 8.845513 7.259551 5.906139 4.763296 3.808238 3.018258 2.371413 1.847056 1.426191 1.091701 0.828442 0.623240 0.464824 0.343689 0.251938 0.183096 0.131929 0.094255 0.066779 0.046935 0.032749 0.022726 0.015748 0.010995 0.007882 0.006010 0.005134 0.005134 
0.003719 0.003719 0.004381 0.005800 0.008173 0.011820 0.017217 0.025032 0.036189 0.051936 0.073938 0.104381 0.146111 0.202778 0.279010 0.380604 0.514724 0.690113 0.917286 1.208720 1.578989 2.044850 2.625242 3.341180 4.215506 5.272491 6.537254 8.034993 9.790019 11.824611 14.157709 16.803490 19.769886 23.057105 26.656266 30.548215 34.702638 39.077571 43.619378 48.263267 52.934393 57.549544 62.019379 66.251164 70.151876 73.631552 76.606718 79.003704 80.761676 81.835203 82.196211 81.835203 80.761676 79.003704 76.606718 73.631552 70.151876 66.251164 62.019379 57.549544 52.934393 48.263267 43.619378 39.077571 34.702638 30.548215 26.656266 23.057105 19.769886 16.803490 14.157709 11.824611 9.790019 8.034993 6.537254 5.272491 4.215506 3.341180 2.625242 2.044850 1.578989 1.208720 0.917287 0.690114 0.514726 0.380607 0.279015 0.202786 0.146125 0.104404 0.073974 0.051995 0.036282 0.025180 0.017449 0.012184 0.008735 0.006661 0.005690 0.005690 
0.004085 0.004085 0.004813 0.006371 0.008977 0.012982 0.018907 0.027488 0.039738 0.057026 0.081179 0.114598 0.160404 0.222602 0.306270 0.417769 0.564958 0.757427 1.006712 1.326499 1.732772 2.243910 2.880686 3.666143 4.625331 5.784865 7.172286 8.815221 10.740322 12.972011 15.531047 18.432964 21.686445 25.291706 29.238995 33.507292 38.063348 42.861137 47.841836 52.934393 58.056739 63.117630 68.019108 72.659495 76.936798 80.752385 84.014735 86.643080 88.570724 89.747861 90.143710 89.747861 88.570724 86.643080 84.014735 80.752385 76.936798 72.659495 68.019108 63.117630 58.056739 52.934393 47.841836 42.861137 38.063348 33.507292 29.238995 25.291706 21.686445 18.432964 15.531047 12.972011 10.740322 8.815221 7.172286 5.784865 4.625331 3.666143 2.880686 2.243911 1.732772 1.326499 1.006713 0.757428 0.564960 0.417772 0.306276 0.222610 0.160418 0.114622 0.081219 0.057090 0.039840 0.027651 0.019163 0.013381 0.009594 0.007317 0.006250 0.006250 
0.004448 0.004448 0.005240 0.006936 0.009772 0.014131 0.020580 0.029918 0.043248 0.062060 0.088341 0.124702 0.174537 0.242204 0.333225 0.454516 0.614624 0.823978 1.095121 1.442933 1.884793 2.440682 3.133182 3.987345 5.030399 6.291272 7.799902 9.586313 11.679469 14.105908 16.888185 20.043173 23.580298 27.499782 31.791008 36.431117 41.383955 46.599485 52.013759 57.549544 63.117630 68.618842 73.946710 78.990721 83.640026 87.787426 91.333456 94.190335 96.285580 97.565060 97.995325 97.565060 96.285580 94.190335 91.333456 87.787426 83.640026 78.990721 73.946710 68.618842 63.117630 57.549544 52.013759 46.599485 41.383955 36.431117 31.791008 27.499782 23.580298 20.043173 16.888185 14.105908 11.679469 9.586313 7.799902 6.291272 5.030399 3.987345 3.133182 2.440682 1.884793 1.442933 1.095122 0.823979 0.614626 0.454519 0.333231 0.242214 0.174553 0.124728 0.088384 0.062130 0.043360 0.030095 0.020859 0.014566 0.010444 0.007966 0.006805 0.006805 
0.004800 0.004800 0.005654 0.007484 0.010543 0.015246 0.022202 0.032274 0.046651 0.066941 0.095283 0.134496 0.188237 0.261203 0.359350 0.490129 0.662757 0.888472 1.180794 1.555758 2.032097 2.631342 3.377828 4.298548 5.422845 6.781886 8.407926 10.333312 12.589247 15.204318 18.202816 21.602912 25.414749 29.638553 34.262871 39.263061 44.600156 50.220232 56.054380 62.019379 68.019108 73.946710 79.687472 85.122330 90.131855 94.600558 98.421280 101.499452 103.756986 105.135567 105.599157 105.135567 103.756986 101.499452 98.421280 94.600558 90.131855 85.122330 79.687472 73.946710 68.019108 62.019379 56.054380 50.220232 44.600156 39.263061 34.262871 29.638553 25.414749 21.602912 18.202816 15.204318 12.589247 10.333312 8.407926 6.781886 5.422845 4.298549 3.377828 2.631342 2.032097 1.555759 1.180794 0.888473 0.662759 0.490133 0.359356 0.261214 0.188254 0.134524 0.095330 0.067016 0.046772 0.032465 0.022502 0.015715 0.011269 0.008595 0.007343 0.007343 
