0.000000 0.000000 0.000000 0.000000 0.000000 0.000000 0.000000 0.000000 0.000000 0.000000 0.000000 0.000000 0.000000 0.000000 0.000000 0.000000 0.000000 0.000000 0.000001 0.000001 0.000001 0.000002 0.000002 0.000003 0.000004 0.000006 0.000008 0.000011 0.000014 0.000018 0.000023 0.000030 0.000037 0.000046 0.000056 0.000067 0.000080 0.000094 0.000109 0.000126 0.000143 0.000160 0.000178 0.000194 0.000210 0.000225 0.000237 0.000248 0.000255 0.000260 0.000262 0.000260 0.000255 0.000248 0.000237 0.000225 0.000210 0.000194 0.000178 0.000160 0.000143 0.000126 0.000109 0.000094 0.000080 0.000067 0.000056 0.000046 0.000037 0.000030 0.000023 0.000018 0.000014 0.000011 0.000008 0.000006 0.000004 0.000003 0.000002 0.000002 0.000001 0.000001 0.000001 0.000000 0.000000 0.000000 0.000000 0.000000 0.000000 0.000000 0.000000 0.000000 0.000000 0.000000 0.000000 0.000000 0.000000 0.000000 0.000000 0.000000 
0.000000 0.000000 0.000000 0.000000 0.000000 0.000000 0.000000 0.000000 0.000000 0.000000 0.000000 0.000000 0.000000 0.000000 0.000000 0.000000 0.000000 0.000000 0.000001 0.000001 0.000001 0.000002 0.000002 0.000003 0.000004 0.000006 0.000008 0.000011 0.000014 0.000018 0.000023 0.000030 0.000037 0.000046 0.000056 0.000067 0.000080 0.000094 0.000109 0.000126 0.000143 0.000160 0.000178 0.000194 0.000210 0.000225 0.000237 0.000248 0.000255 0.000260 0.000262 0.000260 0.000255 0.000248 0.000237 0.000225 0.000210 0.000194 0.000178 0.000160 0.000143 0.000126 0.000109 0.000094 0.000080 0.000067 0.000056 0.000046 0.000037 0.000030 0.000023 0.000018 0.000014 0.000011 0.000008 0.000006 0.000004 0.000003 0.000002 0.000002 0.000001 0.000001 0.000001 0.000000 0.000000 0.000000 0.000000 0.000000 0.000000 0.000000 0.000000 0.000000 0.000000 0.000000 0.000000 0.000000 0.000000 0.000000 0.000000 0.000000 
0.000000 0.000000 0.000000 0.000000 0.000000 0.000000 0.000000 0.000000 0.000000 0.000000 0.000000 0.000000 0.000000 0.000000 0.000000 0.000000 0.000000 0.000000 0.000001 0.000001 0.000002 0.000002 0.000003 0.000004 0.000006 0.000008 0.000011 0.000014 0.000019 0.000024 0.000031 0.000039 0.000049 0.000060 0.000073 0.000088 0.000105 0.000124 0.000144 0.000166 0.000188 0.000211 0.000234 0.000256 0.000277 0.000296 0.000313 0.000326 0.000336 0.000342 0.000345 0.000342 0.000336 0.000326 0.000313 0.000296 0.000277 0.000256 0.000234 0.000211 0.000188 0.000166 0.000144 0.000124 0.000105 0.000088 0.000073 0.000060 0.000049 0.000039 0.000031 0.000024 0.000019 0.000014 0.000011 0.000008 0.000006 0.000004 0.000003 0.000002 0.000002 0.000001 0.000001 0.000000 0.000000 0.000000 0.000000 0.000000 0.000000 0.000000 0.000000 0.000000 0.000000 0.000000 0.000000 0.000000 0.000000 0.000000 0.000000 0.000000 
0.000000 0.000000 0.000000 0.000000 0.000000 0.000000 0.000000 0.000000 0.000000 0.000000 0.000000 0.000000 0.000000 0.000000 0.000000 0.000000 0.000001 0.000001 0.000001 0.000002 0.000002 0.000003 0.000005 0.000007 0.000009 0.000012 0.000017 0.000022 0.000029 0.000037 0.000048 0.000060 0.000075 0.000093 0.000114 0.000137 0.000163 0.000192 0.000223 0.000257 0.000291 0.000327 0.000362 0.000396 0.000429 0.000458 0.000484 0.000505 0.000520 0.000530 0.000533 0.000530 0.000520 0.000505 0.000484 0.000458 0.000429 0.000396 0.000362 0.000327 0.000291 0.000257 0.000223 0.000192 0.000163 0.000137 0.000114 0.000093 0.000075 0.000060 0.000048 0.000037 0.000029 0.000022 0.000017 0.000012 0.000009 0.000007 0.000005 0.000003 0.000002 0.000002 0.000001 0.000001 0.000001 0.000000 0.000000 0.000000 0.000000 0.000000 0.000000 0.000000 0.000000 0.000000 0.000000 0.000000 0.000000 0.000000 0.000000 0.000000 
0.000000 0.000000 0.000000 0.000000 0.000000 0.000000 0.000000 0.000000 0.000000 0.000000 0.000000 0.000000 0.000000 0.000000 0.000000 0.000001 0.000001 0.000001 0.000002 0.000003 0.000004 0.000006 0.000008 0.000011 0.000015 0.000020 0.000027 0.000036 0.000048 0.000062 0.000079 0.000100 0.000124 0.000154 0.000187 0.000226 0.000269 0.000316 0.000368 0.000422 0.000479 0.000537 0.000595 0.000652 0.000705 0.000753 0.000795 0.000829 0.000855 0.000870 0.000876 0.000870 0.000855 0.000829 0.000795 0.000753 0.000705 0.000652 0.000595 0.000537 0.000479 0.000422 0.000368 0.000316 0.000269 0.000226 0.000187 0.000154 0.000124 0.000100 0.000079 0.000062 0.000048 0.000036 0.000027 0.000020 0.000015 0.000011 0.000008 0.000006 0.000004 0.000003 0.000002 0.000001 0.000001 0.000001 0.000000 0.000000 0.000000 0.000000 0.000000 0.000000 0.000000 0.000000 0.000000 0.000000 0.000000 0.000000 0.000000 0.000000 
0.000000 0.000000 0.000000 0.000000 0.000000 0.000000 0.000000 0.000000 0.000000 0.000000 0.000000 0.000000 0.000000 0.000000 0.000001 0.000001 0.000001 0.000002 0.000003 0.000005 0.000007 0.000009 0.000013 0.000018 0.000025 0.000034 0.000046 0.000061 0.000080 0.000103 0.000132 0.000167 0.000208 0.000257 0.000313 0.000377 0.000449 0.000528 0.000614 0.000705 0.000800 0.000896 0.000993 0.001087 0.001175 0.001256 0.001326 0.001383 0.001425 0.001451 0.001460 0.001451 0.001425 0.001383 0.001326 0.001256 0.001175 0.001087 0.000993 0.000896 0.000800 0.000705 0.000614 0.000528 0.000449 0.000377 0.000313 0.000257 0.000208 0.000167 0.000132 0.000103 0.000080 0.000061 0.000046 0.000034 0.000025 0.000018 0.000013 0.000009 0.000007 0.000005 0.000003 0.000002 0.000001 0.000001 0.000001 0.000000 0.000000 0.000000 0.000000 0.000000 0.000000 0.000000 0.000000 0.000000 0.000000 0.000000 0.000000 0.000000 
0.000000 0.000000 0.000000 0.000000 0.000000 0.000000 0.000000 0.000000 0.000000 0.000000 0.000000 0.000000 0.000000 0.000001 0.000001 0.000002 0.000002 0.000004 0.000005 0.000008 0.000011 0.000016 0.000022 0.000031 0.000042 0.000057 0.000077 0.000101 0.000133 0.000172 0.000220 0.000278 0.000347 0.000428 0.000521 0.000628 0.000748 0.000879 0.001022 0.001173 0.001331 0.001492 0.001652 0.001808 0.001955 0.002089 0.002205 0.002300 0.002370 0.002414 0.002428 0.002414 0.002370 0.002300 0.002205 0.002089 0.001955 0.001808 0.001652 0.001492 0.001331 0.001173 0.001022 0.000879 0.000748 0.000628 0.000521 0.000428 0.000347 0.000278 0.000220 0.000172 0.000133 0.000101 0.000077 0.000057 0.000042 0.000031 0.000022 0.000016 0.000011 0.000008 0.000005 0.000004 0.000002 0.000002 0.000001 0.000001 0.000000 0.000000 0.000000 0.000000 0.000000 0.000000 0.000000 0.000000 0.000000 0.000000 0.000000 0.000000 
0.000000 0.000000 0.000000 0.000000 0.000000 0.000000 0.000000 0.000000 0.000000 0.000000 0.000000 0.000000 0.000001 0.000001 0.000002 0.000003 0.000004 0.000006 0.000009 0.000013 0.000018 0.000026 0.000037 0.000051 0.000070 0.000095 0.000127 0.000168 0.000220 0.000284 0.000364 0.000459 0.000573 0.000707 0.000861 0.001037 0.001235 0.001452 0.001687 0.001936 0.002196 0.002462 0.002726 0.002983 0.003226 0.003446 0.003638 0.003794 0.003910 0.003981 0.004005 0.003981 0.003910 0.003794 0.003638 0.003446 0.003226 0.002983 0.002726 0.002462 0.002196 0.001936 0.001687 0.001452 0.001235 0.001037 0.000861 0.000707 0.000573 0.000459 0.000364 0.000284 0.000220 0.000168 0.000127 0.000095 0.000070 0.000051 0.000037 0.000026 0.000018 0.000013 0.000009 0.000006 0.000004 0.000003 0.000002 0.000001 0.000001 0.000000 0.000000 0.000000 0.000000 0.000000 0.000000 0.000000 0.000000 0.000000 0.000000 0.000000 
0.000000 0.000000 0.000000 0.000000 0.000000 0.000000 0.000000 0.000000 0.000000 0.000000 0.000000 0.000001 0.000001 0.000002 0.000003 0.000004 0.000007 0.000010 0.000014 0.000021 0.000030 0.000043 0.000060 0.000083 0.000114 0.000155 0.000208 0.000275 0.000360 0.000466 0.000595 0.000751 0.000938 0.001156 0.001409 0.001696 0.002018 0.002372 0.002756 0.003163 0.003587 0.004021 0.004452 0.004871 0.005267 0.005626 0.005938 0.006193 0.006382 0.006498 0.006537 0.006498 0.006382 0.006193 0.005938 0.005626 0.005267 0.004871 0.004452 0.004021 0.003587 0.003163 0.002756 0.002372 0.002018 0.001696 0.001409 0.001156 0.000938 0.000751 0.000595 0.000466 0.000360 0.000275 0.000208 0.000155 0.000114 0.000083 0.000060 0.000043 0.000030 0.000021 0.000014 0.000010 0.000007 0.000004 0.000003 0.000002 0.000001 0.000001 0.000000 0.000000 0.000000 0.000000 0.000000 0.000000 0.000000 0.000000 0.000000 0.000000 
0.000000 0.000000 0.000000 0.000000 0.000000 0.000000 0.000000 0.000000 0.000000 0.000000 0.000001 0.000001 0.000002 0.000003 0.000005 0.000007 0.000011 0.000016 0.000023 0.000034 0.000049 0.000069 0.000098 0.000135 0.000186 0.000252 0.000337 0.000446 0.000583 0.000754 0.000963 0.001216 0.001517 0.001870 0.002278 0.002742 0.003262 0.003834 0.004453 0.005111 0.005796 0.006495 0.007191 0.007868 0.008505 0.009085 0.009589 0.010000 0.010304 0.010491 0.010554 0.010491 0.010304 0.010000 0.009589 0.009085 0.008505 0.007868 0.007191 0.006495 0.005796 0.005111 0.004453 0.003834 0.003262 0.002742 0.002278 0.001870 0.001517 0.001216 0.000963 0.000754 0.000583 0.000446 0.000337 0.000252 0.000186 0.000135 0.000098 0.000069 0.000049 0.000034 0.000023 0.000016 0.000011 0.000007 0.000005 0.000003 0.000002 0.000001 0.000001 0.000000 0.000000 0.000000 0.000000 0.000000 0.000000 0.000000 0.000000 0.000000 
0.000000 0.000000 0.000000 0.000000 0.000000 0.000000 0.000000 0.000000 0.000000 0.000001 0.000001 0.000002 0.000003 0.000005 0.000008 0.000011 0.000017 0.000026 0.000038 0.000055 0.000079 0.000112 0.000157 0.000217 0.000298 0.000403 0.000540 0.000714 0.000934 0.001207 0.001542 0.001946 0.002427 0.002991 0.003643 0.004385 0.005215 0.006129 0.007117 0.008167 0.009261 0.010376 0.011487 0.012566 0.013584 0.014509 0.015312 0.015968 0.016453 0.016751 0.016852 0.016751 0.016453 0.015968 0.015312 0.014509 0.013584 0.012566 0.011487 0.010376 0.009261 0.008167 0.007117 0.006129 0.005215 0.004385 0.003643 0.002991 0.002427 0.001946 0.001542 0.001207 0.000934 0.000714 0.000540 0.000403 0.000298 0.000217 0.000157 0.000112 0.000079 0.000055 0.000038 0.000026 0.000017 0.000011 0.000008 0.000005 0.000003 0.000002 0.000001 0.000001 0.000000 0.000000 0.000000 0.000000 0.000000 0.000000 0.000000 0.000000 
0.000000 0.000000 0.000000 0.000000 0.000000 0.000000 0.000000 0.000000 0.000001 0.000001 0.000002 0.000003 0.000005 0.000008 0.000012 0.000018 0.000027 0.000041 0.000060 0.000087 0.000125 0.000177 0.000248 0.000344 0.000472 0.000639 0.000855 0.001132 0.001479 0.001911 0.002441 0.003080 0.003840 0.004732 0.005762 0.006933 0.008244 0.009687 0.011247 0.012905 0.014630 0.016390 0.018144 0.019847 0.021452 0.022911 0.024178 0.025212 0.025978 0.026448 0.026607 0.026448 0.025978 0.025212 0.024178 0.022911 0.021452 0.019847 0.018144 0.016390 0.014630 0.012905 0.011247 0.009687 0.008244 0.006933 0.005762 0.004732 0.003840 0.003080 0.002441 0.001911 0.001479 0.001132 0.000855 0.000639 0.000472 0.000344 0.000248 0.000177 0.000125 0.000087 0.000060 0.000041 0.000027 0.000018 0.000012 0.000008 0.000005 0.000003 0.000002 0.000001 0.000001 0.000000 0.000000 0.000000 0.000000 0.000000 0.000000 0.000000 
0.000000 0.000000 0.000000 0.000000 0.000000 0.000000 0.000000 0.000001 0.000001 0.000002 0.000003 0.000005 0.000008 0.000012 0.000019 0.000029 0.000043 0.000064 0.000094 0.000136 0.000196 0.000278 0.000390 0.000540 0.000740 0.001002 0.001340 0.001772 0.002317 0.002992 0.003820 0.004818 0.006007 0.007400 0.009009 0.010839 0.012886 0.015139 0.017575 0.020162 0.022855 0.025601 0.028338 0.030994 0.033498 0.035774 0.037751 0.039364 0.040558 0.041292 0.041539 0.041292 0.040558 0.039364 0.037751 0.035774 0.033498 0.030994 0.028338 0.025601 0.022855 0.020162 0.017575 0.015139 0.012886 0.010839 0.009009 0.007400 0.006007 0.004818 0.003820 0.002992 0.002317 0.001772 0.001340 0.001002 0.000740 0.000540 0.000390 0.000278 0.000196 0.000136 0.000094 0.000064 0.000043 0.000029 0.000019 0.000012 0.000008 0.000005 0.000003 0.000002 0.000001 0.000001 0.000000 0.000000 0.000000 0.000000 0.000000 0.000000 
0.000000 0.000000 0.000000 0.000000 0.000000 0.000000 0.000001 0.000001 0.000002 0.000003 0.000005 0.000008 0.000012 0.000019 0.000029 0.000044 0.000067 0.000099 0.000146 0.000212 0.000304 0.000431 0.000604 0.000837 0.001147 0.001552 0.002076 0.002745 0.003586 0.004631 0.005910 0.007454 0.009290 0.011443 0.013929 0.016754 0.019915 0.023393 0.027153 0.031145 0.035302 0.039539 0.043761 0.047859 0.051721 0.055231 0.058280 0.060768 0.062609 0.063741 0.064123 0.063741 0.062609 0.060768 0.058280 0.055231 0.051721 0.047859 0.043761 0.039539 0.035302 0.031145 0.027153 0.023393 0.019915 0.016754 0.013929 0.011443 0.009290 0.007454 0.005910 0.004631 0.003586 0.002745 0.002076 0.001552 0.001147 0.000837 0.000604 0.000431 0.000304 0.000212 0.000146 0.000099 0.000067 0.000044 0.000029 0.000019 0.000012 0.000008 0.000005 0.000003 0.000002 0.000001 0.000001 0.000000 0.000000 0.000000 0.000000 0.000000 
0.000000 0.000000 0.000000 0.000000 0.000000 0.000001 0.000001 0.000002 0.000003 0.000005 0.000008 0.000012 0.000019 0.000029 0.000045 0.000068 0.000103 0.000153 0.000224 0.000325 0.000466 0.000661 0.000926 0.001283 0.001757 0.002377 0.003179 0.004202 0.005489 0.007087 0.009042 0.011401 0.014207 0.017495 0.021291 0.025605 0.030431 0.035740 0.041479 0.047571 0.053913 0.060378 0.066818 0.073069 0.078959 0.084313 0.088962 0.092755 0.095564 0.097289 0.097871 0.097289 0.095564 0.092755 0.088962 0.084313 0.078959 0.073069 0.066818 0.060378 0.053913 0.047571 0.041479 0.035740 0.030431 0.025605 0.021291 0.017495 0.014207 0.011401 0.009042 0.007087 0.005489 0.004202 0.003179 0.002377 0.001757 0.001283 0.000926 0.000661 0.000466 0.000325 0.000224 0.000153 0.000103 0.000068 0.000045 0.000029 0.000019 0.000012 0.000008 0.000005 0.000003 0.000002 0.000001 0.000001 0.000000 0.000000 0.000000 0.000000 
0.000000 0.000000 0.000000 0.000000 0.000001 0.000001 0.000002 0.000003 0.000004 0.000007 0.000011 0.000018 0.000029 0.000044 0.000068 0.000104 0.000156 0.000232 0.000340 0.000493 0.000707 0.001002 0.001404 0.001944 0.002661 0.003600 0.004813 0.006360 0.008306 0.010721 0.013676 0.017240 0.021479 0.026445 0.032177 0.038690 0.045975 0.053986 0.062647 0.071839 0.081407 0.091158 0.100872 0.110300 0.119182 0.127255 0.134266 0.139986 0.144220 0.146821 0.147699 0.146821 0.144220 0.139986 0.134266 0.127255 0.119182 0.110300 0.100872 0.091158 0.081407 0.071839 0.062647 0.053986 0.045975 0.038690 0.032177 0.026445 0.021479 0.017240 0.013676 0.010721 0.008306 0.006360 0.004813 0.003600 0.002661 0.001944 0.001404 0.001002 0.000707 0.000493 0.000340 0.000232 0.000156 0.000104 0.000068 0.000044 0.000029 0.000018 0.000011 0.000007 0.000004 0.000003 0.000002 0.000001 0.000001 0.000000 0.000000 0.000000 
0.000000 0.000000 0.000000 0.000001 0.000001 0.000001 0.000002 0.000004 0.000007 0.000011 0.000017 0.000027 0.000043 0.000067 0.000103 0.000156 0.000234 0.000348 0.000510 0.000740 0.001060 0.001502 0.002104 0.002913 0.003986 0.005390 0.007205 0.009518 0.012427 0.016035 0.020450 0.025775 0.032105 0.039520 0.048078 0.057800 0.068671 0.080627 0.093548 0.107260 0.121532 0.136076 0.150562 0.164620 0.177864 0.189901 0.200353 0.208880 0.215192 0.219070 0.220379 0.219070 0.215192 0.208880 0.200353 0.189901 0.177864 0.164620 0.150562 0.136076 0.121532 0.107260 0.093548 0.080627 0.068671 0.057800 0.048078 0.039520 0.032105 0.025775 0.020450 0.016035 0.012427 0.009518 0.007205 0.005390 0.003986 0.002913 0.002104 0.001502 0.001060 0.000740 0.000510 0.000348 0.000234 0.000156 0.000103 0.000067 0.000043 0.000027 0.000017 0.000011 0.000007 0.000004 0.000002 0.000001 0.000001 0.000001 0.000000 0.000000 
0.000000 0.000000 0.000000 0.000001 0.000001 0.000002 0.000004 0.000006 0.000010 0.000016 0.000026 0.000041 0.000064 0.000099 0.000153 0.000232 0.000348 0.000516 0.000756 0.001097 0.001572 0.002226 0.003117 0.004314 0.005901 0.007978 0.010661 0.014080 0.018379 0.023711 0.030232 0.038096 0.047443 0.058391 0.071021 0.085370 0.101411 0.119048 0.138109 0.158333 0.179380 0.200827 0.222185 0.242913 0.262437 0.280180 0.295588 0.308156 0.317459 0.323176 0.325104 0.323176 0.317459 0.308156 0.295588 0.280180 0.262437 0.242913 0.222185 0.200827 0.179380 0.158333 0.138109 0.119048 0.101411 0.085370 0.071021 0.058391 0.047443 0.038096 0.030232 0.023711 0.018379 0.014080 0.010661 0.007978 0.005901 0.004314 0.003117 0.002226 0.001572 0.001097 0.000756 0.000516 0.000348 0.000232 0.000153 0.000099 0.000064 0.000041 0.000026 0.000016 0.000010 0.000006 0.000004 0.000002 0.000001 0.000001 0.000001 0.000001 
0.000001 0.000001 0.000001 0.000001 0.000002 0.000003 0.000005 0.000009 0.000014 0.000023 0.000038 0.000060 0.000094 0.000146 0.000224 0.000340 0.000510 0.000756 0.001109 0.001607 0.002303 0.003261 0.004565 0.006315 0.008636 0.011673 0.015595 0.020592 0.026873 0.034662 0.044185 0.055667 0.069312 0.085290 0.103722 0.124657 0.148057 0.173784 0.201582 0.231074 0.261761 0.293029 0.324165 0.354378 0.382835 0.408695 0.431150 0.449466 0.463023 0.471354 0.474164 0.471354 0.463023 0.449466 0.431150 0.408695 0.382835 0.354378 0.324165 0.293029 0.261761 0.231074 0.201582 0.173784 0.148057 0.124657 0.103722 0.085290 0.069312 0.055667 0.044185 0.034662 0.026873 0.020592 0.015595 0.011673 0.008636 0.006315 0.004565 0.003261 0.002303 0.001607 0.001109 0.000756 0.000510 0.000340 0.000224 0.000146 0.000094 0.000060 0.000038 0.000023 0.000014 0.000009 0.000005 0.000003 0.000002 0.000001 0.000001 0.000001 
0.000001 0.000001 0.000001 0.000002 0.000003 0.000005 0.000008 0.000013 0.000021 0.000034 0.000055 0.000087 0.000136 0.000212 0.000325 0.000493 0.000740 0.001097 0.001607 0.002329 0.003335 0.004722 0.006608 0.009140 0.012495 0.016885 0.022552 0.029772 0.038844 0.050091 0.063841 0.080414 0.100107 0.123163 0.149754 0.179952 0.213702 0.250801 0.290882 0.333400 0.377637 0.422706 0.467580 0.511122 0.552131 0.589394 0.621748 0.648138 0.667671 0.679674 0.683722 0.679674 0.667671 0.648138 0.621748 0.589394 0.552131 0.511122 0.467580 0.422706 0.377637 0.333400 0.290882 0.250801 0.213702 0.179952 0.149754 0.123163 0.100107 0.080414 0.063841 0.050091 0.038844 0.029772 0.022552 0.016885 0.012495 0.009140 0.006608 0.004722 0.003335 0.002329 0.001607 0.001097 0.000740 0.000493 0.000325 0.000212 0.000136 0.000087 0.000055 0.000034 0.000021 0.000013 0.000008 0.000005 0.000003 0.000002 0.000001 0.000001 
0.000001 0.000001 0.000002 0.000002 0.000004 0.000007 0.000011 0.000018 0.000030 0.000049 0.000079 0.000125 0.000196 0.000304 0.000466 0.000707 0.001060 0.001572 0.002303 0.003335 0.004776 0.006759 0.009456 0.013075 0.017871 0.024144 0.032240 0.042550 0.055505 0.071561 0.091186 0.114837 0.142934 0.175824 0.213751 0.256815 0.304937 0.357829 0.414963 0.475565 0.538610 0.602835 0.666776 0.728814 0.787239 0.840324 0.886414 0.924006 0.951830 0.968927 0.974693 0.968927 0.951830 0.924006 0.886414 0.840324 0.787239 0.728814 0.666776 0.602835 0.538610 0.475565 0.414963 0.357829 0.304937 0.256815 0.213751 0.175824 0.142934 0.114837 0.091186 0.071561 0.055505 0.042550 0.032240 0.024144 0.017871 0.013075 0.009456 0.006759 0.004776 0.003335 0.002303 0.001572 0.001060 0.000707 0.000466 0.000304 0.000196 0.000125 0.000079 0.000049 0.000030 0.000018 0.000011 0.000007 0.000004 0.000003 0.000002 0.000002 
0.000002 0.000002 0.000002 0.000003 0.000006 0.000009 0.000016 0.000026 0.000043 0.000069 0.000112 0.000177 0.000278 0.000431 0.000661 0.001002 0.001502 0.002226 0.003261 0.004722 0.006759 0.009563 0.013375 0.018491 0.025267 0.034127 0.045560 0.060118 0.078404 0.101064 0.128755 0.162121 0.201751 0.248134 0.301612 0.362325 0.430159 0.504706 0.585224 0.670619 0.759446 0.849928 0.940003 1.027389 1.109681 1.184448 1.249360 1.302300 1.341485 1.365560 1.373681 1.365560 1.341485 1.302300 1.249360 1.184448 1.109681 1.027389 0.940003 0.849928 0.759446 0.670619 0.585224 0.504706 0.430159 0.362325 0.301612 0.248134 0.201751 0.162121 0.128755 0.101064 0.078404 0.060118 0.045560 0.034127 0.025267 0.018491 0.013375 0.009563 0.006759 0.004722 0.003261 0.002226 0.001502 0.001002 0.000661 0.000431 0.000278 0.000177 0.000112 0.000069 0.000043 0.000026 0.000016 0.000010 0.000006 0.000004 0.000003 0.000003 
0.000002 0.000002 0.000003 0.000005 0.000008 0.000013 0.000022 0.000037 0.000060 0.000098 0.000157 0.000248 0.000390 0.000604 0.000926 0.001404 0.002104 0.003117 0.004565 0.006608 0.009456 0.013375 0.018702 0.025848 0.035312 0.047684 0.063645 0.083962 0.109480 0.141093 0.179719 0.226252 0.281511 0.346176 0.420722 0.505339 0.599870 0.703741 0.815918 0.934878 1.058607 1.184629 1.310074 1.431766 1.546355 1.650462 1.740841 1.814550 1.869105 1.902623 1.913930 1.902623 1.869105 1.814550 1.740841 1.650462 1.546355 1.431766 1.310074 1.184629 1.058607 0.934878 0.815918 0.703741 0.599870 0.505339 0.420722 0.346176 0.281511 0.226252 0.179719 0.141093 0.109480 0.083962 0.063645 0.047684 0.035312 0.025848 0.018702 0.013375 0.009456 0.006608 0.004565 0.003117 0.002104 0.001404 0.000926 0.000604 0.000390 0.000248 0.000157 0.000098 0.000060 0.000037 0.000022 0.000013 0.000008 0.000005 0.000004 0.000004 
0.000003 0.000003 0.000004 0.000007 0.000011 0.000018 0.000031 0.000051 0.000083 0.000135 0.000217 0.000344 0.000540 0.000837 0.001283 0.001944 0.002913 0.004314 0.006315 0.009140 0.013075 0.018491 0.025848 0.035717 0.048783 0.065860 0.087885 0.115917 0.151116 0.194716 0.247977 0.312130 0.388300 0.477423 0.580147 0.696734 0.826963 0.970041 1.124544 1.288371 1.458748 1.632270 1.804982 1.972516 2.130261 2.273568 2.397974 2.499429 2.574519 2.620653 2.636214 2.620653 2.574519 2.499429 2.397974 2.273568 2.130261 1.972516 1.804982 1.632270 1.458748 1.288371 1.124544 0.970041 0.826963 0.696734 0.580147 0.477423 0.388300 0.312130 0.247977 0.194716 0.151116 0.115917 0.087885 0.065860 0.048783 0.035717 0.025848 0.018491 0.013075 0.009140 0.006315 0.004314 0.002913 0.001944 0.001283 0.000837 0.000540 0.000344 0.000217 0.000135 0.000083 0.000051 0.000031 0.000019 0.000011 0.000007 0.000006 0.000006 
0.000004 0.000004 0.000006 0.000009 0.000015 0.000025 0.000042 0.000070 0.000114 0.000186 0.000298 0.000472 0.000740 0.001147 0.001757 0.002661 0.003986 0.005901 0.008636 0.012495 0.017871 0.025267 0.035312 0.048783 0.066615 0.089914 0.119959 0.158191 0.206188 0.265628 0.338227 0.425658 0.529451 0.650875 0.790809 0.949607 1.126962 1.321794 1.532160 1.755198 1.987134 2.223328 2.458403 2.686415 2.901093 3.096111 3.265400 3.403453 3.505628 3.568402 3.589576 3.568402 3.505628 3.403453 3.265400 3.096111 2.901093 2.686415 2.458403 2.223328 1.987134 1.755198 1.532160 1.321794 1.126962 0.949607 0.790809 0.650875 0.529451 0.425658 0.338227 0.265628 0.206188 0.158191 0.119959 0.089914 0.066615 0.048783 0.035312 0.025267 0.017871 0.012495 0.008636 0.005901 0.003986 0.002661 0.001757 0.001147 0.000740 0.000472 0.000298 0.000186 0.000114 0.000070 0.000042 0.000026 0.000016 0.000010 0.000008 0.000008 
0.000006 0.000006 0.000008 0.000012 0.000020 0.000034 0.000057 0.000095 0.000155 0.000252 0.000403 0.000639 0.001002 0.001552 0.002377 0.003600 0.005390 0.007978 0.011673 0.016885 0.024144 0.034127 0.047684 0.065860 0.089914 0.121338 0.161851 0.213393 0.278088 0.358194 0.456016 0.573804 0.713613 0.877148 1.065586 1.279398 1.518168 1.780437 2.063586 2.363764 2.675886 2.993716 3.310015 3.616790 3.905609 4.167966 4.395699 4.581408 4.718850 4.803290 4.831771 4.803290 4.718850 4.581408 4.395699 4.167966 3.905609 3.616790 3.310015 2.993716 2.675886 2.363764 2.063586 1.780437 1.518168 1.279398 1.065586 0.877148 0.713613 0.573804 0.456016 0.358194 0.278088 0.213393 0.161851 0.121338 0.089914 0.065860 0.047684 0.034127 0.024144 0.016885 0.011673 0.007978 0.005390 0.003600 0.002377 0.001552 0.001002 0.000639 0.000403 0.000252 0.000155 0.000095 0.000057 0.000035 0.000021 0.000014 0.000011 0.000011 
0.000008 0.000008 0.000011 0.000017 0.000027 0.000046 0.000077 0.000127 0.000208 0.000337 0.000540 0.000855 0.001340 0.002076 0.003179 0.004813 0.007205 0.010661 0.015595 0.022552 0.032240 0.045560 0.063645 0.087885 0.119959 0.161851 0.215850 0.284535 0.370734 0.477447 0.607740 0.764602 0.950762 1.168483 1.419326 1.703909 2.021674 2.370676 2.747423 3.146790 3.562014 3.984796 4.405512 4.813537 5.197655 5.546565 5.849418 6.096376 6.279143 6.391427 6.429300 6.391427 6.279143 6.096376 5.849418 5.546565 5.197655 4.813537 4.405512 3.984796 3.562014 3.146790 2.747423 2.370676 2.021674 1.703909 1.419326 1.168483 0.950762 0.764602 0.607740 0.477447 0.370734 0.284535 0.215850 0.161851 0.119959 0.087885 0.063645 0.045560 0.032240 0.022552 0.015595 0.010661 0.007205 0.004813 0.003179 0.002076 0.001340 0.000855 0.000540 0.000337 0.000208 0.000127 0.000077 0.000047 0.000029 0.000019 0.000014 0.000014 
0.000011 0.000011 0.000014 0.000022 0.000036 0.000061 0.000101 0.000168 0.000275 0.000446 0.000714 0.001132 0.001772 0.002745 0.004202 0.006360 0.009518 0.014080 0.020592 0.029772 0.042550 0.060118 0.083962 0.115917 0.158191 0.213393 0.284535 0.375011 0.488537 0.629058 0.800602 1.007094 1.252121 1.538650 1.868726 2.243156 2.661196 3.120280 3.615814 4.141053 4.687101 5.243046 5.796238 6.332709 6.837723 7.296425 7.694562 8.019208 8.259466 8.407067 8.456852 8.407067 8.259466 8.019208 7.694562 7.296425 6.837723 6.332709 5.796238 5.243046 4.687101 4.141053 3.615814 3.120280 2.661196 2.243156 1.868726 1.538650 1.252121 1.007094 0.800602 0.629058 0.488537 0.375011 0.284535 0.213393 0.158191 0.115917 0.083962 0.060118 0.042550 0.029772 0.020592 0.014080 0.009518 0.006360 0.004202 0.002745 0.001772 0.001132 0.000714 0.000446 0.000275 0.000168 0.000102 0.000062 0.000038 0.000025 0.000019 0.000019 
0.000014 0.000014 0.000019 0.000029 0.000048 0.000080 0.000133 0.000220 0.000360 0.000583 0.000934 0.001479 0.002317 0.003586 0.005489 0.008306 0.012427 0.018379 0.026873 0.038844 0.055505 0.078404 0.109480 0.151116 0.206188 0.278088 0.370734 0.488537 0.636328 0.819232 1.042483 1.311178 1.629972 2.002713 2.432054 2.919029 3.462665 4.059616 4.703903 5.386752 6.096598 6.819259 7.538295 8.235556 8.891897 9.488025 10.005423 10.427306 10.739516 10.931319 10.996012 10.931319 10.739516 10.427306 10.005423 9.488025 8.891897 8.235556 7.538295 6.819259 6.096598 5.386752 4.703903 4.059616 3.462665 2.919029 2.432054 2.002713 1.629972 1.311178 1.042483 0.819232 0.636328 0.488537 0.370734 0.278088 0.206188 0.151116 0.109480 0.078404 0.055505 0.038844 0.026873 0.018379 0.012427 0.008306 0.005489 0.003586 0.002317 0.001480 0.000934 0.000583 0.000360 0.000220 0.000133 0.000081 0.000050 0.000032 0.000025 0.000025 
0.000018 0.000018 0.000024 0.000037 0.000062 0.000103 0.000172 0.000284 0.000466 0.000754 0.001207 0.001911 0.002992 0.004631 0.007087 0.010721 0.016035 0.023711 0.034662 0.050091 0.071561 0.101064 0.141093 0.194716 0.265628 0.358194 0.477447 0.629058 0.819232 1.054553 1.341742 1.687345 2.097331 2.576638 3.128661 3.754719 4.453547 5.220838 6.048896 6.926443 7.838617 8.767194 9.691055 10.586889 11.430109 12.195940 12.860606 13.402554 13.803609 14.049990 14.133091 14.049990 13.803609 13.402554 12.860606 12.195940 11.430109 10.586889 9.691055 8.767194 7.838617 6.926443 6.048896 5.220838 4.453547 3.754719 3.128661 2.576638 2.097331 1.687345 1.341742 1.054553 0.819232 0.629058 0.477447 0.358194 0.265628 0.194716 0.141093 0.101064 0.071561 0.050091 0.034662 0.023711 0.016035 0.010721 0.007087 0.004631 0.002992 0.001912 0.001207 0.000754 0.000466 0.000285 0.000173 0.000104 0.000064 0.000042 0.000032 0.000032 
0.000023 0.000023 0.000031 0.000048 0.000079 0.000132 0.000220 0.000364 0.000595 0.000963 0.001542 0.002441 0.003820 0.005910 0.009042 0.013676 0.020450 0.030232 0.044185 0.063841 0.091186 0.128755 0.179719 0.247977 0.338227 0.456016 0.607740 0.800602 1.042483 1.341742 1.706914 2.146302 2.667480 3.276709 3.978284 4.773870 5.661843 6.636719 7.688713 8.803492 9.962174 11.141614 12.314995 13.452720 14.523575 15.496110 16.340147 17.028331 17.537594 17.850446 17.955967 17.850446 17.537594 17.028331 16.340147 15.496110 14.523575 13.452720 12.314995 11.141614 9.962174 8.803492 7.688713 6.636719 5.661843 4.773870 3.978284 3.276709 2.667480 2.146302 1.706914 1.341742 1.042483 0.800602 0.607740 0.456016 0.338227 0.247977 0.179719 0.128755 0.091186 0.063841 0.044185 0.030232 0.020450 0.013676 0.009042 0.005910 0.003820 0.002441 0.001542 0.000963 0.000595 0.000364 0.000221 0.000134 0.000082 0.000054 0.000041 0.000041 
0.000030 0.000030 0.000039 0.000060 0.000100 0.000167 0.000278 0.000459 0.000751 0.001216 0.001946 0.003080 0.004818 0.007454 0.011401 0.017240 0.025775 0.038096 0.055667 0.080414 0.114837 0.162121 0.226252 0.312130 0.425658 0.573804 0.764602 1.007094 1.311178 1.687345 2.146302 2.698467 3.353338 4.118760 5.000112 5.999463 7.114759 8.339099 9.660184 11.060008 12.514861 13.995686 15.468820 16.897118 18.241408 19.462227 20.521710 21.385536 22.024764 22.417451 22.549899 22.417451 22.024764 21.385536 20.521710 19.462227 18.241408 16.897118 15.468820 13.995686 12.514861 11.060008 9.660184 8.339099 7.114759 5.999463 5.000112 4.118760 3.353338 2.698467 2.146302 1.687345 1.311178 1.007094 0.764602 0.573804 0.425658 0.312130 0.226252 0.162121 0.114837 0.080414 0.055667 0.038096 0.025775 0.017240 0.011401 0.007454 0.004818 0.003080 0.001946 0.001216 0.000752 0.000460 0.000279 0.000169 0.000104 0.000068 0.000052 0.000052 
0.000037 0.000037 0.000049 0.000075 0.000124 0.000208 0.000347 0.000573 0.000938 0.001517 0.002427 0.003840 0.006007 0.009290 0.014207 0.021479 0.032105 0.047443 0.069312 0.100107 0.142934 0.201751 0.281511 0.388300 0.529451 0.713613 0.950762 1.252121 1.629972 2.097331 2.667480 3.353338 4.166679 5.117220 6.211619 7.452423 8.837063 10.356955 11.996818 13.734297 15.539961 17.377749 19.205896 20.978317 22.646421 24.161257 25.475863 26.547672 27.340793 27.828013 27.992345 27.828013 27.340793 26.547672 25.475863 24.161257 22.646421 20.978317 19.205896 17.377749 15.539961 13.734297 11.996818 10.356955 8.837063 7.452423 6.211619 5.117220 4.166679 3.353338 2.667480 2.097331 1.629972 1.252121 0.950762 0.713613 0.529451 0.388300 0.281511 0.201751 0.142934 0.100107 0.069312 0.047443 0.032105 0.021479 0.014207 0.009290 0.006007 0.003840 0.002427 0.001517 0.000938 0.000574 0.000348 0.000211 0.000130 0.000085 0.000065 0.000065 
0.000046 0.000046 0.000060 0.000093 0.000154 0.000257 0.000428 0.000707 0.001156 0.001870 0.002991 0.004732 0.007400 0.011443 0.017495 0.026445 0.039520 0.058391 0.085290 0.123163 0.175824 0.248134 0.346176 0.477423 0.650875 0.877148 1.168483 1.538650 2.002713 2.576638 3.276709 4.118760 5.117220 6.283991 7.627215 9.149997 10.849157 12.714145 14.726198 16.857877 19.073075 21.327556 23.570097 25.744181 27.790229 29.648220 31.260577 32.575115 33.547836 34.145379 34.346919 34.145379 33.547836 32.575115 31.260577 29.648220 27.790229 25.744181 23.570097 21.327556 19.073075 16.857877 14.726198 12.714145 10.849157 9.149997 7.627215 6.283991 5.117220 4.118760 3.276709 2.576638 2.002713 1.538650 1.168483 0.877148 0.650875 0.477423 0.346176 0.248134 0.175824 0.123163 0.085290 0.058391 0.039520 0.026445 0.017495 0.011443 0.007400 0.004732 0.002992 0.001870 0.001157 0.000708 0.000430 0.000260 0.000160 0.000105 0.000080 0.000080 
0.000056 0.000056 0.000073 0.000114 0.000187 0.000313 0.000521 0.000861 0.001409 0.002278 0.003643 0.005762 0.009009 0.013929 0.021291 0.032177 0.048078 0.071021 0.103722 0.149754 0.213751 0.301612 0.420722 0.580147 0.790809 1.065586 1.419326 1.868726 2.432054 3.128661 3.978284 5.000112 6.211619 7.627215 9.256750 11.103957 13.164958 15.426931 17.867106 20.452198 23.138415 25.872124 28.591224 31.227209 33.707863 35.960442 37.915170 39.508805 40.688031 41.412422 41.656745 41.412422 40.688031 39.508805 37.915170 35.960442 33.707863 31.227209 28.591224 25.872124 23.138415 20.452198 17.867106 15.426931 13.164958 11.103957 9.256750 7.627215 6.211619 5.000112 3.978284 3.128661 2.432054 1.868726 1.419326 1.065586 0.790809 0.580147 0.420722 0.301612 0.213751 0.149754 0.103722 0.071021 0.048078 0.032177 0.021291 0.013929 0.009009 0.005762 0.003644 0.002278 0.001409 0.000863 0.000524 0.000317 0.000195 0.000128 0.000098 0.000098 
0.000067 0.000067 0.000088 0.000137 0.000226 0.000377 0.000628 0.001037 0.001696 0.002742 0.004385 0.006933 0.010839 0.016754 0.025605 0.038690 0.057800 0.085370 0.124657 0.179952 0.256815 0.362325 0.505339 0.696734 0.949607 1.279398 1.703909 2.243156 2.919029 3.754719 4.773870 5.999463 7.452423 9.149997 11.103957 13.318752 15.789699 18.501405 21.426554 24.525235 27.744957 31.021440 34.280267 37.439354 40.412182 43.111603 45.454031 47.363708 48.776771 49.644798 49.937566 49.644798 48.776771 47.363708 45.454031 43.111603 40.412182 37.439354 34.280267 31.021440 27.744957 24.525235 21.426554 18.501405 15.789699 13.318752 11.103957 9.149997 7.452423 5.999463 4.773870 3.754719 2.919029 2.243156 1.703909 1.279398 0.949607 0.696734 0.505339 0.362325 0.256815 0.179952 0.124657 0.085370 0.057800 0.038690 0.025605 0.016754 0.010839 0.006933 0.004385 0.002743 0.001697 0.001039 0.000631 0.000382 0.000235 0.000154 0.000118 0.000118 
0.000080 0.000080 0.000105 0.000163 0.000269 0.000449 0.000748 0.001235 0.002018 0.003262 0.005215 0.008244 0.012886 0.019915 0.030431 0.045975 0.068671 0.101411 0.148057 0.213702 0.304937 0.430159 0.599870 0.826963 1.126962 1.518168 2.021674 2.661196 3.462665 4.453547 5.661843 7.114759 8.837063 10.849157 13.164958 15.789699 18.717800 21.930995 25.396895 29.068202 32.882722 36.764308 40.624814 44.367027 47.888484 51.085988 53.860563 56.122509 57.796210 58.824334 59.171096 58.824334 57.796210 56.122509 53.860563 51.085988 47.888484 44.367027 40.624814 36.764308 32.882722 29.068202 25.396895 21.930995 18.717800 15.789699 13.164958 10.849157 8.837063 7.114759 5.661843 4.453547 3.462665 2.661196 2.021674 1.518168 1.126962 0.826963 0.599870 0.430159 0.304937 0.213702 0.148057 0.101411 0.068671 0.045975 0.030431 0.019915 0.012886 0.008244 0.005215 0.003263 0.002019 0.001236 0.000751 0.000455 0.000280 0.000183 0.000140 0.000140 
0.000094 0.000094 0.000124 0.000192 0.000316 0.000528 0.000879 0.001452 0.002372 0.003834 0.006129 0.009687 0.015139 0.023393 0.035740 0.053986 0.080627 0.119048 0.173784 0.250801 0.357829 0.504706 0.703741 0.970041 1.321794 1.780437 2.370676 3.120280 4.059616 5.220838 6.636719 8.339099 10.356955 12.714145 15.426931 18.501405 21.930995 25.694276 29.753296 34.052651 38.519504 43.064695 47.585026 51.966694 56.089756 59.833426 63.081855 65.730059 67.689542 68.893206 69.299172 68.893206 67.689542 65.730059 63.081855 59.833426 56.089756 51.966694 47.585026 43.064695 38.519504 34.052651 29.753296 25.694276 21.930995 18.501405 15.426931 12.714145 10.356955 8.339099 6.636719 5.220838 4.059616 3.120280 2.370676 1.780437 1.321794 0.970041 0.703741 0.504706 0.357829 0.250801 0.173784 0.119048 0.080627 0.053986 0.035740 0.023393 0.015139 0.009687 0.006129 0.003835 0.002373 0.001454 0.000883 0.000535 0.000329 0.000216 0.000165 0.000165 
0.000109 0.000109 0.000144 0.000223 0.000368 0.000614 0.001022 0.001687 0.002756 0.004453 0.007117 0.011247 0.017575 0.027153 0.041479 0.062647 0.093548 0.138109 0.201582 0.290882 0.414963 0.585224 0.815918 1.124544 1.532160 2.063586 2.747423 3.615814 4.703903 6.048896 7.688713 9.660184 11.996818 14.726198 17.867106 21.426554 25.396895 29.753296 34.451802 39.428266 44.598378 49.858951 55.090562 60.161526 64.933070 69.265443 73.024623 76.089155 78.356663 79.749529 80.219307 79.749529 78.356663 76.089155 73.024623 69.265443 64.933070 60.161526 55.090562 49.858951 44.598378 39.428266 34.451802 29.753296 25.396895 21.426554 17.867106 14.726198 11.996818 9.660184 7.688713 6.048896 4.703903 3.615814 2.747423 2.063586 1.532160 1.124544 0.815918 0.585224 0.414963 0.290882 0.201582 0.138109 0.093548 0.062647 0.041479 0.027153 0.017575 0.011248 0.007118 0.004454 0.002757 0.001689 0.001026 0.000622 0.000383 0.000251 0.000192 0.000192 
0.000126 0.000126 0.000166 0.000257 0.000422 0.000705 0.001173 0.001936 0.003163 0.005111 0.008167 0.012905 0.020162 0.031145 0.047571 0.071839 0.107260 0.158333 0.231074 0.333400 0.475565 0.670619 0.934878 1.288371 1.755198 2.363764 3.146790 4.141053 5.386752 6.926443 8.803492 11.060008 13.734297 16.857877 20.452198 24.525235 29.068202 34.052651 39.428266 45.121644 51.036326 57.054273 63.038889 68.839564 74.297590 79.253153 83.552990 87.058223 89.651785 91.244924 91.782247 91.244924 89.651785 87.058223 83.552990 79.253153 74.297590 68.839564 63.038889 57.054273 51.036326 45.121644 39.428266 34.052651 29.068202 24.525235 20.452198 16.857877 13.734297 11.060008 8.803492 6.926443 5.386752 4.141053 3.146790 2.363764 1.755198 1.288371 0.934878 0.670619 0.475565 0.333400 0.231074 0.158333 0.107260 0.071839 0.047571 0.031145 0.020162 0.012905 0.008168 0.005112 0.003165 0.001939 0.001178 0.000715 0.000440 0.000288 0.000221 0.000221 
0.000143 0.000143 0.000188 0.000291 0.000479 0.000800 0.001331 0.002196 0.003587 0.005796 0.009261 0.014630 0.022855 0.035302 0.053913 0.081407 0.121532 0.179380 0.261761 0.377637 0.538610 0.759446 1.058607 1.458748 1.987134 2.675886 3.562014 4.687101 6.096598 7.838617 9.962174 12.514861 15.539961 19.073075 23.138415 27.744957 32.882722 38.519504 44.598378 51.036326 57.724270 64.528751 71.295337 77.853771 84.024649 89.627324 94.488565 98.451401 101.383520 103.184610 103.792068 103.184610 101.383520 98.451401 94.488565 89.627324 84.024649 77.853771 71.295337 64.528751 57.724270 51.036326 44.598378 38.519504 32.882722 27.744957 23.138415 19.073075 15.539961 12.514861 9.962174 7.838617 6.096598 4.687101 3.562014 2.675886 1.987134 1.458748 1.058607 0.759446 0.538610 0.377637 0.261761 0.179380 0.121532 0.081407 0.053913 0.035302 0.022855 0.014631 0.009261 0.005797 0.003589 0.002200 0.001337 0.000811 0.000499 0.000327 0.000251 0.000251 
0.000160 0.000160 0.000211 0.000327 0.000537 0.000896 0.001492 0.002462 0.004021 0.006495 0.010376 0.016390 0.025601 0.039539 0.060378 0.091158 0.136076 0.200827 0.293029 0.422706 0.602835 0.849928 1.184629 1.632270 2.223328 2.993716 3.984796 5.243046 6.819259 8.767194 11.141614 13.995686 17.377749 21.327556 25.872124 31.021440 36.764308 43.064695 49.858951 57.054273 64.528751 72.133236 79.695165 87.024295 93.920178 100.180987 105.613184 110.041403 113.317830 115.330405 116.009187 115.330405 113.317830 110.041403 105.613184 100.180987 93.920178 87.024295 79.695165 72.133236 64.528751 57.054273 49.858951 43.064695 36.764308 31.021440 25.872124 21.327556 17.377749 13.995686 11.141614 8.767194 6.819259 5.243046 3.984796 2.993716 2.223328 1.632270 1.184629 0.849928 0.602835 0.422706 0.293029 0.200827 0.136076 0.091158 0.060378 0.039539 0.025602 0.016391 0.010376 0.006496 0.004023 0.002466 0.001499 0.000909 0.000560 0.000367 0.000281 0.000281 
0.000178 0.000178 0.000234 0.000362 0.000595 0.000993 0.001652 0.002726 0.004452 0.007191 0.011487 0.018144 0.028338 0.043761 0.066818 0.100872 0.150562 0.222185 0.324165 0.467580 0.666776 0.940003 1.310074 1.804982 2.458403 3.310015 4.405512 5.796238 7.538295 9.691055 12.314995 15.468820 19.205896 23.570097 28.591224 34.280267 40.624814 47.585026 55.090562 63.038889 71.295337 79.695165 88.047778 96.143074 103.759686 110.674735 116.674503 121.565339 125.184027 127.406825 128.156508 127.406825 125.184027 121.565339 116.674503 110.674735 103.759686 96.143074 88.047778 79.695165 71.295337 63.038889 55.090562 47.585026 40.624814 34.280267 28.591224 23.570097 19.205896 15.468820 12.314995 9.691055 7.538295 5.796238 4.405512 3.310015 2.458403 1.804982 1.310074 0.940003 0.666776 0.467580 0.324165 0.222185 0.150562 0.100872 0.066818 0.043761 0.028338 0.018144 0.011488 0.007193 0.004454 0.002731 0.001660 0.001007 0.000620 0.000406 0.000311 0.000311 
