0.000000 0.000000 0.000000 0.000000 0.000000 0.000000 0.000000 0.000000 0.000000 0.000000 0.000000 0.000000 0.000000 0.000001 0.000001 0.000001 0.000002 0.000003 0.000004 0.000006 0.000008 0.000011 0.000015 0.000021 0.000027 0.000036 0.000047 0.000060 0.000077 0.000097 0.000120 0.000148 0.000181 0.000218 0.000261 0.000308 0.000359 0.000416 0.000475 0.000538 0.000602 0.000667 0.000730 0.000792 0.000849 0.000900 0.000945 0.000981 0.001008 0.001024 0.001030 0.001024 0.001008 0.000981 0.000945 0.000900 0.000849 0.000792 0.000730 0.000667 0.000602 0.000538 0.000475 0.000416 0.000359 0.000308 0.000261 0.000218 0.000181 0.000148 0.000120 0.000097 0.000077 0.000060 0.000047 0.000036 0.000027 0.000021 0.000015 0.000011 0.000008 0.000006 0.000004 0.000003 0.000002 0.000001 0.000001 0.000001 0.000000 0.000000 0.000000 0.000000 0.000000 0.000000 0.000000 0.000000 0.000000 0.000000 0.000000 0.000000 
0.000000 0.000000 0.000000 0.000000 0.000000 0.000000 0.000000 0.000000 0.000000 0.000000 0.000000 0.000000 0.000000 0.000001 0.000001 0.000001 0.000002 0.000003 0.000004 0.000006 0.000008 0.000011 0.000015 0.000021 0.000027 0.000036 0.000047 0.000060 0.000077 0.000097 0.000120 0.000148 0.000181 0.000218 0.000261 0.000308 0.000359 0.000416 0.000475 0.000538 0.000602 0.000667 0.000730 0.000792 0.000849 0.000900 0.000945 0.000981 0.001008 0.001024 0.001030 0.001024 0.001008 0.000981 0.000945 0.000900 0.000849 0.000792 0.000730 0.000667 0.000602 0.000538 0.000475 0.000416 0.000359 0.000308 0.000261 0.000218 0.000181 0.000148 0.000120 0.000097 0.000077 0.000060 0.000047 0.000036 0.000027 0.000021 0.000015 0.000011 0.000008 0.000006 0.000004 0.000003 0.000002 0.000001 0.000001 0.000001 0.000000 0.000000 0.000000 0.000000 0.000000 0.000000 0.000000 0.000000 0.000000 0.000000 0.000000 0.000000 
0.000000 0.000000 0.000000 0.000000 0.000000 0.000000 0.000000 0.000000 0.000000 0.000000 0.000000 0.000000 0.000001 0.000001 0.000001 0.000002 0.000003 0.000004 0.000005 0.000008 0.000010 0.000014 0.000019 0.000026 0.000035 0.000045 0.000059 0.000076 0.000096 0.000121 0.000151 0.000186 0.000227 0.000274 0.000327 0.000386 0.000451 0.000521 0.000596 0.000674 0.000754 0.000835 0.000915 0.000992 0.001064 0.001128 0.001184 0.001229 0.001263 0.001283 0.001290 0.001283 0.001263 0.001229 0.001184 0.001128 0.001064 0.000992 0.000915 0.000835 0.000754 0.000674 0.000596 0.000521 0.000451 0.000386 0.000327 0.000274 0.000227 0.000186 0.000151 0.000121 0.000096 0.000076 0.000059 0.000045 0.000035 0.000026 0.000019 0.000014 0.000010 0.000008 0.000005 0.000004 0.000003 0.000002 0.000001 0.000001 0.000001 0.000000 0.000000 0.000000 0.000000 0.000000 0.000000 0.000000 0.000000 0.000000 0.000000 0.000000 
0.000000 0.000000 0.000000 0.000000 0.000000 0.000000 0.000000 0.000000 0.000000 0.000000 0.000000 0.000001 0.000001 0.000001 0.000002 0.000003 0.000004 0.000006 0.000008 0.000011 0.000015 0.000021 0.000028 0.000038 0.000050 0.000066 0.000086 0.000110 0.000140 0.000176 0.000219 0.000270 0.000329 0.000397 0.000473 0.000559 0.000653 0.000754 0.000862 0.000975 0.001091 0.001208 0.001324 0.001435 0.001538 0.001632 0.001712 0.001778 0.001826 0.001856 0.001866 0.001856 0.001826 0.001778 0.001712 0.001632 0.001538 0.001435 0.001324 0.001208 0.001091 0.000975 0.000862 0.000754 0.000653 0.000559 0.000473 0.000397 0.000329 0.000270 0.000219 0.000176 0.000140 0.000110 0.000086 0.000066 0.000050 0.000038 0.000028 0.000021 0.000015 0.000011 0.000008 0.000006 0.000004 0.000003 0.000002 0.000001 0.000001 0.000001 0.000000 0.000000 0.000000 0.000000 0.000000 0.000000 0.000000 0.000000 0.000000 0.000000 
0.000000 0.000000 0.000000 0.000000 0.000000 0.000000 0.000000 0.000000 0.000000 0.000000 0.000001 0.000001 0.000001 0.000002 0.000003 0.000004 0.000006 0.000009 0.000012 0.000017 0.000024 0.000032 0.000044 0.000058 0.000078 0.000102 0.000132 0.000170 0.000216 0.000272 0.000338 0.000417 0.000508 0.000612 0.000730 0.000862 0.001006 0.001163 0.001329 0.001503 0.001682 0.001863 0.002040 0.002211 0.002370 0.002514 0.002638 0.002739 0.002813 0.002859 0.002874 0.002859 0.002813 0.002739 0.002638 0.002514 0.002370 0.002211 0.002040 0.001863 0.001682 0.001503 0.001329 0.001163 0.001006 0.000862 0.000730 0.000612 0.000508 0.000417 0.000338 0.000272 0.000216 0.000170 0.000132 0.000102 0.000078 0.000058 0.000044 0.000032 0.000024 0.000017 0.000012 0.000009 0.000006 0.000004 0.000003 0.000002 0.000001 0.000001 0.000001 0.000000 0.000000 0.000000 0.000000 0.000000 0.000000 0.000000 0.000000 0.000000 
0.000000 0.000000 0.000000 0.000000 0.000000 0.000000 0.000000 0.000000 0.000000 0.000001 0.000001 0.000001 0.000002 0.000003 0.000005 0.000007 0.000010 0.000014 0.000019 0.000027 0.000037 0.000051 0.000069 0.000092 0.000122 0.000161 0.000208 0.000268 0.000340 0.000428 0.000533 0.000656 0.000799 0.000963 0.001149 0.001356 0.001583 0.001829 0.002090 0.002364 0.002645 0.002928 0.003206 0.003474 0.003725 0.003950 0.004145 0.004304 0.004420 0.004492 0.004516 0.004492 0.004420 0.004304 0.004145 0.003950 0.003725 0.003474 0.003206 0.002928 0.002645 0.002364 0.002090 0.001829 0.001583 0.001356 0.001149 0.000963 0.000799 0.000656 0.000533 0.000428 0.000340 0.000268 0.000208 0.000161 0.000122 0.000092 0.000069 0.000051 0.000037 0.000027 0.000019 0.000014 0.000010 0.000007 0.000005 0.000003 0.000002 0.000001 0.000001 0.000001 0.000000 0.000000 0.000000 0.000000 0.000000 0.000000 0.000000 0.000000 
0.000000 0.000000 0.000000 0.000000 0.000000 0.000000 0.000000 0.000000 0.000001 0.000001 0.000001 0.000002 0.000003 0.000005 0.000007 0.000010 0.000015 0.000022 0.000030 0.000042 0.000059 0.000080 0.000109 0.000146 0.000193 0.000253 0.000329 0.000422 0.000537 0.000675 0.000840 0.001034 0.001259 0.001518 0.001810 0.002136 0.002493 0.002880 0.003291 0.003721 0.004163 0.004608 0.005046 0.005467 0.005860 0.006215 0.006522 0.006770 0.006954 0.007066 0.007104 0.007066 0.006954 0.006770 0.006522 0.006215 0.005860 0.005467 0.005046 0.004608 0.004163 0.003721 0.003291 0.002880 0.002493 0.002136 0.001810 0.001518 0.001259 0.001034 0.000840 0.000675 0.000537 0.000422 0.000329 0.000253 0.000193 0.000146 0.000109 0.000080 0.000059 0.000042 0.000030 0.000022 0.000015 0.000010 0.000007 0.000005 0.000003 0.000002 0.000001 0.000001 0.000001 0.000000 0.000000 0.000000 0.000000 0.000000 0.000000 0.000000 
0.000000 0.000000 0.000000 0.000000 0.000000 0.000000 0.000000 0.000001 0.000001 0.000001 0.000002 0.000003 0.000005 0.000008 0.000011 0.000016 0.000024 0.000034 0.000048 0.000067 0.000092 0.000126 0.000171 0.000229 0.000303 0.000397 0.000516 0.000662 0.000841 0.001058 0.001316 0.001620 0.001972 0.002377 0.002834 0.003343 0.003903 0.004507 0.005150 0.005823 0.006513 0.007208 0.007893 0.008551 0.009166 0.009721 0.010199 0.010588 0.010874 0.011050 0.011109 0.011050 0.010874 0.010588 0.010199 0.009721 0.009166 0.008551 0.007893 0.007208 0.006513 0.005823 0.005150 0.004507 0.003903 0.003343 0.002834 0.002377 0.001972 0.001620 0.001316 0.001058 0.000841 0.000662 0.000516 0.000397 0.000303 0.000229 0.000171 0.000126 0.000092 0.000067 0.000048 0.000034 0.000024 0.000016 0.000011 0.000008 0.000005 0.000003 0.000002 0.000001 0.000001 0.000001 0.000000 0.000000 0.000000 0.000000 0.000000 0.000000 
0.000000 0.000000 0.000000 0.000000 0.000000 0.000000 0.000001 0.000001 0.000001 0.000002 0.000004 0.000005 0.000008 0.000012 0.000018 0.000026 0.000037 0.000053 0.000074 0.000104 0.000144 0.000196 0.000266 0.000356 0.000471 0.000618 0.000802 0.001029 0.001308 0.001643 0.002044 0.002515 0.003063 0.003690 0.004400 0.005189 0.006057 0.006994 0.007991 0.009033 0.010103 0.011181 0.012242 0.013262 0.014214 0.015073 0.015814 0.016416 0.016860 0.017132 0.017224 0.017132 0.016860 0.016416 0.015814 0.015073 0.014214 0.013262 0.012242 0.011181 0.010103 0.009033 0.007991 0.006994 0.006057 0.005189 0.004400 0.003690 0.003063 0.002515 0.002044 0.001643 0.001308 0.001029 0.000802 0.000618 0.000471 0.000356 0.000266 0.000196 0.000144 0.000104 0.000074 0.000053 0.000037 0.000026 0.000018 0.000012 0.000008 0.000005 0.000004 0.000002 0.000001 0.000001 0.000001 0.000000 0.000000 0.000000 0.000000 0.000000 
0.000000 0.000000 0.000000 0.000000 0.000000 0.000001 0.000001 0.000001 0.000002 0.000004 0.000005 0.000008 0.000012 0.000019 0.000027 0.000040 0.000057 0.000081 0.000115 0.000160 0.000222 0.000303 0.000410 0.000548 0.000726 0.000952 0.001235 0.001585 0.002013 0.002529 0.003145 0.003870 0.004711 0.005675 0.006764 0.007978 0.009310 0.010749 0.012280 0.013880 0.015523 0.017177 0.018805 0.020370 0.021832 0.023150 0.024288 0.025211 0.025893 0.026310 0.026451 0.026310 0.025893 0.025211 0.024288 0.023150 0.021832 0.020370 0.018805 0.017177 0.015523 0.013880 0.012280 0.010749 0.009310 0.007978 0.006764 0.005675 0.004711 0.003870 0.003145 0.002529 0.002013 0.001585 0.001235 0.000952 0.000726 0.000548 0.000410 0.000303 0.000222 0.000160 0.000115 0.000081 0.000057 0.000040 0.000027 0.000019 0.000012 0.000008 0.000005 0.000004 0.000002 0.000001 0.000001 0.000001 0.000000 0.000000 0.000000 0.000000 
0.000000 0.000000 0.000000 0.000000 0.000001 0.000001 0.000001 0.000002 0.000004 0.000005 0.000008 0.000013 0.000019 0.000028 0.000042 0.000061 0.000087 0.000124 0.000176 0.000245 0.000338 0.000462 0.000625 0.000836 0.001108 0.001452 0.001882 0.002415 0.003067 0.003853 0.004791 0.005894 0.007174 0.008641 0.010298 0.012143 0.014168 0.016357 0.018684 0.021117 0.023614 0.026127 0.028603 0.030981 0.033202 0.035205 0.036933 0.038337 0.039371 0.040006 0.040219 0.040006 0.039371 0.038337 0.036933 0.035205 0.033202 0.030981 0.028603 0.026127 0.023614 0.021117 0.018684 0.016357 0.014168 0.012143 0.010298 0.008641 0.007174 0.005894 0.004791 0.003853 0.003067 0.002415 0.001882 0.001452 0.001108 0.000836 0.000625 0.000462 0.000338 0.000245 0.000176 0.000124 0.000087 0.000061 0.000042 0.000028 0.000019 0.000013 0.000008 0.000005 0.000004 0.000002 0.000001 0.000001 0.000001 0.000000 0.000000 0.000000 
0.000000 0.000000 0.000000 0.000001 0.000001 0.000001 0.000002 0.000003 0.000005 0.000008 0.000013 0.000019 0.000029 0.000043 0.000063 0.000092 0.000132 0.000188 0.000265 0.000370 0.000511 0.000698 0.000944 0.001263 0.001672 0.002191 0.002841 0.003645 0.004627 0.005812 0.007225 0.008886 0.010815 0.013024 0.015519 0.018298 0.021347 0.024641 0.028143 0.031805 0.035563 0.039344 0.043068 0.046646 0.049987 0.053001 0.055601 0.057711 0.059268 0.060222 0.060543 0.060222 0.059268 0.057711 0.055601 0.053001 0.049987 0.046646 0.043068 0.039344 0.035563 0.031805 0.028143 0.024641 0.021347 0.018298 0.015519 0.013024 0.010815 0.008886 0.007225 0.005812 0.004627 0.003645 0.002841 0.002191 0.001672 0.001263 0.000944 0.000698 0.000511 0.000370 0.000265 0.000188 0.000132 0.000092 0.000063 0.000043 0.000029 0.000019 0.000013 0.000008 0.000005 0.000003 0.000002 0.000001 0.000001 0.000001 0.000001 0.000001 
0.000000 0.000000 0.000001 0.000001 0.000001 0.000002 0.000003 0.000005 0.000008 0.000012 0.000019 0.000029 0.000043 0.000064 0.000095 0.000138 0.000198 0.000282 0.000397 0.000554 0.000765 0.001044 0.001412 0.001888 0.002500 0.003274 0.004244 0.005444 0.006909 0.008678 0.010785 0.013263 0.016139 0.019432 0.023152 0.027294 0.031837 0.036746 0.041965 0.047419 0.053018 0.058651 0.064197 0.069526 0.074501 0.078988 0.082860 0.086003 0.088320 0.089741 0.090219 0.089741 0.088320 0.086003 0.082860 0.078988 0.074501 0.069526 0.064197 0.058651 0.053018 0.047419 0.041965 0.036746 0.031837 0.027294 0.023152 0.019432 0.016139 0.013263 0.010785 0.008678 0.006909 0.005444 0.004244 0.003274 0.002500 0.001888 0.001412 0.001044 0.000765 0.000554 0.000397 0.000282 0.000198 0.000138 0.000095 0.000064 0.000043 0.000029 0.000019 0.000012 0.000008 0.000005 0.000003 0.000002 0.000001 0.000001 0.000001 0.000001 
0.000001 0.000001 0.000001 0.000001 0.000002 0.000003 0.000005 0.000008 0.000012 0.000019 0.000028 0.000043 0.000064 0.000096 0.000140 0.000204 0.000293 0.000418 0.000589 0.000821 0.001132 0.001546 0.002089 0.002794 0.003698 0.004843 0.006276 0.008048 0.010213 0.012825 0.015936 0.019594 0.023839 0.028700 0.034189 0.040300 0.047003 0.054244 0.061941 0.069985 0.078241 0.086547 0.094725 0.102581 0.109915 0.116530 0.122238 0.126870 0.130286 0.132379 0.133085 0.132379 0.130286 0.126870 0.122238 0.116530 0.109915 0.102581 0.094725 0.086547 0.078241 0.069985 0.061941 0.054244 0.047003 0.040300 0.034189 0.028700 0.023839 0.019594 0.015936 0.012825 0.010213 0.008048 0.006276 0.004843 0.003698 0.002794 0.002089 0.001546 0.001132 0.000821 0.000589 0.000418 0.000293 0.000204 0.000140 0.000096 0.000064 0.000043 0.000028 0.000019 0.000012 0.000008 0.000005 0.000003 0.000002 0.000001 0.000001 0.000001 
0.000001 0.000001 0.000001 0.000002 0.000003 0.000005 0.000007 0.000011 0.000018 0.000027 0.000042 0.000063 0.000095 0.000140 0.000206 0.000299 0.000431 0.000613 0.000863 0.001203 0.001660 0.002266 0.003061 0.004092 0.005415 0.007089 0.009186 0.011777 0.014943 0.018761 0.023308 0.028654 0.034857 0.041958 0.049976 0.058901 0.068689 0.079262 0.090500 0.102244 0.114294 0.126418 0.138353 0.149818 0.160521 0.170174 0.178503 0.185262 0.190246 0.193300 0.194329 0.193300 0.190246 0.185262 0.178503 0.170174 0.160521 0.149818 0.138353 0.126418 0.114294 0.102244 0.090500 0.079262 0.068689 0.058901 0.049976 0.041958 0.034857 0.028654 0.023308 0.018761 0.014943 0.011777 0.009186 0.007089 0.005415 0.004092 0.003061 0.002266 0.001660 0.001203 0.000863 0.000613 0.000431 0.000299 0.000206 0.000140 0.000095 0.000063 0.000042 0.000027 0.000018 0.000011 0.000007 0.000005 0.000003 0.000002 0.000002 0.000002 
0.000001 0.000001 0.000002 0.000003 0.000004 0.000007 0.000010 0.000016 0.000026 0.000040 0.000061 0.000092 0.000138 0.000204 0.000299 0.000435 0.000625 0.000890 0.001253 0.001746 0.002407 0.003286 0.004438 0.005932 0.007848 0.010273 0.013308 0.017059 0.021640 0.027165 0.033743 0.041477 0.050448 0.060717 0.072310 0.085212 0.099362 0.114644 0.130885 0.147855 0.165266 0.182783 0.200027 0.216589 0.232051 0.245994 0.258024 0.267786 0.274985 0.279397 0.280883 0.279397 0.274985 0.267786 0.258024 0.245994 0.232051 0.216589 0.200027 0.182783 0.165266 0.147855 0.130885 0.114644 0.099362 0.085212 0.072310 0.060717 0.050448 0.041477 0.033743 0.027165 0.021640 0.017059 0.013308 0.010273 0.007848 0.005932 0.004438 0.003286 0.002407 0.001746 0.001253 0.000890 0.000625 0.000435 0.000299 0.000204 0.000138 0.000092 0.000061 0.000040 0.000026 0.000017 0.000011 0.000007 0.000004 0.000003 0.000002 0.000002 
0.000002 0.000002 0.000003 0.000004 0.000006 0.000010 0.000015 0.000024 0.000037 0.000057 0.000087 0.000132 0.000198 0.000293 0.000431 0.000625 0.000899 0.001278 0.001799 0.002507 0.003456 0.004717 0.006369 0.008512 0.011257 0.014734 0.019082 0.024458 0.031020 0.038933 0.048353 0.059425 0.072269 0.086967 0.103559 0.122022 0.142269 0.164132 0.187366 0.211640 0.236543 0.261595 0.286254 0.309939 0.332047 0.351984 0.369183 0.383141 0.393433 0.399741 0.401866 0.399741 0.393433 0.383141 0.369183 0.351984 0.332047 0.309939 0.286254 0.261595 0.236543 0.211640 0.187366 0.164132 0.142269 0.122022 0.103559 0.086967 0.072269 0.059425 0.048353 0.038933 0.031020 0.024458 0.019082 0.014734 0.011257 0.008512 0.006369 0.004717 0.003456 0.002507 0.001799 0.001278 0.000899 0.000625 0.000431 0.000293 0.000198 0.000132 0.000087 0.000057 0.000037 0.000024 0.000015 0.000010 0.000006 0.000004 0.000004 0.000004 
0.000003 0.000003 0.000004 0.000006 0.000009 0.000014 0.000022 0.000034 0.000053 0.000081 0.000124 0.000188 0.000282 0.000418 0.000613 0.000890 0.001278 0.001818 0.002558 0.003563 0.004912 0.006701 0.009047 0.012088 0.015983 0.020915 0.027083 0.034706 0.044011 0.055228 0.068581 0.084273 0.102472 0.123297 0.146801 0.172954 0.201628 0.232590 0.265489 0.299858 0.335116 0.370580 0.405487 0.439011 0.470303 0.498520 0.522862 0.542615 0.557181 0.566107 0.569114 0.566107 0.557181 0.542615 0.522862 0.498520 0.470303 0.439011 0.405487 0.370580 0.335116 0.299858 0.265489 0.232590 0.201628 0.172954 0.146801 0.123297 0.102472 0.084273 0.068581 0.055228 0.044011 0.034706 0.027083 0.020915 0.015983 0.012088 0.009047 0.006701 0.004912 0.003563 0.002558 0.001818 0.001278 0.000890 0.000613 0.000418 0.000282 0.000188 0.000124 0.000081 0.000053 0.000034 0.000022 0.000014 0.000009 0.000006 0.000005 0.000005 
0.000004 0.000004 0.000005 0.000008 0.000012 0.000019 0.000030 0.000048 0.000074 0.000115 0.000176 0.000265 0.000397 0.000589 0.000863 0.001253 0.001799 0.002558 0.003599 0.005012 0.006908 0.009422 0.012718 0.016990 0.022461 0.029385 0.038045 0.048745 0.061803 0.077543 0.096277 0.118288 0.143814 0.173018 0.205976 0.242642 0.282841 0.326241 0.372352 0.420519 0.469927 0.519622 0.568532 0.615502 0.659343 0.698872 0.732973 0.760644 0.781048 0.793552 0.797765 0.793552 0.781048 0.760644 0.732973 0.698872 0.659343 0.615502 0.568532 0.519622 0.469927 0.420519 0.372352 0.326241 0.282841 0.242642 0.205976 0.173018 0.143814 0.118288 0.096277 0.077543 0.061803 0.048745 0.038045 0.029385 0.022461 0.016990 0.012718 0.009422 0.006908 0.005012 0.003599 0.002558 0.001799 0.001253 0.000863 0.000589 0.000397 0.000265 0.000176 0.000115 0.000075 0.000048 0.000031 0.000020 0.000013 0.000009 0.000007 0.000007 
0.000006 0.000006 0.000008 0.000011 0.000017 0.000027 0.000042 0.000067 0.000104 0.000160 0.000245 0.000370 0.000554 0.000821 0.001203 0.001746 0.002507 0.003563 0.005012 0.006978 0.009615 0.013112 0.017696 0.023635 0.031239 0.040863 0.052896 0.067761 0.085899 0.107759 0.133773 0.164335 0.199770 0.240308 0.286049 0.336932 0.392711 0.452926 0.516897 0.583714 0.652248 0.721174 0.789006 0.854146 0.914941 0.969756 1.017042 1.055411 1.083702 1.101040 1.106880 1.101040 1.083702 1.055411 1.017042 0.969756 0.914941 0.854146 0.789006 0.721174 0.652248 0.583714 0.516897 0.452926 0.392711 0.336932 0.286049 0.240308 0.199770 0.164335 0.133773 0.107759 0.085899 0.067761 0.052896 0.040863 0.031239 0.023635 0.017696 0.013112 0.009615 0.006978 0.005012 0.003563 0.002507 0.001746 0.001203 0.000821 0.000554 0.000370 0.000245 0.000160 0.000104 0.000067 0.000043 0.000027 0.000018 0.000012 0.000010 0.000010 
0.000008 0.000008 0.000010 0.000015 0.000024 0.000037 0.000059 0.000092 0.000144 0.000222 0.000338 0.000511 0.000765 0.001132 0.001660 0.002407 0.003456 0.004912 0.006908 0.009615 0.013246 0.018060 0.024368 0.032540 0.043002 0.056239 0.072788 0.093228 0.118165 0.148214 0.183969 0.225967 0.274656 0.330351 0.393185 0.463077 0.539684 0.622377 0.710219 0.801962 0.896055 0.990680 1.083798 1.173214 1.256662 1.331899 1.396800 1.449460 1.488288 1.512083 1.520098 1.512083 1.488288 1.449460 1.396800 1.331899 1.256662 1.173214 1.083798 0.990680 0.896055 0.801962 0.710219 0.622377 0.539684 0.463077 0.393185 0.330351 0.274656 0.225967 0.183969 0.148214 0.118165 0.093228 0.072788 0.056239 0.043002 0.032540 0.024368 0.018060 0.013246 0.009615 0.006908 0.004912 0.003456 0.002407 0.001660 0.001132 0.000765 0.000511 0.000338 0.000222 0.000144 0.000092 0.000059 0.000038 0.000025 0.000017 0.000014 0.000014 
0.000011 0.000011 0.000014 0.000021 0.000032 0.000051 0.000080 0.000126 0.000196 0.000303 0.000462 0.000698 0.001044 0.001546 0.002266 0.003286 0.004717 0.006701 0.009422 0.013112 0.018060 0.024618 0.033210 0.044339 0.058585 0.076606 0.099131 0.126948 0.160881 0.201764 0.250402 0.307526 0.373743 0.449477 0.534911 0.629930 0.734068 0.846469 0.965858 1.090538 1.218404 1.346984 1.473507 1.594994 1.708369 1.810583 1.898751 1.970289 2.023034 2.055358 2.066247 2.055358 2.023034 1.970289 1.898751 1.810583 1.708369 1.594994 1.473507 1.346984 1.218404 1.090538 0.965858 0.846469 0.734068 0.629930 0.534911 0.449477 0.373743 0.307526 0.250402 0.201764 0.160881 0.126948 0.099131 0.076606 0.058585 0.044339 0.033210 0.024618 0.018060 0.013112 0.009422 0.006701 0.004717 0.003286 0.002266 0.001546 0.001044 0.000698 0.000462 0.000303 0.000197 0.000126 0.000081 0.000052 0.000034 0.000024 0.000019 0.000019 
0.000015 0.000015 0.000019 0.000028 0.000044 0.000069 0.000109 0.000171 0.000266 0.000410 0.000625 0.000944 0.001412 0.002089 0.003061 0.004438 0.006369 0.009047 0.012718 0.017696 0.024368 0.033210 0.044794 0.059794 0.078992 0.103273 0.133618 0.171087 0.216786 0.271838 0.337323 0.414224 0.503355 0.605285 0.720257 0.848114 0.988229 1.139447 1.300053 1.467764 1.639747 1.812680 1.982837 2.146213 2.298672 2.436117 2.554672 2.650862 2.721782 2.765243 2.779884 2.765243 2.721782 2.650862 2.554672 2.436117 2.298672 2.146213 1.982837 1.812680 1.639747 1.467764 1.300053 1.139447 0.988229 0.848114 0.720257 0.605285 0.503355 0.414224 0.337323 0.271838 0.216786 0.171087 0.133618 0.103273 0.078992 0.059794 0.044794 0.033210 0.024368 0.017696 0.012718 0.009047 0.006369 0.004438 0.003061 0.002089 0.001412 0.000944 0.000625 0.000410 0.000266 0.000171 0.000110 0.000070 0.000046 0.000032 0.000026 0.000026 
0.000021 0.000021 0.000026 0.000038 0.000058 0.000092 0.000146 0.000229 0.000356 0.000548 0.000836 0.001263 0.001888 0.002794 0.004092 0.005932 0.008512 0.012088 0.016990 0.023635 0.032540 0.044339 0.059794 0.079804 0.105408 0.137787 0.178247 0.228196 0.289111 0.362480 0.449742 0.552205 0.670948 0.806727 0.959863 1.130145 1.316733 1.518090 1.731931 1.955214 2.184170 2.414375 2.640873 2.858333 3.061253 3.244183 3.401967 3.529983 3.624365 3.682204 3.701688 3.682204 3.624365 3.529983 3.401967 3.244183 3.061253 2.858333 2.640873 2.414375 2.184170 1.955214 1.731931 1.518090 1.316733 1.130145 0.959863 0.806727 0.670948 0.552205 0.449742 0.362480 0.289111 0.228196 0.178247 0.137787 0.105408 0.079804 0.059794 0.044339 0.032540 0.023635 0.016990 0.012088 0.008512 0.005932 0.004092 0.002794 0.001888 0.001263 0.000837 0.000548 0.000356 0.000229 0.000147 0.000094 0.000062 0.000043 0.000034 0.000034 
0.000027 0.000027 0.000035 0.000050 0.000078 0.000122 0.000193 0.000303 0.000471 0.000726 0.001108 0.001672 0.002500 0.003698 0.005415 0.007848 0.011257 0.015983 0.022461 0.031239 0.043002 0.058585 0.078992 0.105408 0.139206 0.181939 0.235328 0.301231 0.381589 0.478365 0.593452 0.728569 0.885138 1.064149 1.266025 1.490481 1.736409 2.001780 2.283581 2.577805 2.879483 3.182790 3.481195 3.767680 4.034998 4.275973 4.483817 4.652443 4.776765 4.852950 4.878614 4.852950 4.776765 4.652443 4.483817 4.275973 4.034998 3.767680 3.481195 3.182790 2.879483 2.577805 2.283581 2.001780 1.736409 1.490481 1.266025 1.064149 0.885138 0.728569 0.593452 0.478365 0.381589 0.301231 0.235328 0.181939 0.139206 0.105408 0.078992 0.058585 0.043002 0.031239 0.022461 0.015983 0.011257 0.007848 0.005415 0.003698 0.002500 0.001673 0.001108 0.000726 0.000472 0.000304 0.000195 0.000125 0.000082 0.000057 0.000046 0.000046 
0.000036 0.000036 0.000045 0.000066 0.000102 0.000161 0.000253 0.000397 0.000618 0.000952 0.001452 0.002191 0.003274 0.004843 0.007089 0.010273 0.014734 0.020915 0.029385 0.040863 0.056239 0.076606 0.103273 0.137787 0.181939 0.237755 0.307480 0.393534 0.498451 0.624786 0.775008 0.951354 1.155675 1.389259 1.652651 1.945478 2.266289 2.612435 2.979984 3.363709 3.757132 4.152654 4.541765 4.915314 5.263858 5.578043 5.849024 6.068869 6.230949 6.330271 6.363730 6.330271 6.230949 6.068869 5.849024 5.578043 5.263858 4.915314 4.541765 4.152654 3.757132 3.363709 2.979984 2.612435 2.266289 1.945478 1.652651 1.389259 1.155675 0.951354 0.775008 0.624786 0.498451 0.393534 0.307480 0.237755 0.181939 0.137787 0.103273 0.076606 0.056239 0.040863 0.029385 0.020915 0.014734 0.010273 0.007089 0.004843 0.003274 0.002191 0.001452 0.000952 0.000619 0.000398 0.000255 0.000164 0.000107 0.000075 0.000060 0.000060 
0.000047 0.000047 0.000059 0.000086 0.000132 0.000208 0.000329 0.000516 0.000802 0.001235 0.001882 0.002841 0.004244 0.006276 0.009186 0.013308 0.019082 0.027083 0.038045 0.052896 0.072788 0.099131 0.133618 0.178247 0.235328 0.307480 0.397598 0.508808 0.644375 0.807600 1.001662 1.229447 1.493340 1.794996 2.135116 2.513210 2.927404 3.374271 3.848736 4.344048 4.851847 5.362328 5.864507 6.346582 6.796369 7.201804 7.551476 7.835157 8.044297 8.172455 8.215627 8.172455 8.044297 7.835157 7.551476 7.201804 6.796369 6.346582 5.864507 5.362328 4.851847 4.344048 3.848736 3.374271 2.927404 2.513210 2.135116 1.794996 1.493340 1.229447 1.001662 0.807600 0.644375 0.508808 0.397598 0.307480 0.235328 0.178247 0.133618 0.099131 0.072788 0.052896 0.038045 0.027083 0.019082 0.013308 0.009186 0.006276 0.004244 0.002841 0.001883 0.001235 0.000803 0.000517 0.000331 0.000212 0.000139 0.000097 0.000078 0.000078 
0.000060 0.000060 0.000076 0.000110 0.000170 0.000268 0.000422 0.000662 0.001029 0.001585 0.002415 0.003645 0.005444 0.008048 0.011777 0.017059 0.024458 0.034706 0.048745 0.067761 0.093228 0.126948 0.171087 0.228196 0.301231 0.393534 0.508808 0.651040 0.824405 1.033114 1.281225 1.572421 1.909741 2.295296 2.729972 3.213138 3.742394 4.313356 4.919538 5.552313 6.201002 6.853083 7.494529 8.110268 8.684745 9.202558 9.649140 10.011433 10.278525 10.442194 10.497328 10.442194 10.278525 10.011433 9.649140 9.202558 8.684745 8.110268 7.494529 6.853083 6.201002 5.552313 4.919538 4.313356 3.742394 3.213138 2.729972 2.295296 1.909741 1.572421 1.281225 1.033114 0.824405 0.651040 0.508808 0.393534 0.301231 0.228196 0.171087 0.126948 0.093228 0.067761 0.048745 0.034706 0.024458 0.017059 0.011777 0.008048 0.005444 0.003645 0.002416 0.001585 0.001030 0.000664 0.000425 0.000273 0.000179 0.000125 0.000100 0.000100 
0.000077 0.000077 0.000096 0.000140 0.000216 0.000340 0.000537 0.000841 0.001308 0.002013 0.003067 0.004627 0.006909 0.010213 0.014943 0.021640 0.031020 0.044011 0.061803 0.085899 0.118165 0.160881 0.216786 0.289111 0.381589 0.498451 0.644375 0.824405 1.043815 1.307926 1.621865 1.990282 2.417014 2.904720 3.454514 4.065590 4.734904 5.456912 6.223404 7.023473 7.843617 8.668007 9.478914 10.257291 10.983480 11.638022 12.202509 12.660445 12.998041 13.204911 13.274598 13.204911 12.998041 12.660445 12.202509 11.638022 10.983480 10.257291 9.478914 8.668007 7.843617 7.023473 6.223404 5.456912 4.734904 4.065590 3.454514 2.904720 2.417014 1.990282 1.621865 1.307926 1.043815 0.824405 0.644375 0.498451 0.381589 0.289111 0.216786 0.160881 0.118165 0.085899 0.061803 0.044011 0.031020 0.021640 0.014943 0.010213 0.006909 0.004627 0.003067 0.002013 0.001309 0.000844 0.000541 0.000347 0.000227 0.000159 0.000127 0.000127 
0.000097 0.000097 0.000121 0.000176 0.000272 0.000428 0.000675 0.001058 0.001643 0.002529 0.003853 0.005812 0.008678 0.012825 0.018761 0.027165 0.038933 0.055228 0.077543 0.107759 0.148214 0.201764 0.271838 0.362480 0.478365 0.624786 0.807600 1.033114 1.307926 1.638689 2.031817 2.493119 3.027388 3.637944 4.326168 5.091045 5.928756 6.832356 7.791568 8.792739 9.818976 10.850475 11.865060 12.838905 13.747425 14.566285 15.272465 15.845337 16.267660 16.526445 16.613620 16.526445 16.267660 15.845337 15.272465 14.566285 13.747425 12.838905 11.865060 10.850475 9.818976 8.792739 7.791568 6.832356 5.928756 5.091045 4.326168 3.637944 3.027388 2.493119 2.031817 1.638689 1.307926 1.033114 0.807600 0.624786 0.478365 0.362480 0.271838 0.201764 0.148214 0.107759 0.077543 0.055228 0.038933 0.027165 0.018761 0.012825 0.008678 0.005812 0.003854 0.002530 0.001645 0.001061 0.000680 0.000436 0.000286 0.000200 0.000160 0.000160 
0.000120 0.000120 0.000151 0.000219 0.000338 0.000533 0.000840 0.001316 0.002044 0.003145 0.004791 0.007225 0.010785 0.015936 0.023308 0.033743 0.048353 0.068581 0.096277 0.133773 0.183969 0.250402 0.337323 0.449742 0.593452 0.775008 1.001662 1.281225 1.621865 2.031817 2.519016 3.090650 3.752642 4.509096 5.361709 6.309214 7.346871 8.466069 9.654076 10.893981 12.164863 13.442201 14.698540 15.904388 17.029312 18.043189 18.917531 19.626806 20.149679 20.470076 20.578004 20.470076 20.149679 19.626806 18.917531 18.043189 17.029312 15.904388 14.698540 13.442201 12.164863 10.893981 9.654076 8.466069 7.346871 6.309214 5.361709 4.509096 3.752642 3.090650 2.519016 2.031817 1.621865 1.281225 1.001662 0.775008 0.593452 0.449742 0.337323 0.250402 0.183969 0.133773 0.096277 0.068581 0.048353 0.033743 0.023308 0.015936 0.010785 0.007225 0.004791 0.003146 0.002046 0.001319 0.000846 0.000543 0.000356 0.000248 0.000200 0.000200 
0.000148 0.000148 0.000186 0.000270 0.000417 0.000656 0.001034 0.001620 0.002515 0.003870 0.005894 0.008886 0.013263 0.019594 0.028654 0.041477 0.059425 0.084273 0.118288 0.164335 0.225967 0.307526 0.414224 0.552205 0.728569 0.951354 1.229447 1.572421 1.990282 2.493119 3.090650 3.791672 4.603439 5.530964 6.576316 7.737927 9.009977 10.381901 11.838088 13.357807 14.915417 16.480870 18.020526 19.498250 20.876763 22.119163 23.190553 24.059660 24.700351 25.092939 25.225185 25.092939 24.700351 24.059660 23.190553 22.119163 20.876763 19.498250 18.020526 16.480870 14.915417 13.357807 11.838088 10.381901 9.009977 7.737927 6.576316 5.530964 4.603439 3.791672 3.090650 2.493119 1.990282 1.572421 1.229447 0.951354 0.728569 0.552205 0.414224 0.307526 0.225967 0.164335 0.118288 0.084273 0.059425 0.041477 0.028654 0.019594 0.013263 0.008887 0.005894 0.003871 0.002518 0.001624 0.001041 0.000669 0.000438 0.000306 0.000246 0.000246 
0.000181 0.000181 0.000227 0.000329 0.000508 0.000799 0.001259 0.001972 0.003063 0.004711 0.007174 0.010815 0.016139 0.023839 0.034857 0.050448 0.072269 0.102472 0.143814 0.199770 0.274656 0.373743 0.503355 0.670948 0.885138 1.155675 1.493340 1.909741 2.417014 3.027388 3.752642 4.603439 5.588560 6.714076 7.982478 9.391852 10.935121 12.599461 14.365926 16.209368 18.098683 19.997431 21.864818 23.657031 25.328867 26.835591 28.134894 29.188865 29.965826 30.441908 30.602280 30.441908 29.965826 29.188865 28.134894 26.835591 25.328867 23.657031 21.864818 19.997431 18.098683 16.209368 14.365926 12.599461 10.935121 9.391852 7.982478 6.714076 5.588560 4.603439 3.752642 3.027388 2.417014 1.909741 1.493340 1.155675 0.885138 0.670948 0.503355 0.373743 0.274656 0.199770 0.143814 0.102472 0.072269 0.050448 0.034857 0.023840 0.016139 0.010815 0.007175 0.004713 0.003066 0.001978 0.001269 0.000815 0.000534 0.000373 0.000300 0.000300 
0.000218 0.000218 0.000274 0.000397 0.000612 0.000963 0.001518 0.002377 0.003690 0.005675 0.008641 0.013024 0.019432 0.028700 0.041958 0.060717 0.086967 0.123297 0.173018 0.240308 0.330351 0.449477 0.605285 0.806727 1.064149 1.389259 1.794996 2.295296 2.904720 3.637944 4.509096 5.530964 6.714076 8.065700 9.588814 11.281099 13.134046 15.132247 17.252947 19.465954 21.733931 24.013141 26.254625 28.405805 30.412442 32.220858 33.780289 35.045253 35.977739 36.549116 36.741587 36.549116 35.977739 35.045253 33.780289 32.220858 30.412442 28.405805 26.254625 24.013141 21.733931 19.465954 17.252947 15.132247 13.134046 11.281099 9.588814 8.065700 6.714076 5.530964 4.509096 3.637944 2.904720 2.295296 1.794996 1.389259 1.064149 0.806727 0.605285 0.449477 0.330351 0.240308 0.173018 0.123297 0.086968 0.060717 0.041958 0.028701 0.019433 0.013025 0.008642 0.005677 0.003694 0.002383 0.001529 0.000982 0.000644 0.000450 0.000362 0.000362 
0.000261 0.000261 0.000327 0.000473 0.000730 0.001149 0.001810 0.002834 0.004400 0.006764 0.010298 0.015519 0.023152 0.034189 0.049976 0.072310 0.103559 0.146801 0.205976 0.286049 0.393185 0.534911 0.720257 0.959863 1.266025 1.652651 2.135116 2.729972 3.454514 4.326168 5.361709 6.576316 7.982478 9.588814 11.398840 13.409782 15.611515 17.985716 20.505345 23.134525 25.828901 28.536519 31.199229 33.754588 36.138183 38.286270 40.138573 41.641081 42.748665 43.427327 43.655937 43.427327 42.748665 41.641081 40.138573 38.286270 36.138183 33.754588 31.199229 28.536519 25.828901 23.134525 20.505345 17.985716 15.611515 13.409782 11.398840 9.588814 7.982478 6.576316 5.361709 4.326168 3.454514 2.729972 2.135116 1.652651 1.266025 0.959863 0.720257 0.534911 0.393185 0.286049 0.205976 0.146801 0.103559 0.072310 0.049976 0.034190 0.023153 0.015520 0.010299 0.006767 0.004404 0.002842 0.001823 0.001172 0.000768 0.000537 0.000432 0.000432 
0.000308 0.000308 0.000386 0.000559 0.000862 0.001356 0.002136 0.003343 0.005189 0.007978 0.012143 0.018298 0.027294 0.040300 0.058901 0.085212 0.122022 0.172954 0.242642 0.336932 0.463077 0.629930 0.848114 1.130145 1.490481 1.945478 2.513210 3.213138 4.065590 5.091045 6.309214 7.737927 9.391852 11.281099 13.409782 15.774619 18.363686 21.155422 24.118026 27.209308 30.377122 33.560390 36.690762 39.694843 42.496929 45.022105 47.199533 48.965744 50.267705 51.065463 51.334190 51.065463 50.267705 48.965744 47.199533 45.022105 42.496929 39.694843 36.690762 33.560390 30.377122 27.209308 24.118026 21.155422 18.363686 15.774619 13.409782 11.281099 9.391852 7.737927 6.309214 5.091045 4.065590 3.213138 2.513210 1.945478 1.490481 1.130145 0.848114 0.629930 0.463077 0.336932 0.242642 0.172954 0.122022 0.085212 0.058901 0.040300 0.027294 0.018299 0.012145 0.007981 0.005195 0.003353 0.002151 0.001383 0.000907 0.000634 0.000510 0.000510 
0.000359 0.000359 0.000451 0.000653 0.001006 0.001583 0.002493 0.003903 0.006057 0.009310 0.014168 0.021347 0.031837 0.047003 0.068689 0.099362 0.142269 0.201628 0.282841 0.392711 0.539684 0.734068 0.988229 1.316733 1.736409 2.266289 2.927404 3.742394 4.734904 5.928756 7.346871 9.009977 10.935121 13.134046 15.611515 18.363686 21.376661 24.625339 28.072702 31.669656 35.355525 39.059254 42.701328 46.196374 49.456337 52.394082 54.927221 56.981939 58.496556 59.424611 59.737228 59.424611 58.496556 56.981939 54.927221 52.394082 49.456337 46.196374 42.701328 39.059254 35.355525 31.669656 28.072702 24.625339 21.376661 18.363686 15.611515 13.134046 10.935121 9.009977 7.346871 5.928756 4.734904 3.742394 2.927404 2.266289 1.736409 1.316733 0.988229 0.734068 0.539684 0.392711 0.282841 0.201628 0.142269 0.099362 0.068690 0.047003 0.031838 0.021348 0.014170 0.009313 0.006063 0.003913 0.002512 0.001615 0.001059 0.000740 0.000595 0.000595 
0.000416 0.000416 0.000521 0.000754 0.001163 0.001829 0.002880 0.004507 0.006994 0.010749 0.016357 0.024641 0.036746 0.054244 0.079262 0.114644 0.164132 0.232590 0.326241 0.452926 0.622377 0.846469 1.139447 1.518090 2.001780 2.612435 3.374271 4.313356 5.456912 6.832356 8.466069 10.381901 12.599461 15.132247 17.985716 21.155422 24.625339 28.366544 32.336395 36.478355 40.722559 44.987195 49.180723 53.204861 56.958247 60.340581 63.257034 65.622640 67.366410 68.434868 68.794779 68.434868 67.366410 65.622640 63.257034 60.340581 56.958247 53.204861 49.180723 44.987195 40.722559 36.478355 32.336395 28.366544 24.625339 21.155422 17.985716 15.132247 12.599461 10.381901 8.466069 6.832356 5.456912 4.313356 3.374271 2.612435 2.001780 1.518090 1.139447 0.846469 0.622377 0.452926 0.326241 0.232590 0.164132 0.114644 0.079263 0.054244 0.036747 0.024642 0.016359 0.010753 0.007001 0.004520 0.002901 0.001865 0.001224 0.000855 0.000688 0.000688 
0.000475 0.000475 0.000596 0.000862 0.001329 0.002090 0.003291 0.005150 0.007991 0.012280 0.018684 0.028143 0.041965 0.061941 0.090500 0.130885 0.187366 0.265489 0.372352 0.516897 0.710219 0.965858 1.300053 1.731931 2.283581 2.979984 3.848736 4.919538 6.223404 7.791568 9.654076 11.838088 14.365926 17.252947 20.505345 24.118026 28.072702 32.336395 36.860498 41.580577 46.417017 51.276602 56.055035 60.640347 64.917064 68.770927 72.093913 74.789237 76.776037 77.993399 78.403467 77.993399 76.776037 74.789237 72.093913 68.770927 64.917064 60.640347 56.055035 51.276602 46.417017 41.580577 36.860498 32.336395 28.072702 24.118026 20.505345 17.252947 14.365926 11.838088 9.654076 7.791568 6.223404 4.919538 3.848736 2.979984 2.283581 1.731931 1.300053 0.965858 0.710219 0.516897 0.372352 0.265489 0.187366 0.130885 0.090501 0.061942 0.041966 0.028145 0.018687 0.012284 0.007999 0.005164 0.003315 0.002132 0.001399 0.000978 0.000787 0.000787 
0.000538 0.000538 0.000674 0.000975 0.001503 0.002364 0.003721 0.005823 0.009033 0.013880 0.021117 0.031805 0.047419 0.069985 0.102244 0.147855 0.211640 0.299858 0.420519 0.583714 0.801962 1.090538 1.467764 1.955214 2.577805 3.363709 4.344048 5.552313 7.023473 8.792739 10.893981 13.357807 16.209368 19.465954 23.134525 27.209308 31.669656 36.478355 41.580577 46.903649 52.357789 57.837886 63.226340 68.396910 73.219407 77.565019 81.311964 84.351137 86.591379 87.964024 88.426397 87.964024 86.591379 84.351137 81.311964 77.565019 73.219407 68.396910 63.226340 57.837886 52.357789 46.903649 41.580577 36.478355 31.669656 27.209308 23.134525 19.465954 16.209368 13.357807 10.893981 8.792739 7.023473 5.552313 4.344048 3.363709 2.577805 1.955214 1.467764 1.090538 0.801962 0.583714 0.420519 0.299858 0.211640 0.147855 0.102244 0.069986 0.047420 0.031806 0.021120 0.013885 0.009042 0.005839 0.003749 0.002411 0.001582 0.001106 0.000890 0.000890 
0.000602 0.000602 0.000754 0.001091 0.001682 0.002645 0.004163 0.006513 0.010103 0.015523 0.023614 0.035563 0.053018 0.078241 0.114294 0.165266 0.236543 0.335116 0.469927 0.652248 0.896055 1.218404 1.639747 2.184170 2.879483 3.757132 4.851847 6.201002 7.843617 9.818976 12.164863 14.915417 18.098683 21.733931 25.828901 30.377122 35.355525 40.722559 46.417017 52.357789 58.444678 64.560387 70.573693 76.343738 81.725264 86.574553 90.755736 94.147090 96.646914 98.178604 98.694550 98.178604 96.646914 94.147090 90.755736 86.574553 81.725264 76.343738 70.573693 64.560387 58.444678 52.357789 46.417017 40.722559 35.355525 30.377122 25.828901 21.733931 18.098683 14.915417 12.164863 9.818976 7.843617 6.201002 4.851847 3.757132 2.879483 2.184170 1.639747 1.218404 0.896055 0.652248 0.469927 0.335116 0.236544 0.165267 0.114294 0.078241 0.053019 0.035564 0.023617 0.015529 0.010114 0.006531 0.004194 0.002697 0.001771 0.001238 0.000996 0.000996 
0.000667 0.000667 0.000835 0.001208 0.001863 0.002928 0.004608 0.007208 0.011181 0.017177 0.026127 0.039344 0.058651 0.086547 0.126418 0.182783 0.261595 0.370580 0.519622 0.721174 0.990680 1.346984 1.812680 2.414375 3.182790 4.152654 5.362328 6.853083 8.668007 10.850475 13.442201 16.480870 19.997431 24.013141 28.536519 33.560390 39.059254 44.987195 51.276602 57.837886 64.560387 71.314570 77.955529 84.327725 90.270765 95.625965 100.243307 103.988396 106.748947 108.440380 109.010135 108.440380 106.748947 103.988396 100.243307 95.625965 90.270765 84.327725 77.955529 71.314570 64.560387 57.837886 51.276602 44.987195 39.059254 33.560390 28.536519 24.013141 19.997431 16.480870 13.442201 10.850475 8.668007 6.853083 5.362328 4.152654 3.182790 2.414375 1.812680 1.346984 0.990680 0.721174 0.519622 0.370581 0.261595 0.182783 0.126418 0.086547 0.058652 0.039347 0.026131 0.017183 0.011192 0.007228 0.004642 0.002986 0.001960 0.001371 0.001103 0.001103 
0.000730 0.000730 0.000915 0.001324 0.002040 0.003206 0.005046 0.007893 0.012242 0.018805 0.028603 0.043068 0.064197 0.094725 0.138353 0.200027 0.286254 0.405487 0.568532 0.789006 1.083798 1.473507 1.982837 2.640873 3.481195 4.541765 5.864507 7.494529 9.478914 11.865060 14.698540 18.020526 21.864818 26.254625 31.199229 36.690762 42.701328 49.180723 56.055035 63.226340 70.573693 77.955529 85.213493 92.177613 98.672624 104.525129 109.571207 113.664008 116.680843 118.529300 119.151946 118.529300 116.680843 113.664008 109.571207 104.525129 98.672624 92.177613 85.213493 77.955529 70.573693 63.226340 56.055035 49.180723 42.701328 36.690762 31.199229 26.254625 21.864818 18.020526 14.698540 11.865060 9.478914 7.494529 5.864507 4.541765 3.481195 2.640873 1.982837 1.473507 1.083798 0.789006 0.568532 0.405487 0.286255 0.200027 0.138353 0.094725 0.064198 0.043071 0.028607 0.018812 0.012254 0.007915 0.005083 0.003270 0.002147 0.001502 0.001208 0.001208 
