0.000000 0.000000 0.000000 0.000000 0.000000 0.000000 0.000000 0.000000 0.000000 0.000000 0.000001 0.000001 0.000001 0.000002 0.000003 0.000004 0.000006 0.000009 0.000012 0.000017 0.000023 0.000030 0.000040 0.000053 0.000069 0.000090 0.000115 0.000145 0.000182 0.000226 0.000277 0.000337 0.000406 0.000484 0.000571 0.000667 0.000772 0.000884 0.001002 0.001125 0.001251 0.001376 0.001499 0.001616 0.001725 0.001824 0.001908 0.001976 0.002027 0.002058 0.002068 0.002058 0.002027 0.001976 0.001908 0.001824 0.001725 0.001616 0.001499 0.001376 0.001251 0.001125 0.001002 0.000884 0.000772 0.000667 0.000571 0.000484 0.000406 0.000337 0.000277 0.000226 0.000182 0.000145 0.000115 0.000090 0.000069 0.000053 0.000040 0.000030 0.000023 0.000017 0.000012 0.000009 0.000006 0.000004 0.000003 0.000002 0.000001 0.000001 0.000001 0.000000 0.000000 0.000000 0.000000 0.000000 0.000000 0.000000 0.000000 0.000000 
0.000000 0.000000 0.000000 0.000000 0.000000 0.000000 0.000000 0.000000 0.000000 0.000000 0.000001 0.000001 0.000001 0.000002 0.000003 0.000004 0.000006 0.000009 0.000012 0.000017 0.000023 0.000030 0.000040 0.000053 0.000069 0.000090 0.000115 0.000145 0.000182 0.000226 0.000277 0.000337 0.000406 0.000484 0.000571 0.000667 0.000772 0.000884 0.001002 0.001125 0.001251 0.001376 0.001499 0.001616 0.001725 0.001824 0.001908 0.001976 0.002027 0.002058 0.002068 0.002058 0.002027 0.001976 0.001908 0.001824 0.001725 0.001616 0.001499 0.001376 0.001251 0.001125 0.001002 0.000884 0.000772 0.000667 0.000571 0.000484 0.000406 0.000337 0.000277 0.000226 0.000182 0.000145 0.000115 0.000090 0.000069 0.000053 0.000040 0.000030 0.000023 0.000017 0.000012 0.000009 0.000006 0.000004 0.000003 0.000002 0.000001 0.000001 0.000001 0.000000 0.000000 0.000000 0.000000 0.000000 0.000000 0.000000 0.000000 0.000000 
0.000000 0.000000 0.000000 0.000000 0.000000 0.000000 0.000000 0.000000 0.000000 0.000001 0.000001 0.000001 0.000002 0.000003 0.000004 0.000005 0.000008 0.000011 0.000015 0.000020 0.000028 0.000037 0.000050 0.000065 0.000085 0.000110 0.000140 0.000178 0.000223 0.000276 0.000339 0.000413 0.000497 0.000592 0.000699 0.000816 0.000944 0.001082 0.001226 0.001376 0.001530 0.001683 0.001833 0.001976 0.002110 0.002230 0.002333 0.002417 0.002478 0.002516 0.002528 0.002516 0.002478 0.002417 0.002333 0.002230 0.002110 0.001976 0.001833 0.001683 0.001530 0.001376 0.001226 0.001082 0.000944 0.000816 0.000699 0.000592 0.000497 0.000413 0.000339 0.000276 0.000223 0.000178 0.000140 0.000110 0.000085 0.000065 0.000050 0.000037 0.000028 0.000020 0.000015 0.000011 0.000008 0.000005 0.000004 0.000003 0.000002 0.000001 0.000001 0.000001 0.000000 0.000000 0.000000 0.000000 0.000000 0.000000 0.000000 0.000000 
0.000000 0.000000 0.000000 0.000000 0.000000 0.000000 0.000000 0.000000 0.000001 0.000001 0.000001 0.000002 0.000003 0.000004 0.000005 0.000008 0.000011 0.000015 0.000021 0.000029 0.000039 0.000052 0.000070 0.000092 0.000119 0.000154 0.000197 0.000249 0.000312 0.000387 0.000475 0.000578 0.000695 0.000829 0.000978 0.001142 0.001321 0.001513 0.001715 0.001925 0.002139 0.002353 0.002562 0.002763 0.002949 0.003117 0.003261 0.003377 0.003463 0.003516 0.003534 0.003516 0.003463 0.003377 0.003261 0.003117 0.002949 0.002763 0.002562 0.002353 0.002139 0.001925 0.001715 0.001513 0.001321 0.001142 0.000978 0.000829 0.000695 0.000578 0.000475 0.000387 0.000312 0.000249 0.000197 0.000154 0.000119 0.000092 0.000070 0.000052 0.000039 0.000029 0.000021 0.000015 0.000011 0.000008 0.000005 0.000004 0.000003 0.000002 0.000001 0.000001 0.000001 0.000000 0.000000 0.000000 0.000000 0.000000 0.000000 0.000000 
0.000000 0.000000 0.000000 0.000000 0.000000 0.000000 0.000000 0.000001 0.000001 0.000001 0.000002 0.000003 0.000004 0.000006 0.000008 0.000012 0.000016 0.000023 0.000031 0.000043 0.000058 0.000078 0.000104 0.000137 0.000178 0.000230 0.000294 0.000372 0.000466 0.000578 0.000709 0.000862 0.001037 0.001236 0.001458 0.001703 0.001970 0.002255 0.002556 0.002868 0.003187 0.003506 0.003818 0.004116 0.004393 0.004642 0.004857 0.005030 0.005158 0.005236 0.005263 0.005236 0.005158 0.005030 0.004857 0.004642 0.004393 0.004116 0.003818 0.003506 0.003187 0.002868 0.002556 0.002255 0.001970 0.001703 0.001458 0.001236 0.001037 0.000862 0.000709 0.000578 0.000466 0.000372 0.000294 0.000230 0.000178 0.000137 0.000104 0.000078 0.000058 0.000043 0.000031 0.000023 0.000016 0.000012 0.000008 0.000006 0.000004 0.000003 0.000002 0.000001 0.000001 0.000001 0.000000 0.000000 0.000000 0.000000 0.000000 0.000000 
0.000000 0.000000 0.000000 0.000000 0.000000 0.000000 0.000001 0.000001 0.000001 0.000002 0.000003 0.000004 0.000006 0.000009 0.000012 0.000018 0.000025 0.000035 0.000048 0.000066 0.000089 0.000120 0.000159 0.000209 0.000273 0.000352 0.000449 0.000568 0.000711 0.000882 0.001082 0.001315 0.001582 0.001885 0.002224 0.002597 0.003003 0.003437 0.003896 0.004371 0.004856 0.005341 0.005816 0.006270 0.006692 0.007071 0.007397 0.007661 0.007856 0.007975 0.008015 0.007975 0.007856 0.007661 0.007397 0.007071 0.006692 0.006270 0.005816 0.005341 0.004856 0.004371 0.003896 0.003437 0.003003 0.002597 0.002224 0.001885 0.001582 0.001315 0.001082 0.000882 0.000711 0.000568 0.000449 0.000352 0.000273 0.000209 0.000159 0.000120 0.000089 0.000066 0.000048 0.000035 0.000025 0.000018 0.000012 0.000009 0.000006 0.000004 0.000003 0.000002 0.000001 0.000001 0.000001 0.000000 0.000000 0.000000 0.000000 0.000000 
0.000000 0.000000 0.000000 0.000000 0.000000 0.000001 0.000001 0.000001 0.000002 0.000003 0.000004 0.000006 0.000009 0.000013 0.000019 0.000027 0.000038 0.000053 0.000074 0.000101 0.000137 0.000184 0.000244 0.000321 0.000418 0.000539 0.000688 0.000870 0.001089 0.001350 0.001656 0.002013 0.002422 0.002884 0.003402 0.003972 0.004592 0.005256 0.005957 0.006683 0.007424 0.008164 0.008890 0.009583 0.010227 0.010806 0.011305 0.011708 0.012005 0.012187 0.012248 0.012187 0.012005 0.011708 0.011305 0.010806 0.010227 0.009583 0.008890 0.008164 0.007424 0.006683 0.005957 0.005256 0.004592 0.003972 0.003402 0.002884 0.002422 0.002013 0.001656 0.001350 0.001089 0.000870 0.000688 0.000539 0.000418 0.000321 0.000244 0.000184 0.000137 0.000101 0.000074 0.000053 0.000038 0.000027 0.000019 0.000013 0.000009 0.000006 0.000004 0.000003 0.000002 0.000001 0.000001 0.000001 0.000000 0.000000 0.000000 0.000000 
0.000000 0.000000 0.000000 0.000000 0.000001 0.000001 0.000001 0.000002 0.000003 0.000004 0.000006 0.000010 0.000014 0.000020 0.000029 0.000042 0.000059 0.000082 0.000113 0.000154 0.000209 0.000280 0.000372 0.000490 0.000637 0.000822 0.001049 0.001326 0.001660 0.002057 0.002524 0.003067 0.003689 0.004393 0.005181 0.006049 0.006992 0.008002 0.009067 0.010172 0.011298 0.012425 0.013527 0.014581 0.015561 0.016441 0.017199 0.017812 0.018263 0.018539 0.018632 0.018539 0.018263 0.017812 0.017199 0.016441 0.015561 0.014581 0.013527 0.012425 0.011298 0.010172 0.009067 0.008002 0.006992 0.006049 0.005181 0.004393 0.003689 0.003067 0.002524 0.002057 0.001660 0.001326 0.001049 0.000822 0.000637 0.000490 0.000372 0.000280 0.000209 0.000154 0.000113 0.000082 0.000059 0.000042 0.000029 0.000020 0.000014 0.000010 0.000006 0.000004 0.000003 0.000002 0.000001 0.000001 0.000001 0.000000 0.000000 0.000000 
0.000000 0.000000 0.000000 0.000001 0.000001 0.000001 0.000002 0.000003 0.000004 0.000007 0.000010 0.000015 0.000021 0.000031 0.000044 0.000063 0.000089 0.000124 0.000171 0.000234 0.000317 0.000425 0.000564 0.000741 0.000965 0.001244 0.001588 0.002007 0.002511 0.003111 0.003817 0.004637 0.005577 0.006641 0.007830 0.009141 0.010565 0.012090 0.013698 0.015366 0.017065 0.018765 0.020429 0.022019 0.023498 0.024826 0.025969 0.026893 0.027574 0.027991 0.028131 0.027991 0.027574 0.026893 0.025969 0.024826 0.023498 0.022019 0.020429 0.018765 0.017065 0.015366 0.013698 0.012090 0.010565 0.009141 0.007830 0.006641 0.005577 0.004637 0.003817 0.003111 0.002511 0.002007 0.001588 0.001244 0.000965 0.000741 0.000564 0.000425 0.000317 0.000234 0.000171 0.000124 0.000089 0.000063 0.000044 0.000031 0.000021 0.000015 0.000010 0.000007 0.000004 0.000003 0.000002 0.000001 0.000001 0.000001 0.000000 0.000000 
0.000000 0.000000 0.000001 0.000001 0.000001 0.000002 0.000003 0.000004 0.000007 0.000010 0.000015 0.000022 0.000032 0.000046 0.000067 0.000095 0.000133 0.000186 0.000257 0.000351 0.000476 0.000638 0.000846 0.001113 0.001448 0.001866 0.002382 0.003009 0.003765 0.004665 0.005722 0.006949 0.008357 0.009950 0.011730 0.013692 0.015824 0.018106 0.020512 0.023007 0.025550 0.028093 0.030582 0.032961 0.035172 0.037159 0.038868 0.040251 0.041269 0.041892 0.042102 0.041892 0.041269 0.040251 0.038868 0.037159 0.035172 0.032961 0.030582 0.028093 0.025550 0.023007 0.020512 0.018106 0.015824 0.013692 0.011730 0.009950 0.008357 0.006949 0.005722 0.004665 0.003765 0.003009 0.002382 0.001866 0.001448 0.001113 0.000846 0.000638 0.000476 0.000351 0.000257 0.000186 0.000133 0.000095 0.000067 0.000046 0.000032 0.000022 0.000015 0.000010 0.000007 0.000004 0.000003 0.000002 0.000001 0.000001 0.000001 0.000001 
0.000001 0.000001 0.000001 0.000001 0.000002 0.000003 0.000004 0.000006 0.000010 0.000015 0.000022 0.000033 0.000048 0.000069 0.000099 0.000141 0.000199 0.000277 0.000383 0.000523 0.000708 0.000948 0.001259 0.001654 0.002153 0.002774 0.003539 0.004472 0.005594 0.006929 0.008498 0.010319 0.012408 0.014771 0.017411 0.020321 0.023482 0.026866 0.030433 0.034132 0.037902 0.041671 0.045360 0.048886 0.052162 0.055106 0.057638 0.059688 0.061197 0.062120 0.062431 0.062120 0.061197 0.059688 0.057638 0.055106 0.052162 0.048886 0.045360 0.041671 0.037902 0.034132 0.030433 0.026866 0.023482 0.020321 0.017411 0.014771 0.012408 0.010319 0.008498 0.006929 0.005594 0.004472 0.003539 0.002774 0.002153 0.001654 0.001259 0.000948 0.000708 0.000523 0.000383 0.000277 0.000199 0.000141 0.000099 0.000069 0.000048 0.000033 0.000022 0.000015 0.000010 0.000006 0.000004 0.000003 0.000002 0.000001 0.000001 0.000001 
0.000001 0.000001 0.000001 0.000002 0.000003 0.000004 0.000006 0.000010 0.000015 0.000022 0.000033 0.000048 0.000071 0.000102 0.000147 0.000208 0.000293 0.000409 0.000564 0.000771 0.001043 0.001398 0.001854 0.002437 0.003170 0.004084 0.005210 0.006581 0.008232 0.010194 0.012501 0.015178 0.018248 0.021721 0.025601 0.029875 0.034518 0.039488 0.044728 0.050160 0.055696 0.061230 0.066646 0.071822 0.076633 0.080955 0.084672 0.087680 0.089895 0.091250 0.091706 0.091250 0.089895 0.087680 0.084672 0.080955 0.076633 0.071822 0.066646 0.061230 0.055696 0.050160 0.044728 0.039488 0.034518 0.029875 0.025601 0.021721 0.018248 0.015178 0.012501 0.010194 0.008232 0.006581 0.005210 0.004084 0.003170 0.002437 0.001854 0.001398 0.001043 0.000771 0.000564 0.000409 0.000293 0.000208 0.000147 0.000102 0.000071 0.000048 0.000033 0.000022 0.000015 0.000010 0.000006 0.000004 0.000003 0.000002 0.000002 0.000002 
0.000001 0.000001 0.000002 0.000003 0.000004 0.000006 0.000009 0.000014 0.000021 0.000032 0.000048 0.000071 0.000103 0.000149 0.000214 0.000305 0.000429 0.000597 0.000824 0.001125 0.001522 0.002040 0.002706 0.003555 0.004624 0.005956 0.007597 0.009594 0.011998 0.014857 0.018216 0.022114 0.026582 0.031638 0.037284 0.043503 0.050260 0.057491 0.065113 0.073016 0.081068 0.089116 0.096993 0.104521 0.111516 0.117801 0.123205 0.127580 0.130800 0.132770 0.133434 0.132770 0.130800 0.127580 0.123205 0.117801 0.111516 0.104521 0.096993 0.089116 0.081068 0.073016 0.065113 0.057491 0.050260 0.043503 0.037284 0.031638 0.026582 0.022114 0.018216 0.014857 0.011998 0.009594 0.007597 0.005956 0.004624 0.003555 0.002706 0.002040 0.001522 0.001125 0.000824 0.000597 0.000429 0.000305 0.000214 0.000149 0.000103 0.000071 0.000048 0.000032 0.000021 0.000014 0.000009 0.000006 0.000004 0.000003 0.000002 0.000002 
0.000002 0.000002 0.000003 0.000004 0.000006 0.000009 0.000013 0.000020 0.000031 0.000046 0.000069 0.000102 0.000149 0.000216 0.000310 0.000441 0.000620 0.000864 0.001191 0.001627 0.002201 0.002948 0.003910 0.005136 0.006680 0.008603 0.010971 0.013853 0.017321 0.021444 0.026289 0.031910 0.038353 0.045642 0.053781 0.062746 0.072483 0.082904 0.093887 0.105274 0.116874 0.128469 0.139816 0.150659 0.160735 0.169786 0.177570 0.183871 0.188508 0.191346 0.192302 0.191346 0.188508 0.183871 0.177570 0.169786 0.160735 0.150659 0.139816 0.128469 0.116874 0.105274 0.093887 0.082904 0.072483 0.062746 0.053781 0.045642 0.038353 0.031910 0.026289 0.021444 0.017321 0.013853 0.010971 0.008603 0.006680 0.005136 0.003910 0.002948 0.002201 0.001627 0.001191 0.000864 0.000620 0.000441 0.000310 0.000216 0.000149 0.000102 0.000069 0.000046 0.000031 0.000020 0.000013 0.000009 0.000006 0.000004 0.000004 0.000004 
0.000003 0.000003 0.000004 0.000005 0.000008 0.000012 0.000019 0.000029 0.000044 0.000067 0.000099 0.000147 0.000214 0.000310 0.000445 0.000632 0.000889 0.001238 0.001707 0.002330 0.003152 0.004221 0.005597 0.007350 0.009557 0.012306 0.015691 0.019810 0.024766 0.030657 0.037577 0.045606 0.054807 0.065215 0.076836 0.089635 0.103535 0.118409 0.134084 0.150334 0.166887 0.183432 0.199622 0.215092 0.229468 0.242380 0.253484 0.262472 0.269087 0.273135 0.274498 0.273135 0.269087 0.262472 0.253484 0.242380 0.229468 0.215092 0.199622 0.183432 0.166887 0.150334 0.134084 0.118409 0.103535 0.089635 0.076836 0.065215 0.054807 0.045606 0.037577 0.030657 0.024766 0.019810 0.015691 0.012306 0.009557 0.007350 0.005597 0.004221 0.003152 0.002330 0.001707 0.001238 0.000889 0.000632 0.000445 0.000310 0.000214 0.000147 0.000099 0.000067 0.000044 0.000029 0.000019 0.000013 0.000009 0.000006 0.000005 0.000005 
0.000004 0.000004 0.000005 0.000008 0.000012 0.000018 0.000027 0.000042 0.000063 0.000095 0.000141 0.000208 0.000305 0.000441 0.000632 0.000897 0.001261 0.001756 0.002421 0.003305 0.004469 0.005984 0.007934 0.010416 0.013543 0.017435 0.022226 0.028057 0.035070 0.043407 0.053198 0.064557 0.077571 0.092291 0.108724 0.126822 0.146474 0.167502 0.189660 0.212629 0.236025 0.259407 0.282287 0.304149 0.324462 0.342707 0.358397 0.371096 0.380441 0.386161 0.388087 0.386161 0.380441 0.371096 0.358397 0.342707 0.324462 0.304149 0.282287 0.259407 0.236025 0.212629 0.189660 0.167502 0.146474 0.126822 0.108724 0.092291 0.077571 0.064557 0.053198 0.043407 0.035070 0.028057 0.022226 0.017435 0.013543 0.010416 0.007934 0.005984 0.004469 0.003305 0.002421 0.001756 0.001261 0.000897 0.000632 0.000441 0.000305 0.000208 0.000141 0.000095 0.000063 0.000042 0.000027 0.000018 0.000012 0.000009 0.000007 0.000007 
0.000006 0.000006 0.000008 0.000011 0.000016 0.000025 0.000038 0.000059 0.000089 0.000133 0.000199 0.000293 0.000429 0.000620 0.000889 0.001261 0.001773 0.002468 0.003401 0.004643 0.006276 0.008402 0.011138 0.014620 0.019005 0.024463 0.031181 0.039355 0.049186 0.060869 0.074589 0.090504 0.108735 0.129355 0.152372 0.177717 0.205236 0.234680 0.265703 0.297859 0.330610 0.363340 0.395365 0.425963 0.454392 0.479927 0.501885 0.519656 0.532734 0.540738 0.543433 0.540738 0.532734 0.519656 0.501885 0.479927 0.454392 0.425963 0.395365 0.363340 0.330610 0.297859 0.265703 0.234680 0.205236 0.177717 0.152372 0.129355 0.108735 0.090504 0.074589 0.060869 0.049186 0.039355 0.031181 0.024463 0.019005 0.014620 0.011138 0.008402 0.006276 0.004643 0.003401 0.002468 0.001773 0.001261 0.000889 0.000620 0.000429 0.000293 0.000199 0.000134 0.000089 0.000059 0.000039 0.000026 0.000017 0.000012 0.000010 0.000010 
0.000009 0.000009 0.000011 0.000015 0.000023 0.000035 0.000053 0.000082 0.000124 0.000186 0.000277 0.000409 0.000597 0.000864 0.001238 0.001756 0.002468 0.003434 0.004732 0.006459 0.008729 0.011683 0.015485 0.020323 0.026414 0.033995 0.043323 0.054672 0.068319 0.084536 0.103576 0.125661 0.150957 0.179564 0.211492 0.246647 0.284813 0.325647 0.368665 0.413252 0.458661 0.504037 0.548435 0.590851 0.630259 0.665654 0.696088 0.720720 0.738847 0.749941 0.753676 0.749941 0.738847 0.720720 0.696088 0.665654 0.630259 0.590851 0.548435 0.504037 0.458661 0.413252 0.368665 0.325647 0.284813 0.246647 0.211492 0.179564 0.150957 0.125661 0.103576 0.084536 0.068319 0.054672 0.043323 0.033995 0.026414 0.020323 0.015485 0.011683 0.008729 0.006459 0.004732 0.003434 0.002468 0.001756 0.001238 0.000864 0.000597 0.000409 0.000277 0.000186 0.000124 0.000082 0.000054 0.000036 0.000024 0.000017 0.000014 0.000014 
0.000012 0.000012 0.000015 0.000021 0.000031 0.000048 0.000074 0.000113 0.000171 0.000257 0.000383 0.000564 0.000824 0.001191 0.001707 0.002421 0.003401 0.004732 0.006521 0.008898 0.012023 0.016089 0.021321 0.027978 0.036357 0.046784 0.059613 0.075219 0.093981 0.116274 0.142445 0.172796 0.207558 0.246865 0.290730 0.339024 0.391450 0.447535 0.506616 0.567847 0.630203 0.692510 0.753469 0.811705 0.865809 0.914401 0.956182 0.989997 1.014880 1.030110 1.035237 1.030110 1.014880 0.989997 0.956182 0.914401 0.865809 0.811705 0.753469 0.692510 0.630203 0.567847 0.506616 0.447535 0.391450 0.339024 0.290730 0.246865 0.207558 0.172796 0.142445 0.116274 0.093981 0.075219 0.059613 0.046784 0.036357 0.027978 0.021321 0.016089 0.012023 0.008898 0.006521 0.004732 0.003401 0.002421 0.001707 0.001191 0.000824 0.000564 0.000383 0.000257 0.000171 0.000113 0.000074 0.000049 0.000033 0.000024 0.000020 0.000020 
0.000017 0.000017 0.000020 0.000029 0.000043 0.000066 0.000101 0.000154 0.000234 0.000351 0.000523 0.000771 0.001125 0.001627 0.002330 0.003305 0.004643 0.006459 0.008898 0.012139 0.016400 0.021942 0.029072 0.038144 0.049559 0.063763 0.081236 0.102488 0.128035 0.158386 0.194013 0.235324 0.282634 0.336123 0.395810 0.461516 0.532839 0.609133 0.689496 0.772777 0.857583 0.942317 1.025215 1.104404 1.177973 1.244044 1.300853 1.346827 1.380659 1.401366 1.408337 1.401366 1.380659 1.346827 1.300853 1.244044 1.177973 1.104404 1.025215 0.942317 0.857583 0.772777 0.689496 0.609133 0.532839 0.461516 0.395810 0.336123 0.282634 0.235324 0.194013 0.158386 0.128035 0.102488 0.081236 0.063763 0.049559 0.038144 0.029072 0.021942 0.016400 0.012139 0.008898 0.006459 0.004643 0.003305 0.002331 0.001627 0.001125 0.000771 0.000523 0.000351 0.000234 0.000155 0.000102 0.000067 0.000045 0.000033 0.000027 0.000027 
0.000023 0.000023 0.000028 0.000039 0.000058 0.000089 0.000137 0.000209 0.000317 0.000476 0.000708 0.001043 0.001522 0.002201 0.003152 0.004469 0.006276 0.008729 0.012023 0.016400 0.022154 0.029635 0.039258 0.051500 0.066902 0.086064 0.109634 0.138295 0.172746 0.213669 0.261700 0.317389 0.381156 0.453245 0.533679 0.622217 0.718315 0.821101 0.929363 1.041547 1.155779 1.269907 1.381556 1.488205 1.587281 1.676256 1.752756 1.814666 1.860223 1.888105 1.897492 1.888105 1.860223 1.814666 1.752756 1.676256 1.587281 1.488205 1.381556 1.269907 1.155779 1.041547 0.929363 0.821101 0.718315 0.622217 0.533679 0.453245 0.381156 0.317389 0.261700 0.213669 0.172746 0.138295 0.109634 0.086064 0.066902 0.051500 0.039258 0.029635 0.022154 0.016400 0.012023 0.008729 0.006276 0.004469 0.003152 0.002201 0.001523 0.001043 0.000708 0.000476 0.000317 0.000210 0.000138 0.000091 0.000062 0.000044 0.000036 0.000036 
0.000030 0.000030 0.000037 0.000052 0.000078 0.000120 0.000184 0.000280 0.000425 0.000638 0.000948 0.001398 0.002040 0.002948 0.004221 0.005984 0.008402 0.011683 0.016089 0.021942 0.029635 0.039637 0.052499 0.068860 0.089440 0.115040 0.146526 0.184809 0.230817 0.285463 0.349593 0.423939 0.509061 0.605283 0.712633 0.830787 0.959020 1.096167 1.240610 1.390275 1.542664 1.694905 1.843832 1.986084 2.118228 2.236897 2.338925 2.421492 2.482248 2.519433 2.531951 2.519433 2.482248 2.421492 2.338925 2.236897 2.118228 1.986084 1.843832 1.694905 1.542664 1.390275 1.240610 1.096167 0.959020 0.830787 0.712633 0.605283 0.509061 0.423939 0.349593 0.285463 0.230817 0.184809 0.146526 0.115040 0.089440 0.068860 0.052499 0.039637 0.029635 0.021942 0.016089 0.011683 0.008402 0.005984 0.004221 0.002948 0.002040 0.001398 0.000949 0.000638 0.000425 0.000281 0.000185 0.000122 0.000083 0.000060 0.000049 0.000049 
0.000040 0.000040 0.000050 0.000070 0.000104 0.000159 0.000244 0.000372 0.000564 0.000846 0.001259 0.001854 0.002706 0.003910 0.005597 0.007934 0.011138 0.015485 0.021321 0.029072 0.039258 0.052499 0.069525 0.091178 0.118411 0.152283 0.193937 0.244576 0.305426 0.377692 0.462490 0.560788 0.673320 0.800514 0.942406 1.098565 1.268031 1.449264 1.640124 1.837872 2.039207 2.240336 2.437077 2.624991 2.799548 2.956299 3.091064 3.200121 3.280370 3.329484 3.346018 3.329484 3.280370 3.200121 3.091064 2.956299 2.799548 2.624991 2.437077 2.240336 2.039207 1.837872 1.640124 1.449264 1.268031 1.098565 0.942406 0.800514 0.673320 0.560788 0.462490 0.377692 0.305426 0.244576 0.193937 0.152283 0.118411 0.091178 0.069525 0.052499 0.039258 0.029072 0.021321 0.015485 0.011138 0.007934 0.005597 0.003911 0.002706 0.001855 0.001259 0.000847 0.000565 0.000374 0.000246 0.000163 0.000110 0.000079 0.000065 0.000065 
0.000053 0.000053 0.000065 0.000092 0.000137 0.000209 0.000321 0.000490 0.000741 0.001113 0.001654 0.002437 0.003555 0.005136 0.007350 0.010416 0.014620 0.020323 0.027978 0.038144 0.051500 0.068860 0.091178 0.119557 0.155246 0.199629 0.254200 0.320535 0.400238 0.494882 0.605927 0.734635 0.881969 1.048483 1.234222 1.438619 1.660417 1.897598 2.147362 2.406124 2.669564 2.932721 3.190124 3.435969 3.664330 3.869390 4.045686 4.188347 4.293321 4.357566 4.379195 4.357566 4.293321 4.188347 4.045686 3.869390 3.664330 3.435969 3.190124 2.932721 2.669564 2.406124 2.147362 1.897598 1.660417 1.438619 1.234222 1.048483 0.881969 0.734635 0.605927 0.494882 0.400238 0.320535 0.254200 0.199629 0.155246 0.119557 0.091178 0.068860 0.051500 0.038144 0.027978 0.020323 0.014620 0.010416 0.007350 0.005136 0.003555 0.002437 0.001655 0.001113 0.000742 0.000491 0.000324 0.000214 0.000145 0.000104 0.000086 0.000086 
0.000069 0.000069 0.000085 0.000119 0.000178 0.000273 0.000418 0.000637 0.000965 0.001448 0.002153 0.003170 0.004624 0.006680 0.009557 0.013543 0.019005 0.026414 0.036357 0.049559 0.066902 0.089440 0.118411 0.155246 0.201563 0.259153 0.329956 0.416011 0.519397 0.642149 0.786158 0.953058 1.144091 1.359974 1.600761 1.865716 2.153205 2.460612 2.784306 3.119640 3.461020 3.802014 4.135538 4.454073 4.749945 5.015619 5.244020 5.428842 5.564838 5.648067 5.676086 5.648067 5.564838 5.428842 5.244020 5.015619 4.749945 4.454073 4.135538 3.802014 3.461020 3.119640 2.784306 2.460612 2.153205 1.865716 1.600761 1.359974 1.144091 0.953058 0.786158 0.642149 0.519397 0.416011 0.329956 0.259153 0.201563 0.155246 0.118411 0.089440 0.066902 0.049559 0.036357 0.026414 0.019005 0.013543 0.009557 0.006680 0.004624 0.003171 0.002153 0.001449 0.000966 0.000640 0.000422 0.000279 0.000189 0.000136 0.000112 0.000112 
0.000090 0.000090 0.000110 0.000154 0.000230 0.000352 0.000539 0.000822 0.001244 0.001866 0.002774 0.004084 0.005956 0.008603 0.012306 0.017435 0.024463 0.033995 0.046784 0.063763 0.086064 0.115040 0.152283 0.199629 0.259153 0.333158 0.424130 0.534685 0.667491 0.825157 1.010109 1.224438 1.469737 1.746919 2.056053 2.396188 2.765223 3.159801 3.575257 4.005630 4.443737 4.881329 5.309315 5.718052 6.097695 6.438580 6.731633 6.968767 7.143253 7.250037 7.285986 7.250037 7.143253 6.968767 6.731633 6.438580 6.097695 5.718052 5.309315 4.881329 4.443737 4.005630 3.575257 3.159801 2.765223 2.396188 2.056053 1.746919 1.469737 1.224438 1.010109 0.825157 0.667491 0.534685 0.424130 0.333158 0.259153 0.199629 0.152283 0.115040 0.086064 0.063763 0.046784 0.033995 0.024463 0.017435 0.012306 0.008603 0.005956 0.004085 0.002775 0.001867 0.001246 0.000825 0.000544 0.000360 0.000244 0.000176 0.000144 0.000144 
0.000115 0.000115 0.000140 0.000197 0.000294 0.000449 0.000688 0.001049 0.001588 0.002382 0.003539 0.005210 0.007597 0.010971 0.015691 0.022226 0.031181 0.043323 0.059613 0.081236 0.109634 0.146526 0.193937 0.254200 0.329956 0.424130 0.539881 0.680535 0.849479 1.050027 1.285260 1.557831 1.869759 2.222204 2.615243 3.047667 3.516799 4.018370 4.546449 5.093457 5.650268 6.206399 6.750298 7.269716 7.752145 8.185312 8.557689 8.859005 9.080714 9.216397 9.262074 9.216397 9.080714 8.859005 8.557689 8.185312 7.752145 7.269716 6.750298 6.206399 5.650268 5.093457 4.546449 4.018370 3.516799 3.047667 2.615243 2.222204 1.869759 1.557831 1.285260 1.050027 0.849479 0.680535 0.539881 0.424130 0.329956 0.254200 0.193937 0.146526 0.109634 0.081236 0.059613 0.043323 0.031181 0.022226 0.015691 0.010971 0.007597 0.005211 0.003540 0.002383 0.001590 0.001053 0.000694 0.000460 0.000311 0.000224 0.000185 0.000185 
0.000145 0.000145 0.000178 0.000249 0.000372 0.000568 0.000870 0.001326 0.002007 0.003009 0.004472 0.006581 0.009594 0.013853 0.019810 0.028057 0.039355 0.054672 0.075219 0.102488 0.138295 0.184809 0.244576 0.320535 0.416011 0.534685 0.680535 0.857744 1.070574 1.323193 1.619474 1.962754 2.355567 2.799367 3.294247 3.838677 4.429286 5.060693 5.725432 6.413961 7.114795 7.814742 8.499267 9.152958 9.760079 10.305191 10.773792 11.152963 11.431954 11.602692 11.660170 11.602692 11.431954 11.152963 10.773792 10.305191 9.760079 9.152958 8.499267 7.814742 7.114795 6.413961 5.725432 5.060693 4.429286 3.838677 3.294247 2.799367 2.355567 1.962754 1.619474 1.323193 1.070574 0.857744 0.680535 0.534685 0.416011 0.320535 0.244576 0.184809 0.138295 0.102488 0.075219 0.054672 0.039355 0.028057 0.019810 0.013853 0.009595 0.006582 0.004473 0.003011 0.002010 0.001331 0.000878 0.000581 0.000394 0.000284 0.000234 0.000234 
0.000182 0.000182 0.000223 0.000312 0.000466 0.000711 0.001089 0.001660 0.002511 0.003765 0.005594 0.008232 0.011998 0.017321 0.024766 0.035070 0.049186 0.068319 0.093981 0.128035 0.172746 0.230817 0.305426 0.400238 0.519397 0.667491 0.849479 1.070574 1.336084 1.651204 2.020755 2.448891 2.938765 3.492183 4.109252 4.788060 5.524396 6.311551 7.140214 7.998490 8.872063 9.744493 10.597669 11.412386 12.169039 12.848392 13.432380 13.904909 14.252588 14.465359 14.536987 14.465359 14.252588 13.904909 13.432380 12.848392 12.169039 11.412386 10.597669 9.744493 8.872063 7.998490 7.140214 6.311551 5.524396 4.788060 4.109252 3.492183 2.938765 2.448891 2.020755 1.651204 1.336084 1.070574 0.849479 0.667491 0.519397 0.400238 0.305426 0.230817 0.172746 0.128035 0.093981 0.068319 0.049186 0.035070 0.024766 0.017321 0.011999 0.008232 0.005595 0.003768 0.002515 0.001666 0.001099 0.000728 0.000493 0.000356 0.000293 0.000293 
0.000226 0.000226 0.000276 0.000387 0.000578 0.000882 0.001350 0.002057 0.003111 0.004665 0.006929 0.010194 0.014857 0.021444 0.030657 0.043407 0.060869 0.084536 0.116274 0.158386 0.213669 0.285463 0.377692 0.494882 0.642149 0.825157 1.050027 1.323193 1.651204 2.040467 2.496930 3.025713 3.630701 4.314114 5.076078 5.914222 6.823344 7.795153 8.818153 9.877660 10.956002 12.032889 13.085971 14.091549 15.025435 15.863895 16.584640 17.167815 17.596899 17.859488 17.947886 17.859488 17.596899 17.167815 16.584640 15.863895 15.025435 14.091549 13.085971 12.032889 10.956002 9.877660 8.818153 7.795153 6.823344 5.914222 5.076078 4.314114 3.630701 3.025713 2.496930 2.040467 1.651204 1.323193 1.050027 0.825157 0.642149 0.494882 0.377692 0.285463 0.213669 0.158386 0.116274 0.084536 0.060869 0.043407 0.030657 0.021445 0.014857 0.010195 0.006930 0.004667 0.003116 0.002065 0.001362 0.000902 0.000611 0.000441 0.000363 0.000363 
0.000277 0.000277 0.000339 0.000475 0.000709 0.001082 0.001656 0.002524 0.003817 0.005722 0.008498 0.012501 0.018216 0.026289 0.037577 0.053198 0.074589 0.103576 0.142445 0.194013 0.261700 0.349593 0.462490 0.605927 0.786158 1.010109 1.285260 1.619474 2.020755 2.496930 3.055263 3.702007 4.441900 5.277648 6.209394 7.234232 8.345793 9.533935 10.784601 12.079838 13.398044 14.714420 16.001652 17.230780 18.372247 19.397052 20.277964 20.990724 21.515147 21.836077 21.944115 21.836077 21.515147 20.990724 20.277964 19.397052 18.372247 17.230780 16.001652 14.714420 13.398044 12.079838 10.784601 9.533935 8.345793 7.234232 6.209394 5.277648 4.441900 3.702007 3.055263 2.496930 2.020755 1.619474 1.285260 1.010109 0.786158 0.605927 0.462490 0.349593 0.261700 0.194013 0.142445 0.103576 0.074589 0.053198 0.037577 0.026289 0.018216 0.012502 0.008500 0.005725 0.003823 0.002533 0.001672 0.001107 0.000750 0.000542 0.000446 0.000446 
0.000337 0.000337 0.000413 0.000578 0.000862 0.001315 0.002013 0.003067 0.004637 0.006949 0.010319 0.015178 0.022114 0.031910 0.045606 0.064557 0.090504 0.125661 0.172796 0.235324 0.317389 0.423939 0.560788 0.734635 0.953058 1.224438 1.557831 1.962754 2.448891 3.025713 3.702007 4.485331 5.381414 6.393519 7.521808 8.762754 10.108634 11.547166 13.061324 14.629374 16.225166 17.818685 19.376871 20.864679 22.246341 23.486764 24.553001 25.415696 26.050429 26.438863 26.569626 26.438863 26.050429 25.415696 24.553001 23.486764 22.246341 20.864679 19.376871 17.818685 16.225166 14.629374 13.061324 11.547166 10.108634 8.762754 7.521808 6.393519 5.381414 4.485331 3.702007 3.025713 2.448891 1.962754 1.557831 1.224438 0.953058 0.734635 0.560788 0.423939 0.317389 0.235324 0.172796 0.125661 0.090504 0.064557 0.045607 0.031911 0.022115 0.015180 0.010322 0.006953 0.004644 0.003078 0.002031 0.001346 0.000912 0.000659 0.000542 0.000542 
0.000406 0.000406 0.000497 0.000695 0.001037 0.001582 0.002422 0.003689 0.005577 0.008357 0.012408 0.018248 0.026582 0.038353 0.054807 0.077571 0.108735 0.150957 0.207558 0.282634 0.381156 0.509061 0.673320 0.881969 1.144091 1.469737 1.869759 2.355567 2.938765 3.630701 4.441900 5.381414 6.456099 7.669854 9.022861 10.510878 12.124638 13.849405 15.664764 17.544656 19.457733 21.368018 23.235888 25.019342 26.675517 28.162360 29.440391 30.474435 31.235230 31.700807 31.857538 31.700807 31.235230 30.474435 29.440391 28.162360 26.675517 25.019342 23.235888 21.368018 19.457733 17.544656 15.664764 13.849405 12.124638 10.510878 9.022861 7.669854 6.456099 5.381414 4.441900 3.630701 2.938765 2.355567 1.869759 1.469737 1.144091 0.881969 0.673320 0.509061 0.381156 0.282634 0.207558 0.150957 0.108735 0.077571 0.054807 0.038353 0.026583 0.018249 0.012410 0.008362 0.005585 0.003702 0.002444 0.001619 0.001098 0.000793 0.000653 0.000653 
0.000484 0.000484 0.000592 0.000829 0.001236 0.001885 0.002884 0.004393 0.006641 0.009950 0.014771 0.021721 0.031638 0.045642 0.065215 0.092291 0.129355 0.179564 0.246865 0.336123 0.453245 0.605283 0.800514 1.048483 1.359974 1.746919 2.222204 2.799367 3.492183 4.314114 5.277648 6.393519 7.669854 9.111267 10.717961 12.484886 14.401026 16.448880 18.604201 20.836052 23.107218 25.374993 27.592350 29.709441 31.675395 33.440311 34.957336 36.184731 37.087776 37.640400 37.826434 37.640400 37.087776 36.184731 34.957336 33.440311 31.675395 29.709441 27.592350 25.374993 23.107218 20.836052 18.604201 16.448880 14.401026 12.484886 10.717961 9.111267 7.669854 6.393519 5.277648 4.314114 3.492183 2.799367 2.222204 1.746919 1.359974 1.048483 0.800514 0.605283 0.453245 0.336123 0.246865 0.179564 0.129355 0.092291 0.065216 0.045642 0.031639 0.021723 0.014775 0.009956 0.006651 0.004410 0.002911 0.001929 0.001308 0.000945 0.000778 0.000778 
0.000571 0.000571 0.000699 0.000978 0.001458 0.002224 0.003402 0.005181 0.007830 0.011730 0.017411 0.025601 0.037284 0.053781 0.076836 0.108724 0.152372 0.211492 0.290730 0.395810 0.533679 0.712633 0.942406 1.234222 1.600761 2.056053 2.615243 3.294247 4.109252 5.076078 6.209394 7.521808 9.022861 10.717961 12.607331 14.685018 16.938058 19.345864 21.879925 24.503865 27.173934 29.839934 32.446588 34.935310 37.246316 39.320958 41.104179 42.546930 43.608411 44.257987 44.476658 44.257987 43.608411 42.546930 41.104179 39.320958 37.246316 34.935310 32.446588 29.839934 27.173934 24.503865 21.879925 19.345864 16.938058 14.685018 12.607331 10.717961 9.022861 7.521808 6.209394 5.076078 4.109252 3.294247 2.615243 2.056053 1.600761 1.234222 0.942406 0.712633 0.533679 0.395810 0.290730 0.211492 0.152372 0.108724 0.076836 0.053781 0.037285 0.025603 0.017415 0.011737 0.007841 0.005200 0.003433 0.002276 0.001543 0.001115 0.000918 0.000918 
0.000667 0.000667 0.000816 0.001142 0.001703 0.002597 0.003972 0.006049 0.009141 0.013692 0.020321 0.029875 0.043503 0.062746 0.089635 0.126822 0.177717 0.246647 0.339024 0.461516 0.622217 0.830787 1.098565 1.438619 1.865716 2.396188 3.047667 3.838677 4.788060 5.914222 7.234232 8.762754 10.510878 12.484886 14.685018 17.104328 19.727707 22.531177 25.481534 28.536429 31.644929 34.748600 37.783102 40.680247 43.370455 45.785472 47.861227 49.540638 50.776228 51.532344 51.786880 51.532344 50.776228 49.540638 47.861227 45.785472 43.370455 40.680247 37.783102 34.748600 31.644929 28.536429 25.481534 22.531177 19.727707 17.104328 14.685018 12.484886 10.510878 8.762754 7.234232 5.914222 4.788060 3.838677 3.047667 2.396188 1.865716 1.438619 1.098565 0.830787 0.622217 0.461516 0.339024 0.246647 0.177717 0.126822 0.089635 0.062747 0.043505 0.029877 0.020325 0.013700 0.009154 0.006071 0.004009 0.002658 0.001802 0.001302 0.001072 0.001072 
0.000772 0.000772 0.000944 0.001321 0.001970 0.003003 0.004592 0.006992 0.010565 0.015824 0.023482 0.034518 0.050260 0.072483 0.103535 0.146474 0.205236 0.284813 0.391450 0.532839 0.718315 0.959020 1.268031 1.660417 2.153205 2.765223 3.516799 4.429286 5.524396 6.823344 8.345793 10.108634 12.124638 14.401026 16.938058 19.727707 22.752539 25.984896 29.386490 32.908494 36.492191 40.070222 43.568425 46.908209 50.009379 52.793274 55.186052 57.121935 58.546204 59.417779 59.711182 59.417779 58.546204 57.121935 55.186052 52.793274 50.009379 46.908209 43.568425 40.070222 36.492191 32.908494 29.386490 25.984896 22.752539 19.727707 16.938058 14.401026 12.124638 10.108634 8.345793 6.823344 5.524396 4.429286 3.516799 2.765223 2.153205 1.660417 1.268031 0.959020 0.718315 0.532839 0.391450 0.284814 0.205236 0.146474 0.103535 0.072484 0.050261 0.034521 0.023487 0.015833 0.010580 0.007018 0.004635 0.003073 0.002084 0.001506 0.001241 0.001241 
0.000884 0.000884 0.001082 0.001513 0.002255 0.003437 0.005256 0.008002 0.012090 0.018106 0.026866 0.039488 0.057491 0.082904 0.118409 0.167502 0.234680 0.325647 0.447535 0.609133 0.821101 1.096167 1.449264 1.897598 2.460612 3.159801 4.018370 5.060693 6.311551 7.795153 9.533935 11.547166 13.849405 16.448880 19.345864 22.531177 25.984896 29.675432 33.559066 37.580048 41.671349 45.756076 49.749579 53.562154 57.102272 60.280158 63.011540 65.221348 66.847138 67.842027 68.176940 67.842027 66.847138 65.221348 63.011540 60.280158 57.102272 53.562154 49.749579 45.756076 41.671349 37.580048 33.559066 29.675432 25.984896 22.531177 19.345864 16.448880 13.849405 11.547166 9.533935 7.795153 6.311551 5.060693 4.018370 3.159801 2.460612 1.897598 1.449264 1.096167 0.821101 0.609133 0.447535 0.325647 0.234680 0.167503 0.118410 0.082905 0.057493 0.039492 0.026872 0.018116 0.012107 0.008031 0.005305 0.003518 0.002386 0.001725 0.001421 0.001421 
0.001002 0.001002 0.001226 0.001715 0.002556 0.003896 0.005957 0.009067 0.013698 0.020512 0.030433 0.044728 0.065113 0.093887 0.134084 0.189660 0.265703 0.368665 0.506616 0.689496 0.929363 1.240610 1.640124 2.147362 2.784306 3.575257 4.546449 5.725432 7.140214 8.818153 10.784601 13.061324 15.664764 18.604201 21.879925 25.481534 29.386490 33.559066 37.949824 42.495738 47.121027 51.738777 56.253301 60.563210 64.565055 68.157372 71.244920 73.742857 75.580615 76.705210 77.083787 76.705210 75.580615 73.742857 71.244920 68.157372 64.565055 60.563210 56.253301 51.738777 47.121027 42.495738 37.949824 33.559066 29.386490 25.481534 21.879925 18.604201 15.664764 13.061324 10.784601 8.818153 7.140214 5.725432 4.546449 3.575257 2.784306 2.147362 1.640124 1.240610 0.929363 0.689496 0.506616 0.368665 0.265703 0.189661 0.134085 0.093888 0.065115 0.044732 0.030440 0.020524 0.013718 0.009101 0.006012 0.003987 0.002705 0.001956 0.001611 0.001611 
0.001125 0.001125 0.001376 0.001925 0.002868 0.004371 0.006683 0.010172 0.015366 0.023007 0.034132 0.050160 0.073016 0.105274 0.150334 0.212629 0.297859 0.413252 0.567847 0.772777 1.041547 1.390275 1.837872 2.406124 3.119640 4.005630 5.093457 6.413961 7.998490 9.877660 12.079838 14.629374 17.544656 20.836052 24.503865 28.536429 32.908494 37.580048 42.495738 47.584997 52.762996 57.932441 62.986228 67.810875 72.290596 76.311833 79.767994 82.564128 84.621259 85.880092 86.303856 85.880092 84.621259 82.564128 79.767994 76.311833 72.290596 67.810875 62.986228 57.932441 52.762996 47.584997 42.495738 37.580048 32.908494 28.536429 24.503865 20.836052 17.544656 14.629374 12.079838 9.877660 7.998490 6.413961 5.093457 4.005630 3.119640 2.406124 1.837872 1.390275 1.041547 0.772777 0.567847 0.413252 0.297859 0.212629 0.150335 0.105275 0.073018 0.050165 0.034140 0.023021 0.015388 0.010210 0.006746 0.004474 0.003036 0.002195 0.001808 0.001808 
0.001251 0.001251 0.001530 0.002139 0.003187 0.004856 0.007424 0.011298 0.017065 0.025550 0.037902 0.055696 0.081068 0.116874 0.166887 0.236025 0.330610 0.458661 0.630203 0.857583 1.155779 1.542664 2.039207 2.669564 3.461020 4.443737 5.650268 7.114795 8.872063 10.956002 13.398044 16.225166 19.457733 23.107218 27.173934 31.644929 36.492191 41.671349 47.121027 52.762996 58.503216 64.233839 69.836147 75.184359 80.150146 84.607648 88.438730 91.538162 93.818416 95.213781 95.683506 95.213781 93.818416 91.538162 88.438730 84.607648 80.150146 75.184359 69.836147 64.233839 58.503216 52.762996 47.121027 41.671349 36.492191 31.644929 27.173934 23.107218 19.457733 16.225166 13.398044 10.956002 8.872063 7.114795 5.650268 4.443737 3.461020 2.669564 2.039207 1.542664 1.155779 0.857583 0.630203 0.458661 0.330611 0.236026 0.166888 0.116875 0.081070 0.055701 0.037911 0.025565 0.017090 0.011340 0.007493 0.004970 0.003373 0.002439 0.002009 0.002009 
0.001376 0.001376 0.001683 0.002353 0.003506 0.005341 0.008164 0.012425 0.018765 0.028093 0.041671 0.061230 0.089116 0.128469 0.183432 0.259407 0.363340 0.504037 0.692510 0.942317 1.269907 1.694905 2.240336 2.932721 3.802014 4.881329 6.206399 7.814742 9.744493 12.032889 14.714420 17.818685 21.368018 25.374993 29.839934 34.748600 40.070222 45.756076 51.738777 57.932441 64.233839 70.524587 76.674379 82.545159 87.996078 92.889002 97.094278 100.496416 102.999358 104.530988 105.046583 104.530988 102.999358 100.496416 97.094278 92.889002 87.996078 82.545159 76.674379 70.524587 64.233839 57.932441 51.738777 45.756076 40.070222 34.748600 29.839934 25.374993 21.368018 17.818685 14.714420 12.032889 9.744493 7.814742 6.206399 4.881329 3.802014 2.932721 2.240336 1.694905 1.269907 0.942317 0.692510 0.504038 0.363340 0.259408 0.183433 0.128470 0.089119 0.061235 0.041680 0.028109 0.018792 0.012471 0.008241 0.005467 0.003710 0.002683 0.002210 0.002210 
0.001499 0.001499 0.001833 0.002562 0.003818 0.005816 0.008890 0.013527 0.020429 0.030582 0.045360 0.066646 0.096993 0.139816 0.199622 0.282287 0.395365 0.548435 0.753469 1.025215 1.381556 1.843832 2.437077 3.190124 4.135538 5.309315 6.750298 8.499267 10.597669 13.085971 16.001652 19.376871 23.235888 27.592350 32.446588 37.783102 43.568425 49.749579 56.253301 62.986228 69.836147 76.674379 83.359290 89.740829 95.665911 100.984409 105.555411 109.253403 111.973992 113.638801 114.199227 113.638801 111.973992 109.253403 105.555411 100.984409 95.665911 89.740829 83.359290 76.674379 69.836147 62.986228 56.253301 49.749579 43.568425 37.783102 32.446588 27.592350 23.235888 19.376871 16.001652 13.085971 10.597669 8.499267 6.750298 5.309315 4.135538 3.190124 2.437077 1.843832 1.381556 1.025215 0.753469 0.548435 0.395366 0.282288 0.199623 0.139818 0.096997 0.066652 0.045370 0.030600 0.020459 0.013577 0.008973 0.005953 0.004040 0.002922 0.002407 0.002407 
