0.000000 0.000000 0.000000 0.000000 0.000000 0.000000 0.000000 0.000000 0.000000 0.000000 0.000000 0.000001 0.000001 0.000001 0.000002 0.000003 0.000004 0.000006 0.000009 0.000012 0.000016 0.000022 0.000029 0.000039 0.000051 0.000066 0.000085 0.000108 0.000136 0.000169 0.000209 0.000255 0.000308 0.000369 0.000437 0.000513 0.000595 0.000684 0.000778 0.000875 0.000975 0.001075 0.001173 0.001268 0.001355 0.001434 0.001502 0.001557 0.001598 0.001623 0.001631 0.001623 0.001598 0.001557 0.001502 0.001434 0.001355 0.001268 0.001173 0.001075 0.000975 0.000875 0.000778 0.000684 0.000595 0.000513 0.000437 0.000369 0.000308 0.000255 0.000209 0.000169 0.000136 0.000108 0.000085 0.000066 0.000051 0.000039 0.000029 0.000022 0.000016 0.000012 0.000009 0.000006 0.000004 0.000003 0.000002 0.000001 0.000001 0.000001 0.000000 0.000000 0.000000 0.000000 0.000000 0.000000 0.000000 0.000000 0.000000 0.000000 
0.000000 0.000000 0.000000 0.000000 0.000000 0.000000 0.000000 0.000000 0.000000 0.000000 0.000000 0.000001 0.000001 0.000001 0.000002 0.000003 0.000004 0.000006 0.000009 0.000012 0.000016 0.000022 0.000029 0.000039 0.000051 0.000066 0.000085 0.000108 0.000136 0.000169 0.000209 0.000255 0.000308 0.000369 0.000437 0.000513 0.000595 0.000684 0.000778 0.000875 0.000975 0.001075 0.001173 0.001268 0.001355 0.001434 0.001502 0.001557 0.001598 0.001623 0.001631 0.001623 0.001598 0.001557 0.001502 0.001434 0.001355 0.001268 0.001173 0.001075 0.000975 0.000875 0.000778 0.000684 0.000595 0.000513 0.000437 0.000369 0.000308 0.000255 0.000209 0.000169 0.000136 0.000108 0.000085 0.000066 0.000051 0.000039 0.000029 0.000022 0.000016 0.000012 0.000009 0.000006 0.000004 0.000003 0.000002 0.000001 0.000001 0.000001 0.000000 0.000000 0.000000 0.000000 0.000000 0.000000 0.000000 0.000000 0.000000 0.000000 
0.000000 0.000000 0.000000 0.000000 0.000000 0.000000 0.000000 0.000000 0.000000 0.000000 0.000001 0.000001 0.000001 0.000002 0.000003 0.000004 0.000005 0.000008 0.000011 0.000015 0.000020 0.000027 0.000036 0.000048 0.000063 0.000081 0.000105 0.000133 0.000167 0.000209 0.000258 0.000315 0.000381 0.000455 0.000540 0.000633 0.000734 0.000843 0.000959 0.001079 0.001202 0.001326 0.001447 0.001563 0.001671 0.001768 0.001852 0.001920 0.001970 0.002001 0.002011 0.002001 0.001970 0.001920 0.001852 0.001768 0.001671 0.001563 0.001447 0.001326 0.001202 0.001079 0.000959 0.000843 0.000734 0.000633 0.000540 0.000455 0.000381 0.000315 0.000258 0.000209 0.000167 0.000133 0.000105 0.000081 0.000063 0.000048 0.000036 0.000027 0.000020 0.000015 0.000011 0.000008 0.000005 0.000004 0.000003 0.000002 0.000001 0.000001 0.000001 0.000000 0.000000 0.000000 0.000000 0.000000 0.000000 0.000000 0.000000 0.000000 
0.000000 0.000000 0.000000 0.000000 0.000000 0.000000 0.000000 0.000000 0.000000 0.000001 0.000001 0.000001 0.000002 0.000003 0.000004 0.000005 0.000008 0.000011 0.000015 0.000021 0.000028 0.000038 0.000051 0.000068 0.000089 0.000115 0.000148 0.000189 0.000237 0.000296 0.000365 0.000446 0.000539 0.000645 0.000764 0.000895 0.001039 0.001194 0.001357 0.001527 0.001701 0.001875 0.002046 0.002210 0.002363 0.002500 0.002619 0.002714 0.002785 0.002828 0.002843 0.002828 0.002785 0.002714 0.002619 0.002500 0.002363 0.002210 0.002046 0.001875 0.001701 0.001527 0.001357 0.001194 0.001039 0.000895 0.000764 0.000645 0.000539 0.000446 0.000365 0.000296 0.000237 0.000189 0.000148 0.000115 0.000089 0.000068 0.000051 0.000038 0.000028 0.000021 0.000015 0.000011 0.000008 0.000005 0.000004 0.000003 0.000002 0.000001 0.000001 0.000001 0.000000 0.000000 0.000000 0.000000 0.000000 0.000000 0.000000 0.000000 
0.000000 0.000000 0.000000 0.000000 0.000000 0.000000 0.000000 0.000000 0.000001 0.000001 0.000001 0.000002 0.000003 0.000004 0.000006 0.000008 0.000012 0.000016 0.000023 0.000031 0.000043 0.000058 0.000077 0.000103 0.000134 0.000174 0.000224 0.000285 0.000359 0.000447 0.000551 0.000673 0.000813 0.000973 0.001152 0.001351 0.001567 0.001800 0.002046 0.002302 0.002564 0.002827 0.003084 0.003331 0.003561 0.003768 0.003946 0.004090 0.004196 0.004261 0.004283 0.004261 0.004196 0.004090 0.003946 0.003768 0.003561 0.003331 0.003084 0.002827 0.002564 0.002302 0.002046 0.001800 0.001567 0.001351 0.001152 0.000973 0.000813 0.000673 0.000551 0.000447 0.000359 0.000285 0.000224 0.000174 0.000134 0.000103 0.000077 0.000058 0.000043 0.000031 0.000023 0.000016 0.000012 0.000008 0.000006 0.000004 0.000003 0.000002 0.000001 0.000001 0.000001 0.000000 0.000000 0.000000 0.000000 0.000000 0.000000 0.000000 
0.000000 0.000000 0.000000 0.000000 0.000000 0.000000 0.000000 0.000001 0.000001 0.000001 0.000002 0.000003 0.000004 0.000006 0.000009 0.000013 0.000018 0.000025 0.000035 0.000049 0.000066 0.000089 0.000120 0.000158 0.000208 0.000269 0.000346 0.000440 0.000553 0.000689 0.000850 0.001038 0.001254 0.001500 0.001776 0.002082 0.002415 0.002773 0.003152 0.003546 0.003949 0.004353 0.004749 0.005129 0.005482 0.005800 0.006074 0.006296 0.006460 0.006560 0.006594 0.006560 0.006460 0.006296 0.006074 0.005800 0.005482 0.005129 0.004749 0.004353 0.003949 0.003546 0.003152 0.002773 0.002415 0.002082 0.001776 0.001500 0.001254 0.001038 0.000850 0.000689 0.000553 0.000440 0.000346 0.000269 0.000208 0.000158 0.000120 0.000089 0.000066 0.000049 0.000035 0.000025 0.000018 0.000013 0.000009 0.000006 0.000004 0.000003 0.000002 0.000001 0.000001 0.000001 0.000000 0.000000 0.000000 0.000000 0.000000 0.000000 
0.000000 0.000000 0.000000 0.000000 0.000000 0.000000 0.000001 0.000001 0.000001 0.000002 0.000003 0.000004 0.000006 0.000009 0.000014 0.000020 0.000028 0.000039 0.000055 0.000075 0.000103 0.000139 0.000185 0.000245 0.000321 0.000417 0.000535 0.000680 0.000856 0.001066 0.001315 0.001605 0.001939 0.002319 0.002745 0.003216 0.003731 0.004283 0.004868 0.005476 0.006098 0.006721 0.007332 0.007918 0.008463 0.008953 0.009376 0.009718 0.009970 0.010124 0.010176 0.010124 0.009970 0.009718 0.009376 0.008953 0.008463 0.007918 0.007332 0.006721 0.006098 0.005476 0.004868 0.004283 0.003731 0.003216 0.002745 0.002319 0.001939 0.001605 0.001315 0.001066 0.000856 0.000680 0.000535 0.000417 0.000321 0.000245 0.000185 0.000139 0.000103 0.000075 0.000055 0.000039 0.000028 0.000020 0.000014 0.000009 0.000006 0.000004 0.000003 0.000002 0.000001 0.000001 0.000001 0.000000 0.000000 0.000000 0.000000 0.000000 
0.000000 0.000000 0.000000 0.000000 0.000000 0.000001 0.000001 0.000001 0.000002 0.000003 0.000005 0.000007 0.000010 0.000015 0.000021 0.000030 0.000043 0.000061 0.000084 0.000116 0.000158 0.000214 0.000286 0.000378 0.000495 0.000642 0.000824 0.001047 0.001318 0.001641 0.002023 0.002468 0.002982 0.003565 0.004220 0.004944 0.005734 0.006583 0.007481 0.008414 0.009369 0.010325 0.011263 0.012162 0.012998 0.013751 0.014399 0.014924 0.015311 0.015548 0.015628 0.015548 0.015311 0.014924 0.014399 0.013751 0.012998 0.012162 0.011263 0.010325 0.009369 0.008414 0.007481 0.006583 0.005734 0.004944 0.004220 0.003565 0.002982 0.002468 0.002023 0.001641 0.001318 0.001047 0.000824 0.000642 0.000495 0.000378 0.000286 0.000214 0.000158 0.000116 0.000084 0.000061 0.000043 0.000030 0.000021 0.000015 0.000010 0.000007 0.000005 0.000003 0.000002 0.000001 0.000001 0.000001 0.000000 0.000000 0.000000 0.000000 
0.000000 0.000000 0.000000 0.000000 0.000001 0.000001 0.000001 0.000002 0.000003 0.000005 0.000007 0.000010 0.000015 0.000022 0.000032 0.000046 0.000066 0.000093 0.000129 0.000178 0.000242 0.000327 0.000437 0.000578 0.000756 0.000981 0.001259 0.001599 0.002012 0.002505 0.003087 0.003766 0.004549 0.005439 0.006437 0.007540 0.008744 0.010037 0.011405 0.012827 0.014280 0.015736 0.017165 0.018533 0.019806 0.020952 0.021939 0.022739 0.023328 0.023688 0.023810 0.023688 0.023328 0.022739 0.021939 0.020952 0.019806 0.018533 0.017165 0.015736 0.014280 0.012827 0.011405 0.010037 0.008744 0.007540 0.006437 0.005439 0.004549 0.003766 0.003087 0.002505 0.002012 0.001599 0.001259 0.000981 0.000756 0.000578 0.000437 0.000327 0.000242 0.000178 0.000129 0.000093 0.000066 0.000046 0.000032 0.000022 0.000015 0.000010 0.000007 0.000005 0.000003 0.000002 0.000001 0.000001 0.000001 0.000000 0.000000 0.000000 
0.000000 0.000000 0.000000 0.000001 0.000001 0.000001 0.000002 0.000003 0.000005 0.000007 0.000011 0.000016 0.000023 0.000034 0.000049 0.000071 0.000100 0.000141 0.000195 0.000269 0.000367 0.000495 0.000661 0.000875 0.001145 0.001485 0.001905 0.002420 0.003043 0.003788 0.004669 0.005695 0.006878 0.008222 0.009729 0.011396 0.013213 0.015165 0.017229 0.019376 0.021569 0.023767 0.025923 0.027987 0.029909 0.031638 0.033127 0.034333 0.035222 0.035766 0.035949 0.035766 0.035222 0.034333 0.033127 0.031638 0.029909 0.027987 0.025923 0.023767 0.021569 0.019376 0.017229 0.015165 0.013213 0.011396 0.009729 0.008222 0.006878 0.005695 0.004669 0.003788 0.003043 0.002420 0.001905 0.001485 0.001145 0.000875 0.000661 0.000495 0.000367 0.000269 0.000195 0.000141 0.000100 0.000071 0.000049 0.000034 0.000023 0.000016 0.000011 0.000007 0.000005 0.000003 0.000002 0.000001 0.000001 0.000001 0.000000 0.000000 
0.000000 0.000000 0.000001 0.000001 0.000001 0.000002 0.000003 0.000005 0.000007 0.000011 0.000016 0.000024 0.000035 0.000051 0.000074 0.000106 0.000150 0.000211 0.000294 0.000404 0.000551 0.000743 0.000992 0.001312 0.001718 0.002226 0.002856 0.003627 0.004560 0.005676 0.006994 0.008530 0.010300 0.012311 0.014565 0.017059 0.019777 0.022697 0.025784 0.028993 0.032272 0.035558 0.038781 0.041866 0.044739 0.047323 0.049548 0.051351 0.052679 0.053492 0.053766 0.053492 0.052679 0.051351 0.049548 0.047323 0.044739 0.041866 0.038781 0.035558 0.032272 0.028993 0.025784 0.022697 0.019777 0.017059 0.014565 0.012311 0.010300 0.008530 0.006994 0.005676 0.004560 0.003627 0.002856 0.002226 0.001718 0.001312 0.000992 0.000743 0.000551 0.000404 0.000294 0.000211 0.000150 0.000106 0.000074 0.000051 0.000035 0.000024 0.000016 0.000011 0.000007 0.000005 0.000003 0.000002 0.000001 0.000001 0.000001 0.000001 
0.000001 0.000001 0.000001 0.000001 0.000002 0.000003 0.000004 0.000007 0.000010 0.000016 0.000024 0.000035 0.000052 0.000076 0.000110 0.000158 0.000224 0.000314 0.000437 0.000601 0.000818 0.001104 0.001474 0.001949 0.002551 0.003305 0.004240 0.005384 0.006768 0.008422 0.010376 0.012654 0.015276 0.018256 0.021597 0.025291 0.029318 0.033642 0.038213 0.042967 0.047822 0.052687 0.057458 0.062026 0.066279 0.070104 0.073397 0.076066 0.078031 0.079235 0.079640 0.079235 0.078031 0.076066 0.073397 0.070104 0.066279 0.062026 0.057458 0.052687 0.047822 0.042967 0.038213 0.033642 0.029318 0.025291 0.021597 0.018256 0.015276 0.012654 0.010376 0.008422 0.006768 0.005384 0.004240 0.003305 0.002551 0.001949 0.001474 0.001104 0.000818 0.000601 0.000437 0.000314 0.000224 0.000158 0.000110 0.000076 0.000052 0.000035 0.000024 0.000016 0.000010 0.000007 0.000004 0.000003 0.000002 0.000001 0.000001 0.000001 
0.000001 0.000001 0.000001 0.000002 0.000003 0.000004 0.000006 0.000010 0.000015 0.000023 0.000035 0.000052 0.000077 0.000112 0.000162 0.000233 0.000330 0.000463 0.000643 0.000884 0.001205 0.001625 0.002169 0.002867 0.003752 0.004860 0.006233 0.007914 0.009947 0.012376 0.015244 0.018588 0.022437 0.026810 0.031712 0.037132 0.043039 0.049382 0.056087 0.063058 0.070178 0.077311 0.084307 0.091004 0.097238 0.102846 0.107674 0.111586 0.114466 0.116231 0.116825 0.116231 0.114466 0.111586 0.107674 0.102846 0.097238 0.091004 0.084307 0.077311 0.070178 0.063058 0.056087 0.049382 0.043039 0.037132 0.031712 0.026810 0.022437 0.018588 0.015244 0.012376 0.009947 0.007914 0.006233 0.004860 0.003752 0.002867 0.002169 0.001625 0.001205 0.000884 0.000643 0.000463 0.000330 0.000233 0.000162 0.000112 0.000077 0.000052 0.000035 0.000023 0.000015 0.000010 0.000007 0.000004 0.000003 0.000002 0.000002 0.000002 
0.000001 0.000001 0.000002 0.000003 0.000004 0.000006 0.000009 0.000015 0.000022 0.000034 0.000051 0.000076 0.000112 0.000164 0.000237 0.000339 0.000481 0.000675 0.000937 0.001290 0.001756 0.002368 0.003160 0.004176 0.005464 0.007077 0.009074 0.011519 0.014475 0.018008 0.022178 0.027038 0.032633 0.038988 0.046111 0.053985 0.062567 0.071781 0.081519 0.091643 0.101983 0.112341 0.122499 0.132223 0.141273 0.149414 0.156423 0.162102 0.166283 0.168844 0.169707 0.168844 0.166283 0.162102 0.156423 0.149414 0.141273 0.132223 0.122499 0.112341 0.101983 0.091643 0.081519 0.071781 0.062567 0.053985 0.046111 0.038988 0.032633 0.027038 0.022178 0.018008 0.014475 0.011519 0.009074 0.007077 0.005464 0.004176 0.003160 0.002368 0.001756 0.001290 0.000937 0.000675 0.000481 0.000339 0.000237 0.000164 0.000112 0.000076 0.000051 0.000034 0.000022 0.000015 0.000010 0.000006 0.000004 0.000003 0.000002 0.000002 
0.000002 0.000002 0.000003 0.000004 0.000006 0.000009 0.000014 0.000021 0.000032 0.000049 0.000074 0.000110 0.000162 0.000237 0.000343 0.000490 0.000695 0.000975 0.001354 0.001862 0.002534 0.003416 0.004559 0.006024 0.007879 0.010204 0.013081 0.016602 0.020860 0.025947 0.031950 0.038947 0.046998 0.056144 0.066393 0.077723 0.090069 0.103322 0.117329 0.131889 0.146758 0.161653 0.176258 0.190239 0.203251 0.214955 0.225031 0.233194 0.239206 0.242887 0.244127 0.242887 0.239206 0.233194 0.225031 0.214955 0.203251 0.190239 0.176258 0.161653 0.146758 0.131889 0.117329 0.103322 0.090069 0.077723 0.066393 0.056144 0.046998 0.038947 0.031950 0.025947 0.020860 0.016602 0.013081 0.010204 0.007879 0.006024 0.004559 0.003416 0.002534 0.001862 0.001354 0.000975 0.000695 0.000490 0.000343 0.000237 0.000162 0.000110 0.000074 0.000049 0.000032 0.000021 0.000014 0.000009 0.000006 0.000004 0.000003 0.000003 
0.000003 0.000003 0.000004 0.000005 0.000008 0.000013 0.000020 0.000030 0.000046 0.000071 0.000106 0.000158 0.000233 0.000339 0.000490 0.000701 0.000994 0.001394 0.001935 0.002661 0.003622 0.004881 0.006513 0.008603 0.011251 0.014567 0.018672 0.023695 0.029766 0.037019 0.045578 0.055551 0.067026 0.080059 0.094664 0.110805 0.128392 0.147270 0.167221 0.187957 0.209131 0.230341 0.251137 0.271043 0.289568 0.306230 0.320575 0.332195 0.340753 0.345993 0.347758 0.345993 0.340753 0.332195 0.320575 0.306230 0.289568 0.271043 0.251137 0.230341 0.209131 0.187957 0.167221 0.147270 0.128392 0.110805 0.094664 0.080059 0.067026 0.055551 0.045578 0.037019 0.029766 0.023695 0.018672 0.014567 0.011251 0.008603 0.006513 0.004881 0.003622 0.002661 0.001935 0.001394 0.000994 0.000701 0.000490 0.000339 0.000233 0.000158 0.000106 0.000071 0.000047 0.000030 0.000020 0.000013 0.000009 0.000006 0.000005 0.000005 
0.000004 0.000004 0.000005 0.000008 0.000012 0.000018 0.000028 0.000043 0.000066 0.000100 0.000150 0.000224 0.000330 0.000481 0.000695 0.000994 0.001407 0.001973 0.002740 0.003766 0.005125 0.006905 0.009212 0.012166 0.015908 0.020593 0.026392 0.033484 0.042059 0.052299 0.064380 0.078458 0.094653 0.113044 0.133650 0.156423 0.181232 0.207860 0.235997 0.265241 0.295101 0.325007 0.354330 0.382395 0.408512 0.432003 0.452224 0.468606 0.480669 0.488056 0.490543 0.488056 0.480669 0.468606 0.452224 0.432003 0.408512 0.382395 0.354330 0.325007 0.295101 0.265241 0.235997 0.207860 0.181232 0.156423 0.133650 0.113044 0.094653 0.078458 0.064380 0.052299 0.042059 0.033484 0.026392 0.020593 0.015908 0.012166 0.009212 0.006905 0.005125 0.003766 0.002740 0.001973 0.001407 0.000994 0.000695 0.000481 0.000330 0.000224 0.000150 0.000100 0.000066 0.000043 0.000028 0.000018 0.000012 0.000009 0.000007 0.000007 
0.000006 0.000006 0.000008 0.000011 0.000016 0.000025 0.000039 0.000061 0.000093 0.000141 0.000211 0.000314 0.000463 0.000675 0.000975 0.001394 0.001973 0.002766 0.003840 0.005277 0.007180 0.009673 0.012901 0.017036 0.022271 0.028825 0.036935 0.046854 0.058843 0.073159 0.090048 0.109723 0.132356 0.158053 0.186843 0.218656 0.253311 0.290504 0.329801 0.370640 0.412335 0.454094 0.495034 0.534217 0.570679 0.603471 0.631700 0.654567 0.671407 0.681718 0.685190 0.681718 0.671407 0.654567 0.631700 0.603471 0.570679 0.534217 0.495034 0.454094 0.412335 0.370640 0.329801 0.290504 0.253311 0.218656 0.186843 0.158053 0.132356 0.109723 0.090048 0.073159 0.058843 0.046854 0.036935 0.028825 0.022271 0.017036 0.012901 0.009673 0.007180 0.005277 0.003840 0.002766 0.001973 0.001394 0.000975 0.000675 0.000463 0.000314 0.000211 0.000141 0.000093 0.000061 0.000040 0.000026 0.000017 0.000012 0.000010 0.000010 
0.000009 0.000009 0.000011 0.000015 0.000023 0.000035 0.000055 0.000084 0.000129 0.000195 0.000294 0.000437 0.000643 0.000937 0.001354 0.001935 0.002740 0.003840 0.005329 0.007322 0.009960 0.013415 0.017889 0.023618 0.030871 0.039950 0.051182 0.064918 0.081516 0.101335 0.124710 0.151940 0.183258 0.218814 0.258644 0.302652 0.350586 0.402026 0.456371 0.512844 0.570498 0.628235 0.684837 0.739007 0.789413 0.834745 0.873767 0.905376 0.928652 0.942905 0.947704 0.942905 0.928652 0.905376 0.873767 0.834745 0.789413 0.739007 0.684837 0.628235 0.570498 0.512844 0.456371 0.402026 0.350586 0.302652 0.258644 0.218814 0.183258 0.151940 0.124710 0.101335 0.081516 0.064918 0.051182 0.039950 0.030871 0.023618 0.017889 0.013415 0.009960 0.007322 0.005329 0.003840 0.002740 0.001935 0.001354 0.000937 0.000643 0.000437 0.000294 0.000196 0.000129 0.000084 0.000055 0.000036 0.000024 0.000017 0.000014 0.000014 
0.000012 0.000012 0.000015 0.000021 0.000031 0.000049 0.000075 0.000116 0.000178 0.000269 0.000404 0.000601 0.000884 0.001290 0.001862 0.002661 0.003766 0.005277 0.007322 0.010058 0.013680 0.018422 0.024562 0.032422 0.042371 0.054822 0.070225 0.089058 0.111813 0.138979 0.171016 0.208331 0.251243 0.299956 0.354519 0.414799 0.480451 0.550897 0.625318 0.702646 0.781585 0.860633 0.938123 1.012279 1.081280 1.143332 1.196745 1.240010 1.271870 1.291377 1.297946 1.291377 1.271870 1.240010 1.196745 1.143332 1.081280 1.012279 0.938123 0.860633 0.781585 0.702646 0.625318 0.550897 0.480451 0.414799 0.354519 0.299956 0.251243 0.208331 0.171016 0.138979 0.111813 0.089058 0.070225 0.054822 0.042371 0.032422 0.024562 0.018422 0.013680 0.010058 0.007322 0.005277 0.003766 0.002661 0.001862 0.001290 0.000885 0.000601 0.000404 0.000269 0.000178 0.000116 0.000076 0.000050 0.000033 0.000024 0.000019 0.000019 
0.000016 0.000016 0.000020 0.000028 0.000043 0.000066 0.000103 0.000158 0.000242 0.000367 0.000551 0.000818 0.001205 0.001756 0.002534 0.003622 0.005125 0.007180 0.009960 0.013680 0.018603 0.025047 0.033389 0.044066 0.057580 0.074489 0.095403 0.120971 0.151859 0.188729 0.232205 0.282837 0.341058 0.407141 0.481153 0.562911 0.651947 0.747477 0.848388 0.953234 1.060257 1.167421 1.272468 1.372990 1.466520 1.550627 1.623023 1.681662 1.724843 1.751282 1.760185 1.751282 1.724843 1.681662 1.623023 1.550627 1.466520 1.372990 1.272468 1.167421 1.060257 0.953234 0.848388 0.747477 0.651947 0.562911 0.481153 0.407141 0.341058 0.282837 0.232205 0.188729 0.151859 0.120971 0.095403 0.074489 0.057580 0.044066 0.033389 0.025047 0.018603 0.013680 0.009960 0.007180 0.005125 0.003622 0.002534 0.001756 0.001205 0.000819 0.000551 0.000367 0.000242 0.000159 0.000103 0.000068 0.000045 0.000032 0.000026 0.000026 
0.000022 0.000022 0.000027 0.000038 0.000058 0.000089 0.000139 0.000214 0.000327 0.000495 0.000743 0.001104 0.001625 0.002368 0.003416 0.004881 0.006905 0.009673 0.013415 0.018422 0.025047 0.033718 0.044939 0.059301 0.077474 0.100210 0.128328 0.162696 0.204211 0.253759 0.312178 0.380203 0.458417 0.547182 0.646588 0.756387 0.875950 1.004223 1.139710 1.280472 1.424146 1.568001 1.709005 1.843931 1.969466 2.082349 2.179512 2.258210 2.316160 2.351642 2.363590 2.351642 2.316160 2.258210 2.179512 2.082349 1.969466 1.843931 1.709005 1.568001 1.424146 1.280472 1.139710 1.004223 0.875950 0.756387 0.646588 0.547182 0.458417 0.380203 0.312178 0.253759 0.204211 0.162696 0.128328 0.100210 0.077474 0.059301 0.044939 0.033718 0.025047 0.018422 0.013415 0.009673 0.006905 0.004881 0.003416 0.002368 0.001625 0.001104 0.000743 0.000495 0.000327 0.000214 0.000140 0.000091 0.000061 0.000043 0.000035 0.000035 
0.000029 0.000029 0.000036 0.000051 0.000077 0.000120 0.000185 0.000286 0.000437 0.000661 0.000992 0.001474 0.002169 0.003160 0.004559 0.006513 0.009212 0.012901 0.017889 0.024562 0.033389 0.044939 0.059886 0.079012 0.103210 0.133479 0.170907 0.216650 0.271897 0.337826 0.415549 0.506044 0.610079 0.728139 0.860337 1.006344 1.165321 1.335866 1.515988 1.703110 1.894091 2.085302 2.272715 2.452039 2.618876 2.768894 2.898015 3.002597 3.079605 3.126756 3.142633 3.126756 3.079605 3.002597 2.898015 2.768894 2.618876 2.452039 2.272715 2.085302 1.894091 1.703110 1.515988 1.335866 1.165321 1.006344 0.860337 0.728139 0.610079 0.506044 0.415549 0.337826 0.271897 0.216650 0.170907 0.133479 0.103210 0.079012 0.059886 0.044939 0.033389 0.024562 0.017889 0.012901 0.009212 0.006513 0.004559 0.003160 0.002169 0.001474 0.000992 0.000662 0.000437 0.000287 0.000187 0.000122 0.000082 0.000058 0.000047 0.000047 
0.000039 0.000039 0.000048 0.000068 0.000103 0.000158 0.000245 0.000378 0.000578 0.000875 0.001312 0.001949 0.002867 0.004176 0.006024 0.008603 0.012166 0.017036 0.023618 0.032422 0.044066 0.059301 0.079012 0.104230 0.136132 0.176031 0.225360 0.285640 0.358435 0.445296 0.547682 0.666879 0.803898 0.959371 1.133448 1.325691 1.534992 1.759507 1.996613 2.242915 2.494284 2.745940 2.992585 3.228574 3.448122 3.645531 3.815437 3.953050 4.054378 4.116418 4.137309 4.116418 4.054378 3.953050 3.815437 3.645531 3.448122 3.228574 2.992585 2.745940 2.494284 2.242915 1.996613 1.759507 1.534992 1.325691 1.133448 0.959371 0.803898 0.666879 0.547682 0.445296 0.358435 0.285640 0.225360 0.176031 0.136132 0.104230 0.079012 0.059301 0.044066 0.032422 0.023618 0.017036 0.012166 0.008603 0.006024 0.004176 0.002867 0.001949 0.001312 0.000875 0.000578 0.000379 0.000247 0.000162 0.000108 0.000077 0.000063 0.000063 
0.000051 0.000051 0.000063 0.000089 0.000134 0.000208 0.000321 0.000495 0.000756 0.001145 0.001718 0.002551 0.003752 0.005464 0.007879 0.011251 0.015908 0.022271 0.030871 0.042371 0.057580 0.077474 0.103210 0.136132 0.177773 0.229846 0.294217 0.372868 0.467838 0.581143 0.714687 0.870140 1.048818 1.251541 1.478501 1.729125 2.001966 2.294616 2.603658 2.924666 3.252257 3.580204 3.901607 4.209111 4.495180 4.752395 4.973768 5.153062 5.285079 5.365909 5.393126 5.365909 5.285079 5.153062 4.973768 4.752395 4.495180 4.209111 3.901607 3.580204 3.252257 2.924666 2.603658 2.294616 2.001966 1.729125 1.478501 1.251541 1.048818 0.870140 0.714687 0.581143 0.467838 0.372868 0.294217 0.229846 0.177773 0.136132 0.103210 0.077474 0.057580 0.042371 0.030871 0.022271 0.015908 0.011251 0.007879 0.005464 0.003752 0.002551 0.001718 0.001146 0.000757 0.000497 0.000324 0.000212 0.000142 0.000101 0.000082 0.000082 
0.000066 0.000066 0.000081 0.000115 0.000174 0.000269 0.000417 0.000642 0.000981 0.001485 0.002226 0.003305 0.004860 0.007077 0.010204 0.014567 0.020593 0.028825 0.039950 0.054822 0.074489 0.100210 0.133479 0.176031 0.229846 0.297133 0.380301 0.481907 0.604578 0.750918 0.923378 1.124111 1.354811 1.616534 1.909521 2.233030 2.585190 2.962891 3.361721 3.775967 4.198684 4.621841 5.036533 5.433276 5.802350 6.134186 6.419776 6.651076 6.821382 6.925655 6.960766 6.925655 6.821382 6.651076 6.419776 6.134186 5.802350 5.433276 5.036533 4.621841 4.198684 3.775967 3.361721 2.962891 2.585190 2.233030 1.909521 1.616534 1.354811 1.124111 0.923378 0.750918 0.604578 0.481907 0.380301 0.297133 0.229846 0.176031 0.133479 0.100210 0.074489 0.054822 0.039950 0.028825 0.020593 0.014567 0.010204 0.007077 0.004860 0.003306 0.002226 0.001485 0.000982 0.000644 0.000420 0.000275 0.000184 0.000131 0.000107 0.000107 
0.000085 0.000085 0.000105 0.000148 0.000224 0.000346 0.000535 0.000824 0.001259 0.001905 0.002856 0.004240 0.006233 0.009074 0.013081 0.018672 0.026392 0.036935 0.051182 0.070225 0.095403 0.128328 0.170907 0.225360 0.294217 0.380301 0.486690 0.616648 0.773533 0.960666 1.181178 1.437816 1.732739 2.067291 2.441776 2.855240 3.305289 3.787943 4.297566 4.826856 5.366942 5.907560 6.437342 6.944173 7.415640 7.839527 8.204330 8.499778 8.717314 8.850502 8.895350 8.850502 8.717314 8.499778 8.204330 7.839527 7.415640 6.944173 6.437342 5.907560 5.366942 4.826856 4.297566 3.787943 3.305289 2.855240 2.441776 2.067291 1.732739 1.437816 1.181178 0.960666 0.773533 0.616648 0.486690 0.380301 0.294217 0.225360 0.170907 0.128328 0.095403 0.070225 0.051182 0.036935 0.026392 0.018672 0.013081 0.009074 0.006233 0.004240 0.002856 0.001906 0.001260 0.000827 0.000540 0.000353 0.000237 0.000169 0.000138 0.000138 
0.000108 0.000108 0.000133 0.000189 0.000285 0.000440 0.000680 0.001047 0.001599 0.002420 0.003627 0.005384 0.007914 0.011519 0.016602 0.023695 0.033484 0.046854 0.064918 0.089058 0.120971 0.162696 0.216650 0.285640 0.372868 0.481907 0.616648 0.781221 0.979871 1.216798 1.495957 1.820820 2.194112 2.617528 3.091444 3.614650 4.184110 4.794788 5.439546 6.109150 6.792374 7.476240 8.146369 8.787443 9.383768 9.919896 10.381284 10.754948 11.030069 11.198513 11.255232 11.198513 11.030069 10.754948 10.381284 9.919896 9.383768 8.787443 8.146369 7.476240 6.792374 6.109150 5.439546 4.794788 4.184110 3.614650 3.091444 2.617528 2.194112 1.820820 1.495957 1.216798 0.979871 0.781221 0.616648 0.481907 0.372868 0.285640 0.216650 0.162696 0.120971 0.089058 0.064918 0.046854 0.033485 0.023695 0.016602 0.011519 0.007914 0.005384 0.003628 0.002421 0.001601 0.001051 0.000686 0.000449 0.000301 0.000215 0.000175 0.000175 
0.000136 0.000136 0.000167 0.000237 0.000359 0.000553 0.000856 0.001318 0.002012 0.003043 0.004560 0.006768 0.009947 0.014475 0.020860 0.029766 0.042059 0.058843 0.081516 0.111813 0.151859 0.204211 0.271897 0.358435 0.467838 0.604578 0.773533 0.979871 1.228909 1.525903 1.875802 2.282951 2.750754 3.281329 3.875140 4.530661 5.244086 6.009099 6.816759 7.655496 8.511250 9.367771 10.207050 11.009913 11.756708 12.428099 13.005880 13.473799 13.818313 14.029242 14.100265 14.029242 13.818313 13.473799 13.005880 12.428099 11.756708 11.009913 10.207050 9.367771 8.511250 7.655496 6.816759 6.009099 5.244086 4.530661 3.875140 3.281329 2.750754 2.282951 1.875802 1.525903 1.228909 0.979871 0.773533 0.604578 0.467838 0.358435 0.271897 0.204211 0.151859 0.111813 0.081516 0.058843 0.042059 0.029766 0.020860 0.014476 0.009947 0.006769 0.004561 0.003045 0.002014 0.001322 0.000863 0.000566 0.000379 0.000270 0.000220 0.000220 
0.000169 0.000169 0.000209 0.000296 0.000447 0.000689 0.001066 0.001641 0.002505 0.003788 0.005676 0.008422 0.012376 0.018008 0.025947 0.037019 0.052299 0.073159 0.101335 0.138979 0.188729 0.253759 0.337826 0.445296 0.581143 0.750918 0.960666 1.216798 1.525903 1.894496 2.328709 2.833922 3.414352 4.072614 4.809276 5.622438 6.507370 7.456235 8.457939 9.498131 10.559379 11.621529 12.662260 13.657797 14.583784 15.416251 16.132635 16.712792 17.139938 17.401455 17.489512 17.401455 17.139938 16.712792 16.132635 15.416251 14.583784 13.657797 12.662260 11.621529 10.559379 9.498131 8.457939 7.456235 6.507370 5.622438 4.809276 4.072614 3.414352 2.833922 2.328709 1.894496 1.525903 1.216798 0.960666 0.750918 0.581143 0.445296 0.337826 0.253759 0.188729 0.138979 0.101335 0.073160 0.052299 0.037019 0.025947 0.018008 0.012376 0.008423 0.005677 0.003790 0.002508 0.001646 0.001075 0.000705 0.000472 0.000337 0.000275 0.000275 
0.000209 0.000209 0.000258 0.000365 0.000551 0.000850 0.001315 0.002023 0.003087 0.004669 0.006994 0.010376 0.015244 0.022178 0.031950 0.045578 0.064380 0.090048 0.124710 0.171016 0.232205 0.312178 0.415549 0.547682 0.714687 0.923378 1.181178 1.495957 1.875802 2.328709 2.862200 3.482872 4.195895 5.004470 5.909284 6.907993 7.994781 9.160019 10.390077 11.667335 12.970386 14.274493 15.552253 16.774485 17.911297 18.933272 19.812719 20.524919 21.049277 21.370308 21.478405 21.370308 21.049277 20.524919 19.812719 18.933272 17.911297 16.774485 15.552253 14.274493 12.970386 11.667335 10.390077 9.160019 7.994781 6.907993 5.909284 5.004470 4.195895 3.482872 2.862200 2.328709 1.875802 1.495957 1.181178 0.923378 0.714687 0.547682 0.415549 0.312178 0.232205 0.171016 0.124710 0.090048 0.064380 0.045578 0.031950 0.022178 0.015244 0.010377 0.006995 0.004671 0.003091 0.002029 0.001326 0.000869 0.000582 0.000415 0.000339 0.000339 
0.000255 0.000255 0.000315 0.000446 0.000673 0.001038 0.001605 0.002468 0.003766 0.005695 0.008530 0.012654 0.018588 0.027038 0.038947 0.055551 0.078458 0.109723 0.151940 0.208331 0.282837 0.380203 0.506044 0.666879 0.870140 1.124111 1.437816 1.820820 2.282951 2.833922 3.482872 4.237813 5.105017 6.088365 7.188680 8.403102 9.724550 11.141306 12.636799 14.189602 15.773696 17.359010 18.912240 20.397925 21.779739 23.021936 24.090872 24.956512 25.593832 25.984020 26.115402 25.984020 25.593832 24.956512 24.090872 23.021936 21.779739 20.397925 18.912240 17.359010 15.773696 14.189602 12.636799 11.141306 9.724550 8.403102 7.188680 6.088365 5.105017 4.237813 3.482872 2.833922 2.282951 1.820820 1.437816 1.124111 0.870140 0.666879 0.506044 0.380203 0.282837 0.208331 0.151940 0.109723 0.078458 0.055551 0.038947 0.027039 0.018588 0.012655 0.008532 0.005698 0.003771 0.002476 0.001618 0.001061 0.000711 0.000507 0.000414 0.000414 
0.000308 0.000308 0.000381 0.000539 0.000813 0.001254 0.001939 0.002982 0.004549 0.006878 0.010300 0.015276 0.022437 0.032633 0.046998 0.067026 0.094653 0.132356 0.183258 0.251243 0.341058 0.458417 0.610079 0.803898 1.048818 1.354811 1.732739 2.194112 2.750754 3.414352 4.195895 5.105017 6.149257 7.333270 8.658034 10.120095 11.710915 13.416384 15.216547 17.085611 18.992261 20.900307 22.769675 24.557697 26.220666 27.715577 29.001954 30.043666 30.810609 31.280153 31.438255 31.280153 30.810609 30.043666 29.001954 27.715577 26.220666 24.557697 22.769675 20.900307 18.992261 17.085611 15.216547 13.416384 11.710915 10.120095 8.658034 7.333270 6.149257 5.105017 4.195895 3.414352 2.750754 2.194112 1.732739 1.354811 1.048818 0.803898 0.610079 0.458417 0.341058 0.251243 0.183258 0.132356 0.094653 0.067027 0.046999 0.032633 0.022437 0.015277 0.010302 0.006881 0.004555 0.002991 0.001955 0.001282 0.000859 0.000613 0.000501 0.000501 
0.000369 0.000369 0.000455 0.000645 0.000973 0.001500 0.002319 0.003565 0.005439 0.008222 0.012311 0.018256 0.026810 0.038988 0.056144 0.080059 0.113044 0.158053 0.218814 0.299956 0.407141 0.547182 0.728139 0.959371 1.251541 1.616534 2.067291 2.617528 3.281329 4.072614 5.004470 6.088365 7.333270 8.744718 10.323858 12.066560 13.962635 15.995258 18.140641 20.368044 22.640149 24.913838 27.141366 29.271901 31.253380 33.034574 34.567272 35.808438 36.722215 37.281652 37.470021 37.281652 36.722215 35.808438 34.567272 33.034574 31.253380 29.271901 27.141366 24.913838 22.640149 20.368044 18.140641 15.995258 13.962635 12.066560 10.323858 8.744718 7.333270 6.088365 5.004470 4.072614 3.281329 2.617528 2.067291 1.616534 1.251541 0.959371 0.728139 0.547182 0.407141 0.299956 0.218814 0.158053 0.113044 0.080059 0.056144 0.038988 0.026810 0.018257 0.012313 0.008226 0.005446 0.003577 0.002338 0.001533 0.001028 0.000734 0.000599 0.000599 
0.000437 0.000437 0.000540 0.000764 0.001152 0.001776 0.002745 0.004220 0.006437 0.009729 0.014565 0.021597 0.031712 0.046111 0.066393 0.094664 0.133650 0.186843 0.258644 0.354519 0.481153 0.646588 0.860337 1.133448 1.478501 1.909521 2.441776 3.091444 3.875140 4.809276 5.909284 7.188680 8.658034 10.323858 12.187491 14.244042 16.481477 18.879929 21.411327 24.039397 26.720112 29.402605 32.030558 34.544017 36.881573 38.982812 40.790874 42.255007 43.332928 43.992854 44.215058 43.992854 43.332928 42.255007 40.790874 38.982812 36.881573 34.544017 32.030558 29.402605 26.720112 24.039397 21.411327 18.879929 16.481477 14.244042 12.187491 10.323858 8.658034 7.188680 5.909284 4.809276 3.875140 3.091444 2.441776 1.909521 1.478501 1.133448 0.860337 0.646588 0.481153 0.354519 0.258644 0.186843 0.133650 0.094664 0.066394 0.046111 0.031713 0.021598 0.014568 0.009733 0.006445 0.004234 0.002768 0.001816 0.001217 0.000869 0.000710 0.000710 
0.000513 0.000513 0.000633 0.000895 0.001351 0.002082 0.003216 0.004944 0.007540 0.011396 0.017059 0.025291 0.037132 0.053985 0.077723 0.110805 0.156423 0.218656 0.302652 0.414799 0.562911 0.756387 1.006344 1.325691 1.729125 2.233030 2.855240 3.614650 4.530661 5.622438 6.907993 8.403102 10.120095 12.066560 14.244042 16.646811 19.260792 22.062766 25.019931 28.089912 31.221283 34.354633 37.424188 40.359935 43.090168 45.544337 47.656055 49.366060 50.624985 51.395719 51.655233 51.395719 50.624985 49.366060 47.656055 45.544337 43.090168 40.359935 37.424188 34.354633 31.221283 28.089912 25.019931 22.062766 19.260792 16.646811 14.244042 12.066560 10.120095 8.403102 6.907993 5.622438 4.530661 3.614650 2.855240 2.233030 1.729125 1.325691 1.006344 0.756387 0.562911 0.414799 0.302652 0.218657 0.156423 0.110805 0.077723 0.053986 0.037133 0.025293 0.017062 0.011401 0.007550 0.004961 0.003244 0.002128 0.001427 0.001019 0.000833 0.000833 
0.000595 0.000595 0.000734 0.001039 0.001567 0.002415 0.003731 0.005734 0.008744 0.013213 0.019777 0.029318 0.043039 0.062567 0.090069 0.128392 0.181232 0.253311 0.350586 0.480451 0.651947 0.875950 1.165321 1.534992 2.001966 2.585190 3.305289 4.184110 5.244086 6.507370 7.994781 9.724550 11.710915 13.962635 16.481477 19.260792 22.284285 25.525090 28.945260 32.495786 36.117192 39.740781 43.290501 46.685401 49.842578 52.680473 55.122335 57.099659 58.555373 59.446580 59.746658 59.446580 58.555373 57.099659 55.122335 52.680473 49.842578 46.685401 43.290501 39.740781 36.117192 32.495786 28.945260 25.525090 22.284285 19.260792 16.481477 13.962635 11.710915 9.724550 7.994781 6.507370 5.244086 4.184110 3.305289 2.585190 2.001966 1.534992 1.165321 0.875950 0.651947 0.480451 0.350586 0.253311 0.181232 0.128392 0.090069 0.062568 0.043040 0.029320 0.019781 0.013220 0.008755 0.005753 0.003763 0.002469 0.001655 0.001183 0.000966 0.000966 
0.000684 0.000684 0.000843 0.001194 0.001800 0.002773 0.004283 0.006583 0.010037 0.015165 0.022697 0.033642 0.049382 0.071781 0.103322 0.147270 0.207860 0.290504 0.402026 0.550897 0.747477 1.004223 1.335866 1.759507 2.294616 2.962891 3.787943 4.794788 6.009099 7.456235 9.160019 11.141306 13.416384 15.995258 18.879929 22.062766 25.525090 29.236123 33.152410 37.217825 41.364276 45.513113 49.577272 53.464090 57.078670 60.327657 63.123204 65.386903 67.053435 68.073701 68.417233 68.073701 67.053435 65.386903 63.123204 60.327657 57.078670 53.464090 49.577272 45.513113 41.364276 37.217825 33.152410 29.236123 25.525090 22.062766 18.879929 15.995258 13.416384 11.141306 9.160019 7.456235 6.009099 4.794788 3.787943 2.962891 2.294616 1.759507 1.335866 1.004223 0.747477 0.550897 0.402026 0.290504 0.207860 0.147271 0.103322 0.071781 0.049383 0.033644 0.022701 0.015173 0.010050 0.006605 0.004320 0.002835 0.001901 0.001359 0.001110 0.001110 
0.000778 0.000778 0.000959 0.001357 0.002046 0.003152 0.004868 0.007481 0.011405 0.017229 0.025784 0.038213 0.056087 0.081519 0.117329 0.167221 0.235997 0.329801 0.456371 0.625318 0.848388 1.139710 1.515988 1.996613 2.603658 3.361721 4.297566 5.439546 6.816759 8.457939 10.390077 12.636799 15.216547 18.140641 21.411327 25.019931 28.945260 33.152410 37.592104 42.200719 46.901066 51.603998 56.210838 60.616567 64.713640 68.396263 71.564887 74.130659 76.019561 77.175960 77.565327 77.175960 76.019561 74.130659 71.564887 68.396263 64.713640 60.616567 56.210838 51.603998 46.901066 42.200719 37.592104 33.152410 28.945260 25.019931 21.411327 18.140641 15.216547 12.636799 10.390077 8.457939 6.816759 5.439546 4.297566 3.361721 2.603658 1.996613 1.515988 1.139710 0.848388 0.625318 0.456371 0.329801 0.235998 0.167221 0.117329 0.081520 0.056088 0.038216 0.025788 0.017238 0.011419 0.007506 0.004910 0.003222 0.002161 0.001545 0.001262 0.001262 
0.000875 0.000875 0.001079 0.001527 0.002302 0.003546 0.005476 0.008414 0.012827 0.019376 0.028993 0.042967 0.063058 0.091643 0.131889 0.187957 0.265241 0.370640 0.512844 0.702646 0.953234 1.280472 1.703110 2.242915 2.924666 3.775967 4.826856 6.109150 7.655496 9.498131 11.667335 14.189602 17.085611 20.368044 24.039397 28.089912 32.495786 37.217825 42.200719 47.373057 52.648211 57.926143 63.096126 68.040321 72.638062 76.770649 80.326391 83.205602 85.325242 86.622894 87.059821 86.622894 85.325242 83.205602 80.326391 76.770649 72.638062 68.040321 63.096126 57.926143 52.648211 47.373057 42.200719 37.217825 32.495786 28.089912 24.039397 20.368044 17.085611 14.189602 11.667335 9.498131 7.655496 6.109150 4.826856 3.775967 2.924666 2.242915 1.703110 1.280472 0.953234 0.702646 0.512844 0.370640 0.265241 0.187957 0.131890 0.091644 0.063059 0.042970 0.028999 0.019386 0.012843 0.008443 0.005524 0.003625 0.002432 0.001738 0.001421 0.001421 
0.000975 0.000975 0.001202 0.001701 0.002564 0.003949 0.006098 0.009369 0.014280 0.021569 0.032272 0.047822 0.070178 0.101983 0.146758 0.209131 0.295101 0.412335 0.570498 0.781585 1.060257 1.424146 1.894091 2.494284 3.252257 4.198684 5.366942 6.792374 8.511250 10.559379 12.970386 15.773696 18.992261 22.640149 26.720112 31.221283 36.117192 41.364276 46.901066 52.648211 58.509461 64.373672 70.117834 75.611038 80.719240 85.310586 89.261010 92.459782 94.814663 96.256324 96.741739 96.256324 94.814663 92.459782 89.261010 85.310586 80.719240 75.611038 70.117834 64.373672 58.509461 52.648211 46.901066 41.364276 36.117192 31.221283 26.720112 22.640149 18.992261 15.773696 12.970386 10.559379 8.511250 6.792374 5.366942 4.198684 3.252257 2.494284 1.894091 1.424146 1.060257 0.781585 0.570498 0.412335 0.295101 0.209132 0.146759 0.101984 0.070180 0.047826 0.032279 0.021580 0.014298 0.009400 0.006151 0.004037 0.002708 0.001936 0.001582 0.001582 
0.001075 0.001075 0.001326 0.001875 0.002827 0.004353 0.006721 0.010325 0.015736 0.023767 0.035558 0.052687 0.077311 0.112341 0.161653 0.230341 0.325007 0.454094 0.628235 0.860633 1.167421 1.568001 2.085302 2.745940 3.580204 4.621841 5.907560 7.476240 9.367771 11.621529 14.274493 17.359010 20.900307 24.913838 29.402605 34.354633 39.740781 45.513113 51.603998 57.926143 64.373672 70.824335 77.142833 83.185187 88.803976 93.854188 98.199380 101.717782 104.307953 105.893653 106.427566 105.893653 104.307953 101.717782 98.199380 93.854188 88.803976 83.185187 77.142833 70.824335 64.373672 57.926143 51.603998 45.513113 39.740781 34.354633 29.402605 24.913838 20.900307 17.359010 14.274493 11.621529 9.367771 7.476240 5.907560 4.621841 3.580204 2.745940 2.085302 1.568001 1.167421 0.860633 0.628235 0.454094 0.325007 0.230341 0.161653 0.112342 0.077313 0.052691 0.035565 0.023779 0.015757 0.010359 0.006779 0.004450 0.002986 0.002135 0.001745 0.001745 
0.001173 0.001173 0.001447 0.002046 0.003084 0.004749 0.007332 0.011263 0.017165 0.025923 0.038781 0.057458 0.084307 0.122499 0.176258 0.251137 0.354330 0.495034 0.684837 0.938123 1.272468 1.709005 2.272715 2.992585 3.901607 5.036533 6.437342 8.146369 10.207050 12.662260 15.552253 18.912240 22.769675 27.141366 32.030558 37.424188 43.290501 49.577272 56.210838 63.096126 70.117834 77.142833 84.023792 90.603936 96.722741 102.222314 106.954096 110.785501 113.606084 115.332836 115.914241 115.332836 113.606084 110.785501 106.954096 102.222314 96.722741 90.603936 84.023792 77.142833 70.117834 63.096126 56.210838 49.577272 43.290501 37.424188 32.030558 27.141366 22.769675 18.912240 15.552253 12.662260 10.207050 8.146369 6.437342 5.036533 3.901607 2.992585 2.272715 1.709005 1.272468 0.938123 0.684837 0.495034 0.354330 0.251137 0.176259 0.122500 0.084309 0.057463 0.038788 0.025936 0.017187 0.011301 0.007396 0.004855 0.003258 0.002330 0.001904 0.001904 
