0.000000 0.000000 0.000000 0.000000 0.000000 0.000001 0.000001 0.000001 0.000002 0.000003 0.000004 0.000006 0.000008 0.000012 0.000016 0.000022 0.000030 0.000041 0.000055 0.000073 0.000097 0.000126 0.000163 0.000209 0.000266 0.000334 0.000417 0.000516 0.000633 0.000769 0.000926 0.001105 0.001306 0.001531 0.001778 0.002046 0.002334 0.002637 0.002954 0.003279 0.003606 0.003931 0.004246 0.004545 0.004821 0.005068 0.005279 0.005449 0.005574 0.005651 0.005677 0.005651 0.005574 0.005449 0.005279 0.005068 0.004821 0.004545 0.004246 0.003931 0.003606 0.003279 0.002954 0.002637 0.002334 0.002046 0.001778 0.001531 0.001306 0.001105 0.000926 0.000769 0.000633 0.000516 0.000417 0.000334 0.000266 0.000209 0.000163 0.000126 0.000097 0.000073 0.000055 0.000041 0.000030 0.000022 0.000016 0.000012 0.000008 0.000006 0.000004 0.000003 0.000002 0.000001 0.000001 0.000001 0.000000 0.000000 0.000000 0.000000 
0.000000 0.000000 0.000000 0.000000 0.000000 0.000001 0.000001 0.000001 0.000002 0.000003 0.000004 0.000006 0.000008 0.000012 0.000016 0.000022 0.000030 0.000041 0.000055 0.000073 0.000097 0.000126 0.000163 0.000209 0.000266 0.000334 0.000417 0.000516 0.000633 0.000769 0.000926 0.001105 0.001306 0.001531 0.001778 0.002046 0.002334 0.002637 0.002954 0.003279 0.003606 0.003931 0.004246 0.004545 0.004821 0.005068 0.005279 0.005449 0.005574 0.005651 0.005677 0.005651 0.005574 0.005449 0.005279 0.005068 0.004821 0.004545 0.004246 0.003931 0.003606 0.003279 0.002954 0.002637 0.002334 0.002046 0.001778 0.001531 0.001306 0.001105 0.000926 0.000769 0.000633 0.000516 0.000417 0.000334 0.000266 0.000209 0.000163 0.000126 0.000097 0.000073 0.000055 0.000041 0.000030 0.000022 0.000016 0.000012 0.000008 0.000006 0.000004 0.000003 0.000002 0.000001 0.000001 0.000001 0.000000 0.000000 0.000000 0.000000 
0.000000 0.000000 0.000000 0.000000 0.000001 0.000001 0.000001 0.000002 0.000002 0.000003 0.000005 0.000007 0.000010 0.000014 0.000019 0.000026 0.000036 0.000049 0.000065 0.000087 0.000114 0.000149 0.000193 0.000248 0.000315 0.000396 0.000494 0.000611 0.000749 0.000910 0.001096 0.001307 0.001546 0.001811 0.002103 0.002420 0.002760 0.003120 0.003494 0.003878 0.004265 0.004648 0.005021 0.005374 0.005701 0.005992 0.006242 0.006443 0.006591 0.006681 0.006711 0.006681 0.006591 0.006443 0.006242 0.005992 0.005701 0.005374 0.005021 0.004648 0.004265 0.003878 0.003494 0.003120 0.002760 0.002420 0.002103 0.001811 0.001546 0.001307 0.001096 0.000910 0.000749 0.000611 0.000494 0.000396 0.000315 0.000248 0.000193 0.000149 0.000114 0.000087 0.000065 0.000049 0.000036 0.000026 0.000019 0.000014 0.000010 0.000007 0.000005 0.000003 0.000002 0.000002 0.000001 0.000001 0.000001 0.000000 0.000000 0.000000 
0.000000 0.000000 0.000000 0.000000 0.000001 0.000001 0.000001 0.000002 0.000003 0.000005 0.000007 0.000009 0.000013 0.000018 0.000026 0.000035 0.000048 0.000065 0.000087 0.000116 0.000153 0.000199 0.000258 0.000330 0.000420 0.000528 0.000659 0.000815 0.000999 0.001214 0.001461 0.001742 0.002060 0.002413 0.002802 0.003224 0.003676 0.004154 0.004652 0.005163 0.005678 0.006188 0.006684 0.007154 0.007588 0.007975 0.008307 0.008575 0.008772 0.008892 0.008932 0.008892 0.008772 0.008575 0.008307 0.007975 0.007588 0.007154 0.006684 0.006188 0.005678 0.005163 0.004652 0.004154 0.003676 0.003224 0.002802 0.002413 0.002060 0.001742 0.001461 0.001214 0.000999 0.000815 0.000659 0.000528 0.000420 0.000330 0.000258 0.000199 0.000153 0.000116 0.000087 0.000065 0.000048 0.000035 0.000026 0.000018 0.000013 0.000009 0.000007 0.000005 0.000003 0.000002 0.000001 0.000001 0.000001 0.000001 0.000000 0.000000 
0.000000 0.000000 0.000001 0.000001 0.000001 0.000001 0.000002 0.000003 0.000004 0.000006 0.000009 0.000013 0.000019 0.000026 0.000037 0.000050 0.000069 0.000093 0.000124 0.000165 0.000217 0.000283 0.000366 0.000469 0.000596 0.000750 0.000936 0.001158 0.001418 0.001722 0.002073 0.002472 0.002922 0.003423 0.003974 0.004572 0.005213 0.005890 0.006595 0.007319 0.008048 0.008771 0.009472 0.010138 0.010752 0.011301 0.011771 0.012150 0.012428 0.012598 0.012656 0.012598 0.012428 0.012150 0.011771 0.011301 0.010752 0.010138 0.009472 0.008771 0.008048 0.007319 0.006595 0.005890 0.005213 0.004572 0.003974 0.003423 0.002922 0.002472 0.002073 0.001722 0.001418 0.001158 0.000936 0.000750 0.000596 0.000469 0.000366 0.000283 0.000217 0.000165 0.000124 0.000093 0.000069 0.000050 0.000037 0.000026 0.000019 0.000013 0.000009 0.000006 0.000004 0.000003 0.000002 0.000001 0.000001 0.000001 0.000001 0.000001 
0.000001 0.000001 0.000001 0.000001 0.000001 0.000002 0.000003 0.000004 0.000007 0.000009 0.000014 0.000019 0.000027 0.000038 0.000053 0.000073 0.000100 0.000135 0.000181 0.000241 0.000317 0.000413 0.000534 0.000684 0.000869 0.001094 0.001364 0.001686 0.002066 0.002508 0.003018 0.003599 0.004253 0.004982 0.005783 0.006652 0.007584 0.008568 0.009593 0.010644 0.011704 0.012755 0.013774 0.014741 0.015633 0.016431 0.017114 0.017664 0.018068 0.018315 0.018398 0.018315 0.018068 0.017664 0.017114 0.016431 0.015633 0.014741 0.013774 0.012755 0.011704 0.010644 0.009593 0.008568 0.007584 0.006652 0.005783 0.004982 0.004253 0.003599 0.003018 0.002508 0.002066 0.001686 0.001364 0.001094 0.000869 0.000684 0.000534 0.000413 0.000317 0.000241 0.000181 0.000135 0.000100 0.000073 0.000053 0.000038 0.000027 0.000019 0.000014 0.000009 0.000007 0.000004 0.000003 0.000002 0.000002 0.000001 0.000001 0.000001 
0.000001 0.000001 0.000001 0.000001 0.000002 0.000003 0.000004 0.000007 0.000010 0.000014 0.000020 0.000029 0.000040 0.000057 0.000078 0.000108 0.000147 0.000199 0.000266 0.000353 0.000465 0.000606 0.000784 0.001004 0.001275 0.001604 0.002000 0.002472 0.003028 0.003676 0.004423 0.005274 0.006232 0.007298 0.008470 0.009743 0.011106 0.012546 0.014046 0.015584 0.017135 0.018672 0.020162 0.021577 0.022882 0.024049 0.025047 0.025853 0.026444 0.026805 0.026926 0.026805 0.026444 0.025853 0.025047 0.024049 0.022882 0.021577 0.020162 0.018672 0.017135 0.015584 0.014046 0.012546 0.011106 0.009743 0.008470 0.007298 0.006232 0.005274 0.004423 0.003676 0.003028 0.002472 0.002000 0.001604 0.001275 0.001004 0.000784 0.000606 0.000465 0.000353 0.000266 0.000199 0.000147 0.000108 0.000078 0.000057 0.000040 0.000029 0.000020 0.000014 0.000010 0.000007 0.000005 0.000003 0.000002 0.000002 0.000001 0.000001 
0.000001 0.000001 0.000002 0.000002 0.000003 0.000004 0.000007 0.000010 0.000014 0.000020 0.000029 0.000042 0.000059 0.000083 0.000115 0.000158 0.000216 0.000291 0.000390 0.000518 0.000681 0.000888 0.001147 0.001470 0.001866 0.002347 0.002926 0.003616 0.004429 0.005376 0.006468 0.007711 0.009111 0.010669 0.012381 0.014240 0.016231 0.018334 0.020524 0.022770 0.025034 0.027277 0.029453 0.031518 0.033424 0.035126 0.036584 0.037759 0.038622 0.039148 0.039326 0.039148 0.038622 0.037759 0.036584 0.035126 0.033424 0.031518 0.029453 0.027277 0.025034 0.022770 0.020524 0.018334 0.016231 0.014240 0.012381 0.010669 0.009111 0.007711 0.006468 0.005376 0.004429 0.003616 0.002926 0.002347 0.001866 0.001470 0.001147 0.000888 0.000681 0.000518 0.000390 0.000291 0.000216 0.000158 0.000115 0.000083 0.000059 0.000042 0.000029 0.000021 0.000014 0.000010 0.000007 0.000005 0.000003 0.000002 0.000002 0.000002 
0.000002 0.000002 0.000002 0.000003 0.000004 0.000007 0.000010 0.000014 0.000021 0.000030 0.000043 0.000061 0.000086 0.000121 0.000168 0.000231 0.000314 0.000424 0.000568 0.000754 0.000992 0.001293 0.001670 0.002139 0.002714 0.003414 0.004257 0.005259 0.006441 0.007817 0.009402 0.011208 0.013242 0.015504 0.017991 0.020690 0.023580 0.026634 0.029813 0.033073 0.036360 0.039615 0.042773 0.045769 0.048535 0.051006 0.053120 0.054826 0.056077 0.056842 0.057099 0.056842 0.056077 0.054826 0.053120 0.051006 0.048535 0.045769 0.042773 0.039615 0.036360 0.033073 0.029813 0.026634 0.023580 0.020690 0.017991 0.015504 0.013242 0.011208 0.009402 0.007817 0.006441 0.005259 0.004257 0.003414 0.002714 0.002139 0.001670 0.001293 0.000992 0.000754 0.000568 0.000424 0.000314 0.000231 0.000168 0.000121 0.000086 0.000061 0.000043 0.000030 0.000021 0.000014 0.000010 0.000007 0.000005 0.000004 0.000003 0.000003 
0.000003 0.000003 0.000003 0.000005 0.000006 0.000009 0.000014 0.000020 0.000030 0.000043 0.000062 0.000089 0.000125 0.000175 0.000243 0.000333 0.000454 0.000613 0.000821 0.001089 0.001433 0.001867 0.002412 0.003089 0.003919 0.004929 0.006145 0.007591 0.009295 0.011279 0.013565 0.016169 0.019101 0.022362 0.025947 0.029836 0.034002 0.038402 0.042983 0.047679 0.052414 0.057103 0.061653 0.065968 0.069952 0.073510 0.076556 0.079013 0.080815 0.081916 0.082287 0.081916 0.080815 0.079013 0.076556 0.073510 0.069952 0.065968 0.061653 0.057103 0.052414 0.047679 0.042983 0.038402 0.034002 0.029836 0.025947 0.022362 0.019101 0.016169 0.013565 0.011279 0.009295 0.007591 0.006145 0.004929 0.003919 0.003089 0.002412 0.001867 0.001433 0.001089 0.000821 0.000613 0.000454 0.000333 0.000243 0.000175 0.000125 0.000089 0.000062 0.000043 0.000030 0.000021 0.000014 0.000010 0.000007 0.000005 0.000004 0.000004 
0.000004 0.000004 0.000005 0.000007 0.000009 0.000014 0.000020 0.000029 0.000043 0.000062 0.000089 0.000127 0.000179 0.000251 0.000348 0.000478 0.000651 0.000880 0.001177 0.001562 0.002053 0.002675 0.003456 0.004424 0.005613 0.007058 0.008797 0.010867 0.013304 0.016142 0.019412 0.023136 0.027327 0.031990 0.037114 0.042674 0.048628 0.054917 0.061463 0.068174 0.074940 0.081640 0.088141 0.094306 0.099997 0.105081 0.109432 0.112941 0.115516 0.117089 0.117618 0.117089 0.115516 0.112941 0.109432 0.105081 0.099997 0.094306 0.088141 0.081640 0.074940 0.068174 0.061463 0.054917 0.048628 0.042674 0.037114 0.031990 0.027327 0.023136 0.019412 0.016142 0.013304 0.010867 0.008797 0.007058 0.005613 0.004424 0.003456 0.002675 0.002053 0.001562 0.001177 0.000880 0.000651 0.000478 0.000348 0.000251 0.000179 0.000127 0.000089 0.000062 0.000043 0.000030 0.000020 0.000014 0.000010 0.000007 0.000006 0.000006 
0.000006 0.000006 0.000007 0.000009 0.000013 0.000019 0.000029 0.000042 0.000061 0.000089 0.000127 0.000181 0.000255 0.000357 0.000495 0.000680 0.000926 0.001250 0.001673 0.002219 0.002917 0.003801 0.004908 0.006282 0.007970 0.010021 0.012488 0.015424 0.018881 0.022906 0.027543 0.032823 0.038766 0.045376 0.052639 0.060520 0.068958 0.077869 0.087146 0.096655 0.106242 0.115733 0.124943 0.133677 0.141740 0.148941 0.155104 0.160074 0.163721 0.165950 0.166699 0.165950 0.163721 0.160074 0.155104 0.148941 0.141740 0.133677 0.124943 0.115733 0.106242 0.096655 0.087146 0.077869 0.068958 0.060520 0.052639 0.045376 0.038766 0.032823 0.027543 0.022906 0.018881 0.015424 0.012488 0.010021 0.007970 0.006282 0.004908 0.003801 0.002917 0.002219 0.001673 0.001250 0.000926 0.000680 0.000495 0.000357 0.000255 0.000181 0.000127 0.000089 0.000061 0.000042 0.000029 0.000020 0.000014 0.000011 0.000009 0.000009 
0.000008 0.000008 0.000010 0.000013 0.000019 0.000027 0.000040 0.000059 0.000086 0.000125 0.000179 0.000255 0.000360 0.000503 0.000698 0.000959 0.001305 0.001762 0.002357 0.003126 0.004109 0.005353 0.006911 0.008845 0.011219 0.014105 0.017575 0.021704 0.026565 0.032225 0.038744 0.046165 0.054519 0.063809 0.074017 0.085090 0.096946 0.109467 0.122500 0.135858 0.149325 0.162657 0.175593 0.187860 0.199183 0.209297 0.217953 0.224932 0.230054 0.233183 0.234235 0.233183 0.230054 0.224932 0.217953 0.209297 0.199183 0.187860 0.175593 0.162657 0.149325 0.135858 0.122500 0.109467 0.096946 0.085090 0.074017 0.063809 0.054519 0.046165 0.038744 0.032225 0.026565 0.021704 0.017575 0.014105 0.011219 0.008845 0.006911 0.005353 0.004109 0.003126 0.002357 0.001762 0.001305 0.000959 0.000698 0.000503 0.000360 0.000255 0.000179 0.000125 0.000087 0.000060 0.000041 0.000028 0.000020 0.000015 0.000013 0.000013 
0.000012 0.000012 0.000014 0.000018 0.000026 0.000038 0.000057 0.000083 0.000121 0.000175 0.000251 0.000357 0.000503 0.000704 0.000975 0.001340 0.001824 0.002462 0.003293 0.004366 0.005737 0.007473 0.009647 0.012345 0.015656 0.019680 0.024519 0.030275 0.037052 0.044942 0.054027 0.064370 0.076010 0.088954 0.103175 0.118601 0.135116 0.152556 0.170708 0.189312 0.208065 0.226630 0.244643 0.261724 0.277490 0.291571 0.303622 0.313339 0.320470 0.324826 0.326291 0.324826 0.320470 0.313339 0.303622 0.291571 0.277490 0.261724 0.244643 0.226630 0.208065 0.189312 0.170708 0.152556 0.135116 0.118601 0.103175 0.088954 0.076010 0.064370 0.054027 0.044942 0.037052 0.030275 0.024519 0.019680 0.015656 0.012345 0.009647 0.007473 0.005737 0.004366 0.003293 0.002462 0.001824 0.001340 0.000975 0.000704 0.000503 0.000357 0.000251 0.000175 0.000121 0.000083 0.000057 0.000040 0.000028 0.000021 0.000018 0.000018 
0.000016 0.000016 0.000019 0.000026 0.000037 0.000053 0.000078 0.000115 0.000168 0.000243 0.000348 0.000495 0.000698 0.000975 0.001351 0.001856 0.002526 0.003409 0.004559 0.006043 0.007941 0.010341 0.013349 0.017079 0.021658 0.027220 0.033908 0.041865 0.051229 0.062132 0.074684 0.088972 0.105051 0.122931 0.142571 0.163875 0.186680 0.210761 0.235823 0.261508 0.287398 0.313027 0.337892 0.361469 0.383231 0.402666 0.419300 0.432711 0.442553 0.448565 0.450587 0.448565 0.442553 0.432711 0.419300 0.402666 0.383231 0.361469 0.337892 0.313027 0.287398 0.261508 0.235823 0.210761 0.186680 0.163875 0.142571 0.122931 0.105051 0.088972 0.074684 0.062132 0.051229 0.041865 0.033908 0.027220 0.021658 0.017079 0.013349 0.010341 0.007941 0.006043 0.004559 0.003409 0.002526 0.001856 0.001351 0.000975 0.000698 0.000495 0.000348 0.000243 0.000168 0.000116 0.000079 0.000055 0.000039 0.000029 0.000025 0.000025 
0.000022 0.000022 0.000026 0.000035 0.000050 0.000073 0.000108 0.000158 0.000231 0.000333 0.000478 0.000680 0.000959 0.001340 0.001856 0.002548 0.003468 0.004679 0.006257 0.008293 0.010895 0.014186 0.018310 0.023422 0.029698 0.037321 0.046485 0.057386 0.070215 0.085148 0.102339 0.121908 0.143925 0.168406 0.195296 0.224460 0.255679 0.288641 0.322944 0.358097 0.393529 0.428602 0.462628 0.494891 0.524668 0.551261 0.574020 0.592370 0.605835 0.614061 0.616828 0.614061 0.605835 0.592370 0.574020 0.551261 0.524668 0.494891 0.462628 0.428602 0.393529 0.358097 0.322944 0.288641 0.255679 0.224460 0.195296 0.168406 0.143925 0.121908 0.102339 0.085148 0.070215 0.057386 0.046485 0.037321 0.029698 0.023422 0.018310 0.014186 0.010895 0.008293 0.006257 0.004679 0.003468 0.002548 0.001856 0.001340 0.000959 0.000680 0.000478 0.000334 0.000231 0.000159 0.000109 0.000076 0.000054 0.000041 0.000034 0.000034 
0.000030 0.000030 0.000036 0.000048 0.000069 0.000100 0.000147 0.000216 0.000314 0.000454 0.000651 0.000926 0.001305 0.001824 0.002526 0.003468 0.004720 0.006366 0.008512 0.011280 0.014817 0.019291 0.024894 0.031841 0.040367 0.050722 0.063170 0.077975 0.095395 0.115672 0.139012 0.165578 0.195465 0.228694 0.265188 0.304767 0.347131 0.391857 0.438400 0.486093 0.534163 0.581743 0.627901 0.671665 0.712056 0.748128 0.778997 0.803886 0.822150 0.833307 0.837059 0.833307 0.822150 0.803886 0.778997 0.748128 0.712056 0.671665 0.627901 0.581743 0.534163 0.486093 0.438400 0.391857 0.347131 0.304767 0.265188 0.228694 0.195465 0.165578 0.139012 0.115672 0.095395 0.077975 0.063170 0.050722 0.040367 0.031841 0.024894 0.019291 0.014817 0.011280 0.008512 0.006366 0.004720 0.003468 0.002526 0.001824 0.001306 0.000926 0.000652 0.000455 0.000315 0.000217 0.000149 0.000103 0.000073 0.000055 0.000047 0.000047 
0.000041 0.000041 0.000049 0.000065 0.000093 0.000135 0.000199 0.000291 0.000424 0.000613 0.000880 0.001250 0.001762 0.002462 0.003409 0.004679 0.006366 0.008586 0.011477 0.015208 0.019974 0.026001 0.033550 0.042907 0.054389 0.068333 0.085092 0.105024 0.128474 0.155766 0.187178 0.222927 0.263144 0.307853 0.356952 0.410196 0.467183 0.527345 0.589945 0.654090 0.718737 0.782723 0.844794 0.903643 0.957955 1.006457 1.047964 1.081428 1.105984 1.120985 1.126030 1.120985 1.105984 1.081428 1.047964 1.006457 0.957955 0.903643 0.844794 0.782723 0.718737 0.654090 0.589945 0.527345 0.467183 0.410196 0.356952 0.307853 0.263144 0.222927 0.187178 0.155766 0.128474 0.105024 0.085092 0.068333 0.054389 0.042907 0.033550 0.026001 0.019974 0.015208 0.011477 0.008586 0.006366 0.004679 0.003409 0.002462 0.001762 0.001251 0.000880 0.000614 0.000425 0.000293 0.000201 0.000139 0.000099 0.000075 0.000063 0.000063 
0.000055 0.000055 0.000065 0.000087 0.000124 0.000181 0.000266 0.000390 0.000568 0.000821 0.001177 0.001673 0.002357 0.003293 0.004559 0.006257 0.008512 0.011477 0.015341 0.020324 0.026689 0.034739 0.044818 0.057311 0.072639 0.091252 0.113619 0.140217 0.171508 0.207922 0.249829 0.297518 0.351161 0.410791 0.476272 0.547276 0.623266 0.703483 0.786948 0.872467 0.958652 1.043951 1.126694 1.205139 1.277535 1.342184 1.397507 1.442110 1.474840 1.494833 1.501558 1.494833 1.474840 1.442110 1.397507 1.342184 1.277535 1.205139 1.126694 1.043951 0.958652 0.872467 0.786948 0.703483 0.623266 0.547276 0.476272 0.410791 0.351161 0.297518 0.249829 0.207922 0.171508 0.140217 0.113619 0.091252 0.072639 0.057311 0.044818 0.034739 0.026689 0.020324 0.015341 0.011477 0.008512 0.006257 0.004559 0.003293 0.002358 0.001673 0.001178 0.000822 0.000569 0.000392 0.000270 0.000187 0.000133 0.000100 0.000085 0.000085 
0.000073 0.000073 0.000087 0.000116 0.000165 0.000241 0.000353 0.000518 0.000754 0.001089 0.001562 0.002219 0.003126 0.004366 0.006043 0.008293 0.011280 0.015208 0.020324 0.026923 0.035350 0.046006 0.059346 0.075879 0.096162 0.120788 0.150380 0.185565 0.226953 0.275112 0.330532 0.393591 0.464518 0.543356 0.629922 0.723783 0.824228 0.930255 1.040568 1.153590 1.267485 1.380206 1.489544 1.593200 1.688859 1.774279 1.847376 1.906308 1.949551 1.975967 1.984852 1.975967 1.949551 1.906308 1.847376 1.774279 1.688859 1.593200 1.489544 1.380206 1.267485 1.153590 1.040568 0.930255 0.824228 0.723783 0.629922 0.543356 0.464518 0.393591 0.330532 0.275112 0.226953 0.185565 0.150380 0.120788 0.096162 0.075879 0.059346 0.046006 0.035350 0.026923 0.020324 0.015208 0.011280 0.008293 0.006043 0.004366 0.003126 0.002219 0.001562 0.001091 0.000756 0.000521 0.000358 0.000248 0.000176 0.000133 0.000113 0.000113 
0.000097 0.000097 0.000114 0.000153 0.000217 0.000317 0.000465 0.000681 0.000992 0.001433 0.002053 0.002917 0.004109 0.005737 0.007941 0.010895 0.014817 0.019974 0.026689 0.035350 0.046408 0.060390 0.077892 0.099581 0.126184 0.158483 0.197289 0.243424 0.297688 0.360824 0.433472 0.516128 0.609089 0.712409 0.825850 0.948843 1.080454 1.219371 1.363895 1.511960 1.661163 1.808822 1.952043 2.087816 2.213111 2.324992 2.420731 2.497916 2.554552 2.589148 2.600785 2.589148 2.554552 2.497916 2.420731 2.324992 2.213111 2.087816 1.952043 1.808822 1.661163 1.511960 1.363895 1.219371 1.080454 0.948843 0.825850 0.712409 0.609089 0.516128 0.433472 0.360824 0.297688 0.243424 0.197289 0.158483 0.126184 0.099581 0.077892 0.060390 0.046408 0.035350 0.026689 0.019974 0.014817 0.010895 0.007941 0.005737 0.004109 0.002918 0.002054 0.001434 0.000994 0.000685 0.000471 0.000326 0.000232 0.000175 0.000149 0.000149 
0.000126 0.000126 0.000149 0.000199 0.000283 0.000413 0.000606 0.000888 0.001293 0.001867 0.002675 0.003801 0.005353 0.007473 0.010341 0.014186 0.019291 0.026001 0.034739 0.046006 0.060390 0.078575 0.101336 0.129537 0.164125 0.206114 0.256557 0.316520 0.387044 0.469089 0.563487 0.670880 0.791654 0.925876 1.073235 1.232991 1.403932 1.584350 1.772041 1.964321 2.158070 2.349806 2.535772 2.712061 2.874742 3.020002 3.144302 3.244510 3.318039 3.362955 3.378062 3.362955 3.318039 3.244510 3.144302 3.020002 2.874742 2.712061 2.535772 2.349806 2.158070 1.964321 1.772041 1.584350 1.403932 1.232991 1.073235 0.925876 0.791654 0.670880 0.563487 0.469089 0.387044 0.316520 0.256557 0.206114 0.164125 0.129537 0.101336 0.078575 0.060390 0.046006 0.034739 0.026001 0.019291 0.014187 0.010342 0.007473 0.005353 0.003801 0.002677 0.001869 0.001296 0.000893 0.000614 0.000425 0.000302 0.000229 0.000194 0.000194 
0.000163 0.000163 0.000193 0.000258 0.000366 0.000534 0.000784 0.001147 0.001670 0.002412 0.003456 0.004908 0.006911 0.009647 0.013349 0.018310 0.024894 0.033550 0.044818 0.059346 0.077892 0.101336 0.130674 0.167022 0.211597 0.265703 0.330697 0.407951 0.498801 0.604484 0.726070 0.864382 1.019914 1.192753 1.382497 1.588189 1.808269 2.040538 2.282158 2.529673 2.779068 3.025861 3.265221 3.492117 3.701492 3.888442 4.048413 4.177376 4.272003 4.329807 4.349248 4.329807 4.272003 4.177376 4.048413 3.888442 3.701492 3.492117 3.265221 3.025861 2.779068 2.529673 2.282158 2.040538 1.808269 1.588189 1.382497 1.192753 1.019914 0.864382 0.726070 0.604484 0.498801 0.407951 0.330697 0.265703 0.211597 0.167022 0.130674 0.101336 0.077892 0.059346 0.044818 0.033550 0.024894 0.018310 0.013349 0.009648 0.006912 0.004909 0.003457 0.002415 0.001674 0.001154 0.000794 0.000550 0.000391 0.000296 0.000251 0.000251 
0.000209 0.000209 0.000248 0.000330 0.000469 0.000684 0.001004 0.001470 0.002139 0.003089 0.004424 0.006282 0.008845 0.012345 0.017079 0.023422 0.031841 0.042907 0.057311 0.075879 0.099581 0.129537 0.167022 0.213457 0.270398 0.339506 0.422513 0.521169 0.637177 0.772114 0.927344 1.103914 1.302454 1.523070 1.765248 2.027766 2.308630 2.605034 2.913355 3.229183 3.547398 3.862280 4.167667 4.457144 4.724259 4.962761 5.166839 5.331357 5.452073 5.525811 5.550612 5.525811 5.452073 5.331357 5.166839 4.962761 4.724259 4.457144 4.167667 3.862280 3.547398 3.229183 2.913355 2.605034 2.308630 2.027766 1.765248 1.523070 1.302454 1.103914 0.927344 0.772114 0.637177 0.521169 0.422513 0.339506 0.270398 0.213457 0.167022 0.129537 0.099581 0.075879 0.057311 0.042907 0.031841 0.023423 0.017079 0.012345 0.008846 0.006284 0.004426 0.003092 0.002144 0.001478 0.001017 0.000704 0.000501 0.000379 0.000322 0.000322 
0.000266 0.000266 0.000315 0.000420 0.000596 0.000869 0.001275 0.001866 0.002714 0.003919 0.005613 0.007970 0.011219 0.015656 0.021658 0.029698 0.040367 0.054389 0.072639 0.096162 0.126184 0.164125 0.211597 0.270398 0.342494 0.429987 0.535068 0.659948 0.806779 0.977556 1.174000 1.397433 1.648648 1.927779 2.234171 2.566277 2.921572 3.296505 3.686494 4.085961 4.488430 4.886669 5.272886 5.638971 5.976767 6.278373 6.536441 6.744482 6.897129 6.990373 7.021734 6.990373 6.897129 6.744482 6.536441 6.278373 5.976767 5.638971 5.272886 4.886669 4.488430 4.085961 3.686494 3.296505 2.921572 2.566277 2.234171 1.927779 1.648648 1.397433 1.174000 0.977556 0.806779 0.659948 0.535068 0.429987 0.342494 0.270398 0.211597 0.164125 0.126184 0.096162 0.072639 0.054389 0.040367 0.029698 0.021658 0.015657 0.011220 0.007971 0.005615 0.003923 0.002721 0.001876 0.001291 0.000895 0.000636 0.000482 0.000409 0.000409 
0.000334 0.000334 0.000396 0.000528 0.000750 0.001094 0.001604 0.002347 0.003414 0.004929 0.007058 0.010021 0.014105 0.019680 0.027220 0.037321 0.050722 0.068333 0.091252 0.120788 0.158483 0.206114 0.265703 0.339506 0.429987 0.539783 0.671637 0.828321 1.012532 1.226768 1.473183 1.753433 2.068510 2.418576 2.802807 3.219260 3.664768 4.134878 4.623842 5.124668 5.629238 6.128487 6.612649 7.071561 7.495000 7.873064 8.196549 8.457321 8.648658 8.765533 8.804842 8.765533 8.648658 8.457321 8.196549 7.873064 7.495000 7.071561 6.612649 6.128487 5.629238 5.124668 4.623842 4.134878 3.664768 3.219260 2.802807 2.418576 2.068510 1.753433 1.473183 1.226768 1.012532 0.828321 0.671637 0.539783 0.429987 0.339506 0.265703 0.206114 0.158483 0.120788 0.091252 0.068333 0.050723 0.037321 0.027221 0.019681 0.014106 0.010023 0.007061 0.004934 0.003422 0.002360 0.001624 0.001126 0.000801 0.000606 0.000515 0.000515 
0.000417 0.000417 0.000494 0.000659 0.000936 0.001364 0.002000 0.002926 0.004257 0.006145 0.008797 0.012488 0.017575 0.024519 0.033908 0.046485 0.063170 0.085092 0.113619 0.150380 0.197289 0.256557 0.330697 0.422513 0.535068 0.671637 0.835628 1.030486 1.259560 1.525950 1.832331 2.180758 2.572457 3.007627 3.485241 4.002880 4.556604 5.140877 5.748556 6.370952 6.997976 7.618367 8.219992 8.790223 9.316366 9.786118 10.188047 10.512052 10.749781 10.894994 10.943834 10.894994 10.749781 10.512052 10.188047 9.786118 9.316366 8.790223 8.219992 7.618367 6.997976 6.370952 5.748556 5.140877 4.556604 4.002880 3.485241 3.007627 2.572457 2.180758 1.832331 1.525950 1.259560 1.030486 0.835628 0.671637 0.535068 0.422513 0.330697 0.256557 0.197289 0.150380 0.113619 0.085093 0.063170 0.046485 0.033909 0.024519 0.017576 0.012490 0.008801 0.006151 0.004267 0.002943 0.002026 0.001404 0.000999 0.000757 0.000643 0.000643 
0.000516 0.000516 0.000611 0.000815 0.001158 0.001686 0.002472 0.003616 0.005259 0.007591 0.010867 0.015424 0.021704 0.030275 0.041865 0.057386 0.077975 0.105024 0.140217 0.185565 0.243424 0.316520 0.407951 0.521169 0.659948 0.828321 1.030486 1.270684 1.553038 1.881364 2.258952 2.688329 3.171003 3.707211 4.295685 4.933441 5.615622 6.335406 7.083991 7.850676 8.623033 9.387195 10.128219 10.830558 11.478579 12.057135 12.552151 12.951189 13.243970 13.422809 13.482958 13.422809 13.243970 12.951189 12.552151 12.057135 11.478579 10.830558 10.128219 9.387195 8.623033 7.850676 7.083991 6.335406 5.615622 4.933441 4.295685 3.707211 3.171003 2.688329 2.258952 1.881364 1.553038 1.270684 1.030486 0.828321 0.659948 0.521169 0.407951 0.316520 0.243424 0.185565 0.140217 0.105024 0.077975 0.057386 0.041866 0.030277 0.021706 0.015427 0.010872 0.007599 0.005272 0.003637 0.002504 0.001736 0.001235 0.000936 0.000795 0.000795 
0.000633 0.000633 0.000749 0.000999 0.001418 0.002066 0.003028 0.004429 0.006441 0.009295 0.013304 0.018881 0.026565 0.037052 0.051229 0.070215 0.095395 0.128474 0.171508 0.226953 0.297688 0.387044 0.498801 0.637177 0.806779 1.012532 1.259560 1.553038 1.897997 2.299094 2.760342 3.284819 3.874362 4.529257 5.247946 6.026782 6.859832 7.738762 8.652823 9.588949 10.531970 11.464953 12.369662 13.227119 14.018243 14.724549 15.328859 15.815995 16.173410 16.391729 16.465156 16.391729 16.173410 15.815995 15.328859 14.724549 14.018243 13.227119 12.369662 11.464953 10.531970 9.588949 8.652823 7.738762 6.859832 6.026782 5.247946 4.529257 3.874362 3.284819 2.760342 2.299094 1.897997 1.553038 1.259560 1.012532 0.806779 0.637177 0.498801 0.387044 0.297688 0.226953 0.171508 0.128474 0.095396 0.070215 0.051230 0.037053 0.026567 0.018884 0.013310 0.009304 0.006456 0.004454 0.003067 0.002127 0.001514 0.001147 0.000975 0.000975 
0.000769 0.000769 0.000910 0.001214 0.001722 0.002508 0.003676 0.005376 0.007817 0.011279 0.016142 0.022906 0.032225 0.044942 0.062132 0.085148 0.115672 0.155766 0.207922 0.275112 0.360824 0.469089 0.604484 0.772114 0.977556 1.226768 1.525950 1.881364 2.299094 2.784772 3.343250 3.978248 4.691982 5.484790 6.354783 7.297540 8.305875 9.369699 10.476002 11.608969 12.750241 13.879332 14.974176 16.011812 16.969156 17.823846 18.555101 19.144560 19.577047 19.841220 19.930069 19.841220 19.577047 19.144560 18.555101 17.823846 16.969156 16.011812 14.974176 13.879332 12.750241 11.608969 10.476002 9.369699 8.305875 7.297540 6.354783 5.484790 4.691982 3.978248 3.343250 2.784772 2.299094 1.881364 1.525950 1.226768 0.977556 0.772114 0.604484 0.469089 0.360824 0.275112 0.207922 0.155766 0.115672 0.085148 0.062132 0.044943 0.032228 0.022911 0.016150 0.011291 0.007835 0.005406 0.003723 0.002583 0.001838 0.001393 0.001184 0.001184 
0.000926 0.000926 0.001096 0.001461 0.002073 0.003018 0.004423 0.006468 0.009402 0.013565 0.019412 0.027543 0.038744 0.054027 0.074684 0.102339 0.139012 0.187178 0.249829 0.330532 0.433472 0.563487 0.726070 0.927344 1.174000 1.473183 1.832331 2.258952 2.760342 3.343250 4.013492 4.775523 5.631995 6.583305 7.627181 8.758311 9.968070 11.244351 12.571545 13.930678 15.299733 16.654135 17.967423 19.212059 20.360362 21.385518 22.262607 22.969614 23.488341 23.805190 23.911754 23.805190 23.488341 22.969614 22.262607 21.385518 20.360362 19.212059 17.967423 16.654135 15.299733 13.930678 12.571545 11.244351 9.968070 8.758311 7.627181 6.583305 5.631995 4.775523 4.013492 3.343250 2.760342 2.258952 1.832331 1.473183 1.174000 0.927344 0.726070 0.563487 0.433472 0.330532 0.249829 0.187179 0.139013 0.102340 0.074685 0.054029 0.038747 0.027548 0.019421 0.013579 0.009425 0.006504 0.004480 0.003108 0.002213 0.001676 0.001426 0.001426 
0.001105 0.001105 0.001307 0.001742 0.002472 0.003599 0.005274 0.007711 0.011208 0.016169 0.023136 0.032823 0.046165 0.064370 0.088972 0.121908 0.165578 0.222927 0.297518 0.393591 0.516128 0.670880 0.864382 1.103914 1.397433 1.753433 2.180758 2.688329 3.284819 3.978248 4.775523 5.681936 6.700629 7.832068 9.073541 10.418726 11.857361 13.375044 14.953214 16.569311 18.197154 19.807532 21.368986 22.848783 24.214020 25.432825 26.475579 27.316116 27.932809 28.309495 28.436184 28.309495 27.932809 27.316116 26.475579 25.432825 24.214020 22.848783 21.368986 19.807532 18.197154 16.569311 14.953214 13.375044 11.857361 10.418726 9.073541 7.832068 6.700629 5.681936 4.775523 3.978248 3.284819 2.688329 2.180758 1.753433 1.397433 1.103914 0.864382 0.670880 0.516128 0.393591 0.297518 0.222928 0.165578 0.121908 0.088974 0.064372 0.046169 0.032829 0.023146 0.016186 0.011235 0.007754 0.005342 0.003706 0.002639 0.002000 0.001701 0.001701 
0.001306 0.001306 0.001546 0.002060 0.002922 0.004253 0.006232 0.009111 0.013242 0.019101 0.027327 0.038766 0.054519 0.076010 0.105051 0.143925 0.195465 0.263144 0.351161 0.464518 0.609089 0.791654 1.019914 1.302454 1.648648 2.068510 2.572457 3.171003 3.874362 4.691982 5.631995 6.700629 7.901579 9.235383 10.698838 12.284484 13.980216 15.769060 17.629133 19.533848 21.452353 23.350224 25.190394 26.934295 28.543161 29.979441 31.208241 32.198735 32.925443 33.369327 33.518616 33.369327 32.925443 32.198735 31.208241 29.979441 28.543161 26.934295 25.190394 23.350224 21.452353 19.533848 17.629133 15.769060 13.980216 12.284484 10.698838 9.235383 7.901579 6.700629 5.631995 4.691982 3.874362 3.171003 2.572457 2.068510 1.648648 1.302454 1.019914 0.791654 0.609089 0.464519 0.351161 0.263144 0.195466 0.143926 0.105053 0.076012 0.054523 0.038773 0.027340 0.019121 0.013273 0.009162 0.006312 0.004380 0.003119 0.002364 0.002011 0.002011 
0.001531 0.001531 0.001811 0.002413 0.003423 0.004982 0.007298 0.010669 0.015504 0.022362 0.031990 0.045376 0.063809 0.088954 0.122931 0.168406 0.228694 0.307853 0.410791 0.543356 0.712409 0.925876 1.192753 1.523070 1.927779 2.418576 3.007627 3.707211 4.529257 5.484790 6.583305 7.832068 9.235383 10.793872 12.503778 14.356380 16.337530 18.427390 20.600396 22.825489 25.066631 27.283614 29.433146 31.470185 33.349458 35.027112 36.462401 37.619327 38.468137 38.986600 39.160971 38.986600 38.468137 37.619327 36.462401 35.027112 33.349458 31.470185 29.433146 27.283614 25.066631 22.825489 20.600396 18.427390 16.337530 14.356380 12.503778 10.793872 9.235383 7.832068 6.583305 5.484790 4.529257 3.707211 3.007627 2.418576 1.927779 1.523070 1.192753 0.925876 0.712409 0.543356 0.410791 0.307853 0.228694 0.168407 0.122933 0.088957 0.063815 0.045385 0.032005 0.022386 0.015542 0.010728 0.007393 0.005130 0.003654 0.002770 0.002356 0.002356 
0.001778 0.001778 0.002103 0.002802 0.003974 0.005783 0.008470 0.012381 0.017991 0.025947 0.037114 0.052639 0.074017 0.103175 0.142571 0.195296 0.265188 0.356952 0.476272 0.629922 0.825850 1.073235 1.382497 1.765248 2.234171 2.802807 3.485241 4.295685 5.247946 6.354783 7.627181 9.073541 10.698838 12.503778 14.484003 16.629402 18.923585 21.343577 23.859773 26.436211 29.031165 31.598085 34.086857 36.445337 38.621122 40.563448 42.225154 43.564573 44.547267 45.147505 45.349378 45.147505 44.547267 43.564573 42.225154 40.563448 38.621122 36.445337 34.086857 31.598085 29.031165 26.436211 23.859773 21.343577 18.923585 16.629402 14.484003 12.503778 10.698838 9.073541 7.627181 6.354783 5.247946 4.295685 3.485241 2.802807 2.234171 1.765248 1.382497 1.073235 0.825850 0.629922 0.476272 0.356952 0.265189 0.195297 0.142573 0.103179 0.074023 0.052649 0.037131 0.025974 0.018034 0.012451 0.008580 0.005955 0.004242 0.003216 0.002736 0.002736 
0.002046 0.002046 0.002420 0.003224 0.004572 0.006652 0.009743 0.014240 0.020690 0.029836 0.042674 0.060520 0.085090 0.118601 0.163875 0.224460 0.304767 0.410196 0.547276 0.723783 0.948843 1.232991 1.588189 2.027766 2.566277 3.219260 4.002880 4.933441 6.026782 7.297540 8.758311 10.418726 12.284484 14.356380 16.629402 19.091934 21.725159 24.502698 27.390575 30.347513 33.325631 36.271512 39.127650 41.834218 44.331086 46.560017 48.466898 50.003927 51.131595 51.820381 52.052034 51.820381 51.131595 50.003927 48.466898 46.560017 44.331086 41.834218 39.127650 36.271512 33.325631 30.347513 27.390575 24.502698 21.725159 19.091934 16.629402 14.356380 12.284484 10.418726 8.758311 7.297540 6.026782 4.933441 4.002880 3.219260 2.566277 2.027766 1.588189 1.232991 0.948843 0.723783 0.547276 0.410197 0.304768 0.224462 0.163877 0.118605 0.085097 0.060531 0.042693 0.029867 0.020740 0.014320 0.009869 0.006851 0.004881 0.003700 0.003148 0.003148 
0.002334 0.002334 0.002760 0.003676 0.005213 0.007584 0.011106 0.016231 0.023580 0.034002 0.048628 0.068958 0.096946 0.135116 0.186680 0.255679 0.347131 0.467183 0.623266 0.824228 1.080454 1.403932 1.808269 2.308630 2.921572 3.664768 4.556604 5.615622 6.859832 8.305875 9.968070 11.857361 13.980216 16.337530 18.923585 21.725159 24.720832 27.880596 31.165792 34.529469 37.917163 41.268118 44.516931 47.595558 50.435620 52.970884 55.139816 56.888054 58.170672 58.954099 59.217582 58.954099 58.170672 56.888054 55.139816 52.970884 50.435620 47.595558 44.516931 41.268118 37.917163 34.529469 31.165792 27.880596 24.720832 21.725159 18.923585 16.337530 13.980216 11.857361 9.968070 8.305875 6.859832 5.615622 4.556604 3.664768 2.921572 2.308630 1.808269 1.403932 1.080454 0.824229 0.623266 0.467184 0.347132 0.255681 0.186683 0.135121 0.096954 0.068971 0.048650 0.034037 0.023637 0.016322 0.011250 0.007810 0.005565 0.004219 0.003590 0.003590 
0.002637 0.002637 0.003120 0.004154 0.005890 0.008568 0.012546 0.018334 0.026634 0.038402 0.054917 0.077869 0.109467 0.152556 0.210761 0.288641 0.391857 0.527345 0.703483 0.930255 1.219371 1.584350 2.040538 2.605034 3.296505 4.134878 5.140877 6.335406 7.738762 9.369699 11.244351 13.375044 15.769060 18.427390 21.343577 24.502698 27.880596 31.443424 35.147594 38.940167 42.759739 46.537817 50.200670 53.671596 56.873514 59.731767 62.176995 64.147922 65.593910 66.477121 66.774163 66.477121 65.593910 64.147922 62.176995 59.731767 56.873514 53.671596 50.200670 46.537817 42.759739 38.940167 35.147594 31.443424 27.880596 24.502698 21.343577 18.427390 15.769060 13.375044 11.244351 9.369699 7.738762 6.335406 5.140877 4.134878 3.296505 2.605034 2.040539 1.584350 1.219371 0.930256 0.703484 0.527345 0.391859 0.288643 0.210764 0.152562 0.109476 0.077884 0.054941 0.038442 0.026698 0.018437 0.012710 0.008824 0.006288 0.004768 0.004057 0.004057 
0.002954 0.002954 0.003494 0.004652 0.006595 0.009593 0.014046 0.020524 0.029813 0.042983 0.061463 0.087146 0.122500 0.170708 0.235823 0.322944 0.438400 0.589945 0.786948 1.040568 1.363895 1.772041 2.282158 2.913355 3.686494 4.623842 5.748556 7.083991 8.652823 10.476002 12.571545 14.953214 17.629133 20.600396 23.859773 27.390575 31.165792 35.147594 39.287264 43.525641 47.794108 52.016129 56.109321 59.987982 63.565990 66.759934 69.492319 71.694689 73.310469 74.297385 74.629304 74.297385 73.310469 71.694689 69.492319 66.759934 63.565990 59.987982 56.109321 52.016129 47.794108 43.525641 39.287264 35.147594 31.165792 27.390575 23.859773 20.600396 17.629133 14.953214 12.571545 10.476002 8.652823 7.083991 5.748556 4.623842 3.686494 2.913355 2.282158 1.772041 1.363895 1.040569 0.786949 0.589946 0.438401 0.322946 0.235827 0.170714 0.122510 0.087163 0.061491 0.043027 0.029886 0.020640 0.014229 0.009880 0.007041 0.005339 0.004544 0.004544 
0.003279 0.003279 0.003878 0.005163 0.007319 0.010644 0.015584 0.022770 0.033073 0.047679 0.068174 0.096655 0.135858 0.189312 0.261508 0.358097 0.486093 0.654090 0.872467 1.153590 1.511960 1.964321 2.529673 3.229183 4.085961 5.124668 6.370952 7.850676 9.588949 11.608969 13.930678 16.569311 19.533848 22.825489 26.436211 30.347513 34.529469 38.940167 43.525641 48.220361 52.948325 57.624768 62.158450 66.454457 70.417417 73.954956 76.981260 79.420519 81.210085 82.303146 82.670764 82.303146 81.210085 79.420519 76.981260 73.954956 70.417417 66.454457 62.158450 57.624768 52.948325 48.220361 43.525641 38.940167 34.529469 30.347513 26.436211 22.825489 19.533848 16.569311 13.930678 11.608969 9.588949 7.850676 6.370952 5.124668 4.085961 3.229183 2.529673 1.964321 1.511960 1.153590 0.872468 0.654090 0.486095 0.358099 0.261512 0.189318 0.135870 0.096674 0.068205 0.047729 0.033153 0.022898 0.015787 0.010962 0.007813 0.005926 0.005043 0.005043 
0.003606 0.003606 0.004265 0.005678 0.008048 0.011704 0.017135 0.025034 0.036360 0.052414 0.074940 0.106242 0.149325 0.208065 0.287398 0.393529 0.534163 0.718737 0.958652 1.267485 1.661163 2.158070 2.779068 3.547398 4.488430 5.629238 6.997976 8.623033 10.531970 12.750241 15.299733 18.197154 21.452353 25.066631 29.031165 33.325631 37.917163 42.759739 47.794108 52.948325 58.138956 63.272948 68.250144 72.966360 77.316905 81.200389 84.522617 87.200381 89.164918 90.364848 90.768406 90.364848 89.164918 87.200381 84.522617 81.200389 77.316905 72.966360 68.250144 63.272948 58.138956 52.948325 47.794108 42.759739 37.917163 33.325631 29.031165 25.066631 21.452353 18.197154 15.299733 12.750241 10.531970 8.623033 6.997976 5.629238 4.488430 3.547398 2.779068 2.158070 1.661163 1.267485 0.958652 0.718738 0.534164 0.393532 0.287402 0.208072 0.149337 0.106262 0.074974 0.052469 0.036448 0.025175 0.017358 0.012054 0.008592 0.006517 0.005546 0.005546 
0.003931 0.003931 0.004648 0.006188 0.008771 0.012755 0.018672 0.027277 0.039615 0.057103 0.081640 0.115733 0.162657 0.226630 0.313027 0.428602 0.581743 0.782723 1.043951 1.380206 1.808822 2.349806 3.025861 3.862280 4.886669 6.128487 7.618367 9.387195 11.464953 13.879332 16.654135 19.807532 23.350224 27.283614 31.598085 36.271512 41.268118 46.537817 52.016129 57.624768 63.272948 68.859421 74.275214 79.406973 84.140799 88.366381 91.981242 94.894857 97.032416 98.338024 98.777123 98.338024 97.032416 94.894857 91.981242 88.366381 84.140799 79.406973 74.275214 68.859421 63.272948 57.624768 52.016129 46.537817 41.268118 36.271512 31.598085 27.283614 23.350224 19.807532 16.654135 13.879332 11.464953 9.387195 7.618367 6.128487 4.886669 3.862280 3.025861 2.349806 1.808822 1.380207 1.043952 0.782724 0.581745 0.428605 0.313031 0.226639 0.162671 0.115756 0.081676 0.057162 0.039711 0.027430 0.018915 0.013136 0.009364 0.007103 0.006045 0.006045 
0.004246 0.004246 0.005021 0.006684 0.009472 0.013774 0.020162 0.029453 0.042773 0.061653 0.088141 0.124943 0.175593 0.244643 0.337892 0.462628 0.627901 0.844794 1.126694 1.489544 1.952043 2.535772 3.265221 4.167667 5.272886 6.612649 8.219992 10.128219 12.369662 14.974176 17.967423 21.368986 25.190394 29.433146 34.086857 39.127650 44.516931 50.200670 56.109321 62.158450 68.250144 74.275214 80.116140 85.650683 90.756016 95.313186 99.211688 102.353905 104.659169 106.067206 106.540753 106.067206 104.659169 102.353905 99.211688 95.313186 90.756016 85.650683 80.116140 74.275214 68.250144 62.158450 56.109321 50.200670 44.516931 39.127650 34.086857 29.433146 25.190394 21.368986 17.967423 14.974176 12.369662 10.128219 8.219992 6.612649 5.272886 4.167667 3.265221 2.535772 1.952043 1.489545 1.126695 0.844795 0.627903 0.462631 0.337897 0.244652 0.175608 0.124967 0.088180 0.061717 0.042877 0.029619 0.020425 0.014186 0.010113 0.007671 0.006529 0.006529 
