0.000000 0.000000 0.000000 0.000000 0.000000 0.000000 0.000000 0.000000 0.000000 0.000000 0.000000 0.000000 0.000000 0.000000 0.000000 0.000000 0.000000 0.000000 0.000000 0.000000 0.000000 0.000000 0.000000 0.000000 0.000000 0.000000 0.000001 0.000001 0.000001 0.000002 0.000002 0.000003 0.000004 0.000005 0.000006 0.000008 0.000009 0.000011 0.000014 0.000016 0.000019 0.000021 0.000024 0.000027 0.000029 0.000031 0.000034 0.000035 0.000037 0.000037 0.000038 0.000037 0.000037 0.000035 0.000034 0.000031 0.000029 0.000027 0.000024 0.000021 0.000019 0.000016 0.000014 0.000011 0.000009 0.000008 0.000006 0.000005 0.000004 0.000003 0.000002 0.000002 0.000001 0.000001 0.000001 0.000000 0.000000 0.000000 0.000000 0.000000 0.000000 0.000000 0.000000 0.000000 0.000000 0.000000 0.000000 0.000000 0.000000 0.000000 0.000000 0.000000 0.000000 0.000000 0.000000 0.000000 0.000000 0.000000 0.000000 0.000000 
0.000000 0.000000 0.000000 0.000000 0.000000 0.000000 0.000000 0.000000 0.000000 0.000000 0.000000 0.000000 0.000000 0.000000 0.000000 0.000000 0.000000 0.000000 0.000000 0.000000 0.000000 0.000000 0.000000 0.000000 0.000000 0.000000 0.000001 0.000001 0.000001 0.000002 0.000002 0.000003 0.000004 0.000005 0.000006 0.000008 0.000009 0.000011 0.000014 0.000016 0.000019 0.000021 0.000024 0.000027 0.000029 0.000031 0.000034 0.000035 0.000037 0.000037 0.000038 0.000037 0.000037 0.000035 0.000034 0.000031 0.000029 0.000027 0.000024 0.000021 0.000019 0.000016 0.000014 0.000011 0.000009 0.000008 0.000006 0.000005 0.000004 0.000003 0.000002 0.000002 0.000001 0.000001 0.000001 0.000000 0.000000 0.000000 0.000000 0.000000 0.000000 0.000000 0.000000 0.000000 0.000000 0.000000 0.000000 0.000000 0.000000 0.000000 0.000000 0.000000 0.000000 0.000000 0.000000 0.000000 0.000000 0.000000 0.000000 0.000000 
0.000000 0.000000 0.000000 0.000000 0.000000 0.000000 0.000000 0.000000 0.000000 0.000000 0.000000 0.000000 0.000000 0.000000 0.000000 0.000000 0.000000 0.000000 0.000000 0.000000 0.000000 0.000000 0.000000 0.000000 0.000000 0.000001 0.000001 0.000001 0.000002 0.000002 0.000003 0.000004 0.000005 0.000007 0.000009 0.000011 0.000013 0.000016 0.000019 0.000023 0.000026 0.000030 0.000034 0.000038 0.000041 0.000045 0.000048 0.000050 0.000052 0.000053 0.000053 0.000053 0.000052 0.000050 0.000048 0.000045 0.000041 0.000038 0.000034 0.000030 0.000026 0.000023 0.000019 0.000016 0.000013 0.000011 0.000009 0.000007 0.000005 0.000004 0.000003 0.000002 0.000002 0.000001 0.000001 0.000001 0.000000 0.000000 0.000000 0.000000 0.000000 0.000000 0.000000 0.000000 0.000000 0.000000 0.000000 0.000000 0.000000 0.000000 0.000000 0.000000 0.000000 0.000000 0.000000 0.000000 0.000000 0.000000 0.000000 0.000000 
0.000000 0.000000 0.000000 0.000000 0.000000 0.000000 0.000000 0.000000 0.000000 0.000000 0.000000 0.000000 0.000000 0.000000 0.000000 0.000000 0.000000 0.000000 0.000000 0.000000 0.000000 0.000000 0.000000 0.000001 0.000001 0.000001 0.000002 0.000002 0.000003 0.000004 0.000006 0.000007 0.000009 0.000012 0.000015 0.000019 0.000023 0.000028 0.000033 0.000039 0.000045 0.000051 0.000058 0.000064 0.000070 0.000076 0.000081 0.000085 0.000088 0.000090 0.000091 0.000090 0.000088 0.000085 0.000081 0.000076 0.000070 0.000064 0.000058 0.000051 0.000045 0.000039 0.000033 0.000028 0.000023 0.000019 0.000015 0.000012 0.000009 0.000007 0.000006 0.000004 0.000003 0.000002 0.000002 0.000001 0.000001 0.000001 0.000000 0.000000 0.000000 0.000000 0.000000 0.000000 0.000000 0.000000 0.000000 0.000000 0.000000 0.000000 0.000000 0.000000 0.000000 0.000000 0.000000 0.000000 0.000000 0.000000 0.000000 0.000000 
0.000000 0.000000 0.000000 0.000000 0.000000 0.000000 0.000000 0.000000 0.000000 0.000000 0.000000 0.000000 0.000000 0.000000 0.000000 0.000000 0.000000 0.000000 0.000000 0.000000 0.000000 0.000000 0.000001 0.000001 0.000001 0.000002 0.000003 0.000004 0.000006 0.000007 0.000010 0.000013 0.000017 0.000022 0.000027 0.000034 0.000041 0.000050 0.000059 0.000070 0.000081 0.000092 0.000104 0.000115 0.000126 0.000136 0.000145 0.000153 0.000158 0.000161 0.000163 0.000161 0.000158 0.000153 0.000145 0.000136 0.000126 0.000115 0.000104 0.000092 0.000081 0.000070 0.000059 0.000050 0.000041 0.000034 0.000027 0.000022 0.000017 0.000013 0.000010 0.000007 0.000006 0.000004 0.000003 0.000002 0.000001 0.000001 0.000001 0.000000 0.000000 0.000000 0.000000 0.000000 0.000000 0.000000 0.000000 0.000000 0.000000 0.000000 0.000000 0.000000 0.000000 0.000000 0.000000 0.000000 0.000000 0.000000 0.000000 0.000000 
0.000000 0.000000 0.000000 0.000000 0.000000 0.000000 0.000000 0.000000 0.000000 0.000000 0.000000 0.000000 0.000000 0.000000 0.000000 0.000000 0.000000 0.000000 0.000000 0.000000 0.000001 0.000001 0.000001 0.000002 0.000003 0.000004 0.000005 0.000007 0.000010 0.000014 0.000018 0.000024 0.000031 0.000039 0.000049 0.000061 0.000075 0.000090 0.000107 0.000126 0.000146 0.000167 0.000188 0.000209 0.000229 0.000247 0.000263 0.000276 0.000286 0.000292 0.000294 0.000292 0.000286 0.000276 0.000263 0.000247 0.000229 0.000209 0.000188 0.000167 0.000146 0.000126 0.000107 0.000090 0.000075 0.000061 0.000049 0.000039 0.000031 0.000024 0.000018 0.000014 0.000010 0.000007 0.000005 0.000004 0.000003 0.000002 0.000001 0.000001 0.000001 0.000000 0.000000 0.000000 0.000000 0.000000 0.000000 0.000000 0.000000 0.000000 0.000000 0.000000 0.000000 0.000000 0.000000 0.000000 0.000000 0.000000 0.000000 0.000000 
0.000000 0.000000 0.000000 0.000000 0.000000 0.000000 0.000000 0.000000 0.000000 0.000000 0.000000 0.000000 0.000000 0.000000 0.000000 0.000000 0.000000 0.000000 0.000000 0.000001 0.000001 0.000002 0.000002 0.000003 0.000005 0.000007 0.000010 0.000013 0.000018 0.000024 0.000033 0.000043 0.000055 0.000070 0.000089 0.000110 0.000134 0.000162 0.000193 0.000227 0.000263 0.000300 0.000338 0.000375 0.000410 0.000443 0.000472 0.000496 0.000513 0.000524 0.000528 0.000524 0.000513 0.000496 0.000472 0.000443 0.000410 0.000375 0.000338 0.000300 0.000263 0.000227 0.000193 0.000162 0.000134 0.000110 0.000089 0.000070 0.000055 0.000043 0.000033 0.000024 0.000018 0.000013 0.000010 0.000007 0.000005 0.000003 0.000002 0.000002 0.000001 0.000001 0.000000 0.000000 0.000000 0.000000 0.000000 0.000000 0.000000 0.000000 0.000000 0.000000 0.000000 0.000000 0.000000 0.000000 0.000000 0.000000 0.000000 0.000000 
0.000000 0.000000 0.000000 0.000000 0.000000 0.000000 0.000000 0.000000 0.000000 0.000000 0.000000 0.000000 0.000000 0.000000 0.000000 0.000000 0.000000 0.000000 0.000001 0.000001 0.000002 0.000003 0.000004 0.000006 0.000009 0.000012 0.000017 0.000024 0.000032 0.000044 0.000058 0.000076 0.000098 0.000125 0.000158 0.000196 0.000239 0.000289 0.000344 0.000403 0.000467 0.000533 0.000600 0.000666 0.000729 0.000787 0.000838 0.000880 0.000911 0.000930 0.000937 0.000930 0.000911 0.000880 0.000838 0.000787 0.000729 0.000666 0.000600 0.000533 0.000467 0.000403 0.000344 0.000289 0.000239 0.000196 0.000158 0.000125 0.000098 0.000076 0.000058 0.000044 0.000032 0.000024 0.000017 0.000012 0.000009 0.000006 0.000004 0.000003 0.000002 0.000001 0.000001 0.000000 0.000000 0.000000 0.000000 0.000000 0.000000 0.000000 0.000000 0.000000 0.000000 0.000000 0.000000 0.000000 0.000000 0.000000 0.000000 0.000000 
0.000000 0.000000 0.000000 0.000000 0.000000 0.000000 0.000000 0.000000 0.000000 0.000000 0.000000 0.000000 0.000000 0.000000 0.000000 0.000000 0.000001 0.000001 0.000001 0.000002 0.000003 0.000005 0.000007 0.000010 0.000015 0.000022 0.000030 0.000042 0.000057 0.000077 0.000102 0.000134 0.000173 0.000220 0.000277 0.000344 0.000420 0.000507 0.000603 0.000708 0.000819 0.000935 0.001052 0.001168 0.001279 0.001380 0.001470 0.001543 0.001598 0.001631 0.001643 0.001631 0.001598 0.001543 0.001470 0.001380 0.001279 0.001168 0.001052 0.000935 0.000819 0.000708 0.000603 0.000507 0.000420 0.000344 0.000277 0.000220 0.000173 0.000134 0.000102 0.000077 0.000057 0.000042 0.000030 0.000022 0.000015 0.000010 0.000007 0.000005 0.000003 0.000002 0.000001 0.000001 0.000001 0.000000 0.000000 0.000000 0.000000 0.000000 0.000000 0.000000 0.000000 0.000000 0.000000 0.000000 0.000000 0.000000 0.000000 0.000000 
0.000000 0.000000 0.000000 0.000000 0.000000 0.000000 0.000000 0.000000 0.000000 0.000000 0.000000 0.000000 0.000000 0.000000 0.000000 0.000001 0.000001 0.000002 0.000002 0.000004 0.000006 0.000008 0.000013 0.000018 0.000026 0.000038 0.000053 0.000073 0.000099 0.000134 0.000178 0.000233 0.000300 0.000383 0.000481 0.000597 0.000729 0.000880 0.001046 0.001227 0.001420 0.001620 0.001823 0.002024 0.002215 0.002391 0.002545 0.002672 0.002767 0.002825 0.002845 0.002825 0.002767 0.002672 0.002545 0.002391 0.002215 0.002024 0.001823 0.001620 0.001420 0.001227 0.001046 0.000880 0.000729 0.000597 0.000481 0.000383 0.000300 0.000233 0.000178 0.000134 0.000099 0.000073 0.000053 0.000038 0.000026 0.000018 0.000013 0.000008 0.000006 0.000004 0.000002 0.000002 0.000001 0.000001 0.000000 0.000000 0.000000 0.000000 0.000000 0.000000 0.000000 0.000000 0.000000 0.000000 0.000000 0.000000 0.000000 0.000000 
0.000000 0.000000 0.000000 0.000000 0.000000 0.000000 0.000000 0.000000 0.000000 0.000000 0.000000 0.000000 0.000000 0.000000 0.000001 0.000001 0.000002 0.000003 0.000004 0.000006 0.000010 0.000015 0.000022 0.000032 0.000045 0.000065 0.000090 0.000125 0.000171 0.000230 0.000305 0.000399 0.000515 0.000656 0.000825 0.001022 0.001249 0.001506 0.001791 0.002101 0.002430 0.002772 0.003119 0.003461 0.003788 0.004089 0.004352 0.004569 0.004730 0.004830 0.004863 0.004830 0.004730 0.004569 0.004352 0.004089 0.003788 0.003461 0.003119 0.002772 0.002430 0.002101 0.001791 0.001506 0.001249 0.001022 0.000825 0.000656 0.000515 0.000399 0.000305 0.000230 0.000171 0.000125 0.000090 0.000065 0.000045 0.000032 0.000022 0.000015 0.000010 0.000006 0.000004 0.000003 0.000002 0.000001 0.000001 0.000000 0.000000 0.000000 0.000000 0.000000 0.000000 0.000000 0.000000 0.000000 0.000000 0.000000 0.000000 0.000000 
0.000000 0.000000 0.000000 0.000000 0.000000 0.000000 0.000000 0.000000 0.000000 0.000000 0.000000 0.000000 0.000000 0.000001 0.000001 0.000002 0.000003 0.000005 0.000007 0.000011 0.000017 0.000025 0.000037 0.000054 0.000077 0.000110 0.000154 0.000212 0.000289 0.000389 0.000516 0.000676 0.000872 0.001111 0.001395 0.001729 0.002113 0.002547 0.003028 0.003550 0.004106 0.004683 0.005268 0.005845 0.006396 0.006903 0.007347 0.007713 0.007985 0.008153 0.008209 0.008153 0.007985 0.007713 0.007347 0.006903 0.006396 0.005845 0.005268 0.004683 0.004106 0.003550 0.003028 0.002547 0.002113 0.001729 0.001395 0.001111 0.000872 0.000676 0.000516 0.000389 0.000289 0.000212 0.000154 0.000110 0.000077 0.000054 0.000037 0.000025 0.000017 0.000011 0.000007 0.000005 0.000003 0.000002 0.000001 0.000001 0.000000 0.000000 0.000000 0.000000 0.000000 0.000000 0.000000 0.000000 0.000000 0.000000 0.000000 0.000000 
0.000000 0.000000 0.000000 0.000000 0.000000 0.000000 0.000000 0.000000 0.000000 0.000000 0.000000 0.000000 0.000001 0.000001 0.000002 0.000003 0.000005 0.000008 0.000012 0.000018 0.000028 0.000042 0.000062 0.000090 0.000129 0.000184 0.000257 0.000355 0.000484 0.000651 0.000864 0.001130 0.001458 0.001856 0.002331 0.002887 0.003528 0.004251 0.005052 0.005923 0.006849 0.007810 0.008785 0.009746 0.010663 0.011507 0.012246 0.012854 0.013307 0.013587 0.013681 0.013587 0.013307 0.012854 0.012246 0.011507 0.010663 0.009746 0.008785 0.007810 0.006849 0.005923 0.005052 0.004251 0.003528 0.002887 0.002331 0.001856 0.001458 0.001130 0.000864 0.000651 0.000484 0.000355 0.000257 0.000184 0.000129 0.000090 0.000062 0.000042 0.000028 0.000018 0.000012 0.000008 0.000005 0.000003 0.000002 0.000001 0.000001 0.000000 0.000000 0.000000 0.000000 0.000000 0.000000 0.000000 0.000000 0.000000 0.000000 0.000000 
0.000000 0.000000 0.000000 0.000000 0.000000 0.000000 0.000000 0.000000 0.000000 0.000000 0.000000 0.000001 0.000001 0.000002 0.000003 0.000005 0.000008 0.000013 0.000020 0.000030 0.000046 0.000069 0.000102 0.000149 0.000214 0.000304 0.000425 0.000587 0.000800 0.001076 0.001426 0.001865 0.002406 0.003062 0.003844 0.004760 0.005814 0.007004 0.008323 0.009755 0.011278 0.012859 0.014462 0.016041 0.017549 0.018935 0.020151 0.021150 0.021894 0.022353 0.022508 0.022353 0.021894 0.021150 0.020151 0.018935 0.017549 0.016041 0.014462 0.012859 0.011278 0.009755 0.008323 0.007004 0.005814 0.004760 0.003844 0.003062 0.002406 0.001865 0.001426 0.001076 0.000800 0.000587 0.000425 0.000304 0.000214 0.000149 0.000102 0.000069 0.000046 0.000030 0.000020 0.000013 0.000008 0.000005 0.000003 0.000002 0.000001 0.000001 0.000000 0.000000 0.000000 0.000000 0.000000 0.000000 0.000000 0.000000 0.000000 0.000000 
0.000000 0.000000 0.000000 0.000000 0.000000 0.000000 0.000000 0.000000 0.000000 0.000000 0.000001 0.000001 0.000002 0.000003 0.000005 0.000008 0.000013 0.000021 0.000032 0.000050 0.000076 0.000113 0.000167 0.000243 0.000350 0.000496 0.000694 0.000958 0.001305 0.001754 0.002324 0.003039 0.003919 0.004986 0.006257 0.007746 0.009459 0.011393 0.013535 0.015861 0.018333 0.020900 0.023501 0.026064 0.028511 0.030761 0.032733 0.034353 0.035560 0.036305 0.036556 0.036305 0.035560 0.034353 0.032733 0.030761 0.028511 0.026064 0.023501 0.020900 0.018333 0.015861 0.013535 0.011393 0.009459 0.007746 0.006257 0.004986 0.003919 0.003039 0.002324 0.001754 0.001305 0.000958 0.000694 0.000496 0.000350 0.000243 0.000167 0.000113 0.000076 0.000050 0.000032 0.000021 0.000013 0.000008 0.000005 0.000003 0.000002 0.000001 0.000001 0.000000 0.000000 0.000000 0.000000 0.000000 0.000000 0.000000 0.000000 0.000000 
0.000000 0.000000 0.000000 0.000000 0.000000 0.000000 0.000000 0.000000 0.000000 0.000001 0.000001 0.000002 0.000003 0.000005 0.000008 0.000013 0.000021 0.000034 0.000052 0.000081 0.000122 0.000183 0.000270 0.000393 0.000564 0.000800 0.001119 0.001544 0.002101 0.002822 0.003739 0.004887 0.006301 0.008014 0.010054 0.012443 0.015191 0.018293 0.021728 0.025457 0.029418 0.033533 0.037700 0.041807 0.045726 0.049329 0.052488 0.055084 0.057016 0.058208 0.058611 0.058208 0.057016 0.055084 0.052488 0.049329 0.045726 0.041807 0.037700 0.033533 0.029418 0.025457 0.021728 0.018293 0.015191 0.012443 0.010054 0.008014 0.006301 0.004887 0.003739 0.002822 0.002101 0.001544 0.001119 0.000800 0.000564 0.000393 0.000270 0.000183 0.000122 0.000081 0.000052 0.000034 0.000021 0.000013 0.000008 0.000005 0.000003 0.000002 0.000001 0.000001 0.000000 0.000000 0.000000 0.000000 0.000000 0.000000 0.000000 0.000000 
0.000000 0.000000 0.000000 0.000000 0.000000 0.000000 0.000000 0.000000 0.000001 0.000001 0.000002 0.000003 0.000005 0.000008 0.000013 0.000021 0.000034 0.000054 0.000084 0.000129 0.000195 0.000291 0.000430 0.000625 0.000898 0.001272 0.001779 0.002454 0.003339 0.004483 0.005937 0.007758 0.009999 0.012714 0.015947 0.019731 0.024082 0.028992 0.034430 0.040331 0.046599 0.053108 0.059700 0.066194 0.072393 0.078090 0.083083 0.087187 0.090242 0.092127 0.092764 0.092127 0.090242 0.087187 0.083083 0.078090 0.072393 0.066194 0.059700 0.053108 0.046599 0.040331 0.034430 0.028992 0.024082 0.019731 0.015947 0.012714 0.009999 0.007758 0.005937 0.004483 0.003339 0.002454 0.001779 0.001272 0.000898 0.000625 0.000430 0.000291 0.000195 0.000129 0.000084 0.000054 0.000034 0.000021 0.000013 0.000008 0.000005 0.000003 0.000002 0.000001 0.000001 0.000000 0.000000 0.000000 0.000000 0.000000 0.000000 0.000000 
0.000000 0.000000 0.000000 0.000000 0.000000 0.000000 0.000000 0.000000 0.000001 0.000002 0.000003 0.000005 0.000008 0.000013 0.000021 0.000034 0.000054 0.000085 0.000132 0.000202 0.000306 0.000458 0.000675 0.000983 0.001411 0.001998 0.002792 0.003850 0.005237 0.007029 0.009306 0.012155 0.015663 0.019910 0.024966 0.030882 0.037683 0.045357 0.053853 0.063070 0.072861 0.083025 0.093318 0.103457 0.113132 0.122024 0.129818 0.136222 0.140990 0.143931 0.144925 0.143931 0.140990 0.136222 0.129818 0.122024 0.113132 0.103457 0.093318 0.083025 0.072861 0.063070 0.053853 0.045357 0.037683 0.030882 0.024966 0.019910 0.015663 0.012155 0.009306 0.007029 0.005237 0.003850 0.002792 0.001998 0.001411 0.000983 0.000675 0.000458 0.000306 0.000202 0.000132 0.000085 0.000054 0.000034 0.000021 0.000013 0.000008 0.000005 0.000003 0.000002 0.000001 0.000000 0.000000 0.000000 0.000000 0.000000 0.000000 0.000000 
0.000000 0.000000 0.000000 0.000000 0.000000 0.000000 0.000000 0.000001 0.000001 0.000002 0.000004 0.000007 0.000012 0.000020 0.000032 0.000052 0.000084 0.000132 0.000205 0.000314 0.000476 0.000711 0.001048 0.001524 0.002187 0.003096 0.004326 0.005962 0.008107 0.010877 0.014396 0.018798 0.024215 0.030773 0.038578 0.047708 0.058201 0.070039 0.083142 0.097355 0.112449 0.128117 0.143980 0.159605 0.174513 0.188213 0.200220 0.210087 0.217432 0.221961 0.223492 0.221961 0.217432 0.210087 0.200220 0.188213 0.174513 0.159605 0.143980 0.128117 0.112449 0.097355 0.083142 0.070039 0.058201 0.047708 0.038578 0.030773 0.024215 0.018798 0.014396 0.010877 0.008107 0.005962 0.004326 0.003096 0.002187 0.001524 0.001048 0.000711 0.000476 0.000314 0.000205 0.000132 0.000084 0.000052 0.000032 0.000020 0.000012 0.000007 0.000004 0.000002 0.000001 0.000001 0.000000 0.000000 0.000000 0.000000 0.000000 0.000000 
0.000000 0.000000 0.000000 0.000000 0.000000 0.000000 0.000001 0.000001 0.000002 0.000004 0.000006 0.000011 0.000018 0.000030 0.000050 0.000081 0.000129 0.000202 0.000314 0.000482 0.000729 0.001089 0.001604 0.002333 0.003346 0.004736 0.006613 0.009112 0.012386 0.016612 0.021980 0.028693 0.036951 0.046945 0.058837 0.072745 0.088725 0.106749 0.126695 0.148328 0.171297 0.195136 0.219270 0.243036 0.265712 0.286548 0.304806 0.319810 0.330978 0.337865 0.340193 0.337865 0.330978 0.319810 0.304806 0.286548 0.265712 0.243036 0.219270 0.195136 0.171297 0.148328 0.126695 0.106749 0.088725 0.072745 0.058837 0.046945 0.036951 0.028693 0.021980 0.016612 0.012386 0.009112 0.006613 0.004736 0.003346 0.002333 0.001604 0.001089 0.000729 0.000482 0.000314 0.000202 0.000129 0.000081 0.000050 0.000030 0.000018 0.000011 0.000006 0.000004 0.000002 0.000001 0.000001 0.000000 0.000000 0.000000 0.000000 0.000000 
0.000000 0.000000 0.000000 0.000000 0.000000 0.000001 0.000001 0.000002 0.000003 0.000006 0.000010 0.000017 0.000028 0.000046 0.000076 0.000122 0.000195 0.000306 0.000476 0.000729 0.001103 0.001646 0.002425 0.003523 0.005052 0.007148 0.009978 0.013743 0.018676 0.025040 0.033122 0.043224 0.055650 0.070682 0.088566 0.109477 0.133496 0.160584 0.190554 0.223053 0.257553 0.293355 0.329594 0.365278 0.399321 0.430598 0.458005 0.480525 0.497287 0.507624 0.511117 0.507624 0.497287 0.480525 0.458005 0.430598 0.399321 0.365278 0.329594 0.293355 0.257553 0.223053 0.190554 0.160584 0.133496 0.109477 0.088566 0.070682 0.055650 0.043224 0.033122 0.025040 0.018676 0.013743 0.009978 0.007148 0.005052 0.003523 0.002425 0.001646 0.001103 0.000729 0.000476 0.000306 0.000195 0.000122 0.000076 0.000046 0.000028 0.000017 0.000010 0.000006 0.000003 0.000002 0.000001 0.000001 0.000000 0.000000 0.000000 0.000000 
0.000000 0.000000 0.000000 0.000000 0.000000 0.000001 0.000002 0.000003 0.000005 0.000008 0.000015 0.000025 0.000042 0.000069 0.000113 0.000183 0.000291 0.000458 0.000711 0.001089 0.001646 0.002456 0.003615 0.005252 0.007528 0.010647 0.014857 0.020457 0.027791 0.037249 0.049257 0.064263 0.082715 0.105033 0.131576 0.162606 0.198241 0.238421 0.282866 0.331054 0.382203 0.435272 0.488984 0.541866 0.592311 0.638654 0.679260 0.712623 0.737454 0.752767 0.757941 0.752767 0.737454 0.712623 0.679260 0.638654 0.592311 0.541866 0.488984 0.435272 0.382203 0.331054 0.282866 0.238421 0.198241 0.162606 0.131576 0.105033 0.082715 0.064263 0.049257 0.037249 0.027791 0.020457 0.014857 0.010647 0.007528 0.005252 0.003615 0.002456 0.001646 0.001089 0.000711 0.000458 0.000291 0.000183 0.000113 0.000069 0.000042 0.000025 0.000015 0.000008 0.000005 0.000003 0.000002 0.000001 0.000000 0.000000 0.000000 0.000000 
0.000000 0.000000 0.000000 0.000000 0.000001 0.000001 0.000002 0.000004 0.000007 0.000013 0.000022 0.000037 0.000062 0.000102 0.000167 0.000270 0.000430 0.000675 0.001048 0.001604 0.002425 0.003615 0.005320 0.007725 0.011069 0.015650 0.021832 0.030050 0.040811 0.054684 0.072293 0.094291 0.121334 0.154034 0.192917 0.238362 0.290541 0.349363 0.414419 0.484941 0.559783 0.637425 0.715998 0.793349 0.867128 0.934901 0.994281 1.043066 1.079374 1.101763 1.109330 1.101763 1.079374 1.043066 0.994281 0.934901 0.867128 0.793349 0.715998 0.637425 0.559783 0.484941 0.414419 0.349363 0.290541 0.238362 0.192917 0.154034 0.121334 0.094291 0.072293 0.054684 0.040811 0.030050 0.021832 0.015650 0.011069 0.007725 0.005320 0.003615 0.002425 0.001604 0.001048 0.000675 0.000430 0.000270 0.000167 0.000102 0.000062 0.000037 0.000022 0.000013 0.000007 0.000004 0.000002 0.000001 0.000001 0.000000 0.000000 0.000000 
0.000000 0.000000 0.000000 0.000001 0.000001 0.000002 0.000003 0.000006 0.000010 0.000018 0.000032 0.000054 0.000090 0.000149 0.000243 0.000393 0.000625 0.000983 0.001524 0.002333 0.003523 0.005252 0.007725 0.011214 0.016062 0.022701 0.031658 0.043562 0.059142 0.079225 0.104707 0.136534 0.175648 0.222935 0.279150 0.344837 0.420243 0.505233 0.599213 0.701074 0.809160 0.921273 1.034718 1.146385 1.252887 1.350710 1.436414 1.506821 1.559220 1.591531 1.602450 1.591531 1.559220 1.506821 1.436414 1.350710 1.252887 1.146385 1.034718 0.921273 0.809160 0.701074 0.599213 0.505233 0.420243 0.344837 0.279150 0.222935 0.175648 0.136534 0.104707 0.079225 0.059142 0.043562 0.031658 0.022701 0.016062 0.011214 0.007725 0.005252 0.003523 0.002333 0.001524 0.000983 0.000625 0.000393 0.000243 0.000149 0.000090 0.000054 0.000032 0.000018 0.000011 0.000006 0.000003 0.000002 0.000001 0.000001 0.000000 0.000000 
0.000000 0.000000 0.000000 0.000001 0.000001 0.000003 0.000005 0.000009 0.000015 0.000026 0.000045 0.000077 0.000129 0.000214 0.000350 0.000564 0.000898 0.001411 0.002187 0.003346 0.005052 0.007528 0.011069 0.016062 0.022998 0.032493 0.045300 0.062315 0.084579 0.113267 0.149660 0.195102 0.250936 0.318419 0.398627 0.492330 0.599876 0.721070 0.855060 1.000265 1.154321 1.314098 1.475752 1.634858 1.786589 1.925947 2.048030 2.148320 2.222954 2.268976 2.284528 2.268976 2.222954 2.148320 2.048030 1.925947 1.786589 1.634858 1.475752 1.314098 1.154321 1.000265 0.855060 0.721070 0.599876 0.492330 0.398627 0.318419 0.250936 0.195102 0.149660 0.113267 0.084579 0.062315 0.045300 0.032493 0.022998 0.016062 0.011069 0.007528 0.005052 0.003346 0.002187 0.001411 0.000898 0.000564 0.000350 0.000214 0.000129 0.000077 0.000045 0.000026 0.000015 0.000009 0.000005 0.000003 0.000001 0.000001 0.000001 0.000001 
0.000000 0.000000 0.000001 0.000001 0.000002 0.000004 0.000007 0.000012 0.000022 0.000038 0.000065 0.000110 0.000184 0.000304 0.000496 0.000800 0.001272 0.001998 0.003096 0.004736 0.007148 0.010647 0.015650 0.022701 0.032493 0.045895 0.063964 0.087964 0.119359 0.159801 0.211093 0.275121 0.353773 0.448816 0.561755 0.693670 0.845046 1.015601 1.204136 1.408418 1.625125 1.849849 2.077190 2.300925 2.514271 2.710204 2.881839 3.022828 3.127745 3.192439 3.214301 3.192439 3.127745 3.022828 2.881839 2.710204 2.514271 2.300925 2.077190 1.849849 1.625125 1.408418 1.204136 1.015601 0.845046 0.693670 0.561755 0.448816 0.353773 0.275121 0.211093 0.159801 0.119359 0.087964 0.063964 0.045895 0.032493 0.022701 0.015650 0.010647 0.007148 0.004736 0.003096 0.001998 0.001272 0.000800 0.000496 0.000304 0.000184 0.000110 0.000065 0.000038 0.000022 0.000012 0.000007 0.000004 0.000002 0.000001 0.000001 0.000001 
0.000001 0.000001 0.000001 0.000002 0.000003 0.000005 0.000010 0.000017 0.000030 0.000053 0.000090 0.000154 0.000257 0.000425 0.000694 0.001119 0.001779 0.002792 0.004326 0.006613 0.009978 0.014857 0.021832 0.031658 0.045300 0.063964 0.089122 0.122526 0.166213 0.222474 0.293810 0.382840 0.492178 0.624274 0.781211 0.964483 1.174754 1.411627 1.673429 1.957059 2.257899 2.569833 2.885364 3.195862 3.491916 3.763787 4.001930 4.197541 4.343102 4.432854 4.463183 4.432854 4.343102 4.197541 4.001930 3.763787 3.491916 3.195862 2.885364 2.569833 2.257899 1.957059 1.673429 1.411627 1.174754 0.964483 0.781211 0.624274 0.492178 0.382840 0.293810 0.222474 0.166213 0.122526 0.089122 0.063964 0.045300 0.031658 0.021832 0.014857 0.009978 0.006613 0.004326 0.002792 0.001779 0.001119 0.000694 0.000425 0.000257 0.000154 0.000090 0.000053 0.000030 0.000017 0.000010 0.000005 0.000003 0.000002 0.000001 0.000001 
0.000001 0.000001 0.000001 0.000002 0.000004 0.000007 0.000013 0.000024 0.000042 0.000073 0.000125 0.000212 0.000355 0.000587 0.000958 0.001544 0.002454 0.003850 0.005962 0.009112 0.013743 0.020457 0.030050 0.043562 0.062315 0.087964 0.122526 0.168406 0.228393 0.305627 0.403531 0.525692 0.675686 0.856862 1.072067 1.323339 1.611579 1.936232 2.295000 2.683626 3.095783 3.523088 3.955277 4.380532 4.785973 5.158271 5.484362 5.752202 5.951504 6.074391 6.115915 6.074391 5.951504 5.752202 5.484362 5.158271 4.785973 4.380532 3.955277 3.523088 3.095783 2.683626 2.295000 1.936232 1.611579 1.323339 1.072067 0.856862 0.675686 0.525692 0.403531 0.305627 0.228393 0.168406 0.122526 0.087964 0.062315 0.043562 0.030050 0.020457 0.013743 0.009112 0.005962 0.003850 0.002454 0.001544 0.000958 0.000587 0.000355 0.000212 0.000125 0.000073 0.000042 0.000024 0.000013 0.000007 0.000004 0.000002 0.000002 0.000002 
0.000001 0.000001 0.000002 0.000003 0.000006 0.000010 0.000018 0.000032 0.000057 0.000099 0.000171 0.000289 0.000484 0.000800 0.001305 0.002101 0.003339 0.005237 0.008107 0.012386 0.018676 0.027791 0.040811 0.059142 0.084579 0.119359 0.166213 0.228393 0.309671 0.414293 0.546884 0.712290 0.915341 1.160555 1.451771 1.791734 2.181650 2.620756 3.105935 3.631423 4.188661 4.766317 5.350516 5.925294 6.473248 6.976376 7.417035 7.778962 8.048265 8.214310 8.270417 8.214310 8.048265 7.778962 7.417035 6.976376 6.473248 5.925294 5.350516 4.766317 4.188661 3.631423 3.105935 2.620756 2.181650 1.791734 1.451771 1.160555 0.915341 0.712290 0.546884 0.414293 0.309671 0.228393 0.166213 0.119359 0.084579 0.059142 0.040811 0.027791 0.018676 0.012386 0.008107 0.005237 0.003339 0.002101 0.001305 0.000800 0.000484 0.000289 0.000171 0.000099 0.000057 0.000032 0.000018 0.000010 0.000006 0.000003 0.000002 0.000002 
0.000002 0.000002 0.000002 0.000004 0.000007 0.000014 0.000024 0.000044 0.000077 0.000134 0.000230 0.000389 0.000651 0.001076 0.001754 0.002822 0.004483 0.007029 0.010877 0.016612 0.025040 0.037249 0.054684 0.079225 0.113267 0.159801 0.222474 0.305627 0.414293 0.554137 0.731328 0.952325 1.223565 1.551067 1.939939 2.393828 2.914328 3.500406 4.147890 4.849079 5.592549 6.363178 7.142464 7.909118 8.639940 9.310933 9.898585 10.381221 10.740330 10.961742 11.036558 10.961742 10.740330 10.381221 9.898585 9.310933 8.639940 7.909118 7.142464 6.363178 5.592549 4.849079 4.147890 3.500406 2.914328 2.393828 1.939939 1.551067 1.223565 0.952325 0.731328 0.554137 0.414293 0.305627 0.222474 0.159801 0.113267 0.079225 0.054684 0.037249 0.025040 0.016612 0.010877 0.007029 0.004483 0.002822 0.001754 0.001076 0.000651 0.000389 0.000230 0.000134 0.000077 0.000044 0.000025 0.000014 0.000008 0.000005 0.000003 0.000003 
0.000002 0.000002 0.000003 0.000006 0.000010 0.000018 0.000033 0.000058 0.000102 0.000178 0.000305 0.000516 0.000864 0.001426 0.002324 0.003739 0.005937 0.009306 0.014396 0.021980 0.033122 0.049257 0.072293 0.104707 0.149660 0.211093 0.293810 0.403531 0.546884 0.731328 0.964982 1.256341 1.613872 2.045487 2.557895 3.155879 3.841518 4.613433 5.466113 6.389409 7.368269 8.382787 9.408609 10.417721 11.379601 12.262685 13.036045 13.671177 14.143737 14.435094 14.533542 14.435094 14.143737 13.671177 13.036045 12.262685 11.379601 10.417721 9.408609 8.382787 7.368269 6.389409 5.466113 4.613433 3.841518 3.155879 2.557895 2.045487 1.613872 1.256341 0.964982 0.731328 0.546884 0.403531 0.293810 0.211093 0.149660 0.104707 0.072293 0.049257 0.033122 0.021980 0.014396 0.009306 0.005937 0.003739 0.002324 0.001426 0.000864 0.000516 0.000305 0.000178 0.000102 0.000058 0.000033 0.000018 0.000010 0.000006 0.000004 0.000004 
0.000003 0.000003 0.000004 0.000007 0.000013 0.000024 0.000043 0.000076 0.000134 0.000233 0.000399 0.000676 0.001130 0.001865 0.003039 0.004887 0.007758 0.012155 0.018798 0.028693 0.043224 0.064263 0.094291 0.136534 0.195102 0.275121 0.382840 0.525692 0.712290 0.952325 1.256341 1.635368 2.100394 2.661682 3.327928 4.105324 4.996548 5.999783 7.107850 8.307545 9.579305 10.897267 12.229799 13.540526 14.789820 15.936707 16.941045 17.765839 18.379498 18.757840 18.885680 18.757840 18.379498 17.765839 16.941045 15.936707 14.789820 13.540526 12.229799 10.897267 9.579305 8.307545 7.107850 5.999783 4.996548 4.105324 3.327928 2.661682 2.100394 1.635368 1.256341 0.952325 0.712290 0.525692 0.382840 0.275121 0.195102 0.136534 0.094291 0.064263 0.043224 0.028693 0.018798 0.012155 0.007758 0.004887 0.003039 0.001865 0.001130 0.000676 0.000399 0.000233 0.000134 0.000076 0.000043 0.000024 0.000013 0.000008 0.000006 0.000006 
0.000004 0.000004 0.000005 0.000009 0.000017 0.000031 0.000055 0.000098 0.000173 0.000300 0.000515 0.000872 0.001458 0.002406 0.003919 0.006301 0.009999 0.015663 0.024215 0.036951 0.055650 0.082715 0.121334 0.175648 0.250936 0.353773 0.492178 0.675686 0.915341 1.223565 1.613872 2.100394 2.697204 3.417437 4.272221 5.269463 6.412569 7.699181 9.120069 10.658286 12.288740 13.978275 15.686349 17.366350 18.967510 20.437339 21.724422 22.781377 23.567745 24.052560 24.216375 24.052560 23.567745 22.781377 21.724422 20.437339 18.967510 17.366350 15.686349 13.978275 12.288740 10.658286 9.120069 7.699181 6.412569 5.269463 4.272221 3.417437 2.697204 2.100394 1.613872 1.223565 0.915341 0.675686 0.492178 0.353773 0.250936 0.175648 0.121334 0.082715 0.055650 0.036951 0.024215 0.015663 0.009999 0.006301 0.003919 0.002406 0.001458 0.000872 0.000515 0.000300 0.000173 0.000098 0.000055 0.000031 0.000017 0.000010 0.000007 0.000007 
0.000005 0.000005 0.000007 0.000012 0.000022 0.000039 0.000070 0.000125 0.000220 0.000383 0.000656 0.001111 0.001856 0.003062 0.004986 0.008014 0.012714 0.019910 0.030773 0.046945 0.070682 0.105033 0.154034 0.222935 0.318419 0.448816 0.624274 0.856862 1.160555 1.551067 2.045487 2.661682 3.417437 4.329347 5.411458 6.673742 8.120471 9.748629 11.546506 13.492644 15.555285 17.692484 19.852968 21.977797 24.002789 25.861591 27.489215 28.825777 29.820145 30.433187 30.640328 30.433187 29.820145 28.825777 27.489215 25.861591 24.002789 21.977797 19.852968 17.692484 15.555285 13.492644 11.546506 9.748629 8.120471 6.673742 5.411458 4.329347 3.417437 2.661682 2.045487 1.551067 1.160555 0.856862 0.624274 0.448816 0.318419 0.222935 0.154034 0.105033 0.070682 0.046945 0.030773 0.019910 0.012714 0.008014 0.004986 0.003062 0.001856 0.001111 0.000656 0.000383 0.000220 0.000125 0.000071 0.000039 0.000022 0.000013 0.000009 0.000009 
0.000006 0.000006 0.000009 0.000015 0.000027 0.000049 0.000089 0.000158 0.000277 0.000481 0.000825 0.001395 0.002331 0.003844 0.006257 0.010054 0.015947 0.024966 0.038578 0.058837 0.088566 0.131576 0.192917 0.279150 0.398627 0.561755 0.781211 1.072067 1.451771 1.939939 2.557895 3.327928 4.272221 5.411458 6.763141 8.339678 10.146360 12.179381 14.424090 16.853671 19.428468 22.096120 24.792640 27.444488 29.971593 32.291187 34.322212 35.989983 37.230733 37.995659 38.254118 37.995659 37.230733 35.989983 34.322212 32.291187 29.971593 27.444488 24.792640 22.096120 19.428468 16.853671 14.424090 12.179381 10.146360 8.339678 6.763141 5.411458 4.272221 3.327928 2.557895 1.939939 1.451771 1.072067 0.781211 0.561755 0.398627 0.279150 0.192917 0.131576 0.088566 0.058837 0.038578 0.024966 0.015947 0.010054 0.006257 0.003844 0.002331 0.001395 0.000825 0.000481 0.000277 0.000158 0.000089 0.000050 0.000028 0.000017 0.000012 0.000012 
0.000008 0.000008 0.000011 0.000019 0.000034 0.000061 0.000110 0.000196 0.000344 0.000597 0.001022 0.001729 0.002887 0.004760 0.007746 0.012443 0.019731 0.030882 0.047708 0.072745 0.109477 0.162606 0.238362 0.344837 0.492330 0.693670 0.964483 1.323339 1.791734 2.393828 3.155879 4.105324 5.269463 6.673742 8.339678 10.282509 12.508703 15.013527 17.778893 20.771739 23.943203 27.228789 30.549704 33.815404 36.927320 39.783573 42.284400 44.337885 45.865553 46.807353 47.125572 46.807353 45.865553 44.337885 42.284400 39.783573 36.927320 33.815404 30.549704 27.228789 23.943203 20.771739 17.778893 15.013527 12.508703 10.282509 8.339678 6.673742 5.269463 4.105324 3.155879 2.393828 1.791734 1.323339 0.964483 0.693670 0.492330 0.344837 0.238362 0.162606 0.109477 0.072745 0.047708 0.030882 0.019731 0.012443 0.007746 0.004760 0.002887 0.001729 0.001022 0.000597 0.000344 0.000196 0.000110 0.000062 0.000035 0.000021 0.000015 0.000015 
0.000009 0.000009 0.000013 0.000023 0.000041 0.000075 0.000134 0.000239 0.000420 0.000729 0.001249 0.002113 0.003528 0.005814 0.009459 0.015191 0.024082 0.037683 0.058201 0.088725 0.133496 0.198241 0.290541 0.420243 0.599876 0.845046 1.174754 1.611579 2.181650 2.914328 3.841518 4.996548 6.412569 8.120471 10.146360 12.508703 15.215308 18.260369 21.621855 25.259548 29.114043 33.106955 37.142543 41.110808 44.892016 48.362428 51.400880 53.895749 55.751742 56.895935 57.282537 56.895935 55.751742 53.895749 51.400880 48.362428 44.892016 41.110808 37.142543 33.106955 29.114043 25.259548 21.621855 18.260369 15.215308 12.508703 10.146360 8.120471 6.412569 4.996548 3.841518 2.914328 2.181650 1.611579 1.174754 0.845046 0.599876 0.420243 0.290541 0.198241 0.133496 0.088725 0.058201 0.037683 0.024082 0.015191 0.009459 0.005814 0.003528 0.002113 0.001249 0.000729 0.000420 0.000239 0.000135 0.000075 0.000042 0.000025 0.000018 0.000018 
0.000011 0.000011 0.000016 0.000028 0.000050 0.000090 0.000162 0.000289 0.000507 0.000880 0.001506 0.002547 0.004251 0.007004 0.011393 0.018293 0.028992 0.045357 0.070039 0.106749 0.160584 0.238421 0.349363 0.505233 0.721070 1.015601 1.411627 1.936232 2.620756 3.500406 4.613433 5.999783 7.699181 9.748629 12.179381 15.013527 18.260369 21.912885 25.944601 30.307251 34.929572 39.717567 44.556447 49.314351 53.847766 58.008391 61.651025 64.641908 66.866853 68.238482 68.701927 68.238482 66.866853 64.641908 61.651025 58.008391 53.847766 49.314351 44.556447 39.717567 34.929572 30.307251 25.944601 21.912885 18.260369 15.013527 12.179381 9.748629 7.699181 5.999783 4.613433 3.500406 2.620756 1.936232 1.411627 1.015601 0.721070 0.505233 0.349363 0.238421 0.160584 0.106749 0.070039 0.045357 0.028992 0.018293 0.011393 0.007004 0.004251 0.002547 0.001506 0.000880 0.000507 0.000289 0.000163 0.000091 0.000051 0.000031 0.000022 0.000022 
0.000014 0.000014 0.000019 0.000033 0.000059 0.000107 0.000193 0.000344 0.000603 0.001046 0.001791 0.003028 0.005052 0.008323 0.013535 0.021728 0.034430 0.053853 0.083142 0.126695 0.190554 0.282866 0.414419 0.599213 0.855060 1.204136 1.673429 2.295000 3.105935 4.147890 5.466113 7.107850 9.120069 11.546506 14.424090 17.778893 21.621855 25.944601 30.715751 35.878150 41.347453 47.012441 52.737317 58.366115 63.729102 68.650901 72.959812 76.497673 79.129472 80.751896 81.300077 80.751896 79.129472 76.497673 72.959812 68.650901 63.729102 58.366115 52.737317 47.012441 41.347453 35.878150 30.715751 25.944601 21.621855 17.778893 14.424090 11.546506 9.120069 7.107850 5.466113 4.147890 3.105935 2.295000 1.673429 1.204136 0.855060 0.599213 0.414419 0.282866 0.190554 0.126695 0.083142 0.053853 0.034430 0.021728 0.013535 0.008323 0.005052 0.003028 0.001791 0.001046 0.000603 0.000344 0.000194 0.000108 0.000061 0.000036 0.000026 0.000026 
0.000016 0.000016 0.000023 0.000039 0.000070 0.000126 0.000227 0.000403 0.000708 0.001227 0.002101 0.003550 0.005923 0.009755 0.015861 0.025457 0.040331 0.063070 0.097355 0.148328 0.223053 0.331054 0.484941 0.701074 1.000265 1.408418 1.957059 2.683626 3.631423 4.849079 6.389409 8.307545 10.658286 13.492644 16.853671 20.771739 25.259548 30.307251 35.878150 41.905471 48.290721 54.904052 61.586959 68.157411 74.417338 80.162094 85.191341 89.320546 92.392190 94.285745 94.925531 94.285745 92.392190 89.320546 85.191341 80.162094 74.417338 68.157411 61.586959 54.904052 48.290721 41.905471 35.878150 30.307251 25.259548 20.771739 16.853671 13.492644 10.658286 8.307545 6.389409 4.849079 3.631423 2.683626 1.957059 1.408418 1.000265 0.701074 0.484941 0.331054 0.223053 0.148328 0.097355 0.063070 0.040331 0.025457 0.015861 0.009755 0.005923 0.003550 0.002101 0.001227 0.000708 0.000403 0.000227 0.000127 0.000072 0.000043 0.000030 0.000030 
0.000019 0.000019 0.000026 0.000045 0.000081 0.000146 0.000263 0.000467 0.000819 0.001420 0.002430 0.004106 0.006849 0.011278 0.018333 0.029418 0.046599 0.072861 0.112449 0.171297 0.257553 0.382203 0.559783 0.809160 1.154321 1.625125 2.257899 3.095783 4.188661 5.592549 7.368269 9.579305 12.288740 15.555285 19.428468 23.943203 29.114043 34.929572 41.347453 48.290721 55.645892 63.263398 70.960686 78.528140 85.737687 92.353708 98.145556 102.900786 106.438065 108.618643 109.355404 108.618643 106.438065 102.900786 98.145556 92.353708 85.737687 78.528140 70.960686 63.263398 55.645892 48.290721 41.347453 34.929572 29.114043 23.943203 19.428468 15.555285 12.288740 9.579305 7.368269 5.592549 4.188661 3.095783 2.257899 1.625125 1.154321 0.809160 0.559783 0.382203 0.257553 0.171297 0.112449 0.072861 0.046599 0.029418 0.018333 0.011278 0.006849 0.004106 0.002430 0.001420 0.000819 0.000467 0.000263 0.000147 0.000083 0.000050 0.000035 0.000035 
0.000021 0.000021 0.000030 0.000051 0.000092 0.000167 0.000300 0.000533 0.000935 0.001620 0.002772 0.004683 0.007810 0.012859 0.020900 0.033533 0.053108 0.083025 0.128117 0.195136 0.293355 0.435272 0.637425 0.921273 1.314098 1.849849 2.569833 3.523088 4.766317 6.363178 8.382787 10.897267 13.978275 17.692484 22.096120 27.228789 33.106955 39.717567 47.012441 54.904052 63.263398 71.920490 80.667886 89.267412 97.459952 104.977831 111.559035 116.962243 120.981477 123.459138 124.296270 123.459138 120.981477 116.962243 111.559035 104.977831 97.459952 89.267412 80.667886 71.920490 63.263398 54.904052 47.012441 39.717567 33.106955 27.228789 22.096120 17.692484 13.978275 10.897267 8.382787 6.363178 4.766317 3.523088 2.569833 1.849849 1.314098 0.921273 0.637425 0.435272 0.293355 0.195136 0.128117 0.083025 0.053108 0.033533 0.020900 0.012859 0.007810 0.004683 0.002772 0.001620 0.000935 0.000533 0.000301 0.000168 0.000095 0.000057 0.000040 0.000040 
0.000024 0.000024 0.000034 0.000058 0.000104 0.000188 0.000338 0.000600 0.001052 0.001823 0.003119 0.005268 0.008785 0.014462 0.023501 0.037700 0.059700 0.093318 0.143980 0.219270 0.329594 0.488984 0.715998 1.034718 1.475752 2.077190 2.885364 3.955277 5.350516 7.142464 9.408609 12.229799 15.686349 19.852968 24.792640 30.549704 37.142543 44.556447 52.737317 61.586959 70.960686 80.667886 90.475974 100.117940 109.303315 117.732057 125.110483 131.168113 135.674091 138.451780 139.390281 138.451780 135.674091 131.168113 125.110483 117.732057 109.303315 100.117940 90.475974 80.667886 70.960686 61.586959 52.737317 44.556447 37.142543 30.549704 24.792640 19.852968 15.686349 12.229799 9.408609 7.142464 5.350516 3.955277 2.885364 2.077190 1.475752 1.034718 0.715998 0.488984 0.329594 0.219270 0.143980 0.093318 0.059700 0.037700 0.023501 0.014462 0.008785 0.005268 0.003119 0.001823 0.001052 0.000600 0.000338 0.000190 0.000107 0.000064 0.000045 0.000045 
