0.000000 0.000000 0.000000 0.000000 0.000000 0.000000 0.000000 0.000000 0.000000 0.000000 0.000000 0.000000 0.000000 0.000000 0.000000 0.000000 0.000000 0.000000 0.000000 0.000000 0.000000 0.000000 0.000000 0.000000 0.000000 0.000000 0.000000 0.000000 0.000000 0.000000 0.000000 0.000000 0.000000 0.000000 0.000000 0.000000 0.000000 0.000000 0.000000 0.000000 0.000000 0.000000 0.000000 0.000000 0.000000 0.000000 0.000000 0.000000 0.000000 0.000000 0.000000 0.000000 0.000000 0.000000 0.000000 0.000000 0.000000 0.000000 0.000000 0.000000 0.000000 0.000000 0.000000 0.000000 0.000000 0.000000 0.000000 0.000000 0.000000 0.000000 0.000000 0.000000 0.000000 0.000000 0.000000 0.000000 0.000000 0.000000 0.000000 0.000000 0.000000 0.000000 0.000000 0.000000 0.000000 0.000000 0.000000 0.000000 0.000000 0.000000 0.000000 0.000000 0.000000 0.000000 0.000000 0.000000 0.000000 0.000000 0.000000 0.000000 
0.000000 0.000000 0.000000 0.000000 0.000000 0.000000 0.000000 0.000000 0.000000 0.000000 0.000000 0.000000 0.000000 0.000000 0.000000 0.000000 0.000000 0.000000 0.000000 0.000000 0.000000 0.000000 0.000000 0.000000 0.000000 0.000000 0.000000 0.000000 0.000000 0.000000 0.000000 0.000000 0.000000 0.000000 0.000000 0.000000 0.000000 0.000000 0.000000 0.000000 0.000000 0.000000 0.000000 0.000000 0.000000 0.000000 0.000000 0.000000 0.000000 0.000000 0.000000 0.000000 0.000000 0.000000 0.000000 0.000000 0.000000 0.000000 0.000000 0.000000 0.000000 0.000000 0.000000 0.000000 0.000000 0.000000 0.000000 0.000000 0.000000 0.000000 0.000000 0.000000 0.000000 0.000000 0.000000 0.000000 0.000000 0.000000 0.000000 0.000000 0.000000 0.000000 0.000000 0.000000 0.000000 0.000000 0.000000 0.000000 0.000000 0.000000 0.000000 0.000000 0.000000 0.000000 0.000000 0.000000 0.000000 0.000000 0.000000 0.000000 
0.000000 0.000000 0.000000 0.000000 0.000000 0.000000 0.000000 0.000000 0.000000 0.000000 0.000000 0.000000 0.000000 0.000000 0.000000 0.000000 0.000000 0.000000 0.000000 0.000000 0.000000 0.000000 0.000000 0.000000 0.000000 0.000000 0.000000 0.000000 0.000000 0.000000 0.000000 0.000000 0.000000 0.000000 0.000000 0.000000 0.000000 0.000000 0.000000 0.000000 0.000000 0.000000 0.000000 0.000000 0.000000 0.000000 0.000000 0.000000 0.000000 0.000000 0.000000 0.000000 0.000000 0.000000 0.000000 0.000000 0.000000 0.000000 0.000000 0.000000 0.000000 0.000000 0.000000 0.000000 0.000000 0.000000 0.000000 0.000000 0.000000 0.000000 0.000000 0.000000 0.000000 0.000000 0.000000 0.000000 0.000000 0.000000 0.000000 0.000000 0.000000 0.000000 0.000000 0.000000 0.000000 0.000000 0.000000 0.000000 0.000000 0.000000 0.000000 0.000000 0.000000 0.000000 0.000000 0.000000 0.000000 0.000000 0.000000 0.000000 
0.000000 0.000000 0.000000 0.000000 0.000000 0.000000 0.000000 0.000000 0.000000 0.000000 0.000000 0.000000 0.000000 0.000000 0.000000 0.000000 0.000000 0.000000 0.000000 0.000000 0.000000 0.000000 0.000000 0.000000 0.000000 0.000000 0.000000 0.000000 0.000000 0.000000 0.000000 0.000000 0.000000 0.000000 0.000000 0.000000 0.000000 0.000000 0.000000 0.000000 0.000000 0.000000 0.000000 0.000000 0.000000 0.000000 0.000000 0.000000 0.000000 0.000000 0.000000 0.000000 0.000000 0.000000 0.000000 0.000000 0.000000 0.000000 0.000000 0.000000 0.000000 0.000000 0.000000 0.000000 0.000000 0.000000 0.000000 0.000000 0.000000 0.000000 0.000000 0.000000 0.000000 0.000000 0.000000 0.000000 0.000000 0.000000 0.000000 0.000000 0.000000 0.000000 0.000000 0.000000 0.000000 0.000000 0.000000 0.000000 0.000000 0.000000 0.000000 0.000000 0.000000 0.000000 0.000000 0.000000 0.000000 0.000000 0.000000 0.000000 
0.000000 0.000000 0.000000 0.000000 0.000000 0.000000 0.000000 0.000000 0.000000 0.000000 0.000000 0.000000 0.000000 0.000000 0.000000 0.000000 0.000000 0.000000 0.000000 0.000000 0.000000 0.000000 0.000000 0.000000 0.000000 0.000000 0.000000 0.000000 0.000000 0.000000 0.000000 0.000000 0.000000 0.000000 0.000000 0.000000 0.000000 0.000000 0.000000 0.000000 0.000000 0.000000 0.000000 0.000000 0.000000 0.000000 0.000000 0.000000 0.000000 0.000000 0.000000 0.000000 0.000000 0.000000 0.000000 0.000000 0.000000 0.000000 0.000000 0.000000 0.000000 0.000000 0.000000 0.000000 0.000000 0.000000 0.000000 0.000000 0.000000 0.000000 0.000000 0.000000 0.000000 0.000000 0.000000 0.000000 0.000000 0.000000 0.000000 0.000000 0.000000 0.000000 0.000000 0.000000 0.000000 0.000000 0.000000 0.000000 0.000000 0.000000 0.000000 0.000000 0.000000 0.000000 0.000000 0.000000 0.000000 0.000000 0.000000 0.000000 
0.000000 0.000000 0.000000 0.000000 0.000000 0.000000 0.000000 0.000000 0.000000 0.000000 0.000000 0.000000 0.000000 0.000000 0.000000 0.000000 0.000000 0.000000 0.000000 0.000000 0.000000 0.000000 0.000000 0.000000 0.000000 0.000000 0.000000 0.000000 0.000000 0.000000 0.000000 0.000000 0.000000 0.000000 0.000000 0.000000 0.000000 0.000000 0.000000 0.000000 0.000000 0.000000 0.000000 0.000000 0.000000 0.000000 0.000000 0.000000 0.000000 0.000000 0.000000 0.000000 0.000000 0.000000 0.000000 0.000000 0.000000 0.000000 0.000000 0.000000 0.000000 0.000000 0.000000 0.000000 0.000000 0.000000 0.000000 0.000000 0.000000 0.000000 0.000000 0.000000 0.000000 0.000000 0.000000 0.000000 0.000000 0.000000 0.000000 0.000000 0.000000 0.000000 0.000000 0.000000 0.000000 0.000000 0.000000 0.000000 0.000000 0.000000 0.000000 0.000000 0.000000 0.000000 0.000000 0.000000 0.000000 0.000000 0.000000 0.000000 
0.000000 0.000000 0.000000 0.000000 0.000000 0.000000 0.000000 0.000000 0.000000 0.000000 0.000000 0.000000 0.000000 0.000000 0.000000 0.000000 0.000000 0.000000 0.000000 0.000000 0.000000 0.000000 0.000000 0.000000 0.000000 0.000000 0.000000 0.000000 0.000000 0.000000 0.000000 0.000000 0.000000 0.000000 0.000000 0.000000 0.000000 0.000000 0.000000 0.000000 0.000000 0.000000 0.000000 0.000000 0.000000 0.000000 0.000000 0.000000 0.000000 0.000000 0.000000 0.000000 0.000000 0.000000 0.000000 0.000000 0.000000 0.000000 0.000000 0.000000 0.000000 0.000000 0.000000 0.000000 0.000000 0.000000 0.000000 0.000000 0.000000 0.000000 0.000000 0.000000 0.000000 0.000000 0.000000 0.000000 0.000000 0.000000 0.000000 0.000000 0.000000 0.000000 0.000000 0.000000 0.000000 0.000000 0.000000 0.000000 0.000000 0.000000 0.000000 0.000000 0.000000 0.000000 0.000000 0.000000 0.000000 0.000000 0.000000 0.000000 
0.000000 0.000000 0.000000 0.000000 0.000000 0.000000 0.000000 0.000000 0.000000 0.000000 0.000000 0.000000 0.000000 0.000000 0.000000 0.000000 0.000000 0.000000 0.000000 0.000000 0.000000 0.000000 0.000000 0.000000 0.000000 0.000000 0.000000 0.000000 0.000000 0.000000 0.000000 0.000000 0.000000 0.000000 0.000000 0.000000 0.000000 0.000000 0.000000 0.000000 0.000000 0.000000 0.000000 0.000000 0.000000 0.000000 0.000000 0.000000 0.000000 0.000000 0.000000 0.000000 0.000000 0.000000 0.000000 0.000000 0.000000 0.000000 0.000000 0.000000 0.000000 0.000000 0.000000 0.000000 0.000000 0.000000 0.000000 0.000000 0.000000 0.000000 0.000000 0.000000 0.000000 0.000000 0.000000 0.000000 0.000000 0.000000 0.000000 0.000000 0.000000 0.000000 0.000000 0.000000 0.000000 0.000000 0.000000 0.000000 0.000000 0.000000 0.000000 0.000000 0.000000 0.000000 0.000000 0.000000 0.000000 0.000000 0.000000 0.000000 
0.000000 0.000000 0.000000 0.000000 0.000000 0.000000 0.000000 0.000000 0.000000 0.000000 0.000000 0.000000 0.000000 0.000000 0.000000 0.000000 0.000000 0.000000 0.000000 0.000000 0.000000 0.000000 0.000000 0.000000 0.000000 0.000000 0.000000 0.000000 0.000000 0.000000 0.000000 0.000000 0.000000 0.000000 0.000000 0.000000 0.000000 0.000000 0.000000 0.000000 0.000000 0.000000 0.000000 0.000001 0.000001 0.000001 0.000001 0.000001 0.000001 0.000001 0.000001 0.000001 0.000001 0.000001 0.000001 0.000001 0.000001 0.000001 0.000000 0.000000 0.000000 0.000000 0.000000 0.000000 0.000000 0.000000 0.000000 0.000000 0.000000 0.000000 0.000000 0.000000 0.000000 0.000000 0.000000 0.000000 0.000000 0.000000 0.000000 0.000000 0.000000 0.000000 0.000000 0.000000 0.000000 0.000000 0.000000 0.000000 0.000000 0.000000 0.000000 0.000000 0.000000 0.000000 0.000000 0.000000 0.000000 0.000000 0.000000 0.000000 
0.000000 0.000000 0.000000 0.000000 0.000000 0.000000 0.000000 0.000000 0.000000 0.000000 0.000000 0.000000 0.000000 0.000000 0.000000 0.000000 0.000000 0.000000 0.000000 0.000000 0.000000 0.000000 0.000000 0.000000 0.000000 0.000000 0.000000 0.000000 0.000000 0.000000 0.000000 0.000000 0.000000 0.000000 0.000000 0.000000 0.000000 0.000000 0.000000 0.000001 0.000001 0.000001 0.000001 0.000001 0.000002 0.000002 0.000002 0.000002 0.000002 0.000002 0.000002 0.000002 0.000002 0.000002 0.000002 0.000002 0.000002 0.000001 0.000001 0.000001 0.000001 0.000001 0.000000 0.000000 0.000000 0.000000 0.000000 0.000000 0.000000 0.000000 0.000000 0.000000 0.000000 0.000000 0.000000 0.000000 0.000000 0.000000 0.000000 0.000000 0.000000 0.000000 0.000000 0.000000 0.000000 0.000000 0.000000 0.000000 0.000000 0.000000 0.000000 0.000000 0.000000 0.000000 0.000000 0.000000 0.000000 0.000000 0.000000 0.000000 
0.000000 0.000000 0.000000 0.000000 0.000000 0.000000 0.000000 0.000000 0.000000 0.000000 0.000000 0.000000 0.000000 0.000000 0.000000 0.000000 0.000000 0.000000 0.000000 0.000000 0.000000 0.000000 0.000000 0.000000 0.000000 0.000000 0.000000 0.000000 0.000000 0.000000 0.000000 0.000000 0.000000 0.000000 0.000000 0.000000 0.000001 0.000001 0.000001 0.000001 0.000002 0.000002 0.000003 0.000003 0.000004 0.000004 0.000005 0.000005 0.000006 0.000006 0.000006 0.000006 0.000006 0.000005 0.000005 0.000004 0.000004 0.000003 0.000003 0.000002 0.000002 0.000001 0.000001 0.000001 0.000001 0.000000 0.000000 0.000000 0.000000 0.000000 0.000000 0.000000 0.000000 0.000000 0.000000 0.000000 0.000000 0.000000 0.000000 0.000000 0.000000 0.000000 0.000000 0.000000 0.000000 0.000000 0.000000 0.000000 0.000000 0.000000 0.000000 0.000000 0.000000 0.000000 0.000000 0.000000 0.000000 0.000000 0.000000 0.000000 
0.000000 0.000000 0.000000 0.000000 0.000000 0.000000 0.000000 0.000000 0.000000 0.000000 0.000000 0.000000 0.000000 0.000000 0.000000 0.000000 0.000000 0.000000 0.000000 0.000000 0.000000 0.000000 0.000000 0.000000 0.000000 0.000000 0.000000 0.000000 0.000000 0.000000 0.000000 0.000000 0.000000 0.000000 0.000001 0.000001 0.000001 0.000002 0.000002 0.000003 0.000004 0.000005 0.000006 0.000008 0.000009 0.000010 0.000012 0.000013 0.000014 0.000014 0.000014 0.000014 0.000014 0.000013 0.000012 0.000010 0.000009 0.000008 0.000006 0.000005 0.000004 0.000003 0.000002 0.000002 0.000001 0.000001 0.000001 0.000000 0.000000 0.000000 0.000000 0.000000 0.000000 0.000000 0.000000 0.000000 0.000000 0.000000 0.000000 0.000000 0.000000 0.000000 0.000000 0.000000 0.000000 0.000000 0.000000 0.000000 0.000000 0.000000 0.000000 0.000000 0.000000 0.000000 0.000000 0.000000 0.000000 0.000000 0.000000 0.000000 
0.000000 0.000000 0.000000 0.000000 0.000000 0.000000 0.000000 0.000000 0.000000 0.000000 0.000000 0.000000 0.000000 0.000000 0.000000 0.000000 0.000000 0.000000 0.000000 0.000000 0.000000 0.000000 0.000000 0.000000 0.000000 0.000000 0.000000 0.000000 0.000000 0.000000 0.000000 0.000000 0.000001 0.000001 0.000001 0.000002 0.000003 0.000004 0.000006 0.000007 0.000010 0.000012 0.000015 0.000018 0.000021 0.000024 0.000027 0.000030 0.000032 0.000033 0.000033 0.000033 0.000032 0.000030 0.000027 0.000024 0.000021 0.000018 0.000015 0.000012 0.000010 0.000007 0.000006 0.000004 0.000003 0.000002 0.000001 0.000001 0.000001 0.000000 0.000000 0.000000 0.000000 0.000000 0.000000 0.000000 0.000000 0.000000 0.000000 0.000000 0.000000 0.000000 0.000000 0.000000 0.000000 0.000000 0.000000 0.000000 0.000000 0.000000 0.000000 0.000000 0.000000 0.000000 0.000000 0.000000 0.000000 0.000000 0.000000 0.000000 
0.000000 0.000000 0.000000 0.000000 0.000000 0.000000 0.000000 0.000000 0.000000 0.000000 0.000000 0.000000 0.000000 0.000000 0.000000 0.000000 0.000000 0.000000 0.000000 0.000000 0.000000 0.000000 0.000000 0.000000 0.000000 0.000000 0.000000 0.000000 0.000000 0.000000 0.000001 0.000001 0.000001 0.000002 0.000003 0.000005 0.000007 0.000010 0.000013 0.000017 0.000022 0.000028 0.000034 0.000041 0.000049 0.000056 0.000062 0.000068 0.000072 0.000075 0.000076 0.000075 0.000072 0.000068 0.000062 0.000056 0.000049 0.000041 0.000034 0.000028 0.000022 0.000017 0.000013 0.000010 0.000007 0.000005 0.000003 0.000002 0.000001 0.000001 0.000001 0.000000 0.000000 0.000000 0.000000 0.000000 0.000000 0.000000 0.000000 0.000000 0.000000 0.000000 0.000000 0.000000 0.000000 0.000000 0.000000 0.000000 0.000000 0.000000 0.000000 0.000000 0.000000 0.000000 0.000000 0.000000 0.000000 0.000000 0.000000 0.000000 
0.000000 0.000000 0.000000 0.000000 0.000000 0.000000 0.000000 0.000000 0.000000 0.000000 0.000000 0.000000 0.000000 0.000000 0.000000 0.000000 0.000000 0.000000 0.000000 0.000000 0.000000 0.000000 0.000000 0.000000 0.000000 0.000000 0.000000 0.000000 0.000000 0.000001 0.000001 0.000002 0.000003 0.000005 0.000007 0.000011 0.000015 0.000021 0.000029 0.000038 0.000050 0.000063 0.000077 0.000093 0.000109 0.000124 0.000139 0.000151 0.000161 0.000167 0.000169 0.000167 0.000161 0.000151 0.000139 0.000124 0.000109 0.000093 0.000077 0.000063 0.000050 0.000038 0.000029 0.000021 0.000015 0.000011 0.000007 0.000005 0.000003 0.000002 0.000001 0.000001 0.000000 0.000000 0.000000 0.000000 0.000000 0.000000 0.000000 0.000000 0.000000 0.000000 0.000000 0.000000 0.000000 0.000000 0.000000 0.000000 0.000000 0.000000 0.000000 0.000000 0.000000 0.000000 0.000000 0.000000 0.000000 0.000000 0.000000 0.000000 
0.000000 0.000000 0.000000 0.000000 0.000000 0.000000 0.000000 0.000000 0.000000 0.000000 0.000000 0.000000 0.000000 0.000000 0.000000 0.000000 0.000000 0.000000 0.000000 0.000000 0.000000 0.000000 0.000000 0.000000 0.000000 0.000000 0.000000 0.000001 0.000001 0.000002 0.000003 0.000005 0.000007 0.000011 0.000016 0.000024 0.000034 0.000047 0.000064 0.000085 0.000109 0.000138 0.000170 0.000204 0.000239 0.000273 0.000305 0.000332 0.000353 0.000366 0.000371 0.000366 0.000353 0.000332 0.000305 0.000273 0.000239 0.000204 0.000170 0.000138 0.000109 0.000085 0.000064 0.000047 0.000034 0.000024 0.000016 0.000011 0.000007 0.000005 0.000003 0.000002 0.000001 0.000001 0.000000 0.000000 0.000000 0.000000 0.000000 0.000000 0.000000 0.000000 0.000000 0.000000 0.000000 0.000000 0.000000 0.000000 0.000000 0.000000 0.000000 0.000000 0.000000 0.000000 0.000000 0.000000 0.000000 0.000000 0.000000 0.000000 
0.000000 0.000000 0.000000 0.000000 0.000000 0.000000 0.000000 0.000000 0.000000 0.000000 0.000000 0.000000 0.000000 0.000000 0.000000 0.000000 0.000000 0.000000 0.000000 0.000000 0.000000 0.000000 0.000000 0.000000 0.000000 0.000000 0.000001 0.000001 0.000002 0.000004 0.000006 0.000010 0.000016 0.000024 0.000036 0.000052 0.000074 0.000102 0.000138 0.000183 0.000236 0.000297 0.000365 0.000438 0.000513 0.000587 0.000655 0.000713 0.000758 0.000786 0.000796 0.000786 0.000758 0.000713 0.000655 0.000587 0.000513 0.000438 0.000365 0.000297 0.000236 0.000183 0.000138 0.000102 0.000074 0.000052 0.000036 0.000024 0.000016 0.000010 0.000006 0.000004 0.000002 0.000001 0.000001 0.000000 0.000000 0.000000 0.000000 0.000000 0.000000 0.000000 0.000000 0.000000 0.000000 0.000000 0.000000 0.000000 0.000000 0.000000 0.000000 0.000000 0.000000 0.000000 0.000000 0.000000 0.000000 0.000000 0.000000 0.000000 
0.000000 0.000000 0.000000 0.000000 0.000000 0.000000 0.000000 0.000000 0.000000 0.000000 0.000000 0.000000 0.000000 0.000000 0.000000 0.000000 0.000000 0.000000 0.000000 0.000000 0.000000 0.000000 0.000000 0.000000 0.000001 0.000001 0.000002 0.000003 0.000005 0.000008 0.000013 0.000021 0.000033 0.000051 0.000076 0.000110 0.000156 0.000216 0.000293 0.000386 0.000498 0.000627 0.000770 0.000924 0.001081 0.001236 0.001378 0.001501 0.001594 0.001654 0.001674 0.001654 0.001594 0.001501 0.001378 0.001236 0.001081 0.000924 0.000770 0.000627 0.000498 0.000386 0.000293 0.000216 0.000156 0.000110 0.000076 0.000051 0.000033 0.000021 0.000013 0.000008 0.000005 0.000003 0.000002 0.000001 0.000001 0.000000 0.000000 0.000000 0.000000 0.000000 0.000000 0.000000 0.000000 0.000000 0.000000 0.000000 0.000000 0.000000 0.000000 0.000000 0.000000 0.000000 0.000000 0.000000 0.000000 0.000000 0.000000 0.000000 
0.000000 0.000000 0.000000 0.000000 0.000000 0.000000 0.000000 0.000000 0.000000 0.000000 0.000000 0.000000 0.000000 0.000000 0.000000 0.000000 0.000000 0.000000 0.000000 0.000000 0.000000 0.000000 0.000000 0.000001 0.000001 0.000002 0.000003 0.000006 0.000010 0.000017 0.000028 0.000045 0.000070 0.000106 0.000158 0.000229 0.000324 0.000448 0.000606 0.000799 0.001029 0.001295 0.001590 0.001906 0.002230 0.002547 0.002840 0.003091 0.003284 0.003406 0.003447 0.003406 0.003284 0.003091 0.002840 0.002547 0.002230 0.001906 0.001590 0.001295 0.001029 0.000799 0.000606 0.000448 0.000324 0.000229 0.000158 0.000106 0.000070 0.000045 0.000028 0.000017 0.000010 0.000006 0.000003 0.000002 0.000001 0.000001 0.000000 0.000000 0.000000 0.000000 0.000000 0.000000 0.000000 0.000000 0.000000 0.000000 0.000000 0.000000 0.000000 0.000000 0.000000 0.000000 0.000000 0.000000 0.000000 0.000000 0.000000 0.000000 
0.000000 0.000000 0.000000 0.000000 0.000000 0.000000 0.000000 0.000000 0.000000 0.000000 0.000000 0.000000 0.000000 0.000000 0.000000 0.000000 0.000000 0.000000 0.000000 0.000000 0.000000 0.000000 0.000001 0.000001 0.000002 0.000004 0.000007 0.000012 0.000021 0.000035 0.000058 0.000092 0.000142 0.000216 0.000321 0.000465 0.000658 0.000910 0.001228 0.001619 0.002084 0.002619 0.003213 0.003850 0.004503 0.005141 0.005731 0.006236 0.006624 0.006868 0.006951 0.006868 0.006624 0.006236 0.005731 0.005141 0.004503 0.003850 0.003213 0.002619 0.002084 0.001619 0.001228 0.000910 0.000658 0.000465 0.000321 0.000216 0.000142 0.000092 0.000058 0.000035 0.000021 0.000012 0.000007 0.000004 0.000002 0.000001 0.000001 0.000000 0.000000 0.000000 0.000000 0.000000 0.000000 0.000000 0.000000 0.000000 0.000000 0.000000 0.000000 0.000000 0.000000 0.000000 0.000000 0.000000 0.000000 0.000000 0.000000 0.000000 
0.000000 0.000000 0.000000 0.000000 0.000000 0.000000 0.000000 0.000000 0.000000 0.000000 0.000000 0.000000 0.000000 0.000000 0.000000 0.000000 0.000000 0.000000 0.000000 0.000000 0.000000 0.000001 0.000001 0.000002 0.000004 0.000008 0.000014 0.000025 0.000043 0.000071 0.000115 0.000183 0.000285 0.000432 0.000640 0.000926 0.001309 0.001807 0.002438 0.003210 0.004129 0.005186 0.006360 0.007615 0.008903 0.010161 0.011323 0.012317 0.013081 0.013562 0.013726 0.013562 0.013081 0.012317 0.011323 0.010161 0.008903 0.007615 0.006360 0.005186 0.004129 0.003210 0.002438 0.001807 0.001309 0.000926 0.000640 0.000432 0.000285 0.000183 0.000115 0.000071 0.000043 0.000025 0.000014 0.000008 0.000004 0.000002 0.000001 0.000001 0.000000 0.000000 0.000000 0.000000 0.000000 0.000000 0.000000 0.000000 0.000000 0.000000 0.000000 0.000000 0.000000 0.000000 0.000000 0.000000 0.000000 0.000000 0.000000 0.000000 
0.000000 0.000000 0.000000 0.000000 0.000000 0.000000 0.000000 0.000000 0.000000 0.000000 0.000000 0.000000 0.000000 0.000000 0.000000 0.000000 0.000000 0.000000 0.000000 0.000000 0.000001 0.000001 0.000002 0.000005 0.000009 0.000016 0.000028 0.000049 0.000084 0.000139 0.000226 0.000359 0.000556 0.000843 0.001247 0.001804 0.002547 0.003515 0.004736 0.006233 0.008011 0.010054 0.012323 0.014747 0.017233 0.019661 0.021902 0.023820 0.025292 0.026219 0.026536 0.026219 0.025292 0.023820 0.021902 0.019661 0.017233 0.014747 0.012323 0.010054 0.008011 0.006233 0.004736 0.003515 0.002547 0.001804 0.001247 0.000843 0.000556 0.000359 0.000226 0.000139 0.000084 0.000049 0.000028 0.000016 0.000009 0.000005 0.000002 0.000001 0.000001 0.000000 0.000000 0.000000 0.000000 0.000000 0.000000 0.000000 0.000000 0.000000 0.000000 0.000000 0.000000 0.000000 0.000000 0.000000 0.000000 0.000000 0.000000 0.000000 
0.000000 0.000000 0.000000 0.000000 0.000000 0.000000 0.000000 0.000000 0.000000 0.000000 0.000000 0.000000 0.000000 0.000000 0.000000 0.000000 0.000000 0.000000 0.000000 0.000001 0.000001 0.000002 0.000005 0.000009 0.000017 0.000031 0.000055 0.000095 0.000161 0.000267 0.000434 0.000687 0.001064 0.001610 0.002381 0.003439 0.004853 0.006689 0.009006 0.011844 0.015212 0.019080 0.023372 0.027956 0.032654 0.037242 0.041473 0.045095 0.047874 0.049624 0.050221 0.049624 0.047874 0.045095 0.041473 0.037242 0.032654 0.027956 0.023372 0.019080 0.015212 0.011844 0.009006 0.006689 0.004853 0.003439 0.002381 0.001610 0.001064 0.000687 0.000434 0.000267 0.000161 0.000095 0.000055 0.000031 0.000017 0.000009 0.000005 0.000002 0.000001 0.000001 0.000000 0.000000 0.000000 0.000000 0.000000 0.000000 0.000000 0.000000 0.000000 0.000000 0.000000 0.000000 0.000000 0.000000 0.000000 0.000000 0.000000 0.000000 
0.000000 0.000000 0.000000 0.000000 0.000000 0.000000 0.000000 0.000000 0.000000 0.000000 0.000000 0.000000 0.000000 0.000000 0.000000 0.000000 0.000000 0.000000 0.000001 0.000001 0.000002 0.000005 0.000009 0.000017 0.000032 0.000058 0.000103 0.000179 0.000303 0.000503 0.000814 0.001288 0.001992 0.003011 0.004448 0.006418 0.009048 0.012461 0.016763 0.022028 0.028273 0.035441 0.043389 0.051874 0.060564 0.069050 0.076872 0.083566 0.088703 0.091936 0.093039 0.091936 0.088703 0.083566 0.076872 0.069050 0.060564 0.051874 0.043389 0.035441 0.028273 0.022028 0.016763 0.012461 0.009048 0.006418 0.004448 0.003011 0.001992 0.001288 0.000814 0.000503 0.000303 0.000179 0.000103 0.000058 0.000032 0.000017 0.000009 0.000005 0.000002 0.000001 0.000001 0.000000 0.000000 0.000000 0.000000 0.000000 0.000000 0.000000 0.000000 0.000000 0.000000 0.000000 0.000000 0.000000 0.000000 0.000000 0.000000 0.000000 
0.000000 0.000000 0.000000 0.000000 0.000000 0.000000 0.000000 0.000000 0.000000 0.000000 0.000000 0.000000 0.000000 0.000000 0.000000 0.000000 0.000000 0.000001 0.000001 0.000002 0.000004 0.000009 0.000017 0.000032 0.000059 0.000108 0.000191 0.000330 0.000558 0.000924 0.001494 0.002362 0.003649 0.005510 0.008129 0.011719 0.016507 0.022714 0.030534 0.040094 0.051427 0.064428 0.078833 0.094206 0.109943 0.125304 0.139460 0.151570 0.160862 0.166709 0.168705 0.166709 0.160862 0.151570 0.139460 0.125304 0.109943 0.094206 0.078833 0.064428 0.051427 0.040094 0.030534 0.022714 0.016507 0.011719 0.008129 0.005510 0.003649 0.002362 0.001494 0.000924 0.000558 0.000330 0.000191 0.000108 0.000059 0.000032 0.000017 0.000009 0.000004 0.000002 0.000001 0.000001 0.000000 0.000000 0.000000 0.000000 0.000000 0.000000 0.000000 0.000000 0.000000 0.000000 0.000000 0.000000 0.000000 0.000000 0.000000 0.000000 
0.000000 0.000000 0.000000 0.000000 0.000000 0.000000 0.000000 0.000000 0.000000 0.000000 0.000000 0.000000 0.000000 0.000000 0.000000 0.000000 0.000000 0.000001 0.000002 0.000004 0.000008 0.000016 0.000031 0.000058 0.000108 0.000195 0.000344 0.000595 0.001005 0.001661 0.002684 0.004237 0.006539 0.009863 0.014538 0.020939 0.029466 0.040514 0.054421 0.071412 0.091539 0.114614 0.140169 0.167427 0.195320 0.222534 0.247607 0.269052 0.285502 0.295852 0.299386 0.295852 0.285502 0.269052 0.247607 0.222534 0.195320 0.167427 0.140169 0.114614 0.091539 0.071412 0.054421 0.040514 0.029466 0.020939 0.014538 0.009863 0.006539 0.004237 0.002684 0.001661 0.001005 0.000595 0.000344 0.000195 0.000108 0.000058 0.000031 0.000016 0.000008 0.000004 0.000002 0.000001 0.000000 0.000000 0.000000 0.000000 0.000000 0.000000 0.000000 0.000000 0.000000 0.000000 0.000000 0.000000 0.000000 0.000000 0.000000 0.000000 
0.000000 0.000000 0.000000 0.000000 0.000000 0.000000 0.000000 0.000000 0.000000 0.000000 0.000000 0.000000 0.000000 0.000000 0.000000 0.000000 0.000001 0.000002 0.000003 0.000007 0.000014 0.000028 0.000055 0.000103 0.000191 0.000344 0.000607 0.001049 0.001770 0.002922 0.004714 0.007436 0.011463 0.017272 0.025434 0.036600 0.051463 0.070704 0.094905 0.124453 0.159431 0.199511 0.243874 0.291173 0.339553 0.386738 0.430200 0.467364 0.495867 0.513799 0.519920 0.513799 0.495867 0.467364 0.430200 0.386738 0.339553 0.291173 0.243874 0.199511 0.159431 0.124453 0.094905 0.070704 0.051463 0.036600 0.025434 0.017272 0.011463 0.007436 0.004714 0.002922 0.001770 0.001049 0.000607 0.000344 0.000191 0.000103 0.000055 0.000028 0.000014 0.000007 0.000003 0.000002 0.000001 0.000000 0.000000 0.000000 0.000000 0.000000 0.000000 0.000000 0.000000 0.000000 0.000000 0.000000 0.000000 0.000000 0.000000 0.000000 
0.000000 0.000000 0.000000 0.000000 0.000000 0.000000 0.000000 0.000000 0.000000 0.000000 0.000000 0.000000 0.000000 0.000000 0.000000 0.000001 0.000001 0.000003 0.000006 0.000012 0.000025 0.000049 0.000095 0.000179 0.000330 0.000595 0.001049 0.001808 0.003049 0.005026 0.008100 0.012762 0.019655 0.029587 0.043529 0.062585 0.087930 0.120714 0.161920 0.212198 0.271678 0.339796 0.415156 0.495467 0.577580 0.657641 0.731363 0.794388 0.842717 0.873118 0.883495 0.873118 0.842717 0.794388 0.731363 0.657641 0.577580 0.495467 0.415156 0.339796 0.271678 0.212198 0.161920 0.120714 0.087930 0.062585 0.043529 0.029587 0.019655 0.012762 0.008100 0.005026 0.003049 0.001808 0.001049 0.000595 0.000330 0.000179 0.000095 0.000049 0.000025 0.000012 0.000006 0.000003 0.000001 0.000001 0.000000 0.000000 0.000000 0.000000 0.000000 0.000000 0.000000 0.000000 0.000000 0.000000 0.000000 0.000000 0.000000 0.000000 
0.000000 0.000000 0.000000 0.000000 0.000000 0.000000 0.000000 0.000000 0.000000 0.000000 0.000000 0.000000 0.000000 0.000000 0.000000 0.000001 0.000002 0.000005 0.000010 0.000021 0.000043 0.000084 0.000161 0.000303 0.000558 0.001005 0.001770 0.003049 0.005134 0.008454 0.013611 0.021423 0.032962 0.049573 0.072868 0.104681 0.146961 0.201609 0.270249 0.353947 0.452907 0.566177 0.691429 0.824854 0.961221 1.094137 1.216495 1.321080 1.401262 1.451697 1.468910 1.451697 1.401262 1.321080 1.216495 1.094137 0.961221 0.824854 0.691429 0.566177 0.452907 0.353947 0.270249 0.201609 0.146961 0.104681 0.072868 0.049573 0.032962 0.021423 0.013611 0.008454 0.005134 0.003049 0.001770 0.001005 0.000558 0.000303 0.000161 0.000084 0.000043 0.000021 0.000010 0.000005 0.000002 0.000001 0.000000 0.000000 0.000000 0.000000 0.000000 0.000000 0.000000 0.000000 0.000000 0.000000 0.000000 0.000000 0.000000 0.000000 
0.000000 0.000000 0.000000 0.000000 0.000000 0.000000 0.000000 0.000000 0.000000 0.000000 0.000000 0.000000 0.000000 0.000000 0.000001 0.000002 0.000004 0.000008 0.000017 0.000035 0.000071 0.000139 0.000267 0.000503 0.000924 0.001661 0.002922 0.005026 0.008454 0.013907 0.022366 0.035169 0.054060 0.081231 0.119303 0.171254 0.240245 0.329355 0.441207 0.577513 0.738583 0.922850 1.126517 1.343383 1.564953 1.780850 1.979546 2.149344 2.279505 2.361367 2.389305 2.361367 2.279505 2.149344 1.979546 1.780850 1.564953 1.343383 1.126517 0.922850 0.738583 0.577513 0.441207 0.329355 0.240245 0.171254 0.119303 0.081231 0.054060 0.035169 0.022366 0.013907 0.008454 0.005026 0.002922 0.001661 0.000924 0.000503 0.000267 0.000139 0.000071 0.000035 0.000017 0.000008 0.000004 0.000002 0.000001 0.000000 0.000000 0.000000 0.000000 0.000000 0.000000 0.000000 0.000000 0.000000 0.000000 0.000000 0.000000 0.000000 
0.000000 0.000000 0.000000 0.000000 0.000000 0.000000 0.000000 0.000000 0.000000 0.000000 0.000000 0.000000 0.000000 0.000001 0.000001 0.000003 0.000006 0.000013 0.000028 0.000058 0.000115 0.000226 0.000434 0.000814 0.001494 0.002684 0.004714 0.008100 0.013611 0.022366 0.035936 0.056453 0.086701 0.130167 0.191024 0.274000 0.384113 0.526239 0.704526 0.921665 1.178115 1.471357 1.795329 2.140162 2.492353 2.835427 3.151090 3.420791 3.627502 3.757497 3.801859 3.757497 3.627502 3.420791 3.151090 2.835427 2.492353 2.140162 1.795329 1.471357 1.178115 0.921665 0.704526 0.526239 0.384113 0.274000 0.191024 0.130167 0.086701 0.056453 0.035936 0.022366 0.013611 0.008100 0.004714 0.002684 0.001494 0.000814 0.000434 0.000226 0.000115 0.000058 0.000028 0.000013 0.000006 0.000003 0.000001 0.000001 0.000000 0.000000 0.000000 0.000000 0.000000 0.000000 0.000000 0.000000 0.000000 0.000000 0.000000 0.000000 
0.000000 0.000000 0.000000 0.000000 0.000000 0.000000 0.000000 0.000000 0.000000 0.000000 0.000000 0.000000 0.000000 0.000001 0.000002 0.000005 0.000010 0.000021 0.000045 0.000092 0.000183 0.000359 0.000687 0.001288 0.002362 0.004237 0.007436 0.012762 0.021423 0.035169 0.056453 0.088605 0.135964 0.203963 0.299094 0.428706 0.600587 0.822298 1.100249 1.438584 1.837967 2.294437 2.798530 3.334883 3.882502 4.415795 4.906365 5.325427 5.646571 5.848511 5.917421 5.848511 5.646571 5.325427 4.906365 4.415795 3.882502 3.334883 2.798530 2.294437 1.837967 1.438584 1.100249 0.822298 0.600587 0.428706 0.299094 0.203963 0.135964 0.088605 0.056453 0.035169 0.021423 0.012762 0.007436 0.004237 0.002362 0.001288 0.000687 0.000359 0.000183 0.000092 0.000045 0.000021 0.000010 0.000005 0.000002 0.000001 0.000000 0.000000 0.000000 0.000000 0.000000 0.000000 0.000000 0.000000 0.000000 0.000000 0.000000 0.000000 
0.000000 0.000000 0.000000 0.000000 0.000000 0.000000 0.000000 0.000000 0.000000 0.000000 0.000000 0.000000 0.000001 0.000001 0.000003 0.000007 0.000016 0.000033 0.000070 0.000142 0.000285 0.000556 0.001064 0.001992 0.003649 0.006539 0.011463 0.019655 0.032962 0.054060 0.086701 0.135964 0.208468 0.312489 0.457905 0.655892 0.918274 1.256514 1.680311 2.195905 2.804235 3.499211 4.266388 5.082374 5.915241 6.726103 7.471841 8.108763 8.596797 8.903652 9.008360 8.903652 8.596797 8.108763 7.471841 6.726103 5.915241 5.082374 4.266388 3.499211 2.804235 2.195905 1.680311 1.256514 0.918274 0.655892 0.457905 0.312489 0.208468 0.135964 0.086701 0.054060 0.032962 0.019655 0.011463 0.006539 0.003649 0.001992 0.001064 0.000556 0.000285 0.000142 0.000070 0.000033 0.000016 0.000007 0.000003 0.000001 0.000001 0.000000 0.000000 0.000000 0.000000 0.000000 0.000000 0.000000 0.000000 0.000000 0.000000 0.000000 
0.000000 0.000000 0.000000 0.000000 0.000000 0.000000 0.000000 0.000000 0.000000 0.000000 0.000000 0.000000 0.000001 0.000002 0.000005 0.000011 0.000024 0.000051 0.000106 0.000216 0.000432 0.000843 0.001610 0.003011 0.005510 0.009863 0.017272 0.029587 0.049573 0.081231 0.130167 0.203963 0.312489 0.468074 0.685422 0.981148 1.372817 1.877427 2.509335 3.277731 4.183919 5.218744 6.360647 7.574791 8.813690 10.019553 11.128333 12.075164 12.800571 13.256638 13.412254 13.256638 12.800571 12.075164 11.128333 10.019553 8.813690 7.574791 6.360647 5.218744 4.183919 3.277731 2.509335 1.877427 1.372817 0.981148 0.685422 0.468074 0.312489 0.203963 0.130167 0.081231 0.049573 0.029587 0.017272 0.009863 0.005510 0.003011 0.001610 0.000843 0.000432 0.000216 0.000106 0.000051 0.000024 0.000011 0.000005 0.000002 0.000001 0.000000 0.000000 0.000000 0.000000 0.000000 0.000000 0.000000 0.000000 0.000000 0.000000 0.000000 
0.000000 0.000000 0.000000 0.000000 0.000000 0.000000 0.000000 0.000000 0.000000 0.000000 0.000000 0.000001 0.000001 0.000003 0.000007 0.000016 0.000036 0.000076 0.000158 0.000321 0.000640 0.001247 0.002381 0.004448 0.008129 0.014538 0.025434 0.043529 0.072868 0.119303 0.191024 0.299094 0.457905 0.685422 1.003047 1.434939 2.006613 2.742730 3.664076 4.783898 6.103956 7.610808 9.272989 11.039766 12.842066 14.595887 16.208191 17.584783 18.639322 19.302262 19.528458 19.302262 18.639322 17.584783 16.208191 14.595887 12.842066 11.039766 9.272989 7.610808 6.103956 4.783898 3.664076 2.742730 2.006613 1.434939 1.003047 0.685422 0.457905 0.299094 0.191024 0.119303 0.072868 0.043529 0.025434 0.014538 0.008129 0.004448 0.002381 0.001247 0.000640 0.000321 0.000158 0.000076 0.000036 0.000016 0.000007 0.000003 0.000001 0.000001 0.000000 0.000000 0.000000 0.000000 0.000000 0.000000 0.000000 0.000000 0.000000 0.000000 
0.000000 0.000000 0.000000 0.000000 0.000000 0.000000 0.000000 0.000000 0.000000 0.000000 0.000000 0.000001 0.000002 0.000005 0.000011 0.000024 0.000052 0.000110 0.000229 0.000465 0.000926 0.001804 0.003439 0.006418 0.011719 0.020939 0.036600 0.062585 0.104681 0.171254 0.274000 0.428706 0.655892 0.981148 1.434939 2.051618 2.867436 3.917382 5.230892 6.826648 8.706975 10.852579 13.218562 15.732681 18.296680 20.791153 23.083917 25.041197 26.540404 27.482816 27.804355 27.482816 26.540404 25.041197 23.083917 20.791153 18.296680 15.732681 13.218562 10.852579 8.706975 6.826648 5.230892 3.917382 2.867436 2.051618 1.434939 0.981148 0.655892 0.428706 0.274000 0.171254 0.104681 0.062585 0.036600 0.020939 0.011719 0.006418 0.003439 0.001804 0.000926 0.000465 0.000229 0.000110 0.000052 0.000024 0.000011 0.000005 0.000002 0.000001 0.000000 0.000000 0.000000 0.000000 0.000000 0.000000 0.000000 0.000000 0.000000 0.000000 
0.000000 0.000000 0.000000 0.000000 0.000000 0.000000 0.000000 0.000000 0.000000 0.000000 0.000001 0.000001 0.000003 0.000007 0.000015 0.000034 0.000074 0.000156 0.000324 0.000658 0.001309 0.002547 0.004853 0.009048 0.016507 0.029466 0.051463 0.087930 0.146961 0.240245 0.384113 0.600587 0.918274 1.372817 2.006613 2.867436 4.005645 5.469795 7.300659 9.524012 12.142853 15.130119 18.423180 21.921447 25.488245 28.957600 32.145855 34.867215 36.951460 38.261540 38.708508 38.261540 36.951460 34.867215 32.145855 28.957600 25.488245 21.921447 18.423180 15.130119 12.142853 9.524012 7.300659 5.469795 4.005645 2.867436 2.006613 1.372817 0.918274 0.600587 0.384113 0.240245 0.146961 0.087930 0.051463 0.029466 0.016507 0.009048 0.004853 0.002547 0.001309 0.000658 0.000324 0.000156 0.000074 0.000034 0.000015 0.000007 0.000003 0.000001 0.000001 0.000000 0.000000 0.000000 0.000000 0.000000 0.000000 0.000000 0.000000 0.000000 
0.000000 0.000000 0.000000 0.000000 0.000000 0.000000 0.000000 0.000000 0.000000 0.000000 0.000001 0.000002 0.000004 0.000010 0.000021 0.000047 0.000102 0.000216 0.000448 0.000910 0.001807 0.003515 0.006689 0.012461 0.022714 0.040514 0.070704 0.120714 0.201609 0.329355 0.526239 0.822298 1.256514 1.877427 2.742730 3.917382 5.469795 7.465858 9.960812 12.989440 16.555525 20.621978 25.103385 29.862811 34.714369 39.432461 43.767570 47.467353 50.300679 52.081487 52.689037 52.081487 50.300679 47.467353 43.767570 39.432461 34.714369 29.862811 25.103385 20.621978 16.555525 12.989440 9.960812 7.465858 5.469795 3.917382 2.742730 1.877427 1.256514 0.822298 0.526239 0.329355 0.201609 0.120714 0.070704 0.040514 0.022714 0.012461 0.006689 0.003515 0.001807 0.000910 0.000448 0.000216 0.000102 0.000047 0.000021 0.000010 0.000004 0.000002 0.000001 0.000000 0.000000 0.000000 0.000000 0.000000 0.000000 0.000000 0.000000 0.000000 
0.000000 0.000000 0.000000 0.000000 0.000000 0.000000 0.000000 0.000000 0.000000 0.000000 0.000001 0.000002 0.000006 0.000013 0.000029 0.000064 0.000138 0.000293 0.000606 0.001228 0.002438 0.004736 0.009006 0.016763 0.030534 0.054421 0.094905 0.161920 0.270249 0.441207 0.704526 1.100249 1.680311 2.509335 3.664076 5.230892 7.300659 9.960812 13.284539 17.317765 22.065152 27.477028 33.439535 39.770417 46.222487 52.495924 58.259255 63.177353 66.943333 69.310192 70.117657 69.310192 66.943333 63.177353 58.259255 52.495924 46.222487 39.770417 33.439535 27.477028 22.065152 17.317765 13.284539 9.960812 7.300659 5.230892 3.664076 2.509335 1.680311 1.100249 0.704526 0.441207 0.270249 0.161920 0.094905 0.054421 0.030534 0.016763 0.009006 0.004736 0.002438 0.001228 0.000606 0.000293 0.000138 0.000064 0.000029 0.000013 0.000006 0.000002 0.000001 0.000000 0.000000 0.000000 0.000000 0.000000 0.000000 0.000000 0.000000 0.000000 
0.000000 0.000000 0.000000 0.000000 0.000000 0.000000 0.000000 0.000000 0.000000 0.000001 0.000001 0.000003 0.000007 0.000017 0.000038 0.000085 0.000183 0.000386 0.000799 0.001619 0.003210 0.006233 0.011844 0.022028 0.040094 0.071412 0.124453 0.212198 0.353947 0.577513 0.921665 1.438584 2.195905 3.277731 4.783898 6.826648 9.524012 12.989440 17.317765 22.568290 28.746642 35.787822 43.543468 51.776443 60.165383 68.320705 75.811857 82.203667 87.097717 90.173378 91.222626 90.173378 87.097717 82.203667 75.811857 68.320705 60.165383 51.776443 43.543468 35.787822 28.746642 22.568290 17.317765 12.989440 9.524012 6.826648 4.783898 3.277731 2.195905 1.438584 0.921665 0.577513 0.353947 0.212198 0.124453 0.071412 0.040094 0.022028 0.011844 0.006233 0.003210 0.001619 0.000799 0.000386 0.000183 0.000085 0.000038 0.000017 0.000007 0.000003 0.000001 0.000001 0.000000 0.000000 0.000000 0.000000 0.000000 0.000000 0.000000 0.000000 
0.000000 0.000000 0.000000 0.000000 0.000000 0.000000 0.000000 0.000000 0.000000 0.000001 0.000002 0.000004 0.000010 0.000022 0.000050 0.000109 0.000236 0.000498 0.001029 0.002084 0.004129 0.008011 0.015212 0.028273 0.051427 0.091539 0.159431 0.271678 0.452907 0.738583 1.178115 1.837967 2.804235 4.183919 6.103956 8.706975 12.142853 16.555525 22.065152 28.746642 36.606637 45.562038 55.423888 65.890569 76.553634 86.918166 96.437400 104.558839 110.776747 114.684187 116.017158 114.684187 110.776747 104.558839 96.437400 86.918166 76.553634 65.890569 55.423888 45.562038 36.606637 28.746642 22.065152 16.555525 12.142853 8.706975 6.103956 4.183919 2.804235 1.837967 1.178115 0.738583 0.452907 0.271678 0.159431 0.091539 0.051427 0.028273 0.015212 0.008011 0.004129 0.002084 0.001029 0.000498 0.000236 0.000109 0.000050 0.000022 0.000010 0.000004 0.000002 0.000001 0.000000 0.000000 0.000000 0.000000 0.000000 0.000000 0.000000 0.000000 
0.000000 0.000000 0.000000 0.000000 0.000000 0.000000 0.000000 0.000000 0.000000 0.000001 0.000002 0.000005 0.000012 0.000028 0.000063 0.000138 0.000297 0.000627 0.001295 0.002619 0.005186 0.010054 0.019080 0.035441 0.064428 0.114614 0.199511 0.339796 0.566177 0.922850 1.471357 2.294437 3.499211 5.218744 7.610808 10.852579 15.130119 20.621978 27.477028 35.787822 45.562038 56.695879 68.954132 81.961793 95.211379 108.088238 119.913538 130.001490 137.724461 142.577483 144.232988 142.577483 137.724461 130.001490 119.913538 108.088238 95.211379 81.961793 68.954132 56.695879 45.562038 35.787822 27.477028 20.621978 15.130119 10.852579 7.610808 5.218744 3.499211 2.294437 1.471357 0.922850 0.566177 0.339796 0.199511 0.114614 0.064428 0.035441 0.019080 0.010054 0.005186 0.002619 0.001295 0.000627 0.000297 0.000138 0.000063 0.000028 0.000012 0.000005 0.000002 0.000001 0.000000 0.000000 0.000000 0.000000 0.000000 0.000000 0.000000 0.000000 
0.000000 0.000000 0.000000 0.000000 0.000000 0.000000 0.000000 0.000000 0.000000 0.000001 0.000003 0.000006 0.000015 0.000034 0.000077 0.000170 0.000365 0.000770 0.001590 0.003213 0.006360 0.012323 0.023372 0.043389 0.078833 0.140169 0.243874 0.415156 0.691429 1.126517 1.795329 2.798530 4.266388 6.360647 9.272989 13.218562 18.423180 25.103385 33.439535 43.543468 55.423888 68.954132 83.848042 99.649887 115.743301 131.382052 145.742218 157.991608 167.368714 173.260932 175.270895 173.260932 167.368714 157.991608 145.742218 131.382052 115.743301 99.649887 83.848042 68.954132 55.423888 43.543468 33.439535 25.103385 18.423180 13.218562 9.272989 6.360647 4.266388 2.798530 1.795329 1.126517 0.691429 0.415156 0.243874 0.140169 0.078833 0.043389 0.023372 0.012323 0.006360 0.003213 0.001590 0.000770 0.000365 0.000170 0.000077 0.000034 0.000015 0.000006 0.000003 0.000001 0.000000 0.000000 0.000000 0.000000 0.000000 0.000000 0.000000 0.000000 
0.000000 0.000000 0.000000 0.000000 0.000000 0.000000 0.000000 0.000000 0.000001 0.000001 0.000003 0.000008 0.000018 0.000041 0.000093 0.000204 0.000438 0.000924 0.001906 0.003850 0.007615 0.014747 0.027956 0.051874 0.094206 0.167427 0.291173 0.495467 0.824854 1.343383 2.140162 3.334883 5.082374 7.574791 11.039766 15.732681 21.921447 29.862811 39.770417 51.776443 65.890569 81.961793 99.649887 118.413518 137.520933 156.086505 173.132648 187.672147 198.801759 205.794930 208.180408 205.794930 198.801759 187.672147 173.132648 156.086505 137.520933 118.413518 99.649887 81.961793 65.890569 51.776443 39.770417 29.862811 21.921447 15.732681 11.039766 7.574791 5.082374 3.334883 2.140162 1.343383 0.824854 0.495467 0.291173 0.167427 0.094206 0.051874 0.027956 0.014747 0.007615 0.003850 0.001906 0.000924 0.000438 0.000204 0.000093 0.000041 0.000018 0.000008 0.000003 0.000001 0.000001 0.000000 0.000000 0.000000 0.000000 0.000000 0.000000 0.000000 
