0.000000 0.000000 0.000000 0.000000 0.000000 0.000000 0.000000 0.000000 0.000000 0.000000 0.000000 0.000000 0.000000 0.000000 0.000000 0.000000 0.000000 0.000000 0.000000 0.000000 0.000000 0.000000 0.000000 0.000000 0.000000 0.000000 0.000000 0.000000 0.000000 0.000000 0.000000 0.000000 0.000000 0.000000 0.000000 0.000000 0.000000 0.000000 0.000000 0.000000 0.000000 0.000000 0.000000 0.000000 0.000000 0.000000 0.000000 0.000000 0.000000 0.000000 0.000000 0.000000 0.000000 0.000000 0.000000 0.000000 0.000000 0.000000 0.000000 0.000000 0.000000 0.000000 0.000000 0.000000 0.000000 0.000000 0.000000 0.000000 0.000000 0.000000 0.000000 0.000000 0.000000 0.000000 0.000000 0.000000 0.000000 0.000000 0.000000 0.000000 0.000000 0.000000 0.000000 0.000000 0.000000 0.000000 0.000000 0.000000 0.000000 0.000000 0.000000 0.000000 0.000000 0.000000 0.000000 0.000000 0.000000 0.000000 0.000000 0.000000 
0.000000 0.000000 0.000000 0.000000 0.000000 0.000000 0.000000 0.000000 0.000000 0.000000 0.000000 0.000000 0.000000 0.000000 0.000000 0.000000 0.000000 0.000000 0.000000 0.000000 0.000000 0.000000 0.000000 0.000000 0.000000 0.000000 0.000000 0.000000 0.000000 0.000000 0.000000 0.000000 0.000000 0.000000 0.000000 0.000000 0.000000 0.000000 0.000000 0.000000 0.000000 0.000000 0.000000 0.000000 0.000000 0.000000 0.000000 0.000000 0.000000 0.000000 0.000000 0.000000 0.000000 0.000000 0.000000 0.000000 0.000000 0.000000 0.000000 0.000000 0.000000 0.000000 0.000000 0.000000 0.000000 0.000000 0.000000 0.000000 0.000000 0.000000 0.000000 0.000000 0.000000 0.000000 0.000000 0.000000 0.000000 0.000000 0.000000 0.000000 0.000000 0.000000 0.000000 0.000000 0.000000 0.000000 0.000000 0.000000 0.000000 0.000000 0.000000 0.000000 0.000000 0.000000 0.000000 0.000000 0.000000 0.000000 0.000000 0.000000 
0.000000 0.000000 0.000000 0.000000 0.000000 0.000000 0.000000 0.000000 0.000000 0.000000 0.000000 0.000000 0.000000 0.000000 0.000000 0.000000 0.000000 0.000000 0.000000 0.000000 0.000000 0.000000 0.000000 0.000000 0.000000 0.000000 0.000000 0.000000 0.000000 0.000000 0.000000 0.000000 0.000000 0.000000 0.000000 0.000000 0.000000 0.000000 0.000000 0.000000 0.000000 0.000000 0.000000 0.000000 0.000000 0.000000 0.000000 0.000000 0.000000 0.000000 0.000000 0.000000 0.000000 0.000000 0.000000 0.000000 0.000000 0.000000 0.000000 0.000000 0.000000 0.000000 0.000000 0.000000 0.000000 0.000000 0.000000 0.000000 0.000000 0.000000 0.000000 0.000000 0.000000 0.000000 0.000000 0.000000 0.000000 0.000000 0.000000 0.000000 0.000000 0.000000 0.000000 0.000000 0.000000 0.000000 0.000000 0.000000 0.000000 0.000000 0.000000 0.000000 0.000000 0.000000 0.000000 0.000000 0.000000 0.000000 0.000000 0.000000 
0.000000 0.000000 0.000000 0.000000 0.000000 0.000000 0.000000 0.000000 0.000000 0.000000 0.000000 0.000000 0.000000 0.000000 0.000000 0.000000 0.000000 0.000000 0.000000 0.000000 0.000000 0.000000 0.000000 0.000000 0.000000 0.000000 0.000000 0.000000 0.000000 0.000000 0.000000 0.000000 0.000000 0.000000 0.000000 0.000000 0.000000 0.000000 0.000000 0.000000 0.000000 0.000000 0.000000 0.000000 0.000000 0.000000 0.000000 0.000000 0.000000 0.000000 0.000000 0.000000 0.000000 0.000000 0.000000 0.000000 0.000000 0.000000 0.000000 0.000000 0.000000 0.000000 0.000000 0.000000 0.000000 0.000000 0.000000 0.000000 0.000000 0.000000 0.000000 0.000000 0.000000 0.000000 0.000000 0.000000 0.000000 0.000000 0.000000 0.000000 0.000000 0.000000 0.000000 0.000000 0.000000 0.000000 0.000000 0.000000 0.000000 0.000000 0.000000 0.000000 0.000000 0.000000 0.000000 0.000000 0.000000 0.000000 0.000000 0.000000 
0.000000 0.000000 0.000000 0.000000 0.000000 0.000000 0.000000 0.000000 0.000000 0.000000 0.000000 0.000000 0.000000 0.000000 0.000000 0.000000 0.000000 0.000000 0.000000 0.000000 0.000000 0.000000 0.000000 0.000000 0.000000 0.000000 0.000000 0.000000 0.000000 0.000000 0.000000 0.000000 0.000000 0.000000 0.000000 0.000000 0.000000 0.000000 0.000000 0.000000 0.000000 0.000000 0.000000 0.000000 0.000000 0.000000 0.000000 0.000000 0.000000 0.000000 0.000000 0.000000 0.000000 0.000000 0.000000 0.000000 0.000000 0.000000 0.000000 0.000000 0.000000 0.000000 0.000000 0.000000 0.000000 0.000000 0.000000 0.000000 0.000000 0.000000 0.000000 0.000000 0.000000 0.000000 0.000000 0.000000 0.000000 0.000000 0.000000 0.000000 0.000000 0.000000 0.000000 0.000000 0.000000 0.000000 0.000000 0.000000 0.000000 0.000000 0.000000 0.000000 0.000000 0.000000 0.000000 0.000000 0.000000 0.000000 0.000000 0.000000 
0.000000 0.000000 0.000000 0.000000 0.000000 0.000000 0.000000 0.000000 0.000000 0.000000 0.000000 0.000000 0.000000 0.000000 0.000000 0.000000 0.000000 0.000000 0.000000 0.000000 0.000000 0.000000 0.000000 0.000000 0.000000 0.000000 0.000000 0.000000 0.000000 0.000000 0.000000 0.000000 0.000000 0.000000 0.000000 0.000000 0.000000 0.000000 0.000000 0.000000 0.000000 0.000000 0.000000 0.000000 0.000000 0.000000 0.000000 0.000000 0.000000 0.000000 0.000000 0.000000 0.000000 0.000000 0.000000 0.000000 0.000000 0.000000 0.000000 0.000000 0.000000 0.000000 0.000000 0.000000 0.000000 0.000000 0.000000 0.000000 0.000000 0.000000 0.000000 0.000000 0.000000 0.000000 0.000000 0.000000 0.000000 0.000000 0.000000 0.000000 0.000000 0.000000 0.000000 0.000000 0.000000 0.000000 0.000000 0.000000 0.000000 0.000000 0.000000 0.000000 0.000000 0.000000 0.000000 0.000000 0.000000 0.000000 0.000000 0.000000 
0.000000 0.000000 0.000000 0.000000 0.000000 0.000000 0.000000 0.000000 0.000000 0.000000 0.000000 0.000000 0.000000 0.000000 0.000000 0.000000 0.000000 0.000000 0.000000 0.000000 0.000000 0.000000 0.000000 0.000000 0.000000 0.000000 0.000000 0.000000 0.000000 0.000000 0.000000 0.000000 0.000000 0.000000 0.000000 0.000000 0.000000 0.000000 0.000000 0.000000 0.000000 0.000000 0.000000 0.000000 0.000000 0.000000 0.000000 0.000000 0.000000 0.000000 0.000000 0.000000 0.000000 0.000000 0.000000 0.000000 0.000000 0.000000 0.000000 0.000000 0.000000 0.000000 0.000000 0.000000 0.000000 0.000000 0.000000 0.000000 0.000000 0.000000 0.000000 0.000000 0.000000 0.000000 0.000000 0.000000 0.000000 0.000000 0.000000 0.000000 0.000000 0.000000 0.000000 0.000000 0.000000 0.000000 0.000000 0.000000 0.000000 0.000000 0.000000 0.000000 0.000000 0.000000 0.000000 0.000000 0.000000 0.000000 0.000000 0.000000 
0.000000 0.000000 0.000000 0.000000 0.000000 0.000000 0.000000 0.000000 0.000000 0.000000 0.000000 0.000000 0.000000 0.000000 0.000000 0.000000 0.000000 0.000000 0.000000 0.000000 0.000000 0.000000 0.000000 0.000000 0.000000 0.000000 0.000000 0.000000 0.000000 0.000000 0.000000 0.000000 0.000000 0.000000 0.000000 0.000000 0.000000 0.000000 0.000000 0.000000 0.000000 0.000000 0.000000 0.000000 0.000000 0.000000 0.000000 0.000000 0.000000 0.000000 0.000000 0.000000 0.000000 0.000000 0.000000 0.000000 0.000000 0.000000 0.000000 0.000000 0.000000 0.000000 0.000000 0.000000 0.000000 0.000000 0.000000 0.000000 0.000000 0.000000 0.000000 0.000000 0.000000 0.000000 0.000000 0.000000 0.000000 0.000000 0.000000 0.000000 0.000000 0.000000 0.000000 0.000000 0.000000 0.000000 0.000000 0.000000 0.000000 0.000000 0.000000 0.000000 0.000000 0.000000 0.000000 0.000000 0.000000 0.000000 0.000000 0.000000 
0.000000 0.000000 0.000000 0.000000 0.000000 0.000000 0.000000 0.000000 0.000000 0.000000 0.000000 0.000000 0.000000 0.000000 0.000000 0.000000 0.000000 0.000000 0.000000 0.000000 0.000000 0.000000 0.000000 0.000000 0.000000 0.000000 0.000000 0.000000 0.000000 0.000000 0.000000 0.000000 0.000000 0.000000 0.000000 0.000000 0.000000 0.000000 0.000000 0.000000 0.000000 0.000000 0.000000 0.000000 0.000000 0.000000 0.000000 0.000000 0.000000 0.000000 0.000000 0.000000 0.000000 0.000000 0.000000 0.000000 0.000000 0.000000 0.000000 0.000000 0.000000 0.000000 0.000000 0.000000 0.000000 0.000000 0.000000 0.000000 0.000000 0.000000 0.000000 0.000000 0.000000 0.000000 0.000000 0.000000 0.000000 0.000000 0.000000 0.000000 0.000000 0.000000 0.000000 0.000000 0.000000 0.000000 0.000000 0.000000 0.000000 0.000000 0.000000 0.000000 0.000000 0.000000 0.000000 0.000000 0.000000 0.000000 0.000000 0.000000 
0.000000 0.000000 0.000000 0.000000 0.000000 0.000000 0.000000 0.000000 0.000000 0.000000 0.000000 0.000000 0.000000 0.000000 0.000000 0.000000 0.000000 0.000000 0.000000 0.000000 0.000000 0.000000 0.000000 0.000000 0.000000 0.000000 0.000000 0.000000 0.000000 0.000000 0.000000 0.000000 0.000000 0.000000 0.000000 0.000000 0.000000 0.000000 0.000000 0.000000 0.000000 0.000000 0.000000 0.000000 0.000000 0.000000 0.000001 0.000001 0.000001 0.000001 0.000001 0.000001 0.000001 0.000001 0.000001 0.000000 0.000000 0.000000 0.000000 0.000000 0.000000 0.000000 0.000000 0.000000 0.000000 0.000000 0.000000 0.000000 0.000000 0.000000 0.000000 0.000000 0.000000 0.000000 0.000000 0.000000 0.000000 0.000000 0.000000 0.000000 0.000000 0.000000 0.000000 0.000000 0.000000 0.000000 0.000000 0.000000 0.000000 0.000000 0.000000 0.000000 0.000000 0.000000 0.000000 0.000000 0.000000 0.000000 0.000000 0.000000 
0.000000 0.000000 0.000000 0.000000 0.000000 0.000000 0.000000 0.000000 0.000000 0.000000 0.000000 0.000000 0.000000 0.000000 0.000000 0.000000 0.000000 0.000000 0.000000 0.000000 0.000000 0.000000 0.000000 0.000000 0.000000 0.000000 0.000000 0.000000 0.000000 0.000000 0.000000 0.000000 0.000000 0.000000 0.000000 0.000000 0.000000 0.000000 0.000000 0.000000 0.000000 0.000001 0.000001 0.000001 0.000001 0.000001 0.000001 0.000001 0.000002 0.000002 0.000002 0.000002 0.000002 0.000001 0.000001 0.000001 0.000001 0.000001 0.000001 0.000001 0.000000 0.000000 0.000000 0.000000 0.000000 0.000000 0.000000 0.000000 0.000000 0.000000 0.000000 0.000000 0.000000 0.000000 0.000000 0.000000 0.000000 0.000000 0.000000 0.000000 0.000000 0.000000 0.000000 0.000000 0.000000 0.000000 0.000000 0.000000 0.000000 0.000000 0.000000 0.000000 0.000000 0.000000 0.000000 0.000000 0.000000 0.000000 0.000000 0.000000 
0.000000 0.000000 0.000000 0.000000 0.000000 0.000000 0.000000 0.000000 0.000000 0.000000 0.000000 0.000000 0.000000 0.000000 0.000000 0.000000 0.000000 0.000000 0.000000 0.000000 0.000000 0.000000 0.000000 0.000000 0.000000 0.000000 0.000000 0.000000 0.000000 0.000000 0.000000 0.000000 0.000000 0.000000 0.000000 0.000000 0.000000 0.000000 0.000001 0.000001 0.000001 0.000001 0.000002 0.000002 0.000003 0.000003 0.000003 0.000004 0.000004 0.000004 0.000004 0.000004 0.000004 0.000004 0.000003 0.000003 0.000003 0.000002 0.000002 0.000001 0.000001 0.000001 0.000001 0.000000 0.000000 0.000000 0.000000 0.000000 0.000000 0.000000 0.000000 0.000000 0.000000 0.000000 0.000000 0.000000 0.000000 0.000000 0.000000 0.000000 0.000000 0.000000 0.000000 0.000000 0.000000 0.000000 0.000000 0.000000 0.000000 0.000000 0.000000 0.000000 0.000000 0.000000 0.000000 0.000000 0.000000 0.000000 0.000000 0.000000 
0.000000 0.000000 0.000000 0.000000 0.000000 0.000000 0.000000 0.000000 0.000000 0.000000 0.000000 0.000000 0.000000 0.000000 0.000000 0.000000 0.000000 0.000000 0.000000 0.000000 0.000000 0.000000 0.000000 0.000000 0.000000 0.000000 0.000000 0.000000 0.000000 0.000000 0.000000 0.000000 0.000000 0.000000 0.000000 0.000001 0.000001 0.000001 0.000002 0.000002 0.000003 0.000004 0.000004 0.000005 0.000006 0.000007 0.000008 0.000009 0.000010 0.000010 0.000010 0.000010 0.000010 0.000009 0.000008 0.000007 0.000006 0.000005 0.000004 0.000004 0.000003 0.000002 0.000002 0.000001 0.000001 0.000001 0.000000 0.000000 0.000000 0.000000 0.000000 0.000000 0.000000 0.000000 0.000000 0.000000 0.000000 0.000000 0.000000 0.000000 0.000000 0.000000 0.000000 0.000000 0.000000 0.000000 0.000000 0.000000 0.000000 0.000000 0.000000 0.000000 0.000000 0.000000 0.000000 0.000000 0.000000 0.000000 0.000000 0.000000 
0.000000 0.000000 0.000000 0.000000 0.000000 0.000000 0.000000 0.000000 0.000000 0.000000 0.000000 0.000000 0.000000 0.000000 0.000000 0.000000 0.000000 0.000000 0.000000 0.000000 0.000000 0.000000 0.000000 0.000000 0.000000 0.000000 0.000000 0.000000 0.000000 0.000000 0.000000 0.000000 0.000000 0.000001 0.000001 0.000001 0.000002 0.000003 0.000004 0.000005 0.000007 0.000009 0.000011 0.000013 0.000016 0.000018 0.000020 0.000022 0.000024 0.000025 0.000025 0.000025 0.000024 0.000022 0.000020 0.000018 0.000016 0.000013 0.000011 0.000009 0.000007 0.000005 0.000004 0.000003 0.000002 0.000001 0.000001 0.000001 0.000000 0.000000 0.000000 0.000000 0.000000 0.000000 0.000000 0.000000 0.000000 0.000000 0.000000 0.000000 0.000000 0.000000 0.000000 0.000000 0.000000 0.000000 0.000000 0.000000 0.000000 0.000000 0.000000 0.000000 0.000000 0.000000 0.000000 0.000000 0.000000 0.000000 0.000000 0.000000 
0.000000 0.000000 0.000000 0.000000 0.000000 0.000000 0.000000 0.000000 0.000000 0.000000 0.000000 0.000000 0.000000 0.000000 0.000000 0.000000 0.000000 0.000000 0.000000 0.000000 0.000000 0.000000 0.000000 0.000000 0.000000 0.000000 0.000000 0.000000 0.000000 0.000000 0.000000 0.000001 0.000001 0.000001 0.000002 0.000003 0.000004 0.000006 0.000009 0.000012 0.000016 0.000020 0.000026 0.000031 0.000037 0.000043 0.000049 0.000053 0.000057 0.000059 0.000060 0.000059 0.000057 0.000053 0.000049 0.000043 0.000037 0.000031 0.000026 0.000020 0.000016 0.000012 0.000009 0.000006 0.000004 0.000003 0.000002 0.000001 0.000001 0.000001 0.000000 0.000000 0.000000 0.000000 0.000000 0.000000 0.000000 0.000000 0.000000 0.000000 0.000000 0.000000 0.000000 0.000000 0.000000 0.000000 0.000000 0.000000 0.000000 0.000000 0.000000 0.000000 0.000000 0.000000 0.000000 0.000000 0.000000 0.000000 0.000000 0.000000 
0.000000 0.000000 0.000000 0.000000 0.000000 0.000000 0.000000 0.000000 0.000000 0.000000 0.000000 0.000000 0.000000 0.000000 0.000000 0.000000 0.000000 0.000000 0.000000 0.000000 0.000000 0.000000 0.000000 0.000000 0.000000 0.000000 0.000000 0.000000 0.000000 0.000000 0.000001 0.000001 0.000002 0.000003 0.000005 0.000007 0.000010 0.000015 0.000021 0.000028 0.000037 0.000048 0.000060 0.000073 0.000087 0.000100 0.000113 0.000124 0.000133 0.000138 0.000140 0.000138 0.000133 0.000124 0.000113 0.000100 0.000087 0.000073 0.000060 0.000048 0.000037 0.000028 0.000021 0.000015 0.000010 0.000007 0.000005 0.000003 0.000002 0.000001 0.000001 0.000000 0.000000 0.000000 0.000000 0.000000 0.000000 0.000000 0.000000 0.000000 0.000000 0.000000 0.000000 0.000000 0.000000 0.000000 0.000000 0.000000 0.000000 0.000000 0.000000 0.000000 0.000000 0.000000 0.000000 0.000000 0.000000 0.000000 0.000000 0.000000 
0.000000 0.000000 0.000000 0.000000 0.000000 0.000000 0.000000 0.000000 0.000000 0.000000 0.000000 0.000000 0.000000 0.000000 0.000000 0.000000 0.000000 0.000000 0.000000 0.000000 0.000000 0.000000 0.000000 0.000000 0.000000 0.000000 0.000000 0.000000 0.000001 0.000001 0.000002 0.000003 0.000004 0.000007 0.000011 0.000016 0.000024 0.000034 0.000047 0.000064 0.000084 0.000109 0.000136 0.000166 0.000197 0.000228 0.000257 0.000282 0.000301 0.000313 0.000318 0.000313 0.000301 0.000282 0.000257 0.000228 0.000197 0.000166 0.000136 0.000109 0.000084 0.000064 0.000047 0.000034 0.000024 0.000016 0.000011 0.000007 0.000004 0.000003 0.000002 0.000001 0.000001 0.000000 0.000000 0.000000 0.000000 0.000000 0.000000 0.000000 0.000000 0.000000 0.000000 0.000000 0.000000 0.000000 0.000000 0.000000 0.000000 0.000000 0.000000 0.000000 0.000000 0.000000 0.000000 0.000000 0.000000 0.000000 0.000000 0.000000 
0.000000 0.000000 0.000000 0.000000 0.000000 0.000000 0.000000 0.000000 0.000000 0.000000 0.000000 0.000000 0.000000 0.000000 0.000000 0.000000 0.000000 0.000000 0.000000 0.000000 0.000000 0.000000 0.000000 0.000000 0.000000 0.000000 0.000000 0.000001 0.000001 0.000002 0.000004 0.000006 0.000010 0.000016 0.000024 0.000037 0.000053 0.000076 0.000106 0.000143 0.000189 0.000242 0.000303 0.000369 0.000438 0.000507 0.000571 0.000626 0.000669 0.000696 0.000706 0.000696 0.000669 0.000626 0.000571 0.000507 0.000438 0.000369 0.000303 0.000242 0.000189 0.000143 0.000106 0.000076 0.000053 0.000037 0.000024 0.000016 0.000010 0.000006 0.000004 0.000002 0.000001 0.000001 0.000000 0.000000 0.000000 0.000000 0.000000 0.000000 0.000000 0.000000 0.000000 0.000000 0.000000 0.000000 0.000000 0.000000 0.000000 0.000000 0.000000 0.000000 0.000000 0.000000 0.000000 0.000000 0.000000 0.000000 0.000000 0.000000 
0.000000 0.000000 0.000000 0.000000 0.000000 0.000000 0.000000 0.000000 0.000000 0.000000 0.000000 0.000000 0.000000 0.000000 0.000000 0.000000 0.000000 0.000000 0.000000 0.000000 0.000000 0.000000 0.000000 0.000000 0.000000 0.000000 0.000001 0.000002 0.000003 0.000005 0.000008 0.000014 0.000022 0.000035 0.000054 0.000080 0.000117 0.000167 0.000231 0.000313 0.000412 0.000528 0.000660 0.000804 0.000954 0.001103 0.001242 0.001362 0.001454 0.001513 0.001533 0.001513 0.001454 0.001362 0.001242 0.001103 0.000954 0.000804 0.000660 0.000528 0.000412 0.000313 0.000231 0.000167 0.000117 0.000080 0.000054 0.000035 0.000022 0.000014 0.000008 0.000005 0.000003 0.000002 0.000001 0.000000 0.000000 0.000000 0.000000 0.000000 0.000000 0.000000 0.000000 0.000000 0.000000 0.000000 0.000000 0.000000 0.000000 0.000000 0.000000 0.000000 0.000000 0.000000 0.000000 0.000000 0.000000 0.000000 0.000000 0.000000 
0.000000 0.000000 0.000000 0.000000 0.000000 0.000000 0.000000 0.000000 0.000000 0.000000 0.000000 0.000000 0.000000 0.000000 0.000000 0.000000 0.000000 0.000000 0.000000 0.000000 0.000000 0.000000 0.000000 0.000000 0.000001 0.000001 0.000002 0.000003 0.000006 0.000011 0.000018 0.000030 0.000048 0.000075 0.000115 0.000172 0.000251 0.000357 0.000495 0.000668 0.000879 0.001127 0.001407 0.001713 0.002031 0.002346 0.002640 0.002894 0.003091 0.003215 0.003257 0.003215 0.003091 0.002894 0.002640 0.002346 0.002031 0.001713 0.001407 0.001127 0.000879 0.000668 0.000495 0.000357 0.000251 0.000172 0.000115 0.000075 0.000048 0.000030 0.000018 0.000011 0.000006 0.000003 0.000002 0.000001 0.000001 0.000000 0.000000 0.000000 0.000000 0.000000 0.000000 0.000000 0.000000 0.000000 0.000000 0.000000 0.000000 0.000000 0.000000 0.000000 0.000000 0.000000 0.000000 0.000000 0.000000 0.000000 0.000000 0.000000 
0.000000 0.000000 0.000000 0.000000 0.000000 0.000000 0.000000 0.000000 0.000000 0.000000 0.000000 0.000000 0.000000 0.000000 0.000000 0.000000 0.000000 0.000000 0.000000 0.000000 0.000000 0.000000 0.000000 0.000001 0.000001 0.000002 0.000004 0.000007 0.000013 0.000022 0.000038 0.000062 0.000100 0.000158 0.000242 0.000361 0.000526 0.000747 0.001034 0.001395 0.001834 0.002349 0.002932 0.003566 0.004226 0.004880 0.005489 0.006015 0.006422 0.006679 0.006767 0.006679 0.006422 0.006015 0.005489 0.004880 0.004226 0.003566 0.002932 0.002349 0.001834 0.001395 0.001034 0.000747 0.000526 0.000361 0.000242 0.000158 0.000100 0.000062 0.000038 0.000022 0.000013 0.000007 0.000004 0.000002 0.000001 0.000001 0.000000 0.000000 0.000000 0.000000 0.000000 0.000000 0.000000 0.000000 0.000000 0.000000 0.000000 0.000000 0.000000 0.000000 0.000000 0.000000 0.000000 0.000000 0.000000 0.000000 0.000000 0.000000 
0.000000 0.000000 0.000000 0.000000 0.000000 0.000000 0.000000 0.000000 0.000000 0.000000 0.000000 0.000000 0.000000 0.000000 0.000000 0.000000 0.000000 0.000000 0.000000 0.000000 0.000000 0.000000 0.000001 0.000001 0.000002 0.000004 0.000008 0.000015 0.000027 0.000046 0.000078 0.000129 0.000207 0.000325 0.000497 0.000741 0.001078 0.001529 0.002114 0.002848 0.003741 0.004788 0.005972 0.007259 0.008598 0.009922 0.011157 0.012222 0.013046 0.013566 0.013744 0.013566 0.013046 0.012222 0.011157 0.009922 0.008598 0.007259 0.005972 0.004788 0.003741 0.002848 0.002114 0.001529 0.001078 0.000741 0.000497 0.000325 0.000207 0.000129 0.000078 0.000046 0.000027 0.000015 0.000008 0.000004 0.000002 0.000001 0.000001 0.000000 0.000000 0.000000 0.000000 0.000000 0.000000 0.000000 0.000000 0.000000 0.000000 0.000000 0.000000 0.000000 0.000000 0.000000 0.000000 0.000000 0.000000 0.000000 0.000000 0.000000 
0.000000 0.000000 0.000000 0.000000 0.000000 0.000000 0.000000 0.000000 0.000000 0.000000 0.000000 0.000000 0.000000 0.000000 0.000000 0.000000 0.000000 0.000000 0.000000 0.000000 0.000000 0.000001 0.000001 0.000002 0.000005 0.000009 0.000017 0.000030 0.000054 0.000093 0.000157 0.000259 0.000416 0.000652 0.000997 0.001486 0.002159 0.003058 0.004223 0.005684 0.007459 0.009539 0.011890 0.014443 0.017097 0.019721 0.022166 0.024276 0.025906 0.026936 0.027289 0.026936 0.025906 0.024276 0.022166 0.019721 0.017097 0.014443 0.011890 0.009539 0.007459 0.005684 0.004223 0.003058 0.002159 0.001486 0.000997 0.000652 0.000416 0.000259 0.000157 0.000093 0.000054 0.000030 0.000017 0.000009 0.000005 0.000002 0.000001 0.000001 0.000000 0.000000 0.000000 0.000000 0.000000 0.000000 0.000000 0.000000 0.000000 0.000000 0.000000 0.000000 0.000000 0.000000 0.000000 0.000000 0.000000 0.000000 0.000000 0.000000 
0.000000 0.000000 0.000000 0.000000 0.000000 0.000000 0.000000 0.000000 0.000000 0.000000 0.000000 0.000000 0.000000 0.000000 0.000000 0.000000 0.000000 0.000000 0.000000 0.000000 0.000001 0.000001 0.000002 0.000005 0.000009 0.000018 0.000033 0.000060 0.000107 0.000184 0.000310 0.000510 0.000819 0.001281 0.001955 0.002910 0.004223 0.005975 0.008243 0.011086 0.014534 0.018574 0.023135 0.028085 0.033228 0.038311 0.043045 0.047130 0.050284 0.052277 0.052959 0.052277 0.050284 0.047130 0.043045 0.038311 0.033228 0.028085 0.023135 0.018574 0.014534 0.011086 0.008243 0.005975 0.004223 0.002910 0.001955 0.001281 0.000819 0.000510 0.000310 0.000184 0.000107 0.000060 0.000033 0.000018 0.000009 0.000005 0.000002 0.000001 0.000001 0.000000 0.000000 0.000000 0.000000 0.000000 0.000000 0.000000 0.000000 0.000000 0.000000 0.000000 0.000000 0.000000 0.000000 0.000000 0.000000 0.000000 0.000000 0.000000 
0.000000 0.000000 0.000000 0.000000 0.000000 0.000000 0.000000 0.000000 0.000000 0.000000 0.000000 0.000000 0.000000 0.000000 0.000000 0.000000 0.000000 0.000000 0.000000 0.000001 0.000001 0.000002 0.000005 0.000009 0.000018 0.000035 0.000064 0.000116 0.000206 0.000355 0.000598 0.000982 0.001572 0.002457 0.003745 0.005567 0.008070 0.011408 0.015723 0.021127 0.027676 0.035341 0.043991 0.053372 0.063113 0.072736 0.081696 0.089424 0.095389 0.099158 0.100447 0.099158 0.095389 0.089424 0.081696 0.072736 0.063113 0.053372 0.043991 0.035341 0.027676 0.021127 0.015723 0.011408 0.008070 0.005567 0.003745 0.002457 0.001572 0.000982 0.000598 0.000355 0.000206 0.000116 0.000064 0.000035 0.000018 0.000009 0.000005 0.000002 0.000001 0.000001 0.000000 0.000000 0.000000 0.000000 0.000000 0.000000 0.000000 0.000000 0.000000 0.000000 0.000000 0.000000 0.000000 0.000000 0.000000 0.000000 0.000000 0.000000 
0.000000 0.000000 0.000000 0.000000 0.000000 0.000000 0.000000 0.000000 0.000000 0.000000 0.000000 0.000000 0.000000 0.000000 0.000000 0.000000 0.000000 0.000000 0.000000 0.000001 0.000002 0.000004 0.000009 0.000018 0.000035 0.000066 0.000122 0.000220 0.000389 0.000669 0.001125 0.001844 0.002950 0.004604 0.007009 0.010407 0.015069 0.021280 0.029301 0.039339 0.051491 0.065706 0.081735 0.099109 0.117139 0.134944 0.151515 0.165803 0.176830 0.183796 0.186178 0.183796 0.176830 0.165803 0.151515 0.134944 0.117139 0.099109 0.081735 0.065706 0.051491 0.039339 0.029301 0.021280 0.015069 0.010407 0.007009 0.004604 0.002950 0.001844 0.001125 0.000669 0.000389 0.000220 0.000122 0.000066 0.000035 0.000018 0.000009 0.000004 0.000002 0.000001 0.000000 0.000000 0.000000 0.000000 0.000000 0.000000 0.000000 0.000000 0.000000 0.000000 0.000000 0.000000 0.000000 0.000000 0.000000 0.000000 0.000000 0.000000 
0.000000 0.000000 0.000000 0.000000 0.000000 0.000000 0.000000 0.000000 0.000000 0.000000 0.000000 0.000000 0.000000 0.000000 0.000000 0.000000 0.000000 0.000000 0.000001 0.000002 0.000004 0.000008 0.000017 0.000033 0.000064 0.000122 0.000225 0.000406 0.000716 0.001231 0.002066 0.003383 0.005406 0.008426 0.012812 0.019002 0.027487 0.038777 0.053345 0.071559 0.093595 0.119351 0.148374 0.179815 0.212426 0.244617 0.274565 0.300380 0.320298 0.332880 0.337183 0.332880 0.320298 0.300380 0.274565 0.244617 0.212426 0.179815 0.148374 0.119351 0.093595 0.071559 0.053345 0.038777 0.027487 0.019002 0.012812 0.008426 0.005406 0.003383 0.002066 0.001231 0.000716 0.000406 0.000225 0.000122 0.000064 0.000033 0.000017 0.000008 0.000004 0.000002 0.000001 0.000000 0.000000 0.000000 0.000000 0.000000 0.000000 0.000000 0.000000 0.000000 0.000000 0.000000 0.000000 0.000000 0.000000 0.000000 0.000000 0.000000 
0.000000 0.000000 0.000000 0.000000 0.000000 0.000000 0.000000 0.000000 0.000000 0.000000 0.000000 0.000000 0.000000 0.000000 0.000000 0.000000 0.000000 0.000001 0.000002 0.000003 0.000007 0.000015 0.000030 0.000060 0.000116 0.000220 0.000406 0.000732 0.001288 0.002212 0.003707 0.006062 0.009673 0.015060 0.022872 0.033887 0.048970 0.069019 0.094867 0.127156 0.166190 0.211783 0.263126 0.318716 0.376347 0.433211 0.486096 0.531669 0.566824 0.589027 0.596620 0.589027 0.566824 0.531669 0.486096 0.433211 0.376347 0.318716 0.263126 0.211783 0.166190 0.127156 0.094867 0.069019 0.048970 0.033887 0.022872 0.015060 0.009673 0.006062 0.003707 0.002212 0.001288 0.000732 0.000406 0.000220 0.000116 0.000060 0.000030 0.000015 0.000007 0.000003 0.000002 0.000001 0.000000 0.000000 0.000000 0.000000 0.000000 0.000000 0.000000 0.000000 0.000000 0.000000 0.000000 0.000000 0.000000 0.000000 0.000000 0.000000 
0.000000 0.000000 0.000000 0.000000 0.000000 0.000000 0.000000 0.000000 0.000000 0.000000 0.000000 0.000000 0.000000 0.000000 0.000000 0.000000 0.000001 0.000001 0.000003 0.000006 0.000013 0.000027 0.000054 0.000107 0.000206 0.000389 0.000716 0.001288 0.002263 0.003880 0.006494 0.010606 0.016902 0.026284 0.039876 0.059017 0.085203 0.119980 0.164776 0.220691 0.288235 0.367075 0.455807 0.551827 0.651325 0.749460 0.840695 0.919296 0.979917 1.018199 1.031290 1.018199 0.979917 0.919296 0.840695 0.749460 0.651325 0.551827 0.455807 0.367075 0.288235 0.220691 0.164776 0.119980 0.085203 0.059017 0.039876 0.026284 0.016902 0.010606 0.006494 0.003880 0.002263 0.001288 0.000716 0.000389 0.000206 0.000107 0.000054 0.000027 0.000013 0.000006 0.000003 0.000001 0.000001 0.000000 0.000000 0.000000 0.000000 0.000000 0.000000 0.000000 0.000000 0.000000 0.000000 0.000000 0.000000 0.000000 0.000000 0.000000 
0.000000 0.000000 0.000000 0.000000 0.000000 0.000000 0.000000 0.000000 0.000000 0.000000 0.000000 0.000000 0.000000 0.000000 0.000000 0.000000 0.000001 0.000002 0.000005 0.000011 0.000022 0.000046 0.000093 0.000184 0.000355 0.000669 0.001231 0.002212 0.003880 0.006644 0.011105 0.018114 0.028835 0.044790 0.067881 0.100367 0.144768 0.203680 0.279504 0.374075 0.488236 0.621403 0.771192 0.933200 1.101002 1.266440 1.420198 1.552630 1.654748 1.719226 1.741274 1.719226 1.654748 1.552630 1.420198 1.266440 1.101002 0.933200 0.771192 0.621403 0.488236 0.374075 0.279504 0.203680 0.144768 0.100367 0.067881 0.044790 0.028835 0.018114 0.011105 0.006644 0.003880 0.002212 0.001231 0.000669 0.000355 0.000184 0.000093 0.000046 0.000022 0.000011 0.000005 0.000002 0.000001 0.000000 0.000000 0.000000 0.000000 0.000000 0.000000 0.000000 0.000000 0.000000 0.000000 0.000000 0.000000 0.000000 0.000000 0.000000 
0.000000 0.000000 0.000000 0.000000 0.000000 0.000000 0.000000 0.000000 0.000000 0.000000 0.000000 0.000000 0.000000 0.000000 0.000000 0.000001 0.000002 0.000004 0.000008 0.000018 0.000038 0.000078 0.000157 0.000310 0.000598 0.001125 0.002066 0.003707 0.006494 0.011105 0.018537 0.030202 0.048024 0.074517 0.112821 0.166658 0.240172 0.337631 0.462968 0.619180 0.807624 1.027306 1.274273 1.541255 1.817667 2.090086 2.343193 2.561141 2.729168 2.835249 2.871521 2.835249 2.729168 2.561141 2.343193 2.090086 1.817667 1.541255 1.274273 1.027306 0.807624 0.619180 0.462968 0.337631 0.240172 0.166658 0.112821 0.074517 0.048024 0.030202 0.018537 0.011105 0.006494 0.003707 0.002066 0.001125 0.000598 0.000310 0.000157 0.000078 0.000038 0.000018 0.000008 0.000004 0.000002 0.000001 0.000000 0.000000 0.000000 0.000000 0.000000 0.000000 0.000000 0.000000 0.000000 0.000000 0.000000 0.000000 0.000000 0.000000 
0.000000 0.000000 0.000000 0.000000 0.000000 0.000000 0.000000 0.000000 0.000000 0.000000 0.000000 0.000000 0.000000 0.000000 0.000001 0.000001 0.000003 0.000006 0.000014 0.000030 0.000062 0.000129 0.000259 0.000510 0.000982 0.001844 0.003383 0.006062 0.010606 0.018114 0.030202 0.049153 0.078074 0.121022 0.183058 0.270168 0.389014 0.546443 0.748753 1.000722 1.304488 1.658402 2.056065 2.485753 2.930438 3.368545 3.775475 4.125796 4.395829 4.566290 4.624572 4.566290 4.395829 4.125796 3.775475 3.368545 2.930438 2.485753 2.056065 1.658402 1.304488 1.000722 0.748753 0.546443 0.389014 0.270168 0.183058 0.121022 0.078074 0.049153 0.030202 0.018114 0.010606 0.006062 0.003383 0.001844 0.000982 0.000510 0.000259 0.000129 0.000062 0.000030 0.000014 0.000006 0.000003 0.000001 0.000001 0.000000 0.000000 0.000000 0.000000 0.000000 0.000000 0.000000 0.000000 0.000000 0.000000 0.000000 0.000000 0.000000 
0.000000 0.000000 0.000000 0.000000 0.000000 0.000000 0.000000 0.000000 0.000000 0.000000 0.000000 0.000000 0.000000 0.000000 0.000001 0.000002 0.000004 0.000010 0.000022 0.000048 0.000100 0.000207 0.000416 0.000819 0.001572 0.002950 0.005406 0.009673 0.016902 0.028835 0.048024 0.078074 0.123886 0.191852 0.289932 0.427536 0.615116 0.863403 1.182244 1.579086 2.057215 2.613968 3.239234 3.914554 4.613172 5.301225 5.940139 6.490048 6.913856 7.181359 7.272815 7.181359 6.913856 6.490048 5.940139 5.301225 4.613172 3.914554 3.239234 2.613968 2.057215 1.579086 1.182244 0.863403 0.615116 0.427536 0.289932 0.191852 0.123886 0.078074 0.048024 0.028835 0.016902 0.009673 0.005406 0.002950 0.001572 0.000819 0.000416 0.000207 0.000100 0.000048 0.000022 0.000010 0.000004 0.000002 0.000001 0.000000 0.000000 0.000000 0.000000 0.000000 0.000000 0.000000 0.000000 0.000000 0.000000 0.000000 0.000000 0.000000 
0.000000 0.000000 0.000000 0.000000 0.000000 0.000000 0.000000 0.000000 0.000000 0.000000 0.000000 0.000000 0.000000 0.000001 0.000001 0.000003 0.000007 0.000016 0.000035 0.000075 0.000158 0.000325 0.000652 0.001281 0.002457 0.004604 0.008426 0.015060 0.026284 0.044790 0.074517 0.121022 0.191852 0.296836 0.448202 0.660389 0.949414 1.331696 1.822278 2.432493 3.167276 4.022440 4.982384 6.018739 7.090452 8.145623 9.125178 9.968098 10.617621 11.027550 11.167693 11.027550 10.617621 9.968098 9.125178 8.145623 7.090452 6.018739 4.982384 4.022440 3.167276 2.432493 1.822278 1.331696 0.949414 0.660389 0.448202 0.296836 0.191852 0.121022 0.074517 0.044790 0.026284 0.015060 0.008426 0.004604 0.002457 0.001281 0.000652 0.000325 0.000158 0.000075 0.000035 0.000016 0.000007 0.000003 0.000001 0.000001 0.000000 0.000000 0.000000 0.000000 0.000000 0.000000 0.000000 0.000000 0.000000 0.000000 0.000000 0.000000 
0.000000 0.000000 0.000000 0.000000 0.000000 0.000000 0.000000 0.000000 0.000000 0.000000 0.000000 0.000000 0.000000 0.000001 0.000002 0.000005 0.000011 0.000024 0.000054 0.000115 0.000242 0.000497 0.000997 0.001955 0.003745 0.007009 0.012812 0.022872 0.039876 0.067881 0.112821 0.183058 0.289932 0.448202 0.676207 0.995576 1.430275 2.004841 2.741705 3.657719 4.760125 6.042506 7.481369 9.034148 10.639345 12.219295 13.685656 14.947227 15.919202 16.532577 16.742261 16.532577 15.919202 14.947227 13.685656 12.219295 10.639345 9.034148 7.481369 6.042506 4.760125 3.657719 2.741705 2.004841 1.430275 0.995576 0.676207 0.448202 0.289932 0.183058 0.112821 0.067881 0.039876 0.022872 0.012812 0.007009 0.003745 0.001955 0.000997 0.000497 0.000242 0.000115 0.000054 0.000024 0.000011 0.000005 0.000002 0.000001 0.000000 0.000000 0.000000 0.000000 0.000000 0.000000 0.000000 0.000000 0.000000 0.000000 0.000000 0.000000 
0.000000 0.000000 0.000000 0.000000 0.000000 0.000000 0.000000 0.000000 0.000000 0.000000 0.000000 0.000000 0.000001 0.000001 0.000003 0.000007 0.000016 0.000037 0.000080 0.000172 0.000361 0.000741 0.001486 0.002910 0.005567 0.010407 0.019002 0.033887 0.059017 0.100367 0.166658 0.270168 0.427536 0.660389 0.995576 1.464728 2.102859 2.945764 4.026115 5.368375 6.982935 8.860207 10.965668 13.236970 15.584177 17.893817 20.036905 21.880347 23.300424 24.196494 24.502804 24.196494 23.300424 21.880347 20.036905 17.893817 15.584177 13.236970 10.965668 8.860207 6.982935 5.368375 4.026115 2.945764 2.102859 1.464728 0.995576 0.660389 0.427536 0.270168 0.166658 0.100367 0.059017 0.033887 0.019002 0.010407 0.005567 0.002910 0.001486 0.000741 0.000361 0.000172 0.000080 0.000037 0.000016 0.000007 0.000003 0.000001 0.000001 0.000000 0.000000 0.000000 0.000000 0.000000 0.000000 0.000000 0.000000 0.000000 0.000000 0.000000 
0.000000 0.000000 0.000000 0.000000 0.000000 0.000000 0.000000 0.000000 0.000000 0.000000 0.000000 0.000000 0.000001 0.000002 0.000004 0.000010 0.000024 0.000053 0.000117 0.000251 0.000526 0.001078 0.002159 0.004223 0.008070 0.015069 0.027487 0.048970 0.085203 0.144768 0.240172 0.389014 0.615116 0.949414 1.430275 2.102859 3.017100 4.223982 5.769969 7.689746 9.997873 12.680394 15.687799 18.930953 22.281463 25.577479 28.635143 31.264822 33.290303 34.568270 35.005107 34.568270 33.290303 31.264822 28.635143 25.577479 22.281463 18.930953 15.687799 12.680394 9.997873 7.689746 5.769969 4.223982 3.017100 2.102859 1.430275 0.949414 0.615116 0.389014 0.240172 0.144768 0.085203 0.048970 0.027487 0.015069 0.008070 0.004223 0.002159 0.001078 0.000526 0.000251 0.000117 0.000053 0.000024 0.000010 0.000004 0.000002 0.000001 0.000000 0.000000 0.000000 0.000000 0.000000 0.000000 0.000000 0.000000 0.000000 0.000000 0.000000 
0.000000 0.000000 0.000000 0.000000 0.000000 0.000000 0.000000 0.000000 0.000000 0.000000 0.000000 0.000000 0.000001 0.000003 0.000006 0.000015 0.000034 0.000076 0.000167 0.000357 0.000747 0.001529 0.003058 0.005975 0.011408 0.021280 0.038777 0.069019 0.119980 0.203680 0.337631 0.546443 0.863403 1.331696 2.004841 2.945764 4.223982 5.910393 8.069506 10.749343 13.969842 17.711204 21.904148 26.424298 31.092737 35.684122 39.942607 43.604427 46.424554 48.203754 48.811899 48.203754 46.424554 43.604427 39.942607 35.684122 31.092737 26.424298 21.904148 17.711204 13.969842 10.749343 8.069506 5.910393 4.223982 2.945764 2.004841 1.331696 0.863403 0.546443 0.337631 0.203680 0.119980 0.069019 0.038777 0.021280 0.011408 0.005975 0.003058 0.001529 0.000747 0.000357 0.000167 0.000076 0.000034 0.000015 0.000006 0.000003 0.000001 0.000000 0.000000 0.000000 0.000000 0.000000 0.000000 0.000000 0.000000 0.000000 0.000000 0.000000 
0.000000 0.000000 0.000000 0.000000 0.000000 0.000000 0.000000 0.000000 0.000000 0.000000 0.000000 0.000001 0.000002 0.000004 0.000009 0.000021 0.000047 0.000106 0.000231 0.000495 0.001034 0.002114 0.004223 0.008243 0.015723 0.029301 0.053345 0.094867 0.164776 0.279504 0.462968 0.748753 1.182244 1.822278 2.741705 4.026115 5.769969 8.069506 11.012165 14.662870 19.048291 24.141057 29.846577 35.995477 42.344415 48.587139 54.376133 59.353263 63.185932 65.603752 66.430152 65.603752 63.185932 59.353263 54.376133 48.587139 42.344415 35.995477 29.846577 24.141057 19.048291 14.662870 11.012165 8.069506 5.769969 4.026115 2.741705 1.822278 1.182244 0.748753 0.462968 0.279504 0.164776 0.094867 0.053345 0.029301 0.015723 0.008243 0.004223 0.002114 0.001034 0.000495 0.000231 0.000106 0.000047 0.000021 0.000009 0.000004 0.000002 0.000001 0.000000 0.000000 0.000000 0.000000 0.000000 0.000000 0.000000 0.000000 0.000000 0.000000 
0.000000 0.000000 0.000000 0.000000 0.000000 0.000000 0.000000 0.000000 0.000000 0.000000 0.000000 0.000001 0.000002 0.000005 0.000012 0.000028 0.000064 0.000143 0.000313 0.000668 0.001395 0.002848 0.005684 0.011086 0.021127 0.039339 0.071559 0.127156 0.220691 0.374075 0.619180 1.000722 1.579086 2.432493 3.657719 5.368375 7.689746 10.749343 14.662870 19.516026 25.343666 32.108918 39.685778 47.849164 56.276062 64.560245 72.240978 78.843620 83.927489 87.134400 88.230468 87.134400 83.927489 78.843620 72.240978 64.560245 56.276062 47.849164 39.685778 32.108918 25.343666 19.516026 14.662870 10.749343 7.689746 5.368375 3.657719 2.432493 1.579086 1.000722 0.619180 0.374075 0.220691 0.127156 0.071559 0.039339 0.021127 0.011086 0.005684 0.002848 0.001395 0.000668 0.000313 0.000143 0.000064 0.000028 0.000012 0.000005 0.000002 0.000001 0.000000 0.000000 0.000000 0.000000 0.000000 0.000000 0.000000 0.000000 0.000000 0.000000 
0.000000 0.000000 0.000000 0.000000 0.000000 0.000000 0.000000 0.000000 0.000000 0.000000 0.000000 0.000001 0.000003 0.000007 0.000016 0.000037 0.000084 0.000189 0.000412 0.000879 0.001834 0.003741 0.007459 0.014534 0.027676 0.051491 0.093595 0.166190 0.288235 0.488236 0.807624 1.304488 2.057215 3.167276 4.760125 6.982935 9.997873 13.969842 19.048291 25.343666 32.900472 41.670305 51.489415 62.065923 72.981398 83.709955 93.655414 102.203804 108.785218 112.936515 114.355314 112.936515 108.785218 102.203804 93.655414 83.709955 72.981398 62.065923 51.489415 41.670305 32.900472 25.343666 19.048291 13.969842 9.997873 6.982935 4.760125 3.167276 2.057215 1.304488 0.807624 0.488236 0.288235 0.166190 0.093595 0.051491 0.027676 0.014534 0.007459 0.003741 0.001834 0.000879 0.000412 0.000189 0.000084 0.000037 0.000016 0.000007 0.000003 0.000001 0.000000 0.000000 0.000000 0.000000 0.000000 0.000000 0.000000 0.000000 0.000000 0.000000 
0.000000 0.000000 0.000000 0.000000 0.000000 0.000000 0.000000 0.000000 0.000000 0.000000 0.000001 0.000001 0.000004 0.000009 0.000020 0.000048 0.000109 0.000242 0.000528 0.001127 0.002349 0.004788 0.009539 0.018574 0.035341 0.065706 0.119351 0.211783 0.367075 0.621403 1.027306 1.658402 2.613968 4.022440 6.042506 8.860207 12.680394 17.711204 24.141057 32.108918 41.670305 52.763299 65.180300 78.551997 92.349450 105.908278 118.475600 129.276299 137.591044 142.835354 144.627662 142.835354 137.591044 129.276299 118.475600 105.908278 92.349450 78.551997 65.180300 52.763299 41.670305 32.108918 24.141057 17.711204 12.680394 8.860207 6.042506 4.022440 2.613968 1.658402 1.027306 0.621403 0.367075 0.211783 0.119351 0.065706 0.035341 0.018574 0.009539 0.004788 0.002349 0.001127 0.000528 0.000242 0.000109 0.000048 0.000020 0.000009 0.000004 0.000001 0.000001 0.000000 0.000000 0.000000 0.000000 0.000000 0.000000 0.000000 0.000000 0.000000 
0.000000 0.000000 0.000000 0.000000 0.000000 0.000000 0.000000 0.000000 0.000000 0.000000 0.000001 0.000002 0.000004 0.000011 0.000026 0.000060 0.000136 0.000303 0.000660 0.001407 0.002932 0.005972 0.011890 0.023135 0.043991 0.081735 0.148374 0.263126 0.455807 0.771192 1.274273 2.056065 3.239234 4.982384 7.481369 10.965668 15.687799 21.904148 29.846577 39.685778 51.489415 65.180300 80.501700 96.997686 114.015820 130.737026 146.233461 159.550136 169.800966 176.266076 178.475549 176.266076 169.800966 159.550136 146.233461 130.737026 114.015820 96.997686 80.501700 65.180300 51.489415 39.685778 29.846577 21.904148 15.687799 10.965668 7.481369 4.982384 3.239234 2.056065 1.274273 0.771192 0.455807 0.263126 0.148374 0.081735 0.043991 0.023135 0.011890 0.005972 0.002932 0.001407 0.000660 0.000303 0.000136 0.000060 0.000026 0.000011 0.000004 0.000002 0.000001 0.000000 0.000000 0.000000 0.000000 0.000000 0.000000 0.000000 0.000000 0.000000 
0.000000 0.000000 0.000000 0.000000 0.000000 0.000000 0.000000 0.000000 0.000000 0.000000 0.000001 0.000002 0.000005 0.000013 0.000031 0.000073 0.000166 0.000369 0.000804 0.001713 0.003566 0.007259 0.014443 0.028085 0.053372 0.099109 0.179815 0.318716 0.551827 0.933200 1.541255 2.485753 3.914554 6.018739 9.034148 13.236970 18.930953 26.424298 35.995477 47.849164 62.065923 78.551997 96.997686 116.853848 137.335236 157.456504 176.101821 192.122980 204.454802 212.232018 214.889847 212.232018 204.454802 192.122980 176.101821 157.456504 137.335236 116.853848 96.997686 78.551997 62.065923 47.849164 35.995477 26.424298 18.930953 13.236970 9.034148 6.018739 3.914554 2.485753 1.541255 0.933200 0.551827 0.318716 0.179815 0.099109 0.053372 0.028085 0.014443 0.007259 0.003566 0.001713 0.000804 0.000369 0.000166 0.000073 0.000031 0.000013 0.000005 0.000002 0.000001 0.000000 0.000000 0.000000 0.000000 0.000000 0.000000 0.000000 0.000000 0.000000 
