0.000000 0.000000 0.000000 0.000000 0.000000 0.000000 0.000000 0.000000 0.000000 0.000000 0.000000 0.000000 0.000001 0.000001 0.000001 0.000002 0.000003 0.000004 0.000006 0.000008 0.000012 0.000016 0.000021 0.000028 0.000038 0.000049 0.000063 0.000081 0.000103 0.000129 0.000159 0.000196 0.000237 0.000285 0.000339 0.000399 0.000465 0.000536 0.000611 0.000689 0.000770 0.000851 0.000930 0.001007 0.001078 0.001142 0.001197 0.001242 0.001275 0.001296 0.001302 0.001296 0.001275 0.001242 0.001197 0.001142 0.001078 0.001007 0.000930 0.000851 0.000770 0.000689 0.000611 0.000536 0.000465 0.000399 0.000339 0.000285 0.000237 0.000196 0.000159 0.000129 0.000103 0.000081 0.000063 0.000049 0.000038 0.000028 0.000021 0.000016 0.000012 0.000008 0.000006 0.000004 0.000003 0.000002 0.000001 0.000001 0.000001 0.000000 0.000000 0.000000 0.000000 0.000000 0.000000 0.000000 0.000000 0.000000 0.000000 0.000000 
0.000000 0.000000 0.000000 0.000000 0.000000 0.000000 0.000000 0.000000 0.000000 0.000000 0.000000 0.000000 0.000001 0.000001 0.000001 0.000002 0.000003 0.000004 0.000006 0.000008 0.000012 0.000016 0.000021 0.000028 0.000038 0.000049 0.000063 0.000081 0.000103 0.000129 0.000159 0.000196 0.000237 0.000285 0.000339 0.000399 0.000465 0.000536 0.000611 0.000689 0.000770 0.000851 0.000930 0.001007 0.001078 0.001142 0.001197 0.001242 0.001275 0.001296 0.001302 0.001296 0.001275 0.001242 0.001197 0.001142 0.001078 0.001007 0.000930 0.000851 0.000770 0.000689 0.000611 0.000536 0.000465 0.000399 0.000339 0.000285 0.000237 0.000196 0.000159 0.000129 0.000103 0.000081 0.000063 0.000049 0.000038 0.000028 0.000021 0.000016 0.000012 0.000008 0.000006 0.000004 0.000003 0.000002 0.000001 0.000001 0.000001 0.000000 0.000000 0.000000 0.000000 0.000000 0.000000 0.000000 0.000000 0.000000 0.000000 0.000000 
0.000000 0.000000 0.000000 0.000000 0.000000 0.000000 0.000000 0.000000 0.000000 0.000000 0.000000 0.000001 0.000001 0.000001 0.000002 0.000003 0.000004 0.000005 0.000008 0.000011 0.000015 0.000020 0.000027 0.000035 0.000047 0.000061 0.000079 0.000101 0.000128 0.000160 0.000198 0.000243 0.000295 0.000355 0.000422 0.000497 0.000578 0.000666 0.000760 0.000857 0.000957 0.001057 0.001156 0.001251 0.001339 0.001419 0.001488 0.001543 0.001585 0.001610 0.001618 0.001610 0.001585 0.001543 0.001488 0.001419 0.001339 0.001251 0.001156 0.001057 0.000957 0.000857 0.000760 0.000666 0.000578 0.000497 0.000422 0.000355 0.000295 0.000243 0.000198 0.000160 0.000128 0.000101 0.000079 0.000061 0.000047 0.000035 0.000027 0.000020 0.000015 0.000011 0.000008 0.000005 0.000004 0.000003 0.000002 0.000001 0.000001 0.000001 0.000000 0.000000 0.000000 0.000000 0.000000 0.000000 0.000000 0.000000 0.000000 0.000000 
0.000000 0.000000 0.000000 0.000000 0.000000 0.000000 0.000000 0.000000 0.000000 0.000000 0.000001 0.000001 0.000001 0.000002 0.000003 0.000004 0.000005 0.000008 0.000011 0.000015 0.000021 0.000028 0.000038 0.000051 0.000067 0.000088 0.000113 0.000145 0.000183 0.000229 0.000284 0.000349 0.000423 0.000508 0.000604 0.000711 0.000827 0.000953 0.001087 0.001226 0.001369 0.001512 0.001653 0.001789 0.001915 0.002029 0.002127 0.002206 0.002265 0.002301 0.002313 0.002301 0.002265 0.002206 0.002127 0.002029 0.001915 0.001789 0.001653 0.001512 0.001369 0.001226 0.001087 0.000953 0.000827 0.000711 0.000604 0.000508 0.000423 0.000349 0.000284 0.000229 0.000183 0.000145 0.000113 0.000088 0.000067 0.000051 0.000038 0.000028 0.000021 0.000015 0.000011 0.000008 0.000005 0.000004 0.000003 0.000002 0.000001 0.000001 0.000001 0.000000 0.000000 0.000000 0.000000 0.000000 0.000000 0.000000 0.000000 0.000000 
0.000000 0.000000 0.000000 0.000000 0.000000 0.000000 0.000000 0.000000 0.000000 0.000001 0.000001 0.000001 0.000002 0.000003 0.000004 0.000006 0.000008 0.000012 0.000017 0.000023 0.000032 0.000043 0.000058 0.000078 0.000103 0.000134 0.000173 0.000221 0.000280 0.000350 0.000434 0.000532 0.000646 0.000776 0.000922 0.001084 0.001262 0.001453 0.001657 0.001869 0.002086 0.002304 0.002519 0.002725 0.002917 0.003090 0.003240 0.003361 0.003450 0.003505 0.003523 0.003505 0.003450 0.003361 0.003240 0.003090 0.002917 0.002725 0.002519 0.002304 0.002086 0.001869 0.001657 0.001453 0.001262 0.001084 0.000922 0.000776 0.000646 0.000532 0.000434 0.000350 0.000280 0.000221 0.000173 0.000134 0.000103 0.000078 0.000058 0.000043 0.000032 0.000023 0.000017 0.000012 0.000008 0.000006 0.000004 0.000003 0.000002 0.000001 0.000001 0.000001 0.000000 0.000000 0.000000 0.000000 0.000000 0.000000 0.000000 0.000000 
0.000000 0.000000 0.000000 0.000000 0.000000 0.000000 0.000000 0.000000 0.000001 0.000001 0.000001 0.000002 0.000003 0.000004 0.000006 0.000009 0.000013 0.000019 0.000026 0.000036 0.000050 0.000068 0.000091 0.000122 0.000160 0.000209 0.000270 0.000345 0.000436 0.000546 0.000676 0.000829 0.001006 0.001208 0.001435 0.001688 0.001964 0.002262 0.002578 0.002908 0.003246 0.003585 0.003918 0.004239 0.004537 0.004806 0.005038 0.005226 0.005365 0.005450 0.005478 0.005450 0.005365 0.005226 0.005038 0.004806 0.004537 0.004239 0.003918 0.003585 0.003246 0.002908 0.002578 0.002262 0.001964 0.001688 0.001435 0.001208 0.001006 0.000829 0.000676 0.000546 0.000436 0.000345 0.000270 0.000209 0.000160 0.000122 0.000091 0.000068 0.000050 0.000036 0.000026 0.000019 0.000013 0.000009 0.000006 0.000004 0.000003 0.000002 0.000001 0.000001 0.000001 0.000000 0.000000 0.000000 0.000000 0.000000 0.000000 0.000000 
0.000000 0.000000 0.000000 0.000000 0.000000 0.000000 0.000000 0.000001 0.000001 0.000001 0.000002 0.000003 0.000005 0.000007 0.000010 0.000014 0.000021 0.000029 0.000041 0.000057 0.000078 0.000106 0.000143 0.000190 0.000250 0.000327 0.000422 0.000539 0.000681 0.000852 0.001056 0.001294 0.001570 0.001884 0.002239 0.002632 0.003063 0.003527 0.004019 0.004533 0.005059 0.005587 0.006107 0.006605 0.007070 0.007488 0.007849 0.008142 0.008358 0.008490 0.008535 0.008490 0.008358 0.008142 0.007849 0.007488 0.007070 0.006605 0.006107 0.005587 0.005059 0.004533 0.004019 0.003527 0.003063 0.002632 0.002239 0.001884 0.001570 0.001294 0.001056 0.000852 0.000681 0.000539 0.000422 0.000327 0.000250 0.000190 0.000143 0.000106 0.000078 0.000057 0.000041 0.000029 0.000021 0.000014 0.000010 0.000007 0.000005 0.000003 0.000002 0.000001 0.000001 0.000001 0.000000 0.000000 0.000000 0.000000 0.000000 0.000000 
0.000000 0.000000 0.000000 0.000000 0.000000 0.000000 0.000001 0.000001 0.000001 0.000002 0.000003 0.000005 0.000007 0.000011 0.000016 0.000023 0.000032 0.000046 0.000064 0.000089 0.000122 0.000165 0.000222 0.000296 0.000389 0.000508 0.000655 0.000837 0.001058 0.001324 0.001639 0.002008 0.002436 0.002924 0.003473 0.004083 0.004750 0.005469 0.006232 0.007027 0.007842 0.008660 0.009465 0.010236 0.010956 0.011604 0.012163 0.012616 0.012950 0.013155 0.013224 0.013155 0.012950 0.012616 0.012163 0.011604 0.010956 0.010236 0.009465 0.008660 0.007842 0.007027 0.006232 0.005469 0.004750 0.004083 0.003473 0.002924 0.002436 0.002008 0.001639 0.001324 0.001058 0.000837 0.000655 0.000508 0.000389 0.000296 0.000222 0.000165 0.000122 0.000089 0.000064 0.000046 0.000032 0.000023 0.000016 0.000011 0.000007 0.000005 0.000003 0.000002 0.000001 0.000001 0.000001 0.000000 0.000000 0.000000 0.000000 0.000000 
0.000000 0.000000 0.000000 0.000000 0.000000 0.000001 0.000001 0.000001 0.000002 0.000003 0.000005 0.000008 0.000011 0.000017 0.000024 0.000035 0.000050 0.000070 0.000099 0.000137 0.000187 0.000255 0.000342 0.000456 0.000600 0.000782 0.001009 0.001289 0.001629 0.002038 0.002523 0.003091 0.003749 0.004499 0.005343 0.006280 0.007306 0.008411 0.009583 0.010804 0.012056 0.013313 0.014548 0.015733 0.016838 0.017834 0.018692 0.019388 0.019901 0.020215 0.020321 0.020215 0.019901 0.019388 0.018692 0.017834 0.016838 0.015733 0.014548 0.013313 0.012056 0.010804 0.009583 0.008411 0.007306 0.006280 0.005343 0.004499 0.003749 0.003091 0.002523 0.002038 0.001629 0.001289 0.001009 0.000782 0.000600 0.000456 0.000342 0.000255 0.000187 0.000137 0.000099 0.000070 0.000050 0.000035 0.000024 0.000017 0.000011 0.000008 0.000005 0.000003 0.000002 0.000001 0.000001 0.000001 0.000000 0.000000 0.000000 0.000000 
0.000000 0.000000 0.000000 0.000000 0.000001 0.000001 0.000001 0.000002 0.000003 0.000005 0.000008 0.000012 0.000017 0.000025 0.000037 0.000053 0.000076 0.000108 0.000151 0.000209 0.000287 0.000389 0.000523 0.000696 0.000916 0.001194 0.001541 0.001967 0.002486 0.003109 0.003848 0.004714 0.005715 0.006858 0.008144 0.009571 0.011133 0.012815 0.014598 0.016458 0.018363 0.020276 0.022155 0.023959 0.025640 0.027154 0.028460 0.029519 0.030299 0.030777 0.030938 0.030777 0.030299 0.029519 0.028460 0.027154 0.025640 0.023959 0.022155 0.020276 0.018363 0.016458 0.014598 0.012815 0.011133 0.009571 0.008144 0.006858 0.005715 0.004714 0.003848 0.003109 0.002486 0.001967 0.001541 0.001194 0.000916 0.000696 0.000523 0.000389 0.000287 0.000209 0.000151 0.000108 0.000076 0.000053 0.000037 0.000025 0.000017 0.000012 0.000008 0.000005 0.000003 0.000002 0.000001 0.000001 0.000001 0.000000 0.000000 0.000000 
0.000000 0.000000 0.000000 0.000001 0.000001 0.000001 0.000002 0.000003 0.000005 0.000008 0.000012 0.000017 0.000026 0.000038 0.000056 0.000081 0.000115 0.000163 0.000228 0.000316 0.000434 0.000589 0.000791 0.001053 0.001386 0.001806 0.002329 0.002973 0.003756 0.004696 0.005812 0.007119 0.008630 0.010353 0.012293 0.014445 0.016800 0.019336 0.022025 0.024828 0.027699 0.030582 0.033415 0.036132 0.038665 0.040947 0.042914 0.044509 0.045685 0.046405 0.046648 0.046405 0.045685 0.044509 0.042914 0.040947 0.038665 0.036132 0.033415 0.030582 0.027699 0.024828 0.022025 0.019336 0.016800 0.014445 0.012293 0.010353 0.008630 0.007119 0.005812 0.004696 0.003756 0.002973 0.002329 0.001806 0.001386 0.001053 0.000791 0.000589 0.000434 0.000316 0.000228 0.000163 0.000115 0.000081 0.000056 0.000038 0.000026 0.000017 0.000012 0.000008 0.000005 0.000003 0.000002 0.000001 0.000001 0.000001 0.000001 0.000001 
0.000000 0.000000 0.000001 0.000001 0.000001 0.000002 0.000003 0.000005 0.000008 0.000012 0.000017 0.000026 0.000039 0.000058 0.000084 0.000121 0.000173 0.000245 0.000342 0.000474 0.000650 0.000882 0.001185 0.001576 0.002075 0.002703 0.003486 0.004448 0.005619 0.007025 0.008692 0.010644 0.012901 0.015476 0.018373 0.021587 0.025103 0.028889 0.032903 0.037087 0.041372 0.045674 0.049901 0.053956 0.057736 0.061140 0.064075 0.066455 0.068209 0.069283 0.069645 0.069283 0.068209 0.066455 0.064075 0.061140 0.057736 0.053956 0.049901 0.045674 0.041372 0.037087 0.032903 0.028889 0.025103 0.021587 0.018373 0.015476 0.012901 0.010644 0.008692 0.007025 0.005619 0.004448 0.003486 0.002703 0.002075 0.001576 0.001185 0.000882 0.000650 0.000474 0.000342 0.000245 0.000173 0.000121 0.000084 0.000058 0.000039 0.000026 0.000017 0.000012 0.000008 0.000005 0.000003 0.000002 0.000001 0.000001 0.000001 0.000001 
0.000001 0.000001 0.000001 0.000001 0.000002 0.000003 0.000005 0.000007 0.000011 0.000017 0.000026 0.000039 0.000058 0.000086 0.000125 0.000180 0.000257 0.000363 0.000508 0.000704 0.000965 0.001309 0.001758 0.002337 0.003076 0.004006 0.005165 0.006590 0.008323 0.010403 0.012870 0.015759 0.019097 0.022905 0.027189 0.031941 0.037138 0.042735 0.048668 0.054852 0.061183 0.067540 0.073787 0.079777 0.085361 0.090391 0.094726 0.098241 0.100832 0.102419 0.102953 0.102419 0.100832 0.098241 0.094726 0.090391 0.085361 0.079777 0.073787 0.067540 0.061183 0.054852 0.048668 0.042735 0.037138 0.031941 0.027189 0.022905 0.019097 0.015759 0.012870 0.010403 0.008323 0.006590 0.005165 0.004006 0.003076 0.002337 0.001758 0.001309 0.000965 0.000704 0.000508 0.000363 0.000257 0.000180 0.000125 0.000086 0.000058 0.000039 0.000026 0.000017 0.000011 0.000007 0.000005 0.000003 0.000002 0.000001 0.000001 0.000001 
0.000001 0.000001 0.000001 0.000002 0.000003 0.000004 0.000007 0.000011 0.000017 0.000025 0.000038 0.000058 0.000086 0.000126 0.000183 0.000265 0.000378 0.000534 0.000747 0.001034 0.001417 0.001922 0.002581 0.003431 0.004514 0.005878 0.007577 0.009666 0.012205 0.015253 0.018867 0.023098 0.027987 0.033563 0.039835 0.046792 0.054399 0.062590 0.071273 0.080322 0.089585 0.098886 0.108024 0.116786 0.124954 0.132311 0.138652 0.143793 0.147582 0.149903 0.150685 0.149903 0.147582 0.143793 0.138652 0.132311 0.124954 0.116786 0.108024 0.098886 0.089585 0.080322 0.071273 0.062590 0.054399 0.046792 0.039835 0.033563 0.027987 0.023098 0.018867 0.015253 0.012205 0.009666 0.007577 0.005878 0.004514 0.003431 0.002581 0.001922 0.001417 0.001034 0.000747 0.000534 0.000378 0.000265 0.000183 0.000126 0.000086 0.000058 0.000038 0.000025 0.000017 0.000011 0.000007 0.000004 0.000003 0.000002 0.000002 0.000002 
0.000001 0.000001 0.000002 0.000003 0.000004 0.000006 0.000010 0.000016 0.000024 0.000037 0.000056 0.000084 0.000125 0.000183 0.000267 0.000385 0.000550 0.000777 0.001086 0.001504 0.002060 0.002794 0.003752 0.004986 0.006558 0.008539 0.011004 0.014036 0.017719 0.022141 0.027383 0.033518 0.040607 0.048690 0.057782 0.067866 0.078890 0.090760 0.103339 0.116449 0.129869 0.143341 0.156576 0.169268 0.181097 0.191751 0.200933 0.208378 0.213865 0.217226 0.218358 0.217226 0.213865 0.208378 0.200933 0.191751 0.181097 0.169268 0.156576 0.143341 0.129869 0.116449 0.103339 0.090760 0.078890 0.067866 0.057782 0.048690 0.040607 0.033518 0.027383 0.022141 0.017719 0.014036 0.011004 0.008539 0.006558 0.004986 0.003752 0.002794 0.002060 0.001504 0.001086 0.000777 0.000550 0.000385 0.000267 0.000183 0.000125 0.000084 0.000056 0.000037 0.000024 0.000016 0.000010 0.000007 0.000004 0.000003 0.000002 0.000002 
0.000002 0.000002 0.000003 0.000004 0.000006 0.000009 0.000014 0.000023 0.000035 0.000053 0.000081 0.000121 0.000180 0.000265 0.000385 0.000555 0.000792 0.001119 0.001564 0.002165 0.002966 0.004022 0.005399 0.007173 0.009433 0.012280 0.015822 0.020177 0.025469 0.031819 0.039346 0.048155 0.058331 0.069932 0.082980 0.097451 0.113267 0.130296 0.148342 0.167146 0.186394 0.205714 0.224694 0.242893 0.259855 0.275131 0.288296 0.298970 0.306836 0.311655 0.313278 0.311655 0.306836 0.298970 0.288296 0.275131 0.259855 0.242893 0.224694 0.205714 0.186394 0.167146 0.148342 0.130296 0.113267 0.097451 0.082980 0.069932 0.058331 0.048155 0.039346 0.031819 0.025469 0.020177 0.015822 0.012280 0.009433 0.007173 0.005399 0.004022 0.002966 0.002165 0.001564 0.001119 0.000792 0.000555 0.000385 0.000265 0.000180 0.000121 0.000081 0.000053 0.000035 0.000023 0.000015 0.000009 0.000006 0.000004 0.000004 0.000004 
0.000003 0.000003 0.000004 0.000005 0.000008 0.000013 0.000021 0.000032 0.000050 0.000076 0.000115 0.000173 0.000257 0.000378 0.000550 0.000792 0.001130 0.001596 0.002230 0.003086 0.004227 0.005731 0.007691 0.010216 0.013433 0.017482 0.022521 0.028716 0.036241 0.045270 0.055970 0.068491 0.082953 0.099439 0.117978 0.138536 0.161003 0.185190 0.210819 0.237524 0.264855 0.292287 0.319235 0.345072 0.369152 0.390838 0.409526 0.424677 0.435842 0.442682 0.444986 0.442682 0.435842 0.424677 0.409526 0.390838 0.369152 0.345072 0.319235 0.292287 0.264855 0.237524 0.210819 0.185190 0.161003 0.138536 0.117978 0.099439 0.082953 0.068491 0.055970 0.045270 0.036241 0.028716 0.022521 0.017482 0.013433 0.010216 0.007691 0.005731 0.004227 0.003086 0.002230 0.001596 0.001130 0.000792 0.000550 0.000378 0.000257 0.000173 0.000115 0.000076 0.000050 0.000032 0.000021 0.000013 0.000009 0.000006 0.000005 0.000005 
0.000004 0.000004 0.000005 0.000008 0.000012 0.000019 0.000029 0.000046 0.000070 0.000108 0.000163 0.000245 0.000363 0.000534 0.000777 0.001119 0.001596 0.002253 0.003148 0.004355 0.005963 0.008083 0.010845 0.014404 0.018936 0.024640 0.031736 0.040458 0.051052 0.063762 0.078821 0.096440 0.116789 0.139982 0.166060 0.194974 0.226572 0.260584 0.296620 0.334166 0.372589 0.411151 0.449031 0.485347 0.519192 0.549669 0.575933 0.597227 0.612917 0.622529 0.625766 0.622529 0.612917 0.597227 0.575933 0.549669 0.519192 0.485347 0.449031 0.411151 0.372589 0.334166 0.296620 0.260584 0.226572 0.194974 0.166060 0.139982 0.116789 0.096440 0.078821 0.063762 0.051052 0.040458 0.031736 0.024640 0.018936 0.014404 0.010845 0.008083 0.005963 0.004355 0.003148 0.002253 0.001596 0.001119 0.000777 0.000534 0.000363 0.000245 0.000163 0.000108 0.000070 0.000046 0.000029 0.000019 0.000013 0.000009 0.000007 0.000007 
0.000006 0.000006 0.000008 0.000011 0.000017 0.000026 0.000041 0.000064 0.000099 0.000151 0.000228 0.000342 0.000508 0.000747 0.001086 0.001564 0.002230 0.003148 0.004398 0.006083 0.008328 0.011286 0.015140 0.020104 0.026424 0.034379 0.044272 0.056431 0.071196 0.088907 0.109889 0.134435 0.162780 0.195083 0.231399 0.271661 0.315654 0.363005 0.413169 0.465430 0.518908 0.572577 0.625293 0.675829 0.722923 0.765331 0.801874 0.831501 0.853332 0.866705 0.871209 0.866705 0.853332 0.831501 0.801874 0.765331 0.722923 0.675829 0.625293 0.572577 0.518908 0.465430 0.413169 0.363005 0.315654 0.271661 0.231399 0.195083 0.162780 0.134435 0.109889 0.088907 0.071196 0.056431 0.044272 0.034379 0.026424 0.020104 0.015140 0.011286 0.008328 0.006083 0.004398 0.003148 0.002230 0.001564 0.001086 0.000747 0.000508 0.000342 0.000228 0.000151 0.000099 0.000064 0.000041 0.000027 0.000018 0.000012 0.000010 0.000010 
0.000008 0.000008 0.000011 0.000015 0.000023 0.000036 0.000057 0.000089 0.000137 0.000209 0.000316 0.000474 0.000704 0.001034 0.001504 0.002165 0.003086 0.004355 0.006083 0.008411 0.011513 0.015600 0.020923 0.027778 0.036504 0.047484 0.061139 0.077918 0.098290 0.122724 0.151666 0.185519 0.224607 0.269147 0.319216 0.374718 0.435358 0.500620 0.569753 0.641771 0.715460 0.789407 0.862036 0.931658 0.996537 1.054956 1.105295 1.146105 1.176175 1.194596 1.200800 1.194596 1.176175 1.146105 1.105295 1.054956 0.996537 0.931658 0.862036 0.789407 0.715460 0.641771 0.569753 0.500620 0.435358 0.374718 0.319216 0.269147 0.224607 0.185519 0.151666 0.122724 0.098290 0.077918 0.061139 0.047484 0.036504 0.027778 0.020923 0.015600 0.011513 0.008411 0.006083 0.004355 0.003086 0.002165 0.001504 0.001034 0.000704 0.000474 0.000316 0.000209 0.000137 0.000089 0.000057 0.000037 0.000024 0.000017 0.000014 0.000014 
0.000012 0.000012 0.000015 0.000021 0.000032 0.000050 0.000078 0.000122 0.000187 0.000287 0.000434 0.000650 0.000965 0.001417 0.002060 0.002966 0.004227 0.005963 0.008328 0.011513 0.015756 0.021345 0.028623 0.037994 0.049921 0.064925 0.083582 0.106504 0.134331 0.167700 0.207223 0.253444 0.306806 0.367605 0.435942 0.511688 0.594437 0.683486 0.777808 0.876058 0.976582 1.077451 1.176515 1.271474 1.359959 1.439630 1.508280 1.563934 1.604941 1.630060 1.638520 1.630060 1.604941 1.563934 1.508280 1.439630 1.359959 1.271474 1.176515 1.077451 0.976582 0.876058 0.777808 0.683486 0.594437 0.511688 0.435942 0.367605 0.306806 0.253444 0.207223 0.167700 0.134331 0.106504 0.083582 0.064925 0.049921 0.037994 0.028623 0.021345 0.015756 0.011513 0.008328 0.005963 0.004227 0.002966 0.002060 0.001417 0.000965 0.000650 0.000434 0.000287 0.000188 0.000122 0.000079 0.000051 0.000034 0.000024 0.000019 0.000019 
0.000016 0.000016 0.000020 0.000028 0.000043 0.000068 0.000106 0.000165 0.000255 0.000389 0.000589 0.000882 0.001309 0.001922 0.002794 0.004022 0.005731 0.008083 0.011286 0.015600 0.021345 0.028910 0.038761 0.051442 0.067579 0.087878 0.113112 0.144112 0.181739 0.226855 0.280282 0.342757 0.414875 0.497035 0.589372 0.691708 0.803496 0.923784 1.051185 1.183881 1.319638 1.455853 1.589624 1.717844 1.837317 1.944886 2.037572 2.112708 2.168070 2.201982 2.213404 2.201982 2.168070 2.112708 2.037572 1.944886 1.837317 1.717844 1.589624 1.455853 1.319638 1.183881 1.051185 0.923784 0.803496 0.691708 0.589372 0.497035 0.414875 0.342757 0.280282 0.226855 0.181739 0.144112 0.113112 0.087878 0.067579 0.051442 0.038761 0.028910 0.021345 0.015600 0.011286 0.008083 0.005731 0.004022 0.002795 0.001922 0.001309 0.000882 0.000589 0.000389 0.000255 0.000166 0.000107 0.000069 0.000046 0.000032 0.000026 0.000026 
0.000021 0.000021 0.000027 0.000038 0.000058 0.000091 0.000143 0.000222 0.000342 0.000523 0.000791 0.001185 0.001758 0.002581 0.003752 0.005399 0.007691 0.010845 0.015140 0.020923 0.028623 0.038761 0.051959 0.068947 0.090561 0.117744 0.151532 0.193034 0.243400 0.303783 0.375281 0.458877 0.555365 0.665275 0.788788 0.925662 1.075166 1.236021 1.406376 1.583798 1.765301 1.947405 2.126232 2.297630 2.457328 2.601109 2.724993 2.825418 2.899412 2.944736 2.960001 2.944736 2.899412 2.825418 2.724993 2.601109 2.457328 2.297630 2.126232 1.947405 1.765301 1.583798 1.406376 1.236021 1.075166 0.925662 0.788788 0.665275 0.555365 0.458877 0.375281 0.303783 0.243400 0.193034 0.151532 0.117744 0.090561 0.068947 0.051959 0.038761 0.028623 0.020923 0.015140 0.010845 0.007691 0.005399 0.003752 0.002581 0.001758 0.001186 0.000792 0.000523 0.000343 0.000223 0.000144 0.000093 0.000062 0.000043 0.000035 0.000035 
0.000028 0.000028 0.000035 0.000051 0.000078 0.000122 0.000190 0.000296 0.000456 0.000696 0.001053 0.001576 0.002337 0.003431 0.004986 0.007173 0.010216 0.014404 0.020104 0.027778 0.037994 0.051442 0.068947 0.091473 0.120130 0.156166 0.200951 0.255952 0.322693 0.402695 0.497413 0.608144 0.735940 0.881495 1.045049 1.226280 1.424214 1.637160 1.862665 2.097509 2.337738 2.578748 2.815409 3.042227 3.253554 3.443812 3.607736 3.740616 3.838520 3.898490 3.918688 3.898490 3.838520 3.740616 3.607736 3.443812 3.253554 3.042227 2.815409 2.578748 2.337738 2.097509 1.862665 1.637160 1.424214 1.226280 1.045049 0.881495 0.735940 0.608144 0.497413 0.402695 0.322693 0.255952 0.200951 0.156166 0.120130 0.091473 0.068947 0.051442 0.037994 0.027778 0.020104 0.014404 0.010216 0.007173 0.004986 0.003431 0.002337 0.001577 0.001053 0.000696 0.000456 0.000296 0.000192 0.000124 0.000082 0.000058 0.000047 0.000047 
0.000038 0.000038 0.000047 0.000067 0.000103 0.000160 0.000250 0.000389 0.000600 0.000916 0.001386 0.002075 0.003076 0.004514 0.006558 0.009433 0.013433 0.018936 0.026424 0.036504 0.049921 0.067579 0.090561 0.120130 0.157742 0.205030 0.263792 0.335948 0.423494 0.528423 0.652637 0.797836 0.965392 1.156214 1.370611 1.608158 1.867578 2.146650 2.442160 2.749886 3.064649 3.380419 3.690473 3.987619 4.264459 4.513690 4.728418 4.902477 5.030720 5.109273 5.135729 5.109273 5.030720 4.902477 4.728418 4.513690 4.264459 3.987619 3.690473 3.380419 3.064649 2.749886 2.442160 2.146650 1.867578 1.608158 1.370611 1.156214 0.965392 0.797836 0.652637 0.528423 0.423494 0.335948 0.263792 0.205030 0.157742 0.120130 0.090561 0.067579 0.049921 0.036504 0.026424 0.018936 0.013433 0.009433 0.006558 0.004514 0.003076 0.002075 0.001386 0.000917 0.000601 0.000391 0.000252 0.000164 0.000108 0.000076 0.000062 0.000062 
0.000049 0.000049 0.000061 0.000088 0.000134 0.000209 0.000327 0.000508 0.000782 0.001194 0.001806 0.002703 0.004006 0.005878 0.008539 0.012280 0.017482 0.024640 0.034379 0.047484 0.064925 0.087878 0.117744 0.156166 0.205030 0.266458 0.342779 0.436485 0.550163 0.686396 0.847649 1.036124 1.253597 1.501243 1.779459 2.087688 2.424271 2.786324 3.169675 3.568847 3.977123 4.386682 4.788808 5.174176 5.533196 5.856401 6.134854 6.360564 6.526859 6.628718 6.663024 6.628718 6.526859 6.360564 6.134854 5.856401 5.533196 5.174176 4.788808 4.386682 3.977123 3.568847 3.169675 2.786324 2.424271 2.087688 1.779459 1.501243 1.253597 1.036124 0.847649 0.686396 0.550163 0.436485 0.342779 0.266458 0.205030 0.156166 0.117744 0.087878 0.064925 0.047484 0.034379 0.024640 0.017482 0.012280 0.008539 0.005878 0.004006 0.002703 0.001806 0.001195 0.000783 0.000509 0.000329 0.000213 0.000141 0.000100 0.000081 0.000081 
0.000063 0.000063 0.000079 0.000113 0.000173 0.000270 0.000422 0.000655 0.001009 0.001541 0.002329 0.003486 0.005165 0.007577 0.011004 0.015822 0.022521 0.031736 0.044272 0.061139 0.083582 0.113112 0.151532 0.200951 0.263792 0.342779 0.440904 0.561366 0.707484 0.882574 1.089797 1.331977 1.611390 1.929541 2.286932 2.682845 3.115142 3.580120 4.072415 4.584996 5.109238 5.635099 6.151391 6.646148 7.107060 7.521978 7.879438 8.169183 8.382653 8.513407 8.557444 8.513407 8.382653 8.169183 7.879438 7.521978 7.107060 6.646148 6.151391 5.635099 5.109238 4.584996 4.072415 3.580120 3.115142 2.682845 2.286932 1.929541 1.611390 1.331977 1.089797 0.882574 0.707484 0.561366 0.440904 0.342779 0.263792 0.200951 0.151532 0.113112 0.083582 0.061139 0.044272 0.031736 0.022521 0.015822 0.011004 0.007577 0.005165 0.003486 0.002329 0.001541 0.001011 0.000657 0.000425 0.000276 0.000182 0.000129 0.000104 0.000104 
0.000081 0.000081 0.000101 0.000145 0.000221 0.000345 0.000539 0.000837 0.001289 0.001967 0.002973 0.004448 0.006590 0.009666 0.014036 0.020177 0.028716 0.040458 0.056431 0.077918 0.106504 0.144112 0.193034 0.255952 0.335948 0.436485 0.561366 0.714656 0.900572 1.123326 1.386934 1.694978 2.050348 2.454949 2.909415 3.412825 3.962457 4.553598 5.179428 5.831006 6.497370 7.165758 7.821955 8.450754 9.036519 9.563816 10.018080 10.386283 10.657554 10.823711 10.879671 10.823711 10.657554 10.386283 10.018080 9.563816 9.036519 8.450754 7.821955 7.165758 6.497370 5.831006 5.179428 4.553598 3.962457 3.412825 2.909415 2.454949 2.050348 1.694978 1.386934 1.123326 0.900572 0.714656 0.561366 0.436485 0.335948 0.255952 0.193034 0.144112 0.106504 0.077918 0.056431 0.040458 0.028716 0.020177 0.014036 0.009666 0.006590 0.004449 0.002973 0.001968 0.001291 0.000839 0.000543 0.000352 0.000233 0.000164 0.000133 0.000133 
0.000103 0.000103 0.000128 0.000183 0.000280 0.000436 0.000681 0.001058 0.001629 0.002486 0.003756 0.005619 0.008323 0.012205 0.017719 0.025469 0.036241 0.051052 0.071196 0.098290 0.134331 0.181739 0.243400 0.322693 0.423494 0.550163 0.707484 0.900572 1.134730 1.415256 1.747198 2.135058 2.582464 3.091808 3.663878 4.297509 4.989269 5.733222 6.520780 7.340694 8.179168 9.020149 9.845755 10.636860 11.373797 12.037157 12.608626 13.071820 13.413070 13.622087 13.692482 13.622087 13.413070 13.071820 12.608626 12.037157 11.373797 10.636860 9.845755 9.020149 8.179168 7.340694 6.520780 5.733222 4.989269 4.297509 3.663878 3.091808 2.582464 2.135058 1.747198 1.415256 1.134730 0.900572 0.707484 0.550163 0.423494 0.322693 0.243400 0.181739 0.134331 0.098290 0.071196 0.051052 0.036241 0.025469 0.017720 0.012205 0.008323 0.005619 0.003756 0.002487 0.001631 0.001061 0.000687 0.000445 0.000295 0.000208 0.000169 0.000169 
0.000129 0.000129 0.000160 0.000229 0.000350 0.000546 0.000852 0.001324 0.002038 0.003109 0.004696 0.007025 0.010403 0.015253 0.022141 0.031819 0.045270 0.063762 0.088907 0.122724 0.167700 0.226855 0.303783 0.402695 0.528423 0.686396 0.882574 1.123326 1.415256 1.764959 2.178716 2.662129 3.219709 3.854426 4.567255 5.356732 6.218576 7.145385 8.126459 9.147782 10.192173 11.239637 12.267907 13.253171 14.170944 14.997062 15.708726 16.285542 16.710496 16.970779 17.058440 16.970779 16.710496 16.285542 15.708726 14.997062 14.170944 13.253171 12.267907 11.239637 10.192173 9.147782 8.126459 7.145385 6.218576 5.356732 4.567255 3.854426 3.219709 2.662129 2.178716 1.764959 1.415256 1.123326 0.882574 0.686396 0.528423 0.402695 0.303783 0.226855 0.167700 0.122724 0.088907 0.063762 0.045270 0.031819 0.022141 0.015253 0.010403 0.007025 0.004697 0.003110 0.002040 0.001328 0.000859 0.000557 0.000369 0.000261 0.000211 0.000211 
0.000159 0.000159 0.000198 0.000284 0.000434 0.000676 0.001056 0.001639 0.002523 0.003848 0.005812 0.008692 0.012870 0.018867 0.027383 0.039346 0.055970 0.078821 0.109889 0.151666 0.207223 0.280282 0.375281 0.497413 0.652637 0.847649 1.089797 1.386934 1.747198 2.178716 2.689226 3.285629 3.973478 4.756423 5.635654 6.609360 7.672249 8.815186 10.024975 11.284328 12.572063 13.863530 15.131283 16.345970 17.477415 18.495840 19.373148 20.084210 20.608058 20.928911 21.036970 20.928911 20.608058 20.084210 19.373148 18.495840 17.477415 16.345970 15.131283 13.863530 12.572063 11.284328 10.024975 8.815186 7.672249 6.609360 5.635654 4.756423 3.973478 3.285629 2.689226 2.178716 1.747198 1.386934 1.089797 0.847649 0.652637 0.497413 0.375281 0.280282 0.207223 0.151666 0.109889 0.078821 0.055970 0.039346 0.027383 0.018867 0.012870 0.008693 0.005813 0.003850 0.002526 0.001644 0.001064 0.000690 0.000457 0.000323 0.000262 0.000262 
0.000196 0.000196 0.000243 0.000349 0.000532 0.000829 0.001294 0.002008 0.003091 0.004714 0.007119 0.010644 0.015759 0.023098 0.033518 0.048155 0.068491 0.096440 0.134435 0.185519 0.253444 0.342757 0.458877 0.608144 0.797836 1.036124 1.331977 1.694978 2.135058 2.662129 3.285629 4.013973 4.853924 5.809928 6.883426 8.072192 9.369757 10.764963 12.241695 13.778851 15.350577 16.926792 18.474006 19.956406 21.337178 22.579993 23.650576 24.518274 25.157509 25.549033 25.680893 25.549033 25.157509 24.518274 23.650576 22.579993 21.337178 19.956406 18.474006 16.926792 15.350577 13.778851 12.241695 10.764963 9.369757 8.072192 6.883426 5.809928 4.853924 4.013973 3.285629 2.662129 2.135058 1.694978 1.331977 1.036124 0.797836 0.608144 0.458877 0.342757 0.253444 0.185519 0.134435 0.096440 0.068491 0.048155 0.033518 0.023098 0.015759 0.010645 0.007120 0.004716 0.003095 0.002014 0.001304 0.000846 0.000561 0.000396 0.000321 0.000321 
0.000237 0.000237 0.000295 0.000423 0.000646 0.001006 0.001570 0.002436 0.003749 0.005715 0.008630 0.012901 0.019097 0.027987 0.040607 0.058331 0.082953 0.116789 0.162780 0.224607 0.306806 0.414875 0.555365 0.735940 0.965392 1.253597 1.611390 2.050348 2.582464 3.219709 3.973478 4.853924 5.869209 7.024690 8.322092 9.758713 11.326725 13.012634 14.796964 16.654215 18.553151 20.457436 22.326615 24.117437 25.785440 27.286751 28.579983 29.628118 30.400273 30.873205 31.032481 30.873205 30.400273 29.628118 28.579983 27.286751 25.785440 24.117437 22.326615 20.457436 18.553151 16.654215 14.796964 13.012634 11.326725 9.758713 8.322092 7.024690 5.869209 4.853924 3.973478 3.219709 2.582464 2.050348 1.611390 1.253597 0.965392 0.735940 0.555365 0.414875 0.306806 0.224607 0.162780 0.116789 0.082953 0.058331 0.040607 0.027987 0.019097 0.012902 0.008631 0.005718 0.003753 0.002443 0.001582 0.001027 0.000681 0.000481 0.000390 0.000390 
0.000285 0.000285 0.000355 0.000508 0.000776 0.001208 0.001884 0.002924 0.004499 0.006858 0.010353 0.015476 0.022905 0.033563 0.048690 0.069932 0.099439 0.139982 0.195083 0.269147 0.367605 0.497035 0.665275 0.881495 1.156214 1.501243 1.929541 2.454949 3.091808 3.854426 4.756423 5.809928 7.024690 8.407099 9.959202 11.677751 13.553371 15.569910 17.704066 19.925339 22.196375 24.473721 26.709009 28.850527 30.845122 32.640346 34.186726 35.440013 36.363291 36.928780 37.119227 36.928780 36.363291 35.440013 34.186726 32.640346 30.845122 28.850527 26.709009 24.473721 22.196375 19.925339 17.704066 15.569910 13.553371 11.677751 9.959202 8.407099 7.024690 5.809928 4.756423 3.854426 3.091808 2.454949 1.929541 1.501243 1.156214 0.881495 0.665275 0.497035 0.367605 0.269147 0.195083 0.139982 0.099439 0.069933 0.048690 0.033563 0.022905 0.015477 0.010355 0.006861 0.004504 0.002933 0.001899 0.001233 0.000818 0.000578 0.000468 0.000468 
0.000339 0.000339 0.000422 0.000604 0.000922 0.001435 0.002239 0.003473 0.005343 0.008144 0.012293 0.018373 0.027189 0.039835 0.057782 0.082980 0.117978 0.166060 0.231399 0.319216 0.435942 0.589372 0.788788 1.045049 1.370611 1.779459 2.286932 2.909415 3.663878 4.567255 5.635654 6.883426 8.322092 9.959202 11.797160 13.832104 16.052917 18.440467 20.967156 23.596874 26.285400 28.981300 31.627327 34.162282 36.523262 38.648205 40.478566 41.961990 43.054795 43.724110 43.949523 43.724110 43.054795 41.961990 40.478566 38.648205 36.523262 34.162282 31.627327 28.981300 26.285400 23.596874 20.967156 18.440467 16.052917 13.832104 11.797160 9.959202 8.322092 6.883426 5.635654 4.567255 3.663878 2.909415 2.286932 1.779459 1.370611 1.045049 0.788788 0.589372 0.435942 0.319216 0.231399 0.166060 0.117978 0.082980 0.057782 0.039835 0.027189 0.018374 0.012295 0.008148 0.005349 0.003483 0.002257 0.001465 0.000972 0.000687 0.000557 0.000557 
0.000399 0.000399 0.000497 0.000711 0.001084 0.001688 0.002632 0.004083 0.006280 0.009571 0.014445 0.021587 0.031941 0.046792 0.067866 0.097451 0.138536 0.194974 0.271661 0.374718 0.511688 0.691708 0.925662 1.226280 1.608158 2.087688 2.682845 3.412825 4.297509 5.356732 6.609360 8.072192 9.758713 11.677751 13.832104 16.217225 18.820070 21.618204 24.579276 27.660967 30.811456 33.970481 37.070973 40.041236 42.807584 45.297319 47.441865 49.179897 50.460254 51.244435 51.508531 51.244435 50.460254 49.179897 47.441865 45.297319 42.807584 40.041236 37.070973 33.970481 30.811456 27.660967 24.579276 21.618204 18.820070 16.217225 13.832104 11.677751 9.758713 8.072192 6.609360 5.356732 4.297509 3.412825 2.682845 2.087688 1.608158 1.226280 0.925662 0.691708 0.511688 0.374718 0.271661 0.194974 0.138536 0.097451 0.067866 0.046793 0.031942 0.021589 0.014448 0.009576 0.006288 0.004095 0.002653 0.001723 0.001143 0.000808 0.000655 0.000655 
0.000465 0.000465 0.000578 0.000827 0.001262 0.001964 0.003063 0.004750 0.007306 0.011133 0.016800 0.025103 0.037138 0.054399 0.078890 0.113267 0.161003 0.226572 0.315654 0.435358 0.594437 0.803496 1.075166 1.424214 1.867578 2.424271 3.115142 3.962457 4.989269 6.218576 7.672249 9.369757 11.326725 13.553371 16.052917 18.820070 21.839679 25.085704 28.520610 32.095301 35.749671 39.413829 43.009992 46.455020 49.663471 52.551046 55.038235 57.053936 58.538828 59.448275 59.754558 59.448275 58.538828 57.053936 55.038235 52.551046 49.663471 46.455020 43.009992 39.413829 35.749671 32.095301 28.520610 25.085704 21.839679 18.820070 16.052917 13.553371 11.326725 9.369757 7.672249 6.218576 4.989269 3.962457 3.115142 2.424271 1.867578 1.424214 1.075166 0.803496 0.594437 0.435358 0.315654 0.226572 0.161003 0.113267 0.078890 0.054399 0.037139 0.025104 0.016803 0.011138 0.007314 0.004764 0.003087 0.002005 0.001330 0.000940 0.000762 0.000762 
0.000536 0.000536 0.000666 0.000953 0.001453 0.002262 0.003527 0.005469 0.008411 0.012815 0.019336 0.028889 0.042735 0.062590 0.090760 0.130296 0.185190 0.260584 0.363005 0.500620 0.683486 0.923784 1.236021 1.637160 2.146650 2.786324 3.580120 4.553598 5.733222 7.145385 8.815186 10.764963 13.012634 15.569910 18.440467 21.618204 25.085704 28.813052 32.757139 36.861590 41.057395 45.264313 49.393058 53.348193 57.031645 60.346659 63.201978 65.515995 67.220632 68.264660 68.616265 68.264660 67.220632 65.515995 63.201978 60.346659 57.031645 53.348193 49.393058 45.264313 41.057395 36.861590 32.757139 28.813052 25.085704 21.618204 18.440467 15.569910 13.012634 10.764963 8.815186 7.145385 5.733222 4.553598 3.580120 2.786324 2.146650 1.637160 1.236021 0.923784 0.683486 0.500620 0.363005 0.260584 0.185190 0.130296 0.090760 0.062591 0.042736 0.028891 0.019339 0.012820 0.008421 0.005486 0.003555 0.002309 0.001532 0.001083 0.000878 0.000878 
0.000611 0.000611 0.000760 0.001087 0.001657 0.002578 0.004019 0.006232 0.009583 0.014598 0.022025 0.032903 0.048668 0.071273 0.103339 0.148342 0.210819 0.296620 0.413169 0.569753 0.777808 1.051185 1.406376 1.862665 2.442160 3.169675 4.072415 5.179428 6.520780 8.126459 10.024975 12.241695 14.796964 17.704066 20.967156 24.579276 28.520610 32.757139 37.239860 41.904693 46.673211 51.454232 56.146297 60.640967 64.826815 68.593911 71.838578 74.468104 76.405146 77.591507 77.991046 77.591507 76.405146 74.468104 71.838578 68.593911 64.826815 60.640967 56.146297 51.454232 46.673211 41.904693 37.239860 32.757139 28.520610 24.579276 20.967156 17.704066 14.796964 12.241695 10.024975 8.126459 6.520780 5.179428 4.072415 3.169675 2.442160 1.862665 1.406376 1.051185 0.777808 0.569753 0.413169 0.296620 0.210819 0.148342 0.103340 0.071273 0.048669 0.032905 0.022029 0.014605 0.009594 0.006251 0.004051 0.002632 0.001747 0.001235 0.001001 0.001001 
0.000689 0.000689 0.000857 0.001226 0.001869 0.002908 0.004533 0.007027 0.010804 0.016458 0.024828 0.037087 0.054852 0.080322 0.116449 0.167146 0.237524 0.334166 0.465430 0.641771 0.876058 1.183881 1.583798 2.097509 2.749886 3.568847 4.584996 5.831006 7.340694 9.147782 11.284328 13.778851 16.654215 19.925339 23.596874 27.660967 32.095301 36.861590 41.904693 47.152519 52.516841 57.895094 63.173161 68.229081 72.937533 77.174890 80.824555 83.782268 85.961053 87.295466 87.744864 87.295466 85.961053 83.782268 80.824555 77.174890 72.937533 68.229081 63.173161 57.895094 52.516841 47.152519 41.904693 36.861590 32.095301 27.660967 23.596874 19.925339 16.654215 13.778851 11.284328 9.147782 7.340694 5.831006 4.584996 3.568847 2.749886 2.097509 1.583798 1.183881 0.876058 0.641771 0.465430 0.334166 0.237524 0.167147 0.116450 0.080323 0.054853 0.037090 0.024832 0.016465 0.010817 0.007049 0.004569 0.002969 0.001970 0.001393 0.001130 0.001130 
0.000770 0.000770 0.000957 0.001369 0.002086 0.003246 0.005059 0.007842 0.012056 0.018363 0.027699 0.041372 0.061183 0.089585 0.129869 0.186394 0.264855 0.372589 0.518908 0.715460 0.976582 1.319638 1.765301 2.337738 3.064649 3.977123 5.109238 6.497370 8.179168 10.192173 12.572063 15.350577 18.553151 22.196375 26.285400 30.811456 35.749671 41.057395 46.673211 52.516841 58.490044 64.478624 70.355529 75.984980 81.227465 85.945358 90.008866 93.301931 95.727735 97.213430 97.713775 97.213430 95.727735 93.301931 90.008866 85.945358 81.227465 75.984980 70.355529 64.478624 58.490044 52.516841 46.673211 41.057395 35.749671 30.811456 26.285400 22.196375 18.553151 15.350577 12.572063 10.192173 8.179168 6.497370 5.109238 3.977123 3.064649 2.337738 1.765301 1.319638 0.976582 0.715460 0.518908 0.372589 0.264855 0.186394 0.129870 0.089586 0.061185 0.041374 0.027704 0.018371 0.012070 0.007866 0.005099 0.003314 0.002200 0.001556 0.001262 0.001262 
0.000851 0.000851 0.001057 0.001512 0.002304 0.003585 0.005587 0.008660 0.013313 0.020276 0.030582 0.045674 0.067540 0.098886 0.143341 0.205714 0.292287 0.411151 0.572577 0.789407 1.077451 1.455853 1.947405 2.578748 3.380419 4.386682 5.635099 7.165758 9.020149 11.239637 13.863530 16.926792 20.457436 24.473721 28.981300 33.970481 39.413829 45.264313 51.454232 57.895094 64.478624 71.078967 77.556107 83.760418 89.538164 94.737693 99.215987 102.845164 105.518545 107.155863 107.707270 107.155863 105.518545 102.845164 99.215987 94.737693 89.538164 83.760418 77.556107 71.078967 64.478624 57.895094 51.454232 45.264313 39.413829 33.970481 28.981300 24.473721 20.457436 16.926792 13.863530 11.239637 9.020149 7.165758 5.635099 4.386682 3.380419 2.578748 1.947405 1.455853 1.077451 0.789408 0.572577 0.411152 0.292287 0.205714 0.143341 0.098887 0.067542 0.045677 0.030587 0.020284 0.013328 0.008687 0.005632 0.003660 0.002430 0.001719 0.001394 0.001394 
0.000930 0.000930 0.001156 0.001653 0.002519 0.003918 0.006107 0.009465 0.014548 0.022155 0.033415 0.049901 0.073787 0.108024 0.156576 0.224694 0.319235 0.449031 0.625293 0.862036 1.176515 1.589624 2.126232 2.815409 3.690473 4.788808 6.151391 7.821955 9.845755 12.267907 15.131283 18.474006 22.326615 26.709009 31.627327 37.070973 43.009992 49.393058 56.146297 63.173161 70.355529 77.556107 84.622162 91.390482 97.693378 103.365440 108.250676 112.209607 115.125881 116.911952 117.513454 116.911952 115.125881 112.209607 108.250676 103.365440 97.693378 91.390482 84.622162 77.556107 70.355529 63.173161 56.146297 49.393058 43.009992 37.070973 31.627327 26.709009 22.326615 18.474006 15.131283 12.267907 9.845755 7.821955 6.151391 4.788808 3.690473 2.815409 2.126232 1.589624 1.176515 0.862036 0.625293 0.449032 0.319236 0.224695 0.156577 0.108025 0.073788 0.049905 0.033420 0.022165 0.014565 0.009493 0.006156 0.004001 0.002656 0.001879 0.001524 0.001524 
