0.000000 0.000000 0.000000 0.000000 0.000000 0.000000 0.000000 0.000000 0.000000 0.000000 0.000000 0.000000 0.000000 0.000000 0.000000 0.000000 0.000000 0.000000 0.000000 0.000000 0.000000 0.000000 0.000000 0.000000 0.000000 0.000000 0.000001 0.000001 0.000001 0.000002 0.000002 0.000003 0.000004 0.000005 0.000006 0.000007 0.000009 0.000011 0.000013 0.000015 0.000018 0.000020 0.000023 0.000026 0.000028 0.000030 0.000032 0.000034 0.000035 0.000036 0.000036 0.000036 0.000035 0.000034 0.000032 0.000030 0.000028 0.000026 0.000023 0.000020 0.000018 0.000015 0.000013 0.000011 0.000009 0.000007 0.000006 0.000005 0.000004 0.000003 0.000002 0.000002 0.000001 0.000001 0.000001 0.000000 0.000000 0.000000 0.000000 0.000000 0.000000 0.000000 0.000000 0.000000 0.000000 0.000000 0.000000 0.000000 0.000000 0.000000 0.000000 0.000000 0.000000 0.000000 0.000000 0.000000 0.000000 0.000000 0.000000 0.000000 
0.000000 0.000000 0.000000 0.000000 0.000000 0.000000 0.000000 0.000000 0.000000 0.000000 0.000000 0.000000 0.000000 0.000000 0.000000 0.000000 0.000000 0.000000 0.000000 0.000000 0.000000 0.000000 0.000000 0.000000 0.000000 0.000000 0.000001 0.000001 0.000001 0.000002 0.000002 0.000003 0.000004 0.000005 0.000006 0.000007 0.000009 0.000011 0.000013 0.000015 0.000018 0.000020 0.000023 0.000026 0.000028 0.000030 0.000032 0.000034 0.000035 0.000036 0.000036 0.000036 0.000035 0.000034 0.000032 0.000030 0.000028 0.000026 0.000023 0.000020 0.000018 0.000015 0.000013 0.000011 0.000009 0.000007 0.000006 0.000005 0.000004 0.000003 0.000002 0.000002 0.000001 0.000001 0.000001 0.000000 0.000000 0.000000 0.000000 0.000000 0.000000 0.000000 0.000000 0.000000 0.000000 0.000000 0.000000 0.000000 0.000000 0.000000 0.000000 0.000000 0.000000 0.000000 0.000000 0.000000 0.000000 0.000000 0.000000 0.000000 
0.000000 0.000000 0.000000 0.000000 0.000000 0.000000 0.000000 0.000000 0.000000 0.000000 0.000000 0.000000 0.000000 0.000000 0.000000 0.000000 0.000000 0.000000 0.000000 0.000000 0.000000 0.000000 0.000000 0.000000 0.000000 0.000001 0.000001 0.000001 0.000002 0.000002 0.000003 0.000004 0.000005 0.000007 0.000008 0.000011 0.000013 0.000016 0.000019 0.000022 0.000025 0.000029 0.000033 0.000036 0.000040 0.000043 0.000046 0.000048 0.000050 0.000051 0.000051 0.000051 0.000050 0.000048 0.000046 0.000043 0.000040 0.000036 0.000033 0.000029 0.000025 0.000022 0.000019 0.000016 0.000013 0.000011 0.000008 0.000007 0.000005 0.000004 0.000003 0.000002 0.000002 0.000001 0.000001 0.000001 0.000000 0.000000 0.000000 0.000000 0.000000 0.000000 0.000000 0.000000 0.000000 0.000000 0.000000 0.000000 0.000000 0.000000 0.000000 0.000000 0.000000 0.000000 0.000000 0.000000 0.000000 0.000000 0.000000 0.000000 
0.000000 0.000000 0.000000 0.000000 0.000000 0.000000 0.000000 0.000000 0.000000 0.000000 0.000000 0.000000 0.000000 0.000000 0.000000 0.000000 0.000000 0.000000 0.000000 0.000000 0.000000 0.000000 0.000000 0.000001 0.000001 0.000001 0.000002 0.000002 0.000003 0.000004 0.000005 0.000007 0.000009 0.000011 0.000014 0.000018 0.000022 0.000027 0.000032 0.000037 0.000043 0.000049 0.000056 0.000062 0.000068 0.000073 0.000078 0.000082 0.000085 0.000087 0.000087 0.000087 0.000085 0.000082 0.000078 0.000073 0.000068 0.000062 0.000056 0.000049 0.000043 0.000037 0.000032 0.000027 0.000022 0.000018 0.000014 0.000011 0.000009 0.000007 0.000005 0.000004 0.000003 0.000002 0.000002 0.000001 0.000001 0.000001 0.000000 0.000000 0.000000 0.000000 0.000000 0.000000 0.000000 0.000000 0.000000 0.000000 0.000000 0.000000 0.000000 0.000000 0.000000 0.000000 0.000000 0.000000 0.000000 0.000000 0.000000 0.000000 
0.000000 0.000000 0.000000 0.000000 0.000000 0.000000 0.000000 0.000000 0.000000 0.000000 0.000000 0.000000 0.000000 0.000000 0.000000 0.000000 0.000000 0.000000 0.000000 0.000000 0.000000 0.000000 0.000001 0.000001 0.000001 0.000002 0.000003 0.000004 0.000005 0.000007 0.000010 0.000013 0.000016 0.000021 0.000026 0.000032 0.000040 0.000048 0.000057 0.000067 0.000078 0.000089 0.000100 0.000111 0.000122 0.000132 0.000140 0.000147 0.000153 0.000156 0.000157 0.000156 0.000153 0.000147 0.000140 0.000132 0.000122 0.000111 0.000100 0.000089 0.000078 0.000067 0.000057 0.000048 0.000040 0.000032 0.000026 0.000021 0.000016 0.000013 0.000010 0.000007 0.000005 0.000004 0.000003 0.000002 0.000001 0.000001 0.000001 0.000000 0.000000 0.000000 0.000000 0.000000 0.000000 0.000000 0.000000 0.000000 0.000000 0.000000 0.000000 0.000000 0.000000 0.000000 0.000000 0.000000 0.000000 0.000000 0.000000 0.000000 
0.000000 0.000000 0.000000 0.000000 0.000000 0.000000 0.000000 0.000000 0.000000 0.000000 0.000000 0.000000 0.000000 0.000000 0.000000 0.000000 0.000000 0.000000 0.000000 0.000000 0.000001 0.000001 0.000001 0.000002 0.000003 0.000004 0.000005 0.000007 0.000010 0.000013 0.000017 0.000023 0.000029 0.000038 0.000047 0.000059 0.000072 0.000087 0.000104 0.000122 0.000141 0.000161 0.000182 0.000202 0.000221 0.000239 0.000254 0.000267 0.000276 0.000282 0.000284 0.000282 0.000276 0.000267 0.000254 0.000239 0.000221 0.000202 0.000182 0.000161 0.000141 0.000122 0.000104 0.000087 0.000072 0.000059 0.000047 0.000038 0.000029 0.000023 0.000017 0.000013 0.000010 0.000007 0.000005 0.000004 0.000003 0.000002 0.000001 0.000001 0.000001 0.000000 0.000000 0.000000 0.000000 0.000000 0.000000 0.000000 0.000000 0.000000 0.000000 0.000000 0.000000 0.000000 0.000000 0.000000 0.000000 0.000000 0.000000 0.000000 
0.000000 0.000000 0.000000 0.000000 0.000000 0.000000 0.000000 0.000000 0.000000 0.000000 0.000000 0.000000 0.000000 0.000000 0.000000 0.000000 0.000000 0.000000 0.000000 0.000001 0.000001 0.000001 0.000002 0.000003 0.000005 0.000007 0.000009 0.000013 0.000017 0.000024 0.000031 0.000041 0.000053 0.000068 0.000085 0.000106 0.000130 0.000157 0.000187 0.000219 0.000254 0.000290 0.000327 0.000363 0.000397 0.000429 0.000457 0.000480 0.000497 0.000508 0.000511 0.000508 0.000497 0.000480 0.000457 0.000429 0.000397 0.000363 0.000327 0.000290 0.000254 0.000219 0.000187 0.000157 0.000130 0.000106 0.000085 0.000068 0.000053 0.000041 0.000031 0.000024 0.000017 0.000013 0.000009 0.000007 0.000005 0.000003 0.000002 0.000001 0.000001 0.000001 0.000000 0.000000 0.000000 0.000000 0.000000 0.000000 0.000000 0.000000 0.000000 0.000000 0.000000 0.000000 0.000000 0.000000 0.000000 0.000000 0.000000 0.000000 
0.000000 0.000000 0.000000 0.000000 0.000000 0.000000 0.000000 0.000000 0.000000 0.000000 0.000000 0.000000 0.000000 0.000000 0.000000 0.000000 0.000000 0.000000 0.000001 0.000001 0.000002 0.000003 0.000004 0.000006 0.000008 0.000012 0.000016 0.000023 0.000031 0.000042 0.000056 0.000073 0.000095 0.000121 0.000152 0.000189 0.000231 0.000279 0.000332 0.000390 0.000452 0.000516 0.000581 0.000645 0.000707 0.000763 0.000813 0.000854 0.000884 0.000903 0.000909 0.000903 0.000884 0.000854 0.000813 0.000763 0.000707 0.000645 0.000581 0.000516 0.000452 0.000390 0.000332 0.000279 0.000231 0.000189 0.000152 0.000121 0.000095 0.000073 0.000056 0.000042 0.000031 0.000023 0.000016 0.000012 0.000008 0.000006 0.000004 0.000003 0.000002 0.000001 0.000001 0.000000 0.000000 0.000000 0.000000 0.000000 0.000000 0.000000 0.000000 0.000000 0.000000 0.000000 0.000000 0.000000 0.000000 0.000000 0.000000 0.000000 
0.000000 0.000000 0.000000 0.000000 0.000000 0.000000 0.000000 0.000000 0.000000 0.000000 0.000000 0.000000 0.000000 0.000000 0.000000 0.000000 0.000001 0.000001 0.000001 0.000002 0.000003 0.000005 0.000007 0.000010 0.000015 0.000021 0.000029 0.000040 0.000055 0.000074 0.000098 0.000129 0.000167 0.000213 0.000268 0.000333 0.000407 0.000491 0.000585 0.000686 0.000795 0.000907 0.001021 0.001134 0.001242 0.001341 0.001428 0.001499 0.001552 0.001585 0.001596 0.001585 0.001552 0.001499 0.001428 0.001341 0.001242 0.001134 0.001021 0.000907 0.000795 0.000686 0.000585 0.000491 0.000407 0.000333 0.000268 0.000213 0.000167 0.000129 0.000098 0.000074 0.000055 0.000040 0.000029 0.000021 0.000015 0.000010 0.000007 0.000005 0.000003 0.000002 0.000001 0.000001 0.000001 0.000000 0.000000 0.000000 0.000000 0.000000 0.000000 0.000000 0.000000 0.000000 0.000000 0.000000 0.000000 0.000000 0.000000 0.000000 
0.000000 0.000000 0.000000 0.000000 0.000000 0.000000 0.000000 0.000000 0.000000 0.000000 0.000000 0.000000 0.000000 0.000000 0.000000 0.000001 0.000001 0.000001 0.000002 0.000004 0.000005 0.000008 0.000012 0.000018 0.000025 0.000036 0.000051 0.000070 0.000096 0.000129 0.000171 0.000225 0.000291 0.000370 0.000466 0.000578 0.000707 0.000853 0.001015 0.001192 0.001379 0.001574 0.001772 0.001967 0.002154 0.002326 0.002476 0.002600 0.002692 0.002749 0.002768 0.002749 0.002692 0.002600 0.002476 0.002326 0.002154 0.001967 0.001772 0.001574 0.001379 0.001192 0.001015 0.000853 0.000707 0.000578 0.000466 0.000370 0.000291 0.000225 0.000171 0.000129 0.000096 0.000070 0.000051 0.000036 0.000025 0.000018 0.000012 0.000008 0.000005 0.000004 0.000002 0.000001 0.000001 0.000001 0.000000 0.000000 0.000000 0.000000 0.000000 0.000000 0.000000 0.000000 0.000000 0.000000 0.000000 0.000000 0.000000 0.000000 
0.000000 0.000000 0.000000 0.000000 0.000000 0.000000 0.000000 0.000000 0.000000 0.000000 0.000000 0.000000 0.000000 0.000000 0.000001 0.000001 0.000002 0.000003 0.000004 0.000006 0.000009 0.000014 0.000021 0.000030 0.000044 0.000062 0.000087 0.000121 0.000165 0.000222 0.000295 0.000386 0.000499 0.000636 0.000800 0.000992 0.001213 0.001463 0.001741 0.002043 0.002364 0.002698 0.003036 0.003370 0.003689 0.003983 0.004240 0.004452 0.004610 0.004707 0.004740 0.004707 0.004610 0.004452 0.004240 0.003983 0.003689 0.003370 0.003036 0.002698 0.002364 0.002043 0.001741 0.001463 0.001213 0.000992 0.000800 0.000636 0.000499 0.000386 0.000295 0.000222 0.000165 0.000121 0.000087 0.000062 0.000044 0.000030 0.000021 0.000014 0.000009 0.000006 0.000004 0.000003 0.000002 0.000001 0.000001 0.000000 0.000000 0.000000 0.000000 0.000000 0.000000 0.000000 0.000000 0.000000 0.000000 0.000000 0.000000 0.000000 
0.000000 0.000000 0.000000 0.000000 0.000000 0.000000 0.000000 0.000000 0.000000 0.000000 0.000000 0.000000 0.000000 0.000001 0.000001 0.000002 0.000003 0.000004 0.000007 0.000010 0.000016 0.000024 0.000035 0.000052 0.000074 0.000106 0.000148 0.000205 0.000280 0.000377 0.000500 0.000655 0.000846 0.001078 0.001355 0.001680 0.002054 0.002477 0.002947 0.003457 0.003999 0.004563 0.005135 0.005699 0.006238 0.006734 0.007168 0.007526 0.007792 0.007956 0.008012 0.007956 0.007792 0.007526 0.007168 0.006734 0.006238 0.005699 0.005135 0.004563 0.003999 0.003457 0.002947 0.002477 0.002054 0.001680 0.001355 0.001078 0.000846 0.000655 0.000500 0.000377 0.000280 0.000205 0.000148 0.000106 0.000074 0.000052 0.000035 0.000024 0.000016 0.000010 0.000007 0.000004 0.000003 0.000002 0.000001 0.000001 0.000000 0.000000 0.000000 0.000000 0.000000 0.000000 0.000000 0.000000 0.000000 0.000000 0.000000 0.000000 
0.000000 0.000000 0.000000 0.000000 0.000000 0.000000 0.000000 0.000000 0.000000 0.000000 0.000000 0.000000 0.000001 0.000001 0.000002 0.000003 0.000005 0.000007 0.000011 0.000018 0.000027 0.000040 0.000059 0.000087 0.000125 0.000177 0.000249 0.000344 0.000469 0.000631 0.000837 0.001096 0.001416 0.001804 0.002267 0.002809 0.003434 0.004140 0.004924 0.005775 0.006680 0.007621 0.008574 0.009515 0.010413 0.011239 0.011964 0.012560 0.013003 0.013277 0.013370 0.013277 0.013003 0.012560 0.011964 0.011239 0.010413 0.009515 0.008574 0.007621 0.006680 0.005775 0.004924 0.004140 0.003434 0.002809 0.002267 0.001804 0.001416 0.001096 0.000837 0.000631 0.000469 0.000344 0.000249 0.000177 0.000125 0.000087 0.000059 0.000040 0.000027 0.000018 0.000011 0.000007 0.000005 0.000003 0.000002 0.000001 0.000001 0.000000 0.000000 0.000000 0.000000 0.000000 0.000000 0.000000 0.000000 0.000000 0.000000 0.000000 
0.000000 0.000000 0.000000 0.000000 0.000000 0.000000 0.000000 0.000000 0.000000 0.000000 0.000000 0.000001 0.000001 0.000002 0.000003 0.000005 0.000008 0.000012 0.000019 0.000029 0.000044 0.000067 0.000098 0.000144 0.000207 0.000294 0.000412 0.000569 0.000776 0.001043 0.001384 0.001812 0.002340 0.002980 0.003743 0.004637 0.005667 0.006831 0.008122 0.009523 0.011014 0.012563 0.014133 0.015682 0.017160 0.018520 0.019712 0.020692 0.021422 0.021872 0.022025 0.021872 0.021422 0.020692 0.019712 0.018520 0.017160 0.015682 0.014133 0.012563 0.011014 0.009523 0.008122 0.006831 0.005667 0.004637 0.003743 0.002980 0.002340 0.001812 0.001384 0.001043 0.000776 0.000569 0.000412 0.000294 0.000207 0.000144 0.000098 0.000067 0.000044 0.000029 0.000019 0.000012 0.000008 0.000005 0.000003 0.000002 0.000001 0.000001 0.000000 0.000000 0.000000 0.000000 0.000000 0.000000 0.000000 0.000000 0.000000 0.000000 
0.000000 0.000000 0.000000 0.000000 0.000000 0.000000 0.000000 0.000000 0.000000 0.000000 0.000001 0.000001 0.000002 0.000003 0.000005 0.000008 0.000013 0.000020 0.000031 0.000048 0.000073 0.000109 0.000161 0.000235 0.000338 0.000480 0.000673 0.000929 0.001267 0.001703 0.002259 0.002956 0.003816 0.004858 0.006100 0.007556 0.009232 0.011126 0.013224 0.015504 0.017927 0.020445 0.022997 0.025513 0.027915 0.030124 0.032060 0.033653 0.034838 0.035570 0.035817 0.035570 0.034838 0.033653 0.032060 0.030124 0.027915 0.025513 0.022997 0.020445 0.017927 0.015504 0.013224 0.011126 0.009232 0.007556 0.006100 0.004858 0.003816 0.002956 0.002259 0.001703 0.001267 0.000929 0.000673 0.000480 0.000338 0.000235 0.000161 0.000109 0.000073 0.000048 0.000031 0.000020 0.000013 0.000008 0.000005 0.000003 0.000002 0.000001 0.000001 0.000000 0.000000 0.000000 0.000000 0.000000 0.000000 0.000000 0.000000 0.000000 
0.000000 0.000000 0.000000 0.000000 0.000000 0.000000 0.000000 0.000000 0.000000 0.000001 0.000001 0.000002 0.000003 0.000005 0.000008 0.000013 0.000020 0.000032 0.000050 0.000078 0.000118 0.000176 0.000261 0.000380 0.000546 0.000775 0.001085 0.001499 0.002042 0.002745 0.003640 0.004761 0.006142 0.007818 0.009815 0.012154 0.014846 0.017886 0.021255 0.024914 0.028803 0.032844 0.036938 0.040973 0.044826 0.048368 0.051474 0.054027 0.055928 0.057101 0.057497 0.057101 0.055928 0.054027 0.051474 0.048368 0.044826 0.040973 0.036938 0.032844 0.028803 0.024914 0.021255 0.017886 0.014846 0.012154 0.009815 0.007818 0.006142 0.004761 0.003640 0.002745 0.002042 0.001499 0.001085 0.000775 0.000546 0.000380 0.000261 0.000176 0.000118 0.000078 0.000050 0.000032 0.000020 0.000013 0.000008 0.000005 0.000003 0.000002 0.000001 0.000001 0.000000 0.000000 0.000000 0.000000 0.000000 0.000000 0.000000 0.000000 
0.000000 0.000000 0.000000 0.000000 0.000000 0.000000 0.000000 0.000000 0.000001 0.000001 0.000002 0.000003 0.000005 0.000008 0.000013 0.000020 0.000033 0.000052 0.000081 0.000124 0.000188 0.000281 0.000416 0.000606 0.000871 0.001235 0.001728 0.002386 0.003249 0.004366 0.005787 0.007567 0.009760 0.012418 0.015586 0.019295 0.023563 0.028383 0.033722 0.039519 0.045680 0.052080 0.058563 0.064953 0.071053 0.076661 0.081577 0.085618 0.088627 0.090483 0.091111 0.090483 0.088627 0.085618 0.081577 0.076661 0.071053 0.064953 0.058563 0.052080 0.045680 0.039519 0.033722 0.028383 0.023563 0.019295 0.015586 0.012418 0.009760 0.007567 0.005787 0.004366 0.003249 0.002386 0.001728 0.001235 0.000871 0.000606 0.000416 0.000281 0.000188 0.000124 0.000081 0.000052 0.000033 0.000020 0.000013 0.000008 0.000005 0.000003 0.000002 0.000001 0.000001 0.000000 0.000000 0.000000 0.000000 0.000000 0.000000 0.000000 
0.000000 0.000000 0.000000 0.000000 0.000000 0.000000 0.000000 0.000000 0.000001 0.000001 0.000003 0.000004 0.000007 0.000012 0.000020 0.000032 0.000052 0.000082 0.000127 0.000195 0.000296 0.000443 0.000654 0.000953 0.001369 0.001941 0.002716 0.003748 0.005102 0.006853 0.009081 0.011870 0.015306 0.019469 0.024429 0.030236 0.036915 0.044456 0.052808 0.061875 0.071509 0.081514 0.091649 0.101636 0.111170 0.119933 0.127615 0.133929 0.138630 0.141530 0.142510 0.141530 0.138630 0.133929 0.127615 0.119933 0.111170 0.101636 0.091649 0.081514 0.071509 0.061875 0.052808 0.044456 0.036915 0.030236 0.024429 0.019469 0.015306 0.011870 0.009081 0.006853 0.005102 0.003748 0.002716 0.001941 0.001369 0.000953 0.000654 0.000443 0.000296 0.000195 0.000127 0.000082 0.000052 0.000032 0.000020 0.000012 0.000007 0.000004 0.000003 0.000001 0.000001 0.000000 0.000000 0.000000 0.000000 0.000000 0.000000 0.000000 
0.000000 0.000000 0.000000 0.000000 0.000000 0.000000 0.000000 0.000001 0.000001 0.000002 0.000004 0.000007 0.000011 0.000019 0.000031 0.000050 0.000081 0.000127 0.000198 0.000304 0.000461 0.000689 0.001016 0.001480 0.002125 0.003012 0.004212 0.005810 0.007908 0.010618 0.014064 0.018379 0.023692 0.030127 0.037792 0.046765 0.057082 0.068727 0.081624 0.095620 0.110489 0.125929 0.141569 0.156976 0.171683 0.185200 0.197048 0.206787 0.214036 0.218508 0.220019 0.218508 0.214036 0.206787 0.197048 0.185200 0.171683 0.156976 0.141569 0.125929 0.110489 0.095620 0.081624 0.068727 0.057082 0.046765 0.037792 0.030127 0.023692 0.018379 0.014064 0.010618 0.007908 0.005810 0.004212 0.003012 0.002125 0.001480 0.001016 0.000689 0.000461 0.000304 0.000198 0.000127 0.000081 0.000050 0.000031 0.000019 0.000011 0.000007 0.000004 0.000002 0.000001 0.000001 0.000000 0.000000 0.000000 0.000000 0.000000 0.000000 
0.000000 0.000000 0.000000 0.000000 0.000000 0.000000 0.000001 0.000001 0.000002 0.000004 0.000006 0.000010 0.000018 0.000029 0.000048 0.000078 0.000124 0.000195 0.000304 0.000467 0.000707 0.001056 0.001558 0.002267 0.003255 0.004612 0.006447 0.008890 0.012095 0.016235 0.021498 0.028084 0.036193 0.046012 0.057704 0.071386 0.087116 0.104867 0.124521 0.145847 0.168500 0.192019 0.215837 0.239301 0.261693 0.282273 0.300311 0.315136 0.326172 0.332979 0.335279 0.332979 0.326172 0.315136 0.300311 0.282273 0.261693 0.239301 0.215837 0.192019 0.168500 0.145847 0.124521 0.104867 0.087116 0.071386 0.057704 0.046012 0.036193 0.028084 0.021498 0.016235 0.012095 0.008890 0.006447 0.004612 0.003255 0.002267 0.001558 0.001056 0.000707 0.000467 0.000304 0.000195 0.000124 0.000078 0.000048 0.000029 0.000018 0.000010 0.000006 0.000004 0.000002 0.000001 0.000001 0.000000 0.000000 0.000000 0.000000 0.000000 
0.000000 0.000000 0.000000 0.000000 0.000000 0.000001 0.000001 0.000002 0.000003 0.000005 0.000009 0.000016 0.000027 0.000044 0.000073 0.000118 0.000188 0.000296 0.000461 0.000707 0.001070 0.001599 0.002357 0.003429 0.004921 0.006969 0.009738 0.013424 0.018257 0.024498 0.032431 0.042354 0.054567 0.069354 0.086955 0.107549 0.131218 0.157925 0.187487 0.219560 0.253622 0.288981 0.324786 0.360053 0.393706 0.424633 0.451738 0.474013 0.490595 0.500821 0.504277 0.500821 0.490595 0.474013 0.451738 0.424633 0.393706 0.360053 0.324786 0.288981 0.253622 0.219560 0.187487 0.157925 0.131218 0.107549 0.086955 0.069354 0.054567 0.042354 0.032431 0.024498 0.018257 0.013424 0.009738 0.006969 0.004921 0.003429 0.002357 0.001599 0.001070 0.000707 0.000461 0.000296 0.000188 0.000118 0.000073 0.000044 0.000027 0.000016 0.000009 0.000005 0.000003 0.000002 0.000001 0.000001 0.000000 0.000000 0.000000 0.000000 
0.000000 0.000000 0.000000 0.000000 0.000000 0.000001 0.000001 0.000003 0.000005 0.000008 0.000014 0.000024 0.000040 0.000067 0.000109 0.000176 0.000281 0.000443 0.000689 0.001056 0.001599 0.002388 0.003518 0.005116 0.007341 0.010392 0.014515 0.020003 0.027197 0.036483 0.048281 0.063036 0.081192 0.103167 0.129320 0.159912 0.195064 0.234720 0.278608 0.326213 0.376764 0.429233 0.482356 0.534674 0.584594 0.630465 0.670666 0.703701 0.728291 0.743456 0.748581 0.743456 0.728291 0.703701 0.670666 0.630465 0.584594 0.534674 0.482356 0.429233 0.376764 0.326213 0.278608 0.234720 0.195064 0.159912 0.129320 0.103167 0.081192 0.063036 0.048281 0.036483 0.027197 0.020003 0.014515 0.010392 0.007341 0.005116 0.003518 0.002388 0.001599 0.001056 0.000689 0.000443 0.000281 0.000176 0.000109 0.000067 0.000040 0.000024 0.000014 0.000008 0.000005 0.000003 0.000001 0.000001 0.000000 0.000000 0.000000 0.000000 
0.000000 0.000000 0.000000 0.000000 0.000001 0.000001 0.000002 0.000004 0.000007 0.000012 0.000021 0.000035 0.000059 0.000098 0.000161 0.000261 0.000416 0.000654 0.001016 0.001558 0.002357 0.003518 0.005183 0.007534 0.010805 0.015291 0.021351 0.029414 0.039981 0.053615 0.070934 0.092586 0.119223 0.151454 0.189805 0.234653 0.286177 0.344292 0.408596 0.478335 0.552379 0.629220 0.707010 0.783614 0.856699 0.923850 0.982696 1.031050 1.067041 1.089237 1.096738 1.089237 1.067041 1.031050 0.982696 0.923850 0.856699 0.783614 0.707010 0.629220 0.552379 0.478335 0.408596 0.344292 0.286177 0.234653 0.189805 0.151454 0.119223 0.092586 0.070934 0.053615 0.039981 0.029414 0.021351 0.015291 0.010805 0.007534 0.005183 0.003518 0.002357 0.001558 0.001016 0.000654 0.000416 0.000261 0.000161 0.000098 0.000059 0.000035 0.000021 0.000012 0.000007 0.000004 0.000002 0.000001 0.000001 0.000000 0.000000 0.000000 
0.000000 0.000000 0.000000 0.000001 0.000001 0.000002 0.000003 0.000006 0.000010 0.000018 0.000030 0.000052 0.000087 0.000144 0.000235 0.000380 0.000606 0.000953 0.001480 0.002267 0.003429 0.005116 0.007534 0.010947 0.015695 0.022203 0.030992 0.042682 0.057998 0.077753 0.102842 0.134199 0.172765 0.219420 0.274918 0.339808 0.414341 0.498390 0.591376 0.692206 0.799242 0.910308 1.022732 1.133428 1.239031 1.336051 1.421067 1.490921 1.542912 1.574976 1.585811 1.574976 1.542912 1.490921 1.421067 1.336051 1.239031 1.133428 1.022732 0.910308 0.799242 0.692206 0.591376 0.498390 0.414341 0.339808 0.274918 0.219420 0.172765 0.134199 0.102842 0.077753 0.057998 0.042682 0.030992 0.022203 0.015695 0.010947 0.007534 0.005116 0.003429 0.002267 0.001480 0.000953 0.000606 0.000380 0.000235 0.000144 0.000087 0.000052 0.000030 0.000018 0.000010 0.000006 0.000003 0.000002 0.000001 0.000001 0.000000 0.000000 
0.000000 0.000000 0.000000 0.000001 0.000001 0.000003 0.000005 0.000008 0.000015 0.000025 0.000044 0.000074 0.000125 0.000207 0.000338 0.000546 0.000871 0.001369 0.002125 0.003255 0.004921 0.007341 0.010805 0.015695 0.022495 0.031812 0.044390 0.061117 0.083022 0.111271 0.147136 0.191951 0.247053 0.313699 0.392960 0.485613 0.592015 0.711982 0.844681 0.988551 1.141255 1.299689 1.460039 1.617910 1.768503 1.906847 2.028065 2.127658 2.201783 2.247494 2.262942 2.247494 2.201783 2.127658 2.028065 1.906847 1.768503 1.617910 1.460039 1.299689 1.141255 0.988551 0.844681 0.711982 0.592015 0.485613 0.392960 0.313699 0.247053 0.191951 0.147136 0.111271 0.083022 0.061117 0.044390 0.031812 0.022495 0.015695 0.010805 0.007341 0.004921 0.003255 0.002125 0.001369 0.000871 0.000546 0.000338 0.000207 0.000125 0.000074 0.000044 0.000025 0.000015 0.000008 0.000005 0.000003 0.000001 0.000001 0.000001 0.000001 
0.000000 0.000000 0.000001 0.000001 0.000002 0.000004 0.000007 0.000012 0.000021 0.000036 0.000062 0.000106 0.000177 0.000294 0.000480 0.000775 0.001235 0.001941 0.003012 0.004612 0.006969 0.010392 0.015291 0.022203 0.031812 0.044975 0.062739 0.086353 0.117271 0.157132 0.207725 0.270929 0.348623 0.442571 0.554280 0.684837 0.834739 1.003722 1.190610 1.393200 1.608201 1.831239 2.056951 2.279151 2.491088 2.685771 2.856344 2.996482 3.100778 3.165093 3.186828 3.165093 3.100778 2.996482 2.856344 2.685771 2.491088 2.279151 2.056951 1.831239 1.608201 1.393200 1.190610 1.003722 0.834739 0.684837 0.554280 0.442571 0.348623 0.270929 0.207725 0.157132 0.117271 0.086353 0.062739 0.044975 0.031812 0.022203 0.015291 0.010392 0.006969 0.004612 0.003012 0.001941 0.001235 0.000775 0.000480 0.000294 0.000177 0.000106 0.000062 0.000036 0.000021 0.000012 0.000007 0.000004 0.000002 0.000001 0.000001 0.000001 
0.000001 0.000001 0.000001 0.000002 0.000003 0.000005 0.000009 0.000016 0.000029 0.000051 0.000087 0.000148 0.000249 0.000412 0.000673 0.001085 0.001728 0.002716 0.004212 0.006447 0.009738 0.014515 0.021351 0.030992 0.044390 0.062739 0.087493 0.120391 0.163453 0.218954 0.289382 0.377343 0.485445 0.616135 0.771501 0.953046 1.161453 1.396349 1.656093 1.937620 2.236353 2.546218 2.859763 3.168399 3.462756 3.733129 3.970005 4.164604 4.309428 4.398734 4.428912 4.398734 4.309428 4.164604 3.970005 3.733129 3.462756 3.168399 2.859763 2.546218 2.236353 1.937620 1.656093 1.396349 1.161453 0.953046 0.771501 0.616135 0.485445 0.377343 0.289382 0.218954 0.163453 0.120391 0.087493 0.062739 0.044390 0.030992 0.021351 0.014515 0.009738 0.006447 0.004212 0.002716 0.001728 0.001085 0.000673 0.000412 0.000249 0.000148 0.000087 0.000051 0.000029 0.000016 0.000009 0.000005 0.000003 0.000002 0.000001 0.000001 
0.000001 0.000001 0.000001 0.000002 0.000004 0.000007 0.000013 0.000023 0.000040 0.000070 0.000121 0.000205 0.000344 0.000569 0.000929 0.001499 0.002386 0.003748 0.005810 0.008890 0.013424 0.020003 0.029414 0.042682 0.061117 0.086353 0.120391 0.165616 0.224794 0.301051 0.397791 0.518588 0.667013 0.846414 1.059645 1.308761 1.594688 1.916904 2.273152 2.659222 3.068836 3.493665 3.923494 4.346555 4.750009 5.120567 5.445194 5.711872 5.910332 6.032708 6.074062 6.032708 5.910332 5.711872 5.445194 5.120567 4.750009 4.346555 3.923494 3.493665 3.068836 2.659222 2.273152 1.916904 1.594688 1.308761 1.059645 0.846414 0.667013 0.518588 0.397791 0.301051 0.224794 0.165616 0.120391 0.086353 0.061117 0.042682 0.029414 0.020003 0.013424 0.008890 0.005810 0.003748 0.002386 0.001499 0.000929 0.000569 0.000344 0.000205 0.000121 0.000070 0.000040 0.000023 0.000013 0.000007 0.000004 0.000002 0.000002 0.000002 
0.000001 0.000001 0.000002 0.000003 0.000005 0.000010 0.000017 0.000031 0.000055 0.000096 0.000165 0.000280 0.000469 0.000776 0.001267 0.002042 0.003249 0.005102 0.007908 0.012095 0.018257 0.027197 0.039981 0.057998 0.083022 0.117271 0.163453 0.224794 0.305044 0.408427 0.539549 0.703243 0.904334 1.147344 1.436124 1.773444 2.160545 2.596709 3.078869 3.601324 4.155572 4.730343 5.311821 5.884093 6.429801 6.930979 7.370013 7.730660 7.999040 8.164528 8.220450 8.164528 7.999040 7.730660 7.370013 6.930979 6.429801 5.884093 5.311821 4.730343 4.155572 3.601324 3.078869 2.596709 2.160545 1.773444 1.436124 1.147344 0.904334 0.703243 0.539549 0.408427 0.305044 0.224794 0.163453 0.117271 0.083022 0.057998 0.039981 0.027197 0.018257 0.012095 0.007908 0.005102 0.003249 0.002042 0.001267 0.000776 0.000469 0.000280 0.000165 0.000096 0.000055 0.000031 0.000017 0.000010 0.000005 0.000003 0.000002 0.000002 
0.000002 0.000002 0.000002 0.000004 0.000007 0.000013 0.000024 0.000042 0.000074 0.000129 0.000222 0.000377 0.000631 0.001043 0.001703 0.002745 0.004366 0.006853 0.010618 0.016235 0.024498 0.036483 0.053615 0.077753 0.111271 0.157132 0.218954 0.301051 0.408427 0.546723 0.722089 0.940970 1.209803 1.534613 1.920534 2.371245 2.888389 3.470991 4.114946 4.812627 5.552678 6.320052 7.096307 7.860206 8.588593 9.257501 9.843436 10.324734 10.682888 10.903727 10.978352 10.903727 10.682888 10.324734 9.843436 9.257501 8.588593 7.860206 7.096307 6.320052 5.552678 4.812627 4.114946 3.470991 2.888389 2.371245 1.920534 1.534613 1.209803 0.940970 0.722089 0.546723 0.408427 0.301051 0.218954 0.157132 0.111271 0.077753 0.053615 0.036483 0.024498 0.016235 0.010618 0.006853 0.004366 0.002745 0.001703 0.001043 0.000631 0.000377 0.000222 0.000129 0.000074 0.000042 0.000024 0.000013 0.000007 0.000004 0.000003 0.000003 
0.000002 0.000002 0.000003 0.000005 0.000010 0.000017 0.000031 0.000056 0.000098 0.000171 0.000295 0.000500 0.000837 0.001384 0.002259 0.003640 0.005787 0.009081 0.014064 0.021498 0.032431 0.048281 0.070934 0.102842 0.147136 0.207725 0.289382 0.397791 0.539549 0.722089 0.953509 1.242295 1.596918 2.025306 2.534203 3.128441 3.810165 4.578070 5.426731 6.346085 7.321165 8.332142 9.354725 10.360952 11.320333 12.201319 12.972986 13.606822 14.078472 14.369288 14.467558 14.369288 14.078472 13.606822 12.972986 12.201319 11.320333 10.360952 9.354725 8.332142 7.321165 6.346085 5.426731 4.578070 3.810165 3.128441 2.534203 2.025306 1.596918 1.242295 0.953509 0.722089 0.539549 0.397791 0.289382 0.207725 0.147136 0.102842 0.070934 0.048281 0.032431 0.021498 0.014064 0.009081 0.005787 0.003640 0.002259 0.001384 0.000837 0.000500 0.000295 0.000171 0.000098 0.000056 0.000031 0.000017 0.000010 0.000006 0.000004 0.000004 
0.000003 0.000003 0.000004 0.000007 0.000013 0.000023 0.000041 0.000073 0.000129 0.000225 0.000386 0.000655 0.001096 0.001812 0.002956 0.004761 0.007567 0.011870 0.018379 0.028084 0.042354 0.063036 0.092586 0.134199 0.191951 0.270929 0.377343 0.518588 0.703243 0.940970 1.242295 1.618243 2.079815 2.637302 3.299453 4.072527 4.959288 5.958017 7.061638 8.257052 9.524791 10.839075 12.168333 13.476228 14.723149 15.868113 16.870953 17.694640 18.307544 18.685449 18.813146 18.685449 18.307544 17.694640 16.870953 15.868113 14.723149 13.476228 12.168333 10.839075 9.524791 8.257052 7.061638 5.958017 4.959288 4.072527 3.299453 2.637302 2.079815 1.618243 1.242295 0.940970 0.703243 0.518588 0.377343 0.270929 0.191951 0.134199 0.092586 0.063036 0.042354 0.028084 0.018379 0.011870 0.007567 0.004761 0.002956 0.001812 0.001096 0.000655 0.000386 0.000225 0.000129 0.000073 0.000041 0.000023 0.000013 0.000008 0.000005 0.000005 
0.000004 0.000004 0.000005 0.000009 0.000016 0.000029 0.000053 0.000095 0.000167 0.000291 0.000499 0.000846 0.001416 0.002340 0.003816 0.006142 0.009760 0.015306 0.023692 0.036193 0.054567 0.081192 0.119223 0.172765 0.247053 0.348623 0.485445 0.667013 0.904334 1.209803 1.596918 2.079815 2.672591 3.388431 4.238533 5.230898 6.369044 7.650736 9.066870 10.600623 12.227009 13.912952 15.617965 17.295453 18.894635 20.362975 21.648993 22.705231 23.491153 23.975729 24.139470 23.975729 23.491153 22.705231 21.648993 20.362975 18.894635 17.295453 15.617965 13.912952 12.227009 10.600623 9.066870 7.650736 6.369044 5.230898 4.238533 3.388431 2.672591 2.079815 1.596918 1.209803 0.904334 0.667013 0.485445 0.348623 0.247053 0.172765 0.119223 0.081192 0.054567 0.036193 0.023692 0.015306 0.009760 0.006142 0.003816 0.002340 0.001416 0.000846 0.000499 0.000291 0.000167 0.000095 0.000053 0.000030 0.000017 0.000010 0.000007 0.000007 
0.000005 0.000005 0.000007 0.000011 0.000021 0.000038 0.000068 0.000121 0.000213 0.000370 0.000636 0.001078 0.001804 0.002980 0.004858 0.007818 0.012418 0.019469 0.030127 0.046012 0.069354 0.103167 0.151454 0.219420 0.313699 0.442571 0.616135 0.846414 1.147344 1.534613 2.025306 2.637302 3.388431 4.295358 5.372229 6.629140 8.070507 9.693469 11.486469 13.428188 15.486983 17.620987 19.778960 21.901950 23.925714 25.783803 27.411104 28.747600 29.742029 30.355155 30.562331 30.355155 29.742029 28.747600 27.411104 25.783803 23.925714 21.901950 19.778960 17.620987 15.486983 13.428188 11.486469 9.693469 8.070507 6.629140 5.372229 4.295358 3.388431 2.637302 2.025306 1.534613 1.147344 0.846414 0.616135 0.442571 0.313699 0.219420 0.151454 0.103167 0.069354 0.046012 0.030127 0.019469 0.012418 0.007818 0.004858 0.002980 0.001804 0.001078 0.000636 0.000370 0.000213 0.000121 0.000068 0.000038 0.000021 0.000013 0.000009 0.000009 
0.000006 0.000006 0.000008 0.000014 0.000026 0.000047 0.000085 0.000152 0.000268 0.000466 0.000800 0.001355 0.002267 0.003743 0.006100 0.009815 0.015586 0.024429 0.037792 0.057704 0.086955 0.129320 0.189805 0.274918 0.392960 0.554280 0.771501 1.059645 1.436124 1.920534 2.534203 3.299453 4.238533 5.372229 6.718177 8.288947 10.090014 12.117762 14.357722 16.783236 19.354767 22.020020 24.715012 27.366142 29.893217 32.213300 34.245129 35.913808 37.155370 37.920855 38.179512 37.920855 37.155370 35.913808 34.245129 32.213300 29.893217 27.366142 24.715012 22.020020 19.354767 16.783236 14.357722 12.117762 10.090014 8.288947 6.718177 5.372229 4.238533 3.299453 2.534203 1.920534 1.436124 1.059645 0.771501 0.554280 0.392960 0.274918 0.189805 0.129320 0.086955 0.057704 0.037792 0.024429 0.015586 0.009815 0.006100 0.003743 0.002267 0.001355 0.000800 0.000466 0.000268 0.000152 0.000086 0.000048 0.000027 0.000016 0.000011 0.000011 
0.000007 0.000007 0.000011 0.000018 0.000032 0.000059 0.000106 0.000189 0.000333 0.000578 0.000992 0.001680 0.002809 0.004637 0.007556 0.012154 0.019295 0.030236 0.046765 0.071386 0.107549 0.159912 0.234653 0.339808 0.485613 0.684837 0.953046 1.308761 1.773444 2.371245 3.128441 4.072527 5.230898 6.629140 8.288947 10.225767 12.446296 14.946032 17.707101 20.696617 23.865837 27.150311 30.471204 33.737848 36.851469 39.709921 42.213136 44.268886 45.798410 46.741423 47.060064 46.741423 45.798410 44.268886 42.213136 39.709921 36.851469 33.737848 30.471204 27.150311 23.865837 20.696617 17.707101 14.946032 12.446296 10.225767 8.288947 6.629140 5.230898 4.072527 3.128441 2.371245 1.773444 1.308761 0.953046 0.684837 0.485613 0.339808 0.234653 0.159912 0.107549 0.071386 0.046765 0.030236 0.019295 0.012154 0.007556 0.004637 0.002809 0.001680 0.000992 0.000578 0.000333 0.000189 0.000106 0.000059 0.000033 0.000020 0.000014 0.000014 
0.000009 0.000009 0.000013 0.000022 0.000040 0.000072 0.000130 0.000231 0.000407 0.000707 0.001213 0.002054 0.003434 0.005667 0.009232 0.014846 0.023563 0.036915 0.057082 0.087116 0.131218 0.195064 0.286177 0.414341 0.592015 0.834739 1.161453 1.594688 2.160545 2.888389 3.810165 4.959288 6.369044 8.070507 10.090014 12.446296 15.147441 18.187922 21.545954 25.181513 29.035307 33.028964 37.066644 41.038138 44.823400 48.298302 51.341248 53.840176 55.699395 56.845661 57.232978 56.845661 55.699395 53.840176 51.341248 48.298302 44.823400 41.038138 37.066644 33.028964 29.035307 25.181513 21.545954 18.187922 15.147441 12.446296 10.090014 8.070507 6.369044 4.959288 3.810165 2.888389 2.160545 1.594688 1.161453 0.834739 0.592015 0.414341 0.286177 0.195064 0.131218 0.087116 0.057082 0.036915 0.023563 0.014846 0.009232 0.005667 0.003434 0.002054 0.001213 0.000707 0.000407 0.000231 0.000130 0.000073 0.000041 0.000024 0.000017 0.000017 
0.000011 0.000011 0.000016 0.000027 0.000048 0.000087 0.000157 0.000279 0.000491 0.000853 0.001463 0.002477 0.004140 0.006831 0.011126 0.017886 0.028383 0.044456 0.068727 0.104867 0.157925 0.234720 0.344292 0.498390 0.711982 1.003722 1.396349 1.916904 2.596709 3.470991 4.578070 5.958017 7.650736 9.693469 12.117762 14.946032 18.187922 21.836737 25.866291 30.228522 34.852268 39.643501 44.487258 49.251360 53.791852 57.959894 61.609695 64.606905 66.836803 68.211587 68.676115 68.211587 66.836803 64.606905 61.609695 57.959894 53.791852 49.251360 44.487258 39.643501 34.852268 30.228522 25.866291 21.836737 18.187922 14.946032 12.117762 9.693469 7.650736 5.958017 4.578070 3.470991 2.596709 1.916904 1.396349 1.003722 0.711982 0.498390 0.344292 0.234720 0.157925 0.104867 0.068727 0.044456 0.028383 0.017886 0.011126 0.006831 0.004140 0.002477 0.001463 0.000853 0.000491 0.000279 0.000157 0.000088 0.000049 0.000029 0.000021 0.000021 
0.000013 0.000013 0.000019 0.000032 0.000057 0.000104 0.000187 0.000332 0.000585 0.001015 0.001741 0.002947 0.004924 0.008122 0.013224 0.021255 0.033722 0.052808 0.081624 0.124521 0.187487 0.278608 0.408596 0.591376 0.844681 1.190610 1.656093 2.273152 3.078869 4.114946 5.426731 7.061638 9.066870 11.486469 14.357722 17.707101 21.545954 25.866291 30.637054 35.801305 41.274780 46.946171 52.679415 58.318099 63.691890 68.624693 72.944033 76.490980 79.129829 80.756719 81.306430 80.756719 79.129829 76.490980 72.944033 68.624693 63.691890 58.318099 52.679415 46.946171 41.274780 35.801305 30.637054 25.866291 21.545954 17.707101 14.357722 11.486469 9.066870 7.061638 5.426731 4.114946 3.078869 2.273152 1.656093 1.190610 0.844681 0.591376 0.408596 0.278608 0.187487 0.124521 0.081624 0.052808 0.033722 0.021255 0.013224 0.008122 0.004924 0.002947 0.001741 0.001015 0.000585 0.000333 0.000187 0.000105 0.000059 0.000035 0.000025 0.000025 
0.000015 0.000015 0.000022 0.000037 0.000067 0.000122 0.000219 0.000390 0.000686 0.001192 0.002043 0.003457 0.005775 0.009523 0.015504 0.024914 0.039519 0.061875 0.095620 0.145847 0.219560 0.326213 0.478335 0.692206 0.988551 1.393200 1.937620 2.659222 3.601324 4.812627 6.346085 8.257052 10.600623 13.428188 16.783236 20.696617 25.181513 30.228522 35.801305 41.833315 48.226108 54.849682 61.545150 68.129888 74.405039 80.165037 85.208556 89.350087 92.431241 94.330799 94.972636 94.330799 92.431241 89.350087 85.208556 80.165037 74.405039 68.129888 61.545150 54.849682 48.226108 41.833315 35.801305 30.228522 25.181513 20.696617 16.783236 13.428188 10.600623 8.257052 6.346085 4.812627 3.601324 2.659222 1.937620 1.393200 0.988551 0.692206 0.478335 0.326213 0.219560 0.145847 0.095620 0.061875 0.039519 0.024914 0.015504 0.009523 0.005775 0.003457 0.002043 0.001192 0.000686 0.000391 0.000220 0.000123 0.000069 0.000041 0.000029 0.000029 
0.000018 0.000018 0.000025 0.000043 0.000078 0.000141 0.000254 0.000452 0.000795 0.001379 0.002364 0.003999 0.006680 0.011014 0.017927 0.028803 0.045680 0.071509 0.110489 0.168500 0.253622 0.376764 0.552379 0.799242 1.141255 1.608201 2.236353 3.068836 4.155572 5.552678 7.321165 9.524791 12.227009 15.486983 19.354767 23.865837 29.035307 34.852268 41.274780 48.226108 55.592784 63.225001 70.939700 78.526496 85.756330 92.392429 98.202921 102.974161 106.523739 108.712062 109.451466 108.712062 106.523739 102.974161 98.202921 92.392429 85.756330 78.526496 70.939700 63.225001 55.592784 48.226108 41.274780 34.852268 29.035307 23.865837 19.354767 15.486983 12.227009 9.524791 7.321165 5.552678 4.155572 3.068836 2.236353 1.608201 1.141255 0.799242 0.552379 0.376764 0.253622 0.168500 0.110489 0.071509 0.045680 0.028803 0.017927 0.011014 0.006680 0.003999 0.002364 0.001379 0.000795 0.000452 0.000255 0.000142 0.000080 0.000048 0.000034 0.000034 
0.000020 0.000020 0.000029 0.000049 0.000089 0.000161 0.000290 0.000516 0.000907 0.001574 0.002698 0.004563 0.007621 0.012563 0.020445 0.032844 0.052080 0.081514 0.125929 0.192019 0.288981 0.429233 0.629220 0.910308 1.299689 1.831239 2.546218 3.493665 4.730343 6.320052 8.332142 10.839075 13.912952 17.620987 22.020020 27.150311 33.028964 39.643501 46.946171 54.849682 63.225001 71.901810 80.672020 89.296503 97.514928 105.058220 111.662883 117.086148 121.120747 123.608061 124.448486 123.608061 121.120747 117.086148 111.662883 105.058220 97.514928 89.296503 80.672020 71.901810 63.225001 54.849682 46.946171 39.643501 33.028964 27.150311 22.020020 17.620987 13.912952 10.839075 8.332142 6.320052 4.730343 3.493665 2.546218 1.831239 1.299689 0.910308 0.629220 0.429233 0.288981 0.192019 0.125929 0.081514 0.052080 0.032844 0.020445 0.012563 0.007621 0.004563 0.002698 0.001574 0.000907 0.000516 0.000291 0.000163 0.000092 0.000055 0.000039 0.000039 
0.000023 0.000023 0.000033 0.000056 0.000100 0.000182 0.000327 0.000581 0.001021 0.001772 0.003036 0.005135 0.008574 0.014133 0.022997 0.036938 0.058563 0.091649 0.141569 0.215837 0.324786 0.482356 0.707010 1.022732 1.460039 2.056951 2.859763 3.923494 5.311821 7.096307 9.354725 12.168333 15.617965 19.778960 24.715012 30.471204 37.066644 44.487258 52.679415 61.545150 70.939700 80.672020 90.508728 100.181664 109.398906 117.858750 125.265760 131.347751 135.872346 138.661718 139.604200 138.661718 135.872346 131.347751 125.265760 117.858750 109.398906 100.181664 90.508728 80.672020 70.939700 61.545150 52.679415 44.487258 37.066644 30.471204 24.715012 19.778960 15.617965 12.168333 9.354725 7.096307 5.311821 3.923494 2.859763 2.056951 1.460039 1.022732 0.707010 0.482356 0.324786 0.215837 0.141569 0.091649 0.058563 0.036938 0.022997 0.014133 0.008574 0.005135 0.003036 0.001772 0.001022 0.000582 0.000327 0.000183 0.000103 0.000061 0.000044 0.000044 
