0.000000 0.000000 0.000000 0.000000 0.000000 0.000000 0.000000 0.000000 0.000000 0.000000 0.000000 0.000001 0.000001 0.000001 0.000002 0.000002 0.000004 0.000005 0.000007 0.000010 0.000013 0.000018 0.000024 0.000032 0.000042 0.000055 0.000071 0.000091 0.000115 0.000144 0.000178 0.000218 0.000264 0.000317 0.000376 0.000442 0.000514 0.000591 0.000674 0.000759 0.000847 0.000935 0.001022 0.001105 0.001183 0.001252 0.001313 0.001361 0.001397 0.001419 0.001427 0.001419 0.001397 0.001361 0.001313 0.001252 0.001183 0.001105 0.001022 0.000935 0.000847 0.000759 0.000674 0.000591 0.000514 0.000442 0.000376 0.000317 0.000264 0.000218 0.000178 0.000144 0.000115 0.000091 0.000071 0.000055 0.000042 0.000032 0.000024 0.000018 0.000013 0.000010 0.000007 0.000005 0.000004 0.000002 0.000002 0.000001 0.000001 0.000001 0.000000 0.000000 0.000000 0.000000 0.000000 0.000000 0.000000 0.000000 0.000000 0.000000 
0.000000 0.000000 0.000000 0.000000 0.000000 0.000000 0.000000 0.000000 0.000000 0.000000 0.000000 0.000001 0.000001 0.000001 0.000002 0.000002 0.000004 0.000005 0.000007 0.000010 0.000013 0.000018 0.000024 0.000032 0.000042 0.000055 0.000071 0.000091 0.000115 0.000144 0.000178 0.000218 0.000264 0.000317 0.000376 0.000442 0.000514 0.000591 0.000674 0.000759 0.000847 0.000935 0.001022 0.001105 0.001183 0.001252 0.001313 0.001361 0.001397 0.001419 0.001427 0.001419 0.001397 0.001361 0.001313 0.001252 0.001183 0.001105 0.001022 0.000935 0.000847 0.000759 0.000674 0.000591 0.000514 0.000442 0.000376 0.000317 0.000264 0.000218 0.000178 0.000144 0.000115 0.000091 0.000071 0.000055 0.000042 0.000032 0.000024 0.000018 0.000013 0.000010 0.000007 0.000005 0.000004 0.000002 0.000002 0.000001 0.000001 0.000001 0.000000 0.000000 0.000000 0.000000 0.000000 0.000000 0.000000 0.000000 0.000000 0.000000 
0.000000 0.000000 0.000000 0.000000 0.000000 0.000000 0.000000 0.000000 0.000000 0.000000 0.000000 0.000001 0.000001 0.000001 0.000002 0.000003 0.000004 0.000006 0.000009 0.000012 0.000016 0.000022 0.000030 0.000040 0.000053 0.000069 0.000088 0.000113 0.000143 0.000178 0.000221 0.000270 0.000327 0.000393 0.000466 0.000548 0.000637 0.000733 0.000835 0.000941 0.001050 0.001159 0.001266 0.001369 0.001465 0.001551 0.001626 0.001686 0.001731 0.001758 0.001767 0.001758 0.001731 0.001686 0.001626 0.001551 0.001465 0.001369 0.001266 0.001159 0.001050 0.000941 0.000835 0.000733 0.000637 0.000548 0.000466 0.000393 0.000327 0.000270 0.000221 0.000178 0.000143 0.000113 0.000088 0.000069 0.000053 0.000040 0.000030 0.000022 0.000016 0.000012 0.000009 0.000006 0.000004 0.000003 0.000002 0.000001 0.000001 0.000001 0.000000 0.000000 0.000000 0.000000 0.000000 0.000000 0.000000 0.000000 0.000000 0.000000 
0.000000 0.000000 0.000000 0.000000 0.000000 0.000000 0.000000 0.000000 0.000000 0.000000 0.000001 0.000001 0.000001 0.000002 0.000003 0.000004 0.000006 0.000009 0.000012 0.000017 0.000024 0.000032 0.000043 0.000057 0.000075 0.000098 0.000126 0.000161 0.000203 0.000254 0.000315 0.000385 0.000467 0.000560 0.000664 0.000780 0.000907 0.001044 0.001189 0.001340 0.001495 0.001650 0.001802 0.001949 0.002085 0.002208 0.002314 0.002400 0.002463 0.002502 0.002515 0.002502 0.002463 0.002400 0.002314 0.002208 0.002085 0.001949 0.001802 0.001650 0.001495 0.001340 0.001189 0.001044 0.000907 0.000780 0.000664 0.000560 0.000467 0.000385 0.000315 0.000254 0.000203 0.000161 0.000126 0.000098 0.000075 0.000057 0.000043 0.000032 0.000024 0.000017 0.000012 0.000009 0.000006 0.000004 0.000003 0.000002 0.000001 0.000001 0.000001 0.000000 0.000000 0.000000 0.000000 0.000000 0.000000 0.000000 0.000000 0.000000 
0.000000 0.000000 0.000000 0.000000 0.000000 0.000000 0.000000 0.000000 0.000000 0.000001 0.000001 0.000001 0.000002 0.000003 0.000005 0.000007 0.000010 0.000014 0.000019 0.000026 0.000036 0.000049 0.000065 0.000087 0.000115 0.000149 0.000192 0.000245 0.000309 0.000387 0.000478 0.000585 0.000709 0.000850 0.001009 0.001185 0.001378 0.001585 0.001805 0.002034 0.002268 0.002503 0.002734 0.002956 0.003163 0.003349 0.003509 0.003639 0.003735 0.003794 0.003813 0.003794 0.003735 0.003639 0.003509 0.003349 0.003163 0.002956 0.002734 0.002503 0.002268 0.002034 0.001805 0.001585 0.001378 0.001185 0.001009 0.000850 0.000709 0.000585 0.000478 0.000387 0.000309 0.000245 0.000192 0.000149 0.000115 0.000087 0.000065 0.000049 0.000036 0.000026 0.000019 0.000014 0.000010 0.000007 0.000005 0.000003 0.000002 0.000001 0.000001 0.000001 0.000000 0.000000 0.000000 0.000000 0.000000 0.000000 0.000000 0.000000 
0.000000 0.000000 0.000000 0.000000 0.000000 0.000000 0.000000 0.000000 0.000001 0.000001 0.000002 0.000002 0.000003 0.000005 0.000007 0.000010 0.000015 0.000021 0.000030 0.000041 0.000056 0.000076 0.000102 0.000135 0.000178 0.000232 0.000298 0.000381 0.000480 0.000600 0.000742 0.000908 0.001100 0.001319 0.001565 0.001837 0.002136 0.002457 0.002797 0.003151 0.003514 0.003878 0.004236 0.004579 0.004899 0.005186 0.005435 0.005636 0.005784 0.005875 0.005905 0.005875 0.005784 0.005636 0.005435 0.005186 0.004899 0.004579 0.004236 0.003878 0.003514 0.003151 0.002797 0.002457 0.002136 0.001837 0.001565 0.001319 0.001100 0.000908 0.000742 0.000600 0.000480 0.000381 0.000298 0.000232 0.000178 0.000135 0.000102 0.000076 0.000056 0.000041 0.000030 0.000021 0.000015 0.000010 0.000007 0.000005 0.000003 0.000002 0.000002 0.000001 0.000001 0.000000 0.000000 0.000000 0.000000 0.000000 0.000000 0.000000 
0.000000 0.000000 0.000000 0.000000 0.000000 0.000000 0.000000 0.000001 0.000001 0.000002 0.000002 0.000004 0.000005 0.000008 0.000011 0.000016 0.000023 0.000033 0.000046 0.000064 0.000087 0.000118 0.000159 0.000211 0.000277 0.000361 0.000464 0.000592 0.000747 0.000933 0.001154 0.001412 0.001710 0.002049 0.002431 0.002855 0.003318 0.003816 0.004344 0.004894 0.005456 0.006021 0.006576 0.007108 0.007604 0.008050 0.008435 0.008747 0.008977 0.009118 0.009165 0.009118 0.008977 0.008747 0.008435 0.008050 0.007604 0.007108 0.006576 0.006021 0.005456 0.004894 0.004344 0.003816 0.003318 0.002855 0.002431 0.002049 0.001710 0.001412 0.001154 0.000933 0.000747 0.000592 0.000464 0.000361 0.000277 0.000211 0.000159 0.000118 0.000087 0.000064 0.000046 0.000033 0.000023 0.000016 0.000011 0.000008 0.000005 0.000004 0.000002 0.000002 0.000001 0.000001 0.000000 0.000000 0.000000 0.000000 0.000000 0.000000 
0.000000 0.000000 0.000000 0.000000 0.000000 0.000000 0.000001 0.000001 0.000002 0.000002 0.000004 0.000006 0.000008 0.000012 0.000018 0.000025 0.000036 0.000051 0.000071 0.000099 0.000135 0.000183 0.000246 0.000326 0.000429 0.000558 0.000719 0.000916 0.001156 0.001444 0.001785 0.002183 0.002644 0.003168 0.003758 0.004412 0.005127 0.005896 0.006710 0.007559 0.008428 0.009299 0.010156 0.010976 0.011741 0.012430 0.013023 0.013505 0.013859 0.014076 0.014150 0.014076 0.013859 0.013505 0.013023 0.012430 0.011741 0.010976 0.010156 0.009299 0.008428 0.007559 0.006710 0.005896 0.005127 0.004412 0.003758 0.003168 0.002644 0.002183 0.001785 0.001444 0.001156 0.000916 0.000719 0.000558 0.000429 0.000326 0.000246 0.000183 0.000135 0.000099 0.000071 0.000051 0.000036 0.000025 0.000018 0.000012 0.000008 0.000006 0.000004 0.000002 0.000002 0.000001 0.000001 0.000000 0.000000 0.000000 0.000000 0.000000 
0.000000 0.000000 0.000000 0.000000 0.000000 0.000001 0.000001 0.000002 0.000002 0.000004 0.000006 0.000009 0.000013 0.000019 0.000027 0.000039 0.000056 0.000079 0.000110 0.000152 0.000208 0.000282 0.000378 0.000502 0.000659 0.000857 0.001104 0.001407 0.001774 0.002216 0.002738 0.003349 0.004054 0.004858 0.005762 0.006763 0.007858 0.009035 0.010283 0.011582 0.012912 0.014246 0.015556 0.016812 0.017983 0.019037 0.019945 0.020681 0.021224 0.021556 0.021668 0.021556 0.021224 0.020681 0.019945 0.019037 0.017983 0.016812 0.015556 0.014246 0.012912 0.011582 0.010283 0.009035 0.007858 0.006763 0.005762 0.004858 0.004054 0.003349 0.002738 0.002216 0.001774 0.001407 0.001104 0.000857 0.000659 0.000502 0.000378 0.000282 0.000208 0.000152 0.000110 0.000079 0.000056 0.000039 0.000027 0.000019 0.000013 0.000009 0.000006 0.000004 0.000002 0.000002 0.000001 0.000001 0.000000 0.000000 0.000000 0.000000 
0.000000 0.000000 0.000000 0.000000 0.000001 0.000001 0.000002 0.000002 0.000004 0.000006 0.000009 0.000013 0.000019 0.000029 0.000041 0.000060 0.000085 0.000120 0.000167 0.000231 0.000317 0.000429 0.000575 0.000763 0.001003 0.001304 0.001679 0.002139 0.002698 0.003368 0.004162 0.005089 0.006160 0.007381 0.008752 0.010272 0.011933 0.013720 0.015612 0.017583 0.019600 0.021624 0.023611 0.025516 0.027291 0.028889 0.030266 0.031382 0.032205 0.032708 0.032878 0.032708 0.032205 0.031382 0.030266 0.028889 0.027291 0.025516 0.023611 0.021624 0.019600 0.017583 0.015612 0.013720 0.011933 0.010272 0.008752 0.007381 0.006160 0.005089 0.004162 0.003368 0.002698 0.002139 0.001679 0.001304 0.001003 0.000763 0.000575 0.000429 0.000317 0.000231 0.000167 0.000120 0.000085 0.000060 0.000041 0.000029 0.000019 0.000013 0.000009 0.000006 0.000004 0.000002 0.000002 0.000001 0.000001 0.000000 0.000000 0.000000 
0.000000 0.000000 0.000000 0.000001 0.000001 0.000002 0.000002 0.000004 0.000006 0.000009 0.000013 0.000020 0.000029 0.000043 0.000063 0.000090 0.000128 0.000181 0.000253 0.000349 0.000478 0.000647 0.000867 0.001151 0.001512 0.001966 0.002530 0.003222 0.004063 0.005071 0.006265 0.007660 0.009271 0.011106 0.013167 0.015452 0.017948 0.020633 0.023477 0.026438 0.029468 0.032508 0.035493 0.038354 0.041020 0.043420 0.045488 0.047164 0.048399 0.049156 0.049410 0.049156 0.048399 0.047164 0.045488 0.043420 0.041020 0.038354 0.035493 0.032508 0.029468 0.026438 0.023477 0.020633 0.017948 0.015452 0.013167 0.011106 0.009271 0.007660 0.006265 0.005071 0.004063 0.003222 0.002530 0.001966 0.001512 0.001151 0.000867 0.000647 0.000478 0.000349 0.000253 0.000181 0.000128 0.000090 0.000063 0.000043 0.000029 0.000020 0.000013 0.000009 0.000006 0.000004 0.000002 0.000002 0.000001 0.000001 0.000001 0.000001 
0.000001 0.000001 0.000001 0.000001 0.000001 0.000002 0.000004 0.000006 0.000009 0.000013 0.000020 0.000030 0.000044 0.000064 0.000094 0.000135 0.000192 0.000271 0.000378 0.000522 0.000714 0.000966 0.001295 0.001718 0.002256 0.002933 0.003773 0.004806 0.006059 0.007561 0.009339 0.011417 0.013815 0.016547 0.019617 0.023018 0.026732 0.030728 0.034959 0.039366 0.043873 0.048395 0.052835 0.057091 0.061056 0.064625 0.067700 0.070193 0.072030 0.073155 0.073534 0.073155 0.072030 0.070193 0.067700 0.064625 0.061056 0.057091 0.052835 0.048395 0.043873 0.039366 0.034959 0.030728 0.026732 0.023018 0.019617 0.016547 0.013815 0.011417 0.009339 0.007561 0.006059 0.004806 0.003773 0.002933 0.002256 0.001718 0.001295 0.000966 0.000714 0.000522 0.000378 0.000271 0.000192 0.000135 0.000094 0.000064 0.000044 0.000030 0.000020 0.000013 0.000009 0.000006 0.000004 0.000002 0.000002 0.000001 0.000001 0.000001 
0.000001 0.000001 0.000001 0.000001 0.000002 0.000003 0.000005 0.000008 0.000013 0.000019 0.000029 0.000044 0.000065 0.000096 0.000139 0.000200 0.000284 0.000401 0.000559 0.000772 0.001055 0.001429 0.001914 0.002539 0.003334 0.004332 0.005574 0.007097 0.008946 0.011161 0.013784 0.016849 0.020386 0.024413 0.028938 0.033951 0.039425 0.045313 0.051548 0.058040 0.064680 0.071341 0.077881 0.084149 0.089988 0.095244 0.099773 0.103444 0.106149 0.107806 0.108364 0.107806 0.106149 0.103444 0.099773 0.095244 0.089988 0.084149 0.077881 0.071341 0.064680 0.058040 0.051548 0.045313 0.039425 0.033951 0.028938 0.024413 0.020386 0.016849 0.013784 0.011161 0.008946 0.007097 0.005574 0.004332 0.003334 0.002539 0.001914 0.001429 0.001055 0.000772 0.000559 0.000401 0.000284 0.000200 0.000139 0.000096 0.000065 0.000044 0.000029 0.000019 0.000013 0.000008 0.000005 0.000003 0.000002 0.000002 0.000001 0.000001 
0.000001 0.000001 0.000001 0.000002 0.000003 0.000005 0.000008 0.000012 0.000019 0.000029 0.000043 0.000064 0.000096 0.000140 0.000204 0.000293 0.000417 0.000587 0.000819 0.001131 0.001546 0.002092 0.002802 0.003715 0.004877 0.006337 0.008151 0.010378 0.013078 0.016315 0.020144 0.024620 0.029784 0.035663 0.042268 0.049584 0.057572 0.066163 0.075259 0.084730 0.094416 0.104132 0.113671 0.122811 0.131327 0.138992 0.145596 0.150949 0.154893 0.157308 0.158122 0.157308 0.154893 0.150949 0.145596 0.138992 0.131327 0.122811 0.113671 0.104132 0.094416 0.084730 0.075259 0.066163 0.057572 0.049584 0.042268 0.035663 0.029784 0.024620 0.020144 0.016315 0.013078 0.010378 0.008151 0.006337 0.004877 0.003715 0.002802 0.002092 0.001546 0.001131 0.000819 0.000587 0.000417 0.000293 0.000204 0.000140 0.000096 0.000064 0.000043 0.000029 0.000019 0.000012 0.000008 0.000005 0.000003 0.000002 0.000002 0.000002 
0.000002 0.000002 0.000002 0.000003 0.000005 0.000007 0.000011 0.000018 0.000027 0.000041 0.000063 0.000094 0.000139 0.000204 0.000295 0.000425 0.000604 0.000851 0.001187 0.001639 0.002241 0.003032 0.004060 0.005383 0.007065 0.009178 0.011803 0.015024 0.018931 0.023611 0.029149 0.035620 0.043085 0.051583 0.061128 0.071700 0.083242 0.095655 0.108795 0.122475 0.136465 0.150497 0.164273 0.177472 0.189768 0.200836 0.210371 0.218100 0.223794 0.227281 0.228456 0.227281 0.223794 0.218100 0.210371 0.200836 0.189768 0.177472 0.164273 0.150497 0.136465 0.122475 0.108795 0.095655 0.083242 0.071700 0.061128 0.051583 0.043085 0.035620 0.029149 0.023611 0.018931 0.015024 0.011803 0.009178 0.007065 0.005383 0.004060 0.003032 0.002241 0.001639 0.001187 0.000851 0.000604 0.000425 0.000295 0.000204 0.000139 0.000094 0.000063 0.000041 0.000027 0.000018 0.000011 0.000007 0.000005 0.000003 0.000003 0.000003 
0.000002 0.000002 0.000003 0.000004 0.000007 0.000010 0.000016 0.000025 0.000039 0.000060 0.000090 0.000135 0.000200 0.000293 0.000425 0.000610 0.000868 0.001223 0.001705 0.002354 0.003216 0.004350 0.005825 0.007721 0.010132 0.013160 0.016920 0.021535 0.027130 0.033832 0.041761 0.051025 0.061710 0.073872 0.087530 0.102657 0.119169 0.136926 0.155721 0.175287 0.195294 0.215360 0.235058 0.253931 0.271511 0.287335 0.300967 0.312016 0.320155 0.325141 0.326820 0.325141 0.320155 0.312016 0.300967 0.287335 0.271511 0.253931 0.235058 0.215360 0.195294 0.175287 0.155721 0.136926 0.119169 0.102657 0.087530 0.073872 0.061710 0.051025 0.041761 0.033832 0.027130 0.021535 0.016920 0.013160 0.010132 0.007721 0.005825 0.004350 0.003216 0.002354 0.001705 0.001223 0.000868 0.000610 0.000425 0.000293 0.000200 0.000135 0.000090 0.000060 0.000039 0.000025 0.000016 0.000011 0.000007 0.000005 0.000004 0.000004 
0.000004 0.000004 0.000004 0.000006 0.000010 0.000015 0.000023 0.000036 0.000056 0.000085 0.000128 0.000192 0.000284 0.000417 0.000604 0.000868 0.001235 0.001739 0.002424 0.003345 0.004570 0.006180 0.008274 0.010965 0.014386 0.018682 0.024016 0.030560 0.038494 0.047997 0.059237 0.072367 0.087509 0.104743 0.124095 0.145524 0.168914 0.194064 0.220683 0.248390 0.276721 0.305132 0.333020 0.359739 0.384627 0.407027 0.426324 0.441963 0.453485 0.460541 0.462918 0.460541 0.453485 0.441963 0.426324 0.407027 0.384627 0.359739 0.333020 0.305132 0.276721 0.248390 0.220683 0.194064 0.168914 0.145524 0.124095 0.104743 0.087509 0.072367 0.059237 0.047997 0.038494 0.030560 0.024016 0.018682 0.014386 0.010965 0.008274 0.006180 0.004570 0.003345 0.002424 0.001739 0.001235 0.000868 0.000604 0.000417 0.000284 0.000192 0.000128 0.000085 0.000056 0.000036 0.000024 0.000015 0.000010 0.000007 0.000006 0.000006 
0.000005 0.000005 0.000006 0.000009 0.000014 0.000021 0.000033 0.000051 0.000079 0.000120 0.000181 0.000271 0.000401 0.000587 0.000851 0.001223 0.001739 0.002448 0.003412 0.004707 0.006429 0.008693 0.011636 0.015417 0.020222 0.026257 0.033748 0.042938 0.054077 0.067415 0.083191 0.101618 0.122864 0.147043 0.174189 0.204247 0.237051 0.272320 0.309646 0.348496 0.388215 0.428045 0.467139 0.504593 0.539477 0.570875 0.597920 0.619839 0.635986 0.645876 0.649207 0.645876 0.635986 0.619839 0.597920 0.570875 0.539477 0.504593 0.467139 0.428045 0.388215 0.348496 0.309646 0.272320 0.237051 0.204247 0.174189 0.147043 0.122864 0.101618 0.083191 0.067415 0.054077 0.042938 0.033748 0.026257 0.020222 0.015417 0.011636 0.008693 0.006429 0.004707 0.003412 0.002448 0.001739 0.001223 0.000851 0.000587 0.000401 0.000271 0.000181 0.000120 0.000079 0.000051 0.000033 0.000022 0.000014 0.000010 0.000008 0.000008 
0.000007 0.000007 0.000009 0.000012 0.000019 0.000030 0.000046 0.000071 0.000110 0.000167 0.000253 0.000378 0.000559 0.000819 0.001187 0.001705 0.002424 0.003412 0.004754 0.006557 0.008954 0.012105 0.016199 0.021460 0.028144 0.036536 0.046952 0.059727 0.075211 0.093748 0.115671 0.141272 0.170789 0.204374 0.242078 0.283820 0.329373 0.378343 0.430165 0.484097 0.539234 0.594519 0.648780 0.700762 0.749175 0.792747 0.830278 0.860694 0.883101 0.896825 0.901447 0.896825 0.883101 0.860694 0.830278 0.792747 0.749175 0.700762 0.648780 0.594519 0.539234 0.484097 0.430165 0.378343 0.329373 0.283820 0.242078 0.204374 0.170789 0.141272 0.115671 0.093748 0.075211 0.059727 0.046952 0.036536 0.028144 0.021460 0.016199 0.012105 0.008954 0.006557 0.004754 0.003412 0.002424 0.001705 0.001187 0.000819 0.000559 0.000378 0.000253 0.000168 0.000110 0.000072 0.000046 0.000030 0.000020 0.000014 0.000011 0.000011 
0.000010 0.000010 0.000012 0.000017 0.000026 0.000041 0.000064 0.000099 0.000152 0.000231 0.000349 0.000522 0.000772 0.001131 0.001639 0.002354 0.003345 0.004707 0.006557 0.009043 0.012347 0.016687 0.022327 0.029574 0.038777 0.050332 0.064670 0.082254 0.103562 0.129069 0.159230 0.194447 0.235045 0.281234 0.333081 0.390476 0.453103 0.520423 0.591657 0.665787 0.741565 0.817544 0.892110 0.963541 1.030064 1.089933 1.141500 1.183290 1.214076 1.232930 1.239280 1.232930 1.214076 1.183290 1.141500 1.089933 1.030064 0.963541 0.892110 0.817544 0.741565 0.665787 0.591657 0.520423 0.453103 0.390476 0.333081 0.281234 0.235045 0.194447 0.159230 0.129069 0.103562 0.082254 0.064670 0.050332 0.038777 0.029574 0.022327 0.016687 0.012347 0.009043 0.006557 0.004707 0.003345 0.002354 0.001639 0.001131 0.000772 0.000522 0.000349 0.000232 0.000152 0.000099 0.000064 0.000042 0.000028 0.000020 0.000016 0.000016 
0.000013 0.000013 0.000016 0.000024 0.000036 0.000056 0.000087 0.000135 0.000208 0.000317 0.000478 0.000714 0.001055 0.001546 0.002241 0.003216 0.004570 0.006429 0.008954 0.012347 0.016853 0.022774 0.030466 0.040347 0.052893 0.068644 0.088185 0.112146 0.141177 0.175925 0.217007 0.264971 0.320255 0.383146 0.453734 0.531866 0.617114 0.708741 0.805686 0.906565 1.009681 1.113063 1.214517 1.311700 1.402202 1.483648 1.553797 1.610647 1.652524 1.678172 1.686810 1.678172 1.652524 1.610647 1.553797 1.483648 1.402202 1.311700 1.214517 1.113063 1.009681 0.906565 0.805686 0.708741 0.617114 0.531866 0.453734 0.383146 0.320255 0.264971 0.217007 0.175925 0.141177 0.112146 0.088185 0.068644 0.052893 0.040347 0.030466 0.022774 0.016853 0.012347 0.008954 0.006429 0.004570 0.003216 0.002241 0.001546 0.001056 0.000714 0.000478 0.000317 0.000208 0.000136 0.000088 0.000057 0.000038 0.000027 0.000022 0.000022 
0.000018 0.000018 0.000022 0.000032 0.000049 0.000076 0.000118 0.000183 0.000282 0.000429 0.000647 0.000966 0.001429 0.002092 0.003032 0.004350 0.006180 0.008693 0.012105 0.016687 0.022774 0.030770 0.041155 0.054493 0.071427 0.092682 0.119049 0.151374 0.190533 0.237398 0.292798 0.357470 0.432004 0.516785 0.611931 0.717236 0.832120 0.955591 1.086219 1.222136 1.361059 1.500330 1.636997 1.767903 1.889806 1.999507 2.093988 2.170555 2.226955 2.261498 2.273131 2.261498 2.226955 2.170555 2.093988 1.999507 1.889806 1.767903 1.636997 1.500330 1.361059 1.222136 1.086219 0.955591 0.832120 0.717236 0.611931 0.516785 0.432004 0.357470 0.292798 0.237398 0.190533 0.151374 0.119049 0.092682 0.071427 0.054493 0.041155 0.030770 0.022774 0.016687 0.012105 0.008693 0.006180 0.004350 0.003032 0.002092 0.001429 0.000966 0.000647 0.000429 0.000282 0.000184 0.000119 0.000077 0.000051 0.000036 0.000030 0.000030 
0.000024 0.000024 0.000030 0.000043 0.000065 0.000102 0.000159 0.000246 0.000378 0.000575 0.000867 0.001295 0.001914 0.002802 0.004060 0.005825 0.008274 0.011636 0.016199 0.022327 0.030466 0.041155 0.055037 0.072861 0.095489 0.123884 0.159105 0.202279 0.254572 0.317149 0.391112 0.477443 0.576929 0.690080 0.817051 0.957566 1.110850 1.275576 1.449837 1.631142 1.816443 2.002198 2.184470 2.359051 2.521617 2.667906 2.793897 2.895994 2.971201 3.017261 3.032772 3.017261 2.971201 2.895994 2.793897 2.667906 2.521617 2.359051 2.184470 2.002198 1.816443 1.631142 1.449837 1.275576 1.110850 0.957566 0.817051 0.690080 0.576929 0.477443 0.391112 0.317149 0.254572 0.202279 0.159105 0.123884 0.095489 0.072861 0.055037 0.041155 0.030466 0.022327 0.016199 0.011636 0.008274 0.005825 0.004060 0.002802 0.001914 0.001295 0.000867 0.000575 0.000378 0.000247 0.000160 0.000104 0.000069 0.000049 0.000040 0.000040 
0.000032 0.000032 0.000040 0.000057 0.000087 0.000135 0.000211 0.000326 0.000502 0.000763 0.001151 0.001718 0.002539 0.003715 0.005383 0.007721 0.010965 0.015417 0.021460 0.029574 0.040347 0.054493 0.072861 0.096443 0.126375 0.163932 0.210509 0.267595 0.336731 0.419450 0.517211 0.631306 0.762772 0.912279 1.080031 1.265661 1.468141 1.685718 1.915873 2.155314 2.400016 2.645305 2.885982 3.116492 3.331130 3.524270 3.690606 3.825395 3.924681 3.985487 4.005965 3.985487 3.924681 3.825395 3.690606 3.524270 3.331130 3.116492 2.885982 2.645305 2.400016 2.155314 1.915873 1.685718 1.468141 1.265661 1.080031 0.912279 0.762772 0.631306 0.517211 0.419450 0.336731 0.267595 0.210509 0.163932 0.126375 0.096443 0.072861 0.054493 0.040347 0.029574 0.021460 0.015417 0.010965 0.007721 0.005383 0.003715 0.002539 0.001718 0.001151 0.000764 0.000502 0.000327 0.000212 0.000138 0.000092 0.000065 0.000053 0.000053 
0.000042 0.000042 0.000053 0.000075 0.000115 0.000178 0.000277 0.000429 0.000659 0.001003 0.001512 0.002256 0.003334 0.004877 0.007065 0.010132 0.014386 0.020222 0.028144 0.038777 0.052893 0.071427 0.095489 0.126375 0.165573 0.214748 0.275726 0.350452 0.440940 0.549194 0.677117 0.826399 0.998389 1.193962 1.413382 1.656163 1.920961 2.205481 2.506427 2.819493 3.139420 3.460095 3.774726 4.076052 4.356620 4.609077 4.826492 5.002669 5.132439 5.211914 5.238678 5.211914 5.132439 5.002669 4.826492 4.609077 4.356620 4.076052 3.774726 3.460095 3.139420 2.819493 2.506427 2.205481 1.920961 1.656163 1.413382 1.193962 0.998389 0.826399 0.677117 0.549194 0.440940 0.350452 0.275726 0.214748 0.165573 0.126375 0.095489 0.071427 0.052893 0.038777 0.028144 0.020222 0.014386 0.010132 0.007065 0.004877 0.003334 0.002256 0.001512 0.001004 0.000660 0.000430 0.000279 0.000182 0.000121 0.000085 0.000069 0.000069 
0.000055 0.000055 0.000069 0.000098 0.000149 0.000232 0.000361 0.000558 0.000857 0.001304 0.001966 0.002933 0.004332 0.006337 0.009178 0.013160 0.018682 0.026257 0.036536 0.050332 0.068644 0.092682 0.123884 0.163932 0.214748 0.278491 0.357521 0.454359 0.571608 0.711860 0.877576 1.070941 1.293697 1.546975 1.831107 2.145465 2.488304 2.856649 3.246231 3.651479 4.065583 4.480634 4.887841 5.277812 5.640905 5.967608 6.248957 6.476935 6.644859 6.747699 6.782332 6.747699 6.644859 6.476935 6.248957 5.967608 5.640905 5.277812 4.887841 4.480634 4.065583 3.651479 3.246231 2.856649 2.488304 2.145465 1.831107 1.546975 1.293697 1.070941 0.877576 0.711860 0.571608 0.454359 0.357521 0.278491 0.214748 0.163932 0.123884 0.092682 0.068644 0.050332 0.036536 0.026257 0.018682 0.013160 0.009178 0.006337 0.004333 0.002933 0.001966 0.001305 0.000858 0.000560 0.000364 0.000237 0.000157 0.000111 0.000090 0.000090 
0.000071 0.000071 0.000088 0.000126 0.000192 0.000298 0.000464 0.000719 0.001104 0.001679 0.002530 0.003773 0.005574 0.008151 0.011803 0.016920 0.024016 0.033748 0.046952 0.064670 0.088185 0.119049 0.159105 0.210509 0.275726 0.357521 0.458922 0.583155 0.733555 0.913443 1.125969 1.373926 1.659547 1.984271 2.348523 2.751490 3.190932 3.663034 4.162322 4.681655 5.212307 5.744145 6.265908 6.765567 7.230770 7.649337 8.009787 8.301856 8.516983 8.648731 8.693098 8.648731 8.516983 8.301856 8.009787 7.649337 7.230770 6.765567 6.265908 5.744145 5.212307 4.681655 4.162322 3.663034 3.190932 2.751490 2.348523 1.984271 1.659547 1.373926 1.125969 0.913443 0.733555 0.583155 0.458922 0.357521 0.275726 0.210509 0.159105 0.119049 0.088185 0.064670 0.046952 0.033748 0.024016 0.016920 0.011803 0.008151 0.005574 0.003774 0.002530 0.001680 0.001105 0.000721 0.000468 0.000305 0.000203 0.000144 0.000117 0.000117 
0.000091 0.000091 0.000113 0.000161 0.000245 0.000381 0.000592 0.000916 0.001407 0.002139 0.003222 0.004806 0.007097 0.010378 0.015024 0.021535 0.030560 0.042938 0.059727 0.082254 0.112146 0.151374 0.202279 0.267595 0.350452 0.454359 0.583155 0.740933 0.931922 1.160333 1.430156 1.744934 2.107490 2.519647 2.981936 3.493320 4.050951 4.649984 5.283472 5.942354 6.615560 7.290238 7.952105 8.585908 9.175984 9.706890 10.164069 10.534510 10.807360 10.974455 11.030726 10.974455 10.807360 10.534510 10.164069 9.706890 9.175984 8.585908 7.952105 7.290238 6.615560 5.942354 5.283472 4.649984 4.050951 3.493320 2.981936 2.519647 2.107490 1.744934 1.430156 1.160333 0.931922 0.740933 0.583155 0.454359 0.350452 0.267595 0.202279 0.151374 0.112146 0.082254 0.059727 0.042938 0.030560 0.021535 0.015024 0.010378 0.007098 0.004806 0.003223 0.002140 0.001408 0.000919 0.000597 0.000389 0.000258 0.000183 0.000149 0.000149 
0.000115 0.000115 0.000143 0.000203 0.000309 0.000480 0.000747 0.001156 0.001774 0.002698 0.004063 0.006059 0.008946 0.013078 0.018931 0.027130 0.038494 0.054077 0.075211 0.103562 0.141177 0.190533 0.254572 0.336731 0.440940 0.571608 0.733555 0.931922 1.172019 1.459128 1.798261 2.193857 2.649458 3.167345 3.748177 4.390646 5.091167 5.843650 6.639364 7.466929 8.312441 9.159762 9.990959 10.786881 11.527866 12.194531 12.768603 13.233750 13.576352 13.786161 13.856817 13.786161 13.576352 13.233750 12.768603 12.194531 11.527866 10.786881 9.990959 9.159762 8.312441 7.466929 6.639364 5.843650 5.091167 4.390646 3.748177 3.167345 2.649458 2.193857 1.798261 1.459128 1.172019 0.931922 0.733555 0.571608 0.440940 0.336731 0.254572 0.190533 0.141177 0.103562 0.075211 0.054077 0.038494 0.027130 0.018931 0.013079 0.008946 0.006059 0.004064 0.002699 0.001777 0.001160 0.000753 0.000491 0.000326 0.000231 0.000188 0.000188 
0.000144 0.000144 0.000178 0.000254 0.000387 0.000600 0.000933 0.001444 0.002216 0.003368 0.005071 0.007561 0.011161 0.016315 0.023611 0.033832 0.047997 0.067415 0.093748 0.129069 0.175925 0.237398 0.317149 0.419450 0.549194 0.711860 0.913443 1.160333 1.459128 1.816396 2.238358 2.730531 3.297309 3.941520 4.663975 5.463037 6.334242 7.270011 8.259484 9.288507 10.339793 11.393283 12.426682 13.416189 14.337369 15.166133 15.879774 16.457997 16.883879 17.144687 17.232516 17.144687 16.883879 16.457997 15.879774 15.166133 14.337369 13.416189 12.426682 11.393283 10.339793 9.288507 8.259484 7.270011 6.334242 5.463037 4.663975 3.941520 3.297309 2.730531 2.238358 1.816396 1.459128 1.160333 0.913443 0.711860 0.549194 0.419450 0.317149 0.237398 0.175925 0.129069 0.093748 0.067415 0.047997 0.033832 0.023611 0.016315 0.011162 0.007561 0.005072 0.003370 0.002218 0.001448 0.000941 0.000613 0.000408 0.000289 0.000235 0.000235 
0.000178 0.000178 0.000221 0.000315 0.000478 0.000742 0.001154 0.001785 0.002738 0.004162 0.006265 0.009339 0.013784 0.020144 0.029149 0.041761 0.059237 0.083191 0.115671 0.159230 0.217007 0.292798 0.391112 0.517211 0.677117 0.877576 1.125969 1.430156 1.798261 2.238358 2.758103 3.364276 4.062278 4.855580 5.745169 6.729020 7.801627 8.953656 10.171731 11.438428 12.732470 14.029168 15.301088 16.518944 17.652671 18.672631 19.550891 20.262483 20.786589 21.107546 21.215631 21.107546 20.786589 20.262483 19.550891 18.672631 17.652671 16.518944 15.301088 14.029168 12.732470 11.438428 10.171731 8.953656 7.801627 6.729020 5.745169 4.855580 4.062278 3.364276 2.758103 2.238358 1.798261 1.430156 1.125969 0.877576 0.677117 0.517211 0.391112 0.292798 0.217007 0.159230 0.115671 0.083191 0.059237 0.041761 0.029149 0.020145 0.013784 0.009339 0.006266 0.004163 0.002741 0.001790 0.001163 0.000758 0.000504 0.000358 0.000291 0.000291 
0.000218 0.000218 0.000270 0.000385 0.000585 0.000908 0.001412 0.002183 0.003349 0.005089 0.007660 0.011417 0.016849 0.024620 0.035620 0.051025 0.072367 0.101618 0.141272 0.194447 0.264971 0.357470 0.477443 0.631306 0.826399 1.070941 1.373926 1.744934 2.193857 2.730531 3.364276 4.103347 4.954313 5.921392 7.005775 8.204982 9.512294 10.916325 12.400771 13.944396 15.521273 17.101322 18.651121 20.134997 21.516327 22.759013 23.829034 24.695984 25.334505 25.725527 25.857206 25.725527 25.334505 24.695984 23.829034 22.759013 21.516327 20.134997 18.651121 17.101322 15.521273 13.944396 12.400771 10.916325 9.512294 8.204982 7.005775 5.921392 4.954313 4.103347 3.364276 2.730531 2.193857 1.744934 1.373926 1.070941 0.826399 0.631306 0.477443 0.357470 0.264971 0.194447 0.141272 0.101618 0.072367 0.051025 0.035620 0.024620 0.016849 0.011418 0.007661 0.005092 0.003353 0.002190 0.001423 0.000927 0.000617 0.000438 0.000356 0.000356 
0.000264 0.000264 0.000327 0.000467 0.000709 0.001100 0.001710 0.002644 0.004054 0.006160 0.009271 0.013815 0.020386 0.029784 0.043085 0.061710 0.087509 0.122864 0.170789 0.235045 0.320255 0.432004 0.576929 0.762772 0.998389 1.293697 1.659547 2.107490 2.649458 3.297309 4.062278 4.954313 5.981325 7.148391 8.456932 9.903944 11.481307 13.175276 14.966177 16.828386 18.730630 20.636625 22.506065 24.295929 25.962057 27.460921 28.751500 29.797133 30.567248 31.038852 31.197668 31.038852 30.567248 29.797133 28.751500 27.460921 25.962057 24.295929 22.506065 20.636625 18.730630 16.828386 14.966177 13.175276 11.481307 9.903944 8.456932 7.148391 5.981325 4.954313 4.062278 3.297309 2.649458 2.107490 1.659547 1.293697 0.998389 0.762772 0.576929 0.432004 0.320255 0.235045 0.170789 0.122864 0.087509 0.061710 0.043085 0.029784 0.020386 0.013816 0.009272 0.006163 0.004059 0.002652 0.001724 0.001123 0.000748 0.000531 0.000431 0.000431 
0.000317 0.000317 0.000393 0.000560 0.000850 0.001319 0.002049 0.003168 0.004858 0.007381 0.011106 0.016547 0.024413 0.035663 0.051583 0.073872 0.104743 0.147043 0.204374 0.281234 0.383146 0.516785 0.690080 0.912279 1.193962 1.546975 1.984271 2.519647 3.167345 3.941520 4.855580 5.921392 7.148391 8.542623 10.105772 11.834231 13.718293 15.741529 17.880436 20.104410 22.376103 24.652193 26.884556 29.021831 31.011302 32.801009 34.341986 35.590475 36.509985 37.073071 37.262692 37.073071 36.509985 35.590475 34.341986 32.801009 31.011302 29.021831 26.884556 24.652193 22.376103 20.104410 17.880436 15.741529 13.718293 11.834231 10.105772 8.542623 7.148391 5.921392 4.855580 3.941520 3.167345 2.519647 1.984271 1.546975 1.193962 0.912279 0.690080 0.516785 0.383146 0.281234 0.204374 0.147043 0.104743 0.073872 0.051583 0.035664 0.024414 0.016548 0.011107 0.007384 0.004864 0.003178 0.002066 0.001347 0.000897 0.000636 0.000517 0.000517 
0.000376 0.000376 0.000466 0.000664 0.001009 0.001565 0.002431 0.003758 0.005762 0.008752 0.013167 0.019617 0.028938 0.042268 0.061128 0.087530 0.124095 0.174189 0.242078 0.333081 0.453734 0.611931 0.817051 1.080031 1.413382 1.831107 2.348523 2.981936 3.748177 4.663975 5.745169 7.005775 8.456932 10.105772 11.954266 13.998134 16.225883 18.618079 21.146924 23.776235 26.461861 29.152592 31.791547 34.318026 36.669727 38.785249 40.606729 42.082457 43.169318 43.834881 44.059011 43.834881 43.169318 42.082457 40.606729 38.785249 36.669727 34.318026 31.791547 29.152592 26.461861 23.776235 21.146924 18.618079 16.225883 13.998134 11.954266 10.105772 8.456932 7.005775 5.745169 4.663975 3.748177 2.981936 2.348523 1.831107 1.413382 1.080031 0.817051 0.611931 0.453734 0.333081 0.242078 0.174189 0.124095 0.087530 0.061128 0.042268 0.028939 0.019618 0.013170 0.008756 0.005769 0.003770 0.002451 0.001598 0.001064 0.000755 0.000614 0.000614 
0.000442 0.000442 0.000548 0.000780 0.001185 0.001837 0.002855 0.004412 0.006763 0.010272 0.015452 0.023018 0.033951 0.049584 0.071700 0.102657 0.145524 0.204247 0.283820 0.390476 0.531866 0.717236 0.957566 1.265661 1.656163 2.145465 2.751490 3.493320 4.390646 5.463037 6.729020 8.204982 9.903944 11.834231 13.998134 16.390623 18.998230 21.798195 24.757978 27.835228 30.978273 34.127190 37.215424 40.171956 42.923897 45.399415 47.530818 49.257619 50.529380 51.308166 51.570423 51.308166 50.529380 49.257619 47.530818 45.399415 42.923897 40.171956 37.215424 34.127190 30.978273 27.835228 24.757978 21.798195 18.998230 16.390623 13.998134 11.834231 9.903944 8.204982 6.729020 5.463037 4.390646 3.493320 2.751490 2.145465 1.656163 1.265661 0.957566 0.717236 0.531866 0.390476 0.283820 0.204247 0.145524 0.102657 0.071700 0.049584 0.033952 0.023019 0.015455 0.010277 0.006771 0.004426 0.002878 0.001877 0.001250 0.000888 0.000722 0.000722 
0.000514 0.000514 0.000637 0.000907 0.001378 0.002136 0.003318 0.005127 0.007858 0.011933 0.017948 0.026732 0.039425 0.057572 0.083242 0.119169 0.168914 0.237051 0.329373 0.453103 0.617114 0.832120 1.110850 1.468141 1.920961 2.488304 3.190932 4.050951 5.091167 6.334242 7.801627 9.512294 11.481307 13.718293 16.225883 18.998230 22.019711 25.263943 28.693215 32.258456 35.899804 39.547843 43.125484 46.550467 49.738373 52.606014 55.074994 57.075265 58.548419 59.450526 59.754311 59.450526 58.548419 57.075265 55.074994 52.606014 49.738373 46.550467 43.125484 39.547843 35.899804 32.258456 28.693215 25.263943 22.019711 18.998230 16.225883 13.718293 11.481307 9.512294 7.801627 6.334242 5.091167 4.050951 3.190932 2.488304 1.920961 1.468141 1.110850 0.832120 0.617114 0.453103 0.329373 0.237051 0.168914 0.119169 0.083242 0.057572 0.039426 0.026734 0.017951 0.011938 0.007867 0.005143 0.003345 0.002181 0.001453 0.001032 0.000839 0.000839 
0.000591 0.000591 0.000733 0.001044 0.001585 0.002457 0.003816 0.005896 0.009035 0.013720 0.020633 0.030728 0.045313 0.066163 0.095655 0.136926 0.194064 0.272320 0.378343 0.520423 0.708741 0.955591 1.275576 1.685718 2.205481 2.856649 3.663034 4.649984 5.843650 7.270011 8.953656 10.916325 13.175276 15.741529 18.618079 21.798195 25.263943 28.985046 32.918244 37.007251 41.183416 45.367136 49.470015 53.397735 57.053507 60.341953 63.173199 65.466937 67.156209 68.190652 68.539001 68.190652 67.156209 65.466937 63.173199 60.341953 57.053507 53.397735 49.470015 45.367136 41.183416 37.007251 32.918244 28.985046 25.263943 21.798195 18.618079 15.741529 13.175276 10.916325 8.953656 7.270011 5.843650 4.649984 3.663034 2.856649 2.205481 1.685718 1.275576 0.955591 0.708741 0.520423 0.378343 0.272320 0.194064 0.136926 0.095655 0.066164 0.045314 0.030730 0.020637 0.013726 0.009046 0.005914 0.003847 0.002509 0.001672 0.001187 0.000966 0.000966 
0.000674 0.000674 0.000835 0.001189 0.001805 0.002797 0.004344 0.006710 0.010283 0.015612 0.023477 0.034959 0.051548 0.075259 0.108795 0.155721 0.220683 0.309646 0.430165 0.591657 0.805686 1.086219 1.449837 1.915873 2.506427 3.246231 4.162322 5.283472 6.639364 8.259484 10.171731 12.400771 14.966177 17.880436 21.146924 24.757978 28.693215 32.918244 37.383937 42.026387 46.767655 51.517375 56.175207 60.634094 64.784180 68.517213 71.731192 74.334974 76.252569 77.426823 77.822251 77.426823 76.252569 74.334974 71.731192 68.517213 64.784180 60.634094 56.175207 51.517375 46.767655 42.026387 37.383937 32.918244 28.693215 24.757978 21.146924 17.880436 14.966177 12.400771 10.171731 8.259484 6.639364 5.283472 4.162322 3.246231 2.506427 1.915873 1.449837 1.086219 0.805686 0.591657 0.430165 0.309646 0.220683 0.155721 0.108796 0.075260 0.051549 0.034962 0.023481 0.015619 0.010295 0.006732 0.004379 0.002857 0.001904 0.001352 0.001100 0.001100 
0.000759 0.000759 0.000941 0.001340 0.002034 0.003151 0.004894 0.007559 0.011582 0.017583 0.026438 0.039366 0.058040 0.084730 0.122475 0.175287 0.248390 0.348496 0.484097 0.665787 0.906565 1.222136 1.631142 2.155314 2.819493 3.651479 4.681655 5.942354 7.466929 9.288507 11.438428 13.944396 16.828386 20.104410 23.776235 27.835228 32.258456 37.007251 42.026387 47.244034 52.572602 57.910538 63.145094 68.155974 72.819745 77.014782 80.626481 83.552446 85.707301 87.026837 87.471187 87.026837 85.707301 83.552446 80.626481 77.014782 72.819745 68.155974 63.145094 57.910538 52.572602 47.244034 42.026387 37.007251 32.258456 27.835228 23.776235 20.104410 16.828386 13.944396 11.438428 9.288507 7.466929 5.942354 4.681655 3.651479 2.819493 2.155314 1.631142 1.222137 0.906565 0.665787 0.484097 0.348496 0.248390 0.175287 0.122476 0.084731 0.058041 0.039368 0.026443 0.017591 0.011596 0.007583 0.004934 0.003219 0.002146 0.001524 0.001240 0.001240 
0.000847 0.000847 0.001050 0.001495 0.002268 0.003514 0.005456 0.008428 0.012912 0.019600 0.029468 0.043873 0.064680 0.094416 0.136465 0.195294 0.276721 0.388215 0.539234 0.741565 1.009681 1.361059 1.816443 2.400016 3.139420 4.065583 5.212307 6.615560 8.312441 10.339793 12.732470 15.521273 18.730630 22.376103 26.461861 30.978273 35.899804 41.183416 46.767655 52.572602 58.500810 64.439309 70.262681 75.837118 81.025328 85.692032 89.709768 92.964647 95.361720 96.829571 97.323866 96.829571 95.361720 92.964647 89.709768 85.692032 81.025328 75.837118 70.262681 64.439309 58.500810 52.572602 46.767655 41.183416 35.899804 30.978273 26.461861 22.376103 18.730630 15.521273 12.732470 10.339793 8.312441 6.615560 5.212307 4.065583 3.139420 2.400016 1.816443 1.361059 1.009681 0.741565 0.539234 0.388215 0.276721 0.195295 0.136466 0.094417 0.064682 0.043876 0.029473 0.019609 0.012927 0.008454 0.005501 0.003589 0.002393 0.001700 0.001383 0.001383 
0.000935 0.000935 0.001159 0.001650 0.002503 0.003878 0.006021 0.009299 0.014246 0.021624 0.032508 0.048395 0.071341 0.104132 0.150497 0.215360 0.305132 0.428045 0.594519 0.817544 1.113063 1.500330 2.002198 2.645305 3.460095 4.480634 5.744145 7.290238 9.159762 11.393283 14.029168 17.101322 20.636625 24.652193 29.152592 34.127190 39.547843 45.367136 51.517375 57.910538 64.439309 70.979284 77.392355 83.531184 89.244603 94.383661 98.808018 102.392286 105.031921 106.648300 107.192610 106.648300 105.031921 102.392286 98.808018 94.383661 89.244603 83.531184 77.392355 70.979284 64.439309 57.910538 51.517375 45.367136 39.547843 34.127190 29.152592 24.652193 20.636625 17.101322 14.029168 11.393283 9.159762 7.290238 5.744145 4.480634 3.460095 2.645305 2.002198 1.500330 1.113063 0.817544 0.594519 0.428045 0.305132 0.215360 0.150498 0.104133 0.071343 0.048398 0.032514 0.021634 0.014263 0.009329 0.006071 0.003961 0.002641 0.001876 0.001527 0.001527 
0.001022 0.001022 0.001266 0.001802 0.002734 0.004236 0.006576 0.010156 0.015556 0.023611 0.035493 0.052835 0.077881 0.113671 0.164273 0.235058 0.333020 0.467139 0.648780 0.892110 1.214517 1.636997 2.184470 2.885982 3.774726 4.887841 6.265908 7.952105 9.990959 12.426682 15.301088 18.651121 22.506065 26.884556 31.791547 37.215424 43.125484 49.470015 56.175207 63.145094 70.262681 77.392355 84.383568 91.075723 97.304043 102.906181 107.729173 111.636355 114.513786 116.275772 116.869114 116.275772 114.513786 111.636355 107.729173 102.906181 97.304043 91.075723 84.383568 77.392355 70.262681 63.145094 56.175207 49.470015 43.125484 37.215424 31.791547 26.884556 22.506065 18.651121 15.301088 12.426682 9.990959 7.952105 6.265908 4.887841 3.774726 2.885982 2.184470 1.636997 1.214517 0.892110 0.648780 0.467139 0.333020 0.235058 0.164273 0.113672 0.077883 0.052839 0.035499 0.023622 0.015575 0.010188 0.006631 0.004327 0.002885 0.002050 0.001668 0.001668 
