0.000000 0.000000 0.000000 0.000000 0.000000 0.000000 0.000001 0.000001 0.000001 0.000002 0.000003 0.000004 0.000006 0.000009 0.000012 0.000017 0.000023 0.000031 0.000042 0.000057 0.000075 0.000098 0.000128 0.000165 0.000210 0.000266 0.000334 0.000414 0.000510 0.000622 0.000751 0.000899 0.001067 0.001254 0.001460 0.001684 0.001926 0.002182 0.002449 0.002723 0.003001 0.003276 0.003544 0.003798 0.004033 0.004244 0.004424 0.004570 0.004677 0.004742 0.004764 0.004742 0.004677 0.004570 0.004424 0.004244 0.004033 0.003798 0.003544 0.003276 0.003001 0.002723 0.002449 0.002182 0.001926 0.001684 0.001460 0.001254 0.001067 0.000899 0.000751 0.000622 0.000510 0.000414 0.000334 0.000266 0.000210 0.000165 0.000128 0.000098 0.000075 0.000057 0.000042 0.000031 0.000023 0.000017 0.000012 0.000009 0.000006 0.000004 0.000003 0.000002 0.000001 0.000001 0.000001 0.000000 0.000000 0.000000 0.000000 0.000000 
0.000000 0.000000 0.000000 0.000000 0.000000 0.000000 0.000001 0.000001 0.000001 0.000002 0.000003 0.000004 0.000006 0.000009 0.000012 0.000017 0.000023 0.000031 0.000042 0.000057 0.000075 0.000098 0.000128 0.000165 0.000210 0.000266 0.000334 0.000414 0.000510 0.000622 0.000751 0.000899 0.001067 0.001254 0.001460 0.001684 0.001926 0.002182 0.002449 0.002723 0.003001 0.003276 0.003544 0.003798 0.004033 0.004244 0.004424 0.004570 0.004677 0.004742 0.004764 0.004742 0.004677 0.004570 0.004424 0.004244 0.004033 0.003798 0.003544 0.003276 0.003001 0.002723 0.002449 0.002182 0.001926 0.001684 0.001460 0.001254 0.001067 0.000899 0.000751 0.000622 0.000510 0.000414 0.000334 0.000266 0.000210 0.000165 0.000128 0.000098 0.000075 0.000057 0.000042 0.000031 0.000023 0.000017 0.000012 0.000009 0.000006 0.000004 0.000003 0.000002 0.000001 0.000001 0.000001 0.000000 0.000000 0.000000 0.000000 0.000000 
0.000000 0.000000 0.000000 0.000000 0.000000 0.000001 0.000001 0.000001 0.000002 0.000002 0.000004 0.000005 0.000007 0.000010 0.000015 0.000020 0.000028 0.000038 0.000051 0.000068 0.000089 0.000117 0.000153 0.000196 0.000251 0.000317 0.000397 0.000493 0.000607 0.000740 0.000894 0.001070 0.001269 0.001492 0.001737 0.002004 0.002291 0.002595 0.002913 0.003239 0.003569 0.003896 0.004215 0.004517 0.004796 0.005047 0.005261 0.005434 0.005561 0.005638 0.005664 0.005638 0.005561 0.005434 0.005261 0.005047 0.004796 0.004517 0.004215 0.003896 0.003569 0.003239 0.002913 0.002595 0.002291 0.002004 0.001737 0.001492 0.001269 0.001070 0.000894 0.000740 0.000607 0.000493 0.000397 0.000317 0.000251 0.000196 0.000153 0.000117 0.000089 0.000068 0.000051 0.000038 0.000028 0.000020 0.000015 0.000010 0.000007 0.000005 0.000004 0.000002 0.000002 0.000001 0.000001 0.000001 0.000000 0.000000 0.000000 0.000000 
0.000000 0.000000 0.000000 0.000000 0.000000 0.000001 0.000001 0.000002 0.000002 0.000003 0.000005 0.000007 0.000010 0.000014 0.000020 0.000027 0.000037 0.000051 0.000068 0.000091 0.000120 0.000158 0.000205 0.000264 0.000337 0.000427 0.000534 0.000664 0.000816 0.000995 0.001202 0.001438 0.001706 0.002004 0.002334 0.002692 0.003077 0.003485 0.003912 0.004349 0.004792 0.005231 0.005658 0.006063 0.006438 0.006774 0.007061 0.007293 0.007463 0.007567 0.007602 0.007567 0.007463 0.007293 0.007061 0.006774 0.006438 0.006063 0.005658 0.005231 0.004792 0.004349 0.003912 0.003485 0.003077 0.002692 0.002334 0.002004 0.001706 0.001438 0.001202 0.000995 0.000816 0.000664 0.000534 0.000427 0.000337 0.000264 0.000205 0.000158 0.000120 0.000091 0.000068 0.000051 0.000037 0.000027 0.000020 0.000014 0.000010 0.000007 0.000005 0.000003 0.000002 0.000002 0.000001 0.000001 0.000001 0.000000 0.000000 0.000000 
0.000000 0.000000 0.000000 0.000000 0.000001 0.000001 0.000002 0.000002 0.000003 0.000005 0.000007 0.000010 0.000014 0.000020 0.000028 0.000039 0.000053 0.000073 0.000098 0.000131 0.000173 0.000227 0.000294 0.000379 0.000484 0.000611 0.000766 0.000950 0.001169 0.001425 0.001721 0.002059 0.002441 0.002868 0.003339 0.003852 0.004402 0.004985 0.005594 0.006220 0.006852 0.007479 0.008089 0.008668 0.009204 0.009683 0.010093 0.010424 0.010668 0.010816 0.010866 0.010816 0.010668 0.010424 0.010093 0.009683 0.009204 0.008668 0.008089 0.007479 0.006852 0.006220 0.005594 0.004985 0.004402 0.003852 0.003339 0.002868 0.002441 0.002059 0.001721 0.001425 0.001169 0.000950 0.000766 0.000611 0.000484 0.000379 0.000294 0.000227 0.000173 0.000131 0.000098 0.000073 0.000053 0.000039 0.000028 0.000020 0.000014 0.000010 0.000007 0.000005 0.000003 0.000002 0.000002 0.000001 0.000001 0.000001 0.000000 0.000000 
0.000000 0.000000 0.000001 0.000001 0.000001 0.000002 0.000002 0.000003 0.000005 0.000007 0.000010 0.000015 0.000021 0.000030 0.000041 0.000057 0.000079 0.000107 0.000144 0.000192 0.000254 0.000333 0.000433 0.000557 0.000711 0.000898 0.001125 0.001396 0.001717 0.002092 0.002526 0.003022 0.003583 0.004209 0.004899 0.005650 0.006457 0.007312 0.008204 0.009121 0.010047 0.010966 0.011859 0.012708 0.013492 0.014194 0.014795 0.015280 0.015636 0.015854 0.015927 0.015854 0.015636 0.015280 0.014795 0.014194 0.013492 0.012708 0.011859 0.010966 0.010047 0.009121 0.008204 0.007312 0.006457 0.005650 0.004899 0.004209 0.003583 0.003022 0.002526 0.002092 0.001717 0.001396 0.001125 0.000898 0.000711 0.000557 0.000433 0.000333 0.000254 0.000192 0.000144 0.000107 0.000079 0.000057 0.000041 0.000030 0.000021 0.000015 0.000010 0.000007 0.000005 0.000003 0.000002 0.000002 0.000001 0.000001 0.000001 0.000001 
0.000001 0.000001 0.000001 0.000001 0.000002 0.000002 0.000003 0.000005 0.000007 0.000011 0.000015 0.000022 0.000031 0.000044 0.000061 0.000085 0.000116 0.000158 0.000213 0.000284 0.000376 0.000493 0.000640 0.000824 0.001050 0.001327 0.001662 0.002062 0.002536 0.003090 0.003730 0.004462 0.005289 0.006213 0.007231 0.008339 0.009529 0.010789 0.012104 0.013456 0.014821 0.016176 0.017493 0.018743 0.019899 0.020933 0.021819 0.022534 0.023059 0.023379 0.023487 0.023379 0.023059 0.022534 0.021819 0.020933 0.019899 0.018743 0.017493 0.016176 0.014821 0.013456 0.012104 0.010789 0.009529 0.008339 0.007231 0.006213 0.005289 0.004462 0.003730 0.003090 0.002536 0.002062 0.001662 0.001327 0.001050 0.000824 0.000640 0.000493 0.000376 0.000284 0.000213 0.000158 0.000116 0.000085 0.000061 0.000044 0.000031 0.000022 0.000015 0.000011 0.000007 0.000005 0.000003 0.000002 0.000002 0.000001 0.000001 0.000001 
0.000001 0.000001 0.000001 0.000002 0.000002 0.000003 0.000005 0.000007 0.000011 0.000016 0.000023 0.000032 0.000046 0.000065 0.000091 0.000125 0.000172 0.000234 0.000315 0.000420 0.000555 0.000727 0.000944 0.001215 0.001549 0.001957 0.002450 0.003039 0.003736 0.004552 0.005494 0.006572 0.007789 0.009148 0.010646 0.012276 0.014026 0.015880 0.017814 0.019802 0.021809 0.023801 0.025737 0.027576 0.029275 0.030795 0.032097 0.033148 0.033920 0.034391 0.034550 0.034391 0.033920 0.033148 0.032097 0.030795 0.029275 0.027576 0.025737 0.023801 0.021809 0.019802 0.017814 0.015880 0.014026 0.012276 0.010646 0.009148 0.007789 0.006572 0.005494 0.004552 0.003736 0.003039 0.002450 0.001957 0.001549 0.001215 0.000944 0.000727 0.000555 0.000420 0.000315 0.000234 0.000172 0.000125 0.000091 0.000065 0.000046 0.000032 0.000023 0.000016 0.000011 0.000007 0.000005 0.000003 0.000002 0.000002 0.000002 0.000002 
0.000001 0.000001 0.000002 0.000002 0.000003 0.000005 0.000007 0.000011 0.000016 0.000023 0.000033 0.000048 0.000068 0.000095 0.000133 0.000184 0.000252 0.000343 0.000461 0.000615 0.000814 0.001066 0.001384 0.001780 0.002269 0.002866 0.003588 0.004451 0.005471 0.006663 0.008043 0.009619 0.011399 0.013386 0.015576 0.017959 0.020518 0.023228 0.026055 0.028960 0.031894 0.034805 0.037633 0.040320 0.042804 0.045024 0.046926 0.048461 0.049589 0.050277 0.050509 0.050277 0.049589 0.048461 0.046926 0.045024 0.042804 0.040320 0.037633 0.034805 0.031894 0.028960 0.026055 0.023228 0.020518 0.017959 0.015576 0.013386 0.011399 0.009619 0.008043 0.006663 0.005471 0.004451 0.003588 0.002866 0.002269 0.001780 0.001384 0.001066 0.000814 0.000615 0.000461 0.000343 0.000252 0.000184 0.000133 0.000095 0.000068 0.000048 0.000033 0.000023 0.000016 0.000011 0.000007 0.000005 0.000004 0.000003 0.000002 0.000002 
0.000002 0.000002 0.000002 0.000003 0.000005 0.000007 0.000011 0.000016 0.000023 0.000034 0.000048 0.000069 0.000099 0.000139 0.000194 0.000268 0.000367 0.000499 0.000671 0.000895 0.001183 0.001550 0.002012 0.002588 0.003298 0.004166 0.005214 0.006467 0.007948 0.009680 0.011681 0.013969 0.016553 0.019436 0.022614 0.026071 0.029783 0.033713 0.037814 0.042027 0.046282 0.050503 0.054605 0.058500 0.062101 0.065320 0.068078 0.070304 0.071938 0.072936 0.073272 0.072936 0.071938 0.070304 0.068078 0.065320 0.062101 0.058500 0.054605 0.050503 0.046282 0.042027 0.037814 0.033713 0.029783 0.026071 0.022614 0.019436 0.016553 0.013969 0.011681 0.009680 0.007948 0.006467 0.005214 0.004166 0.003298 0.002588 0.002012 0.001550 0.001183 0.000895 0.000671 0.000499 0.000367 0.000268 0.000194 0.000139 0.000099 0.000070 0.000049 0.000034 0.000023 0.000016 0.000011 0.000007 0.000005 0.000004 0.000003 0.000003 
0.000003 0.000003 0.000004 0.000005 0.000007 0.000010 0.000015 0.000023 0.000033 0.000048 0.000070 0.000100 0.000143 0.000201 0.000280 0.000387 0.000530 0.000720 0.000969 0.001292 0.001707 0.002236 0.002901 0.003731 0.004754 0.006004 0.007514 0.009318 0.011450 0.013943 0.016825 0.020117 0.023836 0.027984 0.032556 0.037530 0.042870 0.048524 0.054422 0.060480 0.066600 0.072669 0.078567 0.084169 0.089346 0.093974 0.097939 0.101139 0.103488 0.104924 0.105407 0.104924 0.103488 0.101139 0.097939 0.093974 0.089346 0.084169 0.078567 0.072669 0.066600 0.060480 0.054422 0.048524 0.042870 0.037530 0.032556 0.027984 0.023836 0.020117 0.016825 0.013943 0.011450 0.009318 0.007514 0.006004 0.004754 0.003731 0.002901 0.002236 0.001707 0.001292 0.000969 0.000720 0.000530 0.000387 0.000280 0.000201 0.000143 0.000100 0.000070 0.000049 0.000033 0.000023 0.000015 0.000011 0.000007 0.000006 0.000005 0.000005 
0.000004 0.000004 0.000005 0.000007 0.000010 0.000015 0.000022 0.000032 0.000048 0.000069 0.000100 0.000144 0.000204 0.000287 0.000401 0.000554 0.000759 0.001030 0.001386 0.001848 0.002441 0.003196 0.004147 0.005332 0.006794 0.008579 0.010734 0.013309 0.016353 0.019911 0.024023 0.028721 0.034026 0.039944 0.046466 0.053560 0.061175 0.069237 0.077647 0.086285 0.095010 0.103663 0.112071 0.120056 0.127435 0.134033 0.139685 0.144245 0.147593 0.149639 0.150328 0.149639 0.147593 0.144245 0.139685 0.134033 0.127435 0.120056 0.112071 0.103663 0.095010 0.086285 0.077647 0.069237 0.061175 0.053560 0.046466 0.039944 0.034026 0.028721 0.024023 0.019911 0.016353 0.013309 0.010734 0.008579 0.006794 0.005332 0.004147 0.003196 0.002441 0.001848 0.001386 0.001030 0.000759 0.000554 0.000401 0.000287 0.000204 0.000144 0.000100 0.000070 0.000048 0.000033 0.000022 0.000015 0.000011 0.000008 0.000007 0.000007 
0.000006 0.000006 0.000007 0.000010 0.000014 0.000021 0.000031 0.000046 0.000068 0.000099 0.000143 0.000204 0.000290 0.000408 0.000569 0.000786 0.001076 0.001461 0.001965 0.002619 0.003460 0.004529 0.005876 0.007554 0.009623 0.012149 0.015200 0.018844 0.023151 0.028184 0.034000 0.040645 0.048147 0.056516 0.065737 0.075767 0.086532 0.097928 0.109816 0.122025 0.134355 0.146583 0.158465 0.169748 0.180175 0.189497 0.197483 0.203926 0.208657 0.211548 0.212520 0.211548 0.208657 0.203926 0.197483 0.189497 0.180175 0.169748 0.158465 0.146583 0.134355 0.122025 0.109816 0.097928 0.086532 0.075767 0.065737 0.056516 0.048147 0.040645 0.034000 0.028184 0.023151 0.018844 0.015200 0.012149 0.009623 0.007554 0.005876 0.004529 0.003460 0.002619 0.001965 0.001461 0.001076 0.000786 0.000569 0.000408 0.000290 0.000204 0.000143 0.000099 0.000068 0.000046 0.000032 0.000022 0.000015 0.000011 0.000010 0.000010 
0.000009 0.000009 0.000010 0.000014 0.000020 0.000030 0.000044 0.000065 0.000095 0.000139 0.000201 0.000287 0.000408 0.000574 0.000800 0.001105 0.001513 0.002053 0.002761 0.003680 0.004860 0.006361 0.008251 0.010606 0.013510 0.017054 0.021333 0.026444 0.032484 0.039542 0.047697 0.057012 0.067528 0.079259 0.092181 0.106237 0.121322 0.137290 0.153945 0.171049 0.188322 0.205451 0.222095 0.237898 0.252502 0.265558 0.276742 0.285766 0.292391 0.296440 0.297802 0.296440 0.292391 0.285766 0.276742 0.265558 0.252502 0.237898 0.222095 0.205451 0.188322 0.171049 0.153945 0.137290 0.121322 0.106237 0.092181 0.079259 0.067528 0.057012 0.047697 0.039542 0.032484 0.026444 0.021333 0.017054 0.013510 0.010606 0.008251 0.006361 0.004860 0.003680 0.002761 0.002053 0.001513 0.001105 0.000800 0.000574 0.000408 0.000287 0.000201 0.000139 0.000096 0.000065 0.000044 0.000030 0.000021 0.000016 0.000014 0.000014 
0.000012 0.000012 0.000015 0.000020 0.000028 0.000041 0.000061 0.000091 0.000133 0.000194 0.000280 0.000401 0.000569 0.000800 0.001115 0.001540 0.002108 0.002860 0.003846 0.005124 0.006767 0.008855 0.011484 0.014760 0.018799 0.023727 0.029676 0.036782 0.045177 0.054986 0.066319 0.079263 0.093874 0.110170 0.128122 0.147645 0.168597 0.190773 0.213902 0.237652 0.261637 0.285419 0.308527 0.330467 0.350742 0.368867 0.384392 0.396918 0.406115 0.411735 0.413625 0.411735 0.406115 0.396918 0.384392 0.368867 0.350742 0.330467 0.308527 0.285419 0.261637 0.237652 0.213902 0.190773 0.168597 0.147645 0.128122 0.110170 0.093874 0.079263 0.066319 0.054986 0.045177 0.036782 0.029676 0.023727 0.018799 0.014760 0.011484 0.008855 0.006767 0.005124 0.003846 0.002860 0.002108 0.001540 0.001115 0.000800 0.000569 0.000401 0.000280 0.000194 0.000133 0.000091 0.000062 0.000043 0.000030 0.000022 0.000019 0.000019 
0.000017 0.000017 0.000020 0.000027 0.000039 0.000057 0.000085 0.000125 0.000184 0.000268 0.000387 0.000554 0.000786 0.001105 0.001540 0.002127 0.002911 0.003949 0.005308 0.007072 0.009337 0.012218 0.015843 0.020358 0.025925 0.032717 0.040915 0.050706 0.062272 0.075784 0.091394 0.109221 0.129342 0.151782 0.176498 0.203377 0.232220 0.262746 0.294581 0.327270 0.360279 0.393008 0.424807 0.454999 0.482897 0.507837 0.529198 0.546433 0.559087 0.566819 0.569420 0.566819 0.559087 0.546433 0.529198 0.507837 0.482897 0.454999 0.424807 0.393008 0.360279 0.327270 0.294581 0.262746 0.232220 0.203377 0.176498 0.151782 0.129342 0.109221 0.091394 0.075784 0.062272 0.050706 0.040915 0.032717 0.025925 0.020358 0.015843 0.012218 0.009337 0.007072 0.005308 0.003949 0.002911 0.002127 0.001540 0.001105 0.000786 0.000554 0.000387 0.000268 0.000185 0.000126 0.000086 0.000059 0.000041 0.000031 0.000026 0.000026 
0.000023 0.000023 0.000028 0.000037 0.000053 0.000079 0.000116 0.000172 0.000252 0.000367 0.000530 0.000759 0.001076 0.001513 0.002108 0.002911 0.003984 0.005403 0.007262 0.009673 0.012770 0.016706 0.021660 0.027830 0.035435 0.044713 0.055910 0.069281 0.085074 0.103522 0.124832 0.149167 0.176631 0.207255 0.240985 0.277662 0.317018 0.358665 0.402096 0.446690 0.491718 0.536361 0.579734 0.620913 0.658962 0.692976 0.722108 0.745612 0.762869 0.773414 0.776961 0.773414 0.762869 0.745612 0.722108 0.692976 0.658962 0.620913 0.579734 0.536361 0.491718 0.446690 0.402096 0.358665 0.317018 0.277662 0.240985 0.207255 0.176631 0.149167 0.124832 0.103522 0.085074 0.069281 0.055910 0.044713 0.035435 0.027830 0.021660 0.016706 0.012770 0.009673 0.007262 0.005403 0.003984 0.002911 0.002108 0.001513 0.001076 0.000759 0.000531 0.000368 0.000253 0.000173 0.000118 0.000081 0.000057 0.000043 0.000036 0.000036 
0.000031 0.000031 0.000038 0.000051 0.000073 0.000107 0.000158 0.000234 0.000343 0.000499 0.000720 0.001030 0.001461 0.002053 0.002860 0.003949 0.005403 0.007326 0.009846 0.013113 0.017308 0.022641 0.029350 0.037705 0.048003 0.060563 0.075720 0.093817 0.115191 0.140156 0.168989 0.201912 0.239065 0.280491 0.326113 0.375717 0.428940 0.485258 0.543985 0.604280 0.665158 0.725514 0.784151 0.839817 0.891253 0.937231 0.976610 1.008381 1.031705 1.045959 1.050754 1.045959 1.031705 1.008381 0.976610 0.937231 0.891253 0.839817 0.784151 0.725514 0.665158 0.604280 0.543985 0.485258 0.428940 0.375717 0.326113 0.280491 0.239065 0.201912 0.168989 0.140156 0.115191 0.093817 0.075720 0.060563 0.048003 0.037705 0.029350 0.022641 0.017308 0.013113 0.009846 0.007326 0.005403 0.003949 0.002860 0.002053 0.001461 0.001030 0.000720 0.000499 0.000343 0.000235 0.000160 0.000110 0.000077 0.000058 0.000049 0.000049 
0.000042 0.000042 0.000051 0.000068 0.000098 0.000144 0.000213 0.000315 0.000461 0.000671 0.000969 0.001386 0.001965 0.002761 0.003846 0.005308 0.007262 0.009846 0.013230 0.017617 0.023250 0.030409 0.039414 0.050628 0.064447 0.081300 0.101635 0.125912 0.154581 0.188063 0.226730 0.270877 0.320691 0.376230 0.437389 0.503882 0.575220 0.650702 0.729408 0.810210 0.891790 0.972666 1.051234 1.125820 1.194735 1.256335 1.309094 1.351658 1.382907 1.402002 1.408425 1.402002 1.382907 1.351658 1.309094 1.256335 1.194735 1.125820 1.051234 0.972666 0.891790 0.810210 0.729408 0.650702 0.575220 0.503882 0.437389 0.376230 0.320691 0.270877 0.226730 0.188063 0.154581 0.125912 0.101635 0.081300 0.064447 0.050628 0.039414 0.030409 0.023250 0.017617 0.013230 0.009846 0.007262 0.005308 0.003846 0.002761 0.001965 0.001386 0.000969 0.000672 0.000462 0.000316 0.000216 0.000148 0.000104 0.000078 0.000066 0.000066 
0.000057 0.000057 0.000068 0.000091 0.000131 0.000192 0.000284 0.000420 0.000615 0.000895 0.001292 0.001848 0.002619 0.003680 0.005124 0.007072 0.009673 0.013113 0.017617 0.023457 0.030952 0.040477 0.052457 0.067373 0.085753 0.108164 0.135204 0.167480 0.205592 0.250098 0.301492 0.360162 0.426359 0.500157 0.581417 0.669757 0.764527 0.864795 0.969341 1.076665 1.185016 1.292427 1.396769 1.495819 1.587333 1.669134 1.739191 1.795710 1.837203 1.862558 1.871087 1.862558 1.837203 1.795710 1.739191 1.669134 1.587333 1.495819 1.396769 1.292427 1.185016 1.076665 0.969341 0.864795 0.764527 0.669757 0.581417 0.500157 0.426359 0.360162 0.301492 0.250098 0.205592 0.167480 0.135204 0.108164 0.085753 0.067373 0.052457 0.040477 0.030952 0.023457 0.017617 0.013113 0.009673 0.007072 0.005124 0.003680 0.002619 0.001848 0.001292 0.000896 0.000617 0.000422 0.000288 0.000198 0.000139 0.000104 0.000088 0.000088 
0.000075 0.000075 0.000089 0.000120 0.000173 0.000254 0.000376 0.000555 0.000814 0.001183 0.001707 0.002441 0.003460 0.004860 0.006767 0.009337 0.012770 0.017308 0.023250 0.030952 0.040838 0.053397 0.069192 0.088856 0.113082 0.142619 0.178253 0.220783 0.270996 0.329630 0.397330 0.474608 0.561794 0.658982 0.765989 0.882311 1.007092 1.139103 1.276737 1.418022 1.560651 1.702037 1.839378 1.969748 2.090196 2.197856 2.290059 2.364442 2.419048 2.452417 2.463642 2.452417 2.419048 2.364442 2.290059 2.197856 2.090196 1.969748 1.839378 1.702037 1.560651 1.418022 1.276737 1.139103 1.007092 0.882311 0.765989 0.658982 0.561794 0.474608 0.397330 0.329630 0.270996 0.220783 0.178253 0.142619 0.113082 0.088856 0.069192 0.053397 0.040838 0.030952 0.023250 0.017308 0.012770 0.009337 0.006767 0.004860 0.003460 0.002441 0.001708 0.001185 0.000815 0.000558 0.000381 0.000261 0.000184 0.000138 0.000117 0.000117 
0.000098 0.000098 0.000117 0.000158 0.000227 0.000333 0.000493 0.000727 0.001066 0.001550 0.002236 0.003196 0.004529 0.006361 0.008855 0.012218 0.016706 0.022641 0.030409 0.040477 0.053397 0.069810 0.090449 0.116139 0.147787 0.186369 0.232909 0.288450 0.354018 0.430574 0.518960 0.619842 0.733648 0.860500 1.000158 1.151963 1.314796 1.487054 1.666638 1.850977 2.037062 2.221515 2.400684 2.570753 2.727875 2.868311 2.988581 3.085605 3.156833 3.200357 3.214998 3.200357 3.156833 3.085605 2.988581 2.868311 2.727875 2.570753 2.400684 2.221515 2.037062 1.850977 1.666638 1.487054 1.314796 1.151963 1.000158 0.860500 0.733648 0.619842 0.518960 0.430574 0.354018 0.288450 0.232909 0.186369 0.147787 0.116139 0.090449 0.069810 0.053397 0.040477 0.030409 0.022641 0.016706 0.012218 0.008855 0.006361 0.004529 0.003197 0.002236 0.001551 0.001068 0.000731 0.000499 0.000343 0.000241 0.000181 0.000153 0.000153 
0.000128 0.000128 0.000153 0.000205 0.000294 0.000433 0.000640 0.000944 0.001384 0.002012 0.002901 0.004147 0.005876 0.008251 0.011484 0.015843 0.021660 0.029350 0.039414 0.052457 0.069192 0.090449 0.117177 0.150441 0.191415 0.241360 0.301601 0.373487 0.458341 0.557406 0.671769 0.802291 0.949521 1.113616 1.294264 1.490611 1.701208 1.923982 2.156219 2.394592 2.635210 2.873709 3.105368 3.325253 3.528391 3.709953 3.865441 3.990873 4.082954 4.139221 4.158149 4.139221 4.082954 3.990873 3.865441 3.709953 3.528391 3.325253 3.105368 2.873709 2.635210 2.394592 2.156219 1.923982 1.701208 1.490611 1.294264 1.113616 0.949521 0.802291 0.671769 0.557406 0.458341 0.373487 0.301601 0.241360 0.191415 0.150441 0.117177 0.090449 0.069192 0.052457 0.039414 0.029350 0.021660 0.015843 0.011485 0.008251 0.005876 0.004148 0.002902 0.002014 0.001387 0.000949 0.000648 0.000445 0.000314 0.000235 0.000199 0.000199 
0.000165 0.000165 0.000196 0.000264 0.000379 0.000557 0.000824 0.001215 0.001780 0.002588 0.003731 0.005332 0.007554 0.010606 0.014760 0.020358 0.027830 0.037705 0.050628 0.067373 0.088856 0.116139 0.150441 0.193127 0.245700 0.309778 0.387057 0.479264 0.588097 0.715144 0.861799 1.029161 1.217932 1.428313 1.659898 1.911593 2.181539 2.467076 2.764727 3.070227 3.378591 3.684227 3.981086 4.262848 4.523144 4.755787 4.955015 5.115730 5.233712 5.305805 5.330056 5.305805 5.233712 5.115730 4.955015 4.755787 4.523144 4.262848 3.981086 3.684227 3.378591 3.070227 2.764727 2.467076 2.181539 1.911593 1.659898 1.428313 1.217932 1.029161 0.861799 0.715144 0.588097 0.479264 0.387057 0.309778 0.245700 0.193127 0.150441 0.116139 0.088856 0.067373 0.050628 0.037705 0.027830 0.020358 0.014760 0.010606 0.007554 0.005333 0.003732 0.002590 0.001784 0.001221 0.000834 0.000573 0.000404 0.000303 0.000256 0.000256 
0.000210 0.000210 0.000251 0.000337 0.000484 0.000711 0.001050 0.001549 0.002269 0.003298 0.004754 0.006794 0.009623 0.013510 0.018799 0.025925 0.035435 0.048003 0.064447 0.085753 0.113082 0.147787 0.191415 0.245700 0.312552 0.394025 0.492274 0.609491 0.747830 0.909308 1.095691 1.308375 1.548249 1.815562 2.109798 2.429564 2.772499 3.135219 3.513308 3.901349 4.293011 4.681193 5.058213 5.416050 5.746615 6.042055 6.295055 6.499144 6.648966 6.740514 6.771309 6.740514 6.648966 6.499144 6.295055 6.042055 5.746615 5.416050 5.058213 4.681193 4.293011 3.901349 3.513308 3.135219 2.772499 2.429564 2.109798 1.815562 1.548249 1.308375 1.095691 0.909308 0.747830 0.609491 0.492274 0.394025 0.312552 0.245700 0.191415 0.147787 0.113082 0.085753 0.064447 0.048003 0.035435 0.025925 0.018799 0.013510 0.009624 0.006795 0.004756 0.003301 0.002274 0.001557 0.001063 0.000731 0.000515 0.000387 0.000327 0.000327 
0.000266 0.000266 0.000317 0.000427 0.000611 0.000898 0.001327 0.001957 0.002866 0.004166 0.006004 0.008579 0.012149 0.017054 0.023727 0.032717 0.044713 0.060563 0.081300 0.108164 0.142619 0.186369 0.241360 0.309778 0.394025 0.496688 0.620478 0.768154 0.942426 1.145829 1.380586 1.648450 1.950535 2.287154 2.657652 3.060273 3.492040 3.948695 4.424675 4.913162 5.406186 5.894812 6.369371 6.819770 7.235832 7.607675 7.926098 8.182958 8.371516 8.486733 8.525490 8.486733 8.371516 8.182958 7.926098 7.607675 7.235832 6.819770 6.369371 5.894812 5.406186 4.913162 4.424675 3.948695 3.492040 3.060273 2.657652 2.287154 1.950535 1.648450 1.380586 1.145829 0.942426 0.768154 0.620478 0.496688 0.394025 0.309778 0.241360 0.186369 0.142619 0.108164 0.081300 0.060563 0.044713 0.032717 0.023727 0.017054 0.012150 0.008580 0.006007 0.004170 0.002872 0.001967 0.001343 0.000924 0.000651 0.000489 0.000413 0.000413 
0.000334 0.000334 0.000397 0.000534 0.000766 0.001125 0.001662 0.002450 0.003588 0.005214 0.007514 0.010734 0.015200 0.021333 0.029676 0.040915 0.055910 0.075720 0.101635 0.135204 0.178253 0.232909 0.301601 0.387057 0.492274 0.620478 0.775051 0.959435 1.177006 1.430927 1.723967 2.058308 2.435337 2.855440 3.317797 3.820211 4.358967 4.928748 5.522613 6.132056 6.747136 7.356705 7.948707 8.510554 9.029554 9.493385 9.890573 10.210965 10.446159 10.589872 10.638214 10.589872 10.446159 10.210965 9.890573 9.493385 9.029554 8.510554 7.948707 7.356705 6.747136 6.132056 5.522613 4.928748 4.358967 3.820211 3.317797 2.855440 2.435337 2.058308 1.723967 1.430927 1.177006 0.959435 0.775051 0.620478 0.492274 0.387057 0.301601 0.232909 0.178253 0.135204 0.101636 0.075720 0.055910 0.040916 0.029676 0.021334 0.015201 0.010736 0.007517 0.005219 0.003596 0.002462 0.001682 0.001157 0.000816 0.000613 0.000518 0.000518 
0.000414 0.000414 0.000493 0.000664 0.000950 0.001396 0.002062 0.003039 0.004451 0.006467 0.009318 0.013309 0.018844 0.026444 0.036782 0.050706 0.069281 0.093817 0.125912 0.167480 0.220783 0.288450 0.373487 0.479264 0.609491 0.768154 0.959435 1.187586 1.456782 1.770927 2.133443 2.547023 3.013379 3.532980 4.104809 4.726144 5.392389 6.096965 6.831292 7.584847 8.345345 9.099002 9.830917 10.525529 11.167155 11.740565 12.231579 12.627650 12.918397 13.096052 13.155812 13.096052 12.918397 12.627650 12.231579 11.740565 11.167155 10.525529 9.830917 9.099002 8.345345 7.584847 6.831292 6.096965 5.392389 4.726144 4.104809 3.532980 3.013379 2.547023 2.133443 1.770927 1.456782 1.187586 0.959435 0.768154 0.609491 0.479264 0.373487 0.288450 0.220783 0.167480 0.125912 0.093818 0.069281 0.050707 0.036782 0.026445 0.018845 0.013312 0.009322 0.006473 0.004460 0.003055 0.002087 0.001436 0.001013 0.000761 0.000643 0.000643 
0.000510 0.000510 0.000607 0.000816 0.001169 0.001717 0.002536 0.003736 0.005471 0.007948 0.011450 0.016353 0.023151 0.032484 0.045177 0.062272 0.085074 0.115191 0.154581 0.205592 0.270996 0.354018 0.458341 0.588097 0.747830 0.942426 1.177006 1.456782 1.786863 2.172032 2.616477 3.123493 3.695171 4.332081 5.032971 5.794500 6.611030 7.474499 8.374387 9.297803 10.229691 11.153167 12.049974 12.901052 13.687190 14.389733 14.991315 15.476568 15.832777 16.050430 16.123645 16.050430 15.832777 15.476568 14.991315 14.389733 13.687190 12.901052 12.049974 11.153167 10.229691 9.297803 8.374387 7.474499 6.611030 5.794500 5.032971 4.332081 3.695171 3.123493 2.616477 2.172032 1.786863 1.456782 1.177006 0.942426 0.747830 0.588097 0.458341 0.354018 0.270996 0.205592 0.154581 0.115191 0.085074 0.062272 0.045177 0.032485 0.023152 0.016356 0.011455 0.007955 0.005483 0.003756 0.002567 0.001766 0.001246 0.000936 0.000791 0.000791 
0.000622 0.000622 0.000740 0.000995 0.001425 0.002092 0.003090 0.004552 0.006663 0.009680 0.013943 0.019911 0.028184 0.039542 0.054986 0.075784 0.103522 0.140156 0.188063 0.250098 0.329630 0.430574 0.557406 0.715144 0.909308 1.145829 1.430927 1.770927 2.172032 2.640047 3.180049 3.796037 4.490542 5.264251 6.115635 7.040631 8.032387 9.081108 10.174016 11.295456 12.427145 13.548581 14.637602 15.671066 16.625651 17.478713 18.209171 18.798373 19.230882 19.495156 19.584053 19.495156 19.230882 18.798373 18.209171 17.478713 16.625651 15.671066 14.637602 13.548581 12.427145 11.295456 10.174016 9.081108 8.032387 7.040631 6.115635 5.264251 4.490542 3.796037 3.180049 2.640047 2.172032 1.770927 1.430927 1.145829 0.909308 0.715144 0.557406 0.430574 0.329630 0.250098 0.188063 0.140156 0.103523 0.075785 0.054987 0.039543 0.028186 0.019914 0.013949 0.009689 0.006678 0.004575 0.003127 0.002151 0.001518 0.001141 0.000965 0.000965 
0.000751 0.000751 0.000894 0.001202 0.001721 0.002526 0.003730 0.005494 0.008043 0.011681 0.016825 0.024023 0.034000 0.047697 0.066319 0.091394 0.124832 0.168989 0.226730 0.301492 0.397330 0.518960 0.671769 0.861799 1.095691 1.380586 1.723967 2.133443 2.616477 3.180049 3.830267 4.571932 5.408087 6.339549 7.364470 8.477953 9.671746 10.934053 12.249496 13.599231 14.961255 16.310900 17.621495 18.865200 20.013956 21.040518 21.919528 22.628545 23.149002 23.467012 23.573984 23.467012 23.149002 22.628545 21.919528 21.040518 20.013956 18.865200 17.621495 16.310900 14.961255 13.599231 12.249496 10.934053 9.671746 8.477953 7.364470 6.339549 5.408087 4.571932 3.830267 3.180049 2.616477 2.133443 1.723967 1.380587 1.095691 0.861799 0.671769 0.518960 0.397330 0.301492 0.226731 0.168990 0.124833 0.091395 0.066320 0.047698 0.034003 0.024027 0.016831 0.011692 0.008060 0.005523 0.003776 0.002598 0.001834 0.001378 0.001165 0.001165 
0.000899 0.000899 0.001070 0.001438 0.002059 0.003022 0.004462 0.006572 0.009619 0.013969 0.020117 0.028721 0.040645 0.057012 0.079263 0.109221 0.149167 0.201912 0.270877 0.360162 0.474608 0.619842 0.802291 1.029161 1.308375 1.648450 2.058308 2.547023 3.123493 3.796037 4.571932 5.456901 6.454560 7.565877 8.788640 10.116998 11.541102 13.046878 14.615978 16.225927 17.850482 19.460225 21.023353 22.506667 23.876711 25.101003 26.149306 26.994866 27.615548 27.994795 28.122366 27.994795 27.615548 26.994866 26.149306 25.101003 23.876711 22.506667 21.023353 19.460225 17.850482 16.225927 14.615978 13.046878 11.541102 10.116998 8.788640 7.565877 6.454560 5.456901 4.571932 3.796037 3.123493 2.547023 2.058308 1.648450 1.308375 1.029161 0.802291 0.619842 0.474608 0.360162 0.270877 0.201912 0.149167 0.109222 0.079264 0.057014 0.040648 0.028726 0.020125 0.013982 0.009640 0.006606 0.004517 0.003108 0.002194 0.001649 0.001395 0.001395 
0.001067 0.001067 0.001269 0.001706 0.002441 0.003583 0.005289 0.007789 0.011399 0.016553 0.023836 0.034026 0.048147 0.067528 0.093874 0.129342 0.176631 0.239065 0.320691 0.426359 0.561794 0.733648 0.949521 1.217932 1.548249 1.950535 2.435337 3.013379 3.695171 4.490542 5.408087 6.454560 7.634230 8.948226 10.393926 11.964405 13.648011 15.428103 17.282990 19.186102 21.106423 23.009182 24.856795 26.610030 28.229351 29.676377 30.915379 31.914747 32.648324 33.096550 33.247323 33.096550 32.648324 31.914747 30.915379 29.676377 28.229351 26.610030 24.856795 23.009182 21.106423 19.186102 17.282990 15.428103 13.648011 11.964405 10.393926 8.948226 7.634230 6.454560 5.408087 4.490542 3.695171 3.013379 2.435337 1.950535 1.548249 1.217932 0.949521 0.733648 0.561794 0.426359 0.320692 0.239065 0.176631 0.129343 0.093875 0.067530 0.048150 0.034032 0.023845 0.016568 0.011424 0.007830 0.005354 0.003685 0.002602 0.001956 0.001654 0.001654 
0.001254 0.001254 0.001492 0.002004 0.002868 0.004209 0.006213 0.009148 0.013386 0.019436 0.027984 0.039944 0.056516 0.079259 0.110170 0.151782 0.207255 0.280491 0.376230 0.500157 0.658982 0.860500 1.113616 1.428313 1.815562 2.287154 2.855440 3.532980 4.332081 5.264251 6.339549 7.565877 8.948226 10.487909 12.181841 14.021900 15.994429 18.079926 20.252976 22.482453 24.732027 26.960969 29.125260 31.178955 33.075752 34.770704 36.221971 37.392538 38.251776 38.776779 38.953379 38.776779 38.251776 37.392538 36.221971 34.770704 33.075752 31.178955 29.125260 26.960969 24.732027 22.482453 20.252976 18.079926 15.994429 14.021900 12.181841 10.487909 8.948226 7.565877 6.339549 5.264251 4.332081 3.532980 2.855440 2.287154 1.815562 1.428313 1.113616 0.860500 0.658982 0.500157 0.376230 0.280491 0.207256 0.151783 0.110172 0.079261 0.056520 0.039951 0.027995 0.019454 0.013416 0.009196 0.006289 0.004329 0.003057 0.002298 0.001944 0.001944 
0.001460 0.001460 0.001737 0.002334 0.003339 0.004899 0.007231 0.010646 0.015576 0.022614 0.032556 0.046466 0.065737 0.092181 0.128122 0.176498 0.240985 0.326113 0.437389 0.581417 0.765989 1.000158 1.294264 1.659898 2.109798 2.657652 3.317797 4.104809 5.032971 6.115635 7.364470 8.788640 10.393926 12.181841 14.148792 16.285338 18.575614 20.996973 23.519904 26.108271 28.719899 31.307512 33.820015 36.204081 38.405972 40.373522 42.058176 43.416974 44.414374 45.023792 45.228786 45.023792 44.414374 43.416974 42.058176 40.373522 38.405972 36.204081 33.820015 31.307512 28.719899 26.108271 23.519904 20.996973 18.575614 16.285338 14.148792 12.181841 10.393926 8.788640 7.364470 6.115635 5.032971 4.104809 3.317797 2.657652 2.109798 1.659898 1.294264 1.000158 0.765989 0.581417 0.437389 0.326113 0.240986 0.176499 0.128123 0.092184 0.065741 0.046473 0.032569 0.022635 0.015611 0.010701 0.007319 0.005039 0.003559 0.002675 0.002264 0.002264 
0.001684 0.001684 0.002004 0.002692 0.003852 0.005650 0.008339 0.012276 0.017959 0.026071 0.037530 0.053560 0.075767 0.106237 0.147645 0.203377 0.277662 0.375717 0.503882 0.669757 0.882311 1.151963 1.490611 1.911593 2.429564 3.060273 3.820211 4.726144 5.794500 7.040631 8.477953 10.116998 11.964405 14.021900 16.285338 18.743844 21.379154 24.165206 27.068041 30.046083 33.050812 36.027842 38.918399 41.661141 44.194260 46.457756 48.395781 49.958928 51.106318 51.807378 52.043198 51.807378 51.106318 49.958928 48.395781 46.457756 44.194260 41.661141 38.918399 36.027842 33.050812 30.046083 27.068041 24.165206 21.379154 18.743844 16.285338 14.021900 11.964405 10.116998 8.477953 7.040631 5.794500 4.726144 3.820211 3.060273 2.429564 1.911593 1.490611 1.151963 0.882311 0.669757 0.503882 0.375717 0.277663 0.203378 0.147647 0.106240 0.075772 0.053569 0.037545 0.026096 0.017999 0.012340 0.008441 0.005812 0.004105 0.003087 0.002612 0.002612 
0.001926 0.001926 0.002291 0.003077 0.004402 0.006457 0.009529 0.014026 0.020518 0.029783 0.042870 0.061175 0.086532 0.121322 0.168597 0.232220 0.317018 0.428940 0.575220 0.764527 1.007092 1.314796 1.701208 2.181539 2.772499 3.492040 4.358967 5.392389 6.611030 8.032387 9.671746 11.541102 13.648011 15.994429 18.575614 21.379154 24.384216 27.561072 30.871000 34.266595 37.692537 41.086823 44.382452 47.509500 50.397507 52.978084 55.187573 56.969659 58.277746 59.076990 59.345836 59.076990 58.277746 56.969659 55.187573 52.978084 50.397507 47.509500 44.382452 41.086823 37.692537 34.266595 30.871000 27.561072 24.384216 21.379154 18.575614 15.994429 13.648011 11.541102 9.671746 8.032387 6.611030 5.392389 4.358967 3.492040 2.772499 2.181539 1.701209 1.314796 1.007092 0.764527 0.575221 0.428940 0.317019 0.232222 0.168600 0.121326 0.086539 0.061186 0.042887 0.029811 0.020564 0.014099 0.009646 0.006642 0.004692 0.003528 0.002985 0.002985 
0.002182 0.002182 0.002595 0.003485 0.004985 0.007312 0.010789 0.015880 0.023228 0.033713 0.048524 0.069237 0.097928 0.137290 0.190773 0.262746 0.358665 0.485258 0.650702 0.864795 1.139103 1.487054 1.923982 2.467076 3.135219 3.948695 4.928748 6.096965 7.474499 9.081108 10.934053 13.046878 15.428103 18.079926 20.996973 24.165206 27.561072 31.150974 34.891151 38.728039 42.599131 46.434377 50.158083 53.691252 56.954290 59.869940 62.366294 64.379737 65.857636 66.760632 67.064377 66.760632 65.857636 64.379737 62.366294 59.869940 56.954290 53.691252 50.158083 46.434377 42.599131 38.728039 34.891151 31.150974 27.561072 24.165206 20.996973 18.079926 15.428103 13.046878 10.934053 9.081108 7.474499 6.096965 4.928748 3.948695 3.135219 2.467076 1.923982 1.487054 1.139103 0.864796 0.650702 0.485258 0.358666 0.262747 0.190775 0.137294 0.097935 0.069249 0.048543 0.033745 0.023279 0.015963 0.010922 0.007521 0.005314 0.003996 0.003382 0.003382 
0.002449 0.002449 0.002913 0.003912 0.005594 0.008204 0.012104 0.017814 0.026055 0.037814 0.054422 0.077647 0.109816 0.153945 0.213902 0.294581 0.402096 0.543985 0.729408 0.969341 1.276737 1.666638 2.156219 2.764727 3.513308 4.424675 5.522613 6.831292 8.374387 10.174016 12.249496 14.615978 17.282990 20.252976 23.519904 27.068041 30.871000 34.891151 39.079487 43.376025 47.710777 52.005309 56.174873 60.131028 63.784665 67.049293 69.844413 72.098810 73.753565 74.764615 75.104706 74.764615 73.753565 72.098810 69.844413 67.049293 63.784665 60.131028 56.174873 52.005309 47.710777 43.376025 39.079487 34.891151 30.871000 27.068041 23.519904 20.252976 17.282990 14.615978 12.249496 10.174016 8.374387 6.831292 5.522613 4.424675 3.513308 2.764727 2.156219 1.666639 1.276737 0.969341 0.729408 0.543985 0.402097 0.294582 0.213904 0.153950 0.109824 0.077660 0.054443 0.037850 0.026113 0.017907 0.012253 0.008439 0.005963 0.004485 0.003795 0.003795 
0.002723 0.002723 0.003239 0.004349 0.006220 0.009121 0.013456 0.019802 0.028960 0.042027 0.060480 0.086285 0.122025 0.171049 0.237652 0.327270 0.446690 0.604280 0.810210 1.076665 1.418022 1.850977 2.394592 3.070227 3.901349 4.913162 6.132056 7.584847 9.297803 11.295456 13.599231 16.225927 19.186102 22.482453 26.108271 30.046083 34.266595 38.728039 43.376025 48.143990 52.954271 57.719839 62.346661 66.736609 70.790820 74.413335 77.514845 80.016343 81.852463 82.974323 83.351687 82.974323 81.852463 80.016343 77.514845 74.413335 70.790820 66.736609 62.346661 57.719839 52.954271 48.143990 43.376025 38.728039 34.266595 30.046083 26.108271 22.482453 19.186102 16.225927 13.599231 11.295456 9.297803 7.584847 6.132056 4.913162 3.901349 3.070227 2.394592 1.850977 1.418022 1.076665 0.810211 0.604281 0.446691 0.327272 0.237655 0.171054 0.122033 0.086300 0.060504 0.042066 0.029024 0.019905 0.013621 0.009382 0.006630 0.004987 0.004220 0.004220 
0.003001 0.003001 0.003569 0.004792 0.006852 0.010047 0.014821 0.021809 0.031894 0.046282 0.066600 0.095010 0.134355 0.188322 0.261637 0.360279 0.491718 0.665158 0.891790 1.185016 1.560651 2.037062 2.635210 3.378591 4.293011 5.406186 6.747136 8.345345 10.229691 12.427145 14.961255 17.850482 21.106423 24.732027 28.719899 33.050812 37.692537 42.599131 47.710777 52.954271 58.244210 63.484897 68.572932 73.400421 77.858662 81.842147 85.252685 88.003409 90.022455 91.256077 91.671034 91.256077 90.022455 88.003409 85.252685 81.842147 77.858662 73.400421 68.572932 63.484897 58.244210 52.954271 47.710777 42.599131 37.692537 33.050812 28.719899 24.732027 21.106423 17.850482 14.961255 12.427145 10.229691 8.345345 6.747136 5.406186 4.293011 3.378591 2.635210 2.037062 1.560652 1.185016 0.891790 0.665159 0.491719 0.360281 0.261640 0.188328 0.134365 0.095026 0.066626 0.046326 0.031965 0.021924 0.015004 0.010335 0.007304 0.005494 0.004650 0.004650 
0.003276 0.003276 0.003896 0.005231 0.007479 0.010966 0.016176 0.023801 0.034805 0.050503 0.072669 0.103663 0.146583 0.205451 0.285419 0.393008 0.536361 0.725514 0.972666 1.292427 1.702037 2.221515 2.873709 3.684227 4.681193 5.894812 7.356705 9.099002 11.153167 13.548581 16.310900 19.460225 23.009182 26.960969 31.307512 36.027842 41.086823 46.434377 52.005309 57.719839 63.484897 69.196197 74.741067 80.001938 84.860363 89.201381 92.918001 95.915574 98.115799 99.460116 99.912308 99.460116 98.115799 95.915574 92.918001 89.201381 84.860363 80.001938 74.741067 69.196197 63.484897 57.719839 52.005309 46.434377 41.086823 36.027842 31.307512 26.960969 23.009182 19.460225 16.310900 13.548581 11.153167 9.099002 7.356705 5.894812 4.681193 3.684227 2.873709 2.221515 1.702037 1.292427 0.972666 0.725515 0.536362 0.393010 0.285423 0.205457 0.146593 0.103680 0.072698 0.050550 0.034882 0.023926 0.016375 0.011281 0.007973 0.005998 0.005077 0.005077 
0.003544 0.003544 0.004215 0.005658 0.008089 0.011859 0.017493 0.025737 0.037633 0.054605 0.078567 0.112071 0.158465 0.222095 0.308527 0.424807 0.579734 0.784151 1.051234 1.396769 1.839378 2.400684 3.105368 3.981086 5.058213 6.369371 7.948707 9.830917 12.049974 14.637602 17.621495 21.023353 24.856795 29.125260 33.820015 38.918399 44.382452 50.158083 56.174873 62.346661 68.572932 74.741067 80.729391 86.410945 91.657826 96.345894 100.359621 103.596804 105.972893 107.424659 107.912992 107.424659 105.972893 103.596804 100.359621 96.345894 91.657826 86.410945 80.729391 74.741067 68.572932 62.346661 56.174873 50.158083 44.382452 38.918399 33.820015 29.125260 24.856795 21.023353 17.621495 14.637602 12.049974 9.830917 7.948707 6.369371 5.058213 3.981086 3.105368 2.400684 1.839378 1.396769 1.051235 0.784152 0.579736 0.424810 0.308531 0.222101 0.158477 0.112090 0.078599 0.054656 0.037717 0.025872 0.017708 0.012200 0.008623 0.006487 0.005491 0.005491 
