0.000000 0.000000 0.000000 0.000000 0.000000 0.000000 0.000000 0.000000 0.000000 0.000000 0.000000 0.000000 0.000000 0.000000 0.000000 0.000000 0.000000 0.000000 0.000000 0.000000 0.000000 0.000001 0.000001 0.000001 0.000001 0.000002 0.000003 0.000004 0.000005 0.000007 0.000009 0.000011 0.000014 0.000018 0.000022 0.000027 0.000032 0.000038 0.000045 0.000052 0.000059 0.000067 0.000075 0.000083 0.000090 0.000097 0.000102 0.000107 0.000111 0.000113 0.000114 0.000113 0.000111 0.000107 0.000102 0.000097 0.000090 0.000083 0.000075 0.000067 0.000059 0.000052 0.000045 0.000038 0.000032 0.000027 0.000022 0.000018 0.000014 0.000011 0.000009 0.000007 0.000005 0.000004 0.000003 0.000002 0.000001 0.000001 0.000001 0.000001 0.000000 0.000000 0.000000 0.000000 0.000000 0.000000 0.000000 0.000000 0.000000 0.000000 0.000000 0.000000 0.000000 0.000000 0.000000 0.000000 0.000000 0.000000 0.000000 0.000000 
0.000000 0.000000 0.000000 0.000000 0.000000 0.000000 0.000000 0.000000 0.000000 0.000000 0.000000 0.000000 0.000000 0.000000 0.000000 0.000000 0.000000 0.000000 0.000000 0.000000 0.000000 0.000001 0.000001 0.000001 0.000001 0.000002 0.000003 0.000004 0.000005 0.000007 0.000009 0.000011 0.000014 0.000018 0.000022 0.000027 0.000032 0.000038 0.000045 0.000052 0.000059 0.000067 0.000075 0.000083 0.000090 0.000097 0.000102 0.000107 0.000111 0.000113 0.000114 0.000113 0.000111 0.000107 0.000102 0.000097 0.000090 0.000083 0.000075 0.000067 0.000059 0.000052 0.000045 0.000038 0.000032 0.000027 0.000022 0.000018 0.000014 0.000011 0.000009 0.000007 0.000005 0.000004 0.000003 0.000002 0.000001 0.000001 0.000001 0.000001 0.000000 0.000000 0.000000 0.000000 0.000000 0.000000 0.000000 0.000000 0.000000 0.000000 0.000000 0.000000 0.000000 0.000000 0.000000 0.000000 0.000000 0.000000 0.000000 0.000000 
0.000000 0.000000 0.000000 0.000000 0.000000 0.000000 0.000000 0.000000 0.000000 0.000000 0.000000 0.000000 0.000000 0.000000 0.000000 0.000000 0.000000 0.000000 0.000000 0.000000 0.000000 0.000001 0.000001 0.000001 0.000002 0.000003 0.000004 0.000005 0.000007 0.000009 0.000012 0.000015 0.000019 0.000024 0.000030 0.000036 0.000044 0.000052 0.000061 0.000071 0.000081 0.000092 0.000102 0.000113 0.000122 0.000131 0.000139 0.000146 0.000151 0.000153 0.000154 0.000153 0.000151 0.000146 0.000139 0.000131 0.000122 0.000113 0.000102 0.000092 0.000081 0.000071 0.000061 0.000052 0.000044 0.000036 0.000030 0.000024 0.000019 0.000015 0.000012 0.000009 0.000007 0.000005 0.000004 0.000003 0.000002 0.000001 0.000001 0.000001 0.000000 0.000000 0.000000 0.000000 0.000000 0.000000 0.000000 0.000000 0.000000 0.000000 0.000000 0.000000 0.000000 0.000000 0.000000 0.000000 0.000000 0.000000 0.000000 0.000000 
0.000000 0.000000 0.000000 0.000000 0.000000 0.000000 0.000000 0.000000 0.000000 0.000000 0.000000 0.000000 0.000000 0.000000 0.000000 0.000000 0.000000 0.000000 0.000000 0.000001 0.000001 0.000001 0.000002 0.000002 0.000003 0.000004 0.000006 0.000008 0.000011 0.000015 0.000019 0.000024 0.000031 0.000039 0.000048 0.000058 0.000070 0.000084 0.000098 0.000114 0.000130 0.000147 0.000165 0.000181 0.000197 0.000212 0.000224 0.000235 0.000242 0.000247 0.000249 0.000247 0.000242 0.000235 0.000224 0.000212 0.000197 0.000181 0.000165 0.000147 0.000130 0.000114 0.000098 0.000084 0.000070 0.000058 0.000048 0.000039 0.000031 0.000024 0.000019 0.000015 0.000011 0.000008 0.000006 0.000004 0.000003 0.000002 0.000002 0.000001 0.000001 0.000001 0.000000 0.000000 0.000000 0.000000 0.000000 0.000000 0.000000 0.000000 0.000000 0.000000 0.000000 0.000000 0.000000 0.000000 0.000000 0.000000 0.000000 0.000000 
0.000000 0.000000 0.000000 0.000000 0.000000 0.000000 0.000000 0.000000 0.000000 0.000000 0.000000 0.000000 0.000000 0.000000 0.000000 0.000000 0.000000 0.000000 0.000001 0.000001 0.000001 0.000002 0.000003 0.000004 0.000006 0.000008 0.000010 0.000014 0.000019 0.000025 0.000032 0.000042 0.000053 0.000066 0.000082 0.000100 0.000120 0.000143 0.000168 0.000195 0.000223 0.000252 0.000281 0.000310 0.000337 0.000362 0.000383 0.000401 0.000414 0.000422 0.000425 0.000422 0.000414 0.000401 0.000383 0.000362 0.000337 0.000310 0.000281 0.000252 0.000223 0.000195 0.000168 0.000143 0.000120 0.000100 0.000082 0.000066 0.000053 0.000042 0.000032 0.000025 0.000019 0.000014 0.000010 0.000008 0.000006 0.000004 0.000003 0.000002 0.000001 0.000001 0.000001 0.000000 0.000000 0.000000 0.000000 0.000000 0.000000 0.000000 0.000000 0.000000 0.000000 0.000000 0.000000 0.000000 0.000000 0.000000 0.000000 0.000000 
0.000000 0.000000 0.000000 0.000000 0.000000 0.000000 0.000000 0.000000 0.000000 0.000000 0.000000 0.000000 0.000000 0.000000 0.000000 0.000000 0.000000 0.000001 0.000001 0.000002 0.000002 0.000003 0.000005 0.000007 0.000010 0.000013 0.000018 0.000025 0.000033 0.000043 0.000056 0.000072 0.000091 0.000115 0.000142 0.000173 0.000208 0.000247 0.000291 0.000337 0.000386 0.000436 0.000486 0.000535 0.000582 0.000625 0.000662 0.000692 0.000715 0.000729 0.000734 0.000729 0.000715 0.000692 0.000662 0.000625 0.000582 0.000535 0.000486 0.000436 0.000386 0.000337 0.000291 0.000247 0.000208 0.000173 0.000142 0.000115 0.000091 0.000072 0.000056 0.000043 0.000033 0.000025 0.000018 0.000013 0.000010 0.000007 0.000005 0.000003 0.000002 0.000002 0.000001 0.000001 0.000000 0.000000 0.000000 0.000000 0.000000 0.000000 0.000000 0.000000 0.000000 0.000000 0.000000 0.000000 0.000000 0.000000 0.000000 0.000000 
0.000000 0.000000 0.000000 0.000000 0.000000 0.000000 0.000000 0.000000 0.000000 0.000000 0.000000 0.000000 0.000000 0.000000 0.000000 0.000001 0.000001 0.000001 0.000002 0.000003 0.000004 0.000006 0.000008 0.000012 0.000017 0.000023 0.000031 0.000042 0.000057 0.000075 0.000097 0.000124 0.000158 0.000197 0.000244 0.000297 0.000358 0.000426 0.000500 0.000580 0.000663 0.000750 0.000836 0.000921 0.001001 0.001074 0.001138 0.001191 0.001229 0.001253 0.001261 0.001253 0.001229 0.001191 0.001138 0.001074 0.001001 0.000921 0.000836 0.000750 0.000663 0.000580 0.000500 0.000426 0.000358 0.000297 0.000244 0.000197 0.000158 0.000124 0.000097 0.000075 0.000057 0.000042 0.000031 0.000023 0.000017 0.000012 0.000008 0.000006 0.000004 0.000003 0.000002 0.000001 0.000001 0.000001 0.000000 0.000000 0.000000 0.000000 0.000000 0.000000 0.000000 0.000000 0.000000 0.000000 0.000000 0.000000 0.000000 0.000000 
0.000000 0.000000 0.000000 0.000000 0.000000 0.000000 0.000000 0.000000 0.000000 0.000000 0.000000 0.000000 0.000000 0.000000 0.000001 0.000001 0.000001 0.000002 0.000003 0.000005 0.000007 0.000010 0.000014 0.000020 0.000028 0.000039 0.000054 0.000073 0.000097 0.000127 0.000166 0.000212 0.000269 0.000337 0.000416 0.000507 0.000611 0.000726 0.000853 0.000988 0.001131 0.001277 0.001424 0.001568 0.001705 0.001829 0.001938 0.002027 0.002093 0.002134 0.002148 0.002134 0.002093 0.002027 0.001938 0.001829 0.001705 0.001568 0.001424 0.001277 0.001131 0.000988 0.000853 0.000726 0.000611 0.000507 0.000416 0.000337 0.000269 0.000212 0.000166 0.000127 0.000097 0.000073 0.000054 0.000039 0.000028 0.000020 0.000014 0.000010 0.000007 0.000005 0.000003 0.000002 0.000001 0.000001 0.000001 0.000000 0.000000 0.000000 0.000000 0.000000 0.000000 0.000000 0.000000 0.000000 0.000000 0.000000 0.000000 0.000000 
0.000000 0.000000 0.000000 0.000000 0.000000 0.000000 0.000000 0.000000 0.000000 0.000000 0.000000 0.000000 0.000000 0.000001 0.000001 0.000001 0.000002 0.000003 0.000005 0.000008 0.000012 0.000017 0.000024 0.000034 0.000048 0.000067 0.000091 0.000123 0.000164 0.000215 0.000280 0.000359 0.000454 0.000568 0.000702 0.000856 0.001030 0.001225 0.001437 0.001665 0.001905 0.002152 0.002399 0.002641 0.002871 0.003080 0.003263 0.003413 0.003524 0.003593 0.003616 0.003593 0.003524 0.003413 0.003263 0.003080 0.002871 0.002641 0.002399 0.002152 0.001905 0.001665 0.001437 0.001225 0.001030 0.000856 0.000702 0.000568 0.000454 0.000359 0.000280 0.000215 0.000164 0.000123 0.000091 0.000067 0.000048 0.000034 0.000024 0.000017 0.000012 0.000008 0.000005 0.000003 0.000002 0.000001 0.000001 0.000001 0.000000 0.000000 0.000000 0.000000 0.000000 0.000000 0.000000 0.000000 0.000000 0.000000 0.000000 0.000000 
0.000000 0.000000 0.000000 0.000000 0.000000 0.000000 0.000000 0.000000 0.000000 0.000000 0.000000 0.000000 0.000001 0.000001 0.000002 0.000002 0.000004 0.000006 0.000009 0.000013 0.000019 0.000028 0.000041 0.000057 0.000081 0.000111 0.000152 0.000205 0.000273 0.000359 0.000467 0.000599 0.000758 0.000948 0.001170 0.001427 0.001717 0.002041 0.002394 0.002774 0.003172 0.003583 0.003994 0.004397 0.004778 0.005127 0.005431 0.005680 0.005865 0.005979 0.006017 0.005979 0.005865 0.005680 0.005431 0.005127 0.004778 0.004397 0.003994 0.003583 0.003172 0.002774 0.002394 0.002041 0.001717 0.001427 0.001170 0.000948 0.000758 0.000599 0.000467 0.000359 0.000273 0.000205 0.000152 0.000111 0.000081 0.000057 0.000041 0.000028 0.000019 0.000013 0.000009 0.000006 0.000004 0.000002 0.000002 0.000001 0.000001 0.000000 0.000000 0.000000 0.000000 0.000000 0.000000 0.000000 0.000000 0.000000 0.000000 0.000000 
0.000000 0.000000 0.000000 0.000000 0.000000 0.000000 0.000000 0.000000 0.000000 0.000000 0.000000 0.000001 0.000001 0.000002 0.000003 0.000004 0.000006 0.000010 0.000015 0.000022 0.000032 0.000047 0.000067 0.000095 0.000133 0.000184 0.000251 0.000339 0.000451 0.000593 0.000770 0.000987 0.001250 0.001562 0.001928 0.002350 0.002828 0.003360 0.003942 0.004566 0.005221 0.005895 0.006572 0.007233 0.007860 0.008433 0.008933 0.009342 0.009645 0.009832 0.009895 0.009832 0.009645 0.009342 0.008933 0.008433 0.007860 0.007233 0.006572 0.005895 0.005221 0.004566 0.003942 0.003360 0.002828 0.002350 0.001928 0.001562 0.001250 0.000987 0.000770 0.000593 0.000451 0.000339 0.000251 0.000184 0.000133 0.000095 0.000067 0.000047 0.000032 0.000022 0.000015 0.000010 0.000006 0.000004 0.000003 0.000002 0.000001 0.000001 0.000000 0.000000 0.000000 0.000000 0.000000 0.000000 0.000000 0.000000 0.000000 0.000000 
0.000000 0.000000 0.000000 0.000000 0.000000 0.000000 0.000000 0.000000 0.000000 0.000000 0.000001 0.000001 0.000002 0.000003 0.000004 0.000007 0.000010 0.000016 0.000024 0.000036 0.000053 0.000076 0.000110 0.000155 0.000217 0.000300 0.000410 0.000553 0.000736 0.000967 0.001255 0.001609 0.002036 0.002544 0.003140 0.003826 0.004602 0.005467 0.006412 0.007426 0.008491 0.009586 0.010684 0.011758 0.012776 0.013706 0.014517 0.015181 0.015674 0.015977 0.016080 0.015977 0.015674 0.015181 0.014517 0.013706 0.012776 0.011758 0.010684 0.009586 0.008491 0.007426 0.006412 0.005467 0.004602 0.003826 0.003140 0.002544 0.002036 0.001609 0.001255 0.000967 0.000736 0.000553 0.000410 0.000300 0.000217 0.000155 0.000110 0.000076 0.000053 0.000036 0.000024 0.000016 0.000010 0.000007 0.000004 0.000003 0.000002 0.000001 0.000001 0.000000 0.000000 0.000000 0.000000 0.000000 0.000000 0.000000 0.000000 0.000000 
0.000000 0.000000 0.000000 0.000000 0.000000 0.000000 0.000000 0.000000 0.000000 0.000001 0.000001 0.000002 0.000003 0.000004 0.000007 0.000011 0.000017 0.000026 0.000039 0.000058 0.000085 0.000123 0.000177 0.000251 0.000351 0.000485 0.000661 0.000891 0.001186 0.001558 0.002021 0.002590 0.003277 0.004094 0.005051 0.006153 0.007401 0.008790 0.010307 0.011935 0.013644 0.015401 0.017165 0.018888 0.020521 0.022013 0.023314 0.024379 0.025169 0.025656 0.025820 0.025656 0.025169 0.024379 0.023314 0.022013 0.020521 0.018888 0.017165 0.015401 0.013644 0.011935 0.010307 0.008790 0.007401 0.006153 0.005051 0.004094 0.003277 0.002590 0.002021 0.001558 0.001186 0.000891 0.000661 0.000485 0.000351 0.000251 0.000177 0.000123 0.000085 0.000058 0.000039 0.000026 0.000017 0.000011 0.000007 0.000004 0.000003 0.000002 0.000001 0.000001 0.000000 0.000000 0.000000 0.000000 0.000000 0.000000 0.000000 0.000000 
0.000000 0.000000 0.000000 0.000000 0.000000 0.000000 0.000000 0.000000 0.000001 0.000001 0.000002 0.000003 0.000004 0.000007 0.000011 0.000017 0.000027 0.000041 0.000062 0.000092 0.000136 0.000197 0.000282 0.000400 0.000559 0.000772 0.001053 0.001419 0.001888 0.002480 0.003217 0.004120 0.005212 0.006510 0.008029 0.009778 0.011759 0.013963 0.016371 0.018952 0.021663 0.024450 0.027246 0.029978 0.032567 0.034932 0.036995 0.038682 0.039935 0.040706 0.040967 0.040706 0.039935 0.038682 0.036995 0.034932 0.032567 0.029978 0.027246 0.024450 0.021663 0.018952 0.016371 0.013963 0.011759 0.009778 0.008029 0.006510 0.005212 0.004120 0.003217 0.002480 0.001888 0.001419 0.001053 0.000772 0.000559 0.000400 0.000282 0.000197 0.000136 0.000092 0.000062 0.000041 0.000027 0.000017 0.000011 0.000007 0.000004 0.000003 0.000002 0.000001 0.000001 0.000000 0.000000 0.000000 0.000000 0.000000 0.000000 0.000000 
0.000000 0.000000 0.000000 0.000000 0.000000 0.000000 0.000000 0.000001 0.000001 0.000002 0.000003 0.000004 0.000007 0.000011 0.000018 0.000028 0.000043 0.000065 0.000098 0.000146 0.000214 0.000311 0.000445 0.000630 0.000881 0.001216 0.001658 0.002233 0.002969 0.003899 0.005057 0.006476 0.008189 0.010226 0.012610 0.015354 0.018460 0.021916 0.025691 0.029737 0.033986 0.038352 0.042733 0.047014 0.051069 0.054773 0.058003 0.060647 0.062609 0.063816 0.064224 0.063816 0.062609 0.060647 0.058003 0.054773 0.051069 0.047014 0.042733 0.038352 0.033986 0.029737 0.025691 0.021916 0.018460 0.015354 0.012610 0.010226 0.008189 0.006476 0.005057 0.003899 0.002969 0.002233 0.001658 0.001216 0.000881 0.000630 0.000445 0.000311 0.000214 0.000146 0.000098 0.000065 0.000043 0.000028 0.000018 0.000011 0.000007 0.000004 0.000003 0.000002 0.000001 0.000001 0.000000 0.000000 0.000000 0.000000 0.000000 0.000000 
0.000000 0.000000 0.000000 0.000000 0.000000 0.000000 0.000001 0.000001 0.000001 0.000002 0.000004 0.000007 0.000011 0.000017 0.000028 0.000043 0.000067 0.000101 0.000153 0.000227 0.000334 0.000484 0.000693 0.000981 0.001371 0.001892 0.002579 0.003471 0.004614 0.006058 0.007854 0.010055 0.012713 0.015871 0.019566 0.023819 0.028633 0.033986 0.039834 0.046100 0.052680 0.059440 0.066223 0.072848 0.079125 0.084858 0.089856 0.093947 0.096983 0.098851 0.099482 0.098851 0.096983 0.093947 0.089856 0.084858 0.079125 0.072848 0.066223 0.059440 0.052680 0.046100 0.039834 0.033986 0.028633 0.023819 0.019566 0.015871 0.012713 0.010055 0.007854 0.006058 0.004614 0.003471 0.002579 0.001892 0.001371 0.000981 0.000693 0.000484 0.000334 0.000227 0.000153 0.000101 0.000067 0.000043 0.000028 0.000017 0.000011 0.000007 0.000004 0.000002 0.000001 0.000001 0.000001 0.000000 0.000000 0.000000 0.000000 0.000000 
0.000000 0.000000 0.000000 0.000000 0.000000 0.000000 0.000001 0.000001 0.000002 0.000004 0.000006 0.000010 0.000017 0.000027 0.000043 0.000067 0.000103 0.000156 0.000235 0.000350 0.000514 0.000745 0.001066 0.001508 0.002107 0.002907 0.003961 0.005331 0.007085 0.009298 0.012052 0.015426 0.019498 0.024337 0.029996 0.036509 0.043878 0.052073 0.061022 0.070610 0.080677 0.091019 0.101393 0.111527 0.121126 0.129892 0.137535 0.143790 0.148432 0.151288 0.152253 0.151288 0.148432 0.143790 0.137535 0.129892 0.121126 0.111527 0.101393 0.091019 0.080677 0.070610 0.061022 0.052073 0.043878 0.036509 0.029996 0.024337 0.019498 0.015426 0.012052 0.009298 0.007085 0.005331 0.003961 0.002907 0.002107 0.001508 0.001066 0.000745 0.000514 0.000350 0.000235 0.000156 0.000103 0.000067 0.000043 0.000027 0.000017 0.000010 0.000006 0.000004 0.000002 0.000001 0.000001 0.000000 0.000000 0.000000 0.000000 0.000000 
0.000000 0.000000 0.000000 0.000000 0.000000 0.000001 0.000001 0.000002 0.000003 0.000006 0.000010 0.000016 0.000026 0.000041 0.000065 0.000101 0.000156 0.000238 0.000358 0.000532 0.000781 0.001132 0.001621 0.002291 0.003200 0.004414 0.006012 0.008088 0.010746 0.014100 0.018271 0.023380 0.029544 0.036868 0.045432 0.055284 0.066431 0.078825 0.092357 0.106853 0.122070 0.137702 0.153380 0.168693 0.183197 0.196442 0.207989 0.217438 0.224449 0.228764 0.230221 0.228764 0.224449 0.217438 0.207989 0.196442 0.183197 0.168693 0.153380 0.137702 0.122070 0.106853 0.092357 0.078825 0.066431 0.055284 0.045432 0.036868 0.029544 0.023380 0.018271 0.014100 0.010746 0.008088 0.006012 0.004414 0.003200 0.002291 0.001621 0.001132 0.000781 0.000532 0.000358 0.000238 0.000156 0.000101 0.000065 0.000041 0.000026 0.000016 0.000010 0.000006 0.000003 0.000002 0.000001 0.000001 0.000000 0.000000 0.000000 0.000000 
0.000000 0.000000 0.000000 0.000000 0.000001 0.000001 0.000002 0.000003 0.000005 0.000009 0.000015 0.000024 0.000039 0.000062 0.000098 0.000153 0.000235 0.000358 0.000539 0.000800 0.001173 0.001700 0.002433 0.003439 0.004801 0.006619 0.009014 0.012123 0.016103 0.021123 0.027363 0.035006 0.044226 0.055177 0.067981 0.082707 0.099365 0.117883 0.138099 0.159751 0.182479 0.205821 0.229231 0.252093 0.273746 0.293517 0.310753 0.324856 0.335321 0.341761 0.343935 0.341761 0.335321 0.324856 0.310753 0.293517 0.273746 0.252093 0.229231 0.205821 0.182479 0.159751 0.138099 0.117883 0.099365 0.082707 0.067981 0.055177 0.044226 0.035006 0.027363 0.021123 0.016103 0.012123 0.009014 0.006619 0.004801 0.003439 0.002433 0.001700 0.001173 0.000800 0.000539 0.000358 0.000235 0.000153 0.000098 0.000062 0.000039 0.000024 0.000015 0.000009 0.000005 0.000003 0.000002 0.000001 0.000001 0.000000 0.000000 0.000000 
0.000000 0.000000 0.000000 0.000001 0.000001 0.000002 0.000003 0.000005 0.000008 0.000013 0.000022 0.000036 0.000058 0.000092 0.000146 0.000227 0.000350 0.000532 0.000800 0.001187 0.001741 0.002522 0.003608 0.005098 0.007115 0.009807 0.013351 0.017950 0.023836 0.031259 0.040484 0.051781 0.065404 0.081582 0.100492 0.122239 0.146833 0.174168 0.204005 0.235959 0.269494 0.303932 0.338467 0.372189 0.404125 0.433284 0.458702 0.479499 0.494931 0.504427 0.507633 0.504427 0.494931 0.479499 0.458702 0.433284 0.404125 0.372189 0.338467 0.303932 0.269494 0.235959 0.204005 0.174168 0.146833 0.122239 0.100492 0.081582 0.065404 0.051781 0.040484 0.031259 0.023836 0.017950 0.013351 0.009807 0.007115 0.005098 0.003608 0.002522 0.001741 0.001187 0.000800 0.000532 0.000350 0.000227 0.000146 0.000092 0.000058 0.000036 0.000022 0.000013 0.000008 0.000005 0.000003 0.000002 0.000001 0.000001 0.000000 0.000000 
0.000000 0.000000 0.000000 0.000001 0.000001 0.000002 0.000004 0.000007 0.000012 0.000019 0.000032 0.000053 0.000085 0.000136 0.000214 0.000334 0.000514 0.000781 0.001173 0.001741 0.002552 0.003695 0.005285 0.007465 0.010415 0.014352 0.019533 0.026256 0.034856 0.045699 0.059171 0.075664 0.095551 0.119161 0.146753 0.178479 0.214352 0.254217 0.297724 0.344311 0.393197 0.443393 0.493724 0.542867 0.589404 0.631890 0.668924 0.699224 0.721706 0.735541 0.740211 0.735541 0.721706 0.699224 0.668924 0.631890 0.589404 0.542867 0.493724 0.443393 0.393197 0.344311 0.297724 0.254217 0.214352 0.178479 0.146753 0.119161 0.095551 0.075664 0.059171 0.045699 0.034856 0.026256 0.019533 0.014352 0.010415 0.007465 0.005285 0.003695 0.002552 0.001741 0.001173 0.000781 0.000514 0.000334 0.000214 0.000136 0.000085 0.000053 0.000032 0.000019 0.000012 0.000007 0.000004 0.000002 0.000001 0.000001 0.000001 0.000001 
0.000001 0.000001 0.000001 0.000001 0.000002 0.000003 0.000006 0.000010 0.000017 0.000028 0.000047 0.000076 0.000123 0.000197 0.000311 0.000484 0.000745 0.001132 0.001700 0.002522 0.003695 0.005349 0.007647 0.010798 0.015061 0.020748 0.028230 0.037936 0.050349 0.065996 0.085433 0.109221 0.137899 0.171939 0.211713 0.257437 0.309129 0.366565 0.429238 0.496338 0.566742 0.639025 0.711494 0.782246 0.849241 0.910399 0.963706 1.007320 1.039677 1.059590 1.066312 1.059590 1.039677 1.007320 0.963706 0.910399 0.849241 0.782246 0.711494 0.639025 0.566742 0.496338 0.429238 0.366565 0.309129 0.257437 0.211713 0.171939 0.137899 0.109221 0.085433 0.065996 0.050349 0.037936 0.028230 0.020748 0.015061 0.010798 0.007647 0.005349 0.003695 0.002522 0.001700 0.001132 0.000745 0.000484 0.000311 0.000197 0.000123 0.000076 0.000047 0.000028 0.000017 0.000010 0.000006 0.000003 0.000002 0.000001 0.000001 0.000001 
0.000001 0.000001 0.000001 0.000002 0.000003 0.000005 0.000008 0.000014 0.000024 0.000041 0.000067 0.000110 0.000177 0.000282 0.000445 0.000693 0.001066 0.001621 0.002433 0.003608 0.005285 0.007647 0.010929 0.015429 0.021513 0.029628 0.040302 0.054145 0.071843 0.094148 0.121848 0.155744 0.196596 0.245079 0.301718 0.366818 0.440403 0.522152 0.611342 0.706821 0.806987 0.909816 1.012901 1.113533 1.208815 1.295790 1.371595 1.433612 1.479623 1.507936 1.517494 1.507936 1.479623 1.433612 1.371595 1.295790 1.208815 1.113533 1.012901 0.909816 0.806987 0.706821 0.611342 0.522152 0.440403 0.366818 0.301718 0.245079 0.196596 0.155744 0.121848 0.094148 0.071843 0.054145 0.040302 0.029628 0.021513 0.015429 0.010929 0.007647 0.005285 0.003608 0.002433 0.001621 0.001066 0.000693 0.000445 0.000282 0.000177 0.000110 0.000067 0.000041 0.000024 0.000014 0.000008 0.000005 0.000003 0.000002 0.000001 0.000001 
0.000001 0.000001 0.000001 0.000002 0.000004 0.000007 0.000012 0.000020 0.000034 0.000057 0.000095 0.000155 0.000251 0.000400 0.000630 0.000981 0.001508 0.002291 0.003439 0.005098 0.007465 0.010798 0.015429 0.021774 0.030353 0.041792 0.056833 0.076334 0.101262 0.132670 0.171667 0.219376 0.276865 0.345080 0.424755 0.516317 0.619798 0.734742 0.860131 0.994343 1.135130 1.279643 1.424501 1.565901 1.699774 1.821968 1.928462 2.015584 2.080217 2.119990 2.133416 2.119990 2.080217 2.015584 1.928462 1.821968 1.699774 1.565901 1.424501 1.279643 1.135130 0.994343 0.860131 0.734742 0.619798 0.516317 0.424755 0.345080 0.276865 0.219376 0.171667 0.132670 0.101262 0.076334 0.056833 0.041792 0.030353 0.021774 0.015429 0.010798 0.007465 0.005098 0.003439 0.002291 0.001508 0.000981 0.000630 0.000400 0.000251 0.000155 0.000095 0.000057 0.000034 0.000020 0.000012 0.000007 0.000004 0.000003 0.000002 0.000002 
0.000001 0.000001 0.000002 0.000003 0.000006 0.000010 0.000017 0.000028 0.000048 0.000081 0.000133 0.000217 0.000351 0.000559 0.000881 0.001371 0.002107 0.003200 0.004801 0.007115 0.010415 0.015061 0.021513 0.030353 0.042300 0.058226 0.079162 0.106301 0.140982 0.184669 0.238902 0.305236 0.385153 0.479962 0.590679 0.717896 0.861651 1.021305 1.195447 1.381818 1.577297 1.777929 1.979022 2.175299 2.361113 2.530707 2.678504 2.799410 2.889104 2.944297 2.962928 2.944297 2.889104 2.799410 2.678504 2.530707 2.361113 2.175299 1.979022 1.777929 1.577297 1.381818 1.195447 1.021305 0.861651 0.717896 0.590679 0.479962 0.385153 0.305236 0.238902 0.184669 0.140982 0.106301 0.079162 0.058226 0.042300 0.030353 0.021513 0.015061 0.010415 0.007115 0.004801 0.003200 0.002107 0.001371 0.000881 0.000559 0.000351 0.000217 0.000133 0.000081 0.000048 0.000028 0.000017 0.000010 0.000006 0.000004 0.000003 0.000003 
0.000002 0.000002 0.000003 0.000004 0.000008 0.000013 0.000023 0.000039 0.000067 0.000111 0.000184 0.000300 0.000485 0.000772 0.001216 0.001892 0.002907 0.004414 0.006619 0.009807 0.014352 0.020748 0.029628 0.041792 0.058226 0.080128 0.108913 0.146217 0.193879 0.253904 0.328404 0.419508 0.529248 0.659415 0.811397 0.986000 1.183272 1.402334 1.641242 1.896899 2.165020 2.440182 2.715952 2.985096 3.239875 3.472400 3.675030 3.840786 3.963749 4.039412 4.064953 4.039412 3.963749 3.840786 3.675030 3.472400 3.239875 2.985096 2.715952 2.440182 2.165020 1.896899 1.641242 1.402334 1.183272 0.986000 0.811397 0.659415 0.529248 0.419508 0.328404 0.253904 0.193879 0.146217 0.108913 0.080128 0.058226 0.041792 0.029628 0.020748 0.014352 0.009807 0.006619 0.004414 0.002907 0.001892 0.001216 0.000772 0.000485 0.000300 0.000184 0.000111 0.000067 0.000039 0.000023 0.000013 0.000008 0.000005 0.000004 0.000004 
0.000003 0.000003 0.000004 0.000006 0.000010 0.000018 0.000031 0.000054 0.000091 0.000152 0.000251 0.000410 0.000661 0.001053 0.001658 0.002579 0.003961 0.006012 0.009014 0.013351 0.019533 0.028230 0.040302 0.056833 0.079162 0.108913 0.148005 0.198655 0.263353 0.344818 0.445908 0.569505 0.718357 0.894887 1.100968 1.337688 1.605103 1.902017 2.225790 2.572222 2.935506 3.308296 3.681876 4.046453 4.391549 4.706484 4.980916 5.205399 5.371922 5.474387 5.508975 5.474387 5.371922 5.205399 4.980916 4.706484 4.391549 4.046453 3.681876 3.308296 2.935506 2.572222 2.225790 1.902017 1.605103 1.337688 1.100968 0.894887 0.718357 0.569505 0.445908 0.344818 0.263353 0.198655 0.148005 0.108913 0.079162 0.056833 0.040302 0.028230 0.019533 0.013351 0.009014 0.006012 0.003961 0.002579 0.001658 0.001053 0.000661 0.000410 0.000251 0.000152 0.000091 0.000054 0.000032 0.000018 0.000011 0.000007 0.000005 0.000005 
0.000004 0.000004 0.000005 0.000008 0.000014 0.000025 0.000042 0.000073 0.000123 0.000205 0.000339 0.000553 0.000891 0.001419 0.002233 0.003471 0.005331 0.008088 0.012123 0.017950 0.026256 0.037936 0.054145 0.076334 0.106301 0.146217 0.198655 0.266581 0.353330 0.462537 0.598028 0.763655 0.963092 1.199573 1.475599 1.792616 2.150693 2.548217 2.981653 3.445370 3.931597 4.430501 4.930422 5.418259 5.880000 6.301363 6.668518 6.968837 7.191610 7.328684 7.374955 7.328684 7.191610 6.968837 6.668518 6.301363 5.880000 5.418259 4.930422 4.430501 3.931597 3.445370 2.981653 2.548217 2.150693 1.792616 1.475599 1.199573 0.963092 0.763655 0.598028 0.462537 0.353330 0.266581 0.198655 0.146217 0.106301 0.076334 0.054145 0.037936 0.026256 0.017950 0.012123 0.008088 0.005331 0.003471 0.002233 0.001419 0.000891 0.000553 0.000339 0.000205 0.000123 0.000073 0.000043 0.000025 0.000015 0.000009 0.000007 0.000007 
0.000005 0.000005 0.000007 0.000011 0.000019 0.000033 0.000057 0.000097 0.000164 0.000273 0.000451 0.000736 0.001186 0.001888 0.002969 0.004614 0.007085 0.010746 0.016103 0.023836 0.034856 0.050349 0.071843 0.101262 0.140982 0.193879 0.263353 0.353330 0.468217 0.612821 0.792193 1.011424 1.275363 1.588279 1.953469 2.372832 2.846448 3.372177 3.945333 4.558470 5.201308 5.860848 6.521681 7.166496 7.776780 8.333667 8.818890 9.215770 9.510164 9.691303 9.752448 9.691303 9.510164 9.215770 8.818890 8.333667 7.776780 7.166496 6.521681 5.860848 5.201308 4.558470 3.945333 3.372177 2.846448 2.372832 1.953469 1.588279 1.275363 1.011424 0.792193 0.612821 0.468217 0.353330 0.263353 0.193879 0.140982 0.101262 0.071843 0.050349 0.034856 0.023836 0.016103 0.010746 0.007085 0.004614 0.002969 0.001888 0.001186 0.000736 0.000451 0.000273 0.000164 0.000097 0.000057 0.000033 0.000020 0.000012 0.000009 0.000009 
0.000007 0.000007 0.000009 0.000015 0.000025 0.000043 0.000075 0.000127 0.000215 0.000359 0.000593 0.000967 0.001558 0.002480 0.003899 0.006058 0.009298 0.014100 0.021123 0.031259 0.045699 0.065996 0.094148 0.132670 0.184669 0.253904 0.344818 0.462537 0.612821 0.801940 1.036491 1.323115 1.668137 2.077121 2.554359 3.102319 3.721092 4.407870 5.156524 5.957319 6.796829 7.658079 8.520954 9.362857 10.159628 10.886649 11.520087 12.038178 12.422474 12.658925 12.738740 12.658925 12.422474 12.038178 11.520087 10.886649 10.159628 9.362857 8.520954 7.658079 6.796829 5.957319 5.156524 4.407870 3.721092 3.102319 2.554359 2.077121 1.668137 1.323115 1.036491 0.801940 0.612821 0.462537 0.344818 0.253904 0.184669 0.132670 0.094148 0.065996 0.045699 0.031259 0.021123 0.014100 0.009298 0.006058 0.003899 0.002480 0.001558 0.000967 0.000593 0.000359 0.000215 0.000128 0.000075 0.000044 0.000026 0.000016 0.000012 0.000012 
0.000009 0.000009 0.000012 0.000019 0.000032 0.000056 0.000097 0.000166 0.000280 0.000467 0.000770 0.001255 0.002021 0.003217 0.005057 0.007854 0.012052 0.018271 0.027363 0.040484 0.059171 0.085433 0.121848 0.171667 0.238902 0.328404 0.445908 0.598028 0.792193 1.036491 1.339427 1.709559 2.155036 2.683023 3.299041 4.006258 4.804774 5.690951 6.656869 7.689962 8.772905 9.883806 10.996721 12.082519 13.110054 14.047593 14.864417 15.532480 16.028006 16.332891 16.435804 16.332891 16.028006 15.532480 14.864417 14.047593 13.110054 12.082519 10.996721 9.883806 8.772905 7.689962 6.656869 5.690951 4.804774 4.006258 3.299041 2.683023 2.155036 1.709559 1.339427 1.036491 0.792193 0.598028 0.445908 0.328404 0.238902 0.171667 0.121848 0.085433 0.059171 0.040484 0.027363 0.018271 0.012052 0.007854 0.005057 0.003217 0.002021 0.001255 0.000770 0.000467 0.000280 0.000166 0.000097 0.000057 0.000034 0.000021 0.000016 0.000016 
0.000011 0.000011 0.000015 0.000024 0.000042 0.000072 0.000124 0.000212 0.000359 0.000599 0.000987 0.001609 0.002590 0.004120 0.006476 0.010055 0.015426 0.023380 0.035006 0.051781 0.075664 0.109221 0.155744 0.219376 0.305236 0.419508 0.569505 0.763655 1.011424 1.323115 1.709559 2.181652 2.749764 3.423009 4.208403 5.109963 6.127795 7.257246 8.488208 9.804658 11.184517 12.599892 14.017737 15.400951 16.709874 17.904101 18.944524 19.795438 20.426576 20.814894 20.945970 20.814894 20.426576 19.795438 18.944524 17.904101 16.709874 15.400951 14.017737 12.599892 11.184517 9.804658 8.488208 7.257246 6.127795 5.109963 4.208403 3.423009 2.749764 2.181652 1.709559 1.323115 1.011424 0.763655 0.569505 0.419508 0.305236 0.219376 0.155744 0.109221 0.075664 0.051781 0.035006 0.023380 0.015426 0.010055 0.006476 0.004120 0.002590 0.001609 0.000987 0.000599 0.000359 0.000213 0.000125 0.000073 0.000043 0.000027 0.000020 0.000020 
0.000014 0.000014 0.000019 0.000031 0.000053 0.000091 0.000158 0.000269 0.000454 0.000758 0.001250 0.002036 0.003277 0.005212 0.008189 0.012713 0.019498 0.029544 0.044226 0.065404 0.095551 0.137899 0.196596 0.276865 0.385153 0.529248 0.718357 0.963092 1.275363 1.668137 2.155036 2.749764 3.465358 4.313266 5.302299 6.437489 7.718944 9.140785 10.690270 12.347223 14.083850 15.865047 17.649236 19.389748 21.036695 22.539263 23.848268 24.918812 25.712837 26.201366 26.366267 26.201366 25.712837 24.918812 23.848268 22.539263 21.036695 19.389748 17.649236 15.865047 14.083850 12.347223 10.690270 9.140785 7.718944 6.437489 5.302299 4.313266 3.465358 2.749764 2.155036 1.668137 1.275363 0.963092 0.718357 0.529248 0.385153 0.276865 0.196596 0.137899 0.095551 0.065404 0.044226 0.029544 0.019498 0.012713 0.008189 0.005212 0.003277 0.002036 0.001250 0.000758 0.000455 0.000270 0.000158 0.000093 0.000055 0.000034 0.000025 0.000025 
0.000018 0.000018 0.000024 0.000039 0.000066 0.000115 0.000197 0.000337 0.000568 0.000948 0.001562 0.002544 0.004094 0.006510 0.010226 0.015871 0.024337 0.036868 0.055177 0.081582 0.119161 0.171939 0.245079 0.345080 0.479962 0.659415 0.894887 1.199573 1.588279 2.077121 2.683023 3.423009 4.313266 5.368006 6.598154 8.009937 9.603461 11.371391 13.297866 15.357788 17.516599 19.730665 21.948316 24.111560 26.158417 28.025761 29.652495 30.982853 31.969561 32.576632 32.781545 32.576632 31.969561 30.982853 29.652495 28.025761 26.158417 24.111560 21.948316 19.730665 17.516599 15.357788 13.297866 11.371391 9.603461 8.009937 6.598154 5.368006 4.313266 3.423009 2.683023 2.077121 1.588279 1.199573 0.894887 0.659415 0.479962 0.345080 0.245079 0.171939 0.119161 0.081582 0.055177 0.036868 0.024337 0.015871 0.010226 0.006510 0.004094 0.002544 0.001562 0.000948 0.000569 0.000337 0.000198 0.000116 0.000069 0.000043 0.000032 0.000032 
0.000022 0.000022 0.000030 0.000048 0.000082 0.000142 0.000244 0.000416 0.000702 0.001170 0.001928 0.003140 0.005051 0.008029 0.012610 0.019566 0.029996 0.045432 0.067981 0.100492 0.146753 0.211713 0.301718 0.424755 0.590679 0.811397 1.100968 1.475599 1.953469 2.554359 3.299041 4.208403 5.302299 6.598154 8.109351 9.843504 11.800709 13.971930 16.337667 18.867083 21.517740 24.236067 26.958639 29.614281 32.126931 34.419128 36.415909 38.048853 39.259961 40.005085 40.256594 40.005085 39.259961 38.048853 36.415909 34.419128 32.126931 29.614281 26.958639 24.236067 21.517740 18.867083 16.337667 13.971930 11.800709 9.843504 8.109351 6.598154 5.302299 4.208403 3.299041 2.554359 1.953469 1.475599 1.100968 0.811397 0.590679 0.424755 0.301718 0.211713 0.146753 0.100492 0.067981 0.045432 0.029996 0.019566 0.012610 0.008029 0.005051 0.003140 0.001928 0.001170 0.000702 0.000416 0.000245 0.000143 0.000085 0.000053 0.000039 0.000039 
0.000027 0.000027 0.000036 0.000058 0.000100 0.000173 0.000297 0.000507 0.000856 0.001427 0.002350 0.003826 0.006153 0.009778 0.015354 0.023819 0.036509 0.055284 0.082707 0.122239 0.178479 0.257437 0.366818 0.516317 0.717896 0.986000 1.337688 1.792616 2.372832 3.102319 4.006258 5.109963 6.437489 8.009937 9.843504 11.947386 14.321662 16.955338 19.824737 22.892440 26.106974 29.403374 32.704743 35.924798 38.971343 41.750492 44.171394 46.151130 47.619419 48.522760 48.827672 48.522760 47.619419 46.151130 44.171394 41.750492 38.971343 35.924798 32.704743 29.403374 26.106974 22.892440 19.824737 16.955338 14.321662 11.947386 9.843504 8.009937 6.437489 5.109963 4.006258 3.102319 2.372832 1.792616 1.337688 0.986000 0.717896 0.516317 0.366818 0.257437 0.178479 0.122239 0.082707 0.055284 0.036509 0.023819 0.015354 0.009778 0.006153 0.003826 0.002350 0.001427 0.000856 0.000508 0.000298 0.000175 0.000103 0.000065 0.000048 0.000048 
0.000032 0.000032 0.000044 0.000070 0.000120 0.000208 0.000358 0.000611 0.001030 0.001717 0.002828 0.004602 0.007401 0.011759 0.018460 0.028633 0.043878 0.066431 0.099365 0.146833 0.214352 0.309129 0.440403 0.619798 0.861651 1.183272 1.605103 2.150693 2.846448 3.721092 4.804774 6.127795 7.718944 9.603461 11.800709 14.321662 17.166373 20.321631 23.759044 27.433770 31.284141 35.232350 39.186310 43.042709 46.691164 50.019281 52.918305 55.288980 57.047183 58.128876 58.493987 58.128876 57.047183 55.288980 52.918305 50.019281 46.691164 43.042709 39.186310 35.232350 31.284141 27.433770 23.759044 20.321631 17.166373 14.321662 11.800709 9.603461 7.718944 6.127795 4.804774 3.721092 2.846448 2.150693 1.605103 1.183272 0.861651 0.619798 0.440403 0.309129 0.214352 0.146833 0.099365 0.066431 0.043878 0.028633 0.018460 0.011759 0.007401 0.004602 0.002828 0.001717 0.001031 0.000612 0.000360 0.000210 0.000125 0.000078 0.000058 0.000058 
0.000038 0.000038 0.000052 0.000084 0.000143 0.000247 0.000426 0.000726 0.001225 0.002041 0.003360 0.005467 0.008790 0.013963 0.021916 0.033986 0.052073 0.078825 0.117883 0.174168 0.254217 0.366565 0.522152 0.734742 1.021305 1.402334 1.902017 2.548217 3.372177 4.407870 5.690951 7.257246 9.140785 11.371391 13.971930 16.955338 20.321631 24.055138 28.122231 32.469836 37.024986 41.695637 46.372871 50.934506 55.250011 59.186486 62.615343 65.419231 67.498690 68.778016 69.209833 68.778016 67.498690 65.419231 62.615343 59.186486 55.250011 50.934506 46.372871 41.695637 37.024986 32.469836 28.122231 24.055138 20.321631 16.955338 13.971930 11.371391 9.140785 7.257246 5.690951 4.407870 3.372177 2.548217 1.902017 1.402334 1.021305 0.734742 0.522152 0.366565 0.254217 0.174168 0.117883 0.078825 0.052073 0.033986 0.021916 0.013963 0.008790 0.005467 0.003360 0.002041 0.001225 0.000727 0.000428 0.000250 0.000148 0.000093 0.000069 0.000069 
0.000045 0.000045 0.000061 0.000098 0.000168 0.000291 0.000500 0.000853 0.001437 0.002394 0.003942 0.006412 0.010307 0.016371 0.025691 0.039834 0.061022 0.092357 0.138099 0.204005 0.297724 0.429238 0.611342 0.860131 1.195447 1.641242 2.225790 2.981653 3.945333 5.156524 6.656869 8.488208 10.690270 13.297866 16.337667 19.824737 23.759044 28.122231 32.874967 37.955207 43.277682 48.734851 54.199472 59.528825 64.570454 69.169144 73.174724 76.450152 78.879288 80.373727 80.878149 80.373727 78.879288 76.450152 73.174724 69.169144 64.570454 59.528825 54.199472 48.734851 43.277682 37.955207 32.874967 28.122231 23.759044 19.824737 16.337667 13.297866 10.690270 8.488208 6.656869 5.156524 3.945333 2.981653 2.225790 1.641242 1.195447 0.860131 0.611342 0.429238 0.297724 0.204005 0.138099 0.092357 0.061022 0.039834 0.025691 0.016371 0.010307 0.006412 0.003942 0.002395 0.001438 0.000854 0.000502 0.000294 0.000174 0.000109 0.000081 0.000081 
0.000052 0.000052 0.000071 0.000114 0.000195 0.000337 0.000580 0.000988 0.001665 0.002774 0.004566 0.007426 0.011935 0.018952 0.029737 0.046100 0.070610 0.106853 0.159751 0.235959 0.344311 0.496338 0.706821 0.994343 1.381818 1.896899 2.572222 3.445370 4.558470 5.957319 7.689962 9.804658 12.347223 15.357788 18.867083 22.892440 27.433770 32.469836 37.955207 43.818253 49.960559 56.258023 62.563833 68.713333 74.530648 79.836733 84.458368 88.237489 91.040136 92.764349 93.346326 92.764349 91.040136 88.237489 84.458368 79.836733 74.530648 68.713333 62.563833 56.258023 49.960559 43.818253 37.955207 32.469836 27.433770 22.892440 18.867083 15.357788 12.347223 9.804658 7.689962 5.957319 4.558470 3.445370 2.572222 1.896899 1.381818 0.994343 0.706821 0.496338 0.344311 0.235959 0.159751 0.106853 0.070610 0.046100 0.029737 0.018952 0.011935 0.007426 0.004566 0.002774 0.001666 0.000989 0.000582 0.000341 0.000202 0.000127 0.000094 0.000094 
0.000059 0.000059 0.000081 0.000130 0.000223 0.000386 0.000663 0.001131 0.001905 0.003172 0.005221 0.008491 0.013644 0.021663 0.033986 0.052680 0.080677 0.122070 0.182479 0.269494 0.393197 0.566742 0.806987 1.135130 1.577297 2.165020 2.935506 3.931597 5.201308 6.796829 8.772905 11.184517 14.083850 17.516599 21.517740 26.106974 31.284141 37.024986 43.277682 49.960559 56.961429 64.138852 71.325523 78.333821 84.963353 91.010128 96.276802 100.583301 103.777021 105.741809 106.404984 105.741809 103.777021 100.583301 96.276802 91.010128 84.963353 78.333821 71.325523 64.138852 56.961429 49.960559 43.277682 37.024986 31.284141 26.106974 21.517740 17.516599 14.083850 11.184517 8.772905 6.796829 5.201308 3.931597 2.935506 2.165020 1.577297 1.135130 0.806987 0.566742 0.393197 0.269494 0.182479 0.122070 0.080677 0.052680 0.033986 0.021664 0.013644 0.008491 0.005221 0.003173 0.001906 0.001132 0.000666 0.000390 0.000231 0.000145 0.000108 0.000108 
0.000067 0.000067 0.000092 0.000147 0.000252 0.000436 0.000750 0.001277 0.002152 0.003583 0.005895 0.009586 0.015401 0.024450 0.038352 0.059440 0.091019 0.137702 0.205821 0.303932 0.443393 0.639025 0.909816 1.279643 1.777929 2.440182 3.308296 4.430501 5.860848 7.658079 9.883806 12.599892 15.865047 19.730665 24.236067 29.403374 35.232350 41.695637 48.734851 56.258023 64.138852 72.218128 80.307544 88.195947 95.657826 102.463630 108.391302 113.238218 116.832675 119.043981 119.790361 119.043981 116.832675 113.238218 108.391302 102.463630 95.657826 88.195947 80.307544 72.218128 64.138852 56.258023 48.734851 41.695637 35.232350 29.403374 24.236067 19.730665 15.865047 12.599892 9.883806 7.658079 5.860848 4.430501 3.308296 2.440182 1.777929 1.279643 0.909816 0.639025 0.443393 0.303932 0.205821 0.137702 0.091019 0.059440 0.038352 0.024450 0.015401 0.009586 0.005895 0.003583 0.002152 0.001278 0.000752 0.000441 0.000261 0.000164 0.000122 0.000122 
0.000075 0.000075 0.000102 0.000165 0.000281 0.000486 0.000836 0.001424 0.002399 0.003994 0.006572 0.010684 0.017165 0.027246 0.042733 0.066223 0.101393 0.153380 0.229231 0.338467 0.493724 0.711494 1.012901 1.424501 1.979022 2.715952 3.681876 4.930422 6.521681 8.520954 10.996721 14.017737 17.649236 21.948316 26.958639 32.704743 39.186310 46.372871 54.199472 62.563833 71.325523 80.307544 89.300570 98.069898 106.364878 113.930384 120.519625 125.907421 129.902951 132.360982 133.190635 132.360982 129.902951 125.907421 120.519625 113.930384 106.364878 98.069898 89.300570 80.307544 71.325523 62.563833 54.199472 46.372871 39.186310 32.704743 26.958639 21.948316 17.649236 14.017737 10.996721 8.520954 6.521681 4.930422 3.681876 2.715952 1.979022 1.424501 1.012901 0.711494 0.493724 0.338467 0.229231 0.153380 0.101393 0.066223 0.042734 0.027246 0.017165 0.010685 0.006572 0.003995 0.002400 0.001426 0.000839 0.000492 0.000292 0.000183 0.000136 0.000136 
