0.000000 0.000000 0.000000 0.000000 0.000000 0.000000 0.000000 0.000000 0.000000 0.000000 0.000000 0.000000 0.000000 0.000000 0.000000 0.000000 0.000000 0.000000 0.000000 0.000000 0.000000 0.000000 0.000000 0.000000 0.000000 0.000000 0.000000 0.000000 0.000000 0.000000 0.000000 0.000000 0.000000 0.000000 0.000000 0.000000 0.000000 0.000000 0.000000 0.000000 0.000000 0.000000 0.000000 0.000000 0.000000 0.000000 0.000000 0.000000 0.000000 0.000000 0.000000 0.000000 0.000000 0.000000 0.000000 0.000000 0.000000 0.000000 0.000000 0.000000 0.000000 0.000000 0.000000 0.000000 0.000000 0.000000 0.000000 0.000000 0.000000 0.000000 0.000000 0.000000 0.000000 0.000000 0.000000 0.000000 0.000000 0.000000 0.000000 0.000000 0.000000 0.000000 0.000000 0.000000 0.000000 0.000000 0.000000 0.000000 0.000000 0.000000 0.000000 0.000000 0.000000 0.000000 0.000000 0.000000 0.000000 0.000000 0.000000 0.000000 
0.000000 0.000000 0.000000 0.000000 0.000000 0.000000 0.000000 0.000000 0.000000 0.000000 0.000000 0.000000 0.000000 0.000000 0.000000 0.000000 0.000000 0.000000 0.000000 0.000000 0.000000 0.000000 0.000000 0.000000 0.000000 0.000000 0.000000 0.000000 0.000000 0.000000 0.000000 0.000000 0.000000 0.000000 0.000000 0.000000 0.000000 0.000000 0.000000 0.000000 0.000000 0.000000 0.000000 0.000000 0.000000 0.000000 0.000000 0.000000 0.000000 0.000000 0.000000 0.000000 0.000000 0.000000 0.000000 0.000000 0.000000 0.000000 0.000000 0.000000 0.000000 0.000000 0.000000 0.000000 0.000000 0.000000 0.000000 0.000000 0.000000 0.000000 0.000000 0.000000 0.000000 0.000000 0.000000 0.000000 0.000000 0.000000 0.000000 0.000000 0.000000 0.000000 0.000000 0.000000 0.000000 0.000000 0.000000 0.000000 0.000000 0.000000 0.000000 0.000000 0.000000 0.000000 0.000000 0.000000 0.000000 0.000000 0.000000 0.000000 
0.000000 0.000000 0.000000 0.000000 0.000000 0.000000 0.000000 0.000000 0.000000 0.000000 0.000000 0.000000 0.000000 0.000000 0.000000 0.000000 0.000000 0.000000 0.000000 0.000000 0.000000 0.000000 0.000000 0.000000 0.000000 0.000000 0.000000 0.000000 0.000000 0.000000 0.000000 0.000000 0.000000 0.000000 0.000000 0.000000 0.000000 0.000000 0.000000 0.000000 0.000000 0.000000 0.000000 0.000000 0.000000 0.000000 0.000000 0.000000 0.000000 0.000000 0.000000 0.000000 0.000000 0.000000 0.000000 0.000000 0.000000 0.000000 0.000000 0.000000 0.000000 0.000000 0.000000 0.000000 0.000000 0.000000 0.000000 0.000000 0.000000 0.000000 0.000000 0.000000 0.000000 0.000000 0.000000 0.000000 0.000000 0.000000 0.000000 0.000000 0.000000 0.000000 0.000000 0.000000 0.000000 0.000000 0.000000 0.000000 0.000000 0.000000 0.000000 0.000000 0.000000 0.000000 0.000000 0.000000 0.000000 0.000000 0.000000 0.000000 
0.000000 0.000000 0.000000 0.000000 0.000000 0.000000 0.000000 0.000000 0.000000 0.000000 0.000000 0.000000 0.000000 0.000000 0.000000 0.000000 0.000000 0.000000 0.000000 0.000000 0.000000 0.000000 0.000000 0.000000 0.000000 0.000000 0.000000 0.000000 0.000000 0.000000 0.000000 0.000000 0.000000 0.000000 0.000000 0.000000 0.000000 0.000000 0.000000 0.000000 0.000000 0.000000 0.000000 0.000000 0.000000 0.000000 0.000000 0.000000 0.000000 0.000000 0.000000 0.000000 0.000000 0.000000 0.000000 0.000000 0.000000 0.000000 0.000000 0.000000 0.000000 0.000000 0.000000 0.000000 0.000000 0.000000 0.000000 0.000000 0.000000 0.000000 0.000000 0.000000 0.000000 0.000000 0.000000 0.000000 0.000000 0.000000 0.000000 0.000000 0.000000 0.000000 0.000000 0.000000 0.000000 0.000000 0.000000 0.000000 0.000000 0.000000 0.000000 0.000000 0.000000 0.000000 0.000000 0.000000 0.000000 0.000000 0.000000 0.000000 
0.000000 0.000000 0.000000 0.000000 0.000000 0.000000 0.000000 0.000000 0.000000 0.000000 0.000000 0.000000 0.000000 0.000000 0.000000 0.000000 0.000000 0.000000 0.000000 0.000000 0.000000 0.000000 0.000000 0.000000 0.000000 0.000000 0.000000 0.000000 0.000000 0.000000 0.000000 0.000000 0.000000 0.000000 0.000000 0.000000 0.000000 0.000000 0.000000 0.000000 0.000000 0.000000 0.000000 0.000000 0.000000 0.000000 0.000000 0.000000 0.000000 0.000000 0.000000 0.000000 0.000000 0.000000 0.000000 0.000000 0.000000 0.000000 0.000000 0.000000 0.000000 0.000000 0.000000 0.000000 0.000000 0.000000 0.000000 0.000000 0.000000 0.000000 0.000000 0.000000 0.000000 0.000000 0.000000 0.000000 0.000000 0.000000 0.000000 0.000000 0.000000 0.000000 0.000000 0.000000 0.000000 0.000000 0.000000 0.000000 0.000000 0.000000 0.000000 0.000000 0.000000 0.000000 0.000000 0.000000 0.000000 0.000000 0.000000 0.000000 
0.000000 0.000000 0.000000 0.000000 0.000000 0.000000 0.000000 0.000000 0.000000 0.000000 0.000000 0.000000 0.000000 0.000000 0.000000 0.000000 0.000000 0.000000 0.000000 0.000000 0.000000 0.000000 0.000000 0.000000 0.000000 0.000000 0.000000 0.000000 0.000000 0.000000 0.000000 0.000000 0.000000 0.000000 0.000000 0.000000 0.000000 0.000000 0.000000 0.000000 0.000000 0.000000 0.000000 0.000000 0.000000 0.000000 0.000000 0.000000 0.000000 0.000000 0.000000 0.000000 0.000000 0.000000 0.000000 0.000000 0.000000 0.000000 0.000000 0.000000 0.000000 0.000000 0.000000 0.000000 0.000000 0.000000 0.000000 0.000000 0.000000 0.000000 0.000000 0.000000 0.000000 0.000000 0.000000 0.000000 0.000000 0.000000 0.000000 0.000000 0.000000 0.000000 0.000000 0.000000 0.000000 0.000000 0.000000 0.000000 0.000000 0.000000 0.000000 0.000000 0.000000 0.000000 0.000000 0.000000 0.000000 0.000000 0.000000 0.000000 
0.000000 0.000000 0.000000 0.000000 0.000000 0.000000 0.000000 0.000000 0.000000 0.000000 0.000000 0.000000 0.000000 0.000000 0.000000 0.000000 0.000000 0.000000 0.000000 0.000000 0.000000 0.000000 0.000000 0.000000 0.000000 0.000000 0.000000 0.000000 0.000000 0.000000 0.000000 0.000000 0.000000 0.000000 0.000000 0.000000 0.000000 0.000000 0.000000 0.000000 0.000000 0.000000 0.000000 0.000000 0.000000 0.000000 0.000000 0.000000 0.000000 0.000000 0.000000 0.000000 0.000000 0.000000 0.000000 0.000000 0.000000 0.000000 0.000000 0.000000 0.000000 0.000000 0.000000 0.000000 0.000000 0.000000 0.000000 0.000000 0.000000 0.000000 0.000000 0.000000 0.000000 0.000000 0.000000 0.000000 0.000000 0.000000 0.000000 0.000000 0.000000 0.000000 0.000000 0.000000 0.000000 0.000000 0.000000 0.000000 0.000000 0.000000 0.000000 0.000000 0.000000 0.000000 0.000000 0.000000 0.000000 0.000000 0.000000 0.000000 
0.000000 0.000000 0.000000 0.000000 0.000000 0.000000 0.000000 0.000000 0.000000 0.000000 0.000000 0.000000 0.000000 0.000000 0.000000 0.000000 0.000000 0.000000 0.000000 0.000000 0.000000 0.000000 0.000000 0.000000 0.000000 0.000000 0.000000 0.000000 0.000000 0.000000 0.000000 0.000000 0.000000 0.000000 0.000000 0.000000 0.000000 0.000000 0.000000 0.000000 0.000000 0.000000 0.000000 0.000001 0.000001 0.000001 0.000001 0.000001 0.000001 0.000001 0.000001 0.000001 0.000001 0.000001 0.000001 0.000001 0.000001 0.000001 0.000000 0.000000 0.000000 0.000000 0.000000 0.000000 0.000000 0.000000 0.000000 0.000000 0.000000 0.000000 0.000000 0.000000 0.000000 0.000000 0.000000 0.000000 0.000000 0.000000 0.000000 0.000000 0.000000 0.000000 0.000000 0.000000 0.000000 0.000000 0.000000 0.000000 0.000000 0.000000 0.000000 0.000000 0.000000 0.000000 0.000000 0.000000 0.000000 0.000000 0.000000 0.000000 
0.000000 0.000000 0.000000 0.000000 0.000000 0.000000 0.000000 0.000000 0.000000 0.000000 0.000000 0.000000 0.000000 0.000000 0.000000 0.000000 0.000000 0.000000 0.000000 0.000000 0.000000 0.000000 0.000000 0.000000 0.000000 0.000000 0.000000 0.000000 0.000000 0.000000 0.000000 0.000000 0.000000 0.000000 0.000000 0.000000 0.000000 0.000000 0.000000 0.000001 0.000001 0.000001 0.000001 0.000001 0.000002 0.000002 0.000002 0.000002 0.000002 0.000002 0.000002 0.000002 0.000002 0.000002 0.000002 0.000002 0.000002 0.000001 0.000001 0.000001 0.000001 0.000001 0.000000 0.000000 0.000000 0.000000 0.000000 0.000000 0.000000 0.000000 0.000000 0.000000 0.000000 0.000000 0.000000 0.000000 0.000000 0.000000 0.000000 0.000000 0.000000 0.000000 0.000000 0.000000 0.000000 0.000000 0.000000 0.000000 0.000000 0.000000 0.000000 0.000000 0.000000 0.000000 0.000000 0.000000 0.000000 0.000000 0.000000 0.000000 
0.000000 0.000000 0.000000 0.000000 0.000000 0.000000 0.000000 0.000000 0.000000 0.000000 0.000000 0.000000 0.000000 0.000000 0.000000 0.000000 0.000000 0.000000 0.000000 0.000000 0.000000 0.000000 0.000000 0.000000 0.000000 0.000000 0.000000 0.000000 0.000000 0.000000 0.000000 0.000000 0.000000 0.000000 0.000000 0.000000 0.000001 0.000001 0.000001 0.000001 0.000002 0.000002 0.000003 0.000003 0.000004 0.000004 0.000005 0.000005 0.000005 0.000006 0.000006 0.000006 0.000005 0.000005 0.000005 0.000004 0.000004 0.000003 0.000003 0.000002 0.000002 0.000001 0.000001 0.000001 0.000001 0.000000 0.000000 0.000000 0.000000 0.000000 0.000000 0.000000 0.000000 0.000000 0.000000 0.000000 0.000000 0.000000 0.000000 0.000000 0.000000 0.000000 0.000000 0.000000 0.000000 0.000000 0.000000 0.000000 0.000000 0.000000 0.000000 0.000000 0.000000 0.000000 0.000000 0.000000 0.000000 0.000000 0.000000 0.000000 
0.000000 0.000000 0.000000 0.000000 0.000000 0.000000 0.000000 0.000000 0.000000 0.000000 0.000000 0.000000 0.000000 0.000000 0.000000 0.000000 0.000000 0.000000 0.000000 0.000000 0.000000 0.000000 0.000000 0.000000 0.000000 0.000000 0.000000 0.000000 0.000000 0.000000 0.000000 0.000000 0.000000 0.000000 0.000001 0.000001 0.000001 0.000002 0.000002 0.000003 0.000004 0.000005 0.000006 0.000007 0.000009 0.000010 0.000011 0.000012 0.000012 0.000013 0.000013 0.000013 0.000012 0.000012 0.000011 0.000010 0.000009 0.000007 0.000006 0.000005 0.000004 0.000003 0.000002 0.000002 0.000001 0.000001 0.000001 0.000000 0.000000 0.000000 0.000000 0.000000 0.000000 0.000000 0.000000 0.000000 0.000000 0.000000 0.000000 0.000000 0.000000 0.000000 0.000000 0.000000 0.000000 0.000000 0.000000 0.000000 0.000000 0.000000 0.000000 0.000000 0.000000 0.000000 0.000000 0.000000 0.000000 0.000000 0.000000 0.000000 
0.000000 0.000000 0.000000 0.000000 0.000000 0.000000 0.000000 0.000000 0.000000 0.000000 0.000000 0.000000 0.000000 0.000000 0.000000 0.000000 0.000000 0.000000 0.000000 0.000000 0.000000 0.000000 0.000000 0.000000 0.000000 0.000000 0.000000 0.000000 0.000000 0.000000 0.000000 0.000000 0.000001 0.000001 0.000001 0.000002 0.000003 0.000004 0.000006 0.000007 0.000009 0.000012 0.000014 0.000017 0.000020 0.000022 0.000025 0.000027 0.000028 0.000029 0.000030 0.000029 0.000028 0.000027 0.000025 0.000022 0.000020 0.000017 0.000014 0.000012 0.000009 0.000007 0.000006 0.000004 0.000003 0.000002 0.000001 0.000001 0.000001 0.000000 0.000000 0.000000 0.000000 0.000000 0.000000 0.000000 0.000000 0.000000 0.000000 0.000000 0.000000 0.000000 0.000000 0.000000 0.000000 0.000000 0.000000 0.000000 0.000000 0.000000 0.000000 0.000000 0.000000 0.000000 0.000000 0.000000 0.000000 0.000000 0.000000 0.000000 
0.000000 0.000000 0.000000 0.000000 0.000000 0.000000 0.000000 0.000000 0.000000 0.000000 0.000000 0.000000 0.000000 0.000000 0.000000 0.000000 0.000000 0.000000 0.000000 0.000000 0.000000 0.000000 0.000000 0.000000 0.000000 0.000000 0.000000 0.000000 0.000000 0.000000 0.000001 0.000001 0.000002 0.000002 0.000003 0.000005 0.000007 0.000009 0.000012 0.000016 0.000021 0.000026 0.000032 0.000038 0.000044 0.000050 0.000055 0.000060 0.000064 0.000066 0.000067 0.000066 0.000064 0.000060 0.000055 0.000050 0.000044 0.000038 0.000032 0.000026 0.000021 0.000016 0.000012 0.000009 0.000007 0.000005 0.000003 0.000002 0.000002 0.000001 0.000001 0.000000 0.000000 0.000000 0.000000 0.000000 0.000000 0.000000 0.000000 0.000000 0.000000 0.000000 0.000000 0.000000 0.000000 0.000000 0.000000 0.000000 0.000000 0.000000 0.000000 0.000000 0.000000 0.000000 0.000000 0.000000 0.000000 0.000000 0.000000 0.000000 
0.000000 0.000000 0.000000 0.000000 0.000000 0.000000 0.000000 0.000000 0.000000 0.000000 0.000000 0.000000 0.000000 0.000000 0.000000 0.000000 0.000000 0.000000 0.000000 0.000000 0.000000 0.000000 0.000000 0.000000 0.000000 0.000000 0.000000 0.000000 0.000001 0.000001 0.000001 0.000002 0.000003 0.000005 0.000008 0.000011 0.000015 0.000021 0.000028 0.000036 0.000046 0.000057 0.000070 0.000083 0.000097 0.000110 0.000122 0.000132 0.000140 0.000145 0.000147 0.000145 0.000140 0.000132 0.000122 0.000110 0.000097 0.000083 0.000070 0.000057 0.000046 0.000036 0.000028 0.000021 0.000015 0.000011 0.000008 0.000005 0.000003 0.000002 0.000001 0.000001 0.000001 0.000000 0.000000 0.000000 0.000000 0.000000 0.000000 0.000000 0.000000 0.000000 0.000000 0.000000 0.000000 0.000000 0.000000 0.000000 0.000000 0.000000 0.000000 0.000000 0.000000 0.000000 0.000000 0.000000 0.000000 0.000000 0.000000 0.000000 
0.000000 0.000000 0.000000 0.000000 0.000000 0.000000 0.000000 0.000000 0.000000 0.000000 0.000000 0.000000 0.000000 0.000000 0.000000 0.000000 0.000000 0.000000 0.000000 0.000000 0.000000 0.000000 0.000000 0.000000 0.000000 0.000000 0.000000 0.000001 0.000001 0.000002 0.000003 0.000005 0.000008 0.000011 0.000016 0.000023 0.000033 0.000045 0.000060 0.000078 0.000099 0.000124 0.000151 0.000179 0.000209 0.000237 0.000263 0.000285 0.000302 0.000313 0.000317 0.000313 0.000302 0.000285 0.000263 0.000237 0.000209 0.000179 0.000151 0.000124 0.000099 0.000078 0.000060 0.000045 0.000033 0.000023 0.000016 0.000011 0.000008 0.000005 0.000003 0.000002 0.000001 0.000001 0.000000 0.000000 0.000000 0.000000 0.000000 0.000000 0.000000 0.000000 0.000000 0.000000 0.000000 0.000000 0.000000 0.000000 0.000000 0.000000 0.000000 0.000000 0.000000 0.000000 0.000000 0.000000 0.000000 0.000000 0.000000 0.000000 
0.000000 0.000000 0.000000 0.000000 0.000000 0.000000 0.000000 0.000000 0.000000 0.000000 0.000000 0.000000 0.000000 0.000000 0.000000 0.000000 0.000000 0.000000 0.000000 0.000000 0.000000 0.000000 0.000000 0.000000 0.000000 0.000001 0.000001 0.000002 0.000003 0.000004 0.000007 0.000011 0.000016 0.000024 0.000035 0.000050 0.000070 0.000095 0.000127 0.000166 0.000211 0.000263 0.000320 0.000380 0.000442 0.000502 0.000557 0.000604 0.000640 0.000663 0.000670 0.000663 0.000640 0.000604 0.000557 0.000502 0.000442 0.000380 0.000320 0.000263 0.000211 0.000166 0.000127 0.000095 0.000070 0.000050 0.000035 0.000024 0.000016 0.000011 0.000007 0.000004 0.000003 0.000002 0.000001 0.000001 0.000000 0.000000 0.000000 0.000000 0.000000 0.000000 0.000000 0.000000 0.000000 0.000000 0.000000 0.000000 0.000000 0.000000 0.000000 0.000000 0.000000 0.000000 0.000000 0.000000 0.000000 0.000000 0.000000 0.000000 
0.000000 0.000000 0.000000 0.000000 0.000000 0.000000 0.000000 0.000000 0.000000 0.000000 0.000000 0.000000 0.000000 0.000000 0.000000 0.000000 0.000000 0.000000 0.000000 0.000000 0.000000 0.000000 0.000000 0.000000 0.000001 0.000001 0.000002 0.000003 0.000005 0.000009 0.000014 0.000022 0.000034 0.000050 0.000073 0.000105 0.000146 0.000199 0.000265 0.000345 0.000439 0.000547 0.000665 0.000790 0.000918 0.001042 0.001156 0.001253 0.001328 0.001374 0.001390 0.001374 0.001328 0.001253 0.001156 0.001042 0.000918 0.000790 0.000665 0.000547 0.000439 0.000345 0.000265 0.000199 0.000146 0.000105 0.000073 0.000050 0.000034 0.000022 0.000014 0.000009 0.000005 0.000003 0.000002 0.000001 0.000001 0.000000 0.000000 0.000000 0.000000 0.000000 0.000000 0.000000 0.000000 0.000000 0.000000 0.000000 0.000000 0.000000 0.000000 0.000000 0.000000 0.000000 0.000000 0.000000 0.000000 0.000000 0.000000 0.000000 
0.000000 0.000000 0.000000 0.000000 0.000000 0.000000 0.000000 0.000000 0.000000 0.000000 0.000000 0.000000 0.000000 0.000000 0.000000 0.000000 0.000000 0.000000 0.000000 0.000000 0.000000 0.000000 0.000000 0.000001 0.000001 0.000002 0.000004 0.000007 0.000011 0.000018 0.000029 0.000046 0.000069 0.000103 0.000151 0.000215 0.000299 0.000407 0.000542 0.000705 0.000897 0.001115 0.001355 0.001610 0.001869 0.002121 0.002352 0.002549 0.002700 0.002794 0.002827 0.002794 0.002700 0.002549 0.002352 0.002121 0.001869 0.001610 0.001355 0.001115 0.000897 0.000705 0.000542 0.000407 0.000299 0.000215 0.000151 0.000103 0.000069 0.000046 0.000029 0.000018 0.000011 0.000007 0.000004 0.000002 0.000001 0.000001 0.000000 0.000000 0.000000 0.000000 0.000000 0.000000 0.000000 0.000000 0.000000 0.000000 0.000000 0.000000 0.000000 0.000000 0.000000 0.000000 0.000000 0.000000 0.000000 0.000000 0.000000 0.000000 
0.000000 0.000000 0.000000 0.000000 0.000000 0.000000 0.000000 0.000000 0.000000 0.000000 0.000000 0.000000 0.000000 0.000000 0.000000 0.000000 0.000000 0.000000 0.000000 0.000000 0.000000 0.000000 0.000001 0.000001 0.000003 0.000005 0.000008 0.000014 0.000023 0.000037 0.000059 0.000092 0.000140 0.000208 0.000303 0.000431 0.000599 0.000815 0.001084 0.001410 0.001793 0.002228 0.002706 0.003213 0.003729 0.004230 0.004689 0.005081 0.005381 0.005569 0.005634 0.005569 0.005381 0.005081 0.004689 0.004230 0.003729 0.003213 0.002706 0.002228 0.001793 0.001410 0.001084 0.000815 0.000599 0.000431 0.000303 0.000208 0.000140 0.000092 0.000059 0.000037 0.000023 0.000014 0.000008 0.000005 0.000003 0.000001 0.000001 0.000000 0.000000 0.000000 0.000000 0.000000 0.000000 0.000000 0.000000 0.000000 0.000000 0.000000 0.000000 0.000000 0.000000 0.000000 0.000000 0.000000 0.000000 0.000000 0.000000 0.000000 
0.000000 0.000000 0.000000 0.000000 0.000000 0.000000 0.000000 0.000000 0.000000 0.000000 0.000000 0.000000 0.000000 0.000000 0.000000 0.000000 0.000000 0.000000 0.000000 0.000000 0.000000 0.000001 0.000002 0.000003 0.000005 0.000009 0.000016 0.000027 0.000045 0.000074 0.000117 0.000182 0.000276 0.000410 0.000596 0.000847 0.001178 0.001601 0.002128 0.002765 0.003512 0.004362 0.005296 0.006285 0.007291 0.008268 0.009164 0.009927 0.010511 0.010878 0.011004 0.010878 0.010511 0.009927 0.009164 0.008268 0.007291 0.006285 0.005296 0.004362 0.003512 0.002765 0.002128 0.001601 0.001178 0.000847 0.000596 0.000410 0.000276 0.000182 0.000117 0.000074 0.000045 0.000027 0.000016 0.000009 0.000005 0.000003 0.000002 0.000001 0.000000 0.000000 0.000000 0.000000 0.000000 0.000000 0.000000 0.000000 0.000000 0.000000 0.000000 0.000000 0.000000 0.000000 0.000000 0.000000 0.000000 0.000000 0.000000 0.000000 
0.000000 0.000000 0.000000 0.000000 0.000000 0.000000 0.000000 0.000000 0.000000 0.000000 0.000000 0.000000 0.000000 0.000000 0.000000 0.000000 0.000000 0.000000 0.000000 0.000000 0.000001 0.000002 0.000003 0.000006 0.000010 0.000018 0.000031 0.000053 0.000088 0.000143 0.000226 0.000351 0.000533 0.000792 0.001150 0.001633 0.002268 0.003081 0.004091 0.005312 0.006744 0.008371 0.010158 0.012049 0.013972 0.015838 0.017550 0.019008 0.020123 0.020824 0.021063 0.020824 0.020123 0.019008 0.017550 0.015838 0.013972 0.012049 0.010158 0.008371 0.006744 0.005312 0.004091 0.003081 0.002268 0.001633 0.001150 0.000792 0.000533 0.000351 0.000226 0.000143 0.000088 0.000053 0.000031 0.000018 0.000010 0.000006 0.000003 0.000002 0.000001 0.000000 0.000000 0.000000 0.000000 0.000000 0.000000 0.000000 0.000000 0.000000 0.000000 0.000000 0.000000 0.000000 0.000000 0.000000 0.000000 0.000000 0.000000 0.000000 
0.000000 0.000000 0.000000 0.000000 0.000000 0.000000 0.000000 0.000000 0.000000 0.000000 0.000000 0.000000 0.000000 0.000000 0.000000 0.000000 0.000000 0.000000 0.000000 0.000001 0.000002 0.000003 0.000006 0.000011 0.000020 0.000035 0.000060 0.000101 0.000167 0.000271 0.000430 0.000666 0.001010 0.001498 0.002173 0.003084 0.004280 0.005808 0.007707 0.010001 0.012688 0.015740 0.019090 0.022635 0.026237 0.029731 0.032934 0.035663 0.037750 0.039061 0.039508 0.039061 0.037750 0.035663 0.032934 0.029731 0.026237 0.022635 0.019090 0.015740 0.012688 0.010001 0.007707 0.005808 0.004280 0.003084 0.002173 0.001498 0.001010 0.000666 0.000430 0.000271 0.000167 0.000101 0.000060 0.000035 0.000020 0.000011 0.000006 0.000003 0.000002 0.000001 0.000000 0.000000 0.000000 0.000000 0.000000 0.000000 0.000000 0.000000 0.000000 0.000000 0.000000 0.000000 0.000000 0.000000 0.000000 0.000000 0.000000 0.000000 
0.000000 0.000000 0.000000 0.000000 0.000000 0.000000 0.000000 0.000000 0.000000 0.000000 0.000000 0.000000 0.000000 0.000000 0.000000 0.000000 0.000000 0.000000 0.000001 0.000002 0.000003 0.000006 0.000011 0.000020 0.000037 0.000065 0.000112 0.000189 0.000312 0.000505 0.000799 0.001237 0.001874 0.002776 0.004024 0.005705 0.007910 0.010726 0.014224 0.018445 0.023388 0.028997 0.035151 0.041660 0.048272 0.054683 0.060559 0.065564 0.069391 0.071793 0.072613 0.071793 0.069391 0.065564 0.060559 0.054683 0.048272 0.041660 0.035151 0.028997 0.023388 0.018445 0.014224 0.010726 0.007910 0.005705 0.004024 0.002776 0.001874 0.001237 0.000799 0.000505 0.000312 0.000189 0.000112 0.000065 0.000037 0.000020 0.000011 0.000006 0.000003 0.000002 0.000001 0.000000 0.000000 0.000000 0.000000 0.000000 0.000000 0.000000 0.000000 0.000000 0.000000 0.000000 0.000000 0.000000 0.000000 0.000000 0.000000 0.000000 
0.000000 0.000000 0.000000 0.000000 0.000000 0.000000 0.000000 0.000000 0.000000 0.000000 0.000000 0.000000 0.000000 0.000000 0.000000 0.000000 0.000000 0.000001 0.000001 0.000003 0.000006 0.000011 0.000020 0.000037 0.000067 0.000119 0.000205 0.000345 0.000570 0.000920 0.001455 0.002250 0.003405 0.005040 0.007298 0.010338 0.014322 0.019407 0.025717 0.033327 0.042234 0.052334 0.063410 0.075121 0.087012 0.098538 0.109098 0.118091 0.124967 0.129283 0.130755 0.129283 0.124967 0.118091 0.109098 0.098538 0.087012 0.075121 0.063410 0.052334 0.042234 0.033327 0.025717 0.019407 0.014322 0.010338 0.007298 0.005040 0.003405 0.002250 0.001455 0.000920 0.000570 0.000345 0.000205 0.000119 0.000067 0.000037 0.000020 0.000011 0.000006 0.000003 0.000001 0.000001 0.000000 0.000000 0.000000 0.000000 0.000000 0.000000 0.000000 0.000000 0.000000 0.000000 0.000000 0.000000 0.000000 0.000000 0.000000 0.000000 
0.000000 0.000000 0.000000 0.000000 0.000000 0.000000 0.000000 0.000000 0.000000 0.000000 0.000000 0.000000 0.000000 0.000000 0.000000 0.000000 0.000001 0.000001 0.000003 0.000005 0.000010 0.000020 0.000037 0.000067 0.000121 0.000213 0.000366 0.000617 0.001018 0.001643 0.002594 0.004008 0.006059 0.008961 0.012964 0.018348 0.025400 0.034392 0.045545 0.058985 0.074707 0.092526 0.112056 0.132697 0.153649 0.173949 0.192545 0.208376 0.220478 0.228075 0.230665 0.228075 0.220478 0.208376 0.192545 0.173949 0.153649 0.132697 0.112056 0.092526 0.074707 0.058985 0.045545 0.034392 0.025400 0.018348 0.012964 0.008961 0.006059 0.004008 0.002594 0.001643 0.001018 0.000617 0.000366 0.000213 0.000121 0.000067 0.000037 0.000020 0.000010 0.000005 0.000003 0.000001 0.000001 0.000000 0.000000 0.000000 0.000000 0.000000 0.000000 0.000000 0.000000 0.000000 0.000000 0.000000 0.000000 0.000000 0.000000 0.000000 
0.000000 0.000000 0.000000 0.000000 0.000000 0.000000 0.000000 0.000000 0.000000 0.000000 0.000000 0.000000 0.000000 0.000000 0.000000 0.000001 0.000001 0.000002 0.000005 0.000009 0.000018 0.000035 0.000065 0.000119 0.000213 0.000374 0.000643 0.001082 0.001781 0.002871 0.004529 0.006991 0.010559 0.015601 0.022553 0.031894 0.044119 0.059696 0.079002 0.102255 0.129438 0.160232 0.193968 0.229608 0.265770 0.300798 0.332876 0.360180 0.381048 0.394146 0.398612 0.394146 0.381048 0.360180 0.332876 0.300798 0.265770 0.229608 0.193968 0.160232 0.129438 0.102255 0.079002 0.059696 0.044119 0.031894 0.022553 0.015601 0.010559 0.006991 0.004529 0.002871 0.001781 0.001082 0.000643 0.000374 0.000213 0.000119 0.000065 0.000035 0.000018 0.000009 0.000005 0.000002 0.000001 0.000001 0.000000 0.000000 0.000000 0.000000 0.000000 0.000000 0.000000 0.000000 0.000000 0.000000 0.000000 0.000000 0.000000 0.000000 
0.000000 0.000000 0.000000 0.000000 0.000000 0.000000 0.000000 0.000000 0.000000 0.000000 0.000000 0.000000 0.000000 0.000000 0.000000 0.000001 0.000002 0.000004 0.000008 0.000016 0.000031 0.000060 0.000112 0.000205 0.000366 0.000643 0.001104 0.001855 0.003052 0.004914 0.007744 0.011941 0.018017 0.026600 0.038421 0.054291 0.075047 0.101475 0.134210 0.173612 0.219649 0.271775 0.328856 0.389134 0.450273 0.509477 0.563682 0.609810 0.645060 0.667183 0.674726 0.667183 0.645060 0.609810 0.563682 0.509477 0.450273 0.389134 0.328856 0.271775 0.219649 0.173612 0.134210 0.101475 0.075047 0.054291 0.038421 0.026600 0.018017 0.011941 0.007744 0.004914 0.003052 0.001855 0.001104 0.000643 0.000366 0.000205 0.000112 0.000060 0.000031 0.000016 0.000008 0.000004 0.000002 0.000001 0.000000 0.000000 0.000000 0.000000 0.000000 0.000000 0.000000 0.000000 0.000000 0.000000 0.000000 0.000000 0.000000 0.000000 
0.000000 0.000000 0.000000 0.000000 0.000000 0.000000 0.000000 0.000000 0.000000 0.000000 0.000000 0.000000 0.000000 0.000000 0.000001 0.000002 0.000003 0.000007 0.000014 0.000027 0.000053 0.000101 0.000189 0.000345 0.000617 0.001082 0.001855 0.003115 0.005119 0.008233 0.012962 0.019969 0.030104 0.044406 0.064090 0.090496 0.125007 0.168919 0.223276 0.288668 0.365029 0.451450 0.546043 0.645897 0.747144 0.845157 0.934871 1.011204 1.069527 1.106128 1.118606 1.106128 1.069527 1.011204 0.934871 0.845157 0.747144 0.645897 0.546043 0.451450 0.365029 0.288668 0.223276 0.168919 0.125007 0.090496 0.064090 0.044406 0.030104 0.019969 0.012962 0.008233 0.005119 0.003115 0.001855 0.001082 0.000617 0.000345 0.000189 0.000101 0.000053 0.000027 0.000014 0.000007 0.000003 0.000002 0.000001 0.000000 0.000000 0.000000 0.000000 0.000000 0.000000 0.000000 0.000000 0.000000 0.000000 0.000000 0.000000 0.000000 
0.000000 0.000000 0.000000 0.000000 0.000000 0.000000 0.000000 0.000000 0.000000 0.000000 0.000000 0.000000 0.000000 0.000001 0.000001 0.000003 0.000005 0.000011 0.000023 0.000045 0.000088 0.000167 0.000312 0.000570 0.001018 0.001781 0.003052 0.005119 0.008403 0.013504 0.021239 0.032692 0.049243 0.072581 0.104674 0.147697 0.203886 0.275337 0.363728 0.470005 0.594048 0.734367 0.887891 1.049894 1.214103 1.373023 1.518454 1.642170 1.736683 1.795991 1.816208 1.795991 1.736683 1.642170 1.518454 1.373023 1.214103 1.049894 0.887891 0.734367 0.594048 0.470005 0.363728 0.275337 0.203886 0.147697 0.104674 0.072581 0.049243 0.032692 0.021239 0.013504 0.008403 0.005119 0.003052 0.001781 0.001018 0.000570 0.000312 0.000167 0.000088 0.000045 0.000023 0.000011 0.000005 0.000003 0.000001 0.000001 0.000000 0.000000 0.000000 0.000000 0.000000 0.000000 0.000000 0.000000 0.000000 0.000000 0.000000 0.000000 
0.000000 0.000000 0.000000 0.000000 0.000000 0.000000 0.000000 0.000000 0.000000 0.000000 0.000000 0.000000 0.000000 0.000001 0.000002 0.000004 0.000009 0.000018 0.000037 0.000074 0.000143 0.000271 0.000505 0.000920 0.001643 0.002871 0.004914 0.008233 0.013504 0.021680 0.034068 0.052394 0.078857 0.116141 0.167374 0.236006 0.325583 0.439421 0.580169 0.749308 0.946624 1.169733 1.413741 1.671134 1.931952 2.184302 2.415181 2.611553 2.761551 2.855666 2.887748 2.855666 2.761551 2.611553 2.415181 2.184302 1.931952 1.671134 1.413741 1.169733 0.946624 0.749308 0.580169 0.439421 0.325583 0.236006 0.167374 0.116141 0.078857 0.052394 0.034068 0.021680 0.013504 0.008233 0.004914 0.002871 0.001643 0.000920 0.000505 0.000271 0.000143 0.000074 0.000037 0.000018 0.000009 0.000004 0.000002 0.000001 0.000000 0.000000 0.000000 0.000000 0.000000 0.000000 0.000000 0.000000 0.000000 0.000000 0.000000 0.000000 
0.000000 0.000000 0.000000 0.000000 0.000000 0.000000 0.000000 0.000000 0.000000 0.000000 0.000000 0.000000 0.000001 0.000001 0.000003 0.000007 0.000014 0.000029 0.000059 0.000117 0.000226 0.000430 0.000799 0.001455 0.002594 0.004529 0.007744 0.012962 0.021239 0.034068 0.053489 0.082195 0.123614 0.181925 0.261997 0.369190 0.509009 0.686590 0.906030 1.169602 1.476941 1.824307 2.204068 2.604525 3.010191 3.402587 3.761520 4.066755 4.299878 4.446138 4.495992 4.446138 4.299878 4.066755 3.761520 3.402587 3.010191 2.604525 2.204068 1.824307 1.476941 1.169602 0.906030 0.686590 0.509009 0.369190 0.261997 0.181925 0.123614 0.082195 0.053489 0.034068 0.021239 0.012962 0.007744 0.004529 0.002594 0.001455 0.000799 0.000430 0.000226 0.000117 0.000059 0.000029 0.000014 0.000007 0.000003 0.000001 0.000001 0.000000 0.000000 0.000000 0.000000 0.000000 0.000000 0.000000 0.000000 0.000000 0.000000 0.000000 
0.000000 0.000000 0.000000 0.000000 0.000000 0.000000 0.000000 0.000000 0.000000 0.000000 0.000000 0.000000 0.000001 0.000002 0.000005 0.000011 0.000022 0.000046 0.000092 0.000182 0.000351 0.000666 0.001237 0.002250 0.004008 0.006991 0.011941 0.019969 0.032692 0.052394 0.082195 0.126210 0.189668 0.278945 0.401455 0.565354 0.779012 1.050223 1.385189 1.787327 2.256034 2.785573 3.364287 3.974341 4.592158 5.189620 5.736022 6.200603 6.555385 6.777955 6.853817 6.777955 6.555385 6.200603 5.736022 5.189620 4.592158 3.974341 3.364287 2.785573 2.256034 1.787327 1.385189 1.050223 0.779012 0.565354 0.401455 0.278945 0.189668 0.126210 0.082195 0.052394 0.032692 0.019969 0.011941 0.006991 0.004008 0.002250 0.001237 0.000666 0.000351 0.000182 0.000092 0.000046 0.000022 0.000011 0.000005 0.000002 0.000001 0.000000 0.000000 0.000000 0.000000 0.000000 0.000000 0.000000 0.000000 0.000000 0.000000 0.000000 
0.000000 0.000000 0.000000 0.000000 0.000000 0.000000 0.000000 0.000000 0.000000 0.000000 0.000000 0.000001 0.000002 0.000003 0.000008 0.000016 0.000034 0.000069 0.000140 0.000276 0.000533 0.001010 0.001874 0.003405 0.006059 0.010559 0.018017 0.030104 0.049243 0.078857 0.123614 0.189668 0.284834 0.418628 0.602108 0.847429 1.167045 1.572541 2.073111 2.673789 3.373607 4.163952 5.027394 5.937318 6.858572 7.749271 8.563693 9.256054 9.784721 10.116351 10.229382 10.116351 9.784721 9.256054 8.563693 7.749271 6.858572 5.937318 5.027394 4.163952 3.373607 2.673789 2.073111 1.572541 1.167045 0.847429 0.602108 0.418628 0.284834 0.189668 0.123614 0.078857 0.049243 0.030104 0.018017 0.010559 0.006059 0.003405 0.001874 0.001010 0.000533 0.000276 0.000140 0.000069 0.000034 0.000016 0.000008 0.000003 0.000002 0.000001 0.000000 0.000000 0.000000 0.000000 0.000000 0.000000 0.000000 0.000000 0.000000 0.000000 
0.000000 0.000000 0.000000 0.000000 0.000000 0.000000 0.000000 0.000000 0.000000 0.000000 0.000000 0.000001 0.000002 0.000005 0.000011 0.000024 0.000050 0.000103 0.000208 0.000410 0.000792 0.001498 0.002776 0.005040 0.008961 0.015601 0.026600 0.044406 0.072581 0.116141 0.181925 0.278945 0.418628 0.614883 0.883856 1.243278 1.711299 2.304776 3.037060 3.915411 4.938327 6.093145 7.354361 8.683086 10.028017 11.328055 12.516548 13.526769 14.298060 14.781852 14.946739 14.781852 14.298060 13.526769 12.516548 11.328055 10.028017 8.683086 7.354361 6.093145 4.938327 3.915411 3.037060 2.304776 1.711299 1.243278 0.883856 0.614883 0.418628 0.278945 0.181925 0.116141 0.072581 0.044406 0.026600 0.015601 0.008961 0.005040 0.002776 0.001498 0.000792 0.000410 0.000208 0.000103 0.000050 0.000024 0.000011 0.000005 0.000002 0.000001 0.000000 0.000000 0.000000 0.000000 0.000000 0.000000 0.000000 0.000000 0.000000 0.000000 
0.000000 0.000000 0.000000 0.000000 0.000000 0.000000 0.000000 0.000000 0.000000 0.000000 0.000001 0.000001 0.000003 0.000008 0.000016 0.000035 0.000073 0.000151 0.000303 0.000596 0.001150 0.002173 0.004024 0.007298 0.012964 0.022553 0.038421 0.064090 0.104674 0.167374 0.261997 0.401455 0.602108 0.883856 1.269779 1.785197 2.456007 3.306230 4.354844 5.612110 7.075755 8.727571 10.531019 12.430482 14.352650 16.210277 17.908226 19.351287 20.452933 21.143894 21.379379 21.143894 20.452933 19.351287 17.908226 16.210277 14.352650 12.430482 10.531019 8.727571 7.075755 5.612110 4.354844 3.306230 2.456007 1.785197 1.269779 0.883856 0.602108 0.401455 0.261997 0.167374 0.104674 0.064090 0.038421 0.022553 0.012964 0.007298 0.004024 0.002173 0.001150 0.000596 0.000303 0.000151 0.000073 0.000035 0.000016 0.000008 0.000003 0.000001 0.000001 0.000000 0.000000 0.000000 0.000000 0.000000 0.000000 0.000000 0.000000 0.000000 
0.000000 0.000000 0.000000 0.000000 0.000000 0.000000 0.000000 0.000000 0.000000 0.000000 0.000001 0.000002 0.000005 0.000011 0.000023 0.000050 0.000105 0.000215 0.000431 0.000847 0.001633 0.003084 0.005705 0.010338 0.018348 0.031894 0.054291 0.090496 0.147697 0.236006 0.369190 0.565354 0.847429 1.243278 1.785197 2.508589 3.449621 4.641807 6.111567 7.873100 9.923065 12.235836 14.760184 17.418244 20.107470 22.705898 25.080587 27.098538 28.638912 29.604983 29.934218 29.604983 28.638912 27.098538 25.080587 22.705898 20.107470 17.418244 14.760184 12.235836 9.923065 7.873100 6.111567 4.641807 3.449621 2.508589 1.785197 1.243278 0.847429 0.565354 0.369190 0.236006 0.147697 0.090496 0.054291 0.031894 0.018348 0.010338 0.005705 0.003084 0.001633 0.000847 0.000431 0.000215 0.000105 0.000050 0.000023 0.000011 0.000005 0.000002 0.000001 0.000000 0.000000 0.000000 0.000000 0.000000 0.000000 0.000000 0.000000 0.000000 
0.000000 0.000000 0.000000 0.000000 0.000000 0.000000 0.000000 0.000000 0.000000 0.000001 0.000001 0.000003 0.000007 0.000015 0.000033 0.000070 0.000146 0.000299 0.000599 0.001178 0.002268 0.004280 0.007910 0.014322 0.025400 0.044119 0.075047 0.125007 0.203886 0.325583 0.509009 0.779012 1.167045 1.711299 2.456007 3.449621 4.741598 6.377706 8.393960 10.809606 13.619860 16.789436 20.248034 23.888953 27.571785 31.129626 34.380627 37.142913 39.251272 40.573486 41.024078 40.573486 39.251272 37.142913 34.380627 31.129626 27.571785 23.888953 20.248034 16.789436 13.619860 10.809606 8.393960 6.377706 4.741598 3.449621 2.456007 1.711299 1.167045 0.779012 0.509009 0.325583 0.203886 0.125007 0.075047 0.044119 0.025400 0.014322 0.007910 0.004280 0.002268 0.001178 0.000599 0.000299 0.000146 0.000070 0.000033 0.000015 0.000007 0.000003 0.000001 0.000001 0.000000 0.000000 0.000000 0.000000 0.000000 0.000000 0.000000 0.000000 
0.000000 0.000000 0.000000 0.000000 0.000000 0.000000 0.000000 0.000000 0.000000 0.000001 0.000002 0.000004 0.000009 0.000021 0.000045 0.000095 0.000199 0.000407 0.000815 0.001601 0.003081 0.005808 0.010726 0.019407 0.034392 0.059696 0.101475 0.168919 0.275337 0.439421 0.686590 1.050223 1.572541 2.304776 3.306230 4.641807 6.377706 8.575120 11.282118 14.524244 18.294827 22.546329 27.184339 32.065746 37.002374 41.770655 46.127089 49.828216 52.652921 54.424276 55.027914 54.424276 52.652921 49.828216 46.127089 41.770655 37.002374 32.065746 27.184339 22.546329 18.294827 14.524244 11.282118 8.575120 6.377706 4.641807 3.306230 2.304776 1.572541 1.050223 0.686590 0.439421 0.275337 0.168919 0.101475 0.059696 0.034392 0.019407 0.010726 0.005808 0.003081 0.001601 0.000815 0.000407 0.000199 0.000095 0.000045 0.000021 0.000009 0.000004 0.000002 0.000001 0.000000 0.000000 0.000000 0.000000 0.000000 0.000000 0.000000 0.000000 
0.000000 0.000000 0.000000 0.000000 0.000000 0.000000 0.000000 0.000000 0.000000 0.000001 0.000002 0.000006 0.000012 0.000028 0.000060 0.000127 0.000265 0.000542 0.001084 0.002128 0.004091 0.007707 0.014224 0.025717 0.045545 0.079002 0.134210 0.223276 0.363728 0.580169 0.906030 1.385189 2.073111 3.037060 4.354844 6.111567 8.393960 11.282118 14.838845 19.097353 24.048571 29.629843 35.717086 42.122447 48.599088 54.853886 60.567698 65.421515 69.125665 71.448393 72.239905 71.448393 69.125665 65.421515 60.567698 54.853886 48.599088 42.122447 35.717086 29.629843 24.048571 19.097353 14.838845 11.282118 8.393960 6.111567 4.354844 3.037060 2.073111 1.385189 0.906030 0.580169 0.363728 0.223276 0.134210 0.079002 0.045545 0.025717 0.014224 0.007707 0.004091 0.002128 0.001084 0.000542 0.000265 0.000127 0.000060 0.000028 0.000012 0.000006 0.000002 0.000001 0.000000 0.000000 0.000000 0.000000 0.000000 0.000000 0.000000 0.000000 
0.000000 0.000000 0.000000 0.000000 0.000000 0.000000 0.000000 0.000000 0.000001 0.000001 0.000003 0.000007 0.000016 0.000036 0.000078 0.000166 0.000345 0.000705 0.001410 0.002765 0.005312 0.010001 0.018445 0.033327 0.058985 0.102255 0.173612 0.288668 0.470005 0.749308 1.169602 1.787327 2.673789 3.915411 5.612110 7.873100 10.809606 14.524244 19.097353 24.571218 30.933814 38.104350 45.923246 54.149178 62.465252 70.495320 77.829976 84.060081 88.814191 91.795165 92.810962 91.795165 88.814191 84.060081 77.829976 70.495320 62.465252 54.149178 45.923246 38.104350 30.933814 24.571218 19.097353 14.524244 10.809606 7.873100 5.612110 3.915411 2.673789 1.787327 1.169602 0.749308 0.470005 0.288668 0.173612 0.102255 0.058985 0.033327 0.018445 0.010001 0.005312 0.002765 0.001410 0.000705 0.000345 0.000166 0.000078 0.000036 0.000016 0.000007 0.000003 0.000001 0.000001 0.000000 0.000000 0.000000 0.000000 0.000000 0.000000 0.000000 
0.000000 0.000000 0.000000 0.000000 0.000000 0.000000 0.000000 0.000000 0.000001 0.000002 0.000004 0.000009 0.000021 0.000046 0.000099 0.000211 0.000439 0.000897 0.001793 0.003512 0.006744 0.012688 0.023388 0.042234 0.074707 0.129438 0.219649 0.365029 0.594048 0.946624 1.476941 2.256034 3.373607 4.938327 7.075755 9.923065 13.619860 18.294827 24.048571 30.933814 38.935016 47.950259 57.778725 68.117028 78.567015 88.656280 97.870791 105.696969 111.668628 115.412879 116.688741 115.412879 111.668628 105.696969 97.870791 88.656280 78.567015 68.117028 57.778725 47.950259 38.935016 30.933814 24.048571 18.294827 13.619860 9.923065 7.075755 4.938327 3.373607 2.256034 1.476941 0.946624 0.594048 0.365029 0.219649 0.129438 0.074707 0.042234 0.023388 0.012688 0.006744 0.003512 0.001793 0.000897 0.000439 0.000211 0.000099 0.000046 0.000021 0.000009 0.000004 0.000002 0.000001 0.000000 0.000000 0.000000 0.000000 0.000000 0.000000 0.000000 
0.000000 0.000000 0.000000 0.000000 0.000000 0.000000 0.000000 0.000000 0.000001 0.000002 0.000005 0.000012 0.000026 0.000057 0.000124 0.000263 0.000547 0.001115 0.002228 0.004362 0.008371 0.015740 0.028997 0.052334 0.092526 0.160232 0.271775 0.451450 0.734367 1.169733 1.824307 2.785573 4.163952 6.093145 8.727571 12.235836 16.789436 22.546329 29.629843 38.104350 47.950259 59.041804 71.131706 83.846736 96.697338 109.102871 120.431701 130.052872 137.393736 141.996300 143.564604 141.996300 137.393736 130.052872 120.431701 109.102871 96.697338 83.846736 71.131706 59.041804 47.950259 38.104350 29.629843 22.546329 16.789436 12.235836 8.727571 6.093145 4.163952 2.785573 1.824307 1.169733 0.734367 0.451450 0.271775 0.160232 0.092526 0.052334 0.028997 0.015740 0.008371 0.004362 0.002228 0.001115 0.000547 0.000263 0.000124 0.000057 0.000026 0.000012 0.000005 0.000002 0.000001 0.000000 0.000000 0.000000 0.000000 0.000000 0.000000 0.000000 
0.000000 0.000000 0.000000 0.000000 0.000000 0.000000 0.000000 0.000000 0.000001 0.000003 0.000006 0.000014 0.000032 0.000070 0.000151 0.000320 0.000665 0.001355 0.002706 0.005296 0.010158 0.019090 0.035151 0.063410 0.112056 0.193968 0.328856 0.546043 0.887891 1.413741 2.204068 3.364287 5.027394 7.354361 10.531019 14.760184 20.248034 27.184339 35.717086 45.923246 57.778725 71.131706 85.684273 100.987126 116.451219 131.378132 145.008292 156.583076 165.414056 170.950693 172.837245 170.950693 165.414056 156.583076 145.008292 131.378132 116.451219 100.987126 85.684273 71.131706 57.778725 45.923246 35.717086 27.184339 20.248034 14.760184 10.531019 7.354361 5.027394 3.364287 2.204068 1.413741 0.887891 0.546043 0.328856 0.193968 0.112056 0.063410 0.035151 0.019090 0.010158 0.005296 0.002706 0.001355 0.000665 0.000320 0.000151 0.000070 0.000032 0.000014 0.000006 0.000003 0.000001 0.000000 0.000000 0.000000 0.000000 0.000000 0.000000 0.000000 
0.000000 0.000000 0.000000 0.000000 0.000000 0.000000 0.000000 0.000001 0.000001 0.000003 0.000007 0.000017 0.000038 0.000083 0.000179 0.000380 0.000790 0.001610 0.003213 0.006285 0.012049 0.022635 0.041660 0.075121 0.132697 0.229608 0.389134 0.645897 1.049894 1.671134 2.604525 3.974341 5.937318 8.683086 12.430482 17.418244 23.888953 32.065746 42.122447 54.149178 68.117028 83.846736 100.987126 119.008960 137.218680 154.794188 170.841587 184.468243 194.864207 201.381816 203.602589 201.381816 194.864207 184.468243 170.841587 154.794188 137.218680 119.008960 100.987126 83.846736 68.117028 54.149178 42.122447 32.065746 23.888953 17.418244 12.430482 8.683086 5.937318 3.974341 2.604525 1.671134 1.049894 0.645897 0.389134 0.229608 0.132697 0.075121 0.041660 0.022635 0.012049 0.006285 0.003213 0.001610 0.000790 0.000380 0.000179 0.000083 0.000038 0.000017 0.000007 0.000003 0.000001 0.000001 0.000000 0.000000 0.000000 0.000000 0.000000 0.000000 
