0.000000 0.000000 0.000000 0.000000 0.000000 0.000000 0.000000 0.000000 0.000000 0.000000 0.000000 0.000000 0.000000 0.000000 0.000000 0.000000 0.000000 0.000000 0.000000 0.000000 0.000000 0.000000 0.000000 0.000000 0.000000 0.000000 0.000000 0.000000 0.000000 0.000000 0.000000 0.000000 0.000000 0.000000 0.000000 0.000000 0.000000 0.000000 0.000000 0.000000 0.000000 0.000000 0.000000 0.000000 0.000000 0.000000 0.000000 0.000000 0.000000 0.000000 0.000000 0.000000 0.000000 0.000000 0.000000 0.000000 0.000000 0.000000 0.000000 0.000000 0.000000 0.000000 0.000000 0.000000 0.000000 0.000000 0.000000 0.000000 0.000000 0.000000 0.000000 0.000000 0.000000 0.000000 0.000000 0.000000 0.000000 0.000000 0.000000 0.000000 0.000000 0.000000 0.000000 0.000000 0.000000 0.000000 0.000000 0.000000 0.000000 0.000000 0.000000 0.000000 0.000000 0.000000 0.000000 0.000000 0.000000 0.000000 0.000000 0.000000 
0.000000 0.000000 0.000000 0.000000 0.000000 0.000000 0.000000 0.000000 0.000000 0.000000 0.000000 0.000000 0.000000 0.000000 0.000000 0.000000 0.000000 0.000000 0.000000 0.000000 0.000000 0.000000 0.000000 0.000000 0.000000 0.000000 0.000000 0.000000 0.000000 0.000000 0.000000 0.000000 0.000000 0.000000 0.000000 0.000000 0.000000 0.000000 0.000000 0.000000 0.000000 0.000000 0.000000 0.000000 0.000000 0.000000 0.000000 0.000000 0.000000 0.000000 0.000000 0.000000 0.000000 0.000000 0.000000 0.000000 0.000000 0.000000 0.000000 0.000000 0.000000 0.000000 0.000000 0.000000 0.000000 0.000000 0.000000 0.000000 0.000000 0.000000 0.000000 0.000000 0.000000 0.000000 0.000000 0.000000 0.000000 0.000000 0.000000 0.000000 0.000000 0.000000 0.000000 0.000000 0.000000 0.000000 0.000000 0.000000 0.000000 0.000000 0.000000 0.000000 0.000000 0.000000 0.000000 0.000000 0.000000 0.000000 0.000000 0.000000 
0.000000 0.000000 0.000000 0.000000 0.000000 0.000000 0.000000 0.000000 0.000000 0.000000 0.000000 0.000000 0.000000 0.000000 0.000000 0.000000 0.000000 0.000000 0.000000 0.000000 0.000000 0.000000 0.000000 0.000000 0.000000 0.000000 0.000000 0.000000 0.000000 0.000000 0.000000 0.000000 0.000000 0.000000 0.000000 0.000000 0.000000 0.000000 0.000000 0.000000 0.000000 0.000000 0.000000 0.000000 0.000000 0.000000 0.000000 0.000000 0.000000 0.000000 0.000000 0.000000 0.000000 0.000000 0.000000 0.000000 0.000000 0.000000 0.000000 0.000000 0.000000 0.000000 0.000000 0.000000 0.000000 0.000000 0.000000 0.000000 0.000000 0.000000 0.000000 0.000000 0.000000 0.000000 0.000000 0.000000 0.000000 0.000000 0.000000 0.000000 0.000000 0.000000 0.000000 0.000000 0.000000 0.000000 0.000000 0.000000 0.000000 0.000000 0.000000 0.000000 0.000000 0.000000 0.000000 0.000000 0.000000 0.000000 0.000000 0.000000 
0.000000 0.000000 0.000000 0.000000 0.000000 0.000000 0.000000 0.000000 0.000000 0.000000 0.000000 0.000000 0.000000 0.000000 0.000000 0.000000 0.000000 0.000000 0.000000 0.000000 0.000000 0.000000 0.000000 0.000000 0.000000 0.000000 0.000000 0.000000 0.000000 0.000000 0.000000 0.000000 0.000000 0.000000 0.000000 0.000000 0.000000 0.000000 0.000000 0.000000 0.000000 0.000000 0.000000 0.000000 0.000000 0.000000 0.000000 0.000000 0.000000 0.000000 0.000000 0.000000 0.000000 0.000000 0.000000 0.000000 0.000000 0.000000 0.000000 0.000000 0.000000 0.000000 0.000000 0.000000 0.000000 0.000000 0.000000 0.000000 0.000000 0.000000 0.000000 0.000000 0.000000 0.000000 0.000000 0.000000 0.000000 0.000000 0.000000 0.000000 0.000000 0.000000 0.000000 0.000000 0.000000 0.000000 0.000000 0.000000 0.000000 0.000000 0.000000 0.000000 0.000000 0.000000 0.000000 0.000000 0.000000 0.000000 0.000000 0.000000 
0.000000 0.000000 0.000000 0.000000 0.000000 0.000000 0.000000 0.000000 0.000000 0.000000 0.000000 0.000000 0.000000 0.000000 0.000000 0.000000 0.000000 0.000000 0.000000 0.000000 0.000000 0.000000 0.000000 0.000000 0.000000 0.000000 0.000000 0.000000 0.000000 0.000000 0.000000 0.000000 0.000000 0.000000 0.000000 0.000000 0.000000 0.000000 0.000000 0.000000 0.000000 0.000000 0.000000 0.000000 0.000000 0.000000 0.000000 0.000000 0.000000 0.000000 0.000000 0.000000 0.000000 0.000000 0.000000 0.000000 0.000000 0.000000 0.000000 0.000000 0.000000 0.000000 0.000000 0.000000 0.000000 0.000000 0.000000 0.000000 0.000000 0.000000 0.000000 0.000000 0.000000 0.000000 0.000000 0.000000 0.000000 0.000000 0.000000 0.000000 0.000000 0.000000 0.000000 0.000000 0.000000 0.000000 0.000000 0.000000 0.000000 0.000000 0.000000 0.000000 0.000000 0.000000 0.000000 0.000000 0.000000 0.000000 0.000000 0.000000 
0.000000 0.000000 0.000000 0.000000 0.000000 0.000000 0.000000 0.000000 0.000000 0.000000 0.000000 0.000000 0.000000 0.000000 0.000000 0.000000 0.000000 0.000000 0.000000 0.000000 0.000000 0.000000 0.000000 0.000000 0.000000 0.000000 0.000000 0.000000 0.000000 0.000000 0.000000 0.000000 0.000000 0.000000 0.000000 0.000000 0.000000 0.000000 0.000000 0.000000 0.000000 0.000000 0.000000 0.000000 0.000000 0.000000 0.000000 0.000000 0.000000 0.000000 0.000000 0.000000 0.000000 0.000000 0.000000 0.000000 0.000000 0.000000 0.000000 0.000000 0.000000 0.000000 0.000000 0.000000 0.000000 0.000000 0.000000 0.000000 0.000000 0.000000 0.000000 0.000000 0.000000 0.000000 0.000000 0.000000 0.000000 0.000000 0.000000 0.000000 0.000000 0.000000 0.000000 0.000000 0.000000 0.000000 0.000000 0.000000 0.000000 0.000000 0.000000 0.000000 0.000000 0.000000 0.000000 0.000000 0.000000 0.000000 0.000000 0.000000 
0.000000 0.000000 0.000000 0.000000 0.000000 0.000000 0.000000 0.000000 0.000000 0.000000 0.000000 0.000000 0.000000 0.000000 0.000000 0.000000 0.000000 0.000000 0.000000 0.000000 0.000000 0.000000 0.000000 0.000000 0.000000 0.000000 0.000000 0.000000 0.000000 0.000000 0.000000 0.000000 0.000000 0.000000 0.000000 0.000000 0.000000 0.000000 0.000000 0.000000 0.000000 0.000000 0.000000 0.000000 0.000000 0.000000 0.000000 0.000000 0.000000 0.000000 0.000000 0.000000 0.000000 0.000000 0.000000 0.000000 0.000000 0.000000 0.000000 0.000000 0.000000 0.000000 0.000000 0.000000 0.000000 0.000000 0.000000 0.000000 0.000000 0.000000 0.000000 0.000000 0.000000 0.000000 0.000000 0.000000 0.000000 0.000000 0.000000 0.000000 0.000000 0.000000 0.000000 0.000000 0.000000 0.000000 0.000000 0.000000 0.000000 0.000000 0.000000 0.000000 0.000000 0.000000 0.000000 0.000000 0.000000 0.000000 0.000000 0.000000 
0.000000 0.000000 0.000000 0.000000 0.000000 0.000000 0.000000 0.000000 0.000000 0.000000 0.000000 0.000000 0.000000 0.000000 0.000000 0.000000 0.000000 0.000000 0.000000 0.000000 0.000000 0.000000 0.000000 0.000000 0.000000 0.000000 0.000000 0.000000 0.000000 0.000000 0.000000 0.000000 0.000000 0.000000 0.000000 0.000000 0.000000 0.000000 0.000000 0.000000 0.000000 0.000000 0.000000 0.000001 0.000001 0.000001 0.000001 0.000001 0.000001 0.000001 0.000001 0.000001 0.000001 0.000001 0.000001 0.000001 0.000001 0.000001 0.000000 0.000000 0.000000 0.000000 0.000000 0.000000 0.000000 0.000000 0.000000 0.000000 0.000000 0.000000 0.000000 0.000000 0.000000 0.000000 0.000000 0.000000 0.000000 0.000000 0.000000 0.000000 0.000000 0.000000 0.000000 0.000000 0.000000 0.000000 0.000000 0.000000 0.000000 0.000000 0.000000 0.000000 0.000000 0.000000 0.000000 0.000000 0.000000 0.000000 0.000000 0.000000 
0.000000 0.000000 0.000000 0.000000 0.000000 0.000000 0.000000 0.000000 0.000000 0.000000 0.000000 0.000000 0.000000 0.000000 0.000000 0.000000 0.000000 0.000000 0.000000 0.000000 0.000000 0.000000 0.000000 0.000000 0.000000 0.000000 0.000000 0.000000 0.000000 0.000000 0.000000 0.000000 0.000000 0.000000 0.000000 0.000000 0.000000 0.000000 0.000000 0.000001 0.000001 0.000001 0.000001 0.000001 0.000002 0.000002 0.000002 0.000002 0.000002 0.000002 0.000003 0.000002 0.000002 0.000002 0.000002 0.000002 0.000002 0.000001 0.000001 0.000001 0.000001 0.000001 0.000000 0.000000 0.000000 0.000000 0.000000 0.000000 0.000000 0.000000 0.000000 0.000000 0.000000 0.000000 0.000000 0.000000 0.000000 0.000000 0.000000 0.000000 0.000000 0.000000 0.000000 0.000000 0.000000 0.000000 0.000000 0.000000 0.000000 0.000000 0.000000 0.000000 0.000000 0.000000 0.000000 0.000000 0.000000 0.000000 0.000000 0.000000 
0.000000 0.000000 0.000000 0.000000 0.000000 0.000000 0.000000 0.000000 0.000000 0.000000 0.000000 0.000000 0.000000 0.000000 0.000000 0.000000 0.000000 0.000000 0.000000 0.000000 0.000000 0.000000 0.000000 0.000000 0.000000 0.000000 0.000000 0.000000 0.000000 0.000000 0.000000 0.000000 0.000000 0.000000 0.000000 0.000000 0.000001 0.000001 0.000001 0.000001 0.000002 0.000002 0.000003 0.000003 0.000004 0.000004 0.000005 0.000005 0.000006 0.000006 0.000006 0.000006 0.000006 0.000005 0.000005 0.000004 0.000004 0.000003 0.000003 0.000002 0.000002 0.000001 0.000001 0.000001 0.000001 0.000000 0.000000 0.000000 0.000000 0.000000 0.000000 0.000000 0.000000 0.000000 0.000000 0.000000 0.000000 0.000000 0.000000 0.000000 0.000000 0.000000 0.000000 0.000000 0.000000 0.000000 0.000000 0.000000 0.000000 0.000000 0.000000 0.000000 0.000000 0.000000 0.000000 0.000000 0.000000 0.000000 0.000000 0.000000 
0.000000 0.000000 0.000000 0.000000 0.000000 0.000000 0.000000 0.000000 0.000000 0.000000 0.000000 0.000000 0.000000 0.000000 0.000000 0.000000 0.000000 0.000000 0.000000 0.000000 0.000000 0.000000 0.000000 0.000000 0.000000 0.000000 0.000000 0.000000 0.000000 0.000000 0.000000 0.000000 0.000000 0.000000 0.000001 0.000001 0.000001 0.000002 0.000003 0.000003 0.000004 0.000005 0.000007 0.000008 0.000009 0.000010 0.000012 0.000013 0.000013 0.000014 0.000014 0.000014 0.000013 0.000013 0.000012 0.000010 0.000009 0.000008 0.000007 0.000005 0.000004 0.000003 0.000003 0.000002 0.000001 0.000001 0.000001 0.000000 0.000000 0.000000 0.000000 0.000000 0.000000 0.000000 0.000000 0.000000 0.000000 0.000000 0.000000 0.000000 0.000000 0.000000 0.000000 0.000000 0.000000 0.000000 0.000000 0.000000 0.000000 0.000000 0.000000 0.000000 0.000000 0.000000 0.000000 0.000000 0.000000 0.000000 0.000000 0.000000 
0.000000 0.000000 0.000000 0.000000 0.000000 0.000000 0.000000 0.000000 0.000000 0.000000 0.000000 0.000000 0.000000 0.000000 0.000000 0.000000 0.000000 0.000000 0.000000 0.000000 0.000000 0.000000 0.000000 0.000000 0.000000 0.000000 0.000000 0.000000 0.000000 0.000000 0.000000 0.000000 0.000001 0.000001 0.000002 0.000002 0.000003 0.000004 0.000006 0.000008 0.000010 0.000012 0.000015 0.000018 0.000021 0.000024 0.000026 0.000029 0.000030 0.000031 0.000032 0.000031 0.000030 0.000029 0.000026 0.000024 0.000021 0.000018 0.000015 0.000012 0.000010 0.000008 0.000006 0.000004 0.000003 0.000002 0.000002 0.000001 0.000001 0.000000 0.000000 0.000000 0.000000 0.000000 0.000000 0.000000 0.000000 0.000000 0.000000 0.000000 0.000000 0.000000 0.000000 0.000000 0.000000 0.000000 0.000000 0.000000 0.000000 0.000000 0.000000 0.000000 0.000000 0.000000 0.000000 0.000000 0.000000 0.000000 0.000000 0.000000 
0.000000 0.000000 0.000000 0.000000 0.000000 0.000000 0.000000 0.000000 0.000000 0.000000 0.000000 0.000000 0.000000 0.000000 0.000000 0.000000 0.000000 0.000000 0.000000 0.000000 0.000000 0.000000 0.000000 0.000000 0.000000 0.000000 0.000000 0.000000 0.000000 0.000000 0.000001 0.000001 0.000002 0.000003 0.000004 0.000005 0.000007 0.000010 0.000013 0.000017 0.000022 0.000028 0.000034 0.000040 0.000047 0.000053 0.000059 0.000064 0.000068 0.000070 0.000071 0.000070 0.000068 0.000064 0.000059 0.000053 0.000047 0.000040 0.000034 0.000028 0.000022 0.000017 0.000013 0.000010 0.000007 0.000005 0.000004 0.000003 0.000002 0.000001 0.000001 0.000000 0.000000 0.000000 0.000000 0.000000 0.000000 0.000000 0.000000 0.000000 0.000000 0.000000 0.000000 0.000000 0.000000 0.000000 0.000000 0.000000 0.000000 0.000000 0.000000 0.000000 0.000000 0.000000 0.000000 0.000000 0.000000 0.000000 0.000000 0.000000 
0.000000 0.000000 0.000000 0.000000 0.000000 0.000000 0.000000 0.000000 0.000000 0.000000 0.000000 0.000000 0.000000 0.000000 0.000000 0.000000 0.000000 0.000000 0.000000 0.000000 0.000000 0.000000 0.000000 0.000000 0.000000 0.000000 0.000000 0.000000 0.000001 0.000001 0.000002 0.000002 0.000004 0.000006 0.000008 0.000012 0.000016 0.000022 0.000029 0.000038 0.000049 0.000061 0.000074 0.000088 0.000102 0.000116 0.000129 0.000140 0.000148 0.000154 0.000155 0.000154 0.000148 0.000140 0.000129 0.000116 0.000102 0.000088 0.000074 0.000061 0.000049 0.000038 0.000029 0.000022 0.000016 0.000012 0.000008 0.000006 0.000004 0.000002 0.000002 0.000001 0.000001 0.000000 0.000000 0.000000 0.000000 0.000000 0.000000 0.000000 0.000000 0.000000 0.000000 0.000000 0.000000 0.000000 0.000000 0.000000 0.000000 0.000000 0.000000 0.000000 0.000000 0.000000 0.000000 0.000000 0.000000 0.000000 0.000000 0.000000 
0.000000 0.000000 0.000000 0.000000 0.000000 0.000000 0.000000 0.000000 0.000000 0.000000 0.000000 0.000000 0.000000 0.000000 0.000000 0.000000 0.000000 0.000000 0.000000 0.000000 0.000000 0.000000 0.000000 0.000000 0.000000 0.000000 0.000000 0.000001 0.000001 0.000002 0.000003 0.000005 0.000008 0.000012 0.000018 0.000025 0.000035 0.000048 0.000064 0.000083 0.000106 0.000131 0.000160 0.000190 0.000221 0.000251 0.000278 0.000301 0.000319 0.000331 0.000334 0.000331 0.000319 0.000301 0.000278 0.000251 0.000221 0.000190 0.000160 0.000131 0.000106 0.000083 0.000064 0.000048 0.000035 0.000025 0.000018 0.000012 0.000008 0.000005 0.000003 0.000002 0.000001 0.000001 0.000000 0.000000 0.000000 0.000000 0.000000 0.000000 0.000000 0.000000 0.000000 0.000000 0.000000 0.000000 0.000000 0.000000 0.000000 0.000000 0.000000 0.000000 0.000000 0.000000 0.000000 0.000000 0.000000 0.000000 0.000000 0.000000 
0.000000 0.000000 0.000000 0.000000 0.000000 0.000000 0.000000 0.000000 0.000000 0.000000 0.000000 0.000000 0.000000 0.000000 0.000000 0.000000 0.000000 0.000000 0.000000 0.000000 0.000000 0.000000 0.000000 0.000000 0.000000 0.000001 0.000001 0.000002 0.000003 0.000005 0.000007 0.000011 0.000017 0.000026 0.000037 0.000053 0.000074 0.000101 0.000135 0.000176 0.000223 0.000278 0.000338 0.000401 0.000466 0.000529 0.000587 0.000636 0.000674 0.000697 0.000705 0.000697 0.000674 0.000636 0.000587 0.000529 0.000466 0.000401 0.000338 0.000278 0.000223 0.000176 0.000135 0.000101 0.000074 0.000053 0.000037 0.000026 0.000017 0.000011 0.000007 0.000005 0.000003 0.000002 0.000001 0.000001 0.000000 0.000000 0.000000 0.000000 0.000000 0.000000 0.000000 0.000000 0.000000 0.000000 0.000000 0.000000 0.000000 0.000000 0.000000 0.000000 0.000000 0.000000 0.000000 0.000000 0.000000 0.000000 0.000000 0.000000 
0.000000 0.000000 0.000000 0.000000 0.000000 0.000000 0.000000 0.000000 0.000000 0.000000 0.000000 0.000000 0.000000 0.000000 0.000000 0.000000 0.000000 0.000000 0.000000 0.000000 0.000000 0.000000 0.000000 0.000000 0.000001 0.000001 0.000002 0.000004 0.000006 0.000010 0.000015 0.000024 0.000036 0.000054 0.000078 0.000111 0.000155 0.000211 0.000280 0.000365 0.000464 0.000576 0.000700 0.000831 0.000965 0.001095 0.001214 0.001316 0.001393 0.001442 0.001459 0.001442 0.001393 0.001316 0.001214 0.001095 0.000965 0.000831 0.000700 0.000576 0.000464 0.000365 0.000280 0.000211 0.000155 0.000111 0.000078 0.000054 0.000036 0.000024 0.000015 0.000010 0.000006 0.000004 0.000002 0.000001 0.000001 0.000000 0.000000 0.000000 0.000000 0.000000 0.000000 0.000000 0.000000 0.000000 0.000000 0.000000 0.000000 0.000000 0.000000 0.000000 0.000000 0.000000 0.000000 0.000000 0.000000 0.000000 0.000000 0.000000 
0.000000 0.000000 0.000000 0.000000 0.000000 0.000000 0.000000 0.000000 0.000000 0.000000 0.000000 0.000000 0.000000 0.000000 0.000000 0.000000 0.000000 0.000000 0.000000 0.000000 0.000000 0.000000 0.000000 0.000001 0.000001 0.000002 0.000004 0.000007 0.000012 0.000020 0.000031 0.000049 0.000074 0.000110 0.000160 0.000227 0.000316 0.000430 0.000571 0.000742 0.000943 0.001171 0.001422 0.001688 0.001959 0.002222 0.002462 0.002668 0.002825 0.002924 0.002957 0.002924 0.002825 0.002668 0.002462 0.002222 0.001959 0.001688 0.001422 0.001171 0.000943 0.000742 0.000571 0.000430 0.000316 0.000227 0.000160 0.000110 0.000074 0.000049 0.000031 0.000020 0.000012 0.000007 0.000004 0.000002 0.000001 0.000001 0.000000 0.000000 0.000000 0.000000 0.000000 0.000000 0.000000 0.000000 0.000000 0.000000 0.000000 0.000000 0.000000 0.000000 0.000000 0.000000 0.000000 0.000000 0.000000 0.000000 0.000000 0.000000 
0.000000 0.000000 0.000000 0.000000 0.000000 0.000000 0.000000 0.000000 0.000000 0.000000 0.000000 0.000000 0.000000 0.000000 0.000000 0.000000 0.000000 0.000000 0.000000 0.000000 0.000000 0.000000 0.000001 0.000002 0.000003 0.000005 0.000009 0.000015 0.000024 0.000040 0.000063 0.000098 0.000148 0.000220 0.000320 0.000455 0.000632 0.000858 0.001140 0.001481 0.001880 0.002334 0.002833 0.003361 0.003897 0.004418 0.004896 0.005303 0.005615 0.005810 0.005877 0.005810 0.005615 0.005303 0.004896 0.004418 0.003897 0.003361 0.002833 0.002334 0.001880 0.001481 0.001140 0.000858 0.000632 0.000455 0.000320 0.000220 0.000148 0.000098 0.000063 0.000040 0.000024 0.000015 0.000009 0.000005 0.000003 0.000002 0.000001 0.000000 0.000000 0.000000 0.000000 0.000000 0.000000 0.000000 0.000000 0.000000 0.000000 0.000000 0.000000 0.000000 0.000000 0.000000 0.000000 0.000000 0.000000 0.000000 0.000000 0.000000 
0.000000 0.000000 0.000000 0.000000 0.000000 0.000000 0.000000 0.000000 0.000000 0.000000 0.000000 0.000000 0.000000 0.000000 0.000000 0.000000 0.000000 0.000000 0.000000 0.000000 0.000000 0.000001 0.000002 0.000003 0.000006 0.000010 0.000017 0.000029 0.000048 0.000078 0.000124 0.000192 0.000292 0.000433 0.000629 0.000892 0.001238 0.001681 0.002231 0.002895 0.003674 0.004558 0.005529 0.006556 0.007600 0.008613 0.009542 0.010333 0.010938 0.011318 0.011447 0.011318 0.010938 0.010333 0.009542 0.008613 0.007600 0.006556 0.005529 0.004558 0.003674 0.002895 0.002231 0.001681 0.001238 0.000892 0.000629 0.000433 0.000292 0.000192 0.000124 0.000078 0.000048 0.000029 0.000017 0.000010 0.000006 0.000003 0.000002 0.000001 0.000000 0.000000 0.000000 0.000000 0.000000 0.000000 0.000000 0.000000 0.000000 0.000000 0.000000 0.000000 0.000000 0.000000 0.000000 0.000000 0.000000 0.000000 0.000000 0.000000 
0.000000 0.000000 0.000000 0.000000 0.000000 0.000000 0.000000 0.000000 0.000000 0.000000 0.000000 0.000000 0.000000 0.000000 0.000000 0.000000 0.000000 0.000000 0.000000 0.000000 0.000001 0.000002 0.000003 0.000006 0.000011 0.000019 0.000034 0.000057 0.000094 0.000152 0.000240 0.000372 0.000563 0.000834 0.001209 0.001715 0.002378 0.003225 0.004277 0.005547 0.007035 0.008723 0.010575 0.012535 0.014525 0.016455 0.018224 0.019731 0.020883 0.021607 0.021853 0.021607 0.020883 0.019731 0.018224 0.016455 0.014525 0.012535 0.010575 0.008723 0.007035 0.005547 0.004277 0.003225 0.002378 0.001715 0.001209 0.000834 0.000563 0.000372 0.000240 0.000152 0.000094 0.000057 0.000034 0.000019 0.000011 0.000006 0.000003 0.000002 0.000001 0.000000 0.000000 0.000000 0.000000 0.000000 0.000000 0.000000 0.000000 0.000000 0.000000 0.000000 0.000000 0.000000 0.000000 0.000000 0.000000 0.000000 0.000000 0.000000 
0.000000 0.000000 0.000000 0.000000 0.000000 0.000000 0.000000 0.000000 0.000000 0.000000 0.000000 0.000000 0.000000 0.000000 0.000000 0.000000 0.000000 0.000000 0.000000 0.000001 0.000002 0.000003 0.000006 0.000012 0.000021 0.000037 0.000064 0.000108 0.000178 0.000287 0.000454 0.000702 0.001063 0.001574 0.002280 0.003229 0.004475 0.006064 0.008037 0.010416 0.013200 0.016359 0.019822 0.023484 0.027203 0.030808 0.034111 0.036924 0.039074 0.040424 0.040885 0.040424 0.039074 0.036924 0.034111 0.030808 0.027203 0.023484 0.019822 0.016359 0.013200 0.010416 0.008037 0.006064 0.004475 0.003229 0.002280 0.001574 0.001063 0.000702 0.000454 0.000287 0.000178 0.000108 0.000064 0.000037 0.000021 0.000012 0.000006 0.000003 0.000002 0.000001 0.000000 0.000000 0.000000 0.000000 0.000000 0.000000 0.000000 0.000000 0.000000 0.000000 0.000000 0.000000 0.000000 0.000000 0.000000 0.000000 0.000000 0.000000 
0.000000 0.000000 0.000000 0.000000 0.000000 0.000000 0.000000 0.000000 0.000000 0.000000 0.000000 0.000000 0.000000 0.000000 0.000000 0.000000 0.000000 0.000000 0.000001 0.000002 0.000003 0.000006 0.000012 0.000022 0.000039 0.000069 0.000119 0.000200 0.000330 0.000533 0.000842 0.001301 0.001967 0.002909 0.004210 0.005959 0.008249 0.011171 0.014794 0.019161 0.024269 0.030059 0.036406 0.043114 0.049922 0.056520 0.062563 0.067709 0.071642 0.074111 0.074953 0.074111 0.071642 0.067709 0.062563 0.056520 0.049922 0.043114 0.036406 0.030059 0.024269 0.019161 0.014794 0.011171 0.008249 0.005959 0.004210 0.002909 0.001967 0.001301 0.000842 0.000533 0.000330 0.000200 0.000119 0.000069 0.000039 0.000022 0.000012 0.000006 0.000003 0.000002 0.000001 0.000000 0.000000 0.000000 0.000000 0.000000 0.000000 0.000000 0.000000 0.000000 0.000000 0.000000 0.000000 0.000000 0.000000 0.000000 0.000000 0.000000 
0.000000 0.000000 0.000000 0.000000 0.000000 0.000000 0.000000 0.000000 0.000000 0.000000 0.000000 0.000000 0.000000 0.000000 0.000000 0.000000 0.000000 0.000001 0.000002 0.000003 0.000006 0.000012 0.000022 0.000040 0.000072 0.000126 0.000217 0.000365 0.000601 0.000969 0.001529 0.002360 0.003565 0.005268 0.007616 0.010770 0.014899 0.020160 0.026681 0.034534 0.043716 0.054117 0.065512 0.077550 0.089765 0.101597 0.112432 0.121655 0.128704 0.133129 0.134637 0.133129 0.128704 0.121655 0.112432 0.101597 0.089765 0.077550 0.065512 0.054117 0.043716 0.034534 0.026681 0.020160 0.014899 0.010770 0.007616 0.005268 0.003565 0.002360 0.001529 0.000969 0.000601 0.000365 0.000217 0.000126 0.000072 0.000040 0.000022 0.000012 0.000006 0.000003 0.000002 0.000001 0.000000 0.000000 0.000000 0.000000 0.000000 0.000000 0.000000 0.000000 0.000000 0.000000 0.000000 0.000000 0.000000 0.000000 0.000000 0.000000 
0.000000 0.000000 0.000000 0.000000 0.000000 0.000000 0.000000 0.000000 0.000000 0.000000 0.000000 0.000000 0.000000 0.000000 0.000000 0.000000 0.000001 0.000001 0.000003 0.000006 0.000011 0.000021 0.000039 0.000072 0.000129 0.000226 0.000388 0.000652 0.001072 0.001726 0.002720 0.004194 0.006328 0.009343 0.013495 0.019069 0.026358 0.035640 0.047137 0.060975 0.077142 0.095448 0.115494 0.136662 0.158132 0.178922 0.197957 0.214155 0.226533 0.234302 0.236951 0.234302 0.226533 0.214155 0.197957 0.178922 0.158132 0.136662 0.115494 0.095448 0.077142 0.060975 0.047137 0.035640 0.026358 0.019069 0.013495 0.009343 0.006328 0.004194 0.002720 0.001726 0.001072 0.000652 0.000388 0.000226 0.000129 0.000072 0.000039 0.000021 0.000011 0.000006 0.000003 0.000001 0.000001 0.000000 0.000000 0.000000 0.000000 0.000000 0.000000 0.000000 0.000000 0.000000 0.000000 0.000000 0.000000 0.000000 0.000000 0.000000 
0.000000 0.000000 0.000000 0.000000 0.000000 0.000000 0.000000 0.000000 0.000000 0.000000 0.000000 0.000000 0.000000 0.000000 0.000000 0.000001 0.000001 0.000002 0.000005 0.000010 0.000019 0.000037 0.000069 0.000126 0.000226 0.000395 0.000678 0.001139 0.001871 0.003010 0.004738 0.007298 0.011002 0.016228 0.023420 0.033067 0.045675 0.061716 0.081572 0.105457 0.133347 0.164910 0.199456 0.235922 0.272895 0.308686 0.341446 0.369319 0.390615 0.403980 0.408536 0.403980 0.390615 0.369319 0.341446 0.308686 0.272895 0.235922 0.199456 0.164910 0.133347 0.105457 0.081572 0.061716 0.045675 0.033067 0.023420 0.016228 0.011002 0.007298 0.004738 0.003010 0.001871 0.001139 0.000678 0.000395 0.000226 0.000126 0.000069 0.000037 0.000019 0.000010 0.000005 0.000002 0.000001 0.000001 0.000000 0.000000 0.000000 0.000000 0.000000 0.000000 0.000000 0.000000 0.000000 0.000000 0.000000 0.000000 0.000000 0.000000 
0.000000 0.000000 0.000000 0.000000 0.000000 0.000000 0.000000 0.000000 0.000000 0.000000 0.000000 0.000000 0.000000 0.000000 0.000000 0.000001 0.000002 0.000004 0.000009 0.000017 0.000034 0.000064 0.000119 0.000217 0.000388 0.000678 0.001162 0.001948 0.003198 0.005139 0.008081 0.012437 0.018731 0.027605 0.039806 0.056160 0.077517 0.104672 0.138262 0.178646 0.225775 0.279084 0.337405 0.398944 0.461317 0.521677 0.576912 0.623898 0.659793 0.682316 0.689994 0.682316 0.659793 0.623898 0.576912 0.521677 0.461317 0.398944 0.337405 0.279084 0.225775 0.178646 0.138262 0.104672 0.077517 0.056160 0.039806 0.027605 0.018731 0.012437 0.008081 0.005139 0.003198 0.001948 0.001162 0.000678 0.000388 0.000217 0.000119 0.000064 0.000034 0.000017 0.000009 0.000004 0.000002 0.000001 0.000000 0.000000 0.000000 0.000000 0.000000 0.000000 0.000000 0.000000 0.000000 0.000000 0.000000 0.000000 0.000000 0.000000 
0.000000 0.000000 0.000000 0.000000 0.000000 0.000000 0.000000 0.000000 0.000000 0.000000 0.000000 0.000000 0.000000 0.000000 0.000001 0.000002 0.000004 0.000007 0.000015 0.000029 0.000057 0.000108 0.000200 0.000365 0.000652 0.001139 0.001948 0.003264 0.005352 0.008590 0.013495 0.020751 0.031226 0.045981 0.066254 0.093406 0.128839 0.173861 0.229518 0.296393 0.374399 0.462591 0.559035 0.660760 0.763829 0.863546 0.954772 1.032360 1.091624 1.128807 1.141482 1.128807 1.091624 1.032360 0.954772 0.863546 0.763829 0.660760 0.559035 0.462591 0.374399 0.296393 0.229518 0.173861 0.128839 0.093406 0.066254 0.045981 0.031226 0.020751 0.013495 0.008590 0.005352 0.003264 0.001948 0.001139 0.000652 0.000365 0.000200 0.000108 0.000057 0.000029 0.000015 0.000007 0.000004 0.000002 0.000001 0.000000 0.000000 0.000000 0.000000 0.000000 0.000000 0.000000 0.000000 0.000000 0.000000 0.000000 0.000000 0.000000 
0.000000 0.000000 0.000000 0.000000 0.000000 0.000000 0.000000 0.000000 0.000000 0.000000 0.000000 0.000000 0.000000 0.000001 0.000001 0.000003 0.000006 0.000012 0.000024 0.000048 0.000094 0.000178 0.000330 0.000601 0.001072 0.001871 0.003198 0.005352 0.008767 0.014058 0.022066 0.033900 0.050969 0.074995 0.107979 0.152124 0.209694 0.282797 0.373115 0.481578 0.608031 0.750932 0.907139 1.071839 1.238663 1.400015 1.547597 1.673092 1.768934 1.829063 1.849558 1.829063 1.768934 1.673092 1.547597 1.400015 1.238663 1.071839 0.907139 0.750932 0.608031 0.481578 0.373115 0.282797 0.209694 0.152124 0.107979 0.074995 0.050969 0.033900 0.022066 0.014058 0.008767 0.005352 0.003198 0.001871 0.001072 0.000601 0.000330 0.000178 0.000094 0.000048 0.000024 0.000012 0.000006 0.000003 0.000001 0.000001 0.000000 0.000000 0.000000 0.000000 0.000000 0.000000 0.000000 0.000000 0.000000 0.000000 0.000000 0.000000 
0.000000 0.000000 0.000000 0.000000 0.000000 0.000000 0.000000 0.000000 0.000000 0.000000 0.000000 0.000000 0.000000 0.000001 0.000002 0.000005 0.000010 0.000020 0.000040 0.000078 0.000152 0.000287 0.000533 0.000969 0.001726 0.003010 0.005139 0.008590 0.014058 0.022523 0.035321 0.054218 0.081453 0.119758 0.172306 0.242588 0.334182 0.450421 0.593950 0.766225 0.966978 1.193744 1.441528 1.702692 1.967144 2.222855 2.456692 2.655497 2.807308 2.902543 2.935002 2.902543 2.807308 2.655497 2.456692 2.222855 1.967144 1.702692 1.441528 1.193744 0.966978 0.766225 0.593950 0.450421 0.334182 0.242588 0.172306 0.119758 0.081453 0.054218 0.035321 0.022523 0.014058 0.008590 0.005139 0.003010 0.001726 0.000969 0.000533 0.000287 0.000152 0.000078 0.000040 0.000020 0.000010 0.000005 0.000002 0.000001 0.000000 0.000000 0.000000 0.000000 0.000000 0.000000 0.000000 0.000000 0.000000 0.000000 0.000000 0.000000 
0.000000 0.000000 0.000000 0.000000 0.000000 0.000000 0.000000 0.000000 0.000000 0.000000 0.000000 0.000000 0.000001 0.000002 0.000003 0.000007 0.000015 0.000031 0.000063 0.000124 0.000240 0.000454 0.000842 0.001529 0.002720 0.004738 0.008081 0.013495 0.022066 0.035321 0.055346 0.084888 0.127433 0.187225 0.269193 0.378751 0.521443 0.702422 0.925773 1.193722 1.505821 1.858216 2.243127 2.648688 3.059237 3.456115 3.818967 4.127408 4.362910 4.510632 4.560980 4.510632 4.362910 4.127408 3.818967 3.456115 3.059237 2.648688 2.243127 1.858216 1.505821 1.193722 0.925773 0.702422 0.521443 0.378751 0.269193 0.187225 0.127433 0.084888 0.055346 0.035321 0.022066 0.013495 0.008081 0.004738 0.002720 0.001529 0.000842 0.000454 0.000240 0.000124 0.000063 0.000031 0.000015 0.000007 0.000003 0.000002 0.000001 0.000000 0.000000 0.000000 0.000000 0.000000 0.000000 0.000000 0.000000 0.000000 0.000000 0.000000 
0.000000 0.000000 0.000000 0.000000 0.000000 0.000000 0.000000 0.000000 0.000000 0.000000 0.000000 0.000000 0.000001 0.000002 0.000005 0.000011 0.000024 0.000049 0.000098 0.000192 0.000372 0.000702 0.001301 0.002360 0.004194 0.007298 0.012437 0.020751 0.033900 0.054218 0.084888 0.130099 0.195161 0.286535 0.411713 0.578921 0.796570 1.072467 1.412783 1.820858 2.295965 2.832202 3.417710 4.034433 4.658567 5.261775 5.813157 6.281784 6.639547 6.863942 6.940419 6.863942 6.639547 6.281784 5.813157 5.261775 4.658567 4.034433 3.417710 2.832202 2.295965 1.820858 1.412783 1.072467 0.796570 0.578921 0.411713 0.286535 0.195161 0.130099 0.084888 0.054218 0.033900 0.020751 0.012437 0.007298 0.004194 0.002360 0.001301 0.000702 0.000372 0.000192 0.000098 0.000049 0.000024 0.000011 0.000005 0.000002 0.000001 0.000000 0.000000 0.000000 0.000000 0.000000 0.000000 0.000000 0.000000 0.000000 0.000000 0.000000 
0.000000 0.000000 0.000000 0.000000 0.000000 0.000000 0.000000 0.000000 0.000000 0.000000 0.000000 0.000001 0.000002 0.000004 0.000008 0.000017 0.000036 0.000074 0.000148 0.000292 0.000563 0.001063 0.001967 0.003565 0.006328 0.011002 0.018731 0.031226 0.050969 0.081453 0.127433 0.195161 0.292560 0.429254 0.616402 0.866236 1.191255 1.603040 2.110725 2.719219 3.427375 4.226343 5.098428 6.016730 6.945820 7.843556 8.664005 9.361211 9.893418 10.227202 10.340955 10.227202 9.893418 9.361211 8.664005 7.843556 6.945820 6.016730 5.098428 4.226343 3.427375 2.719219 2.110725 1.603040 1.191255 0.866236 0.616402 0.429254 0.292560 0.195161 0.127433 0.081453 0.050969 0.031226 0.018731 0.011002 0.006328 0.003565 0.001967 0.001063 0.000563 0.000292 0.000148 0.000074 0.000036 0.000017 0.000008 0.000004 0.000002 0.000001 0.000000 0.000000 0.000000 0.000000 0.000000 0.000000 0.000000 0.000000 0.000000 0.000000 
0.000000 0.000000 0.000000 0.000000 0.000000 0.000000 0.000000 0.000000 0.000000 0.000000 0.000000 0.000001 0.000003 0.000006 0.000012 0.000026 0.000054 0.000110 0.000220 0.000433 0.000834 0.001574 0.002909 0.005268 0.009343 0.016228 0.027605 0.045981 0.074995 0.119758 0.187225 0.286535 0.429254 0.629426 0.903318 1.268745 1.743890 2.345579 3.087051 3.975375 5.008788 6.174308 7.446081 8.784870 10.139046 11.447244 12.642603 13.658256 14.433463 14.919616 15.085290 14.919616 14.433463 13.658256 12.642603 11.447244 10.139046 8.784870 7.446081 6.174308 5.008788 3.975375 3.087051 2.345579 1.743890 1.268745 0.903318 0.629426 0.429254 0.286535 0.187225 0.119758 0.074995 0.045981 0.027605 0.016228 0.009343 0.005268 0.002909 0.001574 0.000834 0.000433 0.000220 0.000110 0.000054 0.000026 0.000012 0.000006 0.000003 0.000001 0.000000 0.000000 0.000000 0.000000 0.000000 0.000000 0.000000 0.000000 0.000000 0.000000 
0.000000 0.000000 0.000000 0.000000 0.000000 0.000000 0.000000 0.000000 0.000000 0.000000 0.000001 0.000002 0.000004 0.000008 0.000018 0.000037 0.000078 0.000160 0.000320 0.000629 0.001209 0.002280 0.004210 0.007616 0.013495 0.023420 0.039806 0.066254 0.107979 0.172306 0.269193 0.411713 0.616402 0.903318 1.295678 1.818884 2.498839 3.359481 4.419603 5.689177 7.165560 8.830118 10.645871 12.556789 14.489215 16.355649 18.060806 19.509419 20.614975 21.308251 21.544501 21.308251 20.614975 19.509419 18.060806 16.355649 14.489215 12.556789 10.645871 8.830118 7.165560 5.689177 4.419603 3.359481 2.498839 1.818884 1.295678 0.903318 0.616402 0.411713 0.269193 0.172306 0.107979 0.066254 0.039806 0.023420 0.013495 0.007616 0.004210 0.002280 0.001209 0.000629 0.000320 0.000160 0.000078 0.000037 0.000018 0.000008 0.000004 0.000002 0.000001 0.000000 0.000000 0.000000 0.000000 0.000000 0.000000 0.000000 0.000000 0.000000 
0.000000 0.000000 0.000000 0.000000 0.000000 0.000000 0.000000 0.000000 0.000000 0.000000 0.000001 0.000002 0.000005 0.000012 0.000025 0.000053 0.000111 0.000227 0.000455 0.000892 0.001715 0.003229 0.005959 0.010770 0.019069 0.033067 0.056160 0.093406 0.152124 0.242588 0.378751 0.578921 0.866236 1.268745 1.818884 2.552117 3.504573 4.709596 6.193311 7.969495 10.034294 12.361527 14.899424 17.569656 20.269340 22.876335 25.257681 27.280493 28.824120 29.792041 30.121873 29.792041 28.824120 27.280493 25.257681 22.876335 20.269340 17.569656 14.899424 12.361527 10.034294 7.969495 6.193311 4.709596 3.504573 2.552117 1.818884 1.268745 0.866236 0.578921 0.378751 0.242588 0.152124 0.093406 0.056160 0.033067 0.019069 0.010770 0.005959 0.003229 0.001715 0.000892 0.000455 0.000227 0.000111 0.000053 0.000025 0.000012 0.000005 0.000002 0.000001 0.000000 0.000000 0.000000 0.000000 0.000000 0.000000 0.000000 0.000000 0.000000 
0.000000 0.000000 0.000000 0.000000 0.000000 0.000000 0.000000 0.000000 0.000000 0.000001 0.000001 0.000003 0.000007 0.000016 0.000035 0.000074 0.000155 0.000316 0.000632 0.001238 0.002378 0.004475 0.008249 0.014899 0.026358 0.045675 0.077517 0.128839 0.209694 0.334182 0.521443 0.796570 1.191255 1.743890 2.498839 3.504573 4.810424 6.461872 8.494476 10.926880 13.753609 16.938668 20.411112 24.063753 27.755913 31.320672 34.576397 37.341613 39.451586 40.774552 41.225357 40.774552 39.451586 37.341613 34.576397 31.320672 27.755913 24.063753 20.411112 16.938668 13.753609 10.926880 8.494476 6.461872 4.810424 3.504573 2.498839 1.743890 1.191255 0.796570 0.521443 0.334182 0.209694 0.128839 0.077517 0.045675 0.026358 0.014899 0.008249 0.004475 0.002378 0.001238 0.000632 0.000316 0.000155 0.000074 0.000035 0.000016 0.000007 0.000003 0.000001 0.000001 0.000000 0.000000 0.000000 0.000000 0.000000 0.000000 0.000000 0.000000 
0.000000 0.000000 0.000000 0.000000 0.000000 0.000000 0.000000 0.000000 0.000000 0.000001 0.000002 0.000004 0.000010 0.000022 0.000048 0.000101 0.000211 0.000430 0.000858 0.001681 0.003225 0.006064 0.011171 0.020160 0.035640 0.061716 0.104672 0.173861 0.282797 0.450421 0.702422 1.072467 1.603040 2.345579 3.359481 4.709596 6.461872 8.677037 11.402488 14.662937 18.450796 22.717642 27.368323 32.259259 37.202152 41.973691 46.330973 50.031373 52.854695 54.624837 55.228002 54.624837 52.854695 50.031373 46.330973 41.973691 37.202152 32.259259 27.368323 22.717642 18.450796 14.662937 11.402488 8.677037 6.461872 4.709596 3.359481 2.345579 1.603040 1.072467 0.702422 0.450421 0.282797 0.173861 0.104672 0.061716 0.035640 0.020160 0.011171 0.006064 0.003225 0.001681 0.000858 0.000430 0.000211 0.000101 0.000048 0.000022 0.000010 0.000004 0.000002 0.000001 0.000000 0.000000 0.000000 0.000000 0.000000 0.000000 0.000000 0.000000 
0.000000 0.000000 0.000000 0.000000 0.000000 0.000000 0.000000 0.000000 0.000000 0.000001 0.000003 0.000006 0.000013 0.000029 0.000064 0.000135 0.000280 0.000571 0.001140 0.002231 0.004277 0.008037 0.014794 0.026681 0.047137 0.081572 0.138262 0.229518 0.373115 0.593950 0.925773 1.412783 2.110725 3.087051 4.419603 6.193311 8.494476 11.402488 14.979201 19.256700 24.224726 29.819539 35.916239 42.326578 48.803849 55.055608 60.763866 65.611075 69.309101 71.627537 72.417510 71.627537 69.309101 65.611075 60.763866 55.055608 48.803849 42.326578 35.916239 29.819539 24.224726 19.256700 14.979201 11.402488 8.494476 6.193311 4.419603 3.087051 2.110725 1.412783 0.925773 0.593950 0.373115 0.229518 0.138262 0.081572 0.047137 0.026681 0.014794 0.008037 0.004277 0.002231 0.001140 0.000571 0.000280 0.000135 0.000064 0.000029 0.000013 0.000006 0.000003 0.000001 0.000000 0.000000 0.000000 0.000000 0.000000 0.000000 0.000000 0.000000 
0.000000 0.000000 0.000000 0.000000 0.000000 0.000000 0.000000 0.000000 0.000001 0.000001 0.000003 0.000008 0.000017 0.000038 0.000083 0.000176 0.000365 0.000742 0.001481 0.002895 0.005547 0.010416 0.019161 0.034534 0.060975 0.105457 0.178646 0.296393 0.481578 0.766225 1.193722 1.820858 2.719219 3.975375 5.689177 7.969495 10.926880 14.662937 19.256700 24.748964 31.126204 38.306326 46.128881 54.352304 62.660211 70.677731 77.997375 84.212314 88.953468 91.925742 92.938475 91.925742 88.953468 84.212314 77.997375 70.677731 62.660211 54.352304 46.128881 38.306326 31.126204 24.748964 19.256700 14.662937 10.926880 7.969495 5.689177 3.975375 2.719219 1.820858 1.193722 0.766225 0.481578 0.296393 0.178646 0.105457 0.060975 0.034534 0.019161 0.010416 0.005547 0.002895 0.001481 0.000742 0.000365 0.000176 0.000083 0.000038 0.000017 0.000008 0.000003 0.000001 0.000001 0.000000 0.000000 0.000000 0.000000 0.000000 0.000000 0.000000 
0.000000 0.000000 0.000000 0.000000 0.000000 0.000000 0.000000 0.000000 0.000001 0.000002 0.000004 0.000010 0.000022 0.000049 0.000106 0.000223 0.000464 0.000943 0.001880 0.003674 0.007035 0.013200 0.024269 0.043716 0.077142 0.133347 0.225775 0.374399 0.608031 0.966978 1.505821 2.295965 3.427375 5.008788 7.165560 10.034294 13.753609 18.450796 24.224726 31.126204 39.137824 48.156145 57.979459 68.304382 78.733799 88.797367 97.983967 105.783419 111.732954 115.462611 116.733377 115.462611 111.732954 105.783419 97.983967 88.797367 78.733799 68.304382 57.979459 48.156145 39.137824 31.126204 24.224726 18.450796 13.753609 10.034294 7.165560 5.008788 3.427375 2.295965 1.505821 0.966978 0.608031 0.374399 0.225775 0.133347 0.077142 0.043716 0.024269 0.013200 0.007035 0.003674 0.001880 0.000943 0.000464 0.000223 0.000106 0.000049 0.000022 0.000010 0.000004 0.000002 0.000001 0.000000 0.000000 0.000000 0.000000 0.000000 0.000000 0.000000 
0.000000 0.000000 0.000000 0.000000 0.000000 0.000000 0.000000 0.000000 0.000001 0.000002 0.000005 0.000012 0.000028 0.000061 0.000131 0.000278 0.000576 0.001171 0.002334 0.004558 0.008723 0.016359 0.030059 0.054117 0.095448 0.164910 0.279084 0.462591 0.750932 1.193744 1.858216 2.832202 4.226343 6.174308 8.830118 12.361527 16.938668 22.717642 29.819539 38.306326 48.156145 59.241476 71.314178 84.001361 96.815187 109.178068 120.462503 130.042271 137.349427 141.929971 143.490621 141.929971 137.349427 130.042271 120.462503 109.178068 96.815187 84.001361 71.314178 59.241476 48.156145 38.306326 29.819539 22.717642 16.938668 12.361527 8.830118 6.174308 4.226343 2.832202 1.858216 1.193744 0.750932 0.462591 0.279084 0.164910 0.095448 0.054117 0.030059 0.016359 0.008723 0.004558 0.002334 0.001171 0.000576 0.000278 0.000131 0.000061 0.000028 0.000012 0.000005 0.000002 0.000001 0.000000 0.000000 0.000000 0.000000 0.000000 0.000000 0.000000 
0.000000 0.000000 0.000000 0.000000 0.000000 0.000000 0.000000 0.000000 0.000001 0.000003 0.000007 0.000015 0.000034 0.000074 0.000160 0.000338 0.000700 0.001422 0.002833 0.005529 0.010575 0.019822 0.036406 0.065512 0.115494 0.199456 0.337405 0.559035 0.907139 1.441528 2.243127 3.417710 5.098428 7.446081 10.645871 14.899424 20.411112 27.368323 35.916239 46.128881 57.979459 71.314178 85.834330 101.091394 116.498859 131.362536 144.928425 156.444192 165.227605 170.733358 172.609205 170.733358 165.227605 156.444192 144.928425 131.362536 116.498859 101.091394 85.834330 71.314178 57.979459 46.128881 35.916239 27.368323 20.411112 14.899424 10.645871 7.446081 5.098428 3.417710 2.243127 1.441528 0.907139 0.559035 0.337405 0.199456 0.115494 0.065512 0.036406 0.019822 0.010575 0.005529 0.002833 0.001422 0.000700 0.000338 0.000160 0.000074 0.000034 0.000015 0.000007 0.000003 0.000001 0.000000 0.000000 0.000000 0.000000 0.000000 0.000000 0.000000 
0.000000 0.000000 0.000000 0.000000 0.000000 0.000000 0.000000 0.000001 0.000001 0.000003 0.000008 0.000018 0.000040 0.000088 0.000190 0.000401 0.000831 0.001688 0.003361 0.006556 0.012535 0.023484 0.043114 0.077550 0.136662 0.235922 0.398944 0.660760 1.071839 1.702692 2.648688 4.034433 6.016730 8.784870 12.556789 17.569656 24.063753 32.259259 42.326578 54.352304 68.304382 84.001361 101.091394 119.046537 137.176710 154.665373 170.625813 184.173418 194.506092 200.982775 203.189390 200.982775 194.506092 184.173418 170.625813 154.665373 137.176710 119.046537 101.091394 84.001361 68.304382 54.352304 42.326578 32.259259 24.063753 17.569656 12.556789 8.784870 6.016730 4.034433 2.648688 1.702692 1.071839 0.660760 0.398944 0.235922 0.136662 0.077550 0.043114 0.023484 0.012535 0.006556 0.003361 0.001688 0.000831 0.000401 0.000190 0.000088 0.000040 0.000018 0.000008 0.000003 0.000001 0.000001 0.000000 0.000000 0.000000 0.000000 0.000000 0.000000 
