0.000000 0.000000 0.000000 0.000000 0.000000 0.000000 0.000000 0.000000 0.000000 0.000000 0.000000 0.000000 0.000000 0.000000 0.000000 0.000000 0.000000 0.000000 0.000000 0.000000 0.000000 0.000000 0.000000 0.000000 0.000000 0.000000 0.000000 0.000000 0.000000 0.000000 0.000000 0.000000 0.000000 0.000000 0.000000 0.000000 0.000000 0.000000 0.000000 0.000000 0.000000 0.000000 0.000000 0.000000 0.000000 0.000000 0.000000 0.000000 0.000000 0.000000 0.000000 0.000000 0.000000 0.000000 0.000000 0.000000 0.000000 0.000000 0.000000 0.000000 0.000000 0.000000 0.000000 0.000000 0.000000 0.000000 0.000000 0.000000 0.000000 0.000000 0.000000 0.000000 0.000000 0.000000 0.000000 0.000000 0.000000 0.000000 0.000000 0.000000 0.000000 0.000000 0.000000 0.000000 0.000000 0.000000 0.000000 0.000000 0.000000 0.000000 0.000000 0.000000 0.000000 0.000000 0.000000 0.000000 0.000000 0.000000 0.000000 0.000000 
0.000000 0.000000 0.000000 0.000000 0.000000 0.000001 0.000001 0.000001 0.000002 0.000003 0.000004 0.000006 0.000008 0.000011 0.000015 0.000020 0.000027 0.000035 0.000047 0.000061 0.000079 0.000101 0.000128 0.000162 0.000202 0.000251 0.000309 0.000377 0.000455 0.000546 0.000650 0.000766 0.000896 0.001039 0.001194 0.001362 0.001539 0.001726 0.001918 0.002114 0.002311 0.002504 0.002691 0.002868 0.003030 0.003174 0.003298 0.003397 0.003470 0.003514 0.003529 0.003514 0.003470 0.003397 0.003298 0.003174 0.003030 0.002868 0.002691 0.002504 0.002311 0.002114 0.001918 0.001726 0.001539 0.001362 0.001194 0.001039 0.000896 0.000766 0.000650 0.000546 0.000455 0.000377 0.000309 0.000251 0.000202 0.000162 0.000128 0.000101 0.000079 0.000061 0.000047 0.000035 0.000027 0.000020 0.000015 0.000011 0.000008 0.000006 0.000004 0.000003 0.000002 0.000001 0.000001 0.000001 0.000000 0.000000 0.000000 0.000000 
0.000000 0.000000 0.000000 0.000001 0.000001 0.000001 0.000002 0.000003 0.000004 0.000006 0.000009 0.000012 0.000017 0.000023 0.000032 0.000043 0.000057 0.000076 0.000100 0.000131 0.000169 0.000217 0.000276 0.000348 0.000435 0.000539 0.000663 0.000809 0.000978 0.001173 0.001395 0.001645 0.001923 0.002230 0.002564 0.002923 0.003304 0.003704 0.004117 0.004538 0.004960 0.005375 0.005776 0.006155 0.006503 0.006813 0.007078 0.007291 0.007447 0.007542 0.007574 0.007542 0.007447 0.007291 0.007078 0.006813 0.006503 0.006155 0.005776 0.005375 0.004960 0.004538 0.004117 0.003704 0.003304 0.002923 0.002564 0.002230 0.001923 0.001645 0.001395 0.001173 0.000978 0.000809 0.000663 0.000539 0.000435 0.000348 0.000276 0.000217 0.000169 0.000131 0.000100 0.000076 0.000057 0.000043 0.000032 0.000023 0.000017 0.000012 0.000009 0.000006 0.000004 0.000003 0.000002 0.000001 0.000001 0.000001 0.000000 0.000000 
0.000000 0.000000 0.000001 0.000001 0.000002 0.000002 0.000004 0.000005 0.000007 0.000011 0.000015 0.000021 0.000029 0.000039 0.000054 0.000072 0.000097 0.000128 0.000168 0.000220 0.000284 0.000364 0.000463 0.000584 0.000730 0.000906 0.001114 0.001358 0.001642 0.001969 0.002342 0.002761 0.003228 0.003743 0.004303 0.004906 0.005546 0.006217 0.006910 0.007616 0.008324 0.009020 0.009693 0.010328 0.010912 0.011432 0.011876 0.012233 0.012495 0.012655 0.012708 0.012655 0.012495 0.012233 0.011876 0.011432 0.010912 0.010328 0.009693 0.009020 0.008324 0.007616 0.006910 0.006217 0.005546 0.004906 0.004303 0.003743 0.003228 0.002761 0.002342 0.001969 0.001642 0.001358 0.001114 0.000906 0.000730 0.000584 0.000463 0.000364 0.000284 0.000220 0.000168 0.000128 0.000097 0.000072 0.000054 0.000039 0.000029 0.000021 0.000015 0.000011 0.000007 0.000005 0.000004 0.000002 0.000002 0.000001 0.000000 0.000000 
0.000000 0.000000 0.000001 0.000002 0.000003 0.000004 0.000006 0.000008 0.000012 0.000016 0.000023 0.000032 0.000045 0.000061 0.000083 0.000112 0.000149 0.000198 0.000261 0.000340 0.000439 0.000563 0.000716 0.000903 0.001129 0.001400 0.001722 0.002099 0.002538 0.003043 0.003619 0.004267 0.004988 0.005783 0.006648 0.007579 0.008567 0.009603 0.010673 0.011763 0.012855 0.013931 0.014969 0.015949 0.016851 0.017653 0.018338 0.018889 0.019293 0.019540 0.019623 0.019540 0.019293 0.018889 0.018338 0.017653 0.016851 0.015949 0.014969 0.013931 0.012855 0.011763 0.010673 0.009603 0.008567 0.007579 0.006648 0.005783 0.004988 0.004267 0.003619 0.003043 0.002538 0.002099 0.001722 0.001400 0.001129 0.000903 0.000716 0.000563 0.000439 0.000340 0.000261 0.000198 0.000149 0.000112 0.000083 0.000061 0.000045 0.000032 0.000023 0.000016 0.000012 0.000008 0.000006 0.000004 0.000002 0.000001 0.000001 0.000000 
0.000000 0.000001 0.000001 0.000002 0.000004 0.000006 0.000008 0.000012 0.000017 0.000025 0.000035 0.000048 0.000066 0.000091 0.000124 0.000167 0.000223 0.000296 0.000389 0.000506 0.000655 0.000839 0.001067 0.001346 0.001682 0.002086 0.002565 0.003127 0.003780 0.004532 0.005388 0.006352 0.007426 0.008609 0.009896 0.011281 0.012751 0.014291 0.015883 0.017505 0.019129 0.020728 0.022273 0.023731 0.025071 0.026265 0.027283 0.028103 0.028703 0.029070 0.029193 0.029070 0.028703 0.028103 0.027283 0.026265 0.025071 0.023731 0.022273 0.020728 0.019129 0.017505 0.015883 0.014291 0.012751 0.011281 0.009896 0.008609 0.007426 0.006352 0.005388 0.004532 0.003780 0.003127 0.002565 0.002086 0.001682 0.001346 0.001067 0.000839 0.000655 0.000506 0.000389 0.000296 0.000223 0.000167 0.000124 0.000091 0.000066 0.000048 0.000035 0.000025 0.000017 0.000012 0.000008 0.000006 0.000004 0.000002 0.000001 0.000000 
0.000000 0.000001 0.000002 0.000004 0.000006 0.000008 0.000012 0.000018 0.000025 0.000036 0.000051 0.000070 0.000097 0.000133 0.000181 0.000244 0.000326 0.000432 0.000568 0.000740 0.000957 0.001226 0.001559 0.001965 0.002457 0.003045 0.003744 0.004564 0.005518 0.006615 0.007863 0.009269 0.010835 0.012560 0.014437 0.016455 0.018598 0.020844 0.023165 0.025528 0.027895 0.030227 0.032477 0.034602 0.036556 0.038295 0.039779 0.040973 0.041848 0.042382 0.042562 0.042382 0.041848 0.040973 0.039779 0.038295 0.036556 0.034602 0.032477 0.030227 0.027895 0.025528 0.023165 0.020844 0.018598 0.016455 0.014437 0.012560 0.010835 0.009269 0.007863 0.006615 0.005518 0.004564 0.003744 0.003045 0.002457 0.001965 0.001559 0.001226 0.000957 0.000740 0.000568 0.000432 0.000326 0.000244 0.000181 0.000133 0.000097 0.000070 0.000050 0.000036 0.000025 0.000018 0.000012 0.000008 0.000005 0.000003 0.000001 0.000000 
0.000000 0.000001 0.000003 0.000005 0.000008 0.000012 0.000018 0.000026 0.000037 0.000052 0.000073 0.000102 0.000140 0.000192 0.000261 0.000352 0.000470 0.000623 0.000819 0.001067 0.001379 0.001768 0.002247 0.002832 0.003540 0.004388 0.005394 0.006575 0.007947 0.009526 0.011323 0.013347 0.015600 0.018082 0.020782 0.023686 0.026769 0.029999 0.033337 0.036736 0.040141 0.043494 0.046730 0.049786 0.052595 0.055096 0.057230 0.058947 0.060205 0.060973 0.061231 0.060973 0.060205 0.058947 0.057230 0.055096 0.052595 0.049786 0.046730 0.043494 0.040141 0.036736 0.033337 0.029999 0.026769 0.023686 0.020782 0.018082 0.015600 0.013347 0.011323 0.009526 0.007947 0.006575 0.005394 0.004388 0.003540 0.002832 0.002247 0.001768 0.001379 0.001067 0.000819 0.000623 0.000470 0.000352 0.000261 0.000192 0.000140 0.000102 0.000073 0.000052 0.000037 0.000026 0.000018 0.000012 0.000008 0.000005 0.000002 0.000000 
0.000000 0.000002 0.000004 0.000007 0.000012 0.000017 0.000025 0.000037 0.000052 0.000074 0.000104 0.000145 0.000201 0.000275 0.000373 0.000503 0.000671 0.000889 0.001169 0.001523 0.001968 0.002522 0.003205 0.004039 0.005048 0.006257 0.007690 0.009372 0.011328 0.013577 0.016137 0.019019 0.022228 0.025762 0.029607 0.033741 0.038131 0.042729 0.047481 0.052319 0.057166 0.061937 0.066544 0.070892 0.074890 0.078449 0.081486 0.083930 0.085720 0.086812 0.087180 0.086812 0.085720 0.083930 0.081486 0.078449 0.074890 0.070892 0.066544 0.061937 0.057166 0.052319 0.047481 0.042729 0.038131 0.033741 0.029607 0.025762 0.022228 0.019019 0.016137 0.013577 0.011328 0.009372 0.007690 0.006257 0.005048 0.004039 0.003205 0.002522 0.001968 0.001523 0.001169 0.000889 0.000671 0.000503 0.000373 0.000275 0.000200 0.000145 0.000104 0.000074 0.000052 0.000036 0.000025 0.000017 0.000011 0.000007 0.000003 0.000000 
0.000000 0.000003 0.000006 0.000011 0.000016 0.000025 0.000036 0.000052 0.000074 0.000105 0.000148 0.000206 0.000284 0.000389 0.000528 0.000711 0.000950 0.001258 0.001653 0.002153 0.002782 0.003565 0.004530 0.005708 0.007133 0.008840 0.010864 0.013240 0.016000 0.019175 0.022788 0.026856 0.031385 0.036371 0.041796 0.047629 0.053821 0.060308 0.067011 0.073835 0.080671 0.087400 0.093897 0.100029 0.105667 0.110685 0.114968 0.118414 0.120938 0.122478 0.122996 0.122478 0.120938 0.118414 0.114968 0.110685 0.105667 0.100029 0.093897 0.087400 0.080671 0.073835 0.067011 0.060308 0.053821 0.047629 0.041796 0.036371 0.031385 0.026856 0.022788 0.019175 0.016000 0.013240 0.010864 0.008840 0.007133 0.005708 0.004530 0.003565 0.002782 0.002153 0.001653 0.001258 0.000950 0.000711 0.000528 0.000389 0.000284 0.000206 0.000148 0.000105 0.000074 0.000052 0.000036 0.000024 0.000016 0.000009 0.000004 0.000000 
0.000000 0.000004 0.000009 0.000015 0.000023 0.000035 0.000051 0.000073 0.000104 0.000148 0.000207 0.000289 0.000398 0.000545 0.000741 0.000997 0.001332 0.001764 0.002317 0.003019 0.003900 0.004996 0.006348 0.007998 0.009994 0.012383 0.015216 0.018542 0.022406 0.026849 0.031905 0.037597 0.043933 0.050909 0.058498 0.066657 0.075318 0.084391 0.093765 0.103307 0.112867 0.122277 0.131360 0.139934 0.147817 0.154833 0.160821 0.165638 0.169167 0.171321 0.172045 0.171321 0.169167 0.165638 0.160821 0.154833 0.147817 0.139934 0.131360 0.122277 0.112867 0.103307 0.093765 0.084391 0.075318 0.066657 0.058498 0.050909 0.043933 0.037597 0.031905 0.026849 0.022406 0.018542 0.015216 0.012383 0.009994 0.007998 0.006348 0.004996 0.003900 0.003019 0.002317 0.001764 0.001332 0.000997 0.000741 0.000545 0.000398 0.000288 0.000207 0.000147 0.000104 0.000073 0.000050 0.000034 0.000022 0.000013 0.000006 0.000000 
0.000000 0.000006 0.000012 0.000021 0.000032 0.000048 0.000070 0.000102 0.000145 0.000206 0.000289 0.000402 0.000554 0.000759 0.001030 0.001387 0.001852 0.002453 0.003222 0.004197 0.005421 0.006944 0.008821 0.011113 0.013884 0.017202 0.021135 0.025751 0.031114 0.037281 0.044297 0.052195 0.060986 0.070664 0.081193 0.092510 0.104523 0.117107 0.130108 0.143342 0.156598 0.169647 0.182242 0.194131 0.205061 0.214789 0.223091 0.229769 0.234662 0.237648 0.238651 0.237648 0.234662 0.229769 0.223091 0.214789 0.205061 0.194131 0.182242 0.169647 0.156598 0.143342 0.130108 0.117107 0.104523 0.092510 0.081193 0.070664 0.060986 0.052195 0.044297 0.037281 0.031114 0.025751 0.021135 0.017202 0.013884 0.011113 0.008821 0.006944 0.005421 0.004197 0.003222 0.002453 0.001852 0.001387 0.001030 0.000759 0.000554 0.000402 0.000288 0.000205 0.000145 0.000101 0.000070 0.000047 0.000031 0.000018 0.000009 0.000000 
0.000000 0.000008 0.000017 0.000029 0.000045 0.000066 0.000097 0.000140 0.000201 0.000284 0.000398 0.000554 0.000765 0.001047 0.001422 0.001914 0.002555 0.003383 0.004443 0.005786 0.007472 0.009571 0.012157 0.015313 0.019129 0.023698 0.029113 0.035468 0.042851 0.051339 0.060995 0.071864 0.083962 0.097278 0.111764 0.127333 0.143859 0.161170 0.179053 0.197255 0.215487 0.233433 0.250754 0.267103 0.282134 0.295511 0.306927 0.316110 0.322838 0.326943 0.328323 0.326943 0.322838 0.316110 0.306927 0.295511 0.282134 0.267103 0.250754 0.233433 0.215487 0.197255 0.179053 0.161170 0.143859 0.127333 0.111764 0.097278 0.083962 0.071864 0.060995 0.051339 0.042851 0.035468 0.029113 0.023698 0.019129 0.015313 0.012157 0.009571 0.007472 0.005786 0.004443 0.003383 0.002555 0.001914 0.001421 0.001047 0.000765 0.000554 0.000398 0.000284 0.000200 0.000140 0.000096 0.000065 0.000042 0.000025 0.000012 0.000000 
0.000000 0.000011 0.000023 0.000039 0.000061 0.000091 0.000133 0.000192 0.000275 0.000389 0.000545 0.000759 0.001047 0.001433 0.001945 0.002618 0.003495 0.004627 0.006075 0.007911 0.010216 0.013083 0.016616 0.020928 0.026140 0.032379 0.039774 0.048451 0.058531 0.070118 0.083299 0.098134 0.114645 0.132817 0.152585 0.173830 0.196377 0.219995 0.244392 0.269222 0.294094 0.318572 0.342199 0.364499 0.384998 0.403243 0.418813 0.431338 0.440513 0.446112 0.447994 0.446112 0.440513 0.431338 0.418813 0.403243 0.384998 0.364499 0.342199 0.318572 0.294094 0.269222 0.244392 0.219995 0.196377 0.173830 0.152585 0.132817 0.114645 0.098134 0.083299 0.070118 0.058531 0.048451 0.039774 0.032379 0.026140 0.020928 0.016616 0.013083 0.010216 0.007911 0.006075 0.004627 0.003495 0.002618 0.001945 0.001433 0.001047 0.000759 0.000545 0.000388 0.000274 0.000191 0.000132 0.000089 0.000058 0.000035 0.000016 0.000000 
0.000000 0.000015 0.000032 0.000054 0.000083 0.000124 0.000181 0.000261 0.000373 0.000528 0.000741 0.001030 0.001422 0.001945 0.002639 0.003552 0.004741 0.006276 0.008240 0.010728 0.013851 0.017737 0.022524 0.028366 0.035426 0.043877 0.053893 0.065644 0.079293 0.094982 0.112827 0.132909 0.155260 0.179856 0.206610 0.235362 0.265876 0.297835 0.330846 0.364443 0.398093 0.431211 0.463175 0.493343 0.521075 0.545756 0.566817 0.583759 0.596171 0.603744 0.606289 0.603744 0.596171 0.583759 0.566817 0.545756 0.521075 0.493343 0.463175 0.431211 0.398093 0.364443 0.330846 0.297835 0.265876 0.235362 0.206610 0.179856 0.155260 0.132909 0.112827 0.094982 0.079293 0.065644 0.053893 0.043877 0.035426 0.028366 0.022524 0.017737 0.013851 0.010728 0.008240 0.006276 0.004741 0.003552 0.002639 0.001945 0.001421 0.001030 0.000740 0.000527 0.000372 0.000260 0.000179 0.000121 0.000079 0.000047 0.000022 0.000000 
0.000000 0.000020 0.000043 0.000072 0.000112 0.000167 0.000244 0.000352 0.000503 0.000711 0.000997 0.001387 0.001914 0.002618 0.003552 0.004780 0.006379 0.008443 0.011083 0.014428 0.018627 0.023849 0.030282 0.038132 0.047618 0.058971 0.072425 0.088209 0.106539 0.127608 0.151571 0.178534 0.208542 0.241562 0.277476 0.316070 0.357025 0.399919 0.444222 0.489310 0.534466 0.578907 0.621797 0.662275 0.699485 0.732600 0.760858 0.783589 0.800240 0.810401 0.813816 0.810401 0.800240 0.783589 0.760858 0.732600 0.699485 0.662275 0.621797 0.578907 0.534466 0.489310 0.444222 0.399919 0.357025 0.316070 0.277476 0.241562 0.208542 0.178534 0.151571 0.127608 0.106539 0.088209 0.072425 0.058971 0.047618 0.038132 0.030282 0.023849 0.018627 0.014428 0.011083 0.008443 0.006379 0.004780 0.003552 0.002618 0.001914 0.001387 0.000997 0.000710 0.000501 0.000350 0.000241 0.000163 0.000106 0.000063 0.000030 0.000000 
0.000000 0.000027 0.000057 0.000097 0.000149 0.000223 0.000326 0.000470 0.000671 0.000950 0.001332 0.001852 0.002555 0.003495 0.004741 0.006379 0.008512 0.011265 0.014785 0.019245 0.024842 0.031803 0.040377 0.050839 0.063480 0.078607 0.096531 0.117557 0.141974 0.170036 0.201950 0.237857 0.277815 0.321782 0.369598 0.420979 0.475501 0.532599 0.591572 0.651585 0.711687 0.770835 0.827916 0.881787 0.931305 0.975374 1.012978 1.043227 1.065385 1.078906 1.083451 1.078906 1.065385 1.043227 1.012978 0.975374 0.931305 0.881787 0.827916 0.770835 0.711687 0.651585 0.591572 0.532599 0.475501 0.420979 0.369598 0.321782 0.277815 0.237857 0.201950 0.170036 0.141974 0.117557 0.096531 0.078607 0.063480 0.050839 0.040377 0.031803 0.024842 0.019245 0.014785 0.011265 0.008512 0.006379 0.004741 0.003495 0.002555 0.001852 0.001331 0.000949 0.000670 0.000468 0.000323 0.000218 0.000142 0.000085 0.000040 0.000000 
0.000000 0.000035 0.000076 0.000128 0.000198 0.000296 0.000432 0.000623 0.000889 0.001258 0.001764 0.002453 0.003383 0.004627 0.006276 0.008443 0.011265 0.014906 0.019561 0.025458 0.032860 0.042062 0.053396 0.067224 0.083931 0.103921 0.127605 0.155385 0.187643 0.224713 0.266868 0.314294 0.367067 0.425129 0.488272 0.556117 0.628105 0.703493 0.781350 0.860577 0.939918 1.017997 1.093345 1.164452 1.229813 1.287980 1.337613 1.377537 1.406783 1.424627 1.430626 1.424627 1.406783 1.377537 1.337613 1.287980 1.229813 1.164452 1.093345 1.017997 0.939918 0.860577 0.781350 0.703493 0.628105 0.556117 0.488272 0.425129 0.367067 0.314294 0.266868 0.224713 0.187643 0.155385 0.127605 0.103921 0.083931 0.067224 0.053396 0.042062 0.032860 0.025458 0.019561 0.014906 0.011265 0.008443 0.006276 0.004627 0.003383 0.002453 0.001763 0.001257 0.000888 0.000620 0.000428 0.000289 0.000188 0.000112 0.000052 0.000000 
0.000000 0.000047 0.000100 0.000168 0.000261 0.000389 0.000568 0.000819 0.001169 0.001653 0.002317 0.003222 0.004443 0.006075 0.008240 0.011083 0.014785 0.019561 0.025667 0.033401 0.043107 0.055173 0.070032 0.088158 0.110057 0.136257 0.167295 0.203699 0.245965 0.294533 0.349760 0.411887 0.481013 0.557063 0.639762 0.728614 0.822887 0.921606 1.023555 1.127292 1.231175 1.333400 1.432048 1.525140 1.610708 1.686854 1.751829 1.804093 1.842377 1.865736 1.873589 1.865736 1.842377 1.804093 1.751829 1.686854 1.610708 1.525140 1.432048 1.333400 1.231175 1.127292 1.023555 0.921606 0.822887 0.728614 0.639762 0.557063 0.481013 0.411887 0.349760 0.294533 0.245965 0.203699 0.167295 0.136257 0.110057 0.088158 0.070032 0.055173 0.043107 0.033401 0.025667 0.019561 0.014785 0.011083 0.008239 0.006075 0.004442 0.003221 0.002316 0.001651 0.001166 0.000815 0.000562 0.000380 0.000247 0.000148 0.000069 0.000000 
0.000000 0.000061 0.000131 0.000220 0.000340 0.000506 0.000740 0.001067 0.001523 0.002153 0.003019 0.004197 0.005786 0.007911 0.010728 0.014428 0.019245 0.025458 0.033401 0.043460 0.056083 0.071773 0.091095 0.114661 0.143129 0.177185 0.217527 0.264839 0.319765 0.382877 0.454634 0.535352 0.625157 0.723950 0.831374 0.946785 1.069231 1.197444 1.329846 1.464564 1.599467 1.732212 1.860306 1.981185 2.092289 2.191158 2.275521 2.343378 2.393084 2.423413 2.433608 2.423413 2.393084 2.343378 2.275521 2.191158 2.092289 1.981185 1.860306 1.732212 1.599467 1.464564 1.329846 1.197444 1.069231 0.946785 0.831374 0.723950 0.625157 0.535352 0.454634 0.382877 0.319765 0.264839 0.217527 0.177185 0.143129 0.114661 0.091095 0.071773 0.056083 0.043460 0.033401 0.025458 0.019245 0.014428 0.010727 0.007911 0.005785 0.004196 0.003018 0.002151 0.001520 0.001062 0.000732 0.000495 0.000322 0.000192 0.000090 0.000000 
0.000000 0.000079 0.000169 0.000284 0.000439 0.000655 0.000957 0.001379 0.001968 0.002782 0.003900 0.005421 0.007472 0.010216 0.013851 0.018627 0.024842 0.032860 0.043107 0.056083 0.072363 0.092599 0.117515 0.147902 0.184606 0.228511 0.280515 0.341498 0.412290 0.493625 0.586097 0.690108 0.805821 0.933107 1.071505 1.220184 1.377917 1.543072 1.713615 1.887133 2.060884 2.231848 2.396819 2.552491 2.695572 2.822894 2.931533 3.018916 3.082924 3.121979 3.135107 3.121979 3.082924 3.018916 2.931533 2.822894 2.695572 2.552491 2.396819 2.231848 2.060884 1.887133 1.713615 1.543072 1.377917 1.220184 1.071505 0.933107 0.805821 0.690108 0.586097 0.493625 0.412290 0.341498 0.280515 0.228511 0.184606 0.147902 0.117515 0.092599 0.072363 0.056083 0.043107 0.032860 0.024842 0.018627 0.013851 0.010215 0.007472 0.005420 0.003898 0.002780 0.001964 0.001373 0.000947 0.000640 0.000416 0.000249 0.000116 0.000000 
0.000000 0.000101 0.000217 0.000364 0.000563 0.000839 0.001226 0.001768 0.002522 0.003565 0.004996 0.006944 0.009571 0.013083 0.017737 0.023849 0.031803 0.042062 0.055173 0.071773 0.092599 0.118482 0.150347 0.189206 0.236140 0.292276 0.358761 0.436720 0.527212 0.631172 0.749359 0.882284 1.030154 1.192805 1.369644 1.559610 1.761134 1.972130 2.189999 2.411662 2.633612 2.851996 3.062716 3.261555 3.444306 3.606927 3.745681 3.857286 3.939036 3.988916 4.005683 3.988916 3.939036 3.857286 3.745681 3.606927 3.444306 3.261555 3.062716 2.851996 2.633612 2.411662 2.189999 1.972130 1.761134 1.559610 1.369644 1.192805 1.030154 0.882284 0.749359 0.631172 0.527212 0.436720 0.358761 0.292276 0.236140 0.189206 0.150347 0.118482 0.092599 0.071773 0.055173 0.042062 0.031803 0.023848 0.017736 0.013082 0.009570 0.006943 0.004994 0.003562 0.002517 0.001760 0.001214 0.000820 0.000533 0.000319 0.000149 0.000000 
0.000000 0.000128 0.000276 0.000463 0.000716 0.001067 0.001559 0.002247 0.003205 0.004530 0.006348 0.008821 0.012157 0.016616 0.022524 0.030282 0.040377 0.053396 0.070032 0.091095 0.117515 0.150347 0.190765 0.240049 0.299568 0.370752 0.455052 0.553892 0.668613 0.800400 0.950210 1.118692 1.306104 1.512237 1.736340 1.977064 2.232423 2.499771 2.775816 3.056657 3.337852 3.614520 3.881471 4.133363 4.364870 4.570871 4.746638 4.888010 4.991564 5.054747 5.075986 5.054747 4.991564 4.888010 4.746638 4.570871 4.364870 4.133363 3.881471 3.614520 3.337852 3.056657 2.775816 2.499771 2.232423 1.977064 1.736340 1.512237 1.306104 1.118692 0.950210 0.800400 0.668613 0.553892 0.455052 0.370752 0.299568 0.240049 0.190765 0.150347 0.117515 0.091094 0.070032 0.053396 0.040377 0.030281 0.022523 0.016615 0.012156 0.008819 0.006345 0.004526 0.003198 0.002236 0.001543 0.001042 0.000678 0.000406 0.000189 0.000000 
0.000000 0.000162 0.000348 0.000584 0.000903 0.001346 0.001965 0.002832 0.004039 0.005708 0.007998 0.011113 0.015313 0.020928 0.028366 0.038132 0.050839 0.067224 0.088158 0.114661 0.147902 0.189206 0.240049 0.302039 0.376897 0.466418 0.572425 0.696708 0.840948 1.006634 1.194967 1.406760 1.642336 1.901428 2.183092 2.485632 2.806548 3.142517 3.489401 3.842297 4.195626 4.543256 4.878668 5.195149 5.486013 5.744827 5.965650 6.143260 6.273357 6.352735 6.379417 6.352735 6.273357 6.143260 5.965650 5.744827 5.486013 5.195149 4.878668 4.543256 4.195626 3.842297 3.489401 3.142517 2.806548 2.485632 2.183092 1.901428 1.642336 1.406760 1.194967 1.006634 0.840948 0.696708 0.572425 0.466418 0.376897 0.302039 0.240049 0.189206 0.147902 0.114661 0.088158 0.067224 0.050839 0.038131 0.028365 0.020927 0.015312 0.011111 0.007995 0.005703 0.004031 0.002819 0.001945 0.001314 0.000855 0.000512 0.000239 0.000000 
0.000000 0.000202 0.000435 0.000730 0.001129 0.001682 0.002457 0.003540 0.005048 0.007133 0.009994 0.013884 0.019129 0.026140 0.035426 0.047618 0.063480 0.083931 0.110057 0.143129 0.184606 0.236140 0.299568 0.376897 0.470269 0.581923 0.714128 0.869115 1.048977 1.255567 1.490380 1.754426 2.048106 2.371085 2.722183 3.099284 3.499272 3.918004 4.350323 4.790120 5.230440 5.663644 6.081612 6.475980 6.838418 7.160913 7.436066 7.657372 7.819473 7.918378 7.951624 7.918378 7.819473 7.657372 7.436066 7.160913 6.838418 6.475980 6.081612 5.663644 5.230440 4.790120 4.350323 3.918004 3.499272 3.099284 2.722183 2.371085 2.048106 1.754426 1.490380 1.255567 1.048977 0.869115 0.714128 0.581923 0.470269 0.376897 0.299568 0.236140 0.184606 0.143129 0.110057 0.083930 0.063480 0.047618 0.035426 0.026139 0.019128 0.013881 0.009990 0.007127 0.005038 0.003524 0.002431 0.001643 0.001069 0.000640 0.000299 0.000000 
0.000000 0.000251 0.000539 0.000906 0.001400 0.002086 0.003045 0.004388 0.006257 0.008840 0.012383 0.017202 0.023698 0.032379 0.043877 0.058971 0.078607 0.103921 0.136257 0.177185 0.228511 0.292276 0.370752 0.466418 0.581923 0.720031 0.883550 1.075232 1.297664 1.553133 1.843484 2.169965 2.533065 2.932369 3.366416 3.832586 4.327028 4.844619 5.378984 5.922572 6.466790 7.002197 7.518759 8.006143 8.454056 8.852601 9.192634 9.466119 9.666439 9.788662 9.829746 9.788662 9.666439 9.466119 9.192634 8.852601 8.454056 8.006143 7.518759 7.002197 6.466790 5.922572 5.378984 4.844619 4.327028 3.832586 3.366416 2.932369 2.533065 2.169965 1.843484 1.553133 1.297664 1.075232 0.883550 0.720031 0.581923 0.466418 0.370752 0.292276 0.228511 0.177185 0.136257 0.103921 0.078607 0.058971 0.043876 0.032378 0.023696 0.017198 0.012378 0.008832 0.006244 0.004368 0.003014 0.002037 0.001326 0.000793 0.000371 0.000000 
0.000000 0.000309 0.000663 0.001114 0.001722 0.002565 0.003744 0.005394 0.007690 0.010864 0.015216 0.021135 0.029113 0.039774 0.053893 0.072425 0.096531 0.127605 0.167295 0.217527 0.280515 0.358761 0.455052 0.572425 0.714128 0.883550 1.084129 1.319238 1.592046 1.905353 2.261420 2.661770 3.107001 3.596600 4.128772 4.700305 5.306474 5.940996 6.596059 7.262405 7.929502 8.585780 9.218943 9.816329 10.365324 10.853800 11.270557 11.605746 11.851260 12.001057 12.051409 12.001057 11.851260 11.605746 11.270557 10.853800 10.365324 9.816329 9.218943 8.585780 7.929502 7.262405 6.596059 5.940996 5.306474 4.700305 4.128772 3.596600 3.107001 2.661770 2.261420 1.905353 1.592046 1.319238 1.084129 0.883550 0.714128 0.572425 0.455052 0.358761 0.280515 0.217527 0.167295 0.127604 0.096531 0.072424 0.053892 0.039772 0.029111 0.021131 0.015210 0.010854 0.007674 0.005369 0.003705 0.002505 0.001630 0.000975 0.000456 0.000000 
0.000000 0.000377 0.000809 0.001358 0.002099 0.003127 0.004564 0.006575 0.009372 0.013240 0.018542 0.025751 0.035468 0.048451 0.065644 0.088209 0.117557 0.155385 0.203699 0.264839 0.341498 0.436720 0.553892 0.696708 0.869115 1.075232 1.319238 1.605232 1.937062 2.318132 2.751184 3.238068 3.779506 4.374870 5.021973 5.716909 6.453928 7.225392 8.021801 8.831902 9.642891 10.440707 11.210403 11.936591 12.603943 13.197719 13.704307 14.111742 14.410171 14.592253 14.653457 14.592253 14.410171 14.111742 13.704307 13.197719 12.603943 11.936591 11.210403 10.440707 9.642891 8.831902 8.021801 7.225392 6.453928 5.716909 5.021973 4.374870 3.779506 3.238068 2.751184 2.318132 1.937062 1.605232 1.319238 1.075232 0.869115 0.696708 0.553892 0.436720 0.341498 0.264839 0.203699 0.155385 0.117557 0.088208 0.065643 0.048449 0.035465 0.025746 0.018534 0.013227 0.009353 0.006544 0.004517 0.003054 0.001988 0.001189 0.000556 0.000000 
0.000000 0.000455 0.000978 0.001642 0.002538 0.003780 0.005518 0.007947 0.011328 0.016000 0.022406 0.031114 0.042851 0.058531 0.079293 0.106539 0.141974 0.187643 0.245965 0.319765 0.412290 0.527212 0.668613 0.840948 1.048977 1.297664 1.592046 1.937062 2.337350 2.797011 3.319346 3.906580 4.559581 5.277586 6.057953 6.895968 7.784696 8.714927 9.675203 10.651957 11.629754 12.591644 13.519609 14.395101 15.199646 15.915478 16.526193 17.017368 17.377131 17.596633 17.670415 17.596633 17.377131 17.017368 16.526193 15.915478 15.199646 14.395101 13.519609 12.591644 11.629754 10.651957 9.675203 8.714927 7.784696 6.895968 6.057953 5.277586 4.559581 3.906580 3.319346 2.797011 2.337350 1.937062 1.592046 1.297664 1.048977 0.840948 0.668613 0.527212 0.412290 0.319765 0.245965 0.187642 0.141973 0.106538 0.079291 0.058528 0.042847 0.031108 0.022396 0.015985 0.011304 0.007910 0.005460 0.003692 0.002403 0.001438 0.000672 0.000000 
0.000000 0.000546 0.001173 0.001969 0.003043 0.004532 0.006615 0.009526 0.013577 0.019175 0.026849 0.037281 0.051339 0.070118 0.094982 0.127608 0.170036 0.224713 0.294533 0.382877 0.493625 0.631172 0.800400 1.006634 1.255567 1.553133 1.905353 2.318132 2.797011 3.346889 3.971710 4.674130 5.455179 6.313939 7.247250 8.249465 9.312291 10.424711 11.573023 12.741006 13.910204 15.060352 16.169910 17.216707 18.178657 19.034526 19.764704 20.351954 20.782083 21.044517 21.132730 21.044517 20.782083 20.351954 19.764704 19.034526 18.178657 17.216707 16.169910 15.060352 13.910204 12.741006 11.573023 10.424711 9.312291 8.249465 7.247250 6.313939 5.455179 4.674130 3.971710 3.346889 2.797011 2.318132 1.905353 1.553133 1.255567 1.006634 0.800400 0.631172 0.493625 0.382876 0.294533 0.224712 0.170035 0.127607 0.094980 0.070115 0.051334 0.037274 0.026838 0.019157 0.013549 0.009482 0.006546 0.004426 0.002882 0.001725 0.000806 0.000000 
0.000000 0.000650 0.001395 0.002342 0.003619 0.005388 0.007863 0.011323 0.016137 0.022788 0.031905 0.044297 0.060995 0.083299 0.112827 0.151571 0.201950 0.266868 0.349760 0.454634 0.586097 0.749359 0.950210 1.194967 1.490380 1.843484 2.261420 2.751184 3.319346 3.971710 4.712948 5.546203 6.472692 7.491320 8.598331 9.787026 11.047565 12.366878 13.728719 15.113848 16.500382 17.864292 19.180041 20.421341 21.562011 22.576876 23.442691 24.139020 24.649041 24.960217 25.064814 24.960217 24.649041 24.139020 23.442691 22.576876 21.562011 20.421341 19.180041 17.864292 16.500382 15.113848 13.728719 12.366878 11.047565 9.787026 8.598331 7.491320 6.472692 5.546203 4.712948 3.971710 3.319346 2.751184 2.261420 1.843484 1.490380 1.194967 0.950209 0.749358 0.586097 0.454634 0.349760 0.266867 0.201949 0.151570 0.112825 0.083296 0.060990 0.044289 0.031892 0.022767 0.016103 0.011270 0.007781 0.005262 0.003426 0.002051 0.000958 0.000000 
0.000000 0.000766 0.001645 0.002761 0.004267 0.006352 0.009269 0.013347 0.019019 0.026856 0.037597 0.052195 0.071864 0.098134 0.132909 0.178534 0.237857 0.314294 0.411887 0.535352 0.690108 0.882284 1.118692 1.406760 1.754426 2.169965 2.661770 3.238068 3.906580 4.674130 5.546203 6.526492 7.616419 8.814690 10.116882 11.515110 12.997794 14.549563 16.151305 17.780393 19.411093 21.015150 22.562533 24.022336 25.363772 26.557245 27.575425 28.394286 28.994050 29.359979 29.482980 29.359979 28.994050 28.394286 27.575425 26.557245 25.363772 24.022336 22.562533 21.015150 19.411093 17.780393 16.151305 14.549563 12.997794 11.515110 10.116882 8.814690 7.616419 6.526492 5.546203 4.674130 3.906580 3.238068 2.661770 2.169965 1.754426 1.406760 1.118691 0.882284 0.690108 0.535352 0.411887 0.314294 0.237856 0.178533 0.132907 0.098130 0.071858 0.052185 0.037581 0.026830 0.018979 0.013284 0.009173 0.006204 0.004040 0.002418 0.001130 0.000000 
0.000000 0.000896 0.001923 0.003228 0.004988 0.007426 0.010835 0.015600 0.022228 0.031385 0.043933 0.060986 0.083962 0.114645 0.155260 0.208542 0.277815 0.367067 0.481013 0.625157 0.805821 1.030154 1.306104 1.642336 2.048106 2.533065 3.107001 3.779506 4.559581 5.455179 6.472692 7.616419 8.888013 10.285955 11.805079 13.436181 15.165751 16.975855 18.844199 20.744391 22.646420 24.517332 26.322107 28.024704 29.589225 30.981158 32.168636 33.123645 33.823124 34.249890 34.393339 34.249890 33.823124 33.123645 32.168636 30.981158 29.589225 28.024704 26.322107 24.517332 22.646420 20.744391 18.844199 16.975855 15.165751 13.436181 11.805079 10.285955 8.888013 7.616419 6.472692 5.455179 4.559581 3.779506 3.107001 2.533065 2.048106 1.642336 1.306104 1.030154 0.805821 0.625157 0.481013 0.367066 0.277814 0.208540 0.155257 0.114641 0.083955 0.060975 0.043915 0.031355 0.022182 0.015527 0.010722 0.007252 0.004723 0.002827 0.001321 0.000000 
0.000000 0.001039 0.002230 0.003743 0.005783 0.008609 0.012560 0.018082 0.025762 0.036371 0.050909 0.070664 0.097278 0.132817 0.179856 0.241562 0.321782 0.425129 0.557063 0.723950 0.933107 1.192805 1.512237 1.901428 2.371085 2.932369 3.596600 4.374870 5.277586 6.313939 7.491320 8.814690 10.285955 11.903348 13.660887 15.547917 17.548804 19.642798 21.804109 24.002210 26.202386 28.366523 30.454121 32.423495 34.233133 35.843124 37.216616 38.321215 39.130254 39.623862 39.789779 39.623862 39.130254 38.321215 37.216616 35.843124 34.233133 32.423495 30.454121 28.366523 26.202386 24.002210 21.804109 19.642798 17.548804 15.547917 13.660887 11.903348 10.285955 8.814690 7.491320 6.313939 5.277586 4.374870 3.596600 2.932369 2.371085 1.901428 1.512237 1.192805 0.933107 0.723950 0.557062 0.425128 0.321780 0.241560 0.179853 0.132812 0.097269 0.070650 0.050887 0.036336 0.025708 0.017997 0.012429 0.008407 0.005475 0.003277 0.001531 0.000000 
0.000000 0.001194 0.002564 0.004303 0.006648 0.009896 0.014437 0.020782 0.029607 0.041796 0.058498 0.081193 0.111764 0.152585 0.206610 0.277476 0.369598 0.488272 0.639762 0.831374 1.071505 1.369644 1.736340 2.183092 2.722183 3.366416 4.128772 5.021973 6.057953 7.247250 8.598331 10.116882 11.805079 13.660887 15.677433 17.842487 20.138107 22.540485 25.020033 27.541729 30.065753 32.548385 34.943173 37.202306 39.278173 41.125000 42.700523 43.967591 44.895621 45.461826 45.652145 45.461826 44.895621 43.967591 42.700523 41.125000 39.278173 37.202306 34.943173 32.548385 30.065753 27.541729 25.020033 22.540485 20.138107 17.842487 15.677433 13.660887 11.805079 10.116882 8.598331 7.247250 6.057953 5.021973 4.128772 3.366416 2.722183 2.183092 1.736340 1.369644 1.071505 0.831374 0.639761 0.488271 0.369597 0.277474 0.206607 0.152579 0.111754 0.081177 0.058473 0.041757 0.029545 0.020685 0.014286 0.009664 0.006294 0.003768 0.001761 0.000000 
0.000000 0.001362 0.002923 0.004906 0.007579 0.011281 0.016455 0.023686 0.033741 0.047629 0.066657 0.092510 0.127333 0.173830 0.235362 0.316070 0.420979 0.556117 0.728614 0.946785 1.220184 1.559610 1.977064 2.485632 3.099284 3.832586 4.700305 5.716909 6.895968 8.249465 9.787026 11.515110 13.436181 15.547917 17.842487 20.305969 22.917945 25.651322 28.472434 31.341440 34.213037 37.037492 39.761962 42.332068 44.693649 46.794644 48.586981 50.028405 51.084131 51.728243 51.944749 51.728243 51.084131 50.028405 48.586981 46.794644 44.693649 42.332068 39.761962 37.037492 34.213037 31.341440 28.472434 25.651322 22.917945 20.305969 17.842487 15.547917 13.436181 11.515110 9.787026 8.249465 6.895968 5.716909 4.700305 3.832586 3.099284 2.485632 1.977064 1.559610 1.220184 0.946785 0.728613 0.556116 0.420977 0.316067 0.235358 0.173823 0.127322 0.092492 0.066628 0.047584 0.033670 0.023575 0.016283 0.011016 0.007175 0.004295 0.002007 0.000000 
0.000000 0.001539 0.003304 0.005546 0.008567 0.012751 0.018598 0.026769 0.038131 0.053821 0.075318 0.104523 0.143859 0.196377 0.265876 0.357025 0.475501 0.628105 0.822887 1.069231 1.377917 1.761134 2.232423 2.806548 3.499272 4.327028 5.306474 6.453928 7.784696 9.312291 11.047565 12.997794 15.165751 17.548804 20.138107 22.917945 25.865270 28.949511 32.132680 35.369824 38.609831 41.796595 44.870502 47.770207 50.434614 52.804995 54.827127 56.453343 57.644410 58.371092 58.615351 58.371092 57.644410 56.453343 54.827127 52.804995 50.434614 47.770207 44.870502 41.796595 38.609831 35.369824 32.132680 28.949511 25.865270 22.917945 20.138107 17.548804 15.165751 12.997794 11.047565 9.312291 7.784696 6.453928 5.306474 4.327028 3.499272 2.806548 2.232423 1.761134 1.377917 1.069231 0.822887 0.628104 0.475499 0.357022 0.265871 0.196370 0.143847 0.104503 0.075285 0.053770 0.038050 0.026643 0.018403 0.012451 0.008110 0.004855 0.002269 0.000000 
0.000000 0.001726 0.003704 0.006217 0.009603 0.014291 0.020844 0.029999 0.042729 0.060308 0.084391 0.117107 0.161170 0.219995 0.297835 0.399919 0.532599 0.703493 0.921606 1.197444 1.543072 1.972130 2.499771 3.142517 3.918004 4.844619 5.940996 7.225392 8.714927 10.424711 12.366878 14.549563 16.975855 19.642798 22.540485 25.651322 28.949511 32.400840 35.962798 39.585086 43.210517 46.776314 50.215782 53.460291 56.441490 59.093680 61.356199 63.175726 64.508370 65.321428 65.594720 65.321428 64.508370 63.175726 61.356199 59.093680 56.441490 53.460291 50.215782 46.776314 43.210517 39.585086 35.962798 32.400840 28.949511 25.651322 22.540485 19.642798 16.975855 14.549563 12.366878 10.424711 8.714927 7.225392 5.940996 4.844619 3.918004 3.142517 2.499771 1.972130 1.543072 1.197444 0.921605 0.703491 0.532598 0.399916 0.297830 0.219987 0.161156 0.117085 0.084355 0.060251 0.042639 0.029858 0.020625 0.013955 0.009090 0.005443 0.002543 0.000000 
0.000000 0.001918 0.004117 0.006910 0.010673 0.015883 0.023165 0.033337 0.047481 0.067011 0.093765 0.130108 0.179053 0.244392 0.330846 0.444222 0.591572 0.781350 1.023555 1.329846 1.713615 2.189999 2.775816 3.489401 4.350323 5.378984 6.596059 8.021801 9.675203 11.573023 13.728719 16.151305 18.844199 21.804109 25.020033 28.472434 32.132680 35.962798 39.915614 43.935309 47.958427 51.915312 55.731965 59.332235 62.640290 65.583238 68.093778 70.112753 71.591468 72.493643 72.796890 72.493643 71.591468 70.112753 68.093778 65.583238 62.640290 59.332235 55.731965 51.915312 47.958427 43.935309 39.915614 35.962798 32.132680 28.472434 25.020033 21.804109 18.844199 16.151305 13.728719 11.573023 9.675203 8.021801 6.596059 5.378984 4.350323 3.489401 2.775816 2.189999 1.713614 1.329845 1.023554 0.781349 0.591570 0.444219 0.330841 0.244382 0.179037 0.130083 0.093725 0.066948 0.047381 0.033181 0.022922 0.015510 0.010103 0.006049 0.002827 0.000000 
0.000000 0.002114 0.004538 0.007616 0.011763 0.017505 0.025528 0.036736 0.052319 0.073835 0.103307 0.143342 0.197255 0.269222 0.364443 0.489310 0.651585 0.860577 1.127292 1.464564 1.887133 2.411662 3.056657 3.842297 4.790120 5.922572 7.262405 8.831902 10.651957 12.741006 15.113848 17.780393 20.744391 24.002210 27.541729 31.341440 35.369824 39.585086 43.935309 48.359064 52.786521 57.141031 61.341166 65.303134 68.943497 72.182050 74.944743 77.166488 78.793707 79.786482 80.120182 79.786482 78.793707 77.166488 74.944743 72.182050 68.943497 65.303134 61.341166 57.141031 52.786521 48.359064 43.935309 39.585086 35.369824 31.341440 27.541729 24.002210 20.744391 17.780393 15.113848 12.741006 10.651957 8.831902 7.262405 5.922572 4.790120 3.842297 3.056657 2.411662 1.887133 1.464563 1.127291 0.860575 0.651583 0.489306 0.364437 0.269212 0.197238 0.143314 0.103263 0.073765 0.052208 0.036563 0.025260 0.017093 0.011135 0.006667 0.003116 0.000000 
0.000000 0.002311 0.004960 0.008324 0.012855 0.019129 0.027895 0.040141 0.057166 0.080671 0.112867 0.156598 0.215487 0.294094 0.398093 0.534466 0.711687 0.939918 1.231175 1.599467 2.060884 2.633612 3.337852 4.195626 5.230440 6.466790 7.929502 9.642891 11.629754 13.910204 16.500382 19.411093 22.646420 26.202386 30.065753 34.213037 38.609831 43.210517 47.958427 52.786521 57.618591 62.370990 66.954856 71.278756 75.251636 78.785979 81.800982 84.225621 86.001434 87.084864 87.449036 87.084864 86.001434 84.225621 81.800982 78.785979 75.251636 71.278756 66.954856 62.370990 57.618591 52.786521 47.958427 43.210517 38.609831 34.213037 30.065753 26.202386 22.646420 19.411093 16.500382 13.910204 11.629754 9.642891 7.929502 6.466790 5.230440 4.195626 3.337852 2.633611 2.060883 1.599466 1.231174 0.939917 0.711685 0.534462 0.398086 0.294082 0.215468 0.156568 0.112819 0.080594 0.057045 0.039952 0.027602 0.018679 0.012169 0.007286 0.003405 0.000000 
0.000000 0.002504 0.005375 0.009020 0.013931 0.020728 0.030227 0.043494 0.061937 0.087400 0.122277 0.169647 0.233433 0.318572 0.431211 0.578907 0.770835 1.017997 1.333400 1.732212 2.231848 2.851996 3.614520 4.543256 5.663644 7.002197 8.585780 10.440707 12.591644 15.060352 17.864292 21.015150 24.517332 28.366523 32.548385 37.037492 41.796595 46.776314 51.915312 57.141031 62.370990 67.514660 72.475873 77.155677 81.455537 85.280741 88.543846 91.167996 93.089925 94.262499 94.656634 94.262499 93.089925 91.167996 88.543846 85.280741 81.455537 77.155677 72.475873 67.514660 62.370990 57.141031 51.915312 46.776314 41.796595 37.037492 32.548385 28.366523 24.517332 21.015150 17.864292 15.060352 12.591644 10.440707 8.585780 7.002197 5.663644 4.543256 3.614520 2.851995 2.231848 1.732211 1.333399 1.017995 0.770832 0.578902 0.431204 0.318560 0.233413 0.169614 0.122224 0.087317 0.061806 0.043289 0.029909 0.020240 0.013186 0.007896 0.003690 0.000000 
0.000000 0.002691 0.005776 0.009693 0.014969 0.022273 0.032477 0.046730 0.066544 0.093897 0.131360 0.182242 0.250754 0.342199 0.463175 0.621797 0.827916 1.093345 1.432048 1.860306 2.396819 3.062716 3.881471 4.878668 6.081612 7.518759 9.218943 11.210403 13.519609 16.169910 19.180041 22.562533 26.322107 30.454121 34.943173 39.761962 44.870502 50.215782 55.731965 61.341166 66.954856 72.475873 77.801001 82.824037 87.439231 91.544936 95.047306 97.863859 99.926698 101.185238 101.608269 101.185238 99.926698 97.863859 95.047306 91.544936 87.439231 82.824037 77.801001 72.475873 66.954856 61.341166 55.731965 50.215782 44.870502 39.761962 34.943173 30.454121 26.322107 22.562533 19.180041 16.169910 13.519609 11.210403 9.218943 7.518759 6.081612 4.878668 3.881471 3.062716 2.396818 1.860306 1.432047 1.093343 0.827914 0.621792 0.463167 0.342186 0.250732 0.182207 0.131304 0.093807 0.066403 0.046510 0.032136 0.021748 0.014169 0.008485 0.003965 0.000000 
