0.000000 0.000000 0.000000 0.000000 0.000000 0.000000 0.000000 0.000000 0.000000 0.000000 0.000000 0.000000 0.000000 0.000000 0.000000 0.000000 0.000000 0.000000 0.000000 0.000000 0.000000 0.000000 0.000000 0.000000 0.000000 0.000000 0.000000 0.000000 0.000000 0.000000 0.000000 0.000000 0.000000 0.000000 0.000000 0.000000 0.000000 0.000000 0.000000 0.000000 0.000000 0.000000 0.000000 0.000000 0.000000 0.000000 0.000000 0.000000 0.000000 0.000000 0.000000 0.000000 0.000000 0.000000 0.000000 0.000000 0.000000 0.000000 0.000000 0.000000 0.000000 0.000000 0.000000 0.000000 0.000000 0.000000 0.000000 0.000000 0.000000 0.000000 0.000000 0.000000 0.000000 0.000000 0.000000 0.000000 0.000000 0.000000 0.000000 0.000000 0.000000 0.000000 0.000000 0.000000 0.000000 0.000000 0.000000 0.000000 0.000000 0.000000 0.000000 0.000000 0.000000 0.000000 0.000000 0.000000 0.000000 0.000000 0.000000 0.000000 
0.000000 0.000000 0.000000 0.000000 0.000000 0.000000 0.000000 0.000000 0.000001 0.000001 0.000001 0.000002 0.000002 0.000003 0.000004 0.000006 0.000008 0.000011 0.000015 0.000020 0.000027 0.000035 0.000045 0.000058 0.000074 0.000094 0.000118 0.000147 0.000180 0.000220 0.000266 0.000318 0.000377 0.000444 0.000517 0.000596 0.000682 0.000772 0.000867 0.000964 0.001063 0.001160 0.001255 0.001345 0.001428 0.001503 0.001567 0.001619 0.001656 0.001680 0.001687 0.001680 0.001656 0.001619 0.001567 0.001503 0.001428 0.001345 0.001255 0.001160 0.001063 0.000964 0.000867 0.000772 0.000682 0.000596 0.000517 0.000444 0.000377 0.000318 0.000266 0.000220 0.000180 0.000147 0.000118 0.000094 0.000074 0.000058 0.000045 0.000035 0.000027 0.000020 0.000015 0.000011 0.000008 0.000006 0.000004 0.000003 0.000002 0.000002 0.000001 0.000001 0.000001 0.000000 0.000000 0.000000 0.000000 0.000000 0.000000 0.000000 
0.000000 0.000000 0.000000 0.000000 0.000000 0.000000 0.000000 0.000001 0.000001 0.000002 0.000002 0.000003 0.000005 0.000007 0.000009 0.000013 0.000018 0.000024 0.000033 0.000044 0.000058 0.000076 0.000099 0.000127 0.000162 0.000205 0.000257 0.000319 0.000393 0.000479 0.000579 0.000693 0.000822 0.000966 0.001125 0.001298 0.001484 0.001681 0.001887 0.002098 0.002312 0.002524 0.002731 0.002927 0.003108 0.003270 0.003409 0.003521 0.003603 0.003654 0.003671 0.003654 0.003603 0.003521 0.003409 0.003270 0.003108 0.002927 0.002731 0.002524 0.002312 0.002098 0.001887 0.001681 0.001484 0.001298 0.001125 0.000966 0.000822 0.000693 0.000579 0.000479 0.000393 0.000319 0.000257 0.000205 0.000162 0.000127 0.000099 0.000076 0.000058 0.000044 0.000033 0.000024 0.000018 0.000013 0.000009 0.000007 0.000005 0.000003 0.000002 0.000002 0.000001 0.000001 0.000000 0.000000 0.000000 0.000000 0.000000 0.000000 
0.000000 0.000000 0.000000 0.000000 0.000000 0.000001 0.000001 0.000001 0.000002 0.000003 0.000004 0.000006 0.000008 0.000012 0.000016 0.000022 0.000031 0.000042 0.000056 0.000075 0.000099 0.000130 0.000169 0.000218 0.000278 0.000352 0.000441 0.000547 0.000673 0.000821 0.000992 0.001187 0.001408 0.001655 0.001927 0.002224 0.002542 0.002880 0.003232 0.003594 0.003960 0.004324 0.004677 0.005013 0.005323 0.005601 0.005839 0.006031 0.006172 0.006258 0.006287 0.006258 0.006172 0.006031 0.005839 0.005601 0.005323 0.005013 0.004677 0.004324 0.003960 0.003594 0.003232 0.002880 0.002542 0.002224 0.001927 0.001655 0.001408 0.001187 0.000992 0.000821 0.000673 0.000547 0.000441 0.000352 0.000278 0.000218 0.000169 0.000130 0.000099 0.000075 0.000056 0.000042 0.000031 0.000022 0.000016 0.000012 0.000008 0.000006 0.000004 0.000003 0.000002 0.000001 0.000001 0.000001 0.000000 0.000000 0.000000 0.000000 
0.000000 0.000000 0.000000 0.000000 0.000001 0.000001 0.000001 0.000002 0.000003 0.000004 0.000006 0.000009 0.000013 0.000018 0.000026 0.000035 0.000049 0.000066 0.000089 0.000119 0.000157 0.000206 0.000268 0.000346 0.000441 0.000558 0.000699 0.000868 0.001068 0.001302 0.001572 0.001882 0.002232 0.002623 0.003054 0.003524 0.004028 0.004563 0.005121 0.005694 0.006274 0.006849 0.007408 0.007940 0.008431 0.008870 0.009247 0.009551 0.009774 0.009910 0.009956 0.009910 0.009774 0.009551 0.009247 0.008870 0.008431 0.007940 0.007408 0.006849 0.006274 0.005694 0.005121 0.004563 0.004028 0.003524 0.003054 0.002623 0.002232 0.001882 0.001572 0.001302 0.001068 0.000868 0.000699 0.000558 0.000441 0.000346 0.000268 0.000206 0.000157 0.000119 0.000089 0.000066 0.000049 0.000035 0.000026 0.000018 0.000013 0.000009 0.000006 0.000004 0.000003 0.000002 0.000001 0.000001 0.000001 0.000000 0.000000 0.000000 
0.000000 0.000000 0.000000 0.000001 0.000001 0.000001 0.000002 0.000003 0.000005 0.000007 0.000010 0.000014 0.000020 0.000028 0.000039 0.000054 0.000075 0.000101 0.000137 0.000183 0.000242 0.000317 0.000412 0.000530 0.000676 0.000855 0.001071 0.001330 0.001636 0.001994 0.002409 0.002883 0.003419 0.004017 0.004677 0.005396 0.006168 0.006986 0.007839 0.008717 0.009604 0.010484 0.011339 0.012152 0.012903 0.013575 0.014151 0.014616 0.014957 0.015166 0.015236 0.015166 0.014957 0.014616 0.014151 0.013575 0.012903 0.012152 0.011339 0.010484 0.009604 0.008717 0.007839 0.006986 0.006168 0.005396 0.004677 0.004017 0.003419 0.002883 0.002409 0.001994 0.001636 0.001330 0.001071 0.000855 0.000676 0.000530 0.000412 0.000317 0.000242 0.000183 0.000137 0.000101 0.000075 0.000054 0.000039 0.000028 0.000020 0.000014 0.000010 0.000007 0.000005 0.000003 0.000002 0.000001 0.000001 0.000001 0.000000 0.000000 
0.000000 0.000000 0.000000 0.000001 0.000001 0.000002 0.000003 0.000005 0.000007 0.000010 0.000015 0.000021 0.000030 0.000042 0.000059 0.000082 0.000112 0.000153 0.000206 0.000275 0.000364 0.000477 0.000620 0.000798 0.001018 0.001287 0.001612 0.002001 0.002461 0.002999 0.003622 0.004334 0.005139 0.006038 0.007030 0.008109 0.009268 0.010496 0.011778 0.013096 0.014427 0.015748 0.017032 0.018252 0.019380 0.020389 0.021253 0.021951 0.022463 0.022776 0.022881 0.022776 0.022463 0.021951 0.021253 0.020389 0.019380 0.018252 0.017032 0.015748 0.014427 0.013096 0.011778 0.010496 0.009268 0.008109 0.007030 0.006038 0.005139 0.004334 0.003622 0.002999 0.002461 0.002001 0.001612 0.001287 0.001018 0.000798 0.000620 0.000477 0.000364 0.000275 0.000206 0.000153 0.000112 0.000082 0.000059 0.000042 0.000030 0.000021 0.000015 0.000010 0.000007 0.000005 0.000003 0.000002 0.000001 0.000001 0.000000 0.000000 
0.000000 0.000000 0.000001 0.000001 0.000002 0.000003 0.000005 0.000007 0.000010 0.000015 0.000022 0.000031 0.000045 0.000063 0.000088 0.000122 0.000167 0.000227 0.000306 0.000409 0.000541 0.000709 0.000921 0.001185 0.001512 0.001911 0.002394 0.002971 0.003654 0.004453 0.005377 0.006434 0.007628 0.008961 0.010431 0.012031 0.013750 0.015571 0.017471 0.019424 0.021398 0.023355 0.025259 0.027067 0.028738 0.030233 0.031513 0.032547 0.033306 0.033770 0.033926 0.033770 0.033306 0.032547 0.031513 0.030233 0.028738 0.027067 0.025259 0.023355 0.021398 0.019424 0.017471 0.015571 0.013750 0.012031 0.010431 0.008961 0.007628 0.006434 0.005377 0.004453 0.003654 0.002971 0.002394 0.001911 0.001512 0.001185 0.000921 0.000709 0.000541 0.000409 0.000306 0.000227 0.000167 0.000122 0.000088 0.000063 0.000045 0.000031 0.000022 0.000015 0.000010 0.000007 0.000005 0.000003 0.000002 0.000001 0.000001 0.000000 
0.000000 0.000001 0.000001 0.000002 0.000003 0.000005 0.000007 0.000010 0.000015 0.000022 0.000032 0.000046 0.000066 0.000093 0.000130 0.000180 0.000246 0.000335 0.000451 0.000602 0.000796 0.001043 0.001355 0.001743 0.002223 0.002810 0.003519 0.004367 0.005370 0.006543 0.007899 0.009451 0.011203 0.013160 0.015318 0.017666 0.020188 0.022859 0.025647 0.028511 0.031406 0.034277 0.037069 0.039720 0.042171 0.044363 0.046241 0.047756 0.048869 0.049549 0.049778 0.049549 0.048869 0.047756 0.046241 0.044363 0.042171 0.039720 0.037069 0.034277 0.031406 0.028511 0.025647 0.022859 0.020188 0.017666 0.015318 0.013160 0.011203 0.009451 0.007899 0.006543 0.005370 0.004367 0.003519 0.002810 0.002223 0.001743 0.001355 0.001043 0.000796 0.000602 0.000451 0.000335 0.000246 0.000180 0.000130 0.000093 0.000066 0.000046 0.000032 0.000022 0.000015 0.000010 0.000007 0.000005 0.000003 0.000002 0.000001 0.000000 
0.000000 0.000001 0.000002 0.000003 0.000004 0.000007 0.000010 0.000015 0.000022 0.000033 0.000047 0.000068 0.000096 0.000136 0.000189 0.000262 0.000359 0.000488 0.000657 0.000877 0.001160 0.001520 0.001973 0.002539 0.003238 0.004092 0.005123 0.006357 0.007816 0.009522 0.011495 0.013751 0.016299 0.019144 0.022280 0.025693 0.029359 0.033240 0.037292 0.041454 0.045659 0.049831 0.053886 0.057738 0.061299 0.064482 0.067210 0.069411 0.071028 0.072016 0.072348 0.072016 0.071028 0.069411 0.067210 0.064482 0.061299 0.057738 0.053886 0.049831 0.045659 0.041454 0.037292 0.033240 0.029359 0.025693 0.022280 0.019144 0.016299 0.013751 0.011495 0.009522 0.007816 0.006357 0.005123 0.004092 0.003238 0.002539 0.001973 0.001520 0.001160 0.000877 0.000657 0.000488 0.000359 0.000262 0.000189 0.000136 0.000096 0.000068 0.000047 0.000033 0.000022 0.000015 0.000010 0.000007 0.000004 0.000002 0.000001 0.000000 
0.000000 0.000001 0.000002 0.000004 0.000006 0.000010 0.000015 0.000022 0.000032 0.000047 0.000068 0.000098 0.000139 0.000196 0.000274 0.000379 0.000519 0.000705 0.000949 0.001267 0.001675 0.002194 0.002849 0.003665 0.004673 0.005904 0.007391 0.009170 0.011272 0.013732 0.016575 0.019825 0.023497 0.027595 0.032113 0.037029 0.042308 0.047898 0.053731 0.059724 0.065779 0.071785 0.077623 0.083168 0.088293 0.092876 0.096802 0.099971 0.102297 0.103719 0.104197 0.103719 0.102297 0.099971 0.096802 0.092876 0.088293 0.083168 0.077623 0.071785 0.065779 0.059724 0.053731 0.047898 0.042308 0.037029 0.032113 0.027595 0.023497 0.019825 0.016575 0.013732 0.011272 0.009170 0.007391 0.005904 0.004673 0.003665 0.002849 0.002194 0.001675 0.001267 0.000949 0.000705 0.000519 0.000379 0.000274 0.000196 0.000139 0.000098 0.000068 0.000047 0.000032 0.000022 0.000015 0.000010 0.000006 0.000004 0.000002 0.000000 
0.000000 0.000002 0.000003 0.000006 0.000009 0.000014 0.000021 0.000031 0.000046 0.000068 0.000098 0.000140 0.000200 0.000281 0.000392 0.000542 0.000743 0.001010 0.001359 0.001813 0.002397 0.003140 0.004076 0.005243 0.006683 0.008442 0.010568 0.013109 0.016113 0.019625 0.023687 0.028328 0.033571 0.039422 0.045871 0.052888 0.060423 0.068402 0.076727 0.085279 0.093919 0.102488 0.110818 0.118728 0.126040 0.132578 0.138179 0.142699 0.146017 0.148045 0.148728 0.148045 0.146017 0.142699 0.138179 0.132578 0.126040 0.118728 0.110818 0.102488 0.093919 0.085279 0.076727 0.068402 0.060423 0.052888 0.045871 0.039422 0.033571 0.028328 0.023687 0.019625 0.016113 0.013109 0.010568 0.008442 0.006683 0.005243 0.004076 0.003140 0.002397 0.001813 0.001359 0.001010 0.000743 0.000542 0.000392 0.000281 0.000200 0.000140 0.000098 0.000068 0.000046 0.000031 0.000021 0.000014 0.000009 0.000005 0.000002 0.000000 
0.000000 0.000002 0.000005 0.000008 0.000013 0.000020 0.000030 0.000045 0.000066 0.000096 0.000139 0.000200 0.000284 0.000399 0.000557 0.000770 0.001055 0.001433 0.001929 0.002572 0.003399 0.004452 0.005779 0.007432 0.009473 0.011965 0.014975 0.018573 0.022826 0.027799 0.033548 0.040117 0.047537 0.055817 0.064941 0.074870 0.085529 0.096815 0.108590 0.120686 0.132905 0.145025 0.156803 0.167989 0.178328 0.187572 0.195492 0.201882 0.206574 0.209442 0.210406 0.209442 0.206574 0.201882 0.195492 0.187572 0.178328 0.167989 0.156803 0.145025 0.132905 0.120686 0.108590 0.096815 0.085529 0.074870 0.064941 0.055817 0.047537 0.040117 0.033548 0.027799 0.022826 0.018573 0.014975 0.011965 0.009473 0.007432 0.005779 0.004452 0.003399 0.002572 0.001929 0.001433 0.001055 0.000770 0.000557 0.000399 0.000284 0.000200 0.000139 0.000096 0.000066 0.000045 0.000030 0.000020 0.000012 0.000007 0.000003 0.000000 
0.000000 0.000003 0.000007 0.000012 0.000018 0.000028 0.000042 0.000063 0.000093 0.000136 0.000196 0.000281 0.000399 0.000562 0.000784 0.001084 0.001484 0.002015 0.002712 0.003616 0.004778 0.006257 0.008120 0.010443 0.013308 0.016806 0.021031 0.026081 0.032050 0.039027 0.047092 0.056308 0.066716 0.078328 0.091124 0.105046 0.119992 0.135816 0.152324 0.169281 0.186409 0.203397 0.219906 0.235584 0.250073 0.263029 0.274127 0.283082 0.289657 0.293676 0.295028 0.293676 0.289657 0.283082 0.274127 0.263029 0.250073 0.235584 0.219906 0.203397 0.186409 0.169281 0.152324 0.135816 0.119992 0.105046 0.091124 0.078328 0.066716 0.056308 0.047092 0.039027 0.032050 0.026081 0.021031 0.016806 0.013308 0.010443 0.008120 0.006257 0.004778 0.003616 0.002712 0.002015 0.001484 0.001084 0.000784 0.000562 0.000399 0.000281 0.000196 0.000136 0.000093 0.000063 0.000042 0.000028 0.000017 0.000010 0.000005 0.000000 
0.000000 0.000004 0.000009 0.000016 0.000026 0.000039 0.000059 0.000088 0.000130 0.000189 0.000274 0.000392 0.000557 0.000784 0.001093 0.001511 0.002069 0.002809 0.003779 0.005039 0.006657 0.008716 0.011309 0.014542 0.018529 0.023396 0.029274 0.036298 0.044600 0.054304 0.065518 0.078332 0.092801 0.108943 0.126730 0.146079 0.166850 0.188839 0.211778 0.235339 0.259136 0.282736 0.305671 0.327450 0.347578 0.365574 0.380989 0.393428 0.402561 0.408142 0.410019 0.408142 0.402561 0.393428 0.380989 0.365574 0.347578 0.327450 0.305671 0.282736 0.259136 0.235339 0.211778 0.188839 0.166850 0.146079 0.126730 0.108943 0.092801 0.078332 0.065518 0.054304 0.044600 0.036298 0.029274 0.023396 0.018529 0.014542 0.011309 0.008716 0.006657 0.005039 0.003779 0.002809 0.002069 0.001511 0.001093 0.000784 0.000557 0.000392 0.000274 0.000189 0.000130 0.000088 0.000059 0.000039 0.000024 0.000014 0.000007 0.000000 
0.000000 0.000006 0.000013 0.000022 0.000035 0.000054 0.000082 0.000122 0.000180 0.000262 0.000379 0.000542 0.000770 0.001084 0.001511 0.002088 0.002859 0.003881 0.005220 0.006958 0.009191 0.012033 0.015610 0.020069 0.025568 0.032280 0.040385 0.050069 0.061513 0.074888 0.090344 0.108001 0.127938 0.150178 0.174682 0.201337 0.229947 0.260233 0.291826 0.324272 0.357042 0.389540 0.421119 0.451106 0.478818 0.503594 0.524818 0.541942 0.554515 0.562198 0.564783 0.562198 0.554515 0.541942 0.524818 0.503594 0.478818 0.451106 0.421119 0.389540 0.357042 0.324272 0.291826 0.260233 0.229947 0.201337 0.174682 0.150178 0.127938 0.108001 0.090344 0.074888 0.061513 0.050069 0.040385 0.032280 0.025568 0.020069 0.015610 0.012033 0.009191 0.006958 0.005220 0.003881 0.002859 0.002088 0.001511 0.001084 0.000770 0.000542 0.000379 0.000262 0.000179 0.000122 0.000081 0.000053 0.000034 0.000020 0.000009 0.000000 
0.000000 0.000008 0.000018 0.000031 0.000049 0.000075 0.000112 0.000167 0.000246 0.000359 0.000519 0.000743 0.001055 0.001484 0.002069 0.002859 0.003915 0.005313 0.007145 0.009523 0.012577 0.016463 0.021354 0.027450 0.034967 0.044140 0.055217 0.068449 0.084084 0.102355 0.123468 0.147584 0.174811 0.205181 0.238640 0.275032 0.314091 0.355435 0.398559 0.442847 0.487574 0.531926 0.575024 0.615945 0.653762 0.687571 0.716532 0.739898 0.757054 0.767538 0.771065 0.767538 0.757054 0.739898 0.716532 0.687571 0.653762 0.615945 0.575024 0.531926 0.487574 0.442847 0.398559 0.355435 0.314091 0.275032 0.238640 0.205181 0.174811 0.147584 0.123468 0.102355 0.084084 0.068449 0.055217 0.044140 0.034967 0.027450 0.021354 0.016463 0.012577 0.009523 0.007145 0.005313 0.003915 0.002859 0.002069 0.001484 0.001055 0.000743 0.000519 0.000359 0.000246 0.000167 0.000112 0.000073 0.000046 0.000027 0.000013 0.000000 
0.000000 0.000011 0.000024 0.000042 0.000066 0.000101 0.000153 0.000227 0.000335 0.000488 0.000705 0.001010 0.001433 0.002015 0.002809 0.003881 0.005313 0.007208 0.009693 0.012916 0.017057 0.022323 0.028952 0.037210 0.047394 0.059820 0.074823 0.092742 0.113913 0.138651 0.167233 0.199879 0.236732 0.277835 0.323115 0.372361 0.425212 0.481150 0.539494 0.599407 0.659912 0.719907 0.778202 0.833552 0.884700 0.930427 0.969594 1.001196 1.024398 1.038576 1.043346 1.038576 1.024398 1.001196 0.969594 0.930427 0.884700 0.833552 0.778202 0.719907 0.659912 0.599407 0.539494 0.481150 0.425212 0.372361 0.323115 0.277835 0.236732 0.199879 0.167233 0.138651 0.113913 0.092742 0.074823 0.059820 0.047394 0.037210 0.028952 0.022323 0.017057 0.012916 0.009693 0.007208 0.005313 0.003881 0.002809 0.002015 0.001433 0.001010 0.000705 0.000488 0.000334 0.000227 0.000152 0.000100 0.000063 0.000037 0.000017 0.000000 
0.000000 0.000015 0.000033 0.000056 0.000089 0.000137 0.000206 0.000306 0.000451 0.000657 0.000949 0.001359 0.001929 0.002712 0.003779 0.005220 0.007145 0.009693 0.013031 0.017362 0.022925 0.029998 0.038900 0.049991 0.063664 0.080346 0.100485 0.124536 0.152948 0.186144 0.224494 0.268293 0.317730 0.372866 0.433598 0.499645 0.570523 0.645534 0.723768 0.804101 0.885223 0.965657 1.043809 1.118010 1.186576 1.247873 1.300375 1.342734 1.373835 1.392840 1.399233 1.392840 1.373835 1.342734 1.300375 1.247873 1.186576 1.118010 1.043809 0.965657 0.885223 0.804101 0.723768 0.645534 0.570523 0.499645 0.433598 0.372866 0.317730 0.268293 0.224494 0.186144 0.152948 0.124536 0.100485 0.080346 0.063664 0.049991 0.038900 0.029998 0.022925 0.017362 0.013031 0.009693 0.007145 0.005220 0.003779 0.002712 0.001928 0.001359 0.000949 0.000657 0.000450 0.000305 0.000204 0.000134 0.000085 0.000050 0.000023 0.000000 
0.000000 0.000020 0.000044 0.000075 0.000119 0.000183 0.000275 0.000409 0.000602 0.000877 0.001267 0.001813 0.002572 0.003616 0.005039 0.006958 0.009523 0.012916 0.017362 0.023129 0.030535 0.039951 0.051800 0.066560 0.084755 0.106951 0.133742 0.165735 0.203525 0.247673 0.298671 0.356910 0.422640 0.495940 0.576674 0.664466 0.758673 0.858368 0.962339 1.069094 1.176891 1.283771 1.387613 1.486201 1.577300 1.658737 1.728490 1.784766 1.826083 1.851331 1.859825 1.851331 1.826083 1.784766 1.728490 1.658737 1.577300 1.486201 1.387613 1.283771 1.176891 1.069094 0.962339 0.858368 0.758673 0.664466 0.576674 0.495940 0.422640 0.356910 0.298671 0.247673 0.203525 0.165735 0.133742 0.106951 0.084755 0.066560 0.051800 0.039951 0.030535 0.023129 0.017362 0.012916 0.009523 0.006958 0.005039 0.003616 0.002572 0.001813 0.001266 0.000877 0.000601 0.000408 0.000273 0.000179 0.000114 0.000067 0.000031 0.000000 
0.000000 0.000027 0.000058 0.000099 0.000157 0.000242 0.000364 0.000541 0.000796 0.001160 0.001675 0.002397 0.003399 0.004778 0.006657 0.009191 0.012577 0.017057 0.022925 0.030535 0.040308 0.052730 0.068360 0.087827 0.111822 0.141090 0.176414 0.218592 0.268407 0.326597 0.393810 0.470557 0.557171 0.653751 0.760119 0.875777 0.999877 1.131199 1.268144 1.408750 1.550721 1.691477 1.828227 1.958053 2.078014 2.185248 2.277095 2.351195 2.405597 2.438841 2.450025 2.438841 2.405597 2.351195 2.277095 2.185248 2.078014 1.958053 1.828227 1.691477 1.550721 1.408750 1.268144 1.131199 0.999877 0.875777 0.760119 0.653751 0.557171 0.470557 0.393810 0.326597 0.268407 0.218592 0.176414 0.141090 0.111822 0.087827 0.068360 0.052730 0.040308 0.030535 0.022925 0.017057 0.012577 0.009191 0.006657 0.004778 0.003399 0.002396 0.001674 0.001159 0.000795 0.000539 0.000361 0.000237 0.000150 0.000088 0.000041 0.000000 
0.000000 0.000035 0.000076 0.000130 0.000206 0.000317 0.000477 0.000709 0.001043 0.001520 0.002194 0.003140 0.004452 0.006257 0.008716 0.012033 0.016463 0.022323 0.029998 0.039951 0.052730 0.068971 0.089405 0.114851 0.146212 0.184461 0.230618 0.285726 0.350806 0.426820 0.514611 0.614849 0.727963 0.854082 0.992972 1.143983 1.306005 1.477446 1.656217 1.839758 2.025071 2.208791 2.387275 2.556716 2.713276 2.853225 2.973087 3.069788 3.140783 3.184166 3.198760 3.184166 3.140783 3.069788 2.973087 2.853225 2.713276 2.556716 2.387275 2.208791 2.025071 1.839758 1.656217 1.477446 1.306005 1.143983 0.992972 0.854082 0.727963 0.614849 0.514611 0.426820 0.350806 0.285726 0.230618 0.184461 0.146212 0.114851 0.089405 0.068971 0.052730 0.039951 0.029998 0.022323 0.016463 0.012033 0.008716 0.006257 0.004452 0.003139 0.002194 0.001519 0.001042 0.000707 0.000473 0.000311 0.000197 0.000116 0.000053 0.000000 
0.000000 0.000045 0.000099 0.000169 0.000268 0.000412 0.000620 0.000921 0.001355 0.001973 0.002849 0.004076 0.005779 0.008120 0.011309 0.015610 0.021354 0.028952 0.038900 0.051800 0.068360 0.089405 0.115879 0.148842 0.189464 0.239002 0.298776 0.370133 0.454395 0.552805 0.666452 0.796199 0.942602 1.105826 1.285564 1.480975 1.690621 1.912440 2.143733 2.381184 2.620916 2.858577 3.089456 3.308630 3.511136 3.692151 3.847183 3.972255 4.064078 4.120188 4.139064 4.120188 4.064078 3.972255 3.847183 3.692151 3.511136 3.308630 3.089456 2.858577 2.620916 2.381184 2.143733 1.912440 1.690621 1.480975 1.285564 1.105826 0.942602 0.796199 0.666452 0.552805 0.454395 0.370133 0.298776 0.239002 0.189464 0.148842 0.115879 0.089405 0.068360 0.051800 0.038900 0.028952 0.021354 0.015610 0.011309 0.008120 0.005778 0.004075 0.002848 0.001972 0.001353 0.000918 0.000615 0.000404 0.000256 0.000150 0.000069 0.000000 
0.000000 0.000058 0.000127 0.000218 0.000346 0.000530 0.000798 0.001185 0.001743 0.002539 0.003665 0.005243 0.007432 0.010443 0.014542 0.020069 0.027450 0.037210 0.049991 0.066560 0.087827 0.114851 0.148842 0.191162 0.243307 0.306890 0.383605 0.475175 0.583298 0.709562 0.855364 1.021808 1.209604 1.418960 1.649483 1.900090 2.168937 2.453379 2.749952 3.054406 3.361772 3.666470 3.962461 4.243439 4.503040 4.735085 4.933818 5.094144 5.211847 5.283771 5.307966 5.283771 5.211847 5.094144 4.933818 4.735085 4.503040 4.243439 3.962461 3.666470 3.361772 3.054406 2.749952 2.453379 2.168937 1.900090 1.649483 1.418960 1.209604 1.021808 0.855364 0.709562 0.583298 0.475175 0.383605 0.306890 0.243307 0.191162 0.148842 0.114851 0.087827 0.066560 0.049991 0.037210 0.027450 0.020069 0.014541 0.010442 0.007432 0.005242 0.003664 0.002538 0.001741 0.001182 0.000792 0.000520 0.000330 0.000194 0.000089 0.000000 
0.000000 0.000074 0.000162 0.000278 0.000441 0.000676 0.001018 0.001512 0.002223 0.003238 0.004673 0.006683 0.009473 0.013308 0.018529 0.025568 0.034967 0.047394 0.063664 0.084755 0.111822 0.146212 0.189464 0.243307 0.309643 0.390523 0.488097 0.604555 0.742051 0.902604 1.087984 1.299593 1.538330 1.804457 2.097471 2.415993 2.757678 3.119163 3.496045 3.882925 4.273488 4.660645 5.036726 5.393719 5.723544 6.018351 6.270831 6.474515 6.624046 6.715419 6.746156 6.715419 6.624046 6.474515 6.270831 6.018351 5.723544 5.393719 5.036726 4.660645 4.273488 3.882925 3.496045 3.119163 2.757678 2.415993 2.097471 1.804457 1.538330 1.299593 1.087984 0.902604 0.742051 0.604555 0.488097 0.390523 0.309643 0.243307 0.189464 0.146212 0.111822 0.084755 0.063664 0.047394 0.034967 0.025568 0.018529 0.013308 0.009473 0.006683 0.004672 0.003236 0.002220 0.001507 0.001010 0.000664 0.000421 0.000247 0.000114 0.000000 
0.000000 0.000094 0.000205 0.000352 0.000558 0.000855 0.001287 0.001911 0.002810 0.004092 0.005904 0.008442 0.011965 0.016806 0.023396 0.032280 0.044140 0.059820 0.080346 0.106951 0.141090 0.184461 0.239002 0.306890 0.390523 0.492482 0.615473 0.762255 0.935537 1.137859 1.371450 1.638072 1.938851 2.274116 2.643228 3.044450 3.474824 3.930112 4.404771 4.891998 5.383843 5.871380 6.344953 6.794477 7.209779 7.580980 7.898880 8.155335 8.343606 8.458651 8.497351 8.458651 8.343606 8.155335 7.898880 7.580980 7.209779 6.794477 6.344953 5.871380 5.383843 4.891998 4.404771 3.930112 3.474824 3.044450 2.643228 2.274116 1.938851 1.638072 1.371450 1.137859 0.935537 0.762255 0.615473 0.492482 0.390523 0.306890 0.239002 0.184461 0.141090 0.106951 0.080346 0.059820 0.044140 0.032280 0.023396 0.016806 0.011964 0.008442 0.005903 0.004089 0.002806 0.001905 0.001277 0.000839 0.000533 0.000312 0.000144 0.000000 
0.000000 0.000118 0.000257 0.000441 0.000699 0.001071 0.001612 0.002394 0.003519 0.005123 0.007391 0.010568 0.014975 0.021031 0.029274 0.040385 0.055217 0.074823 0.100485 0.133742 0.176414 0.230618 0.298776 0.383605 0.488097 0.615473 0.769110 0.952451 1.168875 1.421548 1.713249 2.046174 2.421725 2.840305 3.301118 3.801986 4.339218 4.907521 5.499974 6.108089 6.721942 7.330396 7.921405 8.482383 9.000642 9.463856 9.860550 10.180564 10.415493 10.559048 10.607339 10.559048 10.415493 10.180564 9.860550 9.463856 9.000642 8.482383 7.921405 7.330396 6.721942 6.108089 5.499974 4.907521 4.339218 3.801986 3.301118 2.840305 2.421725 2.046174 1.713249 1.421548 1.168875 0.952451 0.769110 0.615473 0.488097 0.383605 0.298776 0.230618 0.176414 0.133742 0.100485 0.074823 0.055217 0.040385 0.029274 0.021031 0.014975 0.010567 0.007390 0.005120 0.003514 0.002386 0.001599 0.001052 0.000668 0.000392 0.000180 0.000000 
0.000000 0.000147 0.000319 0.000547 0.000868 0.001330 0.002001 0.002971 0.004367 0.006357 0.009170 0.013109 0.018573 0.026081 0.036298 0.050069 0.068449 0.092742 0.124536 0.165735 0.218592 0.285726 0.370133 0.475175 0.604555 0.762255 0.952451 1.179400 1.447279 1.760001 2.121001 2.532988 2.997694 3.515611 4.085749 4.705411 5.370027 6.073046 6.805907 7.558109 8.317380 9.069947 9.800913 10.494718 11.135672 11.708539 12.199129 12.594885 12.885414 13.062943 13.122662 13.062943 12.885414 12.594885 12.199129 11.708539 11.135672 10.494718 9.800913 9.069947 8.317380 7.558109 6.805907 6.073046 5.370027 4.705411 4.085749 3.515611 2.997694 2.532988 2.121001 1.760001 1.447279 1.179400 0.952451 0.762255 0.604555 0.475175 0.370133 0.285726 0.218592 0.165735 0.124536 0.092742 0.068449 0.050069 0.036298 0.026081 0.018572 0.013107 0.009168 0.006353 0.004361 0.002962 0.001985 0.001306 0.000829 0.000486 0.000224 0.000000 
0.000000 0.000180 0.000393 0.000673 0.001068 0.001636 0.002461 0.003654 0.005370 0.007816 0.011272 0.016113 0.022826 0.032050 0.044600 0.061513 0.084084 0.113913 0.152948 0.203525 0.268407 0.350806 0.454395 0.583298 0.742051 0.935537 1.168875 1.447279 1.775867 2.159434 2.602184 3.107433 3.677299 4.312380 5.011455 5.771213 6.586047 7.447923 8.346346 9.268442 10.199169 11.121647 12.017620 12.868020 13.653623 14.355758 14.957041 15.442085 15.798159 16.015737 16.088927 16.015737 15.798159 15.442085 14.957041 14.355758 13.653623 12.868020 12.017620 11.121647 10.199169 9.268442 8.346346 7.447923 6.586047 5.771213 5.011455 4.312380 3.677299 3.107433 2.602184 2.159434 1.775867 1.447279 1.168875 0.935537 0.742051 0.583298 0.454395 0.350806 0.268407 0.203525 0.152948 0.113913 0.084084 0.061513 0.044600 0.032049 0.022825 0.016111 0.011270 0.007811 0.005362 0.003642 0.002442 0.001606 0.001020 0.000598 0.000276 0.000000 
0.000000 0.000220 0.000479 0.000821 0.001302 0.001994 0.002999 0.004453 0.006543 0.009522 0.013732 0.019625 0.027799 0.039027 0.054304 0.074888 0.102355 0.138651 0.186144 0.247673 0.326597 0.426820 0.552805 0.709562 0.902604 1.137859 1.421548 1.760001 2.159434 2.625667 3.163800 3.777858 4.470407 5.242166 6.091643 7.014813 8.004858 9.052013 10.143525 11.263755 12.394431 13.515050 14.603439 15.636441 16.590712 17.443577 18.173928 18.763083 19.195579 19.459854 19.548752 19.459854 19.195579 18.763083 18.173928 17.443577 16.590712 15.636441 14.603439 13.515050 12.394431 11.263755 10.143525 9.052013 8.004858 7.014813 6.091643 5.242166 4.470407 3.777858 3.163800 2.625667 2.159434 1.760001 1.421548 1.137859 0.902604 0.709562 0.552805 0.426820 0.326597 0.247673 0.186144 0.138651 0.102355 0.074887 0.054303 0.039027 0.027798 0.019623 0.013728 0.009517 0.006534 0.004439 0.002976 0.001958 0.001243 0.000729 0.000336 0.000000 
0.000000 0.000266 0.000579 0.000992 0.001572 0.002409 0.003622 0.005377 0.007899 0.011495 0.016575 0.023687 0.033548 0.047092 0.065518 0.090344 0.123468 0.167233 0.224494 0.298671 0.393810 0.514611 0.666452 0.855364 1.087984 1.371450 1.713249 2.121001 2.602184 3.163800 3.811985 4.551578 5.385658 6.315084 7.338055 8.449713 9.641846 10.902692 12.216895 13.565626 14.926887 16.275999 17.586273 18.829839 19.978599 21.005268 21.884443 22.593640 23.114255 23.432372 23.539382 23.432372 23.114255 22.593640 21.884443 21.005268 19.978599 18.829839 17.586273 16.275999 14.926887 13.565626 12.216895 10.902692 9.641846 8.449713 7.338055 6.315084 5.385658 4.551578 3.811985 3.163800 2.602184 2.121001 1.713249 1.371450 1.087984 0.855364 0.666452 0.514611 0.393810 0.298671 0.224494 0.167233 0.123467 0.090344 0.065518 0.047092 0.033546 0.023684 0.016571 0.011489 0.007889 0.005360 0.003594 0.002364 0.001502 0.000881 0.000406 0.000000 
0.000000 0.000318 0.000693 0.001187 0.001882 0.002883 0.004334 0.006434 0.009451 0.013751 0.019825 0.028328 0.040117 0.056308 0.078332 0.108001 0.147584 0.199879 0.268293 0.356910 0.470557 0.614849 0.796199 1.021808 1.299593 1.638072 2.046174 2.532988 3.107433 3.777858 4.551578 5.434356 6.429859 7.539103 8.759930 10.086535 11.509114 13.013626 14.581748 16.191013 17.815176 19.424796 20.988038 22.471659 23.842145 25.066954 26.115786 26.961831 27.582899 27.962394 28.090051 27.962394 27.582899 26.961831 26.115786 25.066954 23.842145 22.471659 20.988038 19.424796 17.815176 16.191013 14.581748 13.013626 11.509114 10.086535 8.759930 7.539103 6.429859 5.434356 4.551578 3.777858 3.107433 2.532988 2.046174 1.638072 1.299593 1.021808 0.796199 0.614849 0.470557 0.356909 0.268293 0.199879 0.147584 0.108001 0.078331 0.056307 0.040116 0.028325 0.019821 0.013743 0.009438 0.006413 0.004301 0.002830 0.001798 0.001055 0.000486 0.000000 
0.000000 0.000377 0.000822 0.001408 0.002232 0.003419 0.005139 0.007628 0.011203 0.016299 0.023497 0.033571 0.047537 0.066716 0.092801 0.127938 0.174811 0.236732 0.317730 0.422640 0.557171 0.727963 0.942602 1.209604 1.538330 1.938851 2.421725 2.997694 3.677299 4.470407 5.385658 6.429859 7.607336 8.919281 10.363130 11.932013 13.614327 15.393466 17.247757 19.150637 21.071075 22.974265 24.822572 26.576699 28.197032 29.645106 30.885110 31.885351 32.619607 33.068262 33.219182 33.068262 32.619607 31.885351 30.885110 29.645106 28.197032 26.576699 24.822572 22.974265 21.071075 19.150637 17.247757 15.393466 13.614327 11.932013 10.363130 8.919281 7.607336 6.429859 5.385658 4.470407 3.677299 2.997694 2.421725 1.938851 1.538330 1.209604 0.942602 0.727963 0.557171 0.422640 0.317730 0.236732 0.174811 0.127937 0.092800 0.066714 0.047535 0.033568 0.023492 0.016290 0.011188 0.007603 0.005100 0.003356 0.002132 0.001251 0.000577 0.000000 
0.000000 0.000444 0.000966 0.001655 0.002623 0.004017 0.006038 0.008961 0.013160 0.019144 0.027595 0.039422 0.055817 0.078328 0.108943 0.150178 0.205181 0.277835 0.372866 0.495940 0.653751 0.854082 1.105826 1.418960 1.804457 2.274116 2.840305 3.515611 4.312380 5.242166 6.315084 7.539103 8.919281 10.457003 12.149253 13.987972 15.959552 18.044530 20.217506 22.447351 24.697705 26.927790 29.093515 31.148842 33.047368 34.744033 36.196888 37.368813 38.229091 38.754747 38.931569 38.754747 38.229091 37.368813 36.196888 34.744033 33.047368 31.148842 29.093515 26.927790 24.697705 22.447351 20.217506 18.044530 15.959552 13.987972 12.149253 10.457003 8.919281 7.539103 6.315084 5.242166 4.312380 3.515611 2.840305 2.274116 1.804457 1.418960 1.105826 0.854082 0.653751 0.495940 0.372866 0.277835 0.205181 0.150178 0.108942 0.078326 0.055814 0.039418 0.027589 0.019133 0.013142 0.008932 0.005992 0.003943 0.002505 0.001470 0.000678 0.000000 
0.000000 0.000517 0.001125 0.001927 0.003054 0.004677 0.007030 0.010431 0.015318 0.022280 0.032113 0.045871 0.064941 0.091124 0.126730 0.174682 0.238640 0.323115 0.433598 0.576674 0.760119 0.992972 1.285564 1.649483 2.097471 2.643228 3.301118 4.085749 5.011455 6.091643 7.338055 8.759930 10.363130 12.149253 14.114784 16.250352 18.540148 20.961559 23.485087 26.074581 28.687822 31.277462 33.792308 36.178913 38.383405 40.353475 42.040427 43.401169 44.400045 45.010386 45.215693 45.010386 44.400045 43.401169 42.040427 40.353475 38.383405 36.178913 33.792308 31.277462 28.687822 26.074581 23.485087 20.961559 18.540148 16.250352 14.114784 12.149253 10.363130 8.759930 7.338055 6.091643 5.011455 4.085749 3.301118 2.643228 2.097471 1.649483 1.285564 0.992972 0.760119 0.576674 0.433598 0.323115 0.238639 0.174682 0.126729 0.091123 0.064939 0.045866 0.032105 0.022267 0.015297 0.010398 0.006976 0.004591 0.002917 0.001712 0.000789 0.000000 
0.000000 0.000596 0.001298 0.002224 0.003524 0.005396 0.008109 0.012031 0.017666 0.025693 0.037029 0.052888 0.074870 0.105046 0.146079 0.201337 0.275032 0.372361 0.499645 0.664466 0.875777 1.143983 1.480975 1.900090 2.415993 3.044450 3.801986 4.705411 5.771213 7.014813 8.449713 10.086535 11.932013 13.987972 16.250352 18.708359 21.343788 24.130609 27.034869 30.014965 33.022313 36.002431 38.896418 41.642779 44.179534 46.446503 48.387664 49.953444 51.102823 51.805122 52.041362 51.805122 51.102823 49.953444 48.387664 46.446503 44.179534 41.642779 38.896418 36.002431 33.022313 30.014965 27.034869 24.130609 21.343788 18.708359 16.250352 13.987972 11.932013 10.086535 8.449713 7.014813 5.771213 4.705411 3.801986 3.044450 2.415993 1.900090 1.480975 1.143983 0.875777 0.664466 0.499645 0.372360 0.275031 0.201336 0.146078 0.105045 0.074866 0.052883 0.037020 0.025679 0.017642 0.011993 0.008046 0.005296 0.003365 0.001975 0.000911 0.000000 
0.000000 0.000682 0.001484 0.002542 0.004028 0.006168 0.009268 0.013750 0.020188 0.029359 0.042308 0.060423 0.085529 0.119992 0.166850 0.229947 0.314091 0.425212 0.570523 0.758673 0.999877 1.306005 1.690621 2.168937 2.757678 3.474824 4.339218 5.370027 6.586047 8.004858 9.641846 11.509114 13.614327 15.959552 18.540148 21.343788 24.349701 27.528191 30.840533 34.239278 37.669021 41.067636 44.367959 47.499875 50.392715 52.977865 55.191454 56.976965 58.287631 59.088477 59.357867 59.088477 58.287631 56.976965 55.191454 52.977865 50.392715 47.499875 44.367959 41.067636 37.669021 34.239278 30.840533 27.528191 24.349701 21.343788 18.540148 15.959552 13.614327 11.509114 9.641846 8.004858 6.586047 5.370027 4.339218 3.474824 2.757678 2.168937 1.690621 1.306005 0.999877 0.758673 0.570523 0.425212 0.314091 0.229947 0.166849 0.119990 0.085525 0.060417 0.042298 0.029342 0.020160 0.013706 0.009197 0.006053 0.003847 0.002258 0.001041 0.000000 
0.000000 0.000772 0.001681 0.002880 0.004563 0.006986 0.010496 0.015571 0.022859 0.033240 0.047898 0.068402 0.096815 0.135816 0.188839 0.260233 0.355435 0.481150 0.645534 0.858368 1.131199 1.477446 1.912440 2.453379 3.119163 3.930112 4.907521 6.073046 7.447923 9.052013 10.902692 13.013626 15.393466 18.044530 20.961559 24.130609 27.528191 31.120736 34.864471 38.705769 42.582015 46.423002 50.152837 53.692290 56.961510 59.882974 62.384512 64.402270 65.883411 66.788416 67.092843 66.788416 65.883411 64.402270 62.384512 59.882974 56.961510 53.692290 50.152837 46.423002 42.582015 38.705769 34.864471 31.120736 27.528191 24.130609 20.961559 18.044530 15.393466 13.013626 10.902692 9.052013 7.447923 6.073046 4.907521 3.930112 3.119163 2.453379 1.912440 1.477446 1.131199 0.858368 0.645534 0.481149 0.355434 0.260232 0.188837 0.135813 0.096811 0.068395 0.047886 0.033222 0.022828 0.015521 0.010415 0.006856 0.004357 0.002557 0.001180 0.000000 
0.000000 0.000867 0.001887 0.003232 0.005121 0.007839 0.011778 0.017471 0.025647 0.037292 0.053731 0.076727 0.108590 0.152324 0.211778 0.291826 0.398559 0.539494 0.723768 0.962339 1.268144 1.656217 2.143733 2.749952 3.496045 4.404771 5.499974 6.805907 8.346346 10.143525 12.216895 14.581748 17.247757 20.217506 23.485087 27.034869 30.840533 34.864471 39.057652 43.360012 47.701425 52.003268 56.180551 60.144554 63.805863 67.077670 69.879168 72.138859 73.797582 74.811090 75.152013 74.811090 73.797582 72.138859 69.879168 67.077670 63.805863 60.144554 56.180551 52.003268 47.701425 43.360012 39.057652 34.864471 30.840533 27.034869 23.485087 20.217506 17.247757 14.581748 12.216895 10.143525 8.346346 6.805907 5.499974 4.404771 3.496045 2.749952 2.143733 1.656217 1.268144 0.962339 0.723768 0.539493 0.398559 0.291825 0.211776 0.152322 0.108586 0.076719 0.053718 0.037270 0.025612 0.017415 0.011687 0.007694 0.004890 0.002870 0.001324 0.000000 
0.000000 0.000964 0.002098 0.003594 0.005694 0.008717 0.013096 0.019424 0.028511 0.041454 0.059724 0.085279 0.120686 0.169281 0.235339 0.324272 0.442847 0.599407 0.804101 1.069094 1.408750 1.839758 2.381184 3.054406 3.882925 4.891998 6.108089 7.558109 9.268442 11.263755 13.565626 16.191013 19.150637 22.447351 26.074581 30.014965 34.239278 38.705769 43.360012 48.135339 52.953923 57.728504 62.364766 66.764252 70.827742 74.458907 77.568080 80.075925 81.916794 83.041593 83.419952 83.041593 81.916794 80.075925 77.568080 74.458907 70.827742 66.764252 62.364766 57.728504 52.953923 48.135339 43.360012 38.705769 34.239278 30.014965 26.074581 22.447351 19.150637 16.191013 13.565626 11.263755 9.268442 7.558109 6.108089 4.891998 3.882925 3.054406 2.381184 1.839758 1.408750 1.069094 0.804101 0.599407 0.442846 0.324271 0.235337 0.169278 0.120681 0.085270 0.059710 0.041430 0.028473 0.019361 0.012994 0.008555 0.005438 0.003192 0.001472 0.000000 
0.000000 0.001063 0.002312 0.003960 0.006274 0.009604 0.014427 0.021398 0.031406 0.045659 0.065779 0.093919 0.132905 0.186409 0.259136 0.357042 0.487574 0.659912 0.885223 1.176891 1.550721 2.025071 2.620916 3.361772 4.273488 5.383843 6.721942 8.317380 10.199169 12.394431 14.926887 17.815176 21.071075 24.697705 28.687822 33.022313 37.669021 42.582015 47.701425 52.953923 58.253906 63.505410 68.604705 73.443516 77.912729 81.906414 85.325967 88.084145 90.108761 91.345828 91.761951 91.345828 90.108761 88.084145 85.325967 81.906414 77.912729 73.443516 68.604705 63.505410 58.253906 52.953923 47.701425 42.582015 37.669021 33.022313 28.687822 24.697705 21.071075 17.815176 14.926887 12.394431 10.199169 8.317380 6.721942 5.383843 4.273488 3.361772 2.620916 2.025071 1.550721 1.176891 0.885222 0.659911 0.487573 0.357041 0.259134 0.186406 0.132900 0.093909 0.065764 0.045633 0.031363 0.021328 0.014315 0.009425 0.005991 0.003517 0.001622 0.000000 
0.000000 0.001160 0.002524 0.004324 0.006849 0.010484 0.015748 0.023355 0.034277 0.049831 0.071785 0.102488 0.145025 0.203397 0.282736 0.389540 0.531926 0.719907 0.965657 1.283771 1.691477 2.208791 2.858577 3.666470 4.660645 5.871380 7.330396 9.069947 11.121647 13.515050 16.275999 19.424796 22.974265 26.927790 31.277462 36.002431 41.067636 46.423002 52.003268 57.728504 63.505410 69.229392 74.787399 80.061430 84.932572 89.285383 93.012407 96.018571 98.225210 99.573491 100.027024 99.573491 98.225210 96.018571 93.012407 89.285383 84.932572 80.061430 74.787399 69.229392 63.505410 57.728504 52.003268 46.423002 41.067636 36.002431 31.277462 26.927790 22.974265 19.424796 16.275999 13.515050 11.121647 9.069947 7.330396 5.871380 4.660645 3.666470 2.858577 2.208791 1.691477 1.283771 0.965657 0.719906 0.531925 0.389538 0.282734 0.203393 0.145019 0.102478 0.071768 0.049803 0.034231 0.023280 0.015626 0.010289 0.006540 0.003839 0.001771 0.000000 
0.000000 0.001255 0.002731 0.004677 0.007408 0.011339 0.017032 0.025259 0.037069 0.053886 0.077623 0.110818 0.156803 0.219906 0.305671 0.421119 0.575024 0.778202 1.043809 1.387613 1.828227 2.387275 3.089456 3.962461 5.036726 6.344953 7.921405 9.800913 12.017620 14.603439 17.586273 20.988038 24.822572 29.093515 33.792308 38.896418 44.367959 50.152837 56.180551 62.364766 68.604705 74.787399 80.790748 86.487310 91.748658 96.450118 100.475641 103.722554 106.105902 107.562151 108.052001 107.562151 106.105902 103.722554 100.475641 96.450118 91.748658 86.487310 80.790748 74.787399 68.604705 62.364766 56.180551 50.152837 44.367959 38.896418 33.792308 29.093515 24.822572 20.988038 17.586273 14.603439 12.017620 9.800913 7.921405 6.344953 5.036726 3.962461 3.089456 2.387275 1.828227 1.387613 1.043809 0.778201 0.575023 0.421118 0.305669 0.219902 0.156797 0.110807 0.077605 0.053856 0.037018 0.025177 0.016900 0.011128 0.007074 0.004153 0.001916 0.000000 
