0.000000 0.000000 0.000000 0.000000 0.000000 0.000000 0.000000 0.000000 0.000000 0.000000 0.000000 0.000000 0.000000 0.000000 0.000000 0.000000 0.000000 0.000000 0.000000 0.000000 0.000000 0.000000 0.000000 0.000000 0.000000 0.000000 0.000000 0.000000 0.000000 0.000000 0.000000 0.000000 0.000000 0.000000 0.000000 0.000000 0.000000 0.000000 0.000000 0.000000 0.000000 0.000000 0.000000 0.000000 0.000000 0.000000 0.000000 0.000000 0.000000 0.000000 0.000000 0.000000 0.000000 0.000000 0.000000 0.000000 0.000000 0.000000 0.000000 0.000000 0.000000 0.000000 0.000000 0.000000 0.000000 0.000000 0.000000 0.000000 0.000000 0.000000 0.000000 0.000000 0.000000 0.000000 0.000000 0.000000 0.000000 0.000000 0.000000 0.000000 0.000000 0.000000 0.000000 0.000000 0.000000 0.000000 0.000000 0.000000 0.000000 0.000000 0.000000 0.000000 0.000000 0.000000 0.000000 0.000000 0.000000 0.000000 0.000000 0.000000 
0.000000 0.000000 0.000000 0.000000 0.000000 0.000000 0.000000 0.000000 0.000000 0.000000 0.000000 0.000000 0.000000 0.000000 0.000000 0.000000 0.000000 0.000000 0.000000 0.000000 0.000000 0.000000 0.000000 0.000000 0.000000 0.000000 0.000000 0.000000 0.000000 0.000000 0.000000 0.000000 0.000000 0.000000 0.000001 0.000001 0.000001 0.000001 0.000001 0.000002 0.000002 0.000002 0.000003 0.000003 0.000003 0.000004 0.000004 0.000004 0.000004 0.000004 0.000004 0.000004 0.000004 0.000004 0.000004 0.000004 0.000003 0.000003 0.000003 0.000002 0.000002 0.000002 0.000001 0.000001 0.000001 0.000001 0.000001 0.000000 0.000000 0.000000 0.000000 0.000000 0.000000 0.000000 0.000000 0.000000 0.000000 0.000000 0.000000 0.000000 0.000000 0.000000 0.000000 0.000000 0.000000 0.000000 0.000000 0.000000 0.000000 0.000000 0.000000 0.000000 0.000000 0.000000 0.000000 0.000000 0.000000 0.000000 0.000000 0.000000 
0.000000 0.000000 0.000000 0.000000 0.000000 0.000000 0.000000 0.000000 0.000000 0.000000 0.000000 0.000000 0.000000 0.000000 0.000000 0.000000 0.000000 0.000000 0.000000 0.000000 0.000000 0.000000 0.000000 0.000000 0.000000 0.000000 0.000000 0.000000 0.000000 0.000000 0.000000 0.000001 0.000001 0.000001 0.000001 0.000002 0.000002 0.000003 0.000004 0.000004 0.000005 0.000006 0.000007 0.000007 0.000008 0.000009 0.000009 0.000010 0.000010 0.000011 0.000011 0.000011 0.000010 0.000010 0.000009 0.000009 0.000008 0.000007 0.000007 0.000006 0.000005 0.000004 0.000004 0.000003 0.000002 0.000002 0.000001 0.000001 0.000001 0.000001 0.000000 0.000000 0.000000 0.000000 0.000000 0.000000 0.000000 0.000000 0.000000 0.000000 0.000000 0.000000 0.000000 0.000000 0.000000 0.000000 0.000000 0.000000 0.000000 0.000000 0.000000 0.000000 0.000000 0.000000 0.000000 0.000000 0.000000 0.000000 0.000000 0.000000 
0.000000 0.000000 0.000000 0.000000 0.000000 0.000000 0.000000 0.000000 0.000000 0.000000 0.000000 0.000000 0.000000 0.000000 0.000000 0.000000 0.000000 0.000000 0.000000 0.000000 0.000000 0.000000 0.000000 0.000000 0.000000 0.000000 0.000000 0.000000 0.000001 0.000001 0.000001 0.000001 0.000002 0.000002 0.000003 0.000004 0.000005 0.000006 0.000007 0.000009 0.000010 0.000012 0.000014 0.000015 0.000017 0.000018 0.000020 0.000021 0.000022 0.000022 0.000022 0.000022 0.000022 0.000021 0.000020 0.000018 0.000017 0.000015 0.000014 0.000012 0.000010 0.000009 0.000007 0.000006 0.000005 0.000004 0.000003 0.000002 0.000002 0.000001 0.000001 0.000001 0.000001 0.000000 0.000000 0.000000 0.000000 0.000000 0.000000 0.000000 0.000000 0.000000 0.000000 0.000000 0.000000 0.000000 0.000000 0.000000 0.000000 0.000000 0.000000 0.000000 0.000000 0.000000 0.000000 0.000000 0.000000 0.000000 0.000000 0.000000 
0.000000 0.000000 0.000000 0.000000 0.000000 0.000000 0.000000 0.000000 0.000000 0.000000 0.000000 0.000000 0.000000 0.000000 0.000000 0.000000 0.000000 0.000000 0.000000 0.000000 0.000000 0.000000 0.000000 0.000000 0.000000 0.000000 0.000001 0.000001 0.000001 0.000001 0.000002 0.000003 0.000004 0.000005 0.000006 0.000008 0.000010 0.000012 0.000014 0.000017 0.000020 0.000024 0.000027 0.000030 0.000033 0.000036 0.000039 0.000041 0.000043 0.000044 0.000044 0.000044 0.000043 0.000041 0.000039 0.000036 0.000033 0.000030 0.000027 0.000024 0.000020 0.000017 0.000014 0.000012 0.000010 0.000008 0.000006 0.000005 0.000004 0.000003 0.000002 0.000001 0.000001 0.000001 0.000001 0.000000 0.000000 0.000000 0.000000 0.000000 0.000000 0.000000 0.000000 0.000000 0.000000 0.000000 0.000000 0.000000 0.000000 0.000000 0.000000 0.000000 0.000000 0.000000 0.000000 0.000000 0.000000 0.000000 0.000000 0.000000 
0.000000 0.000000 0.000000 0.000000 0.000000 0.000000 0.000000 0.000000 0.000000 0.000000 0.000000 0.000000 0.000000 0.000000 0.000000 0.000000 0.000000 0.000000 0.000000 0.000000 0.000000 0.000000 0.000000 0.000000 0.000000 0.000001 0.000001 0.000001 0.000002 0.000003 0.000004 0.000005 0.000007 0.000009 0.000012 0.000015 0.000019 0.000023 0.000028 0.000033 0.000039 0.000046 0.000052 0.000058 0.000065 0.000070 0.000075 0.000080 0.000083 0.000085 0.000085 0.000085 0.000083 0.000080 0.000075 0.000070 0.000065 0.000058 0.000052 0.000046 0.000039 0.000033 0.000028 0.000023 0.000019 0.000015 0.000012 0.000009 0.000007 0.000005 0.000004 0.000003 0.000002 0.000001 0.000001 0.000001 0.000000 0.000000 0.000000 0.000000 0.000000 0.000000 0.000000 0.000000 0.000000 0.000000 0.000000 0.000000 0.000000 0.000000 0.000000 0.000000 0.000000 0.000000 0.000000 0.000000 0.000000 0.000000 0.000000 0.000000 
0.000000 0.000000 0.000000 0.000000 0.000000 0.000000 0.000000 0.000000 0.000000 0.000000 0.000000 0.000000 0.000000 0.000000 0.000000 0.000000 0.000000 0.000000 0.000000 0.000000 0.000000 0.000000 0.000000 0.000001 0.000001 0.000001 0.000002 0.000003 0.000004 0.000005 0.000007 0.000010 0.000013 0.000017 0.000022 0.000029 0.000036 0.000044 0.000053 0.000064 0.000075 0.000087 0.000099 0.000111 0.000123 0.000134 0.000144 0.000152 0.000158 0.000161 0.000162 0.000161 0.000158 0.000152 0.000144 0.000134 0.000123 0.000111 0.000099 0.000087 0.000075 0.000064 0.000053 0.000044 0.000036 0.000029 0.000022 0.000017 0.000013 0.000010 0.000007 0.000005 0.000004 0.000003 0.000002 0.000001 0.000001 0.000001 0.000000 0.000000 0.000000 0.000000 0.000000 0.000000 0.000000 0.000000 0.000000 0.000000 0.000000 0.000000 0.000000 0.000000 0.000000 0.000000 0.000000 0.000000 0.000000 0.000000 0.000000 0.000000 
0.000000 0.000000 0.000000 0.000000 0.000000 0.000000 0.000000 0.000000 0.000000 0.000000 0.000000 0.000000 0.000000 0.000000 0.000000 0.000000 0.000000 0.000000 0.000000 0.000000 0.000000 0.000000 0.000001 0.000001 0.000002 0.000002 0.000004 0.000005 0.000007 0.000010 0.000014 0.000019 0.000025 0.000033 0.000042 0.000054 0.000067 0.000083 0.000100 0.000120 0.000141 0.000163 0.000186 0.000209 0.000231 0.000252 0.000270 0.000285 0.000296 0.000303 0.000305 0.000303 0.000296 0.000285 0.000270 0.000252 0.000231 0.000209 0.000186 0.000163 0.000141 0.000120 0.000100 0.000083 0.000067 0.000054 0.000042 0.000033 0.000025 0.000019 0.000014 0.000010 0.000007 0.000005 0.000004 0.000002 0.000002 0.000001 0.000001 0.000000 0.000000 0.000000 0.000000 0.000000 0.000000 0.000000 0.000000 0.000000 0.000000 0.000000 0.000000 0.000000 0.000000 0.000000 0.000000 0.000000 0.000000 0.000000 0.000000 0.000000 
0.000000 0.000000 0.000000 0.000000 0.000000 0.000000 0.000000 0.000000 0.000000 0.000000 0.000000 0.000000 0.000000 0.000000 0.000000 0.000000 0.000000 0.000000 0.000000 0.000000 0.000001 0.000001 0.000001 0.000002 0.000003 0.000005 0.000007 0.000010 0.000014 0.000019 0.000026 0.000035 0.000047 0.000061 0.000079 0.000100 0.000125 0.000154 0.000186 0.000222 0.000261 0.000303 0.000345 0.000387 0.000428 0.000466 0.000499 0.000527 0.000548 0.000561 0.000565 0.000561 0.000548 0.000527 0.000499 0.000466 0.000428 0.000387 0.000345 0.000303 0.000261 0.000222 0.000186 0.000154 0.000125 0.000100 0.000079 0.000061 0.000047 0.000035 0.000026 0.000019 0.000014 0.000010 0.000007 0.000005 0.000003 0.000002 0.000001 0.000001 0.000001 0.000000 0.000000 0.000000 0.000000 0.000000 0.000000 0.000000 0.000000 0.000000 0.000000 0.000000 0.000000 0.000000 0.000000 0.000000 0.000000 0.000000 0.000000 0.000000 
0.000000 0.000000 0.000000 0.000000 0.000000 0.000000 0.000000 0.000000 0.000000 0.000000 0.000000 0.000000 0.000000 0.000000 0.000000 0.000000 0.000000 0.000000 0.000000 0.000001 0.000001 0.000002 0.000003 0.000004 0.000006 0.000009 0.000012 0.000018 0.000025 0.000035 0.000048 0.000064 0.000086 0.000112 0.000144 0.000183 0.000229 0.000281 0.000341 0.000407 0.000478 0.000553 0.000630 0.000708 0.000782 0.000851 0.000912 0.000963 0.001001 0.001024 0.001032 0.001024 0.001001 0.000963 0.000912 0.000851 0.000782 0.000708 0.000630 0.000553 0.000478 0.000407 0.000341 0.000281 0.000229 0.000183 0.000144 0.000112 0.000086 0.000064 0.000048 0.000035 0.000025 0.000018 0.000012 0.000009 0.000006 0.000004 0.000003 0.000002 0.000001 0.000001 0.000000 0.000000 0.000000 0.000000 0.000000 0.000000 0.000000 0.000000 0.000000 0.000000 0.000000 0.000000 0.000000 0.000000 0.000000 0.000000 0.000000 0.000000 
0.000000 0.000000 0.000000 0.000000 0.000000 0.000000 0.000000 0.000000 0.000000 0.000000 0.000000 0.000000 0.000000 0.000000 0.000000 0.000000 0.000000 0.000000 0.000001 0.000001 0.000002 0.000003 0.000005 0.000007 0.000011 0.000016 0.000023 0.000032 0.000046 0.000063 0.000087 0.000117 0.000155 0.000202 0.000261 0.000330 0.000413 0.000508 0.000615 0.000734 0.000862 0.000997 0.001136 0.001275 0.001409 0.001533 0.001643 0.001734 0.001802 0.001844 0.001858 0.001844 0.001802 0.001734 0.001643 0.001533 0.001409 0.001275 0.001136 0.000997 0.000862 0.000734 0.000615 0.000508 0.000413 0.000330 0.000261 0.000202 0.000155 0.000117 0.000087 0.000063 0.000046 0.000032 0.000023 0.000016 0.000011 0.000007 0.000005 0.000003 0.000002 0.000001 0.000001 0.000000 0.000000 0.000000 0.000000 0.000000 0.000000 0.000000 0.000000 0.000000 0.000000 0.000000 0.000000 0.000000 0.000000 0.000000 0.000000 0.000000 
0.000000 0.000000 0.000000 0.000000 0.000000 0.000000 0.000000 0.000000 0.000000 0.000000 0.000000 0.000000 0.000000 0.000000 0.000000 0.000000 0.000000 0.000001 0.000001 0.000002 0.000003 0.000005 0.000008 0.000013 0.000019 0.000028 0.000040 0.000058 0.000081 0.000113 0.000155 0.000208 0.000276 0.000361 0.000464 0.000589 0.000735 0.000903 0.001094 0.001305 0.001533 0.001773 0.002020 0.002266 0.002504 0.002724 0.002919 0.003080 0.003201 0.003275 0.003301 0.003275 0.003201 0.003080 0.002919 0.002724 0.002504 0.002266 0.002020 0.001773 0.001533 0.001305 0.001094 0.000903 0.000735 0.000589 0.000464 0.000361 0.000276 0.000208 0.000155 0.000113 0.000081 0.000058 0.000040 0.000028 0.000019 0.000013 0.000008 0.000005 0.000003 0.000002 0.000001 0.000001 0.000000 0.000000 0.000000 0.000000 0.000000 0.000000 0.000000 0.000000 0.000000 0.000000 0.000000 0.000000 0.000000 0.000000 0.000000 0.000000 
0.000000 0.000000 0.000000 0.000000 0.000000 0.000000 0.000000 0.000000 0.000000 0.000000 0.000000 0.000000 0.000000 0.000000 0.000000 0.000001 0.000001 0.000001 0.000002 0.000004 0.000006 0.000010 0.000015 0.000022 0.000033 0.000049 0.000071 0.000102 0.000144 0.000199 0.000272 0.000366 0.000486 0.000634 0.000816 0.001034 0.001290 0.001586 0.001920 0.002289 0.002688 0.003108 0.003541 0.003971 0.004387 0.004773 0.005114 0.005396 0.005606 0.005737 0.005781 0.005737 0.005606 0.005396 0.005114 0.004773 0.004387 0.003971 0.003541 0.003108 0.002688 0.002289 0.001920 0.001586 0.001290 0.001034 0.000816 0.000634 0.000486 0.000366 0.000272 0.000199 0.000144 0.000102 0.000071 0.000049 0.000033 0.000022 0.000015 0.000010 0.000006 0.000004 0.000002 0.000001 0.000001 0.000001 0.000000 0.000000 0.000000 0.000000 0.000000 0.000000 0.000000 0.000000 0.000000 0.000000 0.000000 0.000000 0.000000 0.000000 
0.000000 0.000000 0.000000 0.000000 0.000000 0.000000 0.000000 0.000000 0.000000 0.000000 0.000000 0.000000 0.000000 0.000000 0.000001 0.000001 0.000002 0.000003 0.000004 0.000007 0.000011 0.000017 0.000026 0.000039 0.000058 0.000085 0.000124 0.000177 0.000249 0.000346 0.000472 0.000635 0.000842 0.001099 0.001413 0.001790 0.002233 0.002744 0.003321 0.003959 0.004647 0.005374 0.006119 0.006863 0.007580 0.008246 0.008833 0.009319 0.009683 0.009907 0.009984 0.009907 0.009683 0.009319 0.008833 0.008246 0.007580 0.006863 0.006119 0.005374 0.004647 0.003959 0.003321 0.002744 0.002233 0.001790 0.001413 0.001099 0.000842 0.000635 0.000472 0.000346 0.000249 0.000177 0.000124 0.000085 0.000058 0.000039 0.000026 0.000017 0.000011 0.000007 0.000004 0.000003 0.000002 0.000001 0.000001 0.000000 0.000000 0.000000 0.000000 0.000000 0.000000 0.000000 0.000000 0.000000 0.000000 0.000000 0.000000 0.000000 
0.000000 0.000000 0.000000 0.000000 0.000000 0.000000 0.000000 0.000000 0.000000 0.000000 0.000000 0.000000 0.000000 0.000001 0.000001 0.000002 0.000003 0.000004 0.000007 0.000012 0.000018 0.000029 0.000044 0.000067 0.000100 0.000147 0.000213 0.000303 0.000427 0.000592 0.000808 0.001086 0.001439 0.001878 0.002414 0.003056 0.003811 0.004682 0.005665 0.006751 0.007923 0.009159 0.010428 0.011693 0.012914 0.014045 0.015045 0.015871 0.016489 0.016872 0.017001 0.016872 0.016489 0.015871 0.015045 0.014045 0.012914 0.011693 0.010428 0.009159 0.007923 0.006751 0.005665 0.004682 0.003811 0.003056 0.002414 0.001878 0.001439 0.001086 0.000808 0.000592 0.000427 0.000303 0.000213 0.000147 0.000100 0.000067 0.000044 0.000029 0.000018 0.000012 0.000007 0.000004 0.000003 0.000002 0.000001 0.000001 0.000000 0.000000 0.000000 0.000000 0.000000 0.000000 0.000000 0.000000 0.000000 0.000000 0.000000 0.000000 
0.000000 0.000000 0.000000 0.000000 0.000000 0.000000 0.000000 0.000000 0.000000 0.000000 0.000000 0.000000 0.000001 0.000001 0.000002 0.000003 0.000005 0.000008 0.000012 0.000020 0.000031 0.000049 0.000075 0.000113 0.000169 0.000248 0.000359 0.000513 0.000721 0.000998 0.001362 0.001831 0.002425 0.003163 0.004064 0.005144 0.006414 0.007876 0.009527 0.011350 0.013319 0.015393 0.017523 0.019645 0.021692 0.023590 0.025266 0.026652 0.027688 0.028329 0.028546 0.028329 0.027688 0.026652 0.025266 0.023590 0.021692 0.019645 0.017523 0.015393 0.013319 0.011350 0.009527 0.007876 0.006414 0.005144 0.004064 0.003163 0.002425 0.001831 0.001362 0.000998 0.000721 0.000513 0.000359 0.000248 0.000169 0.000113 0.000075 0.000049 0.000031 0.000020 0.000012 0.000008 0.000005 0.000003 0.000002 0.000001 0.000001 0.000000 0.000000 0.000000 0.000000 0.000000 0.000000 0.000000 0.000000 0.000000 0.000000 0.000000 
0.000000 0.000000 0.000000 0.000000 0.000000 0.000000 0.000000 0.000000 0.000000 0.000000 0.000000 0.000000 0.000001 0.000002 0.000003 0.000005 0.000008 0.000013 0.000021 0.000033 0.000052 0.000081 0.000125 0.000189 0.000281 0.000413 0.000598 0.000854 0.001200 0.001661 0.002265 0.003044 0.004029 0.005253 0.006748 0.008538 0.010641 0.013064 0.015797 0.018816 0.022074 0.025507 0.029029 0.032540 0.035925 0.039064 0.041835 0.044126 0.045839 0.046899 0.047257 0.046899 0.045839 0.044126 0.041835 0.039064 0.035925 0.032540 0.029029 0.025507 0.022074 0.018816 0.015797 0.013064 0.010641 0.008538 0.006748 0.005253 0.004029 0.003044 0.002265 0.001661 0.001200 0.000854 0.000598 0.000413 0.000281 0.000189 0.000125 0.000081 0.000052 0.000033 0.000021 0.000013 0.000008 0.000005 0.000003 0.000002 0.000001 0.000000 0.000000 0.000000 0.000000 0.000000 0.000000 0.000000 0.000000 0.000000 0.000000 0.000000 
0.000000 0.000000 0.000000 0.000000 0.000000 0.000000 0.000000 0.000000 0.000000 0.000000 0.000000 0.000001 0.000001 0.000003 0.000004 0.000008 0.000013 0.000021 0.000034 0.000054 0.000086 0.000134 0.000205 0.000310 0.000463 0.000679 0.000983 0.001401 0.001968 0.002724 0.003713 0.004987 0.006599 0.008601 0.011044 0.013969 0.017405 0.021362 0.025824 0.030751 0.036068 0.041669 0.047414 0.053140 0.058660 0.063777 0.068295 0.072030 0.074822 0.076549 0.077134 0.076549 0.074822 0.072030 0.068295 0.063777 0.058660 0.053140 0.047414 0.041669 0.036068 0.030751 0.025824 0.021362 0.017405 0.013969 0.011044 0.008601 0.006599 0.004987 0.003713 0.002724 0.001968 0.001401 0.000983 0.000679 0.000463 0.000310 0.000205 0.000134 0.000086 0.000054 0.000034 0.000021 0.000013 0.000008 0.000004 0.000003 0.000001 0.000001 0.000000 0.000000 0.000000 0.000000 0.000000 0.000000 0.000000 0.000000 0.000000 0.000000 
0.000000 0.000000 0.000000 0.000000 0.000000 0.000000 0.000000 0.000000 0.000000 0.000000 0.000001 0.000001 0.000002 0.000004 0.000007 0.000012 0.000021 0.000034 0.000055 0.000088 0.000139 0.000217 0.000333 0.000503 0.000750 0.001100 0.001591 0.002267 0.003183 0.004403 0.006000 0.008055 0.010655 0.013883 0.017820 0.022532 0.028066 0.034436 0.041619 0.049547 0.058101 0.067109 0.076349 0.085556 0.094430 0.102656 0.109918 0.115920 0.120407 0.123183 0.124122 0.123183 0.120407 0.115920 0.109918 0.102656 0.094430 0.085556 0.076349 0.067109 0.058101 0.049547 0.041619 0.034436 0.028066 0.022532 0.017820 0.013883 0.010655 0.008055 0.006000 0.004403 0.003183 0.002267 0.001591 0.001100 0.000750 0.000503 0.000333 0.000217 0.000139 0.000088 0.000055 0.000034 0.000021 0.000012 0.000007 0.000004 0.000002 0.000001 0.000001 0.000000 0.000000 0.000000 0.000000 0.000000 0.000000 0.000000 0.000000 0.000000 
0.000000 0.000000 0.000000 0.000000 0.000000 0.000000 0.000000 0.000000 0.000000 0.000001 0.000001 0.000002 0.000004 0.000007 0.000012 0.000020 0.000033 0.000054 0.000088 0.000141 0.000223 0.000347 0.000532 0.000804 0.001197 0.001756 0.002539 0.003616 0.005075 0.007016 0.009557 0.012826 0.016958 0.022089 0.028343 0.035827 0.044613 0.054723 0.066122 0.078700 0.092267 0.106551 0.121202 0.135796 0.149862 0.162898 0.174405 0.183915 0.191025 0.195422 0.196910 0.195422 0.191025 0.183915 0.174405 0.162898 0.149862 0.135796 0.121202 0.106551 0.092267 0.078700 0.066122 0.054723 0.044613 0.035827 0.028343 0.022089 0.016958 0.012826 0.009557 0.007016 0.005075 0.003616 0.002539 0.001756 0.001197 0.000804 0.000532 0.000347 0.000223 0.000141 0.000088 0.000054 0.000033 0.000020 0.000012 0.000007 0.000004 0.000002 0.000001 0.000001 0.000000 0.000000 0.000000 0.000000 0.000000 0.000000 0.000000 0.000000 
0.000000 0.000000 0.000000 0.000000 0.000000 0.000000 0.000000 0.000000 0.000001 0.000001 0.000002 0.000003 0.000006 0.000011 0.000018 0.000031 0.000052 0.000086 0.000139 0.000223 0.000352 0.000547 0.000839 0.001267 0.001885 0.002764 0.003993 0.005685 0.007974 0.011020 0.015006 0.020131 0.026606 0.034643 0.044439 0.056156 0.069907 0.085726 0.103558 0.123228 0.144442 0.166773 0.189672 0.212479 0.234458 0.254826 0.272802 0.287658 0.298763 0.305632 0.307956 0.305632 0.298763 0.287658 0.272802 0.254826 0.234458 0.212479 0.189672 0.166773 0.144442 0.123228 0.103558 0.085726 0.069907 0.056156 0.044439 0.034643 0.026606 0.020131 0.015006 0.011020 0.007974 0.005685 0.003993 0.002764 0.001885 0.001267 0.000839 0.000547 0.000352 0.000223 0.000139 0.000086 0.000052 0.000031 0.000018 0.000011 0.000006 0.000003 0.000002 0.000001 0.000001 0.000000 0.000000 0.000000 0.000000 0.000000 0.000000 0.000000 
0.000000 0.000000 0.000000 0.000000 0.000000 0.000000 0.000000 0.000000 0.000001 0.000002 0.000003 0.000005 0.000010 0.000017 0.000029 0.000049 0.000081 0.000134 0.000217 0.000347 0.000547 0.000851 0.001303 0.001966 0.002925 0.004286 0.006190 0.008808 0.012350 0.017062 0.023223 0.031143 0.041146 0.053558 0.068679 0.086763 0.107978 0.132379 0.159876 0.190203 0.222902 0.257317 0.292599 0.327737 0.361593 0.392964 0.420649 0.443527 0.460628 0.471203 0.474783 0.471203 0.460628 0.443527 0.420649 0.392964 0.361593 0.327737 0.292599 0.257317 0.222902 0.190203 0.159876 0.132379 0.107978 0.086763 0.068679 0.053558 0.041146 0.031143 0.023223 0.017062 0.012350 0.008808 0.006190 0.004286 0.002925 0.001966 0.001303 0.000851 0.000547 0.000347 0.000217 0.000134 0.000081 0.000049 0.000029 0.000017 0.000010 0.000005 0.000003 0.000002 0.000001 0.000000 0.000000 0.000000 0.000000 0.000000 0.000000 0.000000 
0.000000 0.000000 0.000000 0.000000 0.000000 0.000000 0.000000 0.000001 0.000001 0.000003 0.000005 0.000008 0.000015 0.000026 0.000044 0.000075 0.000125 0.000205 0.000333 0.000532 0.000839 0.001303 0.001994 0.003009 0.004472 0.006552 0.009457 0.013452 0.018853 0.026035 0.035424 0.047487 0.062719 0.081612 0.104623 0.132133 0.164398 0.201500 0.243298 0.289387 0.339072 0.391354 0.444946 0.498310 0.549720 0.597352 0.639384 0.674114 0.700073 0.716127 0.721559 0.716127 0.700073 0.674114 0.639384 0.597352 0.549720 0.498310 0.444946 0.391354 0.339072 0.289387 0.243298 0.201500 0.164398 0.132133 0.104623 0.081612 0.062719 0.047487 0.035424 0.026035 0.018853 0.013452 0.009457 0.006552 0.004472 0.003009 0.001994 0.001303 0.000839 0.000532 0.000333 0.000205 0.000125 0.000075 0.000044 0.000026 0.000015 0.000008 0.000005 0.000003 0.000001 0.000001 0.000000 0.000000 0.000000 0.000000 0.000000 0.000000 
0.000000 0.000000 0.000000 0.000000 0.000000 0.000000 0.000001 0.000001 0.000002 0.000004 0.000007 0.000013 0.000022 0.000039 0.000067 0.000113 0.000189 0.000310 0.000503 0.000804 0.001267 0.001966 0.003009 0.004536 0.006740 0.009869 0.014240 0.020247 0.028365 0.039155 0.053256 0.071368 0.094229 0.122576 0.157091 0.198342 0.246711 0.302317 0.364947 0.433992 0.508410 0.586703 0.666945 0.746834 0.823789 0.895080 0.957985 1.009958 1.048802 1.072824 1.080953 1.072824 1.048802 1.009958 0.957985 0.895080 0.823789 0.746834 0.666945 0.586703 0.508410 0.433992 0.364947 0.302317 0.246711 0.198342 0.157091 0.122576 0.094229 0.071368 0.053256 0.039155 0.028365 0.020247 0.014240 0.009869 0.006740 0.004536 0.003009 0.001966 0.001267 0.000804 0.000503 0.000310 0.000189 0.000113 0.000067 0.000039 0.000022 0.000013 0.000007 0.000004 0.000002 0.000001 0.000001 0.000000 0.000000 0.000000 0.000000 0.000000 
0.000000 0.000000 0.000000 0.000000 0.000000 0.000000 0.000001 0.000002 0.000003 0.000006 0.000011 0.000019 0.000033 0.000058 0.000100 0.000169 0.000281 0.000463 0.000750 0.001197 0.001885 0.002925 0.004472 0.006740 0.010011 0.014652 0.021132 0.030033 0.042059 0.058038 0.078911 0.105712 0.139531 0.181451 0.232479 0.293449 0.364920 0.447066 0.539567 0.641523 0.751390 0.866960 0.985389 1.103280 1.216828 1.322008 1.414806 1.491473 1.548771 1.584203 1.596193 1.584203 1.548771 1.491473 1.414806 1.322008 1.216828 1.103280 0.985389 0.866960 0.751390 0.641523 0.539567 0.447066 0.364920 0.293449 0.232479 0.181451 0.139531 0.105712 0.078911 0.058038 0.042059 0.030033 0.021132 0.014652 0.010011 0.006740 0.004472 0.002925 0.001885 0.001197 0.000750 0.000463 0.000281 0.000169 0.000100 0.000058 0.000033 0.000019 0.000011 0.000006 0.000003 0.000002 0.000001 0.000000 0.000000 0.000000 0.000000 0.000000 
0.000000 0.000000 0.000000 0.000000 0.000000 0.000001 0.000001 0.000002 0.000005 0.000009 0.000016 0.000028 0.000049 0.000085 0.000147 0.000248 0.000413 0.000679 0.001100 0.001756 0.002764 0.004286 0.006552 0.009869 0.014652 0.021435 0.030903 0.043904 0.061461 0.084781 0.115233 0.154322 0.203630 0.264732 0.339088 0.427907 0.532000 0.651610 0.786271 0.934666 1.094547 1.262699 1.434984 1.606465 1.771609 1.924567 2.059508 2.170985 2.254294 2.305810 2.323243 2.305810 2.254294 2.170985 2.059508 1.924567 1.771609 1.606465 1.434984 1.262699 1.094547 0.934666 0.786271 0.651610 0.532000 0.427907 0.339088 0.264732 0.203630 0.154322 0.115233 0.084781 0.061461 0.043904 0.030903 0.021435 0.014652 0.009869 0.006552 0.004286 0.002764 0.001756 0.001100 0.000679 0.000413 0.000248 0.000147 0.000085 0.000049 0.000028 0.000016 0.000009 0.000005 0.000002 0.000001 0.000001 0.000000 0.000000 0.000000 0.000000 
0.000000 0.000000 0.000000 0.000000 0.000001 0.000001 0.000002 0.000004 0.000007 0.000012 0.000023 0.000040 0.000071 0.000124 0.000213 0.000359 0.000598 0.000983 0.001591 0.002539 0.003993 0.006190 0.009457 0.014240 0.021132 0.030903 0.044536 0.063248 0.088511 0.122052 0.165837 0.222024 0.292877 0.380654 0.487441 0.614969 0.764390 0.936049 1.129266 1.342151 1.571472 1.812619 2.059658 2.305512 2.542254 2.761507 2.954919 3.114688 3.234082 3.307909 3.332892 3.307909 3.234082 3.114688 2.954919 2.761507 2.542254 2.305512 2.059658 1.812619 1.571472 1.342151 1.129266 0.936049 0.764390 0.614969 0.487441 0.380654 0.292877 0.222024 0.165837 0.122052 0.088511 0.063248 0.044536 0.030903 0.021132 0.014240 0.009457 0.006190 0.003993 0.002539 0.001591 0.000983 0.000598 0.000359 0.000213 0.000124 0.000071 0.000040 0.000023 0.000012 0.000007 0.000004 0.000002 0.000001 0.000001 0.000000 0.000000 0.000000 
0.000000 0.000000 0.000000 0.000000 0.000001 0.000001 0.000003 0.000005 0.000010 0.000018 0.000032 0.000058 0.000102 0.000177 0.000303 0.000513 0.000854 0.001401 0.002267 0.003616 0.005685 0.008808 0.013452 0.020247 0.030033 0.043904 0.063248 0.089790 0.125611 0.173154 0.235200 0.314794 0.415136 0.539410 0.690561 0.871025 1.082422 1.325228 1.598475 1.899479 2.223670 2.564526 2.913662 3.261082 3.595590 3.905358 4.178596 4.404292 4.572945 4.677228 4.712515 4.677228 4.572945 4.404292 4.178596 3.905358 3.595590 3.261082 2.913662 2.564526 2.223670 1.899479 1.598475 1.325228 1.082422 0.871025 0.690561 0.539410 0.415136 0.314794 0.235200 0.173154 0.125611 0.089790 0.063248 0.043904 0.030033 0.020247 0.013452 0.008808 0.005685 0.003616 0.002267 0.001401 0.000854 0.000513 0.000303 0.000177 0.000102 0.000058 0.000032 0.000018 0.000010 0.000005 0.000003 0.000001 0.000001 0.000000 0.000000 0.000000 
0.000000 0.000000 0.000000 0.000001 0.000001 0.000002 0.000004 0.000007 0.000014 0.000025 0.000046 0.000081 0.000144 0.000249 0.000427 0.000721 0.001200 0.001968 0.003183 0.005075 0.007974 0.012350 0.018853 0.028365 0.042059 0.061461 0.088511 0.125611 0.175664 0.242078 0.328723 0.439841 0.579886 0.753287 0.964139 1.215822 1.510580 1.849066 2.229914 2.649377 3.101080 3.575932 4.062256 4.546133 5.011979 5.443332 5.823790 6.138032 6.372842 6.518026 6.567154 6.518026 6.372842 6.138032 5.823790 5.443332 5.011979 4.546133 4.062256 3.575932 3.101080 2.649377 2.229914 1.849066 1.510580 1.215822 0.964139 0.753287 0.579886 0.439841 0.328723 0.242078 0.175664 0.125611 0.088511 0.061461 0.042059 0.028365 0.018853 0.012350 0.007974 0.005075 0.003183 0.001968 0.001200 0.000721 0.000427 0.000249 0.000144 0.000081 0.000046 0.000025 0.000014 0.000007 0.000004 0.000002 0.000001 0.000000 0.000000 0.000000 
0.000000 0.000000 0.000000 0.000001 0.000001 0.000003 0.000005 0.000010 0.000019 0.000035 0.000063 0.000113 0.000199 0.000346 0.000592 0.000998 0.001661 0.002724 0.004403 0.007016 0.011020 0.017062 0.026035 0.039155 0.058038 0.084781 0.122052 0.173154 0.242078 0.333501 0.452739 0.605615 0.798237 1.036677 1.326546 1.672473 2.077519 2.542562 3.065713 3.641811 4.262090 4.914069 5.581714 6.245925 6.885323 7.477328 7.999446 8.430669 8.752875 8.952093 9.019503 8.952093 8.752875 8.430669 7.999446 7.477328 6.885323 6.245925 5.581714 4.914069 4.262090 3.641811 3.065713 2.542562 2.077519 1.672473 1.326546 1.036677 0.798237 0.605615 0.452739 0.333501 0.242078 0.173154 0.122052 0.084781 0.058038 0.039155 0.026035 0.017062 0.011020 0.007016 0.004403 0.002724 0.001661 0.000998 0.000592 0.000346 0.000199 0.000113 0.000063 0.000035 0.000019 0.000010 0.000005 0.000003 0.000001 0.000001 0.000000 0.000000 
0.000000 0.000000 0.000000 0.000001 0.000002 0.000004 0.000007 0.000014 0.000026 0.000048 0.000087 0.000155 0.000272 0.000472 0.000808 0.001362 0.002265 0.003713 0.006000 0.009557 0.015006 0.023223 0.035424 0.053256 0.078911 0.115233 0.165837 0.235200 0.328723 0.452739 0.614442 0.821707 1.082792 1.405905 1.798621 2.267183 2.815714 3.445379 4.153599 4.933371 5.772822 6.655054 7.558378 8.456959 9.321891 10.122649 10.828829 11.412040 11.847793 12.117208 12.208371 12.117208 11.847793 11.412040 10.828829 10.122649 9.321891 8.456959 7.558378 6.655054 5.772822 4.933371 4.153599 3.445379 2.815714 2.267183 1.798621 1.405905 1.082792 0.821707 0.614442 0.452739 0.328723 0.235200 0.165837 0.115233 0.078911 0.053256 0.035424 0.023223 0.015006 0.009557 0.006000 0.003713 0.002265 0.001362 0.000808 0.000472 0.000272 0.000155 0.000087 0.000048 0.000026 0.000014 0.000007 0.000004 0.000002 0.000001 0.000000 0.000000 
0.000000 0.000000 0.000001 0.000001 0.000003 0.000005 0.000010 0.000019 0.000035 0.000064 0.000117 0.000208 0.000366 0.000635 0.001086 0.001831 0.003044 0.004987 0.008055 0.012826 0.020131 0.031143 0.047487 0.071368 0.105712 0.154322 0.222024 0.314794 0.439841 0.605615 0.821707 1.098615 1.447346 1.878828 2.403144 3.028598 3.760656 4.600846 5.545698 6.585853 7.705457 8.881972 10.086476 11.284533 12.437624 13.505081 14.446399 15.223763 15.804558 16.163640 16.285141 16.163640 15.804558 15.223763 14.446399 13.505081 12.437624 11.284533 10.086476 8.881972 7.705457 6.585853 5.545698 4.600846 3.760656 3.028598 2.403144 1.878828 1.447346 1.098615 0.821707 0.605615 0.439841 0.314794 0.222024 0.154322 0.105712 0.071368 0.047487 0.031143 0.020131 0.012826 0.008055 0.004987 0.003044 0.001831 0.001086 0.000635 0.000366 0.000208 0.000117 0.000064 0.000035 0.000019 0.000010 0.000005 0.000003 0.000001 0.000001 0.000000 
0.000000 0.000000 0.000001 0.000002 0.000004 0.000007 0.000013 0.000025 0.000047 0.000086 0.000155 0.000276 0.000486 0.000842 0.001439 0.002425 0.004029 0.006599 0.010655 0.016958 0.026606 0.041146 0.062719 0.094229 0.139531 0.203630 0.292877 0.415136 0.579886 0.798237 1.082792 1.447346 1.906350 2.474150 3.163972 3.986698 4.949480 6.054287 7.296525 8.663864 10.135449 11.681648 13.264460 14.838649 16.353627 17.755992 18.992569 20.013716 20.776622 21.248284 21.407877 21.248284 20.776622 20.013716 18.992569 17.755992 16.353627 14.838649 13.264460 11.681648 10.135449 8.663864 7.296525 6.054287 4.949480 3.986698 3.163972 2.474150 1.906350 1.447346 1.082792 0.798237 0.579886 0.415136 0.292877 0.203630 0.139531 0.094229 0.062719 0.041146 0.026606 0.016958 0.010655 0.006599 0.004029 0.002425 0.001439 0.000842 0.000486 0.000276 0.000155 0.000086 0.000047 0.000025 0.000013 0.000007 0.000004 0.000002 0.000001 0.000000 
0.000000 0.000000 0.000001 0.000002 0.000005 0.000009 0.000017 0.000033 0.000061 0.000112 0.000202 0.000361 0.000634 0.001099 0.001878 0.003163 0.005253 0.008601 0.013883 0.022089 0.034643 0.053558 0.081612 0.122576 0.181451 0.264732 0.380654 0.539410 0.753287 1.036677 1.405905 1.878828 2.474150 3.210427 4.104761 5.171207 6.418985 7.850601 9.460062 11.231363 13.137470 15.139995 17.189726 19.228104 21.189655 23.005273 24.606157 25.928083 26.915669 27.526223 27.732810 27.526223 26.915669 25.928083 24.606157 23.005273 21.189655 19.228104 17.189726 15.139995 13.137470 11.231363 9.460062 7.850601 6.418985 5.171207 4.104761 3.210427 2.474150 1.878828 1.405905 1.036677 0.753287 0.539410 0.380654 0.264732 0.181451 0.122576 0.081612 0.053558 0.034643 0.022089 0.013883 0.008601 0.005253 0.003163 0.001878 0.001099 0.000634 0.000361 0.000202 0.000112 0.000061 0.000033 0.000017 0.000009 0.000005 0.000002 0.000001 0.000000 
0.000000 0.000001 0.000001 0.000003 0.000006 0.000012 0.000022 0.000042 0.000079 0.000144 0.000261 0.000464 0.000816 0.001413 0.002414 0.004064 0.006748 0.011044 0.017820 0.028343 0.044439 0.068679 0.104623 0.157091 0.232479 0.339088 0.487441 0.690561 0.964139 1.326546 1.798621 2.403144 3.163972 4.104761 5.247300 6.609485 8.203030 10.031081 12.085938 14.347130 16.780122 19.335910 21.951692 24.552761 27.055606 29.372099 31.414508 33.100949 34.360817 35.139687 35.403223 35.139687 34.360817 33.100949 31.414508 29.372099 27.055606 24.552761 21.951692 19.335910 16.780122 14.347130 12.085938 10.031081 8.203030 6.609485 5.247300 4.104761 3.163972 2.403144 1.798621 1.326546 0.964139 0.690561 0.487441 0.339088 0.232479 0.157091 0.104623 0.068679 0.044439 0.028343 0.017820 0.011044 0.006748 0.004064 0.002414 0.001413 0.000816 0.000464 0.000261 0.000144 0.000079 0.000042 0.000022 0.000012 0.000006 0.000003 0.000001 0.000000 
0.000000 0.000001 0.000002 0.000004 0.000008 0.000015 0.000029 0.000054 0.000100 0.000183 0.000330 0.000589 0.001034 0.001790 0.003056 0.005144 0.008538 0.013969 0.022532 0.035827 0.056156 0.086763 0.132133 0.198342 0.293449 0.427907 0.614969 0.871025 1.215822 1.672473 2.267183 3.028598 3.986698 5.171207 6.609485 8.323985 10.329380 12.629566 15.214794 18.059267 21.119518 24.333896 27.623429 30.894195 34.041223 36.953758 39.521556 41.641732 43.225575 44.204713 44.536007 44.204713 43.225575 41.641732 39.521556 36.953758 34.041223 30.894195 27.623429 24.333896 21.119518 18.059267 15.214794 12.629566 10.329380 8.323985 6.609485 5.171207 3.986698 3.028598 2.267183 1.672473 1.215822 0.871025 0.614969 0.427907 0.293449 0.198342 0.132133 0.086763 0.056156 0.035827 0.022532 0.013969 0.008538 0.005144 0.003056 0.001790 0.001034 0.000589 0.000330 0.000183 0.000100 0.000054 0.000029 0.000015 0.000008 0.000004 0.000001 0.000000 
0.000000 0.000001 0.000002 0.000005 0.000010 0.000019 0.000036 0.000067 0.000125 0.000229 0.000413 0.000735 0.001290 0.002233 0.003811 0.006414 0.010641 0.017405 0.028066 0.044613 0.069907 0.107978 0.164398 0.246711 0.364920 0.532000 0.764390 1.082422 1.510580 2.077519 2.815714 3.760656 4.949480 6.418985 8.203030 10.329380 12.816152 15.668097 18.873066 22.399026 26.192066 30.175762 34.252251 38.305177 42.204515 45.813099 48.994408 51.621046 53.583179 54.796154 55.206562 54.796154 53.583179 51.621046 48.994408 45.813099 42.204515 38.305177 34.252251 30.175762 26.192066 22.399026 18.873066 15.668097 12.816152 10.329380 8.203030 6.418985 4.949480 3.760656 2.815714 2.077519 1.510580 1.082422 0.764390 0.532000 0.364920 0.246711 0.164398 0.107978 0.069907 0.044613 0.028066 0.017405 0.010641 0.006414 0.003811 0.002233 0.001290 0.000735 0.000413 0.000229 0.000125 0.000067 0.000036 0.000019 0.000010 0.000005 0.000002 0.000000 
0.000000 0.000001 0.000003 0.000006 0.000012 0.000023 0.000044 0.000083 0.000154 0.000281 0.000508 0.000903 0.001586 0.002744 0.004682 0.007876 0.013064 0.021362 0.034436 0.054723 0.085726 0.132379 0.201500 0.302317 0.447066 0.651610 0.936049 1.325228 1.849066 2.542562 3.445379 4.600846 6.054287 7.850601 10.031081 12.629566 15.668097 19.152396 23.067545 27.374359 32.006947 36.871963 41.849905 46.798723 51.559709 55.965457 59.849370 63.055999 65.451328 66.932075 67.433080 66.932075 65.451328 63.055999 59.849370 55.965457 51.559709 46.798723 41.849905 36.871963 32.006947 27.374359 23.067545 19.152396 15.668097 12.629566 10.031081 7.850601 6.054287 4.600846 3.445379 2.542562 1.849066 1.325228 0.936049 0.651610 0.447066 0.302317 0.201500 0.132379 0.085726 0.054723 0.034436 0.021362 0.013064 0.007876 0.004682 0.002744 0.001586 0.000903 0.000508 0.000281 0.000154 0.000083 0.000044 0.000023 0.000012 0.000006 0.000002 0.000000 
0.000000 0.000001 0.000004 0.000007 0.000014 0.000028 0.000053 0.000100 0.000186 0.000341 0.000615 0.001094 0.001920 0.003321 0.005665 0.009527 0.015797 0.025824 0.041619 0.066122 0.103558 0.159876 0.243298 0.364947 0.539567 0.786271 1.129266 1.598475 2.229914 3.065713 4.153599 5.545698 7.296525 9.460062 12.085938 15.214794 18.873066 23.067545 27.780192 32.963774 38.538951 44.393368 50.383236 56.337669 62.065774 67.366220 72.038667 75.896197 78.777675 80.558920 81.161592 80.558920 78.777675 75.896197 72.038667 67.366220 62.065774 56.337669 50.383236 44.393368 38.538951 32.963774 27.780192 23.067545 18.873066 15.214794 12.085938 9.460062 7.296525 5.545698 4.153599 3.065713 2.229914 1.598475 1.129266 0.786271 0.539567 0.364947 0.243298 0.159876 0.103558 0.066122 0.041619 0.025824 0.015797 0.009527 0.005665 0.003321 0.001920 0.001094 0.000615 0.000341 0.000186 0.000100 0.000053 0.000028 0.000014 0.000007 0.000003 0.000000 
0.000000 0.000002 0.000004 0.000009 0.000017 0.000033 0.000064 0.000120 0.000222 0.000407 0.000734 0.001305 0.002289 0.003959 0.006751 0.011350 0.018816 0.030751 0.049547 0.078700 0.123228 0.190203 0.289387 0.433992 0.641523 0.934666 1.342151 1.899479 2.649377 3.641811 4.933371 6.585853 8.663864 11.231363 14.347130 18.059267 22.399026 27.374359 32.963774 39.111187 45.722459 52.664343 59.766357 66.825930 73.616811 79.900402 85.439303 90.012030 93.427666 95.539079 96.253456 95.539079 93.427666 90.012030 85.439303 79.900402 73.616811 66.825930 59.766357 52.664343 45.722459 39.111187 32.963774 27.374359 22.399026 18.059267 14.347130 11.231363 8.663864 6.585853 4.933371 3.641811 2.649377 1.899479 1.342151 0.934666 0.641523 0.433992 0.289387 0.190203 0.123228 0.078700 0.049547 0.030751 0.018816 0.011350 0.006751 0.003959 0.002289 0.001305 0.000734 0.000407 0.000222 0.000120 0.000064 0.000033 0.000017 0.000008 0.000003 0.000000 
0.000000 0.000002 0.000005 0.000010 0.000020 0.000039 0.000075 0.000141 0.000261 0.000478 0.000862 0.001533 0.002688 0.004647 0.007923 0.013319 0.022074 0.036068 0.058101 0.092267 0.144442 0.222902 0.339072 0.508410 0.751390 1.094547 1.571472 2.223670 3.101080 4.262090 5.772822 7.705457 10.135449 13.137470 16.780122 21.119518 26.192066 32.006947 38.538951 45.722459 53.447422 61.558131 69.855419 78.102668 86.035640 93.375702 99.845644 105.186861 109.176443 111.642614 112.477014 111.642614 109.176443 105.186861 99.845644 93.375702 86.035640 78.102668 69.855419 61.558131 53.447422 45.722459 38.538951 32.006947 26.192066 21.119518 16.780122 13.137470 10.135449 7.705457 5.772822 4.262090 3.101080 2.223670 1.571472 1.094547 0.751390 0.508410 0.339072 0.222902 0.144442 0.092267 0.058101 0.036068 0.022074 0.013319 0.007923 0.004647 0.002688 0.001533 0.000862 0.000478 0.000261 0.000141 0.000075 0.000039 0.000020 0.000010 0.000004 0.000000 
0.000000 0.000002 0.000006 0.000012 0.000024 0.000046 0.000087 0.000163 0.000303 0.000553 0.000997 0.001773 0.003108 0.005374 0.009159 0.015393 0.025507 0.041669 0.067109 0.106551 0.166773 0.257317 0.391354 0.586703 0.866960 1.262699 1.812619 2.564526 3.575932 4.914069 6.655054 8.881972 11.681648 15.139995 19.335910 24.333896 30.175762 36.871963 44.393368 52.664343 61.558131 70.895450 80.447028 89.940531 99.071867 107.520411 114.967200 121.114692 125.706430 128.544789 129.505109 128.544789 125.706430 121.114692 114.967200 107.520411 99.071867 89.940531 80.447028 70.895450 61.558131 52.664343 44.393368 36.871963 30.175762 24.333896 19.335910 15.139995 11.681648 8.881972 6.655054 4.914069 3.575932 2.564526 1.812619 1.262699 0.866960 0.586703 0.391354 0.257317 0.166773 0.106551 0.067109 0.041669 0.025507 0.015393 0.009159 0.005374 0.003108 0.001773 0.000997 0.000553 0.000303 0.000163 0.000087 0.000045 0.000023 0.000011 0.000005 0.000000 
0.000000 0.000003 0.000007 0.000014 0.000027 0.000052 0.000099 0.000186 0.000345 0.000630 0.001136 0.002020 0.003541 0.006119 0.010428 0.017523 0.029029 0.047414 0.076349 0.121202 0.189672 0.292599 0.444946 0.666945 0.985389 1.434984 2.059658 2.913662 4.062256 5.581714 7.558378 10.086476 13.264460 17.189726 21.951692 27.623429 34.252251 41.849905 50.383236 59.766357 69.855419 80.447028 91.281136 102.048890 112.405460 121.987302 130.432776 137.404549 142.611879 145.830728 146.919775 145.830728 142.611879 137.404549 130.432776 121.987302 112.405460 102.048890 91.281136 80.447028 69.855419 59.766357 50.383236 41.849905 34.252251 27.623429 21.951692 17.189726 13.264460 10.086476 7.558378 5.581714 4.062256 2.913662 2.059658 1.434984 0.985389 0.666945 0.444946 0.292599 0.189672 0.121202 0.076349 0.047414 0.029029 0.017523 0.010428 0.006119 0.003541 0.002020 0.001136 0.000630 0.000345 0.000186 0.000099 0.000052 0.000027 0.000013 0.000005 0.000000 
