0.000000 0.000000 0.000000 0.000000 0.000000 0.000000 0.000000 0.000000 0.000000 0.000000 0.000000 0.000000 0.000000 0.000000 0.000000 0.000000 0.000000 0.000000 0.000000 0.000000 0.000000 0.000000 0.000000 0.000000 0.000000 0.000000 0.000000 0.000000 0.000000 0.000000 0.000000 0.000000 0.000000 0.000000 0.000000 0.000000 0.000000 0.000000 0.000000 0.000000 0.000000 0.000000 0.000000 0.000000 0.000000 0.000000 0.000000 0.000000 0.000000 0.000000 0.000000 0.000000 0.000000 0.000000 0.000000 0.000000 0.000000 0.000000 0.000000 0.000000 0.000000 0.000000 0.000000 0.000000 0.000000 0.000000 0.000000 0.000000 0.000000 0.000000 0.000000 0.000000 0.000000 0.000000 0.000000 0.000000 0.000000 0.000000 0.000000 0.000000 0.000000 0.000000 0.000000 0.000000 0.000000 0.000000 0.000000 0.000000 0.000000 0.000000 0.000000 0.000000 0.000000 0.000000 0.000000 0.000000 0.000000 0.000000 0.000000 0.000000 
0.000000 0.000000 0.000000 0.000000 0.000000 0.000000 0.000000 0.000000 0.000000 0.000000 0.000000 0.000000 0.000000 0.000000 0.000001 0.000001 0.000001 0.000002 0.000003 0.000004 0.000005 0.000007 0.000009 0.000012 0.000016 0.000021 0.000027 0.000034 0.000043 0.000054 0.000067 0.000082 0.000099 0.000119 0.000141 0.000166 0.000193 0.000222 0.000253 0.000286 0.000319 0.000352 0.000385 0.000416 0.000445 0.000472 0.000494 0.000513 0.000526 0.000535 0.000537 0.000535 0.000526 0.000513 0.000494 0.000472 0.000445 0.000416 0.000385 0.000352 0.000319 0.000286 0.000253 0.000222 0.000193 0.000166 0.000141 0.000119 0.000099 0.000082 0.000067 0.000054 0.000043 0.000034 0.000027 0.000021 0.000016 0.000012 0.000009 0.000007 0.000005 0.000004 0.000003 0.000002 0.000001 0.000001 0.000001 0.000000 0.000000 0.000000 0.000000 0.000000 0.000000 0.000000 0.000000 0.000000 0.000000 0.000000 0.000000 0.000000 
0.000000 0.000000 0.000000 0.000000 0.000000 0.000000 0.000000 0.000000 0.000000 0.000000 0.000000 0.000000 0.000001 0.000001 0.000001 0.000002 0.000003 0.000004 0.000006 0.000008 0.000011 0.000015 0.000020 0.000027 0.000035 0.000046 0.000059 0.000076 0.000096 0.000120 0.000148 0.000182 0.000220 0.000264 0.000314 0.000369 0.000430 0.000495 0.000564 0.000636 0.000709 0.000783 0.000856 0.000926 0.000991 0.001049 0.001100 0.001141 0.001171 0.001189 0.001196 0.001189 0.001171 0.001141 0.001100 0.001049 0.000991 0.000926 0.000856 0.000783 0.000709 0.000636 0.000564 0.000495 0.000430 0.000369 0.000314 0.000264 0.000220 0.000182 0.000148 0.000120 0.000096 0.000076 0.000059 0.000046 0.000035 0.000027 0.000020 0.000015 0.000011 0.000008 0.000006 0.000004 0.000003 0.000002 0.000001 0.000001 0.000001 0.000000 0.000000 0.000000 0.000000 0.000000 0.000000 0.000000 0.000000 0.000000 0.000000 0.000000 
0.000000 0.000000 0.000000 0.000000 0.000000 0.000000 0.000000 0.000000 0.000000 0.000000 0.000001 0.000001 0.000001 0.000002 0.000003 0.000004 0.000005 0.000007 0.000010 0.000014 0.000020 0.000027 0.000036 0.000047 0.000063 0.000082 0.000105 0.000134 0.000170 0.000212 0.000263 0.000322 0.000391 0.000469 0.000557 0.000655 0.000761 0.000877 0.000999 0.001126 0.001256 0.001387 0.001516 0.001640 0.001755 0.001858 0.001948 0.002020 0.002074 0.002107 0.002118 0.002107 0.002074 0.002020 0.001948 0.001858 0.001755 0.001640 0.001516 0.001387 0.001256 0.001126 0.000999 0.000877 0.000761 0.000655 0.000557 0.000469 0.000391 0.000322 0.000263 0.000212 0.000170 0.000134 0.000105 0.000082 0.000063 0.000047 0.000036 0.000027 0.000020 0.000014 0.000010 0.000007 0.000005 0.000004 0.000003 0.000002 0.000001 0.000001 0.000001 0.000000 0.000000 0.000000 0.000000 0.000000 0.000000 0.000000 0.000000 0.000000 
0.000000 0.000000 0.000000 0.000000 0.000000 0.000000 0.000000 0.000000 0.000000 0.000001 0.000001 0.000001 0.000002 0.000003 0.000004 0.000006 0.000009 0.000012 0.000017 0.000024 0.000032 0.000044 0.000059 0.000079 0.000103 0.000135 0.000174 0.000222 0.000281 0.000351 0.000434 0.000532 0.000645 0.000774 0.000919 0.001081 0.001257 0.001447 0.001648 0.001858 0.002073 0.002289 0.002501 0.002705 0.002895 0.003066 0.003213 0.003332 0.003421 0.003475 0.003493 0.003475 0.003421 0.003332 0.003213 0.003066 0.002895 0.002705 0.002501 0.002289 0.002073 0.001858 0.001648 0.001447 0.001257 0.001081 0.000919 0.000774 0.000645 0.000532 0.000434 0.000351 0.000281 0.000222 0.000174 0.000135 0.000103 0.000079 0.000059 0.000044 0.000032 0.000024 0.000017 0.000012 0.000009 0.000006 0.000004 0.000003 0.000002 0.000001 0.000001 0.000001 0.000000 0.000000 0.000000 0.000000 0.000000 0.000000 0.000000 0.000000 
0.000000 0.000000 0.000000 0.000000 0.000000 0.000000 0.000000 0.000000 0.000001 0.000001 0.000001 0.000002 0.000003 0.000005 0.000007 0.000010 0.000014 0.000020 0.000027 0.000038 0.000052 0.000071 0.000095 0.000126 0.000166 0.000216 0.000279 0.000356 0.000450 0.000563 0.000696 0.000853 0.001034 0.001240 0.001473 0.001730 0.002012 0.002316 0.002638 0.002974 0.003318 0.003663 0.004003 0.004328 0.004632 0.004905 0.005141 0.005332 0.005472 0.005559 0.005588 0.005559 0.005472 0.005332 0.005141 0.004905 0.004632 0.004328 0.004003 0.003663 0.003318 0.002974 0.002638 0.002316 0.002012 0.001730 0.001473 0.001240 0.001034 0.000853 0.000696 0.000563 0.000450 0.000356 0.000279 0.000216 0.000166 0.000126 0.000095 0.000071 0.000052 0.000038 0.000027 0.000020 0.000014 0.000010 0.000007 0.000005 0.000003 0.000002 0.000001 0.000001 0.000001 0.000000 0.000000 0.000000 0.000000 0.000000 0.000000 0.000000 
0.000000 0.000000 0.000000 0.000000 0.000000 0.000000 0.000000 0.000001 0.000001 0.000001 0.000002 0.000003 0.000005 0.000007 0.000011 0.000015 0.000022 0.000031 0.000043 0.000060 0.000082 0.000111 0.000150 0.000199 0.000262 0.000341 0.000440 0.000561 0.000709 0.000886 0.001097 0.001343 0.001628 0.001953 0.002318 0.002724 0.003167 0.003645 0.004152 0.004680 0.005220 0.005763 0.006296 0.006808 0.007285 0.007714 0.008085 0.008385 0.008606 0.008742 0.008787 0.008742 0.008606 0.008385 0.008085 0.007714 0.007285 0.006808 0.006296 0.005763 0.005220 0.004680 0.004152 0.003645 0.003167 0.002724 0.002318 0.001953 0.001628 0.001343 0.001097 0.000886 0.000709 0.000561 0.000440 0.000341 0.000262 0.000199 0.000150 0.000111 0.000082 0.000060 0.000043 0.000031 0.000022 0.000015 0.000011 0.000007 0.000005 0.000003 0.000002 0.000001 0.000001 0.000001 0.000000 0.000000 0.000000 0.000000 0.000000 0.000000 
0.000000 0.000000 0.000000 0.000000 0.000000 0.000000 0.000001 0.000001 0.000001 0.000002 0.000003 0.000005 0.000008 0.000011 0.000017 0.000024 0.000034 0.000048 0.000067 0.000093 0.000128 0.000174 0.000233 0.000310 0.000408 0.000531 0.000685 0.000874 0.001104 0.001379 0.001706 0.002089 0.002532 0.003037 0.003605 0.004235 0.004924 0.005666 0.006452 0.007272 0.008111 0.008954 0.009782 0.010576 0.011316 0.011982 0.012557 0.013023 0.013366 0.013577 0.013648 0.013577 0.013366 0.013023 0.012557 0.011982 0.011316 0.010576 0.009782 0.008954 0.008111 0.007272 0.006452 0.005666 0.004924 0.004235 0.003605 0.003037 0.002532 0.002089 0.001706 0.001379 0.001104 0.000874 0.000685 0.000531 0.000408 0.000310 0.000233 0.000174 0.000128 0.000093 0.000067 0.000048 0.000034 0.000024 0.000017 0.000011 0.000008 0.000005 0.000003 0.000002 0.000001 0.000001 0.000001 0.000000 0.000000 0.000000 0.000000 0.000000 
0.000000 0.000000 0.000000 0.000000 0.000000 0.000001 0.000001 0.000001 0.000002 0.000004 0.000005 0.000008 0.000012 0.000018 0.000026 0.000037 0.000053 0.000074 0.000104 0.000144 0.000197 0.000268 0.000359 0.000478 0.000629 0.000818 0.001055 0.001346 0.001699 0.002123 0.002626 0.003215 0.003896 0.004672 0.005544 0.006513 0.007571 0.008711 0.009919 0.011178 0.012467 0.013761 0.015033 0.016252 0.017388 0.018412 0.019294 0.020009 0.020536 0.020859 0.020968 0.020859 0.020536 0.020009 0.019294 0.018412 0.017388 0.016252 0.015033 0.013761 0.012467 0.011178 0.009919 0.008711 0.007571 0.006513 0.005544 0.004672 0.003896 0.003215 0.002626 0.002123 0.001699 0.001346 0.001055 0.000818 0.000629 0.000478 0.000359 0.000268 0.000197 0.000144 0.000104 0.000074 0.000053 0.000037 0.000026 0.000018 0.000012 0.000008 0.000005 0.000004 0.000002 0.000001 0.000001 0.000001 0.000000 0.000000 0.000000 0.000000 
0.000000 0.000000 0.000000 0.000000 0.000001 0.000001 0.000001 0.000002 0.000004 0.000005 0.000008 0.000012 0.000018 0.000027 0.000039 0.000056 0.000080 0.000114 0.000159 0.000220 0.000301 0.000409 0.000549 0.000729 0.000959 0.001248 0.001608 0.002051 0.002589 0.003235 0.004001 0.004897 0.005933 0.007113 0.008441 0.009914 0.011524 0.013257 0.015094 0.017008 0.018968 0.020935 0.022867 0.024720 0.026447 0.028003 0.029343 0.030430 0.031231 0.031722 0.031887 0.031722 0.031231 0.030430 0.029343 0.028003 0.026447 0.024720 0.022867 0.020935 0.018968 0.017008 0.015094 0.013257 0.011524 0.009914 0.008441 0.007113 0.005933 0.004897 0.004001 0.003235 0.002589 0.002051 0.001608 0.001248 0.000959 0.000729 0.000549 0.000409 0.000301 0.000220 0.000159 0.000114 0.000080 0.000056 0.000039 0.000027 0.000018 0.000012 0.000008 0.000005 0.000004 0.000002 0.000001 0.000001 0.000001 0.000000 0.000000 0.000000 
0.000000 0.000000 0.000000 0.000001 0.000001 0.000001 0.000002 0.000003 0.000005 0.000008 0.000012 0.000019 0.000028 0.000041 0.000059 0.000085 0.000122 0.000172 0.000240 0.000332 0.000455 0.000617 0.000829 0.001101 0.001448 0.001884 0.002427 0.003095 0.003907 0.004880 0.006034 0.007385 0.008945 0.010723 0.012723 0.014941 0.017365 0.019974 0.022740 0.025621 0.028570 0.031530 0.034438 0.037227 0.039825 0.042165 0.044182 0.045818 0.047022 0.047761 0.048009 0.047761 0.047022 0.045818 0.044182 0.042165 0.039825 0.037227 0.034438 0.031530 0.028570 0.025621 0.022740 0.019974 0.017365 0.014941 0.012723 0.010723 0.008945 0.007385 0.006034 0.004880 0.003907 0.003095 0.002427 0.001884 0.001448 0.001101 0.000829 0.000617 0.000455 0.000332 0.000240 0.000172 0.000122 0.000085 0.000059 0.000041 0.000028 0.000019 0.000012 0.000008 0.000005 0.000003 0.000002 0.000001 0.000001 0.000000 0.000000 0.000000 
0.000000 0.000000 0.000000 0.000001 0.000001 0.000002 0.000003 0.000005 0.000008 0.000012 0.000019 0.000028 0.000041 0.000061 0.000089 0.000128 0.000182 0.000257 0.000360 0.000497 0.000681 0.000923 0.001239 0.001646 0.002164 0.002816 0.003627 0.004624 0.005835 0.007289 0.009010 0.011025 0.013352 0.016004 0.018986 0.022293 0.025907 0.029797 0.033918 0.038213 0.042608 0.047019 0.051351 0.055505 0.059377 0.062863 0.065868 0.068303 0.070098 0.071198 0.071568 0.071198 0.070098 0.068303 0.065868 0.062863 0.059377 0.055505 0.051351 0.047019 0.042608 0.038213 0.033918 0.029797 0.025907 0.022293 0.018986 0.016004 0.013352 0.011025 0.009010 0.007289 0.005835 0.004624 0.003627 0.002816 0.002164 0.001646 0.001239 0.000923 0.000681 0.000497 0.000360 0.000257 0.000182 0.000128 0.000089 0.000061 0.000041 0.000028 0.000019 0.000012 0.000008 0.000005 0.000003 0.000002 0.000001 0.000001 0.000000 0.000000 
0.000000 0.000000 0.000001 0.000001 0.000002 0.000003 0.000005 0.000008 0.000012 0.000018 0.000028 0.000041 0.000062 0.000090 0.000132 0.000190 0.000270 0.000381 0.000533 0.000737 0.001009 0.001368 0.001835 0.002437 0.003203 0.004167 0.005366 0.006840 0.008630 0.010777 0.013321 0.016297 0.019733 0.023650 0.028053 0.032935 0.038269 0.044010 0.050093 0.056429 0.062914 0.069422 0.075814 0.081942 0.087652 0.092795 0.097226 0.100819 0.103466 0.105088 0.105634 0.105088 0.103466 0.100819 0.097226 0.092795 0.087652 0.081942 0.075814 0.069422 0.062914 0.056429 0.050093 0.044010 0.038269 0.032935 0.028053 0.023650 0.019733 0.016297 0.013321 0.010777 0.008630 0.006840 0.005366 0.004167 0.003203 0.002437 0.001835 0.001368 0.001009 0.000737 0.000533 0.000381 0.000270 0.000190 0.000132 0.000090 0.000062 0.000041 0.000028 0.000018 0.000012 0.000008 0.000005 0.000003 0.000002 0.000001 0.000000 0.000000 
0.000000 0.000000 0.000001 0.000002 0.000003 0.000005 0.000007 0.000011 0.000018 0.000027 0.000041 0.000061 0.000090 0.000133 0.000193 0.000278 0.000397 0.000560 0.000782 0.001081 0.001480 0.002005 0.002690 0.003571 0.004693 0.006104 0.007860 0.010017 0.012636 0.015777 0.019498 0.023850 0.028875 0.034601 0.041038 0.048173 0.055969 0.064359 0.073247 0.082506 0.091979 0.101486 0.110823 0.119773 0.128114 0.135624 0.142096 0.147342 0.151208 0.153576 0.154374 0.153576 0.151208 0.147342 0.142096 0.135624 0.128114 0.119773 0.110823 0.101486 0.091979 0.082506 0.073247 0.064359 0.055969 0.048173 0.041038 0.034601 0.028875 0.023850 0.019498 0.015777 0.012636 0.010017 0.007860 0.006104 0.004693 0.003571 0.002690 0.002005 0.001480 0.001081 0.000782 0.000560 0.000397 0.000278 0.000193 0.000133 0.000090 0.000061 0.000041 0.000027 0.000018 0.000011 0.000007 0.000005 0.000003 0.000002 0.000001 0.000000 
0.000000 0.000001 0.000001 0.000003 0.000004 0.000007 0.000011 0.000017 0.000026 0.000039 0.000059 0.000089 0.000132 0.000193 0.000281 0.000405 0.000577 0.000813 0.001136 0.001570 0.002149 0.002911 0.003904 0.005181 0.006808 0.008854 0.011398 0.014523 0.018318 0.022867 0.028256 0.034558 0.041833 0.050122 0.059439 0.069765 0.081046 0.093186 0.106044 0.119437 0.133141 0.146891 0.160395 0.173339 0.185400 0.196261 0.205618 0.213205 0.218794 0.222218 0.223371 0.222218 0.218794 0.213205 0.205618 0.196261 0.185400 0.173339 0.160395 0.146891 0.133141 0.119437 0.106044 0.093186 0.081046 0.069765 0.059439 0.050122 0.041833 0.034558 0.028256 0.022867 0.018318 0.014523 0.011398 0.008854 0.006808 0.005181 0.003904 0.002911 0.002149 0.001570 0.001136 0.000813 0.000577 0.000405 0.000281 0.000193 0.000132 0.000089 0.000059 0.000039 0.000026 0.000017 0.000011 0.000007 0.000004 0.000002 0.000001 0.000000 
0.000000 0.000001 0.000002 0.000004 0.000006 0.000010 0.000015 0.000024 0.000037 0.000056 0.000085 0.000128 0.000190 0.000278 0.000405 0.000582 0.000830 0.001170 0.001634 0.002258 0.003089 0.004184 0.005609 0.007443 0.009778 0.012714 0.016364 0.020848 0.026290 0.032814 0.040541 0.049575 0.060004 0.071884 0.085235 0.100031 0.116194 0.133584 0.152003 0.171186 0.190812 0.210503 0.229840 0.248375 0.265645 0.281194 0.294591 0.305452 0.313454 0.318356 0.320007 0.318356 0.313454 0.305452 0.294591 0.281194 0.265645 0.248375 0.229840 0.210503 0.190812 0.171186 0.152003 0.133584 0.116194 0.100031 0.085235 0.071884 0.060004 0.049575 0.040541 0.032814 0.026290 0.020848 0.016364 0.012714 0.009778 0.007443 0.005609 0.004184 0.003089 0.002258 0.001634 0.001170 0.000830 0.000582 0.000405 0.000278 0.000190 0.000128 0.000085 0.000056 0.000037 0.000024 0.000015 0.000010 0.000006 0.000003 0.000001 0.000000 
0.000000 0.000001 0.000003 0.000005 0.000009 0.000014 0.000022 0.000034 0.000053 0.000080 0.000122 0.000182 0.000270 0.000397 0.000577 0.000830 0.001182 0.001666 0.002326 0.003214 0.004396 0.005952 0.007978 0.010586 0.013903 0.018075 0.023260 0.029628 0.037355 0.046619 0.057587 0.070411 0.085211 0.102068 0.121011 0.142002 0.164929 0.189595 0.215716 0.242920 0.270749 0.298669 0.326085 0.352362 0.376844 0.398886 0.417877 0.433272 0.444615 0.451563 0.453903 0.451563 0.444615 0.433272 0.417877 0.398886 0.376844 0.352362 0.326085 0.298669 0.270749 0.242920 0.215716 0.189595 0.164929 0.142002 0.121011 0.102068 0.085211 0.070411 0.057587 0.046619 0.037355 0.029628 0.023260 0.018075 0.013903 0.010586 0.007978 0.005952 0.004396 0.003214 0.002326 0.001666 0.001182 0.000830 0.000577 0.000397 0.000270 0.000182 0.000122 0.000080 0.000053 0.000034 0.000022 0.000014 0.000008 0.000005 0.000002 0.000000 
0.000000 0.000002 0.000004 0.000007 0.000012 0.000020 0.000031 0.000048 0.000074 0.000114 0.000172 0.000257 0.000381 0.000560 0.000813 0.001170 0.001666 0.002349 0.003278 0.004528 0.006193 0.008384 0.011235 0.014904 0.019571 0.025439 0.032731 0.041685 0.052549 0.065571 0.080986 0.099006 0.119802 0.143485 0.170094 0.199577 0.231775 0.266413 0.303092 0.341287 0.380356 0.419551 0.458036 0.494920 0.529283 0.560219 0.586873 0.608478 0.624397 0.634147 0.637431 0.634147 0.624397 0.608478 0.586873 0.560219 0.529283 0.494920 0.458036 0.419551 0.380356 0.341287 0.303092 0.266413 0.231775 0.199577 0.170094 0.143485 0.119802 0.099006 0.080986 0.065571 0.052549 0.041685 0.032731 0.025439 0.019571 0.014904 0.011235 0.008384 0.006193 0.004528 0.003278 0.002349 0.001666 0.001170 0.000813 0.000560 0.000381 0.000257 0.000172 0.000114 0.000074 0.000048 0.000031 0.000019 0.000012 0.000007 0.000003 0.000000 
0.000000 0.000003 0.000006 0.000010 0.000017 0.000027 0.000043 0.000067 0.000104 0.000159 0.000240 0.000360 0.000533 0.000782 0.001136 0.001634 0.002326 0.003278 0.004573 0.006317 0.008637 0.011690 0.015663 0.020774 0.027274 0.035446 0.045598 0.058063 0.073184 0.091306 0.112756 0.137826 0.166754 0.199695 0.236702 0.277701 0.322471 0.370629 0.421619 0.474714 0.529019 0.583494 0.636981 0.688239 0.735991 0.778980 0.816017 0.846038 0.868156 0.881704 0.886267 0.881704 0.868156 0.846038 0.816017 0.778980 0.735991 0.688239 0.636981 0.583494 0.529019 0.474714 0.421619 0.370629 0.322471 0.277701 0.236702 0.199695 0.166754 0.137826 0.112756 0.091306 0.073184 0.058063 0.045598 0.035446 0.027274 0.020774 0.015663 0.011690 0.008637 0.006317 0.004573 0.003278 0.002326 0.001634 0.001136 0.000782 0.000533 0.000360 0.000240 0.000159 0.000104 0.000067 0.000043 0.000027 0.000016 0.000009 0.000004 0.000000 
0.000000 0.000004 0.000008 0.000014 0.000024 0.000038 0.000060 0.000093 0.000144 0.000220 0.000332 0.000497 0.000737 0.001081 0.001570 0.002258 0.003214 0.004528 0.006317 0.008723 0.011924 0.016137 0.021617 0.028666 0.037628 0.048893 0.062887 0.080066 0.100903 0.125870 0.155419 0.189951 0.229790 0.275151 0.326106 0.382551 0.444182 0.510470 0.580651 0.653723 0.728455 0.803416 0.877013 0.947538 1.013238 1.072381 1.123334 1.164634 1.195062 1.213699 1.219976 1.213699 1.195062 1.164634 1.123334 1.072381 1.013238 0.947538 0.877013 0.803416 0.728455 0.653723 0.580651 0.510470 0.444182 0.382551 0.326106 0.275151 0.229790 0.189951 0.155419 0.125870 0.100903 0.080066 0.062887 0.048893 0.037628 0.028666 0.021617 0.016137 0.011924 0.008723 0.006317 0.004528 0.003214 0.002258 0.001570 0.001081 0.000737 0.000497 0.000332 0.000220 0.000144 0.000093 0.000060 0.000037 0.000023 0.000013 0.000006 0.000000 
0.000000 0.000005 0.000011 0.000020 0.000032 0.000052 0.000082 0.000128 0.000197 0.000301 0.000455 0.000681 0.001009 0.001480 0.002149 0.003089 0.004396 0.006193 0.008637 0.011924 0.016298 0.022051 0.029534 0.039158 0.051392 0.066767 0.085863 0.109302 0.137727 0.171782 0.212080 0.259169 0.313489 0.375330 0.444789 0.521725 0.605721 0.696056 0.791688 0.891251 0.993069 1.095194 1.195452 1.291522 1.381016 1.461575 1.530974 1.587226 1.628668 1.654052 1.662601 1.654052 1.628668 1.587226 1.530974 1.461575 1.381016 1.291522 1.195452 1.095194 0.993069 0.891251 0.791688 0.696056 0.605721 0.521725 0.444789 0.375330 0.313489 0.259169 0.212080 0.171782 0.137727 0.109302 0.085863 0.066767 0.051392 0.039158 0.029534 0.022051 0.016298 0.011924 0.008637 0.006193 0.004396 0.003089 0.002149 0.001480 0.001009 0.000681 0.000455 0.000301 0.000197 0.000128 0.000082 0.000051 0.000031 0.000018 0.000008 0.000000 
0.000000 0.000007 0.000015 0.000027 0.000044 0.000071 0.000111 0.000174 0.000268 0.000409 0.000617 0.000923 0.001368 0.002005 0.002911 0.004184 0.005952 0.008384 0.011690 0.016137 0.022051 0.029830 0.039945 0.052952 0.069485 0.090258 0.116056 0.147715 0.186104 0.232090 0.286499 0.350069 0.423392 0.506858 0.600596 0.704414 0.817748 0.939625 1.068639 1.202944 1.340284 1.478027 1.613246 1.742810 1.863498 1.972134 2.065719 2.141571 2.197453 2.231680 2.243208 2.231680 2.197453 2.141571 2.065719 1.972134 1.863498 1.742810 1.613246 1.478027 1.340284 1.202944 1.068639 0.939625 0.817748 0.704414 0.600596 0.506858 0.423392 0.350069 0.286499 0.232090 0.186104 0.147715 0.116056 0.090258 0.069485 0.052952 0.039945 0.029830 0.022051 0.016137 0.011690 0.008384 0.005952 0.004184 0.002911 0.002005 0.001368 0.000923 0.000617 0.000408 0.000268 0.000173 0.000111 0.000070 0.000042 0.000024 0.000011 0.000000 
0.000000 0.000009 0.000020 0.000036 0.000059 0.000095 0.000150 0.000233 0.000359 0.000549 0.000829 0.001239 0.001835 0.002690 0.003904 0.005609 0.007978 0.011235 0.015663 0.021617 0.029534 0.039945 0.053483 0.070885 0.093003 0.120789 0.155289 0.197623 0.248949 0.310424 0.383150 0.468110 0.566093 0.677620 0.802859 0.941552 1.092944 1.255734 1.428042 1.607406 1.790808 1.974740 2.155291 2.328282 2.489416 2.634453 2.759392 2.860655 2.935257 2.980949 2.996338 2.980949 2.935257 2.860655 2.759392 2.634453 2.489416 2.328282 2.155291 1.974740 1.790808 1.607406 1.428042 1.255734 1.092944 0.941552 0.802859 0.677620 0.566093 0.468110 0.383150 0.310424 0.248949 0.197623 0.155289 0.120789 0.093003 0.070885 0.053483 0.039945 0.029534 0.021617 0.015663 0.011235 0.007978 0.005609 0.003904 0.002690 0.001835 0.001239 0.000829 0.000548 0.000359 0.000233 0.000149 0.000094 0.000057 0.000032 0.000015 0.000000 
0.000000 0.000012 0.000027 0.000047 0.000079 0.000126 0.000199 0.000310 0.000478 0.000729 0.001101 0.001646 0.002437 0.003571 0.005181 0.007443 0.010586 0.014904 0.020774 0.028666 0.039158 0.052952 0.070885 0.093936 0.123227 0.160019 0.205696 0.261735 0.329668 0.411025 0.507260 0.619670 0.749297 0.896826 1.062477 1.245905 1.446112 1.661375 1.889206 2.126350 2.368819 2.611972 2.850644 3.079312 3.292298 3.484001 3.649134 3.782971 3.881568 3.941957 3.962296 3.941957 3.881568 3.782971 3.649134 3.484001 3.292298 3.079312 2.850644 2.611972 2.368819 2.126350 1.889206 1.661375 1.446112 1.245905 1.062477 0.896826 0.749297 0.619670 0.507260 0.411025 0.329668 0.261735 0.205696 0.160019 0.123227 0.093936 0.070885 0.052952 0.039158 0.028666 0.020774 0.014904 0.010586 0.007443 0.005181 0.003571 0.002436 0.001646 0.001101 0.000729 0.000477 0.000309 0.000198 0.000124 0.000076 0.000043 0.000019 0.000000 
0.000000 0.000016 0.000035 0.000063 0.000103 0.000166 0.000262 0.000408 0.000629 0.000959 0.001448 0.002164 0.003203 0.004693 0.006808 0.009778 0.013903 0.019571 0.027274 0.037628 0.051392 0.069485 0.093003 0.123227 0.161627 0.209855 0.269720 0.343156 0.432169 0.538756 0.664820 0.812057 0.981827 1.175024 1.391931 1.632096 1.894206 2.176005 2.474236 2.784637 3.101987 3.420215 3.732564 4.031806 4.310516 4.561365 4.777442 4.952564 5.081573 5.160589 5.187200 5.160589 5.081573 4.952564 4.777442 4.561365 4.310516 4.031806 3.732564 3.420215 3.101987 2.784637 2.474236 2.176005 1.894206 1.632096 1.391931 1.175024 0.981827 0.812057 0.664820 0.538756 0.432169 0.343156 0.269720 0.209855 0.161627 0.123227 0.093003 0.069485 0.051392 0.037628 0.027274 0.019571 0.013903 0.009778 0.006808 0.004693 0.003203 0.002164 0.001447 0.000958 0.000628 0.000407 0.000261 0.000164 0.000100 0.000057 0.000026 0.000000 
0.000000 0.000021 0.000046 0.000082 0.000135 0.000216 0.000341 0.000531 0.000818 0.001248 0.001884 0.002816 0.004167 0.006104 0.008854 0.012714 0.018075 0.025439 0.035446 0.048893 0.066767 0.090258 0.120789 0.160019 0.209855 0.272435 0.350106 0.445373 0.560831 0.699070 0.862552 1.053469 1.273582 1.524044 1.805219 2.116515 2.456230 2.821434 3.207907 3.610125 4.021323 4.433637 4.838313 5.225991 5.587056 5.912018 6.191925 6.418775 6.585888 6.688241 6.722711 6.688241 6.585888 6.418775 6.191925 5.912018 5.587056 5.225991 4.838313 4.433637 4.021323 3.610125 3.207907 2.821434 2.456230 2.116515 1.805219 1.524044 1.273582 1.053469 0.862552 0.699070 0.560831 0.445373 0.350106 0.272435 0.209855 0.160019 0.120789 0.090258 0.066767 0.048893 0.035446 0.025439 0.018075 0.012714 0.008854 0.006104 0.004167 0.002816 0.001884 0.001248 0.000818 0.000530 0.000340 0.000214 0.000130 0.000074 0.000033 0.000000 
0.000000 0.000027 0.000059 0.000105 0.000174 0.000279 0.000440 0.000685 0.001055 0.001608 0.002427 0.003627 0.005366 0.007860 0.011398 0.016364 0.023260 0.032731 0.045598 0.062887 0.085863 0.116056 0.155289 0.205696 0.269720 0.350106 0.449863 0.572206 0.720461 0.897946 1.107819 1.352886 1.635403 1.956843 2.317668 2.717114 3.152991 3.621539 4.117341 4.633309 5.160768 5.689630 6.208670 6.705890 7.168959 7.585712 7.944675 8.235589 8.449894 8.581148 8.625351 8.581148 8.449894 8.235589 7.944675 7.585712 7.168959 6.705890 6.208670 5.689630 5.160768 4.633309 4.117341 3.621539 3.152991 2.717114 2.317668 1.956843 1.635403 1.352886 1.107819 0.897946 0.720461 0.572206 0.449863 0.350106 0.269720 0.205696 0.155289 0.116056 0.085863 0.062887 0.045598 0.032731 0.023260 0.016364 0.011398 0.007860 0.005366 0.003627 0.002427 0.001608 0.001054 0.000684 0.000438 0.000275 0.000168 0.000095 0.000043 0.000000 
0.000000 0.000034 0.000076 0.000134 0.000222 0.000356 0.000561 0.000874 0.001346 0.002051 0.003095 0.004624 0.006840 0.010017 0.014523 0.020848 0.029628 0.041685 0.058063 0.080066 0.109302 0.147715 0.197623 0.261735 0.343156 0.445373 0.572206 0.727736 0.916185 1.141765 1.408480 1.719892 2.078857 2.487241 2.945625 3.453031 4.006674 4.601774 5.231447 5.886693 6.556494 7.228044 7.887092 8.518409 9.106343 9.635458 10.091191 10.460522 10.732589 10.899219 10.955336 10.899219 10.732589 10.460522 10.091191 9.635458 9.106343 8.518409 7.887092 7.228044 6.556494 5.886693 5.231447 4.601774 4.006674 3.453031 2.945625 2.487241 2.078857 1.719892 1.408480 1.141765 0.916185 0.727736 0.572206 0.445373 0.343156 0.261735 0.197623 0.147715 0.109302 0.080066 0.058063 0.041685 0.029628 0.020848 0.014523 0.010017 0.006840 0.004624 0.003095 0.002051 0.001345 0.000872 0.000559 0.000352 0.000214 0.000122 0.000055 0.000000 
0.000000 0.000043 0.000096 0.000170 0.000281 0.000450 0.000709 0.001104 0.001699 0.002589 0.003907 0.005835 0.008630 0.012636 0.018318 0.026290 0.037355 0.052549 0.073184 0.100903 0.137727 0.186104 0.248949 0.329668 0.432169 0.560831 0.720461 0.916185 1.153310 1.437127 1.772665 2.164396 2.615905 3.129529 3.705991 4.344055 5.040211 5.788446 6.580102 7.403861 8.245876 9.090048 9.918469 10.712002 11.450981 12.116009 12.688793 13.152974 13.494907 13.704326 13.774852 13.704326 13.494907 13.152974 12.688793 12.116009 11.450981 10.712002 9.918469 9.090048 8.245876 7.403861 6.580102 5.788446 5.040211 4.344055 3.705991 3.129529 2.615905 2.164396 1.772665 1.437127 1.153310 0.916185 0.720461 0.560831 0.432169 0.329668 0.248949 0.186104 0.137727 0.100903 0.073184 0.052549 0.037355 0.026290 0.018318 0.012636 0.008630 0.005835 0.003906 0.002589 0.001698 0.001102 0.000706 0.000444 0.000271 0.000154 0.000069 0.000000 
0.000000 0.000054 0.000120 0.000212 0.000351 0.000563 0.000886 0.001379 0.002123 0.003235 0.004880 0.007289 0.010777 0.015777 0.022867 0.032814 0.046619 0.065571 0.091306 0.125870 0.171782 0.232090 0.310424 0.411025 0.538756 0.699070 0.897946 1.141765 1.437127 1.790613 2.208476 2.696276 3.258464 3.897941 4.615598 5.409886 6.276432 7.207744 8.193042 9.218240 10.266104 11.316606 12.347465 13.334874 14.254371 15.081830 15.794497 16.372029 16.797455 17.058006 17.145753 17.058006 16.797455 16.372029 15.794497 15.081830 14.254371 13.334874 12.347465 11.316606 10.266104 9.218240 8.193042 7.207744 6.276432 5.409886 4.615598 3.897941 3.258464 2.696276 2.208476 1.790613 1.437127 1.141765 0.897946 0.699070 0.538756 0.411025 0.310424 0.232090 0.171782 0.125870 0.091306 0.065571 0.046619 0.032814 0.022867 0.015777 0.010777 0.007288 0.004880 0.003235 0.002122 0.001377 0.000882 0.000555 0.000339 0.000192 0.000087 0.000000 
0.000000 0.000067 0.000148 0.000263 0.000434 0.000696 0.001097 0.001706 0.002626 0.004001 0.006034 0.009010 0.013321 0.019498 0.028256 0.040541 0.057587 0.080986 0.112756 0.155419 0.212080 0.286499 0.383150 0.507260 0.664820 0.862552 1.107819 1.408480 1.772665 2.208476 2.723610 3.324909 4.017848 4.805989 5.690420 6.669222 7.736997 8.884509 10.098471 11.361526 12.652445 13.946557 15.216421 16.432718 17.565327 18.584539 19.462340 20.173680 20.697665 21.018576 21.126650 21.018576 20.697665 20.173680 19.462340 18.584539 17.565327 16.432718 15.216421 13.946557 12.652445 11.361526 10.098471 8.884509 7.736997 6.669222 5.690420 4.805989 4.017848 3.324909 2.723610 2.208476 1.772665 1.408480 1.107819 0.862552 0.664820 0.507260 0.383150 0.286499 0.212080 0.155419 0.112756 0.080986 0.057587 0.040541 0.028256 0.019498 0.013321 0.009010 0.006034 0.004000 0.002625 0.001703 0.001092 0.000687 0.000419 0.000238 0.000107 0.000000 
0.000000 0.000082 0.000182 0.000322 0.000532 0.000853 0.001343 0.002089 0.003215 0.004897 0.007385 0.011025 0.016297 0.023850 0.034558 0.049575 0.070411 0.099006 0.137826 0.189951 0.259169 0.350069 0.468110 0.619670 0.812057 1.053469 1.352886 1.719892 2.164396 2.696276 3.324909 4.058631 4.904108 5.865672 6.944639 8.138656 9.441127 10.840780 12.321404 13.861830 15.436166 17.014331 18.562868 20.046033 21.427108 22.669879 23.740198 24.607534 25.246421 25.637700 25.769471 25.637700 25.246421 24.607534 23.740198 22.669879 21.427108 20.046033 18.562868 17.014331 15.436166 13.861830 12.321404 10.840780 9.441127 8.138656 6.944639 5.865672 4.904108 4.058631 3.324909 2.696276 2.164396 1.719892 1.352886 1.053469 0.812057 0.619670 0.468110 0.350069 0.259169 0.189951 0.137826 0.099006 0.070411 0.049575 0.034558 0.023850 0.016297 0.011025 0.007384 0.004896 0.003213 0.002086 0.001337 0.000842 0.000514 0.000292 0.000132 0.000000 
0.000000 0.000099 0.000220 0.000391 0.000645 0.001034 0.001628 0.002532 0.003896 0.005933 0.008945 0.013352 0.019733 0.028875 0.041833 0.060004 0.085211 0.119802 0.166754 0.229790 0.313489 0.423392 0.566093 0.749297 0.981827 1.273582 1.635403 2.078857 2.615905 3.258464 4.017848 4.904108 5.925281 7.086583 8.389587 9.831439 11.404166 13.094145 14.881800 16.741569 18.642197 20.547372 22.416714 24.207084 25.874173 27.374280 28.666200 29.713096 30.484239 30.956512 31.115559 30.956512 30.484239 29.713096 28.666200 27.374280 25.874173 24.207084 22.416714 20.547372 18.642197 16.741569 14.881800 13.094145 11.404166 9.831439 8.389587 7.086583 5.925281 4.904108 4.017848 3.258464 2.615905 2.078857 1.635403 1.273582 0.981827 0.749297 0.566093 0.423392 0.313489 0.229790 0.166754 0.119802 0.085211 0.060004 0.041833 0.028875 0.019733 0.013352 0.008944 0.005931 0.003893 0.002527 0.001620 0.001020 0.000623 0.000354 0.000160 0.000000 
0.000000 0.000119 0.000264 0.000469 0.000774 0.001240 0.001953 0.003037 0.004672 0.007113 0.010723 0.016004 0.023650 0.034601 0.050122 0.071884 0.102068 0.143485 0.199695 0.275151 0.375330 0.506858 0.677620 0.896826 1.175024 1.524044 1.956843 2.487241 3.129529 3.897941 4.805989 5.865672 7.086583 8.474938 10.032603 11.756149 13.636034 15.655966 17.792542 20.015207 22.286611 24.563364 26.797220 28.936643 30.928696 32.721179 34.264869 35.515766 36.437165 37.001456 37.191491 37.001456 36.437165 35.515766 34.264869 32.721179 30.928696 28.936643 26.797220 24.563364 22.286611 20.015207 17.792542 15.655966 13.636034 11.756149 10.032603 8.474938 7.086583 5.865672 4.805989 3.897941 3.129529 2.487241 1.956843 1.524044 1.175024 0.896826 0.677620 0.506858 0.375330 0.275151 0.199695 0.143485 0.102068 0.071884 0.050122 0.034601 0.023649 0.016004 0.010722 0.007112 0.004668 0.003031 0.001943 0.001224 0.000748 0.000425 0.000192 0.000000 
0.000000 0.000141 0.000314 0.000557 0.000919 0.001473 0.002318 0.003605 0.005544 0.008441 0.012723 0.018986 0.028053 0.041038 0.059439 0.085235 0.121011 0.170094 0.236702 0.326106 0.444789 0.600596 0.802859 1.062477 1.391931 1.805219 2.317668 2.945625 3.705991 4.615598 5.690420 6.944639 8.389587 10.032603 11.875874 13.915328 16.139657 18.529578 21.057392 23.686949 26.374064 29.067412 31.709931 34.240668 36.597025 38.717268 40.543195 42.022775 43.112610 43.780050 44.004822 43.780050 43.112610 42.022775 40.543195 38.717268 36.597025 34.240668 31.709931 29.067412 26.374064 23.686949 21.057392 18.529578 16.139657 13.915328 11.875874 10.032603 8.389587 6.944639 5.690420 4.615598 3.705991 2.945625 2.317668 1.805219 1.391931 1.062477 0.802859 0.600596 0.444789 0.326106 0.236702 0.170094 0.121011 0.085235 0.059439 0.041038 0.028053 0.018986 0.012722 0.008439 0.005541 0.003598 0.002307 0.001454 0.000888 0.000504 0.000228 0.000000 
0.000000 0.000166 0.000369 0.000655 0.001081 0.001730 0.002724 0.004235 0.006513 0.009914 0.014941 0.022293 0.032935 0.048173 0.069765 0.100031 0.142002 0.199577 0.277701 0.382551 0.521725 0.704414 0.941552 1.245905 1.632096 2.116515 2.717114 3.453031 4.344055 5.409886 6.669222 8.138656 9.831439 11.756149 13.915328 16.304185 18.909463 21.708562 24.669037 27.748548 30.895351 34.049349 37.143733 40.107144 42.866295 45.348924 47.486897 49.219310 50.495365 51.276846 51.540022 51.276846 50.495365 49.219310 47.486897 45.348924 42.866295 40.107144 37.143733 34.049349 30.895351 27.748548 24.669037 21.708562 18.909463 16.304185 13.915328 11.756149 9.831439 8.138656 6.669222 5.409886 4.344055 3.453031 2.717114 2.116515 1.632096 1.245905 0.941552 0.704414 0.521725 0.382551 0.277701 0.199577 0.142002 0.100031 0.069765 0.048173 0.032934 0.022292 0.014939 0.009911 0.006508 0.004227 0.002711 0.001708 0.001043 0.000593 0.000267 0.000000 
0.000000 0.000193 0.000430 0.000761 0.001257 0.002012 0.003167 0.004924 0.007571 0.011524 0.017365 0.025907 0.038269 0.055969 0.081046 0.116194 0.164929 0.231775 0.322471 0.444182 0.605721 0.817748 1.092944 1.446112 1.894206 2.456230 3.152991 4.006674 5.040211 6.276432 7.736997 9.441127 11.404166 13.636034 16.139657 18.909463 21.930062 25.175240 28.607374 32.177377 35.825265 39.481383 43.068295 46.503302 49.701475 52.579073 55.057145 57.065118 58.544130 59.449900 59.754931 59.449900 58.544130 57.065118 55.057145 52.579073 49.701475 46.503302 43.068295 39.481383 35.825265 32.177377 28.607374 25.175240 21.930062 18.909463 16.139657 13.636034 11.404166 9.441127 7.736997 6.276432 5.040211 4.006674 3.152991 2.456230 1.894206 1.446112 1.092944 0.817748 0.605721 0.444182 0.322471 0.231775 0.164929 0.116193 0.081046 0.055969 0.038268 0.025906 0.017363 0.011521 0.007566 0.004915 0.003152 0.001987 0.001213 0.000689 0.000311 0.000000 
0.000000 0.000222 0.000495 0.000877 0.001447 0.002316 0.003645 0.005666 0.008711 0.013257 0.019974 0.029797 0.044010 0.064359 0.093186 0.133584 0.189595 0.266413 0.370629 0.510470 0.696056 0.939625 1.255734 1.661375 2.176005 2.821434 3.621539 4.601774 5.788446 7.207744 8.884509 10.840780 13.094145 15.655966 18.529578 21.708562 25.175240 28.899514 32.838197 36.934955 41.120958 45.316284 49.432091 53.373504 57.043095 60.344799 63.188054 65.491907 67.188840 68.228063 68.578035 68.228063 67.188840 65.491907 63.188054 60.344799 57.043095 53.373504 49.432091 45.316284 41.120958 36.934955 32.838197 28.899514 25.175240 21.708562 18.529578 15.655966 13.094145 10.840780 8.884509 7.207744 5.788446 4.601774 3.621539 2.821434 2.176005 1.661375 1.255734 0.939625 0.696056 0.510470 0.370629 0.266413 0.189595 0.133584 0.093185 0.064359 0.044009 0.029796 0.019972 0.013254 0.008705 0.005655 0.003628 0.002286 0.001397 0.000794 0.000358 0.000000 
0.000000 0.000253 0.000564 0.000999 0.001648 0.002638 0.004152 0.006452 0.009919 0.015094 0.022740 0.033918 0.050093 0.073247 0.106044 0.152003 0.215716 0.303092 0.421619 0.580651 0.791688 1.068639 1.428042 1.889206 2.474236 3.207907 4.117341 5.231447 6.580102 8.193042 10.098471 12.321404 14.881800 17.792542 21.057392 24.669037 28.607374 32.838197 37.312435 41.966096 46.720993 51.486353 56.161278 60.638022 64.805947 68.555966 71.785244 74.401857 76.329143 77.509430 77.906907 77.509430 76.329143 74.401857 71.785244 68.555966 64.805947 60.638022 56.161278 51.486353 46.720993 41.966096 37.312435 32.838197 28.607374 24.669037 21.057392 17.792542 14.881800 12.321404 10.098471 8.193042 6.580102 5.231447 4.117341 3.207907 2.474236 1.889206 1.428042 1.068639 0.791688 0.580651 0.421619 0.303092 0.215716 0.152003 0.106044 0.073247 0.050092 0.033917 0.022737 0.015090 0.009912 0.006440 0.004132 0.002604 0.001591 0.000904 0.000408 0.000000 
0.000000 0.000286 0.000636 0.001126 0.001858 0.002974 0.004680 0.007272 0.011178 0.017008 0.025621 0.038213 0.056429 0.082506 0.119437 0.171186 0.242920 0.341287 0.474714 0.653723 0.891251 1.202944 1.607406 2.126350 2.784637 3.610125 4.633309 5.886693 7.403861 9.218240 11.361526 13.861830 16.741569 20.015207 23.686949 27.748548 32.177377 36.934955 41.966096 47.198836 52.545267 57.903331 63.159596 68.192937 72.878983 77.095110 80.725726 83.667506 85.834280 87.161226 87.608090 87.161226 85.834280 83.667506 80.725726 77.095110 72.878983 68.192937 63.159596 57.903331 52.545267 47.198836 41.966096 36.934955 32.177377 27.748548 23.686949 20.015207 16.741569 13.861830 11.361526 9.218240 7.403861 5.886693 4.633309 3.610125 2.784637 2.126350 1.607406 1.202944 0.891251 0.653723 0.474714 0.341287 0.242920 0.171186 0.119437 0.082505 0.056429 0.038211 0.025619 0.017004 0.011171 0.007259 0.004657 0.002936 0.001794 0.001019 0.000460 0.000000 
0.000000 0.000319 0.000709 0.001256 0.002073 0.003318 0.005220 0.008111 0.012467 0.018968 0.028570 0.042608 0.062914 0.091979 0.133141 0.190812 0.270749 0.380356 0.529019 0.728455 0.993069 1.340284 1.790808 2.368819 3.101987 4.021323 5.160768 6.556494 8.245876 10.266104 12.652445 15.436166 18.642197 22.286611 26.374064 30.895351 35.825265 41.120958 46.720993 52.545267 58.495937 64.459422 70.309487 75.911345 81.126598 85.818801 89.859331 93.133224 95.544601 97.021335 97.518642 97.021335 95.544601 93.133224 89.859331 85.818801 81.126598 75.911345 70.309487 64.459422 58.495937 52.545267 46.720993 41.120958 35.825265 30.895351 26.374064 22.286611 18.642197 15.436166 12.652445 10.266104 8.245876 6.556494 5.160768 4.021323 3.101987 2.368819 1.790808 1.340283 0.993069 0.728455 0.529019 0.380356 0.270749 0.190811 0.133140 0.091979 0.062913 0.042606 0.028567 0.018963 0.012459 0.008096 0.005195 0.003275 0.002001 0.001137 0.000513 0.000000 
0.000000 0.000352 0.000783 0.001387 0.002289 0.003663 0.005763 0.008954 0.013761 0.020935 0.031530 0.047019 0.069422 0.101486 0.146891 0.210503 0.298669 0.419551 0.583494 0.803416 1.095194 1.478027 1.974740 2.611972 3.420215 4.433637 5.689630 7.228044 9.090048 11.316606 13.946557 17.014331 20.547372 24.563364 29.067412 34.049349 39.481383 45.316284 51.486353 57.903331 64.459422 71.029497 77.474500 83.645953 89.391409 94.560577 99.011785 102.618406 105.274836 106.901635 107.449477 106.901635 105.274836 102.618406 99.011785 94.560577 89.391409 83.645953 77.474500 71.029497 64.459422 57.903331 51.486353 45.316284 39.481383 34.049349 29.067412 24.563364 20.547372 17.014331 13.946557 11.316606 9.090048 7.228044 5.689630 4.433637 3.420215 2.611972 1.974740 1.478027 1.095194 0.803416 0.583494 0.419551 0.298669 0.210503 0.146890 0.101485 0.069421 0.047017 0.031527 0.020929 0.013752 0.008937 0.005735 0.003616 0.002210 0.001256 0.000567 0.000000 
0.000000 0.000385 0.000856 0.001516 0.002501 0.004003 0.006296 0.009782 0.015033 0.022867 0.034438 0.051351 0.075814 0.110823 0.160395 0.229840 0.326085 0.458036 0.636981 0.877013 1.195452 1.613246 2.155291 2.850644 3.732564 4.838313 6.208670 7.887092 9.918469 12.347465 15.216421 18.562868 22.416714 26.797220 31.709931 37.143733 43.068295 49.432091 56.161278 63.159596 70.309487 77.474500 84.502999 91.233085 97.498535 103.135478 107.989446 111.922377 114.819133 116.593101 117.190503 116.593101 114.819133 111.922377 107.989446 103.135478 97.498535 91.233085 84.502999 77.474500 70.309487 63.159596 56.161278 49.432091 43.068295 37.143733 31.709931 26.797220 22.416714 18.562868 15.216421 12.347465 9.918469 7.887092 6.208670 4.838313 3.732564 2.850644 2.155291 1.613246 1.195452 0.877013 0.636981 0.458036 0.326085 0.229840 0.160394 0.110822 0.075813 0.051350 0.034435 0.022861 0.015022 0.009764 0.006266 0.003951 0.002415 0.001372 0.000619 0.000000 
