0.000000 0.000000 0.000000 0.000000 0.000000 0.000000 0.000000 0.000000 0.000000 0.000000 0.000000 0.000000 0.000000 0.000000 0.000000 0.000000 0.000000 0.000000 0.000000 0.000000 0.000000 0.000000 0.000000 0.000000 0.000000 0.000000 0.000000 0.000000 0.000000 0.000000 0.000000 0.000000 0.000000 0.000000 0.000000 0.000000 0.000000 0.000000 0.000000 0.000000 0.000000 0.000000 0.000000 0.000000 0.000000 0.000000 0.000000 0.000000 0.000000 0.000000 0.000000 0.000000 0.000000 0.000000 0.000000 0.000000 0.000000 0.000000 0.000000 0.000000 0.000000 0.000000 0.000000 0.000000 0.000000 0.000000 0.000000 0.000000 0.000000 0.000000 0.000000 0.000000 0.000000 0.000000 0.000000 0.000000 0.000000 0.000000 0.000000 0.000000 0.000000 0.000000 0.000000 0.000000 0.000000 0.000000 0.000000 0.000000 0.000000 0.000000 0.000000 0.000000 0.000000 0.000000 0.000000 0.000000 0.000000 0.000000 0.000000 0.000000 
0.000000 0.000000 0.000000 0.000000 0.000000 0.000001 0.000001 0.000001 0.000002 0.000002 0.000003 0.000005 0.000007 0.000009 0.000012 0.000017 0.000022 0.000030 0.000039 0.000051 0.000067 0.000086 0.000110 0.000139 0.000174 0.000217 0.000267 0.000327 0.000396 0.000476 0.000568 0.000671 0.000786 0.000913 0.001052 0.001202 0.001361 0.001528 0.001701 0.001878 0.002055 0.002230 0.002398 0.002558 0.002705 0.002836 0.002947 0.003037 0.003103 0.003143 0.003157 0.003143 0.003103 0.003037 0.002947 0.002836 0.002705 0.002558 0.002398 0.002230 0.002055 0.001878 0.001701 0.001528 0.001361 0.001202 0.001052 0.000913 0.000786 0.000671 0.000568 0.000476 0.000396 0.000327 0.000267 0.000217 0.000174 0.000139 0.000110 0.000086 0.000067 0.000051 0.000039 0.000030 0.000022 0.000017 0.000012 0.000009 0.000007 0.000005 0.000003 0.000002 0.000002 0.000001 0.000001 0.000001 0.000000 0.000000 0.000000 0.000000 
0.000000 0.000000 0.000000 0.000001 0.000001 0.000001 0.000002 0.000003 0.000004 0.000005 0.000007 0.000010 0.000014 0.000019 0.000026 0.000036 0.000048 0.000064 0.000085 0.000111 0.000144 0.000185 0.000236 0.000299 0.000375 0.000466 0.000575 0.000703 0.000852 0.001024 0.001221 0.001443 0.001691 0.001965 0.002264 0.002586 0.002928 0.003287 0.003660 0.004039 0.004420 0.004796 0.005158 0.005501 0.005817 0.006098 0.006339 0.006532 0.006674 0.006760 0.006789 0.006760 0.006674 0.006532 0.006339 0.006098 0.005817 0.005501 0.005158 0.004796 0.004420 0.004039 0.003660 0.003287 0.002928 0.002586 0.002264 0.001965 0.001691 0.001443 0.001221 0.001024 0.000852 0.000703 0.000575 0.000466 0.000375 0.000299 0.000236 0.000185 0.000144 0.000111 0.000085 0.000064 0.000048 0.000036 0.000026 0.000019 0.000014 0.000010 0.000007 0.000005 0.000004 0.000002 0.000002 0.000001 0.000001 0.000000 0.000000 0.000000 
0.000000 0.000000 0.000001 0.000001 0.000001 0.000002 0.000003 0.000004 0.000006 0.000009 0.000012 0.000017 0.000024 0.000033 0.000045 0.000060 0.000081 0.000108 0.000143 0.000187 0.000242 0.000312 0.000398 0.000503 0.000631 0.000785 0.000968 0.001184 0.001435 0.001725 0.002057 0.002430 0.002848 0.003309 0.003811 0.004353 0.004929 0.005534 0.006161 0.006799 0.007440 0.008072 0.008683 0.009260 0.009791 0.010264 0.010668 0.010994 0.011232 0.011378 0.011426 0.011378 0.011232 0.010994 0.010668 0.010264 0.009791 0.009260 0.008683 0.008072 0.007440 0.006799 0.006161 0.005534 0.004929 0.004353 0.003811 0.003309 0.002848 0.002430 0.002057 0.001725 0.001435 0.001184 0.000968 0.000785 0.000631 0.000503 0.000398 0.000312 0.000242 0.000187 0.000143 0.000108 0.000081 0.000060 0.000045 0.000033 0.000024 0.000017 0.000012 0.000009 0.000006 0.000004 0.000003 0.000002 0.000001 0.000001 0.000000 0.000000 
0.000000 0.000000 0.000001 0.000001 0.000002 0.000003 0.000005 0.000007 0.000009 0.000013 0.000019 0.000027 0.000037 0.000051 0.000069 0.000094 0.000126 0.000168 0.000221 0.000290 0.000376 0.000484 0.000617 0.000781 0.000979 0.001218 0.001502 0.001837 0.002227 0.002677 0.003190 0.003770 0.004417 0.005131 0.005911 0.006750 0.007643 0.008581 0.009551 0.010541 0.011534 0.012513 0.013459 0.014353 0.015176 0.015909 0.016535 0.017039 0.017409 0.017634 0.017710 0.017634 0.017409 0.017039 0.016535 0.015909 0.015176 0.014353 0.013459 0.012513 0.011534 0.010541 0.009551 0.008581 0.007643 0.006750 0.005911 0.005131 0.004417 0.003770 0.003190 0.002677 0.002227 0.001837 0.001502 0.001218 0.000979 0.000781 0.000617 0.000484 0.000376 0.000290 0.000221 0.000168 0.000126 0.000094 0.000069 0.000051 0.000037 0.000027 0.000019 0.000013 0.000009 0.000007 0.000004 0.000003 0.000002 0.000001 0.000001 0.000000 
0.000000 0.000001 0.000001 0.000002 0.000003 0.000005 0.000007 0.000010 0.000014 0.000020 0.000029 0.000040 0.000055 0.000076 0.000104 0.000141 0.000189 0.000251 0.000332 0.000434 0.000563 0.000724 0.000924 0.001169 0.001466 0.001823 0.002247 0.002747 0.003330 0.004003 0.004771 0.005637 0.006604 0.007672 0.008836 0.010090 0.011424 0.012825 0.014275 0.015753 0.017236 0.018698 0.020111 0.021447 0.022675 0.023770 0.024705 0.025458 0.026009 0.026346 0.026459 0.026346 0.026009 0.025458 0.024705 0.023770 0.022675 0.021447 0.020111 0.018698 0.017236 0.015753 0.014275 0.012825 0.011424 0.010090 0.008836 0.007672 0.006604 0.005637 0.004771 0.004003 0.003330 0.002747 0.002247 0.001823 0.001466 0.001169 0.000924 0.000724 0.000563 0.000434 0.000332 0.000251 0.000189 0.000141 0.000104 0.000076 0.000055 0.000040 0.000028 0.000020 0.000014 0.000010 0.000007 0.000005 0.000003 0.000002 0.000001 0.000000 
0.000000 0.000001 0.000002 0.000003 0.000005 0.000007 0.000010 0.000015 0.000021 0.000030 0.000042 0.000059 0.000081 0.000112 0.000153 0.000207 0.000277 0.000369 0.000487 0.000637 0.000826 0.001063 0.001356 0.001715 0.002150 0.002673 0.003296 0.004029 0.004883 0.005869 0.006993 0.008262 0.009679 0.011243 0.012948 0.014785 0.016739 0.018789 0.020912 0.023076 0.025248 0.027388 0.029457 0.031411 0.033210 0.034813 0.036181 0.037283 0.038090 0.038583 0.038748 0.038583 0.038090 0.037283 0.036181 0.034813 0.033210 0.031411 0.029457 0.027388 0.025248 0.023076 0.020912 0.018789 0.016739 0.014785 0.012948 0.011243 0.009679 0.008262 0.006993 0.005869 0.004883 0.004029 0.003296 0.002673 0.002150 0.001715 0.001356 0.001063 0.000826 0.000637 0.000487 0.000369 0.000277 0.000207 0.000153 0.000112 0.000081 0.000059 0.000042 0.000030 0.000021 0.000014 0.000010 0.000007 0.000004 0.000003 0.000001 0.000000 
0.000000 0.000001 0.000003 0.000004 0.000007 0.000010 0.000015 0.000021 0.000030 0.000043 0.000061 0.000085 0.000118 0.000162 0.000222 0.000300 0.000402 0.000535 0.000706 0.000923 0.001197 0.001539 0.001963 0.002482 0.003112 0.003869 0.004770 0.005830 0.007066 0.008491 0.010117 0.011952 0.014000 0.016260 0.018724 0.021379 0.024203 0.027166 0.030233 0.033361 0.036498 0.039590 0.042578 0.045402 0.048001 0.050315 0.052292 0.053883 0.055049 0.055761 0.056000 0.055761 0.055049 0.053883 0.052292 0.050315 0.048001 0.045402 0.042578 0.039590 0.036498 0.033361 0.030233 0.027166 0.024203 0.021379 0.018724 0.016260 0.014000 0.011952 0.010117 0.008491 0.007066 0.005830 0.004770 0.003869 0.003112 0.002482 0.001963 0.001539 0.001197 0.000923 0.000706 0.000535 0.000402 0.000300 0.000222 0.000162 0.000118 0.000085 0.000061 0.000043 0.000030 0.000021 0.000014 0.000010 0.000006 0.000004 0.000002 0.000000 
0.000000 0.000002 0.000004 0.000006 0.000009 0.000014 0.000021 0.000030 0.000043 0.000062 0.000087 0.000122 0.000169 0.000233 0.000318 0.000430 0.000577 0.000767 0.001012 0.001323 0.001716 0.002206 0.002813 0.003557 0.004459 0.005543 0.006832 0.008350 0.010118 0.012157 0.014484 0.017110 0.020040 0.023273 0.026798 0.030595 0.034634 0.038872 0.043258 0.047730 0.052215 0.056636 0.060909 0.064946 0.068661 0.071970 0.074796 0.077070 0.078737 0.079754 0.080096 0.079754 0.078737 0.077070 0.074796 0.071970 0.068661 0.064946 0.060909 0.056636 0.052215 0.047730 0.043258 0.038872 0.034634 0.030595 0.026798 0.023273 0.020040 0.017110 0.014484 0.012157 0.010118 0.008350 0.006832 0.005543 0.004459 0.003557 0.002813 0.002206 0.001716 0.001323 0.001012 0.000767 0.000577 0.000430 0.000318 0.000233 0.000169 0.000122 0.000087 0.000062 0.000043 0.000030 0.000021 0.000014 0.000009 0.000005 0.000002 0.000000 
0.000000 0.000002 0.000005 0.000009 0.000013 0.000020 0.000030 0.000043 0.000062 0.000088 0.000124 0.000174 0.000241 0.000331 0.000452 0.000611 0.000820 0.001090 0.001437 0.001880 0.002437 0.003133 0.003995 0.005050 0.006330 0.007867 0.009696 0.011849 0.014357 0.017248 0.020547 0.024270 0.028424 0.033006 0.038003 0.043384 0.049107 0.055113 0.061328 0.067663 0.074019 0.080282 0.086335 0.092054 0.097316 0.102003 0.106006 0.109228 0.111589 0.113030 0.113514 0.113030 0.111589 0.109228 0.106006 0.102003 0.097316 0.092054 0.086335 0.080282 0.074019 0.067663 0.061328 0.055113 0.049107 0.043384 0.038003 0.033006 0.028424 0.024270 0.020547 0.017248 0.014357 0.011849 0.009696 0.007867 0.006330 0.005050 0.003995 0.003133 0.002437 0.001880 0.001437 0.001090 0.000820 0.000611 0.000452 0.000331 0.000241 0.000174 0.000124 0.000088 0.000062 0.000043 0.000029 0.000020 0.000013 0.000008 0.000004 0.000000 
0.000000 0.000003 0.000007 0.000012 0.000019 0.000029 0.000042 0.000061 0.000087 0.000124 0.000175 0.000245 0.000340 0.000467 0.000637 0.000861 0.001155 0.001536 0.002025 0.002647 0.003432 0.004411 0.005623 0.007107 0.008908 0.011070 0.013642 0.016668 0.020194 0.024260 0.028897 0.034128 0.039966 0.046406 0.053427 0.060988 0.069028 0.077465 0.086195 0.095095 0.104021 0.112818 0.121319 0.129351 0.136741 0.143323 0.148944 0.153468 0.156784 0.158807 0.159488 0.158807 0.156784 0.153468 0.148944 0.143323 0.136741 0.129351 0.121319 0.112818 0.104021 0.095095 0.086195 0.077465 0.069028 0.060988 0.053427 0.046406 0.039966 0.034128 0.028897 0.024260 0.020194 0.016668 0.013642 0.011070 0.008908 0.007107 0.005623 0.004411 0.003432 0.002647 0.002025 0.001536 0.001155 0.000861 0.000637 0.000467 0.000340 0.000245 0.000175 0.000124 0.000087 0.000061 0.000042 0.000028 0.000018 0.000011 0.000005 0.000000 
0.000000 0.000005 0.000010 0.000017 0.000027 0.000040 0.000059 0.000085 0.000122 0.000174 0.000245 0.000343 0.000475 0.000653 0.000890 0.001203 0.001613 0.002145 0.002827 0.003696 0.004791 0.006158 0.007849 0.009919 0.012430 0.015446 0.019031 0.023251 0.028167 0.033833 0.040296 0.047588 0.055723 0.064696 0.074478 0.085013 0.096214 0.107967 0.120127 0.132523 0.144956 0.157208 0.169046 0.180231 0.190522 0.199689 0.207516 0.213815 0.218432 0.221249 0.222196 0.221249 0.218432 0.213815 0.207516 0.199689 0.190522 0.180231 0.169046 0.157208 0.144956 0.132523 0.120127 0.107967 0.096214 0.085013 0.074478 0.064696 0.055723 0.047588 0.040296 0.033833 0.028167 0.023251 0.019031 0.015446 0.012430 0.009919 0.007849 0.006158 0.004791 0.003696 0.002827 0.002145 0.001613 0.001203 0.000890 0.000653 0.000475 0.000343 0.000245 0.000174 0.000122 0.000085 0.000058 0.000039 0.000025 0.000015 0.000007 0.000000 
0.000000 0.000007 0.000014 0.000024 0.000037 0.000055 0.000081 0.000118 0.000169 0.000241 0.000340 0.000475 0.000658 0.000905 0.001234 0.001667 0.002235 0.002971 0.003916 0.005118 0.006633 0.008524 0.010863 0.013727 0.017200 0.021371 0.026329 0.032163 0.038959 0.046792 0.055725 0.065802 0.077045 0.089444 0.102960 0.117514 0.132989 0.149225 0.166023 0.183145 0.200317 0.217239 0.233589 0.249036 0.263248 0.275906 0.286715 0.295413 0.301788 0.305679 0.306987 0.305679 0.301788 0.295413 0.286715 0.275906 0.263248 0.249036 0.233589 0.217239 0.200317 0.183145 0.166023 0.149225 0.132989 0.117514 0.102960 0.089444 0.077045 0.065802 0.055725 0.046792 0.038959 0.032163 0.026329 0.021371 0.017200 0.013727 0.010863 0.008524 0.006633 0.005118 0.003916 0.002971 0.002235 0.001667 0.001234 0.000905 0.000658 0.000475 0.000340 0.000241 0.000169 0.000118 0.000081 0.000054 0.000035 0.000021 0.000010 0.000000 
0.000000 0.000009 0.000019 0.000033 0.000051 0.000076 0.000112 0.000162 0.000233 0.000331 0.000467 0.000653 0.000905 0.001244 0.001695 0.002291 0.003070 0.004080 0.005377 0.007027 0.009106 0.011702 0.014910 0.018839 0.023603 0.029322 0.036121 0.044121 0.053438 0.064175 0.076420 0.090232 0.105640 0.122632 0.141153 0.161095 0.182296 0.204540 0.227552 0.251006 0.274528 0.297706 0.320100 0.341256 0.360721 0.378056 0.392858 0.404771 0.413501 0.418830 0.420621 0.418830 0.413501 0.404771 0.392858 0.378056 0.360721 0.341256 0.320100 0.297706 0.274528 0.251006 0.227552 0.204540 0.182296 0.161095 0.141153 0.122632 0.105640 0.090232 0.076420 0.064175 0.053438 0.044121 0.036121 0.029322 0.023603 0.018839 0.014910 0.011702 0.009106 0.007027 0.005377 0.004080 0.003070 0.002291 0.001695 0.001244 0.000905 0.000653 0.000467 0.000331 0.000233 0.000162 0.000111 0.000075 0.000048 0.000029 0.000013 0.000000 
0.000000 0.000012 0.000026 0.000045 0.000069 0.000104 0.000153 0.000222 0.000318 0.000452 0.000637 0.000890 0.001234 0.001695 0.002310 0.003121 0.004182 0.005558 0.007323 0.009569 0.012398 0.015930 0.020295 0.025640 0.032120 0.039898 0.049144 0.060022 0.072689 0.087287 0.103932 0.122707 0.143648 0.166741 0.191909 0.219007 0.247815 0.278036 0.309300 0.341163 0.373116 0.404601 0.435020 0.463756 0.490194 0.513740 0.533844 0.550024 0.561880 0.569117 0.571549 0.569117 0.561880 0.550024 0.533844 0.513740 0.490194 0.463756 0.435020 0.404601 0.373116 0.341163 0.309300 0.278036 0.247815 0.219007 0.191909 0.166741 0.143648 0.122707 0.103932 0.087287 0.072689 0.060022 0.049144 0.039898 0.032120 0.025640 0.020295 0.015930 0.012398 0.009569 0.007323 0.005558 0.004182 0.003121 0.002310 0.001695 0.001233 0.000890 0.000637 0.000452 0.000317 0.000221 0.000151 0.000102 0.000066 0.000039 0.000018 0.000000 
0.000000 0.000017 0.000036 0.000060 0.000094 0.000141 0.000207 0.000300 0.000430 0.000611 0.000861 0.001203 0.001667 0.002291 0.003121 0.004217 0.005650 0.007507 0.009890 0.012921 0.016740 0.021505 0.027395 0.034605 0.043346 0.053838 0.066306 0.080975 0.098055 0.117737 0.140177 0.165484 0.193711 0.224835 0.258754 0.295271 0.334090 0.374811 0.416935 0.459863 0.502911 0.545327 0.586305 0.625015 0.660627 0.692343 0.719422 0.741216 0.757186 0.766933 0.770209 0.766933 0.757186 0.741216 0.719422 0.692343 0.660627 0.625015 0.586305 0.545327 0.502911 0.459863 0.416935 0.374811 0.334090 0.295271 0.258754 0.224835 0.193711 0.165484 0.140177 0.117737 0.098055 0.080975 0.066306 0.053838 0.043346 0.034605 0.027395 0.021505 0.016740 0.012921 0.009890 0.007507 0.005650 0.004217 0.003121 0.002291 0.001667 0.001203 0.000861 0.000611 0.000429 0.000298 0.000205 0.000138 0.000089 0.000053 0.000025 0.000000 
0.000000 0.000022 0.000048 0.000081 0.000126 0.000189 0.000277 0.000402 0.000577 0.000820 0.001155 0.001613 0.002235 0.003070 0.004182 0.005650 0.007569 0.010055 0.013245 0.017302 0.022413 0.028790 0.036671 0.046317 0.058010 0.072043 0.088719 0.108335 0.131175 0.157490 0.187491 0.221323 0.259054 0.300656 0.345989 0.394792 0.446668 0.501083 0.557369 0.614727 0.672244 0.728912 0.783657 0.835371 0.882945 0.925313 0.961487 0.990599 1.011931 1.024951 1.029328 1.024951 1.011931 0.990599 0.961487 0.925313 0.882945 0.835371 0.783657 0.728912 0.672244 0.614727 0.557369 0.501083 0.446668 0.394792 0.345989 0.300656 0.259054 0.221323 0.187491 0.157490 0.131175 0.108335 0.088719 0.072043 0.058010 0.046317 0.036671 0.028790 0.022413 0.017302 0.013245 0.010055 0.007569 0.005650 0.004182 0.003070 0.002235 0.001613 0.001154 0.000819 0.000576 0.000400 0.000275 0.000185 0.000120 0.000071 0.000033 0.000000 
0.000000 0.000030 0.000064 0.000108 0.000168 0.000251 0.000369 0.000535 0.000767 0.001090 0.001536 0.002145 0.002971 0.004080 0.005558 0.007507 0.010055 0.013355 0.017591 0.022976 0.029759 0.038221 0.048678 0.061477 0.076988 0.095603 0.117721 0.143736 0.174022 0.208916 0.248692 0.293544 0.343562 0.398707 0.458795 0.523477 0.592227 0.664340 0.738927 0.814930 0.891141 0.966225 1.038759 1.107273 1.170302 1.226431 1.274354 1.312920 1.341180 1.358428 1.364226 1.358428 1.341180 1.312920 1.274354 1.226431 1.170302 1.107273 1.038759 0.966225 0.891141 0.814930 0.738927 0.664340 0.592227 0.523477 0.458795 0.398707 0.343562 0.293544 0.248692 0.208916 0.174022 0.143736 0.117721 0.095603 0.076988 0.061477 0.048678 0.038221 0.029759 0.022976 0.017591 0.013355 0.010055 0.007507 0.005558 0.004080 0.002971 0.002144 0.001535 0.001089 0.000766 0.000533 0.000366 0.000246 0.000159 0.000095 0.000044 0.000000 
0.000000 0.000039 0.000085 0.000143 0.000221 0.000332 0.000487 0.000706 0.001012 0.001437 0.002025 0.002827 0.003916 0.005377 0.007323 0.009890 0.013245 0.017591 0.023167 0.030255 0.039183 0.050319 0.064079 0.080918 0.101324 0.125810 0.154902 0.189117 0.228945 0.274829 0.327128 0.386097 0.451853 0.524344 0.603327 0.688343 0.778702 0.873475 0.971495 1.071372 1.171516 1.270176 1.365482 1.455504 1.538315 1.612060 1.675022 1.725690 1.762818 1.785478 1.793096 1.785478 1.762818 1.725690 1.675022 1.612060 1.538315 1.455504 1.365482 1.270176 1.171516 1.071372 0.971495 0.873475 0.778702 0.688343 0.603327 0.524344 0.451853 0.386097 0.327128 0.274829 0.228945 0.189117 0.154902 0.125810 0.101324 0.080918 0.064079 0.050319 0.039183 0.030255 0.023167 0.017591 0.013245 0.009890 0.007323 0.005377 0.003915 0.002827 0.002024 0.001436 0.001010 0.000703 0.000482 0.000324 0.000210 0.000125 0.000058 0.000000 
0.000000 0.000051 0.000111 0.000187 0.000290 0.000434 0.000637 0.000923 0.001323 0.001880 0.002647 0.003696 0.005118 0.007027 0.009569 0.012921 0.017302 0.022976 0.030255 0.039508 0.051160 0.065693 0.083648 0.105619 0.132241 0.164183 0.202129 0.246753 0.298695 0.358528 0.426722 0.503607 0.589334 0.683836 0.786795 0.897612 1.015386 1.138906 1.266652 1.396812 1.527316 1.655880 1.780069 1.897369 2.005272 2.101359 2.183394 2.249410 2.297784 2.327307 2.337232 2.327307 2.297784 2.249410 2.183394 2.101359 2.005272 1.897369 1.780069 1.655880 1.527316 1.396812 1.266652 1.138906 1.015386 0.897612 0.786795 0.683836 0.589334 0.503607 0.426722 0.358528 0.298695 0.246753 0.202129 0.164183 0.132241 0.105619 0.083648 0.065693 0.051160 0.039508 0.030255 0.022976 0.017302 0.012921 0.009569 0.007027 0.005117 0.003695 0.002646 0.001878 0.001321 0.000919 0.000631 0.000424 0.000275 0.000164 0.000076 0.000000 
0.000000 0.000067 0.000144 0.000242 0.000376 0.000563 0.000826 0.001197 0.001716 0.002437 0.003432 0.004791 0.006633 0.009106 0.012398 0.016740 0.022413 0.029759 0.039183 0.051160 0.066240 0.085048 0.108282 0.136709 0.171151 0.212472 0.261555 0.319271 0.386447 0.463821 0.552001 0.651412 0.762247 0.884420 1.017518 1.160765 1.312997 1.472648 1.637753 1.805972 1.974627 2.140770 2.301253 2.452831 2.592260 2.716419 2.822419 2.907718 2.970222 3.008368 3.021192 3.008368 2.970222 2.907718 2.822419 2.716419 2.592260 2.452831 2.301253 2.140770 1.974627 1.805972 1.637753 1.472648 1.312997 1.160765 1.017518 0.884420 0.762247 0.651412 0.552001 0.463821 0.386447 0.319271 0.261555 0.212472 0.171151 0.136709 0.108282 0.085048 0.066240 0.051160 0.039183 0.029759 0.022413 0.016740 0.012398 0.009106 0.006632 0.004790 0.003430 0.002435 0.001713 0.001192 0.000818 0.000550 0.000357 0.000213 0.000099 0.000000 
0.000000 0.000086 0.000185 0.000312 0.000484 0.000724 0.001063 0.001539 0.002206 0.003133 0.004411 0.006158 0.008524 0.011702 0.015930 0.021505 0.028790 0.038221 0.050319 0.065693 0.085048 0.109185 0.138999 0.175472 0.219660 0.272668 0.335628 0.409655 0.495808 0.595034 0.708108 0.835575 0.977681 1.134313 1.304941 1.488570 1.683707 1.888344 2.099961 2.315560 2.531711 2.744633 2.950296 3.144540 3.323213 3.482313 3.618142 3.727444 3.807535 3.856414 3.872846 3.856414 3.807535 3.727444 3.618142 3.482313 3.323213 3.144540 2.950296 2.744633 2.531711 2.315560 2.099961 1.888344 1.683707 1.488570 1.304941 1.134313 0.977681 0.835575 0.708108 0.595034 0.495808 0.409655 0.335628 0.272668 0.219660 0.175472 0.138999 0.109185 0.085048 0.065693 0.050319 0.038221 0.028790 0.021505 0.015929 0.011701 0.008524 0.006157 0.004410 0.003131 0.002202 0.001533 0.001052 0.000708 0.000459 0.000274 0.000128 0.000000 
0.000000 0.000110 0.000236 0.000398 0.000617 0.000924 0.001356 0.001963 0.002813 0.003995 0.005623 0.007849 0.010863 0.014910 0.020295 0.027395 0.036671 0.048678 0.064079 0.083648 0.108282 0.138999 0.176937 0.223344 0.279561 0.346995 0.427081 0.521238 0.630809 0.756997 0.900785 1.062865 1.243548 1.442688 1.659609 1.893046 2.141099 2.401215 2.670193 2.944221 3.218939 3.489545 3.750917 3.997770 4.224829 4.427011 4.599618 4.738512 4.840286 4.902398 4.923278 4.902398 4.840286 4.738512 4.599618 4.427011 4.224829 3.997770 3.750917 3.489545 3.218939 2.944221 2.670193 2.401215 2.141099 1.893046 1.659609 1.442688 1.243548 1.062865 0.900785 0.756997 0.630809 0.521238 0.427081 0.346995 0.279561 0.223344 0.176937 0.138999 0.108282 0.083648 0.064079 0.048678 0.036671 0.027395 0.020295 0.014910 0.010862 0.007847 0.005621 0.003991 0.002808 0.001955 0.001342 0.000903 0.000586 0.000349 0.000163 0.000000 
0.000000 0.000139 0.000299 0.000503 0.000781 0.001169 0.001715 0.002482 0.003557 0.005050 0.007107 0.009919 0.013727 0.018839 0.025640 0.034605 0.046317 0.061477 0.080918 0.105619 0.136709 0.175472 0.223344 0.281897 0.352822 0.437890 0.538911 0.657672 0.795865 0.955002 1.136324 1.340698 1.568516 1.819590 2.093068 2.387352 2.700046 3.027932 3.366975 3.712368 4.058619 4.399676 4.729085 5.040187 5.326337 5.581131 5.798649 5.973682 6.101934 6.180205 6.206518 6.180205 6.101934 5.973682 5.798649 5.581131 5.326337 5.040187 4.729085 4.399676 4.058619 3.712368 3.366975 3.027932 2.700046 2.387352 2.093068 1.819590 1.568516 1.340698 1.136324 0.955002 0.795865 0.657672 0.538911 0.437890 0.352822 0.281897 0.223344 0.175472 0.136709 0.105619 0.080918 0.061477 0.046317 0.034605 0.025639 0.018838 0.013726 0.009917 0.007105 0.005046 0.003550 0.002471 0.001698 0.001142 0.000741 0.000442 0.000206 0.000000 
0.000000 0.000174 0.000375 0.000631 0.000979 0.001466 0.002150 0.003112 0.004459 0.006330 0.008908 0.012430 0.017200 0.023603 0.032120 0.043346 0.058010 0.076988 0.101324 0.132241 0.171151 0.219660 0.279561 0.352822 0.441554 0.547971 0.674336 0.822879 0.995714 1.194730 1.421476 1.677032 1.961885 2.275800 2.617706 2.985607 3.376504 3.786374 4.210173 4.641893 5.074671 5.500942 5.912644 6.301456 6.659074 6.977499 7.249336 7.468074 7.628349 7.726163 7.759045 7.726163 7.628349 7.468074 7.249336 6.977499 6.659074 6.301456 5.912644 5.500942 5.074671 4.641893 4.210173 3.786374 3.376504 2.985607 2.617706 2.275800 1.961885 1.677032 1.421476 1.194730 0.995714 0.822879 0.674336 0.547971 0.441554 0.352822 0.279561 0.219660 0.171151 0.132240 0.101324 0.076988 0.058009 0.043346 0.032119 0.023602 0.017199 0.012428 0.008905 0.006324 0.004450 0.003099 0.002129 0.001433 0.000929 0.000554 0.000258 0.000000 
0.000000 0.000217 0.000466 0.000785 0.001218 0.001823 0.002673 0.003869 0.005543 0.007867 0.011070 0.015446 0.021371 0.029322 0.039898 0.053838 0.072043 0.095603 0.125810 0.164183 0.212472 0.272668 0.346995 0.437890 0.547971 0.679984 0.836728 1.020969 1.235325 1.482136 1.763317 2.080206 2.433402 2.822611 3.246504 3.702601 4.187186 4.695270 5.220598 5.755726 6.292147 6.820487 7.330755 7.812642 8.255857 8.650491 8.987381 9.258462 9.457089 9.578308 9.619058 9.578308 9.457089 9.258462 8.987381 8.650491 8.255857 7.812642 7.330755 6.820487 6.292147 5.755726 5.220598 4.695270 4.187186 3.702601 3.246504 2.822611 2.433402 2.080206 1.763317 1.482136 1.235325 1.020969 0.836728 0.679984 0.547971 0.437890 0.346995 0.272668 0.212472 0.164183 0.125810 0.095603 0.072043 0.053837 0.039898 0.029321 0.021369 0.015443 0.011066 0.007861 0.005532 0.003852 0.002647 0.001782 0.001155 0.000689 0.000321 0.000000 
0.000000 0.000267 0.000575 0.000968 0.001502 0.002247 0.003296 0.004770 0.006832 0.009696 0.013642 0.019031 0.026329 0.036121 0.049144 0.066306 0.088719 0.117721 0.154902 0.202129 0.261555 0.335628 0.427081 0.538911 0.674336 0.836728 1.029529 1.256137 1.519767 1.823292 2.169064 2.558723 2.993003 3.471538 3.992691 4.553411 5.149127 5.773705 6.419457 7.077231 7.736574 8.385965 9.013126 9.605390 10.150114 10.635122 11.049156 11.382308 11.626413 11.775384 11.825465 11.775384 11.626413 11.382308 11.049156 10.635122 10.150114 9.605390 9.013126 8.385965 7.736574 7.077231 6.419457 5.773705 5.149127 4.553411 3.992691 3.471538 2.993003 2.558723 2.169064 1.823292 1.519767 1.256137 1.029529 0.836728 0.674336 0.538911 0.427081 0.335628 0.261555 0.202129 0.154902 0.117720 0.088719 0.066306 0.049143 0.036120 0.026327 0.019028 0.013637 0.009688 0.006819 0.004749 0.003263 0.002197 0.001425 0.000850 0.000396 0.000000 
0.000000 0.000327 0.000703 0.001184 0.001837 0.002747 0.004029 0.005830 0.008350 0.011849 0.016668 0.023251 0.032163 0.044121 0.060022 0.080975 0.108335 0.143736 0.189117 0.246753 0.319271 0.409655 0.521238 0.657672 0.822879 1.020969 1.256137 1.532522 1.854039 2.224189 2.645835 3.120972 3.650488 4.233935 4.869313 5.552899 6.279120 7.040494 7.827651 8.629436 9.433108 10.224627 10.989031 11.710886 12.374785 12.965893 13.470494 13.876515 14.174011 14.355564 14.416598 14.355564 14.174011 13.876515 13.470494 12.965893 12.374785 11.710886 10.989031 10.224627 9.433108 8.629436 7.827651 7.040494 6.279120 5.552899 4.869313 4.233935 3.650488 3.120972 2.645835 2.224189 1.854039 1.532522 1.256137 1.020969 0.822879 0.657672 0.521238 0.409655 0.319271 0.246753 0.189116 0.143735 0.108335 0.080974 0.060021 0.044119 0.032161 0.023247 0.016662 0.011838 0.008333 0.005804 0.003989 0.002686 0.001742 0.001039 0.000484 0.000000 
0.000000 0.000396 0.000852 0.001435 0.002227 0.003330 0.004883 0.007066 0.010118 0.014357 0.020194 0.028167 0.038959 0.053438 0.072689 0.098055 0.131175 0.174022 0.228945 0.298695 0.386447 0.495808 0.630809 0.795865 0.995714 1.235325 1.519767 1.854039 2.242874 2.690496 3.200363 3.774882 4.415123 5.120536 5.888702 6.715114 7.593033 8.513414 9.464929 10.434095 11.405512 12.362214 13.286121 14.158580 14.960976 15.675386 16.285235 16.775937 17.135476 17.354892 17.428654 17.354892 17.135476 16.775937 16.285235 15.675386 14.960976 14.158580 13.286121 12.362214 11.405512 10.434095 9.464929 8.513414 7.593033 6.715114 5.888702 5.120536 4.415123 3.774882 3.200363 2.690496 2.242874 1.854039 1.519767 1.235325 0.995714 0.795865 0.630809 0.495808 0.386447 0.298695 0.228945 0.174022 0.131174 0.098055 0.072688 0.053436 0.038956 0.028162 0.020187 0.014344 0.010098 0.007035 0.004835 0.003255 0.002111 0.001260 0.000587 0.000000 
0.000000 0.000476 0.001024 0.001725 0.002677 0.004003 0.005869 0.008491 0.012157 0.017248 0.024260 0.033833 0.046792 0.064175 0.087287 0.117737 0.157490 0.208916 0.274829 0.358528 0.463821 0.595034 0.756997 0.955002 1.194730 1.482136 1.823292 2.224189 2.690496 3.227273 3.838660 4.527535 5.295176 6.140919 7.061857 8.052585 9.105020 10.208318 11.348899 12.510602 13.674970 14.821670 15.929036 16.974717 17.936407 18.792630 19.523527 20.111622 20.542518 20.805480 20.893880 20.805480 20.542518 20.111622 19.523527 18.792630 17.936407 16.974717 15.929036 14.821670 13.674970 12.510602 11.348899 10.208318 9.105020 8.052585 7.061857 6.140919 5.295176 4.527535 3.838660 3.227273 2.690496 2.224189 1.823292 1.482136 1.194730 0.955002 0.756996 0.595034 0.463821 0.358528 0.274829 0.208916 0.157490 0.117736 0.087286 0.064173 0.046788 0.033828 0.024250 0.017233 0.012134 0.008453 0.005810 0.003913 0.002538 0.001514 0.000706 0.000000 
0.000000 0.000568 0.001221 0.002057 0.003190 0.004771 0.006993 0.010117 0.014484 0.020547 0.028897 0.040296 0.055725 0.076420 0.103932 0.140177 0.187491 0.248692 0.327128 0.426722 0.552001 0.708108 0.900785 1.136324 1.421476 1.763317 2.169064 2.645835 3.200363 3.838660 4.565638 5.384717 6.297404 7.302907 8.397763 9.575542 10.826633 12.138141 13.493925 14.874775 16.258756 17.621703 18.937869 20.180693 21.323673 22.341288 23.209943 23.908875 24.420977 24.733494 24.838554 24.733494 24.420977 23.908875 23.209943 22.341288 21.323673 20.180693 18.937869 17.621703 16.258756 14.874775 13.493925 12.138141 10.826633 9.575542 8.397763 7.302907 6.297404 5.384717 4.565638 3.838660 3.200363 2.645835 2.169064 1.763317 1.421476 1.136324 0.900785 0.708108 0.552001 0.426722 0.327128 0.248692 0.187490 0.140176 0.103931 0.076418 0.055720 0.040289 0.028885 0.020529 0.014456 0.010072 0.006923 0.004663 0.003025 0.001805 0.000842 0.000000 
0.000000 0.000671 0.001443 0.002430 0.003770 0.005637 0.008262 0.011952 0.017110 0.024270 0.034128 0.047588 0.065802 0.090232 0.122707 0.165484 0.221323 0.293544 0.386097 0.503607 0.651412 0.835575 1.062865 1.340698 1.677032 2.080206 2.558723 3.120972 3.774882 4.527535 5.384717 6.350447 7.426499 8.611930 9.902651 11.291078 12.765876 14.311845 15.909955 17.537566 19.168825 20.775254 22.326512 23.791301 25.138391 26.337712 27.361463 28.185180 28.788705 29.157014 29.280828 29.157014 28.788705 28.185180 27.361463 26.337712 25.138391 23.791301 22.326512 20.775254 19.168825 17.537566 15.909955 14.311845 12.765876 11.291078 9.902651 8.611930 7.426499 6.350447 5.384717 4.527535 3.774882 3.120972 2.558723 2.080206 1.677032 1.340698 1.062865 0.835575 0.651412 0.503607 0.386097 0.293544 0.221322 0.165483 0.122705 0.090229 0.065797 0.047580 0.034115 0.024248 0.017076 0.011899 0.008180 0.005510 0.003574 0.002133 0.000995 0.000000 
0.000000 0.000786 0.001691 0.002848 0.004417 0.006604 0.009679 0.014000 0.020040 0.028424 0.039966 0.055723 0.077045 0.105640 0.143648 0.193711 0.259054 0.343562 0.451853 0.589334 0.762247 0.977681 1.243548 1.568516 1.961885 2.433402 2.993003 3.650488 4.415123 5.295176 6.297404 7.426499 8.684525 10.070371 11.579252 13.202294 14.926245 16.733334 18.601317 20.503731 22.410363 24.287931 26.100980 27.812937 29.387310 30.788963 31.985413 32.948076 33.653401 34.083831 34.228529 34.083831 33.653401 32.948076 31.985413 30.788963 29.387310 27.812937 26.100980 24.287931 22.410363 20.503731 18.601317 16.733334 14.926245 13.202294 11.579252 10.070371 8.684525 7.426499 6.297404 5.295176 4.415123 3.650488 2.993003 2.433402 1.961885 1.568516 1.243548 0.977681 0.762247 0.589334 0.451852 0.343562 0.259053 0.193709 0.143646 0.105636 0.077039 0.055713 0.039951 0.028399 0.020001 0.013938 0.009583 0.006455 0.004188 0.002499 0.001166 0.000000 
0.000000 0.000913 0.001965 0.003309 0.005131 0.007672 0.011243 0.016260 0.023273 0.033006 0.046406 0.064696 0.089444 0.122632 0.166741 0.224835 0.300656 0.398707 0.524344 0.683836 0.884420 1.134313 1.442688 1.819590 2.275800 2.822611 3.471538 4.233935 5.120536 6.140919 7.302907 8.611930 10.070371 11.676934 13.426064 15.307470 17.305785 19.400406 21.565552 23.770550 25.980384 28.156488 30.257774 32.241863 34.066470 35.690886 37.077470 38.193105 39.010506 39.509329 39.677018 39.509329 39.010506 38.193105 37.077470 35.690886 34.066470 32.241863 30.257774 28.156488 25.980384 23.770550 21.565552 19.400406 17.305785 15.307470 13.426064 11.676934 10.070371 8.611930 7.302907 6.140919 5.120536 4.233935 3.471538 2.822611 2.275800 1.819590 1.442687 1.134313 0.884420 0.683836 0.524343 0.398707 0.300655 0.224834 0.166738 0.122628 0.089437 0.064685 0.046388 0.032977 0.023227 0.016188 0.011130 0.007498 0.004865 0.002904 0.001354 0.000000 
0.000000 0.001052 0.002264 0.003811 0.005911 0.008836 0.012948 0.018724 0.026798 0.038003 0.053427 0.074478 0.102960 0.141153 0.191909 0.258754 0.345989 0.458795 0.603327 0.786795 1.017518 1.304941 1.659609 2.093068 2.617706 3.246504 3.992691 4.869313 5.888702 7.061857 8.397763 9.902651 11.579252 13.426064 15.436696 17.599310 19.896239 22.303798 24.792354 27.326655 29.866458 32.367445 34.782400 37.062628 39.159541 41.026363 42.619847 43.901942 44.841298 45.414543 45.607250 45.414543 44.841298 43.901942 42.619847 41.026363 39.159541 37.062628 34.782400 32.367445 29.866458 27.326655 24.792354 22.303798 19.896239 17.599310 15.436696 13.426064 11.579252 9.902651 8.397763 7.061857 5.888702 4.869313 3.992691 3.246504 2.617706 2.093068 1.659609 1.304941 1.017517 0.786795 0.603327 0.458794 0.345988 0.258752 0.191906 0.141148 0.102952 0.074466 0.053406 0.037969 0.026745 0.018641 0.012818 0.008636 0.005604 0.003345 0.001560 0.000000 
0.000000 0.001202 0.002586 0.004353 0.006750 0.010090 0.014785 0.021379 0.030595 0.043384 0.060988 0.085013 0.117514 0.161095 0.219007 0.295271 0.394792 0.523477 0.688343 0.897612 1.160765 1.488570 1.893046 2.387352 2.985607 3.702601 4.553411 5.552899 6.715114 8.052585 9.575542 11.291078 13.202294 15.307470 17.599310 20.064316 22.682342 25.426394 28.262693 31.151065 34.045649 36.895941 39.648139 42.246755 44.636430 46.763865 48.579788 50.040842 51.111311 51.764565 51.984169 51.764565 51.111311 50.040842 48.579788 46.763865 44.636430 42.246755 39.648139 36.895941 34.045649 31.151065 28.262693 25.426394 22.682342 20.064316 17.599310 15.307470 13.202294 11.291078 9.575542 8.052585 6.715114 5.552899 4.553411 3.702601 2.985606 2.387352 1.893045 1.488570 1.160764 0.897611 0.688343 0.523476 0.394791 0.295269 0.219004 0.161089 0.117505 0.084998 0.060964 0.043346 0.030535 0.021284 0.014637 0.009861 0.006399 0.003820 0.001782 0.000000 
0.000000 0.001361 0.002928 0.004929 0.007643 0.011424 0.016739 0.024203 0.034634 0.049107 0.069028 0.096214 0.132989 0.182296 0.247815 0.334090 0.446668 0.592227 0.778702 1.015386 1.312997 1.683707 2.141099 2.700046 3.376504 4.187186 5.149127 6.279120 7.593033 9.105020 10.826633 12.765876 14.926245 17.305785 19.896239 22.682342 25.641323 28.742665 31.948193 35.212504 38.483772 41.704928 44.815177 47.751824 50.452316 52.856435 54.908510 56.559555 57.769218 58.507413 58.755571 58.507413 57.769218 56.559555 54.908510 52.856435 50.452316 47.751824 44.815177 41.704928 38.483772 35.212504 31.948193 28.742665 25.641323 22.682342 19.896239 17.305785 14.926245 12.765876 10.826633 9.105020 7.593033 6.279120 5.149127 4.187186 3.376504 2.700046 2.141099 1.683707 1.312997 1.015385 0.778702 0.592226 0.446666 0.334088 0.247811 0.182290 0.132979 0.096197 0.069001 0.049064 0.034565 0.024095 0.016571 0.011165 0.007246 0.004325 0.002017 0.000000 
0.000000 0.001528 0.003287 0.005534 0.008581 0.012825 0.018789 0.027166 0.038872 0.055113 0.077465 0.107967 0.149225 0.204540 0.278036 0.374811 0.501083 0.664340 0.873475 1.138906 1.472648 1.888344 2.401215 3.027932 3.786374 4.695270 5.773705 7.040494 8.513414 10.208318 12.138141 14.311845 16.733334 19.400406 22.303798 25.426394 28.742665 32.218408 35.810838 39.469075 43.135043 46.744793 50.230207 53.521034 56.547191 59.241206 61.540708 63.390815 64.746317 65.573507 65.851582 65.573507 64.746317 63.390815 61.540708 59.241206 56.547191 53.521034 50.230207 46.744793 43.135043 39.469075 35.810838 32.218408 28.742665 25.426394 22.303798 19.400406 16.733334 14.311845 12.138141 10.208318 8.513414 7.040494 5.773705 4.695270 3.786374 3.027932 2.401215 1.888344 1.472648 1.138905 0.873474 0.664339 0.501082 0.374809 0.278032 0.204533 0.149214 0.107948 0.077435 0.055065 0.038795 0.027046 0.018601 0.012534 0.008135 0.004856 0.002265 0.000000 
0.000000 0.001701 0.003660 0.006161 0.009551 0.014275 0.020912 0.030233 0.043258 0.061328 0.086195 0.120127 0.166023 0.227552 0.309300 0.416935 0.557369 0.738927 0.971495 1.266652 1.637753 2.099961 2.670193 3.366975 4.210173 5.220598 6.419457 7.827651 9.464929 11.348899 13.493925 15.909955 18.601317 21.565552 24.792354 28.262693 31.948193 35.810838 39.803082 43.868382 47.942206 51.953497 55.826568 59.483365 62.846024 65.839580 68.394738 70.450527 71.956716 72.875860 73.184846 72.875860 71.956716 70.450527 68.394738 65.839580 62.846024 59.483365 55.826568 51.953497 47.942206 43.868382 39.803082 35.810838 31.948193 28.262693 24.792354 21.565552 18.601317 15.909955 13.493925 11.348899 9.464929 7.827651 6.419457 5.220598 4.210173 3.366975 2.670193 2.099961 1.637753 1.266651 0.971494 0.738926 0.557368 0.416932 0.309295 0.227544 0.166011 0.120107 0.086162 0.061274 0.043173 0.030099 0.020703 0.013951 0.009055 0.005405 0.002521 0.000000 
0.000000 0.001878 0.004039 0.006799 0.010541 0.015753 0.023076 0.033361 0.047730 0.067663 0.095095 0.132523 0.183145 0.251006 0.341163 0.459863 0.614727 0.814930 1.071372 1.396812 1.805972 2.315560 2.944221 3.712368 4.641893 5.755726 7.077231 8.629436 10.434095 12.510602 14.874775 17.537566 20.503731 23.770550 27.326655 31.151065 35.212504 39.469075 43.868382 48.348119 52.837182 57.257276 61.525009 65.554387 69.259620 72.558122 75.373547 77.638724 79.298316 80.311071 80.651526 80.311071 79.298316 77.638724 75.373547 72.558122 69.259620 65.554387 61.525009 57.257276 52.837182 48.348119 43.868382 39.469075 35.212504 31.151065 27.326655 23.770550 20.503731 17.537566 14.874775 12.510602 10.434095 8.629436 7.077231 5.755726 4.641893 3.712368 2.944221 2.315560 1.805972 1.396812 1.071371 0.814929 0.614725 0.459860 0.341157 0.250997 0.183131 0.132500 0.095058 0.067604 0.047635 0.033212 0.022845 0.015395 0.009993 0.005966 0.002783 0.000000 
0.000000 0.002055 0.004420 0.007440 0.011534 0.017236 0.025248 0.036498 0.052215 0.074019 0.104021 0.144956 0.200317 0.274528 0.373116 0.502911 0.672244 0.891141 1.171516 1.527316 1.974627 2.531711 3.218939 4.058619 5.074671 6.292147 7.736574 9.433108 11.405512 13.674970 16.258756 19.168825 22.410363 25.980384 29.866458 34.045649 38.483772 43.135043 47.942206 52.837182 57.742278 62.571953 67.235096 71.637755 75.686204 79.290219 82.366394 84.841348 86.654627 87.761165 88.133146 87.761165 86.654627 84.841348 82.366394 79.290219 75.686204 71.637755 67.235096 62.571953 57.742278 52.837182 47.942206 43.135043 38.483772 34.045649 29.866458 25.980384 22.410363 19.168825 16.258756 13.674970 11.405512 9.433108 7.736574 6.292147 5.074671 4.058619 3.218939 2.531711 1.974627 1.527316 1.171516 0.891140 0.672241 0.502908 0.373110 0.274518 0.200301 0.144930 0.103981 0.073953 0.052112 0.036335 0.024995 0.016845 0.010934 0.006528 0.003045 0.000000 
0.000000 0.002230 0.004796 0.008072 0.012513 0.018698 0.027388 0.039590 0.056636 0.080282 0.112818 0.157208 0.217239 0.297706 0.404601 0.545327 0.728912 0.966225 1.270176 1.655880 2.140770 2.744633 3.489545 4.399676 5.500942 6.820487 8.385965 10.224627 12.362214 14.821670 17.621703 20.775254 24.287931 28.156488 32.367445 36.895941 41.704928 46.744793 51.953497 57.257276 62.571953 67.804851 72.857261 77.627399 82.013727 85.918502 89.251369 91.932833 93.897406 95.096267 95.499283 95.096267 93.897406 91.932833 89.251369 85.918502 82.013727 77.627399 72.857261 67.804851 62.571953 57.257276 51.953497 46.744793 41.704928 36.895941 32.367445 28.156488 24.287931 20.775254 17.621703 14.821670 12.362214 10.224627 8.385965 6.820487 5.500942 4.399676 3.489545 2.744633 2.140770 1.655880 1.270175 0.966224 0.728909 0.545323 0.404595 0.297695 0.217222 0.157180 0.112774 0.080211 0.056524 0.039414 0.027113 0.018273 0.011861 0.007082 0.003303 0.000000 
0.000000 0.002398 0.005158 0.008683 0.013459 0.020111 0.029457 0.042578 0.060909 0.086335 0.121319 0.169046 0.233589 0.320100 0.435020 0.586305 0.783657 1.038759 1.365482 1.780069 2.301253 2.950296 3.750917 4.729085 5.912644 7.330755 9.013126 10.989031 13.286121 15.929036 18.937869 22.326512 26.100980 30.257774 34.782400 39.648139 44.815177 50.230207 55.826568 61.525009 67.235096 72.857261 78.285462 83.410354 88.122858 92.317974 95.898639 98.779458 100.890081 102.178065 102.611042 102.178065 100.890081 98.779458 95.898639 92.317974 88.122858 83.410354 78.285462 72.857261 67.235096 61.525009 55.826568 50.230207 44.815177 39.648139 34.782400 30.257774 26.100980 22.326512 18.937869 15.929036 13.286121 10.989031 9.013126 7.330755 5.912644 4.729085 3.750917 2.950296 2.301253 1.780069 1.365481 1.038757 0.783655 0.586301 0.435013 0.320089 0.233571 0.169017 0.121272 0.086259 0.060788 0.042389 0.029161 0.019654 0.012758 0.007617 0.003553 0.000000 
