0.000000 0.000000 0.000000 0.000000 0.000000 0.000000 0.000000 0.000000 0.000000 0.000000 0.000000 0.000000 0.000000 0.000000 0.000000 0.000000 0.000000 0.000000 0.000000 0.000000 0.000000 0.000000 0.000000 0.000000 0.000000 0.000000 0.000000 0.000000 0.000000 0.000000 0.000000 0.000000 0.000000 0.000000 0.000000 0.000000 0.000000 0.000000 0.000000 0.000000 0.000000 0.000000 0.000000 0.000000 0.000000 0.000000 0.000000 0.000000 0.000000 0.000000 0.000000 0.000000 0.000000 0.000000 0.000000 0.000000 0.000000 0.000000 0.000000 0.000000 0.000000 0.000000 0.000000 0.000000 0.000000 0.000000 0.000000 0.000000 0.000000 0.000000 0.000000 0.000000 0.000000 0.000000 0.000000 0.000000 0.000000 0.000000 0.000000 0.000000 0.000000 0.000000 0.000000 0.000000 0.000000 0.000000 0.000000 0.000000 0.000000 0.000000 0.000000 0.000000 0.000000 0.000000 0.000000 0.000000 0.000000 0.000000 0.000000 0.000000 
0.000000 0.000000 0.000000 0.000000 0.000000 0.000000 0.000000 0.000000 0.000000 0.000000 0.000000 0.000000 0.000000 0.000001 0.000001 0.000001 0.000002 0.000002 0.000003 0.000004 0.000006 0.000008 0.000010 0.000014 0.000018 0.000024 0.000031 0.000039 0.000049 0.000061 0.000076 0.000092 0.000112 0.000134 0.000159 0.000187 0.000217 0.000249 0.000284 0.000319 0.000356 0.000393 0.000429 0.000463 0.000496 0.000525 0.000550 0.000570 0.000585 0.000594 0.000597 0.000594 0.000585 0.000570 0.000550 0.000525 0.000496 0.000463 0.000429 0.000393 0.000356 0.000319 0.000284 0.000249 0.000217 0.000187 0.000159 0.000134 0.000112 0.000092 0.000076 0.000061 0.000049 0.000039 0.000031 0.000024 0.000018 0.000014 0.000010 0.000008 0.000006 0.000004 0.000003 0.000002 0.000002 0.000001 0.000001 0.000001 0.000000 0.000000 0.000000 0.000000 0.000000 0.000000 0.000000 0.000000 0.000000 0.000000 0.000000 0.000000 
0.000000 0.000000 0.000000 0.000000 0.000000 0.000000 0.000000 0.000000 0.000000 0.000000 0.000000 0.000001 0.000001 0.000001 0.000002 0.000002 0.000003 0.000005 0.000007 0.000009 0.000013 0.000017 0.000023 0.000031 0.000041 0.000053 0.000068 0.000086 0.000109 0.000136 0.000168 0.000205 0.000249 0.000298 0.000353 0.000414 0.000481 0.000553 0.000630 0.000709 0.000791 0.000872 0.000952 0.001029 0.001100 0.001165 0.001220 0.001265 0.001298 0.001319 0.001326 0.001319 0.001298 0.001265 0.001220 0.001165 0.001100 0.001029 0.000952 0.000872 0.000791 0.000709 0.000630 0.000553 0.000481 0.000414 0.000353 0.000298 0.000249 0.000205 0.000168 0.000136 0.000109 0.000086 0.000068 0.000053 0.000041 0.000031 0.000023 0.000017 0.000013 0.000009 0.000007 0.000005 0.000003 0.000002 0.000002 0.000001 0.000001 0.000001 0.000000 0.000000 0.000000 0.000000 0.000000 0.000000 0.000000 0.000000 0.000000 0.000000 
0.000000 0.000000 0.000000 0.000000 0.000000 0.000000 0.000000 0.000000 0.000000 0.000000 0.000001 0.000001 0.000001 0.000002 0.000003 0.000004 0.000006 0.000009 0.000012 0.000017 0.000023 0.000031 0.000041 0.000055 0.000072 0.000093 0.000120 0.000153 0.000193 0.000240 0.000297 0.000363 0.000439 0.000526 0.000624 0.000732 0.000851 0.000978 0.001112 0.001253 0.001396 0.001540 0.001681 0.001817 0.001943 0.002057 0.002154 0.002234 0.002292 0.002328 0.002340 0.002328 0.002292 0.002234 0.002154 0.002057 0.001943 0.001817 0.001681 0.001540 0.001396 0.001253 0.001112 0.000978 0.000851 0.000732 0.000624 0.000526 0.000439 0.000363 0.000297 0.000240 0.000193 0.000153 0.000120 0.000093 0.000072 0.000055 0.000041 0.000031 0.000023 0.000017 0.000012 0.000009 0.000006 0.000004 0.000003 0.000002 0.000001 0.000001 0.000001 0.000000 0.000000 0.000000 0.000000 0.000000 0.000000 0.000000 0.000000 0.000000 
0.000000 0.000000 0.000000 0.000000 0.000000 0.000000 0.000000 0.000000 0.000000 0.000001 0.000001 0.000002 0.000002 0.000003 0.000005 0.000007 0.000010 0.000014 0.000020 0.000027 0.000037 0.000051 0.000068 0.000090 0.000118 0.000154 0.000198 0.000252 0.000317 0.000396 0.000489 0.000598 0.000723 0.000866 0.001026 0.001204 0.001399 0.001607 0.001829 0.002059 0.002295 0.002531 0.002763 0.002986 0.003193 0.003379 0.003540 0.003670 0.003766 0.003825 0.003845 0.003825 0.003766 0.003670 0.003540 0.003379 0.003193 0.002986 0.002763 0.002531 0.002295 0.002059 0.001829 0.001607 0.001399 0.001204 0.001026 0.000866 0.000723 0.000598 0.000489 0.000396 0.000317 0.000252 0.000198 0.000154 0.000118 0.000090 0.000068 0.000051 0.000037 0.000027 0.000020 0.000014 0.000010 0.000007 0.000005 0.000003 0.000002 0.000002 0.000001 0.000001 0.000000 0.000000 0.000000 0.000000 0.000000 0.000000 0.000000 0.000000 
0.000000 0.000000 0.000000 0.000000 0.000000 0.000000 0.000000 0.000000 0.000001 0.000001 0.000002 0.000002 0.000004 0.000005 0.000008 0.000011 0.000016 0.000023 0.000032 0.000044 0.000060 0.000081 0.000108 0.000144 0.000189 0.000245 0.000316 0.000402 0.000506 0.000632 0.000780 0.000954 0.001154 0.001381 0.001637 0.001921 0.002230 0.002563 0.002915 0.003282 0.003658 0.004034 0.004404 0.004758 0.005088 0.005385 0.005641 0.005848 0.006001 0.006095 0.006126 0.006095 0.006001 0.005848 0.005641 0.005385 0.005088 0.004758 0.004404 0.004034 0.003658 0.003282 0.002915 0.002563 0.002230 0.001921 0.001637 0.001381 0.001154 0.000954 0.000780 0.000632 0.000506 0.000402 0.000316 0.000245 0.000189 0.000144 0.000108 0.000081 0.000060 0.000044 0.000032 0.000023 0.000016 0.000011 0.000008 0.000005 0.000004 0.000002 0.000002 0.000001 0.000001 0.000000 0.000000 0.000000 0.000000 0.000000 0.000000 0.000000 
0.000000 0.000000 0.000000 0.000000 0.000000 0.000000 0.000000 0.000001 0.000001 0.000002 0.000003 0.000004 0.000006 0.000009 0.000012 0.000018 0.000025 0.000036 0.000050 0.000069 0.000094 0.000127 0.000170 0.000226 0.000297 0.000385 0.000495 0.000631 0.000795 0.000991 0.001224 0.001496 0.001809 0.002166 0.002567 0.003011 0.003495 0.004016 0.004568 0.005143 0.005730 0.006319 0.006898 0.007452 0.007969 0.008433 0.008834 0.009158 0.009398 0.009544 0.009593 0.009544 0.009398 0.009158 0.008834 0.008433 0.007969 0.007452 0.006898 0.006319 0.005730 0.005143 0.004568 0.004016 0.003495 0.003011 0.002567 0.002166 0.001809 0.001496 0.001224 0.000991 0.000795 0.000631 0.000495 0.000385 0.000297 0.000226 0.000170 0.000127 0.000094 0.000069 0.000050 0.000036 0.000025 0.000018 0.000012 0.000009 0.000006 0.000004 0.000003 0.000002 0.000001 0.000001 0.000000 0.000000 0.000000 0.000000 0.000000 0.000000 
0.000000 0.000000 0.000000 0.000000 0.000000 0.000000 0.000001 0.000001 0.000002 0.000003 0.000004 0.000006 0.000009 0.000013 0.000019 0.000028 0.000039 0.000056 0.000077 0.000107 0.000146 0.000197 0.000264 0.000351 0.000460 0.000597 0.000768 0.000978 0.001232 0.001536 0.001896 0.002316 0.002802 0.003354 0.003974 0.004660 0.005410 0.006216 0.007069 0.007957 0.008866 0.009777 0.010671 0.011528 0.012326 0.013044 0.013663 0.014164 0.014534 0.014760 0.014836 0.014760 0.014534 0.014164 0.013663 0.013044 0.012326 0.011528 0.010671 0.009777 0.008866 0.007957 0.007069 0.006216 0.005410 0.004660 0.003974 0.003354 0.002802 0.002316 0.001896 0.001536 0.001232 0.000978 0.000768 0.000597 0.000460 0.000351 0.000264 0.000197 0.000146 0.000107 0.000077 0.000056 0.000039 0.000028 0.000019 0.000013 0.000009 0.000006 0.000004 0.000003 0.000002 0.000001 0.000001 0.000000 0.000000 0.000000 0.000000 0.000000 
0.000000 0.000000 0.000000 0.000000 0.000000 0.000001 0.000001 0.000002 0.000003 0.000004 0.000006 0.000009 0.000014 0.000020 0.000030 0.000043 0.000061 0.000085 0.000119 0.000164 0.000224 0.000303 0.000406 0.000538 0.000706 0.000916 0.001178 0.001499 0.001888 0.002354 0.002906 0.003550 0.004292 0.005137 0.006086 0.007137 0.008284 0.009517 0.010822 0.012181 0.013570 0.014963 0.016330 0.017640 0.018860 0.019958 0.020905 0.021671 0.022236 0.022582 0.022699 0.022582 0.022236 0.021671 0.020905 0.019958 0.018860 0.017640 0.016330 0.014963 0.013570 0.012181 0.010822 0.009517 0.008284 0.007137 0.006086 0.005137 0.004292 0.003550 0.002906 0.002354 0.001888 0.001499 0.001178 0.000916 0.000706 0.000538 0.000406 0.000303 0.000224 0.000164 0.000119 0.000085 0.000061 0.000043 0.000030 0.000020 0.000014 0.000009 0.000006 0.000004 0.000003 0.000002 0.000001 0.000001 0.000000 0.000000 0.000000 0.000000 
0.000000 0.000000 0.000000 0.000000 0.000001 0.000001 0.000002 0.000003 0.000004 0.000006 0.000010 0.000014 0.000021 0.000031 0.000045 0.000065 0.000092 0.000130 0.000181 0.000250 0.000341 0.000461 0.000617 0.000817 0.001072 0.001392 0.001789 0.002275 0.002866 0.003572 0.004408 0.005384 0.006509 0.007790 0.009227 0.010819 0.012556 0.014424 0.016400 0.018457 0.020560 0.022669 0.024738 0.026721 0.028568 0.030230 0.031662 0.032822 0.033677 0.034200 0.034377 0.034200 0.033677 0.032822 0.031662 0.030230 0.028568 0.026721 0.024738 0.022669 0.020560 0.018457 0.016400 0.014424 0.012556 0.010819 0.009227 0.007790 0.006509 0.005384 0.004408 0.003572 0.002866 0.002275 0.001789 0.001392 0.001072 0.000817 0.000617 0.000461 0.000341 0.000250 0.000181 0.000130 0.000092 0.000065 0.000045 0.000031 0.000021 0.000014 0.000010 0.000006 0.000004 0.000003 0.000002 0.000001 0.000001 0.000000 0.000000 0.000000 
0.000000 0.000000 0.000000 0.000001 0.000001 0.000002 0.000003 0.000004 0.000006 0.000010 0.000014 0.000022 0.000032 0.000047 0.000068 0.000098 0.000139 0.000196 0.000272 0.000376 0.000513 0.000693 0.000928 0.001229 0.001612 0.002092 0.002688 0.003420 0.004306 0.005366 0.006621 0.008085 0.009774 0.011695 0.013851 0.016239 0.018844 0.021644 0.024607 0.027691 0.030843 0.034004 0.037106 0.040078 0.042845 0.045336 0.047481 0.049220 0.050501 0.051285 0.051549 0.051285 0.050501 0.049220 0.047481 0.045336 0.042845 0.040078 0.037106 0.034004 0.030843 0.027691 0.024607 0.021644 0.018844 0.016239 0.013851 0.011695 0.009774 0.008085 0.006621 0.005366 0.004306 0.003420 0.002688 0.002092 0.001612 0.001229 0.000928 0.000693 0.000513 0.000376 0.000272 0.000196 0.000139 0.000098 0.000068 0.000047 0.000032 0.000022 0.000014 0.000010 0.000006 0.000004 0.000003 0.000002 0.000001 0.000001 0.000000 0.000000 
0.000000 0.000000 0.000001 0.000001 0.000002 0.000002 0.000004 0.000006 0.000009 0.000014 0.000022 0.000032 0.000048 0.000070 0.000102 0.000146 0.000207 0.000292 0.000406 0.000560 0.000765 0.001033 0.001382 0.001831 0.002400 0.003114 0.004001 0.005088 0.006406 0.007982 0.009846 0.012023 0.014531 0.017385 0.020588 0.024134 0.028002 0.032160 0.036559 0.041136 0.045815 0.050507 0.055110 0.059520 0.063627 0.067323 0.070506 0.073086 0.074986 0.076150 0.076542 0.076150 0.074986 0.073086 0.070506 0.067323 0.063627 0.059520 0.055110 0.050507 0.045815 0.041136 0.036559 0.032160 0.028002 0.024134 0.020588 0.017385 0.014531 0.012023 0.009846 0.007982 0.006406 0.005088 0.004001 0.003114 0.002400 0.001831 0.001382 0.001033 0.000765 0.000560 0.000406 0.000292 0.000207 0.000146 0.000102 0.000070 0.000048 0.000032 0.000022 0.000014 0.000009 0.000006 0.000004 0.000002 0.000002 0.000001 0.000000 0.000000 
0.000000 0.000000 0.000001 0.000001 0.000002 0.000004 0.000006 0.000009 0.000014 0.000021 0.000032 0.000048 0.000071 0.000104 0.000150 0.000216 0.000306 0.000431 0.000600 0.000827 0.001128 0.001524 0.002039 0.002699 0.003538 0.004590 0.005896 0.007497 0.009436 0.011757 0.014500 0.017702 0.021393 0.025591 0.030301 0.035515 0.041203 0.047316 0.053783 0.060512 0.067389 0.074284 0.081049 0.087530 0.093564 0.098995 0.103672 0.107462 0.110254 0.111964 0.112540 0.111964 0.110254 0.107462 0.103672 0.098995 0.093564 0.087530 0.081049 0.074284 0.067389 0.060512 0.053783 0.047316 0.041203 0.035515 0.030301 0.025591 0.021393 0.017702 0.014500 0.011757 0.009436 0.007497 0.005896 0.004590 0.003538 0.002699 0.002039 0.001524 0.001128 0.000827 0.000600 0.000431 0.000306 0.000216 0.000150 0.000104 0.000071 0.000048 0.000032 0.000021 0.000014 0.000009 0.000006 0.000004 0.000002 0.000001 0.000001 0.000000 
0.000000 0.000001 0.000001 0.000002 0.000003 0.000005 0.000009 0.000013 0.000020 0.000031 0.000047 0.000070 0.000104 0.000152 0.000220 0.000315 0.000448 0.000630 0.000876 0.001208 0.001648 0.002226 0.002977 0.003941 0.005164 0.006699 0.008603 0.010937 0.013764 0.017146 0.021143 0.025809 0.031185 0.037299 0.044159 0.051751 0.060033 0.068932 0.078346 0.088141 0.098150 0.108184 0.118030 0.127460 0.136240 0.144142 0.150947 0.156461 0.160523 0.163010 0.163848 0.163010 0.160523 0.156461 0.150947 0.144142 0.136240 0.127460 0.118030 0.108184 0.098150 0.088141 0.078346 0.068932 0.060033 0.051751 0.044159 0.037299 0.031185 0.025809 0.021143 0.017146 0.013764 0.010937 0.008603 0.006699 0.005164 0.003941 0.002977 0.002226 0.001648 0.001208 0.000876 0.000630 0.000448 0.000315 0.000220 0.000152 0.000104 0.000070 0.000047 0.000031 0.000020 0.000013 0.000008 0.000005 0.000003 0.000002 0.000001 0.000000 
0.000000 0.000001 0.000002 0.000003 0.000005 0.000008 0.000012 0.000019 0.000030 0.000045 0.000068 0.000102 0.000150 0.000220 0.000318 0.000457 0.000648 0.000911 0.001268 0.001748 0.002384 0.003219 0.004304 0.005696 0.007463 0.009680 0.012429 0.015798 0.019878 0.024759 0.030526 0.037257 0.045012 0.053830 0.063723 0.074670 0.086610 0.099439 0.113009 0.127125 0.141551 0.156011 0.170199 0.183786 0.196437 0.207821 0.217625 0.225570 0.231421 0.235005 0.236212 0.235005 0.231421 0.225570 0.217625 0.207821 0.196437 0.183786 0.170199 0.156011 0.141551 0.127125 0.113009 0.099439 0.086610 0.074670 0.063723 0.053830 0.045012 0.037257 0.030526 0.024759 0.019878 0.015798 0.012429 0.009680 0.007463 0.005696 0.004304 0.003219 0.002384 0.001748 0.001268 0.000911 0.000648 0.000457 0.000318 0.000220 0.000150 0.000102 0.000068 0.000045 0.000030 0.000019 0.000012 0.000008 0.000005 0.000003 0.000001 0.000000 
0.000000 0.000001 0.000002 0.000004 0.000007 0.000011 0.000018 0.000028 0.000043 0.000065 0.000098 0.000146 0.000216 0.000315 0.000457 0.000655 0.000929 0.001306 0.001817 0.002503 0.003414 0.004610 0.006162 0.008153 0.010680 0.013850 0.017780 0.022596 0.028426 0.035400 0.043640 0.053255 0.064330 0.076923 0.091050 0.106680 0.123725 0.142037 0.161406 0.181553 0.202139 0.222773 0.243017 0.262403 0.280453 0.296694 0.310680 0.322013 0.330361 0.335473 0.337195 0.335473 0.330361 0.322013 0.310680 0.296694 0.280453 0.262403 0.243017 0.222773 0.202139 0.181553 0.161406 0.142037 0.123725 0.106680 0.091050 0.076923 0.064330 0.053255 0.043640 0.035400 0.028426 0.022596 0.017780 0.013850 0.010680 0.008153 0.006162 0.004610 0.003414 0.002503 0.001817 0.001306 0.000929 0.000655 0.000457 0.000315 0.000216 0.000146 0.000098 0.000065 0.000043 0.000028 0.000018 0.000011 0.000007 0.000004 0.000002 0.000000 
0.000000 0.000002 0.000003 0.000006 0.000010 0.000016 0.000025 0.000039 0.000061 0.000092 0.000139 0.000207 0.000306 0.000448 0.000648 0.000929 0.001319 0.001853 0.002578 0.003551 0.004841 0.006535 0.008733 0.011554 0.015133 0.019620 0.025183 0.031998 0.040249 0.050116 0.061772 0.075371 0.091034 0.108841 0.128815 0.150910 0.175005 0.200889 0.228262 0.256733 0.285823 0.314978 0.343580 0.370969 0.396468 0.419411 0.439169 0.455177 0.466969 0.474190 0.476622 0.474190 0.466969 0.455177 0.439169 0.419411 0.396468 0.370969 0.343580 0.314978 0.285823 0.256733 0.228262 0.200889 0.175005 0.150910 0.128815 0.108841 0.091034 0.075371 0.061772 0.050116 0.040249 0.031998 0.025183 0.019620 0.015133 0.011554 0.008733 0.006535 0.004841 0.003551 0.002578 0.001853 0.001319 0.000929 0.000648 0.000448 0.000306 0.000207 0.000139 0.000092 0.000061 0.000039 0.000025 0.000016 0.000010 0.000006 0.000002 0.000000 
0.000000 0.000002 0.000005 0.000009 0.000014 0.000023 0.000036 0.000056 0.000085 0.000130 0.000196 0.000292 0.000431 0.000630 0.000911 0.001306 0.001853 0.002603 0.003621 0.004986 0.006797 0.009173 0.012256 0.016211 0.021228 0.027519 0.035316 0.044866 0.056425 0.070247 0.086574 0.105619 0.127553 0.152485 0.180447 0.211376 0.245100 0.281325 0.319631 0.359470 0.400173 0.440963 0.480977 0.519292 0.554963 0.587055 0.614690 0.637082 0.653575 0.663675 0.667076 0.663675 0.653575 0.637082 0.614690 0.587055 0.554963 0.519292 0.480977 0.440963 0.400173 0.359470 0.319631 0.281325 0.245100 0.211376 0.180447 0.152485 0.127553 0.105619 0.086574 0.070247 0.056425 0.044866 0.035316 0.027519 0.021228 0.016211 0.012256 0.009173 0.006797 0.004986 0.003621 0.002603 0.001853 0.001306 0.000911 0.000630 0.000431 0.000292 0.000196 0.000130 0.000085 0.000055 0.000036 0.000022 0.000014 0.000008 0.000004 0.000000 
0.000000 0.000003 0.000007 0.000012 0.000020 0.000032 0.000050 0.000077 0.000119 0.000181 0.000272 0.000406 0.000600 0.000876 0.001268 0.001817 0.002578 0.003621 0.005035 0.006931 0.009447 0.012747 0.017029 0.022520 0.029485 0.038216 0.049035 0.062285 0.078321 0.097493 0.120135 0.146544 0.176955 0.211519 0.250279 0.293147 0.339884 0.390083 0.443161 0.498359 0.554750 0.611257 0.666686 0.719759 0.769166 0.813616 0.851891 0.882902 0.905743 0.919731 0.924442 0.919731 0.905743 0.882902 0.851891 0.813616 0.769166 0.719759 0.666686 0.611257 0.554750 0.498359 0.443161 0.390083 0.339884 0.293147 0.250279 0.211519 0.176955 0.146544 0.120135 0.097493 0.078321 0.062285 0.049035 0.038216 0.029485 0.022520 0.017029 0.012747 0.009447 0.006931 0.005035 0.003621 0.002578 0.001817 0.001268 0.000876 0.000600 0.000406 0.000272 0.000181 0.000119 0.000077 0.000050 0.000031 0.000019 0.000011 0.000005 0.000000 
0.000000 0.000004 0.000009 0.000017 0.000027 0.000044 0.000069 0.000107 0.000164 0.000250 0.000376 0.000560 0.000827 0.001208 0.001748 0.002503 0.003551 0.004986 0.006931 0.009540 0.013001 0.017539 0.023425 0.030974 0.040546 0.052544 0.067409 0.085611 0.107635 0.133965 0.165057 0.201315 0.243063 0.290506 0.343704 0.402535 0.466668 0.535545 0.608367 0.684092 0.761447 0.838957 0.914982 0.987774 1.055535 1.116494 1.168983 1.211511 1.242833 1.262014 1.268473 1.262014 1.242833 1.211511 1.168983 1.116494 1.055535 0.987774 0.914982 0.838957 0.761447 0.684092 0.608367 0.535545 0.466668 0.402535 0.343704 0.290506 0.243063 0.201315 0.165057 0.133965 0.107635 0.085611 0.067409 0.052544 0.040546 0.030974 0.023425 0.017539 0.013001 0.009540 0.006931 0.004986 0.003551 0.002503 0.001748 0.001208 0.000827 0.000560 0.000376 0.000250 0.000164 0.000107 0.000068 0.000043 0.000026 0.000015 0.000007 0.000000 
0.000000 0.000006 0.000013 0.000023 0.000037 0.000060 0.000094 0.000146 0.000224 0.000341 0.000513 0.000765 0.001128 0.001648 0.002384 0.003414 0.004841 0.006797 0.009447 0.013001 0.017712 0.023891 0.031904 0.042178 0.055202 0.071526 0.091747 0.116504 0.146456 0.182257 0.224528 0.273817 0.330562 0.395041 0.467334 0.547272 0.634408 0.727982 0.826906 0.929765 1.034832 1.140103 1.243352 1.342204 1.434220 1.516997 1.588270 1.646015 1.688544 1.714588 1.723358 1.714588 1.688544 1.646015 1.588270 1.516997 1.434220 1.342204 1.243352 1.140103 1.034832 0.929765 0.826906 0.727982 0.634408 0.547272 0.467334 0.395041 0.330562 0.273817 0.224528 0.182257 0.146456 0.116504 0.091747 0.071526 0.055202 0.042178 0.031904 0.023891 0.017712 0.013001 0.009447 0.006797 0.004841 0.003414 0.002384 0.001648 0.001128 0.000765 0.000513 0.000341 0.000224 0.000146 0.000094 0.000059 0.000036 0.000021 0.000009 0.000000 
0.000000 0.000008 0.000017 0.000031 0.000051 0.000081 0.000127 0.000197 0.000303 0.000461 0.000693 0.001033 0.001524 0.002226 0.003219 0.004610 0.006535 0.009173 0.012747 0.017539 0.023891 0.032220 0.043018 0.056862 0.074409 0.096397 0.123632 0.156970 0.197299 0.245497 0.302397 0.368737 0.445103 0.531868 0.629137 0.736684 0.853902 0.979770 1.112825 1.251163 1.392461 1.534024 1.672861 1.805779 1.929500 2.040794 2.136618 2.214253 2.271429 2.306443 2.318233 2.306443 2.271429 2.214253 2.136618 2.040794 1.929500 1.805779 1.672861 1.534024 1.392461 1.251163 1.112825 0.979770 0.853902 0.736684 0.629137 0.531868 0.445103 0.368737 0.302397 0.245497 0.197299 0.156970 0.123632 0.096397 0.074409 0.056862 0.043018 0.032220 0.023891 0.017539 0.012747 0.009173 0.006535 0.004610 0.003219 0.002226 0.001524 0.001033 0.000693 0.000461 0.000303 0.000197 0.000127 0.000080 0.000049 0.000028 0.000013 0.000000 
0.000000 0.000010 0.000023 0.000041 0.000068 0.000108 0.000170 0.000264 0.000406 0.000617 0.000928 0.001382 0.002039 0.002977 0.004304 0.006162 0.008733 0.012256 0.017029 0.023425 0.031904 0.043018 0.057426 0.075894 0.099300 0.128624 0.164939 0.209389 0.263149 0.327393 0.403227 0.491631 0.593384 0.708982 0.838561 0.981818 1.137945 1.305579 1.482771 1.666985 1.855129 2.043616 2.228462 2.405420 2.570126 2.718285 2.845845 2.949189 3.025299 3.071905 3.087600 3.071905 3.025299 2.949189 2.845845 2.718285 2.570126 2.405420 2.228462 2.043616 1.855129 1.666985 1.482771 1.305579 1.137945 0.981818 0.838561 0.708982 0.593384 0.491631 0.403227 0.327393 0.263149 0.209389 0.164939 0.128624 0.099300 0.075894 0.057426 0.043018 0.031904 0.023425 0.017029 0.012256 0.008733 0.006162 0.004304 0.002977 0.002038 0.001382 0.000928 0.000617 0.000406 0.000264 0.000170 0.000107 0.000065 0.000037 0.000017 0.000000 
0.000000 0.000014 0.000031 0.000055 0.000090 0.000144 0.000226 0.000351 0.000538 0.000817 0.001229 0.001831 0.002699 0.003941 0.005696 0.008153 0.011554 0.016211 0.022520 0.030974 0.042178 0.056862 0.075894 0.100286 0.131195 0.169914 0.217857 0.276530 0.347486 0.432267 0.532331 0.648969 0.783204 0.935689 1.106600 1.295534 1.501425 1.722472 1.956106 2.198983 2.447026 2.695506 2.939175 3.172434 3.389536 3.584818 3.752947 3.889154 3.989465 4.050891 4.071577 4.050891 3.989465 3.889154 3.752947 3.584818 3.389536 3.172434 2.939175 2.695506 2.447026 2.198983 1.956106 1.722472 1.501425 1.295534 1.106600 0.935689 0.783204 0.648969 0.532331 0.432267 0.347486 0.276530 0.217857 0.169914 0.131195 0.100286 0.075894 0.056862 0.042178 0.030974 0.022520 0.016211 0.011554 0.008153 0.005696 0.003941 0.002699 0.001830 0.001229 0.000817 0.000538 0.000350 0.000225 0.000142 0.000087 0.000049 0.000022 0.000000 
0.000000 0.000018 0.000041 0.000072 0.000118 0.000189 0.000297 0.000460 0.000706 0.001072 0.001612 0.002400 0.003538 0.005164 0.007463 0.010680 0.015133 0.021228 0.029485 0.040546 0.055202 0.074409 0.099300 0.131195 0.171605 0.222219 0.284883 0.361562 0.454280 0.565051 0.695775 0.848136 1.023465 1.222610 1.445799 1.692503 1.961327 2.249919 2.554921 2.871969 3.195740 3.520065 3.838095 4.142524 4.425856 4.680705 4.900110 5.077854 5.208754 5.288911 5.315903 5.288911 5.208754 5.077854 4.900110 4.680705 4.425856 4.142524 3.838095 3.520065 3.195740 2.871969 2.554921 2.249919 1.961327 1.692503 1.445799 1.222610 1.023465 0.848136 0.695775 0.565051 0.454280 0.361562 0.284883 0.222219 0.171605 0.131195 0.099300 0.074409 0.055202 0.040546 0.029485 0.021228 0.015133 0.010680 0.007463 0.005164 0.003538 0.002400 0.001612 0.001072 0.000705 0.000459 0.000295 0.000186 0.000114 0.000065 0.000029 0.000000 
0.000000 0.000024 0.000053 0.000093 0.000154 0.000245 0.000385 0.000597 0.000916 0.001392 0.002092 0.003114 0.004590 0.006699 0.009680 0.013850 0.019620 0.027519 0.038216 0.052544 0.071526 0.096397 0.128624 0.169914 0.222219 0.287723 0.368812 0.468023 0.587973 0.731261 0.900342 1.097386 1.324112 1.581612 1.870176 2.189116 2.536625 2.909660 3.303881 3.713646 4.132076 4.551200 4.962169 5.355547 5.721649 6.050937 6.334421 6.564073 6.733197 6.836758 6.871632 6.836758 6.733197 6.564073 6.334421 6.050937 5.721649 5.355547 4.962169 4.551200 4.132076 3.713646 3.303881 2.909660 2.536625 2.189116 1.870176 1.581612 1.324112 1.097386 0.900342 0.731261 0.587973 0.468023 0.368812 0.287723 0.222219 0.169914 0.128624 0.096397 0.071526 0.052544 0.038216 0.027519 0.019620 0.013850 0.009680 0.006699 0.004590 0.003114 0.002092 0.001391 0.000916 0.000596 0.000383 0.000242 0.000148 0.000084 0.000038 0.000000 
0.000000 0.000031 0.000068 0.000120 0.000198 0.000316 0.000495 0.000768 0.001178 0.001789 0.002688 0.004001 0.005896 0.008603 0.012429 0.017780 0.025183 0.035316 0.049035 0.067409 0.091747 0.123632 0.164939 0.217857 0.284883 0.368812 0.472695 0.599781 0.753414 0.936918 1.153432 1.405728 1.696002 2.025645 2.395023 2.803252 3.248014 3.725412 4.229891 4.754228 5.289624 5.825881 6.351681 6.854953 7.323313 7.744563 8.107209 8.400984 8.617328 8.749802 8.794412 8.749802 8.617328 8.400984 8.107209 7.744563 7.323313 6.854953 6.351681 5.825881 5.289624 4.754228 4.229891 3.725412 3.248014 2.803252 2.395023 2.025645 1.696002 1.405728 1.153432 0.936918 0.753414 0.599781 0.472695 0.368812 0.284883 0.217857 0.164939 0.123632 0.091747 0.067409 0.049035 0.035316 0.025183 0.017780 0.012429 0.008603 0.005896 0.004001 0.002688 0.001788 0.001177 0.000767 0.000493 0.000311 0.000191 0.000109 0.000049 0.000000 
0.000000 0.000039 0.000086 0.000153 0.000252 0.000402 0.000631 0.000978 0.001499 0.002275 0.003420 0.005088 0.007497 0.010937 0.015798 0.022596 0.031998 0.044866 0.062285 0.085611 0.116504 0.156970 0.209389 0.276530 0.361562 0.468023 0.599781 0.760947 0.955759 1.188424 1.462914 1.782737 2.150668 2.568466 3.036585 3.553901 4.117472 4.722357 5.361513 6.025790 6.704042 7.383351 8.049386 8.686859 9.280091 9.813637 10.272945 10.645018 10.919018 11.086796 11.143294 11.086796 10.919018 10.645018 10.272945 9.813637 9.280091 8.686859 8.049386 7.383351 6.704042 6.025790 5.361513 4.722357 4.117472 3.553901 3.036585 2.568466 2.150668 1.782737 1.462914 1.188424 0.955759 0.760947 0.599781 0.468023 0.361562 0.276530 0.209389 0.156970 0.116504 0.085611 0.062285 0.044866 0.031998 0.022596 0.015798 0.010937 0.007497 0.005088 0.003419 0.002275 0.001498 0.000976 0.000628 0.000397 0.000243 0.000138 0.000062 0.000000 
0.000000 0.000049 0.000109 0.000193 0.000317 0.000506 0.000795 0.001232 0.001888 0.002866 0.004306 0.006406 0.009436 0.013764 0.019878 0.028426 0.040249 0.056425 0.078321 0.107635 0.146456 0.197299 0.263149 0.347486 0.454280 0.587973 0.753414 0.955759 1.200322 1.492373 1.836892 2.238273 2.699989 3.224239 3.811586 4.460611 5.167620 5.926408 6.728139 7.561334 8.412014 9.263982 10.099265 10.898700 11.642629 12.311692 12.887647 13.354204 13.697778 13.908157 13.979000 13.908157 13.697778 13.354204 12.887647 12.311692 11.642629 10.898700 10.099265 9.263982 8.412014 7.561334 6.728139 5.926408 5.167620 4.460611 3.811586 3.224239 2.699989 2.238273 1.836892 1.492373 1.200322 0.955759 0.753414 0.587973 0.454280 0.347486 0.263149 0.197299 0.146456 0.107635 0.078321 0.056425 0.040249 0.028426 0.019878 0.013764 0.009436 0.006405 0.004305 0.002865 0.001887 0.001229 0.000791 0.000500 0.000306 0.000174 0.000079 0.000000 
0.000000 0.000061 0.000136 0.000240 0.000396 0.000632 0.000991 0.001536 0.002354 0.003572 0.005366 0.007982 0.011757 0.017146 0.024759 0.035400 0.050116 0.070247 0.097493 0.133965 0.182257 0.245497 0.327393 0.432267 0.565051 0.731261 0.936918 1.188424 1.492373 1.855307 2.283404 2.782112 3.355738 4.007003 4.736597 5.542751 6.420866 7.363235 8.358878 9.393542 10.449866 11.507742 12.544860 13.537433 14.461061 15.291716 16.006761 16.585978 17.012510 17.273684 17.361631 17.273684 17.012510 16.585978 16.006761 15.291716 14.461061 13.537433 12.544860 11.507742 10.449866 9.393542 8.358878 7.363235 6.420866 5.542751 4.736597 4.007003 3.355738 2.782112 2.283404 1.855307 1.492373 1.188424 0.936918 0.731261 0.565051 0.432267 0.327393 0.245497 0.182257 0.133965 0.097493 0.070247 0.050115 0.035400 0.024759 0.017146 0.011757 0.007982 0.005366 0.003571 0.002353 0.001533 0.000986 0.000623 0.000382 0.000217 0.000098 0.000000 
0.000000 0.000076 0.000168 0.000297 0.000489 0.000780 0.001224 0.001896 0.002906 0.004408 0.006621 0.009846 0.014500 0.021143 0.030526 0.043640 0.061772 0.086574 0.120135 0.165057 0.224528 0.302397 0.403227 0.532331 0.695775 0.900342 1.153432 1.462914 1.836892 2.283404 2.810037 3.423484 4.129028 4.930006 5.827254 6.818588 7.898346 9.057042 10.281176 11.553221 12.851835 14.152302 15.427202 16.647303 17.782622 18.803632 19.682520 20.394445 20.918696 21.239702 21.347797 21.239702 20.918696 20.394445 19.682520 18.803632 17.782622 16.647303 15.427202 14.152302 12.851835 11.553221 10.281176 9.057042 7.898346 6.818588 5.827254 4.930006 4.129028 3.423484 2.810037 2.283404 1.836892 1.462914 1.153432 0.900342 0.695775 0.532331 0.403227 0.302397 0.224528 0.165057 0.120135 0.086574 0.061772 0.043640 0.030526 0.021143 0.014500 0.009846 0.006620 0.004407 0.002903 0.001892 0.001218 0.000770 0.000472 0.000269 0.000121 0.000000 
0.000000 0.000092 0.000205 0.000363 0.000598 0.000954 0.001496 0.002316 0.003550 0.005384 0.008085 0.012023 0.017702 0.025809 0.037257 0.053255 0.075371 0.105619 0.146544 0.201315 0.273817 0.368737 0.491631 0.648969 0.848136 1.097386 1.405728 1.782737 2.238273 2.782112 3.423484 4.170523 5.029651 6.004916 7.097325 8.304206 9.618658 11.029128 12.519175 14.067467 15.648029 17.230781 18.782362 20.267202 21.648826 22.891311 23.960825 24.827147 25.465088 25.855704 25.987238 25.855704 25.465088 24.827147 23.960825 22.891311 21.648826 20.267202 18.782362 17.230781 15.648029 14.067467 12.519175 11.029128 9.618658 8.304206 7.097325 6.004916 5.029651 4.170523 3.423484 2.782112 2.238273 1.782737 1.405728 1.097386 0.848136 0.648969 0.491631 0.368737 0.273817 0.201315 0.146544 0.105619 0.075371 0.053255 0.037257 0.025808 0.017702 0.012022 0.008084 0.005382 0.003547 0.002312 0.001488 0.000941 0.000577 0.000328 0.000148 0.000000 
0.000000 0.000112 0.000249 0.000439 0.000723 0.001154 0.001809 0.002802 0.004292 0.006509 0.009774 0.014531 0.021393 0.031185 0.045012 0.064330 0.091034 0.127553 0.176955 0.243063 0.330562 0.445103 0.593384 0.783204 1.023465 1.324112 1.696002 2.150668 2.699989 3.355738 4.129028 5.029651 6.065332 7.240935 8.557661 10.012277 11.596454 13.296260 15.091880 16.957603 18.862132 20.769228 22.638701 24.427703 26.092302 27.589231 28.877742 29.921438 30.689984 31.160568 31.319030 31.160568 30.689984 29.921438 28.877742 27.589231 26.092302 24.427703 22.638701 20.769228 18.862132 16.957603 15.091880 13.296260 11.596454 10.012277 8.557661 7.240935 6.065332 5.029651 4.129028 3.355738 2.699989 2.150668 1.696002 1.324112 1.023465 0.783204 0.593384 0.445103 0.330562 0.243063 0.176955 0.127553 0.091034 0.064330 0.045012 0.031184 0.021392 0.014531 0.009773 0.006507 0.004289 0.002796 0.001800 0.001138 0.000698 0.000397 0.000180 0.000000 
0.000000 0.000134 0.000298 0.000526 0.000866 0.001381 0.002166 0.003354 0.005137 0.007790 0.011695 0.017385 0.025591 0.037299 0.053830 0.076923 0.108841 0.152485 0.211519 0.290506 0.395041 0.531868 0.708982 0.935689 1.222610 1.581612 2.025645 2.568466 3.224239 4.007003 4.930006 6.004916 7.240935 8.643853 10.215084 11.950757 13.840922 15.868949 18.011190 20.236970 22.508954 24.783919 27.013930 29.147891 31.133409 32.918895 34.455758 35.700603 36.617258 37.178526 37.367523 37.178526 36.617258 35.700603 34.455758 32.918895 31.133409 29.147891 27.013930 24.783919 22.508954 20.236970 18.011190 15.868949 13.840922 11.950757 10.215084 8.643853 7.240935 6.004916 4.930006 4.007003 3.224239 2.568466 2.025645 1.581612 1.222610 0.935689 0.708982 0.531868 0.395041 0.290506 0.211519 0.152485 0.108841 0.076923 0.053830 0.037299 0.025590 0.017384 0.011694 0.007788 0.005134 0.003347 0.002155 0.001363 0.000835 0.000476 0.000215 0.000000 
0.000000 0.000159 0.000353 0.000624 0.001026 0.001637 0.002567 0.003974 0.006086 0.009227 0.013851 0.020588 0.030301 0.044159 0.063723 0.091050 0.128815 0.180447 0.250279 0.343704 0.467334 0.629137 0.838561 1.106600 1.445799 1.870176 2.395023 3.036585 3.811586 4.736597 5.827254 7.097325 8.557661 10.215084 12.071247 14.121560 16.354258 18.749687 21.279909 23.908693 26.591946 29.278628 31.912140 34.432153 36.776814 38.885216 40.700001 42.169939 43.252333 43.915078 44.138246 43.915078 43.252333 42.169939 40.700001 38.885216 36.776814 34.432153 31.912140 29.278628 26.591946 23.908693 21.279909 18.749687 16.354258 14.121560 12.071247 10.215084 8.557661 7.097325 5.827254 4.736597 3.811586 3.036585 2.395023 1.870176 1.445799 1.106600 0.838561 0.629137 0.467334 0.343704 0.250279 0.180447 0.128815 0.091050 0.063723 0.044159 0.030301 0.020587 0.013850 0.009225 0.006082 0.003966 0.002554 0.001615 0.000990 0.000564 0.000255 0.000000 
0.000000 0.000187 0.000414 0.000732 0.001204 0.001921 0.003011 0.004660 0.007137 0.010819 0.016239 0.024134 0.035515 0.051751 0.074670 0.106680 0.150910 0.211376 0.293147 0.402535 0.547272 0.736684 0.981818 1.295534 1.692503 2.189116 2.803252 3.553901 4.460611 5.542751 6.818588 8.304206 10.012277 11.950757 14.121560 16.519303 19.130210 21.931289 24.889864 27.963568 31.100851 34.242042 37.320980 40.267146 43.008245 45.473092 47.594647 49.313042 50.578376 51.353130 51.614013 51.353130 50.578376 49.313042 47.594647 45.473092 43.008245 40.267146 37.320980 34.242042 31.100851 27.963568 24.889864 21.931289 19.130210 16.519303 14.121560 11.950757 10.012277 8.304206 6.818588 5.542751 4.460611 3.553901 2.803252 2.189116 1.692503 1.295534 0.981818 0.736684 0.547272 0.402535 0.293147 0.211376 0.150910 0.106679 0.074670 0.051751 0.035515 0.024133 0.016237 0.010816 0.007132 0.004651 0.002995 0.001895 0.001162 0.000662 0.000299 0.000000 
0.000000 0.000217 0.000481 0.000851 0.001399 0.002230 0.003495 0.005410 0.008284 0.012556 0.018844 0.028002 0.041203 0.060033 0.086610 0.123725 0.175005 0.245100 0.339884 0.466668 0.634408 0.853902 1.137945 1.501425 1.961327 2.536625 3.248014 4.117472 5.167620 6.420866 7.898346 9.618658 11.596454 13.840922 16.354258 19.130210 22.152815 25.395441 28.820258 32.378220 36.009657 39.645510 43.209209 46.619151 49.791679 52.644422 55.099814 57.088582 58.552991 59.449631 59.751556 59.449631 58.552991 57.088582 55.099814 52.644422 49.791679 46.619151 43.209209 39.645510 36.009657 32.378220 28.820258 25.395441 22.152815 19.130210 16.354258 13.840922 11.596454 9.618658 7.898346 6.420866 5.167620 4.117472 3.248014 2.536625 1.961327 1.501425 1.137945 0.853902 0.634408 0.466668 0.339884 0.245100 0.175005 0.123724 0.086610 0.060033 0.041202 0.028001 0.018842 0.012553 0.008278 0.005400 0.003478 0.002200 0.001349 0.000769 0.000348 0.000000 
0.000000 0.000249 0.000553 0.000978 0.001607 0.002563 0.004016 0.006216 0.009517 0.014424 0.021644 0.032160 0.047316 0.068932 0.099439 0.142037 0.200889 0.281325 0.390083 0.535545 0.727982 0.979770 1.305579 1.722472 2.249919 2.909660 3.725412 4.722357 5.926408 7.363235 9.057042 11.029128 13.296260 15.868949 18.749687 21.931289 25.395441 29.111613 33.036439 37.113712 41.275056 45.441345 49.524851 53.432086 57.067212 60.335870 63.149204 65.427866 67.105722 68.133047 68.478977 68.133047 67.105722 65.427866 63.149204 60.335870 57.067212 53.432086 49.524851 45.441345 41.275056 37.113712 33.036439 29.111613 25.395441 21.931289 18.749687 15.868949 13.296260 11.029128 9.057042 7.363235 5.926408 4.722357 3.725412 2.909660 2.249919 1.722472 1.305579 0.979770 0.727982 0.535545 0.390083 0.281325 0.200888 0.142037 0.099439 0.068932 0.047315 0.032158 0.021642 0.014420 0.009510 0.006204 0.003996 0.002529 0.001551 0.000884 0.000400 0.000000 
0.000000 0.000284 0.000630 0.001112 0.001829 0.002915 0.004568 0.007069 0.010822 0.016400 0.024607 0.036559 0.053783 0.078346 0.113009 0.161406 0.228262 0.319631 0.443161 0.608367 0.826906 1.112825 1.482771 1.956106 2.554921 3.303881 4.229891 5.361513 6.728139 8.358878 10.281176 12.519175 15.091880 18.011190 21.279909 24.889864 28.820258 33.036439 37.489199 42.114768 46.835581 51.561881 56.194162 60.626392 64.749877 68.457603 71.648803 74.233490 76.136668 77.301948 77.694330 77.301948 76.136668 74.233490 71.648803 68.457603 64.749877 60.626392 56.194162 51.561881 46.835581 42.114768 37.489199 33.036439 28.820258 24.889864 21.279909 18.011190 15.091880 12.519175 10.281176 8.358878 6.728139 5.361513 4.229891 3.303881 2.554921 1.956106 1.482771 1.112825 0.826906 0.608367 0.443161 0.319631 0.228262 0.161406 0.113009 0.078346 0.053782 0.036557 0.024605 0.016396 0.010814 0.007056 0.004545 0.002877 0.001764 0.001005 0.000455 0.000000 
0.000000 0.000319 0.000709 0.001253 0.002059 0.003282 0.005143 0.007957 0.012181 0.018457 0.027691 0.041136 0.060512 0.088141 0.127125 0.181553 0.256733 0.359470 0.498359 0.684092 0.929765 1.251163 1.666985 2.198983 2.871969 3.713646 4.754228 6.025790 7.561334 9.393542 11.553221 14.067467 16.957603 20.236970 23.908693 27.963568 32.378220 37.113712 42.114768 47.309765 52.611591 57.919454 63.121619 68.099025 72.729634 76.893292 80.476865 83.379324 85.516471 86.825000 87.265617 86.825000 85.516471 83.379324 80.476865 76.893292 72.729634 68.099025 63.121619 57.919454 52.611591 47.309765 42.114768 37.113712 32.378220 27.963568 23.908693 20.236970 16.957603 14.067467 11.553221 9.393542 7.561334 6.025790 4.754228 3.713646 2.871969 2.198983 1.666985 1.251163 0.929765 0.684092 0.498359 0.359470 0.256733 0.181553 0.127125 0.088140 0.060511 0.041135 0.027688 0.018452 0.012172 0.007942 0.005117 0.003239 0.001986 0.001132 0.000512 0.000000 
0.000000 0.000356 0.000791 0.001396 0.002295 0.003658 0.005730 0.008866 0.013570 0.020560 0.030843 0.045815 0.067389 0.098150 0.141551 0.202139 0.285823 0.400173 0.554750 0.761447 1.034832 1.392461 1.855129 2.447026 3.195740 4.132076 5.289624 6.704042 8.412014 10.449866 12.851835 15.648029 18.862132 22.508954 26.591946 31.100851 36.009657 41.275056 46.835581 52.611591 58.506239 64.407470 70.191073 75.724702 80.872699 85.501512 89.485392 92.712044 95.087887 96.542558 97.032384 96.542558 95.087887 92.712044 89.485392 85.501512 80.872699 75.724702 70.191073 64.407470 58.506239 52.611591 46.835581 41.275056 36.009657 31.100851 26.591946 22.508954 18.862132 15.648029 12.851835 10.449866 8.412014 6.704042 5.289624 4.132076 3.195740 2.447026 1.855129 1.392461 1.034832 0.761447 0.554750 0.400173 0.285823 0.202139 0.141551 0.098150 0.067388 0.045814 0.030840 0.020554 0.013560 0.008849 0.005701 0.003609 0.002213 0.001262 0.000571 0.000000 
0.000000 0.000393 0.000872 0.001540 0.002531 0.004034 0.006319 0.009777 0.014963 0.022669 0.034004 0.050507 0.074284 0.108184 0.156011 0.222773 0.314978 0.440963 0.611257 0.838957 1.140103 1.534024 2.043616 2.695506 3.520065 4.551200 5.825881 7.383351 9.263982 11.507742 14.152302 17.230781 20.769228 24.783919 29.278628 34.242042 39.645510 45.441345 51.561881 57.919454 64.407470 70.902603 77.268159 83.358491 89.024319 94.118678 98.503195 102.054308 104.669040 106.269972 106.809047 106.269972 104.669040 102.054308 98.503195 94.118678 89.024319 83.358491 77.268159 70.902603 64.407470 57.919454 51.561881 45.441345 39.645510 34.242042 29.278628 24.783919 20.769228 17.230781 14.152302 11.507742 9.263982 7.383351 5.825881 4.551200 3.520065 2.695506 2.043616 1.534024 1.140103 0.838957 0.611257 0.440963 0.314978 0.222773 0.156011 0.108184 0.074283 0.050505 0.034000 0.022662 0.014952 0.009758 0.006288 0.003980 0.002441 0.001392 0.000629 0.000000 
0.000000 0.000429 0.000952 0.001681 0.002763 0.004404 0.006898 0.010671 0.016330 0.024738 0.037106 0.055110 0.081049 0.118030 0.170199 0.243017 0.343580 0.480977 0.666686 0.914982 1.243352 1.672861 2.228462 2.939175 3.838095 4.962169 6.351681 8.049386 10.099265 12.544860 15.427202 18.782362 22.638701 27.013930 31.912140 37.320980 43.209209 49.524851 56.194162 63.121619 70.191073 77.268159 84.203947 90.839764 97.012979 102.563491 107.340559 111.209579 114.058377 115.802614 116.389942 115.802614 114.058377 111.209579 107.340559 102.563491 97.012979 90.839764 84.203947 77.268159 70.191073 63.121619 56.194162 49.524851 43.209209 37.320980 31.912140 27.013930 22.638701 18.782362 15.427202 12.544860 10.099265 8.049386 6.351681 4.962169 3.838095 2.939175 2.228462 1.672861 1.243352 0.914982 0.666686 0.480977 0.343579 0.243016 0.170198 0.118029 0.081048 0.055108 0.037102 0.024732 0.016318 0.010650 0.006863 0.004345 0.002665 0.001519 0.000687 0.000000 
