0.000000 0.000000 0.000000 0.000000 0.000000 0.000000 0.000000 0.000000 0.000000 0.000000 0.000000 0.000000 0.000000 0.000000 0.000000 0.000000 0.000000 0.000000 0.000000 0.000000 0.000000 0.000000 0.000000 0.000000 0.000000 0.000000 0.000000 0.000000 0.000000 0.000000 0.000000 0.000000 0.000000 0.000000 0.000000 0.000000 0.000000 0.000000 0.000000 0.000000 0.000000 0.000000 0.000000 0.000000 0.000000 0.000000 0.000000 0.000000 0.000000 0.000000 0.000000 0.000000 0.000000 0.000000 0.000000 0.000000 0.000000 0.000000 0.000000 0.000000 0.000000 0.000000 0.000000 0.000000 0.000000 0.000000 0.000000 0.000000 0.000000 0.000000 0.000000 0.000000 0.000000 0.000000 0.000000 0.000000 0.000000 0.000000 0.000000 0.000000 0.000000 0.000000 0.000000 0.000000 0.000000 0.000000 0.000000 0.000000 0.000000 0.000000 0.000000 0.000000 0.000000 0.000000 0.000000 0.000000 0.000000 0.000000 0.000000 0.000000 
0.000000 0.000000 0.000000 0.000000 0.000000 0.000000 0.000000 0.000000 0.000000 0.000000 0.000001 0.000001 0.000001 0.000002 0.000002 0.000003 0.000005 0.000006 0.000009 0.000012 0.000016 0.000021 0.000027 0.000035 0.000046 0.000058 0.000074 0.000092 0.000115 0.000141 0.000172 0.000207 0.000247 0.000292 0.000343 0.000398 0.000457 0.000521 0.000587 0.000656 0.000726 0.000795 0.000863 0.000928 0.000988 0.001042 0.001088 0.001125 0.001153 0.001169 0.001175 0.001169 0.001153 0.001125 0.001088 0.001042 0.000988 0.000928 0.000863 0.000795 0.000726 0.000656 0.000587 0.000521 0.000457 0.000398 0.000343 0.000292 0.000247 0.000207 0.000172 0.000141 0.000115 0.000092 0.000074 0.000058 0.000046 0.000035 0.000027 0.000021 0.000016 0.000012 0.000009 0.000006 0.000005 0.000003 0.000002 0.000002 0.000001 0.000001 0.000001 0.000000 0.000000 0.000000 0.000000 0.000000 0.000000 0.000000 0.000000 0.000000 
0.000000 0.000000 0.000000 0.000000 0.000000 0.000000 0.000000 0.000000 0.000001 0.000001 0.000001 0.000002 0.000003 0.000004 0.000005 0.000007 0.000010 0.000014 0.000019 0.000026 0.000034 0.000045 0.000060 0.000078 0.000100 0.000128 0.000162 0.000202 0.000251 0.000309 0.000376 0.000453 0.000542 0.000641 0.000751 0.000872 0.001002 0.001141 0.001287 0.001438 0.001591 0.001743 0.001891 0.002033 0.002164 0.002282 0.002383 0.002465 0.002525 0.002562 0.002574 0.002562 0.002525 0.002465 0.002383 0.002282 0.002164 0.002033 0.001891 0.001743 0.001591 0.001438 0.001287 0.001141 0.001002 0.000872 0.000751 0.000641 0.000542 0.000453 0.000376 0.000309 0.000251 0.000202 0.000162 0.000128 0.000100 0.000078 0.000060 0.000045 0.000034 0.000026 0.000019 0.000014 0.000010 0.000007 0.000005 0.000004 0.000003 0.000002 0.000001 0.000001 0.000001 0.000000 0.000000 0.000000 0.000000 0.000000 0.000000 0.000000 
0.000000 0.000000 0.000000 0.000000 0.000000 0.000000 0.000000 0.000001 0.000001 0.000001 0.000002 0.000003 0.000004 0.000006 0.000009 0.000013 0.000017 0.000024 0.000033 0.000044 0.000059 0.000079 0.000103 0.000134 0.000173 0.000221 0.000280 0.000351 0.000435 0.000535 0.000651 0.000785 0.000938 0.001110 0.001301 0.001510 0.001735 0.001976 0.002228 0.002489 0.002753 0.003017 0.003274 0.003519 0.003746 0.003949 0.004124 0.004265 0.004369 0.004433 0.004454 0.004433 0.004369 0.004265 0.004124 0.003949 0.003746 0.003519 0.003274 0.003017 0.002753 0.002489 0.002228 0.001976 0.001735 0.001510 0.001301 0.001110 0.000938 0.000785 0.000651 0.000535 0.000435 0.000351 0.000280 0.000221 0.000173 0.000134 0.000103 0.000079 0.000059 0.000044 0.000033 0.000024 0.000017 0.000013 0.000009 0.000006 0.000004 0.000003 0.000002 0.000001 0.000001 0.000001 0.000000 0.000000 0.000000 0.000000 0.000000 0.000000 
0.000000 0.000000 0.000000 0.000000 0.000000 0.000000 0.000001 0.000001 0.000002 0.000002 0.000003 0.000005 0.000007 0.000010 0.000014 0.000020 0.000028 0.000039 0.000053 0.000071 0.000095 0.000126 0.000166 0.000216 0.000279 0.000356 0.000450 0.000563 0.000699 0.000859 0.001046 0.001261 0.001506 0.001782 0.002088 0.002423 0.002785 0.003171 0.003575 0.003993 0.004417 0.004840 0.005252 0.005644 0.006008 0.006335 0.006615 0.006841 0.007008 0.007110 0.007144 0.007110 0.007008 0.006841 0.006615 0.006335 0.006008 0.005644 0.005252 0.004840 0.004417 0.003993 0.003575 0.003171 0.002785 0.002423 0.002088 0.001782 0.001506 0.001261 0.001046 0.000859 0.000699 0.000563 0.000450 0.000356 0.000279 0.000216 0.000166 0.000126 0.000095 0.000071 0.000053 0.000039 0.000028 0.000020 0.000014 0.000010 0.000007 0.000005 0.000003 0.000002 0.000002 0.000001 0.000001 0.000000 0.000000 0.000000 0.000000 0.000000 
0.000000 0.000000 0.000000 0.000000 0.000000 0.000001 0.000001 0.000002 0.000002 0.000004 0.000005 0.000008 0.000011 0.000016 0.000022 0.000031 0.000044 0.000060 0.000082 0.000111 0.000148 0.000197 0.000258 0.000336 0.000433 0.000553 0.000699 0.000876 0.001087 0.001335 0.001625 0.001960 0.002340 0.002768 0.003243 0.003763 0.004325 0.004923 0.005551 0.006199 0.006857 0.007512 0.008152 0.008761 0.009325 0.009831 0.010266 0.010617 0.010875 0.011033 0.011087 0.011033 0.010875 0.010617 0.010266 0.009831 0.009325 0.008761 0.008152 0.007512 0.006857 0.006199 0.005551 0.004923 0.004325 0.003763 0.003243 0.002768 0.002340 0.001960 0.001625 0.001335 0.001087 0.000876 0.000699 0.000553 0.000433 0.000336 0.000258 0.000197 0.000148 0.000111 0.000082 0.000060 0.000044 0.000031 0.000022 0.000016 0.000011 0.000008 0.000005 0.000004 0.000002 0.000002 0.000001 0.000001 0.000000 0.000000 0.000000 0.000000 
0.000000 0.000000 0.000000 0.000000 0.000001 0.000001 0.000002 0.000002 0.000004 0.000005 0.000008 0.000012 0.000017 0.000024 0.000034 0.000048 0.000067 0.000092 0.000125 0.000170 0.000227 0.000301 0.000395 0.000514 0.000662 0.000845 0.001068 0.001337 0.001659 0.002038 0.002480 0.002990 0.003570 0.004222 0.004946 0.005738 0.006595 0.007507 0.008463 0.009451 0.010453 0.011451 0.012425 0.013352 0.014212 0.014983 0.015645 0.016180 0.016573 0.016813 0.016894 0.016813 0.016573 0.016180 0.015645 0.014983 0.014212 0.013352 0.012425 0.011451 0.010453 0.009451 0.008463 0.007507 0.006595 0.005738 0.004946 0.004222 0.003570 0.002990 0.002480 0.002038 0.001659 0.001337 0.001068 0.000845 0.000662 0.000514 0.000395 0.000301 0.000227 0.000170 0.000125 0.000092 0.000067 0.000048 0.000034 0.000024 0.000017 0.000012 0.000008 0.000005 0.000004 0.000002 0.000002 0.000001 0.000001 0.000000 0.000000 0.000000 
0.000000 0.000000 0.000000 0.000001 0.000001 0.000002 0.000002 0.000004 0.000006 0.000008 0.000012 0.000018 0.000026 0.000037 0.000052 0.000073 0.000101 0.000139 0.000189 0.000256 0.000342 0.000454 0.000596 0.000775 0.000998 0.001274 0.001610 0.002016 0.002500 0.003071 0.003737 0.004504 0.005378 0.006359 0.007448 0.008641 0.009930 0.011302 0.012741 0.014226 0.015734 0.017235 0.018699 0.020094 0.021388 0.022547 0.023542 0.024346 0.024937 0.025299 0.025420 0.025299 0.024937 0.024346 0.023542 0.022547 0.021388 0.020094 0.018699 0.017235 0.015734 0.014226 0.012741 0.011302 0.009930 0.008641 0.007448 0.006359 0.005378 0.004504 0.003737 0.003071 0.002500 0.002016 0.001610 0.001274 0.000998 0.000775 0.000596 0.000454 0.000342 0.000256 0.000189 0.000139 0.000101 0.000073 0.000052 0.000037 0.000026 0.000018 0.000012 0.000008 0.000006 0.000004 0.000002 0.000002 0.000001 0.000001 0.000000 0.000000 
0.000000 0.000000 0.000001 0.000001 0.000002 0.000002 0.000004 0.000006 0.000008 0.000012 0.000018 0.000027 0.000038 0.000055 0.000078 0.000109 0.000151 0.000208 0.000283 0.000382 0.000511 0.000678 0.000889 0.001157 0.001490 0.001901 0.002402 0.003007 0.003729 0.004580 0.005572 0.006715 0.008016 0.009478 0.011100 0.012876 0.014795 0.016837 0.018980 0.021191 0.023434 0.025668 0.027848 0.029924 0.031848 0.033573 0.035053 0.036250 0.037130 0.037668 0.037849 0.037668 0.037130 0.036250 0.035053 0.033573 0.031848 0.029924 0.027848 0.025668 0.023434 0.021191 0.018980 0.016837 0.014795 0.012876 0.011100 0.009478 0.008016 0.006715 0.005572 0.004580 0.003729 0.003007 0.002402 0.001901 0.001490 0.001157 0.000889 0.000678 0.000511 0.000382 0.000283 0.000208 0.000151 0.000109 0.000078 0.000055 0.000038 0.000027 0.000018 0.000012 0.000008 0.000006 0.000004 0.000002 0.000001 0.000001 0.000000 0.000000 
0.000000 0.000000 0.000001 0.000001 0.000002 0.000004 0.000005 0.000008 0.000012 0.000018 0.000027 0.000039 0.000057 0.000081 0.000115 0.000161 0.000223 0.000307 0.000419 0.000566 0.000756 0.001002 0.001315 0.001710 0.002202 0.002808 0.003549 0.004442 0.005507 0.006763 0.008227 0.009914 0.011833 0.013989 0.016381 0.019001 0.021830 0.024841 0.028000 0.031259 0.034566 0.037859 0.041071 0.044131 0.046967 0.049508 0.051690 0.053453 0.054749 0.055542 0.055809 0.055542 0.054749 0.053453 0.051690 0.049508 0.046967 0.044131 0.041071 0.037859 0.034566 0.031259 0.028000 0.024841 0.021830 0.019001 0.016381 0.013989 0.011833 0.009914 0.008227 0.006763 0.005507 0.004442 0.003549 0.002808 0.002202 0.001710 0.001315 0.001002 0.000756 0.000566 0.000419 0.000307 0.000223 0.000161 0.000115 0.000081 0.000057 0.000039 0.000027 0.000018 0.000012 0.000008 0.000005 0.000004 0.000002 0.000001 0.000001 0.000000 
0.000000 0.000001 0.000001 0.000002 0.000003 0.000005 0.000008 0.000012 0.000018 0.000027 0.000040 0.000058 0.000083 0.000119 0.000168 0.000236 0.000328 0.000451 0.000614 0.000829 0.001108 0.001468 0.001926 0.002503 0.003223 0.004111 0.005194 0.006500 0.008057 0.009894 0.012034 0.014499 0.017303 0.020454 0.023950 0.027776 0.031909 0.036308 0.040920 0.045681 0.050510 0.055318 0.060008 0.064475 0.068615 0.072325 0.075510 0.078084 0.079976 0.081133 0.081523 0.081133 0.079976 0.078084 0.075510 0.072325 0.068615 0.064475 0.060008 0.055318 0.050510 0.045681 0.040920 0.036308 0.031909 0.027776 0.023950 0.020454 0.017303 0.014499 0.012034 0.009894 0.008057 0.006500 0.005194 0.004111 0.003223 0.002503 0.001926 0.001468 0.001108 0.000829 0.000614 0.000451 0.000328 0.000236 0.000168 0.000119 0.000083 0.000058 0.000040 0.000027 0.000018 0.000012 0.000008 0.000005 0.000003 0.000002 0.000001 0.000000 
0.000000 0.000001 0.000002 0.000003 0.000005 0.000008 0.000012 0.000018 0.000027 0.000039 0.000058 0.000084 0.000121 0.000173 0.000245 0.000343 0.000476 0.000655 0.000892 0.001203 0.001609 0.002130 0.002795 0.003632 0.004675 0.005962 0.007531 0.009423 0.011680 0.014340 0.017440 0.021009 0.025069 0.029631 0.034691 0.040229 0.046210 0.052576 0.059251 0.066138 0.073125 0.080081 0.086865 0.093327 0.099316 0.104683 0.109289 0.113011 0.115748 0.117422 0.117985 0.117422 0.115748 0.113011 0.109289 0.104683 0.099316 0.093327 0.086865 0.080081 0.073125 0.066138 0.059251 0.052576 0.046210 0.040229 0.034691 0.029631 0.025069 0.021009 0.017440 0.014340 0.011680 0.009423 0.007531 0.005962 0.004675 0.003632 0.002795 0.002130 0.001609 0.001203 0.000892 0.000655 0.000476 0.000343 0.000245 0.000173 0.000121 0.000084 0.000058 0.000039 0.000027 0.000018 0.000012 0.000008 0.000005 0.000003 0.000001 0.000000 
0.000000 0.000001 0.000003 0.000004 0.000007 0.000011 0.000017 0.000026 0.000038 0.000057 0.000083 0.000121 0.000175 0.000249 0.000353 0.000494 0.000685 0.000942 0.001283 0.001731 0.002313 0.003063 0.004018 0.005220 0.006719 0.008566 0.010819 0.013535 0.016774 0.020592 0.025040 0.030161 0.035986 0.042529 0.049786 0.057729 0.066305 0.075433 0.085002 0.094877 0.104893 0.114864 0.124587 0.133849 0.142432 0.150123 0.156724 0.162059 0.165981 0.168379 0.169186 0.168379 0.165981 0.162059 0.156724 0.150123 0.142432 0.133849 0.124587 0.114864 0.104893 0.094877 0.085002 0.075433 0.066305 0.057729 0.049786 0.042529 0.035986 0.030161 0.025040 0.020592 0.016774 0.013535 0.010819 0.008566 0.006719 0.005220 0.004018 0.003063 0.002313 0.001731 0.001283 0.000942 0.000685 0.000494 0.000353 0.000249 0.000175 0.000121 0.000083 0.000057 0.000038 0.000026 0.000017 0.000011 0.000007 0.000004 0.000002 0.000000 
0.000000 0.000002 0.000004 0.000006 0.000010 0.000016 0.000024 0.000037 0.000055 0.000081 0.000119 0.000173 0.000249 0.000356 0.000503 0.000704 0.000977 0.001343 0.001829 0.002467 0.003296 0.004363 0.005722 0.007433 0.009566 0.012195 0.015399 0.019263 0.023869 0.029298 0.035621 0.042901 0.051180 0.060480 0.070793 0.082079 0.094264 0.107231 0.120826 0.134852 0.149078 0.163239 0.177049 0.190202 0.202390 0.213312 0.222685 0.230260 0.235828 0.239233 0.240379 0.239233 0.235828 0.230260 0.222685 0.213312 0.202390 0.190202 0.177049 0.163239 0.149078 0.134852 0.120826 0.107231 0.094264 0.082079 0.070793 0.060480 0.051180 0.042901 0.035621 0.029298 0.023869 0.019263 0.015399 0.012195 0.009566 0.007433 0.005722 0.004363 0.003296 0.002467 0.001829 0.001343 0.000977 0.000704 0.000503 0.000356 0.000249 0.000173 0.000119 0.000081 0.000055 0.000037 0.000024 0.000016 0.000010 0.000006 0.000003 0.000000 
0.000000 0.000002 0.000005 0.000009 0.000014 0.000022 0.000034 0.000052 0.000078 0.000115 0.000168 0.000245 0.000353 0.000503 0.000711 0.000995 0.001380 0.001897 0.002582 0.003483 0.004653 0.006158 0.008074 0.010488 0.013494 0.017200 0.021716 0.027161 0.033651 0.041299 0.050207 0.060460 0.072120 0.085215 0.099736 0.115626 0.132779 0.151033 0.170167 0.189908 0.209928 0.229857 0.249289 0.267796 0.284945 0.300312 0.313500 0.324157 0.331991 0.336782 0.338394 0.336782 0.331991 0.324157 0.313500 0.300312 0.284945 0.267796 0.249289 0.229857 0.209928 0.189908 0.170167 0.151033 0.132779 0.115626 0.099736 0.085215 0.072120 0.060460 0.050207 0.041299 0.033651 0.027161 0.021716 0.017200 0.013494 0.010488 0.008074 0.006158 0.004653 0.003483 0.002582 0.001897 0.001380 0.000995 0.000711 0.000503 0.000352 0.000245 0.000168 0.000115 0.000077 0.000052 0.000034 0.000022 0.000014 0.000008 0.000004 0.000000 
0.000000 0.000003 0.000007 0.000013 0.000020 0.000031 0.000048 0.000073 0.000109 0.000161 0.000236 0.000343 0.000494 0.000704 0.000995 0.001393 0.001932 0.002654 0.003613 0.004871 0.006507 0.008611 0.011288 0.014660 0.018859 0.024034 0.030342 0.037944 0.047004 0.057679 0.070112 0.084421 0.100690 0.118961 0.139218 0.161384 0.185309 0.210767 0.237452 0.264980 0.292896 0.320683 0.347776 0.373578 0.397486 0.418909 0.437293 0.452149 0.463069 0.469747 0.471994 0.469747 0.463069 0.452149 0.437293 0.418909 0.397486 0.373578 0.347776 0.320683 0.292896 0.264980 0.237452 0.210767 0.185309 0.161384 0.139218 0.118961 0.100690 0.084421 0.070112 0.057679 0.047004 0.037944 0.030342 0.024034 0.018859 0.014660 0.011288 0.008611 0.006507 0.004871 0.003613 0.002654 0.001932 0.001393 0.000995 0.000704 0.000494 0.000343 0.000236 0.000161 0.000109 0.000073 0.000048 0.000031 0.000019 0.000011 0.000005 0.000000 
0.000000 0.000005 0.000010 0.000017 0.000028 0.000044 0.000067 0.000101 0.000151 0.000223 0.000328 0.000476 0.000685 0.000977 0.001380 0.001932 0.002679 0.003679 0.005007 0.006751 0.009016 0.011929 0.015635 0.020302 0.026114 0.033275 0.042001 0.052517 0.065049 0.079813 0.097005 0.116789 0.139281 0.164537 0.192537 0.223173 0.256237 0.291416 0.328288 0.366322 0.404891 0.443279 0.480705 0.516348 0.549372 0.578962 0.604355 0.624874 0.639956 0.649179 0.652283 0.649179 0.639956 0.624874 0.604355 0.578962 0.549372 0.516348 0.480705 0.443279 0.404891 0.366322 0.328288 0.291416 0.256237 0.223173 0.192537 0.164537 0.139281 0.116789 0.097005 0.079813 0.065049 0.052517 0.042001 0.033275 0.026114 0.020302 0.015635 0.011929 0.009016 0.006751 0.005007 0.003679 0.002679 0.001932 0.001380 0.000977 0.000685 0.000476 0.000328 0.000223 0.000151 0.000101 0.000066 0.000043 0.000027 0.000016 0.000007 0.000000 
0.000000 0.000006 0.000014 0.000024 0.000039 0.000060 0.000092 0.000139 0.000208 0.000307 0.000451 0.000655 0.000942 0.001343 0.001897 0.002654 0.003679 0.005053 0.006876 0.009268 0.012376 0.016372 0.021456 0.027855 0.035824 0.045641 0.057602 0.072015 0.089188 0.109418 0.132972 0.160073 0.190882 0.225473 0.263819 0.305770 0.351043 0.399208 0.449686 0.501754 0.554549 0.607093 0.658319 0.707102 0.752298 0.792794 0.827545 0.855624 0.876263 0.888885 0.893133 0.888885 0.876263 0.855624 0.827545 0.792794 0.752298 0.707102 0.658319 0.607093 0.554549 0.501754 0.449686 0.399208 0.351043 0.305770 0.263819 0.225473 0.190882 0.160073 0.132972 0.109418 0.089188 0.072015 0.057602 0.045641 0.035824 0.027855 0.021456 0.016372 0.012376 0.009268 0.006876 0.005053 0.003679 0.002654 0.001897 0.001343 0.000942 0.000655 0.000451 0.000307 0.000208 0.000139 0.000091 0.000059 0.000037 0.000021 0.000010 0.000000 
0.000000 0.000009 0.000019 0.000033 0.000053 0.000082 0.000125 0.000189 0.000283 0.000419 0.000614 0.000892 0.001283 0.001829 0.002582 0.003613 0.005007 0.006876 0.009353 0.012606 0.016830 0.022261 0.029169 0.037863 0.048688 0.062022 0.078266 0.097837 0.121153 0.148615 0.180587 0.217371 0.259181 0.306120 0.358149 0.415065 0.476483 0.541819 0.610289 0.680909 0.752512 0.823772 0.893240 0.959391 1.020678 1.075587 1.122707 1.160779 1.188763 1.205876 1.211636 1.205876 1.188763 1.160779 1.122707 1.075587 1.020678 0.959391 0.893240 0.823772 0.752512 0.680909 0.610289 0.541819 0.476483 0.415065 0.358149 0.306120 0.259181 0.217371 0.180587 0.148615 0.121153 0.097837 0.078266 0.062022 0.048688 0.037863 0.029169 0.022261 0.016830 0.012606 0.009353 0.006876 0.005007 0.003613 0.002582 0.001829 0.001283 0.000892 0.000614 0.000419 0.000283 0.000189 0.000125 0.000081 0.000051 0.000029 0.000013 0.000000 
0.000000 0.000012 0.000026 0.000044 0.000071 0.000111 0.000170 0.000256 0.000382 0.000566 0.000829 0.001203 0.001731 0.002467 0.003483 0.004871 0.006751 0.009268 0.012606 0.016986 0.022675 0.029987 0.039286 0.050989 0.065558 0.083500 0.105355 0.131684 0.163048 0.199984 0.242980 0.292443 0.348660 0.411766 0.481709 0.558215 0.640766 0.728577 0.820594 0.915494 1.011710 1.107459 1.200796 1.289673 1.372011 1.445779 1.509080 1.560227 1.597819 1.620808 1.628545 1.620808 1.597819 1.560227 1.509080 1.445779 1.372011 1.289673 1.200796 1.107459 1.011710 0.915494 0.820594 0.728577 0.640766 0.558215 0.481709 0.411766 0.348660 0.292443 0.242980 0.199984 0.163048 0.131684 0.105355 0.083500 0.065558 0.050989 0.039286 0.029987 0.022675 0.016986 0.012606 0.009268 0.006750 0.004871 0.003482 0.002467 0.001731 0.001203 0.000829 0.000565 0.000382 0.000255 0.000168 0.000109 0.000068 0.000040 0.000018 0.000000 
0.000000 0.000016 0.000034 0.000059 0.000095 0.000148 0.000227 0.000342 0.000511 0.000756 0.001108 0.001609 0.002313 0.003296 0.004653 0.006507 0.009016 0.012376 0.016830 0.022675 0.030265 0.040018 0.052421 0.068026 0.087451 0.111371 0.140504 0.175596 0.217393 0.266611 0.323899 0.389795 0.464682 0.548739 0.641894 0.743783 0.853713 0.970640 1.093158 1.219509 1.347603 1.475070 1.599320 1.717628 1.827228 1.925418 2.009672 2.077748 2.127783 2.158381 2.168677 2.158381 2.127783 2.077748 2.009672 1.925418 1.827228 1.717628 1.599320 1.475070 1.347603 1.219509 1.093158 0.970640 0.853713 0.743783 0.641894 0.548739 0.464682 0.389795 0.323899 0.266611 0.217393 0.175596 0.140504 0.111371 0.087451 0.068026 0.052421 0.040018 0.030265 0.022675 0.016830 0.012376 0.009016 0.006507 0.004653 0.003296 0.002313 0.001609 0.001108 0.000756 0.000511 0.000342 0.000225 0.000146 0.000091 0.000053 0.000024 0.000000 
0.000000 0.000021 0.000045 0.000079 0.000126 0.000197 0.000301 0.000454 0.000678 0.001002 0.001468 0.002130 0.003063 0.004363 0.006158 0.008611 0.011929 0.016372 0.022261 0.029987 0.040018 0.052907 0.069295 0.089911 0.115571 0.147163 0.185637 0.231974 0.287159 0.352135 0.427756 0.514733 0.613567 0.724493 0.847416 0.981852 1.126887 1.281144 1.442766 1.609434 1.778393 1.946516 2.110389 2.266419 2.410959 2.540448 2.651557 2.741328 2.807308 2.847656 2.861235 2.847656 2.807308 2.741328 2.651557 2.540448 2.410959 2.266419 2.110389 1.946516 1.778393 1.609434 1.442766 1.281144 1.126887 0.981852 0.847416 0.724493 0.613567 0.514733 0.427756 0.352135 0.287159 0.231974 0.185637 0.147163 0.115571 0.089911 0.069295 0.052907 0.040018 0.029987 0.022261 0.016372 0.011929 0.008611 0.006158 0.004363 0.003063 0.002130 0.001468 0.001002 0.000677 0.000453 0.000299 0.000194 0.000121 0.000070 0.000032 0.000000 
0.000000 0.000027 0.000060 0.000103 0.000166 0.000258 0.000395 0.000596 0.000889 0.001315 0.001926 0.002795 0.004018 0.005722 0.008074 0.011288 0.015635 0.021456 0.029169 0.039286 0.052421 0.069295 0.090747 0.117730 0.151309 0.192647 0.242984 0.303602 0.375787 0.460769 0.559665 0.673400 0.802630 0.947658 1.108357 1.284094 1.473674 1.675293 1.886527 2.104343 2.325141 2.544836 2.758969 2.962844 3.151700 3.320886 3.466054 3.583341 3.669543 3.722257 3.739997 3.722257 3.669543 3.583341 3.466054 3.320886 3.151700 2.962844 2.758969 2.544836 2.325141 2.104343 1.886527 1.675293 1.473674 1.284094 1.108357 0.947658 0.802630 0.673400 0.559665 0.460769 0.375787 0.303602 0.242984 0.192647 0.151309 0.117730 0.090747 0.069295 0.052421 0.039286 0.029169 0.021456 0.015635 0.011288 0.008074 0.005722 0.004017 0.002794 0.001926 0.001315 0.000889 0.000594 0.000392 0.000254 0.000159 0.000092 0.000042 0.000000 
0.000000 0.000035 0.000078 0.000134 0.000216 0.000336 0.000514 0.000775 0.001157 0.001710 0.002503 0.003632 0.005220 0.007433 0.010488 0.014660 0.020302 0.027855 0.037863 0.050989 0.068026 0.089911 0.117730 0.152717 0.196251 0.249839 0.315084 0.393647 0.487190 0.597307 0.725440 0.872785 1.040190 1.228044 1.436180 1.663777 1.909284 2.170366 2.443882 2.725905 3.011774 3.296203 3.573418 3.837346 4.081821 4.300828 4.488739 4.640557 4.752137 4.820370 4.843332 4.820370 4.752137 4.640557 4.488739 4.300828 4.081821 3.837346 3.573418 3.296203 3.011774 2.725905 2.443882 2.170366 1.909284 1.663777 1.436180 1.228044 1.040190 0.872785 0.725440 0.597307 0.487190 0.393647 0.315084 0.249839 0.196251 0.152717 0.117730 0.089911 0.068026 0.050989 0.037863 0.027855 0.020302 0.014660 0.010488 0.007433 0.005220 0.003632 0.002503 0.001709 0.001155 0.000773 0.000510 0.000331 0.000207 0.000120 0.000055 0.000000 
0.000000 0.000046 0.000100 0.000173 0.000279 0.000433 0.000662 0.000998 0.001490 0.002202 0.003223 0.004675 0.006719 0.009566 0.013494 0.018859 0.026114 0.035824 0.048688 0.065558 0.087451 0.115571 0.151309 0.196251 0.252167 0.320987 0.404768 0.505639 0.625733 0.767091 0.931562 1.120676 1.335517 1.576584 1.843658 2.135683 2.450667 2.785612 3.136489 3.498259 3.864946 4.229769 4.585325 4.923827 5.237370 5.518242 5.759228 5.953925 6.097016 6.184518 6.213964 6.184518 6.097016 5.953925 5.759228 5.518242 5.237370 4.923827 4.585325 4.229769 3.864946 3.498259 3.136489 2.785612 2.450667 2.135683 1.843658 1.576584 1.335517 1.120676 0.931562 0.767091 0.625733 0.505639 0.404768 0.320987 0.252167 0.196251 0.151309 0.115571 0.087451 0.065558 0.048688 0.035824 0.026114 0.018859 0.013494 0.009566 0.006718 0.004675 0.003223 0.002201 0.001488 0.000996 0.000657 0.000426 0.000267 0.000155 0.000071 0.000000 
0.000000 0.000058 0.000128 0.000221 0.000356 0.000553 0.000845 0.001274 0.001901 0.002808 0.004111 0.005962 0.008566 0.012195 0.017200 0.024034 0.033275 0.045641 0.062022 0.083500 0.111371 0.147163 0.192647 0.249839 0.320987 0.408544 0.515124 0.643434 0.796178 0.975952 1.185100 1.425566 1.698723 2.005200 2.344716 2.715927 3.116295 3.542011 3.987951 4.447712 4.913700 5.377299 5.829106 6.259225 6.657620 7.014492 7.320680 7.568050 7.749850 7.861023 7.898434 7.861023 7.749850 7.568050 7.320680 7.014492 6.657620 6.259225 5.829106 5.377299 4.913700 4.447712 3.987951 3.542011 3.116295 2.715927 2.344716 2.005200 1.698723 1.425566 1.185100 0.975952 0.796178 0.643434 0.515124 0.408544 0.320987 0.249839 0.192647 0.147163 0.111371 0.083500 0.062022 0.045641 0.033275 0.024034 0.017199 0.012194 0.008566 0.005961 0.004110 0.002807 0.001899 0.001270 0.000839 0.000544 0.000341 0.000198 0.000091 0.000000 
0.000000 0.000074 0.000162 0.000280 0.000450 0.000699 0.001068 0.001610 0.002402 0.003549 0.005194 0.007531 0.010819 0.015399 0.021716 0.030342 0.042001 0.057602 0.078266 0.105355 0.140504 0.185637 0.242984 0.315084 0.404768 0.515124 0.649444 0.811133 1.003595 1.230094 1.493580 1.796495 2.140563 2.526574 2.954168 3.421648 3.925817 4.461873 5.023367 5.602233 6.188914 6.772562 7.341344 7.882805 8.384315 8.833545 9.218965 9.530342 9.759180 9.899116 9.946206 9.899116 9.759180 9.530342 9.218965 8.833545 8.384315 7.882805 7.341344 6.772562 6.188914 5.602233 5.023367 4.461873 3.925817 3.421648 2.954168 2.526574 2.140563 1.796495 1.493580 1.230094 1.003595 0.811133 0.649444 0.515124 0.404768 0.315084 0.242984 0.185637 0.140504 0.105355 0.078266 0.057602 0.042001 0.030342 0.021716 0.015399 0.010819 0.007530 0.005193 0.003547 0.002399 0.001606 0.001061 0.000688 0.000431 0.000250 0.000115 0.000000 
0.000000 0.000092 0.000202 0.000351 0.000563 0.000876 0.001337 0.002016 0.003007 0.004442 0.006500 0.009423 0.013535 0.019263 0.027161 0.037944 0.052517 0.072015 0.097837 0.131684 0.175596 0.231974 0.303602 0.393647 0.505639 0.643434 0.811133 1.012982 1.253227 1.535935 1.864782 2.242809 2.672161 3.153819 3.687327 4.270564 4.899538 5.568257 6.268671 6.990723 7.722489 8.450446 9.159834 9.835127 10.460577 11.020813 11.501463 11.889768 12.175140 12.349644 12.408367 12.349644 12.175140 11.889768 11.501463 11.020813 10.460577 9.835127 9.159834 8.450446 7.722489 6.990723 6.268671 5.568257 4.899538 4.270564 3.687327 3.153819 2.672161 2.242809 1.864782 1.535935 1.253227 1.012982 0.811133 0.643434 0.505639 0.393647 0.303602 0.231974 0.175596 0.131684 0.097837 0.072015 0.052517 0.037944 0.027161 0.019263 0.013535 0.009423 0.006499 0.004440 0.003004 0.002010 0.001328 0.000862 0.000540 0.000314 0.000144 0.000000 
0.000000 0.000115 0.000251 0.000435 0.000699 0.001087 0.001659 0.002500 0.003729 0.005507 0.008057 0.011680 0.016774 0.023869 0.033651 0.047004 0.065049 0.089188 0.121153 0.163048 0.217393 0.287159 0.375787 0.487190 0.625733 0.796178 1.003595 1.253227 1.550318 1.899892 2.306485 2.773849 3.304631 3.900034 4.559491 5.280372 6.057740 6.884185 7.749761 8.642035 9.546277 10.445777 11.322303 12.156675 12.929443 13.621620 14.215457 14.695195 15.047759 15.263350 15.335899 15.263350 15.047759 14.695195 14.215457 13.621620 12.929443 12.156675 11.322303 10.445777 9.546277 8.642035 7.749761 6.884185 6.057740 5.280372 4.559491 3.900034 3.304631 2.773849 2.306485 1.899892 1.550318 1.253227 1.003595 0.796178 0.625733 0.487190 0.375787 0.287159 0.217393 0.163048 0.121153 0.089188 0.065049 0.047004 0.033651 0.023869 0.016774 0.011679 0.008056 0.005505 0.003725 0.002493 0.001648 0.001069 0.000670 0.000389 0.000178 0.000000 
0.000000 0.000141 0.000309 0.000535 0.000859 0.001335 0.002038 0.003071 0.004580 0.006763 0.009894 0.014340 0.020592 0.029298 0.041299 0.057679 0.079813 0.109418 0.148615 0.199984 0.266611 0.352135 0.460769 0.597307 0.767091 0.975952 1.230094 1.535935 1.899892 2.328109 2.826135 3.398558 4.048609 4.777754 5.585292 6.467997 7.419817 8.431677 9.491396 10.583755 11.690721 12.791843 13.864806 14.886139 15.832040 16.679275 17.406128 17.993317 18.424842 18.688715 18.777511 18.688715 18.424842 17.993317 17.406128 16.679275 15.832040 14.886139 13.864806 12.791843 11.690721 10.583755 9.491396 8.431677 7.419817 6.467997 5.585292 4.777754 4.048609 3.398558 2.826135 2.328109 1.899892 1.535935 1.230094 0.975952 0.767091 0.597307 0.460769 0.352135 0.266611 0.199984 0.148615 0.109418 0.079813 0.057679 0.041299 0.029297 0.020592 0.014339 0.009892 0.006760 0.004575 0.003063 0.002025 0.001313 0.000824 0.000478 0.000219 0.000000 
0.000000 0.000172 0.000376 0.000651 0.001046 0.001625 0.002480 0.003737 0.005572 0.008227 0.012034 0.017440 0.025040 0.035621 0.050207 0.070112 0.097005 0.132972 0.180587 0.242980 0.323899 0.427756 0.559665 0.725440 0.931562 1.185100 1.493580 1.864782 2.306485 2.826135 3.430456 4.125005 4.913694 5.798289 6.777934 7.848706 9.003260 10.230582 11.515898 12.840747 14.183261 15.518641 16.819832 18.058377 19.205418 20.232793 21.114174 21.826188 22.349443 22.669405 22.777075 22.669405 22.349443 21.826188 21.114174 20.232793 19.205418 18.058377 16.819832 15.518641 14.183261 12.840747 11.515898 10.230582 9.003260 7.848706 6.777934 5.798289 4.913694 4.125005 3.430456 2.826135 2.306485 1.864782 1.493580 1.185100 0.931562 0.725440 0.559665 0.427756 0.323899 0.242980 0.180587 0.132971 0.097005 0.070112 0.050207 0.035621 0.025039 0.017439 0.012032 0.008224 0.005566 0.003727 0.002464 0.001599 0.001003 0.000582 0.000267 0.000000 
0.000000 0.000207 0.000453 0.000785 0.001261 0.001960 0.002990 0.004504 0.006715 0.009914 0.014499 0.021009 0.030161 0.042901 0.060460 0.084421 0.116789 0.160073 0.217371 0.292443 0.389795 0.514733 0.673400 0.872785 1.120676 1.425566 1.796495 2.242809 2.773849 3.398558 4.125005 4.959861 5.907814 6.970978 8.148313 9.435097 10.822497 12.297274 13.841670 15.433506 17.046510 18.650889 20.214145 21.702100 23.080093 24.314301 25.373106 26.228439 26.857011 27.241372 27.370712 27.241372 26.857011 26.228439 25.373106 24.314301 23.080093 21.702100 20.214145 18.650889 17.046510 15.433506 13.841670 12.297274 10.822497 9.435097 8.148313 6.970978 5.907814 4.959861 4.125005 3.398558 2.773849 2.242809 1.796495 1.425566 1.120676 0.872785 0.673400 0.514733 0.389795 0.292443 0.217371 0.160073 0.116789 0.084421 0.060460 0.042901 0.030160 0.021008 0.014497 0.009910 0.006708 0.004492 0.002970 0.001927 0.001209 0.000702 0.000322 0.000000 
0.000000 0.000247 0.000542 0.000938 0.001506 0.002340 0.003570 0.005378 0.008016 0.011833 0.017303 0.025069 0.035986 0.051180 0.072120 0.100690 0.139281 0.190882 0.259181 0.348660 0.464682 0.613567 0.802630 1.040190 1.335517 1.698723 2.140563 2.672161 3.304631 4.048609 4.913694 5.907814 7.036540 8.302377 9.704076 11.236006 12.887642 14.643220 16.481600 18.376379 20.296287 22.205872 24.066458 25.837377 27.477387 28.946244 30.206332 31.224253 31.972303 32.429719 32.583642 32.429719 31.972303 31.224253 30.206332 28.946244 27.477387 25.837377 24.066458 22.205872 20.296287 18.376379 16.481600 14.643220 12.887642 11.236006 9.704076 8.302377 7.036540 5.907814 4.913694 4.048609 3.304631 2.672161 2.140563 1.698723 1.335517 1.040190 0.802630 0.613567 0.464682 0.348660 0.259181 0.190882 0.139281 0.100690 0.072120 0.051180 0.035985 0.025067 0.017300 0.011828 0.008007 0.005363 0.003546 0.002302 0.001444 0.000839 0.000384 0.000000 
0.000000 0.000292 0.000641 0.001110 0.001782 0.002768 0.004222 0.006359 0.009478 0.013989 0.020454 0.029631 0.042529 0.060480 0.085215 0.118961 0.164537 0.225473 0.306120 0.411766 0.548739 0.724493 0.947658 1.228044 1.576584 2.005200 2.526574 3.153819 3.900034 4.777754 5.798289 6.970978 8.302377 9.795428 11.448645 13.255376 15.203201 17.273523 19.441408 21.675723 23.939597 26.191231 28.385032 30.473058 32.406694 34.138504 35.624148 36.824265 37.706198 38.245477 38.426948 38.245477 37.706198 36.824265 35.624148 34.138504 32.406694 30.473058 28.385032 26.191231 23.939597 21.675723 19.441408 17.273523 15.203201 13.255376 11.448645 9.795428 8.302377 6.970978 5.798289 4.777754 3.900034 3.153819 2.526574 2.005200 1.576584 1.228044 0.947658 0.724493 0.548739 0.411766 0.306120 0.225473 0.164537 0.118961 0.085215 0.060479 0.042528 0.029629 0.020451 0.013983 0.009467 0.006342 0.004194 0.002722 0.001708 0.000992 0.000455 0.000000 
0.000000 0.000343 0.000751 0.001301 0.002088 0.003243 0.004946 0.007448 0.011100 0.016381 0.023950 0.034691 0.049786 0.070793 0.099736 0.139218 0.192537 0.263819 0.358149 0.481709 0.641894 0.847416 1.108357 1.436180 1.843658 2.344716 2.954168 3.687327 4.559491 5.585292 6.777934 8.148313 9.704076 11.448645 13.380271 15.491169 17.766820 20.185491 22.718049 25.328125 27.972651 30.602805 33.165341 35.604268 37.862816 39.885590 41.620817 43.022533 44.052607 44.682467 44.894418 44.682467 44.052607 43.022533 41.620817 39.885590 37.862816 35.604268 33.165341 30.602805 27.972651 25.328125 22.718049 20.185491 17.766820 15.491169 13.380271 11.448645 9.704076 8.148313 6.777934 5.585292 4.559491 3.687327 2.954168 2.344716 1.843658 1.436180 1.108357 0.847416 0.641894 0.481709 0.358149 0.263819 0.192537 0.139218 0.099735 0.070792 0.049785 0.034688 0.023945 0.016374 0.011088 0.007428 0.004913 0.003189 0.002001 0.001163 0.000533 0.000000 
0.000000 0.000398 0.000872 0.001510 0.002423 0.003763 0.005738 0.008641 0.012876 0.019001 0.027776 0.040229 0.057729 0.082079 0.115626 0.161384 0.223173 0.305770 0.415065 0.558215 0.743783 0.981852 1.284094 1.663777 2.135683 2.715927 3.421648 4.270564 5.280372 6.467997 7.848706 9.435097 11.236006 13.255376 15.491169 17.934362 20.568140 23.367344 26.298254 29.318780 32.379085 35.422680 38.387959 41.210142 43.823552 46.164109 48.171918 49.793807 50.985671 51.714457 51.959696 51.714457 50.985671 49.793807 48.171918 46.164109 43.823552 41.210142 38.387959 35.422680 32.379085 29.318780 26.298254 23.367344 20.568140 17.934362 15.491169 13.255376 11.236006 9.435097 7.848706 6.467997 5.280372 4.270564 3.421648 2.715927 2.135683 1.663777 1.284094 0.981852 0.743783 0.558215 0.415065 0.305770 0.223173 0.161384 0.115626 0.082078 0.057728 0.040227 0.027771 0.018992 0.012862 0.008618 0.005700 0.003701 0.002323 0.001349 0.000618 0.000000 
0.000000 0.000457 0.001002 0.001735 0.002785 0.004325 0.006595 0.009930 0.014795 0.021830 0.031909 0.046210 0.066305 0.094264 0.132779 0.185309 0.256237 0.351043 0.476483 0.640766 0.853713 1.126887 1.473674 1.909284 2.450667 3.116295 3.925817 4.899538 6.057740 7.419817 9.003260 10.822497 12.887642 15.203201 17.766820 20.568140 23.587872 26.797160 30.157344 33.620168 37.128502 40.617594 44.016831 47.251969 50.247734 52.930686 55.232185 57.091297 58.457476 59.292846 59.573950 59.292846 58.457476 57.091297 55.232185 52.930686 50.247734 47.251969 44.016831 40.617594 37.128502 33.620168 30.157344 26.797160 23.587872 20.568140 17.766820 15.203201 12.887642 10.822497 9.003260 7.419817 6.057740 4.899538 3.925817 3.116295 2.450667 1.909284 1.473674 1.126887 0.853713 0.640766 0.476483 0.351043 0.256237 0.185309 0.132779 0.094263 0.066303 0.046207 0.031903 0.021820 0.014778 0.009903 0.006551 0.004253 0.002670 0.001551 0.000711 0.000000 
0.000000 0.000521 0.001141 0.001976 0.003171 0.004923 0.007507 0.011302 0.016837 0.024841 0.036308 0.052576 0.075433 0.107231 0.151033 0.210767 0.291416 0.399208 0.541819 0.728577 0.970640 1.281144 1.675293 2.170366 2.785612 3.542011 4.461873 5.568257 6.884185 8.431677 10.230582 12.297274 14.643220 17.273523 20.185491 23.367344 26.797160 30.442160 34.258429 38.191162 42.175482 46.137860 49.998115 53.671947 57.073893 60.120573 62.734055 64.845163 66.396511 67.345102 67.664305 67.345102 66.396511 64.845163 62.734055 60.120573 57.073893 53.671947 49.998115 46.137860 42.175482 38.191162 34.258429 30.442160 26.797160 23.367344 20.185491 17.273523 14.643220 12.297274 10.230582 8.431677 6.884185 5.568257 4.461873 3.542011 2.785612 2.170366 1.675293 1.281144 0.970640 0.728577 0.541819 0.399208 0.291416 0.210767 0.151032 0.107230 0.075431 0.052572 0.036301 0.024830 0.016819 0.011271 0.007457 0.004842 0.003039 0.001766 0.000809 0.000000 
0.000000 0.000587 0.001287 0.002228 0.003575 0.005551 0.008463 0.012741 0.018980 0.028000 0.040920 0.059251 0.085002 0.120826 0.170167 0.237452 0.328288 0.449686 0.610289 0.820594 1.093158 1.442766 1.886527 2.443882 3.136489 3.987951 5.023367 6.268671 7.749761 9.491396 11.515898 13.841670 16.481600 19.441408 22.718049 26.298254 30.157344 34.258429 38.552096 42.976685 47.459208 51.916952 56.259723 60.392701 64.219756 67.647107 70.587103 72.961942 74.707081 75.774164 76.133238 75.774164 74.707081 72.961942 70.587103 67.647107 64.219756 60.392701 56.259723 51.916952 47.459208 42.976685 38.552096 34.258429 30.157344 26.298254 22.718049 19.441408 16.481600 13.841670 11.515898 9.491396 7.749761 6.268671 5.023367 3.987951 3.136489 2.443882 1.886527 1.442766 1.093158 0.820594 0.610289 0.449686 0.328287 0.237451 0.170166 0.120824 0.085000 0.059246 0.040913 0.027987 0.018959 0.012707 0.008407 0.005459 0.003427 0.001992 0.000913 0.000000 
0.000000 0.000656 0.001438 0.002489 0.003993 0.006199 0.009451 0.014226 0.021191 0.031259 0.045681 0.066138 0.094877 0.134852 0.189908 0.264980 0.366322 0.501754 0.680909 0.915494 1.219509 1.609434 2.104343 2.725905 3.498259 4.447712 5.602233 6.990723 8.642035 10.583755 12.840747 15.433506 18.376379 21.675723 25.328125 29.318780 33.620168 38.191162 42.976685 47.908012 52.903803 57.871880 62.711738 67.317718 71.582706 75.402206 78.678559 81.325074 83.269844 84.458987 84.859134 84.458987 83.269844 81.325074 78.678559 75.402206 71.582706 67.317718 62.711738 57.871880 52.903803 47.908012 42.976685 38.191162 33.620168 29.318780 25.328125 21.675723 18.376379 15.433506 12.840747 10.583755 8.642035 6.990723 5.602233 4.447712 3.498259 2.725905 2.104343 1.609434 1.219509 0.915494 0.680909 0.501753 0.366322 0.264979 0.189907 0.134850 0.094874 0.066134 0.045672 0.031246 0.021168 0.014188 0.009388 0.006097 0.003828 0.002224 0.001019 0.000000 
0.000000 0.000726 0.001591 0.002753 0.004417 0.006857 0.010453 0.015734 0.023434 0.034566 0.050510 0.073125 0.104893 0.149078 0.209928 0.292896 0.404891 0.554549 0.752512 1.011710 1.347603 1.778393 2.325141 3.011774 3.864946 4.913700 6.188914 7.722489 9.546277 11.690721 14.183261 17.046510 20.296287 23.939597 27.972651 32.379085 37.128502 42.175482 47.459208 52.903803 58.419463 63.904429 69.247751 74.332792 79.041318 83.257984 86.874990 89.796653 91.943601 93.256363 93.698107 93.256363 91.943601 89.796653 86.874990 83.257984 79.041318 74.332792 69.247751 63.904429 58.419463 52.903803 47.459208 42.175482 37.128502 32.379085 27.972651 23.939597 20.296287 17.046510 14.183261 11.690721 9.546277 7.722489 6.188914 4.913700 3.864946 3.011774 2.325141 1.778393 1.347603 1.011709 0.752512 0.554548 0.404891 0.292896 0.209927 0.149076 0.104889 0.073120 0.050501 0.034551 0.023409 0.015691 0.010383 0.006744 0.004234 0.002461 0.001128 0.000000 
0.000000 0.000795 0.001743 0.003017 0.004840 0.007512 0.011451 0.017235 0.025668 0.037859 0.055318 0.080081 0.114864 0.163239 0.229857 0.320683 0.443279 0.607093 0.823772 1.107459 1.475070 1.946516 2.544836 3.296203 4.229769 5.377299 6.772562 8.450446 10.445777 12.791843 15.518641 18.650889 22.205872 26.191231 30.602805 35.422680 40.617594 46.137860 51.916952 57.871880 63.904429 69.903310 75.747193 81.308529 86.458024 91.069550 95.025232 98.220442 100.568391 102.004051 102.487150 102.004051 100.568391 98.220442 95.025232 91.069550 86.458024 81.308529 75.747193 69.903310 63.904429 57.871880 51.916952 46.137860 40.617594 35.422680 30.602805 26.191231 22.205872 18.650889 15.518641 12.791843 10.445777 8.450446 6.772562 5.377299 4.229769 3.296203 2.544836 1.946516 1.475070 1.107459 0.823772 0.607093 0.443279 0.320683 0.229856 0.163238 0.114860 0.080075 0.055308 0.037843 0.025640 0.017188 0.011375 0.007388 0.004639 0.002696 0.001235 0.000000 
0.000000 0.000863 0.001891 0.003274 0.005252 0.008152 0.012425 0.018699 0.027848 0.041071 0.060008 0.086865 0.124587 0.177049 0.249289 0.347776 0.480705 0.658319 0.893240 1.200796 1.599320 2.110389 2.758969 3.573418 4.585325 5.829106 7.341344 9.159834 11.322303 13.864806 16.819832 20.214145 24.066458 28.385032 33.165341 38.387959 44.016831 49.998115 56.259723 62.711738 69.247751 75.747193 82.078621 88.103861 93.682851 98.678958 102.964497 106.426129 108.969843 110.525200 111.048577 110.525200 108.969843 106.426129 102.964497 98.678958 93.682851 88.103861 82.078621 75.747193 69.247751 62.711738 56.259723 49.998115 44.016831 38.387959 33.165341 28.385032 24.066458 20.214145 16.819832 13.864806 11.322303 9.159834 7.341344 5.829106 4.585325 3.573418 2.758969 2.110389 1.599320 1.200796 0.893240 0.658319 0.480705 0.347775 0.249288 0.177047 0.124583 0.086859 0.059997 0.041053 0.027817 0.018649 0.012342 0.008016 0.005034 0.002926 0.001341 0.000000 
