0.000000 0.000000 0.000000 0.000000 0.000000 0.000000 0.000000 0.000000 0.000000 0.000000 0.000000 0.000000 0.000000 0.000000 0.000000 0.000000 0.000000 0.000000 0.000000 0.000000 0.000000 0.000000 0.000000 0.000000 0.000000 0.000000 0.000000 0.000000 0.000000 0.000000 0.000000 0.000000 0.000000 0.000000 0.000000 0.000000 0.000000 0.000000 0.000000 0.000000 0.000000 0.000000 0.000000 0.000000 0.000000 0.000000 0.000000 0.000000 0.000000 0.000000 0.000000 0.000000 0.000000 0.000000 0.000000 0.000000 0.000000 0.000000 0.000000 0.000000 0.000000 0.000000 0.000000 0.000000 0.000000 0.000000 0.000000 0.000000 0.000000 0.000000 0.000000 0.000000 0.000000 0.000000 0.000000 0.000000 0.000000 0.000000 0.000000 0.000000 0.000000 0.000000 0.000000 0.000000 0.000000 0.000000 0.000000 0.000000 0.000000 0.000000 0.000000 0.000000 0.000000 0.000000 0.000000 0.000000 0.000000 0.000000 0.000000 0.000000 
0.000000 0.000000 0.000000 0.000000 0.000000 0.000000 0.000000 0.000001 0.000001 0.000001 0.000002 0.000003 0.000004 0.000005 0.000007 0.000010 0.000014 0.000018 0.000024 0.000032 0.000042 0.000055 0.000071 0.000090 0.000115 0.000144 0.000179 0.000220 0.000269 0.000325 0.000391 0.000465 0.000548 0.000640 0.000741 0.000851 0.000968 0.001092 0.001221 0.001352 0.001485 0.001616 0.001743 0.001864 0.001975 0.002074 0.002159 0.002228 0.002278 0.002308 0.002319 0.002308 0.002278 0.002228 0.002159 0.002074 0.001975 0.001864 0.001743 0.001616 0.001485 0.001352 0.001221 0.001092 0.000968 0.000851 0.000741 0.000640 0.000548 0.000465 0.000391 0.000325 0.000269 0.000220 0.000179 0.000144 0.000115 0.000090 0.000071 0.000055 0.000042 0.000032 0.000024 0.000018 0.000014 0.000010 0.000007 0.000005 0.000004 0.000003 0.000002 0.000001 0.000001 0.000001 0.000000 0.000000 0.000000 0.000000 0.000000 0.000000 
0.000000 0.000000 0.000000 0.000000 0.000000 0.000001 0.000001 0.000001 0.000002 0.000003 0.000004 0.000006 0.000008 0.000011 0.000016 0.000022 0.000029 0.000040 0.000053 0.000070 0.000092 0.000119 0.000153 0.000196 0.000248 0.000311 0.000386 0.000476 0.000582 0.000704 0.000845 0.001005 0.001185 0.001385 0.001604 0.001841 0.002095 0.002362 0.002640 0.002925 0.003212 0.003495 0.003770 0.004031 0.004271 0.004486 0.004669 0.004817 0.004926 0.004992 0.005015 0.004992 0.004926 0.004817 0.004669 0.004486 0.004271 0.004031 0.003770 0.003495 0.003212 0.002925 0.002640 0.002362 0.002095 0.001841 0.001604 0.001385 0.001185 0.001005 0.000845 0.000704 0.000582 0.000476 0.000386 0.000311 0.000248 0.000196 0.000153 0.000119 0.000092 0.000070 0.000053 0.000040 0.000029 0.000022 0.000016 0.000011 0.000008 0.000006 0.000004 0.000003 0.000002 0.000001 0.000001 0.000001 0.000000 0.000000 0.000000 0.000000 
0.000000 0.000000 0.000000 0.000000 0.000001 0.000001 0.000002 0.000002 0.000003 0.000005 0.000007 0.000010 0.000014 0.000020 0.000027 0.000037 0.000050 0.000067 0.000090 0.000119 0.000156 0.000203 0.000261 0.000333 0.000421 0.000528 0.000657 0.000809 0.000988 0.001196 0.001435 0.001707 0.002013 0.002352 0.002723 0.003126 0.003557 0.004011 0.004483 0.004966 0.005453 0.005934 0.006401 0.006843 0.007251 0.007615 0.007926 0.008177 0.008361 0.008474 0.008512 0.008474 0.008361 0.008177 0.007926 0.007615 0.007251 0.006843 0.006401 0.005934 0.005453 0.004966 0.004483 0.004011 0.003557 0.003126 0.002723 0.002352 0.002013 0.001707 0.001435 0.001196 0.000988 0.000809 0.000657 0.000528 0.000421 0.000333 0.000261 0.000203 0.000156 0.000119 0.000090 0.000067 0.000050 0.000037 0.000027 0.000020 0.000014 0.000010 0.000007 0.000005 0.000003 0.000002 0.000002 0.000001 0.000001 0.000000 0.000000 0.000000 
0.000000 0.000000 0.000000 0.000001 0.000001 0.000002 0.000002 0.000004 0.000005 0.000008 0.000011 0.000016 0.000022 0.000031 0.000042 0.000058 0.000079 0.000106 0.000141 0.000187 0.000245 0.000318 0.000409 0.000522 0.000661 0.000829 0.001030 0.001269 0.001550 0.001876 0.002251 0.002676 0.003155 0.003686 0.004268 0.004899 0.005573 0.006285 0.007024 0.007781 0.008543 0.009297 0.010027 0.010719 0.011358 0.011928 0.012416 0.012809 0.013097 0.013273 0.013332 0.013273 0.013097 0.012809 0.012416 0.011928 0.011358 0.010719 0.010027 0.009297 0.008543 0.007781 0.007024 0.006285 0.005573 0.004899 0.004268 0.003686 0.003155 0.002676 0.002251 0.001876 0.001550 0.001269 0.001030 0.000829 0.000661 0.000522 0.000409 0.000318 0.000245 0.000187 0.000141 0.000106 0.000079 0.000058 0.000042 0.000031 0.000022 0.000016 0.000011 0.000008 0.000005 0.000004 0.000002 0.000002 0.000001 0.000001 0.000000 0.000000 
0.000000 0.000000 0.000001 0.000001 0.000002 0.000003 0.000004 0.000006 0.000008 0.000012 0.000017 0.000024 0.000033 0.000047 0.000064 0.000088 0.000119 0.000161 0.000214 0.000283 0.000371 0.000482 0.000620 0.000791 0.001001 0.001255 0.001559 0.001921 0.002346 0.002839 0.003406 0.004050 0.004773 0.005576 0.006457 0.007410 0.008430 0.009505 0.010622 0.011766 0.012918 0.014057 0.015161 0.016207 0.017172 0.018033 0.018770 0.019364 0.019799 0.020065 0.020155 0.020065 0.019799 0.019364 0.018770 0.018033 0.017172 0.016207 0.015161 0.014057 0.012918 0.011766 0.010622 0.009505 0.008430 0.007410 0.006457 0.005576 0.004773 0.004050 0.003406 0.002839 0.002346 0.001921 0.001559 0.001255 0.001001 0.000791 0.000620 0.000482 0.000371 0.000283 0.000214 0.000161 0.000119 0.000088 0.000064 0.000047 0.000033 0.000024 0.000017 0.000012 0.000008 0.000006 0.000004 0.000002 0.000002 0.000001 0.000000 0.000000 
0.000000 0.000000 0.000001 0.000002 0.000002 0.000004 0.000006 0.000008 0.000012 0.000017 0.000025 0.000035 0.000050 0.000069 0.000096 0.000131 0.000178 0.000239 0.000318 0.000421 0.000551 0.000716 0.000921 0.001176 0.001487 0.001864 0.002316 0.002852 0.003483 0.004215 0.005055 0.006011 0.007084 0.008274 0.009580 0.010994 0.012506 0.014100 0.015756 0.017452 0.019159 0.020847 0.022483 0.024034 0.025464 0.026740 0.027832 0.028712 0.029357 0.029752 0.029884 0.029752 0.029357 0.028712 0.027832 0.026740 0.025464 0.024034 0.022483 0.020847 0.019159 0.017452 0.015756 0.014100 0.012506 0.010994 0.009580 0.008274 0.007084 0.006011 0.005055 0.004215 0.003483 0.002852 0.002316 0.001864 0.001487 0.001176 0.000921 0.000716 0.000551 0.000421 0.000318 0.000239 0.000178 0.000131 0.000096 0.000069 0.000050 0.000035 0.000025 0.000017 0.000012 0.000008 0.000006 0.000004 0.000002 0.000001 0.000001 0.000000 
0.000000 0.000001 0.000001 0.000002 0.000004 0.000006 0.000008 0.000012 0.000018 0.000026 0.000037 0.000052 0.000073 0.000102 0.000141 0.000192 0.000261 0.000351 0.000467 0.000618 0.000809 0.001050 0.001351 0.001724 0.002180 0.002732 0.003395 0.004181 0.005104 0.006176 0.007407 0.008806 0.010377 0.012120 0.014031 0.016101 0.018313 0.020646 0.023069 0.025550 0.028048 0.030518 0.032912 0.035180 0.037272 0.039139 0.040736 0.042023 0.042967 0.043544 0.043738 0.043544 0.042967 0.042023 0.040736 0.039139 0.037272 0.035180 0.032912 0.030518 0.028048 0.025550 0.023069 0.020646 0.018313 0.016101 0.014031 0.012120 0.010377 0.008806 0.007407 0.006176 0.005104 0.004181 0.003395 0.002732 0.002180 0.001724 0.001351 0.001050 0.000809 0.000618 0.000467 0.000351 0.000261 0.000192 0.000141 0.000102 0.000073 0.000052 0.000037 0.000026 0.000018 0.000012 0.000008 0.000005 0.000004 0.000002 0.000001 0.000000 
0.000000 0.000001 0.000002 0.000003 0.000005 0.000008 0.000012 0.000018 0.000026 0.000037 0.000053 0.000076 0.000106 0.000148 0.000204 0.000280 0.000379 0.000510 0.000679 0.000897 0.001175 0.001525 0.001962 0.002502 0.003163 0.003965 0.004925 0.006065 0.007403 0.008956 0.010741 0.012768 0.015043 0.017569 0.020338 0.023336 0.026540 0.029918 0.033428 0.037020 0.040637 0.044213 0.047679 0.050963 0.053991 0.056694 0.059006 0.060869 0.062236 0.063070 0.063351 0.063070 0.062236 0.060869 0.059006 0.056694 0.053991 0.050963 0.047679 0.044213 0.040637 0.037020 0.033428 0.029918 0.026540 0.023336 0.020338 0.017569 0.015043 0.012768 0.010741 0.008956 0.007403 0.006065 0.004925 0.003965 0.003163 0.002502 0.001962 0.001525 0.001175 0.000897 0.000679 0.000510 0.000379 0.000280 0.000204 0.000148 0.000106 0.000076 0.000053 0.000037 0.000026 0.000018 0.000012 0.000008 0.000005 0.000003 0.000001 0.000000 
0.000000 0.000001 0.000003 0.000005 0.000008 0.000012 0.000017 0.000026 0.000037 0.000054 0.000077 0.000109 0.000153 0.000213 0.000294 0.000402 0.000546 0.000733 0.000977 0.001290 0.001690 0.002193 0.002821 0.003598 0.004548 0.005699 0.007079 0.008715 0.010637 0.012867 0.015430 0.018339 0.021606 0.025231 0.029205 0.033507 0.038105 0.042951 0.047988 0.053141 0.058330 0.063460 0.068431 0.073141 0.077484 0.081361 0.084676 0.087348 0.089308 0.090505 0.090908 0.090505 0.089308 0.087348 0.084676 0.081361 0.077484 0.073141 0.068431 0.063460 0.058330 0.053141 0.047988 0.042951 0.038105 0.033507 0.029205 0.025231 0.021606 0.018339 0.015430 0.012867 0.010637 0.008715 0.007079 0.005699 0.004548 0.003598 0.002821 0.002193 0.001690 0.001290 0.000977 0.000733 0.000546 0.000402 0.000294 0.000213 0.000153 0.000109 0.000077 0.000054 0.000037 0.000026 0.000017 0.000012 0.000007 0.000004 0.000002 0.000000 
0.000000 0.000002 0.000004 0.000007 0.000011 0.000017 0.000025 0.000037 0.000053 0.000077 0.000110 0.000156 0.000219 0.000304 0.000420 0.000574 0.000778 0.001046 0.001393 0.001840 0.002409 0.003126 0.004021 0.005127 0.006480 0.008119 0.010084 0.012414 0.015148 0.018323 0.021969 0.026109 0.030757 0.035914 0.041567 0.047687 0.054225 0.061118 0.068279 0.075608 0.082985 0.090278 0.097347 0.104042 0.110217 0.115727 0.120440 0.124239 0.127025 0.128726 0.129299 0.128726 0.127025 0.124239 0.120440 0.115727 0.110217 0.104042 0.097347 0.090278 0.082985 0.075608 0.068279 0.061118 0.054225 0.047687 0.041567 0.035914 0.030757 0.026109 0.021969 0.018323 0.015148 0.012414 0.010084 0.008119 0.006480 0.005127 0.004021 0.003126 0.002409 0.001840 0.001393 0.001046 0.000778 0.000574 0.000420 0.000304 0.000219 0.000156 0.000110 0.000077 0.000053 0.000037 0.000025 0.000016 0.000011 0.000006 0.000003 0.000000 
0.000000 0.000003 0.000006 0.000010 0.000016 0.000024 0.000035 0.000052 0.000076 0.000109 0.000156 0.000221 0.000310 0.000431 0.000594 0.000812 0.001101 0.001479 0.001970 0.002601 0.003404 0.004417 0.005681 0.007243 0.009153 0.011467 0.014239 0.017527 0.021386 0.025865 0.031009 0.036849 0.043404 0.050677 0.058649 0.067277 0.076496 0.086213 0.096309 0.106640 0.117038 0.127319 0.137281 0.146717 0.155419 0.163185 0.169827 0.175179 0.179105 0.181503 0.182309 0.181503 0.179105 0.175179 0.169827 0.163185 0.155419 0.146717 0.137281 0.127319 0.117038 0.106640 0.096309 0.086213 0.076496 0.067277 0.058649 0.050677 0.043404 0.036849 0.031009 0.025865 0.021386 0.017527 0.014239 0.011467 0.009153 0.007243 0.005681 0.004417 0.003404 0.002601 0.001970 0.001479 0.001101 0.000812 0.000594 0.000431 0.000310 0.000221 0.000156 0.000109 0.000076 0.000052 0.000035 0.000023 0.000015 0.000009 0.000004 0.000000 
0.000000 0.000004 0.000008 0.000014 0.000022 0.000033 0.000050 0.000073 0.000106 0.000153 0.000219 0.000310 0.000434 0.000604 0.000833 0.001139 0.001544 0.002073 0.002761 0.003645 0.004770 0.006188 0.007957 0.010143 0.012817 0.016055 0.019934 0.024534 0.029932 0.036197 0.043391 0.051558 0.060724 0.070893 0.082037 0.094099 0.106986 0.120568 0.134678 0.149116 0.163647 0.178013 0.191933 0.205118 0.217277 0.228127 0.237406 0.244884 0.250369 0.253719 0.254846 0.253719 0.250369 0.244884 0.237406 0.228127 0.217277 0.205118 0.191933 0.178013 0.163647 0.149116 0.134678 0.120568 0.106986 0.094099 0.082037 0.070893 0.060724 0.051558 0.043391 0.036197 0.029932 0.024534 0.019934 0.016055 0.012817 0.010143 0.007957 0.006188 0.004770 0.003645 0.002761 0.002073 0.001544 0.001139 0.000833 0.000604 0.000434 0.000310 0.000219 0.000153 0.000106 0.000073 0.000049 0.000033 0.000021 0.000012 0.000006 0.000000 
0.000000 0.000005 0.000011 0.000020 0.000031 0.000047 0.000069 0.000102 0.000148 0.000213 0.000304 0.000431 0.000604 0.000840 0.001159 0.001583 0.002145 0.002881 0.003836 0.005064 0.006626 0.008594 0.011050 0.014083 0.017793 0.022285 0.027666 0.034047 0.041533 0.050221 0.060196 0.071519 0.084226 0.098322 0.113768 0.130486 0.148345 0.167166 0.186718 0.206722 0.226856 0.246758 0.266043 0.284309 0.301152 0.316181 0.329035 0.339393 0.346991 0.351631 0.353192 0.351631 0.346991 0.339393 0.329035 0.316181 0.301152 0.284309 0.266043 0.246758 0.226856 0.206722 0.186718 0.167166 0.148345 0.130486 0.113768 0.098322 0.084226 0.071519 0.060196 0.050221 0.041533 0.034047 0.027666 0.022285 0.017793 0.014083 0.011050 0.008594 0.006626 0.005064 0.003836 0.002881 0.002145 0.001583 0.001159 0.000840 0.000604 0.000431 0.000304 0.000213 0.000148 0.000101 0.000069 0.000046 0.000029 0.000017 0.000008 0.000000 
0.000000 0.000007 0.000016 0.000027 0.000042 0.000064 0.000096 0.000141 0.000204 0.000294 0.000420 0.000594 0.000833 0.001159 0.001597 0.002182 0.002956 0.003970 0.005285 0.006974 0.009124 0.011832 0.015211 0.019385 0.024489 0.030667 0.038068 0.046842 0.057135 0.069080 0.082792 0.098356 0.115822 0.135193 0.156420 0.179391 0.203929 0.229787 0.256648 0.284129 0.311785 0.339122 0.365611 0.390698 0.413831 0.434472 0.452125 0.466350 0.476784 0.483157 0.485300 0.483157 0.476784 0.466350 0.452125 0.434472 0.413831 0.390698 0.365611 0.339122 0.311785 0.284129 0.256648 0.229787 0.203929 0.179391 0.156420 0.135193 0.115822 0.098356 0.082792 0.069080 0.057135 0.046842 0.038068 0.030667 0.024489 0.019385 0.015211 0.011832 0.009124 0.006974 0.005285 0.003970 0.002956 0.002182 0.001597 0.001159 0.000833 0.000594 0.000420 0.000294 0.000204 0.000140 0.000095 0.000063 0.000040 0.000024 0.000011 0.000000 
0.000000 0.000010 0.000022 0.000037 0.000058 0.000088 0.000131 0.000192 0.000280 0.000402 0.000574 0.000812 0.001139 0.001583 0.002182 0.002981 0.004038 0.005422 0.007217 0.009522 0.012456 0.016151 0.020761 0.026454 0.033414 0.041839 0.051930 0.063892 0.077923 0.094205 0.112892 0.134102 0.157902 0.184296 0.213216 0.244510 0.277937 0.313159 0.349744 0.387172 0.424837 0.462066 0.498138 0.532300 0.563799 0.591905 0.615941 0.635310 0.649517 0.658193 0.661111 0.658193 0.649517 0.635310 0.615941 0.591905 0.563799 0.532300 0.498138 0.462066 0.424837 0.387172 0.349744 0.313159 0.277937 0.244510 0.213216 0.184296 0.157902 0.134102 0.112892 0.094205 0.077923 0.063892 0.051930 0.041839 0.033414 0.026454 0.020761 0.016151 0.012456 0.009522 0.007217 0.005422 0.004038 0.002981 0.002182 0.001583 0.001139 0.000812 0.000574 0.000402 0.000279 0.000192 0.000130 0.000086 0.000055 0.000033 0.000015 0.000000 
0.000000 0.000014 0.000029 0.000050 0.000079 0.000119 0.000178 0.000261 0.000379 0.000546 0.000778 0.001101 0.001544 0.002145 0.002956 0.004038 0.005468 0.007341 0.009770 0.012889 0.016857 0.021856 0.028090 0.035788 0.045200 0.056589 0.070229 0.086398 0.105360 0.127362 0.152613 0.181269 0.213422 0.249076 0.288140 0.330407 0.375551 0.423117 0.472522 0.523060 0.573917 0.624183 0.672884 0.719005 0.761529 0.799473 0.831921 0.858067 0.877245 0.888957 0.892896 0.888957 0.877245 0.858067 0.831921 0.799473 0.761529 0.719005 0.672884 0.624183 0.573917 0.523060 0.472522 0.423117 0.375551 0.330407 0.288140 0.249076 0.213422 0.181269 0.152613 0.127362 0.105360 0.086398 0.070229 0.056589 0.045200 0.035788 0.028090 0.021856 0.016857 0.012889 0.009770 0.007341 0.005468 0.004038 0.002956 0.002145 0.001543 0.001101 0.000778 0.000545 0.000378 0.000260 0.000176 0.000117 0.000075 0.000044 0.000021 0.000000 
0.000000 0.000018 0.000040 0.000067 0.000106 0.000161 0.000239 0.000351 0.000510 0.000733 0.001046 0.001479 0.002073 0.002881 0.003970 0.005422 0.007341 0.009853 0.013112 0.017296 0.022618 0.029320 0.037679 0.047999 0.060615 0.075879 0.094159 0.115825 0.141232 0.170709 0.204534 0.242918 0.285982 0.333733 0.386045 0.442643 0.503090 0.566775 0.632918 0.700576 0.768656 0.835943 0.901132 0.962865 1.019782 1.070567 1.113995 1.148989 1.174656 1.190331 1.195602 1.190331 1.174656 1.148989 1.113995 1.070567 1.019782 0.962865 0.901132 0.835943 0.768656 0.700576 0.632918 0.566775 0.503090 0.442643 0.386045 0.333733 0.285982 0.242918 0.204534 0.170709 0.141232 0.115825 0.094159 0.075879 0.060615 0.047999 0.037679 0.029320 0.022618 0.017296 0.013112 0.009853 0.007341 0.005422 0.003970 0.002881 0.002073 0.001479 0.001046 0.000733 0.000509 0.000349 0.000237 0.000157 0.000101 0.000060 0.000028 0.000000 
0.000000 0.000024 0.000053 0.000090 0.000141 0.000214 0.000318 0.000467 0.000679 0.000977 0.001393 0.001970 0.002761 0.003836 0.005285 0.007217 0.009770 0.013112 0.017445 0.023009 0.030084 0.038994 0.050105 0.063821 0.080585 0.100868 0.125155 0.153937 0.187686 0.226836 0.271759 0.322732 0.379915 0.443316 0.512768 0.587906 0.668147 0.752682 0.840475 0.930274 1.020629 1.109928 1.196438 1.278360 1.353889 1.421277 1.478903 1.525336 1.559394 1.580193 1.587187 1.580193 1.559394 1.525336 1.478903 1.421277 1.353889 1.278360 1.196438 1.109928 1.020629 0.930274 0.840475 0.752682 0.668147 0.587906 0.512768 0.443316 0.379915 0.322732 0.271759 0.226836 0.187686 0.153937 0.125155 0.100868 0.080585 0.063821 0.050105 0.038994 0.030084 0.023009 0.017445 0.013112 0.009770 0.007217 0.005285 0.003836 0.002761 0.001970 0.001393 0.000976 0.000678 0.000466 0.000316 0.000210 0.000135 0.000080 0.000037 0.000000 
0.000000 0.000032 0.000070 0.000119 0.000187 0.000283 0.000421 0.000618 0.000897 0.001290 0.001840 0.002601 0.003645 0.005064 0.006974 0.009522 0.012889 0.017296 0.023009 0.030343 0.039669 0.051412 0.066052 0.084125 0.106211 0.132928 0.164918 0.202824 0.247268 0.298820 0.357967 0.425076 0.500353 0.583810 0.675226 0.774118 0.879721 0.990968 1.106498 1.224659 1.343547 1.461041 1.574861 1.682641 1.782007 1.870661 1.946471 2.007555 2.052357 2.079718 2.088919 2.079718 2.052357 2.007555 1.946471 1.870661 1.782007 1.682641 1.574861 1.461041 1.343547 1.224659 1.106498 0.990968 0.879721 0.774118 0.675226 0.583810 0.500353 0.425076 0.357967 0.298820 0.247268 0.202824 0.164918 0.132928 0.106211 0.084125 0.066052 0.051412 0.039669 0.030343 0.023009 0.017296 0.012889 0.009522 0.006974 0.005064 0.003645 0.002601 0.001840 0.001290 0.000896 0.000615 0.000417 0.000277 0.000178 0.000105 0.000049 0.000000 
0.000000 0.000042 0.000092 0.000156 0.000245 0.000371 0.000551 0.000809 0.001175 0.001690 0.002409 0.003404 0.004770 0.006626 0.009124 0.012456 0.016857 0.022618 0.030084 0.039669 0.051855 0.067197 0.086323 0.109929 0.138774 0.173665 0.215437 0.264930 0.322953 0.390250 0.467455 0.555046 0.653290 0.762201 0.881491 1.010530 1.148315 1.293457 1.444177 1.598324 1.753412 1.906674 2.055139 2.195721 2.325325 2.440954 2.539828 2.619495 2.677927 2.713611 2.725611 2.713611 2.677927 2.619495 2.539828 2.440954 2.325325 2.195721 2.055139 1.906674 1.753412 1.598324 1.444177 1.293457 1.148315 1.010530 0.881491 0.762201 0.653290 0.555046 0.467455 0.390250 0.322953 0.264930 0.215437 0.173665 0.138774 0.109929 0.086323 0.067197 0.051855 0.039669 0.030084 0.022618 0.016857 0.012456 0.009124 0.006625 0.004770 0.003404 0.002408 0.001688 0.001173 0.000806 0.000547 0.000363 0.000233 0.000138 0.000064 0.000000 
0.000000 0.000055 0.000119 0.000203 0.000318 0.000482 0.000716 0.001050 0.001525 0.002193 0.003126 0.004417 0.006188 0.008594 0.011832 0.016151 0.021856 0.029320 0.038994 0.051412 0.067197 0.087068 0.111836 0.142404 0.179753 0.224924 0.278999 0.343061 0.418159 0.505253 0.605161 0.718498 0.845612 0.986519 1.140842 1.307765 1.485993 1.673727 1.868666 2.068028 2.268597 2.466798 2.658788 2.840579 3.008168 3.157683 3.285532 3.388542 3.464094 3.510233 3.525749 3.510233 3.464094 3.388542 3.285532 3.157683 3.008168 2.840579 2.658788 2.466798 2.268597 2.068028 1.868666 1.673727 1.485993 1.307765 1.140842 0.986519 0.845612 0.718498 0.605161 0.505253 0.418159 0.343061 0.278999 0.224924 0.179753 0.142404 0.111836 0.087068 0.067197 0.051412 0.038994 0.029320 0.021856 0.016151 0.011832 0.008594 0.006188 0.004417 0.003125 0.002191 0.001522 0.001046 0.000710 0.000472 0.000303 0.000179 0.000083 0.000000 
0.000000 0.000071 0.000153 0.000261 0.000409 0.000620 0.000921 0.001351 0.001962 0.002821 0.004021 0.005681 0.007957 0.011050 0.015211 0.020761 0.028090 0.037679 0.050105 0.066052 0.086323 0.111836 0.143635 0.182876 0.230815 0.288791 0.358187 0.440392 0.536750 0.648491 0.776662 0.922051 1.085100 1.265828 1.463752 1.677823 1.906378 2.147111 2.397070 2.652689 2.909846 3.163956 3.410095 3.643151 3.857994 4.049664 4.213554 4.345602 4.442451 4.501595 4.521484 4.501595 4.442451 4.345602 4.213554 4.049664 3.857994 3.643151 3.410095 3.163956 2.909846 2.652689 2.397070 2.147111 1.906378 1.677823 1.463752 1.265828 1.085100 0.922051 0.776662 0.648491 0.536750 0.440392 0.358187 0.288791 0.230815 0.182876 0.143635 0.111836 0.086323 0.066052 0.050105 0.037679 0.028090 0.020761 0.015211 0.011049 0.007957 0.005680 0.004020 0.002819 0.001959 0.001346 0.000913 0.000607 0.000390 0.000230 0.000107 0.000000 
0.000000 0.000090 0.000196 0.000333 0.000522 0.000791 0.001176 0.001724 0.002502 0.003598 0.005127 0.007243 0.010143 0.014083 0.019385 0.026454 0.035788 0.047999 0.063821 0.084125 0.109929 0.142404 0.182876 0.232813 0.293815 0.367580 0.455867 0.560443 0.683011 0.825135 0.988145 1.173038 1.380377 1.610180 1.861834 2.134002 2.424569 2.730602 3.048349 3.373276 3.700145 4.023128 4.335971 4.632175 4.905225 5.148818 5.357102 5.524916 5.647996 5.723158 5.748434 5.723158 5.647996 5.524916 5.357102 5.148818 4.905225 4.632175 4.335971 4.023128 3.700145 3.373276 3.048349 2.730602 2.424569 2.134002 1.861834 1.610180 1.380377 1.173038 0.988145 0.825135 0.683011 0.560443 0.455867 0.367580 0.293815 0.232813 0.182876 0.142404 0.109929 0.084125 0.063821 0.047999 0.035788 0.026454 0.019385 0.014083 0.010143 0.007242 0.005125 0.003595 0.002498 0.001718 0.001165 0.000775 0.000497 0.000294 0.000136 0.000000 
0.000000 0.000115 0.000248 0.000421 0.000661 0.001001 0.001487 0.002180 0.003163 0.004548 0.006480 0.009153 0.012817 0.017793 0.024489 0.033414 0.045200 0.060615 0.080585 0.106211 0.138774 0.179753 0.230815 0.293815 0.370765 0.463808 0.575158 0.707039 0.861599 1.040805 1.246332 1.479432 1.740812 2.030495 2.347701 2.690747 3.056964 3.442653 3.843087 4.252552 4.664448 5.071434 5.465629 5.838848 6.182884 6.489798 6.752221 6.963651 7.118719 7.213414 7.245259 7.213414 7.118719 6.963651 6.752221 6.489798 6.182884 5.838848 5.465629 5.071434 4.664448 4.252552 3.843087 3.442653 3.056964 2.690747 2.347701 2.030495 1.740812 1.479432 1.246332 1.040805 0.861599 0.707039 0.575158 0.463808 0.370765 0.293815 0.230815 0.179753 0.138774 0.106211 0.080585 0.060615 0.045200 0.033414 0.024489 0.017793 0.012817 0.009152 0.006478 0.004545 0.003158 0.002172 0.001474 0.000980 0.000629 0.000372 0.000173 0.000000 
0.000000 0.000144 0.000311 0.000528 0.000829 0.001255 0.001864 0.002732 0.003965 0.005699 0.008119 0.011467 0.016055 0.022285 0.030667 0.041839 0.056589 0.075879 0.100868 0.132928 0.173665 0.224924 0.288791 0.367580 0.463808 0.580148 0.719369 0.884247 1.077462 1.301470 1.558360 1.849696 2.176355 2.538363 2.934744 3.363390 3.820965 4.302848 4.803131 5.314676 5.829238 6.337649 6.830066 7.296268 7.726007 8.109366 8.437149 8.701234 8.894919 9.013196 9.052970 9.013196 8.894919 8.701234 8.437149 8.109366 7.726007 7.296268 6.830066 6.337649 5.829238 5.314676 4.803131 4.302848 3.820965 3.363390 2.934744 2.538363 2.176355 1.849696 1.558360 1.301470 1.077462 0.884247 0.719369 0.580148 0.463808 0.367580 0.288791 0.224924 0.173665 0.132928 0.100868 0.075879 0.056588 0.041838 0.030667 0.022284 0.016054 0.011465 0.008117 0.005695 0.003958 0.002722 0.001848 0.001229 0.000789 0.000467 0.000216 0.000000 
0.000000 0.000179 0.000386 0.000657 0.001030 0.001559 0.002316 0.003395 0.004925 0.007079 0.010084 0.014239 0.019934 0.027666 0.038068 0.051930 0.070229 0.094159 0.125155 0.164918 0.215437 0.278999 0.358187 0.455867 0.575158 0.719369 0.891927 1.096271 1.335717 1.613303 1.931614 2.292584 2.697294 3.145772 3.636806 4.167783 4.734567 5.331432 5.951061 6.584615 7.221882 7.851511 8.461313 9.038637 9.570793 10.045508 10.451395 10.778403 11.018234 11.164689 11.213939 11.164689 11.018234 10.778403 10.451395 10.045508 9.570793 9.038637 8.461313 7.851511 7.221882 6.584615 5.951061 5.331432 4.734567 4.167783 3.636806 3.145772 2.697294 2.292584 1.931614 1.613303 1.335717 1.096271 0.891927 0.719369 0.575158 0.455867 0.358187 0.278999 0.215437 0.164918 0.125155 0.094159 0.070229 0.051929 0.038068 0.027666 0.019933 0.014237 0.010081 0.007074 0.004917 0.003382 0.002296 0.001528 0.000980 0.000580 0.000269 0.000000 
0.000000 0.000220 0.000476 0.000809 0.001269 0.001921 0.002852 0.004181 0.006065 0.008715 0.012414 0.017527 0.024534 0.034047 0.046842 0.063892 0.086398 0.115825 0.153937 0.202824 0.264930 0.343061 0.440392 0.560443 0.707039 0.884247 1.096271 1.347331 1.641497 1.982496 2.373497 2.816870 3.313939 3.864734 4.467761 5.119807 5.815792 6.548684 7.309496 8.087376 8.869788 9.642798 10.391445 11.100201 11.753492 12.336256 12.834517 13.235943 13.530350 13.710131 13.770588 13.710131 13.530350 13.235943 12.834517 12.336256 11.753492 11.100201 10.391445 9.642798 8.869788 8.087376 7.309496 6.548684 5.815792 5.119807 4.467761 3.864734 3.313939 2.816870 2.373497 1.982496 1.641497 1.347331 1.096271 0.884247 0.707039 0.560443 0.440392 0.343061 0.264930 0.202824 0.153937 0.115825 0.086398 0.063892 0.046842 0.034046 0.024533 0.017525 0.012410 0.008709 0.006055 0.004165 0.002828 0.001882 0.001208 0.000715 0.000331 0.000000 
0.000000 0.000269 0.000582 0.000988 0.001550 0.002346 0.003483 0.005104 0.007403 0.010637 0.015148 0.021386 0.029932 0.041533 0.057135 0.077923 0.105360 0.141232 0.187686 0.247268 0.322953 0.418159 0.536750 0.683011 0.861599 1.077462 1.335717 1.641497 1.999752 2.415018 2.891145 3.431014 4.036230 4.706825 5.440975 6.234765 7.082007 7.974139 8.900221 9.847044 10.799353 11.740188 12.651347 13.513935 14.309002 15.018224 15.624597 16.113118 16.471397 16.690181 16.763754 16.690181 16.471397 16.113118 15.624597 15.018224 14.309002 13.513935 12.651347 11.740188 10.799353 9.847044 8.900221 7.974139 7.082007 6.234765 5.440975 4.706825 4.036230 3.431014 2.891145 2.415018 1.999752 1.641497 1.335717 1.077462 0.861599 0.683011 0.536750 0.418159 0.322953 0.247268 0.187686 0.141232 0.105360 0.077923 0.057135 0.041532 0.029930 0.021383 0.015144 0.010629 0.007391 0.005085 0.003452 0.002298 0.001475 0.000873 0.000405 0.000000 
0.000000 0.000325 0.000704 0.001196 0.001876 0.002839 0.004215 0.006176 0.008956 0.012867 0.018323 0.025865 0.036197 0.050221 0.069080 0.094205 0.127362 0.170709 0.226836 0.298820 0.390250 0.505253 0.648491 0.825135 1.040805 1.301470 1.613303 1.982496 2.415018 2.916336 3.491093 4.142758 4.873263 5.682638 6.568679 7.526655 8.549094 9.625661 10.743156 11.885640 13.034705 14.169895 15.269249 16.309976 17.269218 18.124874 18.856436 19.445807 19.878045 20.141991 20.230751 20.141991 19.878045 19.445807 18.856436 18.124874 17.269218 16.309976 15.269249 14.169895 13.034705 11.885640 10.743156 9.625661 8.549094 7.526655 6.568679 5.682638 4.873263 4.142758 3.491093 2.916336 2.415018 1.982496 1.613303 1.301470 1.040805 0.825135 0.648491 0.505253 0.390250 0.298820 0.226836 0.170708 0.127362 0.094204 0.069080 0.050220 0.036195 0.025862 0.018318 0.012859 0.008942 0.006153 0.004178 0.002781 0.001785 0.001057 0.000490 0.000000 
0.000000 0.000391 0.000845 0.001435 0.002251 0.003406 0.005055 0.007407 0.010741 0.015430 0.021969 0.031009 0.043391 0.060196 0.082792 0.112892 0.152613 0.204534 0.271759 0.357967 0.467455 0.605161 0.776662 0.988145 1.246332 1.558360 1.931614 2.373497 2.891145 3.491093 4.178889 4.958676 5.832757 6.801162 7.861246 9.007346 10.230517 11.518393 12.855183 14.221820 15.596289 16.954122 18.269059 19.513844 20.661147 21.684537 22.559494 23.264383 23.781335 24.097011 24.203166 24.097011 23.781335 23.264383 22.559494 21.684537 20.661147 19.513844 18.269059 16.954122 15.596289 14.221820 12.855183 11.518393 10.230517 9.007346 7.861246 6.801162 5.832757 4.958676 4.178889 3.491093 2.891145 2.373497 1.931614 1.558360 1.246332 0.988145 0.776662 0.605161 0.467455 0.357967 0.271759 0.204534 0.152612 0.112892 0.082791 0.060194 0.043388 0.031005 0.021963 0.015419 0.010723 0.007379 0.005011 0.003336 0.002142 0.001268 0.000588 0.000000 
0.000000 0.000465 0.001005 0.001707 0.002676 0.004050 0.006011 0.008806 0.012768 0.018339 0.026109 0.036849 0.051558 0.071519 0.098356 0.134102 0.181269 0.242918 0.322732 0.425076 0.555046 0.718498 0.922051 1.173038 1.479432 1.849696 2.292584 2.816870 3.431014 4.142758 4.958676 5.883672 6.920470 8.069097 9.326409 10.685682 12.136305 13.663610 15.248867 16.869468 18.499310 20.109383 21.668553 23.144513 24.504859 25.718266 26.755666 27.591413 28.204331 28.578606 28.704466 28.578606 28.204331 27.591413 26.755666 25.718266 24.504859 23.144513 21.668553 20.109383 18.499310 16.869468 15.248867 13.663610 12.136305 10.685682 9.326409 8.069097 6.920470 5.883672 4.958676 4.142758 3.431014 2.816870 2.292584 1.849696 1.479432 1.173038 0.922051 0.718498 0.555045 0.425076 0.322732 0.242918 0.181269 0.134101 0.098355 0.071517 0.051555 0.036844 0.026101 0.018326 0.012747 0.008773 0.005958 0.003967 0.002547 0.001508 0.000699 0.000000 
0.000000 0.000548 0.001185 0.002013 0.003155 0.004773 0.007084 0.010377 0.015043 0.021606 0.030757 0.043404 0.060724 0.084226 0.115822 0.157902 0.213422 0.285982 0.379915 0.500353 0.653290 0.845612 1.085100 1.380377 1.740812 2.176355 2.697294 3.313939 4.036230 4.873263 5.832757 6.920470 8.139594 9.490152 10.968441 12.566547 14.271990 16.067523 17.931126 19.836221 21.752127 23.644748 25.477491 27.212389 28.811364 30.237601 31.456946 32.439261 33.159662 33.599569 33.747500 33.599569 33.159662 32.439261 31.456946 30.237601 28.811364 27.212389 25.477491 23.644748 21.752127 19.836221 17.931126 16.067523 14.271990 12.566547 10.968441 9.490152 8.139594 6.920470 5.832757 4.873263 4.036230 3.313939 2.697294 2.176355 1.740812 1.380377 1.085100 0.845612 0.653290 0.500353 0.379915 0.285982 0.213421 0.157901 0.115820 0.084224 0.060721 0.043399 0.030748 0.021591 0.015019 0.010337 0.007021 0.004675 0.003002 0.001777 0.000824 0.000000 
0.000000 0.000640 0.001385 0.002352 0.003686 0.005576 0.008274 0.012120 0.017569 0.025231 0.035914 0.050677 0.070893 0.098322 0.135193 0.184296 0.249076 0.333733 0.443316 0.583810 0.762201 0.986519 1.265828 1.610180 2.030495 2.538363 3.145772 3.864734 4.706825 5.682638 6.801162 8.069097 9.490152 11.064347 12.787353 14.649941 16.637560 18.730105 20.901914 23.122016 25.354657 27.560112 29.695747 31.717328 33.580495 35.242360 36.663135 37.807713 38.647108 39.159675 39.332038 39.159675 38.647108 37.807713 36.663135 35.242360 33.580495 31.717328 29.695747 27.560112 25.354657 23.122016 20.901914 18.730105 16.637560 14.649941 12.787353 11.064347 9.490152 8.069097 6.801162 5.682638 4.706825 3.864734 3.145772 2.538363 2.030495 1.610180 1.265828 0.986518 0.762201 0.583809 0.443316 0.333733 0.249076 0.184295 0.135192 0.098319 0.070889 0.050670 0.035903 0.025213 0.017540 0.012074 0.008202 0.005462 0.003508 0.002076 0.000963 0.000000 
0.000000 0.000741 0.001604 0.002723 0.004268 0.006457 0.009580 0.014031 0.020338 0.029205 0.041567 0.058649 0.082037 0.113768 0.156420 0.213216 0.288140 0.386045 0.512768 0.675226 0.881491 1.140842 1.463752 1.861834 2.347701 2.934744 3.636806 4.467761 5.440975 6.568679 7.861246 9.326409 10.968441 12.787353 14.778135 16.930115 19.226476 21.643987 24.152999 26.717733 29.296890 31.844585 34.311577 36.646776 38.798953 40.718576 42.359697 43.681776 44.651337 45.243385 45.442476 45.243385 44.651337 43.681776 42.359697 40.718576 38.798953 36.646776 34.311577 31.844585 29.296890 26.717733 24.152999 21.643987 19.226476 16.930115 14.778135 12.787353 10.968441 9.326409 7.861246 6.568679 5.440975 4.467761 3.636806 2.934744 2.347701 1.861834 1.463752 1.140842 0.881491 0.675225 0.512768 0.386045 0.288139 0.213215 0.156418 0.113766 0.082033 0.058641 0.041554 0.029185 0.020305 0.013978 0.009496 0.006324 0.004062 0.002404 0.001115 0.000000 
0.000000 0.000851 0.001841 0.003126 0.004899 0.007410 0.010994 0.016101 0.023336 0.033507 0.047687 0.067277 0.094099 0.130486 0.179391 0.244510 0.330407 0.442643 0.587906 0.774118 1.010530 1.307765 1.677823 2.134002 2.690747 3.363390 4.167783 5.119807 6.234765 7.526655 9.007346 10.685682 12.566547 14.649941 16.930115 19.394838 22.024842 24.793518 27.666908 30.604039 33.557620 36.475110 39.300131 41.974187 44.438626 46.636743 48.515935 50.029788 51.139982 51.817904 52.045871 51.817904 51.139982 50.029788 48.515935 46.636743 44.438626 41.974187 39.300131 36.475110 33.557620 30.604039 27.666908 24.793518 22.024842 19.394838 16.930115 14.649941 12.566547 10.685682 9.007346 7.526655 6.234765 5.119807 4.167783 3.363390 2.690747 2.134002 1.677823 1.307765 1.010530 0.774118 0.587906 0.442643 0.330406 0.244509 0.179389 0.130483 0.094094 0.067268 0.047672 0.033484 0.023298 0.016040 0.010898 0.007258 0.004662 0.002760 0.001280 0.000000 
0.000000 0.000968 0.002095 0.003557 0.005573 0.008430 0.012506 0.018313 0.026540 0.038105 0.054225 0.076496 0.106986 0.148345 0.203929 0.277937 0.375551 0.503090 0.668147 0.879721 1.148315 1.485993 1.906378 2.424569 3.056964 3.820965 4.734567 5.815792 7.082007 8.549094 10.230517 12.136305 14.271990 16.637560 19.226476 22.024842 25.010776 28.154064 31.416150 34.750522 38.103497 41.415435 44.622346 47.657838 50.455342 52.950501 55.083617 56.802014 58.062205 58.831717 59.090483 58.831717 58.062205 56.802014 55.083617 52.950501 50.455342 47.657838 44.622346 41.415435 38.103497 34.750522 31.416150 28.154064 25.010776 22.024842 19.226476 16.637560 14.271990 12.136305 10.230517 8.549094 7.082007 5.815792 4.734567 3.820965 3.056964 2.424569 1.906378 1.485993 1.148315 0.879721 0.668147 0.503089 0.375550 0.277935 0.203927 0.148341 0.106980 0.076486 0.054209 0.038078 0.026496 0.018244 0.012396 0.008257 0.005304 0.003140 0.001457 0.000000 
0.000000 0.001092 0.002362 0.004011 0.006285 0.009505 0.014100 0.020646 0.029918 0.042951 0.061118 0.086213 0.120568 0.167166 0.229787 0.313159 0.423117 0.566775 0.752682 0.990968 1.293457 1.673727 2.147111 2.730602 3.442653 4.302848 5.331432 6.548684 7.974139 9.625661 11.518393 13.663610 16.067523 18.730105 21.643987 24.793518 28.154064 31.691613 35.362776 39.115208 42.888499 46.615543 50.224336 53.640179 56.788173 59.595912 61.996231 63.929868 65.347898 66.213788 66.504963 66.213788 65.347898 63.929868 61.996231 59.595912 56.788173 53.640179 50.224336 46.615543 42.888499 39.115208 35.362776 31.691613 28.154064 24.793518 21.643987 18.730105 16.067523 13.663610 11.518393 9.625661 7.974139 6.548684 5.331432 4.302848 3.442653 2.730602 2.147111 1.673727 1.293457 0.990968 0.752682 0.566774 0.423116 0.313157 0.229785 0.167162 0.120561 0.086202 0.061099 0.042921 0.029869 0.020567 0.013975 0.009310 0.005980 0.003541 0.001642 0.000000 
0.000000 0.001221 0.002640 0.004483 0.007024 0.010622 0.015756 0.023069 0.033428 0.047988 0.068279 0.096309 0.134678 0.186718 0.256648 0.349744 0.472522 0.632918 0.840475 1.106498 1.444177 1.868666 2.397070 3.048349 3.843087 4.803131 5.951061 7.309496 8.900221 10.743156 12.855183 15.248867 17.931126 20.901914 24.152999 27.666908 31.416150 35.362776 39.458377 43.644558 47.853932 52.011644 56.037379 59.847821 63.359431 66.491452 69.168975 71.325907 72.907681 73.873554 74.198351 73.873554 72.907681 71.325907 69.168975 66.491452 63.359431 59.847821 56.037379 52.011644 47.853932 43.644558 39.458377 35.362776 31.416150 27.666908 24.152999 20.901914 17.931126 15.248867 12.855183 10.743156 8.900221 7.309496 5.951061 4.803131 3.843087 3.048349 2.397070 1.868666 1.444177 1.106497 0.840475 0.632918 0.472521 0.349743 0.256645 0.186713 0.134670 0.096297 0.068258 0.047954 0.033373 0.022982 0.015617 0.010404 0.006684 0.003957 0.001836 0.000000 
0.000000 0.001352 0.002925 0.004966 0.007781 0.011766 0.017452 0.025550 0.037020 0.053141 0.075608 0.106640 0.149116 0.206722 0.284129 0.387172 0.523060 0.700576 0.930274 1.224659 1.598324 2.068028 2.652689 3.373276 4.252552 5.314676 6.584615 8.087376 9.847044 11.885640 14.221820 16.869468 19.836221 23.122016 26.717733 30.604039 34.750522 39.115208 43.644558 48.273995 52.929002 57.526806 61.978602 66.192266 70.075434 73.538818 76.499595 78.884693 80.633784 81.701822 82.060973 81.701822 80.633784 78.884693 76.499595 73.538818 70.075434 66.192266 61.978602 57.526806 52.929002 48.273995 43.644558 39.115208 34.750522 30.604039 26.717733 23.122016 19.836221 16.869468 14.221820 11.885640 9.847044 8.087376 6.584615 5.314676 4.252552 3.373276 2.652689 2.068028 1.598324 1.224659 0.930274 0.700575 0.523059 0.387170 0.284125 0.206717 0.149107 0.106626 0.075585 0.053104 0.036960 0.025453 0.017298 0.011524 0.007404 0.004384 0.002034 0.000000 
0.000000 0.001485 0.003212 0.005453 0.008543 0.012918 0.019159 0.028048 0.040637 0.058330 0.082985 0.117038 0.163647 0.226856 0.311785 0.424837 0.573917 0.768656 1.020629 1.343547 1.753412 2.268597 2.909846 3.700145 4.664448 5.829238 7.221882 8.869788 10.799353 13.034705 15.596289 18.499310 21.752127 25.354657 29.296890 33.557620 38.103497 42.888499 47.853932 52.929002 58.032024 63.072266 67.952388 72.571415 76.828108 80.624606 83.870132 86.484600 88.401889 89.572629 89.966315 89.572629 88.401889 86.484600 83.870132 80.624606 76.828108 72.571415 67.952388 63.072266 58.032024 52.929002 47.853932 42.888499 38.103497 33.557620 29.296890 25.354657 21.752127 18.499310 15.596289 13.034705 10.799353 8.869788 7.221882 5.829238 4.664448 3.700145 2.909846 2.268597 1.753412 1.343547 1.020629 0.768655 0.573916 0.424835 0.311781 0.226850 0.163638 0.117023 0.082959 0.058288 0.040570 0.027941 0.018990 0.012652 0.008129 0.004813 0.002233 0.000000 
0.000000 0.001616 0.003495 0.005934 0.009297 0.014057 0.020847 0.030518 0.044213 0.063460 0.090278 0.127319 0.178013 0.246758 0.339122 0.462066 0.624183 0.835943 1.109928 1.461041 1.906674 2.466798 3.163956 4.023128 5.071434 6.337649 7.851511 9.642798 11.740188 14.169895 16.954122 20.109383 23.644748 27.560112 31.844585 36.475110 41.415435 46.615543 52.011644 57.526806 63.072266 68.549432 73.852538 78.871866 83.497419 87.622866 91.149581 93.990547 96.073929 97.346086 97.773875 97.346086 96.073929 93.990547 91.149581 87.622866 83.497419 78.871866 73.852538 68.549432 63.072266 57.526806 52.011644 46.615543 41.415435 36.475110 31.844585 27.560112 23.644748 20.109383 16.954122 14.169895 11.740188 9.642798 7.851511 6.337649 5.071434 4.023128 3.163956 2.466798 1.906674 1.461041 1.109927 0.835942 0.624182 0.462064 0.339119 0.246752 0.178002 0.127302 0.090251 0.063415 0.044141 0.030402 0.020663 0.013767 0.008846 0.005238 0.002430 0.000000 
0.000000 0.001743 0.003770 0.006401 0.010027 0.015161 0.022483 0.032912 0.047679 0.068431 0.097347 0.137281 0.191933 0.266043 0.365611 0.498138 0.672884 0.901132 1.196438 1.574861 2.055139 2.658788 3.410095 4.335971 5.465629 6.830066 8.461313 10.391445 12.651347 15.269249 18.269059 21.668553 25.477491 29.695747 34.311577 39.300131 44.622346 50.224336 56.037379 61.978602 67.952388 73.852538 79.565127 84.971976 89.954608 94.398497 98.197415 101.257644 103.501810 104.872142 105.332944 104.872142 103.501810 101.257644 98.197415 94.398497 89.954608 84.971976 79.565127 73.852538 67.952388 61.978602 56.037379 50.224336 44.622346 39.300131 34.311577 29.695747 25.477491 21.668553 18.269059 15.269249 12.651347 10.391445 8.461313 6.830066 5.465629 4.335971 3.410095 2.658788 2.055139 1.574861 1.196437 0.901131 0.672883 0.498135 0.365607 0.266037 0.191922 0.137263 0.097317 0.068383 0.047601 0.032787 0.022285 0.014849 0.009541 0.005650 0.002621 0.000000 
