0.000000 0.000000 0.000000 0.000000 0.000000 0.000000 0.000000 0.000000 0.000000 0.000000 0.000000 0.000000 0.000000 0.000000 0.000000 0.000000 0.000000 0.000000 0.000000 0.000000 0.000000 0.000000 0.000000 0.000000 0.000000 0.000000 0.000000 0.000000 0.000000 0.000000 0.000000 0.000000 0.000000 0.000000 0.000000 0.000000 0.000000 0.000000 0.000000 0.000000 0.000000 0.000000 0.000000 0.000000 0.000000 0.000000 0.000000 0.000000 0.000000 0.000000 0.000000 0.000000 0.000000 0.000000 0.000000 0.000000 0.000000 0.000000 0.000000 0.000000 0.000000 0.000000 0.000000 0.000000 0.000000 0.000000 0.000000 0.000000 0.000000 0.000000 0.000000 0.000000 0.000000 0.000000 0.000000 0.000000 0.000000 0.000000 0.000000 0.000000 0.000000 0.000000 0.000000 0.000000 0.000000 0.000000 0.000000 0.000000 0.000000 0.000000 0.000000 0.000000 0.000000 0.000000 0.000000 0.000000 0.000000 0.000000 0.000000 0.000000 
0.000000 0.000000 0.000000 0.000000 0.000000 0.000000 0.000000 0.000001 0.000001 0.000001 0.000002 0.000002 0.000003 0.000005 0.000006 0.000009 0.000012 0.000016 0.000022 0.000029 0.000038 0.000049 0.000064 0.000081 0.000103 0.000130 0.000161 0.000199 0.000244 0.000296 0.000356 0.000424 0.000500 0.000586 0.000679 0.000781 0.000889 0.001004 0.001123 0.001246 0.001369 0.001491 0.001610 0.001722 0.001826 0.001918 0.001997 0.002061 0.002108 0.002137 0.002146 0.002137 0.002108 0.002061 0.001997 0.001918 0.001826 0.001722 0.001610 0.001491 0.001369 0.001246 0.001123 0.001004 0.000889 0.000781 0.000679 0.000586 0.000500 0.000424 0.000356 0.000296 0.000244 0.000199 0.000161 0.000130 0.000103 0.000081 0.000064 0.000049 0.000038 0.000029 0.000022 0.000016 0.000012 0.000009 0.000006 0.000005 0.000003 0.000002 0.000002 0.000001 0.000001 0.000001 0.000000 0.000000 0.000000 0.000000 0.000000 0.000000 
0.000000 0.000000 0.000000 0.000000 0.000000 0.000001 0.000001 0.000001 0.000002 0.000003 0.000004 0.000005 0.000007 0.000010 0.000014 0.000019 0.000026 0.000035 0.000047 0.000062 0.000082 0.000107 0.000138 0.000176 0.000224 0.000281 0.000350 0.000432 0.000529 0.000641 0.000771 0.000918 0.001084 0.001269 0.001471 0.001691 0.001926 0.002175 0.002433 0.002698 0.002965 0.003230 0.003486 0.003729 0.003954 0.004154 0.004326 0.004464 0.004566 0.004628 0.004649 0.004628 0.004566 0.004464 0.004326 0.004154 0.003954 0.003729 0.003486 0.003230 0.002965 0.002698 0.002433 0.002175 0.001926 0.001691 0.001471 0.001269 0.001084 0.000918 0.000771 0.000641 0.000529 0.000432 0.000350 0.000281 0.000224 0.000176 0.000138 0.000107 0.000082 0.000062 0.000047 0.000035 0.000026 0.000019 0.000014 0.000010 0.000007 0.000005 0.000004 0.000003 0.000002 0.000001 0.000001 0.000001 0.000000 0.000000 0.000000 0.000000 
0.000000 0.000000 0.000000 0.000000 0.000001 0.000001 0.000001 0.000002 0.000003 0.000004 0.000006 0.000009 0.000012 0.000017 0.000024 0.000033 0.000044 0.000060 0.000080 0.000106 0.000140 0.000182 0.000235 0.000300 0.000381 0.000479 0.000596 0.000736 0.000900 0.001092 0.001312 0.001563 0.001845 0.002159 0.002504 0.002878 0.003278 0.003701 0.004140 0.004591 0.005045 0.005495 0.005931 0.006345 0.006726 0.007067 0.007359 0.007594 0.007767 0.007872 0.007908 0.007872 0.007767 0.007594 0.007359 0.007067 0.006726 0.006345 0.005931 0.005495 0.005045 0.004591 0.004140 0.003701 0.003278 0.002878 0.002504 0.002159 0.001845 0.001563 0.001312 0.001092 0.000900 0.000736 0.000596 0.000479 0.000381 0.000300 0.000235 0.000182 0.000140 0.000106 0.000080 0.000060 0.000044 0.000033 0.000024 0.000017 0.000012 0.000009 0.000006 0.000004 0.000003 0.000002 0.000001 0.000001 0.000001 0.000000 0.000000 0.000000 
0.000000 0.000000 0.000000 0.000001 0.000001 0.000001 0.000002 0.000003 0.000005 0.000007 0.000010 0.000014 0.000019 0.000027 0.000037 0.000051 0.000070 0.000094 0.000126 0.000167 0.000220 0.000286 0.000369 0.000473 0.000599 0.000753 0.000937 0.001157 0.001416 0.001716 0.002063 0.002457 0.002900 0.003393 0.003935 0.004522 0.005151 0.005814 0.006505 0.007212 0.007926 0.008631 0.009316 0.009966 0.010565 0.011100 0.011558 0.011927 0.012198 0.012364 0.012419 0.012364 0.012198 0.011927 0.011558 0.011100 0.010565 0.009966 0.009316 0.008631 0.007926 0.007212 0.006505 0.005814 0.005151 0.004522 0.003935 0.003393 0.002900 0.002457 0.002063 0.001716 0.001416 0.001157 0.000937 0.000753 0.000599 0.000473 0.000369 0.000286 0.000220 0.000167 0.000126 0.000094 0.000070 0.000051 0.000037 0.000027 0.000019 0.000014 0.000010 0.000007 0.000005 0.000003 0.000002 0.000001 0.000001 0.000001 0.000000 0.000000 
0.000000 0.000000 0.000001 0.000001 0.000001 0.000002 0.000003 0.000005 0.000007 0.000010 0.000015 0.000021 0.000029 0.000041 0.000057 0.000078 0.000107 0.000144 0.000192 0.000254 0.000334 0.000435 0.000561 0.000718 0.000910 0.001143 0.001423 0.001757 0.002149 0.002606 0.003131 0.003729 0.004401 0.005149 0.005970 0.006861 0.007814 0.008820 0.009866 0.010939 0.012020 0.013090 0.014128 0.015112 0.016020 0.016831 0.017525 0.018084 0.018495 0.018746 0.018830 0.018746 0.018495 0.018084 0.017525 0.016831 0.016020 0.015112 0.014128 0.013090 0.012020 0.010939 0.009866 0.008820 0.007814 0.006861 0.005970 0.005149 0.004401 0.003729 0.003131 0.002606 0.002149 0.001757 0.001423 0.001143 0.000910 0.000718 0.000561 0.000435 0.000334 0.000254 0.000192 0.000144 0.000107 0.000078 0.000057 0.000041 0.000029 0.000021 0.000015 0.000010 0.000007 0.000005 0.000003 0.000002 0.000001 0.000001 0.000000 0.000000 
0.000000 0.000000 0.000001 0.000001 0.000002 0.000003 0.000005 0.000007 0.000011 0.000015 0.000022 0.000031 0.000044 0.000062 0.000085 0.000117 0.000159 0.000214 0.000286 0.000379 0.000498 0.000649 0.000837 0.001070 0.001356 0.001703 0.002121 0.002617 0.003201 0.003880 0.004662 0.005552 0.006552 0.007665 0.008886 0.010210 0.011628 0.013124 0.014681 0.016276 0.017883 0.019474 0.021017 0.022479 0.023830 0.025035 0.026067 0.026898 0.027509 0.027882 0.028007 0.027882 0.027509 0.026898 0.026067 0.025035 0.023830 0.022479 0.021017 0.019474 0.017883 0.016276 0.014681 0.013124 0.011628 0.010210 0.008886 0.007665 0.006552 0.005552 0.004662 0.003880 0.003201 0.002617 0.002121 0.001703 0.001356 0.001070 0.000837 0.000649 0.000498 0.000379 0.000286 0.000214 0.000159 0.000117 0.000085 0.000061 0.000044 0.000031 0.000022 0.000015 0.000011 0.000007 0.000005 0.000003 0.000002 0.000001 0.000001 0.000000 
0.000000 0.000001 0.000001 0.000002 0.000003 0.000005 0.000007 0.000011 0.000016 0.000023 0.000032 0.000046 0.000065 0.000091 0.000125 0.000172 0.000234 0.000316 0.000422 0.000559 0.000733 0.000954 0.001231 0.001574 0.001995 0.002505 0.003119 0.003848 0.004706 0.005704 0.006852 0.008159 0.009629 0.011262 0.013056 0.015001 0.017081 0.019278 0.021563 0.023904 0.026263 0.028598 0.030862 0.033009 0.034990 0.036759 0.038273 0.039493 0.040389 0.040936 0.041120 0.040936 0.040389 0.039493 0.038273 0.036759 0.034990 0.033009 0.030862 0.028598 0.026263 0.023904 0.021563 0.019278 0.017081 0.015001 0.013056 0.011262 0.009629 0.008159 0.006852 0.005704 0.004706 0.003848 0.003119 0.002505 0.001995 0.001574 0.001231 0.000954 0.000733 0.000559 0.000422 0.000316 0.000234 0.000172 0.000125 0.000091 0.000065 0.000046 0.000032 0.000023 0.000016 0.000011 0.000007 0.000005 0.000003 0.000002 0.000001 0.000000 
0.000000 0.000001 0.000002 0.000003 0.000005 0.000007 0.000011 0.000016 0.000023 0.000033 0.000047 0.000067 0.000095 0.000132 0.000183 0.000251 0.000341 0.000460 0.000615 0.000814 0.001068 0.001390 0.001793 0.002292 0.002904 0.003646 0.004539 0.005599 0.006847 0.008298 0.009968 0.011868 0.014004 0.016378 0.018984 0.021810 0.024833 0.028024 0.031344 0.034744 0.038171 0.041562 0.044851 0.047968 0.050845 0.053414 0.055612 0.057385 0.058685 0.059479 0.059746 0.059479 0.058685 0.057385 0.055612 0.053414 0.050845 0.047968 0.044851 0.041562 0.038171 0.034744 0.031344 0.028024 0.024833 0.021810 0.018984 0.016378 0.014004 0.011868 0.009968 0.008298 0.006847 0.005599 0.004539 0.003646 0.002904 0.002292 0.001793 0.001390 0.001068 0.000814 0.000615 0.000460 0.000341 0.000251 0.000183 0.000132 0.000095 0.000067 0.000047 0.000033 0.000023 0.000016 0.000011 0.000007 0.000004 0.000003 0.000001 0.000000 
0.000000 0.000001 0.000003 0.000004 0.000007 0.000010 0.000015 0.000023 0.000033 0.000048 0.000068 0.000097 0.000137 0.000191 0.000264 0.000363 0.000493 0.000664 0.000887 0.001175 0.001542 0.002006 0.002586 0.003306 0.004188 0.005258 0.006544 0.008072 0.009869 0.011960 0.014364 0.017100 0.020176 0.023594 0.027346 0.031414 0.035766 0.040358 0.045136 0.050030 0.054960 0.059840 0.064572 0.069057 0.073197 0.076893 0.080055 0.082604 0.084475 0.085618 0.086002 0.085618 0.084475 0.082604 0.080055 0.076893 0.073197 0.069057 0.064572 0.059840 0.054960 0.050030 0.045136 0.040358 0.035766 0.031414 0.027346 0.023594 0.020176 0.017100 0.014364 0.011960 0.009869 0.008072 0.006544 0.005258 0.004188 0.003306 0.002586 0.002006 0.001542 0.001175 0.000887 0.000664 0.000493 0.000363 0.000264 0.000191 0.000137 0.000097 0.000068 0.000048 0.000033 0.000023 0.000015 0.000010 0.000006 0.000004 0.000002 0.000000 
0.000000 0.000002 0.000004 0.000006 0.000010 0.000015 0.000022 0.000032 0.000047 0.000068 0.000098 0.000139 0.000196 0.000274 0.000378 0.000519 0.000705 0.000950 0.001269 0.001681 0.002205 0.002868 0.003698 0.004725 0.005985 0.007514 0.009351 0.011533 0.014099 0.017083 0.020516 0.024420 0.028810 0.033687 0.039041 0.044844 0.051052 0.057604 0.064418 0.071398 0.078431 0.085389 0.092137 0.098534 0.104436 0.109706 0.114215 0.117850 0.120517 0.122146 0.122694 0.122146 0.120517 0.117850 0.114215 0.109706 0.104436 0.098534 0.092137 0.085389 0.078431 0.071398 0.064418 0.057604 0.051052 0.044844 0.039041 0.033687 0.028810 0.024420 0.020516 0.017083 0.014099 0.011533 0.009351 0.007514 0.005985 0.004725 0.003698 0.002868 0.002205 0.001681 0.001269 0.000950 0.000705 0.000519 0.000378 0.000274 0.000196 0.000139 0.000098 0.000068 0.000047 0.000032 0.000022 0.000014 0.000009 0.000005 0.000003 0.000000 
0.000000 0.000002 0.000005 0.000009 0.000014 0.000021 0.000031 0.000046 0.000067 0.000097 0.000139 0.000198 0.000278 0.000388 0.000537 0.000736 0.001001 0.001348 0.001800 0.002383 0.003126 0.004065 0.005241 0.006696 0.008480 0.010645 0.013244 0.016333 0.019964 0.024187 0.029044 0.034568 0.040778 0.047678 0.055250 0.063457 0.072237 0.081500 0.091136 0.101004 0.110946 0.120783 0.130323 0.139365 0.147708 0.155156 0.161530 0.166667 0.170437 0.172740 0.173514 0.172740 0.170437 0.166667 0.161530 0.155156 0.147708 0.139365 0.130323 0.120783 0.110946 0.101004 0.091136 0.081500 0.072237 0.063457 0.055250 0.047678 0.040778 0.034568 0.029044 0.024187 0.019964 0.016333 0.013244 0.010645 0.008480 0.006696 0.005241 0.004065 0.003126 0.002383 0.001800 0.001348 0.001001 0.000736 0.000537 0.000388 0.000278 0.000198 0.000139 0.000097 0.000067 0.000046 0.000031 0.000021 0.000013 0.000008 0.000004 0.000000 
0.000000 0.000003 0.000007 0.000012 0.000019 0.000029 0.000044 0.000065 0.000095 0.000137 0.000196 0.000278 0.000392 0.000546 0.000756 0.001036 0.001407 0.001895 0.002531 0.003349 0.004393 0.005712 0.007362 0.009405 0.011909 0.014948 0.018596 0.022930 0.028025 0.033949 0.040762 0.048509 0.057218 0.066893 0.077510 0.089017 0.101325 0.114311 0.127817 0.141649 0.155583 0.169369 0.182738 0.195409 0.207099 0.217537 0.226467 0.233666 0.238948 0.242174 0.243259 0.242174 0.238948 0.233666 0.226467 0.217537 0.207099 0.195409 0.182738 0.169369 0.155583 0.141649 0.127817 0.114311 0.101325 0.089017 0.077510 0.066893 0.057218 0.048509 0.040762 0.033949 0.028025 0.022930 0.018596 0.014948 0.011909 0.009405 0.007362 0.005712 0.004393 0.003349 0.002531 0.001895 0.001407 0.001036 0.000756 0.000546 0.000392 0.000278 0.000196 0.000137 0.000095 0.000065 0.000044 0.000029 0.000018 0.000011 0.000005 0.000000 
0.000000 0.000005 0.000010 0.000017 0.000027 0.000041 0.000062 0.000091 0.000132 0.000191 0.000274 0.000388 0.000546 0.000762 0.001054 0.001444 0.001962 0.002642 0.003526 0.004666 0.006120 0.007956 0.010253 0.013096 0.016581 0.020808 0.025883 0.031912 0.038999 0.047237 0.056711 0.067483 0.079591 0.093040 0.107798 0.123791 0.140897 0.158944 0.177711 0.196931 0.216292 0.235446 0.254020 0.271623 0.287863 0.302363 0.314768 0.324768 0.332105 0.336586 0.338093 0.336586 0.332105 0.324768 0.314768 0.302363 0.287863 0.271623 0.254020 0.235446 0.216292 0.196931 0.177711 0.158944 0.140897 0.123791 0.107798 0.093040 0.079591 0.067483 0.056711 0.047237 0.038999 0.031912 0.025883 0.020808 0.016581 0.013096 0.010253 0.007956 0.006120 0.004666 0.003526 0.002642 0.001962 0.001444 0.001054 0.000762 0.000546 0.000388 0.000274 0.000191 0.000132 0.000090 0.000061 0.000040 0.000026 0.000015 0.000007 0.000000 
0.000000 0.000006 0.000014 0.000024 0.000037 0.000057 0.000085 0.000125 0.000183 0.000264 0.000378 0.000537 0.000756 0.001054 0.001456 0.001996 0.002711 0.003650 0.004871 0.006444 0.008451 0.010985 0.014155 0.018078 0.022885 0.028716 0.035715 0.044029 0.053799 0.065158 0.078218 0.093066 0.109753 0.128288 0.148626 0.170662 0.194230 0.219094 0.244948 0.271425 0.298093 0.324476 0.350058 0.374302 0.396669 0.416637 0.433721 0.447492 0.457596 0.463767 0.465843 0.463767 0.457596 0.447492 0.433721 0.416637 0.396669 0.374302 0.350058 0.324476 0.298093 0.271425 0.244948 0.219094 0.194230 0.170662 0.148626 0.128288 0.109753 0.093066 0.078218 0.065158 0.053799 0.044029 0.035715 0.028716 0.022885 0.018078 0.014155 0.010985 0.008451 0.006444 0.004871 0.003650 0.002711 0.001996 0.001456 0.001054 0.000756 0.000537 0.000378 0.000264 0.000183 0.000125 0.000084 0.000056 0.000036 0.000021 0.000010 0.000000 
0.000000 0.000009 0.000019 0.000033 0.000051 0.000078 0.000117 0.000172 0.000251 0.000363 0.000519 0.000736 0.001036 0.001444 0.001996 0.002734 0.003713 0.004999 0.006670 0.008823 0.011569 0.015036 0.019371 0.024737 0.031311 0.039284 0.048853 0.060219 0.073574 0.089098 0.106946 0.127235 0.150036 0.175359 0.203142 0.233245 0.265437 0.299395 0.334706 0.370863 0.407281 0.443307 0.478238 0.511340 0.541879 0.569142 0.592467 0.611267 0.625061 0.633487 0.636320 0.633487 0.625061 0.611267 0.592467 0.569142 0.541879 0.511340 0.478238 0.443307 0.407281 0.370863 0.334706 0.299395 0.265437 0.233245 0.203142 0.175359 0.150036 0.127235 0.106946 0.089098 0.073574 0.060219 0.048853 0.039284 0.031311 0.024737 0.019371 0.015036 0.011569 0.008823 0.006670 0.004999 0.003713 0.002734 0.001996 0.001444 0.001036 0.000736 0.000519 0.000362 0.000251 0.000172 0.000116 0.000077 0.000049 0.000029 0.000013 0.000000 
0.000000 0.000012 0.000026 0.000044 0.000070 0.000107 0.000159 0.000234 0.000341 0.000493 0.000705 0.001001 0.001407 0.001962 0.002711 0.003713 0.005042 0.006786 0.009055 0.011975 0.015700 0.020402 0.026280 0.033555 0.042468 0.053275 0.066245 0.081647 0.099744 0.120778 0.144958 0.172443 0.203327 0.237625 0.275252 0.316017 0.359608 0.405589 0.453396 0.502348 0.551651 0.600420 0.647704 0.692512 0.733849 0.770750 0.802319 0.827765 0.846435 0.857838 0.861673 0.857838 0.846435 0.827765 0.802319 0.770750 0.733849 0.692512 0.647704 0.600420 0.551651 0.502348 0.453396 0.405589 0.359608 0.316017 0.275252 0.237625 0.203327 0.172443 0.144958 0.120778 0.099744 0.081647 0.066245 0.053275 0.042468 0.033555 0.026280 0.020402 0.015700 0.011975 0.009055 0.006786 0.005042 0.003713 0.002711 0.001962 0.001407 0.001001 0.000705 0.000493 0.000341 0.000233 0.000158 0.000104 0.000067 0.000039 0.000018 0.000000 
0.000000 0.000016 0.000035 0.000060 0.000094 0.000144 0.000214 0.000316 0.000460 0.000664 0.000950 0.001348 0.001895 0.002642 0.003650 0.004999 0.006786 0.009133 0.012184 0.016112 0.021119 0.027441 0.035343 0.045121 0.057099 0.071621 0.089047 0.109740 0.134049 0.162302 0.194776 0.231686 0.273158 0.319208 0.369726 0.424452 0.482969 0.544689 0.608858 0.674558 0.740727 0.806176 0.869630 0.929759 0.985227 1.034742 1.077103 1.111246 1.136296 1.151596 1.156742 1.151596 1.136296 1.111246 1.077103 1.034742 0.985227 0.929759 0.869630 0.806176 0.740727 0.674558 0.608858 0.544689 0.482969 0.424452 0.369726 0.319208 0.273158 0.231686 0.194776 0.162302 0.134049 0.109740 0.089047 0.071621 0.057099 0.045121 0.035343 0.027441 0.021119 0.016112 0.012184 0.009133 0.006786 0.004999 0.003650 0.002642 0.001895 0.001348 0.000950 0.000664 0.000459 0.000315 0.000213 0.000141 0.000090 0.000053 0.000025 0.000000 
0.000000 0.000022 0.000047 0.000080 0.000126 0.000192 0.000286 0.000422 0.000615 0.000887 0.001269 0.001800 0.002531 0.003526 0.004871 0.006670 0.009055 0.012184 0.016251 0.021487 0.028162 0.036588 0.047117 0.060145 0.076102 0.095447 0.118658 0.146215 0.178588 0.216206 0.259442 0.308580 0.363785 0.425081 0.492318 0.565151 0.643023 0.725154 0.810538 0.897955 0.985990 1.073065 1.157482 1.237472 1.311260 1.377127 1.433475 1.478892 1.512213 1.532565 1.539409 1.532565 1.512213 1.478892 1.433475 1.377127 1.311260 1.237472 1.157482 1.073065 0.985990 0.897955 0.810538 0.725154 0.643023 0.565151 0.492318 0.425081 0.363785 0.308580 0.259442 0.216206 0.178588 0.146215 0.118658 0.095447 0.076102 0.060145 0.047117 0.036588 0.028162 0.021487 0.016251 0.012184 0.009055 0.006670 0.004871 0.003526 0.002530 0.001800 0.001269 0.000887 0.000614 0.000420 0.000284 0.000188 0.000120 0.000071 0.000033 0.000000 
0.000000 0.000029 0.000062 0.000106 0.000167 0.000254 0.000379 0.000559 0.000814 0.001175 0.001681 0.002383 0.003349 0.004666 0.006444 0.008823 0.011975 0.016112 0.021487 0.028407 0.037226 0.048357 0.062266 0.079474 0.100547 0.126092 0.156738 0.193120 0.235854 0.285509 0.342574 0.407421 0.480272 0.561153 0.649866 0.745957 0.848689 0.957032 1.069661 1.184966 1.301081 1.415924 1.527256 1.632748 1.730057 1.816918 1.891223 1.951114 1.995052 2.021889 2.030915 2.021889 1.995052 1.951114 1.891223 1.816918 1.730057 1.632748 1.527256 1.415924 1.301081 1.184966 1.069661 0.957032 0.848689 0.745957 0.649866 0.561153 0.480272 0.407421 0.342574 0.285509 0.235854 0.193120 0.156738 0.126092 0.100547 0.079474 0.062266 0.048357 0.037226 0.028407 0.021487 0.016112 0.011975 0.008823 0.006444 0.004666 0.003349 0.002382 0.001680 0.001174 0.000813 0.000557 0.000376 0.000249 0.000160 0.000094 0.000044 0.000000 
0.000000 0.000038 0.000082 0.000140 0.000220 0.000334 0.000498 0.000733 0.001068 0.001542 0.002205 0.003126 0.004393 0.006120 0.008451 0.011569 0.015700 0.021119 0.028162 0.037226 0.048778 0.063355 0.081568 0.104098 0.131686 0.165124 0.205236 0.252850 0.308772 0.373745 0.448407 0.533245 0.628544 0.734342 0.850376 0.976052 1.110404 1.252087 1.399367 1.550138 1.701960 1.852115 1.997673 2.135590 2.262806 2.376359 2.473498 2.551790 2.609228 2.644310 2.656109 2.644310 2.609228 2.551790 2.473498 2.376359 2.262806 2.135590 1.997673 1.852115 1.701960 1.550138 1.399367 1.252087 1.110404 0.976052 0.850376 0.734342 0.628544 0.533245 0.448407 0.373745 0.308772 0.252850 0.205236 0.165124 0.131686 0.104098 0.081568 0.063355 0.048778 0.037226 0.028162 0.021119 0.015700 0.011569 0.008451 0.006120 0.004393 0.003126 0.002205 0.001541 0.001067 0.000731 0.000494 0.000328 0.000210 0.000124 0.000057 0.000000 
0.000000 0.000049 0.000107 0.000182 0.000286 0.000435 0.000649 0.000954 0.001390 0.002006 0.002868 0.004065 0.005712 0.007956 0.010985 0.015036 0.020402 0.027441 0.036588 0.048357 0.063355 0.082278 0.105920 0.135160 0.170962 0.214352 0.266395 0.328167 0.400711 0.484987 0.581824 0.691850 0.815434 0.952621 1.103072 1.266013 1.440194 1.623868 1.814787 2.010222 2.207012 2.401632 2.590287 2.769033 2.933906 3.081068 3.206955 3.308416 3.382850 3.428313 3.443602 3.428313 3.382850 3.308416 3.206955 3.081068 2.933906 2.769033 2.590287 2.401632 2.207012 2.010222 1.814787 1.623868 1.440194 1.266013 1.103072 0.952621 0.815434 0.691850 0.581824 0.484987 0.400711 0.328167 0.266395 0.214352 0.170962 0.135160 0.105920 0.082278 0.063355 0.048357 0.036588 0.027441 0.020402 0.015036 0.010985 0.007956 0.005712 0.004065 0.002867 0.002005 0.001388 0.000951 0.000643 0.000426 0.000273 0.000161 0.000075 0.000000 
0.000000 0.000064 0.000138 0.000235 0.000369 0.000561 0.000837 0.001231 0.001793 0.002586 0.003698 0.005241 0.007362 0.010253 0.014155 0.019371 0.026280 0.035343 0.047117 0.062266 0.081568 0.105920 0.136339 0.173958 0.220015 0.275826 0.342763 0.422204 0.515489 0.623853 0.748357 0.889807 1.048676 1.225019 1.418400 1.627821 1.851675 2.087717 2.333056 2.584187 2.837049 3.087112 3.329502 3.559154 3.770976 3.960039 4.121766 4.252111 4.347734 4.406138 4.425780 4.406138 4.347734 4.252111 4.121766 3.960039 3.770976 3.559154 3.329502 3.087112 2.837049 2.584187 2.333056 2.087717 1.851675 1.627821 1.418400 1.225019 1.048676 0.889807 0.748357 0.623853 0.515489 0.422204 0.342763 0.275826 0.220015 0.173958 0.136339 0.105920 0.081568 0.062266 0.047117 0.035343 0.026280 0.019371 0.014154 0.010253 0.007362 0.005240 0.003697 0.002585 0.001790 0.001227 0.000830 0.000550 0.000352 0.000208 0.000096 0.000000 
0.000000 0.000081 0.000176 0.000300 0.000473 0.000718 0.001070 0.001574 0.002292 0.003306 0.004725 0.006696 0.009405 0.013096 0.018078 0.024737 0.033555 0.045121 0.060145 0.079474 0.104098 0.135160 0.173958 0.221936 0.280666 0.351829 0.437169 0.538443 0.657355 0.795478 0.954159 1.134425 1.336875 1.561578 1.807975 2.074794 2.359985 2.660687 2.973218 3.293114 3.615200 3.933709 4.242436 4.534928 4.804704 5.045490 5.251456 5.417455 5.539232 5.613610 5.638624 5.613610 5.539232 5.417455 5.251456 5.045490 4.804704 4.534928 4.242436 3.933709 3.615200 3.293114 2.973218 2.660687 2.359985 2.074794 1.807975 1.561578 1.336875 1.134425 0.954159 0.795478 0.657355 0.538443 0.437169 0.351829 0.280666 0.221936 0.173958 0.135160 0.104098 0.079474 0.060145 0.045121 0.033555 0.024737 0.018077 0.013096 0.009405 0.006695 0.004724 0.003303 0.002288 0.001568 0.001061 0.000704 0.000450 0.000266 0.000123 0.000000 
0.000000 0.000103 0.000224 0.000381 0.000599 0.000910 0.001356 0.001995 0.002904 0.004188 0.005985 0.008480 0.011909 0.016581 0.022885 0.031311 0.042468 0.057099 0.076102 0.100547 0.131686 0.170962 0.220015 0.280666 0.354904 0.444849 0.552703 0.680683 0.830941 1.005458 1.205935 1.433667 1.689406 1.973237 2.284451 2.621439 2.981613 3.361355 3.756017 4.159961 4.566655 4.968817 5.358615 5.727905 6.068506 6.372498 6.632526 6.842093 6.995830 7.089728 7.121307 7.089728 6.995830 6.842093 6.632526 6.372498 6.068506 5.727905 5.358615 4.968817 4.566655 4.159961 3.756017 3.361355 2.981613 2.621439 2.284451 1.973237 1.689406 1.433667 1.205935 1.005458 0.830941 0.680683 0.552703 0.444849 0.354904 0.280666 0.220015 0.170962 0.131686 0.100547 0.076102 0.057099 0.042468 0.031311 0.022885 0.016581 0.011909 0.008479 0.005984 0.004185 0.002899 0.001987 0.001344 0.000892 0.000571 0.000337 0.000156 0.000000 
0.000000 0.000130 0.000281 0.000479 0.000753 0.001143 0.001703 0.002505 0.003646 0.005258 0.007514 0.010645 0.014948 0.020808 0.028716 0.039284 0.053275 0.071621 0.095447 0.126092 0.165124 0.214352 0.275826 0.351829 0.444849 0.557540 0.692656 0.852973 1.041180 1.259757 1.510831 1.796016 2.116255 2.471647 2.861304 3.283207 3.734114 4.209496 4.703533 5.209169 5.718226 6.221594 6.709470 7.171665 7.597943 7.978396 8.303821 8.566089 8.758487 8.875996 8.915515 8.875996 8.758487 8.566089 8.303821 7.978396 7.597943 7.171665 6.709470 6.221594 5.718226 5.209169 4.703533 4.209496 3.734114 3.283207 2.861304 2.471647 2.116255 1.796016 1.510831 1.259757 1.041180 0.852973 0.692656 0.557540 0.444849 0.351829 0.275826 0.214352 0.165124 0.126092 0.095447 0.071621 0.053275 0.039284 0.028715 0.020808 0.014947 0.010643 0.007512 0.005255 0.003641 0.002496 0.001689 0.001120 0.000717 0.000423 0.000196 0.000000 
0.000000 0.000161 0.000350 0.000596 0.000937 0.001423 0.002121 0.003119 0.004539 0.006544 0.009351 0.013244 0.018596 0.025883 0.035715 0.048853 0.066245 0.089047 0.118658 0.156738 0.205236 0.266395 0.342763 0.437169 0.552703 0.692656 0.860445 1.059514 1.293196 1.564566 1.876260 2.230277 2.627783 3.068898 3.552513 4.076123 4.635700 5.225623 5.838669 6.466082 7.097718 7.722272 8.327587 8.901023 9.429886 9.901886 10.305610 10.630978 10.869662 11.015440 11.064466 11.015440 10.869662 10.630978 10.305610 9.901886 9.429886 8.901023 8.327587 7.722272 7.097718 6.466082 5.838669 5.225623 4.635700 4.076123 3.552513 3.068898 2.627783 2.230277 1.876260 1.564566 1.293196 1.059514 0.860445 0.692656 0.552703 0.437169 0.342763 0.266395 0.205236 0.156738 0.118658 0.089047 0.066245 0.048853 0.035715 0.025883 0.018595 0.013242 0.009348 0.006540 0.004532 0.003107 0.002103 0.001395 0.000893 0.000527 0.000244 0.000000 
0.000000 0.000199 0.000432 0.000736 0.001157 0.001757 0.002617 0.003848 0.005599 0.008072 0.011533 0.016333 0.022930 0.031912 0.044029 0.060219 0.081647 0.109740 0.146215 0.193120 0.252850 0.328167 0.422204 0.538443 0.680683 0.852973 1.059514 1.304538 1.592146 1.926116 2.309684 2.745309 3.234415 3.777149 4.372141 5.016306 5.704685 6.430362 7.184452 7.956184 8.733082 9.501245 10.245724 10.950977 11.601395 12.181870 12.678369 13.078501 13.372028 13.551300 13.611591 13.551300 13.372028 13.078501 12.678369 12.181870 11.601395 10.950977 10.245724 9.501245 8.733082 7.956184 7.184452 6.430362 5.704685 5.016306 4.372141 3.777149 3.234415 2.745309 2.309684 1.926116 1.592146 1.304538 1.059514 0.852973 0.680683 0.538443 0.422204 0.328167 0.252850 0.193120 0.146215 0.109739 0.081647 0.060218 0.044028 0.031912 0.022929 0.016331 0.011530 0.008067 0.005591 0.003834 0.002595 0.001722 0.001102 0.000651 0.000301 0.000000 
0.000000 0.000244 0.000529 0.000900 0.001416 0.002149 0.003201 0.004706 0.006847 0.009869 0.014099 0.019964 0.028025 0.038999 0.053799 0.073574 0.099744 0.134049 0.178588 0.235854 0.308772 0.400711 0.515489 0.657355 0.830941 1.041180 1.293196 1.592146 1.943027 2.350441 2.818331 3.349688 3.946245 4.608175 5.333801 6.119356 6.958792 7.843672 8.763161 9.704127 10.651359 11.587913 12.495565 13.355372 14.148311 14.855966 15.461238 15.949024 16.306849 16.525390 16.598887 16.525390 16.306849 15.949024 15.461238 14.855966 14.148311 13.355372 12.495565 11.587913 10.651359 9.704127 8.763161 7.843672 6.958792 6.119356 5.333801 4.608175 3.946245 3.349688 2.818331 2.350441 1.943027 1.592146 1.293196 1.041180 0.830941 0.657355 0.515489 0.400711 0.308772 0.235854 0.178587 0.134049 0.099744 0.073574 0.053799 0.038998 0.028023 0.019962 0.014095 0.009863 0.006836 0.004689 0.003174 0.002106 0.001349 0.000796 0.000369 0.000000 
0.000000 0.000296 0.000641 0.001092 0.001716 0.002606 0.003880 0.005704 0.008298 0.011960 0.017083 0.024187 0.033949 0.047237 0.065158 0.089098 0.120778 0.162302 0.216206 0.285509 0.373745 0.484987 0.623853 0.795478 1.005458 1.259757 1.564566 1.926116 2.350441 2.843101 3.408856 4.051314 4.772565 5.572809 6.450016 7.399626 8.414324 9.483910 10.595286 11.732581 12.877412 14.009304 15.106236 16.145321 17.103575 17.958751 18.690189 19.279645 19.712047 19.976135 20.064949 19.976135 19.712047 19.279645 18.690189 17.958751 17.103575 16.145321 15.106236 14.009304 12.877412 11.732581 10.595286 9.483910 8.414324 7.399626 6.450016 5.572809 4.772565 4.051314 3.408856 2.843101 2.350441 1.926116 1.564566 1.259757 1.005458 0.795478 0.623853 0.484987 0.373745 0.285509 0.216206 0.162302 0.120778 0.089098 0.065157 0.047236 0.033947 0.024184 0.017078 0.011952 0.008285 0.005683 0.003847 0.002554 0.001635 0.000966 0.000447 0.000000 
0.000000 0.000356 0.000771 0.001312 0.002063 0.003131 0.004662 0.006852 0.009968 0.014364 0.020516 0.029044 0.040762 0.056711 0.078218 0.106946 0.144958 0.194776 0.259442 0.342574 0.448407 0.581824 0.748357 0.954159 1.205935 1.510831 1.876260 2.309684 2.818331 3.408856 4.086955 4.856945 5.721322 6.680320 7.731498 8.869387 10.085217 11.366764 12.698335 14.060913 15.432478 16.788502 18.102610 19.347390 20.495316 21.519743 22.395931 23.102030 23.619993 23.936335 24.042722 23.936335 23.619993 23.102030 22.395931 21.519743 20.495316 19.347390 18.102610 16.788502 15.432478 14.060913 12.698335 11.366764 10.085217 8.869387 7.731498 6.680320 5.721322 4.856945 4.086955 3.408856 2.818331 2.309684 1.876260 1.510831 1.205935 0.954159 0.748357 0.581824 0.448407 0.342574 0.259442 0.194776 0.144958 0.106946 0.078217 0.056710 0.040760 0.029041 0.020510 0.014355 0.009953 0.006828 0.004622 0.003068 0.001965 0.001160 0.000537 0.000000 
0.000000 0.000424 0.000918 0.001563 0.002457 0.003729 0.005552 0.008159 0.011868 0.017100 0.024420 0.034568 0.048509 0.067483 0.093066 0.127235 0.172443 0.231686 0.308580 0.407421 0.533245 0.691850 0.889807 1.134425 1.433667 1.796016 2.230277 2.745309 3.349688 4.051314 4.856945 5.771701 6.798537 7.937721 9.186350 10.537918 11.982006 13.504091 15.085533 16.703749 18.332589 19.942931 21.503458 22.981624 24.344752 25.561208 26.601623 27.440061 28.055097 28.430723 28.557048 28.430723 28.055097 27.440061 26.601623 25.561208 24.344752 22.981624 21.503458 19.942931 18.332589 16.703749 15.085533 13.504091 11.982006 10.537918 9.186350 7.937721 6.798537 5.771701 4.856945 4.051314 3.349688 2.745309 2.230277 1.796016 1.433667 1.134425 0.889807 0.691850 0.533245 0.407421 0.308579 0.231686 0.172443 0.127235 0.093065 0.067482 0.048507 0.034564 0.024413 0.017089 0.011849 0.008130 0.005504 0.003654 0.002340 0.001382 0.000640 0.000000 
0.000000 0.000500 0.001084 0.001845 0.002900 0.004401 0.006552 0.009629 0.014004 0.020176 0.028810 0.040778 0.057218 0.079591 0.109753 0.150036 0.203327 0.273158 0.363785 0.480272 0.628544 0.815434 1.048676 1.336875 1.689406 2.116255 2.627783 3.234415 3.946245 4.772565 5.721322 6.798537 8.007677 9.349052 10.819232 12.410552 14.110738 15.902689 17.764460 19.669465 21.586923 23.482556 25.319508 27.059474 28.663998 30.095855 31.320483 32.307362 33.031281 33.473404 33.622092 33.473404 33.031281 32.307362 31.320483 30.095855 28.663998 27.059474 25.319508 23.482556 21.586923 19.669465 17.764460 15.902689 14.110738 12.410552 10.819232 9.349052 8.007677 6.798537 5.721322 4.772565 3.946245 3.234415 2.627783 2.116255 1.689406 1.336875 1.048676 0.815434 0.628544 0.480272 0.363785 0.273157 0.203327 0.150036 0.109752 0.079589 0.057215 0.040773 0.028802 0.020163 0.013982 0.009594 0.006497 0.004313 0.002763 0.001632 0.000756 0.000000 
0.000000 0.000586 0.001269 0.002159 0.003393 0.005149 0.007665 0.011262 0.016378 0.023594 0.033687 0.047678 0.066893 0.093040 0.128288 0.175359 0.237625 0.319208 0.425081 0.561153 0.734342 0.952621 1.225019 1.561578 1.973237 2.471647 3.068898 3.777149 4.608175 5.572809 6.680320 7.937721 9.349052 10.914661 12.630536 14.487725 16.471897 18.563091 20.735696 22.958689 25.196155 27.408099 29.551523 31.581743 33.453893 35.124553 36.553405 37.704850 38.549478 39.065321 39.238800 39.065321 38.549478 37.704850 36.553405 35.124553 33.453893 31.581743 29.551523 27.408099 25.196155 22.958689 20.735696 18.563091 16.471897 14.487725 12.630536 10.914661 9.349052 7.937721 6.680320 5.572809 4.608175 3.777149 3.068898 2.471647 1.973237 1.561578 1.225019 0.952621 0.734342 0.561153 0.425081 0.319208 0.237624 0.175358 0.128287 0.093038 0.066889 0.047672 0.033678 0.023578 0.016352 0.011222 0.007599 0.005046 0.003232 0.001909 0.000884 0.000000 
0.000000 0.000679 0.001471 0.002504 0.003935 0.005970 0.008886 0.013056 0.018984 0.027346 0.039041 0.055250 0.077510 0.107798 0.148626 0.203142 0.275252 0.369726 0.492318 0.649866 0.850376 1.103072 1.418400 1.807975 2.284451 2.861304 3.552513 4.372141 5.333801 6.450016 7.731498 9.186350 10.819232 12.630536 14.615612 16.764094 19.059397 21.478427 23.991556 26.562900 29.150921 31.709363 34.188500 36.536660 38.701962 40.634196 42.286744 43.618442 44.595287 45.191876 45.392509 45.191876 44.595287 43.618442 42.286744 40.634196 38.701962 36.536660 34.188500 31.709363 29.150921 26.562900 23.991556 21.478427 19.059397 16.764094 14.615612 12.630536 10.819232 9.186350 7.731498 6.450016 5.333801 4.372141 3.552513 2.861304 2.284451 1.807975 1.418400 1.103072 0.850376 0.649866 0.492318 0.369726 0.275251 0.203141 0.148624 0.107796 0.077506 0.055243 0.039030 0.027328 0.018955 0.013009 0.008810 0.005851 0.003748 0.002214 0.001026 0.000000 
0.000000 0.000781 0.001691 0.002878 0.004522 0.006861 0.010210 0.015001 0.021810 0.031414 0.044844 0.063457 0.089017 0.123791 0.170662 0.233245 0.316017 0.424452 0.565151 0.745957 0.976052 1.266013 1.627821 2.074794 2.621439 3.283207 4.076123 5.016306 6.119356 7.399626 8.869387 10.537918 12.410552 14.487725 16.764094 19.227762 21.859707 24.633442 27.514994 30.463219 33.430495 36.363795 39.206116 41.898226 44.380657 46.595856 48.490390 50.017079 51.136948 51.820884 52.050892 51.820884 51.136948 50.017079 48.490390 46.595856 44.380657 41.898226 39.206116 36.363795 33.430495 30.463219 27.514994 24.633442 21.859707 19.227762 16.764094 14.487725 12.410552 10.537918 8.869387 7.399626 6.119356 5.016306 4.076123 3.283207 2.621439 2.074794 1.627821 1.266013 0.976052 0.745957 0.565151 0.424452 0.316016 0.233244 0.170661 0.123789 0.089012 0.063449 0.044831 0.031393 0.021776 0.014946 0.010123 0.006723 0.004307 0.002544 0.001179 0.000000 
0.000000 0.000889 0.001926 0.003278 0.005151 0.007814 0.011628 0.017081 0.024833 0.035766 0.051052 0.072237 0.101325 0.140897 0.194230 0.265437 0.359608 0.482969 0.643023 0.848689 1.110404 1.440194 1.851675 2.359985 2.981613 3.734114 4.635700 5.704685 6.958792 8.414324 10.085217 11.982006 14.110738 16.471897 19.059397 21.859707 24.851196 28.003759 31.278777 34.629493 38.001786 41.335398 44.565558 47.624960 50.446036 52.963396 55.116330 56.851233 58.123825 58.901031 59.162404 58.901031 58.123825 56.851233 55.116330 52.963396 50.446036 47.624960 44.565558 41.335398 38.001786 34.629493 31.278777 28.003759 24.851196 21.859707 19.059397 16.471897 14.110738 11.982006 10.085217 8.414324 6.958792 5.704685 4.635700 3.734114 2.981613 2.359985 1.851675 1.440194 1.110404 0.848689 0.643023 0.482968 0.359607 0.265436 0.194229 0.140894 0.101319 0.072228 0.051038 0.035742 0.024794 0.017019 0.011529 0.007657 0.004906 0.002898 0.001343 0.000000 
0.000000 0.001004 0.002175 0.003701 0.005814 0.008820 0.013124 0.019278 0.028024 0.040358 0.057604 0.081500 0.114311 0.158944 0.219094 0.299395 0.405589 0.544689 0.725154 0.957032 1.252087 1.623868 2.087717 2.660687 3.361355 4.209496 5.225623 6.430362 7.843672 9.483910 11.366764 13.504091 15.902689 18.563091 21.478427 24.633442 28.003759 31.555452 35.245017 39.019775 42.818763 46.574107 50.212849 53.659183 56.837008 59.672678 62.097818 64.052059 65.485533 66.360990 66.655405 66.360990 65.485533 64.052059 62.097818 59.672678 56.837008 53.659183 50.212849 46.574107 42.818763 39.019775 35.245017 31.555452 28.003759 24.633442 21.478427 18.563091 15.902689 13.504091 11.366764 9.483910 7.843672 6.430362 5.225623 4.209496 3.361355 2.660687 2.087717 1.623868 1.252087 0.957032 0.725153 0.544689 0.405588 0.299394 0.219092 0.158940 0.114305 0.081490 0.057587 0.040331 0.027980 0.019207 0.013012 0.008643 0.005538 0.003272 0.001516 0.000000 
0.000000 0.001123 0.002433 0.004140 0.006505 0.009866 0.014681 0.021563 0.031344 0.045136 0.064418 0.091136 0.127817 0.177711 0.244948 0.334706 0.453396 0.608858 0.810538 1.069661 1.399367 1.814787 2.333056 2.973218 3.756017 4.703533 5.838669 7.184452 8.763161 10.595286 12.698335 15.085533 17.764460 20.735696 23.991556 27.514994 31.278777 35.245017 39.365127 43.580284 47.822418 52.015744 56.078806 59.926970 63.475274 66.641501 69.349319 71.531334 73.131877 74.109363 74.438090 74.109363 73.131877 71.531334 69.349319 66.641501 63.475274 59.926970 56.078806 52.015744 47.822418 43.580284 39.365127 35.245017 31.278777 27.514994 23.991556 20.735696 17.764460 15.085533 12.698335 10.595286 8.763161 7.184452 5.838669 4.703533 3.756017 2.973218 2.333056 1.814787 1.399366 1.069661 0.810537 0.608857 0.453396 0.334704 0.244946 0.177707 0.127810 0.091124 0.064400 0.045105 0.031295 0.021484 0.014555 0.009668 0.006195 0.003660 0.001696 0.000000 
0.000000 0.001246 0.002698 0.004591 0.007212 0.010939 0.016276 0.023904 0.034744 0.050030 0.071398 0.101004 0.141649 0.196931 0.271425 0.370863 0.502348 0.674558 0.897955 1.184966 1.550138 2.010222 2.584187 3.293114 4.159961 5.209169 6.466082 7.956184 9.704127 11.732581 14.060913 16.703749 19.669465 22.958689 26.562900 30.463219 34.629493 39.019775 43.580284 48.245911 52.941316 57.582624 62.079687 66.338843 70.266070 73.770385 76.767318 79.182293 80.953707 82.035544 82.399363 82.035544 80.953707 79.182293 76.767318 73.770385 70.266070 66.338843 62.079687 57.582624 52.941316 48.245911 43.580284 39.019775 34.629493 30.463219 26.562900 22.958689 19.669465 16.703749 14.060913 11.732581 9.704127 7.956184 6.466082 5.209169 4.159961 3.293114 2.584187 2.010222 1.550137 1.184966 0.897955 0.674558 0.502347 0.370861 0.271422 0.196927 0.141641 0.100992 0.071378 0.049996 0.034690 0.023817 0.016136 0.010719 0.006869 0.004059 0.001880 0.000000 
0.000000 0.001369 0.002965 0.005045 0.007926 0.012020 0.017883 0.026263 0.038171 0.054960 0.078431 0.110946 0.155583 0.216292 0.298093 0.407281 0.551651 0.740727 0.985990 1.301081 1.701960 2.207012 2.837049 3.615200 4.566655 5.718226 7.097718 8.733082 10.651359 12.877412 15.432478 18.332589 21.586923 25.196155 29.150921 33.430495 38.001786 42.818763 47.822418 52.941316 58.092803 63.184864 68.118607 72.791287 77.099767 80.944245 84.232066 86.881428 88.824759 90.011585 90.410712 90.011585 88.824759 86.881428 84.232066 80.944245 77.099767 72.791287 68.118607 63.184864 58.092803 52.941316 47.822418 42.818763 38.001786 33.430495 29.150921 25.196155 21.586923 18.332589 15.432478 12.877412 10.651359 8.733082 7.097718 5.718226 4.566655 3.615200 2.837049 2.207012 1.701960 1.301081 0.985990 0.740726 0.551650 0.407280 0.298090 0.216287 0.155575 0.110933 0.078408 0.054923 0.038111 0.026167 0.017730 0.011779 0.007548 0.004460 0.002066 0.000000 
0.000000 0.001491 0.003230 0.005495 0.008631 0.013090 0.019474 0.028598 0.041562 0.059840 0.085389 0.120783 0.169369 0.235446 0.324476 0.443307 0.600420 0.806176 1.073065 1.415924 1.852115 2.401632 3.087112 3.933709 4.968817 6.221594 7.722272 9.501245 11.587913 14.009304 16.788502 19.942931 23.482556 27.408099 31.709363 36.363795 41.335398 46.574107 52.015744 57.582624 63.184864 68.722406 74.087715 79.169072 83.854334 88.034982 91.610275 94.491269 96.604496 97.895078 98.329097 97.895078 96.604496 94.491269 91.610275 88.034982 83.854334 79.169072 74.087715 68.722406 63.184864 57.582624 52.015744 46.574107 41.335398 36.363795 31.709363 27.408099 23.482556 19.942931 16.788502 14.009304 11.587913 9.501245 7.722272 6.221594 4.968817 3.933709 3.087112 2.401632 1.852115 1.415924 1.073065 0.806176 0.600419 0.443305 0.324473 0.235441 0.169360 0.120768 0.085364 0.059799 0.041497 0.028493 0.019307 0.012827 0.008220 0.004858 0.002251 0.000000 
0.000000 0.001610 0.003486 0.005931 0.009316 0.014128 0.021017 0.030862 0.044851 0.064572 0.092137 0.130323 0.182738 0.254020 0.350058 0.478238 0.647704 0.869630 1.157482 1.527256 1.997673 2.590287 3.329502 4.242436 5.358615 6.709470 8.327587 10.245724 12.495565 15.106236 18.102610 21.503458 25.319508 29.551523 34.188500 39.206116 44.565558 50.212849 56.078806 62.079687 68.118607 74.087715 79.871106 85.348368 90.398632 94.904938 98.758712 101.864093 104.141901 105.532993 106.000812 105.532993 104.141901 101.864093 98.758712 94.904938 90.398632 85.348368 79.871106 74.087715 68.118607 62.079687 56.078806 50.212849 44.565558 39.206116 34.188500 29.551523 25.319508 21.503458 18.102610 15.106236 12.495565 10.245724 8.327587 6.709470 5.358615 4.242436 3.329502 2.590287 1.997673 1.527256 1.157481 0.869629 0.647703 0.478236 0.350054 0.254014 0.182728 0.130307 0.092111 0.064528 0.044780 0.030749 0.020837 0.013844 0.008872 0.005243 0.002429 0.000000 
