0.000000 0.000000 0.000000 0.000000 0.000000 0.000000 0.000000 0.000000 0.000000 0.000000 0.000000 0.000000 0.000000 0.000000 0.000000 0.000000 0.000000 0.000000 0.000000 0.000000 0.000000 0.000000 0.000000 0.000000 0.000000 0.000000 0.000000 0.000000 0.000000 0.000000 0.000000 0.000000 0.000000 0.000000 0.000000 0.000000 0.000000 0.000000 0.000000 0.000000 0.000000 0.000000 0.000000 0.000000 0.000000 0.000000 0.000000 0.000000 0.000000 0.000000 0.000000 0.000000 0.000000 0.000000 0.000000 0.000000 0.000000 0.000000 0.000000 0.000000 0.000000 0.000000 0.000000 0.000000 0.000000 0.000000 0.000000 0.000000 0.000000 0.000000 0.000000 0.000000 0.000000 0.000000 0.000000 0.000000 0.000000 0.000000 0.000000 0.000000 0.000000 0.000000 0.000000 0.000000 0.000000 0.000000 0.000000 0.000000 0.000000 0.000000 0.000000 0.000000 0.000000 0.000000 0.000000 0.000000 0.000000 0.000000 0.000000 0.000000 
0.000000 0.000000 0.000000 0.000000 0.000000 0.000000 0.000000 0.000000 0.000000 0.000000 0.000000 0.000000 0.000000 0.000000 0.000000 0.000000 0.000000 0.000000 0.000000 0.000000 0.000000 0.000000 0.000000 0.000000 0.000000 0.000000 0.000000 0.000000 0.000000 0.000000 0.000000 0.000000 0.000000 0.000000 0.000000 0.000000 0.000000 0.000000 0.000000 0.000000 0.000000 0.000000 0.000000 0.000000 0.000000 0.000000 0.000000 0.000000 0.000000 0.000000 0.000000 0.000000 0.000000 0.000000 0.000000 0.000000 0.000000 0.000000 0.000000 0.000000 0.000000 0.000000 0.000000 0.000000 0.000000 0.000000 0.000000 0.000000 0.000000 0.000000 0.000000 0.000000 0.000000 0.000000 0.000000 0.000000 0.000000 0.000000 0.000000 0.000000 0.000000 0.000000 0.000000 0.000000 0.000000 0.000000 0.000000 0.000000 0.000000 0.000000 0.000000 0.000000 0.000000 0.000000 0.000000 0.000000 0.000000 0.000000 0.000000 0.000000 
0.000000 0.000000 0.000000 0.000000 0.000000 0.000000 0.000000 0.000000 0.000000 0.000000 0.000000 0.000000 0.000000 0.000000 0.000000 0.000000 0.000000 0.000000 0.000000 0.000000 0.000000 0.000000 0.000000 0.000000 0.000000 0.000000 0.000000 0.000000 0.000000 0.000000 0.000000 0.000000 0.000000 0.000000 0.000000 0.000000 0.000000 0.000000 0.000000 0.000000 0.000000 0.000000 0.000000 0.000000 0.000000 0.000000 0.000000 0.000000 0.000000 0.000000 0.000000 0.000000 0.000000 0.000000 0.000000 0.000000 0.000000 0.000000 0.000000 0.000000 0.000000 0.000000 0.000000 0.000000 0.000000 0.000000 0.000000 0.000000 0.000000 0.000000 0.000000 0.000000 0.000000 0.000000 0.000000 0.000000 0.000000 0.000000 0.000000 0.000000 0.000000 0.000000 0.000000 0.000000 0.000000 0.000000 0.000000 0.000000 0.000000 0.000000 0.000000 0.000000 0.000000 0.000000 0.000000 0.000000 0.000000 0.000000 0.000000 0.000000 
0.000000 0.000000 0.000000 0.000000 0.000000 0.000000 0.000000 0.000000 0.000000 0.000000 0.000000 0.000000 0.000000 0.000000 0.000000 0.000000 0.000000 0.000000 0.000000 0.000000 0.000000 0.000000 0.000000 0.000000 0.000000 0.000000 0.000000 0.000000 0.000000 0.000000 0.000000 0.000000 0.000000 0.000000 0.000000 0.000000 0.000000 0.000000 0.000000 0.000000 0.000000 0.000000 0.000000 0.000000 0.000000 0.000000 0.000000 0.000000 0.000000 0.000000 0.000000 0.000000 0.000000 0.000000 0.000000 0.000000 0.000000 0.000000 0.000000 0.000000 0.000000 0.000000 0.000000 0.000000 0.000000 0.000000 0.000000 0.000000 0.000000 0.000000 0.000000 0.000000 0.000000 0.000000 0.000000 0.000000 0.000000 0.000000 0.000000 0.000000 0.000000 0.000000 0.000000 0.000000 0.000000 0.000000 0.000000 0.000000 0.000000 0.000000 0.000000 0.000000 0.000000 0.000000 0.000000 0.000000 0.000000 0.000000 0.000000 0.000000 
0.000000 0.000000 0.000000 0.000000 0.000000 0.000000 0.000000 0.000000 0.000000 0.000000 0.000000 0.000000 0.000000 0.000000 0.000000 0.000000 0.000000 0.000000 0.000000 0.000000 0.000000 0.000000 0.000000 0.000000 0.000000 0.000000 0.000000 0.000000 0.000000 0.000000 0.000000 0.000000 0.000000 0.000000 0.000000 0.000000 0.000000 0.000000 0.000000 0.000000 0.000000 0.000000 0.000000 0.000000 0.000000 0.000000 0.000000 0.000000 0.000000 0.000000 0.000000 0.000000 0.000000 0.000000 0.000000 0.000000 0.000000 0.000000 0.000000 0.000000 0.000000 0.000000 0.000000 0.000000 0.000000 0.000000 0.000000 0.000000 0.000000 0.000000 0.000000 0.000000 0.000000 0.000000 0.000000 0.000000 0.000000 0.000000 0.000000 0.000000 0.000000 0.000000 0.000000 0.000000 0.000000 0.000000 0.000000 0.000000 0.000000 0.000000 0.000000 0.000000 0.000000 0.000000 0.000000 0.000000 0.000000 0.000000 0.000000 0.000000 
0.000000 0.000000 0.000000 0.000000 0.000000 0.000000 0.000000 0.000000 0.000000 0.000000 0.000000 0.000000 0.000000 0.000000 0.000000 0.000000 0.000000 0.000000 0.000000 0.000000 0.000000 0.000000 0.000000 0.000000 0.000000 0.000000 0.000000 0.000000 0.000000 0.000000 0.000000 0.000000 0.000000 0.000000 0.000000 0.000000 0.000000 0.000000 0.000000 0.000000 0.000000 0.000000 0.000000 0.000000 0.000000 0.000000 0.000000 0.000000 0.000000 0.000000 0.000000 0.000000 0.000000 0.000000 0.000000 0.000000 0.000000 0.000000 0.000000 0.000000 0.000000 0.000000 0.000000 0.000000 0.000000 0.000000 0.000000 0.000000 0.000000 0.000000 0.000000 0.000000 0.000000 0.000000 0.000000 0.000000 0.000000 0.000000 0.000000 0.000000 0.000000 0.000000 0.000000 0.000000 0.000000 0.000000 0.000000 0.000000 0.000000 0.000000 0.000000 0.000000 0.000000 0.000000 0.000000 0.000000 0.000000 0.000000 0.000000 0.000000 
0.000000 0.000000 0.000000 0.000000 0.000000 0.000000 0.000000 0.000000 0.000000 0.000000 0.000000 0.000000 0.000000 0.000000 0.000000 0.000000 0.000000 0.000000 0.000000 0.000000 0.000000 0.000000 0.000000 0.000000 0.000000 0.000000 0.000000 0.000000 0.000000 0.000000 0.000000 0.000000 0.000000 0.000000 0.000000 0.000000 0.000000 0.000000 0.000000 0.000000 0.000000 0.000000 0.000000 0.000000 0.000000 0.000000 0.000000 0.000000 0.000000 0.000000 0.000000 0.000000 0.000000 0.000000 0.000000 0.000000 0.000000 0.000000 0.000000 0.000000 0.000000 0.000000 0.000000 0.000000 0.000000 0.000000 0.000000 0.000000 0.000000 0.000000 0.000000 0.000000 0.000000 0.000000 0.000000 0.000000 0.000000 0.000000 0.000000 0.000000 0.000000 0.000000 0.000000 0.000000 0.000000 0.000000 0.000000 0.000000 0.000000 0.000000 0.000000 0.000000 0.000000 0.000000 0.000000 0.000000 0.000000 0.000000 0.000000 0.000000 
0.000000 0.000000 0.000000 0.000000 0.000000 0.000000 0.000000 0.000000 0.000000 0.000000 0.000000 0.000000 0.000000 0.000000 0.000000 0.000000 0.000000 0.000000 0.000000 0.000000 0.000000 0.000000 0.000000 0.000000 0.000000 0.000000 0.000000 0.000000 0.000000 0.000000 0.000000 0.000000 0.000000 0.000000 0.000000 0.000000 0.000000 0.000000 0.000000 0.000000 0.000000 0.000000 0.000000 0.000000 0.000001 0.000001 0.000001 0.000001 0.000001 0.000001 0.000001 0.000001 0.000001 0.000001 0.000001 0.000001 0.000001 0.000000 0.000000 0.000000 0.000000 0.000000 0.000000 0.000000 0.000000 0.000000 0.000000 0.000000 0.000000 0.000000 0.000000 0.000000 0.000000 0.000000 0.000000 0.000000 0.000000 0.000000 0.000000 0.000000 0.000000 0.000000 0.000000 0.000000 0.000000 0.000000 0.000000 0.000000 0.000000 0.000000 0.000000 0.000000 0.000000 0.000000 0.000000 0.000000 0.000000 0.000000 0.000000 0.000000 
0.000000 0.000000 0.000000 0.000000 0.000000 0.000000 0.000000 0.000000 0.000000 0.000000 0.000000 0.000000 0.000000 0.000000 0.000000 0.000000 0.000000 0.000000 0.000000 0.000000 0.000000 0.000000 0.000000 0.000000 0.000000 0.000000 0.000000 0.000000 0.000000 0.000000 0.000000 0.000000 0.000000 0.000000 0.000000 0.000000 0.000000 0.000000 0.000000 0.000001 0.000001 0.000001 0.000001 0.000001 0.000001 0.000002 0.000002 0.000002 0.000002 0.000002 0.000002 0.000002 0.000002 0.000002 0.000002 0.000002 0.000001 0.000001 0.000001 0.000001 0.000001 0.000001 0.000000 0.000000 0.000000 0.000000 0.000000 0.000000 0.000000 0.000000 0.000000 0.000000 0.000000 0.000000 0.000000 0.000000 0.000000 0.000000 0.000000 0.000000 0.000000 0.000000 0.000000 0.000000 0.000000 0.000000 0.000000 0.000000 0.000000 0.000000 0.000000 0.000000 0.000000 0.000000 0.000000 0.000000 0.000000 0.000000 0.000000 0.000000 
0.000000 0.000000 0.000000 0.000000 0.000000 0.000000 0.000000 0.000000 0.000000 0.000000 0.000000 0.000000 0.000000 0.000000 0.000000 0.000000 0.000000 0.000000 0.000000 0.000000 0.000000 0.000000 0.000000 0.000000 0.000000 0.000000 0.000000 0.000000 0.000000 0.000000 0.000000 0.000000 0.000000 0.000000 0.000000 0.000000 0.000001 0.000001 0.000001 0.000001 0.000002 0.000002 0.000002 0.000003 0.000003 0.000004 0.000004 0.000005 0.000005 0.000005 0.000005 0.000005 0.000005 0.000005 0.000004 0.000004 0.000003 0.000003 0.000002 0.000002 0.000002 0.000001 0.000001 0.000001 0.000001 0.000000 0.000000 0.000000 0.000000 0.000000 0.000000 0.000000 0.000000 0.000000 0.000000 0.000000 0.000000 0.000000 0.000000 0.000000 0.000000 0.000000 0.000000 0.000000 0.000000 0.000000 0.000000 0.000000 0.000000 0.000000 0.000000 0.000000 0.000000 0.000000 0.000000 0.000000 0.000000 0.000000 0.000000 0.000000 
0.000000 0.000000 0.000000 0.000000 0.000000 0.000000 0.000000 0.000000 0.000000 0.000000 0.000000 0.000000 0.000000 0.000000 0.000000 0.000000 0.000000 0.000000 0.000000 0.000000 0.000000 0.000000 0.000000 0.000000 0.000000 0.000000 0.000000 0.000000 0.000000 0.000000 0.000000 0.000000 0.000000 0.000000 0.000001 0.000001 0.000001 0.000002 0.000002 0.000003 0.000004 0.000005 0.000006 0.000007 0.000008 0.000009 0.000010 0.000011 0.000012 0.000012 0.000012 0.000012 0.000012 0.000011 0.000010 0.000009 0.000008 0.000007 0.000006 0.000005 0.000004 0.000003 0.000002 0.000002 0.000001 0.000001 0.000001 0.000000 0.000000 0.000000 0.000000 0.000000 0.000000 0.000000 0.000000 0.000000 0.000000 0.000000 0.000000 0.000000 0.000000 0.000000 0.000000 0.000000 0.000000 0.000000 0.000000 0.000000 0.000000 0.000000 0.000000 0.000000 0.000000 0.000000 0.000000 0.000000 0.000000 0.000000 0.000000 0.000000 
0.000000 0.000000 0.000000 0.000000 0.000000 0.000000 0.000000 0.000000 0.000000 0.000000 0.000000 0.000000 0.000000 0.000000 0.000000 0.000000 0.000000 0.000000 0.000000 0.000000 0.000000 0.000000 0.000000 0.000000 0.000000 0.000000 0.000000 0.000000 0.000000 0.000000 0.000000 0.000000 0.000001 0.000001 0.000001 0.000002 0.000003 0.000004 0.000005 0.000007 0.000009 0.000011 0.000013 0.000016 0.000018 0.000021 0.000023 0.000025 0.000027 0.000028 0.000028 0.000028 0.000027 0.000025 0.000023 0.000021 0.000018 0.000016 0.000013 0.000011 0.000009 0.000007 0.000005 0.000004 0.000003 0.000002 0.000001 0.000001 0.000001 0.000000 0.000000 0.000000 0.000000 0.000000 0.000000 0.000000 0.000000 0.000000 0.000000 0.000000 0.000000 0.000000 0.000000 0.000000 0.000000 0.000000 0.000000 0.000000 0.000000 0.000000 0.000000 0.000000 0.000000 0.000000 0.000000 0.000000 0.000000 0.000000 0.000000 0.000000 
0.000000 0.000000 0.000000 0.000000 0.000000 0.000000 0.000000 0.000000 0.000000 0.000000 0.000000 0.000000 0.000000 0.000000 0.000000 0.000000 0.000000 0.000000 0.000000 0.000000 0.000000 0.000000 0.000000 0.000000 0.000000 0.000000 0.000000 0.000000 0.000000 0.000000 0.000001 0.000001 0.000001 0.000002 0.000003 0.000005 0.000006 0.000009 0.000012 0.000015 0.000019 0.000024 0.000030 0.000035 0.000041 0.000047 0.000052 0.000056 0.000060 0.000062 0.000063 0.000062 0.000060 0.000056 0.000052 0.000047 0.000041 0.000035 0.000030 0.000024 0.000019 0.000015 0.000012 0.000009 0.000006 0.000005 0.000003 0.000002 0.000001 0.000001 0.000001 0.000000 0.000000 0.000000 0.000000 0.000000 0.000000 0.000000 0.000000 0.000000 0.000000 0.000000 0.000000 0.000000 0.000000 0.000000 0.000000 0.000000 0.000000 0.000000 0.000000 0.000000 0.000000 0.000000 0.000000 0.000000 0.000000 0.000000 0.000000 0.000000 
0.000000 0.000000 0.000000 0.000000 0.000000 0.000000 0.000000 0.000000 0.000000 0.000000 0.000000 0.000000 0.000000 0.000000 0.000000 0.000000 0.000000 0.000000 0.000000 0.000000 0.000000 0.000000 0.000000 0.000000 0.000000 0.000000 0.000000 0.000000 0.000001 0.000001 0.000001 0.000002 0.000003 0.000005 0.000007 0.000010 0.000014 0.000019 0.000026 0.000034 0.000043 0.000054 0.000066 0.000078 0.000091 0.000103 0.000115 0.000125 0.000132 0.000137 0.000139 0.000137 0.000132 0.000125 0.000115 0.000103 0.000091 0.000078 0.000066 0.000054 0.000043 0.000034 0.000026 0.000019 0.000014 0.000010 0.000007 0.000005 0.000003 0.000002 0.000001 0.000001 0.000001 0.000000 0.000000 0.000000 0.000000 0.000000 0.000000 0.000000 0.000000 0.000000 0.000000 0.000000 0.000000 0.000000 0.000000 0.000000 0.000000 0.000000 0.000000 0.000000 0.000000 0.000000 0.000000 0.000000 0.000000 0.000000 0.000000 0.000000 
0.000000 0.000000 0.000000 0.000000 0.000000 0.000000 0.000000 0.000000 0.000000 0.000000 0.000000 0.000000 0.000000 0.000000 0.000000 0.000000 0.000000 0.000000 0.000000 0.000000 0.000000 0.000000 0.000000 0.000000 0.000000 0.000000 0.000000 0.000001 0.000001 0.000002 0.000003 0.000005 0.000007 0.000010 0.000015 0.000022 0.000031 0.000042 0.000056 0.000073 0.000094 0.000117 0.000142 0.000169 0.000197 0.000224 0.000249 0.000270 0.000286 0.000297 0.000300 0.000297 0.000286 0.000270 0.000249 0.000224 0.000197 0.000169 0.000142 0.000117 0.000094 0.000073 0.000056 0.000042 0.000031 0.000022 0.000015 0.000010 0.000007 0.000005 0.000003 0.000002 0.000001 0.000001 0.000000 0.000000 0.000000 0.000000 0.000000 0.000000 0.000000 0.000000 0.000000 0.000000 0.000000 0.000000 0.000000 0.000000 0.000000 0.000000 0.000000 0.000000 0.000000 0.000000 0.000000 0.000000 0.000000 0.000000 0.000000 0.000000 
0.000000 0.000000 0.000000 0.000000 0.000000 0.000000 0.000000 0.000000 0.000000 0.000000 0.000000 0.000000 0.000000 0.000000 0.000000 0.000000 0.000000 0.000000 0.000000 0.000000 0.000000 0.000000 0.000000 0.000000 0.000000 0.000000 0.000001 0.000001 0.000002 0.000004 0.000006 0.000010 0.000015 0.000022 0.000033 0.000047 0.000066 0.000090 0.000120 0.000156 0.000199 0.000249 0.000303 0.000360 0.000419 0.000476 0.000529 0.000573 0.000608 0.000629 0.000637 0.000629 0.000608 0.000573 0.000529 0.000476 0.000419 0.000360 0.000303 0.000249 0.000199 0.000156 0.000120 0.000090 0.000066 0.000047 0.000033 0.000022 0.000015 0.000010 0.000006 0.000004 0.000002 0.000001 0.000001 0.000000 0.000000 0.000000 0.000000 0.000000 0.000000 0.000000 0.000000 0.000000 0.000000 0.000000 0.000000 0.000000 0.000000 0.000000 0.000000 0.000000 0.000000 0.000000 0.000000 0.000000 0.000000 0.000000 0.000000 0.000000 
0.000000 0.000000 0.000000 0.000000 0.000000 0.000000 0.000000 0.000000 0.000000 0.000000 0.000000 0.000000 0.000000 0.000000 0.000000 0.000000 0.000000 0.000000 0.000000 0.000000 0.000000 0.000000 0.000000 0.000000 0.000001 0.000001 0.000002 0.000003 0.000005 0.000008 0.000013 0.000021 0.000032 0.000047 0.000069 0.000099 0.000138 0.000188 0.000251 0.000327 0.000416 0.000519 0.000631 0.000751 0.000873 0.000991 0.001100 0.001193 0.001265 0.001309 0.001325 0.001309 0.001265 0.001193 0.001100 0.000991 0.000873 0.000751 0.000631 0.000519 0.000416 0.000327 0.000251 0.000188 0.000138 0.000099 0.000069 0.000047 0.000032 0.000021 0.000013 0.000008 0.000005 0.000003 0.000002 0.000001 0.000001 0.000000 0.000000 0.000000 0.000000 0.000000 0.000000 0.000000 0.000000 0.000000 0.000000 0.000000 0.000000 0.000000 0.000000 0.000000 0.000000 0.000000 0.000000 0.000000 0.000000 0.000000 0.000000 0.000000 
0.000000 0.000000 0.000000 0.000000 0.000000 0.000000 0.000000 0.000000 0.000000 0.000000 0.000000 0.000000 0.000000 0.000000 0.000000 0.000000 0.000000 0.000000 0.000000 0.000000 0.000000 0.000000 0.000000 0.000001 0.000001 0.000002 0.000004 0.000006 0.000011 0.000017 0.000027 0.000043 0.000065 0.000097 0.000142 0.000202 0.000282 0.000385 0.000513 0.000669 0.000852 0.001060 0.001290 0.001534 0.001782 0.002023 0.002245 0.002434 0.002579 0.002670 0.002701 0.002670 0.002579 0.002434 0.002245 0.002023 0.001782 0.001534 0.001290 0.001060 0.000852 0.000669 0.000513 0.000385 0.000282 0.000202 0.000142 0.000097 0.000065 0.000043 0.000027 0.000017 0.000011 0.000006 0.000004 0.000002 0.000001 0.000001 0.000000 0.000000 0.000000 0.000000 0.000000 0.000000 0.000000 0.000000 0.000000 0.000000 0.000000 0.000000 0.000000 0.000000 0.000000 0.000000 0.000000 0.000000 0.000000 0.000000 0.000000 0.000000 
0.000000 0.000000 0.000000 0.000000 0.000000 0.000000 0.000000 0.000000 0.000000 0.000000 0.000000 0.000000 0.000000 0.000000 0.000000 0.000000 0.000000 0.000000 0.000000 0.000000 0.000000 0.000000 0.000001 0.000001 0.000002 0.000004 0.000008 0.000013 0.000021 0.000035 0.000055 0.000086 0.000132 0.000196 0.000286 0.000408 0.000568 0.000774 0.001031 0.001342 0.001708 0.002125 0.002584 0.003070 0.003566 0.004047 0.004489 0.004866 0.005155 0.005336 0.005398 0.005336 0.005155 0.004866 0.004489 0.004047 0.003566 0.003070 0.002584 0.002125 0.001708 0.001342 0.001031 0.000774 0.000568 0.000408 0.000286 0.000196 0.000132 0.000086 0.000055 0.000035 0.000021 0.000013 0.000008 0.000004 0.000002 0.000001 0.000001 0.000000 0.000000 0.000000 0.000000 0.000000 0.000000 0.000000 0.000000 0.000000 0.000000 0.000000 0.000000 0.000000 0.000000 0.000000 0.000000 0.000000 0.000000 0.000000 0.000000 0.000000 
0.000000 0.000000 0.000000 0.000000 0.000000 0.000000 0.000000 0.000000 0.000000 0.000000 0.000000 0.000000 0.000000 0.000000 0.000000 0.000000 0.000000 0.000000 0.000000 0.000000 0.000000 0.000001 0.000001 0.000003 0.000005 0.000009 0.000015 0.000026 0.000042 0.000069 0.000110 0.000171 0.000260 0.000388 0.000565 0.000804 0.001120 0.001524 0.002029 0.002639 0.003357 0.004173 0.005071 0.006023 0.006992 0.007934 0.008798 0.009534 0.010098 0.010452 0.010573 0.010452 0.010098 0.009534 0.008798 0.007934 0.006992 0.006023 0.005071 0.004173 0.003357 0.002639 0.002029 0.001524 0.001120 0.000804 0.000565 0.000388 0.000260 0.000171 0.000110 0.000069 0.000042 0.000026 0.000015 0.000009 0.000005 0.000003 0.000001 0.000001 0.000000 0.000000 0.000000 0.000000 0.000000 0.000000 0.000000 0.000000 0.000000 0.000000 0.000000 0.000000 0.000000 0.000000 0.000000 0.000000 0.000000 0.000000 0.000000 0.000000 
0.000000 0.000000 0.000000 0.000000 0.000000 0.000000 0.000000 0.000000 0.000000 0.000000 0.000000 0.000000 0.000000 0.000000 0.000000 0.000000 0.000000 0.000000 0.000000 0.000000 0.000001 0.000002 0.000003 0.000005 0.000010 0.000017 0.000029 0.000050 0.000083 0.000134 0.000214 0.000332 0.000505 0.000751 0.001093 0.001555 0.002163 0.002941 0.003911 0.005085 0.006463 0.008030 0.009753 0.011579 0.013436 0.015240 0.016894 0.018305 0.019384 0.020062 0.020294 0.020062 0.019384 0.018305 0.016894 0.015240 0.013436 0.011579 0.009753 0.008030 0.006463 0.005085 0.003911 0.002941 0.002163 0.001555 0.001093 0.000751 0.000505 0.000332 0.000214 0.000134 0.000083 0.000050 0.000029 0.000017 0.000010 0.000005 0.000003 0.000002 0.000001 0.000000 0.000000 0.000000 0.000000 0.000000 0.000000 0.000000 0.000000 0.000000 0.000000 0.000000 0.000000 0.000000 0.000000 0.000000 0.000000 0.000000 0.000000 0.000000 
0.000000 0.000000 0.000000 0.000000 0.000000 0.000000 0.000000 0.000000 0.000000 0.000000 0.000000 0.000000 0.000000 0.000000 0.000000 0.000000 0.000000 0.000000 0.000000 0.000001 0.000002 0.000003 0.000005 0.000010 0.000018 0.000032 0.000056 0.000095 0.000158 0.000256 0.000406 0.000631 0.000959 0.001425 0.002071 0.002944 0.004091 0.005560 0.007388 0.009599 0.012192 0.015139 0.018378 0.021808 0.025297 0.028683 0.031788 0.034435 0.036460 0.037732 0.038166 0.037732 0.036460 0.034435 0.031788 0.028683 0.025297 0.021808 0.018378 0.015139 0.012192 0.009599 0.007388 0.005560 0.004091 0.002944 0.002071 0.001425 0.000959 0.000631 0.000406 0.000256 0.000158 0.000095 0.000056 0.000032 0.000018 0.000010 0.000005 0.000003 0.000002 0.000001 0.000000 0.000000 0.000000 0.000000 0.000000 0.000000 0.000000 0.000000 0.000000 0.000000 0.000000 0.000000 0.000000 0.000000 0.000000 0.000000 0.000000 0.000000 
0.000000 0.000000 0.000000 0.000000 0.000000 0.000000 0.000000 0.000000 0.000000 0.000000 0.000000 0.000000 0.000000 0.000000 0.000000 0.000000 0.000000 0.000000 0.000001 0.000001 0.000003 0.000005 0.000010 0.000019 0.000034 0.000061 0.000105 0.000178 0.000295 0.000478 0.000758 0.001176 0.001784 0.002648 0.003845 0.005460 0.007582 0.010296 0.013671 0.017750 0.022531 0.027963 0.033928 0.040242 0.046662 0.052890 0.058602 0.063468 0.067191 0.069528 0.070326 0.069528 0.067191 0.063468 0.058602 0.052890 0.046662 0.040242 0.033928 0.027963 0.022531 0.017750 0.013671 0.010296 0.007582 0.005460 0.003845 0.002648 0.001784 0.001176 0.000758 0.000478 0.000295 0.000178 0.000105 0.000061 0.000034 0.000019 0.000010 0.000005 0.000003 0.000001 0.000001 0.000000 0.000000 0.000000 0.000000 0.000000 0.000000 0.000000 0.000000 0.000000 0.000000 0.000000 0.000000 0.000000 0.000000 0.000000 0.000000 0.000000 
0.000000 0.000000 0.000000 0.000000 0.000000 0.000000 0.000000 0.000000 0.000000 0.000000 0.000000 0.000000 0.000000 0.000000 0.000000 0.000000 0.000000 0.000001 0.000001 0.000003 0.000005 0.000010 0.000019 0.000035 0.000063 0.000112 0.000193 0.000326 0.000539 0.000873 0.001383 0.002144 0.003250 0.004820 0.006992 0.009919 0.013763 0.018675 0.024780 0.032152 0.040789 0.050594 0.061357 0.072746 0.084319 0.095544 0.105834 0.114601 0.121305 0.125515 0.126950 0.125515 0.121305 0.114601 0.105834 0.095544 0.084319 0.072746 0.061357 0.050594 0.040789 0.032152 0.024780 0.018675 0.013763 0.009919 0.006992 0.004820 0.003250 0.002144 0.001383 0.000873 0.000539 0.000326 0.000193 0.000112 0.000063 0.000035 0.000019 0.000010 0.000005 0.000003 0.000001 0.000001 0.000000 0.000000 0.000000 0.000000 0.000000 0.000000 0.000000 0.000000 0.000000 0.000000 0.000000 0.000000 0.000000 0.000000 0.000000 0.000000 
0.000000 0.000000 0.000000 0.000000 0.000000 0.000000 0.000000 0.000000 0.000000 0.000000 0.000000 0.000000 0.000000 0.000000 0.000000 0.000000 0.000001 0.000001 0.000002 0.000005 0.000010 0.000018 0.000034 0.000063 0.000114 0.000201 0.000346 0.000585 0.000966 0.001563 0.002473 0.003828 0.005798 0.008591 0.012450 0.017649 0.024469 0.033177 0.043993 0.057044 0.072326 0.089667 0.108690 0.128813 0.149253 0.169070 0.187233 0.202702 0.214531 0.221958 0.224491 0.221958 0.214531 0.202702 0.187233 0.169070 0.149253 0.128813 0.108690 0.089667 0.072326 0.057044 0.043993 0.033177 0.024469 0.017649 0.012450 0.008591 0.005798 0.003828 0.002473 0.001563 0.000966 0.000585 0.000346 0.000201 0.000114 0.000063 0.000034 0.000018 0.000010 0.000005 0.000002 0.000001 0.000001 0.000000 0.000000 0.000000 0.000000 0.000000 0.000000 0.000000 0.000000 0.000000 0.000000 0.000000 0.000000 0.000000 0.000000 0.000000 
0.000000 0.000000 0.000000 0.000000 0.000000 0.000000 0.000000 0.000000 0.000000 0.000000 0.000000 0.000000 0.000000 0.000000 0.000000 0.000000 0.000001 0.000002 0.000004 0.000009 0.000017 0.000032 0.000061 0.000112 0.000201 0.000353 0.000609 0.001027 0.001695 0.002738 0.004328 0.006694 0.010129 0.014994 0.021711 0.030751 0.042602 0.057723 0.076490 0.099122 0.125609 0.155645 0.188582 0.223407 0.258768 0.293041 0.324444 0.351185 0.371629 0.384464 0.388841 0.384464 0.371629 0.351185 0.324444 0.293041 0.258768 0.223407 0.188582 0.155645 0.125609 0.099122 0.076490 0.057723 0.042602 0.030751 0.021711 0.014994 0.010129 0.006694 0.004328 0.002738 0.001695 0.001027 0.000609 0.000353 0.000201 0.000112 0.000061 0.000032 0.000017 0.000009 0.000004 0.000002 0.000001 0.000000 0.000000 0.000000 0.000000 0.000000 0.000000 0.000000 0.000000 0.000000 0.000000 0.000000 0.000000 0.000000 0.000000 0.000000 
0.000000 0.000000 0.000000 0.000000 0.000000 0.000000 0.000000 0.000000 0.000000 0.000000 0.000000 0.000000 0.000000 0.000000 0.000000 0.000001 0.000002 0.000004 0.000008 0.000015 0.000029 0.000056 0.000105 0.000193 0.000346 0.000609 0.001048 0.001766 0.002911 0.004698 0.007418 0.011461 0.017325 0.025623 0.037072 0.052467 0.072633 0.098347 0.130240 0.168676 0.213634 0.264592 0.320445 0.379476 0.439395 0.497452 0.550634 0.595912 0.630522 0.652249 0.659657 0.652249 0.630522 0.595912 0.550634 0.497452 0.439395 0.379476 0.320445 0.264592 0.213634 0.168676 0.130240 0.098347 0.072633 0.052467 0.037072 0.025623 0.017325 0.011461 0.007418 0.004698 0.002911 0.001766 0.001048 0.000609 0.000346 0.000193 0.000105 0.000056 0.000029 0.000015 0.000008 0.000004 0.000002 0.000001 0.000000 0.000000 0.000000 0.000000 0.000000 0.000000 0.000000 0.000000 0.000000 0.000000 0.000000 0.000000 0.000000 0.000000 
0.000000 0.000000 0.000000 0.000000 0.000000 0.000000 0.000000 0.000000 0.000000 0.000000 0.000000 0.000000 0.000000 0.000000 0.000001 0.000001 0.000003 0.000006 0.000013 0.000026 0.000050 0.000095 0.000178 0.000326 0.000585 0.001027 0.001766 0.002971 0.004894 0.007889 0.012444 0.019209 0.029012 0.042871 0.061977 0.087650 0.121254 0.164073 0.217147 0.281074 0.355808 0.440475 0.533234 0.631233 0.730670 0.826991 0.915202 0.990287 1.047674 1.083696 1.095977 1.083696 1.047674 0.990287 0.915202 0.826991 0.730670 0.631233 0.533234 0.440475 0.355808 0.281074 0.217147 0.164073 0.121254 0.087650 0.061977 0.042871 0.029012 0.019209 0.012444 0.007889 0.004894 0.002971 0.001766 0.001027 0.000585 0.000326 0.000178 0.000095 0.000050 0.000026 0.000013 0.000006 0.000003 0.000001 0.000001 0.000000 0.000000 0.000000 0.000000 0.000000 0.000000 0.000000 0.000000 0.000000 0.000000 0.000000 0.000000 0.000000 
0.000000 0.000000 0.000000 0.000000 0.000000 0.000000 0.000000 0.000000 0.000000 0.000000 0.000000 0.000000 0.000000 0.000001 0.000001 0.000002 0.000005 0.000011 0.000021 0.000042 0.000083 0.000158 0.000295 0.000539 0.000966 0.001695 0.002911 0.004894 0.008052 0.012967 0.020436 0.031517 0.047560 0.070223 0.101441 0.143358 0.198186 0.268004 0.354491 0.458604 0.580257 0.718014 0.868873 1.028194 1.189801 1.346300 1.489588 1.611532 1.704719 1.763207 1.783147 1.763207 1.704719 1.611532 1.489588 1.346300 1.189801 1.028194 0.868873 0.718014 0.580257 0.458604 0.354491 0.268004 0.198186 0.143358 0.101441 0.070223 0.047560 0.031517 0.020436 0.012967 0.008052 0.004894 0.002911 0.001695 0.000966 0.000539 0.000295 0.000158 0.000083 0.000042 0.000021 0.000011 0.000005 0.000002 0.000001 0.000001 0.000000 0.000000 0.000000 0.000000 0.000000 0.000000 0.000000 0.000000 0.000000 0.000000 0.000000 0.000000 
0.000000 0.000000 0.000000 0.000000 0.000000 0.000000 0.000000 0.000000 0.000000 0.000000 0.000000 0.000000 0.000000 0.000001 0.000002 0.000004 0.000008 0.000017 0.000035 0.000069 0.000134 0.000256 0.000478 0.000873 0.001563 0.002738 0.004698 0.007889 0.012967 0.020862 0.032849 0.050616 0.076320 0.112600 0.162538 0.229542 0.317127 0.428589 0.566580 0.732607 0.926510 1.145980 1.386230 1.639864 1.897057 2.146052 2.373979 2.567918 2.716104 2.809101 2.840805 2.809101 2.716104 2.567918 2.373979 2.146052 1.897057 1.639864 1.386230 1.145980 0.926510 0.732607 0.566580 0.428589 0.317127 0.229542 0.162538 0.112600 0.076320 0.050616 0.032849 0.020862 0.012967 0.007889 0.004698 0.002738 0.001563 0.000873 0.000478 0.000256 0.000134 0.000069 0.000035 0.000017 0.000008 0.000004 0.000002 0.000001 0.000000 0.000000 0.000000 0.000000 0.000000 0.000000 0.000000 0.000000 0.000000 0.000000 0.000000 0.000000 
0.000000 0.000000 0.000000 0.000000 0.000000 0.000000 0.000000 0.000000 0.000000 0.000000 0.000000 0.000000 0.000001 0.000001 0.000003 0.000006 0.000013 0.000027 0.000055 0.000110 0.000214 0.000406 0.000758 0.001383 0.002473 0.004328 0.007418 0.012444 0.020436 0.032849 0.051678 0.079564 0.119875 0.176728 0.254928 0.359783 0.496756 0.670967 0.886523 1.145743 1.448341 1.790695 2.165317 2.560675 2.961460 3.349371 3.704383 4.006405 4.237146 4.381941 4.431300 4.381941 4.237146 4.006405 3.704383 3.349371 2.961460 2.560675 2.165317 1.790695 1.448341 1.145743 0.886523 0.670967 0.496756 0.359783 0.254928 0.176728 0.119875 0.079564 0.051678 0.032849 0.020436 0.012444 0.007418 0.004328 0.002473 0.001383 0.000758 0.000406 0.000214 0.000110 0.000055 0.000027 0.000013 0.000006 0.000003 0.000001 0.000001 0.000000 0.000000 0.000000 0.000000 0.000000 0.000000 0.000000 0.000000 0.000000 0.000000 0.000000 
0.000000 0.000000 0.000000 0.000000 0.000000 0.000000 0.000000 0.000000 0.000000 0.000000 0.000000 0.000000 0.000001 0.000002 0.000005 0.000010 0.000021 0.000043 0.000086 0.000171 0.000332 0.000631 0.001176 0.002144 0.003828 0.006694 0.011461 0.019209 0.031517 0.050616 0.079564 0.122402 0.184280 0.271487 0.391357 0.551979 0.761676 1.028231 1.357873 1.754094 2.216414 2.739262 3.311180 3.914558 4.526045 5.117744 5.659149 6.119669 6.471455 6.692192 6.767436 6.692192 6.471455 6.119669 5.659149 5.117744 4.526045 3.914558 3.311180 2.739262 2.216414 1.754094 1.357873 1.028231 0.761676 0.551979 0.391357 0.271487 0.184280 0.122402 0.079564 0.050616 0.031517 0.019209 0.011461 0.006694 0.003828 0.002144 0.001176 0.000631 0.000332 0.000171 0.000086 0.000043 0.000021 0.000010 0.000005 0.000002 0.000001 0.000000 0.000000 0.000000 0.000000 0.000000 0.000000 0.000000 0.000000 0.000000 0.000000 0.000000 
0.000000 0.000000 0.000000 0.000000 0.000000 0.000000 0.000000 0.000000 0.000000 0.000000 0.000000 0.000001 0.000001 0.000003 0.000007 0.000015 0.000032 0.000065 0.000132 0.000260 0.000505 0.000959 0.001784 0.003250 0.005798 0.010129 0.017325 0.029012 0.047560 0.076320 0.119875 0.184280 0.277241 0.408167 0.588013 0.828854 1.143098 1.542331 2.035807 2.628678 3.320159 4.101869 4.956647 5.858163 6.771547 7.655169 8.463528 9.151011 9.676111 10.005572 10.117873 10.005572 9.676111 9.151011 8.463528 7.655169 6.771547 5.858163 4.956647 4.101869 3.320159 2.628678 2.035807 1.542331 1.143098 0.828854 0.588013 0.408167 0.277241 0.184280 0.119875 0.076320 0.047560 0.029012 0.017325 0.010129 0.005798 0.003250 0.001784 0.000959 0.000505 0.000260 0.000132 0.000065 0.000032 0.000015 0.000007 0.000003 0.000001 0.000001 0.000000 0.000000 0.000000 0.000000 0.000000 0.000000 0.000000 0.000000 0.000000 0.000000 
0.000000 0.000000 0.000000 0.000000 0.000000 0.000000 0.000000 0.000000 0.000000 0.000000 0.000000 0.000001 0.000002 0.000005 0.000010 0.000022 0.000047 0.000097 0.000196 0.000388 0.000751 0.001425 0.002648 0.004820 0.008591 0.014994 0.025623 0.042871 0.070223 0.112600 0.176728 0.271487 0.408167 0.600539 0.864630 1.218080 1.679004 2.264289 2.987392 3.855762 4.868158 6.012237 7.262844 8.581446 9.917062 11.208873 12.390437 13.395170 14.162502 14.643909 14.807998 14.643909 14.162502 13.395170 12.390437 11.208873 9.917062 8.581446 7.262844 6.012237 4.868158 3.855762 2.987392 2.264289 1.679004 1.218080 0.864630 0.600539 0.408167 0.271487 0.176728 0.112600 0.070223 0.042871 0.025623 0.014994 0.008591 0.004820 0.002648 0.001425 0.000751 0.000388 0.000196 0.000097 0.000047 0.000022 0.000010 0.000005 0.000002 0.000001 0.000000 0.000000 0.000000 0.000000 0.000000 0.000000 0.000000 0.000000 0.000000 0.000000 
0.000000 0.000000 0.000000 0.000000 0.000000 0.000000 0.000000 0.000000 0.000000 0.000000 0.000001 0.000001 0.000003 0.000007 0.000015 0.000033 0.000069 0.000142 0.000286 0.000565 0.001093 0.002071 0.003845 0.006992 0.012450 0.021711 0.037072 0.061977 0.101441 0.162538 0.254928 0.391357 0.588013 0.864630 1.244151 1.751811 2.413494 3.253300 4.290393 5.535315 6.986166 8.625164 10.416216 12.304123 14.215927 16.064642 17.755288 19.192717 20.290391 20.978999 21.213706 20.978999 20.290391 19.192717 17.755288 16.064642 14.215927 12.304123 10.416216 8.625164 6.986166 5.535315 4.290393 3.253300 2.413494 1.751811 1.244151 0.864630 0.588013 0.391357 0.254928 0.162538 0.101441 0.061977 0.037072 0.021711 0.012450 0.006992 0.003845 0.002071 0.001093 0.000565 0.000286 0.000142 0.000069 0.000033 0.000015 0.000007 0.000003 0.000001 0.000001 0.000000 0.000000 0.000000 0.000000 0.000000 0.000000 0.000000 0.000000 0.000000 
0.000000 0.000000 0.000000 0.000000 0.000000 0.000000 0.000000 0.000000 0.000000 0.000000 0.000001 0.000002 0.000005 0.000010 0.000022 0.000047 0.000099 0.000202 0.000408 0.000804 0.001555 0.002944 0.005460 0.009919 0.017649 0.030751 0.052467 0.087650 0.143358 0.229542 0.359783 0.551979 0.828854 1.218080 1.751811 2.465380 3.394992 4.574319 6.030078 7.776887 9.811917 12.110103 14.620760 17.266499 19.945115 22.534831 24.902734 26.915720 28.452761 29.416935 29.745555 29.416935 28.452761 26.915720 24.902734 22.534831 19.945115 17.266499 14.620760 12.110103 9.811917 7.776887 6.030078 4.574319 3.394992 2.465380 1.751811 1.218080 0.828854 0.551979 0.359783 0.229542 0.143358 0.087650 0.052467 0.030751 0.017649 0.009919 0.005460 0.002944 0.001555 0.000804 0.000408 0.000202 0.000099 0.000047 0.000022 0.000010 0.000005 0.000002 0.000001 0.000000 0.000000 0.000000 0.000000 0.000000 0.000000 0.000000 0.000000 0.000000 
0.000000 0.000000 0.000000 0.000000 0.000000 0.000000 0.000000 0.000000 0.000000 0.000001 0.000001 0.000003 0.000006 0.000014 0.000031 0.000066 0.000138 0.000282 0.000568 0.001120 0.002163 0.004091 0.007582 0.013763 0.024469 0.042602 0.072633 0.121254 0.198186 0.317127 0.496756 0.761676 1.143098 1.679004 2.413494 3.394992 4.673071 6.293785 8.293603 10.692367 13.485990 16.639904 20.084458 23.713453 27.386759 30.937501 34.183620 36.942851 39.049504 40.370910 40.821272 40.370910 39.049504 36.942851 34.183620 30.937501 27.386759 23.713453 20.084458 16.639904 13.485990 10.692367 8.293603 6.293785 4.673071 3.394992 2.413494 1.679004 1.143098 0.761676 0.496756 0.317127 0.198186 0.121254 0.072633 0.042602 0.024469 0.013763 0.007582 0.004091 0.002163 0.001120 0.000568 0.000282 0.000138 0.000066 0.000031 0.000014 0.000006 0.000003 0.000001 0.000001 0.000000 0.000000 0.000000 0.000000 0.000000 0.000000 0.000000 0.000000 
0.000000 0.000000 0.000000 0.000000 0.000000 0.000000 0.000000 0.000000 0.000000 0.000001 0.000002 0.000004 0.000009 0.000019 0.000042 0.000090 0.000188 0.000385 0.000774 0.001524 0.002941 0.005560 0.010296 0.018675 0.033177 0.057723 0.098347 0.164073 0.268004 0.428589 0.670967 1.028231 1.542331 2.264289 3.253300 4.574319 6.293785 8.473353 11.161757 14.385379 18.138468 22.374387 26.999471 31.871099 36.801228 41.566044 45.921458 49.623178 52.449172 54.221686 54.825778 54.221686 52.449172 49.623178 45.921458 41.566044 36.801228 31.871099 26.999471 22.374387 18.138468 14.385379 11.161757 8.473353 6.293785 4.574319 3.253300 2.264289 1.542331 1.028231 0.670967 0.428589 0.268004 0.164073 0.098347 0.057723 0.033177 0.018675 0.010296 0.005560 0.002941 0.001524 0.000774 0.000385 0.000188 0.000090 0.000042 0.000019 0.000009 0.000004 0.000002 0.000001 0.000000 0.000000 0.000000 0.000000 0.000000 0.000000 0.000000 0.000000 
0.000000 0.000000 0.000000 0.000000 0.000000 0.000000 0.000000 0.000000 0.000000 0.000001 0.000002 0.000005 0.000012 0.000026 0.000056 0.000120 0.000251 0.000513 0.001031 0.002029 0.003911 0.007388 0.013671 0.024780 0.043993 0.076490 0.130240 0.217147 0.354491 0.566580 0.886523 1.357873 2.035807 2.987392 4.290393 6.030078 8.293603 11.161757 14.698298 18.937571 23.871699 29.439130 35.516616 41.916715 48.392473 54.650100 60.369304 65.229611 68.939808 71.266787 72.059825 71.266787 68.939808 65.229611 60.369304 54.650100 48.392473 41.916715 35.516616 29.439130 23.871699 18.937571 14.698298 11.161757 8.293603 6.030078 4.290393 2.987392 2.035807 1.357873 0.886523 0.566580 0.354491 0.217147 0.130240 0.076490 0.043993 0.024780 0.013671 0.007388 0.003911 0.002029 0.001031 0.000513 0.000251 0.000120 0.000056 0.000026 0.000012 0.000005 0.000002 0.000001 0.000000 0.000000 0.000000 0.000000 0.000000 0.000000 0.000000 0.000000 
0.000000 0.000000 0.000000 0.000000 0.000000 0.000000 0.000000 0.000000 0.000001 0.000001 0.000003 0.000007 0.000015 0.000034 0.000073 0.000156 0.000327 0.000669 0.001342 0.002639 0.005085 0.009599 0.017750 0.032152 0.057044 0.099122 0.168676 0.281074 0.458604 0.732607 1.145743 1.754094 2.628678 3.855762 5.535315 7.776887 10.692367 14.385379 18.937571 24.392726 30.740339 37.900942 45.715848 53.943997 62.267999 70.310439 77.659990 83.905194 88.672228 91.661892 92.680750 91.661892 88.672228 83.905194 77.659990 70.310439 62.267999 53.943997 45.715848 37.900942 30.740339 24.392726 18.937571 14.385379 10.692367 7.776887 5.535315 3.855762 2.628678 1.754094 1.145743 0.732607 0.458604 0.281074 0.168676 0.099122 0.057044 0.032152 0.017750 0.009599 0.005085 0.002639 0.001342 0.000669 0.000327 0.000156 0.000073 0.000034 0.000015 0.000007 0.000003 0.000001 0.000001 0.000000 0.000000 0.000000 0.000000 0.000000 0.000000 0.000000 
0.000000 0.000000 0.000000 0.000000 0.000000 0.000000 0.000000 0.000000 0.000001 0.000002 0.000004 0.000009 0.000019 0.000043 0.000094 0.000199 0.000416 0.000852 0.001708 0.003357 0.006463 0.012192 0.022531 0.040789 0.072326 0.125609 0.213634 0.355808 0.580257 0.926510 1.448341 2.216414 3.320159 4.868158 6.986166 9.811917 13.485990 18.138468 23.871699 30.740339 38.730737 47.742530 57.575817 67.927237 78.397616 88.512481 97.754882 105.607816 111.601647 115.360535 116.641510 115.360535 111.601647 105.607816 97.754882 88.512481 78.397616 67.927237 57.575817 47.742530 38.730737 30.740339 23.871699 18.138468 13.485990 9.811917 6.986166 4.868158 3.320159 2.216414 1.448341 0.926510 0.580257 0.355808 0.213634 0.125609 0.072326 0.040789 0.022531 0.012192 0.006463 0.003357 0.001708 0.000852 0.000416 0.000199 0.000094 0.000043 0.000019 0.000009 0.000004 0.000002 0.000001 0.000000 0.000000 0.000000 0.000000 0.000000 0.000000 0.000000 
0.000000 0.000000 0.000000 0.000000 0.000000 0.000000 0.000000 0.000000 0.000001 0.000002 0.000005 0.000011 0.000024 0.000054 0.000117 0.000249 0.000519 0.001060 0.002125 0.004173 0.008030 0.015139 0.027963 0.050594 0.089667 0.155645 0.264592 0.440475 0.718014 1.145980 1.790695 2.739262 4.101869 6.012237 8.625164 12.110103 16.639904 22.374387 29.439130 37.900942 47.742530 58.839920 70.946732 83.689424 96.576739 109.024971 120.398326 130.061076 137.435821 142.060529 143.636532 142.060529 137.435821 130.061076 120.398326 109.024971 96.576739 83.689424 70.946732 58.839920 47.742530 37.900942 29.439130 22.374387 16.639904 12.110103 8.625164 6.012237 4.101869 2.739262 1.790695 1.145980 0.718014 0.440475 0.264592 0.155645 0.089667 0.050594 0.027963 0.015139 0.008030 0.004173 0.002125 0.001060 0.000519 0.000249 0.000117 0.000054 0.000024 0.000011 0.000005 0.000002 0.000001 0.000000 0.000000 0.000000 0.000000 0.000000 0.000000 0.000000 
0.000000 0.000000 0.000000 0.000000 0.000000 0.000000 0.000000 0.000000 0.000001 0.000002 0.000006 0.000013 0.000030 0.000066 0.000142 0.000303 0.000631 0.001290 0.002584 0.005071 0.009753 0.018378 0.033928 0.061357 0.108690 0.188582 0.320445 0.533234 0.868873 1.386230 2.165317 3.311180 4.956647 7.262844 10.416216 14.620760 20.084458 26.999471 35.516616 45.715848 57.575817 70.946732 85.531509 100.880103 116.400936 131.391339 145.086118 156.720298 165.599185 171.166941 173.064281 171.166941 165.599185 156.720298 145.086118 131.391339 116.400936 100.880103 85.531509 70.946732 57.575817 45.715848 35.516616 26.999471 20.084458 14.620760 10.416216 7.262844 4.956647 3.311180 2.165317 1.386230 0.868873 0.533234 0.320445 0.188582 0.108690 0.061357 0.033928 0.018378 0.009753 0.005071 0.002584 0.001290 0.000631 0.000303 0.000142 0.000066 0.000030 0.000013 0.000006 0.000002 0.000001 0.000000 0.000000 0.000000 0.000000 0.000000 0.000000 0.000000 
0.000000 0.000000 0.000000 0.000000 0.000000 0.000000 0.000000 0.000000 0.000001 0.000003 0.000007 0.000016 0.000035 0.000078 0.000169 0.000360 0.000751 0.001534 0.003070 0.006023 0.011579 0.021808 0.040242 0.072746 0.128813 0.223407 0.379476 0.631233 1.028194 1.639864 2.560675 3.914558 5.858163 8.581446 12.304123 17.266499 23.713453 31.871099 41.916715 53.943997 67.927237 83.689424 100.880103 118.968769 137.258387 154.921262 171.056245 184.762587 195.222390 201.781295 204.016356 201.781295 195.222390 184.762587 171.056245 154.921262 137.258387 118.968769 100.880103 83.689424 67.927237 53.943997 41.916715 31.871099 23.713453 17.266499 12.304123 8.581446 5.858163 3.914558 2.560675 1.639864 1.028194 0.631233 0.379476 0.223407 0.128813 0.072746 0.040242 0.021808 0.011579 0.006023 0.003070 0.001534 0.000751 0.000360 0.000169 0.000078 0.000035 0.000016 0.000007 0.000003 0.000001 0.000000 0.000000 0.000000 0.000000 0.000000 0.000000 0.000000 
