0.000000 0.000000 0.000000 0.000000 0.000000 0.000000 0.000000 0.000000 0.000000 0.000000 0.000000 0.000000 0.000000 0.000000 0.000000 0.000000 0.000000 0.000000 0.000000 0.000000 0.000000 0.000000 0.000000 0.000000 0.000000 0.000000 0.000000 0.000000 0.000000 0.000000 0.000000 0.000000 0.000000 0.000000 0.000000 0.000000 0.000000 0.000000 0.000000 0.000000 0.000000 0.000000 0.000000 0.000000 0.000000 0.000000 0.000000 0.000000 0.000000 0.000000 0.000000 0.000000 0.000000 0.000000 0.000000 0.000000 0.000000 0.000000 0.000000 0.000000 0.000000 0.000000 0.000000 0.000000 0.000000 0.000000 0.000000 0.000000 0.000000 0.000000 0.000000 0.000000 0.000000 0.000000 0.000000 0.000000 0.000000 0.000000 0.000000 0.000000 0.000000 0.000000 0.000000 0.000000 0.000000 0.000000 0.000000 0.000000 0.000000 0.000000 0.000000 0.000000 0.000000 0.000000 0.000000 0.000000 0.000000 0.000000 0.000000 0.000000 
0.000000 0.000000 0.000000 0.000000 0.000000 0.000000 0.000001 0.000001 0.000001 0.000002 0.000003 0.000004 0.000005 0.000007 0.000010 0.000013 0.000018 0.000024 0.000031 0.000041 0.000054 0.000070 0.000089 0.000114 0.000143 0.000179 0.000221 0.000272 0.000331 0.000399 0.000477 0.000565 0.000664 0.000774 0.000894 0.001023 0.001161 0.001307 0.001457 0.001611 0.001766 0.001919 0.002067 0.002207 0.002336 0.002451 0.002549 0.002628 0.002686 0.002722 0.002734 0.002722 0.002686 0.002628 0.002549 0.002451 0.002336 0.002207 0.002067 0.001919 0.001766 0.001611 0.001457 0.001307 0.001161 0.001023 0.000894 0.000774 0.000664 0.000565 0.000477 0.000399 0.000331 0.000272 0.000221 0.000179 0.000143 0.000114 0.000089 0.000070 0.000054 0.000041 0.000031 0.000024 0.000018 0.000013 0.000010 0.000007 0.000005 0.000004 0.000003 0.000002 0.000001 0.000001 0.000001 0.000000 0.000000 0.000000 0.000000 0.000000 
0.000000 0.000000 0.000000 0.000000 0.000001 0.000001 0.000001 0.000002 0.000003 0.000004 0.000006 0.000008 0.000011 0.000015 0.000021 0.000028 0.000038 0.000051 0.000068 0.000089 0.000117 0.000151 0.000193 0.000245 0.000309 0.000386 0.000478 0.000586 0.000713 0.000860 0.001028 0.001219 0.001433 0.001669 0.001927 0.002207 0.002504 0.002818 0.003143 0.003475 0.003808 0.004138 0.004457 0.004759 0.005037 0.005285 0.005497 0.005667 0.005792 0.005869 0.005895 0.005869 0.005792 0.005667 0.005497 0.005285 0.005037 0.004759 0.004457 0.004138 0.003808 0.003475 0.003143 0.002818 0.002504 0.002207 0.001927 0.001669 0.001433 0.001219 0.001028 0.000860 0.000713 0.000586 0.000478 0.000386 0.000309 0.000245 0.000193 0.000151 0.000117 0.000089 0.000068 0.000051 0.000038 0.000028 0.000021 0.000015 0.000011 0.000008 0.000006 0.000004 0.000003 0.000002 0.000001 0.000001 0.000001 0.000000 0.000000 0.000000 
0.000000 0.000000 0.000000 0.000001 0.000001 0.000001 0.000002 0.000003 0.000005 0.000007 0.000009 0.000013 0.000019 0.000026 0.000035 0.000048 0.000065 0.000087 0.000115 0.000151 0.000197 0.000255 0.000327 0.000415 0.000523 0.000653 0.000808 0.000991 0.001206 0.001454 0.001739 0.002061 0.002422 0.002821 0.003258 0.003730 0.004233 0.004762 0.005311 0.005872 0.006436 0.006993 0.007531 0.008041 0.008511 0.008930 0.009288 0.009576 0.009787 0.009916 0.009960 0.009916 0.009787 0.009576 0.009288 0.008930 0.008511 0.008041 0.007531 0.006993 0.006436 0.005872 0.005311 0.004762 0.004233 0.003730 0.003258 0.002821 0.002422 0.002061 0.001739 0.001454 0.001206 0.000991 0.000808 0.000653 0.000523 0.000415 0.000327 0.000255 0.000197 0.000151 0.000115 0.000087 0.000065 0.000048 0.000035 0.000026 0.000019 0.000013 0.000009 0.000007 0.000005 0.000003 0.000002 0.000001 0.000001 0.000001 0.000000 0.000000 
0.000000 0.000000 0.000001 0.000001 0.000002 0.000002 0.000003 0.000005 0.000007 0.000010 0.000015 0.000021 0.000029 0.000040 0.000055 0.000075 0.000101 0.000135 0.000180 0.000236 0.000308 0.000398 0.000510 0.000647 0.000815 0.001018 0.001260 0.001546 0.001880 0.002267 0.002711 0.003213 0.003775 0.004397 0.005078 0.005813 0.006596 0.007420 0.008275 0.009149 0.010027 0.010893 0.011732 0.012526 0.013257 0.013909 0.014466 0.014915 0.015244 0.015445 0.015513 0.015445 0.015244 0.014915 0.014466 0.013909 0.013257 0.012526 0.011732 0.010893 0.010027 0.009149 0.008275 0.007420 0.006596 0.005813 0.005078 0.004397 0.003775 0.003213 0.002711 0.002267 0.001880 0.001546 0.001260 0.001018 0.000815 0.000647 0.000510 0.000398 0.000308 0.000236 0.000180 0.000135 0.000101 0.000075 0.000055 0.000040 0.000029 0.000021 0.000015 0.000010 0.000007 0.000005 0.000003 0.000002 0.000001 0.000001 0.000000 0.000000 
0.000000 0.000000 0.000001 0.000001 0.000002 0.000003 0.000005 0.000008 0.000011 0.000016 0.000022 0.000031 0.000044 0.000061 0.000083 0.000113 0.000153 0.000204 0.000270 0.000356 0.000463 0.000599 0.000767 0.000974 0.001227 0.001531 0.001895 0.002325 0.002828 0.003410 0.004076 0.004831 0.005676 0.006610 0.007633 0.008737 0.009914 0.011152 0.012436 0.013748 0.015066 0.016367 0.017627 0.018819 0.019917 0.020896 0.021733 0.022407 0.022901 0.023202 0.023304 0.023202 0.022901 0.022407 0.021733 0.020896 0.019917 0.018819 0.017627 0.016367 0.015066 0.013748 0.012436 0.011152 0.009914 0.008737 0.007633 0.006610 0.005676 0.004831 0.004076 0.003410 0.002828 0.002325 0.001895 0.001531 0.001227 0.000974 0.000767 0.000599 0.000463 0.000356 0.000270 0.000204 0.000153 0.000113 0.000083 0.000061 0.000044 0.000031 0.000022 0.000016 0.000011 0.000008 0.000005 0.000003 0.000002 0.000001 0.000001 0.000000 
0.000000 0.000001 0.000001 0.000002 0.000003 0.000005 0.000008 0.000011 0.000016 0.000023 0.000033 0.000046 0.000065 0.000090 0.000123 0.000167 0.000225 0.000301 0.000399 0.000525 0.000684 0.000884 0.001132 0.001438 0.001810 0.002259 0.002795 0.003429 0.004171 0.005028 0.006011 0.007122 0.008367 0.009744 0.011250 0.012876 0.014610 0.016433 0.018324 0.020256 0.022197 0.024114 0.025968 0.027723 0.029339 0.030781 0.032012 0.033005 0.033732 0.034176 0.034325 0.034176 0.033732 0.033005 0.032012 0.030781 0.029339 0.027723 0.025968 0.024114 0.022197 0.020256 0.018324 0.016433 0.014610 0.012876 0.011250 0.009744 0.008367 0.007122 0.006011 0.005028 0.004171 0.003429 0.002795 0.002259 0.001810 0.001438 0.001132 0.000884 0.000684 0.000525 0.000399 0.000301 0.000225 0.000167 0.000123 0.000090 0.000065 0.000046 0.000033 0.000023 0.000016 0.000011 0.000008 0.000005 0.000003 0.000002 0.000001 0.000000 
0.000000 0.000001 0.000002 0.000003 0.000005 0.000008 0.000011 0.000016 0.000024 0.000034 0.000048 0.000068 0.000094 0.000131 0.000179 0.000244 0.000329 0.000439 0.000582 0.000765 0.000997 0.001288 0.001649 0.002094 0.002636 0.003289 0.004070 0.004992 0.006071 0.007319 0.008747 0.010364 0.012174 0.014176 0.016366 0.018730 0.021250 0.023901 0.026649 0.029457 0.032278 0.035063 0.037758 0.040307 0.042656 0.044750 0.046540 0.047982 0.049039 0.049684 0.049901 0.049684 0.049039 0.047982 0.046540 0.044750 0.042656 0.040307 0.037758 0.035063 0.032278 0.029457 0.026649 0.023901 0.021250 0.018730 0.016366 0.014176 0.012174 0.010364 0.008747 0.007319 0.006071 0.004992 0.004070 0.003289 0.002636 0.002094 0.001649 0.001288 0.000997 0.000765 0.000582 0.000439 0.000329 0.000244 0.000179 0.000131 0.000094 0.000068 0.000048 0.000034 0.000024 0.000016 0.000011 0.000007 0.000005 0.000003 0.000001 0.000000 
0.000000 0.000001 0.000003 0.000005 0.000007 0.000011 0.000016 0.000024 0.000034 0.000049 0.000069 0.000098 0.000136 0.000189 0.000259 0.000352 0.000474 0.000634 0.000840 0.001104 0.001438 0.001857 0.002378 0.003018 0.003799 0.004740 0.005864 0.007192 0.008745 0.010542 0.012598 0.014925 0.017530 0.020411 0.023562 0.026963 0.030588 0.034402 0.038355 0.042393 0.046451 0.050456 0.054332 0.057999 0.061377 0.064388 0.066962 0.069034 0.070554 0.071482 0.071794 0.071482 0.070554 0.069034 0.066962 0.064388 0.061377 0.057999 0.054332 0.050456 0.046451 0.042393 0.038355 0.034402 0.030588 0.026963 0.023562 0.020411 0.017530 0.014925 0.012598 0.010542 0.008745 0.007192 0.005864 0.004740 0.003799 0.003018 0.002378 0.001857 0.001438 0.001104 0.000840 0.000634 0.000474 0.000352 0.000259 0.000189 0.000136 0.000098 0.000069 0.000049 0.000034 0.000024 0.000016 0.000011 0.000007 0.000004 0.000002 0.000000 
0.000000 0.000002 0.000004 0.000007 0.000010 0.000016 0.000023 0.000034 0.000049 0.000070 0.000099 0.000140 0.000195 0.000270 0.000370 0.000503 0.000678 0.000906 0.001200 0.001577 0.002054 0.002653 0.003396 0.004311 0.005425 0.006768 0.008372 0.010267 0.012482 0.015044 0.017976 0.021295 0.025009 0.029118 0.033609 0.038458 0.043626 0.049061 0.054696 0.060450 0.066233 0.071940 0.077463 0.082688 0.087500 0.091791 0.095457 0.098410 0.100575 0.101897 0.102342 0.101897 0.100575 0.098410 0.095457 0.091791 0.087500 0.082688 0.077463 0.071940 0.066233 0.060450 0.054696 0.049061 0.043626 0.038458 0.033609 0.029118 0.025009 0.021295 0.017976 0.015044 0.012482 0.010267 0.008372 0.006768 0.005425 0.004311 0.003396 0.002653 0.002054 0.001577 0.001200 0.000906 0.000678 0.000503 0.000370 0.000270 0.000195 0.000140 0.000099 0.000070 0.000049 0.000034 0.000023 0.000015 0.000010 0.000006 0.000003 0.000000 
0.000000 0.000003 0.000006 0.000009 0.000015 0.000022 0.000033 0.000048 0.000069 0.000099 0.000141 0.000198 0.000277 0.000383 0.000524 0.000713 0.000961 0.001284 0.001701 0.002234 0.002909 0.003756 0.004808 0.006103 0.007679 0.009579 0.011847 0.014527 0.017659 0.021282 0.025428 0.030119 0.035369 0.041176 0.047522 0.054374 0.061676 0.069355 0.077316 0.085446 0.093615 0.101677 0.109478 0.116857 0.123654 0.129714 0.134892 0.139062 0.142120 0.143987 0.144615 0.143987 0.142120 0.139062 0.134892 0.129714 0.123654 0.116857 0.109478 0.101677 0.093615 0.085446 0.077316 0.069355 0.061676 0.054374 0.047522 0.041176 0.035369 0.030119 0.025428 0.021282 0.017659 0.014527 0.011847 0.009579 0.007679 0.006103 0.004808 0.003756 0.002909 0.002234 0.001701 0.001284 0.000961 0.000713 0.000524 0.000383 0.000277 0.000198 0.000141 0.000099 0.000069 0.000048 0.000033 0.000022 0.000014 0.000008 0.000004 0.000000 
0.000000 0.000004 0.000008 0.000013 0.000021 0.000031 0.000046 0.000068 0.000098 0.000140 0.000198 0.000279 0.000389 0.000538 0.000737 0.001002 0.001350 0.001803 0.002389 0.003137 0.004085 0.005273 0.006750 0.008565 0.010776 0.013441 0.016622 0.020379 0.024770 0.029849 0.035660 0.042235 0.049592 0.057729 0.066622 0.076221 0.086451 0.097208 0.108360 0.119747 0.131188 0.142479 0.153404 0.163738 0.173257 0.181742 0.188993 0.194833 0.199114 0.201728 0.202607 0.201728 0.199114 0.194833 0.188993 0.181742 0.173257 0.163738 0.153404 0.142479 0.131188 0.119747 0.108360 0.097208 0.086451 0.076221 0.066622 0.057729 0.049592 0.042235 0.035660 0.029849 0.024770 0.020379 0.016622 0.013441 0.010776 0.008565 0.006750 0.005273 0.004085 0.003137 0.002389 0.001803 0.001350 0.001002 0.000737 0.000538 0.000389 0.000279 0.000198 0.000140 0.000098 0.000067 0.000046 0.000031 0.000020 0.000012 0.000005 0.000000 
0.000000 0.000005 0.000011 0.000019 0.000029 0.000044 0.000065 0.000094 0.000136 0.000195 0.000277 0.000389 0.000542 0.000750 0.001027 0.001396 0.001880 0.002512 0.003327 0.004368 0.005687 0.007341 0.009394 0.011920 0.014994 0.018701 0.023123 0.028346 0.034451 0.041510 0.049586 0.058724 0.068947 0.080252 0.092607 0.105943 0.120154 0.135096 0.150584 0.166400 0.182288 0.197968 0.213139 0.227489 0.240706 0.252488 0.262557 0.270664 0.276609 0.280238 0.281458 0.280238 0.276609 0.270664 0.262557 0.252488 0.240706 0.227489 0.213139 0.197968 0.182288 0.166400 0.150584 0.135096 0.120154 0.105943 0.092607 0.080252 0.068947 0.058724 0.049586 0.041510 0.034451 0.028346 0.023123 0.018701 0.014994 0.011920 0.009394 0.007341 0.005687 0.004368 0.003327 0.002512 0.001880 0.001396 0.001027 0.000750 0.000542 0.000389 0.000277 0.000195 0.000136 0.000094 0.000064 0.000043 0.000028 0.000016 0.000008 0.000000 
0.000000 0.000007 0.000015 0.000026 0.000040 0.000061 0.000090 0.000131 0.000189 0.000270 0.000383 0.000538 0.000750 0.001036 0.001419 0.001928 0.002597 0.003469 0.004593 0.006031 0.007850 0.010132 0.012965 0.016448 0.020688 0.025798 0.031895 0.039095 0.047510 0.057239 0.068369 0.080960 0.095046 0.110623 0.127643 0.146013 0.165588 0.186168 0.207500 0.229280 0.251160 0.272752 0.293643 0.313401 0.331599 0.347822 0.361684 0.372847 0.381031 0.386027 0.387707 0.386027 0.381031 0.372847 0.361684 0.347822 0.331599 0.313401 0.293643 0.272752 0.251160 0.229280 0.207500 0.186168 0.165588 0.146013 0.127643 0.110623 0.095046 0.080960 0.068369 0.057239 0.047510 0.039095 0.031895 0.025798 0.020688 0.016448 0.012965 0.010132 0.007850 0.006031 0.004593 0.003469 0.002597 0.001928 0.001419 0.001036 0.000749 0.000538 0.000382 0.000270 0.000188 0.000130 0.000089 0.000059 0.000038 0.000023 0.000011 0.000000 
0.000000 0.000010 0.000021 0.000035 0.000055 0.000083 0.000123 0.000179 0.000259 0.000370 0.000524 0.000737 0.001027 0.001419 0.001944 0.002641 0.003557 0.004750 0.006289 0.008256 0.010745 0.013866 0.017741 0.022504 0.028302 0.035289 0.043624 0.053466 0.064966 0.078263 0.093472 0.110677 0.129922 0.151201 0.174452 0.199545 0.226281 0.254388 0.283521 0.313264 0.343142 0.372626 0.401149 0.428127 0.452974 0.475122 0.494047 0.509287 0.520459 0.527281 0.529574 0.527281 0.520459 0.509287 0.494047 0.475122 0.452974 0.428127 0.401149 0.372626 0.343142 0.313264 0.283521 0.254388 0.226281 0.199545 0.174452 0.151201 0.129922 0.110677 0.093472 0.078263 0.064966 0.053466 0.043624 0.035289 0.028302 0.022504 0.017741 0.013866 0.010745 0.008256 0.006289 0.004750 0.003557 0.002641 0.001944 0.001419 0.001027 0.000737 0.000524 0.000370 0.000258 0.000178 0.000122 0.000081 0.000052 0.000031 0.000014 0.000000 
0.000000 0.000013 0.000028 0.000048 0.000075 0.000113 0.000167 0.000244 0.000352 0.000503 0.000713 0.001002 0.001396 0.001928 0.002641 0.003587 0.004830 0.006449 0.008537 0.011206 0.014583 0.018816 0.024070 0.030529 0.038390 0.047863 0.059162 0.072502 0.088088 0.106106 0.126714 0.150025 0.176097 0.204924 0.236418 0.270405 0.306616 0.344681 0.384132 0.424409 0.464865 0.504786 0.543406 0.579931 0.613569 0.643554 0.669175 0.689806 0.704931 0.714165 0.717270 0.714165 0.704931 0.689806 0.669175 0.643554 0.613569 0.579931 0.543406 0.504786 0.464865 0.424409 0.384132 0.344681 0.306616 0.270405 0.236418 0.204924 0.176097 0.150025 0.126714 0.106106 0.088088 0.072502 0.059162 0.047863 0.038390 0.030529 0.024070 0.018816 0.014583 0.011206 0.008537 0.006449 0.004830 0.003587 0.002641 0.001928 0.001396 0.001002 0.000713 0.000503 0.000351 0.000243 0.000166 0.000111 0.000071 0.000042 0.000020 0.000000 
0.000000 0.000018 0.000038 0.000065 0.000101 0.000153 0.000225 0.000329 0.000474 0.000678 0.000961 0.001350 0.001880 0.002597 0.003557 0.004830 0.006503 0.008682 0.011492 0.015081 0.019624 0.025317 0.032382 0.041067 0.051635 0.064369 0.079556 0.097484 0.118429 0.142641 0.170329 0.201646 0.236671 0.275392 0.317694 0.363341 0.411971 0.463087 0.516063 0.570145 0.624465 0.678063 0.729913 0.778949 0.824108 0.864360 0.898754 0.926449 0.946753 0.959148 0.963316 0.959148 0.946753 0.926449 0.898754 0.864360 0.824108 0.778949 0.729913 0.678063 0.624465 0.570145 0.516063 0.463087 0.411971 0.363341 0.317694 0.275392 0.236671 0.201646 0.170329 0.142641 0.118429 0.097484 0.079556 0.064369 0.051635 0.041067 0.032382 0.025317 0.019624 0.015081 0.011492 0.008682 0.006503 0.004830 0.003557 0.002597 0.001880 0.001350 0.000960 0.000677 0.000473 0.000327 0.000223 0.000149 0.000096 0.000057 0.000027 0.000000 
0.000000 0.000024 0.000051 0.000087 0.000135 0.000204 0.000301 0.000439 0.000634 0.000906 0.001284 0.001803 0.002512 0.003469 0.004750 0.006449 0.008682 0.011589 0.015337 0.020125 0.026183 0.033774 0.043196 0.054774 0.068862 0.085835 0.106075 0.129967 0.157876 0.190135 0.227023 0.268742 0.315396 0.366970 0.423309 0.484100 0.548858 0.616924 0.687463 0.759469 0.831790 0.903147 0.972173 1.037452 1.097566 1.151149 1.196931 1.233796 1.260823 1.277322 1.282870 1.277322 1.260823 1.233796 1.196931 1.151149 1.097566 1.037452 0.972173 0.903147 0.831790 0.759469 0.687463 0.616924 0.548858 0.484100 0.423309 0.366970 0.315396 0.268742 0.227023 0.190135 0.157876 0.129967 0.106075 0.085835 0.068862 0.054774 0.043196 0.033774 0.026183 0.020125 0.015337 0.011589 0.008682 0.006449 0.004750 0.003469 0.002512 0.001803 0.001283 0.000905 0.000633 0.000437 0.000299 0.000200 0.000129 0.000076 0.000036 0.000000 
0.000000 0.000031 0.000068 0.000115 0.000180 0.000270 0.000399 0.000582 0.000840 0.001200 0.001701 0.002389 0.003327 0.004593 0.006289 0.008537 0.011492 0.015337 0.020295 0.026627 0.034638 0.044676 0.057132 0.072437 0.091059 0.113490 0.140238 0.171807 0.208682 0.251301 0.300030 0.355136 0.416757 0.484872 0.559273 0.639548 0.725058 0.814930 0.908062 1.003127 1.098603 1.192803 1.283922 1.370091 1.449442 1.520168 1.580597 1.629256 1.664928 1.686705 1.694027 1.686705 1.664928 1.629256 1.580597 1.520168 1.449442 1.370091 1.283922 1.192803 1.098603 1.003127 0.908062 0.814930 0.725058 0.639548 0.559273 0.484872 0.416757 0.355136 0.300030 0.251301 0.208682 0.171807 0.140238 0.113490 0.091059 0.072437 0.057132 0.044676 0.034638 0.026627 0.020295 0.015337 0.011492 0.008537 0.006289 0.004593 0.003326 0.002388 0.001700 0.001200 0.000838 0.000580 0.000396 0.000265 0.000171 0.000101 0.000047 0.000000 
0.000000 0.000041 0.000089 0.000151 0.000236 0.000356 0.000525 0.000765 0.001104 0.001577 0.002234 0.003137 0.004368 0.006031 0.008256 0.011206 0.015081 0.020125 0.026627 0.034931 0.045435 0.058595 0.074923 0.094984 0.119389 0.148784 0.183832 0.225194 0.273503 0.329332 0.393160 0.465335 0.546037 0.635236 0.732663 0.837774 0.949732 1.067396 1.189320 1.313770 1.438752 1.562059 1.681329 1.794117 1.897976 1.990545 2.069636 2.133320 2.180006 2.208507 2.218090 2.208507 2.180006 2.133320 2.069636 1.990545 1.897976 1.794117 1.681329 1.562059 1.438752 1.313770 1.189320 1.067396 0.949732 0.837774 0.732663 0.635236 0.546037 0.465335 0.393160 0.329332 0.273503 0.225194 0.183832 0.148784 0.119389 0.094984 0.074923 0.058595 0.045435 0.034931 0.026627 0.020125 0.015081 0.011206 0.008256 0.006031 0.004368 0.003137 0.002233 0.001576 0.001102 0.000762 0.000520 0.000348 0.000224 0.000133 0.000062 0.000000 
0.000000 0.000054 0.000117 0.000197 0.000308 0.000463 0.000684 0.000997 0.001438 0.002054 0.002909 0.004085 0.005687 0.007850 0.010745 0.014583 0.019624 0.026183 0.034638 0.045435 0.059091 0.076197 0.097419 0.123491 0.155205 0.193399 0.238935 0.292669 0.355422 0.427937 0.510835 0.604567 0.709365 0.825190 0.951689 1.088157 1.233507 1.386257 1.544529 1.706072 1.868299 2.028345 2.183146 2.329530 2.464322 2.584458 2.687100 2.769746 2.830332 2.867319 2.879756 2.867319 2.830332 2.769746 2.687100 2.584458 2.464322 2.329530 2.183146 2.028345 1.868299 1.706072 1.544529 1.386257 1.233507 1.088157 0.951689 0.825190 0.709365 0.604567 0.510835 0.427937 0.355422 0.292669 0.238935 0.193399 0.155205 0.123491 0.097419 0.076197 0.059091 0.045435 0.034638 0.026183 0.019624 0.014583 0.010745 0.007850 0.005687 0.004084 0.002908 0.002053 0.001435 0.000993 0.000678 0.000453 0.000292 0.000174 0.000081 0.000000 
0.000000 0.000070 0.000151 0.000255 0.000398 0.000599 0.000884 0.001288 0.001857 0.002653 0.003756 0.005273 0.007341 0.010132 0.013866 0.018816 0.025317 0.033774 0.044676 0.058595 0.076197 0.098245 0.125594 0.159190 0.200052 0.249259 0.307919 0.377134 0.457960 0.551351 0.658106 0.778804 0.913741 1.062868 1.225727 1.401410 1.588516 1.785137 1.988858 2.196779 2.405572 2.611551 2.810773 2.999156 3.172617 3.327214 3.459296 3.565646 3.643608 3.691203 3.707205 3.691203 3.643608 3.565646 3.459296 3.327214 3.172617 2.999156 2.810773 2.611551 2.405572 2.196779 1.988858 1.785137 1.588516 1.401410 1.225727 1.062868 0.913741 0.778804 0.658106 0.551351 0.457960 0.377134 0.307919 0.249259 0.200052 0.159190 0.125594 0.098245 0.076197 0.058595 0.044676 0.033774 0.025316 0.018816 0.013866 0.010132 0.007340 0.005273 0.003755 0.002651 0.001854 0.001283 0.000876 0.000586 0.000378 0.000225 0.000104 0.000000 
0.000000 0.000089 0.000193 0.000327 0.000510 0.000767 0.001132 0.001649 0.002378 0.003396 0.004808 0.006750 0.009394 0.012965 0.017741 0.024070 0.032382 0.043196 0.057132 0.074923 0.097419 0.125594 0.160541 0.203464 0.255667 0.318525 0.393450 0.481850 0.585071 0.704329 0.840642 0.994748 1.167023 1.357400 1.565297 1.789550 2.028372 2.279326 2.539329 2.804682 3.071137 3.333991 3.588214 3.828599 4.049937 4.247200 4.415732 4.551428 4.650903 4.711629 4.732047 4.711629 4.650903 4.551428 4.415732 4.247200 4.049937 3.828599 3.588214 3.333991 3.071137 2.804682 2.539329 2.279326 2.028372 1.789550 1.565297 1.357400 1.167023 0.994748 0.840642 0.704329 0.585071 0.481850 0.393450 0.318525 0.255667 0.203464 0.160541 0.125594 0.097419 0.074923 0.057132 0.043196 0.032382 0.024070 0.017740 0.012964 0.009394 0.006749 0.004807 0.003393 0.002373 0.001643 0.001122 0.000751 0.000484 0.000288 0.000134 0.000000 
0.000000 0.000114 0.000245 0.000415 0.000647 0.000974 0.001438 0.002094 0.003018 0.004311 0.006103 0.008565 0.011920 0.016448 0.022504 0.030529 0.041067 0.054774 0.072437 0.094984 0.123491 0.159190 0.203464 0.257839 0.323963 0.403576 0.498466 0.610412 0.741114 0.892112 1.064693 1.259787 1.477867 1.718848 1.981988 2.265817 2.568069 2.885660 3.214688 3.550471 3.887637 4.220234 4.541900 4.846049 5.126091 5.375669 5.588891 5.760568 5.886418 5.963245 5.989077 5.963245 5.886418 5.760568 5.588891 5.375669 5.126091 4.846049 4.541900 4.220234 3.887637 3.550471 3.214688 2.885660 2.568069 2.265817 1.981988 1.718848 1.477867 1.259787 1.064693 0.892112 0.741114 0.610412 0.498466 0.403576 0.323963 0.257839 0.203464 0.159190 0.123491 0.094984 0.072437 0.054774 0.041067 0.030529 0.022503 0.016447 0.011919 0.008564 0.006101 0.004307 0.003013 0.002085 0.001424 0.000953 0.000615 0.000365 0.000170 0.000000 
0.000000 0.000143 0.000309 0.000523 0.000815 0.001227 0.001810 0.002636 0.003799 0.005425 0.007679 0.010776 0.014994 0.020688 0.028302 0.038390 0.051635 0.068862 0.091059 0.119389 0.155205 0.200052 0.255667 0.323963 0.407009 0.506987 0.626140 0.766698 0.930795 1.120359 1.337002 1.581890 1.855615 2.158064 2.488308 2.844495 3.223784 3.622303 4.035154 4.456466 4.879496 5.296780 5.700338 6.081908 6.433228 6.746322 7.013805 7.229167 7.387038 7.483413 7.515817 7.483413 7.387038 7.229167 7.013805 6.746322 6.433228 6.081908 5.700338 5.296780 4.879496 4.456466 4.035154 3.622303 3.223784 2.844495 2.488308 2.158064 1.855615 1.581890 1.337002 1.120359 0.930795 0.766698 0.626140 0.506987 0.407009 0.323963 0.255667 0.200052 0.155205 0.119389 0.091059 0.068862 0.051635 0.038390 0.028301 0.020687 0.014993 0.010774 0.007676 0.005421 0.003792 0.002625 0.001793 0.001200 0.000774 0.000460 0.000214 0.000000 
0.000000 0.000179 0.000386 0.000653 0.001018 0.001531 0.002259 0.003289 0.004740 0.006768 0.009579 0.013441 0.018701 0.025798 0.035289 0.047863 0.064369 0.085835 0.113490 0.148784 0.193399 0.249259 0.318525 0.403576 0.506987 0.631472 0.779819 0.954804 1.159077 1.395036 1.664684 1.969467 2.310118 2.686496 3.097439 3.540643 4.012570 4.508400 5.022041 5.546188 6.072453 6.591555 7.093565 7.568212 8.005219 8.394670 8.727381 8.995257 9.191622 9.311496 9.351800 9.311496 9.191622 8.995257 8.727381 8.394670 8.005219 7.568212 7.093565 6.591555 6.072453 5.546188 5.022041 4.508400 4.012570 3.540643 3.097439 2.686496 2.310118 1.969467 1.664684 1.395036 1.159077 0.954804 0.779819 0.631472 0.506987 0.403576 0.318524 0.249259 0.193399 0.148784 0.113490 0.085834 0.064369 0.047863 0.035288 0.025797 0.018700 0.013439 0.009576 0.006763 0.004732 0.003276 0.002238 0.001498 0.000967 0.000575 0.000267 0.000000 
0.000000 0.000221 0.000478 0.000808 0.001260 0.001895 0.002795 0.004070 0.005864 0.008372 0.011847 0.016622 0.023123 0.031895 0.043624 0.059162 0.079556 0.106075 0.140238 0.183832 0.238935 0.307919 0.393450 0.498466 0.626140 0.779819 0.962944 1.178934 1.431058 1.722272 2.055040 2.431146 2.851488 3.315889 3.822913 4.369713 4.951922 5.563594 6.197213 6.843767 7.492912 8.133201 8.752391 9.337816 9.876805 10.357132 10.767471 11.097844 11.340020 11.487859 11.537566 11.487859 11.340020 11.097844 10.767471 10.357132 9.876805 9.337816 8.752391 8.133201 7.492912 6.843767 6.197213 5.563594 4.951922 4.369713 3.822913 3.315889 2.851488 2.431146 2.055040 1.722272 1.431058 1.178934 0.962944 0.779819 0.626140 0.498466 0.393450 0.307919 0.238935 0.183832 0.140238 0.106075 0.079555 0.059161 0.043623 0.031894 0.023122 0.016619 0.011843 0.008365 0.005854 0.004053 0.002769 0.001854 0.001197 0.000711 0.000331 0.000000 
0.000000 0.000272 0.000586 0.000991 0.001546 0.002325 0.003429 0.004992 0.007192 0.010267 0.014527 0.020379 0.028346 0.039095 0.053466 0.072502 0.097484 0.129967 0.171807 0.225194 0.292669 0.377134 0.481850 0.610412 0.766698 0.954804 1.178934 1.443271 1.751809 2.108158 2.515332 2.975506 3.489776 4.057919 4.678174 5.347057 6.059223 6.807398 7.582387 8.373169 9.167094 9.950164 10.707411 11.423347 12.082481 12.669865 13.171656 13.575653 13.871797 14.052579 14.113362 14.052579 13.871797 13.575653 13.171656 12.669865 12.082481 11.423347 10.707411 9.950164 9.167094 8.373169 7.582387 6.807398 6.059223 5.347057 4.678174 4.057919 3.489776 2.975506 2.515332 2.108158 1.751809 1.443271 1.178934 0.954804 0.766698 0.610412 0.481850 0.377134 0.292669 0.225194 0.171807 0.129967 0.097484 0.072501 0.053465 0.039094 0.028344 0.020376 0.014522 0.010259 0.007179 0.004972 0.003397 0.002275 0.001468 0.000873 0.000406 0.000000 
0.000000 0.000331 0.000713 0.001206 0.001880 0.002828 0.004171 0.006071 0.008745 0.012482 0.017659 0.024770 0.034451 0.047510 0.064966 0.088088 0.118429 0.157876 0.208682 0.273503 0.355422 0.457960 0.585071 0.741114 0.930795 1.159077 1.431058 1.751809 2.126168 2.558512 3.052490 3.610735 4.234571 4.923723 5.676050 6.487322 7.351054 8.258422 9.198274 10.157247 11.120001 12.069564 12.987790 13.855903 14.655125 15.367336 15.975755 16.465595 16.824660 17.043851 17.117549 17.043851 16.824660 16.465595 15.975755 15.367336 14.655125 13.855903 12.987790 12.069564 11.120001 10.157247 9.198274 8.258422 7.351054 6.487322 5.676050 4.923723 4.234571 3.610735 3.052490 2.558512 2.126168 1.751809 1.431058 1.159077 0.930795 0.741114 0.585071 0.457960 0.355422 0.273503 0.208682 0.157876 0.118429 0.088087 0.064966 0.047508 0.034448 0.024766 0.017653 0.012472 0.008729 0.006046 0.004132 0.002767 0.001786 0.001062 0.000494 0.000000 
0.000000 0.000399 0.000860 0.001454 0.002267 0.003410 0.005028 0.007319 0.010542 0.015044 0.021282 0.029849 0.041510 0.057239 0.078263 0.106106 0.142641 0.190135 0.251301 0.329332 0.427937 0.551351 0.704329 0.892112 1.120359 1.395036 1.722272 2.108158 2.558512 3.078592 3.672778 4.344231 5.094538 5.923362 6.828123 7.803730 8.842381 9.933463 11.063566 12.216624 13.374193 14.515871 15.619843 16.663544 17.624400 18.480635 19.212078 19.800959 20.232621 20.496127 20.584723 20.496127 20.232621 19.800959 19.212078 18.480635 17.624400 16.663544 15.619843 14.515871 13.374193 12.216624 11.063566 9.933463 8.842381 7.803730 6.828123 5.923362 5.094538 4.344231 3.672778 3.078592 2.558512 2.108158 1.722272 1.395036 1.120359 0.892112 0.704329 0.551351 0.427937 0.329332 0.251301 0.190135 0.142641 0.106106 0.078262 0.057238 0.041507 0.029844 0.021275 0.015032 0.010523 0.007289 0.004981 0.003337 0.002154 0.001280 0.000595 0.000000 
0.000000 0.000477 0.001028 0.001739 0.002711 0.004076 0.006011 0.008747 0.012598 0.017976 0.025428 0.035660 0.049586 0.068369 0.093472 0.126714 0.170329 0.227023 0.300030 0.393160 0.510835 0.658106 0.840642 1.064693 1.337002 1.664684 2.055040 2.515332 3.052490 3.672778 4.381412 5.182155 6.076890 7.065210 8.144033 9.307282 10.545654 11.846491 13.193805 14.568443 15.948419 17.309415 18.625432 19.869575 21.014943 22.035582 22.907458 23.609393 24.123921 24.438012 24.543615 24.438012 24.123921 23.609393 22.907458 22.035582 21.014943 19.869575 18.625432 17.309415 15.948419 14.568443 13.193805 11.846491 10.545654 9.307282 8.144033 7.065210 6.076890 5.182155 4.381412 3.672778 3.052490 2.515332 2.055040 1.664684 1.337002 1.064693 0.840642 0.658106 0.510835 0.393160 0.300030 0.227023 0.170329 0.126713 0.093471 0.068367 0.049583 0.035654 0.025419 0.017962 0.012575 0.008711 0.005954 0.003989 0.002575 0.001531 0.000712 0.000000 
0.000000 0.000565 0.001219 0.002061 0.003213 0.004831 0.007122 0.010364 0.014925 0.021295 0.030119 0.042235 0.058724 0.080960 0.110677 0.150025 0.201646 0.268742 0.355136 0.465335 0.604567 0.778804 0.994748 1.259787 1.581890 1.969467 2.431146 2.975506 3.610735 4.344231 5.182155 6.128945 7.186822 8.355294 9.630714 11.005891 12.469821 14.007542 15.600153 17.225012 18.856138 20.464790 22.020244 23.490717 24.844422 26.050694 27.081132 27.910716 28.518808 28.890012 29.014818 28.890012 28.518808 27.910716 27.081132 26.050694 24.844422 23.490717 22.020244 20.464790 18.856138 17.225012 15.600153 14.007542 12.469821 11.005891 9.630714 8.355294 7.186822 6.128945 5.182155 4.344231 3.610735 2.975506 2.431146 1.969467 1.581890 1.259787 0.994748 0.778804 0.604567 0.465335 0.355136 0.268742 0.201646 0.150024 0.110675 0.080958 0.058720 0.042229 0.030109 0.021279 0.014898 0.010321 0.007055 0.004727 0.003052 0.001814 0.000844 0.000000 
0.000000 0.000664 0.001433 0.002422 0.003775 0.005676 0.008367 0.012174 0.017530 0.025009 0.035369 0.049592 0.068947 0.095046 0.129922 0.176097 0.236671 0.315396 0.416757 0.546037 0.709365 0.913741 1.167023 1.477867 1.855615 2.310118 2.851488 3.489776 4.234571 5.094538 6.076890 7.186822 8.426925 9.796619 11.291616 12.903485 14.619323 16.421590 18.288132 20.192417 22.103996 23.989194 25.812008 27.535203 29.121537 30.535080 31.742563 32.714672 33.427231 33.862204 34.008451 33.862204 33.427231 32.714672 31.742563 30.535080 29.121537 27.535203 25.812008 23.989194 22.103996 20.192417 18.288132 16.421590 14.619323 12.903485 11.291616 9.796619 8.426925 7.186822 6.076890 5.094538 4.234571 3.489776 2.851488 2.310118 1.855615 1.477867 1.167023 0.913741 0.709365 0.546037 0.416757 0.315396 0.236670 0.176096 0.129920 0.095043 0.068942 0.049585 0.035357 0.024990 0.017498 0.012124 0.008288 0.005553 0.003586 0.002132 0.000992 0.000000 
0.000000 0.000774 0.001669 0.002821 0.004397 0.006610 0.009744 0.014176 0.020411 0.029118 0.041176 0.057729 0.080252 0.110623 0.151201 0.204924 0.275392 0.366970 0.484872 0.635236 0.825190 1.062868 1.357400 1.718848 2.158064 2.686496 3.315889 4.057919 4.923723 5.923362 7.065210 8.355294 9.796619 11.388496 13.125939 14.999140 16.993099 19.087432 21.256393 23.469154 25.690335 27.880814 29.998765 32.000932 33.844051 35.486388 36.889297 38.018727 38.846599 39.351960 39.521872 39.351960 38.846599 38.018727 36.889297 35.486388 33.844051 32.000932 29.998765 27.880814 25.690335 23.469154 21.256393 19.087432 16.993099 14.999140 13.125939 11.388496 9.796619 8.355294 7.065210 5.923362 4.923723 4.057919 3.315889 2.686496 2.158064 1.718847 1.357400 1.062868 0.825190 0.635236 0.484871 0.366970 0.275392 0.204923 0.151199 0.110619 0.080247 0.057720 0.041161 0.029095 0.020375 0.014118 0.009653 0.006468 0.004177 0.002483 0.001155 0.000000 
0.000000 0.000894 0.001927 0.003258 0.005078 0.007633 0.011250 0.016366 0.023562 0.033609 0.047522 0.066622 0.092607 0.127643 0.174452 0.236418 0.317694 0.423309 0.559273 0.732663 0.951689 1.225727 1.565297 1.981988 2.488308 3.097439 3.822913 4.678174 5.676050 6.828123 8.144033 9.630714 11.291616 13.125939 15.127925 17.286267 19.583678 21.996667 24.495571 27.044874 29.603819 32.127339 34.567259 36.873754 38.996996 40.888916 42.505005 43.806049 44.759706 45.341849 45.537576 45.341849 44.759706 43.806049 42.505005 40.888916 38.996996 36.873754 34.567259 32.127339 29.603819 27.044874 24.495571 21.996667 19.583678 17.286267 15.127925 13.125939 11.291616 9.630714 8.144033 6.828123 5.676050 4.678174 3.822913 3.097439 2.488308 1.981988 1.565297 1.225727 0.951689 0.732663 0.559273 0.423309 0.317693 0.236417 0.174450 0.127639 0.092601 0.066612 0.047506 0.033582 0.023519 0.016298 0.011144 0.007468 0.004823 0.002867 0.001334 0.000000 
0.000000 0.001023 0.002207 0.003730 0.005813 0.008737 0.012876 0.018730 0.026963 0.038458 0.054374 0.076221 0.105943 0.146013 0.199545 0.270405 0.363341 0.484100 0.639548 0.837774 1.088157 1.401410 1.789550 2.265817 2.844495 3.540643 4.369713 5.347057 6.487322 7.803730 9.307282 11.005891 12.903485 14.999140 17.286267 19.751943 22.376413 25.132839 27.987335 30.899332 33.822280 36.704708 39.491596 42.126044 44.551148 46.712018 48.557829 50.043799 51.133000 51.797880 52.021425 51.797880 51.133000 50.043799 48.557829 46.712018 44.551148 42.126044 39.491596 36.704708 33.822280 30.899332 27.987335 25.132839 22.376413 19.751943 17.286267 14.999140 12.903485 11.005891 9.307282 7.803730 6.487322 5.347057 4.369713 3.540643 2.844495 2.265817 1.789550 1.401410 1.088157 0.837774 0.639548 0.484099 0.363340 0.270404 0.199542 0.146009 0.105936 0.076210 0.054355 0.038427 0.026914 0.018653 0.012755 0.008548 0.005520 0.003283 0.001527 0.000000 
0.000000 0.001161 0.002504 0.004233 0.006596 0.009914 0.014610 0.021250 0.030588 0.043626 0.061676 0.086451 0.120154 0.165588 0.226281 0.306616 0.411971 0.548858 0.725058 0.949732 1.233507 1.588516 2.028372 2.568069 3.223784 4.012570 4.951922 6.059223 7.351054 8.842381 10.545654 12.469821 14.619323 16.993099 19.583678 22.376413 25.348923 28.470808 31.703687 35.001617 38.311883 41.576198 44.732264 47.715652 50.461933 52.908958 54.999181 56.681904 57.915316 58.668224 58.921365 58.668224 57.915316 56.681904 54.999181 52.908958 50.461933 47.715652 44.732264 41.576198 38.311883 35.001617 31.703687 28.470808 25.348923 22.376413 19.583678 16.993099 14.619323 12.469821 10.545654 8.842381 7.351054 6.059223 4.951922 4.012570 3.223784 2.568069 2.028372 1.588516 1.233507 0.949732 0.725058 0.548857 0.411970 0.306614 0.226278 0.165583 0.120146 0.086438 0.061655 0.043591 0.030533 0.021162 0.014472 0.009699 0.006264 0.003725 0.001733 0.000000 
0.000000 0.001307 0.002818 0.004762 0.007420 0.011152 0.016433 0.023901 0.034402 0.049061 0.069355 0.097208 0.135096 0.186168 0.254388 0.344681 0.463087 0.616924 0.814930 1.067396 1.386257 1.785137 2.279326 2.885660 3.622303 4.508400 5.563594 6.807398 8.258422 9.933463 11.846491 14.007542 16.421590 19.087432 21.996667 25.132839 28.470808 31.976431 35.606613 39.309762 43.026694 46.691967 50.235639 53.585381 56.668861 59.416315 61.763140 63.652426 65.037239 65.882563 66.166776 65.882563 65.037239 63.652426 61.763140 59.416315 56.668861 53.585381 50.235639 46.691967 43.026694 39.309762 35.606613 31.976431 28.470808 25.132839 21.996667 19.087432 16.421590 14.007542 11.846491 9.933463 8.258422 6.807398 5.563594 4.508400 3.622303 2.885660 2.279326 1.785137 1.386257 1.067396 0.814930 0.616924 0.463086 0.344679 0.254385 0.186162 0.135087 0.097194 0.069331 0.049022 0.034339 0.023802 0.016278 0.010910 0.007047 0.004191 0.001950 0.000000 
0.000000 0.001457 0.003143 0.005311 0.008275 0.012436 0.018324 0.026649 0.038355 0.054696 0.077316 0.108360 0.150584 0.207500 0.283521 0.384132 0.516063 0.687463 0.908062 1.189320 1.544529 1.988858 2.539329 3.214688 4.035154 5.022041 6.197213 7.582387 9.198274 11.063566 13.193805 15.600153 18.288132 21.256393 24.495571 27.987335 31.703687 35.606613 39.648130 43.770804 47.908749 51.989119 55.934061 59.663064 63.095623 66.154083 68.766545 70.869665 72.411206 73.352199 73.668576 73.352199 72.411206 70.869665 68.766545 66.154083 63.095623 59.663064 55.934061 51.989119 47.908749 43.770804 39.648130 35.606613 31.703687 27.987335 24.495571 21.256393 18.288132 15.600153 13.193805 11.063566 9.198274 7.582387 6.197213 5.022041 4.035154 3.214688 2.539329 1.988858 1.544528 1.189320 0.908061 0.687462 0.516062 0.384130 0.283517 0.207494 0.150574 0.108343 0.077289 0.054652 0.038286 0.026539 0.018151 0.012166 0.007859 0.004674 0.002174 0.000000 
0.000000 0.001611 0.003475 0.005872 0.009149 0.013748 0.020256 0.029457 0.042393 0.060450 0.085446 0.119747 0.166400 0.229280 0.313264 0.424409 0.570145 0.759469 1.003127 1.313770 1.706072 2.196779 2.804682 3.550471 4.456466 5.546188 6.843767 8.373169 10.157247 12.216624 14.568443 17.225012 20.192417 23.469154 27.044874 30.899332 35.001617 39.309762 43.770804 48.321347 52.888672 57.392383 61.746557 65.862344 69.650899 73.026527 75.909886 78.231073 79.932446 80.971000 81.320178 80.971000 79.932446 78.231073 75.909886 73.026527 69.650899 65.862344 61.746557 57.392383 52.888672 48.321347 43.770804 39.309762 35.001617 30.899332 27.044874 23.469154 20.192417 17.225012 14.568443 12.216624 10.157247 8.373169 6.843767 5.546188 4.456466 3.550471 2.804682 2.196779 1.706071 1.313770 1.003126 0.759468 0.570143 0.424406 0.313260 0.229274 0.166389 0.119729 0.085416 0.060402 0.042317 0.029335 0.020065 0.013450 0.008688 0.005167 0.002404 0.000000 
0.000000 0.001766 0.003808 0.006436 0.010027 0.015066 0.022197 0.032278 0.046451 0.066233 0.093615 0.131188 0.182288 0.251160 0.343142 0.464865 0.624465 0.831790 1.098603 1.438752 1.868299 2.405572 3.071137 3.887637 4.879496 6.072453 7.492912 9.167094 11.120001 13.374193 15.948419 18.856138 22.103996 25.690335 29.603819 33.822280 38.311883 43.026694 47.908749 52.888672 57.886889 62.815422 67.580257 72.084173 76.229960 79.923854 83.079045 85.619051 87.480806 88.617257 88.999350 88.617257 87.480806 85.619051 83.079045 79.923854 76.229960 72.084173 67.580257 62.815422 57.886889 52.888672 47.908749 43.026694 38.311883 33.822280 29.603819 25.690335 22.103996 18.856138 15.948419 13.374193 11.120001 9.167094 7.492912 6.072453 4.879496 3.887637 3.071137 2.405572 1.868298 1.438752 1.098602 0.831789 0.624463 0.464863 0.343138 0.251153 0.182276 0.131168 0.093582 0.066180 0.046367 0.032144 0.021987 0.014739 0.009522 0.005663 0.002635 0.000000 
0.000000 0.001919 0.004138 0.006993 0.010893 0.016367 0.024114 0.035063 0.050456 0.071940 0.101677 0.142479 0.197968 0.272752 0.372626 0.504786 0.678063 0.903147 1.192803 1.562059 2.028345 2.611551 3.333991 4.220234 5.296780 6.591555 8.133201 9.950164 12.069564 14.515871 17.309415 20.464790 23.989194 27.880814 32.127339 36.704708 41.576198 46.691967 51.989119 57.392383 62.815422 68.162792 73.332495 78.219062 82.717035 86.724698 90.147878 92.903609 94.923476 96.156440 96.570981 96.156440 94.923476 92.903609 90.147878 86.724698 82.717035 78.219062 73.332495 68.162792 62.815422 57.392383 51.989119 46.691967 41.576198 36.704708 32.127339 27.880814 23.989194 20.464790 17.309415 14.515871 12.069564 9.950164 8.133201 6.591555 5.296780 4.220234 3.333991 2.611551 2.028345 1.562059 1.192802 0.903146 0.678062 0.504783 0.372621 0.272744 0.197955 0.142457 0.101641 0.071883 0.050365 0.034917 0.023885 0.016012 0.010345 0.006153 0.002863 0.000000 
0.000000 0.002067 0.004457 0.007531 0.011732 0.017627 0.025968 0.037758 0.054332 0.077463 0.109478 0.153404 0.213139 0.293643 0.401149 0.543406 0.729913 0.972173 1.283922 1.681329 2.183146 2.810773 3.588214 4.541900 5.700338 7.093565 8.752391 10.707411 12.987790 15.619843 18.625432 22.020244 25.812008 29.998765 34.567259 39.491596 44.732264 50.235639 55.934061 61.746557 67.580257 73.332495 78.893560 84.150009 88.988414 93.299372 96.981594 99.945846 102.118545 103.444798 103.890704 103.444798 102.118545 99.945846 96.981594 93.299372 88.988414 84.150009 78.893560 73.332495 67.580257 61.746557 55.934061 50.235639 44.732264 39.491596 34.567259 29.998765 25.812008 22.020244 18.625432 15.619843 12.987790 10.707411 8.752391 7.093565 5.700338 4.541900 3.588214 2.810772 2.183146 1.681328 1.283921 0.972172 0.729911 0.543403 0.401144 0.293634 0.213125 0.153380 0.109439 0.077401 0.054234 0.037601 0.025722 0.017244 0.011141 0.006627 0.003083 0.000000 
