0.000000 0.000000 0.000000 0.000000 0.000000 0.000000 0.000000 0.000000 0.000000 0.000000 0.000000 0.000000 0.000000 0.000000 0.000000 0.000000 0.000000 0.000000 0.000000 0.000000 0.000000 0.000000 0.000000 0.000000 0.000000 0.000000 0.000000 0.000000 0.000000 0.000000 0.000000 0.000000 0.000000 0.000000 0.000000 0.000000 0.000000 0.000000 0.000000 0.000000 0.000000 0.000000 0.000000 0.000000 0.000000 0.000000 0.000000 0.000000 0.000000 0.000000 0.000000 0.000000 0.000000 0.000000 0.000000 0.000000 0.000000 0.000000 0.000000 0.000000 0.000000 0.000000 0.000000 0.000000 0.000000 0.000000 0.000000 0.000000 0.000000 0.000000 0.000000 0.000000 0.000000 0.000000 0.000000 0.000000 0.000000 0.000000 0.000000 0.000000 0.000000 0.000000 0.000000 0.000000 0.000000 0.000000 0.000000 0.000000 0.000000 0.000000 0.000000 0.000000 0.000000 0.000000 0.000000 0.000000 0.000000 0.000000 0.000000 0.000000 
0.000000 0.000000 0.000000 0.000000 0.000000 0.000000 0.000000 0.000000 0.000000 0.000000 0.000000 0.000000 0.000000 0.000000 0.000000 0.000000 0.000000 0.000000 0.000000 0.000000 0.000000 0.000000 0.000000 0.000000 0.000000 0.000000 0.000000 0.000000 0.000000 0.000000 0.000000 0.000000 0.000000 0.000000 0.000000 0.000000 0.000001 0.000001 0.000001 0.000001 0.000001 0.000001 0.000002 0.000002 0.000002 0.000002 0.000002 0.000002 0.000003 0.000003 0.000003 0.000003 0.000003 0.000002 0.000002 0.000002 0.000002 0.000002 0.000002 0.000001 0.000001 0.000001 0.000001 0.000001 0.000001 0.000000 0.000000 0.000000 0.000000 0.000000 0.000000 0.000000 0.000000 0.000000 0.000000 0.000000 0.000000 0.000000 0.000000 0.000000 0.000000 0.000000 0.000000 0.000000 0.000000 0.000000 0.000000 0.000000 0.000000 0.000000 0.000000 0.000000 0.000000 0.000000 0.000000 0.000000 0.000000 0.000000 0.000000 0.000000 
0.000000 0.000000 0.000000 0.000000 0.000000 0.000000 0.000000 0.000000 0.000000 0.000000 0.000000 0.000000 0.000000 0.000000 0.000000 0.000000 0.000000 0.000000 0.000000 0.000000 0.000000 0.000000 0.000000 0.000000 0.000000 0.000000 0.000000 0.000000 0.000000 0.000000 0.000000 0.000000 0.000000 0.000001 0.000001 0.000001 0.000001 0.000002 0.000002 0.000003 0.000003 0.000004 0.000004 0.000005 0.000005 0.000006 0.000006 0.000006 0.000007 0.000007 0.000007 0.000007 0.000007 0.000006 0.000006 0.000006 0.000005 0.000005 0.000004 0.000004 0.000003 0.000003 0.000002 0.000002 0.000001 0.000001 0.000001 0.000001 0.000000 0.000000 0.000000 0.000000 0.000000 0.000000 0.000000 0.000000 0.000000 0.000000 0.000000 0.000000 0.000000 0.000000 0.000000 0.000000 0.000000 0.000000 0.000000 0.000000 0.000000 0.000000 0.000000 0.000000 0.000000 0.000000 0.000000 0.000000 0.000000 0.000000 0.000000 0.000000 
0.000000 0.000000 0.000000 0.000000 0.000000 0.000000 0.000000 0.000000 0.000000 0.000000 0.000000 0.000000 0.000000 0.000000 0.000000 0.000000 0.000000 0.000000 0.000000 0.000000 0.000000 0.000000 0.000000 0.000000 0.000000 0.000000 0.000000 0.000000 0.000000 0.000000 0.000001 0.000001 0.000001 0.000001 0.000002 0.000002 0.000003 0.000004 0.000004 0.000005 0.000006 0.000007 0.000009 0.000010 0.000011 0.000012 0.000013 0.000013 0.000014 0.000014 0.000014 0.000014 0.000014 0.000013 0.000013 0.000012 0.000011 0.000010 0.000009 0.000007 0.000006 0.000005 0.000004 0.000004 0.000003 0.000002 0.000002 0.000001 0.000001 0.000001 0.000001 0.000000 0.000000 0.000000 0.000000 0.000000 0.000000 0.000000 0.000000 0.000000 0.000000 0.000000 0.000000 0.000000 0.000000 0.000000 0.000000 0.000000 0.000000 0.000000 0.000000 0.000000 0.000000 0.000000 0.000000 0.000000 0.000000 0.000000 0.000000 0.000000 
0.000000 0.000000 0.000000 0.000000 0.000000 0.000000 0.000000 0.000000 0.000000 0.000000 0.000000 0.000000 0.000000 0.000000 0.000000 0.000000 0.000000 0.000000 0.000000 0.000000 0.000000 0.000000 0.000000 0.000000 0.000000 0.000000 0.000000 0.000000 0.000001 0.000001 0.000001 0.000002 0.000002 0.000003 0.000004 0.000005 0.000006 0.000007 0.000009 0.000011 0.000013 0.000015 0.000017 0.000019 0.000021 0.000023 0.000025 0.000027 0.000028 0.000028 0.000029 0.000028 0.000028 0.000027 0.000025 0.000023 0.000021 0.000019 0.000017 0.000015 0.000013 0.000011 0.000009 0.000007 0.000006 0.000005 0.000004 0.000003 0.000002 0.000002 0.000001 0.000001 0.000001 0.000000 0.000000 0.000000 0.000000 0.000000 0.000000 0.000000 0.000000 0.000000 0.000000 0.000000 0.000000 0.000000 0.000000 0.000000 0.000000 0.000000 0.000000 0.000000 0.000000 0.000000 0.000000 0.000000 0.000000 0.000000 0.000000 0.000000 
0.000000 0.000000 0.000000 0.000000 0.000000 0.000000 0.000000 0.000000 0.000000 0.000000 0.000000 0.000000 0.000000 0.000000 0.000000 0.000000 0.000000 0.000000 0.000000 0.000000 0.000000 0.000000 0.000000 0.000000 0.000000 0.000000 0.000001 0.000001 0.000001 0.000002 0.000002 0.000003 0.000004 0.000006 0.000007 0.000009 0.000012 0.000015 0.000018 0.000021 0.000025 0.000030 0.000034 0.000038 0.000042 0.000046 0.000050 0.000053 0.000055 0.000056 0.000057 0.000056 0.000055 0.000053 0.000050 0.000046 0.000042 0.000038 0.000034 0.000030 0.000025 0.000021 0.000018 0.000015 0.000012 0.000009 0.000007 0.000006 0.000004 0.000003 0.000002 0.000002 0.000001 0.000001 0.000001 0.000000 0.000000 0.000000 0.000000 0.000000 0.000000 0.000000 0.000000 0.000000 0.000000 0.000000 0.000000 0.000000 0.000000 0.000000 0.000000 0.000000 0.000000 0.000000 0.000000 0.000000 0.000000 0.000000 0.000000 0.000000 
0.000000 0.000000 0.000000 0.000000 0.000000 0.000000 0.000000 0.000000 0.000000 0.000000 0.000000 0.000000 0.000000 0.000000 0.000000 0.000000 0.000000 0.000000 0.000000 0.000000 0.000000 0.000000 0.000000 0.000000 0.000001 0.000001 0.000001 0.000002 0.000002 0.000003 0.000005 0.000006 0.000008 0.000011 0.000014 0.000018 0.000023 0.000028 0.000035 0.000042 0.000049 0.000057 0.000066 0.000074 0.000082 0.000090 0.000097 0.000102 0.000106 0.000109 0.000110 0.000109 0.000106 0.000102 0.000097 0.000090 0.000082 0.000074 0.000066 0.000057 0.000049 0.000042 0.000035 0.000028 0.000023 0.000018 0.000014 0.000011 0.000008 0.000006 0.000005 0.000003 0.000002 0.000002 0.000001 0.000001 0.000001 0.000000 0.000000 0.000000 0.000000 0.000000 0.000000 0.000000 0.000000 0.000000 0.000000 0.000000 0.000000 0.000000 0.000000 0.000000 0.000000 0.000000 0.000000 0.000000 0.000000 0.000000 0.000000 0.000000 
0.000000 0.000000 0.000000 0.000000 0.000000 0.000000 0.000000 0.000000 0.000000 0.000000 0.000000 0.000000 0.000000 0.000000 0.000000 0.000000 0.000000 0.000000 0.000000 0.000000 0.000000 0.000000 0.000000 0.000001 0.000001 0.000001 0.000002 0.000003 0.000004 0.000006 0.000009 0.000012 0.000016 0.000021 0.000027 0.000035 0.000044 0.000055 0.000067 0.000080 0.000094 0.000110 0.000126 0.000142 0.000157 0.000172 0.000185 0.000195 0.000203 0.000208 0.000210 0.000208 0.000203 0.000195 0.000185 0.000172 0.000157 0.000142 0.000126 0.000110 0.000094 0.000080 0.000067 0.000055 0.000044 0.000035 0.000027 0.000021 0.000016 0.000012 0.000009 0.000006 0.000004 0.000003 0.000002 0.000001 0.000001 0.000001 0.000000 0.000000 0.000000 0.000000 0.000000 0.000000 0.000000 0.000000 0.000000 0.000000 0.000000 0.000000 0.000000 0.000000 0.000000 0.000000 0.000000 0.000000 0.000000 0.000000 0.000000 0.000000 
0.000000 0.000000 0.000000 0.000000 0.000000 0.000000 0.000000 0.000000 0.000000 0.000000 0.000000 0.000000 0.000000 0.000000 0.000000 0.000000 0.000000 0.000000 0.000000 0.000000 0.000000 0.000001 0.000001 0.000001 0.000002 0.000003 0.000004 0.000006 0.000008 0.000012 0.000016 0.000022 0.000030 0.000040 0.000052 0.000066 0.000083 0.000103 0.000126 0.000151 0.000178 0.000208 0.000238 0.000268 0.000297 0.000324 0.000348 0.000368 0.000383 0.000392 0.000396 0.000392 0.000383 0.000368 0.000348 0.000324 0.000297 0.000268 0.000238 0.000208 0.000178 0.000151 0.000126 0.000103 0.000083 0.000066 0.000052 0.000040 0.000030 0.000022 0.000016 0.000012 0.000008 0.000006 0.000004 0.000003 0.000002 0.000001 0.000001 0.000001 0.000000 0.000000 0.000000 0.000000 0.000000 0.000000 0.000000 0.000000 0.000000 0.000000 0.000000 0.000000 0.000000 0.000000 0.000000 0.000000 0.000000 0.000000 0.000000 0.000000 
0.000000 0.000000 0.000000 0.000000 0.000000 0.000000 0.000000 0.000000 0.000000 0.000000 0.000000 0.000000 0.000000 0.000000 0.000000 0.000000 0.000000 0.000000 0.000000 0.000000 0.000001 0.000001 0.000001 0.000002 0.000003 0.000005 0.000008 0.000011 0.000016 0.000022 0.000031 0.000042 0.000056 0.000074 0.000096 0.000123 0.000155 0.000192 0.000234 0.000281 0.000332 0.000386 0.000442 0.000498 0.000552 0.000603 0.000647 0.000684 0.000712 0.000729 0.000735 0.000729 0.000712 0.000684 0.000647 0.000603 0.000552 0.000498 0.000442 0.000386 0.000332 0.000281 0.000234 0.000192 0.000155 0.000123 0.000096 0.000074 0.000056 0.000042 0.000031 0.000022 0.000016 0.000011 0.000008 0.000005 0.000003 0.000002 0.000001 0.000001 0.000001 0.000000 0.000000 0.000000 0.000000 0.000000 0.000000 0.000000 0.000000 0.000000 0.000000 0.000000 0.000000 0.000000 0.000000 0.000000 0.000000 0.000000 0.000000 0.000000 
0.000000 0.000000 0.000000 0.000000 0.000000 0.000000 0.000000 0.000000 0.000000 0.000000 0.000000 0.000000 0.000000 0.000000 0.000000 0.000000 0.000000 0.000000 0.000000 0.000001 0.000001 0.000002 0.000003 0.000004 0.000006 0.000010 0.000014 0.000021 0.000029 0.000041 0.000057 0.000077 0.000104 0.000136 0.000177 0.000226 0.000285 0.000353 0.000430 0.000516 0.000609 0.000708 0.000811 0.000913 0.001012 0.001105 0.001186 0.001254 0.001305 0.001337 0.001347 0.001337 0.001305 0.001254 0.001186 0.001105 0.001012 0.000913 0.000811 0.000708 0.000609 0.000516 0.000430 0.000353 0.000285 0.000226 0.000177 0.000136 0.000104 0.000077 0.000057 0.000041 0.000029 0.000021 0.000014 0.000010 0.000006 0.000004 0.000003 0.000002 0.000001 0.000001 0.000000 0.000000 0.000000 0.000000 0.000000 0.000000 0.000000 0.000000 0.000000 0.000000 0.000000 0.000000 0.000000 0.000000 0.000000 0.000000 0.000000 0.000000 
0.000000 0.000000 0.000000 0.000000 0.000000 0.000000 0.000000 0.000000 0.000000 0.000000 0.000000 0.000000 0.000000 0.000000 0.000000 0.000000 0.000000 0.000000 0.000001 0.000001 0.000002 0.000003 0.000005 0.000008 0.000012 0.000018 0.000026 0.000037 0.000053 0.000075 0.000103 0.000140 0.000188 0.000247 0.000321 0.000410 0.000516 0.000639 0.000778 0.000933 0.001102 0.001281 0.001465 0.001650 0.001829 0.001996 0.002143 0.002266 0.002357 0.002414 0.002433 0.002414 0.002357 0.002266 0.002143 0.001996 0.001829 0.001650 0.001465 0.001281 0.001102 0.000933 0.000778 0.000639 0.000516 0.000410 0.000321 0.000247 0.000188 0.000140 0.000103 0.000075 0.000053 0.000037 0.000026 0.000018 0.000012 0.000008 0.000005 0.000003 0.000002 0.000001 0.000001 0.000000 0.000000 0.000000 0.000000 0.000000 0.000000 0.000000 0.000000 0.000000 0.000000 0.000000 0.000000 0.000000 0.000000 0.000000 0.000000 0.000000 
0.000000 0.000000 0.000000 0.000000 0.000000 0.000000 0.000000 0.000000 0.000000 0.000000 0.000000 0.000000 0.000000 0.000000 0.000000 0.000000 0.000001 0.000001 0.000001 0.000002 0.000004 0.000006 0.000009 0.000014 0.000021 0.000032 0.000046 0.000067 0.000095 0.000134 0.000185 0.000251 0.000336 0.000442 0.000574 0.000733 0.000921 0.001139 0.001388 0.001665 0.001965 0.002283 0.002612 0.002940 0.003259 0.003555 0.003817 0.004035 0.004198 0.004298 0.004333 0.004298 0.004198 0.004035 0.003817 0.003555 0.003259 0.002940 0.002612 0.002283 0.001965 0.001665 0.001388 0.001139 0.000921 0.000733 0.000574 0.000442 0.000336 0.000251 0.000185 0.000134 0.000095 0.000067 0.000046 0.000032 0.000021 0.000014 0.000009 0.000006 0.000004 0.000002 0.000001 0.000001 0.000001 0.000000 0.000000 0.000000 0.000000 0.000000 0.000000 0.000000 0.000000 0.000000 0.000000 0.000000 0.000000 0.000000 0.000000 0.000000 
0.000000 0.000000 0.000000 0.000000 0.000000 0.000000 0.000000 0.000000 0.000000 0.000000 0.000000 0.000000 0.000000 0.000000 0.000000 0.000001 0.000001 0.000001 0.000002 0.000004 0.000007 0.000010 0.000016 0.000025 0.000037 0.000056 0.000082 0.000118 0.000169 0.000236 0.000326 0.000443 0.000592 0.000779 0.001010 0.001289 0.001620 0.002004 0.002441 0.002926 0.003453 0.004011 0.004587 0.005164 0.005722 0.006241 0.006701 0.007082 0.007367 0.007544 0.007604 0.007544 0.007367 0.007082 0.006701 0.006241 0.005722 0.005164 0.004587 0.004011 0.003453 0.002926 0.002441 0.002004 0.001620 0.001289 0.001010 0.000779 0.000592 0.000443 0.000326 0.000236 0.000169 0.000118 0.000082 0.000056 0.000037 0.000025 0.000016 0.000010 0.000007 0.000004 0.000002 0.000001 0.000001 0.000001 0.000000 0.000000 0.000000 0.000000 0.000000 0.000000 0.000000 0.000000 0.000000 0.000000 0.000000 0.000000 0.000000 0.000000 
0.000000 0.000000 0.000000 0.000000 0.000000 0.000000 0.000000 0.000000 0.000000 0.000000 0.000000 0.000000 0.000000 0.000000 0.000001 0.000001 0.000002 0.000003 0.000004 0.000007 0.000011 0.000018 0.000028 0.000043 0.000065 0.000097 0.000143 0.000206 0.000293 0.000411 0.000566 0.000769 0.001028 0.001353 0.001753 0.002237 0.002810 0.003475 0.004230 0.005069 0.005981 0.006946 0.007942 0.008938 0.009903 0.010800 0.011594 0.012252 0.012745 0.013050 0.013154 0.013050 0.012745 0.012252 0.011594 0.010800 0.009903 0.008938 0.007942 0.006946 0.005981 0.005069 0.004230 0.003475 0.002810 0.002237 0.001753 0.001353 0.001028 0.000769 0.000566 0.000411 0.000293 0.000206 0.000143 0.000097 0.000065 0.000043 0.000028 0.000018 0.000011 0.000007 0.000004 0.000003 0.000002 0.000001 0.000001 0.000000 0.000000 0.000000 0.000000 0.000000 0.000000 0.000000 0.000000 0.000000 0.000000 0.000000 0.000000 0.000000 
0.000000 0.000000 0.000000 0.000000 0.000000 0.000000 0.000000 0.000000 0.000000 0.000000 0.000000 0.000000 0.000000 0.000001 0.000001 0.000002 0.000003 0.000005 0.000008 0.000012 0.000020 0.000031 0.000049 0.000074 0.000112 0.000167 0.000245 0.000354 0.000503 0.000704 0.000971 0.001317 0.001760 0.002315 0.002999 0.003825 0.004802 0.005937 0.007225 0.008656 0.010210 0.011855 0.013551 0.015249 0.016892 0.018419 0.019772 0.020892 0.021731 0.022251 0.022427 0.022251 0.021731 0.020892 0.019772 0.018419 0.016892 0.015249 0.013551 0.011855 0.010210 0.008656 0.007225 0.005937 0.004802 0.003825 0.002999 0.002315 0.001760 0.001317 0.000971 0.000704 0.000503 0.000354 0.000245 0.000167 0.000112 0.000074 0.000049 0.000031 0.000020 0.000012 0.000008 0.000005 0.000003 0.000002 0.000001 0.000001 0.000000 0.000000 0.000000 0.000000 0.000000 0.000000 0.000000 0.000000 0.000000 0.000000 0.000000 0.000000 
0.000000 0.000000 0.000000 0.000000 0.000000 0.000000 0.000000 0.000000 0.000000 0.000000 0.000000 0.000000 0.000001 0.000001 0.000002 0.000003 0.000005 0.000008 0.000013 0.000021 0.000033 0.000053 0.000082 0.000126 0.000191 0.000283 0.000415 0.000599 0.000851 0.001190 0.001639 0.002223 0.002969 0.003904 0.005055 0.006445 0.008089 0.009996 0.012162 0.014567 0.017177 0.019941 0.022789 0.025639 0.028397 0.030961 0.033231 0.035111 0.036519 0.037390 0.037685 0.037390 0.036519 0.035111 0.033231 0.030961 0.028397 0.025639 0.022789 0.019941 0.017177 0.014567 0.012162 0.009996 0.008089 0.006445 0.005055 0.003904 0.002969 0.002223 0.001639 0.001190 0.000851 0.000599 0.000415 0.000283 0.000191 0.000126 0.000082 0.000053 0.000033 0.000021 0.000013 0.000008 0.000005 0.000003 0.000002 0.000001 0.000001 0.000000 0.000000 0.000000 0.000000 0.000000 0.000000 0.000000 0.000000 0.000000 0.000000 0.000000 
0.000000 0.000000 0.000000 0.000000 0.000000 0.000000 0.000000 0.000000 0.000000 0.000000 0.000000 0.000000 0.000001 0.000001 0.000003 0.000005 0.000008 0.000013 0.000021 0.000035 0.000056 0.000088 0.000138 0.000211 0.000318 0.000473 0.000692 0.000998 0.001417 0.001981 0.002727 0.003697 0.004936 0.006488 0.008398 0.010702 0.013428 0.016588 0.020175 0.024159 0.028481 0.033056 0.037770 0.042486 0.047048 0.051290 0.055044 0.058153 0.060481 0.061923 0.062411 0.061923 0.060481 0.058153 0.055044 0.051290 0.047048 0.042486 0.037770 0.033056 0.028481 0.024159 0.020175 0.016588 0.013428 0.010702 0.008398 0.006488 0.004936 0.003697 0.002727 0.001981 0.001417 0.000998 0.000692 0.000473 0.000318 0.000211 0.000138 0.000088 0.000056 0.000035 0.000021 0.000013 0.000008 0.000005 0.000003 0.000001 0.000001 0.000000 0.000000 0.000000 0.000000 0.000000 0.000000 0.000000 0.000000 0.000000 0.000000 0.000000 
0.000000 0.000000 0.000000 0.000000 0.000000 0.000000 0.000000 0.000000 0.000000 0.000000 0.000000 0.000001 0.000001 0.000002 0.000004 0.000008 0.000013 0.000021 0.000035 0.000058 0.000092 0.000146 0.000226 0.000347 0.000523 0.000777 0.001137 0.001638 0.002325 0.003249 0.004471 0.006059 0.008086 0.010624 0.013746 0.017511 0.021964 0.027125 0.032982 0.039484 0.046537 0.054000 0.061689 0.069380 0.076818 0.083734 0.089853 0.094921 0.098715 0.101064 0.101860 0.101064 0.098715 0.094921 0.089853 0.083734 0.076818 0.069380 0.061689 0.054000 0.046537 0.039484 0.032982 0.027125 0.021964 0.017511 0.013746 0.010624 0.008086 0.006059 0.004471 0.003249 0.002325 0.001638 0.001137 0.000777 0.000523 0.000347 0.000226 0.000146 0.000092 0.000058 0.000035 0.000021 0.000013 0.000008 0.000004 0.000002 0.000001 0.000001 0.000000 0.000000 0.000000 0.000000 0.000000 0.000000 0.000000 0.000000 0.000000 0.000000 
0.000000 0.000000 0.000000 0.000000 0.000000 0.000000 0.000000 0.000000 0.000000 0.000000 0.000001 0.000001 0.000002 0.000004 0.000007 0.000012 0.000021 0.000035 0.000058 0.000094 0.000150 0.000236 0.000367 0.000562 0.000848 0.001259 0.001840 0.002651 0.003760 0.005251 0.007223 0.009784 0.013051 0.017142 0.022171 0.028234 0.035403 0.043709 0.053132 0.063591 0.074932 0.086930 0.099289 0.111649 0.123602 0.134712 0.144543 0.152683 0.158777 0.162551 0.163828 0.162551 0.158777 0.152683 0.144543 0.134712 0.123602 0.111649 0.099289 0.086930 0.074932 0.063591 0.053132 0.043709 0.035403 0.028234 0.022171 0.017142 0.013051 0.009784 0.007223 0.005251 0.003760 0.002651 0.001840 0.001259 0.000848 0.000562 0.000367 0.000236 0.000150 0.000094 0.000058 0.000035 0.000021 0.000012 0.000007 0.000004 0.000002 0.000001 0.000001 0.000000 0.000000 0.000000 0.000000 0.000000 0.000000 0.000000 0.000000 0.000000 
0.000000 0.000000 0.000000 0.000000 0.000000 0.000000 0.000000 0.000000 0.000000 0.000001 0.000001 0.000002 0.000004 0.000007 0.000011 0.000020 0.000033 0.000056 0.000092 0.000150 0.000240 0.000378 0.000587 0.000898 0.001353 0.002008 0.002935 0.004225 0.005990 0.008362 0.011498 0.015568 0.020758 0.027254 0.035236 0.044858 0.056230 0.069402 0.084342 0.100918 0.118889 0.137898 0.157475 0.177050 0.195976 0.213567 0.229129 0.242015 0.251662 0.257634 0.259656 0.257634 0.251662 0.242015 0.229129 0.213567 0.195976 0.177050 0.157475 0.137898 0.118889 0.100918 0.084342 0.069402 0.056230 0.044858 0.035236 0.027254 0.020758 0.015568 0.011498 0.008362 0.005990 0.004225 0.002935 0.002008 0.001353 0.000898 0.000587 0.000378 0.000240 0.000150 0.000092 0.000056 0.000033 0.000020 0.000011 0.000007 0.000004 0.000002 0.000001 0.000001 0.000000 0.000000 0.000000 0.000000 0.000000 0.000000 0.000000 0.000000 
0.000000 0.000000 0.000000 0.000000 0.000000 0.000000 0.000000 0.000000 0.000001 0.000001 0.000002 0.000003 0.000006 0.000010 0.000018 0.000031 0.000053 0.000088 0.000146 0.000236 0.000378 0.000596 0.000925 0.001413 0.002128 0.003157 0.004611 0.006635 0.009401 0.013120 0.018032 0.024405 0.032528 0.042693 0.055178 0.070223 0.087999 0.108582 0.131921 0.157811 0.185873 0.215549 0.246106 0.276654 0.306187 0.333631 0.357909 0.378010 0.393057 0.402372 0.405526 0.402372 0.393057 0.378010 0.357909 0.333631 0.306187 0.276654 0.246106 0.215549 0.185873 0.157811 0.131921 0.108582 0.087999 0.070223 0.055178 0.042693 0.032528 0.024405 0.018032 0.013120 0.009401 0.006635 0.004611 0.003157 0.002128 0.001413 0.000925 0.000596 0.000378 0.000236 0.000146 0.000088 0.000053 0.000031 0.000018 0.000010 0.000006 0.000003 0.000002 0.000001 0.000001 0.000000 0.000000 0.000000 0.000000 0.000000 0.000000 0.000000 
0.000000 0.000000 0.000000 0.000000 0.000000 0.000000 0.000000 0.000000 0.000001 0.000001 0.000003 0.000005 0.000009 0.000016 0.000028 0.000049 0.000082 0.000138 0.000226 0.000367 0.000587 0.000925 0.001434 0.002191 0.003298 0.004888 0.007138 0.010265 0.014539 0.020280 0.027861 0.037694 0.050221 0.065892 0.085133 0.108311 0.135690 0.167384 0.203310 0.243153 0.286331 0.331982 0.378980 0.425956 0.471365 0.513558 0.550880 0.581777 0.604904 0.619221 0.624068 0.619221 0.604904 0.581777 0.550880 0.513558 0.471365 0.425956 0.378980 0.331982 0.286331 0.243153 0.203310 0.167384 0.135690 0.108311 0.085133 0.065892 0.050221 0.037694 0.027861 0.020280 0.014539 0.010265 0.007138 0.004888 0.003298 0.002191 0.001434 0.000925 0.000587 0.000367 0.000226 0.000138 0.000082 0.000049 0.000028 0.000016 0.000009 0.000005 0.000003 0.000001 0.000001 0.000000 0.000000 0.000000 0.000000 0.000000 0.000000 0.000000 
0.000000 0.000000 0.000000 0.000000 0.000000 0.000000 0.000000 0.000001 0.000001 0.000002 0.000004 0.000008 0.000014 0.000025 0.000043 0.000074 0.000126 0.000211 0.000347 0.000562 0.000898 0.001413 0.002191 0.003346 0.005033 0.007457 0.010884 0.015644 0.022149 0.030884 0.042411 0.057357 0.076392 0.100195 0.129412 0.164595 0.206143 0.254226 0.308718 0.369135 0.434594 0.503791 0.575015 0.646197 0.714994 0.778911 0.835443 0.882240 0.917267 0.938949 0.946289 0.938949 0.917267 0.882240 0.835443 0.778911 0.714994 0.646197 0.575015 0.503791 0.434594 0.369135 0.308718 0.254226 0.206143 0.164595 0.129412 0.100195 0.076392 0.057357 0.042411 0.030884 0.022149 0.015644 0.010884 0.007457 0.005033 0.003346 0.002191 0.001413 0.000898 0.000562 0.000347 0.000211 0.000126 0.000074 0.000043 0.000025 0.000014 0.000008 0.000004 0.000002 0.000001 0.000001 0.000000 0.000000 0.000000 0.000000 0.000000 0.000000 
0.000000 0.000000 0.000000 0.000000 0.000000 0.000000 0.000001 0.000001 0.000002 0.000003 0.000006 0.000012 0.000021 0.000037 0.000065 0.000112 0.000191 0.000318 0.000523 0.000848 0.001353 0.002128 0.003298 0.005033 0.007567 0.011207 0.016348 0.023489 0.033241 0.046332 0.063600 0.085983 0.114478 0.150100 0.193809 0.246429 0.308550 0.380422 0.461854 0.552122 0.649902 0.753247 0.859601 0.965876 1.068577 1.163981 1.248356 1.318196 1.370466 1.402821 1.413775 1.402821 1.370466 1.318196 1.248356 1.163981 1.068577 0.965876 0.859601 0.753247 0.649902 0.552122 0.461854 0.380422 0.308550 0.246429 0.193809 0.150100 0.114478 0.085983 0.063600 0.046332 0.033241 0.023489 0.016348 0.011207 0.007567 0.005033 0.003298 0.002128 0.001353 0.000848 0.000523 0.000318 0.000191 0.000112 0.000065 0.000037 0.000021 0.000012 0.000006 0.000003 0.000002 0.000001 0.000001 0.000000 0.000000 0.000000 0.000000 0.000000 
0.000000 0.000000 0.000000 0.000000 0.000000 0.000000 0.000001 0.000001 0.000003 0.000005 0.000010 0.000018 0.000032 0.000056 0.000097 0.000167 0.000283 0.000473 0.000777 0.001259 0.002008 0.003157 0.004888 0.007457 0.011207 0.016589 0.024189 0.034741 0.049144 0.068471 0.093958 0.126980 0.169005 0.221524 0.285946 0.363480 0.454989 0.560836 0.680733 0.813610 0.957518 1.109587 1.266060 1.422394 1.573451 1.713760 1.837837 1.940533 2.017390 2.064961 2.081066 2.064961 2.017390 1.940533 1.837837 1.713760 1.573451 1.422394 1.266060 1.109587 0.957518 0.813610 0.680733 0.560836 0.454989 0.363480 0.285946 0.221524 0.169005 0.126980 0.093958 0.068471 0.049144 0.034741 0.024189 0.016589 0.011207 0.007457 0.004888 0.003157 0.002008 0.001259 0.000777 0.000473 0.000283 0.000167 0.000097 0.000056 0.000032 0.000018 0.000010 0.000005 0.000003 0.000001 0.000001 0.000000 0.000000 0.000000 0.000000 0.000000 
0.000000 0.000000 0.000000 0.000000 0.000000 0.000001 0.000001 0.000002 0.000004 0.000008 0.000014 0.000026 0.000046 0.000082 0.000143 0.000245 0.000415 0.000692 0.001137 0.001840 0.002935 0.004611 0.007138 0.010884 0.016348 0.024189 0.035256 0.050614 0.071571 0.099681 0.136736 0.184730 0.245790 0.322071 0.415615 0.528167 0.660971 0.814546 0.988468 1.181178 1.389845 1.610309 1.837121 2.063700 2.282604 2.485913 2.665685 2.814468 2.925810 2.994723 3.018054 2.994723 2.925810 2.814468 2.665685 2.485913 2.282604 2.063700 1.837121 1.610309 1.389845 1.181178 0.988468 0.814546 0.660971 0.528167 0.415615 0.322071 0.245790 0.184730 0.136736 0.099681 0.071571 0.050614 0.035256 0.024189 0.016348 0.010884 0.007138 0.004611 0.002935 0.001840 0.001137 0.000692 0.000415 0.000245 0.000143 0.000082 0.000046 0.000026 0.000014 0.000008 0.000004 0.000002 0.000001 0.000001 0.000000 0.000000 0.000000 0.000000 
0.000000 0.000000 0.000000 0.000000 0.000000 0.000001 0.000002 0.000003 0.000006 0.000011 0.000021 0.000037 0.000067 0.000118 0.000206 0.000354 0.000599 0.000998 0.001638 0.002651 0.004225 0.006635 0.010265 0.015644 0.023489 0.034741 0.050614 0.072635 0.102672 0.142945 0.196016 0.264732 0.352127 0.461277 0.595089 0.756049 0.945924 1.165445 1.413996 1.689342 1.987433 2.302324 2.626233 2.949766 3.262304 3.552546 3.809166 4.021536 4.180456 4.278813 4.312111 4.278813 4.180456 4.021536 3.809166 3.552546 3.262304 2.949766 2.626233 2.302324 1.987433 1.689342 1.413996 1.165445 0.945924 0.756049 0.595089 0.461277 0.352127 0.264732 0.196016 0.142945 0.102672 0.072635 0.050614 0.034741 0.023489 0.015644 0.010265 0.006635 0.004225 0.002651 0.001638 0.000998 0.000599 0.000354 0.000206 0.000118 0.000067 0.000037 0.000021 0.000011 0.000006 0.000003 0.000002 0.000001 0.000000 0.000000 0.000000 0.000000 
0.000000 0.000000 0.000000 0.000000 0.000001 0.000001 0.000002 0.000004 0.000008 0.000016 0.000029 0.000053 0.000095 0.000169 0.000293 0.000503 0.000851 0.001417 0.002325 0.003760 0.005990 0.009401 0.014539 0.022149 0.033241 0.049144 0.071571 0.102672 0.145077 0.201916 0.276790 0.373706 0.496931 0.650784 0.839350 1.066114 1.333550 1.642673 1.992603 2.380182 2.799703 3.242798 3.698517 4.153648 4.593263 5.001478 5.362374 5.661021 5.884493 6.022797 6.069619 6.022797 5.884493 5.661021 5.362374 5.001478 4.593263 4.153648 3.698517 3.242798 2.799703 2.380182 1.992603 1.642673 1.333550 1.066114 0.839350 0.650784 0.496931 0.373706 0.276790 0.201916 0.145077 0.102672 0.071571 0.049144 0.033241 0.022149 0.014539 0.009401 0.005990 0.003760 0.002325 0.001417 0.000851 0.000503 0.000293 0.000169 0.000095 0.000053 0.000029 0.000016 0.000008 0.000004 0.000002 0.000001 0.000001 0.000000 0.000000 0.000000 
0.000000 0.000000 0.000000 0.000000 0.000001 0.000002 0.000003 0.000006 0.000012 0.000022 0.000041 0.000075 0.000134 0.000236 0.000411 0.000704 0.001190 0.001981 0.003249 0.005251 0.008362 0.013120 0.020280 0.030884 0.046332 0.068471 0.099681 0.142945 0.201916 0.280931 0.384986 0.519631 0.690779 0.904408 1.166167 1.480876 1.851946 2.280765 2.766095 3.303543 3.885189 4.499423 5.131071 5.761826 6.371013 6.936635 7.436655 7.850403 8.159989 8.351582 8.416443 8.351582 8.159989 7.850403 7.436655 6.936635 6.371013 5.761826 5.131071 4.499423 3.885189 3.303543 2.766095 2.280765 1.851946 1.480876 1.166167 0.904408 0.690779 0.519631 0.384986 0.280931 0.201916 0.142945 0.099681 0.068471 0.046332 0.030884 0.020280 0.013120 0.008362 0.005251 0.003249 0.001981 0.001190 0.000704 0.000411 0.000236 0.000134 0.000075 0.000041 0.000022 0.000012 0.000006 0.000003 0.000002 0.000001 0.000000 0.000000 0.000000 
0.000000 0.000000 0.000000 0.000001 0.000001 0.000002 0.000005 0.000009 0.000016 0.000031 0.000057 0.000103 0.000185 0.000326 0.000566 0.000971 0.001639 0.002727 0.004471 0.007223 0.011498 0.018032 0.027861 0.042411 0.063600 0.093958 0.136736 0.196016 0.276790 0.384986 0.527426 0.711688 0.945837 1.238029 1.595965 2.026204 2.533383 3.119375 3.782465 4.516634 5.311051 6.149854 7.012324 7.873476 8.705095 9.477175 10.159658 10.724354 11.146867 11.408340 11.496857 11.408340 11.146867 10.724354 10.159658 9.477175 8.705095 7.873476 7.012324 6.149854 5.311051 4.516634 3.782465 3.119375 2.533383 2.026204 1.595965 1.238029 0.945837 0.711688 0.527426 0.384986 0.276790 0.196016 0.136736 0.093958 0.063600 0.042411 0.027861 0.018032 0.011498 0.007223 0.004471 0.002727 0.001639 0.000971 0.000566 0.000326 0.000185 0.000103 0.000057 0.000031 0.000016 0.000009 0.000005 0.000002 0.000001 0.000001 0.000000 0.000000 
0.000000 0.000000 0.000000 0.000001 0.000002 0.000003 0.000006 0.000012 0.000022 0.000042 0.000077 0.000140 0.000251 0.000443 0.000769 0.001317 0.002223 0.003697 0.006059 0.009784 0.015568 0.024405 0.037694 0.057357 0.085983 0.126980 0.184730 0.264732 0.373706 0.519631 0.711688 0.960063 1.275603 1.669265 2.151385 2.730767 3.413619 4.202429 5.094860 6.082791 7.151629 8.280030 9.440123 10.598315 11.716678 12.754887 13.672551 14.431797 14.999851 15.351383 15.470385 15.351383 14.999851 14.431797 13.672551 12.754887 11.716678 10.598315 9.440123 8.280030 7.151629 6.082791 5.094860 4.202429 3.413619 2.730767 2.151385 1.669265 1.275603 0.960063 0.711688 0.519631 0.373706 0.264732 0.184730 0.126980 0.085983 0.057357 0.037694 0.024405 0.015568 0.009784 0.006059 0.003697 0.002223 0.001317 0.000769 0.000443 0.000251 0.000140 0.000077 0.000042 0.000022 0.000012 0.000006 0.000003 0.000002 0.000001 0.000000 0.000000 
0.000000 0.000000 0.000000 0.000001 0.000002 0.000004 0.000008 0.000016 0.000030 0.000056 0.000104 0.000188 0.000336 0.000592 0.001028 0.001760 0.002969 0.004936 0.008086 0.013051 0.020758 0.032528 0.050221 0.076392 0.114478 0.169005 0.245790 0.352127 0.496931 0.690779 0.945837 1.275603 1.694438 2.216845 2.856500 3.625033 4.530639 5.576574 6.759704 8.069235 9.485806 10.981120 12.518250 14.052696 15.534240 16.909489 18.124981 19.130587 19.882933 20.348499 20.506103 20.348499 19.882933 19.130587 18.124981 16.909489 15.534240 14.052696 12.518250 10.981120 9.485806 8.069235 6.759704 5.576574 4.530639 3.625033 2.856500 2.216845 1.694438 1.275603 0.945837 0.690779 0.496931 0.352127 0.245790 0.169005 0.114478 0.076392 0.050221 0.032528 0.020758 0.013051 0.008086 0.004936 0.002969 0.001760 0.001028 0.000592 0.000336 0.000188 0.000104 0.000056 0.000030 0.000016 0.000008 0.000004 0.000002 0.000001 0.000000 0.000000 
0.000000 0.000000 0.000001 0.000001 0.000003 0.000006 0.000011 0.000021 0.000040 0.000074 0.000136 0.000247 0.000442 0.000779 0.001353 0.002315 0.003904 0.006488 0.010624 0.017142 0.027254 0.042693 0.065892 0.100195 0.150100 0.221524 0.322071 0.461277 0.650784 0.904408 1.238029 1.669265 2.216845 2.899683 3.735597 4.739734 5.922742 7.288828 8.833852 10.543684 12.393023 14.344918 16.351169 18.353719 20.287058 22.081554 23.667490 24.979508 25.961060 26.568448 26.774059 26.568448 25.961060 24.979508 23.667490 22.081554 20.287058 18.353719 16.351169 14.344918 12.393023 10.543684 8.833852 7.288828 5.922742 4.739734 3.735597 2.899683 2.216845 1.669265 1.238029 0.904408 0.650784 0.461277 0.322071 0.221524 0.150100 0.100195 0.065892 0.042693 0.027254 0.017142 0.010624 0.006488 0.003904 0.002315 0.001353 0.000779 0.000442 0.000247 0.000136 0.000074 0.000040 0.000021 0.000011 0.000006 0.000003 0.000001 0.000001 0.000000 
0.000000 0.000000 0.000001 0.000002 0.000004 0.000007 0.000014 0.000027 0.000052 0.000096 0.000177 0.000321 0.000574 0.001010 0.001753 0.002999 0.005055 0.008398 0.013746 0.022171 0.035236 0.055178 0.085133 0.129412 0.193809 0.285946 0.415615 0.595089 0.839350 1.166167 1.595965 2.151385 2.856500 3.735597 4.811554 6.103798 7.625966 9.383410 11.370751 13.569771 15.947902 18.457619 21.036952 23.611284 26.096439 28.402957 30.441288 32.127485 33.388923 34.169489 34.433720 34.169489 33.388923 32.127485 30.441288 28.402957 26.096439 23.611284 21.036952 18.457619 15.947902 13.569771 11.370751 9.383410 7.625966 6.103798 4.811554 3.735597 2.856500 2.151385 1.595965 1.166167 0.839350 0.595089 0.415615 0.285946 0.193809 0.129412 0.085133 0.055178 0.035236 0.022171 0.013746 0.008398 0.005055 0.002999 0.001753 0.001010 0.000574 0.000321 0.000177 0.000096 0.000052 0.000027 0.000014 0.000007 0.000004 0.000002 0.000001 0.000000 
0.000000 0.000000 0.000001 0.000002 0.000005 0.000009 0.000018 0.000035 0.000066 0.000123 0.000226 0.000410 0.000733 0.001289 0.002237 0.003825 0.006445 0.010702 0.017511 0.028234 0.044858 0.070223 0.108311 0.164595 0.246429 0.363480 0.528167 0.756049 1.066114 1.480876 2.026204 2.730767 3.625033 4.739734 6.103798 7.741774 9.670870 11.897794 14.415667 17.201359 20.213579 23.392118 26.658500 29.918259 33.064852 35.985070 38.565600 40.700233 42.297092 43.285190 43.619670 43.285190 42.297092 40.700233 38.565600 35.985070 33.064852 29.918259 26.658500 23.392118 20.213579 17.201359 14.415667 11.897794 9.670870 7.741774 6.103798 4.739734 3.625033 2.730767 2.026204 1.480876 1.066114 0.756049 0.528167 0.363480 0.246429 0.164595 0.108311 0.070223 0.044858 0.028234 0.017511 0.010702 0.006445 0.003825 0.002237 0.001289 0.000733 0.000410 0.000226 0.000123 0.000066 0.000035 0.000018 0.000009 0.000005 0.000002 0.000001 0.000000 
0.000000 0.000001 0.000001 0.000003 0.000006 0.000012 0.000023 0.000044 0.000083 0.000155 0.000285 0.000516 0.000921 0.001620 0.002810 0.004802 0.008089 0.013428 0.021964 0.035403 0.056230 0.087999 0.135690 0.206143 0.308550 0.454989 0.660971 0.945924 1.333550 1.851946 2.533383 3.413619 4.530639 5.922742 7.625966 9.670870 12.078845 14.858176 18.000208 21.476014 25.234041 29.199153 33.273467 37.339182 41.263467 44.905199 48.123147 50.784947 52.776104 54.008157 54.425214 54.008157 52.776104 50.784947 48.123147 44.905199 41.263467 37.339182 33.273467 29.199153 25.234041 21.476014 18.000208 14.858176 12.078845 9.670870 7.625966 5.922742 4.530639 3.413619 2.533383 1.851946 1.333550 0.945924 0.660971 0.454989 0.308550 0.206143 0.135690 0.087999 0.056230 0.035403 0.021964 0.013428 0.008089 0.004802 0.002810 0.001620 0.000921 0.000516 0.000285 0.000155 0.000083 0.000044 0.000023 0.000012 0.000006 0.000003 0.000001 0.000000 
0.000000 0.000001 0.000002 0.000004 0.000007 0.000015 0.000028 0.000055 0.000103 0.000192 0.000353 0.000639 0.001139 0.002004 0.003475 0.005937 0.009996 0.016588 0.027125 0.043709 0.069402 0.108582 0.167384 0.254226 0.380422 0.560836 0.814546 1.165445 1.642673 2.280765 3.119375 4.202429 5.576574 7.288828 9.383410 11.897794 14.858176 18.274646 22.136479 26.408055 31.025974 35.897893 40.903551 45.898258 50.718892 55.192176 59.144718 62.414028 64.859560 66.372735 66.884948 66.372735 64.859560 62.414028 59.144718 55.192176 50.718892 45.898258 40.903551 35.897893 31.025974 26.408055 22.136479 18.274646 14.858176 11.897794 9.383410 7.288828 5.576574 4.202429 3.119375 2.280765 1.642673 1.165445 0.814546 0.560836 0.380422 0.254226 0.167384 0.108582 0.069402 0.043709 0.027125 0.016588 0.009996 0.005937 0.003475 0.002004 0.001139 0.000639 0.000353 0.000192 0.000103 0.000055 0.000028 0.000015 0.000007 0.000004 0.000001 0.000000 
0.000000 0.000001 0.000002 0.000004 0.000009 0.000018 0.000035 0.000067 0.000126 0.000234 0.000430 0.000778 0.001388 0.002441 0.004230 0.007225 0.012162 0.020175 0.032982 0.053132 0.084342 0.131921 0.203310 0.308718 0.461854 0.680733 0.988468 1.413996 1.992603 2.766095 3.782465 5.094860 6.759704 8.833852 11.370751 14.415667 18.000208 22.136479 26.811401 31.981781 37.570829 43.466764 49.524061 55.567673 61.400290 66.812348 71.594165 75.549260 78.507698 80.338202 80.957825 80.338202 78.507698 75.549260 71.594165 66.812348 61.400290 55.567673 49.524061 43.466764 37.570829 31.981781 26.811401 22.136479 18.000208 14.415667 11.370751 8.833852 6.759704 5.094860 3.782465 2.766095 1.992603 1.413996 0.988468 0.680733 0.461854 0.308718 0.203310 0.131921 0.084342 0.053132 0.032982 0.020175 0.012162 0.007225 0.004230 0.002441 0.001388 0.000778 0.000430 0.000234 0.000126 0.000067 0.000035 0.000018 0.000009 0.000004 0.000002 0.000000 
0.000000 0.000001 0.000003 0.000005 0.000011 0.000021 0.000042 0.000080 0.000151 0.000281 0.000516 0.000933 0.001665 0.002926 0.005069 0.008656 0.014567 0.024159 0.039484 0.063591 0.100918 0.157811 0.243153 0.369135 0.552122 0.813610 1.181178 1.689342 2.380182 3.303543 4.516634 6.082791 8.069235 10.543684 13.569771 17.201359 21.476014 26.408055 31.981781 38.145613 44.807954 51.835535 59.054914 66.257508 73.208242 79.657476 85.355454 90.068160 93.593209 95.774262 96.512540 95.774262 93.593209 90.068160 85.355454 79.657476 73.208242 66.257508 59.054914 51.835535 44.807954 38.145613 31.981781 26.408055 21.476014 17.201359 13.569771 10.543684 8.069235 6.082791 4.516634 3.303543 2.380182 1.689342 1.181178 0.813610 0.552122 0.369135 0.243153 0.157811 0.100918 0.063591 0.039484 0.024159 0.014567 0.008656 0.005069 0.002926 0.001665 0.000933 0.000516 0.000281 0.000151 0.000080 0.000042 0.000021 0.000011 0.000005 0.000002 0.000000 
0.000000 0.000001 0.000003 0.000006 0.000013 0.000025 0.000049 0.000094 0.000178 0.000332 0.000609 0.001102 0.001965 0.003453 0.005981 0.010210 0.017177 0.028481 0.046537 0.074932 0.118889 0.185873 0.286331 0.434594 0.649902 0.957518 1.389845 1.987433 2.799703 3.885189 5.311051 7.151629 9.485806 12.393023 15.947902 20.213579 25.234041 31.025974 37.570829 44.807954 52.629743 60.879716 69.354273 77.808617 85.966899 93.536215 100.223545 105.754363 109.891256 112.450835 113.317237 112.450835 109.891256 105.754363 100.223545 93.536215 85.966899 77.808617 69.354273 60.879716 52.629743 44.807954 37.570829 31.025974 25.234041 20.213579 15.947902 12.393023 9.485806 7.151629 5.311051 3.885189 2.799703 1.987433 1.389845 0.957518 0.649902 0.434594 0.286331 0.185873 0.118889 0.074932 0.046537 0.028481 0.017177 0.010210 0.005981 0.003453 0.001965 0.001102 0.000609 0.000332 0.000178 0.000094 0.000049 0.000025 0.000013 0.000006 0.000002 0.000000 
0.000000 0.000001 0.000004 0.000007 0.000015 0.000030 0.000057 0.000110 0.000208 0.000386 0.000708 0.001281 0.002283 0.004011 0.006946 0.011855 0.019941 0.033056 0.054000 0.086930 0.137898 0.215549 0.331982 0.503791 0.753247 1.109587 1.610309 2.302324 3.242798 4.499423 6.149854 8.280030 10.981120 14.344918 18.457619 23.392118 29.199153 35.897893 43.466764 51.835535 60.879716 70.418346 80.216040 89.989831 99.420906 108.170768 115.900824 122.293861 127.075573 130.034074 131.035501 130.034074 127.075573 122.293861 115.900824 108.170768 99.420906 89.989831 80.216040 70.418346 60.879716 51.835535 43.466764 35.897893 29.199153 23.392118 18.457619 14.344918 10.981120 8.280030 6.149854 4.499423 3.242798 2.302324 1.610309 1.109587 0.753247 0.503791 0.331982 0.215549 0.137898 0.086930 0.054000 0.033056 0.019941 0.011855 0.006946 0.004011 0.002283 0.001281 0.000708 0.000386 0.000208 0.000110 0.000057 0.000029 0.000015 0.000007 0.000003 0.000000 
0.000000 0.000002 0.000004 0.000009 0.000017 0.000034 0.000066 0.000126 0.000238 0.000442 0.000811 0.001465 0.002612 0.004587 0.007942 0.013551 0.022789 0.037770 0.061689 0.099289 0.157475 0.246106 0.378980 0.575015 0.859601 1.266060 1.837121 2.626233 3.698517 5.131071 7.012324 9.440123 12.518250 16.351169 21.036952 26.658500 33.273467 40.903551 49.524061 59.054914 69.354273 80.216040 91.372194 102.500587 113.238305 123.200067 132.000505 139.278609 144.722212 148.090192 149.230217 148.090192 144.722212 139.278609 132.000505 123.200067 113.238305 102.500587 91.372194 80.216040 69.354273 59.054914 49.524061 40.903551 33.273467 26.658500 21.036952 16.351169 12.518250 9.440123 7.012324 5.131071 3.698517 2.626233 1.837121 1.266060 0.859601 0.575015 0.378980 0.246106 0.157475 0.099289 0.061689 0.037770 0.022789 0.013551 0.007942 0.004587 0.002612 0.001465 0.000811 0.000442 0.000238 0.000126 0.000066 0.000034 0.000017 0.000008 0.000003 0.000000 
