0.000000 0.000000 0.000000 0.000000 0.000000 0.000000 0.000000 0.000000 0.000000 0.000000 0.000000 0.000000 0.000000 0.000000 0.000000 0.000000 0.000000 0.000000 0.000000 0.000000 0.000000 0.000000 0.000000 0.000000 0.000000 0.000000 0.000000 0.000000 0.000000 0.000000 0.000000 0.000000 0.000000 0.000000 0.000000 0.000000 0.000000 0.000000 0.000000 0.000000 0.000000 0.000000 0.000000 0.000000 0.000000 0.000000 0.000000 0.000000 0.000000 0.000000 0.000000 0.000000 0.000000 0.000000 0.000000 0.000000 0.000000 0.000000 0.000000 0.000000 0.000000 0.000000 0.000000 0.000000 0.000000 0.000000 0.000000 0.000000 0.000000 0.000000 0.000000 0.000000 0.000000 0.000000 0.000000 0.000000 0.000000 0.000000 0.000000 0.000000 0.000000 0.000000 0.000000 0.000000 0.000000 0.000000 0.000000 0.000000 0.000000 0.000000 0.000000 0.000000 0.000000 0.000000 0.000000 0.000000 0.000000 0.000000 0.000000 0.000000 
0.000000 0.000000 0.000000 0.000000 0.000000 0.000000 0.000000 0.000000 0.000001 0.000001 0.000001 0.000002 0.000003 0.000004 0.000005 0.000007 0.000010 0.000014 0.000018 0.000024 0.000032 0.000042 0.000054 0.000070 0.000089 0.000112 0.000140 0.000173 0.000212 0.000258 0.000311 0.000372 0.000440 0.000515 0.000599 0.000690 0.000787 0.000890 0.000997 0.001107 0.001219 0.001329 0.001436 0.001537 0.001631 0.001715 0.001787 0.001845 0.001887 0.001913 0.001922 0.001913 0.001887 0.001845 0.001787 0.001715 0.001631 0.001537 0.001436 0.001329 0.001219 0.001107 0.000997 0.000890 0.000787 0.000690 0.000599 0.000515 0.000440 0.000372 0.000311 0.000258 0.000212 0.000173 0.000140 0.000112 0.000089 0.000070 0.000054 0.000042 0.000032 0.000024 0.000018 0.000014 0.000010 0.000007 0.000005 0.000004 0.000003 0.000002 0.000001 0.000001 0.000001 0.000000 0.000000 0.000000 0.000000 0.000000 0.000000 0.000000 
0.000000 0.000000 0.000000 0.000000 0.000000 0.000000 0.000001 0.000001 0.000001 0.000002 0.000003 0.000004 0.000006 0.000008 0.000012 0.000016 0.000022 0.000030 0.000040 0.000053 0.000070 0.000091 0.000118 0.000152 0.000193 0.000243 0.000304 0.000376 0.000461 0.000561 0.000676 0.000807 0.000954 0.001119 0.001300 0.001497 0.001709 0.001932 0.002165 0.002404 0.002645 0.002884 0.003116 0.003336 0.003540 0.003722 0.003877 0.004003 0.004095 0.004152 0.004171 0.004152 0.004095 0.004003 0.003877 0.003722 0.003540 0.003336 0.003116 0.002884 0.002645 0.002404 0.002165 0.001932 0.001709 0.001497 0.001300 0.001119 0.000954 0.000807 0.000676 0.000561 0.000461 0.000376 0.000304 0.000243 0.000193 0.000152 0.000118 0.000091 0.000070 0.000053 0.000040 0.000030 0.000022 0.000016 0.000012 0.000008 0.000006 0.000004 0.000003 0.000002 0.000001 0.000001 0.000001 0.000000 0.000000 0.000000 0.000000 0.000000 
0.000000 0.000000 0.000000 0.000000 0.000000 0.000001 0.000001 0.000002 0.000002 0.000003 0.000005 0.000007 0.000010 0.000014 0.000020 0.000027 0.000037 0.000051 0.000068 0.000091 0.000119 0.000156 0.000202 0.000259 0.000330 0.000415 0.000519 0.000642 0.000788 0.000958 0.001154 0.001377 0.001630 0.001911 0.002220 0.002556 0.002917 0.003298 0.003695 0.004103 0.004514 0.004922 0.005318 0.005694 0.006041 0.006351 0.006617 0.006831 0.006988 0.007084 0.007117 0.007084 0.006988 0.006831 0.006617 0.006351 0.006041 0.005694 0.005318 0.004922 0.004514 0.004103 0.003695 0.003298 0.002917 0.002556 0.002220 0.001911 0.001630 0.001377 0.001154 0.000958 0.000788 0.000642 0.000519 0.000415 0.000330 0.000259 0.000202 0.000156 0.000119 0.000091 0.000068 0.000051 0.000037 0.000027 0.000020 0.000014 0.000010 0.000007 0.000005 0.000003 0.000002 0.000002 0.000001 0.000001 0.000000 0.000000 0.000000 0.000000 
0.000000 0.000000 0.000000 0.000000 0.000001 0.000001 0.000002 0.000003 0.000004 0.000006 0.000008 0.000011 0.000016 0.000023 0.000031 0.000043 0.000059 0.000080 0.000108 0.000143 0.000189 0.000246 0.000319 0.000409 0.000520 0.000656 0.000819 0.001014 0.001243 0.001511 0.001821 0.002174 0.002571 0.003015 0.003502 0.004032 0.004600 0.005201 0.005827 0.006470 0.007118 0.007761 0.008385 0.008977 0.009524 0.010013 0.010432 0.010769 0.011017 0.011169 0.011220 0.011169 0.011017 0.010769 0.010432 0.010013 0.009524 0.008977 0.008385 0.007761 0.007118 0.006470 0.005827 0.005201 0.004600 0.004032 0.003502 0.003015 0.002571 0.002174 0.001821 0.001511 0.001243 0.001014 0.000819 0.000656 0.000520 0.000409 0.000319 0.000246 0.000189 0.000143 0.000108 0.000080 0.000059 0.000043 0.000031 0.000023 0.000016 0.000011 0.000008 0.000006 0.000004 0.000003 0.000002 0.000001 0.000001 0.000000 0.000000 0.000000 
0.000000 0.000000 0.000000 0.000001 0.000001 0.000002 0.000003 0.000004 0.000006 0.000008 0.000012 0.000017 0.000025 0.000035 0.000048 0.000066 0.000090 0.000122 0.000164 0.000218 0.000288 0.000376 0.000487 0.000624 0.000794 0.001000 0.001249 0.001546 0.001896 0.002304 0.002775 0.003313 0.003919 0.004594 0.005337 0.006144 0.007009 0.007923 0.008877 0.009855 0.010842 0.011820 0.012770 0.013671 0.014504 0.015248 0.015885 0.016398 0.016776 0.017006 0.017084 0.017006 0.016776 0.016398 0.015885 0.015248 0.014504 0.013671 0.012770 0.011820 0.010842 0.009855 0.008877 0.007923 0.007009 0.006144 0.005337 0.004594 0.003919 0.003313 0.002775 0.002304 0.001896 0.001546 0.001249 0.001000 0.000794 0.000624 0.000487 0.000376 0.000288 0.000218 0.000164 0.000122 0.000090 0.000066 0.000048 0.000035 0.000025 0.000017 0.000012 0.000008 0.000006 0.000004 0.000003 0.000002 0.000001 0.000001 0.000000 0.000000 
0.000000 0.000000 0.000001 0.000001 0.000002 0.000003 0.000004 0.000006 0.000009 0.000013 0.000018 0.000026 0.000037 0.000052 0.000072 0.000099 0.000136 0.000183 0.000246 0.000327 0.000431 0.000563 0.000729 0.000935 0.001188 0.001497 0.001869 0.002313 0.002836 0.003447 0.004151 0.004955 0.005860 0.006869 0.007979 0.009184 0.010477 0.011843 0.013267 0.014728 0.016202 0.017663 0.019081 0.020427 0.021670 0.022781 0.023732 0.024499 0.025063 0.025407 0.025522 0.025407 0.025063 0.024499 0.023732 0.022781 0.021670 0.020427 0.019081 0.017663 0.016202 0.014728 0.013267 0.011843 0.010477 0.009184 0.007979 0.006869 0.005860 0.004955 0.004151 0.003447 0.002836 0.002313 0.001869 0.001497 0.001188 0.000935 0.000729 0.000563 0.000431 0.000327 0.000246 0.000183 0.000136 0.000099 0.000072 0.000052 0.000037 0.000026 0.000018 0.000013 0.000009 0.000006 0.000004 0.000003 0.000002 0.000001 0.000000 0.000000 
0.000000 0.000000 0.000001 0.000002 0.000003 0.000004 0.000006 0.000009 0.000013 0.000019 0.000027 0.000039 0.000055 0.000077 0.000107 0.000147 0.000201 0.000271 0.000364 0.000484 0.000638 0.000833 0.001077 0.001382 0.001756 0.002212 0.002762 0.003417 0.004189 0.005090 0.006130 0.007315 0.008651 0.010139 0.011776 0.013554 0.015461 0.017476 0.019575 0.021729 0.023903 0.026056 0.028147 0.030131 0.031964 0.033601 0.035003 0.036134 0.036964 0.037471 0.037641 0.037471 0.036964 0.036134 0.035003 0.033601 0.031964 0.030131 0.028147 0.026056 0.023903 0.021729 0.019575 0.017476 0.015461 0.013554 0.011776 0.010139 0.008651 0.007315 0.006130 0.005090 0.004189 0.003417 0.002762 0.002212 0.001756 0.001382 0.001077 0.000833 0.000638 0.000484 0.000364 0.000271 0.000201 0.000147 0.000107 0.000077 0.000055 0.000039 0.000027 0.000019 0.000013 0.000009 0.000006 0.000004 0.000002 0.000001 0.000001 0.000000 
0.000000 0.000001 0.000001 0.000002 0.000004 0.000006 0.000009 0.000013 0.000019 0.000028 0.000040 0.000057 0.000080 0.000112 0.000156 0.000215 0.000294 0.000397 0.000533 0.000708 0.000933 0.001218 0.001576 0.002021 0.002568 0.003235 0.004038 0.004995 0.006123 0.007439 0.008957 0.010688 0.012639 0.014811 0.017201 0.019797 0.022578 0.025519 0.028583 0.031726 0.034898 0.038039 0.041090 0.043984 0.046657 0.049045 0.051090 0.052740 0.053950 0.054690 0.054939 0.054690 0.053950 0.052740 0.051090 0.049045 0.046657 0.043984 0.041090 0.038039 0.034898 0.031726 0.028583 0.025519 0.022578 0.019797 0.017201 0.014811 0.012639 0.010688 0.008957 0.007439 0.006123 0.004995 0.004038 0.003235 0.002568 0.002021 0.001576 0.001218 0.000933 0.000708 0.000533 0.000397 0.000294 0.000215 0.000156 0.000112 0.000080 0.000057 0.000040 0.000028 0.000019 0.000013 0.000009 0.000006 0.000004 0.000002 0.000001 0.000000 
0.000000 0.000001 0.000002 0.000003 0.000006 0.000008 0.000013 0.000019 0.000028 0.000040 0.000058 0.000082 0.000116 0.000163 0.000227 0.000312 0.000426 0.000577 0.000773 0.001027 0.001353 0.001766 0.002284 0.002928 0.003721 0.004686 0.005848 0.007233 0.008866 0.010770 0.012966 0.015470 0.018291 0.021433 0.024889 0.028642 0.032664 0.036915 0.041344 0.045888 0.050471 0.055012 0.059421 0.063604 0.067466 0.070918 0.073873 0.076256 0.078005 0.079074 0.079434 0.079074 0.078005 0.076256 0.073873 0.070918 0.067466 0.063604 0.059421 0.055012 0.050471 0.045888 0.041344 0.036915 0.032664 0.028642 0.024889 0.021433 0.018291 0.015470 0.012966 0.010770 0.008866 0.007233 0.005848 0.004686 0.003721 0.002928 0.002284 0.001766 0.001353 0.001027 0.000773 0.000577 0.000426 0.000312 0.000227 0.000163 0.000116 0.000082 0.000058 0.000040 0.000028 0.000019 0.000013 0.000008 0.000005 0.000003 0.000001 0.000000 
0.000000 0.000001 0.000003 0.000005 0.000008 0.000012 0.000018 0.000027 0.000040 0.000058 0.000083 0.000118 0.000168 0.000235 0.000326 0.000449 0.000613 0.000829 0.001111 0.001476 0.001943 0.002536 0.003280 0.004205 0.005342 0.006726 0.008393 0.010379 0.012721 0.015452 0.018600 0.022189 0.026234 0.030736 0.035689 0.041066 0.046829 0.052921 0.059266 0.065774 0.072340 0.078844 0.085158 0.091149 0.096681 0.101623 0.105855 0.109268 0.111773 0.113304 0.113818 0.113304 0.111773 0.109268 0.105855 0.101623 0.096681 0.091149 0.085158 0.078844 0.072340 0.065774 0.059266 0.052921 0.046829 0.041066 0.035689 0.030736 0.026234 0.022189 0.018600 0.015452 0.012721 0.010379 0.008393 0.006726 0.005342 0.004205 0.003280 0.002536 0.001943 0.001476 0.001111 0.000829 0.000613 0.000449 0.000326 0.000235 0.000168 0.000118 0.000083 0.000058 0.000040 0.000027 0.000018 0.000012 0.000008 0.000004 0.000002 0.000000 
0.000000 0.000002 0.000004 0.000007 0.000011 0.000017 0.000026 0.000039 0.000057 0.000082 0.000118 0.000169 0.000239 0.000335 0.000465 0.000640 0.000873 0.001180 0.001582 0.002102 0.002767 0.003610 0.004669 0.005984 0.007601 0.009569 0.011939 0.014763 0.018092 0.021972 0.026446 0.031546 0.037292 0.043689 0.050723 0.058361 0.066546 0.075196 0.084206 0.093447 0.102769 0.112003 0.120967 0.129471 0.137324 0.144340 0.150347 0.155191 0.158747 0.160919 0.161650 0.160919 0.158747 0.155191 0.150347 0.144340 0.137324 0.129471 0.120967 0.112003 0.102769 0.093447 0.084206 0.075196 0.066546 0.058361 0.050723 0.043689 0.037292 0.031546 0.026446 0.021972 0.018092 0.014763 0.011939 0.009569 0.007601 0.005984 0.004669 0.003610 0.002767 0.002102 0.001582 0.001180 0.000873 0.000640 0.000465 0.000335 0.000239 0.000169 0.000118 0.000082 0.000057 0.000039 0.000026 0.000017 0.000011 0.000006 0.000003 0.000000 
0.000000 0.000003 0.000006 0.000010 0.000016 0.000025 0.000037 0.000055 0.000080 0.000116 0.000168 0.000239 0.000338 0.000473 0.000657 0.000904 0.001233 0.001667 0.002234 0.002966 0.003905 0.005094 0.006587 0.008441 0.010720 0.013494 0.016834 0.020813 0.025503 0.030970 0.037272 0.044455 0.052546 0.061554 0.071458 0.082212 0.093734 0.105910 0.118593 0.131599 0.144719 0.157714 0.170328 0.182295 0.193345 0.203217 0.211669 0.218485 0.223487 0.226544 0.227572 0.226544 0.223487 0.218485 0.211669 0.203217 0.193345 0.182295 0.170328 0.157714 0.144719 0.131599 0.118593 0.105910 0.093734 0.082212 0.071458 0.061554 0.052546 0.044455 0.037272 0.030970 0.025503 0.020813 0.016834 0.013494 0.010720 0.008441 0.006587 0.005094 0.003905 0.002966 0.002234 0.001667 0.001233 0.000904 0.000657 0.000473 0.000338 0.000239 0.000167 0.000116 0.000080 0.000055 0.000037 0.000024 0.000015 0.000009 0.000004 0.000000 
0.000000 0.000004 0.000008 0.000014 0.000023 0.000035 0.000052 0.000077 0.000112 0.000163 0.000235 0.000335 0.000473 0.000662 0.000920 0.001265 0.001726 0.002333 0.003125 0.004150 0.005462 0.007125 0.009211 0.011802 0.014987 0.018863 0.023528 0.029086 0.035636 0.043270 0.052069 0.062097 0.073392 0.085965 0.099789 0.114796 0.130874 0.147865 0.165561 0.183707 0.202010 0.220139 0.237735 0.254427 0.269841 0.283610 0.295398 0.304905 0.311882 0.316145 0.317579 0.316145 0.311882 0.304905 0.295398 0.283610 0.269841 0.254427 0.237735 0.220139 0.202010 0.183707 0.165561 0.147865 0.130874 0.114796 0.099789 0.085965 0.073392 0.062097 0.052069 0.043270 0.035636 0.029086 0.023528 0.018863 0.014987 0.011802 0.009211 0.007125 0.005462 0.004150 0.003125 0.002333 0.001726 0.001265 0.000920 0.000662 0.000473 0.000335 0.000235 0.000163 0.000112 0.000076 0.000051 0.000034 0.000022 0.000013 0.000006 0.000000 
0.000000 0.000005 0.000012 0.000020 0.000031 0.000048 0.000072 0.000107 0.000156 0.000227 0.000326 0.000465 0.000657 0.000920 0.001276 0.001756 0.002394 0.003236 0.004335 0.005755 0.007573 0.009877 0.012767 0.016357 0.020769 0.026135 0.032596 0.040291 0.049358 0.059924 0.072103 0.085980 0.101610 0.119006 0.138131 0.158892 0.181134 0.204635 0.229109 0.254206 0.279518 0.304587 0.328919 0.352000 0.373311 0.392350 0.408648 0.421791 0.431438 0.437331 0.439314 0.437331 0.431438 0.421791 0.408648 0.392350 0.373311 0.352000 0.328919 0.304587 0.279518 0.254206 0.229109 0.204635 0.181134 0.158892 0.138131 0.119006 0.101610 0.085980 0.072103 0.059924 0.049358 0.040291 0.032596 0.026135 0.020769 0.016357 0.012767 0.009877 0.007573 0.005755 0.004335 0.003236 0.002394 0.001756 0.001276 0.000920 0.000657 0.000465 0.000326 0.000227 0.000156 0.000106 0.000071 0.000047 0.000030 0.000018 0.000008 0.000000 
0.000000 0.000007 0.000016 0.000027 0.000043 0.000066 0.000099 0.000147 0.000215 0.000312 0.000449 0.000640 0.000904 0.001265 0.001756 0.002415 0.003293 0.004450 0.005959 0.007911 0.010408 0.013573 0.017542 0.022470 0.028527 0.035894 0.044762 0.055322 0.067764 0.082262 0.098970 0.118006 0.139446 0.163305 0.189533 0.218002 0.248500 0.280722 0.314277 0.348683 0.383381 0.417745 0.451098 0.482734 0.511944 0.538037 0.560374 0.578388 0.591608 0.599685 0.602402 0.599685 0.591608 0.578388 0.560374 0.538037 0.511944 0.482734 0.451098 0.417745 0.383381 0.348683 0.314277 0.280722 0.248500 0.218002 0.189533 0.163305 0.139446 0.118006 0.098970 0.082262 0.067764 0.055322 0.044762 0.035894 0.028527 0.022470 0.017542 0.013573 0.010408 0.007911 0.005959 0.004450 0.003293 0.002415 0.001756 0.001265 0.000904 0.000640 0.000449 0.000312 0.000215 0.000146 0.000098 0.000065 0.000041 0.000024 0.000011 0.000000 
0.000000 0.000010 0.000022 0.000037 0.000059 0.000090 0.000136 0.000201 0.000294 0.000426 0.000613 0.000873 0.001233 0.001726 0.002394 0.003293 0.004489 0.006064 0.008121 0.010778 0.014179 0.018487 0.023889 0.030597 0.038840 0.048864 0.060928 0.075294 0.092216 0.111935 0.134656 0.160541 0.189691 0.222128 0.257783 0.296482 0.337934 0.381728 0.427329 0.474085 0.521236 0.567929 0.613247 0.656231 0.695917 0.731368 0.761714 0.786186 0.804146 0.815119 0.818810 0.815119 0.804146 0.786186 0.761714 0.731368 0.695917 0.656231 0.613247 0.567929 0.521236 0.474085 0.427329 0.381728 0.337934 0.296482 0.257783 0.222128 0.189691 0.160541 0.134656 0.111935 0.092216 0.075294 0.060928 0.048864 0.038840 0.030597 0.023889 0.018487 0.014179 0.010778 0.008121 0.006064 0.004489 0.003293 0.002394 0.001726 0.001233 0.000873 0.000613 0.000426 0.000293 0.000200 0.000134 0.000089 0.000056 0.000033 0.000015 0.000000 
0.000000 0.000014 0.000030 0.000051 0.000080 0.000122 0.000183 0.000271 0.000397 0.000577 0.000829 0.001180 0.001667 0.002333 0.003236 0.004450 0.006064 0.008192 0.010968 0.014555 0.019145 0.024958 0.032247 0.041296 0.052415 0.065935 0.082204 0.101574 0.124391 0.150973 0.181601 0.216491 0.255777 0.299489 0.347535 0.399677 0.455526 0.514526 0.575957 0.638940 0.702451 0.765344 0.826381 0.884272 0.937719 0.985463 1.026330 1.059285 1.083472 1.098248 1.103218 1.098248 1.083472 1.059285 1.026330 0.985463 0.937719 0.884272 0.826381 0.765344 0.702451 0.638940 0.575957 0.514526 0.455526 0.399677 0.347535 0.299489 0.255777 0.216491 0.181601 0.150973 0.124391 0.101574 0.082204 0.065935 0.052415 0.041296 0.032247 0.024958 0.019145 0.014555 0.010968 0.008192 0.006064 0.004450 0.003236 0.002333 0.001667 0.001180 0.000828 0.000576 0.000397 0.000271 0.000182 0.000120 0.000076 0.000045 0.000021 0.000000 
0.000000 0.000018 0.000040 0.000068 0.000108 0.000164 0.000246 0.000364 0.000533 0.000773 0.001111 0.001582 0.002234 0.003125 0.004335 0.005959 0.008121 0.010968 0.014683 0.019482 0.025621 0.033397 0.043146 0.055246 0.070111 0.088186 0.109933 0.135823 0.166315 0.201836 0.242759 0.289373 0.341856 0.400247 0.464421 0.534063 0.608649 0.687438 0.769469 0.853568 0.938368 1.022338 1.103827 1.181113 1.252464 1.316199 1.370753 1.414745 1.447031 1.466755 1.473389 1.466755 1.447031 1.414745 1.370753 1.316199 1.252464 1.181113 1.103827 1.022338 0.938368 0.853568 0.769469 0.687438 0.608649 0.534063 0.464421 0.400247 0.341856 0.289373 0.242759 0.201836 0.166315 0.135823 0.109933 0.088186 0.070111 0.055246 0.043146 0.033397 0.025621 0.019482 0.014683 0.010968 0.008121 0.005959 0.004335 0.003125 0.002233 0.001582 0.001111 0.000772 0.000532 0.000363 0.000244 0.000161 0.000103 0.000060 0.000028 0.000000 
0.000000 0.000024 0.000053 0.000091 0.000143 0.000218 0.000327 0.000484 0.000708 0.001027 0.001476 0.002102 0.002966 0.004150 0.005755 0.007911 0.010778 0.014555 0.019482 0.025847 0.033987 0.044295 0.057218 0.073256 0.092956 0.116906 0.145720 0.180019 0.220411 0.267461 0.321660 0.383390 0.452886 0.530201 0.615166 0.707362 0.806099 0.910393 1.018972 1.130282 1.242513 1.353642 1.461483 1.563758 1.658176 1.742513 1.814701 1.872912 1.915631 1.941730 1.950508 1.941730 1.915631 1.872912 1.814701 1.742513 1.658176 1.563758 1.461483 1.353642 1.242513 1.130282 1.018972 0.910393 0.806099 0.707362 0.615166 0.530201 0.452886 0.383390 0.321660 0.267461 0.220411 0.180019 0.145720 0.116906 0.092956 0.073256 0.057218 0.044295 0.033987 0.025847 0.019482 0.014555 0.010778 0.007911 0.005755 0.004150 0.002966 0.002101 0.001475 0.001026 0.000707 0.000482 0.000325 0.000214 0.000137 0.000080 0.000037 0.000000 
0.000000 0.000032 0.000070 0.000119 0.000189 0.000288 0.000431 0.000638 0.000933 0.001353 0.001943 0.002767 0.003905 0.005462 0.007573 0.010408 0.014179 0.019145 0.025621 0.033987 0.044685 0.058230 0.075209 0.096279 0.122156 0.153613 0.191453 0.236493 0.289528 0.351299 0.422450 0.503480 0.594698 0.696169 0.807672 0.928657 1.058216 1.195059 1.337516 1.483549 1.630784 1.776565 1.918028 2.052186 2.176033 2.286655 2.381338 2.457687 2.513717 2.547948 2.559461 2.547948 2.513717 2.457687 2.381338 2.286655 2.176033 2.052186 1.918028 1.776565 1.630784 1.483549 1.337516 1.195059 1.058216 0.928657 0.807672 0.696169 0.594698 0.503480 0.422450 0.351299 0.289528 0.236493 0.191453 0.153613 0.122156 0.096279 0.075209 0.058230 0.044685 0.033987 0.025621 0.019145 0.014179 0.010408 0.007573 0.005462 0.003904 0.002766 0.001943 0.001352 0.000932 0.000635 0.000428 0.000282 0.000180 0.000106 0.000049 0.000000 
0.000000 0.000042 0.000091 0.000156 0.000246 0.000376 0.000563 0.000833 0.001218 0.001766 0.002536 0.003610 0.005094 0.007125 0.009877 0.013573 0.018487 0.024958 0.033397 0.044295 0.058230 0.075872 0.097984 0.125419 0.159111 0.200063 0.249320 0.307942 0.376964 0.457349 0.549931 0.655360 0.774034 0.906038 1.051082 1.208451 1.376959 1.554933 1.740197 1.930102 2.121561 2.311122 2.495061 2.669496 2.830519 2.974343 3.097443 3.196704 3.269548 3.314050 3.329019 3.314050 3.269548 3.196704 3.097443 2.974343 2.830519 2.669496 2.495061 2.311122 2.121561 1.930102 1.740197 1.554933 1.376959 1.208451 1.051082 0.906038 0.774034 0.655360 0.549931 0.457349 0.376964 0.307942 0.249320 0.200063 0.159111 0.125419 0.097984 0.075872 0.058230 0.044295 0.033397 0.024958 0.018487 0.013573 0.009877 0.007125 0.005094 0.003610 0.002535 0.001765 0.001216 0.000830 0.000559 0.000369 0.000235 0.000138 0.000064 0.000000 
0.000000 0.000054 0.000118 0.000202 0.000319 0.000487 0.000729 0.001077 0.001576 0.002284 0.003280 0.004669 0.006587 0.009211 0.012767 0.017542 0.023889 0.032247 0.043146 0.057218 0.075209 0.097984 0.126526 0.161934 0.205413 0.258255 0.321808 0.397436 0.486473 0.590158 0.709566 0.845532 0.998567 1.168780 1.355795 1.558687 1.775929 2.005359 2.244176 2.488963 2.735742 2.980064 3.217132 3.441943 3.649464 3.834814 3.993453 4.121369 4.215241 4.272589 4.291878 4.272589 4.215241 4.121369 3.993453 3.834814 3.649464 3.441943 3.217132 2.980064 2.735742 2.488963 2.244176 2.005359 1.775929 1.558687 1.355795 1.168780 0.998567 0.845532 0.709566 0.590158 0.486473 0.397436 0.321808 0.258255 0.205413 0.161934 0.126526 0.097984 0.075209 0.057218 0.043146 0.032247 0.023889 0.017542 0.012767 0.009211 0.006586 0.004668 0.003279 0.002283 0.001574 0.001074 0.000723 0.000477 0.000304 0.000179 0.000083 0.000000 
0.000000 0.000070 0.000152 0.000259 0.000409 0.000624 0.000935 0.001382 0.002021 0.002928 0.004205 0.005984 0.008441 0.011802 0.016357 0.022470 0.030597 0.041296 0.055246 0.073256 0.096279 0.125419 0.161934 0.207228 0.262842 0.330425 0.411698 0.508404 0.622247 0.754806 0.907455 1.081257 1.276865 1.494412 1.733419 1.992700 2.270304 2.563465 2.868606 3.181360 3.496645 3.808780 4.111636 4.398824 4.663918 4.900685 5.103327 5.266721 5.386627 5.459880 5.484518 5.459880 5.386627 5.266721 5.103327 4.900685 4.663918 4.398824 4.111636 3.808780 3.496645 3.181360 2.868606 2.563465 2.270304 1.992700 1.733419 1.494412 1.276865 1.081257 0.907455 0.754806 0.622247 0.508404 0.411698 0.330425 0.262842 0.207228 0.161934 0.125419 0.096279 0.073256 0.055246 0.041296 0.030597 0.022470 0.016357 0.011802 0.008440 0.005983 0.004204 0.002927 0.002018 0.001377 0.000927 0.000612 0.000390 0.000230 0.000106 0.000000 
0.000000 0.000089 0.000193 0.000330 0.000520 0.000794 0.001188 0.001756 0.002568 0.003721 0.005342 0.007601 0.010720 0.014987 0.020769 0.028527 0.038840 0.052415 0.070111 0.092956 0.122156 0.159111 0.205413 0.262842 0.333348 0.419019 0.522035 0.644602 0.788875 0.956854 1.150275 1.370483 1.618301 1.893896 2.196656 2.525079 2.876690 3.247988 3.634439 4.030513 4.429776 4.825035 5.208530 5.572176 5.907836 6.207622 6.464195 6.671071 6.822886 6.915630 6.946825 6.915630 6.822886 6.671071 6.464195 6.207622 5.907836 5.572176 5.208530 4.825035 4.429776 4.030513 3.634439 3.247988 2.876690 2.525079 2.196656 1.893896 1.618301 1.370483 1.150275 0.956854 0.788875 0.644602 0.522035 0.419019 0.333348 0.262842 0.205413 0.159111 0.122156 0.092956 0.070111 0.052415 0.038840 0.028527 0.020768 0.014987 0.010720 0.007600 0.005340 0.003719 0.002565 0.001750 0.001179 0.000779 0.000496 0.000292 0.000135 0.000000 
0.000000 0.000112 0.000243 0.000415 0.000656 0.001000 0.001497 0.002212 0.003235 0.004686 0.006726 0.009569 0.013494 0.018863 0.026135 0.035894 0.048864 0.065935 0.088186 0.116906 0.153613 0.200063 0.258255 0.330425 0.419019 0.526659 0.656079 0.810050 0.991271 1.202253 1.445172 1.721713 2.032905 2.378956 2.759092 3.171426 3.612849 4.078963 4.564077 5.061248 5.562404 6.058514 6.539844 6.996247 7.417516 7.793751 8.115749 8.375374 8.565895 8.682285 8.721432 8.682285 8.565895 8.375374 8.115749 7.793751 7.417516 6.996247 6.539844 6.058514 5.562404 5.061248 4.564077 4.078963 3.612849 3.171426 2.759092 2.378956 2.032905 1.721713 1.445172 1.202253 0.991271 0.810050 0.656079 0.526659 0.419019 0.330425 0.258255 0.200063 0.153613 0.116906 0.088186 0.065935 0.048864 0.035894 0.026135 0.018862 0.013494 0.009568 0.006724 0.004683 0.003230 0.002205 0.001485 0.000981 0.000626 0.000368 0.000170 0.000000 
0.000000 0.000140 0.000304 0.000519 0.000819 0.001249 0.001869 0.002762 0.004038 0.005848 0.008393 0.011939 0.016834 0.023528 0.032596 0.044762 0.060928 0.082204 0.109933 0.145720 0.191453 0.249320 0.321808 0.411698 0.522035 0.656079 0.817234 1.008941 1.234561 1.497212 1.799600 2.143816 2.531137 2.961817 3.434892 3.948007 4.497291 5.077272 5.680866 6.299438 6.922941 7.540147 8.138945 8.706718 9.230769 9.698791 10.099336 10.422288 10.659279 10.804055 10.852751 10.804055 10.659279 10.422288 10.099336 9.698791 9.230769 8.706718 8.138945 7.540147 6.922941 6.299438 5.680866 5.077272 4.497291 3.948007 3.434892 2.961817 2.531137 2.143816 1.799600 1.497212 1.234561 1.008941 0.817234 0.656079 0.522035 0.411698 0.321808 0.249320 0.191453 0.145720 0.109933 0.082204 0.060928 0.044762 0.032596 0.023528 0.016834 0.011938 0.008391 0.005844 0.004032 0.002752 0.001854 0.001225 0.000781 0.000460 0.000212 0.000000 
0.000000 0.000173 0.000376 0.000642 0.001014 0.001546 0.002313 0.003417 0.004995 0.007233 0.010379 0.014763 0.020813 0.029086 0.040291 0.055322 0.075294 0.101574 0.135823 0.180019 0.236493 0.307942 0.397436 0.508404 0.644602 0.810050 1.008941 1.245522 1.523931 1.848012 2.221096 2.645761 3.123574 3.654844 4.238377 4.871266 5.548732 6.264025 7.008408 7.771230 8.540107 9.301192 10.039556 10.739643 11.385806 11.962871 12.456731 12.854915 13.147111 13.325610 13.385648 13.325610 13.147111 12.854915 12.456731 11.962871 11.385806 10.739643 10.039556 9.301192 8.540107 7.771230 7.008408 6.264025 5.548732 4.871266 4.238377 3.654844 3.123574 2.645761 2.221096 1.848012 1.523931 1.245522 1.008941 0.810050 0.644602 0.508404 0.397436 0.307942 0.236493 0.180019 0.135823 0.101574 0.075294 0.055322 0.040291 0.029086 0.020812 0.014761 0.010377 0.007228 0.004988 0.003405 0.002294 0.001516 0.000967 0.000569 0.000263 0.000000 
0.000000 0.000212 0.000461 0.000788 0.001243 0.001896 0.002836 0.004189 0.006123 0.008866 0.012721 0.018092 0.025503 0.035636 0.049358 0.067764 0.092216 0.124391 0.166315 0.220411 0.289528 0.376964 0.486473 0.622247 0.788875 0.991271 1.234561 1.523931 1.864437 2.260775 2.717011 3.236289 3.820522 4.470080 5.183498 5.957218 6.785395 7.659775 8.569676 9.502082 10.441853 11.372072 12.274494 13.130113 13.919809 14.625046 15.228586 15.715196 16.072277 16.290413 16.363782 16.290413 16.072277 15.715196 15.228586 14.625046 13.919809 13.130113 12.274494 11.372072 10.441853 9.502082 8.569676 7.659775 6.785395 5.957218 5.183498 4.470080 3.820522 3.236289 2.717011 2.260775 1.864437 1.523931 1.234561 0.991271 0.788875 0.622247 0.486473 0.376964 0.289528 0.220411 0.166315 0.124391 0.092216 0.067763 0.049357 0.035635 0.025502 0.018090 0.012718 0.008860 0.006114 0.004175 0.002814 0.001859 0.001186 0.000698 0.000323 0.000000 
0.000000 0.000258 0.000561 0.000958 0.001511 0.002304 0.003447 0.005090 0.007439 0.010770 0.015452 0.021972 0.030970 0.043270 0.059924 0.082262 0.111935 0.150973 0.201836 0.267461 0.351299 0.457349 0.590158 0.754806 0.956854 1.202253 1.497212 1.848012 2.260775 2.741184 3.294162 3.923510 4.631541 5.418696 6.283192 7.220716 8.224178 9.283577 10.385969 11.515584 12.654086 13.780979 14.874168 15.910636 16.867226 17.721490 18.452558 19.041980 19.474503 19.738723 19.827592 19.738723 19.474503 19.041980 18.452558 17.721490 16.867226 15.910636 14.874168 13.780979 12.654086 11.515584 10.385969 9.283577 8.224178 7.220716 6.283192 5.418696 4.631541 3.923510 3.294162 2.741184 2.260775 1.848012 1.497212 1.202253 0.956854 0.754806 0.590158 0.457349 0.351299 0.267461 0.201836 0.150973 0.111935 0.082262 0.059924 0.043269 0.030968 0.021970 0.015448 0.010763 0.007429 0.005073 0.003419 0.002260 0.001442 0.000849 0.000392 0.000000 
0.000000 0.000311 0.000676 0.001154 0.001821 0.002775 0.004151 0.006130 0.008957 0.012966 0.018600 0.026446 0.037272 0.052069 0.072103 0.098970 0.134656 0.181601 0.242759 0.321660 0.422450 0.549931 0.709566 0.907455 1.150275 1.445172 1.799600 2.221096 2.717011 3.294162 3.958453 4.714445 5.564904 6.510355 7.548649 8.674599 9.879687 11.151898 12.475689 13.832123 15.199183 16.552264 17.864842 19.109286 20.257800 21.283441 22.161158 22.868806 23.388080 23.705294 23.811986 23.705294 23.388080 22.868806 22.161158 21.283441 20.257800 19.109286 17.864842 16.552264 15.199183 13.832123 12.475689 11.151898 9.879687 8.674599 7.548649 6.510355 5.564904 4.714445 3.958453 3.294162 2.717011 2.221096 1.799600 1.445172 1.150275 0.907455 0.709566 0.549931 0.422450 0.321660 0.242759 0.181601 0.134656 0.098969 0.072102 0.052068 0.037270 0.026443 0.018595 0.012958 0.008944 0.006109 0.004118 0.002722 0.001737 0.001022 0.000473 0.000000 
0.000000 0.000372 0.000807 0.001377 0.002174 0.003313 0.004955 0.007315 0.010688 0.015470 0.022189 0.031546 0.044455 0.062097 0.085980 0.118006 0.160541 0.216491 0.289373 0.383390 0.503480 0.655360 0.845532 1.081257 1.370483 1.721713 2.143816 2.645761 3.236289 3.923510 4.714445 5.614512 6.626997 7.752513 8.988497 10.328766 11.763178 13.277426 14.853010 16.467391 18.094369 19.704667 21.266722 22.747659 24.114410 25.334920 26.379384 27.221463 27.839376 28.216845 28.343803 28.216845 27.839376 27.221463 26.379384 25.334920 24.114410 22.747659 21.266722 19.704667 18.094369 16.467391 14.853010 13.277426 11.763178 10.328766 8.988497 7.752513 6.626997 5.614512 4.714445 3.923510 3.236289 2.645761 2.143816 1.721713 1.370483 1.081257 0.845532 0.655360 0.503480 0.383390 0.289373 0.216490 0.160541 0.118006 0.085979 0.062095 0.044453 0.031543 0.022184 0.015460 0.010673 0.007290 0.004915 0.003249 0.002073 0.001221 0.000564 0.000000 
0.000000 0.000440 0.000954 0.001630 0.002571 0.003919 0.005860 0.008651 0.012639 0.018291 0.026234 0.037292 0.052546 0.073392 0.101610 0.139446 0.189691 0.255777 0.341856 0.452886 0.594698 0.774034 0.998567 1.276865 1.618301 2.032905 2.531137 3.123574 3.820522 4.631541 5.564904 6.626997 7.821684 9.149679 10.607950 12.189194 13.881440 15.667806 17.526467 19.430835 21.350007 23.249453 25.091948 26.838727 28.450791 29.890343 31.122239 32.115420 32.844205 33.289401 33.439138 33.289401 32.844205 32.115420 31.122239 29.890343 28.450791 26.838727 25.091948 23.249453 21.350007 19.430835 17.526467 15.667806 13.881440 12.189194 10.607950 9.149679 7.821684 6.626997 5.564904 4.631541 3.820522 3.123574 2.531137 2.032905 1.618301 1.276865 0.998567 0.774034 0.594697 0.452886 0.341856 0.255777 0.189691 0.139445 0.101609 0.073391 0.052544 0.037288 0.026227 0.018280 0.012621 0.008622 0.005813 0.003843 0.002452 0.001444 0.000668 0.000000 
0.000000 0.000515 0.001119 0.001911 0.003015 0.004594 0.006869 0.010139 0.014811 0.021433 0.030736 0.043689 0.061554 0.085965 0.119006 0.163305 0.222128 0.299489 0.400247 0.530201 0.696169 0.906038 1.168780 1.494412 1.893896 2.378956 2.961817 3.654844 4.470080 5.418696 6.510355 7.752513 9.149679 10.702678 12.407952 14.256954 16.235679 18.324387 20.497553 22.724094 24.967881 27.188549 29.342588 31.384684 33.269258 34.952131 36.392232 37.553260 38.405203 38.925630 39.100670 38.925630 38.405203 37.553260 36.392232 34.952131 33.269258 31.384684 29.342588 27.188549 24.967881 22.724094 20.497553 18.324387 16.235679 14.256954 12.407952 10.702678 9.149679 7.752513 6.510355 5.418696 4.470080 3.654844 2.961817 2.378956 1.893896 1.494412 1.168780 0.906038 0.696169 0.530201 0.400247 0.299489 0.222128 0.163304 0.119005 0.085963 0.061551 0.043684 0.030728 0.021420 0.014790 0.010104 0.006813 0.004505 0.002875 0.001693 0.000783 0.000000 
0.000000 0.000599 0.001300 0.002220 0.003502 0.005337 0.007979 0.011776 0.017201 0.024889 0.035689 0.050723 0.071458 0.099789 0.138131 0.189533 0.257783 0.347535 0.464421 0.615166 0.807672 1.051082 1.355795 1.733419 2.196656 2.759092 3.434892 4.238377 5.183498 6.283192 7.548649 8.988497 10.607950 12.407952 14.384368 16.527285 18.820465 21.241025 23.759385 26.339524 28.939582 31.512789 34.008735 36.374925 38.558558 40.508454 42.177037 43.522258 44.509352 45.112336 45.315142 45.112336 44.509352 43.522258 42.177037 40.508454 38.558558 36.374925 34.008735 31.512789 28.939582 26.339524 23.759385 21.241025 18.820465 16.527285 14.384368 12.407952 10.607950 8.988497 7.548649 6.283192 5.183498 4.238377 3.434892 2.759092 2.196656 1.733419 1.355795 1.051082 0.807672 0.615166 0.464421 0.347535 0.257783 0.189532 0.138130 0.099787 0.071455 0.050717 0.035679 0.024873 0.017176 0.011736 0.007914 0.005234 0.003340 0.001967 0.000909 0.000000 
0.000000 0.000690 0.001497 0.002556 0.004032 0.006144 0.009184 0.013554 0.019797 0.028642 0.041066 0.058361 0.082212 0.114796 0.158892 0.218002 0.296482 0.399677 0.534063 0.707362 0.928657 1.208451 1.558687 1.992700 2.525079 3.171426 3.948007 4.871266 5.957218 7.220716 8.674599 10.328766 12.189194 14.256954 16.527285 18.988791 21.622811 24.403057 27.295551 30.258926 33.245103 36.200377 39.066862 41.784279 44.292001 46.531266 48.447450 49.992274 51.125825 51.818271 52.051166 51.818271 51.125825 49.992274 48.447450 46.531266 44.292001 41.784279 39.066862 36.200377 33.245103 30.258926 27.295551 24.403057 21.622811 18.988791 16.527285 14.256954 12.189194 10.328766 8.674599 7.220716 5.957218 4.871266 3.948007 3.171426 2.525079 1.992700 1.558687 1.208451 0.928657 0.707362 0.534062 0.399677 0.296481 0.218002 0.158891 0.114794 0.082208 0.058354 0.041056 0.028624 0.019768 0.013508 0.009110 0.006025 0.003845 0.002265 0.001047 0.000000 
0.000000 0.000787 0.001709 0.002917 0.004600 0.007009 0.010477 0.015461 0.022578 0.032664 0.046829 0.066546 0.093734 0.130874 0.181134 0.248500 0.337934 0.455526 0.608649 0.806099 1.058216 1.376959 1.775929 2.270304 2.876690 3.612849 4.497291 5.548732 6.785395 8.224178 9.879687 11.763178 13.881440 16.235679 18.820465 21.622811 24.621465 27.786496 31.079221 34.452550 37.851759 41.215719 44.478551 47.571652 50.426025 52.974801 55.155817 56.914132 58.204330 58.992463 59.257541 58.992463 58.204330 56.914132 55.155817 52.974801 50.426025 47.571652 44.478551 41.215719 37.851759 34.452550 31.079221 27.786496 24.621465 21.622811 18.820465 16.235679 13.881440 11.763178 9.879687 8.224178 6.785395 5.548732 4.497291 3.612849 2.876690 2.270303 1.775929 1.376959 1.058216 0.806099 0.608648 0.455526 0.337933 0.248499 0.181132 0.130872 0.093729 0.066538 0.046817 0.032644 0.022545 0.015407 0.010391 0.006873 0.004387 0.002584 0.001195 0.000000 
0.000000 0.000890 0.001932 0.003298 0.005201 0.007923 0.011843 0.017476 0.025519 0.036915 0.052921 0.075196 0.105910 0.147865 0.204635 0.280722 0.381728 0.514526 0.687438 0.910393 1.195059 1.554933 2.005359 2.563465 3.247988 4.078963 5.077272 6.264025 7.659775 9.283577 11.151898 13.277426 15.667806 18.324387 21.241025 24.403057 27.786496 31.357564 35.072615 38.878519 42.713540 46.508720 50.189744 53.679228 56.899349 59.774681 62.235109 64.218671 65.674138 66.563224 66.862256 66.563224 65.674138 64.218671 62.235109 59.774681 56.899349 53.679228 50.189744 46.508720 42.713540 38.878519 35.072615 31.357564 27.786496 24.403057 21.241025 18.324387 15.667806 13.277426 11.151898 9.283577 7.659775 6.264025 5.077272 4.078963 3.247988 2.563465 2.005359 1.554933 1.195059 0.910393 0.687438 0.514526 0.381727 0.280721 0.204633 0.147862 0.105905 0.075187 0.052907 0.036892 0.025482 0.017415 0.011747 0.007770 0.004960 0.002922 0.001351 0.000000 
0.000000 0.000997 0.002165 0.003695 0.005827 0.008877 0.013267 0.019575 0.028583 0.041344 0.059266 0.084206 0.118593 0.165561 0.229109 0.314277 0.427329 0.575957 0.769469 1.018972 1.337516 1.740197 2.244176 2.868606 3.634439 4.564077 5.680866 7.008408 8.569676 10.385969 12.475689 14.853010 17.526467 20.497553 23.759385 27.295551 31.079221 35.072615 39.226923 43.482734 47.771020 52.014680 56.130627 60.032348 63.632839 66.847777 69.598784 71.816589 73.443928 74.438000 74.772342 74.438000 73.443928 71.816589 69.598784 66.847777 63.632839 60.032348 56.130627 52.014680 47.771020 43.482734 39.226923 35.072615 31.079221 27.295551 23.759385 20.497553 17.526467 14.853010 12.475689 10.385969 8.569676 7.008408 5.680866 4.564077 3.634439 2.868606 2.244176 1.740197 1.337516 1.018972 0.769469 0.575957 0.427329 0.314276 0.229107 0.165557 0.118587 0.084197 0.059250 0.041319 0.028541 0.019508 0.013159 0.008705 0.005557 0.003274 0.001514 0.000000 
0.000000 0.001107 0.002404 0.004103 0.006470 0.009855 0.014728 0.021729 0.031726 0.045888 0.065774 0.093447 0.131599 0.183707 0.254206 0.348683 0.474085 0.638940 0.853568 1.130282 1.483549 1.930102 2.488963 3.181360 4.030513 5.061248 6.299438 7.771230 9.502082 11.515584 13.832123 16.467391 19.430835 22.724094 26.339524 30.258926 34.452550 38.878519 43.482734 48.199352 52.951875 57.654862 62.216246 66.540163 70.530208 74.092950 77.141546 79.599246 81.402600 82.504189 82.874692 82.504189 81.402600 79.599246 77.141546 74.092950 70.530208 66.540163 62.216246 57.654862 52.951875 48.199352 43.482734 38.878519 34.452550 30.258926 26.339524 22.724094 19.430835 16.467391 13.832123 11.515584 9.502082 7.771230 6.299438 5.061248 4.030513 3.181360 2.488963 1.930102 1.483549 1.130282 0.853568 0.638940 0.474085 0.348682 0.254204 0.183704 0.131593 0.093437 0.065757 0.045859 0.031680 0.021654 0.014608 0.009664 0.006170 0.003635 0.001680 0.000000 
0.000000 0.001219 0.002645 0.004514 0.007118 0.010842 0.016202 0.023903 0.034898 0.050471 0.072340 0.102769 0.144719 0.202010 0.279518 0.383381 0.521236 0.702451 0.938368 1.242513 1.630784 2.121561 2.735742 3.496645 4.429776 5.562404 6.922941 8.540107 10.441853 12.654086 15.199183 18.094369 21.350007 24.967881 28.939582 33.245103 37.851759 42.713540 47.771020 52.951875 58.172081 63.337800 68.347915 73.097145 77.479615 81.392723 84.741097 87.440452 89.421115 90.631010 91.037940 90.631010 89.421115 87.440452 84.741097 81.392723 77.479615 73.097145 68.347915 63.337800 58.172081 52.951875 47.771020 42.713540 37.851759 33.245103 28.939582 24.967881 21.350007 18.094369 15.199183 12.654086 10.441853 8.540107 6.922941 5.562403 4.429776 3.496645 2.735742 2.121561 1.630784 1.242513 0.938368 0.702451 0.521235 0.383380 0.279515 0.202006 0.144712 0.102758 0.072321 0.050440 0.034846 0.023820 0.016070 0.010632 0.006788 0.003999 0.001849 0.000000 
0.000000 0.001329 0.002884 0.004922 0.007761 0.011820 0.017663 0.026056 0.038039 0.055012 0.078844 0.112003 0.157714 0.220139 0.304587 0.417745 0.567929 0.765344 1.022338 1.353642 1.776565 2.311122 2.980064 3.808780 4.825035 6.058514 7.540147 9.301192 11.372072 13.780979 16.552264 19.704667 23.249453 27.188549 31.512789 36.200377 41.215719 46.508720 52.014680 57.654862 63.337800 68.961345 74.415427 79.585449 84.356171 88.615913 92.260871 95.199308 97.355388 98.672434 99.115402 98.672434 97.355388 95.199308 92.260871 88.615913 84.356171 79.585449 74.415427 68.961345 63.337800 57.654862 52.014680 46.508720 41.215719 36.200377 31.512789 27.188549 23.249453 19.704667 16.552264 13.780979 11.372072 9.301192 7.540147 6.058514 4.825035 3.808780 2.980064 2.311122 1.776565 1.353642 1.022337 0.765344 0.567929 0.417743 0.304584 0.220134 0.157706 0.111990 0.078823 0.054978 0.037983 0.025966 0.017519 0.011591 0.007401 0.004360 0.002016 0.000000 
0.000000 0.001436 0.003116 0.005318 0.008385 0.012770 0.019081 0.028147 0.041090 0.059421 0.085158 0.120967 0.170328 0.237735 0.328919 0.451098 0.613247 0.826381 1.103827 1.461483 1.918028 2.495061 3.217132 4.111636 5.208530 6.539844 8.138945 10.039556 12.274494 14.874168 17.864842 21.266722 25.091948 29.342588 34.008735 39.066862 44.478551 50.189744 56.130627 62.216246 68.347915 74.415427 80.300032 85.878102 91.025311 95.621183 99.553735 102.724004 105.050184 106.471131 106.949044 106.471131 105.050184 102.724004 99.553735 95.621183 91.025311 85.878102 80.300032 74.415427 68.347915 62.216246 56.130627 50.189744 44.478551 39.066862 34.008735 29.342588 25.091948 21.266722 17.864842 14.874168 12.274494 10.039556 8.138945 6.539844 5.208530 4.111636 3.217132 2.495061 1.918028 1.461482 1.103826 0.826380 0.613246 0.451096 0.328916 0.237730 0.170320 0.120953 0.085136 0.059384 0.041029 0.028050 0.018925 0.012522 0.007996 0.004711 0.002178 0.000000 
