0.000000 0.000000 0.000000 0.000000 0.000000 0.000000 0.000000 0.000000 0.000000 0.000000 0.000000 0.000000 0.000000 0.000000 0.000000 0.000000 0.000000 0.000000 0.000000 0.000000 0.000000 0.000000 0.000000 0.000000 0.000000 0.000000 0.000000 0.000000 0.000000 0.000000 0.000000 0.000000 0.000000 0.000000 0.000000 0.000000 0.000000 0.000000 0.000000 0.000000 0.000000 0.000000 0.000000 0.000000 0.000000 0.000000 0.000000 0.000000 0.000000 0.000000 0.000000 0.000000 0.000000 0.000000 0.000000 0.000000 0.000000 0.000000 0.000000 0.000000 0.000000 0.000000 0.000000 0.000000 0.000000 0.000000 0.000000 0.000000 0.000000 0.000000 0.000000 0.000000 0.000000 0.000000 0.000000 0.000000 0.000000 0.000000 0.000000 0.000000 0.000000 0.000000 0.000000 0.000000 0.000000 0.000000 0.000000 0.000000 0.000000 0.000000 0.000000 0.000000 0.000000 0.000000 0.000000 0.000000 0.000000 0.000000 0.000000 0.000000 
0.000000 0.000000 0.000000 0.000000 0.000000 0.000000 0.000000 0.000000 0.000000 0.000000 0.000000 0.000000 0.000000 0.000000 0.000000 0.000000 0.000000 0.000000 0.000000 0.000000 0.000000 0.000000 0.000000 0.000000 0.000000 0.000000 0.000000 0.000000 0.000000 0.000000 0.000000 0.000000 0.000000 0.000000 0.000000 0.000000 0.000000 0.000000 0.000000 0.000000 0.000001 0.000001 0.000001 0.000001 0.000001 0.000001 0.000001 0.000001 0.000001 0.000001 0.000001 0.000001 0.000001 0.000001 0.000001 0.000001 0.000001 0.000001 0.000001 0.000001 0.000001 0.000000 0.000000 0.000000 0.000000 0.000000 0.000000 0.000000 0.000000 0.000000 0.000000 0.000000 0.000000 0.000000 0.000000 0.000000 0.000000 0.000000 0.000000 0.000000 0.000000 0.000000 0.000000 0.000000 0.000000 0.000000 0.000000 0.000000 0.000000 0.000000 0.000000 0.000000 0.000000 0.000000 0.000000 0.000000 0.000000 0.000000 0.000000 0.000000 
0.000000 0.000000 0.000000 0.000000 0.000000 0.000000 0.000000 0.000000 0.000000 0.000000 0.000000 0.000000 0.000000 0.000000 0.000000 0.000000 0.000000 0.000000 0.000000 0.000000 0.000000 0.000000 0.000000 0.000000 0.000000 0.000000 0.000000 0.000000 0.000000 0.000000 0.000000 0.000000 0.000000 0.000000 0.000000 0.000000 0.000001 0.000001 0.000001 0.000001 0.000001 0.000002 0.000002 0.000002 0.000002 0.000003 0.000003 0.000003 0.000003 0.000003 0.000003 0.000003 0.000003 0.000003 0.000003 0.000003 0.000002 0.000002 0.000002 0.000002 0.000001 0.000001 0.000001 0.000001 0.000001 0.000000 0.000000 0.000000 0.000000 0.000000 0.000000 0.000000 0.000000 0.000000 0.000000 0.000000 0.000000 0.000000 0.000000 0.000000 0.000000 0.000000 0.000000 0.000000 0.000000 0.000000 0.000000 0.000000 0.000000 0.000000 0.000000 0.000000 0.000000 0.000000 0.000000 0.000000 0.000000 0.000000 0.000000 0.000000 
0.000000 0.000000 0.000000 0.000000 0.000000 0.000000 0.000000 0.000000 0.000000 0.000000 0.000000 0.000000 0.000000 0.000000 0.000000 0.000000 0.000000 0.000000 0.000000 0.000000 0.000000 0.000000 0.000000 0.000000 0.000000 0.000000 0.000000 0.000000 0.000000 0.000000 0.000000 0.000000 0.000000 0.000001 0.000001 0.000001 0.000001 0.000002 0.000002 0.000002 0.000003 0.000003 0.000004 0.000005 0.000005 0.000006 0.000006 0.000006 0.000007 0.000007 0.000007 0.000007 0.000007 0.000006 0.000006 0.000006 0.000005 0.000005 0.000004 0.000003 0.000003 0.000002 0.000002 0.000002 0.000001 0.000001 0.000001 0.000001 0.000000 0.000000 0.000000 0.000000 0.000000 0.000000 0.000000 0.000000 0.000000 0.000000 0.000000 0.000000 0.000000 0.000000 0.000000 0.000000 0.000000 0.000000 0.000000 0.000000 0.000000 0.000000 0.000000 0.000000 0.000000 0.000000 0.000000 0.000000 0.000000 0.000000 0.000000 0.000000 
0.000000 0.000000 0.000000 0.000000 0.000000 0.000000 0.000000 0.000000 0.000000 0.000000 0.000000 0.000000 0.000000 0.000000 0.000000 0.000000 0.000000 0.000000 0.000000 0.000000 0.000000 0.000000 0.000000 0.000000 0.000000 0.000000 0.000000 0.000000 0.000000 0.000000 0.000000 0.000001 0.000001 0.000001 0.000002 0.000002 0.000003 0.000003 0.000004 0.000005 0.000006 0.000007 0.000008 0.000009 0.000011 0.000012 0.000012 0.000013 0.000014 0.000014 0.000014 0.000014 0.000014 0.000013 0.000012 0.000012 0.000011 0.000009 0.000008 0.000007 0.000006 0.000005 0.000004 0.000003 0.000003 0.000002 0.000002 0.000001 0.000001 0.000001 0.000000 0.000000 0.000000 0.000000 0.000000 0.000000 0.000000 0.000000 0.000000 0.000000 0.000000 0.000000 0.000000 0.000000 0.000000 0.000000 0.000000 0.000000 0.000000 0.000000 0.000000 0.000000 0.000000 0.000000 0.000000 0.000000 0.000000 0.000000 0.000000 0.000000 
0.000000 0.000000 0.000000 0.000000 0.000000 0.000000 0.000000 0.000000 0.000000 0.000000 0.000000 0.000000 0.000000 0.000000 0.000000 0.000000 0.000000 0.000000 0.000000 0.000000 0.000000 0.000000 0.000000 0.000000 0.000000 0.000000 0.000000 0.000000 0.000000 0.000001 0.000001 0.000001 0.000002 0.000003 0.000003 0.000004 0.000006 0.000007 0.000009 0.000010 0.000012 0.000015 0.000017 0.000019 0.000021 0.000024 0.000025 0.000027 0.000028 0.000029 0.000029 0.000029 0.000028 0.000027 0.000025 0.000024 0.000021 0.000019 0.000017 0.000015 0.000012 0.000010 0.000009 0.000007 0.000006 0.000004 0.000003 0.000003 0.000002 0.000001 0.000001 0.000001 0.000000 0.000000 0.000000 0.000000 0.000000 0.000000 0.000000 0.000000 0.000000 0.000000 0.000000 0.000000 0.000000 0.000000 0.000000 0.000000 0.000000 0.000000 0.000000 0.000000 0.000000 0.000000 0.000000 0.000000 0.000000 0.000000 0.000000 0.000000 
0.000000 0.000000 0.000000 0.000000 0.000000 0.000000 0.000000 0.000000 0.000000 0.000000 0.000000 0.000000 0.000000 0.000000 0.000000 0.000000 0.000000 0.000000 0.000000 0.000000 0.000000 0.000000 0.000000 0.000000 0.000000 0.000000 0.000000 0.000001 0.000001 0.000001 0.000002 0.000003 0.000004 0.000005 0.000007 0.000009 0.000011 0.000014 0.000017 0.000021 0.000025 0.000029 0.000034 0.000038 0.000043 0.000047 0.000051 0.000054 0.000056 0.000058 0.000058 0.000058 0.000056 0.000054 0.000051 0.000047 0.000043 0.000038 0.000034 0.000029 0.000025 0.000021 0.000017 0.000014 0.000011 0.000009 0.000007 0.000005 0.000004 0.000003 0.000002 0.000001 0.000001 0.000001 0.000000 0.000000 0.000000 0.000000 0.000000 0.000000 0.000000 0.000000 0.000000 0.000000 0.000000 0.000000 0.000000 0.000000 0.000000 0.000000 0.000000 0.000000 0.000000 0.000000 0.000000 0.000000 0.000000 0.000000 0.000000 0.000000 
0.000000 0.000000 0.000000 0.000000 0.000000 0.000000 0.000000 0.000000 0.000000 0.000000 0.000000 0.000000 0.000000 0.000000 0.000000 0.000000 0.000000 0.000000 0.000000 0.000000 0.000000 0.000000 0.000000 0.000000 0.000000 0.000001 0.000001 0.000001 0.000002 0.000003 0.000004 0.000006 0.000008 0.000010 0.000013 0.000017 0.000022 0.000028 0.000034 0.000041 0.000049 0.000058 0.000067 0.000076 0.000085 0.000093 0.000100 0.000106 0.000111 0.000113 0.000114 0.000113 0.000111 0.000106 0.000100 0.000093 0.000085 0.000076 0.000067 0.000058 0.000049 0.000041 0.000034 0.000028 0.000022 0.000017 0.000013 0.000010 0.000008 0.000006 0.000004 0.000003 0.000002 0.000001 0.000001 0.000001 0.000000 0.000000 0.000000 0.000000 0.000000 0.000000 0.000000 0.000000 0.000000 0.000000 0.000000 0.000000 0.000000 0.000000 0.000000 0.000000 0.000000 0.000000 0.000000 0.000000 0.000000 0.000000 0.000000 0.000000 
0.000000 0.000000 0.000000 0.000000 0.000000 0.000000 0.000000 0.000000 0.000000 0.000000 0.000000 0.000000 0.000000 0.000000 0.000000 0.000000 0.000000 0.000000 0.000000 0.000000 0.000000 0.000000 0.000000 0.000001 0.000001 0.000001 0.000002 0.000003 0.000004 0.000006 0.000008 0.000011 0.000015 0.000020 0.000026 0.000034 0.000043 0.000054 0.000066 0.000081 0.000096 0.000113 0.000130 0.000147 0.000164 0.000180 0.000194 0.000206 0.000215 0.000220 0.000222 0.000220 0.000215 0.000206 0.000194 0.000180 0.000164 0.000147 0.000130 0.000113 0.000096 0.000081 0.000066 0.000054 0.000043 0.000034 0.000026 0.000020 0.000015 0.000011 0.000008 0.000006 0.000004 0.000003 0.000002 0.000001 0.000001 0.000001 0.000000 0.000000 0.000000 0.000000 0.000000 0.000000 0.000000 0.000000 0.000000 0.000000 0.000000 0.000000 0.000000 0.000000 0.000000 0.000000 0.000000 0.000000 0.000000 0.000000 0.000000 0.000000 
0.000000 0.000000 0.000000 0.000000 0.000000 0.000000 0.000000 0.000000 0.000000 0.000000 0.000000 0.000000 0.000000 0.000000 0.000000 0.000000 0.000000 0.000000 0.000000 0.000000 0.000000 0.000000 0.000001 0.000001 0.000002 0.000002 0.000004 0.000005 0.000008 0.000011 0.000015 0.000021 0.000028 0.000038 0.000050 0.000065 0.000083 0.000103 0.000127 0.000154 0.000184 0.000216 0.000248 0.000282 0.000314 0.000344 0.000371 0.000394 0.000410 0.000421 0.000424 0.000421 0.000410 0.000394 0.000371 0.000344 0.000314 0.000282 0.000248 0.000216 0.000184 0.000154 0.000127 0.000103 0.000083 0.000065 0.000050 0.000038 0.000028 0.000021 0.000015 0.000011 0.000008 0.000005 0.000004 0.000002 0.000002 0.000001 0.000001 0.000000 0.000000 0.000000 0.000000 0.000000 0.000000 0.000000 0.000000 0.000000 0.000000 0.000000 0.000000 0.000000 0.000000 0.000000 0.000000 0.000000 0.000000 0.000000 0.000000 0.000000 
0.000000 0.000000 0.000000 0.000000 0.000000 0.000000 0.000000 0.000000 0.000000 0.000000 0.000000 0.000000 0.000000 0.000000 0.000000 0.000000 0.000000 0.000000 0.000000 0.000000 0.000000 0.000001 0.000001 0.000002 0.000003 0.000004 0.000007 0.000010 0.000014 0.000020 0.000029 0.000040 0.000054 0.000072 0.000095 0.000123 0.000156 0.000195 0.000241 0.000291 0.000347 0.000407 0.000469 0.000531 0.000592 0.000649 0.000700 0.000742 0.000773 0.000793 0.000800 0.000793 0.000773 0.000742 0.000700 0.000649 0.000592 0.000531 0.000469 0.000407 0.000347 0.000291 0.000241 0.000195 0.000156 0.000123 0.000095 0.000072 0.000054 0.000040 0.000029 0.000020 0.000014 0.000010 0.000007 0.000004 0.000003 0.000002 0.000001 0.000001 0.000000 0.000000 0.000000 0.000000 0.000000 0.000000 0.000000 0.000000 0.000000 0.000000 0.000000 0.000000 0.000000 0.000000 0.000000 0.000000 0.000000 0.000000 0.000000 0.000000 
0.000000 0.000000 0.000000 0.000000 0.000000 0.000000 0.000000 0.000000 0.000000 0.000000 0.000000 0.000000 0.000000 0.000000 0.000000 0.000000 0.000000 0.000000 0.000000 0.000001 0.000001 0.000001 0.000002 0.000004 0.000005 0.000008 0.000012 0.000018 0.000027 0.000038 0.000053 0.000074 0.000100 0.000134 0.000176 0.000228 0.000290 0.000363 0.000447 0.000542 0.000645 0.000756 0.000871 0.000986 0.001099 0.001205 0.001299 0.001377 0.001435 0.001472 0.001484 0.001472 0.001435 0.001377 0.001299 0.001205 0.001099 0.000986 0.000871 0.000756 0.000645 0.000542 0.000447 0.000363 0.000290 0.000228 0.000176 0.000134 0.000100 0.000074 0.000053 0.000038 0.000027 0.000018 0.000012 0.000008 0.000005 0.000004 0.000002 0.000001 0.000001 0.000001 0.000000 0.000000 0.000000 0.000000 0.000000 0.000000 0.000000 0.000000 0.000000 0.000000 0.000000 0.000000 0.000000 0.000000 0.000000 0.000000 0.000000 0.000000 
0.000000 0.000000 0.000000 0.000000 0.000000 0.000000 0.000000 0.000000 0.000000 0.000000 0.000000 0.000000 0.000000 0.000000 0.000000 0.000000 0.000000 0.000000 0.000001 0.000001 0.000002 0.000003 0.000004 0.000007 0.000010 0.000015 0.000023 0.000034 0.000049 0.000070 0.000098 0.000136 0.000185 0.000246 0.000324 0.000419 0.000533 0.000666 0.000820 0.000992 0.001182 0.001384 0.001594 0.001805 0.002011 0.002204 0.002375 0.002518 0.002625 0.002691 0.002713 0.002691 0.002625 0.002518 0.002375 0.002204 0.002011 0.001805 0.001594 0.001384 0.001182 0.000992 0.000820 0.000666 0.000533 0.000419 0.000324 0.000246 0.000185 0.000136 0.000098 0.000070 0.000049 0.000034 0.000023 0.000015 0.000010 0.000007 0.000004 0.000003 0.000002 0.000001 0.000001 0.000000 0.000000 0.000000 0.000000 0.000000 0.000000 0.000000 0.000000 0.000000 0.000000 0.000000 0.000000 0.000000 0.000000 0.000000 0.000000 0.000000 
0.000000 0.000000 0.000000 0.000000 0.000000 0.000000 0.000000 0.000000 0.000000 0.000000 0.000000 0.000000 0.000000 0.000000 0.000000 0.000000 0.000000 0.000001 0.000001 0.000002 0.000003 0.000005 0.000008 0.000012 0.000018 0.000028 0.000042 0.000062 0.000089 0.000127 0.000178 0.000246 0.000334 0.000446 0.000586 0.000757 0.000962 0.001203 0.001480 0.001791 0.002131 0.002495 0.002873 0.003254 0.003625 0.003971 0.004279 0.004535 0.004728 0.004847 0.004887 0.004847 0.004728 0.004535 0.004279 0.003971 0.003625 0.003254 0.002873 0.002495 0.002131 0.001791 0.001480 0.001203 0.000962 0.000757 0.000586 0.000446 0.000334 0.000246 0.000178 0.000127 0.000089 0.000062 0.000042 0.000028 0.000018 0.000012 0.000008 0.000005 0.000003 0.000002 0.000001 0.000001 0.000000 0.000000 0.000000 0.000000 0.000000 0.000000 0.000000 0.000000 0.000000 0.000000 0.000000 0.000000 0.000000 0.000000 0.000000 0.000000 
0.000000 0.000000 0.000000 0.000000 0.000000 0.000000 0.000000 0.000000 0.000000 0.000000 0.000000 0.000000 0.000000 0.000000 0.000000 0.000000 0.000001 0.000001 0.000002 0.000003 0.000005 0.000009 0.000014 0.000021 0.000033 0.000050 0.000075 0.000110 0.000159 0.000227 0.000318 0.000439 0.000595 0.000795 0.001043 0.001348 0.001712 0.002140 0.002632 0.003183 0.003787 0.004432 0.005102 0.005777 0.006434 0.007049 0.007594 0.008048 0.008389 0.008600 0.008672 0.008600 0.008389 0.008048 0.007594 0.007049 0.006434 0.005777 0.005102 0.004432 0.003787 0.003183 0.002632 0.002140 0.001712 0.001348 0.001043 0.000795 0.000595 0.000439 0.000318 0.000227 0.000159 0.000110 0.000075 0.000050 0.000033 0.000021 0.000014 0.000009 0.000005 0.000003 0.000002 0.000001 0.000001 0.000000 0.000000 0.000000 0.000000 0.000000 0.000000 0.000000 0.000000 0.000000 0.000000 0.000000 0.000000 0.000000 0.000000 0.000000 
0.000000 0.000000 0.000000 0.000000 0.000000 0.000000 0.000000 0.000000 0.000000 0.000000 0.000000 0.000000 0.000000 0.000000 0.000000 0.000001 0.000001 0.000002 0.000003 0.000006 0.000009 0.000015 0.000024 0.000038 0.000058 0.000088 0.000132 0.000194 0.000281 0.000399 0.000559 0.000771 0.001045 0.001394 0.001830 0.002363 0.003001 0.003750 0.004609 0.005573 0.006629 0.007755 0.008926 0.010104 0.011251 0.012323 0.013276 0.014067 0.014662 0.015030 0.015155 0.015030 0.014662 0.014067 0.013276 0.012323 0.011251 0.010104 0.008926 0.007755 0.006629 0.005573 0.004609 0.003750 0.003001 0.002363 0.001830 0.001394 0.001045 0.000771 0.000559 0.000399 0.000281 0.000194 0.000132 0.000088 0.000058 0.000038 0.000024 0.000015 0.000009 0.000006 0.000003 0.000002 0.000001 0.000001 0.000000 0.000000 0.000000 0.000000 0.000000 0.000000 0.000000 0.000000 0.000000 0.000000 0.000000 0.000000 0.000000 0.000000 
0.000000 0.000000 0.000000 0.000000 0.000000 0.000000 0.000000 0.000000 0.000000 0.000000 0.000000 0.000000 0.000000 0.000000 0.000001 0.000001 0.000002 0.000004 0.000006 0.000010 0.000016 0.000026 0.000042 0.000066 0.000101 0.000153 0.000229 0.000336 0.000486 0.000692 0.000968 0.001334 0.001808 0.002410 0.003161 0.004080 0.005180 0.006470 0.007950 0.009609 0.011426 0.013365 0.015378 0.017405 0.019377 0.021220 0.022858 0.024218 0.025240 0.025873 0.026088 0.025873 0.025240 0.024218 0.022858 0.021220 0.019377 0.017405 0.015378 0.013365 0.011426 0.009609 0.007950 0.006470 0.005180 0.004080 0.003161 0.002410 0.001808 0.001334 0.000968 0.000692 0.000486 0.000336 0.000229 0.000153 0.000101 0.000066 0.000042 0.000026 0.000016 0.000010 0.000006 0.000004 0.000002 0.000001 0.000001 0.000000 0.000000 0.000000 0.000000 0.000000 0.000000 0.000000 0.000000 0.000000 0.000000 0.000000 0.000000 0.000000 
0.000000 0.000000 0.000000 0.000000 0.000000 0.000000 0.000000 0.000000 0.000000 0.000000 0.000000 0.000000 0.000000 0.000001 0.000001 0.000002 0.000004 0.000006 0.000010 0.000017 0.000028 0.000045 0.000072 0.000112 0.000173 0.000262 0.000391 0.000574 0.000830 0.001180 0.001651 0.002272 0.003078 0.004102 0.005378 0.006938 0.008805 0.010994 0.013504 0.016319 0.019399 0.022685 0.026095 0.029529 0.032869 0.035989 0.038762 0.041065 0.042794 0.043866 0.044230 0.043866 0.042794 0.041065 0.038762 0.035989 0.032869 0.029529 0.026095 0.022685 0.019399 0.016319 0.013504 0.010994 0.008805 0.006938 0.005378 0.004102 0.003078 0.002272 0.001651 0.001180 0.000830 0.000574 0.000391 0.000262 0.000173 0.000112 0.000072 0.000045 0.000028 0.000017 0.000010 0.000006 0.000004 0.000002 0.000001 0.000001 0.000000 0.000000 0.000000 0.000000 0.000000 0.000000 0.000000 0.000000 0.000000 0.000000 0.000000 0.000000 
0.000000 0.000000 0.000000 0.000000 0.000000 0.000000 0.000000 0.000000 0.000000 0.000000 0.000000 0.000000 0.000001 0.000001 0.000002 0.000003 0.000006 0.000010 0.000017 0.000029 0.000047 0.000076 0.000121 0.000189 0.000291 0.000442 0.000658 0.000966 0.001395 0.001982 0.002771 0.003813 0.005161 0.006875 0.009011 0.011619 0.014741 0.018399 0.022592 0.027292 0.032434 0.037919 0.043610 0.049338 0.054909 0.060113 0.064737 0.068578 0.071460 0.073248 0.073854 0.073248 0.071460 0.068578 0.064737 0.060113 0.054909 0.049338 0.043610 0.037919 0.032434 0.027292 0.022592 0.018399 0.014741 0.011619 0.009011 0.006875 0.005161 0.003813 0.002771 0.001982 0.001395 0.000966 0.000658 0.000442 0.000291 0.000189 0.000121 0.000076 0.000047 0.000029 0.000017 0.000010 0.000006 0.000003 0.000002 0.000001 0.000001 0.000000 0.000000 0.000000 0.000000 0.000000 0.000000 0.000000 0.000000 0.000000 0.000000 0.000000 
0.000000 0.000000 0.000000 0.000000 0.000000 0.000000 0.000000 0.000000 0.000000 0.000000 0.000000 0.000001 0.000001 0.000002 0.000003 0.000006 0.000010 0.000017 0.000029 0.000048 0.000079 0.000127 0.000201 0.000314 0.000483 0.000732 0.001090 0.001599 0.002308 0.003277 0.004580 0.006298 0.008523 0.011348 0.014866 0.019162 0.024301 0.030321 0.037220 0.044949 0.053404 0.062420 0.071772 0.081184 0.090337 0.098885 0.106478 0.112786 0.117519 0.120454 0.121449 0.120454 0.117519 0.112786 0.106478 0.098885 0.090337 0.081184 0.071772 0.062420 0.053404 0.044949 0.037220 0.030321 0.024301 0.019162 0.014866 0.011348 0.008523 0.006298 0.004580 0.003277 0.002308 0.001599 0.001090 0.000732 0.000483 0.000314 0.000201 0.000127 0.000079 0.000048 0.000029 0.000017 0.000010 0.000006 0.000003 0.000002 0.000001 0.000001 0.000000 0.000000 0.000000 0.000000 0.000000 0.000000 0.000000 0.000000 0.000000 0.000000 
0.000000 0.000000 0.000000 0.000000 0.000000 0.000000 0.000000 0.000000 0.000000 0.000000 0.000000 0.000001 0.000002 0.000003 0.000005 0.000009 0.000016 0.000028 0.000047 0.000079 0.000129 0.000207 0.000329 0.000513 0.000789 0.001194 0.001778 0.002606 0.003759 0.005336 0.007454 0.010245 0.013857 0.018442 0.024151 0.031118 0.039449 0.049205 0.060383 0.072902 0.086592 0.101186 0.116323 0.131553 0.146360 0.160187 0.172468 0.182669 0.190324 0.195070 0.196679 0.195070 0.190324 0.182669 0.172468 0.160187 0.146360 0.131553 0.116323 0.101186 0.086592 0.072902 0.060383 0.049205 0.039449 0.031118 0.024151 0.018442 0.013857 0.010245 0.007454 0.005336 0.003759 0.002606 0.001778 0.001194 0.000789 0.000513 0.000329 0.000207 0.000129 0.000079 0.000047 0.000028 0.000016 0.000009 0.000005 0.000003 0.000002 0.000001 0.000000 0.000000 0.000000 0.000000 0.000000 0.000000 0.000000 0.000000 0.000000 0.000000 
0.000000 0.000000 0.000000 0.000000 0.000000 0.000000 0.000000 0.000000 0.000000 0.000000 0.000001 0.000001 0.000003 0.000005 0.000009 0.000015 0.000026 0.000045 0.000076 0.000127 0.000207 0.000334 0.000529 0.000826 0.001269 0.001919 0.002856 0.004183 0.006030 0.008555 0.011944 0.016409 0.022185 0.029513 0.038633 0.049759 0.063060 0.078629 0.096461 0.116428 0.138257 0.161523 0.185647 0.209916 0.233507 0.255533 0.275095 0.291342 0.303532 0.311090 0.313651 0.311090 0.303532 0.291342 0.275095 0.255533 0.233507 0.209916 0.185647 0.161523 0.138257 0.116428 0.096461 0.078629 0.063060 0.049759 0.038633 0.029513 0.022185 0.016409 0.011944 0.008555 0.006030 0.004183 0.002856 0.001919 0.001269 0.000826 0.000529 0.000334 0.000207 0.000127 0.000076 0.000045 0.000026 0.000015 0.000009 0.000005 0.000003 0.000001 0.000001 0.000000 0.000000 0.000000 0.000000 0.000000 0.000000 0.000000 0.000000 0.000000 
0.000000 0.000000 0.000000 0.000000 0.000000 0.000000 0.000000 0.000000 0.000000 0.000001 0.000001 0.000002 0.000004 0.000008 0.000014 0.000024 0.000042 0.000072 0.000121 0.000201 0.000329 0.000529 0.000839 0.001308 0.002008 0.003035 0.004514 0.006609 0.009522 0.013503 0.018843 0.025876 0.034969 0.046501 0.060847 0.078343 0.099251 0.123717 0.151732 0.183091 0.217365 0.253887 0.291749 0.329831 0.366843 0.401395 0.432078 0.457558 0.476676 0.488528 0.492544 0.488528 0.476676 0.457558 0.432078 0.401395 0.366843 0.329831 0.291749 0.253887 0.217365 0.183091 0.151732 0.123717 0.099251 0.078343 0.060847 0.046501 0.034969 0.025876 0.018843 0.013503 0.009522 0.006609 0.004514 0.003035 0.002008 0.001308 0.000839 0.000529 0.000329 0.000201 0.000121 0.000072 0.000042 0.000024 0.000014 0.000008 0.000004 0.000002 0.000001 0.000001 0.000000 0.000000 0.000000 0.000000 0.000000 0.000000 0.000000 0.000000 
0.000000 0.000000 0.000000 0.000000 0.000000 0.000000 0.000000 0.000000 0.000001 0.000001 0.000002 0.000004 0.000007 0.000012 0.000021 0.000038 0.000066 0.000112 0.000189 0.000314 0.000513 0.000826 0.001308 0.002039 0.003129 0.004726 0.007025 0.010280 0.014804 0.020982 0.029267 0.040174 0.054267 0.072136 0.094357 0.121446 0.153808 0.191665 0.235000 0.283495 0.336486 0.392939 0.451451 0.510293 0.567474 0.620846 0.668236 0.707587 0.737110 0.755413 0.761614 0.755413 0.737110 0.707587 0.668236 0.620846 0.567474 0.510293 0.451451 0.392939 0.336486 0.283495 0.235000 0.191665 0.153808 0.121446 0.094357 0.072136 0.054267 0.040174 0.029267 0.020982 0.014804 0.010280 0.007025 0.004726 0.003129 0.002039 0.001308 0.000826 0.000513 0.000314 0.000189 0.000112 0.000066 0.000038 0.000021 0.000012 0.000007 0.000004 0.000002 0.000001 0.000001 0.000000 0.000000 0.000000 0.000000 0.000000 0.000000 0.000000 
0.000000 0.000000 0.000000 0.000000 0.000000 0.000000 0.000000 0.000000 0.000001 0.000002 0.000003 0.000005 0.000010 0.000018 0.000033 0.000058 0.000101 0.000173 0.000291 0.000483 0.000789 0.001269 0.002008 0.003129 0.004798 0.007243 0.010763 0.015740 0.022657 0.032098 0.044751 0.061404 0.082913 0.110172 0.144058 0.185355 0.234672 0.292348 0.358350 0.432193 0.512863 0.598783 0.687822 0.777346 0.864330 0.945509 1.017582 1.077424 1.122316 1.150147 1.159576 1.150147 1.122316 1.077424 1.017582 0.945509 0.864330 0.777346 0.687822 0.598783 0.512863 0.432193 0.358350 0.292348 0.234672 0.185355 0.144058 0.110172 0.082913 0.061404 0.044751 0.032098 0.022657 0.015740 0.010763 0.007243 0.004798 0.003129 0.002008 0.001269 0.000789 0.000483 0.000291 0.000173 0.000101 0.000058 0.000033 0.000018 0.000010 0.000005 0.000003 0.000002 0.000001 0.000000 0.000000 0.000000 0.000000 0.000000 0.000000 0.000000 
0.000000 0.000000 0.000000 0.000000 0.000000 0.000000 0.000000 0.000001 0.000001 0.000002 0.000004 0.000008 0.000015 0.000028 0.000050 0.000088 0.000153 0.000262 0.000442 0.000732 0.001194 0.001919 0.003035 0.004726 0.007243 0.010929 0.016230 0.023725 0.034135 0.048337 0.067365 0.092394 0.124711 0.165653 0.216529 0.278511 0.352508 0.439021 0.537999 0.648706 0.769619 0.898377 1.031783 1.165894 1.296179 1.417756 1.525683 1.615288 1.682503 1.724170 1.738288 1.724170 1.682503 1.615288 1.525683 1.417756 1.296179 1.165894 1.031783 0.898377 0.769619 0.648706 0.537999 0.439021 0.352508 0.278511 0.216529 0.165653 0.124711 0.092394 0.067365 0.048337 0.034135 0.023725 0.016230 0.010929 0.007243 0.004726 0.003035 0.001919 0.001194 0.000732 0.000442 0.000262 0.000153 0.000088 0.000050 0.000028 0.000015 0.000008 0.000004 0.000002 0.000001 0.000001 0.000000 0.000000 0.000000 0.000000 0.000000 0.000000 
0.000000 0.000000 0.000000 0.000000 0.000000 0.000000 0.000000 0.000001 0.000002 0.000004 0.000007 0.000012 0.000023 0.000042 0.000075 0.000132 0.000229 0.000391 0.000658 0.001090 0.001778 0.002856 0.004514 0.007025 0.010763 0.016230 0.024093 0.035202 0.050625 0.071656 0.099823 0.136859 0.184661 0.245198 0.320399 0.411988 0.521298 0.649060 0.795193 0.958603 1.137040 1.327015 1.523813 1.721619 1.913755 2.093028 2.252157 2.384261 2.483350 2.544774 2.565585 2.544774 2.483350 2.384261 2.252157 2.093028 1.913755 1.721619 1.523813 1.327015 1.137040 0.958603 0.795193 0.649060 0.521298 0.411988 0.320399 0.245198 0.184661 0.136859 0.099823 0.071656 0.050625 0.035202 0.024093 0.016230 0.010763 0.007025 0.004514 0.002856 0.001778 0.001090 0.000658 0.000391 0.000229 0.000132 0.000075 0.000042 0.000023 0.000012 0.000007 0.000004 0.000002 0.000001 0.000000 0.000000 0.000000 0.000000 0.000000 0.000000 
0.000000 0.000000 0.000000 0.000000 0.000000 0.000000 0.000001 0.000001 0.000003 0.000005 0.000010 0.000018 0.000034 0.000062 0.000110 0.000194 0.000336 0.000574 0.000966 0.001599 0.002606 0.004183 0.006609 0.010280 0.015740 0.023725 0.035202 0.051411 0.073904 0.104563 0.145608 0.199558 0.269163 0.357284 0.466713 0.599949 0.758918 0.944674 1.157084 1.394554 1.653807 1.929770 2.215595 2.502840 2.781815 3.042082 3.273081 3.464836 3.608660 3.697811 3.728016 3.697811 3.608660 3.464836 3.273081 3.042082 2.781815 2.502840 2.215595 1.929770 1.653807 1.394554 1.157084 0.944674 0.758918 0.599949 0.466713 0.357284 0.269163 0.199558 0.145608 0.104563 0.073904 0.051411 0.035202 0.023725 0.015740 0.010280 0.006609 0.004183 0.002606 0.001599 0.000966 0.000574 0.000336 0.000194 0.000110 0.000062 0.000034 0.000018 0.000010 0.000005 0.000003 0.000001 0.000001 0.000000 0.000000 0.000000 0.000000 0.000000 
0.000000 0.000000 0.000000 0.000000 0.000000 0.000000 0.000001 0.000002 0.000004 0.000008 0.000014 0.000027 0.000049 0.000089 0.000159 0.000281 0.000486 0.000830 0.001395 0.002308 0.003759 0.006030 0.009522 0.014804 0.022657 0.034135 0.050625 0.073904 0.106193 0.150190 0.209066 0.286426 0.386199 0.512472 0.669231 0.860036 1.087631 1.353508 1.657464 1.997206 2.368036 2.762695 3.171390 3.582056 3.980847 4.352852 4.682996 4.957032 5.162557 5.289950 5.333111 5.289950 5.162557 4.957032 4.682996 4.352852 3.980847 3.582056 3.171390 2.762695 2.368036 1.997206 1.657464 1.353508 1.087631 0.860036 0.669231 0.512472 0.386199 0.286426 0.209066 0.150190 0.106193 0.073904 0.050625 0.034135 0.022657 0.014804 0.009522 0.006030 0.003759 0.002308 0.001395 0.000830 0.000486 0.000281 0.000159 0.000089 0.000049 0.000027 0.000014 0.000008 0.000004 0.000002 0.000001 0.000000 0.000000 0.000000 0.000000 0.000000 
0.000000 0.000000 0.000000 0.000000 0.000000 0.000001 0.000001 0.000003 0.000006 0.000011 0.000020 0.000038 0.000070 0.000127 0.000227 0.000399 0.000692 0.001180 0.001982 0.003277 0.005336 0.008555 0.013503 0.020982 0.032098 0.048337 0.071656 0.104563 0.150190 0.212335 0.295467 0.404659 0.545442 0.723559 0.944613 1.213603 1.534374 1.909006 2.337197 2.815697 3.337883 3.893526 4.468840 5.046846 5.608068 6.131541 6.596066 6.981617 7.270764 7.449982 7.510700 7.449982 7.270764 6.981617 6.596066 6.131541 5.608068 5.046846 4.468840 3.893526 3.337883 2.815697 2.337197 1.909006 1.534374 1.213603 0.944613 0.723559 0.545442 0.404659 0.295467 0.212335 0.150190 0.104563 0.071656 0.048337 0.032098 0.020982 0.013503 0.008555 0.005336 0.003277 0.001982 0.001180 0.000692 0.000399 0.000227 0.000127 0.000070 0.000038 0.000020 0.000011 0.000006 0.000003 0.000001 0.000001 0.000000 0.000000 0.000000 0.000000 
0.000000 0.000000 0.000000 0.000000 0.000000 0.000001 0.000002 0.000004 0.000008 0.000015 0.000029 0.000053 0.000098 0.000178 0.000318 0.000559 0.000968 0.001651 0.002771 0.004580 0.007454 0.011944 0.018843 0.029267 0.044751 0.067365 0.099823 0.145608 0.209066 0.295467 0.411006 0.562713 0.758249 1.005566 1.312413 1.685701 2.130736 2.650375 3.244173 3.907607 4.631475 5.401594 6.198856 6.999741 7.777279 8.502444 9.145895 9.679917 10.080390 10.328602 10.412693 10.328602 10.080390 9.679917 9.145895 8.502444 7.777279 6.999741 6.198856 5.401594 4.631475 3.907607 3.244173 2.650375 2.130736 1.685701 1.312413 1.005566 0.758249 0.562713 0.411006 0.295467 0.209066 0.145608 0.099823 0.067365 0.044751 0.029267 0.018843 0.011944 0.007454 0.004580 0.002771 0.001651 0.000968 0.000559 0.000318 0.000178 0.000098 0.000053 0.000029 0.000015 0.000008 0.000004 0.000002 0.000001 0.000000 0.000000 0.000000 0.000000 
0.000000 0.000000 0.000000 0.000000 0.000001 0.000001 0.000003 0.000006 0.000011 0.000021 0.000040 0.000074 0.000136 0.000246 0.000439 0.000771 0.001334 0.002272 0.003813 0.006298 0.010245 0.016409 0.025876 0.040174 0.061404 0.092394 0.136859 0.199558 0.286426 0.404659 0.562713 0.770178 1.037501 1.375517 1.794782 2.304700 2.912479 3.621987 4.432583 5.338065 6.325857 7.376594 8.464208 9.556626 10.617078 11.606007 12.483429 13.211584 13.757617 14.096034 14.210684 14.096034 13.757617 13.211584 12.483429 11.606007 10.617078 9.556626 8.464208 7.376594 6.325857 5.338065 4.432583 3.621987 2.912479 2.304700 1.794782 1.375517 1.037501 0.770178 0.562713 0.404659 0.286426 0.199558 0.136859 0.092394 0.061404 0.040174 0.025876 0.016409 0.010245 0.006298 0.003813 0.002272 0.001334 0.000771 0.000439 0.000246 0.000136 0.000074 0.000040 0.000021 0.000011 0.000006 0.000003 0.000001 0.000001 0.000000 0.000000 0.000000 
0.000000 0.000000 0.000000 0.000000 0.000001 0.000002 0.000004 0.000008 0.000015 0.000028 0.000054 0.000100 0.000185 0.000334 0.000595 0.001045 0.001808 0.003078 0.005161 0.008523 0.013857 0.022185 0.034969 0.054267 0.082913 0.124711 0.184661 0.269163 0.386199 0.545442 0.758249 1.037501 1.397218 1.851940 2.415818 3.101451 3.918483 4.872065 5.961296 7.177807 8.504680 9.915891 11.376432 12.843244 14.266985 15.594578 16.772389 17.749772 18.482662 18.936876 19.090753 18.936876 18.482662 17.749772 16.772389 15.594578 14.266985 12.843244 11.376432 9.915891 8.504680 7.177807 5.961296 4.872065 3.918483 3.101451 2.415818 1.851940 1.397218 1.037501 0.758249 0.545442 0.386199 0.269163 0.184661 0.124711 0.082913 0.054267 0.034969 0.022185 0.013857 0.008523 0.005161 0.003078 0.001808 0.001045 0.000595 0.000334 0.000185 0.000100 0.000054 0.000028 0.000015 0.000008 0.000004 0.000002 0.000001 0.000000 0.000000 0.000000 
0.000000 0.000000 0.000000 0.000001 0.000001 0.000003 0.000005 0.000010 0.000020 0.000038 0.000072 0.000134 0.000246 0.000446 0.000795 0.001394 0.002410 0.004102 0.006875 0.011348 0.018442 0.029513 0.046501 0.072136 0.110172 0.165653 0.245198 0.357284 0.512472 0.723559 1.005566 1.375517 1.851940 2.454035 3.200482 4.107898 5.188983 6.450498 7.891196 9.499967 11.254409 13.120098 15.050753 16.989475 18.871078 20.625462 22.181801 23.473222 24.441553 25.041665 25.244966 25.041665 24.441553 23.473222 22.181801 20.625462 18.871078 16.989475 15.050753 13.120098 11.254409 9.499967 7.891196 6.450498 5.188983 4.107898 3.200482 2.454035 1.851940 1.375517 1.005566 0.723559 0.512472 0.357284 0.245198 0.165653 0.110172 0.072136 0.046501 0.029513 0.018442 0.011348 0.006875 0.004102 0.002410 0.001394 0.000795 0.000446 0.000246 0.000134 0.000072 0.000038 0.000020 0.000010 0.000005 0.000003 0.000001 0.000001 0.000000 0.000000 
0.000000 0.000000 0.000000 0.000001 0.000002 0.000003 0.000007 0.000013 0.000026 0.000050 0.000095 0.000176 0.000324 0.000586 0.001043 0.001830 0.003161 0.005378 0.009011 0.014866 0.024151 0.038633 0.060847 0.094357 0.144058 0.216529 0.320399 0.466713 0.669231 0.944613 1.312413 1.794782 2.415818 3.200482 4.173047 5.355085 6.763069 8.405727 10.281377 12.375500 14.658903 17.086763 19.598859 22.121176 24.568949 26.851036 28.875371 30.555035 31.814426 32.594898 32.859296 32.594898 31.814426 30.555035 28.875371 26.851036 24.568949 22.121176 19.598859 17.086763 14.658903 12.375500 10.281377 8.405727 6.763069 5.355085 4.173047 3.200482 2.415818 1.794782 1.312413 0.944613 0.669231 0.466713 0.320399 0.216529 0.144058 0.094357 0.060847 0.038633 0.024151 0.014866 0.009011 0.005378 0.003161 0.001830 0.001043 0.000586 0.000324 0.000176 0.000095 0.000050 0.000026 0.000013 0.000007 0.000003 0.000002 0.000001 0.000000 0.000000 
0.000000 0.000000 0.000000 0.000001 0.000002 0.000004 0.000009 0.000017 0.000034 0.000065 0.000123 0.000228 0.000419 0.000757 0.001348 0.002363 0.004080 0.006938 0.011619 0.019162 0.031118 0.049759 0.078343 0.121446 0.185355 0.278511 0.411988 0.599949 0.860036 1.213603 1.685701 2.304700 3.101451 4.107898 5.355085 6.870587 8.675431 10.780723 13.184226 15.867278 18.792429 21.902241 25.119580 28.349680 31.484038 34.406012 36.997796 39.148183 40.760454 41.759588 42.098058 41.759588 40.760454 39.148183 36.997796 34.406012 31.484038 28.349680 25.119580 21.902241 18.792429 15.867278 13.184226 10.780723 8.675431 6.870587 5.355085 4.107898 3.101451 2.304700 1.685701 1.213603 0.860036 0.599949 0.411988 0.278511 0.185355 0.121446 0.078343 0.049759 0.031118 0.019162 0.011619 0.006938 0.004080 0.002363 0.001348 0.000757 0.000419 0.000228 0.000123 0.000065 0.000034 0.000017 0.000009 0.000004 0.000002 0.000001 0.000000 0.000000 
0.000000 0.000000 0.000001 0.000001 0.000003 0.000006 0.000011 0.000022 0.000043 0.000083 0.000156 0.000290 0.000533 0.000962 0.001712 0.003001 0.005180 0.008805 0.014741 0.024301 0.039449 0.063060 0.099251 0.153808 0.234672 0.352508 0.521298 0.758918 1.087631 1.534374 2.130736 2.912479 3.918483 5.188983 6.763069 8.675431 10.952500 13.608183 16.639570 20.023050 23.711348 27.632014 31.687808 35.759300 39.709778 43.392310 46.658511 49.368328 51.399963 52.658950 53.085443 52.658950 51.399963 49.368328 46.658511 43.392310 39.709778 35.759300 31.687808 27.632014 23.711348 20.023050 16.639570 13.608183 10.952500 8.675431 6.763069 5.188983 3.918483 2.912479 2.130736 1.534374 1.087631 0.758918 0.521298 0.352508 0.234672 0.153808 0.099251 0.063060 0.039449 0.024301 0.014741 0.008805 0.005180 0.003001 0.001712 0.000962 0.000533 0.000290 0.000156 0.000083 0.000043 0.000022 0.000011 0.000006 0.000003 0.000001 0.000000 0.000000 
0.000000 0.000000 0.000001 0.000002 0.000003 0.000007 0.000014 0.000028 0.000054 0.000103 0.000195 0.000363 0.000666 0.001203 0.002140 0.003750 0.006470 0.010994 0.018399 0.030321 0.049205 0.078629 0.123717 0.191665 0.292348 0.439021 0.649060 0.944674 1.353508 1.909006 2.650375 3.621987 4.872065 6.450498 8.405727 10.780723 13.608183 16.905260 20.668238 24.867722 29.444978 34.310067 39.342331 44.393622 49.294395 53.862462 57.913856 61.274963 63.794807 65.356297 65.885259 65.356297 63.794807 61.274963 57.913856 53.862462 49.294395 44.393622 39.342331 34.310067 29.444978 24.867722 20.668238 16.905260 13.608183 10.780723 8.405727 6.450498 4.872065 3.621987 2.650375 1.909006 1.353508 0.944674 0.649060 0.439021 0.292348 0.191665 0.123717 0.078629 0.049205 0.030321 0.018399 0.010994 0.006470 0.003750 0.002140 0.001203 0.000666 0.000363 0.000195 0.000103 0.000054 0.000028 0.000014 0.000007 0.000003 0.000002 0.000001 0.000000 
0.000000 0.000000 0.000001 0.000002 0.000004 0.000009 0.000017 0.000034 0.000066 0.000127 0.000241 0.000447 0.000820 0.001480 0.002632 0.004609 0.007950 0.013504 0.022592 0.037220 0.060383 0.096461 0.151732 0.235000 0.358350 0.537999 0.795193 1.157084 1.657464 2.337197 3.244173 4.432583 5.961296 7.891196 10.281377 13.184226 16.639570 20.668238 25.265571 30.395562 35.986397 41.928189 48.073584 54.241706 60.225599 65.802908 70.749139 74.852449 77.928631 79.834832 80.480561 79.834832 77.928631 74.852449 70.749139 65.802908 60.225599 54.241706 48.073584 41.928189 35.986397 30.395562 25.265571 20.668238 16.639570 13.184226 10.281377 7.891196 5.961296 4.432583 3.244173 2.337197 1.657464 1.157084 0.795193 0.537999 0.358350 0.235000 0.151732 0.096461 0.060383 0.037220 0.022592 0.013504 0.007950 0.004609 0.002632 0.001480 0.000820 0.000447 0.000241 0.000127 0.000066 0.000034 0.000017 0.000009 0.000004 0.000002 0.000001 0.000000 
0.000000 0.000000 0.000001 0.000002 0.000005 0.000010 0.000021 0.000041 0.000081 0.000154 0.000291 0.000542 0.000992 0.001791 0.003183 0.005573 0.009609 0.016319 0.027292 0.044949 0.072902 0.116428 0.183091 0.283495 0.432193 0.648706 0.958603 1.394554 1.997206 2.815697 3.907607 5.338065 7.177807 9.499967 12.375500 15.867278 20.023050 24.867722 30.395562 36.563169 43.284132 50.426316 57.812605 65.225648 72.416801 79.118958 85.062477 89.992932 93.689107 95.979450 96.755301 95.979450 93.689107 89.992932 85.062477 79.118958 72.416801 65.225648 57.812605 50.426316 43.284132 36.563169 30.395562 24.867722 20.023050 15.867278 12.375500 9.499967 7.177807 5.338065 3.907607 2.815697 1.997206 1.394554 0.958603 0.648706 0.432193 0.283495 0.183091 0.116428 0.072902 0.044949 0.027292 0.016319 0.009609 0.005573 0.003183 0.001791 0.000992 0.000542 0.000291 0.000154 0.000081 0.000041 0.000021 0.000010 0.000005 0.000002 0.000001 0.000000 
0.000000 0.000001 0.000001 0.000003 0.000006 0.000012 0.000025 0.000049 0.000096 0.000184 0.000347 0.000645 0.001182 0.002131 0.003787 0.006629 0.011426 0.019399 0.032434 0.053404 0.086592 0.138257 0.217365 0.336486 0.512863 0.769619 1.137040 1.653807 2.368036 3.337883 4.631475 6.325857 8.504680 11.254409 14.658903 18.792429 23.711348 29.444978 35.986397 43.284132 51.235860 59.685213 68.422664 77.191155 85.696667 93.623396 100.652567 106.483425 110.854483 113.562973 114.480462 113.562973 110.854483 106.483425 100.652567 93.623396 85.696667 77.191155 68.422664 59.685213 51.235860 43.284132 35.986397 29.444978 23.711348 18.792429 14.658903 11.254409 8.504680 6.325857 4.631475 3.337883 2.368036 1.653807 1.137040 0.769619 0.512863 0.336486 0.217365 0.138257 0.086592 0.053404 0.032434 0.019399 0.011426 0.006629 0.003787 0.002131 0.001182 0.000645 0.000347 0.000184 0.000096 0.000049 0.000025 0.000012 0.000006 0.000003 0.000001 0.000000 
0.000000 0.000001 0.000002 0.000003 0.000007 0.000015 0.000029 0.000058 0.000113 0.000216 0.000407 0.000756 0.001384 0.002495 0.004432 0.007755 0.013365 0.022685 0.037919 0.062420 0.101186 0.161523 0.253887 0.392939 0.598783 0.898377 1.327015 1.929770 2.762695 3.893526 5.401594 7.376594 9.915891 13.120098 17.086763 21.902241 27.632014 34.310067 41.928189 50.426316 59.685213 69.522766 79.695033 89.902795 99.803868 109.030758 117.212549 123.999317 129.086846 132.239242 133.307094 132.239242 129.086846 123.999317 117.212549 109.030758 99.803868 89.902795 79.695033 69.522766 59.685213 50.426316 41.928189 34.310067 27.632014 21.902241 17.086763 13.120098 9.915891 7.376594 5.401594 3.893526 2.762695 1.929770 1.327015 0.898377 0.598783 0.392939 0.253887 0.161523 0.101186 0.062420 0.037919 0.022685 0.013365 0.007755 0.004432 0.002495 0.001384 0.000756 0.000407 0.000216 0.000113 0.000058 0.000029 0.000015 0.000007 0.000003 0.000001 0.000000 
0.000000 0.000001 0.000002 0.000004 0.000008 0.000017 0.000034 0.000067 0.000130 0.000248 0.000469 0.000871 0.001594 0.002873 0.005102 0.008926 0.015378 0.026095 0.043610 0.071772 0.116323 0.185647 0.291749 0.451451 0.687822 1.031783 1.523813 2.215595 3.171390 4.468840 6.198856 8.464208 11.376432 15.050753 19.598859 25.119580 31.687808 39.342331 48.073584 57.812605 68.422664 79.695033 91.350197 103.045372 114.388611 124.959020 134.331826 142.106317 147.934145 151.545203 152.768415 151.545203 147.934145 142.106317 134.331826 124.959020 114.388611 103.045372 91.350197 79.695033 68.422664 57.812605 48.073584 39.342331 31.687808 25.119580 19.598859 15.050753 11.376432 8.464208 6.198856 4.468840 3.171390 2.215595 1.523813 1.031783 0.687822 0.451451 0.291749 0.185647 0.116323 0.071772 0.043610 0.026095 0.015378 0.008926 0.005102 0.002873 0.001594 0.000871 0.000469 0.000248 0.000130 0.000067 0.000034 0.000017 0.000008 0.000004 0.000002 0.000000 
