0.000000 0.000000 0.000000 0.000000 0.000000 0.000000 0.000000 0.000000 0.000000 0.000000 0.000000 0.000000 0.000000 0.000000 0.000000 0.000000 0.000000 0.000000 0.000000 0.000000 0.000000 0.000000 0.000000 0.000000 0.000000 0.000000 0.000000 0.000000 0.000000 0.000000 0.000000 0.000000 0.000000 0.000000 0.000000 0.000000 0.000000 0.000000 0.000000 0.000000 0.000000 0.000000 0.000000 0.000000 0.000000 0.000000 0.000000 0.000000 0.000000 0.000000 0.000000 0.000000 0.000000 0.000000 0.000000 0.000000 0.000000 0.000000 0.000000 0.000000 0.000000 0.000000 0.000000 0.000000 0.000000 0.000000 0.000000 0.000000 0.000000 0.000000 0.000000 0.000000 0.000000 0.000000 0.000000 0.000000 0.000000 0.000000 0.000000 0.000000 0.000000 0.000000 0.000000 0.000000 0.000000 0.000000 0.000000 0.000000 0.000000 0.000000 0.000000 0.000000 0.000000 0.000000 0.000000 0.000000 0.000000 0.000000 0.000000 0.000000 
0.000000 0.000000 0.000000 0.000000 0.000000 0.000000 0.000000 0.000000 0.000000 0.000000 0.000000 0.000000 0.000000 0.000000 0.000000 0.000000 0.000000 0.000000 0.000000 0.000000 0.000000 0.000000 0.000000 0.000000 0.000000 0.000000 0.000000 0.000000 0.000000 0.000000 0.000000 0.000000 0.000000 0.000000 0.000000 0.000000 0.000000 0.000000 0.000001 0.000001 0.000001 0.000001 0.000001 0.000001 0.000001 0.000001 0.000002 0.000002 0.000002 0.000002 0.000002 0.000002 0.000002 0.000002 0.000002 0.000001 0.000001 0.000001 0.000001 0.000001 0.000001 0.000001 0.000001 0.000000 0.000000 0.000000 0.000000 0.000000 0.000000 0.000000 0.000000 0.000000 0.000000 0.000000 0.000000 0.000000 0.000000 0.000000 0.000000 0.000000 0.000000 0.000000 0.000000 0.000000 0.000000 0.000000 0.000000 0.000000 0.000000 0.000000 0.000000 0.000000 0.000000 0.000000 0.000000 0.000000 0.000000 0.000000 0.000000 0.000000 
0.000000 0.000000 0.000000 0.000000 0.000000 0.000000 0.000000 0.000000 0.000000 0.000000 0.000000 0.000000 0.000000 0.000000 0.000000 0.000000 0.000000 0.000000 0.000000 0.000000 0.000000 0.000000 0.000000 0.000000 0.000000 0.000000 0.000000 0.000000 0.000000 0.000000 0.000000 0.000000 0.000000 0.000000 0.000001 0.000001 0.000001 0.000001 0.000001 0.000002 0.000002 0.000002 0.000003 0.000003 0.000003 0.000004 0.000004 0.000004 0.000004 0.000005 0.000005 0.000005 0.000004 0.000004 0.000004 0.000004 0.000003 0.000003 0.000003 0.000002 0.000002 0.000002 0.000001 0.000001 0.000001 0.000001 0.000001 0.000000 0.000000 0.000000 0.000000 0.000000 0.000000 0.000000 0.000000 0.000000 0.000000 0.000000 0.000000 0.000000 0.000000 0.000000 0.000000 0.000000 0.000000 0.000000 0.000000 0.000000 0.000000 0.000000 0.000000 0.000000 0.000000 0.000000 0.000000 0.000000 0.000000 0.000000 0.000000 0.000000 
0.000000 0.000000 0.000000 0.000000 0.000000 0.000000 0.000000 0.000000 0.000000 0.000000 0.000000 0.000000 0.000000 0.000000 0.000000 0.000000 0.000000 0.000000 0.000000 0.000000 0.000000 0.000000 0.000000 0.000000 0.000000 0.000000 0.000000 0.000000 0.000000 0.000000 0.000000 0.000000 0.000001 0.000001 0.000001 0.000002 0.000002 0.000002 0.000003 0.000004 0.000004 0.000005 0.000006 0.000007 0.000007 0.000008 0.000009 0.000009 0.000009 0.000010 0.000010 0.000010 0.000009 0.000009 0.000009 0.000008 0.000007 0.000007 0.000006 0.000005 0.000004 0.000004 0.000003 0.000002 0.000002 0.000002 0.000001 0.000001 0.000001 0.000000 0.000000 0.000000 0.000000 0.000000 0.000000 0.000000 0.000000 0.000000 0.000000 0.000000 0.000000 0.000000 0.000000 0.000000 0.000000 0.000000 0.000000 0.000000 0.000000 0.000000 0.000000 0.000000 0.000000 0.000000 0.000000 0.000000 0.000000 0.000000 0.000000 0.000000 
0.000000 0.000000 0.000000 0.000000 0.000000 0.000000 0.000000 0.000000 0.000000 0.000000 0.000000 0.000000 0.000000 0.000000 0.000000 0.000000 0.000000 0.000000 0.000000 0.000000 0.000000 0.000000 0.000000 0.000000 0.000000 0.000000 0.000000 0.000000 0.000000 0.000001 0.000001 0.000001 0.000001 0.000002 0.000002 0.000003 0.000004 0.000005 0.000006 0.000007 0.000009 0.000010 0.000012 0.000013 0.000015 0.000016 0.000017 0.000019 0.000019 0.000020 0.000020 0.000020 0.000019 0.000019 0.000017 0.000016 0.000015 0.000013 0.000012 0.000010 0.000009 0.000007 0.000006 0.000005 0.000004 0.000003 0.000002 0.000002 0.000001 0.000001 0.000001 0.000001 0.000000 0.000000 0.000000 0.000000 0.000000 0.000000 0.000000 0.000000 0.000000 0.000000 0.000000 0.000000 0.000000 0.000000 0.000000 0.000000 0.000000 0.000000 0.000000 0.000000 0.000000 0.000000 0.000000 0.000000 0.000000 0.000000 0.000000 0.000000 
0.000000 0.000000 0.000000 0.000000 0.000000 0.000000 0.000000 0.000000 0.000000 0.000000 0.000000 0.000000 0.000000 0.000000 0.000000 0.000000 0.000000 0.000000 0.000000 0.000000 0.000000 0.000000 0.000000 0.000000 0.000000 0.000000 0.000000 0.000001 0.000001 0.000001 0.000001 0.000002 0.000003 0.000004 0.000005 0.000006 0.000008 0.000010 0.000012 0.000015 0.000018 0.000021 0.000024 0.000027 0.000030 0.000033 0.000035 0.000037 0.000039 0.000040 0.000040 0.000040 0.000039 0.000037 0.000035 0.000033 0.000030 0.000027 0.000024 0.000021 0.000018 0.000015 0.000012 0.000010 0.000008 0.000006 0.000005 0.000004 0.000003 0.000002 0.000001 0.000001 0.000001 0.000001 0.000000 0.000000 0.000000 0.000000 0.000000 0.000000 0.000000 0.000000 0.000000 0.000000 0.000000 0.000000 0.000000 0.000000 0.000000 0.000000 0.000000 0.000000 0.000000 0.000000 0.000000 0.000000 0.000000 0.000000 0.000000 0.000000 
0.000000 0.000000 0.000000 0.000000 0.000000 0.000000 0.000000 0.000000 0.000000 0.000000 0.000000 0.000000 0.000000 0.000000 0.000000 0.000000 0.000000 0.000000 0.000000 0.000000 0.000000 0.000000 0.000000 0.000000 0.000000 0.000000 0.000001 0.000001 0.000001 0.000002 0.000003 0.000004 0.000006 0.000007 0.000010 0.000012 0.000016 0.000020 0.000024 0.000029 0.000035 0.000040 0.000047 0.000053 0.000059 0.000064 0.000069 0.000073 0.000076 0.000078 0.000079 0.000078 0.000076 0.000073 0.000069 0.000064 0.000059 0.000053 0.000047 0.000040 0.000035 0.000029 0.000024 0.000020 0.000016 0.000012 0.000010 0.000007 0.000006 0.000004 0.000003 0.000002 0.000001 0.000001 0.000001 0.000000 0.000000 0.000000 0.000000 0.000000 0.000000 0.000000 0.000000 0.000000 0.000000 0.000000 0.000000 0.000000 0.000000 0.000000 0.000000 0.000000 0.000000 0.000000 0.000000 0.000000 0.000000 0.000000 0.000000 0.000000 
0.000000 0.000000 0.000000 0.000000 0.000000 0.000000 0.000000 0.000000 0.000000 0.000000 0.000000 0.000000 0.000000 0.000000 0.000000 0.000000 0.000000 0.000000 0.000000 0.000000 0.000000 0.000000 0.000000 0.000000 0.000001 0.000001 0.000001 0.000002 0.000003 0.000004 0.000006 0.000008 0.000011 0.000014 0.000019 0.000024 0.000031 0.000038 0.000047 0.000057 0.000067 0.000079 0.000090 0.000102 0.000114 0.000125 0.000134 0.000142 0.000148 0.000152 0.000153 0.000152 0.000148 0.000142 0.000134 0.000125 0.000114 0.000102 0.000090 0.000079 0.000067 0.000057 0.000047 0.000038 0.000031 0.000024 0.000019 0.000014 0.000011 0.000008 0.000006 0.000004 0.000003 0.000002 0.000001 0.000001 0.000001 0.000000 0.000000 0.000000 0.000000 0.000000 0.000000 0.000000 0.000000 0.000000 0.000000 0.000000 0.000000 0.000000 0.000000 0.000000 0.000000 0.000000 0.000000 0.000000 0.000000 0.000000 0.000000 0.000000 
0.000000 0.000000 0.000000 0.000000 0.000000 0.000000 0.000000 0.000000 0.000000 0.000000 0.000000 0.000000 0.000000 0.000000 0.000000 0.000000 0.000000 0.000000 0.000000 0.000000 0.000000 0.000000 0.000000 0.000001 0.000001 0.000002 0.000003 0.000004 0.000006 0.000008 0.000011 0.000015 0.000021 0.000028 0.000036 0.000047 0.000059 0.000074 0.000090 0.000109 0.000129 0.000151 0.000173 0.000196 0.000218 0.000238 0.000257 0.000272 0.000283 0.000290 0.000293 0.000290 0.000283 0.000272 0.000257 0.000238 0.000218 0.000196 0.000173 0.000151 0.000129 0.000109 0.000090 0.000074 0.000059 0.000047 0.000036 0.000028 0.000021 0.000015 0.000011 0.000008 0.000006 0.000004 0.000003 0.000002 0.000001 0.000001 0.000000 0.000000 0.000000 0.000000 0.000000 0.000000 0.000000 0.000000 0.000000 0.000000 0.000000 0.000000 0.000000 0.000000 0.000000 0.000000 0.000000 0.000000 0.000000 0.000000 0.000000 0.000000 
0.000000 0.000000 0.000000 0.000000 0.000000 0.000000 0.000000 0.000000 0.000000 0.000000 0.000000 0.000000 0.000000 0.000000 0.000000 0.000000 0.000000 0.000000 0.000000 0.000000 0.000000 0.000001 0.000001 0.000001 0.000002 0.000003 0.000005 0.000007 0.000011 0.000015 0.000021 0.000029 0.000039 0.000052 0.000068 0.000088 0.000112 0.000139 0.000170 0.000206 0.000244 0.000285 0.000327 0.000370 0.000411 0.000450 0.000484 0.000513 0.000534 0.000548 0.000552 0.000548 0.000534 0.000513 0.000484 0.000450 0.000411 0.000370 0.000327 0.000285 0.000244 0.000206 0.000170 0.000139 0.000112 0.000088 0.000068 0.000052 0.000039 0.000029 0.000021 0.000015 0.000011 0.000007 0.000005 0.000003 0.000002 0.000001 0.000001 0.000001 0.000000 0.000000 0.000000 0.000000 0.000000 0.000000 0.000000 0.000000 0.000000 0.000000 0.000000 0.000000 0.000000 0.000000 0.000000 0.000000 0.000000 0.000000 0.000000 0.000000 
0.000000 0.000000 0.000000 0.000000 0.000000 0.000000 0.000000 0.000000 0.000000 0.000000 0.000000 0.000000 0.000000 0.000000 0.000000 0.000000 0.000000 0.000000 0.000000 0.000000 0.000001 0.000001 0.000002 0.000003 0.000004 0.000006 0.000010 0.000014 0.000020 0.000029 0.000040 0.000055 0.000074 0.000098 0.000128 0.000164 0.000208 0.000259 0.000318 0.000383 0.000454 0.000530 0.000609 0.000688 0.000765 0.000837 0.000901 0.000954 0.000993 0.001018 0.001026 0.001018 0.000993 0.000954 0.000901 0.000837 0.000765 0.000688 0.000609 0.000530 0.000454 0.000383 0.000318 0.000259 0.000208 0.000164 0.000128 0.000098 0.000074 0.000055 0.000040 0.000029 0.000020 0.000014 0.000010 0.000006 0.000004 0.000003 0.000002 0.000001 0.000001 0.000000 0.000000 0.000000 0.000000 0.000000 0.000000 0.000000 0.000000 0.000000 0.000000 0.000000 0.000000 0.000000 0.000000 0.000000 0.000000 0.000000 0.000000 0.000000 
0.000000 0.000000 0.000000 0.000000 0.000000 0.000000 0.000000 0.000000 0.000000 0.000000 0.000000 0.000000 0.000000 0.000000 0.000000 0.000000 0.000000 0.000000 0.000000 0.000001 0.000001 0.000002 0.000003 0.000005 0.000008 0.000012 0.000018 0.000026 0.000037 0.000053 0.000073 0.000100 0.000135 0.000180 0.000235 0.000302 0.000382 0.000476 0.000583 0.000703 0.000834 0.000973 0.001117 0.001262 0.001403 0.001534 0.001651 0.001747 0.001820 0.001865 0.001880 0.001865 0.001820 0.001747 0.001651 0.001534 0.001403 0.001262 0.001117 0.000973 0.000834 0.000703 0.000583 0.000476 0.000382 0.000302 0.000235 0.000180 0.000135 0.000100 0.000073 0.000053 0.000037 0.000026 0.000018 0.000012 0.000008 0.000005 0.000003 0.000002 0.000001 0.000001 0.000000 0.000000 0.000000 0.000000 0.000000 0.000000 0.000000 0.000000 0.000000 0.000000 0.000000 0.000000 0.000000 0.000000 0.000000 0.000000 0.000000 0.000000 
0.000000 0.000000 0.000000 0.000000 0.000000 0.000000 0.000000 0.000000 0.000000 0.000000 0.000000 0.000000 0.000000 0.000000 0.000000 0.000000 0.000000 0.000001 0.000001 0.000001 0.000002 0.000004 0.000006 0.000009 0.000014 0.000022 0.000032 0.000047 0.000068 0.000096 0.000133 0.000182 0.000246 0.000326 0.000426 0.000547 0.000692 0.000861 0.001055 0.001271 0.001507 0.001758 0.002019 0.002280 0.002534 0.002771 0.002981 0.003155 0.003286 0.003367 0.003394 0.003367 0.003286 0.003155 0.002981 0.002771 0.002534 0.002280 0.002019 0.001758 0.001507 0.001271 0.001055 0.000861 0.000692 0.000547 0.000426 0.000326 0.000246 0.000182 0.000133 0.000096 0.000068 0.000047 0.000032 0.000022 0.000014 0.000009 0.000006 0.000004 0.000002 0.000001 0.000001 0.000001 0.000000 0.000000 0.000000 0.000000 0.000000 0.000000 0.000000 0.000000 0.000000 0.000000 0.000000 0.000000 0.000000 0.000000 0.000000 0.000000 
0.000000 0.000000 0.000000 0.000000 0.000000 0.000000 0.000000 0.000000 0.000000 0.000000 0.000000 0.000000 0.000000 0.000000 0.000000 0.000000 0.000001 0.000001 0.000002 0.000003 0.000004 0.000007 0.000011 0.000017 0.000026 0.000039 0.000058 0.000084 0.000121 0.000171 0.000238 0.000326 0.000439 0.000583 0.000760 0.000977 0.001235 0.001536 0.001881 0.002265 0.002685 0.003132 0.003594 0.004059 0.004510 0.004931 0.005304 0.005614 0.005846 0.005990 0.006039 0.005990 0.005846 0.005614 0.005304 0.004931 0.004510 0.004059 0.003594 0.003132 0.002685 0.002265 0.001881 0.001536 0.001235 0.000977 0.000760 0.000583 0.000439 0.000326 0.000238 0.000171 0.000121 0.000084 0.000058 0.000039 0.000026 0.000017 0.000011 0.000007 0.000004 0.000003 0.000002 0.000001 0.000001 0.000000 0.000000 0.000000 0.000000 0.000000 0.000000 0.000000 0.000000 0.000000 0.000000 0.000000 0.000000 0.000000 0.000000 0.000000 
0.000000 0.000000 0.000000 0.000000 0.000000 0.000000 0.000000 0.000000 0.000000 0.000000 0.000000 0.000000 0.000000 0.000000 0.000000 0.000001 0.000001 0.000002 0.000003 0.000005 0.000008 0.000012 0.000019 0.000030 0.000046 0.000069 0.000102 0.000149 0.000214 0.000302 0.000419 0.000574 0.000773 0.001025 0.001338 0.001718 0.002171 0.002699 0.003303 0.003978 0.004713 0.005496 0.006306 0.007120 0.007909 0.008646 0.009299 0.009842 0.010248 0.010500 0.010586 0.010500 0.010248 0.009842 0.009299 0.008646 0.007909 0.007120 0.006306 0.005496 0.004713 0.003978 0.003303 0.002699 0.002171 0.001718 0.001338 0.001025 0.000773 0.000574 0.000419 0.000302 0.000214 0.000149 0.000102 0.000069 0.000046 0.000030 0.000019 0.000012 0.000008 0.000005 0.000003 0.000002 0.000001 0.000001 0.000000 0.000000 0.000000 0.000000 0.000000 0.000000 0.000000 0.000000 0.000000 0.000000 0.000000 0.000000 0.000000 0.000000 
0.000000 0.000000 0.000000 0.000000 0.000000 0.000000 0.000000 0.000000 0.000000 0.000000 0.000000 0.000000 0.000000 0.000000 0.000001 0.000001 0.000002 0.000003 0.000005 0.000008 0.000013 0.000021 0.000034 0.000052 0.000080 0.000120 0.000178 0.000259 0.000371 0.000524 0.000728 0.000996 0.001342 0.001778 0.002318 0.002976 0.003759 0.004672 0.005716 0.006881 0.008152 0.009503 0.010901 0.012305 0.013667 0.014938 0.016065 0.017000 0.017701 0.018136 0.018283 0.018136 0.017701 0.017000 0.016065 0.014938 0.013667 0.012305 0.010901 0.009503 0.008152 0.006881 0.005716 0.004672 0.003759 0.002976 0.002318 0.001778 0.001342 0.000996 0.000728 0.000524 0.000371 0.000259 0.000178 0.000120 0.000080 0.000052 0.000034 0.000021 0.000013 0.000008 0.000005 0.000003 0.000002 0.000001 0.000001 0.000000 0.000000 0.000000 0.000000 0.000000 0.000000 0.000000 0.000000 0.000000 0.000000 0.000000 0.000000 0.000000 
0.000000 0.000000 0.000000 0.000000 0.000000 0.000000 0.000000 0.000000 0.000000 0.000000 0.000000 0.000000 0.000000 0.000001 0.000001 0.000002 0.000003 0.000005 0.000009 0.000014 0.000023 0.000037 0.000058 0.000090 0.000137 0.000206 0.000304 0.000443 0.000636 0.000897 0.001246 0.001704 0.002292 0.003036 0.003958 0.005078 0.006412 0.007968 0.009745 0.011728 0.013889 0.016188 0.018565 0.020952 0.023268 0.025428 0.027343 0.028932 0.030123 0.030861 0.031111 0.030861 0.030123 0.028932 0.027343 0.025428 0.023268 0.020952 0.018565 0.016188 0.013889 0.011728 0.009745 0.007968 0.006412 0.005078 0.003958 0.003036 0.002292 0.001704 0.001246 0.000897 0.000636 0.000443 0.000304 0.000206 0.000137 0.000090 0.000058 0.000037 0.000023 0.000014 0.000009 0.000005 0.000003 0.000002 0.000001 0.000001 0.000000 0.000000 0.000000 0.000000 0.000000 0.000000 0.000000 0.000000 0.000000 0.000000 0.000000 0.000000 
0.000000 0.000000 0.000000 0.000000 0.000000 0.000000 0.000000 0.000000 0.000000 0.000000 0.000000 0.000000 0.000001 0.000001 0.000002 0.000003 0.000005 0.000009 0.000015 0.000024 0.000039 0.000062 0.000098 0.000152 0.000232 0.000348 0.000514 0.000748 0.001072 0.001512 0.002099 0.002869 0.003859 0.005109 0.006658 0.008538 0.010777 0.013388 0.016367 0.019692 0.023315 0.027167 0.031150 0.035149 0.039028 0.042643 0.045850 0.048510 0.050504 0.051740 0.052159 0.051740 0.050504 0.048510 0.045850 0.042643 0.039028 0.035149 0.031150 0.027167 0.023315 0.019692 0.016367 0.013388 0.010777 0.008538 0.006658 0.005109 0.003859 0.002869 0.002099 0.001512 0.001072 0.000748 0.000514 0.000348 0.000232 0.000152 0.000098 0.000062 0.000039 0.000024 0.000015 0.000009 0.000005 0.000003 0.000002 0.000001 0.000001 0.000000 0.000000 0.000000 0.000000 0.000000 0.000000 0.000000 0.000000 0.000000 0.000000 0.000000 
0.000000 0.000000 0.000000 0.000000 0.000000 0.000000 0.000000 0.000000 0.000000 0.000000 0.000000 0.000000 0.000001 0.000002 0.000003 0.000005 0.000009 0.000015 0.000024 0.000040 0.000065 0.000104 0.000163 0.000253 0.000386 0.000579 0.000855 0.001244 0.001781 0.002511 0.003485 0.004760 0.006399 0.008469 0.011031 0.014142 0.017843 0.022158 0.027081 0.032573 0.038557 0.044915 0.051490 0.058089 0.064489 0.070454 0.075743 0.080131 0.083420 0.085458 0.086148 0.085458 0.083420 0.080131 0.075743 0.070454 0.064489 0.058089 0.051490 0.044915 0.038557 0.032573 0.027081 0.022158 0.017843 0.014142 0.011031 0.008469 0.006399 0.004760 0.003485 0.002511 0.001781 0.001244 0.000855 0.000579 0.000386 0.000253 0.000163 0.000104 0.000065 0.000040 0.000024 0.000015 0.000009 0.000005 0.000003 0.000002 0.000001 0.000000 0.000000 0.000000 0.000000 0.000000 0.000000 0.000000 0.000000 0.000000 0.000000 0.000000 
0.000000 0.000000 0.000000 0.000000 0.000000 0.000000 0.000000 0.000000 0.000000 0.000000 0.000000 0.000001 0.000001 0.000003 0.000005 0.000008 0.000014 0.000024 0.000040 0.000066 0.000107 0.000171 0.000268 0.000415 0.000633 0.000949 0.001401 0.002037 0.002915 0.004108 0.005697 0.007778 0.010453 0.013827 0.018003 0.023072 0.029101 0.036127 0.044139 0.053076 0.062811 0.073152 0.083844 0.094572 0.104976 0.114670 0.123266 0.130395 0.135739 0.139051 0.140172 0.139051 0.135739 0.130395 0.123266 0.114670 0.104976 0.094572 0.083844 0.073152 0.062811 0.053076 0.044139 0.036127 0.029101 0.023072 0.018003 0.013827 0.010453 0.007778 0.005697 0.004108 0.002915 0.002037 0.001401 0.000949 0.000633 0.000415 0.000268 0.000171 0.000107 0.000066 0.000040 0.000024 0.000014 0.000008 0.000005 0.000003 0.000001 0.000001 0.000000 0.000000 0.000000 0.000000 0.000000 0.000000 0.000000 0.000000 0.000000 0.000000 
0.000000 0.000000 0.000000 0.000000 0.000000 0.000000 0.000000 0.000000 0.000000 0.000000 0.000001 0.000001 0.000002 0.000004 0.000008 0.000013 0.000023 0.000039 0.000065 0.000107 0.000173 0.000276 0.000434 0.000671 0.001022 0.001532 0.002261 0.003285 0.004699 0.006618 0.009174 0.012519 0.016817 0.022237 0.028942 0.037077 0.046751 0.058019 0.070867 0.085193 0.100793 0.117363 0.134490 0.151671 0.168331 0.183853 0.197613 0.209026 0.217580 0.222880 0.224676 0.222880 0.217580 0.209026 0.197613 0.183853 0.168331 0.151671 0.134490 0.117363 0.100793 0.085193 0.070867 0.058019 0.046751 0.037077 0.028942 0.022237 0.016817 0.012519 0.009174 0.006618 0.004699 0.003285 0.002261 0.001532 0.001022 0.000671 0.000434 0.000276 0.000173 0.000107 0.000065 0.000039 0.000023 0.000013 0.000008 0.000004 0.000002 0.000001 0.000001 0.000000 0.000000 0.000000 0.000000 0.000000 0.000000 0.000000 0.000000 0.000000 
0.000000 0.000000 0.000000 0.000000 0.000000 0.000000 0.000000 0.000000 0.000000 0.000001 0.000001 0.000002 0.000004 0.000007 0.000012 0.000021 0.000037 0.000062 0.000104 0.000171 0.000276 0.000441 0.000691 0.001068 0.001626 0.002436 0.003593 0.005217 0.007460 0.010500 0.014550 0.019847 0.026649 0.035224 0.045828 0.058689 0.073977 0.091780 0.112073 0.134693 0.159322 0.185473 0.212499 0.239605 0.265885 0.290366 0.312068 0.330065 0.343553 0.351910 0.354741 0.351910 0.343553 0.330065 0.312068 0.290366 0.265885 0.239605 0.212499 0.185473 0.159322 0.134693 0.112073 0.091780 0.073977 0.058689 0.045828 0.035224 0.026649 0.019847 0.014550 0.010500 0.007460 0.005217 0.003593 0.002436 0.001626 0.001068 0.000691 0.000441 0.000276 0.000171 0.000104 0.000062 0.000037 0.000021 0.000012 0.000007 0.000004 0.000002 0.000001 0.000001 0.000000 0.000000 0.000000 0.000000 0.000000 0.000000 0.000000 0.000000 
0.000000 0.000000 0.000000 0.000000 0.000000 0.000000 0.000000 0.000000 0.000000 0.000001 0.000002 0.000003 0.000006 0.000011 0.000019 0.000034 0.000058 0.000098 0.000163 0.000268 0.000434 0.000691 0.001084 0.001675 0.002547 0.003814 0.005622 0.008161 0.011663 0.016408 0.022726 0.030987 0.041592 0.054954 0.071472 0.091498 0.115297 0.143003 0.174574 0.209757 0.248054 0.288710 0.330718 0.372843 0.413679 0.451715 0.485428 0.513383 0.534334 0.547313 0.551710 0.547313 0.534334 0.513383 0.485428 0.451715 0.413679 0.372843 0.330718 0.288710 0.248054 0.209757 0.174574 0.143003 0.115297 0.091498 0.071472 0.054954 0.041592 0.030987 0.022726 0.016408 0.011663 0.008161 0.005622 0.003814 0.002547 0.001675 0.001084 0.000691 0.000434 0.000268 0.000163 0.000098 0.000058 0.000034 0.000019 0.000011 0.000006 0.000003 0.000002 0.000001 0.000000 0.000000 0.000000 0.000000 0.000000 0.000000 0.000000 0.000000 
0.000000 0.000000 0.000000 0.000000 0.000000 0.000000 0.000000 0.000000 0.000001 0.000001 0.000003 0.000005 0.000009 0.000017 0.000030 0.000052 0.000090 0.000152 0.000253 0.000415 0.000671 0.001068 0.001675 0.002585 0.003929 0.005880 0.008665 0.012571 0.017956 0.025252 0.034960 0.047648 0.063930 0.084438 0.109781 0.140496 0.176986 0.219453 0.267833 0.321733 0.380391 0.442649 0.506964 0.571449 0.633951 0.692159 0.743748 0.786522 0.818576 0.838433 0.845159 0.838433 0.818576 0.786522 0.743748 0.692159 0.633951 0.571449 0.506964 0.442649 0.380391 0.321733 0.267833 0.219453 0.176986 0.140496 0.109781 0.084438 0.063930 0.047648 0.034960 0.025252 0.017956 0.012571 0.008665 0.005880 0.003929 0.002585 0.001675 0.001068 0.000671 0.000415 0.000253 0.000152 0.000090 0.000052 0.000030 0.000017 0.000009 0.000005 0.000003 0.000001 0.000001 0.000000 0.000000 0.000000 0.000000 0.000000 0.000000 0.000000 
0.000000 0.000000 0.000000 0.000000 0.000000 0.000000 0.000000 0.000001 0.000001 0.000002 0.000004 0.000008 0.000014 0.000026 0.000046 0.000080 0.000137 0.000232 0.000386 0.000633 0.001022 0.001626 0.002547 0.003929 0.005969 0.008928 0.013149 0.019069 0.027225 0.038270 0.052962 0.072156 0.096776 0.127775 0.166070 0.212467 0.267572 0.331684 0.404704 0.486036 0.574527 0.668431 0.765420 0.862649 0.956874 1.044617 1.122372 1.186837 1.235143 1.265067 1.275203 1.265067 1.235143 1.186837 1.122372 1.044617 0.956874 0.862649 0.765420 0.668431 0.574527 0.486036 0.404704 0.331684 0.267572 0.212467 0.166070 0.127775 0.096776 0.072156 0.052962 0.038270 0.027225 0.019069 0.013149 0.008928 0.005969 0.003929 0.002547 0.001626 0.001022 0.000633 0.000386 0.000232 0.000137 0.000080 0.000046 0.000026 0.000014 0.000008 0.000004 0.000002 0.000001 0.000001 0.000000 0.000000 0.000000 0.000000 0.000000 0.000000 
0.000000 0.000000 0.000000 0.000000 0.000000 0.000000 0.000000 0.000001 0.000002 0.000003 0.000006 0.000012 0.000022 0.000039 0.000069 0.000120 0.000206 0.000348 0.000579 0.000949 0.001532 0.002436 0.003814 0.005880 0.008928 0.013348 0.019650 0.028483 0.040649 0.057116 0.079011 0.107605 0.144270 0.190417 0.247406 0.316433 0.398389 0.493717 0.602261 0.723133 0.854617 0.994117 1.138174 1.282566 1.422477 1.552747 1.668178 1.763872 1.835575 1.879991 1.895035 1.879991 1.835575 1.763872 1.668178 1.552747 1.422477 1.282566 1.138174 0.994117 0.854617 0.723133 0.602261 0.493717 0.398389 0.316433 0.247406 0.190417 0.144270 0.107605 0.079011 0.057116 0.040649 0.028483 0.019650 0.013348 0.008928 0.005880 0.003814 0.002436 0.001532 0.000949 0.000579 0.000348 0.000206 0.000120 0.000069 0.000039 0.000022 0.000012 0.000006 0.000003 0.000002 0.000001 0.000000 0.000000 0.000000 0.000000 0.000000 0.000000 
0.000000 0.000000 0.000000 0.000000 0.000000 0.000000 0.000001 0.000001 0.000003 0.000005 0.000010 0.000018 0.000032 0.000058 0.000102 0.000178 0.000304 0.000514 0.000855 0.001401 0.002261 0.003593 0.005622 0.008665 0.013149 0.019650 0.028915 0.041893 0.059763 0.083939 0.116073 0.158022 0.211792 0.279447 0.362970 0.464105 0.584150 0.723745 0.882655 1.059574 1.251985 1.456088 1.666823 1.878017 2.082630 2.273123 2.441900 2.581808 2.686634 2.751567 2.773558 2.751567 2.686634 2.581808 2.441900 2.273123 2.082630 1.878017 1.666823 1.456088 1.251985 1.059574 0.882655 0.723745 0.584150 0.464105 0.362970 0.279447 0.211792 0.158022 0.116073 0.083939 0.059763 0.041893 0.028915 0.019650 0.013149 0.008665 0.005622 0.003593 0.002261 0.001401 0.000855 0.000514 0.000304 0.000178 0.000102 0.000058 0.000032 0.000018 0.000010 0.000005 0.000003 0.000001 0.000001 0.000000 0.000000 0.000000 0.000000 0.000000 
0.000000 0.000000 0.000000 0.000000 0.000000 0.000001 0.000001 0.000002 0.000004 0.000007 0.000014 0.000026 0.000047 0.000084 0.000149 0.000259 0.000443 0.000748 0.001244 0.002037 0.003285 0.005217 0.008161 0.012571 0.019069 0.028483 0.041893 0.060672 0.086517 0.121470 0.167910 0.228514 0.306169 0.403844 0.524394 0.670321 0.843486 1.044802 1.273918 1.528945 1.806250 2.100352 2.403963 2.708189 3.002899 3.277242 3.520288 3.721747 3.872683 3.966173 3.997836 3.966173 3.872683 3.721747 3.520288 3.277242 3.002899 2.708189 2.403963 2.100352 1.806250 1.528945 1.273918 1.044802 0.843486 0.670321 0.524394 0.403844 0.306169 0.228514 0.167910 0.121470 0.086517 0.060672 0.041893 0.028483 0.019069 0.012571 0.008161 0.005217 0.003285 0.002037 0.001244 0.000748 0.000443 0.000259 0.000149 0.000084 0.000047 0.000026 0.000014 0.000007 0.000004 0.000002 0.000001 0.000001 0.000000 0.000000 0.000000 0.000000 
0.000000 0.000000 0.000000 0.000000 0.000000 0.000001 0.000001 0.000003 0.000006 0.000011 0.000020 0.000037 0.000068 0.000121 0.000214 0.000371 0.000636 0.001072 0.001781 0.002915 0.004699 0.007460 0.011663 0.017956 0.027225 0.040649 0.059763 0.086517 0.123325 0.173084 0.239173 0.325388 0.435826 0.574692 0.746031 0.953379 1.199369 1.485278 1.810597 2.172634 2.566220 2.983574 3.414356 3.845952 4.263997 4.653110 4.997805 5.283500 5.497535 5.630105 5.675003 5.630105 5.497535 5.283500 4.997805 4.653110 4.263997 3.845952 3.414356 2.983574 2.566220 2.172634 1.810597 1.485278 1.199369 0.953379 0.746031 0.574692 0.435826 0.325388 0.239173 0.173084 0.123325 0.086517 0.059763 0.040649 0.027225 0.017956 0.011663 0.007460 0.004699 0.002915 0.001781 0.001072 0.000636 0.000371 0.000214 0.000121 0.000068 0.000037 0.000020 0.000011 0.000006 0.000003 0.000001 0.000001 0.000000 0.000000 0.000000 0.000000 
0.000000 0.000000 0.000000 0.000000 0.000001 0.000001 0.000002 0.000004 0.000008 0.000015 0.000029 0.000053 0.000096 0.000171 0.000302 0.000524 0.000897 0.001512 0.002511 0.004108 0.006618 0.010500 0.016408 0.025252 0.038270 0.057116 0.083939 0.121470 0.173084 0.242835 0.335445 0.456217 0.610875 0.805285 1.045089 1.335217 1.679327 2.079188 2.534069 3.040191 3.590320 4.173573 4.775502 5.378491 5.962478 6.505996 6.987430 7.386432 7.685340 7.870472 7.933171 7.870472 7.685340 7.386432 6.987430 6.505996 5.962478 5.378491 4.775502 4.173573 3.590320 3.040191 2.534069 2.079188 1.679327 1.335217 1.045089 0.805285 0.610875 0.456217 0.335445 0.242835 0.173084 0.121470 0.083939 0.057116 0.038270 0.025252 0.016408 0.010500 0.006618 0.004108 0.002511 0.001512 0.000897 0.000524 0.000302 0.000171 0.000096 0.000053 0.000029 0.000015 0.000008 0.000004 0.000002 0.000001 0.000001 0.000000 0.000000 0.000000 
0.000000 0.000000 0.000000 0.000000 0.000001 0.000001 0.000003 0.000006 0.000011 0.000021 0.000040 0.000073 0.000133 0.000238 0.000419 0.000728 0.001246 0.002099 0.003485 0.005697 0.009174 0.014550 0.022726 0.034960 0.052962 0.079011 0.116073 0.167910 0.239173 0.335445 0.463224 0.629811 0.843072 1.111075 1.441566 1.841312 2.315326 2.866016 3.492352 4.189111 4.946322 5.749001 6.577264 7.406880 8.210266 8.957907 9.620096 10.168870 10.579957 10.834562 10.920787 10.834562 10.579957 10.168870 9.620096 8.957907 8.210266 7.406880 6.577264 5.749001 4.946322 4.189111 3.492352 2.866016 2.315326 1.841312 1.441566 1.111075 0.843072 0.629811 0.463224 0.335445 0.239173 0.167910 0.116073 0.079011 0.052962 0.034960 0.022726 0.014550 0.009174 0.005697 0.003485 0.002099 0.001246 0.000728 0.000419 0.000238 0.000133 0.000073 0.000040 0.000021 0.000011 0.000006 0.000003 0.000001 0.000001 0.000000 0.000000 0.000000 
0.000000 0.000000 0.000000 0.000000 0.000001 0.000002 0.000004 0.000008 0.000015 0.000029 0.000055 0.000100 0.000182 0.000326 0.000574 0.000996 0.001704 0.002869 0.004760 0.007778 0.012519 0.019847 0.030987 0.047648 0.072156 0.107605 0.158022 0.228514 0.325388 0.456217 0.629811 0.856057 1.145612 1.509396 1.957886 2.500230 3.143189 3.889998 4.739228 5.683773 6.710099 7.797889 8.920201 10.044210 11.132568 12.145316 13.042244 13.785508 14.342264 14.687077 14.803851 14.687077 14.342264 13.785508 13.042244 12.145316 11.132568 10.044210 8.920201 7.797889 6.710099 5.683773 4.739228 3.889998 3.143189 2.500230 1.957886 1.509396 1.145612 0.856057 0.629811 0.456217 0.325388 0.228514 0.158022 0.107605 0.072156 0.047648 0.030987 0.019847 0.012519 0.007778 0.004760 0.002869 0.001704 0.000996 0.000574 0.000326 0.000182 0.000100 0.000055 0.000029 0.000015 0.000008 0.000004 0.000002 0.000001 0.000000 0.000000 0.000000 
0.000000 0.000000 0.000000 0.000001 0.000001 0.000003 0.000006 0.000011 0.000021 0.000039 0.000074 0.000135 0.000246 0.000439 0.000773 0.001342 0.002292 0.003859 0.006399 0.010453 0.016817 0.026649 0.041592 0.063930 0.096776 0.144270 0.211792 0.306169 0.435826 0.610875 0.843072 1.145612 1.532707 2.018910 2.618182 3.342696 4.201440 5.198688 6.332495 7.593342 8.963143 10.414772 11.912277 13.411877 14.863767 16.214677 17.411010 18.402327 19.144859 19.604716 19.760448 19.604716 19.144859 18.402327 17.411010 16.214677 14.863767 13.411877 11.912277 10.414772 8.963143 7.593342 6.332495 5.198688 4.201440 3.342696 2.618182 2.018910 1.532707 1.145612 0.843072 0.610875 0.435826 0.306169 0.211792 0.144270 0.096776 0.063930 0.041592 0.026649 0.016817 0.010453 0.006399 0.003859 0.002292 0.001342 0.000773 0.000439 0.000246 0.000135 0.000074 0.000039 0.000021 0.000011 0.000006 0.000003 0.000001 0.000001 0.000000 0.000000 
0.000000 0.000000 0.000000 0.000001 0.000002 0.000004 0.000007 0.000014 0.000028 0.000052 0.000098 0.000180 0.000326 0.000583 0.001025 0.001778 0.003036 0.005109 0.008469 0.013827 0.022237 0.035224 0.054954 0.084438 0.127775 0.190417 0.279447 0.403844 0.574692 0.805285 1.111075 1.509396 2.018910 2.658722 3.447146 4.400140 5.529465 6.840691 8.331209 9.988469 11.788671 13.696157 15.663687 17.633756 19.540969 21.315390 22.886668 24.188605 25.163764 25.767671 25.972184 25.767671 25.163764 24.188605 22.886668 21.315390 19.540969 17.633756 15.663687 13.696157 11.788671 9.988469 8.331209 6.840691 5.529465 4.400140 3.447146 2.658722 2.018910 1.509396 1.111075 0.805285 0.574692 0.403844 0.279447 0.190417 0.127775 0.084438 0.054954 0.035224 0.022237 0.013827 0.008469 0.005109 0.003036 0.001778 0.001025 0.000583 0.000326 0.000180 0.000098 0.000052 0.000028 0.000014 0.000007 0.000004 0.000002 0.000001 0.000000 0.000000 
0.000000 0.000000 0.000001 0.000001 0.000002 0.000005 0.000010 0.000019 0.000036 0.000068 0.000128 0.000235 0.000426 0.000760 0.001338 0.002318 0.003958 0.006658 0.011031 0.018003 0.028942 0.045828 0.071472 0.109781 0.166070 0.247406 0.362970 0.524394 0.746031 1.045089 1.441566 1.957886 2.618182 3.447146 4.468438 5.702658 7.164966 8.862508 10.791848 12.936693 15.266212 17.734245 20.279676 22.828134 25.295062 27.590052 29.622173 31.305872 32.566925 33.347864 33.612325 33.347864 32.566925 31.305872 29.622173 27.590052 25.295062 22.828134 20.279676 17.734245 15.266212 12.936693 10.791848 8.862508 7.164966 5.702658 4.468438 3.447146 2.618182 1.957886 1.441566 1.045089 0.746031 0.524394 0.362970 0.247406 0.166070 0.109781 0.071472 0.045828 0.028942 0.018003 0.011031 0.006658 0.003958 0.002318 0.001338 0.000760 0.000426 0.000235 0.000128 0.000068 0.000036 0.000019 0.000010 0.000005 0.000002 0.000001 0.000000 0.000000 
0.000000 0.000000 0.000001 0.000002 0.000003 0.000006 0.000012 0.000024 0.000047 0.000088 0.000164 0.000302 0.000547 0.000977 0.001718 0.002976 0.005078 0.008538 0.014142 0.023072 0.037077 0.058689 0.091498 0.140496 0.212467 0.316433 0.464105 0.670321 0.953379 1.335217 1.841312 2.500230 3.342696 4.400140 5.702658 7.276436 9.140722 11.304545 13.763457 16.496635 19.464753 22.608981 25.851466 29.097496 32.239416 35.162144 37.749946 39.893949 41.499701 42.494080 42.830818 42.494080 41.499701 39.893949 37.749946 35.162144 32.239416 29.097496 25.851466 22.608981 19.464753 16.496635 13.763457 11.304545 9.140722 7.276436 5.702658 4.400140 3.342696 2.500230 1.841312 1.335217 0.953379 0.670321 0.464105 0.316433 0.212467 0.140496 0.091498 0.058689 0.037077 0.023072 0.014142 0.008538 0.005078 0.002976 0.001718 0.000977 0.000547 0.000302 0.000164 0.000088 0.000047 0.000024 0.000012 0.000006 0.000003 0.000001 0.000001 0.000000 
0.000000 0.000000 0.000001 0.000002 0.000004 0.000008 0.000016 0.000031 0.000059 0.000112 0.000208 0.000382 0.000692 0.001235 0.002171 0.003759 0.006412 0.010777 0.017843 0.029101 0.046751 0.073977 0.115297 0.176986 0.267572 0.398389 0.584150 0.843486 1.199369 1.679327 2.315326 3.143189 4.201440 5.529465 7.164966 9.140722 11.480797 14.196432 17.281960 20.711189 24.434731 28.378766 32.445641 36.516600 40.456682 44.121642 47.366441 50.054646 52.067913 53.314621 53.736803 53.314621 52.067913 50.054646 47.366441 44.121642 40.456682 36.516600 32.445641 28.378766 24.434731 20.711189 17.281960 14.196432 11.480797 9.140722 7.164966 5.529465 4.201440 3.143189 2.315326 1.679327 1.199369 0.843486 0.584150 0.398389 0.267572 0.176986 0.115297 0.073977 0.046751 0.029101 0.017843 0.010777 0.006412 0.003759 0.002171 0.001235 0.000692 0.000382 0.000208 0.000112 0.000059 0.000031 0.000016 0.000008 0.000004 0.000002 0.000001 0.000000 
0.000000 0.000000 0.000001 0.000002 0.000005 0.000010 0.000020 0.000038 0.000074 0.000139 0.000259 0.000476 0.000861 0.001536 0.002699 0.004672 0.007968 0.013388 0.022158 0.036127 0.058019 0.091780 0.143003 0.219453 0.331684 0.493717 0.723745 1.044802 1.485278 2.079188 2.866016 3.889998 5.198688 6.840691 8.862508 11.304545 14.196432 17.551951 21.364006 25.600162 30.199361 35.070396 40.092675 45.119577 49.984515 54.509470 58.515461 61.834151 64.319525 65.858552 66.379720 65.858552 64.319525 61.834151 58.515461 54.509470 49.984515 45.119577 40.092675 35.070396 30.199361 25.600162 21.364006 17.551951 14.196432 11.304545 8.862508 6.840691 5.198688 3.889998 2.866016 2.079188 1.485278 1.044802 0.723745 0.493717 0.331684 0.219453 0.143003 0.091780 0.058019 0.036127 0.022158 0.013388 0.007968 0.004672 0.002699 0.001536 0.000861 0.000476 0.000259 0.000139 0.000074 0.000038 0.000020 0.000010 0.000005 0.000002 0.000001 0.000000 
0.000000 0.000001 0.000001 0.000003 0.000006 0.000012 0.000024 0.000047 0.000090 0.000170 0.000318 0.000583 0.001055 0.001881 0.003303 0.005716 0.009745 0.016367 0.027081 0.044139 0.070867 0.112073 0.174574 0.267833 0.404704 0.602261 0.882655 1.273918 1.810597 2.534069 3.492352 4.739228 6.332495 8.331209 10.791848 13.763457 17.281960 21.364006 26.000855 31.152972 36.746036 42.669109 48.775560 54.887160 60.801449 66.302101 71.171654 75.205589 78.226524 80.097153 80.730606 80.097153 78.226524 75.205589 71.171654 66.302101 60.801449 54.887160 48.775560 42.669109 36.746036 31.152972 26.000855 21.364006 17.281960 13.763457 10.791848 8.331209 6.332495 4.739228 3.492352 2.534069 1.810597 1.273918 0.882655 0.602261 0.404704 0.267833 0.174574 0.112073 0.070867 0.044139 0.027081 0.016367 0.009745 0.005716 0.003303 0.001881 0.001055 0.000583 0.000318 0.000170 0.000090 0.000047 0.000024 0.000012 0.000006 0.000003 0.000001 0.000000 
0.000000 0.000001 0.000002 0.000004 0.000007 0.000015 0.000029 0.000057 0.000109 0.000206 0.000383 0.000703 0.001271 0.002265 0.003978 0.006881 0.011728 0.019692 0.032573 0.053076 0.085193 0.134693 0.209757 0.321733 0.486036 0.723133 1.059574 1.528945 2.172634 3.040191 4.189111 5.683773 7.593342 9.988469 12.936693 16.496635 20.711189 25.600162 31.152972 37.322177 44.018725 51.109762 58.419752 65.735387 72.814398 79.397962 85.225924 90.053632 93.668912 95.907533 96.665592 95.907533 93.668912 90.053632 85.225924 79.397962 72.814398 65.735387 58.419752 51.109762 44.018725 37.322177 31.152972 25.600162 20.711189 16.496635 12.936693 9.988469 7.593342 5.683773 4.189111 3.040191 2.172634 1.528945 1.059574 0.723133 0.486036 0.321733 0.209757 0.134693 0.085193 0.053076 0.032573 0.019692 0.011728 0.006881 0.003978 0.002265 0.001271 0.000703 0.000383 0.000206 0.000109 0.000057 0.000029 0.000015 0.000007 0.000003 0.000001 0.000000 
0.000000 0.000001 0.000002 0.000004 0.000009 0.000018 0.000035 0.000067 0.000129 0.000244 0.000454 0.000834 0.001507 0.002685 0.004713 0.008152 0.013889 0.023315 0.038557 0.062811 0.100793 0.159322 0.248054 0.380391 0.574527 0.854617 1.251985 1.806250 2.566220 3.590320 4.946322 6.710099 8.963143 11.788671 15.266212 19.464753 24.434731 30.199361 36.746036 44.018725 51.912379 60.270364 68.885795 77.507318 85.849504 93.607458 100.474744 106.163213 110.422979 113.060629 113.953804 113.060629 110.422979 106.163213 100.474744 93.607458 85.849504 77.507318 68.885795 60.270364 51.912379 44.018725 36.746036 30.199361 24.434731 19.464753 15.266212 11.788671 8.963143 6.710099 4.946322 3.590320 2.566220 1.806250 1.251985 0.854617 0.574527 0.380391 0.248054 0.159322 0.100793 0.062811 0.038557 0.023315 0.013889 0.008152 0.004713 0.002685 0.001507 0.000834 0.000454 0.000244 0.000129 0.000067 0.000035 0.000018 0.000009 0.000004 0.000002 0.000000 
0.000000 0.000001 0.000002 0.000005 0.000010 0.000021 0.000040 0.000079 0.000151 0.000285 0.000530 0.000973 0.001758 0.003132 0.005496 0.009503 0.016188 0.027167 0.044915 0.073152 0.117363 0.185473 0.288710 0.442649 0.668431 0.994117 1.456088 2.100352 2.983574 4.173573 5.749001 7.797889 10.414772 13.696157 17.734245 22.608981 28.378766 35.070396 42.669109 51.109762 60.270364 69.969113 79.965944 89.969257 99.647965 108.648444 116.615310 123.214414 128.155994 131.215778 132.251891 131.215778 128.155994 123.214414 116.615310 108.648444 99.647965 89.969257 79.965944 69.969113 60.270364 51.109762 42.669109 35.070396 28.378766 22.608981 17.734245 13.696157 10.414772 7.797889 5.749001 4.173573 2.983574 2.100352 1.456088 0.994117 0.668431 0.442649 0.288710 0.185473 0.117363 0.073152 0.044915 0.027167 0.016188 0.009503 0.005496 0.003132 0.001758 0.000973 0.000530 0.000285 0.000151 0.000079 0.000040 0.000020 0.000010 0.000005 0.000002 0.000000 
0.000000 0.000001 0.000003 0.000006 0.000012 0.000024 0.000047 0.000090 0.000173 0.000327 0.000609 0.001117 0.002019 0.003594 0.006306 0.010901 0.018565 0.031150 0.051490 0.083844 0.134490 0.212499 0.330718 0.506964 0.765420 1.138174 1.666823 2.403963 3.414356 4.775502 6.577264 8.920201 11.912277 15.663687 20.279676 25.851466 32.445641 40.092675 48.775560 58.419752 68.885795 79.965944 91.385957 102.812774 113.868284 124.148679 133.248178 140.785264 146.429118 149.923698 151.107034 149.923698 146.429118 140.785264 133.248178 124.148679 113.868284 102.812774 91.385957 79.965944 68.885795 58.419752 48.775560 40.092675 32.445641 25.851466 20.279676 15.663687 11.912277 8.920201 6.577264 4.775502 3.414356 2.403963 1.666823 1.138174 0.765420 0.506964 0.330718 0.212499 0.134490 0.083844 0.051490 0.031150 0.018565 0.010901 0.006306 0.003594 0.002019 0.001117 0.000609 0.000327 0.000173 0.000090 0.000047 0.000024 0.000012 0.000006 0.000002 0.000000 
