0.000000 0.000000 0.000000 0.000000 0.000000 0.000000 0.000000 0.000000 0.000000 0.000000 0.000000 0.000000 0.000000 0.000000 0.000000 0.000000 0.000000 0.000000 0.000000 0.000000 0.000000 0.000000 0.000000 0.000000 0.000000 0.000000 0.000000 0.000000 0.000000 0.000000 0.000000 0.000000 0.000000 0.000000 0.000000 0.000000 0.000000 0.000000 0.000000 0.000000 0.000000 0.000000 0.000000 0.000000 0.000000 0.000000 0.000000 0.000000 0.000000 0.000000 0.000000 0.000000 0.000000 0.000000 0.000000 0.000000 0.000000 0.000000 0.000000 0.000000 0.000000 0.000000 0.000000 0.000000 0.000000 0.000000 0.000000 0.000000 0.000000 0.000000 0.000000 0.000000 0.000000 0.000000 0.000000 0.000000 0.000000 0.000000 0.000000 0.000000 0.000000 0.000000 0.000000 0.000000 0.000000 0.000000 0.000000 0.000000 0.000000 0.000000 0.000000 0.000000 0.000000 0.000000 0.000000 0.000000 0.000000 0.000000 0.000000 0.000000 
0.000000 0.000000 0.000000 0.000000 0.000000 0.000000 0.000000 0.000000 0.000000 0.000001 0.000001 0.000001 0.000002 0.000003 0.000004 0.000005 0.000007 0.000010 0.000014 0.000018 0.000024 0.000032 0.000041 0.000053 0.000068 0.000086 0.000108 0.000135 0.000166 0.000203 0.000245 0.000294 0.000349 0.000411 0.000479 0.000554 0.000634 0.000718 0.000807 0.000898 0.000991 0.001082 0.001171 0.001256 0.001335 0.001405 0.001465 0.001514 0.001549 0.001571 0.001579 0.001571 0.001549 0.001514 0.001465 0.001405 0.001335 0.001256 0.001171 0.001082 0.000991 0.000898 0.000807 0.000718 0.000634 0.000554 0.000479 0.000411 0.000349 0.000294 0.000245 0.000203 0.000166 0.000135 0.000108 0.000086 0.000068 0.000053 0.000041 0.000032 0.000024 0.000018 0.000014 0.000010 0.000007 0.000005 0.000004 0.000003 0.000002 0.000001 0.000001 0.000001 0.000000 0.000000 0.000000 0.000000 0.000000 0.000000 0.000000 0.000000 
0.000000 0.000000 0.000000 0.000000 0.000000 0.000000 0.000000 0.000001 0.000001 0.000001 0.000002 0.000003 0.000004 0.000006 0.000008 0.000012 0.000016 0.000022 0.000030 0.000040 0.000052 0.000069 0.000090 0.000116 0.000148 0.000188 0.000236 0.000293 0.000362 0.000442 0.000534 0.000641 0.000761 0.000895 0.001044 0.001206 0.001380 0.001565 0.001758 0.001957 0.002158 0.002358 0.002552 0.002737 0.002908 0.003060 0.003191 0.003297 0.003375 0.003423 0.003438 0.003423 0.003375 0.003297 0.003191 0.003060 0.002908 0.002737 0.002552 0.002358 0.002158 0.001957 0.001758 0.001565 0.001380 0.001206 0.001044 0.000895 0.000761 0.000641 0.000534 0.000442 0.000362 0.000293 0.000236 0.000188 0.000148 0.000116 0.000090 0.000069 0.000052 0.000040 0.000030 0.000022 0.000016 0.000012 0.000008 0.000006 0.000004 0.000003 0.000002 0.000001 0.000001 0.000001 0.000000 0.000000 0.000000 0.000000 0.000000 0.000000 
0.000000 0.000000 0.000000 0.000000 0.000000 0.000000 0.000001 0.000001 0.000002 0.000002 0.000004 0.000005 0.000007 0.000010 0.000014 0.000020 0.000028 0.000038 0.000051 0.000068 0.000090 0.000119 0.000154 0.000199 0.000255 0.000323 0.000405 0.000504 0.000621 0.000759 0.000918 0.001100 0.001307 0.001538 0.001793 0.002071 0.002370 0.002687 0.003018 0.003359 0.003704 0.004046 0.004380 0.004696 0.004990 0.005252 0.005477 0.005658 0.005791 0.005873 0.005900 0.005873 0.005791 0.005658 0.005477 0.005252 0.004990 0.004696 0.004380 0.004046 0.003704 0.003359 0.003018 0.002687 0.002370 0.002071 0.001793 0.001538 0.001307 0.001100 0.000918 0.000759 0.000621 0.000504 0.000405 0.000323 0.000255 0.000199 0.000154 0.000119 0.000090 0.000068 0.000051 0.000038 0.000028 0.000020 0.000014 0.000010 0.000007 0.000005 0.000004 0.000002 0.000002 0.000001 0.000001 0.000000 0.000000 0.000000 0.000000 0.000000 
0.000000 0.000000 0.000000 0.000000 0.000001 0.000001 0.000001 0.000002 0.000003 0.000004 0.000006 0.000008 0.000012 0.000016 0.000023 0.000032 0.000044 0.000060 0.000081 0.000108 0.000144 0.000189 0.000246 0.000317 0.000405 0.000513 0.000644 0.000801 0.000988 0.001206 0.001459 0.001748 0.002076 0.002443 0.002847 0.003289 0.003763 0.004267 0.004793 0.005334 0.005881 0.006425 0.006953 0.007456 0.007921 0.008337 0.008694 0.008982 0.009193 0.009322 0.009366 0.009322 0.009193 0.008982 0.008694 0.008337 0.007921 0.007456 0.006953 0.006425 0.005881 0.005334 0.004793 0.004267 0.003763 0.003289 0.002847 0.002443 0.002076 0.001748 0.001459 0.001206 0.000988 0.000801 0.000644 0.000513 0.000405 0.000317 0.000246 0.000189 0.000144 0.000108 0.000081 0.000060 0.000044 0.000032 0.000023 0.000016 0.000012 0.000008 0.000006 0.000004 0.000003 0.000002 0.000001 0.000001 0.000000 0.000000 0.000000 0.000000 
0.000000 0.000000 0.000000 0.000000 0.000001 0.000001 0.000002 0.000003 0.000004 0.000006 0.000009 0.000013 0.000018 0.000025 0.000035 0.000049 0.000068 0.000092 0.000124 0.000167 0.000221 0.000290 0.000378 0.000487 0.000623 0.000789 0.000990 0.001231 0.001517 0.001852 0.002240 0.002685 0.003188 0.003751 0.004372 0.005049 0.005777 0.006549 0.007356 0.008186 0.009026 0.009859 0.010670 0.011441 0.012154 0.012792 0.013339 0.013780 0.014104 0.014302 0.014369 0.014302 0.014104 0.013780 0.013339 0.012792 0.012154 0.011441 0.010670 0.009859 0.009026 0.008186 0.007356 0.006549 0.005777 0.005049 0.004372 0.003751 0.003188 0.002685 0.002240 0.001852 0.001517 0.001231 0.000990 0.000789 0.000623 0.000487 0.000378 0.000290 0.000221 0.000167 0.000124 0.000092 0.000068 0.000049 0.000035 0.000025 0.000018 0.000013 0.000009 0.000006 0.000004 0.000003 0.000002 0.000001 0.000001 0.000000 0.000000 0.000000 
0.000000 0.000000 0.000000 0.000001 0.000001 0.000002 0.000003 0.000004 0.000006 0.000009 0.000013 0.000019 0.000027 0.000038 0.000054 0.000074 0.000102 0.000139 0.000188 0.000251 0.000333 0.000438 0.000570 0.000736 0.000940 0.001191 0.001494 0.001858 0.002288 0.002793 0.003378 0.004048 0.004806 0.005653 0.006589 0.007608 0.008705 0.009868 0.011083 0.012332 0.013596 0.014850 0.016071 0.017231 0.018304 0.019264 0.020087 0.020751 0.021239 0.021537 0.021638 0.021537 0.021239 0.020751 0.020087 0.019264 0.018304 0.017231 0.016071 0.014850 0.013596 0.012332 0.011083 0.009868 0.008705 0.007608 0.006589 0.005653 0.004806 0.004048 0.003378 0.002793 0.002288 0.001858 0.001494 0.001191 0.000940 0.000736 0.000570 0.000438 0.000333 0.000251 0.000188 0.000139 0.000102 0.000074 0.000054 0.000038 0.000027 0.000019 0.000013 0.000009 0.000006 0.000004 0.000003 0.000002 0.000001 0.000001 0.000000 0.000000 
0.000000 0.000000 0.000001 0.000001 0.000002 0.000003 0.000004 0.000006 0.000009 0.000014 0.000020 0.000028 0.000040 0.000057 0.000080 0.000111 0.000152 0.000208 0.000280 0.000375 0.000497 0.000653 0.000850 0.001096 0.001401 0.001774 0.002225 0.002766 0.003407 0.004158 0.005028 0.006025 0.007152 0.008412 0.009804 0.011320 0.012950 0.014678 0.016484 0.018341 0.020219 0.022084 0.023898 0.025621 0.027216 0.028642 0.029865 0.030852 0.031577 0.032020 0.032169 0.032020 0.031577 0.030852 0.029865 0.028642 0.027216 0.025621 0.023898 0.022084 0.020219 0.018341 0.016484 0.014678 0.012950 0.011320 0.009804 0.008412 0.007152 0.006025 0.005028 0.004158 0.003407 0.002766 0.002225 0.001774 0.001401 0.001096 0.000850 0.000653 0.000497 0.000375 0.000280 0.000208 0.000152 0.000111 0.000080 0.000057 0.000040 0.000028 0.000020 0.000014 0.000009 0.000006 0.000004 0.000003 0.000002 0.000001 0.000000 0.000000 
0.000000 0.000000 0.000001 0.000002 0.000003 0.000004 0.000006 0.000009 0.000014 0.000020 0.000029 0.000042 0.000060 0.000084 0.000118 0.000164 0.000225 0.000307 0.000414 0.000553 0.000733 0.000963 0.001254 0.001616 0.002065 0.002615 0.003280 0.004077 0.005021 0.006126 0.007407 0.008874 0.010533 0.012388 0.014435 0.016666 0.019064 0.021607 0.024263 0.026995 0.029757 0.032499 0.035166 0.037701 0.040046 0.042143 0.043941 0.045392 0.046458 0.047109 0.047328 0.047109 0.046458 0.045392 0.043941 0.042143 0.040046 0.037701 0.035166 0.032499 0.029757 0.026995 0.024263 0.021607 0.019064 0.016666 0.014435 0.012388 0.010533 0.008874 0.007407 0.006126 0.005021 0.004077 0.003280 0.002615 0.002065 0.001616 0.001254 0.000963 0.000733 0.000553 0.000414 0.000307 0.000225 0.000164 0.000118 0.000084 0.000060 0.000042 0.000029 0.000020 0.000014 0.000009 0.000006 0.000004 0.000003 0.000001 0.000001 0.000000 
0.000000 0.000001 0.000001 0.000002 0.000004 0.000006 0.000009 0.000014 0.000020 0.000029 0.000043 0.000061 0.000087 0.000123 0.000173 0.000239 0.000329 0.000448 0.000605 0.000809 0.001072 0.001407 0.001831 0.002361 0.003016 0.003818 0.004788 0.005951 0.007327 0.008940 0.010808 0.012946 0.015365 0.018069 0.021053 0.024304 0.027799 0.031504 0.035374 0.039354 0.043377 0.047372 0.051257 0.054949 0.058364 0.061419 0.064037 0.066150 0.067703 0.068651 0.068971 0.068651 0.067703 0.066150 0.064037 0.061419 0.058364 0.054949 0.051257 0.047372 0.043377 0.039354 0.035374 0.031504 0.027799 0.024304 0.021053 0.018069 0.015365 0.012946 0.010808 0.008940 0.007327 0.005951 0.004788 0.003818 0.003016 0.002361 0.001831 0.001407 0.001072 0.000809 0.000605 0.000448 0.000329 0.000239 0.000173 0.000123 0.000087 0.000061 0.000043 0.000029 0.000020 0.000014 0.000009 0.000006 0.000004 0.000002 0.000001 0.000000 
0.000000 0.000001 0.000002 0.000004 0.000006 0.000009 0.000013 0.000020 0.000029 0.000043 0.000062 0.000089 0.000127 0.000179 0.000250 0.000347 0.000477 0.000649 0.000876 0.001171 0.001552 0.002038 0.002651 0.003417 0.004364 0.005523 0.006926 0.008606 0.010596 0.012927 0.015626 0.018715 0.022210 0.026114 0.030424 0.035119 0.040165 0.045515 0.051102 0.056847 0.062656 0.068422 0.074029 0.079358 0.084287 0.088695 0.092473 0.095523 0.097763 0.099132 0.099593 0.099132 0.097763 0.095523 0.092473 0.088695 0.084287 0.079358 0.074029 0.068422 0.062656 0.056847 0.051102 0.045515 0.040165 0.035119 0.030424 0.026114 0.022210 0.018715 0.015626 0.012927 0.010596 0.008606 0.006926 0.005523 0.004364 0.003417 0.002651 0.002038 0.001552 0.001171 0.000876 0.000649 0.000477 0.000347 0.000250 0.000179 0.000127 0.000089 0.000062 0.000043 0.000029 0.000020 0.000013 0.000009 0.000005 0.000003 0.000001 0.000000 
0.000000 0.000001 0.000003 0.000005 0.000008 0.000013 0.000019 0.000028 0.000042 0.000061 0.000089 0.000128 0.000182 0.000257 0.000360 0.000499 0.000685 0.000932 0.001258 0.001681 0.002227 0.002923 0.003802 0.004900 0.006257 0.007918 0.009929 0.012335 0.015186 0.018523 0.022388 0.026811 0.031813 0.037403 0.043570 0.050290 0.057511 0.065166 0.073160 0.081379 0.089689 0.097936 0.105958 0.113580 0.120629 0.126934 0.132338 0.136699 0.139903 0.141861 0.142519 0.141861 0.139903 0.136699 0.132338 0.126934 0.120629 0.113580 0.105958 0.097936 0.089689 0.081379 0.073160 0.065166 0.057511 0.050290 0.043570 0.037403 0.031813 0.026811 0.022388 0.018523 0.015186 0.012335 0.009929 0.007918 0.006257 0.004900 0.003802 0.002923 0.002227 0.001681 0.001258 0.000932 0.000685 0.000499 0.000360 0.000257 0.000182 0.000128 0.000089 0.000061 0.000042 0.000028 0.000019 0.000012 0.000008 0.000005 0.000002 0.000000 
0.000000 0.000002 0.000004 0.000007 0.000012 0.000018 0.000027 0.000040 0.000060 0.000087 0.000127 0.000182 0.000259 0.000366 0.000512 0.000710 0.000975 0.001326 0.001789 0.002391 0.003167 0.004156 0.005404 0.006964 0.008892 0.011251 0.014105 0.017522 0.021567 0.026304 0.031788 0.038064 0.045161 0.053091 0.061840 0.071370 0.081612 0.092467 0.103802 0.115456 0.127237 0.138931 0.150302 0.161107 0.171099 0.180037 0.187696 0.193878 0.198419 0.201194 0.202127 0.201194 0.198419 0.193878 0.187696 0.180037 0.171099 0.161107 0.150302 0.138931 0.127237 0.115456 0.103802 0.092467 0.081612 0.071370 0.061840 0.053091 0.045161 0.038064 0.031788 0.026304 0.021567 0.017522 0.014105 0.011251 0.008892 0.006964 0.005404 0.004156 0.003167 0.002391 0.001789 0.001326 0.000975 0.000710 0.000512 0.000366 0.000259 0.000182 0.000127 0.000087 0.000060 0.000040 0.000027 0.000018 0.000011 0.000006 0.000003 0.000000 
0.000000 0.000003 0.000006 0.000010 0.000016 0.000025 0.000038 0.000057 0.000084 0.000123 0.000179 0.000257 0.000366 0.000517 0.000722 0.001001 0.001374 0.001870 0.002522 0.003370 0.004462 0.005855 0.007613 0.009809 0.012523 0.015842 0.019858 0.024665 0.030357 0.037020 0.044733 0.053558 0.063537 0.074686 0.086985 0.100381 0.114778 0.130034 0.145964 0.162341 0.178896 0.195326 0.211303 0.226484 0.240522 0.253078 0.263838 0.272523 0.278900 0.282799 0.284110 0.282799 0.278900 0.272523 0.263838 0.253078 0.240522 0.226484 0.211303 0.195326 0.178896 0.162341 0.145964 0.130034 0.114778 0.100381 0.086985 0.074686 0.063537 0.053558 0.044733 0.037020 0.030357 0.024665 0.019858 0.015842 0.012523 0.009809 0.007613 0.005855 0.004462 0.003370 0.002522 0.001870 0.001374 0.001001 0.000722 0.000516 0.000366 0.000257 0.000179 0.000123 0.000084 0.000057 0.000038 0.000025 0.000016 0.000009 0.000004 0.000000 
0.000000 0.000004 0.000008 0.000014 0.000023 0.000035 0.000054 0.000080 0.000118 0.000173 0.000250 0.000360 0.000512 0.000722 0.001010 0.001399 0.001921 0.002613 0.003523 0.004707 0.006232 0.008176 0.010629 0.013692 0.017478 0.022107 0.027708 0.034411 0.042346 0.051634 0.062385 0.074685 0.088591 0.104126 0.121263 0.139926 0.159980 0.181231 0.203420 0.226229 0.249284 0.272164 0.294413 0.315552 0.335097 0.352580 0.367561 0.379652 0.388532 0.393960 0.395785 0.393960 0.388532 0.379652 0.367561 0.352580 0.335097 0.315552 0.294413 0.272164 0.249284 0.226229 0.203420 0.181231 0.159980 0.139926 0.121263 0.104126 0.088591 0.074685 0.062385 0.051634 0.042346 0.034411 0.027708 0.022107 0.017478 0.013692 0.010629 0.008176 0.006232 0.004707 0.003523 0.002613 0.001921 0.001399 0.001010 0.000722 0.000512 0.000360 0.000250 0.000173 0.000118 0.000080 0.000053 0.000035 0.000022 0.000013 0.000006 0.000000 
0.000000 0.000005 0.000012 0.000020 0.000032 0.000049 0.000074 0.000111 0.000164 0.000239 0.000347 0.000499 0.000710 0.001001 0.001399 0.001938 0.002660 0.003618 0.004878 0.006516 0.008625 0.011314 0.014706 0.018941 0.024174 0.030573 0.038314 0.047577 0.058540 0.071373 0.086224 0.103213 0.122420 0.143872 0.167536 0.193304 0.220992 0.250329 0.280959 0.312443 0.344265 0.375843 0.406549 0.435722 0.462695 0.486820 0.507493 0.524177 0.536430 0.543919 0.546438 0.543919 0.536430 0.524177 0.507493 0.486820 0.462695 0.435722 0.406549 0.375843 0.344265 0.312443 0.280959 0.250329 0.220992 0.193304 0.167536 0.143872 0.122420 0.103213 0.086224 0.071373 0.058540 0.047577 0.038314 0.030573 0.024174 0.018941 0.014706 0.011314 0.008625 0.006516 0.004878 0.003618 0.002660 0.001938 0.001399 0.001001 0.000710 0.000498 0.000347 0.000239 0.000164 0.000111 0.000074 0.000048 0.000031 0.000018 0.000008 0.000000 
0.000000 0.000007 0.000016 0.000028 0.000044 0.000068 0.000102 0.000152 0.000225 0.000329 0.000477 0.000685 0.000975 0.001374 0.001921 0.002660 0.003651 0.004965 0.006692 0.008938 0.011829 0.015515 0.020163 0.025967 0.033137 0.041902 0.052505 0.065190 0.080203 0.097774 0.118105 0.141362 0.167651 0.197012 0.229396 0.264657 0.302542 0.342681 0.384586 0.427656 0.471186 0.514382 0.556381 0.596281 0.633172 0.666167 0.694439 0.717257 0.734013 0.744254 0.747700 0.744254 0.734013 0.717257 0.694439 0.666167 0.633172 0.596281 0.556381 0.514382 0.471186 0.427656 0.384586 0.342681 0.302542 0.264657 0.229396 0.197012 0.167651 0.141362 0.118105 0.097774 0.080203 0.065190 0.052505 0.041902 0.033137 0.025967 0.020163 0.015515 0.011829 0.008938 0.006692 0.004965 0.003651 0.002660 0.001921 0.001374 0.000975 0.000685 0.000477 0.000329 0.000225 0.000152 0.000101 0.000066 0.000042 0.000025 0.000011 0.000000 
0.000000 0.000010 0.000022 0.000038 0.000060 0.000092 0.000139 0.000208 0.000307 0.000448 0.000649 0.000932 0.001326 0.001870 0.002613 0.003618 0.004965 0.006752 0.009099 0.012150 0.016078 0.021084 0.027397 0.035278 0.045014 0.056914 0.071305 0.088523 0.108896 0.132738 0.160324 0.191875 0.227537 0.267361 0.311283 0.359104 0.410478 0.464905 0.521723 0.580117 0.639132 0.697689 0.754623 0.808709 0.858714 0.903436 0.941757 0.972683 0.995394 1.009275 1.013945 1.009275 0.995394 0.972683 0.941757 0.903436 0.858714 0.808709 0.754623 0.697689 0.639132 0.580117 0.521723 0.464905 0.410478 0.359104 0.311283 0.267361 0.227537 0.191875 0.160324 0.132738 0.108896 0.088523 0.071305 0.056914 0.045014 0.035278 0.027397 0.021084 0.016078 0.012150 0.009099 0.006752 0.004965 0.003618 0.002613 0.001870 0.001326 0.000932 0.000649 0.000448 0.000306 0.000207 0.000138 0.000090 0.000057 0.000033 0.000015 0.000000 
0.000000 0.000014 0.000030 0.000051 0.000081 0.000124 0.000188 0.000280 0.000414 0.000605 0.000876 0.001258 0.001789 0.002522 0.003523 0.004878 0.006692 0.009099 0.012259 0.016368 0.021657 0.028395 0.036892 0.047498 0.060597 0.076607 0.095967 0.119126 0.146527 0.178588 0.215681 0.258101 0.306044 0.359578 0.418614 0.482887 0.551931 0.625071 0.701420 0.779883 0.859175 0.937849 1.014337 1.086998 1.154173 1.214251 1.265726 1.307269 1.337776 1.356421 1.362693 1.356421 1.337776 1.307269 1.265726 1.214251 1.154173 1.086998 1.014337 0.937849 0.859175 0.779883 0.701420 0.625071 0.551931 0.482887 0.418614 0.359578 0.306044 0.258101 0.215681 0.178588 0.146527 0.119126 0.095967 0.076607 0.060597 0.047498 0.036892 0.028395 0.021657 0.016368 0.012259 0.009099 0.006692 0.004878 0.003523 0.002522 0.001789 0.001258 0.000876 0.000605 0.000413 0.000279 0.000187 0.000122 0.000077 0.000045 0.000021 0.000000 
0.000000 0.000018 0.000040 0.000068 0.000108 0.000167 0.000251 0.000375 0.000553 0.000809 0.001171 0.001681 0.002391 0.003370 0.004707 0.006516 0.008938 0.012150 0.016368 0.021851 0.028907 0.037895 0.049229 0.063373 0.080841 0.102187 0.127996 0.158866 0.195387 0.238116 0.287544 0.344066 0.407941 0.479259 0.557901 0.643512 0.735470 0.832879 0.934555 1.039040 1.144623 1.249378 1.351219 1.447960 1.537394 1.617376 1.685905 1.741210 1.781821 1.806642 1.814993 1.806642 1.781821 1.741210 1.685905 1.617376 1.537394 1.447960 1.351219 1.249378 1.144623 1.039040 0.934555 0.832879 0.735470 0.643512 0.557901 0.479259 0.407941 0.344066 0.287544 0.238116 0.195387 0.158866 0.127996 0.102187 0.080841 0.063373 0.049229 0.037895 0.028907 0.021851 0.016368 0.012150 0.008938 0.006516 0.004707 0.003370 0.002391 0.001681 0.001171 0.000808 0.000553 0.000374 0.000250 0.000164 0.000103 0.000061 0.000028 0.000000 
0.000000 0.000024 0.000052 0.000090 0.000144 0.000221 0.000333 0.000497 0.000733 0.001072 0.001552 0.002227 0.003167 0.004462 0.006232 0.008625 0.011829 0.016078 0.021657 0.028907 0.038236 0.050119 0.065099 0.083792 0.106875 0.135080 0.169178 0.209957 0.258196 0.314628 0.379903 0.454539 0.538877 0.633035 0.736854 0.849863 0.971244 1.099811 1.234002 1.371892 1.511224 1.649458 1.783840 1.911488 2.029492 2.135020 2.225436 2.298401 2.351981 2.384728 2.395745 2.384728 2.351981 2.298401 2.225436 2.135020 2.029492 1.911488 1.783840 1.649458 1.511224 1.371892 1.234002 1.099811 0.971244 0.849863 0.736854 0.633035 0.538877 0.454539 0.379903 0.314628 0.258196 0.209957 0.169178 0.135080 0.106875 0.083792 0.065099 0.050119 0.038236 0.028907 0.021657 0.016078 0.011829 0.008625 0.006232 0.004462 0.003167 0.002227 0.001552 0.001071 0.000733 0.000496 0.000331 0.000217 0.000137 0.000080 0.000037 0.000000 
0.000000 0.000032 0.000069 0.000119 0.000189 0.000290 0.000438 0.000653 0.000963 0.001407 0.002038 0.002923 0.004156 0.005855 0.008176 0.011314 0.015515 0.021084 0.028395 0.037895 0.050119 0.065685 0.085308 0.109791 0.140019 0.176950 0.221593 0.274977 0.338121 0.411983 0.497409 0.595078 0.705435 0.828629 0.964455 1.112293 1.271074 1.439242 1.614757 1.795101 1.977322 2.158099 2.333831 2.500750 2.655053 2.793040 2.911263 3.006668 3.076725 3.119541 3.133945 3.119541 3.076725 3.006668 2.911263 2.793040 2.655053 2.500750 2.333831 2.158099 1.977322 1.795101 1.614757 1.439242 1.271074 1.112293 0.964455 0.828629 0.705435 0.595078 0.497409 0.411983 0.338121 0.274977 0.221593 0.176950 0.140019 0.109791 0.085308 0.065685 0.050119 0.037895 0.028395 0.021084 0.015514 0.011313 0.008176 0.005855 0.004156 0.002923 0.002037 0.001407 0.000962 0.000651 0.000435 0.000285 0.000180 0.000106 0.000049 0.000000 
0.000000 0.000041 0.000090 0.000154 0.000246 0.000378 0.000570 0.000850 0.001254 0.001831 0.002651 0.003802 0.005404 0.007613 0.010629 0.014706 0.020163 0.027397 0.036892 0.049229 0.065099 0.085308 0.110780 0.142556 0.181784 0.229706 0.287627 0.356884 0.438794 0.534597 0.645391 0.772051 0.915155 1.074892 1.250995 1.442660 1.648496 1.866490 2.093994 2.327745 2.563918 2.798208 3.025952 3.242268 3.442227 3.621038 3.774234 3.897860 3.988639 4.044119 4.062783 4.044119 3.988639 3.897860 3.774234 3.621038 3.442227 3.242268 3.025952 2.798208 2.563918 2.327745 2.093994 1.866490 1.648496 1.442660 1.250995 1.074892 0.915155 0.772051 0.645391 0.534597 0.438794 0.356884 0.287627 0.229706 0.181784 0.142556 0.110780 0.085308 0.065099 0.049229 0.036892 0.027397 0.020163 0.014705 0.010629 0.007613 0.005404 0.003802 0.002650 0.001830 0.001252 0.000847 0.000566 0.000371 0.000235 0.000137 0.000063 0.000000 
0.000000 0.000053 0.000116 0.000199 0.000317 0.000487 0.000736 0.001096 0.001616 0.002361 0.003417 0.004900 0.006964 0.009809 0.013692 0.018941 0.025967 0.035278 0.047498 0.063373 0.083792 0.109791 0.142556 0.183424 0.233873 0.295495 0.369968 0.459006 0.564301 0.687445 0.829845 0.992624 1.176521 1.381778 1.608047 1.854295 2.118734 2.398776 2.691019 2.991271 3.294620 3.595539 3.888038 4.165850 4.422649 4.652282 4.849016 5.007772 5.124346 5.195591 5.219559 5.195591 5.124346 5.007772 4.849016 4.652282 4.422649 4.165850 3.888038 3.595539 3.294620 2.991271 2.691019 2.398776 2.118734 1.854295 1.608047 1.381778 1.176521 0.992624 0.829845 0.687445 0.564301 0.459006 0.369968 0.295495 0.233873 0.183424 0.142556 0.109791 0.083792 0.063373 0.047498 0.035278 0.025967 0.018941 0.013692 0.009809 0.006964 0.004899 0.003416 0.002360 0.001614 0.001093 0.000730 0.000479 0.000303 0.000177 0.000082 0.000000 
0.000000 0.000068 0.000148 0.000255 0.000405 0.000623 0.000940 0.001401 0.002065 0.003016 0.004364 0.006257 0.008892 0.012523 0.017478 0.024174 0.033137 0.045014 0.060597 0.080841 0.106875 0.140019 0.181784 0.233873 0.298165 0.376688 0.471578 0.585015 0.719151 0.876010 1.057383 1.264696 1.498885 1.760258 2.048368 2.361897 2.698566 3.055080 3.427107 3.809312 4.195441 4.578462 4.950753 5.304338 5.631169 5.923420 6.173794 6.375834 6.524188 6.614855 6.645357 6.614855 6.524188 6.375834 6.173794 5.923420 5.631169 5.304338 4.950753 4.578462 4.195441 3.809312 3.427107 3.055080 2.698566 2.361897 2.048368 1.760258 1.498885 1.264696 1.057383 0.876010 0.719151 0.585015 0.471578 0.376688 0.298165 0.233873 0.181784 0.140019 0.106875 0.080841 0.060597 0.045014 0.033137 0.024174 0.017478 0.012523 0.008892 0.006257 0.004363 0.003014 0.002063 0.001396 0.000933 0.000612 0.000387 0.000227 0.000104 0.000000 
0.000000 0.000086 0.000188 0.000323 0.000513 0.000789 0.001191 0.001774 0.002615 0.003818 0.005523 0.007918 0.011251 0.015842 0.022107 0.030573 0.041902 0.056914 0.076607 0.102187 0.135080 0.176950 0.229706 0.295495 0.376688 0.475844 0.595655 0.738871 0.908205 1.106209 1.335136 1.596785 1.892333 2.222164 2.585710 2.981306 3.406075 3.855857 4.325187 4.807334 5.294412 5.777549 6.247134 6.693113 7.105334 7.473932 7.789708 8.044519 8.231621 8.345967 8.384434 8.345967 8.231621 8.044519 7.789708 7.473932 7.105334 6.693113 6.247134 5.777549 5.294412 4.807334 4.325187 3.855857 3.406075 2.981306 2.585710 2.222164 1.892333 1.596785 1.335136 1.106209 0.908205 0.738871 0.595655 0.475844 0.376688 0.295495 0.229706 0.176950 0.135080 0.102187 0.076607 0.056914 0.041902 0.030573 0.022107 0.015842 0.011250 0.007918 0.005522 0.003816 0.002611 0.001768 0.001182 0.000775 0.000491 0.000287 0.000132 0.000000 
0.000000 0.000108 0.000236 0.000405 0.000644 0.000990 0.001494 0.002225 0.003280 0.004788 0.006926 0.009929 0.014105 0.019858 0.027708 0.038314 0.052505 0.071305 0.095967 0.127996 0.169178 0.221593 0.287627 0.369968 0.471578 0.595655 0.745564 0.924743 1.136579 1.384262 1.670603 1.997850 2.367466 2.779930 3.234528 3.729173 4.260266 4.822603 5.409350 6.012095 6.620979 7.224914 7.811889 8.369339 8.884582 9.345287 9.739965 10.058439 10.292285 10.435197 10.483275 10.435197 10.292285 10.058439 9.739965 9.345287 8.884582 8.369339 7.811889 7.224914 6.620979 6.012095 5.409350 4.822603 4.260266 3.729173 3.234528 2.779930 2.367466 1.997850 1.670603 1.384262 1.136579 0.924743 0.745564 0.595655 0.471578 0.369968 0.287627 0.221593 0.169178 0.127996 0.095967 0.071305 0.052505 0.038314 0.027708 0.019858 0.014104 0.009928 0.006925 0.004786 0.003276 0.002218 0.001483 0.000973 0.000616 0.000361 0.000166 0.000000 
0.000000 0.000135 0.000293 0.000504 0.000801 0.001231 0.001858 0.002766 0.004077 0.005951 0.008606 0.012335 0.017522 0.024665 0.034411 0.047577 0.065190 0.088523 0.119126 0.158866 0.209957 0.274977 0.356884 0.459006 0.585015 0.738871 0.924743 1.146887 1.409498 1.716522 2.071442 2.477033 2.935107 3.446251 4.009573 4.622486 5.280527 5.977244 6.704172 7.450887 8.205177 8.953310 9.680410 10.370917 11.009126 11.579770 12.068621 12.463080 12.752716 12.929723 12.989270 12.929723 12.752716 12.463080 12.068621 11.579770 11.009126 10.370917 9.680410 8.953310 8.205177 7.450887 6.704172 5.977244 5.280527 4.622486 4.009573 3.446251 2.935107 2.477033 2.071442 1.716522 1.409498 1.146887 0.924743 0.738871 0.585015 0.459006 0.356884 0.274977 0.209957 0.158866 0.119126 0.088523 0.065190 0.047577 0.034411 0.024665 0.017521 0.012334 0.008604 0.005947 0.004071 0.002758 0.001844 0.001209 0.000766 0.000448 0.000207 0.000000 
0.000000 0.000166 0.000362 0.000621 0.000988 0.001517 0.002288 0.003407 0.005021 0.007327 0.010596 0.015186 0.021567 0.030357 0.042346 0.058540 0.080203 0.108896 0.146527 0.195387 0.258196 0.338121 0.438794 0.564301 0.719151 0.908205 1.136579 1.409498 1.732107 2.109248 2.545191 3.043339 3.605911 4.233620 4.925367 5.677968 6.485939 7.341360 8.233832 9.150560 10.076552 10.994955 11.887509 12.735121 13.518517 14.218963 14.819000 15.303171 15.658675 15.875934 15.949022 15.875934 15.658675 15.303171 14.819000 14.218963 13.518517 12.735121 11.887509 10.994955 10.076552 9.150560 8.233832 7.341360 6.485939 5.677968 4.925367 4.233620 3.605911 3.043339 2.545191 2.109248 1.732107 1.409498 1.136579 0.908205 0.719151 0.564301 0.438794 0.338121 0.258196 0.195387 0.146527 0.108896 0.080203 0.058540 0.042345 0.030356 0.021566 0.015184 0.010594 0.007324 0.005014 0.003397 0.002271 0.001490 0.000944 0.000553 0.000254 0.000000 
0.000000 0.000203 0.000442 0.000759 0.001206 0.001852 0.002793 0.004158 0.006126 0.008940 0.012927 0.018523 0.026304 0.037020 0.051634 0.071373 0.097774 0.132738 0.178588 0.238116 0.314628 0.411983 0.534597 0.687445 0.876010 1.106209 1.384262 1.716522 2.109248 2.568325 3.098943 3.705235 4.389894 5.153781 5.995552 6.911327 7.894429 8.935216 10.021038 11.136327 12.262846 13.380095 14.465868 15.496942 16.449878 17.301896 18.031766 18.620691 19.053106 19.317366 19.406266 19.317366 19.053106 18.620691 18.031766 17.301896 16.449878 15.496942 14.465868 13.380095 12.262846 11.136327 10.021038 8.935216 7.894429 6.911327 5.995552 5.153781 4.389894 3.705235 3.098943 2.568325 2.109248 1.716522 1.384262 1.106209 0.876010 0.687445 0.534597 0.411983 0.314628 0.238116 0.178588 0.132738 0.097773 0.071373 0.051634 0.037019 0.026303 0.018522 0.012924 0.008936 0.006119 0.004146 0.002772 0.001819 0.001153 0.000675 0.000311 0.000000 
0.000000 0.000245 0.000534 0.000918 0.001459 0.002240 0.003378 0.005028 0.007407 0.010808 0.015626 0.022388 0.031788 0.044733 0.062385 0.086224 0.118105 0.160324 0.215681 0.287544 0.379903 0.497409 0.645391 0.829845 1.057383 1.335136 1.670603 2.071442 2.545191 3.098943 3.738947 4.470181 5.295882 6.217079 7.232145 8.336395 9.521774 10.776652 12.085775 13.430374 14.788466 16.135340 17.444231 18.687152 19.835857 20.862890 21.742672 22.452549 22.973769 23.292298 23.399454 23.292298 22.973769 22.452549 21.742672 20.862890 19.835857 18.687152 17.444231 16.135340 14.788466 13.430374 12.085775 10.776652 9.521774 8.336395 7.232145 6.217079 5.295882 4.470181 3.738947 3.098943 2.545191 2.071442 1.670603 1.335136 1.057383 0.829845 0.645391 0.497409 0.379903 0.287544 0.215681 0.160324 0.118105 0.086224 0.062384 0.044732 0.031787 0.022386 0.015622 0.010802 0.007398 0.005013 0.003353 0.002200 0.001394 0.000816 0.000376 0.000000 
0.000000 0.000294 0.000641 0.001100 0.001748 0.002685 0.004048 0.006025 0.008874 0.012946 0.018715 0.026811 0.038064 0.053558 0.074685 0.103213 0.141362 0.191875 0.258101 0.344066 0.454539 0.595078 0.772051 0.992624 1.264696 1.596785 1.997850 2.477033 3.043339 3.705235 4.470181 5.344113 6.330892 7.431738 8.644697 9.964165 11.380510 12.879834 14.443908 16.050309 17.672778 19.281797 20.845399 22.330157 23.702338 24.929156 25.980062 26.828006 27.450593 27.831069 27.959064 27.831069 27.450593 26.828006 25.980062 24.929156 23.702338 22.330157 20.845399 19.281797 17.672778 16.050309 14.443908 12.879834 11.380510 9.964165 8.644697 7.431738 6.330892 5.344113 4.470181 3.705235 3.043339 2.477033 1.997850 1.596785 1.264696 0.992624 0.772051 0.595078 0.454539 0.344066 0.258100 0.191875 0.141361 0.103213 0.074684 0.053557 0.038063 0.026808 0.018711 0.012940 0.008863 0.006006 0.004018 0.002636 0.001671 0.000979 0.000451 0.000000 
0.000000 0.000349 0.000761 0.001307 0.002076 0.003188 0.004806 0.007152 0.010533 0.015365 0.022210 0.031813 0.045161 0.063537 0.088591 0.122420 0.167651 0.227537 0.306044 0.407941 0.538877 0.705435 0.915155 1.176521 1.498885 1.892333 2.367466 2.935107 3.605911 4.389894 5.295882 6.330892 7.499485 8.803096 10.239402 11.801758 13.478752 15.253926 17.105695 19.007513 20.928292 22.833096 24.684087 26.441702 28.066020 29.518239 30.762208 31.765918 32.502868 32.953229 33.104734 32.953229 32.502868 31.765918 30.762208 29.518239 28.066020 26.441702 24.684087 22.833096 20.928292 19.007513 17.105695 15.253926 13.478752 11.801758 10.239402 8.803096 7.499485 6.330892 5.295882 4.389894 3.605911 2.935107 2.367466 1.892333 1.498885 1.176521 0.915155 0.705435 0.538877 0.407941 0.306044 0.227537 0.167651 0.122420 0.088591 0.063536 0.045160 0.031810 0.022205 0.015357 0.010520 0.007130 0.004770 0.003130 0.001984 0.001162 0.000535 0.000000 
0.000000 0.000411 0.000895 0.001538 0.002443 0.003751 0.005653 0.008412 0.012388 0.018069 0.026114 0.037403 0.053091 0.074686 0.104126 0.143872 0.197012 0.267361 0.359578 0.479259 0.633035 0.828629 1.074892 1.381778 1.760258 2.222164 2.779930 3.446251 4.233620 5.153781 6.217079 7.431738 8.803096 10.332827 12.018192 13.851385 15.819012 17.901754 20.074288 22.305468 24.558828 26.793386 28.964762 31.026556 32.931948 34.635434 36.094619 37.271965 38.136397 38.664661 38.842373 38.664661 38.136397 37.271965 36.094619 34.635434 32.931948 31.026556 28.964762 26.793386 24.558828 22.305468 20.074288 17.901754 15.819012 13.851385 12.018192 10.332827 8.803096 7.431738 6.217079 5.153781 4.233620 3.446251 2.779930 2.222164 1.760258 1.381778 1.074892 0.828629 0.633035 0.479259 0.359578 0.267361 0.197012 0.143872 0.104125 0.074684 0.053089 0.037399 0.026109 0.018059 0.012372 0.008386 0.005611 0.003683 0.002335 0.001367 0.000630 0.000000 
0.000000 0.000479 0.001044 0.001793 0.002847 0.004372 0.006589 0.009804 0.014435 0.021053 0.030424 0.043570 0.061840 0.086985 0.121263 0.167536 0.229396 0.311283 0.418614 0.557901 0.736854 0.964455 1.250995 1.608047 2.048368 2.585710 3.234528 4.009573 4.925367 5.995552 7.232145 8.644697 10.239402 12.018192 13.977871 16.109354 18.397058 20.818518 23.344290 25.938165 28.557752 31.155416 33.679574 36.076298 38.291174 40.271320 41.967466 43.335991 44.340783 44.954820 45.161385 44.954820 44.340783 43.335991 41.967466 40.271320 38.291174 36.076298 33.679574 31.155416 28.557752 25.938165 23.344290 20.818518 18.397058 16.109354 13.977871 12.018192 10.239402 8.644697 7.232145 5.995552 4.925367 4.009573 3.234528 2.585710 2.048368 1.608047 1.250995 0.964455 0.736854 0.557901 0.418614 0.311283 0.229396 0.167535 0.121262 0.086984 0.061837 0.043566 0.030417 0.021041 0.014416 0.009773 0.006539 0.004293 0.002721 0.001594 0.000734 0.000000 
0.000000 0.000554 0.001206 0.002071 0.003289 0.005049 0.007608 0.011320 0.016666 0.024304 0.035119 0.050290 0.071370 0.100381 0.139926 0.193304 0.264657 0.359104 0.482887 0.643512 0.849863 1.112293 1.442660 1.854295 2.361897 2.981306 3.729173 4.622486 5.677968 6.911327 8.336395 9.964165 11.801758 13.851385 16.109354 18.565185 21.200914 23.990656 26.900484 29.888685 32.906429 35.898847 38.806526 41.567358 44.118672 46.399567 48.353306 49.929654 51.087022 51.794298 52.032228 51.794298 51.087022 49.929654 48.353306 46.399567 44.118672 41.567358 38.806526 35.898847 32.906429 29.888685 26.900484 23.990656 21.200914 18.565185 16.109354 13.851385 11.801758 9.964165 8.336395 6.911327 5.677968 4.622486 3.729173 2.981306 2.361897 1.854295 1.442660 1.112293 0.849863 0.643511 0.482887 0.359104 0.264657 0.193304 0.139925 0.100380 0.071367 0.050285 0.035111 0.024291 0.016644 0.011284 0.007551 0.004957 0.003143 0.001841 0.000848 0.000000 
0.000000 0.000634 0.001380 0.002370 0.003763 0.005777 0.008705 0.012950 0.019064 0.027799 0.040165 0.057511 0.081612 0.114778 0.159980 0.220992 0.302542 0.410478 0.551931 0.735470 0.971244 1.271074 1.648496 2.118734 2.698566 3.406075 4.260266 5.280527 6.485939 7.894429 9.521774 11.380510 13.478752 15.819012 18.397058 21.200914 24.210063 27.394945 30.716827 34.128091 37.572994 40.988911 44.308031 47.459467 50.371699 52.975223 55.205289 57.004572 58.325613 59.132906 59.404482 59.132906 58.325613 57.004572 55.205289 52.975223 50.371699 47.459467 44.308031 40.988911 37.572994 34.128091 30.716827 27.394945 24.210063 21.200914 18.397058 15.819012 13.478752 11.380510 9.521774 7.894429 6.485939 5.280527 4.260266 3.406075 2.698566 2.118734 1.648496 1.271074 0.971244 0.735470 0.551930 0.410478 0.302542 0.220992 0.159979 0.114776 0.081609 0.057506 0.040156 0.027784 0.019040 0.012910 0.008640 0.005672 0.003597 0.002107 0.000971 0.000000 
0.000000 0.000718 0.001565 0.002687 0.004267 0.006549 0.009868 0.014678 0.021607 0.031504 0.045515 0.065166 0.092467 0.130034 0.181231 0.250329 0.342681 0.464905 0.625071 0.832879 1.099811 1.439242 1.866490 2.398776 3.055080 3.855857 4.822603 5.977244 7.341360 8.935216 10.776652 12.879834 15.253926 17.901754 20.818518 23.990656 27.394945 30.997941 34.755820 38.614716 42.511578 46.375571 50.129999 53.694694 56.988768 59.933621 62.456029 64.491165 65.985361 66.898466 67.205637 66.898466 65.985361 64.491165 62.456029 59.933621 56.988768 53.694694 50.129999 46.375571 42.511578 38.614716 34.755820 30.997941 27.394945 23.990656 20.818518 17.901754 15.253926 12.879834 10.776652 8.935216 7.341360 5.977244 4.822603 3.855857 3.055080 2.398776 1.866490 1.439242 1.099811 0.832879 0.625071 0.464904 0.342681 0.250328 0.181230 0.130032 0.092463 0.065160 0.045505 0.031487 0.021579 0.014633 0.009794 0.006430 0.004078 0.002389 0.001101 0.000000 
0.000000 0.000807 0.001758 0.003018 0.004793 0.007356 0.011083 0.016484 0.024263 0.035374 0.051102 0.073160 0.103802 0.145964 0.203420 0.280959 0.384586 0.521723 0.701420 0.934555 1.234002 1.614757 2.093994 2.691019 3.427107 4.325187 5.409350 6.704172 8.233832 10.021038 12.085775 14.443908 17.105695 20.074288 23.344290 26.900484 30.716827 34.755820 38.968334 43.293987 47.662106 51.993298 56.201605 60.197180 63.889374 67.190102 70.017308 72.298344 73.973070 74.996493 75.340775 74.996493 73.973070 72.298344 70.017308 67.190102 63.889374 60.197180 56.201605 51.993298 47.662106 43.293987 38.968334 34.755820 30.716827 26.900484 23.344290 20.074288 17.105695 14.443908 12.085775 10.021038 8.233832 6.704172 5.409350 4.325187 3.427107 2.691019 2.093994 1.614757 1.234002 0.934555 0.701420 0.521722 0.384585 0.280958 0.203418 0.145962 0.103798 0.073153 0.051091 0.035355 0.024232 0.016433 0.010999 0.007223 0.004580 0.002684 0.001236 0.000000 
0.000000 0.000898 0.001957 0.003359 0.005334 0.008186 0.012332 0.018341 0.026995 0.039354 0.056847 0.081379 0.115456 0.162341 0.226229 0.312443 0.427656 0.580117 0.779883 1.039040 1.371892 1.795101 2.327745 2.991271 3.809312 4.807334 6.012095 7.450887 9.150560 11.136327 13.430374 16.050309 19.007513 22.305468 25.938165 29.888685 34.128091 38.614716 43.293987 48.098831 52.950751 57.761570 62.435823 66.873726 70.974612 74.640662 77.780753 80.314212 82.174256 83.310922 83.693299 83.310922 82.174256 80.314212 77.780753 74.640662 70.974612 66.873726 62.435823 57.761570 52.950751 48.098831 43.293987 38.614716 34.128091 29.888685 25.938165 22.305468 19.007513 16.050309 13.430374 11.136327 9.150560 7.450887 6.012095 4.807334 3.809312 2.991271 2.327745 1.795101 1.371892 1.039040 0.779883 0.580117 0.427656 0.312442 0.226227 0.162339 0.115452 0.081372 0.056834 0.039332 0.026959 0.018284 0.012239 0.008037 0.005097 0.002987 0.001376 0.000000 
0.000000 0.000991 0.002158 0.003704 0.005881 0.009026 0.013596 0.020219 0.029757 0.043377 0.062656 0.089689 0.127237 0.178896 0.249284 0.344265 0.471186 0.639132 0.859175 1.144623 1.511224 1.977322 2.563918 3.294620 4.195441 5.294412 6.620979 8.205177 10.076552 12.262846 14.788466 17.672778 20.928292 24.558828 28.557752 32.906429 37.572994 42.511578 47.662106 52.950751 58.291119 63.586163 68.730819 73.615278 78.128757 82.163612 85.619569 88.407853 90.454978 91.705965 92.126799 91.705965 90.454978 88.407853 85.619569 82.163612 78.128757 73.615278 68.730819 63.586163 58.291119 52.950751 47.662106 42.511578 37.572994 32.906429 28.557752 24.558828 20.928292 17.672778 14.788466 12.262846 10.076552 8.205177 6.620979 5.294412 4.195441 3.294620 2.563918 1.977322 1.511224 1.144623 0.859175 0.639131 0.471186 0.344264 0.249282 0.178893 0.127232 0.089680 0.062642 0.043354 0.029718 0.020156 0.013493 0.008861 0.005620 0.003293 0.001517 0.000000 
0.000000 0.001082 0.002358 0.004046 0.006425 0.009859 0.014850 0.022084 0.032499 0.047372 0.068422 0.097936 0.138931 0.195326 0.272164 0.375843 0.514382 0.697689 0.937849 1.249378 1.649458 2.158099 2.798208 3.595539 4.578462 5.777549 7.224914 8.953310 10.994955 13.380095 16.135340 19.281797 22.833096 26.793386 31.155416 35.898847 40.988911 46.375571 51.993298 57.761570 63.586163 69.361237 74.972217 80.299352 85.221837 89.622286 93.391355 96.432243 98.664817 100.029127 100.488082 100.029127 98.664817 96.432243 93.391355 89.622286 85.221837 80.299352 74.972217 69.361237 63.586163 57.761570 51.993298 46.375571 40.988911 35.898847 31.155416 26.793386 22.833096 19.281797 16.135340 13.380095 10.994955 8.953310 7.224914 5.777549 4.578462 3.595539 2.798208 2.158099 1.649458 1.249378 0.937849 0.697689 0.514381 0.375842 0.272162 0.195323 0.138925 0.097927 0.068406 0.047346 0.032456 0.022015 0.014738 0.009680 0.006139 0.003598 0.001658 0.000000 
0.000000 0.001171 0.002552 0.004380 0.006953 0.010670 0.016071 0.023898 0.035166 0.051257 0.074029 0.105958 0.150302 0.211303 0.294413 0.406549 0.556381 0.754623 1.014337 1.351219 1.783840 2.333831 3.025952 3.888038 4.950753 6.247134 7.811889 9.680410 11.887509 14.465868 17.444231 20.845399 24.684087 28.964762 33.679574 38.806526 44.308031 50.129999 56.201605 62.435823 68.730819 74.972217 81.036199 86.793360 92.113157 96.868746 100.941974 104.228239 106.640956 108.115346 108.611332 108.115346 106.640956 104.228239 100.941974 96.868746 92.113157 86.793360 81.036199 74.972217 68.730819 62.435823 56.201605 50.129999 44.308031 38.806526 33.679574 28.964762 24.684087 20.845399 17.444231 14.465868 11.887509 9.680410 7.811889 6.247134 4.950753 3.888038 3.025952 2.333831 1.783840 1.351219 1.014337 0.754622 0.556380 0.406548 0.294411 0.211300 0.150296 0.105948 0.074013 0.051229 0.035120 0.023823 0.015950 0.010476 0.006645 0.003894 0.001794 0.000000 
