0.000000 0.000000 0.000000 0.000000 0.000000 0.000000 0.000000 0.000000 0.000000 0.000000 0.000000 0.000000 0.000000 0.000000 0.000000 0.000000 0.000000 0.000000 0.000000 0.000000 0.000000 0.000000 0.000000 0.000000 0.000000 0.000000 0.000000 0.000000 0.000000 0.000000 0.000000 0.000000 0.000000 0.000000 0.000000 0.000000 0.000000 0.000000 0.000000 0.000000 0.000000 0.000000 0.000000 0.000000 0.000000 0.000000 0.000000 0.000000 0.000000 0.000000 0.000000 0.000000 0.000000 0.000000 0.000000 0.000000 0.000000 0.000000 0.000000 0.000000 0.000000 0.000000 0.000000 0.000000 0.000000 0.000000 0.000000 0.000000 0.000000 0.000000 0.000000 0.000000 0.000000 0.000000 0.000000 0.000000 0.000000 0.000000 0.000000 0.000000 0.000000 0.000000 0.000000 0.000000 0.000000 0.000000 0.000000 0.000000 0.000000 0.000000 0.000000 0.000000 0.000000 0.000000 0.000000 0.000000 0.000000 0.000000 0.000000 0.000000 
0.000000 0.000000 0.000000 0.000000 0.000000 0.000001 0.000001 0.000001 0.000002 0.000002 0.000003 0.000004 0.000006 0.000009 0.000012 0.000016 0.000021 0.000028 0.000038 0.000049 0.000064 0.000082 0.000105 0.000133 0.000167 0.000208 0.000257 0.000315 0.000382 0.000460 0.000548 0.000649 0.000760 0.000884 0.001019 0.001164 0.001319 0.001482 0.001650 0.001822 0.001995 0.002165 0.002329 0.002485 0.002628 0.002755 0.002864 0.002952 0.003016 0.003056 0.003069 0.003056 0.003016 0.002952 0.002864 0.002755 0.002628 0.002485 0.002329 0.002165 0.001995 0.001822 0.001650 0.001482 0.001319 0.001164 0.001019 0.000884 0.000760 0.000649 0.000548 0.000460 0.000382 0.000315 0.000257 0.000208 0.000167 0.000133 0.000105 0.000082 0.000064 0.000049 0.000038 0.000028 0.000021 0.000016 0.000012 0.000009 0.000006 0.000004 0.000003 0.000002 0.000002 0.000001 0.000001 0.000001 0.000000 0.000000 0.000000 0.000000 
0.000000 0.000000 0.000000 0.000000 0.000001 0.000001 0.000002 0.000002 0.000003 0.000005 0.000007 0.000010 0.000013 0.000018 0.000025 0.000034 0.000046 0.000061 0.000081 0.000106 0.000138 0.000178 0.000227 0.000287 0.000361 0.000449 0.000554 0.000678 0.000823 0.000990 0.001181 0.001396 0.001637 0.001903 0.002193 0.002506 0.002839 0.003189 0.003551 0.003921 0.004292 0.004658 0.005012 0.005346 0.005654 0.005929 0.006163 0.006352 0.006490 0.006574 0.006603 0.006574 0.006490 0.006352 0.006163 0.005929 0.005654 0.005346 0.005012 0.004658 0.004292 0.003921 0.003551 0.003189 0.002839 0.002506 0.002193 0.001903 0.001637 0.001396 0.001181 0.000990 0.000823 0.000678 0.000554 0.000449 0.000361 0.000287 0.000227 0.000178 0.000138 0.000106 0.000081 0.000061 0.000046 0.000034 0.000025 0.000018 0.000013 0.000010 0.000007 0.000005 0.000003 0.000002 0.000002 0.000001 0.000001 0.000000 0.000000 0.000000 
0.000000 0.000000 0.000000 0.000001 0.000001 0.000002 0.000003 0.000004 0.000006 0.000008 0.000012 0.000016 0.000023 0.000031 0.000043 0.000058 0.000078 0.000103 0.000137 0.000179 0.000233 0.000300 0.000383 0.000484 0.000608 0.000757 0.000934 0.001143 0.001387 0.001668 0.001990 0.002353 0.002759 0.003207 0.003695 0.004223 0.004784 0.005373 0.005983 0.006606 0.007231 0.007847 0.008443 0.009006 0.009524 0.009986 0.010381 0.010698 0.010931 0.011073 0.011121 0.011073 0.010931 0.010698 0.010381 0.009986 0.009524 0.009006 0.008443 0.007847 0.007231 0.006606 0.005983 0.005373 0.004784 0.004223 0.003695 0.003207 0.002759 0.002353 0.001990 0.001668 0.001387 0.001143 0.000934 0.000757 0.000608 0.000484 0.000383 0.000300 0.000233 0.000179 0.000137 0.000103 0.000078 0.000058 0.000043 0.000031 0.000023 0.000016 0.000012 0.000008 0.000006 0.000004 0.000003 0.000002 0.000001 0.000001 0.000000 0.000000 
0.000000 0.000000 0.000001 0.000001 0.000002 0.000003 0.000004 0.000006 0.000009 0.000013 0.000018 0.000025 0.000035 0.000049 0.000066 0.000090 0.000121 0.000161 0.000213 0.000278 0.000362 0.000466 0.000594 0.000753 0.000945 0.001176 0.001451 0.001775 0.002154 0.002591 0.003089 0.003653 0.004282 0.004978 0.005736 0.006554 0.007424 0.008339 0.009285 0.010251 0.011220 0.012176 0.013100 0.013973 0.014777 0.015493 0.016105 0.016598 0.016959 0.017179 0.017254 0.017179 0.016959 0.016598 0.016105 0.015493 0.014777 0.013973 0.013100 0.012176 0.011220 0.010251 0.009285 0.008339 0.007424 0.006554 0.005736 0.004978 0.004282 0.003653 0.003089 0.002591 0.002154 0.001775 0.001451 0.001176 0.000945 0.000753 0.000594 0.000466 0.000362 0.000278 0.000213 0.000161 0.000121 0.000090 0.000066 0.000049 0.000035 0.000025 0.000018 0.000013 0.000009 0.000006 0.000004 0.000003 0.000002 0.000001 0.000001 0.000000 
0.000000 0.000001 0.000001 0.000002 0.000003 0.000004 0.000006 0.000009 0.000013 0.000019 0.000027 0.000038 0.000053 0.000073 0.000100 0.000135 0.000181 0.000241 0.000319 0.000417 0.000542 0.000698 0.000891 0.001127 0.001415 0.001761 0.002173 0.002658 0.003225 0.003878 0.004625 0.005468 0.006410 0.007450 0.008584 0.009808 0.011109 0.012476 0.013892 0.015336 0.016785 0.018214 0.019595 0.020901 0.022103 0.023174 0.024089 0.024825 0.025365 0.025694 0.025805 0.025694 0.025365 0.024825 0.024089 0.023174 0.022103 0.020901 0.019595 0.018214 0.016785 0.015336 0.013892 0.012476 0.011109 0.009808 0.008584 0.007450 0.006410 0.005468 0.004625 0.003878 0.003225 0.002658 0.002173 0.001761 0.001415 0.001127 0.000891 0.000698 0.000542 0.000417 0.000319 0.000241 0.000181 0.000135 0.000100 0.000073 0.000053 0.000038 0.000027 0.000019 0.000013 0.000009 0.000006 0.000004 0.000003 0.000002 0.000001 0.000000 
0.000000 0.000001 0.000002 0.000003 0.000004 0.000006 0.000009 0.000014 0.000020 0.000028 0.000040 0.000056 0.000078 0.000107 0.000146 0.000198 0.000266 0.000355 0.000468 0.000613 0.000796 0.001025 0.001308 0.001656 0.002078 0.002586 0.003190 0.003903 0.004734 0.005693 0.006787 0.008024 0.009405 0.010930 0.012594 0.014387 0.016296 0.018300 0.020375 0.022491 0.024615 0.026709 0.028734 0.030647 0.032409 0.033978 0.035319 0.036398 0.037189 0.037671 0.037834 0.037671 0.037189 0.036398 0.035319 0.033978 0.032409 0.030647 0.028734 0.026709 0.024615 0.022491 0.020375 0.018300 0.016296 0.014387 0.012594 0.010930 0.009405 0.008024 0.006787 0.005693 0.004734 0.003903 0.003190 0.002586 0.002078 0.001656 0.001308 0.001025 0.000796 0.000613 0.000468 0.000355 0.000266 0.000198 0.000146 0.000107 0.000078 0.000056 0.000040 0.000028 0.000020 0.000014 0.000009 0.000006 0.000004 0.000002 0.000001 0.000000 
0.000000 0.000001 0.000002 0.000004 0.000006 0.000009 0.000014 0.000020 0.000029 0.000041 0.000058 0.000081 0.000113 0.000156 0.000212 0.000288 0.000386 0.000515 0.000679 0.000889 0.001155 0.001486 0.001897 0.002400 0.003012 0.003747 0.004623 0.005654 0.006857 0.008246 0.009831 0.011621 0.013619 0.015826 0.018234 0.020829 0.023590 0.026489 0.029491 0.032552 0.035624 0.038653 0.041582 0.044349 0.046897 0.049166 0.051105 0.052665 0.053809 0.054507 0.054742 0.054507 0.053809 0.052665 0.051105 0.049166 0.046897 0.044349 0.041582 0.038653 0.035624 0.032552 0.029491 0.026489 0.023590 0.020829 0.018234 0.015826 0.013619 0.011621 0.009831 0.008246 0.006857 0.005654 0.004623 0.003747 0.003012 0.002400 0.001897 0.001486 0.001155 0.000889 0.000679 0.000515 0.000386 0.000288 0.000212 0.000156 0.000113 0.000081 0.000058 0.000041 0.000029 0.000020 0.000014 0.000009 0.000006 0.000004 0.000002 0.000000 
0.000000 0.000002 0.000003 0.000006 0.000009 0.000013 0.000020 0.000029 0.000041 0.000059 0.000083 0.000117 0.000162 0.000224 0.000305 0.000413 0.000555 0.000739 0.000975 0.001277 0.001657 0.002133 0.002721 0.003444 0.004320 0.005375 0.006629 0.008108 0.009831 0.011820 0.014091 0.016655 0.019518 0.022679 0.026127 0.029842 0.033796 0.037947 0.042244 0.046627 0.051025 0.055361 0.059552 0.063514 0.067160 0.070408 0.073182 0.075415 0.077052 0.078051 0.078387 0.078051 0.077052 0.075415 0.073182 0.070408 0.067160 0.063514 0.059552 0.055361 0.051025 0.046627 0.042244 0.037947 0.033796 0.029842 0.026127 0.022679 0.019518 0.016655 0.014091 0.011820 0.009831 0.008108 0.006629 0.005375 0.004320 0.003444 0.002721 0.002133 0.001657 0.001277 0.000975 0.000739 0.000555 0.000413 0.000305 0.000224 0.000162 0.000117 0.000083 0.000059 0.000041 0.000029 0.000020 0.000013 0.000009 0.000005 0.000002 0.000000 
0.000000 0.000002 0.000005 0.000008 0.000013 0.000019 0.000028 0.000041 0.000059 0.000084 0.000119 0.000166 0.000231 0.000318 0.000434 0.000588 0.000790 0.001051 0.001387 0.001816 0.002356 0.003032 0.003869 0.004895 0.006140 0.007638 0.009419 0.011518 0.013966 0.016790 0.020013 0.023652 0.027716 0.032201 0.037093 0.042366 0.047975 0.053864 0.059960 0.066177 0.072415 0.078565 0.084509 0.090127 0.095298 0.099904 0.103839 0.107005 0.109327 0.110743 0.111220 0.110743 0.109327 0.107005 0.103839 0.099904 0.095298 0.090127 0.084509 0.078565 0.072415 0.066177 0.059960 0.053864 0.047975 0.042366 0.037093 0.032201 0.027716 0.023652 0.020013 0.016790 0.013966 0.011518 0.009419 0.007638 0.006140 0.004895 0.003869 0.003032 0.002356 0.001816 0.001387 0.001051 0.000790 0.000588 0.000434 0.000318 0.000231 0.000166 0.000119 0.000084 0.000059 0.000041 0.000028 0.000019 0.000012 0.000007 0.000003 0.000000 
0.000000 0.000003 0.000007 0.000012 0.000018 0.000027 0.000040 0.000058 0.000083 0.000119 0.000168 0.000235 0.000326 0.000449 0.000613 0.000830 0.001114 0.001482 0.001956 0.002560 0.003322 0.004274 0.005452 0.006897 0.008651 0.010759 0.013268 0.016223 0.019667 0.023641 0.028177 0.033298 0.039015 0.045325 0.052208 0.059623 0.067513 0.075795 0.084368 0.093111 0.101883 0.110530 0.118888 0.126787 0.134057 0.140533 0.146064 0.150516 0.153779 0.155770 0.156440 0.155770 0.153779 0.150516 0.146064 0.140533 0.134057 0.126787 0.118888 0.110530 0.101883 0.093111 0.084368 0.075795 0.067513 0.059623 0.052208 0.045325 0.039015 0.033298 0.028177 0.023641 0.019667 0.016223 0.013268 0.010759 0.008651 0.006897 0.005452 0.004274 0.003322 0.002560 0.001956 0.001482 0.001114 0.000830 0.000613 0.000449 0.000326 0.000235 0.000168 0.000119 0.000083 0.000058 0.000040 0.000027 0.000017 0.000010 0.000005 0.000000 
0.000000 0.000004 0.000010 0.000016 0.000025 0.000038 0.000056 0.000081 0.000117 0.000166 0.000235 0.000329 0.000457 0.000628 0.000858 0.001161 0.001558 0.002073 0.002735 0.003578 0.004643 0.005973 0.007619 0.009636 0.012085 0.015028 0.018530 0.022655 0.027462 0.033008 0.039337 0.046482 0.054457 0.063260 0.072860 0.083203 0.094206 0.105756 0.117711 0.129902 0.142132 0.154189 0.165842 0.176854 0.186989 0.196017 0.203727 0.209933 0.214482 0.217258 0.218192 0.217258 0.214482 0.209933 0.203727 0.196017 0.186989 0.176854 0.165842 0.154189 0.142132 0.129902 0.117711 0.105756 0.094206 0.083203 0.072860 0.063260 0.054457 0.046482 0.039337 0.033008 0.027462 0.022655 0.018530 0.015028 0.012085 0.009636 0.007619 0.005973 0.004643 0.003578 0.002735 0.002073 0.001558 0.001161 0.000858 0.000628 0.000457 0.000329 0.000235 0.000166 0.000117 0.000081 0.000055 0.000037 0.000024 0.000014 0.000007 0.000000 
0.000000 0.000006 0.000013 0.000023 0.000035 0.000053 0.000078 0.000113 0.000162 0.000231 0.000326 0.000457 0.000634 0.000872 0.001190 0.001610 0.002160 0.002874 0.003792 0.004960 0.006435 0.008277 0.010556 0.013350 0.016741 0.020816 0.025663 0.031372 0.038026 0.045700 0.054457 0.064343 0.075377 0.087553 0.100832 0.115138 0.130356 0.146328 0.162860 0.179717 0.196628 0.213298 0.229410 0.244634 0.258645 0.271126 0.281784 0.290364 0.296652 0.300489 0.301780 0.300489 0.296652 0.290364 0.281784 0.271126 0.258645 0.244634 0.229410 0.213298 0.196628 0.179717 0.162860 0.146328 0.130356 0.115138 0.100832 0.087553 0.075377 0.064343 0.054457 0.045700 0.038026 0.031372 0.025663 0.020816 0.016741 0.013350 0.010556 0.008277 0.006435 0.004960 0.003792 0.002874 0.002160 0.001610 0.001190 0.000872 0.000634 0.000457 0.000326 0.000231 0.000162 0.000112 0.000077 0.000052 0.000033 0.000020 0.000009 0.000000 
0.000000 0.000009 0.000018 0.000031 0.000049 0.000073 0.000107 0.000156 0.000224 0.000318 0.000449 0.000628 0.000872 0.001200 0.001637 0.002214 0.002971 0.003952 0.005213 0.006819 0.008844 0.011374 0.014505 0.018342 0.022998 0.028592 0.035246 0.043082 0.052213 0.062745 0.074762 0.088325 0.103463 0.120167 0.138382 0.158004 0.178876 0.200782 0.223453 0.246568 0.269757 0.292614 0.314705 0.335578 0.354787 0.371898 0.386510 0.398272 0.406892 0.412153 0.413922 0.412153 0.406892 0.398272 0.386510 0.371898 0.354787 0.335578 0.314705 0.292614 0.269757 0.246568 0.223453 0.200782 0.178876 0.158004 0.138382 0.120167 0.103463 0.088325 0.074762 0.062745 0.052213 0.043082 0.035246 0.028592 0.022998 0.018342 0.014505 0.011374 0.008844 0.006819 0.005213 0.003952 0.002971 0.002214 0.001637 0.001200 0.000872 0.000628 0.000449 0.000318 0.000223 0.000155 0.000106 0.000071 0.000046 0.000027 0.000013 0.000000 
0.000000 0.000012 0.000025 0.000043 0.000066 0.000100 0.000146 0.000212 0.000305 0.000434 0.000613 0.000858 0.001190 0.001637 0.002233 0.003020 0.004051 0.005388 0.007107 0.009294 0.012053 0.015500 0.019764 0.024989 0.031328 0.038944 0.048003 0.058669 0.071098 0.085430 0.101782 0.120237 0.140833 0.163557 0.188336 0.215027 0.243415 0.273209 0.304042 0.335476 0.367010 0.398091 0.428128 0.456510 0.482626 0.505891 0.525757 0.541748 0.553467 0.560620 0.563025 0.560620 0.553467 0.541748 0.525757 0.505891 0.482626 0.456510 0.428128 0.398091 0.367010 0.335476 0.304042 0.273209 0.243415 0.215027 0.188336 0.163557 0.140833 0.120237 0.101782 0.085430 0.071098 0.058669 0.048003 0.038944 0.031328 0.024989 0.019764 0.015500 0.012053 0.009294 0.007107 0.005388 0.004051 0.003020 0.002233 0.001637 0.001190 0.000858 0.000613 0.000434 0.000305 0.000212 0.000145 0.000097 0.000063 0.000037 0.000017 0.000000 
0.000000 0.000016 0.000034 0.000058 0.000090 0.000135 0.000198 0.000288 0.000413 0.000588 0.000830 0.001161 0.001610 0.002214 0.003020 0.004085 0.005478 0.007285 0.009607 0.012563 0.016291 0.020946 0.026705 0.033761 0.042321 0.052604 0.064833 0.079230 0.096005 0.115348 0.137415 0.162317 0.190106 0.220764 0.254192 0.290197 0.328489 0.368674 0.410258 0.452651 0.495177 0.537090 0.577594 0.615864 0.651080 0.682447 0.709234 0.730794 0.746594 0.756238 0.759481 0.756238 0.746594 0.730794 0.709234 0.682447 0.651080 0.615864 0.577594 0.537090 0.495177 0.452651 0.410258 0.368674 0.328489 0.290197 0.254192 0.220764 0.190106 0.162317 0.137415 0.115348 0.096005 0.079230 0.064833 0.052604 0.042321 0.033761 0.026705 0.020946 0.016291 0.012563 0.009607 0.007285 0.005478 0.004085 0.003020 0.002214 0.001610 0.001161 0.000829 0.000588 0.000413 0.000287 0.000196 0.000132 0.000085 0.000051 0.000024 0.000000 
0.000000 0.000021 0.000046 0.000078 0.000121 0.000181 0.000266 0.000386 0.000555 0.000790 0.001114 0.001558 0.002160 0.002971 0.004051 0.005478 0.007346 0.009768 0.012880 0.016840 0.021833 0.028069 0.035783 0.045232 0.056694 0.070462 0.086833 0.106105 0.128559 0.154447 0.183978 0.217299 0.254482 0.295501 0.340222 0.388387 0.439608 0.493359 0.548978 0.605677 0.662551 0.718602 0.772766 0.823943 0.871033 0.912976 0.948794 0.977621 0.998748 1.011643 1.015978 1.011643 0.998748 0.977621 0.948794 0.912976 0.871033 0.823943 0.772766 0.718602 0.662551 0.605677 0.548978 0.493359 0.439608 0.388387 0.340222 0.295501 0.254482 0.217299 0.183978 0.154447 0.128559 0.106105 0.086833 0.070462 0.056694 0.045232 0.035783 0.028069 0.021833 0.016840 0.012880 0.009768 0.007346 0.005478 0.004051 0.002971 0.002160 0.001557 0.001113 0.000789 0.000554 0.000385 0.000264 0.000177 0.000115 0.000068 0.000032 0.000000 
0.000000 0.000028 0.000061 0.000103 0.000161 0.000241 0.000355 0.000515 0.000739 0.001051 0.001482 0.002073 0.002874 0.003952 0.005388 0.007285 0.009768 0.012987 0.017122 0.022384 0.029017 0.037301 0.047545 0.060094 0.075314 0.093594 0.115329 0.140912 0.170715 0.205074 0.244265 0.288483 0.337821 0.392245 0.451576 0.515474 0.583421 0.654720 0.728493 0.803695 0.879125 0.953462 1.025293 1.093160 1.155605 1.211225 1.258720 1.296946 1.324960 1.342058 1.347806 1.342058 1.324960 1.296946 1.258720 1.211225 1.155605 1.093160 1.025293 0.953462 0.879125 0.803695 0.728493 0.654720 0.583421 0.515474 0.451576 0.392245 0.337821 0.288483 0.244265 0.205074 0.170715 0.140912 0.115329 0.093594 0.075314 0.060094 0.047545 0.037301 0.029017 0.022384 0.017122 0.012987 0.009768 0.007285 0.005388 0.003952 0.002874 0.002072 0.001482 0.001050 0.000737 0.000512 0.000351 0.000236 0.000153 0.000091 0.000042 0.000000 
0.000000 0.000038 0.000081 0.000137 0.000213 0.000319 0.000468 0.000679 0.000975 0.001387 0.001956 0.002735 0.003792 0.005213 0.007107 0.009607 0.012880 0.017122 0.022570 0.029503 0.038242 0.049153 0.062646 0.079171 0.099213 0.123281 0.151896 0.185573 0.224803 0.270025 0.321602 0.379791 0.444712 0.516322 0.594383 0.678446 0.767831 0.861620 0.958660 1.057573 1.156784 1.254551 1.349020 1.438273 1.520394 1.593536 1.655993 1.706260 1.743098 1.765582 1.773141 1.765582 1.743098 1.706260 1.655993 1.593536 1.520394 1.438273 1.349020 1.254551 1.156784 1.057573 0.958660 0.861620 0.767831 0.678446 0.594383 0.516322 0.444712 0.379791 0.321602 0.270025 0.224803 0.185573 0.151896 0.123281 0.099213 0.079171 0.062646 0.049153 0.038242 0.029503 0.022570 0.017122 0.012880 0.009607 0.007107 0.005213 0.003791 0.002735 0.001955 0.001386 0.000973 0.000676 0.000464 0.000312 0.000202 0.000120 0.000056 0.000000 
0.000000 0.000049 0.000106 0.000179 0.000278 0.000417 0.000613 0.000889 0.001277 0.001816 0.002560 0.003578 0.004960 0.006819 0.009294 0.012563 0.016840 0.022384 0.029503 0.038561 0.049977 0.064229 0.081852 0.103433 0.129603 0.161027 0.198385 0.242348 0.293555 0.352578 0.419891 0.495826 0.580542 0.673978 0.775825 0.885497 1.002106 1.124453 1.251035 1.380054 1.509456 1.636971 1.760179 1.876580 1.983678 2.079064 2.160514 2.226066 2.274104 2.303424 2.313281 2.303424 2.274104 2.226066 2.160514 2.079064 1.983678 1.876580 1.760179 1.636971 1.509456 1.380054 1.251035 1.124453 1.002106 0.885497 0.775825 0.673978 0.580542 0.495826 0.419891 0.352578 0.293555 0.242348 0.198385 0.161027 0.129603 0.103433 0.081852 0.064229 0.049977 0.038561 0.029503 0.022384 0.016840 0.012563 0.009294 0.006818 0.004960 0.003578 0.002559 0.001814 0.001274 0.000886 0.000607 0.000408 0.000264 0.000157 0.000073 0.000000 
0.000000 0.000064 0.000138 0.000233 0.000362 0.000542 0.000796 0.001155 0.001657 0.002356 0.003322 0.004643 0.006435 0.008844 0.012053 0.016291 0.021833 0.029017 0.038242 0.049977 0.064766 0.083226 0.106050 0.133997 0.167884 0.208571 0.256935 0.313845 0.380127 0.456521 0.543637 0.641906 0.751528 0.872427 1.004203 1.146093 1.296949 1.455221 1.618963 1.785850 1.953225 2.118154 2.277508 2.428053 2.566561 2.689921 2.795255 2.880028 2.942152 2.980068 2.992815 2.980068 2.942152 2.880028 2.795255 2.689921 2.566561 2.428053 2.277508 2.118154 1.953225 1.785850 1.618963 1.455221 1.296949 1.146093 1.004203 0.872427 0.751528 0.641906 0.543637 0.456521 0.380127 0.313845 0.256935 0.208571 0.167884 0.133997 0.106050 0.083226 0.064766 0.049977 0.038242 0.029017 0.021833 0.016291 0.012053 0.008844 0.006434 0.004642 0.003320 0.002354 0.001654 0.001150 0.000788 0.000530 0.000343 0.000204 0.000095 0.000000 
0.000000 0.000082 0.000178 0.000300 0.000466 0.000698 0.001025 0.001486 0.002133 0.003032 0.004274 0.005973 0.008277 0.011374 0.015500 0.020946 0.028069 0.037301 0.049153 0.064229 0.083226 0.106937 0.136249 0.172137 0.215650 0.267888 0.329978 0.403034 0.488113 0.586164 0.697967 0.824075 0.964744 1.119873 1.288948 1.470989 1.664524 1.867563 2.077608 2.291680 2.506369 2.717912 2.922298 3.115380 3.293020 3.451229 3.586317 3.695034 3.774704 3.823329 3.839677 3.823329 3.774704 3.695034 3.586317 3.451229 3.293020 3.115380 2.922298 2.717912 2.506369 2.291680 2.077608 1.867563 1.664524 1.470989 1.288948 1.119873 0.964744 0.824075 0.697967 0.586164 0.488113 0.403034 0.329978 0.267888 0.215650 0.172137 0.136249 0.106937 0.083226 0.064229 0.049153 0.037301 0.028069 0.020946 0.015500 0.011374 0.008276 0.005972 0.004272 0.003030 0.002129 0.001480 0.001015 0.000682 0.000442 0.000263 0.000123 0.000000 
0.000000 0.000105 0.000227 0.000383 0.000594 0.000891 0.001308 0.001897 0.002721 0.003869 0.005452 0.007619 0.010556 0.014505 0.019764 0.026705 0.035783 0.047545 0.062646 0.081852 0.106050 0.136249 0.173579 0.219279 0.274683 0.341192 0.420236 0.513233 0.621526 0.746321 0.888609 1.049091 1.228092 1.425480 1.640601 1.872207 2.118422 2.376717 2.643912 2.916219 3.189299 3.458370 3.718328 3.963902 4.189831 4.391042 4.562845 4.701109 4.802429 4.864268 4.885058 4.864268 4.802429 4.701109 4.562845 4.391042 4.189831 3.963902 3.718328 3.458370 3.189299 2.916219 2.643912 2.376717 2.118422 1.872207 1.640601 1.425480 1.228092 1.049091 0.888609 0.746321 0.621526 0.513233 0.420236 0.341192 0.274683 0.219279 0.173579 0.136249 0.106050 0.081852 0.062646 0.047545 0.035783 0.026705 0.019764 0.014505 0.010556 0.007617 0.005450 0.003866 0.002716 0.001889 0.001296 0.000871 0.000564 0.000336 0.000157 0.000000 
0.000000 0.000133 0.000287 0.000484 0.000753 0.001127 0.001656 0.002400 0.003444 0.004895 0.006897 0.009636 0.013350 0.018342 0.024989 0.033761 0.045232 0.060094 0.079171 0.103433 0.133997 0.172137 0.219279 0.276986 0.346940 0.430907 0.530693 0.648082 0.784770 0.942275 1.121847 1.324365 1.550238 1.799300 2.070719 2.362923 2.673544 2.999388 3.336446 3.679937 4.024392 4.363779 4.691661 5.001393 5.286340 5.540108 5.756782 5.931155 6.058935 6.136923 6.163141 6.136923 6.058935 5.931155 5.756782 5.540108 5.286340 5.001393 4.691661 4.363779 4.024392 3.679937 3.336446 2.999388 2.673544 2.362923 2.070719 1.799300 1.550238 1.324365 1.121847 0.942275 0.784770 0.648082 0.530693 0.430907 0.346940 0.276986 0.219279 0.172137 0.133997 0.103433 0.079171 0.060094 0.045232 0.033761 0.024989 0.018341 0.013349 0.009635 0.006895 0.004891 0.003437 0.002390 0.001640 0.001102 0.000714 0.000426 0.000198 0.000000 
0.000000 0.000167 0.000361 0.000608 0.000945 0.001415 0.002078 0.003012 0.004320 0.006140 0.008651 0.012085 0.016741 0.022998 0.031328 0.042321 0.056694 0.075314 0.099213 0.129603 0.167884 0.215650 0.274683 0.346940 0.434524 0.539644 0.664558 0.811497 0.982580 1.179704 1.404431 1.657858 1.940493 2.252126 2.591716 2.957292 3.345889 3.753513 4.175149 4.604815 5.035672 5.460174 5.870275 6.257665 6.614048 6.931429 7.202413 7.420490 7.580296 7.677828 7.710618 7.677828 7.580296 7.420490 7.202413 6.931429 6.614048 6.257665 5.870275 5.460174 5.035672 4.604815 4.175149 3.753513 3.345889 2.957292 2.591716 2.252126 1.940493 1.657858 1.404431 1.179704 0.982580 0.811497 0.664558 0.539644 0.434524 0.346940 0.274683 0.215650 0.167884 0.129603 0.099213 0.075314 0.056694 0.042321 0.031328 0.022997 0.016740 0.012083 0.008648 0.006135 0.004312 0.002999 0.002058 0.001384 0.000896 0.000534 0.000249 0.000000 
0.000000 0.000208 0.000449 0.000757 0.001176 0.001761 0.002586 0.003747 0.005375 0.007638 0.010759 0.015028 0.020816 0.028592 0.038944 0.052604 0.070462 0.093594 0.123281 0.161027 0.208571 0.267888 0.341192 0.430907 0.539644 0.670142 0.825200 1.007586 1.219924 1.464566 1.743447 2.057924 2.408626 2.795287 3.216613 3.670157 4.152241 4.657907 5.180932 5.713900 6.248327 6.774855 7.283507 7.763978 8.205982 8.599606 8.935683 9.206141 9.404328 9.525286 9.565950 9.525286 9.404328 9.206141 8.935683 8.599606 8.205982 7.763978 7.283507 6.774855 6.248327 5.713900 5.180932 4.657907 4.152241 3.670157 3.216613 2.795287 2.408626 2.057924 1.743447 1.464566 1.219924 1.007586 0.825200 0.670142 0.539644 0.430907 0.341192 0.267888 0.208571 0.161027 0.123281 0.093594 0.070461 0.052604 0.038944 0.028591 0.020814 0.015026 0.010755 0.007631 0.005364 0.003731 0.002561 0.001722 0.001115 0.000665 0.000310 0.000000 
0.000000 0.000257 0.000554 0.000934 0.001451 0.002173 0.003190 0.004623 0.006629 0.009419 0.013268 0.018530 0.025663 0.035246 0.048003 0.064833 0.086833 0.115329 0.151896 0.198385 0.256935 0.329978 0.420236 0.530693 0.664558 0.825200 1.016062 1.240545 1.501876 1.802946 2.146128 2.533094 2.964608 3.440342 3.958701 4.516673 5.109727 5.731766 6.375135 7.030711 7.688059 8.335674 8.961283 9.552219 10.095831 10.579934 10.993255 11.325872 11.569606 11.718361 11.768370 11.718361 11.569606 11.325872 10.993255 10.579934 10.095831 9.552219 8.961283 8.335674 7.688059 7.030711 6.375135 5.731766 5.109727 4.516673 3.958701 3.440342 2.964608 2.533094 2.146128 1.802946 1.501876 1.240545 1.016062 0.825200 0.664558 0.530693 0.420236 0.329978 0.256935 0.198385 0.151896 0.115329 0.086833 0.064833 0.048003 0.035245 0.025662 0.018527 0.013263 0.009411 0.006617 0.004603 0.003159 0.002125 0.001376 0.000821 0.000382 0.000000 
0.000000 0.000315 0.000678 0.001143 0.001775 0.002658 0.003903 0.005654 0.008108 0.011518 0.016223 0.022655 0.031372 0.043082 0.058669 0.079230 0.106105 0.140912 0.185573 0.242348 0.313845 0.403034 0.513233 0.648082 0.811497 1.007586 1.240545 1.514523 1.833452 2.200855 2.619624 3.091793 3.618291 4.198713 4.831108 5.511799 6.235258 6.994045 7.778823 8.578462 9.380238 10.170119 10.933141 11.653857 12.316843 12.907242 13.411310 13.816950 14.114192 14.295601 14.356588 14.295601 14.114192 13.816950 13.411310 12.907242 12.316843 11.653857 10.933141 10.170119 9.380238 8.578462 7.778823 6.994045 6.235258 5.511799 4.831108 4.198713 3.618291 3.091793 2.619624 2.200855 1.833452 1.514523 1.240545 1.007586 0.811497 0.648082 0.513233 0.403034 0.313845 0.242348 0.185573 0.140912 0.106105 0.079230 0.058668 0.043080 0.031370 0.022651 0.016217 0.011509 0.008092 0.005630 0.003865 0.002599 0.001684 0.001004 0.000468 0.000000 
0.000000 0.000382 0.000823 0.001387 0.002154 0.003225 0.004734 0.006857 0.009831 0.013966 0.019667 0.027462 0.038026 0.052213 0.071098 0.096005 0.128559 0.170715 0.224803 0.293555 0.380127 0.488113 0.621526 0.784770 0.982580 1.219924 1.501876 1.833452 2.219405 2.663992 3.170708 3.742005 4.379005 5.081213 5.846263 6.669704 7.544846 8.462687 9.411934 10.379124 11.348871 12.304204 13.227029 14.098669 14.900475 15.614483 16.224077 16.714632 17.074094 17.293476 17.367228 17.293476 17.074094 16.714632 16.224077 15.614483 14.900475 14.098669 13.227029 12.304204 11.348871 10.379124 9.411934 8.462687 7.544846 6.669704 5.846263 5.081213 4.379005 3.742005 3.170708 2.663992 2.219405 1.833452 1.501876 1.219924 0.982580 0.784770 0.621526 0.488113 0.380127 0.293554 0.224803 0.170715 0.128559 0.096005 0.071097 0.052212 0.038023 0.027458 0.019660 0.013954 0.009812 0.006828 0.004687 0.003153 0.002043 0.001218 0.000568 0.000000 
0.000000 0.000460 0.000990 0.001668 0.002591 0.003878 0.005693 0.008246 0.011820 0.016790 0.023641 0.033008 0.045700 0.062745 0.085430 0.115348 0.154447 0.205074 0.270025 0.352578 0.456521 0.586164 0.746321 0.942275 1.179704 1.464566 1.802946 2.200855 2.663992 3.197457 3.805440 4.490874 5.255099 6.097516 7.015283 8.003054 9.052804 10.153732 11.292291 12.452336 13.615413 14.761173 15.867920 16.913258 17.874828 18.731092 19.462130 20.050407 20.481474 20.744555 20.832998 20.744555 20.481474 20.050407 19.462130 18.731092 17.874828 16.913258 15.867920 14.761173 13.615413 12.452336 11.292291 10.153732 9.052804 8.003054 7.015283 6.097516 5.255099 4.490874 3.805440 3.197457 2.663992 2.200855 1.802946 1.464566 1.179704 0.942275 0.746320 0.586164 0.456521 0.352578 0.270025 0.205074 0.154446 0.115348 0.085429 0.062743 0.045697 0.033002 0.023633 0.016775 0.011798 0.008210 0.005637 0.003792 0.002457 0.001465 0.000683 0.000000 
0.000000 0.000548 0.001181 0.001990 0.003089 0.004625 0.006787 0.009831 0.014091 0.020013 0.028177 0.039337 0.054457 0.074762 0.101782 0.137415 0.183978 0.244265 0.321602 0.419891 0.543637 0.697967 0.888609 1.121847 1.404431 1.743447 2.146128 2.619624 3.170708 3.805440 4.528795 5.344261 6.253421 7.255557 8.347281 9.522234 10.770862 12.080319 13.434490 14.814176 16.197429 17.560054 18.876251 20.119392 21.262895 22.281153 23.150483 23.850038 24.362641 24.675483 24.780654 24.675483 24.362641 23.850038 23.150483 22.281153 21.262895 20.119392 18.876251 17.560054 16.197429 14.814176 13.434490 12.080319 10.770862 9.522234 8.347281 7.255557 6.253421 5.344261 4.528795 3.805440 3.170708 2.619624 2.146128 1.743447 1.404431 1.121847 0.888609 0.697967 0.543637 0.419891 0.321602 0.244265 0.183977 0.137414 0.101781 0.074759 0.054453 0.039330 0.028167 0.019996 0.014064 0.009788 0.006721 0.004521 0.002930 0.001747 0.000814 0.000000 
0.000000 0.000649 0.001396 0.002353 0.003653 0.005468 0.008024 0.011621 0.016655 0.023652 0.033298 0.046482 0.064343 0.088325 0.120237 0.162317 0.217299 0.288483 0.379791 0.495826 0.641906 0.824075 1.049091 1.324365 1.657858 2.057924 2.533094 3.091793 3.742005 4.490874 5.344261 6.306270 7.378761 8.560882 9.848629 11.234496 12.707212 14.251621 15.848719 17.475861 19.107169 20.714110 22.266266 23.732242 25.080697 26.281442 27.306556 28.131464 28.735916 29.104810 29.228826 29.104810 28.735916 28.131464 27.306556 26.281442 25.080697 23.732242 22.266266 20.714110 19.107169 17.475861 15.848719 14.251621 12.707212 11.234496 9.848629 8.560882 7.378761 6.306270 5.344261 4.490874 3.742005 3.091793 2.533094 2.057924 1.657858 1.324365 1.049091 0.824075 0.641906 0.495826 0.379791 0.288483 0.217299 0.162316 0.120235 0.088322 0.064338 0.046474 0.033285 0.023632 0.016623 0.011570 0.007945 0.005346 0.003465 0.002066 0.000963 0.000000 
0.000000 0.000760 0.001637 0.002759 0.004282 0.006410 0.009405 0.013619 0.019518 0.027716 0.039015 0.054457 0.075377 0.103463 0.140833 0.190106 0.254482 0.337821 0.444712 0.580542 0.751528 0.964744 1.228092 1.550238 1.940493 2.408626 2.964608 3.618291 4.379005 5.255099 6.253421 7.378761 8.633289 10.015997 11.522198 13.143105 14.865532 16.671752 18.539537 20.442408 22.350102 24.229260 26.044315 27.758562 29.335360 30.739415 31.938089 32.902652 33.609431 34.040774 34.185783 34.040774 33.609431 32.902652 31.938089 30.739415 29.335360 27.758562 26.044315 24.229260 22.350102 20.442408 18.539537 16.671752 14.865532 13.143105 11.522198 10.015997 8.633289 7.378761 6.253421 5.255099 4.379005 3.618291 2.964608 2.408626 1.940493 1.550238 1.228092 0.964744 0.751528 0.580541 0.444712 0.337820 0.254481 0.190105 0.140831 0.103459 0.075371 0.054448 0.039000 0.027692 0.019481 0.013560 0.009312 0.006266 0.004062 0.002422 0.001129 0.000000 
0.000000 0.000884 0.001903 0.003207 0.004978 0.007450 0.010930 0.015826 0.022679 0.032201 0.045325 0.063260 0.087553 0.120167 0.163557 0.220764 0.295501 0.392245 0.516322 0.673978 0.872427 1.119873 1.425480 1.799300 2.252126 2.795287 3.440342 4.198713 5.081213 6.097516 7.255557 8.560882 10.015997 11.619727 13.366626 15.246497 17.244043 19.338705 21.504702 23.711332 25.923502 28.102535 30.207195 32.194929 34.023258 35.651268 37.041122 38.159517 38.979010 39.479139 39.647273 39.479139 38.979010 38.159517 37.041122 35.651268 34.023258 32.194929 30.207195 28.102535 25.923502 23.711332 21.504702 19.338705 17.244043 15.246497 13.366626 11.619727 10.015997 8.560882 7.255557 6.097516 5.081213 4.198713 3.440342 2.795287 2.252126 1.799300 1.425480 1.119873 0.872427 0.673977 0.516321 0.392244 0.295500 0.220763 0.163555 0.120163 0.087546 0.063249 0.045308 0.032173 0.022635 0.015757 0.010822 0.007283 0.004721 0.002816 0.001312 0.000000 
0.000000 0.001019 0.002193 0.003695 0.005736 0.008584 0.012594 0.018234 0.026127 0.037093 0.052208 0.072860 0.100832 0.138382 0.188336 0.254192 0.340222 0.451576 0.594383 0.775825 1.004203 1.288948 1.640601 2.070719 2.591716 3.216613 3.958701 4.831108 5.846263 7.015283 8.347281 9.848629 11.522198 13.366626 15.375641 17.537512 19.834642 22.243383 24.734092 27.271462 29.815148 32.320680 34.740652 37.026143 39.128321 41.000154 42.598147 43.884017 44.826220 45.401236 45.594545 45.401236 44.826220 43.884017 42.598147 41.000154 39.128321 37.026143 34.740652 32.320680 29.815148 27.271462 24.734092 22.243383 19.834642 17.537512 15.375641 13.366626 11.522198 9.848629 8.347281 7.015283 5.846263 4.831108 3.958701 3.216613 2.591716 2.070719 1.640601 1.288948 1.004202 0.775825 0.594382 0.451576 0.340221 0.254190 0.188333 0.138377 0.100825 0.072848 0.052188 0.037062 0.026076 0.018154 0.012470 0.008392 0.005440 0.003245 0.001513 0.000000 
0.000000 0.001164 0.002506 0.004223 0.006554 0.009808 0.014387 0.020829 0.029842 0.042366 0.059623 0.083203 0.115138 0.158004 0.215027 0.290197 0.388387 0.515474 0.678446 0.885497 1.146093 1.470989 1.872207 2.362923 2.957292 3.670157 4.516673 5.511799 6.669704 8.003054 9.522234 11.234496 13.143105 15.246497 17.537512 20.002764 22.622181 25.368797 28.208808 31.101959 34.002251 36.858986 39.618121 42.223887 44.620621 46.754710 48.576574 50.042578 51.116766 51.772328 51.992714 51.772328 51.116766 50.042578 48.576574 46.754710 44.620621 42.223887 39.618121 36.858986 34.002251 31.101959 28.208808 25.368797 22.622181 20.002764 17.537512 15.246497 13.143105 11.234496 9.522234 8.003054 6.669704 5.511799 4.516673 3.670157 2.957292 2.362923 1.872207 1.470989 1.146092 0.885497 0.678446 0.515473 0.388386 0.290195 0.215024 0.157999 0.115129 0.083189 0.059601 0.042329 0.029785 0.020738 0.014245 0.009587 0.006216 0.003707 0.001728 0.000000 
0.000000 0.001319 0.002839 0.004784 0.007424 0.011109 0.016296 0.023590 0.033796 0.047975 0.067513 0.094206 0.130356 0.178876 0.243415 0.328489 0.439608 0.583421 0.767831 1.002106 1.296949 1.664524 2.118422 2.673544 3.345889 4.152241 5.109727 6.235258 7.544846 9.052804 10.770862 12.707212 14.865532 17.244043 19.834642 22.622181 25.583963 28.689491 31.900545 35.171612 38.450689 41.680463 44.799842 47.745787 50.455378 52.868012 54.927652 56.584976 57.799344 58.540453 58.789598 58.540453 57.799344 56.584976 54.927652 52.868012 50.455378 47.745787 44.799842 41.680463 38.450689 35.171612 31.900545 28.689491 25.583963 22.622181 19.834642 17.244043 14.865532 12.707212 10.770862 9.052804 7.544846 6.235258 5.109727 4.152241 3.345889 2.673544 2.118422 1.664524 1.296948 1.002106 0.767831 0.583420 0.439607 0.328486 0.243412 0.178870 0.130346 0.094190 0.067487 0.047934 0.033731 0.023487 0.016135 0.010860 0.007041 0.004200 0.001958 0.000000 
0.000000 0.001482 0.003189 0.005373 0.008339 0.012476 0.018300 0.026489 0.037947 0.053864 0.075795 0.105756 0.146328 0.200782 0.273209 0.368674 0.493359 0.654720 0.861620 1.124453 1.455221 1.867563 2.376717 2.999388 3.753513 4.657907 5.731766 6.994045 8.462687 10.153732 12.080319 14.251621 16.671752 19.338705 22.243383 25.368797 28.689491 32.171269 35.771283 39.438506 43.114643 46.735447 50.232439 53.534959 56.572480 59.277080 61.585948 63.443805 64.805103 65.635878 65.915166 65.635878 64.805103 63.443805 61.585948 59.277080 56.572480 53.534959 50.232439 46.735447 43.114643 39.438506 35.771283 32.171269 28.689491 25.368797 22.243383 19.338705 16.671752 14.251621 12.080319 10.153732 8.462687 6.994045 5.731766 4.657907 3.753513 2.999388 2.376717 1.867563 1.455221 1.124453 0.861620 0.654719 0.493358 0.368671 0.273205 0.200775 0.146317 0.105738 0.075766 0.053817 0.037873 0.026373 0.018119 0.012196 0.007908 0.004717 0.002199 0.000000 
0.000000 0.001650 0.003551 0.005983 0.009285 0.013892 0.020375 0.029491 0.042244 0.059960 0.084368 0.117711 0.162860 0.223453 0.304042 0.410258 0.548978 0.728493 0.958660 1.251035 1.618963 2.077608 2.643912 3.336446 4.175149 5.180932 6.375135 7.778823 9.411934 11.292291 13.434490 15.848719 18.539537 21.504702 24.734092 28.208808 31.900545 35.771283 39.773384 43.850128 47.936712 51.961724 55.849048 59.520149 62.896640 65.903030 68.469511 70.534647 72.047816 72.971273 73.281717 72.971273 72.047816 70.534647 68.469511 65.903030 62.896640 59.520149 55.849048 51.961724 47.936712 43.850128 39.773384 35.771283 31.900545 28.208808 24.734092 21.504702 18.539537 15.848719 13.434490 11.292291 9.411934 7.778823 6.375135 5.180932 4.175149 3.336446 2.643912 2.077608 1.618962 1.251035 0.958660 0.728492 0.548977 0.410255 0.304037 0.223445 0.162848 0.117691 0.084336 0.059908 0.042162 0.029362 0.020173 0.013579 0.008805 0.005253 0.002449 0.000000 
0.000000 0.001822 0.003921 0.006606 0.010251 0.015336 0.022491 0.032552 0.046627 0.066177 0.093111 0.129902 0.179717 0.246568 0.335476 0.452651 0.605677 0.803695 1.057573 1.380054 1.785850 2.291680 2.916219 3.679937 4.604815 5.713900 7.030711 8.578462 10.379124 12.452336 14.814176 17.475861 20.442408 23.711332 27.271462 31.101959 35.171612 39.438506 43.850128 48.343954 52.848558 57.285229 61.570077 65.616544 69.338241 72.651971 75.480801 77.757025 79.424855 80.442695 80.784869 80.442695 79.424855 77.757025 75.480801 72.651971 69.338241 65.616544 61.570077 57.285229 52.848558 48.343954 43.850128 39.438506 35.171612 31.101959 27.271462 23.711332 20.442408 17.475861 14.814176 12.452336 10.379124 8.578462 7.030711 5.713900 4.604815 3.679937 2.916219 2.291680 1.785850 1.380054 1.057573 0.803694 0.605675 0.452648 0.335471 0.246559 0.179703 0.129879 0.093075 0.066120 0.046536 0.032409 0.022268 0.014991 0.009721 0.005799 0.002704 0.000000 
0.000000 0.001995 0.004292 0.007231 0.011220 0.016785 0.024615 0.035624 0.051025 0.072415 0.101883 0.142132 0.196628 0.269757 0.367010 0.495177 0.662551 0.879125 1.156784 1.509456 1.953225 2.506369 3.189299 4.024392 5.035672 6.248327 7.688059 9.380238 11.348871 13.615413 16.197429 19.107169 22.350102 25.923502 29.815148 34.002251 38.450689 43.114643 47.936712 52.848558 57.772114 62.621358 67.304606 71.727264 75.794922 79.416661 82.508410 84.996179 86.819004 87.931433 88.305404 87.931433 86.819004 84.996179 82.508410 79.416661 75.794922 71.727264 67.304606 62.621358 57.772114 52.848558 47.936712 43.114643 38.450689 34.002251 29.815148 25.923502 22.350102 19.107169 16.197429 13.615413 11.348871 9.380238 7.688059 6.248327 5.035672 4.024392 3.189299 2.506369 1.953225 1.509455 1.156783 0.879124 0.662549 0.495174 0.367005 0.269748 0.196614 0.142108 0.101843 0.072352 0.050926 0.035468 0.024371 0.016407 0.010640 0.006348 0.002959 0.000000 
0.000000 0.002165 0.004658 0.007847 0.012176 0.018214 0.026709 0.038653 0.055361 0.078565 0.110530 0.154189 0.213298 0.292614 0.398091 0.537090 0.718602 0.953462 1.254551 1.636971 2.118154 2.717912 3.458370 4.363779 5.460174 6.774855 8.335674 10.170119 12.304204 14.761173 17.560054 20.714110 24.229260 28.102535 32.320680 36.858986 41.680463 46.735447 51.961724 57.285229 62.621358 67.876887 72.952459 77.745566 82.153903 86.078946 89.429594 92.125674 94.101126 95.306695 95.711978 95.306695 94.101126 92.125674 89.429594 86.078946 82.153903 77.745566 72.952459 67.876887 62.621358 57.285229 51.961724 46.735447 41.680463 36.858986 32.320680 28.102535 24.229260 20.714110 17.560054 14.761173 12.304204 10.170119 8.335674 6.774855 5.460174 4.363779 3.458370 2.717912 2.118154 1.636970 1.254551 0.953461 0.718600 0.537087 0.398085 0.292605 0.213282 0.154163 0.110488 0.078497 0.055253 0.038484 0.026444 0.017804 0.011546 0.006888 0.003211 0.000000 
0.000000 0.002329 0.005012 0.008443 0.013100 0.019595 0.028734 0.041582 0.059552 0.084509 0.118888 0.165842 0.229410 0.314705 0.428128 0.577594 0.772766 1.025293 1.349020 1.760179 2.277508 2.922298 3.718328 4.691661 5.870275 7.283507 8.961283 10.933141 13.227029 15.867920 18.876251 22.266266 26.044315 30.207195 34.740652 39.618121 44.799842 50.232439 55.849048 61.570077 67.304606 72.952459 78.406871 83.557691 88.294991 92.512906 96.113549 99.010773 101.133599 102.429105 102.864622 102.429105 101.133599 99.010773 96.113549 92.512906 88.294991 83.557691 78.406871 72.952459 67.304606 61.570077 55.849048 50.232439 44.799842 39.618121 34.740652 30.207195 26.044315 22.266266 18.876251 15.867920 13.227029 10.933141 8.961283 7.283507 5.870275 4.691660 3.718327 2.922297 2.277507 1.760179 1.349020 1.025291 0.772764 0.577590 0.428121 0.314694 0.229392 0.165814 0.118843 0.084436 0.059436 0.041399 0.028449 0.019154 0.012422 0.007411 0.003455 0.000000 
