0.000000 0.000000 0.000000 0.000000 0.000000 0.000000 0.000000 0.000000 0.000000 0.000000 0.000000 0.000000 0.000000 0.000000 0.000000 0.000000 0.000000 0.000000 0.000000 0.000000 0.000000 0.000000 0.000000 0.000000 0.000000 0.000000 0.000000 0.000000 0.000000 0.000000 0.000000 0.000000 0.000000 0.000000 0.000000 0.000000 0.000000 0.000000 0.000000 0.000000 0.000000 0.000000 0.000000 0.000000 0.000000 0.000000 0.000000 0.000000 0.000000 0.000000 0.000000 0.000000 0.000000 0.000000 0.000000 0.000000 0.000000 0.000000 0.000000 0.000000 0.000000 0.000000 0.000000 0.000000 0.000000 0.000000 0.000000 0.000000 0.000000 0.000000 0.000000 0.000000 0.000000 0.000000 0.000000 0.000000 0.000000 0.000000 0.000000 0.000000 0.000000 0.000000 0.000000 0.000000 0.000000 0.000000 0.000000 0.000000 0.000000 0.000000 0.000000 0.000000 0.000000 0.000000 0.000000 0.000000 0.000000 0.000000 0.000000 0.000000 
0.000000 0.000000 0.000000 0.000000 0.000000 0.000000 0.000000 0.000000 0.000000 0.000000 0.000000 0.000000 0.000000 0.000000 0.000000 0.000000 0.000000 0.000000 0.000000 0.000000 0.000000 0.000000 0.000001 0.000001 0.000001 0.000002 0.000003 0.000003 0.000004 0.000006 0.000007 0.000009 0.000012 0.000015 0.000018 0.000022 0.000026 0.000031 0.000036 0.000042 0.000047 0.000053 0.000059 0.000065 0.000070 0.000075 0.000079 0.000083 0.000086 0.000087 0.000088 0.000087 0.000086 0.000083 0.000079 0.000075 0.000070 0.000065 0.000059 0.000053 0.000047 0.000042 0.000036 0.000031 0.000026 0.000022 0.000018 0.000015 0.000012 0.000009 0.000007 0.000006 0.000004 0.000003 0.000003 0.000002 0.000001 0.000001 0.000001 0.000000 0.000000 0.000000 0.000000 0.000000 0.000000 0.000000 0.000000 0.000000 0.000000 0.000000 0.000000 0.000000 0.000000 0.000000 0.000000 0.000000 0.000000 0.000000 0.000000 0.000000 
0.000000 0.000000 0.000000 0.000000 0.000000 0.000000 0.000000 0.000000 0.000000 0.000000 0.000000 0.000000 0.000000 0.000000 0.000000 0.000000 0.000000 0.000000 0.000000 0.000001 0.000001 0.000001 0.000002 0.000002 0.000003 0.000004 0.000006 0.000008 0.000010 0.000013 0.000017 0.000022 0.000027 0.000034 0.000042 0.000051 0.000061 0.000071 0.000083 0.000096 0.000109 0.000123 0.000137 0.000150 0.000162 0.000174 0.000184 0.000192 0.000198 0.000202 0.000203 0.000202 0.000198 0.000192 0.000184 0.000174 0.000162 0.000150 0.000137 0.000123 0.000109 0.000096 0.000083 0.000071 0.000061 0.000051 0.000042 0.000034 0.000027 0.000022 0.000017 0.000013 0.000010 0.000008 0.000006 0.000004 0.000003 0.000002 0.000002 0.000001 0.000001 0.000001 0.000000 0.000000 0.000000 0.000000 0.000000 0.000000 0.000000 0.000000 0.000000 0.000000 0.000000 0.000000 0.000000 0.000000 0.000000 0.000000 0.000000 0.000000 
0.000000 0.000000 0.000000 0.000000 0.000000 0.000000 0.000000 0.000000 0.000000 0.000000 0.000000 0.000000 0.000000 0.000000 0.000000 0.000000 0.000000 0.000000 0.000001 0.000001 0.000002 0.000002 0.000003 0.000004 0.000006 0.000008 0.000011 0.000015 0.000019 0.000025 0.000032 0.000041 0.000052 0.000064 0.000078 0.000095 0.000114 0.000134 0.000156 0.000180 0.000205 0.000231 0.000256 0.000281 0.000305 0.000326 0.000345 0.000360 0.000371 0.000378 0.000380 0.000378 0.000371 0.000360 0.000345 0.000326 0.000305 0.000281 0.000256 0.000231 0.000205 0.000180 0.000156 0.000134 0.000114 0.000095 0.000078 0.000064 0.000052 0.000041 0.000032 0.000025 0.000019 0.000015 0.000011 0.000008 0.000006 0.000004 0.000003 0.000002 0.000002 0.000001 0.000001 0.000000 0.000000 0.000000 0.000000 0.000000 0.000000 0.000000 0.000000 0.000000 0.000000 0.000000 0.000000 0.000000 0.000000 0.000000 0.000000 0.000000 
0.000000 0.000000 0.000000 0.000000 0.000000 0.000000 0.000000 0.000000 0.000000 0.000000 0.000000 0.000000 0.000000 0.000000 0.000000 0.000000 0.000001 0.000001 0.000001 0.000002 0.000003 0.000004 0.000005 0.000008 0.000011 0.000014 0.000019 0.000026 0.000034 0.000044 0.000057 0.000073 0.000091 0.000113 0.000139 0.000168 0.000200 0.000237 0.000276 0.000318 0.000362 0.000407 0.000452 0.000496 0.000537 0.000575 0.000608 0.000635 0.000654 0.000667 0.000671 0.000667 0.000654 0.000635 0.000608 0.000575 0.000537 0.000496 0.000452 0.000407 0.000362 0.000318 0.000276 0.000237 0.000200 0.000168 0.000139 0.000113 0.000091 0.000073 0.000057 0.000044 0.000034 0.000026 0.000019 0.000014 0.000011 0.000008 0.000005 0.000004 0.000003 0.000002 0.000001 0.000001 0.000001 0.000000 0.000000 0.000000 0.000000 0.000000 0.000000 0.000000 0.000000 0.000000 0.000000 0.000000 0.000000 0.000000 0.000000 0.000000 
0.000000 0.000000 0.000000 0.000000 0.000000 0.000000 0.000000 0.000000 0.000000 0.000000 0.000000 0.000000 0.000000 0.000000 0.000000 0.000001 0.000001 0.000001 0.000002 0.000003 0.000005 0.000007 0.000009 0.000013 0.000018 0.000025 0.000033 0.000045 0.000059 0.000077 0.000099 0.000125 0.000157 0.000195 0.000239 0.000289 0.000345 0.000407 0.000475 0.000547 0.000623 0.000700 0.000777 0.000852 0.000923 0.000988 0.001044 0.001090 0.001124 0.001145 0.001152 0.001145 0.001124 0.001090 0.001044 0.000988 0.000923 0.000852 0.000777 0.000700 0.000623 0.000547 0.000475 0.000407 0.000345 0.000289 0.000239 0.000195 0.000157 0.000125 0.000099 0.000077 0.000059 0.000045 0.000033 0.000025 0.000018 0.000013 0.000009 0.000007 0.000005 0.000003 0.000002 0.000001 0.000001 0.000001 0.000000 0.000000 0.000000 0.000000 0.000000 0.000000 0.000000 0.000000 0.000000 0.000000 0.000000 0.000000 0.000000 0.000000 
0.000000 0.000000 0.000000 0.000000 0.000000 0.000000 0.000000 0.000000 0.000000 0.000000 0.000000 0.000000 0.000000 0.000000 0.000001 0.000001 0.000002 0.000002 0.000004 0.000005 0.000008 0.000011 0.000016 0.000022 0.000031 0.000042 0.000057 0.000076 0.000100 0.000130 0.000167 0.000212 0.000266 0.000330 0.000404 0.000489 0.000584 0.000690 0.000804 0.000926 0.001054 0.001184 0.001315 0.001442 0.001562 0.001671 0.001766 0.001844 0.001902 0.001937 0.001949 0.001937 0.001902 0.001844 0.001766 0.001671 0.001562 0.001442 0.001315 0.001184 0.001054 0.000926 0.000804 0.000690 0.000584 0.000489 0.000404 0.000330 0.000266 0.000212 0.000167 0.000130 0.000100 0.000076 0.000057 0.000042 0.000031 0.000022 0.000016 0.000011 0.000008 0.000005 0.000004 0.000002 0.000002 0.000001 0.000001 0.000000 0.000000 0.000000 0.000000 0.000000 0.000000 0.000000 0.000000 0.000000 0.000000 0.000000 0.000000 0.000000 
0.000000 0.000000 0.000000 0.000000 0.000000 0.000000 0.000000 0.000000 0.000000 0.000000 0.000000 0.000000 0.000000 0.000001 0.000001 0.000002 0.000003 0.000004 0.000006 0.000009 0.000013 0.000019 0.000027 0.000037 0.000052 0.000071 0.000095 0.000127 0.000167 0.000218 0.000280 0.000355 0.000446 0.000552 0.000676 0.000818 0.000977 0.001153 0.001344 0.001548 0.001761 0.001979 0.002196 0.002408 0.002608 0.002791 0.002950 0.003079 0.003175 0.003234 0.003254 0.003234 0.003175 0.003079 0.002950 0.002791 0.002608 0.002408 0.002196 0.001979 0.001761 0.001548 0.001344 0.001153 0.000977 0.000818 0.000676 0.000552 0.000446 0.000355 0.000280 0.000218 0.000167 0.000127 0.000095 0.000071 0.000052 0.000037 0.000027 0.000019 0.000013 0.000009 0.000006 0.000004 0.000003 0.000002 0.000001 0.000001 0.000000 0.000000 0.000000 0.000000 0.000000 0.000000 0.000000 0.000000 0.000000 0.000000 0.000000 0.000000 
0.000000 0.000000 0.000000 0.000000 0.000000 0.000000 0.000000 0.000000 0.000000 0.000000 0.000000 0.000001 0.000001 0.000001 0.000002 0.000003 0.000005 0.000007 0.000010 0.000015 0.000022 0.000031 0.000044 0.000062 0.000086 0.000117 0.000158 0.000211 0.000277 0.000360 0.000463 0.000588 0.000737 0.000913 0.001118 0.001351 0.001614 0.001905 0.002220 0.002556 0.002907 0.003267 0.003626 0.003975 0.004305 0.004606 0.004868 0.005081 0.005240 0.005337 0.005370 0.005337 0.005240 0.005081 0.004868 0.004606 0.004305 0.003975 0.003626 0.003267 0.002907 0.002556 0.002220 0.001905 0.001614 0.001351 0.001118 0.000913 0.000737 0.000588 0.000463 0.000360 0.000277 0.000211 0.000158 0.000117 0.000086 0.000062 0.000044 0.000031 0.000022 0.000015 0.000010 0.000007 0.000005 0.000003 0.000002 0.000001 0.000001 0.000001 0.000000 0.000000 0.000000 0.000000 0.000000 0.000000 0.000000 0.000000 0.000000 0.000000 
0.000000 0.000000 0.000000 0.000000 0.000000 0.000000 0.000000 0.000000 0.000000 0.000000 0.000001 0.000001 0.000001 0.000002 0.000003 0.000005 0.000008 0.000011 0.000017 0.000025 0.000036 0.000052 0.000073 0.000102 0.000141 0.000192 0.000259 0.000345 0.000454 0.000590 0.000758 0.000961 0.001205 0.001493 0.001827 0.002208 0.002637 0.003110 0.003625 0.004173 0.004746 0.005332 0.005917 0.006487 0.007025 0.007515 0.007941 0.008289 0.008547 0.008706 0.008759 0.008706 0.008547 0.008289 0.007941 0.007515 0.007025 0.006487 0.005917 0.005332 0.004746 0.004173 0.003625 0.003110 0.002637 0.002208 0.001827 0.001493 0.001205 0.000961 0.000758 0.000590 0.000454 0.000345 0.000259 0.000192 0.000141 0.000102 0.000073 0.000052 0.000036 0.000025 0.000017 0.000011 0.000008 0.000005 0.000003 0.000002 0.000001 0.000001 0.000001 0.000000 0.000000 0.000000 0.000000 0.000000 0.000000 0.000000 0.000000 0.000000 
0.000000 0.000000 0.000000 0.000000 0.000000 0.000000 0.000000 0.000000 0.000000 0.000001 0.000001 0.000001 0.000002 0.000003 0.000005 0.000008 0.000012 0.000019 0.000028 0.000040 0.000058 0.000084 0.000118 0.000165 0.000228 0.000311 0.000419 0.000558 0.000734 0.000954 0.001225 0.001554 0.001948 0.002412 0.002951 0.003566 0.004257 0.005021 0.005851 0.006735 0.007658 0.008602 0.009545 0.010463 0.011330 0.012119 0.012806 0.013367 0.013783 0.014038 0.014124 0.014038 0.013783 0.013367 0.012806 0.012119 0.011330 0.010463 0.009545 0.008602 0.007658 0.006735 0.005851 0.005021 0.004257 0.003566 0.002951 0.002412 0.001948 0.001554 0.001225 0.000954 0.000734 0.000558 0.000419 0.000311 0.000228 0.000165 0.000118 0.000084 0.000058 0.000040 0.000028 0.000019 0.000012 0.000008 0.000005 0.000003 0.000002 0.000001 0.000001 0.000001 0.000000 0.000000 0.000000 0.000000 0.000000 0.000000 0.000000 0.000000 
0.000000 0.000000 0.000000 0.000000 0.000000 0.000000 0.000000 0.000000 0.000001 0.000001 0.000001 0.000002 0.000003 0.000005 0.000009 0.000013 0.000020 0.000030 0.000044 0.000065 0.000094 0.000134 0.000189 0.000264 0.000365 0.000498 0.000670 0.000892 0.001174 0.001525 0.001958 0.002483 0.003112 0.003852 0.004711 0.005693 0.006796 0.008014 0.009336 0.010745 0.012216 0.013720 0.015223 0.016685 0.018066 0.019323 0.020416 0.021310 0.021972 0.022379 0.022516 0.022379 0.021972 0.021310 0.020416 0.019323 0.018066 0.016685 0.015223 0.013720 0.012216 0.010745 0.009336 0.008014 0.006796 0.005693 0.004711 0.003852 0.003112 0.002483 0.001958 0.001525 0.001174 0.000892 0.000670 0.000498 0.000365 0.000264 0.000189 0.000134 0.000094 0.000065 0.000044 0.000030 0.000020 0.000013 0.000009 0.000005 0.000003 0.000002 0.000001 0.000001 0.000001 0.000000 0.000000 0.000000 0.000000 0.000000 0.000000 0.000000 
0.000000 0.000000 0.000000 0.000000 0.000000 0.000000 0.000000 0.000000 0.000001 0.000001 0.000002 0.000003 0.000006 0.000009 0.000014 0.000021 0.000032 0.000047 0.000070 0.000103 0.000148 0.000212 0.000300 0.000419 0.000578 0.000787 0.001060 0.001411 0.001855 0.002410 0.003093 0.003922 0.004914 0.006082 0.007437 0.008984 0.010723 0.012643 0.014726 0.016945 0.019263 0.021633 0.023999 0.026302 0.028476 0.030456 0.032177 0.033584 0.034626 0.035266 0.035482 0.035266 0.034626 0.033584 0.032177 0.030456 0.028476 0.026302 0.023999 0.021633 0.019263 0.016945 0.014726 0.012643 0.010723 0.008984 0.007437 0.006082 0.004914 0.003922 0.003093 0.002410 0.001855 0.001411 0.001060 0.000787 0.000578 0.000419 0.000300 0.000212 0.000148 0.000103 0.000070 0.000047 0.000032 0.000021 0.000014 0.000009 0.000006 0.000003 0.000002 0.000001 0.000001 0.000000 0.000000 0.000000 0.000000 0.000000 0.000000 0.000000 
0.000000 0.000000 0.000000 0.000000 0.000000 0.000000 0.000000 0.000001 0.000001 0.000002 0.000003 0.000005 0.000009 0.000014 0.000021 0.000033 0.000049 0.000074 0.000110 0.000161 0.000233 0.000332 0.000470 0.000655 0.000904 0.001232 0.001658 0.002206 0.002899 0.003765 0.004831 0.006124 0.007671 0.009492 0.011605 0.014016 0.016725 0.019716 0.022962 0.026418 0.030028 0.033718 0.037402 0.040987 0.044371 0.047452 0.050132 0.052321 0.053942 0.054939 0.055276 0.054939 0.053942 0.052321 0.050132 0.047452 0.044371 0.040987 0.037402 0.033718 0.030028 0.026418 0.022962 0.019716 0.016725 0.014016 0.011605 0.009492 0.007671 0.006124 0.004831 0.003765 0.002899 0.002206 0.001658 0.001232 0.000904 0.000655 0.000470 0.000332 0.000233 0.000161 0.000110 0.000074 0.000049 0.000033 0.000021 0.000014 0.000009 0.000005 0.000003 0.000002 0.000001 0.000001 0.000000 0.000000 0.000000 0.000000 0.000000 0.000000 
0.000000 0.000000 0.000000 0.000000 0.000000 0.000000 0.000001 0.000001 0.000002 0.000003 0.000005 0.000009 0.000014 0.000021 0.000033 0.000051 0.000077 0.000115 0.000170 0.000249 0.000360 0.000515 0.000727 0.001014 0.001398 0.001904 0.002562 0.003408 0.004478 0.005814 0.007458 0.009452 0.011836 0.014644 0.017899 0.021614 0.025787 0.030394 0.035391 0.040714 0.046270 0.051950 0.057621 0.063137 0.068345 0.073086 0.077209 0.080576 0.083071 0.084605 0.085122 0.084605 0.083071 0.080576 0.077209 0.073086 0.068345 0.063137 0.057621 0.051950 0.046270 0.040714 0.035391 0.030394 0.025787 0.021614 0.017899 0.014644 0.011836 0.009452 0.007458 0.005814 0.004478 0.003408 0.002562 0.001904 0.001398 0.001014 0.000727 0.000515 0.000360 0.000249 0.000170 0.000115 0.000077 0.000051 0.000033 0.000021 0.000014 0.000009 0.000005 0.000003 0.000002 0.000001 0.000001 0.000000 0.000000 0.000000 0.000000 0.000000 
0.000000 0.000000 0.000000 0.000000 0.000000 0.000001 0.000001 0.000002 0.000003 0.000005 0.000008 0.000013 0.000021 0.000033 0.000051 0.000078 0.000118 0.000176 0.000261 0.000381 0.000551 0.000787 0.001111 0.001550 0.002136 0.002909 0.003914 0.005204 0.006837 0.008874 0.011380 0.014420 0.018053 0.022330 0.027289 0.032947 0.039300 0.046314 0.053922 0.062022 0.070478 0.079119 0.087747 0.096140 0.104061 0.111272 0.117543 0.122664 0.126458 0.128791 0.129578 0.128791 0.126458 0.122664 0.117543 0.111272 0.104061 0.096140 0.087747 0.079119 0.070478 0.062022 0.053922 0.046314 0.039300 0.032947 0.027289 0.022330 0.018053 0.014420 0.011380 0.008874 0.006837 0.005204 0.003914 0.002909 0.002136 0.001550 0.001111 0.000787 0.000551 0.000381 0.000261 0.000176 0.000118 0.000078 0.000051 0.000033 0.000021 0.000013 0.000008 0.000005 0.000003 0.000002 0.000001 0.000001 0.000000 0.000000 0.000000 0.000000 
0.000000 0.000000 0.000000 0.000000 0.000001 0.000001 0.000002 0.000003 0.000005 0.000008 0.000012 0.000020 0.000032 0.000049 0.000077 0.000118 0.000178 0.000267 0.000395 0.000577 0.000834 0.001191 0.001680 0.002342 0.003227 0.004393 0.005910 0.007855 0.010316 0.013387 0.017164 0.021744 0.027217 0.033658 0.041123 0.049642 0.059204 0.069759 0.081206 0.093392 0.106112 0.119110 0.132086 0.144706 0.156617 0.167459 0.176887 0.184586 0.190290 0.193796 0.194980 0.193796 0.190290 0.184586 0.176887 0.167459 0.156617 0.144706 0.132086 0.119110 0.106112 0.093392 0.081206 0.069759 0.059204 0.049642 0.041123 0.033658 0.027217 0.021744 0.017164 0.013387 0.010316 0.007855 0.005910 0.004393 0.003227 0.002342 0.001680 0.001191 0.000834 0.000577 0.000395 0.000267 0.000178 0.000118 0.000077 0.000049 0.000032 0.000020 0.000012 0.000008 0.000005 0.000003 0.000002 0.000001 0.000001 0.000000 0.000000 0.000000 
0.000000 0.000000 0.000000 0.000000 0.000001 0.000001 0.000002 0.000004 0.000007 0.000011 0.000019 0.000030 0.000047 0.000074 0.000115 0.000176 0.000267 0.000399 0.000590 0.000863 0.001247 0.001779 0.002510 0.003498 0.004818 0.006557 0.008818 0.011718 0.015386 0.019961 0.025588 0.032408 0.040556 0.050144 0.061255 0.073930 0.088156 0.103857 0.120882 0.139004 0.157918 0.177242 0.196532 0.215292 0.232995 0.249109 0.263121 0.274562 0.283038 0.288249 0.290007 0.288249 0.283038 0.274562 0.263121 0.249109 0.232995 0.215292 0.196532 0.177242 0.157918 0.139004 0.120882 0.103857 0.088156 0.073930 0.061255 0.050144 0.040556 0.032408 0.025588 0.019961 0.015386 0.011718 0.008818 0.006557 0.004818 0.003498 0.002510 0.001779 0.001247 0.000863 0.000590 0.000399 0.000267 0.000176 0.000115 0.000074 0.000047 0.000030 0.000019 0.000011 0.000007 0.000004 0.000002 0.000001 0.000001 0.000000 0.000000 0.000000 
0.000000 0.000000 0.000000 0.000001 0.000001 0.000002 0.000004 0.000006 0.000010 0.000017 0.000028 0.000044 0.000070 0.000110 0.000170 0.000261 0.000395 0.000590 0.000873 0.001275 0.001842 0.002628 0.003706 0.005164 0.007110 0.009674 0.013006 0.017278 0.022681 0.029418 0.037702 0.047741 0.059731 0.073838 0.090183 0.108826 0.129747 0.152832 0.177860 0.204498 0.232296 0.260695 0.289040 0.316604 0.342614 0.366287 0.386870 0.403677 0.416127 0.423782 0.426364 0.423782 0.416127 0.403677 0.386870 0.366287 0.342614 0.316604 0.289040 0.260695 0.232296 0.204498 0.177860 0.152832 0.129747 0.108826 0.090183 0.073838 0.059731 0.047741 0.037702 0.029418 0.022681 0.017278 0.013006 0.009674 0.007110 0.005164 0.003706 0.002628 0.001842 0.001275 0.000873 0.000590 0.000395 0.000261 0.000170 0.000110 0.000070 0.000044 0.000028 0.000017 0.000010 0.000006 0.000004 0.000002 0.000001 0.000001 0.000000 0.000000 
0.000000 0.000000 0.000001 0.000001 0.000002 0.000003 0.000005 0.000009 0.000015 0.000025 0.000040 0.000065 0.000103 0.000161 0.000249 0.000381 0.000577 0.000863 0.001275 0.001863 0.002689 0.003836 0.005407 0.007533 0.010369 0.014104 0.018958 0.025179 0.033045 0.042851 0.054905 0.069510 0.086950 0.107465 0.131230 0.158333 0.188741 0.222291 0.258660 0.297363 0.337747 0.378998 0.420168 0.460200 0.497972 0.532349 0.562236 0.586639 0.604716 0.615830 0.619579 0.615830 0.604716 0.586639 0.562236 0.532349 0.497972 0.460200 0.420168 0.378998 0.337747 0.297363 0.258660 0.222291 0.188741 0.158333 0.131230 0.107465 0.086950 0.069510 0.054905 0.042851 0.033045 0.025179 0.018958 0.014104 0.010369 0.007533 0.005407 0.003836 0.002689 0.001863 0.001275 0.000863 0.000577 0.000381 0.000249 0.000161 0.000103 0.000065 0.000040 0.000025 0.000015 0.000009 0.000005 0.000003 0.000002 0.000001 0.000000 0.000000 
0.000000 0.000000 0.000001 0.000002 0.000003 0.000005 0.000008 0.000013 0.000022 0.000036 0.000058 0.000094 0.000148 0.000233 0.000360 0.000551 0.000834 0.001247 0.001842 0.002689 0.003880 0.005534 0.007798 0.010860 0.014945 0.020324 0.027311 0.036265 0.047582 0.061688 0.079024 0.100025 0.125097 0.154585 0.188739 0.227682 0.271369 0.319561 0.371797 0.427378 0.485365 0.544592 0.603697 0.661164 0.715382 0.764723 0.807619 0.842642 0.868585 0.884534 0.889915 0.884534 0.868585 0.842642 0.807619 0.764723 0.715382 0.661164 0.603697 0.544592 0.485365 0.427378 0.371797 0.319561 0.271369 0.227682 0.188739 0.154585 0.125097 0.100025 0.079024 0.061688 0.047582 0.036265 0.027311 0.020324 0.014945 0.010860 0.007798 0.005534 0.003880 0.002689 0.001842 0.001247 0.000834 0.000551 0.000360 0.000233 0.000148 0.000094 0.000058 0.000036 0.000022 0.000013 0.000008 0.000005 0.000003 0.000001 0.000001 0.000000 
0.000000 0.000000 0.000001 0.000002 0.000004 0.000007 0.000011 0.000019 0.000031 0.000052 0.000084 0.000134 0.000212 0.000332 0.000515 0.000787 0.001191 0.001779 0.002628 0.003836 0.005534 0.007889 0.011114 0.015474 0.021289 0.028943 0.038884 0.051619 0.067713 0.087768 0.112411 0.142258 0.177882 0.219774 0.268287 0.323592 0.385626 0.454048 0.528201 0.607093 0.689391 0.773441 0.857311 0.938847 1.015771 1.085771 1.146623 1.196304 1.233106 1.255729 1.263362 1.255729 1.233106 1.196304 1.146623 1.085771 1.015771 0.938847 0.857311 0.773441 0.689391 0.607093 0.528201 0.454048 0.385626 0.323592 0.268287 0.219774 0.177882 0.142258 0.112411 0.087768 0.067713 0.051619 0.038884 0.028943 0.021289 0.015474 0.011114 0.007889 0.005534 0.003836 0.002628 0.001779 0.001191 0.000787 0.000515 0.000332 0.000212 0.000134 0.000084 0.000052 0.000031 0.000019 0.000011 0.000007 0.000004 0.000002 0.000001 0.000000 
0.000000 0.000001 0.000002 0.000003 0.000005 0.000009 0.000016 0.000027 0.000044 0.000073 0.000118 0.000189 0.000300 0.000470 0.000727 0.001111 0.001680 0.002510 0.003706 0.005407 0.007798 0.011114 0.015654 0.021788 0.029969 0.040734 0.054711 0.072614 0.095233 0.123414 0.158033 0.199956 0.249985 0.308804 0.376910 0.454538 0.541600 0.637613 0.741654 0.852332 0.967776 1.085668 1.203295 1.317641 1.425510 1.523665 1.608989 1.678648 1.730245 1.761964 1.772665 1.761964 1.730245 1.678648 1.608989 1.523665 1.425510 1.317641 1.203295 1.085668 0.967776 0.852332 0.741654 0.637613 0.541600 0.454538 0.376910 0.308804 0.249985 0.199956 0.158033 0.123414 0.095233 0.072614 0.054711 0.040734 0.029969 0.021788 0.015654 0.011114 0.007798 0.005407 0.003706 0.002510 0.001680 0.001111 0.000727 0.000470 0.000300 0.000189 0.000118 0.000073 0.000044 0.000027 0.000016 0.000009 0.000005 0.000003 0.000001 0.000000 
0.000000 0.000001 0.000002 0.000004 0.000008 0.000013 0.000022 0.000037 0.000062 0.000102 0.000165 0.000264 0.000419 0.000655 0.001014 0.001550 0.002342 0.003498 0.005164 0.007533 0.010860 0.015474 0.021788 0.030319 0.041692 0.056654 0.076077 0.100950 0.132367 0.171502 0.219569 0.277765 0.347203 0.428826 0.523321 0.631014 0.751775 0.884935 1.029213 1.182676 1.342731 1.506165 1.669217 1.827711 1.977217 2.113251 2.231497 2.328029 2.399531 2.443484 2.458314 2.443484 2.399531 2.328029 2.231497 2.113251 1.977217 1.827711 1.669217 1.506165 1.342731 1.182676 1.029213 0.884935 0.751775 0.631014 0.523321 0.428826 0.347203 0.277765 0.219569 0.171502 0.132367 0.100950 0.076077 0.056654 0.041692 0.030319 0.021788 0.015474 0.010860 0.007533 0.005164 0.003498 0.002342 0.001550 0.001014 0.000655 0.000419 0.000264 0.000165 0.000102 0.000062 0.000037 0.000022 0.000013 0.000007 0.000004 0.000002 0.000000 
0.000000 0.000001 0.000003 0.000006 0.000011 0.000018 0.000031 0.000052 0.000086 0.000141 0.000228 0.000365 0.000578 0.000904 0.001398 0.002136 0.003227 0.004818 0.007110 0.010369 0.014945 0.021289 0.029969 0.041692 0.057317 0.077870 0.104543 0.138693 0.181820 0.235531 0.301488 0.381329 0.476577 0.588522 0.718101 0.865755 1.031305 1.213830 1.411571 1.621877 1.841197 2.065126 2.288513 2.505640 2.710441 2.896778 3.058740 3.190957 3.288889 3.349087 3.369397 3.349087 3.288889 3.190957 3.058740 2.896778 2.710441 2.505640 2.288513 2.065126 1.841197 1.621877 1.411571 1.213830 1.031305 0.865755 0.718101 0.588522 0.476577 0.381329 0.301488 0.235531 0.181820 0.138693 0.104543 0.077870 0.057317 0.041692 0.029969 0.021289 0.014945 0.010369 0.007110 0.004818 0.003227 0.002136 0.001398 0.000904 0.000578 0.000365 0.000228 0.000141 0.000086 0.000052 0.000031 0.000018 0.000010 0.000006 0.000002 0.000000 
0.000000 0.000002 0.000004 0.000008 0.000014 0.000025 0.000042 0.000071 0.000117 0.000192 0.000311 0.000498 0.000787 0.001232 0.001904 0.002909 0.004393 0.006557 0.009674 0.014104 0.020324 0.028943 0.040734 0.056654 0.077870 0.105769 0.141969 0.188306 0.246812 0.319663 0.409107 0.517360 0.646481 0.798216 0.973824 1.173902 1.398200 1.645466 1.913316 2.198157 2.495176 2.798411 3.100890 3.394871 3.672146 3.924409 4.143666 4.322648 4.455215 4.536701 4.564194 4.536701 4.455215 4.322648 4.143666 3.924409 3.672146 3.394871 3.100890 2.798411 2.495176 2.198157 1.913316 1.645466 1.398200 1.173902 0.973824 0.798216 0.646481 0.517360 0.409107 0.319663 0.246812 0.188306 0.141969 0.105769 0.077870 0.056654 0.040734 0.028943 0.020324 0.014104 0.009674 0.006557 0.004393 0.002909 0.001904 0.001232 0.000787 0.000498 0.000311 0.000192 0.000117 0.000071 0.000042 0.000025 0.000014 0.000008 0.000003 0.000000 
0.000000 0.000003 0.000006 0.000011 0.000019 0.000033 0.000057 0.000095 0.000158 0.000259 0.000419 0.000670 0.001060 0.001658 0.002562 0.003914 0.005910 0.008818 0.013006 0.018958 0.027311 0.038884 0.054711 0.076077 0.104543 0.141969 0.190519 0.252653 0.331089 0.428739 0.548610 0.693665 0.866654 1.069908 1.305110 1.573048 1.873385 2.204437 2.563009 2.944288 3.341833 3.747663 4.152450 4.545839 4.916852 5.254381 5.547734 5.787194 5.964550 6.073566 6.110346 6.073566 5.964550 5.787194 5.547734 5.254381 4.916852 4.545839 4.152450 3.747663 3.341833 2.944288 2.563009 2.204437 1.873385 1.573048 1.305110 1.069908 0.866654 0.693665 0.548610 0.428739 0.331089 0.252653 0.190519 0.141969 0.104543 0.076077 0.054711 0.038884 0.027311 0.018958 0.013006 0.008818 0.005910 0.003914 0.002562 0.001658 0.001060 0.000670 0.000419 0.000259 0.000158 0.000095 0.000057 0.000033 0.000019 0.000010 0.000004 0.000000 
0.000000 0.000003 0.000008 0.000015 0.000026 0.000045 0.000076 0.000127 0.000211 0.000345 0.000558 0.000892 0.001411 0.002206 0.003408 0.005204 0.007855 0.011718 0.017278 0.025179 0.036265 0.051619 0.072614 0.100950 0.138693 0.188306 0.252653 0.334988 0.438906 0.568258 0.727017 0.919100 1.148140 1.417212 1.728534 2.083142 2.480582 2.918618 3.393017 3.897410 4.423276 4.960056 5.495420 6.015676 6.506310 6.952643 7.340546 7.657174 7.891680 8.035822 8.084453 8.035822 7.891680 7.657174 7.340546 6.952643 6.506310 6.015676 5.495420 4.960056 4.423276 3.897410 3.393017 2.918618 2.480582 2.083142 1.728534 1.417212 1.148140 0.919100 0.727017 0.568258 0.438906 0.334988 0.252653 0.188306 0.138693 0.100950 0.072614 0.051619 0.036265 0.025179 0.017278 0.011718 0.007855 0.005204 0.003408 0.002206 0.001411 0.000892 0.000558 0.000345 0.000211 0.000127 0.000076 0.000044 0.000025 0.000014 0.000006 0.000000 
0.000000 0.000004 0.000010 0.000019 0.000034 0.000059 0.000100 0.000167 0.000277 0.000454 0.000734 0.001174 0.001855 0.002899 0.004478 0.006837 0.010316 0.015386 0.022681 0.033045 0.047582 0.067713 0.095233 0.132367 0.181820 0.246812 0.331089 0.438906 0.574962 0.744289 0.952078 1.203445 1.503130 1.855147 2.262384 2.726188 3.245952 3.818746 4.439027 5.098466 5.785919 6.487587 7.187356 7.867333 8.508562 9.091865 9.598787 10.012553 10.318994 10.507350 10.570897 10.507350 10.318994 10.012553 9.598787 9.091865 8.508562 7.867333 7.187356 6.487587 5.785919 5.098466 4.439027 3.818746 3.245952 2.726188 2.262384 1.855147 1.503130 1.203445 0.952078 0.744289 0.574962 0.438906 0.331089 0.246812 0.181820 0.132367 0.095233 0.067713 0.047582 0.033045 0.022681 0.015386 0.010316 0.006837 0.004478 0.002899 0.001855 0.001174 0.000734 0.000454 0.000277 0.000167 0.000100 0.000058 0.000033 0.000018 0.000008 0.000000 
0.000000 0.000006 0.000013 0.000025 0.000044 0.000077 0.000130 0.000218 0.000360 0.000590 0.000954 0.001525 0.002410 0.003765 0.005814 0.008874 0.013387 0.019961 0.029418 0.042851 0.061688 0.087768 0.123414 0.171502 0.235531 0.319663 0.428739 0.568258 0.744289 0.963332 1.232088 1.557160 1.944665 2.399776 2.926215 3.525708 4.197458 4.937669 5.739170 6.591194 7.479343 8.385789 9.289722 10.168038 10.996260 11.749631 12.404327 12.938695 13.334448 13.577696 13.659762 13.577696 13.334448 12.938695 12.404327 11.749631 10.996260 10.168038 9.289722 8.385789 7.479343 6.591194 5.739170 4.937669 4.197458 3.525708 2.926215 2.399776 1.944665 1.557160 1.232088 0.963332 0.744289 0.568258 0.428739 0.319663 0.235531 0.171502 0.123414 0.087768 0.061688 0.042851 0.029418 0.019961 0.013387 0.008874 0.005814 0.003765 0.002410 0.001525 0.000954 0.000590 0.000360 0.000218 0.000130 0.000076 0.000043 0.000023 0.000010 0.000000 
0.000000 0.000007 0.000017 0.000032 0.000057 0.000099 0.000167 0.000280 0.000463 0.000758 0.001225 0.001958 0.003093 0.004831 0.007458 0.011380 0.017164 0.025588 0.037702 0.054905 0.079024 0.112411 0.158033 0.219569 0.301488 0.409107 0.548610 0.727017 0.952078 1.232088 1.575598 1.991030 2.486183 3.067651 3.740169 4.505928 5.363893 6.309205 7.332698 8.420614 9.554569 10.711805 11.865759 12.986948 14.044139 15.005745 15.841372 16.523400 17.028497 17.338950 17.443689 17.338950 17.028497 16.523400 15.841372 15.005745 14.044139 12.986948 11.865759 10.711805 9.554569 8.420614 7.332698 6.309205 5.363893 4.505928 3.740169 3.067651 2.486183 1.991030 1.575598 1.232088 0.952078 0.727017 0.548610 0.409107 0.301488 0.219569 0.158033 0.112411 0.079024 0.054905 0.037702 0.025588 0.017164 0.011380 0.007458 0.004831 0.003093 0.001958 0.001225 0.000757 0.000463 0.000280 0.000167 0.000098 0.000056 0.000030 0.000013 0.000000 
0.000000 0.000009 0.000022 0.000041 0.000073 0.000125 0.000212 0.000355 0.000588 0.000961 0.001554 0.002483 0.003922 0.006124 0.009452 0.014420 0.021744 0.032408 0.047741 0.069510 0.100025 0.142258 0.199956 0.277765 0.381329 0.517360 0.693665 0.919100 1.203445 1.557160 1.991030 2.515670 3.140911 3.875055 4.724061 5.690672 6.773568 7.966599 9.258185 10.630961 12.061725 13.521766 14.977579 16.391981 17.725586 18.938566 19.992599 20.852864 21.489948 21.881519 22.013624 21.881519 21.489948 20.852864 19.992599 18.938566 17.725586 16.391981 14.977579 13.521766 12.061725 10.630961 9.258185 7.966599 6.773568 5.690672 4.724061 3.875055 3.140911 2.515670 1.991030 1.557160 1.203445 0.919100 0.693665 0.517360 0.381329 0.277765 0.199956 0.142258 0.100025 0.069510 0.047741 0.032408 0.021744 0.014420 0.009452 0.006124 0.003922 0.002483 0.001554 0.000961 0.000588 0.000355 0.000212 0.000124 0.000071 0.000038 0.000017 0.000000 
0.000000 0.000012 0.000027 0.000052 0.000091 0.000157 0.000266 0.000446 0.000737 0.001205 0.001948 0.003112 0.004914 0.007671 0.011836 0.018053 0.027217 0.040556 0.059731 0.086950 0.125097 0.177882 0.249985 0.347203 0.476577 0.646481 0.866654 1.148140 1.503130 1.944665 2.486183 3.140911 3.921089 4.837055 5.896215 7.101970 8.452650 9.940568 11.551271 13.263092 15.047099 16.867497 18.682519 20.445823 22.108325 23.620396 24.934286 26.006610 26.800723 27.288803 27.453466 27.288803 26.800723 26.006610 24.934286 23.620396 22.108325 20.445823 18.682519 16.867497 15.047099 13.263092 11.551271 9.940568 8.452650 7.101970 5.896215 4.837055 3.921089 3.140911 2.486183 1.944665 1.503130 1.148140 0.866654 0.646481 0.476577 0.347203 0.249985 0.177882 0.125097 0.086950 0.059731 0.040556 0.027217 0.018053 0.011836 0.007671 0.004914 0.003112 0.001948 0.001205 0.000737 0.000445 0.000266 0.000156 0.000089 0.000048 0.000021 0.000000 
0.000000 0.000015 0.000034 0.000064 0.000113 0.000195 0.000330 0.000552 0.000913 0.001493 0.002412 0.003852 0.006082 0.009492 0.014644 0.022330 0.033658 0.050144 0.073838 0.107465 0.154585 0.219774 0.308804 0.428826 0.588522 0.798216 1.069908 1.417212 1.855147 2.399776 3.067651 3.875055 4.837055 5.966365 7.272091 8.758394 10.423195 12.256997 14.241970 16.351408 18.549654 20.792605 23.028812 25.201196 27.249306 29.112028 30.730561 32.051485 33.029683 33.630897 33.833728 33.630897 33.029683 32.051485 30.730561 29.112028 27.249306 25.201196 23.028812 20.792605 18.549654 16.351408 14.241970 12.256997 10.423195 8.758394 7.272091 5.966365 4.837055 3.875055 3.067651 2.399776 1.855147 1.417212 1.069908 0.798216 0.588522 0.428826 0.308804 0.219774 0.154585 0.107465 0.073838 0.050144 0.033658 0.022330 0.014644 0.009492 0.006082 0.003852 0.002412 0.001493 0.000913 0.000552 0.000329 0.000193 0.000111 0.000059 0.000026 0.000000 
0.000000 0.000018 0.000042 0.000078 0.000139 0.000239 0.000404 0.000676 0.001118 0.001827 0.002951 0.004711 0.007437 0.011605 0.017899 0.027289 0.041123 0.061255 0.090183 0.131230 0.188739 0.268287 0.376910 0.523321 0.718101 0.973824 1.305110 1.728534 2.262384 2.926215 3.740169 4.724061 5.896215 7.272091 8.862746 10.673221 12.700953 14.934351 17.351686 19.920421 22.597135 25.328130 28.050775 30.695594 33.189014 35.456660 37.426979 39.034969 40.225730 40.957581 41.204483 40.957581 40.225730 39.034969 37.426979 35.456660 33.189014 30.695594 28.050775 25.328130 22.597135 19.920421 17.351686 14.934351 12.700953 10.673221 8.862746 7.272091 5.896215 4.724061 3.740169 2.926215 2.262384 1.728534 1.305110 0.973824 0.718101 0.523321 0.376910 0.268287 0.188739 0.131230 0.090183 0.061255 0.041123 0.027289 0.017899 0.011605 0.007437 0.004711 0.002950 0.001826 0.001118 0.000676 0.000403 0.000237 0.000135 0.000073 0.000032 0.000000 
0.000000 0.000022 0.000051 0.000095 0.000168 0.000289 0.000489 0.000818 0.001351 0.002208 0.003566 0.005693 0.008984 0.014016 0.021614 0.032947 0.049642 0.073930 0.108826 0.158333 0.227682 0.323592 0.454538 0.631014 0.865755 1.173902 1.573048 2.083142 2.726188 3.525708 4.505928 5.690672 7.101970 8.758394 10.673221 12.852481 15.293058 17.980976 20.890063 23.981151 27.201988 30.487966 33.763740 36.945742 39.945483 42.673517 45.043796 46.978155 48.410578 49.290947 49.587952 49.290947 48.410578 46.978155 45.043796 42.673517 39.945483 36.945742 33.763740 30.487966 27.201988 23.981151 20.890063 17.980976 15.293058 12.852481 10.673221 8.758394 7.101970 5.690672 4.505928 3.525708 2.726188 2.083142 1.573048 1.173902 0.865755 0.631014 0.454538 0.323592 0.227682 0.158333 0.108826 0.073930 0.049642 0.032947 0.021614 0.014016 0.008984 0.005693 0.003566 0.002208 0.001351 0.000817 0.000488 0.000287 0.000164 0.000088 0.000038 0.000000 
0.000000 0.000026 0.000061 0.000114 0.000200 0.000345 0.000584 0.000977 0.001614 0.002637 0.004257 0.006796 0.010723 0.016725 0.025787 0.039300 0.059204 0.088156 0.129747 0.188741 0.271369 0.385626 0.541600 0.751775 1.031305 1.398200 1.873385 2.480582 3.245952 4.197458 5.363893 6.773568 8.452650 10.423195 12.700953 15.293058 18.195769 21.392434 24.851904 28.527591 32.357357 36.264384 40.159106 43.942185 47.508451 50.751599 53.569371 55.868876 57.571671 58.618201 58.971262 58.618201 57.571671 55.868876 53.569371 50.751599 47.508451 43.942185 40.159106 36.264384 32.357357 28.527591 24.851904 21.392434 18.195769 15.293058 12.700953 10.423195 8.452650 6.773568 5.363893 4.197458 3.245952 2.480582 1.873385 1.398200 1.031305 0.751775 0.541600 0.385626 0.271369 0.188741 0.129747 0.088156 0.059204 0.039300 0.025787 0.016725 0.010723 0.006795 0.004257 0.002636 0.001614 0.000976 0.000583 0.000342 0.000196 0.000105 0.000046 0.000000 
0.000000 0.000031 0.000071 0.000134 0.000237 0.000407 0.000690 0.001153 0.001905 0.003110 0.005021 0.008014 0.012643 0.019716 0.030394 0.046314 0.069759 0.103857 0.152832 0.222291 0.319561 0.454048 0.637613 0.884935 1.213830 1.645466 2.204437 2.918618 3.818746 4.937669 6.309205 7.966599 9.940568 12.256997 14.934351 17.980976 21.392434 25.149122 29.214414 33.533545 38.033497 42.624019 47.199892 51.644433 55.834116 59.644090 62.954266 65.655558 67.655851 68.885210 69.299948 68.885210 67.655851 65.655558 62.954266 59.644090 55.834116 51.644433 47.199892 42.624019 38.033497 33.533545 29.214414 25.149122 21.392434 17.980976 14.934351 12.256997 9.940568 7.966599 6.309205 4.937669 3.818746 2.918618 2.204437 1.645466 1.213830 0.884935 0.637613 0.454048 0.319561 0.222291 0.152832 0.103857 0.069759 0.046314 0.030394 0.019716 0.012643 0.008014 0.005021 0.003110 0.001904 0.001152 0.000688 0.000404 0.000231 0.000124 0.000054 0.000000 
0.000000 0.000036 0.000083 0.000156 0.000276 0.000475 0.000804 0.001344 0.002220 0.003625 0.005851 0.009336 0.014726 0.022962 0.035391 0.053922 0.081206 0.120882 0.177860 0.258660 0.371797 0.528201 0.741654 1.029213 1.411571 1.913316 2.563009 3.393017 4.439027 5.739170 7.332698 9.258185 11.551271 14.241970 17.351686 20.890063 24.851904 29.214414 33.935029 38.950145 44.174974 49.504733 54.817279 59.977172 64.841042 69.263987 73.106641 76.242413 78.564405 79.991464 80.472898 79.991464 78.564405 76.242413 73.106641 69.263987 64.841042 59.977172 54.817279 49.504733 44.174974 38.950145 33.935029 29.214414 24.851904 20.890063 17.351686 14.241970 11.551271 9.258185 7.332698 5.739170 4.439027 3.393017 2.563009 1.913316 1.411571 1.029213 0.741654 0.528201 0.371797 0.258660 0.177860 0.120882 0.081206 0.053922 0.035391 0.022962 0.014726 0.009336 0.005851 0.003625 0.002219 0.001343 0.000802 0.000472 0.000270 0.000145 0.000063 0.000000 
0.000000 0.000042 0.000096 0.000180 0.000318 0.000547 0.000926 0.001548 0.002556 0.004173 0.006735 0.010745 0.016945 0.026418 0.040714 0.062022 0.093392 0.139004 0.204498 0.297363 0.427378 0.607093 0.852332 1.182676 1.621877 2.198157 2.944288 3.897410 5.098466 6.591194 8.420614 10.630961 13.263092 16.351408 19.920421 23.981151 28.527591 33.533545 38.950145 44.704394 50.699002 56.813759 62.908552 68.828027 74.407747 79.481529 83.889542 87.486614 90.150161 91.787121 92.339365 91.787121 90.150161 87.486614 83.889542 79.481529 74.407747 68.828027 62.908552 56.813759 50.699002 44.704394 38.950145 33.533545 28.527591 23.981151 19.920421 16.351408 13.263092 10.630961 8.420614 6.591194 5.098466 3.897410 2.944288 2.198157 1.621877 1.182676 0.852332 0.607093 0.427378 0.297363 0.204498 0.139004 0.093392 0.062022 0.040714 0.026418 0.016945 0.010744 0.006735 0.004173 0.002556 0.001547 0.000924 0.000543 0.000311 0.000167 0.000073 0.000000 
0.000000 0.000047 0.000109 0.000205 0.000362 0.000623 0.001054 0.001761 0.002907 0.004746 0.007658 0.012216 0.019263 0.030028 0.046270 0.070478 0.106112 0.157918 0.232296 0.337747 0.485365 0.689391 0.967776 1.342731 1.841197 2.495176 3.341833 4.423276 5.785919 7.479343 9.554569 12.061725 15.047099 18.549654 22.597135 27.201988 32.357357 38.033497 44.174974 50.699002 57.495276 64.427515 71.336897 78.047336 84.372462 90.123935 95.120625 99.198017 102.217196 104.072707 104.698678 104.072707 102.217196 99.198017 95.120625 90.123935 84.372462 78.047336 71.336897 64.427515 57.495276 50.699002 44.174974 38.033497 32.357357 27.201988 22.597135 18.549654 15.047099 12.061725 9.554569 7.479343 5.785919 4.423276 3.341833 2.495176 1.841197 1.342731 0.967776 0.689391 0.485365 0.337747 0.232296 0.157918 0.106112 0.070478 0.046270 0.030028 0.019263 0.012216 0.007658 0.004745 0.002907 0.001759 0.001051 0.000618 0.000354 0.000190 0.000083 0.000000 
0.000000 0.000053 0.000123 0.000231 0.000407 0.000700 0.001184 0.001979 0.003267 0.005332 0.008602 0.013720 0.021633 0.033718 0.051950 0.079119 0.119110 0.177242 0.260695 0.378998 0.544592 0.773441 1.085668 1.506165 2.065126 2.798411 3.747663 4.960056 6.487587 8.385789 10.711805 13.521766 16.867497 20.792605 25.328130 30.487966 36.264384 42.624019 49.504733 56.813759 64.427515 72.193338 79.933328 87.450263 94.535413 100.977856 106.574744 111.141850 114.523614 116.601947 117.303086 116.601947 114.523614 111.141850 106.574744 100.977856 94.535413 87.450263 79.933328 72.193338 64.427515 56.813759 49.504733 42.624019 36.264384 30.487966 25.328130 20.792605 16.867497 13.521766 10.711805 8.385789 6.487587 4.960056 3.747663 2.798411 2.065126 1.506165 1.085668 0.773441 0.544592 0.378998 0.260695 0.177242 0.119110 0.079119 0.051950 0.033718 0.021633 0.013720 0.008602 0.005331 0.003266 0.001977 0.001182 0.000695 0.000398 0.000214 0.000093 0.000000 
0.000000 0.000059 0.000137 0.000256 0.000452 0.000777 0.001315 0.002196 0.003626 0.005917 0.009545 0.015223 0.023999 0.037402 0.057621 0.087747 0.132086 0.196532 0.289040 0.420168 0.603697 0.857311 1.203295 1.669217 2.288513 3.100890 4.152450 5.495420 7.187356 9.289722 11.865759 14.977579 18.682519 23.028812 28.050775 33.763740 40.159106 47.199892 54.817279 62.908552 71.336897 79.933328 88.500936 96.821445 104.663851 111.794732 117.989612 123.044625 126.787632 129.087961 129.863990 129.087961 126.787632 123.044625 117.989612 111.794732 104.663851 96.821445 88.500936 79.933328 71.336897 62.908552 54.817279 47.199892 40.159106 33.763740 28.050775 23.028812 18.682519 14.977579 11.865759 9.289722 7.187356 5.495420 4.152450 3.100890 2.288513 1.669217 1.203295 0.857311 0.603697 0.420168 0.289040 0.196532 0.132086 0.087747 0.057621 0.037402 0.023999 0.015223 0.009545 0.005916 0.003625 0.002195 0.001312 0.000771 0.000442 0.000238 0.000103 0.000000 
