0.000000 0.000000 0.000000 0.000000 0.000000 0.000000 0.000000 0.000000 0.000000 0.000000 0.000000 0.000000 0.000000 0.000000 0.000000 0.000000 0.000000 0.000000 0.000000 0.000000 0.000000 0.000000 0.000000 0.000000 0.000000 0.000000 0.000000 0.000000 0.000000 0.000000 0.000000 0.000000 0.000000 0.000000 0.000000 0.000000 0.000000 0.000000 0.000000 0.000000 0.000000 0.000000 0.000000 0.000000 0.000000 0.000000 0.000000 0.000000 0.000000 0.000000 0.000000 0.000000 0.000000 0.000000 0.000000 0.000000 0.000000 0.000000 0.000000 0.000000 0.000000 0.000000 0.000000 0.000000 0.000000 0.000000 0.000000 0.000000 0.000000 0.000000 0.000000 0.000000 0.000000 0.000000 0.000000 0.000000 0.000000 0.000000 0.000000 0.000000 0.000000 0.000000 0.000000 0.000000 0.000000 0.000000 0.000000 0.000000 0.000000 0.000000 0.000000 0.000000 0.000000 0.000000 0.000000 0.000000 0.000000 0.000000 0.000000 0.000000 
0.000000 0.000000 0.000000 0.000000 0.000000 0.000000 0.000000 0.000000 0.000000 0.000000 0.000000 0.000000 0.000000 0.000000 0.000000 0.000001 0.000001 0.000001 0.000002 0.000003 0.000004 0.000005 0.000007 0.000009 0.000012 0.000015 0.000020 0.000026 0.000033 0.000041 0.000051 0.000063 0.000077 0.000092 0.000110 0.000130 0.000152 0.000175 0.000200 0.000227 0.000253 0.000281 0.000307 0.000333 0.000357 0.000378 0.000397 0.000412 0.000423 0.000430 0.000432 0.000430 0.000423 0.000412 0.000397 0.000378 0.000357 0.000333 0.000307 0.000281 0.000253 0.000227 0.000200 0.000175 0.000152 0.000130 0.000110 0.000092 0.000077 0.000063 0.000051 0.000041 0.000033 0.000026 0.000020 0.000015 0.000012 0.000009 0.000007 0.000005 0.000004 0.000003 0.000002 0.000001 0.000001 0.000001 0.000000 0.000000 0.000000 0.000000 0.000000 0.000000 0.000000 0.000000 0.000000 0.000000 0.000000 0.000000 0.000000 0.000000 
0.000000 0.000000 0.000000 0.000000 0.000000 0.000000 0.000000 0.000000 0.000000 0.000000 0.000000 0.000000 0.000000 0.000001 0.000001 0.000001 0.000002 0.000003 0.000004 0.000006 0.000008 0.000011 0.000015 0.000020 0.000026 0.000035 0.000045 0.000058 0.000073 0.000092 0.000115 0.000141 0.000172 0.000207 0.000247 0.000291 0.000340 0.000392 0.000448 0.000507 0.000567 0.000627 0.000687 0.000744 0.000797 0.000846 0.000887 0.000921 0.000946 0.000961 0.000966 0.000961 0.000946 0.000921 0.000887 0.000846 0.000797 0.000744 0.000687 0.000627 0.000567 0.000507 0.000448 0.000392 0.000340 0.000291 0.000247 0.000207 0.000172 0.000141 0.000115 0.000092 0.000073 0.000058 0.000045 0.000035 0.000026 0.000020 0.000015 0.000011 0.000008 0.000006 0.000004 0.000003 0.000002 0.000001 0.000001 0.000001 0.000000 0.000000 0.000000 0.000000 0.000000 0.000000 0.000000 0.000000 0.000000 0.000000 0.000000 0.000000 
0.000000 0.000000 0.000000 0.000000 0.000000 0.000000 0.000000 0.000000 0.000000 0.000000 0.000000 0.000001 0.000001 0.000001 0.000002 0.000003 0.000004 0.000005 0.000007 0.000010 0.000014 0.000020 0.000027 0.000036 0.000047 0.000062 0.000080 0.000103 0.000131 0.000164 0.000204 0.000252 0.000306 0.000369 0.000440 0.000519 0.000606 0.000700 0.000799 0.000903 0.001011 0.001118 0.001224 0.001326 0.001422 0.001508 0.001582 0.001642 0.001686 0.001714 0.001723 0.001714 0.001686 0.001642 0.001582 0.001508 0.001422 0.001326 0.001224 0.001118 0.001011 0.000903 0.000799 0.000700 0.000606 0.000519 0.000440 0.000369 0.000306 0.000252 0.000204 0.000164 0.000131 0.000103 0.000080 0.000062 0.000047 0.000036 0.000027 0.000020 0.000014 0.000010 0.000007 0.000005 0.000004 0.000003 0.000002 0.000001 0.000001 0.000001 0.000000 0.000000 0.000000 0.000000 0.000000 0.000000 0.000000 0.000000 0.000000 0.000000 
0.000000 0.000000 0.000000 0.000000 0.000000 0.000000 0.000000 0.000000 0.000000 0.000000 0.000001 0.000001 0.000001 0.000002 0.000003 0.000004 0.000006 0.000009 0.000012 0.000017 0.000024 0.000033 0.000044 0.000059 0.000079 0.000103 0.000134 0.000172 0.000218 0.000274 0.000340 0.000419 0.000510 0.000614 0.000732 0.000864 0.001008 0.001164 0.001329 0.001503 0.001681 0.001860 0.002036 0.002205 0.002364 0.002506 0.002630 0.002730 0.002803 0.002849 0.002864 0.002849 0.002803 0.002730 0.002630 0.002506 0.002364 0.002205 0.002036 0.001860 0.001681 0.001503 0.001329 0.001164 0.001008 0.000864 0.000732 0.000614 0.000510 0.000419 0.000340 0.000274 0.000218 0.000172 0.000134 0.000103 0.000079 0.000059 0.000044 0.000033 0.000024 0.000017 0.000012 0.000009 0.000006 0.000004 0.000003 0.000002 0.000001 0.000001 0.000001 0.000000 0.000000 0.000000 0.000000 0.000000 0.000000 0.000000 0.000000 0.000000 
0.000000 0.000000 0.000000 0.000000 0.000000 0.000000 0.000000 0.000000 0.000000 0.000001 0.000001 0.000001 0.000002 0.000003 0.000005 0.000007 0.000010 0.000014 0.000020 0.000028 0.000039 0.000053 0.000072 0.000096 0.000127 0.000167 0.000216 0.000277 0.000352 0.000443 0.000550 0.000677 0.000824 0.000993 0.001183 0.001395 0.001628 0.001879 0.002147 0.002426 0.002713 0.003002 0.003286 0.003559 0.003815 0.004045 0.004243 0.004405 0.004523 0.004596 0.004621 0.004596 0.004523 0.004405 0.004243 0.004045 0.003815 0.003559 0.003286 0.003002 0.002713 0.002426 0.002147 0.001879 0.001628 0.001395 0.001183 0.000993 0.000824 0.000677 0.000550 0.000443 0.000352 0.000277 0.000216 0.000167 0.000127 0.000096 0.000072 0.000053 0.000039 0.000028 0.000020 0.000014 0.000010 0.000007 0.000005 0.000003 0.000002 0.000001 0.000001 0.000001 0.000000 0.000000 0.000000 0.000000 0.000000 0.000000 0.000000 0.000000 
0.000000 0.000000 0.000000 0.000000 0.000000 0.000000 0.000000 0.000000 0.000001 0.000001 0.000002 0.000002 0.000004 0.000005 0.000008 0.000011 0.000016 0.000023 0.000032 0.000045 0.000062 0.000085 0.000114 0.000153 0.000202 0.000265 0.000344 0.000441 0.000560 0.000704 0.000875 0.001076 0.001309 0.001577 0.001879 0.002215 0.002585 0.002984 0.003408 0.003851 0.004306 0.004764 0.005215 0.005648 0.006053 0.006417 0.006732 0.006988 0.007176 0.007292 0.007331 0.007292 0.007176 0.006988 0.006732 0.006417 0.006053 0.005648 0.005215 0.004764 0.004306 0.003851 0.003408 0.002984 0.002585 0.002215 0.001879 0.001577 0.001309 0.001076 0.000875 0.000704 0.000560 0.000441 0.000344 0.000265 0.000202 0.000153 0.000114 0.000085 0.000062 0.000045 0.000032 0.000023 0.000016 0.000011 0.000008 0.000005 0.000004 0.000002 0.000002 0.000001 0.000001 0.000000 0.000000 0.000000 0.000000 0.000000 0.000000 0.000000 
0.000000 0.000000 0.000000 0.000000 0.000000 0.000000 0.000000 0.000001 0.000001 0.000002 0.000002 0.000004 0.000006 0.000008 0.000012 0.000018 0.000025 0.000036 0.000051 0.000071 0.000097 0.000133 0.000180 0.000240 0.000318 0.000417 0.000540 0.000693 0.000880 0.001105 0.001373 0.001689 0.002055 0.002474 0.002948 0.003475 0.004053 0.004678 0.005343 0.006037 0.006750 0.007467 0.008173 0.008851 0.009485 0.010056 0.010549 0.010949 0.011244 0.011425 0.011486 0.011425 0.011244 0.010949 0.010549 0.010056 0.009485 0.008851 0.008173 0.007467 0.006750 0.006037 0.005343 0.004678 0.004053 0.003475 0.002948 0.002474 0.002055 0.001689 0.001373 0.001105 0.000880 0.000693 0.000540 0.000417 0.000318 0.000240 0.000180 0.000133 0.000097 0.000071 0.000051 0.000036 0.000025 0.000018 0.000012 0.000008 0.000006 0.000004 0.000002 0.000002 0.000001 0.000001 0.000000 0.000000 0.000000 0.000000 0.000000 0.000000 
0.000000 0.000000 0.000000 0.000000 0.000000 0.000000 0.000001 0.000001 0.000002 0.000002 0.000004 0.000006 0.000009 0.000013 0.000019 0.000027 0.000039 0.000056 0.000079 0.000110 0.000152 0.000207 0.000280 0.000374 0.000495 0.000648 0.000840 0.001077 0.001366 0.001716 0.002132 0.002621 0.003189 0.003839 0.004574 0.005391 0.006287 0.007256 0.008285 0.009361 0.010465 0.011576 0.012670 0.013720 0.014701 0.015586 0.016349 0.016969 0.017425 0.017705 0.017800 0.017705 0.017425 0.016969 0.016349 0.015586 0.014701 0.013720 0.012670 0.011576 0.010465 0.009361 0.008285 0.007256 0.006287 0.005391 0.004574 0.003839 0.003189 0.002621 0.002132 0.001716 0.001366 0.001077 0.000840 0.000648 0.000495 0.000374 0.000280 0.000207 0.000152 0.000110 0.000079 0.000056 0.000039 0.000027 0.000019 0.000013 0.000009 0.000006 0.000004 0.000002 0.000002 0.000001 0.000001 0.000000 0.000000 0.000000 0.000000 0.000000 
0.000000 0.000000 0.000000 0.000000 0.000000 0.000001 0.000001 0.000002 0.000002 0.000004 0.000006 0.000009 0.000013 0.000020 0.000029 0.000042 0.000061 0.000086 0.000121 0.000169 0.000233 0.000319 0.000430 0.000575 0.000761 0.000997 0.001291 0.001656 0.002100 0.002637 0.003276 0.004027 0.004899 0.005896 0.007023 0.008277 0.009652 0.011137 0.012716 0.014366 0.016058 0.017761 0.019438 0.021048 0.022552 0.023907 0.025077 0.026027 0.026727 0.027156 0.027300 0.027156 0.026727 0.026027 0.025077 0.023907 0.022552 0.021048 0.019438 0.017761 0.016058 0.014366 0.012716 0.011137 0.009652 0.008277 0.007023 0.005896 0.004899 0.004027 0.003276 0.002637 0.002100 0.001656 0.001291 0.000997 0.000761 0.000575 0.000430 0.000319 0.000233 0.000169 0.000121 0.000086 0.000061 0.000042 0.000029 0.000020 0.000013 0.000009 0.000006 0.000004 0.000002 0.000002 0.000001 0.000001 0.000000 0.000000 0.000000 0.000000 
0.000000 0.000000 0.000000 0.000000 0.000001 0.000001 0.000002 0.000002 0.000004 0.000006 0.000009 0.000014 0.000020 0.000030 0.000044 0.000064 0.000092 0.000131 0.000185 0.000258 0.000356 0.000485 0.000656 0.000876 0.001159 0.001517 0.001966 0.002519 0.003196 0.004011 0.004982 0.006124 0.007448 0.008964 0.010675 0.012579 0.014667 0.016922 0.019318 0.021822 0.024391 0.026975 0.029519 0.031963 0.034244 0.036300 0.038075 0.039515 0.040577 0.041228 0.041447 0.041228 0.040577 0.039515 0.038075 0.036300 0.034244 0.031963 0.029519 0.026975 0.024391 0.021822 0.019318 0.016922 0.014667 0.012579 0.010675 0.008964 0.007448 0.006124 0.004982 0.004011 0.003196 0.002519 0.001966 0.001517 0.001159 0.000876 0.000656 0.000485 0.000356 0.000258 0.000185 0.000131 0.000092 0.000064 0.000044 0.000030 0.000020 0.000014 0.000009 0.000006 0.000004 0.000002 0.000002 0.000001 0.000001 0.000000 0.000000 0.000000 
0.000000 0.000000 0.000000 0.000001 0.000001 0.000001 0.000002 0.000004 0.000006 0.000009 0.000014 0.000021 0.000031 0.000046 0.000067 0.000097 0.000140 0.000199 0.000279 0.000389 0.000537 0.000732 0.000989 0.001321 0.001747 0.002287 0.002961 0.003795 0.004813 0.006040 0.007501 0.009218 0.011210 0.013489 0.016061 0.018923 0.022062 0.025451 0.029052 0.032814 0.036673 0.040556 0.044377 0.048047 0.051473 0.054562 0.057227 0.059390 0.060985 0.061962 0.062291 0.061962 0.060985 0.059390 0.057227 0.054562 0.051473 0.048047 0.044377 0.040556 0.036673 0.032814 0.029052 0.025451 0.022062 0.018923 0.016061 0.013489 0.011210 0.009218 0.007501 0.006040 0.004813 0.003795 0.002961 0.002287 0.001747 0.001321 0.000989 0.000732 0.000537 0.000389 0.000279 0.000199 0.000140 0.000097 0.000067 0.000046 0.000031 0.000021 0.000014 0.000009 0.000006 0.000004 0.000002 0.000001 0.000001 0.000000 0.000000 0.000000 
0.000000 0.000000 0.000000 0.000001 0.000001 0.000002 0.000004 0.000006 0.000009 0.000013 0.000020 0.000031 0.000046 0.000068 0.000100 0.000145 0.000209 0.000297 0.000418 0.000582 0.000802 0.001094 0.001476 0.001972 0.002607 0.003411 0.004417 0.005659 0.007176 0.009004 0.011180 0.013736 0.016701 0.020093 0.023922 0.028181 0.032851 0.037892 0.043249 0.048845 0.054585 0.060359 0.066041 0.071499 0.076592 0.081185 0.085147 0.088363 0.090733 0.092186 0.092676 0.092186 0.090733 0.088363 0.085147 0.081185 0.076592 0.071499 0.066041 0.060359 0.054585 0.048845 0.043249 0.037892 0.032851 0.028181 0.023922 0.020093 0.016701 0.013736 0.011180 0.009004 0.007176 0.005659 0.004417 0.003411 0.002607 0.001972 0.001476 0.001094 0.000802 0.000582 0.000418 0.000297 0.000209 0.000145 0.000100 0.000068 0.000046 0.000031 0.000020 0.000013 0.000009 0.000006 0.000003 0.000002 0.000001 0.000001 0.000000 0.000000 
0.000000 0.000000 0.000001 0.000001 0.000002 0.000003 0.000005 0.000008 0.000013 0.000020 0.000030 0.000046 0.000068 0.000101 0.000148 0.000215 0.000309 0.000439 0.000618 0.000860 0.001185 0.001616 0.002181 0.002913 0.003851 0.005037 0.006521 0.008354 0.010590 0.013285 0.016493 0.020261 0.024631 0.029629 0.035269 0.041544 0.048422 0.055847 0.063736 0.071975 0.080427 0.088926 0.097291 0.105324 0.112822 0.119581 0.125413 0.130144 0.133633 0.135771 0.136492 0.135771 0.133633 0.130144 0.125413 0.119581 0.112822 0.105324 0.097291 0.088926 0.080427 0.071975 0.063736 0.055847 0.048422 0.041544 0.035269 0.029629 0.024631 0.020261 0.016493 0.013285 0.010590 0.008354 0.006521 0.005037 0.003851 0.002913 0.002181 0.001616 0.001185 0.000860 0.000618 0.000439 0.000309 0.000215 0.000148 0.000101 0.000068 0.000046 0.000030 0.000020 0.000013 0.000008 0.000005 0.000003 0.000002 0.000001 0.000000 0.000000 
0.000000 0.000000 0.000001 0.000002 0.000003 0.000005 0.000008 0.000012 0.000019 0.000029 0.000044 0.000067 0.000100 0.000148 0.000217 0.000315 0.000453 0.000643 0.000904 0.001259 0.001734 0.002364 0.003190 0.004260 0.005630 0.007363 0.009530 0.012205 0.015470 0.019404 0.024085 0.029583 0.035957 0.043249 0.051474 0.060624 0.070653 0.081478 0.092978 0.104987 0.117305 0.129692 0.141882 0.153587 0.164511 0.174360 0.182856 0.189750 0.194832 0.197947 0.198996 0.197947 0.194832 0.189750 0.182856 0.174360 0.164511 0.153587 0.141882 0.129692 0.117305 0.104987 0.092978 0.081478 0.070653 0.060624 0.051474 0.043249 0.035957 0.029583 0.024085 0.019404 0.015470 0.012205 0.009530 0.007363 0.005630 0.004260 0.003190 0.002364 0.001734 0.001259 0.000904 0.000643 0.000453 0.000315 0.000217 0.000148 0.000100 0.000067 0.000044 0.000029 0.000019 0.000012 0.000008 0.000005 0.000003 0.000002 0.000001 0.000000 
0.000000 0.000001 0.000001 0.000003 0.000004 0.000007 0.000011 0.000018 0.000027 0.000042 0.000064 0.000097 0.000145 0.000215 0.000315 0.000457 0.000656 0.000932 0.001311 0.001824 0.002512 0.003424 0.004619 0.006166 0.008147 0.010653 0.013785 0.017652 0.022370 0.028054 0.034815 0.042756 0.051961 0.062489 0.074364 0.087572 0.102047 0.117670 0.134264 0.151593 0.169364 0.187234 0.204819 0.221703 0.237459 0.251665 0.263918 0.273860 0.281190 0.285682 0.287195 0.285682 0.281190 0.273860 0.263918 0.251665 0.237459 0.221703 0.204819 0.187234 0.169364 0.151593 0.134264 0.117670 0.102047 0.087572 0.074364 0.062489 0.051961 0.042756 0.034815 0.028054 0.022370 0.017652 0.013785 0.010653 0.008147 0.006166 0.004619 0.003424 0.002512 0.001824 0.001311 0.000932 0.000656 0.000457 0.000315 0.000215 0.000145 0.000097 0.000064 0.000042 0.000027 0.000017 0.000011 0.000007 0.000004 0.000002 0.000001 0.000000 
0.000000 0.000001 0.000002 0.000004 0.000006 0.000010 0.000016 0.000025 0.000039 0.000061 0.000092 0.000140 0.000209 0.000309 0.000453 0.000656 0.000941 0.001337 0.001880 0.002615 0.003601 0.004907 0.006618 0.008834 0.011670 0.015256 0.019737 0.025270 0.032018 0.040146 0.049815 0.061168 0.074326 0.089373 0.106344 0.125217 0.145897 0.168216 0.191919 0.216670 0.242051 0.267572 0.292681 0.316790 0.339287 0.359569 0.377062 0.391256 0.401720 0.408133 0.410293 0.408133 0.401720 0.391256 0.377062 0.359569 0.339287 0.316790 0.292681 0.267572 0.242051 0.216670 0.191919 0.168216 0.145897 0.125217 0.106344 0.089373 0.074326 0.061168 0.049815 0.040146 0.032018 0.025270 0.019737 0.015256 0.011670 0.008834 0.006618 0.004907 0.003601 0.002615 0.001880 0.001337 0.000941 0.000656 0.000453 0.000309 0.000209 0.000140 0.000092 0.000061 0.000039 0.000025 0.000016 0.000010 0.000006 0.000003 0.000002 0.000000 
0.000000 0.000001 0.000003 0.000005 0.000009 0.000014 0.000023 0.000036 0.000056 0.000086 0.000131 0.000199 0.000297 0.000439 0.000643 0.000932 0.001337 0.001899 0.002668 0.003712 0.005109 0.006961 0.009387 0.012527 0.016544 0.021624 0.027972 0.035807 0.045361 0.056867 0.070552 0.086619 0.105237 0.126525 0.150532 0.177226 0.206474 0.238035 0.271552 0.306546 0.342428 0.378504 0.413998 0.448074 0.479871 0.508535 0.533258 0.553316 0.568105 0.577167 0.580220 0.577167 0.568105 0.553316 0.533258 0.508535 0.479871 0.448074 0.413998 0.378504 0.342428 0.306546 0.271552 0.238035 0.206474 0.177226 0.150532 0.126525 0.105237 0.086619 0.070552 0.056867 0.045361 0.035807 0.027972 0.021624 0.016544 0.012527 0.009387 0.006961 0.005109 0.003712 0.002668 0.001899 0.001337 0.000932 0.000643 0.000439 0.000297 0.000199 0.000131 0.000086 0.000056 0.000036 0.000023 0.000014 0.000009 0.000005 0.000002 0.000000 
0.000000 0.000002 0.000004 0.000007 0.000012 0.000020 0.000032 0.000051 0.000079 0.000121 0.000185 0.000279 0.000418 0.000618 0.000904 0.001311 0.001880 0.002668 0.003749 0.005214 0.007176 0.009775 0.013178 0.017582 0.023216 0.030339 0.039237 0.050220 0.063609 0.079732 0.098904 0.121411 0.147487 0.177299 0.210915 0.248289 0.289234 0.333413 0.380324 0.429299 0.479513 0.529995 0.579658 0.627336 0.671822 0.711923 0.746510 0.774570 0.795257 0.807934 0.812204 0.807934 0.795257 0.774570 0.746510 0.711923 0.671822 0.627336 0.579658 0.529995 0.479513 0.429299 0.380324 0.333413 0.289234 0.248289 0.210915 0.177299 0.147487 0.121411 0.098904 0.079732 0.063609 0.050220 0.039237 0.030339 0.023216 0.017582 0.013178 0.009775 0.007176 0.005214 0.003749 0.002668 0.001880 0.001311 0.000904 0.000618 0.000418 0.000279 0.000185 0.000121 0.000079 0.000051 0.000032 0.000020 0.000012 0.000007 0.000003 0.000000 
0.000000 0.000003 0.000006 0.000010 0.000017 0.000028 0.000045 0.000071 0.000110 0.000169 0.000258 0.000389 0.000582 0.000860 0.001259 0.001824 0.002615 0.003712 0.005214 0.007249 0.009975 0.013584 0.018310 0.024425 0.032246 0.042131 0.054479 0.069715 0.088289 0.110651 0.137237 0.168443 0.204594 0.245919 0.292511 0.344305 0.401044 0.462257 0.527249 0.595096 0.664653 0.734577 0.803363 0.869394 0.931002 0.986535 1.034430 1.073286 1.101931 1.119485 1.125398 1.119485 1.101931 1.073286 1.034430 0.986535 0.931002 0.869394 0.803363 0.734577 0.664653 0.595096 0.527249 0.462257 0.401044 0.344305 0.292511 0.245919 0.204594 0.168443 0.137237 0.110651 0.088289 0.069715 0.054479 0.042131 0.032246 0.024425 0.018310 0.013584 0.009975 0.007249 0.005214 0.003712 0.002615 0.001824 0.001259 0.000860 0.000582 0.000389 0.000258 0.000169 0.000110 0.000070 0.000045 0.000028 0.000017 0.000009 0.000004 0.000000 
0.000000 0.000004 0.000008 0.000014 0.000024 0.000039 0.000062 0.000097 0.000152 0.000233 0.000356 0.000537 0.000802 0.001185 0.001734 0.002512 0.003601 0.005109 0.007176 0.009975 0.013722 0.018685 0.025180 0.033583 0.044328 0.057908 0.074866 0.095789 0.121291 0.151990 0.188482 0.231310 0.280918 0.337618 0.401539 0.472588 0.550412 0.634365 0.723493 0.816529 0.911902 1.007771 1.102075 1.192597 1.277051 1.353175 1.418825 1.472084 1.511348 1.535408 1.543513 1.535408 1.511348 1.472084 1.418825 1.353175 1.277051 1.192597 1.102075 1.007771 0.911902 0.816529 0.723493 0.634365 0.550412 0.472588 0.401539 0.337618 0.280918 0.231310 0.188482 0.151990 0.121291 0.095789 0.074866 0.057908 0.044328 0.033583 0.025180 0.018685 0.013722 0.009975 0.007176 0.005109 0.003601 0.002512 0.001734 0.001185 0.000802 0.000537 0.000356 0.000233 0.000151 0.000097 0.000062 0.000038 0.000023 0.000013 0.000006 0.000000 
0.000000 0.000005 0.000011 0.000020 0.000033 0.000053 0.000085 0.000133 0.000207 0.000319 0.000485 0.000732 0.001094 0.001616 0.002364 0.003424 0.004907 0.006961 0.009775 0.013584 0.018685 0.025436 0.034272 0.045701 0.060314 0.078777 0.101830 0.130269 0.164925 0.206638 0.256217 0.314395 0.381776 0.458779 0.545580 0.642050 0.747707 0.861676 0.982661 1.108939 1.238380 1.368485 1.496459 1.619294 1.733890 1.837178 1.926253 1.998513 2.051783 2.084426 2.095422 2.084426 2.051783 1.998513 1.926253 1.837178 1.733890 1.619294 1.496459 1.368485 1.238380 1.108939 0.982661 0.861676 0.747707 0.642050 0.545580 0.458779 0.381776 0.314395 0.256217 0.206638 0.164925 0.130269 0.101830 0.078777 0.060314 0.045701 0.034272 0.025436 0.018685 0.013584 0.009775 0.006961 0.004907 0.003424 0.002364 0.001616 0.001094 0.000732 0.000485 0.000319 0.000207 0.000133 0.000084 0.000052 0.000032 0.000018 0.000008 0.000000 
0.000000 0.000007 0.000015 0.000027 0.000044 0.000072 0.000114 0.000180 0.000280 0.000430 0.000656 0.000989 0.001476 0.002181 0.003190 0.004619 0.006618 0.009387 0.013178 0.018310 0.025180 0.034272 0.046168 0.061553 0.081221 0.106068 0.137086 0.175344 0.221959 0.278059 0.344729 0.422952 0.513538 0.617049 0.733717 0.863367 1.005352 1.158492 1.321045 1.490698 1.664587 1.839359 2.011256 2.176243 2.330157 2.468876 2.588504 2.685547 2.757086 2.800923 2.815689 2.800923 2.757086 2.685547 2.588504 2.468876 2.330157 2.176243 2.011256 1.839359 1.664587 1.490698 1.321045 1.158492 1.005352 0.863367 0.733717 0.617049 0.513538 0.422952 0.344729 0.278059 0.221959 0.175344 0.137086 0.106068 0.081221 0.061553 0.046168 0.034272 0.025180 0.018310 0.013178 0.009387 0.006618 0.004619 0.003190 0.002181 0.001476 0.000989 0.000656 0.000430 0.000279 0.000179 0.000114 0.000071 0.000043 0.000024 0.000011 0.000000 
0.000000 0.000009 0.000020 0.000036 0.000059 0.000096 0.000153 0.000240 0.000374 0.000575 0.000876 0.001321 0.001972 0.002913 0.004260 0.006166 0.008834 0.012527 0.017582 0.024425 0.033583 0.045701 0.061553 0.082052 0.108252 0.141345 0.182652 0.233593 0.295654 0.370331 0.459067 0.563166 0.683705 0.821426 0.976637 1.149101 1.337956 1.541631 1.757808 1.983410 2.214630 2.447009 2.675552 2.894898 3.099514 3.283923 3.442947 3.571946 3.667041 3.725310 3.744939 3.725310 3.667041 3.571946 3.442947 3.283923 3.099514 2.894898 2.675552 2.447009 2.214630 1.983410 1.757808 1.541631 1.337956 1.149101 0.976637 0.821426 0.683705 0.563166 0.459067 0.370331 0.295654 0.233593 0.182652 0.141345 0.108252 0.082052 0.061553 0.045701 0.033583 0.024425 0.017582 0.012527 0.008834 0.006166 0.004260 0.002913 0.001972 0.001321 0.000876 0.000575 0.000374 0.000240 0.000152 0.000095 0.000057 0.000032 0.000015 0.000000 
0.000000 0.000012 0.000026 0.000047 0.000079 0.000127 0.000202 0.000318 0.000495 0.000761 0.001159 0.001747 0.002607 0.003851 0.005630 0.008147 0.011670 0.016544 0.023216 0.032246 0.044328 0.060314 0.081221 0.108252 0.142795 0.186420 0.240864 0.307998 0.389774 0.488161 0.605056 0.742175 0.900929 1.082294 1.286669 1.513742 1.762373 2.030493 2.315048 2.611989 2.916304 3.222125 3.522883 3.811523 4.080769 4.323417 4.532656 4.702385 4.827503 4.904168 4.929993 4.904168 4.827503 4.702385 4.532656 4.323417 4.080769 3.811523 3.522883 3.222125 2.916304 2.611989 2.315048 2.030493 1.762373 1.513742 1.286669 1.082294 0.900929 0.742175 0.605056 0.488161 0.389774 0.307998 0.240864 0.186420 0.142795 0.108252 0.081221 0.060314 0.044328 0.032246 0.023216 0.016544 0.011670 0.008147 0.005630 0.003851 0.002607 0.001747 0.001159 0.000761 0.000494 0.000318 0.000202 0.000126 0.000076 0.000043 0.000019 0.000000 
0.000000 0.000015 0.000035 0.000062 0.000103 0.000167 0.000265 0.000417 0.000648 0.000997 0.001517 0.002287 0.003411 0.005037 0.007363 0.010653 0.015256 0.021624 0.030339 0.042131 0.057908 0.078777 0.106068 0.141345 0.186420 0.243338 0.314361 0.401926 0.508574 0.636872 0.789284 0.968044 1.174988 1.411381 1.677741 1.973656 2.297635 2.646982 3.017716 3.404559 3.800984 4.199349 4.591098 4.967046 5.317719 5.633739 5.906241 6.127281 6.290221 6.390060 6.423691 6.390060 6.290221 6.127281 5.906241 5.633739 5.317719 4.967046 4.591098 4.199349 3.800984 3.404559 3.017716 2.646982 2.297635 1.973656 1.677741 1.411381 1.174988 0.968044 0.789284 0.636872 0.508574 0.401926 0.314361 0.243338 0.186420 0.141345 0.106068 0.078777 0.057908 0.042131 0.030339 0.021624 0.015256 0.010653 0.007363 0.005037 0.003411 0.002287 0.001517 0.000996 0.000648 0.000416 0.000264 0.000165 0.000100 0.000056 0.000025 0.000000 
0.000000 0.000020 0.000045 0.000080 0.000134 0.000216 0.000344 0.000540 0.000840 0.001291 0.001966 0.002961 0.004417 0.006521 0.009530 0.013785 0.019737 0.027972 0.039237 0.054479 0.074866 0.101830 0.137086 0.182652 0.240864 0.314361 0.406060 0.519099 0.656758 0.822339 1.019022 1.249679 1.516675 1.821636 2.165222 2.546900 2.964741 3.415264 3.893334 4.392144 4.903278 5.416885 5.921937 6.406597 6.858655 7.266028 7.617293 7.902216 8.112243 8.240934 8.284283 8.240934 8.112243 7.902216 7.617293 7.266028 6.858655 6.406597 5.921937 5.416885 4.903278 4.392144 3.893334 3.415264 2.964741 2.546900 2.165222 1.821636 1.516675 1.249679 1.019022 0.822339 0.656758 0.519099 0.406060 0.314361 0.240864 0.182652 0.137086 0.101830 0.074866 0.054479 0.039237 0.027972 0.019737 0.013785 0.009529 0.006521 0.004417 0.002961 0.001965 0.001291 0.000839 0.000539 0.000342 0.000214 0.000129 0.000073 0.000033 0.000000 
0.000000 0.000026 0.000058 0.000103 0.000172 0.000277 0.000441 0.000693 0.001077 0.001656 0.002519 0.003795 0.005659 0.008354 0.012205 0.017652 0.025270 0.035807 0.050220 0.069715 0.095789 0.130269 0.175344 0.233593 0.307998 0.401926 0.519099 0.663524 0.839382 1.050888 1.302092 1.596658 1.937596 2.326977 2.765636 3.252886 3.786259 4.361308 4.971476 5.608074 6.260363 6.915772 7.560234 8.178649 8.755442 9.275205 9.723369 10.086881 10.354836 10.519018 10.574323 10.519018 10.354836 10.086881 9.723369 9.275205 8.755442 8.178649 7.560234 6.915772 6.260363 5.608074 4.971476 4.361308 3.786259 3.252886 2.765636 2.326977 1.937596 1.596658 1.302092 1.050888 0.839382 0.663524 0.519099 0.401926 0.307998 0.233593 0.175344 0.130269 0.095789 0.069715 0.050220 0.035807 0.025270 0.017652 0.012205 0.008354 0.005659 0.003795 0.002519 0.001655 0.001076 0.000692 0.000439 0.000274 0.000166 0.000094 0.000042 0.000000 
0.000000 0.000033 0.000073 0.000131 0.000218 0.000352 0.000560 0.000880 0.001366 0.002100 0.003196 0.004813 0.007176 0.010590 0.015470 0.022370 0.032018 0.045361 0.063609 0.088289 0.121291 0.164925 0.221959 0.295654 0.389774 0.508574 0.656758 0.839382 1.061730 1.329117 1.646658 2.018974 2.449860 2.941925 3.496215 4.111855 4.785720 5.512186 6.282969 7.087089 7.910984 8.738778 9.552708 10.333710 11.062121 11.718491 12.284430 12.743461 13.081820 13.289139 13.358974 13.289139 13.081820 12.743461 12.284430 11.718491 11.062121 10.333710 9.552708 8.738778 7.910984 7.087089 6.282969 5.512186 4.785720 4.111855 3.496215 2.941925 2.449860 2.018974 1.646658 1.329117 1.061730 0.839382 0.656758 0.508574 0.389774 0.295654 0.221959 0.164925 0.121291 0.088289 0.063609 0.045361 0.032018 0.022370 0.015470 0.010590 0.007176 0.004813 0.003196 0.002100 0.001366 0.000878 0.000558 0.000348 0.000211 0.000119 0.000053 0.000000 
0.000000 0.000041 0.000092 0.000164 0.000274 0.000443 0.000704 0.001105 0.001716 0.002637 0.004011 0.006040 0.009004 0.013285 0.019404 0.028054 0.040146 0.056867 0.079732 0.110651 0.151990 0.206638 0.278059 0.370331 0.488161 0.636872 0.822339 1.050888 1.329117 1.663670 2.060935 2.526682 3.065648 3.681084 4.374289 5.144159 5.986780 6.895114 7.858798 8.864104 9.894078 10.928874 11.946296 12.922519 13.832976 14.653362 15.360702 15.934413 16.357299 16.616406 16.703685 16.616406 16.357299 15.934413 15.360702 14.653362 13.832976 12.922519 11.946296 10.928874 9.894078 8.864104 7.858798 6.895114 5.986780 5.144159 4.374289 3.681084 3.065648 2.526682 2.060935 1.663670 1.329117 1.050888 0.822339 0.636872 0.488161 0.370331 0.278059 0.206638 0.151990 0.110651 0.079732 0.056867 0.040146 0.028054 0.019404 0.013285 0.009004 0.006040 0.004011 0.002636 0.001715 0.001103 0.000701 0.000437 0.000265 0.000149 0.000067 0.000000 
0.000000 0.000051 0.000115 0.000204 0.000340 0.000550 0.000875 0.001373 0.002132 0.003276 0.004982 0.007501 0.011180 0.016493 0.024085 0.034815 0.049815 0.070552 0.098904 0.137237 0.188482 0.256217 0.344729 0.459067 0.605056 0.789284 1.019022 1.302092 1.646658 2.060935 2.552821 3.129446 3.796662 4.558482 5.416501 6.369342 7.412153 8.536215 9.728702 10.972623 12.247001 13.527288 14.786026 15.993748 17.120073 18.134943 19.009947 19.719634 20.242741 20.563252 20.671214 20.563252 20.242741 19.719634 19.009947 18.134943 17.120073 15.993748 14.786026 13.527288 12.247001 10.972623 9.728702 8.536215 7.412153 6.369342 5.416501 4.558482 3.796662 3.129446 2.552821 2.060935 1.646658 1.302092 1.019022 0.789284 0.605056 0.459067 0.344729 0.256217 0.188482 0.137237 0.098904 0.070552 0.049815 0.034815 0.024085 0.016493 0.011180 0.007501 0.004982 0.003275 0.002131 0.001371 0.000871 0.000544 0.000329 0.000186 0.000083 0.000000 
0.000000 0.000063 0.000141 0.000252 0.000419 0.000677 0.001076 0.001689 0.002621 0.004027 0.006124 0.009218 0.013736 0.020261 0.029583 0.042756 0.061168 0.086619 0.121411 0.168443 0.231310 0.314395 0.422952 0.563166 0.742175 0.968044 1.249679 1.596658 2.018974 2.526682 3.129446 3.835989 4.653466 5.586777 6.637864 7.805028 9.082313 10.459035 11.919477 13.442831 15.003408 16.571152 18.112448 19.591223 20.970290 22.212859 23.284158 24.153039 24.793478 25.185875 25.318052 25.185875 24.793478 24.153039 23.284158 22.212859 20.970290 19.591223 18.112448 16.571152 15.003408 13.442831 11.919477 10.459035 9.082313 7.805028 6.637864 5.586777 4.653466 3.835989 3.129446 2.526682 2.018974 1.596658 1.249679 0.968044 0.742175 0.563166 0.422952 0.314395 0.231310 0.168443 0.121411 0.086619 0.061168 0.042756 0.029583 0.020261 0.013736 0.009218 0.006123 0.004026 0.002620 0.001686 0.001071 0.000669 0.000405 0.000229 0.000103 0.000000 
0.000000 0.000077 0.000172 0.000306 0.000510 0.000824 0.001309 0.002055 0.003189 0.004899 0.007448 0.011210 0.016701 0.024631 0.035957 0.051961 0.074326 0.105237 0.147487 0.204594 0.280918 0.381776 0.513538 0.683705 0.900929 1.174988 1.516675 1.937596 2.449860 3.065648 3.796662 4.653466 5.644716 6.776339 8.050674 9.465644 11.014020 12.682839 14.453045 16.299413 18.190811 20.090815 21.958695 23.750748 25.421920 26.927644 28.225800 29.278655 30.054689 30.530162 30.690321 30.530162 30.054689 29.278655 28.225800 26.927644 25.421920 23.750748 21.958695 20.090815 18.190811 16.299413 14.453045 12.682839 11.014020 9.465644 8.050674 6.776339 5.644716 4.653466 3.796662 3.065648 2.449860 1.937596 1.516675 1.174988 0.900929 0.683705 0.513538 0.381776 0.280918 0.204594 0.147487 0.105237 0.074326 0.051961 0.035957 0.024630 0.016701 0.011209 0.007448 0.004898 0.003187 0.002051 0.001304 0.000814 0.000493 0.000278 0.000125 0.000000 
0.000000 0.000092 0.000207 0.000369 0.000614 0.000993 0.001577 0.002474 0.003839 0.005896 0.008964 0.013489 0.020093 0.029629 0.043249 0.062489 0.089373 0.126525 0.177299 0.245919 0.337618 0.458779 0.617049 0.821426 1.082294 1.411381 1.821636 2.326977 2.941925 3.681084 4.558482 5.586777 6.776339 8.134262 9.663332 11.361043 13.218707 15.220761 17.344338 19.559176 21.827932 24.106920 26.347297 28.496657 30.500978 32.306828 33.863704 35.126371 36.057042 36.627256 36.819327 36.627256 36.057042 35.126371 33.863704 32.306828 30.500978 28.496657 26.347297 24.106920 21.827932 19.559176 17.344338 15.220761 13.218707 11.361043 9.663332 8.134262 6.776339 5.586777 4.558482 3.681084 2.941925 2.326977 1.821636 1.411381 1.082294 0.821426 0.617049 0.458779 0.337618 0.245919 0.177299 0.126525 0.089373 0.062489 0.043248 0.029629 0.020093 0.013488 0.008963 0.005895 0.003837 0.002470 0.001570 0.000981 0.000594 0.000335 0.000151 0.000000 
0.000000 0.000110 0.000247 0.000440 0.000732 0.001183 0.001879 0.002948 0.004574 0.007023 0.010675 0.016061 0.023922 0.035269 0.051474 0.074364 0.106344 0.150532 0.210915 0.292511 0.401539 0.545580 0.733717 0.976637 1.286669 1.677741 2.165222 2.765636 3.496215 4.374289 5.416501 6.637864 8.050674 9.663332 11.479129 13.495069 15.700821 18.077895 20.599133 23.228604 25.921976 28.627394 31.286887 33.838259 36.217403 38.360912 40.208859 41.707570 42.812209 43.489006 43.716978 43.489006 42.812209 41.707570 40.208859 38.360912 36.217403 33.838259 31.286887 28.627394 25.921976 23.228604 20.599133 18.077895 15.700821 13.495069 11.479129 9.663332 8.050674 6.637864 5.416501 4.374289 3.496215 2.765636 2.165222 1.677741 1.286669 0.976637 0.733717 0.545580 0.401539 0.292511 0.210915 0.150532 0.106344 0.074364 0.051474 0.035269 0.023921 0.016061 0.010674 0.007021 0.004571 0.002943 0.001871 0.001169 0.000708 0.000400 0.000180 0.000000 
0.000000 0.000130 0.000291 0.000519 0.000864 0.001395 0.002215 0.003475 0.005391 0.008277 0.012579 0.018923 0.028181 0.041544 0.060624 0.087572 0.125217 0.177226 0.248289 0.344305 0.472588 0.642050 0.863367 1.149101 1.513742 1.973656 2.546900 3.252886 4.111855 5.144159 6.369342 7.805028 9.465644 11.361043 13.495069 15.864181 18.456223 21.249453 24.211950 27.301493 30.465995 33.644539 36.769028 39.766409 42.561384 45.079486 47.250337 49.010904 50.308531 51.103565 51.371362 51.103565 50.308531 49.010904 47.250337 45.079486 42.561384 39.766409 36.769028 33.644539 30.465995 27.301493 24.211950 21.249453 18.456223 15.864181 13.495069 11.361043 9.465644 7.805028 6.369342 5.144159 4.111855 3.252886 2.546900 1.973656 1.513742 1.149101 0.863367 0.642050 0.472588 0.344305 0.248289 0.177226 0.125217 0.087572 0.060624 0.041544 0.028181 0.018923 0.012578 0.008275 0.005388 0.003469 0.002206 0.001378 0.000835 0.000471 0.000212 0.000000 
0.000000 0.000152 0.000340 0.000606 0.001008 0.001628 0.002585 0.004053 0.006287 0.009652 0.014667 0.022062 0.032851 0.048422 0.070653 0.102047 0.145897 0.206474 0.289234 0.401044 0.550412 0.747707 1.005352 1.337956 1.762373 2.297635 2.964741 3.786259 4.785720 5.986780 7.412153 9.082313 11.014020 13.218707 15.700821 18.456223 21.470755 24.719119 28.164184 31.756848 35.436545 39.132449 42.765392 46.250450 49.500096 52.427772 54.951674 56.998539 58.507168 59.431473 59.742813 59.431473 58.507168 56.998539 54.951674 52.427772 49.500096 46.250450 42.765392 39.132449 35.436545 31.756848 28.164184 24.719119 21.470755 18.456223 15.700821 13.218707 11.014020 9.082313 7.412153 5.986780 4.785720 3.786259 2.964741 2.297635 1.762373 1.337956 1.005352 0.747707 0.550412 0.401044 0.289234 0.206474 0.145897 0.102047 0.070653 0.048422 0.032850 0.022061 0.014665 0.009650 0.006284 0.004047 0.002573 0.001608 0.000975 0.000550 0.000247 0.000000 
0.000000 0.000175 0.000392 0.000700 0.001164 0.001879 0.002984 0.004678 0.007256 0.011137 0.016922 0.025451 0.037892 0.055847 0.081478 0.117670 0.168216 0.238035 0.333413 0.462257 0.634365 0.861676 1.158492 1.541631 2.030493 2.646982 3.415264 4.361308 5.512186 6.895114 8.536215 10.459035 12.682839 15.220761 18.077895 21.249453 24.719119 28.457760 32.422634 36.557226 40.791837 45.044968 49.225530 53.235818 56.975136 60.343904 63.248022 65.603208 67.339069 68.402587 68.760818 68.402587 67.339069 65.603208 63.248022 60.343904 56.975136 53.235818 49.225530 45.044968 40.791837 36.557226 32.422634 28.457760 24.719119 21.249453 18.077895 15.220761 12.682839 10.459035 8.536215 6.895114 5.512186 4.361308 3.415264 2.646982 2.030493 1.541631 1.158492 0.861676 0.634365 0.462257 0.333413 0.238035 0.168216 0.117670 0.081478 0.055847 0.037892 0.025450 0.016920 0.011135 0.007251 0.004671 0.002970 0.001857 0.001125 0.000635 0.000286 0.000000 
0.000000 0.000200 0.000448 0.000799 0.001329 0.002147 0.003408 0.005343 0.008285 0.012716 0.019318 0.029052 0.043249 0.063736 0.092978 0.134264 0.191919 0.271552 0.380324 0.527249 0.723493 0.982661 1.321045 1.757808 2.315048 3.017716 3.893334 4.971476 6.282969 7.858798 9.728702 11.919477 14.453045 17.344338 20.599133 24.211950 28.164184 32.422634 36.938605 41.647724 46.470609 51.314451 56.075524 60.642574 64.900950 68.737275 72.044413 74.726412 76.703128 77.914205 78.322138 77.914205 76.703128 74.726412 72.044413 68.737275 64.900950 60.642574 56.075524 51.314451 46.470609 41.647724 36.938605 32.422634 28.164184 24.211950 20.599133 17.344338 14.453045 11.919477 9.728702 7.858798 6.282969 4.971476 3.893334 3.017716 2.315048 1.757808 1.321045 0.982661 0.723493 0.527249 0.380324 0.271552 0.191919 0.134264 0.092977 0.063736 0.043249 0.029051 0.019317 0.012713 0.008280 0.005334 0.003393 0.002121 0.001286 0.000726 0.000326 0.000000 
0.000000 0.000227 0.000507 0.000903 0.001503 0.002426 0.003851 0.006037 0.009361 0.014366 0.021822 0.032814 0.048845 0.071975 0.104987 0.151593 0.216670 0.306546 0.429299 0.595096 0.816529 1.108939 1.490698 1.983410 2.611989 3.404559 4.392144 5.608074 7.087089 8.864104 10.972623 13.442831 16.299413 19.559176 23.228604 27.301493 31.756848 36.557226 41.647724 46.955776 52.391909 57.851520 63.217715 68.365120 73.164538 77.488215 81.215430 84.238068 86.465829 87.830706 88.290443 87.830706 86.465829 84.238068 81.215430 77.488215 73.164538 68.365120 63.217715 57.851520 52.391909 46.955776 41.647724 36.557226 31.756848 27.301493 23.228604 19.559176 16.299413 13.442831 10.972623 8.864104 7.087089 5.608074 4.392144 3.404559 2.611989 1.983410 1.490698 1.108939 0.816529 0.595096 0.429299 0.306546 0.216670 0.151593 0.104987 0.071975 0.048845 0.032813 0.021820 0.014362 0.009355 0.006027 0.003834 0.002397 0.001453 0.000821 0.000369 0.000000 
0.000000 0.000253 0.000567 0.001011 0.001681 0.002713 0.004306 0.006750 0.010465 0.016058 0.024391 0.036673 0.054585 0.080427 0.117305 0.169364 0.242051 0.342428 0.479513 0.664653 0.911902 1.238380 1.664587 2.214630 2.916304 3.800984 4.903278 6.260363 7.910984 9.894078 12.247001 15.003408 18.190811 21.827932 25.921976 30.465995 35.436545 40.791837 46.470609 52.391909 58.455928 64.545992 70.531723 76.273296 81.626625 86.449237 90.606508 93.977874 96.462638 97.984967 98.497737 97.984967 96.462638 93.977874 90.606508 86.449237 81.626625 76.273296 70.531723 64.545992 58.455928 52.391909 46.470609 40.791837 35.436545 30.465995 25.921976 21.827932 18.190811 15.003408 12.247001 9.894078 7.910984 6.260363 4.903278 3.800984 2.916304 2.214630 1.664587 1.238380 0.911902 0.664653 0.479513 0.342428 0.242051 0.169364 0.117305 0.080426 0.054585 0.036672 0.024389 0.016055 0.010459 0.006739 0.004287 0.002680 0.001625 0.000918 0.000412 0.000000 
0.000000 0.000281 0.000627 0.001118 0.001860 0.003002 0.004764 0.007467 0.011576 0.017761 0.026975 0.040556 0.060359 0.088926 0.129692 0.187234 0.267572 0.378504 0.529995 0.734577 1.007771 1.368485 1.839359 2.447009 3.222125 4.199349 5.416885 6.915772 8.738778 10.928874 13.527288 16.571152 20.090815 24.106920 28.627394 33.644539 39.132449 45.044968 51.314451 57.851520 64.545992 71.269071 77.876846 84.214979 90.124440 95.447981 100.037022 103.758504 106.501292 108.181695 108.747710 108.181695 106.501292 103.758504 100.037022 95.447981 90.124440 84.214979 77.876846 71.269071 64.545992 57.851520 51.314451 45.044968 39.132449 33.644539 28.627394 24.106920 20.090815 16.571152 13.527288 10.928874 8.738778 6.915772 5.416885 4.199349 3.222125 2.447009 1.839359 1.368485 1.007771 0.734577 0.529995 0.378504 0.267572 0.187234 0.129692 0.088926 0.060358 0.040555 0.026973 0.017757 0.011569 0.007455 0.004743 0.002966 0.001798 0.001016 0.000456 0.000000 
0.000000 0.000307 0.000687 0.001224 0.002036 0.003286 0.005215 0.008173 0.012670 0.019438 0.029519 0.044377 0.066041 0.097291 0.141882 0.204819 0.292681 0.413998 0.579658 0.803363 1.102075 1.496459 2.011256 2.675552 3.522883 4.591098 5.921937 7.560234 9.552708 11.946296 14.786026 18.112448 21.958695 26.347297 31.286887 36.769028 42.765392 49.225530 56.075524 63.217715 70.531723 77.876846 85.095870 92.020202 98.476128 104.291886 109.305183 113.370683 116.367001 118.202725 118.821055 118.202725 116.367001 113.370683 109.305183 104.291886 98.476128 92.020202 85.095870 77.876846 70.531723 63.217715 56.075524 49.225530 42.765392 36.769028 31.286887 26.347297 21.958695 18.112448 14.786026 11.946296 9.552708 7.560234 5.921937 4.591098 3.522883 2.675552 2.011256 1.496459 1.102075 0.803363 0.579658 0.413998 0.292681 0.204819 0.141882 0.097291 0.066041 0.044376 0.029517 0.019434 0.012662 0.008160 0.005192 0.003247 0.001969 0.001112 0.000500 0.000000 
