0.000000 0.000000 0.000000 0.000000 0.000000 0.000000 0.000000 0.000000 0.000000 0.000000 0.000000 0.000000 0.000000 0.000000 0.000000 0.000000 0.000000 0.000000 0.000000 0.000000 0.000000 0.000000 0.000000 0.000000 0.000000 0.000000 0.000000 0.000000 0.000000 0.000000 0.000000 0.000000 0.000000 0.000000 0.000000 0.000000 0.000000 0.000000 0.000000 0.000000 0.000000 0.000000 0.000000 0.000000 0.000000 0.000000 0.000000 0.000000 0.000000 0.000000 0.000000 0.000000 0.000000 0.000000 0.000000 0.000000 0.000000 0.000000 0.000000 0.000000 0.000000 0.000000 0.000000 0.000000 0.000000 0.000000 0.000000 0.000000 0.000000 0.000000 0.000000 0.000000 0.000000 0.000000 0.000000 0.000000 0.000000 0.000000 0.000000 0.000000 0.000000 0.000000 0.000000 0.000000 0.000000 0.000000 0.000000 0.000000 0.000000 0.000000 0.000000 0.000000 0.000000 0.000000 0.000000 0.000000 0.000000 0.000000 0.000000 0.000000 
0.000000 0.000000 0.000000 0.000000 0.000000 0.000000 0.000000 0.000000 0.000000 0.000000 0.000000 0.000000 0.000000 0.000000 0.000000 0.000000 0.000000 0.000000 0.000000 0.000000 0.000000 0.000000 0.000000 0.000000 0.000000 0.000000 0.000000 0.000000 0.000000 0.000000 0.000000 0.000000 0.000000 0.000000 0.000001 0.000001 0.000001 0.000001 0.000001 0.000002 0.000002 0.000002 0.000003 0.000003 0.000003 0.000003 0.000004 0.000004 0.000004 0.000004 0.000004 0.000004 0.000004 0.000004 0.000004 0.000003 0.000003 0.000003 0.000003 0.000002 0.000002 0.000002 0.000001 0.000001 0.000001 0.000001 0.000001 0.000000 0.000000 0.000000 0.000000 0.000000 0.000000 0.000000 0.000000 0.000000 0.000000 0.000000 0.000000 0.000000 0.000000 0.000000 0.000000 0.000000 0.000000 0.000000 0.000000 0.000000 0.000000 0.000000 0.000000 0.000000 0.000000 0.000000 0.000000 0.000000 0.000000 0.000000 0.000000 0.000000 
0.000000 0.000000 0.000000 0.000000 0.000000 0.000000 0.000000 0.000000 0.000000 0.000000 0.000000 0.000000 0.000000 0.000000 0.000000 0.000000 0.000000 0.000000 0.000000 0.000000 0.000000 0.000000 0.000000 0.000000 0.000000 0.000000 0.000000 0.000000 0.000000 0.000000 0.000000 0.000001 0.000001 0.000001 0.000001 0.000002 0.000002 0.000003 0.000003 0.000004 0.000005 0.000005 0.000006 0.000007 0.000008 0.000008 0.000009 0.000010 0.000010 0.000010 0.000010 0.000010 0.000010 0.000010 0.000009 0.000008 0.000008 0.000007 0.000006 0.000005 0.000005 0.000004 0.000003 0.000003 0.000002 0.000002 0.000001 0.000001 0.000001 0.000001 0.000000 0.000000 0.000000 0.000000 0.000000 0.000000 0.000000 0.000000 0.000000 0.000000 0.000000 0.000000 0.000000 0.000000 0.000000 0.000000 0.000000 0.000000 0.000000 0.000000 0.000000 0.000000 0.000000 0.000000 0.000000 0.000000 0.000000 0.000000 0.000000 0.000000 
0.000000 0.000000 0.000000 0.000000 0.000000 0.000000 0.000000 0.000000 0.000000 0.000000 0.000000 0.000000 0.000000 0.000000 0.000000 0.000000 0.000000 0.000000 0.000000 0.000000 0.000000 0.000000 0.000000 0.000000 0.000000 0.000000 0.000000 0.000000 0.000000 0.000001 0.000001 0.000001 0.000002 0.000002 0.000003 0.000004 0.000005 0.000006 0.000007 0.000008 0.000010 0.000011 0.000013 0.000015 0.000016 0.000018 0.000019 0.000020 0.000021 0.000021 0.000021 0.000021 0.000021 0.000020 0.000019 0.000018 0.000016 0.000015 0.000013 0.000011 0.000010 0.000008 0.000007 0.000006 0.000005 0.000004 0.000003 0.000002 0.000002 0.000001 0.000001 0.000001 0.000000 0.000000 0.000000 0.000000 0.000000 0.000000 0.000000 0.000000 0.000000 0.000000 0.000000 0.000000 0.000000 0.000000 0.000000 0.000000 0.000000 0.000000 0.000000 0.000000 0.000000 0.000000 0.000000 0.000000 0.000000 0.000000 0.000000 0.000000 
0.000000 0.000000 0.000000 0.000000 0.000000 0.000000 0.000000 0.000000 0.000000 0.000000 0.000000 0.000000 0.000000 0.000000 0.000000 0.000000 0.000000 0.000000 0.000000 0.000000 0.000000 0.000000 0.000000 0.000000 0.000000 0.000000 0.000000 0.000001 0.000001 0.000001 0.000002 0.000003 0.000003 0.000004 0.000006 0.000007 0.000009 0.000011 0.000014 0.000016 0.000019 0.000022 0.000026 0.000029 0.000032 0.000035 0.000037 0.000039 0.000041 0.000042 0.000042 0.000042 0.000041 0.000039 0.000037 0.000035 0.000032 0.000029 0.000026 0.000022 0.000019 0.000016 0.000014 0.000011 0.000009 0.000007 0.000006 0.000004 0.000003 0.000003 0.000002 0.000001 0.000001 0.000001 0.000000 0.000000 0.000000 0.000000 0.000000 0.000000 0.000000 0.000000 0.000000 0.000000 0.000000 0.000000 0.000000 0.000000 0.000000 0.000000 0.000000 0.000000 0.000000 0.000000 0.000000 0.000000 0.000000 0.000000 0.000000 0.000000 
0.000000 0.000000 0.000000 0.000000 0.000000 0.000000 0.000000 0.000000 0.000000 0.000000 0.000000 0.000000 0.000000 0.000000 0.000000 0.000000 0.000000 0.000000 0.000000 0.000000 0.000000 0.000000 0.000000 0.000000 0.000000 0.000001 0.000001 0.000001 0.000002 0.000003 0.000004 0.000005 0.000007 0.000009 0.000011 0.000014 0.000018 0.000022 0.000027 0.000032 0.000038 0.000044 0.000050 0.000056 0.000062 0.000067 0.000072 0.000076 0.000079 0.000081 0.000082 0.000081 0.000079 0.000076 0.000072 0.000067 0.000062 0.000056 0.000050 0.000044 0.000038 0.000032 0.000027 0.000022 0.000018 0.000014 0.000011 0.000009 0.000007 0.000005 0.000004 0.000003 0.000002 0.000001 0.000001 0.000001 0.000000 0.000000 0.000000 0.000000 0.000000 0.000000 0.000000 0.000000 0.000000 0.000000 0.000000 0.000000 0.000000 0.000000 0.000000 0.000000 0.000000 0.000000 0.000000 0.000000 0.000000 0.000000 0.000000 0.000000 
0.000000 0.000000 0.000000 0.000000 0.000000 0.000000 0.000000 0.000000 0.000000 0.000000 0.000000 0.000000 0.000000 0.000000 0.000000 0.000000 0.000000 0.000000 0.000000 0.000000 0.000000 0.000000 0.000000 0.000001 0.000001 0.000001 0.000002 0.000003 0.000004 0.000005 0.000007 0.000010 0.000013 0.000017 0.000021 0.000027 0.000034 0.000042 0.000051 0.000061 0.000072 0.000083 0.000095 0.000107 0.000118 0.000129 0.000138 0.000146 0.000152 0.000155 0.000156 0.000155 0.000152 0.000146 0.000138 0.000129 0.000118 0.000107 0.000095 0.000083 0.000072 0.000061 0.000051 0.000042 0.000034 0.000027 0.000021 0.000017 0.000013 0.000010 0.000007 0.000005 0.000004 0.000003 0.000002 0.000001 0.000001 0.000001 0.000000 0.000000 0.000000 0.000000 0.000000 0.000000 0.000000 0.000000 0.000000 0.000000 0.000000 0.000000 0.000000 0.000000 0.000000 0.000000 0.000000 0.000000 0.000000 0.000000 0.000000 0.000000 
0.000000 0.000000 0.000000 0.000000 0.000000 0.000000 0.000000 0.000000 0.000000 0.000000 0.000000 0.000000 0.000000 0.000000 0.000000 0.000000 0.000000 0.000000 0.000000 0.000000 0.000000 0.000000 0.000001 0.000001 0.000002 0.000002 0.000003 0.000005 0.000007 0.000010 0.000013 0.000018 0.000024 0.000031 0.000041 0.000052 0.000065 0.000079 0.000096 0.000115 0.000136 0.000157 0.000179 0.000201 0.000223 0.000242 0.000260 0.000274 0.000285 0.000292 0.000294 0.000292 0.000285 0.000274 0.000260 0.000242 0.000223 0.000201 0.000179 0.000157 0.000136 0.000115 0.000096 0.000079 0.000065 0.000052 0.000041 0.000031 0.000024 0.000018 0.000013 0.000010 0.000007 0.000005 0.000003 0.000002 0.000002 0.000001 0.000001 0.000000 0.000000 0.000000 0.000000 0.000000 0.000000 0.000000 0.000000 0.000000 0.000000 0.000000 0.000000 0.000000 0.000000 0.000000 0.000000 0.000000 0.000000 0.000000 0.000000 0.000000 
0.000000 0.000000 0.000000 0.000000 0.000000 0.000000 0.000000 0.000000 0.000000 0.000000 0.000000 0.000000 0.000000 0.000000 0.000000 0.000000 0.000000 0.000000 0.000000 0.000000 0.000001 0.000001 0.000001 0.000002 0.000003 0.000004 0.000006 0.000009 0.000013 0.000018 0.000025 0.000034 0.000045 0.000059 0.000076 0.000096 0.000120 0.000148 0.000179 0.000214 0.000252 0.000292 0.000333 0.000374 0.000413 0.000450 0.000482 0.000509 0.000529 0.000542 0.000546 0.000542 0.000529 0.000509 0.000482 0.000450 0.000413 0.000374 0.000333 0.000292 0.000252 0.000214 0.000179 0.000148 0.000120 0.000096 0.000076 0.000059 0.000045 0.000034 0.000025 0.000018 0.000013 0.000009 0.000006 0.000004 0.000003 0.000002 0.000001 0.000001 0.000001 0.000000 0.000000 0.000000 0.000000 0.000000 0.000000 0.000000 0.000000 0.000000 0.000000 0.000000 0.000000 0.000000 0.000000 0.000000 0.000000 0.000000 0.000000 0.000000 
0.000000 0.000000 0.000000 0.000000 0.000000 0.000000 0.000000 0.000000 0.000000 0.000000 0.000000 0.000000 0.000000 0.000000 0.000000 0.000000 0.000000 0.000000 0.000000 0.000001 0.000001 0.000002 0.000002 0.000004 0.000006 0.000008 0.000012 0.000017 0.000024 0.000033 0.000046 0.000062 0.000082 0.000108 0.000139 0.000176 0.000220 0.000271 0.000329 0.000392 0.000461 0.000534 0.000609 0.000684 0.000756 0.000823 0.000882 0.000931 0.000968 0.000991 0.000998 0.000991 0.000968 0.000931 0.000882 0.000823 0.000756 0.000684 0.000609 0.000534 0.000461 0.000392 0.000329 0.000271 0.000220 0.000176 0.000139 0.000108 0.000082 0.000062 0.000046 0.000033 0.000024 0.000017 0.000012 0.000008 0.000006 0.000004 0.000002 0.000002 0.000001 0.000001 0.000000 0.000000 0.000000 0.000000 0.000000 0.000000 0.000000 0.000000 0.000000 0.000000 0.000000 0.000000 0.000000 0.000000 0.000000 0.000000 0.000000 0.000000 
0.000000 0.000000 0.000000 0.000000 0.000000 0.000000 0.000000 0.000000 0.000000 0.000000 0.000000 0.000000 0.000000 0.000000 0.000000 0.000000 0.000000 0.000000 0.000001 0.000001 0.000002 0.000003 0.000004 0.000007 0.000010 0.000015 0.000022 0.000031 0.000044 0.000061 0.000083 0.000112 0.000149 0.000195 0.000251 0.000318 0.000398 0.000490 0.000594 0.000709 0.000833 0.000965 0.001100 0.001234 0.001365 0.001485 0.001592 0.001680 0.001746 0.001787 0.001801 0.001787 0.001746 0.001680 0.001592 0.001485 0.001365 0.001234 0.001100 0.000965 0.000833 0.000709 0.000594 0.000490 0.000398 0.000318 0.000251 0.000195 0.000149 0.000112 0.000083 0.000061 0.000044 0.000031 0.000022 0.000015 0.000010 0.000007 0.000004 0.000003 0.000002 0.000001 0.000001 0.000000 0.000000 0.000000 0.000000 0.000000 0.000000 0.000000 0.000000 0.000000 0.000000 0.000000 0.000000 0.000000 0.000000 0.000000 0.000000 0.000000 
0.000000 0.000000 0.000000 0.000000 0.000000 0.000000 0.000000 0.000000 0.000000 0.000000 0.000000 0.000000 0.000000 0.000000 0.000000 0.000000 0.000000 0.000001 0.000001 0.000002 0.000003 0.000005 0.000008 0.000012 0.000018 0.000027 0.000039 0.000055 0.000078 0.000109 0.000149 0.000200 0.000266 0.000348 0.000448 0.000568 0.000710 0.000873 0.001058 0.001263 0.001484 0.001718 0.001958 0.002197 0.002429 0.002643 0.002833 0.002990 0.003107 0.003180 0.003204 0.003180 0.003107 0.002990 0.002833 0.002643 0.002429 0.002197 0.001958 0.001718 0.001484 0.001263 0.001058 0.000873 0.000710 0.000568 0.000448 0.000348 0.000266 0.000200 0.000149 0.000109 0.000078 0.000055 0.000039 0.000027 0.000018 0.000012 0.000008 0.000005 0.000003 0.000002 0.000001 0.000001 0.000000 0.000000 0.000000 0.000000 0.000000 0.000000 0.000000 0.000000 0.000000 0.000000 0.000000 0.000000 0.000000 0.000000 0.000000 0.000000 
0.000000 0.000000 0.000000 0.000000 0.000000 0.000000 0.000000 0.000000 0.000000 0.000000 0.000000 0.000000 0.000000 0.000000 0.000000 0.000000 0.000001 0.000001 0.000002 0.000004 0.000006 0.000009 0.000014 0.000021 0.000032 0.000047 0.000068 0.000098 0.000138 0.000192 0.000262 0.000353 0.000468 0.000612 0.000788 0.001000 0.001248 0.001535 0.001860 0.002219 0.002607 0.003017 0.003437 0.003857 0.004262 0.004638 0.004970 0.005245 0.005451 0.005578 0.005621 0.005578 0.005451 0.005245 0.004970 0.004638 0.004262 0.003857 0.003437 0.003017 0.002607 0.002219 0.001860 0.001535 0.001248 0.001000 0.000788 0.000612 0.000468 0.000353 0.000262 0.000192 0.000138 0.000098 0.000068 0.000047 0.000032 0.000021 0.000014 0.000009 0.000006 0.000004 0.000002 0.000001 0.000001 0.000000 0.000000 0.000000 0.000000 0.000000 0.000000 0.000000 0.000000 0.000000 0.000000 0.000000 0.000000 0.000000 0.000000 0.000000 
0.000000 0.000000 0.000000 0.000000 0.000000 0.000000 0.000000 0.000000 0.000000 0.000000 0.000000 0.000000 0.000000 0.000000 0.000001 0.000001 0.000001 0.000002 0.000004 0.000006 0.000010 0.000016 0.000025 0.000037 0.000056 0.000082 0.000119 0.000170 0.000240 0.000333 0.000455 0.000613 0.000813 0.001063 0.001368 0.001734 0.002164 0.002661 0.003223 0.003844 0.004515 0.005223 0.005950 0.006676 0.007376 0.008025 0.008599 0.009074 0.009429 0.009648 0.009723 0.009648 0.009429 0.009074 0.008599 0.008025 0.007376 0.006676 0.005950 0.005223 0.004515 0.003844 0.003223 0.002661 0.002164 0.001734 0.001368 0.001063 0.000813 0.000613 0.000455 0.000333 0.000240 0.000170 0.000119 0.000082 0.000056 0.000037 0.000025 0.000016 0.000010 0.000006 0.000004 0.000002 0.000001 0.000001 0.000001 0.000000 0.000000 0.000000 0.000000 0.000000 0.000000 0.000000 0.000000 0.000000 0.000000 0.000000 0.000000 0.000000 
0.000000 0.000000 0.000000 0.000000 0.000000 0.000000 0.000000 0.000000 0.000000 0.000000 0.000000 0.000000 0.000000 0.000001 0.000001 0.000002 0.000003 0.000004 0.000007 0.000011 0.000018 0.000027 0.000042 0.000064 0.000096 0.000141 0.000204 0.000292 0.000412 0.000571 0.000780 0.001050 0.001393 0.001819 0.002340 0.002965 0.003700 0.004548 0.005506 0.006565 0.007710 0.008916 0.010156 0.011392 0.012585 0.013691 0.014669 0.015477 0.016081 0.016455 0.016582 0.016455 0.016081 0.015477 0.014669 0.013691 0.012585 0.011392 0.010156 0.008916 0.007710 0.006565 0.005506 0.004548 0.003700 0.002965 0.002340 0.001819 0.001393 0.001050 0.000780 0.000571 0.000412 0.000292 0.000204 0.000141 0.000096 0.000064 0.000042 0.000027 0.000018 0.000011 0.000007 0.000004 0.000003 0.000002 0.000001 0.000001 0.000000 0.000000 0.000000 0.000000 0.000000 0.000000 0.000000 0.000000 0.000000 0.000000 0.000000 0.000000 
0.000000 0.000000 0.000000 0.000000 0.000000 0.000000 0.000000 0.000000 0.000000 0.000000 0.000000 0.000000 0.000000 0.000001 0.000002 0.000003 0.000004 0.000007 0.000012 0.000019 0.000030 0.000047 0.000072 0.000109 0.000162 0.000239 0.000346 0.000495 0.000696 0.000965 0.001318 0.001773 0.002350 0.003069 0.003946 0.004998 0.006236 0.007663 0.009274 0.011055 0.012979 0.015008 0.017090 0.019167 0.021171 0.023029 0.024671 0.026028 0.027043 0.027671 0.027884 0.027671 0.027043 0.026028 0.024671 0.023029 0.021171 0.019167 0.017090 0.015008 0.012979 0.011055 0.009274 0.007663 0.006236 0.004998 0.003946 0.003069 0.002350 0.001773 0.001318 0.000965 0.000696 0.000495 0.000346 0.000239 0.000162 0.000109 0.000072 0.000047 0.000030 0.000019 0.000012 0.000007 0.000004 0.000003 0.000002 0.000001 0.000000 0.000000 0.000000 0.000000 0.000000 0.000000 0.000000 0.000000 0.000000 0.000000 0.000000 0.000000 
0.000000 0.000000 0.000000 0.000000 0.000000 0.000000 0.000000 0.000000 0.000000 0.000000 0.000000 0.000000 0.000001 0.000001 0.000003 0.000004 0.000007 0.000012 0.000020 0.000031 0.000050 0.000078 0.000120 0.000181 0.000271 0.000398 0.000578 0.000825 0.001160 0.001608 0.002195 0.002952 0.003911 0.005104 0.006561 0.008308 0.010361 0.012728 0.015401 0.018353 0.021542 0.024904 0.028354 0.031795 0.035113 0.038191 0.040909 0.043157 0.044837 0.045877 0.046229 0.045877 0.044837 0.043157 0.040909 0.038191 0.035113 0.031795 0.028354 0.024904 0.021542 0.018353 0.015401 0.012728 0.010361 0.008308 0.006561 0.005104 0.003911 0.002952 0.002195 0.001608 0.001160 0.000825 0.000578 0.000398 0.000271 0.000181 0.000120 0.000078 0.000050 0.000031 0.000020 0.000012 0.000007 0.000004 0.000003 0.000001 0.000001 0.000000 0.000000 0.000000 0.000000 0.000000 0.000000 0.000000 0.000000 0.000000 0.000000 0.000000 
0.000000 0.000000 0.000000 0.000000 0.000000 0.000000 0.000000 0.000000 0.000000 0.000000 0.000000 0.000001 0.000001 0.000002 0.000004 0.000007 0.000012 0.000020 0.000032 0.000052 0.000082 0.000128 0.000197 0.000299 0.000446 0.000656 0.000950 0.001356 0.001906 0.002641 0.003603 0.004844 0.006415 0.008369 0.010754 0.013612 0.016972 0.020843 0.025212 0.030039 0.035250 0.040741 0.046378 0.051997 0.057416 0.062441 0.066878 0.070547 0.073291 0.074988 0.075562 0.074988 0.073291 0.070547 0.066878 0.062441 0.057416 0.051997 0.046378 0.040741 0.035250 0.030039 0.025212 0.020843 0.016972 0.013612 0.010754 0.008369 0.006415 0.004844 0.003603 0.002641 0.001906 0.001356 0.000950 0.000656 0.000446 0.000299 0.000197 0.000128 0.000082 0.000052 0.000032 0.000020 0.000012 0.000007 0.000004 0.000002 0.000001 0.000001 0.000000 0.000000 0.000000 0.000000 0.000000 0.000000 0.000000 0.000000 0.000000 0.000000 
0.000000 0.000000 0.000000 0.000000 0.000000 0.000000 0.000000 0.000000 0.000000 0.000000 0.000001 0.000001 0.000002 0.000004 0.000007 0.000012 0.000020 0.000032 0.000053 0.000085 0.000134 0.000209 0.000321 0.000485 0.000724 0.001064 0.001540 0.002197 0.003087 0.004275 0.005831 0.007836 0.010373 0.013526 0.017376 0.021987 0.027405 0.033646 0.040689 0.048466 0.056861 0.065707 0.074784 0.083831 0.092555 0.100644 0.107786 0.113690 0.118105 0.120836 0.121760 0.120836 0.118105 0.113690 0.107786 0.100644 0.092555 0.083831 0.074784 0.065707 0.056861 0.048466 0.040689 0.033646 0.027405 0.021987 0.017376 0.013526 0.010373 0.007836 0.005831 0.004275 0.003087 0.002197 0.001540 0.001064 0.000724 0.000485 0.000321 0.000209 0.000134 0.000085 0.000053 0.000032 0.000020 0.000012 0.000007 0.000004 0.000002 0.000001 0.000001 0.000000 0.000000 0.000000 0.000000 0.000000 0.000000 0.000000 0.000000 0.000000 
0.000000 0.000000 0.000000 0.000000 0.000000 0.000000 0.000000 0.000000 0.000000 0.000001 0.000001 0.000002 0.000004 0.000006 0.000011 0.000019 0.000031 0.000052 0.000085 0.000136 0.000215 0.000334 0.000513 0.000777 0.001158 0.001700 0.002461 0.003509 0.004929 0.006821 0.009301 0.012493 0.016532 0.021551 0.027675 0.035008 0.043622 0.053541 0.064732 0.077086 0.090420 0.104465 0.118876 0.133237 0.147083 0.159919 0.171252 0.180620 0.187624 0.191956 0.193423 0.191956 0.187624 0.180620 0.171252 0.159919 0.147083 0.133237 0.118876 0.104465 0.090420 0.077086 0.064732 0.053541 0.043622 0.035008 0.027675 0.021551 0.016532 0.012493 0.009301 0.006821 0.004929 0.003509 0.002461 0.001700 0.001158 0.000777 0.000513 0.000334 0.000215 0.000136 0.000085 0.000052 0.000031 0.000019 0.000011 0.000006 0.000004 0.000002 0.000001 0.000001 0.000000 0.000000 0.000000 0.000000 0.000000 0.000000 0.000000 0.000000 
0.000000 0.000000 0.000000 0.000000 0.000000 0.000000 0.000000 0.000000 0.000001 0.000001 0.000002 0.000003 0.000006 0.000010 0.000018 0.000030 0.000050 0.000082 0.000134 0.000215 0.000339 0.000528 0.000810 0.001225 0.001825 0.002679 0.003876 0.005523 0.007755 0.010729 0.014623 0.019634 0.025972 0.033845 0.043448 0.054944 0.068444 0.083985 0.101513 0.120860 0.141736 0.163721 0.186275 0.208747 0.230410 0.250491 0.268218 0.282871 0.293825 0.300601 0.302895 0.300601 0.293825 0.282871 0.268218 0.250491 0.230410 0.208747 0.186275 0.163721 0.141736 0.120860 0.101513 0.083985 0.068444 0.054944 0.043448 0.033845 0.025972 0.019634 0.014623 0.010729 0.007755 0.005523 0.003876 0.002679 0.001825 0.001225 0.000810 0.000528 0.000339 0.000215 0.000134 0.000082 0.000050 0.000030 0.000018 0.000010 0.000006 0.000003 0.000002 0.000001 0.000001 0.000000 0.000000 0.000000 0.000000 0.000000 0.000000 0.000000 
0.000000 0.000000 0.000000 0.000000 0.000000 0.000000 0.000000 0.000000 0.000001 0.000002 0.000003 0.000005 0.000009 0.000016 0.000027 0.000047 0.000078 0.000128 0.000209 0.000334 0.000528 0.000822 0.001260 0.001904 0.002836 0.004161 0.006016 0.008569 0.012027 0.016632 0.022659 0.030414 0.040217 0.052391 0.067235 0.084998 0.105853 0.129856 0.156919 0.186785 0.219003 0.252928 0.287723 0.322388 0.355799 0.386766 0.414102 0.436695 0.453585 0.464032 0.467568 0.464032 0.453585 0.436695 0.414102 0.386766 0.355799 0.322388 0.287723 0.252928 0.219003 0.186785 0.156919 0.129856 0.105853 0.084998 0.067235 0.052391 0.040217 0.030414 0.022659 0.016632 0.012027 0.008569 0.006016 0.004161 0.002836 0.001904 0.001260 0.000822 0.000528 0.000334 0.000209 0.000128 0.000078 0.000047 0.000027 0.000016 0.000009 0.000005 0.000003 0.000002 0.000001 0.000000 0.000000 0.000000 0.000000 0.000000 0.000000 0.000000 
0.000000 0.000000 0.000000 0.000000 0.000000 0.000000 0.000000 0.000001 0.000001 0.000002 0.000004 0.000008 0.000014 0.000025 0.000042 0.000072 0.000120 0.000197 0.000321 0.000513 0.000810 0.001260 0.001932 0.002917 0.004342 0.006368 0.009202 0.013103 0.018383 0.025411 0.034607 0.046434 0.061380 0.079934 0.102549 0.129606 0.161362 0.197902 0.239092 0.284536 0.333551 0.385151 0.438067 0.490776 0.541573 0.588649 0.630201 0.664541 0.690211 0.706088 0.711461 0.706088 0.690211 0.664541 0.630201 0.588649 0.541573 0.490776 0.438067 0.385151 0.333551 0.284536 0.239092 0.197902 0.161362 0.129606 0.102549 0.079934 0.061380 0.046434 0.034607 0.025411 0.018383 0.013103 0.009202 0.006368 0.004342 0.002917 0.001932 0.001260 0.000810 0.000513 0.000321 0.000197 0.000120 0.000072 0.000042 0.000025 0.000014 0.000008 0.000004 0.000002 0.000001 0.000001 0.000000 0.000000 0.000000 0.000000 0.000000 0.000000 
0.000000 0.000000 0.000000 0.000000 0.000000 0.000000 0.000001 0.000001 0.000002 0.000004 0.000007 0.000012 0.000021 0.000037 0.000064 0.000109 0.000181 0.000299 0.000485 0.000777 0.001225 0.001904 0.002917 0.004404 0.006552 0.009604 0.013873 0.019746 0.027692 0.038263 0.052091 0.069869 0.092328 0.120199 0.154162 0.194783 0.242445 0.297274 0.359066 0.427225 0.500725 0.578089 0.657411 0.736414 0.812540 0.883083 0.945341 0.996790 1.035248 1.059033 1.067083 1.059033 1.035248 0.996790 0.945341 0.883083 0.812540 0.736414 0.657411 0.578089 0.500725 0.427225 0.359066 0.297274 0.242445 0.194783 0.154162 0.120199 0.092328 0.069869 0.052091 0.038263 0.027692 0.019746 0.013873 0.009604 0.006552 0.004404 0.002917 0.001904 0.001225 0.000777 0.000485 0.000299 0.000181 0.000109 0.000064 0.000037 0.000021 0.000012 0.000007 0.000004 0.000002 0.000001 0.000001 0.000000 0.000000 0.000000 0.000000 0.000000 
0.000000 0.000000 0.000000 0.000000 0.000000 0.000000 0.000001 0.000002 0.000003 0.000006 0.000010 0.000018 0.000032 0.000056 0.000096 0.000162 0.000271 0.000446 0.000724 0.001158 0.001825 0.002836 0.004342 0.006552 0.009742 0.014275 0.020612 0.029325 0.041109 0.056782 0.077275 0.103613 0.136875 0.178140 0.228409 0.288516 0.359024 0.440115 0.531483 0.632245 0.740882 0.855210 0.972414 1.089130 1.201582 1.305776 1.397726 1.473706 1.530498 1.565621 1.577507 1.565621 1.530498 1.473706 1.397726 1.305776 1.201582 1.089130 0.972414 0.855210 0.740882 0.632245 0.531483 0.440115 0.359024 0.288516 0.228409 0.178140 0.136875 0.103613 0.077275 0.056782 0.041109 0.029325 0.020612 0.014275 0.009742 0.006552 0.004342 0.002836 0.001825 0.001158 0.000724 0.000446 0.000271 0.000162 0.000096 0.000056 0.000032 0.000018 0.000010 0.000006 0.000003 0.000002 0.000001 0.000000 0.000000 0.000000 0.000000 0.000000 
0.000000 0.000000 0.000000 0.000000 0.000000 0.000001 0.000001 0.000002 0.000004 0.000008 0.000015 0.000027 0.000047 0.000082 0.000141 0.000239 0.000398 0.000656 0.001064 0.001700 0.002679 0.004161 0.006368 0.009604 0.014275 0.020908 0.030177 0.042917 0.060141 0.083040 0.112972 0.151428 0.199978 0.260191 0.333523 0.421183 0.523986 0.642191 0.775349 0.922169 1.080433 1.246960 1.417652 1.587609 1.751339 1.903029 2.036883 2.147481 2.230146 2.281267 2.298567 2.281267 2.230146 2.147481 2.036883 1.903029 1.751339 1.587609 1.417652 1.246960 1.080433 0.922169 0.775349 0.642191 0.523986 0.421183 0.333523 0.260191 0.199978 0.151428 0.112972 0.083040 0.060141 0.042917 0.030177 0.020908 0.014275 0.009604 0.006368 0.004161 0.002679 0.001700 0.001064 0.000656 0.000398 0.000239 0.000141 0.000082 0.000047 0.000027 0.000015 0.000008 0.000004 0.000002 0.000001 0.000001 0.000000 0.000000 0.000000 0.000000 
0.000000 0.000000 0.000000 0.000000 0.000000 0.000001 0.000002 0.000003 0.000006 0.000012 0.000022 0.000039 0.000068 0.000119 0.000204 0.000346 0.000578 0.000950 0.001540 0.002461 0.003876 0.006016 0.009202 0.013873 0.020612 0.030177 0.043537 0.061894 0.086703 0.119676 0.162759 0.218095 0.287936 0.374528 0.479957 0.605954 0.753682 0.923505 1.114769 1.325618 1.552860 1.791930 2.036942 2.280869 2.515832 2.733496 2.925551 3.084228 3.202823 3.276162 3.300981 3.276162 3.202823 3.084228 2.925551 2.733496 2.515832 2.280869 2.036942 1.791930 1.552860 1.325618 1.114769 0.923505 0.753682 0.605954 0.479957 0.374528 0.287936 0.218095 0.162759 0.119676 0.086703 0.061894 0.043537 0.030177 0.020612 0.013873 0.009202 0.006016 0.003876 0.002461 0.001540 0.000950 0.000578 0.000346 0.000204 0.000119 0.000068 0.000039 0.000022 0.000012 0.000006 0.000003 0.000002 0.000001 0.000000 0.000000 0.000000 0.000000 
0.000000 0.000000 0.000000 0.000000 0.000001 0.000001 0.000003 0.000005 0.000009 0.000017 0.000031 0.000055 0.000098 0.000170 0.000292 0.000495 0.000825 0.001356 0.002197 0.003509 0.005523 0.008569 0.013103 0.019746 0.029325 0.042917 0.061894 0.087960 0.123175 0.169961 0.231075 0.309546 0.408556 0.531280 0.680662 0.859143 1.068358 1.308814 1.579574 1.878003 2.199582 2.537846 2.884470 3.229517 3.561846 3.869681 4.141276 4.365657 4.533350 4.637048 4.672140 4.637048 4.533350 4.365657 4.141276 3.869681 3.561846 3.229517 2.884470 2.537846 2.199582 1.878003 1.579574 1.308814 1.068358 0.859143 0.680662 0.531280 0.408556 0.309546 0.231075 0.169961 0.123175 0.087960 0.061894 0.042917 0.029325 0.019746 0.013103 0.008569 0.005523 0.003509 0.002197 0.001356 0.000825 0.000495 0.000292 0.000170 0.000098 0.000055 0.000031 0.000017 0.000009 0.000005 0.000003 0.000001 0.000001 0.000000 0.000000 0.000000 
0.000000 0.000000 0.000000 0.000000 0.000001 0.000002 0.000004 0.000007 0.000013 0.000024 0.000044 0.000078 0.000138 0.000240 0.000412 0.000696 0.001160 0.001906 0.003087 0.004929 0.007755 0.012027 0.018383 0.027692 0.041109 0.060141 0.086703 0.123175 0.172432 0.237852 0.323282 0.432940 0.571263 0.742672 0.951260 1.200423 1.492427 1.827963 2.205716 2.621998 3.070498 3.542200 4.025495 4.506534 4.969796 5.398874 5.777412 6.090125 6.323824 6.468335 6.517237 6.468335 6.323824 6.090125 5.777412 5.398874 4.969796 4.506534 4.025495 3.542200 3.070498 2.621998 2.205716 1.827963 1.492427 1.200423 0.951260 0.742672 0.571263 0.432940 0.323282 0.237852 0.172432 0.123175 0.086703 0.060141 0.041109 0.027692 0.018383 0.012027 0.007755 0.004929 0.003087 0.001906 0.001160 0.000696 0.000412 0.000240 0.000138 0.000078 0.000044 0.000024 0.000013 0.000007 0.000004 0.000002 0.000001 0.000000 0.000000 0.000000 
0.000000 0.000000 0.000000 0.000001 0.000001 0.000003 0.000005 0.000010 0.000018 0.000033 0.000061 0.000109 0.000192 0.000333 0.000571 0.000965 0.001608 0.002641 0.004275 0.006821 0.010729 0.016632 0.025411 0.038263 0.056782 0.083040 0.119676 0.169961 0.237852 0.327994 0.445672 0.596682 0.787117 1.023040 1.310070 1.652855 2.054494 2.515919 3.035304 3.607567 4.224026 4.872282 5.536388 6.197318 6.833761 7.423192 7.943157 8.372681 8.693662 8.892139 8.959303 8.892139 8.693662 8.372681 7.943157 7.423192 6.833761 6.197318 5.536388 4.872282 4.224026 3.607567 3.035304 2.515919 2.054494 1.652855 1.310070 1.023040 0.787117 0.596682 0.445672 0.327994 0.237852 0.169961 0.119676 0.083040 0.056782 0.038263 0.025411 0.016632 0.010729 0.006821 0.004275 0.002641 0.001608 0.000965 0.000571 0.000333 0.000192 0.000109 0.000061 0.000033 0.000018 0.000010 0.000005 0.000003 0.000001 0.000001 0.000000 0.000000 
0.000000 0.000000 0.000000 0.000001 0.000002 0.000004 0.000007 0.000013 0.000025 0.000046 0.000083 0.000149 0.000262 0.000455 0.000780 0.001318 0.002195 0.003603 0.005831 0.009301 0.014623 0.022659 0.034607 0.052091 0.077275 0.112972 0.162759 0.231075 0.323282 0.445672 0.605404 0.810326 1.068681 1.388672 1.777891 2.242617 2.787023 3.412350 4.116101 4.891376 5.726400 6.604379 7.503715 8.398653 9.260353 10.058337 10.762230 11.343658 11.778138 12.046791 12.137699 12.046791 11.778138 11.343658 10.762230 10.058337 9.260353 8.398653 7.503715 6.604379 5.726400 4.891376 4.116101 3.412350 2.787023 2.242617 1.777891 1.388672 1.068681 0.810326 0.605404 0.445672 0.323282 0.231075 0.162759 0.112972 0.077275 0.052091 0.034607 0.022659 0.014623 0.009301 0.005831 0.003603 0.002195 0.001318 0.000780 0.000455 0.000262 0.000149 0.000083 0.000046 0.000025 0.000013 0.000007 0.000004 0.000002 0.000001 0.000000 0.000000 
0.000000 0.000000 0.000001 0.000001 0.000003 0.000005 0.000010 0.000018 0.000034 0.000062 0.000112 0.000200 0.000353 0.000613 0.001050 0.001773 0.002952 0.004844 0.007836 0.012493 0.019634 0.030414 0.046434 0.069869 0.103613 0.151428 0.218095 0.309546 0.432940 0.596682 0.810326 1.084342 1.429723 1.857405 2.377500 2.998364 3.725541 4.560654 5.500348 6.535384 7.650033 8.821869 10.022073 11.216285 12.366041 13.430699 14.369762 15.145405 15.724993 16.083361 16.204626 16.083361 15.724993 15.145405 14.369762 13.430699 12.366041 11.216285 10.022073 8.821869 7.650033 6.535384 5.500348 4.560654 3.725541 2.998364 2.377500 1.857405 1.429723 1.084342 0.810326 0.596682 0.432940 0.309546 0.218095 0.151428 0.103613 0.069869 0.046434 0.030414 0.019634 0.012493 0.007836 0.004844 0.002952 0.001773 0.001050 0.000613 0.000353 0.000200 0.000112 0.000062 0.000034 0.000018 0.000010 0.000005 0.000003 0.000001 0.000000 0.000000 
0.000000 0.000000 0.000001 0.000002 0.000003 0.000007 0.000013 0.000024 0.000045 0.000082 0.000149 0.000266 0.000468 0.000813 0.001393 0.002350 0.003911 0.006415 0.010373 0.016532 0.025972 0.040217 0.061380 0.092328 0.136875 0.199978 0.287936 0.408556 0.571263 0.787117 1.068681 1.429723 1.884692 2.447952 3.132780 3.950135 4.907274 6.006298 7.242756 8.604468 10.070723 11.612019 13.190451 14.760852 16.272663 17.672477 18.907084 19.926788 20.688720 21.159822 21.319233 21.159822 20.688720 19.926788 18.907084 17.672477 16.272663 14.760852 13.190451 11.612019 10.070723 8.604468 7.242756 6.006298 4.907274 3.950135 3.132780 2.447952 1.884692 1.429723 1.068681 0.787117 0.571263 0.408556 0.287936 0.199978 0.136875 0.092328 0.061380 0.040217 0.025972 0.016532 0.010373 0.006415 0.003911 0.002350 0.001393 0.000813 0.000468 0.000266 0.000149 0.000082 0.000045 0.000024 0.000013 0.000007 0.000003 0.000002 0.000001 0.000000 
0.000000 0.000000 0.000001 0.000002 0.000004 0.000009 0.000017 0.000031 0.000059 0.000108 0.000195 0.000348 0.000612 0.001063 0.001819 0.003069 0.005104 0.008369 0.013526 0.021551 0.033845 0.052391 0.079934 0.120199 0.178140 0.260191 0.374528 0.531280 0.742672 1.023040 1.388672 1.857405 2.447952 3.178910 4.067456 5.127758 6.369180 7.794398 9.397602 11.162966 13.063625 15.061326 17.106947 19.141973 21.100916 22.914612 24.514161 25.835224 26.822299 27.432593 27.639101 27.432593 26.822299 25.835224 24.514161 22.914612 21.100916 19.141973 17.106947 15.061326 13.063625 11.162966 9.397602 7.794398 6.369180 5.127758 4.067456 3.178910 2.447952 1.857405 1.388672 1.023040 0.742672 0.531280 0.374528 0.260191 0.178140 0.120199 0.079934 0.052391 0.033845 0.021551 0.013526 0.008369 0.005104 0.003069 0.001819 0.001063 0.000612 0.000348 0.000195 0.000108 0.000059 0.000031 0.000017 0.000009 0.000004 0.000002 0.000001 0.000000 
0.000000 0.000001 0.000001 0.000003 0.000006 0.000011 0.000021 0.000041 0.000076 0.000139 0.000251 0.000448 0.000788 0.001368 0.002340 0.003946 0.006561 0.010754 0.017376 0.027675 0.043448 0.067235 0.102549 0.154162 0.228409 0.333523 0.479957 0.680662 0.951260 1.310070 1.777891 2.377500 3.132780 4.067456 5.203431 6.558755 8.145338 9.966542 12.014894 14.270141 16.697934 19.249405 21.861827 24.460489 26.961807 29.277511 31.319685 33.006236 34.266357 35.045454 35.309078 35.045454 34.266357 33.006236 31.319685 29.277511 26.961807 24.460489 21.861827 19.249405 16.697934 14.270141 12.014894 9.966542 8.145338 6.558755 5.203431 4.067456 3.132780 2.377500 1.777891 1.310070 0.951260 0.680662 0.479957 0.333523 0.228409 0.154162 0.102549 0.067235 0.043448 0.027675 0.017376 0.010754 0.006561 0.003946 0.002340 0.001368 0.000788 0.000448 0.000251 0.000139 0.000076 0.000041 0.000021 0.000011 0.000006 0.000003 0.000001 0.000000 
0.000000 0.000001 0.000002 0.000004 0.000007 0.000014 0.000027 0.000052 0.000096 0.000176 0.000318 0.000568 0.001000 0.001734 0.002965 0.004998 0.008308 0.013612 0.021987 0.035008 0.054944 0.084998 0.129606 0.194783 0.288516 0.421183 0.605954 0.859143 1.200423 1.652855 2.242617 2.998364 3.950135 5.127758 6.558755 8.265792 10.263793 12.556929 15.135733 17.974660 21.030449 24.241579 27.529116 30.799070 33.946307 36.859822 39.429061 41.550808 43.136040 44.116124 44.447752 44.116124 43.136040 41.550808 39.429061 36.859822 33.946307 30.799070 27.529116 24.241579 21.030449 17.974660 15.135733 12.556929 10.263793 8.265792 6.558755 5.127758 3.950135 2.998364 2.242617 1.652855 1.200423 0.859143 0.605954 0.421183 0.288516 0.194783 0.129606 0.084998 0.054944 0.035008 0.021987 0.013612 0.008308 0.004998 0.002965 0.001734 0.001000 0.000568 0.000318 0.000176 0.000096 0.000052 0.000027 0.000014 0.000007 0.000004 0.000001 0.000000 
0.000000 0.000001 0.000002 0.000005 0.000009 0.000018 0.000034 0.000065 0.000120 0.000220 0.000398 0.000710 0.001248 0.002164 0.003700 0.006236 0.010361 0.016972 0.027405 0.043622 0.068444 0.105853 0.161362 0.242445 0.359024 0.523986 0.753682 1.068358 1.492427 2.054494 2.787023 3.725541 4.907274 6.369180 8.145338 10.263793 12.742985 15.588011 18.787058 22.308390 26.098313 30.080516 34.157121 38.211615 42.113686 45.725772 48.910882 51.541132 53.506227 54.721142 55.132226 54.721142 53.506227 51.541132 48.910882 45.725772 42.113686 38.211615 34.157121 30.080516 26.098313 22.308390 18.787058 15.588011 12.742985 10.263793 8.145338 6.369180 4.907274 3.725541 2.787023 2.054494 1.492427 1.068358 0.753682 0.523986 0.359024 0.242445 0.161362 0.105853 0.068444 0.043622 0.027405 0.016972 0.010361 0.006236 0.003700 0.002164 0.001248 0.000710 0.000398 0.000220 0.000120 0.000064 0.000034 0.000018 0.000009 0.000004 0.000002 0.000000 
0.000000 0.000001 0.000003 0.000006 0.000011 0.000022 0.000042 0.000079 0.000148 0.000271 0.000490 0.000873 0.001535 0.002661 0.004548 0.007663 0.012728 0.020843 0.033646 0.053541 0.083985 0.129856 0.197902 0.297274 0.440115 0.642191 0.923505 1.308814 1.827963 2.515919 3.412350 4.560654 6.006298 7.794398 9.966542 12.556929 15.588011 19.065931 22.976175 27.279894 31.911426 36.777504 41.758537 46.712200 51.479340 55.891970 59.782821 62.995753 65.396114 66.880105 67.382229 66.880105 65.396114 62.995753 59.782821 55.891970 51.479340 46.712200 41.758537 36.777504 31.911426 27.279894 22.976175 19.065931 15.588011 12.556929 9.966542 7.794398 6.006298 4.560654 3.412350 2.515919 1.827963 1.308814 0.923505 0.642191 0.440115 0.297274 0.197902 0.129856 0.083985 0.053541 0.033646 0.020843 0.012728 0.007663 0.004548 0.002661 0.001535 0.000873 0.000490 0.000271 0.000148 0.000079 0.000042 0.000022 0.000011 0.000005 0.000002 0.000000 
0.000000 0.000001 0.000003 0.000007 0.000014 0.000027 0.000051 0.000096 0.000179 0.000329 0.000594 0.001058 0.001860 0.003223 0.005506 0.009274 0.015401 0.025212 0.040689 0.064732 0.101513 0.156919 0.239092 0.359066 0.531483 0.775349 1.114769 1.579574 2.205716 3.035304 4.116101 5.500348 7.242756 9.397602 12.014894 15.135733 18.787058 22.976175 27.685517 32.868232 38.445206 44.304122 50.301002 56.264534 62.003188 67.314820 71.998176 75.865404 78.754514 80.540637 81.144987 80.540637 78.754514 75.865404 71.998176 67.314820 62.003188 56.264534 50.301002 44.304122 38.445206 32.868232 27.685517 22.976175 18.787058 15.135733 12.014894 9.397602 7.242756 5.500348 4.116101 3.035304 2.205716 1.579574 1.114769 0.775349 0.531483 0.359066 0.239092 0.156919 0.101513 0.064732 0.040689 0.025212 0.015401 0.009274 0.005506 0.003223 0.001860 0.001058 0.000594 0.000329 0.000179 0.000096 0.000051 0.000027 0.000014 0.000007 0.000003 0.000000 
0.000000 0.000002 0.000004 0.000008 0.000016 0.000032 0.000061 0.000115 0.000214 0.000392 0.000709 0.001263 0.002219 0.003844 0.006565 0.011055 0.018353 0.030039 0.048466 0.077086 0.120860 0.186785 0.284536 0.427225 0.632245 0.922169 1.325618 1.878003 2.621998 3.607567 4.891376 6.535384 8.604468 11.162966 14.270141 17.974660 22.308390 27.279894 32.868232 39.017736 45.634494 52.585232 59.699156 66.773091 73.579913 79.879941 85.434572 90.021105 93.447512 95.565773 96.282500 95.565773 93.447512 90.021105 85.434572 79.879941 73.579913 66.773091 59.699156 52.585232 45.634494 39.017736 32.868232 27.279894 22.308390 17.974660 14.270141 11.162966 8.604468 6.535384 4.891376 3.607567 2.621998 1.878003 1.325618 0.922169 0.632245 0.427225 0.284536 0.186785 0.120860 0.077086 0.048466 0.030039 0.018353 0.011055 0.006565 0.003844 0.002219 0.001263 0.000709 0.000392 0.000214 0.000115 0.000061 0.000032 0.000016 0.000008 0.000003 0.000000 
0.000000 0.000002 0.000005 0.000010 0.000019 0.000038 0.000072 0.000136 0.000252 0.000461 0.000833 0.001484 0.002607 0.004515 0.007710 0.012979 0.021542 0.035250 0.056861 0.090420 0.141736 0.219003 0.333551 0.500725 0.740882 1.080433 1.552860 2.199582 3.070498 4.224026 5.726400 7.650033 10.070723 13.063625 16.697934 21.030449 26.098313 31.911426 38.445206 45.634494 53.369451 61.494264 69.809308 78.077152 86.032414 93.395070 99.886376 105.246185 109.250192 111.725500 112.563029 111.725500 109.250192 105.246185 99.886376 93.395070 86.032414 78.077152 69.809308 61.494264 53.369451 45.634494 38.445206 31.911426 26.098313 21.030449 16.697934 13.063625 10.070723 7.650033 5.726400 4.224026 3.070498 2.199582 1.552860 1.080433 0.740882 0.500725 0.333551 0.219003 0.141736 0.090420 0.056861 0.035250 0.021542 0.012979 0.007710 0.004515 0.002607 0.001484 0.000833 0.000461 0.000252 0.000136 0.000072 0.000038 0.000019 0.000009 0.000004 0.000000 
0.000000 0.000002 0.000005 0.000011 0.000022 0.000044 0.000083 0.000157 0.000292 0.000534 0.000965 0.001718 0.003017 0.005223 0.008916 0.015008 0.024904 0.040741 0.065707 0.104465 0.163721 0.252928 0.385151 0.578089 0.855210 1.246960 1.791930 2.537846 3.542200 4.872282 6.604379 8.821869 11.612019 15.061326 19.249405 24.241579 30.080516 36.777504 44.304122 52.585232 61.494264 70.851739 80.427767 89.948957 99.109776 107.587865 115.062359 121.233823 125.844083 128.694145 129.658468 128.694145 125.844083 121.233823 115.062359 107.587865 99.109776 89.948957 80.427767 70.851739 61.494264 52.585232 44.304122 36.777504 30.080516 24.241579 19.249405 15.061326 11.612019 8.821869 6.604379 4.872282 3.542200 2.537846 1.791930 1.246960 0.855210 0.578089 0.385151 0.252928 0.163721 0.104465 0.065707 0.040741 0.024904 0.015008 0.008916 0.005223 0.003017 0.001718 0.000965 0.000534 0.000292 0.000157 0.000083 0.000044 0.000022 0.000011 0.000004 0.000000 
0.000000 0.000003 0.000006 0.000013 0.000026 0.000050 0.000095 0.000179 0.000333 0.000609 0.001100 0.001958 0.003437 0.005950 0.010156 0.017090 0.028354 0.046378 0.074784 0.118876 0.186275 0.287723 0.438067 0.657411 0.972414 1.417652 2.036942 2.884470 4.025495 5.536388 7.503715 10.022073 13.190451 17.106947 21.861827 27.529116 34.157121 41.758537 50.301002 59.699156 69.809308 80.427767 91.293678 102.096879 112.490776 122.109720 130.589783 137.591356 142.821642 146.054969 147.148963 146.054969 142.821642 137.591356 130.589783 122.109720 112.490776 102.096879 91.293678 80.427767 69.809308 59.699156 50.301002 41.758537 34.157121 27.529116 21.861827 17.106947 13.190451 10.022073 7.503715 5.536388 4.025495 2.884470 2.036942 1.417652 0.972414 0.657411 0.438067 0.287723 0.186275 0.118876 0.074784 0.046378 0.028354 0.017090 0.010156 0.005950 0.003437 0.001958 0.001100 0.000609 0.000333 0.000179 0.000095 0.000050 0.000025 0.000012 0.000005 0.000000 
