0.000000 0.000000 0.000000 0.000000 0.000000 0.000000 0.000000 0.000000 0.000000 0.000000 0.000000 0.000000 0.000000 0.000000 0.000000 0.000000 0.000000 0.000000 0.000000 0.000000 0.000000 0.000000 0.000000 0.000000 0.000000 0.000000 0.000000 0.000000 0.000000 0.000000 0.000000 0.000000 0.000000 0.000000 0.000000 0.000000 0.000000 0.000000 0.000000 0.000000 0.000000 0.000000 0.000000 0.000000 0.000000 0.000000 0.000000 0.000000 0.000000 0.000000 0.000000 0.000000 0.000000 0.000000 0.000000 0.000000 0.000000 0.000000 0.000000 0.000000 0.000000 0.000000 0.000000 0.000000 0.000000 0.000000 0.000000 0.000000 0.000000 0.000000 0.000000 0.000000 0.000000 0.000000 0.000000 0.000000 0.000000 0.000000 0.000000 0.000000 0.000000 0.000000 0.000000 0.000000 0.000000 0.000000 0.000000 0.000000 0.000000 0.000000 0.000000 0.000000 0.000000 0.000000 0.000000 0.000000 0.000000 0.000000 0.000000 0.000000 
0.000000 0.000000 0.000000 0.000000 0.000000 0.000000 0.000000 0.000000 0.000000 0.000000 0.000000 0.000000 0.000000 0.000000 0.000000 0.000000 0.000000 0.000000 0.000000 0.000000 0.000000 0.000000 0.000000 0.000000 0.000000 0.000000 0.000000 0.000000 0.000000 0.000000 0.000000 0.000000 0.000000 0.000000 0.000000 0.000000 0.000000 0.000000 0.000000 0.000000 0.000000 0.000000 0.000000 0.000000 0.000000 0.000000 0.000000 0.000000 0.000000 0.000000 0.000000 0.000000 0.000000 0.000000 0.000000 0.000000 0.000000 0.000000 0.000000 0.000000 0.000000 0.000000 0.000000 0.000000 0.000000 0.000000 0.000000 0.000000 0.000000 0.000000 0.000000 0.000000 0.000000 0.000000 0.000000 0.000000 0.000000 0.000000 0.000000 0.000000 0.000000 0.000000 0.000000 0.000000 0.000000 0.000000 0.000000 0.000000 0.000000 0.000000 0.000000 0.000000 0.000000 0.000000 0.000000 0.000000 0.000000 0.000000 0.000000 0.000000 
0.000000 0.000000 0.000000 0.000000 0.000000 0.000000 0.000000 0.000000 0.000000 0.000000 0.000000 0.000000 0.000000 0.000000 0.000000 0.000000 0.000000 0.000000 0.000000 0.000000 0.000000 0.000000 0.000000 0.000000 0.000000 0.000000 0.000000 0.000000 0.000000 0.000000 0.000000 0.000000 0.000000 0.000000 0.000000 0.000000 0.000000 0.000000 0.000000 0.000000 0.000000 0.000000 0.000000 0.000000 0.000001 0.000001 0.000001 0.000001 0.000001 0.000001 0.000001 0.000001 0.000001 0.000001 0.000001 0.000001 0.000001 0.000000 0.000000 0.000000 0.000000 0.000000 0.000000 0.000000 0.000000 0.000000 0.000000 0.000000 0.000000 0.000000 0.000000 0.000000 0.000000 0.000000 0.000000 0.000000 0.000000 0.000000 0.000000 0.000000 0.000000 0.000000 0.000000 0.000000 0.000000 0.000000 0.000000 0.000000 0.000000 0.000000 0.000000 0.000000 0.000000 0.000000 0.000000 0.000000 0.000000 0.000000 0.000000 0.000000 
0.000000 0.000000 0.000000 0.000000 0.000000 0.000000 0.000000 0.000000 0.000000 0.000000 0.000000 0.000000 0.000000 0.000000 0.000000 0.000000 0.000000 0.000000 0.000000 0.000000 0.000000 0.000000 0.000000 0.000000 0.000000 0.000000 0.000000 0.000000 0.000000 0.000000 0.000000 0.000000 0.000000 0.000000 0.000000 0.000000 0.000000 0.000000 0.000000 0.000001 0.000001 0.000001 0.000001 0.000001 0.000001 0.000001 0.000001 0.000002 0.000002 0.000002 0.000002 0.000002 0.000002 0.000002 0.000001 0.000001 0.000001 0.000001 0.000001 0.000001 0.000001 0.000001 0.000000 0.000000 0.000000 0.000000 0.000000 0.000000 0.000000 0.000000 0.000000 0.000000 0.000000 0.000000 0.000000 0.000000 0.000000 0.000000 0.000000 0.000000 0.000000 0.000000 0.000000 0.000000 0.000000 0.000000 0.000000 0.000000 0.000000 0.000000 0.000000 0.000000 0.000000 0.000000 0.000000 0.000000 0.000000 0.000000 0.000000 0.000000 
0.000000 0.000000 0.000000 0.000000 0.000000 0.000000 0.000000 0.000000 0.000000 0.000000 0.000000 0.000000 0.000000 0.000000 0.000000 0.000000 0.000000 0.000000 0.000000 0.000000 0.000000 0.000000 0.000000 0.000000 0.000000 0.000000 0.000000 0.000000 0.000000 0.000000 0.000000 0.000000 0.000000 0.000000 0.000000 0.000000 0.000001 0.000001 0.000001 0.000001 0.000002 0.000002 0.000002 0.000002 0.000003 0.000003 0.000003 0.000004 0.000004 0.000004 0.000004 0.000004 0.000004 0.000004 0.000003 0.000003 0.000003 0.000002 0.000002 0.000002 0.000002 0.000001 0.000001 0.000001 0.000001 0.000000 0.000000 0.000000 0.000000 0.000000 0.000000 0.000000 0.000000 0.000000 0.000000 0.000000 0.000000 0.000000 0.000000 0.000000 0.000000 0.000000 0.000000 0.000000 0.000000 0.000000 0.000000 0.000000 0.000000 0.000000 0.000000 0.000000 0.000000 0.000000 0.000000 0.000000 0.000000 0.000000 0.000000 0.000000 
0.000000 0.000000 0.000000 0.000000 0.000000 0.000000 0.000000 0.000000 0.000000 0.000000 0.000000 0.000000 0.000000 0.000000 0.000000 0.000000 0.000000 0.000000 0.000000 0.000000 0.000000 0.000000 0.000000 0.000000 0.000000 0.000000 0.000000 0.000000 0.000000 0.000000 0.000000 0.000000 0.000000 0.000001 0.000001 0.000001 0.000001 0.000002 0.000002 0.000003 0.000003 0.000004 0.000005 0.000005 0.000006 0.000007 0.000007 0.000008 0.000008 0.000008 0.000008 0.000008 0.000008 0.000008 0.000007 0.000007 0.000006 0.000005 0.000005 0.000004 0.000003 0.000003 0.000002 0.000002 0.000001 0.000001 0.000001 0.000001 0.000000 0.000000 0.000000 0.000000 0.000000 0.000000 0.000000 0.000000 0.000000 0.000000 0.000000 0.000000 0.000000 0.000000 0.000000 0.000000 0.000000 0.000000 0.000000 0.000000 0.000000 0.000000 0.000000 0.000000 0.000000 0.000000 0.000000 0.000000 0.000000 0.000000 0.000000 0.000000 
0.000000 0.000000 0.000000 0.000000 0.000000 0.000000 0.000000 0.000000 0.000000 0.000000 0.000000 0.000000 0.000000 0.000000 0.000000 0.000000 0.000000 0.000000 0.000000 0.000000 0.000000 0.000000 0.000000 0.000000 0.000000 0.000000 0.000000 0.000000 0.000000 0.000000 0.000000 0.000001 0.000001 0.000001 0.000002 0.000002 0.000003 0.000004 0.000005 0.000006 0.000007 0.000008 0.000010 0.000011 0.000012 0.000014 0.000015 0.000016 0.000017 0.000017 0.000017 0.000017 0.000017 0.000016 0.000015 0.000014 0.000012 0.000011 0.000010 0.000008 0.000007 0.000006 0.000005 0.000004 0.000003 0.000002 0.000002 0.000001 0.000001 0.000001 0.000000 0.000000 0.000000 0.000000 0.000000 0.000000 0.000000 0.000000 0.000000 0.000000 0.000000 0.000000 0.000000 0.000000 0.000000 0.000000 0.000000 0.000000 0.000000 0.000000 0.000000 0.000000 0.000000 0.000000 0.000000 0.000000 0.000000 0.000000 0.000000 0.000000 
0.000000 0.000000 0.000000 0.000000 0.000000 0.000000 0.000000 0.000000 0.000000 0.000000 0.000000 0.000000 0.000000 0.000000 0.000000 0.000000 0.000000 0.000000 0.000000 0.000000 0.000000 0.000000 0.000000 0.000000 0.000000 0.000000 0.000000 0.000000 0.000000 0.000001 0.000001 0.000001 0.000002 0.000003 0.000003 0.000005 0.000006 0.000008 0.000010 0.000012 0.000014 0.000017 0.000020 0.000023 0.000026 0.000029 0.000031 0.000033 0.000035 0.000036 0.000036 0.000036 0.000035 0.000033 0.000031 0.000029 0.000026 0.000023 0.000020 0.000017 0.000014 0.000012 0.000010 0.000008 0.000006 0.000005 0.000003 0.000003 0.000002 0.000001 0.000001 0.000001 0.000000 0.000000 0.000000 0.000000 0.000000 0.000000 0.000000 0.000000 0.000000 0.000000 0.000000 0.000000 0.000000 0.000000 0.000000 0.000000 0.000000 0.000000 0.000000 0.000000 0.000000 0.000000 0.000000 0.000000 0.000000 0.000000 0.000000 0.000000 
0.000000 0.000000 0.000000 0.000000 0.000000 0.000000 0.000000 0.000000 0.000000 0.000000 0.000000 0.000000 0.000000 0.000000 0.000000 0.000000 0.000000 0.000000 0.000000 0.000000 0.000000 0.000000 0.000000 0.000000 0.000000 0.000000 0.000000 0.000001 0.000001 0.000001 0.000002 0.000003 0.000004 0.000005 0.000007 0.000009 0.000012 0.000016 0.000020 0.000024 0.000030 0.000035 0.000041 0.000047 0.000053 0.000059 0.000064 0.000068 0.000071 0.000073 0.000074 0.000073 0.000071 0.000068 0.000064 0.000059 0.000053 0.000047 0.000041 0.000035 0.000030 0.000024 0.000020 0.000016 0.000012 0.000009 0.000007 0.000005 0.000004 0.000003 0.000002 0.000001 0.000001 0.000001 0.000000 0.000000 0.000000 0.000000 0.000000 0.000000 0.000000 0.000000 0.000000 0.000000 0.000000 0.000000 0.000000 0.000000 0.000000 0.000000 0.000000 0.000000 0.000000 0.000000 0.000000 0.000000 0.000000 0.000000 0.000000 0.000000 
0.000000 0.000000 0.000000 0.000000 0.000000 0.000000 0.000000 0.000000 0.000000 0.000000 0.000000 0.000000 0.000000 0.000000 0.000000 0.000000 0.000000 0.000000 0.000000 0.000000 0.000000 0.000000 0.000000 0.000000 0.000000 0.000001 0.000001 0.000001 0.000002 0.000003 0.000004 0.000006 0.000008 0.000011 0.000014 0.000019 0.000025 0.000032 0.000040 0.000049 0.000060 0.000071 0.000083 0.000095 0.000107 0.000119 0.000129 0.000138 0.000144 0.000148 0.000149 0.000148 0.000144 0.000138 0.000129 0.000119 0.000107 0.000095 0.000083 0.000071 0.000060 0.000049 0.000040 0.000032 0.000025 0.000019 0.000014 0.000011 0.000008 0.000006 0.000004 0.000003 0.000002 0.000001 0.000001 0.000001 0.000000 0.000000 0.000000 0.000000 0.000000 0.000000 0.000000 0.000000 0.000000 0.000000 0.000000 0.000000 0.000000 0.000000 0.000000 0.000000 0.000000 0.000000 0.000000 0.000000 0.000000 0.000000 0.000000 0.000000 
0.000000 0.000000 0.000000 0.000000 0.000000 0.000000 0.000000 0.000000 0.000000 0.000000 0.000000 0.000000 0.000000 0.000000 0.000000 0.000000 0.000000 0.000000 0.000000 0.000000 0.000000 0.000000 0.000000 0.000000 0.000001 0.000001 0.000002 0.000002 0.000004 0.000005 0.000008 0.000011 0.000015 0.000021 0.000029 0.000038 0.000050 0.000063 0.000080 0.000098 0.000119 0.000142 0.000165 0.000190 0.000213 0.000236 0.000256 0.000273 0.000286 0.000294 0.000297 0.000294 0.000286 0.000273 0.000256 0.000236 0.000213 0.000190 0.000165 0.000142 0.000119 0.000098 0.000080 0.000063 0.000050 0.000038 0.000029 0.000021 0.000015 0.000011 0.000008 0.000005 0.000004 0.000002 0.000002 0.000001 0.000001 0.000000 0.000000 0.000000 0.000000 0.000000 0.000000 0.000000 0.000000 0.000000 0.000000 0.000000 0.000000 0.000000 0.000000 0.000000 0.000000 0.000000 0.000000 0.000000 0.000000 0.000000 0.000000 0.000000 
0.000000 0.000000 0.000000 0.000000 0.000000 0.000000 0.000000 0.000000 0.000000 0.000000 0.000000 0.000000 0.000000 0.000000 0.000000 0.000000 0.000000 0.000000 0.000000 0.000000 0.000000 0.000000 0.000000 0.000001 0.000001 0.000002 0.000003 0.000005 0.000007 0.000011 0.000015 0.000022 0.000030 0.000042 0.000056 0.000075 0.000097 0.000124 0.000156 0.000192 0.000233 0.000277 0.000323 0.000371 0.000417 0.000461 0.000501 0.000534 0.000559 0.000574 0.000579 0.000574 0.000559 0.000534 0.000501 0.000461 0.000417 0.000371 0.000323 0.000277 0.000233 0.000192 0.000156 0.000124 0.000097 0.000075 0.000056 0.000042 0.000030 0.000022 0.000015 0.000011 0.000007 0.000005 0.000003 0.000002 0.000001 0.000001 0.000000 0.000000 0.000000 0.000000 0.000000 0.000000 0.000000 0.000000 0.000000 0.000000 0.000000 0.000000 0.000000 0.000000 0.000000 0.000000 0.000000 0.000000 0.000000 0.000000 0.000000 0.000000 
0.000000 0.000000 0.000000 0.000000 0.000000 0.000000 0.000000 0.000000 0.000000 0.000000 0.000000 0.000000 0.000000 0.000000 0.000000 0.000000 0.000000 0.000000 0.000000 0.000000 0.000000 0.000001 0.000001 0.000002 0.000002 0.000004 0.000006 0.000009 0.000014 0.000020 0.000030 0.000042 0.000059 0.000081 0.000109 0.000144 0.000188 0.000240 0.000301 0.000371 0.000449 0.000533 0.000622 0.000713 0.000803 0.000887 0.000963 0.001026 0.001074 0.001104 0.001114 0.001104 0.001074 0.001026 0.000963 0.000887 0.000803 0.000713 0.000622 0.000533 0.000449 0.000371 0.000301 0.000240 0.000188 0.000144 0.000109 0.000081 0.000059 0.000042 0.000030 0.000020 0.000014 0.000009 0.000006 0.000004 0.000002 0.000002 0.000001 0.000001 0.000000 0.000000 0.000000 0.000000 0.000000 0.000000 0.000000 0.000000 0.000000 0.000000 0.000000 0.000000 0.000000 0.000000 0.000000 0.000000 0.000000 0.000000 0.000000 0.000000 
0.000000 0.000000 0.000000 0.000000 0.000000 0.000000 0.000000 0.000000 0.000000 0.000000 0.000000 0.000000 0.000000 0.000000 0.000000 0.000000 0.000000 0.000000 0.000000 0.000000 0.000001 0.000001 0.000002 0.000003 0.000005 0.000007 0.000012 0.000018 0.000027 0.000039 0.000056 0.000080 0.000112 0.000154 0.000207 0.000274 0.000356 0.000455 0.000571 0.000703 0.000850 0.001010 0.001179 0.001350 0.001519 0.001679 0.001822 0.001942 0.002032 0.002088 0.002107 0.002088 0.002032 0.001942 0.001822 0.001679 0.001519 0.001350 0.001179 0.001010 0.000850 0.000703 0.000571 0.000455 0.000356 0.000274 0.000207 0.000154 0.000112 0.000080 0.000056 0.000039 0.000027 0.000018 0.000012 0.000007 0.000005 0.000003 0.000002 0.000001 0.000001 0.000000 0.000000 0.000000 0.000000 0.000000 0.000000 0.000000 0.000000 0.000000 0.000000 0.000000 0.000000 0.000000 0.000000 0.000000 0.000000 0.000000 0.000000 0.000000 
0.000000 0.000000 0.000000 0.000000 0.000000 0.000000 0.000000 0.000000 0.000000 0.000000 0.000000 0.000000 0.000000 0.000000 0.000000 0.000000 0.000000 0.000000 0.000000 0.000001 0.000001 0.000002 0.000003 0.000006 0.000009 0.000014 0.000022 0.000033 0.000050 0.000073 0.000106 0.000150 0.000210 0.000288 0.000387 0.000512 0.000666 0.000850 0.001065 0.001311 0.001585 0.001883 0.002196 0.002516 0.002830 0.003127 0.003392 0.003614 0.003782 0.003886 0.003922 0.003886 0.003782 0.003614 0.003392 0.003127 0.002830 0.002516 0.002196 0.001883 0.001585 0.001311 0.001065 0.000850 0.000666 0.000512 0.000387 0.000288 0.000210 0.000150 0.000106 0.000073 0.000050 0.000033 0.000022 0.000014 0.000009 0.000006 0.000003 0.000002 0.000001 0.000001 0.000000 0.000000 0.000000 0.000000 0.000000 0.000000 0.000000 0.000000 0.000000 0.000000 0.000000 0.000000 0.000000 0.000000 0.000000 0.000000 0.000000 0.000000 
0.000000 0.000000 0.000000 0.000000 0.000000 0.000000 0.000000 0.000000 0.000000 0.000000 0.000000 0.000000 0.000000 0.000000 0.000000 0.000000 0.000000 0.000000 0.000001 0.000001 0.000002 0.000004 0.000006 0.000010 0.000017 0.000026 0.000040 0.000061 0.000092 0.000135 0.000195 0.000277 0.000387 0.000530 0.000713 0.000942 0.001223 0.001561 0.001955 0.002406 0.002908 0.003453 0.004026 0.004610 0.005185 0.005728 0.006213 0.006619 0.006926 0.007116 0.007181 0.007116 0.006926 0.006619 0.006213 0.005728 0.005185 0.004610 0.004026 0.003453 0.002908 0.002406 0.001955 0.001561 0.001223 0.000942 0.000713 0.000530 0.000387 0.000277 0.000195 0.000135 0.000092 0.000061 0.000040 0.000026 0.000017 0.000010 0.000006 0.000004 0.000002 0.000001 0.000001 0.000000 0.000000 0.000000 0.000000 0.000000 0.000000 0.000000 0.000000 0.000000 0.000000 0.000000 0.000000 0.000000 0.000000 0.000000 0.000000 0.000000 
0.000000 0.000000 0.000000 0.000000 0.000000 0.000000 0.000000 0.000000 0.000000 0.000000 0.000000 0.000000 0.000000 0.000000 0.000000 0.000000 0.000000 0.000001 0.000001 0.000002 0.000004 0.000007 0.000012 0.000019 0.000030 0.000047 0.000073 0.000112 0.000167 0.000246 0.000354 0.000503 0.000701 0.000959 0.001290 0.001704 0.002212 0.002820 0.003531 0.004344 0.005249 0.006229 0.007261 0.008313 0.009347 0.010323 0.011196 0.011927 0.012477 0.012820 0.012936 0.012820 0.012477 0.011927 0.011196 0.010323 0.009347 0.008313 0.007261 0.006229 0.005249 0.004344 0.003531 0.002820 0.002212 0.001704 0.001290 0.000959 0.000701 0.000503 0.000354 0.000246 0.000167 0.000112 0.000073 0.000047 0.000030 0.000019 0.000012 0.000007 0.000004 0.000002 0.000001 0.000001 0.000000 0.000000 0.000000 0.000000 0.000000 0.000000 0.000000 0.000000 0.000000 0.000000 0.000000 0.000000 0.000000 0.000000 0.000000 0.000000 
0.000000 0.000000 0.000000 0.000000 0.000000 0.000000 0.000000 0.000000 0.000000 0.000000 0.000000 0.000000 0.000000 0.000000 0.000000 0.000000 0.000001 0.000001 0.000002 0.000004 0.000007 0.000012 0.000021 0.000034 0.000054 0.000085 0.000132 0.000200 0.000299 0.000439 0.000633 0.000897 0.001248 0.001708 0.002296 0.003032 0.003933 0.005012 0.006274 0.007714 0.009318 0.011054 0.012882 0.014744 0.016575 0.018301 0.019847 0.021139 0.022114 0.022720 0.022925 0.022720 0.022114 0.021139 0.019847 0.018301 0.016575 0.014744 0.012882 0.011054 0.009318 0.007714 0.006274 0.005012 0.003933 0.003032 0.002296 0.001708 0.001248 0.000897 0.000633 0.000439 0.000299 0.000200 0.000132 0.000085 0.000054 0.000034 0.000021 0.000012 0.000007 0.000004 0.000002 0.000001 0.000001 0.000000 0.000000 0.000000 0.000000 0.000000 0.000000 0.000000 0.000000 0.000000 0.000000 0.000000 0.000000 0.000000 0.000000 0.000000 
0.000000 0.000000 0.000000 0.000000 0.000000 0.000000 0.000000 0.000000 0.000000 0.000000 0.000000 0.000000 0.000000 0.000000 0.000000 0.000001 0.000001 0.000002 0.000004 0.000008 0.000013 0.000022 0.000037 0.000060 0.000095 0.000150 0.000232 0.000352 0.000525 0.000770 0.001110 0.001572 0.002188 0.002992 0.004020 0.005305 0.006879 0.008762 0.010963 0.013476 0.016271 0.019297 0.022481 0.025724 0.028913 0.031918 0.034609 0.036858 0.038553 0.039608 0.039966 0.039608 0.038553 0.036858 0.034609 0.031918 0.028913 0.025724 0.022481 0.019297 0.016271 0.013476 0.010963 0.008762 0.006879 0.005305 0.004020 0.002992 0.002188 0.001572 0.001110 0.000770 0.000525 0.000352 0.000232 0.000150 0.000095 0.000060 0.000037 0.000022 0.000013 0.000008 0.000004 0.000002 0.000001 0.000001 0.000000 0.000000 0.000000 0.000000 0.000000 0.000000 0.000000 0.000000 0.000000 0.000000 0.000000 0.000000 0.000000 0.000000 
0.000000 0.000000 0.000000 0.000000 0.000000 0.000000 0.000000 0.000000 0.000000 0.000000 0.000000 0.000000 0.000000 0.000000 0.000001 0.000001 0.000002 0.000004 0.000008 0.000013 0.000023 0.000038 0.000063 0.000103 0.000165 0.000259 0.000401 0.000608 0.000907 0.001330 0.001916 0.002712 0.003772 0.005155 0.006922 0.009131 0.011833 0.015066 0.018844 0.023154 0.027946 0.033135 0.038590 0.044147 0.049609 0.054755 0.059362 0.063212 0.066115 0.067920 0.068533 0.067920 0.066115 0.063212 0.059362 0.054755 0.049609 0.044147 0.038590 0.033135 0.027946 0.023154 0.018844 0.015066 0.011833 0.009131 0.006922 0.005155 0.003772 0.002712 0.001916 0.001330 0.000907 0.000608 0.000401 0.000259 0.000165 0.000103 0.000063 0.000038 0.000023 0.000013 0.000008 0.000004 0.000002 0.000001 0.000001 0.000000 0.000000 0.000000 0.000000 0.000000 0.000000 0.000000 0.000000 0.000000 0.000000 0.000000 0.000000 0.000000 
0.000000 0.000000 0.000000 0.000000 0.000000 0.000000 0.000000 0.000000 0.000000 0.000000 0.000000 0.000000 0.000000 0.000001 0.000001 0.000002 0.000004 0.000007 0.000013 0.000023 0.000039 0.000066 0.000108 0.000176 0.000281 0.000442 0.000682 0.001035 0.001542 0.002259 0.003253 0.004601 0.006396 0.008735 0.011722 0.015456 0.020021 0.025480 0.031856 0.039128 0.047211 0.055959 0.065155 0.074520 0.083721 0.092391 0.100150 0.106634 0.111521 0.114561 0.115592 0.114561 0.111521 0.106634 0.100150 0.092391 0.083721 0.074520 0.065155 0.055959 0.047211 0.039128 0.031856 0.025480 0.020021 0.015456 0.011722 0.008735 0.006396 0.004601 0.003253 0.002259 0.001542 0.001035 0.000682 0.000442 0.000281 0.000176 0.000108 0.000066 0.000039 0.000023 0.000013 0.000007 0.000004 0.000002 0.000001 0.000001 0.000000 0.000000 0.000000 0.000000 0.000000 0.000000 0.000000 0.000000 0.000000 0.000000 0.000000 0.000000 
0.000000 0.000000 0.000000 0.000000 0.000000 0.000000 0.000000 0.000000 0.000000 0.000000 0.000000 0.000000 0.000001 0.000001 0.000002 0.000004 0.000007 0.000012 0.000022 0.000038 0.000066 0.000110 0.000182 0.000296 0.000472 0.000740 0.001142 0.001730 0.002578 0.003773 0.005429 0.007675 0.010663 0.014555 0.019523 0.025728 0.033313 0.042379 0.052964 0.065031 0.078440 0.092947 0.108194 0.123716 0.138964 0.153329 0.166182 0.176922 0.185016 0.190050 0.191758 0.190050 0.185016 0.176922 0.166182 0.153329 0.138964 0.123716 0.108194 0.092947 0.078440 0.065031 0.052964 0.042379 0.033313 0.025728 0.019523 0.014555 0.010663 0.007675 0.005429 0.003773 0.002578 0.001730 0.001142 0.000740 0.000472 0.000296 0.000182 0.000110 0.000066 0.000038 0.000022 0.000012 0.000007 0.000004 0.000002 0.000001 0.000001 0.000000 0.000000 0.000000 0.000000 0.000000 0.000000 0.000000 0.000000 0.000000 0.000000 0.000000 
0.000000 0.000000 0.000000 0.000000 0.000000 0.000000 0.000000 0.000000 0.000000 0.000000 0.000000 0.000000 0.000001 0.000002 0.000003 0.000006 0.000012 0.000021 0.000037 0.000063 0.000108 0.000182 0.000300 0.000487 0.000777 0.001219 0.001878 0.002845 0.004236 0.006197 0.008910 0.012589 0.017480 0.023850 0.031974 0.042117 0.054511 0.069317 0.086599 0.106292 0.128170 0.151831 0.176692 0.201996 0.226848 0.250256 0.271199 0.288695 0.301881 0.310080 0.312863 0.310080 0.301881 0.288695 0.271199 0.250256 0.226848 0.201996 0.176692 0.151831 0.128170 0.106292 0.086599 0.069317 0.054511 0.042117 0.031974 0.023850 0.017480 0.012589 0.008910 0.006197 0.004236 0.002845 0.001878 0.001219 0.000777 0.000487 0.000300 0.000182 0.000108 0.000063 0.000037 0.000021 0.000012 0.000006 0.000003 0.000002 0.000001 0.000000 0.000000 0.000000 0.000000 0.000000 0.000000 0.000000 0.000000 0.000000 0.000000 0.000000 
0.000000 0.000000 0.000000 0.000000 0.000000 0.000000 0.000000 0.000000 0.000000 0.000000 0.000000 0.000001 0.000002 0.000003 0.000006 0.000010 0.000019 0.000034 0.000060 0.000103 0.000176 0.000296 0.000487 0.000790 0.001260 0.001973 0.003039 0.004600 0.006843 0.010006 0.014378 0.020305 0.028178 0.038427 0.051492 0.067798 0.087712 0.111492 0.139240 0.170847 0.205951 0.243905 0.283772 0.324342 0.364178 0.401693 0.435252 0.463285 0.484411 0.497546 0.502004 0.497546 0.484411 0.463285 0.435252 0.401693 0.364178 0.324342 0.283772 0.243905 0.205951 0.170847 0.139240 0.111492 0.087712 0.067798 0.051492 0.038427 0.028178 0.020305 0.014378 0.010006 0.006843 0.004600 0.003039 0.001973 0.001260 0.000790 0.000487 0.000296 0.000176 0.000103 0.000060 0.000034 0.000019 0.000010 0.000006 0.000003 0.000002 0.000001 0.000000 0.000000 0.000000 0.000000 0.000000 0.000000 0.000000 0.000000 0.000000 0.000000 
0.000000 0.000000 0.000000 0.000000 0.000000 0.000000 0.000000 0.000000 0.000000 0.000000 0.000001 0.000001 0.000002 0.000005 0.000009 0.000017 0.000030 0.000054 0.000095 0.000165 0.000281 0.000472 0.000777 0.001260 0.002006 0.003141 0.004833 0.007311 0.010870 0.015885 0.022814 0.032200 0.044663 0.060877 0.081538 0.107313 0.138778 0.176338 0.220149 0.270036 0.325425 0.385295 0.448167 0.512133 0.574931 0.634060 0.686946 0.731119 0.764404 0.785100 0.792122 0.785100 0.764404 0.731119 0.686946 0.634060 0.574931 0.512133 0.448167 0.385295 0.325425 0.270036 0.220149 0.176338 0.138778 0.107313 0.081538 0.060877 0.044663 0.032200 0.022814 0.015885 0.010870 0.007311 0.004833 0.003141 0.002006 0.001260 0.000777 0.000472 0.000281 0.000165 0.000095 0.000054 0.000030 0.000017 0.000009 0.000005 0.000002 0.000001 0.000001 0.000000 0.000000 0.000000 0.000000 0.000000 0.000000 0.000000 0.000000 0.000000 
0.000000 0.000000 0.000000 0.000000 0.000000 0.000000 0.000000 0.000000 0.000000 0.000001 0.000001 0.000002 0.000004 0.000007 0.000014 0.000026 0.000047 0.000085 0.000150 0.000259 0.000442 0.000740 0.001219 0.001973 0.003141 0.004914 0.007557 0.011424 0.016976 0.024793 0.035588 0.050203 0.069600 0.094824 0.126951 0.167014 0.215899 0.274234 0.342253 0.419681 0.505623 0.598494 0.695998 0.795178 0.892527 0.984175 1.066136 1.134585 1.186159 1.218224 1.229105 1.218224 1.186159 1.134585 1.066136 0.984175 0.892527 0.795178 0.695998 0.598494 0.505623 0.419681 0.342253 0.274234 0.215899 0.167014 0.126951 0.094824 0.069600 0.050203 0.035588 0.024793 0.016976 0.011424 0.007557 0.004914 0.003141 0.001973 0.001219 0.000740 0.000442 0.000259 0.000150 0.000085 0.000047 0.000026 0.000014 0.000007 0.000004 0.000002 0.000001 0.000001 0.000000 0.000000 0.000000 0.000000 0.000000 0.000000 0.000000 0.000000 
0.000000 0.000000 0.000000 0.000000 0.000000 0.000000 0.000000 0.000000 0.000000 0.000001 0.000002 0.000003 0.000006 0.000012 0.000022 0.000040 0.000073 0.000132 0.000232 0.000401 0.000682 0.001142 0.001878 0.003039 0.004833 0.007557 0.011615 0.017549 0.026062 0.038042 0.054577 0.076953 0.106635 0.145216 0.194334 0.255560 0.330242 0.419325 0.523165 0.641332 0.772455 0.914113 1.062805 1.214021 1.362419 1.502105 1.627010 1.731313 1.809895 1.858751 1.875328 1.858751 1.809895 1.731313 1.627010 1.502105 1.362419 1.214021 1.062805 0.914113 0.772455 0.641332 0.523165 0.419325 0.330242 0.255560 0.194334 0.145216 0.106635 0.076953 0.054577 0.038042 0.026062 0.017549 0.011615 0.007557 0.004833 0.003039 0.001878 0.001142 0.000682 0.000401 0.000232 0.000132 0.000073 0.000040 0.000022 0.000012 0.000006 0.000003 0.000002 0.000001 0.000000 0.000000 0.000000 0.000000 0.000000 0.000000 0.000000 0.000000 
0.000000 0.000000 0.000000 0.000000 0.000000 0.000000 0.000000 0.000000 0.000001 0.000001 0.000002 0.000005 0.000009 0.000018 0.000033 0.000061 0.000112 0.000200 0.000352 0.000608 0.001035 0.001730 0.002845 0.004600 0.007311 0.011424 0.017549 0.026499 0.039332 0.057382 0.082282 0.115962 0.160617 0.218634 0.292468 0.384465 0.496639 0.630399 0.786267 0.963588 1.160298 1.372760 1.595722 1.822424 2.044862 2.254212 2.441385 2.597672 2.715409 2.788604 2.813439 2.788604 2.715409 2.597672 2.441385 2.254212 2.044862 1.822424 1.595722 1.372760 1.160298 0.963588 0.786267 0.630399 0.496639 0.384465 0.292468 0.218634 0.160617 0.115962 0.082282 0.057382 0.039332 0.026499 0.017549 0.011424 0.007311 0.004600 0.002845 0.001730 0.001035 0.000608 0.000352 0.000200 0.000112 0.000061 0.000033 0.000018 0.000009 0.000005 0.000002 0.000001 0.000001 0.000000 0.000000 0.000000 0.000000 0.000000 0.000000 0.000000 
0.000000 0.000000 0.000000 0.000000 0.000000 0.000000 0.000000 0.000000 0.000001 0.000002 0.000004 0.000007 0.000014 0.000027 0.000050 0.000092 0.000167 0.000299 0.000525 0.000907 0.001542 0.002578 0.004236 0.006843 0.010870 0.016976 0.026062 0.039332 0.058348 0.085082 0.121944 0.171781 0.237828 0.323602 0.432716 0.568622 0.734276 0.931744 1.161776 1.423398 1.713550 2.026862 2.355589 2.689768 3.017607 3.326112 3.601904 3.832164 4.005616 4.113443 4.150028 4.113443 4.005616 3.832164 3.601904 3.326112 3.017607 2.689768 2.355589 2.026862 1.713550 1.423398 1.161776 0.931744 0.734276 0.568622 0.432716 0.323602 0.237828 0.171781 0.121944 0.085082 0.058348 0.039332 0.026062 0.016976 0.010870 0.006843 0.004236 0.002578 0.001542 0.000907 0.000525 0.000299 0.000167 0.000092 0.000050 0.000027 0.000014 0.000007 0.000004 0.000002 0.000001 0.000000 0.000000 0.000000 0.000000 0.000000 0.000000 0.000000 
0.000000 0.000000 0.000000 0.000000 0.000000 0.000000 0.000000 0.000001 0.000001 0.000003 0.000005 0.000011 0.000020 0.000039 0.000073 0.000135 0.000246 0.000439 0.000770 0.001330 0.002259 0.003773 0.006197 0.010006 0.015885 0.024793 0.038042 0.057382 0.085082 0.124006 0.177650 0.250143 0.346177 0.470843 0.629371 0.826753 1.067258 1.353861 1.687633 2.067135 2.487920 2.942189 3.418712 3.903049 4.378123 4.825119 5.224672 5.558231 5.809480 5.965661 6.018652 5.965661 5.809480 5.558231 5.224672 4.825119 4.378123 3.903049 3.418712 2.942189 2.487920 2.067135 1.687633 1.353861 1.067258 0.826753 0.629371 0.470843 0.346177 0.250143 0.177650 0.124006 0.085082 0.057382 0.038042 0.024793 0.015885 0.010006 0.006197 0.003773 0.002259 0.001330 0.000770 0.000439 0.000246 0.000135 0.000073 0.000039 0.000020 0.000011 0.000005 0.000003 0.000001 0.000001 0.000000 0.000000 0.000000 0.000000 0.000000 0.000000 
0.000000 0.000000 0.000000 0.000000 0.000000 0.000000 0.000000 0.000001 0.000002 0.000004 0.000008 0.000015 0.000030 0.000056 0.000106 0.000195 0.000354 0.000633 0.001110 0.001916 0.003253 0.005429 0.008910 0.014378 0.022814 0.035588 0.054577 0.082282 0.121944 0.177650 0.254388 0.358047 0.495311 0.673430 0.899849 1.181664 1.524939 1.933888 2.410006 2.951219 3.551164 4.198710 4.877846 5.568000 6.244852 6.881619 7.450739 7.925816 8.283639 8.506060 8.581523 8.506060 8.283639 7.925816 7.450739 6.881619 6.244852 5.568000 4.877846 4.198710 3.551164 2.951219 2.410006 1.933888 1.524939 1.181664 0.899849 0.673430 0.495311 0.358047 0.254388 0.177650 0.121944 0.082282 0.054577 0.035588 0.022814 0.014378 0.008910 0.005429 0.003253 0.001916 0.001110 0.000633 0.000354 0.000195 0.000106 0.000056 0.000030 0.000015 0.000008 0.000004 0.000002 0.000001 0.000000 0.000000 0.000000 0.000000 0.000000 0.000000 
0.000000 0.000000 0.000000 0.000000 0.000000 0.000000 0.000001 0.000001 0.000003 0.000006 0.000011 0.000022 0.000042 0.000080 0.000150 0.000277 0.000503 0.000897 0.001572 0.002712 0.004601 0.007675 0.012589 0.020305 0.032200 0.050203 0.076953 0.115962 0.171781 0.250143 0.358047 0.503746 0.696602 0.946770 1.264664 1.660207 2.141862 2.715503 3.383185 4.141968 4.982902 5.890372 6.841937 7.808780 8.756852 9.648667 10.445658 11.110897 11.611917 11.923336 12.028992 11.923336 11.611917 11.110897 10.445658 9.648667 8.756852 7.808780 6.841937 5.890372 4.982902 4.141968 3.383185 2.715503 2.141862 1.660207 1.264664 0.946770 0.696602 0.503746 0.358047 0.250143 0.171781 0.115962 0.076953 0.050203 0.032200 0.020305 0.012589 0.007675 0.004601 0.002712 0.001572 0.000897 0.000503 0.000277 0.000150 0.000080 0.000042 0.000022 0.000011 0.000006 0.000003 0.000001 0.000001 0.000000 0.000000 0.000000 0.000000 0.000000 
0.000000 0.000000 0.000000 0.000000 0.000000 0.000000 0.000001 0.000002 0.000004 0.000008 0.000015 0.000030 0.000059 0.000112 0.000210 0.000387 0.000701 0.001248 0.002188 0.003772 0.006396 0.010663 0.017480 0.028178 0.044663 0.069600 0.106635 0.160617 0.237828 0.346177 0.495311 0.696602 0.962947 1.308323 1.747055 2.292783 2.957127 3.748129 4.668576 5.714366 6.873132 8.123340 9.434065 10.765628 12.071161 13.299081 14.396333 15.312125 16.001807 16.430476 16.575908 16.430476 16.001807 15.312125 14.396333 13.299081 12.071161 10.765628 9.434065 8.123340 6.873132 5.714366 4.668576 3.748129 2.957127 2.292783 1.747055 1.308323 0.962947 0.696602 0.495311 0.346177 0.237828 0.160617 0.106635 0.069600 0.044663 0.028178 0.017480 0.010663 0.006396 0.003772 0.002188 0.001248 0.000701 0.000387 0.000210 0.000112 0.000059 0.000030 0.000015 0.000008 0.000004 0.000002 0.000001 0.000000 0.000000 0.000000 0.000000 0.000000 
0.000000 0.000000 0.000000 0.000000 0.000000 0.000001 0.000001 0.000003 0.000005 0.000011 0.000021 0.000042 0.000081 0.000154 0.000288 0.000530 0.000959 0.001708 0.002992 0.005155 0.008735 0.014555 0.023850 0.038427 0.060877 0.094824 0.145216 0.218634 0.323602 0.470843 0.673430 0.946770 1.308323 1.777002 2.372181 3.112293 4.013022 5.085202 6.332540 7.749424 9.319055 11.012238 12.787085 14.589884 16.357211 18.019288 19.504359 20.743743 21.677069 22.257152 22.453951 22.257152 21.677069 20.743743 19.504359 18.019288 16.357211 14.589884 12.787085 11.012238 9.319055 7.749424 6.332540 5.085202 4.013022 3.112293 2.372181 1.777002 1.308323 0.946770 0.673430 0.470843 0.323602 0.218634 0.145216 0.094824 0.060877 0.038427 0.023850 0.014555 0.008735 0.005155 0.002992 0.001708 0.000959 0.000530 0.000288 0.000154 0.000081 0.000042 0.000021 0.000011 0.000005 0.000003 0.000001 0.000001 0.000000 0.000000 0.000000 0.000000 
0.000000 0.000000 0.000000 0.000000 0.000000 0.000001 0.000002 0.000003 0.000007 0.000014 0.000029 0.000056 0.000109 0.000207 0.000387 0.000713 0.001290 0.002296 0.004020 0.006922 0.011722 0.019523 0.031974 0.051492 0.081538 0.126951 0.194334 0.292468 0.432716 0.629371 0.899849 1.264664 1.747055 2.372181 3.165802 4.152402 5.352802 6.781345 8.442891 10.329889 12.419916 14.674064 17.036563 19.435932 21.787806 23.999386 25.975268 27.624149 28.865784 29.637461 29.899255 29.637461 28.865784 27.624149 25.975268 23.999386 21.787806 19.435932 17.036563 14.674064 12.419916 10.329889 8.442891 6.781345 5.352802 4.152402 3.165802 2.372181 1.747055 1.264664 0.899849 0.629371 0.432716 0.292468 0.194334 0.126951 0.081538 0.051492 0.031974 0.019523 0.011722 0.006922 0.004020 0.002296 0.001290 0.000713 0.000387 0.000207 0.000109 0.000056 0.000029 0.000014 0.000007 0.000003 0.000002 0.000001 0.000000 0.000000 0.000000 0.000000 
0.000000 0.000000 0.000000 0.000000 0.000000 0.000001 0.000002 0.000005 0.000009 0.000019 0.000038 0.000075 0.000144 0.000274 0.000512 0.000942 0.001704 0.003032 0.005305 0.009131 0.015456 0.025728 0.042117 0.067798 0.107313 0.167014 0.255560 0.384465 0.568622 0.826753 1.181664 1.660207 2.292783 3.112293 4.152402 5.445093 7.017528 8.888388 11.063932 13.534188 16.269735 19.219610 22.310823 25.449868 28.526421 31.419168 34.003410 36.159828 37.783567 38.792688 39.135031 38.792688 37.783567 36.159828 34.003410 31.419168 28.526421 25.449868 22.310823 19.219610 16.269735 13.534188 11.063932 8.888388 7.017528 5.445093 4.152402 3.112293 2.292783 1.660207 1.181664 0.826753 0.568622 0.384465 0.255560 0.167014 0.107313 0.067798 0.042117 0.025728 0.015456 0.009131 0.005305 0.003032 0.001704 0.000942 0.000512 0.000274 0.000144 0.000075 0.000038 0.000019 0.000009 0.000005 0.000002 0.000001 0.000000 0.000000 0.000000 0.000000 
0.000000 0.000000 0.000000 0.000000 0.000001 0.000001 0.000003 0.000006 0.000012 0.000025 0.000050 0.000097 0.000188 0.000356 0.000666 0.001223 0.002212 0.003933 0.006879 0.011833 0.020021 0.033313 0.054511 0.087712 0.138778 0.215899 0.330242 0.496639 0.734276 1.067258 1.524939 2.141862 2.957127 4.013022 5.352802 7.017528 9.042046 11.450272 14.250140 17.428711 20.948050 24.742544 28.718296 32.755071 36.711057 40.430354 43.752741 46.524931 48.612239 49.909420 50.349479 49.909420 48.612239 46.524931 43.752741 40.430354 36.711057 32.755071 28.718296 24.742544 20.948050 17.428711 14.250140 11.450272 9.042046 7.017528 5.352802 4.013022 2.957127 2.141862 1.524939 1.067258 0.734276 0.496639 0.330242 0.215899 0.138778 0.087712 0.054511 0.033313 0.020021 0.011833 0.006879 0.003933 0.002212 0.001223 0.000666 0.000356 0.000188 0.000097 0.000050 0.000025 0.000012 0.000006 0.000003 0.000001 0.000001 0.000000 0.000000 0.000000 
0.000000 0.000000 0.000000 0.000000 0.000001 0.000002 0.000004 0.000008 0.000016 0.000032 0.000063 0.000124 0.000240 0.000455 0.000850 0.001561 0.002820 0.005012 0.008762 0.015066 0.025480 0.042379 0.069317 0.111492 0.176338 0.274234 0.419325 0.630399 0.931744 1.353861 1.933888 2.715503 3.748129 5.085202 6.781345 8.888388 11.450272 14.497104 18.038777 22.058799 26.509101 31.306660 36.332745 41.435390 46.435416 51.135882 55.334431 58.837489 61.474986 63.114041 63.670070 63.114041 61.474986 58.837489 55.334431 51.135882 46.435416 41.435390 36.332745 31.306660 26.509101 22.058799 18.038777 14.497104 11.450272 8.888388 6.781345 5.085202 3.748129 2.715503 1.933888 1.353861 0.931744 0.630399 0.419325 0.274234 0.176338 0.111492 0.069317 0.042379 0.025480 0.015066 0.008762 0.005012 0.002820 0.001561 0.000850 0.000455 0.000240 0.000124 0.000063 0.000032 0.000016 0.000008 0.000004 0.000002 0.000001 0.000000 0.000000 0.000000 
0.000000 0.000000 0.000000 0.000000 0.000001 0.000002 0.000005 0.000010 0.000020 0.000040 0.000080 0.000156 0.000301 0.000571 0.001065 0.001955 0.003531 0.006274 0.010963 0.018844 0.031856 0.052964 0.086599 0.139240 0.220149 0.342253 0.523165 0.786267 1.161776 1.687633 2.410006 3.383185 4.668576 6.332540 8.442891 11.063932 14.250140 18.038777 22.441977 27.439094 32.970268 38.932252 45.177483 51.517174 57.728790 63.567794 68.782961 73.134003 76.409829 78.445514 79.136086 78.445514 76.409829 73.134003 68.782961 63.567794 57.728790 51.517174 45.177483 38.932252 32.970268 27.439094 22.441977 18.038777 14.250140 11.063932 8.442891 6.332540 4.668576 3.383185 2.410006 1.687633 1.161776 0.786267 0.523165 0.342253 0.220149 0.139240 0.086599 0.052964 0.031856 0.018844 0.010963 0.006274 0.003531 0.001955 0.001065 0.000571 0.000301 0.000156 0.000080 0.000040 0.000020 0.000010 0.000005 0.000002 0.000001 0.000000 0.000000 0.000000 
0.000000 0.000000 0.000000 0.000001 0.000001 0.000003 0.000006 0.000012 0.000024 0.000049 0.000098 0.000192 0.000371 0.000703 0.001311 0.002406 0.004344 0.007714 0.013476 0.023154 0.039128 0.065031 0.106292 0.170847 0.270036 0.419681 0.641332 0.963588 1.423398 2.067135 2.951219 4.141968 5.714366 7.749424 10.329889 13.534188 17.428711 22.058799 27.439094 33.544208 40.300890 47.582946 55.210128 62.951916 70.536656 77.665895 84.033058 89.344958 93.344050 95.829131 96.672144 95.829131 93.344050 89.344958 84.033058 77.665895 70.536656 62.951916 55.210128 47.582946 40.300890 33.544208 27.439094 22.058799 17.428711 13.534188 10.329889 7.749424 5.714366 4.141968 2.951219 2.067135 1.423398 0.963588 0.641332 0.419681 0.270036 0.170847 0.106292 0.065031 0.039128 0.023154 0.013476 0.007714 0.004344 0.002406 0.001311 0.000703 0.000371 0.000192 0.000098 0.000049 0.000024 0.000012 0.000006 0.000003 0.000001 0.000001 0.000000 0.000000 
0.000000 0.000000 0.000000 0.000001 0.000002 0.000003 0.000007 0.000014 0.000030 0.000060 0.000119 0.000233 0.000449 0.000850 0.001585 0.002908 0.005249 0.009318 0.016271 0.027946 0.047211 0.078440 0.128170 0.205951 0.325425 0.505623 0.772455 1.160298 1.713550 2.487920 3.551164 4.982902 6.873132 9.319055 12.419916 16.269735 20.948050 26.509101 32.970268 40.300890 48.412880 57.154653 66.309817 75.601719 84.704416 93.259879 100.900385 107.274305 112.072784 115.054547 116.066037 115.054547 112.072784 107.274305 100.900385 93.259879 84.704416 75.601719 66.309817 57.154653 48.412880 40.300890 32.970268 26.509101 20.948050 16.269735 12.419916 9.319055 6.873132 4.982902 3.551164 2.487920 1.713550 1.160298 0.772455 0.505623 0.325425 0.205951 0.128170 0.078440 0.047211 0.027946 0.016271 0.009318 0.005249 0.002908 0.001585 0.000850 0.000449 0.000233 0.000119 0.000060 0.000030 0.000014 0.000007 0.000003 0.000001 0.000001 0.000000 0.000000 
0.000000 0.000000 0.000000 0.000001 0.000002 0.000004 0.000008 0.000017 0.000035 0.000071 0.000142 0.000277 0.000533 0.001010 0.001883 0.003453 0.006229 0.011054 0.019297 0.033135 0.055959 0.092947 0.151831 0.243905 0.385295 0.598494 0.914113 1.372760 2.026862 2.942189 4.198710 5.890372 8.123340 11.012238 14.674064 19.219610 24.742544 31.306660 38.932252 47.582946 57.154653 67.468432 78.268960 89.229916 99.966923 110.057832 119.069124 126.586285 132.245260 135.761662 136.954503 135.761662 132.245260 126.586285 119.069124 110.057832 99.966923 89.229916 78.268960 67.468432 57.154653 47.582946 38.932252 31.306660 24.742544 19.219610 14.674064 11.012238 8.123340 5.890372 4.198710 2.942189 2.026862 1.372760 0.914113 0.598494 0.385295 0.243905 0.151831 0.092947 0.055959 0.033135 0.019297 0.011054 0.006229 0.003453 0.001883 0.001010 0.000533 0.000277 0.000142 0.000071 0.000035 0.000017 0.000008 0.000004 0.000002 0.000001 0.000000 0.000000 
0.000000 0.000000 0.000000 0.000001 0.000002 0.000005 0.000010 0.000020 0.000041 0.000083 0.000165 0.000323 0.000622 0.001179 0.002196 0.004026 0.007261 0.012882 0.022481 0.038590 0.065155 0.108194 0.176692 0.283772 0.448167 0.695998 1.062805 1.595722 2.355589 3.418712 4.877846 6.841937 9.434065 12.787085 17.036563 22.310823 28.718296 36.332745 45.177483 55.210128 66.309817 78.268960 90.791486 103.499100 115.946291 127.643840 138.089406 146.802715 153.361980 157.437735 158.820308 157.437735 153.361980 146.802715 138.089406 127.643840 115.946291 103.499100 90.791486 78.268960 66.309817 55.210128 45.177483 36.332745 28.718296 22.310823 17.036563 12.787085 9.434065 6.841937 4.877846 3.418712 2.355589 1.595722 1.062805 0.695998 0.448167 0.283772 0.176692 0.108194 0.065155 0.038590 0.022481 0.012882 0.007261 0.004026 0.002196 0.001179 0.000622 0.000323 0.000165 0.000083 0.000041 0.000020 0.000010 0.000005 0.000002 0.000001 0.000000 0.000000 
