0.000000 0.000000 0.000000 0.000000 0.000000 0.000000 0.000000 0.000000 0.000000 0.000000 0.000000 0.000000 0.000000 0.000000 0.000000 0.000000 0.000000 0.000000 0.000000 0.000000 0.000000 0.000000 0.000000 0.000000 0.000000 0.000000 0.000000 0.000000 0.000000 0.000000 0.000000 0.000000 0.000000 0.000000 0.000000 0.000000 0.000000 0.000000 0.000000 0.000000 0.000000 0.000000 0.000000 0.000000 0.000000 0.000000 0.000000 0.000000 0.000000 0.000000 0.000000 0.000000 0.000000 0.000000 0.000000 0.000000 0.000000 0.000000 0.000000 0.000000 0.000000 0.000000 0.000000 0.000000 0.000000 0.000000 0.000000 0.000000 0.000000 0.000000 0.000000 0.000000 0.000000 0.000000 0.000000 0.000000 0.000000 0.000000 0.000000 0.000000 0.000000 0.000000 0.000000 0.000000 0.000000 0.000000 0.000000 0.000000 0.000000 0.000000 0.000000 0.000000 0.000000 0.000000 0.000000 0.000000 0.000000 0.000000 0.000000 0.000000 
0.000000 0.000000 0.000000 0.000000 0.000000 0.000000 0.000000 0.000000 0.000000 0.000000 0.000000 0.000000 0.000000 0.000000 0.000000 0.000000 0.000000 0.000000 0.000000 0.000000 0.000000 0.000000 0.000001 0.000001 0.000001 0.000002 0.000002 0.000003 0.000004 0.000005 0.000006 0.000008 0.000010 0.000013 0.000016 0.000019 0.000023 0.000027 0.000032 0.000037 0.000042 0.000047 0.000052 0.000057 0.000062 0.000067 0.000070 0.000074 0.000076 0.000077 0.000078 0.000077 0.000076 0.000074 0.000070 0.000067 0.000062 0.000057 0.000052 0.000047 0.000042 0.000037 0.000032 0.000027 0.000023 0.000019 0.000016 0.000013 0.000010 0.000008 0.000006 0.000005 0.000004 0.000003 0.000002 0.000002 0.000001 0.000001 0.000001 0.000000 0.000000 0.000000 0.000000 0.000000 0.000000 0.000000 0.000000 0.000000 0.000000 0.000000 0.000000 0.000000 0.000000 0.000000 0.000000 0.000000 0.000000 0.000000 0.000000 0.000000 
0.000000 0.000000 0.000000 0.000000 0.000000 0.000000 0.000000 0.000000 0.000000 0.000000 0.000000 0.000000 0.000000 0.000000 0.000000 0.000000 0.000000 0.000000 0.000000 0.000000 0.000001 0.000001 0.000001 0.000002 0.000003 0.000004 0.000005 0.000007 0.000009 0.000012 0.000015 0.000019 0.000024 0.000030 0.000037 0.000044 0.000053 0.000063 0.000073 0.000085 0.000097 0.000109 0.000121 0.000133 0.000144 0.000154 0.000163 0.000171 0.000176 0.000179 0.000180 0.000179 0.000176 0.000171 0.000163 0.000154 0.000144 0.000133 0.000121 0.000109 0.000097 0.000085 0.000073 0.000063 0.000053 0.000044 0.000037 0.000030 0.000024 0.000019 0.000015 0.000012 0.000009 0.000007 0.000005 0.000004 0.000003 0.000002 0.000001 0.000001 0.000001 0.000000 0.000000 0.000000 0.000000 0.000000 0.000000 0.000000 0.000000 0.000000 0.000000 0.000000 0.000000 0.000000 0.000000 0.000000 0.000000 0.000000 0.000000 0.000000 
0.000000 0.000000 0.000000 0.000000 0.000000 0.000000 0.000000 0.000000 0.000000 0.000000 0.000000 0.000000 0.000000 0.000000 0.000000 0.000000 0.000000 0.000000 0.000001 0.000001 0.000001 0.000002 0.000003 0.000004 0.000005 0.000007 0.000009 0.000013 0.000017 0.000022 0.000028 0.000036 0.000045 0.000056 0.000069 0.000084 0.000100 0.000118 0.000138 0.000160 0.000182 0.000205 0.000228 0.000250 0.000271 0.000291 0.000307 0.000321 0.000331 0.000337 0.000340 0.000337 0.000331 0.000321 0.000307 0.000291 0.000271 0.000250 0.000228 0.000205 0.000182 0.000160 0.000138 0.000118 0.000100 0.000084 0.000069 0.000056 0.000045 0.000036 0.000028 0.000022 0.000017 0.000013 0.000009 0.000007 0.000005 0.000004 0.000003 0.000002 0.000001 0.000001 0.000001 0.000000 0.000000 0.000000 0.000000 0.000000 0.000000 0.000000 0.000000 0.000000 0.000000 0.000000 0.000000 0.000000 0.000000 0.000000 0.000000 0.000000 
0.000000 0.000000 0.000000 0.000000 0.000000 0.000000 0.000000 0.000000 0.000000 0.000000 0.000000 0.000000 0.000000 0.000000 0.000000 0.000000 0.000000 0.000001 0.000001 0.000002 0.000002 0.000003 0.000005 0.000007 0.000009 0.000012 0.000017 0.000022 0.000030 0.000039 0.000050 0.000064 0.000080 0.000100 0.000122 0.000148 0.000178 0.000210 0.000245 0.000283 0.000323 0.000363 0.000404 0.000443 0.000481 0.000515 0.000544 0.000569 0.000587 0.000598 0.000601 0.000598 0.000587 0.000569 0.000544 0.000515 0.000481 0.000443 0.000404 0.000363 0.000323 0.000283 0.000245 0.000210 0.000178 0.000148 0.000122 0.000100 0.000080 0.000064 0.000050 0.000039 0.000030 0.000022 0.000017 0.000012 0.000009 0.000007 0.000005 0.000003 0.000002 0.000002 0.000001 0.000001 0.000000 0.000000 0.000000 0.000000 0.000000 0.000000 0.000000 0.000000 0.000000 0.000000 0.000000 0.000000 0.000000 0.000000 0.000000 0.000000 
0.000000 0.000000 0.000000 0.000000 0.000000 0.000000 0.000000 0.000000 0.000000 0.000000 0.000000 0.000000 0.000000 0.000000 0.000000 0.000001 0.000001 0.000001 0.000002 0.000003 0.000004 0.000006 0.000008 0.000011 0.000016 0.000021 0.000029 0.000039 0.000051 0.000067 0.000087 0.000110 0.000139 0.000172 0.000212 0.000256 0.000307 0.000363 0.000424 0.000489 0.000557 0.000627 0.000697 0.000765 0.000830 0.000889 0.000940 0.000982 0.001013 0.001032 0.001038 0.001032 0.001013 0.000982 0.000940 0.000889 0.000830 0.000765 0.000697 0.000627 0.000557 0.000489 0.000424 0.000363 0.000307 0.000256 0.000212 0.000172 0.000139 0.000110 0.000087 0.000067 0.000051 0.000039 0.000029 0.000021 0.000016 0.000011 0.000008 0.000006 0.000004 0.000003 0.000002 0.000001 0.000001 0.000001 0.000000 0.000000 0.000000 0.000000 0.000000 0.000000 0.000000 0.000000 0.000000 0.000000 0.000000 0.000000 0.000000 0.000000 
0.000000 0.000000 0.000000 0.000000 0.000000 0.000000 0.000000 0.000000 0.000000 0.000000 0.000000 0.000000 0.000000 0.000000 0.000001 0.000001 0.000001 0.000002 0.000003 0.000005 0.000007 0.000010 0.000014 0.000019 0.000027 0.000037 0.000050 0.000066 0.000088 0.000114 0.000148 0.000188 0.000236 0.000293 0.000360 0.000436 0.000522 0.000618 0.000721 0.000832 0.000948 0.001067 0.001185 0.001301 0.001411 0.001510 0.001597 0.001668 0.001721 0.001753 0.001764 0.001753 0.001721 0.001668 0.001597 0.001510 0.001411 0.001301 0.001185 0.001067 0.000948 0.000832 0.000721 0.000618 0.000522 0.000436 0.000360 0.000293 0.000236 0.000188 0.000148 0.000114 0.000088 0.000066 0.000050 0.000037 0.000027 0.000019 0.000014 0.000010 0.000007 0.000005 0.000003 0.000002 0.000001 0.000001 0.000001 0.000000 0.000000 0.000000 0.000000 0.000000 0.000000 0.000000 0.000000 0.000000 0.000000 0.000000 0.000000 0.000000 
0.000000 0.000000 0.000000 0.000000 0.000000 0.000000 0.000000 0.000000 0.000000 0.000000 0.000000 0.000000 0.000000 0.000001 0.000001 0.000002 0.000002 0.000004 0.000005 0.000008 0.000011 0.000016 0.000023 0.000033 0.000045 0.000062 0.000084 0.000112 0.000148 0.000193 0.000248 0.000316 0.000397 0.000493 0.000605 0.000733 0.000878 0.001038 0.001212 0.001397 0.001592 0.001791 0.001990 0.002184 0.002367 0.002535 0.002680 0.002799 0.002887 0.002942 0.002960 0.002942 0.002887 0.002799 0.002680 0.002535 0.002367 0.002184 0.001990 0.001791 0.001592 0.001397 0.001212 0.001038 0.000878 0.000733 0.000605 0.000493 0.000397 0.000316 0.000248 0.000193 0.000148 0.000112 0.000084 0.000062 0.000045 0.000033 0.000023 0.000016 0.000011 0.000008 0.000005 0.000004 0.000002 0.000002 0.000001 0.000001 0.000000 0.000000 0.000000 0.000000 0.000000 0.000000 0.000000 0.000000 0.000000 0.000000 0.000000 0.000000 
0.000000 0.000000 0.000000 0.000000 0.000000 0.000000 0.000000 0.000000 0.000000 0.000000 0.000000 0.000000 0.000001 0.000001 0.000002 0.000003 0.000004 0.000006 0.000009 0.000013 0.000019 0.000027 0.000039 0.000054 0.000075 0.000103 0.000139 0.000186 0.000246 0.000321 0.000413 0.000525 0.000660 0.000820 0.001005 0.001218 0.001457 0.001722 0.002011 0.002318 0.002641 0.002970 0.003300 0.003622 0.003926 0.004203 0.004444 0.004641 0.004787 0.004877 0.004907 0.004877 0.004787 0.004641 0.004444 0.004203 0.003926 0.003622 0.003300 0.002970 0.002641 0.002318 0.002011 0.001722 0.001457 0.001218 0.001005 0.000820 0.000660 0.000525 0.000413 0.000321 0.000246 0.000186 0.000139 0.000103 0.000075 0.000054 0.000039 0.000027 0.000019 0.000013 0.000009 0.000006 0.000004 0.000003 0.000002 0.000001 0.000001 0.000000 0.000000 0.000000 0.000000 0.000000 0.000000 0.000000 0.000000 0.000000 0.000000 0.000000 
0.000000 0.000000 0.000000 0.000000 0.000000 0.000000 0.000000 0.000000 0.000000 0.000000 0.000000 0.000001 0.000001 0.000002 0.000003 0.000004 0.000007 0.000010 0.000015 0.000022 0.000031 0.000045 0.000064 0.000089 0.000124 0.000170 0.000229 0.000306 0.000404 0.000527 0.000679 0.000863 0.001085 0.001346 0.001651 0.001999 0.002391 0.002826 0.003298 0.003802 0.004330 0.004870 0.005411 0.005937 0.006435 0.006888 0.007283 0.007605 0.007845 0.007992 0.008041 0.007992 0.007845 0.007605 0.007283 0.006888 0.006435 0.005937 0.005411 0.004870 0.004330 0.003802 0.003298 0.002826 0.002391 0.001999 0.001651 0.001346 0.001085 0.000863 0.000679 0.000527 0.000404 0.000306 0.000229 0.000170 0.000124 0.000089 0.000064 0.000045 0.000031 0.000022 0.000015 0.000010 0.000007 0.000004 0.000003 0.000002 0.000001 0.000001 0.000000 0.000000 0.000000 0.000000 0.000000 0.000000 0.000000 0.000000 0.000000 0.000000 
0.000000 0.000000 0.000000 0.000000 0.000000 0.000000 0.000000 0.000000 0.000000 0.000000 0.000001 0.000001 0.000002 0.000003 0.000005 0.000007 0.000011 0.000016 0.000024 0.000035 0.000051 0.000073 0.000104 0.000146 0.000202 0.000276 0.000373 0.000498 0.000657 0.000856 0.001102 0.001402 0.001761 0.002185 0.002678 0.003243 0.003879 0.004583 0.005348 0.006164 0.007019 0.007893 0.008768 0.009620 0.010425 0.011159 0.011798 0.012320 0.012707 0.012945 0.013025 0.012945 0.012707 0.012320 0.011798 0.011159 0.010425 0.009620 0.008768 0.007893 0.007019 0.006164 0.005348 0.004583 0.003879 0.003243 0.002678 0.002185 0.001761 0.001402 0.001102 0.000856 0.000657 0.000498 0.000373 0.000276 0.000202 0.000146 0.000104 0.000073 0.000051 0.000035 0.000024 0.000016 0.000011 0.000007 0.000005 0.000003 0.000002 0.000001 0.000001 0.000000 0.000000 0.000000 0.000000 0.000000 0.000000 0.000000 0.000000 0.000000 
0.000000 0.000000 0.000000 0.000000 0.000000 0.000000 0.000000 0.000000 0.000000 0.000001 0.000001 0.000002 0.000003 0.000005 0.000007 0.000011 0.000017 0.000026 0.000038 0.000057 0.000082 0.000118 0.000167 0.000234 0.000324 0.000444 0.000599 0.000800 0.001055 0.001375 0.001769 0.002250 0.002825 0.003505 0.004296 0.005200 0.006219 0.007346 0.008571 0.009878 0.011245 0.012645 0.014044 0.015408 0.016696 0.017870 0.018892 0.019727 0.020346 0.020726 0.020855 0.020726 0.020346 0.019727 0.018892 0.017870 0.016696 0.015408 0.014044 0.012645 0.011245 0.009878 0.008571 0.007346 0.006219 0.005200 0.004296 0.003505 0.002825 0.002250 0.001769 0.001375 0.001055 0.000800 0.000599 0.000444 0.000324 0.000234 0.000167 0.000118 0.000082 0.000057 0.000038 0.000026 0.000017 0.000011 0.000007 0.000005 0.000003 0.000002 0.000001 0.000001 0.000000 0.000000 0.000000 0.000000 0.000000 0.000000 0.000000 0.000000 
0.000000 0.000000 0.000000 0.000000 0.000000 0.000000 0.000000 0.000000 0.000001 0.000001 0.000002 0.000003 0.000005 0.000007 0.000012 0.000018 0.000027 0.000041 0.000061 0.000090 0.000131 0.000188 0.000266 0.000373 0.000516 0.000705 0.000952 0.001271 0.001676 0.002182 0.002808 0.003569 0.004481 0.005558 0.006810 0.008243 0.009855 0.011639 0.013578 0.015646 0.017809 0.020023 0.022237 0.024393 0.026430 0.028287 0.029902 0.031222 0.032201 0.032803 0.033006 0.032803 0.032201 0.031222 0.029902 0.028287 0.026430 0.024393 0.022237 0.020023 0.017809 0.015646 0.013578 0.011639 0.009855 0.008243 0.006810 0.005558 0.004481 0.003569 0.002808 0.002182 0.001676 0.001271 0.000952 0.000705 0.000516 0.000373 0.000266 0.000188 0.000131 0.000090 0.000061 0.000041 0.000027 0.000018 0.000012 0.000007 0.000005 0.000003 0.000002 0.000001 0.000001 0.000000 0.000000 0.000000 0.000000 0.000000 0.000000 0.000000 
0.000000 0.000000 0.000000 0.000000 0.000000 0.000000 0.000000 0.000001 0.000001 0.000002 0.000003 0.000005 0.000007 0.000012 0.000018 0.000028 0.000043 0.000065 0.000096 0.000142 0.000206 0.000295 0.000418 0.000586 0.000810 0.001107 0.001495 0.001995 0.002630 0.003424 0.004404 0.005596 0.007025 0.008712 0.010672 0.012914 0.015437 0.018227 0.021260 0.024495 0.027878 0.031340 0.034801 0.038171 0.041356 0.044257 0.046783 0.048846 0.050375 0.051316 0.051633 0.051316 0.050375 0.048846 0.046783 0.044257 0.041356 0.038171 0.034801 0.031340 0.027878 0.024495 0.021260 0.018227 0.015437 0.012914 0.010672 0.008712 0.007025 0.005596 0.004404 0.003424 0.002630 0.001995 0.001495 0.001107 0.000810 0.000586 0.000418 0.000295 0.000206 0.000142 0.000096 0.000065 0.000043 0.000028 0.000018 0.000012 0.000007 0.000005 0.000003 0.000002 0.000001 0.000001 0.000000 0.000000 0.000000 0.000000 0.000000 0.000000 
0.000000 0.000000 0.000000 0.000000 0.000000 0.000000 0.000001 0.000001 0.000002 0.000003 0.000005 0.000007 0.000012 0.000018 0.000029 0.000044 0.000067 0.000101 0.000150 0.000220 0.000320 0.000459 0.000650 0.000910 0.001258 0.001719 0.002321 0.003095 0.004078 0.005309 0.006827 0.008673 0.010885 0.013495 0.016528 0.019996 0.023898 0.028214 0.032904 0.037905 0.043134 0.048484 0.053833 0.059041 0.063961 0.068444 0.072345 0.075532 0.077895 0.079347 0.079838 0.079347 0.077895 0.075532 0.072345 0.068444 0.063961 0.059041 0.053833 0.048484 0.043134 0.037905 0.032904 0.028214 0.023898 0.019996 0.016528 0.013495 0.010885 0.008673 0.006827 0.005309 0.004078 0.003095 0.002321 0.001719 0.001258 0.000910 0.000650 0.000459 0.000320 0.000220 0.000150 0.000101 0.000067 0.000044 0.000029 0.000018 0.000012 0.000007 0.000005 0.000003 0.000002 0.000001 0.000001 0.000000 0.000000 0.000000 0.000000 0.000000 
0.000000 0.000000 0.000000 0.000000 0.000000 0.000001 0.000001 0.000002 0.000003 0.000004 0.000007 0.000011 0.000018 0.000028 0.000044 0.000068 0.000103 0.000155 0.000231 0.000339 0.000492 0.000705 0.000998 0.001397 0.001931 0.002638 0.003560 0.004746 0.006252 0.008136 0.010460 0.013285 0.016669 0.020661 0.025300 0.030603 0.036569 0.043166 0.050332 0.057974 0.065963 0.074136 0.082306 0.090260 0.097775 0.104620 0.110577 0.115443 0.119051 0.121269 0.122017 0.121269 0.119051 0.115443 0.110577 0.104620 0.097775 0.090260 0.082306 0.074136 0.065963 0.057974 0.050332 0.043166 0.036569 0.030603 0.025300 0.020661 0.016669 0.013285 0.010460 0.008136 0.006252 0.004746 0.003560 0.002638 0.001931 0.001397 0.000998 0.000705 0.000492 0.000339 0.000231 0.000155 0.000103 0.000068 0.000044 0.000028 0.000018 0.000011 0.000007 0.000004 0.000003 0.000002 0.000001 0.000001 0.000000 0.000000 0.000000 0.000000 
0.000000 0.000000 0.000000 0.000000 0.000000 0.000001 0.000001 0.000002 0.000004 0.000007 0.000011 0.000017 0.000027 0.000043 0.000067 0.000103 0.000157 0.000236 0.000351 0.000515 0.000747 0.001070 0.001515 0.002119 0.002929 0.003999 0.005396 0.007192 0.009471 0.012322 0.015838 0.020111 0.025228 0.031265 0.038276 0.046291 0.055304 0.065271 0.076096 0.087637 0.099700 0.112042 0.124376 0.136384 0.147726 0.158059 0.167049 0.174394 0.179837 0.183185 0.184314 0.183185 0.179837 0.174394 0.167049 0.158059 0.147726 0.136384 0.124376 0.112042 0.099700 0.087637 0.076096 0.065271 0.055304 0.046291 0.038276 0.031265 0.025228 0.020111 0.015838 0.012322 0.009471 0.007192 0.005396 0.003999 0.002929 0.002119 0.001515 0.001070 0.000747 0.000515 0.000351 0.000236 0.000157 0.000103 0.000067 0.000043 0.000027 0.000017 0.000011 0.000007 0.000004 0.000002 0.000001 0.000001 0.000000 0.000000 0.000000 0.000000 
0.000000 0.000000 0.000000 0.000000 0.000001 0.000001 0.000002 0.000004 0.000006 0.000010 0.000016 0.000026 0.000041 0.000065 0.000101 0.000155 0.000236 0.000355 0.000527 0.000773 0.001121 0.001605 0.002272 0.003177 0.004390 0.005993 0.008083 0.010771 0.014180 0.018444 0.023701 0.030089 0.037737 0.046756 0.057230 0.069202 0.082663 0.097544 0.113705 0.130933 0.148937 0.167355 0.185760 0.203676 0.220598 0.236013 0.249423 0.260379 0.268499 0.273492 0.275177 0.273492 0.268499 0.260379 0.249423 0.236013 0.220598 0.203676 0.185760 0.167355 0.148937 0.130933 0.113705 0.097544 0.082663 0.069202 0.057230 0.046756 0.037737 0.030089 0.023701 0.018444 0.014180 0.010771 0.008083 0.005993 0.004390 0.003177 0.002272 0.001605 0.001121 0.000773 0.000527 0.000355 0.000236 0.000155 0.000101 0.000065 0.000041 0.000026 0.000016 0.000010 0.000006 0.000004 0.000002 0.000001 0.000001 0.000000 0.000000 0.000000 
0.000000 0.000000 0.000000 0.000001 0.000001 0.000002 0.000003 0.000005 0.000009 0.000015 0.000024 0.000038 0.000061 0.000096 0.000150 0.000231 0.000351 0.000527 0.000782 0.001147 0.001662 0.002380 0.003367 0.004707 0.006502 0.008874 0.011965 0.015940 0.020981 0.027283 0.035052 0.044489 0.055785 0.069105 0.084570 0.102242 0.122110 0.144071 0.167917 0.193334 0.219892 0.247058 0.274201 0.300622 0.325575 0.348302 0.368075 0.384227 0.396198 0.403559 0.406043 0.403559 0.396198 0.384227 0.368075 0.348302 0.325575 0.300622 0.274201 0.247058 0.219892 0.193334 0.167917 0.144071 0.122110 0.102242 0.084570 0.069105 0.055785 0.044489 0.035052 0.027283 0.020981 0.015940 0.011965 0.008874 0.006502 0.004707 0.003367 0.002380 0.001662 0.001147 0.000782 0.000527 0.000351 0.000231 0.000150 0.000096 0.000061 0.000038 0.000024 0.000015 0.000009 0.000005 0.000003 0.000002 0.000001 0.000001 0.000000 0.000000 
0.000000 0.000000 0.000000 0.000001 0.000002 0.000003 0.000005 0.000008 0.000013 0.000022 0.000035 0.000057 0.000090 0.000142 0.000220 0.000339 0.000515 0.000773 0.001147 0.001682 0.002436 0.003487 0.004932 0.006893 0.009518 0.012985 0.017505 0.023314 0.030679 0.039885 0.051230 0.065008 0.081499 0.100939 0.123505 0.149289 0.178270 0.210299 0.245074 0.282134 0.320854 0.360454 0.400019 0.438527 0.474892 0.508012 0.536824 0.560360 0.577802 0.588527 0.592147 0.588527 0.577802 0.560360 0.536824 0.508012 0.474892 0.438527 0.400019 0.360454 0.320854 0.282134 0.245074 0.210299 0.178270 0.149289 0.123505 0.100939 0.081499 0.065008 0.051230 0.039885 0.030679 0.023314 0.017505 0.012985 0.009518 0.006893 0.004932 0.003487 0.002436 0.001682 0.001147 0.000773 0.000515 0.000339 0.000220 0.000142 0.000090 0.000057 0.000035 0.000022 0.000013 0.000008 0.000005 0.000003 0.000002 0.000001 0.000000 0.000000 
0.000000 0.000000 0.000001 0.000001 0.000002 0.000004 0.000007 0.000011 0.000019 0.000031 0.000051 0.000082 0.000131 0.000206 0.000320 0.000492 0.000747 0.001121 0.001662 0.002436 0.003528 0.005048 0.007138 0.009973 0.013767 0.018778 0.025307 0.033697 0.044331 0.057620 0.073993 0.093875 0.117665 0.145705 0.178248 0.215424 0.257205 0.303372 0.353490 0.406895 0.462685 0.519738 0.576734 0.632203 0.684581 0.732282 0.773776 0.807671 0.832789 0.848234 0.853445 0.848234 0.832789 0.807671 0.773776 0.732282 0.684581 0.632203 0.576734 0.519738 0.462685 0.406895 0.353490 0.303372 0.257205 0.215424 0.178248 0.145705 0.117665 0.093875 0.073993 0.057620 0.044331 0.033697 0.025307 0.018778 0.013767 0.009973 0.007138 0.005048 0.003528 0.002436 0.001662 0.001121 0.000747 0.000492 0.000320 0.000206 0.000131 0.000082 0.000051 0.000031 0.000019 0.000011 0.000007 0.000004 0.000002 0.000001 0.000001 0.000000 
0.000000 0.000000 0.000001 0.000002 0.000003 0.000006 0.000010 0.000016 0.000027 0.000045 0.000073 0.000118 0.000188 0.000295 0.000459 0.000705 0.001070 0.001605 0.002380 0.003487 0.005048 0.007222 0.010208 0.014258 0.019678 0.026833 0.036153 0.048128 0.063302 0.082260 0.105612 0.133964 0.167881 0.207849 0.254229 0.307203 0.366730 0.432496 0.503881 0.579937 0.659382 0.740616 0.821762 0.900728 0.975288 1.043186 1.102247 1.150489 1.186237 1.208218 1.215635 1.208218 1.186237 1.150489 1.102247 1.043186 0.975288 0.900728 0.821762 0.740616 0.659382 0.579937 0.503881 0.432496 0.366730 0.307203 0.254229 0.207849 0.167881 0.133964 0.105612 0.082260 0.063302 0.048128 0.036153 0.026833 0.019678 0.014258 0.010208 0.007222 0.005048 0.003487 0.002380 0.001605 0.001070 0.000705 0.000459 0.000295 0.000188 0.000118 0.000073 0.000045 0.000027 0.000016 0.000010 0.000006 0.000003 0.000002 0.000001 0.000000 
0.000000 0.000001 0.000001 0.000003 0.000005 0.000008 0.000014 0.000023 0.000039 0.000064 0.000104 0.000167 0.000266 0.000418 0.000650 0.000998 0.001515 0.002272 0.003367 0.004932 0.007138 0.010208 0.014426 0.020144 0.027793 0.037890 0.051038 0.067927 0.089323 0.116049 0.148964 0.188916 0.236702 0.293005 0.358327 0.432926 0.516739 0.609324 0.709807 0.816852 0.928654 1.042963 1.157138 1.268236 1.373128 1.468642 1.551721 1.619578 1.669860 1.700777 1.711210 1.700777 1.669860 1.619578 1.551721 1.468642 1.373128 1.268236 1.157138 1.042963 0.928654 0.816852 0.709807 0.609324 0.516739 0.432926 0.358327 0.293005 0.236702 0.188916 0.148964 0.116049 0.089323 0.067927 0.051038 0.037890 0.027793 0.020144 0.014426 0.010208 0.007138 0.004932 0.003367 0.002272 0.001515 0.000998 0.000650 0.000418 0.000266 0.000167 0.000104 0.000064 0.000039 0.000023 0.000014 0.000008 0.000005 0.000002 0.000001 0.000000 
0.000000 0.000001 0.000002 0.000004 0.000007 0.000011 0.000019 0.000033 0.000054 0.000089 0.000146 0.000234 0.000373 0.000586 0.000910 0.001397 0.002119 0.003177 0.004707 0.006893 0.009973 0.014258 0.020144 0.028120 0.038789 0.052868 0.071197 0.094735 0.124548 0.161782 0.207626 0.263263 0.329796 0.408172 0.499092 0.602906 0.719526 0.848334 0.988113 1.137003 1.292494 1.451455 1.610216 1.764686 1.910518 2.043305 2.158797 2.253126 2.323022 2.365997 2.380499 2.365997 2.323022 2.253126 2.158797 2.043305 1.910518 1.764686 1.610216 1.451455 1.292494 1.137003 0.988113 0.848334 0.719526 0.602906 0.499092 0.408172 0.329796 0.263263 0.207626 0.161782 0.124548 0.094735 0.071197 0.052868 0.038789 0.028120 0.020144 0.014258 0.009973 0.006893 0.004707 0.003177 0.002119 0.001397 0.000910 0.000586 0.000373 0.000234 0.000146 0.000089 0.000054 0.000033 0.000019 0.000011 0.000006 0.000003 0.000001 0.000000 
0.000000 0.000001 0.000003 0.000005 0.000009 0.000016 0.000027 0.000045 0.000075 0.000124 0.000202 0.000324 0.000516 0.000810 0.001258 0.001931 0.002929 0.004390 0.006502 0.009518 0.013767 0.019678 0.027793 0.038789 0.053492 0.072890 0.098139 0.130557 0.171607 0.222864 0.285963 0.362526 0.454067 0.561886 0.686940 0.829708 0.990065 1.167159 1.359312 1.563968 1.777674 1.996131 2.214294 2.426544 2.626913 2.809348 2.968013 3.097601 3.193619 3.252655 3.272575 3.252655 3.193619 3.097601 2.968013 2.809348 2.626913 2.426544 2.214294 1.996131 1.777674 1.563968 1.359312 1.167159 0.990065 0.829708 0.686940 0.561886 0.454067 0.362526 0.285963 0.222864 0.171607 0.130557 0.098139 0.072890 0.053492 0.038789 0.027793 0.019678 0.013767 0.009518 0.006502 0.004390 0.002929 0.001931 0.001258 0.000810 0.000516 0.000324 0.000202 0.000124 0.000075 0.000045 0.000027 0.000016 0.000009 0.000005 0.000002 0.000000 
0.000000 0.000002 0.000004 0.000007 0.000012 0.000021 0.000037 0.000062 0.000103 0.000170 0.000276 0.000444 0.000705 0.001107 0.001719 0.002638 0.003999 0.005993 0.008874 0.012985 0.018778 0.026833 0.037890 0.052868 0.072890 0.099301 0.133669 0.177786 0.233638 0.303366 0.389186 0.493300 0.617761 0.764330 0.934302 1.128324 1.346220 1.586828 1.847866 2.125859 2.416117 2.712800 3.009061 3.297272 3.569332 3.817028 4.032443 4.208372 4.338724 4.418869 4.445912 4.418869 4.338724 4.208372 4.032443 3.817028 3.569332 3.297272 3.009061 2.712800 2.416117 2.125859 1.847866 1.586828 1.346220 1.128324 0.934302 0.764330 0.617761 0.493300 0.389186 0.303366 0.233638 0.177786 0.133669 0.099301 0.072890 0.052868 0.037890 0.026833 0.018778 0.012985 0.008874 0.005993 0.003999 0.002638 0.001719 0.001107 0.000705 0.000444 0.000276 0.000170 0.000103 0.000062 0.000037 0.000021 0.000012 0.000006 0.000003 0.000000 
0.000000 0.000002 0.000005 0.000009 0.000017 0.000029 0.000050 0.000084 0.000139 0.000229 0.000373 0.000599 0.000952 0.001495 0.002321 0.003560 0.005396 0.008083 0.011965 0.017505 0.025307 0.036153 0.051038 0.071197 0.098139 0.133669 0.179894 0.239219 0.314311 0.408040 0.523380 0.663282 0.830499 1.027387 1.255680 1.516239 1.808822 2.131862 2.482293 2.855447 3.245027 3.643197 4.040769 4.427513 4.792562 5.124901 5.413916 5.649947 5.824825 5.932344 5.968624 5.932344 5.824825 5.649947 5.413916 5.124901 4.792562 4.427513 4.040769 3.643197 3.245027 2.855447 2.482293 2.131862 1.808822 1.516239 1.255680 1.027387 0.830499 0.663282 0.523380 0.408040 0.314311 0.239219 0.179894 0.133669 0.098139 0.071197 0.051038 0.036153 0.025307 0.017505 0.011965 0.008083 0.005396 0.003560 0.002321 0.001495 0.000952 0.000599 0.000373 0.000229 0.000139 0.000084 0.000050 0.000029 0.000016 0.000009 0.000004 0.000000 
0.000000 0.000003 0.000007 0.000013 0.000022 0.000039 0.000066 0.000112 0.000186 0.000306 0.000498 0.000800 0.001271 0.001995 0.003095 0.004746 0.007192 0.010771 0.015940 0.023314 0.033697 0.048128 0.067927 0.094735 0.130557 0.177786 0.239219 0.318047 0.417806 0.542302 0.695476 0.881238 1.103235 1.364586 1.667579 2.013352 2.401574 2.830159 3.295035 3.790005 4.306718 4.834779 5.362009 5.874845 6.358884 6.799531 7.182718 7.495646 7.727493 7.870035 7.918132 7.870035 7.727493 7.495646 7.182718 6.799531 6.358884 5.874845 5.362009 4.834779 4.306718 3.790005 3.295035 2.830159 2.401574 2.013352 1.667579 1.364586 1.103235 0.881238 0.695476 0.542302 0.417806 0.318047 0.239219 0.177786 0.130557 0.094735 0.067927 0.048128 0.033697 0.023314 0.015940 0.010771 0.007192 0.004746 0.003095 0.001995 0.001271 0.000800 0.000498 0.000306 0.000186 0.000112 0.000066 0.000039 0.000022 0.000012 0.000005 0.000000 
0.000000 0.000004 0.000009 0.000017 0.000030 0.000051 0.000088 0.000148 0.000246 0.000404 0.000657 0.001055 0.001676 0.002630 0.004078 0.006252 0.009471 0.014180 0.020981 0.030679 0.044331 0.063302 0.089323 0.124548 0.171607 0.233638 0.314311 0.417806 0.548760 0.712155 0.913158 1.156884 1.448109 1.790911 2.188281 2.641698 3.150720 3.712601 4.321998 4.970782 5.648008 6.340053 7.030958 7.702959 8.337190 8.914538 9.416580 9.826558 10.130302 10.317044 10.380054 10.317044 10.130302 9.826558 9.416580 8.914538 8.337190 7.702959 7.030958 6.340053 5.648008 4.970782 4.321998 3.712601 3.150720 2.641698 2.188281 1.790911 1.448109 1.156884 0.913158 0.712155 0.548760 0.417806 0.314311 0.233638 0.171607 0.124548 0.089323 0.063302 0.044331 0.030679 0.020981 0.014180 0.009471 0.006252 0.004078 0.002630 0.001676 0.001055 0.000657 0.000404 0.000246 0.000148 0.000088 0.000051 0.000029 0.000016 0.000007 0.000000 
0.000000 0.000005 0.000012 0.000022 0.000039 0.000067 0.000114 0.000193 0.000321 0.000527 0.000856 0.001375 0.002182 0.003424 0.005309 0.008136 0.012322 0.018444 0.027283 0.039885 0.057620 0.082260 0.116049 0.161782 0.222864 0.303366 0.408040 0.542302 0.712155 0.924052 1.184679 1.500656 1.878157 2.322455 2.837411 3.424929 4.084421 4.812322 5.601701 6.442025 7.319112 8.215325 9.110002 9.980145 10.801339 11.548847 12.198830 12.729604 13.122834 13.364588 13.446160 13.364588 13.122834 12.729604 12.198830 11.548847 10.801339 9.980145 9.110002 8.215325 7.319112 6.442025 5.601701 4.812322 4.084421 3.424929 2.837411 2.322455 1.878157 1.500656 1.184679 0.924052 0.712155 0.542302 0.408040 0.303366 0.222864 0.161782 0.116049 0.082260 0.057620 0.039885 0.027283 0.018444 0.012322 0.008136 0.005309 0.003424 0.002182 0.001375 0.000856 0.000527 0.000320 0.000193 0.000114 0.000067 0.000038 0.000020 0.000009 0.000000 
0.000000 0.000006 0.000015 0.000028 0.000050 0.000087 0.000148 0.000248 0.000413 0.000679 0.001102 0.001769 0.002808 0.004404 0.006827 0.010460 0.015838 0.023701 0.035052 0.051230 0.073993 0.105612 0.148964 0.207626 0.285963 0.389186 0.523380 0.695476 0.913158 1.184679 1.518592 1.923360 2.406875 2.975872 3.635278 4.387513 5.231810 6.163592 7.173977 8.249475 9.371939 10.518795 11.663611 12.776971 13.827646 14.784002 15.615556 16.294580 16.797631 17.106898 17.211250 17.106898 16.797631 16.294580 15.615556 14.784002 13.827646 12.776971 11.663611 10.518795 9.371939 8.249475 7.173977 6.163592 5.231810 4.387513 3.635278 2.975872 2.406875 1.923360 1.518592 1.184679 0.913158 0.695476 0.523380 0.389186 0.285963 0.207626 0.148964 0.105612 0.073993 0.051230 0.035052 0.023701 0.015838 0.010460 0.006827 0.004404 0.002808 0.001769 0.001102 0.000678 0.000413 0.000248 0.000147 0.000086 0.000049 0.000026 0.000011 0.000000 
0.000000 0.000008 0.000019 0.000036 0.000064 0.000110 0.000188 0.000316 0.000525 0.000863 0.001402 0.002250 0.003569 0.005596 0.008673 0.013285 0.020111 0.030089 0.044489 0.065008 0.093875 0.133964 0.188916 0.263263 0.362526 0.493300 0.663282 0.881238 1.156884 1.500656 1.923360 2.435691 3.047615 3.767635 4.601962 5.553639 6.621677 7.800271 9.078174 10.438319 11.857751 13.307931 14.755442 16.163101 17.491442 18.700488 19.751721 20.610104 21.246020 21.636965 21.768875 21.636965 21.246020 20.610104 19.751721 18.700488 17.491442 16.163101 14.755442 13.307931 11.857751 10.438319 9.078174 7.800271 6.621677 5.553639 4.601962 3.767635 3.047615 2.435691 1.923360 1.500656 1.156884 0.881238 0.663282 0.493300 0.362526 0.263263 0.188916 0.133964 0.093875 0.065008 0.044489 0.030089 0.020111 0.013285 0.008673 0.005596 0.003569 0.002250 0.001402 0.000863 0.000525 0.000316 0.000187 0.000110 0.000062 0.000033 0.000014 0.000000 
0.000000 0.000010 0.000024 0.000045 0.000080 0.000139 0.000236 0.000397 0.000660 0.001085 0.001761 0.002825 0.004481 0.007025 0.010885 0.016669 0.025228 0.037737 0.055785 0.081499 0.117665 0.167881 0.236702 0.329796 0.454067 0.617761 0.830499 1.103235 1.448109 1.878157 2.406875 3.047615 3.812816 4.713083 5.756157 6.945819 8.280811 9.753856 11.350886 13.050564 14.824201 16.636141 18.444640 20.203257 21.862704 23.373062 24.686234 25.758476 26.552809 27.041139 27.205906 27.041139 26.552809 25.758476 24.686234 23.373062 21.862704 20.203257 18.444640 16.636141 14.824201 13.050564 11.350886 9.753856 8.280811 6.945819 5.756157 4.713083 3.812816 3.047615 2.406875 1.878157 1.448109 1.103235 0.830499 0.617761 0.454067 0.329796 0.236702 0.167881 0.117665 0.081499 0.055785 0.037737 0.025228 0.016669 0.010885 0.007025 0.004481 0.002825 0.001761 0.001084 0.000660 0.000397 0.000236 0.000138 0.000078 0.000042 0.000018 0.000000 
0.000000 0.000013 0.000030 0.000056 0.000100 0.000172 0.000293 0.000493 0.000820 0.001346 0.002185 0.003505 0.005558 0.008712 0.013495 0.020661 0.031265 0.046756 0.069105 0.100939 0.145705 0.207849 0.293005 0.408172 0.561886 0.764330 1.027387 1.364586 1.790911 2.322455 2.975872 3.767635 4.713083 5.825291 7.113790 8.583223 10.232010 12.051144 14.023236 16.121926 18.311790 20.548807 22.781452 24.952410 27.000856 28.865196 30.486086 31.809555 32.789983 33.392710 33.596075 33.392710 32.789983 31.809555 30.486086 28.865196 27.000856 24.952410 22.781452 20.548807 18.311790 16.121926 14.023236 12.051144 10.232010 8.583223 7.113790 5.825291 4.713083 3.767635 2.975872 2.322455 1.790911 1.364586 1.027387 0.764330 0.561886 0.408172 0.293005 0.207849 0.145705 0.100939 0.069105 0.046756 0.031265 0.020661 0.013495 0.008712 0.005558 0.003505 0.002185 0.001346 0.000820 0.000493 0.000293 0.000171 0.000097 0.000052 0.000023 0.000000 
0.000000 0.000016 0.000037 0.000069 0.000122 0.000212 0.000360 0.000605 0.001005 0.001651 0.002678 0.004296 0.006810 0.010672 0.016528 0.025300 0.038276 0.057230 0.084570 0.123505 0.178248 0.254229 0.358327 0.499092 0.686940 0.934302 1.255680 1.667579 2.188281 2.837411 3.635278 4.601962 5.756157 7.113790 8.686460 10.479802 12.491858 14.711612 17.117827 19.678330 22.349900 25.078835 27.802294 30.450382 32.948932 35.222841 37.199760 38.813893 40.009624 40.744702 40.992722 40.744702 40.009624 38.813893 37.199760 35.222841 32.948932 30.450382 27.802294 25.078835 22.349900 19.678330 17.117827 14.711612 12.491858 10.479802 8.686460 7.113790 5.756157 4.601962 3.635278 2.837411 2.188281 1.667579 1.255680 0.934302 0.686940 0.499092 0.358327 0.254229 0.178248 0.123505 0.084570 0.057230 0.038276 0.025300 0.016528 0.010672 0.006810 0.004296 0.002678 0.001650 0.001005 0.000605 0.000359 0.000210 0.000120 0.000064 0.000028 0.000000 
0.000000 0.000019 0.000044 0.000084 0.000148 0.000256 0.000436 0.000733 0.001218 0.001999 0.003243 0.005200 0.008243 0.012914 0.019996 0.030603 0.046291 0.069202 0.102242 0.149289 0.215424 0.307203 0.432926 0.602906 0.829708 1.128324 1.516239 2.013352 2.641698 3.424929 4.387513 5.553639 6.945819 8.583223 10.479802 12.642314 15.068364 17.744644 20.645526 23.732214 26.952598 30.241953 33.524545 36.716152 39.727414 42.467848 44.850295 46.795494 48.236451 49.122272 49.421153 49.122272 48.236451 46.795494 44.850295 42.467848 39.727414 36.716152 33.524545 30.241953 26.952598 23.732214 20.645526 17.744644 15.068364 12.642314 10.479802 8.583223 6.945819 5.553639 4.387513 3.424929 2.641698 2.013352 1.516239 1.128324 0.829708 0.602906 0.432926 0.307203 0.215424 0.149289 0.102242 0.069202 0.046291 0.030603 0.019996 0.012914 0.008243 0.005200 0.003243 0.001999 0.001218 0.000733 0.000435 0.000255 0.000145 0.000078 0.000034 0.000000 
0.000000 0.000023 0.000053 0.000100 0.000178 0.000307 0.000522 0.000878 0.001457 0.002391 0.003879 0.006219 0.009855 0.015437 0.023898 0.036569 0.055304 0.082663 0.122110 0.178270 0.257205 0.366730 0.516739 0.719526 0.990065 1.346220 1.808822 2.401574 3.150720 4.084421 5.231810 6.621677 8.280811 10.232010 12.491858 15.068364 17.958640 21.146799 24.602289 28.278883 32.114508 36.032080 39.941418 43.742243 47.328170 50.591484 53.428434 55.744674 57.460463 58.515226 58.871105 58.515226 57.460463 55.744674 53.428434 50.591484 47.328170 43.742243 39.941418 36.032080 32.114508 28.278883 24.602289 21.146799 17.958640 15.068364 12.491858 10.232010 8.280811 6.621677 5.231810 4.084421 3.150720 2.401574 1.808822 1.346220 0.990065 0.719526 0.516739 0.366730 0.257205 0.178270 0.122110 0.082663 0.055304 0.036569 0.023898 0.015437 0.009855 0.006219 0.003879 0.002391 0.001457 0.000877 0.000521 0.000305 0.000174 0.000093 0.000040 0.000000 
0.000000 0.000027 0.000063 0.000118 0.000210 0.000363 0.000618 0.001038 0.001722 0.002826 0.004583 0.007346 0.011639 0.018227 0.028214 0.043166 0.065271 0.097544 0.144071 0.210299 0.303372 0.432496 0.609324 0.848334 1.167159 1.586828 2.131862 2.830159 3.712601 4.812322 6.163592 7.800271 9.753856 12.051144 14.711612 17.744644 21.146799 24.899343 28.966291 33.293220 37.807074 42.417146 47.017330 51.489656 55.708975 59.548588 62.886462 65.611631 67.630312 68.871261 69.289959 68.871261 67.630312 65.611631 62.886462 59.548588 55.708975 51.489656 47.017330 42.417146 37.807074 33.293220 28.966291 24.899343 21.146799 17.744644 14.711612 12.051144 9.753856 7.800271 6.163592 4.812322 3.712601 2.830159 2.131862 1.586828 1.167159 0.848334 0.609324 0.432496 0.303372 0.210299 0.144071 0.097544 0.065271 0.043166 0.028214 0.018227 0.011639 0.007346 0.004582 0.002826 0.001722 0.001037 0.000616 0.000361 0.000205 0.000110 0.000048 0.000000 
0.000000 0.000032 0.000073 0.000138 0.000245 0.000424 0.000721 0.001212 0.002011 0.003298 0.005348 0.008571 0.013578 0.021260 0.032904 0.050332 0.076096 0.113705 0.167917 0.245074 0.353490 0.503881 0.709807 0.988113 1.359312 1.847866 2.482293 3.295035 4.321998 5.601701 7.173977 9.078174 11.350886 14.023236 17.117827 20.645526 24.602289 28.966291 33.695656 38.727082 43.975612 49.335783 54.684246 59.883869 64.789189 69.252949 73.133325 76.301358 78.648060 80.090643 80.577370 80.090643 78.648060 76.301358 73.133325 69.252949 64.789189 59.883869 54.684246 49.335783 43.975612 38.727082 33.695656 28.966291 24.602289 20.645526 17.117827 14.023236 11.350886 9.078174 7.173977 5.601701 4.321998 3.295035 2.482293 1.847866 1.359312 0.988113 0.709807 0.503881 0.353490 0.245074 0.167917 0.113705 0.076096 0.050332 0.032904 0.021260 0.013578 0.008571 0.005348 0.003298 0.002010 0.001211 0.000720 0.000421 0.000240 0.000129 0.000056 0.000000 
0.000000 0.000037 0.000085 0.000160 0.000283 0.000489 0.000832 0.001397 0.002318 0.003802 0.006164 0.009878 0.015646 0.024495 0.037905 0.057974 0.087637 0.130933 0.193334 0.282134 0.406895 0.579937 0.816852 1.137003 1.563968 2.125859 2.855447 3.790005 4.970782 6.442025 8.249475 10.438319 13.050564 16.121926 19.678330 23.732214 28.278883 33.293220 38.727082 44.507717 50.537517 56.695325 62.839458 68.812414 74.447136 79.574515 84.031688 87.670573 90.366023 92.022978 92.582031 92.022978 90.366023 87.670573 84.031688 79.574515 74.447136 68.812414 62.839458 56.695325 50.537517 44.507717 38.727082 33.293220 28.278883 23.732214 19.678330 16.121926 13.050564 10.438319 8.249475 6.442025 4.970782 3.790005 2.855447 2.125859 1.563968 1.137003 0.816852 0.579937 0.406895 0.282134 0.193334 0.130933 0.087637 0.057974 0.037905 0.024495 0.015646 0.009878 0.006164 0.003802 0.002318 0.001396 0.000830 0.000486 0.000277 0.000148 0.000064 0.000000 
0.000000 0.000042 0.000097 0.000182 0.000323 0.000557 0.000948 0.001592 0.002641 0.004330 0.007019 0.011245 0.017809 0.027878 0.043134 0.065963 0.099700 0.148937 0.219892 0.320854 0.462685 0.659382 0.928654 1.292494 1.777674 2.416117 3.245027 4.306718 5.648008 7.319112 9.371939 11.857751 14.824201 18.311790 22.349900 26.952598 32.114508 37.807074 43.975612 50.537517 57.381981 64.371490 71.345243 78.124505 84.519707 90.338964 95.397485 99.527255 102.586288 104.466730 105.101186 104.466730 102.586288 99.527255 95.397485 90.338964 84.519707 78.124505 71.345243 64.371490 57.381981 50.537517 43.975612 37.807074 32.114508 26.952598 22.349900 18.311790 14.824201 11.857751 9.371939 7.319112 5.648008 4.306718 3.245027 2.416117 1.777674 1.292494 0.928654 0.659382 0.462685 0.320854 0.219892 0.148937 0.099700 0.065963 0.043134 0.027878 0.017809 0.011245 0.007018 0.004330 0.002640 0.001590 0.000946 0.000554 0.000316 0.000169 0.000073 0.000000 
0.000000 0.000047 0.000109 0.000205 0.000363 0.000627 0.001067 0.001791 0.002970 0.004870 0.007893 0.012645 0.020023 0.031340 0.048484 0.074136 0.112042 0.167355 0.247058 0.360454 0.519738 0.740616 1.042963 1.451455 1.996131 2.712800 3.643197 4.834779 6.340053 8.215325 10.518795 13.307931 16.636141 20.548807 25.078835 30.241953 36.032080 42.417146 49.335783 56.695325 64.371490 72.210061 80.030727 87.633076 94.804567 101.330070 107.002416 111.633251 115.063400 117.171961 117.883381 117.171961 115.063400 111.633251 107.002416 101.330070 94.804567 87.633076 80.030727 72.210061 64.371490 56.695325 49.335783 42.417146 36.032080 30.241953 25.078835 20.548807 16.636141 13.307931 10.518795 8.215325 6.340053 4.834779 3.643197 2.712800 1.996131 1.451455 1.042963 0.740616 0.519738 0.360454 0.247058 0.167355 0.112042 0.074136 0.048484 0.031340 0.020023 0.012645 0.007893 0.004870 0.002970 0.001789 0.001064 0.000623 0.000355 0.000190 0.000082 0.000000 
0.000000 0.000052 0.000121 0.000228 0.000404 0.000697 0.001185 0.001990 0.003300 0.005411 0.008768 0.014044 0.022237 0.034801 0.053833 0.082306 0.124376 0.185760 0.274201 0.400019 0.576734 0.821762 1.157138 1.610216 2.214294 3.009061 4.040769 5.362009 7.030958 9.110002 11.663611 14.755442 18.444640 22.781452 27.802294 33.524545 39.941418 47.017330 54.684246 62.839458 71.345243 80.030727 88.696135 97.119443 105.065199 112.295092 118.579640 123.710207 127.510484 129.846553 130.634731 129.846553 127.510484 123.710207 118.579640 112.295092 105.065199 97.119443 88.696135 80.030727 71.345243 62.839458 54.684246 47.017330 39.941418 33.524545 27.802294 22.781452 18.444640 14.755442 11.663611 9.110002 7.030958 5.362009 4.040769 3.009061 2.214294 1.610216 1.157138 0.821762 0.576734 0.400019 0.274201 0.185760 0.124376 0.082306 0.053833 0.034801 0.022237 0.014044 0.008768 0.005410 0.003300 0.001988 0.001183 0.000692 0.000395 0.000212 0.000092 0.000000 
