0.000000 0.000000 0.000000 0.000000 0.000000 0.000000 0.000000 0.000000 0.000000 0.000000 0.000000 0.000000 0.000000 0.000000 0.000000 0.000000 0.000000 0.000000 0.000000 0.000000 0.000000 0.000000 0.000000 0.000000 0.000000 0.000000 0.000000 0.000000 0.000000 0.000000 0.000000 0.000000 0.000000 0.000000 0.000000 0.000000 0.000000 0.000000 0.000000 0.000000 0.000000 0.000000 0.000000 0.000000 0.000000 0.000000 0.000000 0.000000 0.000000 0.000000 0.000000 0.000000 0.000000 0.000000 0.000000 0.000000 0.000000 0.000000 0.000000 0.000000 0.000000 0.000000 0.000000 0.000000 0.000000 0.000000 0.000000 0.000000 0.000000 0.000000 0.000000 0.000000 0.000000 0.000000 0.000000 0.000000 0.000000 0.000000 0.000000 0.000000 0.000000 0.000000 0.000000 0.000000 0.000000 0.000000 0.000000 0.000000 0.000000 0.000000 0.000000 0.000000 0.000000 0.000000 0.000000 0.000000 0.000000 0.000000 0.000000 0.000000 
0.000000 0.000000 0.000000 0.000000 0.000000 0.000000 0.000000 0.000000 0.000000 0.000000 0.000000 0.000000 0.000000 0.000000 0.000000 0.000000 0.000000 0.000000 0.000000 0.000000 0.000000 0.000000 0.000000 0.000000 0.000000 0.000000 0.000000 0.000000 0.000000 0.000000 0.000000 0.000000 0.000000 0.000000 0.000000 0.000000 0.000000 0.000000 0.000000 0.000000 0.000000 0.000000 0.000000 0.000000 0.000000 0.000000 0.000000 0.000000 0.000000 0.000000 0.000000 0.000000 0.000000 0.000000 0.000000 0.000000 0.000000 0.000000 0.000000 0.000000 0.000000 0.000000 0.000000 0.000000 0.000000 0.000000 0.000000 0.000000 0.000000 0.000000 0.000000 0.000000 0.000000 0.000000 0.000000 0.000000 0.000000 0.000000 0.000000 0.000000 0.000000 0.000000 0.000000 0.000000 0.000000 0.000000 0.000000 0.000000 0.000000 0.000000 0.000000 0.000000 0.000000 0.000000 0.000000 0.000000 0.000000 0.000000 0.000000 0.000000 
0.000000 0.000000 0.000000 0.000000 0.000000 0.000000 0.000000 0.000000 0.000000 0.000000 0.000000 0.000000 0.000000 0.000000 0.000000 0.000000 0.000000 0.000000 0.000000 0.000000 0.000000 0.000000 0.000000 0.000000 0.000000 0.000000 0.000000 0.000000 0.000000 0.000000 0.000000 0.000000 0.000000 0.000000 0.000000 0.000000 0.000000 0.000000 0.000000 0.000000 0.000000 0.000000 0.000000 0.000000 0.000000 0.000000 0.000000 0.000000 0.000000 0.000000 0.000000 0.000000 0.000000 0.000000 0.000000 0.000000 0.000000 0.000000 0.000000 0.000000 0.000000 0.000000 0.000000 0.000000 0.000000 0.000000 0.000000 0.000000 0.000000 0.000000 0.000000 0.000000 0.000000 0.000000 0.000000 0.000000 0.000000 0.000000 0.000000 0.000000 0.000000 0.000000 0.000000 0.000000 0.000000 0.000000 0.000000 0.000000 0.000000 0.000000 0.000000 0.000000 0.000000 0.000000 0.000000 0.000000 0.000000 0.000000 0.000000 0.000000 
0.000000 0.000000 0.000000 0.000000 0.000000 0.000000 0.000000 0.000000 0.000000 0.000000 0.000000 0.000000 0.000000 0.000000 0.000000 0.000000 0.000000 0.000000 0.000000 0.000000 0.000000 0.000000 0.000000 0.000000 0.000000 0.000000 0.000000 0.000000 0.000000 0.000000 0.000000 0.000000 0.000000 0.000000 0.000000 0.000000 0.000000 0.000000 0.000000 0.000000 0.000000 0.000000 0.000000 0.000000 0.000000 0.000000 0.000000 0.000000 0.000000 0.000000 0.000000 0.000000 0.000000 0.000000 0.000000 0.000000 0.000000 0.000000 0.000000 0.000000 0.000000 0.000000 0.000000 0.000000 0.000000 0.000000 0.000000 0.000000 0.000000 0.000000 0.000000 0.000000 0.000000 0.000000 0.000000 0.000000 0.000000 0.000000 0.000000 0.000000 0.000000 0.000000 0.000000 0.000000 0.000000 0.000000 0.000000 0.000000 0.000000 0.000000 0.000000 0.000000 0.000000 0.000000 0.000000 0.000000 0.000000 0.000000 0.000000 0.000000 
0.000000 0.000000 0.000000 0.000000 0.000000 0.000000 0.000000 0.000000 0.000000 0.000000 0.000000 0.000000 0.000000 0.000000 0.000000 0.000000 0.000000 0.000000 0.000000 0.000000 0.000000 0.000000 0.000000 0.000000 0.000000 0.000000 0.000000 0.000000 0.000000 0.000000 0.000000 0.000000 0.000000 0.000000 0.000000 0.000000 0.000000 0.000000 0.000000 0.000000 0.000000 0.000000 0.000000 0.000000 0.000001 0.000001 0.000001 0.000001 0.000001 0.000001 0.000001 0.000001 0.000001 0.000001 0.000001 0.000001 0.000001 0.000000 0.000000 0.000000 0.000000 0.000000 0.000000 0.000000 0.000000 0.000000 0.000000 0.000000 0.000000 0.000000 0.000000 0.000000 0.000000 0.000000 0.000000 0.000000 0.000000 0.000000 0.000000 0.000000 0.000000 0.000000 0.000000 0.000000 0.000000 0.000000 0.000000 0.000000 0.000000 0.000000 0.000000 0.000000 0.000000 0.000000 0.000000 0.000000 0.000000 0.000000 0.000000 0.000000 
0.000000 0.000000 0.000000 0.000000 0.000000 0.000000 0.000000 0.000000 0.000000 0.000000 0.000000 0.000000 0.000000 0.000000 0.000000 0.000000 0.000000 0.000000 0.000000 0.000000 0.000000 0.000000 0.000000 0.000000 0.000000 0.000000 0.000000 0.000000 0.000000 0.000000 0.000000 0.000000 0.000000 0.000000 0.000000 0.000000 0.000000 0.000000 0.000000 0.000001 0.000001 0.000001 0.000001 0.000001 0.000001 0.000001 0.000002 0.000002 0.000002 0.000002 0.000002 0.000002 0.000002 0.000002 0.000002 0.000001 0.000001 0.000001 0.000001 0.000001 0.000001 0.000001 0.000000 0.000000 0.000000 0.000000 0.000000 0.000000 0.000000 0.000000 0.000000 0.000000 0.000000 0.000000 0.000000 0.000000 0.000000 0.000000 0.000000 0.000000 0.000000 0.000000 0.000000 0.000000 0.000000 0.000000 0.000000 0.000000 0.000000 0.000000 0.000000 0.000000 0.000000 0.000000 0.000000 0.000000 0.000000 0.000000 0.000000 0.000000 
0.000000 0.000000 0.000000 0.000000 0.000000 0.000000 0.000000 0.000000 0.000000 0.000000 0.000000 0.000000 0.000000 0.000000 0.000000 0.000000 0.000000 0.000000 0.000000 0.000000 0.000000 0.000000 0.000000 0.000000 0.000000 0.000000 0.000000 0.000000 0.000000 0.000000 0.000000 0.000000 0.000000 0.000000 0.000000 0.000000 0.000001 0.000001 0.000001 0.000001 0.000001 0.000002 0.000002 0.000003 0.000003 0.000003 0.000004 0.000004 0.000004 0.000004 0.000004 0.000004 0.000004 0.000004 0.000004 0.000003 0.000003 0.000003 0.000002 0.000002 0.000001 0.000001 0.000001 0.000001 0.000001 0.000000 0.000000 0.000000 0.000000 0.000000 0.000000 0.000000 0.000000 0.000000 0.000000 0.000000 0.000000 0.000000 0.000000 0.000000 0.000000 0.000000 0.000000 0.000000 0.000000 0.000000 0.000000 0.000000 0.000000 0.000000 0.000000 0.000000 0.000000 0.000000 0.000000 0.000000 0.000000 0.000000 0.000000 0.000000 
0.000000 0.000000 0.000000 0.000000 0.000000 0.000000 0.000000 0.000000 0.000000 0.000000 0.000000 0.000000 0.000000 0.000000 0.000000 0.000000 0.000000 0.000000 0.000000 0.000000 0.000000 0.000000 0.000000 0.000000 0.000000 0.000000 0.000000 0.000000 0.000000 0.000000 0.000000 0.000000 0.000000 0.000000 0.000001 0.000001 0.000001 0.000002 0.000002 0.000003 0.000003 0.000004 0.000005 0.000006 0.000006 0.000007 0.000008 0.000008 0.000009 0.000009 0.000009 0.000009 0.000009 0.000008 0.000008 0.000007 0.000006 0.000006 0.000005 0.000004 0.000003 0.000003 0.000002 0.000002 0.000001 0.000001 0.000001 0.000000 0.000000 0.000000 0.000000 0.000000 0.000000 0.000000 0.000000 0.000000 0.000000 0.000000 0.000000 0.000000 0.000000 0.000000 0.000000 0.000000 0.000000 0.000000 0.000000 0.000000 0.000000 0.000000 0.000000 0.000000 0.000000 0.000000 0.000000 0.000000 0.000000 0.000000 0.000000 0.000000 
0.000000 0.000000 0.000000 0.000000 0.000000 0.000000 0.000000 0.000000 0.000000 0.000000 0.000000 0.000000 0.000000 0.000000 0.000000 0.000000 0.000000 0.000000 0.000000 0.000000 0.000000 0.000000 0.000000 0.000000 0.000000 0.000000 0.000000 0.000000 0.000000 0.000000 0.000000 0.000001 0.000001 0.000001 0.000002 0.000002 0.000003 0.000004 0.000005 0.000006 0.000007 0.000009 0.000010 0.000012 0.000014 0.000016 0.000017 0.000018 0.000019 0.000020 0.000020 0.000020 0.000019 0.000018 0.000017 0.000016 0.000014 0.000012 0.000010 0.000009 0.000007 0.000006 0.000005 0.000004 0.000003 0.000002 0.000002 0.000001 0.000001 0.000001 0.000000 0.000000 0.000000 0.000000 0.000000 0.000000 0.000000 0.000000 0.000000 0.000000 0.000000 0.000000 0.000000 0.000000 0.000000 0.000000 0.000000 0.000000 0.000000 0.000000 0.000000 0.000000 0.000000 0.000000 0.000000 0.000000 0.000000 0.000000 0.000000 0.000000 
0.000000 0.000000 0.000000 0.000000 0.000000 0.000000 0.000000 0.000000 0.000000 0.000000 0.000000 0.000000 0.000000 0.000000 0.000000 0.000000 0.000000 0.000000 0.000000 0.000000 0.000000 0.000000 0.000000 0.000000 0.000000 0.000000 0.000000 0.000000 0.000000 0.000001 0.000001 0.000001 0.000002 0.000002 0.000003 0.000004 0.000006 0.000008 0.000010 0.000013 0.000016 0.000019 0.000023 0.000026 0.000030 0.000033 0.000037 0.000039 0.000041 0.000043 0.000043 0.000043 0.000041 0.000039 0.000037 0.000033 0.000030 0.000026 0.000023 0.000019 0.000016 0.000013 0.000010 0.000008 0.000006 0.000004 0.000003 0.000002 0.000002 0.000001 0.000001 0.000001 0.000000 0.000000 0.000000 0.000000 0.000000 0.000000 0.000000 0.000000 0.000000 0.000000 0.000000 0.000000 0.000000 0.000000 0.000000 0.000000 0.000000 0.000000 0.000000 0.000000 0.000000 0.000000 0.000000 0.000000 0.000000 0.000000 0.000000 0.000000 
0.000000 0.000000 0.000000 0.000000 0.000000 0.000000 0.000000 0.000000 0.000000 0.000000 0.000000 0.000000 0.000000 0.000000 0.000000 0.000000 0.000000 0.000000 0.000000 0.000000 0.000000 0.000000 0.000000 0.000000 0.000000 0.000000 0.000000 0.000000 0.000001 0.000001 0.000002 0.000002 0.000003 0.000005 0.000007 0.000009 0.000013 0.000017 0.000021 0.000027 0.000033 0.000040 0.000048 0.000056 0.000063 0.000071 0.000077 0.000083 0.000087 0.000090 0.000091 0.000090 0.000087 0.000083 0.000077 0.000071 0.000063 0.000056 0.000048 0.000040 0.000033 0.000027 0.000021 0.000017 0.000013 0.000009 0.000007 0.000005 0.000003 0.000002 0.000002 0.000001 0.000001 0.000000 0.000000 0.000000 0.000000 0.000000 0.000000 0.000000 0.000000 0.000000 0.000000 0.000000 0.000000 0.000000 0.000000 0.000000 0.000000 0.000000 0.000000 0.000000 0.000000 0.000000 0.000000 0.000000 0.000000 0.000000 0.000000 0.000000 
0.000000 0.000000 0.000000 0.000000 0.000000 0.000000 0.000000 0.000000 0.000000 0.000000 0.000000 0.000000 0.000000 0.000000 0.000000 0.000000 0.000000 0.000000 0.000000 0.000000 0.000000 0.000000 0.000000 0.000000 0.000000 0.000000 0.000001 0.000001 0.000001 0.000002 0.000003 0.000005 0.000007 0.000010 0.000014 0.000020 0.000026 0.000035 0.000044 0.000056 0.000069 0.000084 0.000099 0.000115 0.000131 0.000147 0.000161 0.000173 0.000182 0.000187 0.000189 0.000187 0.000182 0.000173 0.000161 0.000147 0.000131 0.000115 0.000099 0.000084 0.000069 0.000056 0.000044 0.000035 0.000026 0.000020 0.000014 0.000010 0.000007 0.000005 0.000003 0.000002 0.000001 0.000001 0.000001 0.000000 0.000000 0.000000 0.000000 0.000000 0.000000 0.000000 0.000000 0.000000 0.000000 0.000000 0.000000 0.000000 0.000000 0.000000 0.000000 0.000000 0.000000 0.000000 0.000000 0.000000 0.000000 0.000000 0.000000 0.000000 
0.000000 0.000000 0.000000 0.000000 0.000000 0.000000 0.000000 0.000000 0.000000 0.000000 0.000000 0.000000 0.000000 0.000000 0.000000 0.000000 0.000000 0.000000 0.000000 0.000000 0.000000 0.000000 0.000000 0.000000 0.000000 0.000001 0.000001 0.000002 0.000003 0.000005 0.000007 0.000010 0.000015 0.000021 0.000030 0.000040 0.000054 0.000071 0.000091 0.000114 0.000141 0.000171 0.000203 0.000236 0.000268 0.000300 0.000328 0.000352 0.000370 0.000382 0.000385 0.000382 0.000370 0.000352 0.000328 0.000300 0.000268 0.000236 0.000203 0.000171 0.000141 0.000114 0.000091 0.000071 0.000054 0.000040 0.000030 0.000021 0.000015 0.000010 0.000007 0.000005 0.000003 0.000002 0.000001 0.000001 0.000000 0.000000 0.000000 0.000000 0.000000 0.000000 0.000000 0.000000 0.000000 0.000000 0.000000 0.000000 0.000000 0.000000 0.000000 0.000000 0.000000 0.000000 0.000000 0.000000 0.000000 0.000000 0.000000 0.000000 
0.000000 0.000000 0.000000 0.000000 0.000000 0.000000 0.000000 0.000000 0.000000 0.000000 0.000000 0.000000 0.000000 0.000000 0.000000 0.000000 0.000000 0.000000 0.000000 0.000000 0.000000 0.000000 0.000000 0.000001 0.000001 0.000002 0.000002 0.000004 0.000006 0.000009 0.000014 0.000021 0.000030 0.000043 0.000060 0.000081 0.000109 0.000142 0.000183 0.000230 0.000284 0.000343 0.000407 0.000473 0.000538 0.000601 0.000658 0.000706 0.000742 0.000765 0.000772 0.000765 0.000742 0.000706 0.000658 0.000601 0.000538 0.000473 0.000407 0.000343 0.000284 0.000230 0.000183 0.000142 0.000109 0.000081 0.000060 0.000043 0.000030 0.000021 0.000014 0.000009 0.000006 0.000004 0.000002 0.000002 0.000001 0.000001 0.000000 0.000000 0.000000 0.000000 0.000000 0.000000 0.000000 0.000000 0.000000 0.000000 0.000000 0.000000 0.000000 0.000000 0.000000 0.000000 0.000000 0.000000 0.000000 0.000000 0.000000 0.000000 
0.000000 0.000000 0.000000 0.000000 0.000000 0.000000 0.000000 0.000000 0.000000 0.000000 0.000000 0.000000 0.000000 0.000000 0.000000 0.000000 0.000000 0.000000 0.000000 0.000000 0.000000 0.000000 0.000001 0.000001 0.000002 0.000003 0.000005 0.000008 0.000012 0.000019 0.000028 0.000042 0.000060 0.000085 0.000118 0.000161 0.000215 0.000281 0.000361 0.000454 0.000560 0.000677 0.000802 0.000932 0.001061 0.001184 0.001296 0.001390 0.001461 0.001505 0.001521 0.001505 0.001461 0.001390 0.001296 0.001184 0.001061 0.000932 0.000802 0.000677 0.000560 0.000454 0.000361 0.000281 0.000215 0.000161 0.000118 0.000085 0.000060 0.000042 0.000028 0.000019 0.000012 0.000008 0.000005 0.000003 0.000002 0.000001 0.000001 0.000000 0.000000 0.000000 0.000000 0.000000 0.000000 0.000000 0.000000 0.000000 0.000000 0.000000 0.000000 0.000000 0.000000 0.000000 0.000000 0.000000 0.000000 0.000000 0.000000 0.000000 
0.000000 0.000000 0.000000 0.000000 0.000000 0.000000 0.000000 0.000000 0.000000 0.000000 0.000000 0.000000 0.000000 0.000000 0.000000 0.000000 0.000000 0.000000 0.000000 0.000000 0.000000 0.000001 0.000001 0.000002 0.000004 0.000006 0.000010 0.000015 0.000024 0.000037 0.000055 0.000081 0.000117 0.000166 0.000230 0.000313 0.000418 0.000546 0.000701 0.000881 0.001085 0.001312 0.001554 0.001804 0.002054 0.002292 0.002508 0.002689 0.002827 0.002913 0.002942 0.002913 0.002827 0.002689 0.002508 0.002292 0.002054 0.001804 0.001554 0.001312 0.001085 0.000881 0.000701 0.000546 0.000418 0.000313 0.000230 0.000166 0.000117 0.000081 0.000055 0.000037 0.000024 0.000015 0.000010 0.000006 0.000004 0.000002 0.000001 0.000001 0.000000 0.000000 0.000000 0.000000 0.000000 0.000000 0.000000 0.000000 0.000000 0.000000 0.000000 0.000000 0.000000 0.000000 0.000000 0.000000 0.000000 0.000000 0.000000 0.000000 
0.000000 0.000000 0.000000 0.000000 0.000000 0.000000 0.000000 0.000000 0.000000 0.000000 0.000000 0.000000 0.000000 0.000000 0.000000 0.000000 0.000000 0.000000 0.000000 0.000000 0.000001 0.000001 0.000002 0.000004 0.000007 0.000012 0.000019 0.000030 0.000046 0.000071 0.000106 0.000156 0.000225 0.000318 0.000440 0.000599 0.000798 0.001043 0.001336 0.001679 0.002068 0.002498 0.002957 0.003433 0.003907 0.004359 0.004768 0.005112 0.005373 0.005536 0.005591 0.005536 0.005373 0.005112 0.004768 0.004359 0.003907 0.003433 0.002957 0.002498 0.002068 0.001679 0.001336 0.001043 0.000798 0.000599 0.000440 0.000318 0.000225 0.000156 0.000106 0.000071 0.000046 0.000030 0.000019 0.000012 0.000007 0.000004 0.000002 0.000001 0.000001 0.000000 0.000000 0.000000 0.000000 0.000000 0.000000 0.000000 0.000000 0.000000 0.000000 0.000000 0.000000 0.000000 0.000000 0.000000 0.000000 0.000000 0.000000 0.000000 
0.000000 0.000000 0.000000 0.000000 0.000000 0.000000 0.000000 0.000000 0.000000 0.000000 0.000000 0.000000 0.000000 0.000000 0.000000 0.000000 0.000000 0.000000 0.000000 0.000001 0.000002 0.000003 0.000005 0.000008 0.000013 0.000022 0.000036 0.000056 0.000088 0.000134 0.000200 0.000294 0.000423 0.000597 0.000827 0.001123 0.001496 0.001954 0.002503 0.003143 0.003870 0.004672 0.005530 0.006418 0.007301 0.008144 0.008906 0.009547 0.010033 0.010337 0.010440 0.010337 0.010033 0.009547 0.008906 0.008144 0.007301 0.006418 0.005530 0.004672 0.003870 0.003143 0.002503 0.001954 0.001496 0.001123 0.000827 0.000597 0.000423 0.000294 0.000200 0.000134 0.000088 0.000056 0.000036 0.000022 0.000013 0.000008 0.000005 0.000003 0.000002 0.000001 0.000000 0.000000 0.000000 0.000000 0.000000 0.000000 0.000000 0.000000 0.000000 0.000000 0.000000 0.000000 0.000000 0.000000 0.000000 0.000000 0.000000 0.000000 
0.000000 0.000000 0.000000 0.000000 0.000000 0.000000 0.000000 0.000000 0.000000 0.000000 0.000000 0.000000 0.000000 0.000000 0.000000 0.000000 0.000000 0.000000 0.000001 0.000002 0.000003 0.000005 0.000009 0.000015 0.000025 0.000041 0.000066 0.000105 0.000162 0.000248 0.000370 0.000543 0.000781 0.001102 0.001525 0.002071 0.002756 0.003598 0.004605 0.005780 0.007114 0.008585 0.010158 0.011784 0.013403 0.014946 0.016341 0.017515 0.018405 0.018960 0.019149 0.018960 0.018405 0.017515 0.016341 0.014946 0.013403 0.011784 0.010158 0.008585 0.007114 0.005780 0.004605 0.003598 0.002756 0.002071 0.001525 0.001102 0.000781 0.000543 0.000370 0.000248 0.000162 0.000105 0.000066 0.000041 0.000025 0.000015 0.000009 0.000005 0.000003 0.000002 0.000001 0.000000 0.000000 0.000000 0.000000 0.000000 0.000000 0.000000 0.000000 0.000000 0.000000 0.000000 0.000000 0.000000 0.000000 0.000000 0.000000 0.000000 
0.000000 0.000000 0.000000 0.000000 0.000000 0.000000 0.000000 0.000000 0.000000 0.000000 0.000000 0.000000 0.000000 0.000000 0.000000 0.000000 0.000000 0.000001 0.000002 0.000003 0.000005 0.000009 0.000016 0.000027 0.000045 0.000075 0.000120 0.000190 0.000296 0.000450 0.000673 0.000986 0.001417 0.001998 0.002764 0.003749 0.004987 0.006505 0.008323 0.010441 0.012845 0.015494 0.018327 0.021254 0.024168 0.026944 0.029452 0.031563 0.033163 0.034162 0.034502 0.034162 0.033163 0.031563 0.029452 0.026944 0.024168 0.021254 0.018327 0.015494 0.012845 0.010441 0.008323 0.006505 0.004987 0.003749 0.002764 0.001998 0.001417 0.000986 0.000673 0.000450 0.000296 0.000190 0.000120 0.000075 0.000045 0.000027 0.000016 0.000009 0.000005 0.000003 0.000002 0.000001 0.000000 0.000000 0.000000 0.000000 0.000000 0.000000 0.000000 0.000000 0.000000 0.000000 0.000000 0.000000 0.000000 0.000000 0.000000 0.000000 
0.000000 0.000000 0.000000 0.000000 0.000000 0.000000 0.000000 0.000000 0.000000 0.000000 0.000000 0.000000 0.000000 0.000000 0.000000 0.000000 0.000001 0.000002 0.000003 0.000005 0.000009 0.000016 0.000029 0.000049 0.000082 0.000134 0.000216 0.000341 0.000528 0.000804 0.001200 0.001758 0.002525 0.003558 0.004917 0.006665 0.008861 0.011553 0.014773 0.018524 0.022779 0.027467 0.032476 0.037651 0.042801 0.047707 0.052137 0.055866 0.058693 0.060457 0.061057 0.060457 0.058693 0.055866 0.052137 0.047707 0.042801 0.037651 0.032476 0.027467 0.022779 0.018524 0.014773 0.011553 0.008861 0.006665 0.004917 0.003558 0.002525 0.001758 0.001200 0.000804 0.000528 0.000341 0.000216 0.000134 0.000082 0.000049 0.000029 0.000016 0.000009 0.000005 0.000003 0.000002 0.000001 0.000000 0.000000 0.000000 0.000000 0.000000 0.000000 0.000000 0.000000 0.000000 0.000000 0.000000 0.000000 0.000000 0.000000 0.000000 
0.000000 0.000000 0.000000 0.000000 0.000000 0.000000 0.000000 0.000000 0.000000 0.000000 0.000000 0.000000 0.000000 0.000000 0.000000 0.000001 0.000001 0.000003 0.000005 0.000009 0.000016 0.000029 0.000050 0.000086 0.000144 0.000236 0.000379 0.000599 0.000927 0.001410 0.002103 0.003077 0.004417 0.006219 0.008590 0.011636 0.015461 0.020149 0.025751 0.032276 0.039671 0.047817 0.056519 0.065506 0.074446 0.082961 0.090649 0.097119 0.102022 0.105082 0.106123 0.105082 0.102022 0.097119 0.090649 0.082961 0.074446 0.065506 0.056519 0.047817 0.039671 0.032276 0.025751 0.020149 0.015461 0.011636 0.008590 0.006219 0.004417 0.003077 0.002103 0.001410 0.000927 0.000599 0.000379 0.000236 0.000144 0.000086 0.000050 0.000029 0.000016 0.000009 0.000005 0.000003 0.000001 0.000001 0.000000 0.000000 0.000000 0.000000 0.000000 0.000000 0.000000 0.000000 0.000000 0.000000 0.000000 0.000000 0.000000 0.000000 
0.000000 0.000000 0.000000 0.000000 0.000000 0.000000 0.000000 0.000000 0.000000 0.000000 0.000000 0.000000 0.000000 0.000000 0.000001 0.000001 0.000002 0.000005 0.000009 0.000016 0.000029 0.000050 0.000087 0.000149 0.000248 0.000407 0.000654 0.001032 0.001598 0.002427 0.003618 0.005289 0.007587 0.010676 0.014735 0.019950 0.026493 0.034507 0.044080 0.055224 0.067850 0.081752 0.096596 0.111924 0.127167 0.141681 0.154783 0.165808 0.174162 0.179376 0.181149 0.179376 0.174162 0.165808 0.154783 0.141681 0.127167 0.111924 0.096596 0.081752 0.067850 0.055224 0.044080 0.034507 0.026493 0.019950 0.014735 0.010676 0.007587 0.005289 0.003618 0.002427 0.001598 0.001032 0.000654 0.000407 0.000248 0.000149 0.000087 0.000050 0.000029 0.000016 0.000009 0.000005 0.000002 0.000001 0.000001 0.000000 0.000000 0.000000 0.000000 0.000000 0.000000 0.000000 0.000000 0.000000 0.000000 0.000000 0.000000 0.000000 
0.000000 0.000000 0.000000 0.000000 0.000000 0.000000 0.000000 0.000000 0.000000 0.000000 0.000000 0.000000 0.000000 0.000001 0.000001 0.000002 0.000004 0.000008 0.000015 0.000027 0.000049 0.000086 0.000149 0.000253 0.000422 0.000690 0.001109 0.001748 0.002703 0.004103 0.006110 0.008927 0.012796 0.017993 0.024820 0.033584 0.044574 0.058027 0.074091 0.092782 0.113951 0.137250 0.162119 0.187790 0.213315 0.237611 0.259541 0.277991 0.291970 0.300693 0.303659 0.300693 0.291970 0.277991 0.259541 0.237611 0.213315 0.187790 0.162119 0.137250 0.113951 0.092782 0.074091 0.058027 0.044574 0.033584 0.024820 0.017993 0.012796 0.008927 0.006110 0.004103 0.002703 0.001748 0.001109 0.000690 0.000422 0.000253 0.000149 0.000086 0.000049 0.000027 0.000015 0.000008 0.000004 0.000002 0.000001 0.000001 0.000000 0.000000 0.000000 0.000000 0.000000 0.000000 0.000000 0.000000 0.000000 0.000000 0.000000 0.000000 
0.000000 0.000000 0.000000 0.000000 0.000000 0.000000 0.000000 0.000000 0.000000 0.000000 0.000000 0.000000 0.000000 0.000001 0.000002 0.000004 0.000007 0.000013 0.000025 0.000045 0.000082 0.000144 0.000248 0.000422 0.000703 0.001149 0.001844 0.002904 0.004489 0.006807 0.010130 0.014790 0.021186 0.029773 0.041045 0.055508 0.073633 0.095810 0.122278 0.153062 0.187913 0.226256 0.267170 0.309392 0.351361 0.391303 0.427348 0.457669 0.480639 0.494972 0.499844 0.494972 0.480639 0.457669 0.427348 0.391303 0.351361 0.309392 0.267170 0.226256 0.187913 0.153062 0.122278 0.095810 0.073633 0.055508 0.041045 0.029773 0.021186 0.014790 0.010130 0.006807 0.004489 0.002904 0.001844 0.001149 0.000703 0.000422 0.000248 0.000144 0.000082 0.000045 0.000025 0.000013 0.000007 0.000004 0.000002 0.000001 0.000000 0.000000 0.000000 0.000000 0.000000 0.000000 0.000000 0.000000 0.000000 0.000000 0.000000 0.000000 
0.000000 0.000000 0.000000 0.000000 0.000000 0.000000 0.000000 0.000000 0.000000 0.000000 0.000000 0.000000 0.000001 0.000002 0.000003 0.000006 0.000012 0.000022 0.000041 0.000075 0.000134 0.000236 0.000407 0.000690 0.001149 0.001877 0.003010 0.004737 0.007316 0.011088 0.016488 0.024056 0.034437 0.048365 0.066639 0.090070 0.119422 0.155316 0.198136 0.247919 0.304255 0.366216 0.432311 0.500500 0.568263 0.632740 0.690915 0.739846 0.776910 0.800036 0.807897 0.800036 0.776910 0.739846 0.690915 0.632740 0.568263 0.500500 0.432311 0.366216 0.304255 0.247919 0.198136 0.155316 0.119422 0.090070 0.066639 0.048365 0.034437 0.024056 0.016488 0.011088 0.007316 0.004737 0.003010 0.001877 0.001149 0.000690 0.000407 0.000236 0.000134 0.000075 0.000041 0.000022 0.000012 0.000006 0.000003 0.000002 0.000001 0.000000 0.000000 0.000000 0.000000 0.000000 0.000000 0.000000 0.000000 0.000000 0.000000 0.000000 
0.000000 0.000000 0.000000 0.000000 0.000000 0.000000 0.000000 0.000000 0.000000 0.000000 0.000000 0.000001 0.000001 0.000002 0.000005 0.000010 0.000019 0.000036 0.000066 0.000120 0.000216 0.000379 0.000654 0.001109 0.001844 0.003010 0.004823 0.007585 0.011705 0.017726 0.026341 0.038409 0.054949 0.077128 0.106209 0.143480 0.190145 0.247184 0.315199 0.394241 0.483658 0.581968 0.686805 0.794934 0.902364 1.004563 1.096756 1.174290 1.233014 1.269653 1.282107 1.269653 1.233014 1.174290 1.096756 1.004563 0.902364 0.794934 0.686805 0.581968 0.483658 0.394241 0.315199 0.247184 0.190145 0.143480 0.106209 0.077128 0.054949 0.038409 0.026341 0.017726 0.011705 0.007585 0.004823 0.003010 0.001844 0.001109 0.000654 0.000379 0.000216 0.000120 0.000066 0.000036 0.000019 0.000010 0.000005 0.000002 0.000001 0.000001 0.000000 0.000000 0.000000 0.000000 0.000000 0.000000 0.000000 0.000000 0.000000 0.000000 
0.000000 0.000000 0.000000 0.000000 0.000000 0.000000 0.000000 0.000000 0.000000 0.000000 0.000000 0.000001 0.000002 0.000004 0.000008 0.000015 0.000030 0.000056 0.000105 0.000190 0.000341 0.000599 0.001032 0.001748 0.002904 0.004737 0.007585 0.011918 0.018379 0.027815 0.041307 0.060192 0.086063 0.120733 0.166167 0.224367 0.297200 0.386186 0.492251 0.615464 0.754799 0.907944 1.071209 1.239556 1.406777 1.565826 1.709280 1.829908 1.921262 1.978256 1.997628 1.978256 1.921262 1.829908 1.709280 1.565826 1.406777 1.239556 1.071209 0.907944 0.754799 0.615464 0.492251 0.386186 0.297200 0.224367 0.166167 0.120733 0.086063 0.060192 0.041307 0.027815 0.018379 0.011918 0.007585 0.004737 0.002904 0.001748 0.001032 0.000599 0.000341 0.000190 0.000105 0.000056 0.000030 0.000015 0.000008 0.000004 0.000002 0.000001 0.000000 0.000000 0.000000 0.000000 0.000000 0.000000 0.000000 0.000000 0.000000 0.000000 
0.000000 0.000000 0.000000 0.000000 0.000000 0.000000 0.000000 0.000000 0.000000 0.000000 0.000001 0.000001 0.000003 0.000006 0.000012 0.000024 0.000046 0.000088 0.000162 0.000296 0.000528 0.000927 0.001598 0.002703 0.004489 0.007316 0.011705 0.018379 0.028324 0.042837 0.063575 0.092587 0.132306 0.185504 0.255184 0.344398 0.455990 0.592274 0.754648 0.943205 1.156361 1.390572 1.640191 1.897515 2.153063 2.396076 2.615229 2.799486 2.939017 3.026060 3.055646 3.026060 2.939017 2.799486 2.615229 2.396076 2.153063 1.897515 1.640191 1.390572 1.156361 0.943205 0.754648 0.592274 0.455990 0.344398 0.255184 0.185504 0.132306 0.092587 0.063575 0.042837 0.028324 0.018379 0.011705 0.007316 0.004489 0.002703 0.001598 0.000927 0.000528 0.000296 0.000162 0.000088 0.000046 0.000024 0.000012 0.000006 0.000003 0.000001 0.000001 0.000000 0.000000 0.000000 0.000000 0.000000 0.000000 0.000000 0.000000 0.000000 
0.000000 0.000000 0.000000 0.000000 0.000000 0.000000 0.000000 0.000000 0.000000 0.000001 0.000001 0.000002 0.000005 0.000009 0.000019 0.000037 0.000071 0.000134 0.000248 0.000450 0.000804 0.001410 0.002427 0.004103 0.006807 0.011088 0.017726 0.027815 0.042837 0.064745 0.096032 0.139775 0.199628 0.279751 0.384646 0.518884 0.686720 0.891607 1.135625 1.418890 1.739006 2.090638 2.465302 2.851440 3.234833 3.599356 3.928039 4.204354 4.413577 4.544089 4.588448 4.544089 4.413577 4.204354 3.928039 3.599356 3.234833 2.851440 2.465302 2.090638 1.739006 1.418890 1.135625 0.891607 0.686720 0.518884 0.384646 0.279751 0.199628 0.139775 0.096032 0.064745 0.042837 0.027815 0.017726 0.011088 0.006807 0.004103 0.002427 0.001410 0.000804 0.000450 0.000248 0.000134 0.000071 0.000037 0.000019 0.000009 0.000005 0.000002 0.000001 0.000001 0.000000 0.000000 0.000000 0.000000 0.000000 0.000000 0.000000 0.000000 
0.000000 0.000000 0.000000 0.000000 0.000000 0.000000 0.000000 0.000000 0.000000 0.000001 0.000002 0.000003 0.000007 0.000014 0.000028 0.000055 0.000106 0.000200 0.000370 0.000673 0.001200 0.002103 0.003618 0.006110 0.010130 0.016488 0.026341 0.041307 0.063575 0.096032 0.142357 0.207088 0.295611 0.414056 0.569045 0.767301 1.015076 1.317428 1.677394 2.095115 2.567031 3.085262 3.637297 4.206110 4.770767 5.307540 5.791470 6.198251 6.506235 6.698343 6.763634 6.698343 6.506235 6.198251 5.791470 5.307540 4.770767 4.206110 3.637297 3.085262 2.567031 2.095115 1.677394 1.317428 1.015076 0.767301 0.569045 0.414056 0.295611 0.207088 0.142357 0.096032 0.063575 0.041307 0.026341 0.016488 0.010130 0.006110 0.003618 0.002103 0.001200 0.000673 0.000370 0.000200 0.000106 0.000055 0.000028 0.000014 0.000007 0.000003 0.000002 0.000001 0.000000 0.000000 0.000000 0.000000 0.000000 0.000000 0.000000 0.000000 
0.000000 0.000000 0.000000 0.000000 0.000000 0.000000 0.000000 0.000000 0.000001 0.000001 0.000002 0.000005 0.000010 0.000021 0.000042 0.000081 0.000156 0.000294 0.000543 0.000986 0.001758 0.003077 0.005289 0.008927 0.014790 0.024056 0.038409 0.060192 0.092587 0.139775 0.207088 0.301095 0.429592 0.601438 0.826203 1.113591 1.472615 1.910558 2.431770 3.036413 3.719301 4.469006 5.267422 6.089926 6.906267 7.682170 8.381594 8.969450 9.414495 9.692081 9.786422 9.692081 9.414495 8.969450 8.381594 7.682170 6.906267 6.089926 5.267422 4.469006 3.719301 3.036413 2.431770 1.910558 1.472615 1.113591 0.826203 0.601438 0.429592 0.301095 0.207088 0.139775 0.092587 0.060192 0.038409 0.024056 0.014790 0.008927 0.005289 0.003077 0.001758 0.000986 0.000543 0.000294 0.000156 0.000081 0.000042 0.000021 0.000010 0.000005 0.000002 0.000001 0.000001 0.000000 0.000000 0.000000 0.000000 0.000000 0.000000 0.000000 
0.000000 0.000000 0.000000 0.000000 0.000000 0.000000 0.000000 0.000000 0.000001 0.000002 0.000003 0.000007 0.000015 0.000030 0.000060 0.000117 0.000225 0.000423 0.000781 0.001417 0.002525 0.004417 0.007587 0.012796 0.021186 0.034437 0.054949 0.086063 0.132306 0.199628 0.295611 0.429592 0.612640 0.857327 1.177227 1.586090 2.096674 2.719269 3.459997 4.319032 5.288959 6.353518 7.486981 8.654404 9.812871 10.913782 11.906054 12.739958 13.371228 13.764948 13.898754 13.764948 13.371228 12.739958 11.906054 10.913782 9.812871 8.654404 7.486981 6.353518 5.288959 4.319032 3.459997 2.719269 2.096674 1.586090 1.177227 0.857327 0.612640 0.429592 0.295611 0.199628 0.132306 0.086063 0.054949 0.034437 0.021186 0.012796 0.007587 0.004417 0.002525 0.001417 0.000781 0.000423 0.000225 0.000117 0.000060 0.000030 0.000015 0.000007 0.000003 0.000002 0.000001 0.000000 0.000000 0.000000 0.000000 0.000000 0.000000 0.000000 
0.000000 0.000000 0.000000 0.000000 0.000000 0.000000 0.000000 0.000000 0.000001 0.000002 0.000005 0.000010 0.000021 0.000043 0.000085 0.000166 0.000318 0.000597 0.001102 0.001998 0.003558 0.006219 0.010676 0.017993 0.029773 0.048365 0.077128 0.120733 0.185504 0.279751 0.414056 0.601438 0.857327 1.199237 1.646062 2.216927 2.929560 3.798236 4.831414 6.029260 7.381375 8.865051 10.444417 12.070785 13.684402 15.217628 16.599384 17.760498 18.639404 19.187546 19.373829 19.187546 18.639404 17.760498 16.599384 15.217628 13.684402 12.070785 10.444417 8.865051 7.381375 6.029260 4.831414 3.798236 2.929560 2.216927 1.646062 1.199237 0.857327 0.601438 0.414056 0.279751 0.185504 0.120733 0.077128 0.048365 0.029773 0.017993 0.010676 0.006219 0.003558 0.001998 0.001102 0.000597 0.000318 0.000166 0.000085 0.000043 0.000021 0.000010 0.000005 0.000002 0.000001 0.000000 0.000000 0.000000 0.000000 0.000000 0.000000 0.000000 
0.000000 0.000000 0.000000 0.000000 0.000000 0.000000 0.000000 0.000001 0.000002 0.000003 0.000007 0.000014 0.000030 0.000060 0.000118 0.000230 0.000440 0.000827 0.001525 0.002764 0.004917 0.008590 0.014735 0.024820 0.041045 0.066639 0.106209 0.166167 0.255184 0.384646 0.569045 0.826203 1.177227 1.646062 2.258523 3.040721 4.016835 5.206309 6.620613 8.259881 10.109805 12.139263 14.299165 16.522939 18.728926 20.824721 22.713253 24.300075 25.501138 26.250163 26.504708 26.250163 25.501138 24.300075 22.713253 20.824721 18.728926 16.522939 14.299165 12.139263 10.109805 8.259881 6.620613 5.206309 4.016835 3.040721 2.258523 1.646062 1.177227 0.826203 0.569045 0.384646 0.255184 0.166167 0.106209 0.066639 0.041045 0.024820 0.014735 0.008590 0.004917 0.002764 0.001525 0.000827 0.000440 0.000230 0.000118 0.000060 0.000030 0.000014 0.000007 0.000003 0.000002 0.000001 0.000000 0.000000 0.000000 0.000000 0.000000 0.000000 
0.000000 0.000000 0.000000 0.000000 0.000000 0.000000 0.000000 0.000001 0.000002 0.000004 0.000009 0.000020 0.000040 0.000081 0.000161 0.000313 0.000599 0.001123 0.002071 0.003749 0.006665 0.011636 0.019950 0.033584 0.055508 0.090070 0.143480 0.224367 0.344398 0.518884 0.767301 1.113591 1.586090 2.216927 3.040721 4.092460 5.404517 7.002886 8.902843 11.104448 13.588386 16.312802 19.211770 22.195954 25.155820 27.967475 30.500798 32.629216 34.240109 35.244675 35.586055 35.244675 34.240109 32.629216 30.500798 27.967475 25.155820 22.195954 19.211770 16.312802 13.588386 11.104448 8.902843 7.002886 5.404517 4.092460 3.040721 2.216927 1.586090 1.113591 0.767301 0.518884 0.344398 0.224367 0.143480 0.090070 0.055508 0.033584 0.019950 0.011636 0.006665 0.003749 0.002071 0.001123 0.000599 0.000313 0.000161 0.000081 0.000040 0.000020 0.000009 0.000004 0.000002 0.000001 0.000000 0.000000 0.000000 0.000000 0.000000 0.000000 
0.000000 0.000000 0.000000 0.000000 0.000000 0.000000 0.000001 0.000001 0.000003 0.000006 0.000013 0.000026 0.000054 0.000109 0.000215 0.000418 0.000798 0.001496 0.002756 0.004987 0.008861 0.015461 0.026493 0.044574 0.073633 0.119422 0.190145 0.297200 0.455990 0.686720 1.015076 1.472615 2.096674 2.929560 4.016835 5.404517 7.135149 9.242839 11.747566 14.649257 17.922336 21.511571 25.330074 29.260189 33.157729 36.859655 40.194785 42.996629 45.117075 46.439349 46.888686 46.439349 45.117075 42.996629 40.194785 36.859655 33.157729 29.260189 25.330074 21.511571 17.922336 14.649257 11.747566 9.242839 7.135149 5.404517 4.016835 2.929560 2.096674 1.472615 1.015076 0.686720 0.455990 0.297200 0.190145 0.119422 0.073633 0.044574 0.026493 0.015461 0.008861 0.004987 0.002756 0.001496 0.000798 0.000418 0.000215 0.000109 0.000054 0.000026 0.000013 0.000006 0.000003 0.000001 0.000001 0.000000 0.000000 0.000000 0.000000 0.000000 
0.000000 0.000000 0.000000 0.000000 0.000000 0.000000 0.000001 0.000002 0.000004 0.000008 0.000017 0.000035 0.000071 0.000142 0.000281 0.000546 0.001043 0.001954 0.003598 0.006505 0.011553 0.020149 0.034507 0.058027 0.095810 0.155316 0.247184 0.386186 0.592274 0.891607 1.317428 1.910558 2.719269 3.798236 5.206309 7.002886 9.242839 11.970104 15.210331 18.963246 23.195625 27.835951 32.771852 37.851262 42.887908 47.671232 51.980205 55.599903 58.339149 60.047232 60.627665 60.047232 58.339149 55.599903 51.980205 47.671232 42.887908 37.851262 32.771852 27.835951 23.195625 18.963246 15.210331 11.970104 9.242839 7.002886 5.206309 3.798236 2.719269 1.910558 1.317428 0.891607 0.592274 0.386186 0.247184 0.155316 0.095810 0.058027 0.034507 0.020149 0.011553 0.006505 0.003598 0.001954 0.001043 0.000546 0.000281 0.000142 0.000071 0.000035 0.000017 0.000008 0.000004 0.000002 0.000001 0.000000 0.000000 0.000000 0.000000 0.000000 
0.000000 0.000000 0.000000 0.000000 0.000000 0.000000 0.000001 0.000002 0.000005 0.000010 0.000021 0.000044 0.000091 0.000183 0.000361 0.000701 0.001336 0.002503 0.004605 0.008323 0.014773 0.025751 0.044080 0.074091 0.122278 0.198136 0.315199 0.492251 0.754648 1.135625 1.677394 2.431770 3.459997 4.831414 6.620613 8.902843 11.747566 15.210331 19.323470 24.086422 29.456852 35.343899 41.604955 48.047150 54.434330 60.499626 65.962965 70.552054 74.024716 76.190052 76.925853 76.190052 74.024716 70.552054 65.962965 60.499626 54.434330 48.047150 41.604955 35.343899 29.456852 24.086422 19.323470 15.210331 11.747566 8.902843 6.620613 4.831414 3.459997 2.431770 1.677394 1.135625 0.754648 0.492251 0.315199 0.198136 0.122278 0.074091 0.044080 0.025751 0.014773 0.008323 0.004605 0.002503 0.001336 0.000701 0.000361 0.000183 0.000091 0.000044 0.000021 0.000010 0.000005 0.000002 0.000001 0.000000 0.000000 0.000000 0.000000 0.000000 
0.000000 0.000000 0.000000 0.000000 0.000000 0.000001 0.000001 0.000003 0.000006 0.000013 0.000027 0.000056 0.000114 0.000230 0.000454 0.000881 0.001679 0.003143 0.005780 0.010441 0.018524 0.032276 0.055224 0.092782 0.153062 0.247919 0.394241 0.615464 0.943205 1.418890 2.095115 3.036413 4.319032 6.029260 8.259881 11.104448 14.649257 18.963246 24.086422 30.017844 36.704598 44.033422 51.826728 59.844475 67.792860 75.339958 82.137490 87.846906 92.167135 94.860874 95.776217 94.860874 92.167135 87.846906 82.137490 75.339958 67.792860 59.844475 51.826728 44.033422 36.704598 30.017844 24.086422 18.963246 14.649257 11.104448 8.259881 6.029260 4.319032 3.036413 2.095115 1.418890 0.943205 0.615464 0.394241 0.247919 0.153062 0.092782 0.055224 0.032276 0.018524 0.010441 0.005780 0.003143 0.001679 0.000881 0.000454 0.000230 0.000114 0.000056 0.000027 0.000013 0.000006 0.000003 0.000001 0.000001 0.000000 0.000000 0.000000 0.000000 
0.000000 0.000000 0.000000 0.000000 0.000000 0.000001 0.000001 0.000003 0.000007 0.000016 0.000033 0.000069 0.000141 0.000284 0.000560 0.001085 0.002068 0.003870 0.007114 0.012845 0.022779 0.039671 0.067850 0.113951 0.187913 0.304255 0.483658 0.754799 1.156361 1.739006 2.567031 3.719301 5.288959 7.381375 10.109805 13.588386 17.922336 23.195625 29.456852 36.704598 44.873987 53.826504 63.345153 73.136786 82.842714 92.057812 100.357073 107.327419 112.601542 115.889955 117.007354 115.889955 112.601542 107.327419 100.357073 92.057812 82.842714 73.136786 63.345153 53.826504 44.873987 36.704598 29.456852 23.195625 17.922336 13.588386 10.109805 7.381375 5.288959 3.719301 2.567031 1.739006 1.156361 0.754799 0.483658 0.304255 0.187913 0.113951 0.067850 0.039671 0.022779 0.012845 0.007114 0.003870 0.002068 0.001085 0.000560 0.000284 0.000141 0.000069 0.000033 0.000016 0.000007 0.000003 0.000001 0.000001 0.000000 0.000000 0.000000 0.000000 
0.000000 0.000000 0.000000 0.000000 0.000000 0.000001 0.000002 0.000004 0.000009 0.000019 0.000040 0.000084 0.000171 0.000343 0.000677 0.001312 0.002498 0.004672 0.008585 0.015494 0.027467 0.047817 0.081752 0.137250 0.226256 0.366216 0.581968 0.907944 1.390572 2.090638 3.085262 4.469006 6.353518 8.865051 12.139263 16.312802 21.511571 27.835951 35.343899 44.033422 53.826504 64.556940 75.964581 87.698133 99.327903 110.368676 120.311507 128.661804 134.979818 138.918992 140.257500 138.918992 134.979818 128.661804 120.311507 110.368676 99.327903 87.698133 75.964581 64.556940 53.826504 44.033422 35.343899 27.835951 21.511571 16.312802 12.139263 8.865051 6.353518 4.469006 3.085262 2.090638 1.390572 0.907944 0.581968 0.366216 0.226256 0.137250 0.081752 0.047817 0.027467 0.015494 0.008585 0.004672 0.002498 0.001312 0.000677 0.000343 0.000171 0.000084 0.000040 0.000019 0.000009 0.000004 0.000002 0.000001 0.000000 0.000000 0.000000 0.000000 
0.000000 0.000000 0.000000 0.000000 0.000000 0.000001 0.000002 0.000005 0.000010 0.000023 0.000048 0.000099 0.000203 0.000407 0.000802 0.001554 0.002957 0.005530 0.010158 0.018327 0.032476 0.056519 0.096596 0.162119 0.267170 0.432311 0.686805 1.071209 1.640191 2.465302 3.637297 5.267422 7.486981 10.444417 14.299165 19.211770 25.330074 32.771852 41.604955 51.826728 63.345153 75.964581 89.378995 103.175343 116.848528 129.828299 141.516612 151.332351 158.758885 163.389092 164.962390 163.389092 158.758885 151.332351 141.516612 129.828299 116.848528 103.175343 89.378995 75.964581 63.345153 51.826728 41.604955 32.771852 25.330074 19.211770 14.299165 10.444417 7.486981 5.267422 3.637297 2.465302 1.640191 1.071209 0.686805 0.432311 0.267170 0.162119 0.096596 0.056519 0.032476 0.018327 0.010158 0.005530 0.002957 0.001554 0.000802 0.000407 0.000203 0.000099 0.000048 0.000023 0.000010 0.000005 0.000002 0.000001 0.000000 0.000000 0.000000 0.000000 
