0.000000 0.000000 0.000000 0.000000 0.000000 0.000000 0.000000 0.000000 0.000000 0.000000 0.000000 0.000000 0.000000 0.000000 0.000000 0.000000 0.000000 0.000000 0.000000 0.000000 0.000000 0.000000 0.000000 0.000000 0.000000 0.000000 0.000000 0.000000 0.000000 0.000000 0.000000 0.000000 0.000000 0.000000 0.000000 0.000000 0.000000 0.000000 0.000000 0.000000 0.000000 0.000000 0.000000 0.000000 0.000000 0.000000 0.000000 0.000000 0.000000 0.000000 0.000000 0.000000 0.000000 0.000000 0.000000 0.000000 0.000000 0.000000 0.000000 0.000000 0.000000 0.000000 0.000000 0.000000 0.000000 0.000000 0.000000 0.000000 0.000000 0.000000 0.000000 0.000000 0.000000 0.000000 0.000000 0.000000 0.000000 0.000000 0.000000 0.000000 0.000000 0.000000 0.000000 0.000000 0.000000 0.000000 0.000000 0.000000 0.000000 0.000000 0.000000 0.000000 0.000000 0.000000 0.000000 0.000000 0.000000 0.000000 0.000000 0.000000 
0.000000 0.000000 0.000000 0.000000 0.000000 0.000000 0.000000 0.000000 0.000000 0.000000 0.000000 0.000000 0.000000 0.000000 0.000000 0.000000 0.000000 0.000000 0.000000 0.000000 0.000000 0.000000 0.000000 0.000000 0.000000 0.000000 0.000000 0.000000 0.000000 0.000000 0.000000 0.000000 0.000000 0.000000 0.000000 0.000000 0.000000 0.000000 0.000000 0.000000 0.000000 0.000000 0.000000 0.000000 0.000000 0.000000 0.000000 0.000000 0.000000 0.000000 0.000000 0.000000 0.000000 0.000000 0.000000 0.000000 0.000000 0.000000 0.000000 0.000000 0.000000 0.000000 0.000000 0.000000 0.000000 0.000000 0.000000 0.000000 0.000000 0.000000 0.000000 0.000000 0.000000 0.000000 0.000000 0.000000 0.000000 0.000000 0.000000 0.000000 0.000000 0.000000 0.000000 0.000000 0.000000 0.000000 0.000000 0.000000 0.000000 0.000000 0.000000 0.000000 0.000000 0.000000 0.000000 0.000000 0.000000 0.000000 0.000000 0.000000 
0.000000 0.000000 0.000000 0.000000 0.000000 0.000000 0.000000 0.000000 0.000000 0.000000 0.000000 0.000000 0.000000 0.000000 0.000000 0.000000 0.000000 0.000000 0.000000 0.000000 0.000000 0.000000 0.000000 0.000000 0.000000 0.000000 0.000000 0.000000 0.000000 0.000000 0.000000 0.000000 0.000000 0.000000 0.000000 0.000000 0.000000 0.000000 0.000000 0.000000 0.000000 0.000000 0.000000 0.000000 0.000000 0.000000 0.000000 0.000000 0.000000 0.000000 0.000000 0.000000 0.000000 0.000000 0.000000 0.000000 0.000000 0.000000 0.000000 0.000000 0.000000 0.000000 0.000000 0.000000 0.000000 0.000000 0.000000 0.000000 0.000000 0.000000 0.000000 0.000000 0.000000 0.000000 0.000000 0.000000 0.000000 0.000000 0.000000 0.000000 0.000000 0.000000 0.000000 0.000000 0.000000 0.000000 0.000000 0.000000 0.000000 0.000000 0.000000 0.000000 0.000000 0.000000 0.000000 0.000000 0.000000 0.000000 0.000000 0.000000 
0.000000 0.000000 0.000000 0.000000 0.000000 0.000000 0.000000 0.000000 0.000000 0.000000 0.000000 0.000000 0.000000 0.000000 0.000000 0.000000 0.000000 0.000000 0.000000 0.000000 0.000000 0.000000 0.000000 0.000000 0.000000 0.000000 0.000000 0.000000 0.000000 0.000000 0.000000 0.000000 0.000000 0.000000 0.000000 0.000000 0.000000 0.000000 0.000000 0.000000 0.000000 0.000000 0.000000 0.000000 0.000000 0.000000 0.000000 0.000000 0.000000 0.000000 0.000000 0.000000 0.000000 0.000000 0.000000 0.000000 0.000000 0.000000 0.000000 0.000000 0.000000 0.000000 0.000000 0.000000 0.000000 0.000000 0.000000 0.000000 0.000000 0.000000 0.000000 0.000000 0.000000 0.000000 0.000000 0.000000 0.000000 0.000000 0.000000 0.000000 0.000000 0.000000 0.000000 0.000000 0.000000 0.000000 0.000000 0.000000 0.000000 0.000000 0.000000 0.000000 0.000000 0.000000 0.000000 0.000000 0.000000 0.000000 0.000000 0.000000 
0.000000 0.000000 0.000000 0.000000 0.000000 0.000000 0.000000 0.000000 0.000000 0.000000 0.000000 0.000000 0.000000 0.000000 0.000000 0.000000 0.000000 0.000000 0.000000 0.000000 0.000000 0.000000 0.000000 0.000000 0.000000 0.000000 0.000000 0.000000 0.000000 0.000000 0.000000 0.000000 0.000000 0.000000 0.000000 0.000000 0.000000 0.000000 0.000000 0.000000 0.000000 0.000000 0.000000 0.000000 0.000000 0.000000 0.000000 0.000000 0.000000 0.000000 0.000000 0.000000 0.000000 0.000000 0.000000 0.000000 0.000000 0.000000 0.000000 0.000000 0.000000 0.000000 0.000000 0.000000 0.000000 0.000000 0.000000 0.000000 0.000000 0.000000 0.000000 0.000000 0.000000 0.000000 0.000000 0.000000 0.000000 0.000000 0.000000 0.000000 0.000000 0.000000 0.000000 0.000000 0.000000 0.000000 0.000000 0.000000 0.000000 0.000000 0.000000 0.000000 0.000000 0.000000 0.000000 0.000000 0.000000 0.000000 0.000000 0.000000 
0.000000 0.000000 0.000000 0.000000 0.000000 0.000000 0.000000 0.000000 0.000000 0.000000 0.000000 0.000000 0.000000 0.000000 0.000000 0.000000 0.000000 0.000000 0.000000 0.000000 0.000000 0.000000 0.000000 0.000000 0.000000 0.000000 0.000000 0.000000 0.000000 0.000000 0.000000 0.000000 0.000000 0.000000 0.000000 0.000000 0.000000 0.000000 0.000000 0.000000 0.000000 0.000000 0.000000 0.000000 0.000000 0.000000 0.000000 0.000000 0.000000 0.000000 0.000000 0.000000 0.000000 0.000000 0.000000 0.000000 0.000000 0.000000 0.000000 0.000000 0.000000 0.000000 0.000000 0.000000 0.000000 0.000000 0.000000 0.000000 0.000000 0.000000 0.000000 0.000000 0.000000 0.000000 0.000000 0.000000 0.000000 0.000000 0.000000 0.000000 0.000000 0.000000 0.000000 0.000000 0.000000 0.000000 0.000000 0.000000 0.000000 0.000000 0.000000 0.000000 0.000000 0.000000 0.000000 0.000000 0.000000 0.000000 0.000000 0.000000 
0.000000 0.000000 0.000000 0.000000 0.000000 0.000000 0.000000 0.000000 0.000000 0.000000 0.000000 0.000000 0.000000 0.000000 0.000000 0.000000 0.000000 0.000000 0.000000 0.000000 0.000000 0.000000 0.000000 0.000000 0.000000 0.000000 0.000000 0.000000 0.000000 0.000000 0.000000 0.000000 0.000000 0.000000 0.000000 0.000000 0.000000 0.000000 0.000000 0.000000 0.000000 0.000000 0.000000 0.000000 0.000000 0.000000 0.000000 0.000000 0.000000 0.000000 0.000000 0.000000 0.000000 0.000000 0.000000 0.000000 0.000000 0.000000 0.000000 0.000000 0.000000 0.000000 0.000000 0.000000 0.000000 0.000000 0.000000 0.000000 0.000000 0.000000 0.000000 0.000000 0.000000 0.000000 0.000000 0.000000 0.000000 0.000000 0.000000 0.000000 0.000000 0.000000 0.000000 0.000000 0.000000 0.000000 0.000000 0.000000 0.000000 0.000000 0.000000 0.000000 0.000000 0.000000 0.000000 0.000000 0.000000 0.000000 0.000000 0.000000 
0.000000 0.000000 0.000000 0.000000 0.000000 0.000000 0.000000 0.000000 0.000000 0.000000 0.000000 0.000000 0.000000 0.000000 0.000000 0.000000 0.000000 0.000000 0.000000 0.000000 0.000000 0.000000 0.000000 0.000000 0.000000 0.000000 0.000000 0.000000 0.000000 0.000000 0.000000 0.000000 0.000000 0.000000 0.000000 0.000000 0.000000 0.000000 0.000000 0.000000 0.000000 0.000000 0.000000 0.000000 0.000000 0.000000 0.000000 0.000000 0.000000 0.000000 0.000000 0.000000 0.000000 0.000000 0.000000 0.000000 0.000000 0.000000 0.000000 0.000000 0.000000 0.000000 0.000000 0.000000 0.000000 0.000000 0.000000 0.000000 0.000000 0.000000 0.000000 0.000000 0.000000 0.000000 0.000000 0.000000 0.000000 0.000000 0.000000 0.000000 0.000000 0.000000 0.000000 0.000000 0.000000 0.000000 0.000000 0.000000 0.000000 0.000000 0.000000 0.000000 0.000000 0.000000 0.000000 0.000000 0.000000 0.000000 0.000000 0.000000 
0.000000 0.000000 0.000000 0.000000 0.000000 0.000000 0.000000 0.000000 0.000000 0.000000 0.000000 0.000000 0.000000 0.000000 0.000000 0.000000 0.000000 0.000000 0.000000 0.000000 0.000000 0.000000 0.000000 0.000000 0.000000 0.000000 0.000000 0.000000 0.000000 0.000000 0.000000 0.000000 0.000000 0.000000 0.000000 0.000000 0.000000 0.000000 0.000000 0.000000 0.000000 0.000000 0.000000 0.000000 0.000000 0.000000 0.000000 0.000000 0.000000 0.000000 0.000000 0.000000 0.000000 0.000000 0.000000 0.000000 0.000000 0.000000 0.000000 0.000000 0.000000 0.000000 0.000000 0.000000 0.000000 0.000000 0.000000 0.000000 0.000000 0.000000 0.000000 0.000000 0.000000 0.000000 0.000000 0.000000 0.000000 0.000000 0.000000 0.000000 0.000000 0.000000 0.000000 0.000000 0.000000 0.000000 0.000000 0.000000 0.000000 0.000000 0.000000 0.000000 0.000000 0.000000 0.000000 0.000000 0.000000 0.000000 0.000000 0.000000 
0.000000 0.000000 0.000000 0.000000 0.000000 0.000000 0.000000 0.000000 0.000000 0.000000 0.000000 0.000000 0.000000 0.000000 0.000000 0.000000 0.000000 0.000000 0.000000 0.000000 0.000000 0.000000 0.000000 0.000000 0.000000 0.000000 0.000000 0.000000 0.000000 0.000000 0.000000 0.000000 0.000000 0.000000 0.000000 0.000000 0.000000 0.000000 0.000000 0.000000 0.000000 0.000000 0.000001 0.000001 0.000001 0.000001 0.000001 0.000001 0.000001 0.000001 0.000001 0.000001 0.000001 0.000001 0.000001 0.000001 0.000001 0.000001 0.000001 0.000000 0.000000 0.000000 0.000000 0.000000 0.000000 0.000000 0.000000 0.000000 0.000000 0.000000 0.000000 0.000000 0.000000 0.000000 0.000000 0.000000 0.000000 0.000000 0.000000 0.000000 0.000000 0.000000 0.000000 0.000000 0.000000 0.000000 0.000000 0.000000 0.000000 0.000000 0.000000 0.000000 0.000000 0.000000 0.000000 0.000000 0.000000 0.000000 0.000000 0.000000 
0.000000 0.000000 0.000000 0.000000 0.000000 0.000000 0.000000 0.000000 0.000000 0.000000 0.000000 0.000000 0.000000 0.000000 0.000000 0.000000 0.000000 0.000000 0.000000 0.000000 0.000000 0.000000 0.000000 0.000000 0.000000 0.000000 0.000000 0.000000 0.000000 0.000000 0.000000 0.000000 0.000000 0.000000 0.000000 0.000000 0.000000 0.000000 0.000000 0.000001 0.000001 0.000001 0.000001 0.000002 0.000002 0.000002 0.000002 0.000003 0.000003 0.000003 0.000003 0.000003 0.000003 0.000003 0.000002 0.000002 0.000002 0.000002 0.000001 0.000001 0.000001 0.000001 0.000000 0.000000 0.000000 0.000000 0.000000 0.000000 0.000000 0.000000 0.000000 0.000000 0.000000 0.000000 0.000000 0.000000 0.000000 0.000000 0.000000 0.000000 0.000000 0.000000 0.000000 0.000000 0.000000 0.000000 0.000000 0.000000 0.000000 0.000000 0.000000 0.000000 0.000000 0.000000 0.000000 0.000000 0.000000 0.000000 0.000000 0.000000 
0.000000 0.000000 0.000000 0.000000 0.000000 0.000000 0.000000 0.000000 0.000000 0.000000 0.000000 0.000000 0.000000 0.000000 0.000000 0.000000 0.000000 0.000000 0.000000 0.000000 0.000000 0.000000 0.000000 0.000000 0.000000 0.000000 0.000000 0.000000 0.000000 0.000000 0.000000 0.000000 0.000000 0.000000 0.000000 0.000000 0.000001 0.000001 0.000001 0.000002 0.000002 0.000003 0.000003 0.000004 0.000005 0.000005 0.000006 0.000007 0.000007 0.000007 0.000007 0.000007 0.000007 0.000007 0.000006 0.000005 0.000005 0.000004 0.000003 0.000003 0.000002 0.000002 0.000001 0.000001 0.000001 0.000000 0.000000 0.000000 0.000000 0.000000 0.000000 0.000000 0.000000 0.000000 0.000000 0.000000 0.000000 0.000000 0.000000 0.000000 0.000000 0.000000 0.000000 0.000000 0.000000 0.000000 0.000000 0.000000 0.000000 0.000000 0.000000 0.000000 0.000000 0.000000 0.000000 0.000000 0.000000 0.000000 0.000000 0.000000 
0.000000 0.000000 0.000000 0.000000 0.000000 0.000000 0.000000 0.000000 0.000000 0.000000 0.000000 0.000000 0.000000 0.000000 0.000000 0.000000 0.000000 0.000000 0.000000 0.000000 0.000000 0.000000 0.000000 0.000000 0.000000 0.000000 0.000000 0.000000 0.000000 0.000000 0.000000 0.000000 0.000000 0.000000 0.000001 0.000001 0.000001 0.000002 0.000003 0.000004 0.000005 0.000006 0.000008 0.000009 0.000011 0.000013 0.000014 0.000016 0.000017 0.000017 0.000018 0.000017 0.000017 0.000016 0.000014 0.000013 0.000011 0.000009 0.000008 0.000006 0.000005 0.000004 0.000003 0.000002 0.000001 0.000001 0.000001 0.000000 0.000000 0.000000 0.000000 0.000000 0.000000 0.000000 0.000000 0.000000 0.000000 0.000000 0.000000 0.000000 0.000000 0.000000 0.000000 0.000000 0.000000 0.000000 0.000000 0.000000 0.000000 0.000000 0.000000 0.000000 0.000000 0.000000 0.000000 0.000000 0.000000 0.000000 0.000000 0.000000 
0.000000 0.000000 0.000000 0.000000 0.000000 0.000000 0.000000 0.000000 0.000000 0.000000 0.000000 0.000000 0.000000 0.000000 0.000000 0.000000 0.000000 0.000000 0.000000 0.000000 0.000000 0.000000 0.000000 0.000000 0.000000 0.000000 0.000000 0.000000 0.000000 0.000000 0.000000 0.000000 0.000001 0.000001 0.000002 0.000002 0.000003 0.000005 0.000007 0.000009 0.000012 0.000015 0.000018 0.000022 0.000026 0.000030 0.000034 0.000037 0.000040 0.000041 0.000042 0.000041 0.000040 0.000037 0.000034 0.000030 0.000026 0.000022 0.000018 0.000015 0.000012 0.000009 0.000007 0.000005 0.000003 0.000002 0.000002 0.000001 0.000001 0.000000 0.000000 0.000000 0.000000 0.000000 0.000000 0.000000 0.000000 0.000000 0.000000 0.000000 0.000000 0.000000 0.000000 0.000000 0.000000 0.000000 0.000000 0.000000 0.000000 0.000000 0.000000 0.000000 0.000000 0.000000 0.000000 0.000000 0.000000 0.000000 0.000000 0.000000 
0.000000 0.000000 0.000000 0.000000 0.000000 0.000000 0.000000 0.000000 0.000000 0.000000 0.000000 0.000000 0.000000 0.000000 0.000000 0.000000 0.000000 0.000000 0.000000 0.000000 0.000000 0.000000 0.000000 0.000000 0.000000 0.000000 0.000000 0.000000 0.000000 0.000000 0.000001 0.000001 0.000002 0.000002 0.000004 0.000005 0.000008 0.000011 0.000015 0.000020 0.000027 0.000034 0.000042 0.000051 0.000061 0.000070 0.000079 0.000086 0.000092 0.000095 0.000096 0.000095 0.000092 0.000086 0.000079 0.000070 0.000061 0.000051 0.000042 0.000034 0.000027 0.000020 0.000015 0.000011 0.000008 0.000005 0.000004 0.000002 0.000002 0.000001 0.000001 0.000000 0.000000 0.000000 0.000000 0.000000 0.000000 0.000000 0.000000 0.000000 0.000000 0.000000 0.000000 0.000000 0.000000 0.000000 0.000000 0.000000 0.000000 0.000000 0.000000 0.000000 0.000000 0.000000 0.000000 0.000000 0.000000 0.000000 0.000000 0.000000 
0.000000 0.000000 0.000000 0.000000 0.000000 0.000000 0.000000 0.000000 0.000000 0.000000 0.000000 0.000000 0.000000 0.000000 0.000000 0.000000 0.000000 0.000000 0.000000 0.000000 0.000000 0.000000 0.000000 0.000000 0.000000 0.000000 0.000000 0.000000 0.000000 0.000001 0.000001 0.000002 0.000004 0.000005 0.000008 0.000012 0.000018 0.000025 0.000035 0.000046 0.000061 0.000077 0.000096 0.000116 0.000138 0.000158 0.000178 0.000194 0.000207 0.000215 0.000218 0.000215 0.000207 0.000194 0.000178 0.000158 0.000138 0.000116 0.000096 0.000077 0.000061 0.000046 0.000035 0.000025 0.000018 0.000012 0.000008 0.000005 0.000004 0.000002 0.000001 0.000001 0.000000 0.000000 0.000000 0.000000 0.000000 0.000000 0.000000 0.000000 0.000000 0.000000 0.000000 0.000000 0.000000 0.000000 0.000000 0.000000 0.000000 0.000000 0.000000 0.000000 0.000000 0.000000 0.000000 0.000000 0.000000 0.000000 0.000000 0.000000 
0.000000 0.000000 0.000000 0.000000 0.000000 0.000000 0.000000 0.000000 0.000000 0.000000 0.000000 0.000000 0.000000 0.000000 0.000000 0.000000 0.000000 0.000000 0.000000 0.000000 0.000000 0.000000 0.000000 0.000000 0.000000 0.000000 0.000000 0.000001 0.000001 0.000002 0.000003 0.000005 0.000008 0.000012 0.000019 0.000028 0.000040 0.000056 0.000077 0.000103 0.000135 0.000172 0.000213 0.000258 0.000305 0.000351 0.000394 0.000431 0.000459 0.000477 0.000483 0.000477 0.000459 0.000431 0.000394 0.000351 0.000305 0.000258 0.000213 0.000172 0.000135 0.000103 0.000077 0.000056 0.000040 0.000028 0.000019 0.000012 0.000008 0.000005 0.000003 0.000002 0.000001 0.000001 0.000000 0.000000 0.000000 0.000000 0.000000 0.000000 0.000000 0.000000 0.000000 0.000000 0.000000 0.000000 0.000000 0.000000 0.000000 0.000000 0.000000 0.000000 0.000000 0.000000 0.000000 0.000000 0.000000 0.000000 0.000000 0.000000 
0.000000 0.000000 0.000000 0.000000 0.000000 0.000000 0.000000 0.000000 0.000000 0.000000 0.000000 0.000000 0.000000 0.000000 0.000000 0.000000 0.000000 0.000000 0.000000 0.000000 0.000000 0.000000 0.000000 0.000000 0.000000 0.000000 0.000001 0.000001 0.000002 0.000004 0.000007 0.000011 0.000017 0.000027 0.000041 0.000060 0.000087 0.000123 0.000168 0.000225 0.000294 0.000374 0.000464 0.000561 0.000662 0.000761 0.000854 0.000933 0.000994 0.001033 0.001046 0.001033 0.000994 0.000933 0.000854 0.000761 0.000662 0.000561 0.000464 0.000374 0.000294 0.000225 0.000168 0.000123 0.000087 0.000060 0.000041 0.000027 0.000017 0.000011 0.000007 0.000004 0.000002 0.000001 0.000001 0.000000 0.000000 0.000000 0.000000 0.000000 0.000000 0.000000 0.000000 0.000000 0.000000 0.000000 0.000000 0.000000 0.000000 0.000000 0.000000 0.000000 0.000000 0.000000 0.000000 0.000000 0.000000 0.000000 0.000000 0.000000 
0.000000 0.000000 0.000000 0.000000 0.000000 0.000000 0.000000 0.000000 0.000000 0.000000 0.000000 0.000000 0.000000 0.000000 0.000000 0.000000 0.000000 0.000000 0.000000 0.000000 0.000000 0.000000 0.000000 0.000000 0.000000 0.000001 0.000002 0.000003 0.000005 0.000009 0.000014 0.000024 0.000037 0.000058 0.000088 0.000129 0.000186 0.000262 0.000359 0.000480 0.000626 0.000795 0.000986 0.001192 0.001406 0.001616 0.001811 0.001979 0.002109 0.002191 0.002219 0.002191 0.002109 0.001979 0.001811 0.001616 0.001406 0.001192 0.000986 0.000795 0.000626 0.000480 0.000359 0.000262 0.000186 0.000129 0.000088 0.000058 0.000037 0.000024 0.000014 0.000009 0.000005 0.000003 0.000002 0.000001 0.000000 0.000000 0.000000 0.000000 0.000000 0.000000 0.000000 0.000000 0.000000 0.000000 0.000000 0.000000 0.000000 0.000000 0.000000 0.000000 0.000000 0.000000 0.000000 0.000000 0.000000 0.000000 0.000000 0.000000 
0.000000 0.000000 0.000000 0.000000 0.000000 0.000000 0.000000 0.000000 0.000000 0.000000 0.000000 0.000000 0.000000 0.000000 0.000000 0.000000 0.000000 0.000000 0.000000 0.000000 0.000000 0.000000 0.000000 0.000001 0.000001 0.000002 0.000003 0.000006 0.000011 0.000018 0.000030 0.000050 0.000079 0.000122 0.000184 0.000271 0.000390 0.000547 0.000749 0.001001 0.001304 0.001656 0.002052 0.002479 0.002921 0.003357 0.003761 0.004109 0.004377 0.004546 0.004604 0.004546 0.004377 0.004109 0.003761 0.003357 0.002921 0.002479 0.002052 0.001656 0.001304 0.001001 0.000749 0.000547 0.000390 0.000271 0.000184 0.000122 0.000079 0.000050 0.000030 0.000018 0.000011 0.000006 0.000003 0.000002 0.000001 0.000001 0.000000 0.000000 0.000000 0.000000 0.000000 0.000000 0.000000 0.000000 0.000000 0.000000 0.000000 0.000000 0.000000 0.000000 0.000000 0.000000 0.000000 0.000000 0.000000 0.000000 0.000000 0.000000 
0.000000 0.000000 0.000000 0.000000 0.000000 0.000000 0.000000 0.000000 0.000000 0.000000 0.000000 0.000000 0.000000 0.000000 0.000000 0.000000 0.000000 0.000000 0.000000 0.000000 0.000000 0.000000 0.000001 0.000001 0.000002 0.000004 0.000007 0.000013 0.000022 0.000038 0.000063 0.000102 0.000162 0.000250 0.000377 0.000556 0.000798 0.001119 0.001530 0.002042 0.002657 0.003373 0.004176 0.005043 0.005939 0.006821 0.007640 0.008344 0.008886 0.009229 0.009346 0.009229 0.008886 0.008344 0.007640 0.006821 0.005939 0.005043 0.004176 0.003373 0.002657 0.002042 0.001530 0.001119 0.000798 0.000556 0.000377 0.000250 0.000162 0.000102 0.000063 0.000038 0.000022 0.000013 0.000007 0.000004 0.000002 0.000001 0.000001 0.000000 0.000000 0.000000 0.000000 0.000000 0.000000 0.000000 0.000000 0.000000 0.000000 0.000000 0.000000 0.000000 0.000000 0.000000 0.000000 0.000000 0.000000 0.000000 0.000000 0.000000 
0.000000 0.000000 0.000000 0.000000 0.000000 0.000000 0.000000 0.000000 0.000000 0.000000 0.000000 0.000000 0.000000 0.000000 0.000000 0.000000 0.000000 0.000000 0.000000 0.000000 0.000000 0.000001 0.000001 0.000002 0.000004 0.000008 0.000014 0.000026 0.000045 0.000076 0.000127 0.000206 0.000325 0.000502 0.000757 0.001113 0.001597 0.002237 0.003056 0.004074 0.005298 0.006720 0.008315 0.010035 0.011811 0.013560 0.015181 0.016576 0.017651 0.018329 0.018560 0.018329 0.017651 0.016576 0.015181 0.013560 0.011811 0.010035 0.008315 0.006720 0.005298 0.004074 0.003056 0.002237 0.001597 0.001113 0.000757 0.000502 0.000325 0.000206 0.000127 0.000076 0.000045 0.000026 0.000014 0.000008 0.000004 0.000002 0.000001 0.000001 0.000000 0.000000 0.000000 0.000000 0.000000 0.000000 0.000000 0.000000 0.000000 0.000000 0.000000 0.000000 0.000000 0.000000 0.000000 0.000000 0.000000 0.000000 0.000000 0.000000 
0.000000 0.000000 0.000000 0.000000 0.000000 0.000000 0.000000 0.000000 0.000000 0.000000 0.000000 0.000000 0.000000 0.000000 0.000000 0.000000 0.000000 0.000000 0.000000 0.000000 0.000001 0.000001 0.000002 0.000004 0.000008 0.000016 0.000029 0.000051 0.000089 0.000151 0.000250 0.000405 0.000639 0.000986 0.001484 0.002181 0.003126 0.004373 0.005970 0.007951 0.010330 0.013095 0.016192 0.019530 0.022977 0.026367 0.029510 0.032213 0.034294 0.035607 0.036056 0.035607 0.034294 0.032213 0.029510 0.026367 0.022977 0.019530 0.016192 0.013095 0.010330 0.007951 0.005970 0.004373 0.003126 0.002181 0.001484 0.000986 0.000639 0.000405 0.000250 0.000151 0.000089 0.000051 0.000029 0.000016 0.000008 0.000004 0.000002 0.000001 0.000001 0.000000 0.000000 0.000000 0.000000 0.000000 0.000000 0.000000 0.000000 0.000000 0.000000 0.000000 0.000000 0.000000 0.000000 0.000000 0.000000 0.000000 0.000000 0.000000 
0.000000 0.000000 0.000000 0.000000 0.000000 0.000000 0.000000 0.000000 0.000000 0.000000 0.000000 0.000000 0.000000 0.000000 0.000000 0.000000 0.000000 0.000000 0.000000 0.000001 0.000001 0.000002 0.000004 0.000009 0.000016 0.000031 0.000056 0.000099 0.000172 0.000291 0.000482 0.000779 0.001230 0.001894 0.002847 0.004178 0.005983 0.008361 0.011403 0.015174 0.019701 0.024955 0.030838 0.037176 0.043716 0.050145 0.056105 0.061228 0.065172 0.067660 0.068510 0.067660 0.065172 0.061228 0.056105 0.050145 0.043716 0.037176 0.030838 0.024955 0.019701 0.015174 0.011403 0.008361 0.005983 0.004178 0.002847 0.001894 0.001230 0.000779 0.000482 0.000291 0.000172 0.000099 0.000056 0.000031 0.000016 0.000009 0.000004 0.000002 0.000001 0.000001 0.000000 0.000000 0.000000 0.000000 0.000000 0.000000 0.000000 0.000000 0.000000 0.000000 0.000000 0.000000 0.000000 0.000000 0.000000 0.000000 0.000000 0.000000 
0.000000 0.000000 0.000000 0.000000 0.000000 0.000000 0.000000 0.000000 0.000000 0.000000 0.000000 0.000000 0.000000 0.000000 0.000000 0.000000 0.000000 0.000000 0.000000 0.000001 0.000002 0.000004 0.000008 0.000016 0.000031 0.000058 0.000106 0.000188 0.000325 0.000550 0.000909 0.001467 0.002311 0.003555 0.005338 0.007825 0.011195 0.015631 0.021298 0.028318 0.036740 0.046507 0.057436 0.069202 0.081340 0.093266 0.104317 0.113814 0.121123 0.125733 0.127309 0.125733 0.121123 0.113814 0.104317 0.093266 0.081340 0.069202 0.057436 0.046507 0.036740 0.028318 0.021298 0.015631 0.011195 0.007825 0.005338 0.003555 0.002311 0.001467 0.000909 0.000550 0.000325 0.000188 0.000106 0.000058 0.000031 0.000016 0.000008 0.000004 0.000002 0.000001 0.000000 0.000000 0.000000 0.000000 0.000000 0.000000 0.000000 0.000000 0.000000 0.000000 0.000000 0.000000 0.000000 0.000000 0.000000 0.000000 0.000000 0.000000 
0.000000 0.000000 0.000000 0.000000 0.000000 0.000000 0.000000 0.000000 0.000000 0.000000 0.000000 0.000000 0.000000 0.000000 0.000000 0.000000 0.000000 0.000000 0.000001 0.000002 0.000004 0.000008 0.000016 0.000031 0.000058 0.000108 0.000196 0.000347 0.000600 0.001014 0.001674 0.002698 0.004246 0.006524 0.009786 0.014329 0.020479 0.028568 0.038893 0.051672 0.066991 0.084745 0.104600 0.125963 0.147991 0.169624 0.189665 0.206881 0.220131 0.228486 0.231341 0.228486 0.220131 0.206881 0.189665 0.169624 0.147991 0.125963 0.104600 0.084745 0.066991 0.051672 0.038893 0.028568 0.020479 0.014329 0.009786 0.006524 0.004246 0.002698 0.001674 0.001014 0.000600 0.000347 0.000196 0.000108 0.000058 0.000031 0.000016 0.000008 0.000004 0.000002 0.000001 0.000000 0.000000 0.000000 0.000000 0.000000 0.000000 0.000000 0.000000 0.000000 0.000000 0.000000 0.000000 0.000000 0.000000 0.000000 0.000000 0.000000 
0.000000 0.000000 0.000000 0.000000 0.000000 0.000000 0.000000 0.000000 0.000000 0.000000 0.000000 0.000000 0.000000 0.000000 0.000000 0.000000 0.000000 0.000001 0.000002 0.000003 0.000007 0.000014 0.000029 0.000056 0.000106 0.000196 0.000355 0.000627 0.001083 0.001828 0.003014 0.004851 0.007625 0.011702 0.017533 0.025648 0.036622 0.051042 0.069432 0.092177 0.119421 0.150976 0.186244 0.224172 0.263261 0.301635 0.337173 0.367693 0.391177 0.405984 0.411043 0.405984 0.391177 0.367693 0.337173 0.301635 0.263261 0.224172 0.186244 0.150976 0.119421 0.092177 0.069432 0.051042 0.036622 0.025648 0.017533 0.011702 0.007625 0.004851 0.003014 0.001828 0.001083 0.000627 0.000355 0.000196 0.000106 0.000056 0.000029 0.000014 0.000007 0.000003 0.000002 0.000001 0.000000 0.000000 0.000000 0.000000 0.000000 0.000000 0.000000 0.000000 0.000000 0.000000 0.000000 0.000000 0.000000 0.000000 0.000000 0.000000 
0.000000 0.000000 0.000000 0.000000 0.000000 0.000000 0.000000 0.000000 0.000000 0.000000 0.000000 0.000000 0.000000 0.000000 0.000000 0.000000 0.000001 0.000001 0.000003 0.000006 0.000013 0.000026 0.000051 0.000099 0.000188 0.000347 0.000627 0.001107 0.001911 0.003220 0.005301 0.008522 0.013380 0.020513 0.030705 0.044870 0.064012 0.089141 0.121164 0.160738 0.208108 0.262940 0.324188 0.390023 0.457844 0.524398 0.586013 0.638916 0.679614 0.705272 0.714038 0.705272 0.679614 0.638916 0.586013 0.524398 0.457844 0.390023 0.324188 0.262940 0.208108 0.160738 0.121164 0.089141 0.064012 0.044870 0.030705 0.020513 0.013380 0.008522 0.005301 0.003220 0.001911 0.001107 0.000627 0.000347 0.000188 0.000099 0.000051 0.000026 0.000013 0.000006 0.000003 0.000001 0.000001 0.000000 0.000000 0.000000 0.000000 0.000000 0.000000 0.000000 0.000000 0.000000 0.000000 0.000000 0.000000 0.000000 0.000000 0.000000 
0.000000 0.000000 0.000000 0.000000 0.000000 0.000000 0.000000 0.000000 0.000000 0.000000 0.000000 0.000000 0.000000 0.000000 0.000000 0.000000 0.000001 0.000002 0.000005 0.000011 0.000022 0.000045 0.000089 0.000172 0.000325 0.000600 0.001083 0.001911 0.003292 0.005542 0.009111 0.014631 0.022946 0.035140 0.052547 0.076719 0.109352 0.152156 0.206661 0.273970 0.354484 0.447625 0.551609 0.663327 0.778364 0.891212 0.995653 1.085307 1.154264 1.197731 1.212582 1.197731 1.154264 1.085307 0.995653 0.891212 0.778364 0.663327 0.551609 0.447625 0.354484 0.273970 0.206661 0.152156 0.109352 0.076719 0.052547 0.035140 0.022946 0.014631 0.009111 0.005542 0.003292 0.001911 0.001083 0.000600 0.000325 0.000172 0.000089 0.000045 0.000022 0.000011 0.000005 0.000002 0.000001 0.000000 0.000000 0.000000 0.000000 0.000000 0.000000 0.000000 0.000000 0.000000 0.000000 0.000000 0.000000 0.000000 0.000000 0.000000 
0.000000 0.000000 0.000000 0.000000 0.000000 0.000000 0.000000 0.000000 0.000000 0.000000 0.000000 0.000000 0.000000 0.000000 0.000000 0.000001 0.000002 0.000004 0.000009 0.000018 0.000038 0.000076 0.000151 0.000291 0.000550 0.001014 0.001828 0.003220 0.005542 0.009316 0.015300 0.024541 0.038447 0.058821 0.087875 0.128184 0.182556 0.253817 0.344489 0.456386 0.590149 0.744801 0.917367 1.102680 1.293424 1.480472 1.653535 1.802060 1.916278 1.988267 2.012861 1.988267 1.916278 1.802060 1.653535 1.480472 1.293424 1.102680 0.917367 0.744801 0.590149 0.456386 0.344489 0.253817 0.182556 0.128184 0.087875 0.058821 0.038447 0.024541 0.015300 0.009316 0.005542 0.003220 0.001828 0.001014 0.000550 0.000291 0.000151 0.000076 0.000038 0.000018 0.000009 0.000004 0.000002 0.000001 0.000000 0.000000 0.000000 0.000000 0.000000 0.000000 0.000000 0.000000 0.000000 0.000000 0.000000 0.000000 0.000000 0.000000 
0.000000 0.000000 0.000000 0.000000 0.000000 0.000000 0.000000 0.000000 0.000000 0.000000 0.000000 0.000000 0.000000 0.000000 0.000001 0.000001 0.000003 0.000007 0.000014 0.000030 0.000063 0.000127 0.000250 0.000482 0.000909 0.001674 0.003014 0.005301 0.009111 0.015300 0.025097 0.040215 0.062938 0.096199 0.143586 0.209272 0.297801 0.413740 0.561156 0.742958 0.960157 1.211133 1.491043 1.791496 2.100633 2.403680 2.683992 2.924506 3.109433 3.225975 3.265789 3.225975 3.109433 2.924506 2.683992 2.403680 2.100633 1.791496 1.491043 1.211133 0.960157 0.742958 0.561156 0.413740 0.297801 0.209272 0.143586 0.096199 0.062938 0.040215 0.025097 0.015300 0.009111 0.005301 0.003014 0.001674 0.000909 0.000482 0.000250 0.000127 0.000063 0.000030 0.000014 0.000007 0.000003 0.000001 0.000001 0.000000 0.000000 0.000000 0.000000 0.000000 0.000000 0.000000 0.000000 0.000000 0.000000 0.000000 0.000000 0.000000 
0.000000 0.000000 0.000000 0.000000 0.000000 0.000000 0.000000 0.000000 0.000000 0.000000 0.000000 0.000000 0.000000 0.000000 0.000001 0.000002 0.000005 0.000011 0.000024 0.000050 0.000102 0.000206 0.000405 0.000779 0.001467 0.002698 0.004851 0.008522 0.014631 0.024541 0.040215 0.064374 0.100651 0.153701 0.229217 0.333804 0.474654 0.658978 0.893185 1.181841 1.526500 1.924548 2.368275 2.844366 3.334037 3.813908 4.257663 4.638331 4.930976 5.115383 5.178377 5.115383 4.930976 4.638331 4.257663 3.813908 3.334037 2.844366 2.368275 1.924548 1.526500 1.181841 0.893185 0.658978 0.474654 0.333804 0.229217 0.153701 0.100651 0.064374 0.040215 0.024541 0.014631 0.008522 0.004851 0.002698 0.001467 0.000779 0.000405 0.000206 0.000102 0.000050 0.000024 0.000011 0.000005 0.000002 0.000001 0.000000 0.000000 0.000000 0.000000 0.000000 0.000000 0.000000 0.000000 0.000000 0.000000 0.000000 0.000000 0.000000 
0.000000 0.000000 0.000000 0.000000 0.000000 0.000000 0.000000 0.000000 0.000000 0.000000 0.000000 0.000000 0.000000 0.000001 0.000002 0.000004 0.000008 0.000017 0.000037 0.000079 0.000162 0.000325 0.000639 0.001230 0.002311 0.004246 0.007625 0.013380 0.022946 0.038447 0.062938 0.100651 0.157228 0.239890 0.357458 0.520159 0.739109 1.025440 1.389023 1.836865 2.371300 2.988213 3.675610 4.412850 5.170850 5.913459 6.600002 7.188826 7.641424 7.926596 8.024006 7.926596 7.641424 7.188826 6.600002 5.913459 5.170850 4.412850 3.675610 2.988213 2.371300 1.836865 1.389023 1.025440 0.739109 0.520159 0.357458 0.239890 0.157228 0.100651 0.062938 0.038447 0.022946 0.013380 0.007625 0.004246 0.002311 0.001230 0.000639 0.000325 0.000162 0.000079 0.000037 0.000017 0.000008 0.000004 0.000002 0.000001 0.000000 0.000000 0.000000 0.000000 0.000000 0.000000 0.000000 0.000000 0.000000 0.000000 0.000000 0.000000 
0.000000 0.000000 0.000000 0.000000 0.000000 0.000000 0.000000 0.000000 0.000000 0.000000 0.000000 0.000000 0.000000 0.000001 0.000002 0.000005 0.000012 0.000027 0.000058 0.000122 0.000250 0.000502 0.000986 0.001894 0.003555 0.006524 0.011702 0.020513 0.035140 0.058821 0.096199 0.153701 0.239890 0.365710 0.544520 0.791785 1.124300 1.558859 2.110324 2.789204 3.598926 4.533169 5.573707 6.689269 7.835863 8.958854 9.996814 10.886867 11.570906 12.001862 12.149063 12.001862 11.570906 10.886867 9.996814 8.958854 7.835863 6.689269 5.573707 4.533169 3.598926 2.789204 2.110324 1.558859 1.124300 0.791785 0.544520 0.365710 0.239890 0.153701 0.096199 0.058821 0.035140 0.020513 0.011702 0.006524 0.003555 0.001894 0.000986 0.000502 0.000250 0.000122 0.000058 0.000027 0.000012 0.000005 0.000002 0.000001 0.000000 0.000000 0.000000 0.000000 0.000000 0.000000 0.000000 0.000000 0.000000 0.000000 0.000000 0.000000 
0.000000 0.000000 0.000000 0.000000 0.000000 0.000000 0.000000 0.000000 0.000000 0.000000 0.000000 0.000000 0.000001 0.000002 0.000004 0.000008 0.000019 0.000041 0.000088 0.000184 0.000377 0.000757 0.001484 0.002847 0.005338 0.009786 0.017533 0.030705 0.052547 0.087875 0.143586 0.229217 0.357458 0.544520 0.810163 1.177244 1.670556 2.314855 3.132012 4.137433 5.336041 6.718355 8.257322 9.906658 11.601342 13.260693 14.794055 16.108679 17.118881 17.755267 17.972628 17.755267 17.118881 16.108679 14.794055 13.260693 11.601342 9.906658 8.257322 6.718355 5.336041 4.137433 3.132012 2.314855 1.670556 1.177244 0.810163 0.544520 0.357458 0.229217 0.143586 0.087875 0.052547 0.030705 0.017533 0.009786 0.005338 0.002847 0.001484 0.000757 0.000377 0.000184 0.000088 0.000041 0.000019 0.000008 0.000004 0.000002 0.000001 0.000000 0.000000 0.000000 0.000000 0.000000 0.000000 0.000000 0.000000 0.000000 0.000000 0.000000 
0.000000 0.000000 0.000000 0.000000 0.000000 0.000000 0.000000 0.000000 0.000000 0.000000 0.000000 0.000000 0.000001 0.000002 0.000005 0.000012 0.000028 0.000060 0.000129 0.000271 0.000556 0.001113 0.002181 0.004178 0.007825 0.014329 0.025648 0.044870 0.076719 0.128184 0.209272 0.333804 0.520159 0.791785 1.177244 1.709537 2.424427 3.357573 4.540428 5.995064 7.728401 9.726557 11.950313 14.332745 16.779956 19.175536 21.388759 23.285938 24.743611 25.661807 25.975408 25.661807 24.743611 23.285938 21.388759 19.175536 16.779956 14.332745 11.950313 9.726557 7.728401 5.995064 4.540428 3.357573 2.424427 1.709537 1.177244 0.791785 0.520159 0.333804 0.209272 0.128184 0.076719 0.044870 0.025648 0.014329 0.007825 0.004178 0.002181 0.001113 0.000556 0.000271 0.000129 0.000060 0.000028 0.000012 0.000005 0.000002 0.000001 0.000000 0.000000 0.000000 0.000000 0.000000 0.000000 0.000000 0.000000 0.000000 0.000000 0.000000 
0.000000 0.000000 0.000000 0.000000 0.000000 0.000000 0.000000 0.000000 0.000000 0.000000 0.000000 0.000001 0.000001 0.000003 0.000008 0.000018 0.000040 0.000087 0.000186 0.000390 0.000798 0.001597 0.003126 0.005983 0.011195 0.020479 0.036622 0.064012 0.109352 0.182556 0.297801 0.474654 0.739109 1.124300 1.670556 2.424427 3.436309 4.756394 6.428876 8.484669 10.933280 13.754875 16.893924 20.255893 23.708320 27.087102 30.208066 32.882938 34.937895 36.232221 36.674268 36.232221 34.937895 32.882938 30.208066 27.087102 23.708320 20.255893 16.893924 13.754875 10.933280 8.484669 6.428876 4.756394 3.436309 2.424427 1.670556 1.124300 0.739109 0.474654 0.297801 0.182556 0.109352 0.064012 0.036622 0.020479 0.011195 0.005983 0.003126 0.001597 0.000798 0.000390 0.000186 0.000087 0.000040 0.000018 0.000008 0.000003 0.000001 0.000001 0.000000 0.000000 0.000000 0.000000 0.000000 0.000000 0.000000 0.000000 0.000000 0.000000 
0.000000 0.000000 0.000000 0.000000 0.000000 0.000000 0.000000 0.000000 0.000000 0.000000 0.000000 0.000001 0.000002 0.000005 0.000011 0.000025 0.000056 0.000123 0.000262 0.000547 0.001119 0.002237 0.004373 0.008361 0.015631 0.028568 0.051042 0.089141 0.152156 0.253817 0.413740 0.658978 1.025440 1.558859 2.314855 3.357573 4.756394 6.580337 8.890083 11.727943 15.106689 18.998669 23.327095 27.961537 32.719444 37.374826 41.674185 45.358472 48.188593 49.971028 50.579755 49.971028 48.188593 45.358472 41.674185 37.374826 32.719444 27.961537 23.327095 18.998669 15.106689 11.727943 8.890083 6.580337 4.756394 3.357573 2.314855 1.558859 1.025440 0.658978 0.413740 0.253817 0.152156 0.089141 0.051042 0.028568 0.015631 0.008361 0.004373 0.002237 0.001119 0.000547 0.000262 0.000123 0.000056 0.000025 0.000011 0.000005 0.000002 0.000001 0.000000 0.000000 0.000000 0.000000 0.000000 0.000000 0.000000 0.000000 0.000000 0.000000 
0.000000 0.000000 0.000000 0.000000 0.000000 0.000000 0.000000 0.000000 0.000000 0.000000 0.000000 0.000001 0.000003 0.000007 0.000015 0.000035 0.000077 0.000168 0.000359 0.000749 0.001530 0.003056 0.005970 0.011403 0.021298 0.038893 0.069432 0.121164 0.206661 0.344489 0.561156 0.893185 1.389023 2.110324 3.132012 4.540428 6.428876 8.890083 12.005448 15.831568 20.385224 25.628794 31.458584 37.698827 44.103780 50.369428 56.154914 61.112040 64.919514 67.317330 68.136190 67.317330 64.919514 61.112040 56.154914 50.369428 44.103780 37.698827 31.458584 25.628794 20.385224 15.831568 12.005448 8.890083 6.428876 4.540428 3.132012 2.110324 1.389023 0.893185 0.561156 0.344489 0.206661 0.121164 0.069432 0.038893 0.021298 0.011403 0.005970 0.003056 0.001530 0.000749 0.000359 0.000168 0.000077 0.000035 0.000015 0.000007 0.000003 0.000001 0.000000 0.000000 0.000000 0.000000 0.000000 0.000000 0.000000 0.000000 0.000000 0.000000 
0.000000 0.000000 0.000000 0.000000 0.000000 0.000000 0.000000 0.000000 0.000000 0.000000 0.000001 0.000002 0.000004 0.000009 0.000020 0.000046 0.000103 0.000225 0.000480 0.001001 0.002042 0.004074 0.007951 0.015174 0.028318 0.051672 0.092177 0.160738 0.273970 0.456386 0.742958 1.181841 1.836865 2.789204 4.137433 5.995064 8.484669 11.727943 15.831568 20.869516 26.863361 33.763148 41.432144 49.639016 58.060645 66.297548 73.902022 80.416872 85.420329 88.571134 89.647107 88.571134 85.420329 80.416872 73.902022 66.297548 58.060645 49.639016 41.432144 33.763148 26.863361 20.869516 15.831568 11.727943 8.484669 5.995064 4.137433 2.789204 1.836865 1.181841 0.742958 0.456386 0.273970 0.160738 0.092177 0.051672 0.028318 0.015174 0.007951 0.004074 0.002042 0.001001 0.000480 0.000225 0.000103 0.000046 0.000020 0.000009 0.000004 0.000002 0.000001 0.000000 0.000000 0.000000 0.000000 0.000000 0.000000 0.000000 0.000000 0.000000 
0.000000 0.000000 0.000000 0.000000 0.000000 0.000000 0.000000 0.000000 0.000000 0.000000 0.000001 0.000002 0.000005 0.000012 0.000027 0.000061 0.000135 0.000294 0.000626 0.001304 0.002657 0.005298 0.010330 0.019701 0.036740 0.066991 0.119421 0.208108 0.354484 0.590149 0.960157 1.526500 2.371300 3.598926 5.336041 7.728401 10.933280 15.106689 20.385224 26.863361 34.568219 43.435085 53.287901 63.829329 74.644423 85.220458 94.983056 103.345831 109.767952 113.811892 115.192824 113.811892 109.767952 103.345831 94.983056 85.220458 74.644423 63.829329 53.287901 43.435085 34.568219 26.863361 20.385224 15.106689 10.933280 7.728401 5.336041 3.598926 2.371300 1.526500 0.960157 0.590149 0.354484 0.208108 0.119421 0.066991 0.036740 0.019701 0.010330 0.005298 0.002657 0.001304 0.000626 0.000294 0.000135 0.000061 0.000027 0.000012 0.000005 0.000002 0.000001 0.000000 0.000000 0.000000 0.000000 0.000000 0.000000 0.000000 0.000000 0.000000 
0.000000 0.000000 0.000000 0.000000 0.000000 0.000000 0.000000 0.000000 0.000000 0.000000 0.000001 0.000003 0.000006 0.000015 0.000034 0.000077 0.000172 0.000374 0.000795 0.001656 0.003373 0.006720 0.013095 0.024955 0.046507 0.084745 0.150976 0.262940 0.447625 0.744801 1.211133 1.924548 2.988213 4.533169 6.718355 9.726557 13.754875 18.998669 25.628794 33.763148 43.435085 54.562795 66.924949 80.148332 93.712526 106.974814 119.215456 129.699859 137.750634 142.819854 144.550854 142.819854 137.750634 129.699859 119.215456 106.974814 93.712526 80.148332 66.924949 54.562795 43.435085 33.763148 25.628794 18.998669 13.754875 9.726557 6.718355 4.533169 2.988213 1.924548 1.211133 0.744801 0.447625 0.262940 0.150976 0.084745 0.046507 0.024955 0.013095 0.006720 0.003373 0.001656 0.000795 0.000374 0.000172 0.000077 0.000034 0.000015 0.000006 0.000003 0.000001 0.000000 0.000000 0.000000 0.000000 0.000000 0.000000 0.000000 0.000000 0.000000 
0.000000 0.000000 0.000000 0.000000 0.000000 0.000000 0.000000 0.000000 0.000000 0.000001 0.000001 0.000003 0.000008 0.000018 0.000042 0.000096 0.000213 0.000464 0.000986 0.002052 0.004176 0.008315 0.016192 0.030838 0.057436 0.104600 0.186244 0.324188 0.551609 0.917367 1.491043 2.368275 3.675610 5.573707 8.257322 11.950313 16.893924 23.327095 31.458584 41.432144 53.287901 66.924949 82.071631 98.270499 114.884146 131.125732 146.114407 158.951364 168.807926 175.013880 177.132995 175.013880 168.807926 158.951364 146.114407 131.125732 114.884146 98.270499 82.071631 66.924949 53.287901 41.432144 31.458584 23.327095 16.893924 11.950313 8.257322 5.573707 3.675610 2.368275 1.491043 0.917367 0.551609 0.324188 0.186244 0.104600 0.057436 0.030838 0.016192 0.008315 0.004176 0.002052 0.000986 0.000464 0.000213 0.000096 0.000042 0.000018 0.000008 0.000003 0.000001 0.000001 0.000000 0.000000 0.000000 0.000000 0.000000 0.000000 0.000000 0.000000 
0.000000 0.000000 0.000000 0.000000 0.000000 0.000000 0.000000 0.000000 0.000000 0.000001 0.000002 0.000004 0.000009 0.000022 0.000051 0.000116 0.000258 0.000561 0.001192 0.002479 0.005043 0.010035 0.019530 0.037176 0.069202 0.125963 0.224172 0.390023 0.663327 1.102680 1.791496 2.844366 4.412850 6.689269 9.906658 14.332745 20.255893 27.961537 37.698827 49.639016 63.829329 80.148332 98.270499 117.648349 137.519502 156.943233 174.866721 190.215908 202.000696 209.420404 211.953921 209.420404 202.000696 190.215908 174.866721 156.943233 137.519502 117.648349 98.270499 80.148332 63.829329 49.639016 37.698827 27.961537 20.255893 14.332745 9.906658 6.689269 4.412850 2.844366 1.791496 1.102680 0.663327 0.390023 0.224172 0.125963 0.069202 0.037176 0.019530 0.010035 0.005043 0.002479 0.001192 0.000561 0.000258 0.000116 0.000051 0.000022 0.000009 0.000004 0.000002 0.000001 0.000000 0.000000 0.000000 0.000000 0.000000 0.000000 0.000000 0.000000 
