0.000000 0.000000 0.000000 0.000000 0.000000 0.000000 0.000000 0.000000 0.000000 0.000000 0.000000 0.000000 0.000000 0.000000 0.000000 0.000000 0.000000 0.000000 0.000000 0.000000 0.000000 0.000000 0.000000 0.000000 0.000000 0.000000 0.000000 0.000000 0.000000 0.000000 0.000000 0.000000 0.000000 0.000000 0.000000 0.000000 0.000000 0.000000 0.000000 0.000000 0.000000 0.000000 0.000000 0.000000 0.000000 0.000000 0.000000 0.000000 0.000000 0.000000 0.000000 0.000000 0.000000 0.000000 0.000000 0.000000 0.000000 0.000000 0.000000 0.000000 0.000000 0.000000 0.000000 0.000000 0.000000 0.000000 0.000000 0.000000 0.000000 0.000000 0.000000 0.000000 0.000000 0.000000 0.000000 0.000000 0.000000 0.000000 0.000000 0.000000 0.000000 0.000000 0.000000 0.000000 0.000000 0.000000 0.000000 0.000000 0.000000 0.000000 0.000000 0.000000 0.000000 0.000000 0.000000 0.000000 0.000000 0.000000 0.000000 0.000000 
0.000000 0.000000 0.000000 0.000000 0.000000 0.000000 0.000000 0.000000 0.000000 0.000000 0.000000 0.000000 0.000000 0.000001 0.000001 0.000001 0.000002 0.000003 0.000004 0.000005 0.000007 0.000010 0.000013 0.000017 0.000023 0.000029 0.000038 0.000048 0.000060 0.000075 0.000092 0.000112 0.000136 0.000162 0.000191 0.000224 0.000260 0.000298 0.000338 0.000380 0.000423 0.000466 0.000508 0.000548 0.000586 0.000619 0.000648 0.000672 0.000689 0.000700 0.000703 0.000700 0.000689 0.000672 0.000648 0.000619 0.000586 0.000548 0.000508 0.000466 0.000423 0.000380 0.000338 0.000298 0.000260 0.000224 0.000191 0.000162 0.000136 0.000112 0.000092 0.000075 0.000060 0.000048 0.000038 0.000029 0.000023 0.000017 0.000013 0.000010 0.000007 0.000005 0.000004 0.000003 0.000002 0.000001 0.000001 0.000001 0.000000 0.000000 0.000000 0.000000 0.000000 0.000000 0.000000 0.000000 0.000000 0.000000 0.000000 0.000000 
0.000000 0.000000 0.000000 0.000000 0.000000 0.000000 0.000000 0.000000 0.000000 0.000000 0.000000 0.000001 0.000001 0.000002 0.000002 0.000003 0.000004 0.000006 0.000009 0.000012 0.000016 0.000022 0.000029 0.000039 0.000050 0.000065 0.000084 0.000106 0.000133 0.000166 0.000204 0.000249 0.000300 0.000358 0.000424 0.000496 0.000575 0.000659 0.000749 0.000841 0.000936 0.001031 0.001124 0.001213 0.001296 0.001370 0.001434 0.001486 0.001525 0.001548 0.001556 0.001548 0.001525 0.001486 0.001434 0.001370 0.001296 0.001213 0.001124 0.001031 0.000936 0.000841 0.000749 0.000659 0.000575 0.000496 0.000424 0.000358 0.000300 0.000249 0.000204 0.000166 0.000133 0.000106 0.000084 0.000065 0.000050 0.000039 0.000029 0.000022 0.000016 0.000012 0.000009 0.000006 0.000004 0.000003 0.000002 0.000002 0.000001 0.000001 0.000000 0.000000 0.000000 0.000000 0.000000 0.000000 0.000000 0.000000 0.000000 0.000000 
0.000000 0.000000 0.000000 0.000000 0.000000 0.000000 0.000000 0.000000 0.000000 0.000001 0.000001 0.000001 0.000002 0.000003 0.000004 0.000006 0.000008 0.000011 0.000015 0.000021 0.000029 0.000039 0.000051 0.000068 0.000089 0.000115 0.000147 0.000187 0.000235 0.000292 0.000359 0.000438 0.000528 0.000630 0.000745 0.000872 0.001010 0.001159 0.001316 0.001479 0.001645 0.001812 0.001975 0.002131 0.002277 0.002408 0.002520 0.002612 0.002679 0.002720 0.002734 0.002720 0.002679 0.002612 0.002520 0.002408 0.002277 0.002131 0.001975 0.001812 0.001645 0.001479 0.001316 0.001159 0.001010 0.000872 0.000745 0.000630 0.000528 0.000438 0.000359 0.000292 0.000235 0.000187 0.000147 0.000115 0.000089 0.000068 0.000051 0.000039 0.000029 0.000021 0.000015 0.000011 0.000008 0.000006 0.000004 0.000003 0.000002 0.000001 0.000001 0.000001 0.000000 0.000000 0.000000 0.000000 0.000000 0.000000 0.000000 0.000000 
0.000000 0.000000 0.000000 0.000000 0.000000 0.000000 0.000000 0.000000 0.000001 0.000001 0.000001 0.000002 0.000003 0.000004 0.000006 0.000009 0.000013 0.000018 0.000025 0.000034 0.000047 0.000063 0.000084 0.000111 0.000145 0.000188 0.000241 0.000306 0.000384 0.000477 0.000587 0.000716 0.000863 0.001031 0.001218 0.001426 0.001652 0.001894 0.002150 0.002416 0.002688 0.002960 0.003227 0.003482 0.003720 0.003933 0.004117 0.004266 0.004376 0.004443 0.004465 0.004443 0.004376 0.004266 0.004117 0.003933 0.003720 0.003482 0.003227 0.002960 0.002688 0.002416 0.002150 0.001894 0.001652 0.001426 0.001218 0.001031 0.000863 0.000716 0.000587 0.000477 0.000384 0.000306 0.000241 0.000188 0.000145 0.000111 0.000084 0.000063 0.000047 0.000034 0.000025 0.000018 0.000013 0.000009 0.000006 0.000004 0.000003 0.000002 0.000001 0.000001 0.000001 0.000000 0.000000 0.000000 0.000000 0.000000 0.000000 0.000000 
0.000000 0.000000 0.000000 0.000000 0.000000 0.000000 0.000000 0.000001 0.000001 0.000001 0.000002 0.000003 0.000005 0.000007 0.000010 0.000014 0.000021 0.000029 0.000040 0.000055 0.000074 0.000100 0.000134 0.000177 0.000231 0.000299 0.000382 0.000485 0.000609 0.000757 0.000931 0.001135 0.001368 0.001634 0.001931 0.002259 0.002617 0.003000 0.003406 0.003827 0.004257 0.004688 0.005110 0.005513 0.005889 0.006227 0.006518 0.006754 0.006927 0.007034 0.007069 0.007034 0.006927 0.006754 0.006518 0.006227 0.005889 0.005513 0.005110 0.004688 0.004257 0.003827 0.003406 0.003000 0.002617 0.002259 0.001931 0.001634 0.001368 0.001135 0.000931 0.000757 0.000609 0.000485 0.000382 0.000299 0.000231 0.000177 0.000134 0.000100 0.000074 0.000055 0.000040 0.000029 0.000021 0.000014 0.000010 0.000007 0.000005 0.000003 0.000002 0.000001 0.000001 0.000001 0.000000 0.000000 0.000000 0.000000 0.000000 0.000000 
0.000000 0.000000 0.000000 0.000000 0.000000 0.000000 0.000001 0.000001 0.000002 0.000002 0.000003 0.000005 0.000008 0.000011 0.000016 0.000023 0.000032 0.000045 0.000062 0.000086 0.000116 0.000157 0.000209 0.000275 0.000360 0.000466 0.000596 0.000756 0.000949 0.001180 0.001451 0.001768 0.002132 0.002545 0.003007 0.003518 0.004074 0.004671 0.005302 0.005957 0.006625 0.007295 0.007951 0.008579 0.009163 0.009689 0.010141 0.010507 0.010777 0.010942 0.010998 0.010942 0.010777 0.010507 0.010141 0.009689 0.009163 0.008579 0.007951 0.007295 0.006625 0.005957 0.005302 0.004671 0.004074 0.003518 0.003007 0.002545 0.002132 0.001768 0.001451 0.001180 0.000949 0.000756 0.000596 0.000466 0.000360 0.000275 0.000209 0.000157 0.000116 0.000086 0.000062 0.000045 0.000032 0.000023 0.000016 0.000011 0.000008 0.000005 0.000003 0.000002 0.000002 0.000001 0.000001 0.000000 0.000000 0.000000 0.000000 0.000000 
0.000000 0.000000 0.000000 0.000000 0.000000 0.000001 0.000001 0.000002 0.000002 0.000004 0.000005 0.000008 0.000012 0.000017 0.000024 0.000035 0.000049 0.000069 0.000096 0.000132 0.000179 0.000241 0.000322 0.000425 0.000555 0.000717 0.000918 0.001164 0.001461 0.001816 0.002233 0.002720 0.003279 0.003914 0.004625 0.005410 0.006264 0.007181 0.008150 0.009156 0.010183 0.011211 0.012219 0.013183 0.014080 0.014886 0.015581 0.016143 0.016557 0.016811 0.016896 0.016811 0.016557 0.016143 0.015581 0.014886 0.014080 0.013183 0.012219 0.011211 0.010183 0.009156 0.008150 0.007181 0.006264 0.005410 0.004625 0.003914 0.003279 0.002720 0.002233 0.001816 0.001461 0.001164 0.000918 0.000717 0.000555 0.000425 0.000322 0.000241 0.000179 0.000132 0.000096 0.000069 0.000049 0.000035 0.000024 0.000017 0.000012 0.000008 0.000005 0.000004 0.000002 0.000002 0.000001 0.000001 0.000000 0.000000 0.000000 0.000000 
0.000000 0.000000 0.000000 0.000000 0.000001 0.000001 0.000002 0.000002 0.000004 0.000005 0.000008 0.000012 0.000018 0.000026 0.000037 0.000053 0.000076 0.000106 0.000147 0.000201 0.000274 0.000368 0.000491 0.000647 0.000845 0.001093 0.001399 0.001773 0.002225 0.002765 0.003400 0.004140 0.004991 0.005956 0.007037 0.008230 0.009529 0.010923 0.012394 0.013923 0.015484 0.017046 0.018576 0.020041 0.021404 0.022629 0.023684 0.024538 0.025167 0.025552 0.025681 0.025552 0.025167 0.024538 0.023684 0.022629 0.021404 0.020041 0.018576 0.017046 0.015484 0.013923 0.012394 0.010923 0.009529 0.008230 0.007037 0.005956 0.004991 0.004140 0.003400 0.002765 0.002225 0.001773 0.001399 0.001093 0.000845 0.000647 0.000491 0.000368 0.000274 0.000201 0.000147 0.000106 0.000076 0.000053 0.000037 0.000026 0.000018 0.000012 0.000008 0.000005 0.000004 0.000002 0.000002 0.000001 0.000001 0.000000 0.000000 0.000000 
0.000000 0.000000 0.000000 0.000001 0.000001 0.000001 0.000002 0.000004 0.000005 0.000008 0.000012 0.000018 0.000027 0.000039 0.000057 0.000081 0.000114 0.000160 0.000222 0.000304 0.000413 0.000556 0.000741 0.000977 0.001275 0.001649 0.002110 0.002674 0.003355 0.004168 0.005125 0.006239 0.007520 0.008973 0.010599 0.012395 0.014350 0.016447 0.018662 0.020962 0.023309 0.025658 0.027961 0.030163 0.032213 0.034055 0.035641 0.036925 0.037871 0.038450 0.038645 0.038450 0.037871 0.036925 0.035641 0.034055 0.032213 0.030163 0.027961 0.025658 0.023309 0.020962 0.018662 0.016447 0.014350 0.012395 0.010599 0.008973 0.007520 0.006239 0.005125 0.004168 0.003355 0.002674 0.002110 0.001649 0.001275 0.000977 0.000741 0.000556 0.000413 0.000304 0.000222 0.000160 0.000114 0.000081 0.000057 0.000039 0.000027 0.000018 0.000012 0.000008 0.000005 0.000004 0.000002 0.000001 0.000001 0.000001 0.000000 0.000000 
0.000000 0.000000 0.000000 0.000001 0.000001 0.000002 0.000003 0.000005 0.000008 0.000012 0.000018 0.000027 0.000040 0.000059 0.000085 0.000121 0.000171 0.000239 0.000332 0.000455 0.000618 0.000831 0.001107 0.001460 0.001905 0.002463 0.003152 0.003993 0.005009 0.006221 0.007649 0.009310 0.011220 0.013386 0.015810 0.018487 0.021400 0.024525 0.027824 0.031250 0.034746 0.038245 0.041675 0.044955 0.048007 0.050751 0.053112 0.055024 0.056432 0.057294 0.057585 0.057294 0.056432 0.055024 0.053112 0.050751 0.048007 0.044955 0.041675 0.038245 0.034746 0.031250 0.027824 0.024525 0.021400 0.018487 0.015810 0.013386 0.011220 0.009310 0.007649 0.006221 0.005009 0.003993 0.003152 0.002463 0.001905 0.001460 0.001107 0.000831 0.000618 0.000455 0.000332 0.000239 0.000171 0.000121 0.000085 0.000059 0.000040 0.000027 0.000018 0.000012 0.000008 0.000005 0.000003 0.000002 0.000001 0.000001 0.000000 0.000000 
0.000000 0.000000 0.000001 0.000001 0.000002 0.000003 0.000005 0.000008 0.000012 0.000018 0.000027 0.000041 0.000060 0.000087 0.000126 0.000179 0.000253 0.000355 0.000491 0.000674 0.000915 0.001230 0.001638 0.002160 0.002819 0.003643 0.004661 0.005905 0.007406 0.009196 0.011304 0.013758 0.016577 0.019775 0.023354 0.027305 0.031604 0.036215 0.041082 0.046137 0.051295 0.056457 0.061515 0.066354 0.070854 0.074901 0.078383 0.081203 0.083279 0.084550 0.084978 0.084550 0.083279 0.081203 0.078383 0.074901 0.070854 0.066354 0.061515 0.056457 0.051295 0.046137 0.041082 0.036215 0.031604 0.027305 0.023354 0.019775 0.016577 0.013758 0.011304 0.009196 0.007406 0.005905 0.004661 0.003643 0.002819 0.002160 0.001638 0.001230 0.000915 0.000674 0.000491 0.000355 0.000253 0.000179 0.000126 0.000087 0.000060 0.000041 0.000027 0.000018 0.000012 0.000008 0.000005 0.000003 0.000002 0.000001 0.000001 0.000000 
0.000000 0.000000 0.000001 0.000002 0.000003 0.000005 0.000008 0.000012 0.000018 0.000027 0.000040 0.000060 0.000088 0.000128 0.000185 0.000263 0.000372 0.000520 0.000721 0.000988 0.001342 0.001804 0.002401 0.003165 0.004131 0.005337 0.006827 0.008647 0.010843 0.013461 0.016546 0.020134 0.024257 0.028932 0.034164 0.039939 0.046223 0.052961 0.060073 0.067459 0.074994 0.082535 0.089924 0.096992 0.103566 0.109476 0.114562 0.118680 0.121712 0.123569 0.124194 0.123569 0.121712 0.118680 0.114562 0.109476 0.103566 0.096992 0.089924 0.082535 0.074994 0.067459 0.060073 0.052961 0.046223 0.039939 0.034164 0.028932 0.024257 0.020134 0.016546 0.013461 0.010843 0.008647 0.006827 0.005337 0.004131 0.003165 0.002401 0.001804 0.001342 0.000988 0.000721 0.000520 0.000372 0.000263 0.000185 0.000128 0.000088 0.000060 0.000040 0.000027 0.000018 0.000012 0.000007 0.000005 0.000003 0.000002 0.000001 0.000000 
0.000000 0.000001 0.000002 0.000003 0.000004 0.000007 0.000011 0.000017 0.000026 0.000039 0.000059 0.000087 0.000128 0.000186 0.000268 0.000383 0.000541 0.000756 0.001047 0.001435 0.001948 0.002619 0.003486 0.004594 0.005993 0.007742 0.009903 0.012540 0.015722 0.019515 0.023983 0.029181 0.035151 0.041920 0.049495 0.057854 0.066950 0.076702 0.086995 0.097683 0.108585 0.119496 0.130186 0.140410 0.149920 0.158469 0.165825 0.171782 0.176168 0.178853 0.179757 0.178853 0.176168 0.171782 0.165825 0.158469 0.149920 0.140410 0.130186 0.119496 0.108585 0.097683 0.086995 0.076702 0.066950 0.057854 0.049495 0.041920 0.035151 0.029181 0.023983 0.019515 0.015722 0.012540 0.009903 0.007742 0.005993 0.004594 0.003486 0.002619 0.001948 0.001435 0.001047 0.000756 0.000541 0.000383 0.000268 0.000186 0.000128 0.000087 0.000059 0.000039 0.000026 0.000017 0.000011 0.000007 0.000004 0.000002 0.000001 0.000000 
0.000000 0.000001 0.000002 0.000004 0.000006 0.000010 0.000016 0.000024 0.000037 0.000057 0.000085 0.000126 0.000185 0.000268 0.000386 0.000551 0.000778 0.001088 0.001506 0.002064 0.002802 0.003765 0.005011 0.006601 0.008612 0.011123 0.014224 0.018009 0.022575 0.028018 0.034427 0.041882 0.050444 0.060151 0.071011 0.082996 0.096035 0.110012 0.124765 0.140081 0.155704 0.171338 0.186654 0.201302 0.214926 0.227172 0.237710 0.246244 0.252526 0.256372 0.257667 0.256372 0.252526 0.246244 0.237710 0.227172 0.214926 0.201302 0.186654 0.171338 0.155704 0.140081 0.124765 0.110012 0.096035 0.082996 0.071011 0.060151 0.050444 0.041882 0.034427 0.028018 0.022575 0.018009 0.014224 0.011123 0.008612 0.006601 0.005011 0.003765 0.002802 0.002064 0.001506 0.001088 0.000778 0.000551 0.000386 0.000268 0.000185 0.000126 0.000085 0.000057 0.000037 0.000024 0.000016 0.000010 0.000006 0.000004 0.000002 0.000000 
0.000000 0.000001 0.000003 0.000006 0.000009 0.000014 0.000023 0.000035 0.000053 0.000081 0.000121 0.000179 0.000263 0.000383 0.000551 0.000786 0.001109 0.001550 0.002145 0.002940 0.003990 0.005361 0.007132 0.009395 0.012253 0.015823 0.020232 0.025611 0.032100 0.039834 0.048940 0.059529 0.071690 0.085475 0.100895 0.117911 0.136421 0.156262 0.177201 0.198939 0.221110 0.243295 0.265027 0.285812 0.305141 0.322516 0.337466 0.349572 0.358484 0.363941 0.365778 0.363941 0.358484 0.349572 0.337466 0.322516 0.305141 0.285812 0.265027 0.243295 0.221110 0.198939 0.177201 0.156262 0.136421 0.117911 0.100895 0.085475 0.071690 0.059529 0.048940 0.039834 0.032100 0.025611 0.020232 0.015823 0.012253 0.009395 0.007132 0.005361 0.003990 0.002940 0.002145 0.001550 0.001109 0.000786 0.000551 0.000383 0.000263 0.000179 0.000121 0.000081 0.000053 0.000035 0.000023 0.000014 0.000009 0.000005 0.000002 0.000000 
0.000000 0.000002 0.000004 0.000008 0.000013 0.000021 0.000032 0.000049 0.000076 0.000114 0.000171 0.000253 0.000372 0.000541 0.000778 0.001109 0.001565 0.002187 0.003026 0.004147 0.005626 0.007558 0.010053 0.013240 0.017265 0.022292 0.028498 0.036070 0.045201 0.056083 0.068894 0.083790 0.100894 0.120281 0.141965 0.165890 0.191913 0.219805 0.249238 0.279790 0.310951 0.342127 0.372667 0.401873 0.429033 0.453445 0.474450 0.491458 0.503979 0.511645 0.514226 0.511645 0.503979 0.491458 0.474450 0.453445 0.429033 0.401873 0.372667 0.342127 0.310951 0.279790 0.249238 0.219805 0.191913 0.165890 0.141965 0.120281 0.100894 0.083790 0.068894 0.056083 0.045201 0.036070 0.028498 0.022292 0.017265 0.013240 0.010053 0.007558 0.005626 0.004147 0.003026 0.002187 0.001565 0.001109 0.000778 0.000541 0.000372 0.000253 0.000171 0.000114 0.000075 0.000049 0.000032 0.000020 0.000012 0.000007 0.000003 0.000000 
0.000000 0.000003 0.000006 0.000011 0.000018 0.000029 0.000045 0.000069 0.000106 0.000160 0.000239 0.000355 0.000520 0.000756 0.001088 0.001550 0.002187 0.003056 0.004228 0.005791 0.007856 0.010551 0.014032 0.018477 0.024091 0.031099 0.039750 0.050304 0.063030 0.078193 0.096042 0.116793 0.140617 0.167617 0.197814 0.231126 0.267359 0.306188 0.347160 0.389686 0.433056 0.476446 0.518946 0.559589 0.597382 0.631351 0.660577 0.684242 0.701664 0.712329 0.715920 0.712329 0.701664 0.684242 0.660577 0.631351 0.597382 0.559589 0.518946 0.476446 0.433056 0.389686 0.347160 0.306188 0.267359 0.231126 0.197814 0.167617 0.140617 0.116793 0.096042 0.078193 0.063030 0.050304 0.039750 0.031099 0.024091 0.018477 0.014032 0.010551 0.007856 0.005791 0.004228 0.003056 0.002187 0.001550 0.001088 0.000756 0.000520 0.000355 0.000239 0.000160 0.000106 0.000069 0.000045 0.000028 0.000017 0.000010 0.000005 0.000000 
0.000000 0.000004 0.000009 0.000015 0.000025 0.000040 0.000062 0.000096 0.000147 0.000222 0.000332 0.000491 0.000721 0.001047 0.001506 0.002145 0.003026 0.004228 0.005848 0.008009 0.010862 0.014586 0.019394 0.025534 0.033286 0.042962 0.054904 0.069472 0.087035 0.107958 0.132583 0.161210 0.194072 0.231311 0.272953 0.318888 0.368845 0.422377 0.478858 0.537479 0.597257 0.657059 0.715632 0.771642 0.823723 0.870531 0.910803 0.943412 0.967417 0.982112 0.987060 0.982112 0.967417 0.943412 0.910803 0.870531 0.823723 0.771642 0.715632 0.657059 0.597257 0.537479 0.478858 0.422377 0.368845 0.318888 0.272953 0.231311 0.194072 0.161210 0.132583 0.107958 0.087035 0.069472 0.054904 0.042962 0.033286 0.025534 0.019394 0.014586 0.010862 0.008009 0.005848 0.004228 0.003026 0.002145 0.001506 0.001047 0.000721 0.000491 0.000331 0.000222 0.000147 0.000096 0.000062 0.000039 0.000024 0.000014 0.000006 0.000000 
0.000000 0.000005 0.000012 0.000021 0.000034 0.000055 0.000086 0.000132 0.000201 0.000304 0.000455 0.000674 0.000988 0.001435 0.002064 0.002940 0.004147 0.005791 0.008009 0.010967 0.014871 0.019966 0.026544 0.034941 0.045541 0.058771 0.075096 0.095008 0.119010 0.147600 0.181245 0.220352 0.265239 0.316100 0.372970 0.435695 0.503905 0.576991 0.654097 0.734118 0.815713 0.897336 0.977278 1.053717 1.124791 1.188667 1.243622 1.288118 1.320874 1.340926 1.347678 1.340926 1.320874 1.288118 1.243622 1.188667 1.124791 1.053717 0.977278 0.897336 0.815713 0.734118 0.654097 0.576991 0.503905 0.435695 0.372970 0.316100 0.265239 0.220352 0.181245 0.147600 0.119010 0.095008 0.075096 0.058771 0.045541 0.034941 0.026544 0.019966 0.014871 0.010967 0.008009 0.005791 0.004147 0.002940 0.002064 0.001435 0.000988 0.000674 0.000455 0.000304 0.000201 0.000132 0.000085 0.000054 0.000033 0.000019 0.000009 0.000000 
0.000000 0.000007 0.000016 0.000029 0.000047 0.000074 0.000116 0.000179 0.000274 0.000413 0.000618 0.000915 0.001342 0.001948 0.002802 0.003990 0.005626 0.007856 0.010862 0.014871 0.020161 0.027064 0.035973 0.047345 0.061699 0.079611 0.101710 0.128660 0.161143 0.199829 0.245349 0.298254 0.358970 0.427759 0.504668 0.589488 0.681716 0.780529 0.884769 0.992941 1.103235 1.213560 1.321606 1.424913 1.520965 1.607287 1.681551 1.741680 1.785943 1.813039 1.822162 1.813039 1.785943 1.741680 1.681551 1.607287 1.520965 1.424913 1.321606 1.213560 1.103235 0.992941 0.884769 0.780529 0.681716 0.589488 0.504668 0.427759 0.358970 0.298254 0.245349 0.199829 0.161143 0.128660 0.101710 0.079611 0.061699 0.047345 0.035973 0.027064 0.020161 0.014871 0.010862 0.007856 0.005626 0.003990 0.002802 0.001948 0.001342 0.000915 0.000618 0.000413 0.000273 0.000179 0.000116 0.000073 0.000045 0.000026 0.000012 0.000000 
0.000000 0.000010 0.000022 0.000039 0.000063 0.000100 0.000157 0.000241 0.000368 0.000556 0.000831 0.001230 0.001804 0.002619 0.003765 0.005361 0.007558 0.010551 0.014586 0.019966 0.027064 0.036324 0.048274 0.063525 0.082770 0.106785 0.136408 0.172529 0.216058 0.267895 0.328882 0.399754 0.481082 0.573214 0.676210 0.789789 0.913279 1.045576 1.185128 1.329933 1.477570 1.625240 1.769851 1.908114 2.036662 2.152184 2.251567 2.332030 2.391262 2.427521 2.439729 2.427521 2.391262 2.332030 2.251567 2.152184 2.036662 1.908114 1.769851 1.625240 1.477570 1.329933 1.185128 1.045576 0.913279 0.789789 0.676210 0.573214 0.481082 0.399754 0.328882 0.267895 0.216058 0.172529 0.136408 0.106785 0.082770 0.063525 0.048274 0.036324 0.027064 0.019966 0.014586 0.010551 0.007558 0.005361 0.003765 0.002619 0.001804 0.001230 0.000831 0.000556 0.000368 0.000241 0.000156 0.000099 0.000061 0.000035 0.000016 0.000000 
0.000000 0.000013 0.000029 0.000051 0.000084 0.000134 0.000209 0.000322 0.000491 0.000741 0.001107 0.001638 0.002401 0.003486 0.005011 0.007132 0.010053 0.014032 0.019394 0.026544 0.035973 0.048274 0.064145 0.084397 0.109950 0.141830 0.181150 0.229089 0.286854 0.355634 0.436544 0.530559 0.638433 0.760624 0.897212 1.047822 1.211559 1.386960 1.571966 1.763925 1.959624 2.155357 2.347026 2.530273 2.700637 2.853732 2.985435 3.092065 3.170556 3.218605 3.234783 3.218605 3.170556 3.092065 2.985435 2.853732 2.700637 2.530273 2.347026 2.155357 1.959624 1.763925 1.571966 1.386960 1.211559 1.047822 0.897212 0.760624 0.638433 0.530559 0.436544 0.355634 0.286854 0.229089 0.181150 0.141830 0.109950 0.084397 0.064145 0.048274 0.035973 0.026544 0.019394 0.014032 0.010053 0.007132 0.005011 0.003486 0.002401 0.001638 0.001107 0.000740 0.000490 0.000321 0.000208 0.000132 0.000081 0.000046 0.000021 0.000000 
0.000000 0.000017 0.000039 0.000068 0.000111 0.000177 0.000275 0.000425 0.000647 0.000977 0.001460 0.002160 0.003165 0.004594 0.006601 0.009395 0.013240 0.018477 0.025534 0.034941 0.047345 0.063525 0.084397 0.111026 0.144622 0.186529 0.238210 0.301211 0.377115 0.467483 0.573778 0.697274 0.838961 0.999438 1.178806 1.376571 1.591555 1.821837 2.064712 2.316698 2.573579 2.830491 3.082056 3.322557 3.546142 3.747057 3.919893 4.059821 4.162822 4.225874 4.247104 4.225874 4.162822 4.059821 3.919893 3.747057 3.546142 3.322557 3.082056 2.830491 2.573579 2.316698 2.064712 1.821837 1.591555 1.376571 1.178806 0.999438 0.838961 0.697274 0.573778 0.467483 0.377115 0.301211 0.238210 0.186529 0.144622 0.111026 0.084397 0.063525 0.047345 0.034941 0.025534 0.018477 0.013240 0.009395 0.006601 0.004593 0.003165 0.002160 0.001459 0.000976 0.000647 0.000424 0.000274 0.000174 0.000107 0.000061 0.000028 0.000000 
0.000000 0.000023 0.000050 0.000089 0.000145 0.000231 0.000360 0.000555 0.000845 0.001275 0.001905 0.002819 0.004131 0.005993 0.008612 0.012253 0.017265 0.024091 0.033286 0.045541 0.061699 0.082770 0.109950 0.144622 0.188357 0.242906 0.310167 0.392151 0.490915 0.608486 0.746762 0.907399 1.091679 1.300377 1.533623 1.790771 2.070287 2.369670 2.685404 3.012962 3.346864 3.680789 4.007749 4.320315 4.610886 4.871988 5.096592 5.278429 5.412277 5.494211 5.521798 5.494211 5.412277 5.278429 5.096592 4.871988 4.610886 4.320315 4.007749 3.680789 3.346864 3.012962 2.685404 2.369670 2.070287 1.790771 1.533623 1.300377 1.091679 0.907399 0.746762 0.608486 0.490915 0.392151 0.310167 0.242906 0.188357 0.144622 0.109950 0.082770 0.061699 0.045541 0.033286 0.024091 0.017265 0.012253 0.008612 0.005993 0.004131 0.002819 0.001905 0.001275 0.000845 0.000553 0.000358 0.000228 0.000140 0.000080 0.000036 0.000000 
0.000000 0.000029 0.000065 0.000115 0.000188 0.000299 0.000466 0.000717 0.001093 0.001649 0.002463 0.003643 0.005337 0.007742 0.011123 0.015823 0.022292 0.031099 0.042962 0.058771 0.079611 0.106785 0.141830 0.186529 0.242906 0.313212 0.399893 0.505534 0.632783 0.784246 0.962364 1.169265 1.406597 1.675353 1.975695 2.306787 2.666654 3.052071 3.458512 3.880149 4.309927 4.739714 5.160518 5.562780 5.936722 6.272729 6.561762 6.795754 6.967990 7.073423 7.108921 7.073423 6.967990 6.795754 6.561762 6.272729 5.936722 5.562780 5.160518 4.739714 4.309927 3.880149 3.458512 3.052071 2.666654 2.306787 1.975695 1.675353 1.406597 1.169265 0.962364 0.784246 0.632783 0.505534 0.399893 0.313212 0.242906 0.186529 0.141830 0.106785 0.079611 0.058771 0.042962 0.031099 0.022292 0.015823 0.011123 0.007742 0.005337 0.003643 0.002463 0.001648 0.001092 0.000716 0.000463 0.000294 0.000181 0.000104 0.000047 0.000000 
0.000000 0.000038 0.000084 0.000147 0.000241 0.000382 0.000596 0.000918 0.001399 0.002110 0.003152 0.004661 0.006827 0.009903 0.014224 0.020232 0.028498 0.039750 0.054904 0.075096 0.101710 0.136408 0.181150 0.238210 0.310167 0.399893 0.510503 0.645293 0.807633 1.000845 1.228037 1.491916 1.794579 2.137286 2.520239 2.942369 3.401151 3.892474 4.410566 4.947997 5.495776 6.043539 6.579831 7.092473 7.569008 7.997188 8.365498 8.663666 8.883136 9.017482 9.062715 9.017482 8.883136 8.663666 8.365498 7.997188 7.569008 7.092473 6.579831 6.043539 5.495776 4.947997 4.410566 3.892474 3.401151 2.942369 2.520239 2.137286 1.794579 1.491916 1.228037 1.000845 0.807633 0.645293 0.510503 0.399893 0.310167 0.238210 0.181150 0.136408 0.101710 0.075096 0.054904 0.039750 0.028498 0.020232 0.014223 0.009902 0.006827 0.004661 0.003151 0.002110 0.001398 0.000917 0.000593 0.000377 0.000232 0.000133 0.000060 0.000000 
0.000000 0.000048 0.000106 0.000187 0.000306 0.000485 0.000756 0.001164 0.001773 0.002674 0.003993 0.005905 0.008647 0.012540 0.018009 0.025611 0.036070 0.050304 0.069472 0.095008 0.128660 0.172529 0.229089 0.301211 0.392151 0.505534 0.645293 0.815582 1.020658 1.264707 1.551650 1.884898 2.267091 2.699815 3.183319 3.716246 4.295407 4.915607 5.569557 6.247880 6.939230 7.630527 8.307319 8.954242 9.555579 10.095884 10.560630 10.936861 11.213788 11.383303 11.440376 11.383303 11.213788 10.936861 10.560630 10.095884 9.555579 8.954242 8.307319 7.630527 6.939230 6.247880 5.569557 4.915607 4.295407 3.716246 3.183319 2.699815 2.267091 1.884898 1.551650 1.264707 1.020658 0.815582 0.645293 0.505534 0.392151 0.301211 0.229089 0.172529 0.128660 0.095008 0.069472 0.050304 0.036070 0.025611 0.018009 0.012540 0.008647 0.005905 0.003993 0.002674 0.001772 0.001162 0.000752 0.000478 0.000295 0.000168 0.000076 0.000000 
0.000000 0.000060 0.000133 0.000235 0.000384 0.000609 0.000949 0.001461 0.002225 0.003355 0.005009 0.007406 0.010843 0.015722 0.022575 0.032100 0.045201 0.063030 0.087035 0.119010 0.161143 0.216058 0.286854 0.377115 0.490915 0.632783 0.807633 1.020658 1.277172 1.582407 1.941255 2.357976 2.835863 3.376889 3.981359 4.647570 5.371529 6.146740 6.964090 7.811858 8.675865 9.539769 10.385511 11.193899 11.945301 12.620421 13.201118 13.671207 14.017213 14.229012 14.300321 14.229012 14.017213 13.671207 13.201118 12.620421 11.945301 11.193899 10.385511 9.539769 8.675865 7.811858 6.964090 6.146740 5.371529 4.647570 3.981359 3.376889 2.835863 2.357976 1.941255 1.582407 1.277172 1.020658 0.807633 0.632783 0.490915 0.377115 0.286854 0.216058 0.161143 0.119010 0.087035 0.063030 0.045201 0.032100 0.022575 0.015722 0.010843 0.007405 0.005009 0.003354 0.002224 0.001458 0.000944 0.000601 0.000370 0.000212 0.000096 0.000000 
0.000000 0.000075 0.000166 0.000292 0.000477 0.000757 0.001180 0.001816 0.002765 0.004168 0.006221 0.009196 0.013461 0.019515 0.028018 0.039834 0.056083 0.078193 0.107958 0.147600 0.199829 0.267895 0.355634 0.467483 0.608486 0.784246 1.000845 1.264707 1.582407 1.960413 2.404776 2.920758 3.512429 4.182222 4.930505 5.755162 6.651246 7.610710 8.622274 9.671430 10.740632 11.809662 12.856179 13.856440 14.786161 15.621477 16.339948 16.921559 17.349646 17.611686 17.699910 17.611686 17.349646 16.921559 16.339948 15.621477 14.786161 13.856440 12.856179 11.809662 10.740632 9.671430 8.622274 7.610710 6.651246 5.755162 4.930505 4.182222 3.512429 2.920758 2.404776 1.960413 1.582407 1.264707 1.000845 0.784246 0.608486 0.467483 0.355634 0.267895 0.199829 0.147600 0.107958 0.078193 0.056083 0.039834 0.028018 0.019515 0.013461 0.009195 0.006220 0.004166 0.002762 0.001812 0.001173 0.000746 0.000460 0.000263 0.000119 0.000000 
0.000000 0.000092 0.000204 0.000359 0.000587 0.000931 0.001451 0.002233 0.003400 0.005125 0.007649 0.011304 0.016546 0.023983 0.034427 0.048940 0.068894 0.096042 0.132583 0.181245 0.245349 0.328882 0.436544 0.573778 0.746762 0.962364 1.228037 1.551650 1.941255 2.404776 2.949618 3.582224 4.307570 5.128630 6.045843 7.056607 8.154851 9.330708 10.570349 11.855998 13.166153 14.476043 15.758302 16.983846 18.122931 19.146326 20.026551 20.739092 21.263541 21.584564 21.692646 21.584564 21.263541 20.739092 20.026551 19.146326 18.122931 16.983846 15.758302 14.476043 13.166153 11.855998 10.570349 9.330708 8.154851 7.056607 6.045843 5.128630 4.307570 3.582224 2.949618 2.404776 1.941255 1.551650 1.228037 0.962364 0.746762 0.573778 0.436544 0.328882 0.245349 0.181245 0.132583 0.096042 0.068894 0.048939 0.034427 0.023983 0.016546 0.011304 0.007648 0.005123 0.003398 0.002229 0.001444 0.000918 0.000566 0.000324 0.000147 0.000000 
0.000000 0.000112 0.000249 0.000438 0.000716 0.001135 0.001768 0.002720 0.004140 0.006239 0.009310 0.013758 0.020134 0.029181 0.041882 0.059529 0.083790 0.116793 0.161210 0.220352 0.298254 0.399754 0.530559 0.697274 0.907399 1.169265 1.491916 1.884898 2.357976 2.920758 3.582224 4.350182 5.230657 6.227249 7.340476 8.567173 9.899961 11.326862 12.831090 14.391072 15.980724 17.569994 19.125685 20.612522 21.994429 23.235956 24.303775 25.168161 25.804364 26.193791 26.324903 26.193791 25.804364 25.168161 24.303775 23.235956 21.994429 20.612522 19.125685 17.569994 15.980724 14.391072 12.831090 11.326862 9.899961 8.567173 7.340476 6.227249 5.230657 4.350182 3.582224 2.920758 2.357976 1.884898 1.491916 1.169265 0.907399 0.697274 0.530559 0.399754 0.298254 0.220352 0.161210 0.116793 0.083790 0.059529 0.041882 0.029181 0.020134 0.013758 0.009309 0.006237 0.004137 0.002714 0.001758 0.001119 0.000689 0.000395 0.000179 0.000000 
0.000000 0.000136 0.000300 0.000528 0.000863 0.001368 0.002132 0.003279 0.004991 0.007520 0.011220 0.016577 0.024257 0.035151 0.050444 0.071690 0.100894 0.140617 0.194072 0.265239 0.358970 0.481082 0.638433 0.838961 1.091679 1.406597 1.794579 2.267091 2.835863 3.512429 4.307570 5.230657 6.288918 7.486663 8.824503 10.298622 11.900143 13.614665 15.422016 17.296275 19.206104 21.115406 22.984305 24.770435 26.430472 27.921842 29.204525 30.242825 31.007024 31.474794 31.632282 31.474794 31.007024 30.242825 29.204525 27.921842 26.430472 24.770435 22.984305 21.115406 19.206104 17.296275 15.422016 13.614665 11.900143 10.298622 8.824503 7.486663 6.288918 5.230657 4.307570 3.512429 2.835863 2.267091 1.794579 1.406597 1.091679 0.838961 0.638433 0.481082 0.358970 0.265239 0.194072 0.140617 0.100894 0.071690 0.050444 0.035151 0.024257 0.016577 0.011218 0.007518 0.004987 0.003272 0.002120 0.001349 0.000832 0.000476 0.000216 0.000000 
0.000000 0.000162 0.000358 0.000630 0.001031 0.001634 0.002545 0.003914 0.005956 0.008973 0.013386 0.019775 0.028932 0.041920 0.060151 0.085475 0.120281 0.167617 0.231311 0.316100 0.427759 0.573214 0.760624 0.999438 1.300377 1.675353 2.137286 2.699815 3.376889 4.182222 5.128630 6.227249 7.486663 8.911985 10.503930 12.257941 14.163445 16.203302 18.353505 20.583217 22.855160 25.126396 27.349502 29.474093 31.448650 33.222547 34.748196 35.983154 36.892086 37.448444 37.635758 37.448444 36.892086 35.983154 34.748196 33.222547 31.448650 29.474093 27.349502 25.126396 22.855160 20.583217 18.353505 16.203302 14.163445 12.257941 10.503930 8.911985 7.486663 6.227249 5.128630 4.182222 3.376889 2.699815 2.137286 1.675353 1.300377 0.999438 0.760624 0.573214 0.427759 0.316100 0.231311 0.167617 0.120281 0.085475 0.060151 0.041920 0.028932 0.019774 0.013384 0.008970 0.005951 0.003906 0.002531 0.001611 0.000993 0.000568 0.000258 0.000000 
0.000000 0.000191 0.000424 0.000745 0.001218 0.001931 0.003007 0.004625 0.007037 0.010599 0.015810 0.023354 0.034164 0.049495 0.071011 0.100895 0.141965 0.197814 0.272953 0.372970 0.504668 0.676210 0.897212 1.178806 1.533623 1.975695 2.520239 3.183319 3.981359 4.930505 6.045843 7.340476 8.824503 10.503930 12.379581 14.446072 16.690938 19.093974 21.626896 24.253377 26.929507 29.604719 32.223163 34.725509 37.051090 39.140300 40.937106 42.391536 43.461991 44.117212 44.337810 44.117212 43.461991 42.391536 40.937106 39.140300 37.051090 34.725509 32.223163 29.604719 26.929507 24.253377 21.626896 19.093974 16.690938 14.446072 12.379581 10.503930 8.824503 7.340476 6.045843 4.930505 3.981359 3.183319 2.520239 1.975695 1.533623 1.178806 0.897212 0.676210 0.504668 0.372969 0.272953 0.197814 0.141965 0.100895 0.071011 0.049494 0.034163 0.023353 0.015808 0.010596 0.007031 0.004615 0.002991 0.001904 0.001174 0.000672 0.000305 0.000000 
0.000000 0.000224 0.000496 0.000872 0.001426 0.002259 0.003518 0.005410 0.008230 0.012395 0.018487 0.027305 0.039939 0.057854 0.082996 0.117911 0.165890 0.231126 0.318888 0.435695 0.589488 0.789789 1.047822 1.376571 1.790771 2.306787 2.942369 3.716246 4.647570 5.755162 7.056607 8.567173 10.298622 12.257941 14.446072 16.856722 19.475333 22.278327 25.232710 28.296106 31.417306 34.537339 37.591082 40.509356 43.221425 45.657796 47.753142 49.449207 50.697492 51.461558 51.718801 51.461558 50.697492 49.449207 47.753142 45.657796 43.221425 40.509356 37.591082 34.537339 31.417306 28.296106 25.232710 22.278327 19.475333 16.856722 14.446072 12.257941 10.298622 8.567173 7.056607 5.755162 4.647570 3.716246 2.942369 2.306787 1.790771 1.376571 1.047822 0.789789 0.589488 0.435695 0.318888 0.231126 0.165890 0.117911 0.082996 0.057854 0.039938 0.027303 0.018485 0.012391 0.008223 0.005398 0.003499 0.002228 0.001373 0.000786 0.000357 0.000000 
0.000000 0.000260 0.000575 0.001010 0.001652 0.002617 0.004074 0.006264 0.009529 0.014350 0.021400 0.031604 0.046223 0.066950 0.096035 0.136421 0.191913 0.267359 0.368845 0.503905 0.681716 0.913279 1.211559 1.591555 2.070287 2.666654 3.401151 4.295407 5.371529 6.651246 8.154851 9.899961 11.900143 14.163445 16.690938 19.475333 22.499801 25.737101 29.149120 32.686917 36.291357 39.894346 43.420694 46.790529 49.922191 52.735451 55.154899 57.113283 58.554619 59.436846 59.733870 59.436846 58.554619 57.113283 55.154899 52.735451 49.922191 46.790529 43.420694 39.894346 36.291357 32.686917 29.149120 25.737101 22.499801 19.475333 16.690938 14.163445 11.900143 9.899961 8.154851 6.651246 5.371529 4.295407 3.401151 2.666654 2.070287 1.591555 1.211559 0.913279 0.681716 0.503905 0.368845 0.267359 0.191913 0.136421 0.096035 0.066950 0.046222 0.031603 0.021398 0.014346 0.009521 0.006251 0.004052 0.002580 0.001591 0.000911 0.000413 0.000000 
0.000000 0.000298 0.000659 0.001159 0.001894 0.003000 0.004671 0.007181 0.010923 0.016447 0.024525 0.036215 0.052961 0.076702 0.110012 0.156262 0.219805 0.306188 0.422377 0.576991 0.780529 1.045576 1.386960 1.821837 2.369670 3.052071 3.892474 4.915607 6.146740 7.610710 9.330708 11.326862 13.614665 16.203302 19.093974 22.278327 25.737101 29.439132 33.340829 37.386226 41.507706 45.627419 49.659403 53.512349 57.092910 60.309378 63.075554 65.314568 66.962430 67.971063 68.310644 67.971063 66.962430 65.314568 63.075554 60.309378 57.092910 53.512349 49.659403 45.627419 41.507706 37.386226 33.340829 29.439132 25.737101 22.278327 19.093974 16.203302 13.614665 11.326862 9.330708 7.610710 6.146740 4.915607 3.892474 3.052071 2.369670 1.821837 1.386960 1.045576 0.780529 0.576991 0.422377 0.306188 0.219805 0.156262 0.110012 0.076701 0.052960 0.036213 0.024522 0.016442 0.010914 0.007166 0.004646 0.002958 0.001824 0.001045 0.000474 0.000000 
0.000000 0.000338 0.000749 0.001316 0.002150 0.003406 0.005302 0.008150 0.012394 0.018662 0.027824 0.041082 0.060073 0.086995 0.124765 0.177201 0.249238 0.347160 0.478858 0.654097 0.884769 1.185128 1.571966 2.064712 2.685404 3.458512 4.410566 5.569557 6.964090 8.622274 10.570349 12.831090 15.422016 18.353505 21.626896 25.232710 29.149120 33.340829 37.758471 42.338682 47.004908 51.669019 56.233705 60.595615 64.649088 68.290326 71.421766 73.956411 75.821835 76.963630 77.348042 76.963630 75.821835 73.956411 71.421766 68.290326 64.649088 60.595615 56.233705 51.669019 47.004908 42.338682 37.758471 33.340829 29.149120 25.232710 21.626896 18.353505 15.422016 12.831090 10.570349 8.622274 6.964090 5.569557 4.410566 3.458512 2.685404 2.064712 1.571966 1.185128 0.884769 0.654097 0.478858 0.347160 0.249238 0.177201 0.124765 0.086995 0.060072 0.041080 0.027820 0.018656 0.012385 0.008133 0.005273 0.003358 0.002071 0.001186 0.000538 0.000000 
0.000000 0.000380 0.000841 0.001479 0.002416 0.003827 0.005957 0.009156 0.013923 0.020962 0.031250 0.046137 0.067459 0.097683 0.140081 0.198939 0.279790 0.389686 0.537479 0.734118 0.992941 1.329933 1.763925 2.316698 3.012962 3.880149 4.947997 6.247880 7.811858 9.671430 11.855998 14.391072 17.296275 20.583217 24.253377 28.296106 32.686917 37.386226 42.338682 47.473248 52.704110 57.932482 63.049297 67.938719 72.482332 76.563807 80.073809 82.914842 85.005745 86.285546 86.716419 86.285546 85.005745 82.914842 80.073809 76.563807 72.482332 67.938719 63.049297 57.932482 52.704110 47.473248 42.338682 37.386226 32.686917 28.296106 24.253377 20.583217 17.296275 14.391072 11.855998 9.671430 7.811858 6.247880 4.947997 3.880149 3.012962 2.316698 1.763925 1.329933 0.992941 0.734118 0.537479 0.389686 0.279790 0.198938 0.140081 0.097682 0.067458 0.046135 0.031246 0.020955 0.013912 0.009137 0.005924 0.003773 0.002327 0.001333 0.000605 0.000000 
0.000000 0.000423 0.000936 0.001645 0.002688 0.004257 0.006625 0.010183 0.015484 0.023309 0.034746 0.051295 0.074994 0.108585 0.155704 0.221110 0.310951 0.433056 0.597257 0.815713 1.103235 1.477570 1.959624 2.573579 3.346864 4.309927 5.495776 6.939230 8.675865 10.740632 13.166153 15.980724 19.206104 22.855160 26.929507 31.417306 36.291357 41.507706 47.004908 52.704110 58.510065 64.313136 69.992282 75.418956 80.461748 84.991575 88.887112 92.040175 94.360707 95.781053 96.259244 95.781053 94.360707 92.040175 88.887112 84.991575 80.461748 75.418956 69.992282 64.313136 58.510065 52.704110 47.004908 41.507706 36.291357 31.417306 26.929507 22.855160 19.206104 15.980724 13.166153 10.740632 8.675865 6.939230 5.495776 4.309927 3.346864 2.573579 1.959624 1.477570 1.103235 0.815713 0.597257 0.433056 0.310950 0.221110 0.155704 0.108585 0.074993 0.051292 0.034742 0.023301 0.015471 0.010161 0.006589 0.004197 0.002589 0.001483 0.000673 0.000000 
0.000000 0.000466 0.001031 0.001812 0.002960 0.004688 0.007295 0.011211 0.017046 0.025658 0.038245 0.056457 0.082535 0.119496 0.171338 0.243295 0.342127 0.476446 0.657059 0.897336 1.213560 1.625240 2.155357 2.830491 3.680789 4.739714 6.043539 7.630527 9.539769 11.809662 14.476043 17.569994 21.115406 25.126396 29.604719 34.537339 39.894346 45.627419 51.669019 57.932482 64.313136 70.690500 76.931572 82.895100 88.436698 93.414534 97.695308 101.160156 103.710136 105.270917 105.796387 105.270917 103.710136 101.160156 97.695308 93.414534 88.436698 82.895100 76.931572 70.690500 64.313136 57.932482 51.669019 45.627419 39.894346 34.537339 29.604719 25.126396 21.115406 17.569994 14.476043 11.809662 9.539769 7.630527 6.043539 4.739714 3.680789 2.830491 2.155357 1.625240 1.213560 0.897336 0.657059 0.476446 0.342127 0.243294 0.171337 0.119495 0.082534 0.056454 0.038241 0.025650 0.017032 0.011187 0.007255 0.004622 0.002851 0.001633 0.000741 0.000000 
0.000000 0.000508 0.001124 0.001975 0.003227 0.005110 0.007951 0.012219 0.018576 0.027961 0.041675 0.061515 0.089924 0.130186 0.186654 0.265027 0.372667 0.518946 0.715632 0.977278 1.321606 1.769851 2.347026 3.082056 4.007749 5.160518 6.579831 8.307319 10.385511 12.856179 15.758302 19.125685 22.984305 27.349502 32.223163 37.591082 43.420694 49.659403 56.233705 63.049297 69.992282 76.931572 83.722456 90.211261 96.240900 101.657073 106.314762 110.084661 112.859130 114.557310 115.129037 114.557310 112.859130 110.084661 106.314762 101.657073 96.240900 90.211261 83.722456 76.931572 69.992282 63.049297 56.233705 49.659403 43.420694 37.591082 32.223163 27.349502 22.984305 19.125685 15.758302 12.856179 10.385511 8.307319 6.579831 5.160518 4.007749 3.082056 2.347026 1.769851 1.321606 0.977278 0.715632 0.518946 0.372667 0.265027 0.186653 0.130185 0.089923 0.061512 0.041670 0.027952 0.018561 0.012193 0.007908 0.005038 0.003108 0.001780 0.000808 0.000000 
