0.000000 0.000000 0.000000 0.000000 0.000000 0.000000 0.000000 0.000000 0.000000 0.000000 0.000000 0.000000 0.000000 0.000000 0.000000 0.000000 0.000000 0.000000 0.000000 0.000000 0.000000 0.000000 0.000000 0.000000 0.000000 0.000000 0.000000 0.000000 0.000000 0.000000 0.000000 0.000000 0.000000 0.000000 0.000000 0.000000 0.000000 0.000000 0.000000 0.000000 0.000000 0.000000 0.000000 0.000000 0.000000 0.000000 0.000000 0.000000 0.000000 0.000000 0.000000 0.000000 0.000000 0.000000 0.000000 0.000000 0.000000 0.000000 0.000000 0.000000 0.000000 0.000000 0.000000 0.000000 0.000000 0.000000 0.000000 0.000000 0.000000 0.000000 0.000000 0.000000 0.000000 0.000000 0.000000 0.000000 0.000000 0.000000 0.000000 0.000000 0.000000 0.000000 0.000000 0.000000 0.000000 0.000000 0.000000 0.000000 0.000000 0.000000 0.000000 0.000000 0.000000 0.000000 0.000000 0.000000 0.000000 0.000000 0.000000 0.000000 
0.000000 0.000000 0.000000 0.000000 0.000000 0.000000 0.000001 0.000001 0.000001 0.000002 0.000002 0.000003 0.000004 0.000006 0.000009 0.000012 0.000016 0.000021 0.000028 0.000037 0.000048 0.000063 0.000081 0.000103 0.000129 0.000162 0.000201 0.000247 0.000301 0.000364 0.000436 0.000518 0.000609 0.000711 0.000822 0.000942 0.001070 0.001205 0.001346 0.001489 0.001634 0.001776 0.001915 0.002046 0.002166 0.002274 0.002366 0.002440 0.002494 0.002528 0.002539 0.002528 0.002494 0.002440 0.002366 0.002274 0.002166 0.002046 0.001915 0.001776 0.001634 0.001489 0.001346 0.001205 0.001070 0.000942 0.000822 0.000711 0.000609 0.000518 0.000436 0.000364 0.000301 0.000247 0.000201 0.000162 0.000129 0.000103 0.000081 0.000063 0.000048 0.000037 0.000028 0.000021 0.000016 0.000012 0.000009 0.000006 0.000004 0.000003 0.000002 0.000002 0.000001 0.000001 0.000001 0.000000 0.000000 0.000000 0.000000 0.000000 
0.000000 0.000000 0.000000 0.000000 0.000000 0.000001 0.000001 0.000002 0.000002 0.000003 0.000005 0.000007 0.000010 0.000013 0.000018 0.000025 0.000034 0.000046 0.000061 0.000080 0.000105 0.000136 0.000174 0.000222 0.000280 0.000350 0.000434 0.000534 0.000651 0.000786 0.000942 0.001118 0.001315 0.001535 0.001775 0.002034 0.002311 0.002603 0.002906 0.003216 0.003528 0.003836 0.004134 0.004417 0.004677 0.004909 0.005108 0.005268 0.005386 0.005457 0.005481 0.005457 0.005386 0.005268 0.005108 0.004909 0.004677 0.004417 0.004134 0.003836 0.003528 0.003216 0.002906 0.002603 0.002311 0.002034 0.001775 0.001535 0.001315 0.001118 0.000942 0.000786 0.000651 0.000534 0.000434 0.000350 0.000280 0.000222 0.000174 0.000136 0.000105 0.000080 0.000061 0.000046 0.000034 0.000025 0.000018 0.000013 0.000010 0.000007 0.000005 0.000003 0.000002 0.000002 0.000001 0.000001 0.000000 0.000000 0.000000 0.000000 
0.000000 0.000000 0.000000 0.000001 0.000001 0.000001 0.000002 0.000003 0.000004 0.000006 0.000008 0.000012 0.000016 0.000023 0.000031 0.000043 0.000058 0.000077 0.000103 0.000136 0.000177 0.000230 0.000295 0.000376 0.000474 0.000593 0.000736 0.000905 0.001103 0.001332 0.001595 0.001894 0.002229 0.002600 0.003006 0.003445 0.003914 0.004409 0.004922 0.005446 0.005974 0.006495 0.007000 0.007479 0.007919 0.008313 0.008649 0.008920 0.009119 0.009240 0.009281 0.009240 0.009119 0.008920 0.008649 0.008313 0.007919 0.007479 0.007000 0.006495 0.005974 0.005446 0.004922 0.004409 0.003914 0.003445 0.003006 0.002600 0.002229 0.001894 0.001595 0.001332 0.001103 0.000905 0.000736 0.000593 0.000474 0.000376 0.000295 0.000230 0.000177 0.000136 0.000103 0.000077 0.000058 0.000043 0.000031 0.000023 0.000016 0.000012 0.000008 0.000006 0.000004 0.000003 0.000002 0.000001 0.000001 0.000000 0.000000 0.000000 
0.000000 0.000000 0.000000 0.000001 0.000001 0.000002 0.000003 0.000004 0.000006 0.000009 0.000013 0.000018 0.000026 0.000036 0.000049 0.000067 0.000090 0.000121 0.000161 0.000213 0.000278 0.000360 0.000462 0.000588 0.000742 0.000928 0.001151 0.001415 0.001724 0.002082 0.002493 0.002960 0.003482 0.004062 0.004696 0.005383 0.006115 0.006886 0.007687 0.008506 0.009330 0.010144 0.010933 0.011679 0.012367 0.012981 0.013506 0.013929 0.014239 0.014428 0.014492 0.014428 0.014239 0.013929 0.013506 0.012981 0.012367 0.011679 0.010933 0.010144 0.009330 0.008506 0.007687 0.006886 0.006115 0.005383 0.004696 0.004062 0.003482 0.002960 0.002493 0.002082 0.001724 0.001415 0.001151 0.000928 0.000742 0.000588 0.000462 0.000360 0.000278 0.000213 0.000161 0.000121 0.000090 0.000067 0.000049 0.000036 0.000026 0.000018 0.000013 0.000009 0.000006 0.000004 0.000003 0.000002 0.000001 0.000001 0.000000 0.000000 
0.000000 0.000000 0.000001 0.000001 0.000002 0.000003 0.000005 0.000007 0.000010 0.000014 0.000020 0.000028 0.000039 0.000054 0.000074 0.000101 0.000137 0.000183 0.000244 0.000321 0.000419 0.000543 0.000697 0.000887 0.001119 0.001400 0.001736 0.002134 0.002600 0.003140 0.003760 0.004463 0.005251 0.006124 0.007080 0.008113 0.009217 0.010379 0.011585 0.012819 0.014059 0.015285 0.016472 0.017596 0.018633 0.019557 0.020347 0.020984 0.021451 0.021736 0.021832 0.021736 0.021451 0.020984 0.020347 0.019557 0.018633 0.017596 0.016472 0.015285 0.014059 0.012819 0.011585 0.010379 0.009217 0.008113 0.007080 0.006124 0.005251 0.004463 0.003760 0.003140 0.002600 0.002134 0.001736 0.001400 0.001119 0.000887 0.000697 0.000543 0.000419 0.000321 0.000244 0.000183 0.000137 0.000101 0.000074 0.000054 0.000039 0.000028 0.000020 0.000014 0.000010 0.000007 0.000004 0.000003 0.000002 0.000001 0.000001 0.000000 
0.000000 0.000001 0.000001 0.000002 0.000003 0.000005 0.000007 0.000010 0.000014 0.000020 0.000029 0.000041 0.000058 0.000080 0.000110 0.000150 0.000202 0.000271 0.000361 0.000475 0.000621 0.000804 0.001032 0.001313 0.001657 0.002072 0.002569 0.003157 0.003846 0.004645 0.005561 0.006599 0.007764 0.009054 0.010466 0.011993 0.013623 0.015340 0.017122 0.018944 0.020776 0.022586 0.024339 0.025999 0.027529 0.028894 0.030061 0.031001 0.031690 0.032111 0.032253 0.032111 0.031690 0.031001 0.030061 0.028894 0.027529 0.025999 0.024339 0.022586 0.020776 0.018944 0.017122 0.015340 0.013623 0.011993 0.010466 0.009054 0.007764 0.006599 0.005561 0.004645 0.003846 0.003157 0.002569 0.002072 0.001657 0.001313 0.001032 0.000804 0.000621 0.000475 0.000361 0.000271 0.000202 0.000150 0.000110 0.000080 0.000058 0.000041 0.000029 0.000020 0.000014 0.000010 0.000007 0.000004 0.000003 0.000002 0.000001 0.000000 
0.000000 0.000001 0.000002 0.000003 0.000004 0.000007 0.000010 0.000014 0.000021 0.000030 0.000043 0.000060 0.000084 0.000117 0.000161 0.000219 0.000296 0.000397 0.000527 0.000695 0.000907 0.001175 0.001508 0.001919 0.002420 0.003026 0.003751 0.004610 0.005615 0.006781 0.008117 0.009632 0.011330 0.013212 0.015272 0.017499 0.019876 0.022378 0.024976 0.027632 0.030303 0.032942 0.035497 0.037916 0.040146 0.042135 0.043835 0.045205 0.046210 0.046823 0.047030 0.046823 0.046210 0.045205 0.043835 0.042135 0.040146 0.037916 0.035497 0.032942 0.030303 0.027632 0.024976 0.022378 0.019876 0.017499 0.015272 0.013212 0.011330 0.009632 0.008117 0.006781 0.005615 0.004610 0.003751 0.003026 0.002420 0.001919 0.001508 0.001175 0.000907 0.000695 0.000527 0.000397 0.000296 0.000219 0.000161 0.000117 0.000084 0.000060 0.000043 0.000030 0.000021 0.000014 0.000010 0.000006 0.000004 0.000002 0.000001 0.000000 
0.000000 0.000001 0.000002 0.000004 0.000006 0.000010 0.000014 0.000021 0.000030 0.000043 0.000062 0.000087 0.000122 0.000169 0.000233 0.000317 0.000429 0.000575 0.000763 0.001005 0.001313 0.001699 0.002181 0.002774 0.003499 0.004374 0.005422 0.006662 0.008114 0.009797 0.011726 0.013913 0.016365 0.019081 0.022054 0.025267 0.028697 0.032308 0.036056 0.039888 0.043741 0.047548 0.051234 0.054723 0.057939 0.060808 0.063261 0.065236 0.066685 0.067570 0.067868 0.067570 0.066685 0.065236 0.063261 0.060808 0.057939 0.054723 0.051234 0.047548 0.043741 0.039888 0.036056 0.032308 0.028697 0.025267 0.022054 0.019081 0.016365 0.013913 0.011726 0.009797 0.008114 0.006662 0.005422 0.004374 0.003499 0.002774 0.002181 0.001699 0.001313 0.001005 0.000763 0.000575 0.000429 0.000317 0.000233 0.000169 0.000122 0.000087 0.000062 0.000043 0.000030 0.000021 0.000014 0.000009 0.000006 0.000004 0.000002 0.000000 
0.000000 0.000002 0.000003 0.000006 0.000009 0.000014 0.000020 0.000030 0.000043 0.000062 0.000089 0.000125 0.000175 0.000243 0.000334 0.000455 0.000615 0.000824 0.001094 0.001441 0.001881 0.002435 0.003124 0.003974 0.005011 0.006265 0.007764 0.009538 0.011616 0.014023 0.016783 0.019912 0.023418 0.027302 0.031553 0.036148 0.041051 0.046214 0.051571 0.057048 0.062556 0.067996 0.073265 0.078251 0.082847 0.086947 0.090451 0.093274 0.095345 0.096609 0.097034 0.096609 0.095345 0.093274 0.090451 0.086947 0.082847 0.078251 0.073265 0.067996 0.062556 0.057048 0.051571 0.046214 0.041051 0.036148 0.031553 0.027302 0.023418 0.019912 0.016783 0.014023 0.011616 0.009538 0.007764 0.006265 0.005011 0.003974 0.003124 0.002435 0.001881 0.001441 0.001094 0.000824 0.000615 0.000455 0.000334 0.000243 0.000175 0.000125 0.000089 0.000062 0.000043 0.000030 0.000020 0.000013 0.000009 0.000005 0.000002 0.000000 
0.000000 0.000002 0.000005 0.000008 0.000013 0.000020 0.000029 0.000043 0.000062 0.000089 0.000126 0.000178 0.000249 0.000345 0.000475 0.000647 0.000874 0.001171 0.001555 0.002047 0.002673 0.003458 0.004437 0.005643 0.007115 0.008893 0.011019 0.013536 0.016483 0.019897 0.023810 0.028246 0.033216 0.038721 0.044747 0.051259 0.058208 0.065523 0.073115 0.080875 0.088678 0.096385 0.103848 0.110913 0.117423 0.123229 0.128194 0.132192 0.135125 0.136916 0.137518 0.136916 0.135125 0.132192 0.128194 0.123229 0.117423 0.110913 0.103848 0.096385 0.088678 0.080875 0.073115 0.065523 0.058208 0.051259 0.044747 0.038721 0.033216 0.028246 0.023810 0.019897 0.016483 0.013536 0.011019 0.008893 0.007115 0.005643 0.004437 0.003458 0.002673 0.002047 0.001555 0.001171 0.000874 0.000647 0.000475 0.000345 0.000249 0.000178 0.000126 0.000089 0.000062 0.000042 0.000029 0.000019 0.000012 0.000007 0.000003 0.000000 
0.000000 0.000003 0.000007 0.000012 0.000018 0.000028 0.000041 0.000060 0.000087 0.000125 0.000178 0.000251 0.000351 0.000487 0.000669 0.000912 0.001232 0.001650 0.002191 0.002884 0.003764 0.004870 0.006246 0.007943 0.010014 0.012515 0.015505 0.019044 0.023187 0.027988 0.033488 0.039723 0.046709 0.054445 0.062912 0.072063 0.081826 0.092103 0.102767 0.113668 0.124628 0.135454 0.145935 0.155856 0.164999 0.173154 0.180125 0.185740 0.189859 0.192373 0.193219 0.192373 0.189859 0.185740 0.180125 0.173154 0.164999 0.155856 0.145935 0.135454 0.124628 0.113668 0.102767 0.092103 0.081826 0.072063 0.062912 0.054445 0.046709 0.039723 0.033488 0.027988 0.023187 0.019044 0.015505 0.012515 0.010014 0.007943 0.006246 0.004870 0.003764 0.002884 0.002191 0.001650 0.001232 0.000912 0.000669 0.000487 0.000351 0.000251 0.000178 0.000125 0.000087 0.000060 0.000041 0.000027 0.000017 0.000010 0.000005 0.000000 
0.000000 0.000004 0.000010 0.000016 0.000026 0.000039 0.000058 0.000084 0.000122 0.000175 0.000249 0.000351 0.000491 0.000680 0.000935 0.001274 0.001721 0.002304 0.003059 0.004027 0.005255 0.006798 0.008719 0.011086 0.013973 0.017461 0.021631 0.026564 0.032341 0.039032 0.046699 0.055387 0.065121 0.075902 0.087698 0.100446 0.114046 0.128361 0.143215 0.158397 0.173661 0.188737 0.203333 0.217148 0.229879 0.241233 0.250940 0.258758 0.264492 0.267993 0.269171 0.267993 0.264492 0.258758 0.250940 0.241233 0.229879 0.217148 0.203333 0.188737 0.173661 0.158397 0.143215 0.128361 0.114046 0.100446 0.087698 0.075902 0.065121 0.055387 0.046699 0.039032 0.032341 0.026564 0.021631 0.017461 0.013973 0.011086 0.008719 0.006798 0.005255 0.004027 0.003059 0.002304 0.001721 0.001274 0.000935 0.000680 0.000491 0.000351 0.000249 0.000175 0.000122 0.000084 0.000057 0.000038 0.000024 0.000014 0.000007 0.000000 
0.000000 0.000006 0.000013 0.000023 0.000036 0.000054 0.000080 0.000117 0.000169 0.000243 0.000345 0.000487 0.000680 0.000943 0.001296 0.001765 0.002383 0.003191 0.004236 0.005575 0.007274 0.009409 0.012066 0.015339 0.019333 0.024155 0.029920 0.036740 0.044724 0.053971 0.064566 0.076571 0.090021 0.104914 0.121209 0.138818 0.157604 0.177374 0.197888 0.218853 0.239931 0.260748 0.280902 0.299976 0.317553 0.333229 0.346629 0.357423 0.365339 0.370172 0.371798 0.370172 0.365339 0.357423 0.346629 0.333229 0.317553 0.299976 0.280902 0.260748 0.239931 0.218853 0.197888 0.177374 0.157604 0.138818 0.121209 0.104914 0.090021 0.076571 0.064566 0.053971 0.044724 0.036740 0.029920 0.024155 0.019333 0.015339 0.012066 0.009409 0.007274 0.005575 0.004236 0.003191 0.002383 0.001765 0.001295 0.000943 0.000680 0.000487 0.000345 0.000243 0.000169 0.000116 0.000079 0.000053 0.000034 0.000020 0.000009 0.000000 
0.000000 0.000009 0.000018 0.000031 0.000049 0.000074 0.000110 0.000161 0.000233 0.000334 0.000475 0.000669 0.000935 0.001296 0.001780 0.002424 0.003273 0.004382 0.005816 0.007653 0.009983 0.012912 0.016555 0.021044 0.026520 0.033131 0.041033 0.050380 0.061322 0.073994 0.088511 0.104959 0.123384 0.143785 0.166104 0.190222 0.215948 0.243022 0.271113 0.299819 0.328678 0.357179 0.384771 0.410884 0.434946 0.456405 0.474748 0.489524 0.500360 0.506976 0.509201 0.506976 0.500360 0.489524 0.474748 0.456405 0.434946 0.410884 0.384771 0.357179 0.328678 0.299819 0.271113 0.243022 0.215948 0.190222 0.166104 0.143785 0.123384 0.104959 0.088511 0.073994 0.061322 0.050380 0.041033 0.033131 0.026520 0.021044 0.016555 0.012912 0.009983 0.007653 0.005816 0.004382 0.003273 0.002424 0.001780 0.001295 0.000935 0.000669 0.000474 0.000334 0.000232 0.000160 0.000109 0.000073 0.000047 0.000028 0.000013 0.000000 
0.000000 0.000012 0.000025 0.000043 0.000067 0.000101 0.000150 0.000219 0.000317 0.000455 0.000647 0.000912 0.001274 0.001765 0.002424 0.003301 0.004456 0.005965 0.007916 0.010415 0.013585 0.017568 0.022522 0.028625 0.036068 0.045055 0.055794 0.068497 0.083365 0.100582 0.120304 0.142647 0.167674 0.195382 0.225694 0.258446 0.293379 0.330141 0.368280 0.407253 0.446432 0.485122 0.522577 0.558023 0.590685 0.619812 0.644709 0.664764 0.679471 0.688450 0.691470 0.688450 0.679471 0.664764 0.644709 0.619812 0.590685 0.558023 0.522577 0.485122 0.446432 0.407253 0.368280 0.330141 0.293379 0.258446 0.225694 0.195382 0.167674 0.142647 0.120304 0.100582 0.083365 0.068497 0.055794 0.045055 0.036068 0.028625 0.022522 0.017568 0.013585 0.010415 0.007916 0.005965 0.004456 0.003301 0.002424 0.001765 0.001274 0.000912 0.000647 0.000455 0.000317 0.000218 0.000148 0.000099 0.000064 0.000038 0.000017 0.000000 
0.000000 0.000016 0.000034 0.000058 0.000090 0.000137 0.000202 0.000296 0.000429 0.000615 0.000874 0.001232 0.001721 0.002383 0.003273 0.004456 0.006016 0.008051 0.010683 0.014053 0.018328 0.023698 0.030377 0.038604 0.048637 0.060748 0.075220 0.092336 0.112366 0.135560 0.162126 0.192220 0.225925 0.263239 0.304056 0.348154 0.395188 0.444680 0.496023 0.548486 0.601224 0.653302 0.703715 0.751422 0.795380 0.834580 0.868088 0.895077 0.914869 0.926953 0.931017 0.926953 0.914869 0.895077 0.868088 0.834580 0.795380 0.751422 0.703715 0.653302 0.601224 0.548486 0.496023 0.444680 0.395188 0.348154 0.304056 0.263239 0.225925 0.192220 0.162126 0.135560 0.112366 0.092336 0.075220 0.060748 0.048637 0.038604 0.030377 0.023698 0.018328 0.014053 0.010683 0.008051 0.006016 0.004456 0.003273 0.002383 0.001721 0.001231 0.000874 0.000614 0.000428 0.000295 0.000201 0.000134 0.000086 0.000051 0.000024 0.000000 
0.000000 0.000021 0.000046 0.000077 0.000121 0.000183 0.000271 0.000397 0.000575 0.000824 0.001171 0.001650 0.002304 0.003191 0.004382 0.005965 0.008051 0.010774 0.014293 0.018800 0.024516 0.031694 0.040623 0.051618 0.065025 0.081208 0.100544 0.123409 0.150166 0.181146 0.216626 0.256814 0.301822 0.351644 0.406140 0.465012 0.527800 0.593865 0.662398 0.732421 0.802808 0.872311 0.939589 1.003255 1.061914 1.114224 1.158936 1.194950 1.221359 1.237484 1.242906 1.237484 1.221359 1.194950 1.158936 1.114224 1.061914 1.003255 0.939589 0.872311 0.802808 0.732421 0.662398 0.593865 0.527800 0.465012 0.406140 0.351644 0.301822 0.256814 0.216626 0.181146 0.150166 0.123409 0.100544 0.081208 0.065025 0.051618 0.040623 0.031694 0.024516 0.018800 0.014293 0.010774 0.008051 0.005965 0.004382 0.003191 0.002304 0.001649 0.001170 0.000823 0.000574 0.000395 0.000269 0.000179 0.000115 0.000068 0.000032 0.000000 
0.000000 0.000028 0.000061 0.000103 0.000161 0.000244 0.000361 0.000527 0.000763 0.001094 0.001555 0.002191 0.003059 0.004236 0.005816 0.007916 0.010683 0.014293 0.018960 0.024935 0.032512 0.042027 0.053859 0.068429 0.086193 0.107633 0.133247 0.163533 0.198971 0.239997 0.286979 0.340192 0.399780 0.465738 0.537878 0.615807 0.698913 0.786352 0.877051 0.969718 1.062864 1.154834 1.243858 1.328098 1.405713 1.474924 1.534081 1.581730 1.616669 1.638003 1.645176 1.638003 1.616669 1.581730 1.534081 1.474924 1.405713 1.328098 1.243858 1.154834 1.062864 0.969718 0.877051 0.786352 0.698913 0.615807 0.537878 0.465738 0.399780 0.340192 0.286979 0.239997 0.198971 0.163533 0.133247 0.107633 0.086193 0.068429 0.053859 0.042027 0.032512 0.024935 0.018960 0.014293 0.010683 0.007916 0.005816 0.004236 0.003059 0.002190 0.001555 0.001094 0.000762 0.000525 0.000358 0.000238 0.000153 0.000091 0.000042 0.000000 
0.000000 0.000037 0.000080 0.000136 0.000213 0.000321 0.000475 0.000695 0.001005 0.001441 0.002047 0.002884 0.004027 0.005575 0.007653 0.010415 0.014053 0.018800 0.024935 0.032789 0.042747 0.055250 0.070797 0.089940 0.113275 0.141437 0.175078 0.214852 0.261386 0.315254 0.376938 0.446795 0.525017 0.611593 0.706277 0.808553 0.917616 1.032360 1.151375 1.272967 1.395181 1.515848 1.632646 1.743163 1.844985 1.935780 2.013384 2.075891 2.121724 2.149709 2.159119 2.149709 2.121724 2.075891 2.013384 1.935780 1.844985 1.743163 1.632646 1.515848 1.395181 1.272967 1.151375 1.032360 0.917616 0.808553 0.706277 0.611593 0.525017 0.446795 0.376938 0.315254 0.261386 0.214852 0.175078 0.141437 0.113275 0.089940 0.070797 0.055250 0.042747 0.032789 0.024935 0.018800 0.014053 0.010415 0.007653 0.005575 0.004027 0.002883 0.002047 0.001440 0.001004 0.000692 0.000471 0.000314 0.000202 0.000120 0.000056 0.000000 
0.000000 0.000048 0.000105 0.000177 0.000278 0.000419 0.000621 0.000907 0.001313 0.001881 0.002673 0.003764 0.005255 0.007274 0.009983 0.013585 0.018328 0.024516 0.032512 0.042747 0.055722 0.072012 0.092266 0.117200 0.147593 0.184268 0.228074 0.279862 0.340447 0.410573 0.490867 0.581794 0.683600 0.796273 0.919488 1.052574 1.194484 1.343777 1.498620 1.656807 1.815797 1.972769 2.124701 2.268458 2.400903 2.519001 2.619939 2.701239 2.760852 2.797250 2.809489 2.797250 2.760852 2.701239 2.619939 2.519001 2.400903 2.268458 2.124701 1.972769 1.815797 1.656807 1.498620 1.343777 1.194484 1.052574 0.919488 0.796273 0.683600 0.581794 0.490867 0.410573 0.340447 0.279862 0.228074 0.184268 0.147593 0.117200 0.092266 0.072012 0.055722 0.042747 0.032512 0.024516 0.018328 0.013585 0.009983 0.007274 0.005254 0.003763 0.002672 0.001880 0.001311 0.000904 0.000615 0.000411 0.000264 0.000157 0.000073 0.000000 
0.000000 0.000063 0.000136 0.000230 0.000360 0.000543 0.000804 0.001175 0.001699 0.002435 0.003458 0.004870 0.006798 0.009409 0.012912 0.017568 0.023698 0.031694 0.042027 0.055250 0.072012 0.093054 0.119214 0.151415 0.190661 0.238014 0.294571 0.361425 0.439628 0.530141 0.633769 0.751110 0.882482 1.027866 1.186843 1.358545 1.541621 1.734211 1.933951 2.137996 2.343067 2.545528 2.741481 2.926886 3.097696 3.249999 3.380172 3.485015 3.561891 3.608829 3.624612 3.608829 3.561891 3.485015 3.380172 3.249999 3.097696 2.926886 2.741481 2.545528 2.343067 2.137996 1.933951 1.734211 1.541621 1.358545 1.186843 1.027866 0.882482 0.751110 0.633769 0.530141 0.439628 0.361425 0.294571 0.238014 0.190661 0.151415 0.119214 0.093054 0.072012 0.055250 0.042027 0.031694 0.023698 0.017567 0.012912 0.009409 0.006798 0.004869 0.003457 0.002433 0.001696 0.001170 0.000797 0.000532 0.000342 0.000203 0.000094 0.000000 
0.000000 0.000081 0.000174 0.000295 0.000462 0.000697 0.001032 0.001508 0.002181 0.003124 0.004437 0.006246 0.008719 0.012066 0.016555 0.022522 0.030377 0.040623 0.053859 0.070797 0.092266 0.119214 0.152711 0.193940 0.244185 0.304803 0.377195 0.462761 0.562845 0.678672 0.811273 0.961408 1.129485 1.315477 1.518845 1.738479 1.972648 2.218974 2.474433 2.735386 2.997640 3.256548 3.507124 3.744205 3.962617 4.157361 4.323804 4.457859 4.556152 4.616167 4.636347 4.616167 4.556152 4.457859 4.323804 4.157361 3.962617 3.744205 3.507124 3.256548 2.997640 2.735386 2.474433 2.218974 1.972648 1.738479 1.518845 1.315477 1.129485 0.961408 0.811273 0.678672 0.562845 0.462761 0.377195 0.304803 0.244185 0.193940 0.152711 0.119214 0.092266 0.070797 0.053859 0.040623 0.030377 0.022522 0.016555 0.012066 0.008718 0.006246 0.004435 0.003122 0.002177 0.001502 0.001023 0.000683 0.000439 0.000260 0.000121 0.000000 
0.000000 0.000103 0.000222 0.000376 0.000588 0.000887 0.001313 0.001919 0.002774 0.003974 0.005643 0.007943 0.011086 0.015339 0.021044 0.028625 0.038604 0.051618 0.068429 0.089940 0.117200 0.151415 0.193940 0.246277 0.310052 0.386986 0.478855 0.587433 0.714424 0.861377 1.029600 1.220055 1.433255 1.669164 1.927097 2.205645 2.502611 2.814978 3.138911 3.469797 3.802320 4.130588 4.448282 4.748858 5.025758 5.272647 5.483653 5.653597 5.778204 5.854284 5.879867 5.854284 5.778204 5.653597 5.483653 5.272647 5.025758 4.748858 4.448282 4.130588 3.802320 3.469797 3.138911 2.814978 2.502611 2.205645 1.927097 1.669164 1.433255 1.220055 1.029600 0.861377 0.714424 0.587433 0.478855 0.386986 0.310052 0.246277 0.193940 0.151415 0.117200 0.089940 0.068429 0.051618 0.038604 0.028625 0.021044 0.015339 0.011085 0.007942 0.005641 0.003971 0.002770 0.001911 0.001301 0.000869 0.000559 0.000331 0.000154 0.000000 
0.000000 0.000129 0.000280 0.000474 0.000742 0.001119 0.001657 0.002420 0.003499 0.005011 0.007115 0.010014 0.013973 0.019333 0.026520 0.036068 0.048637 0.065025 0.086193 0.113275 0.147593 0.190661 0.244185 0.310052 0.390306 0.487111 0.602699 0.739298 0.899049 1.083899 1.295488 1.535023 1.803149 2.099814 2.424157 2.774404 3.147789 3.540521 3.947776 4.363754 4.781776 5.194433 5.593787 5.971612 6.319668 6.629994 6.895212 7.108816 7.265434 7.361058 7.393212 7.361058 7.265434 7.108816 6.895212 6.629994 6.319668 5.971612 5.593787 5.194433 4.781776 4.363754 3.947776 3.540521 3.147789 2.774404 2.424157 2.099814 1.803149 1.535023 1.295488 1.083899 0.899049 0.739298 0.602699 0.487111 0.390306 0.310052 0.244185 0.190661 0.147593 0.113275 0.086193 0.065025 0.048636 0.036068 0.026519 0.019332 0.013973 0.010012 0.007112 0.005008 0.003493 0.002411 0.001642 0.001096 0.000705 0.000418 0.000194 0.000000 
0.000000 0.000162 0.000350 0.000593 0.000928 0.001400 0.002072 0.003026 0.004374 0.006265 0.008893 0.012515 0.017461 0.024155 0.033131 0.045055 0.060748 0.081208 0.107633 0.141437 0.184268 0.238014 0.304803 0.386986 0.487111 0.607875 0.752058 0.922438 1.121679 1.352206 1.616062 1.914749 2.249064 2.618942 3.023306 3.459941 3.925399 4.414950 4.922584 5.441071 5.962086 6.476397 6.974113 7.444985 7.878746 8.265480 8.595994 8.862182 9.057354 9.176517 9.216586 9.176517 9.057354 8.862182 8.595994 8.265480 7.878746 7.444985 6.974113 6.476397 5.962086 5.441071 4.922584 4.414950 3.925399 3.459941 3.023306 2.618942 2.249064 1.914749 1.616062 1.352206 1.121679 0.922438 0.752058 0.607875 0.487111 0.386986 0.304803 0.238014 0.184268 0.141437 0.107633 0.081208 0.060748 0.045054 0.033130 0.024155 0.017460 0.012513 0.008890 0.006260 0.004367 0.003014 0.002053 0.001371 0.000882 0.000523 0.000243 0.000000 
0.000000 0.000201 0.000434 0.000736 0.001151 0.001736 0.002569 0.003751 0.005422 0.007764 0.011019 0.015505 0.021631 0.029920 0.041033 0.055794 0.075220 0.100544 0.133247 0.175078 0.228074 0.294571 0.377195 0.478855 0.602699 0.752058 0.930369 1.141059 1.387422 1.672451 1.998666 2.367920 2.781194 3.238406 3.738219 4.277892 4.853163 5.458184 6.085528 6.726259 7.370092 8.005620 8.620624 9.202444 9.738396 10.216233 10.624600 10.953484 11.194624 11.341852 11.391357 11.341852 11.194624 10.953484 10.624600 10.216233 9.738396 9.202444 8.620624 8.005620 7.370092 6.726259 6.085528 5.458184 4.853163 4.277892 3.738219 3.238406 2.781194 2.367920 1.998666 1.672451 1.387422 1.141059 0.930369 0.752058 0.602699 0.478855 0.377195 0.294571 0.228074 0.175078 0.133247 0.100544 0.075220 0.055794 0.041032 0.029919 0.021630 0.015503 0.011016 0.007758 0.005413 0.003737 0.002545 0.001700 0.001094 0.000649 0.000301 0.000000 
0.000000 0.000247 0.000534 0.000905 0.001415 0.002134 0.003157 0.004610 0.006662 0.009538 0.013536 0.019044 0.026564 0.036740 0.050380 0.068497 0.092336 0.123409 0.163533 0.214852 0.279862 0.361425 0.462761 0.587433 0.739298 0.922438 1.141059 1.399363 1.701378 2.050771 2.450625 2.903206 3.409711 3.970035 4.582536 5.243852 5.948757 6.690085 7.458733 8.243756 9.032553 9.811151 10.564584 11.277346 11.933903 12.519257 13.019502 13.422377 13.717764 13.898111 13.958753 13.898111 13.717764 13.422377 13.019502 12.519257 11.933903 11.277346 10.564584 9.811151 9.032553 8.243756 7.458733 6.690085 5.948757 5.243852 4.582536 3.970035 3.409711 2.903206 2.450625 2.050771 1.701378 1.399363 1.141059 0.922438 0.739298 0.587433 0.462761 0.361425 0.279862 0.214852 0.163533 0.123409 0.092335 0.068497 0.050380 0.036739 0.026563 0.019041 0.013531 0.009531 0.006650 0.004592 0.003128 0.002089 0.001345 0.000798 0.000371 0.000000 
0.000000 0.000301 0.000651 0.001103 0.001724 0.002600 0.003846 0.005615 0.008114 0.011616 0.016483 0.023187 0.032341 0.044724 0.061322 0.083365 0.112366 0.150166 0.198971 0.261386 0.340447 0.439628 0.562845 0.714424 0.899049 1.121679 1.387422 1.701378 2.068439 2.493055 2.978966 3.528919 4.144365 4.825168 5.569331 6.372765 7.229117 8.129681 9.063398 10.016972 10.975100 11.920812 12.835934 13.701635 14.499057 15.209985 15.817537 16.306827 16.665571 16.884598 16.958246 16.884598 16.665571 16.306827 15.817537 15.209985 14.499057 13.701635 12.835934 11.920812 10.975100 10.016972 9.063398 8.129681 7.229117 6.372765 5.569331 4.825168 4.144365 3.528919 2.978966 2.493055 2.068439 1.701378 1.387422 1.121679 0.899049 0.714424 0.562845 0.439628 0.340447 0.261386 0.198971 0.150166 0.112366 0.083364 0.061321 0.044722 0.032339 0.023184 0.016477 0.011607 0.008100 0.005593 0.003811 0.002545 0.001639 0.000972 0.000452 0.000000 
0.000000 0.000364 0.000786 0.001332 0.002082 0.003140 0.004645 0.006781 0.009797 0.014023 0.019897 0.027988 0.039032 0.053971 0.073994 0.100582 0.135560 0.181146 0.239997 0.315254 0.410573 0.530141 0.678672 0.861377 1.083899 1.352206 1.672451 2.050771 2.493055 3.004656 3.590076 4.252615 4.994016 5.814108 6.710481 7.678205 8.709625 9.794252 10.918768 12.067160 13.221000 14.359857 15.461848 16.504304 17.464520 18.320571 19.052133 19.641287 20.073246 20.336974 20.425652 20.336974 20.073246 19.641287 19.052133 18.320571 17.464520 16.504304 15.461848 14.359857 13.221000 12.067160 10.918768 9.794252 8.709625 7.678205 6.710481 5.814108 4.994016 4.252615 3.590076 3.004656 2.493055 2.050771 1.672451 1.352206 1.083899 0.861377 0.678672 0.530141 0.410573 0.315254 0.239997 0.181146 0.135560 0.100581 0.073993 0.053970 0.039029 0.027984 0.019891 0.014013 0.009780 0.006754 0.004603 0.003074 0.001980 0.001174 0.000545 0.000000 
0.000000 0.000436 0.000942 0.001595 0.002493 0.003760 0.005561 0.008117 0.011726 0.016783 0.023810 0.033488 0.046699 0.064566 0.088511 0.120304 0.162126 0.216626 0.286979 0.376938 0.490867 0.633769 0.811273 1.029600 1.295488 1.616062 1.998666 2.450625 2.978966 3.590076 4.289323 5.080642 5.966107 6.945508 8.015958 9.171566 10.403188 11.698296 13.040987 14.412143 15.789763 17.149458 18.465107 19.709651 20.855991 21.877958 22.751297 23.454622 23.970286 24.285117 24.390978 24.285117 23.970286 23.454622 22.751297 21.877958 20.855991 19.709651 18.465107 17.149458 15.789763 14.412143 13.040987 11.698296 10.403188 9.171566 8.015958 6.945508 5.966107 5.080642 4.289323 3.590076 2.978966 2.450625 1.998666 1.616062 1.295488 1.029600 0.811273 0.633769 0.490867 0.376938 0.286979 0.216626 0.162126 0.120304 0.088510 0.064564 0.046696 0.033484 0.023803 0.016771 0.011706 0.008085 0.005510 0.003681 0.002370 0.001406 0.000653 0.000000 
0.000000 0.000518 0.001118 0.001894 0.002960 0.004463 0.006599 0.009632 0.013913 0.019912 0.028246 0.039723 0.055387 0.076571 0.104959 0.142647 0.192220 0.256814 0.340192 0.446795 0.581794 0.751110 0.961408 1.220055 1.535023 1.914749 2.367920 2.903206 3.528919 4.252615 5.080642 6.017651 7.066089 8.225697 9.493054 10.861178 12.319239 13.852405 15.441846 17.064935 18.695630 20.305066 21.862330 23.335401 24.692212 25.901796 26.935453 27.767878 28.378191 28.750806 28.876097 28.750806 28.378191 27.767878 26.935453 25.901796 24.692212 23.335401 21.862330 20.305066 18.695630 17.064935 15.441846 13.852405 12.319239 10.861178 9.493054 8.225697 7.066089 6.017651 5.080642 4.252615 3.528919 2.903206 2.367920 1.914749 1.535023 1.220055 0.961408 0.751110 0.581794 0.446795 0.340191 0.256814 0.192219 0.142647 0.104958 0.076569 0.055384 0.039717 0.028236 0.019897 0.013889 0.009594 0.006539 0.004369 0.002814 0.001669 0.000775 0.000000 
0.000000 0.000609 0.001315 0.002229 0.003482 0.005251 0.007764 0.011330 0.016365 0.023418 0.033216 0.046709 0.065121 0.090021 0.123384 0.167674 0.225925 0.301822 0.399780 0.525017 0.683600 0.882482 1.129485 1.433255 1.803149 2.249064 2.781194 3.409711 4.144365 4.994016 5.966107 7.066089 8.296823 9.657999 11.145591 12.751400 14.462709 16.262106 18.127494 20.032315 21.946011 23.834714 25.662153 27.390758 28.982908 30.402275 31.615188 32.591962 33.308103 33.745328 33.892342 33.745328 33.308103 32.591962 31.615188 30.402275 28.982908 27.390758 25.662153 23.834714 21.946011 20.032315 18.127494 16.262106 14.462709 12.751400 11.145591 9.657999 8.296823 7.066089 5.966107 4.994016 4.144365 3.409711 2.781194 2.249064 1.803149 1.433255 1.129485 0.882482 0.683600 0.525016 0.399780 0.301822 0.225925 0.167673 0.123382 0.090019 0.065117 0.046702 0.033205 0.023400 0.016337 0.011286 0.007693 0.005140 0.003311 0.001964 0.000913 0.000000 
0.000000 0.000711 0.001535 0.002600 0.004062 0.006124 0.009054 0.013212 0.019081 0.027302 0.038721 0.054445 0.075902 0.104914 0.143785 0.195382 0.263239 0.351644 0.465738 0.611593 0.796273 1.027866 1.315477 1.669164 2.099814 2.618942 3.238406 3.970035 4.825168 5.814108 6.945508 8.225697 9.657999 11.242041 12.973131 14.841719 16.833004 18.926722 21.097160 23.313419 25.539949 27.737349 29.863428 31.874486 33.726762 35.378003 36.789047 37.925369 38.758479 39.267114 39.438140 39.267114 38.758479 37.925369 36.789047 35.378003 33.726762 31.874486 29.863428 27.737349 25.539949 23.313419 21.097160 18.926722 16.833004 14.841719 12.973131 11.242041 9.657999 8.225697 6.945508 5.814108 4.825168 3.970035 3.238406 2.618942 2.099814 1.669164 1.315477 1.027866 0.796273 0.611593 0.465738 0.351644 0.263238 0.195381 0.143783 0.104911 0.075897 0.054438 0.038709 0.027281 0.019048 0.013160 0.008971 0.005994 0.003861 0.002291 0.001064 0.000000 
0.000000 0.000822 0.001775 0.003006 0.004696 0.007080 0.010466 0.015272 0.022054 0.031553 0.044747 0.062912 0.087698 0.121209 0.166104 0.225694 0.304056 0.406140 0.537878 0.706277 0.919488 1.186843 1.518845 1.927097 2.424157 3.023306 3.738219 4.582536 5.569331 6.710481 8.015958 9.493054 11.145591 12.973131 14.970250 17.125923 19.423069 21.838309 24.341981 26.898444 29.466693 32.001287 34.453568 36.773140 38.909541 40.814044 42.441492 43.752073 44.712938 45.299569 45.496820 45.299569 44.712938 43.752073 42.441492 40.814044 38.909541 36.773140 34.453568 32.001287 29.466693 26.898444 24.341981 21.838309 19.423069 17.125923 14.970250 12.973131 11.145591 9.493054 8.015958 6.710481 5.569331 4.582536 3.738219 3.023306 2.424157 1.927097 1.518845 1.186843 0.919488 0.706277 0.537878 0.406139 0.304055 0.225693 0.166102 0.121206 0.087692 0.062903 0.044732 0.031529 0.022016 0.015211 0.010371 0.006930 0.004464 0.002649 0.001231 0.000000 
0.000000 0.000942 0.002034 0.003445 0.005383 0.008113 0.011993 0.017499 0.025267 0.036148 0.051259 0.072063 0.100446 0.138818 0.190222 0.258446 0.348154 0.465012 0.615807 0.808553 1.052574 1.358545 1.738479 2.205645 2.774404 3.459941 4.277892 5.243852 6.372765 7.678205 9.171566 10.861178 12.751400 14.841719 17.125923 19.591393 22.218589 24.980767 27.844005 30.767545 33.704498 36.602906 39.407135 42.059565 44.502505 46.680247 48.541166 50.039749 51.138443 51.809218 52.034762 51.809218 51.138443 50.039749 48.541166 46.680247 44.502505 42.059565 39.407135 36.602906 33.704498 30.767545 27.844005 24.980767 22.218589 19.591393 17.125923 14.841719 12.751400 10.861178 9.171566 7.678205 6.372765 5.243852 4.277892 3.459941 2.774404 2.205645 1.738479 1.358545 1.052574 0.808553 0.615807 0.465012 0.348153 0.258444 0.190219 0.138815 0.100439 0.072052 0.051242 0.036121 0.025224 0.017429 0.011884 0.007942 0.005117 0.003036 0.001411 0.000000 
0.000000 0.001070 0.002311 0.003914 0.006115 0.009217 0.013623 0.019876 0.028697 0.041051 0.058208 0.081826 0.114046 0.157604 0.215948 0.293379 0.395188 0.527800 0.698913 0.917616 1.194484 1.541621 1.972648 2.502611 3.147789 3.925399 4.853163 5.948757 7.229117 8.709625 10.403188 12.319239 14.462709 16.833004 19.423069 22.218589 25.197399 28.329175 31.575453 34.890024 38.219734 41.505682 44.684805 47.691790 50.461244 52.930027 55.039626 56.738456 57.983955 58.744355 59.000034 58.744355 57.983955 56.738456 55.039626 52.930027 50.461244 47.691790 44.684805 41.505682 38.219734 34.890024 31.575453 28.329175 25.197399 22.218589 19.423069 16.833004 14.462709 12.319239 10.403188 8.709625 7.229117 5.948757 4.853163 3.925399 3.147789 2.502611 1.972648 1.541621 1.194484 0.917616 0.698912 0.527799 0.395187 0.293378 0.215945 0.157599 0.114039 0.081814 0.058189 0.041021 0.028648 0.019797 0.013499 0.009022 0.005813 0.003450 0.001603 0.000000 
0.000000 0.001205 0.002603 0.004409 0.006886 0.010379 0.015340 0.022378 0.032308 0.046214 0.065523 0.092103 0.128361 0.177374 0.243022 0.330141 0.444680 0.593865 0.786352 1.032360 1.343777 1.734211 2.218974 2.814978 3.540521 4.414950 5.458184 6.690085 8.129681 9.794252 11.698296 13.852405 16.262106 18.926722 21.838309 24.980767 28.329175 31.849441 35.498330 39.223903 42.966419 46.659683 50.232823 53.612443 56.725058 59.499717 61.870670 63.779950 65.179733 66.034324 66.321673 66.034324 65.179733 63.779950 61.870670 59.499717 56.725058 53.612443 50.232823 46.659683 42.966419 39.223903 35.498330 31.849441 28.329175 24.980767 21.838309 18.926722 16.262106 13.852405 11.698296 9.794252 8.129681 6.690085 5.458184 4.414950 3.540521 2.814978 2.218974 1.734211 1.343777 1.032359 0.786351 0.593865 0.444679 0.330139 0.243020 0.177370 0.128353 0.092090 0.065502 0.046179 0.032252 0.022289 0.015200 0.010159 0.006546 0.003885 0.001805 0.000000 
0.000000 0.001346 0.002906 0.004922 0.007687 0.011585 0.017122 0.024976 0.036056 0.051571 0.073115 0.102767 0.143215 0.197888 0.271113 0.368280 0.496023 0.662398 0.877051 1.151375 1.498620 1.933951 2.474433 3.138911 3.947776 4.922584 6.085528 7.458733 9.063398 10.918768 13.040987 15.441846 18.127494 21.097160 24.341981 27.844005 31.575453 35.498330 39.564453 43.715948 47.886248 52.001599 55.983040 59.748798 63.217005 66.308616 68.950384 71.077733 72.637384 73.589574 73.909740 73.589574 72.637384 71.077733 68.950384 66.308616 63.217005 59.748798 55.983040 52.001599 47.886248 43.715948 39.564453 35.498330 31.575453 27.844005 24.341981 21.097160 18.127494 15.441846 13.040987 10.918768 9.063398 7.458733 6.085528 4.922584 3.947776 3.138911 2.474433 1.933951 1.498620 1.151375 0.877051 0.662397 0.496022 0.368278 0.271110 0.197883 0.143206 0.102753 0.073091 0.051533 0.035994 0.024877 0.016965 0.011340 0.007307 0.004337 0.002015 0.000000 
0.000000 0.001489 0.003216 0.005446 0.008506 0.012819 0.018944 0.027632 0.039888 0.057048 0.080875 0.113668 0.158397 0.218853 0.299819 0.407253 0.548486 0.732421 0.969718 1.272967 1.656807 2.137996 2.735386 3.469797 4.363754 5.441071 6.726259 8.243756 10.016972 12.067160 14.412143 17.064935 20.032315 23.313419 26.898444 30.767545 34.890024 39.223903 43.715948 48.302225 52.909201 57.455405 61.853621 66.013525 69.844695 73.259827 76.178019 78.527952 80.250781 81.302590 81.656251 81.302590 80.250781 78.527952 76.178019 73.259827 69.844695 66.013525 61.853621 57.455405 52.909201 48.302225 43.715948 39.223903 34.890024 30.767545 26.898444 23.313419 20.032315 17.064935 14.412143 12.067160 10.016972 8.243756 6.726259 5.441071 4.363754 3.469797 2.735385 2.137996 1.656807 1.272967 0.969718 0.732420 0.548485 0.407250 0.299815 0.218847 0.158387 0.113651 0.080848 0.057005 0.039819 0.027522 0.018770 0.012547 0.008085 0.004799 0.002230 0.000000 
0.000000 0.001634 0.003528 0.005974 0.009330 0.014059 0.020776 0.030303 0.043741 0.062556 0.088678 0.124628 0.173661 0.239931 0.328678 0.446432 0.601224 0.802808 1.062864 1.395181 1.815797 2.343067 2.997640 3.802320 4.781776 5.962086 7.370092 9.032553 10.975100 13.221000 15.789763 18.695630 21.946011 25.539949 29.466693 33.704498 38.219734 42.966419 47.886248 52.909201 57.954747 62.933668 67.750455 72.306201 76.501892 80.241929 83.437727 86.011193 87.897896 89.049749 89.437048 89.049749 87.897896 86.011193 83.437727 80.241929 76.501892 72.306201 67.750455 62.933668 57.954747 52.909201 47.886248 42.966419 38.219734 33.704498 29.466693 25.539949 21.946011 18.695630 15.789763 13.221000 10.975100 9.032553 7.370092 5.962086 4.781776 3.802320 2.997640 2.343067 1.815797 1.395180 1.062863 0.802807 0.601223 0.446430 0.328674 0.239924 0.173650 0.124610 0.088649 0.062509 0.043665 0.030182 0.020585 0.013761 0.008868 0.005264 0.002446 0.000000 
0.000000 0.001776 0.003836 0.006495 0.010144 0.015285 0.022586 0.032942 0.047548 0.067996 0.096385 0.135454 0.188737 0.260748 0.357179 0.485122 0.653302 0.872311 1.154834 1.515848 1.972769 2.545528 3.256548 4.130588 5.194433 6.476397 8.005620 9.811151 11.920812 14.359857 17.149458 20.305066 23.834714 27.737349 32.001287 36.602906 41.505682 46.659683 52.001599 57.455405 62.933668 68.339526 73.569287 78.515578 83.070908 87.131497 90.601180 93.395182 95.443561 96.694115 97.114602 96.694115 95.443561 93.395182 90.601180 87.131497 83.070908 78.515578 73.569287 68.339526 62.933668 57.455405 52.001599 46.659683 41.505682 36.602906 32.001287 27.737349 23.834714 20.305066 17.149458 14.359857 11.920812 9.811151 8.005620 6.476397 5.194433 4.130588 3.256547 2.545528 1.972769 1.515848 1.154834 0.872310 0.653301 0.485120 0.357175 0.260741 0.188725 0.135434 0.096354 0.067945 0.047465 0.032810 0.022379 0.014961 0.009642 0.005723 0.002660 0.000000 
0.000000 0.001915 0.004134 0.007000 0.010933 0.016472 0.024339 0.035497 0.051234 0.073265 0.103848 0.145935 0.203333 0.280902 0.384771 0.522577 0.703715 0.939589 1.243858 1.632646 2.124701 2.741481 3.507124 4.448282 5.593787 6.974113 8.620624 10.564584 12.835934 15.461848 18.465107 21.862330 25.662153 29.863428 34.453568 39.407135 44.684805 50.232823 55.983040 61.853621 67.750455 73.569287 79.198514 84.522571 89.425770 93.796418 97.531018 100.538335 102.743095 104.089118 104.541705 104.089118 102.743095 100.538335 97.531018 93.796418 89.425770 84.522571 79.198514 73.569287 67.750455 61.853621 55.983040 50.232823 44.684805 39.407135 34.453568 29.863428 25.662153 21.862330 18.465107 15.461848 12.835934 10.564584 8.620624 6.974113 5.593787 4.448282 3.507124 2.741481 2.124701 1.632645 1.243858 0.939589 0.703714 0.522575 0.384766 0.280894 0.203320 0.145914 0.103814 0.073209 0.051145 0.035355 0.024116 0.016123 0.010391 0.006168 0.002866 0.000000 
