0.000000 0.000000 0.000000 0.000000 0.000000 0.000000 0.000000 0.000000 0.000000 0.000000 0.000000 0.000000 0.000000 0.000000 0.000000 0.000000 0.000000 0.000000 0.000000 0.000000 0.000000 0.000000 0.000000 0.000000 0.000000 0.000000 0.000000 0.000000 0.000000 0.000000 0.000000 0.000000 0.000000 0.000000 0.000000 0.000000 0.000000 0.000000 0.000000 0.000000 0.000000 0.000000 0.000000 0.000000 0.000000 0.000000 0.000000 0.000000 0.000000 0.000000 0.000000 0.000000 0.000000 0.000000 0.000000 0.000000 0.000000 0.000000 0.000000 0.000000 0.000000 0.000000 0.000000 0.000000 0.000000 0.000000 0.000000 0.000000 0.000000 0.000000 0.000000 0.000000 0.000000 0.000000 0.000000 0.000000 0.000000 0.000000 0.000000 0.000000 0.000000 0.000000 0.000000 0.000000 0.000000 0.000000 0.000000 0.000000 0.000000 0.000000 0.000000 0.000000 0.000000 0.000000 0.000000 0.000000 0.000000 0.000000 0.000000 0.000000 
0.000000 0.000000 0.000000 0.000000 0.000000 0.000000 0.000000 0.000000 0.000000 0.000000 0.000000 0.000000 0.000000 0.000000 0.000000 0.000000 0.000000 0.000000 0.000000 0.000000 0.000000 0.000000 0.000000 0.000000 0.000000 0.000000 0.000000 0.000000 0.000000 0.000000 0.000000 0.000000 0.000000 0.000000 0.000000 0.000000 0.000000 0.000000 0.000000 0.000000 0.000000 0.000000 0.000000 0.000000 0.000000 0.000000 0.000000 0.000000 0.000000 0.000000 0.000000 0.000000 0.000000 0.000000 0.000000 0.000000 0.000000 0.000000 0.000000 0.000000 0.000000 0.000000 0.000000 0.000000 0.000000 0.000000 0.000000 0.000000 0.000000 0.000000 0.000000 0.000000 0.000000 0.000000 0.000000 0.000000 0.000000 0.000000 0.000000 0.000000 0.000000 0.000000 0.000000 0.000000 0.000000 0.000000 0.000000 0.000000 0.000000 0.000000 0.000000 0.000000 0.000000 0.000000 0.000000 0.000000 0.000000 0.000000 0.000000 0.000000 
0.000000 0.000000 0.000000 0.000000 0.000000 0.000000 0.000000 0.000000 0.000000 0.000000 0.000000 0.000000 0.000000 0.000000 0.000000 0.000000 0.000000 0.000000 0.000000 0.000000 0.000000 0.000000 0.000000 0.000000 0.000000 0.000000 0.000000 0.000000 0.000000 0.000000 0.000000 0.000000 0.000000 0.000000 0.000000 0.000000 0.000000 0.000000 0.000000 0.000000 0.000000 0.000000 0.000000 0.000000 0.000000 0.000000 0.000000 0.000000 0.000000 0.000000 0.000000 0.000000 0.000000 0.000000 0.000000 0.000000 0.000000 0.000000 0.000000 0.000000 0.000000 0.000000 0.000000 0.000000 0.000000 0.000000 0.000000 0.000000 0.000000 0.000000 0.000000 0.000000 0.000000 0.000000 0.000000 0.000000 0.000000 0.000000 0.000000 0.000000 0.000000 0.000000 0.000000 0.000000 0.000000 0.000000 0.000000 0.000000 0.000000 0.000000 0.000000 0.000000 0.000000 0.000000 0.000000 0.000000 0.000000 0.000000 0.000000 0.000000 
0.000000 0.000000 0.000000 0.000000 0.000000 0.000000 0.000000 0.000000 0.000000 0.000000 0.000000 0.000000 0.000000 0.000000 0.000000 0.000000 0.000000 0.000000 0.000000 0.000000 0.000000 0.000000 0.000000 0.000000 0.000000 0.000000 0.000000 0.000000 0.000000 0.000000 0.000000 0.000000 0.000000 0.000000 0.000000 0.000000 0.000000 0.000000 0.000000 0.000000 0.000000 0.000000 0.000000 0.000000 0.000000 0.000000 0.000000 0.000000 0.000000 0.000000 0.000000 0.000000 0.000000 0.000000 0.000000 0.000000 0.000000 0.000000 0.000000 0.000000 0.000000 0.000000 0.000000 0.000000 0.000000 0.000000 0.000000 0.000000 0.000000 0.000000 0.000000 0.000000 0.000000 0.000000 0.000000 0.000000 0.000000 0.000000 0.000000 0.000000 0.000000 0.000000 0.000000 0.000000 0.000000 0.000000 0.000000 0.000000 0.000000 0.000000 0.000000 0.000000 0.000000 0.000000 0.000000 0.000000 0.000000 0.000000 0.000000 0.000000 
0.000000 0.000000 0.000000 0.000000 0.000000 0.000000 0.000000 0.000000 0.000000 0.000000 0.000000 0.000000 0.000000 0.000000 0.000000 0.000000 0.000000 0.000000 0.000000 0.000000 0.000000 0.000000 0.000000 0.000000 0.000000 0.000000 0.000000 0.000000 0.000000 0.000000 0.000000 0.000000 0.000000 0.000000 0.000000 0.000000 0.000000 0.000000 0.000000 0.000000 0.000000 0.000000 0.000000 0.000000 0.000000 0.000000 0.000000 0.000000 0.000000 0.000000 0.000000 0.000000 0.000000 0.000000 0.000000 0.000000 0.000000 0.000000 0.000000 0.000000 0.000000 0.000000 0.000000 0.000000 0.000000 0.000000 0.000000 0.000000 0.000000 0.000000 0.000000 0.000000 0.000000 0.000000 0.000000 0.000000 0.000000 0.000000 0.000000 0.000000 0.000000 0.000000 0.000000 0.000000 0.000000 0.000000 0.000000 0.000000 0.000000 0.000000 0.000000 0.000000 0.000000 0.000000 0.000000 0.000000 0.000000 0.000000 0.000000 0.000000 
0.000000 0.000000 0.000000 0.000000 0.000000 0.000000 0.000000 0.000000 0.000000 0.000000 0.000000 0.000000 0.000000 0.000000 0.000000 0.000000 0.000000 0.000000 0.000000 0.000000 0.000000 0.000000 0.000000 0.000000 0.000000 0.000000 0.000000 0.000000 0.000000 0.000000 0.000000 0.000000 0.000000 0.000000 0.000000 0.000000 0.000000 0.000000 0.000000 0.000000 0.000000 0.000000 0.000000 0.000000 0.000000 0.000000 0.000000 0.000000 0.000000 0.000000 0.000000 0.000000 0.000000 0.000000 0.000000 0.000000 0.000000 0.000000 0.000000 0.000000 0.000000 0.000000 0.000000 0.000000 0.000000 0.000000 0.000000 0.000000 0.000000 0.000000 0.000000 0.000000 0.000000 0.000000 0.000000 0.000000 0.000000 0.000000 0.000000 0.000000 0.000000 0.000000 0.000000 0.000000 0.000000 0.000000 0.000000 0.000000 0.000000 0.000000 0.000000 0.000000 0.000000 0.000000 0.000000 0.000000 0.000000 0.000000 0.000000 0.000000 
0.000000 0.000000 0.000000 0.000000 0.000000 0.000000 0.000000 0.000000 0.000000 0.000000 0.000000 0.000000 0.000000 0.000000 0.000000 0.000000 0.000000 0.000000 0.000000 0.000000 0.000000 0.000000 0.000000 0.000000 0.000000 0.000000 0.000000 0.000000 0.000000 0.000000 0.000000 0.000000 0.000000 0.000000 0.000000 0.000000 0.000000 0.000000 0.000000 0.000000 0.000000 0.000000 0.000000 0.000000 0.000000 0.000000 0.000000 0.000000 0.000000 0.000000 0.000000 0.000000 0.000000 0.000000 0.000000 0.000000 0.000000 0.000000 0.000000 0.000000 0.000000 0.000000 0.000000 0.000000 0.000000 0.000000 0.000000 0.000000 0.000000 0.000000 0.000000 0.000000 0.000000 0.000000 0.000000 0.000000 0.000000 0.000000 0.000000 0.000000 0.000000 0.000000 0.000000 0.000000 0.000000 0.000000 0.000000 0.000000 0.000000 0.000000 0.000000 0.000000 0.000000 0.000000 0.000000 0.000000 0.000000 0.000000 0.000000 0.000000 
0.000000 0.000000 0.000000 0.000000 0.000000 0.000000 0.000000 0.000000 0.000000 0.000000 0.000000 0.000000 0.000000 0.000000 0.000000 0.000000 0.000000 0.000000 0.000000 0.000000 0.000000 0.000000 0.000000 0.000000 0.000000 0.000000 0.000000 0.000000 0.000000 0.000000 0.000000 0.000000 0.000000 0.000000 0.000000 0.000000 0.000000 0.000000 0.000000 0.000000 0.000000 0.000000 0.000001 0.000001 0.000001 0.000001 0.000001 0.000001 0.000001 0.000001 0.000001 0.000001 0.000001 0.000001 0.000001 0.000001 0.000001 0.000001 0.000001 0.000000 0.000000 0.000000 0.000000 0.000000 0.000000 0.000000 0.000000 0.000000 0.000000 0.000000 0.000000 0.000000 0.000000 0.000000 0.000000 0.000000 0.000000 0.000000 0.000000 0.000000 0.000000 0.000000 0.000000 0.000000 0.000000 0.000000 0.000000 0.000000 0.000000 0.000000 0.000000 0.000000 0.000000 0.000000 0.000000 0.000000 0.000000 0.000000 0.000000 0.000000 
0.000000 0.000000 0.000000 0.000000 0.000000 0.000000 0.000000 0.000000 0.000000 0.000000 0.000000 0.000000 0.000000 0.000000 0.000000 0.000000 0.000000 0.000000 0.000000 0.000000 0.000000 0.000000 0.000000 0.000000 0.000000 0.000000 0.000000 0.000000 0.000000 0.000000 0.000000 0.000000 0.000000 0.000000 0.000000 0.000000 0.000000 0.000000 0.000001 0.000001 0.000001 0.000001 0.000001 0.000002 0.000002 0.000002 0.000002 0.000003 0.000003 0.000003 0.000003 0.000003 0.000003 0.000003 0.000002 0.000002 0.000002 0.000002 0.000001 0.000001 0.000001 0.000001 0.000001 0.000000 0.000000 0.000000 0.000000 0.000000 0.000000 0.000000 0.000000 0.000000 0.000000 0.000000 0.000000 0.000000 0.000000 0.000000 0.000000 0.000000 0.000000 0.000000 0.000000 0.000000 0.000000 0.000000 0.000000 0.000000 0.000000 0.000000 0.000000 0.000000 0.000000 0.000000 0.000000 0.000000 0.000000 0.000000 0.000000 0.000000 
0.000000 0.000000 0.000000 0.000000 0.000000 0.000000 0.000000 0.000000 0.000000 0.000000 0.000000 0.000000 0.000000 0.000000 0.000000 0.000000 0.000000 0.000000 0.000000 0.000000 0.000000 0.000000 0.000000 0.000000 0.000000 0.000000 0.000000 0.000000 0.000000 0.000000 0.000000 0.000000 0.000000 0.000000 0.000000 0.000001 0.000001 0.000001 0.000001 0.000002 0.000002 0.000003 0.000003 0.000004 0.000005 0.000005 0.000006 0.000006 0.000007 0.000007 0.000007 0.000007 0.000007 0.000006 0.000006 0.000005 0.000005 0.000004 0.000003 0.000003 0.000002 0.000002 0.000001 0.000001 0.000001 0.000001 0.000000 0.000000 0.000000 0.000000 0.000000 0.000000 0.000000 0.000000 0.000000 0.000000 0.000000 0.000000 0.000000 0.000000 0.000000 0.000000 0.000000 0.000000 0.000000 0.000000 0.000000 0.000000 0.000000 0.000000 0.000000 0.000000 0.000000 0.000000 0.000000 0.000000 0.000000 0.000000 0.000000 0.000000 
0.000000 0.000000 0.000000 0.000000 0.000000 0.000000 0.000000 0.000000 0.000000 0.000000 0.000000 0.000000 0.000000 0.000000 0.000000 0.000000 0.000000 0.000000 0.000000 0.000000 0.000000 0.000000 0.000000 0.000000 0.000000 0.000000 0.000000 0.000000 0.000000 0.000000 0.000000 0.000000 0.000000 0.000001 0.000001 0.000001 0.000002 0.000002 0.000003 0.000004 0.000005 0.000006 0.000008 0.000009 0.000010 0.000012 0.000013 0.000014 0.000015 0.000016 0.000016 0.000016 0.000015 0.000014 0.000013 0.000012 0.000010 0.000009 0.000008 0.000006 0.000005 0.000004 0.000003 0.000002 0.000002 0.000001 0.000001 0.000001 0.000000 0.000000 0.000000 0.000000 0.000000 0.000000 0.000000 0.000000 0.000000 0.000000 0.000000 0.000000 0.000000 0.000000 0.000000 0.000000 0.000000 0.000000 0.000000 0.000000 0.000000 0.000000 0.000000 0.000000 0.000000 0.000000 0.000000 0.000000 0.000000 0.000000 0.000000 0.000000 
0.000000 0.000000 0.000000 0.000000 0.000000 0.000000 0.000000 0.000000 0.000000 0.000000 0.000000 0.000000 0.000000 0.000000 0.000000 0.000000 0.000000 0.000000 0.000000 0.000000 0.000000 0.000000 0.000000 0.000000 0.000000 0.000000 0.000000 0.000000 0.000000 0.000000 0.000000 0.000001 0.000001 0.000001 0.000002 0.000003 0.000004 0.000005 0.000007 0.000009 0.000011 0.000014 0.000017 0.000020 0.000024 0.000027 0.000030 0.000032 0.000034 0.000036 0.000036 0.000036 0.000034 0.000032 0.000030 0.000027 0.000024 0.000020 0.000017 0.000014 0.000011 0.000009 0.000007 0.000005 0.000004 0.000003 0.000002 0.000001 0.000001 0.000001 0.000000 0.000000 0.000000 0.000000 0.000000 0.000000 0.000000 0.000000 0.000000 0.000000 0.000000 0.000000 0.000000 0.000000 0.000000 0.000000 0.000000 0.000000 0.000000 0.000000 0.000000 0.000000 0.000000 0.000000 0.000000 0.000000 0.000000 0.000000 0.000000 0.000000 
0.000000 0.000000 0.000000 0.000000 0.000000 0.000000 0.000000 0.000000 0.000000 0.000000 0.000000 0.000000 0.000000 0.000000 0.000000 0.000000 0.000000 0.000000 0.000000 0.000000 0.000000 0.000000 0.000000 0.000000 0.000000 0.000000 0.000000 0.000000 0.000000 0.000001 0.000001 0.000001 0.000002 0.000003 0.000004 0.000006 0.000008 0.000011 0.000015 0.000020 0.000025 0.000031 0.000038 0.000045 0.000053 0.000060 0.000066 0.000072 0.000076 0.000079 0.000080 0.000079 0.000076 0.000072 0.000066 0.000060 0.000053 0.000045 0.000038 0.000031 0.000025 0.000020 0.000015 0.000011 0.000008 0.000006 0.000004 0.000003 0.000002 0.000001 0.000001 0.000001 0.000000 0.000000 0.000000 0.000000 0.000000 0.000000 0.000000 0.000000 0.000000 0.000000 0.000000 0.000000 0.000000 0.000000 0.000000 0.000000 0.000000 0.000000 0.000000 0.000000 0.000000 0.000000 0.000000 0.000000 0.000000 0.000000 0.000000 0.000000 
0.000000 0.000000 0.000000 0.000000 0.000000 0.000000 0.000000 0.000000 0.000000 0.000000 0.000000 0.000000 0.000000 0.000000 0.000000 0.000000 0.000000 0.000000 0.000000 0.000000 0.000000 0.000000 0.000000 0.000000 0.000000 0.000000 0.000000 0.000000 0.000001 0.000001 0.000002 0.000003 0.000004 0.000006 0.000009 0.000013 0.000018 0.000025 0.000033 0.000044 0.000055 0.000069 0.000084 0.000099 0.000115 0.000131 0.000145 0.000157 0.000166 0.000172 0.000174 0.000172 0.000166 0.000157 0.000145 0.000131 0.000115 0.000099 0.000084 0.000069 0.000055 0.000044 0.000033 0.000025 0.000018 0.000013 0.000009 0.000006 0.000004 0.000003 0.000002 0.000001 0.000001 0.000000 0.000000 0.000000 0.000000 0.000000 0.000000 0.000000 0.000000 0.000000 0.000000 0.000000 0.000000 0.000000 0.000000 0.000000 0.000000 0.000000 0.000000 0.000000 0.000000 0.000000 0.000000 0.000000 0.000000 0.000000 0.000000 0.000000 
0.000000 0.000000 0.000000 0.000000 0.000000 0.000000 0.000000 0.000000 0.000000 0.000000 0.000000 0.000000 0.000000 0.000000 0.000000 0.000000 0.000000 0.000000 0.000000 0.000000 0.000000 0.000000 0.000000 0.000000 0.000000 0.000000 0.000001 0.000001 0.000002 0.000002 0.000004 0.000006 0.000009 0.000014 0.000020 0.000029 0.000040 0.000054 0.000072 0.000093 0.000119 0.000148 0.000179 0.000213 0.000247 0.000280 0.000310 0.000336 0.000356 0.000368 0.000372 0.000368 0.000356 0.000336 0.000310 0.000280 0.000247 0.000213 0.000179 0.000148 0.000119 0.000093 0.000072 0.000054 0.000040 0.000029 0.000020 0.000014 0.000009 0.000006 0.000004 0.000002 0.000002 0.000001 0.000001 0.000000 0.000000 0.000000 0.000000 0.000000 0.000000 0.000000 0.000000 0.000000 0.000000 0.000000 0.000000 0.000000 0.000000 0.000000 0.000000 0.000000 0.000000 0.000000 0.000000 0.000000 0.000000 0.000000 0.000000 0.000000 
0.000000 0.000000 0.000000 0.000000 0.000000 0.000000 0.000000 0.000000 0.000000 0.000000 0.000000 0.000000 0.000000 0.000000 0.000000 0.000000 0.000000 0.000000 0.000000 0.000000 0.000000 0.000000 0.000000 0.000000 0.000000 0.000001 0.000001 0.000002 0.000003 0.000005 0.000008 0.000013 0.000020 0.000029 0.000043 0.000060 0.000084 0.000114 0.000152 0.000197 0.000250 0.000310 0.000376 0.000446 0.000518 0.000587 0.000650 0.000704 0.000745 0.000771 0.000780 0.000771 0.000745 0.000704 0.000650 0.000587 0.000518 0.000446 0.000376 0.000310 0.000250 0.000197 0.000152 0.000114 0.000084 0.000060 0.000043 0.000029 0.000020 0.000013 0.000008 0.000005 0.000003 0.000002 0.000001 0.000001 0.000000 0.000000 0.000000 0.000000 0.000000 0.000000 0.000000 0.000000 0.000000 0.000000 0.000000 0.000000 0.000000 0.000000 0.000000 0.000000 0.000000 0.000000 0.000000 0.000000 0.000000 0.000000 0.000000 0.000000 
0.000000 0.000000 0.000000 0.000000 0.000000 0.000000 0.000000 0.000000 0.000000 0.000000 0.000000 0.000000 0.000000 0.000000 0.000000 0.000000 0.000000 0.000000 0.000000 0.000000 0.000000 0.000000 0.000000 0.000000 0.000001 0.000001 0.000002 0.000004 0.000007 0.000011 0.000017 0.000027 0.000041 0.000061 0.000088 0.000125 0.000174 0.000236 0.000313 0.000406 0.000515 0.000639 0.000775 0.000919 0.001065 0.001207 0.001337 0.001448 0.001533 0.001586 0.001604 0.001586 0.001533 0.001448 0.001337 0.001207 0.001065 0.000919 0.000775 0.000639 0.000515 0.000406 0.000313 0.000236 0.000174 0.000125 0.000088 0.000061 0.000041 0.000027 0.000017 0.000011 0.000007 0.000004 0.000002 0.000001 0.000001 0.000000 0.000000 0.000000 0.000000 0.000000 0.000000 0.000000 0.000000 0.000000 0.000000 0.000000 0.000000 0.000000 0.000000 0.000000 0.000000 0.000000 0.000000 0.000000 0.000000 0.000000 0.000000 0.000000 
0.000000 0.000000 0.000000 0.000000 0.000000 0.000000 0.000000 0.000000 0.000000 0.000000 0.000000 0.000000 0.000000 0.000000 0.000000 0.000000 0.000000 0.000000 0.000000 0.000000 0.000000 0.000000 0.000000 0.000001 0.000002 0.000003 0.000005 0.000008 0.000014 0.000023 0.000036 0.000055 0.000084 0.000124 0.000180 0.000254 0.000353 0.000478 0.000634 0.000822 0.001042 0.001292 0.001566 0.001856 0.002150 0.002435 0.002697 0.002919 0.003090 0.003197 0.003233 0.003197 0.003090 0.002919 0.002697 0.002435 0.002150 0.001856 0.001566 0.001292 0.001042 0.000822 0.000634 0.000478 0.000353 0.000254 0.000180 0.000124 0.000084 0.000055 0.000036 0.000023 0.000014 0.000008 0.000005 0.000003 0.000002 0.000001 0.000000 0.000000 0.000000 0.000000 0.000000 0.000000 0.000000 0.000000 0.000000 0.000000 0.000000 0.000000 0.000000 0.000000 0.000000 0.000000 0.000000 0.000000 0.000000 0.000000 0.000000 0.000000 
0.000000 0.000000 0.000000 0.000000 0.000000 0.000000 0.000000 0.000000 0.000000 0.000000 0.000000 0.000000 0.000000 0.000000 0.000000 0.000000 0.000000 0.000000 0.000000 0.000000 0.000000 0.000001 0.000001 0.000002 0.000003 0.000006 0.000010 0.000017 0.000028 0.000045 0.000071 0.000110 0.000167 0.000247 0.000358 0.000506 0.000701 0.000950 0.001259 0.001631 0.002066 0.002559 0.003101 0.003673 0.004253 0.004816 0.005332 0.005771 0.006106 0.006317 0.006389 0.006317 0.006106 0.005771 0.005332 0.004816 0.004253 0.003673 0.003101 0.002559 0.002066 0.001631 0.001259 0.000950 0.000701 0.000506 0.000358 0.000247 0.000167 0.000110 0.000071 0.000045 0.000028 0.000017 0.000010 0.000006 0.000003 0.000002 0.000001 0.000001 0.000000 0.000000 0.000000 0.000000 0.000000 0.000000 0.000000 0.000000 0.000000 0.000000 0.000000 0.000000 0.000000 0.000000 0.000000 0.000000 0.000000 0.000000 0.000000 0.000000 
0.000000 0.000000 0.000000 0.000000 0.000000 0.000000 0.000000 0.000000 0.000000 0.000000 0.000000 0.000000 0.000000 0.000000 0.000000 0.000000 0.000000 0.000000 0.000000 0.000000 0.000001 0.000001 0.000002 0.000004 0.000007 0.000012 0.000020 0.000033 0.000055 0.000089 0.000140 0.000216 0.000327 0.000483 0.000698 0.000988 0.001367 0.001850 0.002449 0.003171 0.004014 0.004971 0.006018 0.007125 0.008249 0.009337 0.010334 0.011182 0.011831 0.012238 0.012377 0.012238 0.011831 0.011182 0.010334 0.009337 0.008249 0.007125 0.006018 0.004971 0.004014 0.003171 0.002449 0.001850 0.001367 0.000988 0.000698 0.000483 0.000327 0.000216 0.000140 0.000089 0.000055 0.000033 0.000020 0.000012 0.000007 0.000004 0.000002 0.000001 0.000001 0.000000 0.000000 0.000000 0.000000 0.000000 0.000000 0.000000 0.000000 0.000000 0.000000 0.000000 0.000000 0.000000 0.000000 0.000000 0.000000 0.000000 0.000000 0.000000 
0.000000 0.000000 0.000000 0.000000 0.000000 0.000000 0.000000 0.000000 0.000000 0.000000 0.000000 0.000000 0.000000 0.000000 0.000000 0.000000 0.000000 0.000000 0.000000 0.000001 0.000001 0.000002 0.000004 0.000007 0.000013 0.000022 0.000038 0.000064 0.000106 0.000171 0.000269 0.000415 0.000626 0.000925 0.001336 0.001888 0.002611 0.003531 0.004670 0.006042 0.007646 0.009462 0.011450 0.013550 0.015681 0.017744 0.019633 0.021240 0.022469 0.023240 0.023502 0.023240 0.022469 0.021240 0.019633 0.017744 0.015681 0.013550 0.011450 0.009462 0.007646 0.006042 0.004670 0.003531 0.002611 0.001888 0.001336 0.000925 0.000626 0.000415 0.000269 0.000171 0.000106 0.000064 0.000038 0.000022 0.000013 0.000007 0.000004 0.000002 0.000001 0.000001 0.000000 0.000000 0.000000 0.000000 0.000000 0.000000 0.000000 0.000000 0.000000 0.000000 0.000000 0.000000 0.000000 0.000000 0.000000 0.000000 0.000000 0.000000 
0.000000 0.000000 0.000000 0.000000 0.000000 0.000000 0.000000 0.000000 0.000000 0.000000 0.000000 0.000000 0.000000 0.000000 0.000000 0.000000 0.000000 0.000000 0.000001 0.000001 0.000002 0.000004 0.000007 0.000013 0.000024 0.000042 0.000072 0.000122 0.000200 0.000322 0.000506 0.000780 0.001176 0.001735 0.002505 0.003537 0.004886 0.006603 0.008729 0.011286 0.014272 0.017651 0.021351 0.025256 0.029215 0.033049 0.036557 0.039543 0.041824 0.043255 0.043743 0.043255 0.041824 0.039543 0.036557 0.033049 0.029215 0.025256 0.021351 0.017651 0.014272 0.011286 0.008729 0.006603 0.004886 0.003537 0.002505 0.001735 0.001176 0.000780 0.000506 0.000322 0.000200 0.000122 0.000072 0.000042 0.000024 0.000013 0.000007 0.000004 0.000002 0.000001 0.000001 0.000000 0.000000 0.000000 0.000000 0.000000 0.000000 0.000000 0.000000 0.000000 0.000000 0.000000 0.000000 0.000000 0.000000 0.000000 0.000000 0.000000 
0.000000 0.000000 0.000000 0.000000 0.000000 0.000000 0.000000 0.000000 0.000000 0.000000 0.000000 0.000000 0.000000 0.000000 0.000000 0.000000 0.000000 0.000000 0.000001 0.000002 0.000004 0.000007 0.000014 0.000025 0.000045 0.000078 0.000134 0.000225 0.000370 0.000594 0.000934 0.001437 0.002165 0.003191 0.004602 0.006493 0.008962 0.012102 0.015986 0.020656 0.026106 0.032271 0.039016 0.046133 0.053346 0.060327 0.066715 0.072149 0.076300 0.078905 0.079793 0.078905 0.076300 0.072149 0.066715 0.060327 0.053346 0.046133 0.039016 0.032271 0.026106 0.020656 0.015986 0.012102 0.008962 0.006493 0.004602 0.003191 0.002165 0.001437 0.000934 0.000594 0.000370 0.000225 0.000134 0.000078 0.000045 0.000025 0.000014 0.000007 0.000004 0.000002 0.000001 0.000000 0.000000 0.000000 0.000000 0.000000 0.000000 0.000000 0.000000 0.000000 0.000000 0.000000 0.000000 0.000000 0.000000 0.000000 0.000000 0.000000 
0.000000 0.000000 0.000000 0.000000 0.000000 0.000000 0.000000 0.000000 0.000000 0.000000 0.000000 0.000000 0.000000 0.000000 0.000000 0.000000 0.000000 0.000001 0.000002 0.000004 0.000007 0.000013 0.000025 0.000046 0.000081 0.000142 0.000244 0.000408 0.000669 0.001074 0.001687 0.002594 0.003904 0.005748 0.008283 0.011677 0.016105 0.021732 0.028688 0.037046 0.046794 0.057815 0.069866 0.082577 0.095455 0.107914 0.119312 0.129006 0.136410 0.141055 0.142639 0.141055 0.136410 0.129006 0.119312 0.107914 0.095455 0.082577 0.069866 0.057815 0.046794 0.037046 0.028688 0.021732 0.016105 0.011677 0.008283 0.005748 0.003904 0.002594 0.001687 0.001074 0.000669 0.000408 0.000244 0.000142 0.000081 0.000046 0.000025 0.000013 0.000007 0.000004 0.000002 0.000001 0.000000 0.000000 0.000000 0.000000 0.000000 0.000000 0.000000 0.000000 0.000000 0.000000 0.000000 0.000000 0.000000 0.000000 0.000000 0.000000 
0.000000 0.000000 0.000000 0.000000 0.000000 0.000000 0.000000 0.000000 0.000000 0.000000 0.000000 0.000000 0.000000 0.000000 0.000000 0.000000 0.000001 0.000002 0.000003 0.000007 0.000013 0.000024 0.000045 0.000081 0.000145 0.000253 0.000433 0.000725 0.001187 0.001903 0.002986 0.004587 0.006896 0.010145 0.014605 0.020573 0.028356 0.038236 0.050442 0.065098 0.082182 0.101487 0.122588 0.144833 0.167364 0.189154 0.209084 0.226030 0.238972 0.247091 0.249858 0.247091 0.238972 0.226030 0.209084 0.189154 0.167364 0.144833 0.122588 0.101487 0.082182 0.065098 0.050442 0.038236 0.028356 0.020573 0.014605 0.010145 0.006896 0.004587 0.002986 0.001903 0.001187 0.000725 0.000433 0.000253 0.000145 0.000081 0.000045 0.000024 0.000013 0.000007 0.000003 0.000002 0.000001 0.000000 0.000000 0.000000 0.000000 0.000000 0.000000 0.000000 0.000000 0.000000 0.000000 0.000000 0.000000 0.000000 0.000000 0.000000 
0.000000 0.000000 0.000000 0.000000 0.000000 0.000000 0.000000 0.000000 0.000000 0.000000 0.000000 0.000000 0.000000 0.000000 0.000000 0.000001 0.000001 0.000003 0.000006 0.000012 0.000022 0.000042 0.000078 0.000142 0.000253 0.000442 0.000754 0.001260 0.002062 0.003302 0.005177 0.007945 0.011932 0.017539 0.025228 0.035511 0.048907 0.065905 0.086888 0.112069 0.141407 0.174541 0.210741 0.248889 0.287514 0.324857 0.359003 0.388032 0.410197 0.424102 0.428841 0.424102 0.410197 0.388032 0.359003 0.324857 0.287514 0.248889 0.210741 0.174541 0.141407 0.112069 0.086888 0.065905 0.048907 0.035511 0.025228 0.017539 0.011932 0.007945 0.005177 0.003302 0.002062 0.001260 0.000754 0.000442 0.000253 0.000142 0.000078 0.000042 0.000022 0.000012 0.000006 0.000003 0.000001 0.000001 0.000000 0.000000 0.000000 0.000000 0.000000 0.000000 0.000000 0.000000 0.000000 0.000000 0.000000 0.000000 0.000000 0.000000 
0.000000 0.000000 0.000000 0.000000 0.000000 0.000000 0.000000 0.000000 0.000000 0.000000 0.000000 0.000000 0.000000 0.000000 0.000001 0.000001 0.000002 0.000005 0.000010 0.000020 0.000038 0.000072 0.000134 0.000244 0.000433 0.000754 0.001286 0.002146 0.003507 0.005612 0.008789 0.013476 0.020222 0.029699 0.042686 0.060038 0.082631 0.111276 0.146618 0.189005 0.238362 0.294080 0.354925 0.419023 0.483897 0.546603 0.603925 0.652647 0.689844 0.713176 0.721128 0.713176 0.689844 0.652647 0.603925 0.546603 0.483897 0.419023 0.354925 0.294080 0.238362 0.189005 0.146618 0.111276 0.082631 0.060038 0.042686 0.029699 0.020222 0.013476 0.008789 0.005612 0.003507 0.002146 0.001286 0.000754 0.000433 0.000244 0.000134 0.000072 0.000038 0.000020 0.000010 0.000005 0.000002 0.000001 0.000001 0.000000 0.000000 0.000000 0.000000 0.000000 0.000000 0.000000 0.000000 0.000000 0.000000 0.000000 0.000000 0.000000 
0.000000 0.000000 0.000000 0.000000 0.000000 0.000000 0.000000 0.000000 0.000000 0.000000 0.000000 0.000000 0.000000 0.000000 0.000001 0.000002 0.000004 0.000008 0.000017 0.000033 0.000064 0.000122 0.000225 0.000408 0.000725 0.001260 0.002146 0.003578 0.005842 0.009339 0.014614 0.022385 0.033563 0.049253 0.070738 0.099422 0.136744 0.184035 0.242345 0.312239 0.393588 0.485376 0.585570 0.691079 0.797834 0.900990 0.995268 1.075387 1.136546 1.174904 1.187976 1.174904 1.136546 1.075387 0.995268 0.900990 0.797834 0.691079 0.585570 0.485376 0.393588 0.312239 0.242345 0.184035 0.136744 0.099422 0.070738 0.049253 0.033563 0.022385 0.014614 0.009339 0.005842 0.003578 0.002146 0.001260 0.000725 0.000408 0.000225 0.000122 0.000064 0.000033 0.000017 0.000008 0.000004 0.000002 0.000001 0.000000 0.000000 0.000000 0.000000 0.000000 0.000000 0.000000 0.000000 0.000000 0.000000 0.000000 0.000000 0.000000 
0.000000 0.000000 0.000000 0.000000 0.000000 0.000000 0.000000 0.000000 0.000000 0.000000 0.000000 0.000000 0.000000 0.000001 0.000002 0.000003 0.000007 0.000014 0.000028 0.000055 0.000106 0.000200 0.000370 0.000669 0.001187 0.002062 0.003507 0.005842 0.009530 0.015218 0.023793 0.036414 0.054553 0.079994 0.114804 0.161248 0.221637 0.298108 0.392343 0.505241 0.636577 0.784700 0.946324 1.116462 1.288554 1.454801 1.606707 1.735775 1.834287 1.896066 1.917119 1.896066 1.834287 1.735775 1.606707 1.454801 1.288554 1.116462 0.946324 0.784700 0.636577 0.505241 0.392343 0.298108 0.221637 0.161248 0.114804 0.079994 0.054553 0.036414 0.023793 0.015218 0.009530 0.005842 0.003507 0.002062 0.001187 0.000669 0.000370 0.000200 0.000106 0.000055 0.000028 0.000014 0.000007 0.000003 0.000002 0.000001 0.000000 0.000000 0.000000 0.000000 0.000000 0.000000 0.000000 0.000000 0.000000 0.000000 0.000000 0.000000 
0.000000 0.000000 0.000000 0.000000 0.000000 0.000000 0.000000 0.000000 0.000000 0.000000 0.000000 0.000000 0.000001 0.000001 0.000002 0.000005 0.000011 0.000023 0.000045 0.000089 0.000171 0.000322 0.000594 0.001074 0.001903 0.003302 0.005612 0.009339 0.015218 0.024281 0.037929 0.058002 0.086827 0.127226 0.182463 0.256110 0.351809 0.472922 0.622089 0.800706 1.008397 1.242535 1.497917 1.766662 2.038411 2.300863 2.540623 2.744302 2.899742 2.997213 3.030429 2.997213 2.899742 2.744302 2.540623 2.300863 2.038411 1.766662 1.497917 1.242535 1.008397 0.800706 0.622089 0.472922 0.351809 0.256110 0.182463 0.127226 0.086827 0.058002 0.037929 0.024281 0.015218 0.009339 0.005612 0.003302 0.001903 0.001074 0.000594 0.000322 0.000171 0.000089 0.000045 0.000023 0.000011 0.000005 0.000002 0.000001 0.000001 0.000000 0.000000 0.000000 0.000000 0.000000 0.000000 0.000000 0.000000 0.000000 0.000000 0.000000 
0.000000 0.000000 0.000000 0.000000 0.000000 0.000000 0.000000 0.000000 0.000000 0.000000 0.000000 0.000000 0.000001 0.000002 0.000004 0.000008 0.000017 0.000036 0.000071 0.000140 0.000269 0.000506 0.000934 0.001687 0.002986 0.005177 0.008789 0.014614 0.023793 0.037929 0.059200 0.090459 0.135313 0.198132 0.283965 0.398333 0.546855 0.734714 0.965965 1.242738 1.564418 1.926914 2.322155 2.737942 3.158257 3.564094 3.934767 4.249607 4.489850 4.640486 4.691817 4.640486 4.489850 4.249607 3.934767 3.564094 3.158257 2.737942 2.322155 1.926914 1.564418 1.242738 0.965965 0.734714 0.546855 0.398333 0.283965 0.198132 0.135313 0.090459 0.059200 0.037929 0.023793 0.014614 0.008789 0.005177 0.002986 0.001687 0.000934 0.000506 0.000269 0.000140 0.000071 0.000036 0.000017 0.000008 0.000004 0.000002 0.000001 0.000000 0.000000 0.000000 0.000000 0.000000 0.000000 0.000000 0.000000 0.000000 0.000000 0.000000 
0.000000 0.000000 0.000000 0.000000 0.000000 0.000000 0.000000 0.000000 0.000000 0.000000 0.000000 0.000001 0.000001 0.000003 0.000006 0.000013 0.000027 0.000055 0.000110 0.000216 0.000415 0.000780 0.001437 0.002594 0.004587 0.007945 0.013476 0.022385 0.036414 0.058002 0.090459 0.138122 0.206463 0.302110 0.432714 0.606630 0.832353 1.117706 1.468795 1.888802 2.376749 2.926397 3.525488 4.155524 4.792251 5.406901 5.968186 6.444853 6.808538 7.036557 7.114253 7.036557 6.808538 6.444853 5.968186 5.406901 4.792251 4.155524 3.525488 2.926397 2.376749 1.888802 1.468795 1.117706 0.832353 0.606630 0.432714 0.302110 0.206463 0.138122 0.090459 0.058002 0.036414 0.022385 0.013476 0.007945 0.004587 0.002594 0.001437 0.000780 0.000415 0.000216 0.000110 0.000055 0.000027 0.000013 0.000006 0.000003 0.000001 0.000001 0.000000 0.000000 0.000000 0.000000 0.000000 0.000000 0.000000 0.000000 0.000000 0.000000 
0.000000 0.000000 0.000000 0.000000 0.000000 0.000000 0.000000 0.000000 0.000000 0.000000 0.000000 0.000001 0.000002 0.000004 0.000009 0.000020 0.000041 0.000084 0.000167 0.000327 0.000626 0.001176 0.002165 0.003904 0.006896 0.011932 0.020222 0.033563 0.054553 0.086827 0.135313 0.206463 0.308412 0.451001 0.645583 0.904542 1.240459 1.664899 2.186867 2.811022 3.535848 4.352028 5.241333 6.176300 7.120951 8.032649 8.865037 9.571831 10.111038 10.449080 10.564261 10.449080 10.111038 9.571831 8.865037 8.032649 7.120951 6.176300 5.241333 4.352028 3.535848 2.811022 2.186867 1.664899 1.240459 0.904542 0.645583 0.451001 0.308412 0.206463 0.135313 0.086827 0.054553 0.033563 0.020222 0.011932 0.006896 0.003904 0.002165 0.001176 0.000626 0.000327 0.000167 0.000084 0.000041 0.000020 0.000009 0.000004 0.000002 0.000001 0.000000 0.000000 0.000000 0.000000 0.000000 0.000000 0.000000 0.000000 0.000000 0.000000 
0.000000 0.000000 0.000000 0.000000 0.000000 0.000000 0.000000 0.000000 0.000000 0.000000 0.000001 0.000001 0.000003 0.000006 0.000014 0.000029 0.000061 0.000124 0.000247 0.000483 0.000925 0.001735 0.003191 0.005748 0.010145 0.017539 0.029699 0.049253 0.079994 0.127226 0.198132 0.302110 0.451001 0.659114 0.942949 1.320481 1.809954 2.428117 3.187980 4.096226 5.150560 6.337367 7.630099 8.988828 10.361297 11.685610 12.894509 13.920861 14.703774 15.194567 15.361789 15.194567 14.703774 13.920861 12.894509 11.685610 10.361297 8.988828 7.630099 6.337367 5.150560 4.096226 3.187980 2.428117 1.809954 1.320481 0.942949 0.659114 0.451001 0.302110 0.198132 0.127226 0.079994 0.049253 0.029699 0.017539 0.010145 0.005748 0.003191 0.001735 0.000925 0.000483 0.000247 0.000124 0.000061 0.000029 0.000014 0.000006 0.000003 0.000001 0.000001 0.000000 0.000000 0.000000 0.000000 0.000000 0.000000 0.000000 0.000000 0.000000 
0.000000 0.000000 0.000000 0.000000 0.000000 0.000000 0.000000 0.000000 0.000000 0.000000 0.000001 0.000002 0.000004 0.000009 0.000020 0.000043 0.000088 0.000180 0.000358 0.000698 0.001336 0.002505 0.004602 0.008283 0.014605 0.025228 0.042686 0.070738 0.114804 0.182463 0.283965 0.432714 0.645583 0.942949 1.348285 1.887148 2.585445 3.466933 4.550021 5.844101 7.345788 9.035601 10.875688 12.809209 14.761831 16.645569 18.364857 19.824336 20.937532 21.635325 21.873069 21.635325 20.937532 19.824336 18.364857 16.645569 14.761831 12.809209 10.875688 9.035601 7.345788 5.844101 4.550021 3.466933 2.585445 1.887148 1.348285 0.942949 0.645583 0.432714 0.283965 0.182463 0.114804 0.070738 0.042686 0.025228 0.014605 0.008283 0.004602 0.002505 0.001336 0.000698 0.000358 0.000180 0.000088 0.000043 0.000020 0.000009 0.000004 0.000002 0.000001 0.000000 0.000000 0.000000 0.000000 0.000000 0.000000 0.000000 0.000000 0.000000 
0.000000 0.000000 0.000000 0.000000 0.000000 0.000000 0.000000 0.000000 0.000000 0.000001 0.000001 0.000003 0.000006 0.000013 0.000029 0.000060 0.000125 0.000254 0.000506 0.000988 0.001888 0.003537 0.006493 0.011677 0.020573 0.035511 0.060038 0.099422 0.161248 0.256110 0.398333 0.606630 0.904542 1.320481 1.887148 2.640119 3.615422 4.846056 6.357537 8.162797 10.256960 12.612745 15.177316 17.871441 20.591590 23.215293 25.609573 27.641792 29.191693 30.163170 30.494150 30.163170 29.191693 27.641792 25.609573 23.215293 20.591590 17.871441 15.177316 12.612745 10.256960 8.162797 6.357537 4.846056 3.615422 2.640119 1.887148 1.320481 0.904542 0.606630 0.398333 0.256110 0.161248 0.099422 0.060038 0.035511 0.020573 0.011677 0.006493 0.003537 0.001888 0.000988 0.000506 0.000254 0.000125 0.000060 0.000029 0.000013 0.000006 0.000003 0.000001 0.000001 0.000000 0.000000 0.000000 0.000000 0.000000 0.000000 0.000000 0.000000 
0.000000 0.000000 0.000000 0.000000 0.000000 0.000000 0.000000 0.000000 0.000000 0.000001 0.000002 0.000004 0.000008 0.000018 0.000040 0.000084 0.000174 0.000353 0.000701 0.001367 0.002611 0.004886 0.008962 0.016105 0.028356 0.048907 0.082631 0.136744 0.221637 0.351809 0.546855 0.832353 1.240459 1.809954 2.585445 3.615422 4.948950 6.630912 8.695946 11.161496 14.020711 17.236193 20.735743 24.411226 28.121460 31.699518 34.964231 37.734934 39.847865 41.172173 41.623347 41.172173 39.847865 37.734934 34.964231 31.699518 28.121460 24.411226 20.735743 17.236193 14.020711 11.161496 8.695946 6.630912 4.948950 3.615422 2.585445 1.809954 1.240459 0.832353 0.546855 0.351809 0.221637 0.136744 0.082631 0.048907 0.028356 0.016105 0.008962 0.004886 0.002611 0.001367 0.000701 0.000353 0.000174 0.000084 0.000040 0.000018 0.000008 0.000004 0.000002 0.000001 0.000000 0.000000 0.000000 0.000000 0.000000 0.000000 0.000000 0.000000 
0.000000 0.000000 0.000000 0.000000 0.000000 0.000000 0.000000 0.000000 0.000000 0.000001 0.000002 0.000005 0.000011 0.000025 0.000054 0.000114 0.000236 0.000478 0.000950 0.001850 0.003531 0.006603 0.012102 0.021732 0.038236 0.065905 0.111276 0.184035 0.298108 0.472922 0.734714 1.117706 1.664899 2.428117 3.466933 4.846056 6.630912 8.881283 11.643219 14.939770 18.761537 23.058350 27.733623 32.642875 37.597607 42.375052 46.733527 50.432084 53.252367 55.019920 55.622087 55.019920 53.252367 50.432084 46.733527 42.375052 37.597607 32.642875 27.733623 23.058350 18.761537 14.939770 11.643219 8.881283 6.630912 4.846056 3.466933 2.428117 1.664899 1.117706 0.734714 0.472922 0.298108 0.184035 0.111276 0.065905 0.038236 0.021732 0.012102 0.006603 0.003531 0.001850 0.000950 0.000478 0.000236 0.000114 0.000054 0.000025 0.000011 0.000005 0.000002 0.000001 0.000000 0.000000 0.000000 0.000000 0.000000 0.000000 0.000000 0.000000 
0.000000 0.000000 0.000000 0.000000 0.000000 0.000000 0.000000 0.000000 0.000001 0.000001 0.000003 0.000007 0.000015 0.000033 0.000072 0.000152 0.000313 0.000634 0.001259 0.002449 0.004670 0.008729 0.015986 0.028688 0.050442 0.086888 0.146618 0.242345 0.392343 0.622089 0.965965 1.468795 2.186867 3.187980 4.550021 6.357537 8.695946 11.643219 15.259307 19.574054 24.574865 30.195873 36.310596 42.730054 49.207843 55.452911 61.149585 65.983240 69.668798 71.978528 72.765382 71.978528 69.668798 65.983240 61.149585 55.452911 49.207843 42.730054 36.310596 30.195873 24.574865 19.574054 15.259307 11.643219 8.695946 6.357537 4.550021 3.187980 2.186867 1.468795 0.965965 0.622089 0.392343 0.242345 0.146618 0.086888 0.050442 0.028688 0.015986 0.008729 0.004670 0.002449 0.001259 0.000634 0.000313 0.000152 0.000072 0.000033 0.000015 0.000007 0.000003 0.000001 0.000001 0.000000 0.000000 0.000000 0.000000 0.000000 0.000000 0.000000 
0.000000 0.000000 0.000000 0.000000 0.000000 0.000000 0.000000 0.000000 0.000001 0.000002 0.000004 0.000009 0.000020 0.000044 0.000093 0.000197 0.000406 0.000822 0.001631 0.003171 0.006042 0.011286 0.020656 0.037046 0.065098 0.112069 0.189005 0.312239 0.505241 0.800706 1.242738 1.888802 2.811022 4.096226 5.844101 8.162797 11.161496 14.939770 19.574054 25.102197 31.507719 38.705992 46.534894 54.752442 63.043321 71.035233 78.324516 84.508935 89.224093 92.178935 93.185536 92.178935 89.224093 84.508935 78.324516 71.035233 63.043321 54.752442 46.534894 38.705992 31.507719 25.102197 19.574054 14.939770 11.161496 8.162797 5.844101 4.096226 2.811022 1.888802 1.242738 0.800706 0.505241 0.312239 0.189005 0.112069 0.065098 0.037046 0.020656 0.011286 0.006042 0.003171 0.001631 0.000822 0.000406 0.000197 0.000093 0.000044 0.000020 0.000009 0.000004 0.000002 0.000001 0.000000 0.000000 0.000000 0.000000 0.000000 0.000000 0.000000 
0.000000 0.000000 0.000000 0.000000 0.000000 0.000000 0.000000 0.000000 0.000001 0.000002 0.000005 0.000011 0.000025 0.000055 0.000119 0.000250 0.000515 0.001042 0.002066 0.004014 0.007646 0.014272 0.026106 0.046794 0.082182 0.141407 0.238362 0.393588 0.636577 1.008397 1.564418 2.376749 3.535848 5.150560 7.345788 10.256960 14.020711 18.761537 24.574865 31.507719 39.539039 48.562419 58.374465 68.671868 79.059628 89.071540 98.202265 105.948356 111.853799 115.554399 116.815024 115.554399 111.853799 105.948356 98.202265 89.071540 79.059628 68.671868 58.374465 48.562419 39.539039 31.507719 24.574865 18.761537 14.020711 10.256960 7.345788 5.150560 3.535848 2.376749 1.564418 1.008397 0.636577 0.393588 0.238362 0.141407 0.082182 0.046794 0.026106 0.014272 0.007646 0.004014 0.002066 0.001042 0.000515 0.000250 0.000119 0.000055 0.000025 0.000011 0.000005 0.000002 0.000001 0.000000 0.000000 0.000000 0.000000 0.000000 0.000000 0.000000 
0.000000 0.000000 0.000000 0.000000 0.000000 0.000000 0.000000 0.000000 0.000001 0.000003 0.000006 0.000014 0.000031 0.000069 0.000148 0.000310 0.000639 0.001292 0.002559 0.004971 0.009462 0.017651 0.032271 0.057815 0.101487 0.174541 0.294080 0.485376 0.784700 1.242535 1.926914 2.926397 4.352028 6.337367 9.035601 12.612745 17.236193 23.058350 30.195873 38.705992 48.562419 59.634243 71.671704 84.302674 97.042775 109.320507 120.516557 130.014050 137.254305 141.791181 143.336657 141.791181 137.254305 130.014050 120.516557 109.320507 97.042775 84.302674 71.671704 59.634243 48.562419 38.705992 30.195873 23.058350 17.236193 12.612745 9.035601 6.337367 4.352028 2.926397 1.926914 1.242535 0.784700 0.485376 0.294080 0.174541 0.101487 0.057815 0.032271 0.017651 0.009462 0.004971 0.002559 0.001292 0.000639 0.000310 0.000148 0.000069 0.000031 0.000014 0.000006 0.000003 0.000001 0.000000 0.000000 0.000000 0.000000 0.000000 0.000000 0.000000 
0.000000 0.000000 0.000000 0.000000 0.000000 0.000000 0.000000 0.000001 0.000001 0.000003 0.000008 0.000017 0.000038 0.000084 0.000179 0.000376 0.000775 0.001566 0.003101 0.006018 0.011450 0.021351 0.039016 0.069866 0.122588 0.210741 0.354925 0.585570 0.946324 1.497917 2.322155 3.525488 5.241333 7.630099 10.875688 15.177316 20.735743 27.733623 36.310596 46.534894 58.374465 71.671704 86.126450 101.291815 116.586377 131.324348 144.762737 156.161601 164.850888 170.295567 172.150252 170.295567 164.850888 156.161601 144.762737 131.324348 116.586377 101.291815 86.126450 71.671704 58.374465 46.534894 36.310596 27.733623 20.735743 15.177316 10.875688 7.630099 5.241333 3.525488 2.322155 1.497917 0.946324 0.585570 0.354925 0.210741 0.122588 0.069866 0.039016 0.021351 0.011450 0.006018 0.003101 0.001566 0.000775 0.000376 0.000179 0.000084 0.000038 0.000017 0.000008 0.000003 0.000001 0.000001 0.000000 0.000000 0.000000 0.000000 0.000000 0.000000 
0.000000 0.000000 0.000000 0.000000 0.000000 0.000000 0.000000 0.000001 0.000002 0.000004 0.000009 0.000020 0.000045 0.000099 0.000213 0.000446 0.000919 0.001856 0.003673 0.007125 0.013550 0.025256 0.046133 0.082577 0.144833 0.248889 0.419023 0.691079 1.116462 1.766662 2.737942 4.155524 6.176300 8.988828 12.809209 17.871441 24.411226 32.642875 42.730054 54.752442 68.671868 84.302674 101.291815 119.114019 137.086152 154.402683 170.191063 183.582453 193.790167 200.186093 202.364781 200.186093 193.790167 183.582453 170.191063 154.402683 137.086152 119.114019 101.291815 84.302674 68.671868 54.752442 42.730054 32.642875 24.411226 17.871441 12.809209 8.988828 6.176300 4.155524 2.737942 1.766662 1.116462 0.691079 0.419023 0.248889 0.144833 0.082577 0.046133 0.025256 0.013550 0.007125 0.003673 0.001856 0.000919 0.000446 0.000213 0.000099 0.000045 0.000020 0.000009 0.000004 0.000002 0.000001 0.000000 0.000000 0.000000 0.000000 0.000000 0.000000 
