0.000000 0.000000 0.000000 0.000000 0.000000 0.000000 0.000000 0.000000 0.000000 0.000000 0.000000 0.000000 0.000000 0.000000 0.000000 0.000000 0.000000 0.000000 0.000000 0.000000 0.000000 0.000000 0.000000 0.000000 0.000000 0.000000 0.000000 0.000000 0.000000 0.000000 0.000000 0.000000 0.000000 0.000000 0.000000 0.000000 0.000000 0.000000 0.000000 0.000000 0.000000 0.000000 0.000000 0.000000 0.000000 0.000000 0.000000 0.000000 0.000000 0.000000 0.000000 0.000000 0.000000 0.000000 0.000000 0.000000 0.000000 0.000000 0.000000 0.000000 0.000000 0.000000 0.000000 0.000000 0.000000 0.000000 0.000000 0.000000 0.000000 0.000000 0.000000 0.000000 0.000000 0.000000 0.000000 0.000000 0.000000 0.000000 0.000000 0.000000 0.000000 0.000000 0.000000 0.000000 0.000000 0.000000 0.000000 0.000000 0.000000 0.000000 0.000000 0.000000 0.000000 0.000000 0.000000 0.000000 0.000000 0.000000 0.000000 0.000000 
0.000000 0.000000 0.000000 0.000000 0.000000 0.000000 0.000000 0.000000 0.000000 0.000000 0.000000 0.000000 0.000000 0.000000 0.000000 0.000000 0.000000 0.000000 0.000000 0.000000 0.000000 0.000000 0.000000 0.000000 0.000000 0.000000 0.000000 0.000000 0.000000 0.000000 0.000000 0.000000 0.000000 0.000000 0.000000 0.000000 0.000000 0.000000 0.000000 0.000000 0.000000 0.000000 0.000000 0.000000 0.000000 0.000001 0.000001 0.000001 0.000001 0.000001 0.000001 0.000001 0.000001 0.000001 0.000001 0.000001 0.000000 0.000000 0.000000 0.000000 0.000000 0.000000 0.000000 0.000000 0.000000 0.000000 0.000000 0.000000 0.000000 0.000000 0.000000 0.000000 0.000000 0.000000 0.000000 0.000000 0.000000 0.000000 0.000000 0.000000 0.000000 0.000000 0.000000 0.000000 0.000000 0.000000 0.000000 0.000000 0.000000 0.000000 0.000000 0.000000 0.000000 0.000000 0.000000 0.000000 0.000000 0.000000 0.000000 0.000000 
0.000000 0.000000 0.000000 0.000000 0.000000 0.000000 0.000000 0.000000 0.000000 0.000000 0.000000 0.000000 0.000000 0.000000 0.000000 0.000000 0.000000 0.000000 0.000000 0.000000 0.000000 0.000000 0.000000 0.000000 0.000000 0.000000 0.000000 0.000000 0.000000 0.000000 0.000000 0.000000 0.000000 0.000000 0.000000 0.000000 0.000000 0.000000 0.000000 0.000001 0.000001 0.000001 0.000001 0.000001 0.000001 0.000001 0.000002 0.000002 0.000002 0.000002 0.000002 0.000002 0.000002 0.000002 0.000002 0.000001 0.000001 0.000001 0.000001 0.000001 0.000001 0.000001 0.000000 0.000000 0.000000 0.000000 0.000000 0.000000 0.000000 0.000000 0.000000 0.000000 0.000000 0.000000 0.000000 0.000000 0.000000 0.000000 0.000000 0.000000 0.000000 0.000000 0.000000 0.000000 0.000000 0.000000 0.000000 0.000000 0.000000 0.000000 0.000000 0.000000 0.000000 0.000000 0.000000 0.000000 0.000000 0.000000 0.000000 0.000000 
0.000000 0.000000 0.000000 0.000000 0.000000 0.000000 0.000000 0.000000 0.000000 0.000000 0.000000 0.000000 0.000000 0.000000 0.000000 0.000000 0.000000 0.000000 0.000000 0.000000 0.000000 0.000000 0.000000 0.000000 0.000000 0.000000 0.000000 0.000000 0.000000 0.000000 0.000000 0.000000 0.000000 0.000000 0.000000 0.000001 0.000001 0.000001 0.000001 0.000001 0.000002 0.000002 0.000002 0.000003 0.000003 0.000003 0.000003 0.000004 0.000004 0.000004 0.000004 0.000004 0.000004 0.000004 0.000003 0.000003 0.000003 0.000003 0.000002 0.000002 0.000002 0.000001 0.000001 0.000001 0.000001 0.000001 0.000000 0.000000 0.000000 0.000000 0.000000 0.000000 0.000000 0.000000 0.000000 0.000000 0.000000 0.000000 0.000000 0.000000 0.000000 0.000000 0.000000 0.000000 0.000000 0.000000 0.000000 0.000000 0.000000 0.000000 0.000000 0.000000 0.000000 0.000000 0.000000 0.000000 0.000000 0.000000 0.000000 0.000000 
0.000000 0.000000 0.000000 0.000000 0.000000 0.000000 0.000000 0.000000 0.000000 0.000000 0.000000 0.000000 0.000000 0.000000 0.000000 0.000000 0.000000 0.000000 0.000000 0.000000 0.000000 0.000000 0.000000 0.000000 0.000000 0.000000 0.000000 0.000000 0.000000 0.000000 0.000000 0.000000 0.000000 0.000001 0.000001 0.000001 0.000001 0.000002 0.000002 0.000003 0.000003 0.000004 0.000005 0.000005 0.000006 0.000007 0.000007 0.000008 0.000008 0.000008 0.000008 0.000008 0.000008 0.000008 0.000007 0.000007 0.000006 0.000005 0.000005 0.000004 0.000003 0.000003 0.000002 0.000002 0.000001 0.000001 0.000001 0.000001 0.000000 0.000000 0.000000 0.000000 0.000000 0.000000 0.000000 0.000000 0.000000 0.000000 0.000000 0.000000 0.000000 0.000000 0.000000 0.000000 0.000000 0.000000 0.000000 0.000000 0.000000 0.000000 0.000000 0.000000 0.000000 0.000000 0.000000 0.000000 0.000000 0.000000 0.000000 0.000000 
0.000000 0.000000 0.000000 0.000000 0.000000 0.000000 0.000000 0.000000 0.000000 0.000000 0.000000 0.000000 0.000000 0.000000 0.000000 0.000000 0.000000 0.000000 0.000000 0.000000 0.000000 0.000000 0.000000 0.000000 0.000000 0.000000 0.000000 0.000000 0.000000 0.000000 0.000001 0.000001 0.000001 0.000001 0.000002 0.000002 0.000003 0.000004 0.000005 0.000006 0.000007 0.000008 0.000010 0.000011 0.000012 0.000014 0.000015 0.000016 0.000016 0.000017 0.000017 0.000017 0.000016 0.000016 0.000015 0.000014 0.000012 0.000011 0.000010 0.000008 0.000007 0.000006 0.000005 0.000004 0.000003 0.000002 0.000002 0.000001 0.000001 0.000001 0.000001 0.000000 0.000000 0.000000 0.000000 0.000000 0.000000 0.000000 0.000000 0.000000 0.000000 0.000000 0.000000 0.000000 0.000000 0.000000 0.000000 0.000000 0.000000 0.000000 0.000000 0.000000 0.000000 0.000000 0.000000 0.000000 0.000000 0.000000 0.000000 0.000000 
0.000000 0.000000 0.000000 0.000000 0.000000 0.000000 0.000000 0.000000 0.000000 0.000000 0.000000 0.000000 0.000000 0.000000 0.000000 0.000000 0.000000 0.000000 0.000000 0.000000 0.000000 0.000000 0.000000 0.000000 0.000000 0.000000 0.000000 0.000000 0.000001 0.000001 0.000001 0.000001 0.000002 0.000003 0.000004 0.000005 0.000006 0.000008 0.000010 0.000012 0.000015 0.000017 0.000020 0.000023 0.000026 0.000028 0.000030 0.000032 0.000034 0.000035 0.000035 0.000035 0.000034 0.000032 0.000030 0.000028 0.000026 0.000023 0.000020 0.000017 0.000015 0.000012 0.000010 0.000008 0.000006 0.000005 0.000004 0.000003 0.000002 0.000001 0.000001 0.000001 0.000001 0.000000 0.000000 0.000000 0.000000 0.000000 0.000000 0.000000 0.000000 0.000000 0.000000 0.000000 0.000000 0.000000 0.000000 0.000000 0.000000 0.000000 0.000000 0.000000 0.000000 0.000000 0.000000 0.000000 0.000000 0.000000 0.000000 0.000000 
0.000000 0.000000 0.000000 0.000000 0.000000 0.000000 0.000000 0.000000 0.000000 0.000000 0.000000 0.000000 0.000000 0.000000 0.000000 0.000000 0.000000 0.000000 0.000000 0.000000 0.000000 0.000000 0.000000 0.000000 0.000000 0.000000 0.000000 0.000001 0.000001 0.000002 0.000002 0.000003 0.000004 0.000006 0.000008 0.000010 0.000013 0.000016 0.000020 0.000025 0.000029 0.000035 0.000040 0.000046 0.000051 0.000057 0.000061 0.000065 0.000068 0.000070 0.000071 0.000070 0.000068 0.000065 0.000061 0.000057 0.000051 0.000046 0.000040 0.000035 0.000029 0.000025 0.000020 0.000016 0.000013 0.000010 0.000008 0.000006 0.000004 0.000003 0.000002 0.000002 0.000001 0.000001 0.000000 0.000000 0.000000 0.000000 0.000000 0.000000 0.000000 0.000000 0.000000 0.000000 0.000000 0.000000 0.000000 0.000000 0.000000 0.000000 0.000000 0.000000 0.000000 0.000000 0.000000 0.000000 0.000000 0.000000 0.000000 0.000000 
0.000000 0.000000 0.000000 0.000000 0.000000 0.000000 0.000000 0.000000 0.000000 0.000000 0.000000 0.000000 0.000000 0.000000 0.000000 0.000000 0.000000 0.000000 0.000000 0.000000 0.000000 0.000000 0.000000 0.000000 0.000000 0.000001 0.000001 0.000001 0.000002 0.000003 0.000004 0.000006 0.000008 0.000011 0.000015 0.000020 0.000025 0.000032 0.000040 0.000049 0.000059 0.000069 0.000080 0.000091 0.000102 0.000113 0.000122 0.000129 0.000135 0.000139 0.000140 0.000139 0.000135 0.000129 0.000122 0.000113 0.000102 0.000091 0.000080 0.000069 0.000059 0.000049 0.000040 0.000032 0.000025 0.000020 0.000015 0.000011 0.000008 0.000006 0.000004 0.000003 0.000002 0.000001 0.000001 0.000001 0.000000 0.000000 0.000000 0.000000 0.000000 0.000000 0.000000 0.000000 0.000000 0.000000 0.000000 0.000000 0.000000 0.000000 0.000000 0.000000 0.000000 0.000000 0.000000 0.000000 0.000000 0.000000 0.000000 0.000000 
0.000000 0.000000 0.000000 0.000000 0.000000 0.000000 0.000000 0.000000 0.000000 0.000000 0.000000 0.000000 0.000000 0.000000 0.000000 0.000000 0.000000 0.000000 0.000000 0.000000 0.000000 0.000000 0.000000 0.000001 0.000001 0.000001 0.000002 0.000003 0.000004 0.000006 0.000009 0.000012 0.000016 0.000022 0.000030 0.000039 0.000050 0.000063 0.000078 0.000096 0.000115 0.000135 0.000157 0.000179 0.000200 0.000220 0.000238 0.000253 0.000265 0.000272 0.000274 0.000272 0.000265 0.000253 0.000238 0.000220 0.000200 0.000179 0.000157 0.000135 0.000115 0.000096 0.000078 0.000063 0.000050 0.000039 0.000030 0.000022 0.000016 0.000012 0.000009 0.000006 0.000004 0.000003 0.000002 0.000001 0.000001 0.000001 0.000000 0.000000 0.000000 0.000000 0.000000 0.000000 0.000000 0.000000 0.000000 0.000000 0.000000 0.000000 0.000000 0.000000 0.000000 0.000000 0.000000 0.000000 0.000000 0.000000 0.000000 0.000000 
0.000000 0.000000 0.000000 0.000000 0.000000 0.000000 0.000000 0.000000 0.000000 0.000000 0.000000 0.000000 0.000000 0.000000 0.000000 0.000000 0.000000 0.000000 0.000000 0.000000 0.000000 0.000000 0.000001 0.000001 0.000002 0.000002 0.000004 0.000005 0.000008 0.000012 0.000017 0.000023 0.000032 0.000043 0.000057 0.000075 0.000096 0.000122 0.000151 0.000185 0.000222 0.000261 0.000303 0.000345 0.000386 0.000425 0.000459 0.000488 0.000509 0.000523 0.000527 0.000523 0.000509 0.000488 0.000459 0.000425 0.000386 0.000345 0.000303 0.000261 0.000222 0.000185 0.000151 0.000122 0.000096 0.000075 0.000057 0.000043 0.000032 0.000023 0.000017 0.000012 0.000008 0.000005 0.000004 0.000002 0.000002 0.000001 0.000001 0.000000 0.000000 0.000000 0.000000 0.000000 0.000000 0.000000 0.000000 0.000000 0.000000 0.000000 0.000000 0.000000 0.000000 0.000000 0.000000 0.000000 0.000000 0.000000 0.000000 0.000000 
0.000000 0.000000 0.000000 0.000000 0.000000 0.000000 0.000000 0.000000 0.000000 0.000000 0.000000 0.000000 0.000000 0.000000 0.000000 0.000000 0.000000 0.000000 0.000000 0.000000 0.000000 0.000001 0.000001 0.000002 0.000003 0.000005 0.000007 0.000010 0.000015 0.000022 0.000032 0.000044 0.000061 0.000082 0.000109 0.000143 0.000184 0.000232 0.000288 0.000351 0.000421 0.000496 0.000575 0.000654 0.000732 0.000806 0.000871 0.000925 0.000966 0.000992 0.001000 0.000992 0.000966 0.000925 0.000871 0.000806 0.000732 0.000654 0.000575 0.000496 0.000421 0.000351 0.000288 0.000232 0.000184 0.000143 0.000109 0.000082 0.000061 0.000044 0.000032 0.000022 0.000015 0.000010 0.000007 0.000005 0.000003 0.000002 0.000001 0.000001 0.000000 0.000000 0.000000 0.000000 0.000000 0.000000 0.000000 0.000000 0.000000 0.000000 0.000000 0.000000 0.000000 0.000000 0.000000 0.000000 0.000000 0.000000 0.000000 0.000000 
0.000000 0.000000 0.000000 0.000000 0.000000 0.000000 0.000000 0.000000 0.000000 0.000000 0.000000 0.000000 0.000000 0.000000 0.000000 0.000000 0.000000 0.000000 0.000000 0.000000 0.000001 0.000001 0.000002 0.000004 0.000006 0.000009 0.000013 0.000020 0.000029 0.000042 0.000060 0.000083 0.000114 0.000155 0.000205 0.000268 0.000344 0.000434 0.000539 0.000657 0.000787 0.000928 0.001074 0.001223 0.001368 0.001505 0.001627 0.001728 0.001805 0.001852 0.001868 0.001852 0.001805 0.001728 0.001627 0.001505 0.001368 0.001223 0.001074 0.000928 0.000787 0.000657 0.000539 0.000434 0.000344 0.000268 0.000205 0.000155 0.000114 0.000083 0.000060 0.000042 0.000029 0.000020 0.000013 0.000009 0.000006 0.000004 0.000002 0.000001 0.000001 0.000000 0.000000 0.000000 0.000000 0.000000 0.000000 0.000000 0.000000 0.000000 0.000000 0.000000 0.000000 0.000000 0.000000 0.000000 0.000000 0.000000 0.000000 0.000000 
0.000000 0.000000 0.000000 0.000000 0.000000 0.000000 0.000000 0.000000 0.000000 0.000000 0.000000 0.000000 0.000000 0.000000 0.000000 0.000000 0.000000 0.000000 0.000001 0.000001 0.000002 0.000003 0.000004 0.000007 0.000010 0.000016 0.000024 0.000037 0.000054 0.000078 0.000110 0.000154 0.000211 0.000285 0.000379 0.000495 0.000635 0.000801 0.000993 0.001210 0.001450 0.001708 0.001978 0.002251 0.002518 0.002768 0.002992 0.003178 0.003318 0.003405 0.003435 0.003405 0.003318 0.003178 0.002992 0.002768 0.002518 0.002251 0.001978 0.001708 0.001450 0.001210 0.000993 0.000801 0.000635 0.000495 0.000379 0.000285 0.000211 0.000154 0.000110 0.000078 0.000054 0.000037 0.000024 0.000016 0.000010 0.000007 0.000004 0.000003 0.000002 0.000001 0.000001 0.000000 0.000000 0.000000 0.000000 0.000000 0.000000 0.000000 0.000000 0.000000 0.000000 0.000000 0.000000 0.000000 0.000000 0.000000 0.000000 0.000000 
0.000000 0.000000 0.000000 0.000000 0.000000 0.000000 0.000000 0.000000 0.000000 0.000000 0.000000 0.000000 0.000000 0.000000 0.000000 0.000000 0.000000 0.000001 0.000001 0.000002 0.000003 0.000005 0.000008 0.000012 0.000019 0.000029 0.000045 0.000067 0.000098 0.000141 0.000201 0.000280 0.000385 0.000519 0.000689 0.000899 0.001153 0.001453 0.001801 0.002195 0.002629 0.003096 0.003584 0.004078 0.004560 0.005014 0.005418 0.005754 0.006007 0.006165 0.006218 0.006165 0.006007 0.005754 0.005418 0.005014 0.004560 0.004078 0.003584 0.003096 0.002629 0.002195 0.001801 0.001453 0.001153 0.000899 0.000689 0.000519 0.000385 0.000280 0.000201 0.000141 0.000098 0.000067 0.000045 0.000029 0.000019 0.000012 0.000008 0.000005 0.000003 0.000002 0.000001 0.000001 0.000000 0.000000 0.000000 0.000000 0.000000 0.000000 0.000000 0.000000 0.000000 0.000000 0.000000 0.000000 0.000000 0.000000 0.000000 0.000000 
0.000000 0.000000 0.000000 0.000000 0.000000 0.000000 0.000000 0.000000 0.000000 0.000000 0.000000 0.000000 0.000000 0.000000 0.000000 0.000000 0.000001 0.000001 0.000002 0.000003 0.000005 0.000008 0.000014 0.000022 0.000034 0.000053 0.000080 0.000120 0.000176 0.000254 0.000360 0.000502 0.000689 0.000930 0.001233 0.001608 0.002061 0.002597 0.003218 0.003920 0.004694 0.005526 0.006394 0.007273 0.008133 0.008939 0.009658 0.010257 0.010708 0.010988 0.011082 0.010988 0.010708 0.010257 0.009658 0.008939 0.008133 0.007273 0.006394 0.005526 0.004694 0.003920 0.003218 0.002597 0.002061 0.001608 0.001233 0.000930 0.000689 0.000502 0.000360 0.000254 0.000176 0.000120 0.000080 0.000053 0.000034 0.000022 0.000014 0.000008 0.000005 0.000003 0.000002 0.000001 0.000001 0.000000 0.000000 0.000000 0.000000 0.000000 0.000000 0.000000 0.000000 0.000000 0.000000 0.000000 0.000000 0.000000 0.000000 0.000000 
0.000000 0.000000 0.000000 0.000000 0.000000 0.000000 0.000000 0.000000 0.000000 0.000000 0.000000 0.000000 0.000000 0.000000 0.000000 0.000001 0.000001 0.000002 0.000003 0.000005 0.000009 0.000015 0.000024 0.000039 0.000061 0.000094 0.000142 0.000212 0.000311 0.000448 0.000636 0.000887 0.001215 0.001639 0.002172 0.002831 0.003627 0.004569 0.005659 0.006891 0.008249 0.009707 0.011230 0.012772 0.014278 0.015691 0.016950 0.018000 0.018789 0.019279 0.019445 0.019279 0.018789 0.018000 0.016950 0.015691 0.014278 0.012772 0.011230 0.009707 0.008249 0.006891 0.005659 0.004569 0.003627 0.002831 0.002172 0.001639 0.001215 0.000887 0.000636 0.000448 0.000311 0.000212 0.000142 0.000094 0.000061 0.000039 0.000024 0.000015 0.000009 0.000005 0.000003 0.000002 0.000001 0.000001 0.000000 0.000000 0.000000 0.000000 0.000000 0.000000 0.000000 0.000000 0.000000 0.000000 0.000000 0.000000 0.000000 0.000000 
0.000000 0.000000 0.000000 0.000000 0.000000 0.000000 0.000000 0.000000 0.000000 0.000000 0.000000 0.000000 0.000000 0.000000 0.000001 0.000001 0.000002 0.000003 0.000006 0.000010 0.000016 0.000026 0.000043 0.000068 0.000106 0.000164 0.000248 0.000369 0.000541 0.000780 0.001105 0.001540 0.002110 0.002843 0.003766 0.004906 0.006283 0.007913 0.009796 0.011924 0.014270 0.016788 0.019416 0.022076 0.024675 0.027113 0.029285 0.031095 0.032456 0.033301 0.033588 0.033301 0.032456 0.031095 0.029285 0.027113 0.024675 0.022076 0.019416 0.016788 0.014270 0.011924 0.009796 0.007913 0.006283 0.004906 0.003766 0.002843 0.002110 0.001540 0.001105 0.000780 0.000541 0.000369 0.000248 0.000164 0.000106 0.000068 0.000043 0.000026 0.000016 0.000010 0.000006 0.000003 0.000002 0.000001 0.000001 0.000000 0.000000 0.000000 0.000000 0.000000 0.000000 0.000000 0.000000 0.000000 0.000000 0.000000 0.000000 0.000000 
0.000000 0.000000 0.000000 0.000000 0.000000 0.000000 0.000000 0.000000 0.000000 0.000000 0.000000 0.000000 0.000000 0.000001 0.000001 0.000002 0.000003 0.000006 0.000010 0.000017 0.000028 0.000045 0.000073 0.000117 0.000183 0.000281 0.000425 0.000633 0.000927 0.001334 0.001890 0.002632 0.003604 0.004854 0.006427 0.008369 0.010714 0.013487 0.016692 0.020311 0.024299 0.028579 0.033045 0.037564 0.041978 0.046117 0.049806 0.052878 0.055189 0.056623 0.057110 0.056623 0.055189 0.052878 0.049806 0.046117 0.041978 0.037564 0.033045 0.028579 0.024299 0.020311 0.016692 0.013487 0.010714 0.008369 0.006427 0.004854 0.003604 0.002632 0.001890 0.001334 0.000927 0.000633 0.000425 0.000281 0.000183 0.000117 0.000073 0.000045 0.000028 0.000017 0.000010 0.000006 0.000003 0.000002 0.000001 0.000001 0.000000 0.000000 0.000000 0.000000 0.000000 0.000000 0.000000 0.000000 0.000000 0.000000 0.000000 0.000000 
0.000000 0.000000 0.000000 0.000000 0.000000 0.000000 0.000000 0.000000 0.000000 0.000000 0.000000 0.000000 0.000000 0.000001 0.000002 0.000003 0.000005 0.000010 0.000017 0.000028 0.000047 0.000077 0.000124 0.000197 0.000308 0.000474 0.000717 0.001067 0.001562 0.002247 0.003181 0.004427 0.006060 0.008157 0.010796 0.014051 0.017982 0.022627 0.027994 0.034053 0.040726 0.047886 0.055357 0.062913 0.070293 0.077212 0.083378 0.088512 0.092373 0.094770 0.095583 0.094770 0.092373 0.088512 0.083378 0.077212 0.070293 0.062913 0.055357 0.047886 0.040726 0.034053 0.027994 0.022627 0.017982 0.014051 0.010796 0.008157 0.006060 0.004427 0.003181 0.002247 0.001562 0.001067 0.000717 0.000474 0.000308 0.000197 0.000124 0.000077 0.000047 0.000028 0.000017 0.000010 0.000005 0.000003 0.000002 0.000001 0.000000 0.000000 0.000000 0.000000 0.000000 0.000000 0.000000 0.000000 0.000000 0.000000 0.000000 0.000000 
0.000000 0.000000 0.000000 0.000000 0.000000 0.000000 0.000000 0.000000 0.000000 0.000000 0.000000 0.000000 0.000001 0.000002 0.000003 0.000005 0.000009 0.000016 0.000028 0.000047 0.000078 0.000128 0.000207 0.000328 0.000513 0.000788 0.001191 0.001771 0.002590 0.003724 0.005269 0.007329 0.010027 0.013491 0.017848 0.023220 0.029703 0.037362 0.046208 0.056191 0.067183 0.078974 0.091273 0.103711 0.115856 0.127240 0.137384 0.145830 0.152181 0.156123 0.157460 0.156123 0.152181 0.145830 0.137384 0.127240 0.115856 0.103711 0.091273 0.078974 0.067183 0.056191 0.046208 0.037362 0.029703 0.023220 0.017848 0.013491 0.010027 0.007329 0.005269 0.003724 0.002590 0.001771 0.001191 0.000788 0.000513 0.000328 0.000207 0.000128 0.000078 0.000047 0.000028 0.000016 0.000009 0.000005 0.000003 0.000002 0.000001 0.000000 0.000000 0.000000 0.000000 0.000000 0.000000 0.000000 0.000000 0.000000 0.000000 0.000000 
0.000000 0.000000 0.000000 0.000000 0.000000 0.000000 0.000000 0.000000 0.000000 0.000000 0.000000 0.000001 0.000001 0.000003 0.000005 0.000008 0.000015 0.000026 0.000045 0.000077 0.000128 0.000210 0.000339 0.000537 0.000839 0.001288 0.001946 0.002891 0.004226 0.006074 0.008588 0.011941 0.016329 0.021958 0.029038 0.037761 0.048287 0.060716 0.075067 0.091256 0.109076 0.128188 0.148118 0.168268 0.187941 0.206378 0.222804 0.236480 0.246761 0.253143 0.255307 0.253143 0.246761 0.236480 0.222804 0.206378 0.187941 0.168268 0.148118 0.128188 0.109076 0.091256 0.075067 0.060716 0.048287 0.037761 0.029038 0.021958 0.016329 0.011941 0.008588 0.006074 0.004226 0.002891 0.001946 0.001288 0.000839 0.000537 0.000339 0.000210 0.000128 0.000077 0.000045 0.000026 0.000015 0.000008 0.000005 0.000003 0.000001 0.000001 0.000000 0.000000 0.000000 0.000000 0.000000 0.000000 0.000000 0.000000 0.000000 0.000000 
0.000000 0.000000 0.000000 0.000000 0.000000 0.000000 0.000000 0.000000 0.000000 0.000000 0.000001 0.000001 0.000002 0.000004 0.000008 0.000014 0.000024 0.000043 0.000073 0.000124 0.000207 0.000339 0.000546 0.000865 0.001350 0.002072 0.003128 0.004645 0.006785 0.009749 0.013775 0.019144 0.026166 0.035171 0.046492 0.060434 0.077251 0.097101 0.120013 0.145853 0.174288 0.204776 0.236561 0.268691 0.300054 0.329443 0.355622 0.377417 0.393799 0.403969 0.407417 0.403969 0.393799 0.377417 0.355622 0.329443 0.300054 0.268691 0.236561 0.204776 0.174288 0.145853 0.120013 0.097101 0.077251 0.060434 0.046492 0.035171 0.026166 0.019144 0.013775 0.009749 0.006785 0.004645 0.003128 0.002072 0.001350 0.000865 0.000546 0.000339 0.000207 0.000124 0.000073 0.000043 0.000024 0.000014 0.000008 0.000004 0.000002 0.000001 0.000001 0.000000 0.000000 0.000000 0.000000 0.000000 0.000000 0.000000 0.000000 0.000000 
0.000000 0.000000 0.000000 0.000000 0.000000 0.000000 0.000000 0.000000 0.000000 0.000001 0.000001 0.000002 0.000004 0.000007 0.000012 0.000022 0.000039 0.000068 0.000117 0.000197 0.000328 0.000537 0.000865 0.001371 0.002138 0.003279 0.004948 0.007344 0.010721 0.015394 0.021742 0.030201 0.041260 0.055436 0.073248 0.095179 0.121620 0.152819 0.188821 0.229409 0.274063 0.321928 0.371819 0.422240 0.471450 0.517555 0.558619 0.592803 0.618497 0.634446 0.639853 0.634446 0.618497 0.592803 0.558619 0.517555 0.471450 0.422240 0.371819 0.321928 0.274063 0.229409 0.188821 0.152819 0.121620 0.095179 0.073248 0.055436 0.041260 0.030201 0.021742 0.015394 0.010721 0.007344 0.004948 0.003279 0.002138 0.001371 0.000865 0.000537 0.000328 0.000197 0.000117 0.000068 0.000039 0.000022 0.000012 0.000007 0.000004 0.000002 0.000001 0.000001 0.000000 0.000000 0.000000 0.000000 0.000000 0.000000 0.000000 0.000000 
0.000000 0.000000 0.000000 0.000000 0.000000 0.000000 0.000000 0.000000 0.000000 0.000001 0.000002 0.000003 0.000006 0.000010 0.000019 0.000034 0.000061 0.000106 0.000183 0.000308 0.000513 0.000839 0.001350 0.002138 0.003332 0.005107 0.007700 0.011422 0.016666 0.023919 0.033765 0.046880 0.064018 0.085977 0.113558 0.147503 0.188414 0.236672 0.292340 0.355082 0.424091 0.498046 0.575113 0.652983 0.728972 0.800155 0.863548 0.916314 0.955972 0.980587 0.988933 0.980587 0.955972 0.916314 0.863548 0.800155 0.728972 0.652983 0.575113 0.498046 0.424091 0.355082 0.292340 0.236672 0.188414 0.147503 0.113558 0.085977 0.064018 0.046880 0.033765 0.023919 0.016666 0.011422 0.007700 0.005107 0.003332 0.002138 0.001350 0.000839 0.000513 0.000308 0.000183 0.000106 0.000061 0.000034 0.000019 0.000010 0.000006 0.000003 0.000002 0.000001 0.000000 0.000000 0.000000 0.000000 0.000000 0.000000 0.000000 0.000000 
0.000000 0.000000 0.000000 0.000000 0.000000 0.000000 0.000000 0.000000 0.000001 0.000001 0.000002 0.000005 0.000009 0.000016 0.000029 0.000053 0.000094 0.000164 0.000281 0.000474 0.000788 0.001288 0.002072 0.003279 0.005107 0.007823 0.011790 0.017478 0.025489 0.036564 0.051592 0.071600 0.097733 0.131204 0.173229 0.224929 0.287219 0.360671 0.445376 0.540819 0.645768 0.758214 0.875366 0.993719 1.109192 1.217347 1.313655 1.393811 1.454050 1.491439 1.504115 1.491439 1.454050 1.393811 1.313655 1.217347 1.109192 0.993719 0.875366 0.758214 0.645768 0.540819 0.445376 0.360671 0.287219 0.224929 0.173229 0.131204 0.097733 0.071600 0.051592 0.036564 0.025489 0.017478 0.011790 0.007823 0.005107 0.003279 0.002072 0.001288 0.000788 0.000474 0.000281 0.000164 0.000094 0.000053 0.000029 0.000016 0.000009 0.000005 0.000002 0.000001 0.000001 0.000000 0.000000 0.000000 0.000000 0.000000 0.000000 0.000000 
0.000000 0.000000 0.000000 0.000000 0.000000 0.000000 0.000000 0.000000 0.000001 0.000002 0.000004 0.000007 0.000013 0.000024 0.000045 0.000080 0.000142 0.000248 0.000425 0.000717 0.001191 0.001946 0.003128 0.004948 0.007700 0.011790 0.017758 0.026313 0.038354 0.054993 0.077559 0.107592 0.146801 0.197000 0.260004 0.337488 0.430810 0.540820 0.667650 0.810518 0.967577 1.135817 1.311065 1.488077 1.660756 1.822468 1.966452 2.086278 2.176323 2.232210 2.251156 2.232210 2.176323 2.086278 1.966452 1.822468 1.660756 1.488077 1.311065 1.135817 0.967577 0.810518 0.667650 0.540820 0.430810 0.337488 0.260004 0.197000 0.146801 0.107592 0.077559 0.054993 0.038354 0.026313 0.017758 0.011790 0.007700 0.004948 0.003128 0.001946 0.001191 0.000717 0.000425 0.000248 0.000142 0.000080 0.000045 0.000024 0.000013 0.000007 0.000004 0.000002 0.000001 0.000000 0.000000 0.000000 0.000000 0.000000 0.000000 0.000000 
0.000000 0.000000 0.000000 0.000000 0.000000 0.000000 0.000000 0.000001 0.000001 0.000003 0.000005 0.000010 0.000020 0.000037 0.000067 0.000120 0.000212 0.000369 0.000633 0.001067 0.001771 0.002891 0.004645 0.007344 0.011422 0.017478 0.026313 0.038970 0.056777 0.081370 0.114710 0.159063 0.216944 0.291021 0.383960 0.498218 0.635790 0.797913 0.984771 1.195205 1.426487 1.674183 1.932144 2.192658 2.446757 2.684688 2.896512 3.072781 3.205233 3.287435 3.315303 3.287435 3.205233 3.072781 2.896512 2.684688 2.446757 2.192658 1.932144 1.674183 1.426487 1.195205 0.984771 0.797913 0.635790 0.498218 0.383960 0.291021 0.216944 0.159063 0.114710 0.081370 0.056777 0.038970 0.026313 0.017478 0.011422 0.007344 0.004645 0.002891 0.001771 0.001067 0.000633 0.000369 0.000212 0.000120 0.000067 0.000037 0.000020 0.000010 0.000005 0.000003 0.000001 0.000001 0.000000 0.000000 0.000000 0.000000 0.000000 0.000000 
0.000000 0.000000 0.000000 0.000000 0.000000 0.000000 0.000001 0.000001 0.000002 0.000004 0.000008 0.000015 0.000029 0.000054 0.000098 0.000176 0.000311 0.000541 0.000927 0.001562 0.002590 0.004226 0.006785 0.010721 0.016666 0.025489 0.038354 0.056777 0.082681 0.118444 0.166906 0.231348 0.315414 0.422963 0.557851 0.723627 0.923166 1.158249 1.429127 1.734106 2.069224 2.428052 2.801682 3.178948 3.546871 3.891342 4.197984 4.453133 4.644846 4.763823 4.804156 4.763823 4.644846 4.453133 4.197984 3.891342 3.546871 3.178948 2.801682 2.428052 2.069224 1.734106 1.429127 1.158249 0.923166 0.723627 0.557851 0.422963 0.315414 0.231348 0.166906 0.118444 0.082681 0.056777 0.038354 0.025489 0.016666 0.010721 0.006785 0.004226 0.002590 0.001562 0.000927 0.000541 0.000311 0.000176 0.000098 0.000054 0.000029 0.000015 0.000008 0.000004 0.000002 0.000001 0.000001 0.000000 0.000000 0.000000 0.000000 0.000000 
0.000000 0.000000 0.000000 0.000000 0.000000 0.000000 0.000001 0.000002 0.000003 0.000006 0.000012 0.000022 0.000042 0.000078 0.000141 0.000254 0.000448 0.000780 0.001334 0.002247 0.003724 0.006074 0.009749 0.015394 0.023919 0.036564 0.054993 0.081370 0.118444 0.169605 0.238904 0.331019 0.451140 0.604763 0.797372 1.034014 1.318768 1.654154 2.040509 2.475401 2.953168 3.464636 3.997110 4.534681 5.058867 5.549582 5.986365 6.349774 6.622815 6.792256 6.849696 6.792256 6.622815 6.349774 5.986365 5.549582 5.058867 4.534681 3.997110 3.464636 2.953168 2.475401 2.040509 1.654154 1.318768 1.034014 0.797372 0.604763 0.451140 0.331019 0.238904 0.169605 0.118444 0.081370 0.054993 0.036564 0.023919 0.015394 0.009749 0.006074 0.003724 0.002247 0.001334 0.000780 0.000448 0.000254 0.000141 0.000078 0.000042 0.000022 0.000012 0.000006 0.000003 0.000002 0.000001 0.000000 0.000000 0.000000 0.000000 0.000000 
0.000000 0.000000 0.000000 0.000000 0.000000 0.000001 0.000001 0.000002 0.000004 0.000009 0.000017 0.000032 0.000060 0.000110 0.000201 0.000360 0.000636 0.001105 0.001890 0.003181 0.005269 0.008588 0.013775 0.021742 0.033765 0.051592 0.077559 0.114710 0.166906 0.238904 0.336390 0.465924 0.634782 0.850662 1.121242 1.453580 1.853377 2.324138 2.866308 3.476455 4.146617 4.863917 5.610551 6.364219 7.099026 7.786835 8.398994 8.908279 9.290899 9.528333 9.608822 9.528333 9.290899 8.908279 8.398994 7.786835 7.099026 6.364219 5.610551 4.863917 4.146617 3.476455 2.866308 2.324138 1.853377 1.453580 1.121242 0.850662 0.634782 0.465924 0.336390 0.238904 0.166906 0.114710 0.077559 0.051592 0.033765 0.021742 0.013775 0.008588 0.005269 0.003181 0.001890 0.001105 0.000636 0.000360 0.000201 0.000110 0.000060 0.000032 0.000017 0.000009 0.000004 0.000002 0.000001 0.000001 0.000000 0.000000 0.000000 0.000000 
0.000000 0.000000 0.000000 0.000000 0.000000 0.000001 0.000001 0.000003 0.000006 0.000012 0.000023 0.000044 0.000083 0.000154 0.000280 0.000502 0.000887 0.001540 0.002632 0.004427 0.007329 0.011941 0.019144 0.030201 0.046880 0.071600 0.107592 0.159063 0.231348 0.331019 0.465924 0.645115 0.878626 1.177070 1.551021 2.010193 2.562422 3.212510 3.961038 4.803235 5.728090 6.717823 7.747866 8.787465 9.800920 10.749454 11.593586 12.295811 12.823356 13.150712 13.261681 13.150712 12.823356 12.295811 11.593586 10.749454 9.800920 8.787465 7.747866 6.717823 5.728090 4.803235 3.961038 3.212510 2.562422 2.010193 1.551021 1.177070 0.878626 0.645115 0.465924 0.331019 0.231348 0.159063 0.107592 0.071600 0.046880 0.030201 0.019144 0.011941 0.007329 0.004427 0.002632 0.001540 0.000887 0.000502 0.000280 0.000154 0.000083 0.000044 0.000023 0.000012 0.000006 0.000003 0.000001 0.000001 0.000000 0.000000 0.000000 0.000000 
0.000000 0.000000 0.000000 0.000000 0.000000 0.000001 0.000002 0.000004 0.000008 0.000016 0.000032 0.000061 0.000114 0.000211 0.000385 0.000689 0.001215 0.002110 0.003604 0.006060 0.010027 0.016329 0.026166 0.041260 0.064018 0.097733 0.146801 0.216944 0.315414 0.451140 0.634782 0.878626 1.196289 1.602161 2.110576 2.734688 3.485093 4.368269 5.384955 6.528637 7.784334 9.127888 10.525951 11.936793 13.311991 14.598966 15.744190 16.696827 17.412456 17.856508 18.007034 17.856508 17.412456 16.696827 15.744190 14.598966 13.311991 11.936793 10.525951 9.127888 7.784334 6.528637 5.384955 4.368269 3.485093 2.734688 2.110576 1.602161 1.196289 0.878626 0.634782 0.451140 0.315414 0.216944 0.146801 0.097733 0.064018 0.041260 0.026166 0.016329 0.010027 0.006060 0.003604 0.002110 0.001215 0.000689 0.000385 0.000211 0.000114 0.000061 0.000032 0.000016 0.000008 0.000004 0.000002 0.000001 0.000000 0.000000 0.000000 0.000000 
0.000000 0.000000 0.000000 0.000000 0.000001 0.000001 0.000003 0.000006 0.000011 0.000022 0.000043 0.000082 0.000155 0.000285 0.000519 0.000930 0.001639 0.002843 0.004854 0.008157 0.013491 0.021958 0.035171 0.055436 0.085977 0.131204 0.197000 0.291021 0.422963 0.604763 0.850662 1.177070 1.602161 2.145138 2.825113 3.659613 4.662740 5.843089 7.201590 8.729490 10.406741 12.201057 14.067902 15.951568 17.787440 19.505369 21.033958 22.305410 23.260491 23.853104 24.053986 23.853104 23.260491 22.305410 21.033958 19.505369 17.787440 15.951568 14.067902 12.201057 10.406741 8.729490 7.201590 5.843089 4.662740 3.659613 2.825113 2.145138 1.602161 1.177070 0.850662 0.604763 0.422963 0.291021 0.197000 0.131204 0.085977 0.055436 0.035171 0.021958 0.013491 0.008157 0.004854 0.002843 0.001639 0.000930 0.000519 0.000285 0.000155 0.000082 0.000043 0.000022 0.000011 0.000006 0.000003 0.000001 0.000001 0.000000 0.000000 0.000000 
0.000000 0.000000 0.000000 0.000000 0.000001 0.000002 0.000004 0.000008 0.000015 0.000030 0.000057 0.000109 0.000205 0.000379 0.000689 0.001233 0.002172 0.003766 0.006427 0.010796 0.017848 0.029038 0.046492 0.073248 0.113558 0.173229 0.260004 0.383960 0.557851 0.797372 1.121242 1.551021 2.110576 2.825113 3.719706 4.817332 6.136457 7.688304 9.474024 11.482053 13.685998 16.043414 18.495786 20.969956 23.381095 25.637128 27.644363 29.313843 30.567854 31.345926 31.609670 31.345926 30.567854 29.313843 27.644363 25.637128 23.381095 20.969956 18.495786 16.043414 13.685998 11.482053 9.474024 7.688304 6.136457 4.817332 3.719706 2.825113 2.110576 1.551021 1.121242 0.797372 0.557851 0.383960 0.260004 0.173229 0.113558 0.073248 0.046492 0.029038 0.017848 0.010796 0.006427 0.003766 0.002172 0.001233 0.000689 0.000379 0.000205 0.000109 0.000057 0.000030 0.000015 0.000008 0.000004 0.000002 0.000001 0.000000 0.000000 0.000000 
0.000000 0.000000 0.000000 0.000001 0.000001 0.000002 0.000005 0.000010 0.000020 0.000039 0.000075 0.000143 0.000268 0.000495 0.000899 0.001608 0.002831 0.004906 0.008369 0.014051 0.023220 0.037761 0.060434 0.095179 0.147503 0.224929 0.337488 0.498218 0.723627 1.034014 1.453580 2.010193 2.734688 3.659613 4.817332 6.237481 7.943851 9.950864 12.259922 14.855998 17.704919 20.751792 23.920987 27.117988 30.233232 33.147829 35.740815 37.897359 39.517155 40.522155 40.862816 40.522155 39.517155 37.897359 35.740815 33.147829 30.233232 27.117988 23.920987 20.751792 17.704919 14.855998 12.259922 9.950864 7.943851 6.237481 4.817332 3.659613 2.734688 2.010193 1.453580 1.034014 0.723627 0.498218 0.337488 0.224929 0.147503 0.095179 0.060434 0.037761 0.023220 0.014051 0.008369 0.004906 0.002831 0.001608 0.000899 0.000495 0.000268 0.000143 0.000075 0.000039 0.000020 0.000010 0.000005 0.000002 0.000001 0.000001 0.000000 0.000000 
0.000000 0.000000 0.000000 0.000001 0.000001 0.000003 0.000006 0.000013 0.000025 0.000050 0.000096 0.000184 0.000344 0.000635 0.001153 0.002061 0.003627 0.006283 0.010714 0.017982 0.029703 0.048287 0.077251 0.121620 0.188414 0.287219 0.430810 0.635790 0.923166 1.318768 1.853377 2.562422 3.485093 4.662740 6.136457 7.943851 10.115082 12.668386 15.605441 18.907049 22.529689 26.403527 30.432403 34.496196 38.455697 42.159878 45.455102 48.195540 50.253820 51.530843 51.963705 51.530843 50.253820 48.195540 45.455102 42.159878 38.455697 34.496196 30.432403 26.403527 22.529689 18.907049 15.605441 12.668386 10.115082 7.943851 6.136457 4.662740 3.485093 2.562422 1.853377 1.318768 0.923166 0.635790 0.430810 0.287219 0.188414 0.121620 0.077251 0.048287 0.029703 0.017982 0.010714 0.006283 0.003627 0.002061 0.001153 0.000635 0.000344 0.000184 0.000096 0.000050 0.000025 0.000013 0.000006 0.000003 0.000001 0.000001 0.000000 0.000000 
0.000000 0.000000 0.000000 0.000001 0.000002 0.000004 0.000008 0.000016 0.000032 0.000063 0.000122 0.000232 0.000434 0.000801 0.001453 0.002597 0.004569 0.007913 0.013487 0.022627 0.037362 0.060716 0.097101 0.152819 0.236672 0.360671 0.540820 0.797913 1.158249 1.654154 2.324138 3.212510 4.368269 5.843089 7.688304 9.950864 12.668386 15.863558 19.538362 23.668678 28.199988 33.044902 38.083159 43.164577 48.115156 52.746163 56.865632 60.291374 62.864275 64.460545 65.001613 64.460545 62.864275 60.291374 56.865632 52.746163 48.115156 43.164577 38.083159 33.044902 28.199988 23.668678 19.538362 15.863558 12.668386 9.950864 7.688304 5.843089 4.368269 3.212510 2.324138 1.654154 1.158249 0.797913 0.540820 0.360671 0.236672 0.152819 0.097101 0.060716 0.037362 0.022627 0.013487 0.007913 0.004569 0.002597 0.001453 0.000801 0.000434 0.000232 0.000122 0.000063 0.000032 0.000016 0.000008 0.000004 0.000002 0.000001 0.000000 0.000000 
0.000000 0.000000 0.000000 0.000001 0.000002 0.000005 0.000010 0.000020 0.000040 0.000078 0.000151 0.000288 0.000539 0.000993 0.001801 0.003218 0.005659 0.009796 0.016692 0.027994 0.046208 0.075067 0.120013 0.188821 0.292340 0.445376 0.667650 0.984771 1.429127 2.040509 2.866308 3.961038 5.384955 7.201590 9.474024 12.259922 15.605441 19.538362 24.060987 29.143515 34.718781 40.679218 46.876874 53.127048 59.215801 64.911116 69.977040 74.189658 77.353431 79.316244 79.981547 79.316244 77.353431 74.189658 69.977040 64.911116 59.215801 53.127048 46.876874 40.679218 34.718781 29.143515 24.060987 19.538362 15.605441 12.259922 9.474024 7.201590 5.384955 3.961038 2.866308 2.040509 1.429127 0.984771 0.667650 0.445376 0.292340 0.188821 0.120013 0.075067 0.046208 0.027994 0.016692 0.009796 0.005659 0.003218 0.001801 0.000993 0.000539 0.000288 0.000151 0.000078 0.000040 0.000020 0.000010 0.000005 0.000002 0.000001 0.000000 0.000000 
0.000000 0.000000 0.000001 0.000001 0.000003 0.000006 0.000012 0.000025 0.000049 0.000096 0.000185 0.000351 0.000657 0.001210 0.002195 0.003920 0.006891 0.011924 0.020311 0.034053 0.056191 0.091256 0.145853 0.229409 0.355082 0.540819 0.810518 1.195205 1.734106 2.475401 3.476455 4.803235 6.528637 8.729490 11.482053 14.855998 18.907049 23.668678 29.143515 35.295363 42.042832 49.255693 56.754904 64.317023 71.683292 78.573137 84.701258 89.796940 93.623794 95.997933 96.802648 95.997933 93.623794 89.796940 84.701258 78.573137 71.683292 64.317023 56.754904 49.255693 42.042832 35.295363 29.143515 23.668678 18.907049 14.855998 11.482053 8.729490 6.528637 4.803235 3.476455 2.475401 1.734106 1.195205 0.810518 0.540819 0.355082 0.229409 0.145853 0.091256 0.056191 0.034053 0.020311 0.011924 0.006891 0.003920 0.002195 0.001210 0.000657 0.000351 0.000185 0.000096 0.000049 0.000025 0.000012 0.000006 0.000003 0.000001 0.000000 0.000000 
0.000000 0.000000 0.000001 0.000002 0.000003 0.000007 0.000015 0.000029 0.000059 0.000115 0.000222 0.000421 0.000787 0.001450 0.002629 0.004694 0.008249 0.014270 0.024299 0.040726 0.067183 0.109076 0.174288 0.274063 0.424091 0.645768 0.967577 1.426487 2.069224 2.953168 4.146617 5.728090 7.784334 10.406741 13.685998 17.704919 22.529689 28.199988 34.718781 42.042832 50.075144 58.660640 67.586203 76.585944 85.352009 93.550641 100.842500 106.905624 111.458894 114.283639 115.241077 114.283639 111.458894 106.905624 100.842500 93.550641 85.352009 76.585944 67.586203 58.660640 50.075144 42.042832 34.718781 28.199988 22.529689 17.704919 13.685998 10.406741 7.784334 5.728090 4.146617 2.953168 2.069224 1.426487 0.967577 0.645768 0.424091 0.274063 0.174288 0.109076 0.067183 0.040726 0.024299 0.014270 0.008249 0.004694 0.002629 0.001450 0.000787 0.000421 0.000222 0.000115 0.000059 0.000029 0.000015 0.000007 0.000003 0.000002 0.000001 0.000000 
0.000000 0.000000 0.000001 0.000002 0.000004 0.000008 0.000017 0.000035 0.000069 0.000135 0.000261 0.000496 0.000928 0.001708 0.003096 0.005526 0.009707 0.016788 0.028579 0.047886 0.078974 0.128188 0.204776 0.321928 0.498046 0.758214 1.135817 1.674183 2.428052 3.464636 4.863917 6.717823 9.127888 12.201057 16.043414 20.751792 26.403527 33.044902 40.679218 49.255693 58.660640 68.712425 79.161534 89.696746 99.957786 109.554117 118.088716 125.184920 130.513870 133.819771 134.940286 133.819771 130.513870 125.184920 118.088716 109.554117 99.957786 89.696746 79.161534 68.712425 58.660640 49.255693 40.679218 33.044902 26.403527 20.751792 16.043414 12.201057 9.127888 6.717823 4.863917 3.464636 2.428052 1.674183 1.135817 0.758214 0.498046 0.321928 0.204776 0.128188 0.078974 0.047886 0.028579 0.016788 0.009707 0.005526 0.003096 0.001708 0.000928 0.000496 0.000261 0.000135 0.000069 0.000035 0.000017 0.000008 0.000004 0.000002 0.000001 0.000000 
0.000000 0.000000 0.000001 0.000002 0.000005 0.000010 0.000020 0.000040 0.000080 0.000157 0.000303 0.000575 0.001074 0.001978 0.003584 0.006394 0.011230 0.019416 0.033045 0.055357 0.091273 0.148118 0.236561 0.371819 0.575113 0.875366 1.311065 1.932144 2.801682 3.997110 5.610551 7.747866 10.525951 14.067902 18.495786 23.920987 30.432403 38.083159 46.876874 56.754904 67.586203 79.161534 91.193565 103.323982 115.138065 126.186314 136.011807 144.181085 150.315724 154.121388 155.411285 154.121388 150.315724 144.181085 136.011807 126.186314 115.138065 103.323982 91.193565 79.161534 67.586203 56.754904 46.876874 38.083159 30.432403 23.920987 18.495786 14.067902 10.525951 7.747866 5.610551 3.997110 2.801682 1.932144 1.311065 0.875366 0.575113 0.371819 0.236561 0.148118 0.091273 0.055357 0.033045 0.019416 0.011230 0.006394 0.003584 0.001978 0.001074 0.000575 0.000303 0.000157 0.000080 0.000040 0.000020 0.000010 0.000005 0.000002 0.000001 0.000000 
