0.000000 0.000000 0.000000 0.000000 0.000000 0.000000 0.000000 0.000000 0.000000 0.000000 0.000000 0.000000 0.000000 0.000000 0.000000 0.000000 0.000000 0.000000 0.000000 0.000000 0.000000 0.000000 0.000000 0.000000 0.000000 0.000000 0.000000 0.000000 0.000000 0.000000 0.000000 0.000000 0.000000 0.000000 0.000000 0.000000 0.000000 0.000000 0.000000 0.000000 0.000000 0.000000 0.000000 0.000000 0.000000 0.000000 0.000000 0.000000 0.000000 0.000000 0.000000 0.000000 0.000000 0.000000 0.000000 0.000000 0.000000 0.000000 0.000000 0.000000 0.000000 0.000000 0.000000 0.000000 0.000000 0.000000 0.000000 0.000000 0.000000 0.000000 0.000000 0.000000 0.000000 0.000000 0.000000 0.000000 0.000000 0.000000 0.000000 0.000000 0.000000 0.000000 0.000000 0.000000 0.000000 0.000000 0.000000 0.000000 0.000000 0.000000 0.000000 0.000000 0.000000 0.000000 0.000000 0.000000 0.000000 0.000000 0.000000 0.000000 
0.000000 0.000000 0.000000 0.000000 0.000000 0.000000 0.000000 0.000000 0.000000 0.000000 0.000000 0.000000 0.000000 0.000000 0.000000 0.000000 0.000000 0.000000 0.000000 0.000000 0.000000 0.000000 0.000000 0.000000 0.000000 0.000000 0.000000 0.000000 0.000000 0.000000 0.000000 0.000000 0.000000 0.000000 0.000000 0.000000 0.000000 0.000000 0.000000 0.000000 0.000000 0.000000 0.000000 0.000000 0.000000 0.000000 0.000000 0.000000 0.000000 0.000000 0.000000 0.000000 0.000000 0.000000 0.000000 0.000000 0.000000 0.000000 0.000000 0.000000 0.000000 0.000000 0.000000 0.000000 0.000000 0.000000 0.000000 0.000000 0.000000 0.000000 0.000000 0.000000 0.000000 0.000000 0.000000 0.000000 0.000000 0.000000 0.000000 0.000000 0.000000 0.000000 0.000000 0.000000 0.000000 0.000000 0.000000 0.000000 0.000000 0.000000 0.000000 0.000000 0.000000 0.000000 0.000000 0.000000 0.000000 0.000000 0.000000 0.000000 
0.000000 0.000000 0.000000 0.000000 0.000000 0.000000 0.000000 0.000000 0.000000 0.000000 0.000000 0.000000 0.000000 0.000000 0.000000 0.000000 0.000000 0.000000 0.000000 0.000000 0.000000 0.000000 0.000000 0.000000 0.000000 0.000000 0.000000 0.000000 0.000000 0.000000 0.000000 0.000000 0.000000 0.000000 0.000000 0.000000 0.000000 0.000000 0.000000 0.000000 0.000000 0.000000 0.000000 0.000000 0.000000 0.000000 0.000000 0.000000 0.000000 0.000000 0.000000 0.000000 0.000000 0.000000 0.000000 0.000000 0.000000 0.000000 0.000000 0.000000 0.000000 0.000000 0.000000 0.000000 0.000000 0.000000 0.000000 0.000000 0.000000 0.000000 0.000000 0.000000 0.000000 0.000000 0.000000 0.000000 0.000000 0.000000 0.000000 0.000000 0.000000 0.000000 0.000000 0.000000 0.000000 0.000000 0.000000 0.000000 0.000000 0.000000 0.000000 0.000000 0.000000 0.000000 0.000000 0.000000 0.000000 0.000000 0.000000 0.000000 
0.000000 0.000000 0.000000 0.000000 0.000000 0.000000 0.000000 0.000000 0.000000 0.000000 0.000000 0.000000 0.000000 0.000000 0.000000 0.000000 0.000000 0.000000 0.000000 0.000000 0.000000 0.000000 0.000000 0.000000 0.000000 0.000000 0.000000 0.000000 0.000000 0.000000 0.000000 0.000000 0.000000 0.000000 0.000000 0.000000 0.000000 0.000000 0.000000 0.000000 0.000000 0.000000 0.000000 0.000000 0.000000 0.000000 0.000000 0.000000 0.000000 0.000000 0.000000 0.000000 0.000000 0.000000 0.000000 0.000000 0.000000 0.000000 0.000000 0.000000 0.000000 0.000000 0.000000 0.000000 0.000000 0.000000 0.000000 0.000000 0.000000 0.000000 0.000000 0.000000 0.000000 0.000000 0.000000 0.000000 0.000000 0.000000 0.000000 0.000000 0.000000 0.000000 0.000000 0.000000 0.000000 0.000000 0.000000 0.000000 0.000000 0.000000 0.000000 0.000000 0.000000 0.000000 0.000000 0.000000 0.000000 0.000000 0.000000 0.000000 
0.000000 0.000000 0.000000 0.000000 0.000000 0.000000 0.000000 0.000000 0.000000 0.000000 0.000000 0.000000 0.000000 0.000000 0.000000 0.000000 0.000000 0.000000 0.000000 0.000000 0.000000 0.000000 0.000000 0.000000 0.000000 0.000000 0.000000 0.000000 0.000000 0.000000 0.000000 0.000000 0.000000 0.000000 0.000000 0.000000 0.000000 0.000000 0.000000 0.000000 0.000000 0.000000 0.000000 0.000000 0.000000 0.000000 0.000000 0.000000 0.000000 0.000000 0.000000 0.000000 0.000000 0.000000 0.000000 0.000000 0.000000 0.000000 0.000000 0.000000 0.000000 0.000000 0.000000 0.000000 0.000000 0.000000 0.000000 0.000000 0.000000 0.000000 0.000000 0.000000 0.000000 0.000000 0.000000 0.000000 0.000000 0.000000 0.000000 0.000000 0.000000 0.000000 0.000000 0.000000 0.000000 0.000000 0.000000 0.000000 0.000000 0.000000 0.000000 0.000000 0.000000 0.000000 0.000000 0.000000 0.000000 0.000000 0.000000 0.000000 
0.000000 0.000000 0.000000 0.000000 0.000000 0.000000 0.000000 0.000000 0.000000 0.000000 0.000000 0.000000 0.000000 0.000000 0.000000 0.000000 0.000000 0.000000 0.000000 0.000000 0.000000 0.000000 0.000000 0.000000 0.000000 0.000000 0.000000 0.000000 0.000000 0.000000 0.000000 0.000000 0.000000 0.000000 0.000000 0.000000 0.000000 0.000000 0.000000 0.000000 0.000000 0.000000 0.000000 0.000000 0.000000 0.000000 0.000000 0.000000 0.000000 0.000000 0.000000 0.000000 0.000000 0.000000 0.000000 0.000000 0.000000 0.000000 0.000000 0.000000 0.000000 0.000000 0.000000 0.000000 0.000000 0.000000 0.000000 0.000000 0.000000 0.000000 0.000000 0.000000 0.000000 0.000000 0.000000 0.000000 0.000000 0.000000 0.000000 0.000000 0.000000 0.000000 0.000000 0.000000 0.000000 0.000000 0.000000 0.000000 0.000000 0.000000 0.000000 0.000000 0.000000 0.000000 0.000000 0.000000 0.000000 0.000000 0.000000 0.000000 
0.000000 0.000000 0.000000 0.000000 0.000000 0.000000 0.000000 0.000000 0.000000 0.000000 0.000000 0.000000 0.000000 0.000000 0.000000 0.000000 0.000000 0.000000 0.000000 0.000000 0.000000 0.000000 0.000000 0.000000 0.000000 0.000000 0.000000 0.000000 0.000000 0.000000 0.000000 0.000000 0.000000 0.000000 0.000000 0.000000 0.000000 0.000000 0.000000 0.000000 0.000000 0.000000 0.000000 0.000000 0.000000 0.000000 0.000000 0.000000 0.000000 0.000000 0.000000 0.000000 0.000000 0.000000 0.000000 0.000000 0.000000 0.000000 0.000000 0.000000 0.000000 0.000000 0.000000 0.000000 0.000000 0.000000 0.000000 0.000000 0.000000 0.000000 0.000000 0.000000 0.000000 0.000000 0.000000 0.000000 0.000000 0.000000 0.000000 0.000000 0.000000 0.000000 0.000000 0.000000 0.000000 0.000000 0.000000 0.000000 0.000000 0.000000 0.000000 0.000000 0.000000 0.000000 0.000000 0.000000 0.000000 0.000000 0.000000 0.000000 
0.000000 0.000000 0.000000 0.000000 0.000000 0.000000 0.000000 0.000000 0.000000 0.000000 0.000000 0.000000 0.000000 0.000000 0.000000 0.000000 0.000000 0.000000 0.000000 0.000000 0.000000 0.000000 0.000000 0.000000 0.000000 0.000000 0.000000 0.000000 0.000000 0.000000 0.000000 0.000000 0.000000 0.000000 0.000000 0.000000 0.000000 0.000000 0.000000 0.000000 0.000000 0.000000 0.000000 0.000000 0.000000 0.000000 0.000000 0.000000 0.000000 0.000000 0.000000 0.000000 0.000000 0.000000 0.000000 0.000000 0.000000 0.000000 0.000000 0.000000 0.000000 0.000000 0.000000 0.000000 0.000000 0.000000 0.000000 0.000000 0.000000 0.000000 0.000000 0.000000 0.000000 0.000000 0.000000 0.000000 0.000000 0.000000 0.000000 0.000000 0.000000 0.000000 0.000000 0.000000 0.000000 0.000000 0.000000 0.000000 0.000000 0.000000 0.000000 0.000000 0.000000 0.000000 0.000000 0.000000 0.000000 0.000000 0.000000 0.000000 
0.000000 0.000000 0.000000 0.000000 0.000000 0.000000 0.000000 0.000000 0.000000 0.000000 0.000000 0.000000 0.000000 0.000000 0.000000 0.000000 0.000000 0.000000 0.000000 0.000000 0.000000 0.000000 0.000000 0.000000 0.000000 0.000000 0.000000 0.000000 0.000000 0.000000 0.000000 0.000000 0.000000 0.000000 0.000000 0.000000 0.000000 0.000000 0.000000 0.000000 0.000000 0.000000 0.000000 0.000000 0.000000 0.000000 0.000000 0.000000 0.000000 0.000000 0.000000 0.000000 0.000000 0.000000 0.000000 0.000000 0.000000 0.000000 0.000000 0.000000 0.000000 0.000000 0.000000 0.000000 0.000000 0.000000 0.000000 0.000000 0.000000 0.000000 0.000000 0.000000 0.000000 0.000000 0.000000 0.000000 0.000000 0.000000 0.000000 0.000000 0.000000 0.000000 0.000000 0.000000 0.000000 0.000000 0.000000 0.000000 0.000000 0.000000 0.000000 0.000000 0.000000 0.000000 0.000000 0.000000 0.000000 0.000000 0.000000 0.000000 
0.000000 0.000000 0.000000 0.000000 0.000000 0.000000 0.000000 0.000000 0.000000 0.000000 0.000000 0.000000 0.000000 0.000000 0.000000 0.000000 0.000000 0.000000 0.000000 0.000000 0.000000 0.000000 0.000000 0.000000 0.000000 0.000000 0.000000 0.000000 0.000000 0.000000 0.000000 0.000000 0.000000 0.000000 0.000000 0.000000 0.000000 0.000000 0.000000 0.000000 0.000000 0.000000 0.000000 0.000000 0.000000 0.000000 0.000000 0.000000 0.000000 0.000000 0.000000 0.000000 0.000000 0.000000 0.000000 0.000000 0.000000 0.000000 0.000000 0.000000 0.000000 0.000000 0.000000 0.000000 0.000000 0.000000 0.000000 0.000000 0.000000 0.000000 0.000000 0.000000 0.000000 0.000000 0.000000 0.000000 0.000000 0.000000 0.000000 0.000000 0.000000 0.000000 0.000000 0.000000 0.000000 0.000000 0.000000 0.000000 0.000000 0.000000 0.000000 0.000000 0.000000 0.000000 0.000000 0.000000 0.000000 0.000000 0.000000 0.000000 
0.000000 0.000000 0.000000 0.000000 0.000000 0.000000 0.000000 0.000000 0.000000 0.000000 0.000000 0.000000 0.000000 0.000000 0.000000 0.000000 0.000000 0.000000 0.000000 0.000000 0.000000 0.000000 0.000000 0.000000 0.000000 0.000000 0.000000 0.000000 0.000000 0.000000 0.000000 0.000000 0.000000 0.000000 0.000000 0.000000 0.000000 0.000000 0.000000 0.000000 0.000000 0.000000 0.000000 0.000000 0.000000 0.000000 0.000001 0.000001 0.000001 0.000001 0.000001 0.000001 0.000001 0.000001 0.000001 0.000000 0.000000 0.000000 0.000000 0.000000 0.000000 0.000000 0.000000 0.000000 0.000000 0.000000 0.000000 0.000000 0.000000 0.000000 0.000000 0.000000 0.000000 0.000000 0.000000 0.000000 0.000000 0.000000 0.000000 0.000000 0.000000 0.000000 0.000000 0.000000 0.000000 0.000000 0.000000 0.000000 0.000000 0.000000 0.000000 0.000000 0.000000 0.000000 0.000000 0.000000 0.000000 0.000000 0.000000 0.000000 
0.000000 0.000000 0.000000 0.000000 0.000000 0.000000 0.000000 0.000000 0.000000 0.000000 0.000000 0.000000 0.000000 0.000000 0.000000 0.000000 0.000000 0.000000 0.000000 0.000000 0.000000 0.000000 0.000000 0.000000 0.000000 0.000000 0.000000 0.000000 0.000000 0.000000 0.000000 0.000000 0.000000 0.000000 0.000000 0.000000 0.000000 0.000000 0.000000 0.000000 0.000000 0.000001 0.000001 0.000001 0.000001 0.000001 0.000001 0.000002 0.000002 0.000002 0.000002 0.000002 0.000002 0.000002 0.000001 0.000001 0.000001 0.000001 0.000001 0.000001 0.000000 0.000000 0.000000 0.000000 0.000000 0.000000 0.000000 0.000000 0.000000 0.000000 0.000000 0.000000 0.000000 0.000000 0.000000 0.000000 0.000000 0.000000 0.000000 0.000000 0.000000 0.000000 0.000000 0.000000 0.000000 0.000000 0.000000 0.000000 0.000000 0.000000 0.000000 0.000000 0.000000 0.000000 0.000000 0.000000 0.000000 0.000000 0.000000 0.000000 
0.000000 0.000000 0.000000 0.000000 0.000000 0.000000 0.000000 0.000000 0.000000 0.000000 0.000000 0.000000 0.000000 0.000000 0.000000 0.000000 0.000000 0.000000 0.000000 0.000000 0.000000 0.000000 0.000000 0.000000 0.000000 0.000000 0.000000 0.000000 0.000000 0.000000 0.000000 0.000000 0.000000 0.000000 0.000000 0.000000 0.000000 0.000000 0.000001 0.000001 0.000001 0.000001 0.000002 0.000002 0.000003 0.000003 0.000004 0.000004 0.000004 0.000005 0.000005 0.000005 0.000004 0.000004 0.000004 0.000003 0.000003 0.000002 0.000002 0.000001 0.000001 0.000001 0.000001 0.000000 0.000000 0.000000 0.000000 0.000000 0.000000 0.000000 0.000000 0.000000 0.000000 0.000000 0.000000 0.000000 0.000000 0.000000 0.000000 0.000000 0.000000 0.000000 0.000000 0.000000 0.000000 0.000000 0.000000 0.000000 0.000000 0.000000 0.000000 0.000000 0.000000 0.000000 0.000000 0.000000 0.000000 0.000000 0.000000 0.000000 
0.000000 0.000000 0.000000 0.000000 0.000000 0.000000 0.000000 0.000000 0.000000 0.000000 0.000000 0.000000 0.000000 0.000000 0.000000 0.000000 0.000000 0.000000 0.000000 0.000000 0.000000 0.000000 0.000000 0.000000 0.000000 0.000000 0.000000 0.000000 0.000000 0.000000 0.000000 0.000000 0.000000 0.000000 0.000000 0.000000 0.000001 0.000001 0.000002 0.000002 0.000003 0.000004 0.000005 0.000006 0.000007 0.000008 0.000009 0.000010 0.000011 0.000012 0.000012 0.000012 0.000011 0.000010 0.000009 0.000008 0.000007 0.000006 0.000005 0.000004 0.000003 0.000002 0.000002 0.000001 0.000001 0.000000 0.000000 0.000000 0.000000 0.000000 0.000000 0.000000 0.000000 0.000000 0.000000 0.000000 0.000000 0.000000 0.000000 0.000000 0.000000 0.000000 0.000000 0.000000 0.000000 0.000000 0.000000 0.000000 0.000000 0.000000 0.000000 0.000000 0.000000 0.000000 0.000000 0.000000 0.000000 0.000000 0.000000 0.000000 
0.000000 0.000000 0.000000 0.000000 0.000000 0.000000 0.000000 0.000000 0.000000 0.000000 0.000000 0.000000 0.000000 0.000000 0.000000 0.000000 0.000000 0.000000 0.000000 0.000000 0.000000 0.000000 0.000000 0.000000 0.000000 0.000000 0.000000 0.000000 0.000000 0.000000 0.000000 0.000000 0.000000 0.000000 0.000001 0.000001 0.000002 0.000003 0.000004 0.000005 0.000007 0.000009 0.000012 0.000014 0.000017 0.000020 0.000023 0.000026 0.000027 0.000029 0.000029 0.000029 0.000027 0.000026 0.000023 0.000020 0.000017 0.000014 0.000012 0.000009 0.000007 0.000005 0.000004 0.000003 0.000002 0.000001 0.000001 0.000000 0.000000 0.000000 0.000000 0.000000 0.000000 0.000000 0.000000 0.000000 0.000000 0.000000 0.000000 0.000000 0.000000 0.000000 0.000000 0.000000 0.000000 0.000000 0.000000 0.000000 0.000000 0.000000 0.000000 0.000000 0.000000 0.000000 0.000000 0.000000 0.000000 0.000000 0.000000 0.000000 
0.000000 0.000000 0.000000 0.000000 0.000000 0.000000 0.000000 0.000000 0.000000 0.000000 0.000000 0.000000 0.000000 0.000000 0.000000 0.000000 0.000000 0.000000 0.000000 0.000000 0.000000 0.000000 0.000000 0.000000 0.000000 0.000000 0.000000 0.000000 0.000000 0.000000 0.000000 0.000000 0.000001 0.000001 0.000002 0.000003 0.000004 0.000007 0.000009 0.000013 0.000017 0.000022 0.000028 0.000035 0.000042 0.000049 0.000056 0.000062 0.000066 0.000069 0.000070 0.000069 0.000066 0.000062 0.000056 0.000049 0.000042 0.000035 0.000028 0.000022 0.000017 0.000013 0.000009 0.000007 0.000004 0.000003 0.000002 0.000001 0.000001 0.000000 0.000000 0.000000 0.000000 0.000000 0.000000 0.000000 0.000000 0.000000 0.000000 0.000000 0.000000 0.000000 0.000000 0.000000 0.000000 0.000000 0.000000 0.000000 0.000000 0.000000 0.000000 0.000000 0.000000 0.000000 0.000000 0.000000 0.000000 0.000000 0.000000 0.000000 
0.000000 0.000000 0.000000 0.000000 0.000000 0.000000 0.000000 0.000000 0.000000 0.000000 0.000000 0.000000 0.000000 0.000000 0.000000 0.000000 0.000000 0.000000 0.000000 0.000000 0.000000 0.000000 0.000000 0.000000 0.000000 0.000000 0.000000 0.000000 0.000000 0.000000 0.000001 0.000001 0.000002 0.000003 0.000005 0.000007 0.000011 0.000016 0.000022 0.000030 0.000041 0.000053 0.000067 0.000083 0.000100 0.000117 0.000132 0.000146 0.000157 0.000163 0.000166 0.000163 0.000157 0.000146 0.000132 0.000117 0.000100 0.000083 0.000067 0.000053 0.000041 0.000030 0.000022 0.000016 0.000011 0.000007 0.000005 0.000003 0.000002 0.000001 0.000001 0.000000 0.000000 0.000000 0.000000 0.000000 0.000000 0.000000 0.000000 0.000000 0.000000 0.000000 0.000000 0.000000 0.000000 0.000000 0.000000 0.000000 0.000000 0.000000 0.000000 0.000000 0.000000 0.000000 0.000000 0.000000 0.000000 0.000000 0.000000 0.000000 
0.000000 0.000000 0.000000 0.000000 0.000000 0.000000 0.000000 0.000000 0.000000 0.000000 0.000000 0.000000 0.000000 0.000000 0.000000 0.000000 0.000000 0.000000 0.000000 0.000000 0.000000 0.000000 0.000000 0.000000 0.000000 0.000000 0.000000 0.000000 0.000000 0.000001 0.000001 0.000003 0.000004 0.000007 0.000011 0.000017 0.000025 0.000036 0.000051 0.000071 0.000095 0.000123 0.000156 0.000193 0.000231 0.000270 0.000306 0.000337 0.000362 0.000377 0.000383 0.000377 0.000362 0.000337 0.000306 0.000270 0.000231 0.000193 0.000156 0.000123 0.000095 0.000071 0.000051 0.000036 0.000025 0.000017 0.000011 0.000007 0.000004 0.000003 0.000001 0.000001 0.000000 0.000000 0.000000 0.000000 0.000000 0.000000 0.000000 0.000000 0.000000 0.000000 0.000000 0.000000 0.000000 0.000000 0.000000 0.000000 0.000000 0.000000 0.000000 0.000000 0.000000 0.000000 0.000000 0.000000 0.000000 0.000000 0.000000 0.000000 
0.000000 0.000000 0.000000 0.000000 0.000000 0.000000 0.000000 0.000000 0.000000 0.000000 0.000000 0.000000 0.000000 0.000000 0.000000 0.000000 0.000000 0.000000 0.000000 0.000000 0.000000 0.000000 0.000000 0.000000 0.000000 0.000000 0.000000 0.000001 0.000001 0.000002 0.000003 0.000006 0.000010 0.000016 0.000025 0.000038 0.000057 0.000082 0.000117 0.000160 0.000215 0.000279 0.000354 0.000436 0.000523 0.000609 0.000690 0.000761 0.000816 0.000851 0.000863 0.000851 0.000816 0.000761 0.000690 0.000609 0.000523 0.000436 0.000354 0.000279 0.000215 0.000160 0.000117 0.000082 0.000057 0.000038 0.000025 0.000016 0.000010 0.000006 0.000003 0.000002 0.000001 0.000001 0.000000 0.000000 0.000000 0.000000 0.000000 0.000000 0.000000 0.000000 0.000000 0.000000 0.000000 0.000000 0.000000 0.000000 0.000000 0.000000 0.000000 0.000000 0.000000 0.000000 0.000000 0.000000 0.000000 0.000000 0.000000 0.000000 
0.000000 0.000000 0.000000 0.000000 0.000000 0.000000 0.000000 0.000000 0.000000 0.000000 0.000000 0.000000 0.000000 0.000000 0.000000 0.000000 0.000000 0.000000 0.000000 0.000000 0.000000 0.000000 0.000000 0.000000 0.000000 0.000000 0.000001 0.000001 0.000002 0.000004 0.000008 0.000013 0.000022 0.000035 0.000055 0.000085 0.000126 0.000183 0.000259 0.000356 0.000476 0.000619 0.000783 0.000964 0.001154 0.001344 0.001523 0.001679 0.001799 0.001876 0.001902 0.001876 0.001799 0.001679 0.001523 0.001344 0.001154 0.000964 0.000783 0.000619 0.000476 0.000356 0.000259 0.000183 0.000126 0.000085 0.000055 0.000035 0.000022 0.000013 0.000008 0.000004 0.000002 0.000001 0.000001 0.000000 0.000000 0.000000 0.000000 0.000000 0.000000 0.000000 0.000000 0.000000 0.000000 0.000000 0.000000 0.000000 0.000000 0.000000 0.000000 0.000000 0.000000 0.000000 0.000000 0.000000 0.000000 0.000000 0.000000 0.000000 
0.000000 0.000000 0.000000 0.000000 0.000000 0.000000 0.000000 0.000000 0.000000 0.000000 0.000000 0.000000 0.000000 0.000000 0.000000 0.000000 0.000000 0.000000 0.000000 0.000000 0.000000 0.000000 0.000000 0.000000 0.000000 0.000001 0.000002 0.000003 0.000005 0.000010 0.000017 0.000029 0.000048 0.000077 0.000121 0.000185 0.000275 0.000398 0.000562 0.000771 0.001029 0.001337 0.001691 0.002080 0.002489 0.002898 0.003282 0.003615 0.003874 0.004039 0.004095 0.004039 0.003874 0.003615 0.003282 0.002898 0.002489 0.002080 0.001691 0.001337 0.001029 0.000771 0.000562 0.000398 0.000275 0.000185 0.000121 0.000077 0.000048 0.000029 0.000017 0.000010 0.000005 0.000003 0.000002 0.000001 0.000000 0.000000 0.000000 0.000000 0.000000 0.000000 0.000000 0.000000 0.000000 0.000000 0.000000 0.000000 0.000000 0.000000 0.000000 0.000000 0.000000 0.000000 0.000000 0.000000 0.000000 0.000000 0.000000 0.000000 
0.000000 0.000000 0.000000 0.000000 0.000000 0.000000 0.000000 0.000000 0.000000 0.000000 0.000000 0.000000 0.000000 0.000000 0.000000 0.000000 0.000000 0.000000 0.000000 0.000000 0.000000 0.000000 0.000000 0.000000 0.000001 0.000002 0.000003 0.000006 0.000012 0.000021 0.000036 0.000062 0.000102 0.000164 0.000258 0.000393 0.000584 0.000845 0.001190 0.001631 0.002175 0.002824 0.003567 0.004384 0.005243 0.006101 0.006906 0.007606 0.008149 0.008493 0.008611 0.008493 0.008149 0.007606 0.006906 0.006101 0.005243 0.004384 0.003567 0.002824 0.002175 0.001631 0.001190 0.000845 0.000584 0.000393 0.000258 0.000164 0.000102 0.000062 0.000036 0.000021 0.000012 0.000006 0.000003 0.000002 0.000001 0.000000 0.000000 0.000000 0.000000 0.000000 0.000000 0.000000 0.000000 0.000000 0.000000 0.000000 0.000000 0.000000 0.000000 0.000000 0.000000 0.000000 0.000000 0.000000 0.000000 0.000000 0.000000 0.000000 
0.000000 0.000000 0.000000 0.000000 0.000000 0.000000 0.000000 0.000000 0.000000 0.000000 0.000000 0.000000 0.000000 0.000000 0.000000 0.000000 0.000000 0.000000 0.000000 0.000000 0.000000 0.000000 0.000000 0.000001 0.000002 0.000004 0.000007 0.000013 0.000025 0.000044 0.000076 0.000129 0.000213 0.000342 0.000536 0.000816 0.001211 0.001750 0.002461 0.003369 0.004489 0.005822 0.007348 0.009025 0.010786 0.012544 0.014194 0.015626 0.016737 0.017442 0.017683 0.017442 0.016737 0.015626 0.014194 0.012544 0.010786 0.009025 0.007348 0.005822 0.004489 0.003369 0.002461 0.001750 0.001211 0.000816 0.000536 0.000342 0.000213 0.000129 0.000076 0.000044 0.000025 0.000013 0.000007 0.000004 0.000002 0.000001 0.000000 0.000000 0.000000 0.000000 0.000000 0.000000 0.000000 0.000000 0.000000 0.000000 0.000000 0.000000 0.000000 0.000000 0.000000 0.000000 0.000000 0.000000 0.000000 0.000000 0.000000 0.000000 
0.000000 0.000000 0.000000 0.000000 0.000000 0.000000 0.000000 0.000000 0.000000 0.000000 0.000000 0.000000 0.000000 0.000000 0.000000 0.000000 0.000000 0.000000 0.000000 0.000000 0.000000 0.000000 0.000001 0.000002 0.000004 0.000008 0.000015 0.000028 0.000050 0.000090 0.000156 0.000263 0.000434 0.000696 0.001087 0.001654 0.002451 0.003536 0.004968 0.006793 0.009043 0.011718 0.014778 0.018138 0.021665 0.025182 0.028482 0.031347 0.033568 0.034975 0.035458 0.034975 0.033568 0.031347 0.028482 0.025182 0.021665 0.018138 0.014778 0.011718 0.009043 0.006793 0.004968 0.003536 0.002451 0.001654 0.001087 0.000696 0.000434 0.000263 0.000156 0.000090 0.000050 0.000028 0.000015 0.000008 0.000004 0.000002 0.000001 0.000000 0.000000 0.000000 0.000000 0.000000 0.000000 0.000000 0.000000 0.000000 0.000000 0.000000 0.000000 0.000000 0.000000 0.000000 0.000000 0.000000 0.000000 0.000000 0.000000 0.000000 
0.000000 0.000000 0.000000 0.000000 0.000000 0.000000 0.000000 0.000000 0.000000 0.000000 0.000000 0.000000 0.000000 0.000000 0.000000 0.000000 0.000000 0.000000 0.000000 0.000000 0.000000 0.000001 0.000002 0.000004 0.000008 0.000015 0.000030 0.000055 0.000101 0.000179 0.000311 0.000524 0.000862 0.001380 0.002153 0.003271 0.004841 0.006976 0.009789 0.013373 0.017785 0.023026 0.029016 0.035589 0.042484 0.049356 0.055801 0.061393 0.065728 0.068475 0.069416 0.068475 0.065728 0.061393 0.055801 0.049356 0.042484 0.035589 0.029016 0.023026 0.017785 0.013373 0.009789 0.006976 0.004841 0.003271 0.002153 0.001380 0.000862 0.000524 0.000311 0.000179 0.000101 0.000055 0.000030 0.000015 0.000008 0.000004 0.000002 0.000001 0.000000 0.000000 0.000000 0.000000 0.000000 0.000000 0.000000 0.000000 0.000000 0.000000 0.000000 0.000000 0.000000 0.000000 0.000000 0.000000 0.000000 0.000000 0.000000 0.000000 
0.000000 0.000000 0.000000 0.000000 0.000000 0.000000 0.000000 0.000000 0.000000 0.000000 0.000000 0.000000 0.000000 0.000000 0.000000 0.000000 0.000000 0.000000 0.000000 0.000000 0.000001 0.000002 0.000004 0.000008 0.000015 0.000030 0.000058 0.000108 0.000197 0.000349 0.000604 0.001017 0.001670 0.002671 0.004161 0.006314 0.009332 0.013432 0.018827 0.025694 0.034140 0.044162 0.055610 0.068163 0.081323 0.094431 0.106720 0.117377 0.125638 0.130871 0.132664 0.130871 0.125638 0.117377 0.106720 0.094431 0.081323 0.068163 0.055610 0.044162 0.034140 0.025694 0.018827 0.013432 0.009332 0.006314 0.004161 0.002671 0.001670 0.001017 0.000604 0.000349 0.000197 0.000108 0.000058 0.000030 0.000015 0.000008 0.000004 0.000002 0.000001 0.000000 0.000000 0.000000 0.000000 0.000000 0.000000 0.000000 0.000000 0.000000 0.000000 0.000000 0.000000 0.000000 0.000000 0.000000 0.000000 0.000000 0.000000 0.000000 
0.000000 0.000000 0.000000 0.000000 0.000000 0.000000 0.000000 0.000000 0.000000 0.000000 0.000000 0.000000 0.000000 0.000000 0.000000 0.000000 0.000000 0.000000 0.000000 0.000001 0.000002 0.000003 0.000007 0.000015 0.000030 0.000058 0.000111 0.000206 0.000375 0.000664 0.001146 0.001927 0.003158 0.005043 0.007845 0.011890 0.017552 0.025236 0.035335 0.048176 0.063956 0.082665 0.104019 0.127419 0.151934 0.176342 0.199213 0.219043 0.234408 0.244142 0.247476 0.244142 0.234408 0.219043 0.199213 0.176342 0.151934 0.127419 0.104019 0.082665 0.063956 0.048176 0.035335 0.025236 0.017552 0.011890 0.007845 0.005043 0.003158 0.001927 0.001146 0.000664 0.000375 0.000206 0.000111 0.000058 0.000030 0.000015 0.000007 0.000003 0.000002 0.000001 0.000000 0.000000 0.000000 0.000000 0.000000 0.000000 0.000000 0.000000 0.000000 0.000000 0.000000 0.000000 0.000000 0.000000 0.000000 0.000000 0.000000 0.000000 
0.000000 0.000000 0.000000 0.000000 0.000000 0.000000 0.000000 0.000000 0.000000 0.000000 0.000000 0.000000 0.000000 0.000000 0.000000 0.000000 0.000000 0.000000 0.000001 0.000001 0.000003 0.000006 0.000013 0.000028 0.000055 0.000108 0.000206 0.000384 0.000696 0.001230 0.002119 0.003559 0.005825 0.009288 0.014432 0.021845 0.032211 0.046261 0.064707 0.088142 0.116913 0.150996 0.189871 0.232441 0.277016 0.321375 0.362924 0.398934 0.426832 0.444502 0.450553 0.444502 0.426832 0.398934 0.362924 0.321375 0.277016 0.232441 0.189871 0.150996 0.116913 0.088142 0.064707 0.046261 0.032211 0.021845 0.014432 0.009288 0.005825 0.003559 0.002119 0.001230 0.000696 0.000384 0.000206 0.000108 0.000055 0.000028 0.000013 0.000006 0.000003 0.000001 0.000001 0.000000 0.000000 0.000000 0.000000 0.000000 0.000000 0.000000 0.000000 0.000000 0.000000 0.000000 0.000000 0.000000 0.000000 0.000000 0.000000 0.000000 
0.000000 0.000000 0.000000 0.000000 0.000000 0.000000 0.000000 0.000000 0.000000 0.000000 0.000000 0.000000 0.000000 0.000000 0.000000 0.000000 0.000000 0.000000 0.000001 0.000002 0.000005 0.000012 0.000025 0.000050 0.000101 0.000197 0.000375 0.000696 0.001260 0.002223 0.003824 0.006412 0.010479 0.016688 0.025896 0.039151 0.057664 0.082730 0.115606 0.157335 0.208522 0.269113 0.338173 0.413751 0.492845 0.571519 0.645181 0.709003 0.758435 0.789740 0.800460 0.789740 0.758435 0.709003 0.645181 0.571519 0.492845 0.413751 0.338173 0.269113 0.208522 0.157335 0.115606 0.082730 0.057664 0.039151 0.025896 0.016688 0.010479 0.006412 0.003824 0.002223 0.001260 0.000696 0.000375 0.000197 0.000101 0.000050 0.000025 0.000012 0.000005 0.000002 0.000001 0.000000 0.000000 0.000000 0.000000 0.000000 0.000000 0.000000 0.000000 0.000000 0.000000 0.000000 0.000000 0.000000 0.000000 0.000000 0.000000 0.000000 
0.000000 0.000000 0.000000 0.000000 0.000000 0.000000 0.000000 0.000000 0.000000 0.000000 0.000000 0.000000 0.000000 0.000000 0.000000 0.000000 0.000000 0.000001 0.000002 0.000004 0.000010 0.000021 0.000044 0.000090 0.000179 0.000349 0.000664 0.001230 0.002223 0.003916 0.006727 0.011264 0.018384 0.029240 0.045319 0.068438 0.100692 0.144318 0.201482 0.273973 0.362825 0.467921 0.587627 0.718552 0.855496 0.991652 1.119087 1.229466 1.314939 1.369060 1.387592 1.369060 1.314939 1.229466 1.119087 0.991652 0.855496 0.718552 0.587627 0.467921 0.362825 0.273973 0.201482 0.144318 0.100692 0.068438 0.045319 0.029240 0.018384 0.011264 0.006727 0.003916 0.002223 0.001230 0.000664 0.000349 0.000179 0.000090 0.000044 0.000021 0.000010 0.000004 0.000002 0.000001 0.000000 0.000000 0.000000 0.000000 0.000000 0.000000 0.000000 0.000000 0.000000 0.000000 0.000000 0.000000 0.000000 0.000000 0.000000 0.000000 
0.000000 0.000000 0.000000 0.000000 0.000000 0.000000 0.000000 0.000000 0.000000 0.000000 0.000000 0.000000 0.000000 0.000000 0.000000 0.000000 0.000001 0.000001 0.000003 0.000008 0.000017 0.000036 0.000076 0.000156 0.000311 0.000604 0.001146 0.002119 0.003824 0.006727 0.011539 0.019295 0.031450 0.049960 0.077343 0.116673 0.171483 0.245546 0.342504 0.465353 0.615811 0.793649 0.996081 1.217360 1.448695 1.678601 1.893704 2.079965 2.224165 2.315459 2.346719 2.315459 2.224165 2.079965 1.893704 1.678601 1.448695 1.217360 0.996081 0.793649 0.615811 0.465353 0.342504 0.245546 0.171483 0.116673 0.077343 0.049960 0.031450 0.019295 0.011539 0.006727 0.003824 0.002119 0.001146 0.000604 0.000311 0.000156 0.000076 0.000036 0.000017 0.000008 0.000003 0.000001 0.000001 0.000000 0.000000 0.000000 0.000000 0.000000 0.000000 0.000000 0.000000 0.000000 0.000000 0.000000 0.000000 0.000000 0.000000 0.000000 
0.000000 0.000000 0.000000 0.000000 0.000000 0.000000 0.000000 0.000000 0.000000 0.000000 0.000000 0.000000 0.000000 0.000000 0.000000 0.000000 0.000001 0.000003 0.000006 0.000013 0.000029 0.000062 0.000129 0.000263 0.000524 0.001017 0.001927 0.003559 0.006412 0.011264 0.019295 0.032223 0.052456 0.083232 0.128710 0.193957 0.284796 0.407427 0.567828 0.770896 1.019417 1.312964 1.646904 2.011736 2.392967 2.771688 3.125904 3.432540 3.669886 3.820130 3.871571 3.820130 3.669886 3.432540 3.125904 2.771688 2.392967 2.011736 1.646904 1.312964 1.019417 0.770896 0.567828 0.407427 0.284796 0.193957 0.128710 0.083232 0.052456 0.032223 0.019295 0.011264 0.006412 0.003559 0.001927 0.001017 0.000524 0.000263 0.000129 0.000062 0.000029 0.000013 0.000006 0.000003 0.000001 0.000000 0.000000 0.000000 0.000000 0.000000 0.000000 0.000000 0.000000 0.000000 0.000000 0.000000 0.000000 0.000000 0.000000 0.000000 
0.000000 0.000000 0.000000 0.000000 0.000000 0.000000 0.000000 0.000000 0.000000 0.000000 0.000000 0.000000 0.000000 0.000000 0.000000 0.000001 0.000002 0.000004 0.000010 0.000022 0.000048 0.000102 0.000213 0.000434 0.000862 0.001670 0.003158 0.005825 0.010479 0.018384 0.031450 0.052456 0.085293 0.135185 0.208829 0.314382 0.461192 0.659208 0.917996 1.245371 1.645741 2.118343 2.655664 3.242389 3.855211 4.463761 5.032751 5.525185 5.906269 6.147471 6.230049 6.147471 5.906269 5.525185 5.032751 4.463761 3.855211 3.242389 2.655664 2.118343 1.645741 1.245371 0.917996 0.659208 0.461192 0.314382 0.208829 0.135185 0.085293 0.052456 0.031450 0.018384 0.010479 0.005825 0.003158 0.001670 0.000862 0.000434 0.000213 0.000102 0.000048 0.000022 0.000010 0.000004 0.000002 0.000001 0.000000 0.000000 0.000000 0.000000 0.000000 0.000000 0.000000 0.000000 0.000000 0.000000 0.000000 0.000000 0.000000 0.000000 
0.000000 0.000000 0.000000 0.000000 0.000000 0.000000 0.000000 0.000000 0.000000 0.000000 0.000000 0.000000 0.000000 0.000000 0.000000 0.000001 0.000003 0.000007 0.000016 0.000035 0.000077 0.000164 0.000342 0.000696 0.001380 0.002671 0.005043 0.009288 0.016688 0.029240 0.049960 0.083232 0.135185 0.214036 0.330306 0.496792 0.728144 1.039926 1.447073 1.961751 2.590765 3.332810 4.176009 5.096286 6.057084 7.010833 7.902308 8.673647 9.270462 9.648160 9.777461 9.648160 9.270462 8.673647 7.902308 7.010833 6.057084 5.096286 4.176009 3.332810 2.590765 1.961751 1.447073 1.039926 0.728144 0.496792 0.330306 0.214036 0.135185 0.083232 0.049960 0.029240 0.016688 0.009288 0.005043 0.002671 0.001380 0.000696 0.000342 0.000164 0.000077 0.000035 0.000016 0.000007 0.000003 0.000001 0.000000 0.000000 0.000000 0.000000 0.000000 0.000000 0.000000 0.000000 0.000000 0.000000 0.000000 0.000000 0.000000 0.000000 
0.000000 0.000000 0.000000 0.000000 0.000000 0.000000 0.000000 0.000000 0.000000 0.000000 0.000000 0.000000 0.000000 0.000000 0.000001 0.000002 0.000005 0.000011 0.000025 0.000055 0.000121 0.000258 0.000536 0.001087 0.002153 0.004161 0.007845 0.014432 0.025896 0.045319 0.077343 0.128710 0.208829 0.330306 0.509258 0.765265 1.120711 1.599346 2.223915 3.012897 3.976541 5.112692 6.403051 7.810713 9.279761 10.737526 12.099713 13.278056 14.189627 14.766454 14.963913 14.766454 14.189627 13.278056 12.099713 10.737526 9.279761 7.810713 6.403051 5.112692 3.976541 3.012897 2.223915 1.599346 1.120711 0.765265 0.509258 0.330306 0.208829 0.128710 0.077343 0.045319 0.025896 0.014432 0.007845 0.004161 0.002153 0.001087 0.000536 0.000258 0.000121 0.000055 0.000025 0.000011 0.000005 0.000002 0.000001 0.000000 0.000000 0.000000 0.000000 0.000000 0.000000 0.000000 0.000000 0.000000 0.000000 0.000000 0.000000 0.000000 
0.000000 0.000000 0.000000 0.000000 0.000000 0.000000 0.000000 0.000000 0.000000 0.000000 0.000000 0.000000 0.000000 0.000000 0.000001 0.000003 0.000007 0.000017 0.000038 0.000085 0.000185 0.000393 0.000816 0.001654 0.003271 0.006314 0.011890 0.021845 0.039151 0.068438 0.116673 0.193957 0.314382 0.496792 0.765265 1.149008 1.681379 2.397716 3.331807 4.511025 5.950437 7.646605 9.572052 11.671623 13.861917 16.034679 18.064430 19.819860 21.177644 22.036733 22.330800 22.036733 21.177644 19.819860 18.064430 16.034679 13.861917 11.671623 9.572052 7.646605 5.950437 4.511025 3.331807 2.397716 1.681379 1.149008 0.765265 0.496792 0.314382 0.193957 0.116673 0.068438 0.039151 0.021845 0.011890 0.006314 0.003271 0.001654 0.000816 0.000393 0.000185 0.000085 0.000038 0.000017 0.000007 0.000003 0.000001 0.000000 0.000000 0.000000 0.000000 0.000000 0.000000 0.000000 0.000000 0.000000 0.000000 0.000000 0.000000 0.000000 
0.000000 0.000000 0.000000 0.000000 0.000000 0.000000 0.000000 0.000000 0.000000 0.000000 0.000000 0.000000 0.000000 0.000001 0.000002 0.000004 0.000011 0.000025 0.000057 0.000126 0.000275 0.000584 0.001211 0.002451 0.004841 0.009332 0.017552 0.032211 0.057664 0.100692 0.171483 0.284796 0.461192 0.728144 1.120711 1.681379 2.458612 3.503686 4.865552 6.583755 8.679912 11.148717 13.949959 17.003281 20.187401 23.345065 26.294141 28.844125 30.816176 32.063792 32.490831 32.063792 30.816176 28.844125 26.294141 23.345065 20.187401 17.003281 13.949959 11.148717 8.679912 6.583755 4.865552 3.503686 2.458612 1.681379 1.120711 0.728144 0.461192 0.284796 0.171483 0.100692 0.057664 0.032211 0.017552 0.009332 0.004841 0.002451 0.001211 0.000584 0.000275 0.000126 0.000057 0.000025 0.000011 0.000004 0.000002 0.000001 0.000000 0.000000 0.000000 0.000000 0.000000 0.000000 0.000000 0.000000 0.000000 0.000000 0.000000 0.000000 
0.000000 0.000000 0.000000 0.000000 0.000000 0.000000 0.000000 0.000000 0.000000 0.000000 0.000000 0.000000 0.000000 0.000001 0.000003 0.000007 0.000016 0.000036 0.000082 0.000183 0.000398 0.000845 0.001750 0.003536 0.006976 0.013432 0.025236 0.046261 0.082730 0.144318 0.245546 0.407427 0.659208 1.039926 1.599346 2.397716 3.503686 4.989805 6.925222 9.365665 12.341384 15.844456 19.817538 24.146506 28.659415 33.133551 37.311137 40.922692 43.715318 45.481901 46.086545 45.481901 43.715318 40.922692 37.311137 33.133551 28.659415 24.146506 19.817538 15.844456 12.341384 9.365665 6.925222 4.989805 3.503686 2.397716 1.599346 1.039926 0.659208 0.407427 0.245546 0.144318 0.082730 0.046261 0.025236 0.013432 0.006976 0.003536 0.001750 0.000845 0.000398 0.000183 0.000082 0.000036 0.000016 0.000007 0.000003 0.000001 0.000000 0.000000 0.000000 0.000000 0.000000 0.000000 0.000000 0.000000 0.000000 0.000000 0.000000 0.000000 
0.000000 0.000000 0.000000 0.000000 0.000000 0.000000 0.000000 0.000000 0.000000 0.000000 0.000000 0.000000 0.000001 0.000002 0.000004 0.000009 0.000022 0.000051 0.000117 0.000259 0.000562 0.001190 0.002461 0.004968 0.009789 0.018827 0.035335 0.064707 0.115606 0.201482 0.342504 0.567828 0.917996 1.447073 2.223915 3.331807 4.865552 6.925222 9.606067 12.984674 17.102341 21.947607 27.440789 33.423909 39.659331 45.839542 51.608849 56.595575 60.451038 62.889743 63.724395 62.889743 60.451038 56.595575 51.608849 45.839542 39.659331 33.423909 27.440789 21.947607 17.102341 12.984674 9.606067 6.925222 4.865552 3.331807 2.223915 1.447073 0.917996 0.567828 0.342504 0.201482 0.115606 0.064707 0.035335 0.018827 0.009789 0.004968 0.002461 0.001190 0.000562 0.000259 0.000117 0.000051 0.000022 0.000009 0.000004 0.000002 0.000001 0.000000 0.000000 0.000000 0.000000 0.000000 0.000000 0.000000 0.000000 0.000000 0.000000 0.000000 
0.000000 0.000000 0.000000 0.000000 0.000000 0.000000 0.000000 0.000000 0.000000 0.000000 0.000000 0.000000 0.000001 0.000002 0.000005 0.000013 0.000030 0.000071 0.000160 0.000356 0.000771 0.001631 0.003369 0.006793 0.013373 0.025694 0.048176 0.088142 0.157335 0.273973 0.465353 0.770896 1.245371 1.961751 3.012897 4.511025 6.583755 9.365665 12.984674 17.543418 23.096904 29.629054 37.031991 45.092578 53.490682 61.812393 69.579236 76.291447 81.480324 84.762190 85.885370 84.762190 81.480324 76.291447 69.579236 61.812393 53.490682 45.092578 37.031991 29.629054 23.096904 17.543418 12.984674 9.365665 6.583755 4.511025 3.012897 1.961751 1.245371 0.770896 0.465353 0.273973 0.157335 0.088142 0.048176 0.025694 0.013373 0.006793 0.003369 0.001631 0.000771 0.000356 0.000160 0.000071 0.000030 0.000013 0.000005 0.000002 0.000001 0.000000 0.000000 0.000000 0.000000 0.000000 0.000000 0.000000 0.000000 0.000000 0.000000 0.000000 
0.000000 0.000000 0.000000 0.000000 0.000000 0.000000 0.000000 0.000000 0.000000 0.000000 0.000000 0.000000 0.000001 0.000003 0.000007 0.000017 0.000041 0.000095 0.000215 0.000476 0.001029 0.002175 0.004489 0.009043 0.017785 0.034140 0.063956 0.116913 0.208522 0.362825 0.615811 1.019417 1.645741 2.590765 3.976541 5.950437 8.679912 12.341384 17.102341 23.096904 30.396540 38.979381 48.703134 59.287566 70.312326 81.234361 91.426247 100.232901 107.040127 111.345246 112.818567 111.345246 107.040127 100.232901 91.426247 81.234361 70.312326 59.287566 48.703134 38.979381 30.396540 23.096904 17.102341 12.341384 8.679912 5.950437 3.976541 2.590765 1.645741 1.019417 0.615811 0.362825 0.208522 0.116913 0.063956 0.034140 0.017785 0.009043 0.004489 0.002175 0.001029 0.000476 0.000215 0.000095 0.000041 0.000017 0.000007 0.000003 0.000001 0.000000 0.000000 0.000000 0.000000 0.000000 0.000000 0.000000 0.000000 0.000000 0.000000 0.000000 
0.000000 0.000000 0.000000 0.000000 0.000000 0.000000 0.000000 0.000000 0.000000 0.000000 0.000000 0.000001 0.000001 0.000004 0.000009 0.000022 0.000053 0.000123 0.000279 0.000619 0.001337 0.002824 0.005822 0.011718 0.023026 0.044162 0.082665 0.150996 0.269113 0.467921 0.793649 1.312964 2.118343 3.332810 5.112692 7.646605 11.148717 15.844456 21.947607 29.629054 38.979381 49.969714 62.417222 75.962852 90.068673 104.040236 117.075586 128.337713 137.042049 142.546592 144.430323 142.546592 137.042049 128.337713 117.075586 104.040236 90.068673 75.962852 62.417222 49.969714 38.979381 29.629054 21.947607 15.844456 11.148717 7.646605 5.112692 3.332810 2.118343 1.312964 0.793649 0.467921 0.269113 0.150996 0.082665 0.044162 0.023026 0.011718 0.005822 0.002824 0.001337 0.000619 0.000279 0.000123 0.000053 0.000022 0.000009 0.000004 0.000001 0.000001 0.000000 0.000000 0.000000 0.000000 0.000000 0.000000 0.000000 0.000000 0.000000 0.000000 
0.000000 0.000000 0.000000 0.000000 0.000000 0.000000 0.000000 0.000000 0.000000 0.000000 0.000000 0.000001 0.000002 0.000005 0.000012 0.000028 0.000067 0.000156 0.000354 0.000783 0.001691 0.003567 0.007348 0.014778 0.029016 0.055610 0.104019 0.189871 0.338173 0.587627 0.996081 1.646904 2.655664 4.176009 6.403051 9.572052 13.949959 19.817538 27.440789 37.031991 48.703134 62.417222 77.945414 94.839431 112.428402 129.846804 146.095571 160.132289 170.980082 177.839712 180.187101 177.839712 170.980082 160.132289 146.095571 129.846804 112.428402 94.839431 77.945414 62.417222 48.703134 37.031991 27.440789 19.817538 13.949959 9.572052 6.403051 4.176009 2.655664 1.646904 0.996081 0.587627 0.338173 0.189871 0.104019 0.055610 0.029016 0.014778 0.007348 0.003567 0.001691 0.000783 0.000354 0.000156 0.000067 0.000028 0.000012 0.000005 0.000002 0.000001 0.000000 0.000000 0.000000 0.000000 0.000000 0.000000 0.000000 0.000000 0.000000 0.000000 
0.000000 0.000000 0.000000 0.000000 0.000000 0.000000 0.000000 0.000000 0.000000 0.000000 0.000000 0.000001 0.000002 0.000006 0.000014 0.000035 0.000083 0.000193 0.000436 0.000964 0.002080 0.004384 0.009025 0.018138 0.035589 0.068163 0.127419 0.232441 0.413751 0.718552 1.217360 2.011736 3.242389 5.096286 7.810713 11.671623 17.003281 24.146506 33.423909 45.092578 59.287566 75.962852 94.839431 115.371981 136.745170 157.907707 177.646557 194.696408 207.871739 216.202749 219.053574 216.202749 207.871739 194.696408 177.646557 157.907707 136.745170 115.371981 94.839431 75.962852 59.287566 45.092578 33.423909 24.146506 17.003281 11.671623 7.810713 5.096286 3.242389 2.011736 1.217360 0.718552 0.413751 0.232441 0.127419 0.068163 0.035589 0.018138 0.009025 0.004384 0.002080 0.000964 0.000436 0.000193 0.000083 0.000035 0.000014 0.000006 0.000002 0.000001 0.000000 0.000000 0.000000 0.000000 0.000000 0.000000 0.000000 0.000000 0.000000 0.000000 
