0.000000 0.000000 0.000000 0.000000 0.000000 0.000000 0.000000 0.000000 0.000000 0.000000 0.000000 0.000000 0.000000 0.000000 0.000000 0.000000 0.000000 0.000000 0.000000 0.000000 0.000000 0.000000 0.000000 0.000000 0.000000 0.000000 0.000000 0.000000 0.000000 0.000000 0.000000 0.000000 0.000000 0.000000 0.000000 0.000000 0.000000 0.000000 0.000000 0.000000 0.000000 0.000000 0.000000 0.000000 0.000000 0.000000 0.000000 0.000000 0.000000 0.000000 0.000000 0.000000 0.000000 0.000000 0.000000 0.000000 0.000000 0.000000 0.000000 0.000000 0.000000 0.000000 0.000000 0.000000 0.000000 0.000000 0.000000 0.000000 0.000000 0.000000 0.000000 0.000000 0.000000 0.000000 0.000000 0.000000 0.000000 0.000000 0.000000 0.000000 0.000000 0.000000 0.000000 0.000000 0.000000 0.000000 0.000000 0.000000 0.000000 0.000000 0.000000 0.000000 0.000000 0.000000 0.000000 0.000000 0.000000 0.000000 0.000000 0.000000 
0.000000 0.000000 0.000000 0.000000 0.000000 0.000000 0.000001 0.000001 0.000001 0.000002 0.000002 0.000003 0.000005 0.000007 0.000009 0.000013 0.000017 0.000023 0.000030 0.000040 0.000052 0.000067 0.000086 0.000109 0.000138 0.000172 0.000213 0.000262 0.000319 0.000384 0.000460 0.000546 0.000642 0.000748 0.000864 0.000990 0.001124 0.001265 0.001412 0.001562 0.001712 0.001861 0.002005 0.002141 0.002267 0.002379 0.002475 0.002552 0.002608 0.002643 0.002655 0.002643 0.002608 0.002552 0.002475 0.002379 0.002267 0.002141 0.002005 0.001861 0.001712 0.001562 0.001412 0.001265 0.001124 0.000990 0.000864 0.000748 0.000642 0.000546 0.000460 0.000384 0.000319 0.000262 0.000213 0.000172 0.000138 0.000109 0.000086 0.000067 0.000052 0.000040 0.000030 0.000023 0.000017 0.000013 0.000009 0.000007 0.000005 0.000003 0.000002 0.000002 0.000001 0.000001 0.000001 0.000000 0.000000 0.000000 0.000000 0.000000 
0.000000 0.000000 0.000000 0.000000 0.000001 0.000001 0.000001 0.000002 0.000003 0.000004 0.000005 0.000007 0.000010 0.000014 0.000020 0.000027 0.000037 0.000049 0.000065 0.000086 0.000112 0.000144 0.000185 0.000236 0.000297 0.000371 0.000460 0.000565 0.000688 0.000830 0.000993 0.001178 0.001385 0.001614 0.001865 0.002136 0.002426 0.002730 0.003046 0.003369 0.003694 0.004015 0.004326 0.004620 0.004890 0.005132 0.005339 0.005505 0.005627 0.005702 0.005727 0.005702 0.005627 0.005505 0.005339 0.005132 0.004890 0.004620 0.004326 0.004015 0.003694 0.003369 0.003046 0.002730 0.002426 0.002136 0.001865 0.001614 0.001385 0.001178 0.000993 0.000830 0.000688 0.000565 0.000460 0.000371 0.000297 0.000236 0.000185 0.000144 0.000112 0.000086 0.000065 0.000049 0.000037 0.000027 0.000020 0.000014 0.000010 0.000007 0.000005 0.000004 0.000003 0.000002 0.000001 0.000001 0.000001 0.000000 0.000000 0.000000 
0.000000 0.000000 0.000000 0.000001 0.000001 0.000001 0.000002 0.000003 0.000004 0.000006 0.000009 0.000013 0.000018 0.000024 0.000034 0.000046 0.000062 0.000083 0.000110 0.000145 0.000189 0.000245 0.000314 0.000399 0.000503 0.000628 0.000778 0.000956 0.001164 0.001405 0.001680 0.001993 0.002343 0.002731 0.003155 0.003614 0.004103 0.004618 0.005153 0.005699 0.006248 0.006790 0.007316 0.007813 0.008271 0.008679 0.009028 0.009309 0.009516 0.009642 0.009684 0.009642 0.009516 0.009309 0.009028 0.008679 0.008271 0.007813 0.007316 0.006790 0.006248 0.005699 0.005153 0.004618 0.004103 0.003614 0.003155 0.002731 0.002343 0.001993 0.001680 0.001405 0.001164 0.000956 0.000778 0.000628 0.000503 0.000399 0.000314 0.000245 0.000189 0.000145 0.000110 0.000083 0.000062 0.000046 0.000034 0.000024 0.000018 0.000013 0.000009 0.000006 0.000004 0.000003 0.000002 0.000001 0.000001 0.000001 0.000000 0.000000 
0.000000 0.000000 0.000001 0.000001 0.000001 0.000002 0.000003 0.000005 0.000007 0.000010 0.000014 0.000020 0.000028 0.000038 0.000053 0.000072 0.000097 0.000130 0.000172 0.000226 0.000295 0.000382 0.000490 0.000623 0.000785 0.000981 0.001215 0.001492 0.001816 0.002192 0.002622 0.003110 0.003656 0.004261 0.004922 0.005638 0.006400 0.007203 0.008036 0.008888 0.009744 0.010589 0.011407 0.012182 0.012896 0.013532 0.014076 0.014515 0.014836 0.015032 0.015098 0.015032 0.014836 0.014515 0.014076 0.013532 0.012896 0.012182 0.011407 0.010589 0.009744 0.008888 0.008036 0.007203 0.006400 0.005638 0.004922 0.004261 0.003656 0.003110 0.002622 0.002192 0.001816 0.001492 0.001215 0.000981 0.000785 0.000623 0.000490 0.000382 0.000295 0.000226 0.000172 0.000130 0.000097 0.000072 0.000053 0.000038 0.000028 0.000020 0.000014 0.000010 0.000007 0.000005 0.000003 0.000002 0.000001 0.000001 0.000000 0.000000 
0.000000 0.000000 0.000001 0.000001 0.000002 0.000003 0.000005 0.000007 0.000010 0.000015 0.000021 0.000030 0.000042 0.000058 0.000079 0.000108 0.000146 0.000195 0.000259 0.000341 0.000445 0.000576 0.000738 0.000939 0.001183 0.001478 0.001830 0.002247 0.002735 0.003300 0.003947 0.004681 0.005503 0.006412 0.007408 0.008483 0.009630 0.010838 0.012090 0.013370 0.014657 0.015928 0.017158 0.018323 0.019396 0.020353 0.021170 0.021829 0.022312 0.022608 0.022707 0.022608 0.022312 0.021829 0.021170 0.020353 0.019396 0.018323 0.017158 0.015928 0.014657 0.013370 0.012090 0.010838 0.009630 0.008483 0.007408 0.006412 0.005503 0.004681 0.003947 0.003300 0.002735 0.002247 0.001830 0.001478 0.001183 0.000939 0.000738 0.000576 0.000445 0.000341 0.000259 0.000195 0.000146 0.000108 0.000079 0.000058 0.000042 0.000030 0.000021 0.000015 0.000010 0.000007 0.000005 0.000003 0.000002 0.000001 0.000001 0.000000 
0.000000 0.000001 0.000001 0.000002 0.000003 0.000005 0.000007 0.000011 0.000015 0.000022 0.000031 0.000044 0.000062 0.000086 0.000117 0.000160 0.000216 0.000289 0.000384 0.000505 0.000658 0.000851 0.001091 0.001387 0.001747 0.002183 0.002703 0.003318 0.004038 0.004872 0.005827 0.006909 0.008122 0.009463 0.010931 0.012517 0.014209 0.015989 0.017836 0.019723 0.021621 0.023494 0.025308 0.027024 0.028605 0.030016 0.031221 0.032192 0.032904 0.033339 0.033485 0.033339 0.032904 0.032192 0.031221 0.030016 0.028605 0.027024 0.025308 0.023494 0.021621 0.019723 0.017836 0.015989 0.014209 0.012517 0.010931 0.009463 0.008122 0.006909 0.005827 0.004872 0.004038 0.003318 0.002703 0.002183 0.001747 0.001387 0.001091 0.000851 0.000658 0.000505 0.000384 0.000289 0.000216 0.000160 0.000117 0.000086 0.000062 0.000044 0.000031 0.000022 0.000015 0.000011 0.000007 0.000005 0.000003 0.000002 0.000001 0.000000 
0.000000 0.000001 0.000002 0.000003 0.000005 0.000007 0.000011 0.000016 0.000022 0.000032 0.000046 0.000065 0.000090 0.000125 0.000172 0.000234 0.000315 0.000422 0.000560 0.000736 0.000960 0.001242 0.001591 0.002022 0.002548 0.003182 0.003940 0.004836 0.005885 0.007100 0.008491 0.010066 0.011831 0.013785 0.015921 0.018230 0.020692 0.023283 0.025971 0.028717 0.031477 0.034203 0.036842 0.039339 0.041639 0.043691 0.045445 0.046857 0.047893 0.048526 0.048738 0.048526 0.047893 0.046857 0.045445 0.043691 0.041639 0.039339 0.036842 0.034203 0.031477 0.028717 0.025971 0.023283 0.020692 0.018230 0.015921 0.013785 0.011831 0.010066 0.008491 0.007100 0.005885 0.004836 0.003940 0.003182 0.002548 0.002022 0.001591 0.001242 0.000960 0.000736 0.000560 0.000422 0.000315 0.000234 0.000172 0.000125 0.000090 0.000065 0.000046 0.000032 0.000022 0.000015 0.000011 0.000007 0.000005 0.000003 0.000001 0.000000 
0.000000 0.000001 0.000003 0.000004 0.000007 0.000010 0.000015 0.000022 0.000033 0.000047 0.000066 0.000093 0.000130 0.000181 0.000248 0.000338 0.000456 0.000610 0.000809 0.001063 0.001387 0.001792 0.002297 0.002919 0.003677 0.004591 0.005684 0.006976 0.008488 0.010239 0.012243 0.014514 0.017057 0.019871 0.022950 0.026275 0.029822 0.033553 0.037424 0.041378 0.045354 0.049279 0.053078 0.056673 0.059986 0.062939 0.065464 0.067498 0.068989 0.069899 0.070206 0.069899 0.068989 0.067498 0.065464 0.062939 0.059986 0.056673 0.053078 0.049279 0.045354 0.041378 0.037424 0.033553 0.029822 0.026275 0.022950 0.019871 0.017057 0.014514 0.012243 0.010239 0.008488 0.006976 0.005684 0.004591 0.003677 0.002919 0.002297 0.001792 0.001387 0.001063 0.000809 0.000610 0.000456 0.000338 0.000248 0.000181 0.000130 0.000093 0.000066 0.000047 0.000032 0.000022 0.000015 0.000010 0.000007 0.000004 0.000002 0.000000 
0.000000 0.000002 0.000004 0.000006 0.000010 0.000015 0.000022 0.000032 0.000047 0.000067 0.000095 0.000134 0.000187 0.000259 0.000355 0.000483 0.000652 0.000872 0.001157 0.001521 0.001984 0.002564 0.003285 0.004174 0.005256 0.006563 0.008124 0.009970 0.012130 0.014629 0.017492 0.020734 0.024364 0.028381 0.032775 0.037522 0.042583 0.047908 0.053431 0.059073 0.064745 0.070345 0.075765 0.080894 0.085619 0.089832 0.093434 0.096334 0.098461 0.099760 0.100197 0.099760 0.098461 0.096334 0.093434 0.089832 0.085619 0.080894 0.075765 0.070345 0.064745 0.059073 0.053431 0.047908 0.042583 0.037522 0.032775 0.028381 0.024364 0.020734 0.017492 0.014629 0.012130 0.009970 0.008124 0.006563 0.005256 0.004174 0.003285 0.002564 0.001984 0.001521 0.001157 0.000872 0.000652 0.000483 0.000355 0.000259 0.000187 0.000134 0.000095 0.000067 0.000047 0.000032 0.000022 0.000015 0.000009 0.000006 0.000003 0.000000 
0.000000 0.000002 0.000005 0.000009 0.000014 0.000021 0.000031 0.000046 0.000066 0.000095 0.000135 0.000190 0.000265 0.000367 0.000504 0.000686 0.000925 0.001238 0.001641 0.002158 0.002813 0.003635 0.004657 0.005915 0.007449 0.009300 0.011511 0.014124 0.017181 0.020720 0.024771 0.029359 0.034496 0.040181 0.046398 0.053113 0.060273 0.067805 0.075617 0.083598 0.091619 0.099538 0.107203 0.114455 0.121137 0.127095 0.132187 0.136288 0.139295 0.141131 0.141749 0.141131 0.139295 0.136288 0.132187 0.127095 0.121137 0.114455 0.107203 0.099538 0.091619 0.083598 0.075617 0.067805 0.060273 0.053113 0.046398 0.040181 0.034496 0.029359 0.024771 0.020720 0.017181 0.014124 0.011511 0.009300 0.007449 0.005915 0.004657 0.003635 0.002813 0.002158 0.001641 0.001238 0.000925 0.000686 0.000504 0.000367 0.000265 0.000190 0.000135 0.000095 0.000066 0.000046 0.000031 0.000021 0.000013 0.000008 0.000004 0.000000 
0.000000 0.000003 0.000007 0.000013 0.000020 0.000030 0.000044 0.000065 0.000093 0.000134 0.000190 0.000268 0.000373 0.000517 0.000709 0.000965 0.001301 0.001741 0.002308 0.003034 0.003954 0.005109 0.006545 0.008312 0.010466 0.013065 0.016168 0.019837 0.024128 0.029094 0.034780 0.041217 0.048424 0.056400 0.065120 0.074539 0.084581 0.095144 0.106100 0.117291 0.128538 0.139642 0.150388 0.160556 0.169924 0.178276 0.185415 0.191164 0.195380 0.197954 0.198819 0.197954 0.195380 0.191164 0.185415 0.178276 0.169924 0.160556 0.150388 0.139642 0.128538 0.117291 0.106100 0.095144 0.084581 0.074539 0.065120 0.056400 0.048424 0.041217 0.034780 0.029094 0.024128 0.019837 0.016168 0.013065 0.010466 0.008312 0.006545 0.005109 0.003954 0.003034 0.002308 0.001741 0.001301 0.000965 0.000709 0.000517 0.000373 0.000267 0.000190 0.000134 0.000093 0.000064 0.000044 0.000029 0.000019 0.000011 0.000005 0.000000 
0.000000 0.000005 0.000010 0.000018 0.000028 0.000042 0.000062 0.000090 0.000130 0.000187 0.000265 0.000373 0.000521 0.000721 0.000989 0.001346 0.001815 0.002427 0.003218 0.004229 0.005511 0.007120 0.009120 0.011581 0.014580 0.018197 0.022518 0.027624 0.033595 0.040506 0.048417 0.057373 0.067399 0.078493 0.090622 0.103721 0.117686 0.132376 0.147609 0.163169 0.178806 0.194243 0.209183 0.223318 0.236340 0.247950 0.257873 0.265865 0.271724 0.275302 0.276505 0.275302 0.271724 0.265865 0.257873 0.247950 0.236340 0.223318 0.209183 0.194243 0.178806 0.163169 0.147609 0.132376 0.117686 0.103721 0.090622 0.078493 0.067399 0.057373 0.048417 0.040506 0.033595 0.027624 0.022518 0.018197 0.014580 0.011581 0.009120 0.007120 0.005511 0.004229 0.003218 0.002427 0.001815 0.001346 0.000989 0.000721 0.000521 0.000373 0.000265 0.000187 0.000130 0.000090 0.000061 0.000041 0.000026 0.000016 0.000007 0.000000 
0.000000 0.000007 0.000014 0.000024 0.000038 0.000058 0.000086 0.000125 0.000181 0.000259 0.000367 0.000517 0.000721 0.000998 0.001369 0.001861 0.002510 0.003356 0.004448 0.005845 0.007616 0.009838 0.012599 0.015997 0.020138 0.025132 0.031094 0.038141 0.046381 0.055916 0.066830 0.079185 0.093015 0.108316 0.125044 0.143108 0.162365 0.182619 0.203622 0.225075 0.246632 0.267913 0.288507 0.307991 0.325940 0.341942 0.355619 0.366634 0.374710 0.379641 0.381299 0.379641 0.374710 0.366634 0.355619 0.341942 0.325940 0.307991 0.288507 0.267913 0.246632 0.225075 0.203622 0.182619 0.162365 0.143108 0.125044 0.108316 0.093015 0.079185 0.066830 0.055916 0.046381 0.038141 0.031094 0.025132 0.020138 0.015997 0.012599 0.009838 0.007616 0.005845 0.004448 0.003356 0.002510 0.001861 0.001369 0.000998 0.000721 0.000517 0.000367 0.000258 0.000180 0.000124 0.000085 0.000057 0.000036 0.000022 0.000010 0.000000 
0.000000 0.000009 0.000020 0.000034 0.000053 0.000079 0.000117 0.000172 0.000248 0.000355 0.000504 0.000709 0.000989 0.001369 0.001877 0.002552 0.003441 0.004600 0.006096 0.008010 0.010435 0.013478 0.017259 0.021911 0.027579 0.034414 0.042574 0.052216 0.063491 0.076536 0.091466 0.108366 0.127281 0.148207 0.171082 0.195783 0.222113 0.249805 0.278519 0.307846 0.337315 0.366404 0.394553 0.421184 0.445716 0.467587 0.486279 0.501333 0.512370 0.519109 0.521375 0.519109 0.512370 0.501333 0.486279 0.467587 0.445716 0.421184 0.394553 0.366404 0.337315 0.307846 0.278519 0.249805 0.222113 0.195783 0.171082 0.148207 0.127281 0.108366 0.091466 0.076536 0.063491 0.052216 0.042574 0.034414 0.027579 0.021911 0.017259 0.013478 0.010435 0.008010 0.006096 0.004600 0.003441 0.002552 0.001877 0.001369 0.000989 0.000709 0.000504 0.000355 0.000248 0.000171 0.000116 0.000078 0.000050 0.000030 0.000014 0.000000 
0.000000 0.000013 0.000027 0.000046 0.000072 0.000108 0.000160 0.000234 0.000338 0.000483 0.000686 0.000965 0.001346 0.001861 0.002552 0.003470 0.004678 0.006252 0.008285 0.010884 0.014177 0.018309 0.023442 0.029757 0.037449 0.046725 0.057799 0.070881 0.086178 0.103873 0.124125 0.147046 0.172697 0.201074 0.232093 0.265584 0.301281 0.338823 0.377747 0.417500 0.457444 0.496872 0.535024 0.571117 0.604363 0.634004 0.659335 0.679735 0.694693 0.703825 0.706896 0.703825 0.694693 0.679735 0.659335 0.634004 0.604363 0.571117 0.535024 0.496872 0.457444 0.417500 0.377747 0.338823 0.301281 0.265584 0.232093 0.201074 0.172697 0.147046 0.124125 0.103873 0.086178 0.070881 0.057799 0.046725 0.037449 0.029757 0.023442 0.018309 0.014177 0.010884 0.008285 0.006252 0.004678 0.003470 0.002552 0.001861 0.001346 0.000965 0.000686 0.000483 0.000337 0.000233 0.000159 0.000106 0.000068 0.000040 0.000019 0.000000 
0.000000 0.000017 0.000037 0.000062 0.000097 0.000146 0.000216 0.000315 0.000456 0.000652 0.000925 0.001301 0.001815 0.002510 0.003441 0.004678 0.006305 0.008425 0.011163 0.014664 0.019098 0.024660 0.031569 0.040069 0.050421 0.062903 0.077802 0.095403 0.115979 0.139781 0.167018 0.197843 0.232337 0.270493 0.312198 0.357223 0.405212 0.455677 0.507998 0.561430 0.615116 0.668105 0.719379 0.767883 0.812561 0.852392 0.886430 0.913843 0.933942 0.946213 0.950339 0.946213 0.933942 0.913843 0.886430 0.852392 0.812561 0.767883 0.719379 0.668105 0.615116 0.561430 0.507998 0.455677 0.405212 0.357223 0.312198 0.270493 0.232337 0.197843 0.167018 0.139781 0.115979 0.095403 0.077802 0.062903 0.050421 0.040069 0.031569 0.024660 0.019098 0.014664 0.011163 0.008425 0.006305 0.004678 0.003441 0.002510 0.001815 0.001301 0.000925 0.000652 0.000455 0.000314 0.000214 0.000143 0.000092 0.000055 0.000025 0.000000 
0.000000 0.000023 0.000049 0.000083 0.000130 0.000195 0.000289 0.000422 0.000610 0.000872 0.001238 0.001741 0.002427 0.003356 0.004600 0.006252 0.008425 0.011257 0.014913 0.019587 0.025507 0.032931 0.042153 0.053496 0.067310 0.083964 0.103839 0.127318 0.154763 0.186508 0.222829 0.263933 0.309926 0.360796 0.416395 0.476416 0.540384 0.607648 0.677383 0.748594 0.820141 0.890755 0.959082 1.023715 1.083247 1.136320 1.181675 1.218199 1.244979 1.261328 1.266826 1.261328 1.244979 1.218199 1.181675 1.136320 1.083247 1.023715 0.959082 0.890755 0.820141 0.748594 0.677383 0.607648 0.540384 0.476416 0.416395 0.360796 0.309926 0.263933 0.222829 0.186508 0.154763 0.127318 0.103839 0.083964 0.067310 0.053496 0.042153 0.032931 0.025507 0.019587 0.014913 0.011257 0.008425 0.006252 0.004600 0.003356 0.002427 0.001740 0.001237 0.000872 0.000608 0.000420 0.000286 0.000191 0.000123 0.000073 0.000034 0.000000 
0.000000 0.000030 0.000065 0.000110 0.000172 0.000259 0.000384 0.000560 0.000809 0.001157 0.001641 0.002308 0.003218 0.004448 0.006096 0.008285 0.011163 0.014913 0.019753 0.025941 0.033776 0.043603 0.055807 0.070816 0.089091 0.111123 0.137414 0.168467 0.204764 0.246742 0.294770 0.349115 0.409920 0.477170 0.550664 0.629999 0.714545 0.803443 0.895600 0.989705 1.084249 1.177557 1.267838 1.353236 1.431892 1.502013 1.561934 1.610189 1.645568 1.667168 1.674431 1.667168 1.645568 1.610189 1.561934 1.502013 1.431892 1.353236 1.267838 1.177557 1.084249 0.989705 0.895600 0.803443 0.714545 0.629999 0.550664 0.477170 0.409920 0.349115 0.294770 0.246742 0.204764 0.168467 0.137414 0.111123 0.089091 0.070816 0.055807 0.043603 0.033776 0.025941 0.019753 0.014913 0.011163 0.008285 0.006096 0.004448 0.003217 0.002307 0.001641 0.001156 0.000807 0.000558 0.000380 0.000254 0.000164 0.000097 0.000045 0.000000 
0.000000 0.000040 0.000086 0.000145 0.000226 0.000341 0.000505 0.000736 0.001063 0.001521 0.002158 0.003034 0.004229 0.005845 0.008010 0.010884 0.014664 0.019587 0.025941 0.034063 0.044346 0.057241 0.073254 0.092944 0.116919 0.145817 0.180299 0.221022 0.268618 0.323659 0.386626 0.457871 0.537578 0.625726 0.722054 0.826029 0.936828 1.053323 1.174083 1.297390 1.421265 1.543517 1.661799 1.773680 1.876725 1.968586 2.047083 2.110297 2.156642 2.184938 2.194452 2.184938 2.156642 2.110297 2.047083 1.968586 1.876725 1.773680 1.661799 1.543517 1.421265 1.297390 1.174083 1.053323 0.936828 0.826029 0.722054 0.625726 0.537578 0.457871 0.386626 0.323659 0.268618 0.221022 0.180299 0.145817 0.116919 0.092944 0.073254 0.057241 0.044346 0.034063 0.025941 0.019587 0.014664 0.010884 0.008010 0.005845 0.004229 0.003033 0.002157 0.001520 0.001062 0.000733 0.000500 0.000334 0.000215 0.000128 0.000059 0.000000 
0.000000 0.000052 0.000112 0.000189 0.000295 0.000445 0.000658 0.000960 0.001387 0.001984 0.002813 0.003954 0.005511 0.007616 0.010435 0.014177 0.019098 0.025507 0.033776 0.044346 0.057727 0.074504 0.095336 0.120949 0.152131 0.189714 0.234555 0.287507 0.349389 0.420945 0.502798 0.595405 0.699004 0.813567 0.938751 1.073865 1.217839 1.369206 1.526107 1.686309 1.847243 2.006062 2.159717 2.305053 2.438908 2.558231 2.660194 2.742303 2.802501 2.839253 2.851611 2.839253 2.802501 2.742303 2.660194 2.558231 2.438908 2.305053 2.159717 2.006062 1.847243 1.686309 1.526107 1.369206 1.217839 1.073865 0.938751 0.813567 0.699004 0.595405 0.502798 0.420945 0.349389 0.287507 0.234555 0.189714 0.152131 0.120949 0.095336 0.074504 0.057727 0.044346 0.033776 0.025507 0.019098 0.014177 0.010435 0.007616 0.005511 0.003953 0.002812 0.001982 0.001384 0.000957 0.000652 0.000436 0.000281 0.000167 0.000077 0.000000 
0.000000 0.000067 0.000144 0.000245 0.000382 0.000576 0.000851 0.001242 0.001792 0.002564 0.003635 0.005109 0.007120 0.009838 0.013478 0.018309 0.024660 0.032931 0.043603 0.057241 0.074504 0.096147 0.123016 0.156051 0.196263 0.244725 0.302539 0.370806 0.450579 0.542816 0.648317 0.767670 0.901180 1.048808 1.210114 1.384205 1.569701 1.764711 1.966842 2.173215 2.380523 2.585098 2.783016 2.970212 3.142616 3.296299 3.427620 3.533370 3.610899 3.658232 3.674147 3.658232 3.610899 3.533370 3.427620 3.296299 3.142616 2.970212 2.783016 2.585098 2.380523 2.173215 1.966842 1.764711 1.569701 1.384205 1.210114 1.048808 0.901180 0.767670 0.648317 0.542816 0.450579 0.370806 0.302539 0.244725 0.196263 0.156051 0.123016 0.096147 0.074504 0.057241 0.043603 0.032931 0.024660 0.018309 0.013478 0.009838 0.007119 0.005108 0.003634 0.002562 0.001789 0.001237 0.000843 0.000564 0.000363 0.000216 0.000100 0.000000 
0.000000 0.000086 0.000185 0.000314 0.000490 0.000738 0.001091 0.001591 0.002297 0.003285 0.004657 0.006545 0.009120 0.012599 0.017259 0.023442 0.031569 0.042153 0.055807 0.073254 0.095336 0.123016 0.157379 0.199621 0.251037 0.312995 0.386903 0.474166 0.576129 0.694011 0.828837 0.981354 1.151949 1.340572 1.546658 1.769066 2.006030 2.255136 2.513326 2.776923 3.041704 3.302984 3.555754 3.794823 4.014996 4.211257 4.378957 4.514000 4.613004 4.673448 4.693771 4.673448 4.613004 4.514000 4.378957 4.211257 4.014996 3.794823 3.555754 3.302984 3.041704 2.776923 2.513326 2.255136 2.006030 1.769066 1.546658 1.340572 1.151949 0.981354 0.828837 0.694011 0.576129 0.474166 0.386903 0.312995 0.251037 0.199621 0.157379 0.123016 0.095336 0.073254 0.055807 0.042153 0.031569 0.023442 0.017259 0.012599 0.009119 0.006544 0.004655 0.003283 0.002293 0.001585 0.001081 0.000723 0.000466 0.000276 0.000128 0.000000 
0.000000 0.000109 0.000236 0.000399 0.000623 0.000939 0.001387 0.002022 0.002919 0.004174 0.005915 0.008312 0.011581 0.015997 0.021911 0.029757 0.040069 0.053496 0.070816 0.092944 0.120949 0.156051 0.199621 0.253177 0.318357 0.396895 0.490572 0.601168 0.730382 0.879761 1.050597 1.243835 1.459964 1.698917 1.959978 2.241699 2.541841 2.857349 3.184345 3.518177 3.853494 4.184367 4.504452 4.807180 5.085972 5.334481 5.546822 5.717810 5.843166 5.919697 5.945429 5.919697 5.843166 5.717810 5.546822 5.334481 5.085972 4.807180 4.504452 4.184367 3.853494 3.518177 3.184345 2.857349 2.541841 2.241699 1.959978 1.698917 1.459964 1.243835 1.050597 0.879761 0.730382 0.601168 0.490572 0.396895 0.318357 0.253177 0.199621 0.156051 0.120949 0.092944 0.070816 0.053496 0.040069 0.029757 0.021911 0.015997 0.011580 0.008311 0.005913 0.004170 0.002914 0.002014 0.001374 0.000919 0.000592 0.000352 0.000163 0.000000 
0.000000 0.000138 0.000297 0.000503 0.000785 0.001183 0.001747 0.002548 0.003677 0.005256 0.007449 0.010466 0.014580 0.020138 0.027579 0.037449 0.050421 0.067310 0.089091 0.116919 0.152131 0.196263 0.251037 0.318357 0.400282 0.498987 0.616710 0.755682 0.918038 1.105716 1.320337 1.563086 1.834573 2.134713 2.462602 2.816419 3.193355 3.589567 4.000190 4.419379 4.840416 5.255860 5.657747 6.037829 6.387852 6.699848 6.966432 7.181096 7.338470 7.434547 7.466852 7.434547 7.338470 7.181096 6.966432 6.699848 6.387852 6.037829 5.657747 5.255860 4.840416 4.419379 4.000190 3.589567 3.193355 2.816419 2.462602 2.134713 1.834573 1.563086 1.320337 1.105716 0.918038 0.755682 0.616710 0.498987 0.400282 0.318357 0.251037 0.196263 0.152131 0.116919 0.089091 0.067309 0.050421 0.037449 0.027578 0.020137 0.014579 0.010465 0.007447 0.005252 0.003670 0.002538 0.001731 0.001158 0.000746 0.000443 0.000206 0.000000 
0.000000 0.000172 0.000371 0.000628 0.000981 0.001478 0.002183 0.003182 0.004591 0.006563 0.009300 0.013065 0.018197 0.025132 0.034414 0.046725 0.062903 0.083964 0.111123 0.145817 0.189714 0.244725 0.312995 0.396895 0.498987 0.621980 0.768659 0.941799 1.144058 1.377845 1.645178 1.947526 2.285647 2.659432 3.067751 3.508338 3.977688 4.471019 4.982270 5.504167 6.028346 6.545544 7.045850 7.519000 7.954720 8.343095 8.674935 8.942143 9.138036 9.257628 9.297839 9.257628 9.138036 8.942143 8.674935 8.343095 7.954720 7.519000 7.045850 6.545544 6.028346 5.504167 4.982270 4.471019 3.977688 3.508338 3.067751 2.659432 2.285647 1.947526 1.645178 1.377845 1.144058 0.941799 0.768659 0.621980 0.498987 0.396895 0.312995 0.244725 0.189714 0.145817 0.111123 0.083963 0.062903 0.046725 0.034414 0.025131 0.018196 0.013063 0.009297 0.006558 0.004583 0.003169 0.002163 0.001446 0.000932 0.000554 0.000257 0.000000 
0.000000 0.000213 0.000460 0.000778 0.001215 0.001830 0.002703 0.003940 0.005684 0.008124 0.011511 0.016168 0.022518 0.031094 0.042574 0.057799 0.077802 0.103839 0.137414 0.180299 0.234555 0.302539 0.386903 0.490572 0.616710 0.768659 0.949856 1.163725 1.413545 1.702287 2.032438 2.405808 2.823331 3.284866 3.789017 4.332980 4.912428 5.521456 6.152581 6.796823 7.443861 8.082262 8.699794 9.283792 9.821580 10.300923 10.710483 11.040269 11.282037 11.429634 11.479262 11.429634 11.282037 11.040269 10.710483 10.300923 9.821580 9.283792 8.699794 8.082262 7.443861 6.796823 6.152581 5.521456 4.912428 4.332980 3.789017 3.284866 2.823331 2.405808 2.032438 1.702287 1.413545 1.163725 0.949856 0.768659 0.616710 0.490572 0.386903 0.302539 0.234555 0.180299 0.137414 0.103839 0.077802 0.057798 0.042574 0.031093 0.022516 0.016166 0.011507 0.008118 0.005674 0.003924 0.002678 0.001791 0.001155 0.000686 0.000319 0.000000 
0.000000 0.000262 0.000565 0.000956 0.001492 0.002247 0.003318 0.004836 0.006976 0.009970 0.014124 0.019837 0.027624 0.038141 0.052216 0.070881 0.095403 0.127318 0.168467 0.221022 0.287507 0.370806 0.474166 0.601168 0.755682 0.941799 1.163725 1.425649 1.731580 2.085151 2.489404 2.946549 3.457724 4.022753 4.639922 5.305795 6.015076 6.760532 7.533005 8.321504 9.113399 9.894700 10.650440 11.365124 12.023243 12.609829 13.111013 13.514570 13.810418 13.991030 14.051758 13.991030 13.810418 13.514570 13.111013 12.609829 12.023243 11.365124 10.650440 9.894700 9.113399 8.321504 7.533005 6.760532 6.015076 5.305795 4.639922 4.022753 3.457724 2.946549 2.489404 2.085151 1.731580 1.425649 1.163725 0.941799 0.755682 0.601168 0.474166 0.370806 0.287506 0.221022 0.168467 0.127318 0.095402 0.070881 0.052216 0.038140 0.027622 0.019834 0.014119 0.009963 0.006964 0.004817 0.003288 0.002199 0.001418 0.000842 0.000391 0.000000 
0.000000 0.000319 0.000688 0.001164 0.001816 0.002735 0.004038 0.005885 0.008488 0.012130 0.017181 0.024128 0.033595 0.046381 0.063491 0.086178 0.115979 0.154763 0.204764 0.268618 0.349389 0.450579 0.576129 0.730382 0.918038 1.144058 1.413545 1.731580 2.103024 2.532284 3.023045 3.577986 4.198480 4.884310 5.633391 6.441549 7.302352 8.207023 9.144445 10.101284 11.062211 12.010257 12.927262 13.794431 14.592950 15.304663 15.912747 16.402377 16.761320 16.980450 17.054129 16.980450 16.761320 16.402377 15.912747 15.304663 14.592950 13.794431 12.927262 12.010257 11.062211 10.101284 9.144445 8.207023 7.302352 6.441549 5.633391 4.884310 4.198480 3.577986 3.023045 2.532284 2.103024 1.731580 1.413545 1.144058 0.918038 0.730382 0.576129 0.450579 0.349389 0.268618 0.204764 0.154763 0.115979 0.086177 0.063491 0.046380 0.033593 0.024124 0.017175 0.012120 0.008473 0.005862 0.004001 0.002677 0.001726 0.001025 0.000476 0.000000 
0.000000 0.000384 0.000830 0.001405 0.002192 0.003300 0.004872 0.007100 0.010239 0.014629 0.020720 0.029094 0.040506 0.055916 0.076536 0.103873 0.139781 0.186508 0.246742 0.323659 0.420945 0.542816 0.694011 0.879761 1.105716 1.377845 1.702287 2.085151 2.532284 3.048983 3.639675 4.307579 5.054343 5.879696 6.781126 7.753605 8.789391 9.877920 11.005816 12.157036 13.313140 14.453715 15.556918 16.600142 17.560760 18.416937 19.148440 19.737440 20.169228 20.432827 20.521458 20.432827 20.169228 19.737440 19.148440 18.416937 17.560760 16.600142 15.556918 14.453715 13.313140 12.157036 11.005816 9.877920 8.789391 7.753605 6.781126 5.879696 5.054343 4.307579 3.639675 3.048983 2.532284 2.085151 1.702287 1.377845 1.105716 0.879761 0.694011 0.542816 0.420945 0.323659 0.246742 0.186507 0.139781 0.103873 0.076535 0.055915 0.040503 0.029090 0.020713 0.014618 0.010221 0.007071 0.004827 0.003230 0.002083 0.001237 0.000575 0.000000 
0.000000 0.000460 0.000993 0.001680 0.002622 0.003947 0.005827 0.008491 0.012243 0.017492 0.024771 0.034780 0.048417 0.066830 0.091466 0.124125 0.167018 0.222829 0.294770 0.386626 0.502798 0.648317 0.828837 1.050597 1.320337 1.645178 2.032438 2.489404 3.023045 3.639675 4.344572 5.141566 6.032616 7.017395 8.092897 9.253121 10.488824 11.787402 13.132898 14.506174 15.885236 17.245739 18.561633 19.805958 20.951733 21.972918 22.845391 23.547892 24.062881 24.377271 24.482979 24.377271 24.062881 23.547892 22.845391 21.972918 20.951733 19.805958 18.561633 17.245739 15.885236 14.506174 13.132898 11.787402 10.488824 9.253121 8.092897 7.017395 6.032616 5.141566 4.344572 3.639675 3.023045 2.489404 2.032438 1.645178 1.320337 1.050597 0.828837 0.648317 0.502798 0.386626 0.294770 0.222829 0.167017 0.124124 0.091465 0.066828 0.048414 0.034775 0.024763 0.017479 0.012222 0.008456 0.005773 0.003863 0.002492 0.001480 0.000688 0.000000 
0.000000 0.000546 0.001178 0.001993 0.003110 0.004681 0.006909 0.010066 0.014514 0.020734 0.029359 0.041217 0.057373 0.079185 0.108366 0.147046 0.197843 0.263933 0.349115 0.457871 0.595405 0.767670 0.981354 1.243835 1.563086 1.947526 2.405808 2.946549 3.577986 4.307579 5.141566 6.084468 7.138597 8.303556 9.575784 10.948174 12.409792 13.945726 15.537103 17.161287 18.792270 20.401263 21.957465 23.428997 24.783961 25.991571 27.023308 27.854036 28.463021 28.834793 28.959794 28.834793 28.463021 27.854036 27.023308 25.991571 24.783961 23.428997 21.957465 20.401263 18.792270 17.161287 15.537103 13.945726 12.409792 10.948174 9.575784 8.303556 7.138597 6.084468 5.141566 4.307579 3.577986 2.946549 2.405808 1.947526 1.563086 1.243835 0.981354 0.767670 0.595405 0.457871 0.349115 0.263933 0.197842 0.147045 0.108365 0.079183 0.057369 0.041211 0.029349 0.020718 0.014488 0.010026 0.006845 0.004581 0.002955 0.001755 0.000816 0.000000 
0.000000 0.000642 0.001385 0.002343 0.003656 0.005503 0.008122 0.011831 0.017057 0.024364 0.034496 0.048424 0.067399 0.093015 0.127281 0.172697 0.232337 0.309926 0.409920 0.537578 0.699004 0.901180 1.151949 1.459964 1.834573 2.285647 2.823331 3.457724 4.198480 5.054343 6.032616 7.138597 8.374986 9.741309 11.233382 12.842865 14.556930 16.358087 18.224203 20.128735 22.041191 23.927816 25.752501 27.477878 29.066552 30.482434 31.692097 32.666077 33.380072 33.815947 33.962502 33.815947 33.380072 32.666077 31.692097 30.482434 29.066552 27.477878 25.752501 23.927816 22.041191 20.128735 18.224203 16.358087 14.556930 12.842865 11.233382 9.741309 8.374986 7.138597 6.032616 5.054343 4.198480 3.457724 2.823331 2.285647 1.834573 1.459964 1.151949 0.901180 0.699004 0.537578 0.409920 0.309925 0.232336 0.172696 0.127279 0.093012 0.067394 0.048417 0.034485 0.024345 0.017027 0.011783 0.008046 0.005385 0.003474 0.002064 0.000959 0.000000 
0.000000 0.000748 0.001614 0.002731 0.004261 0.006412 0.009463 0.013785 0.019871 0.028381 0.040181 0.056400 0.078493 0.108316 0.148207 0.201074 0.270493 0.360796 0.477170 0.625726 0.813567 1.048808 1.340572 1.698917 2.134713 2.659432 3.284866 4.022753 4.884310 5.879696 7.017395 8.303556 9.741309 11.330092 13.065035 14.936432 16.929363 19.023488 21.193076 23.407267 25.630615 27.823885 29.945105 31.950840 33.797631 35.443534 36.849700 37.981888 38.811854 39.318525 39.488882 39.318525 38.811854 37.981888 36.849700 35.443534 33.797631 31.950840 29.945105 27.823885 25.630615 23.407267 21.193076 19.023488 16.929363 14.936432 13.065035 11.330092 9.741309 8.303556 7.017395 5.879696 4.884310 4.022753 3.284866 2.659432 2.134713 1.698917 1.340572 1.048808 0.813566 0.625726 0.477170 0.360796 0.270492 0.201073 0.148205 0.108313 0.078488 0.056391 0.040168 0.028360 0.019836 0.013729 0.009375 0.006275 0.004048 0.002405 0.001118 0.000000 
0.000000 0.000864 0.001865 0.003155 0.004922 0.007408 0.010931 0.015921 0.022950 0.032775 0.046398 0.065120 0.090622 0.125044 0.171082 0.232093 0.312198 0.416395 0.550664 0.722054 0.938751 1.210114 1.546658 1.959978 2.462602 3.067751 3.789017 4.639922 5.633391 6.781126 8.092897 9.575784 11.233382 13.065035 15.065118 17.222437 19.519784 21.933711 24.434556 26.986751 29.549440 32.077406 34.522282 36.834013 38.962519 40.859470 42.480098 43.784952 44.741488 45.325423 45.521759 45.325423 44.741488 43.784952 42.480098 40.859470 38.962519 36.834013 34.522282 32.077406 29.549440 26.986751 24.434556 21.933711 19.519784 17.222437 15.065118 13.065035 11.233382 9.575784 8.092897 6.781126 5.633391 4.639922 3.789017 3.067751 2.462602 1.959978 1.546658 1.210114 0.938751 0.722053 0.550664 0.416395 0.312197 0.232092 0.171080 0.125040 0.090616 0.065111 0.046382 0.032750 0.022909 0.015857 0.010830 0.007249 0.004677 0.002779 0.001292 0.000000 
0.000000 0.000990 0.002136 0.003614 0.005638 0.008483 0.012517 0.018230 0.026275 0.037522 0.053113 0.074539 0.103721 0.143108 0.195783 0.265584 0.357223 0.476416 0.629999 0.826029 1.073865 1.384205 1.769066 2.241699 2.816419 3.508338 4.332980 5.305795 6.441549 7.753605 9.253121 10.948174 12.842865 14.936432 17.222437 19.688075 22.313676 25.072439 27.930462 30.847098 33.775664 36.664492 39.458317 42.099953 44.532182 46.699789 48.551630 50.042633 51.135621 51.802853 52.027195 51.802853 51.135621 50.042633 48.551630 46.699789 44.532182 42.099953 39.458317 36.664492 33.775664 30.847098 27.930462 25.072439 22.313676 19.688075 17.222437 14.936432 12.842865 10.948174 9.253121 7.753605 6.441549 5.305795 4.332980 3.508338 2.816419 2.241699 1.769066 1.384205 1.073865 0.826029 0.629998 0.476416 0.357222 0.265582 0.195781 0.143104 0.103714 0.074528 0.053095 0.037493 0.026229 0.018156 0.012401 0.008301 0.005356 0.003182 0.001480 0.000000 
0.000000 0.001124 0.002426 0.004103 0.006400 0.009630 0.014209 0.020692 0.029822 0.042583 0.060273 0.084581 0.117686 0.162365 0.222113 0.301281 0.405212 0.540384 0.714545 0.936828 1.217839 1.569701 2.006030 2.541841 3.193355 3.977688 4.912428 6.015076 7.302352 8.789391 10.488824 12.409792 14.556930 16.929363 19.519784 22.313676 25.288745 28.414618 31.652880 34.957481 38.275530 41.548495 44.713772 47.706581 50.462109 52.917813 55.015763 56.704907 57.943136 58.699030 58.953182 58.699030 57.943136 56.704907 55.015763 52.917813 50.462109 47.706581 44.713772 41.548495 38.275530 34.957481 31.652880 28.414618 25.288745 22.313676 19.519784 16.929363 14.556930 12.409792 10.488824 8.789391 7.302352 6.015076 4.912428 3.977688 3.193355 2.541841 2.006030 1.569700 1.217839 0.936828 0.714545 0.540384 0.405211 0.301279 0.222110 0.162360 0.117679 0.084568 0.060252 0.042550 0.029769 0.020608 0.014077 0.009424 0.006081 0.003613 0.001680 0.000000 
0.000000 0.001265 0.002730 0.004618 0.007203 0.010838 0.015989 0.023283 0.033553 0.047908 0.067805 0.095144 0.132376 0.182619 0.249805 0.338823 0.455677 0.607648 0.803443 1.053323 1.369206 1.764711 2.255136 2.857349 3.589567 4.471019 5.521456 6.760532 8.207023 9.877920 11.787402 13.945726 16.358087 19.023488 21.933711 25.072439 28.414618 31.926123 35.563803 39.275925 43.003083 46.679535 50.234968 53.596627 56.691723 59.450020 61.806459 63.703710 65.094485 65.943500 66.228961 65.943500 65.094485 63.703710 61.806459 59.450020 56.691723 53.596627 50.234968 46.679535 43.003083 39.275925 35.563803 31.926123 28.414618 25.072439 21.933711 19.023488 16.358087 13.945726 11.787402 9.877920 8.207023 6.760532 5.521456 4.471019 3.589567 2.857349 2.255136 1.764711 1.369206 1.053323 0.803442 0.607648 0.455676 0.338821 0.249802 0.182614 0.132367 0.095130 0.067782 0.047870 0.033493 0.023188 0.015840 0.010605 0.006843 0.004066 0.001891 0.000000 
0.000000 0.001412 0.003046 0.005153 0.008036 0.012090 0.017836 0.025971 0.037424 0.053431 0.075617 0.106100 0.147609 0.203622 0.278519 0.377747 0.507998 0.677383 0.895600 1.174083 1.526107 1.966842 2.513326 3.184345 4.000190 4.982270 6.152581 7.533005 9.144445 11.005816 13.132898 15.537103 18.224203 21.193076 24.434556 27.930462 31.652880 35.563803 39.615166 43.749358 47.900223 51.994550 55.954046 59.697699 63.144461 66.216125 68.840256 70.953022 72.501772 73.447221 73.765106 73.447221 72.501772 70.953022 68.840256 66.216125 63.144461 59.697699 55.954046 51.994550 47.900223 43.749358 39.615166 35.563803 31.652880 27.930462 24.434556 21.193076 18.224203 15.537103 13.132898 11.005816 9.144445 7.533005 6.152581 4.982270 4.000190 3.184345 2.513326 1.966842 1.526107 1.174083 0.895600 0.677382 0.507997 0.377745 0.278515 0.203616 0.147599 0.106084 0.075591 0.053389 0.037357 0.025865 0.017670 0.011831 0.007635 0.004537 0.002110 0.000000 
0.000000 0.001562 0.003369 0.005699 0.008888 0.013370 0.019723 0.028717 0.041378 0.059073 0.083598 0.117291 0.163169 0.225075 0.307846 0.417500 0.561430 0.748594 0.989705 1.297390 1.686309 2.173215 2.776923 3.518177 4.419379 5.504167 6.796823 8.321504 10.101284 12.157036 14.506174 17.161287 20.128735 23.407267 26.986751 30.847098 34.957481 39.275925 43.749358 48.314169 52.897314 57.417967 61.789691 65.923051 69.728575 73.119928 76.017150 78.349775 80.059684 81.103511 81.454473 81.103511 80.059684 78.349775 76.017150 73.119928 69.728575 65.923051 61.789691 57.417967 52.897314 48.314169 43.749358 39.275925 34.957481 30.847098 26.986751 23.407267 20.128735 17.161287 14.506174 12.157036 10.101284 8.321504 6.796823 5.504167 4.419379 3.518177 2.776923 2.173215 1.686309 1.297390 0.989705 0.748594 0.561429 0.417498 0.307842 0.225068 0.163158 0.117273 0.083569 0.059027 0.041305 0.028600 0.019539 0.013083 0.008443 0.005018 0.002333 0.000000 
0.000000 0.001712 0.003694 0.006248 0.009744 0.014657 0.021621 0.031477 0.045354 0.064745 0.091619 0.128538 0.178806 0.246632 0.337315 0.457444 0.615116 0.820141 1.084249 1.421265 1.847243 2.380523 3.041704 3.853494 4.840416 6.028346 7.443861 9.113399 11.062211 13.313140 15.885236 18.792270 22.041191 25.630615 29.549440 33.775664 38.275530 43.003083 47.900223 52.897314 57.914400 62.863011 67.648537 72.173088 76.338736 80.050990 83.222333 85.775648 87.647323 88.789899 89.174062 88.789899 87.647323 85.775648 83.222333 80.050990 76.338736 72.173088 67.648537 62.863011 57.914400 52.897314 47.900223 43.003083 38.275530 33.775664 29.549440 25.630615 22.041191 18.792270 15.885236 13.313140 11.062211 9.113399 7.443861 6.028346 4.840416 3.853494 3.041704 2.380523 1.847243 1.421265 1.084248 0.820140 0.615115 0.457442 0.337310 0.246625 0.178795 0.128519 0.091587 0.064694 0.045273 0.031349 0.021419 0.014342 0.009256 0.005501 0.002558 0.000000 
0.000000 0.001861 0.004015 0.006790 0.010589 0.015928 0.023494 0.034203 0.049279 0.070345 0.099538 0.139642 0.194243 0.267913 0.366404 0.496872 0.668105 0.890755 1.177557 1.543517 2.006062 2.585098 3.302984 4.184367 5.255860 6.545544 8.082262 9.894700 12.010257 14.453715 17.245739 20.401263 23.927816 27.823885 32.077406 36.664492 41.548495 46.679535 51.994550 57.417967 62.863011 68.233675 73.427286 78.337620 82.858411 86.887124 90.328795 93.099741 95.130942 96.370898 96.787803 96.370898 95.130942 93.099741 90.328795 86.887124 82.858411 78.337620 73.427286 68.233675 62.863011 57.417967 51.994550 46.679535 41.548495 36.664492 32.077406 27.823885 23.927816 20.401263 17.245739 14.453715 12.010257 9.894700 8.082262 6.545544 5.255860 4.184367 3.302984 2.585098 2.006062 1.543517 1.177556 0.890754 0.668104 0.496869 0.366399 0.267905 0.194231 0.139621 0.099504 0.070290 0.049191 0.034064 0.023274 0.015586 0.010059 0.005978 0.002780 0.000000 
0.000000 0.002005 0.004326 0.007316 0.011407 0.017158 0.025308 0.036842 0.053078 0.075765 0.107203 0.150388 0.209183 0.288507 0.394553 0.535024 0.719379 0.959082 1.267838 1.661799 2.159717 2.783016 3.555754 4.504452 5.657747 7.045850 8.699794 10.650440 12.927262 15.556918 18.561633 21.957465 25.752501 29.945105 34.522282 39.458317 44.713772 50.234968 55.954046 61.789691 67.648537 73.427286 79.015476 84.298819 89.162991 93.497681 97.200723 100.182090 102.367531 103.701639 104.150200 103.701639 102.367531 100.182090 97.200723 93.497681 89.162991 84.298819 79.015476 73.427286 67.648537 61.789691 55.954046 50.234968 44.713772 39.458317 34.522282 29.945105 25.752501 21.957465 18.561633 15.556918 12.927262 10.650440 8.699794 7.045850 5.657747 4.504452 3.555754 2.783016 2.159717 1.661799 1.267837 0.959081 0.719377 0.535021 0.394548 0.288499 0.209170 0.150366 0.107166 0.075706 0.052983 0.036691 0.025071 0.016789 0.010836 0.006440 0.002995 0.000000 
