0.000000 0.000000 0.000000 0.000000 0.000000 0.000000 0.000000 0.000000 0.000000 0.000000 0.000000 0.000000 0.000000 0.000000 0.000000 0.000000 0.000000 0.000000 0.000000 0.000000 0.000000 0.000000 0.000000 0.000000 0.000000 0.000000 0.000000 0.000000 0.000000 0.000000 0.000000 0.000000 0.000000 0.000000 0.000000 0.000000 0.000000 0.000000 0.000000 0.000000 0.000000 0.000000 0.000000 0.000000 0.000000 0.000000 0.000000 0.000000 0.000000 0.000000 0.000000 0.000000 0.000000 0.000000 0.000000 0.000000 0.000000 0.000000 0.000000 0.000000 0.000000 0.000000 0.000000 0.000000 0.000000 0.000000 0.000000 0.000000 0.000000 0.000000 0.000000 0.000000 0.000000 0.000000 0.000000 0.000000 0.000000 0.000000 0.000000 0.000000 0.000000 0.000000 0.000000 0.000000 0.000000 0.000000 0.000000 0.000000 0.000000 0.000000 0.000000 0.000000 0.000000 0.000000 0.000000 0.000000 0.000000 0.000000 0.000000 0.000000 
0.000000 0.000000 0.000000 0.000000 0.000000 0.000001 0.000001 0.000001 0.000002 0.000003 0.000004 0.000006 0.000008 0.000011 0.000014 0.000020 0.000026 0.000035 0.000046 0.000060 0.000077 0.000099 0.000126 0.000159 0.000199 0.000247 0.000303 0.000370 0.000448 0.000537 0.000639 0.000754 0.000881 0.001022 0.001176 0.001341 0.001516 0.001700 0.001890 0.002084 0.002278 0.002469 0.002653 0.002827 0.002988 0.003130 0.003252 0.003350 0.003422 0.003466 0.003481 0.003466 0.003422 0.003350 0.003252 0.003130 0.002988 0.002827 0.002653 0.002469 0.002278 0.002084 0.001890 0.001700 0.001516 0.001341 0.001176 0.001022 0.000881 0.000754 0.000639 0.000537 0.000448 0.000370 0.000303 0.000247 0.000199 0.000159 0.000126 0.000099 0.000077 0.000060 0.000046 0.000035 0.000026 0.000020 0.000014 0.000011 0.000008 0.000006 0.000004 0.000003 0.000002 0.000001 0.000001 0.000001 0.000000 0.000000 0.000000 0.000000 
0.000000 0.000000 0.000000 0.000001 0.000001 0.000001 0.000002 0.000003 0.000004 0.000006 0.000009 0.000012 0.000017 0.000023 0.000031 0.000042 0.000056 0.000075 0.000098 0.000128 0.000166 0.000213 0.000270 0.000341 0.000427 0.000530 0.000652 0.000795 0.000962 0.001153 0.001372 0.001618 0.001893 0.002195 0.002525 0.002879 0.003255 0.003650 0.004058 0.004474 0.004890 0.005300 0.005696 0.006070 0.006414 0.006721 0.006982 0.007193 0.007347 0.007441 0.007472 0.007441 0.007347 0.007193 0.006982 0.006721 0.006414 0.006070 0.005696 0.005300 0.004890 0.004474 0.004058 0.003650 0.003255 0.002879 0.002525 0.002195 0.001893 0.001618 0.001372 0.001153 0.000962 0.000795 0.000652 0.000530 0.000427 0.000341 0.000270 0.000213 0.000166 0.000128 0.000098 0.000075 0.000056 0.000042 0.000031 0.000023 0.000017 0.000012 0.000009 0.000006 0.000004 0.000003 0.000002 0.000001 0.000001 0.000001 0.000000 0.000000 
0.000000 0.000000 0.000001 0.000001 0.000002 0.000002 0.000004 0.000005 0.000007 0.000010 0.000015 0.000020 0.000028 0.000039 0.000052 0.000071 0.000095 0.000125 0.000165 0.000215 0.000278 0.000357 0.000454 0.000573 0.000717 0.000890 0.001095 0.001335 0.001615 0.001937 0.002305 0.002718 0.003179 0.003687 0.004239 0.004834 0.005466 0.006128 0.006813 0.007510 0.008209 0.008898 0.009562 0.010190 0.010767 0.011281 0.011720 0.012073 0.012332 0.012490 0.012543 0.012490 0.012332 0.012073 0.011720 0.011281 0.010767 0.010190 0.009562 0.008898 0.008209 0.007510 0.006813 0.006128 0.005466 0.004834 0.004239 0.003687 0.003179 0.002718 0.002305 0.001937 0.001615 0.001335 0.001095 0.000890 0.000717 0.000573 0.000454 0.000357 0.000278 0.000215 0.000165 0.000125 0.000095 0.000071 0.000052 0.000039 0.000028 0.000020 0.000015 0.000010 0.000007 0.000005 0.000003 0.000002 0.000002 0.000001 0.000000 0.000000 
0.000000 0.000000 0.000001 0.000002 0.000002 0.000004 0.000005 0.000008 0.000011 0.000016 0.000023 0.000031 0.000044 0.000060 0.000081 0.000109 0.000146 0.000194 0.000255 0.000333 0.000431 0.000553 0.000703 0.000887 0.001110 0.001376 0.001693 0.002065 0.002498 0.002996 0.003563 0.004202 0.004914 0.005698 0.006552 0.007471 0.008447 0.009470 0.010528 0.011605 0.012684 0.013747 0.014774 0.015743 0.016634 0.017428 0.018106 0.018651 0.019050 0.019294 0.019376 0.019294 0.019050 0.018651 0.018106 0.017428 0.016634 0.015743 0.014774 0.013747 0.012684 0.011605 0.010528 0.009470 0.008447 0.007471 0.006552 0.005698 0.004914 0.004202 0.003563 0.002996 0.002498 0.002065 0.001693 0.001376 0.001110 0.000887 0.000703 0.000553 0.000431 0.000333 0.000255 0.000194 0.000146 0.000109 0.000081 0.000060 0.000044 0.000031 0.000023 0.000016 0.000011 0.000008 0.000005 0.000004 0.000002 0.000001 0.000001 0.000000 
0.000000 0.000001 0.000001 0.000002 0.000004 0.000006 0.000008 0.000012 0.000017 0.000024 0.000034 0.000047 0.000065 0.000089 0.000121 0.000163 0.000218 0.000290 0.000381 0.000497 0.000643 0.000824 0.001048 0.001322 0.001654 0.002051 0.002523 0.003077 0.003722 0.004463 0.005308 0.006259 0.007320 0.008487 0.009759 0.011126 0.012579 0.014102 0.015675 0.017278 0.018885 0.020466 0.021994 0.023436 0.024762 0.025943 0.026951 0.027762 0.028356 0.028719 0.028841 0.028719 0.028356 0.027762 0.026951 0.025943 0.024762 0.023436 0.021994 0.020466 0.018885 0.017278 0.015675 0.014102 0.012579 0.011126 0.009759 0.008487 0.007320 0.006259 0.005308 0.004463 0.003722 0.003077 0.002523 0.002051 0.001654 0.001322 0.001048 0.000824 0.000643 0.000497 0.000381 0.000290 0.000218 0.000163 0.000121 0.000089 0.000065 0.000047 0.000034 0.000024 0.000017 0.000012 0.000008 0.000005 0.000004 0.000002 0.000001 0.000000 
0.000000 0.000001 0.000002 0.000004 0.000005 0.000008 0.000012 0.000017 0.000025 0.000035 0.000049 0.000069 0.000095 0.000130 0.000177 0.000239 0.000320 0.000424 0.000557 0.000727 0.000940 0.001205 0.001532 0.001932 0.002417 0.002997 0.003685 0.004494 0.005435 0.006518 0.007750 0.009139 0.010685 0.012389 0.014244 0.016239 0.018358 0.020579 0.022874 0.025212 0.027554 0.029861 0.032088 0.034191 0.036125 0.037847 0.039316 0.040499 0.041365 0.041894 0.042071 0.041894 0.041365 0.040499 0.039316 0.037847 0.036125 0.034191 0.032088 0.029861 0.027554 0.025212 0.022874 0.020579 0.018358 0.016239 0.014244 0.012389 0.010685 0.009139 0.007750 0.006518 0.005435 0.004494 0.003685 0.002997 0.002417 0.001932 0.001532 0.001205 0.000940 0.000727 0.000557 0.000424 0.000320 0.000239 0.000177 0.000130 0.000095 0.000069 0.000049 0.000035 0.000025 0.000017 0.000012 0.000008 0.000005 0.000003 0.000001 0.000000 
0.000000 0.000001 0.000003 0.000005 0.000008 0.000012 0.000017 0.000025 0.000036 0.000051 0.000071 0.000099 0.000137 0.000188 0.000256 0.000345 0.000461 0.000611 0.000804 0.001048 0.001355 0.001738 0.002210 0.002786 0.003484 0.004320 0.005312 0.006478 0.007833 0.009392 0.011167 0.013166 0.015393 0.017846 0.020516 0.023388 0.026438 0.029634 0.032938 0.036302 0.039673 0.042992 0.046197 0.049223 0.052005 0.054482 0.056596 0.058297 0.059544 0.060304 0.060560 0.060304 0.059544 0.058297 0.056596 0.054482 0.052005 0.049223 0.046197 0.042992 0.039673 0.036302 0.032938 0.029634 0.026438 0.023388 0.020516 0.017846 0.015393 0.013166 0.011167 0.009392 0.007833 0.006478 0.005312 0.004320 0.003484 0.002786 0.002210 0.001738 0.001355 0.001048 0.000804 0.000611 0.000461 0.000345 0.000256 0.000188 0.000137 0.000099 0.000071 0.000051 0.000036 0.000025 0.000017 0.000012 0.000007 0.000004 0.000002 0.000000 
0.000000 0.000002 0.000004 0.000007 0.000011 0.000017 0.000025 0.000036 0.000051 0.000073 0.000102 0.000142 0.000196 0.000269 0.000366 0.000493 0.000659 0.000873 0.001148 0.001497 0.001935 0.002481 0.003154 0.003976 0.004971 0.006164 0.007578 0.009240 0.011171 0.013393 0.015923 0.018772 0.021946 0.025441 0.029245 0.033336 0.037680 0.042233 0.046938 0.051729 0.056530 0.061257 0.065821 0.070130 0.074092 0.077619 0.080629 0.083051 0.084826 0.085908 0.086272 0.085908 0.084826 0.083051 0.080629 0.077619 0.074092 0.070130 0.065821 0.061257 0.056530 0.051729 0.046938 0.042233 0.037680 0.033336 0.029245 0.025441 0.021946 0.018772 0.015923 0.013393 0.011171 0.009240 0.007578 0.006164 0.004971 0.003976 0.003154 0.002481 0.001935 0.001497 0.001148 0.000873 0.000659 0.000493 0.000366 0.000269 0.000196 0.000142 0.000102 0.000073 0.000051 0.000036 0.000025 0.000017 0.000011 0.000006 0.000003 0.000000 
0.000000 0.000003 0.000006 0.000010 0.000016 0.000024 0.000035 0.000051 0.000073 0.000103 0.000145 0.000201 0.000278 0.000381 0.000518 0.000698 0.000933 0.001236 0.001625 0.002118 0.002737 0.003509 0.004460 0.005623 0.007029 0.008714 0.010712 0.013059 0.015787 0.018926 0.022499 0.026522 0.031003 0.035938 0.041308 0.047083 0.053215 0.059641 0.066282 0.073044 0.079818 0.086489 0.092929 0.099008 0.104599 0.109575 0.113822 0.117240 0.119743 0.121271 0.121784 0.121271 0.119743 0.117240 0.113822 0.109575 0.104599 0.099008 0.092929 0.086489 0.079818 0.073044 0.066282 0.059641 0.053215 0.047083 0.041308 0.035938 0.031003 0.026522 0.022499 0.018926 0.015787 0.013059 0.010712 0.008714 0.007029 0.005623 0.004460 0.003509 0.002737 0.002118 0.001625 0.001236 0.000933 0.000698 0.000518 0.000381 0.000278 0.000201 0.000144 0.000103 0.000072 0.000051 0.000035 0.000023 0.000015 0.000009 0.000004 0.000000 
0.000000 0.000004 0.000009 0.000015 0.000023 0.000034 0.000049 0.000071 0.000102 0.000145 0.000203 0.000283 0.000391 0.000535 0.000727 0.000979 0.001309 0.001734 0.002279 0.002970 0.003839 0.004920 0.006254 0.007882 0.009853 0.012213 0.015012 0.018300 0.022120 0.026515 0.031517 0.037150 0.043423 0.050330 0.057847 0.065929 0.074511 0.083504 0.092796 0.102257 0.111736 0.121068 0.130077 0.138582 0.146403 0.153364 0.159306 0.164086 0.167587 0.169724 0.170443 0.169724 0.167587 0.164086 0.159306 0.153364 0.146403 0.138582 0.130077 0.121068 0.111736 0.102257 0.092796 0.083504 0.074511 0.065929 0.057847 0.050330 0.043423 0.037150 0.031517 0.026515 0.022120 0.018300 0.015012 0.012213 0.009853 0.007882 0.006254 0.004920 0.003839 0.002970 0.002279 0.001734 0.001309 0.000979 0.000727 0.000535 0.000391 0.000283 0.000203 0.000144 0.000102 0.000071 0.000049 0.000033 0.000021 0.000013 0.000006 0.000000 
0.000000 0.000006 0.000012 0.000020 0.000031 0.000047 0.000069 0.000099 0.000142 0.000201 0.000283 0.000394 0.000544 0.000745 0.001012 0.001363 0.001821 0.002413 0.003170 0.004131 0.005339 0.006842 0.008695 0.010958 0.013696 0.016975 0.020863 0.025428 0.030734 0.036837 0.043782 0.051603 0.060311 0.069899 0.080332 0.091550 0.103460 0.115939 0.128833 0.141960 0.155112 0.168060 0.180559 0.192359 0.203208 0.212865 0.221107 0.227738 0.232595 0.235560 0.236556 0.235560 0.232595 0.227738 0.221107 0.212865 0.203208 0.192359 0.180559 0.168060 0.155112 0.141960 0.128833 0.115939 0.103460 0.091550 0.080332 0.069899 0.060311 0.051603 0.043782 0.036837 0.030734 0.025428 0.020863 0.016975 0.013696 0.010958 0.008695 0.006842 0.005339 0.004131 0.003170 0.002413 0.001821 0.001363 0.001012 0.000745 0.000544 0.000394 0.000283 0.000201 0.000142 0.000099 0.000068 0.000046 0.000030 0.000018 0.000008 0.000000 
0.000000 0.000008 0.000017 0.000028 0.000044 0.000065 0.000095 0.000137 0.000196 0.000278 0.000391 0.000544 0.000751 0.001028 0.001397 0.001881 0.002513 0.003329 0.004374 0.005699 0.007363 0.009435 0.011989 0.015108 0.018880 0.023397 0.028754 0.035043 0.042350 0.050754 0.060319 0.071086 0.083076 0.096275 0.110638 0.126078 0.142471 0.159646 0.177391 0.195456 0.213554 0.231371 0.248569 0.264805 0.279731 0.293018 0.304357 0.313480 0.320163 0.324241 0.325612 0.324241 0.320163 0.313480 0.304357 0.293018 0.279731 0.264805 0.248569 0.231371 0.213554 0.195456 0.177391 0.159646 0.142471 0.126078 0.110638 0.096275 0.083076 0.071086 0.060319 0.050754 0.042350 0.035043 0.028754 0.023397 0.018880 0.015108 0.011989 0.009435 0.007363 0.005699 0.004374 0.003329 0.002513 0.001881 0.001397 0.001028 0.000751 0.000544 0.000390 0.000278 0.000196 0.000137 0.000094 0.000063 0.000041 0.000025 0.000011 0.000000 
0.000000 0.000011 0.000023 0.000039 0.000060 0.000089 0.000130 0.000188 0.000269 0.000381 0.000535 0.000745 0.001028 0.001408 0.001912 0.002575 0.003440 0.004556 0.005984 0.007796 0.010072 0.012904 0.016395 0.020658 0.025812 0.031985 0.039304 0.047894 0.057877 0.069356 0.082418 0.097122 0.113494 0.131516 0.151125 0.172205 0.194582 0.218026 0.242248 0.266905 0.291605 0.315920 0.339391 0.361547 0.381916 0.400047 0.415520 0.427968 0.437087 0.442651 0.444522 0.442651 0.437087 0.427968 0.415520 0.400047 0.381916 0.361547 0.339391 0.315920 0.291605 0.266905 0.242248 0.218026 0.194582 0.172205 0.151125 0.131516 0.113494 0.097122 0.082418 0.069356 0.057877 0.047894 0.039304 0.031985 0.025812 0.020658 0.016395 0.012904 0.010072 0.007796 0.005984 0.004556 0.003440 0.002575 0.001912 0.001408 0.001028 0.000745 0.000535 0.000381 0.000269 0.000187 0.000129 0.000087 0.000057 0.000034 0.000016 0.000000 
0.000000 0.000014 0.000031 0.000052 0.000081 0.000121 0.000177 0.000256 0.000366 0.000518 0.000727 0.001012 0.001397 0.001912 0.002596 0.003496 0.004669 0.006183 0.008121 0.010577 0.013663 0.017503 0.022236 0.028014 0.035000 0.043365 0.053283 0.064922 0.078446 0.093996 0.111690 0.131606 0.153778 0.178184 0.204737 0.233280 0.263577 0.295317 0.328108 0.361487 0.394923 0.427835 0.459605 0.489592 0.517161 0.541700 0.562641 0.579487 0.591829 0.599360 0.601891 0.599360 0.591829 0.579487 0.562641 0.541700 0.517161 0.489592 0.459605 0.427835 0.394923 0.361487 0.328108 0.295317 0.263577 0.233280 0.204737 0.178184 0.153778 0.131606 0.111690 0.093996 0.078446 0.064922 0.053283 0.043365 0.035000 0.028014 0.022236 0.017503 0.013663 0.010577 0.008121 0.006183 0.004669 0.003496 0.002596 0.001912 0.001397 0.001012 0.000727 0.000517 0.000365 0.000255 0.000175 0.000118 0.000077 0.000046 0.000021 0.000000 
0.000000 0.000020 0.000042 0.000071 0.000109 0.000163 0.000239 0.000345 0.000493 0.000698 0.000979 0.001363 0.001881 0.002575 0.003496 0.004707 0.006284 0.008322 0.010928 0.014233 0.018383 0.023546 0.029910 0.037678 0.047069 0.058312 0.071640 0.087282 0.105453 0.126346 0.150116 0.176870 0.206652 0.239432 0.275095 0.313426 0.354112 0.396732 0.440761 0.485576 0.530468 0.574654 0.617304 0.657560 0.694569 0.727509 0.755619 0.778233 0.794799 0.804907 0.808305 0.804907 0.794799 0.778233 0.755619 0.727509 0.694569 0.657560 0.617304 0.574654 0.530468 0.485576 0.440761 0.396732 0.354112 0.313426 0.275095 0.239432 0.206652 0.176870 0.150116 0.126346 0.105453 0.087282 0.071640 0.058312 0.047069 0.037678 0.029910 0.023546 0.018383 0.014233 0.010928 0.008322 0.006284 0.004707 0.003496 0.002575 0.001881 0.001363 0.000979 0.000697 0.000492 0.000343 0.000237 0.000160 0.000104 0.000062 0.000029 0.000000 
0.000000 0.000026 0.000056 0.000095 0.000146 0.000218 0.000320 0.000461 0.000659 0.000933 0.001309 0.001821 0.002513 0.003440 0.004669 0.006284 0.008390 0.011108 0.014586 0.018994 0.024529 0.031415 0.039900 0.050258 0.062778 0.077766 0.095531 0.116378 0.140595 0.168435 0.200107 0.235752 0.275429 0.319096 0.366600 0.417656 0.471845 0.528606 0.587241 0.646921 0.706699 0.765535 0.822324 0.875924 0.925199 0.969055 1.006480 1.036586 1.058641 1.072099 1.076623 1.072099 1.058641 1.036586 1.006480 0.969055 0.925199 0.875924 0.822324 0.765535 0.706699 0.646921 0.587241 0.528606 0.471845 0.417656 0.366600 0.319096 0.275429 0.235752 0.200107 0.168435 0.140595 0.116378 0.095531 0.077766 0.062778 0.050258 0.039900 0.031415 0.024529 0.018994 0.014586 0.011108 0.008390 0.006284 0.004668 0.003439 0.002513 0.001821 0.001308 0.000932 0.000658 0.000459 0.000316 0.000213 0.000139 0.000083 0.000039 0.000000 
0.000000 0.000035 0.000075 0.000125 0.000194 0.000290 0.000424 0.000611 0.000873 0.001236 0.001734 0.002413 0.003329 0.004556 0.006183 0.008322 0.011108 0.014705 0.019307 0.025138 0.032460 0.041568 0.052790 0.066486 0.083041 0.102856 0.126341 0.153898 0.185906 0.222700 0.264555 0.311656 0.364082 0.421776 0.484535 0.551982 0.623564 0.698540 0.775987 0.854810 0.933760 1.011463 1.086459 1.157242 1.222312 1.280224 1.329644 1.369398 1.398520 1.416291 1.422264 1.416291 1.398520 1.369398 1.329644 1.280224 1.222312 1.157242 1.086459 1.011463 0.933760 0.854810 0.775987 0.698540 0.623564 0.551982 0.484535 0.421776 0.364082 0.311656 0.264555 0.222700 0.185906 0.153898 0.126341 0.102856 0.083041 0.066486 0.052790 0.041568 0.032460 0.025138 0.019307 0.014705 0.011108 0.008322 0.006183 0.004556 0.003329 0.002412 0.001734 0.001235 0.000872 0.000609 0.000419 0.000283 0.000184 0.000110 0.000051 0.000000 
0.000000 0.000046 0.000098 0.000165 0.000255 0.000381 0.000557 0.000804 0.001148 0.001625 0.002279 0.003170 0.004374 0.005984 0.008121 0.010928 0.014586 0.019307 0.025345 0.032996 0.042602 0.054549 0.069269 0.087231 0.108940 0.134922 0.165714 0.201840 0.243798 0.292027 0.346885 0.408614 0.477316 0.552918 0.635150 0.723521 0.817304 0.915528 1.016985 1.120239 1.223655 1.325435 1.423665 1.516374 1.601598 1.677445 1.742169 1.794234 1.832374 1.855646 1.863469 1.855646 1.832374 1.794234 1.742169 1.677445 1.601598 1.516374 1.423665 1.325435 1.223655 1.120239 1.016985 0.915528 0.817304 0.723521 0.635150 0.552918 0.477316 0.408614 0.346885 0.292027 0.243798 0.201840 0.165714 0.134922 0.108940 0.087231 0.069269 0.054549 0.042602 0.032996 0.025344 0.019307 0.014586 0.010928 0.008120 0.005984 0.004374 0.003170 0.002278 0.001623 0.001146 0.000800 0.000551 0.000372 0.000242 0.000145 0.000068 0.000000 
0.000000 0.000060 0.000128 0.000215 0.000333 0.000497 0.000727 0.001048 0.001497 0.002118 0.002970 0.004131 0.005699 0.007796 0.010577 0.014233 0.018994 0.025138 0.032996 0.042952 0.055450 0.070993 0.090141 0.113504 0.141738 0.175527 0.215565 0.262538 0.317087 0.379785 0.451094 0.531330 0.620622 0.718877 0.825741 0.940577 1.062438 1.190064 1.321884 1.456033 1.590387 1.722611 1.850219 1.970652 2.081357 2.179880 2.263954 2.331582 2.381122 2.411351 2.421513 2.411351 2.381122 2.331582 2.263954 2.179880 2.081357 1.970652 1.850219 1.722611 1.590387 1.456033 1.321884 1.190064 1.062438 0.940577 0.825741 0.718877 0.620622 0.531330 0.451094 0.379785 0.317087 0.262538 0.215565 0.175527 0.141738 0.113504 0.090141 0.070993 0.055450 0.042952 0.032996 0.025138 0.018994 0.014233 0.010577 0.007796 0.005698 0.004131 0.002969 0.002116 0.001494 0.001043 0.000719 0.000485 0.000316 0.000189 0.000088 0.000000 
0.000000 0.000077 0.000166 0.000278 0.000431 0.000643 0.000940 0.001355 0.001935 0.002737 0.003839 0.005339 0.007363 0.010072 0.013663 0.018383 0.024529 0.032460 0.042602 0.055450 0.071578 0.091632 0.116334 0.146472 0.182890 0.226468 0.278103 0.338674 0.409010 0.489847 0.581779 0.685213 0.800314 0.926959 1.064694 1.212694 1.369740 1.534208 1.704072 1.876931 2.050047 2.220411 2.384824 2.539987 2.682614 2.809544 2.917856 3.004980 3.068801 3.107744 3.120834 3.107744 3.068801 3.004980 2.917856 2.809544 2.682614 2.539987 2.384824 2.220411 2.050047 1.876931 1.704072 1.534208 1.369740 1.212694 1.064694 0.926959 0.800314 0.685213 0.581779 0.489847 0.409010 0.338674 0.278103 0.226468 0.182890 0.146472 0.116334 0.091632 0.071578 0.055450 0.042602 0.032460 0.024529 0.018383 0.013663 0.010071 0.007363 0.005338 0.003837 0.002735 0.001931 0.001349 0.000930 0.000628 0.000408 0.000244 0.000114 0.000000 
0.000000 0.000099 0.000213 0.000357 0.000553 0.000824 0.001205 0.001738 0.002481 0.003509 0.004920 0.006842 0.009435 0.012904 0.017503 0.023546 0.031415 0.041568 0.054549 0.070993 0.091632 0.117293 0.148898 0.187455 0.234041 0.289782 0.355823 0.433287 0.523232 0.626598 0.744143 0.876384 1.023532 1.185430 1.361494 1.550669 1.751396 1.961600 2.178691 2.399600 2.620829 2.838535 3.048629 3.246897 3.429143 3.591328 3.729720 3.841040 3.922585 3.972341 3.989067 3.972341 3.922585 3.841040 3.729720 3.591328 3.429143 3.246897 3.048629 2.838535 2.620829 2.399600 2.178691 1.961600 1.751396 1.550669 1.361494 1.185430 1.023532 0.876384 0.744143 0.626598 0.523232 0.433287 0.355823 0.289782 0.234041 0.187455 0.148898 0.117293 0.091632 0.070993 0.054549 0.041568 0.031415 0.023546 0.017503 0.012903 0.009434 0.006840 0.004918 0.003505 0.002476 0.001730 0.001192 0.000805 0.000524 0.000313 0.000146 0.000000 
0.000000 0.000126 0.000270 0.000454 0.000703 0.001048 0.001532 0.002210 0.003154 0.004460 0.006254 0.008695 0.011989 0.016395 0.022236 0.029910 0.039900 0.052790 0.069269 0.090141 0.116334 0.148898 0.189002 0.237922 0.297024 0.367735 0.451504 0.549756 0.663829 0.794914 0.943969 1.111650 1.298222 1.503481 1.726689 1.966505 2.220955 2.487404 2.762572 3.042567 3.322959 3.598876 3.865137 4.116405 4.347363 4.552892 4.728268 4.869335 4.972669 5.035720 5.056915 5.035720 4.972669 4.869335 4.728268 4.552892 4.347363 4.116405 3.865137 3.598876 3.322959 3.042567 2.762572 2.487404 2.220955 1.966505 1.726689 1.503481 1.298222 1.111650 0.943969 0.794914 0.663829 0.549756 0.451504 0.367735 0.297024 0.237922 0.189002 0.148898 0.116334 0.090141 0.069268 0.052790 0.039900 0.029909 0.022236 0.016394 0.011988 0.008693 0.006251 0.004456 0.003147 0.002200 0.001516 0.001024 0.000666 0.000398 0.000186 0.000000 
0.000000 0.000159 0.000341 0.000573 0.000887 0.001322 0.001932 0.002786 0.003976 0.005623 0.007882 0.010958 0.015108 0.020658 0.028014 0.037678 0.050258 0.066486 0.087231 0.113504 0.146472 0.187455 0.237922 0.299478 0.373840 0.462800 0.568180 0.691770 0.835252 1.000118 1.187574 1.398440 1.633048 1.891141 2.171786 2.473299 2.793194 3.128160 3.474072 3.826040 4.178493 4.525311 4.859982 5.175800 5.466083 5.724401 5.944818 6.122111 6.251981 6.331223 6.357860 6.331223 6.251981 6.122111 5.944818 5.724401 5.466083 5.175800 4.859982 4.525311 4.178493 3.826040 3.474072 3.128160 2.793194 2.473299 2.171786 1.891141 1.633048 1.398440 1.187574 1.000118 0.835252 0.691770 0.568180 0.462800 0.373840 0.299478 0.237922 0.187455 0.146472 0.113504 0.087231 0.066486 0.050257 0.037677 0.028014 0.020657 0.015107 0.010956 0.007879 0.005617 0.003968 0.002774 0.001912 0.001292 0.000840 0.000502 0.000235 0.000000 
0.000000 0.000199 0.000427 0.000717 0.001110 0.001654 0.002417 0.003484 0.004971 0.007029 0.009853 0.013696 0.018880 0.025812 0.035000 0.047069 0.062778 0.083041 0.108940 0.141738 0.182890 0.234041 0.297024 0.373840 0.466628 0.577623 0.709095 0.863274 1.042256 1.247899 1.481704 1.744692 2.037273 2.359124 2.709080 3.085040 3.483901 3.901536 4.332802 4.771601 5.210991 5.643341 6.060537 6.454223 6.816068 7.138064 7.412811 7.633802 7.795680 7.894451 7.927653 7.894451 7.795680 7.633802 7.412811 7.138064 6.816068 6.454223 6.060537 5.643341 5.210991 4.771601 4.332802 3.901536 3.483901 3.085040 2.709080 2.359124 2.037273 1.744692 1.481704 1.247899 1.042256 0.863274 0.709095 0.577623 0.466628 0.373840 0.297024 0.234041 0.182890 0.141738 0.108940 0.083041 0.062778 0.047068 0.035000 0.025811 0.018878 0.013693 0.009849 0.007023 0.004961 0.003468 0.002392 0.001616 0.001051 0.000628 0.000293 0.000000 
0.000000 0.000247 0.000530 0.000890 0.001376 0.002051 0.002997 0.004320 0.006164 0.008714 0.012213 0.016975 0.023397 0.031985 0.043365 0.058312 0.077766 0.102856 0.134922 0.175527 0.226468 0.289782 0.367735 0.462800 0.577623 0.714966 0.877636 1.068386 1.289808 1.544196 1.833405 2.158691 2.520560 2.918611 3.351398 3.816322 4.309545 4.825962 5.359212 5.901759 6.445017 6.979557 7.495347 7.982058 8.429397 8.827464 9.167114 9.440306 9.640420 9.762521 9.803564 9.762521 9.640420 9.440306 9.167114 8.827464 8.429397 7.982058 7.495347 6.979557 6.445017 5.901759 5.359212 4.825962 4.309545 3.816322 3.351398 2.918611 2.520560 2.158691 1.833405 1.544196 1.289808 1.068386 0.877636 0.714966 0.577623 0.462800 0.367735 0.289782 0.226468 0.175527 0.134922 0.102856 0.077765 0.058312 0.043365 0.031984 0.023395 0.016971 0.012208 0.008706 0.006151 0.004300 0.002966 0.002004 0.001304 0.000780 0.000364 0.000000 
0.000000 0.000303 0.000652 0.001095 0.001693 0.002523 0.003685 0.005312 0.007578 0.010712 0.015012 0.020863 0.028754 0.039304 0.053283 0.071640 0.095531 0.126341 0.165714 0.215565 0.278103 0.355823 0.451504 0.568180 0.709095 0.877636 1.077241 1.311288 1.582949 1.895038 2.249823 2.648844 3.092717 3.580945 4.111753 4.681951 5.286830 5.920128 6.574046 7.239340 7.905486 8.560923 9.193354 9.790116 10.338592 10.826648 11.243075 11.578018 11.823363 11.973060 12.023380 11.973060 11.823363 11.578018 11.243075 10.826648 10.338592 9.790116 9.193354 8.560923 7.905486 7.239340 6.574046 5.920128 5.286830 4.681951 4.111753 3.580945 3.092717 2.648844 2.249823 1.895038 1.582949 1.311288 1.077241 0.877636 0.709095 0.568180 0.451504 0.355823 0.278103 0.215565 0.165713 0.126341 0.095531 0.071640 0.053282 0.039302 0.028752 0.020859 0.015006 0.010702 0.007563 0.005288 0.003647 0.002464 0.001603 0.000959 0.000448 0.000000 
0.000000 0.000370 0.000795 0.001335 0.002065 0.003077 0.004494 0.006478 0.009240 0.013059 0.018300 0.025428 0.035043 0.047894 0.064922 0.087282 0.116378 0.153898 0.201840 0.262538 0.338674 0.433287 0.549756 0.691770 0.863274 1.068386 1.311288 1.596082 1.926627 2.306338 2.737973 3.223399 3.763361 4.357251 5.002907 5.696444 6.432134 7.202360 7.997636 8.806721 9.616818 10.413869 11.182924 11.908590 12.575526 13.168984 13.675336 14.082604 14.380923 14.562943 14.624128 14.562943 14.380923 14.082604 13.675336 13.168984 12.575526 11.908590 11.182924 10.413869 9.616818 8.806721 7.997636 7.202360 6.432134 5.696444 5.002907 4.357251 3.763361 3.223399 2.737973 2.306338 1.926627 1.596082 1.311288 1.068386 0.863274 0.691770 0.549756 0.433287 0.338674 0.262538 0.201840 0.153898 0.116378 0.087281 0.064921 0.047893 0.035040 0.025424 0.018292 0.013047 0.009221 0.006448 0.004448 0.003006 0.001956 0.001170 0.000546 0.000000 
0.000000 0.000448 0.000962 0.001615 0.002498 0.003722 0.005435 0.007833 0.011171 0.015787 0.022120 0.030734 0.042350 0.057877 0.078446 0.105453 0.140595 0.185906 0.243798 0.317087 0.409010 0.523232 0.663829 0.835252 1.042256 1.289808 1.582949 1.926627 2.325490 2.783655 3.304444 3.890104 4.541527 5.257978 6.036843 6.873432 7.760835 8.689861 9.649069 10.624902 11.601928 12.563194 13.490675 14.365809 15.170103 15.885773 16.496393 16.987520 17.347261 17.566757 17.640539 17.566757 17.347261 16.987520 16.496393 15.885773 15.170103 14.365809 13.490675 12.563194 11.601928 10.624902 9.649069 8.689861 7.760835 6.873432 6.036843 5.257978 4.541527 3.890104 3.304444 2.783655 2.325490 1.926627 1.582949 1.289808 1.042256 0.835252 0.663829 0.523232 0.409010 0.317087 0.243798 0.185905 0.140594 0.105453 0.078445 0.057874 0.042347 0.030728 0.022111 0.015773 0.011148 0.007796 0.005379 0.003635 0.002365 0.001415 0.000661 0.000000 
0.000000 0.000537 0.001153 0.001937 0.002996 0.004463 0.006518 0.009392 0.013393 0.018926 0.026515 0.036837 0.050754 0.069356 0.093996 0.126346 0.168435 0.222700 0.292027 0.379785 0.489847 0.626598 0.794914 1.000118 1.247899 1.544196 1.895038 2.306338 2.783655 3.331909 3.955066 4.655812 5.435207 6.292366 7.224157 8.224966 9.286523 10.397833 11.545210 12.712438 13.881061 15.030805 16.140114 17.186793 18.148730 19.004659 19.734940 20.322306 20.752538 21.015042 21.103280 21.015042 20.752538 20.322306 19.734940 19.004659 18.148730 17.186793 16.140114 15.030805 13.881061 12.712438 11.545210 10.397833 9.286523 8.224966 7.224157 6.292366 5.435207 4.655812 3.955066 3.331909 2.783655 2.306338 1.895038 1.544196 1.247899 1.000118 0.794914 0.626598 0.489847 0.379785 0.292027 0.222700 0.168435 0.126345 0.093995 0.069353 0.050750 0.036830 0.026504 0.018908 0.013366 0.009348 0.006450 0.004359 0.002837 0.001697 0.000793 0.000000 
0.000000 0.000639 0.001372 0.002305 0.003563 0.005308 0.007750 0.011167 0.015923 0.022499 0.031517 0.043782 0.060319 0.082418 0.111690 0.150116 0.200107 0.264555 0.346885 0.451094 0.581779 0.744143 0.943969 1.187574 1.481704 1.833405 2.249823 2.737973 3.304444 3.955066 4.694542 5.526049 6.450840 7.467857 8.573381 9.760745 11.020137 12.338510 13.699627 15.084254 16.470499 17.834317 19.150143 20.391656 21.532633 22.547857 23.414039 24.110703 24.620990 24.932338 25.036994 24.932338 24.620990 24.110703 23.414039 22.547857 21.532633 20.391656 19.150143 17.834317 16.470499 15.084254 13.699627 12.338510 11.020137 9.760745 8.573381 7.467857 6.450840 5.526049 4.694542 3.955066 3.304444 2.737973 2.249823 1.833405 1.481704 1.187574 0.943969 0.744142 0.581779 0.451094 0.346885 0.264555 0.200106 0.150115 0.111688 0.082415 0.060314 0.043774 0.031504 0.022478 0.015890 0.011115 0.007670 0.005184 0.003374 0.002019 0.000943 0.000000 
0.000000 0.000754 0.001618 0.002718 0.004202 0.006259 0.009139 0.013166 0.018772 0.026522 0.037150 0.051603 0.071086 0.097122 0.131606 0.176870 0.235752 0.311656 0.408614 0.531330 0.685213 0.876384 1.111650 1.398440 1.744692 2.158691 2.648844 3.223399 3.890104 4.655812 5.526049 6.504546 7.592771 8.789472 10.090267 11.487308 12.969045 14.520126 16.121450 17.750387 19.381189 20.985569 22.533461 23.993907 25.336067 26.530284 27.549171 28.368646 28.968885 29.335114 29.458218 29.335114 28.968885 28.368646 27.549171 26.530284 25.336067 23.993907 22.533461 20.985569 19.381189 17.750387 16.121450 14.520126 12.969045 11.487308 10.090267 8.789472 7.592771 6.504546 5.526049 4.655812 3.890104 3.223399 2.648844 2.158691 1.744692 1.398440 1.111650 0.876384 0.685213 0.531330 0.408614 0.311656 0.235751 0.176868 0.131603 0.097118 0.071080 0.051593 0.037134 0.026497 0.018733 0.013105 0.009044 0.006113 0.003979 0.002381 0.001112 0.000000 
0.000000 0.000881 0.001893 0.003179 0.004914 0.007320 0.010685 0.015393 0.021946 0.031003 0.043423 0.060311 0.083076 0.113494 0.153778 0.206652 0.275429 0.364082 0.477316 0.620622 0.800314 1.023532 1.298222 1.633048 2.037273 2.520560 3.092717 3.763361 4.541527 5.435207 6.450840 7.592771 8.862706 10.259175 11.777060 13.407196 15.136105 16.945872 18.814207 20.714712 22.617346 24.489115 26.294945 27.998729 29.564494 30.957652 32.146257 33.102227 33.802440 34.229665 34.373271 34.229665 33.802440 33.102227 32.146257 30.957652 29.564494 27.998729 26.294945 24.489115 22.617346 20.714712 18.814207 16.945872 15.136105 13.407196 11.777060 10.259175 8.862706 7.592771 6.450840 5.435207 4.541527 3.763361 3.092717 2.520560 2.037273 1.633048 1.298221 1.023532 0.800313 0.620622 0.477315 0.364081 0.275428 0.206650 0.153775 0.113489 0.083069 0.060299 0.043405 0.030974 0.021900 0.015322 0.010574 0.007149 0.004653 0.002784 0.001301 0.000000 
0.000000 0.001022 0.002195 0.003687 0.005698 0.008487 0.012389 0.017846 0.025441 0.035938 0.050330 0.069899 0.096275 0.131516 0.178184 0.239432 0.319096 0.421776 0.552918 0.718877 0.926959 1.185430 1.503481 1.891141 2.359124 2.918611 3.580945 4.357251 5.257978 6.292366 7.467857 8.789472 10.259175 11.875259 13.631791 15.518162 17.518770 19.612883 21.774710 23.973705 26.175115 28.340769 30.430093 32.401318 34.212834 35.824632 37.199761 38.305739 39.115822 39.610081 39.776220 39.610081 39.115822 38.305739 37.199761 35.824632 34.212834 32.401318 30.430093 28.340769 26.175115 23.973705 21.774710 19.612883 17.518770 15.518162 13.631791 11.875259 10.259175 8.789472 7.467857 6.292366 5.257978 4.357251 3.580945 2.918611 2.359124 1.891141 1.503481 1.185430 0.926959 0.718876 0.552918 0.421776 0.319095 0.239431 0.178181 0.131511 0.096267 0.069885 0.050309 0.035904 0.025388 0.017763 0.012260 0.008289 0.005396 0.003229 0.001508 0.000000 
0.000000 0.001176 0.002525 0.004239 0.006552 0.009759 0.014244 0.020516 0.029245 0.041308 0.057847 0.080332 0.110638 0.151125 0.204737 0.275095 0.366600 0.484535 0.635150 0.825741 1.064694 1.361494 1.726689 2.171786 2.709080 3.351398 4.111753 5.002907 6.036843 7.224157 8.573381 10.090267 11.777060 13.631791 15.647645 17.812440 20.108266 22.511331 24.992038 27.515338 30.041355 32.526297 34.923613 37.185386 39.263882 41.113204 42.690965 43.959905 44.889345 45.456426 45.647042 45.456426 44.889345 43.959905 42.690965 41.113204 39.263882 37.185386 34.923613 32.526297 30.041355 27.515338 24.992038 22.511331 20.108266 17.812440 15.647645 13.631791 11.777060 10.090267 8.573381 7.224157 6.036843 5.002907 4.111753 3.351398 2.709080 2.171786 1.726689 1.361494 1.064694 0.825741 0.635150 0.484534 0.366599 0.275092 0.204733 0.151119 0.110628 0.080317 0.057823 0.041269 0.029184 0.020421 0.014096 0.009531 0.006204 0.003713 0.001734 0.000000 
0.000000 0.001341 0.002879 0.004834 0.007471 0.011126 0.016239 0.023388 0.033336 0.047083 0.065929 0.091550 0.126078 0.172205 0.233280 0.313426 0.417656 0.551982 0.723521 0.940577 1.212694 1.550669 1.966505 2.473299 3.085040 3.816322 4.681951 5.696444 6.873432 8.224966 9.760745 11.487308 13.407196 15.518162 17.812440 20.276158 22.888932 25.623679 28.446718 31.318166 34.192649 37.020338 39.748273 42.321933 44.687014 46.791298 48.586568 50.030430 51.087988 51.733235 51.950125 51.733235 51.087988 50.030430 48.586568 46.791298 44.687014 42.321933 39.748273 37.020338 34.192649 31.318166 28.446718 25.623679 22.888932 20.276158 17.812440 15.518162 13.407196 11.487308 9.760745 8.224966 6.873432 5.696444 4.681951 3.816322 3.085040 2.473299 1.966505 1.550669 1.212693 0.940576 0.723520 0.551981 0.417655 0.313424 0.233276 0.172198 0.126068 0.091533 0.065902 0.047039 0.033266 0.023279 0.016070 0.010866 0.007074 0.004234 0.001978 0.000000 
0.000000 0.001516 0.003255 0.005466 0.008447 0.012579 0.018358 0.026438 0.037680 0.053215 0.074511 0.103460 0.142471 0.194582 0.263577 0.354112 0.471845 0.623564 0.817304 1.062438 1.369740 1.751396 2.220955 2.793194 3.483901 4.309545 5.286830 6.432134 7.760835 9.286523 11.020137 12.969045 15.136105 17.518770 20.108266 22.888932 25.837753 28.924162 32.110147 35.350698 38.594614 41.785669 44.864104 47.768403 50.437294 52.811865 54.837711 56.467006 57.660378 58.388487 58.633229 58.388487 57.660378 56.467006 54.837711 52.811865 50.437294 47.768403 44.864104 41.785669 38.594614 35.350698 32.110147 28.924162 25.837753 22.888932 20.108266 17.518770 15.136105 12.969045 11.020137 9.286523 7.760835 6.432134 5.286830 4.309545 3.483901 2.793194 2.220955 1.751396 1.369740 1.062437 0.817303 0.623563 0.471843 0.354109 0.263573 0.194575 0.142459 0.103440 0.074480 0.053165 0.037602 0.026315 0.018167 0.012285 0.007998 0.004787 0.002236 0.000000 
0.000000 0.001700 0.003650 0.006128 0.009470 0.014102 0.020579 0.029634 0.042233 0.059641 0.083504 0.115939 0.159646 0.218026 0.295317 0.396732 0.528606 0.698540 0.915528 1.190064 1.534208 1.961600 2.487404 3.128160 3.901536 4.825962 5.920128 7.202360 8.689861 10.397833 12.338510 14.520126 16.945872 19.612883 22.511331 25.623679 28.924162 32.378565 35.944344 39.571125 43.201609 46.772877 50.218056 53.468315 56.455090 59.112464 61.379564 63.202877 64.538350 65.353156 65.627040 65.353156 64.538350 63.202877 61.379564 59.112464 56.455090 53.468315 50.218056 46.772877 43.201609 39.571125 35.944344 32.378565 28.924162 25.623679 22.511331 19.612883 16.945872 14.520126 12.338510 10.397833 8.689861 7.202360 5.920128 4.825962 3.901536 3.128160 2.487404 1.961600 1.534207 1.190063 0.915527 0.698539 0.528604 0.396729 0.295312 0.218018 0.159632 0.115917 0.083468 0.059585 0.042145 0.029496 0.020364 0.013771 0.008967 0.005366 0.002507 0.000000 
0.000000 0.001890 0.004058 0.006813 0.010528 0.015675 0.022874 0.032938 0.046938 0.066282 0.092796 0.128833 0.177391 0.242248 0.328108 0.440761 0.587241 0.775987 1.016985 1.321884 1.704072 2.178691 2.762572 3.474072 4.332802 5.359212 6.574046 7.997636 9.649069 11.545210 13.699627 16.121450 18.814207 21.774710 24.992038 28.446718 32.110147 35.944344 39.902086 43.927466 47.956893 51.920537 55.744190 59.351466 62.666284 65.615495 68.131554 70.155080 71.637191 72.541463 72.845419 72.541463 71.637191 70.155080 68.131554 65.615495 62.666284 59.351466 55.744190 51.920537 47.956893 43.927466 39.902086 35.944344 32.110147 28.446718 24.992038 21.774710 18.814207 16.121450 13.699627 11.545210 9.649069 7.997636 6.574046 5.359212 4.332802 3.474072 2.762572 2.178691 1.704072 1.321883 1.016984 0.775986 0.587239 0.440758 0.328103 0.242239 0.177376 0.128808 0.092757 0.066220 0.046840 0.032784 0.022635 0.015308 0.009968 0.005966 0.002787 0.000000 
0.000000 0.002084 0.004474 0.007510 0.011605 0.017278 0.025212 0.036302 0.051729 0.073044 0.102257 0.141960 0.195456 0.266905 0.361487 0.485576 0.646921 0.854810 1.120239 1.456033 1.876931 2.399600 3.042567 3.826040 4.771601 5.901759 7.239340 8.806721 10.624902 12.712438 15.084254 17.750387 20.714712 23.973705 27.515338 31.318166 35.350698 39.571125 43.927466 48.358186 52.793295 57.155940 61.364449 65.334762 68.983148 72.229112 74.998319 77.225428 78.856644 79.851885 80.186418 79.851885 78.856644 77.225428 74.998319 72.229112 68.983148 65.334762 61.364449 57.155940 52.793295 48.358186 43.927466 39.571125 35.350698 31.318166 27.515338 23.973705 20.714712 17.750387 15.084254 12.712438 10.624902 8.806721 7.239339 5.901759 4.771601 3.826040 3.042567 2.399600 1.876930 1.456032 1.120238 0.854809 0.646918 0.485573 0.361480 0.266894 0.195439 0.141933 0.102213 0.072975 0.051621 0.036132 0.024948 0.016873 0.010987 0.006576 0.003073 0.000000 
0.000000 0.002278 0.004890 0.008209 0.012684 0.018885 0.027554 0.039673 0.056530 0.079818 0.111736 0.155112 0.213554 0.291605 0.394923 0.530468 0.706699 0.933760 1.223655 1.590387 2.050047 2.620829 3.322959 4.178493 5.210991 6.445017 7.905486 9.616818 11.601928 13.881061 16.470499 19.381189 22.617346 26.175115 30.041355 34.192649 38.594614 43.201609 47.956893 52.793295 57.634422 62.396393 66.990070 71.323707 75.305925 78.848871 81.871423 84.302270 86.082704 87.168984 87.534119 87.168984 86.082704 84.302270 81.871423 78.848871 75.305925 71.323707 66.990070 62.396393 57.634422 52.793295 47.956893 43.201609 38.594614 34.192649 30.041355 26.175115 22.617346 19.381189 16.470499 13.881061 11.601928 9.616818 7.905486 6.445017 5.210991 4.178493 3.322959 2.620829 2.050046 1.590387 1.223654 0.933758 0.706696 0.530464 0.394916 0.291594 0.213536 0.155083 0.111688 0.079743 0.056412 0.039487 0.027266 0.018442 0.012009 0.007188 0.003359 0.000000 
0.000000 0.002469 0.005300 0.008898 0.013747 0.020466 0.029861 0.042992 0.061257 0.086489 0.121068 0.168060 0.231371 0.315920 0.427835 0.574654 0.765535 1.011463 1.325435 1.722611 2.220411 2.838535 3.598876 4.525311 5.643341 6.979557 8.560923 10.413869 12.563194 15.030805 17.834317 20.985569 24.489115 28.340769 32.526297 37.020338 41.785669 46.772877 51.920537 57.155940 62.396393 67.551105 72.523592 77.214554 81.525088 85.360108 88.631816 91.263031 93.190216 94.366029 94.761258 94.366029 93.190216 91.263031 88.631816 85.360108 81.525088 77.214554 72.523592 67.551105 62.396393 57.155940 51.920537 46.772877 41.785669 37.020338 32.526297 28.340769 24.489115 20.985569 17.834317 15.030805 12.563194 10.413869 8.560923 6.979557 5.643341 4.525311 3.598876 2.838535 2.220411 1.722610 1.325434 1.011461 0.765532 0.574650 0.427828 0.315908 0.231351 0.168028 0.121016 0.086407 0.061128 0.042791 0.029549 0.019987 0.013015 0.007791 0.003640 0.000000 
0.000000 0.002653 0.005696 0.009562 0.014774 0.021994 0.032088 0.046197 0.065821 0.092929 0.130077 0.180559 0.248569 0.339391 0.459605 0.617304 0.822324 1.086459 1.423665 1.850219 2.384824 3.048629 3.865137 4.859982 6.060537 7.495347 9.193354 11.182924 13.490675 16.140114 19.150143 22.533461 26.294945 30.430093 34.923613 39.748273 44.864104 50.218056 55.744190 61.364449 66.990070 72.523592 77.861451 82.897059 87.524256 91.640982 95.153000 97.977469 100.046193 101.308359 101.732614 101.308359 100.046193 97.977469 95.153000 91.640982 87.524256 82.897059 77.861451 72.523592 66.990070 61.364449 55.744190 50.218056 44.864104 39.748273 34.923613 30.430093 26.294945 22.533461 19.150143 16.140114 13.490675 11.182924 9.193354 7.495347 6.060537 4.859982 3.865137 3.048628 2.384823 1.850218 1.423664 1.086457 0.822321 0.617299 0.459597 0.339378 0.248548 0.180525 0.130022 0.092841 0.065683 0.045980 0.031753 0.021478 0.013987 0.008373 0.003912 0.000000 
