0.000000 0.000000 0.000000 0.000000 0.000000 0.000000 0.000000 0.000000 0.000000 0.000000 0.000000 0.000000 0.000000 0.000000 0.000000 0.000000 0.000000 0.000000 0.000000 0.000000 0.000000 0.000000 0.000000 0.000000 0.000000 0.000000 0.000000 0.000000 0.000000 0.000000 0.000000 0.000000 0.000000 0.000000 0.000000 0.000000 0.000000 0.000000 0.000000 0.000000 0.000000 0.000000 0.000000 0.000000 0.000000 0.000000 0.000000 0.000000 0.000000 0.000000 0.000000 0.000000 0.000000 0.000000 0.000000 0.000000 0.000000 0.000000 0.000000 0.000000 0.000000 0.000000 0.000000 0.000000 0.000000 0.000000 0.000000 0.000000 0.000000 0.000000 0.000000 0.000000 0.000000 0.000000 0.000000 0.000000 0.000000 0.000000 0.000000 0.000000 0.000000 0.000000 0.000000 0.000000 0.000000 0.000000 0.000000 0.000000 0.000000 0.000000 0.000000 0.000000 0.000000 0.000000 0.000000 0.000000 0.000000 0.000000 0.000000 0.000000 
0.000000 0.000000 0.000000 0.000000 0.000000 0.000000 0.000000 0.000000 0.000000 0.000000 0.000000 0.000001 0.000001 0.000001 0.000002 0.000003 0.000004 0.000005 0.000007 0.000010 0.000013 0.000017 0.000023 0.000030 0.000038 0.000049 0.000062 0.000078 0.000098 0.000120 0.000147 0.000178 0.000213 0.000252 0.000297 0.000345 0.000397 0.000453 0.000512 0.000573 0.000635 0.000696 0.000757 0.000814 0.000867 0.000915 0.000956 0.000990 0.001014 0.001029 0.001034 0.001029 0.001014 0.000990 0.000956 0.000915 0.000867 0.000814 0.000757 0.000696 0.000635 0.000573 0.000512 0.000453 0.000397 0.000345 0.000297 0.000252 0.000213 0.000178 0.000147 0.000120 0.000098 0.000078 0.000062 0.000049 0.000038 0.000030 0.000023 0.000017 0.000013 0.000010 0.000007 0.000005 0.000004 0.000003 0.000002 0.000001 0.000001 0.000001 0.000000 0.000000 0.000000 0.000000 0.000000 0.000000 0.000000 0.000000 0.000000 0.000000 
0.000000 0.000000 0.000000 0.000000 0.000000 0.000000 0.000000 0.000000 0.000000 0.000001 0.000001 0.000001 0.000002 0.000003 0.000004 0.000006 0.000008 0.000011 0.000016 0.000021 0.000028 0.000038 0.000050 0.000065 0.000084 0.000108 0.000137 0.000172 0.000215 0.000265 0.000323 0.000391 0.000468 0.000555 0.000651 0.000758 0.000873 0.000996 0.001125 0.001258 0.001394 0.001529 0.001662 0.001788 0.001905 0.002010 0.002100 0.002173 0.002227 0.002260 0.002271 0.002260 0.002227 0.002173 0.002100 0.002010 0.001905 0.001788 0.001662 0.001529 0.001394 0.001258 0.001125 0.000996 0.000873 0.000758 0.000651 0.000555 0.000468 0.000391 0.000323 0.000265 0.000215 0.000172 0.000137 0.000108 0.000084 0.000065 0.000050 0.000038 0.000028 0.000021 0.000016 0.000011 0.000008 0.000006 0.000004 0.000003 0.000002 0.000001 0.000001 0.000001 0.000000 0.000000 0.000000 0.000000 0.000000 0.000000 0.000000 0.000000 
0.000000 0.000000 0.000000 0.000000 0.000000 0.000000 0.000000 0.000001 0.000001 0.000001 0.000002 0.000002 0.000004 0.000005 0.000007 0.000010 0.000014 0.000020 0.000027 0.000037 0.000049 0.000066 0.000087 0.000113 0.000147 0.000188 0.000239 0.000300 0.000373 0.000460 0.000562 0.000679 0.000813 0.000964 0.001132 0.001317 0.001517 0.001730 0.001954 0.002186 0.002422 0.002657 0.002887 0.003106 0.003309 0.003492 0.003649 0.003775 0.003869 0.003926 0.003945 0.003926 0.003869 0.003775 0.003649 0.003492 0.003309 0.003106 0.002887 0.002657 0.002422 0.002186 0.001954 0.001730 0.001517 0.001317 0.001132 0.000964 0.000813 0.000679 0.000562 0.000460 0.000373 0.000300 0.000239 0.000188 0.000147 0.000113 0.000087 0.000066 0.000049 0.000037 0.000027 0.000020 0.000014 0.000010 0.000007 0.000005 0.000004 0.000002 0.000002 0.000001 0.000001 0.000000 0.000000 0.000000 0.000000 0.000000 0.000000 0.000000 
0.000000 0.000000 0.000000 0.000000 0.000000 0.000000 0.000001 0.000001 0.000001 0.000002 0.000003 0.000004 0.000006 0.000008 0.000012 0.000017 0.000023 0.000032 0.000044 0.000059 0.000080 0.000106 0.000140 0.000183 0.000237 0.000304 0.000385 0.000484 0.000602 0.000742 0.000906 0.001095 0.001311 0.001555 0.001826 0.002123 0.002445 0.002789 0.003150 0.003524 0.003904 0.004282 0.004652 0.005005 0.005333 0.005626 0.005879 0.006083 0.006233 0.006325 0.006356 0.006325 0.006233 0.006083 0.005879 0.005626 0.005333 0.005005 0.004652 0.004282 0.003904 0.003524 0.003150 0.002789 0.002445 0.002123 0.001826 0.001555 0.001311 0.001095 0.000906 0.000742 0.000602 0.000484 0.000385 0.000304 0.000237 0.000183 0.000140 0.000106 0.000080 0.000059 0.000044 0.000032 0.000023 0.000017 0.000012 0.000008 0.000006 0.000004 0.000003 0.000002 0.000001 0.000001 0.000001 0.000000 0.000000 0.000000 0.000000 0.000000 
0.000000 0.000000 0.000000 0.000000 0.000000 0.000001 0.000001 0.000001 0.000002 0.000003 0.000004 0.000006 0.000009 0.000013 0.000018 0.000026 0.000036 0.000050 0.000069 0.000093 0.000125 0.000166 0.000219 0.000286 0.000370 0.000474 0.000602 0.000756 0.000941 0.001159 0.001415 0.001710 0.002048 0.002427 0.002850 0.003314 0.003816 0.004352 0.004916 0.005498 0.006090 0.006680 0.007257 0.007807 0.008318 0.008775 0.009169 0.009487 0.009721 0.009864 0.009912 0.009864 0.009721 0.009487 0.009169 0.008775 0.008318 0.007807 0.007257 0.006680 0.006090 0.005498 0.004916 0.004352 0.003816 0.003314 0.002850 0.002427 0.002048 0.001710 0.001415 0.001159 0.000941 0.000756 0.000602 0.000474 0.000370 0.000286 0.000219 0.000166 0.000125 0.000093 0.000069 0.000050 0.000036 0.000026 0.000018 0.000013 0.000009 0.000006 0.000004 0.000003 0.000002 0.000001 0.000001 0.000001 0.000000 0.000000 0.000000 0.000000 
0.000000 0.000000 0.000000 0.000000 0.000001 0.000001 0.000001 0.000002 0.000003 0.000004 0.000007 0.000010 0.000014 0.000020 0.000028 0.000040 0.000056 0.000077 0.000105 0.000143 0.000192 0.000256 0.000337 0.000440 0.000569 0.000728 0.000924 0.001160 0.001444 0.001779 0.002171 0.002623 0.003140 0.003722 0.004370 0.005080 0.005850 0.006671 0.007533 0.008425 0.009332 0.010235 0.011118 0.011960 0.012742 0.013443 0.014045 0.014532 0.014890 0.015109 0.015182 0.015109 0.014890 0.014532 0.014045 0.013443 0.012742 0.011960 0.011118 0.010235 0.009332 0.008425 0.007533 0.006671 0.005850 0.005080 0.004370 0.003722 0.003140 0.002623 0.002171 0.001779 0.001444 0.001160 0.000924 0.000728 0.000569 0.000440 0.000337 0.000256 0.000192 0.000143 0.000105 0.000077 0.000056 0.000040 0.000028 0.000020 0.000014 0.000010 0.000007 0.000004 0.000003 0.000002 0.000001 0.000001 0.000001 0.000000 0.000000 0.000000 
0.000000 0.000000 0.000000 0.000001 0.000001 0.000001 0.000002 0.000003 0.000005 0.000007 0.000010 0.000015 0.000021 0.000030 0.000043 0.000061 0.000085 0.000117 0.000160 0.000217 0.000292 0.000388 0.000511 0.000667 0.000862 0.001104 0.001400 0.001758 0.002187 0.002695 0.003288 0.003973 0.004755 0.005636 0.006615 0.007691 0.008854 0.010096 0.011400 0.012749 0.014119 0.015486 0.016820 0.018093 0.019274 0.020334 0.021244 0.021980 0.022521 0.022852 0.022963 0.022852 0.022521 0.021980 0.021244 0.020334 0.019274 0.018093 0.016820 0.015486 0.014119 0.012749 0.011400 0.010096 0.008854 0.007691 0.006615 0.005636 0.004755 0.003973 0.003288 0.002695 0.002187 0.001758 0.001400 0.001104 0.000862 0.000667 0.000511 0.000388 0.000292 0.000217 0.000160 0.000117 0.000085 0.000061 0.000043 0.000030 0.000021 0.000015 0.000010 0.000007 0.000004 0.000003 0.000002 0.000001 0.000001 0.000000 0.000000 0.000000 
0.000000 0.000000 0.000000 0.000001 0.000001 0.000002 0.000003 0.000005 0.000007 0.000010 0.000015 0.000022 0.000032 0.000045 0.000065 0.000091 0.000127 0.000176 0.000240 0.000326 0.000438 0.000582 0.000767 0.001001 0.001294 0.001656 0.002100 0.002637 0.003279 0.004039 0.004928 0.005954 0.007124 0.008443 0.009910 0.011519 0.013261 0.015118 0.017070 0.019088 0.021138 0.023183 0.025179 0.027083 0.028850 0.030434 0.031795 0.032896 0.033705 0.034200 0.034367 0.034200 0.033705 0.032896 0.031795 0.030434 0.028850 0.027083 0.025179 0.023183 0.021138 0.019088 0.017070 0.015118 0.013261 0.011519 0.009910 0.008443 0.007124 0.005954 0.004928 0.004039 0.003279 0.002637 0.002100 0.001656 0.001294 0.001001 0.000767 0.000582 0.000438 0.000326 0.000240 0.000176 0.000127 0.000091 0.000065 0.000045 0.000032 0.000022 0.000015 0.000010 0.000007 0.000004 0.000003 0.000002 0.000001 0.000001 0.000000 0.000000 
0.000000 0.000000 0.000001 0.000001 0.000002 0.000003 0.000004 0.000007 0.000010 0.000015 0.000022 0.000033 0.000047 0.000068 0.000096 0.000136 0.000189 0.000261 0.000358 0.000485 0.000651 0.000865 0.001140 0.001487 0.001922 0.002460 0.003118 0.003915 0.004868 0.005996 0.007313 0.008835 0.010571 0.012526 0.014700 0.017085 0.019666 0.022419 0.025311 0.028301 0.031338 0.034367 0.037324 0.040145 0.042761 0.045108 0.047123 0.048753 0.049952 0.050685 0.050932 0.050685 0.049952 0.048753 0.047123 0.045108 0.042761 0.040145 0.037324 0.034367 0.031338 0.028301 0.025311 0.022419 0.019666 0.017085 0.014700 0.012526 0.010571 0.008835 0.007313 0.005996 0.004868 0.003915 0.003118 0.002460 0.001922 0.001487 0.001140 0.000865 0.000651 0.000485 0.000358 0.000261 0.000189 0.000136 0.000096 0.000068 0.000047 0.000033 0.000022 0.000015 0.000010 0.000007 0.000004 0.000003 0.000002 0.000001 0.000000 0.000000 
0.000000 0.000000 0.000001 0.000002 0.000003 0.000004 0.000007 0.000010 0.000015 0.000022 0.000033 0.000048 0.000070 0.000100 0.000142 0.000200 0.000279 0.000385 0.000527 0.000714 0.000958 0.001274 0.001678 0.002189 0.002828 0.003619 0.004587 0.005758 0.007159 0.008815 0.010751 0.012986 0.015535 0.018407 0.021599 0.025101 0.028890 0.032931 0.037176 0.041564 0.046021 0.050466 0.054805 0.058943 0.062782 0.066225 0.069182 0.071573 0.073332 0.074407 0.074769 0.074407 0.073332 0.071573 0.069182 0.066225 0.062782 0.058943 0.054805 0.050466 0.046021 0.041564 0.037176 0.032931 0.028890 0.025101 0.021599 0.018407 0.015535 0.012986 0.010751 0.008815 0.007159 0.005758 0.004587 0.003619 0.002828 0.002189 0.001678 0.001274 0.000958 0.000714 0.000527 0.000385 0.000279 0.000200 0.000142 0.000100 0.000070 0.000048 0.000033 0.000022 0.000015 0.000010 0.000006 0.000004 0.000003 0.000001 0.000001 0.000000 
0.000000 0.000001 0.000001 0.000002 0.000004 0.000006 0.000010 0.000015 0.000022 0.000033 0.000048 0.000070 0.000102 0.000146 0.000207 0.000292 0.000407 0.000562 0.000769 0.001042 0.001398 0.001858 0.002447 0.003191 0.004122 0.005274 0.006684 0.008389 0.010428 0.012839 0.015657 0.018909 0.022618 0.026795 0.031439 0.036532 0.042043 0.047920 0.054092 0.060472 0.066952 0.073413 0.079721 0.085736 0.091316 0.096320 0.100618 0.104093 0.106648 0.108212 0.108738 0.108212 0.106648 0.104093 0.100618 0.096320 0.091316 0.085736 0.079721 0.073413 0.066952 0.060472 0.054092 0.047920 0.042043 0.036532 0.031439 0.026795 0.022618 0.018909 0.015657 0.012839 0.010428 0.008389 0.006684 0.005274 0.004122 0.003191 0.002447 0.001858 0.001398 0.001042 0.000769 0.000562 0.000407 0.000292 0.000207 0.000146 0.000102 0.000070 0.000048 0.000033 0.000022 0.000014 0.000009 0.000006 0.000004 0.000002 0.000001 0.000000 
0.000000 0.000001 0.000002 0.000004 0.000006 0.000009 0.000014 0.000021 0.000032 0.000047 0.000070 0.000102 0.000147 0.000211 0.000300 0.000422 0.000589 0.000813 0.001111 0.001506 0.002020 0.002685 0.003535 0.004609 0.005953 0.007615 0.009648 0.012108 0.015049 0.018526 0.022588 0.027277 0.032623 0.038643 0.045335 0.052675 0.060615 0.069081 0.077973 0.087162 0.096496 0.105801 0.114885 0.123547 0.131582 0.138787 0.144976 0.149980 0.153659 0.155910 0.156668 0.155910 0.153659 0.149980 0.144976 0.138787 0.131582 0.123547 0.114885 0.105801 0.096496 0.087162 0.077973 0.069081 0.060615 0.052675 0.045335 0.038643 0.032623 0.027277 0.022588 0.018526 0.015049 0.012108 0.009648 0.007615 0.005953 0.004609 0.003535 0.002685 0.002020 0.001506 0.001111 0.000813 0.000589 0.000422 0.000300 0.000211 0.000147 0.000102 0.000070 0.000047 0.000032 0.000021 0.000014 0.000009 0.000006 0.000003 0.000001 0.000000 
0.000000 0.000001 0.000003 0.000005 0.000008 0.000013 0.000020 0.000030 0.000045 0.000068 0.000100 0.000146 0.000211 0.000303 0.000430 0.000605 0.000843 0.001164 0.001592 0.002156 0.002892 0.003843 0.005058 0.006595 0.008516 0.010892 0.013798 0.017312 0.021515 0.026482 0.032284 0.038980 0.046615 0.055211 0.064765 0.075243 0.086576 0.098660 0.111350 0.124463 0.137782 0.151058 0.164020 0.176378 0.187840 0.198120 0.206948 0.214086 0.219334 0.222545 0.223626 0.222545 0.219334 0.214086 0.206948 0.198120 0.187840 0.176378 0.164020 0.151058 0.137782 0.124463 0.111350 0.098660 0.086576 0.075243 0.064765 0.055211 0.046615 0.038980 0.032284 0.026482 0.021515 0.017312 0.013798 0.010892 0.008516 0.006595 0.005058 0.003843 0.002892 0.002156 0.001592 0.001164 0.000843 0.000605 0.000430 0.000303 0.000211 0.000146 0.000100 0.000068 0.000045 0.000030 0.000020 0.000013 0.000008 0.000005 0.000002 0.000000 
0.000000 0.000002 0.000004 0.000007 0.000012 0.000018 0.000028 0.000043 0.000065 0.000096 0.000142 0.000207 0.000300 0.000430 0.000611 0.000859 0.001197 0.001652 0.002258 0.003058 0.004101 0.005449 0.007171 0.009347 0.012068 0.015432 0.019547 0.024522 0.030471 0.037500 0.045711 0.055186 0.065987 0.078146 0.091659 0.106477 0.122505 0.139591 0.157533 0.176072 0.194901 0.213668 0.231989 0.249457 0.265658 0.280186 0.292662 0.302750 0.310167 0.314705 0.316233 0.314705 0.310167 0.302750 0.292662 0.280186 0.265658 0.249457 0.231989 0.213668 0.194901 0.176072 0.157533 0.139591 0.122505 0.106477 0.091659 0.078146 0.065987 0.055186 0.045711 0.037500 0.030471 0.024522 0.019547 0.015432 0.012068 0.009347 0.007171 0.005449 0.004101 0.003058 0.002258 0.001652 0.001197 0.000859 0.000611 0.000430 0.000300 0.000207 0.000142 0.000096 0.000065 0.000043 0.000028 0.000018 0.000011 0.000007 0.000003 0.000000 
0.000000 0.000003 0.000006 0.000010 0.000017 0.000026 0.000040 0.000061 0.000091 0.000136 0.000200 0.000292 0.000422 0.000605 0.000859 0.001208 0.001683 0.002322 0.003173 0.004296 0.005762 0.007653 0.010070 0.013124 0.016942 0.021661 0.027433 0.034411 0.042752 0.052607 0.064117 0.077398 0.092536 0.109576 0.128511 0.149273 0.171726 0.195662 0.220793 0.246760 0.273130 0.299413 0.325069 0.349529 0.372214 0.392556 0.410025 0.424148 0.434534 0.440887 0.443025 0.440887 0.434534 0.424148 0.410025 0.392556 0.372214 0.349529 0.325069 0.299413 0.273130 0.246760 0.220793 0.195662 0.171726 0.149273 0.128511 0.109576 0.092536 0.077398 0.064117 0.052607 0.042752 0.034411 0.027433 0.021661 0.016942 0.013124 0.010070 0.007653 0.005762 0.004296 0.003173 0.002322 0.001683 0.001208 0.000859 0.000605 0.000422 0.000292 0.000200 0.000136 0.000091 0.000060 0.000040 0.000026 0.000016 0.000009 0.000004 0.000000 
0.000000 0.000004 0.000008 0.000014 0.000023 0.000036 0.000056 0.000085 0.000127 0.000189 0.000279 0.000407 0.000589 0.000843 0.001197 0.001683 0.002343 0.003233 0.004418 0.005980 0.008018 0.010649 0.014009 0.018254 0.023561 0.030120 0.038139 0.047834 0.059421 0.073110 0.089094 0.107536 0.128555 0.152211 0.178496 0.207314 0.238477 0.271694 0.306569 0.342600 0.379189 0.415654 0.451247 0.485179 0.516648 0.544865 0.569097 0.588687 0.603093 0.611905 0.614870 0.611905 0.603093 0.588687 0.569097 0.544865 0.516648 0.485179 0.451247 0.415654 0.379189 0.342600 0.306569 0.271694 0.238477 0.207314 0.178496 0.152211 0.128555 0.107536 0.089094 0.073110 0.059421 0.047834 0.038139 0.030120 0.023561 0.018254 0.014009 0.010649 0.008018 0.005980 0.004418 0.003233 0.002343 0.001683 0.001197 0.000843 0.000589 0.000407 0.000279 0.000189 0.000127 0.000084 0.000055 0.000036 0.000022 0.000013 0.000006 0.000000 
0.000000 0.000005 0.000011 0.000020 0.000032 0.000050 0.000077 0.000117 0.000176 0.000261 0.000385 0.000562 0.000813 0.001164 0.001652 0.002322 0.003233 0.004459 0.006092 0.008245 0.011053 0.014677 0.019305 0.025152 0.032458 0.041489 0.052527 0.065870 0.081815 0.100651 0.122642 0.148012 0.176922 0.209458 0.245604 0.285231 0.328079 0.373748 0.421691 0.471221 0.521514 0.571634 0.620554 0.667189 0.710435 0.749213 0.782511 0.809432 0.829227 0.841335 0.845411 0.841335 0.829227 0.809432 0.782511 0.749213 0.710435 0.667189 0.620554 0.571634 0.521514 0.471221 0.421691 0.373748 0.328079 0.285231 0.245604 0.209458 0.176922 0.148012 0.122642 0.100651 0.081815 0.065870 0.052527 0.041489 0.032458 0.025152 0.019305 0.014677 0.011053 0.008245 0.006092 0.004459 0.003233 0.002322 0.001652 0.001164 0.000813 0.000562 0.000385 0.000261 0.000175 0.000117 0.000076 0.000049 0.000031 0.000018 0.000008 0.000000 
0.000000 0.000007 0.000016 0.000027 0.000044 0.000069 0.000105 0.000160 0.000240 0.000358 0.000527 0.000769 0.001111 0.001592 0.002258 0.003173 0.004418 0.006092 0.008322 0.011261 0.015094 0.020039 0.026354 0.034330 0.044295 0.056611 0.071664 0.089855 0.111592 0.137267 0.167239 0.201812 0.241206 0.285535 0.334779 0.388760 0.447124 0.509325 0.574619 0.642068 0.710554 0.778800 0.845408 0.908902 0.967780 1.020573 1.065906 1.102554 1.129501 1.145984 1.151532 1.145984 1.129501 1.102554 1.065906 1.020573 0.967780 0.908902 0.845408 0.778800 0.710554 0.642068 0.574619 0.509325 0.447124 0.388760 0.334779 0.285535 0.241206 0.201812 0.167239 0.137267 0.111592 0.089855 0.071664 0.056611 0.044295 0.034330 0.026354 0.020039 0.015094 0.011261 0.008322 0.006092 0.004418 0.003173 0.002258 0.001592 0.001111 0.000769 0.000527 0.000357 0.000240 0.000160 0.000105 0.000068 0.000042 0.000024 0.000011 0.000000 
0.000000 0.000010 0.000021 0.000037 0.000059 0.000093 0.000143 0.000217 0.000326 0.000485 0.000714 0.001042 0.001506 0.002156 0.003058 0.004296 0.005980 0.008245 0.011261 0.015235 0.020417 0.027103 0.035637 0.046416 0.059881 0.076520 0.096852 0.121423 0.150778 0.185447 0.225914 0.272586 0.325763 0.385595 0.452054 0.524901 0.603656 0.687581 0.775674 0.866669 0.959057 1.051116 1.140961 1.226602 1.306013 1.377216 1.438354 1.487779 1.524121 1.546351 1.553833 1.546351 1.524121 1.487779 1.438354 1.377216 1.306013 1.226602 1.140961 1.051116 0.959057 0.866669 0.775674 0.687581 0.603656 0.524901 0.452054 0.385595 0.325763 0.272586 0.225914 0.185447 0.150778 0.121423 0.096852 0.076520 0.059881 0.046416 0.035637 0.027103 0.020417 0.015235 0.011261 0.008245 0.005980 0.004296 0.003058 0.002156 0.001506 0.001042 0.000714 0.000484 0.000326 0.000216 0.000142 0.000092 0.000057 0.000033 0.000015 0.000000 
0.000000 0.000013 0.000028 0.000049 0.000080 0.000125 0.000192 0.000292 0.000438 0.000651 0.000958 0.001398 0.002020 0.002892 0.004101 0.005762 0.008018 0.011053 0.015094 0.020417 0.027357 0.036310 0.047737 0.062165 0.080188 0.102456 0.129663 0.162537 0.201808 0.248182 0.302306 0.364723 0.435831 0.515831 0.604685 0.702070 0.807344 0.919522 1.037263 1.158874 1.282340 1.405360 1.525415 1.639848 1.745953 1.841087 1.922772 1.988805 2.037358 2.067057 2.077053 2.067057 2.037358 1.988805 1.922772 1.841087 1.745953 1.639848 1.525415 1.405360 1.282340 1.158874 1.037263 0.919522 0.807344 0.702070 0.604685 0.515831 0.435831 0.364723 0.302306 0.248182 0.201808 0.162537 0.129663 0.102456 0.080188 0.062165 0.047737 0.036310 0.027357 0.020417 0.015094 0.011053 0.008018 0.005762 0.004101 0.002892 0.002020 0.001398 0.000958 0.000650 0.000437 0.000291 0.000191 0.000123 0.000077 0.000044 0.000020 0.000000 
0.000000 0.000017 0.000038 0.000066 0.000106 0.000166 0.000256 0.000388 0.000582 0.000865 0.001274 0.001858 0.002685 0.003843 0.005449 0.007653 0.010649 0.014677 0.020039 0.027103 0.036310 0.048185 0.063340 0.082474 0.106370 0.135890 0.171954 0.215524 0.267567 0.329016 0.400726 0.483415 0.577609 0.683572 0.801252 0.930220 1.069626 1.218162 1.374054 1.535061 1.698514 1.861368 2.020291 2.171763 2.312209 2.438127 2.546243 2.633641 2.697901 2.737208 2.750438 2.737208 2.697901 2.633641 2.546243 2.438127 2.312209 2.171763 2.020291 1.861368 1.698514 1.535061 1.374054 1.218162 1.069626 0.930220 0.801252 0.683572 0.577609 0.483415 0.400726 0.329016 0.267567 0.215524 0.171954 0.135890 0.106370 0.082474 0.063340 0.048185 0.036310 0.027103 0.020039 0.014677 0.010649 0.007653 0.005449 0.003843 0.002685 0.001858 0.001274 0.000865 0.000582 0.000387 0.000254 0.000164 0.000102 0.000059 0.000027 0.000000 
0.000000 0.000023 0.000050 0.000087 0.000140 0.000219 0.000337 0.000511 0.000767 0.001140 0.001678 0.002447 0.003535 0.005058 0.007171 0.010070 0.014009 0.019305 0.026354 0.035637 0.047737 0.063340 0.083250 0.108383 0.139768 0.178534 0.225889 0.283092 0.351410 0.432069 0.526186 0.634703 0.758305 0.897340 1.051734 1.220926 1.403797 1.598632 1.803101 2.014268 2.228630 2.442197 2.650598 2.849222 3.033380 3.198485 3.340243 3.454834 3.539087 3.590624 3.607969 3.590624 3.539087 3.454834 3.340243 3.198485 3.033380 2.849222 2.650598 2.442197 2.228630 2.014268 1.803101 1.598632 1.403797 1.220926 1.051734 0.897340 0.758305 0.634703 0.526186 0.432069 0.351410 0.283092 0.225889 0.178534 0.139768 0.108383 0.083250 0.063340 0.047737 0.035637 0.026354 0.019305 0.014009 0.010070 0.007171 0.005058 0.003535 0.002447 0.001678 0.001140 0.000766 0.000510 0.000335 0.000216 0.000135 0.000078 0.000036 0.000000 
0.000000 0.000030 0.000065 0.000113 0.000183 0.000286 0.000440 0.000667 0.001001 0.001487 0.002189 0.003191 0.004609 0.006595 0.009347 0.013124 0.018254 0.025152 0.034330 0.046416 0.062165 0.082474 0.108383 0.141085 0.181917 0.232345 0.293939 0.368333 0.457174 0.562050 0.684414 0.825486 0.986154 1.166867 1.367528 1.587403 1.825038 2.078204 2.343871 2.618224 2.896714 3.174158 3.444880 3.702891 3.942102 4.156559 4.340685 4.489522 4.598953 4.665890 4.688418 4.665890 4.598953 4.489522 4.340685 4.156559 3.942102 3.702891 3.444880 3.174158 2.896714 2.618224 2.343871 2.078204 1.825038 1.587403 1.367528 1.166867 0.986154 0.825486 0.684414 0.562050 0.457174 0.368333 0.293939 0.232345 0.181917 0.141085 0.108383 0.082474 0.062165 0.046416 0.034330 0.025152 0.018254 0.013124 0.009347 0.006595 0.004609 0.003191 0.002189 0.001487 0.001000 0.000665 0.000437 0.000282 0.000176 0.000102 0.000046 0.000000 
0.000000 0.000038 0.000084 0.000147 0.000237 0.000370 0.000569 0.000862 0.001294 0.001922 0.002828 0.004122 0.005953 0.008516 0.012068 0.016942 0.023561 0.032458 0.044295 0.059881 0.080188 0.106370 0.139768 0.181917 0.234538 0.299517 0.378875 0.474715 0.589154 0.724235 0.881825 1.063492 1.270376 1.503050 1.761389 2.044444 2.350341 2.676209 3.018148 3.371247 3.729652 4.086694 4.435071 4.767079 5.074886 5.350831 5.587744 5.779248 5.920048 6.006171 6.035156 6.006171 5.920048 5.779248 5.587744 5.350831 5.074886 4.767079 4.435071 4.086694 3.729652 3.371247 3.018148 2.676209 2.350341 2.044444 1.761389 1.503050 1.270376 1.063492 0.881825 0.724235 0.589154 0.474715 0.378875 0.299517 0.234538 0.181917 0.139768 0.106370 0.080188 0.059881 0.044295 0.032458 0.023561 0.016941 0.012068 0.008516 0.005953 0.004122 0.002828 0.001921 0.001292 0.000860 0.000565 0.000365 0.000228 0.000132 0.000060 0.000000 
0.000000 0.000049 0.000108 0.000188 0.000304 0.000474 0.000728 0.001104 0.001656 0.002460 0.003619 0.005274 0.007615 0.010892 0.015432 0.021661 0.030120 0.041489 0.056611 0.076520 0.102456 0.135890 0.178534 0.232345 0.299517 0.382456 0.483737 0.606039 0.752061 0.924405 1.125448 1.357188 1.621072 1.917828 2.247293 2.608253 2.998315 3.413818 3.849787 4.299961 4.756878 5.212037 5.656131 6.079344 6.471695 6.823425 7.125396 7.369483 7.548941 7.658709 7.695653 7.658709 7.548941 7.369483 7.125396 6.823425 6.471695 6.079344 5.656131 5.212037 4.756878 4.299961 3.849787 3.413818 2.998315 2.608253 2.247293 1.917828 1.621072 1.357188 1.125448 0.924405 0.752061 0.606039 0.483737 0.382456 0.299517 0.232345 0.178534 0.135890 0.102456 0.076520 0.056611 0.041489 0.030120 0.021661 0.015432 0.010891 0.007615 0.005274 0.003618 0.002459 0.001654 0.001101 0.000724 0.000467 0.000291 0.000169 0.000077 0.000000 
0.000000 0.000062 0.000137 0.000239 0.000385 0.000602 0.000924 0.001400 0.002100 0.003118 0.004587 0.006684 0.009648 0.013798 0.019547 0.027433 0.038139 0.052527 0.071664 0.096852 0.129663 0.171954 0.225889 0.293939 0.378875 0.483737 0.611774 0.766372 0.950933 1.168744 1.422803 1.715628 2.049043 2.423964 2.840177 3.296148 3.788850 4.313655 4.864280 5.432816 6.009841 6.584621 7.145408 7.679807 8.175222 8.619334 9.000609 9.308794 9.535375 9.673966 9.720609 9.673966 9.535375 9.308794 9.000609 8.619334 8.175222 7.679807 7.145408 6.584621 6.009841 5.432816 4.864280 4.313655 3.788850 3.296148 2.840177 2.423964 2.049043 1.715628 1.422803 1.168744 0.950933 0.766372 0.611774 0.483737 0.378875 0.293939 0.225889 0.171954 0.129663 0.096852 0.071663 0.052527 0.038139 0.027433 0.019547 0.013797 0.009648 0.006683 0.004586 0.003117 0.002098 0.001397 0.000918 0.000592 0.000370 0.000214 0.000098 0.000000 
0.000000 0.000078 0.000172 0.000300 0.000484 0.000756 0.001160 0.001758 0.002637 0.003915 0.005758 0.008389 0.012108 0.017312 0.024522 0.034411 0.047834 0.065870 0.089855 0.121423 0.162537 0.215524 0.283092 0.368333 0.474715 0.606039 0.766372 0.959944 1.191013 1.463685 1.781709 2.148227 2.565519 3.034724 3.555569 4.126129 4.742613 5.399227 6.088110 6.799366 7.521209 8.240215 8.941690 9.610136 10.229800 10.785282 11.262159 11.647613 11.931000 12.104335 12.162672 12.104335 11.931000 11.647613 11.262159 10.785282 10.229800 9.610136 8.941690 8.240215 7.521209 6.799366 6.088110 5.399227 4.742613 4.126129 3.555569 3.034724 2.565519 2.148227 1.781709 1.463685 1.191013 0.959944 0.766372 0.606039 0.474715 0.368333 0.283092 0.215524 0.162537 0.121423 0.089855 0.065870 0.047834 0.034410 0.024522 0.017312 0.012107 0.008388 0.005757 0.003913 0.002634 0.001754 0.001153 0.000744 0.000465 0.000269 0.000123 0.000000 
0.000000 0.000098 0.000215 0.000373 0.000602 0.000941 0.001444 0.002187 0.003279 0.004868 0.007159 0.010428 0.015049 0.021515 0.030471 0.042752 0.059421 0.081815 0.111592 0.150778 0.201808 0.267567 0.351410 0.457174 0.589154 0.752061 0.950933 1.191013 1.477572 1.815697 2.210026 2.664451 3.181789 3.763443 4.409072 5.116281 5.880369 6.694150 7.547880 8.429296 9.323793 10.214739 11.083931 11.912171 12.679947 13.368182 13.959017 14.436574 14.787670 15.002419 15.074693 15.002419 14.787670 14.436574 13.959017 13.368182 12.679947 11.912171 11.083931 10.214739 9.323793 8.429296 7.547880 6.694150 5.880369 5.116281 4.409072 3.763443 3.181789 2.664451 2.210026 1.815697 1.477572 1.191013 0.950933 0.752061 0.589154 0.457174 0.351410 0.267567 0.201808 0.150778 0.111592 0.081815 0.059420 0.042751 0.030471 0.021514 0.015049 0.010428 0.007158 0.004866 0.003276 0.002182 0.001435 0.000926 0.000578 0.000334 0.000153 0.000000 
0.000000 0.000120 0.000265 0.000460 0.000742 0.001159 0.001779 0.002695 0.004039 0.005996 0.008815 0.012839 0.018526 0.026482 0.037500 0.052607 0.073110 0.100651 0.137267 0.185447 0.248182 0.329016 0.432069 0.562050 0.724235 0.924405 1.168744 1.463685 1.815697 2.231019 2.715338 3.273425 3.908732 4.622973 5.415722 6.284030 7.222121 8.221170 9.269211 10.351191 11.449182 12.542774 13.609628 14.626187 15.568510 16.413189 17.138314 17.724406 18.155291 18.418841 18.507539 18.418841 18.155291 17.724406 17.138314 16.413189 15.568510 14.626187 13.609628 12.542774 11.449182 10.351191 9.269211 8.221170 7.222121 6.284030 5.415722 4.622973 3.908732 3.273425 2.715338 2.231019 1.815697 1.463685 1.168744 0.924405 0.724235 0.562050 0.432069 0.329016 0.248182 0.185447 0.137267 0.100651 0.073110 0.052607 0.037500 0.026481 0.018526 0.012839 0.008814 0.005993 0.004035 0.002688 0.001768 0.001141 0.000713 0.000412 0.000188 0.000000 
0.000000 0.000147 0.000323 0.000562 0.000906 0.001415 0.002171 0.003288 0.004928 0.007313 0.010751 0.015657 0.022588 0.032284 0.045711 0.064117 0.089094 0.122642 0.167239 0.225914 0.302306 0.400726 0.526186 0.684414 0.881825 1.125448 1.422803 1.781709 2.210026 2.715338 3.304553 3.983465 4.756261 5.625019 6.589210 7.645240 8.786078 10.000988 11.275417 12.591059 13.926118 15.255780 16.552890 17.788814 18.934454 19.961361 20.842905 21.555415 22.079235 22.399626 22.507454 22.399626 22.079235 21.555415 20.842905 19.961361 18.934454 17.788814 16.552890 15.255780 13.926118 12.591059 11.275417 10.000988 8.786078 7.645240 6.589210 5.625019 4.756261 3.983465 3.304553 2.715338 2.210026 1.781709 1.422803 1.125448 0.881825 0.684414 0.526186 0.400726 0.302306 0.225914 0.167239 0.122642 0.089094 0.064117 0.045711 0.032283 0.022587 0.015656 0.010749 0.007310 0.004923 0.003280 0.002157 0.001393 0.000870 0.000503 0.000230 0.000000 
0.000000 0.000178 0.000391 0.000679 0.001095 0.001710 0.002623 0.003973 0.005954 0.008835 0.012986 0.018909 0.027277 0.038980 0.055186 0.077398 0.107536 0.148012 0.201812 0.272586 0.364723 0.483415 0.634703 0.825486 1.063492 1.357188 1.715628 2.148227 2.664451 3.273425 3.983465 4.801539 5.732681 6.779383 7.940998 9.213188 10.587476 12.050922 13.585996 15.170646 16.778623 18.380046 19.942215 21.430656 22.810332 24.046995 25.108585 25.966606 26.597396 26.983211 27.113057 26.983211 26.597396 25.966606 25.108585 24.046995 22.810332 21.430656 19.942215 18.380046 16.778623 15.170646 13.585996 12.050922 10.587476 9.213188 7.940998 6.779383 5.732681 4.801539 3.983465 3.273425 2.664451 2.148227 1.715628 1.357188 1.063492 0.825486 0.634703 0.483415 0.364723 0.272586 0.201812 0.148011 0.107536 0.077398 0.055185 0.038980 0.027276 0.018908 0.012984 0.008831 0.005948 0.003963 0.002607 0.001683 0.001052 0.000608 0.000278 0.000000 
0.000000 0.000213 0.000468 0.000813 0.001311 0.002048 0.003140 0.004755 0.007124 0.010571 0.015535 0.022618 0.032623 0.046615 0.065987 0.092536 0.128555 0.176922 0.241206 0.325763 0.435831 0.577609 0.758305 0.986154 1.270376 1.621072 2.049043 2.565519 3.181789 3.908732 4.756261 5.732681 6.843986 8.093138 9.479353 10.997445 12.637289 14.383441 16.214980 18.105597 20.023976 21.934474 23.798089 25.573702 27.219528 28.694724 29.961059 30.984549 31.736979 32.197191 32.352075 32.197191 31.736979 30.984549 29.961059 28.694724 27.219528 25.573702 23.798089 21.934474 20.023976 18.105597 16.214980 14.383441 12.637289 10.997445 9.479353 8.093138 6.843986 5.732681 4.756261 3.908732 3.181789 2.565519 2.049043 1.621072 1.270376 0.986154 0.758305 0.577609 0.435831 0.325763 0.241206 0.176922 0.128555 0.092536 0.065986 0.046615 0.032622 0.022617 0.015533 0.010566 0.007117 0.004743 0.003120 0.002015 0.001259 0.000729 0.000333 0.000000 
0.000000 0.000252 0.000555 0.000964 0.001555 0.002427 0.003722 0.005636 0.008443 0.012526 0.018407 0.026795 0.038643 0.055211 0.078146 0.109576 0.152211 0.209458 0.285535 0.385595 0.515831 0.683572 0.897340 1.166867 1.503050 1.917828 2.423964 3.034724 3.763443 4.622973 5.625019 6.779383 8.093138 9.569772 11.208343 13.002711 14.940899 17.004649 19.169230 21.403549 23.670602 25.928271 28.130477 30.228641 32.173400 33.916506 35.412795 36.622128 37.511173 38.054941 38.237945 38.054941 37.511173 36.622128 35.412795 33.916506 32.173400 30.228641 28.130477 25.928271 23.670602 21.403549 19.169230 17.004649 14.940899 13.002711 11.208343 9.569772 8.093138 6.779383 5.625019 4.622973 3.763443 3.034724 2.423964 1.917828 1.503050 1.166867 0.897340 0.683572 0.515831 0.385595 0.285535 0.209457 0.152211 0.109576 0.078146 0.055210 0.038642 0.026794 0.018404 0.012521 0.008435 0.005621 0.003699 0.002389 0.001493 0.000864 0.000395 0.000000 
0.000000 0.000297 0.000651 0.001132 0.001826 0.002850 0.004370 0.006615 0.009910 0.014700 0.021599 0.031439 0.045335 0.064765 0.091659 0.128511 0.178496 0.245604 0.334779 0.452054 0.604685 0.801252 1.051734 1.367528 1.761389 2.247293 2.840177 3.555569 4.409072 5.415722 6.589210 7.940998 9.479353 11.208343 13.126851 15.227675 17.496785 19.912797 22.446756 25.062263 27.716003 30.358683 32.936376 35.392229 37.668479 39.708668 41.459950 42.875356 43.915888 44.552306 44.766491 44.552306 43.915888 42.875356 41.459950 39.708668 37.668479 35.392229 32.936376 30.358683 27.716003 25.062263 22.446756 19.912797 17.496785 15.227675 13.126851 11.208343 9.479353 7.940998 6.589210 5.415722 4.409072 3.555569 2.840177 2.247293 1.761389 1.367528 1.051734 0.801252 0.604685 0.452054 0.334779 0.245604 0.178495 0.128510 0.091658 0.064764 0.045334 0.031437 0.021595 0.014694 0.009900 0.006599 0.004342 0.002805 0.001753 0.001015 0.000464 0.000000 
0.000000 0.000345 0.000758 0.001317 0.002123 0.003314 0.005080 0.007691 0.011519 0.017085 0.025101 0.036532 0.052675 0.075243 0.106477 0.149273 0.207314 0.285231 0.388760 0.524901 0.702070 0.930220 1.220926 1.587403 2.044444 2.608253 3.296148 4.126129 5.116281 6.284030 7.645240 9.213188 10.997445 13.002711 15.227675 17.663974 20.295324 23.096921 26.035184 29.067909 32.144875 35.208933 38.197568 41.044877 43.683906 46.049213 48.079546 49.720466 50.926774 51.664581 51.912888 51.664581 50.926774 49.720466 48.079546 46.049213 43.683906 41.044877 38.197568 35.208933 32.144875 29.067909 26.035184 23.096921 20.295324 17.663974 15.227675 13.002711 10.997445 9.213188 7.645240 6.284030 5.116281 4.126129 3.296148 2.608253 2.044444 1.587403 1.220926 0.930220 0.702070 0.524901 0.388760 0.285231 0.207314 0.149272 0.106477 0.075242 0.052674 0.036530 0.025097 0.017078 0.011507 0.007671 0.005048 0.003262 0.002038 0.001180 0.000539 0.000000 
0.000000 0.000397 0.000873 0.001517 0.002445 0.003816 0.005850 0.008854 0.013261 0.019666 0.028890 0.042043 0.060615 0.086576 0.122505 0.171726 0.238477 0.328079 0.447124 0.603656 0.807344 1.069626 1.403797 1.825038 2.350341 2.998315 3.788850 4.742613 5.880369 7.222121 8.786078 10.587476 12.637289 14.940899 17.496785 20.295324 23.317799 26.535713 29.910492 33.393659 36.927538 40.446505 43.878772 47.148669 50.179319 52.895586 55.227146 57.111500 58.496757 59.344008 59.629147 59.344008 58.496757 57.111500 55.227146 52.895586 50.179319 47.148669 43.878772 40.446505 36.927538 33.393659 29.910492 26.535713 23.317799 20.295324 17.496785 14.940899 12.637289 10.587476 8.786078 7.222121 5.880369 4.742613 3.788850 2.998315 2.350341 1.825038 1.403797 1.069626 0.807344 0.603656 0.447124 0.328079 0.238477 0.171726 0.122504 0.086575 0.060613 0.042041 0.028885 0.019658 0.013247 0.008832 0.005813 0.003756 0.002347 0.001359 0.000621 0.000000 
0.000000 0.000453 0.000996 0.001730 0.002789 0.004352 0.006671 0.010096 0.015118 0.022419 0.032931 0.047920 0.069081 0.098660 0.139591 0.195662 0.271694 0.373748 0.509325 0.687581 0.919522 1.218162 1.598632 2.078204 2.676209 3.413818 4.313655 5.399227 6.694150 8.221170 10.000988 12.050922 14.383441 17.004649 19.912797 23.096921 26.535713 30.196744 34.036121 37.998696 42.018859 46.021962 49.926354 53.645972 57.093380 60.183130 62.835245 64.978649 66.554332 67.518047 67.842381 67.518047 66.554332 64.978649 62.835245 60.183130 57.093380 53.645972 49.926354 46.021962 42.018859 37.998696 34.036121 30.196744 26.535713 23.096921 19.912797 17.004649 14.383441 12.050922 10.000988 8.221170 6.694150 5.399227 4.313655 3.413818 2.676209 2.078204 1.598632 1.218162 0.919522 0.687581 0.509325 0.373748 0.271694 0.195661 0.139590 0.098659 0.069079 0.047917 0.032926 0.022410 0.015103 0.010070 0.006629 0.004283 0.002677 0.001550 0.000708 0.000000 
0.000000 0.000512 0.001125 0.001954 0.003150 0.004916 0.007533 0.011400 0.017070 0.025311 0.037176 0.054092 0.077973 0.111350 0.157533 0.220793 0.306569 0.421691 0.574619 0.775674 1.037263 1.374054 1.803101 2.343871 3.018148 3.849787 4.864280 6.088110 7.547880 9.269211 11.275417 13.585996 16.214980 19.169230 22.446756 26.035184 29.910492 34.036121 38.362607 42.827804 47.357784 51.868442 56.267787 60.458860 64.343163 67.824434 70.812583 73.227543 75.002844 76.088645 76.454065 76.088645 75.002844 73.227543 70.812583 67.824434 64.343163 60.458860 56.267787 51.868442 47.357784 42.827804 38.362607 34.036121 29.910492 26.035184 22.446756 19.169230 16.214980 13.585996 11.275417 9.269211 7.547880 6.088110 4.864280 3.849787 3.018148 2.343871 1.803101 1.374054 1.037263 0.775674 0.574619 0.421691 0.306569 0.220793 0.157532 0.111348 0.077971 0.054089 0.037170 0.025301 0.017053 0.011371 0.007486 0.004838 0.003024 0.001751 0.000800 0.000000 
0.000000 0.000573 0.001258 0.002186 0.003524 0.005498 0.008425 0.012749 0.019088 0.028301 0.041564 0.060472 0.087162 0.124463 0.176072 0.246760 0.342600 0.471221 0.642068 0.866669 1.158874 1.535061 2.014268 2.618224 3.371247 4.299961 5.432816 6.799366 8.429296 10.351191 12.591059 15.170646 18.105597 21.403549 25.062263 29.067909 33.393659 37.998696 42.827804 47.811617 52.867625 57.901966 62.811981 67.489473 71.824529 75.709738 79.044572 81.739696 83.720939 84.932693 85.340501 84.932693 83.720939 81.739696 79.044572 75.709738 71.824529 67.489473 62.811981 57.901966 52.867625 47.811617 42.827804 37.998696 33.393659 29.067909 25.062263 21.403549 18.105597 15.170646 12.591059 10.351191 8.429296 6.799366 5.432816 4.299961 3.371247 2.618224 2.014268 1.535061 1.158874 0.866669 0.642068 0.471220 0.342599 0.246759 0.176071 0.124462 0.087160 0.060468 0.041557 0.028289 0.019069 0.012716 0.008372 0.005411 0.003382 0.001958 0.000895 0.000000 
0.000000 0.000635 0.001394 0.002422 0.003904 0.006090 0.009332 0.014119 0.021138 0.031338 0.046021 0.066952 0.096496 0.137782 0.194901 0.273130 0.379189 0.521514 0.710554 0.959057 1.282340 1.698514 2.228630 2.896714 3.729652 4.756878 6.009841 7.521209 9.323793 11.449182 13.926118 16.778623 20.023976 23.670602 27.716003 32.144875 36.927538 42.018859 47.357784 52.867625 58.457168 64.022655 69.450609 74.621436 79.413650 83.708529 87.394965 90.374223 92.564327 93.903818 94.354614 93.903818 92.564327 90.374223 87.394965 83.708529 79.413650 74.621436 69.450609 64.022655 58.457168 52.867625 47.357784 42.018859 36.927538 32.144875 27.716003 23.670602 20.023976 16.778623 13.926118 11.449182 9.323793 7.521209 6.009841 4.756878 3.729652 2.896714 2.228630 1.698514 1.282340 0.959057 0.710554 0.521514 0.379188 0.273130 0.194900 0.137781 0.096493 0.066948 0.046014 0.031326 0.021117 0.014083 0.009272 0.005993 0.003747 0.002169 0.000992 0.000000 
0.000000 0.000696 0.001529 0.002657 0.004282 0.006680 0.010235 0.015486 0.023183 0.034367 0.050466 0.073413 0.105801 0.151058 0.213668 0.299413 0.415654 0.571634 0.778800 1.051116 1.405360 1.861368 2.442197 3.174158 4.086694 5.212037 6.584621 8.240215 10.214739 12.542774 15.255780 18.380046 21.934474 25.928271 30.358683 35.208933 40.446505 46.021962 51.868442 57.901966 64.022655 70.116900 76.060458 81.722388 86.969684 91.672370 95.708807 98.970902 101.368914 102.835557 103.329145 102.835557 101.368914 98.970902 95.708807 91.672370 86.969684 81.722388 76.060458 70.116900 64.022655 57.901966 51.868442 46.021962 40.446505 35.208933 30.358683 25.928271 21.934474 18.380046 15.255780 12.542774 10.214739 8.240215 6.584621 5.212037 4.086694 3.174158 2.442197 1.861368 1.405360 1.051116 0.778800 0.571634 0.415653 0.299413 0.213668 0.151057 0.105798 0.073408 0.050457 0.034353 0.023159 0.015446 0.010171 0.006574 0.004110 0.002380 0.001088 0.000000 
0.000000 0.000757 0.001662 0.002887 0.004652 0.007257 0.011118 0.016820 0.025179 0.037324 0.054805 0.079721 0.114885 0.164020 0.231989 0.325069 0.451247 0.620554 0.845408 1.140961 1.525415 2.020291 2.650598 3.444880 4.435071 5.656131 7.145408 8.941690 11.083931 13.609628 16.552890 19.942215 23.798089 28.130477 32.936376 38.197568 43.878772 49.926354 56.267787 62.811981 69.450609 76.060458 82.506782 88.647584 94.338623 99.438952 103.816663 107.354542 109.955274 111.545898 112.081210 111.545898 109.955274 107.354542 103.816663 99.438952 94.338623 88.647584 82.506782 76.060458 69.450609 62.811981 56.267787 49.926354 43.878772 38.197568 32.936376 28.130477 23.798089 19.942215 16.552890 13.609628 11.083931 8.941690 7.145408 5.656131 4.435071 3.444880 2.650598 2.020291 1.525415 1.140961 0.845408 0.620554 0.451247 0.325069 0.231988 0.164018 0.114882 0.079716 0.054796 0.037309 0.025153 0.016778 0.011048 0.007142 0.004465 0.002586 0.001182 0.000000 
