0.000000 0.000000 0.000000 0.000000 0.000000 0.000000 0.000000 0.000000 0.000000 0.000000 0.000000 0.000000 0.000000 0.000000 0.000000 0.000000 0.000000 0.000000 0.000000 0.000000 0.000000 0.000000 0.000000 0.000000 0.000000 0.000000 0.000000 0.000000 0.000000 0.000000 0.000000 0.000000 0.000000 0.000000 0.000000 0.000000 0.000000 0.000000 0.000000 0.000000 0.000000 0.000000 0.000000 0.000000 0.000000 0.000000 0.000000 0.000000 0.000000 0.000000 0.000000 0.000000 0.000000 0.000000 0.000000 0.000000 0.000000 0.000000 0.000000 0.000000 0.000000 0.000000 0.000000 0.000000 0.000000 0.000000 0.000000 0.000000 0.000000 0.000000 0.000000 0.000000 0.000000 0.000000 0.000000 0.000000 0.000000 0.000000 0.000000 0.000000 0.000000 0.000000 0.000000 0.000000 0.000000 0.000000 0.000000 0.000000 0.000000 0.000000 0.000000 0.000000 0.000000 0.000000 0.000000 0.000000 0.000000 0.000000 0.000000 0.000000 
0.000000 0.000000 0.000000 0.000000 0.000000 0.000000 0.000001 0.000001 0.000001 0.000002 0.000003 0.000004 0.000005 0.000007 0.000010 0.000013 0.000018 0.000024 0.000032 0.000042 0.000055 0.000071 0.000091 0.000116 0.000146 0.000182 0.000226 0.000277 0.000337 0.000406 0.000485 0.000575 0.000676 0.000787 0.000909 0.001040 0.001180 0.001328 0.001480 0.001637 0.001794 0.001948 0.002098 0.002240 0.002371 0.002488 0.002587 0.002667 0.002726 0.002762 0.002774 0.002762 0.002726 0.002667 0.002587 0.002488 0.002371 0.002240 0.002098 0.001948 0.001794 0.001637 0.001480 0.001328 0.001180 0.001040 0.000909 0.000787 0.000676 0.000575 0.000485 0.000406 0.000337 0.000277 0.000226 0.000182 0.000146 0.000116 0.000091 0.000071 0.000055 0.000042 0.000032 0.000024 0.000018 0.000013 0.000010 0.000007 0.000005 0.000004 0.000003 0.000002 0.000001 0.000001 0.000001 0.000000 0.000000 0.000000 0.000000 0.000000 
0.000000 0.000000 0.000000 0.000000 0.000001 0.000001 0.000001 0.000002 0.000003 0.000004 0.000006 0.000008 0.000011 0.000016 0.000021 0.000029 0.000039 0.000052 0.000069 0.000091 0.000119 0.000154 0.000197 0.000250 0.000315 0.000393 0.000487 0.000597 0.000726 0.000876 0.001047 0.001240 0.001457 0.001697 0.001959 0.002243 0.002545 0.002862 0.003192 0.003528 0.003867 0.004200 0.004524 0.004829 0.005111 0.005362 0.005577 0.005750 0.005876 0.005954 0.005980 0.005954 0.005876 0.005750 0.005577 0.005362 0.005111 0.004829 0.004524 0.004200 0.003867 0.003528 0.003192 0.002862 0.002545 0.002243 0.001959 0.001697 0.001457 0.001240 0.001047 0.000876 0.000726 0.000597 0.000487 0.000393 0.000315 0.000250 0.000197 0.000154 0.000119 0.000091 0.000069 0.000052 0.000039 0.000029 0.000021 0.000016 0.000011 0.000008 0.000006 0.000004 0.000003 0.000002 0.000001 0.000001 0.000001 0.000000 0.000000 0.000000 
0.000000 0.000000 0.000000 0.000001 0.000001 0.000002 0.000002 0.000003 0.000005 0.000007 0.000010 0.000014 0.000019 0.000026 0.000036 0.000049 0.000066 0.000089 0.000118 0.000155 0.000201 0.000260 0.000333 0.000423 0.000533 0.000665 0.000823 0.001009 0.001227 0.001480 0.001769 0.002096 0.002462 0.002868 0.003311 0.003789 0.004299 0.004836 0.005392 0.005960 0.006532 0.007095 0.007641 0.008157 0.008633 0.009057 0.009419 0.009711 0.009925 0.010056 0.010100 0.010056 0.009925 0.009711 0.009419 0.009057 0.008633 0.008157 0.007641 0.007095 0.006532 0.005960 0.005392 0.004836 0.004299 0.003789 0.003311 0.002868 0.002462 0.002096 0.001769 0.001480 0.001227 0.001009 0.000823 0.000665 0.000533 0.000423 0.000333 0.000260 0.000201 0.000155 0.000118 0.000089 0.000066 0.000049 0.000036 0.000026 0.000019 0.000014 0.000010 0.000007 0.000005 0.000003 0.000002 0.000001 0.000001 0.000001 0.000000 0.000000 
0.000000 0.000000 0.000001 0.000001 0.000002 0.000002 0.000004 0.000005 0.000007 0.000011 0.000015 0.000021 0.000030 0.000041 0.000056 0.000077 0.000104 0.000138 0.000183 0.000241 0.000314 0.000406 0.000520 0.000660 0.000831 0.001037 0.001282 0.001573 0.001913 0.002306 0.002756 0.003266 0.003836 0.004467 0.005157 0.005902 0.006696 0.007531 0.008397 0.009281 0.010170 0.011048 0.011897 0.012700 0.013440 0.014100 0.014664 0.015118 0.015451 0.015655 0.015723 0.015655 0.015451 0.015118 0.014664 0.014100 0.013440 0.012700 0.011897 0.011048 0.010170 0.009281 0.008397 0.007531 0.006696 0.005902 0.005157 0.004467 0.003836 0.003266 0.002756 0.002306 0.001913 0.001573 0.001282 0.001037 0.000831 0.000660 0.000520 0.000406 0.000314 0.000241 0.000183 0.000138 0.000104 0.000077 0.000056 0.000041 0.000030 0.000021 0.000015 0.000011 0.000007 0.000005 0.000003 0.000002 0.000002 0.000001 0.000000 0.000000 
0.000000 0.000000 0.000001 0.000002 0.000002 0.000004 0.000005 0.000008 0.000011 0.000016 0.000023 0.000032 0.000045 0.000062 0.000085 0.000116 0.000156 0.000208 0.000276 0.000363 0.000473 0.000610 0.000782 0.000992 0.001249 0.001559 0.001928 0.002365 0.002875 0.003466 0.004142 0.004907 0.005764 0.006711 0.007747 0.008865 0.010058 0.011311 0.012611 0.013939 0.015273 0.016590 0.017865 0.019071 0.020181 0.021171 0.022018 0.022699 0.023199 0.023504 0.023607 0.023504 0.023199 0.022699 0.022018 0.021171 0.020181 0.019071 0.017865 0.016590 0.015273 0.013939 0.012611 0.011311 0.010058 0.008865 0.007747 0.006711 0.005764 0.004907 0.004142 0.003466 0.002875 0.002365 0.001928 0.001559 0.001249 0.000992 0.000782 0.000610 0.000473 0.000363 0.000276 0.000208 0.000156 0.000116 0.000085 0.000062 0.000045 0.000032 0.000023 0.000016 0.000011 0.000008 0.000005 0.000004 0.000002 0.000001 0.000001 0.000000 
0.000000 0.000001 0.000001 0.000002 0.000004 0.000005 0.000008 0.000011 0.000017 0.000024 0.000034 0.000047 0.000066 0.000092 0.000126 0.000171 0.000230 0.000308 0.000408 0.000535 0.000697 0.000901 0.001153 0.001464 0.001842 0.002298 0.002843 0.003486 0.004238 0.005108 0.006104 0.007231 0.008492 0.009887 0.011412 0.013058 0.014813 0.016659 0.018572 0.020526 0.022490 0.024428 0.026303 0.028077 0.029711 0.031168 0.032413 0.033416 0.034151 0.034600 0.034751 0.034600 0.034151 0.033416 0.032413 0.031168 0.029711 0.028077 0.026303 0.024428 0.022490 0.020526 0.018572 0.016659 0.014813 0.013058 0.011412 0.009887 0.008492 0.007231 0.006104 0.005108 0.004238 0.003486 0.002843 0.002298 0.001842 0.001464 0.001153 0.000901 0.000697 0.000535 0.000408 0.000308 0.000230 0.000171 0.000126 0.000092 0.000066 0.000047 0.000034 0.000024 0.000017 0.000011 0.000008 0.000005 0.000003 0.000002 0.000001 0.000000 
0.000000 0.000001 0.000002 0.000003 0.000005 0.000008 0.000011 0.000017 0.000024 0.000035 0.000049 0.000069 0.000097 0.000134 0.000183 0.000249 0.000335 0.000448 0.000594 0.000780 0.001016 0.001311 0.001679 0.002130 0.002681 0.003344 0.004136 0.005072 0.006165 0.007430 0.008877 0.010515 0.012348 0.014375 0.016591 0.018983 0.021533 0.024214 0.026993 0.029832 0.032683 0.035498 0.038222 0.040798 0.043171 0.045287 0.047095 0.048551 0.049618 0.050270 0.050489 0.050270 0.049618 0.048551 0.047095 0.045287 0.043171 0.040798 0.038222 0.035498 0.032683 0.029832 0.026993 0.024214 0.021533 0.018983 0.016591 0.014375 0.012348 0.010515 0.008877 0.007430 0.006165 0.005072 0.004136 0.003344 0.002681 0.002130 0.001679 0.001311 0.001016 0.000780 0.000594 0.000448 0.000335 0.000249 0.000183 0.000134 0.000097 0.000069 0.000049 0.000035 0.000024 0.000017 0.000011 0.000008 0.000005 0.000003 0.000001 0.000000 
0.000000 0.000001 0.000003 0.000005 0.000007 0.000011 0.000017 0.000024 0.000035 0.000050 0.000071 0.000100 0.000139 0.000193 0.000264 0.000359 0.000484 0.000646 0.000856 0.001124 0.001464 0.001890 0.002419 0.003069 0.003861 0.004816 0.005956 0.007302 0.008876 0.010696 0.012778 0.015134 0.017770 0.020685 0.023872 0.027311 0.030977 0.034831 0.038827 0.042907 0.047007 0.051052 0.054967 0.058670 0.062080 0.065121 0.067719 0.069811 0.071345 0.072282 0.072597 0.072282 0.071345 0.069811 0.067719 0.065121 0.062080 0.058670 0.054967 0.051052 0.047007 0.042907 0.038827 0.034831 0.030977 0.027311 0.023872 0.020685 0.017770 0.015134 0.012778 0.010696 0.008876 0.007302 0.005956 0.004816 0.003861 0.003069 0.002419 0.001890 0.001464 0.001124 0.000856 0.000646 0.000484 0.000359 0.000264 0.000193 0.000139 0.000100 0.000071 0.000050 0.000035 0.000024 0.000016 0.000011 0.000007 0.000004 0.000002 0.000000 
0.000000 0.000002 0.000004 0.000007 0.000011 0.000016 0.000024 0.000035 0.000050 0.000072 0.000102 0.000143 0.000199 0.000275 0.000378 0.000513 0.000691 0.000923 0.001223 0.001605 0.002090 0.002698 0.003453 0.004381 0.005511 0.006873 0.008498 0.010417 0.012660 0.015255 0.018222 0.021580 0.025337 0.029491 0.034031 0.038932 0.044154 0.049644 0.055336 0.061147 0.066985 0.072747 0.078322 0.083594 0.088451 0.092780 0.096480 0.099459 0.101643 0.102977 0.103425 0.102977 0.101643 0.099459 0.096480 0.092780 0.088451 0.083594 0.078322 0.072747 0.066985 0.061147 0.055336 0.049644 0.044154 0.038932 0.034031 0.029491 0.025337 0.021580 0.018222 0.015255 0.012660 0.010417 0.008498 0.006873 0.005511 0.004381 0.003453 0.002698 0.002090 0.001605 0.001223 0.000923 0.000691 0.000513 0.000378 0.000275 0.000199 0.000143 0.000102 0.000072 0.000050 0.000035 0.000024 0.000016 0.000010 0.000006 0.000003 0.000000 
0.000000 0.000003 0.000006 0.000010 0.000015 0.000023 0.000034 0.000049 0.000071 0.000102 0.000144 0.000203 0.000283 0.000390 0.000535 0.000727 0.000979 0.001307 0.001731 0.002273 0.002958 0.003818 0.004885 0.006198 0.007796 0.009721 0.012018 0.014731 0.017901 0.021567 0.025760 0.030504 0.035811 0.041679 0.048091 0.055012 0.062386 0.070139 0.078176 0.086381 0.094623 0.102757 0.110627 0.118070 0.124925 0.131036 0.136258 0.140463 0.143546 0.145428 0.146061 0.145428 0.143546 0.140463 0.136258 0.131036 0.124925 0.118070 0.110627 0.102757 0.094623 0.086381 0.078176 0.070139 0.062386 0.055012 0.048091 0.041679 0.035811 0.030504 0.025760 0.021567 0.017901 0.014731 0.012018 0.009721 0.007796 0.006198 0.004885 0.003818 0.002958 0.002273 0.001731 0.001307 0.000979 0.000727 0.000535 0.000390 0.000282 0.000203 0.000144 0.000102 0.000071 0.000049 0.000033 0.000022 0.000014 0.000009 0.000004 0.000000 
0.000000 0.000004 0.000008 0.000014 0.000021 0.000032 0.000047 0.000069 0.000100 0.000143 0.000203 0.000285 0.000397 0.000548 0.000751 0.001021 0.001375 0.001835 0.002430 0.003190 0.004152 0.005357 0.006854 0.008694 0.010934 0.013633 0.016852 0.020654 0.025096 0.030231 0.036106 0.042750 0.050183 0.058402 0.067381 0.077072 0.087397 0.098251 0.109502 0.120988 0.132526 0.143911 0.154926 0.165344 0.174938 0.183490 0.190798 0.196683 0.200997 0.203631 0.204517 0.203631 0.200997 0.196683 0.190798 0.183490 0.174938 0.165344 0.154926 0.143911 0.132526 0.120988 0.109502 0.098251 0.087397 0.077072 0.067381 0.058402 0.050183 0.042750 0.036106 0.030231 0.025096 0.020654 0.016852 0.013633 0.010934 0.008694 0.006854 0.005357 0.004152 0.003190 0.002430 0.001835 0.001375 0.001021 0.000751 0.000548 0.000397 0.000285 0.000203 0.000143 0.000100 0.000069 0.000047 0.000031 0.000020 0.000012 0.000006 0.000000 
0.000000 0.000005 0.000011 0.000019 0.000030 0.000045 0.000066 0.000097 0.000139 0.000199 0.000283 0.000397 0.000553 0.000764 0.001046 0.001421 0.001914 0.002555 0.003382 0.004439 0.005777 0.007453 0.009534 0.012092 0.015205 0.018956 0.023430 0.028712 0.034884 0.042018 0.050178 0.059407 0.069729 0.081142 0.093610 0.107065 0.121400 0.136469 0.152086 0.168030 0.184045 0.199847 0.215134 0.229592 0.242907 0.254776 0.264917 0.273083 0.279070 0.282725 0.283954 0.282725 0.279070 0.273083 0.264917 0.254776 0.242907 0.229592 0.215134 0.199847 0.184045 0.168030 0.152086 0.136469 0.121400 0.107065 0.093610 0.081142 0.069729 0.059407 0.050178 0.042018 0.034884 0.028712 0.023430 0.018956 0.015205 0.012092 0.009534 0.007453 0.005777 0.004439 0.003382 0.002555 0.001914 0.001421 0.001046 0.000764 0.000553 0.000397 0.000282 0.000199 0.000139 0.000096 0.000066 0.000044 0.000028 0.000017 0.000008 0.000000 
0.000000 0.000007 0.000016 0.000026 0.000041 0.000062 0.000092 0.000134 0.000193 0.000275 0.000390 0.000548 0.000764 0.001055 0.001445 0.001962 0.002642 0.003527 0.004668 0.006125 0.007970 0.010281 0.013150 0.016676 0.020967 0.026136 0.032301 0.039579 0.048081 0.057909 0.069147 0.081858 0.096073 0.111788 0.128955 0.147480 0.167214 0.187958 0.209455 0.231401 0.253442 0.275191 0.296230 0.316127 0.334450 0.350782 0.364737 0.375974 0.384213 0.389242 0.390933 0.389242 0.384213 0.375974 0.364737 0.350782 0.334450 0.316127 0.296230 0.275191 0.253442 0.231401 0.209455 0.187958 0.167214 0.147480 0.128955 0.111788 0.096073 0.081858 0.069147 0.057909 0.048081 0.039579 0.032301 0.026136 0.020967 0.016676 0.013150 0.010281 0.007970 0.006125 0.004668 0.003527 0.002642 0.001962 0.001445 0.001055 0.000764 0.000548 0.000390 0.000275 0.000192 0.000133 0.000091 0.000061 0.000039 0.000023 0.000011 0.000000 
0.000000 0.000010 0.000021 0.000036 0.000056 0.000085 0.000126 0.000183 0.000264 0.000378 0.000535 0.000751 0.001046 0.001445 0.001979 0.002686 0.003616 0.004826 0.006387 0.008381 0.010903 0.014063 0.017985 0.022804 0.028668 0.035732 0.044156 0.054098 0.065712 0.079136 0.094485 0.111844 0.131255 0.152713 0.176152 0.201442 0.228382 0.256698 0.286041 0.315994 0.346077 0.375758 0.404470 0.431622 0.456626 0.478913 0.497955 0.513288 0.524529 0.531391 0.533698 0.531391 0.524529 0.513288 0.497955 0.478913 0.456626 0.431622 0.404470 0.375758 0.346077 0.315994 0.286041 0.256698 0.228382 0.201442 0.176152 0.152713 0.131255 0.111844 0.094485 0.079136 0.065712 0.054098 0.044156 0.035732 0.028668 0.022804 0.017985 0.014063 0.010903 0.008381 0.006387 0.004826 0.003616 0.002686 0.001979 0.001445 0.001046 0.000751 0.000535 0.000377 0.000264 0.000182 0.000124 0.000083 0.000054 0.000032 0.000015 0.000000 
0.000000 0.000013 0.000029 0.000049 0.000077 0.000116 0.000171 0.000249 0.000359 0.000513 0.000727 0.001021 0.001421 0.001962 0.002686 0.003646 0.004908 0.006549 0.008666 0.011369 0.014789 0.019073 0.024389 0.030921 0.038867 0.048439 0.059851 0.073321 0.089053 0.107234 0.128022 0.151528 0.177812 0.206865 0.238598 0.272835 0.309303 0.347631 0.387347 0.427886 0.468599 0.508768 0.547621 0.584364 0.618198 0.648355 0.674121 0.694868 0.710077 0.719362 0.722484 0.719362 0.710077 0.694868 0.674121 0.648355 0.618198 0.584364 0.547621 0.508768 0.468599 0.427886 0.387347 0.347631 0.309303 0.272835 0.238598 0.206865 0.177812 0.151528 0.128022 0.107234 0.089053 0.073321 0.059851 0.048439 0.038867 0.030921 0.024389 0.019073 0.014789 0.011369 0.008666 0.006549 0.004908 0.003646 0.002686 0.001962 0.001421 0.001020 0.000726 0.000513 0.000358 0.000248 0.000169 0.000113 0.000073 0.000043 0.000020 0.000000 
0.000000 0.000018 0.000039 0.000066 0.000104 0.000156 0.000230 0.000335 0.000484 0.000691 0.000979 0.001375 0.001914 0.002642 0.003616 0.004908 0.006605 0.008812 0.011659 0.015293 0.019891 0.025650 0.032794 0.041572 0.052250 0.065110 0.080442 0.098536 0.119666 0.144085 0.172000 0.203564 0.238856 0.277861 0.320462 0.366422 0.415373 0.466816 0.520121 0.574527 0.629165 0.683069 0.735207 0.784510 0.829909 0.870373 0.904944 0.932780 0.953187 0.965645 0.969833 0.965645 0.953187 0.932780 0.904944 0.870373 0.829909 0.784510 0.735207 0.683069 0.629165 0.574527 0.520121 0.466816 0.415373 0.366422 0.320462 0.277861 0.238856 0.203564 0.172000 0.144085 0.119666 0.098536 0.080442 0.065110 0.052250 0.041572 0.032794 0.025650 0.019891 0.015293 0.011659 0.008812 0.006605 0.004908 0.003616 0.002642 0.001914 0.001374 0.000979 0.000691 0.000483 0.000334 0.000228 0.000153 0.000098 0.000058 0.000027 0.000000 
0.000000 0.000024 0.000052 0.000089 0.000138 0.000208 0.000308 0.000448 0.000646 0.000923 0.001307 0.001835 0.002555 0.003527 0.004826 0.006549 0.008812 0.011757 0.015552 0.020398 0.026526 0.034202 0.043724 0.055421 0.069648 0.086780 0.107205 0.131304 0.159447 0.191965 0.229138 0.271165 0.318152 0.370079 0.426789 0.487965 0.553120 0.621588 0.692529 0.764934 0.837642 0.909371 0.978747 1.044349 1.104755 1.158592 1.204588 1.241624 1.268773 1.285348 1.290921 1.285348 1.268773 1.241624 1.204588 1.158592 1.104755 1.044349 0.978747 0.909371 0.837642 0.764934 0.692529 0.621588 0.553120 0.487965 0.426789 0.370079 0.318152 0.271165 0.229138 0.191965 0.159447 0.131304 0.107205 0.086780 0.069648 0.055421 0.043724 0.034202 0.026526 0.020398 0.015552 0.011757 0.008812 0.006549 0.004826 0.003526 0.002555 0.001835 0.001307 0.000922 0.000645 0.000446 0.000305 0.000204 0.000132 0.000078 0.000036 0.000000 
0.000000 0.000032 0.000069 0.000118 0.000183 0.000276 0.000408 0.000594 0.000856 0.001223 0.001731 0.002430 0.003382 0.004668 0.006387 0.008666 0.011659 0.015552 0.020570 0.026975 0.035075 0.045220 0.057802 0.073257 0.092053 0.114685 0.141663 0.173492 0.210658 0.253599 0.302680 0.358168 0.420198 0.488747 0.563603 0.644349 0.730342 0.820702 0.914321 1.009866 1.105809 1.200455 1.291992 1.378548 1.458245 1.529274 1.589958 1.638818 1.674636 1.696501 1.703853 1.696501 1.674636 1.638818 1.589958 1.529274 1.458245 1.378548 1.291992 1.200455 1.105809 1.009866 0.914321 0.820702 0.730342 0.644349 0.563603 0.488747 0.420198 0.358168 0.302680 0.253599 0.210658 0.173492 0.141663 0.114685 0.092053 0.073257 0.057802 0.045220 0.035075 0.026975 0.020570 0.015552 0.011659 0.008666 0.006387 0.004667 0.003382 0.002430 0.001731 0.001222 0.000854 0.000591 0.000404 0.000270 0.000174 0.000104 0.000048 0.000000 
0.000000 0.000042 0.000091 0.000155 0.000241 0.000363 0.000535 0.000780 0.001124 0.001605 0.002273 0.003190 0.004439 0.006125 0.008381 0.011369 0.015293 0.020398 0.026975 0.035371 0.045987 0.059280 0.075766 0.096014 0.120636 0.150281 0.185614 0.227298 0.275965 0.332189 0.396449 0.469091 0.550291 0.640018 0.737995 0.843674 0.956213 1.074461 1.196968 1.321989 1.447524 1.571358 1.691122 1.804363 1.908628 2.001551 2.080938 2.144856 2.191712 2.220316 2.229934 2.220316 2.191712 2.144856 2.080938 2.001551 1.908628 1.804363 1.691122 1.571358 1.447524 1.321989 1.196968 1.074461 0.956213 0.843674 0.737995 0.640018 0.550291 0.469091 0.396449 0.332189 0.275965 0.227298 0.185614 0.150281 0.120636 0.096014 0.075766 0.059280 0.045987 0.035371 0.026975 0.020398 0.015293 0.011369 0.008380 0.006125 0.004439 0.003189 0.002272 0.001604 0.001122 0.000777 0.000530 0.000355 0.000229 0.000136 0.000063 0.000000 
0.000000 0.000055 0.000119 0.000201 0.000314 0.000473 0.000697 0.001016 0.001464 0.002090 0.002958 0.004152 0.005777 0.007970 0.010903 0.014789 0.019891 0.026526 0.035075 0.045987 0.059781 0.077053 0.098472 0.124774 0.156756 0.195258 0.241143 0.295270 0.358460 0.431456 0.514878 0.609174 0.714573 0.831030 0.958187 1.095332 1.241371 1.394811 1.553768 1.715981 1.878853 2.039512 2.194885 2.341792 2.477051 2.597593 2.700574 2.783487 2.844267 2.881371 2.893847 2.881371 2.844267 2.783487 2.700574 2.597593 2.477051 2.341792 2.194885 2.039512 1.878853 1.715981 1.553768 1.394811 1.241371 1.095332 0.958187 0.831030 0.714573 0.609174 0.514878 0.431456 0.358460 0.295270 0.241143 0.195258 0.156756 0.124774 0.098472 0.077053 0.059781 0.045987 0.035075 0.026526 0.019890 0.014789 0.010902 0.007970 0.005776 0.004151 0.002957 0.002088 0.001461 0.001011 0.000691 0.000463 0.000298 0.000177 0.000082 0.000000 
0.000000 0.000071 0.000154 0.000260 0.000406 0.000610 0.000901 0.001311 0.001890 0.002698 0.003818 0.005357 0.007453 0.010281 0.014063 0.019073 0.025650 0.034202 0.045220 0.059280 0.077053 0.099305 0.126896 0.160774 0.201963 0.251545 0.310629 0.380320 0.461673 0.555643 0.663026 0.784399 0.920051 1.069926 1.233562 1.410041 1.597952 1.795378 1.999892 2.208586 2.418120 2.624799 2.824670 3.013645 3.187633 3.342686 3.475147 3.581796 3.659973 3.707698 3.723744 3.707698 3.659973 3.581796 3.475147 3.342686 3.187633 3.013645 2.824670 2.624799 2.418120 2.208586 1.999892 1.795378 1.597952 1.410041 1.233562 1.069926 0.920051 0.784399 0.663026 0.555643 0.461673 0.380320 0.310629 0.251545 0.201963 0.160774 0.126896 0.099305 0.077053 0.059280 0.045220 0.034202 0.025649 0.019073 0.014063 0.010281 0.007453 0.005356 0.003817 0.002696 0.001886 0.001306 0.000892 0.000597 0.000385 0.000229 0.000107 0.000000 
0.000000 0.000091 0.000197 0.000333 0.000520 0.000782 0.001153 0.001679 0.002419 0.003453 0.004885 0.006854 0.009534 0.013150 0.017985 0.024389 0.032794 0.043724 0.057802 0.075766 0.098472 0.126896 0.162136 0.205402 0.258001 0.321310 0.396746 0.485717 0.589568 0.709515 0.846573 1.001475 1.174590 1.365844 1.574645 1.799819 2.039569 2.291446 2.552353 2.818581 3.085870 3.349508 3.604454 3.845495 4.067413 4.265175 4.434121 4.570142 4.669850 4.730717 4.751182 4.730717 4.669850 4.570142 4.434121 4.265175 4.067413 3.845495 3.604454 3.349508 3.085870 2.818581 2.552353 2.291446 2.039569 1.799819 1.574645 1.365844 1.174590 1.001475 0.846573 0.709515 0.589568 0.485717 0.396746 0.321310 0.258001 0.205402 0.162136 0.126896 0.098472 0.075766 0.057802 0.043724 0.032794 0.024389 0.017985 0.013150 0.009533 0.006853 0.004884 0.003450 0.002414 0.001672 0.001142 0.000765 0.000494 0.000293 0.000136 0.000000 
0.000000 0.000116 0.000250 0.000423 0.000660 0.000992 0.001464 0.002130 0.003069 0.004381 0.006198 0.008694 0.012092 0.016676 0.022804 0.030921 0.041572 0.055421 0.073257 0.096014 0.124774 0.160774 0.205402 0.260189 0.326787 0.406940 0.502437 0.615060 0.746507 0.898317 1.071770 1.267792 1.486847 1.728841 1.993020 2.277900 2.581205 2.899835 3.229874 3.566630 3.904716 4.238171 4.560623 4.865479 5.146143 5.396252 5.609912 5.781931 5.908026 5.985001 6.010881 5.985001 5.908026 5.781931 5.609912 5.396252 5.146143 4.865479 4.560623 4.238171 3.904716 3.566630 3.229874 2.899835 2.581205 2.277900 1.993020 1.728841 1.486847 1.267792 1.071770 0.898317 0.746507 0.615060 0.502437 0.406940 0.326787 0.260189 0.205402 0.160774 0.124774 0.096014 0.073257 0.055420 0.041572 0.030921 0.022804 0.016676 0.012091 0.008693 0.006196 0.004377 0.003064 0.002122 0.001450 0.000971 0.000627 0.000373 0.000173 0.000000 
0.000000 0.000146 0.000315 0.000533 0.000831 0.001249 0.001842 0.002681 0.003861 0.005511 0.007796 0.010934 0.015205 0.020967 0.028668 0.038867 0.052250 0.069648 0.092053 0.120636 0.156756 0.201963 0.258001 0.326787 0.410396 0.511012 0.630881 0.772234 0.937202 1.127710 1.345364 1.591321 1.866163 2.169765 2.501183 2.858552 3.239014 3.638682 4.052642 4.475011 4.899031 5.317230 5.721618 6.103927 6.455891 6.769530 7.037459 7.253167 7.411285 7.507807 7.540261 7.507807 7.411285 7.253167 7.037459 6.769530 6.455891 6.103927 5.721618 5.317230 4.899031 4.475011 4.052642 3.638682 3.239014 2.858552 2.501183 2.169765 1.866163 1.591321 1.345364 1.127710 0.937202 0.772234 0.630881 0.511012 0.410396 0.326787 0.258001 0.201963 0.156756 0.120636 0.092053 0.069648 0.052250 0.038867 0.028668 0.020966 0.015204 0.010932 0.007793 0.005506 0.003854 0.002670 0.001825 0.001222 0.000789 0.000469 0.000218 0.000000 
0.000000 0.000182 0.000393 0.000665 0.001037 0.001559 0.002298 0.003344 0.004816 0.006873 0.009721 0.013633 0.018956 0.026136 0.035732 0.048439 0.065110 0.086780 0.114685 0.150281 0.195258 0.251545 0.321310 0.406940 0.511012 0.636244 0.785428 0.961335 1.166615 1.403661 1.674465 1.980464 2.322377 2.700048 3.112299 3.556808 4.030017 4.527091 5.041920 5.567186 6.094487 6.614533 7.117388 7.592778 8.030423 8.420408 8.753549 9.021756 9.218354 9.338367 9.378717 9.338367 9.218354 9.021756 8.753549 8.420408 8.030423 7.592778 7.117388 6.614533 6.094487 5.567186 5.041920 4.527091 4.030017 3.556808 3.112299 2.700048 2.322377 1.980464 1.674465 1.403661 1.166615 0.961335 0.785428 0.636244 0.511012 0.406940 0.321310 0.251545 0.195258 0.150281 0.114685 0.086780 0.065110 0.048438 0.035731 0.026135 0.018955 0.013631 0.009718 0.006867 0.004808 0.003331 0.002276 0.001525 0.000985 0.000585 0.000272 0.000000 
0.000000 0.000226 0.000487 0.000823 0.001282 0.001928 0.002843 0.004136 0.005956 0.008498 0.012018 0.016852 0.023430 0.032301 0.044156 0.059851 0.080442 0.107205 0.141663 0.185614 0.241143 0.310629 0.396746 0.502437 0.630881 0.785428 0.969517 1.186568 1.439844 1.732293 2.066368 2.443838 2.865586 3.331415 3.839869 4.388081 4.971663 5.584650 6.219506 6.867209 7.517399 8.158623 8.778634 9.364765 9.904348 10.385160 10.795884 11.126547 11.368924 11.516881 11.566627 11.516881 11.368924 11.126547 10.795884 10.385160 9.904348 9.364765 8.778634 8.158623 7.517399 6.867209 6.219506 5.584650 4.971663 4.388081 3.839869 3.331415 2.865586 2.443838 2.066368 1.732293 1.439844 1.186568 0.969517 0.785428 0.630881 0.502437 0.396746 0.310629 0.241143 0.185614 0.141663 0.107204 0.080442 0.059851 0.044155 0.032300 0.023429 0.016850 0.012014 0.008491 0.005945 0.004119 0.002816 0.001886 0.001218 0.000724 0.000337 0.000000 
0.000000 0.000277 0.000597 0.001009 0.001573 0.002365 0.003486 0.005072 0.007302 0.010417 0.014731 0.020654 0.028712 0.039579 0.054098 0.073321 0.098536 0.131304 0.173492 0.227298 0.295270 0.380320 0.485717 0.615060 0.772234 0.961335 1.186568 1.452111 1.761951 2.119688 2.528319 2.990003 3.505814 4.075508 4.697298 5.367678 6.081277 6.830802 7.607037 8.398951 9.193881 9.977826 10.735816 11.452369 12.112003 12.699779 13.201868 13.606081 13.902369 14.083234 14.144044 14.083234 13.902369 13.606081 13.201868 12.699779 12.112003 11.452369 10.735816 9.977826 9.193881 8.398951 7.607037 6.830802 6.081277 5.367678 4.697298 4.075508 3.505814 2.990003 2.528319 2.119688 1.761951 1.452111 1.186568 0.961335 0.772234 0.615060 0.485717 0.380320 0.295270 0.227298 0.173492 0.131304 0.098535 0.073320 0.054098 0.039578 0.028711 0.020651 0.014726 0.010409 0.007289 0.005051 0.003453 0.002314 0.001494 0.000888 0.000413 0.000000 
0.000000 0.000337 0.000726 0.001227 0.001913 0.002875 0.004238 0.006165 0.008876 0.012660 0.017901 0.025096 0.034884 0.048081 0.065712 0.089053 0.119666 0.159447 0.210658 0.275965 0.358460 0.461673 0.589568 0.746507 0.937202 1.166615 1.439844 1.761951 2.137765 2.571648 3.067230 3.627121 4.252620 4.943424 5.697364 6.510182 7.375367 8.284072 9.225126 10.185155 11.148810 12.099121 13.017946 13.886523 14.686087 15.398540 16.007119 16.497060 16.856182 17.075402 17.149108 17.075402 16.856182 16.497060 16.007119 15.398540 14.686087 13.886523 13.017946 12.099121 11.148810 10.185155 9.225126 8.284072 7.375367 6.510182 5.697364 4.943424 4.252620 3.627121 3.067230 2.571648 2.137765 1.761951 1.439844 1.166615 0.937202 0.746507 0.589568 0.461673 0.358460 0.275965 0.210658 0.159447 0.119666 0.089052 0.065712 0.048080 0.034882 0.025092 0.017895 0.012650 0.008860 0.006140 0.004198 0.002813 0.001817 0.001080 0.000503 0.000000 
0.000000 0.000406 0.000876 0.001480 0.002306 0.003466 0.005108 0.007430 0.010696 0.015255 0.021567 0.030231 0.042018 0.057909 0.079136 0.107234 0.144085 0.191965 0.253599 0.332189 0.431456 0.555643 0.709515 0.898317 1.127710 1.403661 1.732293 2.119688 2.571648 3.093413 3.689339 4.362559 5.114628 5.945176 6.851591 7.828749 8.868818 9.961164 11.092357 12.246319 13.404607 14.546824 15.651170 16.695099 17.656065 18.512320 19.243727 19.832544 20.264139 20.527597 20.616176 20.527597 20.264139 19.832544 19.243727 18.512320 17.656065 16.695099 15.651170 14.546824 13.404607 12.246319 11.092357 9.961164 8.868818 7.828749 6.851591 5.945176 5.114628 4.362559 3.689339 3.093413 2.571648 2.119688 1.732293 1.403661 1.127710 0.898317 0.709515 0.555643 0.431456 0.332189 0.253598 0.191965 0.144084 0.107234 0.079135 0.057907 0.042016 0.030227 0.021560 0.015243 0.010676 0.007399 0.005060 0.003391 0.002190 0.001302 0.000606 0.000000 
0.000000 0.000485 0.001047 0.001769 0.002756 0.004142 0.006104 0.008877 0.012778 0.018222 0.025760 0.036106 0.050178 0.069147 0.094485 0.128022 0.172000 0.229138 0.302680 0.396449 0.514878 0.663026 0.846573 1.071770 1.345364 1.674465 2.066368 2.528319 3.067230 3.689339 4.399834 5.202441 6.099006 7.089084 8.169553 9.334300 10.573990 11.875941 13.224148 14.599452 15.979870 17.341100 18.657167 19.901209 21.046364 22.066722 22.938293 23.639941 24.154236 24.468174 24.573726 24.468174 24.154236 23.639941 22.938293 22.066722 21.046364 19.901209 18.657167 17.341100 15.979870 14.599452 13.224148 11.875941 10.573990 9.334300 8.169553 7.089084 6.099006 5.202441 4.399834 3.689339 3.067230 2.528319 2.066368 1.674465 1.345364 1.071770 0.846573 0.663026 0.514878 0.396449 0.302680 0.229137 0.172000 0.128021 0.094484 0.069145 0.050174 0.036100 0.025751 0.018208 0.012754 0.008841 0.006046 0.004052 0.002617 0.001557 0.000724 0.000000 
0.000000 0.000575 0.001240 0.002096 0.003266 0.004907 0.007231 0.010515 0.015134 0.021580 0.030504 0.042750 0.059407 0.081858 0.111844 0.151528 0.203564 0.271165 0.358168 0.469091 0.609174 0.784399 1.001475 1.267792 1.591321 1.980464 2.443838 2.990003 3.627121 4.362559 5.202441 6.151162 7.210898 8.381113 9.658112 11.034665 12.499734 14.038331 15.631541 17.256722 18.887904 20.496373 22.051441 23.521375 24.874442 26.080038 27.109822 27.938830 28.546473 28.917391 29.042100 28.917391 28.546473 27.938830 27.109822 26.080038 24.874442 23.521375 22.051441 20.496373 18.887904 17.256722 15.631541 14.038331 12.499734 11.034665 9.658112 8.381113 7.210898 6.151162 5.202441 4.362559 3.627121 2.990003 2.443838 1.980464 1.591321 1.267792 1.001475 0.784399 0.609174 0.469091 0.358168 0.271165 0.203564 0.151527 0.111842 0.081855 0.059403 0.042744 0.030493 0.021563 0.015106 0.010472 0.007162 0.004801 0.003101 0.001844 0.000858 0.000000 
0.000000 0.000676 0.001457 0.002462 0.003836 0.005764 0.008492 0.012348 0.017770 0.025337 0.035811 0.050183 0.069729 0.096073 0.131255 0.177812 0.238856 0.318152 0.420198 0.550291 0.714573 0.920051 1.174590 1.486847 1.866163 2.322377 2.865586 3.505814 4.252620 5.114628 6.099006 7.210898 8.452843 9.824205 11.320645 12.933688 14.650394 16.453197 18.319935 20.224080 22.135206 24.019677 25.841546 27.563641 29.148798 30.561166 31.767556 32.738727 33.450567 33.885088 34.031180 33.885088 33.450567 32.738727 31.767556 30.561166 29.148798 27.563641 25.841546 24.019677 22.135206 20.224080 18.319935 16.453197 14.650394 12.933688 11.320645 9.824205 8.452843 7.210898 6.099006 5.114628 4.252620 3.505814 2.865586 2.322377 1.866163 1.486847 1.174590 0.920051 0.714573 0.550291 0.420198 0.318151 0.238855 0.177811 0.131253 0.096070 0.069725 0.050175 0.035798 0.025317 0.017738 0.012297 0.008412 0.005639 0.003643 0.002167 0.001008 0.000000 
0.000000 0.000787 0.001697 0.002868 0.004467 0.006711 0.009887 0.014375 0.020685 0.029491 0.041679 0.058402 0.081142 0.111788 0.152713 0.206865 0.277861 0.370079 0.488747 0.640018 0.831030 1.069926 1.365844 1.728841 2.169765 2.700048 3.331415 4.075508 4.943424 5.945176 7.089084 8.381113 9.824205 11.417609 13.156281 15.030363 17.024817 19.119234 21.287865 23.499894 25.719980 27.909052 30.025361 32.025737 33.867016 35.507567 36.908847 38.036898 38.863722 39.368428 39.538118 39.368428 38.863722 38.036898 36.908847 35.507567 33.867016 32.025737 30.025361 27.909052 25.719980 23.499894 21.287865 19.119234 17.024817 15.030363 13.156281 11.417609 9.824205 8.381113 7.089084 5.945176 4.943424 4.075508 3.331415 2.700048 2.169765 1.728840 1.365844 1.069926 0.831030 0.640018 0.488746 0.370079 0.277861 0.206864 0.152711 0.111784 0.081136 0.058393 0.041665 0.029468 0.020648 0.014316 0.009793 0.006566 0.004242 0.002523 0.001174 0.000000 
0.000000 0.000909 0.001959 0.003311 0.005157 0.007747 0.011412 0.016591 0.023872 0.034031 0.048091 0.067381 0.093610 0.128955 0.176152 0.238598 0.320462 0.426789 0.563603 0.737995 0.958187 1.233562 1.574645 1.993020 2.501183 3.112299 3.839869 4.697298 5.697364 6.851591 8.169553 9.658112 11.320645 13.156281 15.159196 17.318029 19.615452 22.027952 24.525870 27.073712 29.630774 32.152063 34.589501 36.893376 39.013984 40.903390 42.517212 43.816353 44.768573 45.349821 45.545245 45.349821 44.768573 43.816353 42.517212 40.903390 39.013984 36.893376 34.589501 32.152063 29.630774 27.073712 24.525870 22.027952 19.615452 17.318029 15.159196 13.156281 11.320645 9.658112 8.169553 6.851591 5.697364 4.697298 3.839869 3.112299 2.501183 1.993020 1.574645 1.233562 0.958187 0.737995 0.563603 0.426789 0.320462 0.238597 0.176150 0.128951 0.093604 0.067371 0.048075 0.034004 0.023828 0.016522 0.011304 0.007579 0.004897 0.002913 0.001355 0.000000 
0.000000 0.001040 0.002243 0.003789 0.005902 0.008865 0.013058 0.018983 0.027311 0.038932 0.055012 0.077072 0.107065 0.147480 0.201442 0.272835 0.366422 0.487965 0.644349 0.843674 1.095332 1.410041 1.799819 2.277900 2.858552 3.556808 4.388081 5.367678 6.510182 7.828749 9.334300 11.034665 12.933688 15.030363 17.318029 19.783702 22.407586 25.162826 28.015544 30.925210 33.845342 36.724566 39.507985 42.138841 44.560388 46.717896 48.560697 50.044157 51.131470 51.795178 52.018325 51.795178 51.131470 50.044157 48.560697 46.717896 44.560388 42.138841 39.507985 36.724566 33.845342 30.925210 28.015544 25.162826 22.407586 19.783702 17.318029 15.030363 12.933688 11.034665 9.334300 7.828749 6.510182 5.367678 4.388081 3.556808 2.858552 2.277900 1.799819 1.410041 1.095332 0.843674 0.644349 0.487965 0.366421 0.272834 0.201439 0.147475 0.107058 0.077060 0.054993 0.038901 0.027262 0.018904 0.012934 0.008673 0.005604 0.003334 0.001551 0.000000 
0.000000 0.001180 0.002545 0.004299 0.006696 0.010058 0.014813 0.021533 0.030977 0.044154 0.062386 0.087397 0.121400 0.167214 0.228382 0.309303 0.415373 0.553120 0.730342 0.956213 1.241371 1.597952 2.039569 2.581205 3.239014 4.030017 4.971663 6.081277 7.375367 8.868818 10.573990 12.499734 14.650394 17.024817 19.615452 22.407586 25.378798 28.498673 31.728850 35.023437 38.329809 41.589801 44.741267 47.719953 50.461621 52.904319 54.990692 56.670214 57.901226 58.652647 58.905283 58.652647 57.901226 56.670214 54.990692 52.904319 50.461621 47.719953 44.741267 41.589801 38.329809 35.023437 31.728850 28.498673 25.378798 22.407586 19.615452 17.024817 14.650394 12.499734 10.573990 8.868818 7.375367 6.081277 4.971663 4.030017 3.239014 2.581205 2.039569 1.597952 1.241370 0.956212 0.730341 0.553119 0.415371 0.309301 0.228379 0.167209 0.121392 0.087383 0.062364 0.044118 0.030921 0.021443 0.014673 0.009839 0.006358 0.003782 0.001760 0.000000 
0.000000 0.001328 0.002862 0.004836 0.007531 0.011311 0.016659 0.024214 0.034831 0.049644 0.070139 0.098251 0.136469 0.187958 0.256698 0.347631 0.466816 0.621588 0.820702 1.074461 1.394811 1.795378 2.291446 2.899835 3.638682 4.527091 5.584650 6.830802 8.284072 9.961164 11.875941 14.038331 16.453197 19.119234 22.027952 25.162826 28.498673 32.001343 35.627769 39.326430 43.038253 46.697945 50.235751 53.579550 56.657242 59.399293 61.741331 63.626651 65.008495 65.851982 66.135572 65.851982 65.008495 63.626651 61.741331 59.399293 56.657242 53.579550 50.235751 46.697945 43.038253 39.326430 35.627769 32.001343 28.498673 25.162826 22.027952 19.119234 16.453197 14.038331 11.875941 9.961164 8.284072 6.830802 5.584650 4.527091 3.638682 2.899835 2.291446 1.795378 1.394811 1.074461 0.820702 0.621588 0.466815 0.347629 0.256694 0.187952 0.136460 0.098236 0.070115 0.049604 0.034768 0.024113 0.016500 0.011065 0.007151 0.004254 0.001980 0.000000 
0.000000 0.001480 0.003192 0.005392 0.008397 0.012611 0.018572 0.026993 0.038827 0.055336 0.078176 0.109502 0.152086 0.209455 0.286041 0.387347 0.520121 0.692529 0.914321 1.196968 1.553768 1.999892 2.552353 3.229874 4.052642 5.041920 6.219506 7.607037 9.225126 11.092357 13.224148 15.631541 18.319935 21.287865 24.525870 28.015544 31.728850 35.627769 39.664361 43.781281 47.912778 51.986188 55.923875 59.645579 63.071064 66.122951 68.729604 70.827924 72.365879 73.304654 73.620281 73.304654 72.365879 70.827924 68.729604 66.122951 63.071064 59.645579 55.923875 51.986188 47.912778 43.781281 39.664361 35.627769 31.728850 28.015544 24.525870 21.287865 18.319935 15.631541 13.224148 11.092357 9.225126 7.607037 6.219506 5.041920 4.052642 3.229874 2.552353 1.999892 1.553768 1.196967 0.914321 0.692529 0.520119 0.387344 0.286037 0.209449 0.152076 0.109485 0.078148 0.055291 0.038756 0.026881 0.018396 0.012337 0.007973 0.004743 0.002207 0.000000 
0.000000 0.001637 0.003528 0.005960 0.009281 0.013939 0.020526 0.029832 0.042907 0.061147 0.086381 0.120988 0.168030 0.231401 0.315994 0.427886 0.574527 0.764934 1.009866 1.321989 1.715981 2.208586 2.818581 3.566630 4.475011 5.567186 6.867209 8.398951 10.185155 12.246319 14.599452 17.256722 20.224080 23.499894 27.073712 30.925210 35.023437 39.326430 43.781281 48.324703 52.884140 57.379407 61.724839 65.831876 69.611985 72.979789 75.856250 78.171748 79.868876 80.904808 81.253100 80.904808 79.868876 78.171748 75.856250 72.979789 69.611985 65.831876 61.724839 57.379407 52.884140 48.324703 43.781281 39.326430 35.023437 30.925210 27.073712 23.499894 20.224080 17.256722 14.599452 12.246319 10.185155 8.398951 6.867209 5.567186 4.475011 3.566630 2.818581 2.208586 1.715980 1.321989 1.009866 0.764933 0.574526 0.427883 0.315990 0.231394 0.168018 0.120969 0.086350 0.061098 0.042829 0.029707 0.020331 0.013636 0.008813 0.005243 0.002440 0.000000 
0.000000 0.001794 0.003867 0.006532 0.010170 0.015273 0.022490 0.032683 0.047007 0.066985 0.094623 0.132526 0.184045 0.253442 0.346077 0.468599 0.629165 0.837642 1.105809 1.447524 1.878853 2.418120 3.085870 3.904716 4.899031 6.094487 7.517399 9.193881 11.148810 13.404607 15.979870 18.887904 22.135206 25.719980 29.630774 33.845342 38.329809 43.038253 47.912778 52.884140 57.872952 62.791486 67.546019 72.039666 76.175572 79.860336 83.007494 85.540884 87.397706 88.531114 88.912177 88.531114 87.397706 85.540884 83.007494 79.860336 76.175572 72.039666 67.546019 62.791486 57.872952 52.884140 47.912778 43.038253 38.329809 33.845342 29.630774 25.719980 22.135206 18.887904 15.979870 13.404607 11.148810 9.193881 7.517399 6.094487 4.899031 3.904716 3.085870 2.418120 1.878853 1.447524 1.105808 0.837641 0.629164 0.468597 0.346072 0.253435 0.184032 0.132505 0.094590 0.066931 0.046921 0.032547 0.022276 0.014941 0.009657 0.005745 0.002674 0.000000 
0.000000 0.001948 0.004200 0.007095 0.011048 0.016590 0.024428 0.035498 0.051052 0.072747 0.102757 0.143911 0.199847 0.275191 0.375758 0.508768 0.683069 0.909371 1.200455 1.571358 2.039512 2.624799 3.349508 4.238171 5.317230 6.614533 8.158623 9.977826 12.099121 14.546824 17.341100 20.496373 24.019677 27.909052 32.152063 36.724566 41.589801 46.697945 51.986188 57.379407 62.791486 68.127259 73.285064 78.159808 82.646434 86.643633 90.057621 92.805790 94.820026 96.049515 96.462882 96.049515 94.820026 92.805790 90.057621 86.643633 82.646434 78.159808 73.285064 68.127259 62.791486 57.379407 51.986188 46.697945 41.589801 36.724566 32.152063 27.909052 24.019677 20.496373 17.341100 14.546824 12.099121 9.977826 8.158623 6.614533 5.317230 4.238171 3.349508 2.624798 2.039512 1.571358 1.200454 0.909370 0.683067 0.508765 0.375753 0.275183 0.199833 0.143889 0.102721 0.072688 0.050959 0.035350 0.024195 0.016229 0.010490 0.006241 0.002905 0.000000 
0.000000 0.002098 0.004524 0.007641 0.011897 0.017865 0.026303 0.038222 0.054967 0.078322 0.110627 0.154926 0.215134 0.296230 0.404470 0.547621 0.735207 0.978747 1.291992 1.691122 2.194885 2.824670 3.604454 4.560623 5.721618 7.117388 8.778634 10.735816 13.017946 15.651170 18.657167 22.051441 25.841546 30.025361 34.589501 39.507985 44.741267 50.235751 55.923875 61.724839 67.546019 73.285064 78.832637 84.075713 88.901309 93.200473 96.872348 99.828097 101.994468 103.316818 103.761405 103.316818 101.994468 99.828097 96.872348 93.200473 88.901309 84.075713 78.832637 73.285064 67.546019 61.724839 55.923875 50.235751 44.741267 39.507985 34.589501 30.025361 25.841546 22.051441 18.657167 15.651170 13.017946 10.735816 8.778634 7.117388 5.721618 4.560623 3.604454 2.824670 2.194885 1.691121 1.291992 0.978746 0.735205 0.547618 0.404464 0.296221 0.215119 0.154902 0.110587 0.078259 0.054866 0.038062 0.026053 0.017475 0.011296 0.006721 0.003128 0.000000 
