0.000000 0.000000 0.000000 0.000000 0.000000 0.000000 0.000000 0.000000 0.000000 0.000000 0.000000 0.000000 0.000000 0.000000 0.000000 0.000000 0.000000 0.000000 0.000000 0.000000 0.000000 0.000000 0.000000 0.000000 0.000000 0.000000 0.000000 0.000000 0.000000 0.000000 0.000000 0.000000 0.000000 0.000000 0.000000 0.000000 0.000000 0.000000 0.000000 0.000000 0.000000 0.000000 0.000000 0.000000 0.000000 0.000000 0.000000 0.000000 0.000000 0.000000 0.000000 0.000000 0.000000 0.000000 0.000000 0.000000 0.000000 0.000000 0.000000 0.000000 0.000000 0.000000 0.000000 0.000000 0.000000 0.000000 0.000000 0.000000 0.000000 0.000000 0.000000 0.000000 0.000000 0.000000 0.000000 0.000000 0.000000 0.000000 0.000000 0.000000 0.000000 0.000000 0.000000 0.000000 0.000000 0.000000 0.000000 0.000000 0.000000 0.000000 0.000000 0.000000 0.000000 0.000000 0.000000 0.000000 0.000000 0.000000 0.000000 0.000000 
0.000000 0.000000 0.000000 0.000000 0.000000 0.000000 0.000000 0.000000 0.000000 0.000001 0.000001 0.000001 0.000002 0.000002 0.000003 0.000005 0.000007 0.000009 0.000012 0.000016 0.000022 0.000029 0.000037 0.000048 0.000062 0.000079 0.000099 0.000123 0.000152 0.000186 0.000226 0.000271 0.000323 0.000380 0.000444 0.000513 0.000588 0.000667 0.000750 0.000836 0.000922 0.001009 0.001092 0.001172 0.001246 0.001312 0.001368 0.001414 0.001448 0.001468 0.001475 0.001468 0.001448 0.001414 0.001368 0.001312 0.001246 0.001172 0.001092 0.001009 0.000922 0.000836 0.000750 0.000667 0.000588 0.000513 0.000444 0.000380 0.000323 0.000271 0.000226 0.000186 0.000152 0.000123 0.000099 0.000079 0.000062 0.000048 0.000037 0.000029 0.000022 0.000016 0.000012 0.000009 0.000007 0.000005 0.000003 0.000002 0.000002 0.000001 0.000001 0.000001 0.000000 0.000000 0.000000 0.000000 0.000000 0.000000 0.000000 0.000000 
0.000000 0.000000 0.000000 0.000000 0.000000 0.000000 0.000000 0.000001 0.000001 0.000001 0.000002 0.000003 0.000004 0.000005 0.000007 0.000010 0.000014 0.000020 0.000027 0.000036 0.000048 0.000063 0.000082 0.000106 0.000135 0.000172 0.000216 0.000269 0.000333 0.000407 0.000493 0.000592 0.000704 0.000829 0.000968 0.001120 0.001283 0.001456 0.001637 0.001823 0.002012 0.002200 0.002383 0.002556 0.002717 0.002861 0.002985 0.003084 0.003158 0.003203 0.003218 0.003203 0.003158 0.003084 0.002985 0.002861 0.002717 0.002556 0.002383 0.002200 0.002012 0.001823 0.001637 0.001456 0.001283 0.001120 0.000968 0.000829 0.000704 0.000592 0.000493 0.000407 0.000333 0.000269 0.000216 0.000172 0.000135 0.000106 0.000082 0.000063 0.000048 0.000036 0.000027 0.000020 0.000014 0.000010 0.000007 0.000005 0.000004 0.000003 0.000002 0.000001 0.000001 0.000001 0.000000 0.000000 0.000000 0.000000 0.000000 0.000000 
0.000000 0.000000 0.000000 0.000000 0.000000 0.000000 0.000001 0.000001 0.000001 0.000002 0.000003 0.000005 0.000006 0.000009 0.000013 0.000018 0.000025 0.000034 0.000046 0.000062 0.000082 0.000108 0.000141 0.000182 0.000233 0.000296 0.000372 0.000464 0.000573 0.000700 0.000848 0.001018 0.001211 0.001427 0.001665 0.001926 0.002206 0.002504 0.002815 0.003136 0.003460 0.003783 0.004097 0.004396 0.004672 0.004920 0.005132 0.005303 0.005429 0.005506 0.005532 0.005506 0.005429 0.005303 0.005132 0.004920 0.004672 0.004396 0.004097 0.003783 0.003460 0.003136 0.002815 0.002504 0.002206 0.001926 0.001665 0.001427 0.001211 0.001018 0.000848 0.000700 0.000573 0.000464 0.000372 0.000296 0.000233 0.000182 0.000141 0.000108 0.000082 0.000062 0.000046 0.000034 0.000025 0.000018 0.000013 0.000009 0.000006 0.000005 0.000003 0.000002 0.000001 0.000001 0.000001 0.000000 0.000000 0.000000 0.000000 0.000000 
0.000000 0.000000 0.000000 0.000000 0.000000 0.000001 0.000001 0.000002 0.000002 0.000003 0.000005 0.000007 0.000010 0.000015 0.000021 0.000029 0.000040 0.000054 0.000073 0.000098 0.000131 0.000172 0.000225 0.000290 0.000372 0.000472 0.000593 0.000739 0.000912 0.001116 0.001351 0.001622 0.001929 0.002272 0.002652 0.003066 0.003512 0.003986 0.004481 0.004991 0.005508 0.006021 0.006520 0.006995 0.007435 0.007828 0.008166 0.008438 0.008638 0.008761 0.008802 0.008761 0.008638 0.008438 0.008166 0.007828 0.007435 0.006995 0.006520 0.006021 0.005508 0.004991 0.004481 0.003986 0.003512 0.003066 0.002652 0.002272 0.001929 0.001622 0.001351 0.001116 0.000912 0.000739 0.000593 0.000472 0.000372 0.000290 0.000225 0.000172 0.000131 0.000098 0.000073 0.000054 0.000040 0.000029 0.000021 0.000015 0.000010 0.000007 0.000005 0.000003 0.000002 0.000002 0.000001 0.000001 0.000000 0.000000 0.000000 0.000000 
0.000000 0.000000 0.000000 0.000000 0.000001 0.000001 0.000002 0.000002 0.000004 0.000005 0.000008 0.000011 0.000016 0.000023 0.000032 0.000044 0.000061 0.000084 0.000113 0.000152 0.000202 0.000265 0.000346 0.000448 0.000573 0.000727 0.000914 0.001139 0.001405 0.001718 0.002081 0.002498 0.002970 0.003498 0.004082 0.004720 0.005406 0.006134 0.006896 0.007681 0.008474 0.009263 0.010031 0.010762 0.011437 0.012042 0.012561 0.012980 0.013288 0.013476 0.013539 0.013476 0.013288 0.012980 0.012561 0.012042 0.011437 0.010762 0.010031 0.009263 0.008474 0.007681 0.006896 0.006134 0.005406 0.004720 0.004082 0.003498 0.002970 0.002498 0.002081 0.001718 0.001405 0.001139 0.000914 0.000727 0.000573 0.000448 0.000346 0.000265 0.000202 0.000152 0.000113 0.000084 0.000061 0.000044 0.000032 0.000023 0.000016 0.000011 0.000008 0.000005 0.000004 0.000002 0.000002 0.000001 0.000001 0.000000 0.000000 0.000000 
0.000000 0.000000 0.000000 0.000001 0.000001 0.000002 0.000002 0.000004 0.000005 0.000008 0.000012 0.000017 0.000024 0.000034 0.000048 0.000067 0.000093 0.000127 0.000171 0.000230 0.000305 0.000402 0.000524 0.000677 0.000867 0.001100 0.001383 0.001723 0.002125 0.002598 0.003147 0.003776 0.004489 0.005287 0.006169 0.007132 0.008168 0.009268 0.010418 0.011602 0.012800 0.013991 0.015150 0.016252 0.017272 0.018185 0.018968 0.019600 0.020064 0.020348 0.020444 0.020348 0.020064 0.019600 0.018968 0.018185 0.017272 0.016252 0.015150 0.013991 0.012800 0.011602 0.010418 0.009268 0.008168 0.007132 0.006169 0.005287 0.004489 0.003776 0.003147 0.002598 0.002125 0.001723 0.001383 0.001100 0.000867 0.000677 0.000524 0.000402 0.000305 0.000230 0.000171 0.000127 0.000093 0.000067 0.000048 0.000034 0.000024 0.000017 0.000012 0.000008 0.000005 0.000004 0.000002 0.000002 0.000001 0.000001 0.000000 0.000000 
0.000000 0.000000 0.000001 0.000001 0.000002 0.000002 0.000004 0.000006 0.000008 0.000012 0.000018 0.000025 0.000036 0.000052 0.000072 0.000101 0.000139 0.000189 0.000256 0.000344 0.000456 0.000601 0.000783 0.001012 0.001296 0.001644 0.002066 0.002573 0.003174 0.003879 0.004698 0.005636 0.006699 0.007889 0.009205 0.010640 0.012185 0.013824 0.015538 0.017303 0.019089 0.020863 0.022590 0.024233 0.025752 0.027113 0.028279 0.029221 0.029913 0.030336 0.030478 0.030336 0.029913 0.029221 0.028279 0.027113 0.025752 0.024233 0.022590 0.020863 0.019089 0.017303 0.015538 0.013824 0.012185 0.010640 0.009205 0.007889 0.006699 0.005636 0.004698 0.003879 0.003174 0.002573 0.002066 0.001644 0.001296 0.001012 0.000783 0.000601 0.000456 0.000344 0.000256 0.000189 0.000139 0.000101 0.000072 0.000052 0.000036 0.000025 0.000018 0.000012 0.000008 0.000006 0.000004 0.000002 0.000002 0.000001 0.000000 0.000000 
0.000000 0.000000 0.000001 0.000001 0.000002 0.000004 0.000005 0.000008 0.000012 0.000018 0.000026 0.000038 0.000054 0.000076 0.000107 0.000149 0.000205 0.000280 0.000379 0.000508 0.000675 0.000889 0.001159 0.001497 0.001916 0.002430 0.003054 0.003802 0.004689 0.005731 0.006939 0.008324 0.009894 0.011650 0.013591 0.015708 0.017987 0.020406 0.022934 0.025537 0.028171 0.030787 0.033334 0.035755 0.037996 0.040002 0.041722 0.043110 0.044130 0.044753 0.044963 0.044753 0.044130 0.043110 0.041722 0.040002 0.037996 0.035755 0.033334 0.030787 0.028171 0.025537 0.022934 0.020406 0.017987 0.015708 0.013591 0.011650 0.009894 0.008324 0.006939 0.005731 0.004689 0.003802 0.003054 0.002430 0.001916 0.001497 0.001159 0.000889 0.000675 0.000508 0.000379 0.000280 0.000205 0.000149 0.000107 0.000076 0.000054 0.000038 0.000026 0.000018 0.000012 0.000008 0.000005 0.000004 0.000002 0.000001 0.000001 0.000000 
0.000000 0.000001 0.000001 0.000002 0.000003 0.000005 0.000008 0.000012 0.000018 0.000026 0.000038 0.000055 0.000079 0.000112 0.000157 0.000219 0.000301 0.000411 0.000556 0.000745 0.000990 0.001302 0.001697 0.002192 0.002806 0.003558 0.004470 0.005565 0.006863 0.008386 0.010153 0.012178 0.014472 0.017039 0.019876 0.022970 0.026300 0.029833 0.033527 0.037329 0.041177 0.044998 0.048718 0.052255 0.055528 0.058457 0.060968 0.062995 0.064485 0.065395 0.065702 0.065395 0.064485 0.062995 0.060968 0.058457 0.055528 0.052255 0.048718 0.044998 0.041177 0.037329 0.033527 0.029833 0.026300 0.022970 0.019876 0.017039 0.014472 0.012178 0.010153 0.008386 0.006863 0.005565 0.004470 0.003558 0.002806 0.002192 0.001697 0.001302 0.000990 0.000745 0.000556 0.000411 0.000301 0.000219 0.000157 0.000112 0.000079 0.000055 0.000038 0.000026 0.000018 0.000012 0.000008 0.000005 0.000003 0.000002 0.000001 0.000000 
0.000000 0.000001 0.000002 0.000003 0.000005 0.000008 0.000012 0.000018 0.000026 0.000038 0.000056 0.000081 0.000115 0.000163 0.000229 0.000318 0.000438 0.000597 0.000808 0.001082 0.001437 0.001890 0.002463 0.003181 0.004071 0.005161 0.006484 0.008070 0.009951 0.012158 0.014718 0.017651 0.020974 0.024692 0.028799 0.033280 0.038101 0.043216 0.048564 0.054067 0.059635 0.065166 0.070549 0.075667 0.080403 0.084641 0.088275 0.091208 0.093363 0.094681 0.095124 0.094681 0.093363 0.091208 0.088275 0.084641 0.080403 0.075667 0.070549 0.065166 0.059635 0.054067 0.048564 0.043216 0.038101 0.033280 0.028799 0.024692 0.020974 0.017651 0.014718 0.012158 0.009951 0.008070 0.006484 0.005161 0.004071 0.003181 0.002463 0.001890 0.001437 0.001082 0.000808 0.000597 0.000438 0.000318 0.000229 0.000163 0.000115 0.000081 0.000056 0.000038 0.000026 0.000018 0.000012 0.000008 0.000005 0.000003 0.000001 0.000000 
0.000000 0.000001 0.000003 0.000005 0.000007 0.000011 0.000017 0.000025 0.000038 0.000055 0.000081 0.000116 0.000166 0.000235 0.000329 0.000458 0.000630 0.000860 0.001162 0.001557 0.002067 0.002718 0.003543 0.004575 0.005853 0.007419 0.009319 0.011597 0.014298 0.017467 0.021142 0.025353 0.030122 0.035457 0.041352 0.047781 0.054697 0.062036 0.069707 0.077600 0.085587 0.093520 0.101239 0.108579 0.115370 0.121447 0.126657 0.130864 0.133954 0.135843 0.136478 0.135843 0.133954 0.130864 0.126657 0.121447 0.115370 0.108579 0.101239 0.093520 0.085587 0.077600 0.069707 0.062036 0.054697 0.047781 0.041352 0.035457 0.030122 0.025353 0.021142 0.017467 0.014298 0.011597 0.009319 0.007419 0.005853 0.004575 0.003543 0.002718 0.002067 0.001557 0.001162 0.000860 0.000630 0.000458 0.000329 0.000235 0.000166 0.000116 0.000081 0.000055 0.000038 0.000025 0.000017 0.000011 0.000007 0.000004 0.000002 0.000000 
0.000000 0.000002 0.000004 0.000006 0.000010 0.000016 0.000024 0.000036 0.000054 0.000079 0.000115 0.000166 0.000237 0.000335 0.000470 0.000653 0.000899 0.001226 0.001658 0.002220 0.002947 0.003875 0.005049 0.006519 0.008339 0.010569 0.013272 0.016515 0.020359 0.024868 0.030096 0.036086 0.042870 0.050458 0.058841 0.067982 0.077817 0.088250 0.099155 0.110375 0.121727 0.133002 0.143974 0.154405 0.164056 0.172692 0.180095 0.186072 0.190463 0.193147 0.194050 0.193147 0.190463 0.186072 0.180095 0.172692 0.164056 0.154405 0.143974 0.133002 0.121727 0.110375 0.099155 0.088250 0.077817 0.067982 0.058841 0.050458 0.042870 0.036086 0.030096 0.024868 0.020359 0.016515 0.013272 0.010569 0.008339 0.006519 0.005049 0.003875 0.002947 0.002220 0.001658 0.001226 0.000899 0.000653 0.000470 0.000335 0.000237 0.000166 0.000115 0.000079 0.000054 0.000036 0.000024 0.000016 0.000010 0.000006 0.000003 0.000000 
0.000000 0.000002 0.000005 0.000009 0.000015 0.000023 0.000034 0.000052 0.000076 0.000112 0.000163 0.000235 0.000335 0.000474 0.000665 0.000923 0.001271 0.001733 0.002343 0.003137 0.004163 0.005473 0.007131 0.009205 0.011773 0.014919 0.018733 0.023306 0.028728 0.035086 0.042457 0.050902 0.060464 0.071159 0.082973 0.095855 0.109712 0.124412 0.139775 0.155582 0.171573 0.187455 0.202908 0.217600 0.231191 0.243354 0.253780 0.262197 0.268381 0.272160 0.273432 0.272160 0.268381 0.262197 0.253780 0.243354 0.231191 0.217600 0.202908 0.187455 0.171573 0.155582 0.139775 0.124412 0.109712 0.095855 0.082973 0.071159 0.060464 0.050902 0.042457 0.035086 0.028728 0.023306 0.018733 0.014919 0.011773 0.009205 0.007131 0.005473 0.004163 0.003137 0.002343 0.001733 0.001271 0.000923 0.000665 0.000474 0.000335 0.000235 0.000163 0.000112 0.000076 0.000051 0.000034 0.000022 0.000014 0.000008 0.000004 0.000000 
0.000000 0.000003 0.000007 0.000013 0.000021 0.000032 0.000048 0.000072 0.000107 0.000157 0.000229 0.000329 0.000470 0.000665 0.000932 0.001294 0.001781 0.002428 0.003281 0.004393 0.005828 0.007661 0.009980 0.012880 0.016471 0.020871 0.026202 0.032594 0.040172 0.049057 0.059355 0.071153 0.084511 0.099450 0.115950 0.133939 0.153290 0.173815 0.195266 0.217334 0.239658 0.261827 0.283398 0.303905 0.322875 0.339851 0.354402 0.366150 0.374779 0.380054 0.381828 0.380054 0.374779 0.366150 0.354402 0.339851 0.322875 0.303905 0.283398 0.261827 0.239658 0.217334 0.195266 0.173815 0.153290 0.133939 0.115950 0.099450 0.084511 0.071153 0.059355 0.049057 0.040172 0.032594 0.026202 0.020871 0.016471 0.012880 0.009980 0.007661 0.005828 0.004393 0.003281 0.002428 0.001781 0.001294 0.000932 0.000665 0.000470 0.000329 0.000229 0.000157 0.000107 0.000072 0.000048 0.000031 0.000020 0.000012 0.000005 0.000000 
0.000000 0.000005 0.000010 0.000018 0.000029 0.000044 0.000067 0.000101 0.000149 0.000219 0.000318 0.000458 0.000653 0.000923 0.001294 0.001796 0.002472 0.003370 0.004553 0.006095 0.008085 0.010627 0.013840 0.017860 0.022837 0.028932 0.036319 0.045172 0.055668 0.067971 0.082231 0.098566 0.117058 0.137737 0.160575 0.185472 0.212251 0.240652 0.270333 0.300866 0.331750 0.362420 0.392260 0.420626 0.446867 0.470346 0.490473 0.506721 0.518656 0.525952 0.528407 0.525952 0.518656 0.506721 0.490473 0.470346 0.446867 0.420626 0.392260 0.362420 0.331750 0.300866 0.270333 0.240652 0.212251 0.185472 0.160575 0.137737 0.117058 0.098566 0.082231 0.067971 0.055668 0.045172 0.036319 0.028932 0.022837 0.017860 0.013840 0.010627 0.008085 0.006095 0.004553 0.003370 0.002472 0.001796 0.001294 0.000923 0.000653 0.000458 0.000318 0.000219 0.000149 0.000100 0.000067 0.000044 0.000027 0.000016 0.000007 0.000000 
0.000000 0.000007 0.000014 0.000025 0.000040 0.000061 0.000093 0.000139 0.000205 0.000301 0.000438 0.000630 0.000899 0.001271 0.001781 0.002472 0.003400 0.004635 0.006261 0.008381 0.011115 0.014607 0.019021 0.024542 0.031376 0.039745 0.049885 0.062039 0.076444 0.093329 0.112896 0.135308 0.160677 0.189045 0.220370 0.254517 0.291242 0.330190 0.370888 0.412753 0.455097 0.497145 0.538054 0.576940 0.612911 0.645096 0.672684 0.694955 0.711314 0.721314 0.724679 0.721314 0.711314 0.694955 0.672684 0.645096 0.612911 0.576940 0.538054 0.497145 0.455097 0.412753 0.370888 0.330190 0.291242 0.254517 0.220370 0.189045 0.160677 0.135308 0.112896 0.093329 0.076444 0.062039 0.049885 0.039745 0.031376 0.024542 0.019021 0.014607 0.011115 0.008381 0.006261 0.004635 0.003400 0.002472 0.001780 0.001271 0.000899 0.000630 0.000438 0.000301 0.000205 0.000138 0.000092 0.000060 0.000038 0.000022 0.000010 0.000000 
0.000000 0.000009 0.000020 0.000034 0.000054 0.000084 0.000127 0.000189 0.000280 0.000411 0.000597 0.000860 0.001226 0.001733 0.002428 0.003370 0.004635 0.006318 0.008533 0.011419 0.015142 0.019896 0.025904 0.033418 0.042718 0.054105 0.067901 0.084432 0.104026 0.126989 0.153596 0.184070 0.218560 0.257123 0.299704 0.346116 0.396029 0.448958 0.504262 0.561148 0.618682 0.675811 0.731389 0.784217 0.833083 0.876805 0.914280 0.944534 0.966755 0.980338 0.984908 0.980338 0.966755 0.944534 0.914280 0.876805 0.833083 0.784217 0.731389 0.675811 0.618682 0.561148 0.504262 0.448958 0.396029 0.346116 0.299704 0.257123 0.218560 0.184070 0.153596 0.126989 0.104026 0.084432 0.067901 0.054105 0.042718 0.033418 0.025904 0.019896 0.015142 0.011419 0.008533 0.006318 0.004635 0.003370 0.002428 0.001733 0.001226 0.000860 0.000597 0.000411 0.000280 0.000189 0.000126 0.000082 0.000052 0.000030 0.000014 0.000000 
0.000000 0.000012 0.000027 0.000046 0.000073 0.000113 0.000171 0.000256 0.000379 0.000556 0.000808 0.001162 0.001658 0.002343 0.003281 0.004553 0.006261 0.008533 0.011522 0.015417 0.020440 0.026854 0.034958 0.045092 0.057633 0.072987 0.091585 0.113870 0.140278 0.171225 0.207080 0.248141 0.294608 0.346559 0.403917 0.466431 0.533656 0.604937 0.679413 0.756014 0.833484 0.910403 0.985231 1.056355 1.122140 1.180999 1.231449 1.272175 1.302088 1.320372 1.326524 1.320372 1.302088 1.272175 1.231449 1.180999 1.122140 1.056355 0.985231 0.910403 0.833484 0.756014 0.679413 0.604937 0.533656 0.466431 0.403917 0.346559 0.294608 0.248141 0.207080 0.171225 0.140278 0.113870 0.091585 0.072987 0.057633 0.045092 0.034958 0.026854 0.020440 0.015417 0.011522 0.008533 0.006261 0.004553 0.003281 0.002343 0.001658 0.001162 0.000807 0.000556 0.000379 0.000255 0.000170 0.000111 0.000070 0.000041 0.000019 0.000000 
0.000000 0.000016 0.000036 0.000062 0.000098 0.000152 0.000230 0.000344 0.000508 0.000745 0.001082 0.001557 0.002220 0.003137 0.004393 0.006095 0.008381 0.011419 0.015417 0.020625 0.027342 0.035916 0.046748 0.060292 0.077050 0.097565 0.122411 0.152179 0.187451 0.228781 0.276661 0.331487 0.393527 0.462881 0.539448 0.622890 0.712614 0.807746 0.907134 1.009354 1.112725 1.215358 1.315197 1.410088 1.497856 1.576380 1.643682 1.698012 1.737917 1.762308 1.770515 1.762308 1.737917 1.698012 1.643682 1.576380 1.497856 1.410088 1.315197 1.215358 1.112725 1.009354 0.907134 0.807746 0.712614 0.622890 0.539448 0.462881 0.393527 0.331487 0.276661 0.228781 0.187451 0.152179 0.122411 0.097565 0.077050 0.060292 0.046748 0.035916 0.027342 0.020625 0.015417 0.011419 0.008381 0.006095 0.004393 0.003137 0.002220 0.001557 0.001082 0.000745 0.000508 0.000343 0.000228 0.000149 0.000094 0.000055 0.000025 0.000000 
0.000000 0.000022 0.000048 0.000082 0.000131 0.000202 0.000305 0.000456 0.000675 0.000990 0.001437 0.002067 0.002947 0.004163 0.005828 0.008085 0.011115 0.015142 0.020440 0.027342 0.036241 0.047598 0.061946 0.079883 0.102073 0.129235 0.162129 0.201532 0.248218 0.302915 0.366273 0.438817 0.520899 0.612651 0.713935 0.824307 0.942978 1.068795 1.200233 1.335407 1.472098 1.607805 1.739812 1.865273 1.981311 2.085125 2.174102 2.245927 2.298680 2.330926 2.341775 2.330926 2.298680 2.245927 2.174102 2.085125 1.981311 1.865273 1.739812 1.607805 1.472098 1.335407 1.200233 1.068795 0.942978 0.824307 0.713935 0.612651 0.520899 0.438817 0.366273 0.302915 0.248218 0.201532 0.162129 0.129235 0.102073 0.079883 0.061946 0.047598 0.036241 0.027342 0.020440 0.015142 0.011115 0.008085 0.005828 0.004163 0.002947 0.002067 0.001436 0.000989 0.000674 0.000455 0.000303 0.000198 0.000125 0.000073 0.000034 0.000000 
0.000000 0.000029 0.000063 0.000108 0.000172 0.000265 0.000402 0.000601 0.000889 0.001302 0.001890 0.002718 0.003875 0.005473 0.007661 0.010627 0.014607 0.019896 0.026854 0.035916 0.047598 0.062507 0.081339 0.104878 0.133995 0.169631 0.212783 0.264469 0.325700 0.397432 0.480514 0.575633 0.683250 0.803533 0.936304 1.080976 1.236516 1.401412 1.573664 1.750802 1.929919 2.107739 2.280703 2.445085 2.597115 2.733126 2.849696 2.943792 3.012903 3.055147 3.069359 3.055147 3.012903 2.943792 2.849696 2.733126 2.597115 2.445085 2.280703 2.107739 1.929919 1.750802 1.573664 1.401412 1.236516 1.080976 0.936304 0.803533 0.683250 0.575633 0.480514 0.397432 0.325700 0.264469 0.212783 0.169631 0.133995 0.104878 0.081339 0.062507 0.047598 0.035916 0.026854 0.019896 0.014607 0.010627 0.007661 0.005473 0.003875 0.002718 0.001890 0.001301 0.000888 0.000599 0.000399 0.000261 0.000165 0.000096 0.000044 0.000000 
0.000000 0.000037 0.000082 0.000141 0.000225 0.000346 0.000524 0.000783 0.001159 0.001697 0.002463 0.003543 0.005049 0.007131 0.009980 0.013840 0.019021 0.025904 0.034958 0.046748 0.061946 0.081339 0.105829 0.136440 0.174299 0.220630 0.276724 0.343906 0.423487 0.516706 0.624665 0.748255 0.888071 1.044331 1.216801 1.404718 1.606737 1.820894 2.044593 2.274624 2.507215 2.738110 2.962692 3.176122 3.373509 3.550093 3.701433 3.823595 3.913316 3.968158 3.986609 3.968158 3.913316 3.823595 3.701433 3.550093 3.373509 3.176122 2.962692 2.738110 2.507215 2.274624 2.044593 1.820894 1.606737 1.404718 1.216801 1.044331 0.888071 0.748255 0.624665 0.516706 0.423487 0.343906 0.276724 0.220630 0.174299 0.136440 0.105829 0.081339 0.061946 0.046748 0.034958 0.025904 0.019021 0.013840 0.009979 0.007131 0.005049 0.003542 0.002463 0.001696 0.001157 0.000781 0.000520 0.000340 0.000215 0.000125 0.000058 0.000000 
0.000000 0.000048 0.000106 0.000182 0.000290 0.000448 0.000677 0.001012 0.001497 0.002192 0.003181 0.004575 0.006519 0.009205 0.012880 0.017860 0.024542 0.033418 0.045092 0.060292 0.079883 0.104878 0.136440 0.175883 0.224661 0.284348 0.356605 0.443136 0.545626 0.665670 0.804684 0.963810 1.143812 1.344971 1.566980 1.808857 2.068869 2.344486 2.632368 2.928384 3.227679 3.524780 3.813746 4.088354 4.342313 4.569500 4.764206 4.921368 5.036796 5.107350 5.131087 5.107350 5.036796 4.921368 4.764206 4.569500 4.342313 4.088354 3.813746 3.524780 3.227679 2.928384 2.632368 2.344486 2.068869 1.808857 1.566980 1.344971 1.143812 0.963810 0.804684 0.665670 0.545626 0.443136 0.356605 0.284348 0.224661 0.175883 0.136440 0.104878 0.079883 0.060292 0.045092 0.033418 0.024542 0.017860 0.012880 0.009204 0.006518 0.004574 0.003181 0.002191 0.001495 0.001009 0.000673 0.000440 0.000278 0.000162 0.000075 0.000000 
0.000000 0.000062 0.000135 0.000233 0.000372 0.000573 0.000867 0.001296 0.001916 0.002806 0.004071 0.005853 0.008339 0.011773 0.016471 0.022837 0.031376 0.042718 0.057633 0.077050 0.102073 0.133995 0.174299 0.224661 0.286936 0.363130 0.455361 0.565800 0.696596 0.849779 1.027154 1.230175 1.459813 1.716421 1.999608 2.308117 2.639736 2.991239 3.358363 3.735841 4.117483 4.496312 4.864756 5.214880 5.538667 5.828314 6.076544 6.276908 6.424062 6.514007 6.544269 6.514007 6.424062 6.276908 6.076544 5.828314 5.538667 5.214880 4.864756 4.496312 4.117483 3.735841 3.358363 2.991239 2.639736 2.308117 1.999608 1.716421 1.459813 1.230175 1.027154 0.849779 0.696596 0.565800 0.455361 0.363130 0.286936 0.224661 0.174299 0.133995 0.102073 0.077050 0.057633 0.042718 0.031376 0.022837 0.016471 0.011773 0.008338 0.005852 0.004070 0.002804 0.001914 0.001292 0.000861 0.000563 0.000356 0.000208 0.000096 0.000000 
0.000000 0.000079 0.000172 0.000296 0.000472 0.000727 0.001100 0.001644 0.002430 0.003558 0.005161 0.007419 0.010569 0.014919 0.020871 0.028932 0.039745 0.054105 0.072987 0.097565 0.129235 0.169631 0.220630 0.284348 0.363130 0.459510 0.576165 0.715837 0.881238 1.074932 1.299198 1.555869 1.846168 2.170541 2.528486 2.918412 3.337524 3.781739 4.245673 4.722668 5.204904 5.683566 6.149089 6.591452 7.000528 7.366462 7.680065 7.933192 8.119095 8.232724 8.270953 8.232724 8.119095 7.933192 7.680065 7.366462 7.000528 6.591452 6.149089 5.683566 5.204904 4.722668 4.245673 3.781739 3.337524 2.918412 2.528486 2.170541 1.846168 1.555869 1.299198 1.074932 0.881238 0.715837 0.576165 0.459510 0.363130 0.284348 0.220630 0.169631 0.129235 0.097565 0.072987 0.054105 0.039745 0.028932 0.020870 0.014919 0.010568 0.007419 0.005160 0.003556 0.002427 0.001639 0.001093 0.000715 0.000452 0.000264 0.000121 0.000000 
0.000000 0.000099 0.000216 0.000372 0.000593 0.000914 0.001383 0.002066 0.003054 0.004470 0.006484 0.009319 0.013272 0.018733 0.026202 0.036319 0.049885 0.067901 0.091585 0.122411 0.162129 0.212783 0.276724 0.356605 0.455361 0.576165 0.722368 0.897401 1.104659 1.347351 1.628325 1.949873 2.313524 2.719829 3.168158 3.656514 4.181392 4.737680 5.318631 5.915912 6.519729 7.119049 7.701897 8.255732 8.767877 9.226001 9.618602 9.935488 10.168215 10.310462 10.358320 10.310462 10.168215 9.935488 9.618602 9.226001 8.767877 8.255732 7.701897 7.119049 6.519729 5.915912 5.318631 4.737680 4.181392 3.656514 3.168158 2.719829 2.313524 1.949873 1.628325 1.347351 1.104659 0.897401 0.722368 0.576165 0.455361 0.356605 0.276724 0.212783 0.162129 0.122411 0.091585 0.067901 0.049885 0.036318 0.026202 0.018733 0.013272 0.009318 0.006482 0.004468 0.003050 0.002060 0.001373 0.000898 0.000568 0.000332 0.000153 0.000000 
0.000000 0.000123 0.000269 0.000464 0.000739 0.001139 0.001723 0.002573 0.003802 0.005565 0.008070 0.011597 0.016515 0.023306 0.032594 0.045172 0.062039 0.084432 0.113870 0.152179 0.201532 0.264469 0.343906 0.443136 0.565800 0.715837 0.897401 1.114750 1.372092 1.673407 2.022224 2.421384 2.872777 3.377082 3.933513 4.539587 5.190951 5.881258 6.602137 7.343245 8.092434 8.836015 9.559136 10.246240 10.881607 11.449943 11.936984 12.330090 12.618791 12.795251 12.854618 12.795251 12.618791 12.330090 11.936984 11.449943 10.881607 10.246240 9.559136 8.836015 8.092434 7.343245 6.602137 5.881258 5.190951 4.539587 3.933513 3.377082 2.872777 2.421384 2.022224 1.673407 1.372092 1.114750 0.897401 0.715837 0.565800 0.443136 0.343906 0.264469 0.201532 0.152179 0.113870 0.084432 0.062038 0.045172 0.032594 0.023306 0.016514 0.011596 0.008068 0.005562 0.003797 0.002565 0.001710 0.001119 0.000707 0.000413 0.000190 0.000000 
0.000000 0.000152 0.000333 0.000573 0.000912 0.001405 0.002125 0.003174 0.004689 0.006863 0.009951 0.014298 0.020359 0.028728 0.040172 0.055668 0.076444 0.104026 0.140278 0.187451 0.248218 0.325700 0.423487 0.545626 0.696596 0.881238 1.104659 1.372092 1.688710 2.059400 2.488497 2.979489 3.534695 4.154943 4.839258 5.584586 6.385566 7.234394 8.120772 9.031987 9.953100 10.867288 11.756293 12.600994 13.382074 14.080734 14.679447 15.162681 15.517570 15.734482 15.807459 15.734482 15.517570 15.162681 14.679447 14.080734 13.382074 12.600994 11.756293 10.867288 9.953100 9.031987 8.120772 7.234394 6.385566 5.584586 4.839258 4.154943 3.534695 2.979489 2.488497 2.059400 1.688710 1.372092 1.104659 0.881238 0.696596 0.545626 0.423487 0.325700 0.248218 0.187451 0.140278 0.104026 0.076444 0.055668 0.040172 0.028728 0.020359 0.014297 0.009949 0.006859 0.004684 0.003164 0.002110 0.001381 0.000873 0.000510 0.000235 0.000000 
0.000000 0.000186 0.000407 0.000700 0.001116 0.001718 0.002598 0.003879 0.005731 0.008386 0.012158 0.017467 0.024868 0.035086 0.049057 0.067971 0.093329 0.126989 0.171225 0.228781 0.302915 0.397432 0.516706 0.665670 0.849779 1.074932 1.347351 1.673407 2.059400 2.511279 3.034322 3.632770 4.309442 5.065341 5.899272 6.807505 7.783507 8.817762 9.897724 11.007901 12.130097 13.243818 14.326827 15.355837 16.307320 17.158387 17.887691 18.476320 18.908607 19.172825 19.261716 19.172825 18.908607 18.476320 17.887691 17.158387 16.307320 15.355837 14.326827 13.243818 12.130097 11.007901 9.897724 8.817762 7.783507 6.807505 5.899272 5.065341 4.309442 3.632770 3.034322 2.511279 2.059400 1.673407 1.347351 1.074932 0.849779 0.665670 0.516706 0.397432 0.302915 0.228781 0.171225 0.126988 0.093329 0.067971 0.049056 0.035086 0.024867 0.017466 0.012156 0.008382 0.005724 0.003868 0.002579 0.001688 0.001067 0.000624 0.000287 0.000000 
0.000000 0.000226 0.000493 0.000848 0.001351 0.002081 0.003147 0.004698 0.006939 0.010153 0.014718 0.021142 0.030096 0.042457 0.059355 0.082231 0.112896 0.153596 0.207080 0.276661 0.366273 0.480514 0.624665 0.804684 1.027154 1.299198 1.628325 2.022224 2.488497 3.034322 3.666062 4.388832 5.206028 6.118850 7.125849 8.222514 9.400951 10.649668 11.953515 13.293790 14.648528 15.992991 17.300341 18.542475 19.690999 20.718292 21.598596 22.309089 22.830867 23.149781 23.257073 23.149781 22.830867 22.309089 21.598596 20.718292 19.690999 18.542475 17.300341 15.992991 14.648528 13.293790 11.953515 10.649668 9.400951 8.222514 7.125849 6.118850 5.206028 4.388832 3.666062 3.034322 2.488497 2.022224 1.628325 1.299198 1.027154 0.804684 0.624665 0.480514 0.366273 0.276661 0.207080 0.153596 0.112896 0.082231 0.059355 0.042456 0.030095 0.021140 0.014714 0.010147 0.006931 0.004684 0.003124 0.002045 0.001293 0.000756 0.000348 0.000000 
0.000000 0.000271 0.000592 0.001018 0.001622 0.002498 0.003776 0.005636 0.008324 0.012178 0.017651 0.025353 0.036086 0.050902 0.071153 0.098566 0.135308 0.184070 0.248141 0.331487 0.438817 0.575633 0.748255 0.963810 1.230175 1.555869 1.949873 2.421384 2.979489 3.632770 4.388832 5.253786 6.231684 7.323954 8.528852 9.840975 11.250869 12.744785 14.304594 15.907923 17.528499 19.136737 20.700536 22.186290 23.560046 24.788773 25.841674 26.691459 27.315526 27.696957 27.825282 27.696957 27.315526 26.691459 25.841674 24.788773 23.560046 22.186290 20.700536 19.136737 17.528499 15.907923 14.304594 12.744785 11.250869 9.840975 8.528852 7.323954 6.231684 5.253786 4.388832 3.632770 2.979489 2.421384 1.949873 1.555869 1.230175 0.963810 0.748255 0.575633 0.438817 0.331487 0.248140 0.184070 0.135308 0.098566 0.071153 0.050901 0.036085 0.025350 0.017647 0.012172 0.008314 0.005619 0.003749 0.002454 0.001552 0.000907 0.000417 0.000000 
0.000000 0.000323 0.000704 0.001211 0.001929 0.002970 0.004489 0.006699 0.009894 0.014472 0.020974 0.030122 0.042870 0.060464 0.084511 0.117058 0.160677 0.218560 0.294608 0.393527 0.520899 0.683250 0.888071 1.143812 1.459813 1.846168 2.313524 2.872777 3.534695 4.309442 5.206028 6.231684 7.391205 8.686273 10.114811 11.670402 13.341836 15.112804 16.961818 18.862354 20.783273 22.689512 24.543029 26.304002 27.932198 29.388479 30.636352 31.643486 32.383101 32.835152 32.987236 32.835152 32.383101 31.643486 30.636352 29.388479 27.932198 26.304002 24.543029 22.689512 20.783273 18.862354 16.961818 15.112804 13.341836 11.670402 10.114811 8.686273 7.391205 6.231684 5.206028 4.309442 3.534695 2.872777 2.313524 1.846168 1.459813 1.143812 0.888071 0.683250 0.520899 0.393527 0.294608 0.218560 0.160677 0.117057 0.084510 0.060463 0.042868 0.030119 0.020969 0.014464 0.009881 0.006679 0.004456 0.002917 0.001845 0.001078 0.000496 0.000000 
0.000000 0.000380 0.000829 0.001427 0.002272 0.003498 0.005287 0.007889 0.011650 0.017039 0.024692 0.035457 0.050458 0.071159 0.099450 0.137737 0.189045 0.257123 0.346559 0.462881 0.612651 0.803533 1.044331 1.344971 1.716421 2.170541 2.719829 3.377082 4.154943 5.065341 6.118850 7.323954 8.686273 10.207772 11.885997 13.713405 15.676815 17.757068 19.928918 22.161214 24.417384 26.656248 28.833140 30.901295 32.813475 34.523727 35.989205 37.171952 38.040525 38.571392 38.749992 38.571392 38.040525 37.171952 35.989205 34.523727 32.813475 30.901295 28.833140 26.656248 24.417384 22.161214 19.928918 17.757068 15.676815 13.713405 11.885997 10.207772 8.686273 7.323954 6.118850 5.065341 4.154943 3.377082 2.719829 2.170541 1.716421 1.344971 1.044331 0.803533 0.612651 0.462881 0.346559 0.257123 0.189044 0.137737 0.099449 0.071158 0.050456 0.035454 0.024686 0.017030 0.011636 0.007866 0.005249 0.003436 0.002173 0.001270 0.000584 0.000000 
0.000000 0.000444 0.000968 0.001665 0.002652 0.004082 0.006169 0.009205 0.013591 0.019876 0.028799 0.041352 0.058841 0.082973 0.115950 0.160575 0.220370 0.299704 0.403917 0.539448 0.713935 0.936304 1.216801 1.566980 1.999608 2.528486 3.168158 3.933513 4.839258 5.899272 7.125849 8.528852 10.114811 11.885997 13.839546 15.966662 18.251998 20.673248 23.201025 25.799073 28.424832 31.030384 33.563753 35.970531 38.195755 40.185963 41.891307 43.267628 44.278349 44.896093 45.103920 44.896093 44.278349 43.267628 41.891307 40.185963 38.195755 35.970531 33.563753 31.030384 28.424832 25.799073 23.201025 20.673248 18.251998 15.966662 13.839546 11.885997 10.114811 8.528852 7.125849 5.899272 4.839258 3.933513 3.168158 2.528486 1.999608 1.566980 1.216801 0.936304 0.713935 0.539448 0.403917 0.299704 0.220370 0.160574 0.115949 0.082972 0.058839 0.041348 0.028793 0.019865 0.013574 0.009177 0.006124 0.004010 0.002536 0.001483 0.000682 0.000000 
0.000000 0.000513 0.001120 0.001926 0.003066 0.004720 0.007132 0.010640 0.015708 0.022970 0.033280 0.047781 0.067982 0.095855 0.133939 0.185472 0.254517 0.346116 0.466431 0.622890 0.824307 1.080976 1.404718 1.808857 2.308117 2.918412 3.656514 4.539587 5.584586 6.807505 8.222514 9.840975 11.670402 13.713405 15.966662 18.420020 21.055770 23.848178 26.763352 29.759478 32.787481 35.792109 38.713434 41.488728 44.054626 46.349493 48.315867 49.902840 51.068248 51.780532 52.020164 51.780532 51.068248 49.902840 48.315867 46.349493 44.054626 41.488728 38.713434 35.792109 32.787481 29.759478 26.763352 23.848178 21.055770 18.420020 15.966662 13.713405 11.670402 9.840975 8.222514 6.807505 5.584586 4.539587 3.656514 2.918412 2.308117 1.808857 1.404718 1.080976 0.824307 0.622890 0.466431 0.346116 0.254517 0.185471 0.133939 0.095853 0.067979 0.047776 0.033273 0.022958 0.015689 0.010608 0.007080 0.004636 0.002933 0.001715 0.000789 0.000000 
0.000000 0.000588 0.001283 0.002206 0.003512 0.005406 0.008168 0.012185 0.017987 0.026300 0.038101 0.054697 0.077817 0.109712 0.153290 0.212251 0.291242 0.396029 0.533656 0.712614 0.942978 1.236516 1.606737 2.068869 2.639736 3.337524 4.181392 5.190951 6.385566 7.783507 9.400951 11.250869 13.341836 15.676815 18.251998 21.055770 24.067881 27.258919 30.590150 34.013795 37.473777 40.906972 44.244914 47.415942 50.347669 52.969688 55.216359 57.029530 58.361039 59.174840 59.448624 59.174840 58.361039 57.029530 55.216359 52.969688 50.347669 47.415942 44.244914 40.906972 37.473777 34.013795 30.590150 27.258919 24.067881 21.055770 18.251998 15.676815 13.341836 11.250869 9.400951 7.783507 6.385566 5.190951 4.181392 3.337524 2.639736 2.068869 1.606737 1.236516 0.942978 0.712613 0.533655 0.396028 0.291242 0.212250 0.153289 0.109710 0.077814 0.054693 0.038093 0.026286 0.017965 0.012148 0.008108 0.005310 0.003359 0.001964 0.000904 0.000000 
0.000000 0.000667 0.001456 0.002504 0.003986 0.006134 0.009268 0.013824 0.020406 0.029833 0.043216 0.062036 0.088250 0.124412 0.173815 0.240652 0.330190 0.448958 0.604937 0.807746 1.068795 1.401412 1.820894 2.344486 2.991239 3.781739 4.737680 5.881258 7.234394 8.817762 10.649668 12.744785 15.112804 17.757068 20.673248 23.848178 27.258919 30.872160 34.644040 38.520458 42.437929 46.324988 50.104132 53.694236 57.013366 59.981825 62.525315 64.578017 66.085416 67.006715 67.316663 67.006715 66.085416 64.578017 62.525315 59.981825 57.013366 53.694236 50.104132 46.324988 42.437929 38.520458 34.644040 30.872160 27.258919 23.848178 20.673248 17.757068 15.112804 12.744785 10.649668 8.817762 7.234394 5.881258 4.737680 3.781739 2.991239 2.344486 1.820894 1.401412 1.068795 0.807746 0.604937 0.448957 0.330190 0.240652 0.173814 0.124410 0.088246 0.062030 0.043207 0.029818 0.020380 0.013782 0.009200 0.006025 0.003812 0.002229 0.001026 0.000000 
0.000000 0.000750 0.001637 0.002815 0.004481 0.006896 0.010418 0.015538 0.022934 0.033527 0.048564 0.069707 0.099155 0.139775 0.195266 0.270333 0.370888 0.504262 0.679413 0.907134 1.200233 1.573664 2.044593 2.632368 3.358363 4.245673 5.318631 6.602137 8.120772 9.897724 11.953515 14.304594 16.961818 19.928918 23.201025 26.763352 30.590150 34.644040 38.875806 43.224755 47.619667 51.980375 56.219942 60.247378 63.970777 67.300756 70.153982 72.456635 74.147576 75.181048 75.528734 75.181048 74.147576 72.456635 70.153982 67.300756 63.970777 60.247378 56.219942 51.980375 47.619667 43.224755 38.875806 34.644040 30.590150 26.763352 23.201025 19.928918 16.961818 14.304594 11.953515 9.897724 8.120772 6.602137 5.318631 4.245673 3.358363 2.632368 2.044593 1.573664 1.200233 0.907134 0.679413 0.504262 0.370888 0.270332 0.195265 0.139773 0.099151 0.069701 0.048553 0.033510 0.022906 0.015492 0.010342 0.006774 0.004286 0.002506 0.001153 0.000000 
0.000000 0.000836 0.001823 0.003136 0.004991 0.007681 0.011602 0.017303 0.025537 0.037329 0.054067 0.077600 0.110375 0.155582 0.217334 0.300866 0.412753 0.561148 0.756014 1.009354 1.335407 1.750802 2.274624 2.928384 3.735841 4.722668 5.915912 7.343245 9.031987 11.007901 13.293790 15.907923 18.862354 22.161214 25.799073 29.759478 34.013795 38.520458 43.224755 48.059215 52.944673 57.792022 62.504635 66.981382 71.120122 74.821516 77.992953 80.552394 82.431897 83.580610 83.967065 83.580610 82.431897 80.552394 77.992953 74.821516 71.120122 66.981382 62.504635 57.792022 52.944673 48.059215 43.224755 38.520458 34.013795 29.759478 25.799073 22.161214 18.862354 15.907923 13.293790 11.007901 9.031987 7.343245 5.915912 4.722668 3.735841 2.928384 2.274624 1.750802 1.335407 1.009353 0.756014 0.561148 0.412753 0.300865 0.217333 0.155580 0.110371 0.077594 0.054055 0.037310 0.025505 0.017251 0.011517 0.007544 0.004773 0.002792 0.001285 0.000000 
0.000000 0.000922 0.002012 0.003460 0.005508 0.008474 0.012800 0.019089 0.028171 0.041177 0.059635 0.085587 0.121727 0.171573 0.239658 0.331750 0.455097 0.618682 0.833484 1.112725 1.472098 1.929919 2.507215 3.227679 4.117483 5.204904 6.519729 8.092434 9.953100 12.130097 14.648528 17.528499 20.783273 24.417384 28.424832 32.787481 37.473777 42.437929 47.619667 52.944673 58.325755 63.664773 68.855312 73.786000 78.344355 82.420982 85.913898 88.732765 90.802764 92.067900 92.493522 92.067900 90.802764 88.732765 85.913898 82.420982 78.344355 73.786000 68.855312 63.664773 58.325755 52.944673 47.619667 42.437929 37.473777 32.787481 28.424832 24.417384 20.783273 17.528499 14.648528 12.130097 9.953100 8.092434 6.519729 5.204904 4.117483 3.227679 2.507215 1.929919 1.472098 1.112725 0.833483 0.618682 0.455097 0.331749 0.239656 0.171570 0.121723 0.085579 0.059622 0.041155 0.028135 0.019031 0.012706 0.008324 0.005267 0.003080 0.001417 0.000000 
0.000000 0.001009 0.002200 0.003783 0.006021 0.009263 0.013991 0.020863 0.030787 0.044998 0.065166 0.093520 0.133002 0.187455 0.261827 0.362420 0.497145 0.675811 0.910403 1.215358 1.607805 2.107739 2.738110 3.524780 4.496312 5.683566 7.119049 8.836015 10.867288 13.243818 15.992991 19.136737 22.689512 26.656248 31.030384 35.792109 40.906972 46.324988 51.980375 57.792022 63.664773 69.491531 75.156169 80.537158 85.511758 89.960601 93.772410 96.848612 99.107572 100.488193 100.952666 100.488193 99.107572 96.848612 93.772410 89.960601 85.511758 80.537158 75.156169 69.491531 63.664773 57.792022 51.980375 46.324988 40.906972 35.792109 31.030384 26.656248 22.689512 19.136737 15.992991 13.243818 10.867288 8.836015 7.119049 5.683566 4.496312 3.524780 2.738110 2.107739 1.607805 1.215358 0.910403 0.675811 0.497145 0.362419 0.261826 0.187452 0.132997 0.093511 0.065152 0.044975 0.030748 0.020800 0.013888 0.009098 0.005757 0.003367 0.001550 0.000000 
0.000000 0.001092 0.002383 0.004097 0.006520 0.010031 0.015150 0.022590 0.033334 0.048718 0.070549 0.101239 0.143974 0.202908 0.283398 0.392260 0.538054 0.731389 0.985231 1.315197 1.739812 2.280703 2.962692 3.813746 4.864756 6.149089 7.701897 9.559136 11.756293 14.326827 17.300341 20.700536 24.543029 28.833140 33.563753 38.713434 44.244914 50.104132 56.219942 62.504635 68.855312 75.156169 81.281643 87.100329 92.479520 97.290155 101.411923 104.738250 107.180876 108.673744 109.175980 108.673744 107.180876 104.738250 101.411923 97.290155 92.479520 87.100329 81.281643 75.156169 68.855312 62.504635 56.219942 50.104132 44.244914 38.713434 33.563753 28.833140 24.543029 20.700536 17.300341 14.326827 11.756293 9.559136 7.701897 6.149089 4.864756 3.813746 2.962692 2.280703 1.739812 1.315197 0.985231 0.731389 0.538053 0.392259 0.283397 0.202905 0.143969 0.101230 0.070534 0.048693 0.033292 0.022522 0.015039 0.009852 0.006235 0.003647 0.001678 0.000000 
