0.000000 0.000000 0.000000 0.000000 0.000000 0.000000 0.000000 0.000000 0.000000 0.000000 0.000000 0.000000 0.000000 0.000000 0.000000 0.000000 0.000000 0.000000 0.000000 0.000000 0.000000 0.000000 0.000000 0.000000 0.000000 0.000000 0.000000 0.000000 0.000000 0.000000 0.000000 0.000000 0.000000 0.000000 0.000000 0.000000 0.000000 0.000000 0.000000 0.000000 0.000000 0.000000 0.000000 0.000000 0.000000 0.000000 0.000000 0.000000 0.000000 0.000000 0.000000 0.000000 0.000000 0.000000 0.000000 0.000000 0.000000 0.000000 0.000000 0.000000 0.000000 0.000000 0.000000 0.000000 0.000000 0.000000 0.000000 0.000000 0.000000 0.000000 0.000000 0.000000 0.000000 0.000000 0.000000 0.000000 0.000000 0.000000 0.000000 0.000000 0.000000 0.000000 0.000000 0.000000 0.000000 0.000000 0.000000 0.000000 0.000000 0.000000 0.000000 0.000000 0.000000 0.000000 0.000000 0.000000 0.000000 0.000000 0.000000 0.000000 
0.000000 0.000000 0.000000 0.000000 0.000000 0.000000 0.000000 0.000000 0.000000 0.000000 0.000000 0.000000 0.000000 0.000000 0.000000 0.000000 0.000000 0.000000 0.000000 0.000000 0.000000 0.000000 0.000000 0.000000 0.000000 0.000000 0.000001 0.000001 0.000001 0.000001 0.000002 0.000002 0.000003 0.000004 0.000005 0.000006 0.000007 0.000009 0.000011 0.000012 0.000014 0.000016 0.000018 0.000020 0.000022 0.000024 0.000025 0.000026 0.000027 0.000028 0.000028 0.000028 0.000027 0.000026 0.000025 0.000024 0.000022 0.000020 0.000018 0.000016 0.000014 0.000012 0.000011 0.000009 0.000007 0.000006 0.000005 0.000004 0.000003 0.000002 0.000002 0.000001 0.000001 0.000001 0.000001 0.000000 0.000000 0.000000 0.000000 0.000000 0.000000 0.000000 0.000000 0.000000 0.000000 0.000000 0.000000 0.000000 0.000000 0.000000 0.000000 0.000000 0.000000 0.000000 0.000000 0.000000 0.000000 0.000000 0.000000 0.000000 
0.000000 0.000000 0.000000 0.000000 0.000000 0.000000 0.000000 0.000000 0.000000 0.000000 0.000000 0.000000 0.000000 0.000000 0.000000 0.000000 0.000000 0.000000 0.000000 0.000000 0.000000 0.000000 0.000000 0.000000 0.000001 0.000001 0.000001 0.000002 0.000003 0.000003 0.000004 0.000006 0.000007 0.000009 0.000012 0.000015 0.000018 0.000021 0.000025 0.000029 0.000034 0.000038 0.000043 0.000048 0.000052 0.000056 0.000060 0.000063 0.000065 0.000066 0.000067 0.000066 0.000065 0.000063 0.000060 0.000056 0.000052 0.000048 0.000043 0.000038 0.000034 0.000029 0.000025 0.000021 0.000018 0.000015 0.000012 0.000009 0.000007 0.000006 0.000004 0.000003 0.000003 0.000002 0.000001 0.000001 0.000001 0.000000 0.000000 0.000000 0.000000 0.000000 0.000000 0.000000 0.000000 0.000000 0.000000 0.000000 0.000000 0.000000 0.000000 0.000000 0.000000 0.000000 0.000000 0.000000 0.000000 0.000000 0.000000 0.000000 
0.000000 0.000000 0.000000 0.000000 0.000000 0.000000 0.000000 0.000000 0.000000 0.000000 0.000000 0.000000 0.000000 0.000000 0.000000 0.000000 0.000000 0.000000 0.000000 0.000000 0.000000 0.000000 0.000001 0.000001 0.000001 0.000002 0.000003 0.000004 0.000005 0.000007 0.000009 0.000011 0.000014 0.000018 0.000023 0.000028 0.000034 0.000041 0.000049 0.000057 0.000066 0.000075 0.000084 0.000093 0.000102 0.000109 0.000116 0.000122 0.000126 0.000129 0.000130 0.000129 0.000126 0.000122 0.000116 0.000109 0.000102 0.000093 0.000084 0.000075 0.000066 0.000057 0.000049 0.000041 0.000034 0.000028 0.000023 0.000018 0.000014 0.000011 0.000009 0.000007 0.000005 0.000004 0.000003 0.000002 0.000001 0.000001 0.000001 0.000000 0.000000 0.000000 0.000000 0.000000 0.000000 0.000000 0.000000 0.000000 0.000000 0.000000 0.000000 0.000000 0.000000 0.000000 0.000000 0.000000 0.000000 0.000000 0.000000 0.000000 
0.000000 0.000000 0.000000 0.000000 0.000000 0.000000 0.000000 0.000000 0.000000 0.000000 0.000000 0.000000 0.000000 0.000000 0.000000 0.000000 0.000000 0.000000 0.000000 0.000000 0.000001 0.000001 0.000001 0.000002 0.000003 0.000004 0.000005 0.000007 0.000009 0.000012 0.000016 0.000021 0.000027 0.000034 0.000042 0.000052 0.000063 0.000076 0.000090 0.000105 0.000121 0.000138 0.000155 0.000171 0.000187 0.000202 0.000214 0.000225 0.000232 0.000237 0.000239 0.000237 0.000232 0.000225 0.000214 0.000202 0.000187 0.000171 0.000155 0.000138 0.000121 0.000105 0.000090 0.000076 0.000063 0.000052 0.000042 0.000034 0.000027 0.000021 0.000016 0.000012 0.000009 0.000007 0.000005 0.000004 0.000003 0.000002 0.000001 0.000001 0.000001 0.000000 0.000000 0.000000 0.000000 0.000000 0.000000 0.000000 0.000000 0.000000 0.000000 0.000000 0.000000 0.000000 0.000000 0.000000 0.000000 0.000000 0.000000 0.000000 
0.000000 0.000000 0.000000 0.000000 0.000000 0.000000 0.000000 0.000000 0.000000 0.000000 0.000000 0.000000 0.000000 0.000000 0.000000 0.000000 0.000000 0.000000 0.000000 0.000001 0.000001 0.000001 0.000002 0.000003 0.000005 0.000006 0.000009 0.000012 0.000016 0.000022 0.000029 0.000038 0.000048 0.000061 0.000076 0.000094 0.000114 0.000137 0.000162 0.000189 0.000218 0.000248 0.000278 0.000308 0.000336 0.000362 0.000385 0.000404 0.000418 0.000426 0.000429 0.000426 0.000418 0.000404 0.000385 0.000362 0.000336 0.000308 0.000278 0.000248 0.000218 0.000189 0.000162 0.000137 0.000114 0.000094 0.000076 0.000061 0.000048 0.000038 0.000029 0.000022 0.000016 0.000012 0.000009 0.000006 0.000005 0.000003 0.000002 0.000001 0.000001 0.000001 0.000000 0.000000 0.000000 0.000000 0.000000 0.000000 0.000000 0.000000 0.000000 0.000000 0.000000 0.000000 0.000000 0.000000 0.000000 0.000000 0.000000 0.000000 
0.000000 0.000000 0.000000 0.000000 0.000000 0.000000 0.000000 0.000000 0.000000 0.000000 0.000000 0.000000 0.000000 0.000000 0.000000 0.000000 0.000000 0.000001 0.000001 0.000001 0.000002 0.000003 0.000004 0.000006 0.000008 0.000011 0.000016 0.000022 0.000029 0.000039 0.000051 0.000067 0.000086 0.000108 0.000135 0.000167 0.000203 0.000243 0.000287 0.000336 0.000387 0.000440 0.000493 0.000545 0.000595 0.000641 0.000681 0.000714 0.000739 0.000754 0.000759 0.000754 0.000739 0.000714 0.000681 0.000641 0.000595 0.000545 0.000493 0.000440 0.000387 0.000336 0.000287 0.000243 0.000203 0.000167 0.000135 0.000108 0.000086 0.000067 0.000051 0.000039 0.000029 0.000022 0.000016 0.000011 0.000008 0.000006 0.000004 0.000003 0.000002 0.000001 0.000001 0.000001 0.000000 0.000000 0.000000 0.000000 0.000000 0.000000 0.000000 0.000000 0.000000 0.000000 0.000000 0.000000 0.000000 0.000000 0.000000 0.000000 
0.000000 0.000000 0.000000 0.000000 0.000000 0.000000 0.000000 0.000000 0.000000 0.000000 0.000000 0.000000 0.000000 0.000000 0.000000 0.000000 0.000001 0.000001 0.000001 0.000002 0.000003 0.000005 0.000007 0.000010 0.000014 0.000020 0.000028 0.000038 0.000051 0.000068 0.000090 0.000117 0.000150 0.000190 0.000237 0.000292 0.000354 0.000425 0.000503 0.000587 0.000676 0.000768 0.000861 0.000953 0.001040 0.001120 0.001190 0.001248 0.001291 0.001317 0.001326 0.001317 0.001291 0.001248 0.001190 0.001120 0.001040 0.000953 0.000861 0.000768 0.000676 0.000587 0.000503 0.000425 0.000354 0.000292 0.000237 0.000190 0.000150 0.000117 0.000090 0.000068 0.000051 0.000038 0.000028 0.000020 0.000014 0.000010 0.000007 0.000005 0.000003 0.000002 0.000001 0.000001 0.000001 0.000000 0.000000 0.000000 0.000000 0.000000 0.000000 0.000000 0.000000 0.000000 0.000000 0.000000 0.000000 0.000000 0.000000 0.000000 
0.000000 0.000000 0.000000 0.000000 0.000000 0.000000 0.000000 0.000000 0.000000 0.000000 0.000000 0.000000 0.000000 0.000000 0.000000 0.000001 0.000001 0.000002 0.000002 0.000004 0.000006 0.000008 0.000012 0.000017 0.000025 0.000035 0.000048 0.000066 0.000089 0.000118 0.000156 0.000202 0.000259 0.000328 0.000409 0.000504 0.000612 0.000734 0.000868 0.001013 0.001167 0.001326 0.001486 0.001644 0.001794 0.001932 0.002053 0.002152 0.002226 0.002271 0.002286 0.002271 0.002226 0.002152 0.002053 0.001932 0.001794 0.001644 0.001486 0.001326 0.001167 0.001013 0.000868 0.000734 0.000612 0.000504 0.000409 0.000328 0.000259 0.000202 0.000156 0.000118 0.000089 0.000066 0.000048 0.000035 0.000025 0.000017 0.000012 0.000008 0.000006 0.000004 0.000002 0.000002 0.000001 0.000001 0.000000 0.000000 0.000000 0.000000 0.000000 0.000000 0.000000 0.000000 0.000000 0.000000 0.000000 0.000000 0.000000 0.000000 
0.000000 0.000000 0.000000 0.000000 0.000000 0.000000 0.000000 0.000000 0.000000 0.000000 0.000000 0.000000 0.000000 0.000000 0.000001 0.000001 0.000002 0.000003 0.000004 0.000006 0.000009 0.000014 0.000021 0.000030 0.000042 0.000059 0.000082 0.000112 0.000152 0.000202 0.000266 0.000346 0.000443 0.000560 0.000699 0.000860 0.001044 0.001252 0.001480 0.001728 0.001989 0.002260 0.002533 0.002802 0.003057 0.003292 0.003497 0.003666 0.003791 0.003868 0.003894 0.003868 0.003791 0.003666 0.003497 0.003292 0.003057 0.002802 0.002533 0.002260 0.001989 0.001728 0.001480 0.001252 0.001044 0.000860 0.000699 0.000560 0.000443 0.000346 0.000266 0.000202 0.000152 0.000112 0.000082 0.000059 0.000042 0.000030 0.000021 0.000014 0.000009 0.000006 0.000004 0.000003 0.000002 0.000001 0.000001 0.000000 0.000000 0.000000 0.000000 0.000000 0.000000 0.000000 0.000000 0.000000 0.000000 0.000000 0.000000 0.000000 
0.000000 0.000000 0.000000 0.000000 0.000000 0.000000 0.000000 0.000000 0.000000 0.000000 0.000000 0.000000 0.000000 0.000001 0.000001 0.000002 0.000003 0.000005 0.000007 0.000011 0.000016 0.000024 0.000035 0.000050 0.000071 0.000100 0.000139 0.000190 0.000257 0.000342 0.000450 0.000583 0.000747 0.000944 0.001178 0.001449 0.001760 0.002109 0.002494 0.002909 0.003349 0.003804 0.004264 0.004715 0.005145 0.005539 0.005884 0.006167 0.006377 0.006507 0.006551 0.006507 0.006377 0.006167 0.005884 0.005539 0.005145 0.004715 0.004264 0.003804 0.003349 0.002909 0.002494 0.002109 0.001760 0.001449 0.001178 0.000944 0.000747 0.000583 0.000450 0.000342 0.000257 0.000190 0.000139 0.000100 0.000071 0.000050 0.000035 0.000024 0.000016 0.000011 0.000007 0.000005 0.000003 0.000002 0.000001 0.000001 0.000000 0.000000 0.000000 0.000000 0.000000 0.000000 0.000000 0.000000 0.000000 0.000000 0.000000 0.000000 
0.000000 0.000000 0.000000 0.000000 0.000000 0.000000 0.000000 0.000000 0.000000 0.000000 0.000000 0.000000 0.000001 0.000001 0.000002 0.000003 0.000005 0.000008 0.000012 0.000018 0.000027 0.000040 0.000058 0.000084 0.000119 0.000167 0.000232 0.000317 0.000428 0.000570 0.000750 0.000972 0.001245 0.001573 0.001961 0.002413 0.002929 0.003509 0.004148 0.004838 0.005569 0.006325 0.007087 0.007837 0.008550 0.009204 0.009777 0.010246 0.010595 0.010811 0.010883 0.010811 0.010595 0.010246 0.009777 0.009204 0.008550 0.007837 0.007087 0.006325 0.005569 0.004838 0.004148 0.003509 0.002929 0.002413 0.001961 0.001573 0.001245 0.000972 0.000750 0.000570 0.000428 0.000317 0.000232 0.000167 0.000119 0.000084 0.000058 0.000040 0.000027 0.000018 0.000012 0.000008 0.000005 0.000003 0.000002 0.000001 0.000001 0.000000 0.000000 0.000000 0.000000 0.000000 0.000000 0.000000 0.000000 0.000000 0.000000 0.000000 
0.000000 0.000000 0.000000 0.000000 0.000000 0.000000 0.000000 0.000000 0.000000 0.000000 0.000000 0.000001 0.000001 0.000002 0.000003 0.000005 0.000008 0.000013 0.000020 0.000030 0.000044 0.000066 0.000096 0.000138 0.000197 0.000276 0.000382 0.000523 0.000705 0.000939 0.001234 0.001600 0.002048 0.002587 0.003225 0.003966 0.004814 0.005766 0.006814 0.007947 0.009145 0.010385 0.011635 0.012864 0.014033 0.015106 0.016044 0.016814 0.017386 0.017739 0.017858 0.017739 0.017386 0.016814 0.016044 0.015106 0.014033 0.012864 0.011635 0.010385 0.009145 0.007947 0.006814 0.005766 0.004814 0.003966 0.003225 0.002587 0.002048 0.001600 0.001234 0.000939 0.000705 0.000523 0.000382 0.000276 0.000197 0.000138 0.000096 0.000066 0.000044 0.000030 0.000020 0.000013 0.000008 0.000005 0.000003 0.000002 0.000001 0.000001 0.000000 0.000000 0.000000 0.000000 0.000000 0.000000 0.000000 0.000000 0.000000 0.000000 
0.000000 0.000000 0.000000 0.000000 0.000000 0.000000 0.000000 0.000000 0.000000 0.000000 0.000001 0.000001 0.000002 0.000003 0.000005 0.000008 0.000013 0.000021 0.000032 0.000048 0.000073 0.000107 0.000157 0.000225 0.000320 0.000449 0.000622 0.000851 0.001147 0.001527 0.002006 0.002601 0.003328 0.004202 0.005236 0.006439 0.007813 0.009356 0.011055 0.012891 0.014832 0.016839 0.018865 0.020854 0.022747 0.024483 0.026002 0.027248 0.028174 0.028745 0.028938 0.028745 0.028174 0.027248 0.026002 0.024483 0.022747 0.020854 0.018865 0.016839 0.014832 0.012891 0.011055 0.009356 0.007813 0.006439 0.005236 0.004202 0.003328 0.002601 0.002006 0.001527 0.001147 0.000851 0.000622 0.000449 0.000320 0.000225 0.000157 0.000107 0.000073 0.000048 0.000032 0.000021 0.000013 0.000008 0.000005 0.000003 0.000002 0.000001 0.000001 0.000000 0.000000 0.000000 0.000000 0.000000 0.000000 0.000000 0.000000 0.000000 
0.000000 0.000000 0.000000 0.000000 0.000000 0.000000 0.000000 0.000000 0.000000 0.000001 0.000001 0.000002 0.000003 0.000005 0.000009 0.000014 0.000022 0.000034 0.000052 0.000078 0.000117 0.000173 0.000252 0.000363 0.000515 0.000723 0.001001 0.001367 0.001843 0.002452 0.003221 0.004174 0.005340 0.006740 0.008397 0.010323 0.012523 0.014993 0.017712 0.020649 0.023754 0.026965 0.030205 0.033386 0.036413 0.039189 0.041616 0.043608 0.045089 0.046002 0.046310 0.046002 0.045089 0.043608 0.041616 0.039189 0.036413 0.033386 0.030205 0.026965 0.023754 0.020649 0.017712 0.014993 0.012523 0.010323 0.008397 0.006740 0.005340 0.004174 0.003221 0.002452 0.001843 0.001367 0.001001 0.000723 0.000515 0.000363 0.000252 0.000173 0.000117 0.000078 0.000052 0.000034 0.000022 0.000014 0.000009 0.000005 0.000003 0.000002 0.000001 0.000001 0.000000 0.000000 0.000000 0.000000 0.000000 0.000000 0.000000 0.000000 
0.000000 0.000000 0.000000 0.000000 0.000000 0.000000 0.000000 0.000000 0.000001 0.000001 0.000002 0.000003 0.000005 0.000008 0.000014 0.000022 0.000034 0.000054 0.000082 0.000124 0.000186 0.000275 0.000401 0.000577 0.000819 0.001148 0.001588 0.002169 0.002924 0.003889 0.005106 0.006616 0.008460 0.010676 0.013297 0.016343 0.019822 0.023725 0.028024 0.032664 0.037570 0.042642 0.047759 0.052782 0.057563 0.061945 0.065777 0.068922 0.071260 0.072700 0.073187 0.072700 0.071260 0.068922 0.065777 0.061945 0.057563 0.052782 0.047759 0.042642 0.037570 0.032664 0.028024 0.023725 0.019822 0.016343 0.013297 0.010676 0.008460 0.006616 0.005106 0.003889 0.002924 0.002169 0.001588 0.001148 0.000819 0.000577 0.000401 0.000275 0.000186 0.000124 0.000082 0.000054 0.000034 0.000022 0.000014 0.000008 0.000005 0.000003 0.000002 0.000001 0.000001 0.000000 0.000000 0.000000 0.000000 0.000000 0.000000 0.000000 
0.000000 0.000000 0.000000 0.000000 0.000000 0.000000 0.000000 0.000001 0.000001 0.000002 0.000003 0.000005 0.000008 0.000013 0.000022 0.000034 0.000054 0.000084 0.000129 0.000196 0.000293 0.000432 0.000629 0.000905 0.001285 0.001800 0.002490 0.003399 0.004579 0.006090 0.007993 0.010353 0.013235 0.016698 0.020792 0.025548 0.030981 0.037074 0.043782 0.051023 0.058677 0.066589 0.074570 0.082405 0.089859 0.096691 0.102667 0.107569 0.111214 0.113460 0.114218 0.113460 0.111214 0.107569 0.102667 0.096691 0.089859 0.082405 0.074570 0.066589 0.058677 0.051023 0.043782 0.037074 0.030981 0.025548 0.020792 0.016698 0.013235 0.010353 0.007993 0.006090 0.004579 0.003399 0.002490 0.001800 0.001285 0.000905 0.000629 0.000432 0.000293 0.000196 0.000129 0.000084 0.000054 0.000034 0.000022 0.000013 0.000008 0.000005 0.000003 0.000002 0.000001 0.000001 0.000000 0.000000 0.000000 0.000000 0.000000 0.000000 
0.000000 0.000000 0.000000 0.000000 0.000000 0.000000 0.000001 0.000001 0.000002 0.000003 0.000005 0.000008 0.000013 0.000021 0.000034 0.000054 0.000084 0.000131 0.000201 0.000304 0.000454 0.000670 0.000975 0.001402 0.001990 0.002787 0.003853 0.005258 0.007082 0.009415 0.012354 0.015998 0.020446 0.025789 0.032103 0.039438 0.047814 0.057207 0.067545 0.078702 0.090495 0.102683 0.114975 0.127041 0.138519 0.149039 0.158239 0.165787 0.171398 0.174855 0.176023 0.174855 0.171398 0.165787 0.158239 0.149039 0.138519 0.127041 0.114975 0.102683 0.090495 0.078702 0.067545 0.057207 0.047814 0.039438 0.032103 0.025789 0.020446 0.015998 0.012354 0.009415 0.007082 0.005258 0.003853 0.002787 0.001990 0.001402 0.000975 0.000670 0.000454 0.000304 0.000201 0.000131 0.000084 0.000054 0.000034 0.000021 0.000013 0.000008 0.000005 0.000003 0.000002 0.000001 0.000001 0.000000 0.000000 0.000000 0.000000 0.000000 
0.000000 0.000000 0.000000 0.000000 0.000000 0.000000 0.000001 0.000001 0.000002 0.000004 0.000007 0.000012 0.000020 0.000032 0.000052 0.000082 0.000129 0.000201 0.000307 0.000465 0.000695 0.001025 0.001492 0.002145 0.003042 0.004260 0.005888 0.008032 0.010815 0.014373 0.018853 0.024408 0.031186 0.039326 0.048943 0.060113 0.072864 0.087162 0.102895 0.119872 0.137812 0.156352 0.175048 0.193397 0.210851 0.226846 0.240834 0.252308 0.260838 0.266094 0.267869 0.266094 0.260838 0.252308 0.240834 0.226846 0.210851 0.193397 0.175048 0.156352 0.137812 0.119872 0.102895 0.087162 0.072864 0.060113 0.048943 0.039326 0.031186 0.024408 0.018853 0.014373 0.010815 0.008032 0.005888 0.004260 0.003042 0.002145 0.001492 0.001025 0.000695 0.000465 0.000307 0.000201 0.000129 0.000082 0.000052 0.000032 0.000020 0.000012 0.000007 0.000004 0.000002 0.000001 0.000001 0.000000 0.000000 0.000000 0.000000 0.000000 
0.000000 0.000000 0.000000 0.000000 0.000000 0.000001 0.000001 0.000002 0.000004 0.000006 0.000011 0.000018 0.000030 0.000048 0.000078 0.000124 0.000196 0.000304 0.000465 0.000704 0.001051 0.001549 0.002255 0.003239 0.004593 0.006429 0.008882 0.012114 0.016306 0.021664 0.028409 0.036769 0.046968 0.059213 0.073675 0.090471 0.109640 0.131129 0.154772 0.180279 0.207230 0.235077 0.263156 0.290710 0.316918 0.340934 0.361934 0.379159 0.391963 0.399853 0.402518 0.399853 0.391963 0.379159 0.361934 0.340934 0.316918 0.290710 0.263156 0.235077 0.207230 0.180279 0.154772 0.131129 0.109640 0.090471 0.073675 0.059213 0.046968 0.036769 0.028409 0.021664 0.016306 0.012114 0.008882 0.006429 0.004593 0.003239 0.002255 0.001549 0.001051 0.000704 0.000465 0.000304 0.000196 0.000124 0.000078 0.000048 0.000030 0.000018 0.000011 0.000006 0.000004 0.000002 0.000001 0.000001 0.000000 0.000000 0.000000 0.000000 
0.000000 0.000000 0.000000 0.000000 0.000001 0.000001 0.000002 0.000003 0.000006 0.000009 0.000016 0.000027 0.000044 0.000073 0.000117 0.000186 0.000293 0.000454 0.000695 0.001051 0.001569 0.002312 0.003363 0.004829 0.006846 0.009579 0.013230 0.018037 0.024273 0.032240 0.042265 0.054688 0.069841 0.088028 0.109504 0.134439 0.162893 0.194784 0.229866 0.267707 0.307685 0.348986 0.390627 0.431484 0.470342 0.505947 0.537079 0.562613 0.581593 0.593287 0.597237 0.593287 0.581593 0.562613 0.537079 0.505947 0.470342 0.431484 0.390627 0.348986 0.307685 0.267707 0.229866 0.194784 0.162893 0.134439 0.109504 0.088028 0.069841 0.054688 0.042265 0.032240 0.024273 0.018037 0.013230 0.009579 0.006846 0.004829 0.003363 0.002312 0.001569 0.001051 0.000695 0.000454 0.000293 0.000186 0.000117 0.000073 0.000044 0.000027 0.000016 0.000009 0.000006 0.000003 0.000002 0.000001 0.000001 0.000000 0.000000 0.000000 
0.000000 0.000000 0.000000 0.000000 0.000001 0.000001 0.000003 0.000005 0.000008 0.000014 0.000024 0.000040 0.000066 0.000107 0.000173 0.000275 0.000432 0.000670 0.001025 0.001549 0.002312 0.003405 0.004952 0.007109 0.010073 0.014091 0.019456 0.026517 0.035672 0.047368 0.062082 0.080309 0.102535 0.129208 0.160696 0.197248 0.238950 0.285682 0.337080 0.392512 0.451066 0.511550 0.572524 0.632345 0.689233 0.741355 0.786925 0.824300 0.852080 0.869197 0.874979 0.869197 0.852080 0.824300 0.786925 0.741355 0.689233 0.632345 0.572524 0.511550 0.451066 0.392512 0.337080 0.285682 0.238950 0.197248 0.160696 0.129208 0.102535 0.080309 0.062082 0.047368 0.035672 0.026517 0.019456 0.014091 0.010073 0.007109 0.004952 0.003405 0.002312 0.001549 0.001025 0.000670 0.000432 0.000275 0.000173 0.000107 0.000066 0.000040 0.000024 0.000014 0.000008 0.000005 0.000003 0.000001 0.000001 0.000000 0.000000 0.000000 
0.000000 0.000000 0.000000 0.000001 0.000001 0.000002 0.000004 0.000007 0.000012 0.000021 0.000035 0.000058 0.000096 0.000157 0.000252 0.000401 0.000629 0.000975 0.001492 0.002255 0.003363 0.004952 0.007198 0.010330 0.014633 0.020462 0.028245 0.038485 0.051758 0.068709 0.090029 0.116433 0.148623 0.187244 0.232827 0.285731 0.346077 0.413688 0.488040 0.568216 0.652893 0.740352 0.828510 0.914991 0.997225 1.072565 1.138429 1.192446 1.232595 1.257331 1.265687 1.257331 1.232595 1.192446 1.138429 1.072565 0.997225 0.914991 0.828510 0.740352 0.652893 0.568216 0.488040 0.413688 0.346077 0.285731 0.232827 0.187244 0.148623 0.116433 0.090029 0.068709 0.051758 0.038485 0.028245 0.020462 0.014633 0.010330 0.007198 0.004952 0.003363 0.002255 0.001492 0.000975 0.000629 0.000401 0.000252 0.000157 0.000096 0.000058 0.000035 0.000021 0.000012 0.000007 0.000004 0.000002 0.000001 0.000001 0.000000 0.000000 
0.000000 0.000000 0.000000 0.000001 0.000002 0.000003 0.000006 0.000010 0.000017 0.000030 0.000050 0.000084 0.000138 0.000225 0.000363 0.000577 0.000905 0.001402 0.002145 0.003239 0.004829 0.007109 0.010330 0.014819 0.020985 0.029336 0.040482 0.055141 0.074140 0.098395 0.128895 0.166658 0.212686 0.267897 0.333048 0.408647 0.494866 0.591449 0.697643 0.812139 0.933048 1.057912 1.183762 1.307206 1.424576 1.532100 1.626095 1.703178 1.760469 1.795766 1.807688 1.795766 1.760469 1.703178 1.626095 1.532100 1.424576 1.307206 1.183762 1.057912 0.933048 0.812139 0.697643 0.591449 0.494866 0.408647 0.333048 0.267897 0.212686 0.166658 0.128895 0.098395 0.074140 0.055141 0.040482 0.029336 0.020985 0.014819 0.010330 0.007109 0.004829 0.003239 0.002145 0.001402 0.000905 0.000577 0.000363 0.000225 0.000138 0.000084 0.000050 0.000030 0.000017 0.000010 0.000006 0.000003 0.000002 0.000001 0.000000 0.000000 
0.000000 0.000000 0.000001 0.000001 0.000003 0.000005 0.000008 0.000014 0.000025 0.000042 0.000071 0.000119 0.000197 0.000320 0.000515 0.000819 0.001285 0.001990 0.003042 0.004593 0.006846 0.010073 0.014633 0.020985 0.029709 0.041519 0.057276 0.077997 0.104843 0.139108 0.182183 0.235505 0.300482 0.378407 0.470343 0.577002 0.698623 0.834841 0.984592 1.146027 1.316482 1.492494 1.669874 1.843848 2.009250 2.160763 2.293205 2.401814 2.482532 2.532262 2.549059 2.532262 2.482532 2.401814 2.293205 2.160763 2.009250 1.843848 1.669874 1.492494 1.316482 1.146027 0.984592 0.834841 0.698623 0.577002 0.470343 0.378407 0.300482 0.235505 0.182183 0.139108 0.104843 0.077997 0.057276 0.041519 0.029709 0.020985 0.014633 0.010073 0.006846 0.004593 0.003042 0.001990 0.001285 0.000819 0.000515 0.000320 0.000197 0.000119 0.000071 0.000042 0.000025 0.000014 0.000008 0.000005 0.000002 0.000001 0.000001 0.000000 
0.000000 0.000000 0.000001 0.000002 0.000004 0.000006 0.000011 0.000020 0.000035 0.000059 0.000100 0.000167 0.000276 0.000449 0.000723 0.001148 0.001800 0.002787 0.004260 0.006429 0.009579 0.014091 0.020462 0.029336 0.041519 0.058006 0.080000 0.108912 0.146362 0.194150 0.254210 0.328541 0.419101 0.527684 0.655765 0.804332 0.973709 1.163388 1.371879 1.596606 1.833861 2.078822 2.325664 2.567743 2.797875 3.008670 3.192921 3.344009 3.456294 3.525470 3.548835 3.525470 3.456294 3.344009 3.192921 3.008670 2.797875 2.567743 2.325664 2.078822 1.833861 1.596606 1.371879 1.163388 0.973709 0.804332 0.655765 0.527684 0.419101 0.328541 0.254210 0.194150 0.146362 0.108912 0.080000 0.058006 0.041519 0.029336 0.020462 0.014091 0.009579 0.006429 0.004260 0.002787 0.001800 0.001148 0.000723 0.000449 0.000276 0.000167 0.000100 0.000059 0.000035 0.000020 0.000011 0.000006 0.000003 0.000002 0.000001 0.000000 
0.000000 0.000001 0.000001 0.000003 0.000005 0.000009 0.000016 0.000028 0.000048 0.000082 0.000139 0.000232 0.000382 0.000622 0.001001 0.001588 0.002490 0.003853 0.005888 0.008882 0.013230 0.019456 0.028245 0.040482 0.057276 0.080000 0.110304 0.150130 0.201704 0.267498 0.350172 0.452466 0.577070 0.726443 0.902606 1.106910 1.339794 1.600552 1.887131 2.195988 2.522023 2.858611 3.197750 3.530317 3.846447 4.135996 4.389070 4.596583 4.750798 4.845804 4.877894 4.845804 4.750798 4.596583 4.389070 4.135996 3.846447 3.530317 3.197750 2.858611 2.522023 2.195988 1.887131 1.600552 1.339794 1.106910 0.902606 0.726443 0.577070 0.452466 0.350172 0.267498 0.201704 0.150130 0.110304 0.080000 0.057276 0.040482 0.028245 0.019456 0.013230 0.008882 0.005888 0.003853 0.002490 0.001588 0.001001 0.000622 0.000382 0.000232 0.000139 0.000082 0.000048 0.000028 0.000016 0.000009 0.000005 0.000002 0.000001 0.000000 
0.000000 0.000001 0.000002 0.000004 0.000007 0.000012 0.000022 0.000038 0.000066 0.000112 0.000190 0.000317 0.000523 0.000851 0.001367 0.002169 0.003399 0.005258 0.008032 0.012114 0.018037 0.026517 0.038485 0.055141 0.077997 0.108912 0.150130 0.204286 0.274401 0.363828 0.476171 0.615149 0.784403 0.987264 1.226466 1.503833 1.819952 2.173855 2.562751 2.981826 3.424158 3.880762 4.340781 4.791848 5.220591 5.613259 5.956444 6.237834 6.446945 6.575767 6.619278 6.575767 6.446945 6.237834 5.956444 5.613259 5.220591 4.791848 4.340781 3.880762 3.424158 2.981826 2.562751 2.173855 1.819952 1.503833 1.226466 0.987264 0.784403 0.615149 0.476171 0.363828 0.274401 0.204286 0.150130 0.108912 0.077997 0.055141 0.038485 0.026517 0.018037 0.012114 0.008032 0.005258 0.003399 0.002169 0.001367 0.000851 0.000523 0.000317 0.000190 0.000112 0.000066 0.000038 0.000022 0.000012 0.000007 0.000003 0.000001 0.000000 
0.000000 0.000001 0.000003 0.000005 0.000009 0.000016 0.000029 0.000051 0.000089 0.000152 0.000257 0.000428 0.000705 0.001147 0.001843 0.002924 0.004579 0.007082 0.010815 0.016306 0.024273 0.035672 0.051758 0.074140 0.104843 0.146362 0.201704 0.274401 0.368497 0.488485 0.639191 0.825589 1.052550 1.324528 1.645175 2.016922 2.440544 2.914733 3.435741 3.997113 4.589575 5.201090 5.817125 6.421124 6.995189 7.520920 7.980377 8.357087 8.637025 8.809477 8.867725 8.809477 8.637025 8.357087 7.980377 7.520920 6.995189 6.421124 5.817125 5.201090 4.589575 3.997113 3.435741 2.914733 2.440544 2.016922 1.645175 1.324528 1.052550 0.825589 0.639191 0.488485 0.368497 0.274401 0.201704 0.146362 0.104843 0.074140 0.051758 0.035672 0.024273 0.016306 0.010815 0.007082 0.004579 0.002924 0.001843 0.001147 0.000705 0.000428 0.000257 0.000152 0.000089 0.000051 0.000029 0.000016 0.000009 0.000005 0.000002 0.000000 
0.000000 0.000001 0.000003 0.000007 0.000012 0.000022 0.000039 0.000068 0.000118 0.000202 0.000342 0.000570 0.000939 0.001527 0.002452 0.003889 0.006090 0.009415 0.014373 0.021664 0.032240 0.047368 0.068709 0.098395 0.139108 0.194150 0.267498 0.363828 0.488485 0.647412 0.846985 1.093775 1.394218 1.754190 2.178509 2.670376 3.230798 3.858034 4.547114 5.289495 6.072908 6.881438 7.695873 8.494336 9.253177 9.948086 10.555365 11.053257 11.423236 11.651152 11.728132 11.651152 11.423236 11.053257 10.555365 9.948086 9.253177 8.494336 7.695873 6.881438 6.072908 5.289495 4.547114 3.858034 3.230798 2.670376 2.178509 1.754190 1.394218 1.093775 0.846985 0.647412 0.488485 0.363828 0.267498 0.194150 0.139108 0.098395 0.068709 0.047368 0.032240 0.021664 0.014373 0.009415 0.006090 0.003889 0.002452 0.001527 0.000939 0.000570 0.000342 0.000202 0.000118 0.000068 0.000039 0.000022 0.000012 0.000006 0.000003 0.000000 
0.000000 0.000002 0.000004 0.000009 0.000016 0.000029 0.000051 0.000090 0.000156 0.000266 0.000450 0.000750 0.001234 0.002006 0.003221 0.005106 0.007993 0.012354 0.018853 0.028409 0.042265 0.062082 0.090029 0.128895 0.182183 0.254210 0.350172 0.476171 0.639191 0.846985 1.107872 1.430425 1.823034 2.293358 2.847668 3.490128 4.222032 5.041089 5.940797 6.909993 7.932656 8.988009 10.050983 11.093035 12.083313 12.990112 13.782526 14.432180 14.914919 15.212293 15.312731 15.212293 14.914919 14.432180 13.782526 12.990112 12.083313 11.093035 10.050983 8.988009 7.932656 6.909993 5.940797 5.041089 4.222032 3.490128 2.847668 2.293358 1.823034 1.430425 1.107872 0.846985 0.639191 0.476171 0.350172 0.254210 0.182183 0.128895 0.090029 0.062082 0.042265 0.028409 0.018853 0.012354 0.007993 0.005106 0.003221 0.002006 0.001234 0.000750 0.000450 0.000266 0.000156 0.000090 0.000051 0.000029 0.000016 0.000008 0.000003 0.000000 
0.000000 0.000002 0.000006 0.000011 0.000021 0.000038 0.000067 0.000117 0.000202 0.000346 0.000583 0.000972 0.001600 0.002601 0.004174 0.006616 0.010353 0.015998 0.024408 0.036769 0.054688 0.080309 0.116433 0.166658 0.235505 0.328541 0.452466 0.615149 0.825589 1.093775 1.430425 1.846577 2.353032 2.959642 3.674471 4.502860 5.446458 6.502289 7.661954 8.911056 10.228938 11.588832 12.958438 14.300994 15.576769 16.744937 17.765705 18.602545 19.224360 19.607400 19.736771 19.607400 19.224360 18.602545 17.765705 16.744937 15.576769 14.300994 12.958438 11.588832 10.228938 8.911056 7.661954 6.502289 5.446458 4.502860 3.674471 2.959642 2.353032 1.846577 1.430425 1.093775 0.825589 0.615149 0.452466 0.328541 0.235505 0.166658 0.116433 0.080309 0.054688 0.036769 0.024408 0.015998 0.010353 0.006616 0.004174 0.002601 0.001600 0.000972 0.000583 0.000346 0.000202 0.000117 0.000067 0.000037 0.000020 0.000011 0.000004 0.000000 
0.000000 0.000003 0.000007 0.000014 0.000027 0.000048 0.000086 0.000150 0.000259 0.000443 0.000747 0.001245 0.002048 0.003328 0.005340 0.008460 0.013235 0.020446 0.031186 0.046968 0.069841 0.102535 0.148623 0.212686 0.300482 0.419101 0.577070 0.784403 1.052550 1.394218 1.823034 2.353032 2.997936 3.770260 4.680240 5.734644 6.935542 8.279122 9.754678 11.343876 13.020430 14.750286 16.492369 18.199932 19.822464 21.308069 22.606165 23.670329 24.461037 24.948107 25.112613 24.948107 24.461037 23.670329 22.606165 21.308069 19.822464 18.199932 16.492369 14.750286 13.020430 11.343876 9.754678 8.279122 6.935542 5.734644 4.680240 3.770260 2.997936 2.353032 1.823034 1.394218 1.052550 0.784403 0.577070 0.419101 0.300482 0.212686 0.148623 0.102535 0.069841 0.046968 0.031186 0.020446 0.013235 0.008460 0.005340 0.003328 0.002048 0.001245 0.000747 0.000443 0.000259 0.000150 0.000085 0.000048 0.000026 0.000014 0.000006 0.000000 
0.000000 0.000004 0.000009 0.000018 0.000034 0.000061 0.000108 0.000190 0.000328 0.000560 0.000944 0.001573 0.002587 0.004202 0.006740 0.010676 0.016698 0.025789 0.039326 0.059213 0.088028 0.129208 0.187244 0.267897 0.378407 0.527684 0.726443 0.987264 1.324528 1.754190 2.293358 2.959642 3.770260 4.740905 5.884403 7.209222 8.717930 10.405708 12.259084 14.255013 16.360477 18.532709 20.720142 22.864097 24.901178 26.766261 28.395875 29.731771 30.724362 31.335781 31.542284 31.335781 30.724362 29.731771 28.395875 26.766261 24.901178 22.864097 20.720142 18.532709 16.360477 14.255013 12.259084 10.405708 8.717930 7.209222 5.884403 4.740905 3.770260 2.959642 2.293358 1.754190 1.324528 0.987264 0.726443 0.527684 0.378407 0.267897 0.187244 0.129208 0.088028 0.059213 0.039326 0.025789 0.016698 0.010676 0.006740 0.004202 0.002587 0.001573 0.000944 0.000560 0.000328 0.000190 0.000108 0.000061 0.000033 0.000017 0.000007 0.000000 
0.000000 0.000005 0.000012 0.000023 0.000042 0.000076 0.000135 0.000237 0.000409 0.000699 0.001178 0.001961 0.003225 0.005236 0.008397 0.013297 0.020792 0.032103 0.048943 0.073675 0.109504 0.160696 0.232827 0.333048 0.470343 0.655765 0.902606 1.226466 1.645175 2.178509 2.847668 3.674471 4.680240 5.884403 7.302827 8.945974 10.816989 12.909863 15.207861 17.682393 20.292514 22.985209 25.696567 28.353878 30.878595 33.190038 35.209586 36.865086 38.095120 38.852789 39.108685 38.852789 38.095120 36.865086 35.209586 33.190038 30.878595 28.353878 25.696567 22.985209 20.292514 17.682393 15.207861 12.909863 10.816989 8.945974 7.302827 5.884403 4.680240 3.674471 2.847668 2.178509 1.645175 1.226466 0.902606 0.655765 0.470343 0.333048 0.232827 0.160696 0.109504 0.073675 0.048943 0.032103 0.020792 0.013297 0.008397 0.005236 0.003225 0.001961 0.001178 0.000699 0.000409 0.000237 0.000135 0.000076 0.000042 0.000022 0.000009 0.000000 
0.000000 0.000006 0.000015 0.000028 0.000052 0.000094 0.000167 0.000292 0.000504 0.000860 0.001449 0.002413 0.003966 0.006439 0.010323 0.016343 0.025548 0.039438 0.060113 0.090471 0.134439 0.197248 0.285731 0.408647 0.577002 0.804332 1.106910 1.503833 2.016922 2.670376 3.490128 4.502860 5.734644 7.209222 8.945974 10.957662 13.248088 15.809858 18.622457 21.650872 24.844983 28.139916 31.457480 34.708732 37.797607 40.625432 43.096066 45.121283 46.625984 47.552829 47.865861 47.552829 46.625984 45.121283 43.096066 40.625432 37.797607 34.708732 31.457480 28.139916 24.844983 21.650872 18.622457 15.809858 13.248088 10.957662 8.945974 7.209222 5.734644 4.502860 3.490128 2.670376 2.016922 1.503833 1.106910 0.804332 0.577002 0.408647 0.285731 0.197248 0.134439 0.090471 0.060113 0.039438 0.025548 0.016343 0.010323 0.006439 0.003966 0.002413 0.001449 0.000860 0.000504 0.000291 0.000166 0.000093 0.000051 0.000027 0.000011 0.000000 
0.000000 0.000007 0.000018 0.000034 0.000063 0.000114 0.000203 0.000354 0.000612 0.001044 0.001760 0.002929 0.004814 0.007813 0.012523 0.019822 0.030981 0.047814 0.072864 0.109640 0.162893 0.238950 0.346077 0.494866 0.698623 0.973709 1.339794 1.819952 2.440544 3.230798 4.222032 5.446458 6.935542 8.717930 10.816989 13.248088 16.015770 19.111058 22.509129 26.167655 30.026079 34.006037 38.013098 41.939863 45.670343 49.085418 52.069029 54.514676 56.331716 57.450935 57.828937 57.450935 56.331716 54.514676 52.069029 49.085418 45.670343 41.939863 38.013098 34.006037 30.026079 26.167655 22.509129 19.111058 16.015770 13.248088 10.816989 8.717930 6.935542 5.446458 4.222032 3.230798 2.440544 1.819952 1.339794 0.973709 0.698623 0.494866 0.346077 0.238950 0.162893 0.109640 0.072864 0.047814 0.030981 0.019822 0.012523 0.007813 0.004814 0.002929 0.001760 0.001044 0.000612 0.000354 0.000202 0.000114 0.000062 0.000032 0.000014 0.000000 
0.000000 0.000009 0.000021 0.000041 0.000076 0.000137 0.000243 0.000425 0.000734 0.001252 0.002109 0.003509 0.005766 0.009356 0.014993 0.023725 0.037074 0.057207 0.087162 0.131129 0.194784 0.285682 0.413688 0.591449 0.834841 1.163388 1.600552 2.173855 2.914733 3.858034 5.041089 6.502289 8.279122 10.405708 12.909863 15.809858 19.111058 22.802705 26.855153 31.217900 35.818718 40.564168 45.341675 50.023222 54.470568 58.541752 62.098471 65.013821 67.179796 68.513929 68.964512 68.513929 67.179796 65.013821 62.098471 58.541752 54.470568 50.023222 45.341675 40.564168 35.818718 31.217900 26.855153 22.802705 19.111058 15.809858 12.909863 10.405708 8.279122 6.502289 5.041089 3.858034 2.914733 2.173855 1.600552 1.163388 0.834841 0.591449 0.413688 0.285682 0.194784 0.131129 0.087162 0.057207 0.037074 0.023725 0.014993 0.009356 0.005766 0.003509 0.002109 0.001252 0.000734 0.000425 0.000243 0.000136 0.000075 0.000039 0.000016 0.000000 
0.000000 0.000011 0.000025 0.000049 0.000090 0.000162 0.000287 0.000503 0.000868 0.001480 0.002494 0.004148 0.006814 0.011055 0.017712 0.028024 0.043782 0.067545 0.102895 0.154772 0.229866 0.337080 0.488040 0.697643 0.984592 1.371879 1.887131 2.562751 3.435741 4.547114 5.940797 7.661954 9.754678 12.259084 15.207861 18.622457 22.509129 26.855153 31.625590 36.760959 42.176227 47.761420 53.384061 58.893521 64.127157 68.917965 73.103255 76.533752 79.082415 80.652247 81.182432 80.652247 79.082415 76.533752 73.103255 68.917965 64.127157 58.893521 53.384061 47.761420 42.176227 36.760959 31.625590 26.855153 22.509129 18.622457 15.207861 12.259084 9.754678 7.661954 5.940797 4.547114 3.435741 2.562751 1.887131 1.371879 0.984592 0.697643 0.488040 0.337080 0.229866 0.154772 0.102895 0.067545 0.043782 0.028024 0.017712 0.011055 0.006814 0.004148 0.002494 0.001480 0.000868 0.000502 0.000287 0.000161 0.000089 0.000046 0.000019 0.000000 
0.000000 0.000012 0.000029 0.000057 0.000105 0.000189 0.000336 0.000587 0.001013 0.001728 0.002909 0.004838 0.007947 0.012891 0.020649 0.032664 0.051023 0.078702 0.119872 0.180279 0.267707 0.392512 0.568216 0.812139 1.146027 1.596606 2.195988 2.981826 3.997113 5.289495 6.909993 8.911056 11.343876 14.255013 17.682393 21.650872 26.167655 31.217900 36.760959 42.727686 49.019272 55.507947 62.039826 68.439957 74.519457 80.084387 84.945832 88.930461 91.890766 93.714128 94.329935 93.714128 91.890766 88.930461 84.945832 80.084387 74.519457 68.439957 62.039826 55.507947 49.019272 42.727686 36.760959 31.217900 26.167655 21.650872 17.682393 14.255013 11.343876 8.911056 6.909993 5.289495 3.997113 2.981826 2.195988 1.596606 1.146027 0.812139 0.568216 0.392512 0.267707 0.180279 0.119872 0.078702 0.051023 0.032664 0.020649 0.012891 0.007947 0.004838 0.002909 0.001727 0.001013 0.000587 0.000335 0.000189 0.000103 0.000054 0.000023 0.000000 
0.000000 0.000014 0.000034 0.000066 0.000121 0.000218 0.000387 0.000676 0.001167 0.001989 0.003349 0.005569 0.009145 0.014832 0.023754 0.037570 0.058677 0.090495 0.137812 0.207230 0.307685 0.451066 0.652893 0.933048 1.316482 1.833861 2.522023 3.424158 4.589575 6.072908 7.932656 10.228938 13.020430 16.360477 20.292514 24.844983 30.026079 35.818718 42.176227 49.019272 56.234514 63.675431 71.165576 78.504370 85.475279 91.855989 97.429957 101.998512 105.392587 107.483104 108.189134 107.483104 105.392587 101.998512 97.429957 91.855989 85.475279 78.504370 71.165576 63.675431 56.234514 49.019272 42.176227 35.818718 30.026079 24.844983 20.292514 16.360477 13.020430 10.228938 7.932656 6.072908 4.589575 3.424158 2.522023 1.833861 1.316482 0.933048 0.652893 0.451066 0.307685 0.207230 0.137812 0.090495 0.058677 0.037570 0.023754 0.014832 0.009145 0.005569 0.003349 0.001989 0.001167 0.000676 0.000386 0.000217 0.000119 0.000062 0.000026 0.000000 
0.000000 0.000016 0.000038 0.000075 0.000138 0.000248 0.000440 0.000768 0.001326 0.002260 0.003804 0.006325 0.010385 0.016839 0.026965 0.042642 0.066589 0.102683 0.156352 0.235077 0.348986 0.511550 0.740352 1.057912 1.492494 2.078822 2.858611 3.880762 5.201090 6.881438 8.988009 11.588832 14.750286 18.532709 22.985209 28.139916 34.006037 40.564168 47.761420 55.507947 63.675431 72.098015 80.576000 88.882390 96.772156 103.993744 110.302139 115.472561 119.313725 121.679599 122.478622 121.679599 119.313725 115.472561 110.302139 103.993744 96.772156 88.882390 80.576000 72.098015 63.675431 55.507947 47.761420 40.564168 34.006037 28.139916 22.985209 18.532709 14.750286 11.588832 8.988009 6.881438 5.201090 3.880762 2.858611 2.078822 1.492494 1.057912 0.740352 0.511550 0.348986 0.235077 0.156352 0.102683 0.066589 0.042642 0.026965 0.016839 0.010384 0.006324 0.003804 0.002260 0.001326 0.000768 0.000439 0.000247 0.000136 0.000070 0.000030 0.000000 
0.000000 0.000018 0.000043 0.000084 0.000155 0.000278 0.000493 0.000861 0.001486 0.002533 0.004264 0.007087 0.011635 0.018865 0.030205 0.047759 0.074570 0.114975 0.175048 0.263156 0.390627 0.572524 0.828510 1.183762 1.669874 2.325664 3.197750 4.340781 5.817125 7.695873 10.050983 12.958438 16.492369 20.720142 25.696567 31.457480 38.013098 45.341675 53.384061 62.039826 71.165576 80.576000 90.047997 99.327999 108.142310 116.209959 123.257294 129.033270 133.324259 135.967172 136.859755 135.967172 133.324259 129.033270 123.257294 116.209959 108.142310 99.327999 90.047997 80.576000 71.165576 62.039826 53.384061 45.341675 38.013098 31.457480 25.696567 20.720142 16.492369 12.958438 10.050983 7.695873 5.817125 4.340781 3.197750 2.325664 1.669874 1.183762 0.828510 0.572524 0.390627 0.263156 0.175048 0.114975 0.074570 0.047759 0.030205 0.018865 0.011635 0.007087 0.004264 0.002533 0.001486 0.000861 0.000492 0.000277 0.000152 0.000079 0.000033 0.000000 
