0.000000 0.000000 0.000000 0.000000 0.000000 0.000000 0.000000 0.000000 0.000000 0.000000 0.000000 0.000000 0.000000 0.000000 0.000000 0.000000 0.000000 0.000000 0.000000 0.000000 0.000000 0.000000 0.000000 0.000000 0.000000 0.000000 0.000000 0.000000 0.000000 0.000000 0.000000 0.000000 0.000000 0.000000 0.000000 0.000000 0.000000 0.000000 0.000000 0.000000 0.000000 0.000000 0.000000 0.000000 0.000000 0.000000 0.000000 0.000000 0.000000 0.000000 0.000000 0.000000 0.000000 0.000000 0.000000 0.000000 0.000000 0.000000 0.000000 0.000000 0.000000 0.000000 0.000000 0.000000 0.000000 0.000000 0.000000 0.000000 0.000000 0.000000 0.000000 0.000000 0.000000 0.000000 0.000000 0.000000 0.000000 0.000000 0.000000 0.000000 0.000000 0.000000 0.000000 0.000000 0.000000 0.000000 0.000000 0.000000 0.000000 0.000000 0.000000 0.000000 0.000000 0.000000 0.000000 0.000000 0.000000 0.000000 0.000000 0.000000 
0.000000 0.000000 0.000000 0.000000 0.000000 0.000000 0.000000 0.000000 0.000000 0.000000 0.000000 0.000001 0.000001 0.000001 0.000002 0.000003 0.000004 0.000005 0.000007 0.000009 0.000012 0.000016 0.000022 0.000028 0.000036 0.000047 0.000059 0.000075 0.000093 0.000115 0.000141 0.000170 0.000204 0.000242 0.000284 0.000331 0.000381 0.000435 0.000492 0.000551 0.000610 0.000670 0.000728 0.000784 0.000835 0.000882 0.000921 0.000953 0.000977 0.000992 0.000996 0.000992 0.000977 0.000953 0.000921 0.000882 0.000835 0.000784 0.000728 0.000670 0.000610 0.000551 0.000492 0.000435 0.000381 0.000331 0.000284 0.000242 0.000204 0.000170 0.000141 0.000115 0.000093 0.000075 0.000059 0.000047 0.000036 0.000028 0.000022 0.000016 0.000012 0.000009 0.000007 0.000005 0.000004 0.000003 0.000002 0.000001 0.000001 0.000001 0.000000 0.000000 0.000000 0.000000 0.000000 0.000000 0.000000 0.000000 0.000000 0.000000 
0.000000 0.000000 0.000000 0.000000 0.000000 0.000000 0.000000 0.000000 0.000000 0.000001 0.000001 0.000001 0.000002 0.000003 0.000004 0.000006 0.000008 0.000011 0.000015 0.000020 0.000027 0.000036 0.000047 0.000062 0.000080 0.000103 0.000131 0.000165 0.000205 0.000253 0.000309 0.000374 0.000448 0.000532 0.000625 0.000727 0.000838 0.000957 0.001082 0.001210 0.001342 0.001472 0.001600 0.001722 0.001836 0.001937 0.002025 0.002095 0.002147 0.002179 0.002190 0.002179 0.002147 0.002095 0.002025 0.001937 0.001836 0.001722 0.001600 0.001472 0.001342 0.001210 0.001082 0.000957 0.000838 0.000727 0.000625 0.000532 0.000448 0.000374 0.000309 0.000253 0.000205 0.000165 0.000131 0.000103 0.000080 0.000062 0.000047 0.000036 0.000027 0.000020 0.000015 0.000011 0.000008 0.000006 0.000004 0.000003 0.000002 0.000001 0.000001 0.000001 0.000000 0.000000 0.000000 0.000000 0.000000 0.000000 0.000000 0.000000 
0.000000 0.000000 0.000000 0.000000 0.000000 0.000000 0.000000 0.000000 0.000001 0.000001 0.000002 0.000002 0.000003 0.000005 0.000007 0.000010 0.000013 0.000019 0.000026 0.000035 0.000047 0.000063 0.000083 0.000108 0.000140 0.000179 0.000228 0.000286 0.000357 0.000440 0.000538 0.000651 0.000780 0.000926 0.001088 0.001266 0.001459 0.001665 0.001881 0.002106 0.002333 0.002561 0.002783 0.002995 0.003192 0.003369 0.003521 0.003644 0.003734 0.003789 0.003808 0.003789 0.003734 0.003644 0.003521 0.003369 0.003192 0.002995 0.002783 0.002561 0.002333 0.002106 0.001881 0.001665 0.001459 0.001266 0.001088 0.000926 0.000780 0.000651 0.000538 0.000440 0.000357 0.000286 0.000228 0.000179 0.000140 0.000108 0.000083 0.000063 0.000047 0.000035 0.000026 0.000019 0.000013 0.000010 0.000007 0.000005 0.000003 0.000002 0.000002 0.000001 0.000001 0.000000 0.000000 0.000000 0.000000 0.000000 0.000000 0.000000 
0.000000 0.000000 0.000000 0.000000 0.000000 0.000000 0.000000 0.000001 0.000001 0.000002 0.000003 0.000004 0.000005 0.000008 0.000011 0.000016 0.000022 0.000030 0.000042 0.000056 0.000076 0.000101 0.000134 0.000175 0.000226 0.000290 0.000368 0.000463 0.000577 0.000711 0.000869 0.001051 0.001260 0.001495 0.001756 0.002043 0.002355 0.002687 0.003037 0.003398 0.003766 0.004133 0.004491 0.004833 0.005151 0.005436 0.005680 0.005878 0.006024 0.006113 0.006143 0.006113 0.006024 0.005878 0.005680 0.005436 0.005151 0.004833 0.004491 0.004133 0.003766 0.003398 0.003037 0.002687 0.002355 0.002043 0.001756 0.001495 0.001260 0.001051 0.000869 0.000711 0.000577 0.000463 0.000368 0.000290 0.000226 0.000175 0.000134 0.000101 0.000076 0.000056 0.000042 0.000030 0.000022 0.000016 0.000011 0.000008 0.000005 0.000004 0.000003 0.000002 0.000001 0.000001 0.000000 0.000000 0.000000 0.000000 0.000000 0.000000 
0.000000 0.000000 0.000000 0.000000 0.000000 0.000001 0.000001 0.000001 0.000002 0.000003 0.000004 0.000006 0.000008 0.000012 0.000017 0.000025 0.000034 0.000047 0.000065 0.000088 0.000119 0.000158 0.000209 0.000273 0.000354 0.000454 0.000576 0.000724 0.000902 0.001113 0.001359 0.001644 0.001970 0.002337 0.002745 0.003194 0.003680 0.004199 0.004745 0.005309 0.005883 0.006456 0.007016 0.007550 0.008045 0.008490 0.008872 0.009181 0.009409 0.009548 0.009594 0.009548 0.009409 0.009181 0.008872 0.008490 0.008045 0.007550 0.007016 0.006456 0.005883 0.005309 0.004745 0.004199 0.003680 0.003194 0.002745 0.002337 0.001970 0.001644 0.001359 0.001113 0.000902 0.000724 0.000576 0.000454 0.000354 0.000273 0.000209 0.000158 0.000119 0.000088 0.000065 0.000047 0.000034 0.000025 0.000017 0.000012 0.000008 0.000006 0.000004 0.000003 0.000002 0.000001 0.000001 0.000000 0.000000 0.000000 0.000000 0.000000 
0.000000 0.000000 0.000000 0.000000 0.000000 0.000001 0.000001 0.000002 0.000003 0.000004 0.000006 0.000009 0.000013 0.000019 0.000027 0.000038 0.000053 0.000073 0.000100 0.000136 0.000183 0.000244 0.000322 0.000420 0.000544 0.000698 0.000886 0.001113 0.001386 0.001710 0.002088 0.002525 0.003025 0.003588 0.004215 0.004904 0.005649 0.006446 0.007282 0.008148 0.009029 0.009907 0.010765 0.011583 0.012343 0.013025 0.013611 0.014084 0.014433 0.014646 0.014718 0.014646 0.014433 0.014084 0.013611 0.013025 0.012343 0.011583 0.010765 0.009907 0.009029 0.008148 0.007282 0.006446 0.005649 0.004904 0.004215 0.003588 0.003025 0.002525 0.002088 0.001710 0.001386 0.001113 0.000886 0.000698 0.000544 0.000420 0.000322 0.000244 0.000183 0.000136 0.000100 0.000073 0.000053 0.000038 0.000027 0.000019 0.000013 0.000009 0.000006 0.000004 0.000003 0.000002 0.000001 0.000001 0.000000 0.000000 0.000000 0.000000 
0.000000 0.000000 0.000000 0.000000 0.000001 0.000001 0.000002 0.000003 0.000004 0.000006 0.000009 0.000014 0.000020 0.000029 0.000041 0.000057 0.000080 0.000111 0.000152 0.000207 0.000278 0.000371 0.000489 0.000639 0.000826 0.001059 0.001344 0.001690 0.002104 0.002594 0.003168 0.003831 0.004588 0.005441 0.006391 0.007434 0.008564 0.009770 0.011037 0.012348 0.013681 0.015011 0.016310 0.017550 0.018700 0.019732 0.020618 0.021336 0.021863 0.022186 0.022294 0.022186 0.021863 0.021336 0.020618 0.019732 0.018700 0.017550 0.016310 0.015011 0.013681 0.012348 0.011037 0.009770 0.008564 0.007434 0.006391 0.005441 0.004588 0.003831 0.003168 0.002594 0.002104 0.001690 0.001344 0.001059 0.000826 0.000639 0.000489 0.000371 0.000278 0.000207 0.000152 0.000111 0.000080 0.000057 0.000041 0.000029 0.000020 0.000014 0.000009 0.000006 0.000004 0.000003 0.000002 0.000001 0.000001 0.000000 0.000000 0.000000 
0.000000 0.000000 0.000000 0.000001 0.000001 0.000002 0.000003 0.000004 0.000006 0.000010 0.000014 0.000021 0.000030 0.000043 0.000061 0.000087 0.000121 0.000167 0.000229 0.000311 0.000418 0.000557 0.000735 0.000960 0.001242 0.001591 0.002019 0.002538 0.003159 0.003894 0.004755 0.005749 0.006884 0.008164 0.009588 0.011152 0.012845 0.014652 0.016552 0.018516 0.020513 0.022506 0.024452 0.026308 0.028031 0.029577 0.030905 0.031979 0.032769 0.033253 0.033415 0.033253 0.032769 0.031979 0.030905 0.029577 0.028031 0.026308 0.024452 0.022506 0.020513 0.018516 0.016552 0.014652 0.012845 0.011152 0.009588 0.008164 0.006884 0.005749 0.004755 0.003894 0.003159 0.002538 0.002019 0.001591 0.001242 0.000960 0.000735 0.000557 0.000418 0.000311 0.000229 0.000167 0.000121 0.000087 0.000061 0.000043 0.000030 0.000021 0.000014 0.000010 0.000006 0.000004 0.000003 0.000002 0.000001 0.000001 0.000000 0.000000 
0.000000 0.000000 0.000001 0.000001 0.000002 0.000003 0.000004 0.000006 0.000010 0.000014 0.000021 0.000031 0.000045 0.000064 0.000091 0.000129 0.000180 0.000249 0.000341 0.000463 0.000623 0.000829 0.001094 0.001428 0.001847 0.002367 0.003003 0.003774 0.004697 0.005789 0.007067 0.008544 0.010229 0.012129 0.014244 0.016565 0.019078 0.021760 0.024579 0.027494 0.030457 0.033413 0.036300 0.039054 0.041610 0.043902 0.045872 0.047465 0.048637 0.049354 0.049595 0.049354 0.048637 0.047465 0.045872 0.043902 0.041610 0.039054 0.036300 0.033413 0.030457 0.027494 0.024579 0.021760 0.019078 0.016565 0.014244 0.012129 0.010229 0.008544 0.007067 0.005789 0.004697 0.003774 0.003003 0.002367 0.001847 0.001428 0.001094 0.000829 0.000623 0.000463 0.000341 0.000249 0.000180 0.000129 0.000091 0.000064 0.000045 0.000031 0.000021 0.000014 0.000010 0.000006 0.000004 0.000003 0.000002 0.000001 0.000000 0.000000 
0.000000 0.000000 0.000001 0.000002 0.000003 0.000004 0.000006 0.000009 0.000014 0.000021 0.000031 0.000046 0.000066 0.000095 0.000135 0.000190 0.000266 0.000368 0.000504 0.000684 0.000919 0.001223 0.001612 0.002105 0.002722 0.003487 0.004424 0.005558 0.006917 0.008524 0.010404 0.012576 0.015056 0.017850 0.020959 0.024372 0.028067 0.032009 0.036153 0.040437 0.044792 0.049135 0.053378 0.057425 0.061180 0.064548 0.067442 0.069783 0.071504 0.072557 0.072912 0.072557 0.071504 0.069783 0.067442 0.064548 0.061180 0.057425 0.053378 0.049135 0.044792 0.040437 0.036153 0.032009 0.028067 0.024372 0.020959 0.017850 0.015056 0.012576 0.010404 0.008524 0.006917 0.005558 0.004424 0.003487 0.002722 0.002105 0.001612 0.001223 0.000919 0.000684 0.000504 0.000368 0.000266 0.000190 0.000135 0.000095 0.000066 0.000046 0.000031 0.000021 0.000014 0.000009 0.000006 0.000004 0.000002 0.000001 0.000001 0.000000 
0.000000 0.000001 0.000001 0.000002 0.000004 0.000006 0.000009 0.000014 0.000021 0.000031 0.000046 0.000067 0.000097 0.000139 0.000198 0.000278 0.000389 0.000538 0.000736 0.000999 0.001342 0.001786 0.002354 0.003073 0.003974 0.005090 0.006456 0.008110 0.010090 0.012433 0.015173 0.018339 0.021951 0.026022 0.030551 0.035522 0.040903 0.046644 0.052678 0.058916 0.065256 0.071579 0.077755 0.083645 0.089111 0.094014 0.098226 0.101632 0.104138 0.105670 0.106186 0.105670 0.104138 0.101632 0.098226 0.094014 0.089111 0.083645 0.077755 0.071579 0.065256 0.058916 0.052678 0.046644 0.040903 0.035522 0.030551 0.026022 0.021951 0.018339 0.015173 0.012433 0.010090 0.008110 0.006456 0.005090 0.003974 0.003073 0.002354 0.001786 0.001342 0.000999 0.000736 0.000538 0.000389 0.000278 0.000198 0.000139 0.000097 0.000067 0.000046 0.000031 0.000021 0.000014 0.000009 0.000006 0.000004 0.000002 0.000001 0.000000 
0.000000 0.000001 0.000002 0.000003 0.000005 0.000008 0.000013 0.000020 0.000030 0.000045 0.000066 0.000097 0.000140 0.000201 0.000286 0.000403 0.000563 0.000778 0.001066 0.001446 0.001942 0.002584 0.003406 0.004445 0.005747 0.007359 0.009332 0.011721 0.014581 0.017965 0.021921 0.026491 0.031705 0.037581 0.044116 0.051289 0.059053 0.067336 0.076039 0.085037 0.094181 0.103300 0.112206 0.120701 0.128582 0.135652 0.141726 0.146637 0.150249 0.152458 0.153202 0.152458 0.150249 0.146637 0.141726 0.135652 0.128582 0.120701 0.112206 0.103300 0.094181 0.085037 0.076039 0.067336 0.059053 0.051289 0.044116 0.037581 0.031705 0.026491 0.021921 0.017965 0.014581 0.011721 0.009332 0.007359 0.005747 0.004445 0.003406 0.002584 0.001942 0.001446 0.001066 0.000778 0.000563 0.000403 0.000286 0.000201 0.000140 0.000097 0.000066 0.000045 0.000030 0.000020 0.000013 0.000008 0.000005 0.000003 0.000001 0.000000 
0.000000 0.000001 0.000003 0.000005 0.000008 0.000012 0.000019 0.000029 0.000043 0.000064 0.000095 0.000139 0.000201 0.000289 0.000411 0.000579 0.000808 0.001117 0.001529 0.002073 0.002784 0.003704 0.004880 0.006369 0.008232 0.010539 0.013364 0.016783 0.020874 0.025714 0.031373 0.037908 0.045365 0.053766 0.063109 0.073362 0.084459 0.096297 0.108734 0.121593 0.134658 0.147687 0.160411 0.172547 0.183806 0.193905 0.202580 0.209595 0.214755 0.217911 0.218973 0.217911 0.214755 0.209595 0.202580 0.193905 0.183806 0.172547 0.160411 0.147687 0.134658 0.121593 0.108734 0.096297 0.084459 0.073362 0.063109 0.053766 0.045365 0.037908 0.031373 0.025714 0.020874 0.016783 0.013364 0.010539 0.008232 0.006369 0.004880 0.003704 0.002784 0.002073 0.001529 0.001117 0.000808 0.000579 0.000411 0.000289 0.000201 0.000139 0.000095 0.000064 0.000043 0.000029 0.000019 0.000012 0.000007 0.000004 0.000002 0.000000 
0.000000 0.000002 0.000004 0.000007 0.000011 0.000017 0.000027 0.000041 0.000061 0.000091 0.000135 0.000198 0.000286 0.000411 0.000584 0.000823 0.001148 0.001587 0.002172 0.002944 0.003953 0.005258 0.006927 0.009039 0.011682 0.014953 0.018957 0.023804 0.029603 0.036462 0.044480 0.053739 0.064302 0.076201 0.089434 0.103953 0.119666 0.136427 0.154035 0.172238 0.190733 0.209175 0.227184 0.244359 0.260293 0.274585 0.286862 0.296789 0.304089 0.308556 0.310059 0.308556 0.304089 0.296789 0.286862 0.274585 0.260293 0.244359 0.227184 0.209175 0.190733 0.172238 0.154035 0.136427 0.119666 0.103953 0.089434 0.076201 0.064302 0.053739 0.044480 0.036462 0.029603 0.023804 0.018957 0.014953 0.011682 0.009039 0.006927 0.005258 0.003953 0.002944 0.002172 0.001587 0.001148 0.000823 0.000584 0.000411 0.000286 0.000198 0.000135 0.000091 0.000061 0.000041 0.000027 0.000017 0.000011 0.000006 0.000003 0.000000 
0.000000 0.000003 0.000006 0.000010 0.000016 0.000025 0.000038 0.000057 0.000087 0.000129 0.000190 0.000278 0.000403 0.000579 0.000823 0.001159 0.001616 0.002233 0.003056 0.004142 0.005561 0.007395 0.009741 0.012708 0.016421 0.021016 0.026640 0.033446 0.041588 0.051217 0.062471 0.075466 0.090290 0.106986 0.125552 0.145921 0.167963 0.191472 0.216168 0.241695 0.267631 0.293491 0.318742 0.342824 0.365163 0.385201 0.402411 0.416328 0.426562 0.432824 0.434931 0.432824 0.426562 0.416328 0.402411 0.385201 0.365163 0.342824 0.318742 0.293491 0.267631 0.241695 0.216168 0.191472 0.167963 0.145921 0.125552 0.106986 0.090290 0.075466 0.062471 0.051217 0.041588 0.033446 0.026640 0.021016 0.016421 0.012708 0.009741 0.007395 0.005561 0.004142 0.003056 0.002233 0.001616 0.001159 0.000823 0.000579 0.000403 0.000278 0.000190 0.000129 0.000086 0.000057 0.000038 0.000024 0.000015 0.000009 0.000004 0.000000 
0.000000 0.000004 0.000008 0.000013 0.000022 0.000034 0.000053 0.000080 0.000121 0.000180 0.000266 0.000389 0.000563 0.000808 0.001148 0.001616 0.002254 0.003113 0.004260 0.005773 0.007749 0.010303 0.013568 0.017698 0.022866 0.029260 0.037084 0.046551 0.057876 0.071267 0.086916 0.104984 0.125591 0.148800 0.174604 0.202913 0.233543 0.266209 0.300521 0.335987 0.372018 0.407940 0.443015 0.476464 0.507492 0.535321 0.559224 0.578551 0.592765 0.601460 0.604387 0.601460 0.592765 0.578551 0.559224 0.535321 0.507492 0.476464 0.443015 0.407940 0.372018 0.335987 0.300521 0.266209 0.233543 0.202913 0.174604 0.148800 0.125591 0.104984 0.086916 0.071267 0.057876 0.046551 0.037084 0.029260 0.022866 0.017698 0.013568 0.010303 0.007749 0.005773 0.004260 0.003113 0.002254 0.001616 0.001148 0.000808 0.000563 0.000389 0.000266 0.000180 0.000121 0.000080 0.000052 0.000034 0.000021 0.000012 0.000006 0.000000 
0.000000 0.000005 0.000011 0.000019 0.000030 0.000047 0.000073 0.000111 0.000167 0.000249 0.000368 0.000538 0.000778 0.001117 0.001587 0.002233 0.003113 0.004300 0.005881 0.007969 0.010695 0.014218 0.018721 0.024416 0.031539 0.040353 0.051136 0.064182 0.079786 0.098234 0.119789 0.144675 0.173054 0.205013 0.240542 0.279516 0.321681 0.366646 0.413873 0.462685 0.512271 0.561705 0.609971 0.655996 0.698689 0.736979 0.769865 0.796456 0.816011 0.827973 0.832000 0.827973 0.816011 0.796456 0.769865 0.736979 0.698689 0.655996 0.609971 0.561705 0.512271 0.462685 0.413873 0.366646 0.321681 0.279516 0.240542 0.205013 0.173054 0.144675 0.119789 0.098234 0.079786 0.064182 0.051136 0.040353 0.031539 0.024416 0.018721 0.014218 0.010695 0.007969 0.005881 0.004300 0.003113 0.002233 0.001587 0.001117 0.000778 0.000538 0.000368 0.000249 0.000167 0.000111 0.000073 0.000047 0.000029 0.000017 0.000008 0.000000 
0.000000 0.000007 0.000015 0.000026 0.000042 0.000065 0.000100 0.000152 0.000229 0.000341 0.000504 0.000736 0.001066 0.001529 0.002172 0.003056 0.004260 0.005881 0.008044 0.010897 0.014623 0.019436 0.025587 0.033365 0.043093 0.055127 0.069849 0.087657 0.108954 0.134130 0.163543 0.197496 0.236211 0.279806 0.328266 0.381420 0.438921 0.500235 0.564630 0.631181 0.698782 0.766172 0.831967 0.894705 0.952897 1.005087 1.049910 1.086152 1.112803 1.129107 1.134595 1.129107 1.112803 1.086152 1.049910 1.005087 0.952897 0.894705 0.831967 0.766172 0.698782 0.631181 0.564630 0.500235 0.438921 0.381420 0.328266 0.279806 0.236211 0.197496 0.163543 0.134130 0.108954 0.087657 0.069849 0.055127 0.043093 0.033365 0.025587 0.019436 0.014623 0.010897 0.008044 0.005881 0.004260 0.003056 0.002172 0.001529 0.001066 0.000736 0.000504 0.000341 0.000229 0.000152 0.000100 0.000064 0.000040 0.000023 0.000010 0.000000 
0.000000 0.000009 0.000020 0.000035 0.000056 0.000088 0.000136 0.000207 0.000311 0.000463 0.000684 0.000999 0.001446 0.002073 0.002944 0.004142 0.005773 0.007969 0.010897 0.014760 0.019803 0.026317 0.034641 0.045164 0.058323 0.074600 0.094509 0.118589 0.147383 0.181417 0.221175 0.267063 0.319384 0.378292 0.443768 0.515580 0.593259 0.676083 0.763061 0.852946 0.944244 1.035252 1.124101 1.208818 1.287394 1.357863 1.418383 1.467315 1.503299 1.525311 1.532721 1.525311 1.503299 1.467315 1.418383 1.357863 1.287394 1.208818 1.124101 1.035252 0.944244 0.852946 0.763061 0.676083 0.593259 0.515580 0.443768 0.378292 0.319384 0.267063 0.221175 0.181417 0.147383 0.118589 0.094509 0.074600 0.058323 0.045164 0.034641 0.026317 0.019803 0.014760 0.010897 0.007969 0.005773 0.004142 0.002944 0.002073 0.001446 0.000999 0.000683 0.000463 0.000311 0.000206 0.000135 0.000087 0.000054 0.000031 0.000014 0.000000 
0.000000 0.000012 0.000027 0.000047 0.000076 0.000119 0.000183 0.000278 0.000418 0.000623 0.000919 0.001342 0.001942 0.002784 0.003953 0.005561 0.007749 0.010695 0.014623 0.019803 0.026564 0.035296 0.046454 0.060557 0.078190 0.099997 0.126668 0.158922 0.197485 0.243061 0.296295 0.357732 0.427772 0.506625 0.594261 0.690368 0.794320 0.905147 1.021527 1.141787 1.263931 1.385680 1.504535 1.617858 1.722962 1.817219 1.898167 1.963614 2.011742 2.041183 2.051092 2.041183 2.011742 1.963614 1.898167 1.817219 1.722962 1.617858 1.504535 1.385680 1.263931 1.141787 1.021527 0.905147 0.794320 0.690368 0.594261 0.506625 0.427772 0.357732 0.296295 0.243061 0.197485 0.158922 0.126668 0.099997 0.078190 0.060557 0.046454 0.035296 0.026564 0.019803 0.014623 0.010695 0.007749 0.005561 0.003953 0.002784 0.001942 0.001342 0.000918 0.000623 0.000418 0.000278 0.000182 0.000117 0.000073 0.000042 0.000019 0.000000 
0.000000 0.000016 0.000036 0.000063 0.000101 0.000158 0.000244 0.000371 0.000557 0.000829 0.001223 0.001786 0.002584 0.003704 0.005258 0.007395 0.010303 0.014218 0.019436 0.026317 0.035296 0.046892 0.061705 0.080427 0.103832 0.132773 0.168164 0.210958 0.262118 0.322574 0.393181 0.474660 0.567540 0.672095 0.788286 0.915699 1.053501 1.200406 1.354660 1.514048 1.675923 1.837267 1.994769 2.144933 2.284201 2.409093 2.516347 2.603061 2.666826 2.705833 2.718962 2.705833 2.666826 2.603061 2.516347 2.409093 2.284201 2.144933 1.994769 1.837267 1.675923 1.514048 1.354660 1.200406 1.053501 0.915699 0.788286 0.672095 0.567540 0.474660 0.393181 0.322574 0.262118 0.210958 0.168164 0.132773 0.103832 0.080427 0.061705 0.046892 0.035296 0.026317 0.019436 0.014218 0.010303 0.007395 0.005258 0.003704 0.002584 0.001786 0.001223 0.000829 0.000557 0.000370 0.000242 0.000156 0.000097 0.000056 0.000026 0.000000 
0.000000 0.000022 0.000047 0.000083 0.000134 0.000209 0.000322 0.000489 0.000735 0.001094 0.001612 0.002354 0.003406 0.004880 0.006927 0.009741 0.013568 0.018721 0.025587 0.034641 0.046454 0.061705 0.081186 0.105804 0.136577 0.174623 0.221142 0.277385 0.344614 0.424053 0.516819 0.623858 0.745863 0.883193 1.035792 1.203116 1.384070 1.576964 1.779495 1.988754 2.201267 2.413071 2.619823 2.816933 2.999736 3.163663 3.304436 3.418248 3.501938 3.553133 3.570364 3.553133 3.501938 3.418248 3.304436 3.163663 2.999736 2.816933 2.619823 2.413071 2.201267 1.988754 1.779495 1.576964 1.384070 1.203116 1.035792 0.883193 0.745863 0.623858 0.516819 0.424053 0.344614 0.277385 0.221142 0.174623 0.136577 0.105804 0.081186 0.061705 0.046454 0.034641 0.025587 0.018721 0.013568 0.009741 0.006927 0.004880 0.003405 0.002354 0.001612 0.001093 0.000734 0.000488 0.000320 0.000206 0.000128 0.000074 0.000034 0.000000 
0.000000 0.000028 0.000062 0.000108 0.000175 0.000273 0.000420 0.000639 0.000960 0.001428 0.002105 0.003073 0.004445 0.006369 0.009039 0.012708 0.017698 0.024416 0.033365 0.045164 0.060557 0.080427 0.105804 0.137869 0.177944 0.227486 0.288053 0.361273 0.448786 0.552180 0.672908 0.812199 0.970950 1.149626 1.348152 1.565818 1.801197 2.052091 2.315503 2.587649 2.864012 3.139440 3.408286 3.664586 3.902273 4.115412 4.298440 4.446412 4.555219 4.621779 4.644182 4.621779 4.555219 4.446412 4.298440 4.115412 3.902273 3.664586 3.408286 3.139440 2.864012 2.587649 2.315503 2.052091 1.801197 1.565818 1.348152 1.149626 0.970950 0.812199 0.672908 0.552180 0.448786 0.361273 0.288053 0.227486 0.177944 0.137869 0.105804 0.080427 0.060557 0.045164 0.033365 0.024416 0.017698 0.012708 0.009039 0.006369 0.004445 0.003073 0.002105 0.001428 0.000959 0.000637 0.000418 0.000269 0.000168 0.000097 0.000044 0.000000 
0.000000 0.000036 0.000080 0.000140 0.000226 0.000354 0.000544 0.000826 0.001242 0.001847 0.002722 0.003974 0.005747 0.008232 0.011682 0.016421 0.022866 0.031539 0.043093 0.058323 0.078190 0.103832 0.136577 0.177944 0.229641 0.293540 0.371652 0.466071 0.578909 0.712210 0.867844 1.047390 1.252004 1.482279 1.738116 2.018597 2.321883 2.645138 2.984500 3.335095 3.691105 4.045894 4.392189 4.722312 5.028451 5.302964 5.538690 5.729264 5.869395 5.955116 5.983967 5.955116 5.869395 5.729264 5.538690 5.302964 5.028451 4.722312 4.392189 4.045894 3.691105 3.335095 2.984500 2.645138 2.321883 2.018597 1.738116 1.482279 1.252004 1.047390 0.867844 0.712210 0.578909 0.466071 0.371652 0.293540 0.229641 0.177944 0.136577 0.103832 0.078190 0.058323 0.043093 0.031539 0.022866 0.016421 0.011682 0.008232 0.005747 0.003974 0.002722 0.001847 0.001241 0.000824 0.000541 0.000348 0.000217 0.000125 0.000057 0.000000 
0.000000 0.000047 0.000103 0.000179 0.000290 0.000454 0.000698 0.001059 0.001591 0.002367 0.003487 0.005090 0.007359 0.010539 0.014953 0.021016 0.029260 0.040353 0.055127 0.074600 0.099997 0.132773 0.174623 0.227486 0.293540 0.375178 0.474962 0.595563 0.739677 0.909909 1.108643 1.337891 1.599122 1.893092 2.219670 2.577680 2.964772 3.377325 3.810410 4.257806 4.712090 5.164795 5.606645 6.027844 6.418430 6.768656 7.069393 7.312519 7.491290 7.600646 7.637453 7.600646 7.491290 7.312519 7.069393 6.768656 6.418430 6.027844 5.606645 5.164795 4.712090 4.257806 3.810410 3.377325 2.964772 2.577680 2.219670 1.893092 1.599122 1.337891 1.108643 0.909909 0.739677 0.595563 0.474962 0.375178 0.293540 0.227486 0.174623 0.132773 0.099997 0.074600 0.055127 0.040353 0.029259 0.021016 0.014953 0.010539 0.007358 0.005089 0.003487 0.002366 0.001590 0.001057 0.000693 0.000447 0.000278 0.000161 0.000073 0.000000 
0.000000 0.000059 0.000131 0.000228 0.000368 0.000576 0.000886 0.001344 0.002019 0.003003 0.004424 0.006456 0.009332 0.013364 0.018957 0.026640 0.037084 0.051136 0.069849 0.094509 0.126668 0.168164 0.221142 0.288053 0.371652 0.474962 0.601221 0.753806 0.936120 1.151455 1.402821 1.692757 2.023116 2.394849 2.807785 3.260434 3.749820 4.271365 4.818835 5.384367 5.958577 6.530768 7.089216 7.621545 8.115170 8.557777 8.937831 9.245075 9.470989 9.609183 9.655694 9.609183 9.470989 9.245075 8.937831 8.557777 8.115170 7.621545 7.089216 6.530768 5.958577 5.384367 4.818835 4.271365 3.749820 3.260434 2.807785 2.394849 2.023116 1.692757 1.402821 1.151455 0.936120 0.753806 0.601221 0.474962 0.371652 0.288053 0.221142 0.168164 0.126668 0.094509 0.069849 0.051136 0.037084 0.026640 0.018957 0.013364 0.009332 0.006455 0.004423 0.003002 0.002017 0.001341 0.000880 0.000567 0.000354 0.000204 0.000093 0.000000 
0.000000 0.000075 0.000165 0.000286 0.000463 0.000724 0.001113 0.001690 0.002538 0.003774 0.005558 0.008110 0.011721 0.016783 0.023804 0.033446 0.046551 0.064182 0.087657 0.118589 0.158922 0.210958 0.277385 0.361273 0.466071 0.595563 0.753806 0.945024 1.173476 1.443282 1.758206 2.121421 2.535245 3.000860 3.518047 4.084936 4.697797 5.350891 6.036413 6.744516 7.463453 8.179831 8.878977 9.545402 10.163355 10.717426 11.193181 11.577787 11.860580 12.033565 12.091787 12.033565 11.860580 11.577787 11.193181 10.717426 10.163355 9.545402 8.878977 8.179831 7.463453 6.744516 6.036413 5.350891 4.697797 4.084936 3.518047 3.000860 2.535245 2.121421 1.758206 1.443282 1.173476 0.945024 0.753806 0.595563 0.466071 0.361273 0.277385 0.210958 0.158922 0.118589 0.087657 0.064182 0.046551 0.033446 0.023804 0.016782 0.011721 0.008109 0.005557 0.003772 0.002535 0.001686 0.001107 0.000713 0.000445 0.000257 0.000117 0.000000 
0.000000 0.000093 0.000205 0.000357 0.000577 0.000902 0.001386 0.002104 0.003159 0.004697 0.006917 0.010090 0.014581 0.020874 0.029603 0.041588 0.057876 0.079786 0.108954 0.147383 0.197485 0.262118 0.344614 0.448786 0.578909 0.739677 0.936120 1.173476 1.457026 1.791873 2.182682 2.633383 3.146843 3.724523 4.366146 5.069383 5.829603 6.639687 7.489949 8.368176 9.259802 10.148219 11.015234 11.841646 12.607928 13.294977 13.884903 14.361797 14.712445 14.926936 14.999126 14.926936 14.712445 14.361797 13.884903 13.294977 12.607928 11.841646 11.015234 10.148219 9.259802 8.368176 7.489949 6.639687 5.829603 5.069383 4.366146 3.724523 3.146843 2.633383 2.182682 1.791873 1.457026 1.173476 0.936120 0.739677 0.578909 0.448786 0.344614 0.262118 0.197485 0.147383 0.108954 0.079786 0.057876 0.041588 0.029603 0.020874 0.014581 0.010089 0.006916 0.004695 0.003156 0.002099 0.001378 0.000888 0.000554 0.000320 0.000146 0.000000 
0.000000 0.000115 0.000253 0.000440 0.000711 0.001113 0.001710 0.002594 0.003894 0.005789 0.008524 0.012433 0.017965 0.025714 0.036462 0.051217 0.071267 0.098234 0.134130 0.181417 0.243061 0.322574 0.424053 0.552180 0.712210 0.909909 1.151455 1.443282 1.791873 2.203492 2.683867 3.237819 3.868860 4.578781 5.367230 6.231341 7.165417 8.160707 9.205310 10.284221 11.379546 12.470887 13.535903 14.551012 15.492235 16.336118 17.060694 17.646430 18.077101 18.340539 18.429204 18.340539 18.077101 17.646430 17.060694 16.336118 15.492235 14.551012 13.535903 12.470887 11.379546 10.284221 9.205310 8.160707 7.165417 6.231341 5.367230 4.578781 3.868860 3.237819 2.683867 2.203492 1.791873 1.443282 1.151455 0.909909 0.712210 0.552180 0.424053 0.322574 0.243061 0.181417 0.134130 0.098234 0.071267 0.051217 0.036462 0.025714 0.017964 0.012432 0.008523 0.005787 0.003891 0.002588 0.001699 0.001095 0.000683 0.000395 0.000180 0.000000 
0.000000 0.000141 0.000309 0.000538 0.000869 0.001359 0.002088 0.003168 0.004755 0.007067 0.010404 0.015173 0.021921 0.031373 0.044480 0.062471 0.086916 0.119789 0.163543 0.221175 0.296295 0.393181 0.516819 0.672908 0.867844 1.108643 1.402821 1.758206 2.182682 2.683867 3.268724 3.943112 4.711299 5.575450 6.535131 7.586846 8.723653 9.934899 11.206098 12.518989 13.851801 15.179718 16.475560 17.710643 18.855801 19.882505 20.764039 21.476646 22.000597 22.321091 22.428958 22.321091 22.000597 21.476646 20.764039 19.882505 18.855801 17.710643 16.475560 15.179718 13.851801 12.518989 11.206098 9.934899 8.723653 7.586846 6.535131 5.575450 4.711299 3.943112 3.268724 2.683867 2.182682 1.758206 1.402821 1.108643 0.867844 0.672908 0.516819 0.393181 0.296295 0.221175 0.163543 0.119789 0.086916 0.062471 0.044479 0.031372 0.021920 0.015172 0.010402 0.007064 0.004750 0.003160 0.002075 0.001338 0.000835 0.000482 0.000220 0.000000 
0.000000 0.000170 0.000374 0.000651 0.001051 0.001644 0.002525 0.003831 0.005749 0.008544 0.012576 0.018339 0.026491 0.037908 0.053739 0.075466 0.104984 0.144675 0.197496 0.267063 0.357732 0.474660 0.623858 0.812199 1.047390 1.337891 1.692757 2.121421 2.633383 3.237819 3.943112 4.756318 5.682569 6.724466 7.881474 9.149370 10.519780 11.979853 13.512127 15.094591 16.701004 18.301463 19.863215 21.351699 22.731774 23.969071 25.031402 25.890150 26.521544 26.907758 27.037743 26.907758 26.521544 25.890150 25.031402 23.969071 22.731774 21.351699 19.863215 18.301463 16.701004 15.094591 13.512127 11.979853 10.519780 9.149370 7.881474 6.724466 5.682569 4.756318 3.943112 3.237819 2.633383 2.121421 1.692757 1.337891 1.047390 0.812199 0.623858 0.474660 0.357732 0.267063 0.197496 0.144675 0.104984 0.075466 0.053739 0.037908 0.026490 0.018337 0.012574 0.008540 0.005743 0.003821 0.002510 0.001618 0.001010 0.000584 0.000266 0.000000 
0.000000 0.000204 0.000448 0.000780 0.001260 0.001970 0.003025 0.004588 0.006884 0.010229 0.015056 0.021951 0.031705 0.045365 0.064302 0.090290 0.125591 0.173054 0.236211 0.319384 0.427772 0.567540 0.745863 0.970950 1.252004 1.599122 2.023116 2.535245 3.146843 3.868860 4.711299 5.682569 6.788788 8.033050 9.414705 10.928699 12.565023 14.308330 16.137765 18.027050 19.944859 21.855496 23.719870 25.496732 27.144145 28.621092 29.889165 30.914212 31.667871 32.128869 32.284023 32.128869 31.667871 30.914212 29.889165 28.621092 27.144145 25.496732 23.719870 21.855496 19.944859 18.027050 16.137765 14.308330 12.565023 10.928699 9.414705 8.033050 6.788788 5.682569 4.711299 3.868860 3.146843 2.535245 2.023116 1.599122 1.252004 0.970950 0.745863 0.567540 0.427772 0.319384 0.236211 0.173054 0.125591 0.090289 0.064302 0.045364 0.031704 0.021950 0.015053 0.010225 0.006877 0.004576 0.003006 0.001939 0.001210 0.000699 0.000319 0.000000 
0.000000 0.000242 0.000532 0.000926 0.001495 0.002337 0.003588 0.005441 0.008164 0.012129 0.017850 0.026022 0.037581 0.053766 0.076201 0.106986 0.148800 0.205013 0.279806 0.378292 0.506625 0.672095 0.883193 1.149626 1.482279 1.893092 2.394849 3.000860 3.724523 4.578781 5.575450 6.724466 8.033050 9.504849 11.139079 12.929751 14.865020 16.926727 19.090206 21.324380 23.592208 25.851485 28.055996 30.156977 32.104854 33.851142 35.350441 36.562386 37.453451 37.998494 38.181934 37.998494 37.453451 36.562386 35.350441 33.851142 32.104854 30.156977 28.055996 25.851485 23.592208 21.324380 19.090206 16.926727 14.865020 12.929751 11.139079 9.504849 8.033050 6.724466 5.575450 4.578781 3.724523 3.000860 2.394849 1.893092 1.482279 1.149626 0.883193 0.672095 0.506625 0.378292 0.279806 0.205013 0.148800 0.106986 0.076201 0.053765 0.037580 0.026021 0.017847 0.012125 0.008156 0.005428 0.003566 0.002300 0.001435 0.000830 0.000379 0.000000 
0.000000 0.000284 0.000625 0.001088 0.001756 0.002745 0.004215 0.006391 0.009588 0.014244 0.020959 0.030551 0.044116 0.063109 0.089434 0.125552 0.174604 0.240542 0.328266 0.443768 0.594261 0.788286 1.035792 1.348152 1.738116 2.219670 2.807785 3.518047 4.366146 5.367230 6.535131 7.881474 9.414705 11.139079 13.053664 15.151432 17.418494 19.833574 22.367773 24.984688 27.640938 30.287096 32.869040 35.329673 37.610945 39.656090 41.411950 42.831267 43.874791 44.513085 44.727910 44.513085 43.874791 42.831267 41.411950 39.656090 37.610945 35.329673 32.869040 30.287096 27.640938 24.984688 22.367773 19.833574 17.418494 15.151432 13.053664 11.139079 9.414705 7.881474 6.535131 5.367230 4.366146 3.518047 2.807785 2.219670 1.738116 1.348152 1.035792 0.788286 0.594261 0.443768 0.328266 0.240542 0.174604 0.125552 0.089433 0.063108 0.044115 0.030549 0.020956 0.014238 0.009579 0.006375 0.004189 0.002702 0.001686 0.000975 0.000445 0.000000 
0.000000 0.000331 0.000727 0.001266 0.002043 0.003194 0.004904 0.007434 0.011152 0.016565 0.024372 0.035522 0.051289 0.073362 0.103953 0.145921 0.202913 0.279516 0.381420 0.515580 0.690368 0.915699 1.203116 1.565818 2.018597 2.577680 3.260434 4.084936 5.069383 6.231341 7.586846 9.149370 10.928699 12.929751 15.151432 17.585569 20.216040 23.018148 25.958358 28.994438 32.076060 35.145889 38.141150 40.995617 43.641965 46.014359 48.051151 49.697536 50.907996 51.648398 51.897586 51.648398 50.907996 49.697536 48.051151 46.014359 43.641965 40.995617 38.141150 35.145889 32.076060 28.994438 25.958358 23.018148 20.216040 17.585569 15.151432 12.929751 10.928699 9.149370 7.586846 6.231341 5.069383 4.084936 3.260434 2.577680 2.018597 1.565818 1.203116 0.915699 0.690368 0.515580 0.381420 0.279515 0.202913 0.145921 0.103953 0.073361 0.051288 0.035520 0.024368 0.016558 0.011141 0.007416 0.004873 0.003144 0.001962 0.001135 0.000518 0.000000 
0.000000 0.000381 0.000838 0.001459 0.002355 0.003680 0.005649 0.008564 0.012845 0.019078 0.028067 0.040903 0.059053 0.084459 0.119666 0.167963 0.233543 0.321681 0.438921 0.593259 0.794320 1.053501 1.384070 1.801197 2.321883 2.964772 3.749820 4.697797 5.829603 7.165417 8.723653 10.519780 12.565023 14.865020 17.418494 20.216040 23.239113 26.459327 29.838136 33.327009 36.868114 40.395579 43.837280 47.117134 50.157799 52.883647 55.223864 57.115495 58.506255 59.356936 59.643239 59.356936 58.506255 57.115495 55.223864 52.883647 50.157799 47.117134 43.837280 40.395579 36.868114 33.327009 29.838136 26.459327 23.239113 20.216040 17.418494 14.865020 12.565023 10.519780 8.723653 7.165417 5.829603 4.697797 3.749820 2.964772 2.321883 1.801197 1.384070 1.053501 0.794320 0.593259 0.438921 0.321681 0.233543 0.167963 0.119666 0.084458 0.059051 0.040901 0.028062 0.019070 0.012832 0.008543 0.005614 0.003623 0.002261 0.001308 0.000597 0.000000 
0.000000 0.000435 0.000957 0.001665 0.002687 0.004199 0.006446 0.009770 0.014652 0.021760 0.032009 0.046644 0.067336 0.096297 0.136427 0.191472 0.266209 0.366646 0.500235 0.676083 0.905147 1.200406 1.576964 2.052091 2.645138 3.377325 4.271365 5.350891 6.639687 8.160707 9.934899 11.979853 14.308330 16.926727 19.833574 23.018148 26.459327 30.124788 33.970654 37.941684 41.972059 45.986813 49.903870 53.636656 57.097164 60.199342 62.862617 65.015359 66.598082 67.566174 67.891993 67.566174 66.598082 65.015359 62.862617 60.199342 57.097164 53.636656 49.903870 45.986813 41.972059 37.941684 33.970654 30.124788 26.459327 23.018148 19.833574 16.926727 14.308330 11.979853 9.934899 8.160707 6.639687 5.350891 4.271365 3.377325 2.645138 2.052091 1.576964 1.200406 0.905147 0.676083 0.500235 0.366646 0.266208 0.191472 0.136426 0.096296 0.067334 0.046641 0.032004 0.021751 0.014638 0.009745 0.006405 0.004133 0.002580 0.001492 0.000682 0.000000 
0.000000 0.000492 0.001082 0.001881 0.003037 0.004745 0.007282 0.011037 0.016552 0.024579 0.036153 0.052678 0.076039 0.108734 0.154035 0.216168 0.300521 0.413873 0.564630 0.763061 1.021527 1.354660 1.779495 2.315503 2.984500 3.810410 4.818835 6.036413 7.489949 9.205310 11.206098 13.512127 16.137765 19.090206 22.367773 25.958358 29.838136 33.970654 38.306440 42.783214 47.326783 51.852639 56.268274 60.476108 64.376953 67.873825 70.875919 73.302508 75.086556 76.177786 76.545047 76.177786 75.086556 73.302508 70.875919 67.873825 64.376953 60.476108 56.268274 51.852639 47.326783 42.783214 38.306440 33.970654 29.838136 25.958358 22.367773 19.090206 16.137765 13.512127 11.206098 9.205310 7.489949 6.036413 4.818835 3.810410 2.984500 2.315503 1.779495 1.354660 1.021527 0.763061 0.564630 0.413873 0.300521 0.216167 0.154034 0.108733 0.076037 0.052674 0.036147 0.024569 0.016535 0.011010 0.007237 0.004670 0.002915 0.001686 0.000770 0.000000 
0.000000 0.000551 0.001210 0.002106 0.003398 0.005309 0.008148 0.012348 0.018516 0.027494 0.040437 0.058916 0.085037 0.121593 0.172238 0.241695 0.335987 0.462685 0.631181 0.852946 1.141787 1.514048 1.988754 2.587649 3.335095 4.257806 5.384367 6.744516 8.368176 10.284221 12.518989 15.094591 18.027050 21.324380 24.984688 28.994438 33.327009 37.941684 42.783214 47.782057 52.855369 57.908801 62.839073 67.537248 71.892599 75.796860 79.148666 81.857906 83.849747 85.068072 85.478107 85.068072 83.849747 81.857906 79.148666 75.796860 71.892599 67.537248 62.839073 57.908801 52.855369 47.782057 42.783214 37.941684 33.327009 28.994438 24.984688 21.324380 18.027050 15.094591 12.518989 10.284221 8.368176 6.744516 5.384367 4.257806 3.335095 2.587649 1.988754 1.514048 1.141787 0.852946 0.631181 0.462685 0.335987 0.241695 0.172237 0.121591 0.085035 0.058912 0.040431 0.027483 0.018498 0.012318 0.008098 0.005226 0.003263 0.001887 0.000862 0.000000 
0.000000 0.000610 0.001342 0.002333 0.003766 0.005883 0.009029 0.013681 0.020513 0.030457 0.044792 0.065256 0.094181 0.134658 0.190733 0.267631 0.372018 0.512271 0.698782 0.944244 1.263931 1.675923 2.201267 2.864012 3.691105 4.712090 5.958577 7.463453 9.259802 11.379546 13.851801 16.701004 19.944859 23.592208 27.640938 32.076060 36.868114 41.972059 47.326783 52.855369 58.466201 64.054944 69.507388 74.703077 79.519575 83.837173 87.543795 90.539807 92.742472 94.089744 94.543176 94.089744 92.742472 90.539807 87.543795 83.837173 79.519575 74.703077 69.507388 64.054944 58.466201 52.855369 47.326783 41.972059 36.868114 32.076060 27.640938 23.592208 19.944859 16.701004 13.851801 11.379546 9.259802 7.463453 5.958577 4.712090 3.691105 2.864012 2.201267 1.675923 1.263931 0.944244 0.698782 0.512271 0.372017 0.267631 0.190732 0.134657 0.094179 0.065252 0.044785 0.030445 0.020493 0.013647 0.008972 0.005791 0.003616 0.002091 0.000955 0.000000 
0.000000 0.000670 0.001472 0.002561 0.004133 0.006456 0.009907 0.015011 0.022506 0.033413 0.049135 0.071579 0.103300 0.147687 0.209175 0.293491 0.407940 0.561705 0.766172 1.035252 1.385680 1.837267 2.413071 3.139440 4.045894 5.164795 6.530768 8.179831 10.148219 12.470887 15.179718 18.301463 21.855496 25.851485 30.287096 35.145889 40.395579 45.986813 51.852639 57.908801 64.054944 70.176787 76.149239 81.840372 87.116093 91.845300 95.905250 99.186830 101.599432 103.075109 103.571755 103.075109 101.599432 99.186830 95.905250 91.845300 87.116093 81.840372 76.149239 70.176787 64.054944 57.908801 51.852639 45.986813 40.395579 35.145889 30.287096 25.851485 21.855496 18.301463 15.179718 12.470887 10.148219 8.179831 6.530768 5.164795 4.045894 3.139440 2.413071 1.837267 1.385680 1.035252 0.766172 0.561705 0.407940 0.293491 0.209174 0.147686 0.103298 0.071574 0.049128 0.033399 0.022483 0.014974 0.009845 0.006355 0.003968 0.002295 0.001049 0.000000 
0.000000 0.000728 0.001600 0.002783 0.004491 0.007016 0.010765 0.016310 0.024452 0.036300 0.053378 0.077755 0.112206 0.160411 0.227184 0.318742 0.443015 0.609971 0.831967 1.124101 1.504535 1.994769 2.619823 3.408286 4.392189 5.606645 7.089216 8.878977 11.015234 13.535903 16.475560 19.863215 23.719870 28.055996 32.869040 38.141150 43.837280 49.903870 56.268274 62.839073 69.507388 76.149239 82.628921 88.803318 94.526967 99.657656 104.062237 107.622356 110.239726 111.840644 112.379440 111.840644 110.239726 107.622356 104.062237 99.657656 94.526967 88.803318 82.628921 76.149239 69.507388 62.839073 56.268274 49.903870 43.837280 38.141150 32.869040 28.055996 23.719870 19.863215 16.475560 13.535903 11.015234 8.878977 7.089216 5.606645 4.392189 3.408286 2.619823 1.994769 1.504535 1.124101 0.831967 0.609971 0.443015 0.318742 0.227183 0.160410 0.112204 0.077750 0.053369 0.036285 0.024428 0.016270 0.010698 0.006905 0.004312 0.002494 0.001140 0.000000 
