0.000000 0.000000 0.000000 0.000000 0.000000 0.000000 0.000000 0.000000 0.000000 0.000000 0.000000 0.000000 0.000000 0.000000 0.000000 0.000000 0.000000 0.000000 0.000000 0.000000 0.000000 0.000000 0.000000 0.000000 0.000000 0.000000 0.000000 0.000000 0.000000 0.000000 0.000000 0.000000 0.000000 0.000000 0.000000 0.000000 0.000000 0.000000 0.000000 0.000000 0.000000 0.000000 0.000000 0.000000 0.000000 0.000000 0.000000 0.000000 0.000000 0.000000 0.000000 0.000000 0.000000 0.000000 0.000000 0.000000 0.000000 0.000000 0.000000 0.000000 0.000000 0.000000 0.000000 0.000000 0.000000 0.000000 0.000000 0.000000 0.000000 0.000000 0.000000 0.000000 0.000000 0.000000 0.000000 0.000000 0.000000 0.000000 0.000000 0.000000 0.000000 0.000000 0.000000 0.000000 0.000000 0.000000 0.000000 0.000000 0.000000 0.000000 0.000000 0.000000 0.000000 0.000000 0.000000 0.000000 0.000000 0.000000 0.000000 0.000000 
0.000000 0.000000 0.000000 0.000000 0.000000 0.000000 0.000000 0.000000 0.000000 0.000000 0.000000 0.000000 0.000000 0.000000 0.000000 0.000000 0.000000 0.000000 0.000000 0.000000 0.000000 0.000000 0.000000 0.000000 0.000000 0.000000 0.000000 0.000000 0.000000 0.000000 0.000000 0.000001 0.000001 0.000001 0.000001 0.000001 0.000002 0.000002 0.000003 0.000003 0.000004 0.000004 0.000005 0.000005 0.000006 0.000006 0.000007 0.000007 0.000007 0.000008 0.000008 0.000008 0.000007 0.000007 0.000007 0.000006 0.000006 0.000005 0.000005 0.000004 0.000004 0.000003 0.000003 0.000002 0.000002 0.000001 0.000001 0.000001 0.000001 0.000001 0.000000 0.000000 0.000000 0.000000 0.000000 0.000000 0.000000 0.000000 0.000000 0.000000 0.000000 0.000000 0.000000 0.000000 0.000000 0.000000 0.000000 0.000000 0.000000 0.000000 0.000000 0.000000 0.000000 0.000000 0.000000 0.000000 0.000000 0.000000 0.000000 0.000000 
0.000000 0.000000 0.000000 0.000000 0.000000 0.000000 0.000000 0.000000 0.000000 0.000000 0.000000 0.000000 0.000000 0.000000 0.000000 0.000000 0.000000 0.000000 0.000000 0.000000 0.000000 0.000000 0.000000 0.000000 0.000000 0.000000 0.000000 0.000000 0.000001 0.000001 0.000001 0.000001 0.000002 0.000002 0.000003 0.000004 0.000004 0.000005 0.000006 0.000008 0.000009 0.000010 0.000012 0.000013 0.000014 0.000016 0.000017 0.000018 0.000018 0.000019 0.000019 0.000019 0.000018 0.000018 0.000017 0.000016 0.000014 0.000013 0.000012 0.000010 0.000009 0.000008 0.000006 0.000005 0.000004 0.000004 0.000003 0.000002 0.000002 0.000001 0.000001 0.000001 0.000001 0.000000 0.000000 0.000000 0.000000 0.000000 0.000000 0.000000 0.000000 0.000000 0.000000 0.000000 0.000000 0.000000 0.000000 0.000000 0.000000 0.000000 0.000000 0.000000 0.000000 0.000000 0.000000 0.000000 0.000000 0.000000 0.000000 0.000000 
0.000000 0.000000 0.000000 0.000000 0.000000 0.000000 0.000000 0.000000 0.000000 0.000000 0.000000 0.000000 0.000000 0.000000 0.000000 0.000000 0.000000 0.000000 0.000000 0.000000 0.000000 0.000000 0.000000 0.000000 0.000000 0.000000 0.000001 0.000001 0.000001 0.000001 0.000002 0.000003 0.000003 0.000004 0.000006 0.000007 0.000009 0.000011 0.000013 0.000016 0.000018 0.000021 0.000024 0.000027 0.000029 0.000032 0.000034 0.000036 0.000037 0.000038 0.000038 0.000038 0.000037 0.000036 0.000034 0.000032 0.000029 0.000027 0.000024 0.000021 0.000018 0.000016 0.000013 0.000011 0.000009 0.000007 0.000006 0.000004 0.000003 0.000003 0.000002 0.000001 0.000001 0.000001 0.000001 0.000000 0.000000 0.000000 0.000000 0.000000 0.000000 0.000000 0.000000 0.000000 0.000000 0.000000 0.000000 0.000000 0.000000 0.000000 0.000000 0.000000 0.000000 0.000000 0.000000 0.000000 0.000000 0.000000 0.000000 0.000000 
0.000000 0.000000 0.000000 0.000000 0.000000 0.000000 0.000000 0.000000 0.000000 0.000000 0.000000 0.000000 0.000000 0.000000 0.000000 0.000000 0.000000 0.000000 0.000000 0.000000 0.000000 0.000000 0.000000 0.000000 0.000000 0.000001 0.000001 0.000001 0.000002 0.000003 0.000004 0.000005 0.000007 0.000009 0.000011 0.000014 0.000017 0.000021 0.000025 0.000030 0.000035 0.000041 0.000046 0.000052 0.000057 0.000062 0.000066 0.000070 0.000072 0.000074 0.000074 0.000074 0.000072 0.000070 0.000066 0.000062 0.000057 0.000052 0.000046 0.000041 0.000035 0.000030 0.000025 0.000021 0.000017 0.000014 0.000011 0.000009 0.000007 0.000005 0.000004 0.000003 0.000002 0.000001 0.000001 0.000001 0.000000 0.000000 0.000000 0.000000 0.000000 0.000000 0.000000 0.000000 0.000000 0.000000 0.000000 0.000000 0.000000 0.000000 0.000000 0.000000 0.000000 0.000000 0.000000 0.000000 0.000000 0.000000 0.000000 0.000000 
0.000000 0.000000 0.000000 0.000000 0.000000 0.000000 0.000000 0.000000 0.000000 0.000000 0.000000 0.000000 0.000000 0.000000 0.000000 0.000000 0.000000 0.000000 0.000000 0.000000 0.000000 0.000000 0.000000 0.000001 0.000001 0.000001 0.000002 0.000003 0.000004 0.000005 0.000007 0.000010 0.000013 0.000016 0.000021 0.000026 0.000033 0.000040 0.000048 0.000057 0.000067 0.000077 0.000087 0.000098 0.000108 0.000117 0.000125 0.000132 0.000136 0.000140 0.000141 0.000140 0.000136 0.000132 0.000125 0.000117 0.000108 0.000098 0.000087 0.000077 0.000067 0.000057 0.000048 0.000040 0.000033 0.000026 0.000021 0.000016 0.000013 0.000010 0.000007 0.000005 0.000004 0.000003 0.000002 0.000001 0.000001 0.000001 0.000000 0.000000 0.000000 0.000000 0.000000 0.000000 0.000000 0.000000 0.000000 0.000000 0.000000 0.000000 0.000000 0.000000 0.000000 0.000000 0.000000 0.000000 0.000000 0.000000 0.000000 0.000000 
0.000000 0.000000 0.000000 0.000000 0.000000 0.000000 0.000000 0.000000 0.000000 0.000000 0.000000 0.000000 0.000000 0.000000 0.000000 0.000000 0.000000 0.000000 0.000000 0.000000 0.000000 0.000001 0.000001 0.000001 0.000002 0.000003 0.000004 0.000005 0.000007 0.000010 0.000014 0.000018 0.000024 0.000031 0.000039 0.000049 0.000061 0.000075 0.000090 0.000107 0.000125 0.000143 0.000163 0.000182 0.000200 0.000217 0.000232 0.000245 0.000254 0.000260 0.000262 0.000260 0.000254 0.000245 0.000232 0.000217 0.000200 0.000182 0.000163 0.000143 0.000125 0.000107 0.000090 0.000075 0.000061 0.000049 0.000039 0.000031 0.000024 0.000018 0.000014 0.000010 0.000007 0.000005 0.000004 0.000003 0.000002 0.000001 0.000001 0.000001 0.000000 0.000000 0.000000 0.000000 0.000000 0.000000 0.000000 0.000000 0.000000 0.000000 0.000000 0.000000 0.000000 0.000000 0.000000 0.000000 0.000000 0.000000 0.000000 0.000000 
0.000000 0.000000 0.000000 0.000000 0.000000 0.000000 0.000000 0.000000 0.000000 0.000000 0.000000 0.000000 0.000000 0.000000 0.000000 0.000000 0.000000 0.000000 0.000000 0.000000 0.000001 0.000001 0.000001 0.000002 0.000003 0.000005 0.000007 0.000010 0.000013 0.000018 0.000025 0.000033 0.000044 0.000057 0.000072 0.000091 0.000113 0.000137 0.000165 0.000196 0.000229 0.000264 0.000299 0.000334 0.000368 0.000399 0.000427 0.000450 0.000467 0.000477 0.000481 0.000477 0.000467 0.000450 0.000427 0.000399 0.000368 0.000334 0.000299 0.000264 0.000229 0.000196 0.000165 0.000137 0.000113 0.000091 0.000072 0.000057 0.000044 0.000033 0.000025 0.000018 0.000013 0.000010 0.000007 0.000005 0.000003 0.000002 0.000001 0.000001 0.000001 0.000000 0.000000 0.000000 0.000000 0.000000 0.000000 0.000000 0.000000 0.000000 0.000000 0.000000 0.000000 0.000000 0.000000 0.000000 0.000000 0.000000 0.000000 0.000000 
0.000000 0.000000 0.000000 0.000000 0.000000 0.000000 0.000000 0.000000 0.000000 0.000000 0.000000 0.000000 0.000000 0.000000 0.000000 0.000000 0.000000 0.000000 0.000000 0.000001 0.000001 0.000002 0.000003 0.000004 0.000006 0.000009 0.000012 0.000018 0.000024 0.000034 0.000045 0.000060 0.000079 0.000103 0.000131 0.000165 0.000204 0.000249 0.000300 0.000356 0.000415 0.000478 0.000542 0.000606 0.000667 0.000724 0.000774 0.000815 0.000846 0.000865 0.000871 0.000865 0.000846 0.000815 0.000774 0.000724 0.000667 0.000606 0.000542 0.000478 0.000415 0.000356 0.000300 0.000249 0.000204 0.000165 0.000131 0.000103 0.000079 0.000060 0.000045 0.000034 0.000024 0.000018 0.000012 0.000009 0.000006 0.000004 0.000003 0.000002 0.000001 0.000001 0.000000 0.000000 0.000000 0.000000 0.000000 0.000000 0.000000 0.000000 0.000000 0.000000 0.000000 0.000000 0.000000 0.000000 0.000000 0.000000 0.000000 0.000000 
0.000000 0.000000 0.000000 0.000000 0.000000 0.000000 0.000000 0.000000 0.000000 0.000000 0.000000 0.000000 0.000000 0.000000 0.000000 0.000000 0.000000 0.000001 0.000001 0.000001 0.000002 0.000003 0.000005 0.000007 0.000011 0.000016 0.000022 0.000032 0.000044 0.000060 0.000081 0.000109 0.000143 0.000184 0.000235 0.000296 0.000366 0.000447 0.000537 0.000637 0.000743 0.000856 0.000970 0.001084 0.001193 0.001294 0.001383 0.001457 0.001512 0.001545 0.001557 0.001545 0.001512 0.001457 0.001383 0.001294 0.001193 0.001084 0.000970 0.000856 0.000743 0.000637 0.000537 0.000447 0.000366 0.000296 0.000235 0.000184 0.000143 0.000109 0.000081 0.000060 0.000044 0.000032 0.000022 0.000016 0.000011 0.000007 0.000005 0.000003 0.000002 0.000001 0.000001 0.000001 0.000000 0.000000 0.000000 0.000000 0.000000 0.000000 0.000000 0.000000 0.000000 0.000000 0.000000 0.000000 0.000000 0.000000 0.000000 0.000000 
0.000000 0.000000 0.000000 0.000000 0.000000 0.000000 0.000000 0.000000 0.000000 0.000000 0.000000 0.000000 0.000000 0.000000 0.000000 0.000000 0.000001 0.000001 0.000002 0.000002 0.000004 0.000006 0.000009 0.000013 0.000019 0.000028 0.000040 0.000056 0.000078 0.000107 0.000144 0.000192 0.000252 0.000326 0.000416 0.000523 0.000647 0.000789 0.000949 0.001124 0.001313 0.001510 0.001712 0.001912 0.002105 0.002283 0.002440 0.002569 0.002666 0.002726 0.002746 0.002726 0.002666 0.002569 0.002440 0.002283 0.002105 0.001912 0.001712 0.001510 0.001313 0.001124 0.000949 0.000789 0.000647 0.000523 0.000416 0.000326 0.000252 0.000192 0.000144 0.000107 0.000078 0.000056 0.000040 0.000028 0.000019 0.000013 0.000009 0.000006 0.000004 0.000002 0.000002 0.000001 0.000001 0.000000 0.000000 0.000000 0.000000 0.000000 0.000000 0.000000 0.000000 0.000000 0.000000 0.000000 0.000000 0.000000 0.000000 0.000000 
0.000000 0.000000 0.000000 0.000000 0.000000 0.000000 0.000000 0.000000 0.000000 0.000000 0.000000 0.000000 0.000000 0.000000 0.000000 0.000001 0.000001 0.000002 0.000003 0.000004 0.000007 0.000010 0.000015 0.000023 0.000033 0.000049 0.000070 0.000098 0.000136 0.000187 0.000252 0.000336 0.000441 0.000570 0.000726 0.000912 0.001128 0.001376 0.001654 0.001959 0.002287 0.002630 0.002981 0.003329 0.003664 0.003973 0.004246 0.004471 0.004639 0.004742 0.004777 0.004742 0.004639 0.004471 0.004246 0.003973 0.003664 0.003329 0.002981 0.002630 0.002287 0.001959 0.001654 0.001376 0.001128 0.000912 0.000726 0.000570 0.000441 0.000336 0.000252 0.000187 0.000136 0.000098 0.000070 0.000049 0.000033 0.000023 0.000015 0.000010 0.000007 0.000004 0.000003 0.000002 0.000001 0.000001 0.000000 0.000000 0.000000 0.000000 0.000000 0.000000 0.000000 0.000000 0.000000 0.000000 0.000000 0.000000 0.000000 0.000000 
0.000000 0.000000 0.000000 0.000000 0.000000 0.000000 0.000000 0.000000 0.000000 0.000000 0.000000 0.000000 0.000000 0.000000 0.000001 0.000001 0.000002 0.000003 0.000005 0.000007 0.000011 0.000017 0.000026 0.000039 0.000058 0.000084 0.000120 0.000169 0.000235 0.000322 0.000435 0.000579 0.000759 0.000981 0.001250 0.001569 0.001941 0.002367 0.002844 0.003367 0.003929 0.004519 0.005120 0.005718 0.006292 0.006822 0.007290 0.007675 0.007963 0.008141 0.008201 0.008141 0.007963 0.007675 0.007290 0.006822 0.006292 0.005718 0.005120 0.004519 0.003929 0.003367 0.002844 0.002367 0.001941 0.001569 0.001250 0.000981 0.000759 0.000579 0.000435 0.000322 0.000235 0.000169 0.000120 0.000084 0.000058 0.000039 0.000026 0.000017 0.000011 0.000007 0.000005 0.000003 0.000002 0.000001 0.000001 0.000000 0.000000 0.000000 0.000000 0.000000 0.000000 0.000000 0.000000 0.000000 0.000000 0.000000 0.000000 0.000000 
0.000000 0.000000 0.000000 0.000000 0.000000 0.000000 0.000000 0.000000 0.000000 0.000000 0.000000 0.000000 0.000000 0.000001 0.000001 0.000002 0.000003 0.000005 0.000008 0.000012 0.000019 0.000030 0.000045 0.000067 0.000099 0.000143 0.000205 0.000288 0.000400 0.000548 0.000740 0.000984 0.001290 0.001666 0.002122 0.002663 0.003294 0.004015 0.004823 0.005710 0.006662 0.007659 0.008677 0.009688 0.010659 0.011557 0.012347 0.012999 0.013486 0.013786 0.013888 0.013786 0.013486 0.012999 0.012347 0.011557 0.010659 0.009688 0.008677 0.007659 0.006662 0.005710 0.004823 0.004015 0.003294 0.002663 0.002122 0.001666 0.001290 0.000984 0.000740 0.000548 0.000400 0.000288 0.000205 0.000143 0.000099 0.000067 0.000045 0.000030 0.000019 0.000012 0.000008 0.000005 0.000003 0.000002 0.000001 0.000001 0.000000 0.000000 0.000000 0.000000 0.000000 0.000000 0.000000 0.000000 0.000000 0.000000 0.000000 0.000000 
0.000000 0.000000 0.000000 0.000000 0.000000 0.000000 0.000000 0.000000 0.000000 0.000000 0.000000 0.000000 0.000001 0.000001 0.000002 0.000003 0.000005 0.000008 0.000013 0.000021 0.000033 0.000050 0.000076 0.000113 0.000166 0.000241 0.000344 0.000484 0.000672 0.000920 0.001241 0.001650 0.002162 0.002792 0.003554 0.004459 0.005514 0.006719 0.008070 0.009551 0.011140 0.012806 0.014506 0.016193 0.017814 0.019312 0.020630 0.021718 0.022530 0.023032 0.023202 0.023032 0.022530 0.021718 0.020630 0.019312 0.017814 0.016193 0.014506 0.012806 0.011140 0.009551 0.008070 0.006719 0.005514 0.004459 0.003554 0.002792 0.002162 0.001650 0.001241 0.000920 0.000672 0.000484 0.000344 0.000241 0.000166 0.000113 0.000076 0.000050 0.000033 0.000021 0.000013 0.000008 0.000005 0.000003 0.000002 0.000001 0.000001 0.000000 0.000000 0.000000 0.000000 0.000000 0.000000 0.000000 0.000000 0.000000 0.000000 0.000000 
0.000000 0.000000 0.000000 0.000000 0.000000 0.000000 0.000000 0.000000 0.000000 0.000000 0.000000 0.000001 0.000001 0.000002 0.000003 0.000005 0.000009 0.000014 0.000022 0.000035 0.000054 0.000083 0.000126 0.000188 0.000276 0.000399 0.000570 0.000802 0.001113 0.001523 0.002053 0.002729 0.003575 0.004615 0.005873 0.007366 0.009105 0.011093 0.013318 0.015760 0.018378 0.021122 0.023922 0.026700 0.029369 0.031834 0.034005 0.035795 0.037131 0.037957 0.038236 0.037957 0.037131 0.035795 0.034005 0.031834 0.029369 0.026700 0.023922 0.021122 0.018378 0.015760 0.013318 0.011093 0.009105 0.007366 0.005873 0.004615 0.003575 0.002729 0.002053 0.001523 0.001113 0.000802 0.000570 0.000399 0.000276 0.000188 0.000126 0.000083 0.000054 0.000035 0.000022 0.000014 0.000009 0.000005 0.000003 0.000002 0.000001 0.000001 0.000000 0.000000 0.000000 0.000000 0.000000 0.000000 0.000000 0.000000 0.000000 0.000000 
0.000000 0.000000 0.000000 0.000000 0.000000 0.000000 0.000000 0.000000 0.000000 0.000000 0.000001 0.000001 0.000002 0.000003 0.000005 0.000009 0.000014 0.000023 0.000036 0.000057 0.000089 0.000136 0.000206 0.000307 0.000451 0.000653 0.000932 0.001311 0.001819 0.002487 0.003351 0.004452 0.005830 0.007524 0.009572 0.012001 0.014831 0.018063 0.021682 0.025651 0.029907 0.034364 0.038914 0.043427 0.047761 0.051764 0.055289 0.058196 0.060366 0.061706 0.062160 0.061706 0.060366 0.058196 0.055289 0.051764 0.047761 0.043427 0.038914 0.034364 0.029907 0.025651 0.021682 0.018063 0.014831 0.012001 0.009572 0.007524 0.005830 0.004452 0.003351 0.002487 0.001819 0.001311 0.000932 0.000653 0.000451 0.000307 0.000206 0.000136 0.000089 0.000057 0.000036 0.000023 0.000014 0.000009 0.000005 0.000003 0.000002 0.000001 0.000001 0.000000 0.000000 0.000000 0.000000 0.000000 0.000000 0.000000 0.000000 0.000000 
0.000000 0.000000 0.000000 0.000000 0.000000 0.000000 0.000000 0.000000 0.000000 0.000001 0.000001 0.000002 0.000003 0.000005 0.000008 0.000014 0.000023 0.000037 0.000059 0.000093 0.000144 0.000221 0.000333 0.000496 0.000728 0.001053 0.001503 0.002113 0.002930 0.004004 0.005395 0.007164 0.009377 0.012099 0.015387 0.019286 0.023827 0.029012 0.034817 0.041181 0.048004 0.055148 0.062439 0.069671 0.076614 0.083028 0.088673 0.093329 0.096804 0.098951 0.099677 0.098951 0.096804 0.093329 0.088673 0.083028 0.076614 0.069671 0.062439 0.055148 0.048004 0.041181 0.034817 0.029012 0.023827 0.019286 0.015387 0.012099 0.009377 0.007164 0.005395 0.004004 0.002930 0.002113 0.001503 0.001053 0.000728 0.000496 0.000333 0.000221 0.000144 0.000093 0.000059 0.000037 0.000023 0.000014 0.000008 0.000005 0.000003 0.000002 0.000001 0.000001 0.000000 0.000000 0.000000 0.000000 0.000000 0.000000 0.000000 0.000000 
0.000000 0.000000 0.000000 0.000000 0.000000 0.000000 0.000000 0.000000 0.000000 0.000001 0.000002 0.000003 0.000005 0.000008 0.000013 0.000022 0.000036 0.000059 0.000094 0.000148 0.000230 0.000352 0.000531 0.000790 0.001158 0.001676 0.002389 0.003359 0.004655 0.006360 0.008565 0.011370 0.014877 0.019189 0.024395 0.030570 0.037756 0.045962 0.055145 0.065210 0.075999 0.087295 0.098821 0.110250 0.121222 0.131357 0.140277 0.147633 0.153122 0.156514 0.157661 0.156514 0.153122 0.147633 0.140277 0.131357 0.121222 0.110250 0.098821 0.087295 0.075999 0.065210 0.055145 0.045962 0.037756 0.030570 0.024395 0.019189 0.014877 0.011370 0.008565 0.006360 0.004655 0.003359 0.002389 0.001676 0.001158 0.000790 0.000531 0.000352 0.000230 0.000148 0.000094 0.000059 0.000036 0.000022 0.000013 0.000008 0.000005 0.000003 0.000002 0.000001 0.000000 0.000000 0.000000 0.000000 0.000000 0.000000 0.000000 0.000000 
0.000000 0.000000 0.000000 0.000000 0.000000 0.000000 0.000000 0.000000 0.000001 0.000001 0.000002 0.000004 0.000007 0.000012 0.000021 0.000035 0.000057 0.000093 0.000148 0.000233 0.000361 0.000553 0.000834 0.001240 0.001818 0.002629 0.003747 0.005266 0.007294 0.009962 0.013410 0.017796 0.023279 0.030015 0.038148 0.047790 0.059009 0.071816 0.086146 0.101847 0.118675 0.136290 0.154261 0.172080 0.189183 0.204979 0.218880 0.230343 0.238897 0.244181 0.245969 0.244181 0.238897 0.230343 0.218880 0.204979 0.189183 0.172080 0.154261 0.136290 0.118675 0.101847 0.086146 0.071816 0.059009 0.047790 0.038148 0.030015 0.023279 0.017796 0.013410 0.009962 0.007294 0.005266 0.003747 0.002629 0.001818 0.001240 0.000834 0.000553 0.000361 0.000233 0.000148 0.000093 0.000057 0.000035 0.000021 0.000012 0.000007 0.000004 0.000002 0.000001 0.000001 0.000000 0.000000 0.000000 0.000000 0.000000 0.000000 0.000000 
0.000000 0.000000 0.000000 0.000000 0.000000 0.000000 0.000000 0.000001 0.000001 0.000002 0.000004 0.000007 0.000011 0.000019 0.000033 0.000054 0.000089 0.000144 0.000230 0.000361 0.000560 0.000857 0.001292 0.001920 0.002814 0.004067 0.005795 0.008140 0.011272 0.015388 0.020708 0.027470 0.035922 0.046304 0.058833 0.073682 0.090957 0.110672 0.132725 0.156885 0.182774 0.209868 0.237505 0.264904 0.291199 0.315482 0.336852 0.354471 0.367618 0.375740 0.378487 0.375740 0.367618 0.354471 0.336852 0.315482 0.291199 0.264904 0.237505 0.209868 0.182774 0.156885 0.132725 0.110672 0.090957 0.073682 0.058833 0.046304 0.035922 0.027470 0.020708 0.015388 0.011272 0.008140 0.005795 0.004067 0.002814 0.001920 0.001292 0.000857 0.000560 0.000361 0.000230 0.000144 0.000089 0.000054 0.000033 0.000019 0.000011 0.000007 0.000004 0.000002 0.000001 0.000001 0.000000 0.000000 0.000000 0.000000 0.000000 0.000000 
0.000000 0.000000 0.000000 0.000000 0.000000 0.000000 0.000001 0.000001 0.000002 0.000003 0.000006 0.000010 0.000017 0.000030 0.000050 0.000083 0.000136 0.000221 0.000352 0.000553 0.000857 0.001309 0.001973 0.002932 0.004296 0.006206 0.008838 0.012410 0.017178 0.023441 0.031534 0.041819 0.054668 0.070446 0.089483 0.112039 0.138272 0.168203 0.201678 0.238343 0.277624 0.318726 0.360646 0.402200 0.442075 0.478895 0.511294 0.538005 0.557936 0.570248 0.574412 0.570248 0.557936 0.538005 0.511294 0.478895 0.442075 0.402200 0.360646 0.318726 0.277624 0.238343 0.201678 0.168203 0.138272 0.112039 0.089483 0.070446 0.054668 0.041819 0.031534 0.023441 0.017178 0.012410 0.008838 0.006206 0.004296 0.002932 0.001973 0.001309 0.000857 0.000553 0.000352 0.000221 0.000136 0.000083 0.000050 0.000030 0.000017 0.000010 0.000006 0.000003 0.000002 0.000001 0.000001 0.000000 0.000000 0.000000 0.000000 0.000000 
0.000000 0.000000 0.000000 0.000000 0.000000 0.000000 0.000001 0.000001 0.000003 0.000005 0.000009 0.000015 0.000026 0.000045 0.000076 0.000126 0.000206 0.000333 0.000531 0.000834 0.001292 0.001973 0.002972 0.004415 0.006466 0.009336 0.013291 0.018655 0.025814 0.035213 0.047355 0.062780 0.082044 0.105694 0.134219 0.168009 0.207299 0.252116 0.302228 0.357105 0.415887 0.477385 0.540097 0.602252 0.661890 0.716952 0.765401 0.805340 0.835140 0.853548 0.859774 0.853548 0.835140 0.805340 0.765401 0.716952 0.661890 0.602252 0.540097 0.477385 0.415887 0.357105 0.302228 0.252116 0.207299 0.168009 0.134219 0.105694 0.082044 0.062780 0.047355 0.035213 0.025814 0.018655 0.013291 0.009336 0.006466 0.004415 0.002972 0.001973 0.001292 0.000834 0.000531 0.000333 0.000206 0.000126 0.000076 0.000045 0.000026 0.000015 0.000009 0.000005 0.000003 0.000001 0.000001 0.000000 0.000000 0.000000 0.000000 0.000000 
0.000000 0.000000 0.000000 0.000000 0.000000 0.000001 0.000001 0.000002 0.000004 0.000007 0.000013 0.000023 0.000039 0.000067 0.000113 0.000188 0.000307 0.000496 0.000790 0.001240 0.001920 0.002932 0.004415 0.006555 0.009596 0.013850 0.019710 0.027654 0.038252 0.052163 0.070127 0.092939 0.121424 0.156381 0.198534 0.248454 0.306486 0.372667 0.446652 0.527655 0.614409 0.705156 0.797681 0.889374 0.977343 1.058555 1.130006 1.188904 1.232848 1.259992 1.269173 1.259992 1.232848 1.188904 1.130006 1.058555 0.977343 0.889374 0.797681 0.705156 0.614409 0.527655 0.446652 0.372667 0.306486 0.248454 0.198534 0.156381 0.121424 0.092939 0.070127 0.052163 0.038252 0.027654 0.019710 0.013850 0.009596 0.006555 0.004415 0.002932 0.001920 0.001240 0.000790 0.000496 0.000307 0.000188 0.000113 0.000067 0.000039 0.000023 0.000013 0.000007 0.000004 0.000002 0.000001 0.000001 0.000000 0.000000 0.000000 0.000000 
0.000000 0.000000 0.000000 0.000000 0.000000 0.000001 0.000002 0.000003 0.000006 0.000011 0.000019 0.000033 0.000058 0.000099 0.000166 0.000276 0.000451 0.000728 0.001158 0.001818 0.002814 0.004296 0.006466 0.009596 0.014042 0.020260 0.028820 0.040422 0.055893 0.076196 0.102403 0.135675 0.177207 0.228163 0.289592 0.362323 0.446852 0.543230 0.650953 0.768871 0.895140 1.027202 1.161831 1.295233 1.423204 1.541334 1.645259 1.730920 1.794829 1.834304 1.847654 1.834304 1.794829 1.730920 1.645259 1.541334 1.423204 1.295233 1.161831 1.027202 0.895140 0.768871 0.650953 0.543230 0.446852 0.362323 0.289592 0.228163 0.177207 0.135675 0.102403 0.076196 0.055893 0.040422 0.028820 0.020260 0.014042 0.009596 0.006466 0.004296 0.002814 0.001818 0.001158 0.000728 0.000451 0.000276 0.000166 0.000099 0.000058 0.000033 0.000019 0.000011 0.000006 0.000003 0.000002 0.000001 0.000000 0.000000 0.000000 0.000000 
0.000000 0.000000 0.000000 0.000000 0.000001 0.000001 0.000003 0.000005 0.000009 0.000016 0.000028 0.000049 0.000084 0.000143 0.000241 0.000399 0.000653 0.001053 0.001676 0.002629 0.004067 0.006206 0.009336 0.013850 0.020260 0.029220 0.041552 0.058258 0.080530 0.109747 0.147450 0.195303 0.255018 0.328265 0.416543 0.521037 0.642457 0.780868 0.935542 1.104826 1.286067 1.475596 1.668784 1.860189 2.043781 2.213241 2.362312 2.485177 2.576840 2.633455 2.652603 2.633455 2.576840 2.485177 2.362312 2.213241 2.043781 1.860189 1.668784 1.475596 1.286067 1.104826 0.935542 0.780868 0.642457 0.521037 0.416543 0.328265 0.255018 0.195303 0.147450 0.109747 0.080530 0.058258 0.041552 0.029220 0.020260 0.013850 0.009336 0.006206 0.004067 0.002629 0.001676 0.001053 0.000653 0.000399 0.000241 0.000143 0.000084 0.000049 0.000028 0.000016 0.000009 0.000005 0.000003 0.000001 0.000001 0.000000 0.000000 0.000000 
0.000000 0.000000 0.000000 0.000001 0.000001 0.000002 0.000004 0.000007 0.000012 0.000022 0.000040 0.000070 0.000120 0.000205 0.000344 0.000570 0.000932 0.001503 0.002389 0.003747 0.005795 0.008838 0.013291 0.019710 0.028820 0.041552 0.059068 0.082789 0.114403 0.155862 0.209348 0.277212 0.361876 0.465700 0.590800 0.738846 0.910836 1.106855 1.325864 1.565521 1.822065 2.090302 2.363682 2.634509 2.894256 3.133988 3.344861 3.518654 3.648305 3.728382 3.755464 3.728382 3.648305 3.518654 3.344861 3.133988 2.894256 2.634509 2.363682 2.090302 1.822065 1.565521 1.325864 1.106855 0.910836 0.738846 0.590800 0.465700 0.361876 0.277212 0.209348 0.155862 0.114403 0.082789 0.059068 0.041552 0.028820 0.019710 0.013291 0.008838 0.005795 0.003747 0.002389 0.001503 0.000932 0.000570 0.000344 0.000205 0.000120 0.000070 0.000040 0.000022 0.000012 0.000007 0.000004 0.000002 0.000001 0.000001 0.000000 0.000000 
0.000000 0.000000 0.000000 0.000001 0.000001 0.000003 0.000005 0.000010 0.000018 0.000032 0.000056 0.000098 0.000169 0.000288 0.000484 0.000802 0.001311 0.002113 0.003359 0.005266 0.008140 0.012410 0.018655 0.027654 0.040422 0.058258 0.082789 0.115999 0.160246 0.218255 0.293069 0.387970 0.506336 0.651450 0.826262 1.033095 1.273329 1.547075 1.852873 2.187446 2.545543 2.919908 3.301405 3.679298 4.041696 4.376142 4.670306 4.912733 5.093577 5.205270 5.243044 5.205270 5.093577 4.912733 4.670306 4.376142 4.041696 3.679298 3.301405 2.919908 2.545543 2.187446 1.852873 1.547075 1.273329 1.033095 0.826262 0.651450 0.506336 0.387970 0.293069 0.218255 0.160246 0.115999 0.082789 0.058258 0.040422 0.027654 0.018655 0.012410 0.008140 0.005266 0.003359 0.002113 0.001311 0.000802 0.000484 0.000288 0.000169 0.000098 0.000056 0.000032 0.000018 0.000010 0.000005 0.000003 0.000001 0.000001 0.000000 0.000000 
0.000000 0.000000 0.000001 0.000001 0.000002 0.000004 0.000007 0.000013 0.000024 0.000044 0.000078 0.000136 0.000235 0.000400 0.000672 0.001113 0.001819 0.002930 0.004655 0.007294 0.011272 0.017178 0.025814 0.038252 0.055893 0.080530 0.114403 0.160246 0.221307 0.301335 0.404521 0.535376 0.698545 0.898542 1.139414 1.424348 1.755231 2.132203 2.553243 3.013829 3.506727 4.021952 4.546930 5.066893 5.565491 6.025595 6.430257 6.763729 7.012481 7.166111 7.218067 7.166111 7.012481 6.763729 6.430257 6.025595 5.565491 5.066893 4.546930 4.021952 3.506727 3.013829 2.553243 2.132203 1.755231 1.424348 1.139414 0.898542 0.698545 0.535376 0.404521 0.301335 0.221307 0.160246 0.114403 0.080530 0.055893 0.038252 0.025814 0.017178 0.011272 0.007294 0.004655 0.002930 0.001819 0.001113 0.000672 0.000400 0.000235 0.000136 0.000078 0.000044 0.000024 0.000013 0.000007 0.000004 0.000002 0.000001 0.000000 0.000000 
0.000000 0.000000 0.000001 0.000001 0.000003 0.000005 0.000010 0.000018 0.000034 0.000060 0.000107 0.000187 0.000322 0.000548 0.000920 0.001523 0.002487 0.004004 0.006360 0.009962 0.015388 0.023441 0.035213 0.052163 0.076196 0.109747 0.155862 0.218255 0.301335 0.410193 0.550514 0.728420 0.950205 1.221986 1.549246 1.936294 2.385672 2.897557 3.469187 4.094414 4.763412 5.462625 6.174996 6.880491 7.556937 8.181113 8.730041 9.182376 9.519782 9.728159 9.798629 9.728159 9.519782 9.182376 8.730041 8.181113 7.556937 6.880491 6.174996 5.462625 4.763412 4.094414 3.469187 2.897557 2.385672 1.936294 1.549246 1.221986 0.950205 0.728420 0.550514 0.410193 0.301335 0.218255 0.155862 0.109747 0.076196 0.052163 0.035213 0.023441 0.015388 0.009962 0.006360 0.004004 0.002487 0.001523 0.000920 0.000548 0.000322 0.000187 0.000107 0.000060 0.000034 0.000018 0.000010 0.000005 0.000003 0.000001 0.000001 0.000000 
0.000000 0.000000 0.000001 0.000002 0.000004 0.000007 0.000014 0.000025 0.000045 0.000081 0.000144 0.000252 0.000435 0.000740 0.001241 0.002053 0.003351 0.005395 0.008565 0.013410 0.020708 0.031534 0.047355 0.070127 0.102403 0.147450 0.209348 0.293069 0.404521 0.550514 0.738659 0.977139 1.274373 1.638534 2.076942 2.595345 3.197126 3.882497 4.647744 5.484622 6.379970 7.315646 8.268826 9.212717 10.117668 10.952631 11.686891 12.291918 12.743202 13.021903 13.116154 13.021903 12.743202 12.291918 11.686891 10.952631 10.117668 9.212717 8.268826 7.315646 6.379970 5.484622 4.647744 3.882497 3.197126 2.595345 2.076942 1.638534 1.274373 0.977139 0.738659 0.550514 0.404521 0.293069 0.209348 0.147450 0.102403 0.070127 0.047355 0.031534 0.020708 0.013410 0.008565 0.005395 0.003351 0.002053 0.001241 0.000740 0.000435 0.000252 0.000144 0.000081 0.000045 0.000025 0.000013 0.000007 0.000004 0.000002 0.000001 0.000000 
0.000000 0.000001 0.000001 0.000003 0.000005 0.000010 0.000018 0.000033 0.000060 0.000109 0.000192 0.000336 0.000579 0.000984 0.001650 0.002729 0.004452 0.007164 0.011370 0.017796 0.027470 0.041819 0.062780 0.092939 0.135675 0.195303 0.277212 0.387970 0.535376 0.728420 0.977139 1.292329 1.685088 2.166185 2.745260 3.429872 4.224461 5.129277 6.139396 7.243917 8.425461 9.660083 10.917673 12.162894 13.356649 14.458005 15.426474 16.224452 16.819637 17.187198 17.311499 17.187198 16.819637 16.224452 15.426474 14.458005 13.356649 12.162894 10.917673 9.660083 8.425461 7.243917 6.139396 5.129277 4.224461 3.429872 2.745260 2.166185 1.685088 1.292329 0.977139 0.728420 0.535376 0.387970 0.277212 0.195303 0.135675 0.092939 0.062780 0.041819 0.027470 0.017796 0.011370 0.007164 0.004452 0.002729 0.001650 0.000984 0.000579 0.000336 0.000192 0.000109 0.000060 0.000033 0.000018 0.000010 0.000005 0.000002 0.000001 0.000000 
0.000000 0.000001 0.000002 0.000003 0.000007 0.000013 0.000024 0.000044 0.000079 0.000143 0.000252 0.000441 0.000759 0.001290 0.002162 0.003575 0.005830 0.009377 0.014877 0.023279 0.035922 0.054668 0.082044 0.121424 0.177207 0.255018 0.361876 0.506336 0.698545 0.950205 1.274373 1.685088 2.196777 2.823432 3.577570 4.468999 5.503461 6.681249 7.995925 9.433280 10.970686 12.576983 14.213003 15.832794 17.385518 18.817968 20.077513 21.115281 21.889291 22.367278 22.528920 22.367278 21.889291 21.115281 20.077513 18.817968 17.385518 15.832794 14.213003 12.576983 10.970686 9.433280 7.995925 6.681249 5.503461 4.468999 3.577570 2.823432 2.196777 1.685088 1.274373 0.950205 0.698545 0.506336 0.361876 0.255018 0.177207 0.121424 0.082044 0.054668 0.035922 0.023279 0.014877 0.009377 0.005830 0.003575 0.002162 0.001290 0.000759 0.000441 0.000252 0.000143 0.000079 0.000044 0.000024 0.000013 0.000007 0.000003 0.000001 0.000000 
0.000000 0.000001 0.000002 0.000004 0.000009 0.000016 0.000031 0.000057 0.000103 0.000184 0.000326 0.000570 0.000981 0.001666 0.002792 0.004615 0.007524 0.012099 0.019189 0.030015 0.046304 0.070446 0.105694 0.156381 0.228163 0.328265 0.465700 0.651450 0.898542 1.221986 1.638534 2.166185 2.823432 3.628202 4.596523 5.740941 7.068781 8.580381 10.267443 12.111708 14.084126 16.144718 18.243248 20.320790 22.312171 24.149186 25.764381 27.095122 28.087614 28.700510 28.907773 28.700510 28.087614 27.095122 25.764381 24.149186 22.312171 20.320790 18.243248 16.144718 14.084126 12.111708 10.267443 8.580381 7.068781 5.740941 4.596523 3.628202 2.823432 2.166185 1.638534 1.221986 0.898542 0.651450 0.465700 0.328265 0.228163 0.156381 0.105694 0.070446 0.046304 0.030015 0.019189 0.012099 0.007524 0.004615 0.002792 0.001666 0.000981 0.000570 0.000326 0.000184 0.000103 0.000057 0.000031 0.000016 0.000009 0.000004 0.000002 0.000000 
0.000000 0.000001 0.000003 0.000006 0.000011 0.000021 0.000039 0.000072 0.000131 0.000235 0.000416 0.000726 0.001250 0.002122 0.003554 0.005873 0.009572 0.015387 0.024395 0.038148 0.058833 0.089483 0.134219 0.198534 0.289592 0.416543 0.590800 0.826262 1.139414 1.549246 2.076942 2.745260 3.577570 4.596523 5.822355 7.270892 8.951352 10.864114 12.998638 15.331790 17.826804 20.433102 23.087156 25.714464 28.232640 30.555481 32.597739 34.280268 35.535095 36.309976 36.572014 36.309976 35.535095 34.280268 32.597739 30.555481 28.232640 25.714464 23.087156 20.433102 17.826804 15.331790 12.998638 10.864114 8.951352 7.270892 5.822355 4.596523 3.577570 2.745260 2.076942 1.549246 1.139414 0.826262 0.590800 0.416543 0.289592 0.198534 0.134219 0.089483 0.058833 0.038148 0.024395 0.015387 0.009572 0.005873 0.003554 0.002122 0.001250 0.000726 0.000416 0.000235 0.000131 0.000072 0.000039 0.000021 0.000011 0.000005 0.000002 0.000000 
0.000000 0.000001 0.000004 0.000007 0.000014 0.000026 0.000049 0.000091 0.000165 0.000296 0.000523 0.000912 0.001569 0.002663 0.004459 0.007366 0.012001 0.019286 0.030570 0.047790 0.073682 0.112039 0.168009 0.248454 0.362323 0.521037 0.738846 1.033095 1.424348 1.936294 2.595345 3.429872 4.468999 5.740941 7.270892 9.078538 11.175321 13.561655 16.224344 19.134494 22.246226 25.496456 28.805971 32.081896 35.221551 38.117503 40.663531 42.761017 44.325276 45.291220 45.617866 45.291220 44.325276 42.761017 40.663531 38.117503 35.221551 32.081896 28.805971 25.496456 22.246226 19.134494 16.224344 13.561655 11.175321 9.078538 7.270892 5.740941 4.468999 3.429872 2.595345 1.936294 1.424348 1.033095 0.738846 0.521037 0.362323 0.248454 0.168009 0.112039 0.073682 0.047790 0.030570 0.019286 0.012001 0.007366 0.004459 0.002663 0.001569 0.000912 0.000523 0.000296 0.000165 0.000091 0.000049 0.000026 0.000014 0.000007 0.000003 0.000000 
0.000000 0.000002 0.000004 0.000009 0.000017 0.000033 0.000061 0.000113 0.000204 0.000366 0.000647 0.001128 0.001941 0.003294 0.005514 0.009105 0.014831 0.023827 0.037756 0.059009 0.090957 0.138272 0.207299 0.306486 0.446852 0.642457 0.910836 1.273329 1.755231 2.385672 3.197126 4.224461 5.503461 7.068781 8.951352 11.175321 13.754693 16.689910 19.964687 23.543447 27.369746 31.366010 35.434857 39.462135 43.321657 46.881421 50.010917 52.588994 54.511616 55.698834 56.100303 55.698834 54.511616 52.588994 50.010917 46.881421 43.321657 39.462135 35.434857 31.366010 27.369746 23.543447 19.964687 16.689910 13.754693 11.175321 8.951352 7.068781 5.503461 4.224461 3.197126 2.385672 1.755231 1.273329 0.910836 0.642457 0.446852 0.306486 0.207299 0.138272 0.090957 0.059009 0.037756 0.023827 0.014831 0.009105 0.005514 0.003294 0.001941 0.001128 0.000647 0.000366 0.000204 0.000112 0.000061 0.000033 0.000017 0.000008 0.000003 0.000000 
0.000000 0.000002 0.000005 0.000011 0.000021 0.000040 0.000075 0.000137 0.000249 0.000447 0.000789 0.001376 0.002367 0.004015 0.006719 0.011093 0.018063 0.029012 0.045962 0.071816 0.110672 0.168203 0.252116 0.372667 0.543230 0.780868 1.106855 1.547075 2.132203 2.897557 3.882497 5.129277 6.681249 8.580381 10.864114 13.561655 16.689910 20.249341 24.220137 28.559116 33.197815 38.042184 42.974188 47.855498 52.533220 56.847431 60.640034 63.764280 66.094157 67.532832 68.019329 67.532832 66.094157 63.764280 60.640034 56.847431 52.533220 47.855498 42.974188 38.042184 33.197815 28.559116 24.220137 20.249341 16.689910 13.561655 10.864114 8.580381 6.681249 5.129277 3.882497 2.897557 2.132203 1.547075 1.106855 0.780868 0.543230 0.372667 0.252116 0.168203 0.110672 0.071816 0.045962 0.029012 0.018063 0.011093 0.006719 0.004015 0.002367 0.001376 0.000789 0.000447 0.000249 0.000137 0.000075 0.000040 0.000021 0.000010 0.000004 0.000000 
0.000000 0.000003 0.000006 0.000013 0.000025 0.000048 0.000090 0.000165 0.000300 0.000537 0.000949 0.001654 0.002844 0.004823 0.008070 0.013318 0.021682 0.034817 0.055145 0.086146 0.132725 0.201678 0.302228 0.446652 0.650953 0.935542 1.325864 1.852873 2.553243 3.469187 4.647744 6.139396 7.995925 10.267443 12.998638 16.224344 19.964687 24.220137 28.966943 34.153429 39.697734 45.487438 51.381492 57.214622 62.804179 67.959140 72.490677 76.223527 79.007204 80.726070 81.307312 80.726070 79.007204 76.223527 72.490677 67.959140 62.804179 57.214622 51.381492 45.487438 39.697734 34.153429 28.966943 24.220137 19.964687 16.224344 12.998638 10.267443 7.995925 6.139396 4.647744 3.469187 2.553243 1.852873 1.325864 0.935542 0.650953 0.446652 0.302228 0.201678 0.132725 0.086146 0.055145 0.034817 0.021682 0.013318 0.008070 0.004823 0.002844 0.001654 0.000949 0.000537 0.000300 0.000165 0.000090 0.000048 0.000025 0.000012 0.000005 0.000000 
0.000000 0.000003 0.000008 0.000016 0.000030 0.000057 0.000107 0.000196 0.000356 0.000637 0.001124 0.001959 0.003367 0.005710 0.009551 0.015760 0.025651 0.041181 0.065210 0.101847 0.156885 0.238343 0.357105 0.527655 0.768871 1.104826 1.565521 2.187446 3.013829 4.094414 5.484622 7.243917 9.433280 12.111708 15.331790 19.134494 23.543447 28.559116 34.153429 40.265434 46.798626 53.620528 60.564963 67.437246 74.022256 80.095026 85.433195 89.830390 93.109419 95.134127 95.818787 95.134127 93.109419 89.830390 85.433195 80.095026 74.022256 67.437246 60.564963 53.620528 46.798626 40.265434 34.153429 28.559116 23.543447 19.134494 15.331790 12.111708 9.433280 7.243917 5.484622 4.094414 3.013829 2.187446 1.565521 1.104826 0.768871 0.527655 0.357105 0.238343 0.156885 0.101847 0.065210 0.041181 0.025651 0.015760 0.009551 0.005710 0.003367 0.001959 0.001124 0.000637 0.000356 0.000196 0.000107 0.000057 0.000030 0.000015 0.000006 0.000000 
0.000000 0.000004 0.000009 0.000018 0.000035 0.000067 0.000125 0.000229 0.000415 0.000743 0.001313 0.002287 0.003929 0.006662 0.011140 0.018378 0.029907 0.048004 0.075999 0.118675 0.182774 0.277624 0.415887 0.614409 0.895140 1.286067 1.822065 2.545543 3.506727 4.763412 6.379970 8.425461 10.970686 14.084126 17.826804 22.246226 27.369746 33.197815 39.697734 46.798626 54.388337 62.312962 70.379480 78.361796 86.010108 93.063207 99.262928 104.369680 108.177763 110.529118 111.324229 110.529118 108.177763 104.369680 99.262928 93.063207 86.010108 78.361796 70.379480 62.312962 54.388337 46.798626 39.697734 33.197815 27.369746 22.246226 17.826804 14.084126 10.970686 8.425461 6.379970 4.763412 3.506727 2.545543 1.822065 1.286067 0.895140 0.614409 0.415887 0.277624 0.182774 0.118675 0.075999 0.048004 0.029907 0.018378 0.011140 0.006662 0.003929 0.002287 0.001313 0.000743 0.000415 0.000229 0.000124 0.000067 0.000035 0.000017 0.000007 0.000000 
0.000000 0.000004 0.000010 0.000021 0.000041 0.000077 0.000143 0.000264 0.000478 0.000856 0.001510 0.002630 0.004519 0.007659 0.012806 0.021122 0.034364 0.055148 0.087295 0.136290 0.209868 0.318726 0.477385 0.705156 1.027202 1.475596 2.090302 2.919908 4.021952 5.462625 7.315646 9.660083 12.576983 16.144718 20.433102 25.496456 31.366010 38.042184 45.487438 53.620528 62.312962 71.388464 80.626006 89.766714 98.524607 106.600666 113.699378 119.546505 123.906610 126.598789 127.509144 126.598789 123.906610 119.546505 113.699378 106.600666 98.524607 89.766714 80.626006 71.388464 62.312962 53.620528 45.487438 38.042184 31.366010 25.496456 20.433102 16.144718 12.576983 9.660083 7.315646 5.462625 4.021952 2.919908 2.090302 1.475596 1.027202 0.705156 0.477385 0.318726 0.209868 0.136290 0.087295 0.055148 0.034364 0.021122 0.012806 0.007659 0.004519 0.002630 0.001510 0.000855 0.000478 0.000264 0.000143 0.000077 0.000040 0.000020 0.000008 0.000000 
0.000000 0.000005 0.000012 0.000024 0.000046 0.000087 0.000163 0.000299 0.000542 0.000970 0.001712 0.002981 0.005120 0.008677 0.014506 0.023922 0.038914 0.062439 0.098821 0.154261 0.237505 0.360646 0.540097 0.797681 1.161831 1.668784 2.363682 3.301405 4.546930 6.174996 8.268826 10.917673 14.213003 18.243248 23.087156 28.805971 35.434857 42.974188 51.381492 60.564963 70.379480 80.626006 91.055011 101.374283 111.261035 120.377796 128.391067 134.991374 139.913038 142.951926 143.979516 142.951926 139.913038 134.991374 128.391067 120.377796 111.261035 101.374283 91.055011 80.626006 70.379480 60.564963 51.381492 42.974188 35.434857 28.805971 23.087156 18.243248 14.213003 10.917673 8.268826 6.174996 4.546930 3.301405 2.363682 1.668784 1.161831 0.797681 0.540097 0.360646 0.237505 0.154261 0.098821 0.062439 0.038914 0.023922 0.014506 0.008677 0.005120 0.002981 0.001712 0.000970 0.000542 0.000299 0.000163 0.000087 0.000046 0.000023 0.000009 0.000000 
