0.000000 0.000000 0.000000 0.000000 0.000000 0.000000 0.000000 0.000000 0.000000 0.000000 0.000000 0.000000 0.000000 0.000000 0.000000 0.000000 0.000000 0.000000 0.000000 0.000000 0.000000 0.000000 0.000000 0.000000 0.000000 0.000000 0.000000 0.000000 0.000000 0.000000 0.000000 0.000000 0.000000 0.000000 0.000000 0.000000 0.000000 0.000000 0.000000 0.000000 0.000000 0.000000 0.000000 0.000000 0.000000 0.000000 0.000000 0.000000 0.000000 0.000000 0.000000 0.000000 0.000000 0.000000 0.000000 0.000000 0.000000 0.000000 0.000000 0.000000 0.000000 0.000000 0.000000 0.000000 0.000000 0.000000 0.000000 0.000000 0.000000 0.000000 0.000000 0.000000 0.000000 0.000000 0.000000 0.000000 0.000000 0.000000 0.000000 0.000000 0.000000 0.000000 0.000000 0.000000 0.000000 0.000000 0.000000 0.000000 0.000000 0.000000 0.000000 0.000000 0.000000 0.000000 0.000000 0.000000 0.000000 0.000000 0.000000 0.000000 
0.000000 0.000000 0.000000 0.000000 0.000000 0.000000 0.000000 0.000000 0.000000 0.000000 0.000000 0.000000 0.000000 0.000000 0.000000 0.000000 0.000000 0.000000 0.000000 0.000000 0.000000 0.000000 0.000000 0.000000 0.000000 0.000000 0.000000 0.000000 0.000000 0.000000 0.000000 0.000000 0.000000 0.000000 0.000000 0.000000 0.000000 0.000000 0.000000 0.000000 0.000000 0.000000 0.000000 0.000000 0.000000 0.000000 0.000000 0.000000 0.000000 0.000000 0.000000 0.000000 0.000000 0.000000 0.000000 0.000000 0.000000 0.000000 0.000000 0.000000 0.000000 0.000000 0.000000 0.000000 0.000000 0.000000 0.000000 0.000000 0.000000 0.000000 0.000000 0.000000 0.000000 0.000000 0.000000 0.000000 0.000000 0.000000 0.000000 0.000000 0.000000 0.000000 0.000000 0.000000 0.000000 0.000000 0.000000 0.000000 0.000000 0.000000 0.000000 0.000000 0.000000 0.000000 0.000000 0.000000 0.000000 0.000000 0.000000 0.000000 
0.000000 0.000000 0.000000 0.000000 0.000000 0.000000 0.000000 0.000000 0.000000 0.000000 0.000000 0.000000 0.000000 0.000000 0.000000 0.000000 0.000000 0.000000 0.000000 0.000000 0.000000 0.000000 0.000000 0.000000 0.000000 0.000000 0.000000 0.000000 0.000000 0.000000 0.000000 0.000000 0.000000 0.000000 0.000000 0.000000 0.000000 0.000000 0.000000 0.000000 0.000000 0.000000 0.000000 0.000000 0.000000 0.000000 0.000000 0.000000 0.000000 0.000000 0.000000 0.000000 0.000000 0.000000 0.000000 0.000000 0.000000 0.000000 0.000000 0.000000 0.000000 0.000000 0.000000 0.000000 0.000000 0.000000 0.000000 0.000000 0.000000 0.000000 0.000000 0.000000 0.000000 0.000000 0.000000 0.000000 0.000000 0.000000 0.000000 0.000000 0.000000 0.000000 0.000000 0.000000 0.000000 0.000000 0.000000 0.000000 0.000000 0.000000 0.000000 0.000000 0.000000 0.000000 0.000000 0.000000 0.000000 0.000000 0.000000 0.000000 
0.000000 0.000000 0.000000 0.000000 0.000000 0.000000 0.000000 0.000000 0.000000 0.000000 0.000000 0.000000 0.000000 0.000000 0.000000 0.000000 0.000000 0.000000 0.000000 0.000000 0.000000 0.000000 0.000000 0.000000 0.000000 0.000000 0.000000 0.000000 0.000000 0.000000 0.000000 0.000000 0.000000 0.000000 0.000000 0.000000 0.000000 0.000000 0.000000 0.000000 0.000000 0.000000 0.000000 0.000000 0.000000 0.000000 0.000000 0.000000 0.000000 0.000000 0.000000 0.000000 0.000000 0.000000 0.000000 0.000000 0.000000 0.000000 0.000000 0.000000 0.000000 0.000000 0.000000 0.000000 0.000000 0.000000 0.000000 0.000000 0.000000 0.000000 0.000000 0.000000 0.000000 0.000000 0.000000 0.000000 0.000000 0.000000 0.000000 0.000000 0.000000 0.000000 0.000000 0.000000 0.000000 0.000000 0.000000 0.000000 0.000000 0.000000 0.000000 0.000000 0.000000 0.000000 0.000000 0.000000 0.000000 0.000000 0.000000 0.000000 
0.000000 0.000000 0.000000 0.000000 0.000000 0.000000 0.000000 0.000000 0.000000 0.000000 0.000000 0.000000 0.000000 0.000000 0.000000 0.000000 0.000000 0.000000 0.000000 0.000000 0.000000 0.000000 0.000000 0.000000 0.000000 0.000000 0.000000 0.000000 0.000000 0.000000 0.000000 0.000000 0.000000 0.000000 0.000000 0.000000 0.000000 0.000000 0.000000 0.000000 0.000000 0.000000 0.000000 0.000001 0.000001 0.000001 0.000001 0.000001 0.000001 0.000001 0.000001 0.000001 0.000001 0.000001 0.000001 0.000001 0.000001 0.000001 0.000000 0.000000 0.000000 0.000000 0.000000 0.000000 0.000000 0.000000 0.000000 0.000000 0.000000 0.000000 0.000000 0.000000 0.000000 0.000000 0.000000 0.000000 0.000000 0.000000 0.000000 0.000000 0.000000 0.000000 0.000000 0.000000 0.000000 0.000000 0.000000 0.000000 0.000000 0.000000 0.000000 0.000000 0.000000 0.000000 0.000000 0.000000 0.000000 0.000000 0.000000 0.000000 
0.000000 0.000000 0.000000 0.000000 0.000000 0.000000 0.000000 0.000000 0.000000 0.000000 0.000000 0.000000 0.000000 0.000000 0.000000 0.000000 0.000000 0.000000 0.000000 0.000000 0.000000 0.000000 0.000000 0.000000 0.000000 0.000000 0.000000 0.000000 0.000000 0.000000 0.000000 0.000000 0.000000 0.000000 0.000000 0.000000 0.000000 0.000000 0.000000 0.000001 0.000001 0.000001 0.000001 0.000001 0.000001 0.000002 0.000002 0.000002 0.000002 0.000002 0.000002 0.000002 0.000002 0.000002 0.000002 0.000002 0.000001 0.000001 0.000001 0.000001 0.000001 0.000001 0.000000 0.000000 0.000000 0.000000 0.000000 0.000000 0.000000 0.000000 0.000000 0.000000 0.000000 0.000000 0.000000 0.000000 0.000000 0.000000 0.000000 0.000000 0.000000 0.000000 0.000000 0.000000 0.000000 0.000000 0.000000 0.000000 0.000000 0.000000 0.000000 0.000000 0.000000 0.000000 0.000000 0.000000 0.000000 0.000000 0.000000 0.000000 
0.000000 0.000000 0.000000 0.000000 0.000000 0.000000 0.000000 0.000000 0.000000 0.000000 0.000000 0.000000 0.000000 0.000000 0.000000 0.000000 0.000000 0.000000 0.000000 0.000000 0.000000 0.000000 0.000000 0.000000 0.000000 0.000000 0.000000 0.000000 0.000000 0.000000 0.000000 0.000000 0.000000 0.000000 0.000000 0.000000 0.000001 0.000001 0.000001 0.000001 0.000002 0.000002 0.000002 0.000003 0.000003 0.000003 0.000004 0.000004 0.000004 0.000004 0.000004 0.000004 0.000004 0.000004 0.000004 0.000003 0.000003 0.000003 0.000002 0.000002 0.000002 0.000001 0.000001 0.000001 0.000001 0.000000 0.000000 0.000000 0.000000 0.000000 0.000000 0.000000 0.000000 0.000000 0.000000 0.000000 0.000000 0.000000 0.000000 0.000000 0.000000 0.000000 0.000000 0.000000 0.000000 0.000000 0.000000 0.000000 0.000000 0.000000 0.000000 0.000000 0.000000 0.000000 0.000000 0.000000 0.000000 0.000000 0.000000 0.000000 
0.000000 0.000000 0.000000 0.000000 0.000000 0.000000 0.000000 0.000000 0.000000 0.000000 0.000000 0.000000 0.000000 0.000000 0.000000 0.000000 0.000000 0.000000 0.000000 0.000000 0.000000 0.000000 0.000000 0.000000 0.000000 0.000000 0.000000 0.000000 0.000000 0.000000 0.000000 0.000000 0.000000 0.000001 0.000001 0.000001 0.000001 0.000002 0.000002 0.000003 0.000004 0.000004 0.000005 0.000006 0.000007 0.000008 0.000008 0.000009 0.000009 0.000010 0.000010 0.000010 0.000009 0.000009 0.000008 0.000008 0.000007 0.000006 0.000005 0.000004 0.000004 0.000003 0.000002 0.000002 0.000001 0.000001 0.000001 0.000001 0.000000 0.000000 0.000000 0.000000 0.000000 0.000000 0.000000 0.000000 0.000000 0.000000 0.000000 0.000000 0.000000 0.000000 0.000000 0.000000 0.000000 0.000000 0.000000 0.000000 0.000000 0.000000 0.000000 0.000000 0.000000 0.000000 0.000000 0.000000 0.000000 0.000000 0.000000 0.000000 
0.000000 0.000000 0.000000 0.000000 0.000000 0.000000 0.000000 0.000000 0.000000 0.000000 0.000000 0.000000 0.000000 0.000000 0.000000 0.000000 0.000000 0.000000 0.000000 0.000000 0.000000 0.000000 0.000000 0.000000 0.000000 0.000000 0.000000 0.000000 0.000000 0.000000 0.000000 0.000001 0.000001 0.000001 0.000002 0.000002 0.000003 0.000004 0.000005 0.000006 0.000008 0.000009 0.000011 0.000013 0.000015 0.000017 0.000018 0.000019 0.000020 0.000021 0.000021 0.000021 0.000020 0.000019 0.000018 0.000017 0.000015 0.000013 0.000011 0.000009 0.000008 0.000006 0.000005 0.000004 0.000003 0.000002 0.000002 0.000001 0.000001 0.000001 0.000000 0.000000 0.000000 0.000000 0.000000 0.000000 0.000000 0.000000 0.000000 0.000000 0.000000 0.000000 0.000000 0.000000 0.000000 0.000000 0.000000 0.000000 0.000000 0.000000 0.000000 0.000000 0.000000 0.000000 0.000000 0.000000 0.000000 0.000000 0.000000 0.000000 
0.000000 0.000000 0.000000 0.000000 0.000000 0.000000 0.000000 0.000000 0.000000 0.000000 0.000000 0.000000 0.000000 0.000000 0.000000 0.000000 0.000000 0.000000 0.000000 0.000000 0.000000 0.000000 0.000000 0.000000 0.000000 0.000000 0.000000 0.000000 0.000000 0.000001 0.000001 0.000001 0.000002 0.000002 0.000003 0.000005 0.000006 0.000008 0.000011 0.000013 0.000017 0.000020 0.000024 0.000028 0.000032 0.000035 0.000039 0.000042 0.000044 0.000045 0.000046 0.000045 0.000044 0.000042 0.000039 0.000035 0.000032 0.000028 0.000024 0.000020 0.000017 0.000013 0.000011 0.000008 0.000006 0.000005 0.000003 0.000002 0.000002 0.000001 0.000001 0.000001 0.000000 0.000000 0.000000 0.000000 0.000000 0.000000 0.000000 0.000000 0.000000 0.000000 0.000000 0.000000 0.000000 0.000000 0.000000 0.000000 0.000000 0.000000 0.000000 0.000000 0.000000 0.000000 0.000000 0.000000 0.000000 0.000000 0.000000 0.000000 
0.000000 0.000000 0.000000 0.000000 0.000000 0.000000 0.000000 0.000000 0.000000 0.000000 0.000000 0.000000 0.000000 0.000000 0.000000 0.000000 0.000000 0.000000 0.000000 0.000000 0.000000 0.000000 0.000000 0.000000 0.000000 0.000000 0.000000 0.000000 0.000001 0.000001 0.000002 0.000003 0.000004 0.000005 0.000007 0.000010 0.000013 0.000018 0.000023 0.000028 0.000035 0.000042 0.000050 0.000059 0.000067 0.000075 0.000082 0.000088 0.000092 0.000095 0.000096 0.000095 0.000092 0.000088 0.000082 0.000075 0.000067 0.000059 0.000050 0.000042 0.000035 0.000028 0.000023 0.000018 0.000013 0.000010 0.000007 0.000005 0.000004 0.000003 0.000002 0.000001 0.000001 0.000000 0.000000 0.000000 0.000000 0.000000 0.000000 0.000000 0.000000 0.000000 0.000000 0.000000 0.000000 0.000000 0.000000 0.000000 0.000000 0.000000 0.000000 0.000000 0.000000 0.000000 0.000000 0.000000 0.000000 0.000000 0.000000 0.000000 
0.000000 0.000000 0.000000 0.000000 0.000000 0.000000 0.000000 0.000000 0.000000 0.000000 0.000000 0.000000 0.000000 0.000000 0.000000 0.000000 0.000000 0.000000 0.000000 0.000000 0.000000 0.000000 0.000000 0.000000 0.000000 0.000000 0.000001 0.000001 0.000002 0.000002 0.000004 0.000005 0.000008 0.000011 0.000015 0.000021 0.000028 0.000037 0.000047 0.000059 0.000073 0.000088 0.000104 0.000121 0.000138 0.000154 0.000169 0.000181 0.000191 0.000197 0.000198 0.000197 0.000191 0.000181 0.000169 0.000154 0.000138 0.000121 0.000104 0.000088 0.000073 0.000059 0.000047 0.000037 0.000028 0.000021 0.000015 0.000011 0.000008 0.000005 0.000004 0.000002 0.000002 0.000001 0.000001 0.000000 0.000000 0.000000 0.000000 0.000000 0.000000 0.000000 0.000000 0.000000 0.000000 0.000000 0.000000 0.000000 0.000000 0.000000 0.000000 0.000000 0.000000 0.000000 0.000000 0.000000 0.000000 0.000000 0.000000 0.000000 
0.000000 0.000000 0.000000 0.000000 0.000000 0.000000 0.000000 0.000000 0.000000 0.000000 0.000000 0.000000 0.000000 0.000000 0.000000 0.000000 0.000000 0.000000 0.000000 0.000000 0.000000 0.000000 0.000000 0.000000 0.000000 0.000001 0.000001 0.000002 0.000003 0.000005 0.000007 0.000011 0.000016 0.000023 0.000031 0.000043 0.000057 0.000075 0.000096 0.000120 0.000148 0.000180 0.000213 0.000247 0.000282 0.000314 0.000344 0.000369 0.000388 0.000400 0.000404 0.000400 0.000388 0.000369 0.000344 0.000314 0.000282 0.000247 0.000213 0.000180 0.000148 0.000120 0.000096 0.000075 0.000057 0.000043 0.000031 0.000023 0.000016 0.000011 0.000007 0.000005 0.000003 0.000002 0.000001 0.000001 0.000000 0.000000 0.000000 0.000000 0.000000 0.000000 0.000000 0.000000 0.000000 0.000000 0.000000 0.000000 0.000000 0.000000 0.000000 0.000000 0.000000 0.000000 0.000000 0.000000 0.000000 0.000000 0.000000 0.000000 
0.000000 0.000000 0.000000 0.000000 0.000000 0.000000 0.000000 0.000000 0.000000 0.000000 0.000000 0.000000 0.000000 0.000000 0.000000 0.000000 0.000000 0.000000 0.000000 0.000000 0.000000 0.000000 0.000000 0.000001 0.000001 0.000002 0.000003 0.000004 0.000007 0.000010 0.000015 0.000022 0.000032 0.000045 0.000063 0.000086 0.000114 0.000150 0.000192 0.000241 0.000298 0.000360 0.000426 0.000495 0.000563 0.000629 0.000688 0.000738 0.000775 0.000799 0.000807 0.000799 0.000775 0.000738 0.000688 0.000629 0.000563 0.000495 0.000426 0.000360 0.000298 0.000241 0.000192 0.000150 0.000114 0.000086 0.000063 0.000045 0.000032 0.000022 0.000015 0.000010 0.000007 0.000004 0.000003 0.000002 0.000001 0.000001 0.000000 0.000000 0.000000 0.000000 0.000000 0.000000 0.000000 0.000000 0.000000 0.000000 0.000000 0.000000 0.000000 0.000000 0.000000 0.000000 0.000000 0.000000 0.000000 0.000000 0.000000 0.000000 
0.000000 0.000000 0.000000 0.000000 0.000000 0.000000 0.000000 0.000000 0.000000 0.000000 0.000000 0.000000 0.000000 0.000000 0.000000 0.000000 0.000000 0.000000 0.000000 0.000000 0.000000 0.000000 0.000001 0.000001 0.000002 0.000003 0.000005 0.000008 0.000013 0.000020 0.000030 0.000044 0.000064 0.000090 0.000125 0.000169 0.000226 0.000295 0.000378 0.000475 0.000586 0.000708 0.000838 0.000973 0.001107 0.001235 0.001351 0.001449 0.001523 0.001569 0.001585 0.001569 0.001523 0.001449 0.001351 0.001235 0.001107 0.000973 0.000838 0.000708 0.000586 0.000475 0.000378 0.000295 0.000226 0.000169 0.000125 0.000090 0.000064 0.000044 0.000030 0.000020 0.000013 0.000008 0.000005 0.000003 0.000002 0.000001 0.000001 0.000000 0.000000 0.000000 0.000000 0.000000 0.000000 0.000000 0.000000 0.000000 0.000000 0.000000 0.000000 0.000000 0.000000 0.000000 0.000000 0.000000 0.000000 0.000000 0.000000 0.000000 
0.000000 0.000000 0.000000 0.000000 0.000000 0.000000 0.000000 0.000000 0.000000 0.000000 0.000000 0.000000 0.000000 0.000000 0.000000 0.000000 0.000000 0.000000 0.000000 0.000000 0.000000 0.000001 0.000001 0.000002 0.000004 0.000006 0.000010 0.000016 0.000026 0.000039 0.000058 0.000086 0.000124 0.000175 0.000242 0.000329 0.000438 0.000572 0.000733 0.000920 0.001133 0.001368 0.001620 0.001880 0.002139 0.002386 0.002609 0.002797 0.002939 0.003028 0.003059 0.003028 0.002939 0.002797 0.002609 0.002386 0.002139 0.001880 0.001620 0.001368 0.001133 0.000920 0.000733 0.000572 0.000438 0.000329 0.000242 0.000175 0.000124 0.000086 0.000058 0.000039 0.000026 0.000016 0.000010 0.000006 0.000004 0.000002 0.000001 0.000001 0.000000 0.000000 0.000000 0.000000 0.000000 0.000000 0.000000 0.000000 0.000000 0.000000 0.000000 0.000000 0.000000 0.000000 0.000000 0.000000 0.000000 0.000000 0.000000 0.000000 
0.000000 0.000000 0.000000 0.000000 0.000000 0.000000 0.000000 0.000000 0.000000 0.000000 0.000000 0.000000 0.000000 0.000000 0.000000 0.000000 0.000000 0.000000 0.000000 0.000000 0.000001 0.000002 0.000003 0.000004 0.000008 0.000012 0.000020 0.000032 0.000049 0.000075 0.000112 0.000164 0.000236 0.000333 0.000462 0.000627 0.000834 0.001089 0.001394 0.001750 0.002154 0.002599 0.003076 0.003569 0.004059 0.004527 0.004949 0.005305 0.005574 0.005743 0.005800 0.005743 0.005574 0.005305 0.004949 0.004527 0.004059 0.003569 0.003076 0.002599 0.002154 0.001750 0.001394 0.001089 0.000834 0.000627 0.000462 0.000333 0.000236 0.000164 0.000112 0.000075 0.000049 0.000032 0.000020 0.000012 0.000008 0.000004 0.000003 0.000002 0.000001 0.000000 0.000000 0.000000 0.000000 0.000000 0.000000 0.000000 0.000000 0.000000 0.000000 0.000000 0.000000 0.000000 0.000000 0.000000 0.000000 0.000000 0.000000 0.000000 
0.000000 0.000000 0.000000 0.000000 0.000000 0.000000 0.000000 0.000000 0.000000 0.000000 0.000000 0.000000 0.000000 0.000000 0.000000 0.000000 0.000000 0.000000 0.000000 0.000001 0.000002 0.000003 0.000005 0.000008 0.000014 0.000023 0.000038 0.000060 0.000092 0.000141 0.000210 0.000308 0.000443 0.000625 0.000865 0.001173 0.001561 0.002036 0.002605 0.003269 0.004022 0.004851 0.005738 0.006655 0.007568 0.008438 0.009223 0.009885 0.010386 0.010699 0.010805 0.010699 0.010386 0.009885 0.009223 0.008438 0.007568 0.006655 0.005738 0.004851 0.004022 0.003269 0.002605 0.002036 0.001561 0.001173 0.000865 0.000625 0.000443 0.000308 0.000210 0.000141 0.000092 0.000060 0.000038 0.000023 0.000014 0.000008 0.000005 0.000003 0.000002 0.000001 0.000000 0.000000 0.000000 0.000000 0.000000 0.000000 0.000000 0.000000 0.000000 0.000000 0.000000 0.000000 0.000000 0.000000 0.000000 0.000000 0.000000 0.000000 
0.000000 0.000000 0.000000 0.000000 0.000000 0.000000 0.000000 0.000000 0.000000 0.000000 0.000000 0.000000 0.000000 0.000000 0.000000 0.000000 0.000000 0.000000 0.000001 0.000002 0.000003 0.000005 0.000009 0.000016 0.000026 0.000043 0.000070 0.000110 0.000171 0.000260 0.000388 0.000569 0.000817 0.001152 0.001592 0.002158 0.002869 0.003741 0.004783 0.005998 0.007376 0.008895 0.010517 0.012194 0.013862 0.015451 0.016886 0.018094 0.019010 0.019581 0.019776 0.019581 0.019010 0.018094 0.016886 0.015451 0.013862 0.012194 0.010517 0.008895 0.007376 0.005998 0.004783 0.003741 0.002869 0.002158 0.001592 0.001152 0.000817 0.000569 0.000388 0.000260 0.000171 0.000110 0.000070 0.000043 0.000026 0.000016 0.000009 0.000005 0.000003 0.000002 0.000001 0.000000 0.000000 0.000000 0.000000 0.000000 0.000000 0.000000 0.000000 0.000000 0.000000 0.000000 0.000000 0.000000 0.000000 0.000000 0.000000 0.000000 
0.000000 0.000000 0.000000 0.000000 0.000000 0.000000 0.000000 0.000000 0.000000 0.000000 0.000000 0.000000 0.000000 0.000000 0.000000 0.000000 0.000000 0.000001 0.000002 0.000003 0.000006 0.000010 0.000017 0.000029 0.000048 0.000079 0.000127 0.000200 0.000311 0.000472 0.000704 0.001031 0.001479 0.002083 0.002877 0.003898 0.005179 0.006749 0.008626 0.010812 0.013290 0.016019 0.018934 0.021945 0.024941 0.027793 0.030369 0.032537 0.034180 0.035205 0.035554 0.035205 0.034180 0.032537 0.030369 0.027793 0.024941 0.021945 0.018934 0.016019 0.013290 0.010812 0.008626 0.006749 0.005179 0.003898 0.002877 0.002083 0.001479 0.001031 0.000704 0.000472 0.000311 0.000200 0.000127 0.000079 0.000048 0.000029 0.000017 0.000010 0.000006 0.000003 0.000002 0.000001 0.000000 0.000000 0.000000 0.000000 0.000000 0.000000 0.000000 0.000000 0.000000 0.000000 0.000000 0.000000 0.000000 0.000000 0.000000 0.000000 
0.000000 0.000000 0.000000 0.000000 0.000000 0.000000 0.000000 0.000000 0.000000 0.000000 0.000000 0.000000 0.000000 0.000000 0.000000 0.000000 0.000001 0.000002 0.000003 0.000006 0.000010 0.000017 0.000030 0.000052 0.000086 0.000141 0.000227 0.000358 0.000554 0.000841 0.001254 0.001833 0.002630 0.003700 0.005108 0.006915 0.009183 0.011961 0.015279 0.019141 0.023518 0.028337 0.033482 0.038794 0.044078 0.049108 0.053650 0.057471 0.060367 0.062174 0.062788 0.062174 0.060367 0.057471 0.053650 0.049108 0.044078 0.038794 0.033482 0.028337 0.023518 0.019141 0.015279 0.011961 0.009183 0.006915 0.005108 0.003700 0.002630 0.001833 0.001254 0.000841 0.000554 0.000358 0.000227 0.000141 0.000086 0.000052 0.000030 0.000017 0.000010 0.000006 0.000003 0.000002 0.000001 0.000000 0.000000 0.000000 0.000000 0.000000 0.000000 0.000000 0.000000 0.000000 0.000000 0.000000 0.000000 0.000000 0.000000 0.000000 
0.000000 0.000000 0.000000 0.000000 0.000000 0.000000 0.000000 0.000000 0.000000 0.000000 0.000000 0.000000 0.000000 0.000000 0.000000 0.000001 0.000002 0.000003 0.000005 0.000010 0.000017 0.000031 0.000053 0.000091 0.000151 0.000248 0.000398 0.000627 0.000970 0.001472 0.002192 0.003203 0.004591 0.006456 0.008905 0.012049 0.015991 0.020816 0.026578 0.033282 0.040875 0.049231 0.058151 0.067357 0.076511 0.085225 0.093089 0.099706 0.104719 0.107847 0.108911 0.107847 0.104719 0.099706 0.093089 0.085225 0.076511 0.067357 0.058151 0.049231 0.040875 0.033282 0.026578 0.020816 0.015991 0.012049 0.008905 0.006456 0.004591 0.003203 0.002192 0.001472 0.000970 0.000627 0.000398 0.000248 0.000151 0.000091 0.000053 0.000031 0.000017 0.000010 0.000005 0.000003 0.000002 0.000001 0.000000 0.000000 0.000000 0.000000 0.000000 0.000000 0.000000 0.000000 0.000000 0.000000 0.000000 0.000000 0.000000 0.000000 
0.000000 0.000000 0.000000 0.000000 0.000000 0.000000 0.000000 0.000000 0.000000 0.000000 0.000000 0.000000 0.000000 0.000000 0.000001 0.000001 0.000003 0.000005 0.000009 0.000017 0.000030 0.000053 0.000092 0.000157 0.000261 0.000427 0.000685 0.001079 0.001668 0.002529 0.003764 0.005495 0.007870 0.011059 0.015245 0.020615 0.027345 0.035579 0.045405 0.056833 0.069770 0.084003 0.099189 0.114860 0.130437 0.145261 0.158638 0.169891 0.178415 0.183734 0.185543 0.183734 0.178415 0.169891 0.158638 0.145261 0.130437 0.114860 0.099189 0.084003 0.069770 0.056833 0.045405 0.035579 0.027345 0.020615 0.015245 0.011059 0.007870 0.005495 0.003764 0.002529 0.001668 0.001079 0.000685 0.000427 0.000261 0.000157 0.000092 0.000053 0.000030 0.000017 0.000009 0.000005 0.000003 0.000001 0.000001 0.000000 0.000000 0.000000 0.000000 0.000000 0.000000 0.000000 0.000000 0.000000 0.000000 0.000000 0.000000 0.000000 
0.000000 0.000000 0.000000 0.000000 0.000000 0.000000 0.000000 0.000000 0.000000 0.000000 0.000000 0.000000 0.000000 0.000001 0.000001 0.000002 0.000004 0.000008 0.000016 0.000029 0.000052 0.000091 0.000157 0.000266 0.000442 0.000723 0.001159 0.001823 0.002816 0.004266 0.006344 0.009255 0.013247 0.018602 0.025628 0.034636 0.045918 0.059715 0.076171 0.095302 0.116950 0.140758 0.166152 0.192349 0.218382 0.243151 0.265498 0.284294 0.298530 0.307414 0.310433 0.307414 0.298530 0.284294 0.265498 0.243151 0.218382 0.192349 0.166152 0.140758 0.116950 0.095302 0.076171 0.059715 0.045918 0.034636 0.025628 0.018602 0.013247 0.009255 0.006344 0.004266 0.002816 0.001823 0.001159 0.000723 0.000442 0.000266 0.000157 0.000091 0.000052 0.000029 0.000016 0.000008 0.000004 0.000002 0.000001 0.000001 0.000000 0.000000 0.000000 0.000000 0.000000 0.000000 0.000000 0.000000 0.000000 0.000000 0.000000 0.000000 
0.000000 0.000000 0.000000 0.000000 0.000000 0.000000 0.000000 0.000000 0.000000 0.000000 0.000000 0.000000 0.000000 0.000001 0.000002 0.000004 0.000008 0.000014 0.000026 0.000048 0.000086 0.000151 0.000261 0.000442 0.000736 0.001201 0.001923 0.003024 0.004666 0.007065 0.010498 0.015304 0.021891 0.030723 0.042301 0.057138 0.075711 0.098412 0.125477 0.156926 0.192500 0.231609 0.273310 0.316318 0.359044 0.399688 0.436351 0.467184 0.490535 0.505104 0.510056 0.505104 0.490535 0.467184 0.436351 0.399688 0.359044 0.316318 0.273310 0.231609 0.192500 0.156926 0.125477 0.098412 0.075711 0.057138 0.042301 0.030723 0.021891 0.015304 0.010498 0.007065 0.004666 0.003024 0.001923 0.001201 0.000736 0.000442 0.000261 0.000151 0.000086 0.000048 0.000026 0.000014 0.000008 0.000004 0.000002 0.000001 0.000000 0.000000 0.000000 0.000000 0.000000 0.000000 0.000000 0.000000 0.000000 0.000000 0.000000 0.000000 
0.000000 0.000000 0.000000 0.000000 0.000000 0.000000 0.000000 0.000000 0.000000 0.000000 0.000000 0.000000 0.000001 0.000002 0.000003 0.000006 0.000012 0.000023 0.000043 0.000079 0.000141 0.000248 0.000427 0.000723 0.001201 0.001958 0.003134 0.004924 0.007592 0.011486 0.017054 0.024846 0.035518 0.049817 0.068552 0.092547 0.122570 0.159245 0.202953 0.253721 0.311124 0.374209 0.441456 0.510790 0.579654 0.645149 0.704218 0.753886 0.791499 0.814965 0.822940 0.814965 0.791499 0.753886 0.704218 0.645149 0.579654 0.510790 0.441456 0.374209 0.311124 0.253721 0.202953 0.159245 0.122570 0.092547 0.068552 0.049817 0.035518 0.024846 0.017054 0.011486 0.007592 0.004924 0.003134 0.001958 0.001201 0.000723 0.000427 0.000248 0.000141 0.000079 0.000043 0.000023 0.000012 0.000006 0.000003 0.000002 0.000001 0.000000 0.000000 0.000000 0.000000 0.000000 0.000000 0.000000 0.000000 0.000000 0.000000 0.000000 
0.000000 0.000000 0.000000 0.000000 0.000000 0.000000 0.000000 0.000000 0.000000 0.000000 0.000000 0.000001 0.000001 0.000003 0.000005 0.000010 0.000020 0.000038 0.000070 0.000127 0.000227 0.000398 0.000685 0.001159 0.001923 0.003134 0.005013 0.007869 0.012124 0.018330 0.027198 0.039599 0.056573 0.079302 0.109067 0.147167 0.194815 0.252995 0.322301 0.402769 0.493721 0.593643 0.700126 0.809883 0.918872 1.022506 1.115959 1.194526 1.254020 1.291133 1.303747 1.291133 1.254020 1.194526 1.115959 1.022506 0.918872 0.809883 0.700126 0.593643 0.493721 0.402769 0.322301 0.252995 0.194815 0.147167 0.109067 0.079302 0.056573 0.039599 0.027198 0.018330 0.012124 0.007869 0.005013 0.003134 0.001923 0.001159 0.000685 0.000398 0.000227 0.000127 0.000070 0.000038 0.000020 0.000010 0.000005 0.000003 0.000001 0.000001 0.000000 0.000000 0.000000 0.000000 0.000000 0.000000 0.000000 0.000000 0.000000 0.000000 
0.000000 0.000000 0.000000 0.000000 0.000000 0.000000 0.000000 0.000000 0.000000 0.000000 0.000000 0.000001 0.000002 0.000004 0.000008 0.000016 0.000032 0.000060 0.000110 0.000200 0.000358 0.000627 0.001079 0.001823 0.003024 0.004924 0.007869 0.012344 0.019004 0.028714 0.042576 0.061952 0.088456 0.123926 0.170349 0.229745 0.303989 0.394603 0.502500 0.627728 0.769222 0.924621 1.090175 1.260777 1.430147 1.591165 1.736340 1.858377 1.950777 2.008414 2.028003 2.008414 1.950777 1.858377 1.736340 1.591165 1.430147 1.260777 1.090175 0.924621 0.769222 0.627728 0.502500 0.394603 0.303989 0.229745 0.170349 0.123926 0.088456 0.061952 0.042576 0.028714 0.019004 0.012344 0.007869 0.004924 0.003024 0.001823 0.001079 0.000627 0.000358 0.000200 0.000110 0.000060 0.000032 0.000016 0.000008 0.000004 0.000002 0.000001 0.000000 0.000000 0.000000 0.000000 0.000000 0.000000 0.000000 0.000000 0.000000 0.000000 
0.000000 0.000000 0.000000 0.000000 0.000000 0.000000 0.000000 0.000000 0.000000 0.000000 0.000001 0.000002 0.000003 0.000007 0.000013 0.000026 0.000049 0.000092 0.000171 0.000311 0.000554 0.000970 0.001668 0.002816 0.004666 0.007592 0.012124 0.019004 0.029238 0.044148 0.065422 0.095137 0.135762 0.190100 0.261182 0.352081 0.465653 0.604208 0.769124 0.960460 1.176575 1.413857 1.666574 1.926934 2.185358 2.430993 2.652425 2.838543 2.979449 3.067337 3.097207 3.067337 2.979449 2.838543 2.652425 2.430993 2.185358 1.926934 1.666574 1.413857 1.176575 0.960460 0.769124 0.604208 0.465653 0.352081 0.261182 0.190100 0.135762 0.095137 0.065422 0.044148 0.029238 0.019004 0.012124 0.007592 0.004666 0.002816 0.001668 0.000970 0.000554 0.000311 0.000171 0.000092 0.000049 0.000026 0.000013 0.000007 0.000003 0.000002 0.000001 0.000000 0.000000 0.000000 0.000000 0.000000 0.000000 0.000000 0.000000 0.000000 
0.000000 0.000000 0.000000 0.000000 0.000000 0.000000 0.000000 0.000000 0.000000 0.000001 0.000001 0.000002 0.000005 0.000010 0.000020 0.000039 0.000075 0.000141 0.000260 0.000472 0.000841 0.001472 0.002529 0.004266 0.007065 0.011486 0.018330 0.028714 0.044148 0.066621 0.098664 0.143398 0.204521 0.286234 0.393074 0.529637 0.700188 0.908169 1.155629 1.442629 1.766696 2.122397 2.501138 2.891240 3.278363 3.646262 3.977864 4.256548 4.467516 4.599096 4.643814 4.599096 4.467516 4.256548 3.977864 3.646262 3.278363 2.891240 2.501138 2.122397 1.766696 1.442629 1.155629 0.908169 0.700188 0.529637 0.393074 0.286234 0.204521 0.143398 0.098664 0.066621 0.044148 0.028714 0.018330 0.011486 0.007065 0.004266 0.002529 0.001472 0.000841 0.000472 0.000260 0.000141 0.000075 0.000039 0.000020 0.000010 0.000005 0.000002 0.000001 0.000001 0.000000 0.000000 0.000000 0.000000 0.000000 0.000000 0.000000 0.000000 
0.000000 0.000000 0.000000 0.000000 0.000000 0.000000 0.000000 0.000000 0.000000 0.000001 0.000002 0.000004 0.000007 0.000015 0.000030 0.000058 0.000112 0.000210 0.000388 0.000704 0.001254 0.002192 0.003764 0.006344 0.010498 0.017054 0.027198 0.042576 0.065422 0.098664 0.146038 0.212136 0.302403 0.423018 0.580648 0.782040 1.033452 1.339920 1.704430 2.127042 2.604087 3.127554 3.684788 4.258609 4.827935 5.368900 5.856425 6.266101 6.576207 6.769609 6.835336 6.769609 6.576207 6.266101 5.856425 5.368900 4.827935 4.258609 3.684788 3.127554 2.604087 2.127042 1.704430 1.339920 1.033452 0.782040 0.580648 0.423018 0.302403 0.212136 0.146038 0.098664 0.065422 0.042576 0.027198 0.017054 0.010498 0.006344 0.003764 0.002192 0.001254 0.000704 0.000388 0.000210 0.000112 0.000058 0.000030 0.000015 0.000007 0.000004 0.000002 0.000001 0.000000 0.000000 0.000000 0.000000 0.000000 0.000000 0.000000 0.000000 
0.000000 0.000000 0.000000 0.000000 0.000000 0.000000 0.000000 0.000000 0.000001 0.000001 0.000003 0.000005 0.000011 0.000022 0.000044 0.000086 0.000164 0.000308 0.000569 0.001031 0.001833 0.003203 0.005495 0.009255 0.015304 0.024846 0.039599 0.061952 0.095137 0.143398 0.212136 0.307993 0.438834 0.613581 0.841852 1.133376 1.497159 1.940443 2.467498 3.078369 3.767721 4.523954 5.328774 6.157376 6.979334 7.760220 8.463871 9.055100 9.502596 9.781669 9.876508 9.781669 9.502596 9.055100 8.463871 7.760220 6.979334 6.157376 5.328774 4.523954 3.767721 3.078369 2.467498 1.940443 1.497159 1.133376 0.841852 0.613581 0.438834 0.307993 0.212136 0.143398 0.095137 0.061952 0.039599 0.024846 0.015304 0.009255 0.005495 0.003203 0.001833 0.001031 0.000569 0.000308 0.000164 0.000086 0.000044 0.000022 0.000011 0.000005 0.000003 0.000001 0.000001 0.000000 0.000000 0.000000 0.000000 0.000000 0.000000 0.000000 
0.000000 0.000000 0.000000 0.000000 0.000000 0.000000 0.000000 0.000000 0.000001 0.000002 0.000004 0.000008 0.000016 0.000032 0.000064 0.000124 0.000236 0.000443 0.000817 0.001479 0.002630 0.004591 0.007870 0.013247 0.021891 0.035518 0.056573 0.088456 0.135762 0.204521 0.302403 0.438834 0.624968 0.873450 1.197905 1.612096 2.128758 2.758108 3.506147 4.372882 5.350698 6.423110 7.564165 8.738699 9.903608 11.010142 12.007104 12.844698 13.478618 13.873930 14.008267 13.873930 13.478618 12.844698 12.007104 11.010142 9.903608 8.738699 7.564165 6.423110 5.350698 4.372882 3.506147 2.758108 2.128758 1.612096 1.197905 0.873450 0.624968 0.438834 0.302403 0.204521 0.135762 0.088456 0.056573 0.035518 0.021891 0.013247 0.007870 0.004591 0.002630 0.001479 0.000817 0.000443 0.000236 0.000124 0.000064 0.000032 0.000016 0.000008 0.000004 0.000002 0.000001 0.000000 0.000000 0.000000 0.000000 0.000000 0.000000 0.000000 
0.000000 0.000000 0.000000 0.000000 0.000000 0.000000 0.000000 0.000001 0.000001 0.000002 0.000005 0.000011 0.000023 0.000045 0.000090 0.000175 0.000333 0.000625 0.001152 0.002083 0.003700 0.006456 0.011059 0.018602 0.030723 0.049817 0.079302 0.123926 0.190100 0.286234 0.423018 0.613581 0.873450 1.220220 1.672829 2.250399 2.970603 3.847597 4.889659 6.096726 7.458133 8.950888 10.538848 12.173087 13.793662 15.332806 16.719374 17.884181 18.765684 19.315362 19.502153 19.315362 18.765684 17.884181 16.719374 15.332806 13.793662 12.173087 10.538848 8.950888 7.458133 6.096726 4.889659 3.847597 2.970603 2.250399 1.672829 1.220220 0.873450 0.613581 0.423018 0.286234 0.190100 0.123926 0.079302 0.049817 0.030723 0.018602 0.011059 0.006456 0.003700 0.002083 0.001152 0.000625 0.000333 0.000175 0.000090 0.000045 0.000023 0.000011 0.000005 0.000002 0.000001 0.000001 0.000000 0.000000 0.000000 0.000000 0.000000 0.000000 
0.000000 0.000000 0.000000 0.000000 0.000000 0.000000 0.000000 0.000001 0.000002 0.000003 0.000007 0.000015 0.000031 0.000063 0.000125 0.000242 0.000462 0.000865 0.001592 0.002877 0.005108 0.008905 0.015245 0.025628 0.042301 0.068552 0.109067 0.170349 0.261182 0.393074 0.580648 0.841852 1.197905 1.672829 2.292471 3.082907 4.068212 5.267642 6.692412 8.342341 10.202773 12.242240 14.411338 16.643247 18.856144 20.957561 22.850450 24.440456 25.643658 26.393905 26.648846 26.393905 25.643658 24.440456 22.850450 20.957561 18.856144 16.643247 14.411338 12.242240 10.202773 8.342341 6.692412 5.267642 4.068212 3.082907 2.292471 1.672829 1.197905 0.841852 0.580648 0.393074 0.261182 0.170349 0.109067 0.068552 0.042301 0.025628 0.015245 0.008905 0.005108 0.002877 0.001592 0.000865 0.000462 0.000242 0.000125 0.000063 0.000031 0.000015 0.000007 0.000003 0.000002 0.000001 0.000000 0.000000 0.000000 0.000000 0.000000 0.000000 
0.000000 0.000000 0.000000 0.000000 0.000000 0.000000 0.000000 0.000001 0.000002 0.000005 0.000010 0.000021 0.000043 0.000086 0.000169 0.000329 0.000627 0.001173 0.002158 0.003898 0.006915 0.012049 0.020615 0.034636 0.057138 0.092547 0.147167 0.229745 0.352081 0.529637 0.782040 1.133376 1.612096 2.250399 3.082907 4.144523 5.467443 7.077382 8.989257 11.202706 13.697970 16.432780 19.340862 22.332644 25.298500 28.114584 30.650952 32.781291 34.393276 35.398372 35.739907 35.398372 34.393276 32.781291 30.650952 28.114584 25.298500 22.332644 19.340862 16.432780 13.697970 11.202706 8.989257 7.077382 5.467443 4.144523 3.082907 2.250399 1.612096 1.133376 0.782040 0.529637 0.352081 0.229745 0.147167 0.092547 0.057138 0.034636 0.020615 0.012049 0.006915 0.003898 0.002158 0.001173 0.000627 0.000329 0.000169 0.000086 0.000043 0.000021 0.000010 0.000005 0.000002 0.000001 0.000000 0.000000 0.000000 0.000000 0.000000 0.000000 
0.000000 0.000000 0.000000 0.000000 0.000000 0.000000 0.000001 0.000001 0.000003 0.000006 0.000013 0.000028 0.000057 0.000114 0.000226 0.000438 0.000834 0.001561 0.002869 0.005179 0.009183 0.015991 0.027345 0.045918 0.075711 0.122570 0.194815 0.303989 0.465653 0.700188 1.033452 1.497159 2.128758 2.970603 4.068212 5.467443 7.210561 9.331274 11.849066 14.763314 18.047885 21.647059 25.473583 29.409615 33.310994 37.014915 40.350600 43.152075 45.271768 46.593376 47.042453 46.593376 45.271768 43.152075 40.350600 37.014915 33.310994 29.409615 25.473583 21.647059 18.047885 14.763314 11.849066 9.331274 7.210561 5.467443 4.068212 2.970603 2.128758 1.497159 1.033452 0.700188 0.465653 0.303989 0.194815 0.122570 0.075711 0.045918 0.027345 0.015991 0.009183 0.005179 0.002869 0.001561 0.000834 0.000438 0.000226 0.000114 0.000057 0.000028 0.000013 0.000006 0.000003 0.000001 0.000001 0.000000 0.000000 0.000000 0.000000 0.000000 
0.000000 0.000000 0.000000 0.000000 0.000000 0.000000 0.000001 0.000002 0.000004 0.000008 0.000018 0.000037 0.000075 0.000150 0.000295 0.000572 0.001089 0.002036 0.003741 0.006749 0.011961 0.020816 0.035579 0.059715 0.098412 0.159245 0.252995 0.394603 0.604208 0.908169 1.339920 1.940443 2.758108 3.847597 5.267642 7.077382 9.331274 12.072696 15.326637 19.092111 23.335213 27.983865 32.925336 38.007467 43.044200 47.825479 52.131011 55.746745 58.482382 60.187961 60.767499 60.187961 58.482382 55.746745 52.131011 47.825479 43.044200 38.007467 32.925336 27.983865 23.335213 19.092111 15.326637 12.072696 9.331274 7.077382 5.267642 3.847597 2.758108 1.940443 1.339920 0.908169 0.604208 0.394603 0.252995 0.159245 0.098412 0.059715 0.035579 0.020816 0.011961 0.006749 0.003741 0.002036 0.001089 0.000572 0.000295 0.000150 0.000075 0.000037 0.000018 0.000008 0.000004 0.000002 0.000001 0.000000 0.000000 0.000000 0.000000 0.000000 
0.000000 0.000000 0.000000 0.000000 0.000000 0.000000 0.000001 0.000002 0.000005 0.000011 0.000023 0.000047 0.000096 0.000192 0.000378 0.000733 0.001394 0.002605 0.004783 0.008626 0.015279 0.026578 0.045405 0.076171 0.125477 0.202953 0.322301 0.502500 0.769124 1.155629 1.704430 2.467498 3.506147 4.889659 6.692412 8.989257 11.849066 15.326637 19.453433 24.227995 29.607165 35.499458 41.761936 48.201792 54.583352 60.640624 66.094717 70.674681 74.139669 76.299899 77.033910 76.299899 74.139669 70.674681 66.094717 60.640624 54.583352 48.201792 41.761936 35.499458 29.607165 24.227995 19.453433 15.326637 11.849066 8.989257 6.692412 4.889659 3.506147 2.467498 1.704430 1.155629 0.769124 0.502500 0.322301 0.202953 0.125477 0.076171 0.045405 0.026578 0.015279 0.008626 0.004783 0.002605 0.001394 0.000733 0.000378 0.000192 0.000096 0.000047 0.000023 0.000011 0.000005 0.000002 0.000001 0.000000 0.000000 0.000000 0.000000 0.000000 
0.000000 0.000000 0.000000 0.000000 0.000000 0.000001 0.000001 0.000003 0.000006 0.000013 0.000028 0.000059 0.000120 0.000241 0.000475 0.000920 0.001750 0.003269 0.005998 0.010812 0.019141 0.033282 0.056833 0.095302 0.156926 0.253721 0.402769 0.627728 0.960460 1.442629 2.127042 3.078369 4.372882 6.096726 8.342341 11.202706 14.763314 19.092111 24.227995 30.168911 36.860969 44.190226 51.978838 59.987038 67.921864 75.452753 82.233184 87.926553 92.233685 94.918860 95.831226 94.918860 92.233685 87.926553 82.233184 75.452753 67.921864 59.987038 51.978838 44.190226 36.860969 30.168911 24.227995 19.092111 14.763314 11.202706 8.342341 6.096726 4.372882 3.078369 2.127042 1.442629 0.960460 0.627728 0.402769 0.253721 0.156926 0.095302 0.056833 0.033282 0.019141 0.010812 0.005998 0.003269 0.001750 0.000920 0.000475 0.000241 0.000120 0.000059 0.000028 0.000013 0.000006 0.000003 0.000001 0.000001 0.000000 0.000000 0.000000 0.000000 
0.000000 0.000000 0.000000 0.000000 0.000000 0.000001 0.000002 0.000004 0.000008 0.000017 0.000035 0.000073 0.000148 0.000298 0.000586 0.001133 0.002154 0.004022 0.007376 0.013290 0.023518 0.040875 0.069770 0.116950 0.192500 0.311124 0.493721 0.769222 1.176575 1.766696 2.604087 3.767721 5.350698 7.458133 10.202773 13.697970 18.047885 23.335213 29.607165 36.860969 45.030613 53.976852 63.482552 73.255119 82.937164 92.125529 100.397666 107.343184 112.597358 115.872849 116.985775 115.872849 112.597358 107.343184 100.397666 92.125529 82.937164 73.255119 63.482552 53.976852 45.030613 36.860969 29.607165 23.335213 18.047885 13.697970 10.202773 7.458133 5.350698 3.767721 2.604087 1.766696 1.176575 0.769222 0.493721 0.311124 0.192500 0.116950 0.069770 0.040875 0.023518 0.013290 0.007376 0.004022 0.002154 0.001133 0.000586 0.000298 0.000148 0.000073 0.000035 0.000017 0.000008 0.000004 0.000002 0.000001 0.000000 0.000000 0.000000 0.000000 
0.000000 0.000000 0.000000 0.000000 0.000000 0.000001 0.000002 0.000004 0.000009 0.000020 0.000042 0.000088 0.000180 0.000360 0.000708 0.001368 0.002599 0.004851 0.008895 0.016019 0.028337 0.049231 0.084003 0.140758 0.231609 0.374209 0.593643 0.924621 1.413857 2.122397 3.127554 4.523954 6.423110 8.950888 12.242240 16.432780 21.647059 27.983865 35.499458 44.190226 53.976852 64.692381 76.076671 87.779341 99.372547 110.373758 120.277321 128.592192 134.882013 138.803032 140.135273 138.803032 134.882013 128.592192 120.277321 110.373758 99.372547 87.779341 76.076671 64.692381 53.976852 44.190226 35.499458 27.983865 21.647059 16.432780 12.242240 8.950888 6.423110 4.523954 3.127554 2.122397 1.413857 0.924621 0.593643 0.374209 0.231609 0.140758 0.084003 0.049231 0.028337 0.016019 0.008895 0.004851 0.002599 0.001368 0.000708 0.000360 0.000180 0.000088 0.000042 0.000020 0.000009 0.000004 0.000002 0.000001 0.000000 0.000000 0.000000 0.000000 
0.000000 0.000000 0.000000 0.000000 0.000000 0.000001 0.000002 0.000005 0.000011 0.000024 0.000050 0.000104 0.000213 0.000426 0.000838 0.001620 0.003076 0.005738 0.010517 0.018934 0.033482 0.058151 0.099189 0.166152 0.273310 0.441456 0.700126 1.090175 1.666574 2.501138 3.684788 5.328774 7.564165 10.538848 14.411338 19.340862 25.473583 32.925336 41.761936 51.978838 63.482552 76.076671 89.455382 103.206960 116.828789 129.754122 141.389144 151.157261 158.546135 163.152185 164.717161 163.152185 158.546135 151.157261 141.389144 129.754122 116.828789 103.206960 89.455382 76.076671 63.482552 51.978838 41.761936 32.925336 25.473583 19.340862 14.411338 10.538848 7.564165 5.328774 3.684788 2.501138 1.666574 1.090175 0.700126 0.441456 0.273310 0.166152 0.099189 0.058151 0.033482 0.018934 0.010517 0.005738 0.003076 0.001620 0.000838 0.000426 0.000213 0.000104 0.000050 0.000024 0.000011 0.000005 0.000002 0.000001 0.000000 0.000000 0.000000 0.000000 
