0.000000 0.000000 0.000000 0.000000 0.000000 0.000000 0.000000 0.000000 0.000000 0.000000 0.000000 0.000000 0.000000 0.000000 0.000000 0.000000 0.000000 0.000000 0.000000 0.000000 0.000000 0.000000 0.000000 0.000000 0.000000 0.000000 0.000000 0.000000 0.000000 0.000000 0.000000 0.000000 0.000000 0.000000 0.000000 0.000000 0.000000 0.000000 0.000000 0.000000 0.000000 0.000000 0.000000 0.000000 0.000000 0.000000 0.000000 0.000000 0.000000 0.000000 0.000000 0.000000 0.000000 0.000000 0.000000 0.000000 0.000000 0.000000 0.000000 0.000000 0.000000 0.000000 0.000000 0.000000 0.000000 0.000000 0.000000 0.000000 0.000000 0.000000 0.000000 0.000000 0.000000 0.000000 0.000000 0.000000 0.000000 0.000000 0.000000 0.000000 0.000000 0.000000 0.000000 0.000000 0.000000 0.000000 0.000000 0.000000 0.000000 0.000000 0.000000 0.000000 0.000000 0.000000 0.000000 0.000000 0.000000 0.000000 0.000000 0.000000 
0.000000 0.000000 0.000000 0.000000 0.000000 0.000000 0.000000 0.000000 0.000000 0.000000 0.000000 0.000000 0.000000 0.000000 0.000000 0.000000 0.000000 0.000000 0.000000 0.000000 0.000000 0.000000 0.000000 0.000000 0.000000 0.000000 0.000000 0.000000 0.000000 0.000000 0.000000 0.000000 0.000000 0.000000 0.000000 0.000000 0.000000 0.000000 0.000000 0.000000 0.000000 0.000000 0.000000 0.000000 0.000000 0.000000 0.000000 0.000000 0.000000 0.000000 0.000000 0.000000 0.000000 0.000000 0.000000 0.000000 0.000000 0.000000 0.000000 0.000000 0.000000 0.000000 0.000000 0.000000 0.000000 0.000000 0.000000 0.000000 0.000000 0.000000 0.000000 0.000000 0.000000 0.000000 0.000000 0.000000 0.000000 0.000000 0.000000 0.000000 0.000000 0.000000 0.000000 0.000000 0.000000 0.000000 0.000000 0.000000 0.000000 0.000000 0.000000 0.000000 0.000000 0.000000 0.000000 0.000000 0.000000 0.000000 0.000000 0.000000 
0.000000 0.000000 0.000000 0.000000 0.000000 0.000000 0.000000 0.000000 0.000000 0.000000 0.000000 0.000000 0.000000 0.000000 0.000000 0.000000 0.000000 0.000000 0.000000 0.000000 0.000000 0.000000 0.000000 0.000000 0.000000 0.000000 0.000000 0.000000 0.000000 0.000000 0.000000 0.000000 0.000000 0.000000 0.000000 0.000000 0.000000 0.000000 0.000000 0.000000 0.000000 0.000000 0.000000 0.000000 0.000000 0.000000 0.000000 0.000000 0.000000 0.000000 0.000000 0.000000 0.000000 0.000000 0.000000 0.000000 0.000000 0.000000 0.000000 0.000000 0.000000 0.000000 0.000000 0.000000 0.000000 0.000000 0.000000 0.000000 0.000000 0.000000 0.000000 0.000000 0.000000 0.000000 0.000000 0.000000 0.000000 0.000000 0.000000 0.000000 0.000000 0.000000 0.000000 0.000000 0.000000 0.000000 0.000000 0.000000 0.000000 0.000000 0.000000 0.000000 0.000000 0.000000 0.000000 0.000000 0.000000 0.000000 0.000000 0.000000 
0.000000 0.000000 0.000000 0.000000 0.000000 0.000000 0.000000 0.000000 0.000000 0.000000 0.000000 0.000000 0.000000 0.000000 0.000000 0.000000 0.000000 0.000000 0.000000 0.000000 0.000000 0.000000 0.000000 0.000000 0.000000 0.000000 0.000000 0.000000 0.000000 0.000000 0.000000 0.000000 0.000000 0.000000 0.000000 0.000000 0.000000 0.000000 0.000000 0.000000 0.000000 0.000000 0.000000 0.000000 0.000000 0.000000 0.000000 0.000000 0.000000 0.000000 0.000000 0.000000 0.000000 0.000000 0.000000 0.000000 0.000000 0.000000 0.000000 0.000000 0.000000 0.000000 0.000000 0.000000 0.000000 0.000000 0.000000 0.000000 0.000000 0.000000 0.000000 0.000000 0.000000 0.000000 0.000000 0.000000 0.000000 0.000000 0.000000 0.000000 0.000000 0.000000 0.000000 0.000000 0.000000 0.000000 0.000000 0.000000 0.000000 0.000000 0.000000 0.000000 0.000000 0.000000 0.000000 0.000000 0.000000 0.000000 0.000000 0.000000 
0.000000 0.000000 0.000000 0.000000 0.000000 0.000000 0.000000 0.000000 0.000000 0.000000 0.000000 0.000000 0.000000 0.000000 0.000000 0.000000 0.000000 0.000000 0.000000 0.000000 0.000000 0.000000 0.000000 0.000000 0.000000 0.000000 0.000000 0.000000 0.000000 0.000000 0.000000 0.000000 0.000000 0.000000 0.000000 0.000000 0.000000 0.000000 0.000000 0.000000 0.000000 0.000000 0.000000 0.000000 0.000000 0.000000 0.000000 0.000000 0.000000 0.000000 0.000000 0.000000 0.000000 0.000000 0.000000 0.000000 0.000000 0.000000 0.000000 0.000000 0.000000 0.000000 0.000000 0.000000 0.000000 0.000000 0.000000 0.000000 0.000000 0.000000 0.000000 0.000000 0.000000 0.000000 0.000000 0.000000 0.000000 0.000000 0.000000 0.000000 0.000000 0.000000 0.000000 0.000000 0.000000 0.000000 0.000000 0.000000 0.000000 0.000000 0.000000 0.000000 0.000000 0.000000 0.000000 0.000000 0.000000 0.000000 0.000000 0.000000 
0.000000 0.000000 0.000000 0.000000 0.000000 0.000000 0.000000 0.000000 0.000000 0.000000 0.000000 0.000000 0.000000 0.000000 0.000000 0.000000 0.000000 0.000000 0.000000 0.000000 0.000000 0.000000 0.000000 0.000000 0.000000 0.000000 0.000000 0.000000 0.000000 0.000000 0.000000 0.000000 0.000000 0.000000 0.000000 0.000000 0.000000 0.000000 0.000000 0.000000 0.000000 0.000000 0.000001 0.000001 0.000001 0.000001 0.000001 0.000001 0.000001 0.000001 0.000001 0.000001 0.000001 0.000001 0.000001 0.000001 0.000001 0.000001 0.000001 0.000000 0.000000 0.000000 0.000000 0.000000 0.000000 0.000000 0.000000 0.000000 0.000000 0.000000 0.000000 0.000000 0.000000 0.000000 0.000000 0.000000 0.000000 0.000000 0.000000 0.000000 0.000000 0.000000 0.000000 0.000000 0.000000 0.000000 0.000000 0.000000 0.000000 0.000000 0.000000 0.000000 0.000000 0.000000 0.000000 0.000000 0.000000 0.000000 0.000000 0.000000 
0.000000 0.000000 0.000000 0.000000 0.000000 0.000000 0.000000 0.000000 0.000000 0.000000 0.000000 0.000000 0.000000 0.000000 0.000000 0.000000 0.000000 0.000000 0.000000 0.000000 0.000000 0.000000 0.000000 0.000000 0.000000 0.000000 0.000000 0.000000 0.000000 0.000000 0.000000 0.000000 0.000000 0.000000 0.000000 0.000000 0.000000 0.000000 0.000001 0.000001 0.000001 0.000001 0.000001 0.000001 0.000002 0.000002 0.000002 0.000002 0.000002 0.000002 0.000002 0.000002 0.000002 0.000002 0.000002 0.000002 0.000002 0.000001 0.000001 0.000001 0.000001 0.000001 0.000001 0.000000 0.000000 0.000000 0.000000 0.000000 0.000000 0.000000 0.000000 0.000000 0.000000 0.000000 0.000000 0.000000 0.000000 0.000000 0.000000 0.000000 0.000000 0.000000 0.000000 0.000000 0.000000 0.000000 0.000000 0.000000 0.000000 0.000000 0.000000 0.000000 0.000000 0.000000 0.000000 0.000000 0.000000 0.000000 0.000000 0.000000 
0.000000 0.000000 0.000000 0.000000 0.000000 0.000000 0.000000 0.000000 0.000000 0.000000 0.000000 0.000000 0.000000 0.000000 0.000000 0.000000 0.000000 0.000000 0.000000 0.000000 0.000000 0.000000 0.000000 0.000000 0.000000 0.000000 0.000000 0.000000 0.000000 0.000000 0.000000 0.000000 0.000000 0.000000 0.000000 0.000001 0.000001 0.000001 0.000001 0.000002 0.000002 0.000002 0.000003 0.000003 0.000004 0.000004 0.000005 0.000005 0.000005 0.000006 0.000006 0.000006 0.000005 0.000005 0.000005 0.000004 0.000004 0.000003 0.000003 0.000002 0.000002 0.000002 0.000001 0.000001 0.000001 0.000001 0.000000 0.000000 0.000000 0.000000 0.000000 0.000000 0.000000 0.000000 0.000000 0.000000 0.000000 0.000000 0.000000 0.000000 0.000000 0.000000 0.000000 0.000000 0.000000 0.000000 0.000000 0.000000 0.000000 0.000000 0.000000 0.000000 0.000000 0.000000 0.000000 0.000000 0.000000 0.000000 0.000000 0.000000 
0.000000 0.000000 0.000000 0.000000 0.000000 0.000000 0.000000 0.000000 0.000000 0.000000 0.000000 0.000000 0.000000 0.000000 0.000000 0.000000 0.000000 0.000000 0.000000 0.000000 0.000000 0.000000 0.000000 0.000000 0.000000 0.000000 0.000000 0.000000 0.000000 0.000000 0.000000 0.000000 0.000000 0.000001 0.000001 0.000001 0.000002 0.000002 0.000003 0.000004 0.000004 0.000005 0.000006 0.000007 0.000009 0.000010 0.000011 0.000011 0.000012 0.000012 0.000013 0.000012 0.000012 0.000011 0.000011 0.000010 0.000009 0.000007 0.000006 0.000005 0.000004 0.000004 0.000003 0.000002 0.000002 0.000001 0.000001 0.000001 0.000000 0.000000 0.000000 0.000000 0.000000 0.000000 0.000000 0.000000 0.000000 0.000000 0.000000 0.000000 0.000000 0.000000 0.000000 0.000000 0.000000 0.000000 0.000000 0.000000 0.000000 0.000000 0.000000 0.000000 0.000000 0.000000 0.000000 0.000000 0.000000 0.000000 0.000000 0.000000 
0.000000 0.000000 0.000000 0.000000 0.000000 0.000000 0.000000 0.000000 0.000000 0.000000 0.000000 0.000000 0.000000 0.000000 0.000000 0.000000 0.000000 0.000000 0.000000 0.000000 0.000000 0.000000 0.000000 0.000000 0.000000 0.000000 0.000000 0.000000 0.000000 0.000000 0.000000 0.000001 0.000001 0.000001 0.000002 0.000003 0.000004 0.000005 0.000006 0.000008 0.000010 0.000012 0.000014 0.000016 0.000019 0.000021 0.000023 0.000025 0.000026 0.000027 0.000028 0.000027 0.000026 0.000025 0.000023 0.000021 0.000019 0.000016 0.000014 0.000012 0.000010 0.000008 0.000006 0.000005 0.000004 0.000003 0.000002 0.000001 0.000001 0.000001 0.000000 0.000000 0.000000 0.000000 0.000000 0.000000 0.000000 0.000000 0.000000 0.000000 0.000000 0.000000 0.000000 0.000000 0.000000 0.000000 0.000000 0.000000 0.000000 0.000000 0.000000 0.000000 0.000000 0.000000 0.000000 0.000000 0.000000 0.000000 0.000000 0.000000 
0.000000 0.000000 0.000000 0.000000 0.000000 0.000000 0.000000 0.000000 0.000000 0.000000 0.000000 0.000000 0.000000 0.000000 0.000000 0.000000 0.000000 0.000000 0.000000 0.000000 0.000000 0.000000 0.000000 0.000000 0.000000 0.000000 0.000000 0.000000 0.000000 0.000001 0.000001 0.000001 0.000002 0.000003 0.000004 0.000006 0.000008 0.000010 0.000013 0.000017 0.000021 0.000026 0.000030 0.000036 0.000041 0.000046 0.000050 0.000054 0.000057 0.000059 0.000059 0.000059 0.000057 0.000054 0.000050 0.000046 0.000041 0.000036 0.000030 0.000026 0.000021 0.000017 0.000013 0.000010 0.000008 0.000006 0.000004 0.000003 0.000002 0.000001 0.000001 0.000001 0.000000 0.000000 0.000000 0.000000 0.000000 0.000000 0.000000 0.000000 0.000000 0.000000 0.000000 0.000000 0.000000 0.000000 0.000000 0.000000 0.000000 0.000000 0.000000 0.000000 0.000000 0.000000 0.000000 0.000000 0.000000 0.000000 0.000000 0.000000 
0.000000 0.000000 0.000000 0.000000 0.000000 0.000000 0.000000 0.000000 0.000000 0.000000 0.000000 0.000000 0.000000 0.000000 0.000000 0.000000 0.000000 0.000000 0.000000 0.000000 0.000000 0.000000 0.000000 0.000000 0.000000 0.000000 0.000000 0.000001 0.000001 0.000001 0.000002 0.000003 0.000004 0.000006 0.000009 0.000012 0.000016 0.000022 0.000028 0.000036 0.000044 0.000054 0.000065 0.000076 0.000087 0.000097 0.000107 0.000115 0.000121 0.000125 0.000126 0.000125 0.000121 0.000115 0.000107 0.000097 0.000087 0.000076 0.000065 0.000054 0.000044 0.000036 0.000028 0.000022 0.000016 0.000012 0.000009 0.000006 0.000004 0.000003 0.000002 0.000001 0.000001 0.000001 0.000000 0.000000 0.000000 0.000000 0.000000 0.000000 0.000000 0.000000 0.000000 0.000000 0.000000 0.000000 0.000000 0.000000 0.000000 0.000000 0.000000 0.000000 0.000000 0.000000 0.000000 0.000000 0.000000 0.000000 0.000000 0.000000 
0.000000 0.000000 0.000000 0.000000 0.000000 0.000000 0.000000 0.000000 0.000000 0.000000 0.000000 0.000000 0.000000 0.000000 0.000000 0.000000 0.000000 0.000000 0.000000 0.000000 0.000000 0.000000 0.000000 0.000000 0.000000 0.000000 0.000001 0.000001 0.000002 0.000003 0.000004 0.000006 0.000009 0.000013 0.000018 0.000025 0.000034 0.000045 0.000059 0.000075 0.000093 0.000113 0.000135 0.000158 0.000181 0.000202 0.000222 0.000239 0.000252 0.000260 0.000263 0.000260 0.000252 0.000239 0.000222 0.000202 0.000181 0.000158 0.000135 0.000113 0.000093 0.000075 0.000059 0.000045 0.000034 0.000025 0.000018 0.000013 0.000009 0.000006 0.000004 0.000003 0.000002 0.000001 0.000001 0.000000 0.000000 0.000000 0.000000 0.000000 0.000000 0.000000 0.000000 0.000000 0.000000 0.000000 0.000000 0.000000 0.000000 0.000000 0.000000 0.000000 0.000000 0.000000 0.000000 0.000000 0.000000 0.000000 0.000000 0.000000 
0.000000 0.000000 0.000000 0.000000 0.000000 0.000000 0.000000 0.000000 0.000000 0.000000 0.000000 0.000000 0.000000 0.000000 0.000000 0.000000 0.000000 0.000000 0.000000 0.000000 0.000000 0.000000 0.000000 0.000000 0.000001 0.000001 0.000001 0.000002 0.000004 0.000006 0.000009 0.000013 0.000019 0.000027 0.000038 0.000052 0.000071 0.000093 0.000121 0.000153 0.000191 0.000232 0.000277 0.000323 0.000370 0.000414 0.000455 0.000489 0.000515 0.000532 0.000537 0.000532 0.000515 0.000489 0.000455 0.000414 0.000370 0.000323 0.000277 0.000232 0.000191 0.000153 0.000121 0.000093 0.000071 0.000052 0.000038 0.000027 0.000019 0.000013 0.000009 0.000006 0.000004 0.000002 0.000001 0.000001 0.000001 0.000000 0.000000 0.000000 0.000000 0.000000 0.000000 0.000000 0.000000 0.000000 0.000000 0.000000 0.000000 0.000000 0.000000 0.000000 0.000000 0.000000 0.000000 0.000000 0.000000 0.000000 0.000000 0.000000 
0.000000 0.000000 0.000000 0.000000 0.000000 0.000000 0.000000 0.000000 0.000000 0.000000 0.000000 0.000000 0.000000 0.000000 0.000000 0.000000 0.000000 0.000000 0.000000 0.000000 0.000000 0.000000 0.000000 0.000001 0.000001 0.000002 0.000003 0.000005 0.000007 0.000012 0.000018 0.000026 0.000038 0.000055 0.000077 0.000106 0.000143 0.000188 0.000244 0.000309 0.000384 0.000467 0.000557 0.000650 0.000744 0.000833 0.000915 0.000983 0.001035 0.001068 0.001079 0.001068 0.001035 0.000983 0.000915 0.000833 0.000744 0.000650 0.000557 0.000467 0.000384 0.000309 0.000244 0.000188 0.000143 0.000106 0.000077 0.000055 0.000038 0.000026 0.000018 0.000012 0.000007 0.000005 0.000003 0.000002 0.000001 0.000001 0.000000 0.000000 0.000000 0.000000 0.000000 0.000000 0.000000 0.000000 0.000000 0.000000 0.000000 0.000000 0.000000 0.000000 0.000000 0.000000 0.000000 0.000000 0.000000 0.000000 0.000000 0.000000 
0.000000 0.000000 0.000000 0.000000 0.000000 0.000000 0.000000 0.000000 0.000000 0.000000 0.000000 0.000000 0.000000 0.000000 0.000000 0.000000 0.000000 0.000000 0.000000 0.000000 0.000000 0.000000 0.000001 0.000001 0.000002 0.000004 0.000006 0.000009 0.000015 0.000023 0.000035 0.000052 0.000076 0.000109 0.000153 0.000210 0.000283 0.000373 0.000483 0.000612 0.000759 0.000923 0.001100 0.001284 0.001469 0.001645 0.001805 0.001940 0.002043 0.002108 0.002129 0.002108 0.002043 0.001940 0.001805 0.001645 0.001469 0.001284 0.001100 0.000923 0.000759 0.000612 0.000483 0.000373 0.000283 0.000210 0.000153 0.000109 0.000076 0.000052 0.000035 0.000023 0.000015 0.000009 0.000006 0.000004 0.000002 0.000001 0.000001 0.000000 0.000000 0.000000 0.000000 0.000000 0.000000 0.000000 0.000000 0.000000 0.000000 0.000000 0.000000 0.000000 0.000000 0.000000 0.000000 0.000000 0.000000 0.000000 0.000000 0.000000 
0.000000 0.000000 0.000000 0.000000 0.000000 0.000000 0.000000 0.000000 0.000000 0.000000 0.000000 0.000000 0.000000 0.000000 0.000000 0.000000 0.000000 0.000000 0.000000 0.000000 0.000000 0.000001 0.000001 0.000002 0.000004 0.000007 0.000011 0.000018 0.000029 0.000045 0.000069 0.000102 0.000149 0.000213 0.000298 0.000409 0.000551 0.000727 0.000939 0.001189 0.001475 0.001793 0.002135 0.002492 0.002848 0.003190 0.003499 0.003761 0.003959 0.004084 0.004126 0.004084 0.003959 0.003761 0.003499 0.003190 0.002848 0.002492 0.002135 0.001793 0.001475 0.001189 0.000939 0.000727 0.000551 0.000409 0.000298 0.000213 0.000149 0.000102 0.000069 0.000045 0.000029 0.000018 0.000011 0.000007 0.000004 0.000002 0.000001 0.000001 0.000000 0.000000 0.000000 0.000000 0.000000 0.000000 0.000000 0.000000 0.000000 0.000000 0.000000 0.000000 0.000000 0.000000 0.000000 0.000000 0.000000 0.000000 0.000000 0.000000 
0.000000 0.000000 0.000000 0.000000 0.000000 0.000000 0.000000 0.000000 0.000000 0.000000 0.000000 0.000000 0.000000 0.000000 0.000000 0.000000 0.000000 0.000000 0.000000 0.000000 0.000001 0.000002 0.000003 0.000005 0.000008 0.000013 0.000022 0.000036 0.000056 0.000087 0.000132 0.000196 0.000285 0.000408 0.000571 0.000783 0.001053 0.001388 0.001793 0.002269 0.002813 0.003418 0.004069 0.004746 0.005424 0.006072 0.006660 0.007156 0.007534 0.007769 0.007850 0.007769 0.007534 0.007156 0.006660 0.006072 0.005424 0.004746 0.004069 0.003418 0.002813 0.002269 0.001793 0.001388 0.001053 0.000783 0.000571 0.000408 0.000285 0.000196 0.000132 0.000087 0.000056 0.000036 0.000022 0.000013 0.000008 0.000005 0.000003 0.000002 0.000001 0.000000 0.000000 0.000000 0.000000 0.000000 0.000000 0.000000 0.000000 0.000000 0.000000 0.000000 0.000000 0.000000 0.000000 0.000000 0.000000 0.000000 0.000000 0.000000 
0.000000 0.000000 0.000000 0.000000 0.000000 0.000000 0.000000 0.000000 0.000000 0.000000 0.000000 0.000000 0.000000 0.000000 0.000000 0.000000 0.000000 0.000000 0.000000 0.000001 0.000002 0.000003 0.000005 0.000009 0.000015 0.000026 0.000042 0.000067 0.000106 0.000164 0.000248 0.000369 0.000537 0.000767 0.001073 0.001471 0.001977 0.002604 0.003361 0.004251 0.005268 0.006398 0.007613 0.008876 0.010140 0.011350 0.012446 0.013371 0.014074 0.014514 0.014663 0.014514 0.014074 0.013371 0.012446 0.011350 0.010140 0.008876 0.007613 0.006398 0.005268 0.004251 0.003361 0.002604 0.001977 0.001471 0.001073 0.000767 0.000537 0.000369 0.000248 0.000164 0.000106 0.000067 0.000042 0.000026 0.000015 0.000009 0.000005 0.000003 0.000002 0.000001 0.000000 0.000000 0.000000 0.000000 0.000000 0.000000 0.000000 0.000000 0.000000 0.000000 0.000000 0.000000 0.000000 0.000000 0.000000 0.000000 0.000000 0.000000 
0.000000 0.000000 0.000000 0.000000 0.000000 0.000000 0.000000 0.000000 0.000000 0.000000 0.000000 0.000000 0.000000 0.000000 0.000000 0.000000 0.000000 0.000000 0.000001 0.000002 0.000003 0.000005 0.000010 0.000017 0.000028 0.000047 0.000078 0.000125 0.000197 0.000304 0.000460 0.000682 0.000993 0.001416 0.001979 0.002712 0.003642 0.004794 0.006184 0.007818 0.009685 0.011756 0.013984 0.016298 0.018613 0.020827 0.022834 0.024528 0.025815 0.026619 0.026893 0.026619 0.025815 0.024528 0.022834 0.020827 0.018613 0.016298 0.013984 0.011756 0.009685 0.007818 0.006184 0.004794 0.003642 0.002712 0.001979 0.001416 0.000993 0.000682 0.000460 0.000304 0.000197 0.000125 0.000078 0.000047 0.000028 0.000017 0.000010 0.000005 0.000003 0.000002 0.000001 0.000000 0.000000 0.000000 0.000000 0.000000 0.000000 0.000000 0.000000 0.000000 0.000000 0.000000 0.000000 0.000000 0.000000 0.000000 0.000000 0.000000 
0.000000 0.000000 0.000000 0.000000 0.000000 0.000000 0.000000 0.000000 0.000000 0.000000 0.000000 0.000000 0.000000 0.000000 0.000000 0.000000 0.000000 0.000001 0.000002 0.000003 0.000006 0.000010 0.000018 0.000031 0.000052 0.000087 0.000142 0.000227 0.000358 0.000552 0.000835 0.001238 0.001800 0.002566 0.003584 0.004908 0.006587 0.008665 0.011171 0.014115 0.017477 0.021206 0.025214 0.029378 0.033540 0.037521 0.041128 0.044172 0.046484 0.047929 0.048421 0.047929 0.046484 0.044172 0.041128 0.037521 0.033540 0.029378 0.025214 0.021206 0.017477 0.014115 0.011171 0.008665 0.006587 0.004908 0.003584 0.002566 0.001800 0.001238 0.000835 0.000552 0.000358 0.000227 0.000142 0.000087 0.000052 0.000031 0.000018 0.000010 0.000006 0.000003 0.000002 0.000001 0.000000 0.000000 0.000000 0.000000 0.000000 0.000000 0.000000 0.000000 0.000000 0.000000 0.000000 0.000000 0.000000 0.000000 0.000000 0.000000 
0.000000 0.000000 0.000000 0.000000 0.000000 0.000000 0.000000 0.000000 0.000000 0.000000 0.000000 0.000000 0.000000 0.000000 0.000000 0.000000 0.000001 0.000002 0.000003 0.000005 0.000010 0.000018 0.000032 0.000055 0.000093 0.000155 0.000254 0.000407 0.000639 0.000985 0.001489 0.002206 0.003205 0.004564 0.006371 0.008718 0.011693 0.015373 0.019808 0.025014 0.030958 0.037548 0.044629 0.051981 0.059329 0.066354 0.072718 0.078089 0.082167 0.084715 0.085582 0.084715 0.082167 0.078089 0.072718 0.066354 0.059329 0.051981 0.044629 0.037548 0.030958 0.025014 0.019808 0.015373 0.011693 0.008718 0.006371 0.004564 0.003205 0.002206 0.001489 0.000985 0.000639 0.000407 0.000254 0.000155 0.000093 0.000055 0.000032 0.000018 0.000010 0.000005 0.000003 0.000002 0.000001 0.000000 0.000000 0.000000 0.000000 0.000000 0.000000 0.000000 0.000000 0.000000 0.000000 0.000000 0.000000 0.000000 0.000000 0.000000 
0.000000 0.000000 0.000000 0.000000 0.000000 0.000000 0.000000 0.000000 0.000000 0.000000 0.000000 0.000000 0.000000 0.000000 0.000000 0.000001 0.000001 0.000003 0.000005 0.000010 0.000018 0.000032 0.000056 0.000097 0.000164 0.000273 0.000446 0.000714 0.001121 0.001726 0.002606 0.003857 0.005599 0.007967 0.011114 0.015198 0.020372 0.026767 0.034471 0.043510 0.053825 0.065256 0.077534 0.090278 0.103011 0.115181 0.126205 0.135505 0.142566 0.146978 0.148479 0.146978 0.142566 0.135505 0.126205 0.115181 0.103011 0.090278 0.077534 0.065256 0.053825 0.043510 0.034471 0.026767 0.020372 0.015198 0.011114 0.007967 0.005599 0.003857 0.002606 0.001726 0.001121 0.000714 0.000446 0.000273 0.000164 0.000097 0.000056 0.000032 0.000018 0.000010 0.000005 0.000003 0.000001 0.000001 0.000000 0.000000 0.000000 0.000000 0.000000 0.000000 0.000000 0.000000 0.000000 0.000000 0.000000 0.000000 0.000000 0.000000 
0.000000 0.000000 0.000000 0.000000 0.000000 0.000000 0.000000 0.000000 0.000000 0.000000 0.000000 0.000000 0.000000 0.000000 0.000001 0.000001 0.000002 0.000005 0.000009 0.000017 0.000031 0.000055 0.000097 0.000167 0.000283 0.000471 0.000768 0.001228 0.001927 0.002965 0.004473 0.006617 0.009598 0.013648 0.019025 0.026001 0.034832 0.045740 0.058875 0.074278 0.091847 0.111309 0.132205 0.153888 0.175545 0.196241 0.214982 0.230791 0.242792 0.250290 0.252841 0.250290 0.242792 0.230791 0.214982 0.196241 0.175545 0.153888 0.132205 0.111309 0.091847 0.074278 0.058875 0.045740 0.034832 0.026001 0.019025 0.013648 0.009598 0.006617 0.004473 0.002965 0.001927 0.001228 0.000768 0.000471 0.000283 0.000167 0.000097 0.000055 0.000031 0.000017 0.000009 0.000005 0.000002 0.000001 0.000001 0.000000 0.000000 0.000000 0.000000 0.000000 0.000000 0.000000 0.000000 0.000000 0.000000 0.000000 0.000000 0.000000 
0.000000 0.000000 0.000000 0.000000 0.000000 0.000000 0.000000 0.000000 0.000000 0.000000 0.000000 0.000000 0.000000 0.000001 0.000001 0.000002 0.000004 0.000008 0.000015 0.000028 0.000052 0.000093 0.000164 0.000283 0.000479 0.000797 0.001298 0.002075 0.003252 0.004999 0.007536 0.011139 0.016144 0.022940 0.031959 0.043649 0.058442 0.076703 0.098681 0.124440 0.153810 0.186332 0.221237 0.257445 0.293600 0.328142 0.359415 0.385791 0.405811 0.418320 0.422575 0.418320 0.405811 0.385791 0.359415 0.328142 0.293600 0.257445 0.221237 0.186332 0.153810 0.124440 0.098681 0.076703 0.058442 0.043649 0.031959 0.022940 0.016144 0.011139 0.007536 0.004999 0.003252 0.002075 0.001298 0.000797 0.000479 0.000283 0.000164 0.000093 0.000052 0.000028 0.000015 0.000008 0.000004 0.000002 0.000001 0.000001 0.000000 0.000000 0.000000 0.000000 0.000000 0.000000 0.000000 0.000000 0.000000 0.000000 0.000000 0.000000 
0.000000 0.000000 0.000000 0.000000 0.000000 0.000000 0.000000 0.000000 0.000000 0.000000 0.000000 0.000000 0.000000 0.000001 0.000002 0.000004 0.000007 0.000013 0.000026 0.000047 0.000087 0.000155 0.000273 0.000471 0.000797 0.001322 0.002153 0.003437 0.005384 0.008269 0.012455 0.018397 0.026644 0.037836 0.052678 0.071903 0.096218 0.126218 0.162305 0.204583 0.252765 0.306100 0.363323 0.422663 0.481899 0.538482 0.589699 0.632889 0.665668 0.686147 0.693112 0.686147 0.665668 0.632889 0.589699 0.538482 0.481899 0.422663 0.363323 0.306100 0.252765 0.204583 0.162305 0.126218 0.096218 0.071903 0.052678 0.037836 0.026644 0.018397 0.012455 0.008269 0.005384 0.003437 0.002153 0.001322 0.000797 0.000471 0.000273 0.000155 0.000087 0.000047 0.000026 0.000013 0.000007 0.000004 0.000002 0.000001 0.000000 0.000000 0.000000 0.000000 0.000000 0.000000 0.000000 0.000000 0.000000 0.000000 0.000000 0.000000 
0.000000 0.000000 0.000000 0.000000 0.000000 0.000000 0.000000 0.000000 0.000000 0.000000 0.000000 0.000000 0.000001 0.000001 0.000003 0.000006 0.000011 0.000022 0.000042 0.000078 0.000142 0.000254 0.000446 0.000768 0.001298 0.002153 0.003502 0.005587 0.008743 0.013418 0.020196 0.029809 0.043142 0.061225 0.085190 0.116216 0.155432 0.203794 0.261941 0.330032 0.407603 0.493436 0.585495 0.680933 0.776180 0.867139 0.949458 1.018865 1.071535 1.104439 1.115631 1.104439 1.071535 1.018865 0.949458 0.867139 0.776180 0.680933 0.585495 0.493436 0.407603 0.330032 0.261941 0.203794 0.155432 0.116216 0.085190 0.061225 0.043142 0.029809 0.020196 0.013418 0.008743 0.005587 0.003502 0.002153 0.001298 0.000768 0.000446 0.000254 0.000142 0.000078 0.000042 0.000022 0.000011 0.000006 0.000003 0.000001 0.000001 0.000000 0.000000 0.000000 0.000000 0.000000 0.000000 0.000000 0.000000 0.000000 0.000000 0.000000 
0.000000 0.000000 0.000000 0.000000 0.000000 0.000000 0.000000 0.000000 0.000000 0.000000 0.000000 0.000001 0.000001 0.000002 0.000005 0.000009 0.000018 0.000036 0.000067 0.000125 0.000227 0.000407 0.000714 0.001228 0.002075 0.003437 0.005587 0.008906 0.013927 0.021358 0.032124 0.047382 0.068533 0.097197 0.135165 0.184291 0.246352 0.322849 0.414781 0.522391 0.644933 0.780480 0.925815 1.076439 1.226726 1.370216 1.500052 1.609508 1.692561 1.744442 1.762088 1.744442 1.692561 1.609508 1.500052 1.370216 1.226726 1.076439 0.925815 0.780480 0.644933 0.522391 0.414781 0.322849 0.246352 0.184291 0.135165 0.097197 0.068533 0.047382 0.032124 0.021358 0.013927 0.008906 0.005587 0.003437 0.002075 0.001228 0.000714 0.000407 0.000227 0.000125 0.000067 0.000036 0.000018 0.000009 0.000005 0.000002 0.000001 0.000001 0.000000 0.000000 0.000000 0.000000 0.000000 0.000000 0.000000 0.000000 0.000000 0.000000 
0.000000 0.000000 0.000000 0.000000 0.000000 0.000000 0.000000 0.000000 0.000000 0.000000 0.000000 0.000001 0.000002 0.000004 0.000007 0.000015 0.000029 0.000056 0.000106 0.000197 0.000358 0.000639 0.001121 0.001927 0.003252 0.005384 0.008743 0.013927 0.021761 0.033348 0.050123 0.073882 0.106795 0.151374 0.210387 0.286703 0.383064 0.501785 0.644396 0.811260 1.001209 1.211244 1.436376 1.669639 1.902324 2.124441 2.325389 2.494770 2.623281 2.703552 2.730853 2.703552 2.623281 2.494770 2.325389 2.124441 1.902324 1.669639 1.436376 1.211244 1.001209 0.811260 0.644396 0.501785 0.383064 0.286703 0.210387 0.151374 0.106795 0.073882 0.050123 0.033348 0.021761 0.013927 0.008743 0.005384 0.003252 0.001927 0.001121 0.000639 0.000358 0.000197 0.000106 0.000056 0.000029 0.000015 0.000007 0.000004 0.000002 0.000001 0.000000 0.000000 0.000000 0.000000 0.000000 0.000000 0.000000 0.000000 0.000000 0.000000 
0.000000 0.000000 0.000000 0.000000 0.000000 0.000000 0.000000 0.000000 0.000000 0.000000 0.000001 0.000001 0.000003 0.000006 0.000012 0.000023 0.000045 0.000087 0.000164 0.000304 0.000552 0.000985 0.001726 0.002965 0.004999 0.008269 0.013418 0.021358 0.033348 0.051072 0.076711 0.113002 0.163245 0.231257 0.321242 0.437550 0.584337 0.765103 0.982152 1.236017 1.524898 1.844224 2.186403 2.540847 2.894333 3.231698 3.536860 3.794052 3.989166 4.111032 4.152478 4.111032 3.989166 3.794052 3.536860 3.231698 2.894333 2.540847 2.186403 1.844224 1.524898 1.236017 0.982152 0.765103 0.584337 0.437550 0.321242 0.231257 0.163245 0.113002 0.076711 0.051072 0.033348 0.021358 0.013418 0.008269 0.004999 0.002965 0.001726 0.000985 0.000552 0.000304 0.000164 0.000087 0.000045 0.000023 0.000012 0.000006 0.000003 0.000001 0.000001 0.000000 0.000000 0.000000 0.000000 0.000000 0.000000 0.000000 0.000000 0.000000 
0.000000 0.000000 0.000000 0.000000 0.000000 0.000000 0.000000 0.000000 0.000000 0.000000 0.000001 0.000002 0.000004 0.000009 0.000018 0.000035 0.000069 0.000132 0.000248 0.000460 0.000835 0.001489 0.002606 0.004473 0.007536 0.012455 0.020196 0.032124 0.050123 0.076711 0.115150 0.169525 0.244760 0.346547 0.481146 0.655036 0.874393 1.144409 1.468495 1.847410 2.278443 2.754756 3.265013 3.793430 4.320303 4.823055 5.277745 5.660913 5.951569 6.133098 6.194834 6.133098 5.951569 5.660913 5.277745 4.823055 4.320303 3.793430 3.265013 2.754756 2.278443 1.847410 1.468495 1.144409 0.874393 0.655036 0.481146 0.346547 0.244760 0.169525 0.115150 0.076711 0.050123 0.032124 0.020196 0.012455 0.007536 0.004473 0.002606 0.001489 0.000835 0.000460 0.000248 0.000132 0.000069 0.000035 0.000018 0.000009 0.000004 0.000002 0.000001 0.000000 0.000000 0.000000 0.000000 0.000000 0.000000 0.000000 0.000000 0.000000 
0.000000 0.000000 0.000000 0.000000 0.000000 0.000000 0.000000 0.000000 0.000000 0.000001 0.000001 0.000003 0.000006 0.000013 0.000026 0.000052 0.000102 0.000196 0.000369 0.000682 0.001238 0.002206 0.003857 0.006617 0.011139 0.018397 0.029809 0.047382 0.073882 0.113002 0.169525 0.249433 0.359936 0.509360 0.706854 0.961879 1.283441 1.679107 2.153820 2.708649 3.339589 4.036601 4.783089 5.555962 6.326415 7.061467 7.726150 8.286214 8.711018 8.976313 9.066533 8.976313 8.711018 8.286214 7.726150 7.061467 6.326415 5.555962 4.783089 4.036601 3.339589 2.708649 2.153820 1.679107 1.283441 0.961879 0.706854 0.509360 0.359936 0.249433 0.169525 0.113002 0.073882 0.047382 0.029809 0.018397 0.011139 0.006617 0.003857 0.002206 0.001238 0.000682 0.000369 0.000196 0.000102 0.000052 0.000026 0.000013 0.000006 0.000003 0.000001 0.000001 0.000000 0.000000 0.000000 0.000000 0.000000 0.000000 0.000000 0.000000 
0.000000 0.000000 0.000000 0.000000 0.000000 0.000000 0.000000 0.000000 0.000000 0.000001 0.000002 0.000004 0.000009 0.000019 0.000038 0.000076 0.000149 0.000285 0.000537 0.000993 0.001800 0.003205 0.005599 0.009598 0.016144 0.026644 0.043142 0.068533 0.106795 0.163245 0.244760 0.359936 0.519127 0.734279 1.018513 1.385380 1.847774 2.416501 3.098604 3.895556 4.801552 5.802146 6.873494 7.982458 9.087735 10.142047 11.095293 11.898410 12.507517 12.887890 13.017242 12.887890 12.507517 11.898410 11.095293 10.142047 9.087735 7.982458 6.873494 5.802146 4.801552 3.895556 3.098604 2.416501 1.847774 1.385380 1.018513 0.734279 0.519127 0.359936 0.244760 0.163245 0.106795 0.068533 0.043142 0.026644 0.016144 0.009598 0.005599 0.003205 0.001800 0.000993 0.000537 0.000285 0.000149 0.000076 0.000038 0.000019 0.000009 0.000004 0.000002 0.000001 0.000000 0.000000 0.000000 0.000000 0.000000 0.000000 0.000000 0.000000 
0.000000 0.000000 0.000000 0.000000 0.000000 0.000000 0.000000 0.000000 0.000001 0.000001 0.000003 0.000006 0.000013 0.000027 0.000055 0.000109 0.000213 0.000408 0.000767 0.001416 0.002566 0.004564 0.007967 0.013648 0.022940 0.037836 0.061225 0.097197 0.151374 0.231257 0.346547 0.509360 0.734279 1.038121 1.439343 1.956992 2.609169 3.411026 4.372402 5.495292 6.771451 8.180484 9.688792 11.249726 12.805181 14.288675 15.629784 16.759558 17.616343 18.151356 18.333290 18.151356 17.616343 16.759558 15.629784 14.288675 12.805181 11.249726 9.688792 8.180484 6.771451 5.495292 4.372402 3.411026 2.609169 1.956992 1.439343 1.038121 0.734279 0.509360 0.346547 0.231257 0.151374 0.097197 0.061225 0.037836 0.022940 0.013648 0.007967 0.004564 0.002566 0.001416 0.000767 0.000408 0.000213 0.000109 0.000055 0.000027 0.000013 0.000006 0.000003 0.000001 0.000001 0.000000 0.000000 0.000000 0.000000 0.000000 0.000000 0.000000 
0.000000 0.000000 0.000000 0.000000 0.000000 0.000000 0.000000 0.000000 0.000001 0.000002 0.000004 0.000009 0.000018 0.000038 0.000077 0.000153 0.000298 0.000571 0.001073 0.001979 0.003584 0.006371 0.011114 0.019025 0.031959 0.052678 0.085190 0.135165 0.210387 0.321242 0.481146 0.706854 1.018513 1.439343 1.994813 2.711182 3.613386 4.722268 6.051314 7.603178 9.366380 11.312678 13.395633 15.550833 17.698090 19.745697 21.596545 23.155574 24.337803 25.076001 25.327023 25.076001 24.337803 23.155574 21.596545 19.745697 17.698090 15.550833 13.395633 11.312678 9.366380 7.603178 6.051314 4.722268 3.613386 2.711182 1.994813 1.439343 1.018513 0.706854 0.481146 0.321242 0.210387 0.135165 0.085190 0.052678 0.031959 0.019025 0.011114 0.006371 0.003584 0.001979 0.001073 0.000571 0.000298 0.000153 0.000077 0.000038 0.000018 0.000009 0.000004 0.000002 0.000001 0.000000 0.000000 0.000000 0.000000 0.000000 0.000000 0.000000 
0.000000 0.000000 0.000000 0.000000 0.000000 0.000000 0.000000 0.000001 0.000001 0.000003 0.000006 0.000012 0.000025 0.000052 0.000106 0.000210 0.000409 0.000783 0.001471 0.002712 0.004908 0.008718 0.015198 0.026001 0.043649 0.071903 0.116216 0.184291 0.286703 0.437550 0.655036 0.961879 1.385380 1.956992 2.711182 3.683471 4.907552 6.411552 8.213615 10.317206 12.706651 15.343600 18.165102 21.083914 23.991486 26.763732 29.269290 31.379601 32.979762 33.978874 34.318611 33.978874 32.979762 31.379601 29.269290 26.763732 23.991486 21.083914 18.165102 15.343600 12.706651 10.317206 8.213615 6.411552 4.907552 3.683471 2.711182 1.956992 1.385380 0.961879 0.655036 0.437550 0.286703 0.184291 0.116216 0.071903 0.043649 0.026001 0.015198 0.008718 0.004908 0.002712 0.001471 0.000783 0.000409 0.000210 0.000106 0.000052 0.000025 0.000012 0.000006 0.000003 0.000001 0.000001 0.000000 0.000000 0.000000 0.000000 0.000000 0.000000 
0.000000 0.000000 0.000000 0.000000 0.000000 0.000000 0.000000 0.000001 0.000002 0.000004 0.000008 0.000016 0.000034 0.000071 0.000143 0.000283 0.000551 0.001053 0.001977 0.003642 0.006587 0.011693 0.020372 0.034832 0.058442 0.096218 0.155432 0.246352 0.383064 0.584337 0.874393 1.283441 1.847774 2.609169 3.613386 4.907552 6.536331 8.536956 10.933381 13.730044 16.905972 20.410097 24.158720 28.035941 31.897636 35.579108 38.906055 41.707937 43.832344 45.158727 45.609739 45.158727 43.832344 41.707937 38.906055 35.579108 31.897636 28.035941 24.158720 20.410097 16.905972 13.730044 10.933381 8.536956 6.536331 4.907552 3.613386 2.609169 1.847774 1.283441 0.874393 0.584337 0.383064 0.246352 0.155432 0.096218 0.058442 0.034832 0.020372 0.011693 0.006587 0.003642 0.001977 0.001053 0.000551 0.000283 0.000143 0.000071 0.000034 0.000016 0.000008 0.000004 0.000002 0.000001 0.000000 0.000000 0.000000 0.000000 0.000000 0.000000 
0.000000 0.000000 0.000000 0.000000 0.000000 0.000000 0.000000 0.000001 0.000002 0.000005 0.000010 0.000022 0.000045 0.000093 0.000188 0.000373 0.000727 0.001388 0.002604 0.004794 0.008665 0.015373 0.026767 0.045740 0.076703 0.126218 0.203794 0.322849 0.501785 0.765103 1.144409 1.679107 2.416501 3.411026 4.722268 6.411552 8.536956 11.146837 14.272218 17.918685 22.058725 26.625653 31.510330 36.561746 41.592207 46.387306 50.720192 54.368951 57.135296 58.862404 59.449663 58.862404 57.135296 54.368951 50.720192 46.387306 41.592207 36.561746 31.510330 26.625653 22.058725 17.918685 14.272218 11.146837 8.536956 6.411552 4.722268 3.411026 2.416501 1.679107 1.144409 0.765103 0.501785 0.322849 0.203794 0.126218 0.076703 0.045740 0.026767 0.015373 0.008665 0.004794 0.002604 0.001388 0.000727 0.000373 0.000188 0.000093 0.000045 0.000022 0.000010 0.000005 0.000002 0.000001 0.000000 0.000000 0.000000 0.000000 0.000000 0.000000 
0.000000 0.000000 0.000000 0.000000 0.000000 0.000000 0.000001 0.000001 0.000003 0.000006 0.000013 0.000028 0.000059 0.000121 0.000244 0.000483 0.000939 0.001793 0.003361 0.006184 0.011171 0.019808 0.034471 0.058875 0.098681 0.162305 0.261941 0.414781 0.644396 0.982152 1.468495 2.153820 3.098604 4.372402 6.051314 8.213615 10.933381 14.272218 18.269550 22.932279 28.225030 34.062416 40.304871 46.759428 53.186348 59.311867 64.846401 69.506721 73.039789 75.245499 75.995481 75.245499 73.039789 69.506721 64.846401 59.311867 53.186348 46.759428 40.304871 34.062416 28.225030 22.932279 18.269550 14.272218 10.933381 8.213615 6.051314 4.372402 3.098604 2.153820 1.468495 0.982152 0.644396 0.414781 0.261941 0.162305 0.098681 0.058875 0.034471 0.019808 0.011171 0.006184 0.003361 0.001793 0.000939 0.000483 0.000244 0.000121 0.000059 0.000028 0.000013 0.000006 0.000003 0.000001 0.000001 0.000000 0.000000 0.000000 0.000000 0.000000 
0.000000 0.000000 0.000000 0.000000 0.000000 0.000000 0.000001 0.000002 0.000004 0.000008 0.000017 0.000036 0.000075 0.000153 0.000309 0.000612 0.001189 0.002269 0.004251 0.007818 0.014115 0.025014 0.043510 0.074278 0.124440 0.204583 0.330032 0.522391 0.811260 1.236017 1.847410 2.708649 3.895556 5.495292 7.603178 10.317206 13.730044 17.918685 22.932279 28.779209 35.414889 42.732107 50.555848 58.644278 66.697086 74.371432 81.304753 87.142502 91.567965 94.330703 95.270068 94.330703 91.567965 87.142502 81.304753 74.371432 66.697086 58.644278 50.555848 42.732107 35.414889 28.779209 22.932279 17.918685 13.730044 10.317206 7.603178 5.495292 3.895556 2.708649 1.847410 1.236017 0.811260 0.522391 0.330032 0.204583 0.124440 0.074278 0.043510 0.025014 0.014115 0.007818 0.004251 0.002269 0.001189 0.000612 0.000309 0.000153 0.000075 0.000036 0.000017 0.000008 0.000004 0.000002 0.000001 0.000000 0.000000 0.000000 0.000000 0.000000 
0.000000 0.000000 0.000000 0.000000 0.000000 0.000000 0.000001 0.000002 0.000004 0.000010 0.000021 0.000044 0.000093 0.000191 0.000384 0.000759 0.001475 0.002813 0.005268 0.009685 0.017477 0.030958 0.053825 0.091847 0.153810 0.252765 0.407603 0.644933 1.001209 1.524898 2.278443 3.339589 4.801552 6.771451 9.366380 12.706651 16.905972 22.058725 28.225030 35.414889 43.573218 52.568032 62.184106 72.124231 82.019464 91.448735 99.966843 107.138495 112.574897 115.968638 117.122532 115.968638 112.574897 107.138495 99.966843 91.448735 82.019464 72.124231 62.184106 52.568032 43.573218 35.414889 28.225030 22.058725 16.905972 12.706651 9.366380 6.771451 4.801552 3.339589 2.278443 1.524898 1.001209 0.644933 0.407603 0.252765 0.153810 0.091847 0.053825 0.030958 0.017477 0.009685 0.005268 0.002813 0.001475 0.000759 0.000384 0.000191 0.000093 0.000044 0.000021 0.000010 0.000004 0.000002 0.000001 0.000000 0.000000 0.000000 0.000000 0.000000 
0.000000 0.000000 0.000000 0.000000 0.000000 0.000000 0.000001 0.000002 0.000005 0.000012 0.000026 0.000054 0.000113 0.000232 0.000467 0.000923 0.001793 0.003418 0.006398 0.011756 0.021206 0.037548 0.065256 0.111309 0.186332 0.306100 0.493436 0.780480 1.211244 1.844224 2.754756 4.036601 5.802146 8.180484 11.312678 15.343600 20.410097 26.625653 34.062416 42.732107 52.568032 63.410872 75.001096 86.980503 98.904593 110.266191 120.529153 129.169348 135.718677 139.807057 141.197113 139.807057 135.718677 129.169348 120.529153 110.266191 98.904593 86.980503 75.001096 63.410872 52.568032 42.732107 34.062416 26.625653 20.410097 15.343600 11.312678 8.180484 5.802146 4.036601 2.754756 1.844224 1.211244 0.780480 0.493436 0.306100 0.186332 0.111309 0.065256 0.037548 0.021206 0.011756 0.006398 0.003418 0.001793 0.000923 0.000467 0.000232 0.000113 0.000054 0.000026 0.000012 0.000005 0.000002 0.000001 0.000000 0.000000 0.000000 0.000000 0.000000 
0.000000 0.000000 0.000000 0.000000 0.000000 0.000001 0.000001 0.000003 0.000006 0.000014 0.000030 0.000065 0.000135 0.000277 0.000557 0.001100 0.002135 0.004069 0.007613 0.013984 0.025214 0.044629 0.077534 0.132205 0.221237 0.363323 0.585495 0.925815 1.436376 2.186403 3.265013 4.783089 6.873494 9.688792 13.395633 18.165102 24.158720 31.510330 40.304871 50.555848 62.184106 75.001096 88.699942 102.857298 116.947995 130.372944 142.498946 152.707065 160.444589 165.274567 166.916746 165.274567 160.444589 152.707065 142.498946 130.372944 116.947995 102.857298 88.699942 75.001096 62.184106 50.555848 40.304871 31.510330 24.158720 18.165102 13.395633 9.688792 6.873494 4.783089 3.265013 2.186403 1.436376 0.925815 0.585495 0.363323 0.221237 0.132205 0.077534 0.044629 0.025214 0.013984 0.007613 0.004069 0.002135 0.001100 0.000557 0.000277 0.000135 0.000065 0.000030 0.000014 0.000006 0.000003 0.000001 0.000001 0.000000 0.000000 0.000000 0.000000 
