0.000000 0.000000 0.000000 0.000000 0.000000 0.000000 0.000000 0.000000 0.000000 0.000000 0.000000 0.000000 0.000000 0.000000 0.000000 0.000000 0.000000 0.000000 0.000000 0.000000 0.000000 0.000000 0.000000 0.000000 0.000000 0.000000 0.000000 0.000000 0.000000 0.000000 0.000000 0.000000 0.000000 0.000000 0.000000 0.000000 0.000000 0.000000 0.000000 0.000000 0.000000 0.000000 0.000000 0.000000 0.000000 0.000000 0.000000 0.000000 0.000000 0.000000 0.000000 0.000000 0.000000 0.000000 0.000000 0.000000 0.000000 0.000000 0.000000 0.000000 0.000000 0.000000 0.000000 0.000000 0.000000 0.000000 0.000000 0.000000 0.000000 0.000000 0.000000 0.000000 0.000000 0.000000 0.000000 0.000000 0.000000 0.000000 0.000000 0.000000 0.000000 0.000000 0.000000 0.000000 0.000000 0.000000 0.000000 0.000000 0.000000 0.000000 0.000000 0.000000 0.000000 0.000000 0.000000 0.000000 0.000000 0.000000 0.000000 0.000000 
0.000000 0.000000 0.000000 0.000000 0.000000 0.000000 0.000000 0.000000 0.000000 0.000000 0.000000 0.000000 0.000000 0.000000 0.000000 0.000000 0.000000 0.000000 0.000000 0.000000 0.000000 0.000000 0.000000 0.000000 0.000000 0.000000 0.000000 0.000000 0.000000 0.000000 0.000000 0.000000 0.000000 0.000000 0.000000 0.000000 0.000000 0.000000 0.000000 0.000000 0.000000 0.000000 0.000000 0.000000 0.000000 0.000000 0.000001 0.000001 0.000001 0.000001 0.000001 0.000001 0.000001 0.000001 0.000001 0.000000 0.000000 0.000000 0.000000 0.000000 0.000000 0.000000 0.000000 0.000000 0.000000 0.000000 0.000000 0.000000 0.000000 0.000000 0.000000 0.000000 0.000000 0.000000 0.000000 0.000000 0.000000 0.000000 0.000000 0.000000 0.000000 0.000000 0.000000 0.000000 0.000000 0.000000 0.000000 0.000000 0.000000 0.000000 0.000000 0.000000 0.000000 0.000000 0.000000 0.000000 0.000000 0.000000 0.000000 0.000000 
0.000000 0.000000 0.000000 0.000000 0.000000 0.000000 0.000000 0.000000 0.000000 0.000000 0.000000 0.000000 0.000000 0.000000 0.000000 0.000000 0.000000 0.000000 0.000000 0.000000 0.000000 0.000000 0.000000 0.000000 0.000000 0.000000 0.000000 0.000000 0.000000 0.000000 0.000000 0.000000 0.000000 0.000000 0.000000 0.000000 0.000000 0.000000 0.000000 0.000001 0.000001 0.000001 0.000001 0.000001 0.000001 0.000001 0.000001 0.000001 0.000002 0.000002 0.000002 0.000002 0.000002 0.000001 0.000001 0.000001 0.000001 0.000001 0.000001 0.000001 0.000001 0.000001 0.000000 0.000000 0.000000 0.000000 0.000000 0.000000 0.000000 0.000000 0.000000 0.000000 0.000000 0.000000 0.000000 0.000000 0.000000 0.000000 0.000000 0.000000 0.000000 0.000000 0.000000 0.000000 0.000000 0.000000 0.000000 0.000000 0.000000 0.000000 0.000000 0.000000 0.000000 0.000000 0.000000 0.000000 0.000000 0.000000 0.000000 0.000000 
0.000000 0.000000 0.000000 0.000000 0.000000 0.000000 0.000000 0.000000 0.000000 0.000000 0.000000 0.000000 0.000000 0.000000 0.000000 0.000000 0.000000 0.000000 0.000000 0.000000 0.000000 0.000000 0.000000 0.000000 0.000000 0.000000 0.000000 0.000000 0.000000 0.000000 0.000000 0.000000 0.000000 0.000000 0.000000 0.000000 0.000001 0.000001 0.000001 0.000001 0.000001 0.000002 0.000002 0.000002 0.000003 0.000003 0.000003 0.000003 0.000003 0.000003 0.000003 0.000003 0.000003 0.000003 0.000003 0.000003 0.000003 0.000002 0.000002 0.000002 0.000001 0.000001 0.000001 0.000001 0.000001 0.000000 0.000000 0.000000 0.000000 0.000000 0.000000 0.000000 0.000000 0.000000 0.000000 0.000000 0.000000 0.000000 0.000000 0.000000 0.000000 0.000000 0.000000 0.000000 0.000000 0.000000 0.000000 0.000000 0.000000 0.000000 0.000000 0.000000 0.000000 0.000000 0.000000 0.000000 0.000000 0.000000 0.000000 0.000000 
0.000000 0.000000 0.000000 0.000000 0.000000 0.000000 0.000000 0.000000 0.000000 0.000000 0.000000 0.000000 0.000000 0.000000 0.000000 0.000000 0.000000 0.000000 0.000000 0.000000 0.000000 0.000000 0.000000 0.000000 0.000000 0.000000 0.000000 0.000000 0.000000 0.000000 0.000000 0.000000 0.000000 0.000001 0.000001 0.000001 0.000001 0.000002 0.000002 0.000003 0.000003 0.000004 0.000004 0.000005 0.000005 0.000006 0.000006 0.000007 0.000007 0.000007 0.000007 0.000007 0.000007 0.000007 0.000006 0.000006 0.000005 0.000005 0.000004 0.000004 0.000003 0.000003 0.000002 0.000002 0.000001 0.000001 0.000001 0.000001 0.000000 0.000000 0.000000 0.000000 0.000000 0.000000 0.000000 0.000000 0.000000 0.000000 0.000000 0.000000 0.000000 0.000000 0.000000 0.000000 0.000000 0.000000 0.000000 0.000000 0.000000 0.000000 0.000000 0.000000 0.000000 0.000000 0.000000 0.000000 0.000000 0.000000 0.000000 0.000000 
0.000000 0.000000 0.000000 0.000000 0.000000 0.000000 0.000000 0.000000 0.000000 0.000000 0.000000 0.000000 0.000000 0.000000 0.000000 0.000000 0.000000 0.000000 0.000000 0.000000 0.000000 0.000000 0.000000 0.000000 0.000000 0.000000 0.000000 0.000000 0.000000 0.000000 0.000000 0.000001 0.000001 0.000001 0.000002 0.000002 0.000003 0.000003 0.000004 0.000005 0.000006 0.000008 0.000009 0.000010 0.000011 0.000012 0.000013 0.000014 0.000015 0.000015 0.000015 0.000015 0.000015 0.000014 0.000013 0.000012 0.000011 0.000010 0.000009 0.000008 0.000006 0.000005 0.000004 0.000003 0.000003 0.000002 0.000002 0.000001 0.000001 0.000001 0.000000 0.000000 0.000000 0.000000 0.000000 0.000000 0.000000 0.000000 0.000000 0.000000 0.000000 0.000000 0.000000 0.000000 0.000000 0.000000 0.000000 0.000000 0.000000 0.000000 0.000000 0.000000 0.000000 0.000000 0.000000 0.000000 0.000000 0.000000 0.000000 0.000000 
0.000000 0.000000 0.000000 0.000000 0.000000 0.000000 0.000000 0.000000 0.000000 0.000000 0.000000 0.000000 0.000000 0.000000 0.000000 0.000000 0.000000 0.000000 0.000000 0.000000 0.000000 0.000000 0.000000 0.000000 0.000000 0.000000 0.000000 0.000000 0.000000 0.000001 0.000001 0.000001 0.000002 0.000002 0.000003 0.000004 0.000006 0.000007 0.000009 0.000011 0.000013 0.000016 0.000018 0.000021 0.000023 0.000025 0.000028 0.000029 0.000031 0.000031 0.000032 0.000031 0.000031 0.000029 0.000028 0.000025 0.000023 0.000021 0.000018 0.000016 0.000013 0.000011 0.000009 0.000007 0.000006 0.000004 0.000003 0.000002 0.000002 0.000001 0.000001 0.000001 0.000000 0.000000 0.000000 0.000000 0.000000 0.000000 0.000000 0.000000 0.000000 0.000000 0.000000 0.000000 0.000000 0.000000 0.000000 0.000000 0.000000 0.000000 0.000000 0.000000 0.000000 0.000000 0.000000 0.000000 0.000000 0.000000 0.000000 0.000000 
0.000000 0.000000 0.000000 0.000000 0.000000 0.000000 0.000000 0.000000 0.000000 0.000000 0.000000 0.000000 0.000000 0.000000 0.000000 0.000000 0.000000 0.000000 0.000000 0.000000 0.000000 0.000000 0.000000 0.000000 0.000000 0.000000 0.000000 0.000001 0.000001 0.000001 0.000002 0.000003 0.000004 0.000005 0.000007 0.000009 0.000011 0.000015 0.000018 0.000022 0.000027 0.000032 0.000037 0.000042 0.000047 0.000052 0.000056 0.000059 0.000062 0.000064 0.000064 0.000064 0.000062 0.000059 0.000056 0.000052 0.000047 0.000042 0.000037 0.000032 0.000027 0.000022 0.000018 0.000015 0.000011 0.000009 0.000007 0.000005 0.000004 0.000003 0.000002 0.000001 0.000001 0.000001 0.000000 0.000000 0.000000 0.000000 0.000000 0.000000 0.000000 0.000000 0.000000 0.000000 0.000000 0.000000 0.000000 0.000000 0.000000 0.000000 0.000000 0.000000 0.000000 0.000000 0.000000 0.000000 0.000000 0.000000 0.000000 0.000000 
0.000000 0.000000 0.000000 0.000000 0.000000 0.000000 0.000000 0.000000 0.000000 0.000000 0.000000 0.000000 0.000000 0.000000 0.000000 0.000000 0.000000 0.000000 0.000000 0.000000 0.000000 0.000000 0.000000 0.000000 0.000000 0.000001 0.000001 0.000001 0.000002 0.000003 0.000004 0.000005 0.000008 0.000010 0.000014 0.000018 0.000023 0.000029 0.000036 0.000044 0.000053 0.000063 0.000073 0.000083 0.000094 0.000103 0.000112 0.000119 0.000124 0.000127 0.000128 0.000127 0.000124 0.000119 0.000112 0.000103 0.000094 0.000083 0.000073 0.000063 0.000053 0.000044 0.000036 0.000029 0.000023 0.000018 0.000014 0.000010 0.000008 0.000005 0.000004 0.000003 0.000002 0.000001 0.000001 0.000001 0.000000 0.000000 0.000000 0.000000 0.000000 0.000000 0.000000 0.000000 0.000000 0.000000 0.000000 0.000000 0.000000 0.000000 0.000000 0.000000 0.000000 0.000000 0.000000 0.000000 0.000000 0.000000 0.000000 0.000000 
0.000000 0.000000 0.000000 0.000000 0.000000 0.000000 0.000000 0.000000 0.000000 0.000000 0.000000 0.000000 0.000000 0.000000 0.000000 0.000000 0.000000 0.000000 0.000000 0.000000 0.000000 0.000000 0.000000 0.000000 0.000001 0.000001 0.000002 0.000003 0.000004 0.000005 0.000008 0.000011 0.000015 0.000020 0.000027 0.000035 0.000045 0.000057 0.000071 0.000087 0.000105 0.000124 0.000144 0.000164 0.000184 0.000202 0.000219 0.000233 0.000243 0.000250 0.000252 0.000250 0.000243 0.000233 0.000219 0.000202 0.000184 0.000164 0.000144 0.000124 0.000105 0.000087 0.000071 0.000057 0.000045 0.000035 0.000027 0.000020 0.000015 0.000011 0.000008 0.000005 0.000004 0.000003 0.000002 0.000001 0.000001 0.000000 0.000000 0.000000 0.000000 0.000000 0.000000 0.000000 0.000000 0.000000 0.000000 0.000000 0.000000 0.000000 0.000000 0.000000 0.000000 0.000000 0.000000 0.000000 0.000000 0.000000 0.000000 0.000000 
0.000000 0.000000 0.000000 0.000000 0.000000 0.000000 0.000000 0.000000 0.000000 0.000000 0.000000 0.000000 0.000000 0.000000 0.000000 0.000000 0.000000 0.000000 0.000000 0.000000 0.000000 0.000000 0.000001 0.000001 0.000001 0.000002 0.000003 0.000005 0.000007 0.000010 0.000015 0.000021 0.000029 0.000039 0.000052 0.000068 0.000088 0.000111 0.000139 0.000169 0.000203 0.000240 0.000279 0.000318 0.000356 0.000392 0.000424 0.000451 0.000471 0.000483 0.000487 0.000483 0.000471 0.000451 0.000424 0.000392 0.000356 0.000318 0.000279 0.000240 0.000203 0.000169 0.000139 0.000111 0.000088 0.000068 0.000052 0.000039 0.000029 0.000021 0.000015 0.000010 0.000007 0.000005 0.000003 0.000002 0.000001 0.000001 0.000001 0.000000 0.000000 0.000000 0.000000 0.000000 0.000000 0.000000 0.000000 0.000000 0.000000 0.000000 0.000000 0.000000 0.000000 0.000000 0.000000 0.000000 0.000000 0.000000 0.000000 0.000000 
0.000000 0.000000 0.000000 0.000000 0.000000 0.000000 0.000000 0.000000 0.000000 0.000000 0.000000 0.000000 0.000000 0.000000 0.000000 0.000000 0.000000 0.000000 0.000000 0.000000 0.000000 0.000001 0.000001 0.000002 0.000003 0.000004 0.000006 0.000009 0.000014 0.000020 0.000029 0.000040 0.000055 0.000075 0.000100 0.000131 0.000168 0.000213 0.000265 0.000323 0.000388 0.000458 0.000531 0.000605 0.000678 0.000746 0.000807 0.000858 0.000896 0.000920 0.000928 0.000920 0.000896 0.000858 0.000807 0.000746 0.000678 0.000605 0.000531 0.000458 0.000388 0.000323 0.000265 0.000213 0.000168 0.000131 0.000100 0.000075 0.000055 0.000040 0.000029 0.000020 0.000014 0.000009 0.000006 0.000004 0.000003 0.000002 0.000001 0.000001 0.000000 0.000000 0.000000 0.000000 0.000000 0.000000 0.000000 0.000000 0.000000 0.000000 0.000000 0.000000 0.000000 0.000000 0.000000 0.000000 0.000000 0.000000 0.000000 0.000000 
0.000000 0.000000 0.000000 0.000000 0.000000 0.000000 0.000000 0.000000 0.000000 0.000000 0.000000 0.000000 0.000000 0.000000 0.000000 0.000000 0.000000 0.000000 0.000000 0.000000 0.000001 0.000001 0.000002 0.000003 0.000005 0.000008 0.000012 0.000018 0.000026 0.000038 0.000054 0.000076 0.000104 0.000141 0.000188 0.000246 0.000317 0.000400 0.000497 0.000607 0.000729 0.000860 0.000997 0.001136 0.001272 0.001400 0.001514 0.001609 0.001681 0.001725 0.001740 0.001725 0.001681 0.001609 0.001514 0.001400 0.001272 0.001136 0.000997 0.000860 0.000729 0.000607 0.000497 0.000400 0.000317 0.000246 0.000188 0.000141 0.000104 0.000076 0.000054 0.000038 0.000026 0.000018 0.000012 0.000008 0.000005 0.000003 0.000002 0.000001 0.000001 0.000000 0.000000 0.000000 0.000000 0.000000 0.000000 0.000000 0.000000 0.000000 0.000000 0.000000 0.000000 0.000000 0.000000 0.000000 0.000000 0.000000 0.000000 0.000000 
0.000000 0.000000 0.000000 0.000000 0.000000 0.000000 0.000000 0.000000 0.000000 0.000000 0.000000 0.000000 0.000000 0.000000 0.000000 0.000000 0.000000 0.000000 0.000000 0.000001 0.000001 0.000002 0.000004 0.000006 0.000009 0.000014 0.000022 0.000033 0.000049 0.000071 0.000101 0.000141 0.000194 0.000262 0.000349 0.000456 0.000586 0.000741 0.000920 0.001123 0.001348 0.001589 0.001842 0.002098 0.002349 0.002585 0.002795 0.002971 0.003103 0.003185 0.003212 0.003185 0.003103 0.002971 0.002795 0.002585 0.002349 0.002098 0.001842 0.001589 0.001348 0.001123 0.000920 0.000741 0.000586 0.000456 0.000349 0.000262 0.000194 0.000141 0.000101 0.000071 0.000049 0.000033 0.000022 0.000014 0.000009 0.000006 0.000004 0.000002 0.000001 0.000001 0.000000 0.000000 0.000000 0.000000 0.000000 0.000000 0.000000 0.000000 0.000000 0.000000 0.000000 0.000000 0.000000 0.000000 0.000000 0.000000 0.000000 0.000000 
0.000000 0.000000 0.000000 0.000000 0.000000 0.000000 0.000000 0.000000 0.000000 0.000000 0.000000 0.000000 0.000000 0.000000 0.000000 0.000000 0.000000 0.000001 0.000001 0.000002 0.000003 0.000004 0.000007 0.000011 0.000017 0.000027 0.000041 0.000061 0.000089 0.000129 0.000184 0.000257 0.000354 0.000479 0.000637 0.000832 0.001069 0.001350 0.001676 0.002046 0.002453 0.002892 0.003351 0.003817 0.004272 0.004699 0.005081 0.005399 0.005638 0.005787 0.005837 0.005787 0.005638 0.005399 0.005081 0.004699 0.004272 0.003817 0.003351 0.002892 0.002453 0.002046 0.001676 0.001350 0.001069 0.000832 0.000637 0.000479 0.000354 0.000257 0.000184 0.000129 0.000089 0.000061 0.000041 0.000027 0.000017 0.000011 0.000007 0.000004 0.000003 0.000002 0.000001 0.000001 0.000000 0.000000 0.000000 0.000000 0.000000 0.000000 0.000000 0.000000 0.000000 0.000000 0.000000 0.000000 0.000000 0.000000 0.000000 0.000000 
0.000000 0.000000 0.000000 0.000000 0.000000 0.000000 0.000000 0.000000 0.000000 0.000000 0.000000 0.000000 0.000000 0.000000 0.000000 0.000000 0.000001 0.000001 0.000002 0.000003 0.000005 0.000008 0.000012 0.000020 0.000031 0.000048 0.000073 0.000109 0.000161 0.000233 0.000331 0.000463 0.000637 0.000861 0.001144 0.001494 0.001919 0.002422 0.003006 0.003667 0.004396 0.005181 0.006001 0.006833 0.007647 0.008410 0.009092 0.009660 0.010087 0.010353 0.010443 0.010353 0.010087 0.009660 0.009092 0.008410 0.007647 0.006833 0.006001 0.005181 0.004396 0.003667 0.003006 0.002422 0.001919 0.001494 0.001144 0.000861 0.000637 0.000463 0.000331 0.000233 0.000161 0.000109 0.000073 0.000048 0.000031 0.000020 0.000012 0.000008 0.000005 0.000003 0.000002 0.000001 0.000001 0.000000 0.000000 0.000000 0.000000 0.000000 0.000000 0.000000 0.000000 0.000000 0.000000 0.000000 0.000000 0.000000 0.000000 0.000000 
0.000000 0.000000 0.000000 0.000000 0.000000 0.000000 0.000000 0.000000 0.000000 0.000000 0.000000 0.000000 0.000000 0.000000 0.000000 0.000001 0.000001 0.000002 0.000003 0.000005 0.000008 0.000014 0.000022 0.000035 0.000055 0.000086 0.000130 0.000194 0.000286 0.000413 0.000587 0.000820 0.001127 0.001523 0.002022 0.002641 0.003389 0.004277 0.005305 0.006469 0.007754 0.009135 0.010579 0.012042 0.013473 0.014816 0.016014 0.017013 0.017765 0.018231 0.018390 0.018231 0.017765 0.017013 0.016014 0.014816 0.013473 0.012042 0.010579 0.009135 0.007754 0.006469 0.005305 0.004277 0.003389 0.002641 0.002022 0.001523 0.001127 0.000820 0.000587 0.000413 0.000286 0.000194 0.000130 0.000086 0.000055 0.000035 0.000022 0.000014 0.000008 0.000005 0.000003 0.000002 0.000001 0.000001 0.000000 0.000000 0.000000 0.000000 0.000000 0.000000 0.000000 0.000000 0.000000 0.000000 0.000000 0.000000 0.000000 0.000000 
0.000000 0.000000 0.000000 0.000000 0.000000 0.000000 0.000000 0.000000 0.000000 0.000000 0.000000 0.000000 0.000000 0.000000 0.000001 0.000001 0.000002 0.000003 0.000005 0.000009 0.000014 0.000024 0.000039 0.000062 0.000097 0.000150 0.000227 0.000340 0.000499 0.000721 0.001024 0.001430 0.001964 0.002651 0.003519 0.004593 0.005893 0.007433 0.009217 0.011234 0.013461 0.015855 0.018356 0.020889 0.023367 0.025692 0.027766 0.029495 0.030795 0.031603 0.031876 0.031603 0.030795 0.029495 0.027766 0.025692 0.023367 0.020889 0.018356 0.015855 0.013461 0.011234 0.009217 0.007433 0.005893 0.004593 0.003519 0.002651 0.001964 0.001430 0.001024 0.000721 0.000499 0.000340 0.000227 0.000150 0.000097 0.000062 0.000039 0.000024 0.000014 0.000009 0.000005 0.000003 0.000002 0.000001 0.000001 0.000000 0.000000 0.000000 0.000000 0.000000 0.000000 0.000000 0.000000 0.000000 0.000000 0.000000 0.000000 0.000000 
0.000000 0.000000 0.000000 0.000000 0.000000 0.000000 0.000000 0.000000 0.000000 0.000000 0.000000 0.000000 0.000000 0.000000 0.000001 0.000002 0.000003 0.000005 0.000009 0.000015 0.000025 0.000041 0.000067 0.000106 0.000167 0.000258 0.000391 0.000584 0.000857 0.001238 0.001757 0.002453 0.003366 0.004543 0.006027 0.007863 0.010084 0.012714 0.015759 0.019202 0.023001 0.027083 0.031348 0.035666 0.039889 0.043851 0.047385 0.050329 0.052544 0.053919 0.054386 0.053919 0.052544 0.050329 0.047385 0.043851 0.039889 0.035666 0.031348 0.027083 0.023001 0.019202 0.015759 0.012714 0.010084 0.007863 0.006027 0.004543 0.003366 0.002453 0.001757 0.001238 0.000857 0.000584 0.000391 0.000258 0.000167 0.000106 0.000067 0.000041 0.000025 0.000015 0.000009 0.000005 0.000003 0.000002 0.000001 0.000000 0.000000 0.000000 0.000000 0.000000 0.000000 0.000000 0.000000 0.000000 0.000000 0.000000 0.000000 0.000000 
0.000000 0.000000 0.000000 0.000000 0.000000 0.000000 0.000000 0.000000 0.000000 0.000000 0.000000 0.000000 0.000000 0.000001 0.000002 0.000003 0.000005 0.000009 0.000015 0.000025 0.000042 0.000070 0.000113 0.000181 0.000283 0.000437 0.000662 0.000988 0.001450 0.002092 0.002968 0.004140 0.005679 0.007660 0.010159 0.013247 0.016981 0.021402 0.026518 0.032302 0.038680 0.045533 0.052690 0.059936 0.067019 0.073664 0.079590 0.084527 0.088240 0.090546 0.091328 0.090546 0.088240 0.084527 0.079590 0.073664 0.067019 0.059936 0.052690 0.045533 0.038680 0.032302 0.026518 0.021402 0.016981 0.013247 0.010159 0.007660 0.005679 0.004140 0.002968 0.002092 0.001450 0.000988 0.000662 0.000437 0.000283 0.000181 0.000113 0.000070 0.000042 0.000025 0.000015 0.000009 0.000005 0.000003 0.000002 0.000001 0.000000 0.000000 0.000000 0.000000 0.000000 0.000000 0.000000 0.000000 0.000000 0.000000 0.000000 0.000000 
0.000000 0.000000 0.000000 0.000000 0.000000 0.000000 0.000000 0.000000 0.000000 0.000000 0.000000 0.000000 0.000001 0.000001 0.000003 0.000005 0.000008 0.000014 0.000025 0.000042 0.000071 0.000117 0.000189 0.000301 0.000472 0.000728 0.001104 0.001645 0.002412 0.003478 0.004932 0.006877 0.009429 0.012712 0.016851 0.021962 0.028143 0.035456 0.043916 0.053476 0.064017 0.075338 0.087159 0.099125 0.110819 0.121789 0.131568 0.139716 0.145844 0.149649 0.150939 0.149649 0.145844 0.139716 0.131568 0.121789 0.110819 0.099125 0.087159 0.075338 0.064017 0.053476 0.043916 0.035456 0.028143 0.021962 0.016851 0.012712 0.009429 0.006877 0.004932 0.003478 0.002412 0.001645 0.001104 0.000728 0.000472 0.000301 0.000189 0.000117 0.000071 0.000042 0.000025 0.000014 0.000008 0.000005 0.000003 0.000001 0.000001 0.000000 0.000000 0.000000 0.000000 0.000000 0.000000 0.000000 0.000000 0.000000 0.000000 0.000000 
0.000000 0.000000 0.000000 0.000000 0.000000 0.000000 0.000000 0.000000 0.000000 0.000000 0.000000 0.000001 0.000001 0.000002 0.000004 0.000008 0.000014 0.000024 0.000041 0.000070 0.000117 0.000192 0.000311 0.000495 0.000775 0.001194 0.001809 0.002695 0.003949 0.005691 0.008066 0.011240 0.015404 0.020757 0.027503 0.035831 0.045896 0.057802 0.071570 0.087123 0.104266 0.122674 0.141890 0.161336 0.180338 0.198158 0.214045 0.227278 0.237229 0.243409 0.245504 0.243409 0.237229 0.227278 0.214045 0.198158 0.180338 0.161336 0.141890 0.122674 0.104266 0.087123 0.071570 0.057802 0.045896 0.035831 0.027503 0.020757 0.015404 0.011240 0.008066 0.005691 0.003949 0.002695 0.001809 0.001194 0.000775 0.000495 0.000311 0.000192 0.000117 0.000070 0.000041 0.000024 0.000014 0.000008 0.000004 0.000002 0.000001 0.000001 0.000000 0.000000 0.000000 0.000000 0.000000 0.000000 0.000000 0.000000 0.000000 0.000000 
0.000000 0.000000 0.000000 0.000000 0.000000 0.000000 0.000000 0.000000 0.000000 0.000000 0.000001 0.000001 0.000002 0.000004 0.000007 0.000012 0.000022 0.000039 0.000067 0.000113 0.000189 0.000311 0.000503 0.000800 0.001252 0.001927 0.002917 0.004344 0.006362 0.009163 0.012978 0.018078 0.024761 0.033351 0.044171 0.057522 0.073654 0.092727 0.114776 0.139677 0.167115 0.196569 0.227308 0.258410 0.288796 0.317288 0.342684 0.363837 0.379743 0.389619 0.392968 0.389619 0.379743 0.363837 0.342684 0.317288 0.288796 0.258410 0.227308 0.196569 0.167115 0.139677 0.114776 0.092727 0.073654 0.057522 0.044171 0.033351 0.024761 0.018078 0.012978 0.009163 0.006362 0.004344 0.002917 0.001927 0.001252 0.000800 0.000503 0.000311 0.000189 0.000113 0.000067 0.000039 0.000022 0.000012 0.000007 0.000004 0.000002 0.000001 0.000001 0.000000 0.000000 0.000000 0.000000 0.000000 0.000000 0.000000 0.000000 0.000000 
0.000000 0.000000 0.000000 0.000000 0.000000 0.000000 0.000000 0.000000 0.000000 0.000000 0.000001 0.000002 0.000003 0.000006 0.000011 0.000020 0.000035 0.000062 0.000106 0.000181 0.000301 0.000495 0.000800 0.001272 0.001989 0.003059 0.004629 0.006888 0.010082 0.014513 0.020546 0.028605 0.039163 0.052726 0.069802 0.090865 0.116305 0.146372 0.181119 0.220349 0.263564 0.309943 0.358334 0.407286 0.455103 0.499933 0.539886 0.573161 0.598180 0.613713 0.618981 0.613713 0.598180 0.573161 0.539886 0.499933 0.455103 0.407286 0.358334 0.309943 0.263564 0.220349 0.181119 0.146372 0.116305 0.090865 0.069802 0.052726 0.039163 0.028605 0.020546 0.014513 0.010082 0.006888 0.004629 0.003059 0.001989 0.001272 0.000800 0.000495 0.000301 0.000181 0.000106 0.000062 0.000035 0.000020 0.000011 0.000006 0.000003 0.000002 0.000001 0.000000 0.000000 0.000000 0.000000 0.000000 0.000000 0.000000 0.000000 0.000000 
0.000000 0.000000 0.000000 0.000000 0.000000 0.000000 0.000000 0.000000 0.000000 0.000001 0.000001 0.000003 0.000005 0.000009 0.000017 0.000031 0.000055 0.000097 0.000167 0.000283 0.000472 0.000775 0.001252 0.001989 0.003108 0.004778 0.007225 0.010746 0.015720 0.022617 0.032002 0.044533 0.060943 0.082013 0.108531 0.141227 0.180702 0.227342 0.281225 0.342041 0.409017 0.480879 0.555843 0.631660 0.705706 0.775118 0.836970 0.888478 0.927204 0.951247 0.959399 0.951247 0.927204 0.888478 0.836970 0.775118 0.705706 0.631660 0.555843 0.480879 0.409017 0.342041 0.281225 0.227342 0.180702 0.141227 0.108531 0.082013 0.060943 0.044533 0.032002 0.022617 0.015720 0.010746 0.007225 0.004778 0.003108 0.001989 0.001252 0.000775 0.000472 0.000283 0.000167 0.000097 0.000055 0.000031 0.000017 0.000009 0.000005 0.000003 0.000001 0.000001 0.000000 0.000000 0.000000 0.000000 0.000000 0.000000 0.000000 0.000000 
0.000000 0.000000 0.000000 0.000000 0.000000 0.000000 0.000000 0.000000 0.000001 0.000001 0.000002 0.000004 0.000008 0.000014 0.000027 0.000048 0.000086 0.000150 0.000258 0.000437 0.000728 0.001194 0.001927 0.003059 0.004778 0.007341 0.011094 0.016491 0.024111 0.034673 0.049038 0.068208 0.093301 0.125508 0.166024 0.215962 0.276232 0.347418 0.429635 0.522404 0.624542 0.734105 0.848374 0.963922 1.076752 1.182504 1.276729 1.355188 1.414172 1.450791 1.463207 1.450791 1.414172 1.355188 1.276729 1.182504 1.076752 0.963922 0.848374 0.734105 0.624542 0.522404 0.429635 0.347418 0.276232 0.215962 0.166024 0.125508 0.093301 0.068208 0.049038 0.034673 0.024111 0.016491 0.011094 0.007341 0.004778 0.003059 0.001927 0.001194 0.000728 0.000437 0.000258 0.000150 0.000086 0.000048 0.000027 0.000014 0.000008 0.000004 0.000002 0.000001 0.000001 0.000000 0.000000 0.000000 0.000000 0.000000 0.000000 0.000000 
0.000000 0.000000 0.000000 0.000000 0.000000 0.000000 0.000000 0.000000 0.000001 0.000002 0.000003 0.000006 0.000012 0.000022 0.000041 0.000073 0.000130 0.000227 0.000391 0.000662 0.001104 0.001809 0.002917 0.004629 0.007225 0.011094 0.016756 0.024895 0.036381 0.052291 0.073922 0.102775 0.140526 0.188959 0.249865 0.324907 0.415445 0.522347 0.645778 0.785012 0.938272 1.102634 1.274021 1.447295 1.616466 1.775004 1.916243 2.033841 2.122242 2.177122 2.195729 2.177122 2.122242 2.033841 1.916243 1.775004 1.616466 1.447295 1.274021 1.102634 0.938272 0.785012 0.645778 0.522347 0.415445 0.324907 0.249865 0.188959 0.140526 0.102775 0.073922 0.052291 0.036381 0.024895 0.016756 0.011094 0.007225 0.004629 0.002917 0.001809 0.001104 0.000662 0.000391 0.000227 0.000130 0.000073 0.000041 0.000022 0.000012 0.000006 0.000003 0.000002 0.000001 0.000000 0.000000 0.000000 0.000000 0.000000 0.000000 0.000000 
0.000000 0.000000 0.000000 0.000000 0.000000 0.000000 0.000000 0.000001 0.000001 0.000003 0.000005 0.000009 0.000018 0.000033 0.000061 0.000109 0.000194 0.000340 0.000584 0.000988 0.001645 0.002695 0.004344 0.006888 0.010746 0.016491 0.024895 0.036969 0.053998 0.077577 0.109618 0.152340 0.208214 0.279870 0.369946 0.480890 0.614701 0.772648 0.954965 1.160571 1.386835 1.629436 1.882357 2.138018 2.387586 2.621438 2.829752 3.003180 3.133543 3.214468 3.241906 3.214468 3.133543 3.003180 2.829752 2.621438 2.387586 2.138018 1.882357 1.629436 1.386835 1.160571 0.954965 0.772648 0.614701 0.480890 0.369946 0.279870 0.208214 0.152340 0.109618 0.077577 0.053998 0.036969 0.024895 0.016491 0.010746 0.006888 0.004344 0.002695 0.001645 0.000988 0.000584 0.000340 0.000194 0.000109 0.000061 0.000033 0.000018 0.000009 0.000005 0.000003 0.000001 0.000001 0.000000 0.000000 0.000000 0.000000 0.000000 0.000000 
0.000000 0.000000 0.000000 0.000000 0.000000 0.000000 0.000000 0.000001 0.000002 0.000004 0.000007 0.000014 0.000026 0.000049 0.000089 0.000161 0.000286 0.000499 0.000857 0.001450 0.002412 0.003949 0.006362 0.010082 0.015720 0.024111 0.036381 0.053998 0.078835 0.113209 0.159899 0.222127 0.303480 0.407774 0.538832 0.700197 0.894762 1.124353 1.389298 1.688012 2.016661 2.368969 2.736193 3.107334 3.469577 3.808965 4.111259 4.362907 4.552055 4.669466 4.709274 4.669466 4.552055 4.362907 4.111259 3.808965 3.469577 3.107334 2.736193 2.368969 2.016661 1.688012 1.389298 1.124353 0.894762 0.700197 0.538832 0.407774 0.303480 0.222127 0.159899 0.113209 0.078835 0.053998 0.036381 0.024111 0.015720 0.010082 0.006362 0.003949 0.002412 0.001450 0.000857 0.000499 0.000286 0.000161 0.000089 0.000049 0.000026 0.000014 0.000007 0.000004 0.000002 0.000001 0.000000 0.000000 0.000000 0.000000 0.000000 0.000000 
0.000000 0.000000 0.000000 0.000000 0.000000 0.000000 0.000001 0.000001 0.000003 0.000005 0.000010 0.000020 0.000038 0.000071 0.000129 0.000233 0.000413 0.000721 0.001238 0.002092 0.003478 0.005691 0.009163 0.014513 0.022617 0.034673 0.052291 0.077577 0.113209 0.162501 0.229428 0.318592 0.435115 0.584442 0.772029 1.002920 1.281232 1.609556 1.988339 2.415297 2.884941 3.388292 3.912860 4.442938 4.960236 5.444838 5.876430 6.235685 6.505699 6.673300 6.730124 6.673300 6.505699 6.235685 5.876430 5.444838 4.960236 4.442938 3.912860 3.388292 2.884941 2.415297 1.988339 1.609556 1.281232 1.002920 0.772029 0.584442 0.435115 0.318592 0.229428 0.162501 0.113209 0.077577 0.052291 0.034673 0.022617 0.014513 0.009163 0.005691 0.003478 0.002092 0.001238 0.000721 0.000413 0.000233 0.000129 0.000071 0.000038 0.000020 0.000010 0.000005 0.000003 0.000001 0.000001 0.000000 0.000000 0.000000 0.000000 0.000000 
0.000000 0.000000 0.000000 0.000000 0.000000 0.000000 0.000001 0.000002 0.000004 0.000008 0.000015 0.000029 0.000054 0.000101 0.000184 0.000331 0.000587 0.001024 0.001757 0.002968 0.004932 0.008066 0.012978 0.020546 0.032002 0.049038 0.073922 0.109618 0.159899 0.229428 0.323794 0.449465 0.613640 0.823961 1.088084 1.413081 1.804716 2.266604 2.799346 3.399706 4.059951 4.767447 5.504639 6.249460 6.976226 7.656980 8.263208 8.767793 9.147012 9.382390 9.462191 9.382390 9.147012 8.767793 8.263208 7.656980 6.976226 6.249460 5.504639 4.767447 4.059951 3.399706 2.799346 2.266604 1.804716 1.413081 1.088084 0.823961 0.613640 0.449465 0.323794 0.229428 0.159899 0.109618 0.073922 0.049038 0.032002 0.020546 0.012978 0.008066 0.004932 0.002968 0.001757 0.001024 0.000587 0.000331 0.000184 0.000101 0.000054 0.000029 0.000015 0.000008 0.000004 0.000002 0.000001 0.000000 0.000000 0.000000 0.000000 0.000000 
0.000000 0.000000 0.000000 0.000000 0.000000 0.000001 0.000001 0.000003 0.000005 0.000011 0.000021 0.000040 0.000076 0.000141 0.000257 0.000463 0.000820 0.001430 0.002453 0.004140 0.006877 0.011240 0.018078 0.028605 0.044533 0.068208 0.102775 0.152340 0.222127 0.318592 0.449465 0.623692 0.851222 1.142612 1.508429 1.958429 2.500549 3.139756 3.876843 4.707306 5.620422 6.598710 7.617893 8.647474 9.651969 10.592766 11.430492 12.127710 12.651674 12.976882 13.087136 12.976882 12.651674 12.127710 11.430492 10.592766 9.651969 8.647474 7.617893 6.598710 5.620422 4.707306 3.876843 3.139756 2.500549 1.958429 1.508429 1.142612 0.851222 0.623692 0.449465 0.318592 0.222127 0.152340 0.102775 0.068208 0.044533 0.028605 0.018078 0.011240 0.006877 0.004140 0.002453 0.001430 0.000820 0.000463 0.000257 0.000141 0.000076 0.000040 0.000021 0.000011 0.000005 0.000003 0.000001 0.000001 0.000000 0.000000 0.000000 0.000000 
0.000000 0.000000 0.000000 0.000000 0.000000 0.000001 0.000002 0.000004 0.000008 0.000015 0.000029 0.000055 0.000104 0.000194 0.000354 0.000637 0.001127 0.001964 0.003366 0.005679 0.009429 0.015404 0.024761 0.039163 0.060943 0.093301 0.140526 0.208214 0.303480 0.435115 0.613640 0.851222 1.161388 1.558487 2.056866 2.669767 3.407945 4.278111 5.281301 6.411343 7.653618 8.984329 10.370452 11.770524 13.136317 14.415369 15.554194 16.501943 17.214146 17.656172 17.806029 17.656172 17.214146 16.501943 15.554194 14.415369 13.136317 11.770524 10.370452 8.984329 7.653618 6.411343 5.281301 4.278111 3.407945 2.669767 2.056866 1.558487 1.161388 0.851222 0.613640 0.435115 0.303480 0.208214 0.140526 0.093301 0.060943 0.039163 0.024761 0.015404 0.009429 0.005679 0.003366 0.001964 0.001127 0.000637 0.000354 0.000194 0.000104 0.000055 0.000029 0.000015 0.000008 0.000004 0.000002 0.000001 0.000000 0.000000 0.000000 0.000000 
0.000000 0.000000 0.000000 0.000000 0.000001 0.000001 0.000002 0.000005 0.000010 0.000020 0.000039 0.000075 0.000141 0.000262 0.000479 0.000861 0.001523 0.002651 0.004543 0.007660 0.012712 0.020757 0.033351 0.052726 0.082013 0.125508 0.188959 0.279870 0.407774 0.584442 0.823961 1.142612 1.558487 2.090765 2.758619 3.579723 4.568420 5.733634 7.076691 8.589280 10.251798 12.032378 13.886830 15.759699 17.586505 19.297123 20.820075 22.087418 23.039738 23.630774 23.831144 23.630774 23.039738 22.087418 20.820075 19.297123 17.586505 15.759699 13.886830 12.032378 10.251798 8.589280 7.076691 5.733634 4.568420 3.579723 2.758619 2.090765 1.558487 1.142612 0.823961 0.584442 0.407774 0.279870 0.188959 0.125508 0.082013 0.052726 0.033351 0.020757 0.012712 0.007660 0.004543 0.002651 0.001523 0.000861 0.000479 0.000262 0.000141 0.000075 0.000039 0.000020 0.000010 0.000005 0.000002 0.000001 0.000001 0.000000 0.000000 0.000000 
0.000000 0.000000 0.000000 0.000000 0.000001 0.000002 0.000003 0.000007 0.000014 0.000027 0.000052 0.000100 0.000188 0.000349 0.000637 0.001144 0.002022 0.003519 0.006027 0.010159 0.016851 0.027503 0.044171 0.069802 0.108531 0.166024 0.249865 0.369946 0.538832 0.772029 1.088084 1.508429 2.056866 2.758619 3.638884 4.720874 6.023408 7.558158 9.326800 11.318327 13.506885 15.850501 18.291008 20.755449 23.159018 25.409507 27.412949 29.080033 30.332674 31.110073 31.373619 31.110073 30.332674 29.080033 27.412949 25.409507 23.159018 20.755449 18.291008 15.850501 13.506885 11.318327 9.326800 7.558158 6.023408 4.720874 3.638884 2.758619 2.056866 1.508429 1.088084 0.772029 0.538832 0.369946 0.249865 0.166024 0.108531 0.069802 0.044171 0.027503 0.016851 0.010159 0.006027 0.003519 0.002022 0.001144 0.000637 0.000349 0.000188 0.000100 0.000052 0.000027 0.000014 0.000007 0.000003 0.000002 0.000001 0.000000 0.000000 0.000000 
0.000000 0.000000 0.000000 0.000000 0.000001 0.000002 0.000004 0.000009 0.000018 0.000035 0.000068 0.000131 0.000246 0.000456 0.000832 0.001494 0.002641 0.004593 0.007863 0.013247 0.021962 0.035831 0.057522 0.090865 0.141227 0.215962 0.324907 0.480890 0.700197 1.002920 1.413081 1.958429 2.669767 3.579723 4.720874 6.123215 7.811029 9.799347 12.090250 14.669404 17.503277 20.537486 23.696727 26.886579 29.997327 32.909700 35.502181 37.659286 39.280055 40.285888 40.626871 40.285888 39.280055 37.659286 35.502181 32.909700 29.997327 26.886579 23.696727 20.537486 17.503277 14.669404 12.090250 9.799347 7.811029 6.123215 4.720874 3.579723 2.669767 1.958429 1.413081 1.002920 0.700197 0.480890 0.324907 0.215962 0.141227 0.090865 0.057522 0.035831 0.021962 0.013247 0.007863 0.004593 0.002641 0.001494 0.000832 0.000456 0.000246 0.000131 0.000068 0.000035 0.000018 0.000009 0.000004 0.000002 0.000001 0.000000 0.000000 0.000000 
0.000000 0.000000 0.000000 0.000001 0.000001 0.000003 0.000006 0.000011 0.000023 0.000045 0.000088 0.000168 0.000317 0.000586 0.001069 0.001919 0.003389 0.005893 0.010084 0.016981 0.028143 0.045896 0.073654 0.116305 0.180702 0.276232 0.415445 0.614701 0.894762 1.281232 1.804716 2.500549 3.407945 4.568420 6.023408 7.811029 9.962121 12.495720 15.414371 18.699727 22.309008 26.172917 30.195558 34.256734 38.216822 41.924071 45.223895 47.969403 50.032193 51.312304 51.746263 51.312304 50.032193 47.969403 45.223895 41.924071 38.216822 34.256734 30.195558 26.172917 22.309008 18.699727 15.414371 12.495720 9.962121 7.811029 6.023408 4.568420 3.407945 2.500549 1.804716 1.281232 0.894762 0.614701 0.415445 0.276232 0.180702 0.116305 0.073654 0.045896 0.028143 0.016981 0.010084 0.005893 0.003389 0.001919 0.001069 0.000586 0.000317 0.000168 0.000088 0.000045 0.000023 0.000011 0.000006 0.000003 0.000001 0.000001 0.000000 0.000000 
0.000000 0.000000 0.000000 0.000001 0.000002 0.000003 0.000007 0.000015 0.000029 0.000057 0.000111 0.000213 0.000400 0.000741 0.001350 0.002422 0.004277 0.007433 0.012714 0.021402 0.035456 0.057802 0.092727 0.146372 0.227342 0.347418 0.522347 0.772648 1.124353 1.609556 2.266604 3.139756 4.278111 5.733634 7.558158 9.799347 12.495720 15.671001 19.328258 23.444396 27.965743 32.805453 37.843406 42.929107 47.887779 52.529503 56.660842 60.098010 62.680369 64.282870 64.826112 64.282870 62.680369 60.098010 56.660842 52.529503 47.887779 42.929107 37.843406 32.805453 27.965743 23.444396 19.328258 15.671001 12.495720 9.799347 7.558158 5.733634 4.278111 3.139756 2.266604 1.609556 1.124353 0.772648 0.522347 0.347418 0.227342 0.146372 0.092727 0.057802 0.035456 0.021402 0.012714 0.007433 0.004277 0.002422 0.001350 0.000741 0.000400 0.000213 0.000111 0.000057 0.000029 0.000015 0.000007 0.000003 0.000002 0.000001 0.000000 0.000000 
0.000000 0.000000 0.000000 0.000001 0.000002 0.000004 0.000009 0.000018 0.000036 0.000071 0.000139 0.000265 0.000497 0.000920 0.001676 0.003006 0.005305 0.009217 0.015759 0.026518 0.043916 0.071570 0.114776 0.181119 0.281225 0.429635 0.645778 0.954965 1.389298 1.988339 2.799346 3.876843 5.281301 7.076691 9.326800 12.090250 15.414371 19.328258 23.835549 28.907664 34.478381 40.440653 46.646497 52.910570 59.017680 64.734033 69.821541 74.054019 77.233786 79.206967 79.875859 79.206967 77.233786 74.054019 69.821541 64.734033 59.017680 52.910570 46.646497 40.440653 34.478381 28.907664 23.835549 19.328258 15.414371 12.090250 9.326800 7.076691 5.281301 3.876843 2.799346 1.988339 1.389298 0.954965 0.645778 0.429635 0.281225 0.181119 0.114776 0.071570 0.043916 0.026518 0.015759 0.009217 0.005305 0.003006 0.001676 0.000920 0.000497 0.000265 0.000139 0.000071 0.000036 0.000018 0.000009 0.000004 0.000002 0.000001 0.000000 0.000000 
0.000000 0.000000 0.000001 0.000001 0.000003 0.000005 0.000011 0.000022 0.000044 0.000087 0.000169 0.000323 0.000607 0.001123 0.002046 0.003667 0.006469 0.011234 0.019202 0.032302 0.053476 0.087123 0.139677 0.220349 0.342041 0.522404 0.785012 1.160571 1.688012 2.415297 3.399706 4.707306 6.411343 8.589280 11.318327 14.669404 18.699727 23.444396 28.907664 35.054759 41.805330 49.029607 56.548282 64.136849 71.534706 78.458771 84.620799 89.746987 93.598053 95.987753 96.797833 95.987753 93.598053 89.746987 84.620799 78.458771 71.534706 64.136849 56.548282 49.029607 41.805330 35.054759 28.907664 23.444396 18.699727 14.669404 11.318327 8.589280 6.411343 4.707306 3.399706 2.415297 1.688012 1.160571 0.785012 0.522404 0.342041 0.220349 0.139677 0.087123 0.053476 0.032302 0.019202 0.011234 0.006469 0.003667 0.002046 0.001123 0.000607 0.000323 0.000169 0.000087 0.000044 0.000022 0.000011 0.000005 0.000003 0.000001 0.000000 0.000000 
0.000000 0.000000 0.000001 0.000001 0.000003 0.000006 0.000013 0.000027 0.000053 0.000105 0.000203 0.000388 0.000729 0.001348 0.002453 0.004396 0.007754 0.013461 0.023001 0.038680 0.064017 0.104266 0.167115 0.263564 0.409017 0.624542 0.938272 1.386835 2.016661 2.884941 4.059951 5.620422 7.653618 10.251798 13.506885 17.503277 22.309008 27.965743 34.478381 41.805330 49.850714 58.459816 67.418955 76.460665 85.274536 93.523439 100.864136 106.970618 111.557996 114.404543 115.369480 114.404543 111.557996 106.970618 100.864136 93.523439 85.274536 76.460665 67.418955 58.459816 49.850714 41.805330 34.478381 27.965743 22.309008 17.503277 13.506885 10.251798 7.653618 5.620422 4.059951 2.884941 2.016661 1.386835 0.938272 0.624542 0.409017 0.263564 0.167115 0.104266 0.064017 0.038680 0.023001 0.013461 0.007754 0.004396 0.002453 0.001348 0.000729 0.000388 0.000203 0.000105 0.000053 0.000027 0.000013 0.000006 0.000003 0.000001 0.000001 0.000000 
0.000000 0.000000 0.000001 0.000002 0.000004 0.000008 0.000016 0.000032 0.000063 0.000124 0.000240 0.000458 0.000860 0.001589 0.002892 0.005181 0.009135 0.015855 0.027083 0.045533 0.075338 0.122674 0.196569 0.309943 0.480879 0.734105 1.102634 1.629436 2.368969 3.388292 4.767447 6.598710 8.984329 12.032378 15.850501 20.537486 26.172917 32.805453 40.440653 49.029607 58.459816 68.549875 79.049343 89.644821 99.972662 109.637972 118.238747 125.393188 130.767683 134.102589 135.233062 134.102589 130.767683 125.393188 118.238747 109.637972 99.972662 89.644821 79.049343 68.549875 58.459816 49.029607 40.440653 32.805453 26.172917 20.537486 15.850501 12.032378 8.984329 6.598710 4.767447 3.388292 2.368969 1.629436 1.102634 0.734105 0.480879 0.309943 0.196569 0.122674 0.075338 0.045533 0.027083 0.015855 0.009135 0.005181 0.002892 0.001589 0.000860 0.000458 0.000240 0.000124 0.000063 0.000032 0.000016 0.000008 0.000004 0.000002 0.000001 0.000000 
0.000000 0.000000 0.000001 0.000002 0.000004 0.000009 0.000018 0.000037 0.000073 0.000144 0.000279 0.000531 0.000997 0.001842 0.003351 0.006001 0.010579 0.018356 0.031348 0.052690 0.087159 0.141890 0.227308 0.358334 0.555843 0.848374 1.274021 1.882357 2.736193 3.912860 5.504639 7.617893 10.370452 13.886830 18.291008 23.696727 30.195558 37.843406 46.646497 56.548282 67.418955 79.049343 91.150770 103.362075 115.264262 126.402391 136.313371 144.557426 150.750302 154.592957 155.895537 154.592957 150.750302 144.557426 136.313371 126.402391 115.264262 103.362075 91.150770 79.049343 67.418955 56.548282 46.646497 37.843406 30.195558 23.696727 18.291008 13.886830 10.370452 7.617893 5.504639 3.912860 2.736193 1.882357 1.274021 0.848374 0.555843 0.358334 0.227308 0.141890 0.087159 0.052690 0.031348 0.018356 0.010579 0.006001 0.003351 0.001842 0.000997 0.000531 0.000279 0.000144 0.000073 0.000037 0.000018 0.000009 0.000004 0.000002 0.000001 0.000000 
