0.000000 0.000000 0.000000 0.000000 0.000000 0.000000 0.000000 0.000000 0.000000 0.000000 0.000000 0.000000 0.000000 0.000000 0.000000 0.000000 0.000000 0.000000 0.000000 0.000000 0.000000 0.000000 0.000000 0.000000 0.000000 0.000000 0.000000 0.000000 0.000000 0.000000 0.000000 0.000000 0.000000 0.000000 0.000000 0.000000 0.000000 0.000000 0.000000 0.000000 0.000000 0.000000 0.000000 0.000000 0.000000 0.000000 0.000000 0.000000 0.000000 0.000000 0.000000 0.000000 0.000000 0.000000 0.000000 0.000000 0.000000 0.000000 0.000000 0.000000 0.000000 0.000000 0.000000 0.000000 0.000000 0.000000 0.000000 0.000000 0.000000 0.000000 0.000000 0.000000 0.000000 0.000000 0.000000 0.000000 0.000000 0.000000 0.000000 0.000000 0.000000 0.000000 0.000000 0.000000 0.000000 0.000000 0.000000 0.000000 0.000000 0.000000 0.000000 0.000000 0.000000 0.000000 0.000000 0.000000 0.000000 0.000000 0.000000 0.000000 
0.000000 0.000000 0.000000 0.000000 0.000000 0.000000 0.000000 0.000000 0.000000 0.000000 0.000000 0.000000 0.000000 0.000000 0.000000 0.000000 0.000000 0.000000 0.000000 0.000000 0.000000 0.000000 0.000000 0.000001 0.000001 0.000001 0.000002 0.000002 0.000003 0.000004 0.000005 0.000006 0.000008 0.000010 0.000012 0.000014 0.000017 0.000021 0.000024 0.000028 0.000032 0.000036 0.000040 0.000044 0.000048 0.000052 0.000055 0.000057 0.000059 0.000060 0.000061 0.000060 0.000059 0.000057 0.000055 0.000052 0.000048 0.000044 0.000040 0.000036 0.000032 0.000028 0.000024 0.000021 0.000017 0.000014 0.000012 0.000010 0.000008 0.000006 0.000005 0.000004 0.000003 0.000002 0.000002 0.000001 0.000001 0.000001 0.000000 0.000000 0.000000 0.000000 0.000000 0.000000 0.000000 0.000000 0.000000 0.000000 0.000000 0.000000 0.000000 0.000000 0.000000 0.000000 0.000000 0.000000 0.000000 0.000000 0.000000 0.000000 
0.000000 0.000000 0.000000 0.000000 0.000000 0.000000 0.000000 0.000000 0.000000 0.000000 0.000000 0.000000 0.000000 0.000000 0.000000 0.000000 0.000000 0.000000 0.000000 0.000000 0.000000 0.000001 0.000001 0.000001 0.000002 0.000003 0.000004 0.000005 0.000007 0.000009 0.000011 0.000014 0.000018 0.000023 0.000028 0.000034 0.000041 0.000048 0.000057 0.000066 0.000075 0.000085 0.000094 0.000104 0.000113 0.000121 0.000128 0.000134 0.000138 0.000141 0.000142 0.000141 0.000138 0.000134 0.000128 0.000121 0.000113 0.000104 0.000094 0.000085 0.000075 0.000066 0.000057 0.000048 0.000041 0.000034 0.000028 0.000023 0.000018 0.000014 0.000011 0.000009 0.000007 0.000005 0.000004 0.000003 0.000002 0.000001 0.000001 0.000001 0.000000 0.000000 0.000000 0.000000 0.000000 0.000000 0.000000 0.000000 0.000000 0.000000 0.000000 0.000000 0.000000 0.000000 0.000000 0.000000 0.000000 0.000000 0.000000 0.000000 
0.000000 0.000000 0.000000 0.000000 0.000000 0.000000 0.000000 0.000000 0.000000 0.000000 0.000000 0.000000 0.000000 0.000000 0.000000 0.000000 0.000000 0.000000 0.000000 0.000001 0.000001 0.000001 0.000002 0.000003 0.000004 0.000005 0.000007 0.000009 0.000012 0.000016 0.000021 0.000027 0.000034 0.000043 0.000053 0.000064 0.000077 0.000092 0.000107 0.000124 0.000142 0.000160 0.000179 0.000197 0.000214 0.000229 0.000243 0.000254 0.000262 0.000267 0.000269 0.000267 0.000262 0.000254 0.000243 0.000229 0.000214 0.000197 0.000179 0.000160 0.000142 0.000124 0.000107 0.000092 0.000077 0.000064 0.000053 0.000043 0.000034 0.000027 0.000021 0.000016 0.000012 0.000009 0.000007 0.000005 0.000004 0.000003 0.000002 0.000001 0.000001 0.000001 0.000000 0.000000 0.000000 0.000000 0.000000 0.000000 0.000000 0.000000 0.000000 0.000000 0.000000 0.000000 0.000000 0.000000 0.000000 0.000000 0.000000 0.000000 
0.000000 0.000000 0.000000 0.000000 0.000000 0.000000 0.000000 0.000000 0.000000 0.000000 0.000000 0.000000 0.000000 0.000000 0.000000 0.000000 0.000000 0.000000 0.000001 0.000001 0.000002 0.000002 0.000003 0.000005 0.000007 0.000009 0.000012 0.000017 0.000022 0.000029 0.000038 0.000049 0.000061 0.000077 0.000094 0.000115 0.000138 0.000164 0.000192 0.000223 0.000254 0.000287 0.000320 0.000352 0.000382 0.000410 0.000434 0.000454 0.000468 0.000477 0.000480 0.000477 0.000468 0.000454 0.000434 0.000410 0.000382 0.000352 0.000320 0.000287 0.000254 0.000223 0.000192 0.000164 0.000138 0.000115 0.000094 0.000077 0.000061 0.000049 0.000038 0.000029 0.000022 0.000017 0.000012 0.000009 0.000007 0.000005 0.000003 0.000002 0.000002 0.000001 0.000001 0.000000 0.000000 0.000000 0.000000 0.000000 0.000000 0.000000 0.000000 0.000000 0.000000 0.000000 0.000000 0.000000 0.000000 0.000000 0.000000 0.000000 
0.000000 0.000000 0.000000 0.000000 0.000000 0.000000 0.000000 0.000000 0.000000 0.000000 0.000000 0.000000 0.000000 0.000000 0.000000 0.000000 0.000001 0.000001 0.000001 0.000002 0.000003 0.000004 0.000006 0.000008 0.000012 0.000016 0.000022 0.000029 0.000039 0.000051 0.000066 0.000085 0.000107 0.000134 0.000165 0.000201 0.000241 0.000286 0.000336 0.000388 0.000444 0.000501 0.000558 0.000613 0.000666 0.000714 0.000757 0.000791 0.000816 0.000832 0.000837 0.000832 0.000816 0.000791 0.000757 0.000714 0.000666 0.000613 0.000558 0.000501 0.000444 0.000388 0.000336 0.000286 0.000241 0.000201 0.000165 0.000134 0.000107 0.000085 0.000066 0.000051 0.000039 0.000029 0.000022 0.000016 0.000012 0.000008 0.000006 0.000004 0.000003 0.000002 0.000001 0.000001 0.000001 0.000000 0.000000 0.000000 0.000000 0.000000 0.000000 0.000000 0.000000 0.000000 0.000000 0.000000 0.000000 0.000000 0.000000 0.000000 
0.000000 0.000000 0.000000 0.000000 0.000000 0.000000 0.000000 0.000000 0.000000 0.000000 0.000000 0.000000 0.000000 0.000000 0.000000 0.000001 0.000001 0.000001 0.000002 0.000003 0.000005 0.000007 0.000010 0.000014 0.000020 0.000028 0.000038 0.000051 0.000067 0.000088 0.000114 0.000146 0.000185 0.000230 0.000284 0.000345 0.000415 0.000492 0.000577 0.000667 0.000762 0.000860 0.000958 0.001053 0.001144 0.001226 0.001298 0.001357 0.001401 0.001428 0.001437 0.001428 0.001401 0.001357 0.001298 0.001226 0.001144 0.001053 0.000958 0.000860 0.000762 0.000667 0.000577 0.000492 0.000415 0.000345 0.000284 0.000230 0.000185 0.000146 0.000114 0.000088 0.000067 0.000051 0.000038 0.000028 0.000020 0.000014 0.000010 0.000007 0.000005 0.000003 0.000002 0.000001 0.000001 0.000001 0.000000 0.000000 0.000000 0.000000 0.000000 0.000000 0.000000 0.000000 0.000000 0.000000 0.000000 0.000000 0.000000 0.000000 
0.000000 0.000000 0.000000 0.000000 0.000000 0.000000 0.000000 0.000000 0.000000 0.000000 0.000000 0.000000 0.000000 0.000000 0.000001 0.000001 0.000002 0.000003 0.000004 0.000006 0.000008 0.000012 0.000017 0.000024 0.000034 0.000047 0.000064 0.000086 0.000114 0.000150 0.000194 0.000248 0.000314 0.000391 0.000482 0.000586 0.000704 0.000835 0.000978 0.001132 0.001292 0.001458 0.001623 0.001785 0.001938 0.002078 0.002200 0.002300 0.002374 0.002420 0.002435 0.002420 0.002374 0.002300 0.002200 0.002078 0.001938 0.001785 0.001623 0.001458 0.001292 0.001132 0.000978 0.000835 0.000704 0.000586 0.000482 0.000391 0.000314 0.000248 0.000194 0.000150 0.000114 0.000086 0.000064 0.000047 0.000034 0.000024 0.000017 0.000012 0.000008 0.000006 0.000004 0.000003 0.000002 0.000001 0.000001 0.000000 0.000000 0.000000 0.000000 0.000000 0.000000 0.000000 0.000000 0.000000 0.000000 0.000000 0.000000 0.000000 
0.000000 0.000000 0.000000 0.000000 0.000000 0.000000 0.000000 0.000000 0.000000 0.000000 0.000000 0.000000 0.000000 0.000001 0.000001 0.000002 0.000003 0.000004 0.000006 0.000010 0.000014 0.000020 0.000029 0.000041 0.000057 0.000079 0.000108 0.000145 0.000192 0.000252 0.000326 0.000417 0.000526 0.000656 0.000808 0.000983 0.001180 0.001400 0.001639 0.001896 0.002165 0.002442 0.002719 0.002989 0.003245 0.003479 0.003683 0.003850 0.003974 0.004050 0.004076 0.004050 0.003974 0.003850 0.003683 0.003479 0.003245 0.002989 0.002719 0.002442 0.002165 0.001896 0.001639 0.001400 0.001180 0.000983 0.000808 0.000656 0.000526 0.000417 0.000326 0.000252 0.000192 0.000145 0.000108 0.000079 0.000057 0.000041 0.000029 0.000020 0.000014 0.000010 0.000006 0.000004 0.000003 0.000002 0.000001 0.000001 0.000000 0.000000 0.000000 0.000000 0.000000 0.000000 0.000000 0.000000 0.000000 0.000000 0.000000 0.000000 
0.000000 0.000000 0.000000 0.000000 0.000000 0.000000 0.000000 0.000000 0.000000 0.000000 0.000000 0.000000 0.000001 0.000001 0.000002 0.000003 0.000005 0.000007 0.000011 0.000016 0.000023 0.000034 0.000048 0.000068 0.000095 0.000131 0.000179 0.000240 0.000319 0.000418 0.000541 0.000691 0.000873 0.001088 0.001339 0.001629 0.001955 0.002319 0.002715 0.003139 0.003584 0.004041 0.004499 0.004947 0.005370 0.005757 0.006094 0.006369 0.006574 0.006700 0.006742 0.006700 0.006574 0.006369 0.006094 0.005757 0.005370 0.004947 0.004499 0.004041 0.003584 0.003139 0.002715 0.002319 0.001955 0.001629 0.001339 0.001088 0.000873 0.000691 0.000541 0.000418 0.000319 0.000240 0.000179 0.000131 0.000095 0.000068 0.000048 0.000034 0.000023 0.000016 0.000011 0.000007 0.000005 0.000003 0.000002 0.000001 0.000001 0.000000 0.000000 0.000000 0.000000 0.000000 0.000000 0.000000 0.000000 0.000000 0.000000 0.000000 
0.000000 0.000000 0.000000 0.000000 0.000000 0.000000 0.000000 0.000000 0.000000 0.000000 0.000000 0.000001 0.000001 0.000002 0.000003 0.000005 0.000008 0.000012 0.000018 0.000026 0.000039 0.000056 0.000080 0.000112 0.000157 0.000216 0.000293 0.000394 0.000523 0.000685 0.000886 0.001133 0.001430 0.001782 0.002194 0.002667 0.003201 0.003795 0.004443 0.005136 0.005864 0.006611 0.007359 0.008090 0.008781 0.009413 0.009963 0.010413 0.010747 0.010953 0.011022 0.010953 0.010747 0.010413 0.009963 0.009413 0.008781 0.008090 0.007359 0.006611 0.005864 0.005136 0.004443 0.003795 0.003201 0.002667 0.002194 0.001782 0.001430 0.001133 0.000886 0.000685 0.000523 0.000394 0.000293 0.000216 0.000157 0.000112 0.000080 0.000056 0.000039 0.000026 0.000018 0.000012 0.000008 0.000005 0.000003 0.000002 0.000001 0.000001 0.000000 0.000000 0.000000 0.000000 0.000000 0.000000 0.000000 0.000000 0.000000 0.000000 
0.000000 0.000000 0.000000 0.000000 0.000000 0.000000 0.000000 0.000000 0.000000 0.000000 0.000001 0.000001 0.000002 0.000003 0.000005 0.000008 0.000013 0.000019 0.000029 0.000043 0.000063 0.000091 0.000129 0.000183 0.000254 0.000350 0.000476 0.000639 0.000848 0.001110 0.001436 0.001835 0.002315 0.002885 0.003551 0.004316 0.005180 0.006139 0.007186 0.008306 0.009481 0.010686 0.011895 0.013074 0.014191 0.015210 0.016098 0.016825 0.017364 0.017696 0.017807 0.017696 0.017364 0.016825 0.016098 0.015210 0.014191 0.013074 0.011895 0.010686 0.009481 0.008306 0.007186 0.006139 0.005180 0.004316 0.003551 0.002885 0.002315 0.001835 0.001436 0.001110 0.000848 0.000639 0.000476 0.000350 0.000254 0.000183 0.000129 0.000091 0.000063 0.000043 0.000029 0.000019 0.000013 0.000008 0.000005 0.000003 0.000002 0.000001 0.000001 0.000000 0.000000 0.000000 0.000000 0.000000 0.000000 0.000000 0.000000 0.000000 
0.000000 0.000000 0.000000 0.000000 0.000000 0.000000 0.000000 0.000000 0.000000 0.000001 0.000001 0.000002 0.000003 0.000005 0.000009 0.000013 0.000020 0.000031 0.000046 0.000069 0.000101 0.000145 0.000208 0.000293 0.000408 0.000561 0.000763 0.001024 0.001358 0.001778 0.002300 0.002937 0.003705 0.004616 0.005680 0.006901 0.008281 0.009814 0.011485 0.013273 0.015148 0.017072 0.019001 0.020883 0.022664 0.024290 0.025706 0.026865 0.027725 0.028254 0.028432 0.028254 0.027725 0.026865 0.025706 0.024290 0.022664 0.020883 0.019001 0.017072 0.015148 0.013273 0.011485 0.009814 0.008281 0.006901 0.005680 0.004616 0.003705 0.002937 0.002300 0.001778 0.001358 0.001024 0.000763 0.000561 0.000408 0.000293 0.000208 0.000145 0.000101 0.000069 0.000046 0.000031 0.000020 0.000013 0.000009 0.000005 0.000003 0.000002 0.000001 0.000001 0.000000 0.000000 0.000000 0.000000 0.000000 0.000000 0.000000 0.000000 
0.000000 0.000000 0.000000 0.000000 0.000000 0.000000 0.000000 0.000000 0.000001 0.000001 0.000002 0.000003 0.000005 0.000009 0.000014 0.000021 0.000032 0.000049 0.000074 0.000109 0.000160 0.000231 0.000329 0.000465 0.000647 0.000890 0.001209 0.001622 0.002150 0.002814 0.003639 0.004646 0.005860 0.007299 0.008978 0.010906 0.013085 0.015503 0.018140 0.020960 0.023918 0.026953 0.029994 0.032961 0.035770 0.038332 0.040566 0.042392 0.043747 0.044581 0.044862 0.044581 0.043747 0.042392 0.040566 0.038332 0.035770 0.032961 0.029994 0.026953 0.023918 0.020960 0.018140 0.015503 0.013085 0.010906 0.008978 0.007299 0.005860 0.004646 0.003639 0.002814 0.002150 0.001622 0.001209 0.000890 0.000647 0.000465 0.000329 0.000231 0.000160 0.000109 0.000074 0.000049 0.000032 0.000021 0.000014 0.000009 0.000005 0.000003 0.000002 0.000001 0.000001 0.000000 0.000000 0.000000 0.000000 0.000000 0.000000 0.000000 
0.000000 0.000000 0.000000 0.000000 0.000000 0.000000 0.000000 0.000001 0.000001 0.000002 0.000003 0.000005 0.000009 0.000014 0.000021 0.000033 0.000051 0.000077 0.000116 0.000171 0.000251 0.000362 0.000516 0.000728 0.001013 0.001393 0.001892 0.002538 0.003363 0.004401 0.005689 0.007263 0.009157 0.011403 0.014023 0.017032 0.020430 0.024201 0.028312 0.032710 0.037320 0.042050 0.046788 0.051412 0.055788 0.059781 0.063259 0.066105 0.068215 0.069514 0.069952 0.069514 0.068215 0.066105 0.063259 0.059781 0.055788 0.051412 0.046788 0.042050 0.037320 0.032710 0.028312 0.024201 0.020430 0.017032 0.014023 0.011403 0.009157 0.007263 0.005689 0.004401 0.003363 0.002538 0.001892 0.001393 0.001013 0.000728 0.000516 0.000362 0.000251 0.000171 0.000116 0.000077 0.000051 0.000033 0.000021 0.000014 0.000009 0.000005 0.000003 0.000002 0.000001 0.000001 0.000000 0.000000 0.000000 0.000000 0.000000 0.000000 
0.000000 0.000000 0.000000 0.000000 0.000000 0.000000 0.000001 0.000001 0.000002 0.000003 0.000005 0.000008 0.000013 0.000021 0.000033 0.000052 0.000079 0.000120 0.000180 0.000266 0.000388 0.000561 0.000800 0.001127 0.001568 0.002155 0.002927 0.003925 0.005199 0.006802 0.008789 0.011217 0.014140 0.017603 0.021644 0.026282 0.031519 0.037331 0.043666 0.050441 0.057542 0.064827 0.072124 0.079244 0.085981 0.092128 0.097484 0.101864 0.105113 0.107112 0.107786 0.107112 0.105113 0.101864 0.097484 0.092128 0.085981 0.079244 0.072124 0.064827 0.057542 0.050441 0.043666 0.037331 0.031519 0.026282 0.021644 0.017603 0.014140 0.011217 0.008789 0.006802 0.005199 0.003925 0.002927 0.002155 0.001568 0.001127 0.000800 0.000561 0.000388 0.000266 0.000180 0.000120 0.000079 0.000052 0.000033 0.000021 0.000013 0.000008 0.000005 0.000003 0.000002 0.000001 0.000001 0.000000 0.000000 0.000000 0.000000 0.000000 
0.000000 0.000000 0.000000 0.000000 0.000000 0.000001 0.000001 0.000002 0.000003 0.000005 0.000008 0.000013 0.000020 0.000032 0.000051 0.000079 0.000121 0.000184 0.000275 0.000407 0.000595 0.000859 0.001224 0.001724 0.002398 0.003295 0.004472 0.005996 0.007940 0.010385 0.013417 0.017119 0.021574 0.026852 0.033009 0.040075 0.048052 0.056903 0.066548 0.076861 0.087671 0.098758 0.109863 0.120696 0.130947 0.140299 0.148446 0.155109 0.160051 0.163092 0.164118 0.163092 0.160051 0.155109 0.148446 0.140299 0.130947 0.120696 0.109863 0.098758 0.087671 0.076861 0.066548 0.056903 0.048052 0.040075 0.033009 0.026852 0.021574 0.017119 0.013417 0.010385 0.007940 0.005996 0.004472 0.003295 0.002398 0.001724 0.001224 0.000859 0.000595 0.000407 0.000275 0.000184 0.000121 0.000079 0.000051 0.000032 0.000020 0.000013 0.000008 0.000005 0.000003 0.000002 0.000001 0.000001 0.000000 0.000000 0.000000 0.000000 
0.000000 0.000000 0.000000 0.000000 0.000000 0.000001 0.000001 0.000003 0.000004 0.000007 0.000012 0.000019 0.000031 0.000049 0.000077 0.000120 0.000184 0.000279 0.000417 0.000616 0.000900 0.001298 0.001850 0.002605 0.003623 0.004977 0.006753 0.009051 0.011982 0.015668 0.020236 0.025814 0.032524 0.040473 0.049743 0.060380 0.072386 0.085704 0.100215 0.115731 0.131989 0.148663 0.165363 0.181652 0.197063 0.211123 0.223371 0.233386 0.240815 0.245385 0.246928 0.245385 0.240815 0.233386 0.223371 0.211123 0.197063 0.181652 0.165363 0.148663 0.131989 0.115731 0.100215 0.085704 0.072386 0.060380 0.049743 0.040473 0.032524 0.025814 0.020236 0.015668 0.011982 0.009051 0.006753 0.004977 0.003623 0.002605 0.001850 0.001298 0.000900 0.000616 0.000417 0.000279 0.000184 0.000120 0.000077 0.000049 0.000031 0.000019 0.000012 0.000007 0.000004 0.000003 0.000001 0.000001 0.000000 0.000000 0.000000 0.000000 
0.000000 0.000000 0.000000 0.000000 0.000001 0.000001 0.000002 0.000004 0.000006 0.000011 0.000018 0.000029 0.000046 0.000074 0.000116 0.000180 0.000275 0.000417 0.000624 0.000921 0.001345 0.001940 0.002764 0.003890 0.005408 0.007427 0.010074 0.013499 0.017866 0.023356 0.030158 0.038462 0.048449 0.060277 0.074067 0.089890 0.107744 0.127547 0.149120 0.172183 0.196348 0.221126 0.245941 0.270143 0.293039 0.313926 0.332119 0.346996 0.358030 0.364818 0.367110 0.364818 0.358030 0.346996 0.332119 0.313926 0.293039 0.270143 0.245941 0.221126 0.196348 0.172183 0.149120 0.127547 0.107744 0.089890 0.074067 0.060277 0.048449 0.038462 0.030158 0.023356 0.017866 0.013499 0.010074 0.007427 0.005408 0.003890 0.002764 0.001940 0.001345 0.000921 0.000624 0.000417 0.000275 0.000180 0.000116 0.000074 0.000046 0.000029 0.000018 0.000011 0.000006 0.000004 0.000002 0.000001 0.000001 0.000000 0.000000 0.000000 
0.000000 0.000000 0.000000 0.000001 0.000001 0.000002 0.000003 0.000006 0.000010 0.000016 0.000026 0.000043 0.000069 0.000109 0.000171 0.000266 0.000407 0.000616 0.000921 0.001361 0.001986 0.002864 0.004079 0.005739 0.007976 0.010950 0.014849 0.019891 0.026320 0.034398 0.044406 0.056620 0.071307 0.088697 0.108969 0.132224 0.158459 0.187554 0.219246 0.253120 0.288608 0.324994 0.361428 0.396960 0.430572 0.461231 0.487936 0.509772 0.525967 0.535930 0.539293 0.535930 0.525967 0.509772 0.487936 0.461231 0.430572 0.396960 0.361428 0.324994 0.288608 0.253120 0.219246 0.187554 0.158459 0.132224 0.108969 0.088697 0.071307 0.056620 0.044406 0.034398 0.026320 0.019891 0.014849 0.010950 0.007976 0.005739 0.004079 0.002864 0.001986 0.001361 0.000921 0.000616 0.000407 0.000266 0.000171 0.000109 0.000069 0.000043 0.000026 0.000016 0.000010 0.000006 0.000003 0.000002 0.000001 0.000001 0.000000 0.000000 
0.000000 0.000000 0.000000 0.000001 0.000002 0.000003 0.000005 0.000008 0.000014 0.000023 0.000039 0.000063 0.000101 0.000160 0.000251 0.000388 0.000595 0.000900 0.001345 0.001986 0.002898 0.004177 0.005947 0.008364 0.011621 0.015950 0.021624 0.028959 0.038308 0.050054 0.064601 0.082353 0.103692 0.128956 0.158400 0.192169 0.230262 0.272498 0.318498 0.367659 0.419157 0.471950 0.524809 0.576354 0.625111 0.669580 0.708312 0.739982 0.763468 0.777916 0.782793 0.777916 0.763468 0.739982 0.708312 0.669580 0.625111 0.576354 0.524809 0.471950 0.419157 0.367659 0.318498 0.272498 0.230262 0.192169 0.158400 0.128956 0.103692 0.082353 0.064601 0.050054 0.038308 0.028959 0.021624 0.015950 0.011621 0.008364 0.005947 0.004177 0.002898 0.001986 0.001345 0.000900 0.000595 0.000388 0.000251 0.000160 0.000101 0.000063 0.000039 0.000023 0.000014 0.000008 0.000005 0.000003 0.000002 0.000001 0.000000 0.000000 
0.000000 0.000000 0.000001 0.000001 0.000002 0.000004 0.000007 0.000012 0.000020 0.000034 0.000056 0.000091 0.000145 0.000231 0.000362 0.000561 0.000859 0.001298 0.001940 0.002864 0.004177 0.006018 0.008565 0.012044 0.016728 0.022953 0.031111 0.041653 0.055086 0.071961 0.092853 0.118343 0.148978 0.185240 0.227494 0.275947 0.330594 0.391177 0.457148 0.527644 0.601481 0.677168 0.752941 0.826824 0.896706 0.960438 1.015944 1.061328 1.094983 1.115687 1.122675 1.115687 1.094983 1.061328 1.015944 0.960438 0.896706 0.826824 0.752941 0.677168 0.601481 0.527644 0.457148 0.391177 0.330594 0.275947 0.227494 0.185240 0.148978 0.118343 0.092853 0.071961 0.055086 0.041653 0.031111 0.022953 0.016728 0.012044 0.008565 0.006018 0.004177 0.002864 0.001940 0.001298 0.000859 0.000561 0.000362 0.000231 0.000145 0.000091 0.000056 0.000034 0.000020 0.000012 0.000007 0.000004 0.000002 0.000001 0.000001 0.000000 
0.000000 0.000000 0.000001 0.000002 0.000003 0.000006 0.000010 0.000017 0.000029 0.000048 0.000080 0.000129 0.000208 0.000329 0.000516 0.000800 0.001224 0.001850 0.002764 0.004079 0.005947 0.008565 0.012188 0.017132 0.023790 0.032633 0.044219 0.059189 0.078259 0.102209 0.131856 0.168017 0.211471 0.262895 0.322806 0.391495 0.468952 0.554811 0.648293 0.748174 0.852777 0.959989 1.067313 1.171951 1.270915 1.361165 1.439761 1.504021 1.551673 1.580987 1.590881 1.580987 1.551673 1.504021 1.439761 1.361165 1.270915 1.171951 1.067313 0.959989 0.852777 0.748174 0.648293 0.554811 0.468952 0.391495 0.322806 0.262895 0.211471 0.168017 0.131856 0.102209 0.078259 0.059189 0.044219 0.032633 0.023790 0.017132 0.012188 0.008565 0.005947 0.004079 0.002764 0.001850 0.001224 0.000800 0.000516 0.000329 0.000208 0.000129 0.000080 0.000048 0.000029 0.000017 0.000010 0.000006 0.000003 0.000002 0.000001 0.000000 
0.000000 0.000001 0.000001 0.000003 0.000005 0.000008 0.000014 0.000024 0.000041 0.000068 0.000112 0.000183 0.000293 0.000465 0.000728 0.001127 0.001724 0.002605 0.003890 0.005739 0.008364 0.012044 0.017132 0.024075 0.033422 0.045834 0.062092 0.083092 0.109839 0.143423 0.184985 0.235671 0.296565 0.368616 0.452545 0.548753 0.657226 0.777449 0.908327 1.048148 1.194562 1.344614 1.494808 1.641231 1.779704 1.905977 2.015939 2.105840 2.172503 2.213512 2.227353 2.213512 2.172503 2.105840 2.015939 1.905977 1.779704 1.641231 1.494808 1.344614 1.194562 1.048148 0.908327 0.777449 0.657226 0.548753 0.452545 0.368616 0.296565 0.235671 0.184985 0.143423 0.109839 0.083092 0.062092 0.045834 0.033422 0.024075 0.017132 0.012044 0.008364 0.005739 0.003890 0.002605 0.001724 0.001127 0.000728 0.000465 0.000293 0.000183 0.000112 0.000068 0.000041 0.000024 0.000014 0.000008 0.000005 0.000002 0.000001 0.000000 
0.000000 0.000001 0.000002 0.000004 0.000007 0.000012 0.000020 0.000034 0.000057 0.000095 0.000157 0.000254 0.000408 0.000647 0.001013 0.001568 0.002398 0.003623 0.005408 0.007976 0.011621 0.016728 0.023790 0.033422 0.046386 0.063597 0.086134 0.115240 0.152301 0.198825 0.256390 0.326579 0.410889 0.510626 0.626787 0.759922 0.910009 1.076328 1.257366 1.450751 1.653234 1.860725 2.068396 2.270836 2.462273 2.636832 2.788835 2.913103 3.005247 3.061930 3.081061 3.061930 3.005247 2.913103 2.788835 2.636832 2.462273 2.270836 2.068396 1.860725 1.653234 1.450751 1.257366 1.076328 0.910009 0.759922 0.626787 0.510626 0.410889 0.326579 0.256390 0.198825 0.152301 0.115240 0.086134 0.063597 0.046386 0.033422 0.023790 0.016728 0.011621 0.007976 0.005408 0.003623 0.002398 0.001568 0.001013 0.000647 0.000408 0.000254 0.000157 0.000095 0.000057 0.000034 0.000020 0.000012 0.000006 0.000003 0.000001 0.000000 
0.000000 0.000001 0.000003 0.000005 0.000009 0.000016 0.000028 0.000047 0.000079 0.000131 0.000216 0.000350 0.000561 0.000890 0.001393 0.002155 0.003295 0.004977 0.007427 0.010950 0.015950 0.022953 0.032633 0.045834 0.063597 0.087173 0.118038 0.157889 0.208622 0.272296 0.351065 0.447089 0.562411 0.698814 0.857650 1.039671 1.244837 1.472163 1.719577 1.983834 2.260494 2.543972 2.827670 3.104202 3.365685 3.604101 3.811701 3.981414 4.107253 4.184661 4.210787 4.184661 4.107253 3.981414 3.811701 3.604101 3.365685 3.104202 2.827670 2.543972 2.260494 1.983834 1.719577 1.472163 1.244837 1.039671 0.857650 0.698814 0.562411 0.447089 0.351065 0.272296 0.208622 0.157889 0.118038 0.087173 0.063597 0.045834 0.032633 0.022953 0.015950 0.010950 0.007427 0.004977 0.003295 0.002155 0.001393 0.000890 0.000561 0.000350 0.000216 0.000131 0.000079 0.000047 0.000028 0.000016 0.000009 0.000005 0.000002 0.000000 
0.000000 0.000002 0.000004 0.000007 0.000012 0.000022 0.000038 0.000064 0.000108 0.000179 0.000293 0.000476 0.000763 0.001209 0.001892 0.002927 0.004472 0.006753 0.010074 0.014849 0.021624 0.031111 0.044219 0.062092 0.086134 0.118038 0.159797 0.213700 0.282308 0.368400 0.474882 0.604666 0.760506 0.944802 1.159376 1.405234 1.682318 1.989290 2.323348 2.680109 3.053576 3.436212 3.819115 4.192318 4.545189 4.866914 5.147041 5.376038 5.545829 5.650272 5.685522 5.650272 5.545829 5.376038 5.147041 4.866914 4.545189 4.192318 3.819115 3.436212 3.053576 2.680109 2.323348 1.989290 1.682318 1.405234 1.159376 0.944802 0.760506 0.604666 0.474882 0.368400 0.282308 0.213700 0.159797 0.118038 0.086134 0.062092 0.044219 0.031111 0.021624 0.014849 0.010074 0.006753 0.004472 0.002927 0.001892 0.001209 0.000763 0.000476 0.000293 0.000179 0.000108 0.000064 0.000038 0.000022 0.000012 0.000006 0.000003 0.000000 
0.000000 0.000002 0.000005 0.000009 0.000017 0.000029 0.000051 0.000086 0.000145 0.000240 0.000394 0.000639 0.001024 0.001622 0.002538 0.003925 0.005996 0.009051 0.013499 0.019891 0.028959 0.041653 0.059189 0.083092 0.115240 0.157889 0.213700 0.285727 0.377386 0.492380 0.634584 0.807877 1.015925 1.261925 1.548299 1.876377 2.246076 2.655603 3.101215 3.577061 4.075143 4.585407 5.095987 5.593598 6.064070 6.492994 6.866444 7.171718 7.398060 7.537286 7.584275 7.537286 7.398060 7.171718 6.866444 6.492994 6.064070 5.593598 5.095987 4.585407 4.075143 3.577061 3.101215 2.655603 2.246076 1.876377 1.548299 1.261925 1.015925 0.807877 0.634584 0.492380 0.377386 0.285727 0.213700 0.157889 0.115240 0.083092 0.059189 0.041653 0.028959 0.019891 0.013499 0.009051 0.005996 0.003925 0.002538 0.001622 0.001024 0.000639 0.000394 0.000240 0.000145 0.000086 0.000050 0.000029 0.000016 0.000009 0.000004 0.000000 
0.000000 0.000003 0.000007 0.000012 0.000022 0.000039 0.000067 0.000114 0.000192 0.000319 0.000523 0.000848 0.001358 0.002150 0.003363 0.005199 0.007940 0.011982 0.017866 0.026320 0.038308 0.055086 0.078259 0.109839 0.152301 0.208622 0.282308 0.377386 0.498355 0.650094 0.837703 1.066289 1.340679 1.665071 2.042651 2.475159 2.962475 3.502228 4.089475 4.716503 5.372772 6.045035 6.717663 7.373163 7.992876 8.557834 9.049702 9.451763 9.749859 9.933219 9.995103 9.933219 9.749859 9.451763 9.049702 8.557834 7.992876 7.373163 6.717663 6.045035 5.372772 4.716503 4.089475 3.502228 2.962475 2.475159 2.042651 1.665071 1.340679 1.066289 0.837703 0.650094 0.498355 0.377386 0.282308 0.208622 0.152301 0.109839 0.078259 0.055086 0.038308 0.026320 0.017866 0.011982 0.007940 0.005199 0.003363 0.002150 0.001358 0.000848 0.000523 0.000319 0.000192 0.000114 0.000067 0.000039 0.000022 0.000012 0.000005 0.000000 
0.000000 0.000004 0.000009 0.000016 0.000029 0.000051 0.000088 0.000150 0.000252 0.000418 0.000685 0.001110 0.001778 0.002814 0.004401 0.006802 0.010385 0.015668 0.023356 0.034398 0.050054 0.071961 0.102209 0.143423 0.198825 0.272296 0.368400 0.492380 0.650094 0.847888 1.092400 1.390269 1.747770 2.170360 2.662169 3.225453 3.860041 4.562833 5.327387 6.143655 6.997912 7.872919 8.748338 9.601410 10.407864 11.143027 11.783055 12.306208 12.694075 12.932648 13.013167 12.932648 12.694075 12.306208 11.783055 11.143027 10.407864 9.601410 8.748338 7.872919 6.997912 6.143655 5.327387 4.562833 3.860041 3.225453 2.662169 2.170360 1.747770 1.390269 1.092400 0.847888 0.650094 0.492380 0.368400 0.272296 0.198825 0.143423 0.102209 0.071961 0.050054 0.034398 0.023356 0.015668 0.010385 0.006802 0.004401 0.002814 0.001778 0.001110 0.000685 0.000418 0.000252 0.000150 0.000088 0.000051 0.000029 0.000015 0.000007 0.000000 
0.000000 0.000005 0.000011 0.000021 0.000038 0.000066 0.000114 0.000194 0.000326 0.000541 0.000886 0.001436 0.002300 0.003639 0.005689 0.008789 0.013417 0.020236 0.030158 0.044406 0.064601 0.092853 0.131856 0.184985 0.256390 0.351065 0.474882 0.634584 0.837703 1.092400 1.407204 1.790646 2.250784 2.794623 3.427461 4.152180 4.968546 5.872556 6.855913 7.905687 9.004226 10.129362 11.254951 12.351739 13.388536 14.333636 15.156402 15.828903 16.327485 16.634154 16.737654 16.634154 16.327485 15.828903 15.156402 14.333636 13.388536 12.351739 11.254951 10.129362 9.004226 7.905687 6.855913 5.872556 4.968546 4.152180 3.427461 2.794623 2.250784 1.790646 1.407204 1.092400 0.837703 0.634584 0.474882 0.351065 0.256390 0.184985 0.131856 0.092853 0.064601 0.044406 0.030158 0.020236 0.013417 0.008789 0.005689 0.003639 0.002300 0.001436 0.000886 0.000541 0.000326 0.000194 0.000114 0.000066 0.000037 0.000020 0.000008 0.000000 
0.000000 0.000006 0.000014 0.000027 0.000049 0.000085 0.000146 0.000248 0.000417 0.000691 0.001133 0.001835 0.002937 0.004646 0.007263 0.011217 0.017119 0.025814 0.038462 0.056620 0.082353 0.118343 0.168017 0.235671 0.326579 0.447089 0.604666 0.807877 1.066289 1.390269 1.790646 2.278249 2.863300 3.554685 4.359115 5.280233 6.317721 7.466475 8.715940 10.049679 11.445262 12.874531 14.304281 15.697365 17.014185 18.214490 19.259388 20.113428 20.746587 21.136026 21.267459 21.136026 20.746587 20.113428 19.259388 18.214490 17.014185 15.697365 14.304281 12.874531 11.445262 10.049679 8.715940 7.466475 6.317721 5.280233 4.359115 3.554685 2.863300 2.278249 1.790646 1.390269 1.066289 0.807877 0.604666 0.447089 0.326579 0.235671 0.168017 0.118343 0.082353 0.056620 0.038462 0.025814 0.017119 0.011217 0.007263 0.004646 0.002937 0.001835 0.001133 0.000691 0.000417 0.000248 0.000146 0.000084 0.000048 0.000025 0.000011 0.000000 
0.000000 0.000008 0.000018 0.000034 0.000061 0.000107 0.000185 0.000314 0.000526 0.000873 0.001430 0.002315 0.003705 0.005860 0.009157 0.014140 0.021574 0.032524 0.048449 0.071307 0.103692 0.148978 0.211471 0.296565 0.410889 0.562411 0.760506 1.015925 1.340679 1.747770 2.250784 2.863300 3.598134 4.466416 5.476549 6.633080 7.935588 9.377645 10.945987 12.619972 14.371444 16.165068 17.959184 19.707195 21.359430 22.865409 24.176360 25.247827 26.042163 26.530730 26.695618 26.530730 26.042163 25.247827 24.176360 22.865409 21.359430 19.707195 17.959184 16.165068 14.371444 12.619972 10.945987 9.377645 7.935588 6.633080 5.476549 4.466416 3.598134 2.863300 2.250784 1.747770 1.340679 1.015925 0.760506 0.562411 0.410889 0.296565 0.211471 0.148978 0.103692 0.071307 0.048449 0.032524 0.021574 0.014140 0.009157 0.005860 0.003705 0.002315 0.001430 0.000872 0.000526 0.000313 0.000184 0.000107 0.000060 0.000032 0.000014 0.000000 
0.000000 0.000010 0.000023 0.000043 0.000077 0.000134 0.000230 0.000391 0.000656 0.001088 0.001782 0.002885 0.004616 0.007299 0.011403 0.017603 0.026852 0.040473 0.060277 0.088697 0.128956 0.185240 0.262895 0.368616 0.510626 0.698814 0.944802 1.261925 1.665071 2.170360 2.794623 3.554685 4.466416 5.543595 6.796612 8.231080 9.846447 11.634719 13.579429 15.654973 17.826435 20.050011 22.274066 24.440854 26.488828 28.355441 29.980271 31.308241 32.292717 32.898226 33.102579 32.898226 32.292717 31.308241 29.980271 28.355441 26.488828 24.440854 22.274066 20.050011 17.826435 15.654973 13.579429 11.634719 9.846447 8.231080 6.796612 5.543595 4.466416 3.554685 2.794623 2.170360 1.665071 1.261925 0.944802 0.698814 0.510626 0.368616 0.262895 0.185240 0.128956 0.088697 0.060277 0.040473 0.026852 0.017603 0.011403 0.007299 0.004616 0.002885 0.001782 0.001088 0.000656 0.000391 0.000230 0.000133 0.000075 0.000040 0.000017 0.000000 
0.000000 0.000012 0.000028 0.000053 0.000094 0.000165 0.000284 0.000482 0.000808 0.001339 0.002194 0.003551 0.005680 0.008978 0.014023 0.021644 0.033009 0.049743 0.074067 0.108969 0.158400 0.227494 0.322806 0.452545 0.626787 0.857650 1.159376 1.548299 2.042651 2.662169 3.427461 4.359115 5.476549 6.796612 8.332001 10.089560 12.068578 14.259238 16.641346 19.183525 21.843008 24.566149 27.289727 29.943043 32.450758 34.736315 36.725762 38.351692 39.557036 40.298381 40.548577 40.298381 39.557036 38.351692 36.725762 34.736315 32.450758 29.943043 27.289727 24.566149 21.843008 19.183525 16.641346 14.259238 12.068578 10.089560 8.332001 6.796612 5.476549 4.359115 3.427461 2.662169 2.042651 1.548299 1.159376 0.857650 0.626787 0.452545 0.322806 0.227494 0.158400 0.108969 0.074067 0.049743 0.033009 0.021644 0.014023 0.008978 0.005680 0.003551 0.002194 0.001339 0.000808 0.000482 0.000283 0.000164 0.000093 0.000049 0.000021 0.000000 
0.000000 0.000014 0.000034 0.000064 0.000115 0.000201 0.000345 0.000586 0.000983 0.001629 0.002667 0.004316 0.006901 0.010906 0.017032 0.026282 0.040075 0.060380 0.089890 0.132224 0.192169 0.275947 0.391495 0.548753 0.759922 1.039671 1.405234 1.876377 2.475159 3.225453 4.152180 5.280233 6.633080 8.231080 10.089560 12.216762 14.611793 17.262741 20.145146 23.221027 26.438633 29.733065 33.027854 36.237497 39.270886 42.035453 44.441779 46.408371 47.866230 48.762875 49.065480 48.762875 47.866230 46.408371 44.441779 42.035453 39.270886 36.237497 33.027854 29.733065 26.438633 23.221027 20.145146 17.262741 14.611793 12.216762 10.089560 8.231080 6.633080 5.280233 4.152180 3.225453 2.475159 1.876377 1.405234 1.039671 0.759922 0.548753 0.391495 0.275947 0.192169 0.132224 0.089890 0.060380 0.040075 0.026282 0.017032 0.010906 0.006901 0.004316 0.002667 0.001628 0.000983 0.000586 0.000345 0.000200 0.000113 0.000060 0.000026 0.000000 
0.000000 0.000017 0.000041 0.000077 0.000138 0.000241 0.000415 0.000704 0.001180 0.001955 0.003201 0.005180 0.008281 0.013085 0.020430 0.031519 0.048052 0.072386 0.107744 0.158459 0.230262 0.330594 0.468952 0.657226 0.910009 1.244837 1.682318 2.246076 2.962475 3.860041 4.968546 6.317721 7.935588 9.846447 12.068578 14.611793 17.474984 20.643876 24.089203 27.765553 31.611066 35.548184 39.485536 43.320969 46.945648 50.248994 53.124206 55.473948 57.215813 58.287121 58.648670 58.287121 57.215813 55.473948 53.124206 50.248994 46.945648 43.320969 39.485536 35.548184 31.611066 27.765553 24.089203 20.643876 17.474984 14.611793 12.068578 9.846447 7.935588 6.317721 4.968546 3.860041 2.962475 2.246076 1.682318 1.244837 0.910009 0.657226 0.468952 0.330594 0.230262 0.158459 0.107744 0.072386 0.048052 0.031519 0.020430 0.013085 0.008281 0.005180 0.003201 0.001955 0.001180 0.000704 0.000414 0.000240 0.000135 0.000072 0.000031 0.000000 
0.000000 0.000021 0.000048 0.000092 0.000164 0.000286 0.000492 0.000835 0.001400 0.002319 0.003795 0.006139 0.009814 0.015503 0.024201 0.037331 0.056903 0.085704 0.127547 0.187554 0.272498 0.391177 0.554811 0.777449 1.076328 1.472163 1.989290 2.655603 3.502228 4.562833 5.872556 7.466475 9.377645 11.634719 14.259238 17.262741 20.643876 24.385746 28.453770 32.794307 37.334317 41.982240 46.630228 51.157721 55.436277 59.335417 62.729119 65.502535 67.558438 68.822879 69.249605 68.822879 67.558438 65.502535 62.729119 59.335417 55.436277 51.157721 46.630228 41.982240 37.334317 32.794307 28.453770 24.385746 20.643876 17.262741 14.259238 11.634719 9.377645 7.466475 5.872556 4.562833 3.502228 2.655603 1.989290 1.472163 1.076328 0.777449 0.554811 0.391177 0.272498 0.187554 0.127547 0.085704 0.056903 0.037331 0.024201 0.015503 0.009814 0.006139 0.003795 0.002318 0.001400 0.000835 0.000491 0.000285 0.000161 0.000085 0.000037 0.000000 
0.000000 0.000024 0.000057 0.000107 0.000192 0.000336 0.000577 0.000978 0.001639 0.002715 0.004443 0.007186 0.011485 0.018140 0.028312 0.043666 0.066548 0.100215 0.149120 0.219246 0.318498 0.457148 0.648293 0.908327 1.257366 1.719577 2.323348 3.101215 4.089475 5.327387 6.855913 8.715940 10.945987 13.579429 16.641346 20.145146 24.089203 28.453770 33.198478 38.260745 43.555380 48.975612 54.395691 59.675061 64.663991 69.210381 73.167338 76.401001 78.798046 80.272284 80.769811 80.272284 78.798046 76.401001 73.167338 69.210381 64.663991 59.675061 54.395691 48.975612 43.555380 38.260745 33.198478 28.453770 24.089203 20.145146 16.641346 13.579429 10.945987 8.715940 6.855913 5.327387 4.089475 3.101215 2.323348 1.719577 1.257366 0.908327 0.648293 0.457148 0.318498 0.219246 0.149120 0.100215 0.066548 0.043666 0.028312 0.018140 0.011485 0.007186 0.004443 0.002715 0.001639 0.000978 0.000576 0.000334 0.000188 0.000100 0.000043 0.000000 
0.000000 0.000028 0.000066 0.000124 0.000223 0.000388 0.000667 0.001132 0.001896 0.003139 0.005136 0.008306 0.013273 0.020960 0.032710 0.050441 0.076861 0.115731 0.172183 0.253120 0.367659 0.527644 0.748174 1.048148 1.450751 1.983834 2.680109 3.577061 4.716503 6.143655 7.905687 10.049679 12.619972 15.654973 19.183525 23.221027 27.765553 32.794307 38.260745 44.092746 50.192158 56.435989 62.679401 68.760520 74.506919 79.743452 84.300976 88.025364 90.786138 92.484063 93.057077 92.484063 90.786138 88.025364 84.300976 79.743452 74.506919 68.760520 62.679401 56.435989 50.192158 44.092746 38.260745 32.794307 27.765553 23.221027 19.183525 15.654973 12.619972 10.049679 7.905687 6.143655 4.716503 3.577061 2.680109 1.983834 1.450751 1.048148 0.748174 0.527644 0.367659 0.253120 0.172183 0.115731 0.076861 0.050441 0.032710 0.020960 0.013273 0.008306 0.005136 0.003139 0.001896 0.001131 0.000666 0.000386 0.000218 0.000116 0.000050 0.000000 
0.000000 0.000032 0.000075 0.000142 0.000254 0.000444 0.000762 0.001292 0.002165 0.003584 0.005864 0.009481 0.015148 0.023918 0.037320 0.057542 0.087671 0.131989 0.196348 0.288608 0.419157 0.601481 0.852777 1.194562 1.653234 2.260494 3.053576 4.075143 5.372772 6.997912 9.004226 11.445262 14.371444 17.826435 21.843008 26.438633 31.611066 37.334317 43.555380 50.192158 57.132947 64.237799 71.341922 78.261160 84.799365 90.757308 95.942598 100.179926 103.320889 105.252622 105.904539 105.252622 103.320889 100.179926 95.942598 90.757308 84.799365 78.261160 71.341922 64.237799 57.132947 50.192158 43.555380 37.334317 31.611066 26.438633 21.843008 17.826435 14.371444 11.445262 9.004226 6.997912 5.372772 4.075143 3.053576 2.260494 1.653234 1.194562 0.852777 0.601481 0.419157 0.288608 0.196348 0.131989 0.087671 0.057542 0.037320 0.023918 0.015148 0.009481 0.005864 0.003584 0.002165 0.001292 0.000761 0.000441 0.000249 0.000132 0.000057 0.000000 
0.000000 0.000036 0.000085 0.000160 0.000287 0.000501 0.000860 0.001458 0.002442 0.004041 0.006611 0.010686 0.017072 0.026953 0.042050 0.064827 0.098758 0.148663 0.221126 0.324994 0.471950 0.677168 0.959989 1.344614 1.860725 2.543972 3.436212 4.585407 6.045035 7.872919 10.129362 12.874531 16.165068 20.050011 24.566149 29.733065 35.548184 41.982240 48.975612 56.435989 64.237799 72.223738 80.208602 87.985439 95.333833 102.029918 107.857520 112.619666 116.149618 118.320569 119.053214 118.320569 116.149618 112.619666 107.857520 102.029918 95.333833 87.985439 80.208602 72.223738 64.237799 56.435989 48.975612 41.982240 35.548184 29.733065 24.566149 20.050011 16.165068 12.874531 10.129362 7.872919 6.045035 4.585407 3.436212 2.543972 1.860725 1.344614 0.959989 0.677168 0.471950 0.324994 0.221126 0.148663 0.098758 0.064827 0.042050 0.026953 0.017072 0.010686 0.006610 0.004041 0.002441 0.001457 0.000858 0.000497 0.000281 0.000149 0.000064 0.000000 
0.000000 0.000040 0.000094 0.000179 0.000320 0.000558 0.000958 0.001623 0.002719 0.004499 0.007359 0.011895 0.019001 0.029994 0.046788 0.072124 0.109863 0.165363 0.245941 0.361428 0.524809 0.752941 1.067313 1.494808 2.068396 2.827670 3.819115 5.095987 6.717663 8.748338 11.254951 14.304281 17.959184 22.274066 27.289727 33.027854 39.485536 46.630228 54.395691 62.679401 71.341922 80.208602 89.073835 97.707885 105.866083 113.299945 119.769530 125.056219 128.974952 131.384992 132.198322 131.384992 128.974952 125.056219 119.769530 113.299945 105.866083 97.707885 89.073835 80.208602 71.341922 62.679401 54.395691 46.630228 39.485536 33.027854 27.289727 22.274066 17.959184 14.304281 11.254951 8.748338 6.717663 5.095987 3.819115 2.827670 2.068396 1.494808 1.067313 0.752941 0.524809 0.361428 0.245941 0.165363 0.109863 0.072124 0.046788 0.029994 0.019001 0.011895 0.007359 0.004499 0.002718 0.001622 0.000956 0.000554 0.000313 0.000166 0.000072 0.000000 
