0.000000 0.000000 0.000000 0.000000 0.000000 0.000000 0.000000 0.000000 0.000000 0.000000 0.000000 0.000000 0.000000 0.000000 0.000000 0.000000 0.000000 0.000000 0.000000 0.000000 0.000000 0.000000 0.000000 0.000000 0.000000 0.000000 0.000000 0.000000 0.000000 0.000000 0.000000 0.000000 0.000000 0.000000 0.000000 0.000000 0.000000 0.000000 0.000000 0.000000 0.000000 0.000000 0.000000 0.000000 0.000000 0.000000 0.000000 0.000000 0.000000 0.000000 0.000000 0.000000 0.000000 0.000000 0.000000 0.000000 0.000000 0.000000 0.000000 0.000000 0.000000 0.000000 0.000000 0.000000 0.000000 0.000000 0.000000 0.000000 0.000000 0.000000 0.000000 0.000000 0.000000 0.000000 0.000000 0.000000 0.000000 0.000000 0.000000 0.000000 0.000000 0.000000 0.000000 0.000000 0.000000 0.000000 0.000000 0.000000 0.000000 0.000000 0.000000 0.000000 0.000000 0.000000 0.000000 0.000000 0.000000 0.000000 0.000000 0.000000 
0.000000 0.000000 0.000000 0.000000 0.000000 0.000000 0.000000 0.000000 0.000000 0.000000 0.000000 0.000000 0.000000 0.000000 0.000000 0.000000 0.000000 0.000000 0.000000 0.000000 0.000000 0.000000 0.000000 0.000000 0.000000 0.000000 0.000000 0.000000 0.000000 0.000000 0.000000 0.000000 0.000000 0.000000 0.000000 0.000000 0.000000 0.000000 0.000000 0.000000 0.000000 0.000000 0.000000 0.000000 0.000000 0.000000 0.000000 0.000000 0.000000 0.000000 0.000000 0.000000 0.000000 0.000000 0.000000 0.000000 0.000000 0.000000 0.000000 0.000000 0.000000 0.000000 0.000000 0.000000 0.000000 0.000000 0.000000 0.000000 0.000000 0.000000 0.000000 0.000000 0.000000 0.000000 0.000000 0.000000 0.000000 0.000000 0.000000 0.000000 0.000000 0.000000 0.000000 0.000000 0.000000 0.000000 0.000000 0.000000 0.000000 0.000000 0.000000 0.000000 0.000000 0.000000 0.000000 0.000000 0.000000 0.000000 0.000000 0.000000 
0.000000 0.000000 0.000000 0.000000 0.000000 0.000000 0.000000 0.000000 0.000000 0.000000 0.000000 0.000000 0.000000 0.000000 0.000000 0.000000 0.000000 0.000000 0.000000 0.000000 0.000000 0.000000 0.000000 0.000000 0.000000 0.000000 0.000000 0.000000 0.000000 0.000000 0.000000 0.000000 0.000000 0.000000 0.000000 0.000000 0.000000 0.000000 0.000000 0.000000 0.000000 0.000000 0.000000 0.000000 0.000000 0.000000 0.000000 0.000000 0.000000 0.000000 0.000000 0.000000 0.000000 0.000000 0.000000 0.000000 0.000000 0.000000 0.000000 0.000000 0.000000 0.000000 0.000000 0.000000 0.000000 0.000000 0.000000 0.000000 0.000000 0.000000 0.000000 0.000000 0.000000 0.000000 0.000000 0.000000 0.000000 0.000000 0.000000 0.000000 0.000000 0.000000 0.000000 0.000000 0.000000 0.000000 0.000000 0.000000 0.000000 0.000000 0.000000 0.000000 0.000000 0.000000 0.000000 0.000000 0.000000 0.000000 0.000000 0.000000 
0.000000 0.000000 0.000000 0.000000 0.000000 0.000000 0.000000 0.000000 0.000000 0.000000 0.000000 0.000000 0.000000 0.000000 0.000000 0.000000 0.000000 0.000000 0.000000 0.000000 0.000000 0.000000 0.000000 0.000000 0.000000 0.000000 0.000000 0.000000 0.000000 0.000000 0.000000 0.000000 0.000000 0.000000 0.000000 0.000000 0.000000 0.000000 0.000000 0.000000 0.000000 0.000000 0.000000 0.000000 0.000000 0.000000 0.000000 0.000000 0.000000 0.000000 0.000000 0.000000 0.000000 0.000000 0.000000 0.000000 0.000000 0.000000 0.000000 0.000000 0.000000 0.000000 0.000000 0.000000 0.000000 0.000000 0.000000 0.000000 0.000000 0.000000 0.000000 0.000000 0.000000 0.000000 0.000000 0.000000 0.000000 0.000000 0.000000 0.000000 0.000000 0.000000 0.000000 0.000000 0.000000 0.000000 0.000000 0.000000 0.000000 0.000000 0.000000 0.000000 0.000000 0.000000 0.000000 0.000000 0.000000 0.000000 0.000000 0.000000 
0.000000 0.000000 0.000000 0.000000 0.000000 0.000000 0.000000 0.000000 0.000000 0.000000 0.000000 0.000000 0.000000 0.000000 0.000000 0.000000 0.000000 0.000000 0.000000 0.000000 0.000000 0.000000 0.000000 0.000000 0.000000 0.000000 0.000000 0.000000 0.000000 0.000000 0.000000 0.000000 0.000000 0.000000 0.000000 0.000000 0.000000 0.000000 0.000000 0.000000 0.000000 0.000000 0.000000 0.000000 0.000000 0.000000 0.000000 0.000000 0.000000 0.000000 0.000000 0.000000 0.000000 0.000000 0.000000 0.000000 0.000000 0.000000 0.000000 0.000000 0.000000 0.000000 0.000000 0.000000 0.000000 0.000000 0.000000 0.000000 0.000000 0.000000 0.000000 0.000000 0.000000 0.000000 0.000000 0.000000 0.000000 0.000000 0.000000 0.000000 0.000000 0.000000 0.000000 0.000000 0.000000 0.000000 0.000000 0.000000 0.000000 0.000000 0.000000 0.000000 0.000000 0.000000 0.000000 0.000000 0.000000 0.000000 0.000000 0.000000 
0.000000 0.000000 0.000000 0.000000 0.000000 0.000000 0.000000 0.000000 0.000000 0.000000 0.000000 0.000000 0.000000 0.000000 0.000000 0.000000 0.000000 0.000000 0.000000 0.000000 0.000000 0.000000 0.000000 0.000000 0.000000 0.000000 0.000000 0.000000 0.000000 0.000000 0.000000 0.000000 0.000000 0.000000 0.000000 0.000000 0.000000 0.000000 0.000000 0.000000 0.000000 0.000000 0.000000 0.000000 0.000000 0.000000 0.000000 0.000000 0.000000 0.000000 0.000000 0.000000 0.000000 0.000000 0.000000 0.000000 0.000000 0.000000 0.000000 0.000000 0.000000 0.000000 0.000000 0.000000 0.000000 0.000000 0.000000 0.000000 0.000000 0.000000 0.000000 0.000000 0.000000 0.000000 0.000000 0.000000 0.000000 0.000000 0.000000 0.000000 0.000000 0.000000 0.000000 0.000000 0.000000 0.000000 0.000000 0.000000 0.000000 0.000000 0.000000 0.000000 0.000000 0.000000 0.000000 0.000000 0.000000 0.000000 0.000000 0.000000 
0.000000 0.000000 0.000000 0.000000 0.000000 0.000000 0.000000 0.000000 0.000000 0.000000 0.000000 0.000000 0.000000 0.000000 0.000000 0.000000 0.000000 0.000000 0.000000 0.000000 0.000000 0.000000 0.000000 0.000000 0.000000 0.000000 0.000000 0.000000 0.000000 0.000000 0.000000 0.000000 0.000000 0.000000 0.000000 0.000000 0.000000 0.000000 0.000000 0.000000 0.000000 0.000000 0.000000 0.000000 0.000000 0.000000 0.000000 0.000000 0.000000 0.000000 0.000000 0.000000 0.000000 0.000000 0.000000 0.000000 0.000000 0.000000 0.000000 0.000000 0.000000 0.000000 0.000000 0.000000 0.000000 0.000000 0.000000 0.000000 0.000000 0.000000 0.000000 0.000000 0.000000 0.000000 0.000000 0.000000 0.000000 0.000000 0.000000 0.000000 0.000000 0.000000 0.000000 0.000000 0.000000 0.000000 0.000000 0.000000 0.000000 0.000000 0.000000 0.000000 0.000000 0.000000 0.000000 0.000000 0.000000 0.000000 0.000000 0.000000 
0.000000 0.000000 0.000000 0.000000 0.000000 0.000000 0.000000 0.000000 0.000000 0.000000 0.000000 0.000000 0.000000 0.000000 0.000000 0.000000 0.000000 0.000000 0.000000 0.000000 0.000000 0.000000 0.000000 0.000000 0.000000 0.000000 0.000000 0.000000 0.000000 0.000000 0.000000 0.000000 0.000000 0.000000 0.000000 0.000000 0.000000 0.000000 0.000000 0.000000 0.000000 0.000000 0.000000 0.000000 0.000000 0.000000 0.000000 0.000000 0.000000 0.000000 0.000000 0.000000 0.000000 0.000000 0.000000 0.000000 0.000000 0.000000 0.000000 0.000000 0.000000 0.000000 0.000000 0.000000 0.000000 0.000000 0.000000 0.000000 0.000000 0.000000 0.000000 0.000000 0.000000 0.000000 0.000000 0.000000 0.000000 0.000000 0.000000 0.000000 0.000000 0.000000 0.000000 0.000000 0.000000 0.000000 0.000000 0.000000 0.000000 0.000000 0.000000 0.000000 0.000000 0.000000 0.000000 0.000000 0.000000 0.000000 0.000000 0.000000 
0.000000 0.000000 0.000000 0.000000 0.000000 0.000000 0.000000 0.000000 0.000000 0.000000 0.000000 0.000000 0.000000 0.000000 0.000000 0.000000 0.000000 0.000000 0.000000 0.000000 0.000000 0.000000 0.000000 0.000000 0.000000 0.000000 0.000000 0.000000 0.000000 0.000000 0.000000 0.000000 0.000000 0.000000 0.000000 0.000000 0.000000 0.000000 0.000000 0.000000 0.000000 0.000000 0.000001 0.000001 0.000001 0.000001 0.000001 0.000001 0.000001 0.000001 0.000001 0.000001 0.000001 0.000001 0.000001 0.000001 0.000001 0.000001 0.000001 0.000000 0.000000 0.000000 0.000000 0.000000 0.000000 0.000000 0.000000 0.000000 0.000000 0.000000 0.000000 0.000000 0.000000 0.000000 0.000000 0.000000 0.000000 0.000000 0.000000 0.000000 0.000000 0.000000 0.000000 0.000000 0.000000 0.000000 0.000000 0.000000 0.000000 0.000000 0.000000 0.000000 0.000000 0.000000 0.000000 0.000000 0.000000 0.000000 0.000000 0.000000 
0.000000 0.000000 0.000000 0.000000 0.000000 0.000000 0.000000 0.000000 0.000000 0.000000 0.000000 0.000000 0.000000 0.000000 0.000000 0.000000 0.000000 0.000000 0.000000 0.000000 0.000000 0.000000 0.000000 0.000000 0.000000 0.000000 0.000000 0.000000 0.000000 0.000000 0.000000 0.000000 0.000000 0.000000 0.000000 0.000000 0.000000 0.000000 0.000000 0.000001 0.000001 0.000001 0.000001 0.000002 0.000002 0.000002 0.000002 0.000003 0.000003 0.000003 0.000003 0.000003 0.000003 0.000003 0.000002 0.000002 0.000002 0.000002 0.000001 0.000001 0.000001 0.000001 0.000000 0.000000 0.000000 0.000000 0.000000 0.000000 0.000000 0.000000 0.000000 0.000000 0.000000 0.000000 0.000000 0.000000 0.000000 0.000000 0.000000 0.000000 0.000000 0.000000 0.000000 0.000000 0.000000 0.000000 0.000000 0.000000 0.000000 0.000000 0.000000 0.000000 0.000000 0.000000 0.000000 0.000000 0.000000 0.000000 0.000000 0.000000 
0.000000 0.000000 0.000000 0.000000 0.000000 0.000000 0.000000 0.000000 0.000000 0.000000 0.000000 0.000000 0.000000 0.000000 0.000000 0.000000 0.000000 0.000000 0.000000 0.000000 0.000000 0.000000 0.000000 0.000000 0.000000 0.000000 0.000000 0.000000 0.000000 0.000000 0.000000 0.000000 0.000000 0.000000 0.000000 0.000000 0.000001 0.000001 0.000001 0.000002 0.000002 0.000003 0.000003 0.000004 0.000004 0.000005 0.000006 0.000006 0.000007 0.000007 0.000007 0.000007 0.000007 0.000006 0.000006 0.000005 0.000004 0.000004 0.000003 0.000003 0.000002 0.000002 0.000001 0.000001 0.000001 0.000000 0.000000 0.000000 0.000000 0.000000 0.000000 0.000000 0.000000 0.000000 0.000000 0.000000 0.000000 0.000000 0.000000 0.000000 0.000000 0.000000 0.000000 0.000000 0.000000 0.000000 0.000000 0.000000 0.000000 0.000000 0.000000 0.000000 0.000000 0.000000 0.000000 0.000000 0.000000 0.000000 0.000000 0.000000 
0.000000 0.000000 0.000000 0.000000 0.000000 0.000000 0.000000 0.000000 0.000000 0.000000 0.000000 0.000000 0.000000 0.000000 0.000000 0.000000 0.000000 0.000000 0.000000 0.000000 0.000000 0.000000 0.000000 0.000000 0.000000 0.000000 0.000000 0.000000 0.000000 0.000000 0.000000 0.000000 0.000000 0.000000 0.000001 0.000001 0.000001 0.000002 0.000003 0.000004 0.000005 0.000006 0.000007 0.000009 0.000011 0.000012 0.000013 0.000015 0.000016 0.000016 0.000016 0.000016 0.000016 0.000015 0.000013 0.000012 0.000011 0.000009 0.000007 0.000006 0.000005 0.000004 0.000003 0.000002 0.000001 0.000001 0.000001 0.000000 0.000000 0.000000 0.000000 0.000000 0.000000 0.000000 0.000000 0.000000 0.000000 0.000000 0.000000 0.000000 0.000000 0.000000 0.000000 0.000000 0.000000 0.000000 0.000000 0.000000 0.000000 0.000000 0.000000 0.000000 0.000000 0.000000 0.000000 0.000000 0.000000 0.000000 0.000000 0.000000 
0.000000 0.000000 0.000000 0.000000 0.000000 0.000000 0.000000 0.000000 0.000000 0.000000 0.000000 0.000000 0.000000 0.000000 0.000000 0.000000 0.000000 0.000000 0.000000 0.000000 0.000000 0.000000 0.000000 0.000000 0.000000 0.000000 0.000000 0.000000 0.000000 0.000000 0.000000 0.000000 0.000001 0.000001 0.000002 0.000002 0.000003 0.000005 0.000007 0.000009 0.000011 0.000014 0.000017 0.000021 0.000024 0.000028 0.000031 0.000034 0.000036 0.000037 0.000038 0.000037 0.000036 0.000034 0.000031 0.000028 0.000024 0.000021 0.000017 0.000014 0.000011 0.000009 0.000007 0.000005 0.000003 0.000002 0.000002 0.000001 0.000001 0.000000 0.000000 0.000000 0.000000 0.000000 0.000000 0.000000 0.000000 0.000000 0.000000 0.000000 0.000000 0.000000 0.000000 0.000000 0.000000 0.000000 0.000000 0.000000 0.000000 0.000000 0.000000 0.000000 0.000000 0.000000 0.000000 0.000000 0.000000 0.000000 0.000000 0.000000 
0.000000 0.000000 0.000000 0.000000 0.000000 0.000000 0.000000 0.000000 0.000000 0.000000 0.000000 0.000000 0.000000 0.000000 0.000000 0.000000 0.000000 0.000000 0.000000 0.000000 0.000000 0.000000 0.000000 0.000000 0.000000 0.000000 0.000000 0.000000 0.000000 0.000000 0.000001 0.000001 0.000002 0.000003 0.000004 0.000006 0.000008 0.000011 0.000015 0.000020 0.000025 0.000032 0.000039 0.000047 0.000055 0.000063 0.000071 0.000077 0.000082 0.000085 0.000086 0.000085 0.000082 0.000077 0.000071 0.000063 0.000055 0.000047 0.000039 0.000032 0.000025 0.000020 0.000015 0.000011 0.000008 0.000006 0.000004 0.000003 0.000002 0.000001 0.000001 0.000000 0.000000 0.000000 0.000000 0.000000 0.000000 0.000000 0.000000 0.000000 0.000000 0.000000 0.000000 0.000000 0.000000 0.000000 0.000000 0.000000 0.000000 0.000000 0.000000 0.000000 0.000000 0.000000 0.000000 0.000000 0.000000 0.000000 0.000000 0.000000 
0.000000 0.000000 0.000000 0.000000 0.000000 0.000000 0.000000 0.000000 0.000000 0.000000 0.000000 0.000000 0.000000 0.000000 0.000000 0.000000 0.000000 0.000000 0.000000 0.000000 0.000000 0.000000 0.000000 0.000000 0.000000 0.000000 0.000000 0.000000 0.000001 0.000001 0.000002 0.000002 0.000004 0.000006 0.000009 0.000013 0.000018 0.000025 0.000033 0.000044 0.000057 0.000071 0.000088 0.000105 0.000123 0.000141 0.000157 0.000171 0.000181 0.000188 0.000190 0.000188 0.000181 0.000171 0.000157 0.000141 0.000123 0.000105 0.000088 0.000071 0.000057 0.000044 0.000033 0.000025 0.000018 0.000013 0.000009 0.000006 0.000004 0.000002 0.000002 0.000001 0.000001 0.000000 0.000000 0.000000 0.000000 0.000000 0.000000 0.000000 0.000000 0.000000 0.000000 0.000000 0.000000 0.000000 0.000000 0.000000 0.000000 0.000000 0.000000 0.000000 0.000000 0.000000 0.000000 0.000000 0.000000 0.000000 0.000000 0.000000 
0.000000 0.000000 0.000000 0.000000 0.000000 0.000000 0.000000 0.000000 0.000000 0.000000 0.000000 0.000000 0.000000 0.000000 0.000000 0.000000 0.000000 0.000000 0.000000 0.000000 0.000000 0.000000 0.000000 0.000000 0.000000 0.000000 0.000000 0.000001 0.000001 0.000002 0.000003 0.000005 0.000008 0.000013 0.000019 0.000028 0.000039 0.000054 0.000073 0.000096 0.000124 0.000156 0.000191 0.000229 0.000268 0.000306 0.000342 0.000372 0.000395 0.000410 0.000415 0.000410 0.000395 0.000372 0.000342 0.000306 0.000268 0.000229 0.000191 0.000156 0.000124 0.000096 0.000073 0.000054 0.000039 0.000028 0.000019 0.000013 0.000008 0.000005 0.000003 0.000002 0.000001 0.000001 0.000000 0.000000 0.000000 0.000000 0.000000 0.000000 0.000000 0.000000 0.000000 0.000000 0.000000 0.000000 0.000000 0.000000 0.000000 0.000000 0.000000 0.000000 0.000000 0.000000 0.000000 0.000000 0.000000 0.000000 0.000000 0.000000 
0.000000 0.000000 0.000000 0.000000 0.000000 0.000000 0.000000 0.000000 0.000000 0.000000 0.000000 0.000000 0.000000 0.000000 0.000000 0.000000 0.000000 0.000000 0.000000 0.000000 0.000000 0.000000 0.000000 0.000000 0.000000 0.000001 0.000001 0.000002 0.000003 0.000005 0.000007 0.000012 0.000018 0.000028 0.000041 0.000059 0.000084 0.000116 0.000156 0.000206 0.000265 0.000333 0.000409 0.000490 0.000573 0.000654 0.000729 0.000794 0.000843 0.000874 0.000885 0.000874 0.000843 0.000794 0.000729 0.000654 0.000573 0.000490 0.000409 0.000333 0.000265 0.000206 0.000156 0.000116 0.000084 0.000059 0.000041 0.000028 0.000018 0.000012 0.000007 0.000005 0.000003 0.000002 0.000001 0.000001 0.000000 0.000000 0.000000 0.000000 0.000000 0.000000 0.000000 0.000000 0.000000 0.000000 0.000000 0.000000 0.000000 0.000000 0.000000 0.000000 0.000000 0.000000 0.000000 0.000000 0.000000 0.000000 0.000000 0.000000 
0.000000 0.000000 0.000000 0.000000 0.000000 0.000000 0.000000 0.000000 0.000000 0.000000 0.000000 0.000000 0.000000 0.000000 0.000000 0.000000 0.000000 0.000000 0.000000 0.000000 0.000000 0.000000 0.000000 0.000000 0.000001 0.000001 0.000002 0.000003 0.000006 0.000010 0.000016 0.000025 0.000038 0.000058 0.000086 0.000125 0.000177 0.000244 0.000329 0.000433 0.000557 0.000699 0.000857 0.001026 0.001199 0.001369 0.001525 0.001659 0.001762 0.001826 0.001848 0.001826 0.001762 0.001659 0.001525 0.001369 0.001199 0.001026 0.000857 0.000699 0.000557 0.000433 0.000329 0.000244 0.000177 0.000125 0.000086 0.000058 0.000038 0.000025 0.000016 0.000010 0.000006 0.000003 0.000002 0.000001 0.000001 0.000000 0.000000 0.000000 0.000000 0.000000 0.000000 0.000000 0.000000 0.000000 0.000000 0.000000 0.000000 0.000000 0.000000 0.000000 0.000000 0.000000 0.000000 0.000000 0.000000 0.000000 0.000000 0.000000 
0.000000 0.000000 0.000000 0.000000 0.000000 0.000000 0.000000 0.000000 0.000000 0.000000 0.000000 0.000000 0.000000 0.000000 0.000000 0.000000 0.000000 0.000000 0.000000 0.000000 0.000000 0.000000 0.000000 0.000001 0.000001 0.000002 0.000004 0.000007 0.000012 0.000020 0.000032 0.000051 0.000080 0.000121 0.000178 0.000258 0.000364 0.000502 0.000676 0.000890 0.001143 0.001435 0.001758 0.002104 0.002458 0.002804 0.003123 0.003396 0.003606 0.003738 0.003783 0.003738 0.003606 0.003396 0.003123 0.002804 0.002458 0.002104 0.001758 0.001435 0.001143 0.000890 0.000676 0.000502 0.000364 0.000258 0.000178 0.000121 0.000080 0.000051 0.000032 0.000020 0.000012 0.000007 0.000004 0.000002 0.000001 0.000001 0.000000 0.000000 0.000000 0.000000 0.000000 0.000000 0.000000 0.000000 0.000000 0.000000 0.000000 0.000000 0.000000 0.000000 0.000000 0.000000 0.000000 0.000000 0.000000 0.000000 0.000000 0.000000 
0.000000 0.000000 0.000000 0.000000 0.000000 0.000000 0.000000 0.000000 0.000000 0.000000 0.000000 0.000000 0.000000 0.000000 0.000000 0.000000 0.000000 0.000000 0.000000 0.000000 0.000000 0.000000 0.000001 0.000001 0.000003 0.000005 0.000008 0.000014 0.000025 0.000041 0.000066 0.000104 0.000161 0.000244 0.000361 0.000521 0.000735 0.001013 0.001363 0.001792 0.002300 0.002885 0.003532 0.004224 0.004933 0.005625 0.006264 0.006810 0.007229 0.007493 0.007583 0.007493 0.007229 0.006810 0.006264 0.005625 0.004933 0.004224 0.003532 0.002885 0.002300 0.001792 0.001363 0.001013 0.000735 0.000521 0.000361 0.000244 0.000161 0.000104 0.000066 0.000041 0.000025 0.000014 0.000008 0.000005 0.000003 0.000001 0.000001 0.000000 0.000000 0.000000 0.000000 0.000000 0.000000 0.000000 0.000000 0.000000 0.000000 0.000000 0.000000 0.000000 0.000000 0.000000 0.000000 0.000000 0.000000 0.000000 0.000000 0.000000 
0.000000 0.000000 0.000000 0.000000 0.000000 0.000000 0.000000 0.000000 0.000000 0.000000 0.000000 0.000000 0.000000 0.000000 0.000000 0.000000 0.000000 0.000000 0.000000 0.000000 0.000000 0.000001 0.000001 0.000003 0.000005 0.000009 0.000017 0.000029 0.000049 0.000081 0.000131 0.000207 0.000321 0.000484 0.000715 0.001031 0.001453 0.002000 0.002689 0.003532 0.004532 0.005679 0.006950 0.008307 0.009696 0.011052 0.012303 0.013372 0.014193 0.014709 0.014886 0.014709 0.014193 0.013372 0.012303 0.011052 0.009696 0.008307 0.006950 0.005679 0.004532 0.003532 0.002689 0.002000 0.001453 0.001031 0.000715 0.000484 0.000321 0.000207 0.000131 0.000081 0.000049 0.000029 0.000017 0.000009 0.000005 0.000003 0.000001 0.000001 0.000000 0.000000 0.000000 0.000000 0.000000 0.000000 0.000000 0.000000 0.000000 0.000000 0.000000 0.000000 0.000000 0.000000 0.000000 0.000000 0.000000 0.000000 0.000000 0.000000 
0.000000 0.000000 0.000000 0.000000 0.000000 0.000000 0.000000 0.000000 0.000000 0.000000 0.000000 0.000000 0.000000 0.000000 0.000000 0.000000 0.000000 0.000000 0.000000 0.000000 0.000001 0.000002 0.000003 0.000006 0.000010 0.000018 0.000033 0.000057 0.000096 0.000158 0.000255 0.000403 0.000623 0.000940 0.001386 0.001997 0.002811 0.003866 0.005194 0.006817 0.008740 0.010946 0.013388 0.015994 0.018661 0.021264 0.023661 0.025713 0.027286 0.028276 0.028614 0.028276 0.027286 0.025713 0.023661 0.021264 0.018661 0.015994 0.013388 0.010946 0.008740 0.006817 0.005194 0.003866 0.002811 0.001997 0.001386 0.000940 0.000623 0.000403 0.000255 0.000158 0.000096 0.000057 0.000033 0.000018 0.000010 0.000006 0.000003 0.000002 0.000001 0.000000 0.000000 0.000000 0.000000 0.000000 0.000000 0.000000 0.000000 0.000000 0.000000 0.000000 0.000000 0.000000 0.000000 0.000000 0.000000 0.000000 0.000000 0.000000 
0.000000 0.000000 0.000000 0.000000 0.000000 0.000000 0.000000 0.000000 0.000000 0.000000 0.000000 0.000000 0.000000 0.000000 0.000000 0.000000 0.000000 0.000000 0.000000 0.000001 0.000001 0.000003 0.000006 0.000011 0.000020 0.000035 0.000063 0.000108 0.000183 0.000302 0.000487 0.000768 0.001185 0.001786 0.002630 0.003786 0.005324 0.007316 0.009822 0.012881 0.016504 0.020656 0.025251 0.030152 0.035164 0.040054 0.044557 0.048409 0.051363 0.053221 0.053855 0.053221 0.051363 0.048409 0.044557 0.040054 0.035164 0.030152 0.025251 0.020656 0.016504 0.012881 0.009822 0.007316 0.005324 0.003786 0.002630 0.001786 0.001185 0.000768 0.000487 0.000302 0.000183 0.000108 0.000063 0.000035 0.000020 0.000011 0.000006 0.000003 0.000001 0.000001 0.000000 0.000000 0.000000 0.000000 0.000000 0.000000 0.000000 0.000000 0.000000 0.000000 0.000000 0.000000 0.000000 0.000000 0.000000 0.000000 0.000000 0.000000 
0.000000 0.000000 0.000000 0.000000 0.000000 0.000000 0.000000 0.000000 0.000000 0.000000 0.000000 0.000000 0.000000 0.000000 0.000000 0.000000 0.000000 0.000000 0.000001 0.000001 0.000003 0.000006 0.000011 0.000020 0.000037 0.000067 0.000118 0.000203 0.000342 0.000564 0.000909 0.001432 0.002206 0.003320 0.004886 0.007025 0.009871 0.013553 0.018180 0.023827 0.030508 0.038159 0.046624 0.055646 0.064871 0.073865 0.082147 0.089227 0.094657 0.098072 0.099238 0.098072 0.094657 0.089227 0.082147 0.073865 0.064871 0.055646 0.046624 0.038159 0.030508 0.023827 0.018180 0.013553 0.009871 0.007025 0.004886 0.003320 0.002206 0.001432 0.000909 0.000564 0.000342 0.000203 0.000118 0.000067 0.000037 0.000020 0.000011 0.000006 0.000003 0.000001 0.000001 0.000000 0.000000 0.000000 0.000000 0.000000 0.000000 0.000000 0.000000 0.000000 0.000000 0.000000 0.000000 0.000000 0.000000 0.000000 0.000000 0.000000 
0.000000 0.000000 0.000000 0.000000 0.000000 0.000000 0.000000 0.000000 0.000000 0.000000 0.000000 0.000000 0.000000 0.000000 0.000000 0.000000 0.000000 0.000001 0.000001 0.000003 0.000005 0.000010 0.000020 0.000037 0.000068 0.000122 0.000216 0.000372 0.000626 0.001030 0.001659 0.002611 0.004018 0.006042 0.008882 0.012759 0.017913 0.024573 0.032939 0.043140 0.055201 0.069005 0.084269 0.100529 0.117147 0.133345 0.148255 0.160999 0.170770 0.176916 0.179013 0.176916 0.170770 0.160999 0.148255 0.133345 0.117147 0.100529 0.084269 0.069005 0.055201 0.043140 0.032939 0.024573 0.017913 0.012759 0.008882 0.006042 0.004018 0.002611 0.001659 0.001030 0.000626 0.000372 0.000216 0.000122 0.000068 0.000037 0.000020 0.000010 0.000005 0.000003 0.000001 0.000001 0.000000 0.000000 0.000000 0.000000 0.000000 0.000000 0.000000 0.000000 0.000000 0.000000 0.000000 0.000000 0.000000 0.000000 0.000000 0.000000 
0.000000 0.000000 0.000000 0.000000 0.000000 0.000000 0.000000 0.000000 0.000000 0.000000 0.000000 0.000000 0.000000 0.000000 0.000000 0.000000 0.000001 0.000001 0.000002 0.000005 0.000009 0.000018 0.000035 0.000067 0.000122 0.000220 0.000387 0.000666 0.001121 0.001843 0.002964 0.004660 0.007162 0.010760 0.015801 0.022679 0.031811 0.043606 0.058408 0.076445 0.097757 0.122135 0.149078 0.177764 0.207070 0.235624 0.261902 0.284357 0.301570 0.312395 0.316089 0.312395 0.301570 0.284357 0.261902 0.235624 0.207070 0.177764 0.149078 0.122135 0.097757 0.076445 0.058408 0.043606 0.031811 0.022679 0.015801 0.010760 0.007162 0.004660 0.002964 0.001843 0.001121 0.000666 0.000387 0.000220 0.000122 0.000067 0.000035 0.000018 0.000009 0.000005 0.000002 0.000001 0.000001 0.000000 0.000000 0.000000 0.000000 0.000000 0.000000 0.000000 0.000000 0.000000 0.000000 0.000000 0.000000 0.000000 0.000000 0.000000 
0.000000 0.000000 0.000000 0.000000 0.000000 0.000000 0.000000 0.000000 0.000000 0.000000 0.000000 0.000000 0.000000 0.000000 0.000000 0.000000 0.000001 0.000002 0.000004 0.000008 0.000017 0.000033 0.000063 0.000118 0.000216 0.000387 0.000680 0.001168 0.001963 0.003225 0.005180 0.008135 0.012490 0.018747 0.027505 0.039444 0.055282 0.075722 0.101355 0.132568 0.169426 0.211563 0.258109 0.307645 0.358232 0.407504 0.452835 0.491562 0.521243 0.539908 0.546278 0.539908 0.521243 0.491562 0.452835 0.407504 0.358232 0.307645 0.258109 0.211563 0.169426 0.132568 0.101355 0.075722 0.055282 0.039444 0.027505 0.018747 0.012490 0.008135 0.005180 0.003225 0.001963 0.001168 0.000680 0.000387 0.000216 0.000118 0.000063 0.000033 0.000017 0.000008 0.000004 0.000002 0.000001 0.000000 0.000000 0.000000 0.000000 0.000000 0.000000 0.000000 0.000000 0.000000 0.000000 0.000000 0.000000 0.000000 0.000000 0.000000 
0.000000 0.000000 0.000000 0.000000 0.000000 0.000000 0.000000 0.000000 0.000000 0.000000 0.000000 0.000000 0.000000 0.000000 0.000000 0.000001 0.000002 0.000003 0.000007 0.000014 0.000029 0.000057 0.000108 0.000203 0.000372 0.000666 0.001168 0.002005 0.003364 0.005519 0.008856 0.013894 0.021311 0.031957 0.046845 0.067122 0.094002 0.128663 0.172102 0.224963 0.287345 0.358625 0.437324 0.521042 0.606504 0.689717 0.766253 0.831626 0.881720 0.913219 0.923967 0.913219 0.881720 0.831626 0.766253 0.689717 0.606504 0.521042 0.437324 0.358625 0.287345 0.224963 0.172102 0.128663 0.094002 0.067122 0.046845 0.031957 0.021311 0.013894 0.008856 0.005519 0.003364 0.002005 0.001168 0.000666 0.000372 0.000203 0.000108 0.000057 0.000029 0.000014 0.000007 0.000003 0.000002 0.000001 0.000000 0.000000 0.000000 0.000000 0.000000 0.000000 0.000000 0.000000 0.000000 0.000000 0.000000 0.000000 0.000000 0.000000 
0.000000 0.000000 0.000000 0.000000 0.000000 0.000000 0.000000 0.000000 0.000000 0.000000 0.000000 0.000000 0.000000 0.000000 0.000001 0.000001 0.000003 0.000006 0.000012 0.000025 0.000049 0.000096 0.000183 0.000342 0.000626 0.001121 0.001963 0.003364 0.005637 0.009240 0.014810 0.023213 0.035572 0.053293 0.078055 0.111750 0.156385 0.213899 0.285930 0.373530 0.476848 0.594844 0.725059 0.863522 1.004816 1.142350 1.268815 1.376813 1.459557 1.511579 1.529330 1.511579 1.459557 1.376813 1.268815 1.142350 1.004816 0.863522 0.725059 0.594844 0.476848 0.373530 0.285930 0.213899 0.156385 0.111750 0.078055 0.053293 0.035572 0.023213 0.014810 0.009240 0.005637 0.003364 0.001963 0.001121 0.000626 0.000342 0.000183 0.000096 0.000049 0.000025 0.000012 0.000006 0.000003 0.000001 0.000001 0.000000 0.000000 0.000000 0.000000 0.000000 0.000000 0.000000 0.000000 0.000000 0.000000 0.000000 0.000000 0.000000 
0.000000 0.000000 0.000000 0.000000 0.000000 0.000000 0.000000 0.000000 0.000000 0.000000 0.000000 0.000000 0.000000 0.000000 0.000001 0.000002 0.000005 0.000010 0.000020 0.000041 0.000081 0.000158 0.000302 0.000564 0.001030 0.001843 0.003225 0.005519 0.009240 0.015129 0.024226 0.037933 0.058077 0.086935 0.127224 0.182007 0.254521 0.347893 0.464759 0.606799 0.774236 0.965363 1.176189 1.400279 1.628871 1.851312 2.055802 2.230395 2.364142 2.448221 2.476909 2.448221 2.364142 2.230395 2.055802 1.851312 1.628871 1.400279 1.176189 0.965363 0.774236 0.606799 0.464759 0.347893 0.254521 0.182007 0.127224 0.086935 0.058077 0.037933 0.024226 0.015129 0.009240 0.005519 0.003225 0.001843 0.001030 0.000564 0.000302 0.000158 0.000081 0.000041 0.000020 0.000010 0.000005 0.000002 0.000001 0.000000 0.000000 0.000000 0.000000 0.000000 0.000000 0.000000 0.000000 0.000000 0.000000 0.000000 0.000000 0.000000 
0.000000 0.000000 0.000000 0.000000 0.000000 0.000000 0.000000 0.000000 0.000000 0.000000 0.000000 0.000000 0.000000 0.000001 0.000002 0.000003 0.000007 0.000016 0.000032 0.000066 0.000131 0.000255 0.000487 0.000909 0.001659 0.002964 0.005180 0.008856 0.014810 0.024226 0.038754 0.060627 0.092741 0.138711 0.202836 0.289966 0.405214 0.553514 0.739016 0.964349 1.229832 1.532735 1.866713 2.221569 2.583434 2.935461 3.259001 3.535187 3.746728 3.879700 3.925068 3.879700 3.746728 3.535187 3.259001 2.935461 2.583434 2.221569 1.866713 1.532735 1.229832 0.964349 0.739016 0.553514 0.405214 0.289966 0.202836 0.138711 0.092741 0.060627 0.038754 0.024226 0.014810 0.008856 0.005180 0.002964 0.001659 0.000909 0.000487 0.000255 0.000131 0.000066 0.000032 0.000016 0.000007 0.000003 0.000002 0.000001 0.000000 0.000000 0.000000 0.000000 0.000000 0.000000 0.000000 0.000000 0.000000 0.000000 0.000000 0.000000 
0.000000 0.000000 0.000000 0.000000 0.000000 0.000000 0.000000 0.000000 0.000000 0.000000 0.000000 0.000000 0.000000 0.000001 0.000002 0.000005 0.000012 0.000025 0.000051 0.000104 0.000207 0.000403 0.000768 0.001432 0.002611 0.004660 0.008135 0.013894 0.023213 0.037933 0.060627 0.094761 0.144837 0.216459 0.316293 0.451844 0.631019 0.861435 1.149484 1.499192 1.911007 2.380654 2.898275 3.448052 4.008510 4.553583 5.054435 5.481902 5.809269 6.015031 6.085230 6.015031 5.809269 5.481902 5.054435 4.553583 4.008510 3.448052 2.898275 2.380654 1.911007 1.499192 1.149484 0.861435 0.631019 0.451844 0.316293 0.216459 0.144837 0.094761 0.060627 0.037933 0.023213 0.013894 0.008135 0.004660 0.002611 0.001432 0.000768 0.000403 0.000207 0.000104 0.000051 0.000025 0.000012 0.000005 0.000002 0.000001 0.000000 0.000000 0.000000 0.000000 0.000000 0.000000 0.000000 0.000000 0.000000 0.000000 0.000000 0.000000 
0.000000 0.000000 0.000000 0.000000 0.000000 0.000000 0.000000 0.000000 0.000000 0.000000 0.000000 0.000000 0.000001 0.000002 0.000004 0.000008 0.000018 0.000038 0.000080 0.000161 0.000321 0.000623 0.001185 0.002206 0.004018 0.007162 0.012490 0.021311 0.035572 0.058077 0.092741 0.144837 0.221200 0.330339 0.482356 0.688618 0.961088 1.311271 1.748797 2.279708 2.904612 3.616967 4.401782 5.235066 6.084284 6.909975 7.668516 8.315803 8.811451 9.122955 9.229226 9.122955 8.811451 8.315803 7.668516 6.909975 6.084284 5.235066 4.401782 3.616967 2.904612 2.279708 1.748797 1.311271 0.961088 0.688618 0.482356 0.330339 0.221200 0.144837 0.092741 0.058077 0.035572 0.021311 0.012490 0.007162 0.004018 0.002206 0.001185 0.000623 0.000321 0.000161 0.000080 0.000038 0.000018 0.000008 0.000004 0.000002 0.000001 0.000000 0.000000 0.000000 0.000000 0.000000 0.000000 0.000000 0.000000 0.000000 0.000000 0.000000 
0.000000 0.000000 0.000000 0.000000 0.000000 0.000000 0.000000 0.000000 0.000000 0.000000 0.000000 0.000000 0.000001 0.000003 0.000006 0.000013 0.000028 0.000058 0.000121 0.000244 0.000484 0.000940 0.001786 0.003320 0.006042 0.010760 0.018747 0.031957 0.053293 0.086935 0.138711 0.216459 0.330339 0.492977 0.719358 1.026323 1.431571 1.952109 2.602139 3.390525 4.318073 5.374995 6.538998 7.774486 9.033238 10.256818 11.380659 12.339511 13.073644 13.534994 13.692379 13.534994 13.073644 12.339511 11.380659 10.256818 9.033238 7.774486 6.538998 5.374995 4.318073 3.390525 2.602139 1.952109 1.431571 1.026323 0.719358 0.492977 0.330339 0.216459 0.138711 0.086935 0.053293 0.031957 0.018747 0.010760 0.006042 0.003320 0.001786 0.000940 0.000484 0.000244 0.000121 0.000058 0.000028 0.000013 0.000006 0.000003 0.000001 0.000000 0.000000 0.000000 0.000000 0.000000 0.000000 0.000000 0.000000 0.000000 0.000000 0.000000 
0.000000 0.000000 0.000000 0.000000 0.000000 0.000000 0.000000 0.000000 0.000000 0.000000 0.000000 0.000001 0.000002 0.000004 0.000009 0.000019 0.000041 0.000086 0.000178 0.000361 0.000715 0.001386 0.002630 0.004886 0.008882 0.015801 0.027505 0.046845 0.078055 0.127224 0.202836 0.316293 0.482356 0.719358 1.049036 1.495794 2.085258 2.842013 3.786552 4.931606 6.278210 7.812048 9.500701 11.292506 13.117559 14.891205 16.519959 17.909384 18.973057 19.641447 19.869453 19.641447 18.973057 17.909384 16.519959 14.891205 13.117559 11.292506 9.500701 7.812048 6.278210 4.931606 3.786552 2.842013 2.085258 1.495794 1.049036 0.719358 0.482356 0.316293 0.202836 0.127224 0.078055 0.046845 0.027505 0.015801 0.008882 0.004886 0.002630 0.001386 0.000715 0.000361 0.000178 0.000086 0.000041 0.000019 0.000009 0.000004 0.000002 0.000001 0.000000 0.000000 0.000000 0.000000 0.000000 0.000000 0.000000 0.000000 0.000000 0.000000 
0.000000 0.000000 0.000000 0.000000 0.000000 0.000000 0.000000 0.000000 0.000000 0.000000 0.000000 0.000001 0.000002 0.000006 0.000013 0.000028 0.000059 0.000125 0.000258 0.000521 0.001031 0.001997 0.003786 0.007025 0.012759 0.022679 0.039444 0.067122 0.111750 0.182007 0.289966 0.451844 0.688618 1.026323 1.495794 2.131626 2.970108 4.046010 5.388263 7.014755 8.926780 11.103868 13.499916 16.041590 18.629769 21.144497 23.453374 25.422699 26.930148 27.877330 28.200427 27.877330 26.930148 25.422699 23.453374 21.144497 18.629769 16.041590 13.499916 11.103868 8.926780 7.014755 5.388263 4.046010 2.970108 2.131626 1.495794 1.026323 0.688618 0.451844 0.289966 0.182007 0.111750 0.067122 0.039444 0.022679 0.012759 0.007025 0.003786 0.001997 0.001031 0.000521 0.000258 0.000125 0.000059 0.000028 0.000013 0.000006 0.000002 0.000001 0.000000 0.000000 0.000000 0.000000 0.000000 0.000000 0.000000 0.000000 0.000000 0.000000 
0.000000 0.000000 0.000000 0.000000 0.000000 0.000000 0.000000 0.000000 0.000000 0.000000 0.000001 0.000001 0.000003 0.000008 0.000018 0.000039 0.000084 0.000177 0.000364 0.000735 0.001453 0.002811 0.005324 0.009871 0.017913 0.031811 0.055282 0.094002 0.156385 0.254521 0.405214 0.631019 0.961088 1.431571 2.085258 2.970108 4.136384 5.632192 7.497483 9.756857 12.411879 15.433940 18.758931 22.285048 25.874828 29.362021 32.563213 35.293254 37.382792 38.695630 39.143442 38.695630 37.382792 35.293254 32.563213 29.362021 25.874828 22.285048 18.758931 15.433940 12.411879 9.756857 7.497483 5.632192 4.136384 2.970108 2.085258 1.431571 0.961088 0.631019 0.405214 0.254521 0.156385 0.094002 0.055282 0.031811 0.017913 0.009871 0.005324 0.002811 0.001453 0.000735 0.000364 0.000177 0.000084 0.000039 0.000018 0.000008 0.000003 0.000001 0.000001 0.000000 0.000000 0.000000 0.000000 0.000000 0.000000 0.000000 0.000000 0.000000 
0.000000 0.000000 0.000000 0.000000 0.000000 0.000000 0.000000 0.000000 0.000000 0.000000 0.000001 0.000002 0.000005 0.000011 0.000025 0.000054 0.000116 0.000244 0.000502 0.001013 0.002000 0.003866 0.007316 0.013553 0.024573 0.043606 0.075722 0.128663 0.213899 0.347893 0.553514 0.861435 1.311271 1.952109 2.842013 4.046010 5.632192 7.665655 10.200372 13.269441 16.874697 20.977059 25.489354 30.273383 35.142706 39.871977 44.212689 47.914065 50.746781 52.526438 53.133464 52.526438 50.746781 47.914065 44.212689 39.871977 35.142706 30.273383 25.489354 20.977059 16.874697 13.269441 10.200372 7.665655 5.632192 4.046010 2.842013 1.952109 1.311271 0.861435 0.553514 0.347893 0.213899 0.128663 0.075722 0.043606 0.024573 0.013553 0.007316 0.003866 0.002000 0.001013 0.000502 0.000244 0.000116 0.000054 0.000025 0.000011 0.000005 0.000002 0.000001 0.000000 0.000000 0.000000 0.000000 0.000000 0.000000 0.000000 0.000000 0.000000 
0.000000 0.000000 0.000000 0.000000 0.000000 0.000000 0.000000 0.000000 0.000000 0.000000 0.000001 0.000003 0.000007 0.000015 0.000033 0.000073 0.000156 0.000329 0.000676 0.001363 0.002689 0.005194 0.009822 0.018180 0.032939 0.058408 0.101355 0.172102 0.285930 0.464759 0.739016 1.149484 1.748797 2.602139 3.786552 5.388263 7.497483 10.200372 13.568251 17.644696 22.431782 27.877333 33.865458 40.212701 46.671781 52.943977 58.700001 63.607652 67.363215 69.722514 70.527227 69.722514 67.363215 63.607652 58.700001 52.943977 46.671781 40.212701 33.865458 27.877333 22.431782 17.644696 13.568251 10.200372 7.497483 5.388263 3.786552 2.602139 1.748797 1.149484 0.739016 0.464759 0.285930 0.172102 0.101355 0.058408 0.032939 0.018180 0.009822 0.005194 0.002689 0.001363 0.000676 0.000329 0.000156 0.000073 0.000033 0.000015 0.000007 0.000003 0.000001 0.000000 0.000000 0.000000 0.000000 0.000000 0.000000 0.000000 0.000000 0.000000 
0.000000 0.000000 0.000000 0.000000 0.000000 0.000000 0.000000 0.000000 0.000000 0.000001 0.000002 0.000004 0.000009 0.000020 0.000044 0.000096 0.000206 0.000433 0.000890 0.001792 0.003532 0.006817 0.012881 0.023827 0.043140 0.076445 0.132568 0.224963 0.373530 0.606799 0.964349 1.499192 2.279708 3.390525 4.931606 7.014755 9.756857 13.269441 17.644696 22.938748 29.153862 36.221960 43.992406 52.227080 60.605258 68.739705 76.203714 82.566923 87.435950 90.494576 91.537789 90.494576 87.435950 82.566923 76.203714 68.739705 60.605258 52.227080 43.992406 36.221960 29.153862 22.938748 17.644696 13.269441 9.756857 7.014755 4.931606 3.390525 2.279708 1.499192 0.964349 0.606799 0.373530 0.224963 0.132568 0.076445 0.043140 0.023827 0.012881 0.006817 0.003532 0.001792 0.000890 0.000433 0.000206 0.000096 0.000044 0.000020 0.000009 0.000004 0.000002 0.000001 0.000000 0.000000 0.000000 0.000000 0.000000 0.000000 0.000000 0.000000 
0.000000 0.000000 0.000000 0.000000 0.000000 0.000000 0.000000 0.000000 0.000000 0.000001 0.000002 0.000005 0.000011 0.000025 0.000057 0.000124 0.000265 0.000557 0.001143 0.002300 0.004532 0.008740 0.016504 0.030508 0.055201 0.097757 0.169426 0.287345 0.476848 0.774236 1.229832 1.911007 2.904612 4.318073 6.278210 8.926780 12.411879 16.874697 22.431782 29.153862 37.043315 46.013332 55.872497 66.318611 76.944927 87.260581 96.724849 104.792517 110.965310 114.842744 116.165197 114.842744 110.965310 104.792517 96.724849 87.260581 76.944927 66.318611 55.872497 46.013332 37.043315 29.153862 22.431782 16.874697 12.411879 8.926780 6.278210 4.318073 2.904612 1.911007 1.229832 0.774236 0.476848 0.287345 0.169426 0.097757 0.055201 0.030508 0.016504 0.008740 0.004532 0.002300 0.001143 0.000557 0.000265 0.000124 0.000057 0.000025 0.000011 0.000005 0.000002 0.000001 0.000000 0.000000 0.000000 0.000000 0.000000 0.000000 0.000000 0.000000 
0.000000 0.000000 0.000000 0.000000 0.000000 0.000000 0.000000 0.000000 0.000000 0.000001 0.000003 0.000006 0.000014 0.000032 0.000071 0.000156 0.000333 0.000699 0.001435 0.002885 0.005679 0.010946 0.020656 0.038159 0.069005 0.122135 0.211563 0.358625 0.594844 0.965363 1.532735 2.380654 3.616967 5.374995 7.812048 11.103868 15.433940 20.977059 27.877333 36.221960 46.013332 57.143274 69.374005 82.330551 95.508541 108.299547 120.033553 130.035126 137.687088 142.493445 144.132682 142.493445 137.687088 130.035126 120.033553 108.299547 95.508541 82.330551 69.374005 57.143274 46.013332 36.221960 27.877333 20.977059 15.433940 11.103868 7.812048 5.374995 3.616967 2.380654 1.532735 0.965363 0.594844 0.358625 0.211563 0.122135 0.069005 0.038159 0.020656 0.010946 0.005679 0.002885 0.001435 0.000699 0.000333 0.000156 0.000071 0.000032 0.000014 0.000006 0.000003 0.000001 0.000000 0.000000 0.000000 0.000000 0.000000 0.000000 0.000000 0.000000 
0.000000 0.000000 0.000000 0.000000 0.000000 0.000000 0.000000 0.000000 0.000001 0.000001 0.000003 0.000007 0.000017 0.000039 0.000088 0.000191 0.000409 0.000857 0.001758 0.003532 0.006950 0.013388 0.025251 0.046624 0.084269 0.149078 0.258109 0.437324 0.725059 1.176189 1.866713 2.898275 4.401782 6.538998 9.500701 13.499916 18.758931 25.489354 33.865458 43.992406 55.872497 69.374005 84.208184 99.920157 115.898422 131.405604 145.629902 157.753120 167.027741 172.853090 174.839821 172.853090 167.027741 157.753120 145.629902 131.405604 115.898422 99.920157 84.208184 69.374005 55.872497 43.992406 33.865458 25.489354 18.758931 13.499916 9.500701 6.538998 4.401782 2.898275 1.866713 1.176189 0.725059 0.437324 0.258109 0.149078 0.084269 0.046624 0.025251 0.013388 0.006950 0.003532 0.001758 0.000857 0.000409 0.000191 0.000088 0.000039 0.000017 0.000007 0.000003 0.000001 0.000001 0.000000 0.000000 0.000000 0.000000 0.000000 0.000000 0.000000 
0.000000 0.000000 0.000000 0.000000 0.000000 0.000000 0.000000 0.000000 0.000001 0.000002 0.000004 0.000009 0.000021 0.000047 0.000105 0.000229 0.000490 0.001026 0.002104 0.004224 0.008307 0.015994 0.030152 0.055646 0.100529 0.177764 0.307645 0.521042 0.863522 1.400279 2.221569 3.448052 5.235066 7.774486 11.292506 16.041590 22.285048 30.273383 40.212701 52.227080 66.318611 82.330551 99.920157 118.547965 137.489137 155.869915 172.728586 187.096032 198.086969 204.990083 207.344343 204.990083 198.086969 187.096032 172.728586 155.869915 137.489137 118.547965 99.920157 82.330551 66.318611 52.227080 40.212701 30.273383 22.285048 16.041590 11.292506 7.774486 5.235066 3.448052 2.221569 1.400279 0.863522 0.521042 0.307645 0.177764 0.100529 0.055646 0.030152 0.015994 0.008307 0.004224 0.002104 0.001026 0.000490 0.000229 0.000105 0.000047 0.000021 0.000009 0.000004 0.000002 0.000001 0.000000 0.000000 0.000000 0.000000 0.000000 0.000000 0.000000 
