0.000000 0.000000 0.000000 0.000000 0.000000 0.000000 0.000000 0.000000 0.000000 0.000000 0.000000 0.000000 0.000000 0.000000 0.000000 0.000000 0.000000 0.000000 0.000000 0.000000 0.000000 0.000000 0.000000 0.000000 0.000000 0.000000 0.000000 0.000000 0.000000 0.000000 0.000000 0.000000 0.000000 0.000000 0.000000 0.000000 0.000000 0.000000 0.000000 0.000000 0.000000 0.000000 0.000000 0.000000 0.000000 0.000000 0.000000 0.000000 0.000000 0.000000 0.000000 0.000000 0.000000 0.000000 0.000000 0.000000 0.000000 0.000000 0.000000 0.000000 0.000000 0.000000 0.000000 0.000000 0.000000 0.000000 0.000000 0.000000 0.000000 0.000000 0.000000 0.000000 0.000000 0.000000 0.000000 0.000000 0.000000 0.000000 0.000000 0.000000 0.000000 0.000000 0.000000 0.000000 0.000000 0.000000 0.000000 0.000000 0.000000 0.000000 0.000000 0.000000 0.000000 0.000000 0.000000 0.000000 0.000000 0.000000 0.000000 0.000000 
0.000000 0.000000 0.000000 0.000000 0.000000 0.000000 0.000000 0.000000 0.000000 0.000000 0.000000 0.000000 0.000000 0.000000 0.000000 0.000000 0.000000 0.000000 0.000000 0.000000 0.000001 0.000001 0.000001 0.000002 0.000002 0.000003 0.000004 0.000006 0.000008 0.000010 0.000013 0.000016 0.000020 0.000024 0.000029 0.000035 0.000042 0.000049 0.000057 0.000066 0.000074 0.000083 0.000092 0.000101 0.000109 0.000116 0.000123 0.000128 0.000132 0.000134 0.000135 0.000134 0.000132 0.000128 0.000123 0.000116 0.000109 0.000101 0.000092 0.000083 0.000074 0.000066 0.000057 0.000049 0.000042 0.000035 0.000029 0.000024 0.000020 0.000016 0.000013 0.000010 0.000008 0.000006 0.000004 0.000003 0.000002 0.000002 0.000001 0.000001 0.000001 0.000000 0.000000 0.000000 0.000000 0.000000 0.000000 0.000000 0.000000 0.000000 0.000000 0.000000 0.000000 0.000000 0.000000 0.000000 0.000000 0.000000 0.000000 0.000000 
0.000000 0.000000 0.000000 0.000000 0.000000 0.000000 0.000000 0.000000 0.000000 0.000000 0.000000 0.000000 0.000000 0.000000 0.000000 0.000000 0.000000 0.000000 0.000001 0.000001 0.000001 0.000002 0.000003 0.000004 0.000006 0.000008 0.000010 0.000013 0.000017 0.000022 0.000029 0.000036 0.000045 0.000055 0.000067 0.000081 0.000096 0.000113 0.000131 0.000150 0.000170 0.000191 0.000211 0.000231 0.000249 0.000266 0.000281 0.000293 0.000302 0.000307 0.000309 0.000307 0.000302 0.000293 0.000281 0.000266 0.000249 0.000231 0.000211 0.000191 0.000170 0.000150 0.000131 0.000113 0.000096 0.000081 0.000067 0.000055 0.000045 0.000036 0.000029 0.000022 0.000017 0.000013 0.000010 0.000008 0.000006 0.000004 0.000003 0.000002 0.000001 0.000001 0.000001 0.000000 0.000000 0.000000 0.000000 0.000000 0.000000 0.000000 0.000000 0.000000 0.000000 0.000000 0.000000 0.000000 0.000000 0.000000 0.000000 0.000000 
0.000000 0.000000 0.000000 0.000000 0.000000 0.000000 0.000000 0.000000 0.000000 0.000000 0.000000 0.000000 0.000000 0.000000 0.000000 0.000000 0.000001 0.000001 0.000001 0.000002 0.000003 0.000004 0.000005 0.000008 0.000010 0.000014 0.000019 0.000025 0.000032 0.000042 0.000053 0.000067 0.000083 0.000103 0.000125 0.000150 0.000178 0.000209 0.000243 0.000278 0.000315 0.000353 0.000390 0.000427 0.000461 0.000492 0.000519 0.000542 0.000558 0.000568 0.000571 0.000568 0.000558 0.000542 0.000519 0.000492 0.000461 0.000427 0.000390 0.000353 0.000315 0.000278 0.000243 0.000209 0.000178 0.000150 0.000125 0.000103 0.000083 0.000067 0.000053 0.000042 0.000032 0.000025 0.000019 0.000014 0.000010 0.000008 0.000005 0.000004 0.000003 0.000002 0.000001 0.000001 0.000001 0.000000 0.000000 0.000000 0.000000 0.000000 0.000000 0.000000 0.000000 0.000000 0.000000 0.000000 0.000000 0.000000 0.000000 0.000000 
0.000000 0.000000 0.000000 0.000000 0.000000 0.000000 0.000000 0.000000 0.000000 0.000000 0.000000 0.000000 0.000000 0.000000 0.000000 0.000001 0.000001 0.000002 0.000002 0.000003 0.000005 0.000007 0.000010 0.000013 0.000018 0.000024 0.000033 0.000043 0.000056 0.000073 0.000092 0.000116 0.000145 0.000178 0.000217 0.000261 0.000310 0.000363 0.000422 0.000483 0.000547 0.000613 0.000678 0.000741 0.000800 0.000854 0.000901 0.000940 0.000968 0.000985 0.000991 0.000985 0.000968 0.000940 0.000901 0.000854 0.000800 0.000741 0.000678 0.000613 0.000547 0.000483 0.000422 0.000363 0.000310 0.000261 0.000217 0.000178 0.000145 0.000116 0.000092 0.000073 0.000056 0.000043 0.000033 0.000024 0.000018 0.000013 0.000010 0.000007 0.000005 0.000003 0.000002 0.000002 0.000001 0.000001 0.000000 0.000000 0.000000 0.000000 0.000000 0.000000 0.000000 0.000000 0.000000 0.000000 0.000000 0.000000 0.000000 0.000000 
0.000000 0.000000 0.000000 0.000000 0.000000 0.000000 0.000000 0.000000 0.000000 0.000000 0.000000 0.000000 0.000000 0.000001 0.000001 0.000001 0.000002 0.000003 0.000004 0.000006 0.000008 0.000012 0.000016 0.000022 0.000031 0.000041 0.000055 0.000073 0.000095 0.000123 0.000157 0.000197 0.000245 0.000302 0.000367 0.000441 0.000524 0.000615 0.000713 0.000817 0.000925 0.001035 0.001145 0.001252 0.001352 0.001444 0.001523 0.001587 0.001635 0.001664 0.001674 0.001664 0.001635 0.001587 0.001523 0.001444 0.001352 0.001252 0.001145 0.001035 0.000925 0.000817 0.000713 0.000615 0.000524 0.000441 0.000367 0.000302 0.000245 0.000197 0.000157 0.000123 0.000095 0.000073 0.000055 0.000041 0.000031 0.000022 0.000016 0.000012 0.000008 0.000006 0.000004 0.000003 0.000002 0.000001 0.000001 0.000001 0.000000 0.000000 0.000000 0.000000 0.000000 0.000000 0.000000 0.000000 0.000000 0.000000 0.000000 0.000000 
0.000000 0.000000 0.000000 0.000000 0.000000 0.000000 0.000000 0.000000 0.000000 0.000000 0.000000 0.000000 0.000001 0.000001 0.000001 0.000002 0.000003 0.000005 0.000007 0.000010 0.000014 0.000019 0.000027 0.000037 0.000051 0.000069 0.000092 0.000122 0.000159 0.000205 0.000261 0.000329 0.000409 0.000503 0.000611 0.000734 0.000872 0.001023 0.001186 0.001359 0.001539 0.001722 0.001905 0.002082 0.002249 0.002400 0.002532 0.002639 0.002718 0.002767 0.002783 0.002767 0.002718 0.002639 0.002532 0.002400 0.002249 0.002082 0.001905 0.001722 0.001539 0.001359 0.001186 0.001023 0.000872 0.000734 0.000611 0.000503 0.000409 0.000329 0.000261 0.000205 0.000159 0.000122 0.000092 0.000069 0.000051 0.000037 0.000027 0.000019 0.000014 0.000010 0.000007 0.000005 0.000003 0.000002 0.000001 0.000001 0.000001 0.000000 0.000000 0.000000 0.000000 0.000000 0.000000 0.000000 0.000000 0.000000 0.000000 0.000000 
0.000000 0.000000 0.000000 0.000000 0.000000 0.000000 0.000000 0.000000 0.000000 0.000000 0.000000 0.000001 0.000001 0.000001 0.000002 0.000003 0.000005 0.000007 0.000011 0.000016 0.000023 0.000032 0.000045 0.000062 0.000084 0.000114 0.000152 0.000201 0.000262 0.000337 0.000429 0.000541 0.000673 0.000827 0.001005 0.001207 0.001433 0.001681 0.001949 0.002233 0.002528 0.002829 0.003128 0.003418 0.003692 0.003940 0.004156 0.004332 0.004462 0.004542 0.004569 0.004542 0.004462 0.004332 0.004156 0.003940 0.003692 0.003418 0.003128 0.002829 0.002528 0.002233 0.001949 0.001681 0.001433 0.001207 0.001005 0.000827 0.000673 0.000541 0.000429 0.000337 0.000262 0.000201 0.000152 0.000114 0.000084 0.000062 0.000045 0.000032 0.000023 0.000016 0.000011 0.000007 0.000005 0.000003 0.000002 0.000001 0.000001 0.000001 0.000000 0.000000 0.000000 0.000000 0.000000 0.000000 0.000000 0.000000 0.000000 0.000000 
0.000000 0.000000 0.000000 0.000000 0.000000 0.000000 0.000000 0.000000 0.000000 0.000000 0.000001 0.000001 0.000002 0.000002 0.000004 0.000005 0.000008 0.000012 0.000018 0.000026 0.000037 0.000052 0.000073 0.000101 0.000138 0.000186 0.000248 0.000327 0.000426 0.000549 0.000699 0.000879 0.001094 0.001344 0.001633 0.001961 0.002328 0.002730 0.003165 0.003625 0.004104 0.004592 0.005078 0.005549 0.005992 0.006395 0.006744 0.007030 0.007241 0.007370 0.007414 0.007370 0.007241 0.007030 0.006744 0.006395 0.005992 0.005549 0.005078 0.004592 0.004104 0.003625 0.003165 0.002730 0.002328 0.001961 0.001633 0.001344 0.001094 0.000879 0.000699 0.000549 0.000426 0.000327 0.000248 0.000186 0.000138 0.000101 0.000073 0.000052 0.000037 0.000026 0.000018 0.000012 0.000008 0.000005 0.000004 0.000002 0.000002 0.000001 0.000001 0.000000 0.000000 0.000000 0.000000 0.000000 0.000000 0.000000 0.000000 0.000000 
0.000000 0.000000 0.000000 0.000000 0.000000 0.000000 0.000000 0.000000 0.000000 0.000001 0.000001 0.000002 0.000002 0.000004 0.000006 0.000009 0.000013 0.000020 0.000029 0.000042 0.000060 0.000084 0.000118 0.000162 0.000222 0.000299 0.000399 0.000526 0.000685 0.000883 0.001124 0.001414 0.001758 0.002161 0.002625 0.003152 0.003740 0.004385 0.005082 0.005821 0.006590 0.007372 0.008151 0.008906 0.009617 0.010262 0.010823 0.011280 0.011618 0.011826 0.011896 0.011826 0.011618 0.011280 0.010823 0.010262 0.009617 0.008906 0.008151 0.007372 0.006590 0.005821 0.005082 0.004385 0.003740 0.003152 0.002625 0.002161 0.001758 0.001414 0.001124 0.000883 0.000685 0.000526 0.000399 0.000299 0.000222 0.000162 0.000118 0.000084 0.000060 0.000042 0.000029 0.000020 0.000013 0.000009 0.000006 0.000004 0.000002 0.000002 0.000001 0.000001 0.000000 0.000000 0.000000 0.000000 0.000000 0.000000 0.000000 0.000000 
0.000000 0.000000 0.000000 0.000000 0.000000 0.000000 0.000000 0.000000 0.000001 0.000001 0.000002 0.000003 0.000004 0.000006 0.000009 0.000014 0.000021 0.000031 0.000046 0.000066 0.000095 0.000134 0.000188 0.000259 0.000353 0.000477 0.000635 0.000837 0.001091 0.001405 0.001788 0.002249 0.002796 0.003435 0.004172 0.005008 0.005941 0.006966 0.008072 0.009244 0.010463 0.011704 0.012938 0.014135 0.015263 0.016286 0.017175 0.017899 0.018435 0.018765 0.018876 0.018765 0.018435 0.017899 0.017175 0.016286 0.015263 0.014135 0.012938 0.011704 0.010463 0.009244 0.008072 0.006966 0.005941 0.005008 0.004172 0.003435 0.002796 0.002249 0.001788 0.001405 0.001091 0.000837 0.000635 0.000477 0.000353 0.000259 0.000188 0.000134 0.000095 0.000066 0.000046 0.000031 0.000021 0.000014 0.000009 0.000006 0.000004 0.000003 0.000002 0.000001 0.000001 0.000000 0.000000 0.000000 0.000000 0.000000 0.000000 0.000000 
0.000000 0.000000 0.000000 0.000000 0.000000 0.000000 0.000000 0.000001 0.000001 0.000002 0.000003 0.000004 0.000006 0.000010 0.000015 0.000022 0.000034 0.000050 0.000073 0.000105 0.000150 0.000212 0.000296 0.000408 0.000557 0.000751 0.001000 0.001318 0.001717 0.002210 0.002812 0.003536 0.004395 0.005400 0.006557 0.007869 0.009334 0.010942 0.012677 0.014516 0.016428 0.018374 0.020310 0.022188 0.023955 0.025560 0.026953 0.028089 0.028929 0.029446 0.029620 0.029446 0.028929 0.028089 0.026953 0.025560 0.023955 0.022188 0.020310 0.018374 0.016428 0.014516 0.012677 0.010942 0.009334 0.007869 0.006557 0.005400 0.004395 0.003536 0.002812 0.002210 0.001717 0.001318 0.001000 0.000751 0.000557 0.000408 0.000296 0.000212 0.000150 0.000105 0.000073 0.000050 0.000034 0.000022 0.000015 0.000010 0.000006 0.000004 0.000003 0.000002 0.000001 0.000001 0.000000 0.000000 0.000000 0.000000 0.000000 0.000000 
0.000000 0.000000 0.000000 0.000000 0.000000 0.000000 0.000001 0.000001 0.000002 0.000002 0.000004 0.000006 0.000010 0.000015 0.000023 0.000035 0.000052 0.000078 0.000113 0.000164 0.000234 0.000330 0.000461 0.000636 0.000867 0.001169 0.001558 0.002052 0.002672 0.003438 0.004374 0.005499 0.006834 0.008394 0.010190 0.012227 0.014501 0.016997 0.019689 0.022543 0.025509 0.028527 0.031530 0.034442 0.037182 0.039671 0.041831 0.043592 0.044895 0.045695 0.045965 0.045695 0.044895 0.043592 0.041831 0.039671 0.037182 0.034442 0.031530 0.028527 0.025509 0.022543 0.019689 0.016997 0.014501 0.012227 0.010190 0.008394 0.006834 0.005499 0.004374 0.003438 0.002672 0.002052 0.001558 0.001169 0.000867 0.000636 0.000461 0.000330 0.000234 0.000164 0.000113 0.000078 0.000052 0.000035 0.000023 0.000015 0.000010 0.000006 0.000004 0.000002 0.000002 0.000001 0.000001 0.000000 0.000000 0.000000 0.000000 0.000000 
0.000000 0.000000 0.000000 0.000000 0.000000 0.000001 0.000001 0.000001 0.000002 0.000004 0.000006 0.000010 0.000015 0.000023 0.000036 0.000054 0.000081 0.000120 0.000175 0.000253 0.000361 0.000509 0.000710 0.000980 0.001336 0.001800 0.002399 0.003159 0.004111 0.005290 0.006727 0.008456 0.010507 0.012903 0.015661 0.018789 0.022278 0.026108 0.030241 0.034619 0.039168 0.043799 0.048405 0.052870 0.057072 0.060889 0.064200 0.066900 0.068898 0.070125 0.070539 0.070125 0.068898 0.066900 0.064200 0.060889 0.057072 0.052870 0.048405 0.043799 0.039168 0.034619 0.030241 0.026108 0.022278 0.018789 0.015661 0.012903 0.010507 0.008456 0.006727 0.005290 0.004111 0.003159 0.002399 0.001800 0.001336 0.000980 0.000710 0.000509 0.000361 0.000253 0.000175 0.000120 0.000081 0.000054 0.000036 0.000023 0.000015 0.000010 0.000006 0.000004 0.000002 0.000001 0.000001 0.000001 0.000000 0.000000 0.000000 0.000000 
0.000000 0.000000 0.000000 0.000000 0.000000 0.000001 0.000001 0.000002 0.000004 0.000006 0.000009 0.000015 0.000023 0.000036 0.000055 0.000083 0.000124 0.000183 0.000267 0.000386 0.000550 0.000776 0.001083 0.001493 0.002035 0.002742 0.003652 0.004807 0.006256 0.008047 0.010232 0.012859 0.015974 0.019613 0.023801 0.028549 0.033846 0.039659 0.045930 0.052572 0.059475 0.066498 0.073484 0.080257 0.086630 0.092416 0.097438 0.101532 0.104561 0.106422 0.107049 0.106422 0.104561 0.101532 0.097438 0.092416 0.086630 0.080257 0.073484 0.066498 0.059475 0.052572 0.045930 0.039659 0.033846 0.028549 0.023801 0.019613 0.015974 0.012859 0.010232 0.008047 0.006256 0.004807 0.003652 0.002742 0.002035 0.001493 0.001083 0.000776 0.000550 0.000386 0.000267 0.000183 0.000124 0.000083 0.000055 0.000036 0.000023 0.000015 0.000009 0.000006 0.000004 0.000002 0.000001 0.000001 0.000000 0.000000 0.000000 0.000000 
0.000000 0.000000 0.000000 0.000000 0.000001 0.000001 0.000002 0.000003 0.000005 0.000009 0.000014 0.000022 0.000035 0.000054 0.000083 0.000125 0.000187 0.000276 0.000403 0.000582 0.000830 0.001170 0.001632 0.002249 0.003065 0.004128 0.005497 0.007235 0.009413 0.012106 0.015388 0.019336 0.024014 0.029479 0.035768 0.042896 0.050847 0.059571 0.068981 0.078947 0.089302 0.099838 0.110317 0.120473 0.130031 0.138708 0.146238 0.152377 0.156918 0.159708 0.160649 0.159708 0.156918 0.152377 0.146238 0.138708 0.130031 0.120473 0.110317 0.099838 0.089302 0.078947 0.068981 0.059571 0.050847 0.042896 0.035768 0.029479 0.024014 0.019336 0.015388 0.012106 0.009413 0.007235 0.005497 0.004128 0.003065 0.002249 0.001632 0.001170 0.000830 0.000582 0.000403 0.000276 0.000187 0.000125 0.000083 0.000054 0.000035 0.000022 0.000014 0.000009 0.000005 0.000003 0.000002 0.000001 0.000001 0.000000 0.000000 0.000000 
0.000000 0.000000 0.000000 0.000001 0.000001 0.000002 0.000003 0.000005 0.000008 0.000013 0.000021 0.000034 0.000052 0.000081 0.000124 0.000187 0.000279 0.000412 0.000601 0.000867 0.001237 0.001744 0.002432 0.003351 0.004565 0.006147 0.008182 0.010767 0.014005 0.018006 0.022884 0.028748 0.035697 0.043813 0.053151 0.063732 0.075534 0.088481 0.102444 0.117231 0.132593 0.148222 0.163763 0.178827 0.193000 0.205868 0.217033 0.226135 0.232869 0.237006 0.238401 0.237006 0.232869 0.226135 0.217033 0.205868 0.193000 0.178827 0.163763 0.148222 0.132593 0.117231 0.102444 0.088481 0.075534 0.063732 0.053151 0.043813 0.035697 0.028748 0.022884 0.018006 0.014005 0.010767 0.008182 0.006147 0.004565 0.003351 0.002432 0.001744 0.001237 0.000867 0.000601 0.000412 0.000279 0.000187 0.000124 0.000081 0.000052 0.000034 0.000021 0.000013 0.000008 0.000005 0.000003 0.000002 0.000001 0.000001 0.000000 0.000000 
0.000000 0.000000 0.000000 0.000001 0.000002 0.000003 0.000005 0.000007 0.000012 0.000020 0.000031 0.000050 0.000078 0.000120 0.000183 0.000276 0.000412 0.000608 0.000887 0.001279 0.001824 0.002571 0.003582 0.004935 0.006721 0.009049 0.012042 0.015842 0.020602 0.026482 0.033650 0.042264 0.052469 0.064387 0.078097 0.093630 0.110951 0.129952 0.150439 0.172135 0.194669 0.217594 0.240389 0.262481 0.283265 0.302135 0.318506 0.331851 0.341725 0.347790 0.349836 0.347790 0.341725 0.331851 0.318506 0.302135 0.283265 0.262481 0.240389 0.217594 0.194669 0.172135 0.150439 0.129952 0.110951 0.093630 0.078097 0.064387 0.052469 0.042264 0.033650 0.026482 0.020602 0.015842 0.012042 0.009049 0.006721 0.004935 0.003582 0.002571 0.001824 0.001279 0.000887 0.000608 0.000412 0.000276 0.000183 0.000120 0.000078 0.000050 0.000031 0.000020 0.000012 0.000007 0.000004 0.000003 0.000002 0.000001 0.000000 0.000000 
0.000000 0.000000 0.000001 0.000001 0.000002 0.000004 0.000007 0.000011 0.000018 0.000029 0.000046 0.000073 0.000113 0.000175 0.000267 0.000403 0.000601 0.000887 0.001293 0.001865 0.002658 0.003746 0.005218 0.007187 0.009785 0.013170 0.017523 0.023048 0.029965 0.038511 0.048923 0.061435 0.076257 0.093561 0.113465 0.136011 0.161149 0.188721 0.218447 0.249921 0.282609 0.315861 0.348920 0.380957 0.411097 0.438458 0.462195 0.481544 0.495860 0.504653 0.507618 0.504653 0.495860 0.481544 0.462195 0.438458 0.411097 0.380957 0.348920 0.315861 0.282609 0.249921 0.218447 0.188721 0.161149 0.136011 0.113465 0.093561 0.076257 0.061435 0.048923 0.038511 0.029965 0.023048 0.017523 0.013170 0.009785 0.007187 0.005218 0.003746 0.002658 0.001865 0.001293 0.000887 0.000601 0.000403 0.000267 0.000175 0.000113 0.000073 0.000046 0.000029 0.000018 0.000011 0.000007 0.000004 0.000002 0.000001 0.000001 0.000000 
0.000000 0.000000 0.000001 0.000002 0.000003 0.000006 0.000010 0.000016 0.000026 0.000042 0.000066 0.000105 0.000164 0.000253 0.000386 0.000582 0.000867 0.001279 0.001865 0.002688 0.003830 0.005396 0.007515 0.010348 0.014085 0.018953 0.025212 0.033152 0.043093 0.055371 0.070329 0.088299 0.109582 0.134426 0.162997 0.195357 0.231431 0.270992 0.313640 0.358789 0.405676 0.453366 0.500776 0.546717 0.589934 0.629164 0.663198 0.690938 0.711461 0.724067 0.728318 0.724067 0.711461 0.690938 0.663198 0.629164 0.589934 0.546717 0.500776 0.453366 0.405676 0.358789 0.313640 0.270992 0.231431 0.195357 0.162997 0.134426 0.109582 0.088299 0.070329 0.055371 0.043093 0.033152 0.025212 0.018953 0.014085 0.010348 0.007515 0.005396 0.003830 0.002688 0.001865 0.001279 0.000867 0.000582 0.000386 0.000253 0.000164 0.000105 0.000066 0.000042 0.000026 0.000016 0.000010 0.000006 0.000003 0.000002 0.000001 0.000000 
0.000000 0.000001 0.000001 0.000003 0.000005 0.000008 0.000014 0.000023 0.000037 0.000060 0.000095 0.000150 0.000234 0.000361 0.000550 0.000830 0.001237 0.001824 0.002658 0.003830 0.005456 0.007685 0.010701 0.014730 0.020046 0.026967 0.035864 0.047149 0.061274 0.078716 0.099961 0.125479 0.155697 0.190965 0.231518 0.277441 0.328629 0.384757 0.445256 0.509297 0.575797 0.643427 0.710657 0.775798 0.837072 0.892691 0.940940 0.980265 1.009359 1.027229 1.033255 1.027229 1.009359 0.980265 0.940940 0.892691 0.837072 0.775798 0.710657 0.643427 0.575797 0.509297 0.445256 0.384757 0.328629 0.277441 0.231518 0.190965 0.155697 0.125479 0.099961 0.078716 0.061274 0.047149 0.035864 0.026967 0.020046 0.014730 0.010701 0.007685 0.005456 0.003830 0.002658 0.001824 0.001237 0.000830 0.000550 0.000361 0.000234 0.000150 0.000095 0.000060 0.000037 0.000023 0.000014 0.000008 0.000005 0.000003 0.000001 0.000000 
0.000000 0.000001 0.000002 0.000004 0.000007 0.000012 0.000019 0.000032 0.000052 0.000084 0.000134 0.000212 0.000330 0.000509 0.000776 0.001170 0.001744 0.002571 0.003746 0.005396 0.007685 0.010821 0.015064 0.020731 0.028205 0.037935 0.050439 0.066296 0.086140 0.110639 0.140474 0.176304 0.218725 0.268227 0.325139 0.389577 0.461394 0.540132 0.624991 0.714810 0.808067 0.902902 0.997167 1.088496 1.174399 1.252369 1.320004 1.375128 1.415909 1.440957 1.449404 1.440957 1.415909 1.375128 1.320004 1.252369 1.174399 1.088496 0.997167 0.902902 0.808067 0.714810 0.624991 0.540132 0.461394 0.389577 0.325139 0.268227 0.218725 0.176304 0.140474 0.110639 0.086140 0.066296 0.050439 0.037935 0.028205 0.020731 0.015064 0.010821 0.007685 0.005396 0.003746 0.002571 0.001744 0.001170 0.000776 0.000509 0.000330 0.000212 0.000134 0.000084 0.000052 0.000032 0.000019 0.000012 0.000007 0.000004 0.000002 0.000000 
0.000000 0.000001 0.000003 0.000005 0.000010 0.000016 0.000027 0.000045 0.000073 0.000118 0.000188 0.000296 0.000461 0.000710 0.001083 0.001632 0.002432 0.003582 0.005218 0.007515 0.010701 0.015064 0.020965 0.028845 0.039235 0.052758 0.070133 0.092163 0.119726 0.153749 0.195175 0.244915 0.303796 0.372495 0.451465 0.540867 0.640492 0.749705 0.867395 0.991951 1.121262 1.252750 1.383437 1.510045 1.629123 1.737200 1.830946 1.907350 1.963871 1.998586 2.010294 1.998586 1.963871 1.907350 1.830946 1.737200 1.629123 1.510045 1.383437 1.252750 1.121262 0.991951 0.867395 0.749705 0.640492 0.540867 0.451465 0.372495 0.303796 0.244915 0.195175 0.153749 0.119726 0.092163 0.070133 0.052758 0.039235 0.028845 0.020965 0.015064 0.010701 0.007515 0.005218 0.003582 0.002432 0.001632 0.001083 0.000710 0.000461 0.000296 0.000188 0.000118 0.000073 0.000045 0.000027 0.000016 0.000009 0.000005 0.000002 0.000000 
0.000000 0.000002 0.000004 0.000008 0.000013 0.000022 0.000037 0.000062 0.000101 0.000162 0.000259 0.000408 0.000636 0.000980 0.001493 0.002249 0.003351 0.004935 0.007187 0.010348 0.014730 0.020731 0.028845 0.039678 0.053958 0.072541 0.096411 0.126670 0.164522 0.211237 0.268106 0.336377 0.417183 0.511447 0.619789 0.742426 0.879070 1.028848 1.190233 1.361016 1.538302 1.718557 1.897701 2.071243 2.234453 2.382576 2.511054 2.615761 2.693218 2.740791 2.756835 2.740791 2.693218 2.615761 2.511054 2.382576 2.234453 2.071243 1.897701 1.718557 1.538302 1.361016 1.190233 1.028848 0.879070 0.742426 0.619789 0.511447 0.417183 0.336377 0.268106 0.211237 0.164522 0.126670 0.096411 0.072541 0.053958 0.039678 0.028845 0.020731 0.014730 0.010348 0.007187 0.004935 0.003351 0.002249 0.001493 0.000980 0.000636 0.000408 0.000259 0.000162 0.000101 0.000062 0.000037 0.000022 0.000013 0.000007 0.000003 0.000000 
0.000000 0.000002 0.000006 0.000010 0.000018 0.000031 0.000051 0.000084 0.000138 0.000222 0.000353 0.000557 0.000867 0.001336 0.002035 0.003065 0.004565 0.006721 0.009785 0.014085 0.020046 0.028205 0.039235 0.053958 0.073362 0.098607 0.131028 0.172120 0.223513 0.286928 0.364114 0.456761 0.566400 0.694282 0.841243 1.007572 1.192876 1.395967 1.614775 1.846301 2.086622 2.330948 2.573751 2.808944 3.030124 3.230848 3.404944 3.546823 3.651776 3.716235 3.737974 3.716235 3.651776 3.546823 3.404944 3.230848 3.030124 2.808944 2.573751 2.330948 2.086622 1.846301 1.614775 1.395967 1.192876 1.007572 0.841243 0.694282 0.566400 0.456761 0.364114 0.286928 0.223513 0.172120 0.131028 0.098607 0.073362 0.053958 0.039235 0.028205 0.020046 0.014085 0.009785 0.006721 0.004565 0.003065 0.002035 0.001336 0.000867 0.000557 0.000353 0.000222 0.000138 0.000084 0.000051 0.000030 0.000018 0.000010 0.000004 0.000000 
0.000000 0.000003 0.000008 0.000014 0.000024 0.000041 0.000069 0.000114 0.000186 0.000299 0.000477 0.000751 0.001169 0.001800 0.002742 0.004128 0.006147 0.009049 0.013170 0.018953 0.026967 0.037935 0.052758 0.072541 0.098607 0.132514 0.176050 0.231218 0.300205 0.385314 0.488888 0.613190 0.760269 0.931795 1.128886 1.351922 1.600375 1.872646 2.165959 2.476291 2.798383 3.125818 3.451189 3.766342 4.062702 4.331640 4.564891 4.754973 4.895580 4.981936 5.011059 4.981936 4.895580 4.754973 4.564891 4.331640 4.062702 3.766342 3.451189 3.125818 2.798383 2.476291 2.165959 1.872646 1.600375 1.351922 1.128886 0.931795 0.760269 0.613190 0.488888 0.385314 0.300205 0.231218 0.176050 0.132514 0.098607 0.072541 0.052758 0.037935 0.026967 0.018953 0.013170 0.009049 0.006147 0.004128 0.002742 0.001800 0.001169 0.000751 0.000477 0.000299 0.000186 0.000114 0.000069 0.000041 0.000024 0.000013 0.000006 0.000000 
0.000000 0.000004 0.000010 0.000019 0.000033 0.000055 0.000092 0.000152 0.000248 0.000399 0.000635 0.001000 0.001558 0.002399 0.003652 0.005497 0.008182 0.012042 0.017523 0.025212 0.035864 0.050439 0.070133 0.096411 0.131028 0.176050 0.233845 0.307071 0.398622 0.511552 0.648959 0.813840 1.008906 1.236365 1.497693 1.793387 2.122739 2.483628 2.872369 3.283630 3.710439 4.144296 4.575389 4.992919 5.385530 5.741797 6.050778 6.302566 6.488814 6.603199 6.641774 6.603199 6.488814 6.302566 6.050778 5.741797 5.385530 4.992919 4.575389 4.144296 3.710439 3.283630 2.872369 2.483628 2.122739 1.793387 1.497693 1.236365 1.008906 0.813840 0.648959 0.511552 0.398622 0.307071 0.233845 0.176050 0.131028 0.096411 0.070133 0.050439 0.035864 0.025212 0.017523 0.012042 0.008182 0.005497 0.003652 0.002399 0.001558 0.001000 0.000635 0.000399 0.000248 0.000152 0.000092 0.000055 0.000032 0.000017 0.000008 0.000000 
0.000000 0.000006 0.000013 0.000025 0.000043 0.000073 0.000122 0.000201 0.000327 0.000526 0.000837 0.001318 0.002052 0.003159 0.004807 0.007235 0.010767 0.015842 0.023048 0.033152 0.047149 0.066296 0.092163 0.126670 0.172120 0.231218 0.307071 0.403160 0.523274 0.671413 0.851635 1.067861 1.323635 1.621846 1.964418 2.351997 2.783645 3.256578 3.765962 4.304808 4.863983 5.432349 5.997057 6.543969 7.058212 7.524832 7.929505 8.259262 8.503179 8.652979 8.703498 8.652979 8.503179 8.259262 7.929505 7.524832 7.058212 6.543969 5.997057 5.432349 4.863983 4.304808 3.765962 3.256578 2.783645 2.351997 1.964418 1.621846 1.323635 1.067861 0.851635 0.671413 0.523274 0.403160 0.307071 0.231218 0.172120 0.126670 0.092163 0.066296 0.047149 0.033152 0.023048 0.015842 0.010767 0.007235 0.004807 0.003159 0.002052 0.001318 0.000837 0.000526 0.000327 0.000201 0.000122 0.000072 0.000042 0.000023 0.000010 0.000000 
0.000000 0.000008 0.000017 0.000032 0.000056 0.000095 0.000159 0.000262 0.000426 0.000685 0.001091 0.001717 0.002672 0.004111 0.006256 0.009413 0.014005 0.020602 0.029965 0.043093 0.061274 0.086140 0.119726 0.164522 0.223513 0.300205 0.398622 0.523274 0.679069 0.871185 1.104874 1.385210 1.716776 2.103307 2.547284 3.049535 3.608837 4.221574 4.881477 5.579492 6.303784 7.039931 7.771294 8.479569 9.145505 9.749745 10.273750 10.700736 11.016565 11.210527 11.275938 11.210527 11.016565 10.700736 10.273750 9.749745 9.145505 8.479569 7.771294 7.039931 6.303784 5.579492 4.881477 4.221574 3.608837 3.049535 2.547284 2.103307 1.716776 1.385210 1.104874 0.871185 0.679069 0.523274 0.398622 0.300205 0.223513 0.164522 0.119726 0.086140 0.061274 0.043093 0.029965 0.020602 0.014005 0.009413 0.006256 0.004111 0.002672 0.001717 0.001091 0.000685 0.000426 0.000261 0.000158 0.000095 0.000055 0.000030 0.000013 0.000000 
0.000000 0.000010 0.000022 0.000042 0.000073 0.000123 0.000205 0.000337 0.000549 0.000883 0.001405 0.002210 0.003438 0.005290 0.008047 0.012106 0.018006 0.026482 0.038511 0.055371 0.078716 0.110639 0.153749 0.211237 0.286928 0.385314 0.511552 0.671413 0.871185 1.117494 1.417062 1.776380 2.201310 2.696621 3.265482 3.908941 4.625420 5.410277 6.255478 7.149421 8.076949 9.019597 9.956063 10.862918 11.715524 12.489110 13.159951 13.706571 14.110884 14.359182 14.442917 14.359182 14.110884 13.706571 13.159951 12.489110 11.715524 10.862918 9.956063 9.019597 8.076949 7.149421 6.255478 5.410277 4.625420 3.908941 3.265482 2.696621 2.201310 1.776380 1.417062 1.117494 0.871185 0.671413 0.511552 0.385314 0.286928 0.211237 0.153749 0.110639 0.078716 0.055371 0.038511 0.026482 0.018006 0.012106 0.008047 0.005290 0.003438 0.002210 0.001405 0.000883 0.000549 0.000337 0.000204 0.000122 0.000071 0.000038 0.000017 0.000000 
0.000000 0.000013 0.000029 0.000053 0.000092 0.000157 0.000261 0.000429 0.000699 0.001124 0.001788 0.002812 0.004374 0.006727 0.010232 0.015388 0.022884 0.033650 0.048923 0.070329 0.099961 0.140474 0.195175 0.268106 0.364114 0.488888 0.648959 0.851635 1.104874 1.417062 1.796704 2.252010 2.790391 3.417873 4.138455 4.953448 5.860841 6.854745 7.924979 9.056844 10.231154 11.424530 12.610013 13.757954 14.837176 15.816337 16.665422 17.357264 17.868981 18.183236 18.289213 18.183236 17.868981 17.357264 16.665422 15.816337 14.837176 13.757954 12.610013 11.424530 10.231154 9.056844 7.924979 6.854745 5.860841 4.953448 4.138455 3.417873 2.790391 2.252010 1.796704 1.417062 1.104874 0.851635 0.648959 0.488888 0.364114 0.268106 0.195175 0.140474 0.099961 0.070329 0.048923 0.033650 0.022884 0.015388 0.010232 0.006727 0.004374 0.002812 0.001788 0.001124 0.000698 0.000429 0.000260 0.000155 0.000090 0.000049 0.000022 0.000000 
0.000000 0.000016 0.000036 0.000067 0.000116 0.000197 0.000329 0.000541 0.000879 0.001414 0.002249 0.003536 0.005499 0.008456 0.012859 0.019336 0.028748 0.042264 0.061435 0.088299 0.125479 0.176304 0.244915 0.336377 0.456761 0.613190 0.813840 1.067861 1.385210 1.776380 2.252010 2.822366 3.496713 4.282578 5.184951 6.205456 7.341559 8.585873 9.925644 11.342466 12.812320 14.305951 15.789623 17.226240 18.576799 19.802097 20.864590 21.730298 22.370601 22.763819 22.896424 22.763819 22.370601 21.730298 20.864590 19.802097 18.576799 17.226240 15.789623 14.305951 12.812320 11.342466 9.925644 8.585873 7.341559 6.205456 5.184951 4.282578 3.496713 2.822366 2.252010 1.776380 1.385210 1.067861 0.813840 0.613190 0.456761 0.336377 0.244915 0.176304 0.125479 0.088299 0.061435 0.042264 0.028748 0.019336 0.012859 0.008456 0.005499 0.003536 0.002249 0.001414 0.000879 0.000540 0.000328 0.000196 0.000114 0.000062 0.000027 0.000000 
0.000000 0.000020 0.000045 0.000083 0.000145 0.000245 0.000409 0.000673 0.001094 0.001758 0.002796 0.004395 0.006834 0.010507 0.015974 0.024014 0.035697 0.052469 0.076257 0.109582 0.155697 0.218725 0.303796 0.417183 0.566400 0.760269 1.008906 1.323635 1.716776 2.201310 2.790391 3.496713 4.331726 5.304727 6.421872 7.685151 9.091407 10.631484 12.289583 14.042923 15.861776 17.709946 19.545698 21.323148 22.994058 24.509942 25.824374 26.895333 27.687435 28.173867 28.337906 28.173867 27.687435 26.895333 25.824374 24.509942 22.994058 21.323148 19.545698 17.709946 15.861776 14.042923 12.289583 10.631484 9.091407 7.685151 6.421872 5.304727 4.331726 3.496713 2.790391 2.201310 1.716776 1.323635 1.008906 0.760269 0.566400 0.417183 0.303796 0.218725 0.155697 0.109582 0.076257 0.052469 0.035697 0.024014 0.015974 0.010507 0.006834 0.004395 0.002796 0.001758 0.001093 0.000672 0.000408 0.000243 0.000141 0.000077 0.000034 0.000000 
0.000000 0.000024 0.000055 0.000103 0.000178 0.000302 0.000503 0.000827 0.001344 0.002161 0.003435 0.005400 0.008394 0.012903 0.019613 0.029479 0.043813 0.064387 0.093561 0.134426 0.190965 0.268227 0.372495 0.511447 0.694282 0.931795 1.236365 1.621846 2.103307 2.696621 3.417873 4.282578 5.304727 6.495675 7.862928 9.408898 11.129702 13.014118 15.042801 17.187872 19.412962 21.673795 23.919328 26.093452 28.137181 29.991234 31.598851 32.908661 33.877405 34.472308 34.672925 34.472308 33.877405 32.908661 31.598851 29.991234 28.137181 26.093452 23.919328 21.673795 19.412962 17.187872 15.042801 13.014118 11.129702 9.408898 7.862928 6.495675 5.304727 4.282578 3.417873 2.696621 2.103307 1.621846 1.236365 0.931795 0.694282 0.511447 0.372495 0.268227 0.190965 0.134426 0.093561 0.064387 0.043813 0.029479 0.019613 0.012903 0.008394 0.005400 0.003435 0.002161 0.001344 0.000826 0.000502 0.000299 0.000174 0.000095 0.000042 0.000000 
0.000000 0.000029 0.000067 0.000125 0.000217 0.000367 0.000611 0.001005 0.001633 0.002625 0.004172 0.006557 0.010190 0.015661 0.023801 0.035768 0.053151 0.078097 0.113465 0.162997 0.231518 0.325139 0.451465 0.619789 0.841243 1.128886 1.497693 1.964418 2.547284 3.265482 4.138455 5.184951 6.421872 7.862928 9.517172 11.387495 13.469174 15.748614 18.202402 20.796808 23.487845 26.221970 28.937468 31.566505 34.037775 36.279622 38.223438 39.807135 40.978429 41.697710 41.940270 41.697710 40.978429 39.807135 38.223438 36.279622 34.037775 31.566505 28.937468 26.221970 23.487845 20.796808 18.202402 15.748614 13.469174 11.387495 9.517172 7.862928 6.421872 5.184951 4.138455 3.265482 2.547284 1.964418 1.497693 1.128886 0.841243 0.619789 0.451465 0.325139 0.231518 0.162997 0.113465 0.078097 0.053151 0.035768 0.023801 0.015661 0.010190 0.006557 0.004172 0.002625 0.001633 0.001004 0.000610 0.000364 0.000212 0.000115 0.000051 0.000000 
0.000000 0.000035 0.000081 0.000150 0.000261 0.000441 0.000734 0.001207 0.001961 0.003152 0.005008 0.007869 0.012227 0.018789 0.028549 0.042896 0.063732 0.093630 0.136011 0.195357 0.277441 0.389577 0.540867 0.742426 1.007572 1.351922 1.793387 2.351997 3.049535 3.908941 4.953448 6.205456 7.685151 9.408898 11.387495 13.624366 16.113838 18.839629 21.773727 24.875789 28.093222 31.362014 34.608398 37.751296 40.705493 43.385355 45.708903 47.601943 49.002007 49.861765 50.151696 49.861765 49.002007 47.601943 45.708903 43.385355 40.705493 37.751296 34.608398 31.362014 28.093222 24.875789 21.773727 18.839629 16.113838 13.624366 11.387495 9.408898 7.685151 6.205456 4.953448 3.908941 3.049535 2.351997 1.793387 1.351922 1.007572 0.742426 0.540867 0.389577 0.277441 0.195357 0.136011 0.093630 0.063732 0.042896 0.028549 0.018789 0.012227 0.007869 0.005008 0.003151 0.001961 0.001206 0.000732 0.000437 0.000254 0.000138 0.000061 0.000000 
0.000000 0.000042 0.000096 0.000178 0.000310 0.000524 0.000872 0.001433 0.002328 0.003740 0.005941 0.009334 0.014501 0.022278 0.033846 0.050847 0.075534 0.110951 0.161149 0.231431 0.328629 0.461394 0.640492 0.879070 1.192876 1.600375 2.122739 2.783645 3.608837 4.625420 5.860841 7.341559 9.091407 11.129702 13.469174 16.113838 19.056956 22.279255 25.747602 29.414301 33.217183 37.080597 40.917372 44.631708 48.122924 51.289852 54.035643 56.272654 57.927090 58.943046 59.285648 58.943046 57.927090 56.272654 54.035643 51.289852 48.122924 44.631708 40.917372 37.080597 33.217183 29.414301 25.747602 22.279255 19.056956 16.113838 13.469174 11.129702 9.091407 7.341559 5.860841 4.625420 3.608837 2.783645 2.122739 1.600375 1.192876 0.879070 0.640492 0.461394 0.328629 0.231431 0.161149 0.110951 0.075534 0.050847 0.033846 0.022278 0.014501 0.009334 0.005941 0.003739 0.002327 0.001431 0.000869 0.000519 0.000302 0.000164 0.000072 0.000000 
0.000000 0.000049 0.000113 0.000209 0.000363 0.000615 0.001023 0.001681 0.002730 0.004385 0.006966 0.010942 0.016997 0.026108 0.039659 0.059571 0.088481 0.129952 0.188721 0.270992 0.384757 0.540132 0.749705 1.028848 1.395967 1.872646 2.483628 3.256578 4.221574 5.410277 6.854745 8.585873 10.631484 13.014118 15.748614 18.839629 22.279255 26.044941 30.097947 34.382528 38.826036 43.340086 47.822842 52.162401 56.241162 59.940969 63.148708 65.762028 67.694748 68.881583 69.281808 68.881583 67.694748 65.762028 63.148708 59.940969 56.241162 52.162401 47.822842 43.340086 38.826036 34.382528 30.097947 26.044941 22.279255 18.839629 15.748614 13.014118 10.631484 8.585873 6.854745 5.410277 4.221574 3.256578 2.483628 1.872646 1.395967 1.028848 0.749705 0.540132 0.384757 0.270992 0.188721 0.129952 0.088481 0.059571 0.039659 0.026108 0.016996 0.010942 0.006966 0.004385 0.002729 0.001679 0.001020 0.000609 0.000354 0.000193 0.000085 0.000000 
0.000000 0.000057 0.000131 0.000243 0.000422 0.000713 0.001186 0.001949 0.003165 0.005082 0.008072 0.012677 0.019689 0.030241 0.045930 0.068981 0.102444 0.150439 0.218447 0.313640 0.445256 0.624991 0.867395 1.190233 1.614775 2.165959 2.872369 3.765962 4.881477 6.255478 7.924979 9.925644 12.289583 15.042801 18.202402 21.773727 25.747602 30.097947 34.779988 39.729315 44.862008 50.075984 55.253632 60.265731 64.976488 69.249472 72.954087 75.972160 78.204196 79.574822 80.037024 79.574822 78.204196 75.972160 72.954087 69.249472 64.976488 60.265731 55.253632 50.075984 44.862008 39.729315 34.779988 30.097947 25.747602 21.773727 18.202402 15.042801 12.289583 9.925644 7.924979 6.255478 4.881477 3.765962 2.872369 2.165959 1.614775 1.190233 0.867395 0.624991 0.445256 0.313640 0.218447 0.150439 0.102444 0.068981 0.045930 0.030241 0.019689 0.012677 0.008072 0.005082 0.003164 0.001947 0.001183 0.000707 0.000411 0.000224 0.000098 0.000000 
0.000000 0.000066 0.000150 0.000278 0.000483 0.000817 0.001359 0.002233 0.003625 0.005821 0.009244 0.014516 0.022543 0.034619 0.052572 0.078947 0.117231 0.172135 0.249921 0.358789 0.509297 0.714810 0.991951 1.361016 1.846301 2.476291 3.283630 4.304808 5.579492 7.149421 9.056844 11.342466 14.042923 17.187872 20.796808 24.875789 29.414301 34.382528 39.729315 45.381095 51.242039 57.195585 63.107464 68.830153 74.208644 79.087206 83.316772 86.762463 89.310719 90.875516 91.403194 90.875516 89.310719 86.762463 83.316772 79.087206 74.208644 68.830153 63.107464 57.195585 51.242039 45.381095 39.729315 34.382528 29.414301 24.875789 20.796808 17.187872 14.042923 11.342466 9.056844 7.149421 5.579492 4.304808 3.283630 2.476291 1.846301 1.361016 0.991951 0.714810 0.509297 0.358789 0.249921 0.172135 0.117231 0.078947 0.052572 0.034619 0.022543 0.014516 0.009244 0.005821 0.003624 0.002230 0.001355 0.000810 0.000471 0.000257 0.000113 0.000000 
0.000000 0.000074 0.000170 0.000315 0.000547 0.000925 0.001539 0.002528 0.004104 0.006590 0.010463 0.016428 0.025509 0.039168 0.059475 0.089302 0.132593 0.194669 0.282609 0.405676 0.575797 0.808067 1.121262 1.538302 2.086622 2.798383 3.710439 4.863983 6.303784 8.076949 10.231154 12.812320 15.861776 19.412962 23.487845 28.093222 33.217183 38.826036 44.862008 51.242039 57.857947 64.578170 71.251163 77.710444 83.781084 89.287353 94.061045 97.949968 100.825987 102.592040 103.187583 102.592040 100.825987 97.949968 94.061045 89.287353 83.781084 77.710444 71.251163 64.578170 57.857947 51.242039 44.862008 38.826036 33.217183 28.093222 23.487845 19.412962 15.861776 12.812320 10.231154 8.076949 6.303784 4.863983 3.710439 2.798383 2.086622 1.538302 1.121262 0.808067 0.575797 0.405676 0.282609 0.194669 0.132593 0.089302 0.059475 0.039168 0.025508 0.016428 0.010462 0.006589 0.004103 0.002526 0.001535 0.000917 0.000534 0.000291 0.000128 0.000000 
0.000000 0.000083 0.000191 0.000353 0.000613 0.001035 0.001722 0.002829 0.004592 0.007372 0.011704 0.018374 0.028527 0.043799 0.066498 0.099838 0.148222 0.217594 0.315861 0.453366 0.643427 0.902902 1.252750 1.718557 2.330948 3.125818 4.144296 5.432349 7.039931 9.019597 11.424530 14.305951 17.709946 21.673795 26.221970 31.362014 37.080597 43.340086 50.075984 57.195585 64.578170 72.076937 79.522806 86.730041 93.503493 99.647127 104.973308 109.312269 112.521082 114.491480 115.155929 114.491480 112.521082 109.312269 104.973308 99.647127 93.503493 86.730041 79.522806 72.076937 64.578170 57.195585 50.075984 43.340086 37.080597 31.362014 26.221970 21.673795 17.709946 14.305951 11.424530 9.019597 7.039931 5.432349 4.144296 3.125818 2.330948 1.718557 1.252750 0.902902 0.643427 0.453366 0.315861 0.217594 0.148222 0.099838 0.066498 0.043799 0.028527 0.018374 0.011703 0.007371 0.004591 0.002826 0.001718 0.001027 0.000597 0.000326 0.000143 0.000000 
0.000000 0.000092 0.000211 0.000390 0.000678 0.001145 0.001905 0.003128 0.005078 0.008151 0.012938 0.020310 0.031530 0.048405 0.073484 0.110317 0.163763 0.240389 0.348920 0.500776 0.710657 0.997167 1.383437 1.897701 2.573751 3.451189 4.575389 5.997057 7.771294 9.956063 12.610013 15.789623 19.545698 23.919328 28.937468 34.608398 40.917372 47.822842 55.253632 63.107464 71.251163 79.522806 87.735905 95.685613 103.156714 109.933020 115.807615 120.593289 124.132434 126.305663 127.038509 126.305663 124.132434 120.593289 115.807615 109.933020 103.156714 95.685613 87.735905 79.522806 71.251163 63.107464 55.253632 47.822842 40.917372 34.608398 28.937468 23.919328 19.545698 15.789623 12.610013 9.956063 7.771294 5.997057 4.575389 3.451189 2.573751 1.897701 1.383437 0.997167 0.710657 0.500776 0.348920 0.240389 0.163763 0.110317 0.073484 0.048405 0.031530 0.020310 0.012938 0.008150 0.005076 0.003125 0.001900 0.001136 0.000661 0.000360 0.000158 0.000000 
