0.000000 0.000000 0.000000 0.000000 0.000000 0.000000 0.000000 0.000000 0.000000 0.000000 0.000000 0.000000 0.000000 0.000000 0.000000 0.000000 0.000000 0.000000 0.000000 0.000000 0.000000 0.000000 0.000000 0.000000 0.000000 0.000000 0.000000 0.000000 0.000000 0.000000 0.000000 0.000000 0.000000 0.000000 0.000000 0.000000 0.000000 0.000000 0.000000 0.000000 0.000000 0.000000 0.000000 0.000000 0.000000 0.000000 0.000000 0.000000 0.000000 0.000000 0.000000 0.000000 0.000000 0.000000 0.000000 0.000000 0.000000 0.000000 0.000000 0.000000 0.000000 0.000000 0.000000 0.000000 0.000000 0.000000 0.000000 0.000000 0.000000 0.000000 0.000000 0.000000 0.000000 0.000000 0.000000 0.000000 0.000000 0.000000 0.000000 0.000000 0.000000 0.000000 0.000000 0.000000 0.000000 0.000000 0.000000 0.000000 0.000000 0.000000 0.000000 0.000000 0.000000 0.000000 0.000000 0.000000 0.000000 0.000000 0.000000 0.000000 
0.000000 0.000000 0.000000 0.000000 0.000000 0.000000 0.000000 0.000000 0.000000 0.000000 0.000000 0.000000 0.000000 0.000000 0.000000 0.000000 0.000000 0.000000 0.000000 0.000000 0.000000 0.000000 0.000000 0.000000 0.000000 0.000000 0.000000 0.000000 0.000000 0.000000 0.000000 0.000000 0.000000 0.000000 0.000000 0.000000 0.000000 0.000000 0.000000 0.000000 0.000000 0.000000 0.000000 0.000000 0.000000 0.000000 0.000000 0.000000 0.000000 0.000000 0.000000 0.000000 0.000000 0.000000 0.000000 0.000000 0.000000 0.000000 0.000000 0.000000 0.000000 0.000000 0.000000 0.000000 0.000000 0.000000 0.000000 0.000000 0.000000 0.000000 0.000000 0.000000 0.000000 0.000000 0.000000 0.000000 0.000000 0.000000 0.000000 0.000000 0.000000 0.000000 0.000000 0.000000 0.000000 0.000000 0.000000 0.000000 0.000000 0.000000 0.000000 0.000000 0.000000 0.000000 0.000000 0.000000 0.000000 0.000000 0.000000 0.000000 
0.000000 0.000000 0.000000 0.000000 0.000000 0.000000 0.000000 0.000000 0.000000 0.000000 0.000000 0.000000 0.000000 0.000000 0.000000 0.000000 0.000000 0.000000 0.000000 0.000000 0.000000 0.000000 0.000000 0.000000 0.000000 0.000000 0.000000 0.000000 0.000000 0.000000 0.000000 0.000000 0.000000 0.000000 0.000000 0.000000 0.000000 0.000000 0.000000 0.000000 0.000000 0.000000 0.000000 0.000000 0.000000 0.000000 0.000001 0.000001 0.000001 0.000001 0.000001 0.000001 0.000001 0.000001 0.000001 0.000000 0.000000 0.000000 0.000000 0.000000 0.000000 0.000000 0.000000 0.000000 0.000000 0.000000 0.000000 0.000000 0.000000 0.000000 0.000000 0.000000 0.000000 0.000000 0.000000 0.000000 0.000000 0.000000 0.000000 0.000000 0.000000 0.000000 0.000000 0.000000 0.000000 0.000000 0.000000 0.000000 0.000000 0.000000 0.000000 0.000000 0.000000 0.000000 0.000000 0.000000 0.000000 0.000000 0.000000 0.000000 
0.000000 0.000000 0.000000 0.000000 0.000000 0.000000 0.000000 0.000000 0.000000 0.000000 0.000000 0.000000 0.000000 0.000000 0.000000 0.000000 0.000000 0.000000 0.000000 0.000000 0.000000 0.000000 0.000000 0.000000 0.000000 0.000000 0.000000 0.000000 0.000000 0.000000 0.000000 0.000000 0.000000 0.000000 0.000000 0.000000 0.000000 0.000000 0.000000 0.000000 0.000001 0.000001 0.000001 0.000001 0.000001 0.000001 0.000001 0.000001 0.000001 0.000001 0.000001 0.000001 0.000001 0.000001 0.000001 0.000001 0.000001 0.000001 0.000001 0.000001 0.000001 0.000000 0.000000 0.000000 0.000000 0.000000 0.000000 0.000000 0.000000 0.000000 0.000000 0.000000 0.000000 0.000000 0.000000 0.000000 0.000000 0.000000 0.000000 0.000000 0.000000 0.000000 0.000000 0.000000 0.000000 0.000000 0.000000 0.000000 0.000000 0.000000 0.000000 0.000000 0.000000 0.000000 0.000000 0.000000 0.000000 0.000000 0.000000 0.000000 
0.000000 0.000000 0.000000 0.000000 0.000000 0.000000 0.000000 0.000000 0.000000 0.000000 0.000000 0.000000 0.000000 0.000000 0.000000 0.000000 0.000000 0.000000 0.000000 0.000000 0.000000 0.000000 0.000000 0.000000 0.000000 0.000000 0.000000 0.000000 0.000000 0.000000 0.000000 0.000000 0.000000 0.000000 0.000000 0.000000 0.000000 0.000001 0.000001 0.000001 0.000001 0.000001 0.000002 0.000002 0.000002 0.000002 0.000003 0.000003 0.000003 0.000003 0.000003 0.000003 0.000003 0.000003 0.000003 0.000002 0.000002 0.000002 0.000002 0.000001 0.000001 0.000001 0.000001 0.000001 0.000000 0.000000 0.000000 0.000000 0.000000 0.000000 0.000000 0.000000 0.000000 0.000000 0.000000 0.000000 0.000000 0.000000 0.000000 0.000000 0.000000 0.000000 0.000000 0.000000 0.000000 0.000000 0.000000 0.000000 0.000000 0.000000 0.000000 0.000000 0.000000 0.000000 0.000000 0.000000 0.000000 0.000000 0.000000 0.000000 
0.000000 0.000000 0.000000 0.000000 0.000000 0.000000 0.000000 0.000000 0.000000 0.000000 0.000000 0.000000 0.000000 0.000000 0.000000 0.000000 0.000000 0.000000 0.000000 0.000000 0.000000 0.000000 0.000000 0.000000 0.000000 0.000000 0.000000 0.000000 0.000000 0.000000 0.000000 0.000000 0.000000 0.000000 0.000001 0.000001 0.000001 0.000001 0.000002 0.000002 0.000003 0.000003 0.000004 0.000004 0.000005 0.000005 0.000006 0.000006 0.000006 0.000007 0.000007 0.000007 0.000006 0.000006 0.000006 0.000005 0.000005 0.000004 0.000004 0.000003 0.000003 0.000002 0.000002 0.000001 0.000001 0.000001 0.000001 0.000000 0.000000 0.000000 0.000000 0.000000 0.000000 0.000000 0.000000 0.000000 0.000000 0.000000 0.000000 0.000000 0.000000 0.000000 0.000000 0.000000 0.000000 0.000000 0.000000 0.000000 0.000000 0.000000 0.000000 0.000000 0.000000 0.000000 0.000000 0.000000 0.000000 0.000000 0.000000 0.000000 
0.000000 0.000000 0.000000 0.000000 0.000000 0.000000 0.000000 0.000000 0.000000 0.000000 0.000000 0.000000 0.000000 0.000000 0.000000 0.000000 0.000000 0.000000 0.000000 0.000000 0.000000 0.000000 0.000000 0.000000 0.000000 0.000000 0.000000 0.000000 0.000000 0.000000 0.000000 0.000000 0.000001 0.000001 0.000001 0.000002 0.000002 0.000003 0.000004 0.000005 0.000005 0.000007 0.000008 0.000009 0.000010 0.000011 0.000012 0.000013 0.000014 0.000014 0.000014 0.000014 0.000014 0.000013 0.000012 0.000011 0.000010 0.000009 0.000008 0.000007 0.000005 0.000005 0.000004 0.000003 0.000002 0.000002 0.000001 0.000001 0.000001 0.000000 0.000000 0.000000 0.000000 0.000000 0.000000 0.000000 0.000000 0.000000 0.000000 0.000000 0.000000 0.000000 0.000000 0.000000 0.000000 0.000000 0.000000 0.000000 0.000000 0.000000 0.000000 0.000000 0.000000 0.000000 0.000000 0.000000 0.000000 0.000000 0.000000 0.000000 
0.000000 0.000000 0.000000 0.000000 0.000000 0.000000 0.000000 0.000000 0.000000 0.000000 0.000000 0.000000 0.000000 0.000000 0.000000 0.000000 0.000000 0.000000 0.000000 0.000000 0.000000 0.000000 0.000000 0.000000 0.000000 0.000000 0.000000 0.000000 0.000000 0.000000 0.000001 0.000001 0.000001 0.000002 0.000003 0.000004 0.000005 0.000006 0.000008 0.000010 0.000012 0.000014 0.000016 0.000019 0.000021 0.000023 0.000025 0.000027 0.000028 0.000029 0.000029 0.000029 0.000028 0.000027 0.000025 0.000023 0.000021 0.000019 0.000016 0.000014 0.000012 0.000010 0.000008 0.000006 0.000005 0.000004 0.000003 0.000002 0.000001 0.000001 0.000001 0.000000 0.000000 0.000000 0.000000 0.000000 0.000000 0.000000 0.000000 0.000000 0.000000 0.000000 0.000000 0.000000 0.000000 0.000000 0.000000 0.000000 0.000000 0.000000 0.000000 0.000000 0.000000 0.000000 0.000000 0.000000 0.000000 0.000000 0.000000 0.000000 
0.000000 0.000000 0.000000 0.000000 0.000000 0.000000 0.000000 0.000000 0.000000 0.000000 0.000000 0.000000 0.000000 0.000000 0.000000 0.000000 0.000000 0.000000 0.000000 0.000000 0.000000 0.000000 0.000000 0.000000 0.000000 0.000000 0.000000 0.000000 0.000001 0.000001 0.000001 0.000002 0.000003 0.000004 0.000006 0.000008 0.000010 0.000013 0.000016 0.000020 0.000024 0.000029 0.000034 0.000039 0.000044 0.000048 0.000053 0.000056 0.000059 0.000060 0.000061 0.000060 0.000059 0.000056 0.000053 0.000048 0.000044 0.000039 0.000034 0.000029 0.000024 0.000020 0.000016 0.000013 0.000010 0.000008 0.000006 0.000004 0.000003 0.000002 0.000001 0.000001 0.000001 0.000000 0.000000 0.000000 0.000000 0.000000 0.000000 0.000000 0.000000 0.000000 0.000000 0.000000 0.000000 0.000000 0.000000 0.000000 0.000000 0.000000 0.000000 0.000000 0.000000 0.000000 0.000000 0.000000 0.000000 0.000000 0.000000 0.000000 
0.000000 0.000000 0.000000 0.000000 0.000000 0.000000 0.000000 0.000000 0.000000 0.000000 0.000000 0.000000 0.000000 0.000000 0.000000 0.000000 0.000000 0.000000 0.000000 0.000000 0.000000 0.000000 0.000000 0.000000 0.000000 0.000000 0.000001 0.000001 0.000001 0.000002 0.000003 0.000004 0.000006 0.000009 0.000012 0.000015 0.000020 0.000026 0.000033 0.000040 0.000049 0.000059 0.000069 0.000079 0.000089 0.000098 0.000107 0.000114 0.000120 0.000123 0.000124 0.000123 0.000120 0.000114 0.000107 0.000098 0.000089 0.000079 0.000069 0.000059 0.000049 0.000040 0.000033 0.000026 0.000020 0.000015 0.000012 0.000009 0.000006 0.000004 0.000003 0.000002 0.000001 0.000001 0.000001 0.000000 0.000000 0.000000 0.000000 0.000000 0.000000 0.000000 0.000000 0.000000 0.000000 0.000000 0.000000 0.000000 0.000000 0.000000 0.000000 0.000000 0.000000 0.000000 0.000000 0.000000 0.000000 0.000000 0.000000 0.000000 
0.000000 0.000000 0.000000 0.000000 0.000000 0.000000 0.000000 0.000000 0.000000 0.000000 0.000000 0.000000 0.000000 0.000000 0.000000 0.000000 0.000000 0.000000 0.000000 0.000000 0.000000 0.000000 0.000000 0.000000 0.000000 0.000001 0.000001 0.000002 0.000003 0.000004 0.000006 0.000009 0.000012 0.000017 0.000023 0.000031 0.000040 0.000052 0.000066 0.000081 0.000098 0.000117 0.000137 0.000158 0.000178 0.000197 0.000215 0.000229 0.000240 0.000247 0.000249 0.000247 0.000240 0.000229 0.000215 0.000197 0.000178 0.000158 0.000137 0.000117 0.000098 0.000081 0.000066 0.000052 0.000040 0.000031 0.000023 0.000017 0.000012 0.000009 0.000006 0.000004 0.000003 0.000002 0.000001 0.000001 0.000000 0.000000 0.000000 0.000000 0.000000 0.000000 0.000000 0.000000 0.000000 0.000000 0.000000 0.000000 0.000000 0.000000 0.000000 0.000000 0.000000 0.000000 0.000000 0.000000 0.000000 0.000000 0.000000 0.000000 
0.000000 0.000000 0.000000 0.000000 0.000000 0.000000 0.000000 0.000000 0.000000 0.000000 0.000000 0.000000 0.000000 0.000000 0.000000 0.000000 0.000000 0.000000 0.000000 0.000000 0.000000 0.000000 0.000000 0.000001 0.000001 0.000002 0.000002 0.000004 0.000006 0.000008 0.000012 0.000018 0.000025 0.000034 0.000046 0.000061 0.000080 0.000103 0.000130 0.000160 0.000195 0.000232 0.000271 0.000312 0.000352 0.000389 0.000423 0.000452 0.000473 0.000486 0.000491 0.000486 0.000473 0.000452 0.000423 0.000389 0.000352 0.000312 0.000271 0.000232 0.000195 0.000160 0.000130 0.000103 0.000080 0.000061 0.000046 0.000034 0.000025 0.000018 0.000012 0.000008 0.000006 0.000004 0.000002 0.000002 0.000001 0.000001 0.000000 0.000000 0.000000 0.000000 0.000000 0.000000 0.000000 0.000000 0.000000 0.000000 0.000000 0.000000 0.000000 0.000000 0.000000 0.000000 0.000000 0.000000 0.000000 0.000000 0.000000 0.000000 
0.000000 0.000000 0.000000 0.000000 0.000000 0.000000 0.000000 0.000000 0.000000 0.000000 0.000000 0.000000 0.000000 0.000000 0.000000 0.000000 0.000000 0.000000 0.000000 0.000000 0.000000 0.000000 0.000001 0.000001 0.000002 0.000003 0.000005 0.000007 0.000011 0.000016 0.000024 0.000034 0.000048 0.000066 0.000090 0.000120 0.000156 0.000200 0.000252 0.000311 0.000378 0.000450 0.000527 0.000605 0.000683 0.000756 0.000821 0.000876 0.000917 0.000943 0.000952 0.000943 0.000917 0.000876 0.000821 0.000756 0.000683 0.000605 0.000527 0.000450 0.000378 0.000311 0.000252 0.000200 0.000156 0.000120 0.000090 0.000066 0.000048 0.000034 0.000024 0.000016 0.000011 0.000007 0.000005 0.000003 0.000002 0.000001 0.000001 0.000000 0.000000 0.000000 0.000000 0.000000 0.000000 0.000000 0.000000 0.000000 0.000000 0.000000 0.000000 0.000000 0.000000 0.000000 0.000000 0.000000 0.000000 0.000000 0.000000 0.000000 
0.000000 0.000000 0.000000 0.000000 0.000000 0.000000 0.000000 0.000000 0.000000 0.000000 0.000000 0.000000 0.000000 0.000000 0.000000 0.000000 0.000000 0.000000 0.000000 0.000000 0.000000 0.000001 0.000001 0.000002 0.000004 0.000006 0.000009 0.000014 0.000021 0.000032 0.000046 0.000066 0.000092 0.000127 0.000172 0.000229 0.000299 0.000383 0.000482 0.000596 0.000723 0.000861 0.001007 0.001156 0.001303 0.001442 0.001567 0.001672 0.001750 0.001800 0.001816 0.001800 0.001750 0.001672 0.001567 0.001442 0.001303 0.001156 0.001007 0.000861 0.000723 0.000596 0.000482 0.000383 0.000299 0.000229 0.000172 0.000127 0.000092 0.000066 0.000046 0.000032 0.000021 0.000014 0.000009 0.000006 0.000004 0.000002 0.000001 0.000001 0.000000 0.000000 0.000000 0.000000 0.000000 0.000000 0.000000 0.000000 0.000000 0.000000 0.000000 0.000000 0.000000 0.000000 0.000000 0.000000 0.000000 0.000000 0.000000 0.000000 
0.000000 0.000000 0.000000 0.000000 0.000000 0.000000 0.000000 0.000000 0.000000 0.000000 0.000000 0.000000 0.000000 0.000000 0.000000 0.000000 0.000000 0.000000 0.000000 0.000001 0.000001 0.000002 0.000003 0.000004 0.000007 0.000011 0.000018 0.000027 0.000041 0.000060 0.000087 0.000124 0.000175 0.000240 0.000325 0.000432 0.000563 0.000721 0.000907 0.001121 0.001359 0.001618 0.001892 0.002172 0.002448 0.002708 0.002942 0.003138 0.003285 0.003377 0.003409 0.003377 0.003285 0.003138 0.002942 0.002708 0.002448 0.002172 0.001892 0.001618 0.001359 0.001121 0.000907 0.000721 0.000563 0.000432 0.000325 0.000240 0.000175 0.000124 0.000087 0.000060 0.000041 0.000027 0.000018 0.000011 0.000007 0.000004 0.000003 0.000002 0.000001 0.000001 0.000000 0.000000 0.000000 0.000000 0.000000 0.000000 0.000000 0.000000 0.000000 0.000000 0.000000 0.000000 0.000000 0.000000 0.000000 0.000000 0.000000 0.000000 
0.000000 0.000000 0.000000 0.000000 0.000000 0.000000 0.000000 0.000000 0.000000 0.000000 0.000000 0.000000 0.000000 0.000000 0.000000 0.000000 0.000000 0.000000 0.000001 0.000001 0.000002 0.000003 0.000005 0.000008 0.000013 0.000021 0.000033 0.000050 0.000076 0.000112 0.000162 0.000231 0.000324 0.000446 0.000603 0.000801 0.001044 0.001336 0.001680 0.002074 0.002514 0.002992 0.003497 0.004013 0.004522 0.005002 0.005433 0.005794 0.006066 0.006235 0.006293 0.006235 0.006066 0.005794 0.005433 0.005002 0.004522 0.004013 0.003497 0.002992 0.002514 0.002074 0.001680 0.001336 0.001044 0.000801 0.000603 0.000446 0.000324 0.000231 0.000162 0.000112 0.000076 0.000050 0.000033 0.000021 0.000013 0.000008 0.000005 0.000003 0.000002 0.000001 0.000001 0.000000 0.000000 0.000000 0.000000 0.000000 0.000000 0.000000 0.000000 0.000000 0.000000 0.000000 0.000000 0.000000 0.000000 0.000000 0.000000 0.000000 
0.000000 0.000000 0.000000 0.000000 0.000000 0.000000 0.000000 0.000000 0.000000 0.000000 0.000000 0.000000 0.000000 0.000000 0.000000 0.000000 0.000000 0.000001 0.000001 0.000002 0.000003 0.000005 0.000009 0.000015 0.000024 0.000039 0.000060 0.000092 0.000138 0.000204 0.000297 0.000423 0.000592 0.000815 0.001100 0.001460 0.001902 0.002434 0.003059 0.003774 0.004574 0.005442 0.006358 0.007294 0.008216 0.009087 0.009868 0.010522 0.011016 0.011323 0.011427 0.011323 0.011016 0.010522 0.009868 0.009087 0.008216 0.007294 0.006358 0.005442 0.004574 0.003774 0.003059 0.002434 0.001902 0.001460 0.001100 0.000815 0.000592 0.000423 0.000297 0.000204 0.000138 0.000092 0.000060 0.000039 0.000024 0.000015 0.000009 0.000005 0.000003 0.000002 0.000001 0.000001 0.000000 0.000000 0.000000 0.000000 0.000000 0.000000 0.000000 0.000000 0.000000 0.000000 0.000000 0.000000 0.000000 0.000000 0.000000 0.000000 
0.000000 0.000000 0.000000 0.000000 0.000000 0.000000 0.000000 0.000000 0.000000 0.000000 0.000000 0.000000 0.000000 0.000000 0.000000 0.000000 0.000001 0.000001 0.000002 0.000003 0.000006 0.000010 0.000017 0.000027 0.000044 0.000070 0.000108 0.000166 0.000249 0.000368 0.000534 0.000760 0.001064 0.001463 0.001975 0.002618 0.003410 0.004361 0.005477 0.006756 0.008183 0.009733 0.011368 0.013038 0.014684 0.016237 0.017630 0.018796 0.019675 0.020223 0.020409 0.020223 0.019675 0.018796 0.017630 0.016237 0.014684 0.013038 0.011368 0.009733 0.008183 0.006756 0.005477 0.004361 0.003410 0.002618 0.001975 0.001463 0.001064 0.000760 0.000534 0.000368 0.000249 0.000166 0.000108 0.000070 0.000044 0.000027 0.000017 0.000010 0.000006 0.000003 0.000002 0.000001 0.000001 0.000000 0.000000 0.000000 0.000000 0.000000 0.000000 0.000000 0.000000 0.000000 0.000000 0.000000 0.000000 0.000000 0.000000 0.000000 
0.000000 0.000000 0.000000 0.000000 0.000000 0.000000 0.000000 0.000000 0.000000 0.000000 0.000000 0.000000 0.000000 0.000000 0.000000 0.000001 0.000001 0.000002 0.000003 0.000006 0.000010 0.000018 0.000030 0.000048 0.000078 0.000124 0.000192 0.000294 0.000442 0.000651 0.000944 0.001344 0.001880 0.002582 0.003484 0.004617 0.006010 0.007683 0.009645 0.011892 0.014399 0.017121 0.019992 0.022922 0.025809 0.028534 0.030976 0.033020 0.034563 0.035523 0.035848 0.035523 0.034563 0.033020 0.030976 0.028534 0.025809 0.022922 0.019992 0.017121 0.014399 0.011892 0.009645 0.007683 0.006010 0.004617 0.003484 0.002582 0.001880 0.001344 0.000944 0.000651 0.000442 0.000294 0.000192 0.000124 0.000078 0.000048 0.000030 0.000018 0.000010 0.000006 0.000003 0.000002 0.000001 0.000001 0.000000 0.000000 0.000000 0.000000 0.000000 0.000000 0.000000 0.000000 0.000000 0.000000 0.000000 0.000000 0.000000 0.000000 
0.000000 0.000000 0.000000 0.000000 0.000000 0.000000 0.000000 0.000000 0.000000 0.000000 0.000000 0.000000 0.000000 0.000000 0.000001 0.000001 0.000002 0.000003 0.000006 0.000011 0.000018 0.000031 0.000052 0.000085 0.000136 0.000216 0.000336 0.000513 0.000769 0.001134 0.001642 0.002336 0.003265 0.004482 0.006045 0.008007 0.010416 0.013310 0.016703 0.020586 0.024916 0.029617 0.034572 0.039630 0.044610 0.049311 0.053525 0.057050 0.059710 0.061365 0.061926 0.061365 0.059710 0.057050 0.053525 0.049311 0.044610 0.039630 0.034572 0.029617 0.024916 0.020586 0.016703 0.013310 0.010416 0.008007 0.006045 0.004482 0.003265 0.002336 0.001642 0.001134 0.000769 0.000513 0.000336 0.000216 0.000136 0.000085 0.000052 0.000031 0.000018 0.000011 0.000006 0.000003 0.000002 0.000001 0.000001 0.000000 0.000000 0.000000 0.000000 0.000000 0.000000 0.000000 0.000000 0.000000 0.000000 0.000000 0.000000 0.000000 
0.000000 0.000000 0.000000 0.000000 0.000000 0.000000 0.000000 0.000000 0.000000 0.000000 0.000000 0.000000 0.000000 0.000000 0.000001 0.000002 0.000003 0.000006 0.000010 0.000018 0.000032 0.000053 0.000089 0.000146 0.000234 0.000371 0.000576 0.000878 0.001317 0.001940 0.002808 0.003992 0.005576 0.007651 0.010312 0.013652 0.017752 0.022673 0.028442 0.035040 0.042397 0.050380 0.058792 0.067377 0.075828 0.083803 0.090950 0.096929 0.101439 0.104246 0.105198 0.104246 0.101439 0.096929 0.090950 0.083803 0.075828 0.067377 0.058792 0.050380 0.042397 0.035040 0.028442 0.022673 0.017752 0.013652 0.010312 0.007651 0.005576 0.003992 0.002808 0.001940 0.001317 0.000878 0.000576 0.000371 0.000234 0.000146 0.000089 0.000053 0.000032 0.000018 0.000010 0.000006 0.000003 0.000002 0.000001 0.000000 0.000000 0.000000 0.000000 0.000000 0.000000 0.000000 0.000000 0.000000 0.000000 0.000000 0.000000 0.000000 
0.000000 0.000000 0.000000 0.000000 0.000000 0.000000 0.000000 0.000000 0.000000 0.000000 0.000000 0.000000 0.000000 0.000001 0.000002 0.000003 0.000005 0.000010 0.000018 0.000031 0.000053 0.000091 0.000151 0.000246 0.000396 0.000625 0.000970 0.001480 0.002217 0.003264 0.004720 0.006707 0.009363 0.012840 0.017296 0.022887 0.029748 0.037977 0.047620 0.058647 0.070937 0.084267 0.098311 0.112639 0.126741 0.140046 0.151968 0.161939 0.169461 0.174141 0.175730 0.174141 0.169461 0.161939 0.151968 0.140046 0.126741 0.112639 0.098311 0.084267 0.070937 0.058647 0.047620 0.037977 0.029748 0.022887 0.017296 0.012840 0.009363 0.006707 0.004720 0.003264 0.002217 0.001480 0.000970 0.000625 0.000396 0.000246 0.000151 0.000091 0.000053 0.000031 0.000018 0.000010 0.000005 0.000003 0.000002 0.000001 0.000000 0.000000 0.000000 0.000000 0.000000 0.000000 0.000000 0.000000 0.000000 0.000000 0.000000 0.000000 
0.000000 0.000000 0.000000 0.000000 0.000000 0.000000 0.000000 0.000000 0.000000 0.000000 0.000000 0.000000 0.000001 0.000001 0.000003 0.000005 0.000009 0.000017 0.000030 0.000052 0.000089 0.000151 0.000250 0.000409 0.000657 0.001037 0.001608 0.002450 0.003669 0.005397 0.007801 0.011079 0.015456 0.021184 0.028523 0.037724 0.049010 0.062543 0.078393 0.096511 0.116697 0.138587 0.161641 0.185156 0.208293 0.230121 0.249676 0.266030 0.278365 0.286039 0.288644 0.286039 0.278365 0.266030 0.249676 0.230121 0.208293 0.185156 0.161641 0.138587 0.116697 0.096511 0.078393 0.062543 0.049010 0.037724 0.028523 0.021184 0.015456 0.011079 0.007801 0.005397 0.003669 0.002450 0.001608 0.001037 0.000657 0.000409 0.000250 0.000151 0.000089 0.000052 0.000030 0.000017 0.000009 0.000005 0.000003 0.000001 0.000001 0.000000 0.000000 0.000000 0.000000 0.000000 0.000000 0.000000 0.000000 0.000000 0.000000 0.000000 
0.000000 0.000000 0.000000 0.000000 0.000000 0.000000 0.000000 0.000000 0.000000 0.000000 0.000000 0.000001 0.000001 0.000002 0.000004 0.000008 0.000015 0.000027 0.000048 0.000085 0.000146 0.000246 0.000409 0.000668 0.001072 0.001690 0.002619 0.003988 0.005968 0.008774 0.012674 0.017989 0.025083 0.034361 0.046241 0.061130 0.079384 0.101263 0.126879 0.156149 0.188750 0.224092 0.261303 0.299250 0.336579 0.371789 0.403327 0.429700 0.449590 0.461964 0.466164 0.461964 0.449590 0.429700 0.403327 0.371789 0.336579 0.299250 0.261303 0.224092 0.188750 0.156149 0.126879 0.101263 0.079384 0.061130 0.046241 0.034361 0.025083 0.017989 0.012674 0.008774 0.005968 0.003988 0.002619 0.001690 0.001072 0.000668 0.000409 0.000246 0.000146 0.000085 0.000048 0.000027 0.000015 0.000008 0.000004 0.000002 0.000001 0.000001 0.000000 0.000000 0.000000 0.000000 0.000000 0.000000 0.000000 0.000000 0.000000 0.000000 
0.000000 0.000000 0.000000 0.000000 0.000000 0.000000 0.000000 0.000000 0.000000 0.000000 0.000000 0.000001 0.000002 0.000004 0.000007 0.000013 0.000024 0.000044 0.000078 0.000136 0.000234 0.000396 0.000657 0.001072 0.001718 0.002708 0.004193 0.006381 0.009542 0.014020 0.020241 0.028712 0.040015 0.054788 0.073696 0.097382 0.126409 0.161185 0.201886 0.248377 0.300144 0.356245 0.415298 0.475505 0.534720 0.590564 0.640578 0.682395 0.713930 0.733548 0.740206 0.733548 0.713930 0.682395 0.640578 0.590564 0.534720 0.475505 0.415298 0.356245 0.300144 0.248377 0.201886 0.161185 0.126409 0.097382 0.073696 0.054788 0.040015 0.028712 0.020241 0.014020 0.009542 0.006381 0.004193 0.002708 0.001718 0.001072 0.000657 0.000396 0.000234 0.000136 0.000078 0.000044 0.000024 0.000013 0.000007 0.000004 0.000002 0.000001 0.000000 0.000000 0.000000 0.000000 0.000000 0.000000 0.000000 0.000000 0.000000 0.000000 
0.000000 0.000000 0.000000 0.000000 0.000000 0.000000 0.000000 0.000000 0.000000 0.000000 0.000001 0.000002 0.000003 0.000006 0.000011 0.000021 0.000039 0.000070 0.000124 0.000216 0.000371 0.000625 0.001037 0.001690 0.002708 0.004264 0.006598 0.010034 0.014996 0.022021 0.031774 0.045047 0.062749 0.085873 0.115457 0.152499 0.197875 0.252217 0.315796 0.388394 0.469206 0.556760 0.648899 0.742816 0.835168 0.922249 1.000227 1.065418 1.114575 1.145155 1.155533 1.145155 1.114575 1.065418 1.000227 0.922249 0.835168 0.742816 0.648899 0.556760 0.469206 0.388394 0.315796 0.252217 0.197875 0.152499 0.115457 0.085873 0.062749 0.045047 0.031774 0.022021 0.014996 0.010034 0.006598 0.004264 0.002708 0.001690 0.001037 0.000625 0.000371 0.000216 0.000124 0.000070 0.000039 0.000021 0.000011 0.000006 0.000003 0.000002 0.000001 0.000000 0.000000 0.000000 0.000000 0.000000 0.000000 0.000000 0.000000 0.000000 
0.000000 0.000000 0.000000 0.000000 0.000000 0.000000 0.000000 0.000000 0.000000 0.000001 0.000001 0.000002 0.000005 0.000009 0.000018 0.000033 0.000060 0.000108 0.000192 0.000336 0.000576 0.000970 0.001608 0.002619 0.004193 0.006598 0.010204 0.015509 0.023163 0.033994 0.049024 0.069468 0.096718 0.132300 0.177799 0.234746 0.304477 0.387955 0.485588 0.597038 0.721059 0.855391 0.996723 1.140754 1.282357 1.415856 1.535383 1.635300 1.710637 1.757499 1.773403 1.757499 1.710637 1.635300 1.535383 1.415856 1.282357 1.140754 0.996723 0.855391 0.721059 0.597038 0.485588 0.387955 0.304477 0.234746 0.177799 0.132300 0.096718 0.069468 0.049024 0.033994 0.023163 0.015509 0.010204 0.006598 0.004193 0.002619 0.001608 0.000970 0.000576 0.000336 0.000192 0.000108 0.000060 0.000033 0.000018 0.000009 0.000005 0.000002 0.000001 0.000001 0.000000 0.000000 0.000000 0.000000 0.000000 0.000000 0.000000 0.000000 
0.000000 0.000000 0.000000 0.000000 0.000000 0.000000 0.000000 0.000000 0.000000 0.000001 0.000002 0.000004 0.000007 0.000014 0.000027 0.000050 0.000092 0.000166 0.000294 0.000513 0.000878 0.001480 0.002450 0.003988 0.006381 0.010034 0.015509 0.023556 0.035162 0.051577 0.074342 0.105292 0.146524 0.200341 0.269126 0.355184 0.460519 0.586577 0.733960 0.902148 1.089255 1.291866 1.504986 1.722130 1.935576 2.136776 2.316895 2.467448 2.580954 2.651555 2.675517 2.651555 2.580954 2.467448 2.316895 2.136776 1.935576 1.722130 1.504986 1.291866 1.089255 0.902148 0.733960 0.586577 0.460519 0.355184 0.269126 0.200341 0.146524 0.105292 0.074342 0.051577 0.035162 0.023556 0.015509 0.010034 0.006381 0.003988 0.002450 0.001480 0.000878 0.000513 0.000294 0.000166 0.000092 0.000050 0.000027 0.000014 0.000007 0.000004 0.000002 0.000001 0.000000 0.000000 0.000000 0.000000 0.000000 0.000000 0.000000 0.000000 
0.000000 0.000000 0.000000 0.000000 0.000000 0.000000 0.000000 0.000000 0.000001 0.000001 0.000003 0.000006 0.000011 0.000021 0.000041 0.000076 0.000138 0.000249 0.000442 0.000769 0.001317 0.002217 0.003669 0.005968 0.009542 0.014996 0.023163 0.035162 0.052457 0.076906 0.110796 0.156846 0.218170 0.298173 0.400386 0.528216 0.684623 0.871735 1.090432 1.339926 1.617412 1.917817 2.233732 2.555549 2.871831 3.169922 3.436748 3.659753 3.827871 3.932435 3.967922 3.932435 3.827871 3.659753 3.436748 3.169922 2.871831 2.555549 2.233732 1.917817 1.617412 1.339926 1.090432 0.871735 0.684623 0.528216 0.400386 0.298173 0.218170 0.156846 0.110796 0.076906 0.052457 0.035162 0.023163 0.014996 0.009542 0.005968 0.003669 0.002217 0.001317 0.000769 0.000442 0.000249 0.000138 0.000076 0.000041 0.000021 0.000011 0.000006 0.000003 0.000001 0.000001 0.000000 0.000000 0.000000 0.000000 0.000000 0.000000 0.000000 
0.000000 0.000000 0.000000 0.000000 0.000000 0.000000 0.000000 0.000000 0.000001 0.000002 0.000004 0.000008 0.000016 0.000032 0.000060 0.000112 0.000204 0.000368 0.000651 0.001134 0.001940 0.003264 0.005397 0.008774 0.014020 0.022021 0.033994 0.051577 0.076906 0.112694 0.162276 0.229619 0.319257 0.436150 0.585435 0.772065 1.000336 1.273331 1.592310 1.956107 2.360613 2.798428 3.258750 3.727583 4.188276 4.622411 5.010967 5.335680 5.580454 5.732690 5.784355 5.732690 5.580454 5.335680 5.010967 4.622411 4.188276 3.727583 3.258750 2.798428 2.360613 1.956107 1.592310 1.273331 1.000336 0.772065 0.585435 0.436150 0.319257 0.229619 0.162276 0.112694 0.076906 0.051577 0.033994 0.022021 0.014020 0.008774 0.005397 0.003264 0.001940 0.001134 0.000651 0.000368 0.000204 0.000112 0.000060 0.000032 0.000016 0.000008 0.000004 0.000002 0.000001 0.000000 0.000000 0.000000 0.000000 0.000000 0.000000 0.000000 
0.000000 0.000000 0.000000 0.000000 0.000000 0.000000 0.000000 0.000001 0.000001 0.000003 0.000006 0.000012 0.000024 0.000046 0.000087 0.000162 0.000297 0.000534 0.000944 0.001642 0.002808 0.004720 0.007801 0.012674 0.020241 0.031774 0.049024 0.074342 0.110796 0.162276 0.233567 0.330351 0.459122 0.626981 0.841274 1.109076 1.436523 1.828002 2.285289 2.806686 3.386285 4.013470 4.672765 5.344127 6.003730 6.625225 7.181407 7.646160 7.996477 8.214344 8.288281 8.214344 7.996477 7.646160 7.181407 6.625225 6.003730 5.344127 4.672765 4.013470 3.386285 2.806686 2.285289 1.828002 1.436523 1.109076 0.841274 0.626981 0.459122 0.330351 0.233567 0.162276 0.110796 0.074342 0.049024 0.031774 0.020241 0.012674 0.007801 0.004720 0.002808 0.001642 0.000944 0.000534 0.000297 0.000162 0.000087 0.000046 0.000024 0.000012 0.000006 0.000003 0.000001 0.000001 0.000000 0.000000 0.000000 0.000000 0.000000 0.000000 
0.000000 0.000000 0.000000 0.000000 0.000000 0.000000 0.000000 0.000001 0.000002 0.000004 0.000009 0.000018 0.000034 0.000066 0.000124 0.000231 0.000423 0.000760 0.001344 0.002336 0.003992 0.006707 0.011079 0.017989 0.028712 0.045047 0.069468 0.105292 0.156846 0.229619 0.330351 0.467046 0.648846 0.885740 1.188054 1.565730 2.027373 2.579126 3.223450 3.957918 4.774181 5.657271 6.585393 7.530342 8.458601 9.333116 10.115646 10.769483 11.262293 11.568766 11.672770 11.568766 11.262293 10.769483 10.115646 9.333116 8.458601 7.530342 6.585393 5.657271 4.774181 3.957918 3.223450 2.579126 2.027373 1.565730 1.188054 0.885740 0.648846 0.467046 0.330351 0.229619 0.156846 0.105292 0.069468 0.045047 0.028712 0.017989 0.011079 0.006707 0.003992 0.002336 0.001344 0.000760 0.000423 0.000231 0.000124 0.000066 0.000034 0.000018 0.000009 0.000004 0.000002 0.000001 0.000000 0.000000 0.000000 0.000000 0.000000 0.000000 
0.000000 0.000000 0.000000 0.000000 0.000000 0.000000 0.000001 0.000001 0.000003 0.000006 0.000012 0.000025 0.000048 0.000092 0.000175 0.000324 0.000592 0.001064 0.001880 0.003265 0.005576 0.009363 0.015456 0.025083 0.040015 0.062749 0.096718 0.146524 0.218170 0.319257 0.459122 0.648846 0.901077 1.229625 1.648762 2.172213 2.811846 3.576116 4.468377 5.485221 6.615055 7.837140 9.121310 10.428549 11.712515 12.921996 14.004148 14.908258 15.589663 16.013403 16.157200 16.013403 15.589663 14.908258 14.004148 12.921996 11.712515 10.428549 9.121310 7.837140 6.615055 5.485221 4.468377 3.576116 2.811846 2.172213 1.648762 1.229625 0.901077 0.648846 0.459122 0.319257 0.218170 0.146524 0.096718 0.062749 0.040015 0.025083 0.015456 0.009363 0.005576 0.003265 0.001880 0.001064 0.000592 0.000324 0.000175 0.000092 0.000048 0.000025 0.000012 0.000006 0.000003 0.000001 0.000001 0.000000 0.000000 0.000000 0.000000 0.000000 
0.000000 0.000000 0.000000 0.000000 0.000000 0.000000 0.000001 0.000002 0.000004 0.000009 0.000017 0.000034 0.000066 0.000127 0.000240 0.000446 0.000815 0.001463 0.002582 0.004482 0.007651 0.012840 0.021184 0.034361 0.054788 0.085873 0.132300 0.200341 0.298173 0.436150 0.626981 0.885740 1.229625 1.677406 2.248465 2.961430 3.832390 4.872784 6.087108 7.470665 9.007636 10.669780 12.416062 14.193442 15.938943 17.582995 19.053826 20.282573 21.208594 21.784430 21.979837 21.784430 21.208594 20.282573 19.053826 17.582995 15.938943 14.193442 12.416062 10.669780 9.007636 7.470665 6.087108 4.872784 3.832390 2.961430 2.248465 1.677406 1.229625 0.885740 0.626981 0.436150 0.298173 0.200341 0.132300 0.085873 0.054788 0.034361 0.021184 0.012840 0.007651 0.004482 0.002582 0.001463 0.000815 0.000446 0.000240 0.000127 0.000066 0.000034 0.000017 0.000009 0.000004 0.000002 0.000001 0.000000 0.000000 0.000000 0.000000 0.000000 
0.000000 0.000000 0.000000 0.000000 0.000000 0.000001 0.000001 0.000003 0.000006 0.000012 0.000023 0.000046 0.000090 0.000172 0.000325 0.000603 0.001100 0.001975 0.003484 0.006045 0.010312 0.017296 0.028523 0.046241 0.073696 0.115457 0.177799 0.269126 0.400386 0.585435 0.841274 1.188054 1.648762 2.248465 3.013038 3.967328 5.132775 6.524593 8.148708 9.998764 12.053551 14.275279 16.609091 18.984117 21.316250 23.512597 25.477354 27.118612 28.355447 29.124530 29.385510 29.124530 28.355447 27.118612 25.477354 23.512597 21.316250 18.984117 16.609091 14.275279 12.053551 9.998764 8.148708 6.524593 5.132775 3.967328 3.013038 2.248465 1.648762 1.188054 0.841274 0.585435 0.400386 0.269126 0.177799 0.115457 0.073696 0.046241 0.028523 0.017296 0.010312 0.006045 0.003484 0.001975 0.001100 0.000603 0.000325 0.000172 0.000090 0.000046 0.000023 0.000012 0.000006 0.000003 0.000001 0.000001 0.000000 0.000000 0.000000 0.000000 
0.000000 0.000000 0.000000 0.000000 0.000000 0.000001 0.000002 0.000004 0.000008 0.000015 0.000031 0.000061 0.000120 0.000229 0.000432 0.000801 0.001460 0.002618 0.004617 0.008007 0.013652 0.022887 0.037724 0.061130 0.097382 0.152499 0.234746 0.355184 0.528216 0.772065 1.109076 1.565730 2.172213 2.961430 3.967328 5.222483 6.754978 8.584701 10.719336 13.150436 15.850061 18.768519 21.833738 24.952661 28.014890 30.898528 33.477885 35.632401 37.255938 38.265444 38.608004 38.265444 37.255938 35.632401 33.477885 30.898528 28.014890 24.952661 21.833738 18.768519 15.850061 13.150436 10.719336 8.584701 6.754978 5.222483 3.967328 2.961430 2.172213 1.565730 1.109076 0.772065 0.528216 0.355184 0.234746 0.152499 0.097382 0.061130 0.037724 0.022887 0.013652 0.008007 0.004617 0.002618 0.001460 0.000801 0.000432 0.000229 0.000120 0.000061 0.000031 0.000015 0.000008 0.000004 0.000002 0.000001 0.000000 0.000000 0.000000 0.000000 
0.000000 0.000000 0.000000 0.000000 0.000000 0.000001 0.000002 0.000005 0.000010 0.000020 0.000040 0.000080 0.000156 0.000299 0.000563 0.001044 0.001902 0.003410 0.006010 0.010416 0.017752 0.029748 0.049010 0.079384 0.126409 0.197875 0.304477 0.460519 0.684623 1.000336 1.436523 2.027373 2.811846 3.832390 5.132775 6.754978 8.735151 11.098851 13.855877 16.995207 20.480674 24.248075 28.204359 32.229442 36.180917 39.901582 43.229377 46.008879 48.103274 49.405515 49.847402 49.405515 48.103274 46.008879 43.229377 39.901582 36.180917 32.229442 28.204359 24.248075 20.480674 16.995207 13.855877 11.098851 8.735151 6.754978 5.132775 3.832390 2.811846 2.027373 1.436523 1.000336 0.684623 0.460519 0.304477 0.197875 0.126409 0.079384 0.049010 0.029748 0.017752 0.010416 0.006010 0.003410 0.001902 0.001044 0.000563 0.000299 0.000156 0.000080 0.000040 0.000020 0.000010 0.000005 0.000002 0.000001 0.000000 0.000000 0.000000 0.000000 
0.000000 0.000000 0.000000 0.000000 0.000001 0.000001 0.000003 0.000006 0.000013 0.000026 0.000052 0.000103 0.000200 0.000383 0.000721 0.001336 0.002434 0.004361 0.007683 0.013310 0.022673 0.037977 0.062543 0.101263 0.161185 0.252217 0.387955 0.586577 0.871735 1.273331 1.828002 2.579126 3.576116 4.872784 6.524593 8.584701 11.098851 14.099329 17.598417 21.581997 26.004077 30.783138 35.801131 40.905778 45.916550 50.634216 54.853422 58.377253 61.032393 62.683241 63.243413 62.683241 61.032393 58.377253 54.853422 50.634216 45.916550 40.905778 35.801131 30.783138 26.004077 21.581997 17.598417 14.099329 11.098851 8.584701 6.524593 4.872784 3.576116 2.579126 1.828002 1.273331 0.871735 0.586577 0.387955 0.252217 0.161185 0.101263 0.062543 0.037977 0.022673 0.013310 0.007683 0.004361 0.002434 0.001336 0.000721 0.000383 0.000200 0.000103 0.000052 0.000026 0.000013 0.000006 0.000003 0.000001 0.000001 0.000000 0.000000 0.000000 
0.000000 0.000000 0.000000 0.000000 0.000001 0.000002 0.000004 0.000008 0.000016 0.000033 0.000066 0.000130 0.000252 0.000482 0.000907 0.001680 0.003059 0.005477 0.009645 0.016703 0.028442 0.047620 0.078393 0.126879 0.201886 0.315796 0.485588 0.733960 1.090432 1.592310 2.285289 3.223450 4.468377 6.087108 8.148708 10.719336 13.855877 17.598417 21.962101 26.929168 32.442159 38.399376 44.653648 51.015221 57.259200 63.137448 68.394247 72.784422 76.092197 78.148769 78.846601 78.148769 76.092197 72.784422 68.394247 63.137448 57.259200 51.015221 44.653648 38.399376 32.442159 26.929168 21.962101 17.598417 13.855877 10.719336 8.148708 6.087108 4.468377 3.223450 2.285289 1.592310 1.090432 0.733960 0.485588 0.315796 0.201886 0.126879 0.078393 0.047620 0.028442 0.016703 0.009645 0.005477 0.003059 0.001680 0.000907 0.000482 0.000252 0.000130 0.000066 0.000033 0.000016 0.000008 0.000004 0.000002 0.000001 0.000000 0.000000 0.000000 
0.000000 0.000000 0.000000 0.000000 0.000001 0.000002 0.000005 0.000010 0.000020 0.000040 0.000081 0.000160 0.000311 0.000596 0.001121 0.002074 0.003774 0.006756 0.011892 0.020586 0.035040 0.058647 0.096511 0.156149 0.248377 0.388394 0.597038 0.902148 1.339926 1.956107 2.806686 3.957918 5.485221 7.470665 9.998764 13.150436 16.995207 21.581997 26.929168 33.014787 39.768326 47.065124 54.724899 62.515295 70.161005 77.358330 83.794342 89.169054 93.218474 95.736090 96.590352 95.736090 93.218474 89.169054 83.794342 77.358330 70.161005 62.515295 54.724899 47.065124 39.768326 33.014787 26.929168 21.581997 16.995207 13.150436 9.998764 7.470665 5.485221 3.957918 2.806686 1.956107 1.339926 0.902148 0.597038 0.388394 0.248377 0.156149 0.096511 0.058647 0.035040 0.020586 0.011892 0.006756 0.003774 0.002074 0.001121 0.000596 0.000311 0.000160 0.000081 0.000040 0.000020 0.000010 0.000005 0.000002 0.000001 0.000000 0.000000 0.000000 
0.000000 0.000000 0.000000 0.000001 0.000001 0.000003 0.000005 0.000012 0.000024 0.000049 0.000098 0.000195 0.000378 0.000723 0.001359 0.002514 0.004574 0.008183 0.014399 0.024916 0.042397 0.070937 0.116697 0.188750 0.300144 0.469206 0.721059 1.089255 1.617412 2.360613 3.386285 4.774181 6.615055 9.007636 12.053551 15.850061 20.480674 26.004077 32.442159 39.768326 47.897529 56.679632 65.897634 75.271958 84.471429 93.130791 100.873739 107.339571 112.210894 115.239435 116.267050 115.239435 112.210894 107.339571 100.873739 93.130791 84.471429 75.271958 65.897634 56.679632 47.897529 39.768326 32.442159 26.004077 20.480674 15.850061 12.053551 9.007636 6.615055 4.774181 3.386285 2.360613 1.617412 1.089255 0.721059 0.469206 0.300144 0.188750 0.116697 0.070937 0.042397 0.024916 0.014399 0.008183 0.004574 0.002514 0.001359 0.000723 0.000378 0.000195 0.000098 0.000049 0.000024 0.000012 0.000005 0.000003 0.000001 0.000001 0.000000 0.000000 
0.000000 0.000000 0.000000 0.000001 0.000001 0.000003 0.000007 0.000014 0.000029 0.000059 0.000117 0.000232 0.000450 0.000861 0.001618 0.002992 0.005442 0.009733 0.017121 0.029617 0.050380 0.084267 0.138587 0.224092 0.356245 0.556760 0.855391 1.291866 1.917817 2.798428 4.013470 5.657271 7.837140 10.669780 14.275279 18.768519 24.248075 30.783138 38.399376 47.065124 56.679632 67.065241 77.965307 89.049288 99.925725 110.162949 119.316294 126.959571 132.717792 136.297649 137.512318 136.297649 132.717792 126.959571 119.316294 110.162949 99.925725 89.049288 77.965307 67.065241 56.679632 47.065124 38.399376 30.783138 24.248075 18.768519 14.275279 10.669780 7.837140 5.657271 4.013470 2.798428 1.917817 1.291866 0.855391 0.556760 0.356245 0.224092 0.138587 0.084267 0.050380 0.029617 0.017121 0.009733 0.005442 0.002992 0.001618 0.000861 0.000450 0.000232 0.000117 0.000059 0.000029 0.000014 0.000007 0.000003 0.000001 0.000001 0.000000 0.000000 
0.000000 0.000000 0.000000 0.000001 0.000002 0.000004 0.000008 0.000016 0.000034 0.000069 0.000137 0.000271 0.000527 0.001007 0.001892 0.003497 0.006358 0.011368 0.019992 0.034572 0.058792 0.098311 0.161641 0.261303 0.415298 0.648899 0.996723 1.504986 2.233732 3.258750 4.672765 6.585393 9.121310 12.416062 16.609091 21.833738 28.204359 35.801131 44.653648 54.724899 65.897634 77.965307 90.629688 103.506781 116.141920 128.033815 138.666138 147.544065 154.232246 158.390176 159.800976 158.390176 154.232246 147.544065 138.666138 128.033815 116.141920 103.506781 90.629688 77.965307 65.897634 54.724899 44.653648 35.801131 28.204359 21.833738 16.609091 12.416062 9.121310 6.585393 4.672765 3.258750 2.233732 1.504986 0.996723 0.648899 0.415298 0.261303 0.161641 0.098311 0.058792 0.034572 0.019992 0.011368 0.006358 0.003497 0.001892 0.001007 0.000527 0.000271 0.000137 0.000069 0.000034 0.000016 0.000008 0.000004 0.000002 0.000001 0.000000 0.000000 
