0.000000 0.000000 0.000000 0.000000 0.000000 0.000000 0.000000 0.000000 0.000000 0.000000 0.000000 0.000000 0.000000 0.000000 0.000000 0.000000 0.000000 0.000000 0.000000 0.000000 0.000000 0.000000 0.000000 0.000000 0.000000 0.000000 0.000000 0.000000 0.000000 0.000000 0.000000 0.000000 0.000000 0.000000 0.000000 0.000000 0.000000 0.000000 0.000000 0.000000 0.000000 0.000000 0.000000 0.000000 0.000000 0.000000 0.000000 0.000000 0.000000 0.000000 0.000000 0.000000 0.000000 0.000000 0.000000 0.000000 0.000000 0.000000 0.000000 0.000000 0.000000 0.000000 0.000000 0.000000 0.000000 0.000000 0.000000 0.000000 0.000000 0.000000 0.000000 0.000000 0.000000 0.000000 0.000000 0.000000 0.000000 0.000000 0.000000 0.000000 0.000000 0.000000 0.000000 0.000000 0.000000 0.000000 0.000000 0.000000 0.000000 0.000000 0.000000 0.000000 0.000000 0.000000 0.000000 0.000000 0.000000 0.000000 0.000000 0.000000 
0.000000 0.000000 0.000000 0.000000 0.000000 0.000000 0.000000 0.000001 0.000001 0.000001 0.000002 0.000002 0.000004 0.000005 0.000007 0.000009 0.000013 0.000017 0.000023 0.000030 0.000040 0.000051 0.000066 0.000085 0.000108 0.000135 0.000168 0.000207 0.000254 0.000307 0.000369 0.000440 0.000519 0.000607 0.000703 0.000808 0.000920 0.001038 0.001161 0.001288 0.001415 0.001540 0.001662 0.001778 0.001884 0.001979 0.002061 0.002127 0.002175 0.002204 0.002214 0.002204 0.002175 0.002127 0.002061 0.001979 0.001884 0.001778 0.001662 0.001540 0.001415 0.001288 0.001161 0.001038 0.000920 0.000808 0.000703 0.000607 0.000519 0.000440 0.000369 0.000307 0.000254 0.000207 0.000168 0.000135 0.000108 0.000085 0.000066 0.000051 0.000040 0.000030 0.000023 0.000017 0.000013 0.000009 0.000007 0.000005 0.000004 0.000002 0.000002 0.000001 0.000001 0.000001 0.000000 0.000000 0.000000 0.000000 0.000000 0.000000 
0.000000 0.000000 0.000000 0.000000 0.000000 0.000001 0.000001 0.000001 0.000002 0.000003 0.000004 0.000005 0.000008 0.000011 0.000015 0.000020 0.000027 0.000037 0.000049 0.000065 0.000086 0.000112 0.000144 0.000184 0.000233 0.000293 0.000364 0.000449 0.000549 0.000666 0.000800 0.000952 0.001124 0.001314 0.001523 0.001750 0.001992 0.002248 0.002515 0.002787 0.003062 0.003334 0.003598 0.003848 0.004079 0.004285 0.004461 0.004603 0.004707 0.004771 0.004793 0.004771 0.004707 0.004603 0.004461 0.004285 0.004079 0.003848 0.003598 0.003334 0.003062 0.002787 0.002515 0.002248 0.001992 0.001750 0.001523 0.001314 0.001124 0.000952 0.000800 0.000666 0.000549 0.000449 0.000364 0.000293 0.000233 0.000184 0.000144 0.000112 0.000086 0.000065 0.000049 0.000037 0.000027 0.000020 0.000015 0.000011 0.000008 0.000005 0.000004 0.000003 0.000002 0.000001 0.000001 0.000001 0.000000 0.000000 0.000000 0.000000 
0.000000 0.000000 0.000000 0.000000 0.000001 0.000001 0.000001 0.000002 0.000003 0.000005 0.000006 0.000009 0.000013 0.000018 0.000025 0.000034 0.000047 0.000063 0.000084 0.000111 0.000146 0.000190 0.000245 0.000313 0.000397 0.000498 0.000620 0.000764 0.000935 0.001133 0.001360 0.001620 0.001911 0.002235 0.002590 0.002975 0.003387 0.003822 0.004275 0.004738 0.005205 0.005667 0.006116 0.006541 0.006933 0.007283 0.007582 0.007824 0.008001 0.008109 0.008145 0.008109 0.008001 0.007824 0.007582 0.007283 0.006933 0.006541 0.006116 0.005667 0.005205 0.004738 0.004275 0.003822 0.003387 0.002975 0.002590 0.002235 0.001911 0.001620 0.001360 0.001133 0.000935 0.000764 0.000620 0.000498 0.000397 0.000313 0.000245 0.000190 0.000146 0.000111 0.000084 0.000063 0.000047 0.000034 0.000025 0.000018 0.000013 0.000009 0.000006 0.000005 0.000003 0.000002 0.000001 0.000001 0.000001 0.000000 0.000000 0.000000 
0.000000 0.000000 0.000000 0.000001 0.000001 0.000002 0.000002 0.000003 0.000005 0.000007 0.000010 0.000014 0.000020 0.000028 0.000039 0.000054 0.000073 0.000099 0.000132 0.000175 0.000230 0.000299 0.000385 0.000492 0.000623 0.000782 0.000974 0.001201 0.001468 0.001779 0.002136 0.002543 0.003000 0.003508 0.004066 0.004670 0.005317 0.005999 0.006709 0.007436 0.008168 0.008893 0.009596 0.010262 0.010877 0.011426 0.011896 0.012274 0.012552 0.012722 0.012779 0.012722 0.012552 0.012274 0.011896 0.011426 0.010877 0.010262 0.009596 0.008893 0.008168 0.007436 0.006709 0.005999 0.005317 0.004670 0.004066 0.003508 0.003000 0.002543 0.002136 0.001779 0.001468 0.001201 0.000974 0.000782 0.000623 0.000492 0.000385 0.000299 0.000230 0.000175 0.000132 0.000099 0.000073 0.000054 0.000039 0.000028 0.000020 0.000014 0.000010 0.000007 0.000005 0.000003 0.000002 0.000002 0.000001 0.000001 0.000000 0.000000 
0.000000 0.000000 0.000001 0.000001 0.000002 0.000002 0.000003 0.000005 0.000007 0.000011 0.000016 0.000022 0.000031 0.000043 0.000060 0.000082 0.000112 0.000150 0.000201 0.000266 0.000348 0.000453 0.000584 0.000746 0.000945 0.001187 0.001477 0.001821 0.002226 0.002697 0.003239 0.003855 0.004547 0.005317 0.006161 0.007077 0.008056 0.009089 0.010164 0.011264 0.012373 0.013471 0.014535 0.015543 0.016474 0.017305 0.018015 0.018589 0.019009 0.019266 0.019352 0.019266 0.019009 0.018589 0.018015 0.017305 0.016474 0.015543 0.014535 0.013471 0.012373 0.011264 0.010164 0.009089 0.008056 0.007077 0.006161 0.005317 0.004547 0.003855 0.003239 0.002697 0.002226 0.001821 0.001477 0.001187 0.000945 0.000746 0.000584 0.000453 0.000348 0.000266 0.000201 0.000150 0.000112 0.000082 0.000060 0.000043 0.000031 0.000022 0.000016 0.000011 0.000007 0.000005 0.000003 0.000002 0.000001 0.000001 0.000000 0.000000 
0.000000 0.000000 0.000001 0.000001 0.000002 0.000003 0.000005 0.000008 0.000011 0.000016 0.000023 0.000033 0.000046 0.000065 0.000089 0.000122 0.000166 0.000224 0.000299 0.000396 0.000519 0.000675 0.000870 0.001111 0.001407 0.001766 0.002197 0.002709 0.003311 0.004011 0.004816 0.005732 0.006761 0.007904 0.009159 0.010519 0.011973 0.013508 0.015104 0.016739 0.018386 0.020015 0.021595 0.023092 0.024474 0.025707 0.026763 0.027614 0.028238 0.028619 0.028747 0.028619 0.028238 0.027614 0.026763 0.025707 0.024474 0.023092 0.021595 0.020015 0.018386 0.016739 0.015104 0.013508 0.011973 0.010519 0.009159 0.007904 0.006761 0.005732 0.004816 0.004011 0.003311 0.002709 0.002197 0.001766 0.001407 0.001111 0.000870 0.000675 0.000519 0.000396 0.000299 0.000224 0.000166 0.000122 0.000089 0.000065 0.000046 0.000033 0.000023 0.000016 0.000011 0.000008 0.000005 0.000003 0.000002 0.000001 0.000001 0.000000 
0.000000 0.000001 0.000001 0.000002 0.000003 0.000005 0.000008 0.000011 0.000016 0.000024 0.000034 0.000048 0.000068 0.000095 0.000131 0.000180 0.000245 0.000329 0.000440 0.000582 0.000763 0.000992 0.001278 0.001633 0.002067 0.002594 0.003227 0.003979 0.004862 0.005889 0.007070 0.008413 0.009923 0.011600 0.013440 0.015434 0.017567 0.019817 0.022157 0.024553 0.026967 0.029355 0.031671 0.033866 0.035891 0.037698 0.039245 0.040492 0.041407 0.041965 0.042153 0.041965 0.041407 0.040492 0.039245 0.037698 0.035891 0.033866 0.031671 0.029355 0.026967 0.024553 0.022157 0.019817 0.017567 0.015434 0.013440 0.011600 0.009923 0.008413 0.007070 0.005889 0.004862 0.003979 0.003227 0.002594 0.002067 0.001633 0.001278 0.000992 0.000763 0.000582 0.000440 0.000329 0.000245 0.000180 0.000131 0.000095 0.000068 0.000048 0.000034 0.000024 0.000016 0.000011 0.000008 0.000005 0.000003 0.000002 0.000001 0.000000 
0.000000 0.000001 0.000002 0.000003 0.000005 0.000007 0.000011 0.000016 0.000024 0.000035 0.000050 0.000071 0.000099 0.000138 0.000191 0.000262 0.000356 0.000479 0.000640 0.000846 0.001110 0.001443 0.001859 0.002374 0.003005 0.003771 0.004690 0.005782 0.007065 0.008557 0.010272 0.012222 0.014413 0.016847 0.019518 0.022411 0.025506 0.028771 0.032166 0.035642 0.039144 0.042609 0.045968 0.049151 0.052088 0.054710 0.056953 0.058762 0.060088 0.060899 0.061171 0.060899 0.060088 0.058762 0.056953 0.054710 0.052088 0.049151 0.045968 0.042609 0.039144 0.035642 0.032166 0.028771 0.025506 0.022411 0.019518 0.016847 0.014413 0.012222 0.010272 0.008557 0.007065 0.005782 0.004690 0.003771 0.003005 0.002374 0.001859 0.001443 0.001110 0.000846 0.000640 0.000479 0.000356 0.000262 0.000191 0.000138 0.000099 0.000071 0.000050 0.000035 0.000024 0.000016 0.000011 0.000007 0.000005 0.000003 0.000001 0.000000 
0.000000 0.000001 0.000003 0.000005 0.000007 0.000011 0.000016 0.000024 0.000035 0.000050 0.000072 0.000102 0.000143 0.000200 0.000276 0.000378 0.000513 0.000691 0.000922 0.001220 0.001600 0.002079 0.002678 0.003420 0.004329 0.005431 0.006754 0.008325 0.010171 0.012317 0.014784 0.017588 0.020740 0.024239 0.028079 0.032240 0.036689 0.041382 0.046262 0.051259 0.056292 0.061270 0.066097 0.070672 0.074892 0.078660 0.081883 0.084481 0.086387 0.087551 0.087943 0.087551 0.086387 0.084481 0.081883 0.078660 0.074892 0.070672 0.066097 0.061270 0.056292 0.051259 0.046262 0.041382 0.036689 0.032240 0.028079 0.024239 0.020740 0.017588 0.014784 0.012317 0.010171 0.008325 0.006754 0.005431 0.004329 0.003420 0.002678 0.002079 0.001600 0.001220 0.000922 0.000691 0.000513 0.000378 0.000276 0.000200 0.000143 0.000102 0.000072 0.000050 0.000035 0.000024 0.000016 0.000011 0.000007 0.000004 0.000002 0.000000 
0.000000 0.000002 0.000004 0.000006 0.000010 0.000016 0.000023 0.000034 0.000050 0.000072 0.000103 0.000146 0.000205 0.000286 0.000395 0.000541 0.000734 0.000988 0.001318 0.001743 0.002285 0.002969 0.003824 0.004883 0.006180 0.007752 0.009639 0.011879 0.014512 0.017571 0.021088 0.025086 0.029578 0.034566 0.040038 0.045967 0.052306 0.058992 0.065944 0.073063 0.080232 0.087323 0.094198 0.100714 0.106724 0.112089 0.116680 0.120379 0.123094 0.124752 0.125309 0.124752 0.123094 0.120379 0.116680 0.112089 0.106724 0.100714 0.094198 0.087323 0.080232 0.073063 0.065944 0.058992 0.052306 0.045967 0.040038 0.034566 0.029578 0.025086 0.021088 0.017571 0.014512 0.011879 0.009639 0.007752 0.006180 0.004883 0.003824 0.002969 0.002285 0.001743 0.001318 0.000988 0.000734 0.000541 0.000395 0.000286 0.000205 0.000146 0.000103 0.000072 0.000050 0.000034 0.000023 0.000015 0.000010 0.000006 0.000003 0.000000 
0.000000 0.000002 0.000005 0.000009 0.000014 0.000022 0.000033 0.000048 0.000071 0.000102 0.000146 0.000207 0.000291 0.000405 0.000559 0.000766 0.001040 0.001399 0.001867 0.002468 0.003235 0.004203 0.005413 0.006911 0.008745 0.010968 0.013636 0.016803 0.020524 0.024849 0.029819 0.035468 0.041815 0.048862 0.056593 0.064967 0.073921 0.083364 0.093182 0.103235 0.113358 0.123371 0.133078 0.142277 0.150763 0.158337 0.164817 0.170040 0.173872 0.176213 0.177000 0.176213 0.173872 0.170040 0.164817 0.158337 0.150763 0.142277 0.133078 0.123371 0.113358 0.103235 0.093182 0.083364 0.073921 0.064967 0.056593 0.048862 0.041815 0.035468 0.029819 0.024849 0.020524 0.016803 0.013636 0.010968 0.008745 0.006911 0.005413 0.004203 0.003235 0.002468 0.001867 0.001399 0.001040 0.000766 0.000559 0.000405 0.000291 0.000207 0.000146 0.000102 0.000070 0.000048 0.000033 0.000022 0.000014 0.000008 0.000004 0.000000 
0.000000 0.000004 0.000008 0.000013 0.000020 0.000031 0.000046 0.000068 0.000099 0.000143 0.000205 0.000291 0.000408 0.000569 0.000786 0.001076 0.001461 0.001965 0.002621 0.003465 0.004541 0.005899 0.007596 0.009695 0.012267 0.015383 0.019123 0.023562 0.028777 0.034836 0.041800 0.049713 0.058604 0.068474 0.079301 0.091028 0.103565 0.116788 0.130534 0.144606 0.158778 0.172795 0.186383 0.199258 0.211135 0.221736 0.230806 0.238116 0.243478 0.246754 0.247856 0.246754 0.243478 0.238116 0.230806 0.221736 0.211135 0.199258 0.186383 0.172795 0.158778 0.144606 0.130534 0.116788 0.103565 0.091028 0.079301 0.068474 0.058604 0.049713 0.041800 0.034836 0.028777 0.023562 0.019123 0.015383 0.012267 0.009695 0.007596 0.005899 0.004541 0.003465 0.002621 0.001965 0.001461 0.001076 0.000786 0.000569 0.000408 0.000291 0.000205 0.000143 0.000099 0.000068 0.000046 0.000030 0.000019 0.000011 0.000005 0.000000 
0.000000 0.000005 0.000011 0.000018 0.000028 0.000043 0.000065 0.000095 0.000138 0.000200 0.000286 0.000405 0.000569 0.000793 0.001095 0.001499 0.002034 0.002736 0.003648 0.004822 0.006318 0.008207 0.010566 0.013485 0.017058 0.021390 0.026586 0.032755 0.039999 0.048416 0.058088 0.069078 0.081424 0.095130 0.110161 0.126442 0.143847 0.162202 0.181281 0.200813 0.220481 0.239933 0.258790 0.276657 0.293137 0.307848 0.320432 0.330574 0.338015 0.342560 0.344088 0.342560 0.338015 0.330574 0.320432 0.307848 0.293137 0.276657 0.258790 0.239933 0.220481 0.200813 0.181281 0.162202 0.143847 0.126442 0.110161 0.095130 0.081424 0.069078 0.058088 0.048416 0.039999 0.032755 0.026586 0.021390 0.017058 0.013485 0.010566 0.008207 0.006318 0.004822 0.003648 0.002736 0.002034 0.001499 0.001095 0.000793 0.000569 0.000405 0.000286 0.000200 0.000138 0.000095 0.000064 0.000042 0.000027 0.000016 0.000007 0.000000 
0.000000 0.000007 0.000015 0.000025 0.000039 0.000060 0.000089 0.000131 0.000191 0.000276 0.000395 0.000559 0.000786 0.001095 0.001511 0.002069 0.002807 0.003775 0.005033 0.006652 0.008716 0.011319 0.014571 0.018593 0.023517 0.029485 0.036643 0.045140 0.055117 0.066708 0.080027 0.095159 0.112155 0.131022 0.151713 0.174122 0.198076 0.223335 0.249590 0.276466 0.303528 0.330291 0.356234 0.380814 0.403486 0.423723 0.441033 0.454985 0.465221 0.471473 0.473575 0.471473 0.465221 0.454985 0.441033 0.423723 0.403486 0.380814 0.356234 0.330291 0.303528 0.276466 0.249590 0.223335 0.198076 0.174122 0.151713 0.131022 0.112155 0.095159 0.080027 0.066708 0.055117 0.045140 0.036643 0.029485 0.023517 0.018593 0.014571 0.011319 0.008716 0.006652 0.005033 0.003775 0.002807 0.002069 0.001511 0.001095 0.000786 0.000559 0.000395 0.000276 0.000191 0.000131 0.000088 0.000059 0.000038 0.000022 0.000010 0.000000 
0.000000 0.000009 0.000020 0.000034 0.000054 0.000082 0.000122 0.000180 0.000262 0.000378 0.000541 0.000766 0.001076 0.001499 0.002069 0.002831 0.003841 0.005165 0.006885 0.009098 0.011918 0.015475 0.019919 0.025414 0.032141 0.040292 0.050068 0.061670 0.075294 0.091118 0.109299 0.129954 0.153152 0.178901 0.207136 0.237713 0.270396 0.304858 0.340677 0.377340 0.414255 0.450761 0.486147 0.519672 0.550594 0.578193 0.601802 0.620829 0.634788 0.643313 0.646181 0.643313 0.634788 0.620829 0.601802 0.578193 0.550594 0.519672 0.486147 0.450761 0.414255 0.377340 0.340677 0.304858 0.270396 0.237713 0.207136 0.178901 0.153152 0.129954 0.109299 0.091118 0.075294 0.061670 0.050068 0.040292 0.032141 0.025414 0.019919 0.015475 0.011918 0.009098 0.006885 0.005165 0.003840 0.002831 0.002069 0.001499 0.001076 0.000766 0.000540 0.000378 0.000262 0.000179 0.000121 0.000080 0.000051 0.000030 0.000014 0.000000 
0.000000 0.000013 0.000027 0.000047 0.000073 0.000112 0.000166 0.000245 0.000356 0.000513 0.000734 0.001040 0.001461 0.002034 0.002807 0.003841 0.005209 0.007004 0.009336 0.012335 0.016155 0.020975 0.026994 0.034436 0.043546 0.054584 0.067820 0.083526 0.101967 0.123385 0.147990 0.175941 0.207330 0.242167 0.280366 0.321729 0.365939 0.412552 0.460996 0.510581 0.560503 0.609870 0.657719 0.703052 0.744863 0.782180 0.814100 0.839826 0.858699 0.870226 0.874102 0.870226 0.858699 0.839826 0.814100 0.782180 0.744863 0.703052 0.657719 0.609870 0.560503 0.510581 0.460996 0.412552 0.365939 0.321729 0.280366 0.242167 0.207330 0.175941 0.147990 0.123385 0.101967 0.083526 0.067820 0.054584 0.043546 0.034436 0.026994 0.020975 0.016155 0.012335 0.009336 0.007004 0.005209 0.003840 0.002807 0.002034 0.001460 0.001040 0.000734 0.000513 0.000355 0.000244 0.000165 0.000109 0.000070 0.000041 0.000019 0.000000 
0.000000 0.000017 0.000037 0.000063 0.000099 0.000150 0.000224 0.000329 0.000479 0.000691 0.000988 0.001399 0.001965 0.002736 0.003775 0.005165 0.007004 0.009416 0.012549 0.016578 0.021710 0.028182 0.036265 0.046258 0.058488 0.073305 0.091070 0.112148 0.136894 0.165633 0.198644 0.236141 0.278247 0.324974 0.376207 0.431679 0.490965 0.553470 0.618426 0.684908 0.751840 0.818024 0.882170 0.942940 0.998988 1.049011 1.091798 1.126281 1.151578 1.167028 1.172224 1.167028 1.151578 1.126281 1.091798 1.049011 0.998988 0.942940 0.882170 0.818024 0.751840 0.684908 0.618426 0.553470 0.490965 0.431679 0.376207 0.324974 0.278247 0.236141 0.198644 0.165633 0.136894 0.112148 0.091070 0.073305 0.058488 0.046258 0.036265 0.028182 0.021710 0.016578 0.012549 0.009416 0.007004 0.005165 0.003775 0.002736 0.001965 0.001399 0.000988 0.000691 0.000479 0.000328 0.000222 0.000147 0.000094 0.000056 0.000026 0.000000 
0.000000 0.000023 0.000049 0.000084 0.000132 0.000201 0.000299 0.000440 0.000640 0.000922 0.001318 0.001867 0.002621 0.003648 0.005033 0.006885 0.009336 0.012549 0.016721 0.022087 0.028920 0.037537 0.048297 0.061598 0.077875 0.097592 0.121230 0.149274 0.182194 0.220421 0.264329 0.314197 0.370191 0.432326 0.500446 0.574199 0.653016 0.736107 0.822453 0.910822 0.999784 1.087748 1.173002 1.253765 1.328250 1.394725 1.451585 1.497409 1.531024 1.551555 1.558460 1.551555 1.531024 1.497409 1.451585 1.394725 1.328250 1.253765 1.173002 1.087748 0.999784 0.910822 0.822453 0.736107 0.653016 0.574199 0.500446 0.432326 0.370191 0.314197 0.264329 0.220421 0.182194 0.149274 0.121230 0.097592 0.077875 0.061598 0.048297 0.037537 0.028920 0.022087 0.016721 0.012549 0.009336 0.006885 0.005033 0.003648 0.002621 0.001866 0.001318 0.000922 0.000639 0.000438 0.000296 0.000197 0.000126 0.000074 0.000034 0.000000 
0.000000 0.000030 0.000065 0.000111 0.000175 0.000266 0.000396 0.000582 0.000846 0.001220 0.001743 0.002468 0.003465 0.004822 0.006652 0.009098 0.012335 0.016578 0.022087 0.029170 0.038190 0.049564 0.063763 0.081313 0.102788 0.128799 0.159979 0.196967 0.240381 0.290791 0.348686 0.414434 0.488252 0.570161 0.659953 0.757163 0.861041 0.970545 1.084334 1.200781 1.318005 1.433909 1.546237 1.652645 1.750778 1.838357 1.913265 1.973634 2.017918 2.044965 2.054061 2.044965 2.017918 1.973634 1.913265 1.838357 1.750778 1.652645 1.546237 1.433909 1.318005 1.200781 1.084334 0.970545 0.861041 0.757163 0.659953 0.570161 0.488252 0.414434 0.348686 0.290791 0.240381 0.196967 0.159979 0.128799 0.102788 0.081313 0.063763 0.049564 0.038190 0.029170 0.022087 0.016578 0.012335 0.009098 0.006652 0.004822 0.003465 0.002468 0.001743 0.001219 0.000845 0.000580 0.000392 0.000260 0.000167 0.000098 0.000046 0.000000 
0.000000 0.000040 0.000086 0.000146 0.000230 0.000348 0.000519 0.000763 0.001110 0.001600 0.002285 0.003235 0.004541 0.006318 0.008716 0.011918 0.016155 0.021710 0.028920 0.038190 0.049993 0.064873 0.083448 0.106405 0.134493 0.168509 0.209281 0.257642 0.314401 0.380300 0.455976 0.541911 0.638386 0.745427 0.862762 0.989781 1.125506 1.268573 1.417229 1.569351 1.722481 1.873880 2.020603 2.159588 2.287761 2.402147 2.499982 2.578825 2.636662 2.671985 2.683865 2.671985 2.636662 2.578825 2.499982 2.402147 2.287761 2.159588 2.020603 1.873880 1.722481 1.569351 1.417229 1.268573 1.125506 0.989781 0.862762 0.745427 0.638386 0.541911 0.455976 0.380300 0.314401 0.257642 0.209281 0.168509 0.134493 0.106405 0.083448 0.064873 0.049993 0.038190 0.028920 0.021710 0.016155 0.011918 0.008715 0.006318 0.004541 0.003235 0.002284 0.001599 0.001108 0.000760 0.000515 0.000342 0.000219 0.000129 0.000060 0.000000 
0.000000 0.000051 0.000112 0.000190 0.000299 0.000453 0.000675 0.000992 0.001443 0.002079 0.002969 0.004203 0.005899 0.008207 0.011319 0.015475 0.020975 0.028182 0.037537 0.049564 0.064873 0.084172 0.108261 0.138029 0.174446 0.218544 0.271396 0.334080 0.407641 0.493041 0.591103 0.702451 0.827445 0.966118 1.118117 1.282651 1.458452 1.643751 1.836280 2.033288 2.231593 2.427649 2.617641 2.797609 2.963571 3.111678 3.238352 3.340435 3.415318 3.461052 3.476433 3.461052 3.415318 3.340435 3.238352 3.111678 2.963571 2.797609 2.617641 2.427649 2.231593 2.033288 1.836280 1.643751 1.458452 1.282651 1.118117 0.966118 0.827445 0.702451 0.591103 0.493041 0.407641 0.334080 0.271396 0.218544 0.174446 0.138029 0.108261 0.084172 0.064873 0.049563 0.037537 0.028182 0.020975 0.015475 0.011318 0.008207 0.005899 0.004203 0.002968 0.002078 0.001441 0.000988 0.000669 0.000444 0.000284 0.000168 0.000078 0.000000 
0.000000 0.000066 0.000144 0.000245 0.000385 0.000584 0.000870 0.001278 0.001859 0.002678 0.003824 0.005413 0.007596 0.010566 0.014571 0.019919 0.026994 0.036265 0.048297 0.063763 0.083448 0.108261 0.139229 0.177493 0.224298 0.280971 0.348887 0.429430 0.523940 0.633652 0.759620 0.902643 1.063183 1.241280 1.436478 1.647761 1.873498 2.111419 2.358610 2.611542 2.866126 3.117813 3.361709 3.592728 3.805763 3.995873 4.158469 4.289499 4.385615 4.444317 4.464058 4.444317 4.385615 4.289499 4.158469 3.995873 3.805763 3.592728 3.361709 3.117813 2.866126 2.611542 2.358610 2.111419 1.873498 1.647761 1.436478 1.241280 1.063183 0.902643 0.759620 0.633652 0.523940 0.429430 0.348887 0.280971 0.224298 0.177493 0.139229 0.108261 0.083448 0.063763 0.048297 0.036265 0.026994 0.019919 0.014570 0.010566 0.007596 0.005413 0.003823 0.002677 0.001856 0.001274 0.000862 0.000573 0.000367 0.000217 0.000100 0.000000 
0.000000 0.000085 0.000184 0.000313 0.000492 0.000746 0.001111 0.001633 0.002374 0.003420 0.004883 0.006911 0.009695 0.013485 0.018593 0.025414 0.034436 0.046258 0.061598 0.081313 0.106405 0.138029 0.177493 0.226249 0.285884 0.358083 0.444598 0.547189 0.667560 0.807281 0.967691 1.149808 1.354213 1.580958 1.829460 2.098422 2.385768 2.688608 3.003232 3.325147 3.649154 3.969461 4.279841 4.573826 4.844919 5.086834 5.293733 5.460462 5.582764 5.657457 5.682577 5.657457 5.582764 5.460462 5.293733 5.086834 4.844919 4.573826 4.279841 3.969461 3.649154 3.325147 3.003232 2.688608 2.385768 2.098422 1.829460 1.580958 1.354213 1.149808 0.967691 0.807281 0.667560 0.547189 0.444598 0.358083 0.285884 0.226249 0.177493 0.138029 0.106405 0.081313 0.061598 0.046258 0.034436 0.025414 0.018592 0.013484 0.009695 0.006910 0.004882 0.003418 0.002370 0.001627 0.001102 0.000732 0.000469 0.000277 0.000128 0.000000 
0.000000 0.000108 0.000233 0.000397 0.000623 0.000945 0.001407 0.002067 0.003005 0.004329 0.006180 0.008745 0.012267 0.017058 0.023517 0.032141 0.043546 0.058488 0.077875 0.102788 0.134493 0.174446 0.224298 0.285884 0.361203 0.452382 0.561630 0.691168 0.843144 1.019535 1.222031 1.451911 1.709908 1.996083 2.309699 2.649116 3.011714 3.393844 3.790824 4.196987 4.605772 5.009875 5.401442 5.772314 6.114298 6.419467 6.680460 6.890778 7.045052 7.139271 7.170957 7.139271 7.045052 6.890778 6.680460 6.419467 6.114298 5.772314 5.401442 5.009875 4.605772 4.196987 3.790824 3.393844 3.011714 2.649116 2.309699 1.996083 1.709908 1.451911 1.222031 1.019535 0.843144 0.691168 0.561630 0.452382 0.361203 0.285884 0.224298 0.174446 0.134493 0.102788 0.077875 0.058488 0.043546 0.032141 0.023517 0.017058 0.012266 0.008743 0.006178 0.004326 0.003001 0.002060 0.001395 0.000926 0.000594 0.000351 0.000162 0.000000 
0.000000 0.000135 0.000293 0.000498 0.000782 0.001187 0.001766 0.002594 0.003771 0.005431 0.007752 0.010968 0.015383 0.021390 0.029485 0.040292 0.054584 0.073305 0.097592 0.128799 0.168509 0.218544 0.280971 0.358083 0.452382 0.566528 0.703283 0.865421 1.055630 1.276379 1.529781 1.817429 2.140240 2.498285 2.890638 3.315248 3.768833 4.246827 4.743376 5.251389 5.762662 6.268061 6.757767 7.221578 7.649252 8.030878 8.357254 8.620257 8.813175 8.930994 8.970616 8.930994 8.813175 8.620257 8.357254 8.030878 7.649252 7.221578 6.757767 6.268061 5.762662 5.251389 4.743376 4.246827 3.768833 3.315248 2.890638 2.498285 2.140240 1.817429 1.529781 1.276379 1.055630 0.865421 0.703283 0.566528 0.452382 0.358083 0.280971 0.218544 0.168509 0.128799 0.097592 0.073304 0.054584 0.040292 0.029485 0.021390 0.015383 0.010967 0.007750 0.005427 0.003765 0.002585 0.001751 0.001163 0.000745 0.000440 0.000204 0.000000 
0.000000 0.000168 0.000364 0.000620 0.000974 0.001477 0.002197 0.003227 0.004690 0.006754 0.009639 0.013636 0.019123 0.026586 0.036643 0.050068 0.067820 0.091070 0.121230 0.159979 0.209281 0.271396 0.348887 0.444598 0.561630 0.703283 0.872977 1.074154 1.310141 1.583999 1.898343 2.255147 2.655541 3.099610 3.586205 4.112774 4.675248 5.267964 5.883660 6.513547 7.147453 7.774054 8.381181 8.956188 9.486383 9.959481 10.364081 10.690113 10.929262 11.075314 11.124432 11.075314 10.929262 10.690113 10.364081 9.959481 9.486383 8.956188 8.381181 7.774054 7.147453 6.513547 5.883660 5.267964 4.675248 4.112774 3.586205 3.099610 2.655541 2.255147 1.898343 1.583999 1.310141 1.074154 0.872977 0.703283 0.561630 0.444598 0.348887 0.271396 0.209280 0.159979 0.121230 0.091070 0.067820 0.050068 0.036643 0.026586 0.019122 0.013634 0.009636 0.006749 0.004683 0.003215 0.002178 0.001447 0.000927 0.000548 0.000254 0.000000 
0.000000 0.000207 0.000449 0.000764 0.001201 0.001821 0.002709 0.003979 0.005782 0.008325 0.011879 0.016803 0.023562 0.032755 0.045140 0.061670 0.083526 0.112148 0.149274 0.196967 0.257642 0.334080 0.429430 0.547189 0.691168 0.865421 1.074154 1.321592 1.611825 1.948610 2.335157 2.773890 3.266191 3.812163 4.410384 5.057718 5.749159 6.477742 7.234542 8.008754 8.787879 9.558002 10.304168 11.010841 11.662425 12.243829 12.741046 13.141705 13.435590 13.615070 13.675429 13.615070 13.435590 13.141705 12.741046 12.243829 11.662425 11.010841 10.304168 9.558002 8.787879 8.008754 7.234542 6.477742 5.749159 5.057718 4.410384 3.812163 3.266191 2.773890 2.335157 1.948610 1.611825 1.321592 1.074154 0.865421 0.691168 0.547189 0.429430 0.334080 0.257642 0.196967 0.149274 0.112148 0.083526 0.061670 0.045139 0.032754 0.023561 0.016801 0.011876 0.008319 0.005773 0.003964 0.002686 0.001785 0.001144 0.000676 0.000313 0.000000 
0.000000 0.000254 0.000549 0.000935 0.001468 0.002226 0.003311 0.004862 0.007065 0.010171 0.014512 0.020524 0.028777 0.039999 0.055117 0.075294 0.101967 0.136894 0.182194 0.240381 0.314401 0.407641 0.523940 0.667560 0.843144 1.055630 1.310141 1.611825 1.965660 2.376221 2.847415 3.382188 3.982223 4.647636 5.376691 6.165562 7.008144 7.895949 8.818101 9.761435 10.710723 11.649014 12.558091 13.419031 14.212840 14.921138 15.526863 16.014954 16.372967 16.591610 16.665139 16.591610 16.372967 16.014954 15.526863 14.921138 14.212840 13.419031 12.558091 11.649014 10.710723 9.761435 8.818101 7.895949 7.008144 6.165562 5.376691 4.647636 3.982223 3.382188 2.847415 2.376221 1.965660 1.611825 1.310141 1.055630 0.843144 0.667560 0.523940 0.407641 0.314401 0.240381 0.182193 0.136894 0.101966 0.075293 0.055117 0.039998 0.028775 0.020522 0.014508 0.010164 0.007054 0.004844 0.003283 0.002181 0.001398 0.000826 0.000383 0.000000 
0.000000 0.000307 0.000666 0.001133 0.001779 0.002697 0.004011 0.005889 0.008557 0.012317 0.017571 0.024849 0.034836 0.048416 0.066708 0.091118 0.123385 0.165633 0.220421 0.290791 0.380300 0.493041 0.633652 0.807281 1.019535 1.276379 1.583999 1.948610 2.376221 2.872353 3.441722 4.087879 4.812850 5.616768 6.497533 7.450516 8.468338 9.540746 10.654599 11.793999 12.940552 14.073790 15.171715 16.211480 17.170149 18.025533 18.757035 19.346467 19.778811 20.042847 20.131641 20.042847 19.778811 19.346467 18.757035 18.025533 17.170149 16.211480 15.171715 14.073790 12.940552 11.793999 10.654599 9.540746 8.468338 7.450516 6.497533 5.616768 4.812850 4.087879 3.441722 2.872353 2.376221 1.948610 1.583999 1.276379 1.019535 0.807281 0.633652 0.493041 0.380300 0.290791 0.220421 0.165633 0.123385 0.091118 0.066708 0.048415 0.034834 0.024846 0.017566 0.012309 0.008543 0.005868 0.003977 0.002643 0.001694 0.001001 0.000464 0.000000 
0.000000 0.000369 0.000800 0.001360 0.002136 0.003239 0.004816 0.007070 0.010272 0.014784 0.021088 0.029819 0.041800 0.058088 0.080027 0.109299 0.147990 0.198644 0.264329 0.348686 0.455976 0.591103 0.759620 0.967691 1.222031 1.529781 1.898343 2.335157 2.847415 3.441722 4.123716 4.897645 5.765928 6.728715 7.783485 8.924690 10.143489 11.427602 12.761293 14.125527 15.498285 16.855061 18.169526 19.414332 20.562028 21.586057 22.461766 23.167391 23.684957 24.001037 24.107333 24.001037 23.684957 23.167391 22.461766 21.586057 20.562028 19.414332 18.169526 16.855061 15.498285 14.125527 12.761293 11.427602 10.143489 8.924690 7.783485 6.728715 5.765928 4.897645 4.123716 3.441722 2.847415 2.335157 1.898343 1.529781 1.222031 0.967691 0.759620 0.591103 0.455976 0.348686 0.264329 0.198644 0.147990 0.109299 0.080026 0.058087 0.041798 0.029815 0.021082 0.014774 0.010256 0.007044 0.004775 0.003173 0.002034 0.001202 0.000557 0.000000 
0.000000 0.000440 0.000952 0.001620 0.002543 0.003855 0.005732 0.008413 0.012222 0.017588 0.025086 0.035468 0.049713 0.069078 0.095159 0.129954 0.175941 0.236141 0.314197 0.414434 0.541911 0.702451 0.902643 1.149808 1.451911 1.817429 2.255147 2.773890 3.382188 4.087879 4.897645 5.816522 6.847372 7.990365 9.242501 10.597188 12.043927 13.568137 15.151142 16.770346 18.399620 20.009883 21.569893 23.047199 24.409233 25.624484 26.663705 27.501076 28.115270 28.490359 28.616499 28.490359 28.115270 27.501076 26.663705 25.624484 24.409233 23.047199 21.569893 20.009883 18.399620 16.770346 15.151142 13.568137 12.043927 10.597188 9.242501 7.990365 6.847372 5.816522 4.897645 4.087879 3.382188 2.773890 2.255147 1.817429 1.451911 1.149808 0.902643 0.702451 0.541911 0.414434 0.314197 0.236141 0.175940 0.129954 0.095158 0.069077 0.049711 0.035464 0.025079 0.017576 0.012202 0.008382 0.005683 0.003777 0.002421 0.001431 0.000663 0.000000 
0.000000 0.000519 0.001124 0.001911 0.003000 0.004547 0.006761 0.009923 0.014413 0.020740 0.029578 0.041815 0.058604 0.081424 0.112155 0.153152 0.207330 0.278247 0.370191 0.488252 0.638386 0.827445 1.063183 1.354213 1.709908 2.140240 2.655541 3.266191 3.982223 4.812850 5.765928 6.847372 8.060539 9.405625 10.879087 12.473162 14.175492 15.968916 17.831458 19.736534 21.653404 23.547860 25.383153 27.121112 28.723431 30.153052 31.375575 32.360635 33.083151 33.524390 33.672775 33.524390 33.083151 32.360635 31.375575 30.153052 28.723431 27.121112 25.383153 23.547860 21.653404 19.736534 17.831458 15.968916 14.175492 12.473162 10.879087 9.405625 8.060539 6.847372 5.765928 4.812850 3.982223 3.266191 2.655541 2.140240 1.709908 1.354213 1.063183 0.827445 0.638386 0.488252 0.370190 0.278246 0.207329 0.153152 0.112154 0.081422 0.058600 0.041810 0.029569 0.020725 0.014390 0.009886 0.006703 0.004456 0.002857 0.001689 0.000783 0.000000 
0.000000 0.000607 0.001314 0.002235 0.003508 0.005317 0.007904 0.011600 0.016847 0.024239 0.034566 0.048862 0.068474 0.095130 0.131022 0.178901 0.242167 0.324974 0.432326 0.570161 0.745427 0.966118 1.241280 1.580958 1.996083 2.498285 3.099610 3.812163 4.647636 5.616768 6.728715 7.990365 9.405625 10.974710 12.693481 14.552873 16.538468 18.630244 20.802570 23.024440 25.260006 27.469380 29.609708 31.636487 33.505055 35.172204 36.597829 37.746529 38.589064 39.103597 39.276629 39.103597 38.589064 37.746529 36.597829 35.172204 33.505055 31.636487 29.609708 27.469380 25.260006 23.024440 20.802570 18.630244 16.538468 14.552873 12.693481 10.974710 9.405625 7.990365 6.728715 5.616768 4.647636 3.812163 3.099610 2.498285 1.996083 1.580958 1.241280 0.966118 0.745427 0.570161 0.432325 0.324974 0.242167 0.178900 0.131021 0.095127 0.068470 0.048856 0.034556 0.024223 0.016820 0.011557 0.007836 0.005209 0.003340 0.001975 0.000915 0.000000 
0.000000 0.000703 0.001523 0.002590 0.004066 0.006161 0.009159 0.013440 0.019518 0.028079 0.040038 0.056593 0.079301 0.110161 0.151713 0.207136 0.280366 0.376207 0.500446 0.659953 0.862762 1.118117 1.436478 1.829460 2.309699 2.890638 3.586205 4.410384 5.376691 6.497533 7.783485 9.242501 10.879087 12.693481 14.680886 16.830814 19.126585 21.545049 24.056569 26.625300 29.209802 31.763964 34.238256 36.581239 38.741294 40.668483 42.316457 43.644303 44.618230 45.213000 45.413016 45.213000 44.618230 43.644303 42.316457 40.668483 38.741294 36.581239 34.238256 31.763964 29.209802 26.625300 24.056569 21.545049 19.126585 16.830814 14.680886 12.693481 10.879087 9.242501 7.783485 6.497533 5.376691 4.410384 3.586205 2.890638 2.309699 1.829460 1.436478 1.118117 0.862762 0.659953 0.500446 0.376207 0.280365 0.207136 0.151712 0.110159 0.079296 0.056586 0.040026 0.028060 0.019487 0.013390 0.009080 0.006037 0.003871 0.002289 0.001061 0.000000 
0.000000 0.000808 0.001750 0.002975 0.004670 0.007077 0.010519 0.015434 0.022411 0.032240 0.045967 0.064967 0.091028 0.126442 0.174122 0.237713 0.321729 0.431679 0.574199 0.757163 0.989781 1.282651 1.647761 2.098422 2.649116 3.315248 4.112774 5.057718 6.165562 7.450516 8.924690 10.597188 12.473162 14.552873 16.830814 19.294952 21.926165 24.697917 27.576238 30.520051 33.481868 36.408855 39.244259 41.929144 44.404371 46.612726 48.501111 50.022653 51.138643 51.820166 52.049356 51.820166 51.138643 50.022653 48.501111 46.612726 44.404371 41.929144 39.244259 36.408855 33.481868 30.520051 27.576238 24.697917 21.926165 19.294952 16.830814 14.552873 12.473162 10.597188 8.924690 7.450516 6.165562 5.057718 4.112774 3.315248 2.649116 2.098422 1.647761 1.282651 0.989781 0.757163 0.574198 0.431679 0.321729 0.237712 0.174120 0.126439 0.091023 0.064959 0.045953 0.032218 0.022376 0.015377 0.010428 0.006934 0.004447 0.002629 0.001219 0.000000 
0.000000 0.000920 0.001992 0.003387 0.005317 0.008056 0.011973 0.017567 0.025506 0.036689 0.052306 0.073921 0.103565 0.143847 0.198076 0.270396 0.365939 0.490965 0.653016 0.861041 1.125506 1.458452 1.873498 2.385768 3.011714 3.768833 4.675248 5.749159 7.008144 8.468338 10.143489 12.043927 14.175492 16.538468 19.126585 21.926165 24.915476 28.064364 31.334237 34.678433 38.043007 41.367949 44.588799 47.638621 50.450247 52.958703 55.103685 56.831964 58.099579 58.873695 59.134022 58.873695 58.099579 56.831964 55.103685 52.958703 50.450247 47.638621 44.588799 41.367949 38.043007 34.678433 31.334237 28.064364 24.915476 21.926165 19.126585 16.538468 14.175492 12.043927 10.143489 8.468338 7.008144 5.749159 4.675248 3.768833 3.011714 2.385768 1.873498 1.458452 1.125506 0.861041 0.653016 0.490965 0.365938 0.270395 0.198074 0.143844 0.103560 0.073911 0.052290 0.036664 0.025465 0.017502 0.011870 0.007893 0.005062 0.002993 0.001387 0.000000 
0.000000 0.001038 0.002248 0.003822 0.005999 0.009089 0.013508 0.019817 0.028771 0.041382 0.058992 0.083364 0.116788 0.162202 0.223335 0.304858 0.412552 0.553470 0.736107 0.970545 1.268573 1.643751 2.111419 2.688608 3.393844 4.246827 5.267964 6.477742 7.895949 9.540746 11.427602 13.568137 15.968916 18.630244 21.545049 24.697917 28.064364 31.610429 35.292652 39.058486 42.847191 46.591199 50.217935 53.652040 56.817894 59.642352 62.057525 64.003491 65.430761 66.302375 66.595488 66.302375 65.430761 64.003491 62.057525 59.642352 56.817894 53.652040 50.217935 46.591199 42.847191 39.058486 35.292652 31.610429 28.064364 24.697917 21.545049 18.630244 15.968916 13.568137 11.427602 9.540746 7.895949 6.477742 5.267964 4.246827 3.393844 2.688608 2.111419 1.643751 1.268573 0.970545 0.736106 0.553469 0.412551 0.304857 0.223332 0.162198 0.116782 0.083354 0.058975 0.041354 0.028725 0.019743 0.013391 0.008905 0.005712 0.003377 0.001565 0.000000 
0.000000 0.001161 0.002515 0.004275 0.006709 0.010164 0.015104 0.022157 0.032166 0.046262 0.065944 0.093182 0.130534 0.181281 0.249590 0.340677 0.460996 0.618426 0.822453 1.084334 1.417229 1.836280 2.358610 3.003232 3.790824 4.743376 5.883660 7.234542 8.818101 10.654599 12.761293 15.151142 17.831458 20.802570 24.056569 27.576238 31.334237 35.292652 39.402965 43.606524 47.835534 52.014580 56.062666 59.895688 63.429257 66.581743 69.277388 71.449322 73.042321 74.015139 74.342285 74.015139 73.042321 71.449322 69.277388 66.581743 63.429257 59.895688 56.062666 52.014580 47.835534 43.606524 39.402965 35.292652 31.334237 27.576238 24.056569 20.802570 17.831458 15.151142 12.761293 10.654599 8.818101 7.234542 5.883660 4.743376 3.790824 3.003232 2.358610 1.836280 1.417229 1.084333 0.822453 0.618426 0.460995 0.340675 0.249587 0.181277 0.130527 0.093171 0.065925 0.046230 0.032115 0.022074 0.014973 0.009958 0.006387 0.003777 0.001751 0.000000 
0.000000 0.001288 0.002787 0.004738 0.007436 0.011264 0.016739 0.024553 0.035642 0.051259 0.073063 0.103235 0.144606 0.200813 0.276466 0.377340 0.510581 0.684908 0.910822 1.200781 1.569351 2.033288 2.611542 3.325147 4.196987 5.251389 6.513547 8.008754 9.761435 11.793999 14.125527 16.770346 19.736534 23.024440 26.625300 30.520051 34.678433 39.058486 43.606524 48.257652 52.936857 57.560708 62.039597 66.280481 70.190004 73.677866 76.660263 79.063224 80.825661 81.901948 82.263889 81.901948 80.825661 79.063224 76.660263 73.677866 70.190004 66.280481 62.039597 57.560708 52.936857 48.257652 43.606524 39.058486 34.678433 30.520051 26.625300 23.024440 19.736534 16.770346 14.125527 11.793999 9.761435 8.008754 6.513547 5.251389 4.196987 3.325147 2.611542 2.033288 1.569351 1.200781 0.910821 0.684908 0.510580 0.377338 0.276463 0.200808 0.144598 0.103221 0.073041 0.051224 0.035586 0.024462 0.016594 0.011036 0.007079 0.004186 0.001941 0.000000 
0.000000 0.001415 0.003062 0.005205 0.008168 0.012373 0.018386 0.026967 0.039144 0.056292 0.080232 0.113358 0.158778 0.220481 0.303528 0.414255 0.560503 0.751840 0.999784 1.318005 1.722481 2.231593 2.866126 3.649154 4.605772 5.762662 7.147453 8.787879 10.710723 12.940552 15.498285 18.399620 21.653404 25.260006 29.209802 33.481868 38.043007 42.847191 47.835534 52.936857 58.068896 63.140151 68.052353 72.703470 76.991131 80.816313 84.087122 86.722446 88.655299 89.835652 90.232590 89.835652 88.655299 86.722446 84.087122 80.816313 76.991131 72.703470 68.052353 63.140151 58.068896 52.936857 47.835534 42.847191 38.043007 33.481868 29.209802 25.260006 21.653404 18.399620 15.498285 12.940552 10.710723 8.787879 7.147453 5.762662 4.605772 3.649154 2.866126 2.231593 1.722481 1.318005 0.999784 0.751839 0.560502 0.414253 0.303525 0.220476 0.158769 0.113343 0.080208 0.056253 0.039082 0.026867 0.018226 0.012122 0.007777 0.004599 0.002132 0.000000 
0.000000 0.001540 0.003334 0.005667 0.008893 0.013471 0.020015 0.029355 0.042609 0.061270 0.087323 0.123371 0.172795 0.239933 0.330291 0.450761 0.609870 0.818024 1.087748 1.433909 1.873880 2.427649 3.117813 3.969461 5.009875 6.268061 7.774054 9.558002 11.649014 14.073790 16.855061 20.009883 23.547860 27.469380 31.763964 36.408855 41.367949 46.591199 52.014580 57.560708 63.140151 68.653438 73.993746 79.050163 83.711410 87.869850 91.425595 94.290479 96.391693 97.674858 98.106369 97.674858 96.391693 94.290479 91.425595 87.869850 83.711410 79.050163 73.993746 68.653438 63.140151 57.560708 52.014580 46.591199 41.367949 36.408855 31.763964 27.469380 23.547860 20.009883 16.855061 14.073790 11.649014 9.558002 7.774054 6.268061 5.009875 3.969461 3.117813 2.427648 1.873880 1.433909 1.087748 0.818023 0.609869 0.450759 0.330288 0.239928 0.172785 0.123355 0.087297 0.061228 0.042541 0.029246 0.019841 0.013197 0.008466 0.005007 0.002321 0.000000 
0.000000 0.001662 0.003598 0.006116 0.009596 0.014535 0.021595 0.031671 0.045968 0.066097 0.094198 0.133078 0.186383 0.258790 0.356234 0.486147 0.657719 0.882170 1.173002 1.546237 2.020603 2.617641 3.361709 4.279841 5.401442 6.757767 8.381181 10.304168 12.558091 15.171715 18.169526 21.569893 25.383153 29.609708 34.238256 39.244259 44.588799 50.217935 56.062666 62.039597 68.052353 73.993746 79.748669 85.197609 90.220660 94.701847 98.533539 101.620741 103.885004 105.267736 105.732729 105.267736 103.885004 101.620741 98.533539 94.701847 90.220660 85.197609 79.748669 73.993746 68.052353 62.039597 56.062666 50.217935 44.588799 39.244259 34.238256 29.609708 25.383153 21.569893 18.169526 15.171715 12.558091 10.304168 8.381181 6.757767 5.401442 4.279841 3.361709 2.617641 2.020603 1.546237 1.173001 0.882170 0.657718 0.486144 0.356230 0.258784 0.186372 0.133061 0.094171 0.066052 0.045894 0.031553 0.021407 0.014240 0.009135 0.005403 0.002505 0.000000 
