0.000000 0.000000 0.000000 0.000000 0.000000 0.000000 0.000000 0.000000 0.000000 0.000000 0.000000 0.000000 0.000000 0.000000 0.000000 0.000000 0.000000 0.000000 0.000000 0.000000 0.000000 0.000000 0.000000 0.000000 0.000000 0.000000 0.000000 0.000000 0.000000 0.000000 0.000000 0.000000 0.000000 0.000000 0.000000 0.000000 0.000000 0.000000 0.000000 0.000000 0.000000 0.000000 0.000000 0.000000 0.000000 0.000000 0.000000 0.000000 0.000000 0.000000 0.000000 0.000000 0.000000 0.000000 0.000000 0.000000 0.000000 0.000000 0.000000 0.000000 0.000000 0.000000 0.000000 0.000000 0.000000 0.000000 0.000000 0.000000 0.000000 0.000000 0.000000 0.000000 0.000000 0.000000 0.000000 0.000000 0.000000 0.000000 0.000000 0.000000 0.000000 0.000000 0.000000 0.000000 0.000000 0.000000 0.000000 0.000000 0.000000 0.000000 0.000000 0.000000 0.000000 0.000000 0.000000 0.000000 0.000000 0.000000 0.000000 0.000000 
0.000000 0.000000 0.000000 0.000000 0.000000 0.000000 0.000000 0.000000 0.000000 0.000000 0.000000 0.000000 0.000000 0.000000 0.000000 0.000000 0.000000 0.000000 0.000000 0.000000 0.000000 0.000000 0.000000 0.000000 0.000000 0.000000 0.000000 0.000000 0.000000 0.000000 0.000000 0.000000 0.000000 0.000000 0.000000 0.000000 0.000000 0.000000 0.000000 0.000000 0.000000 0.000000 0.000000 0.000000 0.000000 0.000000 0.000000 0.000000 0.000000 0.000000 0.000000 0.000000 0.000000 0.000000 0.000000 0.000000 0.000000 0.000000 0.000000 0.000000 0.000000 0.000000 0.000000 0.000000 0.000000 0.000000 0.000000 0.000000 0.000000 0.000000 0.000000 0.000000 0.000000 0.000000 0.000000 0.000000 0.000000 0.000000 0.000000 0.000000 0.000000 0.000000 0.000000 0.000000 0.000000 0.000000 0.000000 0.000000 0.000000 0.000000 0.000000 0.000000 0.000000 0.000000 0.000000 0.000000 0.000000 0.000000 0.000000 0.000000 
0.000000 0.000000 0.000000 0.000000 0.000000 0.000000 0.000000 0.000000 0.000000 0.000000 0.000000 0.000000 0.000000 0.000000 0.000000 0.000000 0.000000 0.000000 0.000000 0.000000 0.000000 0.000000 0.000000 0.000000 0.000000 0.000000 0.000000 0.000000 0.000000 0.000000 0.000000 0.000000 0.000000 0.000000 0.000000 0.000000 0.000000 0.000000 0.000000 0.000000 0.000000 0.000000 0.000000 0.000000 0.000000 0.000000 0.000000 0.000000 0.000000 0.000000 0.000000 0.000000 0.000000 0.000000 0.000000 0.000000 0.000000 0.000000 0.000000 0.000000 0.000000 0.000000 0.000000 0.000000 0.000000 0.000000 0.000000 0.000000 0.000000 0.000000 0.000000 0.000000 0.000000 0.000000 0.000000 0.000000 0.000000 0.000000 0.000000 0.000000 0.000000 0.000000 0.000000 0.000000 0.000000 0.000000 0.000000 0.000000 0.000000 0.000000 0.000000 0.000000 0.000000 0.000000 0.000000 0.000000 0.000000 0.000000 0.000000 0.000000 
0.000000 0.000000 0.000000 0.000000 0.000000 0.000000 0.000000 0.000000 0.000000 0.000000 0.000000 0.000000 0.000000 0.000000 0.000000 0.000000 0.000000 0.000000 0.000000 0.000000 0.000000 0.000000 0.000000 0.000000 0.000000 0.000000 0.000000 0.000000 0.000000 0.000000 0.000000 0.000000 0.000000 0.000000 0.000000 0.000000 0.000000 0.000000 0.000000 0.000000 0.000000 0.000000 0.000000 0.000000 0.000000 0.000000 0.000000 0.000000 0.000000 0.000000 0.000000 0.000000 0.000000 0.000000 0.000000 0.000000 0.000000 0.000000 0.000000 0.000000 0.000000 0.000000 0.000000 0.000000 0.000000 0.000000 0.000000 0.000000 0.000000 0.000000 0.000000 0.000000 0.000000 0.000000 0.000000 0.000000 0.000000 0.000000 0.000000 0.000000 0.000000 0.000000 0.000000 0.000000 0.000000 0.000000 0.000000 0.000000 0.000000 0.000000 0.000000 0.000000 0.000000 0.000000 0.000000 0.000000 0.000000 0.000000 0.000000 0.000000 
0.000000 0.000000 0.000000 0.000000 0.000000 0.000000 0.000000 0.000000 0.000000 0.000000 0.000000 0.000000 0.000000 0.000000 0.000000 0.000000 0.000000 0.000000 0.000000 0.000000 0.000000 0.000000 0.000000 0.000000 0.000000 0.000000 0.000000 0.000000 0.000000 0.000000 0.000000 0.000000 0.000000 0.000000 0.000000 0.000000 0.000000 0.000000 0.000000 0.000000 0.000000 0.000000 0.000000 0.000000 0.000000 0.000000 0.000000 0.000000 0.000000 0.000000 0.000000 0.000000 0.000000 0.000000 0.000000 0.000000 0.000000 0.000000 0.000000 0.000000 0.000000 0.000000 0.000000 0.000000 0.000000 0.000000 0.000000 0.000000 0.000000 0.000000 0.000000 0.000000 0.000000 0.000000 0.000000 0.000000 0.000000 0.000000 0.000000 0.000000 0.000000 0.000000 0.000000 0.000000 0.000000 0.000000 0.000000 0.000000 0.000000 0.000000 0.000000 0.000000 0.000000 0.000000 0.000000 0.000000 0.000000 0.000000 0.000000 0.000000 
0.000000 0.000000 0.000000 0.000000 0.000000 0.000000 0.000000 0.000000 0.000000 0.000000 0.000000 0.000000 0.000000 0.000000 0.000000 0.000000 0.000000 0.000000 0.000000 0.000000 0.000000 0.000000 0.000000 0.000000 0.000000 0.000000 0.000000 0.000000 0.000000 0.000000 0.000000 0.000000 0.000000 0.000000 0.000000 0.000000 0.000000 0.000000 0.000000 0.000000 0.000000 0.000000 0.000000 0.000000 0.000000 0.000000 0.000000 0.000000 0.000000 0.000000 0.000000 0.000000 0.000000 0.000000 0.000000 0.000000 0.000000 0.000000 0.000000 0.000000 0.000000 0.000000 0.000000 0.000000 0.000000 0.000000 0.000000 0.000000 0.000000 0.000000 0.000000 0.000000 0.000000 0.000000 0.000000 0.000000 0.000000 0.000000 0.000000 0.000000 0.000000 0.000000 0.000000 0.000000 0.000000 0.000000 0.000000 0.000000 0.000000 0.000000 0.000000 0.000000 0.000000 0.000000 0.000000 0.000000 0.000000 0.000000 0.000000 0.000000 
0.000000 0.000000 0.000000 0.000000 0.000000 0.000000 0.000000 0.000000 0.000000 0.000000 0.000000 0.000000 0.000000 0.000000 0.000000 0.000000 0.000000 0.000000 0.000000 0.000000 0.000000 0.000000 0.000000 0.000000 0.000000 0.000000 0.000000 0.000000 0.000000 0.000000 0.000000 0.000000 0.000000 0.000000 0.000000 0.000000 0.000000 0.000000 0.000000 0.000000 0.000000 0.000000 0.000000 0.000001 0.000001 0.000001 0.000001 0.000001 0.000001 0.000001 0.000001 0.000001 0.000001 0.000001 0.000001 0.000001 0.000001 0.000001 0.000000 0.000000 0.000000 0.000000 0.000000 0.000000 0.000000 0.000000 0.000000 0.000000 0.000000 0.000000 0.000000 0.000000 0.000000 0.000000 0.000000 0.000000 0.000000 0.000000 0.000000 0.000000 0.000000 0.000000 0.000000 0.000000 0.000000 0.000000 0.000000 0.000000 0.000000 0.000000 0.000000 0.000000 0.000000 0.000000 0.000000 0.000000 0.000000 0.000000 0.000000 0.000000 
0.000000 0.000000 0.000000 0.000000 0.000000 0.000000 0.000000 0.000000 0.000000 0.000000 0.000000 0.000000 0.000000 0.000000 0.000000 0.000000 0.000000 0.000000 0.000000 0.000000 0.000000 0.000000 0.000000 0.000000 0.000000 0.000000 0.000000 0.000000 0.000000 0.000000 0.000000 0.000000 0.000000 0.000000 0.000000 0.000000 0.000000 0.000000 0.000000 0.000001 0.000001 0.000001 0.000001 0.000001 0.000002 0.000002 0.000002 0.000002 0.000002 0.000002 0.000002 0.000002 0.000002 0.000002 0.000002 0.000002 0.000002 0.000001 0.000001 0.000001 0.000001 0.000001 0.000000 0.000000 0.000000 0.000000 0.000000 0.000000 0.000000 0.000000 0.000000 0.000000 0.000000 0.000000 0.000000 0.000000 0.000000 0.000000 0.000000 0.000000 0.000000 0.000000 0.000000 0.000000 0.000000 0.000000 0.000000 0.000000 0.000000 0.000000 0.000000 0.000000 0.000000 0.000000 0.000000 0.000000 0.000000 0.000000 0.000000 0.000000 
0.000000 0.000000 0.000000 0.000000 0.000000 0.000000 0.000000 0.000000 0.000000 0.000000 0.000000 0.000000 0.000000 0.000000 0.000000 0.000000 0.000000 0.000000 0.000000 0.000000 0.000000 0.000000 0.000000 0.000000 0.000000 0.000000 0.000000 0.000000 0.000000 0.000000 0.000000 0.000000 0.000000 0.000000 0.000000 0.000000 0.000001 0.000001 0.000001 0.000001 0.000002 0.000002 0.000003 0.000003 0.000004 0.000004 0.000005 0.000005 0.000005 0.000005 0.000005 0.000005 0.000005 0.000005 0.000005 0.000004 0.000004 0.000003 0.000003 0.000002 0.000002 0.000001 0.000001 0.000001 0.000001 0.000000 0.000000 0.000000 0.000000 0.000000 0.000000 0.000000 0.000000 0.000000 0.000000 0.000000 0.000000 0.000000 0.000000 0.000000 0.000000 0.000000 0.000000 0.000000 0.000000 0.000000 0.000000 0.000000 0.000000 0.000000 0.000000 0.000000 0.000000 0.000000 0.000000 0.000000 0.000000 0.000000 0.000000 0.000000 
0.000000 0.000000 0.000000 0.000000 0.000000 0.000000 0.000000 0.000000 0.000000 0.000000 0.000000 0.000000 0.000000 0.000000 0.000000 0.000000 0.000000 0.000000 0.000000 0.000000 0.000000 0.000000 0.000000 0.000000 0.000000 0.000000 0.000000 0.000000 0.000000 0.000000 0.000000 0.000000 0.000000 0.000001 0.000001 0.000001 0.000001 0.000002 0.000003 0.000003 0.000004 0.000005 0.000006 0.000007 0.000008 0.000009 0.000010 0.000011 0.000012 0.000012 0.000012 0.000012 0.000012 0.000011 0.000010 0.000009 0.000008 0.000007 0.000006 0.000005 0.000004 0.000003 0.000003 0.000002 0.000001 0.000001 0.000001 0.000001 0.000000 0.000000 0.000000 0.000000 0.000000 0.000000 0.000000 0.000000 0.000000 0.000000 0.000000 0.000000 0.000000 0.000000 0.000000 0.000000 0.000000 0.000000 0.000000 0.000000 0.000000 0.000000 0.000000 0.000000 0.000000 0.000000 0.000000 0.000000 0.000000 0.000000 0.000000 0.000000 
0.000000 0.000000 0.000000 0.000000 0.000000 0.000000 0.000000 0.000000 0.000000 0.000000 0.000000 0.000000 0.000000 0.000000 0.000000 0.000000 0.000000 0.000000 0.000000 0.000000 0.000000 0.000000 0.000000 0.000000 0.000000 0.000000 0.000000 0.000000 0.000000 0.000000 0.000000 0.000001 0.000001 0.000001 0.000002 0.000002 0.000003 0.000004 0.000006 0.000007 0.000009 0.000011 0.000014 0.000016 0.000019 0.000021 0.000023 0.000025 0.000027 0.000028 0.000028 0.000028 0.000027 0.000025 0.000023 0.000021 0.000019 0.000016 0.000014 0.000011 0.000009 0.000007 0.000006 0.000004 0.000003 0.000002 0.000002 0.000001 0.000001 0.000001 0.000000 0.000000 0.000000 0.000000 0.000000 0.000000 0.000000 0.000000 0.000000 0.000000 0.000000 0.000000 0.000000 0.000000 0.000000 0.000000 0.000000 0.000000 0.000000 0.000000 0.000000 0.000000 0.000000 0.000000 0.000000 0.000000 0.000000 0.000000 0.000000 0.000000 
0.000000 0.000000 0.000000 0.000000 0.000000 0.000000 0.000000 0.000000 0.000000 0.000000 0.000000 0.000000 0.000000 0.000000 0.000000 0.000000 0.000000 0.000000 0.000000 0.000000 0.000000 0.000000 0.000000 0.000000 0.000000 0.000000 0.000000 0.000000 0.000000 0.000000 0.000001 0.000001 0.000002 0.000003 0.000004 0.000005 0.000007 0.000010 0.000013 0.000016 0.000020 0.000025 0.000030 0.000036 0.000041 0.000047 0.000052 0.000056 0.000059 0.000061 0.000062 0.000061 0.000059 0.000056 0.000052 0.000047 0.000041 0.000036 0.000030 0.000025 0.000020 0.000016 0.000013 0.000010 0.000007 0.000005 0.000004 0.000003 0.000002 0.000001 0.000001 0.000000 0.000000 0.000000 0.000000 0.000000 0.000000 0.000000 0.000000 0.000000 0.000000 0.000000 0.000000 0.000000 0.000000 0.000000 0.000000 0.000000 0.000000 0.000000 0.000000 0.000000 0.000000 0.000000 0.000000 0.000000 0.000000 0.000000 0.000000 0.000000 
0.000000 0.000000 0.000000 0.000000 0.000000 0.000000 0.000000 0.000000 0.000000 0.000000 0.000000 0.000000 0.000000 0.000000 0.000000 0.000000 0.000000 0.000000 0.000000 0.000000 0.000000 0.000000 0.000000 0.000000 0.000000 0.000000 0.000000 0.000000 0.000001 0.000001 0.000002 0.000003 0.000004 0.000006 0.000008 0.000011 0.000015 0.000021 0.000027 0.000035 0.000044 0.000055 0.000066 0.000078 0.000090 0.000101 0.000112 0.000121 0.000128 0.000132 0.000133 0.000132 0.000128 0.000121 0.000112 0.000101 0.000090 0.000078 0.000066 0.000055 0.000044 0.000035 0.000027 0.000021 0.000015 0.000011 0.000008 0.000006 0.000004 0.000003 0.000002 0.000001 0.000001 0.000000 0.000000 0.000000 0.000000 0.000000 0.000000 0.000000 0.000000 0.000000 0.000000 0.000000 0.000000 0.000000 0.000000 0.000000 0.000000 0.000000 0.000000 0.000000 0.000000 0.000000 0.000000 0.000000 0.000000 0.000000 0.000000 0.000000 
0.000000 0.000000 0.000000 0.000000 0.000000 0.000000 0.000000 0.000000 0.000000 0.000000 0.000000 0.000000 0.000000 0.000000 0.000000 0.000000 0.000000 0.000000 0.000000 0.000000 0.000000 0.000000 0.000000 0.000000 0.000000 0.000000 0.000001 0.000001 0.000001 0.000002 0.000004 0.000005 0.000008 0.000012 0.000017 0.000024 0.000033 0.000044 0.000058 0.000075 0.000094 0.000116 0.000140 0.000165 0.000190 0.000215 0.000237 0.000256 0.000271 0.000280 0.000283 0.000280 0.000271 0.000256 0.000237 0.000215 0.000190 0.000165 0.000140 0.000116 0.000094 0.000075 0.000058 0.000044 0.000033 0.000024 0.000017 0.000012 0.000008 0.000005 0.000004 0.000002 0.000001 0.000001 0.000001 0.000000 0.000000 0.000000 0.000000 0.000000 0.000000 0.000000 0.000000 0.000000 0.000000 0.000000 0.000000 0.000000 0.000000 0.000000 0.000000 0.000000 0.000000 0.000000 0.000000 0.000000 0.000000 0.000000 0.000000 0.000000 
0.000000 0.000000 0.000000 0.000000 0.000000 0.000000 0.000000 0.000000 0.000000 0.000000 0.000000 0.000000 0.000000 0.000000 0.000000 0.000000 0.000000 0.000000 0.000000 0.000000 0.000000 0.000000 0.000000 0.000000 0.000000 0.000001 0.000001 0.000002 0.000003 0.000005 0.000008 0.000011 0.000017 0.000025 0.000036 0.000050 0.000069 0.000093 0.000122 0.000157 0.000197 0.000242 0.000292 0.000344 0.000397 0.000448 0.000494 0.000534 0.000564 0.000583 0.000589 0.000583 0.000564 0.000534 0.000494 0.000448 0.000397 0.000344 0.000292 0.000242 0.000197 0.000157 0.000122 0.000093 0.000069 0.000050 0.000036 0.000025 0.000017 0.000011 0.000008 0.000005 0.000003 0.000002 0.000001 0.000001 0.000000 0.000000 0.000000 0.000000 0.000000 0.000000 0.000000 0.000000 0.000000 0.000000 0.000000 0.000000 0.000000 0.000000 0.000000 0.000000 0.000000 0.000000 0.000000 0.000000 0.000000 0.000000 0.000000 0.000000 
0.000000 0.000000 0.000000 0.000000 0.000000 0.000000 0.000000 0.000000 0.000000 0.000000 0.000000 0.000000 0.000000 0.000000 0.000000 0.000000 0.000000 0.000000 0.000000 0.000000 0.000000 0.000000 0.000000 0.000000 0.000001 0.000001 0.000002 0.000004 0.000006 0.000010 0.000016 0.000024 0.000035 0.000052 0.000074 0.000104 0.000142 0.000190 0.000250 0.000321 0.000404 0.000497 0.000598 0.000704 0.000812 0.000915 0.001010 0.001090 0.001151 0.001190 0.001203 0.001190 0.001151 0.001090 0.001010 0.000915 0.000812 0.000704 0.000598 0.000497 0.000404 0.000321 0.000250 0.000190 0.000142 0.000104 0.000074 0.000052 0.000035 0.000024 0.000016 0.000010 0.000006 0.000004 0.000002 0.000001 0.000001 0.000000 0.000000 0.000000 0.000000 0.000000 0.000000 0.000000 0.000000 0.000000 0.000000 0.000000 0.000000 0.000000 0.000000 0.000000 0.000000 0.000000 0.000000 0.000000 0.000000 0.000000 0.000000 0.000000 
0.000000 0.000000 0.000000 0.000000 0.000000 0.000000 0.000000 0.000000 0.000000 0.000000 0.000000 0.000000 0.000000 0.000000 0.000000 0.000000 0.000000 0.000000 0.000000 0.000000 0.000000 0.000000 0.000001 0.000001 0.000002 0.000003 0.000005 0.000008 0.000013 0.000020 0.000032 0.000048 0.000072 0.000105 0.000149 0.000209 0.000286 0.000383 0.000503 0.000646 0.000811 0.000998 0.001200 0.001413 0.001628 0.001836 0.002025 0.002185 0.002308 0.002385 0.002411 0.002385 0.002308 0.002185 0.002025 0.001836 0.001628 0.001413 0.001200 0.000998 0.000811 0.000646 0.000503 0.000383 0.000286 0.000209 0.000149 0.000105 0.000072 0.000048 0.000032 0.000020 0.000013 0.000008 0.000005 0.000003 0.000002 0.000001 0.000001 0.000000 0.000000 0.000000 0.000000 0.000000 0.000000 0.000000 0.000000 0.000000 0.000000 0.000000 0.000000 0.000000 0.000000 0.000000 0.000000 0.000000 0.000000 0.000000 0.000000 0.000000 
0.000000 0.000000 0.000000 0.000000 0.000000 0.000000 0.000000 0.000000 0.000000 0.000000 0.000000 0.000000 0.000000 0.000000 0.000000 0.000000 0.000000 0.000000 0.000000 0.000000 0.000000 0.000001 0.000001 0.000002 0.000003 0.000006 0.000009 0.000016 0.000025 0.000040 0.000063 0.000095 0.000142 0.000207 0.000296 0.000413 0.000566 0.000758 0.000993 0.001274 0.001600 0.001966 0.002364 0.002783 0.003205 0.003612 0.003983 0.004298 0.004538 0.004689 0.004740 0.004689 0.004538 0.004298 0.003983 0.003612 0.003205 0.002783 0.002364 0.001966 0.001600 0.001274 0.000993 0.000758 0.000566 0.000413 0.000296 0.000207 0.000142 0.000095 0.000063 0.000040 0.000025 0.000016 0.000009 0.000006 0.000003 0.000002 0.000001 0.000001 0.000000 0.000000 0.000000 0.000000 0.000000 0.000000 0.000000 0.000000 0.000000 0.000000 0.000000 0.000000 0.000000 0.000000 0.000000 0.000000 0.000000 0.000000 0.000000 0.000000 
0.000000 0.000000 0.000000 0.000000 0.000000 0.000000 0.000000 0.000000 0.000000 0.000000 0.000000 0.000000 0.000000 0.000000 0.000000 0.000000 0.000000 0.000000 0.000000 0.000000 0.000001 0.000001 0.000002 0.000004 0.000006 0.000011 0.000019 0.000031 0.000050 0.000079 0.000122 0.000186 0.000277 0.000403 0.000575 0.000803 0.001097 0.001468 0.001923 0.002466 0.003095 0.003801 0.004569 0.005375 0.006188 0.006972 0.007687 0.008293 0.008755 0.009045 0.009144 0.009045 0.008755 0.008293 0.007687 0.006972 0.006188 0.005375 0.004569 0.003801 0.003095 0.002466 0.001923 0.001468 0.001097 0.000803 0.000575 0.000403 0.000277 0.000186 0.000122 0.000079 0.000050 0.000031 0.000019 0.000011 0.000006 0.000004 0.000002 0.000001 0.000001 0.000000 0.000000 0.000000 0.000000 0.000000 0.000000 0.000000 0.000000 0.000000 0.000000 0.000000 0.000000 0.000000 0.000000 0.000000 0.000000 0.000000 0.000000 0.000000 
0.000000 0.000000 0.000000 0.000000 0.000000 0.000000 0.000000 0.000000 0.000000 0.000000 0.000000 0.000000 0.000000 0.000000 0.000000 0.000000 0.000000 0.000000 0.000000 0.000001 0.000001 0.000002 0.000004 0.000007 0.000012 0.000021 0.000036 0.000059 0.000095 0.000151 0.000234 0.000355 0.000528 0.000768 0.001095 0.001528 0.002087 0.002791 0.003654 0.004682 0.005872 0.007208 0.008661 0.010185 0.011721 0.013201 0.014551 0.015696 0.016568 0.017115 0.017301 0.017115 0.016568 0.015696 0.014551 0.013201 0.011721 0.010185 0.008661 0.007208 0.005872 0.004682 0.003654 0.002791 0.002087 0.001528 0.001095 0.000768 0.000528 0.000355 0.000234 0.000151 0.000095 0.000059 0.000036 0.000021 0.000012 0.000007 0.000004 0.000002 0.000001 0.000001 0.000000 0.000000 0.000000 0.000000 0.000000 0.000000 0.000000 0.000000 0.000000 0.000000 0.000000 0.000000 0.000000 0.000000 0.000000 0.000000 0.000000 0.000000 
0.000000 0.000000 0.000000 0.000000 0.000000 0.000000 0.000000 0.000000 0.000000 0.000000 0.000000 0.000000 0.000000 0.000000 0.000000 0.000000 0.000000 0.000000 0.000001 0.000001 0.000002 0.000004 0.000007 0.000013 0.000023 0.000040 0.000067 0.000111 0.000179 0.000283 0.000439 0.000666 0.000988 0.001437 0.002046 0.002853 0.003894 0.005204 0.006807 0.008717 0.010927 0.013408 0.016102 0.018927 0.021775 0.024518 0.027018 0.029138 0.030754 0.031766 0.032111 0.031766 0.030754 0.029138 0.027018 0.024518 0.021775 0.018927 0.016102 0.013408 0.010927 0.008717 0.006807 0.005204 0.003894 0.002853 0.002046 0.001437 0.000988 0.000666 0.000439 0.000283 0.000179 0.000111 0.000067 0.000040 0.000023 0.000013 0.000007 0.000004 0.000002 0.000001 0.000001 0.000000 0.000000 0.000000 0.000000 0.000000 0.000000 0.000000 0.000000 0.000000 0.000000 0.000000 0.000000 0.000000 0.000000 0.000000 0.000000 0.000000 
0.000000 0.000000 0.000000 0.000000 0.000000 0.000000 0.000000 0.000000 0.000000 0.000000 0.000000 0.000000 0.000000 0.000000 0.000000 0.000000 0.000000 0.000001 0.000001 0.000002 0.000004 0.000008 0.000014 0.000025 0.000043 0.000074 0.000125 0.000205 0.000330 0.000522 0.000807 0.001223 0.001814 0.002636 0.003750 0.005224 0.007125 0.009514 0.012438 0.015918 0.019943 0.024457 0.029359 0.034497 0.039674 0.044659 0.049202 0.053053 0.055988 0.057826 0.058452 0.057826 0.055988 0.053053 0.049202 0.044659 0.039674 0.034497 0.029359 0.024457 0.019943 0.015918 0.012438 0.009514 0.007125 0.005224 0.003750 0.002636 0.001814 0.001223 0.000807 0.000522 0.000330 0.000205 0.000125 0.000074 0.000043 0.000025 0.000014 0.000008 0.000004 0.000002 0.000001 0.000001 0.000000 0.000000 0.000000 0.000000 0.000000 0.000000 0.000000 0.000000 0.000000 0.000000 0.000000 0.000000 0.000000 0.000000 0.000000 0.000000 
0.000000 0.000000 0.000000 0.000000 0.000000 0.000000 0.000000 0.000000 0.000000 0.000000 0.000000 0.000000 0.000000 0.000000 0.000000 0.000000 0.000001 0.000001 0.000002 0.000004 0.000007 0.000014 0.000025 0.000045 0.000078 0.000134 0.000225 0.000371 0.000597 0.000942 0.001455 0.002203 0.003265 0.004739 0.006737 0.009378 0.012781 0.017056 0.022284 0.028503 0.035691 0.043750 0.052497 0.061661 0.070892 0.079777 0.087872 0.094733 0.099961 0.103235 0.104350 0.103235 0.099961 0.094733 0.087872 0.079777 0.070892 0.061661 0.052497 0.043750 0.035691 0.028503 0.022284 0.017056 0.012781 0.009378 0.006737 0.004739 0.003265 0.002203 0.001455 0.000942 0.000597 0.000371 0.000225 0.000134 0.000078 0.000045 0.000025 0.000014 0.000007 0.000004 0.000002 0.000001 0.000001 0.000000 0.000000 0.000000 0.000000 0.000000 0.000000 0.000000 0.000000 0.000000 0.000000 0.000000 0.000000 0.000000 0.000000 0.000000 
0.000000 0.000000 0.000000 0.000000 0.000000 0.000000 0.000000 0.000000 0.000000 0.000000 0.000000 0.000000 0.000000 0.000000 0.000000 0.000000 0.000001 0.000002 0.000004 0.000007 0.000013 0.000025 0.000045 0.000080 0.000140 0.000239 0.000400 0.000657 0.001057 0.001666 0.002572 0.003889 0.005760 0.008355 0.011867 0.016506 0.022482 0.029981 0.039148 0.050045 0.062634 0.076742 0.092047 0.108076 0.124216 0.139747 0.153894 0.165882 0.175015 0.180734 0.182682 0.180734 0.175015 0.165882 0.153894 0.139747 0.124216 0.108076 0.092047 0.076742 0.062634 0.050045 0.039148 0.029981 0.022482 0.016506 0.011867 0.008355 0.005760 0.003889 0.002572 0.001666 0.001057 0.000657 0.000400 0.000239 0.000140 0.000080 0.000045 0.000025 0.000013 0.000007 0.000004 0.000002 0.000001 0.000000 0.000000 0.000000 0.000000 0.000000 0.000000 0.000000 0.000000 0.000000 0.000000 0.000000 0.000000 0.000000 0.000000 0.000000 
0.000000 0.000000 0.000000 0.000000 0.000000 0.000000 0.000000 0.000000 0.000000 0.000000 0.000000 0.000000 0.000000 0.000000 0.000000 0.000001 0.000002 0.000003 0.000006 0.000012 0.000023 0.000043 0.000078 0.000140 0.000243 0.000416 0.000696 0.001142 0.001835 0.002890 0.004457 0.006733 0.009963 0.014438 0.020493 0.028484 0.038769 0.051670 0.067428 0.086153 0.107772 0.131988 0.158248 0.185740 0.213414 0.240038 0.264280 0.284821 0.300467 0.310265 0.313602 0.310265 0.300467 0.284821 0.264280 0.240038 0.213414 0.185740 0.158248 0.131988 0.107772 0.086153 0.067428 0.051670 0.038769 0.028484 0.020493 0.014438 0.009963 0.006733 0.004457 0.002890 0.001835 0.001142 0.000696 0.000416 0.000243 0.000140 0.000078 0.000043 0.000023 0.000012 0.000006 0.000003 0.000002 0.000001 0.000000 0.000000 0.000000 0.000000 0.000000 0.000000 0.000000 0.000000 0.000000 0.000000 0.000000 0.000000 0.000000 0.000000 
0.000000 0.000000 0.000000 0.000000 0.000000 0.000000 0.000000 0.000000 0.000000 0.000000 0.000000 0.000000 0.000000 0.000000 0.000001 0.000001 0.000003 0.000006 0.000011 0.000021 0.000040 0.000074 0.000134 0.000239 0.000416 0.000710 0.001187 0.001945 0.003123 0.004912 0.007568 0.011424 0.016891 0.024460 0.034691 0.048185 0.065542 0.087300 0.113860 0.145404 0.181806 0.222563 0.266742 0.312977 0.359503 0.404251 0.444989 0.479500 0.505782 0.522241 0.527845 0.522241 0.505782 0.479500 0.444989 0.404251 0.359503 0.312977 0.266742 0.222563 0.181806 0.145404 0.113860 0.087300 0.065542 0.048185 0.034691 0.024460 0.016891 0.011424 0.007568 0.004912 0.003123 0.001945 0.001187 0.000710 0.000416 0.000239 0.000134 0.000074 0.000040 0.000021 0.000011 0.000006 0.000003 0.000001 0.000001 0.000000 0.000000 0.000000 0.000000 0.000000 0.000000 0.000000 0.000000 0.000000 0.000000 0.000000 0.000000 0.000000 
0.000000 0.000000 0.000000 0.000000 0.000000 0.000000 0.000000 0.000000 0.000000 0.000000 0.000000 0.000000 0.000000 0.000001 0.000001 0.000002 0.000005 0.000009 0.000019 0.000036 0.000067 0.000125 0.000225 0.000400 0.000696 0.001187 0.001983 0.003246 0.005207 0.008182 0.012597 0.018999 0.028068 0.040615 0.057564 0.079902 0.108616 0.144589 0.188479 0.240576 0.300669 0.367921 0.440793 0.517029 0.593722 0.667465 0.734585 0.791436 0.834726 0.861832 0.871062 0.861832 0.834726 0.791436 0.734585 0.667465 0.593722 0.517029 0.440793 0.367921 0.300669 0.240576 0.188479 0.144589 0.108616 0.079902 0.057564 0.040615 0.028068 0.018999 0.012597 0.008182 0.005207 0.003246 0.001983 0.001187 0.000696 0.000400 0.000225 0.000125 0.000067 0.000036 0.000019 0.000009 0.000005 0.000002 0.000001 0.000001 0.000000 0.000000 0.000000 0.000000 0.000000 0.000000 0.000000 0.000000 0.000000 0.000000 0.000000 0.000000 
0.000000 0.000000 0.000000 0.000000 0.000000 0.000000 0.000000 0.000000 0.000000 0.000000 0.000000 0.000000 0.000000 0.000001 0.000002 0.000004 0.000008 0.000016 0.000031 0.000059 0.000111 0.000205 0.000371 0.000657 0.001142 0.001945 0.003246 0.005309 0.008508 0.013358 0.020548 0.030966 0.045713 0.066101 0.093621 0.129869 0.176434 0.234738 0.305833 0.390183 0.487435 0.596227 0.714066 0.837305 0.961246 1.080391 1.188811 1.280629 1.350537 1.394306 1.409209 1.394306 1.350537 1.280629 1.188811 1.080391 0.961246 0.837305 0.714066 0.596227 0.487435 0.390183 0.305833 0.234738 0.176434 0.129869 0.093621 0.066101 0.045713 0.030966 0.020548 0.013358 0.008508 0.005309 0.003246 0.001945 0.001142 0.000657 0.000371 0.000205 0.000111 0.000059 0.000031 0.000016 0.000008 0.000004 0.000002 0.000001 0.000000 0.000000 0.000000 0.000000 0.000000 0.000000 0.000000 0.000000 0.000000 0.000000 0.000000 0.000000 
0.000000 0.000000 0.000000 0.000000 0.000000 0.000000 0.000000 0.000000 0.000000 0.000000 0.000000 0.000000 0.000001 0.000001 0.000003 0.000006 0.000013 0.000025 0.000050 0.000095 0.000179 0.000330 0.000597 0.001057 0.001835 0.003123 0.005207 0.008508 0.013622 0.021370 0.032846 0.049461 0.072963 0.105433 0.149230 0.206883 0.280901 0.373526 0.486416 0.620288 0.774570 0.947091 1.133893 1.329192 1.525550 1.714263 1.885956 2.031335 2.142009 2.211296 2.234888 2.211296 2.142009 2.031335 1.885956 1.714263 1.525550 1.329192 1.133893 0.947091 0.774570 0.620288 0.486416 0.373526 0.280901 0.206883 0.149230 0.105433 0.072963 0.049461 0.032846 0.021370 0.013622 0.008508 0.005207 0.003123 0.001835 0.001057 0.000597 0.000330 0.000179 0.000095 0.000050 0.000025 0.000013 0.000006 0.000003 0.000001 0.000001 0.000000 0.000000 0.000000 0.000000 0.000000 0.000000 0.000000 0.000000 0.000000 0.000000 0.000000 
0.000000 0.000000 0.000000 0.000000 0.000000 0.000000 0.000000 0.000000 0.000000 0.000000 0.000000 0.000000 0.000001 0.000002 0.000005 0.000010 0.000020 0.000040 0.000079 0.000151 0.000283 0.000522 0.000942 0.001666 0.002890 0.004912 0.008182 0.013358 0.021370 0.033498 0.051449 0.077417 0.114122 0.164800 0.233115 0.322986 0.438302 0.582533 0.758231 0.966491 1.206401 1.474573 1.764844 2.068226 2.373171 2.666177 2.932707 3.158352 3.330113 3.437634 3.474243 3.437634 3.330113 3.158352 2.932707 2.666177 2.373171 2.068226 1.764844 1.474573 1.206401 0.966491 0.758231 0.582533 0.438302 0.322986 0.233115 0.164800 0.114122 0.077417 0.051449 0.033498 0.021370 0.013358 0.008182 0.004912 0.002890 0.001666 0.000942 0.000522 0.000283 0.000151 0.000079 0.000040 0.000020 0.000010 0.000005 0.000002 0.000001 0.000000 0.000000 0.000000 0.000000 0.000000 0.000000 0.000000 0.000000 0.000000 0.000000 0.000000 
0.000000 0.000000 0.000000 0.000000 0.000000 0.000000 0.000000 0.000000 0.000000 0.000000 0.000000 0.000001 0.000002 0.000004 0.000008 0.000016 0.000032 0.000063 0.000122 0.000234 0.000439 0.000807 0.001455 0.002572 0.004457 0.007568 0.012597 0.020548 0.032846 0.051449 0.078961 0.118732 0.174910 0.252423 0.356849 0.494145 0.670221 0.890333 1.158343 1.475887 1.841542 2.250124 2.692231 3.154174 3.618379 4.064311 4.469876 4.813179 5.074472 5.238028 5.293714 5.238028 5.074472 4.813179 4.469876 4.064311 3.618379 3.154174 2.692231 2.250124 1.841542 1.475887 1.158343 0.890333 0.670221 0.494145 0.356849 0.252423 0.174910 0.118732 0.078961 0.051449 0.032846 0.020548 0.012597 0.007568 0.004457 0.002572 0.001455 0.000807 0.000439 0.000234 0.000122 0.000063 0.000032 0.000016 0.000008 0.000004 0.000002 0.000001 0.000000 0.000000 0.000000 0.000000 0.000000 0.000000 0.000000 0.000000 0.000000 0.000000 
0.000000 0.000000 0.000000 0.000000 0.000000 0.000000 0.000000 0.000000 0.000000 0.000000 0.000001 0.000001 0.000003 0.000005 0.000011 0.000024 0.000048 0.000095 0.000186 0.000355 0.000666 0.001223 0.002203 0.003889 0.006733 0.011424 0.018999 0.030966 0.049461 0.077417 0.118732 0.178416 0.262668 0.378845 0.535267 0.740816 1.004285 1.333490 1.734154 2.208671 2.754876 3.364994 4.024968 4.714361 5.406964 6.072166 6.677045 7.188994 7.578605 7.822465 7.905488 7.822465 7.578605 7.188994 6.677045 6.072166 5.406964 4.714361 4.024968 3.364994 2.754876 2.208671 1.734154 1.333490 1.004285 0.740816 0.535267 0.378845 0.262668 0.178416 0.118732 0.077417 0.049461 0.030966 0.018999 0.011424 0.006733 0.003889 0.002203 0.001223 0.000666 0.000355 0.000186 0.000095 0.000048 0.000024 0.000011 0.000005 0.000003 0.000001 0.000001 0.000000 0.000000 0.000000 0.000000 0.000000 0.000000 0.000000 0.000000 0.000000 
0.000000 0.000000 0.000000 0.000000 0.000000 0.000000 0.000000 0.000000 0.000000 0.000000 0.000001 0.000002 0.000004 0.000008 0.000017 0.000035 0.000072 0.000142 0.000277 0.000528 0.000988 0.001814 0.003265 0.005760 0.009963 0.016891 0.028068 0.045713 0.072963 0.114122 0.174910 0.262668 0.386474 0.557093 0.786688 1.088235 1.474565 1.957064 2.544046 3.238953 4.038556 4.931429 5.896979 6.905306 7.918093 8.890620 9.774811 10.523060 11.092448 11.448808 11.570128 11.448808 11.092448 10.523060 9.774811 8.890620 7.918093 6.905306 5.896979 4.931429 4.038556 3.238953 2.544046 1.957064 1.474565 1.088235 0.786688 0.557093 0.386474 0.262668 0.174910 0.114122 0.072963 0.045713 0.028068 0.016891 0.009963 0.005760 0.003265 0.001814 0.000988 0.000528 0.000277 0.000142 0.000072 0.000035 0.000017 0.000008 0.000004 0.000002 0.000001 0.000000 0.000000 0.000000 0.000000 0.000000 0.000000 0.000000 0.000000 0.000000 
0.000000 0.000000 0.000000 0.000000 0.000000 0.000000 0.000000 0.000000 0.000000 0.000001 0.000001 0.000003 0.000006 0.000012 0.000025 0.000052 0.000105 0.000207 0.000403 0.000768 0.001437 0.002636 0.004739 0.008355 0.014438 0.024460 0.040615 0.066101 0.105433 0.164800 0.252423 0.378845 0.557093 0.802601 1.132802 1.566268 2.121351 2.814309 3.656987 4.654232 5.801333 7.081841 8.466190 9.911510 11.362908 12.756350 14.023025 15.094820 15.910337 16.420708 16.594455 16.420708 15.910337 15.094820 14.023025 12.756350 11.362908 9.911510 8.466190 7.081841 5.801333 4.654232 3.656987 2.814309 2.121351 1.566268 1.132802 0.802601 0.557093 0.378845 0.252423 0.164800 0.105433 0.066101 0.040615 0.024460 0.014438 0.008355 0.004739 0.002636 0.001437 0.000768 0.000403 0.000207 0.000105 0.000052 0.000025 0.000012 0.000006 0.000003 0.000001 0.000001 0.000000 0.000000 0.000000 0.000000 0.000000 0.000000 0.000000 0.000000 
0.000000 0.000000 0.000000 0.000000 0.000000 0.000000 0.000000 0.000000 0.000000 0.000001 0.000002 0.000004 0.000008 0.000017 0.000036 0.000074 0.000149 0.000296 0.000575 0.001095 0.002046 0.003750 0.006737 0.011867 0.020493 0.034691 0.057564 0.093621 0.149230 0.233115 0.356849 0.535267 0.786688 1.132802 1.598084 2.208590 2.990044 3.965204 5.150603 6.552942 8.165490 9.965048 11.910027 13.940191 15.978472 17.935019 19.713308 21.217828 22.362500 23.078822 23.322674 23.078822 22.362500 21.217828 19.713308 17.935019 15.978472 13.940191 11.910027 9.965048 8.165490 6.552942 5.150603 3.965204 2.990044 2.208590 1.598084 1.132802 0.786688 0.535267 0.356849 0.233115 0.149230 0.093621 0.057564 0.034691 0.020493 0.011867 0.006737 0.003750 0.002046 0.001095 0.000575 0.000296 0.000149 0.000074 0.000036 0.000017 0.000008 0.000004 0.000002 0.000001 0.000000 0.000000 0.000000 0.000000 0.000000 0.000000 0.000000 0.000000 
0.000000 0.000000 0.000000 0.000000 0.000000 0.000000 0.000000 0.000000 0.000000 0.000001 0.000002 0.000005 0.000011 0.000024 0.000050 0.000104 0.000209 0.000413 0.000803 0.001528 0.002853 0.005224 0.009378 0.016506 0.028484 0.048185 0.079902 0.129869 0.206883 0.322986 0.494145 0.740816 1.088235 1.566268 2.208590 3.051026 4.128909 5.473459 7.107305 9.039522 11.260703 13.738795 16.416476 19.210814 22.015782 24.707825 27.154263 29.223840 30.798289 31.783506 32.118887 31.783506 30.798289 29.223840 27.154263 24.707825 22.015782 19.210814 16.416476 13.738795 11.260703 9.039522 7.107305 5.473459 4.128909 3.051026 2.208590 1.566268 1.088235 0.740816 0.494145 0.322986 0.206883 0.129869 0.079902 0.048185 0.028484 0.016506 0.009378 0.005224 0.002853 0.001528 0.000803 0.000413 0.000209 0.000104 0.000050 0.000024 0.000011 0.000005 0.000002 0.000001 0.000000 0.000000 0.000000 0.000000 0.000000 0.000000 0.000000 0.000000 
0.000000 0.000000 0.000000 0.000000 0.000000 0.000000 0.000000 0.000000 0.000001 0.000001 0.000003 0.000007 0.000015 0.000033 0.000069 0.000142 0.000286 0.000566 0.001097 0.002087 0.003894 0.007125 0.012781 0.022482 0.038769 0.065542 0.108616 0.176434 0.280901 0.438302 0.670221 1.004285 1.474565 2.121351 2.990044 4.128909 5.585509 7.401814 9.608182 12.216666 15.214400 18.558003 22.170061 25.938705 29.721001 33.350461 36.648365 39.437955 41.559994 42.887800 43.339790 42.887800 41.559994 39.437955 36.648365 33.350461 29.721001 25.938705 22.170061 18.558003 15.214400 12.216666 9.608182 7.401814 5.585509 4.128909 2.990044 2.121351 1.474565 1.004285 0.670221 0.438302 0.280901 0.176434 0.108616 0.065542 0.038769 0.022482 0.012781 0.007125 0.003894 0.002087 0.001097 0.000566 0.000286 0.000142 0.000069 0.000033 0.000015 0.000007 0.000003 0.000001 0.000001 0.000000 0.000000 0.000000 0.000000 0.000000 0.000000 0.000000 
0.000000 0.000000 0.000000 0.000000 0.000000 0.000000 0.000000 0.000000 0.000001 0.000002 0.000004 0.000010 0.000021 0.000044 0.000093 0.000190 0.000383 0.000758 0.001468 0.002791 0.005204 0.009514 0.017056 0.029981 0.051670 0.087300 0.144589 0.234738 0.373526 0.582533 0.890333 1.333490 1.957064 2.814309 3.965204 5.473459 7.401814 9.805568 12.724632 16.174709 20.138574 24.558712 29.332705 34.312695 39.309880 44.104444 48.460491 52.144774 54.947201 56.700657 57.297526 56.700657 54.947201 52.144774 48.460491 44.104444 39.309880 34.312695 29.332705 24.558712 20.138574 16.174709 12.724632 9.805568 7.401814 5.473459 3.965204 2.814309 1.957064 1.333490 0.890333 0.582533 0.373526 0.234738 0.144589 0.087300 0.051670 0.029981 0.017056 0.009514 0.005204 0.002791 0.001468 0.000758 0.000383 0.000190 0.000093 0.000044 0.000021 0.000010 0.000004 0.000002 0.000001 0.000000 0.000000 0.000000 0.000000 0.000000 0.000000 0.000000 
0.000000 0.000000 0.000000 0.000000 0.000000 0.000000 0.000000 0.000000 0.000001 0.000003 0.000006 0.000013 0.000027 0.000058 0.000122 0.000250 0.000503 0.000993 0.001923 0.003654 0.006807 0.012438 0.022284 0.039148 0.067428 0.113860 0.188479 0.305833 0.486416 0.758231 1.158343 1.734154 2.544046 3.656987 5.150603 7.107305 9.608182 12.724632 16.508084 20.978597 26.113604 31.838414 38.020283 44.467745 50.936458 57.142048 62.779438 67.547034 71.173234 73.442016 74.214282 73.442016 71.173234 67.547034 62.779438 57.142048 50.936458 44.467745 38.020283 31.838414 26.113604 20.978597 16.508084 12.724632 9.608182 7.107305 5.150603 3.656987 2.544046 1.734154 1.158343 0.758231 0.486416 0.305833 0.188479 0.113860 0.067428 0.039148 0.022284 0.012438 0.006807 0.003654 0.001923 0.000993 0.000503 0.000250 0.000122 0.000058 0.000027 0.000013 0.000006 0.000003 0.000001 0.000000 0.000000 0.000000 0.000000 0.000000 0.000000 0.000000 
0.000000 0.000000 0.000000 0.000000 0.000000 0.000000 0.000000 0.000001 0.000001 0.000003 0.000007 0.000016 0.000035 0.000075 0.000157 0.000321 0.000646 0.001274 0.002466 0.004682 0.008717 0.015918 0.028503 0.050045 0.086153 0.145404 0.240576 0.390183 0.620288 0.966491 1.475887 2.208671 3.238953 4.654232 6.552942 9.039522 12.216666 16.174709 20.978597 26.653458 33.170354 40.434284 48.276702 56.454709 64.658487 72.527595 79.675448 85.719961 90.317090 93.193227 94.172210 93.193227 90.317090 85.719961 79.675448 72.527595 64.658487 56.454709 48.276702 40.434284 33.170354 26.653458 20.978597 16.174709 12.216666 9.039522 6.552942 4.654232 3.238953 2.208671 1.475887 0.966491 0.620288 0.390183 0.240576 0.145404 0.086153 0.050045 0.028503 0.015918 0.008717 0.004682 0.002466 0.001274 0.000646 0.000321 0.000157 0.000075 0.000035 0.000016 0.000007 0.000003 0.000001 0.000001 0.000000 0.000000 0.000000 0.000000 0.000000 0.000000 
0.000000 0.000000 0.000000 0.000000 0.000000 0.000000 0.000000 0.000001 0.000002 0.000004 0.000009 0.000020 0.000044 0.000094 0.000197 0.000404 0.000811 0.001600 0.003095 0.005872 0.010927 0.019943 0.035691 0.062634 0.107772 0.181806 0.300669 0.487435 0.774570 1.206401 1.841542 2.754876 4.038556 5.801333 8.165490 11.260703 15.214400 20.138574 26.113604 33.170354 41.272512 50.301728 60.048367 70.210551 80.403417 90.179363 99.058443 106.566385 112.276196 115.848334 117.064200 115.848334 112.276196 106.566385 99.058443 90.179363 80.403417 70.210551 60.048367 50.301728 41.272512 33.170354 26.113604 20.138574 15.214400 11.260703 8.165490 5.801333 4.038556 2.754876 1.841542 1.206401 0.774570 0.487435 0.300669 0.181806 0.107772 0.062634 0.035691 0.019943 0.010927 0.005872 0.003095 0.001600 0.000811 0.000404 0.000197 0.000094 0.000044 0.000020 0.000009 0.000004 0.000002 0.000001 0.000000 0.000000 0.000000 0.000000 0.000000 0.000000 
0.000000 0.000000 0.000000 0.000000 0.000000 0.000000 0.000000 0.000001 0.000002 0.000005 0.000011 0.000025 0.000055 0.000116 0.000242 0.000497 0.000998 0.001966 0.003801 0.007208 0.013408 0.024457 0.043750 0.076742 0.131988 0.222563 0.367921 0.596227 0.947091 1.474573 2.250124 3.364994 4.931429 7.081841 9.965048 13.738795 18.558003 24.558712 31.838414 40.434284 50.301728 61.296345 73.162731 85.533351 97.939840 109.837648 120.643005 129.779137 136.726834 141.073264 142.552653 141.073264 136.726834 129.779137 120.643005 109.837648 97.939840 85.533351 73.162731 61.296345 50.301728 40.434284 31.838414 24.558712 18.558003 13.738795 9.965048 7.081841 4.931429 3.364994 2.250124 1.474573 0.947091 0.596227 0.367921 0.222563 0.131988 0.076742 0.043750 0.024457 0.013408 0.007208 0.003801 0.001966 0.000998 0.000497 0.000242 0.000116 0.000055 0.000025 0.000011 0.000005 0.000002 0.000001 0.000000 0.000000 0.000000 0.000000 0.000000 0.000000 
0.000000 0.000000 0.000000 0.000000 0.000000 0.000000 0.000000 0.000001 0.000003 0.000006 0.000014 0.000030 0.000066 0.000140 0.000292 0.000598 0.001200 0.002364 0.004569 0.008661 0.016102 0.029359 0.052497 0.092047 0.158248 0.266742 0.440793 0.714066 1.133893 1.764844 2.692231 4.024968 5.896979 8.466190 11.910027 16.416476 22.170061 29.332705 38.020283 48.276702 60.048367 73.162731 87.315000 102.066835 116.859863 131.045059 143.926792 154.817874 163.099768 168.280702 170.044104 168.280702 163.099768 154.817874 143.926792 131.045059 116.859863 102.066835 87.315000 73.162731 60.048367 48.276702 38.020283 29.332705 22.170061 16.416476 11.910027 8.466190 5.896979 4.024968 2.692231 1.764844 1.133893 0.714066 0.440793 0.266742 0.158248 0.092047 0.052497 0.029359 0.016102 0.008661 0.004569 0.002364 0.001200 0.000598 0.000292 0.000140 0.000066 0.000030 0.000014 0.000006 0.000003 0.000001 0.000000 0.000000 0.000000 0.000000 0.000000 0.000000 
0.000000 0.000000 0.000000 0.000000 0.000000 0.000000 0.000001 0.000001 0.000003 0.000007 0.000016 0.000036 0.000078 0.000165 0.000344 0.000704 0.001413 0.002783 0.005375 0.010185 0.018927 0.034497 0.061661 0.108076 0.185740 0.312977 0.517029 0.837305 1.329192 2.068226 3.154174 4.714361 6.905306 9.911510 13.940191 19.210814 25.938705 34.312695 44.467745 56.454709 70.210551 85.533351 102.066835 119.298909 136.577473 153.144736 168.188635 180.907071 190.578146 196.627951 198.687058 196.627951 190.578146 180.907071 168.188635 153.144736 136.577473 119.298909 102.066835 85.533351 70.210551 56.454709 44.467745 34.312695 25.938705 19.210814 13.940191 9.911510 6.905306 4.714361 3.154174 2.068226 1.329192 0.837305 0.517029 0.312977 0.185740 0.108076 0.061661 0.034497 0.018927 0.010185 0.005375 0.002783 0.001413 0.000704 0.000344 0.000165 0.000078 0.000036 0.000016 0.000007 0.000003 0.000001 0.000001 0.000000 0.000000 0.000000 0.000000 0.000000 
