0.000000 0.000000 0.000000 0.000000 0.000000 0.000000 0.000000 0.000000 0.000000 0.000000 0.000000 0.000000 0.000000 0.000000 0.000000 0.000000 0.000000 0.000000 0.000000 0.000000 0.000000 0.000000 0.000000 0.000000 0.000000 0.000000 0.000000 0.000000 0.000000 0.000000 0.000000 0.000000 0.000000 0.000000 0.000000 0.000000 0.000000 0.000000 0.000000 0.000000 0.000000 0.000000 0.000000 0.000000 0.000000 0.000000 0.000000 0.000000 0.000000 0.000000 0.000000 0.000000 0.000000 0.000000 0.000000 0.000000 0.000000 0.000000 0.000000 0.000000 0.000000 0.000000 0.000000 0.000000 0.000000 0.000000 0.000000 0.000000 0.000000 0.000000 0.000000 0.000000 0.000000 0.000000 0.000000 0.000000 0.000000 0.000000 0.000000 0.000000 0.000000 0.000000 0.000000 0.000000 0.000000 0.000000 0.000000 0.000000 0.000000 0.000000 0.000000 0.000000 0.000000 0.000000 0.000000 0.000000 0.000000 0.000000 0.000000 0.000000 
0.000000 0.000000 0.000000 0.000000 0.000000 0.000000 0.000000 0.000000 0.000000 0.000000 0.000000 0.000000 0.000000 0.000000 0.000000 0.000000 0.000000 0.000000 0.000000 0.000000 0.000000 0.000000 0.000000 0.000000 0.000000 0.000000 0.000000 0.000000 0.000000 0.000000 0.000000 0.000000 0.000000 0.000000 0.000000 0.000000 0.000000 0.000000 0.000000 0.000000 0.000000 0.000000 0.000000 0.000000 0.000000 0.000000 0.000000 0.000000 0.000000 0.000000 0.000000 0.000000 0.000000 0.000000 0.000000 0.000000 0.000000 0.000000 0.000000 0.000000 0.000000 0.000000 0.000000 0.000000 0.000000 0.000000 0.000000 0.000000 0.000000 0.000000 0.000000 0.000000 0.000000 0.000000 0.000000 0.000000 0.000000 0.000000 0.000000 0.000000 0.000000 0.000000 0.000000 0.000000 0.000000 0.000000 0.000000 0.000000 0.000000 0.000000 0.000000 0.000000 0.000000 0.000000 0.000000 0.000000 0.000000 0.000000 0.000000 0.000000 
0.000000 0.000000 0.000000 0.000000 0.000000 0.000000 0.000000 0.000000 0.000000 0.000000 0.000000 0.000000 0.000000 0.000000 0.000000 0.000000 0.000000 0.000000 0.000000 0.000000 0.000000 0.000000 0.000000 0.000000 0.000000 0.000000 0.000000 0.000000 0.000000 0.000000 0.000000 0.000000 0.000000 0.000000 0.000000 0.000000 0.000000 0.000000 0.000000 0.000000 0.000000 0.000000 0.000000 0.000000 0.000000 0.000000 0.000000 0.000000 0.000000 0.000000 0.000000 0.000000 0.000000 0.000000 0.000000 0.000000 0.000000 0.000000 0.000000 0.000000 0.000000 0.000000 0.000000 0.000000 0.000000 0.000000 0.000000 0.000000 0.000000 0.000000 0.000000 0.000000 0.000000 0.000000 0.000000 0.000000 0.000000 0.000000 0.000000 0.000000 0.000000 0.000000 0.000000 0.000000 0.000000 0.000000 0.000000 0.000000 0.000000 0.000000 0.000000 0.000000 0.000000 0.000000 0.000000 0.000000 0.000000 0.000000 0.000000 0.000000 
0.000000 0.000000 0.000000 0.000000 0.000000 0.000000 0.000000 0.000000 0.000000 0.000000 0.000000 0.000000 0.000000 0.000000 0.000000 0.000000 0.000000 0.000000 0.000000 0.000000 0.000000 0.000000 0.000000 0.000000 0.000000 0.000000 0.000000 0.000000 0.000000 0.000000 0.000000 0.000000 0.000000 0.000000 0.000000 0.000000 0.000000 0.000000 0.000000 0.000000 0.000000 0.000000 0.000000 0.000000 0.000000 0.000000 0.000000 0.000000 0.000000 0.000000 0.000000 0.000000 0.000000 0.000000 0.000000 0.000000 0.000000 0.000000 0.000000 0.000000 0.000000 0.000000 0.000000 0.000000 0.000000 0.000000 0.000000 0.000000 0.000000 0.000000 0.000000 0.000000 0.000000 0.000000 0.000000 0.000000 0.000000 0.000000 0.000000 0.000000 0.000000 0.000000 0.000000 0.000000 0.000000 0.000000 0.000000 0.000000 0.000000 0.000000 0.000000 0.000000 0.000000 0.000000 0.000000 0.000000 0.000000 0.000000 0.000000 0.000000 
0.000000 0.000000 0.000000 0.000000 0.000000 0.000000 0.000000 0.000000 0.000000 0.000000 0.000000 0.000000 0.000000 0.000000 0.000000 0.000000 0.000000 0.000000 0.000000 0.000000 0.000000 0.000000 0.000000 0.000000 0.000000 0.000000 0.000000 0.000000 0.000000 0.000000 0.000000 0.000000 0.000000 0.000000 0.000000 0.000000 0.000000 0.000000 0.000000 0.000000 0.000000 0.000000 0.000000 0.000000 0.000000 0.000000 0.000000 0.000000 0.000000 0.000000 0.000000 0.000000 0.000000 0.000000 0.000000 0.000000 0.000000 0.000000 0.000000 0.000000 0.000000 0.000000 0.000000 0.000000 0.000000 0.000000 0.000000 0.000000 0.000000 0.000000 0.000000 0.000000 0.000000 0.000000 0.000000 0.000000 0.000000 0.000000 0.000000 0.000000 0.000000 0.000000 0.000000 0.000000 0.000000 0.000000 0.000000 0.000000 0.000000 0.000000 0.000000 0.000000 0.000000 0.000000 0.000000 0.000000 0.000000 0.000000 0.000000 0.000000 
0.000000 0.000000 0.000000 0.000000 0.000000 0.000000 0.000000 0.000000 0.000000 0.000000 0.000000 0.000000 0.000000 0.000000 0.000000 0.000000 0.000000 0.000000 0.000000 0.000000 0.000000 0.000000 0.000000 0.000000 0.000000 0.000000 0.000000 0.000000 0.000000 0.000000 0.000000 0.000000 0.000000 0.000000 0.000000 0.000000 0.000000 0.000000 0.000000 0.000000 0.000000 0.000000 0.000000 0.000000 0.000000 0.000000 0.000000 0.000000 0.000000 0.000000 0.000000 0.000000 0.000000 0.000000 0.000000 0.000000 0.000000 0.000000 0.000000 0.000000 0.000000 0.000000 0.000000 0.000000 0.000000 0.000000 0.000000 0.000000 0.000000 0.000000 0.000000 0.000000 0.000000 0.000000 0.000000 0.000000 0.000000 0.000000 0.000000 0.000000 0.000000 0.000000 0.000000 0.000000 0.000000 0.000000 0.000000 0.000000 0.000000 0.000000 0.000000 0.000000 0.000000 0.000000 0.000000 0.000000 0.000000 0.000000 0.000000 0.000000 
0.000000 0.000000 0.000000 0.000000 0.000000 0.000000 0.000000 0.000000 0.000000 0.000000 0.000000 0.000000 0.000000 0.000000 0.000000 0.000000 0.000000 0.000000 0.000000 0.000000 0.000000 0.000000 0.000000 0.000000 0.000000 0.000000 0.000000 0.000000 0.000000 0.000000 0.000000 0.000000 0.000000 0.000000 0.000000 0.000000 0.000000 0.000000 0.000000 0.000000 0.000000 0.000000 0.000000 0.000000 0.000000 0.000000 0.000000 0.000000 0.000000 0.000000 0.000000 0.000000 0.000000 0.000000 0.000000 0.000000 0.000000 0.000000 0.000000 0.000000 0.000000 0.000000 0.000000 0.000000 0.000000 0.000000 0.000000 0.000000 0.000000 0.000000 0.000000 0.000000 0.000000 0.000000 0.000000 0.000000 0.000000 0.000000 0.000000 0.000000 0.000000 0.000000 0.000000 0.000000 0.000000 0.000000 0.000000 0.000000 0.000000 0.000000 0.000000 0.000000 0.000000 0.000000 0.000000 0.000000 0.000000 0.000000 0.000000 0.000000 
0.000000 0.000000 0.000000 0.000000 0.000000 0.000000 0.000000 0.000000 0.000000 0.000000 0.000000 0.000000 0.000000 0.000000 0.000000 0.000000 0.000000 0.000000 0.000000 0.000000 0.000000 0.000000 0.000000 0.000000 0.000000 0.000000 0.000000 0.000000 0.000000 0.000000 0.000000 0.000000 0.000000 0.000000 0.000000 0.000000 0.000000 0.000000 0.000000 0.000000 0.000000 0.000000 0.000000 0.000000 0.000000 0.000000 0.000000 0.000000 0.000000 0.000000 0.000000 0.000000 0.000000 0.000000 0.000000 0.000000 0.000000 0.000000 0.000000 0.000000 0.000000 0.000000 0.000000 0.000000 0.000000 0.000000 0.000000 0.000000 0.000000 0.000000 0.000000 0.000000 0.000000 0.000000 0.000000 0.000000 0.000000 0.000000 0.000000 0.000000 0.000000 0.000000 0.000000 0.000000 0.000000 0.000000 0.000000 0.000000 0.000000 0.000000 0.000000 0.000000 0.000000 0.000000 0.000000 0.000000 0.000000 0.000000 0.000000 0.000000 
0.000000 0.000000 0.000000 0.000000 0.000000 0.000000 0.000000 0.000000 0.000000 0.000000 0.000000 0.000000 0.000000 0.000000 0.000000 0.000000 0.000000 0.000000 0.000000 0.000000 0.000000 0.000000 0.000000 0.000000 0.000000 0.000000 0.000000 0.000000 0.000000 0.000000 0.000000 0.000000 0.000000 0.000000 0.000000 0.000000 0.000000 0.000000 0.000000 0.000000 0.000000 0.000000 0.000000 0.000000 0.000000 0.000000 0.000000 0.000000 0.000000 0.000000 0.000000 0.000000 0.000000 0.000000 0.000000 0.000000 0.000000 0.000000 0.000000 0.000000 0.000000 0.000000 0.000000 0.000000 0.000000 0.000000 0.000000 0.000000 0.000000 0.000000 0.000000 0.000000 0.000000 0.000000 0.000000 0.000000 0.000000 0.000000 0.000000 0.000000 0.000000 0.000000 0.000000 0.000000 0.000000 0.000000 0.000000 0.000000 0.000000 0.000000 0.000000 0.000000 0.000000 0.000000 0.000000 0.000000 0.000000 0.000000 0.000000 0.000000 
0.000000 0.000000 0.000000 0.000000 0.000000 0.000000 0.000000 0.000000 0.000000 0.000000 0.000000 0.000000 0.000000 0.000000 0.000000 0.000000 0.000000 0.000000 0.000000 0.000000 0.000000 0.000000 0.000000 0.000000 0.000000 0.000000 0.000000 0.000000 0.000000 0.000000 0.000000 0.000000 0.000000 0.000000 0.000000 0.000000 0.000000 0.000000 0.000000 0.000000 0.000000 0.000000 0.000000 0.000000 0.000001 0.000001 0.000001 0.000001 0.000001 0.000001 0.000001 0.000001 0.000001 0.000001 0.000001 0.000001 0.000001 0.000000 0.000000 0.000000 0.000000 0.000000 0.000000 0.000000 0.000000 0.000000 0.000000 0.000000 0.000000 0.000000 0.000000 0.000000 0.000000 0.000000 0.000000 0.000000 0.000000 0.000000 0.000000 0.000000 0.000000 0.000000 0.000000 0.000000 0.000000 0.000000 0.000000 0.000000 0.000000 0.000000 0.000000 0.000000 0.000000 0.000000 0.000000 0.000000 0.000000 0.000000 0.000000 0.000000 
0.000000 0.000000 0.000000 0.000000 0.000000 0.000000 0.000000 0.000000 0.000000 0.000000 0.000000 0.000000 0.000000 0.000000 0.000000 0.000000 0.000000 0.000000 0.000000 0.000000 0.000000 0.000000 0.000000 0.000000 0.000000 0.000000 0.000000 0.000000 0.000000 0.000000 0.000000 0.000000 0.000000 0.000000 0.000000 0.000000 0.000000 0.000000 0.000000 0.000000 0.000001 0.000001 0.000001 0.000001 0.000001 0.000002 0.000002 0.000002 0.000002 0.000002 0.000002 0.000002 0.000002 0.000002 0.000002 0.000002 0.000001 0.000001 0.000001 0.000001 0.000001 0.000000 0.000000 0.000000 0.000000 0.000000 0.000000 0.000000 0.000000 0.000000 0.000000 0.000000 0.000000 0.000000 0.000000 0.000000 0.000000 0.000000 0.000000 0.000000 0.000000 0.000000 0.000000 0.000000 0.000000 0.000000 0.000000 0.000000 0.000000 0.000000 0.000000 0.000000 0.000000 0.000000 0.000000 0.000000 0.000000 0.000000 0.000000 0.000000 
0.000000 0.000000 0.000000 0.000000 0.000000 0.000000 0.000000 0.000000 0.000000 0.000000 0.000000 0.000000 0.000000 0.000000 0.000000 0.000000 0.000000 0.000000 0.000000 0.000000 0.000000 0.000000 0.000000 0.000000 0.000000 0.000000 0.000000 0.000000 0.000000 0.000000 0.000000 0.000000 0.000000 0.000000 0.000000 0.000000 0.000000 0.000001 0.000001 0.000001 0.000002 0.000002 0.000002 0.000003 0.000004 0.000004 0.000005 0.000005 0.000006 0.000006 0.000006 0.000006 0.000006 0.000005 0.000005 0.000004 0.000004 0.000003 0.000002 0.000002 0.000002 0.000001 0.000001 0.000001 0.000000 0.000000 0.000000 0.000000 0.000000 0.000000 0.000000 0.000000 0.000000 0.000000 0.000000 0.000000 0.000000 0.000000 0.000000 0.000000 0.000000 0.000000 0.000000 0.000000 0.000000 0.000000 0.000000 0.000000 0.000000 0.000000 0.000000 0.000000 0.000000 0.000000 0.000000 0.000000 0.000000 0.000000 0.000000 0.000000 
0.000000 0.000000 0.000000 0.000000 0.000000 0.000000 0.000000 0.000000 0.000000 0.000000 0.000000 0.000000 0.000000 0.000000 0.000000 0.000000 0.000000 0.000000 0.000000 0.000000 0.000000 0.000000 0.000000 0.000000 0.000000 0.000000 0.000000 0.000000 0.000000 0.000000 0.000000 0.000000 0.000000 0.000000 0.000000 0.000001 0.000001 0.000002 0.000002 0.000003 0.000004 0.000005 0.000006 0.000007 0.000009 0.000010 0.000011 0.000013 0.000013 0.000014 0.000014 0.000014 0.000013 0.000013 0.000011 0.000010 0.000009 0.000007 0.000006 0.000005 0.000004 0.000003 0.000002 0.000002 0.000001 0.000001 0.000000 0.000000 0.000000 0.000000 0.000000 0.000000 0.000000 0.000000 0.000000 0.000000 0.000000 0.000000 0.000000 0.000000 0.000000 0.000000 0.000000 0.000000 0.000000 0.000000 0.000000 0.000000 0.000000 0.000000 0.000000 0.000000 0.000000 0.000000 0.000000 0.000000 0.000000 0.000000 0.000000 0.000000 
0.000000 0.000000 0.000000 0.000000 0.000000 0.000000 0.000000 0.000000 0.000000 0.000000 0.000000 0.000000 0.000000 0.000000 0.000000 0.000000 0.000000 0.000000 0.000000 0.000000 0.000000 0.000000 0.000000 0.000000 0.000000 0.000000 0.000000 0.000000 0.000000 0.000000 0.000000 0.000000 0.000000 0.000001 0.000001 0.000002 0.000003 0.000004 0.000005 0.000007 0.000009 0.000012 0.000015 0.000018 0.000021 0.000024 0.000027 0.000030 0.000032 0.000033 0.000034 0.000033 0.000032 0.000030 0.000027 0.000024 0.000021 0.000018 0.000015 0.000012 0.000009 0.000007 0.000005 0.000004 0.000003 0.000002 0.000001 0.000001 0.000000 0.000000 0.000000 0.000000 0.000000 0.000000 0.000000 0.000000 0.000000 0.000000 0.000000 0.000000 0.000000 0.000000 0.000000 0.000000 0.000000 0.000000 0.000000 0.000000 0.000000 0.000000 0.000000 0.000000 0.000000 0.000000 0.000000 0.000000 0.000000 0.000000 0.000000 0.000000 
0.000000 0.000000 0.000000 0.000000 0.000000 0.000000 0.000000 0.000000 0.000000 0.000000 0.000000 0.000000 0.000000 0.000000 0.000000 0.000000 0.000000 0.000000 0.000000 0.000000 0.000000 0.000000 0.000000 0.000000 0.000000 0.000000 0.000000 0.000000 0.000000 0.000000 0.000000 0.000001 0.000001 0.000002 0.000003 0.000004 0.000006 0.000009 0.000012 0.000016 0.000021 0.000027 0.000034 0.000042 0.000049 0.000057 0.000064 0.000070 0.000075 0.000078 0.000079 0.000078 0.000075 0.000070 0.000064 0.000057 0.000049 0.000042 0.000034 0.000027 0.000021 0.000016 0.000012 0.000009 0.000006 0.000004 0.000003 0.000002 0.000001 0.000001 0.000000 0.000000 0.000000 0.000000 0.000000 0.000000 0.000000 0.000000 0.000000 0.000000 0.000000 0.000000 0.000000 0.000000 0.000000 0.000000 0.000000 0.000000 0.000000 0.000000 0.000000 0.000000 0.000000 0.000000 0.000000 0.000000 0.000000 0.000000 0.000000 0.000000 
0.000000 0.000000 0.000000 0.000000 0.000000 0.000000 0.000000 0.000000 0.000000 0.000000 0.000000 0.000000 0.000000 0.000000 0.000000 0.000000 0.000000 0.000000 0.000000 0.000000 0.000000 0.000000 0.000000 0.000000 0.000000 0.000000 0.000000 0.000000 0.000000 0.000001 0.000001 0.000002 0.000003 0.000004 0.000007 0.000010 0.000014 0.000020 0.000028 0.000038 0.000049 0.000063 0.000079 0.000096 0.000113 0.000131 0.000147 0.000161 0.000172 0.000179 0.000181 0.000179 0.000172 0.000161 0.000147 0.000131 0.000113 0.000096 0.000079 0.000063 0.000049 0.000038 0.000028 0.000020 0.000014 0.000010 0.000007 0.000004 0.000003 0.000002 0.000001 0.000001 0.000000 0.000000 0.000000 0.000000 0.000000 0.000000 0.000000 0.000000 0.000000 0.000000 0.000000 0.000000 0.000000 0.000000 0.000000 0.000000 0.000000 0.000000 0.000000 0.000000 0.000000 0.000000 0.000000 0.000000 0.000000 0.000000 0.000000 0.000000 
0.000000 0.000000 0.000000 0.000000 0.000000 0.000000 0.000000 0.000000 0.000000 0.000000 0.000000 0.000000 0.000000 0.000000 0.000000 0.000000 0.000000 0.000000 0.000000 0.000000 0.000000 0.000000 0.000000 0.000000 0.000000 0.000000 0.000000 0.000000 0.000001 0.000001 0.000002 0.000004 0.000006 0.000010 0.000015 0.000022 0.000032 0.000045 0.000063 0.000085 0.000111 0.000142 0.000177 0.000214 0.000254 0.000293 0.000329 0.000360 0.000384 0.000400 0.000405 0.000400 0.000384 0.000360 0.000329 0.000293 0.000254 0.000214 0.000177 0.000142 0.000111 0.000085 0.000063 0.000045 0.000032 0.000022 0.000015 0.000010 0.000006 0.000004 0.000002 0.000001 0.000001 0.000000 0.000000 0.000000 0.000000 0.000000 0.000000 0.000000 0.000000 0.000000 0.000000 0.000000 0.000000 0.000000 0.000000 0.000000 0.000000 0.000000 0.000000 0.000000 0.000000 0.000000 0.000000 0.000000 0.000000 0.000000 0.000000 0.000000 
0.000000 0.000000 0.000000 0.000000 0.000000 0.000000 0.000000 0.000000 0.000000 0.000000 0.000000 0.000000 0.000000 0.000000 0.000000 0.000000 0.000000 0.000000 0.000000 0.000000 0.000000 0.000000 0.000000 0.000000 0.000000 0.000000 0.000001 0.000001 0.000002 0.000003 0.000005 0.000009 0.000014 0.000022 0.000033 0.000049 0.000071 0.000100 0.000138 0.000186 0.000244 0.000312 0.000388 0.000471 0.000557 0.000642 0.000721 0.000789 0.000842 0.000875 0.000887 0.000875 0.000842 0.000789 0.000721 0.000642 0.000557 0.000471 0.000388 0.000312 0.000244 0.000186 0.000138 0.000100 0.000071 0.000049 0.000033 0.000022 0.000014 0.000009 0.000005 0.000003 0.000002 0.000001 0.000001 0.000000 0.000000 0.000000 0.000000 0.000000 0.000000 0.000000 0.000000 0.000000 0.000000 0.000000 0.000000 0.000000 0.000000 0.000000 0.000000 0.000000 0.000000 0.000000 0.000000 0.000000 0.000000 0.000000 0.000000 0.000000 
0.000000 0.000000 0.000000 0.000000 0.000000 0.000000 0.000000 0.000000 0.000000 0.000000 0.000000 0.000000 0.000000 0.000000 0.000000 0.000000 0.000000 0.000000 0.000000 0.000000 0.000000 0.000000 0.000000 0.000000 0.000000 0.000001 0.000001 0.000002 0.000004 0.000007 0.000011 0.000019 0.000030 0.000047 0.000071 0.000106 0.000153 0.000217 0.000298 0.000401 0.000525 0.000670 0.000833 0.001011 0.001195 0.001376 0.001546 0.001691 0.001804 0.001875 0.001900 0.001875 0.001804 0.001691 0.001546 0.001376 0.001195 0.001011 0.000833 0.000670 0.000525 0.000401 0.000298 0.000217 0.000153 0.000106 0.000071 0.000047 0.000030 0.000019 0.000011 0.000007 0.000004 0.000002 0.000001 0.000001 0.000000 0.000000 0.000000 0.000000 0.000000 0.000000 0.000000 0.000000 0.000000 0.000000 0.000000 0.000000 0.000000 0.000000 0.000000 0.000000 0.000000 0.000000 0.000000 0.000000 0.000000 0.000000 0.000000 0.000000 
0.000000 0.000000 0.000000 0.000000 0.000000 0.000000 0.000000 0.000000 0.000000 0.000000 0.000000 0.000000 0.000000 0.000000 0.000000 0.000000 0.000000 0.000000 0.000000 0.000000 0.000000 0.000000 0.000000 0.000000 0.000001 0.000001 0.000003 0.000005 0.000008 0.000015 0.000024 0.000040 0.000064 0.000099 0.000151 0.000224 0.000324 0.000457 0.000629 0.000844 0.001105 0.001409 0.001751 0.002123 0.002508 0.002888 0.003241 0.003546 0.003781 0.003930 0.003981 0.003930 0.003781 0.003546 0.003241 0.002888 0.002508 0.002123 0.001751 0.001409 0.001105 0.000844 0.000629 0.000457 0.000324 0.000224 0.000151 0.000099 0.000064 0.000040 0.000024 0.000015 0.000008 0.000005 0.000003 0.000001 0.000001 0.000000 0.000000 0.000000 0.000000 0.000000 0.000000 0.000000 0.000000 0.000000 0.000000 0.000000 0.000000 0.000000 0.000000 0.000000 0.000000 0.000000 0.000000 0.000000 0.000000 0.000000 0.000000 0.000000 
0.000000 0.000000 0.000000 0.000000 0.000000 0.000000 0.000000 0.000000 0.000000 0.000000 0.000000 0.000000 0.000000 0.000000 0.000000 0.000000 0.000000 0.000000 0.000000 0.000000 0.000000 0.000000 0.000000 0.000001 0.000002 0.000003 0.000006 0.000010 0.000018 0.000030 0.000051 0.000083 0.000132 0.000206 0.000313 0.000464 0.000670 0.000944 0.001298 0.001740 0.002274 0.002897 0.003600 0.004360 0.005148 0.005926 0.006649 0.007272 0.007753 0.008056 0.008160 0.008056 0.007753 0.007272 0.006649 0.005926 0.005148 0.004360 0.003600 0.002897 0.002274 0.001740 0.001298 0.000944 0.000670 0.000464 0.000313 0.000206 0.000132 0.000083 0.000051 0.000030 0.000018 0.000010 0.000006 0.000003 0.000002 0.000001 0.000000 0.000000 0.000000 0.000000 0.000000 0.000000 0.000000 0.000000 0.000000 0.000000 0.000000 0.000000 0.000000 0.000000 0.000000 0.000000 0.000000 0.000000 0.000000 0.000000 0.000000 0.000000 
0.000000 0.000000 0.000000 0.000000 0.000000 0.000000 0.000000 0.000000 0.000000 0.000000 0.000000 0.000000 0.000000 0.000000 0.000000 0.000000 0.000000 0.000000 0.000000 0.000000 0.000000 0.000000 0.000001 0.000002 0.000003 0.000006 0.000011 0.000021 0.000036 0.000062 0.000103 0.000169 0.000269 0.000418 0.000634 0.000938 0.001354 0.001907 0.002618 0.003505 0.004577 0.005828 0.007236 0.008759 0.010336 0.011892 0.013339 0.014584 0.015545 0.016152 0.016359 0.016152 0.015545 0.014584 0.013339 0.011892 0.010336 0.008759 0.007236 0.005828 0.004577 0.003505 0.002618 0.001907 0.001354 0.000938 0.000634 0.000418 0.000269 0.000169 0.000103 0.000062 0.000036 0.000021 0.000011 0.000006 0.000003 0.000002 0.000001 0.000000 0.000000 0.000000 0.000000 0.000000 0.000000 0.000000 0.000000 0.000000 0.000000 0.000000 0.000000 0.000000 0.000000 0.000000 0.000000 0.000000 0.000000 0.000000 0.000000 0.000000 
0.000000 0.000000 0.000000 0.000000 0.000000 0.000000 0.000000 0.000000 0.000000 0.000000 0.000000 0.000000 0.000000 0.000000 0.000000 0.000000 0.000000 0.000000 0.000000 0.000000 0.000000 0.000001 0.000002 0.000003 0.000007 0.000012 0.000023 0.000041 0.000072 0.000123 0.000206 0.000336 0.000534 0.000829 0.001256 0.001856 0.002676 0.003763 0.005162 0.006906 0.009010 0.011463 0.014222 0.017205 0.020294 0.023339 0.026168 0.028604 0.030482 0.031668 0.032074 0.031668 0.030482 0.028604 0.026168 0.023339 0.020294 0.017205 0.014222 0.011463 0.009010 0.006906 0.005162 0.003763 0.002676 0.001856 0.001256 0.000829 0.000534 0.000336 0.000206 0.000123 0.000072 0.000041 0.000023 0.000012 0.000007 0.000003 0.000002 0.000001 0.000000 0.000000 0.000000 0.000000 0.000000 0.000000 0.000000 0.000000 0.000000 0.000000 0.000000 0.000000 0.000000 0.000000 0.000000 0.000000 0.000000 0.000000 0.000000 0.000000 
0.000000 0.000000 0.000000 0.000000 0.000000 0.000000 0.000000 0.000000 0.000000 0.000000 0.000000 0.000000 0.000000 0.000000 0.000000 0.000000 0.000000 0.000000 0.000000 0.000000 0.000001 0.000002 0.000003 0.000007 0.000013 0.000024 0.000045 0.000080 0.000141 0.000240 0.000401 0.000652 0.001037 0.001607 0.002431 0.003589 0.005168 0.007261 0.009950 0.013300 0.017339 0.022044 0.027332 0.033046 0.038959 0.044785 0.050196 0.054855 0.058446 0.060713 0.061488 0.060713 0.058446 0.054855 0.050196 0.044785 0.038959 0.033046 0.027332 0.022044 0.017339 0.013300 0.009950 0.007261 0.005168 0.003589 0.002431 0.001607 0.001037 0.000652 0.000401 0.000240 0.000141 0.000080 0.000045 0.000024 0.000013 0.000007 0.000003 0.000002 0.000001 0.000000 0.000000 0.000000 0.000000 0.000000 0.000000 0.000000 0.000000 0.000000 0.000000 0.000000 0.000000 0.000000 0.000000 0.000000 0.000000 0.000000 0.000000 0.000000 
0.000000 0.000000 0.000000 0.000000 0.000000 0.000000 0.000000 0.000000 0.000000 0.000000 0.000000 0.000000 0.000000 0.000000 0.000000 0.000000 0.000000 0.000000 0.000000 0.000001 0.000002 0.000003 0.000007 0.000013 0.000025 0.000047 0.000086 0.000154 0.000268 0.000458 0.000762 0.001239 0.001966 0.003044 0.004600 0.006783 0.009758 0.013695 0.018750 0.025041 0.032619 0.041443 0.051351 0.062052 0.073120 0.084020 0.094140 0.102851 0.109563 0.113800 0.115249 0.113800 0.109563 0.102851 0.094140 0.084020 0.073120 0.062052 0.051351 0.041443 0.032619 0.025041 0.018750 0.013695 0.009758 0.006783 0.004600 0.003044 0.001966 0.001239 0.000762 0.000458 0.000268 0.000154 0.000086 0.000047 0.000025 0.000013 0.000007 0.000003 0.000002 0.000001 0.000000 0.000000 0.000000 0.000000 0.000000 0.000000 0.000000 0.000000 0.000000 0.000000 0.000000 0.000000 0.000000 0.000000 0.000000 0.000000 0.000000 0.000000 
0.000000 0.000000 0.000000 0.000000 0.000000 0.000000 0.000000 0.000000 0.000000 0.000000 0.000000 0.000000 0.000000 0.000000 0.000000 0.000000 0.000000 0.000000 0.000001 0.000001 0.000003 0.000006 0.000012 0.000024 0.000047 0.000088 0.000160 0.000287 0.000500 0.000852 0.001417 0.002300 0.003644 0.005636 0.008506 0.012529 0.018005 0.025245 0.034534 0.046083 0.059984 0.076159 0.094310 0.113900 0.134155 0.154092 0.172598 0.188520 0.200788 0.208530 0.211177 0.208530 0.200788 0.188520 0.172598 0.154092 0.134155 0.113900 0.094310 0.076159 0.059984 0.046083 0.034534 0.025245 0.018005 0.012529 0.008506 0.005636 0.003644 0.002300 0.001417 0.000852 0.000500 0.000287 0.000160 0.000088 0.000047 0.000024 0.000012 0.000006 0.000003 0.000001 0.000001 0.000000 0.000000 0.000000 0.000000 0.000000 0.000000 0.000000 0.000000 0.000000 0.000000 0.000000 0.000000 0.000000 0.000000 0.000000 0.000000 0.000000 
0.000000 0.000000 0.000000 0.000000 0.000000 0.000000 0.000000 0.000000 0.000000 0.000000 0.000000 0.000000 0.000000 0.000000 0.000000 0.000000 0.000000 0.000001 0.000001 0.000003 0.000006 0.000011 0.000023 0.000045 0.000086 0.000160 0.000293 0.000523 0.000911 0.001549 0.002572 0.004170 0.006600 0.010195 0.015370 0.022614 0.032466 0.045481 0.062161 0.082884 0.107810 0.136791 0.169293 0.204355 0.240587 0.276237 0.309317 0.337770 0.359688 0.373518 0.378246 0.373518 0.359688 0.337770 0.309317 0.276237 0.240587 0.204355 0.169293 0.136791 0.107810 0.082884 0.062161 0.045481 0.032466 0.022614 0.015370 0.010195 0.006600 0.004170 0.002572 0.001549 0.000911 0.000523 0.000293 0.000160 0.000086 0.000045 0.000023 0.000011 0.000006 0.000003 0.000001 0.000001 0.000000 0.000000 0.000000 0.000000 0.000000 0.000000 0.000000 0.000000 0.000000 0.000000 0.000000 0.000000 0.000000 0.000000 0.000000 0.000000 
0.000000 0.000000 0.000000 0.000000 0.000000 0.000000 0.000000 0.000000 0.000000 0.000000 0.000000 0.000000 0.000000 0.000000 0.000000 0.000000 0.000000 0.000001 0.000002 0.000005 0.000010 0.000021 0.000041 0.000080 0.000154 0.000287 0.000523 0.000931 0.001619 0.002751 0.004562 0.007387 0.011677 0.018018 0.027135 0.039883 0.057205 0.080065 0.109339 0.145681 0.189362 0.240115 0.297001 0.358334 0.421685 0.483996 0.541792 0.591493 0.629771 0.653921 0.662176 0.653921 0.629771 0.591493 0.541792 0.483996 0.421685 0.358334 0.297001 0.240115 0.189362 0.145681 0.109339 0.080065 0.057205 0.039883 0.027135 0.018018 0.011677 0.007387 0.004562 0.002751 0.001619 0.000931 0.000523 0.000287 0.000154 0.000080 0.000041 0.000021 0.000010 0.000005 0.000002 0.000001 0.000000 0.000000 0.000000 0.000000 0.000000 0.000000 0.000000 0.000000 0.000000 0.000000 0.000000 0.000000 0.000000 0.000000 0.000000 0.000000 
0.000000 0.000000 0.000000 0.000000 0.000000 0.000000 0.000000 0.000000 0.000000 0.000000 0.000000 0.000000 0.000000 0.000000 0.000000 0.000000 0.000001 0.000002 0.000004 0.000008 0.000018 0.000036 0.000072 0.000141 0.000268 0.000500 0.000911 0.001619 0.002813 0.004772 0.007904 0.012783 0.020183 0.031108 0.046801 0.068722 0.098481 0.137718 0.187924 0.250203 0.325008 0.411870 0.509174 0.614030 0.722288 0.828728 0.927426 1.012277 1.077615 1.118832 1.132920 1.118832 1.077615 1.012277 0.927426 0.828728 0.722288 0.614030 0.509174 0.411870 0.325008 0.250203 0.187924 0.137718 0.098481 0.068722 0.046801 0.031108 0.020183 0.012783 0.007904 0.004772 0.002813 0.001619 0.000911 0.000500 0.000268 0.000141 0.000072 0.000036 0.000018 0.000008 0.000004 0.000002 0.000001 0.000000 0.000000 0.000000 0.000000 0.000000 0.000000 0.000000 0.000000 0.000000 0.000000 0.000000 0.000000 0.000000 0.000000 0.000000 
0.000000 0.000000 0.000000 0.000000 0.000000 0.000000 0.000000 0.000000 0.000000 0.000000 0.000000 0.000000 0.000000 0.000000 0.000000 0.000001 0.000001 0.000003 0.000007 0.000015 0.000030 0.000062 0.000123 0.000240 0.000458 0.000852 0.001549 0.002751 0.004772 0.008084 0.013374 0.021605 0.034075 0.052465 0.078854 0.115679 0.165628 0.231430 0.315562 0.419850 0.545030 0.690298 0.852941 1.028123 1.208912 1.386599 1.551312 1.692883 1.801877 1.870625 1.894121 1.870625 1.801877 1.692883 1.551312 1.386599 1.208912 1.028123 0.852941 0.690298 0.545030 0.419850 0.315562 0.231430 0.165628 0.115679 0.078854 0.052465 0.034075 0.021605 0.013374 0.008084 0.004772 0.002751 0.001549 0.000852 0.000458 0.000240 0.000123 0.000062 0.000030 0.000015 0.000007 0.000003 0.000001 0.000001 0.000000 0.000000 0.000000 0.000000 0.000000 0.000000 0.000000 0.000000 0.000000 0.000000 0.000000 0.000000 0.000000 0.000000 
0.000000 0.000000 0.000000 0.000000 0.000000 0.000000 0.000000 0.000000 0.000000 0.000000 0.000000 0.000000 0.000000 0.000000 0.000000 0.000001 0.000002 0.000005 0.000011 0.000024 0.000051 0.000103 0.000206 0.000401 0.000762 0.001417 0.002572 0.004562 0.007904 0.013374 0.022101 0.035662 0.056186 0.086423 0.129770 0.190206 0.272108 0.379919 0.517657 0.688278 0.892950 1.130330 1.395963 1.681942 1.976956 2.266807 2.535416 2.766233 2.943905 3.055959 3.094254 3.055959 2.943905 2.766233 2.535416 2.266807 1.976956 1.681942 1.395963 1.130330 0.892950 0.688278 0.517657 0.379919 0.272108 0.190206 0.129770 0.086423 0.056186 0.035662 0.022101 0.013374 0.007904 0.004562 0.002572 0.001417 0.000762 0.000401 0.000206 0.000103 0.000051 0.000024 0.000011 0.000005 0.000002 0.000001 0.000000 0.000000 0.000000 0.000000 0.000000 0.000000 0.000000 0.000000 0.000000 0.000000 0.000000 0.000000 0.000000 0.000000 
0.000000 0.000000 0.000000 0.000000 0.000000 0.000000 0.000000 0.000000 0.000000 0.000000 0.000000 0.000000 0.000000 0.000000 0.000001 0.000002 0.000004 0.000009 0.000019 0.000040 0.000083 0.000169 0.000336 0.000652 0.001239 0.002300 0.004170 0.007387 0.012783 0.021605 0.035662 0.057484 0.090476 0.139034 0.208582 0.305462 0.436647 0.609199 0.829494 1.102200 1.429133 1.808104 2.231971 2.688103 3.158463 3.620440 4.048441 4.416143 4.699136 4.877594 4.938579 4.877594 4.699136 4.416143 4.048441 3.620440 3.158463 2.688103 2.231971 1.808104 1.429133 1.102200 0.829494 0.609199 0.436647 0.305462 0.208582 0.139034 0.090476 0.057484 0.035662 0.021605 0.012783 0.007387 0.004170 0.002300 0.001239 0.000652 0.000336 0.000169 0.000083 0.000040 0.000019 0.000009 0.000004 0.000002 0.000001 0.000000 0.000000 0.000000 0.000000 0.000000 0.000000 0.000000 0.000000 0.000000 0.000000 0.000000 0.000000 0.000000 
0.000000 0.000000 0.000000 0.000000 0.000000 0.000000 0.000000 0.000000 0.000000 0.000000 0.000000 0.000000 0.000000 0.000000 0.000001 0.000003 0.000006 0.000014 0.000030 0.000064 0.000132 0.000269 0.000534 0.001037 0.001966 0.003644 0.006600 0.011677 0.020183 0.034075 0.056186 0.090476 0.142267 0.218424 0.327403 0.479088 0.684322 0.954080 1.298242 1.724019 2.234168 2.825210 3.485959 4.196707 4.929357 5.648722 6.315007 6.887303 7.327687 7.605368 7.700255 7.605368 7.327687 6.887303 6.315007 5.648722 4.929357 4.196707 3.485959 2.825210 2.234168 1.724019 1.298242 0.954080 0.684322 0.479088 0.327403 0.218424 0.142267 0.090476 0.056186 0.034075 0.020183 0.011677 0.006600 0.003644 0.001966 0.001037 0.000534 0.000269 0.000132 0.000064 0.000030 0.000014 0.000006 0.000003 0.000001 0.000000 0.000000 0.000000 0.000000 0.000000 0.000000 0.000000 0.000000 0.000000 0.000000 0.000000 0.000000 0.000000 
0.000000 0.000000 0.000000 0.000000 0.000000 0.000000 0.000000 0.000000 0.000000 0.000000 0.000000 0.000000 0.000000 0.000001 0.000002 0.000004 0.000010 0.000022 0.000047 0.000099 0.000206 0.000418 0.000829 0.001607 0.003044 0.005636 0.010195 0.018018 0.031108 0.052465 0.086423 0.139034 0.218424 0.335061 0.501829 0.733765 1.047351 1.459242 1.984402 2.633717 3.411277 4.311685 5.317839 6.399699 7.514511 8.608781 9.622055 10.492220 11.161714 11.583817 11.728047 11.583817 11.161714 10.492220 9.622055 8.608781 7.514511 6.399699 5.317839 4.311685 3.411277 2.633717 1.984402 1.459242 1.047351 0.733765 0.501829 0.335061 0.218424 0.139034 0.086423 0.052465 0.031108 0.018018 0.010195 0.005636 0.003044 0.001607 0.000829 0.000418 0.000206 0.000099 0.000047 0.000022 0.000010 0.000004 0.000002 0.000001 0.000000 0.000000 0.000000 0.000000 0.000000 0.000000 0.000000 0.000000 0.000000 0.000000 0.000000 0.000000 
0.000000 0.000000 0.000000 0.000000 0.000000 0.000000 0.000000 0.000000 0.000000 0.000000 0.000000 0.000000 0.000000 0.000001 0.000003 0.000007 0.000015 0.000033 0.000071 0.000151 0.000313 0.000634 0.001256 0.002431 0.004600 0.008506 0.015370 0.027135 0.046801 0.078854 0.129770 0.208582 0.327403 0.501829 0.751026 1.097346 1.565258 2.179455 2.962081 3.929189 5.086715 6.426494 7.922989 9.531482 11.188423 12.814374 14.319623 15.612034 16.606259 17.233040 17.447198 17.233040 16.606259 15.612034 14.319623 12.814374 11.188423 9.531482 7.922989 6.426494 5.086715 3.929189 2.962081 2.179455 1.565258 1.097346 0.751026 0.501829 0.327403 0.208582 0.129770 0.078854 0.046801 0.027135 0.015370 0.008506 0.004600 0.002431 0.001256 0.000634 0.000313 0.000151 0.000071 0.000033 0.000015 0.000007 0.000003 0.000001 0.000000 0.000000 0.000000 0.000000 0.000000 0.000000 0.000000 0.000000 0.000000 0.000000 0.000000 0.000000 
0.000000 0.000000 0.000000 0.000000 0.000000 0.000000 0.000000 0.000000 0.000000 0.000000 0.000000 0.000000 0.000001 0.000002 0.000004 0.000010 0.000022 0.000049 0.000106 0.000224 0.000464 0.000938 0.001856 0.003589 0.006783 0.012529 0.022614 0.039883 0.068722 0.115679 0.190206 0.305462 0.479088 0.733765 1.097346 1.602279 2.284046 3.178408 4.317381 5.724093 7.406964 9.353950 11.527814 13.863548 16.268891 18.628622 20.812695 22.687615 24.129761 25.038839 25.349439 25.038839 24.129761 22.687615 20.812695 18.628622 16.268891 13.863548 11.527814 9.353950 7.406964 5.724093 4.317381 3.178408 2.284046 1.602279 1.097346 0.733765 0.479088 0.305462 0.190206 0.115679 0.068722 0.039883 0.022614 0.012529 0.006783 0.003589 0.001856 0.000938 0.000464 0.000224 0.000106 0.000049 0.000022 0.000010 0.000004 0.000002 0.000001 0.000000 0.000000 0.000000 0.000000 0.000000 0.000000 0.000000 0.000000 0.000000 0.000000 0.000000 
0.000000 0.000000 0.000000 0.000000 0.000000 0.000000 0.000000 0.000000 0.000000 0.000000 0.000000 0.000000 0.000001 0.000003 0.000006 0.000014 0.000032 0.000071 0.000153 0.000324 0.000670 0.001354 0.002676 0.005168 0.009758 0.018005 0.032466 0.057205 0.098481 0.165628 0.272108 0.436647 0.684322 1.047351 1.565258 2.284046 3.253968 4.525610 6.144186 8.142258 10.531500 13.294577 16.378486 19.690931 23.101107 26.445786 29.540846 32.197363 34.240442 35.528221 35.968191 35.528221 34.240442 32.197363 29.540846 26.445786 23.101107 19.690931 16.378486 13.294577 10.531500 8.142258 6.144186 4.525610 3.253968 2.284046 1.565258 1.047351 0.684322 0.436647 0.272108 0.165628 0.098481 0.057205 0.032466 0.018005 0.009758 0.005168 0.002676 0.001354 0.000670 0.000324 0.000153 0.000071 0.000032 0.000014 0.000006 0.000003 0.000001 0.000000 0.000000 0.000000 0.000000 0.000000 0.000000 0.000000 0.000000 0.000000 0.000000 0.000000 
0.000000 0.000000 0.000000 0.000000 0.000000 0.000000 0.000000 0.000000 0.000000 0.000000 0.000000 0.000001 0.000002 0.000004 0.000009 0.000020 0.000045 0.000100 0.000217 0.000457 0.000944 0.001907 0.003763 0.007261 0.013695 0.025245 0.045481 0.080065 0.137718 0.231430 0.379919 0.609199 0.954080 1.459242 2.179455 3.178408 4.525610 6.290951 8.536803 11.307947 14.620212 18.449260 22.721435 27.308791 32.030217 36.659890 40.943216 44.619064 47.445764 49.227331 49.835981 49.227331 47.445764 44.619064 40.943216 36.659890 32.030217 27.308791 22.721435 18.449260 14.620212 11.307947 8.536803 6.290951 4.525610 3.178408 2.179455 1.459242 0.954080 0.609199 0.379919 0.231430 0.137718 0.080065 0.045481 0.025245 0.013695 0.007261 0.003763 0.001907 0.000944 0.000457 0.000217 0.000100 0.000045 0.000020 0.000009 0.000004 0.000002 0.000001 0.000000 0.000000 0.000000 0.000000 0.000000 0.000000 0.000000 0.000000 0.000000 0.000000 
0.000000 0.000000 0.000000 0.000000 0.000000 0.000000 0.000000 0.000000 0.000000 0.000000 0.000000 0.000001 0.000002 0.000005 0.000012 0.000028 0.000063 0.000138 0.000298 0.000629 0.001298 0.002618 0.005162 0.009950 0.018750 0.034534 0.062161 0.109339 0.187924 0.315562 0.517657 0.829494 1.298242 1.984402 2.962081 4.317381 6.144186 8.536803 11.579265 15.331741 19.815208 24.996343 30.775224 36.978671 43.361821 49.619582 55.408161 60.375070 64.194175 66.601046 67.423295 66.601046 64.194175 60.375070 55.408161 49.619582 43.361821 36.978671 30.775224 24.996343 19.815208 15.331741 11.579265 8.536803 6.144186 4.317381 2.962081 1.984402 1.298242 0.829494 0.517657 0.315562 0.187924 0.109339 0.062161 0.034534 0.018750 0.009950 0.005162 0.002618 0.001298 0.000629 0.000298 0.000138 0.000063 0.000028 0.000012 0.000005 0.000002 0.000001 0.000000 0.000000 0.000000 0.000000 0.000000 0.000000 0.000000 0.000000 0.000000 0.000000 
0.000000 0.000000 0.000000 0.000000 0.000000 0.000000 0.000000 0.000000 0.000000 0.000000 0.000000 0.000001 0.000003 0.000007 0.000016 0.000038 0.000085 0.000186 0.000401 0.000844 0.001740 0.003505 0.006906 0.013300 0.025041 0.046083 0.082884 0.145681 0.250203 0.419850 0.688278 1.102200 1.724019 2.633717 3.929189 5.724093 8.142258 11.307947 15.331741 20.292612 26.217735 33.062614 40.694925 48.885816 57.312040 65.571106 73.209680 79.763118 84.801622 87.976771 89.061447 87.976771 84.801622 79.763118 73.209680 65.571106 57.312040 48.885816 40.694925 33.062614 26.217735 20.292612 15.331741 11.307947 8.142258 5.724093 3.929189 2.633717 1.724019 1.102200 0.688278 0.419850 0.250203 0.145681 0.082884 0.046083 0.025041 0.013300 0.006906 0.003505 0.001740 0.000844 0.000401 0.000186 0.000085 0.000038 0.000016 0.000007 0.000003 0.000001 0.000000 0.000000 0.000000 0.000000 0.000000 0.000000 0.000000 0.000000 0.000000 0.000000 
0.000000 0.000000 0.000000 0.000000 0.000000 0.000000 0.000000 0.000000 0.000000 0.000000 0.000001 0.000002 0.000004 0.000009 0.000021 0.000049 0.000111 0.000244 0.000525 0.001105 0.002274 0.004577 0.009010 0.017339 0.032619 0.059984 0.107810 0.189362 0.325008 0.545030 0.892950 1.429133 2.234168 3.411277 5.086715 7.406964 10.531500 14.620212 19.815208 26.217735 33.862211 42.690687 52.532125 63.091279 73.951519 84.594391 94.436196 102.878854 109.369265 113.459126 114.856238 113.459126 109.369265 102.878854 94.436196 84.594391 73.951519 63.091279 52.532125 42.690687 33.862211 26.217735 19.815208 14.620212 10.531500 7.406964 5.086715 3.411277 2.234168 1.429133 0.892950 0.545030 0.325008 0.189362 0.107810 0.059984 0.032619 0.017339 0.009010 0.004577 0.002274 0.001105 0.000525 0.000244 0.000111 0.000049 0.000021 0.000009 0.000004 0.000002 0.000001 0.000000 0.000000 0.000000 0.000000 0.000000 0.000000 0.000000 0.000000 0.000000 
0.000000 0.000000 0.000000 0.000000 0.000000 0.000000 0.000000 0.000000 0.000000 0.000000 0.000001 0.000002 0.000005 0.000012 0.000027 0.000063 0.000142 0.000312 0.000670 0.001409 0.002897 0.005828 0.011463 0.022044 0.041443 0.076159 0.136791 0.240115 0.411870 0.690298 1.130330 1.808104 2.825210 4.311685 6.426494 9.353950 13.294577 18.449260 24.996343 33.062614 42.690687 53.806964 66.195665 79.484950 93.150561 106.540460 118.920837 129.540013 137.702983 142.846507 144.603507 142.846507 137.702983 129.540013 118.920837 106.540460 93.150561 79.484950 66.195665 53.806964 42.690687 33.062614 24.996343 18.449260 13.294577 9.353950 6.426494 4.311685 2.825210 1.808104 1.130330 0.690298 0.411870 0.240115 0.136791 0.076159 0.041443 0.022044 0.011463 0.005828 0.002897 0.001409 0.000670 0.000312 0.000142 0.000063 0.000027 0.000012 0.000005 0.000002 0.000001 0.000000 0.000000 0.000000 0.000000 0.000000 0.000000 0.000000 0.000000 0.000000 
0.000000 0.000000 0.000000 0.000000 0.000000 0.000000 0.000000 0.000000 0.000000 0.000000 0.000001 0.000002 0.000006 0.000015 0.000034 0.000079 0.000177 0.000388 0.000833 0.001751 0.003600 0.007236 0.014222 0.027332 0.051351 0.094310 0.169293 0.297001 0.509174 0.852941 1.395963 2.231971 3.485959 5.317839 7.922989 11.527814 16.378486 22.721435 30.775224 40.694925 52.532125 66.195665 81.419860 97.747574 114.534784 130.980889 146.185191 159.225291 169.248490 175.563844 177.721081 175.563844 169.248490 159.225291 146.185191 130.980889 114.534784 97.747574 81.419860 66.195665 52.532125 40.694925 30.775224 22.721435 16.378486 11.527814 7.922989 5.317839 3.485959 2.231971 1.395963 0.852941 0.509174 0.297001 0.169293 0.094310 0.051351 0.027332 0.014222 0.007236 0.003600 0.001751 0.000833 0.000388 0.000177 0.000079 0.000034 0.000015 0.000006 0.000002 0.000001 0.000000 0.000000 0.000000 0.000000 0.000000 0.000000 0.000000 0.000000 0.000000 
0.000000 0.000000 0.000000 0.000000 0.000000 0.000000 0.000000 0.000000 0.000000 0.000000 0.000001 0.000003 0.000007 0.000018 0.000042 0.000096 0.000214 0.000471 0.001011 0.002123 0.004360 0.008759 0.017205 0.033046 0.062052 0.113900 0.204355 0.358334 0.614030 1.028123 1.681942 2.688103 4.196707 6.399699 9.531482 13.863548 19.690931 27.308791 36.978671 48.885816 63.091279 79.484950 97.747574 117.330578 137.461648 157.181112 175.409641 191.042142 203.057195 210.627237 213.213002 210.627237 203.057195 191.042142 175.409641 157.181112 137.461648 117.330578 97.747574 79.484950 63.091279 48.885816 36.978671 27.308791 19.690931 13.863548 9.531482 6.399699 4.196707 2.688103 1.681942 1.028123 0.614030 0.358334 0.204355 0.113900 0.062052 0.033046 0.017205 0.008759 0.004360 0.002123 0.001011 0.000471 0.000214 0.000096 0.000042 0.000018 0.000007 0.000003 0.000001 0.000000 0.000000 0.000000 0.000000 0.000000 0.000000 0.000000 0.000000 0.000000 
