0.000000 0.000000 0.000000 0.000000 0.000000 0.000000 0.000000 0.000000 0.000000 0.000000 0.000000 0.000000 0.000000 0.000000 0.000000 0.000000 0.000000 0.000000 0.000000 0.000000 0.000000 0.000000 0.000000 0.000000 0.000000 0.000000 0.000000 0.000000 0.000000 0.000000 0.000000 0.000000 0.000000 0.000000 0.000000 0.000000 0.000000 0.000000 0.000000 0.000000 0.000000 0.000000 0.000000 0.000000 0.000000 0.000000 0.000000 0.000000 0.000000 0.000000 0.000000 0.000000 0.000000 0.000000 0.000000 0.000000 0.000000 0.000000 0.000000 0.000000 0.000000 0.000000 0.000000 0.000000 0.000000 0.000000 0.000000 0.000000 0.000000 0.000000 0.000000 0.000000 0.000000 0.000000 0.000000 0.000000 0.000000 0.000000 0.000000 0.000000 0.000000 0.000000 0.000000 0.000000 0.000000 0.000000 0.000000 0.000000 0.000000 0.000000 0.000000 0.000000 0.000000 0.000000 0.000000 0.000000 0.000000 0.000000 0.000000 0.000000 
0.000000 0.000000 0.000000 0.000000 0.000000 0.000000 0.000000 0.000000 0.000000 0.000000 0.000000 0.000000 0.000000 0.000000 0.000000 0.000000 0.000000 0.000000 0.000001 0.000001 0.000001 0.000002 0.000003 0.000004 0.000005 0.000007 0.000009 0.000011 0.000015 0.000019 0.000024 0.000030 0.000036 0.000044 0.000053 0.000064 0.000075 0.000088 0.000101 0.000115 0.000129 0.000144 0.000159 0.000173 0.000186 0.000198 0.000209 0.000217 0.000223 0.000227 0.000228 0.000227 0.000223 0.000217 0.000209 0.000198 0.000186 0.000173 0.000159 0.000144 0.000129 0.000115 0.000101 0.000088 0.000075 0.000064 0.000053 0.000044 0.000036 0.000030 0.000024 0.000019 0.000015 0.000011 0.000009 0.000007 0.000005 0.000004 0.000003 0.000002 0.000001 0.000001 0.000001 0.000000 0.000000 0.000000 0.000000 0.000000 0.000000 0.000000 0.000000 0.000000 0.000000 0.000000 0.000000 0.000000 0.000000 0.000000 0.000000 0.000000 
0.000000 0.000000 0.000000 0.000000 0.000000 0.000000 0.000000 0.000000 0.000000 0.000000 0.000000 0.000000 0.000000 0.000000 0.000000 0.000001 0.000001 0.000001 0.000002 0.000002 0.000003 0.000004 0.000006 0.000008 0.000011 0.000015 0.000020 0.000026 0.000033 0.000043 0.000054 0.000067 0.000082 0.000101 0.000121 0.000144 0.000170 0.000198 0.000229 0.000260 0.000293 0.000327 0.000360 0.000392 0.000422 0.000449 0.000473 0.000492 0.000506 0.000515 0.000517 0.000515 0.000506 0.000492 0.000473 0.000449 0.000422 0.000392 0.000360 0.000327 0.000293 0.000260 0.000229 0.000198 0.000170 0.000144 0.000121 0.000101 0.000082 0.000067 0.000054 0.000043 0.000033 0.000026 0.000020 0.000015 0.000011 0.000008 0.000006 0.000004 0.000003 0.000002 0.000002 0.000001 0.000001 0.000001 0.000000 0.000000 0.000000 0.000000 0.000000 0.000000 0.000000 0.000000 0.000000 0.000000 0.000000 0.000000 0.000000 0.000000 
0.000000 0.000000 0.000000 0.000000 0.000000 0.000000 0.000000 0.000000 0.000000 0.000000 0.000000 0.000000 0.000000 0.000000 0.000001 0.000001 0.000001 0.000002 0.000003 0.000004 0.000006 0.000008 0.000011 0.000015 0.000021 0.000027 0.000036 0.000047 0.000061 0.000078 0.000098 0.000122 0.000150 0.000183 0.000221 0.000263 0.000310 0.000361 0.000416 0.000474 0.000534 0.000594 0.000655 0.000713 0.000767 0.000816 0.000859 0.000894 0.000920 0.000935 0.000941 0.000935 0.000920 0.000894 0.000859 0.000816 0.000767 0.000713 0.000655 0.000594 0.000534 0.000474 0.000416 0.000361 0.000310 0.000263 0.000221 0.000183 0.000150 0.000122 0.000098 0.000078 0.000061 0.000047 0.000036 0.000027 0.000021 0.000015 0.000011 0.000008 0.000006 0.000004 0.000003 0.000002 0.000001 0.000001 0.000001 0.000000 0.000000 0.000000 0.000000 0.000000 0.000000 0.000000 0.000000 0.000000 0.000000 0.000000 0.000000 0.000000 
0.000000 0.000000 0.000000 0.000000 0.000000 0.000000 0.000000 0.000000 0.000000 0.000000 0.000000 0.000000 0.000000 0.000001 0.000001 0.000002 0.000002 0.000003 0.000005 0.000007 0.000010 0.000014 0.000019 0.000026 0.000035 0.000047 0.000062 0.000080 0.000104 0.000132 0.000167 0.000208 0.000256 0.000312 0.000376 0.000448 0.000528 0.000615 0.000708 0.000807 0.000909 0.001012 0.001114 0.001213 0.001306 0.001389 0.001462 0.001521 0.001565 0.001592 0.001601 0.001592 0.001565 0.001521 0.001462 0.001389 0.001306 0.001213 0.001114 0.001012 0.000909 0.000807 0.000708 0.000615 0.000528 0.000448 0.000376 0.000312 0.000256 0.000208 0.000167 0.000132 0.000104 0.000080 0.000062 0.000047 0.000035 0.000026 0.000019 0.000014 0.000010 0.000007 0.000005 0.000003 0.000002 0.000002 0.000001 0.000001 0.000000 0.000000 0.000000 0.000000 0.000000 0.000000 0.000000 0.000000 0.000000 0.000000 0.000000 0.000000 
0.000000 0.000000 0.000000 0.000000 0.000000 0.000000 0.000000 0.000000 0.000000 0.000000 0.000000 0.000001 0.000001 0.000001 0.000002 0.000003 0.000004 0.000006 0.000008 0.000012 0.000017 0.000023 0.000032 0.000043 0.000058 0.000078 0.000102 0.000134 0.000172 0.000219 0.000276 0.000344 0.000424 0.000517 0.000623 0.000742 0.000874 0.001018 0.001173 0.001336 0.001504 0.001675 0.001844 0.002007 0.002160 0.002299 0.002419 0.002517 0.002589 0.002634 0.002649 0.002634 0.002589 0.002517 0.002419 0.002299 0.002160 0.002007 0.001844 0.001675 0.001504 0.001336 0.001173 0.001018 0.000874 0.000742 0.000623 0.000517 0.000424 0.000344 0.000276 0.000219 0.000172 0.000134 0.000102 0.000078 0.000058 0.000043 0.000032 0.000023 0.000017 0.000012 0.000008 0.000006 0.000004 0.000003 0.000002 0.000001 0.000001 0.000001 0.000000 0.000000 0.000000 0.000000 0.000000 0.000000 0.000000 0.000000 0.000000 0.000000 
0.000000 0.000000 0.000000 0.000000 0.000000 0.000000 0.000000 0.000000 0.000000 0.000000 0.000001 0.000001 0.000001 0.000002 0.000003 0.000004 0.000006 0.000009 0.000014 0.000019 0.000027 0.000038 0.000052 0.000071 0.000095 0.000127 0.000167 0.000218 0.000281 0.000358 0.000451 0.000562 0.000692 0.000843 0.001015 0.001209 0.001424 0.001659 0.001911 0.002176 0.002450 0.002727 0.003002 0.003268 0.003517 0.003743 0.003938 0.004097 0.004215 0.004287 0.004311 0.004287 0.004215 0.004097 0.003938 0.003743 0.003517 0.003268 0.003002 0.002727 0.002450 0.002176 0.001911 0.001659 0.001424 0.001209 0.001015 0.000843 0.000692 0.000562 0.000451 0.000358 0.000281 0.000218 0.000167 0.000127 0.000095 0.000071 0.000052 0.000038 0.000027 0.000019 0.000014 0.000009 0.000006 0.000004 0.000003 0.000002 0.000001 0.000001 0.000001 0.000000 0.000000 0.000000 0.000000 0.000000 0.000000 0.000000 0.000000 0.000000 
0.000000 0.000000 0.000000 0.000000 0.000000 0.000000 0.000000 0.000000 0.000000 0.000001 0.000001 0.000001 0.000002 0.000003 0.000005 0.000007 0.000010 0.000015 0.000022 0.000031 0.000044 0.000061 0.000084 0.000114 0.000154 0.000205 0.000270 0.000351 0.000453 0.000577 0.000726 0.000905 0.001114 0.001357 0.001634 0.001946 0.002292 0.002669 0.003074 0.003499 0.003940 0.004386 0.004828 0.005254 0.005654 0.006017 0.006331 0.006586 0.006775 0.006890 0.006929 0.006890 0.006775 0.006586 0.006331 0.006017 0.005654 0.005254 0.004828 0.004386 0.003940 0.003499 0.003074 0.002669 0.002292 0.001946 0.001634 0.001357 0.001114 0.000905 0.000726 0.000577 0.000453 0.000351 0.000270 0.000205 0.000154 0.000114 0.000084 0.000061 0.000044 0.000031 0.000022 0.000015 0.000010 0.000007 0.000005 0.000003 0.000002 0.000001 0.000001 0.000001 0.000000 0.000000 0.000000 0.000000 0.000000 0.000000 0.000000 0.000000 
0.000000 0.000000 0.000000 0.000000 0.000000 0.000000 0.000000 0.000000 0.000001 0.000001 0.000001 0.000002 0.000003 0.000005 0.000008 0.000011 0.000017 0.000024 0.000035 0.000050 0.000070 0.000097 0.000134 0.000182 0.000245 0.000327 0.000430 0.000560 0.000721 0.000919 0.001157 0.001441 0.001774 0.002160 0.002601 0.003098 0.003647 0.004247 0.004889 0.005566 0.006265 0.006974 0.007676 0.008353 0.008989 0.009565 0.010063 0.010468 0.010768 0.010952 0.011014 0.010952 0.010768 0.010468 0.010063 0.009565 0.008989 0.008353 0.007676 0.006974 0.006265 0.005566 0.004889 0.004247 0.003647 0.003098 0.002601 0.002160 0.001774 0.001441 0.001157 0.000919 0.000721 0.000560 0.000430 0.000327 0.000245 0.000182 0.000134 0.000097 0.000070 0.000050 0.000035 0.000024 0.000017 0.000011 0.000008 0.000005 0.000003 0.000002 0.000001 0.000001 0.000001 0.000000 0.000000 0.000000 0.000000 0.000000 0.000000 0.000000 
0.000000 0.000000 0.000000 0.000000 0.000000 0.000000 0.000000 0.000001 0.000001 0.000001 0.000002 0.000003 0.000005 0.000008 0.000012 0.000018 0.000026 0.000038 0.000055 0.000078 0.000110 0.000154 0.000211 0.000288 0.000387 0.000515 0.000678 0.000883 0.001137 0.001448 0.001823 0.002269 0.002794 0.003402 0.004096 0.004876 0.005741 0.006683 0.007693 0.008757 0.009856 0.010970 0.012073 0.013137 0.014136 0.015040 0.015823 0.016460 0.016930 0.017219 0.017316 0.017219 0.016930 0.016460 0.015823 0.015040 0.014136 0.013137 0.012073 0.010970 0.009856 0.008757 0.007693 0.006683 0.005741 0.004876 0.004096 0.003402 0.002794 0.002269 0.001823 0.001448 0.001137 0.000883 0.000678 0.000515 0.000387 0.000288 0.000211 0.000154 0.000110 0.000078 0.000055 0.000038 0.000026 0.000018 0.000012 0.000008 0.000005 0.000003 0.000002 0.000001 0.000001 0.000001 0.000000 0.000000 0.000000 0.000000 0.000000 0.000000 
0.000000 0.000000 0.000000 0.000000 0.000000 0.000000 0.000001 0.000001 0.000001 0.000002 0.000003 0.000005 0.000008 0.000013 0.000019 0.000028 0.000041 0.000060 0.000086 0.000123 0.000173 0.000240 0.000330 0.000449 0.000605 0.000804 0.001059 0.001378 0.001773 0.002257 0.002841 0.003537 0.004354 0.005300 0.006380 0.007594 0.008939 0.010405 0.011976 0.013630 0.015340 0.017071 0.018786 0.020441 0.021993 0.023398 0.024615 0.025604 0.026336 0.026785 0.026936 0.026785 0.026336 0.025604 0.024615 0.023398 0.021993 0.020441 0.018786 0.017071 0.015340 0.013630 0.011976 0.010405 0.008939 0.007594 0.006380 0.005300 0.004354 0.003537 0.002841 0.002257 0.001773 0.001378 0.001059 0.000804 0.000605 0.000449 0.000330 0.000240 0.000173 0.000123 0.000086 0.000060 0.000041 0.000028 0.000019 0.000013 0.000008 0.000005 0.000003 0.000002 0.000001 0.000001 0.000001 0.000000 0.000000 0.000000 0.000000 0.000000 
0.000000 0.000000 0.000000 0.000000 0.000000 0.000001 0.000001 0.000001 0.000002 0.000003 0.000005 0.000008 0.000013 0.000020 0.000029 0.000044 0.000064 0.000093 0.000134 0.000190 0.000267 0.000371 0.000510 0.000694 0.000934 0.001242 0.001634 0.002126 0.002736 0.003482 0.004382 0.005454 0.006712 0.008169 0.009832 0.011701 0.013772 0.016027 0.018445 0.020991 0.023621 0.026284 0.028921 0.031467 0.033854 0.036015 0.037885 0.039407 0.040532 0.041222 0.041454 0.041222 0.040532 0.039407 0.037885 0.036015 0.033854 0.031467 0.028921 0.026284 0.023621 0.020991 0.018445 0.016027 0.013772 0.011701 0.009832 0.008169 0.006712 0.005454 0.004382 0.003482 0.002736 0.002126 0.001634 0.001242 0.000934 0.000694 0.000510 0.000371 0.000267 0.000190 0.000134 0.000093 0.000064 0.000044 0.000029 0.000020 0.000013 0.000008 0.000005 0.000003 0.000002 0.000001 0.000001 0.000001 0.000000 0.000000 0.000000 0.000000 
0.000000 0.000000 0.000000 0.000000 0.000000 0.000001 0.000001 0.000002 0.000003 0.000005 0.000008 0.000013 0.000020 0.000030 0.000045 0.000067 0.000098 0.000142 0.000204 0.000290 0.000408 0.000567 0.000780 0.001061 0.001427 0.001897 0.002496 0.003247 0.004177 0.005314 0.006686 0.008320 0.010237 0.012457 0.014990 0.017838 0.020990 0.024426 0.028106 0.031981 0.035985 0.040038 0.044051 0.047925 0.051558 0.054846 0.057692 0.060007 0.061718 0.062767 0.063121 0.062767 0.061718 0.060007 0.057692 0.054846 0.051558 0.047925 0.044051 0.040038 0.035985 0.031981 0.028106 0.024426 0.020990 0.017838 0.014990 0.012457 0.010237 0.008320 0.006686 0.005314 0.004177 0.003247 0.002496 0.001897 0.001427 0.001061 0.000780 0.000567 0.000408 0.000290 0.000204 0.000142 0.000098 0.000067 0.000045 0.000030 0.000020 0.000013 0.000008 0.000005 0.000003 0.000002 0.000001 0.000001 0.000000 0.000000 0.000000 0.000000 
0.000000 0.000000 0.000000 0.000000 0.000001 0.000001 0.000002 0.000003 0.000005 0.000008 0.000013 0.000020 0.000030 0.000045 0.000068 0.000101 0.000148 0.000216 0.000310 0.000440 0.000618 0.000858 0.001180 0.001604 0.002156 0.002867 0.003770 0.004904 0.006307 0.008023 0.010093 0.012556 0.015447 0.018793 0.022611 0.026902 0.031653 0.036828 0.042372 0.048208 0.054238 0.060341 0.066383 0.072216 0.077684 0.082634 0.086918 0.090403 0.092978 0.094558 0.095090 0.094558 0.092978 0.090403 0.086918 0.082634 0.077684 0.072216 0.066383 0.060341 0.054238 0.048208 0.042372 0.036828 0.031653 0.026902 0.022611 0.018793 0.015447 0.012556 0.010093 0.008023 0.006307 0.004904 0.003770 0.002867 0.002156 0.001604 0.001180 0.000858 0.000618 0.000440 0.000310 0.000216 0.000148 0.000101 0.000068 0.000045 0.000030 0.000020 0.000013 0.000008 0.000005 0.000003 0.000002 0.000001 0.000001 0.000000 0.000000 0.000000 
0.000000 0.000000 0.000000 0.000001 0.000001 0.000002 0.000003 0.000005 0.000008 0.000012 0.000019 0.000029 0.000045 0.000068 0.000102 0.000152 0.000222 0.000323 0.000464 0.000658 0.000925 0.001285 0.001765 0.002399 0.003224 0.004286 0.005635 0.007328 0.009423 0.011983 0.015072 0.018746 0.023059 0.028050 0.033742 0.040140 0.047221 0.054934 0.063197 0.071894 0.080877 0.089970 0.098971 0.107659 0.115804 0.123176 0.129556 0.134746 0.138580 0.140933 0.141726 0.140933 0.138580 0.134746 0.129556 0.123176 0.115804 0.107659 0.098971 0.089970 0.080877 0.071894 0.063197 0.054934 0.047221 0.040140 0.033742 0.028050 0.023059 0.018746 0.015072 0.011983 0.009423 0.007328 0.005635 0.004286 0.003224 0.002399 0.001765 0.001285 0.000925 0.000658 0.000464 0.000323 0.000222 0.000152 0.000102 0.000068 0.000045 0.000029 0.000019 0.000012 0.000008 0.000005 0.000003 0.000002 0.000001 0.000001 0.000000 0.000000 
0.000000 0.000000 0.000001 0.000001 0.000002 0.000003 0.000004 0.000007 0.000011 0.000018 0.000028 0.000044 0.000067 0.000101 0.000152 0.000225 0.000330 0.000479 0.000687 0.000975 0.001369 0.001902 0.002612 0.003549 0.004770 0.006339 0.008332 0.010832 0.013926 0.017707 0.022266 0.027690 0.034054 0.041417 0.049815 0.059252 0.069694 0.081068 0.093250 0.106071 0.119313 0.132716 0.145981 0.158784 0.170787 0.181650 0.191050 0.198698 0.204347 0.207813 0.208982 0.207813 0.204347 0.198698 0.191050 0.181650 0.170787 0.158784 0.145981 0.132716 0.119313 0.106071 0.093250 0.081068 0.069694 0.059252 0.049815 0.041417 0.034054 0.027690 0.022266 0.017707 0.013926 0.010832 0.008332 0.006339 0.004770 0.003549 0.002612 0.001902 0.001369 0.000975 0.000687 0.000479 0.000330 0.000225 0.000152 0.000101 0.000067 0.000044 0.000028 0.000018 0.000011 0.000007 0.000004 0.000003 0.000002 0.000001 0.000000 0.000000 
0.000000 0.000000 0.000001 0.000001 0.000002 0.000004 0.000006 0.000010 0.000017 0.000026 0.000041 0.000064 0.000098 0.000148 0.000222 0.000330 0.000484 0.000702 0.001007 0.001429 0.002006 0.002785 0.003825 0.005195 0.006980 0.009274 0.012187 0.015840 0.020360 0.025883 0.032541 0.040460 0.049751 0.060499 0.072755 0.086526 0.101762 0.118354 0.136123 0.154823 0.174134 0.193678 0.213020 0.231687 0.249185 0.265021 0.278724 0.289872 0.298106 0.303159 0.304862 0.303159 0.298106 0.289872 0.278724 0.265021 0.249185 0.231687 0.213020 0.193678 0.174134 0.154823 0.136123 0.118354 0.101762 0.086526 0.072755 0.060499 0.049751 0.040460 0.032541 0.025883 0.020360 0.015840 0.012187 0.009274 0.006980 0.005195 0.003825 0.002785 0.002006 0.001429 0.001007 0.000702 0.000484 0.000330 0.000222 0.000148 0.000098 0.000064 0.000041 0.000026 0.000017 0.000010 0.000006 0.000004 0.000002 0.000001 0.000001 0.000000 
0.000000 0.000000 0.000001 0.000002 0.000003 0.000006 0.000009 0.000015 0.000024 0.000038 0.000060 0.000093 0.000142 0.000216 0.000323 0.000479 0.000702 0.001017 0.001460 0.002071 0.002906 0.004034 0.005539 0.007522 0.010103 0.013421 0.017634 0.022914 0.029448 0.037428 0.047047 0.058487 0.071905 0.087425 0.105121 0.124999 0.146991 0.170936 0.196579 0.223560 0.251422 0.279617 0.307517 0.334443 0.359680 0.382520 0.402283 0.418358 0.430233 0.437520 0.439976 0.437520 0.430233 0.418358 0.402283 0.382520 0.359680 0.334443 0.307517 0.279617 0.251422 0.223560 0.196579 0.170936 0.146991 0.124999 0.105121 0.087425 0.071905 0.058487 0.047047 0.037428 0.029448 0.022914 0.017634 0.013421 0.010103 0.007522 0.005539 0.004034 0.002906 0.002071 0.001460 0.001017 0.000702 0.000479 0.000323 0.000216 0.000142 0.000093 0.000060 0.000038 0.000024 0.000015 0.000009 0.000006 0.000003 0.000002 0.000001 0.000000 
0.000000 0.000001 0.000002 0.000003 0.000005 0.000008 0.000014 0.000022 0.000035 0.000055 0.000086 0.000134 0.000204 0.000310 0.000464 0.000687 0.001007 0.001460 0.002093 0.002969 0.004166 0.005781 0.007935 0.010774 0.014467 0.019214 0.025239 0.032790 0.042132 0.053540 0.067288 0.083634 0.102806 0.124977 0.150251 0.178640 0.210043 0.244231 0.280839 0.319353 0.359121 0.399360 0.439176 0.477598 0.513609 0.546197 0.574394 0.597329 0.614271 0.624666 0.628170 0.624666 0.614271 0.597329 0.574394 0.546197 0.513609 0.477598 0.439176 0.399360 0.359121 0.319353 0.280839 0.244231 0.210043 0.178640 0.150251 0.124977 0.102806 0.083634 0.067288 0.053540 0.042132 0.032790 0.025239 0.019214 0.014467 0.010774 0.007935 0.005781 0.004166 0.002969 0.002093 0.001460 0.001007 0.000687 0.000464 0.000310 0.000204 0.000134 0.000086 0.000055 0.000035 0.000022 0.000013 0.000008 0.000005 0.000003 0.000001 0.000000 
0.000000 0.000001 0.000002 0.000004 0.000007 0.000012 0.000019 0.000031 0.000050 0.000078 0.000123 0.000190 0.000290 0.000440 0.000658 0.000975 0.001429 0.002071 0.002969 0.004210 0.005906 0.008194 0.011245 0.015264 0.020492 0.027210 0.035735 0.046416 0.059629 0.075761 0.095199 0.118306 0.145403 0.176735 0.212447 0.252554 0.296914 0.345203 0.396903 0.451291 0.507444 0.564257 0.620469 0.674708 0.725543 0.771541 0.811341 0.843712 0.867624 0.882295 0.887241 0.882295 0.867624 0.843712 0.811341 0.771541 0.725543 0.674708 0.620469 0.564257 0.507444 0.451291 0.396903 0.345203 0.296914 0.252554 0.212447 0.176735 0.145403 0.118306 0.095199 0.075761 0.059629 0.046416 0.035735 0.027210 0.020492 0.015264 0.011245 0.008194 0.005906 0.004210 0.002969 0.002071 0.001429 0.000975 0.000658 0.000440 0.000290 0.000190 0.000123 0.000078 0.000050 0.000031 0.000019 0.000012 0.000007 0.000004 0.000002 0.000000 
0.000000 0.000001 0.000003 0.000006 0.000010 0.000017 0.000027 0.000044 0.000070 0.000110 0.000173 0.000267 0.000408 0.000618 0.000925 0.001369 0.002006 0.002906 0.004166 0.005906 0.008282 0.011488 0.015762 0.021390 0.028711 0.038116 0.050048 0.064995 0.083481 0.106047 0.133233 0.165547 0.203433 0.247234 0.297151 0.353205 0.415194 0.482667 0.554898 0.630877 0.709315 0.788668 0.867176 0.942924 1.013913 1.078145 1.133719 1.178920 1.212306 1.232791 1.239696 1.232791 1.212306 1.178920 1.133719 1.078145 1.013913 0.942924 0.867176 0.788668 0.709315 0.630877 0.554898 0.482667 0.415194 0.353205 0.297151 0.247234 0.203433 0.165547 0.133233 0.106047 0.083481 0.064995 0.050048 0.038116 0.028711 0.021390 0.015762 0.011488 0.008282 0.005906 0.004166 0.002906 0.002006 0.001369 0.000925 0.000618 0.000408 0.000267 0.000173 0.000110 0.000070 0.000044 0.000027 0.000016 0.000010 0.000005 0.000002 0.000000 
0.000000 0.000002 0.000004 0.000008 0.000014 0.000023 0.000038 0.000061 0.000097 0.000154 0.000240 0.000371 0.000567 0.000858 0.001285 0.001902 0.002785 0.004034 0.005781 0.008194 0.011488 0.015932 0.021854 0.029651 0.039790 0.052814 0.069334 0.090025 0.115609 0.146835 0.184448 0.229148 0.281548 0.342121 0.411143 0.488640 0.574334 0.667597 0.767427 0.872427 0.980816 1.090460 1.198930 1.303580 1.401649 1.490380 1.567147 1.629583 1.675699 1.703994 1.713531 1.703994 1.675699 1.629583 1.567147 1.490380 1.401649 1.303580 1.198930 1.090460 0.980816 0.872427 0.767427 0.667597 0.574334 0.488640 0.411143 0.342121 0.281548 0.229148 0.184448 0.146835 0.115609 0.090025 0.069334 0.052814 0.039790 0.029651 0.021854 0.015932 0.011488 0.008194 0.005781 0.004034 0.002785 0.001902 0.001285 0.000858 0.000567 0.000371 0.000240 0.000154 0.000097 0.000061 0.000038 0.000023 0.000013 0.000007 0.000003 0.000000 
0.000000 0.000003 0.000006 0.000011 0.000019 0.000032 0.000052 0.000084 0.000134 0.000211 0.000330 0.000510 0.000780 0.001180 0.001765 0.002612 0.003825 0.005539 0.007935 0.011245 0.015762 0.021854 0.029971 0.040655 0.054547 0.072386 0.095011 0.123342 0.158368 0.201110 0.252586 0.313752 0.385445 0.468308 0.562718 0.668706 0.785891 0.913415 1.049904 1.193447 1.341611 1.491481 1.639734 1.782758 1.916780 2.038036 2.142939 2.228254 2.291269 2.329931 2.342963 2.329931 2.291269 2.228254 2.142939 2.038036 1.916780 1.782758 1.639734 1.491481 1.341611 1.193447 1.049904 0.913415 0.785891 0.668706 0.562718 0.468308 0.385445 0.313752 0.252586 0.201110 0.158368 0.123342 0.095011 0.072386 0.054547 0.040655 0.029971 0.021854 0.015762 0.011245 0.007935 0.005539 0.003825 0.002612 0.001765 0.001180 0.000780 0.000510 0.000330 0.000211 0.000134 0.000084 0.000052 0.000031 0.000019 0.000010 0.000005 0.000000 
0.000000 0.000004 0.000008 0.000015 0.000026 0.000043 0.000071 0.000114 0.000182 0.000288 0.000449 0.000694 0.001061 0.001604 0.002399 0.003549 0.005195 0.007522 0.010774 0.015264 0.021390 0.029651 0.040655 0.055137 0.073963 0.098134 0.128782 0.167155 0.214587 0.272460 0.342146 0.424940 0.521968 0.634100 0.761840 0.905231 1.063751 1.236239 1.420835 1.614956 1.815310 2.017954 2.218400 2.411763 2.592948 2.756867 2.898673 3.013998 3.099177 3.151437 3.169052 3.151437 3.099177 3.013998 2.898673 2.756867 2.592948 2.411763 2.218400 2.017954 1.815310 1.614956 1.420835 1.236239 1.063751 0.905231 0.761840 0.634100 0.521968 0.424940 0.342146 0.272460 0.214587 0.167155 0.128782 0.098134 0.073963 0.055137 0.040655 0.029651 0.021390 0.015264 0.010774 0.007522 0.005195 0.003549 0.002399 0.001604 0.001061 0.000694 0.000449 0.000288 0.000182 0.000114 0.000071 0.000043 0.000025 0.000014 0.000006 0.000000 
0.000000 0.000005 0.000011 0.000021 0.000035 0.000058 0.000095 0.000154 0.000245 0.000387 0.000605 0.000934 0.001427 0.002156 0.003224 0.004770 0.006980 0.010103 0.014467 0.020492 0.028711 0.039790 0.054547 0.073963 0.099197 0.131592 0.172660 0.224069 0.287605 0.365115 0.458434 0.569288 0.699185 0.849281 1.020251 1.212145 1.424265 1.655052 1.902017 2.161702 2.429705 2.700751 2.968842 3.227444 3.469747 3.688950 3.878576 4.032787 4.146683 4.216562 4.240116 4.216562 4.146683 4.032787 3.878576 3.688950 3.469747 3.227444 2.968842 2.700751 2.429705 2.161702 1.902017 1.655052 1.424265 1.212145 1.020251 0.849281 0.699185 0.569288 0.458434 0.365115 0.287605 0.224069 0.172660 0.131592 0.099197 0.073963 0.054547 0.039790 0.028711 0.020492 0.014467 0.010103 0.006980 0.004770 0.003224 0.002156 0.001427 0.000934 0.000604 0.000387 0.000245 0.000154 0.000095 0.000058 0.000034 0.000019 0.000008 0.000000 
0.000000 0.000007 0.000015 0.000027 0.000047 0.000078 0.000127 0.000205 0.000327 0.000515 0.000804 0.001242 0.001897 0.002867 0.004286 0.006339 0.009274 0.013421 0.019214 0.027210 0.038116 0.052814 0.072386 0.098134 0.131592 0.174534 0.228966 0.297094 0.381278 0.483962 0.607571 0.754388 0.926403 1.125143 1.351495 1.605521 1.886292 2.191744 2.518578 2.862218 3.216837 3.575461 3.930150 4.272269 4.592808 4.882778 5.133612 5.337595 5.488249 5.580677 5.611832 5.580677 5.488249 5.337595 5.133612 4.882778 4.592808 4.272269 3.930150 3.575461 3.216837 2.862218 2.518578 2.191744 1.886292 1.605521 1.351495 1.125143 0.926403 0.754388 0.607571 0.483962 0.381278 0.297094 0.228966 0.174534 0.131592 0.098134 0.072386 0.052814 0.038116 0.027210 0.019214 0.013421 0.009274 0.006339 0.004286 0.002867 0.001897 0.001242 0.000804 0.000515 0.000327 0.000205 0.000127 0.000077 0.000046 0.000025 0.000011 0.000000 
0.000000 0.000009 0.000020 0.000036 0.000062 0.000102 0.000167 0.000270 0.000430 0.000678 0.001059 0.001634 0.002496 0.003770 0.005635 0.008332 0.012187 0.017634 0.025239 0.035735 0.050048 0.069334 0.095011 0.128782 0.172660 0.228966 0.300325 0.389625 0.499956 0.634512 0.796467 0.988803 1.214122 1.474416 1.770842 2.103474 2.471091 2.870987 3.298839 3.748656 4.212811 4.682177 5.146366 5.594079 6.013534 6.392970 6.721186 6.988090 7.185211 7.306146 7.346909 7.306146 7.185211 6.988090 6.721186 6.392970 6.013534 5.594079 5.146366 4.682177 4.212811 3.748656 3.298839 2.870987 2.471091 2.103474 1.770842 1.474416 1.214122 0.988803 0.796467 0.634512 0.499956 0.389625 0.300325 0.228966 0.172660 0.128782 0.095011 0.069334 0.050048 0.035735 0.025239 0.017634 0.012187 0.008332 0.005635 0.003770 0.002496 0.001634 0.001059 0.000678 0.000430 0.000269 0.000167 0.000101 0.000060 0.000033 0.000015 0.000000 
0.000000 0.000011 0.000026 0.000047 0.000080 0.000134 0.000218 0.000351 0.000560 0.000883 0.001378 0.002126 0.003247 0.004904 0.007328 0.010832 0.015840 0.022914 0.032790 0.046416 0.064995 0.090025 0.123342 0.167155 0.224069 0.297094 0.389625 0.505403 0.648427 0.822832 1.032721 1.281952 1.573887 1.911101 2.295081 2.725920 3.202027 3.719893 4.273917 4.856340 5.457286 6.064939 6.665858 7.245417 7.788373 8.279508 8.704333 9.049788 9.304918 9.461441 9.514199 9.461441 9.304918 9.049788 8.704333 8.279508 7.788373 7.245417 6.665858 6.064939 5.457286 4.856340 4.273917 3.719893 3.202027 2.725920 2.295081 1.911101 1.573887 1.281952 1.032721 0.822832 0.648427 0.505403 0.389625 0.297094 0.224069 0.167155 0.123342 0.090025 0.064995 0.046416 0.032790 0.022914 0.015840 0.010832 0.007328 0.004904 0.003247 0.002126 0.001378 0.000883 0.000560 0.000351 0.000217 0.000132 0.000078 0.000043 0.000019 0.000000 
0.000000 0.000015 0.000033 0.000061 0.000104 0.000172 0.000281 0.000453 0.000721 0.001137 0.001773 0.002736 0.004177 0.006307 0.009423 0.013926 0.020360 0.029448 0.042132 0.059629 0.083481 0.115609 0.158368 0.214587 0.287605 0.381278 0.499956 0.648427 0.831813 1.055405 1.324455 1.643899 2.018034 2.450150 2.942144 3.494125 4.104046 4.767407 5.477030 6.222974 6.992589 7.770748 8.540239 9.282345 9.977551 10.606383 11.150296 11.592581 11.919217 12.119606 12.187150 12.119606 11.919217 11.592581 11.150296 10.606383 9.977551 9.282345 8.540239 7.770748 6.992589 6.222974 5.477030 4.767407 4.104046 3.494125 2.942144 2.450150 2.018034 1.643899 1.324455 1.055405 0.831813 0.648427 0.499956 0.381278 0.287605 0.214587 0.158368 0.115609 0.083481 0.059629 0.042132 0.029448 0.020360 0.013926 0.009423 0.006307 0.004177 0.002736 0.001773 0.001137 0.000721 0.000452 0.000280 0.000170 0.000101 0.000056 0.000025 0.000000 
0.000000 0.000019 0.000043 0.000078 0.000132 0.000219 0.000358 0.000577 0.000919 0.001448 0.002257 0.003482 0.005314 0.008023 0.011983 0.017707 0.025883 0.037428 0.053540 0.075761 0.106047 0.146835 0.201110 0.272460 0.365115 0.483962 0.634512 0.822832 1.055405 1.338934 1.680064 2.085043 2.559305 3.107009 3.730546 4.430043 5.202900 6.043404 6.942456 7.887459 8.862389 9.848083 10.822750 11.762684 12.643182 13.439586 14.128423 14.688540 15.102190 15.355958 15.441494 15.355958 15.102190 14.688540 14.128423 13.439586 12.643182 11.762684 10.822750 9.848083 8.862389 7.887459 6.942456 6.043404 5.202900 4.430043 3.730546 3.107009 2.559305 2.085043 1.680064 1.338934 1.055405 0.822832 0.634512 0.483962 0.365115 0.272460 0.201110 0.146835 0.106047 0.075761 0.053540 0.037428 0.025883 0.017707 0.011983 0.008023 0.005314 0.003482 0.002257 0.001448 0.000918 0.000576 0.000357 0.000217 0.000128 0.000071 0.000031 0.000000 
0.000000 0.000024 0.000054 0.000098 0.000167 0.000276 0.000451 0.000726 0.001157 0.001823 0.002841 0.004382 0.006686 0.010093 0.015072 0.022266 0.032541 0.047047 0.067288 0.095199 0.133233 0.184448 0.252586 0.342146 0.458434 0.607571 0.796467 1.032721 1.324455 1.680064 2.107870 2.615691 3.210327 3.896978 4.678627 5.555420 6.524087 7.577459 8.704127 9.888300 11.109901 12.344923 13.566065 14.743641 15.846710 16.844396 17.707304 18.408949 18.927109 19.244991 19.352135 19.244991 18.927109 18.408949 17.707304 16.844396 15.846710 14.743641 13.566065 12.344923 11.109901 9.888300 8.704127 7.577459 6.524087 5.555420 4.678627 3.896978 3.210327 2.615691 2.107870 1.680064 1.324455 1.032721 0.796467 0.607571 0.458434 0.342146 0.252586 0.184448 0.133233 0.095199 0.067288 0.047047 0.032541 0.022266 0.015072 0.010093 0.006686 0.004382 0.002841 0.001822 0.001156 0.000725 0.000449 0.000274 0.000162 0.000090 0.000040 0.000000 
0.000000 0.000030 0.000067 0.000122 0.000208 0.000344 0.000562 0.000905 0.001441 0.002269 0.003537 0.005454 0.008320 0.012556 0.018746 0.027690 0.040460 0.058487 0.083634 0.118306 0.165547 0.229148 0.313752 0.424940 0.569288 0.754388 0.988803 1.281952 1.643899 2.085043 2.615691 3.245524 3.982956 4.834420 5.803599 6.890657 8.091527 9.397310 10.793858 12.261595 13.775633 15.306225 16.819545 18.278812 19.645700 20.881963 21.951188 22.820577 23.462603 23.856470 23.989225 23.856470 23.462603 22.820577 21.951188 20.881963 19.645700 18.278812 16.819545 15.306225 13.775633 12.261595 10.793858 9.397310 8.091527 6.890657 5.803599 4.834420 3.982956 3.245524 2.615691 2.085043 1.643899 1.281952 0.988803 0.754388 0.569288 0.424940 0.313752 0.229148 0.165547 0.118306 0.083634 0.058487 0.040460 0.027690 0.018746 0.012556 0.008319 0.005454 0.003537 0.002269 0.001440 0.000903 0.000560 0.000341 0.000202 0.000112 0.000050 0.000000 
0.000000 0.000036 0.000082 0.000150 0.000256 0.000424 0.000692 0.001114 0.001774 0.002794 0.004354 0.006712 0.010237 0.015447 0.023059 0.034054 0.049751 0.071905 0.102806 0.145403 0.203433 0.281548 0.385445 0.521968 0.699185 0.926403 1.214122 1.573887 2.018034 2.559305 3.210327 3.982956 4.887496 5.931814 7.120408 8.453462 9.925974 11.527020 13.239243 15.038639 16.894699 18.770957 20.625960 22.414635 24.090019 25.605251 26.915721 27.981243 28.768100 29.250812 29.413511 29.250812 28.768100 27.981243 26.915721 25.605251 24.090019 22.414635 20.625960 18.770957 16.894699 15.038639 13.239243 11.527020 9.925974 8.453462 7.120408 5.931814 4.887496 3.982956 3.210327 2.559305 2.018034 1.573887 1.214122 0.926403 0.699185 0.521968 0.385445 0.281548 0.203433 0.145403 0.102806 0.071905 0.049751 0.034054 0.023059 0.015447 0.010237 0.006712 0.004354 0.002794 0.001773 0.001113 0.000690 0.000420 0.000249 0.000138 0.000061 0.000000 
0.000000 0.000044 0.000101 0.000183 0.000312 0.000517 0.000843 0.001357 0.002160 0.003402 0.005300 0.008169 0.012457 0.018793 0.028050 0.041417 0.060499 0.087425 0.124977 0.176735 0.247234 0.342121 0.468308 0.634100 0.849281 1.125143 1.474416 1.911101 2.450150 3.107009 3.896978 4.834420 5.931814 7.198680 8.640453 10.257337 12.043244 13.984914 16.061287 18.243249 20.493806 22.768746 25.017820 27.186394 29.217547 31.054488 32.643155 33.934851 34.888717 35.473878 35.671107 35.473878 34.888717 33.934851 32.643155 31.054488 29.217547 27.186394 25.017820 22.768746 20.493806 18.243249 16.061287 13.984914 12.043244 10.257337 8.640453 7.198680 5.931814 4.834420 3.896978 3.107009 2.450150 1.911101 1.474416 1.125143 0.849281 0.634100 0.468308 0.342121 0.247234 0.176735 0.124977 0.087425 0.060499 0.041417 0.028050 0.018793 0.012457 0.008169 0.005300 0.003401 0.002159 0.001355 0.000840 0.000512 0.000303 0.000168 0.000074 0.000000 
0.000000 0.000053 0.000121 0.000221 0.000376 0.000623 0.001015 0.001634 0.002601 0.004096 0.006380 0.009832 0.014990 0.022611 0.033742 0.049815 0.072755 0.105121 0.150251 0.212447 0.297151 0.411143 0.562718 0.761840 1.020251 1.351495 1.770842 2.295081 2.942144 3.730546 4.678627 5.803599 7.120408 8.640453 10.370230 12.309958 14.452318 16.781384 19.271885 21.888895 24.588044 27.316317 30.013460 32.613974 35.049620 37.252318 39.157266 40.706092 41.849823 42.551453 42.787937 42.551453 41.849823 40.706092 39.157266 37.252318 35.049620 32.613974 30.013460 27.316317 24.588044 21.888895 19.271885 16.781384 14.452318 12.309958 10.370230 8.640453 7.120408 5.803599 4.678627 3.730546 2.942144 2.295081 1.770842 1.351495 1.020251 0.761840 0.562718 0.411143 0.297151 0.212447 0.150251 0.105121 0.072755 0.049815 0.033742 0.022611 0.014990 0.009832 0.006379 0.004095 0.002600 0.001632 0.001012 0.000617 0.000365 0.000202 0.000090 0.000000 
0.000000 0.000064 0.000144 0.000263 0.000448 0.000742 0.001209 0.001946 0.003098 0.004876 0.007594 0.011701 0.017838 0.026902 0.040140 0.059252 0.086526 0.124999 0.178640 0.252554 0.353205 0.488640 0.668706 0.905231 1.212145 1.605521 2.103474 2.725920 3.494125 4.430043 5.555420 6.890657 8.453462 10.257337 12.309958 14.611564 17.153445 19.916689 22.871302 25.975845 29.177681 32.413930 35.613133 38.697616 41.586464 44.198954 46.458253 48.295156 49.651599 50.483712 50.764176 50.483712 49.651599 48.295156 46.458253 44.198954 41.586464 38.697616 35.613133 32.413930 29.177681 25.975845 22.871302 19.916689 17.153445 14.611564 12.309958 10.257337 8.453462 6.890657 5.555420 4.430043 3.494125 2.725920 2.103474 1.605521 1.212145 0.905231 0.668706 0.488640 0.353205 0.252554 0.178640 0.124999 0.086526 0.059252 0.040140 0.026902 0.017838 0.011701 0.007594 0.004876 0.003096 0.001944 0.001205 0.000735 0.000435 0.000241 0.000107 0.000000 
0.000000 0.000075 0.000170 0.000310 0.000528 0.000874 0.001424 0.002292 0.003647 0.005741 0.008939 0.013772 0.020990 0.031653 0.047221 0.069694 0.101762 0.146991 0.210043 0.296914 0.415194 0.574334 0.785891 1.063751 1.424265 1.886292 2.471091 3.202027 4.104046 5.202900 6.524087 8.091527 9.925974 12.043244 14.452318 17.153445 20.136380 23.378912 26.845830 30.488502 34.245172 38.042070 41.795371 45.413971 48.802966 51.867685 54.518023 56.672823 58.263995 59.240096 59.569088 59.240096 58.263995 56.672823 54.518023 51.867685 48.802966 45.413971 41.795371 38.042070 34.245172 30.488502 26.845830 23.378912 20.136380 17.153445 14.452318 12.043244 9.925974 8.091527 6.524087 5.202900 4.104046 3.202027 2.471091 1.886292 1.424265 1.063751 0.785891 0.574334 0.415194 0.296914 0.210043 0.146991 0.101762 0.069694 0.047221 0.031653 0.020990 0.013771 0.008939 0.005740 0.003646 0.002290 0.001420 0.000866 0.000513 0.000284 0.000126 0.000000 
0.000000 0.000088 0.000198 0.000361 0.000615 0.001018 0.001659 0.002669 0.004247 0.006683 0.010405 0.016027 0.024426 0.036828 0.054934 0.081068 0.118354 0.170936 0.244231 0.345203 0.482667 0.667597 0.913415 1.236239 1.655052 2.191744 2.870987 3.719893 4.767407 6.043404 7.577459 9.397310 11.527020 13.984914 16.781384 19.916689 23.378912 27.142250 31.165825 35.393190 39.752675 44.158683 48.513959 52.712806 56.645131 60.201114 63.276236 65.776360 67.622511 68.755020 69.136728 68.755020 67.622511 65.776360 63.276236 60.201114 56.645131 52.712806 48.513959 44.158683 39.752675 35.393190 31.165825 27.142250 23.378912 19.916689 16.781384 13.984914 11.527020 9.397310 7.577459 6.043404 4.767407 3.719893 2.870987 2.191744 1.655052 1.236239 0.913415 0.667597 0.482667 0.345203 0.244231 0.170936 0.118354 0.081068 0.054934 0.036827 0.024425 0.016027 0.010404 0.006682 0.004245 0.002666 0.001653 0.001008 0.000597 0.000331 0.000147 0.000000 
0.000000 0.000101 0.000229 0.000416 0.000708 0.001173 0.001911 0.003074 0.004889 0.007693 0.011976 0.018445 0.028106 0.042372 0.063197 0.093250 0.136123 0.196579 0.280839 0.396903 0.554898 0.767427 1.049904 1.420835 1.902017 2.518578 3.298839 4.273917 5.477030 6.942456 8.704127 10.793858 13.239243 16.061287 19.271885 22.871302 26.845830 31.165825 35.784348 40.636599 45.640314 50.697257 55.695820 60.514719 65.027633 69.108556 72.637574 75.506685 77.625282 78.924912 79.362947 78.924912 77.625282 75.506685 72.637574 69.108556 65.027633 60.514719 55.695820 50.697257 45.640314 40.636599 35.784348 31.165825 26.845830 22.871302 19.271885 16.061287 13.239243 10.793858 8.704127 6.942456 5.477030 4.273917 3.298839 2.518578 1.902017 1.420835 1.049904 0.767427 0.554898 0.396903 0.280839 0.196579 0.136123 0.093250 0.063197 0.042372 0.028106 0.018445 0.011975 0.007692 0.004887 0.003070 0.001904 0.001161 0.000688 0.000381 0.000169 0.000000 
0.000000 0.000115 0.000260 0.000474 0.000807 0.001336 0.002176 0.003499 0.005566 0.008757 0.013630 0.020991 0.031981 0.048208 0.071894 0.106071 0.154823 0.223560 0.319353 0.451291 0.630877 0.872427 1.193447 1.614956 2.161702 2.862218 3.748656 4.856340 6.222974 7.887459 9.888300 12.261595 15.038639 18.243249 21.888895 25.975845 30.488502 35.393190 40.636599 46.145153 51.825465 57.566024 63.240153 68.710200 73.832805 78.464972 82.470620 85.727193 88.131877 89.606995 90.104175 89.606995 88.131877 85.727193 82.470620 78.464972 73.832805 68.710200 63.240153 57.566024 51.825465 46.145153 40.636599 35.393190 30.488502 25.975845 21.888895 18.243249 15.038639 12.261595 9.888300 7.887459 6.222974 4.856340 3.748656 2.862218 2.161702 1.614956 1.193447 0.872427 0.630877 0.451291 0.319353 0.223560 0.154823 0.106071 0.071894 0.048208 0.031981 0.020990 0.013630 0.008756 0.005564 0.003495 0.002168 0.001323 0.000784 0.000434 0.000193 0.000000 
0.000000 0.000129 0.000293 0.000534 0.000909 0.001504 0.002450 0.003940 0.006265 0.009856 0.015340 0.023621 0.035985 0.054238 0.080877 0.119313 0.174134 0.251422 0.359121 0.507444 0.709315 0.980816 1.341611 1.815310 2.429705 3.216837 4.212811 5.457286 6.992589 8.862389 11.109901 13.775633 16.894699 20.493806 24.588044 29.177681 34.245172 39.752675 45.640314 51.825465 58.203273 64.648541 71.019062 77.160317 82.911380 88.111748 92.608683 96.264629 98.964190 100.620186 101.178329 100.620186 98.964190 96.264629 92.608683 88.111748 82.911380 77.160317 71.019062 64.648541 58.203273 51.825465 45.640314 39.752675 34.245172 29.177681 24.588044 20.493806 16.894699 13.775633 11.109901 8.862389 6.992589 5.457286 4.212811 3.216837 2.429705 1.815310 1.341611 0.980816 0.709315 0.507444 0.359121 0.251422 0.174134 0.119313 0.080877 0.054238 0.035985 0.023620 0.015339 0.009855 0.006263 0.003935 0.002441 0.001489 0.000883 0.000489 0.000217 0.000000 
0.000000 0.000144 0.000327 0.000594 0.001012 0.001675 0.002727 0.004386 0.006974 0.010970 0.017071 0.026284 0.040038 0.060341 0.089970 0.132716 0.193678 0.279617 0.399360 0.564257 0.788668 1.090460 1.491481 2.017954 2.700751 3.575461 4.682177 6.064939 7.770748 9.848083 12.344923 15.306225 18.770957 22.768746 27.316317 32.413930 38.042070 44.158683 50.697257 57.566024 64.648541 71.805790 78.879872 85.699226 92.085192 97.859577 102.852821 106.912216 109.909664 111.748383 112.368110 111.748383 109.909664 106.912216 102.852821 97.859577 92.085192 85.699226 78.879872 71.805790 64.648541 57.566024 50.697257 44.158683 38.042070 32.413930 27.316317 22.768746 18.770957 15.306225 12.344923 9.848083 7.770748 6.064939 4.682177 3.575461 2.700751 2.017954 1.491481 1.090460 0.788668 0.564257 0.399360 0.279617 0.193678 0.132716 0.089970 0.060341 0.040038 0.026284 0.017070 0.010968 0.006971 0.004381 0.002718 0.001658 0.000983 0.000545 0.000242 0.000000 
0.000000 0.000159 0.000360 0.000655 0.001114 0.001844 0.003002 0.004828 0.007676 0.012073 0.018786 0.028921 0.044051 0.066383 0.098971 0.145981 0.213020 0.307517 0.439176 0.620469 0.867176 1.198930 1.639734 2.218400 2.968842 3.930150 5.146366 6.665858 8.540239 10.822750 13.566065 16.819545 20.625960 25.017820 30.013460 35.613133 41.795371 48.513959 55.695820 63.240153 71.019062 78.879872 86.649178 94.138585 101.151907 107.493481 112.977121 117.435158 120.726938 122.746199 123.426776 122.746199 120.726938 117.435158 112.977121 107.493481 101.151907 94.138585 86.649178 78.879872 71.019062 63.240153 55.695820 48.513959 41.795371 35.613133 30.013460 25.017820 20.625960 16.819545 13.566065 10.822750 8.540239 6.665858 5.146366 3.930150 2.968842 2.218400 1.639734 1.198930 0.867176 0.620469 0.439176 0.307517 0.213020 0.145981 0.098971 0.066383 0.044051 0.028920 0.018785 0.012071 0.007673 0.004822 0.002992 0.001826 0.001082 0.000600 0.000266 0.000000 
