0.000000 0.000000 0.000000 0.000000 0.000000 0.000000 0.000000 0.000000 0.000000 0.000000 0.000000 0.000000 0.000000 0.000000 0.000000 0.000000 0.000000 0.000000 0.000000 0.000000 0.000000 0.000000 0.000000 0.000000 0.000000 0.000000 0.000000 0.000000 0.000000 0.000000 0.000000 0.000000 0.000000 0.000000 0.000000 0.000000 0.000000 0.000000 0.000000 0.000000 0.000000 0.000000 0.000000 0.000000 0.000000 0.000000 0.000000 0.000000 0.000000 0.000000 0.000000 0.000000 0.000000 0.000000 0.000000 0.000000 0.000000 0.000000 0.000000 0.000000 0.000000 0.000000 0.000000 0.000000 0.000000 0.000000 0.000000 0.000000 0.000000 0.000000 0.000000 0.000000 0.000000 0.000000 0.000000 0.000000 0.000000 0.000000 0.000000 0.000000 0.000000 0.000000 0.000000 0.000000 0.000000 0.000000 0.000000 0.000000 0.000000 0.000000 0.000000 0.000000 0.000000 0.000000 0.000000 0.000000 0.000000 0.000000 0.000000 0.000000 
0.000000 0.000000 0.000000 0.000000 0.000000 0.000000 0.000000 0.000000 0.000000 0.000000 0.000000 0.000000 0.000001 0.000001 0.000001 0.000002 0.000003 0.000004 0.000005 0.000007 0.000010 0.000013 0.000017 0.000023 0.000030 0.000038 0.000049 0.000062 0.000077 0.000095 0.000117 0.000142 0.000171 0.000203 0.000239 0.000279 0.000323 0.000369 0.000418 0.000469 0.000520 0.000572 0.000622 0.000671 0.000716 0.000756 0.000791 0.000819 0.000839 0.000852 0.000856 0.000852 0.000839 0.000819 0.000791 0.000756 0.000716 0.000671 0.000622 0.000572 0.000520 0.000469 0.000418 0.000369 0.000323 0.000279 0.000239 0.000203 0.000171 0.000142 0.000117 0.000095 0.000077 0.000062 0.000049 0.000038 0.000030 0.000023 0.000017 0.000013 0.000010 0.000007 0.000005 0.000004 0.000003 0.000002 0.000001 0.000001 0.000001 0.000000 0.000000 0.000000 0.000000 0.000000 0.000000 0.000000 0.000000 0.000000 0.000000 0.000000 
0.000000 0.000000 0.000000 0.000000 0.000000 0.000000 0.000000 0.000000 0.000000 0.000000 0.000001 0.000001 0.000001 0.000002 0.000003 0.000004 0.000006 0.000008 0.000012 0.000016 0.000022 0.000029 0.000038 0.000050 0.000066 0.000084 0.000108 0.000136 0.000170 0.000210 0.000258 0.000313 0.000376 0.000448 0.000528 0.000616 0.000711 0.000814 0.000921 0.001033 0.001147 0.001261 0.001372 0.001479 0.001578 0.001666 0.001743 0.001805 0.001850 0.001878 0.001887 0.001878 0.001850 0.001805 0.001743 0.001666 0.001578 0.001479 0.001372 0.001261 0.001147 0.001033 0.000921 0.000814 0.000711 0.000616 0.000528 0.000448 0.000376 0.000313 0.000258 0.000210 0.000170 0.000136 0.000108 0.000084 0.000066 0.000050 0.000038 0.000029 0.000022 0.000016 0.000012 0.000008 0.000006 0.000004 0.000003 0.000002 0.000001 0.000001 0.000001 0.000000 0.000000 0.000000 0.000000 0.000000 0.000000 0.000000 0.000000 0.000000 
0.000000 0.000000 0.000000 0.000000 0.000000 0.000000 0.000000 0.000000 0.000001 0.000001 0.000001 0.000002 0.000003 0.000004 0.000005 0.000008 0.000011 0.000015 0.000020 0.000028 0.000038 0.000051 0.000067 0.000088 0.000115 0.000148 0.000188 0.000238 0.000297 0.000368 0.000451 0.000548 0.000658 0.000783 0.000923 0.001076 0.001243 0.001422 0.001610 0.001805 0.002004 0.002203 0.002397 0.002583 0.002756 0.002911 0.003044 0.003152 0.003231 0.003280 0.003296 0.003280 0.003231 0.003152 0.003044 0.002911 0.002756 0.002583 0.002397 0.002203 0.002004 0.001805 0.001610 0.001422 0.001243 0.001076 0.000923 0.000783 0.000658 0.000548 0.000451 0.000368 0.000297 0.000238 0.000188 0.000148 0.000115 0.000088 0.000067 0.000051 0.000038 0.000028 0.000020 0.000015 0.000011 0.000008 0.000005 0.000004 0.000003 0.000002 0.000001 0.000001 0.000001 0.000000 0.000000 0.000000 0.000000 0.000000 0.000000 0.000000 
0.000000 0.000000 0.000000 0.000000 0.000000 0.000000 0.000000 0.000001 0.000001 0.000001 0.000002 0.000003 0.000004 0.000006 0.000009 0.000012 0.000017 0.000024 0.000033 0.000046 0.000062 0.000082 0.000109 0.000143 0.000187 0.000240 0.000306 0.000386 0.000483 0.000598 0.000733 0.000889 0.001069 0.001271 0.001498 0.001747 0.002018 0.002308 0.002613 0.002929 0.003252 0.003574 0.003889 0.004190 0.004470 0.004722 0.004938 0.005113 0.005241 0.005320 0.005347 0.005320 0.005241 0.005113 0.004938 0.004722 0.004470 0.004190 0.003889 0.003574 0.003252 0.002929 0.002613 0.002308 0.002018 0.001747 0.001498 0.001271 0.001069 0.000889 0.000733 0.000598 0.000483 0.000386 0.000306 0.000240 0.000187 0.000143 0.000109 0.000082 0.000062 0.000046 0.000033 0.000024 0.000017 0.000012 0.000009 0.000006 0.000004 0.000003 0.000002 0.000001 0.000001 0.000001 0.000000 0.000000 0.000000 0.000000 0.000000 0.000000 
0.000000 0.000000 0.000000 0.000000 0.000000 0.000000 0.000001 0.000001 0.000001 0.000002 0.000003 0.000005 0.000007 0.000010 0.000014 0.000019 0.000027 0.000038 0.000053 0.000072 0.000097 0.000130 0.000172 0.000226 0.000294 0.000378 0.000482 0.000608 0.000760 0.000941 0.001153 0.001399 0.001681 0.002000 0.002355 0.002747 0.003172 0.003628 0.004107 0.004604 0.005110 0.005616 0.006111 0.006584 0.007024 0.007418 0.007758 0.008032 0.008235 0.008358 0.008400 0.008358 0.008235 0.008032 0.007758 0.007418 0.007024 0.006584 0.006111 0.005616 0.005110 0.004604 0.004107 0.003628 0.003172 0.002747 0.002355 0.002000 0.001681 0.001399 0.001153 0.000941 0.000760 0.000608 0.000482 0.000378 0.000294 0.000226 0.000172 0.000130 0.000097 0.000072 0.000053 0.000038 0.000027 0.000019 0.000014 0.000010 0.000007 0.000005 0.000003 0.000002 0.000001 0.000001 0.000001 0.000000 0.000000 0.000000 0.000000 0.000000 
0.000000 0.000000 0.000000 0.000000 0.000000 0.000001 0.000001 0.000001 0.000002 0.000003 0.000005 0.000007 0.000010 0.000015 0.000021 0.000030 0.000042 0.000059 0.000081 0.000111 0.000150 0.000201 0.000267 0.000350 0.000455 0.000585 0.000746 0.000941 0.001176 0.001455 0.001782 0.002162 0.002597 0.003089 0.003639 0.004243 0.004900 0.005602 0.006342 0.007109 0.007890 0.008671 0.009434 0.010164 0.010842 0.011451 0.011974 0.012398 0.012709 0.012900 0.012965 0.012900 0.012709 0.012398 0.011974 0.011451 0.010842 0.010164 0.009434 0.008671 0.007890 0.007109 0.006342 0.005602 0.004900 0.004243 0.003639 0.003089 0.002597 0.002162 0.001782 0.001455 0.001176 0.000941 0.000746 0.000585 0.000455 0.000350 0.000267 0.000201 0.000150 0.000111 0.000081 0.000059 0.000042 0.000030 0.000021 0.000015 0.000010 0.000007 0.000005 0.000003 0.000002 0.000001 0.000001 0.000001 0.000000 0.000000 0.000000 0.000000 
0.000000 0.000000 0.000000 0.000000 0.000001 0.000001 0.000001 0.000002 0.000003 0.000005 0.000007 0.000011 0.000016 0.000023 0.000033 0.000046 0.000065 0.000090 0.000125 0.000170 0.000230 0.000307 0.000407 0.000535 0.000695 0.000894 0.001139 0.001437 0.001795 0.002221 0.002721 0.003300 0.003964 0.004714 0.005551 0.006473 0.007474 0.008544 0.009672 0.010841 0.012031 0.013220 0.014383 0.015494 0.016527 0.017454 0.018251 0.018896 0.019371 0.019662 0.019759 0.019662 0.019371 0.018896 0.018251 0.017454 0.016527 0.015494 0.014383 0.013220 0.012031 0.010841 0.009672 0.008544 0.007474 0.006473 0.005551 0.004714 0.003964 0.003300 0.002721 0.002221 0.001795 0.001437 0.001139 0.000894 0.000695 0.000535 0.000407 0.000307 0.000230 0.000170 0.000125 0.000090 0.000065 0.000046 0.000033 0.000023 0.000016 0.000011 0.000007 0.000005 0.000003 0.000002 0.000001 0.000001 0.000001 0.000000 0.000000 0.000000 
0.000000 0.000000 0.000000 0.000001 0.000001 0.000001 0.000002 0.000003 0.000005 0.000007 0.000011 0.000016 0.000024 0.000035 0.000049 0.000070 0.000098 0.000137 0.000189 0.000257 0.000348 0.000465 0.000616 0.000808 0.001050 0.001351 0.001721 0.002171 0.002712 0.003355 0.004109 0.004983 0.005985 0.007117 0.008380 0.009770 0.011279 0.012893 0.014593 0.016355 0.018149 0.019941 0.021695 0.023370 0.024926 0.026323 0.027524 0.028496 0.029212 0.029650 0.029797 0.029650 0.029212 0.028496 0.027524 0.026323 0.024926 0.023370 0.021695 0.019941 0.018149 0.016355 0.014593 0.012893 0.011279 0.009770 0.008380 0.007117 0.005985 0.004983 0.004109 0.003355 0.002712 0.002171 0.001721 0.001351 0.001050 0.000808 0.000616 0.000465 0.000348 0.000257 0.000189 0.000137 0.000098 0.000070 0.000049 0.000035 0.000024 0.000016 0.000011 0.000007 0.000005 0.000003 0.000002 0.000001 0.000001 0.000000 0.000000 0.000000 
0.000000 0.000000 0.000000 0.000001 0.000001 0.000002 0.000003 0.000005 0.000007 0.000011 0.000017 0.000025 0.000036 0.000052 0.000074 0.000105 0.000148 0.000205 0.000283 0.000386 0.000521 0.000697 0.000923 0.001210 0.001572 0.002022 0.002576 0.003248 0.004057 0.005017 0.006144 0.007451 0.008947 0.010638 0.012524 0.014600 0.016854 0.019264 0.021802 0.024432 0.027109 0.029784 0.032401 0.034900 0.037222 0.039307 0.041100 0.042550 0.043618 0.044271 0.044491 0.044271 0.043618 0.042550 0.041100 0.039307 0.037222 0.034900 0.032401 0.029784 0.027109 0.024432 0.021802 0.019264 0.016854 0.014600 0.012524 0.010638 0.008947 0.007451 0.006144 0.005017 0.004057 0.003248 0.002576 0.002022 0.001572 0.001210 0.000923 0.000697 0.000521 0.000386 0.000283 0.000205 0.000148 0.000105 0.000074 0.000052 0.000036 0.000025 0.000017 0.000011 0.000007 0.000005 0.000003 0.000002 0.000001 0.000001 0.000000 0.000000 
0.000000 0.000000 0.000001 0.000001 0.000002 0.000003 0.000005 0.000007 0.000011 0.000017 0.000025 0.000037 0.000053 0.000077 0.000110 0.000156 0.000219 0.000305 0.000420 0.000572 0.000773 0.001034 0.001369 0.001795 0.002331 0.002997 0.003817 0.004813 0.006010 0.007432 0.009100 0.011033 0.013247 0.015748 0.018539 0.021609 0.024942 0.028505 0.032258 0.036146 0.040104 0.044059 0.047926 0.051620 0.055052 0.058133 0.060782 0.062926 0.064504 0.065469 0.065794 0.065469 0.064504 0.062926 0.060782 0.058133 0.055052 0.051620 0.047926 0.044059 0.040104 0.036146 0.032258 0.028505 0.024942 0.021609 0.018539 0.015748 0.013247 0.011033 0.009100 0.007432 0.006010 0.004813 0.003817 0.002997 0.002331 0.001795 0.001369 0.001034 0.000773 0.000572 0.000420 0.000305 0.000219 0.000156 0.000110 0.000077 0.000053 0.000037 0.000025 0.000017 0.000011 0.000007 0.000005 0.000003 0.000002 0.000001 0.000000 0.000000 
0.000000 0.000000 0.000001 0.000002 0.000003 0.000005 0.000007 0.000011 0.000016 0.000025 0.000037 0.000054 0.000078 0.000113 0.000162 0.000230 0.000323 0.000448 0.000617 0.000841 0.001136 0.001519 0.002011 0.002636 0.003422 0.004400 0.005602 0.007064 0.008819 0.010903 0.013349 0.016182 0.019426 0.023091 0.027180 0.031678 0.036560 0.041779 0.047275 0.052969 0.058765 0.064554 0.070217 0.075625 0.080649 0.085159 0.089037 0.092175 0.094484 0.095897 0.096373 0.095897 0.094484 0.092175 0.089037 0.085159 0.080649 0.075625 0.070217 0.064554 0.058765 0.052969 0.047275 0.041779 0.036560 0.031678 0.027180 0.023091 0.019426 0.016182 0.013349 0.010903 0.008819 0.007064 0.005602 0.004400 0.003422 0.002636 0.002011 0.001519 0.001136 0.000841 0.000617 0.000448 0.000323 0.000230 0.000162 0.000113 0.000078 0.000054 0.000037 0.000025 0.000016 0.000011 0.000007 0.000004 0.000003 0.000002 0.000001 0.000000 
0.000000 0.000001 0.000001 0.000003 0.000004 0.000007 0.000010 0.000016 0.000024 0.000036 0.000053 0.000078 0.000114 0.000165 0.000236 0.000335 0.000470 0.000653 0.000899 0.001225 0.001653 0.002210 0.002925 0.003834 0.004977 0.006398 0.008145 0.010268 0.012817 0.015844 0.019395 0.023509 0.028217 0.033538 0.039471 0.045999 0.053081 0.060653 0.068626 0.076885 0.085292 0.093689 0.101901 0.109744 0.117028 0.123569 0.129191 0.133741 0.137089 0.139138 0.139827 0.139138 0.137089 0.133741 0.129191 0.123569 0.117028 0.109744 0.101901 0.093689 0.085292 0.076885 0.068626 0.060653 0.053081 0.045999 0.039471 0.033538 0.028217 0.023509 0.019395 0.015844 0.012817 0.010268 0.008145 0.006398 0.004977 0.003834 0.002925 0.002210 0.001653 0.001225 0.000899 0.000653 0.000470 0.000335 0.000236 0.000165 0.000114 0.000078 0.000053 0.000036 0.000024 0.000016 0.000010 0.000007 0.000004 0.000002 0.000001 0.000000 
0.000000 0.000001 0.000002 0.000004 0.000006 0.000010 0.000015 0.000023 0.000035 0.000052 0.000077 0.000113 0.000165 0.000239 0.000341 0.000484 0.000678 0.000942 0.001296 0.001766 0.002383 0.003185 0.004215 0.005524 0.007170 0.009215 0.011729 0.014783 0.018451 0.022805 0.027912 0.033828 0.040598 0.048247 0.056776 0.066159 0.076338 0.087220 0.098676 0.110542 0.122620 0.134683 0.146480 0.157746 0.168209 0.177603 0.185679 0.192214 0.197022 0.199964 0.200955 0.199964 0.197022 0.192214 0.185679 0.177603 0.168209 0.157746 0.146480 0.134683 0.122620 0.110542 0.098676 0.087220 0.076338 0.066159 0.056776 0.048247 0.040598 0.033828 0.027912 0.022805 0.018451 0.014783 0.011729 0.009215 0.007170 0.005524 0.004215 0.003185 0.002383 0.001766 0.001296 0.000942 0.000678 0.000484 0.000341 0.000239 0.000165 0.000113 0.000077 0.000052 0.000035 0.000023 0.000015 0.000009 0.000006 0.000003 0.000002 0.000000 
0.000000 0.000001 0.000003 0.000005 0.000009 0.000014 0.000021 0.000033 0.000049 0.000074 0.000110 0.000162 0.000236 0.000341 0.000488 0.000691 0.000969 0.001346 0.001852 0.002523 0.003403 0.004547 0.006016 0.007883 0.010230 0.013146 0.016729 0.021082 0.026309 0.032513 0.039787 0.048214 0.057856 0.068748 0.080893 0.094252 0.108742 0.124232 0.140538 0.157426 0.174615 0.191781 0.208567 0.224596 0.239483 0.252849 0.264338 0.273634 0.280474 0.284660 0.286069 0.284660 0.280474 0.273634 0.264338 0.252849 0.239483 0.224596 0.208567 0.191781 0.174615 0.157426 0.140538 0.124232 0.108742 0.094252 0.080893 0.068748 0.057856 0.048214 0.039787 0.032513 0.026309 0.021082 0.016729 0.013146 0.010230 0.007883 0.006016 0.004547 0.003403 0.002523 0.001852 0.001346 0.000969 0.000691 0.000488 0.000341 0.000236 0.000162 0.000110 0.000074 0.000049 0.000033 0.000021 0.000014 0.000008 0.000005 0.000002 0.000000 
0.000000 0.000002 0.000004 0.000008 0.000012 0.000019 0.000030 0.000046 0.000070 0.000105 0.000156 0.000230 0.000335 0.000484 0.000691 0.000978 0.001372 0.001905 0.002620 0.003568 0.004813 0.006429 0.008505 0.011143 0.014457 0.018574 0.023633 0.029778 0.037156 0.045910 0.056175 0.068065 0.081667 0.097030 0.114159 0.132998 0.153430 0.175270 0.198259 0.222067 0.246297 0.270492 0.294152 0.316743 0.337723 0.356559 0.372750 0.385850 0.395488 0.401387 0.403373 0.401387 0.395488 0.385850 0.372750 0.356559 0.337723 0.316743 0.294152 0.270492 0.246297 0.222067 0.198259 0.175270 0.153430 0.132998 0.114159 0.097030 0.081667 0.068065 0.056175 0.045910 0.037156 0.029778 0.023633 0.018574 0.014457 0.011143 0.008505 0.006429 0.004813 0.003568 0.002620 0.001905 0.001372 0.000978 0.000691 0.000484 0.000335 0.000230 0.000156 0.000105 0.000070 0.000046 0.000030 0.000019 0.000012 0.000007 0.000003 0.000000 
0.000000 0.000003 0.000006 0.000011 0.000017 0.000027 0.000042 0.000065 0.000098 0.000148 0.000219 0.000323 0.000470 0.000678 0.000969 0.001372 0.001923 0.002670 0.003671 0.004999 0.006741 0.009003 0.011908 0.015598 0.020234 0.025993 0.033068 0.041660 0.051974 0.064211 0.078557 0.095173 0.114179 0.135644 0.159571 0.185886 0.214424 0.244926 0.277029 0.310273 0.344104 0.377885 0.410916 0.442454 0.471741 0.498034 0.520634 0.538919 0.552372 0.560605 0.563377 0.560605 0.552372 0.538919 0.520634 0.498034 0.471741 0.442454 0.410916 0.377885 0.344104 0.310273 0.277029 0.244926 0.214424 0.185886 0.159571 0.135644 0.114179 0.095173 0.078557 0.064211 0.051974 0.041660 0.033068 0.025993 0.020234 0.015598 0.011908 0.009003 0.006741 0.004999 0.003671 0.002670 0.001923 0.001372 0.000969 0.000678 0.000470 0.000323 0.000219 0.000148 0.000098 0.000065 0.000042 0.000027 0.000017 0.000010 0.000004 0.000000 
0.000000 0.000004 0.000008 0.000015 0.000024 0.000038 0.000059 0.000090 0.000137 0.000205 0.000305 0.000448 0.000653 0.000942 0.001346 0.001905 0.002670 0.003706 0.005094 0.006935 0.009351 0.012487 0.016514 0.021627 0.028050 0.036028 0.045827 0.057726 0.072008 0.088950 0.108810 0.131808 0.158112 0.187816 0.220924 0.257332 0.296813 0.339005 0.383410 0.429390 0.476177 0.522894 0.568570 0.612180 0.652675 0.689029 0.720276 0.745557 0.764157 0.775540 0.779372 0.775540 0.764157 0.745557 0.720276 0.689029 0.652675 0.612180 0.568570 0.522894 0.476177 0.429390 0.383410 0.339005 0.296813 0.257332 0.220924 0.187816 0.158112 0.131808 0.108810 0.088950 0.072008 0.057726 0.045827 0.036028 0.028050 0.021627 0.016514 0.012487 0.009351 0.006935 0.005094 0.003706 0.002670 0.001905 0.001346 0.000942 0.000653 0.000448 0.000305 0.000205 0.000137 0.000090 0.000059 0.000038 0.000023 0.000013 0.000006 0.000000 
0.000000 0.000005 0.000012 0.000020 0.000033 0.000053 0.000081 0.000125 0.000189 0.000283 0.000420 0.000617 0.000899 0.001296 0.001852 0.002620 0.003671 0.005094 0.007001 0.009530 0.012848 0.017153 0.022680 0.029699 0.038513 0.049460 0.062902 0.079223 0.098810 0.122043 0.149273 0.180802 0.216859 0.257573 0.302948 0.352841 0.406940 0.464750 0.525586 0.588576 0.652668 0.716658 0.779221 0.838950 0.894412 0.944199 0.986991 1.021612 1.047084 1.062671 1.067918 1.062671 1.047084 1.021612 0.986991 0.944199 0.894412 0.838950 0.779221 0.716658 0.652668 0.588576 0.525586 0.464750 0.406940 0.352841 0.302948 0.257573 0.216859 0.180802 0.149273 0.122043 0.098810 0.079223 0.062902 0.049460 0.038513 0.029699 0.022680 0.017153 0.012848 0.009530 0.007001 0.005094 0.003671 0.002620 0.001852 0.001296 0.000899 0.000617 0.000420 0.000283 0.000189 0.000124 0.000081 0.000052 0.000032 0.000018 0.000008 0.000000 
0.000000 0.000007 0.000016 0.000028 0.000046 0.000072 0.000111 0.000170 0.000257 0.000386 0.000572 0.000841 0.001225 0.001766 0.002523 0.003568 0.004999 0.006935 0.009530 0.012970 0.017482 0.023337 0.030851 0.040392 0.052371 0.067247 0.085512 0.107685 0.134291 0.165846 0.202825 0.245638 0.294593 0.349866 0.411460 0.479181 0.552604 0.631057 0.713612 0.799082 0.886043 0.972861 1.057737 1.138765 1.214001 1.281537 1.339583 1.386544 1.421094 1.442236 1.449353 1.442236 1.421094 1.386544 1.339583 1.281537 1.214001 1.138765 1.057737 0.972861 0.886043 0.799082 0.713612 0.631057 0.552604 0.479181 0.411460 0.349866 0.294593 0.245638 0.202825 0.165846 0.134291 0.107685 0.085512 0.067247 0.052371 0.040392 0.030851 0.023337 0.017482 0.012970 0.009530 0.006935 0.004999 0.003568 0.002523 0.001766 0.001225 0.000841 0.000572 0.000386 0.000257 0.000170 0.000111 0.000071 0.000044 0.000025 0.000011 0.000000 
0.000000 0.000010 0.000022 0.000038 0.000062 0.000097 0.000150 0.000230 0.000348 0.000521 0.000773 0.001136 0.001653 0.002383 0.003403 0.004813 0.006741 0.009351 0.012848 0.017482 0.023560 0.031444 0.041562 0.054407 0.070533 0.090554 0.115134 0.144969 0.180764 0.223212 0.272951 0.330530 0.396363 0.470683 0.553497 0.644538 0.743238 0.848692 0.959649 1.074518 1.191383 1.308050 1.422101 1.530978 1.632066 1.722806 1.800793 1.863886 1.910303 1.938706 1.948268 1.938706 1.910303 1.863886 1.800793 1.722806 1.632066 1.530978 1.422101 1.308050 1.191383 1.074518 0.959649 0.848692 0.743238 0.644538 0.553497 0.470683 0.396363 0.330530 0.272951 0.223212 0.180764 0.144969 0.115134 0.090554 0.070533 0.054407 0.041562 0.031444 0.023560 0.017482 0.012848 0.009351 0.006741 0.004813 0.003403 0.002383 0.001653 0.001136 0.000773 0.000521 0.000347 0.000229 0.000149 0.000096 0.000059 0.000034 0.000015 0.000000 
0.000000 0.000013 0.000029 0.000051 0.000082 0.000130 0.000201 0.000307 0.000465 0.000697 0.001034 0.001519 0.002210 0.003185 0.004547 0.006429 0.009003 0.012487 0.017153 0.023337 0.031444 0.041960 0.055454 0.072581 0.094080 0.120769 0.153530 0.193289 0.240986 0.297540 0.363802 0.440499 0.528183 0.627160 0.737439 0.858664 0.990075 1.130468 1.278177 1.431084 1.586639 1.741921 1.893715 2.038615 2.173145 2.293899 2.397679 2.481637 2.543403 2.581199 2.593923 2.581199 2.543403 2.481637 2.397679 2.293899 2.173145 2.038615 1.893715 1.741921 1.586639 1.431084 1.278177 1.130468 0.990075 0.858664 0.737439 0.627160 0.528183 0.440499 0.363802 0.297540 0.240986 0.193289 0.153530 0.120769 0.094080 0.072581 0.055454 0.041960 0.031444 0.023337 0.017153 0.012487 0.009003 0.006429 0.004547 0.003185 0.002210 0.001519 0.001033 0.000697 0.000465 0.000307 0.000200 0.000128 0.000079 0.000046 0.000021 0.000000 
0.000000 0.000017 0.000038 0.000067 0.000109 0.000172 0.000267 0.000407 0.000616 0.000923 0.001369 0.002011 0.002925 0.004215 0.006016 0.008505 0.011908 0.016514 0.022680 0.030851 0.041562 0.055454 0.073277 0.095894 0.124281 0.159516 0.202763 0.255239 0.318187 0.392814 0.480241 0.581427 0.697095 0.827649 0.973097 1.132969 1.306260 1.491382 1.686139 1.887735 2.092811 2.297517 2.497615 2.688616 2.865942 3.025105 3.161892 3.272549 3.353956 3.403770 3.420539 3.403770 3.353956 3.272549 3.161892 3.025105 2.865942 2.688616 2.497615 2.297517 2.092811 1.887735 1.686139 1.491382 1.306260 1.132969 0.973097 0.827649 0.697095 0.581427 0.480241 0.392814 0.318187 0.255239 0.202763 0.159516 0.124281 0.095894 0.073277 0.055454 0.041562 0.030851 0.022680 0.016514 0.011908 0.008505 0.006016 0.004215 0.002925 0.002010 0.001369 0.000923 0.000616 0.000407 0.000265 0.000170 0.000105 0.000060 0.000027 0.000000 
0.000000 0.000023 0.000050 0.000088 0.000143 0.000226 0.000350 0.000535 0.000808 0.001210 0.001795 0.002636 0.003834 0.005524 0.007883 0.011143 0.015598 0.021627 0.029699 0.040392 0.054407 0.072581 0.095894 0.125474 0.162597 0.208668 0.265207 0.333805 0.416081 0.513612 0.627860 0.760073 0.911195 1.081752 1.271747 1.480569 1.706901 1.948668 2.203002 2.466250 2.734028 3.001309 3.262561 3.511926 3.743430 3.951215 4.129783 4.274237 4.380506 4.445534 4.467423 4.445534 4.380506 4.274237 4.129783 3.951215 3.743430 3.511926 3.262561 3.001309 2.734028 2.466250 2.203002 1.948668 1.706901 1.480569 1.271747 1.081752 0.911195 0.760073 0.627860 0.513612 0.416081 0.333805 0.265207 0.208668 0.162597 0.125474 0.095894 0.072581 0.054407 0.040392 0.029699 0.021627 0.015598 0.011143 0.007883 0.005524 0.003834 0.002636 0.001795 0.001210 0.000808 0.000533 0.000348 0.000223 0.000138 0.000079 0.000036 0.000000 
0.000000 0.000030 0.000066 0.000115 0.000187 0.000294 0.000455 0.000695 0.001050 0.001572 0.002331 0.003422 0.004977 0.007170 0.010230 0.014457 0.020234 0.028050 0.038513 0.052371 0.070533 0.094080 0.124281 0.162597 0.210675 0.270335 0.343542 0.432353 0.538859 0.665101 0.812963 0.984062 1.179612 1.400291 1.646101 1.916246 2.209023 2.521744 2.850699 3.191164 3.537470 3.883114 4.220948 4.543398 4.842742 5.111408 5.342290 5.529062 5.666460 5.750535 5.778836 5.750535 5.666460 5.529062 5.342290 5.111408 4.842742 4.543398 4.220948 3.883114 3.537470 3.191164 2.850699 2.521744 2.209023 1.916246 1.646101 1.400291 1.179612 0.984062 0.812963 0.665101 0.538859 0.432353 0.343542 0.270335 0.210675 0.162597 0.124281 0.094080 0.070533 0.052371 0.038513 0.028050 0.020234 0.014456 0.010230 0.007170 0.004977 0.003422 0.002330 0.001572 0.001049 0.000693 0.000452 0.000289 0.000179 0.000103 0.000047 0.000000 
0.000000 0.000038 0.000084 0.000148 0.000240 0.000378 0.000585 0.000894 0.001351 0.002022 0.002997 0.004400 0.006398 0.009215 0.013146 0.018574 0.025993 0.036028 0.049460 0.067247 0.090554 0.120769 0.159516 0.208668 0.270335 0.346850 0.440726 0.554599 0.691147 0.852979 1.042509 1.261804 1.512414 1.795205 2.110175 2.456301 2.831398 3.232020 3.653413 4.089527 4.533098 4.975802 5.408484 5.821447 6.204805 6.548866 6.844533 7.083707 7.259653 7.367314 7.403555 7.367314 7.259653 7.083707 6.844533 6.548866 6.204805 5.821447 5.408484 4.975802 4.533098 4.089527 3.653413 3.232020 2.831398 2.456301 2.110175 1.795205 1.512414 1.261804 1.042509 0.852979 0.691147 0.554599 0.440726 0.346850 0.270335 0.208668 0.159516 0.120769 0.090554 0.067247 0.049460 0.036028 0.025993 0.018574 0.013146 0.009215 0.006398 0.004400 0.002997 0.002021 0.001350 0.000892 0.000582 0.000373 0.000231 0.000133 0.000060 0.000000 
0.000000 0.000049 0.000108 0.000188 0.000306 0.000482 0.000746 0.001139 0.001721 0.002576 0.003817 0.005602 0.008145 0.011729 0.016729 0.023633 0.033068 0.045827 0.062902 0.085512 0.115134 0.153530 0.202763 0.265207 0.343542 0.440726 0.559947 0.704550 0.877928 1.083390 1.323994 1.602358 1.920447 2.279350 2.679064 3.118284 3.594235 4.102542 4.637172 5.190449 5.753157 6.314741 6.863588 7.387405 7.873654 8.310045 8.685049 8.988395 9.211545 9.348089 9.394052 9.348089 9.211545 8.988395 8.685049 8.310045 7.873654 7.387405 6.863588 6.314741 5.753157 5.190449 4.637172 4.102542 3.594235 3.118284 2.679064 2.279350 1.920447 1.602358 1.323994 1.083390 0.877928 0.704550 0.559947 0.440726 0.343542 0.265207 0.202763 0.153530 0.115134 0.085512 0.062902 0.045827 0.033068 0.023633 0.016729 0.011729 0.008145 0.005602 0.003816 0.002575 0.001720 0.001136 0.000741 0.000475 0.000294 0.000169 0.000077 0.000000 
0.000000 0.000062 0.000136 0.000238 0.000386 0.000608 0.000941 0.001437 0.002171 0.003248 0.004813 0.007064 0.010268 0.014783 0.021082 0.029778 0.041660 0.057726 0.079223 0.107685 0.144969 0.193289 0.255239 0.333805 0.432353 0.554599 0.704550 0.886405 1.104427 1.362769 1.665272 2.015218 2.415070 2.866193 3.368576 3.920575 4.518697 5.157442 5.829226 6.524404 7.231400 7.936951 8.626474 9.284528 9.895368 10.443562 10.914629 11.295677 11.575982 11.747498 11.805234 11.747498 11.575982 11.295677 10.914629 10.443562 9.895368 9.284528 8.626474 7.936951 7.231400 6.524404 5.829226 5.157442 4.518697 3.920575 3.368576 2.866193 2.415070 2.015218 1.665272 1.362769 1.104427 0.886405 0.704550 0.554599 0.432353 0.333805 0.255239 0.193289 0.144969 0.107685 0.079223 0.057726 0.041660 0.029778 0.021082 0.014783 0.010268 0.007063 0.004812 0.003247 0.002169 0.001434 0.000935 0.000599 0.000372 0.000214 0.000097 0.000000 
0.000000 0.000077 0.000170 0.000297 0.000483 0.000760 0.001176 0.001795 0.002712 0.004057 0.006010 0.008819 0.012817 0.018451 0.026309 0.037156 0.051974 0.072008 0.098810 0.134291 0.180764 0.240986 0.318187 0.416081 0.538859 0.691147 0.877928 1.104427 1.375945 1.697649 2.074310 2.510009 3.007804 3.569388 4.194738 4.881803 5.626230 6.421170 7.257183 8.122267 9.002016 9.879932 10.737871 11.556626 12.316617 12.998647 13.584710 14.058769 14.407491 14.620868 14.692695 14.620868 14.407491 14.058769 13.584710 12.998647 12.316617 11.556626 10.737871 9.879932 9.002016 8.122267 7.257183 6.421170 5.626230 4.881803 4.194738 3.569388 3.007804 2.510009 2.074310 1.697649 1.375945 1.104427 0.877928 0.691147 0.538859 0.416081 0.318187 0.240986 0.180764 0.134291 0.098810 0.072008 0.051974 0.037156 0.026309 0.018451 0.012817 0.008819 0.006009 0.004056 0.002710 0.001791 0.001169 0.000749 0.000465 0.000267 0.000122 0.000000 
0.000000 0.000095 0.000210 0.000368 0.000598 0.000941 0.001455 0.002221 0.003355 0.005017 0.007432 0.010903 0.015844 0.022805 0.032513 0.045910 0.064211 0.088950 0.122043 0.165846 0.223212 0.297540 0.392814 0.513612 0.665101 0.852979 1.083390 1.362769 1.697649 2.094389 2.558868 3.096106 3.709867 4.402225 5.173147 6.020097 6.937702 7.917517 8.947904 10.014070 11.098262 12.180151 13.237385 14.246301 15.182778 16.023170 16.745297 17.329408 17.759080 18.021987 18.110486 18.021987 17.759080 17.329408 16.745297 16.023170 15.182778 14.246301 13.237385 12.180151 11.098262 10.014070 8.947904 7.917517 6.937702 6.020097 5.173147 4.402225 3.709867 3.096106 2.558868 2.094389 1.697649 1.362769 1.083390 0.852979 0.665101 0.513612 0.392814 0.297540 0.223212 0.165846 0.122043 0.088950 0.064211 0.045910 0.032512 0.022805 0.015844 0.010903 0.007431 0.005016 0.003352 0.002216 0.001446 0.000927 0.000575 0.000331 0.000151 0.000000 
0.000000 0.000117 0.000258 0.000451 0.000733 0.001153 0.001782 0.002721 0.004109 0.006144 0.009100 0.013349 0.019395 0.027912 0.039787 0.056175 0.078557 0.108810 0.149273 0.202825 0.272951 0.363802 0.480241 0.627860 0.812963 1.042509 1.323994 1.665272 2.074310 2.558868 3.126112 3.782165 4.531609 5.376970 6.318195 7.352180 8.472360 9.668419 10.926151 12.227495 13.550788 14.871219 16.161515 17.392804 18.535657 19.561228 20.442457 21.155251 21.679576 22.000397 22.108391 22.000397 21.679576 21.155251 20.442457 19.561228 18.535657 17.392804 16.161515 14.871219 13.550788 12.227495 10.926151 9.668419 8.472360 7.352180 6.318195 5.376970 4.531609 3.782165 3.126112 2.558868 2.074310 1.665272 1.323994 1.042509 0.812963 0.627860 0.480241 0.363802 0.272951 0.202825 0.149273 0.108810 0.078557 0.056175 0.039787 0.027911 0.019394 0.013348 0.009099 0.006142 0.004105 0.002714 0.001772 0.001136 0.000705 0.000406 0.000185 0.000000 
0.000000 0.000142 0.000313 0.000548 0.000889 0.001399 0.002162 0.003300 0.004983 0.007451 0.011033 0.016182 0.023509 0.033828 0.048214 0.068065 0.095173 0.131808 0.180802 0.245638 0.330530 0.440499 0.581427 0.760073 0.984062 1.261804 1.602358 2.015218 2.510009 3.096106 3.782165 4.575577 5.481872 6.504090 7.642160 8.892317 10.246616 11.692580 13.213031 14.786136 16.385710 17.981768 19.541348 21.029565 22.410856 23.650369 24.715411 25.576871 26.210548 26.598276 26.728790 26.598276 26.210548 25.576871 24.715411 23.650369 22.410856 21.029565 19.541348 17.981768 16.385710 14.786136 13.213031 11.692580 10.246616 8.892317 7.642160 6.504090 5.481872 4.575577 3.782165 3.096106 2.510009 2.015218 1.602358 1.261804 0.984062 0.760073 0.581427 0.440499 0.330530 0.245638 0.180802 0.131808 0.095173 0.068065 0.048214 0.033828 0.023508 0.016181 0.011032 0.007448 0.004979 0.003293 0.002150 0.001378 0.000855 0.000492 0.000224 0.000000 
0.000000 0.000171 0.000376 0.000658 0.001069 0.001681 0.002597 0.003964 0.005985 0.008947 0.013247 0.019426 0.028217 0.040598 0.057856 0.081667 0.114179 0.158112 0.216859 0.294593 0.396363 0.528183 0.697095 0.911195 1.179612 1.512414 1.920447 2.415070 3.007804 3.709867 4.531609 5.481872 6.567262 7.791410 9.154214 10.651157 12.272717 14.003949 15.824282 17.707577 19.622487 21.533122 23.400033 25.181469 26.834872 28.318537 29.593341 30.624455 31.382918 31.846995 32.003210 31.846995 31.382918 30.624455 29.593341 28.318537 26.834872 25.181469 23.400033 21.533122 19.622487 17.707577 15.824282 14.003949 12.272717 10.651157 9.154214 7.791410 6.567262 5.481872 4.531609 3.709867 3.007804 2.415070 1.920447 1.512414 1.179612 0.911195 0.697095 0.528183 0.396363 0.294593 0.216859 0.158112 0.114178 0.081667 0.057856 0.040598 0.028217 0.019425 0.013245 0.008944 0.005979 0.003955 0.002582 0.001656 0.001028 0.000591 0.000269 0.000000 
0.000000 0.000203 0.000448 0.000783 0.001271 0.002000 0.003089 0.004714 0.007117 0.010638 0.015748 0.023091 0.033538 0.048247 0.068748 0.097030 0.135644 0.187816 0.257573 0.349866 0.470683 0.627160 0.827649 1.081752 1.400291 1.795205 2.279350 2.866193 3.569388 4.402225 5.376970 6.504090 7.791410 9.243215 10.859376 12.634521 14.557349 16.610131 18.768472 21.001381 23.271691 25.536861 27.750128 29.862007 31.822060 33.580859 35.092043 36.314333 37.213413 37.763525 37.948699 37.763525 37.213413 36.314333 35.092043 33.580859 31.822060 29.862007 27.750128 25.536861 23.271691 21.001381 18.768472 16.610131 14.557349 12.634521 10.859376 9.243215 7.791410 6.504090 5.376970 4.402225 3.569388 2.866193 2.279350 1.795205 1.400291 1.081752 0.827649 0.627160 0.470683 0.349866 0.257573 0.187816 0.135643 0.097030 0.068748 0.048247 0.033537 0.023090 0.015746 0.010634 0.007110 0.004703 0.003072 0.001970 0.001223 0.000704 0.000320 0.000000 
0.000000 0.000239 0.000528 0.000923 0.001498 0.002355 0.003639 0.005551 0.008380 0.012524 0.018539 0.027180 0.039471 0.056776 0.080893 0.114159 0.159571 0.220924 0.302948 0.411460 0.553497 0.737439 0.973097 1.271747 1.646101 2.110175 2.679064 3.368576 4.194738 5.173147 6.318195 7.642160 9.154214 10.859376 12.757476 14.842193 17.100244 19.510804 22.045218 24.667096 27.332803 29.992391 32.590968 35.070446 37.371621 39.436479 41.210605 42.645554 43.701049 44.346861 44.564249 44.346861 43.701049 42.645554 41.210605 39.436479 37.371621 35.070446 32.590968 29.992391 27.332803 24.667096 22.045218 19.510804 17.100244 14.842193 12.757476 10.859376 9.154214 7.642160 6.318195 5.173147 4.194738 3.368576 2.679064 2.110175 1.646101 1.271747 0.973097 0.737439 0.553497 0.411460 0.302948 0.220924 0.159571 0.114158 0.080893 0.056776 0.039470 0.027178 0.018536 0.012520 0.008372 0.005539 0.003618 0.002320 0.001440 0.000829 0.000378 0.000000 
0.000000 0.000279 0.000616 0.001076 0.001747 0.002747 0.004243 0.006473 0.009770 0.014600 0.021609 0.031678 0.045999 0.066159 0.094252 0.132998 0.185886 0.257332 0.352841 0.479181 0.644538 0.858664 1.132969 1.480569 1.916246 2.456301 3.118284 3.920575 4.881803 6.020097 7.352180 8.892317 10.651157 12.634521 14.842193 17.266807 19.892904 22.696253 25.643530 28.692412 31.792163 34.884711 37.906237 40.789212 43.464815 45.865609 47.928340 49.596699 50.823872 51.574722 51.827466 51.574722 50.823872 49.596699 47.928340 45.865609 43.464815 40.789212 37.906237 34.884711 31.792163 28.692412 25.643530 22.696253 19.892904 17.266807 14.842193 12.634521 10.651157 8.892317 7.352180 6.020097 4.881803 3.920575 3.118284 2.456301 1.916246 1.480569 1.132969 0.858664 0.644538 0.479181 0.352841 0.257332 0.185886 0.132997 0.094251 0.066158 0.045998 0.031677 0.021606 0.014595 0.009761 0.006458 0.004219 0.002706 0.001680 0.000967 0.000440 0.000000 
0.000000 0.000323 0.000711 0.001243 0.002018 0.003172 0.004900 0.007474 0.011279 0.016854 0.024942 0.036560 0.053081 0.076338 0.108742 0.153430 0.214424 0.296813 0.406940 0.552604 0.743238 0.990075 1.306260 1.706901 2.209023 2.831398 3.594235 4.518697 5.626230 6.937702 8.472360 10.246616 12.272717 14.557349 17.100244 19.892904 22.917508 26.146141 29.540417 33.051596 36.621251 40.182515 43.661909 46.981685 50.062612 52.827054 55.202195 57.123215 58.536222 59.400771 59.691786 59.400771 58.536222 57.123215 55.202195 52.827054 50.062612 46.981685 43.661909 40.182515 36.621251 33.051596 29.540417 26.146141 22.917508 19.892904 17.100244 14.557349 12.272717 10.246616 8.472360 6.937702 5.626230 4.518697 3.594235 2.831398 2.209023 1.706901 1.306260 0.990075 0.743238 0.552604 0.406940 0.296812 0.214424 0.153430 0.108742 0.076337 0.053080 0.036558 0.024938 0.016848 0.011269 0.007457 0.004871 0.003125 0.001940 0.001117 0.000509 0.000000 
0.000000 0.000369 0.000814 0.001422 0.002308 0.003628 0.005602 0.008544 0.012893 0.019264 0.028505 0.041779 0.060653 0.087220 0.124232 0.175270 0.244926 0.339005 0.464750 0.631057 0.848692 1.130468 1.491382 1.948668 2.521744 3.232020 4.102542 5.157442 6.421170 7.917517 9.668419 11.692580 14.003949 16.610131 19.510804 22.696253 26.146141 29.828617 33.699894 37.704382 41.775449 45.836846 49.804785 53.590618 57.104008 60.256442 62.964903 65.155490 66.766766 67.752621 68.084467 67.752621 66.766766 65.155490 62.964903 60.256442 57.104008 53.590618 49.804785 45.836846 41.775449 37.704382 33.699894 29.828617 26.146141 22.696253 19.510804 16.610131 14.003949 11.692580 9.668419 7.917517 6.421170 5.157442 4.102542 3.232020 2.521744 1.948668 1.491382 1.130468 0.848692 0.631057 0.464750 0.339005 0.244926 0.175270 0.124232 0.087219 0.060652 0.041777 0.028501 0.019257 0.012882 0.008525 0.005570 0.003573 0.002219 0.001278 0.000582 0.000000 
0.000000 0.000418 0.000921 0.001610 0.002613 0.004107 0.006342 0.009672 0.014593 0.021802 0.032258 0.047275 0.068626 0.098676 0.140538 0.198259 0.277029 0.383410 0.525586 0.713612 0.959649 1.278177 1.686139 2.203002 2.850699 3.653413 4.637172 5.829226 7.257183 8.947904 10.926151 13.213031 15.824282 18.768472 22.045218 25.643530 29.540417 33.699894 38.072496 42.595434 47.193453 51.780444 56.261789 60.537386 64.505231 68.065380 71.124101 73.597952 75.417569 76.530891 76.905644 76.530891 75.417569 73.597952 71.124101 68.065380 64.505231 60.537386 56.261789 51.780444 47.193453 42.595434 38.072496 33.699894 29.540417 25.643530 22.045218 18.768472 15.824282 13.213031 10.926151 8.947904 7.257183 5.829226 4.637172 3.653413 2.850699 2.203002 1.686139 1.278177 0.959649 0.713612 0.525586 0.383410 0.277029 0.198259 0.140538 0.098675 0.068625 0.047272 0.032253 0.021794 0.014580 0.009650 0.006305 0.004046 0.002512 0.001447 0.000659 0.000000 
0.000000 0.000469 0.001033 0.001805 0.002929 0.004604 0.007109 0.010841 0.016355 0.024432 0.036146 0.052969 0.076885 0.110542 0.157426 0.222067 0.310273 0.429390 0.588576 0.799082 1.074518 1.431084 1.887735 2.466250 3.191164 4.089527 5.190449 6.524404 8.122267 10.014070 12.227495 14.786136 17.707577 21.001381 24.667096 28.692412 33.051596 37.704382 42.595434 47.654517 52.797461 57.927960 62.940198 67.722233 72.159996 76.141729 79.562618 82.329363 84.364402 85.609524 86.028641 85.609524 84.364402 82.329363 79.562618 76.141729 72.159996 67.722233 62.940198 57.927960 52.797461 47.654517 42.595434 37.704382 33.051596 28.692412 24.667096 21.001381 17.707577 14.786136 12.227495 10.014070 8.122267 6.524404 5.190449 4.089527 3.191164 2.466250 1.887735 1.431084 1.074518 0.799082 0.588576 0.429390 0.310273 0.222067 0.157426 0.110541 0.076883 0.052966 0.036141 0.024423 0.016340 0.010816 0.007068 0.004535 0.002816 0.001622 0.000739 0.000000 
0.000000 0.000520 0.001147 0.002004 0.003252 0.005110 0.007890 0.012031 0.018149 0.027109 0.040104 0.058765 0.085292 0.122620 0.174615 0.246297 0.344104 0.476177 0.652668 0.886043 1.191383 1.586639 2.092811 2.734028 3.537470 4.533098 5.753157 7.231400 9.002016 11.098262 13.550788 16.385710 19.622487 23.271691 27.332803 31.792163 36.621251 41.775449 47.193453 52.797461 58.494240 64.177123 69.728915 75.025641 79.940973 84.351148 88.140095 91.204493 93.458453 94.837515 95.301716 94.837515 93.458453 91.204493 88.140095 84.351148 79.940973 75.025641 69.728915 64.177123 58.494240 52.797461 47.193453 41.775449 36.621251 31.792163 27.332803 23.271691 19.622487 16.385710 13.550788 11.098262 9.002016 7.231400 5.753157 4.533098 3.537470 2.734028 2.092811 1.586639 1.191383 0.886043 0.652668 0.476177 0.344103 0.246296 0.174614 0.122619 0.085290 0.058762 0.040099 0.027100 0.018133 0.012003 0.007844 0.005034 0.003126 0.001801 0.000820 0.000000 
0.000000 0.000572 0.001261 0.002203 0.003574 0.005616 0.008671 0.013220 0.019941 0.029784 0.044059 0.064554 0.093689 0.134683 0.191781 0.270492 0.377885 0.522894 0.716658 0.972861 1.308050 1.741921 2.297517 3.001309 3.883114 4.975802 6.314741 7.936951 9.879932 12.180151 14.871219 17.981768 21.533122 25.536861 29.992391 34.884711 40.182515 45.836846 51.780444 57.927960 64.177123 70.410932 76.500846 82.310888 87.702509 92.539972 96.695980 100.057225 102.529512 104.042149 104.551311 104.042149 102.529512 100.057225 96.695980 92.539972 87.702509 82.310888 76.500846 70.410932 64.177123 57.927960 51.780444 45.836846 40.182515 34.884711 29.992391 25.536861 21.533122 17.981768 14.871219 12.180151 9.879932 7.936951 6.314741 4.975802 3.883114 3.001309 2.297517 1.741921 1.308050 0.972861 0.716658 0.522894 0.377885 0.270492 0.191780 0.134682 0.093687 0.064551 0.044052 0.029774 0.019923 0.013189 0.008620 0.005532 0.003436 0.001979 0.000902 0.000000 
0.000000 0.000622 0.001372 0.002397 0.003889 0.006111 0.009434 0.014383 0.021695 0.032401 0.047926 0.070217 0.101901 0.146480 0.208567 0.294152 0.410916 0.568570 0.779221 1.057737 1.422101 1.893715 2.497615 3.262561 4.220948 5.408484 6.863588 8.626474 10.737871 13.237385 16.161515 19.541348 23.400033 27.750128 32.590968 37.906237 43.661909 49.804785 56.261789 62.940198 69.728915 76.500846 83.116366 89.427779 95.284599 100.539397 105.053915 108.705088 111.390612 113.033711 113.586786 113.033711 111.390612 108.705088 105.053915 100.539397 95.284599 89.427779 83.116366 76.500846 69.728915 62.940198 56.261789 49.804785 43.661909 37.906237 32.590968 27.750128 23.400033 19.541348 16.161515 13.237385 10.737871 8.626474 6.863588 5.408484 4.220948 3.262561 2.497615 1.893715 1.422101 1.057737 0.779221 0.568570 0.410916 0.294152 0.208566 0.146479 0.101899 0.070213 0.047920 0.032389 0.021675 0.014350 0.009379 0.006020 0.003739 0.002154 0.000981 0.000000 
