0.000000 0.000000 0.000000 0.000000 0.000000 0.000000 0.000000 0.000000 0.000000 0.000000 0.000000 0.000000 0.000000 0.000000 0.000000 0.000000 0.000000 0.000000 0.000000 0.000000 0.000000 0.000000 0.000000 0.000000 0.000000 0.000000 0.000000 0.000000 0.000000 0.000000 0.000000 0.000000 0.000000 0.000000 0.000000 0.000000 0.000000 0.000000 0.000000 0.000000 0.000000 0.000000 0.000000 0.000000 0.000000 0.000000 0.000000 0.000000 0.000000 0.000000 0.000000 0.000000 0.000000 0.000000 0.000000 0.000000 0.000000 0.000000 0.000000 0.000000 0.000000 0.000000 0.000000 0.000000 0.000000 0.000000 0.000000 0.000000 0.000000 0.000000 0.000000 0.000000 0.000000 0.000000 0.000000 0.000000 0.000000 0.000000 0.000000 0.000000 0.000000 0.000000 0.000000 0.000000 0.000000 0.000000 0.000000 0.000000 0.000000 0.000000 0.000000 0.000000 0.000000 0.000000 0.000000 0.000000 0.000000 0.000000 0.000000 0.000000 
0.000000 0.000000 0.000000 0.000000 0.000000 0.000000 0.000000 0.000000 0.000001 0.000001 0.000001 0.000002 0.000002 0.000003 0.000005 0.000006 0.000009 0.000012 0.000016 0.000022 0.000029 0.000037 0.000049 0.000062 0.000080 0.000101 0.000126 0.000156 0.000192 0.000234 0.000282 0.000337 0.000400 0.000470 0.000546 0.000630 0.000720 0.000815 0.000914 0.001016 0.001119 0.001221 0.001321 0.001415 0.001502 0.001580 0.001647 0.001701 0.001740 0.001764 0.001773 0.001764 0.001740 0.001701 0.001647 0.001580 0.001502 0.001415 0.001321 0.001221 0.001119 0.001016 0.000914 0.000815 0.000720 0.000630 0.000546 0.000470 0.000400 0.000337 0.000282 0.000234 0.000192 0.000156 0.000126 0.000101 0.000080 0.000062 0.000049 0.000037 0.000029 0.000022 0.000016 0.000012 0.000009 0.000006 0.000005 0.000003 0.000002 0.000002 0.000001 0.000001 0.000001 0.000000 0.000000 0.000000 0.000000 0.000000 0.000000 0.000000 
0.000000 0.000000 0.000000 0.000000 0.000000 0.000000 0.000001 0.000001 0.000001 0.000002 0.000003 0.000004 0.000005 0.000007 0.000010 0.000014 0.000019 0.000026 0.000035 0.000047 0.000062 0.000081 0.000106 0.000136 0.000173 0.000219 0.000274 0.000340 0.000417 0.000508 0.000614 0.000734 0.000870 0.001021 0.001188 0.001370 0.001565 0.001772 0.001987 0.002209 0.002433 0.002655 0.002871 0.003075 0.003265 0.003434 0.003579 0.003696 0.003782 0.003835 0.003853 0.003835 0.003782 0.003696 0.003579 0.003434 0.003265 0.003075 0.002871 0.002655 0.002433 0.002209 0.001987 0.001772 0.001565 0.001370 0.001188 0.001021 0.000870 0.000734 0.000614 0.000508 0.000417 0.000340 0.000274 0.000219 0.000173 0.000136 0.000106 0.000081 0.000062 0.000047 0.000035 0.000026 0.000019 0.000014 0.000010 0.000007 0.000005 0.000004 0.000003 0.000002 0.000001 0.000001 0.000001 0.000000 0.000000 0.000000 0.000000 0.000000 
0.000000 0.000000 0.000000 0.000000 0.000000 0.000001 0.000001 0.000001 0.000002 0.000003 0.000004 0.000006 0.000009 0.000012 0.000017 0.000024 0.000033 0.000045 0.000060 0.000080 0.000106 0.000139 0.000181 0.000233 0.000296 0.000374 0.000469 0.000581 0.000715 0.000870 0.001050 0.001256 0.001488 0.001747 0.002033 0.002344 0.002678 0.003031 0.003400 0.003779 0.004162 0.004541 0.004910 0.005260 0.005584 0.005874 0.006122 0.006322 0.006469 0.006559 0.006589 0.006559 0.006469 0.006322 0.006122 0.005874 0.005584 0.005260 0.004910 0.004541 0.004162 0.003779 0.003400 0.003031 0.002678 0.002344 0.002033 0.001747 0.001488 0.001256 0.001050 0.000870 0.000715 0.000581 0.000469 0.000374 0.000296 0.000233 0.000181 0.000139 0.000106 0.000080 0.000060 0.000045 0.000033 0.000024 0.000017 0.000012 0.000009 0.000006 0.000004 0.000003 0.000002 0.000001 0.000001 0.000001 0.000000 0.000000 0.000000 0.000000 
0.000000 0.000000 0.000000 0.000000 0.000001 0.000001 0.000001 0.000002 0.000003 0.000005 0.000007 0.000010 0.000014 0.000020 0.000028 0.000038 0.000052 0.000071 0.000096 0.000128 0.000169 0.000221 0.000286 0.000368 0.000470 0.000593 0.000742 0.000920 0.001131 0.001377 0.001662 0.001987 0.002355 0.002765 0.003217 0.003708 0.004236 0.004795 0.005378 0.005976 0.006581 0.007181 0.007764 0.008318 0.008829 0.009287 0.009679 0.009995 0.010227 0.010369 0.010417 0.010369 0.010227 0.009995 0.009679 0.009287 0.008829 0.008318 0.007764 0.007181 0.006581 0.005976 0.005378 0.004795 0.004236 0.003708 0.003217 0.002765 0.002355 0.001987 0.001662 0.001377 0.001131 0.000920 0.000742 0.000593 0.000470 0.000368 0.000286 0.000221 0.000169 0.000128 0.000096 0.000071 0.000052 0.000038 0.000028 0.000020 0.000014 0.000010 0.000007 0.000005 0.000003 0.000002 0.000001 0.000001 0.000001 0.000000 0.000000 0.000000 
0.000000 0.000000 0.000000 0.000001 0.000001 0.000002 0.000002 0.000003 0.000005 0.000007 0.000011 0.000015 0.000022 0.000030 0.000042 0.000059 0.000080 0.000109 0.000147 0.000195 0.000258 0.000338 0.000439 0.000564 0.000719 0.000907 0.001135 0.001408 0.001730 0.002106 0.002542 0.003039 0.003600 0.004226 0.004917 0.005668 0.006474 0.007327 0.008217 0.009131 0.010055 0.010971 0.011861 0.012706 0.013487 0.014186 0.014784 0.015267 0.015621 0.015838 0.015911 0.015838 0.015621 0.015267 0.014784 0.014186 0.013487 0.012706 0.011861 0.010971 0.010055 0.009131 0.008217 0.007327 0.006474 0.005668 0.004917 0.004226 0.003600 0.003039 0.002542 0.002106 0.001730 0.001408 0.001135 0.000907 0.000719 0.000564 0.000439 0.000338 0.000258 0.000195 0.000147 0.000109 0.000080 0.000059 0.000042 0.000030 0.000022 0.000015 0.000011 0.000007 0.000005 0.000003 0.000002 0.000001 0.000001 0.000001 0.000000 0.000000 
0.000000 0.000000 0.000001 0.000001 0.000001 0.000002 0.000003 0.000005 0.000008 0.000011 0.000016 0.000023 0.000032 0.000046 0.000064 0.000088 0.000121 0.000164 0.000220 0.000294 0.000388 0.000508 0.000659 0.000847 0.001079 0.001363 0.001705 0.002114 0.002597 0.003161 0.003814 0.004560 0.005401 0.006340 0.007375 0.008500 0.009708 0.010987 0.012321 0.013691 0.015075 0.016447 0.017781 0.019047 0.020217 0.021264 0.022160 0.022883 0.023414 0.023738 0.023847 0.023738 0.023414 0.022883 0.022160 0.021264 0.020217 0.019047 0.017781 0.016447 0.015075 0.013691 0.012321 0.010987 0.009708 0.008500 0.007375 0.006340 0.005401 0.004560 0.003814 0.003161 0.002597 0.002114 0.001705 0.001363 0.001079 0.000847 0.000659 0.000508 0.000388 0.000294 0.000220 0.000164 0.000121 0.000088 0.000064 0.000046 0.000032 0.000023 0.000016 0.000011 0.000008 0.000005 0.000003 0.000002 0.000001 0.000001 0.000000 0.000000 
0.000000 0.000000 0.000001 0.000001 0.000002 0.000003 0.000005 0.000008 0.000011 0.000016 0.000024 0.000034 0.000048 0.000068 0.000095 0.000131 0.000179 0.000243 0.000327 0.000436 0.000576 0.000753 0.000977 0.001256 0.001600 0.002020 0.002527 0.003133 0.003848 0.004684 0.005651 0.006754 0.008000 0.009390 0.010921 0.012587 0.014374 0.016266 0.018240 0.020267 0.022314 0.024343 0.026316 0.028188 0.029919 0.031466 0.032792 0.033861 0.034646 0.035126 0.035287 0.035126 0.034646 0.033861 0.032792 0.031466 0.029919 0.028188 0.026316 0.024343 0.022314 0.020267 0.018240 0.016266 0.014374 0.012587 0.010921 0.009390 0.008000 0.006754 0.005651 0.004684 0.003848 0.003133 0.002527 0.002020 0.001600 0.001256 0.000977 0.000753 0.000576 0.000436 0.000327 0.000243 0.000179 0.000131 0.000095 0.000068 0.000048 0.000034 0.000024 0.000016 0.000011 0.000008 0.000005 0.000003 0.000002 0.000001 0.000001 0.000000 
0.000000 0.000001 0.000001 0.000002 0.000003 0.000005 0.000008 0.000011 0.000017 0.000024 0.000035 0.000050 0.000071 0.000100 0.000139 0.000192 0.000263 0.000357 0.000480 0.000640 0.000845 0.001106 0.001434 0.001844 0.002348 0.002964 0.003707 0.004595 0.005643 0.006869 0.008284 0.009901 0.011727 0.013762 0.016005 0.018444 0.021061 0.023832 0.026721 0.029688 0.032685 0.035656 0.038543 0.041283 0.043816 0.046081 0.048020 0.049585 0.050734 0.051436 0.051672 0.051436 0.050734 0.049585 0.048020 0.046081 0.043816 0.041283 0.038543 0.035656 0.032685 0.029688 0.026721 0.023832 0.021061 0.018444 0.016005 0.013762 0.011727 0.009901 0.008284 0.006869 0.005643 0.004595 0.003707 0.002964 0.002348 0.001844 0.001434 0.001106 0.000845 0.000640 0.000480 0.000357 0.000263 0.000192 0.000139 0.000100 0.000071 0.000050 0.000035 0.000024 0.000017 0.000011 0.000008 0.000005 0.000003 0.000002 0.000001 0.000000 
0.000000 0.000001 0.000002 0.000003 0.000005 0.000007 0.000011 0.000016 0.000024 0.000035 0.000051 0.000073 0.000103 0.000145 0.000203 0.000280 0.000383 0.000520 0.000699 0.000931 0.001229 0.001608 0.002086 0.002680 0.003413 0.004307 0.005386 0.006675 0.008198 0.009976 0.012031 0.014378 0.017027 0.019980 0.023234 0.026772 0.030569 0.034587 0.038777 0.043080 0.047425 0.051733 0.055918 0.059892 0.063564 0.066847 0.069659 0.071927 0.073593 0.074611 0.074953 0.074611 0.073593 0.071927 0.069659 0.066847 0.063564 0.059892 0.055918 0.051733 0.047425 0.043080 0.038777 0.034587 0.030569 0.026772 0.023234 0.019980 0.017027 0.014378 0.012031 0.009976 0.008198 0.006675 0.005386 0.004307 0.003413 0.002680 0.002086 0.001608 0.001229 0.000931 0.000699 0.000520 0.000383 0.000280 0.000203 0.000145 0.000103 0.000073 0.000051 0.000035 0.000024 0.000016 0.000011 0.000007 0.000005 0.000003 0.000001 0.000000 
0.000000 0.000001 0.000003 0.000004 0.000007 0.000011 0.000016 0.000024 0.000035 0.000051 0.000074 0.000105 0.000149 0.000210 0.000293 0.000404 0.000553 0.000750 0.001008 0.001342 0.001772 0.002318 0.003005 0.003861 0.004916 0.006203 0.007756 0.009610 0.011800 0.014359 0.017314 0.020689 0.024498 0.028745 0.033422 0.038508 0.043966 0.049741 0.055763 0.061947 0.068190 0.074380 0.080394 0.086104 0.091380 0.096096 0.100135 0.103394 0.105786 0.107249 0.107740 0.107249 0.105786 0.103394 0.100135 0.096096 0.091380 0.086104 0.080394 0.074380 0.068190 0.061947 0.055763 0.049741 0.043966 0.038508 0.033422 0.028745 0.024498 0.020689 0.017314 0.014359 0.011800 0.009610 0.007756 0.006203 0.004916 0.003861 0.003005 0.002318 0.001772 0.001342 0.001008 0.000750 0.000553 0.000404 0.000293 0.000210 0.000149 0.000105 0.000074 0.000051 0.000035 0.000024 0.000016 0.000010 0.000007 0.000004 0.000002 0.000000 
0.000000 0.000002 0.000004 0.000006 0.000010 0.000015 0.000023 0.000034 0.000050 0.000073 0.000105 0.000151 0.000214 0.000300 0.000418 0.000577 0.000790 0.001071 0.001440 0.001917 0.002531 0.003310 0.004291 0.005512 0.007017 0.008852 0.011067 0.013712 0.016835 0.020483 0.024696 0.029506 0.034934 0.040986 0.047651 0.054897 0.062672 0.070899 0.079477 0.088284 0.097176 0.105992 0.114556 0.122687 0.130199 0.136914 0.142666 0.147306 0.150712 0.152794 0.153494 0.152794 0.150712 0.147306 0.142666 0.136914 0.130199 0.122687 0.114556 0.105992 0.097176 0.088284 0.079477 0.070899 0.062672 0.054897 0.047651 0.040986 0.034934 0.029506 0.024696 0.020483 0.016835 0.013712 0.011067 0.008852 0.007017 0.005512 0.004291 0.003310 0.002531 0.001917 0.001440 0.001071 0.000790 0.000577 0.000418 0.000300 0.000214 0.000151 0.000105 0.000073 0.000050 0.000034 0.000023 0.000015 0.000009 0.000006 0.000003 0.000000 
0.000000 0.000002 0.000005 0.000009 0.000014 0.000022 0.000032 0.000048 0.000071 0.000103 0.000149 0.000214 0.000303 0.000426 0.000593 0.000818 0.001119 0.001517 0.002039 0.002715 0.003582 0.004685 0.006072 0.007799 0.009927 0.012522 0.015654 0.019391 0.023805 0.028960 0.034912 0.041707 0.049375 0.057923 0.067336 0.077569 0.088547 0.100163 0.112274 0.124708 0.137261 0.149705 0.161793 0.173269 0.183872 0.193349 0.201466 0.208015 0.212822 0.215760 0.216748 0.215760 0.212822 0.208015 0.201466 0.193349 0.183872 0.173269 0.161793 0.149705 0.137261 0.124708 0.112274 0.100163 0.088547 0.077569 0.067336 0.057923 0.049375 0.041707 0.034912 0.028960 0.023805 0.019391 0.015654 0.012522 0.009927 0.007799 0.006072 0.004685 0.003582 0.002715 0.002039 0.001517 0.001119 0.000818 0.000593 0.000426 0.000303 0.000214 0.000149 0.000103 0.000071 0.000048 0.000032 0.000021 0.000013 0.000008 0.000004 0.000000 
0.000000 0.000003 0.000007 0.000012 0.000020 0.000030 0.000046 0.000068 0.000100 0.000145 0.000210 0.000300 0.000426 0.000598 0.000833 0.001149 0.001572 0.002130 0.002862 0.003810 0.005026 0.006573 0.008517 0.010938 0.013920 0.017557 0.021944 0.027180 0.033363 0.040582 0.048918 0.058434 0.069169 0.081136 0.094313 0.108637 0.124002 0.140258 0.157207 0.174606 0.192170 0.209581 0.226494 0.242549 0.257382 0.270641 0.281996 0.291156 0.297881 0.301990 0.303372 0.301990 0.297881 0.291156 0.281996 0.270641 0.257382 0.242549 0.226494 0.209581 0.192170 0.174606 0.157207 0.140258 0.124002 0.108637 0.094313 0.081136 0.069169 0.058434 0.048918 0.040582 0.033363 0.027180 0.021944 0.017557 0.013920 0.010938 0.008517 0.006573 0.005026 0.003810 0.002862 0.002130 0.001572 0.001149 0.000833 0.000598 0.000426 0.000300 0.000210 0.000145 0.000100 0.000068 0.000045 0.000030 0.000019 0.000011 0.000005 0.000000 
0.000000 0.000005 0.000010 0.000017 0.000028 0.000042 0.000064 0.000095 0.000139 0.000203 0.000293 0.000418 0.000593 0.000833 0.001159 0.001599 0.002187 0.002964 0.003981 0.005299 0.006990 0.009139 0.011841 0.015204 0.019347 0.024398 0.030490 0.037761 0.046345 0.056367 0.067938 0.081144 0.096043 0.112649 0.130932 0.150805 0.172121 0.194672 0.218181 0.242313 0.266673 0.290820 0.314275 0.336539 0.357107 0.375492 0.391236 0.403937 0.413262 0.418959 0.420876 0.418959 0.413262 0.403937 0.391236 0.375492 0.357107 0.336539 0.314275 0.290820 0.266673 0.242313 0.218181 0.194672 0.172121 0.150805 0.130932 0.112649 0.096043 0.081144 0.067938 0.056367 0.046345 0.037761 0.030490 0.024398 0.019347 0.015204 0.011841 0.009139 0.006990 0.005299 0.003981 0.002964 0.002187 0.001599 0.001159 0.000833 0.000593 0.000418 0.000292 0.000203 0.000139 0.000094 0.000063 0.000042 0.000026 0.000015 0.000007 0.000000 
0.000000 0.000006 0.000014 0.000024 0.000038 0.000059 0.000088 0.000131 0.000192 0.000280 0.000404 0.000577 0.000818 0.001149 0.001599 0.002206 0.003016 0.004087 0.005488 0.007304 0.009634 0.012594 0.016315 0.020946 0.026650 0.033604 0.041990 0.051997 0.063809 0.077599 0.093518 0.111686 0.132179 0.155020 0.180164 0.207492 0.236804 0.267810 0.300133 0.333309 0.366797 0.399990 0.432231 0.462832 0.491103 0.516371 0.538010 0.555466 0.568281 0.576112 0.578746 0.576112 0.568281 0.555466 0.538010 0.516371 0.491103 0.462832 0.432231 0.399990 0.366797 0.333309 0.300133 0.267810 0.236804 0.207492 0.180164 0.155020 0.132179 0.111686 0.093518 0.077599 0.063809 0.051997 0.041990 0.033604 0.026650 0.020946 0.016315 0.012594 0.009634 0.007304 0.005488 0.004087 0.003016 0.002206 0.001599 0.001149 0.000818 0.000577 0.000404 0.000280 0.000192 0.000130 0.000087 0.000057 0.000036 0.000021 0.000010 0.000000 
0.000000 0.000009 0.000019 0.000033 0.000052 0.000080 0.000121 0.000179 0.000263 0.000383 0.000553 0.000790 0.001119 0.001572 0.002187 0.003016 0.004123 0.005586 0.007500 0.009980 0.013161 0.017202 0.022281 0.028601 0.036386 0.045873 0.057314 0.070964 0.087076 0.105882 0.127590 0.152363 0.180303 0.211441 0.245716 0.282966 0.322916 0.365172 0.409220 0.454428 0.500059 0.545285 0.589212 0.630904 0.669419 0.703842 0.733320 0.757100 0.774557 0.785224 0.788812 0.785224 0.774557 0.757100 0.733320 0.703842 0.669419 0.630904 0.589212 0.545285 0.500059 0.454428 0.409220 0.365172 0.322916 0.282966 0.245716 0.211441 0.180303 0.152363 0.127590 0.105882 0.087076 0.070964 0.057314 0.045873 0.036386 0.028601 0.022281 0.017202 0.013161 0.009980 0.007500 0.005586 0.004123 0.003016 0.002187 0.001572 0.001119 0.000790 0.000553 0.000383 0.000263 0.000179 0.000120 0.000079 0.000050 0.000029 0.000014 0.000000 
0.000000 0.000012 0.000026 0.000045 0.000071 0.000109 0.000164 0.000243 0.000357 0.000520 0.000750 0.001071 0.001517 0.002130 0.002964 0.004087 0.005586 0.007566 0.010157 0.013514 0.017819 0.023286 0.030158 0.038708 0.049236 0.062066 0.077536 0.095992 0.117773 0.143194 0.172535 0.206014 0.243771 0.285845 0.332154 0.382479 0.436448 0.493528 0.553024 0.614084 0.675712 0.736790 0.796111 0.852412 0.904421 0.950902 0.990706 1.022815 1.046385 1.060788 1.065633 1.060788 1.046385 1.022815 0.990706 0.950902 0.904421 0.852412 0.796111 0.736790 0.675712 0.614084 0.553024 0.493528 0.436448 0.382479 0.332154 0.285845 0.243771 0.206014 0.172535 0.143194 0.117773 0.095992 0.077536 0.062066 0.049236 0.038708 0.030158 0.023286 0.017819 0.013514 0.010157 0.007566 0.005586 0.004087 0.002964 0.002130 0.001517 0.001071 0.000749 0.000520 0.000357 0.000242 0.000163 0.000107 0.000068 0.000040 0.000018 0.000000 
0.000000 0.000016 0.000035 0.000060 0.000096 0.000147 0.000220 0.000327 0.000480 0.000699 0.001008 0.001440 0.002039 0.002862 0.003981 0.005488 0.007500 0.010157 0.013633 0.018136 0.023911 0.031242 0.040456 0.051919 0.066033 0.083229 0.103963 0.128695 0.157879 0.191938 0.231244 0.276089 0.326660 0.383008 0.445024 0.512412 0.584674 0.661097 0.740750 0.822492 0.904990 0.986748 1.066150 1.141507 1.211117 1.273328 1.326600 1.369572 1.401117 1.420392 1.426876 1.420392 1.401117 1.369572 1.326600 1.273328 1.211117 1.141507 1.066150 0.986748 0.904990 0.822492 0.740750 0.661097 0.584674 0.512412 0.445024 0.383008 0.326660 0.276089 0.231244 0.191938 0.157879 0.128695 0.103963 0.083229 0.066033 0.051919 0.040456 0.031242 0.023911 0.018136 0.013633 0.010157 0.007500 0.005488 0.003981 0.002862 0.002039 0.001440 0.001007 0.000698 0.000480 0.000326 0.000219 0.000144 0.000091 0.000054 0.000025 0.000000 
0.000000 0.000022 0.000047 0.000080 0.000128 0.000195 0.000294 0.000436 0.000640 0.000931 0.001342 0.001917 0.002715 0.003810 0.005299 0.007304 0.009980 0.013514 0.018136 0.024123 0.031799 0.041543 0.053789 0.069020 0.087771 0.110617 0.138157 0.171006 0.209762 0.254989 0.307178 0.366716 0.433850 0.508648 0.590961 0.680399 0.776299 0.877715 0.983411 1.091873 1.201332 1.309805 1.415147 1.515120 1.607465 1.689992 1.760659 1.817662 1.859506 1.885074 1.893675 1.885074 1.859506 1.817662 1.760659 1.689992 1.607465 1.515120 1.415147 1.309805 1.201332 1.091873 0.983411 0.877715 0.776299 0.680399 0.590961 0.508648 0.433850 0.366716 0.307178 0.254989 0.209762 0.171006 0.138157 0.110617 0.087771 0.069020 0.053789 0.041543 0.031799 0.024123 0.018136 0.013514 0.009980 0.007304 0.005299 0.003810 0.002715 0.001917 0.001342 0.000931 0.000639 0.000434 0.000291 0.000192 0.000122 0.000071 0.000033 0.000000 
0.000000 0.000029 0.000062 0.000106 0.000169 0.000258 0.000388 0.000576 0.000845 0.001229 0.001772 0.002531 0.003582 0.005026 0.006990 0.009634 0.013161 0.017819 0.023911 0.031799 0.041912 0.054748 0.070877 0.090936 0.115628 0.145708 0.181965 0.225206 0.276218 0.335741 0.404421 0.482766 0.571098 0.669505 0.777792 0.895444 1.021588 1.154978 1.293991 1.436633 1.580580 1.723223 1.861744 1.993199 2.114622 2.223131 2.316045 2.390991 2.446007 2.479622 2.490930 2.479622 2.446007 2.390991 2.316045 2.223131 2.114622 1.993199 1.861744 1.723223 1.580580 1.436633 1.293991 1.154978 1.021588 0.895444 0.777792 0.669505 0.571098 0.482766 0.404421 0.335741 0.276218 0.225206 0.181965 0.145708 0.115628 0.090936 0.070877 0.054748 0.041912 0.031799 0.023911 0.017819 0.013161 0.009634 0.006990 0.005026 0.003582 0.002530 0.001771 0.001229 0.000844 0.000574 0.000385 0.000253 0.000161 0.000094 0.000044 0.000000 
0.000000 0.000037 0.000081 0.000139 0.000221 0.000338 0.000508 0.000753 0.001106 0.001608 0.002318 0.003310 0.004685 0.006573 0.009139 0.012594 0.017202 0.023286 0.031242 0.041543 0.054748 0.071507 0.092561 0.118744 0.150969 0.190221 0.237530 0.293944 0.360492 0.438135 0.527714 0.629890 0.745082 0.873403 1.014597 1.167990 1.332445 1.506337 1.687547 1.873479 2.061103 2.247021 2.427558 2.598880 2.757122 2.898531 3.019614 3.117280 3.188973 3.232778 3.247514 3.232778 3.188973 3.117280 3.019614 2.898531 2.757122 2.598880 2.427558 2.247021 2.061103 1.873479 1.687547 1.506337 1.332445 1.167990 1.014597 0.873403 0.745082 0.629890 0.527714 0.438135 0.360492 0.293944 0.237530 0.190221 0.150969 0.118744 0.092561 0.071507 0.054748 0.041543 0.031242 0.023286 0.017202 0.012594 0.009139 0.006572 0.004685 0.003310 0.002317 0.001608 0.001105 0.000751 0.000504 0.000332 0.000211 0.000124 0.000057 0.000000 
0.000000 0.000049 0.000106 0.000181 0.000286 0.000439 0.000659 0.000977 0.001434 0.002086 0.003005 0.004291 0.006072 0.008517 0.011841 0.016315 0.022281 0.030158 0.040456 0.053789 0.070877 0.092561 0.119801 0.153671 0.195353 0.246118 0.307298 0.380246 0.466288 0.566666 0.682465 0.814538 0.963424 1.129265 1.311732 1.509950 1.722449 1.947129 2.181252 2.421464 2.663850 2.904021 3.137234 3.358535 3.562934 3.745586 3.901980 4.028127 4.120724 4.177302 4.196334 4.177302 4.120724 4.028127 3.901980 3.745586 3.562934 3.358535 3.137234 2.904021 2.663850 2.421464 2.181252 1.947129 1.722449 1.509950 1.311732 1.129265 0.963424 0.814538 0.682465 0.566666 0.466288 0.380246 0.307298 0.246118 0.195353 0.153671 0.119801 0.092561 0.070877 0.053789 0.040456 0.030158 0.022281 0.016315 0.011841 0.008517 0.006072 0.004290 0.003004 0.002084 0.001433 0.000974 0.000654 0.000430 0.000274 0.000161 0.000074 0.000000 
0.000000 0.000062 0.000136 0.000233 0.000368 0.000564 0.000847 0.001256 0.001844 0.002680 0.003861 0.005512 0.007799 0.010938 0.015204 0.020946 0.028601 0.038708 0.051919 0.069020 0.090936 0.118744 0.153671 0.197094 0.250528 0.315599 0.394012 0.487498 0.597755 0.726372 0.874735 1.043934 1.234658 1.447087 1.680795 1.934662 2.206803 2.494527 2.794328 3.101911 3.412265 3.719771 4.018355 4.301680 4.563359 4.797191 4.997403 5.158891 5.277429 5.349856 5.374219 5.349856 5.277429 5.158891 4.997403 4.797191 4.563359 4.301680 4.018355 3.719771 3.412265 3.101911 2.794328 2.494527 2.206803 1.934662 1.680795 1.447087 1.234658 1.043934 0.874735 0.726372 0.597755 0.487498 0.394012 0.315599 0.250528 0.197094 0.153671 0.118744 0.090936 0.069020 0.051919 0.038708 0.028601 0.020946 0.015204 0.010938 0.007799 0.005511 0.003860 0.002679 0.001841 0.001252 0.000841 0.000553 0.000352 0.000207 0.000095 0.000000 
0.000000 0.000080 0.000173 0.000296 0.000470 0.000719 0.001079 0.001600 0.002348 0.003413 0.004916 0.007017 0.009927 0.013920 0.019347 0.026650 0.036386 0.049236 0.066033 0.087771 0.115628 0.150969 0.195353 0.250528 0.318416 0.401080 0.500684 0.619423 0.759452 0.922783 1.111175 1.326008 1.568153 1.837837 2.134515 2.456764 2.802189 3.167373 3.547866 3.938219 4.332070 4.722292 5.101179 5.460693 5.792730 6.089425 6.343458 6.548354 6.698752 6.790646 6.821557 6.790646 6.698752 6.548354 6.343458 6.089425 5.792730 5.460693 5.101179 4.722292 4.332070 3.938219 3.547866 3.167373 2.802189 2.456764 2.134515 1.837837 1.568153 1.326008 1.111175 0.922783 0.759452 0.619423 0.500684 0.401080 0.318416 0.250528 0.195353 0.150969 0.115628 0.087771 0.066033 0.049236 0.036386 0.026650 0.019347 0.013920 0.009927 0.007016 0.004915 0.003411 0.002345 0.001595 0.001071 0.000705 0.000448 0.000263 0.000121 0.000000 
0.000000 0.000101 0.000219 0.000374 0.000593 0.000907 0.001363 0.002020 0.002964 0.004307 0.006203 0.008852 0.012522 0.017557 0.024398 0.033604 0.045873 0.062066 0.083229 0.110617 0.145708 0.190221 0.246118 0.315599 0.401080 0.505158 0.630549 0.780018 0.956272 1.161838 1.398927 1.669273 1.973966 2.313288 2.686552 3.091962 3.526506 3.985882 4.464493 4.955484 5.450855 5.941642 6.418159 6.870295 7.287865 7.660981 7.980441 8.238103 8.427231 8.542789 8.581659 8.542789 8.427231 8.238103 7.980441 7.660981 7.287865 6.870295 6.418159 5.941642 5.450855 4.955484 4.464493 3.985882 3.526506 3.091962 2.686552 2.313288 1.973966 1.669273 1.398927 1.161838 0.956272 0.780018 0.630549 0.505158 0.401080 0.315599 0.246118 0.190221 0.145708 0.110617 0.083229 0.062066 0.045873 0.033603 0.024397 0.017557 0.012522 0.008851 0.006201 0.004305 0.002960 0.002014 0.001352 0.000890 0.000566 0.000332 0.000153 0.000000 
0.000000 0.000126 0.000274 0.000469 0.000742 0.001135 0.001705 0.002527 0.003707 0.005386 0.007756 0.011067 0.015654 0.021944 0.030490 0.041990 0.057314 0.077536 0.103963 0.138157 0.181965 0.237530 0.307298 0.394012 0.500684 0.630549 0.786997 0.973469 1.193338 1.449754 1.745468 2.082637 2.462618 2.885757 3.351194 3.856687 4.398474 4.971196 5.567869 6.179949 6.797466 7.409247 8.003219 8.566786 9.087254 9.552304 9.950470 10.271608 10.507327 10.651350 10.699795 10.651350 10.507327 10.271608 9.950470 9.552304 9.087254 8.566786 8.003219 7.409247 6.797466 6.179949 5.567869 4.971196 4.398474 3.856687 3.351194 2.885757 2.462618 2.082637 1.745468 1.449754 1.193338 0.973469 0.786997 0.630549 0.500684 0.394012 0.307298 0.237530 0.181965 0.138157 0.103963 0.077536 0.057314 0.041990 0.030490 0.021944 0.015653 0.011066 0.007754 0.005383 0.003702 0.002519 0.001692 0.001114 0.000709 0.000416 0.000192 0.000000 
0.000000 0.000156 0.000340 0.000581 0.000920 0.001408 0.002114 0.003133 0.004595 0.006675 0.009610 0.013712 0.019391 0.027180 0.037761 0.051997 0.070964 0.095992 0.128695 0.171006 0.225206 0.293944 0.380246 0.487498 0.619423 0.780018 0.973469 1.204026 1.475855 1.792844 2.158388 2.575147 3.044792 3.567748 4.142946 4.767611 5.437093 6.144765 6.882001 7.638241 8.401169 9.156985 9.890776 10.586986 11.229937 11.804416 12.296265 12.692957 12.984130 13.162034 13.221876 13.162034 12.984130 12.692957 12.296265 11.804416 11.229937 10.586986 9.890776 9.156985 8.401169 7.638241 6.882001 6.144765 5.437093 4.767611 4.142946 3.567748 3.044792 2.575147 2.158388 1.792844 1.475855 1.204026 0.973469 0.780018 0.619423 0.487498 0.380246 0.293944 0.225206 0.171006 0.128695 0.095992 0.070964 0.051997 0.037761 0.027180 0.019391 0.013711 0.009608 0.006671 0.004588 0.003122 0.002097 0.001382 0.000879 0.000516 0.000238 0.000000 
0.000000 0.000192 0.000417 0.000715 0.001131 0.001730 0.002597 0.003848 0.005643 0.008198 0.011800 0.016835 0.023805 0.033363 0.046345 0.063809 0.087076 0.117773 0.157879 0.209762 0.276218 0.360492 0.466288 0.597755 0.759452 0.956272 1.193338 1.475855 1.808920 2.197289 2.645116 3.155654 3.730942 4.371494 5.075996 5.841045 6.660943 7.527571 8.430364 9.356393 10.290577 11.216021 12.114472 12.966885 13.754072 14.457413 15.059579 15.545238 15.901710 16.119509 16.192771 16.119509 15.901710 15.545238 15.059579 14.457413 13.754072 12.966885 12.114472 11.216021 10.290577 9.356393 8.430364 7.527571 6.660943 5.841045 5.075996 4.371494 3.730942 3.155654 2.645116 2.197289 1.808920 1.475855 1.193338 0.956272 0.759452 0.597755 0.466288 0.360492 0.276218 0.209762 0.157879 0.117773 0.087075 0.063809 0.046345 0.033362 0.023804 0.016833 0.011798 0.008193 0.005636 0.003836 0.002576 0.001698 0.001080 0.000634 0.000293 0.000000 
0.000000 0.000234 0.000508 0.000870 0.001377 0.002106 0.003161 0.004684 0.006869 0.009976 0.014359 0.020483 0.028960 0.040582 0.056367 0.077599 0.105882 0.143194 0.191938 0.254989 0.335741 0.438135 0.566666 0.726372 0.922783 1.161838 1.449754 1.792844 2.197289 2.668859 3.212589 3.832419 4.530820 5.308406 6.163578 7.092199 8.087348 9.139170 10.234840 11.358667 12.492352 13.615396 14.705652 15.740014 16.695208 17.548644 18.279301 18.868585 19.301113 19.565380 19.654271 19.565380 19.301113 18.868585 18.279301 17.548644 16.695208 15.740014 14.705652 13.615396 12.492352 11.358667 10.234840 9.139170 8.087348 7.092199 6.163578 5.308406 4.530820 3.832419 3.212589 2.668859 2.197289 1.792844 1.449754 1.161838 0.922783 0.726372 0.566666 0.438135 0.335741 0.254989 0.191938 0.143194 0.105882 0.077598 0.056366 0.040581 0.028958 0.020481 0.014356 0.009971 0.006859 0.004669 0.003137 0.002067 0.001315 0.000772 0.000356 0.000000 
0.000000 0.000282 0.000614 0.001050 0.001662 0.002542 0.003814 0.005651 0.008284 0.012031 0.017314 0.024696 0.034912 0.048918 0.067938 0.093518 0.127590 0.172535 0.231244 0.307178 0.404421 0.527714 0.682465 0.874735 1.111175 1.398927 1.745468 2.158388 2.645116 3.212589 3.866854 4.612646 5.452928 6.388431 7.417224 8.534323 9.731400 10.996596 12.314483 13.666189 15.029708 16.380386 17.691595 18.935554 20.084277 21.110607 21.989272 22.697917 23.218049 23.535839 23.642734 23.535839 23.218049 22.697917 21.989272 21.110607 20.084277 18.935554 17.691595 16.380386 15.029708 13.666189 12.314483 10.996596 9.731400 8.534323 7.417224 6.388431 5.452928 4.612646 3.866854 3.212589 2.645116 2.158388 1.745468 1.398927 1.111175 0.874735 0.682465 0.527714 0.404421 0.307177 0.231243 0.172535 0.127590 0.093518 0.067937 0.048917 0.034910 0.024693 0.017310 0.012024 0.008273 0.005632 0.003784 0.002494 0.001587 0.000932 0.000430 0.000000 
0.000000 0.000337 0.000734 0.001256 0.001987 0.003039 0.004560 0.006754 0.009901 0.014378 0.020689 0.029506 0.041707 0.058434 0.081144 0.111686 0.152363 0.206014 0.276089 0.366716 0.482766 0.629890 0.814538 1.043934 1.326008 1.669273 2.082637 2.575147 3.155654 3.832419 4.612646 5.501970 6.503914 7.619343 8.845943 10.177767 11.604881 13.113144 14.684162 16.295439 17.920746 19.530701 21.093570 22.576247 23.945385 25.168624 26.215853 27.060436 27.680338 28.059084 28.186482 28.059084 27.680338 27.060436 26.215853 25.168624 23.945385 22.576247 21.093570 19.530701 17.920746 16.295439 14.684162 13.113144 11.604881 10.177767 8.845943 7.619343 6.503914 5.501970 4.612646 3.832419 3.155654 2.575147 2.082637 1.669273 1.326008 1.043934 0.814538 0.629890 0.482766 0.366716 0.276089 0.206014 0.152363 0.111686 0.081144 0.058432 0.041706 0.029503 0.020684 0.014370 0.009888 0.006732 0.004524 0.002982 0.001897 0.001115 0.000514 0.000000 
0.000000 0.000400 0.000870 0.001488 0.002355 0.003600 0.005401 0.008000 0.011727 0.017027 0.024498 0.034934 0.049375 0.069169 0.096043 0.132179 0.180303 0.243771 0.326660 0.433850 0.571098 0.745082 0.963424 1.234658 1.568153 1.973966 2.462618 3.044792 3.730942 4.530820 5.452928 6.503914 7.687932 9.005992 10.455352 12.028978 13.715126 15.497083 17.353117 19.256653 21.176705 23.078570 24.924766 26.676194 28.293472 29.738386 30.975376 31.972988 32.705205 33.152569 33.303048 33.152569 32.705205 31.972988 30.975376 29.738386 28.293472 26.676194 24.924766 23.078570 21.176705 19.256653 17.353117 15.497083 13.715126 12.028978 10.455352 9.005992 7.687932 6.503914 5.452928 4.530820 3.730942 3.044792 2.462618 1.973966 1.568153 1.234658 0.963424 0.745082 0.571098 0.433850 0.326660 0.243771 0.180303 0.132179 0.096042 0.069168 0.049373 0.034930 0.024492 0.017017 0.011710 0.007974 0.005359 0.003533 0.002248 0.001321 0.000610 0.000000 
0.000000 0.000470 0.001021 0.001747 0.002765 0.004226 0.006340 0.009390 0.013762 0.019980 0.028745 0.040986 0.057923 0.081136 0.112649 0.155020 0.211441 0.285845 0.383008 0.508648 0.669505 0.873403 1.129265 1.447087 1.837837 2.313288 2.885757 3.567748 4.371494 5.308406 6.388431 7.619343 9.005992 10.549553 12.246802 14.089495 16.063873 18.150363 20.323517 22.552220 24.800197 27.026823 29.188224 31.238634 33.131961 34.823476 36.271563 37.439409 38.296566 38.820262 38.996416 38.820262 38.296566 37.439409 36.271563 34.823476 33.131961 31.238634 29.188224 27.026823 24.800197 22.552220 20.323517 18.150363 16.063873 14.089495 12.246802 10.549553 9.005992 7.619343 6.388431 5.308406 4.371494 3.567748 2.885757 2.313288 1.837837 1.447087 1.129265 0.873403 0.669505 0.508648 0.383008 0.285845 0.211441 0.155019 0.112648 0.081135 0.057920 0.040982 0.028738 0.019969 0.013743 0.009359 0.006291 0.004147 0.002639 0.001551 0.000716 0.000000 
0.000000 0.000546 0.001188 0.002033 0.003217 0.004917 0.007375 0.010921 0.016005 0.023234 0.033422 0.047651 0.067336 0.094313 0.130932 0.180164 0.245716 0.332154 0.445024 0.590961 0.777792 1.014597 1.311732 1.680795 2.134515 2.686552 3.351194 4.142946 5.075996 6.163578 7.417224 8.845943 10.455352 12.246802 14.216541 16.354992 18.646179 21.067387 23.589081 26.175158 28.783530 31.367065 33.874866 36.253842 38.450524 40.413032 42.093092 43.448006 44.442456 45.050031 45.254399 45.050031 44.442456 43.448006 42.093092 40.413032 38.450524 36.253842 33.874866 31.367065 28.783530 26.175158 23.589081 21.067387 18.646179 16.354992 14.216541 12.246802 10.455352 8.845943 7.417224 6.163578 5.075996 4.142946 3.351194 2.686552 2.134515 1.680795 1.311732 1.014597 0.777792 0.590961 0.445024 0.332154 0.245716 0.180163 0.130931 0.094311 0.067333 0.047646 0.033414 0.023220 0.015983 0.010885 0.007317 0.004824 0.003070 0.001804 0.000833 0.000000 
0.000000 0.000630 0.001370 0.002344 0.003708 0.005668 0.008500 0.012587 0.018444 0.026772 0.038508 0.054897 0.077569 0.108637 0.150805 0.207492 0.282966 0.382479 0.512412 0.680399 0.895444 1.167990 1.509950 1.934662 2.456764 3.091962 3.856687 4.767611 5.841045 7.092199 8.534323 10.177767 12.028978 14.089495 16.354992 18.814442 21.449467 24.233934 27.133879 30.107782 33.107248 36.078086 38.961776 41.697282 44.223135 46.479692 48.411458 49.969351 51.112771 51.811359 52.046340 51.811359 51.112771 49.969351 48.411458 46.479692 44.223135 41.697282 38.961776 36.078086 33.107248 30.107782 27.133879 24.233934 21.449467 18.814442 16.354992 14.089495 12.028978 10.177767 8.534323 7.092199 5.841045 4.767611 3.856687 3.091962 2.456764 1.934662 1.509950 1.167990 0.895444 0.680399 0.512412 0.382479 0.282966 0.207492 0.150803 0.108635 0.077566 0.054892 0.038499 0.026756 0.018418 0.012545 0.008433 0.005561 0.003540 0.002080 0.000960 0.000000 
0.000000 0.000720 0.001565 0.002678 0.004236 0.006474 0.009708 0.014374 0.021061 0.030569 0.043966 0.062672 0.088547 0.124002 0.172121 0.236804 0.322916 0.436448 0.584674 0.776299 1.021588 1.332445 1.722449 2.206803 2.802189 3.526506 4.398474 5.437093 6.660943 8.087348 9.731400 11.604881 13.715126 16.063873 18.646179 21.449467 24.452778 27.626324 30.931391 34.320662 37.738986 41.124612 44.410859 47.528183 50.406547 52.977999 55.179313 56.954571 58.257518 59.053568 59.321331 59.053568 58.257518 56.954571 55.179313 52.977999 50.406547 47.528183 44.410859 41.124612 37.738986 34.320662 30.931391 27.626324 24.452778 21.449467 18.646179 16.063873 13.715126 11.604881 9.731400 8.087348 6.660943 5.437093 4.398474 3.526506 2.802189 2.206803 1.722449 1.332445 1.021588 0.776299 0.584674 0.436448 0.322916 0.236803 0.172120 0.124000 0.088544 0.062665 0.043955 0.030551 0.021032 0.014327 0.009632 0.006352 0.004043 0.002376 0.001097 0.000000 
0.000000 0.000815 0.001772 0.003031 0.004795 0.007327 0.010987 0.016266 0.023832 0.034587 0.049741 0.070899 0.100163 0.140258 0.194672 0.267810 0.365172 0.493528 0.661097 0.877715 1.154978 1.506337 1.947129 2.494527 3.167373 3.985882 4.971196 6.144765 7.527571 9.139170 10.996596 13.113144 15.497083 18.150363 21.067387 24.233934 27.626324 31.210902 34.943940 38.771994 42.632778 46.456555 50.168026 53.688659 56.939372 59.843435 62.329460 64.334307 65.805752 66.704745 67.007133 66.704745 65.805752 64.334307 62.329460 59.843435 56.939372 53.688659 50.168026 46.456555 42.632778 38.771994 34.943940 31.210902 27.626324 24.233934 21.067387 18.150363 15.497083 13.113144 10.996596 9.139170 7.527571 6.144765 4.971196 3.985882 3.167373 2.494527 1.947129 1.506337 1.154978 0.877715 0.661096 0.493528 0.365172 0.267809 0.194670 0.140256 0.100159 0.070891 0.049728 0.034566 0.023799 0.016212 0.010901 0.007189 0.004576 0.002690 0.001242 0.000000 
0.000000 0.000914 0.001987 0.003400 0.005378 0.008217 0.012321 0.018240 0.026721 0.038777 0.055763 0.079477 0.112274 0.157207 0.218181 0.300133 0.409220 0.553024 0.740750 0.983411 1.293991 1.687547 2.181252 2.794328 3.547866 4.464493 5.567869 6.882001 8.430364 10.234840 12.314483 14.684162 17.353117 20.323517 23.589081 27.133879 30.931391 34.943940 39.122574 43.407470 47.728915 52.008858 56.163029 60.103542 63.741895 66.992225 69.774646 72.018505 73.665363 74.671521 75.009956 74.671521 73.665363 72.018505 69.774646 66.992225 63.741895 60.103542 56.163029 52.008858 47.728915 43.407470 39.122574 34.943940 30.931391 27.133879 23.589081 20.323517 17.353117 14.684162 12.314483 10.234840 8.430364 6.882001 5.567869 4.464493 3.547866 2.794328 2.181252 1.687547 1.293991 0.983411 0.740750 0.553024 0.409219 0.300132 0.218179 0.157204 0.112269 0.079469 0.055749 0.038754 0.026684 0.018179 0.012224 0.008062 0.005133 0.003017 0.001393 0.000000 
0.000000 0.001016 0.002209 0.003779 0.005976 0.009131 0.013691 0.020267 0.029688 0.043080 0.061947 0.088284 0.124708 0.174606 0.242313 0.333309 0.454428 0.614084 0.822492 1.091873 1.436633 1.873479 2.421464 3.101911 3.938219 4.955484 6.179949 7.638241 9.356393 11.358667 13.666189 16.295439 19.256653 22.552220 26.175158 30.107782 34.320662 38.771994 43.407470 48.160730 52.954444 57.702040 62.310050 66.681002 70.716740 74.322038 77.408300 79.897172 81.723845 82.839859 83.215245 82.839859 81.723845 79.897172 77.408300 74.322038 70.716740 66.681002 62.310050 57.702040 52.954444 48.160730 43.407470 38.771994 34.320662 30.107782 26.175158 22.552220 19.256653 16.295439 13.666189 11.358667 9.356393 7.638241 6.179949 4.955484 3.938219 3.101911 2.421464 1.873479 1.436633 1.091873 0.822492 0.614084 0.454427 0.333308 0.242311 0.174602 0.124702 0.088275 0.061931 0.043055 0.029647 0.020199 0.013583 0.008959 0.005704 0.003353 0.001548 0.000000 
0.000000 0.001119 0.002433 0.004162 0.006581 0.010055 0.015075 0.022314 0.032685 0.047425 0.068190 0.097176 0.137261 0.192170 0.266673 0.366797 0.500059 0.675712 0.904990 1.201332 1.580580 2.061103 2.663850 3.412265 4.332070 5.450855 6.797466 8.401169 10.290577 12.492352 15.029708 17.920746 21.176705 24.800197 28.783530 33.107248 37.738986 42.632778 47.728915 52.954444 58.224356 63.443489 68.509101 73.314054 77.750461 81.713657 85.106266 87.842171 89.850140 91.076915 91.489555 91.076915 89.850140 87.842171 85.106266 81.713657 77.750461 73.314054 68.509101 63.443489 58.224356 52.954444 47.728915 42.632778 37.738986 33.107248 28.783530 24.800197 21.176705 17.920746 15.029708 12.492352 10.290577 8.401169 6.797466 5.450855 4.332070 3.412265 2.663850 2.061103 1.580580 1.201332 0.904989 0.675712 0.500058 0.366796 0.266671 0.192166 0.137255 0.097166 0.068173 0.047397 0.032639 0.022239 0.014956 0.009865 0.006281 0.003692 0.001705 0.000000 
0.000000 0.001221 0.002655 0.004541 0.007181 0.010971 0.016447 0.024343 0.035656 0.051733 0.074380 0.105992 0.149705 0.209581 0.290820 0.399990 0.545285 0.736790 0.986748 1.309805 1.723223 2.247021 2.904021 3.719771 4.722292 5.941642 7.409247 9.156985 11.216021 13.615396 16.380386 19.530701 23.078570 27.026823 31.367065 36.078086 41.124612 46.456555 52.008858 57.702040 63.443489 69.129535 74.648257 79.882945 84.716079 89.033648 92.729585 95.710086 97.897563 99.234004 99.683532 99.234004 97.897563 95.710086 92.729585 89.033648 84.716079 79.882945 74.648257 69.129535 63.443489 57.702040 52.008858 46.456555 41.124612 36.078086 31.367065 27.026823 23.078570 19.530701 16.380386 13.615396 11.216021 9.156985 7.409247 5.941642 4.722292 3.719771 2.904021 2.247021 1.723223 1.309805 0.986748 0.736790 0.545284 0.399989 0.290818 0.209577 0.149698 0.105981 0.074362 0.051702 0.035606 0.024262 0.016317 0.010763 0.006854 0.004029 0.001860 0.000000 
0.000000 0.001321 0.002871 0.004910 0.007764 0.011861 0.017781 0.026316 0.038543 0.055918 0.080394 0.114556 0.161793 0.226494 0.314275 0.432231 0.589212 0.796111 1.066150 1.415147 1.861744 2.427558 3.137234 4.018355 5.101179 6.418159 8.003219 9.890776 12.114472 14.705652 17.691595 21.093570 24.924766 29.188224 33.874866 38.961776 44.410859 50.168026 56.163029 62.310050 68.509101 74.648257 80.606687 86.258396 91.476516 96.137968 100.128252 103.346105 105.707774 107.150634 107.635956 107.150634 105.707774 103.346105 100.128252 96.137968 91.476516 86.258396 80.606687 74.648257 68.509101 62.310050 56.163029 50.168026 44.410859 38.961776 33.874866 29.188224 24.924766 21.093570 17.691595 14.705652 12.114472 9.890776 8.003219 6.418159 5.101179 4.018355 3.137234 2.427558 1.861744 1.415147 1.066150 0.796110 0.589211 0.432229 0.314272 0.226490 0.161786 0.114544 0.080374 0.055885 0.038489 0.026228 0.017640 0.011637 0.007410 0.004356 0.002011 0.000000 
