0.000000 0.000000 0.000000 0.000000 0.000000 0.000000 0.000000 0.000000 0.000000 0.000000 0.000000 0.000000 0.000000 0.000000 0.000000 0.000000 0.000000 0.000000 0.000000 0.000000 0.000000 0.000000 0.000000 0.000000 0.000000 0.000000 0.000000 0.000000 0.000000 0.000000 0.000000 0.000000 0.000000 0.000000 0.000000 0.000000 0.000000 0.000000 0.000000 0.000000 0.000000 0.000000 0.000000 0.000000 0.000000 0.000000 0.000000 0.000000 0.000000 0.000000 0.000000 0.000000 0.000000 0.000000 0.000000 0.000000 0.000000 0.000000 0.000000 0.000000 0.000000 0.000000 0.000000 0.000000 0.000000 0.000000 0.000000 0.000000 0.000000 0.000000 0.000000 0.000000 0.000000 0.000000 0.000000 0.000000 0.000000 0.000000 0.000000 0.000000 0.000000 0.000000 0.000000 0.000000 0.000000 0.000000 0.000000 0.000000 0.000000 0.000000 0.000000 0.000000 0.000000 0.000000 0.000000 0.000000 0.000000 0.000000 0.000000 0.000000 
0.000000 0.000000 0.000000 0.000000 0.000000 0.000000 0.000000 0.000000 0.000000 0.000000 0.000000 0.000000 0.000000 0.000000 0.000000 0.000000 0.000000 0.000000 0.000000 0.000000 0.000000 0.000000 0.000000 0.000000 0.000000 0.000000 0.000000 0.000000 0.000000 0.000000 0.000000 0.000000 0.000000 0.000000 0.000000 0.000000 0.000000 0.000000 0.000000 0.000000 0.000000 0.000000 0.000000 0.000000 0.000000 0.000000 0.000000 0.000000 0.000000 0.000000 0.000000 0.000000 0.000000 0.000000 0.000000 0.000000 0.000000 0.000000 0.000000 0.000000 0.000000 0.000000 0.000000 0.000000 0.000000 0.000000 0.000000 0.000000 0.000000 0.000000 0.000000 0.000000 0.000000 0.000000 0.000000 0.000000 0.000000 0.000000 0.000000 0.000000 0.000000 0.000000 0.000000 0.000000 0.000000 0.000000 0.000000 0.000000 0.000000 0.000000 0.000000 0.000000 0.000000 0.000000 0.000000 0.000000 0.000000 0.000000 0.000000 0.000000 
0.000000 0.000000 0.000000 0.000000 0.000000 0.000000 0.000000 0.000000 0.000000 0.000000 0.000000 0.000000 0.000000 0.000000 0.000000 0.000000 0.000000 0.000000 0.000000 0.000000 0.000000 0.000000 0.000000 0.000000 0.000000 0.000000 0.000000 0.000000 0.000000 0.000000 0.000000 0.000000 0.000000 0.000000 0.000000 0.000000 0.000000 0.000000 0.000000 0.000000 0.000000 0.000000 0.000000 0.000000 0.000000 0.000000 0.000000 0.000000 0.000000 0.000000 0.000000 0.000000 0.000000 0.000000 0.000000 0.000000 0.000000 0.000000 0.000000 0.000000 0.000000 0.000000 0.000000 0.000000 0.000000 0.000000 0.000000 0.000000 0.000000 0.000000 0.000000 0.000000 0.000000 0.000000 0.000000 0.000000 0.000000 0.000000 0.000000 0.000000 0.000000 0.000000 0.000000 0.000000 0.000000 0.000000 0.000000 0.000000 0.000000 0.000000 0.000000 0.000000 0.000000 0.000000 0.000000 0.000000 0.000000 0.000000 0.000000 0.000000 
0.000000 0.000000 0.000000 0.000000 0.000000 0.000000 0.000000 0.000000 0.000000 0.000000 0.000000 0.000000 0.000000 0.000000 0.000000 0.000000 0.000000 0.000000 0.000000 0.000000 0.000000 0.000000 0.000000 0.000000 0.000000 0.000000 0.000000 0.000000 0.000000 0.000000 0.000000 0.000000 0.000000 0.000000 0.000000 0.000000 0.000000 0.000000 0.000000 0.000000 0.000000 0.000000 0.000000 0.000000 0.000000 0.000000 0.000000 0.000000 0.000000 0.000000 0.000000 0.000000 0.000000 0.000000 0.000000 0.000000 0.000000 0.000000 0.000000 0.000000 0.000000 0.000000 0.000000 0.000000 0.000000 0.000000 0.000000 0.000000 0.000000 0.000000 0.000000 0.000000 0.000000 0.000000 0.000000 0.000000 0.000000 0.000000 0.000000 0.000000 0.000000 0.000000 0.000000 0.000000 0.000000 0.000000 0.000000 0.000000 0.000000 0.000000 0.000000 0.000000 0.000000 0.000000 0.000000 0.000000 0.000000 0.000000 0.000000 0.000000 
0.000000 0.000000 0.000000 0.000000 0.000000 0.000000 0.000000 0.000000 0.000000 0.000000 0.000000 0.000000 0.000000 0.000000 0.000000 0.000000 0.000000 0.000000 0.000000 0.000000 0.000000 0.000000 0.000000 0.000000 0.000000 0.000000 0.000000 0.000000 0.000000 0.000000 0.000000 0.000000 0.000000 0.000000 0.000000 0.000000 0.000000 0.000000 0.000000 0.000000 0.000000 0.000000 0.000000 0.000000 0.000000 0.000000 0.000000 0.000000 0.000000 0.000000 0.000000 0.000000 0.000000 0.000000 0.000000 0.000000 0.000000 0.000000 0.000000 0.000000 0.000000 0.000000 0.000000 0.000000 0.000000 0.000000 0.000000 0.000000 0.000000 0.000000 0.000000 0.000000 0.000000 0.000000 0.000000 0.000000 0.000000 0.000000 0.000000 0.000000 0.000000 0.000000 0.000000 0.000000 0.000000 0.000000 0.000000 0.000000 0.000000 0.000000 0.000000 0.000000 0.000000 0.000000 0.000000 0.000000 0.000000 0.000000 0.000000 0.000000 
0.000000 0.000000 0.000000 0.000000 0.000000 0.000000 0.000000 0.000000 0.000000 0.000000 0.000000 0.000000 0.000000 0.000000 0.000000 0.000000 0.000000 0.000000 0.000000 0.000000 0.000000 0.000000 0.000000 0.000000 0.000000 0.000000 0.000000 0.000000 0.000000 0.000000 0.000000 0.000000 0.000000 0.000000 0.000000 0.000000 0.000000 0.000000 0.000000 0.000000 0.000000 0.000000 0.000000 0.000000 0.000000 0.000001 0.000001 0.000001 0.000001 0.000001 0.000001 0.000001 0.000001 0.000001 0.000001 0.000001 0.000000 0.000000 0.000000 0.000000 0.000000 0.000000 0.000000 0.000000 0.000000 0.000000 0.000000 0.000000 0.000000 0.000000 0.000000 0.000000 0.000000 0.000000 0.000000 0.000000 0.000000 0.000000 0.000000 0.000000 0.000000 0.000000 0.000000 0.000000 0.000000 0.000000 0.000000 0.000000 0.000000 0.000000 0.000000 0.000000 0.000000 0.000000 0.000000 0.000000 0.000000 0.000000 0.000000 0.000000 
0.000000 0.000000 0.000000 0.000000 0.000000 0.000000 0.000000 0.000000 0.000000 0.000000 0.000000 0.000000 0.000000 0.000000 0.000000 0.000000 0.000000 0.000000 0.000000 0.000000 0.000000 0.000000 0.000000 0.000000 0.000000 0.000000 0.000000 0.000000 0.000000 0.000000 0.000000 0.000000 0.000000 0.000000 0.000000 0.000000 0.000000 0.000000 0.000000 0.000000 0.000001 0.000001 0.000001 0.000001 0.000001 0.000001 0.000001 0.000001 0.000002 0.000002 0.000002 0.000002 0.000002 0.000001 0.000001 0.000001 0.000001 0.000001 0.000001 0.000001 0.000001 0.000000 0.000000 0.000000 0.000000 0.000000 0.000000 0.000000 0.000000 0.000000 0.000000 0.000000 0.000000 0.000000 0.000000 0.000000 0.000000 0.000000 0.000000 0.000000 0.000000 0.000000 0.000000 0.000000 0.000000 0.000000 0.000000 0.000000 0.000000 0.000000 0.000000 0.000000 0.000000 0.000000 0.000000 0.000000 0.000000 0.000000 0.000000 0.000000 
0.000000 0.000000 0.000000 0.000000 0.000000 0.000000 0.000000 0.000000 0.000000 0.000000 0.000000 0.000000 0.000000 0.000000 0.000000 0.000000 0.000000 0.000000 0.000000 0.000000 0.000000 0.000000 0.000000 0.000000 0.000000 0.000000 0.000000 0.000000 0.000000 0.000000 0.000000 0.000000 0.000000 0.000000 0.000000 0.000000 0.000000 0.000001 0.000001 0.000001 0.000001 0.000002 0.000002 0.000002 0.000003 0.000003 0.000003 0.000003 0.000004 0.000004 0.000004 0.000004 0.000004 0.000003 0.000003 0.000003 0.000003 0.000002 0.000002 0.000002 0.000001 0.000001 0.000001 0.000001 0.000000 0.000000 0.000000 0.000000 0.000000 0.000000 0.000000 0.000000 0.000000 0.000000 0.000000 0.000000 0.000000 0.000000 0.000000 0.000000 0.000000 0.000000 0.000000 0.000000 0.000000 0.000000 0.000000 0.000000 0.000000 0.000000 0.000000 0.000000 0.000000 0.000000 0.000000 0.000000 0.000000 0.000000 0.000000 0.000000 
0.000000 0.000000 0.000000 0.000000 0.000000 0.000000 0.000000 0.000000 0.000000 0.000000 0.000000 0.000000 0.000000 0.000000 0.000000 0.000000 0.000000 0.000000 0.000000 0.000000 0.000000 0.000000 0.000000 0.000000 0.000000 0.000000 0.000000 0.000000 0.000000 0.000000 0.000000 0.000000 0.000000 0.000000 0.000001 0.000001 0.000001 0.000001 0.000002 0.000002 0.000003 0.000004 0.000004 0.000005 0.000006 0.000007 0.000007 0.000008 0.000008 0.000009 0.000009 0.000009 0.000008 0.000008 0.000007 0.000007 0.000006 0.000005 0.000004 0.000004 0.000003 0.000002 0.000002 0.000001 0.000001 0.000001 0.000001 0.000000 0.000000 0.000000 0.000000 0.000000 0.000000 0.000000 0.000000 0.000000 0.000000 0.000000 0.000000 0.000000 0.000000 0.000000 0.000000 0.000000 0.000000 0.000000 0.000000 0.000000 0.000000 0.000000 0.000000 0.000000 0.000000 0.000000 0.000000 0.000000 0.000000 0.000000 0.000000 0.000000 
0.000000 0.000000 0.000000 0.000000 0.000000 0.000000 0.000000 0.000000 0.000000 0.000000 0.000000 0.000000 0.000000 0.000000 0.000000 0.000000 0.000000 0.000000 0.000000 0.000000 0.000000 0.000000 0.000000 0.000000 0.000000 0.000000 0.000000 0.000000 0.000000 0.000000 0.000000 0.000000 0.000001 0.000001 0.000001 0.000002 0.000002 0.000003 0.000004 0.000005 0.000007 0.000008 0.000010 0.000011 0.000013 0.000015 0.000016 0.000018 0.000019 0.000019 0.000019 0.000019 0.000019 0.000018 0.000016 0.000015 0.000013 0.000011 0.000010 0.000008 0.000007 0.000005 0.000004 0.000003 0.000002 0.000002 0.000001 0.000001 0.000001 0.000000 0.000000 0.000000 0.000000 0.000000 0.000000 0.000000 0.000000 0.000000 0.000000 0.000000 0.000000 0.000000 0.000000 0.000000 0.000000 0.000000 0.000000 0.000000 0.000000 0.000000 0.000000 0.000000 0.000000 0.000000 0.000000 0.000000 0.000000 0.000000 0.000000 0.000000 
0.000000 0.000000 0.000000 0.000000 0.000000 0.000000 0.000000 0.000000 0.000000 0.000000 0.000000 0.000000 0.000000 0.000000 0.000000 0.000000 0.000000 0.000000 0.000000 0.000000 0.000000 0.000000 0.000000 0.000000 0.000000 0.000000 0.000000 0.000000 0.000000 0.000000 0.000001 0.000001 0.000001 0.000002 0.000003 0.000004 0.000005 0.000007 0.000009 0.000012 0.000015 0.000018 0.000021 0.000025 0.000029 0.000032 0.000036 0.000039 0.000041 0.000042 0.000042 0.000042 0.000041 0.000039 0.000036 0.000032 0.000029 0.000025 0.000021 0.000018 0.000015 0.000012 0.000009 0.000007 0.000005 0.000004 0.000003 0.000002 0.000001 0.000001 0.000001 0.000000 0.000000 0.000000 0.000000 0.000000 0.000000 0.000000 0.000000 0.000000 0.000000 0.000000 0.000000 0.000000 0.000000 0.000000 0.000000 0.000000 0.000000 0.000000 0.000000 0.000000 0.000000 0.000000 0.000000 0.000000 0.000000 0.000000 0.000000 0.000000 
0.000000 0.000000 0.000000 0.000000 0.000000 0.000000 0.000000 0.000000 0.000000 0.000000 0.000000 0.000000 0.000000 0.000000 0.000000 0.000000 0.000000 0.000000 0.000000 0.000000 0.000000 0.000000 0.000000 0.000000 0.000000 0.000000 0.000000 0.000000 0.000001 0.000001 0.000001 0.000002 0.000003 0.000004 0.000006 0.000008 0.000011 0.000015 0.000020 0.000025 0.000031 0.000038 0.000046 0.000054 0.000062 0.000070 0.000077 0.000083 0.000088 0.000091 0.000092 0.000091 0.000088 0.000083 0.000077 0.000070 0.000062 0.000054 0.000046 0.000038 0.000031 0.000025 0.000020 0.000015 0.000011 0.000008 0.000006 0.000004 0.000003 0.000002 0.000001 0.000001 0.000001 0.000000 0.000000 0.000000 0.000000 0.000000 0.000000 0.000000 0.000000 0.000000 0.000000 0.000000 0.000000 0.000000 0.000000 0.000000 0.000000 0.000000 0.000000 0.000000 0.000000 0.000000 0.000000 0.000000 0.000000 0.000000 0.000000 0.000000 
0.000000 0.000000 0.000000 0.000000 0.000000 0.000000 0.000000 0.000000 0.000000 0.000000 0.000000 0.000000 0.000000 0.000000 0.000000 0.000000 0.000000 0.000000 0.000000 0.000000 0.000000 0.000000 0.000000 0.000000 0.000000 0.000000 0.000000 0.000001 0.000001 0.000002 0.000003 0.000004 0.000006 0.000009 0.000013 0.000018 0.000024 0.000032 0.000042 0.000053 0.000067 0.000082 0.000098 0.000115 0.000132 0.000148 0.000163 0.000176 0.000186 0.000192 0.000194 0.000192 0.000186 0.000176 0.000163 0.000148 0.000132 0.000115 0.000098 0.000082 0.000067 0.000053 0.000042 0.000032 0.000024 0.000018 0.000013 0.000009 0.000006 0.000004 0.000003 0.000002 0.000001 0.000001 0.000000 0.000000 0.000000 0.000000 0.000000 0.000000 0.000000 0.000000 0.000000 0.000000 0.000000 0.000000 0.000000 0.000000 0.000000 0.000000 0.000000 0.000000 0.000000 0.000000 0.000000 0.000000 0.000000 0.000000 0.000000 0.000000 
0.000000 0.000000 0.000000 0.000000 0.000000 0.000000 0.000000 0.000000 0.000000 0.000000 0.000000 0.000000 0.000000 0.000000 0.000000 0.000000 0.000000 0.000000 0.000000 0.000000 0.000000 0.000000 0.000000 0.000000 0.000000 0.000001 0.000001 0.000001 0.000002 0.000004 0.000006 0.000009 0.000013 0.000019 0.000027 0.000037 0.000050 0.000067 0.000087 0.000111 0.000139 0.000170 0.000204 0.000239 0.000275 0.000309 0.000340 0.000366 0.000386 0.000399 0.000403 0.000399 0.000386 0.000366 0.000340 0.000309 0.000275 0.000239 0.000204 0.000170 0.000139 0.000111 0.000087 0.000067 0.000050 0.000037 0.000027 0.000019 0.000013 0.000009 0.000006 0.000004 0.000002 0.000001 0.000001 0.000001 0.000000 0.000000 0.000000 0.000000 0.000000 0.000000 0.000000 0.000000 0.000000 0.000000 0.000000 0.000000 0.000000 0.000000 0.000000 0.000000 0.000000 0.000000 0.000000 0.000000 0.000000 0.000000 0.000000 0.000000 
0.000000 0.000000 0.000000 0.000000 0.000000 0.000000 0.000000 0.000000 0.000000 0.000000 0.000000 0.000000 0.000000 0.000000 0.000000 0.000000 0.000000 0.000000 0.000000 0.000000 0.000000 0.000000 0.000000 0.000000 0.000001 0.000001 0.000002 0.000003 0.000005 0.000008 0.000012 0.000018 0.000027 0.000039 0.000055 0.000076 0.000103 0.000137 0.000179 0.000228 0.000285 0.000348 0.000417 0.000489 0.000561 0.000631 0.000694 0.000747 0.000788 0.000814 0.000823 0.000814 0.000788 0.000747 0.000694 0.000631 0.000561 0.000489 0.000417 0.000348 0.000285 0.000228 0.000179 0.000137 0.000103 0.000076 0.000055 0.000039 0.000027 0.000018 0.000012 0.000008 0.000005 0.000003 0.000002 0.000001 0.000001 0.000000 0.000000 0.000000 0.000000 0.000000 0.000000 0.000000 0.000000 0.000000 0.000000 0.000000 0.000000 0.000000 0.000000 0.000000 0.000000 0.000000 0.000000 0.000000 0.000000 0.000000 0.000000 0.000000 
0.000000 0.000000 0.000000 0.000000 0.000000 0.000000 0.000000 0.000000 0.000000 0.000000 0.000000 0.000000 0.000000 0.000000 0.000000 0.000000 0.000000 0.000000 0.000000 0.000000 0.000000 0.000000 0.000000 0.000001 0.000001 0.000002 0.000004 0.000006 0.000010 0.000016 0.000024 0.000037 0.000054 0.000078 0.000110 0.000153 0.000208 0.000276 0.000359 0.000458 0.000572 0.000699 0.000837 0.000981 0.001126 0.001265 0.001391 0.001498 0.001580 0.001631 0.001648 0.001631 0.001580 0.001498 0.001391 0.001265 0.001126 0.000981 0.000837 0.000699 0.000572 0.000458 0.000359 0.000276 0.000208 0.000153 0.000110 0.000078 0.000054 0.000037 0.000024 0.000016 0.000010 0.000006 0.000004 0.000002 0.000001 0.000001 0.000000 0.000000 0.000000 0.000000 0.000000 0.000000 0.000000 0.000000 0.000000 0.000000 0.000000 0.000000 0.000000 0.000000 0.000000 0.000000 0.000000 0.000000 0.000000 0.000000 0.000000 0.000000 
0.000000 0.000000 0.000000 0.000000 0.000000 0.000000 0.000000 0.000000 0.000000 0.000000 0.000000 0.000000 0.000000 0.000000 0.000000 0.000000 0.000000 0.000000 0.000000 0.000000 0.000000 0.000000 0.000001 0.000002 0.000003 0.000005 0.000008 0.000013 0.000020 0.000032 0.000048 0.000073 0.000107 0.000155 0.000219 0.000303 0.000411 0.000546 0.000710 0.000904 0.001128 0.001379 0.001649 0.001932 0.002217 0.002490 0.002738 0.002948 0.003108 0.003208 0.003243 0.003208 0.003108 0.002948 0.002738 0.002490 0.002217 0.001932 0.001649 0.001379 0.001128 0.000904 0.000710 0.000546 0.000411 0.000303 0.000219 0.000155 0.000107 0.000073 0.000048 0.000032 0.000020 0.000013 0.000008 0.000005 0.000003 0.000002 0.000001 0.000000 0.000000 0.000000 0.000000 0.000000 0.000000 0.000000 0.000000 0.000000 0.000000 0.000000 0.000000 0.000000 0.000000 0.000000 0.000000 0.000000 0.000000 0.000000 0.000000 0.000000 
0.000000 0.000000 0.000000 0.000000 0.000000 0.000000 0.000000 0.000000 0.000000 0.000000 0.000000 0.000000 0.000000 0.000000 0.000000 0.000000 0.000000 0.000000 0.000000 0.000000 0.000001 0.000001 0.000002 0.000003 0.000005 0.000009 0.000015 0.000025 0.000039 0.000062 0.000094 0.000142 0.000209 0.000301 0.000425 0.000588 0.000797 0.001058 0.001376 0.001752 0.002184 0.002668 0.003190 0.003736 0.004284 0.004811 0.005289 0.005694 0.006002 0.006195 0.006261 0.006195 0.006002 0.005694 0.005289 0.004811 0.004284 0.003736 0.003190 0.002668 0.002184 0.001752 0.001376 0.001058 0.000797 0.000588 0.000425 0.000301 0.000209 0.000142 0.000094 0.000062 0.000039 0.000025 0.000015 0.000009 0.000005 0.000003 0.000002 0.000001 0.000001 0.000000 0.000000 0.000000 0.000000 0.000000 0.000000 0.000000 0.000000 0.000000 0.000000 0.000000 0.000000 0.000000 0.000000 0.000000 0.000000 0.000000 0.000000 0.000000 
0.000000 0.000000 0.000000 0.000000 0.000000 0.000000 0.000000 0.000000 0.000000 0.000000 0.000000 0.000000 0.000000 0.000000 0.000000 0.000000 0.000000 0.000000 0.000000 0.000001 0.000001 0.000002 0.000003 0.000006 0.000010 0.000018 0.000029 0.000047 0.000076 0.000118 0.000181 0.000271 0.000399 0.000575 0.000811 0.001121 0.001519 0.002014 0.002617 0.003330 0.004151 0.005066 0.006056 0.007089 0.008127 0.009123 0.010028 0.010794 0.011377 0.011741 0.011865 0.011741 0.011377 0.010794 0.010028 0.009123 0.008127 0.007089 0.006056 0.005066 0.004151 0.003330 0.002617 0.002014 0.001519 0.001121 0.000811 0.000575 0.000399 0.000271 0.000181 0.000118 0.000076 0.000047 0.000029 0.000018 0.000010 0.000006 0.000003 0.000002 0.000001 0.000001 0.000000 0.000000 0.000000 0.000000 0.000000 0.000000 0.000000 0.000000 0.000000 0.000000 0.000000 0.000000 0.000000 0.000000 0.000000 0.000000 0.000000 0.000000 
0.000000 0.000000 0.000000 0.000000 0.000000 0.000000 0.000000 0.000000 0.000000 0.000000 0.000000 0.000000 0.000000 0.000000 0.000000 0.000000 0.000000 0.000000 0.000001 0.000001 0.000002 0.000004 0.000006 0.000011 0.000020 0.000033 0.000055 0.000089 0.000142 0.000222 0.000340 0.000509 0.000748 0.001077 0.001518 0.002097 0.002838 0.003762 0.004885 0.006213 0.007740 0.009442 0.011282 0.013202 0.015129 0.016978 0.018659 0.020080 0.021162 0.021839 0.022069 0.021839 0.021162 0.020080 0.018659 0.016978 0.015129 0.013202 0.011282 0.009442 0.007740 0.006213 0.004885 0.003762 0.002838 0.002097 0.001518 0.001077 0.000748 0.000509 0.000340 0.000222 0.000142 0.000089 0.000055 0.000033 0.000020 0.000011 0.000006 0.000004 0.000002 0.000001 0.000001 0.000000 0.000000 0.000000 0.000000 0.000000 0.000000 0.000000 0.000000 0.000000 0.000000 0.000000 0.000000 0.000000 0.000000 0.000000 0.000000 0.000000 
0.000000 0.000000 0.000000 0.000000 0.000000 0.000000 0.000000 0.000000 0.000000 0.000000 0.000000 0.000000 0.000000 0.000000 0.000000 0.000000 0.000000 0.000001 0.000001 0.000002 0.000004 0.000007 0.000012 0.000021 0.000036 0.000061 0.000102 0.000165 0.000263 0.000410 0.000626 0.000938 0.001376 0.001979 0.002789 0.003849 0.005205 0.006896 0.008948 0.011374 0.014161 0.017268 0.020624 0.024125 0.027638 0.031008 0.034070 0.036659 0.038629 0.039861 0.040280 0.039861 0.038629 0.036659 0.034070 0.031008 0.027638 0.024125 0.020624 0.017268 0.014161 0.011374 0.008948 0.006896 0.005205 0.003849 0.002789 0.001979 0.001376 0.000938 0.000626 0.000410 0.000263 0.000165 0.000102 0.000061 0.000036 0.000021 0.000012 0.000007 0.000004 0.000002 0.000001 0.000001 0.000000 0.000000 0.000000 0.000000 0.000000 0.000000 0.000000 0.000000 0.000000 0.000000 0.000000 0.000000 0.000000 0.000000 0.000000 0.000000 
0.000000 0.000000 0.000000 0.000000 0.000000 0.000000 0.000000 0.000000 0.000000 0.000000 0.000000 0.000000 0.000000 0.000000 0.000000 0.000000 0.000000 0.000001 0.000002 0.000004 0.000007 0.000012 0.000022 0.000038 0.000066 0.000112 0.000184 0.000299 0.000476 0.000741 0.001132 0.001694 0.002484 0.003569 0.005025 0.006931 0.009366 0.012400 0.016081 0.020430 0.025423 0.030988 0.036995 0.043259 0.049542 0.055569 0.061043 0.065671 0.069191 0.071394 0.072143 0.071394 0.069191 0.065671 0.061043 0.055569 0.049542 0.043259 0.036995 0.030988 0.025423 0.020430 0.016081 0.012400 0.009366 0.006931 0.005025 0.003569 0.002484 0.001694 0.001132 0.000741 0.000476 0.000299 0.000184 0.000112 0.000066 0.000038 0.000022 0.000012 0.000007 0.000004 0.000002 0.000001 0.000000 0.000000 0.000000 0.000000 0.000000 0.000000 0.000000 0.000000 0.000000 0.000000 0.000000 0.000000 0.000000 0.000000 0.000000 0.000000 
0.000000 0.000000 0.000000 0.000000 0.000000 0.000000 0.000000 0.000000 0.000000 0.000000 0.000000 0.000000 0.000000 0.000000 0.000000 0.000000 0.000001 0.000002 0.000003 0.000006 0.000012 0.000022 0.000039 0.000069 0.000118 0.000199 0.000328 0.000532 0.000845 0.001316 0.002007 0.003001 0.004397 0.006314 0.008882 0.012243 0.016534 0.021875 0.028354 0.036002 0.044779 0.054557 0.065109 0.076107 0.087135 0.097710 0.107312 0.115431 0.121604 0.125466 0.126781 0.125466 0.121604 0.115431 0.107312 0.097710 0.087135 0.076107 0.065109 0.054557 0.044779 0.036002 0.028354 0.021875 0.016534 0.012243 0.008882 0.006314 0.004397 0.003001 0.002007 0.001316 0.000845 0.000532 0.000328 0.000199 0.000118 0.000069 0.000039 0.000022 0.000012 0.000006 0.000003 0.000002 0.000001 0.000000 0.000000 0.000000 0.000000 0.000000 0.000000 0.000000 0.000000 0.000000 0.000000 0.000000 0.000000 0.000000 0.000000 0.000000 
0.000000 0.000000 0.000000 0.000000 0.000000 0.000000 0.000000 0.000000 0.000000 0.000000 0.000000 0.000000 0.000000 0.000000 0.000000 0.000001 0.000002 0.000003 0.000006 0.000011 0.000021 0.000038 0.000069 0.000120 0.000206 0.000347 0.000574 0.000928 0.001473 0.002291 0.003492 0.005216 0.007636 0.010955 0.015401 0.021214 0.028631 0.037858 0.049043 0.062240 0.077378 0.094235 0.112418 0.131364 0.150356 0.168562 0.185091 0.199063 0.209686 0.216331 0.218592 0.216331 0.209686 0.199063 0.185091 0.168562 0.150356 0.131364 0.112418 0.094235 0.077378 0.062240 0.049043 0.037858 0.028631 0.021214 0.015401 0.010955 0.007636 0.005216 0.003492 0.002291 0.001473 0.000928 0.000574 0.000347 0.000206 0.000120 0.000069 0.000038 0.000021 0.000011 0.000006 0.000003 0.000002 0.000001 0.000000 0.000000 0.000000 0.000000 0.000000 0.000000 0.000000 0.000000 0.000000 0.000000 0.000000 0.000000 0.000000 0.000000 
0.000000 0.000000 0.000000 0.000000 0.000000 0.000000 0.000000 0.000000 0.000000 0.000000 0.000000 0.000000 0.000000 0.000000 0.000001 0.000001 0.000003 0.000005 0.000010 0.000020 0.000036 0.000066 0.000118 0.000206 0.000354 0.000595 0.000982 0.001588 0.002517 0.003911 0.005957 0.008891 0.013006 0.018646 0.026194 0.036057 0.048633 0.064269 0.083212 0.105552 0.131167 0.159677 0.190419 0.222438 0.254527 0.285279 0.313193 0.336784 0.354719 0.365936 0.369754 0.365936 0.354719 0.336784 0.313193 0.285279 0.254527 0.222438 0.190419 0.159677 0.131167 0.105552 0.083212 0.064269 0.048633 0.036057 0.026194 0.018646 0.013006 0.008891 0.005957 0.003911 0.002517 0.001588 0.000982 0.000595 0.000354 0.000206 0.000118 0.000066 0.000036 0.000020 0.000010 0.000005 0.000003 0.000001 0.000001 0.000000 0.000000 0.000000 0.000000 0.000000 0.000000 0.000000 0.000000 0.000000 0.000000 0.000000 0.000000 0.000000 
0.000000 0.000000 0.000000 0.000000 0.000000 0.000000 0.000000 0.000000 0.000000 0.000000 0.000000 0.000000 0.000000 0.000001 0.000001 0.000002 0.000005 0.000009 0.000018 0.000033 0.000061 0.000112 0.000199 0.000347 0.000595 0.001001 0.001649 0.002664 0.004219 0.006549 0.009965 0.014863 0.021726 0.031124 0.043694 0.060108 0.081025 0.107017 0.138490 0.175587 0.218103 0.265406 0.316392 0.369480 0.422667 0.473627 0.519874 0.558953 0.588657 0.607234 0.613557 0.607234 0.588657 0.558953 0.519874 0.473627 0.422667 0.369480 0.316392 0.265406 0.218103 0.175587 0.138490 0.107017 0.081025 0.060108 0.043694 0.031124 0.021726 0.014863 0.009965 0.006549 0.004219 0.002664 0.001649 0.001001 0.000595 0.000347 0.000199 0.000112 0.000061 0.000033 0.000018 0.000009 0.000005 0.000002 0.000001 0.000001 0.000000 0.000000 0.000000 0.000000 0.000000 0.000000 0.000000 0.000000 0.000000 0.000000 0.000000 0.000000 
0.000000 0.000000 0.000000 0.000000 0.000000 0.000000 0.000000 0.000000 0.000000 0.000000 0.000000 0.000000 0.000000 0.000001 0.000002 0.000004 0.000008 0.000015 0.000029 0.000055 0.000102 0.000184 0.000328 0.000574 0.000982 0.001649 0.002714 0.004381 0.006932 0.010753 0.016349 0.024366 0.035591 0.050951 0.071482 0.098276 0.132399 0.174778 0.226066 0.286492 0.355715 0.432700 0.515650 0.601994 0.688473 0.771313 0.846475 0.909978 0.958242 0.988424 0.998695 0.988424 0.958242 0.909978 0.846475 0.771313 0.688473 0.601994 0.515650 0.432700 0.355715 0.286492 0.226066 0.174778 0.132399 0.098276 0.071482 0.050951 0.035591 0.024366 0.016349 0.010753 0.006932 0.004381 0.002714 0.001649 0.000982 0.000574 0.000328 0.000184 0.000102 0.000055 0.000029 0.000015 0.000008 0.000004 0.000002 0.000001 0.000000 0.000000 0.000000 0.000000 0.000000 0.000000 0.000000 0.000000 0.000000 0.000000 0.000000 0.000000 
0.000000 0.000000 0.000000 0.000000 0.000000 0.000000 0.000000 0.000000 0.000000 0.000000 0.000000 0.000000 0.000001 0.000001 0.000003 0.000006 0.000013 0.000025 0.000047 0.000089 0.000165 0.000299 0.000532 0.000928 0.001588 0.002664 0.004381 0.007065 0.011169 0.017311 0.026301 0.039168 0.057173 0.081793 0.114681 0.157575 0.212171 0.279942 0.361919 0.458457 0.569003 0.691900 0.824272 0.962018 1.099945 1.232036 1.351862 1.453085 1.530008 1.578109 1.594477 1.578109 1.530008 1.453085 1.351862 1.232036 1.099945 0.962018 0.824272 0.691900 0.569003 0.458457 0.361919 0.279942 0.212171 0.157575 0.114681 0.081793 0.057173 0.039168 0.026301 0.017311 0.011169 0.007065 0.004381 0.002664 0.001588 0.000928 0.000532 0.000299 0.000165 0.000089 0.000047 0.000025 0.000013 0.000006 0.000003 0.000001 0.000001 0.000000 0.000000 0.000000 0.000000 0.000000 0.000000 0.000000 0.000000 0.000000 0.000000 0.000000 
0.000000 0.000000 0.000000 0.000000 0.000000 0.000000 0.000000 0.000000 0.000000 0.000000 0.000000 0.000001 0.000001 0.000002 0.000005 0.000010 0.000020 0.000039 0.000076 0.000142 0.000263 0.000476 0.000845 0.001473 0.002517 0.004219 0.006932 0.011169 0.017644 0.027325 0.041485 0.061737 0.090056 0.128756 0.180418 0.247761 0.333429 0.439715 0.568221 0.719487 0.892633 1.085053 1.292241 1.507778 1.723542 1.930132 2.117505 2.275764 2.396019 2.471210 2.496796 2.471210 2.396019 2.275764 2.117505 1.930132 1.723542 1.507778 1.292241 1.085053 0.892633 0.719487 0.568221 0.439715 0.333429 0.247761 0.180418 0.128756 0.090056 0.061737 0.041485 0.027325 0.017644 0.011169 0.006932 0.004219 0.002517 0.001473 0.000845 0.000476 0.000263 0.000142 0.000076 0.000039 0.000020 0.000010 0.000005 0.000002 0.000001 0.000001 0.000000 0.000000 0.000000 0.000000 0.000000 0.000000 0.000000 0.000000 0.000000 0.000000 
0.000000 0.000000 0.000000 0.000000 0.000000 0.000000 0.000000 0.000000 0.000000 0.000000 0.000000 0.000001 0.000002 0.000004 0.000008 0.000016 0.000032 0.000062 0.000118 0.000222 0.000410 0.000741 0.001316 0.002291 0.003911 0.006549 0.010753 0.017311 0.027325 0.042287 0.064154 0.095409 0.139085 0.198732 0.278313 0.381991 0.513813 0.677281 0.874835 1.107282 1.373248 1.668719 1.986765 2.317537 2.648576 2.965473 3.252841 3.495526 3.679913 3.795195 3.834421 3.795195 3.679913 3.495526 3.252841 2.965473 2.648576 2.317537 1.986765 1.668719 1.373248 1.107282 0.874835 0.677281 0.513813 0.381991 0.278313 0.198732 0.139085 0.095409 0.064154 0.042287 0.027325 0.017311 0.010753 0.006549 0.003911 0.002291 0.001316 0.000741 0.000410 0.000222 0.000118 0.000062 0.000032 0.000016 0.000008 0.000004 0.000002 0.000001 0.000000 0.000000 0.000000 0.000000 0.000000 0.000000 0.000000 0.000000 0.000000 0.000000 
0.000000 0.000000 0.000000 0.000000 0.000000 0.000000 0.000000 0.000000 0.000000 0.000000 0.000001 0.000001 0.000003 0.000006 0.000012 0.000024 0.000048 0.000094 0.000181 0.000340 0.000626 0.001132 0.002007 0.003492 0.005957 0.009965 0.016349 0.026301 0.041485 0.064154 0.097263 0.144555 0.210600 0.300744 0.420946 0.577461 0.776364 1.022904 1.320722 1.671004 2.071650 2.516593 2.995389 3.493210 3.991316 4.468048 4.900286 5.265265 5.542541 5.715887 5.774869 5.715887 5.542541 5.265265 4.900286 4.468048 3.991316 3.493210 2.995389 2.516593 2.071650 1.671004 1.320722 1.022904 0.776364 0.577461 0.420946 0.300744 0.210600 0.144555 0.097263 0.064154 0.041485 0.026301 0.016349 0.009965 0.005957 0.003492 0.002007 0.001132 0.000626 0.000340 0.000181 0.000094 0.000048 0.000024 0.000012 0.000006 0.000003 0.000001 0.000001 0.000000 0.000000 0.000000 0.000000 0.000000 0.000000 0.000000 0.000000 0.000000 
0.000000 0.000000 0.000000 0.000000 0.000000 0.000000 0.000000 0.000000 0.000000 0.000000 0.000001 0.000002 0.000004 0.000009 0.000018 0.000037 0.000073 0.000142 0.000271 0.000509 0.000938 0.001694 0.003001 0.005216 0.008891 0.014863 0.024366 0.039168 0.061737 0.095409 0.144555 0.214711 0.312628 0.446197 0.624209 0.855883 1.150160 1.514755 1.955001 2.472606 3.064426 3.721472 4.428308 5.163043 5.898035 6.601353 7.238930 7.777227 8.186134 8.441756 8.528730 8.441756 8.186134 7.777227 7.238930 6.601353 5.898035 5.163043 4.428308 3.721472 3.064426 2.472606 1.955001 1.514755 1.150160 0.855883 0.624209 0.446197 0.312628 0.214711 0.144555 0.095409 0.061737 0.039168 0.024366 0.014863 0.008891 0.005216 0.003001 0.001694 0.000938 0.000509 0.000271 0.000142 0.000073 0.000037 0.000018 0.000009 0.000004 0.000002 0.000001 0.000000 0.000000 0.000000 0.000000 0.000000 0.000000 0.000000 0.000000 0.000000 
0.000000 0.000000 0.000000 0.000000 0.000000 0.000000 0.000000 0.000000 0.000000 0.000001 0.000001 0.000003 0.000006 0.000013 0.000027 0.000054 0.000107 0.000209 0.000399 0.000748 0.001376 0.002484 0.004397 0.007636 0.013006 0.021726 0.035591 0.057173 0.090056 0.139085 0.210600 0.312628 0.454946 0.648982 0.907447 1.243666 1.670548 2.199210 2.837319 3.587283 4.444497 5.395899 6.419118 7.482468 8.545966 9.563449 10.485686 11.264223 11.855570 12.225219 12.350987 12.225219 11.855570 11.264223 10.485686 9.563449 8.545966 7.482468 6.419118 5.395899 4.444497 3.587283 2.837319 2.199210 1.670548 1.243666 0.907447 0.648982 0.454946 0.312628 0.210600 0.139085 0.090056 0.057173 0.035591 0.021726 0.013006 0.007636 0.004397 0.002484 0.001376 0.000748 0.000399 0.000209 0.000107 0.000054 0.000027 0.000013 0.000006 0.000003 0.000001 0.000001 0.000000 0.000000 0.000000 0.000000 0.000000 0.000000 0.000000 0.000000 
0.000000 0.000000 0.000000 0.000000 0.000000 0.000000 0.000000 0.000000 0.000000 0.000001 0.000002 0.000004 0.000009 0.000019 0.000039 0.000078 0.000155 0.000301 0.000575 0.001077 0.001979 0.003569 0.006314 0.010955 0.018646 0.031124 0.050951 0.081793 0.128756 0.198732 0.300744 0.446197 0.648982 0.925315 1.293228 1.771604 2.378717 3.130285 4.037111 5.102532 6.319934 7.670716 9.123089 10.632080 12.140979 13.584344 14.892409 15.996529 16.835105 17.359267 17.537599 17.359267 16.835105 15.996529 14.892409 13.584344 12.140979 10.632080 9.123089 7.670716 6.319934 5.102532 4.037111 3.130285 2.378717 1.771604 1.293228 0.925315 0.648982 0.446197 0.300744 0.198732 0.128756 0.081793 0.050951 0.031124 0.018646 0.010955 0.006314 0.003569 0.001979 0.001077 0.000575 0.000301 0.000155 0.000078 0.000039 0.000019 0.000009 0.000004 0.000002 0.000001 0.000000 0.000000 0.000000 0.000000 0.000000 0.000000 0.000000 0.000000 
0.000000 0.000000 0.000000 0.000000 0.000000 0.000000 0.000000 0.000000 0.000001 0.000001 0.000003 0.000006 0.000013 0.000027 0.000055 0.000110 0.000219 0.000425 0.000811 0.001518 0.002789 0.005025 0.008882 0.015401 0.026194 0.043694 0.071482 0.114681 0.180418 0.278313 0.420946 0.624209 0.907447 1.293228 1.806628 2.473887 3.320375 4.367879 5.631337 7.115282 8.810408 10.690748 12.712018 14.811629 16.910716 18.918312 20.737470 22.272831 23.438839 24.167627 24.415572 24.167627 23.438839 22.272831 20.737470 18.918312 16.910716 14.811629 12.712018 10.690748 8.810408 7.115282 5.631337 4.367879 3.320375 2.473887 1.806628 1.293228 0.907447 0.624209 0.420946 0.278313 0.180418 0.114681 0.071482 0.043694 0.026194 0.015401 0.008882 0.005025 0.002789 0.001518 0.000811 0.000425 0.000219 0.000110 0.000055 0.000027 0.000013 0.000006 0.000003 0.000001 0.000001 0.000000 0.000000 0.000000 0.000000 0.000000 0.000000 0.000000 
0.000000 0.000000 0.000000 0.000000 0.000000 0.000000 0.000000 0.000000 0.000001 0.000002 0.000004 0.000008 0.000018 0.000037 0.000076 0.000153 0.000303 0.000588 0.001121 0.002097 0.003849 0.006931 0.012243 0.021214 0.036057 0.060108 0.098276 0.157575 0.247761 0.381991 0.577461 0.855883 1.243666 1.771604 2.473887 3.386267 4.543280 5.974546 7.700315 9.726636 12.040679 14.606911 17.364851 20.229104 23.092134 25.829958 28.310488 30.403832 31.993471 32.986989 33.324990 32.986989 31.993471 30.403832 28.310488 25.829958 23.092134 20.229104 17.364851 14.606911 12.040679 9.726636 7.700315 5.974546 4.543280 3.386267 2.473887 1.771604 1.243666 0.855883 0.577461 0.381991 0.247761 0.157575 0.098276 0.060108 0.036057 0.021214 0.012243 0.006931 0.003849 0.002097 0.001121 0.000588 0.000303 0.000153 0.000076 0.000037 0.000018 0.000008 0.000004 0.000002 0.000001 0.000000 0.000000 0.000000 0.000000 0.000000 0.000000 0.000000 
0.000000 0.000000 0.000000 0.000000 0.000000 0.000000 0.000000 0.000000 0.000001 0.000002 0.000005 0.000011 0.000024 0.000050 0.000103 0.000208 0.000411 0.000797 0.001519 0.002838 0.005205 0.009366 0.016534 0.028631 0.048633 0.081025 0.132399 0.212171 0.333429 0.513813 0.776364 1.150160 1.670548 2.378717 3.320375 4.543280 6.093531 8.010612 10.321449 13.033960 16.130820 19.564369 23.253630 27.084376 30.912850 34.573375 37.889499 40.687743 42.812514 44.140425 44.592179 44.140425 42.812514 40.687743 37.889499 34.573375 30.912850 27.084376 23.253630 19.564369 16.130820 13.033960 10.321449 8.010612 6.093531 4.543280 3.320375 2.378717 1.670548 1.150160 0.776364 0.513813 0.333429 0.212171 0.132399 0.081025 0.048633 0.028631 0.016534 0.009366 0.005205 0.002838 0.001519 0.000797 0.000411 0.000208 0.000103 0.000050 0.000024 0.000011 0.000005 0.000002 0.000001 0.000000 0.000000 0.000000 0.000000 0.000000 0.000000 0.000000 
0.000000 0.000000 0.000000 0.000000 0.000000 0.000000 0.000000 0.000001 0.000001 0.000003 0.000007 0.000015 0.000032 0.000067 0.000137 0.000276 0.000546 0.001058 0.002014 0.003762 0.006896 0.012400 0.021875 0.037858 0.064269 0.107017 0.174778 0.279942 0.439715 0.677281 1.022904 1.514755 2.199210 3.130285 4.367879 5.974546 8.010612 10.527688 13.560888 17.120381 21.183251 25.686837 30.524865 35.547544 40.566464 45.364576 49.710775 53.377900 56.162248 57.902296 58.494244 57.902296 56.162248 53.377900 49.710775 45.364576 40.566464 35.547544 30.524865 25.686837 21.183251 17.120381 13.560888 10.527688 8.010612 5.974546 4.367879 3.130285 2.199210 1.514755 1.022904 0.677281 0.439715 0.279942 0.174778 0.107017 0.064269 0.037858 0.021875 0.012400 0.006896 0.003762 0.002014 0.001058 0.000546 0.000276 0.000137 0.000067 0.000032 0.000015 0.000007 0.000003 0.000001 0.000001 0.000000 0.000000 0.000000 0.000000 0.000000 0.000000 
0.000000 0.000000 0.000000 0.000000 0.000000 0.000000 0.000000 0.000001 0.000002 0.000004 0.000009 0.000020 0.000042 0.000087 0.000179 0.000359 0.000710 0.001376 0.002617 0.004885 0.008948 0.016081 0.028354 0.049043 0.083212 0.138490 0.226066 0.361919 0.568221 0.874835 1.320722 1.955001 2.837319 4.037111 5.631337 7.700315 10.321449 13.560888 17.463533 22.042208 27.267213 33.057811 39.277278 45.733061 52.183087 58.348582 63.932803 68.644128 72.221087 74.456377 75.216786 74.456377 72.221087 68.644128 63.932803 58.348582 52.183087 45.733061 39.277278 33.057811 27.267213 22.042208 17.463533 13.560888 10.321449 7.700315 5.631337 4.037111 2.837319 1.955001 1.320722 0.874835 0.568221 0.361919 0.226066 0.138490 0.083212 0.049043 0.028354 0.016081 0.008948 0.004885 0.002617 0.001376 0.000710 0.000359 0.000179 0.000087 0.000042 0.000020 0.000009 0.000004 0.000002 0.000001 0.000000 0.000000 0.000000 0.000000 0.000000 0.000000 
0.000000 0.000000 0.000000 0.000000 0.000000 0.000000 0.000000 0.000001 0.000002 0.000005 0.000012 0.000025 0.000053 0.000111 0.000228 0.000458 0.000904 0.001752 0.003330 0.006213 0.011374 0.020430 0.036002 0.062240 0.105552 0.175587 0.286492 0.458457 0.719487 1.107282 1.671004 2.472606 3.587283 5.102532 7.115282 9.726636 13.033960 17.120381 22.042208 27.815305 34.401975 41.700257 49.537740 57.671787 65.797507 73.563894 80.597411 86.531037 91.035743 93.850687 94.808268 93.850687 91.035743 86.531037 80.597411 73.563894 65.797507 57.671787 49.537740 41.700257 34.401975 27.815305 22.042208 17.120381 13.033960 9.726636 7.115282 5.102532 3.587283 2.472606 1.671004 1.107282 0.719487 0.458457 0.286492 0.175587 0.105552 0.062240 0.036002 0.020430 0.011374 0.006213 0.003330 0.001752 0.000904 0.000458 0.000228 0.000111 0.000053 0.000025 0.000012 0.000005 0.000002 0.000001 0.000000 0.000000 0.000000 0.000000 0.000000 0.000000 
0.000000 0.000000 0.000000 0.000000 0.000000 0.000000 0.000001 0.000001 0.000003 0.000007 0.000015 0.000031 0.000067 0.000139 0.000285 0.000572 0.001128 0.002184 0.004151 0.007740 0.014161 0.025423 0.044779 0.077378 0.131167 0.218103 0.355715 0.569003 0.892633 1.373248 2.071650 3.064426 4.444497 6.319934 8.810408 12.040679 16.130820 21.183251 27.267213 34.401975 42.540660 51.557078 61.238133 71.284124 81.318616 90.908371 99.592446 106.918010 112.479162 115.954149 117.136240 115.954149 112.479162 106.918010 99.592446 90.908371 81.318616 71.284124 61.238133 51.557078 42.540660 34.401975 27.267213 21.183251 16.130820 12.040679 8.810408 6.319934 4.444497 3.064426 2.071650 1.373248 0.892633 0.569003 0.355715 0.218103 0.131167 0.077378 0.044779 0.025423 0.014161 0.007740 0.004151 0.002184 0.001128 0.000572 0.000285 0.000139 0.000067 0.000031 0.000015 0.000007 0.000003 0.000001 0.000001 0.000000 0.000000 0.000000 0.000000 0.000000 
0.000000 0.000000 0.000000 0.000000 0.000000 0.000000 0.000001 0.000002 0.000004 0.000008 0.000018 0.000038 0.000082 0.000170 0.000348 0.000699 0.001379 0.002668 0.005066 0.009442 0.017268 0.030988 0.054557 0.094235 0.159677 0.265406 0.432700 0.691900 1.085053 1.668719 2.516593 3.721472 5.395899 7.670716 10.690748 14.606911 19.564369 25.686837 33.057811 41.700257 51.557078 62.475226 74.196546 86.358192 98.504587 110.111554 120.621507 129.486758 136.216438 140.421468 141.851877 140.421468 136.216438 129.486758 120.621507 110.111554 98.504587 86.358192 74.196546 62.475226 51.557078 41.700257 33.057811 25.686837 19.564369 14.606911 10.690748 7.670716 5.395899 3.721472 2.516593 1.668719 1.085053 0.691900 0.432700 0.265406 0.159677 0.094235 0.054557 0.030988 0.017268 0.009442 0.005066 0.002668 0.001379 0.000699 0.000348 0.000170 0.000082 0.000038 0.000018 0.000008 0.000004 0.000002 0.000001 0.000000 0.000000 0.000000 0.000000 0.000000 
0.000000 0.000000 0.000000 0.000000 0.000000 0.000000 0.000001 0.000002 0.000004 0.000010 0.000021 0.000046 0.000098 0.000204 0.000417 0.000837 0.001649 0.003190 0.006056 0.011282 0.020624 0.036995 0.065109 0.112418 0.190419 0.316392 0.515650 0.824272 1.292241 1.986765 2.995389 4.428308 6.419118 9.123089 12.712018 17.364851 23.253630 30.524865 39.277278 49.537740 61.238133 74.196546 88.106469 102.537319 116.948659 130.718828 143.186655 153.702804 161.685356 166.673102 168.369741 166.673102 161.685356 153.702804 143.186655 130.718828 116.948659 102.537319 88.106469 74.196546 61.238133 49.537740 39.277278 30.524865 23.253630 17.364851 12.712018 9.123089 6.419118 4.428308 2.995389 1.986765 1.292241 0.824272 0.515650 0.316392 0.190419 0.112418 0.065109 0.036995 0.020624 0.011282 0.006056 0.003190 0.001649 0.000837 0.000417 0.000204 0.000098 0.000046 0.000021 0.000010 0.000004 0.000002 0.000001 0.000000 0.000000 0.000000 0.000000 0.000000 
0.000000 0.000000 0.000000 0.000000 0.000000 0.000000 0.000001 0.000002 0.000005 0.000011 0.000025 0.000054 0.000115 0.000239 0.000489 0.000981 0.001932 0.003736 0.007089 0.013202 0.024125 0.043259 0.076107 0.131364 0.222438 0.369480 0.601994 0.962018 1.507778 2.317537 3.493210 5.163043 7.482468 10.632080 14.811629 20.229104 27.084376 35.547544 45.733061 57.671787 71.284124 86.358192 102.537319 119.320695 136.079932 152.092347 166.589459 178.816629 188.097630 193.896543 195.869086 193.896543 188.097630 178.816629 166.589459 152.092347 136.079932 119.320695 102.537319 86.358192 71.284124 57.671787 45.733061 35.547544 27.084376 20.229104 14.811629 10.632080 7.482468 5.163043 3.493210 2.317537 1.507778 0.962018 0.601994 0.369480 0.222438 0.131364 0.076107 0.043259 0.024125 0.013202 0.007089 0.003736 0.001932 0.000981 0.000489 0.000239 0.000115 0.000054 0.000025 0.000011 0.000005 0.000002 0.000001 0.000000 0.000000 0.000000 0.000000 0.000000 
