0.000000 0.000000 0.000000 0.000000 0.000000 0.000000 0.000000 0.000000 0.000000 0.000000 0.000000 0.000000 0.000000 0.000000 0.000000 0.000000 0.000000 0.000000 0.000000 0.000000 0.000000 0.000000 0.000000 0.000000 0.000000 0.000000 0.000000 0.000000 0.000000 0.000000 0.000000 0.000000 0.000000 0.000000 0.000000 0.000000 0.000000 0.000000 0.000000 0.000000 0.000000 0.000000 0.000000 0.000000 0.000000 0.000000 0.000000 0.000000 0.000000 0.000000 0.000000 0.000000 0.000000 0.000000 0.000000 0.000000 0.000000 0.000000 0.000000 0.000000 0.000000 0.000000 0.000000 0.000000 0.000000 0.000000 0.000000 0.000000 0.000000 0.000000 0.000000 0.000000 0.000000 0.000000 0.000000 0.000000 0.000000 0.000000 0.000000 0.000000 0.000000 0.000000 0.000000 0.000000 0.000000 0.000000 0.000000 0.000000 0.000000 0.000000 0.000000 0.000000 0.000000 0.000000 0.000000 0.000000 0.000000 0.000000 0.000000 0.000000 
0.000000 0.000000 0.000000 0.000000 0.000000 0.000000 0.000000 0.000000 0.000000 0.000000 0.000000 0.000000 0.000000 0.000000 0.000000 0.000000 0.000000 0.000000 0.000000 0.000000 0.000000 0.000000 0.000000 0.000000 0.000000 0.000000 0.000000 0.000000 0.000001 0.000001 0.000001 0.000001 0.000002 0.000002 0.000003 0.000003 0.000004 0.000005 0.000006 0.000007 0.000008 0.000009 0.000010 0.000011 0.000012 0.000013 0.000014 0.000015 0.000016 0.000016 0.000016 0.000016 0.000016 0.000015 0.000014 0.000013 0.000012 0.000011 0.000010 0.000009 0.000008 0.000007 0.000006 0.000005 0.000004 0.000003 0.000003 0.000002 0.000002 0.000001 0.000001 0.000001 0.000001 0.000000 0.000000 0.000000 0.000000 0.000000 0.000000 0.000000 0.000000 0.000000 0.000000 0.000000 0.000000 0.000000 0.000000 0.000000 0.000000 0.000000 0.000000 0.000000 0.000000 0.000000 0.000000 0.000000 0.000000 0.000000 0.000000 0.000000 
0.000000 0.000000 0.000000 0.000000 0.000000 0.000000 0.000000 0.000000 0.000000 0.000000 0.000000 0.000000 0.000000 0.000000 0.000000 0.000000 0.000000 0.000000 0.000000 0.000000 0.000000 0.000000 0.000000 0.000000 0.000000 0.000000 0.000001 0.000001 0.000001 0.000002 0.000002 0.000003 0.000004 0.000005 0.000006 0.000008 0.000010 0.000012 0.000014 0.000016 0.000019 0.000022 0.000025 0.000027 0.000030 0.000032 0.000035 0.000036 0.000038 0.000038 0.000039 0.000038 0.000038 0.000036 0.000035 0.000032 0.000030 0.000027 0.000025 0.000022 0.000019 0.000016 0.000014 0.000012 0.000010 0.000008 0.000006 0.000005 0.000004 0.000003 0.000002 0.000002 0.000001 0.000001 0.000001 0.000000 0.000000 0.000000 0.000000 0.000000 0.000000 0.000000 0.000000 0.000000 0.000000 0.000000 0.000000 0.000000 0.000000 0.000000 0.000000 0.000000 0.000000 0.000000 0.000000 0.000000 0.000000 0.000000 0.000000 0.000000 
0.000000 0.000000 0.000000 0.000000 0.000000 0.000000 0.000000 0.000000 0.000000 0.000000 0.000000 0.000000 0.000000 0.000000 0.000000 0.000000 0.000000 0.000000 0.000000 0.000000 0.000000 0.000000 0.000000 0.000000 0.000001 0.000001 0.000001 0.000002 0.000003 0.000003 0.000005 0.000006 0.000008 0.000010 0.000013 0.000016 0.000019 0.000023 0.000028 0.000033 0.000038 0.000043 0.000049 0.000054 0.000059 0.000064 0.000068 0.000072 0.000075 0.000076 0.000077 0.000076 0.000075 0.000072 0.000068 0.000064 0.000059 0.000054 0.000049 0.000043 0.000038 0.000033 0.000028 0.000023 0.000019 0.000016 0.000013 0.000010 0.000008 0.000006 0.000005 0.000003 0.000003 0.000002 0.000001 0.000001 0.000001 0.000000 0.000000 0.000000 0.000000 0.000000 0.000000 0.000000 0.000000 0.000000 0.000000 0.000000 0.000000 0.000000 0.000000 0.000000 0.000000 0.000000 0.000000 0.000000 0.000000 0.000000 0.000000 0.000000 
0.000000 0.000000 0.000000 0.000000 0.000000 0.000000 0.000000 0.000000 0.000000 0.000000 0.000000 0.000000 0.000000 0.000000 0.000000 0.000000 0.000000 0.000000 0.000000 0.000000 0.000000 0.000000 0.000001 0.000001 0.000001 0.000002 0.000003 0.000003 0.000005 0.000006 0.000009 0.000011 0.000015 0.000019 0.000024 0.000029 0.000036 0.000044 0.000052 0.000061 0.000071 0.000081 0.000092 0.000102 0.000112 0.000121 0.000129 0.000135 0.000140 0.000143 0.000144 0.000143 0.000140 0.000135 0.000129 0.000121 0.000112 0.000102 0.000092 0.000081 0.000071 0.000061 0.000052 0.000044 0.000036 0.000029 0.000024 0.000019 0.000015 0.000011 0.000009 0.000006 0.000005 0.000003 0.000003 0.000002 0.000001 0.000001 0.000001 0.000000 0.000000 0.000000 0.000000 0.000000 0.000000 0.000000 0.000000 0.000000 0.000000 0.000000 0.000000 0.000000 0.000000 0.000000 0.000000 0.000000 0.000000 0.000000 0.000000 0.000000 
0.000000 0.000000 0.000000 0.000000 0.000000 0.000000 0.000000 0.000000 0.000000 0.000000 0.000000 0.000000 0.000000 0.000000 0.000000 0.000000 0.000000 0.000000 0.000000 0.000000 0.000000 0.000001 0.000001 0.000002 0.000002 0.000003 0.000005 0.000006 0.000009 0.000012 0.000016 0.000021 0.000027 0.000035 0.000044 0.000054 0.000067 0.000081 0.000096 0.000113 0.000131 0.000150 0.000169 0.000188 0.000206 0.000222 0.000237 0.000249 0.000258 0.000263 0.000265 0.000263 0.000258 0.000249 0.000237 0.000222 0.000206 0.000188 0.000169 0.000150 0.000131 0.000113 0.000096 0.000081 0.000067 0.000054 0.000044 0.000035 0.000027 0.000021 0.000016 0.000012 0.000009 0.000006 0.000005 0.000003 0.000002 0.000002 0.000001 0.000001 0.000000 0.000000 0.000000 0.000000 0.000000 0.000000 0.000000 0.000000 0.000000 0.000000 0.000000 0.000000 0.000000 0.000000 0.000000 0.000000 0.000000 0.000000 0.000000 0.000000 
0.000000 0.000000 0.000000 0.000000 0.000000 0.000000 0.000000 0.000000 0.000000 0.000000 0.000000 0.000000 0.000000 0.000000 0.000000 0.000000 0.000000 0.000000 0.000000 0.000001 0.000001 0.000001 0.000002 0.000003 0.000004 0.000006 0.000008 0.000012 0.000016 0.000022 0.000029 0.000038 0.000049 0.000063 0.000079 0.000098 0.000121 0.000146 0.000174 0.000205 0.000237 0.000271 0.000305 0.000339 0.000372 0.000402 0.000428 0.000450 0.000466 0.000476 0.000479 0.000476 0.000466 0.000450 0.000428 0.000402 0.000372 0.000339 0.000305 0.000271 0.000237 0.000205 0.000174 0.000146 0.000121 0.000098 0.000079 0.000063 0.000049 0.000038 0.000029 0.000022 0.000016 0.000012 0.000008 0.000006 0.000004 0.000003 0.000002 0.000001 0.000001 0.000001 0.000000 0.000000 0.000000 0.000000 0.000000 0.000000 0.000000 0.000000 0.000000 0.000000 0.000000 0.000000 0.000000 0.000000 0.000000 0.000000 0.000000 0.000000 
0.000000 0.000000 0.000000 0.000000 0.000000 0.000000 0.000000 0.000000 0.000000 0.000000 0.000000 0.000000 0.000000 0.000000 0.000000 0.000000 0.000000 0.000000 0.000001 0.000001 0.000002 0.000002 0.000004 0.000005 0.000008 0.000011 0.000015 0.000021 0.000029 0.000039 0.000052 0.000068 0.000088 0.000112 0.000142 0.000176 0.000216 0.000261 0.000311 0.000365 0.000424 0.000484 0.000545 0.000606 0.000664 0.000717 0.000764 0.000803 0.000832 0.000849 0.000855 0.000849 0.000832 0.000803 0.000764 0.000717 0.000664 0.000606 0.000545 0.000484 0.000424 0.000365 0.000311 0.000261 0.000216 0.000176 0.000142 0.000112 0.000088 0.000068 0.000052 0.000039 0.000029 0.000021 0.000015 0.000011 0.000008 0.000005 0.000004 0.000002 0.000002 0.000001 0.000001 0.000000 0.000000 0.000000 0.000000 0.000000 0.000000 0.000000 0.000000 0.000000 0.000000 0.000000 0.000000 0.000000 0.000000 0.000000 0.000000 0.000000 
0.000000 0.000000 0.000000 0.000000 0.000000 0.000000 0.000000 0.000000 0.000000 0.000000 0.000000 0.000000 0.000000 0.000000 0.000000 0.000000 0.000000 0.000001 0.000001 0.000002 0.000003 0.000004 0.000006 0.000009 0.000013 0.000019 0.000027 0.000037 0.000051 0.000069 0.000091 0.000120 0.000156 0.000199 0.000250 0.000311 0.000381 0.000461 0.000549 0.000645 0.000747 0.000854 0.000962 0.001068 0.001170 0.001264 0.001347 0.001415 0.001465 0.001496 0.001507 0.001496 0.001465 0.001415 0.001347 0.001264 0.001170 0.001068 0.000962 0.000854 0.000747 0.000645 0.000549 0.000461 0.000381 0.000311 0.000250 0.000199 0.000156 0.000120 0.000091 0.000069 0.000051 0.000037 0.000027 0.000019 0.000013 0.000009 0.000006 0.000004 0.000003 0.000002 0.000001 0.000001 0.000000 0.000000 0.000000 0.000000 0.000000 0.000000 0.000000 0.000000 0.000000 0.000000 0.000000 0.000000 0.000000 0.000000 0.000000 0.000000 
0.000000 0.000000 0.000000 0.000000 0.000000 0.000000 0.000000 0.000000 0.000000 0.000000 0.000000 0.000000 0.000000 0.000000 0.000000 0.000001 0.000001 0.000001 0.000002 0.000003 0.000005 0.000007 0.000011 0.000016 0.000023 0.000033 0.000047 0.000065 0.000089 0.000120 0.000160 0.000210 0.000272 0.000347 0.000437 0.000542 0.000664 0.000802 0.000956 0.001123 0.001301 0.001486 0.001674 0.001859 0.002036 0.002200 0.002343 0.002461 0.002549 0.002603 0.002621 0.002603 0.002549 0.002461 0.002343 0.002200 0.002036 0.001859 0.001674 0.001486 0.001301 0.001123 0.000956 0.000802 0.000664 0.000542 0.000437 0.000347 0.000272 0.000210 0.000160 0.000120 0.000089 0.000065 0.000047 0.000033 0.000023 0.000016 0.000011 0.000007 0.000005 0.000003 0.000002 0.000001 0.000001 0.000001 0.000000 0.000000 0.000000 0.000000 0.000000 0.000000 0.000000 0.000000 0.000000 0.000000 0.000000 0.000000 0.000000 0.000000 
0.000000 0.000000 0.000000 0.000000 0.000000 0.000000 0.000000 0.000000 0.000000 0.000000 0.000000 0.000000 0.000000 0.000000 0.000001 0.000001 0.000001 0.000002 0.000004 0.000006 0.000009 0.000013 0.000019 0.000028 0.000040 0.000058 0.000081 0.000112 0.000153 0.000207 0.000275 0.000361 0.000468 0.000597 0.000752 0.000933 0.001143 0.001380 0.001643 0.001930 0.002235 0.002553 0.002875 0.003194 0.003498 0.003778 0.004023 0.004225 0.004376 0.004469 0.004500 0.004469 0.004376 0.004225 0.004023 0.003778 0.003498 0.003194 0.002875 0.002553 0.002235 0.001930 0.001643 0.001380 0.001143 0.000933 0.000752 0.000597 0.000468 0.000361 0.000275 0.000207 0.000153 0.000112 0.000081 0.000058 0.000040 0.000028 0.000019 0.000013 0.000009 0.000006 0.000004 0.000002 0.000001 0.000001 0.000001 0.000000 0.000000 0.000000 0.000000 0.000000 0.000000 0.000000 0.000000 0.000000 0.000000 0.000000 0.000000 0.000000 
0.000000 0.000000 0.000000 0.000000 0.000000 0.000000 0.000000 0.000000 0.000000 0.000000 0.000000 0.000000 0.000000 0.000001 0.000001 0.000002 0.000002 0.000004 0.000006 0.000010 0.000015 0.000022 0.000033 0.000048 0.000069 0.000098 0.000138 0.000191 0.000261 0.000352 0.000469 0.000615 0.000795 0.001015 0.001277 0.001585 0.001941 0.002343 0.002789 0.003275 0.003792 0.004331 0.004877 0.005416 0.005931 0.006405 0.006821 0.007163 0.007418 0.007575 0.007628 0.007575 0.007418 0.007163 0.006821 0.006405 0.005931 0.005416 0.004877 0.004331 0.003792 0.003275 0.002789 0.002343 0.001941 0.001585 0.001277 0.001015 0.000795 0.000615 0.000469 0.000352 0.000261 0.000191 0.000138 0.000098 0.000069 0.000048 0.000033 0.000022 0.000015 0.000010 0.000006 0.000004 0.000002 0.000002 0.000001 0.000001 0.000000 0.000000 0.000000 0.000000 0.000000 0.000000 0.000000 0.000000 0.000000 0.000000 0.000000 0.000000 
0.000000 0.000000 0.000000 0.000000 0.000000 0.000000 0.000000 0.000000 0.000000 0.000000 0.000000 0.000000 0.000001 0.000001 0.000002 0.000003 0.000004 0.000007 0.000010 0.000016 0.000025 0.000037 0.000055 0.000080 0.000116 0.000165 0.000232 0.000321 0.000439 0.000592 0.000787 0.001032 0.001335 0.001703 0.002142 0.002658 0.003253 0.003926 0.004674 0.005486 0.006352 0.007252 0.008165 0.009066 0.009927 0.010719 0.011414 0.011986 0.012412 0.012675 0.012763 0.012675 0.012412 0.011986 0.011414 0.010719 0.009927 0.009066 0.008165 0.007252 0.006352 0.005486 0.004674 0.003926 0.003253 0.002658 0.002142 0.001703 0.001335 0.001032 0.000787 0.000592 0.000439 0.000321 0.000232 0.000165 0.000116 0.000080 0.000055 0.000037 0.000025 0.000016 0.000010 0.000007 0.000004 0.000003 0.000002 0.000001 0.000001 0.000000 0.000000 0.000000 0.000000 0.000000 0.000000 0.000000 0.000000 0.000000 0.000000 0.000000 
0.000000 0.000000 0.000000 0.000000 0.000000 0.000000 0.000000 0.000000 0.000000 0.000000 0.000000 0.000001 0.000001 0.000002 0.000003 0.000004 0.000007 0.000011 0.000017 0.000027 0.000041 0.000062 0.000091 0.000134 0.000193 0.000274 0.000385 0.000533 0.000729 0.000982 0.001305 0.001710 0.002211 0.002820 0.003546 0.004399 0.005383 0.006495 0.007730 0.009072 0.010501 0.011987 0.013494 0.014981 0.016402 0.017709 0.018856 0.019799 0.020501 0.020935 0.021081 0.020935 0.020501 0.019799 0.018856 0.017709 0.016402 0.014981 0.013494 0.011987 0.010501 0.009072 0.007730 0.006495 0.005383 0.004399 0.003546 0.002820 0.002211 0.001710 0.001305 0.000982 0.000729 0.000533 0.000385 0.000274 0.000193 0.000134 0.000091 0.000062 0.000041 0.000027 0.000017 0.000011 0.000007 0.000004 0.000003 0.000002 0.000001 0.000001 0.000000 0.000000 0.000000 0.000000 0.000000 0.000000 0.000000 0.000000 0.000000 0.000000 
0.000000 0.000000 0.000000 0.000000 0.000000 0.000000 0.000000 0.000000 0.000000 0.000000 0.000001 0.000001 0.000002 0.000003 0.000004 0.000007 0.000012 0.000018 0.000029 0.000044 0.000067 0.000101 0.000150 0.000219 0.000316 0.000450 0.000631 0.000874 0.001193 0.001607 0.002135 0.002797 0.003615 0.004609 0.005796 0.007187 0.008791 0.010606 0.012619 0.014807 0.017136 0.019557 0.022013 0.024435 0.026750 0.028879 0.030747 0.032283 0.033427 0.034132 0.034371 0.034132 0.033427 0.032283 0.030747 0.028879 0.026750 0.024435 0.022013 0.019557 0.017136 0.014807 0.012619 0.010606 0.008791 0.007187 0.005796 0.004609 0.003615 0.002797 0.002135 0.001607 0.001193 0.000874 0.000631 0.000450 0.000316 0.000219 0.000150 0.000101 0.000067 0.000044 0.000029 0.000018 0.000012 0.000007 0.000004 0.000003 0.000002 0.000001 0.000001 0.000000 0.000000 0.000000 0.000000 0.000000 0.000000 0.000000 0.000000 0.000000 
0.000000 0.000000 0.000000 0.000000 0.000000 0.000000 0.000000 0.000000 0.000000 0.000001 0.000001 0.000002 0.000003 0.000004 0.000007 0.000012 0.000019 0.000030 0.000047 0.000072 0.000109 0.000164 0.000243 0.000355 0.000512 0.000728 0.001021 0.001413 0.001928 0.002596 0.003447 0.004516 0.005835 0.007436 0.009348 0.011590 0.014173 0.017094 0.020333 0.023855 0.027601 0.031496 0.035446 0.039342 0.043063 0.046486 0.049488 0.051957 0.053796 0.054931 0.055314 0.054931 0.053796 0.051957 0.049488 0.046486 0.043063 0.039342 0.035446 0.031496 0.027601 0.023855 0.020333 0.017094 0.014173 0.011590 0.009348 0.007436 0.005835 0.004516 0.003447 0.002596 0.001928 0.001413 0.001021 0.000728 0.000512 0.000355 0.000243 0.000164 0.000109 0.000072 0.000047 0.000030 0.000019 0.000012 0.000007 0.000004 0.000003 0.000002 0.000001 0.000001 0.000000 0.000000 0.000000 0.000000 0.000000 0.000000 0.000000 0.000000 
0.000000 0.000000 0.000000 0.000000 0.000000 0.000000 0.000000 0.000000 0.000000 0.000001 0.000001 0.000002 0.000004 0.000007 0.000012 0.000019 0.000030 0.000048 0.000075 0.000115 0.000175 0.000263 0.000389 0.000568 0.000818 0.001162 0.001630 0.002254 0.003075 0.004139 0.005495 0.007195 0.009294 0.011842 0.014881 0.018446 0.022551 0.027192 0.032339 0.037932 0.043881 0.050066 0.056336 0.062519 0.068425 0.073858 0.078622 0.082539 0.085457 0.087257 0.087865 0.087257 0.085457 0.082539 0.078622 0.073858 0.068425 0.062519 0.056336 0.050066 0.043881 0.037932 0.032339 0.027192 0.022551 0.018446 0.014881 0.011842 0.009294 0.007195 0.005495 0.004139 0.003075 0.002254 0.001630 0.001162 0.000818 0.000568 0.000389 0.000263 0.000175 0.000115 0.000075 0.000048 0.000030 0.000019 0.000012 0.000007 0.000004 0.000002 0.000001 0.000001 0.000000 0.000000 0.000000 0.000000 0.000000 0.000000 0.000000 0.000000 
0.000000 0.000000 0.000000 0.000000 0.000000 0.000000 0.000000 0.000000 0.000001 0.000001 0.000002 0.000004 0.000007 0.000011 0.000018 0.000030 0.000048 0.000076 0.000118 0.000182 0.000277 0.000415 0.000614 0.000896 0.001290 0.001832 0.002567 0.003549 0.004841 0.006513 0.008643 0.011315 0.014611 0.018610 0.023381 0.028974 0.035414 0.042693 0.050763 0.059531 0.068856 0.078549 0.088374 0.098061 0.107313 0.115822 0.123284 0.129420 0.133988 0.136807 0.137760 0.136807 0.133988 0.129420 0.123284 0.115822 0.107313 0.098061 0.088374 0.078549 0.068856 0.059531 0.050763 0.042693 0.035414 0.028974 0.023381 0.018610 0.014611 0.011315 0.008643 0.006513 0.004841 0.003549 0.002567 0.001832 0.001290 0.000896 0.000614 0.000415 0.000277 0.000182 0.000118 0.000076 0.000048 0.000030 0.000018 0.000011 0.000007 0.000004 0.000002 0.000001 0.000001 0.000000 0.000000 0.000000 0.000000 0.000000 0.000000 0.000000 
0.000000 0.000000 0.000000 0.000000 0.000000 0.000000 0.000000 0.000001 0.000001 0.000002 0.000004 0.000006 0.000010 0.000017 0.000029 0.000047 0.000075 0.000118 0.000184 0.000284 0.000431 0.000646 0.000956 0.001394 0.002006 0.002849 0.003991 0.005516 0.007520 0.010114 0.013418 0.017560 0.022669 0.028866 0.036256 0.044917 0.054888 0.066155 0.078645 0.092212 0.106638 0.121630 0.136825 0.151805 0.166111 0.179266 0.190801 0.200286 0.207348 0.211704 0.213177 0.211704 0.207348 0.200286 0.190801 0.179266 0.166111 0.151805 0.136825 0.121630 0.106638 0.092212 0.078645 0.066155 0.054888 0.044917 0.036256 0.028866 0.022669 0.017560 0.013418 0.010114 0.007520 0.005516 0.003991 0.002849 0.002006 0.001394 0.000956 0.000646 0.000431 0.000284 0.000184 0.000118 0.000075 0.000047 0.000029 0.000017 0.000010 0.000006 0.000004 0.000002 0.000001 0.000001 0.000000 0.000000 0.000000 0.000000 0.000000 0.000000 
0.000000 0.000000 0.000000 0.000000 0.000000 0.000000 0.000001 0.000001 0.000002 0.000003 0.000006 0.000010 0.000016 0.000027 0.000044 0.000072 0.000115 0.000182 0.000284 0.000437 0.000663 0.000993 0.001468 0.002141 0.003081 0.004373 0.006123 0.008459 0.011529 0.015500 0.020558 0.026895 0.034710 0.044186 0.055484 0.068722 0.083958 0.101171 0.120248 0.140967 0.162994 0.185881 0.209075 0.231938 0.253769 0.273842 0.291444 0.305913 0.316688 0.323334 0.325580 0.323334 0.316688 0.305913 0.291444 0.273842 0.253769 0.231938 0.209075 0.185881 0.162994 0.140967 0.120248 0.101171 0.083958 0.068722 0.055484 0.044186 0.034710 0.026895 0.020558 0.015500 0.011529 0.008459 0.006123 0.004373 0.003081 0.002141 0.001468 0.000993 0.000663 0.000437 0.000284 0.000182 0.000115 0.000072 0.000044 0.000027 0.000016 0.000010 0.000006 0.000003 0.000002 0.000001 0.000001 0.000000 0.000000 0.000000 0.000000 0.000000 
0.000000 0.000000 0.000000 0.000000 0.000000 0.000000 0.000001 0.000002 0.000003 0.000005 0.000009 0.000015 0.000025 0.000041 0.000067 0.000109 0.000175 0.000277 0.000431 0.000663 0.001006 0.001507 0.002226 0.003245 0.004667 0.006622 0.009270 0.012802 0.017442 0.023442 0.031081 0.040651 0.052447 0.066748 0.083795 0.103763 0.126740 0.152693 0.181450 0.212678 0.245871 0.280355 0.315297 0.349736 0.382617 0.412848 0.439354 0.461143 0.477366 0.487373 0.490755 0.487373 0.477366 0.461143 0.439354 0.412848 0.382617 0.349736 0.315297 0.280355 0.245871 0.212678 0.181450 0.152693 0.126740 0.103763 0.083795 0.066748 0.052447 0.040651 0.031081 0.023442 0.017442 0.012802 0.009270 0.006622 0.004667 0.003245 0.002226 0.001507 0.001006 0.000663 0.000431 0.000277 0.000175 0.000109 0.000067 0.000041 0.000025 0.000015 0.000009 0.000005 0.000003 0.000002 0.000001 0.000000 0.000000 0.000000 0.000000 0.000000 
0.000000 0.000000 0.000000 0.000000 0.000000 0.000001 0.000001 0.000002 0.000004 0.000007 0.000013 0.000022 0.000037 0.000062 0.000101 0.000164 0.000263 0.000415 0.000646 0.000993 0.001507 0.002255 0.003331 0.004853 0.006977 0.009896 0.013848 0.019118 0.026038 0.034985 0.046371 0.060632 0.078205 0.099505 0.124886 0.154612 0.188808 0.227427 0.270210 0.316659 0.366024 0.417302 0.469254 0.520451 0.569329 0.614262 0.653656 0.686038 0.710147 0.725018 0.730044 0.725018 0.710147 0.686038 0.653656 0.614262 0.569329 0.520451 0.469254 0.417302 0.366024 0.316659 0.270210 0.227427 0.188808 0.154612 0.124886 0.099505 0.078205 0.060632 0.046371 0.034985 0.026038 0.019118 0.013848 0.009896 0.006977 0.004853 0.003331 0.002255 0.001507 0.000993 0.000646 0.000415 0.000263 0.000164 0.000101 0.000062 0.000037 0.000022 0.000013 0.000007 0.000004 0.000002 0.000001 0.000001 0.000000 0.000000 0.000000 0.000000 
0.000000 0.000000 0.000000 0.000000 0.000001 0.000001 0.000002 0.000004 0.000006 0.000011 0.000019 0.000033 0.000055 0.000091 0.000150 0.000243 0.000389 0.000614 0.000956 0.001468 0.002226 0.003331 0.004917 0.007162 0.010292 0.014593 0.020413 0.028172 0.038357 0.051521 0.068269 0.089240 0.115076 0.146380 0.183676 0.227345 0.277571 0.334281 0.397095 0.465280 0.537734 0.612984 0.689216 0.764330 0.836034 0.901945 0.959728 1.007222 1.042582 1.064392 1.071763 1.064392 1.042582 1.007222 0.959728 0.901945 0.836034 0.764330 0.689216 0.612984 0.537734 0.465280 0.397095 0.334281 0.277571 0.227345 0.183676 0.146380 0.115076 0.089240 0.068269 0.051521 0.038357 0.028172 0.020413 0.014593 0.010292 0.007162 0.004917 0.003331 0.002226 0.001468 0.000956 0.000614 0.000389 0.000243 0.000150 0.000091 0.000055 0.000033 0.000019 0.000011 0.000006 0.000004 0.000002 0.000001 0.000001 0.000000 0.000000 0.000000 
0.000000 0.000000 0.000000 0.000000 0.000001 0.000002 0.000003 0.000005 0.000009 0.000016 0.000028 0.000048 0.000080 0.000134 0.000219 0.000355 0.000568 0.000896 0.001394 0.002141 0.003245 0.004853 0.007162 0.010427 0.014980 0.021232 0.029691 0.040963 0.055755 0.074868 0.099178 0.129610 0.167090 0.212494 0.266574 0.329882 0.402681 0.484863 0.575873 0.674651 0.779596 0.888577 0.998964 1.107723 1.211533 1.306950 1.390593 1.459340 1.510520 1.542087 1.552755 1.542087 1.510520 1.459340 1.390593 1.306950 1.211533 1.107723 0.998964 0.888577 0.779596 0.674651 0.575873 0.484863 0.402681 0.329882 0.266574 0.212494 0.167090 0.129610 0.099178 0.074868 0.055755 0.040963 0.029691 0.021232 0.014980 0.010427 0.007162 0.004853 0.003245 0.002141 0.001394 0.000896 0.000568 0.000355 0.000219 0.000134 0.000080 0.000048 0.000028 0.000016 0.000009 0.000005 0.000003 0.000002 0.000001 0.000000 0.000000 0.000000 
0.000000 0.000000 0.000000 0.000001 0.000001 0.000002 0.000004 0.000008 0.000013 0.000023 0.000040 0.000069 0.000116 0.000193 0.000316 0.000512 0.000818 0.001290 0.002006 0.003081 0.004667 0.006977 0.010292 0.014980 0.021512 0.030480 0.042610 0.058769 0.079968 0.107351 0.142171 0.185746 0.239401 0.304385 0.381769 0.472337 0.576463 0.693989 0.824117 0.965327 1.115335 1.271089 1.428835 1.584238 1.732555 1.868871 1.988357 2.086559 2.159664 2.204753 2.219992 2.204753 2.159664 2.086559 1.988357 1.868871 1.732555 1.584238 1.428835 1.271089 1.115335 0.965327 0.824117 0.693989 0.576463 0.472337 0.381769 0.304385 0.239401 0.185746 0.142171 0.107351 0.079968 0.058769 0.042610 0.030480 0.021512 0.014980 0.010292 0.006977 0.004667 0.003081 0.002006 0.001290 0.000818 0.000512 0.000316 0.000193 0.000116 0.000069 0.000040 0.000023 0.000013 0.000008 0.000004 0.000002 0.000001 0.000001 0.000000 0.000000 
0.000000 0.000000 0.000000 0.000001 0.000002 0.000003 0.000006 0.000011 0.000019 0.000033 0.000058 0.000098 0.000165 0.000274 0.000450 0.000728 0.001162 0.001832 0.002849 0.004373 0.006622 0.009896 0.014593 0.021232 0.030480 0.043174 0.060337 0.083193 0.113170 0.151881 0.201092 0.262662 0.338456 0.430232 0.539497 0.667353 0.814320 0.980170 1.163774 1.362985 1.574576 1.794245 2.016699 2.235825 2.444942 2.637122 2.805566 2.943997 3.047047 3.110603 3.132082 3.110603 3.047047 2.943997 2.805566 2.637122 2.444942 2.235825 2.016699 1.794245 1.574576 1.362985 1.163774 0.980170 0.814320 0.667353 0.539497 0.430232 0.338456 0.262662 0.201092 0.151881 0.113170 0.083193 0.060337 0.043174 0.030480 0.021232 0.014593 0.009896 0.006622 0.004373 0.002849 0.001832 0.001162 0.000728 0.000450 0.000274 0.000165 0.000098 0.000058 0.000033 0.000019 0.000011 0.000006 0.000003 0.000002 0.000001 0.000000 0.000000 
0.000000 0.000000 0.000001 0.000001 0.000003 0.000005 0.000008 0.000015 0.000027 0.000047 0.000081 0.000138 0.000232 0.000385 0.000631 0.001021 0.001630 0.002567 0.003991 0.006123 0.009270 0.013848 0.020413 0.029691 0.042610 0.060337 0.084297 0.116197 0.158022 0.212020 0.280647 0.366489 0.472137 0.600032 0.752270 0.930375 1.135065 1.366016 1.621648 1.898969 2.193486 2.499208 2.808773 3.113676 3.404627 3.671994 3.906325 4.098893 4.242237 4.330644 4.360521 4.330644 4.242237 4.098893 3.906325 3.671994 3.404627 3.113676 2.808773 2.499208 2.193486 1.898969 1.621648 1.366016 1.135065 0.930375 0.752270 0.600032 0.472137 0.366489 0.280647 0.212020 0.158022 0.116197 0.084297 0.060337 0.042610 0.029691 0.020413 0.013848 0.009270 0.006123 0.003991 0.002567 0.001630 0.001021 0.000631 0.000385 0.000232 0.000138 0.000081 0.000047 0.000027 0.000015 0.000008 0.000005 0.000002 0.000001 0.000001 0.000000 
0.000000 0.000000 0.000001 0.000002 0.000003 0.000006 0.000012 0.000021 0.000037 0.000065 0.000112 0.000191 0.000321 0.000533 0.000874 0.001413 0.002254 0.003549 0.005516 0.008459 0.012802 0.019118 0.028172 0.040963 0.058769 0.083193 0.116197 0.160124 0.217705 0.292024 0.386454 0.504543 0.649848 0.825714 1.035011 1.279825 1.561132 1.878476 2.229681 2.610631 3.015150 3.435010 3.860102 4.278754 4.678216 5.045273 5.366956 5.631295 5.828059 5.949408 5.990418 5.949408 5.828059 5.631295 5.366956 5.045273 4.678216 4.278754 3.860102 3.435010 3.015150 2.610631 2.229681 1.878476 1.561132 1.279825 1.035011 0.825714 0.649848 0.504543 0.386454 0.292024 0.217705 0.160124 0.116197 0.083193 0.058769 0.040963 0.028172 0.019118 0.012802 0.008459 0.005516 0.003549 0.002254 0.001413 0.000874 0.000533 0.000321 0.000191 0.000112 0.000065 0.000037 0.000021 0.000012 0.000006 0.000003 0.000002 0.000001 0.000000 
0.000000 0.000001 0.000001 0.000003 0.000005 0.000009 0.000016 0.000029 0.000051 0.000089 0.000153 0.000261 0.000439 0.000729 0.001193 0.001928 0.003075 0.004841 0.007520 0.011529 0.017442 0.026038 0.038357 0.055755 0.079968 0.113170 0.158022 0.217705 0.295918 0.396841 0.525045 0.685334 0.882522 1.121136 1.405054 1.737093 2.118563 2.548834 3.024946 3.541313 4.089557 4.658531 5.234536 5.801764 6.342948 6.840198 7.275955 7.634017 7.900536 8.064901 8.120447 8.064901 7.900536 7.634017 7.275955 6.840198 6.342948 5.801764 5.234536 4.658531 4.089557 3.541313 3.024946 2.548834 2.118563 1.737093 1.405054 1.121136 0.882522 0.685334 0.525045 0.396841 0.295918 0.217705 0.158022 0.113170 0.079968 0.055755 0.038357 0.026038 0.017442 0.011529 0.007520 0.004841 0.003075 0.001928 0.001193 0.000729 0.000439 0.000261 0.000153 0.000089 0.000051 0.000029 0.000016 0.000009 0.000005 0.000002 0.000001 0.000000 
0.000000 0.000001 0.000002 0.000003 0.000006 0.000012 0.000022 0.000039 0.000069 0.000120 0.000207 0.000352 0.000592 0.000982 0.001607 0.002596 0.004139 0.006513 0.010114 0.015500 0.023442 0.034985 0.051521 0.074868 0.107351 0.151881 0.212020 0.292024 0.396841 0.532062 0.703796 0.918464 1.182495 1.501933 1.881953 2.326304 2.836724 3.412355 4.049226 4.739854 5.473031 6.233848 7.003992 7.762335 8.485806 9.150500 9.732964 10.211555 10.567775 10.787456 10.861695 10.787456 10.567775 10.211555 9.732964 9.150500 8.485806 7.762335 7.003992 6.233848 5.473031 4.739854 4.049226 3.412355 2.836724 2.326304 1.881953 1.501933 1.182495 0.918464 0.703796 0.532062 0.396841 0.292024 0.212020 0.151881 0.107351 0.074868 0.051521 0.034985 0.023442 0.015500 0.010114 0.006513 0.004139 0.002596 0.001607 0.000982 0.000592 0.000352 0.000207 0.000120 0.000069 0.000039 0.000022 0.000012 0.000006 0.000003 0.000001 0.000000 
0.000000 0.000001 0.000002 0.000005 0.000009 0.000016 0.000029 0.000052 0.000091 0.000160 0.000275 0.000469 0.000787 0.001305 0.002135 0.003447 0.005495 0.008643 0.013418 0.020558 0.031081 0.046371 0.068269 0.099178 0.142171 0.201092 0.280647 0.386454 0.525045 0.703796 0.930767 1.214422 1.563236 1.985172 2.487041 3.073773 3.747639 4.507491 5.348068 6.259485 7.226945 8.230774 9.246816 10.247207 11.201526 12.078259 12.846491 13.477696 13.947493 14.237211 14.335117 14.237211 13.947493 13.477696 12.846491 12.078259 11.201526 10.247207 9.246816 8.230774 7.226945 6.259485 5.348068 4.507491 3.747639 3.073773 2.487041 1.985172 1.563236 1.214422 0.930767 0.703796 0.525045 0.386454 0.280647 0.201092 0.142171 0.099178 0.068269 0.046371 0.031081 0.020558 0.013418 0.008643 0.005495 0.003447 0.002135 0.001305 0.000787 0.000469 0.000275 0.000160 0.000091 0.000052 0.000029 0.000016 0.000008 0.000004 0.000002 0.000000 
0.000000 0.000001 0.000003 0.000006 0.000011 0.000021 0.000038 0.000068 0.000120 0.000210 0.000361 0.000615 0.001032 0.001710 0.002797 0.004516 0.007195 0.011315 0.017560 0.026895 0.040651 0.060632 0.089240 0.129610 0.185746 0.262662 0.366489 0.504543 0.685334 0.918464 1.214422 1.584221 2.038884 2.588763 3.242703 4.007102 4.884893 5.874553 6.969217 8.155993 9.415609 10.722450 12.045073 13.347221 14.589315 15.730361 16.730146 17.551570 18.162928 18.539936 18.667340 18.539936 18.162928 17.551570 16.730146 15.730361 14.589315 13.347221 12.045073 10.722450 9.415609 8.155993 6.969217 5.874553 4.884893 4.007102 3.242703 2.588763 2.038884 1.584221 1.214422 0.918464 0.685334 0.504543 0.366489 0.262662 0.185746 0.129610 0.089240 0.060632 0.040651 0.026895 0.017560 0.011315 0.007195 0.004516 0.002797 0.001710 0.001032 0.000615 0.000361 0.000210 0.000120 0.000068 0.000038 0.000021 0.000011 0.000006 0.000002 0.000000 
0.000000 0.000002 0.000004 0.000008 0.000015 0.000027 0.000049 0.000088 0.000156 0.000272 0.000468 0.000795 0.001335 0.002211 0.003615 0.005835 0.009294 0.014611 0.022669 0.034710 0.052447 0.078205 0.115076 0.167090 0.239401 0.338456 0.472137 0.649848 0.882522 1.182495 1.563236 2.038884 2.623586 3.330617 4.171319 5.153879 6.282038 7.553810 8.960348 10.485072 12.103213 13.781865 15.480647 17.153008 18.748137 20.213416 21.497234 22.551981 23.336971 23.821045 23.984628 23.821045 23.336971 22.551981 21.497234 20.213416 18.748137 17.153008 15.480647 13.781865 12.103213 10.485072 8.960348 7.553810 6.282038 5.153879 4.171319 3.330617 2.623586 2.038884 1.563236 1.182495 0.882522 0.649848 0.472137 0.338456 0.239401 0.167090 0.115076 0.078205 0.052447 0.034710 0.022669 0.014611 0.009294 0.005835 0.003615 0.002211 0.001335 0.000795 0.000468 0.000271 0.000156 0.000088 0.000049 0.000027 0.000014 0.000007 0.000003 0.000000 
0.000000 0.000002 0.000005 0.000010 0.000019 0.000035 0.000063 0.000112 0.000199 0.000347 0.000597 0.001015 0.001703 0.002820 0.004609 0.007436 0.011842 0.018610 0.028866 0.044186 0.066748 0.099505 0.146380 0.212494 0.304385 0.430232 0.600032 0.825714 1.121136 1.501933 1.985172 2.588763 3.330617 4.227539 5.293873 6.539965 7.970519 9.582982 11.366109 13.298864 15.349836 17.477319 19.630145 21.749337 23.770540 25.627109 27.253689 28.589992 29.584503 30.197769 30.405009 30.197769 29.584503 28.589992 27.253689 25.627109 23.770540 21.749337 19.630145 17.477319 15.349836 13.298864 11.366109 9.582982 7.970519 6.539965 5.293873 4.227539 3.330617 2.588763 1.985172 1.501933 1.121136 0.825714 0.600032 0.430232 0.304385 0.212494 0.146380 0.099505 0.066748 0.044186 0.028866 0.018610 0.011842 0.007436 0.004609 0.002820 0.001703 0.001015 0.000597 0.000347 0.000199 0.000112 0.000063 0.000034 0.000019 0.000009 0.000004 0.000000 
0.000000 0.000003 0.000006 0.000013 0.000024 0.000044 0.000079 0.000142 0.000250 0.000437 0.000752 0.001277 0.002142 0.003546 0.005796 0.009348 0.014881 0.023381 0.036256 0.055484 0.083795 0.124886 0.183676 0.266574 0.381769 0.539497 0.752270 1.035011 1.405054 1.881953 2.487041 3.242703 4.171319 5.293873 6.628272 8.187410 9.977130 11.994198 14.224513 16.641741 19.206587 21.866892 24.558687 27.208253 29.735158 32.056124 34.089487 35.759924 37.003074 37.769652 38.028698 37.769652 37.003074 35.759924 34.089487 32.056124 29.735158 27.208253 24.558687 21.866892 19.206587 16.641741 14.224513 11.994198 9.977130 8.187410 6.628272 5.293873 4.171319 3.242703 2.487041 1.881953 1.405054 1.035011 0.752270 0.539497 0.381769 0.266574 0.183676 0.124886 0.083795 0.055484 0.036256 0.023381 0.014881 0.009348 0.005796 0.003546 0.002142 0.001277 0.000752 0.000437 0.000250 0.000142 0.000079 0.000043 0.000023 0.000012 0.000005 0.000000 
0.000000 0.000003 0.000008 0.000016 0.000029 0.000054 0.000098 0.000176 0.000311 0.000542 0.000933 0.001585 0.002658 0.004399 0.007187 0.011590 0.018446 0.028974 0.044917 0.068722 0.103763 0.154612 0.227345 0.329882 0.472337 0.667353 0.930375 1.279825 1.737093 2.326304 3.073773 4.007102 5.153879 6.539965 8.187410 10.112081 12.321133 14.810531 17.562834 20.545516 23.710078 26.992164 30.312867 33.581271 36.698196 39.560961 42.068889 44.129124 45.662328 46.607751 46.927230 46.607751 45.662328 44.129124 42.068889 39.560961 36.698196 33.581271 30.312867 26.992164 23.710078 20.545516 17.562834 14.810531 12.321133 10.112081 8.187410 6.539965 5.153879 4.007102 3.073773 2.326304 1.737093 1.279825 0.930375 0.667353 0.472337 0.329882 0.227345 0.154612 0.103763 0.068722 0.044917 0.028974 0.018446 0.011590 0.007187 0.004399 0.002658 0.001585 0.000933 0.000542 0.000311 0.000176 0.000098 0.000054 0.000029 0.000015 0.000006 0.000000 
0.000000 0.000004 0.000010 0.000019 0.000036 0.000067 0.000121 0.000216 0.000381 0.000664 0.001143 0.001941 0.003253 0.005383 0.008791 0.014173 0.022551 0.035414 0.054888 0.083958 0.126740 0.188808 0.277571 0.402681 0.576463 0.814320 1.135065 1.561132 2.118563 2.836724 3.747639 4.884893 6.282038 7.970519 9.977130 12.321133 15.011183 18.042314 21.393245 25.024347 28.876558 32.871541 36.913264 40.891100 44.684384 48.168205 51.220097 53.727119 55.592777 56.743185 57.131930 56.743185 55.592777 53.727119 51.220097 48.168205 44.684384 40.891100 36.913264 32.871541 28.876558 25.024347 21.393245 18.042314 15.011183 12.321133 9.977130 7.970519 6.282038 4.884893 3.747639 2.836724 2.118563 1.561132 1.135065 0.814320 0.576463 0.402681 0.277571 0.188808 0.126740 0.083958 0.054888 0.035414 0.022551 0.014173 0.008791 0.005383 0.003253 0.001941 0.001143 0.000664 0.000381 0.000216 0.000121 0.000066 0.000036 0.000018 0.000008 0.000000 
0.000000 0.000005 0.000012 0.000023 0.000044 0.000081 0.000146 0.000261 0.000461 0.000802 0.001380 0.002343 0.003926 0.006495 0.010606 0.017094 0.027192 0.042693 0.066155 0.101171 0.152693 0.227427 0.334281 0.484863 0.693989 0.980170 1.366016 1.878476 2.548834 3.412355 4.507491 5.874553 7.553810 9.582982 11.994198 14.810531 18.042314 21.683520 25.708538 30.069733 34.696149 39.493706 44.347096 49.123511 53.678105 57.860958 61.525091 64.534965 66.774786 68.155893 68.622593 68.155893 66.774786 64.534965 61.525091 57.860958 53.678105 49.123511 44.347096 39.493706 34.696149 30.069733 25.708538 21.683520 18.042314 14.810531 11.994198 9.582982 7.553810 5.874553 4.507491 3.412355 2.548834 1.878476 1.366016 0.980170 0.693989 0.484863 0.334281 0.227427 0.152693 0.101171 0.066155 0.042693 0.027192 0.017094 0.010606 0.006495 0.003926 0.002343 0.001380 0.000802 0.000460 0.000261 0.000146 0.000080 0.000043 0.000022 0.000009 0.000000 
0.000000 0.000006 0.000014 0.000028 0.000052 0.000096 0.000174 0.000311 0.000549 0.000956 0.001643 0.002789 0.004674 0.007730 0.012619 0.020333 0.032339 0.050763 0.078645 0.120248 0.181450 0.270210 0.397095 0.575873 0.824117 1.163774 1.621648 2.229681 3.024946 4.049226 5.348068 6.969217 8.960348 11.366109 14.224513 17.562834 21.393245 25.708538 30.478309 35.646069 41.127723 46.811797 52.561697 58.220117 63.615519 68.570366 72.910621 76.475801 79.128807 80.764669 81.317451 80.764669 79.128807 76.475801 72.910621 68.570366 63.615519 58.220117 52.561697 46.811797 41.127723 35.646069 30.478309 25.708538 21.393245 17.562834 14.224513 11.366109 8.960348 6.969217 5.348068 4.049226 3.024946 2.229681 1.621648 1.163774 0.824117 0.575873 0.397095 0.270210 0.181450 0.120248 0.078645 0.050763 0.032339 0.020333 0.012619 0.007730 0.004674 0.002789 0.001643 0.000956 0.000549 0.000311 0.000174 0.000096 0.000051 0.000026 0.000011 0.000000 
0.000000 0.000007 0.000016 0.000033 0.000061 0.000113 0.000205 0.000365 0.000645 0.001123 0.001930 0.003275 0.005486 0.009072 0.014807 0.023855 0.037932 0.059531 0.092212 0.140967 0.212678 0.316659 0.465280 0.674651 0.965327 1.362985 1.898969 2.610631 3.541313 4.739854 6.259485 8.155993 10.485072 13.298864 16.641741 20.545516 25.024347 30.069733 35.646069 41.687276 48.095023 54.739004 61.459576 68.072921 74.378603 80.169202 85.241396 89.407711 92.507993 94.419626 95.065592 94.419626 92.507993 89.407711 85.241396 80.169202 74.378603 68.072921 61.459576 54.739004 48.095023 41.687276 35.646069 30.069733 25.024347 20.545516 16.641741 13.298864 10.485072 8.155993 6.259485 4.739854 3.541313 2.610631 1.898969 1.362985 0.965327 0.674651 0.465280 0.316659 0.212678 0.140967 0.092212 0.059531 0.037932 0.023855 0.014807 0.009072 0.005486 0.003275 0.001930 0.001123 0.000645 0.000365 0.000204 0.000112 0.000060 0.000031 0.000013 0.000000 
0.000000 0.000008 0.000019 0.000038 0.000071 0.000131 0.000237 0.000424 0.000747 0.001301 0.002235 0.003792 0.006352 0.010501 0.017136 0.027601 0.043881 0.068856 0.106638 0.162994 0.245871 0.366024 0.537734 0.779596 1.115335 1.574576 2.193486 3.015150 4.089557 5.473031 7.226945 9.415609 12.103213 15.349836 19.206587 23.710078 28.876558 34.696149 41.127723 48.095023 55.484624 63.146251 70.895832 78.521445 85.792035 92.468510 98.316520 103.119991 106.694343 108.898265 109.642996 108.898265 106.694343 103.119991 98.316520 92.468510 85.792035 78.521445 70.895832 63.146251 55.484624 48.095023 41.127723 34.696149 28.876558 23.710078 19.206587 15.349836 12.103213 9.415609 7.226945 5.473031 4.089557 3.015150 2.193486 1.574576 1.115335 0.779596 0.537734 0.366024 0.245871 0.162994 0.106638 0.068856 0.043881 0.027601 0.017136 0.010501 0.006352 0.003792 0.002235 0.001301 0.000747 0.000423 0.000237 0.000130 0.000070 0.000036 0.000015 0.000000 
0.000000 0.000009 0.000022 0.000043 0.000081 0.000150 0.000271 0.000484 0.000854 0.001486 0.002553 0.004331 0.007252 0.011987 0.019557 0.031496 0.050066 0.078549 0.121630 0.185881 0.280355 0.417302 0.612984 0.888577 1.271089 1.794245 2.499208 3.435010 4.658531 6.233848 8.230774 10.722450 13.781865 17.477319 21.866892 26.992164 32.871541 39.493706 46.811797 54.739004 63.146251 71.862568 80.678569 89.353210 97.623711 105.218172 111.870098 117.333789 121.399366 123.906149 124.753216 123.906149 121.399366 117.333789 111.870098 105.218172 97.623711 89.353210 80.678569 71.862568 63.146251 54.739004 46.811797 39.493706 32.871541 26.992164 21.866892 17.477319 13.781865 10.722450 8.230774 6.233848 4.658531 3.435010 2.499208 1.794245 1.271089 0.888577 0.612984 0.417302 0.280355 0.185881 0.121630 0.078549 0.050066 0.031496 0.019557 0.011987 0.007252 0.004331 0.002553 0.001486 0.000853 0.000484 0.000271 0.000149 0.000080 0.000041 0.000017 0.000000 
0.000000 0.000010 0.000025 0.000049 0.000092 0.000169 0.000305 0.000545 0.000962 0.001674 0.002875 0.004877 0.008165 0.013494 0.022013 0.035446 0.056336 0.088374 0.136825 0.209075 0.315297 0.469254 0.689216 0.998964 1.428835 2.016699 2.808773 3.860102 5.234536 7.003992 9.246816 12.045073 15.480647 19.630145 24.558687 30.312867 36.913264 44.347096 52.561697 61.459576 70.895832 80.678569 90.572804 100.308056 109.589478 118.112006 125.576659 131.707795 136.269964 139.082916 140.033435 139.082916 136.269964 131.707795 125.576659 118.112006 109.589478 100.308056 90.572804 80.678569 70.895832 61.459576 52.561697 44.347096 36.913264 30.312867 24.558687 19.630145 15.480647 12.045073 9.246816 7.003992 5.234536 3.860102 2.808773 2.016699 1.428835 0.998964 0.689216 0.469254 0.315297 0.209075 0.136825 0.088374 0.056336 0.035446 0.022013 0.013494 0.008165 0.004877 0.002875 0.001674 0.000962 0.000545 0.000305 0.000168 0.000090 0.000046 0.000019 0.000000 
