0.000000 0.000000 0.000000 0.000000 0.000000 0.000000 0.000000 0.000000 0.000000 0.000000 0.000000 0.000000 0.000000 0.000000 0.000000 0.000000 0.000000 0.000000 0.000000 0.000000 0.000000 0.000000 0.000000 0.000000 0.000000 0.000000 0.000000 0.000000 0.000000 0.000000 0.000000 0.000000 0.000000 0.000000 0.000000 0.000000 0.000000 0.000000 0.000000 0.000000 0.000000 0.000000 0.000000 0.000000 0.000000 0.000000 0.000000 0.000000 0.000000 0.000000 0.000000 0.000000 0.000000 0.000000 0.000000 0.000000 0.000000 0.000000 0.000000 0.000000 0.000000 0.000000 0.000000 0.000000 0.000000 0.000000 0.000000 0.000000 0.000000 0.000000 0.000000 0.000000 0.000000 0.000000 0.000000 0.000000 0.000000 0.000000 0.000000 0.000000 0.000000 0.000000 0.000000 0.000000 0.000000 0.000000 0.000000 0.000000 0.000000 0.000000 0.000000 0.000000 0.000000 0.000000 0.000000 0.000000 0.000000 0.000000 0.000000 0.000000 
0.000000 0.000000 0.000000 0.000000 0.000000 0.000000 0.000000 0.000000 0.000000 0.000000 0.000000 0.000000 0.000000 0.000000 0.000000 0.000000 0.000000 0.000000 0.000001 0.000001 0.000001 0.000002 0.000003 0.000004 0.000005 0.000006 0.000008 0.000011 0.000014 0.000018 0.000023 0.000029 0.000035 0.000043 0.000052 0.000062 0.000073 0.000085 0.000098 0.000112 0.000126 0.000141 0.000155 0.000169 0.000181 0.000193 0.000203 0.000212 0.000218 0.000221 0.000223 0.000221 0.000218 0.000212 0.000203 0.000193 0.000181 0.000169 0.000155 0.000141 0.000126 0.000112 0.000098 0.000085 0.000073 0.000062 0.000052 0.000043 0.000035 0.000029 0.000023 0.000018 0.000014 0.000011 0.000008 0.000006 0.000005 0.000004 0.000003 0.000002 0.000001 0.000001 0.000001 0.000000 0.000000 0.000000 0.000000 0.000000 0.000000 0.000000 0.000000 0.000000 0.000000 0.000000 0.000000 0.000000 0.000000 0.000000 0.000000 0.000000 
0.000000 0.000000 0.000000 0.000000 0.000000 0.000000 0.000000 0.000000 0.000000 0.000000 0.000000 0.000000 0.000000 0.000000 0.000000 0.000000 0.000001 0.000001 0.000002 0.000002 0.000003 0.000004 0.000006 0.000008 0.000011 0.000015 0.000019 0.000025 0.000032 0.000041 0.000052 0.000065 0.000080 0.000098 0.000118 0.000141 0.000166 0.000193 0.000223 0.000254 0.000286 0.000319 0.000351 0.000382 0.000411 0.000438 0.000461 0.000480 0.000494 0.000502 0.000505 0.000502 0.000494 0.000480 0.000461 0.000438 0.000411 0.000382 0.000351 0.000319 0.000286 0.000254 0.000223 0.000193 0.000166 0.000141 0.000118 0.000098 0.000080 0.000065 0.000052 0.000041 0.000032 0.000025 0.000019 0.000015 0.000011 0.000008 0.000006 0.000004 0.000003 0.000002 0.000002 0.000001 0.000001 0.000000 0.000000 0.000000 0.000000 0.000000 0.000000 0.000000 0.000000 0.000000 0.000000 0.000000 0.000000 0.000000 0.000000 0.000000 
0.000000 0.000000 0.000000 0.000000 0.000000 0.000000 0.000000 0.000000 0.000000 0.000000 0.000000 0.000000 0.000000 0.000000 0.000001 0.000001 0.000001 0.000002 0.000003 0.000004 0.000006 0.000008 0.000011 0.000015 0.000020 0.000027 0.000035 0.000046 0.000059 0.000075 0.000095 0.000118 0.000146 0.000178 0.000215 0.000256 0.000302 0.000352 0.000405 0.000462 0.000520 0.000580 0.000639 0.000695 0.000749 0.000797 0.000839 0.000873 0.000898 0.000913 0.000919 0.000913 0.000898 0.000873 0.000839 0.000797 0.000749 0.000695 0.000639 0.000580 0.000520 0.000462 0.000405 0.000352 0.000302 0.000256 0.000215 0.000178 0.000146 0.000118 0.000095 0.000075 0.000059 0.000046 0.000035 0.000027 0.000020 0.000015 0.000011 0.000008 0.000006 0.000004 0.000003 0.000002 0.000001 0.000001 0.000001 0.000000 0.000000 0.000000 0.000000 0.000000 0.000000 0.000000 0.000000 0.000000 0.000000 0.000000 0.000000 0.000000 
0.000000 0.000000 0.000000 0.000000 0.000000 0.000000 0.000000 0.000000 0.000000 0.000000 0.000000 0.000000 0.000000 0.000001 0.000001 0.000002 0.000002 0.000003 0.000005 0.000007 0.000010 0.000013 0.000018 0.000025 0.000034 0.000045 0.000060 0.000078 0.000101 0.000128 0.000162 0.000202 0.000249 0.000304 0.000366 0.000437 0.000515 0.000600 0.000691 0.000787 0.000887 0.000988 0.001088 0.001185 0.001275 0.001358 0.001429 0.001487 0.001529 0.001556 0.001565 0.001556 0.001529 0.001487 0.001429 0.001358 0.001275 0.001185 0.001088 0.000988 0.000887 0.000787 0.000691 0.000600 0.000515 0.000437 0.000366 0.000304 0.000249 0.000202 0.000162 0.000128 0.000101 0.000078 0.000060 0.000045 0.000034 0.000025 0.000018 0.000013 0.000010 0.000007 0.000005 0.000003 0.000002 0.000002 0.000001 0.000001 0.000000 0.000000 0.000000 0.000000 0.000000 0.000000 0.000000 0.000000 0.000000 0.000000 0.000000 0.000000 
0.000000 0.000000 0.000000 0.000000 0.000000 0.000000 0.000000 0.000000 0.000000 0.000000 0.000000 0.000000 0.000001 0.000001 0.000002 0.000003 0.000004 0.000006 0.000008 0.000011 0.000016 0.000022 0.000031 0.000042 0.000057 0.000075 0.000099 0.000130 0.000167 0.000213 0.000269 0.000335 0.000413 0.000504 0.000607 0.000724 0.000853 0.000994 0.001145 0.001305 0.001470 0.001637 0.001802 0.001962 0.002113 0.002249 0.002366 0.002462 0.002533 0.002576 0.002591 0.002576 0.002533 0.002462 0.002366 0.002249 0.002113 0.001962 0.001802 0.001637 0.001470 0.001305 0.001145 0.000994 0.000853 0.000724 0.000607 0.000504 0.000413 0.000335 0.000269 0.000213 0.000167 0.000130 0.000099 0.000075 0.000057 0.000042 0.000031 0.000022 0.000016 0.000011 0.000008 0.000006 0.000004 0.000003 0.000002 0.000001 0.000001 0.000000 0.000000 0.000000 0.000000 0.000000 0.000000 0.000000 0.000000 0.000000 0.000000 0.000000 
0.000000 0.000000 0.000000 0.000000 0.000000 0.000000 0.000000 0.000000 0.000000 0.000000 0.000001 0.000001 0.000001 0.000002 0.000003 0.000004 0.000006 0.000009 0.000013 0.000019 0.000026 0.000037 0.000050 0.000069 0.000093 0.000123 0.000163 0.000212 0.000273 0.000348 0.000439 0.000547 0.000675 0.000822 0.000991 0.001181 0.001391 0.001621 0.001868 0.002127 0.002396 0.002668 0.002938 0.003198 0.003443 0.003664 0.003856 0.004012 0.004127 0.004198 0.004222 0.004198 0.004127 0.004012 0.003856 0.003664 0.003443 0.003198 0.002938 0.002668 0.002396 0.002127 0.001868 0.001621 0.001391 0.001181 0.000991 0.000822 0.000675 0.000547 0.000439 0.000348 0.000273 0.000212 0.000163 0.000123 0.000093 0.000069 0.000050 0.000037 0.000026 0.000019 0.000013 0.000009 0.000006 0.000004 0.000003 0.000002 0.000001 0.000001 0.000001 0.000000 0.000000 0.000000 0.000000 0.000000 0.000000 0.000000 0.000000 0.000000 
0.000000 0.000000 0.000000 0.000000 0.000000 0.000000 0.000000 0.000000 0.000000 0.000001 0.000001 0.000001 0.000002 0.000003 0.000005 0.000007 0.000010 0.000015 0.000021 0.000030 0.000042 0.000059 0.000081 0.000111 0.000149 0.000199 0.000262 0.000342 0.000441 0.000562 0.000708 0.000883 0.001088 0.001325 0.001597 0.001902 0.002241 0.002611 0.003007 0.003425 0.003857 0.004295 0.004728 0.005147 0.005540 0.005896 0.006204 0.006455 0.006641 0.006754 0.006793 0.006754 0.006641 0.006455 0.006204 0.005896 0.005540 0.005147 0.004728 0.004295 0.003857 0.003425 0.003007 0.002611 0.002241 0.001902 0.001597 0.001325 0.001088 0.000883 0.000708 0.000562 0.000441 0.000342 0.000262 0.000199 0.000149 0.000111 0.000081 0.000059 0.000042 0.000030 0.000021 0.000015 0.000010 0.000007 0.000005 0.000003 0.000002 0.000001 0.000001 0.000001 0.000000 0.000000 0.000000 0.000000 0.000000 0.000000 0.000000 0.000000 
0.000000 0.000000 0.000000 0.000000 0.000000 0.000000 0.000000 0.000000 0.000001 0.000001 0.000001 0.000002 0.000003 0.000005 0.000007 0.000011 0.000016 0.000023 0.000034 0.000048 0.000068 0.000094 0.000130 0.000177 0.000239 0.000318 0.000419 0.000546 0.000703 0.000896 0.001129 0.001407 0.001733 0.002112 0.002544 0.003031 0.003570 0.004158 0.004788 0.005453 0.006140 0.006836 0.007526 0.008192 0.008816 0.009382 0.009872 0.010271 0.010565 0.010746 0.010807 0.010746 0.010565 0.010271 0.009872 0.009382 0.008816 0.008192 0.007526 0.006836 0.006140 0.005453 0.004788 0.004158 0.003570 0.003031 0.002544 0.002112 0.001733 0.001407 0.001129 0.000896 0.000703 0.000546 0.000419 0.000318 0.000239 0.000177 0.000130 0.000094 0.000068 0.000048 0.000034 0.000023 0.000016 0.000011 0.000007 0.000005 0.000003 0.000002 0.000001 0.000001 0.000001 0.000000 0.000000 0.000000 0.000000 0.000000 0.000000 0.000000 
0.000000 0.000000 0.000000 0.000000 0.000000 0.000000 0.000000 0.000001 0.000001 0.000001 0.000002 0.000003 0.000005 0.000008 0.000012 0.000017 0.000026 0.000037 0.000053 0.000076 0.000107 0.000149 0.000206 0.000280 0.000377 0.000502 0.000661 0.000862 0.001110 0.001414 0.001781 0.002219 0.002733 0.003329 0.004010 0.004776 0.005624 0.006550 0.007542 0.008588 0.009668 0.010763 0.011848 0.012895 0.013878 0.014768 0.015538 0.016165 0.016628 0.016912 0.017008 0.016912 0.016628 0.016165 0.015538 0.014768 0.013878 0.012895 0.011848 0.010763 0.009668 0.008588 0.007542 0.006550 0.005624 0.004776 0.004010 0.003329 0.002733 0.002219 0.001781 0.001414 0.001110 0.000862 0.000661 0.000502 0.000377 0.000280 0.000206 0.000149 0.000107 0.000076 0.000053 0.000037 0.000026 0.000017 0.000012 0.000008 0.000005 0.000003 0.000002 0.000001 0.000001 0.000001 0.000000 0.000000 0.000000 0.000000 0.000000 0.000000 
0.000000 0.000000 0.000000 0.000000 0.000000 0.000000 0.000001 0.000001 0.000001 0.000002 0.000003 0.000005 0.000008 0.000012 0.000018 0.000027 0.000040 0.000058 0.000084 0.000119 0.000168 0.000233 0.000321 0.000438 0.000589 0.000785 0.001033 0.001345 0.001733 0.002207 0.002779 0.003461 0.004263 0.005191 0.006252 0.007445 0.008766 0.010207 0.011752 0.013380 0.015062 0.016766 0.018454 0.020084 0.021612 0.022996 0.024195 0.025170 0.025891 0.026333 0.026482 0.026333 0.025891 0.025170 0.024195 0.022996 0.021612 0.020084 0.018454 0.016766 0.015062 0.013380 0.011752 0.010207 0.008766 0.007445 0.006252 0.005191 0.004263 0.003461 0.002779 0.002207 0.001733 0.001345 0.001033 0.000785 0.000589 0.000438 0.000321 0.000233 0.000168 0.000119 0.000084 0.000058 0.000040 0.000027 0.000018 0.000012 0.000008 0.000005 0.000003 0.000002 0.000001 0.000001 0.000001 0.000000 0.000000 0.000000 0.000000 0.000000 
0.000000 0.000000 0.000000 0.000000 0.000000 0.000000 0.000001 0.000001 0.000002 0.000003 0.000005 0.000008 0.000012 0.000019 0.000028 0.000042 0.000062 0.000090 0.000130 0.000185 0.000260 0.000361 0.000497 0.000677 0.000911 0.001213 0.001596 0.002078 0.002676 0.003407 0.004290 0.005342 0.006578 0.008009 0.009643 0.011482 0.013518 0.015738 0.018117 0.020624 0.023214 0.025838 0.028436 0.030946 0.033299 0.035429 0.037274 0.038775 0.039884 0.040564 0.040794 0.040564 0.039884 0.038775 0.037274 0.035429 0.033299 0.030946 0.028436 0.025838 0.023214 0.020624 0.018117 0.015738 0.013518 0.011482 0.009643 0.008009 0.006578 0.005342 0.004290 0.003407 0.002676 0.002078 0.001596 0.001213 0.000911 0.000677 0.000497 0.000361 0.000260 0.000185 0.000130 0.000090 0.000062 0.000042 0.000028 0.000019 0.000012 0.000008 0.000005 0.000003 0.000002 0.000001 0.000001 0.000000 0.000000 0.000000 0.000000 0.000000 
0.000000 0.000000 0.000000 0.000000 0.000000 0.000001 0.000001 0.000002 0.000003 0.000005 0.000008 0.000012 0.000019 0.000029 0.000044 0.000065 0.000095 0.000138 0.000199 0.000283 0.000397 0.000553 0.000761 0.001035 0.001393 0.001854 0.002440 0.003176 0.004088 0.005205 0.006552 0.008157 0.010041 0.012224 0.014716 0.017519 0.020623 0.024006 0.027632 0.031451 0.035398 0.039395 0.043353 0.047174 0.050758 0.054003 0.056812 0.059097 0.060786 0.061822 0.062172 0.061822 0.060786 0.059097 0.056812 0.054003 0.050758 0.047174 0.043353 0.039395 0.035398 0.031451 0.027632 0.024006 0.020623 0.017519 0.014716 0.012224 0.010041 0.008157 0.006552 0.005205 0.004088 0.003176 0.002440 0.001854 0.001393 0.001035 0.000761 0.000553 0.000397 0.000283 0.000199 0.000138 0.000095 0.000065 0.000044 0.000029 0.000019 0.000012 0.000008 0.000005 0.000003 0.000002 0.000001 0.000001 0.000000 0.000000 0.000000 0.000000 
0.000000 0.000000 0.000000 0.000000 0.000001 0.000001 0.000002 0.000003 0.000005 0.000008 0.000012 0.000019 0.000029 0.000044 0.000066 0.000098 0.000144 0.000210 0.000301 0.000428 0.000602 0.000837 0.001152 0.001567 0.002108 0.002804 0.003690 0.004802 0.006180 0.007865 0.009899 0.012321 0.015165 0.018459 0.022218 0.026445 0.031126 0.036227 0.041694 0.047452 0.053401 0.059425 0.065389 0.071148 0.076548 0.081437 0.085669 0.089112 0.091656 0.093217 0.093743 0.093217 0.091656 0.089112 0.085669 0.081437 0.076548 0.071148 0.065389 0.059425 0.053401 0.047452 0.041694 0.036227 0.031126 0.026445 0.022218 0.018459 0.015165 0.012321 0.009899 0.007865 0.006180 0.004802 0.003690 0.002804 0.002108 0.001567 0.001152 0.000837 0.000602 0.000428 0.000301 0.000210 0.000144 0.000098 0.000066 0.000044 0.000029 0.000019 0.000012 0.000008 0.000005 0.000003 0.000002 0.000001 0.000001 0.000000 0.000000 0.000000 
0.000000 0.000000 0.000000 0.000001 0.000001 0.000002 0.000003 0.000005 0.000007 0.000012 0.000018 0.000028 0.000044 0.000066 0.000099 0.000147 0.000216 0.000314 0.000452 0.000642 0.000902 0.001254 0.001724 0.002345 0.003154 0.004196 0.005520 0.007181 0.009240 0.011758 0.014795 0.018412 0.022658 0.027574 0.033184 0.039492 0.046476 0.054086 0.062241 0.070827 0.079698 0.088680 0.097573 0.106159 0.114209 0.121497 0.127805 0.132937 0.136728 0.139055 0.139839 0.139055 0.136728 0.132937 0.127805 0.121497 0.114209 0.106159 0.097573 0.088680 0.079698 0.070827 0.062241 0.054086 0.046476 0.039492 0.033184 0.027574 0.022658 0.018412 0.014795 0.011758 0.009240 0.007181 0.005520 0.004196 0.003154 0.002345 0.001724 0.001254 0.000902 0.000642 0.000452 0.000314 0.000216 0.000147 0.000099 0.000066 0.000044 0.000028 0.000018 0.000012 0.000007 0.000005 0.000003 0.000002 0.000001 0.000001 0.000000 0.000000 
0.000000 0.000000 0.000000 0.000001 0.000002 0.000003 0.000004 0.000007 0.000011 0.000017 0.000027 0.000042 0.000065 0.000098 0.000147 0.000219 0.000321 0.000466 0.000670 0.000951 0.001337 0.001858 0.002554 0.003473 0.004670 0.006211 0.008168 0.010625 0.013668 0.017388 0.021876 0.027219 0.033490 0.040750 0.049033 0.058344 0.068653 0.079884 0.091917 0.104586 0.117674 0.130924 0.144041 0.156704 0.168578 0.179325 0.188627 0.196195 0.201786 0.205217 0.206374 0.205217 0.201786 0.196195 0.188627 0.179325 0.168578 0.156704 0.144041 0.130924 0.117674 0.104586 0.091917 0.079884 0.068653 0.058344 0.049033 0.040750 0.033490 0.027219 0.021876 0.017388 0.013668 0.010625 0.008168 0.006211 0.004670 0.003473 0.002554 0.001858 0.001337 0.000951 0.000670 0.000466 0.000321 0.000219 0.000147 0.000098 0.000065 0.000042 0.000027 0.000017 0.000011 0.000007 0.000004 0.000003 0.000002 0.000001 0.000000 0.000000 
0.000000 0.000000 0.000001 0.000001 0.000002 0.000004 0.000006 0.000010 0.000016 0.000026 0.000040 0.000062 0.000095 0.000144 0.000216 0.000321 0.000471 0.000684 0.000982 0.001395 0.001960 0.002723 0.003743 0.005088 0.006839 0.009094 0.011958 0.015550 0.020000 0.025438 0.031999 0.039805 0.048969 0.059574 0.071673 0.085271 0.100324 0.116721 0.134288 0.152780 0.171883 0.191220 0.210362 0.228840 0.246164 0.261844 0.275415 0.286456 0.294612 0.299617 0.301305 0.299617 0.294612 0.286456 0.275415 0.261844 0.246164 0.228840 0.210362 0.191220 0.171883 0.152780 0.134288 0.116721 0.100324 0.085271 0.071673 0.059574 0.048969 0.039805 0.031999 0.025438 0.020000 0.015550 0.011958 0.009094 0.006839 0.005088 0.003743 0.002723 0.001960 0.001395 0.000982 0.000684 0.000471 0.000321 0.000216 0.000144 0.000095 0.000062 0.000040 0.000026 0.000016 0.000010 0.000006 0.000004 0.000002 0.000001 0.000001 0.000000 
0.000000 0.000000 0.000001 0.000002 0.000003 0.000006 0.000009 0.000015 0.000023 0.000037 0.000058 0.000090 0.000138 0.000210 0.000314 0.000466 0.000684 0.000993 0.001425 0.002024 0.002842 0.003948 0.005425 0.007372 0.009909 0.013171 0.017316 0.022514 0.028950 0.036815 0.046300 0.057586 0.070831 0.086158 0.103640 0.123286 0.145030 0.168714 0.194085 0.220788 0.248371 0.276290 0.303924 0.330597 0.355604 0.378237 0.397824 0.413759 0.425530 0.432754 0.435189 0.432754 0.425530 0.413759 0.397824 0.378237 0.355604 0.330597 0.303924 0.276290 0.248371 0.220788 0.194085 0.168714 0.145030 0.123286 0.103640 0.086158 0.070831 0.057586 0.046300 0.036815 0.028950 0.022514 0.017316 0.013171 0.009909 0.007372 0.005425 0.003948 0.002842 0.002024 0.001425 0.000993 0.000684 0.000466 0.000314 0.000210 0.000138 0.000090 0.000058 0.000037 0.000023 0.000015 0.000009 0.000005 0.000003 0.000002 0.000001 0.000000 
0.000000 0.000001 0.000002 0.000003 0.000005 0.000008 0.000013 0.000021 0.000034 0.000053 0.000084 0.000130 0.000199 0.000301 0.000452 0.000670 0.000982 0.001425 0.002045 0.002904 0.004077 0.005662 0.007778 0.010567 0.014199 0.018871 0.024803 0.032243 0.041452 0.052704 0.066271 0.082412 0.101350 0.123261 0.148251 0.176330 0.207403 0.241244 0.277492 0.315639 0.355039 0.394915 0.434382 0.472473 0.508183 0.540501 0.568469 0.591220 0.608027 0.618340 0.621817 0.618340 0.608027 0.591220 0.568469 0.540501 0.508183 0.472473 0.434382 0.394915 0.355039 0.315639 0.277492 0.241244 0.207403 0.176330 0.148251 0.123261 0.101350 0.082412 0.066271 0.052704 0.041452 0.032243 0.024803 0.018871 0.014199 0.010567 0.007778 0.005662 0.004077 0.002904 0.002045 0.001425 0.000982 0.000670 0.000452 0.000301 0.000199 0.000130 0.000084 0.000053 0.000034 0.000021 0.000013 0.000008 0.000005 0.000003 0.000001 0.000000 
0.000000 0.000001 0.000002 0.000004 0.000007 0.000011 0.000019 0.000030 0.000048 0.000076 0.000119 0.000185 0.000283 0.000428 0.000642 0.000951 0.001395 0.002024 0.002904 0.004121 0.005785 0.008032 0.011031 0.014983 0.020128 0.026744 0.035145 0.045676 0.058711 0.074635 0.093832 0.116666 0.143453 0.174442 0.209778 0.249478 0.293405 0.341240 0.392470 0.446379 0.502055 0.558398 0.614159 0.667973 0.718418 0.764071 0.803577 0.835713 0.859452 0.874019 0.878929 0.874019 0.859452 0.835713 0.803577 0.764071 0.718418 0.667973 0.614159 0.558398 0.502055 0.446379 0.392470 0.341240 0.293405 0.249478 0.209778 0.174442 0.143453 0.116666 0.093832 0.074635 0.058711 0.045676 0.035145 0.026744 0.020128 0.014983 0.011031 0.008032 0.005785 0.004121 0.002904 0.002024 0.001395 0.000951 0.000642 0.000428 0.000283 0.000185 0.000119 0.000076 0.000048 0.000030 0.000019 0.000011 0.000007 0.000004 0.000002 0.000000 
0.000000 0.000001 0.000003 0.000006 0.000010 0.000016 0.000026 0.000042 0.000068 0.000107 0.000168 0.000260 0.000397 0.000602 0.000902 0.001337 0.001960 0.002842 0.004077 0.005785 0.008119 0.011270 0.015473 0.021013 0.028223 0.037491 0.049258 0.064007 0.082257 0.104549 0.131418 0.163372 0.200853 0.244206 0.293634 0.349160 0.410589 0.477476 0.549103 0.624469 0.702296 0.781051 0.858985 0.934194 1.004691 1.068487 1.123691 1.168595 1.201765 1.222119 1.228979 1.222119 1.201765 1.168595 1.123691 1.068487 1.004691 0.934194 0.858985 0.781051 0.702296 0.624469 0.549103 0.477476 0.410589 0.349160 0.293634 0.244206 0.200853 0.163372 0.131418 0.104549 0.082257 0.064007 0.049258 0.037491 0.028223 0.021013 0.015473 0.011270 0.008119 0.005785 0.004077 0.002842 0.001960 0.001337 0.000902 0.000602 0.000397 0.000260 0.000168 0.000107 0.000068 0.000042 0.000026 0.000016 0.000009 0.000005 0.000002 0.000000 
0.000000 0.000002 0.000004 0.000008 0.000013 0.000022 0.000037 0.000059 0.000094 0.000149 0.000233 0.000361 0.000553 0.000837 0.001254 0.001858 0.002723 0.003948 0.005662 0.008032 0.011270 0.015640 0.021469 0.029149 0.039142 0.051986 0.068289 0.088720 0.113997 0.144865 0.182066 0.226299 0.278177 0.338173 0.406566 0.483389 0.568368 0.660887 0.759952 0.864179 0.971800 1.080695 1.188447 1.292426 1.389884 1.478075 1.554385 1.616454 1.662304 1.690437 1.699920 1.690437 1.662304 1.616454 1.554385 1.478075 1.389884 1.292426 1.188447 1.080695 0.971800 0.864179 0.759952 0.660887 0.568368 0.483389 0.406566 0.338173 0.278177 0.226299 0.182066 0.144865 0.113997 0.088720 0.068289 0.051986 0.039142 0.029149 0.021469 0.015640 0.011270 0.008032 0.005662 0.003948 0.002723 0.001858 0.001254 0.000837 0.000553 0.000361 0.000233 0.000149 0.000094 0.000059 0.000036 0.000022 0.000013 0.000007 0.000003 0.000000 
0.000000 0.000003 0.000006 0.000011 0.000018 0.000031 0.000050 0.000081 0.000130 0.000206 0.000321 0.000497 0.000761 0.001152 0.001724 0.002554 0.003743 0.005425 0.007778 0.011031 0.015473 0.021469 0.029464 0.039994 0.053695 0.071302 0.093644 0.121638 0.156268 0.198550 0.249498 0.310067 0.381093 0.463224 0.556838 0.661976 0.778264 0.904856 1.040392 1.182976 1.330191 1.479138 1.626512 1.768716 1.901993 2.022594 2.126942 2.211816 2.274509 2.312976 2.325942 2.312976 2.274509 2.211816 2.126942 2.022594 1.901993 1.768716 1.626512 1.479138 1.330191 1.182976 1.040392 0.904856 0.778264 0.661976 0.556838 0.463224 0.381093 0.310067 0.249498 0.198550 0.156268 0.121638 0.093644 0.071302 0.053695 0.039994 0.029464 0.021469 0.015473 0.011031 0.007778 0.005425 0.003743 0.002554 0.001724 0.001152 0.000761 0.000497 0.000321 0.000206 0.000130 0.000081 0.000050 0.000030 0.000018 0.000010 0.000004 0.000000 
0.000000 0.000004 0.000008 0.000015 0.000025 0.000042 0.000069 0.000111 0.000177 0.000280 0.000438 0.000677 0.001035 0.001567 0.002345 0.003473 0.005088 0.007372 0.010567 0.014983 0.021013 0.029149 0.039994 0.054278 0.072857 0.096728 0.127015 0.164957 0.211884 0.269172 0.338190 0.420230 0.516421 0.627634 0.754383 0.896717 1.054128 1.225470 1.408899 1.601850 1.801052 2.002581 2.201970 2.394351 2.574648 2.737788 2.878938 2.993742 3.078541 3.130571 3.148109 3.130571 3.078541 2.993742 2.878938 2.737788 2.574648 2.394351 2.201970 2.002581 1.801052 1.601850 1.408899 1.225470 1.054128 0.896717 0.754383 0.627634 0.516421 0.420230 0.338190 0.269172 0.211884 0.164957 0.127015 0.096728 0.072857 0.054278 0.039994 0.029149 0.021013 0.014983 0.010567 0.007372 0.005088 0.003473 0.002345 0.001567 0.001035 0.000677 0.000438 0.000280 0.000177 0.000111 0.000068 0.000042 0.000025 0.000014 0.000006 0.000000 
0.000000 0.000005 0.000011 0.000020 0.000034 0.000057 0.000093 0.000149 0.000239 0.000377 0.000589 0.000911 0.001393 0.002108 0.003154 0.004670 0.006839 0.009909 0.014199 0.020128 0.028223 0.039142 0.053695 0.072857 0.097779 0.129792 0.170401 0.221267 0.284167 0.360943 0.453426 0.563342 0.692200 0.841164 1.010915 1.201517 1.412288 1.641688 1.887247 2.145533 2.412164 2.681892 2.948737 3.206191 3.447459 3.665760 3.854628 4.008239 4.121700 4.191315 4.214781 4.191315 4.121700 4.008239 3.854628 3.665760 3.447459 3.206191 2.948737 2.681892 2.412164 2.145533 1.887247 1.641688 1.412288 1.201517 1.010915 0.841164 0.692200 0.563342 0.453426 0.360943 0.284167 0.221267 0.170401 0.129792 0.097779 0.072857 0.053695 0.039142 0.028223 0.020128 0.014199 0.009909 0.006839 0.004670 0.003154 0.002108 0.001393 0.000911 0.000589 0.000377 0.000239 0.000149 0.000092 0.000056 0.000033 0.000018 0.000008 0.000000 
0.000000 0.000006 0.000015 0.000027 0.000045 0.000075 0.000123 0.000199 0.000318 0.000502 0.000785 0.001213 0.001854 0.002804 0.004196 0.006211 0.009094 0.013171 0.018871 0.026744 0.037491 0.051986 0.071302 0.096728 0.129792 0.172256 0.226113 0.293562 0.376956 0.478730 0.601309 0.746974 0.917719 1.115081 1.339958 1.592430 1.871587 2.175390 2.500564 2.842563 3.195584 3.552681 3.905941 4.246748 4.566115 4.855067 5.105053 5.308366 5.458536 5.550672 5.581729 5.550672 5.458536 5.308366 5.105053 4.855067 4.566115 4.246748 3.905941 3.552681 3.195584 2.842563 2.500564 2.175390 1.871587 1.592430 1.339958 1.115081 0.917719 0.746974 0.601309 0.478730 0.376956 0.293562 0.226113 0.172256 0.129792 0.096728 0.071302 0.051986 0.037491 0.026744 0.018871 0.013171 0.009094 0.006210 0.004196 0.002804 0.001854 0.001213 0.000785 0.000502 0.000318 0.000199 0.000123 0.000075 0.000044 0.000024 0.000011 0.000000 
0.000000 0.000008 0.000019 0.000035 0.000060 0.000099 0.000163 0.000262 0.000419 0.000661 0.001033 0.001596 0.002440 0.003690 0.005520 0.008168 0.011958 0.017316 0.024803 0.035145 0.049258 0.068289 0.093644 0.127015 0.170401 0.226113 0.296762 0.385226 0.494585 0.628030 0.788730 0.979671 1.203460 1.462104 1.756773 2.087566 2.453288 2.851259 3.277191 3.725124 4.187461 4.655104 5.117695 5.563955 5.982122 6.360449 6.687748 6.953931 7.150535 7.271159 7.311819 7.271159 7.150535 6.953931 6.687748 6.360449 5.982122 5.563955 5.117695 4.655104 4.187461 3.725124 3.277191 2.851259 2.453288 2.087566 1.756773 1.462104 1.203460 0.979671 0.788730 0.628030 0.494585 0.385226 0.296762 0.226113 0.170401 0.127015 0.093644 0.068289 0.049258 0.035145 0.024803 0.017316 0.011958 0.008168 0.005520 0.003690 0.002440 0.001596 0.001033 0.000661 0.000419 0.000262 0.000162 0.000099 0.000058 0.000032 0.000014 0.000000 
0.000000 0.000011 0.000025 0.000046 0.000078 0.000130 0.000212 0.000342 0.000546 0.000862 0.001345 0.002078 0.003176 0.004802 0.007181 0.010625 0.015550 0.022514 0.032243 0.045676 0.064007 0.088720 0.121638 0.164957 0.221267 0.293562 0.385226 0.499986 0.641833 0.814896 1.023278 1.270843 1.560962 1.896228 2.278152 2.706853 3.180775 3.696442 4.248294 4.828606 5.427537 6.033305 6.632492 7.210498 7.752093 8.242071 8.665946 9.010665 9.265270 9.421478 9.474132 9.421478 9.265270 9.010665 8.665946 8.242071 7.752093 7.210498 6.632492 6.033305 5.427537 4.828606 4.248294 3.696442 3.180775 2.706853 2.278152 1.896228 1.560962 1.270843 1.023278 0.814896 0.641833 0.499986 0.385226 0.293562 0.221267 0.164957 0.121638 0.088720 0.064007 0.045676 0.032243 0.022514 0.015550 0.010625 0.007181 0.004802 0.003176 0.002078 0.001345 0.000862 0.000546 0.000342 0.000211 0.000128 0.000076 0.000042 0.000019 0.000000 
0.000000 0.000014 0.000032 0.000059 0.000101 0.000167 0.000273 0.000441 0.000703 0.001110 0.001733 0.002676 0.004088 0.006180 0.009240 0.013668 0.020000 0.028950 0.041452 0.058711 0.082257 0.113997 0.156268 0.211884 0.284167 0.376956 0.494585 0.641833 0.823809 1.045803 1.313069 1.630552 2.002564 2.432420 2.922046 3.471588 4.079041 4.739946 5.447171 6.190815 6.958268 7.734433 8.502126 9.242643 9.936483 10.564173 11.107166 11.548747 11.874887 12.074982 12.142427 12.074982 11.874887 11.548747 11.107166 10.564173 9.936483 9.242643 8.502126 7.734433 6.958268 6.190815 5.447171 4.739946 4.079041 3.471588 2.922046 2.432420 2.002564 1.630552 1.313069 1.045803 0.823809 0.641833 0.494585 0.376956 0.284167 0.211884 0.156268 0.113997 0.082257 0.058711 0.041452 0.028950 0.020000 0.013668 0.009240 0.006180 0.004088 0.002676 0.001733 0.001110 0.000703 0.000440 0.000272 0.000166 0.000098 0.000054 0.000024 0.000000 
0.000000 0.000018 0.000041 0.000075 0.000128 0.000213 0.000348 0.000562 0.000896 0.001414 0.002207 0.003407 0.005205 0.007865 0.011758 0.017388 0.025438 0.036815 0.052704 0.074635 0.104549 0.144865 0.198550 0.269172 0.360943 0.478730 0.628030 0.814896 1.045803 1.327454 1.666501 2.069205 2.541023 3.086147 3.707008 4.403779 5.173910 6.011739 6.908220 7.850800 8.823497 9.807178 10.780070 11.718480 12.597703 13.393073 14.081101 14.640616 15.053852 15.307380 15.392836 15.307380 15.053852 14.640616 14.081101 13.393073 12.597703 11.718480 10.780070 9.807178 8.823497 7.850800 6.908220 6.011739 5.173910 4.403779 3.707008 3.086147 2.541023 2.069205 1.666501 1.327454 1.045803 0.814896 0.628030 0.478730 0.360943 0.269172 0.198550 0.144865 0.104549 0.074635 0.052704 0.036815 0.025438 0.017388 0.011758 0.007865 0.005205 0.003407 0.002207 0.001414 0.000896 0.000561 0.000347 0.000211 0.000125 0.000069 0.000031 0.000000 
0.000000 0.000023 0.000052 0.000095 0.000162 0.000269 0.000439 0.000708 0.001129 0.001781 0.002779 0.004290 0.006552 0.009899 0.014795 0.021876 0.031999 0.046300 0.066271 0.093832 0.131418 0.182066 0.249498 0.338190 0.453426 0.601309 0.788730 1.023278 1.313069 1.666501 2.091907 2.597128 3.188996 3.872755 4.651438 5.525250 6.490981 7.541524 8.665528 9.847253 11.066661 12.299770 13.519294 14.695543 15.797561 16.794445 17.656766 18.358004 18.875902 19.193638 19.300736 19.193638 18.875902 18.358004 17.656766 16.794445 15.797561 14.695543 13.519294 12.299770 11.066661 9.847253 8.665528 7.541524 6.490981 5.525250 4.651438 3.872755 3.188996 2.597128 2.091907 1.666501 1.313069 1.023278 0.788730 0.601309 0.453426 0.338190 0.249498 0.182066 0.131418 0.093832 0.066271 0.046300 0.031999 0.021876 0.014795 0.009899 0.006552 0.004290 0.002779 0.001781 0.001129 0.000707 0.000438 0.000266 0.000157 0.000087 0.000039 0.000000 
0.000000 0.000029 0.000065 0.000118 0.000202 0.000335 0.000547 0.000883 0.001407 0.002219 0.003461 0.005342 0.008157 0.012321 0.018412 0.027219 0.039805 0.057586 0.082412 0.116666 0.163372 0.226299 0.310067 0.420230 0.563342 0.746974 0.979671 1.270843 1.630552 2.069205 2.597128 3.224035 3.958385 4.806667 5.772627 6.856503 8.054302 9.357196 10.751101 12.216496 13.728531 15.257475 16.769502 18.227814 19.594043 20.829893 21.898895 22.768188 23.410192 23.804064 23.936825 23.804064 23.410192 22.768188 21.898895 20.829893 19.594043 18.227814 16.769502 15.257475 13.728531 12.216496 10.751101 9.357196 8.054302 6.856503 5.772627 4.806667 3.958385 3.224035 2.597128 2.069205 1.630552 1.270843 0.979671 0.746974 0.563342 0.420230 0.310067 0.226299 0.163372 0.116666 0.082412 0.057586 0.039805 0.027219 0.018412 0.012321 0.008156 0.005342 0.003461 0.002218 0.001406 0.000882 0.000546 0.000332 0.000196 0.000109 0.000048 0.000000 
0.000000 0.000035 0.000080 0.000146 0.000249 0.000413 0.000675 0.001088 0.001733 0.002733 0.004263 0.006578 0.010041 0.015165 0.022658 0.033490 0.048969 0.070831 0.101350 0.143453 0.200853 0.278177 0.381093 0.516421 0.692200 0.917719 1.203460 1.560962 2.002564 2.541023 3.188996 3.958385 4.859552 5.900437 7.085619 8.415371 9.884778 11.483001 13.192753 14.990085 16.844520 18.719599 20.573849 22.362153 24.037479 25.552884 26.863666 27.929548 28.716729 29.199663 29.362442 29.199663 28.716729 27.929548 26.863666 25.552884 24.037479 22.362153 20.573849 18.719599 16.844520 14.990085 13.192753 11.483001 9.884778 8.415371 7.085619 5.900437 4.859552 3.958385 3.188996 2.541023 2.002564 1.560962 1.203460 0.917719 0.692200 0.516421 0.381093 0.278177 0.200853 0.143453 0.101350 0.070831 0.048969 0.033490 0.022658 0.015165 0.010041 0.006577 0.004262 0.002733 0.001733 0.001086 0.000672 0.000409 0.000242 0.000134 0.000059 0.000000 
0.000000 0.000043 0.000098 0.000178 0.000304 0.000504 0.000822 0.001325 0.002112 0.003329 0.005191 0.008009 0.012224 0.018459 0.027574 0.040750 0.059574 0.086158 0.123261 0.174442 0.244206 0.338173 0.463224 0.627634 0.841164 1.115081 1.462104 1.896228 2.432420 3.086147 3.872755 4.806667 5.900437 7.163679 8.601928 10.215495 11.998397 13.937469 16.011728 18.192114 20.441656 22.716133 24.965248 27.134291 29.166236 31.004165 32.593884 33.886563 34.841225 35.426903 35.624313 35.426903 34.841225 33.886563 32.593884 31.004165 29.166236 27.134291 24.965248 22.716133 20.441656 18.192114 16.011728 13.937469 11.998397 10.215495 8.601928 7.163679 5.900437 4.806667 3.872755 3.086147 2.432420 1.896228 1.462104 1.115081 0.841164 0.627634 0.463224 0.338173 0.244206 0.174442 0.123261 0.086158 0.059574 0.040750 0.027574 0.018459 0.012224 0.008009 0.005191 0.003328 0.002111 0.001324 0.000820 0.000499 0.000295 0.000163 0.000072 0.000000 
0.000000 0.000052 0.000118 0.000215 0.000366 0.000607 0.000991 0.001597 0.002544 0.004010 0.006252 0.009643 0.014716 0.022218 0.033184 0.049033 0.071673 0.103640 0.148251 0.209778 0.293634 0.406566 0.556838 0.754383 1.010915 1.339958 1.756773 2.278152 2.922046 3.707008 4.651438 5.772627 7.085619 8.601928 10.328173 12.264703 14.404318 16.731203 19.220168 21.836338 24.535352 27.264162 29.962435 32.564552 35.002122 37.206886 39.113857 40.664481 41.809624 42.512156 42.748950 42.512156 41.809624 40.664481 39.113857 37.206886 35.002122 32.564552 29.962435 27.264162 24.535352 21.836338 19.220168 16.731203 14.404318 12.264703 10.328173 8.601928 7.085619 5.772627 4.651438 3.707008 2.922046 2.278152 1.756773 1.339958 1.010915 0.754383 0.556838 0.406566 0.293634 0.209778 0.148251 0.103640 0.071673 0.049033 0.033184 0.022218 0.014716 0.009643 0.006251 0.004009 0.002543 0.001595 0.000988 0.000601 0.000356 0.000197 0.000087 0.000000 
0.000000 0.000062 0.000141 0.000256 0.000437 0.000724 0.001181 0.001902 0.003031 0.004776 0.007445 0.011482 0.017519 0.026445 0.039492 0.058344 0.085271 0.123286 0.176330 0.249478 0.349160 0.483389 0.661976 0.896717 1.201517 1.592430 2.087566 2.706853 3.471588 4.403779 5.525250 6.856503 8.415371 10.215495 12.264703 14.563383 17.102969 19.864668 22.818575 25.923291 29.126175 32.364280 35.566029 38.653575 41.545793 44.161716 46.424264 48.263990 49.622619 50.456114 50.737050 50.456114 49.622619 48.263990 46.424264 44.161716 41.545793 38.653575 35.566029 32.364280 29.126175 25.923291 22.818575 19.864668 17.102969 14.563383 12.264703 10.215495 8.415371 6.856503 5.525250 4.403779 3.471588 2.706853 2.087566 1.592430 1.201517 0.896717 0.661976 0.483389 0.349160 0.249478 0.176330 0.123286 0.085271 0.058344 0.039492 0.026445 0.017519 0.011481 0.007444 0.004775 0.003029 0.001900 0.001177 0.000717 0.000424 0.000235 0.000104 0.000000 
0.000000 0.000073 0.000166 0.000302 0.000515 0.000853 0.001391 0.002241 0.003570 0.005624 0.008766 0.013518 0.020623 0.031126 0.046476 0.068653 0.100324 0.145030 0.207403 0.293405 0.410589 0.568368 0.778264 1.054128 1.412288 1.871587 2.453288 3.180775 4.079041 5.173910 6.490981 8.054302 9.884778 11.998397 14.404318 17.102969 20.084267 23.326133 26.793447 30.437611 34.196836 37.997251 41.754863 45.378332 48.772474 51.842301 54.497384 56.656255 58.250551 59.228617 59.558280 59.228617 58.250551 56.656255 54.497384 51.842301 48.772474 45.378332 41.754863 37.997251 34.196836 30.437611 26.793447 23.326133 20.084267 17.102969 14.404318 11.998397 9.884778 8.054302 6.490981 5.173910 4.079041 3.180775 2.453288 1.871587 1.412288 1.054128 0.778264 0.568368 0.410589 0.293405 0.207403 0.145030 0.100324 0.068653 0.046476 0.031126 0.020623 0.013518 0.008766 0.005623 0.003568 0.002239 0.001387 0.000845 0.000500 0.000277 0.000123 0.000000 
0.000000 0.000085 0.000193 0.000352 0.000600 0.000994 0.001621 0.002611 0.004158 0.006550 0.010207 0.015738 0.024006 0.036227 0.054086 0.079884 0.116721 0.168714 0.241244 0.341240 0.477476 0.660887 0.904856 1.225470 1.641688 2.175390 2.851259 3.696442 4.739946 6.011739 7.541524 9.357196 11.483001 13.937469 16.731203 19.864668 23.326133 27.089939 31.115299 35.345786 39.709672 44.121212 48.482920 52.688798 56.628387 60.191464 63.273101 65.778770 67.629152 68.764311 69.146923 68.764311 67.629152 65.778770 63.273101 60.191464 56.628387 52.688798 48.482920 44.121212 39.709672 35.345786 31.115299 27.089939 23.326133 19.864668 16.731203 13.937469 11.483001 9.357196 7.541524 6.011739 4.739946 3.696442 2.851259 2.175390 1.641688 1.225470 0.904856 0.660887 0.477476 0.341240 0.241244 0.168714 0.116721 0.079884 0.054086 0.036227 0.024006 0.015737 0.010207 0.006549 0.004156 0.002608 0.001616 0.000984 0.000583 0.000322 0.000143 0.000000 
0.000000 0.000098 0.000223 0.000405 0.000691 0.001145 0.001868 0.003007 0.004788 0.007542 0.011752 0.018117 0.027632 0.041694 0.062241 0.091917 0.134288 0.194085 0.277492 0.392470 0.549103 0.759952 1.040392 1.408899 1.887247 2.500564 3.277191 4.248294 5.447171 6.908220 8.665528 10.751101 13.192753 16.011728 19.220168 22.818575 26.793447 31.115299 35.737282 40.594597 45.604888 50.669721 55.677191 60.505628 65.028251 69.118559 72.656127 75.532473 77.656570 78.959638 79.398842 78.959638 77.656570 75.532473 72.656127 69.118559 65.028251 60.505628 55.677191 50.669721 45.604888 40.594597 35.737282 31.115299 26.793447 22.818575 19.220168 16.011728 13.192753 10.751101 8.665528 6.908220 5.447171 4.248294 3.277191 2.500564 1.887247 1.408899 1.040392 0.759952 0.549103 0.392470 0.277492 0.194085 0.134288 0.091917 0.062241 0.041694 0.027632 0.018117 0.011752 0.007541 0.004787 0.003004 0.001861 0.001134 0.000672 0.000372 0.000165 0.000000 
0.000000 0.000112 0.000254 0.000462 0.000787 0.001305 0.002127 0.003425 0.005453 0.008588 0.013380 0.020624 0.031451 0.047452 0.070827 0.104586 0.152780 0.220788 0.315639 0.446379 0.624469 0.864179 1.182976 1.601850 2.145533 2.842563 3.725124 4.828606 6.190815 7.850800 9.847253 12.216496 14.990085 18.192114 21.836338 25.923291 30.437611 35.345786 40.594597 46.110448 51.799821 57.550948 63.236780 68.719187 73.854250 78.498367 82.514843 85.780541 88.192141 89.671573 90.170220 89.671573 88.192141 85.780541 82.514843 78.498367 73.854250 68.719187 63.236780 57.550948 51.799821 46.110448 40.594597 35.345786 30.437611 25.923291 21.836338 18.192114 14.990085 12.216496 9.847253 7.850800 6.190815 4.828606 3.725124 2.842563 2.145533 1.601850 1.182976 0.864179 0.624469 0.446379 0.315639 0.220788 0.152780 0.104586 0.070827 0.047451 0.031451 0.020623 0.013379 0.008586 0.005451 0.003421 0.002120 0.001292 0.000765 0.000423 0.000188 0.000000 
0.000000 0.000126 0.000286 0.000520 0.000887 0.001470 0.002396 0.003857 0.006140 0.009668 0.015062 0.023214 0.035398 0.053401 0.079698 0.117674 0.171883 0.248371 0.355039 0.502055 0.702296 0.971800 1.330191 1.801052 2.412164 3.195584 4.187461 5.427537 6.958268 8.823497 11.066661 13.728531 16.844520 20.441656 24.535352 29.126175 34.196836 39.709672 45.604888 51.799821 58.189438 64.648226 71.033520 77.190224 82.956747 88.171864 92.682106 96.349231 99.057247 100.718511 101.278443 100.718511 99.057247 96.349231 92.682106 88.171864 82.956747 77.190224 71.033520 64.648226 58.189438 51.799821 45.604888 39.709672 34.196836 29.126175 24.535352 20.441656 16.844520 13.728531 11.066661 8.823497 6.958268 5.427537 4.187461 3.195584 2.412164 1.801052 1.330191 0.971800 0.702296 0.502055 0.355039 0.248371 0.171883 0.117674 0.079698 0.053401 0.035398 0.023214 0.015061 0.009667 0.006137 0.003853 0.002388 0.001455 0.000862 0.000477 0.000212 0.000000 
0.000000 0.000141 0.000319 0.000580 0.000988 0.001637 0.002668 0.004295 0.006836 0.010763 0.016766 0.025838 0.039395 0.059425 0.088680 0.130924 0.191220 0.276290 0.394915 0.558398 0.781051 1.080695 1.479138 2.002581 2.681892 3.552681 4.655104 6.033305 7.734433 9.807178 12.299770 15.257475 18.719599 22.716133 27.264162 32.364280 37.997251 44.121212 50.669721 57.550948 64.648226 71.822150 78.914277 85.752370 92.156983 97.949084 102.958261 107.031011 110.038540 111.883534 112.505392 111.883534 110.038540 107.031011 102.958261 97.949084 92.156983 85.752370 78.914277 71.822150 64.648226 57.550948 50.669721 44.121212 37.997251 32.364280 27.264162 22.716133 18.719599 15.257475 12.299770 9.807178 7.734433 6.033305 4.655104 3.552681 2.681892 2.002581 1.479138 1.080695 0.781051 0.558398 0.394915 0.276290 0.191220 0.130924 0.088680 0.059424 0.039395 0.025838 0.016765 0.010762 0.006833 0.004290 0.002659 0.001621 0.000960 0.000531 0.000236 0.000000 
0.000000 0.000155 0.000351 0.000639 0.001088 0.001802 0.002938 0.004728 0.007526 0.011848 0.018454 0.028436 0.043353 0.065389 0.097573 0.144041 0.210362 0.303924 0.434382 0.614159 0.858985 1.188447 1.626512 2.201970 2.948737 3.905941 5.117695 6.632492 8.502126 10.780070 13.519294 16.769502 20.573849 24.965248 29.962435 35.566029 41.754863 48.482920 55.677191 63.236780 71.033520 78.914277 86.705017 94.216560 101.251818 107.614164 113.116441 117.590068 120.893604 122.920176 123.603233 122.920176 120.893604 117.590068 113.116441 107.614164 101.251818 94.216560 86.705017 78.914277 71.033520 63.236780 55.677191 48.482920 41.754863 35.566029 29.962435 24.965248 20.573849 16.769502 13.519294 10.780070 8.502126 6.632492 5.117695 3.905941 2.948737 2.201970 1.626512 1.188447 0.858985 0.614159 0.434382 0.303924 0.210362 0.144041 0.097573 0.065389 0.043353 0.028436 0.018453 0.011846 0.007522 0.004723 0.002928 0.001785 0.001057 0.000585 0.000260 0.000000 
