0.000000 0.000000 0.000000 0.000000 0.000000 0.000000 0.000000 0.000000 0.000000 0.000000 0.000000 0.000000 0.000000 0.000000 0.000000 0.000000 0.000000 0.000000 0.000000 0.000000 0.000000 0.000000 0.000000 0.000000 0.000000 0.000000 0.000000 0.000000 0.000000 0.000000 0.000000 0.000000 0.000000 0.000000 0.000000 0.000000 0.000000 0.000000 0.000000 0.000000 0.000000 0.000000 0.000000 0.000000 0.000000 0.000000 0.000000 0.000000 0.000000 0.000000 0.000000 0.000000 0.000000 0.000000 0.000000 0.000000 0.000000 0.000000 0.000000 0.000000 0.000000 0.000000 0.000000 0.000000 0.000000 0.000000 0.000000 0.000000 0.000000 0.000000 0.000000 0.000000 0.000000 0.000000 0.000000 0.000000 0.000000 0.000000 0.000000 0.000000 0.000000 0.000000 0.000000 0.000000 0.000000 0.000000 0.000000 0.000000 0.000000 0.000000 0.000000 0.000000 0.000000 0.000000 0.000000 0.000000 0.000000 0.000000 0.000000 0.000000 
0.000000 0.000000 0.000000 0.000000 0.000000 0.000000 0.000000 0.000000 0.000000 0.000000 0.000000 0.000001 0.000001 0.000001 0.000002 0.000003 0.000004 0.000006 0.000008 0.000010 0.000014 0.000019 0.000025 0.000032 0.000041 0.000053 0.000067 0.000084 0.000105 0.000129 0.000157 0.000190 0.000227 0.000269 0.000316 0.000367 0.000422 0.000481 0.000543 0.000607 0.000673 0.000738 0.000801 0.000862 0.000918 0.000968 0.001011 0.001046 0.001072 0.001088 0.001093 0.001088 0.001072 0.001046 0.001011 0.000968 0.000918 0.000862 0.000801 0.000738 0.000673 0.000607 0.000543 0.000481 0.000422 0.000367 0.000316 0.000269 0.000227 0.000190 0.000157 0.000129 0.000105 0.000084 0.000067 0.000053 0.000041 0.000032 0.000025 0.000019 0.000014 0.000010 0.000008 0.000006 0.000004 0.000003 0.000002 0.000001 0.000001 0.000001 0.000000 0.000000 0.000000 0.000000 0.000000 0.000000 0.000000 0.000000 0.000000 0.000000 
0.000000 0.000000 0.000000 0.000000 0.000000 0.000000 0.000000 0.000000 0.000000 0.000001 0.000001 0.000002 0.000002 0.000003 0.000005 0.000006 0.000009 0.000012 0.000017 0.000023 0.000031 0.000041 0.000054 0.000070 0.000091 0.000116 0.000147 0.000185 0.000230 0.000283 0.000345 0.000417 0.000498 0.000590 0.000693 0.000805 0.000927 0.001056 0.001192 0.001333 0.001476 0.001618 0.001757 0.001890 0.002013 0.002123 0.002218 0.002295 0.002351 0.002386 0.002397 0.002386 0.002351 0.002295 0.002218 0.002123 0.002013 0.001890 0.001757 0.001618 0.001476 0.001333 0.001192 0.001056 0.000927 0.000805 0.000693 0.000590 0.000498 0.000417 0.000345 0.000283 0.000230 0.000185 0.000147 0.000116 0.000091 0.000070 0.000054 0.000041 0.000031 0.000023 0.000017 0.000012 0.000009 0.000006 0.000005 0.000003 0.000002 0.000002 0.000001 0.000001 0.000000 0.000000 0.000000 0.000000 0.000000 0.000000 0.000000 0.000000 
0.000000 0.000000 0.000000 0.000000 0.000000 0.000000 0.000000 0.000001 0.000001 0.000001 0.000002 0.000003 0.000004 0.000006 0.000008 0.000011 0.000016 0.000022 0.000029 0.000040 0.000053 0.000071 0.000094 0.000122 0.000158 0.000202 0.000256 0.000321 0.000399 0.000491 0.000599 0.000723 0.000865 0.001025 0.001202 0.001397 0.001608 0.001832 0.002068 0.002312 0.002560 0.002807 0.003048 0.003278 0.003491 0.003683 0.003847 0.003980 0.004077 0.004137 0.004157 0.004137 0.004077 0.003980 0.003847 0.003683 0.003491 0.003278 0.003048 0.002807 0.002560 0.002312 0.002068 0.001832 0.001608 0.001397 0.001202 0.001025 0.000865 0.000723 0.000599 0.000491 0.000399 0.000321 0.000256 0.000202 0.000158 0.000122 0.000094 0.000071 0.000053 0.000040 0.000029 0.000022 0.000016 0.000011 0.000008 0.000006 0.000004 0.000003 0.000002 0.000001 0.000001 0.000001 0.000000 0.000000 0.000000 0.000000 0.000000 0.000000 
0.000000 0.000000 0.000000 0.000000 0.000000 0.000000 0.000001 0.000001 0.000001 0.000002 0.000003 0.000004 0.000006 0.000009 0.000013 0.000018 0.000025 0.000035 0.000047 0.000064 0.000086 0.000115 0.000151 0.000197 0.000254 0.000325 0.000412 0.000517 0.000642 0.000791 0.000964 0.001164 0.001392 0.001649 0.001935 0.002248 0.002587 0.002948 0.003327 0.003720 0.004118 0.004515 0.004902 0.005272 0.005615 0.005922 0.006186 0.006400 0.006557 0.006653 0.006685 0.006653 0.006557 0.006400 0.006186 0.005922 0.005615 0.005272 0.004902 0.004515 0.004118 0.003720 0.003327 0.002948 0.002587 0.002248 0.001935 0.001649 0.001392 0.001164 0.000964 0.000791 0.000642 0.000517 0.000412 0.000325 0.000254 0.000197 0.000151 0.000115 0.000086 0.000064 0.000047 0.000035 0.000025 0.000018 0.000013 0.000009 0.000006 0.000004 0.000003 0.000002 0.000001 0.000001 0.000001 0.000000 0.000000 0.000000 0.000000 0.000000 
0.000000 0.000000 0.000000 0.000000 0.000000 0.000001 0.000001 0.000001 0.000002 0.000003 0.000005 0.000007 0.000010 0.000014 0.000020 0.000028 0.000039 0.000054 0.000074 0.000100 0.000135 0.000179 0.000235 0.000307 0.000396 0.000507 0.000642 0.000806 0.001001 0.001232 0.001502 0.001814 0.002169 0.002569 0.003014 0.003501 0.004028 0.004590 0.005181 0.005791 0.006410 0.007028 0.007631 0.008206 0.008739 0.009217 0.009628 0.009960 0.010204 0.010353 0.010403 0.010353 0.010204 0.009960 0.009628 0.009217 0.008739 0.008206 0.007631 0.007028 0.006410 0.005791 0.005181 0.004590 0.004028 0.003501 0.003014 0.002569 0.002169 0.001814 0.001502 0.001232 0.001001 0.000806 0.000642 0.000507 0.000396 0.000307 0.000235 0.000179 0.000135 0.000100 0.000074 0.000054 0.000039 0.000028 0.000020 0.000014 0.000010 0.000007 0.000005 0.000003 0.000002 0.000001 0.000001 0.000001 0.000000 0.000000 0.000000 0.000000 
0.000000 0.000000 0.000000 0.000000 0.000001 0.000001 0.000001 0.000002 0.000003 0.000005 0.000007 0.000010 0.000015 0.000022 0.000031 0.000043 0.000060 0.000083 0.000114 0.000154 0.000206 0.000274 0.000361 0.000470 0.000607 0.000776 0.000983 0.001234 0.001533 0.001886 0.002299 0.002776 0.003319 0.003930 0.004610 0.005355 0.006161 0.007020 0.007922 0.008854 0.009800 0.010744 0.011665 0.012543 0.013357 0.014088 0.014715 0.015222 0.015595 0.015823 0.015900 0.015823 0.015595 0.015222 0.014715 0.014088 0.013357 0.012543 0.011665 0.010744 0.009800 0.008854 0.007922 0.007020 0.006161 0.005355 0.004610 0.003930 0.003319 0.002776 0.002299 0.001886 0.001533 0.001234 0.000983 0.000776 0.000607 0.000470 0.000361 0.000274 0.000206 0.000154 0.000114 0.000083 0.000060 0.000043 0.000031 0.000022 0.000015 0.000010 0.000007 0.000005 0.000003 0.000002 0.000001 0.000001 0.000001 0.000000 0.000000 0.000000 
0.000000 0.000000 0.000000 0.000001 0.000001 0.000001 0.000002 0.000003 0.000005 0.000007 0.000011 0.000016 0.000023 0.000033 0.000047 0.000066 0.000091 0.000126 0.000172 0.000233 0.000312 0.000415 0.000546 0.000712 0.000919 0.001174 0.001487 0.001865 0.002317 0.002851 0.003475 0.004194 0.005014 0.005937 0.006963 0.008088 0.009304 0.010600 0.011961 0.013367 0.014795 0.016218 0.017608 0.018932 0.020160 0.021262 0.022208 0.022972 0.023535 0.023878 0.023994 0.023878 0.023535 0.022972 0.022208 0.021262 0.020160 0.018932 0.017608 0.016218 0.014795 0.013367 0.011961 0.010600 0.009304 0.008088 0.006963 0.005937 0.005014 0.004194 0.003475 0.002851 0.002317 0.001865 0.001487 0.001174 0.000919 0.000712 0.000546 0.000415 0.000312 0.000233 0.000172 0.000126 0.000091 0.000066 0.000047 0.000033 0.000023 0.000016 0.000011 0.000007 0.000005 0.000003 0.000002 0.000001 0.000001 0.000000 0.000000 0.000000 
0.000000 0.000000 0.000000 0.000001 0.000001 0.000002 0.000003 0.000005 0.000007 0.000011 0.000016 0.000024 0.000034 0.000049 0.000070 0.000098 0.000137 0.000189 0.000258 0.000349 0.000468 0.000622 0.000818 0.001065 0.001375 0.001758 0.002225 0.002791 0.003466 0.004264 0.005196 0.006271 0.007497 0.008875 0.010407 0.012087 0.013903 0.015838 0.017870 0.019970 0.022101 0.024226 0.026299 0.028276 0.030109 0.031752 0.033164 0.034305 0.035144 0.035657 0.035830 0.035657 0.035144 0.034305 0.033164 0.031752 0.030109 0.028276 0.026299 0.024226 0.022101 0.019970 0.017870 0.015838 0.013903 0.012087 0.010407 0.008875 0.007497 0.006271 0.005196 0.004264 0.003466 0.002791 0.002225 0.001758 0.001375 0.001065 0.000818 0.000622 0.000468 0.000349 0.000258 0.000189 0.000137 0.000098 0.000070 0.000049 0.000034 0.000024 0.000016 0.000011 0.000007 0.000005 0.000003 0.000002 0.000001 0.000001 0.000000 0.000000 
0.000000 0.000000 0.000001 0.000001 0.000002 0.000003 0.000005 0.000007 0.000011 0.000016 0.000024 0.000035 0.000051 0.000073 0.000104 0.000146 0.000203 0.000280 0.000383 0.000518 0.000694 0.000922 0.001213 0.001580 0.002038 0.002605 0.003297 0.004134 0.005135 0.006316 0.007695 0.009286 0.011098 0.013138 0.015404 0.017888 0.020573 0.023435 0.026440 0.029543 0.032694 0.035834 0.038899 0.041821 0.044530 0.046959 0.049045 0.050731 0.051971 0.052729 0.052984 0.052729 0.051971 0.050731 0.049045 0.046959 0.044530 0.041821 0.038899 0.035834 0.032694 0.029543 0.026440 0.023435 0.020573 0.017888 0.015404 0.013138 0.011098 0.009286 0.007695 0.006316 0.005135 0.004134 0.003297 0.002605 0.002038 0.001580 0.001213 0.000922 0.000694 0.000518 0.000383 0.000280 0.000203 0.000146 0.000104 0.000073 0.000051 0.000035 0.000024 0.000016 0.000011 0.000007 0.000005 0.000003 0.000002 0.000001 0.000001 0.000000 
0.000000 0.000000 0.000001 0.000002 0.000003 0.000005 0.000007 0.000011 0.000016 0.000024 0.000036 0.000052 0.000075 0.000108 0.000153 0.000215 0.000299 0.000412 0.000563 0.000761 0.001020 0.001355 0.001781 0.002320 0.002992 0.003824 0.004840 0.006067 0.007534 0.009266 0.011288 0.013619 0.016276 0.019265 0.022585 0.026224 0.030157 0.034350 0.038750 0.043295 0.047909 0.052507 0.056995 0.061272 0.065238 0.068795 0.071848 0.074317 0.076132 0.077242 0.077616 0.077242 0.076132 0.074317 0.071848 0.068795 0.065238 0.061272 0.056995 0.052507 0.047909 0.043295 0.038750 0.034350 0.030157 0.026224 0.022585 0.019265 0.016276 0.013619 0.011288 0.009266 0.007534 0.006067 0.004840 0.003824 0.002992 0.002320 0.001781 0.001355 0.001020 0.000761 0.000563 0.000412 0.000299 0.000215 0.000153 0.000108 0.000075 0.000052 0.000036 0.000024 0.000016 0.000011 0.000007 0.000005 0.000003 0.000002 0.000001 0.000000 
0.000000 0.000001 0.000002 0.000003 0.000004 0.000007 0.000010 0.000016 0.000024 0.000035 0.000052 0.000076 0.000110 0.000157 0.000223 0.000313 0.000435 0.000600 0.000820 0.001109 0.001485 0.001971 0.002592 0.003375 0.004353 0.005561 0.007037 0.008821 0.010952 0.013467 0.016404 0.019789 0.023646 0.027985 0.032805 0.038086 0.043795 0.049879 0.056263 0.062858 0.069553 0.076223 0.082732 0.088937 0.094690 0.099848 0.104276 0.107856 0.110489 0.112099 0.112641 0.112099 0.110489 0.107856 0.104276 0.099848 0.094690 0.088937 0.082732 0.076223 0.069553 0.062858 0.056263 0.049879 0.043795 0.038086 0.032805 0.027985 0.023646 0.019789 0.016404 0.013467 0.010952 0.008821 0.007037 0.005561 0.004353 0.003375 0.002592 0.001971 0.001485 0.001109 0.000820 0.000600 0.000435 0.000313 0.000223 0.000157 0.000110 0.000076 0.000052 0.000035 0.000024 0.000016 0.000010 0.000007 0.000004 0.000002 0.000001 0.000000 
0.000000 0.000001 0.000002 0.000004 0.000006 0.000010 0.000015 0.000023 0.000034 0.000051 0.000075 0.000110 0.000159 0.000227 0.000322 0.000452 0.000629 0.000866 0.001182 0.001599 0.002142 0.002842 0.003736 0.004864 0.006272 0.008012 0.010138 0.012705 0.015772 0.019392 0.023616 0.028487 0.034036 0.040277 0.047207 0.054802 0.063011 0.071757 0.080936 0.090415 0.100038 0.109625 0.118981 0.127897 0.136164 0.143576 0.149940 0.155084 0.158867 0.161180 0.161959 0.161180 0.158867 0.155084 0.149940 0.143576 0.136164 0.127897 0.118981 0.109625 0.100038 0.090415 0.080936 0.071757 0.063011 0.054802 0.047207 0.040277 0.034036 0.028487 0.023616 0.019392 0.015772 0.012705 0.010138 0.008012 0.006272 0.004864 0.003736 0.002842 0.002142 0.001599 0.001182 0.000866 0.000629 0.000452 0.000322 0.000227 0.000159 0.000110 0.000075 0.000051 0.000034 0.000023 0.000015 0.000010 0.000006 0.000003 0.000002 0.000000 
0.000000 0.000001 0.000003 0.000006 0.000009 0.000014 0.000022 0.000033 0.000049 0.000073 0.000108 0.000157 0.000227 0.000325 0.000460 0.000646 0.000899 0.001238 0.001690 0.002285 0.003060 0.004060 0.005335 0.006945 0.008954 0.011436 0.014468 0.018130 0.022502 0.027663 0.033686 0.040628 0.048535 0.057429 0.067303 0.078124 0.089818 0.102276 0.115349 0.128850 0.142554 0.156206 0.169527 0.182223 0.193994 0.204546 0.213606 0.220930 0.226315 0.229608 0.230717 0.229608 0.226315 0.220930 0.213606 0.204546 0.193994 0.182223 0.169527 0.156206 0.142554 0.128850 0.115349 0.102276 0.089818 0.078124 0.067303 0.057429 0.048535 0.040628 0.033686 0.027663 0.022502 0.018130 0.014468 0.011436 0.008954 0.006945 0.005335 0.004060 0.003060 0.002285 0.001690 0.001238 0.000899 0.000646 0.000460 0.000325 0.000227 0.000157 0.000108 0.000073 0.000049 0.000033 0.000022 0.000014 0.000009 0.000005 0.000002 0.000000 
0.000000 0.000002 0.000005 0.000008 0.000013 0.000020 0.000031 0.000047 0.000070 0.000104 0.000153 0.000223 0.000322 0.000460 0.000652 0.000915 0.001273 0.001753 0.002393 0.003234 0.004331 0.005745 0.007548 0.009824 0.012665 0.016172 0.020456 0.025629 0.031806 0.039097 0.047602 0.057406 0.068570 0.081125 0.095065 0.110338 0.126843 0.144424 0.162872 0.181922 0.201257 0.220519 0.239312 0.257222 0.273826 0.288711 0.301491 0.311821 0.319416 0.324061 0.325625 0.324061 0.319416 0.311821 0.301491 0.288711 0.273826 0.257222 0.239312 0.220519 0.201257 0.181922 0.162872 0.144424 0.126843 0.110338 0.095065 0.081125 0.068570 0.057406 0.047602 0.039097 0.031806 0.025629 0.020456 0.016172 0.012665 0.009824 0.007548 0.005745 0.004331 0.003234 0.002393 0.001753 0.001273 0.000915 0.000652 0.000460 0.000322 0.000223 0.000153 0.000104 0.000070 0.000047 0.000031 0.000020 0.000012 0.000007 0.000003 0.000000 
0.000000 0.000003 0.000006 0.000011 0.000018 0.000028 0.000043 0.000066 0.000098 0.000146 0.000215 0.000313 0.000452 0.000646 0.000915 0.001285 0.001786 0.002460 0.003356 0.004536 0.006073 0.008053 0.010579 0.013767 0.017745 0.022657 0.028654 0.035895 0.044540 0.054742 0.066642 0.080358 0.095975 0.113537 0.133032 0.154390 0.177469 0.202051 0.227843 0.254474 0.281502 0.308426 0.334693 0.359725 0.382931 0.403734 0.421593 0.436029 0.446642 0.453134 0.455319 0.453134 0.446642 0.436029 0.421593 0.403734 0.382931 0.359725 0.334693 0.308426 0.281502 0.254474 0.227843 0.202051 0.177469 0.154390 0.133032 0.113537 0.095975 0.080358 0.066642 0.054742 0.044540 0.035895 0.028654 0.022657 0.017745 0.013767 0.010579 0.008053 0.006073 0.004536 0.003356 0.002460 0.001786 0.001285 0.000915 0.000646 0.000452 0.000313 0.000215 0.000146 0.000098 0.000065 0.000043 0.000028 0.000017 0.000010 0.000005 0.000000 
0.000000 0.000004 0.000009 0.000016 0.000025 0.000039 0.000060 0.000091 0.000137 0.000203 0.000299 0.000435 0.000629 0.000899 0.001273 0.001786 0.002483 0.003419 0.004663 0.006301 0.008435 0.011184 0.014690 0.019112 0.024632 0.031445 0.039762 0.049804 0.061790 0.075934 0.092430 0.111441 0.133084 0.157420 0.184433 0.214024 0.245995 0.280047 0.315772 0.352656 0.390089 0.427374 0.463749 0.498411 0.530543 0.559347 0.584074 0.604061 0.618755 0.627743 0.630768 0.627743 0.618755 0.604061 0.584074 0.559347 0.530543 0.498411 0.463749 0.427374 0.390089 0.352656 0.315772 0.280047 0.245995 0.214024 0.184433 0.157420 0.133084 0.111441 0.092430 0.075934 0.061790 0.049804 0.039762 0.031445 0.024632 0.019112 0.014690 0.011184 0.008435 0.006301 0.004663 0.003419 0.002483 0.001786 0.001273 0.000899 0.000628 0.000435 0.000299 0.000203 0.000137 0.000091 0.000060 0.000039 0.000024 0.000014 0.000006 0.000000 
0.000000 0.000006 0.000012 0.000022 0.000035 0.000054 0.000083 0.000126 0.000189 0.000280 0.000412 0.000600 0.000866 0.001238 0.001753 0.002460 0.003419 0.004707 0.006419 0.008672 0.011606 0.015387 0.020207 0.026286 0.033872 0.043234 0.054662 0.068458 0.084923 0.104349 0.127003 0.153108 0.182825 0.216234 0.253315 0.293932 0.337812 0.384545 0.433569 0.484181 0.535542 0.586697 0.636602 0.684154 0.728233 0.767746 0.801665 0.829081 0.849237 0.861566 0.865715 0.861566 0.849237 0.829081 0.801665 0.767746 0.728233 0.684154 0.636602 0.586697 0.535542 0.484181 0.433569 0.384545 0.337812 0.293932 0.253315 0.216234 0.182825 0.153108 0.127003 0.104349 0.084923 0.068458 0.054662 0.043234 0.033872 0.026286 0.020207 0.015387 0.011606 0.008672 0.006419 0.004707 0.003419 0.002460 0.001753 0.001238 0.000866 0.000600 0.000412 0.000280 0.000189 0.000126 0.000083 0.000053 0.000033 0.000019 0.000009 0.000000 
0.000000 0.000008 0.000017 0.000029 0.000047 0.000074 0.000114 0.000172 0.000258 0.000383 0.000563 0.000820 0.001182 0.001690 0.002393 0.003356 0.004663 0.006419 0.008753 0.011823 0.015821 0.020971 0.027535 0.035814 0.046143 0.058888 0.074445 0.093221 0.115627 0.142060 0.172882 0.208394 0.248815 0.294255 0.344685 0.399917 0.459583 0.523121 0.589771 0.658575 0.728393 0.797928 0.865759 0.930389 0.990298 1.043997 1.090095 1.127353 1.154744 1.171497 1.177136 1.171497 1.154744 1.127353 1.090095 1.043997 0.990298 0.930389 0.865759 0.797928 0.728393 0.658575 0.589771 0.523121 0.459583 0.399917 0.344685 0.294255 0.248815 0.208394 0.172882 0.142060 0.115627 0.093221 0.074445 0.058888 0.046143 0.035814 0.027535 0.020971 0.015821 0.011823 0.008753 0.006419 0.004663 0.003356 0.002393 0.001690 0.001182 0.000820 0.000563 0.000383 0.000258 0.000172 0.000113 0.000073 0.000046 0.000026 0.000012 0.000000 
0.000000 0.000010 0.000023 0.000040 0.000064 0.000100 0.000154 0.000233 0.000349 0.000518 0.000761 0.001109 0.001599 0.002285 0.003234 0.004536 0.006301 0.008672 0.011823 0.015968 0.021363 0.028313 0.037170 0.048339 0.062271 0.079461 0.100439 0.125755 0.155962 0.191594 0.233137 0.280996 0.335467 0.396694 0.464639 0.539047 0.619423 0.705008 0.794779 0.887444 0.981469 1.075108 1.166449 1.253476 1.334142 1.406444 1.468510 1.518673 1.555551 1.578107 1.585698 1.578107 1.555551 1.518673 1.468510 1.406444 1.334142 1.253476 1.166449 1.075108 0.981469 0.887444 0.794779 0.705008 0.619423 0.539047 0.464639 0.396694 0.335467 0.280996 0.233137 0.191594 0.155962 0.125755 0.100439 0.079461 0.062271 0.048339 0.037170 0.028313 0.021363 0.015968 0.011823 0.008672 0.006301 0.004536 0.003234 0.002285 0.001599 0.001109 0.000761 0.000518 0.000349 0.000232 0.000153 0.000099 0.000062 0.000036 0.000016 0.000000 
0.000000 0.000014 0.000031 0.000053 0.000086 0.000135 0.000206 0.000312 0.000468 0.000694 0.001020 0.001485 0.002142 0.003060 0.004331 0.006073 0.008435 0.011606 0.015821 0.021363 0.028577 0.037868 0.049707 0.064633 0.083250 0.106217 0.134241 0.168057 0.208401 0.255984 0.311455 0.375354 0.448073 0.529804 0.620494 0.719803 0.827068 0.941277 1.061063 1.184704 1.310153 1.435079 1.556933 1.673028 1.780633 1.877079 1.959867 2.026778 2.075967 2.106052 2.116178 2.106052 2.075967 2.026778 1.959867 1.877079 1.780633 1.673028 1.556933 1.435079 1.310153 1.184704 1.061063 0.941277 0.827068 0.719803 0.620494 0.529804 0.448073 0.375354 0.311455 0.255984 0.208401 0.168057 0.134241 0.106217 0.083250 0.064633 0.049707 0.037868 0.028577 0.021363 0.015821 0.011606 0.008435 0.006073 0.004331 0.003060 0.002142 0.001485 0.001020 0.000694 0.000468 0.000312 0.000205 0.000132 0.000083 0.000048 0.000022 0.000000 
0.000000 0.000019 0.000041 0.000071 0.000115 0.000179 0.000274 0.000415 0.000622 0.000922 0.001355 0.001971 0.002842 0.004060 0.005745 0.008053 0.011184 0.015387 0.020971 0.028313 0.037868 0.050171 0.065848 0.085609 0.110252 0.140651 0.177739 0.222485 0.275864 0.338814 0.412191 0.496709 0.592884 0.700967 0.820888 0.952195 1.094010 1.244997 1.403345 1.566780 1.732595 1.897711 2.058759 2.212190 2.354395 2.481848 2.591251 2.679670 2.744670 2.784425 2.797804 2.784425 2.744670 2.679670 2.591251 2.481848 2.354395 2.212190 2.058759 1.897711 1.732595 1.566780 1.403345 1.244997 1.094010 0.952195 0.820888 0.700967 0.592884 0.496709 0.412191 0.338814 0.275864 0.222485 0.177739 0.140651 0.110252 0.085609 0.065848 0.050171 0.037868 0.028313 0.020971 0.015387 0.011184 0.008053 0.005745 0.004060 0.002842 0.001971 0.001354 0.000922 0.000621 0.000414 0.000272 0.000176 0.000110 0.000064 0.000029 0.000000 
0.000000 0.000025 0.000054 0.000094 0.000151 0.000235 0.000361 0.000546 0.000818 0.001213 0.001781 0.002592 0.003736 0.005335 0.007548 0.010579 0.014690 0.020207 0.027535 0.037170 0.049707 0.065848 0.086410 0.112327 0.144643 0.184501 0.233124 0.291780 0.361744 0.444246 0.540402 0.651148 0.777155 0.918752 1.075845 1.247841 1.433587 1.631331 1.838704 2.052726 2.269853 2.486054 2.696920 2.897804 3.083984 3.250846 3.394072 3.509825 3.594918 3.646962 3.664477 3.646962 3.594918 3.509825 3.394072 3.250846 3.083984 2.897804 2.696920 2.486054 2.269853 2.052726 1.838704 1.631331 1.433587 1.247841 1.075845 0.918752 0.777155 0.651148 0.540402 0.444246 0.361744 0.291780 0.233124 0.184501 0.144643 0.112327 0.086410 0.065848 0.049707 0.037170 0.027535 0.020207 0.014690 0.010579 0.007548 0.005335 0.003736 0.002591 0.001781 0.001212 0.000817 0.000545 0.000359 0.000232 0.000145 0.000084 0.000038 0.000000 
0.000000 0.000032 0.000070 0.000122 0.000197 0.000307 0.000470 0.000712 0.001065 0.001580 0.002320 0.003375 0.004864 0.006945 0.009824 0.013767 0.019112 0.026286 0.035814 0.048339 0.064633 0.085609 0.112327 0.145998 0.187978 0.239749 0.302897 0.379067 0.469912 0.577025 0.701853 0.845607 1.009157 1.192928 1.396792 1.619979 1.860992 2.117558 2.386598 2.664249 2.945914 3.226365 3.499884 3.760444 4.001925 4.218344 4.404103 4.554226 4.664585 4.732081 4.754796 4.732081 4.664585 4.554226 4.404103 4.218344 4.001925 3.760444 3.499884 3.226365 2.945914 2.664249 2.386598 2.117558 1.860992 1.619979 1.396792 1.192928 1.009157 0.845607 0.701853 0.577025 0.469912 0.379067 0.302897 0.239749 0.187978 0.145998 0.112327 0.085609 0.064633 0.048339 0.035814 0.026286 0.019112 0.013767 0.009824 0.006945 0.004864 0.003374 0.002319 0.001579 0.001064 0.000710 0.000467 0.000302 0.000189 0.000109 0.000050 0.000000 
0.000000 0.000041 0.000091 0.000158 0.000254 0.000396 0.000607 0.000919 0.001375 0.002038 0.002992 0.004353 0.006272 0.008954 0.012665 0.017745 0.024632 0.033872 0.046143 0.062271 0.083250 0.110252 0.144643 0.187978 0.242000 0.308613 0.389856 0.487841 0.604693 0.742456 0.902989 1.087843 1.298135 1.534407 1.796494 2.083401 2.393203 2.722974 3.068759 3.425592 3.787566 4.147963 4.499437 4.834248 5.144532 5.422606 5.661280 5.854164 5.995955 6.082674 6.111859 6.082674 5.995955 5.854164 5.661280 5.422606 5.144532 4.834248 4.499437 4.147963 3.787566 3.425592 3.068759 2.722974 2.393203 2.083401 1.796494 1.534407 1.298135 1.087843 0.902989 0.742456 0.604693 0.487841 0.389856 0.308613 0.242000 0.187978 0.144643 0.110252 0.083250 0.062271 0.046143 0.033872 0.024632 0.017745 0.012664 0.008954 0.006272 0.004352 0.002992 0.002037 0.001374 0.000916 0.000603 0.000390 0.000244 0.000141 0.000065 0.000000 
0.000000 0.000053 0.000116 0.000202 0.000325 0.000507 0.000776 0.001174 0.001758 0.002605 0.003824 0.005561 0.008012 0.011436 0.016172 0.022657 0.031445 0.043234 0.058888 0.079461 0.106217 0.140651 0.184501 0.239749 0.308613 0.393520 0.497060 0.621927 0.770821 0.946343 1.150856 1.386335 1.654195 1.955124 2.288907 2.654274 3.048771 3.468671 3.908938 4.363246 4.824078 5.282882 5.730310 6.156510 6.551476 6.905433 7.209230 7.454740 7.635214 7.745591 7.782737 7.745591 7.635214 7.454740 7.209230 6.905433 6.551476 6.156510 5.730310 5.282882 4.824078 4.363246 3.908938 3.468671 3.048771 2.654274 2.288907 1.955124 1.654195 1.386335 1.150856 0.946343 0.770821 0.621927 0.497060 0.393520 0.308613 0.239749 0.184501 0.140651 0.106217 0.079461 0.058888 0.043234 0.031445 0.022656 0.016172 0.011436 0.008012 0.005561 0.003823 0.002604 0.001756 0.001171 0.000772 0.000499 0.000312 0.000181 0.000083 0.000000 
0.000000 0.000067 0.000147 0.000256 0.000412 0.000642 0.000983 0.001487 0.002225 0.003297 0.004840 0.007037 0.010138 0.014468 0.020456 0.028654 0.039762 0.054662 0.074445 0.100439 0.134241 0.177739 0.233124 0.302897 0.389856 0.497060 0.627780 0.785407 0.973348 1.194879 1.452978 1.750131 2.088120 2.467807 2.888916 3.349841 3.847484 4.377141 4.932458 5.505457 6.086656 6.665274 7.229524 7.766984 8.265043 8.711377 9.094453 9.404026 9.631588 9.770764 9.817602 9.770764 9.631588 9.404026 9.094453 8.711377 8.265043 7.766984 7.229524 6.665274 6.086656 5.505457 4.932458 4.377141 3.847484 3.349841 2.888916 2.467807 2.088120 1.750131 1.452978 1.194879 0.973348 0.785407 0.627780 0.497060 0.389856 0.302897 0.233124 0.177739 0.134241 0.100439 0.074445 0.054662 0.039762 0.028654 0.020456 0.014468 0.010137 0.007037 0.004839 0.003296 0.002223 0.001483 0.000977 0.000632 0.000395 0.000229 0.000105 0.000000 
0.000000 0.000084 0.000185 0.000321 0.000517 0.000806 0.001234 0.001865 0.002791 0.004134 0.006067 0.008821 0.012705 0.018130 0.025629 0.035895 0.049804 0.068458 0.093221 0.125755 0.168057 0.222485 0.291780 0.379067 0.487841 0.621927 0.785407 0.982520 1.217518 1.494492 1.817159 2.188619 2.611096 3.085658 3.611958 4.187983 4.809857 5.471699 6.165569 6.881498 7.607640 8.330529 9.035440 9.706863 10.329046 10.886600 11.365123 11.751822 12.036076 12.209923 12.268429 12.209923 12.036076 11.751822 11.365123 10.886600 10.329046 9.706863 9.035440 8.330529 7.607640 6.881498 6.165569 5.471699 4.809857 4.187983 3.611958 3.085658 2.611096 2.188619 1.817159 1.494492 1.217518 0.982520 0.785407 0.621927 0.487841 0.379067 0.291780 0.222485 0.168057 0.125755 0.093221 0.068458 0.049804 0.035895 0.025629 0.018129 0.012705 0.008820 0.006066 0.004133 0.002788 0.001861 0.001226 0.000793 0.000496 0.000287 0.000131 0.000000 
0.000000 0.000105 0.000230 0.000399 0.000642 0.001001 0.001533 0.002317 0.003466 0.005135 0.007534 0.010952 0.015772 0.022502 0.031806 0.044540 0.061790 0.084923 0.115627 0.155962 0.208401 0.275864 0.361744 0.469912 0.604693 0.770821 0.973348 1.217518 1.508591 1.851629 2.251225 2.711213 3.234337 3.821914 4.473507 5.186619 5.956447 6.775708 7.634571 8.520698 9.419428 10.314097 11.186486 12.017404 12.787365 13.477329 14.069484 14.548002 14.899747 15.114868 15.187264 15.114868 14.899747 14.548002 14.069484 13.477329 12.787365 12.017404 11.186486 10.314097 9.419428 8.520698 7.634571 6.775708 5.956447 5.186619 4.473507 3.821914 3.234337 2.711213 2.251225 1.851629 1.508591 1.217518 0.973348 0.770821 0.604693 0.469912 0.361744 0.275864 0.208401 0.155962 0.115627 0.084923 0.061790 0.044539 0.031806 0.022502 0.015771 0.010951 0.007533 0.005132 0.003463 0.002311 0.001523 0.000985 0.000616 0.000357 0.000163 0.000000 
0.000000 0.000129 0.000283 0.000491 0.000791 0.001232 0.001886 0.002851 0.004264 0.006316 0.009266 0.013467 0.019392 0.027663 0.039097 0.054742 0.075934 0.104349 0.142060 0.191594 0.255984 0.338814 0.444246 0.577025 0.742456 0.946343 1.194879 1.494492 1.851629 2.272489 2.762702 3.326959 3.968620 4.689291 5.488427 6.362961 7.306997 8.311602 9.364716 10.451212 11.553118 12.650002 13.719536 14.738198 15.682104 16.527923 17.253825 17.840415 18.271595 18.535296 18.624040 18.535296 18.271595 17.840415 17.253825 16.527923 15.682104 14.738198 13.719536 12.650002 11.553118 10.451212 9.364716 8.311602 7.306997 6.362961 5.488427 4.689291 3.968620 3.326959 2.762702 2.272489 1.851629 1.494492 1.194879 0.946343 0.742456 0.577025 0.444246 0.338814 0.255984 0.191594 0.142060 0.104349 0.075934 0.054742 0.039097 0.027663 0.019391 0.013467 0.009265 0.006313 0.004260 0.002844 0.001874 0.001213 0.000759 0.000440 0.000201 0.000000 
0.000000 0.000157 0.000345 0.000599 0.000964 0.001502 0.002299 0.003475 0.005196 0.007695 0.011288 0.016404 0.023616 0.033686 0.047602 0.066642 0.092430 0.127003 0.172882 0.233137 0.311455 0.412191 0.540402 0.701853 0.902989 1.150856 1.452978 1.817159 2.251225 2.762702 3.358419 4.044070 4.823723 5.699323 6.670200 7.732617 8.879408 10.099715 11.378889 12.698556 14.036887 15.369073 16.668000 17.905109 19.051402 20.078556 20.960068 21.672394 22.195992 22.516212 22.623976 22.516212 22.195992 21.672394 20.960068 20.078556 19.051402 17.905109 16.668000 15.369073 14.036887 12.698556 11.378889 10.099715 8.879408 7.732617 6.670200 5.699323 4.823723 4.044070 3.358419 2.762702 2.251225 1.817159 1.452978 1.150856 0.902989 0.701853 0.540402 0.412191 0.311455 0.233137 0.172882 0.127003 0.092430 0.066642 0.047602 0.033685 0.023616 0.016402 0.011286 0.007692 0.005191 0.003466 0.002285 0.001478 0.000925 0.000536 0.000245 0.000000 
0.000000 0.000190 0.000417 0.000723 0.001164 0.001814 0.002776 0.004194 0.006271 0.009286 0.013619 0.019789 0.028487 0.040628 0.057406 0.080358 0.111441 0.153108 0.208394 0.280996 0.375354 0.496709 0.651148 0.845607 1.087843 1.386335 1.750131 2.188619 2.711213 3.326959 4.044070 4.869385 5.807790 6.861616 8.030044 9.308572 10.688566 12.156958 13.696118 15.283936 16.894151 18.496919 20.059625 21.547920 22.926928 24.162584 25.223017 26.079913 26.709771 27.094974 27.224607 27.094974 26.709771 26.079913 25.223017 24.162584 22.926928 21.547920 20.059625 18.496919 16.894151 15.283936 13.696118 12.156958 10.688566 9.308572 8.030044 6.861616 5.807790 4.869385 4.044070 3.326959 2.711213 2.188619 1.750131 1.386335 1.087843 0.845607 0.651148 0.496709 0.375354 0.280996 0.208394 0.153108 0.111441 0.080358 0.057405 0.040628 0.028487 0.019788 0.013617 0.009282 0.006265 0.004184 0.002758 0.001785 0.001117 0.000647 0.000296 0.000000 
0.000000 0.000227 0.000498 0.000865 0.001392 0.002169 0.003319 0.005014 0.007497 0.011098 0.016276 0.023646 0.034036 0.048535 0.068570 0.095975 0.133084 0.182825 0.248815 0.335467 0.448073 0.592884 0.777155 1.009157 1.298135 1.654195 2.088120 2.611096 3.234337 3.968620 4.823723 5.807790 6.926634 8.183019 9.575960 11.100078 12.745075 14.495368 16.329937 18.222432 20.141555 22.051741 23.914128 25.687789 27.331172 28.803691 30.067378 31.088504 31.839072 32.298094 32.452569 32.298094 31.839072 31.088504 30.067378 28.803691 27.331172 25.687789 23.914128 22.051741 20.141555 18.222432 16.329937 14.495368 12.745075 11.100078 9.575960 8.183019 6.926634 5.807790 4.823723 3.968620 3.234337 2.611096 2.088120 1.654195 1.298135 1.009157 0.777155 0.592884 0.448073 0.335467 0.248815 0.182825 0.133084 0.095975 0.068570 0.048535 0.034035 0.023645 0.016273 0.011094 0.007489 0.005002 0.003298 0.002134 0.001336 0.000774 0.000354 0.000000 
0.000000 0.000269 0.000590 0.001025 0.001649 0.002569 0.003930 0.005937 0.008875 0.013138 0.019265 0.027985 0.040277 0.057429 0.081125 0.113537 0.157420 0.216234 0.294255 0.396694 0.529804 0.700967 0.918752 1.192928 1.534407 1.955124 2.467807 3.085658 3.821914 4.689291 5.699323 6.861616 8.183019 9.666785 11.311736 13.111510 15.053938 17.120613 19.286715 21.521129 23.786906 26.042065 28.240733 30.334603 32.274635 34.012929 35.504677 36.710073 37.596078 38.137926 38.320274 38.137926 37.596078 36.710073 35.504677 34.012929 32.274635 30.334603 28.240733 26.042065 23.786906 21.521129 19.286715 17.120613 15.053938 13.111510 11.311736 9.666785 8.183019 6.861616 5.699323 4.689291 3.821914 3.085658 2.467807 1.955124 1.534407 1.192928 0.918752 0.700967 0.529804 0.396694 0.294255 0.216234 0.157420 0.113536 0.081125 0.057428 0.040276 0.027984 0.019262 0.013133 0.008866 0.005922 0.003905 0.002528 0.001582 0.000917 0.000420 0.000000 
0.000000 0.000316 0.000693 0.001202 0.001935 0.003014 0.004610 0.006963 0.010407 0.015404 0.022585 0.032805 0.047207 0.067303 0.095065 0.133032 0.184433 0.253315 0.344685 0.464639 0.620494 0.820888 1.075845 1.396792 1.796494 2.288907 2.888916 3.611958 4.473507 5.488427 6.670200 8.030044 9.575960 11.311736 13.235981 15.341241 17.613272 20.030537 22.564001 25.177274 27.827146 30.464525 33.035772 35.484408 37.753094 39.785833 41.530239 42.939778 43.975825 44.609430 44.822657 44.609430 43.975825 42.939778 41.530239 39.785833 37.753094 35.484408 33.035772 30.464525 27.827146 25.177274 22.564001 20.030537 17.613272 15.341241 13.235981 11.311736 9.575960 8.030044 6.670200 5.488427 4.473507 3.611958 2.888916 2.288907 1.796494 1.396792 1.075845 0.820888 0.620494 0.464639 0.344685 0.253315 0.184433 0.133032 0.095065 0.067303 0.047206 0.032802 0.022581 0.015397 0.010397 0.006945 0.004580 0.002965 0.001856 0.001076 0.000492 0.000000 
0.000000 0.000367 0.000805 0.001397 0.002248 0.003501 0.005355 0.008088 0.012087 0.017888 0.026224 0.038086 0.054802 0.078124 0.110338 0.154390 0.214024 0.293932 0.399917 0.539047 0.719803 0.952195 1.247841 1.619979 2.083401 2.654274 3.349841 4.187983 5.186619 6.362961 7.732617 9.308572 11.100078 13.111510 15.341241 17.780621 20.413133 23.213818 26.149031 29.176614 32.246507 35.301844 38.280499 41.117054 43.745103 46.099792 48.120454 49.753200 50.953301 51.687231 51.934219 51.687231 50.953301 49.753200 48.120454 46.099792 43.745103 41.117054 38.280499 35.301844 32.246507 29.176614 26.149031 23.213818 20.413133 17.780621 15.341241 13.111510 11.100078 9.308572 7.732617 6.362961 5.186619 4.187983 3.349841 2.654274 2.083401 1.619979 1.247841 0.952195 0.719803 0.539047 0.399917 0.293932 0.214023 0.154390 0.110338 0.078123 0.054800 0.038084 0.026219 0.017880 0.012074 0.008067 0.005320 0.003445 0.002157 0.001250 0.000572 0.000000 
0.000000 0.000422 0.000927 0.001608 0.002587 0.004028 0.006161 0.009304 0.013903 0.020573 0.030157 0.043795 0.063011 0.089818 0.126843 0.177469 0.245995 0.337812 0.459583 0.619423 0.827068 1.094010 1.433587 1.860992 2.393203 3.048771 3.847484 4.809857 5.956447 7.306997 8.879408 10.688566 12.745075 15.053938 17.613272 20.413133 23.434555 26.648881 30.017495 33.492014 37.014992 40.521178 43.939291 47.194273 50.209940 52.911887 55.230518 57.104011 58.481057 59.323193 59.606595 59.323193 58.481057 57.104011 55.230518 52.911887 50.209940 47.194273 43.939291 40.521178 37.014992 33.492014 30.017495 26.648881 23.434555 20.413133 17.613272 15.053938 12.745075 10.688566 8.879408 7.306997 5.956447 4.809857 3.847484 3.048771 2.393203 1.860992 1.433587 1.094010 0.827068 0.619423 0.459583 0.337812 0.245995 0.177468 0.126842 0.089817 0.063009 0.043792 0.030152 0.020565 0.013888 0.009280 0.006121 0.003963 0.002482 0.001439 0.000658 0.000000 
0.000000 0.000481 0.001056 0.001832 0.002948 0.004590 0.007020 0.010600 0.015838 0.023435 0.034350 0.049879 0.071757 0.102276 0.144424 0.202051 0.280047 0.384545 0.523121 0.705008 0.941277 1.244997 1.631331 2.117558 2.722974 3.468671 4.377141 5.471699 6.775708 8.311602 10.099715 12.156958 14.495368 17.120613 20.030537 23.213818 26.648881 30.303139 34.132686 38.082518 42.087338 46.072976 49.958415 53.658352 57.086203 60.157412 62.792889 64.922378 66.487574 67.444770 67.766892 67.444770 66.487574 64.922378 62.792889 60.157412 57.086203 53.658352 49.958415 46.072976 42.087338 38.082518 34.132686 30.303139 26.648881 23.213818 20.030537 17.120613 14.495368 12.156958 10.099715 8.311602 6.775708 5.471699 4.377141 3.468671 2.722974 2.117558 1.631331 1.244997 0.941277 0.705008 0.523121 0.384545 0.280047 0.202051 0.144424 0.102275 0.071755 0.049875 0.034344 0.023425 0.015822 0.010573 0.006974 0.004516 0.002828 0.001640 0.000750 0.000000 
0.000000 0.000543 0.001192 0.002068 0.003327 0.005181 0.007922 0.011961 0.017870 0.026440 0.038750 0.056263 0.080936 0.115349 0.162872 0.227843 0.315772 0.433569 0.589771 0.794779 1.061063 1.403345 1.838704 2.386598 3.068759 3.908938 4.932458 6.165569 7.634571 9.364716 11.378889 13.696118 16.329937 19.286715 22.564001 26.149031 30.017495 34.132686 38.445157 42.892965 47.402586 51.890512 56.265527 60.431593 64.291238 67.749271 70.716659 73.114314 74.876604 75.954328 76.317010 75.954328 74.876604 73.114314 70.716659 67.749271 64.291238 60.431593 56.265527 51.890512 47.402586 42.892965 38.445157 34.132686 30.017495 26.149031 22.564001 19.286715 16.329937 13.696118 11.378889 9.364716 7.634571 6.165569 4.932458 3.908938 3.068759 2.386598 1.838704 1.403345 1.061063 0.794779 0.589771 0.433569 0.315772 0.227843 0.162872 0.115348 0.080933 0.056260 0.038743 0.026428 0.017852 0.011930 0.007871 0.005097 0.003192 0.001851 0.000847 0.000000 
0.000000 0.000607 0.001333 0.002312 0.003720 0.005791 0.008854 0.013367 0.019970 0.029543 0.043295 0.062858 0.090415 0.128850 0.181922 0.254474 0.352656 0.484181 0.658575 0.887444 1.184704 1.566780 2.052726 2.664249 3.425592 4.363246 5.505457 6.881498 8.520698 10.451212 12.698556 15.283936 18.222432 21.521129 25.177274 29.176614 33.492014 38.082518 42.892965 47.854260 52.884394 57.890229 62.770036 67.416713 71.721559 75.578422 78.888018 81.562159 83.527654 84.729643 85.134143 84.729643 83.527654 81.562159 78.888018 75.578422 71.721559 67.416713 62.770036 57.890229 52.884394 47.854260 42.892965 38.082518 33.492014 29.176614 25.177274 21.521129 18.222432 15.283936 12.698556 10.451212 8.520698 6.881498 5.505457 4.363246 3.425592 2.664249 2.052726 1.566780 1.184704 0.887444 0.658575 0.484181 0.352656 0.254473 0.181921 0.128848 0.090413 0.062854 0.043287 0.029531 0.019949 0.013333 0.008797 0.005697 0.003568 0.002069 0.000947 0.000000 
0.000000 0.000673 0.001476 0.002560 0.004118 0.006410 0.009800 0.014795 0.022101 0.032694 0.047909 0.069553 0.100038 0.142554 0.201257 0.281502 0.390089 0.535542 0.728393 0.981469 1.310153 1.732595 2.269853 2.945914 3.787566 4.824078 6.086656 7.607640 9.419428 11.553118 14.036887 16.894151 20.141555 23.786906 27.827146 32.246507 37.014992 42.087338 47.402586 52.884394 58.442153 63.972964 69.364442 74.498271 79.254371 83.515483 87.171934 90.126310 92.297767 93.625706 94.072591 93.625706 92.297767 90.126310 87.171934 83.515483 79.254371 74.498271 69.364442 63.972964 58.442153 52.884394 47.402586 42.087338 37.014992 32.246507 27.827146 23.786906 20.141555 16.894151 14.036887 11.553118 9.419428 7.607640 6.086656 4.824078 3.787566 2.945914 2.269853 1.732595 1.310153 0.981469 0.728393 0.535542 0.390089 0.281502 0.201257 0.142552 0.100035 0.069548 0.047901 0.032680 0.022078 0.014757 0.009737 0.006307 0.003950 0.002291 0.001048 0.000000 
0.000000 0.000738 0.001618 0.002807 0.004515 0.007028 0.010744 0.016218 0.024226 0.035834 0.052507 0.076223 0.109625 0.156206 0.220519 0.308426 0.427374 0.586697 0.797928 1.075108 1.435079 1.897711 2.486054 3.226365 4.147963 5.282882 6.665274 8.330529 10.314097 12.650002 15.369073 18.496919 22.051741 26.042065 30.464525 35.301844 40.521178 46.072976 51.890512 57.890229 63.972964 70.026106 75.926670 81.545183 86.750245 91.413549 95.415087 98.648269 101.024635 102.477881 102.966933 102.477881 101.024635 98.648269 95.415087 91.413549 86.750245 81.545183 75.926670 70.026106 63.972964 57.890229 51.890512 46.072976 40.521178 35.301844 30.464525 26.042065 22.051741 18.496919 15.369073 12.650002 10.314097 8.330529 6.665274 5.282882 4.147963 3.226365 2.486054 1.897711 1.435079 1.075108 0.797927 0.586697 0.427374 0.308425 0.220518 0.156204 0.109622 0.076218 0.052499 0.035819 0.024200 0.016176 0.010674 0.006914 0.004331 0.002512 0.001149 0.000000 
0.000000 0.000801 0.001757 0.003048 0.004902 0.007631 0.011665 0.017608 0.026299 0.038899 0.056995 0.082732 0.118981 0.169527 0.239312 0.334693 0.463749 0.636602 0.865759 1.166449 1.556933 2.058759 2.696920 3.499884 4.499437 5.730310 7.229524 9.035440 11.186486 13.719536 16.668000 20.059625 23.914128 28.240733 33.035772 38.280499 43.939291 49.958415 56.265527 62.770036 69.364442 75.926670 82.323403 88.414296 94.056920 99.112198 103.450053 106.954954 109.531021 111.106387 111.636534 111.106387 109.531021 106.954954 103.450053 99.112198 94.056920 88.414296 82.323403 75.926670 69.364442 62.770036 56.265527 49.958415 43.939291 38.280499 33.035772 28.240733 23.914128 20.059625 16.668000 13.719536 11.186486 9.035440 7.229524 5.730310 4.499437 3.499884 2.696920 2.058759 1.556933 1.166449 0.865759 0.636602 0.463749 0.334693 0.239311 0.169525 0.118977 0.082727 0.056985 0.038883 0.026271 0.017562 0.011589 0.007507 0.004702 0.002727 0.001248 0.000000 
