0.000000 0.000000 0.000000 0.000000 0.000000 0.000000 0.000000 0.000000 0.000000 0.000000 0.000000 0.000000 0.000000 0.000000 0.000000 0.000000 0.000000 0.000000 0.000000 0.000000 0.000000 0.000000 0.000000 0.000000 0.000000 0.000000 0.000000 0.000000 0.000000 0.000000 0.000000 0.000000 0.000000 0.000000 0.000000 0.000000 0.000000 0.000000 0.000000 0.000000 0.000000 0.000000 0.000000 0.000000 0.000000 0.000000 0.000000 0.000000 0.000000 0.000000 0.000000 0.000000 0.000000 0.000000 0.000000 0.000000 0.000000 0.000000 0.000000 0.000000 0.000000 0.000000 0.000000 0.000000 0.000000 0.000000 0.000000 0.000000 0.000000 0.000000 0.000000 0.000000 0.000000 0.000000 0.000000 0.000000 0.000000 0.000000 0.000000 0.000000 0.000000 0.000000 0.000000 0.000000 0.000000 0.000000 0.000000 0.000000 0.000000 0.000000 0.000000 0.000000 0.000000 0.000000 0.000000 0.000000 0.000000 0.000000 0.000000 0.000000 
0.000000 0.000000 0.000000 0.000000 0.000000 0.000000 0.000000 0.000000 0.000000 0.000000 0.000000 0.000000 0.000000 0.000000 0.000000 0.000000 0.000000 0.000000 0.000000 0.000000 0.000000 0.000000 0.000000 0.000000 0.000000 0.000000 0.000000 0.000000 0.000001 0.000001 0.000001 0.000001 0.000002 0.000002 0.000003 0.000003 0.000004 0.000005 0.000006 0.000007 0.000008 0.000009 0.000011 0.000012 0.000013 0.000014 0.000015 0.000016 0.000016 0.000017 0.000017 0.000017 0.000016 0.000016 0.000015 0.000014 0.000013 0.000012 0.000011 0.000009 0.000008 0.000007 0.000006 0.000005 0.000004 0.000003 0.000003 0.000002 0.000002 0.000001 0.000001 0.000001 0.000001 0.000000 0.000000 0.000000 0.000000 0.000000 0.000000 0.000000 0.000000 0.000000 0.000000 0.000000 0.000000 0.000000 0.000000 0.000000 0.000000 0.000000 0.000000 0.000000 0.000000 0.000000 0.000000 0.000000 0.000000 0.000000 0.000000 0.000000 
0.000000 0.000000 0.000000 0.000000 0.000000 0.000000 0.000000 0.000000 0.000000 0.000000 0.000000 0.000000 0.000000 0.000000 0.000000 0.000000 0.000000 0.000000 0.000000 0.000000 0.000000 0.000000 0.000000 0.000000 0.000000 0.000000 0.000001 0.000001 0.000001 0.000002 0.000002 0.000003 0.000004 0.000005 0.000007 0.000008 0.000010 0.000012 0.000015 0.000017 0.000020 0.000023 0.000026 0.000028 0.000031 0.000034 0.000036 0.000038 0.000039 0.000040 0.000040 0.000040 0.000039 0.000038 0.000036 0.000034 0.000031 0.000028 0.000026 0.000023 0.000020 0.000017 0.000015 0.000012 0.000010 0.000008 0.000007 0.000005 0.000004 0.000003 0.000002 0.000002 0.000001 0.000001 0.000001 0.000000 0.000000 0.000000 0.000000 0.000000 0.000000 0.000000 0.000000 0.000000 0.000000 0.000000 0.000000 0.000000 0.000000 0.000000 0.000000 0.000000 0.000000 0.000000 0.000000 0.000000 0.000000 0.000000 0.000000 0.000000 
0.000000 0.000000 0.000000 0.000000 0.000000 0.000000 0.000000 0.000000 0.000000 0.000000 0.000000 0.000000 0.000000 0.000000 0.000000 0.000000 0.000000 0.000000 0.000000 0.000000 0.000000 0.000000 0.000000 0.000000 0.000001 0.000001 0.000001 0.000002 0.000003 0.000004 0.000005 0.000006 0.000008 0.000010 0.000013 0.000016 0.000020 0.000024 0.000029 0.000034 0.000039 0.000045 0.000051 0.000056 0.000062 0.000067 0.000071 0.000075 0.000077 0.000079 0.000080 0.000079 0.000077 0.000075 0.000071 0.000067 0.000062 0.000056 0.000051 0.000045 0.000039 0.000034 0.000029 0.000024 0.000020 0.000016 0.000013 0.000010 0.000008 0.000006 0.000005 0.000004 0.000003 0.000002 0.000001 0.000001 0.000001 0.000000 0.000000 0.000000 0.000000 0.000000 0.000000 0.000000 0.000000 0.000000 0.000000 0.000000 0.000000 0.000000 0.000000 0.000000 0.000000 0.000000 0.000000 0.000000 0.000000 0.000000 0.000000 0.000000 
0.000000 0.000000 0.000000 0.000000 0.000000 0.000000 0.000000 0.000000 0.000000 0.000000 0.000000 0.000000 0.000000 0.000000 0.000000 0.000000 0.000000 0.000000 0.000000 0.000000 0.000000 0.000000 0.000001 0.000001 0.000001 0.000002 0.000003 0.000004 0.000005 0.000007 0.000009 0.000012 0.000015 0.000020 0.000025 0.000031 0.000038 0.000045 0.000054 0.000064 0.000074 0.000084 0.000095 0.000106 0.000116 0.000125 0.000133 0.000140 0.000145 0.000148 0.000149 0.000148 0.000145 0.000140 0.000133 0.000125 0.000116 0.000106 0.000095 0.000084 0.000074 0.000064 0.000054 0.000045 0.000038 0.000031 0.000025 0.000020 0.000015 0.000012 0.000009 0.000007 0.000005 0.000004 0.000003 0.000002 0.000001 0.000001 0.000001 0.000000 0.000000 0.000000 0.000000 0.000000 0.000000 0.000000 0.000000 0.000000 0.000000 0.000000 0.000000 0.000000 0.000000 0.000000 0.000000 0.000000 0.000000 0.000000 0.000000 0.000000 
0.000000 0.000000 0.000000 0.000000 0.000000 0.000000 0.000000 0.000000 0.000000 0.000000 0.000000 0.000000 0.000000 0.000000 0.000000 0.000000 0.000000 0.000000 0.000000 0.000000 0.000001 0.000001 0.000001 0.000002 0.000002 0.000003 0.000005 0.000007 0.000009 0.000012 0.000017 0.000022 0.000028 0.000036 0.000045 0.000056 0.000069 0.000084 0.000100 0.000117 0.000136 0.000155 0.000175 0.000194 0.000213 0.000230 0.000245 0.000257 0.000266 0.000272 0.000274 0.000272 0.000266 0.000257 0.000245 0.000230 0.000213 0.000194 0.000175 0.000155 0.000136 0.000117 0.000100 0.000084 0.000069 0.000056 0.000045 0.000036 0.000028 0.000022 0.000017 0.000012 0.000009 0.000007 0.000005 0.000003 0.000002 0.000002 0.000001 0.000001 0.000001 0.000000 0.000000 0.000000 0.000000 0.000000 0.000000 0.000000 0.000000 0.000000 0.000000 0.000000 0.000000 0.000000 0.000000 0.000000 0.000000 0.000000 0.000000 0.000000 
0.000000 0.000000 0.000000 0.000000 0.000000 0.000000 0.000000 0.000000 0.000000 0.000000 0.000000 0.000000 0.000000 0.000000 0.000000 0.000000 0.000000 0.000000 0.000000 0.000001 0.000001 0.000001 0.000002 0.000003 0.000004 0.000006 0.000009 0.000012 0.000017 0.000023 0.000030 0.000039 0.000051 0.000065 0.000082 0.000102 0.000125 0.000151 0.000180 0.000212 0.000245 0.000280 0.000316 0.000351 0.000384 0.000415 0.000442 0.000464 0.000481 0.000491 0.000495 0.000491 0.000481 0.000464 0.000442 0.000415 0.000384 0.000351 0.000316 0.000280 0.000245 0.000212 0.000180 0.000151 0.000125 0.000102 0.000082 0.000065 0.000051 0.000039 0.000030 0.000023 0.000017 0.000012 0.000009 0.000006 0.000004 0.000003 0.000002 0.000001 0.000001 0.000001 0.000000 0.000000 0.000000 0.000000 0.000000 0.000000 0.000000 0.000000 0.000000 0.000000 0.000000 0.000000 0.000000 0.000000 0.000000 0.000000 0.000000 0.000000 
0.000000 0.000000 0.000000 0.000000 0.000000 0.000000 0.000000 0.000000 0.000000 0.000000 0.000000 0.000000 0.000000 0.000000 0.000000 0.000000 0.000000 0.000000 0.000001 0.000001 0.000002 0.000002 0.000004 0.000005 0.000008 0.000011 0.000016 0.000022 0.000030 0.000040 0.000054 0.000071 0.000091 0.000117 0.000147 0.000182 0.000223 0.000270 0.000321 0.000378 0.000437 0.000500 0.000563 0.000625 0.000685 0.000740 0.000788 0.000828 0.000857 0.000876 0.000882 0.000876 0.000857 0.000828 0.000788 0.000740 0.000685 0.000625 0.000563 0.000500 0.000437 0.000378 0.000321 0.000270 0.000223 0.000182 0.000147 0.000117 0.000091 0.000071 0.000054 0.000040 0.000030 0.000022 0.000016 0.000011 0.000008 0.000005 0.000004 0.000002 0.000002 0.000001 0.000001 0.000000 0.000000 0.000000 0.000000 0.000000 0.000000 0.000000 0.000000 0.000000 0.000000 0.000000 0.000000 0.000000 0.000000 0.000000 0.000000 0.000000 
0.000000 0.000000 0.000000 0.000000 0.000000 0.000000 0.000000 0.000000 0.000000 0.000000 0.000000 0.000000 0.000000 0.000000 0.000000 0.000000 0.000001 0.000001 0.000001 0.000002 0.000003 0.000004 0.000007 0.000010 0.000014 0.000020 0.000028 0.000039 0.000053 0.000071 0.000095 0.000125 0.000161 0.000206 0.000259 0.000322 0.000394 0.000476 0.000566 0.000665 0.000770 0.000880 0.000991 0.001101 0.001206 0.001302 0.001387 0.001456 0.001508 0.001540 0.001551 0.001540 0.001508 0.001456 0.001387 0.001302 0.001206 0.001101 0.000991 0.000880 0.000770 0.000665 0.000566 0.000476 0.000394 0.000322 0.000259 0.000206 0.000161 0.000125 0.000095 0.000071 0.000053 0.000039 0.000028 0.000020 0.000014 0.000010 0.000007 0.000004 0.000003 0.000002 0.000001 0.000001 0.000001 0.000000 0.000000 0.000000 0.000000 0.000000 0.000000 0.000000 0.000000 0.000000 0.000000 0.000000 0.000000 0.000000 0.000000 0.000000 
0.000000 0.000000 0.000000 0.000000 0.000000 0.000000 0.000000 0.000000 0.000000 0.000000 0.000000 0.000000 0.000000 0.000000 0.000000 0.000001 0.000001 0.000001 0.000002 0.000003 0.000005 0.000008 0.000012 0.000017 0.000024 0.000035 0.000049 0.000067 0.000092 0.000124 0.000165 0.000217 0.000281 0.000358 0.000451 0.000560 0.000685 0.000827 0.000985 0.001157 0.001339 0.001529 0.001722 0.001913 0.002095 0.002262 0.002409 0.002530 0.002620 0.002675 0.002694 0.002675 0.002620 0.002530 0.002409 0.002262 0.002095 0.001913 0.001722 0.001529 0.001339 0.001157 0.000985 0.000827 0.000685 0.000560 0.000451 0.000358 0.000281 0.000217 0.000165 0.000124 0.000092 0.000067 0.000049 0.000035 0.000024 0.000017 0.000012 0.000008 0.000005 0.000003 0.000002 0.000001 0.000001 0.000001 0.000000 0.000000 0.000000 0.000000 0.000000 0.000000 0.000000 0.000000 0.000000 0.000000 0.000000 0.000000 0.000000 0.000000 
0.000000 0.000000 0.000000 0.000000 0.000000 0.000000 0.000000 0.000000 0.000000 0.000000 0.000000 0.000000 0.000000 0.000000 0.000001 0.000001 0.000002 0.000002 0.000004 0.000006 0.000009 0.000013 0.000020 0.000029 0.000042 0.000060 0.000084 0.000116 0.000159 0.000214 0.000285 0.000374 0.000483 0.000616 0.000775 0.000962 0.001177 0.001421 0.001691 0.001986 0.002299 0.002624 0.002955 0.003281 0.003592 0.003879 0.004131 0.004338 0.004492 0.004587 0.004619 0.004587 0.004492 0.004338 0.004131 0.003879 0.003592 0.003281 0.002955 0.002624 0.002299 0.001986 0.001691 0.001421 0.001177 0.000962 0.000775 0.000616 0.000483 0.000374 0.000285 0.000214 0.000159 0.000116 0.000084 0.000060 0.000042 0.000029 0.000020 0.000013 0.000009 0.000006 0.000004 0.000002 0.000002 0.000001 0.000001 0.000000 0.000000 0.000000 0.000000 0.000000 0.000000 0.000000 0.000000 0.000000 0.000000 0.000000 0.000000 0.000000 
0.000000 0.000000 0.000000 0.000000 0.000000 0.000000 0.000000 0.000000 0.000000 0.000000 0.000000 0.000000 0.000000 0.000001 0.000001 0.000002 0.000003 0.000004 0.000006 0.000010 0.000015 0.000023 0.000034 0.000050 0.000072 0.000102 0.000143 0.000198 0.000270 0.000364 0.000484 0.000634 0.000820 0.001046 0.001316 0.001632 0.001997 0.002409 0.002867 0.003365 0.003895 0.004446 0.005005 0.005556 0.006083 0.006568 0.006993 0.007343 0.007603 0.007764 0.007818 0.007764 0.007603 0.007343 0.006993 0.006568 0.006083 0.005556 0.005005 0.004446 0.003895 0.003365 0.002867 0.002409 0.001997 0.001632 0.001316 0.001046 0.000820 0.000634 0.000484 0.000364 0.000270 0.000198 0.000143 0.000102 0.000072 0.000050 0.000034 0.000023 0.000015 0.000010 0.000006 0.000004 0.000003 0.000002 0.000001 0.000001 0.000000 0.000000 0.000000 0.000000 0.000000 0.000000 0.000000 0.000000 0.000000 0.000000 0.000000 0.000000 
0.000000 0.000000 0.000000 0.000000 0.000000 0.000000 0.000000 0.000000 0.000000 0.000000 0.000000 0.000000 0.000001 0.000001 0.000002 0.000003 0.000004 0.000007 0.000011 0.000017 0.000026 0.000039 0.000057 0.000083 0.000120 0.000171 0.000240 0.000332 0.000454 0.000611 0.000812 0.001064 0.001375 0.001753 0.002204 0.002733 0.003343 0.004032 0.004797 0.005629 0.006514 0.007434 0.008368 0.009288 0.010168 0.010977 0.011687 0.012270 0.012705 0.012973 0.013064 0.012973 0.012705 0.012270 0.011687 0.010977 0.010168 0.009288 0.008368 0.007434 0.006514 0.005629 0.004797 0.004032 0.003343 0.002733 0.002204 0.001753 0.001375 0.001064 0.000812 0.000611 0.000454 0.000332 0.000240 0.000171 0.000120 0.000083 0.000057 0.000039 0.000026 0.000017 0.000011 0.000007 0.000004 0.000003 0.000002 0.000001 0.000001 0.000000 0.000000 0.000000 0.000000 0.000000 0.000000 0.000000 0.000000 0.000000 0.000000 0.000000 
0.000000 0.000000 0.000000 0.000000 0.000000 0.000000 0.000000 0.000000 0.000000 0.000000 0.000000 0.000001 0.000001 0.000002 0.000003 0.000005 0.000007 0.000012 0.000018 0.000028 0.000043 0.000064 0.000095 0.000139 0.000200 0.000284 0.000398 0.000551 0.000752 0.001012 0.001344 0.001761 0.002275 0.002899 0.003644 0.004517 0.005524 0.006662 0.007924 0.009296 0.010755 0.012272 0.013811 0.015328 0.016778 0.018111 0.019280 0.020242 0.020958 0.021400 0.021549 0.021400 0.020958 0.020242 0.019280 0.018111 0.016778 0.015328 0.013811 0.012272 0.010755 0.009296 0.007924 0.006662 0.005524 0.004517 0.003644 0.002899 0.002275 0.001761 0.001344 0.001012 0.000752 0.000551 0.000398 0.000284 0.000200 0.000139 0.000095 0.000064 0.000043 0.000028 0.000018 0.000012 0.000007 0.000005 0.000003 0.000002 0.000001 0.000001 0.000000 0.000000 0.000000 0.000000 0.000000 0.000000 0.000000 0.000000 0.000000 0.000000 
0.000000 0.000000 0.000000 0.000000 0.000000 0.000000 0.000000 0.000000 0.000000 0.000000 0.000001 0.000001 0.000002 0.000003 0.000005 0.000008 0.000012 0.000019 0.000030 0.000046 0.000070 0.000105 0.000156 0.000227 0.000327 0.000465 0.000652 0.000901 0.001229 0.001655 0.002196 0.002876 0.003714 0.004732 0.005946 0.007370 0.009010 0.010863 0.012919 0.015152 0.017528 0.019997 0.022501 0.024970 0.027328 0.029497 0.031399 0.032963 0.034127 0.034846 0.035089 0.034846 0.034127 0.032963 0.031399 0.029497 0.027328 0.024970 0.022501 0.019997 0.017528 0.015152 0.012919 0.010863 0.009010 0.007370 0.005946 0.004732 0.003714 0.002876 0.002196 0.001655 0.001229 0.000901 0.000652 0.000465 0.000327 0.000227 0.000156 0.000105 0.000070 0.000046 0.000030 0.000019 0.000012 0.000008 0.000005 0.000003 0.000002 0.000001 0.000001 0.000000 0.000000 0.000000 0.000000 0.000000 0.000000 0.000000 0.000000 0.000000 
0.000000 0.000000 0.000000 0.000000 0.000000 0.000000 0.000000 0.000000 0.000000 0.000001 0.000001 0.000002 0.000003 0.000005 0.000008 0.000012 0.000020 0.000031 0.000049 0.000075 0.000114 0.000170 0.000252 0.000367 0.000529 0.000751 0.001053 0.001455 0.001984 0.002670 0.003542 0.004637 0.005987 0.007625 0.009579 0.011869 0.014506 0.017486 0.020791 0.024380 0.028197 0.032165 0.036186 0.040151 0.043938 0.047420 0.050474 0.052985 0.054855 0.056008 0.056398 0.056008 0.054855 0.052985 0.050474 0.047420 0.043938 0.040151 0.036186 0.032165 0.028197 0.024380 0.020791 0.017486 0.014506 0.011869 0.009579 0.007625 0.005987 0.004637 0.003542 0.002670 0.001984 0.001455 0.001053 0.000751 0.000529 0.000367 0.000252 0.000170 0.000114 0.000075 0.000049 0.000031 0.000020 0.000012 0.000008 0.000005 0.000003 0.000002 0.000001 0.000001 0.000000 0.000000 0.000000 0.000000 0.000000 0.000000 0.000000 0.000000 
0.000000 0.000000 0.000000 0.000000 0.000000 0.000000 0.000000 0.000000 0.000001 0.000001 0.000002 0.000003 0.000004 0.000007 0.000012 0.000020 0.000031 0.000050 0.000078 0.000119 0.000181 0.000272 0.000402 0.000586 0.000844 0.001198 0.001678 0.002319 0.003161 0.004251 0.005639 0.007379 0.009525 0.012127 0.015230 0.018867 0.023053 0.027783 0.033025 0.038720 0.044774 0.051066 0.057442 0.063728 0.069731 0.075250 0.080090 0.084069 0.087032 0.088860 0.089478 0.088860 0.087032 0.084069 0.080090 0.075250 0.069731 0.063728 0.057442 0.051066 0.044774 0.038720 0.033025 0.027783 0.023053 0.018867 0.015230 0.012127 0.009525 0.007379 0.005639 0.004251 0.003161 0.002319 0.001678 0.001198 0.000844 0.000586 0.000402 0.000272 0.000181 0.000119 0.000078 0.000050 0.000031 0.000020 0.000012 0.000007 0.000004 0.000003 0.000002 0.000001 0.000001 0.000000 0.000000 0.000000 0.000000 0.000000 0.000000 0.000000 
0.000000 0.000000 0.000000 0.000000 0.000000 0.000000 0.000000 0.000000 0.000001 0.000001 0.000002 0.000004 0.000007 0.000012 0.000019 0.000031 0.000050 0.000079 0.000123 0.000189 0.000286 0.000429 0.000634 0.000924 0.001329 0.001886 0.002641 0.003648 0.004970 0.006681 0.008860 0.011590 0.014956 0.019036 0.023901 0.029600 0.036159 0.043568 0.051779 0.060695 0.070174 0.080022 0.090001 0.099838 0.109230 0.117865 0.125437 0.131661 0.136296 0.139155 0.140121 0.139155 0.136296 0.131661 0.125437 0.117865 0.109230 0.099838 0.090001 0.080022 0.070174 0.060695 0.051779 0.043568 0.036159 0.029600 0.023901 0.019036 0.014956 0.011590 0.008860 0.006681 0.004970 0.003648 0.002641 0.001886 0.001329 0.000924 0.000634 0.000429 0.000286 0.000189 0.000123 0.000079 0.000050 0.000031 0.000019 0.000012 0.000007 0.000004 0.000002 0.000001 0.000001 0.000000 0.000000 0.000000 0.000000 0.000000 0.000000 0.000000 
0.000000 0.000000 0.000000 0.000000 0.000000 0.000000 0.000000 0.000001 0.000001 0.000002 0.000004 0.000006 0.000011 0.000018 0.000030 0.000049 0.000078 0.000123 0.000191 0.000294 0.000446 0.000667 0.000986 0.001436 0.002065 0.002930 0.004100 0.005662 0.007712 0.010364 0.013739 0.017966 0.023176 0.029492 0.037018 0.045834 0.055977 0.067433 0.080125 0.093905 0.108552 0.123767 0.139184 0.154377 0.168882 0.182217 0.193909 0.203520 0.210675 0.215089 0.216581 0.215089 0.210675 0.203520 0.193909 0.182217 0.168882 0.154377 0.139184 0.123767 0.108552 0.093905 0.080125 0.067433 0.055977 0.045834 0.037018 0.029492 0.023176 0.017966 0.013739 0.010364 0.007712 0.005662 0.004100 0.002930 0.002065 0.001436 0.000986 0.000667 0.000446 0.000294 0.000191 0.000123 0.000078 0.000049 0.000030 0.000018 0.000011 0.000006 0.000004 0.000002 0.000001 0.000001 0.000000 0.000000 0.000000 0.000000 0.000000 0.000000 
0.000000 0.000000 0.000000 0.000000 0.000000 0.000000 0.000001 0.000001 0.000002 0.000003 0.000006 0.000010 0.000017 0.000028 0.000046 0.000075 0.000119 0.000189 0.000294 0.000451 0.000685 0.001024 0.001513 0.002203 0.003167 0.004491 0.006283 0.008673 0.011810 0.015864 0.021024 0.027485 0.035446 0.045092 0.056586 0.070045 0.085527 0.103008 0.122372 0.143393 0.165732 0.188934 0.212439 0.235601 0.257712 0.278038 0.295857 0.310504 0.321409 0.328135 0.330408 0.328135 0.321409 0.310504 0.295857 0.278038 0.257712 0.235601 0.212439 0.188934 0.165732 0.143393 0.122372 0.103008 0.085527 0.070045 0.056586 0.045092 0.035446 0.027485 0.021024 0.015864 0.011810 0.008673 0.006283 0.004491 0.003167 0.002203 0.001513 0.001024 0.000685 0.000451 0.000294 0.000189 0.000119 0.000075 0.000046 0.000028 0.000017 0.000010 0.000006 0.000003 0.000002 0.000001 0.000001 0.000000 0.000000 0.000000 0.000000 0.000000 
0.000000 0.000000 0.000000 0.000000 0.000000 0.000001 0.000001 0.000002 0.000003 0.000005 0.000009 0.000015 0.000026 0.000043 0.000070 0.000114 0.000181 0.000286 0.000446 0.000685 0.001038 0.001552 0.002291 0.003336 0.004793 0.006794 0.009502 0.013110 0.017846 0.023966 0.031751 0.041496 0.053500 0.068042 0.085365 0.105645 0.128966 0.155295 0.184453 0.216101 0.249728 0.284648 0.320020 0.354872 0.388138 0.418716 0.445521 0.467553 0.483955 0.494071 0.497490 0.494071 0.483955 0.467553 0.445521 0.418716 0.388138 0.354872 0.320020 0.284648 0.249728 0.216101 0.184453 0.155295 0.128966 0.105645 0.085365 0.068042 0.053500 0.041496 0.031751 0.023966 0.017846 0.013110 0.009502 0.006794 0.004793 0.003336 0.002291 0.001552 0.001038 0.000685 0.000446 0.000286 0.000181 0.000114 0.000070 0.000043 0.000026 0.000015 0.000009 0.000005 0.000003 0.000002 0.000001 0.000001 0.000000 0.000000 0.000000 0.000000 
0.000000 0.000000 0.000000 0.000000 0.000000 0.000001 0.000001 0.000002 0.000004 0.000008 0.000013 0.000023 0.000039 0.000064 0.000105 0.000170 0.000272 0.000429 0.000667 0.001024 0.001552 0.002321 0.003424 0.004983 0.007157 0.010142 0.014179 0.019557 0.026613 0.035728 0.047319 0.061826 0.079689 0.101325 0.127091 0.157247 0.191920 0.231055 0.274389 0.321415 0.371371 0.423243 0.475779 0.527536 0.576934 0.622335 0.662132 0.694839 0.719188 0.734206 0.739282 0.734206 0.719188 0.694839 0.662132 0.622335 0.576934 0.527536 0.475779 0.423243 0.371371 0.321415 0.274389 0.231055 0.191920 0.157247 0.127091 0.101325 0.079689 0.061826 0.047319 0.035728 0.026613 0.019557 0.014179 0.010142 0.007157 0.004983 0.003424 0.002321 0.001552 0.001024 0.000667 0.000429 0.000272 0.000170 0.000105 0.000064 0.000039 0.000023 0.000013 0.000008 0.000004 0.000002 0.000001 0.000001 0.000000 0.000000 0.000000 0.000000 
0.000000 0.000000 0.000000 0.000000 0.000001 0.000001 0.000002 0.000004 0.000007 0.000012 0.000020 0.000034 0.000057 0.000095 0.000156 0.000252 0.000402 0.000634 0.000986 0.001513 0.002291 0.003424 0.005049 0.007346 0.010546 0.014939 0.020878 0.028788 0.039163 0.052560 0.069593 0.090903 0.117137 0.148903 0.186724 0.230981 0.281854 0.339264 0.402821 0.471782 0.545029 0.621073 0.698083 0.773940 0.846334 0.912865 0.971178 1.019102 1.054777 1.076780 1.084216 1.076780 1.054777 1.019102 0.971178 0.912865 0.846334 0.773940 0.698083 0.621073 0.545029 0.471782 0.402821 0.339264 0.281854 0.230981 0.186724 0.148903 0.117137 0.090903 0.069593 0.052560 0.039163 0.028788 0.020878 0.014939 0.010546 0.007346 0.005049 0.003424 0.002291 0.001513 0.000986 0.000634 0.000402 0.000252 0.000156 0.000095 0.000057 0.000034 0.000020 0.000012 0.000007 0.000004 0.000002 0.000001 0.000001 0.000000 0.000000 0.000000 
0.000000 0.000000 0.000000 0.000000 0.000001 0.000002 0.000003 0.000005 0.000010 0.000017 0.000029 0.000050 0.000083 0.000139 0.000227 0.000367 0.000586 0.000924 0.001436 0.002203 0.003336 0.004983 0.007346 0.010685 0.015334 0.021713 0.030336 0.041816 0.056868 0.076301 0.100999 0.131891 0.169912 0.215939 0.270726 0.334823 0.408486 0.491600 0.583596 0.683398 0.789387 0.899409 1.010814 1.120541 1.225246 1.321464 1.405794 1.475093 1.526679 1.558494 1.569246 1.558494 1.526679 1.475093 1.405794 1.321464 1.225246 1.120541 1.010814 0.899409 0.789387 0.683398 0.583596 0.491600 0.408486 0.334823 0.270726 0.215939 0.169912 0.131891 0.100999 0.076301 0.056868 0.041816 0.030336 0.021713 0.015334 0.010685 0.007346 0.004983 0.003336 0.002203 0.001436 0.000924 0.000586 0.000367 0.000227 0.000139 0.000083 0.000050 0.000029 0.000017 0.000010 0.000005 0.000003 0.000002 0.000001 0.000000 0.000000 0.000000 
0.000000 0.000000 0.000000 0.000001 0.000001 0.000002 0.000004 0.000008 0.000014 0.000024 0.000042 0.000072 0.000120 0.000200 0.000327 0.000529 0.000844 0.001329 0.002065 0.003167 0.004793 0.007157 0.010546 0.015334 0.021999 0.031141 0.043494 0.059935 0.081485 0.109299 0.144639 0.188832 0.243209 0.309020 0.387340 0.478949 0.584211 0.702954 0.834366 0.976905 1.128260 1.285352 1.444400 1.601037 1.750491 1.887821 2.008173 2.107071 2.180686 2.226086 2.241429 2.226086 2.180686 2.107071 2.008173 1.887821 1.750491 1.601037 1.444400 1.285352 1.128260 0.976905 0.834366 0.702954 0.584211 0.478949 0.387340 0.309020 0.243209 0.188832 0.144639 0.109299 0.081485 0.059935 0.043494 0.031141 0.021999 0.015334 0.010546 0.007157 0.004793 0.003167 0.002065 0.001329 0.000844 0.000529 0.000327 0.000200 0.000120 0.000072 0.000042 0.000024 0.000014 0.000008 0.000004 0.000002 0.000001 0.000001 0.000000 0.000000 
0.000000 0.000000 0.000000 0.000001 0.000002 0.000003 0.000006 0.000011 0.000020 0.000035 0.000060 0.000102 0.000171 0.000284 0.000465 0.000751 0.001198 0.001886 0.002930 0.004491 0.006794 0.010142 0.014939 0.021713 0.031141 0.044068 0.061529 0.084763 0.115208 0.154492 0.204391 0.266776 0.343517 0.436376 0.546860 0.676064 0.824497 0.991912 1.177156 1.378056 1.591351 1.812704 2.036787 2.257450 2.467978 2.661411 2.830920 2.970205 3.073878 3.137814 3.159421 3.137814 3.073878 2.970205 2.830920 2.661411 2.467978 2.257450 2.036787 1.812704 1.591351 1.378056 1.177156 0.991912 0.824497 0.676064 0.546860 0.436376 0.343517 0.266776 0.204391 0.154492 0.115208 0.084763 0.061529 0.044068 0.031141 0.021713 0.014939 0.010142 0.006794 0.004491 0.002930 0.001886 0.001198 0.000751 0.000465 0.000284 0.000171 0.000102 0.000060 0.000035 0.000020 0.000011 0.000006 0.000003 0.000002 0.000001 0.000000 0.000000 
0.000000 0.000000 0.000001 0.000001 0.000003 0.000005 0.000009 0.000016 0.000028 0.000049 0.000084 0.000143 0.000240 0.000398 0.000652 0.001053 0.001678 0.002641 0.004100 0.006283 0.009502 0.014179 0.020878 0.030336 0.043494 0.061529 0.085885 0.118282 0.160723 0.215470 0.284994 0.371892 0.478764 0.608055 0.761854 0.941676 1.148223 1.381145 1.638833 1.918257 2.214882 2.522676 2.834232 3.141003 3.433659 3.702531 3.938136 4.131721 4.275806 4.364663 4.394691 4.364663 4.275806 4.131721 3.938136 3.702531 3.433659 3.141003 2.834232 2.522676 2.214882 1.918257 1.638833 1.381145 1.148223 0.941676 0.761854 0.608055 0.478764 0.371892 0.284994 0.215470 0.160723 0.118282 0.085885 0.061529 0.043494 0.030336 0.020878 0.014179 0.009502 0.006283 0.004100 0.002641 0.001678 0.001053 0.000652 0.000398 0.000240 0.000143 0.000084 0.000049 0.000028 0.000016 0.000009 0.000005 0.000003 0.000001 0.000001 0.000000 
0.000000 0.000000 0.000001 0.000002 0.000004 0.000007 0.000012 0.000022 0.000039 0.000067 0.000116 0.000198 0.000332 0.000551 0.000901 0.001455 0.002319 0.003648 0.005662 0.008673 0.013110 0.019557 0.028788 0.041816 0.059935 0.084763 0.118282 0.162855 0.221232 0.296516 0.392098 0.511538 0.658400 0.836031 1.047293 1.294256 1.577872 1.897652 2.251379 2.634890 3.041958 3.464305 3.891769 4.312628 4.714090 5.082900 5.406058 5.671570 5.869183 5.991047 6.032229 5.991047 5.869183 5.671570 5.406058 5.082900 4.714090 4.312628 3.891769 3.464305 3.041958 2.634890 2.251379 1.897652 1.577872 1.294256 1.047293 0.836031 0.658400 0.511538 0.392098 0.296516 0.221232 0.162855 0.118282 0.084763 0.059935 0.041816 0.028788 0.019557 0.013110 0.008673 0.005662 0.003648 0.002319 0.001455 0.000901 0.000551 0.000332 0.000198 0.000116 0.000067 0.000039 0.000022 0.000012 0.000007 0.000004 0.000002 0.000001 0.000000 
0.000000 0.000001 0.000001 0.000003 0.000005 0.000009 0.000017 0.000030 0.000053 0.000092 0.000159 0.000270 0.000454 0.000752 0.001229 0.001984 0.003161 0.004970 0.007712 0.011810 0.017846 0.026613 0.039163 0.056868 0.081485 0.115208 0.160723 0.221232 0.300460 0.402609 0.532269 0.694258 0.893394 1.134204 1.420552 1.755231 2.139516 2.572734 3.051873 3.571286 4.122537 4.694414 5.273161 5.842916 6.386367 6.885586 7.322986 7.682344 7.949796 8.114725 8.170459 8.114725 7.949796 7.682344 7.322986 6.885586 6.386367 5.842916 5.273161 4.694414 4.122537 3.571286 3.051873 2.572734 2.139516 1.755231 1.420552 1.134204 0.893394 0.694258 0.532269 0.402609 0.300460 0.221232 0.160723 0.115208 0.081485 0.056868 0.039163 0.026613 0.017846 0.011810 0.007712 0.004970 0.003161 0.001984 0.001229 0.000752 0.000454 0.000270 0.000159 0.000092 0.000053 0.000030 0.000017 0.000009 0.000005 0.000002 0.000001 0.000000 
0.000000 0.000001 0.000002 0.000004 0.000007 0.000012 0.000023 0.000040 0.000071 0.000124 0.000214 0.000364 0.000611 0.001012 0.001655 0.002670 0.004251 0.006681 0.010364 0.015864 0.023966 0.035728 0.052560 0.076301 0.109299 0.154492 0.215470 0.296516 0.402609 0.539365 0.712911 0.929683 1.196112 1.518235 1.901205 2.348737 2.862520 3.441640 4.082058 4.776218 5.512839 6.276941 7.050149 7.811278 8.537215 9.204023 9.788228 10.268178 10.625369 10.845631 10.920064 10.845631 10.625369 10.268178 9.788228 9.204023 8.537215 7.811278 7.050149 6.276941 5.512839 4.776218 4.082058 3.441640 2.862520 2.348737 1.901205 1.518235 1.196112 0.929683 0.712911 0.539365 0.402609 0.296516 0.215470 0.154492 0.109299 0.076301 0.052560 0.035728 0.023966 0.015864 0.010364 0.006681 0.004251 0.002670 0.001655 0.001012 0.000611 0.000364 0.000214 0.000124 0.000071 0.000040 0.000023 0.000012 0.000007 0.000003 0.000001 0.000000 
0.000000 0.000001 0.000002 0.000005 0.000009 0.000017 0.000030 0.000054 0.000095 0.000165 0.000285 0.000484 0.000812 0.001344 0.002196 0.003542 0.005639 0.008860 0.013739 0.021024 0.031751 0.047319 0.069593 0.100999 0.144639 0.204391 0.284994 0.392098 0.532269 0.712911 0.942104 1.228322 1.580039 2.005201 2.510585 3.101072 3.778872 4.542756 5.387383 6.302777 7.274057 8.281470 9.300794 10.304114 11.260974 12.139844 12.909801 13.542328 14.013057 14.303327 14.401416 14.303327 14.013057 13.542328 12.909801 12.139844 11.260974 10.304114 9.300794 8.281470 7.274057 6.302777 5.387383 4.542756 3.778872 3.101072 2.510585 2.005201 1.580039 1.228322 0.942104 0.712911 0.532269 0.392098 0.284994 0.204391 0.144639 0.100999 0.069593 0.047319 0.031751 0.021024 0.013739 0.008860 0.005639 0.003542 0.002196 0.001344 0.000812 0.000484 0.000285 0.000165 0.000095 0.000054 0.000030 0.000016 0.000009 0.000004 0.000002 0.000000 
0.000000 0.000001 0.000003 0.000006 0.000012 0.000022 0.000039 0.000071 0.000125 0.000217 0.000374 0.000634 0.001064 0.001761 0.002876 0.004637 0.007379 0.011590 0.017966 0.027485 0.041496 0.061826 0.090903 0.131891 0.188832 0.266776 0.371892 0.511538 0.694258 0.929683 1.228322 1.601194 2.059311 2.612995 3.271044 4.039786 4.922069 5.916273 7.015426 8.206534 9.470225 10.780802 12.106757 13.411793 14.656314 15.799330 16.800653 17.623217 18.235354 18.612814 18.740366 18.612814 18.235354 17.623217 16.800653 15.799330 14.656314 13.411793 12.106757 10.780802 9.470225 8.206534 7.015426 5.916273 4.922069 4.039786 3.271044 2.612995 2.059311 1.601194 1.228322 0.929683 0.694258 0.511538 0.371892 0.266776 0.188832 0.131891 0.090903 0.061826 0.041496 0.027485 0.017966 0.011590 0.007379 0.004637 0.002876 0.001761 0.001064 0.000634 0.000374 0.000217 0.000125 0.000071 0.000039 0.000022 0.000012 0.000006 0.000002 0.000000 
0.000000 0.000002 0.000004 0.000008 0.000015 0.000028 0.000051 0.000091 0.000161 0.000281 0.000483 0.000820 0.001375 0.002275 0.003714 0.005987 0.009525 0.014956 0.023176 0.035446 0.053500 0.079689 0.117137 0.169912 0.243209 0.343517 0.478764 0.658400 0.893394 1.196112 1.580039 2.059311 2.648052 3.359491 4.204898 5.192370 6.325533 7.602278 9.013629 10.542885 12.165166 13.847482 15.549397 17.224339 18.821510 20.288334 21.573264 22.628765 23.414228 23.898558 24.062221 23.898558 23.414228 22.628765 21.573264 20.288334 18.821510 17.224339 15.549397 13.847482 12.165166 10.542885 9.013629 7.602278 6.325533 5.192370 4.204898 3.359491 2.648052 2.059311 1.580039 1.196112 0.893394 0.658400 0.478764 0.343517 0.243209 0.169912 0.117137 0.079689 0.053500 0.035446 0.023176 0.014956 0.009525 0.005987 0.003714 0.002275 0.001375 0.000820 0.000483 0.000281 0.000161 0.000091 0.000051 0.000028 0.000015 0.000008 0.000003 0.000000 
0.000000 0.000002 0.000005 0.000010 0.000020 0.000036 0.000065 0.000117 0.000206 0.000358 0.000616 0.001046 0.001753 0.002899 0.004732 0.007625 0.012127 0.019036 0.029492 0.045092 0.068042 0.101325 0.148903 0.215939 0.309020 0.436376 0.608055 0.836031 1.134204 1.518235 2.005201 2.612995 3.359491 4.261421 5.333033 6.584547 8.020523 9.638253 11.426336 13.363594 15.418500 17.549265 19.704686 21.825797 23.848298 25.705643 27.332596 28.669005 29.663482 30.276682 30.483892 30.276682 29.663482 28.669005 27.332596 25.705643 23.848298 21.825797 19.704686 17.549265 15.418500 13.363594 11.426336 9.638253 8.020523 6.584547 5.333033 4.261421 3.359491 2.612995 2.005201 1.518235 1.134204 0.836031 0.608055 0.436376 0.309020 0.215939 0.148903 0.101325 0.068042 0.045092 0.029492 0.019036 0.012127 0.007625 0.004732 0.002899 0.001753 0.001046 0.000616 0.000358 0.000206 0.000117 0.000065 0.000036 0.000019 0.000010 0.000004 0.000000 
0.000000 0.000003 0.000007 0.000013 0.000025 0.000045 0.000082 0.000147 0.000259 0.000451 0.000775 0.001316 0.002204 0.003644 0.005946 0.009579 0.015230 0.023901 0.037018 0.056586 0.085365 0.127091 0.186724 0.270726 0.387340 0.546860 0.761854 1.047293 1.420552 1.901205 2.510585 3.271044 4.204898 5.333033 6.673220 8.238191 10.033604 12.056034 14.291196 16.712593 19.280807 21.943611 24.637028 27.287397 29.814406 32.134946 34.167555 35.837122 37.079485 37.845520 38.104373 37.845520 37.079485 35.837122 34.167555 32.134946 29.814406 27.287397 24.637028 21.943611 19.280807 16.712593 14.291196 12.056034 10.033604 8.238191 6.673220 5.333033 4.204898 3.271044 2.510585 1.901205 1.420552 1.047293 0.761854 0.546860 0.387340 0.270726 0.186724 0.127091 0.085365 0.056586 0.037018 0.023901 0.015230 0.009579 0.005946 0.003644 0.002204 0.001316 0.000775 0.000451 0.000259 0.000147 0.000082 0.000045 0.000024 0.000012 0.000005 0.000000 
0.000000 0.000003 0.000008 0.000016 0.000031 0.000056 0.000102 0.000182 0.000322 0.000560 0.000962 0.001632 0.002733 0.004517 0.007370 0.011869 0.018867 0.029600 0.045834 0.070045 0.105645 0.157247 0.230981 0.334823 0.478949 0.676064 0.941676 1.294256 1.755231 2.348737 3.101072 4.039786 5.192370 6.584547 8.238191 10.168957 12.383772 14.878366 17.635081 20.621210 23.788129 27.071436 30.392259 33.659804 36.775095 39.635718 42.141300 44.199300 45.730669 46.674890 46.993951 46.674890 45.730669 44.199300 42.141300 39.635718 36.775095 33.659804 30.392259 27.071436 23.788129 20.621210 17.635081 14.878366 12.383772 10.168957 8.238191 6.584547 5.192370 4.039786 3.101072 2.348737 1.755231 1.294256 0.941676 0.676064 0.478949 0.334823 0.230981 0.157247 0.105645 0.070045 0.045834 0.029600 0.018867 0.011869 0.007370 0.004517 0.002733 0.001632 0.000962 0.000560 0.000322 0.000182 0.000102 0.000056 0.000030 0.000015 0.000006 0.000000 
0.000000 0.000004 0.000010 0.000020 0.000038 0.000069 0.000125 0.000223 0.000394 0.000685 0.001177 0.001997 0.003343 0.005524 0.009010 0.014506 0.023053 0.036159 0.055977 0.085527 0.128966 0.191920 0.281854 0.408486 0.584211 0.824497 1.148223 1.577872 2.139516 2.862520 3.778872 4.922069 6.325533 8.020523 10.033604 12.383772 15.079399 18.115236 21.469750 25.103113 28.956146 32.950494 36.990219 40.964903 44.754191 48.233563 51.280988 53.783968 55.646408 56.794746 57.182777 56.794746 55.646408 53.783968 51.280988 48.233563 44.754191 40.964903 36.990219 32.950494 28.956146 25.103113 21.469750 18.115236 15.079399 12.383772 10.033604 8.020523 6.325533 4.922069 3.778872 2.862520 2.139516 1.577872 1.148223 0.824497 0.584211 0.408486 0.281854 0.191920 0.128966 0.085527 0.055977 0.036159 0.023053 0.014506 0.009010 0.005524 0.003343 0.001997 0.001177 0.000685 0.000394 0.000223 0.000125 0.000069 0.000037 0.000019 0.000008 0.000000 
0.000000 0.000005 0.000012 0.000024 0.000045 0.000084 0.000151 0.000270 0.000476 0.000827 0.001421 0.002409 0.004032 0.006662 0.010863 0.017486 0.027783 0.043568 0.067433 0.103008 0.155295 0.231055 0.339264 0.491600 0.702954 0.991912 1.381145 1.897652 2.572734 3.441640 4.542756 5.916273 7.602278 9.638253 12.056034 14.878366 18.115236 21.760282 25.787604 30.149350 34.774462 39.568882 44.417475 49.187748 53.735300 57.910751 61.567718 64.571259 66.806116 68.184059 68.649673 68.184059 66.806116 64.571259 61.567718 57.910751 53.735300 49.187748 44.417475 39.568882 34.774462 30.149350 25.787604 21.760282 18.115236 14.878366 12.056034 9.638253 7.602278 5.916273 4.542756 3.441640 2.572734 1.897652 1.381145 0.991912 0.702954 0.491600 0.339264 0.231055 0.155295 0.103008 0.067433 0.043568 0.027783 0.017486 0.010863 0.006662 0.004032 0.002409 0.001421 0.000827 0.000476 0.000270 0.000151 0.000083 0.000045 0.000023 0.000010 0.000000 
0.000000 0.000006 0.000015 0.000029 0.000054 0.000100 0.000180 0.000321 0.000566 0.000985 0.001691 0.002867 0.004797 0.007924 0.012919 0.020791 0.033025 0.051779 0.080125 0.122372 0.184453 0.274389 0.402821 0.583596 0.834366 1.177156 1.638833 2.251379 3.051873 4.082058 5.387383 7.015426 9.013629 11.426336 14.291196 17.635081 21.469750 25.787604 30.557907 35.723945 41.201538 46.879291 52.620877 58.269435 63.654031 68.597850 72.927638 76.483691 79.129609 80.760979 81.312223 80.760979 79.129609 76.483691 72.927638 68.597850 63.654031 58.269435 52.620877 46.879291 41.201538 35.723945 30.557907 25.787604 21.469750 17.635081 14.291196 11.426336 9.013629 7.015426 5.387383 4.082058 3.051873 2.251379 1.638833 1.177156 0.834366 0.583596 0.402821 0.274389 0.184453 0.122372 0.080125 0.051779 0.033025 0.020791 0.012919 0.007924 0.004797 0.002867 0.001691 0.000985 0.000566 0.000321 0.000180 0.000099 0.000053 0.000027 0.000011 0.000000 
0.000000 0.000007 0.000017 0.000034 0.000064 0.000117 0.000212 0.000378 0.000665 0.001157 0.001986 0.003365 0.005629 0.009296 0.015152 0.024380 0.038720 0.060695 0.093905 0.143393 0.216101 0.321415 0.471782 0.683398 0.976905 1.378056 1.918257 2.634890 3.571286 4.776218 6.302777 8.206534 10.542885 13.363594 16.712593 20.621210 25.103113 30.149350 35.723945 41.760584 48.160877 54.794667 61.502691 68.101727 74.392129 80.167409 85.225243 89.379144 92.469844 94.375428 95.019325 94.375428 92.469844 89.379144 85.225243 80.167409 74.392129 68.101727 61.502691 54.794667 48.160877 41.760584 35.723945 30.149350 25.103113 20.621210 16.712593 13.363594 10.542885 8.206534 6.302777 4.776218 3.571286 2.634890 1.918257 1.378056 0.976905 0.683398 0.471782 0.321415 0.216101 0.143393 0.093905 0.060695 0.038720 0.024380 0.015152 0.009296 0.005629 0.003365 0.001986 0.001157 0.000665 0.000378 0.000211 0.000117 0.000063 0.000032 0.000013 0.000000 
0.000000 0.000008 0.000020 0.000039 0.000074 0.000136 0.000245 0.000437 0.000770 0.001339 0.002299 0.003895 0.006514 0.010755 0.017528 0.028197 0.044774 0.070174 0.108552 0.165732 0.249728 0.371371 0.545029 0.789387 1.128260 1.591351 2.214882 3.041958 4.122537 5.512839 7.274057 9.470225 12.165166 15.418500 19.280807 23.788129 28.956146 34.774462 41.201538 48.160877 55.539029 63.185953 70.918084 78.524267 85.774448 92.430699 98.259911 103.047231 106.609167 108.805271 109.547331 108.805271 106.609167 103.047231 98.259911 92.430699 85.774448 78.524267 70.918084 63.185953 55.539029 48.160877 41.201538 34.774462 28.956146 23.788129 19.280807 15.418500 12.165166 9.470225 7.274057 5.512839 4.122537 3.041958 2.214882 1.591351 1.128260 0.789387 0.545029 0.371371 0.249728 0.165732 0.108552 0.070174 0.044774 0.028197 0.017528 0.010755 0.006514 0.003895 0.002299 0.001339 0.000770 0.000437 0.000245 0.000135 0.000073 0.000037 0.000016 0.000000 
0.000000 0.000009 0.000023 0.000045 0.000084 0.000155 0.000280 0.000500 0.000880 0.001529 0.002624 0.004446 0.007434 0.012272 0.019997 0.032165 0.051066 0.080022 0.123767 0.188934 0.284648 0.423243 0.621073 0.899409 1.285352 1.812704 2.522676 3.464305 4.694414 6.276941 8.281470 10.780802 13.847482 17.549265 21.943611 27.071436 32.950494 39.568882 46.879291 54.794667 63.185953 71.882505 80.675583 89.325104 97.569516 105.138335 111.766573 117.209999 121.260044 123.757066 124.600803 123.757066 121.260044 117.209999 111.766573 105.138335 97.569516 89.325104 80.675583 71.882505 63.185953 54.794667 46.879291 39.568882 32.950494 27.071436 21.943611 17.549265 13.847482 10.780802 8.281470 6.276941 4.694414 3.464305 2.522676 1.812704 1.285352 0.899409 0.621073 0.423243 0.284648 0.188934 0.123767 0.080022 0.051066 0.032165 0.019997 0.012272 0.007434 0.004446 0.002624 0.001529 0.000880 0.000500 0.000280 0.000154 0.000083 0.000042 0.000018 0.000000 
0.000000 0.000011 0.000026 0.000051 0.000095 0.000175 0.000316 0.000563 0.000991 0.001722 0.002955 0.005005 0.008368 0.013811 0.022501 0.036186 0.057442 0.090001 0.139184 0.212439 0.320020 0.475779 0.698083 1.010814 1.444400 2.036787 2.834232 3.891769 5.273161 7.050149 9.300794 12.106757 15.549397 19.704686 24.637028 30.392259 36.990219 44.417475 52.620877 61.502691 70.918084 80.675583 90.541007 100.245038 109.494295 117.985401 125.421153 131.527645 136.070971 138.872096 139.818585 138.872096 136.070971 131.527645 125.421153 117.985401 109.494295 100.245038 90.541007 80.675583 70.918084 61.502691 52.620877 44.417475 36.990219 30.392259 24.637028 19.704686 15.549397 12.106757 9.300794 7.050149 5.273161 3.891769 2.834232 2.036787 1.444400 1.010814 0.698083 0.475779 0.320020 0.212439 0.139184 0.090001 0.057442 0.036186 0.022501 0.013811 0.008368 0.005005 0.002955 0.001722 0.000991 0.000563 0.000315 0.000174 0.000094 0.000048 0.000020 0.000000 
