0.000000 0.000000 0.000000 0.000000 0.000000 0.000000 0.000000 0.000000 0.000000 0.000000 0.000000 0.000000 0.000000 0.000000 0.000000 0.000000 0.000000 0.000000 0.000000 0.000000 0.000000 0.000000 0.000000 0.000000 0.000000 0.000000 0.000000 0.000000 0.000000 0.000000 0.000000 0.000000 0.000000 0.000000 0.000000 0.000000 0.000000 0.000000 0.000000 0.000000 0.000000 0.000000 0.000000 0.000000 0.000000 0.000000 0.000000 0.000000 0.000000 0.000000 0.000000 0.000000 0.000000 0.000000 0.000000 0.000000 0.000000 0.000000 0.000000 0.000000 0.000000 0.000000 0.000000 0.000000 0.000000 0.000000 0.000000 0.000000 0.000000 0.000000 0.000000 0.000000 0.000000 0.000000 0.000000 0.000000 0.000000 0.000000 0.000000 0.000000 0.000000 0.000000 0.000000 0.000000 0.000000 0.000000 0.000000 0.000000 0.000000 0.000000 0.000000 0.000000 0.000000 0.000000 0.000000 0.000000 0.000000 0.000000 0.000000 0.000000 
0.000000 0.000000 0.000000 0.000000 0.000000 0.000000 0.000000 0.000000 0.000000 0.000000 0.000000 0.000000 0.000000 0.000000 0.000000 0.000000 0.000000 0.000000 0.000000 0.000000 0.000000 0.000000 0.000000 0.000000 0.000000 0.000000 0.000000 0.000000 0.000000 0.000000 0.000000 0.000000 0.000000 0.000000 0.000000 0.000000 0.000000 0.000000 0.000000 0.000000 0.000000 0.000000 0.000000 0.000000 0.000000 0.000000 0.000000 0.000000 0.000000 0.000000 0.000000 0.000000 0.000000 0.000000 0.000000 0.000000 0.000000 0.000000 0.000000 0.000000 0.000000 0.000000 0.000000 0.000000 0.000000 0.000000 0.000000 0.000000 0.000000 0.000000 0.000000 0.000000 0.000000 0.000000 0.000000 0.000000 0.000000 0.000000 0.000000 0.000000 0.000000 0.000000 0.000000 0.000000 0.000000 0.000000 0.000000 0.000000 0.000000 0.000000 0.000000 0.000000 0.000000 0.000000 0.000000 0.000000 0.000000 0.000000 0.000000 0.000000 
0.000000 0.000000 0.000000 0.000000 0.000000 0.000000 0.000000 0.000000 0.000000 0.000000 0.000000 0.000000 0.000000 0.000000 0.000000 0.000000 0.000000 0.000000 0.000000 0.000000 0.000000 0.000000 0.000000 0.000000 0.000000 0.000000 0.000000 0.000000 0.000000 0.000000 0.000000 0.000000 0.000000 0.000000 0.000000 0.000000 0.000000 0.000000 0.000000 0.000000 0.000000 0.000000 0.000000 0.000000 0.000000 0.000000 0.000000 0.000000 0.000000 0.000000 0.000000 0.000000 0.000000 0.000000 0.000000 0.000000 0.000000 0.000000 0.000000 0.000000 0.000000 0.000000 0.000000 0.000000 0.000000 0.000000 0.000000 0.000000 0.000000 0.000000 0.000000 0.000000 0.000000 0.000000 0.000000 0.000000 0.000000 0.000000 0.000000 0.000000 0.000000 0.000000 0.000000 0.000000 0.000000 0.000000 0.000000 0.000000 0.000000 0.000000 0.000000 0.000000 0.000000 0.000000 0.000000 0.000000 0.000000 0.000000 0.000000 0.000000 
0.000000 0.000000 0.000000 0.000000 0.000000 0.000000 0.000000 0.000000 0.000000 0.000000 0.000000 0.000000 0.000000 0.000000 0.000000 0.000000 0.000000 0.000000 0.000000 0.000000 0.000000 0.000000 0.000000 0.000000 0.000000 0.000000 0.000000 0.000000 0.000000 0.000000 0.000000 0.000000 0.000000 0.000000 0.000000 0.000000 0.000000 0.000000 0.000000 0.000000 0.000000 0.000000 0.000000 0.000000 0.000000 0.000000 0.000000 0.000000 0.000000 0.000000 0.000000 0.000000 0.000000 0.000000 0.000000 0.000000 0.000000 0.000000 0.000000 0.000000 0.000000 0.000000 0.000000 0.000000 0.000000 0.000000 0.000000 0.000000 0.000000 0.000000 0.000000 0.000000 0.000000 0.000000 0.000000 0.000000 0.000000 0.000000 0.000000 0.000000 0.000000 0.000000 0.000000 0.000000 0.000000 0.000000 0.000000 0.000000 0.000000 0.000000 0.000000 0.000000 0.000000 0.000000 0.000000 0.000000 0.000000 0.000000 0.000000 0.000000 
0.000000 0.000000 0.000000 0.000000 0.000000 0.000000 0.000000 0.000000 0.000000 0.000000 0.000000 0.000000 0.000000 0.000000 0.000000 0.000000 0.000000 0.000000 0.000000 0.000000 0.000000 0.000000 0.000000 0.000000 0.000000 0.000000 0.000000 0.000000 0.000000 0.000000 0.000000 0.000000 0.000000 0.000000 0.000000 0.000000 0.000000 0.000000 0.000000 0.000000 0.000000 0.000000 0.000000 0.000000 0.000000 0.000000 0.000000 0.000000 0.000000 0.000000 0.000000 0.000000 0.000000 0.000000 0.000000 0.000000 0.000000 0.000000 0.000000 0.000000 0.000000 0.000000 0.000000 0.000000 0.000000 0.000000 0.000000 0.000000 0.000000 0.000000 0.000000 0.000000 0.000000 0.000000 0.000000 0.000000 0.000000 0.000000 0.000000 0.000000 0.000000 0.000000 0.000000 0.000000 0.000000 0.000000 0.000000 0.000000 0.000000 0.000000 0.000000 0.000000 0.000000 0.000000 0.000000 0.000000 0.000000 0.000000 0.000000 0.000000 
0.000000 0.000000 0.000000 0.000000 0.000000 0.000000 0.000000 0.000000 0.000000 0.000000 0.000000 0.000000 0.000000 0.000000 0.000000 0.000000 0.000000 0.000000 0.000000 0.000000 0.000000 0.000000 0.000000 0.000000 0.000000 0.000000 0.000000 0.000000 0.000000 0.000000 0.000000 0.000000 0.000000 0.000000 0.000000 0.000000 0.000000 0.000000 0.000000 0.000000 0.000000 0.000000 0.000000 0.000000 0.000000 0.000000 0.000000 0.000000 0.000000 0.000000 0.000000 0.000000 0.000000 0.000000 0.000000 0.000000 0.000000 0.000000 0.000000 0.000000 0.000000 0.000000 0.000000 0.000000 0.000000 0.000000 0.000000 0.000000 0.000000 0.000000 0.000000 0.000000 0.000000 0.000000 0.000000 0.000000 0.000000 0.000000 0.000000 0.000000 0.000000 0.000000 0.000000 0.000000 0.000000 0.000000 0.000000 0.000000 0.000000 0.000000 0.000000 0.000000 0.000000 0.000000 0.000000 0.000000 0.000000 0.000000 0.000000 0.000000 
0.000000 0.000000 0.000000 0.000000 0.000000 0.000000 0.000000 0.000000 0.000000 0.000000 0.000000 0.000000 0.000000 0.000000 0.000000 0.000000 0.000000 0.000000 0.000000 0.000000 0.000000 0.000000 0.000000 0.000000 0.000000 0.000000 0.000000 0.000000 0.000000 0.000000 0.000000 0.000000 0.000000 0.000000 0.000000 0.000000 0.000000 0.000000 0.000000 0.000000 0.000000 0.000000 0.000000 0.000000 0.000000 0.000000 0.000000 0.000000 0.000000 0.000000 0.000000 0.000000 0.000000 0.000000 0.000000 0.000000 0.000000 0.000000 0.000000 0.000000 0.000000 0.000000 0.000000 0.000000 0.000000 0.000000 0.000000 0.000000 0.000000 0.000000 0.000000 0.000000 0.000000 0.000000 0.000000 0.000000 0.000000 0.000000 0.000000 0.000000 0.000000 0.000000 0.000000 0.000000 0.000000 0.000000 0.000000 0.000000 0.000000 0.000000 0.000000 0.000000 0.000000 0.000000 0.000000 0.000000 0.000000 0.000000 0.000000 0.000000 
0.000000 0.000000 0.000000 0.000000 0.000000 0.000000 0.000000 0.000000 0.000000 0.000000 0.000000 0.000000 0.000000 0.000000 0.000000 0.000000 0.000000 0.000000 0.000000 0.000000 0.000000 0.000000 0.000000 0.000000 0.000000 0.000000 0.000000 0.000000 0.000000 0.000000 0.000000 0.000000 0.000000 0.000000 0.000000 0.000000 0.000000 0.000000 0.000000 0.000000 0.000000 0.000000 0.000000 0.000000 0.000000 0.000000 0.000000 0.000000 0.000000 0.000000 0.000000 0.000000 0.000000 0.000000 0.000000 0.000000 0.000000 0.000000 0.000000 0.000000 0.000000 0.000000 0.000000 0.000000 0.000000 0.000000 0.000000 0.000000 0.000000 0.000000 0.000000 0.000000 0.000000 0.000000 0.000000 0.000000 0.000000 0.000000 0.000000 0.000000 0.000000 0.000000 0.000000 0.000000 0.000000 0.000000 0.000000 0.000000 0.000000 0.000000 0.000000 0.000000 0.000000 0.000000 0.000000 0.000000 0.000000 0.000000 0.000000 0.000000 
0.000000 0.000000 0.000000 0.000000 0.000000 0.000000 0.000000 0.000000 0.000000 0.000000 0.000000 0.000000 0.000000 0.000000 0.000000 0.000000 0.000000 0.000000 0.000000 0.000000 0.000000 0.000000 0.000000 0.000000 0.000000 0.000000 0.000000 0.000000 0.000000 0.000000 0.000000 0.000000 0.000000 0.000000 0.000000 0.000000 0.000000 0.000000 0.000000 0.000000 0.000000 0.000000 0.000000 0.000000 0.000000 0.000000 0.000000 0.000000 0.000000 0.000000 0.000000 0.000000 0.000000 0.000000 0.000000 0.000000 0.000000 0.000000 0.000000 0.000000 0.000000 0.000000 0.000000 0.000000 0.000000 0.000000 0.000000 0.000000 0.000000 0.000000 0.000000 0.000000 0.000000 0.000000 0.000000 0.000000 0.000000 0.000000 0.000000 0.000000 0.000000 0.000000 0.000000 0.000000 0.000000 0.000000 0.000000 0.000000 0.000000 0.000000 0.000000 0.000000 0.000000 0.000000 0.000000 0.000000 0.000000 0.000000 0.000000 0.000000 
0.000000 0.000000 0.000000 0.000000 0.000000 0.000000 0.000000 0.000000 0.000000 0.000000 0.000000 0.000000 0.000000 0.000000 0.000000 0.000000 0.000000 0.000000 0.000000 0.000000 0.000000 0.000000 0.000000 0.000000 0.000000 0.000000 0.000000 0.000000 0.000000 0.000000 0.000000 0.000000 0.000000 0.000000 0.000000 0.000000 0.000000 0.000000 0.000000 0.000000 0.000000 0.000000 0.000000 0.000000 0.000000 0.000000 0.000000 0.000000 0.000000 0.000000 0.000000 0.000000 0.000000 0.000000 0.000000 0.000000 0.000000 0.000000 0.000000 0.000000 0.000000 0.000000 0.000000 0.000000 0.000000 0.000000 0.000000 0.000000 0.000000 0.000000 0.000000 0.000000 0.000000 0.000000 0.000000 0.000000 0.000000 0.000000 0.000000 0.000000 0.000000 0.000000 0.000000 0.000000 0.000000 0.000000 0.000000 0.000000 0.000000 0.000000 0.000000 0.000000 0.000000 0.000000 0.000000 0.000000 0.000000 0.000000 0.000000 0.000000 
0.000000 0.000000 0.000000 0.000000 0.000000 0.000000 0.000000 0.000000 0.000000 0.000000 0.000000 0.000000 0.000000 0.000000 0.000000 0.000000 0.000000 0.000000 0.000000 0.000000 0.000000 0.000000 0.000000 0.000000 0.000000 0.000000 0.000000 0.000000 0.000000 0.000000 0.000000 0.000000 0.000000 0.000000 0.000000 0.000000 0.000000 0.000000 0.000000 0.000000 0.000000 0.000000 0.000000 0.000000 0.000000 0.000000 0.000000 0.000000 0.000000 0.000000 0.000000 0.000000 0.000000 0.000000 0.000000 0.000000 0.000000 0.000000 0.000000 0.000000 0.000000 0.000000 0.000000 0.000000 0.000000 0.000000 0.000000 0.000000 0.000000 0.000000 0.000000 0.000000 0.000000 0.000000 0.000000 0.000000 0.000000 0.000000 0.000000 0.000000 0.000000 0.000000 0.000000 0.000000 0.000000 0.000000 0.000000 0.000000 0.000000 0.000000 0.000000 0.000000 0.000000 0.000000 0.000000 0.000000 0.000000 0.000000 0.000000 0.000000 
0.000000 0.000000 0.000000 0.000000 0.000000 0.000000 0.000000 0.000000 0.000000 0.000000 0.000000 0.000000 0.000000 0.000000 0.000000 0.000000 0.000000 0.000000 0.000000 0.000000 0.000000 0.000000 0.000000 0.000000 0.000000 0.000000 0.000000 0.000000 0.000000 0.000000 0.000000 0.000000 0.000000 0.000000 0.000000 0.000000 0.000000 0.000000 0.000000 0.000000 0.000000 0.000000 0.000000 0.000000 0.000000 0.000000 0.000000 0.000000 0.000000 0.000000 0.000000 0.000000 0.000000 0.000000 0.000000 0.000000 0.000000 0.000000 0.000000 0.000000 0.000000 0.000000 0.000000 0.000000 0.000000 0.000000 0.000000 0.000000 0.000000 0.000000 0.000000 0.000000 0.000000 0.000000 0.000000 0.000000 0.000000 0.000000 0.000000 0.000000 0.000000 0.000000 0.000000 0.000000 0.000000 0.000000 0.000000 0.000000 0.000000 0.000000 0.000000 0.000000 0.000000 0.000000 0.000000 0.000000 0.000000 0.000000 0.000000 0.000000 
0.000000 0.000000 0.000000 0.000000 0.000000 0.000000 0.000000 0.000000 0.000000 0.000000 0.000000 0.000000 0.000000 0.000000 0.000000 0.000000 0.000000 0.000000 0.000000 0.000000 0.000000 0.000000 0.000000 0.000000 0.000000 0.000000 0.000000 0.000000 0.000000 0.000000 0.000000 0.000000 0.000000 0.000000 0.000000 0.000000 0.000000 0.000000 0.000000 0.000000 0.000000 0.000000 0.000000 0.000000 0.000000 0.000000 0.000000 0.000000 0.000000 0.000000 0.000000 0.000000 0.000000 0.000000 0.000000 0.000000 0.000000 0.000000 0.000000 0.000000 0.000000 0.000000 0.000000 0.000000 0.000000 0.000000 0.000000 0.000000 0.000000 0.000000 0.000000 0.000000 0.000000 0.000000 0.000000 0.000000 0.000000 0.000000 0.000000 0.000000 0.000000 0.000000 0.000000 0.000000 0.000000 0.000000 0.000000 0.000000 0.000000 0.000000 0.000000 0.000000 0.000000 0.000000 0.000000 0.000000 0.000000 0.000000 0.000000 0.000000 
0.000000 0.000000 0.000000 0.000000 0.000000 0.000000 0.000000 0.000000 0.000000 0.000000 0.000000 0.000000 0.000000 0.000000 0.000000 0.000000 0.000000 0.000000 0.000000 0.000000 0.000000 0.000000 0.000000 0.000000 0.000000 0.000000 0.000000 0.000000 0.000000 0.000000 0.000000 0.000000 0.000000 0.000000 0.000000 0.000000 0.000000 0.000000 0.000000 0.000000 0.000000 0.000000 0.000000 0.000000 0.000000 0.000000 0.000001 0.000001 0.000001 0.000001 0.000001 0.000001 0.000001 0.000001 0.000001 0.000000 0.000000 0.000000 0.000000 0.000000 0.000000 0.000000 0.000000 0.000000 0.000000 0.000000 0.000000 0.000000 0.000000 0.000000 0.000000 0.000000 0.000000 0.000000 0.000000 0.000000 0.000000 0.000000 0.000000 0.000000 0.000000 0.000000 0.000000 0.000000 0.000000 0.000000 0.000000 0.000000 0.000000 0.000000 0.000000 0.000000 0.000000 0.000000 0.000000 0.000000 0.000000 0.000000 0.000000 0.000000 
0.000000 0.000000 0.000000 0.000000 0.000000 0.000000 0.000000 0.000000 0.000000 0.000000 0.000000 0.000000 0.000000 0.000000 0.000000 0.000000 0.000000 0.000000 0.000000 0.000000 0.000000 0.000000 0.000000 0.000000 0.000000 0.000000 0.000000 0.000000 0.000000 0.000000 0.000000 0.000000 0.000000 0.000000 0.000000 0.000000 0.000000 0.000000 0.000000 0.000000 0.000000 0.000000 0.000001 0.000001 0.000001 0.000001 0.000001 0.000002 0.000002 0.000002 0.000002 0.000002 0.000002 0.000002 0.000001 0.000001 0.000001 0.000001 0.000001 0.000000 0.000000 0.000000 0.000000 0.000000 0.000000 0.000000 0.000000 0.000000 0.000000 0.000000 0.000000 0.000000 0.000000 0.000000 0.000000 0.000000 0.000000 0.000000 0.000000 0.000000 0.000000 0.000000 0.000000 0.000000 0.000000 0.000000 0.000000 0.000000 0.000000 0.000000 0.000000 0.000000 0.000000 0.000000 0.000000 0.000000 0.000000 0.000000 0.000000 0.000000 
0.000000 0.000000 0.000000 0.000000 0.000000 0.000000 0.000000 0.000000 0.000000 0.000000 0.000000 0.000000 0.000000 0.000000 0.000000 0.000000 0.000000 0.000000 0.000000 0.000000 0.000000 0.000000 0.000000 0.000000 0.000000 0.000000 0.000000 0.000000 0.000000 0.000000 0.000000 0.000000 0.000000 0.000000 0.000000 0.000000 0.000000 0.000000 0.000000 0.000001 0.000001 0.000001 0.000002 0.000002 0.000003 0.000004 0.000004 0.000005 0.000005 0.000005 0.000005 0.000005 0.000005 0.000005 0.000004 0.000004 0.000003 0.000002 0.000002 0.000001 0.000001 0.000001 0.000000 0.000000 0.000000 0.000000 0.000000 0.000000 0.000000 0.000000 0.000000 0.000000 0.000000 0.000000 0.000000 0.000000 0.000000 0.000000 0.000000 0.000000 0.000000 0.000000 0.000000 0.000000 0.000000 0.000000 0.000000 0.000000 0.000000 0.000000 0.000000 0.000000 0.000000 0.000000 0.000000 0.000000 0.000000 0.000000 0.000000 0.000000 
0.000000 0.000000 0.000000 0.000000 0.000000 0.000000 0.000000 0.000000 0.000000 0.000000 0.000000 0.000000 0.000000 0.000000 0.000000 0.000000 0.000000 0.000000 0.000000 0.000000 0.000000 0.000000 0.000000 0.000000 0.000000 0.000000 0.000000 0.000000 0.000000 0.000000 0.000000 0.000000 0.000000 0.000000 0.000000 0.000000 0.000001 0.000001 0.000001 0.000002 0.000003 0.000004 0.000005 0.000006 0.000008 0.000010 0.000011 0.000013 0.000014 0.000014 0.000015 0.000014 0.000014 0.000013 0.000011 0.000010 0.000008 0.000006 0.000005 0.000004 0.000003 0.000002 0.000001 0.000001 0.000001 0.000000 0.000000 0.000000 0.000000 0.000000 0.000000 0.000000 0.000000 0.000000 0.000000 0.000000 0.000000 0.000000 0.000000 0.000000 0.000000 0.000000 0.000000 0.000000 0.000000 0.000000 0.000000 0.000000 0.000000 0.000000 0.000000 0.000000 0.000000 0.000000 0.000000 0.000000 0.000000 0.000000 0.000000 0.000000 
0.000000 0.000000 0.000000 0.000000 0.000000 0.000000 0.000000 0.000000 0.000000 0.000000 0.000000 0.000000 0.000000 0.000000 0.000000 0.000000 0.000000 0.000000 0.000000 0.000000 0.000000 0.000000 0.000000 0.000000 0.000000 0.000000 0.000000 0.000000 0.000000 0.000000 0.000000 0.000000 0.000000 0.000000 0.000001 0.000001 0.000001 0.000002 0.000003 0.000005 0.000007 0.000010 0.000013 0.000017 0.000021 0.000026 0.000030 0.000034 0.000037 0.000039 0.000039 0.000039 0.000037 0.000034 0.000030 0.000026 0.000021 0.000017 0.000013 0.000010 0.000007 0.000005 0.000003 0.000002 0.000001 0.000001 0.000001 0.000000 0.000000 0.000000 0.000000 0.000000 0.000000 0.000000 0.000000 0.000000 0.000000 0.000000 0.000000 0.000000 0.000000 0.000000 0.000000 0.000000 0.000000 0.000000 0.000000 0.000000 0.000000 0.000000 0.000000 0.000000 0.000000 0.000000 0.000000 0.000000 0.000000 0.000000 0.000000 0.000000 
0.000000 0.000000 0.000000 0.000000 0.000000 0.000000 0.000000 0.000000 0.000000 0.000000 0.000000 0.000000 0.000000 0.000000 0.000000 0.000000 0.000000 0.000000 0.000000 0.000000 0.000000 0.000000 0.000000 0.000000 0.000000 0.000000 0.000000 0.000000 0.000000 0.000000 0.000000 0.000000 0.000000 0.000001 0.000001 0.000002 0.000004 0.000006 0.000009 0.000013 0.000019 0.000026 0.000034 0.000044 0.000055 0.000066 0.000077 0.000087 0.000095 0.000100 0.000101 0.000100 0.000095 0.000087 0.000077 0.000066 0.000055 0.000044 0.000034 0.000026 0.000019 0.000013 0.000009 0.000006 0.000004 0.000002 0.000001 0.000001 0.000000 0.000000 0.000000 0.000000 0.000000 0.000000 0.000000 0.000000 0.000000 0.000000 0.000000 0.000000 0.000000 0.000000 0.000000 0.000000 0.000000 0.000000 0.000000 0.000000 0.000000 0.000000 0.000000 0.000000 0.000000 0.000000 0.000000 0.000000 0.000000 0.000000 0.000000 0.000000 
0.000000 0.000000 0.000000 0.000000 0.000000 0.000000 0.000000 0.000000 0.000000 0.000000 0.000000 0.000000 0.000000 0.000000 0.000000 0.000000 0.000000 0.000000 0.000000 0.000000 0.000000 0.000000 0.000000 0.000000 0.000000 0.000000 0.000000 0.000000 0.000000 0.000000 0.000000 0.000001 0.000001 0.000002 0.000004 0.000006 0.000010 0.000015 0.000023 0.000033 0.000048 0.000065 0.000087 0.000112 0.000139 0.000168 0.000195 0.000220 0.000239 0.000251 0.000256 0.000251 0.000239 0.000220 0.000195 0.000168 0.000139 0.000112 0.000087 0.000065 0.000048 0.000033 0.000023 0.000015 0.000010 0.000006 0.000004 0.000002 0.000001 0.000001 0.000000 0.000000 0.000000 0.000000 0.000000 0.000000 0.000000 0.000000 0.000000 0.000000 0.000000 0.000000 0.000000 0.000000 0.000000 0.000000 0.000000 0.000000 0.000000 0.000000 0.000000 0.000000 0.000000 0.000000 0.000000 0.000000 0.000000 0.000000 0.000000 0.000000 
0.000000 0.000000 0.000000 0.000000 0.000000 0.000000 0.000000 0.000000 0.000000 0.000000 0.000000 0.000000 0.000000 0.000000 0.000000 0.000000 0.000000 0.000000 0.000000 0.000000 0.000000 0.000000 0.000000 0.000000 0.000000 0.000000 0.000000 0.000000 0.000000 0.000000 0.000001 0.000002 0.000003 0.000005 0.000009 0.000015 0.000024 0.000037 0.000057 0.000083 0.000118 0.000162 0.000215 0.000276 0.000343 0.000412 0.000480 0.000539 0.000587 0.000617 0.000627 0.000617 0.000587 0.000539 0.000480 0.000412 0.000343 0.000276 0.000215 0.000162 0.000118 0.000083 0.000057 0.000037 0.000024 0.000015 0.000009 0.000005 0.000003 0.000002 0.000001 0.000000 0.000000 0.000000 0.000000 0.000000 0.000000 0.000000 0.000000 0.000000 0.000000 0.000000 0.000000 0.000000 0.000000 0.000000 0.000000 0.000000 0.000000 0.000000 0.000000 0.000000 0.000000 0.000000 0.000000 0.000000 0.000000 0.000000 0.000000 0.000000 
0.000000 0.000000 0.000000 0.000000 0.000000 0.000000 0.000000 0.000000 0.000000 0.000000 0.000000 0.000000 0.000000 0.000000 0.000000 0.000000 0.000000 0.000000 0.000000 0.000000 0.000000 0.000000 0.000000 0.000000 0.000000 0.000000 0.000000 0.000000 0.000001 0.000001 0.000002 0.000004 0.000007 0.000013 0.000022 0.000036 0.000058 0.000091 0.000137 0.000200 0.000284 0.000389 0.000516 0.000662 0.000822 0.000987 0.001147 0.001289 0.001401 0.001473 0.001498 0.001473 0.001401 0.001289 0.001147 0.000987 0.000822 0.000662 0.000516 0.000389 0.000284 0.000200 0.000137 0.000091 0.000058 0.000036 0.000022 0.000013 0.000007 0.000004 0.000002 0.000001 0.000001 0.000000 0.000000 0.000000 0.000000 0.000000 0.000000 0.000000 0.000000 0.000000 0.000000 0.000000 0.000000 0.000000 0.000000 0.000000 0.000000 0.000000 0.000000 0.000000 0.000000 0.000000 0.000000 0.000000 0.000000 0.000000 0.000000 0.000000 
0.000000 0.000000 0.000000 0.000000 0.000000 0.000000 0.000000 0.000000 0.000000 0.000000 0.000000 0.000000 0.000000 0.000000 0.000000 0.000000 0.000000 0.000000 0.000000 0.000000 0.000000 0.000000 0.000000 0.000000 0.000000 0.000000 0.000000 0.000001 0.000001 0.000003 0.000005 0.000009 0.000017 0.000030 0.000051 0.000085 0.000137 0.000213 0.000322 0.000470 0.000664 0.000909 0.001205 0.001544 0.001915 0.002299 0.002669 0.002998 0.003258 0.003424 0.003482 0.003424 0.003258 0.002998 0.002669 0.002299 0.001915 0.001544 0.001205 0.000909 0.000664 0.000470 0.000322 0.000213 0.000137 0.000085 0.000051 0.000030 0.000017 0.000009 0.000005 0.000003 0.000001 0.000001 0.000000 0.000000 0.000000 0.000000 0.000000 0.000000 0.000000 0.000000 0.000000 0.000000 0.000000 0.000000 0.000000 0.000000 0.000000 0.000000 0.000000 0.000000 0.000000 0.000000 0.000000 0.000000 0.000000 0.000000 0.000000 0.000000 
0.000000 0.000000 0.000000 0.000000 0.000000 0.000000 0.000000 0.000000 0.000000 0.000000 0.000000 0.000000 0.000000 0.000000 0.000000 0.000000 0.000000 0.000000 0.000000 0.000000 0.000000 0.000000 0.000000 0.000000 0.000000 0.000000 0.000001 0.000001 0.000003 0.000006 0.000011 0.000022 0.000039 0.000069 0.000118 0.000196 0.000314 0.000489 0.000736 0.001073 0.001514 0.002069 0.002737 0.003505 0.004343 0.005208 0.006043 0.006784 0.007369 0.007744 0.007873 0.007744 0.007369 0.006784 0.006043 0.005208 0.004343 0.003505 0.002737 0.002069 0.001514 0.001073 0.000736 0.000489 0.000314 0.000196 0.000118 0.000069 0.000039 0.000022 0.000011 0.000006 0.000003 0.000001 0.000001 0.000000 0.000000 0.000000 0.000000 0.000000 0.000000 0.000000 0.000000 0.000000 0.000000 0.000000 0.000000 0.000000 0.000000 0.000000 0.000000 0.000000 0.000000 0.000000 0.000000 0.000000 0.000000 0.000000 0.000000 0.000000 
0.000000 0.000000 0.000000 0.000000 0.000000 0.000000 0.000000 0.000000 0.000000 0.000000 0.000000 0.000000 0.000000 0.000000 0.000000 0.000000 0.000000 0.000000 0.000000 0.000000 0.000000 0.000000 0.000000 0.000000 0.000000 0.000001 0.000002 0.000003 0.000007 0.000013 0.000026 0.000049 0.000088 0.000155 0.000265 0.000438 0.000701 0.001088 0.001636 0.002381 0.003356 0.004579 0.006050 0.007738 0.009579 0.011477 0.013308 0.014933 0.016214 0.017035 0.017317 0.017035 0.016214 0.014933 0.013308 0.011477 0.009579 0.007738 0.006050 0.004579 0.003356 0.002381 0.001636 0.001088 0.000701 0.000438 0.000265 0.000155 0.000088 0.000049 0.000026 0.000013 0.000007 0.000003 0.000002 0.000001 0.000000 0.000000 0.000000 0.000000 0.000000 0.000000 0.000000 0.000000 0.000000 0.000000 0.000000 0.000000 0.000000 0.000000 0.000000 0.000000 0.000000 0.000000 0.000000 0.000000 0.000000 0.000000 0.000000 0.000000 
0.000000 0.000000 0.000000 0.000000 0.000000 0.000000 0.000000 0.000000 0.000000 0.000000 0.000000 0.000000 0.000000 0.000000 0.000000 0.000000 0.000000 0.000000 0.000000 0.000000 0.000000 0.000000 0.000000 0.000000 0.000001 0.000002 0.000003 0.000007 0.000015 0.000030 0.000057 0.000107 0.000193 0.000339 0.000577 0.000952 0.001522 0.002357 0.003536 0.005138 0.007231 0.009854 0.013003 0.016613 0.020546 0.024597 0.028502 0.031965 0.034695 0.036444 0.037046 0.036444 0.034695 0.031965 0.028502 0.024597 0.020546 0.016613 0.013003 0.009854 0.007231 0.005138 0.003536 0.002357 0.001522 0.000952 0.000577 0.000339 0.000193 0.000107 0.000057 0.000030 0.000015 0.000007 0.000003 0.000002 0.000001 0.000000 0.000000 0.000000 0.000000 0.000000 0.000000 0.000000 0.000000 0.000000 0.000000 0.000000 0.000000 0.000000 0.000000 0.000000 0.000000 0.000000 0.000000 0.000000 0.000000 0.000000 0.000000 0.000000 
0.000000 0.000000 0.000000 0.000000 0.000000 0.000000 0.000000 0.000000 0.000000 0.000000 0.000000 0.000000 0.000000 0.000000 0.000000 0.000000 0.000000 0.000000 0.000000 0.000000 0.000000 0.000000 0.000000 0.000001 0.000002 0.000003 0.000008 0.000016 0.000032 0.000064 0.000122 0.000228 0.000411 0.000720 0.001223 0.002012 0.003210 0.004961 0.007429 0.010778 0.015146 0.020615 0.027171 0.034677 0.042849 0.051258 0.059357 0.066537 0.072193 0.075816 0.077063 0.075816 0.072193 0.066537 0.059357 0.051258 0.042849 0.034677 0.027171 0.020615 0.015146 0.010778 0.007429 0.004961 0.003210 0.002012 0.001223 0.000720 0.000411 0.000228 0.000122 0.000064 0.000032 0.000016 0.000008 0.000003 0.000002 0.000001 0.000000 0.000000 0.000000 0.000000 0.000000 0.000000 0.000000 0.000000 0.000000 0.000000 0.000000 0.000000 0.000000 0.000000 0.000000 0.000000 0.000000 0.000000 0.000000 0.000000 0.000000 0.000000 
0.000000 0.000000 0.000000 0.000000 0.000000 0.000000 0.000000 0.000000 0.000000 0.000000 0.000000 0.000000 0.000000 0.000000 0.000000 0.000000 0.000000 0.000000 0.000000 0.000000 0.000000 0.000000 0.000001 0.000001 0.000003 0.000007 0.000016 0.000033 0.000067 0.000133 0.000254 0.000472 0.000850 0.001485 0.002515 0.004131 0.006577 0.010147 0.015170 0.021976 0.030839 0.041920 0.055189 0.070364 0.086869 0.103840 0.120176 0.134647 0.146044 0.153342 0.155856 0.153342 0.146044 0.134647 0.120176 0.103840 0.086869 0.070364 0.055189 0.041920 0.030839 0.021976 0.015170 0.010147 0.006577 0.004131 0.002515 0.001485 0.000850 0.000472 0.000254 0.000133 0.000067 0.000033 0.000016 0.000007 0.000003 0.000001 0.000001 0.000000 0.000000 0.000000 0.000000 0.000000 0.000000 0.000000 0.000000 0.000000 0.000000 0.000000 0.000000 0.000000 0.000000 0.000000 0.000000 0.000000 0.000000 0.000000 0.000000 0.000000 
0.000000 0.000000 0.000000 0.000000 0.000000 0.000000 0.000000 0.000000 0.000000 0.000000 0.000000 0.000000 0.000000 0.000000 0.000000 0.000000 0.000000 0.000000 0.000000 0.000000 0.000000 0.000001 0.000001 0.000003 0.000007 0.000015 0.000032 0.000067 0.000136 0.000268 0.000512 0.000949 0.001706 0.002974 0.005027 0.008239 0.013092 0.020165 0.030101 0.043540 0.061019 0.082843 0.108946 0.138767 0.171175 0.204471 0.236500 0.264859 0.287184 0.301476 0.306397 0.301476 0.287184 0.264859 0.236500 0.204471 0.171175 0.138767 0.108946 0.082843 0.061019 0.043540 0.030101 0.020165 0.013092 0.008239 0.005027 0.002974 0.001706 0.000949 0.000512 0.000268 0.000136 0.000067 0.000032 0.000015 0.000007 0.000003 0.000001 0.000001 0.000000 0.000000 0.000000 0.000000 0.000000 0.000000 0.000000 0.000000 0.000000 0.000000 0.000000 0.000000 0.000000 0.000000 0.000000 0.000000 0.000000 0.000000 0.000000 0.000000 
0.000000 0.000000 0.000000 0.000000 0.000000 0.000000 0.000000 0.000000 0.000000 0.000000 0.000000 0.000000 0.000000 0.000000 0.000000 0.000000 0.000000 0.000000 0.000000 0.000000 0.000000 0.000001 0.000003 0.000006 0.000013 0.000030 0.000064 0.000133 0.000268 0.000527 0.001003 0.001854 0.003324 0.005783 0.009756 0.015961 0.025317 0.038931 0.058024 0.083811 0.117306 0.159076 0.208981 0.265938 0.327780 0.391272 0.452311 0.506327 0.548835 0.576042 0.585409 0.576042 0.548835 0.506327 0.452311 0.391272 0.327780 0.265938 0.208981 0.159076 0.117306 0.083811 0.058024 0.038931 0.025317 0.015961 0.009756 0.005783 0.003324 0.001854 0.001003 0.000527 0.000268 0.000133 0.000064 0.000030 0.000013 0.000006 0.000003 0.000001 0.000000 0.000000 0.000000 0.000000 0.000000 0.000000 0.000000 0.000000 0.000000 0.000000 0.000000 0.000000 0.000000 0.000000 0.000000 0.000000 0.000000 0.000000 0.000000 0.000000 
0.000000 0.000000 0.000000 0.000000 0.000000 0.000000 0.000000 0.000000 0.000000 0.000000 0.000000 0.000000 0.000000 0.000000 0.000000 0.000000 0.000000 0.000000 0.000000 0.000000 0.000001 0.000002 0.000005 0.000011 0.000026 0.000057 0.000122 0.000254 0.000512 0.001003 0.001906 0.003515 0.006289 0.010918 0.018386 0.030025 0.047547 0.072999 0.108642 0.156715 0.219075 0.296752 0.389458 0.495165 0.609844 0.727498 0.840540 0.940530 1.019189 1.069521 1.086848 1.069521 1.019189 0.940530 0.840540 0.727498 0.609844 0.495165 0.389458 0.296752 0.219075 0.156715 0.108642 0.072999 0.047547 0.030025 0.018386 0.010918 0.006289 0.003515 0.001906 0.001003 0.000512 0.000254 0.000122 0.000057 0.000026 0.000011 0.000005 0.000002 0.000001 0.000000 0.000000 0.000000 0.000000 0.000000 0.000000 0.000000 0.000000 0.000000 0.000000 0.000000 0.000000 0.000000 0.000000 0.000000 0.000000 0.000000 0.000000 0.000000 
0.000000 0.000000 0.000000 0.000000 0.000000 0.000000 0.000000 0.000000 0.000000 0.000000 0.000000 0.000000 0.000000 0.000000 0.000000 0.000000 0.000000 0.000000 0.000000 0.000001 0.000002 0.000004 0.000009 0.000022 0.000049 0.000107 0.000228 0.000472 0.000949 0.001854 0.003515 0.006468 0.011551 0.020013 0.033640 0.054843 0.086708 0.132923 0.197550 0.284599 0.397380 0.537705 0.705013 0.895611 1.102226 1.314058 1.517471 1.697316 1.838745 1.929224 1.960366 1.929224 1.838745 1.697316 1.517471 1.314058 1.102226 0.895611 0.705013 0.537705 0.397380 0.284599 0.197550 0.132923 0.086708 0.054843 0.033640 0.020013 0.011551 0.006468 0.003515 0.001854 0.000949 0.000472 0.000228 0.000107 0.000049 0.000022 0.000009 0.000004 0.000002 0.000001 0.000000 0.000000 0.000000 0.000000 0.000000 0.000000 0.000000 0.000000 0.000000 0.000000 0.000000 0.000000 0.000000 0.000000 0.000000 0.000000 0.000000 0.000000 
0.000000 0.000000 0.000000 0.000000 0.000000 0.000000 0.000000 0.000000 0.000000 0.000000 0.000000 0.000000 0.000000 0.000000 0.000000 0.000000 0.000000 0.000000 0.000000 0.000001 0.000003 0.000007 0.000017 0.000039 0.000088 0.000193 0.000411 0.000850 0.001706 0.003324 0.006289 0.011551 0.020587 0.035606 0.059746 0.097245 0.153513 0.234999 0.348795 0.501875 0.699978 0.946199 1.239486 1.573314 1.934924 2.305427 2.661015 2.975268 3.222316 3.380330 3.434712 3.380330 3.222316 2.975268 2.661015 2.305427 1.934924 1.573314 1.239486 0.946199 0.699978 0.501875 0.348795 0.234999 0.153513 0.097245 0.059746 0.035606 0.020587 0.011551 0.006289 0.003324 0.001706 0.000850 0.000411 0.000193 0.000088 0.000039 0.000017 0.000007 0.000003 0.000001 0.000000 0.000000 0.000000 0.000000 0.000000 0.000000 0.000000 0.000000 0.000000 0.000000 0.000000 0.000000 0.000000 0.000000 0.000000 0.000000 0.000000 0.000000 
0.000000 0.000000 0.000000 0.000000 0.000000 0.000000 0.000000 0.000000 0.000000 0.000000 0.000000 0.000000 0.000000 0.000000 0.000000 0.000000 0.000000 0.000000 0.000001 0.000002 0.000005 0.000013 0.000030 0.000069 0.000155 0.000339 0.000720 0.001485 0.002974 0.005783 0.010918 0.020013 0.035606 0.061475 0.102984 0.167364 0.263820 0.403314 0.597864 0.859261 1.197164 1.616721 2.116021 2.683883 3.298566 3.927983 4.531754 5.065124 5.484302 5.752356 5.844601 5.752356 5.484302 5.065124 4.531754 3.927983 3.298566 2.683883 2.116021 1.616721 1.197164 0.859261 0.597864 0.403314 0.263820 0.167364 0.102984 0.061475 0.035606 0.020013 0.010918 0.005783 0.002974 0.001485 0.000720 0.000339 0.000155 0.000069 0.000030 0.000013 0.000005 0.000002 0.000001 0.000000 0.000000 0.000000 0.000000 0.000000 0.000000 0.000000 0.000000 0.000000 0.000000 0.000000 0.000000 0.000000 0.000000 0.000000 0.000000 0.000000 
0.000000 0.000000 0.000000 0.000000 0.000000 0.000000 0.000000 0.000000 0.000000 0.000000 0.000000 0.000000 0.000000 0.000000 0.000000 0.000000 0.000000 0.000001 0.000001 0.000004 0.000009 0.000022 0.000051 0.000118 0.000265 0.000577 0.001223 0.002515 0.005027 0.009756 0.018386 0.033640 0.059746 0.102984 0.172252 0.279527 0.440024 0.671826 0.994720 1.428066 1.987660 2.681819 3.507204 4.445209 5.459876 6.498265 7.493865 8.373040 9.063786 9.505418 9.657381 9.505418 9.063786 8.373040 7.493865 6.498265 5.459876 4.445209 3.507204 2.681819 1.987660 1.428066 0.994720 0.671826 0.440024 0.279527 0.172252 0.102984 0.059746 0.033640 0.018386 0.009756 0.005027 0.002515 0.001223 0.000577 0.000265 0.000118 0.000051 0.000022 0.000009 0.000004 0.000001 0.000001 0.000000 0.000000 0.000000 0.000000 0.000000 0.000000 0.000000 0.000000 0.000000 0.000000 0.000000 0.000000 0.000000 0.000000 0.000000 0.000000 
0.000000 0.000000 0.000000 0.000000 0.000000 0.000000 0.000000 0.000000 0.000000 0.000000 0.000000 0.000000 0.000000 0.000000 0.000000 0.000000 0.000000 0.000001 0.000002 0.000006 0.000015 0.000036 0.000085 0.000196 0.000438 0.000952 0.002012 0.004131 0.008239 0.015961 0.030025 0.054843 0.097245 0.167364 0.279527 0.452987 0.712162 1.086016 1.606184 2.303538 3.203169 4.318132 5.642802 7.147132 8.773381 10.436750 12.030856 13.438038 14.543325 15.249868 15.492963 15.249868 14.543325 13.438038 12.030856 10.436750 8.773381 7.147132 5.642802 4.318132 3.203169 2.303538 1.606184 1.086016 0.712162 0.452987 0.279527 0.167364 0.097245 0.054843 0.030025 0.015961 0.008239 0.004131 0.002012 0.000952 0.000438 0.000196 0.000085 0.000036 0.000015 0.000006 0.000002 0.000001 0.000000 0.000000 0.000000 0.000000 0.000000 0.000000 0.000000 0.000000 0.000000 0.000000 0.000000 0.000000 0.000000 0.000000 0.000000 0.000000 
0.000000 0.000000 0.000000 0.000000 0.000000 0.000000 0.000000 0.000000 0.000000 0.000000 0.000000 0.000000 0.000000 0.000000 0.000000 0.000000 0.000001 0.000001 0.000004 0.000010 0.000024 0.000058 0.000137 0.000314 0.000701 0.001522 0.003210 0.006577 0.013092 0.025317 0.047547 0.086708 0.153513 0.263820 0.440024 0.712162 1.118270 1.703390 2.516621 3.605773 5.009552 6.747873 8.811577 11.153593 13.683921 16.270690 18.748695 20.935387 22.652513 23.749979 24.127544 23.749979 22.652513 20.935387 18.748695 16.270690 13.683921 11.153593 8.811577 6.747873 5.009552 3.605773 2.516621 1.703390 1.118270 0.712162 0.440024 0.263820 0.153513 0.086708 0.047547 0.025317 0.013092 0.006577 0.003210 0.001522 0.000701 0.000314 0.000137 0.000058 0.000024 0.000010 0.000004 0.000001 0.000001 0.000000 0.000000 0.000000 0.000000 0.000000 0.000000 0.000000 0.000000 0.000000 0.000000 0.000000 0.000000 0.000000 0.000000 0.000000 
0.000000 0.000000 0.000000 0.000000 0.000000 0.000000 0.000000 0.000000 0.000000 0.000000 0.000000 0.000000 0.000000 0.000000 0.000000 0.000000 0.000001 0.000002 0.000006 0.000015 0.000037 0.000091 0.000213 0.000489 0.001088 0.002357 0.004961 0.010147 0.020165 0.038931 0.072999 0.132923 0.234999 0.403314 0.671826 1.086016 1.703390 2.591933 3.825631 5.476359 7.602110 10.232393 13.352812 16.891819 20.713274 24.618116 28.357295 31.655853 34.245468 35.900306 36.469581 35.900306 34.245468 31.655853 28.357295 24.618116 20.713274 16.891819 13.352812 10.232393 7.602110 5.476359 3.825631 2.591933 1.703390 1.086016 0.671826 0.403314 0.234999 0.132923 0.072999 0.038931 0.020165 0.010147 0.004961 0.002357 0.001088 0.000489 0.000213 0.000091 0.000037 0.000015 0.000006 0.000002 0.000001 0.000000 0.000000 0.000000 0.000000 0.000000 0.000000 0.000000 0.000000 0.000000 0.000000 0.000000 0.000000 0.000000 0.000000 0.000000 
0.000000 0.000000 0.000000 0.000000 0.000000 0.000000 0.000000 0.000000 0.000000 0.000000 0.000000 0.000000 0.000000 0.000000 0.000000 0.000000 0.000001 0.000003 0.000009 0.000023 0.000057 0.000137 0.000322 0.000736 0.001636 0.003536 0.007429 0.015170 0.030101 0.058024 0.108642 0.197550 0.348795 0.597864 0.994720 1.606184 2.516621 3.825631 5.641416 8.068884 11.192397 15.054442 19.633145 24.823023 30.424231 36.145146 41.621340 46.450804 50.241459 52.663439 53.496553 52.663439 50.241459 46.450804 41.621340 36.145146 30.424231 24.823023 19.633145 15.054442 11.192397 8.068884 5.641416 3.825631 2.516621 1.606184 0.994720 0.597864 0.348795 0.197550 0.108642 0.058024 0.030101 0.015170 0.007429 0.003536 0.001636 0.000736 0.000322 0.000137 0.000057 0.000023 0.000009 0.000003 0.000001 0.000000 0.000000 0.000000 0.000000 0.000000 0.000000 0.000000 0.000000 0.000000 0.000000 0.000000 0.000000 0.000000 0.000000 0.000000 
0.000000 0.000000 0.000000 0.000000 0.000000 0.000000 0.000000 0.000000 0.000000 0.000000 0.000000 0.000000 0.000000 0.000000 0.000000 0.000001 0.000002 0.000005 0.000013 0.000033 0.000083 0.000200 0.000470 0.001073 0.002381 0.005138 0.010778 0.021976 0.043540 0.083811 0.156715 0.284599 0.501875 0.859261 1.428066 2.303538 3.605773 5.476359 8.068884 11.531975 15.984780 21.486723 28.005682 35.390825 43.357520 51.491177 59.274268 66.136329 71.521277 74.961439 76.144708 74.961439 71.521277 66.136329 59.274268 51.491177 43.357520 35.390825 28.005682 21.486723 15.984780 11.531975 8.068884 5.476359 3.605773 2.303538 1.428066 0.859261 0.501875 0.284599 0.156715 0.083811 0.043540 0.021976 0.010778 0.005138 0.002381 0.001073 0.000470 0.000200 0.000083 0.000033 0.000013 0.000005 0.000002 0.000001 0.000000 0.000000 0.000000 0.000000 0.000000 0.000000 0.000000 0.000000 0.000000 0.000000 0.000000 0.000000 0.000000 0.000000 
0.000000 0.000000 0.000000 0.000000 0.000000 0.000000 0.000000 0.000000 0.000000 0.000000 0.000000 0.000000 0.000000 0.000000 0.000000 0.000001 0.000003 0.000007 0.000019 0.000048 0.000118 0.000284 0.000664 0.001514 0.003356 0.007231 0.015146 0.030839 0.061019 0.117306 0.219075 0.397380 0.699978 1.197164 1.987660 3.203169 5.009552 7.602110 11.192397 15.984780 22.142620 29.746657 38.751284 48.947340 59.941543 71.161992 81.895509 91.356504 98.779563 103.521179 105.151991 103.521179 98.779563 91.356504 81.895509 71.161992 59.941543 48.947340 38.751284 29.746657 22.142620 15.984780 11.192397 7.602110 5.009552 3.203169 1.987660 1.197164 0.699978 0.397380 0.219075 0.117306 0.061019 0.030839 0.015146 0.007231 0.003356 0.001514 0.000664 0.000284 0.000118 0.000048 0.000019 0.000007 0.000003 0.000001 0.000000 0.000000 0.000000 0.000000 0.000000 0.000000 0.000000 0.000000 0.000000 0.000000 0.000000 0.000000 0.000000 0.000000 
0.000000 0.000000 0.000000 0.000000 0.000000 0.000000 0.000000 0.000000 0.000000 0.000000 0.000000 0.000000 0.000000 0.000000 0.000000 0.000001 0.000004 0.000010 0.000026 0.000065 0.000162 0.000389 0.000909 0.002069 0.004579 0.009854 0.020615 0.041920 0.082843 0.159076 0.296752 0.537705 0.946199 1.616721 2.681819 4.318132 6.747873 10.232393 15.054442 21.486723 29.746657 39.940795 52.006536 65.662623 80.381941 95.399109 109.760549 122.416510 132.344651 138.685721 140.866520 138.685721 132.344651 122.416510 109.760549 95.399109 80.381941 65.662623 52.006536 39.940795 29.746657 21.486723 15.054442 10.232393 6.747873 4.318132 2.681819 1.616721 0.946199 0.537705 0.296752 0.159076 0.082843 0.041920 0.020615 0.009854 0.004579 0.002069 0.000909 0.000389 0.000162 0.000065 0.000026 0.000010 0.000004 0.000001 0.000000 0.000000 0.000000 0.000000 0.000000 0.000000 0.000000 0.000000 0.000000 0.000000 0.000000 0.000000 0.000000 0.000000 
0.000000 0.000000 0.000000 0.000000 0.000000 0.000000 0.000000 0.000000 0.000000 0.000000 0.000000 0.000000 0.000000 0.000000 0.000001 0.000002 0.000005 0.000013 0.000034 0.000087 0.000215 0.000516 0.001205 0.002737 0.006050 0.013003 0.027171 0.055189 0.108946 0.208981 0.389458 0.705013 1.239486 2.116021 3.507204 5.642802 8.811577 13.352812 19.633145 28.005682 38.751284 52.006536 67.688342 85.430003 104.546271 124.043486 142.684661 159.108812 171.991014 180.218001 183.047257 180.218001 171.991014 159.108812 142.684661 124.043486 104.546271 85.430003 67.688342 52.006536 38.751284 28.005682 19.633145 13.352812 8.811577 5.642802 3.507204 2.116021 1.239486 0.705013 0.389458 0.208981 0.108946 0.055189 0.027171 0.013003 0.006050 0.002737 0.001205 0.000516 0.000215 0.000087 0.000034 0.000013 0.000005 0.000002 0.000001 0.000000 0.000000 0.000000 0.000000 0.000000 0.000000 0.000000 0.000000 0.000000 0.000000 0.000000 0.000000 0.000000 
0.000000 0.000000 0.000000 0.000000 0.000000 0.000000 0.000000 0.000000 0.000000 0.000000 0.000000 0.000000 0.000000 0.000000 0.000001 0.000002 0.000006 0.000017 0.000044 0.000112 0.000276 0.000662 0.001544 0.003505 0.007738 0.016613 0.034677 0.070364 0.138767 0.265938 0.495165 0.895611 1.573314 2.683883 4.445209 7.147132 11.153593 16.891819 24.823023 35.390825 48.947340 65.662623 85.430003 107.785972 131.866586 156.420532 179.891199 200.566784 216.781410 227.135668 230.696331 227.135668 216.781410 200.566784 179.891199 156.420532 131.866586 107.785972 85.430003 65.662623 48.947340 35.390825 24.823023 16.891819 11.153593 7.147132 4.445209 2.683883 1.573314 0.895611 0.495165 0.265938 0.138767 0.070364 0.034677 0.016613 0.007738 0.003505 0.001544 0.000662 0.000276 0.000112 0.000044 0.000017 0.000006 0.000002 0.000001 0.000000 0.000000 0.000000 0.000000 0.000000 0.000000 0.000000 0.000000 0.000000 0.000000 0.000000 0.000000 0.000000 
