0.000000 0.000000 0.000000 0.000000 0.000000 0.000000 0.000000 0.000000 0.000000 0.000000 0.000000 0.000000 0.000000 0.000000 0.000000 0.000000 0.000000 0.000000 0.000000 0.000000 0.000000 0.000000 0.000000 0.000000 0.000000 0.000000 0.000000 0.000000 0.000000 0.000000 0.000000 0.000000 0.000000 0.000000 0.000000 0.000000 0.000000 0.000000 0.000000 0.000000 0.000000 0.000000 0.000000 0.000000 0.000000 0.000000 0.000000 0.000000 0.000000 0.000000 0.000000 0.000000 0.000000 0.000000 0.000000 0.000000 0.000000 0.000000 0.000000 0.000000 0.000000 0.000000 0.000000 0.000000 0.000000 0.000000 0.000000 0.000000 0.000000 0.000000 0.000000 0.000000 0.000000 0.000000 0.000000 0.000000 0.000000 0.000000 0.000000 0.000000 0.000000 0.000000 0.000000 0.000000 0.000000 0.000000 0.000000 0.000000 0.000000 0.000000 0.000000 0.000000 0.000000 0.000000 0.000000 0.000000 0.000000 0.000000 0.000000 0.000000 
0.000000 0.000000 0.000000 0.000000 0.000000 0.000000 0.000000 0.000000 0.000000 0.000000 0.000000 0.000000 0.000000 0.000000 0.000000 0.000000 0.000000 0.000000 0.000000 0.000000 0.000000 0.000000 0.000000 0.000000 0.000000 0.000000 0.000000 0.000000 0.000000 0.000000 0.000000 0.000000 0.000000 0.000000 0.000000 0.000000 0.000000 0.000001 0.000001 0.000001 0.000001 0.000001 0.000001 0.000001 0.000002 0.000002 0.000002 0.000002 0.000002 0.000002 0.000002 0.000002 0.000002 0.000002 0.000002 0.000002 0.000002 0.000001 0.000001 0.000001 0.000001 0.000001 0.000001 0.000001 0.000000 0.000000 0.000000 0.000000 0.000000 0.000000 0.000000 0.000000 0.000000 0.000000 0.000000 0.000000 0.000000 0.000000 0.000000 0.000000 0.000000 0.000000 0.000000 0.000000 0.000000 0.000000 0.000000 0.000000 0.000000 0.000000 0.000000 0.000000 0.000000 0.000000 0.000000 0.000000 0.000000 0.000000 0.000000 0.000000 
0.000000 0.000000 0.000000 0.000000 0.000000 0.000000 0.000000 0.000000 0.000000 0.000000 0.000000 0.000000 0.000000 0.000000 0.000000 0.000000 0.000000 0.000000 0.000000 0.000000 0.000000 0.000000 0.000000 0.000000 0.000000 0.000000 0.000000 0.000000 0.000000 0.000000 0.000000 0.000000 0.000000 0.000001 0.000001 0.000001 0.000001 0.000001 0.000002 0.000002 0.000002 0.000003 0.000003 0.000004 0.000004 0.000005 0.000005 0.000005 0.000005 0.000006 0.000006 0.000006 0.000005 0.000005 0.000005 0.000005 0.000004 0.000004 0.000003 0.000003 0.000002 0.000002 0.000002 0.000001 0.000001 0.000001 0.000001 0.000001 0.000000 0.000000 0.000000 0.000000 0.000000 0.000000 0.000000 0.000000 0.000000 0.000000 0.000000 0.000000 0.000000 0.000000 0.000000 0.000000 0.000000 0.000000 0.000000 0.000000 0.000000 0.000000 0.000000 0.000000 0.000000 0.000000 0.000000 0.000000 0.000000 0.000000 0.000000 0.000000 
0.000000 0.000000 0.000000 0.000000 0.000000 0.000000 0.000000 0.000000 0.000000 0.000000 0.000000 0.000000 0.000000 0.000000 0.000000 0.000000 0.000000 0.000000 0.000000 0.000000 0.000000 0.000000 0.000000 0.000000 0.000000 0.000000 0.000000 0.000000 0.000000 0.000000 0.000000 0.000001 0.000001 0.000001 0.000001 0.000002 0.000002 0.000003 0.000004 0.000004 0.000005 0.000006 0.000007 0.000008 0.000009 0.000010 0.000010 0.000011 0.000011 0.000012 0.000012 0.000012 0.000011 0.000011 0.000010 0.000010 0.000009 0.000008 0.000007 0.000006 0.000005 0.000004 0.000004 0.000003 0.000002 0.000002 0.000001 0.000001 0.000001 0.000001 0.000000 0.000000 0.000000 0.000000 0.000000 0.000000 0.000000 0.000000 0.000000 0.000000 0.000000 0.000000 0.000000 0.000000 0.000000 0.000000 0.000000 0.000000 0.000000 0.000000 0.000000 0.000000 0.000000 0.000000 0.000000 0.000000 0.000000 0.000000 0.000000 0.000000 
0.000000 0.000000 0.000000 0.000000 0.000000 0.000000 0.000000 0.000000 0.000000 0.000000 0.000000 0.000000 0.000000 0.000000 0.000000 0.000000 0.000000 0.000000 0.000000 0.000000 0.000000 0.000000 0.000000 0.000000 0.000000 0.000000 0.000000 0.000000 0.000000 0.000001 0.000001 0.000001 0.000002 0.000002 0.000003 0.000004 0.000005 0.000006 0.000007 0.000009 0.000011 0.000012 0.000014 0.000016 0.000018 0.000020 0.000021 0.000022 0.000023 0.000024 0.000024 0.000024 0.000023 0.000022 0.000021 0.000020 0.000018 0.000016 0.000014 0.000012 0.000011 0.000009 0.000007 0.000006 0.000005 0.000004 0.000003 0.000002 0.000002 0.000001 0.000001 0.000001 0.000000 0.000000 0.000000 0.000000 0.000000 0.000000 0.000000 0.000000 0.000000 0.000000 0.000000 0.000000 0.000000 0.000000 0.000000 0.000000 0.000000 0.000000 0.000000 0.000000 0.000000 0.000000 0.000000 0.000000 0.000000 0.000000 0.000000 0.000000 
0.000000 0.000000 0.000000 0.000000 0.000000 0.000000 0.000000 0.000000 0.000000 0.000000 0.000000 0.000000 0.000000 0.000000 0.000000 0.000000 0.000000 0.000000 0.000000 0.000000 0.000000 0.000000 0.000000 0.000000 0.000000 0.000000 0.000000 0.000001 0.000001 0.000001 0.000002 0.000003 0.000003 0.000005 0.000006 0.000008 0.000010 0.000012 0.000015 0.000018 0.000021 0.000025 0.000028 0.000032 0.000036 0.000039 0.000042 0.000044 0.000046 0.000047 0.000048 0.000047 0.000046 0.000044 0.000042 0.000039 0.000036 0.000032 0.000028 0.000025 0.000021 0.000018 0.000015 0.000012 0.000010 0.000008 0.000006 0.000005 0.000003 0.000003 0.000002 0.000001 0.000001 0.000001 0.000000 0.000000 0.000000 0.000000 0.000000 0.000000 0.000000 0.000000 0.000000 0.000000 0.000000 0.000000 0.000000 0.000000 0.000000 0.000000 0.000000 0.000000 0.000000 0.000000 0.000000 0.000000 0.000000 0.000000 0.000000 0.000000 
0.000000 0.000000 0.000000 0.000000 0.000000 0.000000 0.000000 0.000000 0.000000 0.000000 0.000000 0.000000 0.000000 0.000000 0.000000 0.000000 0.000000 0.000000 0.000000 0.000000 0.000000 0.000000 0.000000 0.000000 0.000000 0.000001 0.000001 0.000001 0.000002 0.000003 0.000004 0.000005 0.000007 0.000009 0.000012 0.000015 0.000019 0.000024 0.000029 0.000035 0.000041 0.000048 0.000055 0.000063 0.000070 0.000076 0.000082 0.000087 0.000090 0.000092 0.000093 0.000092 0.000090 0.000087 0.000082 0.000076 0.000070 0.000063 0.000055 0.000048 0.000041 0.000035 0.000029 0.000024 0.000019 0.000015 0.000012 0.000009 0.000007 0.000005 0.000004 0.000003 0.000002 0.000001 0.000001 0.000001 0.000000 0.000000 0.000000 0.000000 0.000000 0.000000 0.000000 0.000000 0.000000 0.000000 0.000000 0.000000 0.000000 0.000000 0.000000 0.000000 0.000000 0.000000 0.000000 0.000000 0.000000 0.000000 0.000000 0.000000 
0.000000 0.000000 0.000000 0.000000 0.000000 0.000000 0.000000 0.000000 0.000000 0.000000 0.000000 0.000000 0.000000 0.000000 0.000000 0.000000 0.000000 0.000000 0.000000 0.000000 0.000000 0.000000 0.000000 0.000001 0.000001 0.000001 0.000002 0.000003 0.000004 0.000005 0.000007 0.000010 0.000013 0.000017 0.000023 0.000029 0.000037 0.000046 0.000056 0.000067 0.000080 0.000093 0.000107 0.000121 0.000134 0.000147 0.000158 0.000167 0.000174 0.000178 0.000179 0.000178 0.000174 0.000167 0.000158 0.000147 0.000134 0.000121 0.000107 0.000093 0.000080 0.000067 0.000056 0.000046 0.000037 0.000029 0.000023 0.000017 0.000013 0.000010 0.000007 0.000005 0.000004 0.000003 0.000002 0.000001 0.000001 0.000001 0.000000 0.000000 0.000000 0.000000 0.000000 0.000000 0.000000 0.000000 0.000000 0.000000 0.000000 0.000000 0.000000 0.000000 0.000000 0.000000 0.000000 0.000000 0.000000 0.000000 0.000000 0.000000 
0.000000 0.000000 0.000000 0.000000 0.000000 0.000000 0.000000 0.000000 0.000000 0.000000 0.000000 0.000000 0.000000 0.000000 0.000000 0.000000 0.000000 0.000000 0.000000 0.000000 0.000000 0.000000 0.000001 0.000001 0.000001 0.000002 0.000003 0.000005 0.000007 0.000010 0.000014 0.000019 0.000025 0.000033 0.000043 0.000056 0.000070 0.000087 0.000107 0.000128 0.000152 0.000177 0.000203 0.000229 0.000255 0.000279 0.000300 0.000317 0.000330 0.000338 0.000341 0.000338 0.000330 0.000317 0.000300 0.000279 0.000255 0.000229 0.000203 0.000177 0.000152 0.000128 0.000107 0.000087 0.000070 0.000056 0.000043 0.000033 0.000025 0.000019 0.000014 0.000010 0.000007 0.000005 0.000003 0.000002 0.000001 0.000001 0.000001 0.000000 0.000000 0.000000 0.000000 0.000000 0.000000 0.000000 0.000000 0.000000 0.000000 0.000000 0.000000 0.000000 0.000000 0.000000 0.000000 0.000000 0.000000 0.000000 0.000000 0.000000 
0.000000 0.000000 0.000000 0.000000 0.000000 0.000000 0.000000 0.000000 0.000000 0.000000 0.000000 0.000000 0.000000 0.000000 0.000000 0.000000 0.000000 0.000000 0.000000 0.000000 0.000000 0.000001 0.000001 0.000002 0.000003 0.000004 0.000006 0.000009 0.000013 0.000018 0.000026 0.000035 0.000047 0.000062 0.000081 0.000104 0.000132 0.000164 0.000200 0.000241 0.000285 0.000332 0.000381 0.000430 0.000477 0.000522 0.000561 0.000594 0.000618 0.000633 0.000638 0.000633 0.000618 0.000594 0.000561 0.000522 0.000477 0.000430 0.000381 0.000332 0.000285 0.000241 0.000200 0.000164 0.000132 0.000104 0.000081 0.000062 0.000047 0.000035 0.000026 0.000018 0.000013 0.000009 0.000006 0.000004 0.000003 0.000002 0.000001 0.000001 0.000000 0.000000 0.000000 0.000000 0.000000 0.000000 0.000000 0.000000 0.000000 0.000000 0.000000 0.000000 0.000000 0.000000 0.000000 0.000000 0.000000 0.000000 0.000000 0.000000 
0.000000 0.000000 0.000000 0.000000 0.000000 0.000000 0.000000 0.000000 0.000000 0.000000 0.000000 0.000000 0.000000 0.000000 0.000000 0.000000 0.000000 0.000000 0.000000 0.000001 0.000001 0.000001 0.000002 0.000003 0.000005 0.000008 0.000012 0.000017 0.000024 0.000034 0.000048 0.000065 0.000087 0.000116 0.000151 0.000193 0.000244 0.000303 0.000370 0.000445 0.000527 0.000614 0.000704 0.000794 0.000882 0.000963 0.001036 0.001096 0.001141 0.001168 0.001178 0.001168 0.001141 0.001096 0.001036 0.000963 0.000882 0.000794 0.000704 0.000614 0.000527 0.000445 0.000370 0.000303 0.000244 0.000193 0.000151 0.000116 0.000087 0.000065 0.000048 0.000034 0.000024 0.000017 0.000012 0.000008 0.000005 0.000003 0.000002 0.000001 0.000001 0.000001 0.000000 0.000000 0.000000 0.000000 0.000000 0.000000 0.000000 0.000000 0.000000 0.000000 0.000000 0.000000 0.000000 0.000000 0.000000 0.000000 0.000000 0.000000 
0.000000 0.000000 0.000000 0.000000 0.000000 0.000000 0.000000 0.000000 0.000000 0.000000 0.000000 0.000000 0.000000 0.000000 0.000000 0.000000 0.000000 0.000000 0.000001 0.000001 0.000002 0.000003 0.000004 0.000006 0.000010 0.000015 0.000021 0.000031 0.000045 0.000063 0.000087 0.000119 0.000160 0.000211 0.000275 0.000353 0.000445 0.000552 0.000675 0.000811 0.000960 0.001118 0.001282 0.001446 0.001605 0.001753 0.001884 0.001993 0.002075 0.002125 0.002142 0.002125 0.002075 0.001993 0.001884 0.001753 0.001605 0.001446 0.001282 0.001118 0.000960 0.000811 0.000675 0.000552 0.000445 0.000353 0.000275 0.000211 0.000160 0.000119 0.000087 0.000063 0.000045 0.000031 0.000021 0.000015 0.000010 0.000006 0.000004 0.000003 0.000002 0.000001 0.000001 0.000000 0.000000 0.000000 0.000000 0.000000 0.000000 0.000000 0.000000 0.000000 0.000000 0.000000 0.000000 0.000000 0.000000 0.000000 0.000000 0.000000 
0.000000 0.000000 0.000000 0.000000 0.000000 0.000000 0.000000 0.000000 0.000000 0.000000 0.000000 0.000000 0.000000 0.000000 0.000000 0.000000 0.000000 0.000001 0.000001 0.000002 0.000003 0.000005 0.000007 0.000012 0.000018 0.000026 0.000039 0.000056 0.000080 0.000113 0.000157 0.000214 0.000288 0.000381 0.000495 0.000634 0.000800 0.000993 0.001212 0.001457 0.001724 0.002007 0.002300 0.002593 0.002878 0.003143 0.003378 0.003573 0.003720 0.003810 0.003841 0.003810 0.003720 0.003573 0.003378 0.003143 0.002878 0.002593 0.002300 0.002007 0.001724 0.001457 0.001212 0.000993 0.000800 0.000634 0.000495 0.000381 0.000288 0.000214 0.000157 0.000113 0.000080 0.000056 0.000039 0.000026 0.000018 0.000012 0.000007 0.000005 0.000003 0.000002 0.000001 0.000001 0.000000 0.000000 0.000000 0.000000 0.000000 0.000000 0.000000 0.000000 0.000000 0.000000 0.000000 0.000000 0.000000 0.000000 0.000000 0.000000 
0.000000 0.000000 0.000000 0.000000 0.000000 0.000000 0.000000 0.000000 0.000000 0.000000 0.000000 0.000000 0.000000 0.000000 0.000000 0.000000 0.000001 0.000001 0.000002 0.000003 0.000005 0.000008 0.000013 0.000021 0.000031 0.000047 0.000069 0.000100 0.000143 0.000201 0.000279 0.000381 0.000511 0.000675 0.000878 0.001124 0.001417 0.001758 0.002146 0.002579 0.003050 0.003550 0.004067 0.004585 0.005088 0.005556 0.005970 0.006315 0.006572 0.006732 0.006786 0.006732 0.006572 0.006315 0.005970 0.005556 0.005088 0.004585 0.004067 0.003550 0.003050 0.002579 0.002146 0.001758 0.001417 0.001124 0.000878 0.000675 0.000511 0.000381 0.000279 0.000201 0.000143 0.000100 0.000069 0.000047 0.000031 0.000021 0.000013 0.000008 0.000005 0.000003 0.000002 0.000001 0.000001 0.000000 0.000000 0.000000 0.000000 0.000000 0.000000 0.000000 0.000000 0.000000 0.000000 0.000000 0.000000 0.000000 0.000000 0.000000 
0.000000 0.000000 0.000000 0.000000 0.000000 0.000000 0.000000 0.000000 0.000000 0.000000 0.000000 0.000000 0.000000 0.000000 0.000000 0.000001 0.000001 0.000002 0.000004 0.000006 0.000009 0.000015 0.000023 0.000036 0.000055 0.000082 0.000121 0.000176 0.000251 0.000353 0.000488 0.000666 0.000893 0.001180 0.001534 0.001964 0.002474 0.003067 0.003744 0.004497 0.005317 0.006188 0.007087 0.007989 0.008863 0.009677 0.010398 0.010996 0.011444 0.011722 0.011816 0.011722 0.011444 0.010996 0.010398 0.009677 0.008863 0.007989 0.007087 0.006188 0.005317 0.004497 0.003744 0.003067 0.002474 0.001964 0.001534 0.001180 0.000893 0.000666 0.000488 0.000353 0.000251 0.000176 0.000121 0.000082 0.000055 0.000036 0.000023 0.000015 0.000009 0.000006 0.000004 0.000002 0.000001 0.000001 0.000000 0.000000 0.000000 0.000000 0.000000 0.000000 0.000000 0.000000 0.000000 0.000000 0.000000 0.000000 0.000000 0.000000 
0.000000 0.000000 0.000000 0.000000 0.000000 0.000000 0.000000 0.000000 0.000000 0.000000 0.000000 0.000000 0.000000 0.000000 0.000001 0.000001 0.000002 0.000004 0.000006 0.000010 0.000016 0.000026 0.000041 0.000062 0.000095 0.000142 0.000209 0.000303 0.000433 0.000609 0.000842 0.001148 0.001539 0.002032 0.002641 0.003379 0.004255 0.005275 0.006436 0.007729 0.009136 0.010629 0.012171 0.013717 0.015215 0.016610 0.017846 0.018871 0.019639 0.020114 0.020275 0.020114 0.019639 0.018871 0.017846 0.016610 0.015215 0.013717 0.012171 0.010629 0.009136 0.007729 0.006436 0.005275 0.004255 0.003379 0.002641 0.002032 0.001539 0.001148 0.000842 0.000609 0.000433 0.000303 0.000209 0.000142 0.000095 0.000062 0.000041 0.000026 0.000016 0.000010 0.000006 0.000004 0.000002 0.000001 0.000001 0.000000 0.000000 0.000000 0.000000 0.000000 0.000000 0.000000 0.000000 0.000000 0.000000 0.000000 0.000000 0.000000 
0.000000 0.000000 0.000000 0.000000 0.000000 0.000000 0.000000 0.000000 0.000000 0.000000 0.000000 0.000000 0.000000 0.000001 0.000001 0.000002 0.000004 0.000006 0.000011 0.000017 0.000028 0.000044 0.000069 0.000107 0.000162 0.000242 0.000356 0.000516 0.000737 0.001035 0.001432 0.001949 0.002613 0.003449 0.004480 0.005730 0.007213 0.008938 0.010902 0.013089 0.015467 0.017991 0.020596 0.023208 0.025738 0.028094 0.030181 0.031912 0.033208 0.034011 0.034283 0.034011 0.033208 0.031912 0.030181 0.028094 0.025738 0.023208 0.020596 0.017991 0.015467 0.013089 0.010902 0.008938 0.007213 0.005730 0.004480 0.003449 0.002613 0.001949 0.001432 0.001035 0.000737 0.000516 0.000356 0.000242 0.000162 0.000107 0.000069 0.000044 0.000028 0.000017 0.000011 0.000006 0.000004 0.000002 0.000001 0.000001 0.000000 0.000000 0.000000 0.000000 0.000000 0.000000 0.000000 0.000000 0.000000 0.000000 0.000000 0.000000 
0.000000 0.000000 0.000000 0.000000 0.000000 0.000000 0.000000 0.000000 0.000000 0.000000 0.000000 0.000000 0.000001 0.000001 0.000002 0.000004 0.000006 0.000011 0.000018 0.000029 0.000047 0.000074 0.000116 0.000179 0.000272 0.000406 0.000598 0.000866 0.001235 0.001734 0.002397 0.003262 0.004371 0.005766 0.007488 0.009573 0.012047 0.014923 0.018196 0.021840 0.025803 0.030005 0.034344 0.038691 0.042902 0.046823 0.050296 0.053175 0.055333 0.056669 0.057121 0.056669 0.055333 0.053175 0.050296 0.046823 0.042902 0.038691 0.034344 0.030005 0.025803 0.021840 0.018196 0.014923 0.012047 0.009573 0.007488 0.005766 0.004371 0.003262 0.002397 0.001734 0.001235 0.000866 0.000598 0.000406 0.000272 0.000179 0.000116 0.000074 0.000047 0.000029 0.000018 0.000011 0.000006 0.000004 0.000002 0.000001 0.000001 0.000000 0.000000 0.000000 0.000000 0.000000 0.000000 0.000000 0.000000 0.000000 0.000000 0.000000 
0.000000 0.000000 0.000000 0.000000 0.000000 0.000000 0.000000 0.000000 0.000000 0.000000 0.000000 0.000001 0.000001 0.000002 0.000004 0.000006 0.000011 0.000018 0.000029 0.000048 0.000078 0.000123 0.000193 0.000297 0.000450 0.000672 0.000988 0.001430 0.002039 0.002861 0.003954 0.005379 0.007204 0.009499 0.012331 0.015758 0.019824 0.024549 0.029925 0.035907 0.042411 0.049308 0.056426 0.063557 0.070464 0.076894 0.082589 0.087309 0.090845 0.093036 0.093777 0.093036 0.090845 0.087309 0.082589 0.076894 0.070464 0.063557 0.056426 0.049308 0.042411 0.035907 0.029925 0.024549 0.019824 0.015758 0.012331 0.009499 0.007204 0.005379 0.003954 0.002861 0.002039 0.001430 0.000988 0.000672 0.000450 0.000297 0.000193 0.000123 0.000078 0.000048 0.000029 0.000018 0.000011 0.000006 0.000004 0.000002 0.000001 0.000001 0.000000 0.000000 0.000000 0.000000 0.000000 0.000000 0.000000 0.000000 0.000000 0.000000 
0.000000 0.000000 0.000000 0.000000 0.000000 0.000000 0.000000 0.000000 0.000000 0.000000 0.000001 0.000001 0.000002 0.000003 0.000006 0.000010 0.000017 0.000029 0.000048 0.000079 0.000127 0.000201 0.000315 0.000484 0.000734 0.001095 0.001609 0.002328 0.003316 0.004652 0.006425 0.008737 0.011697 0.015417 0.020006 0.025557 0.032139 0.039787 0.048486 0.058165 0.068683 0.079834 0.091341 0.102868 0.114030 0.124419 0.133620 0.141245 0.146958 0.150496 0.151694 0.150496 0.146958 0.141245 0.133620 0.124419 0.114030 0.102868 0.091341 0.079834 0.068683 0.058165 0.048486 0.039787 0.032139 0.025557 0.020006 0.015417 0.011697 0.008737 0.006425 0.004652 0.003316 0.002328 0.001609 0.001095 0.000734 0.000484 0.000315 0.000201 0.000127 0.000079 0.000048 0.000029 0.000017 0.000010 0.000006 0.000003 0.000002 0.000001 0.000001 0.000000 0.000000 0.000000 0.000000 0.000000 0.000000 0.000000 0.000000 0.000000 
0.000000 0.000000 0.000000 0.000000 0.000000 0.000000 0.000000 0.000000 0.000000 0.000000 0.000001 0.000002 0.000003 0.000005 0.000009 0.000016 0.000028 0.000047 0.000078 0.000127 0.000204 0.000324 0.000506 0.000778 0.001178 0.001757 0.002580 0.003732 0.005314 0.007450 0.010286 0.013981 0.018710 0.024651 0.031976 0.040833 0.051334 0.063531 0.077400 0.092826 0.109587 0.127352 0.145681 0.164037 0.181810 0.198349 0.212996 0.225134 0.234226 0.239857 0.241764 0.239857 0.234226 0.225134 0.212996 0.198349 0.181810 0.164037 0.145681 0.127352 0.109587 0.092826 0.077400 0.063531 0.051334 0.040833 0.031976 0.024651 0.018710 0.013981 0.010286 0.007450 0.005314 0.003732 0.002580 0.001757 0.001178 0.000778 0.000506 0.000324 0.000204 0.000127 0.000078 0.000047 0.000028 0.000016 0.000009 0.000005 0.000003 0.000002 0.000001 0.000000 0.000000 0.000000 0.000000 0.000000 0.000000 0.000000 0.000000 0.000000 
0.000000 0.000000 0.000000 0.000000 0.000000 0.000000 0.000000 0.000000 0.000000 0.000001 0.000001 0.000003 0.000005 0.000008 0.000015 0.000026 0.000044 0.000074 0.000123 0.000201 0.000324 0.000513 0.000801 0.001231 0.001863 0.002778 0.004077 0.005893 0.008387 0.011754 0.016220 0.022038 0.029481 0.038828 0.050348 0.064273 0.080776 0.099939 0.121724 0.145948 0.172262 0.200145 0.228908 0.257709 0.285592 0.311535 0.334508 0.353543 0.367801 0.376631 0.379621 0.376631 0.367801 0.353543 0.334508 0.311535 0.285592 0.257709 0.228908 0.200145 0.172262 0.145948 0.121724 0.099939 0.080776 0.064273 0.050348 0.038828 0.029481 0.022038 0.016220 0.011754 0.008387 0.005893 0.004077 0.002778 0.001863 0.001231 0.000801 0.000513 0.000324 0.000201 0.000123 0.000074 0.000044 0.000026 0.000015 0.000008 0.000005 0.000003 0.000001 0.000001 0.000000 0.000000 0.000000 0.000000 0.000000 0.000000 0.000000 0.000000 
0.000000 0.000000 0.000000 0.000000 0.000000 0.000000 0.000000 0.000000 0.000001 0.000001 0.000002 0.000004 0.000007 0.000013 0.000023 0.000041 0.000069 0.000116 0.000193 0.000315 0.000506 0.000801 0.001249 0.001919 0.002903 0.004325 0.006345 0.009166 0.013040 0.018267 0.025197 0.034221 0.045760 0.060247 0.078095 0.099662 0.125214 0.154876 0.188586 0.226061 0.266761 0.309880 0.354349 0.398871 0.441967 0.482058 0.517557 0.546969 0.568997 0.582639 0.587259 0.582639 0.568997 0.546969 0.517557 0.482058 0.441967 0.398871 0.354349 0.309880 0.266761 0.226061 0.188586 0.154876 0.125214 0.099662 0.078095 0.060247 0.045760 0.034221 0.025197 0.018267 0.013040 0.009166 0.006345 0.004325 0.002903 0.001919 0.001249 0.000801 0.000506 0.000315 0.000193 0.000116 0.000069 0.000041 0.000023 0.000013 0.000007 0.000004 0.000002 0.000001 0.000001 0.000000 0.000000 0.000000 0.000000 0.000000 0.000000 0.000000 
0.000000 0.000000 0.000000 0.000000 0.000000 0.000000 0.000000 0.000001 0.000001 0.000002 0.000003 0.000006 0.000012 0.000021 0.000036 0.000062 0.000107 0.000179 0.000297 0.000484 0.000778 0.001231 0.001919 0.002946 0.004454 0.006632 0.009726 0.014044 0.019970 0.027963 0.038555 0.052342 0.069967 0.092085 0.119324 0.152230 0.191204 0.236433 0.287823 0.344938 0.406954 0.472642 0.540376 0.608178 0.673800 0.734840 0.788882 0.833653 0.867184 0.887948 0.894979 0.887948 0.867184 0.833653 0.788882 0.734840 0.673800 0.608178 0.540376 0.472642 0.406954 0.344938 0.287823 0.236433 0.191204 0.152230 0.119324 0.092085 0.069967 0.052342 0.038555 0.027963 0.019970 0.014044 0.009726 0.006632 0.004454 0.002946 0.001919 0.001231 0.000778 0.000484 0.000297 0.000179 0.000107 0.000062 0.000036 0.000021 0.000012 0.000006 0.000003 0.000002 0.000001 0.000001 0.000000 0.000000 0.000000 0.000000 0.000000 0.000000 
0.000000 0.000000 0.000000 0.000000 0.000000 0.000000 0.000000 0.000001 0.000001 0.000003 0.000005 0.000010 0.000018 0.000031 0.000055 0.000095 0.000162 0.000272 0.000450 0.000734 0.001178 0.001863 0.002903 0.004454 0.006731 0.010018 0.014683 0.021193 0.030123 0.042162 0.058109 0.078859 0.105374 0.138638 0.179590 0.229047 0.287607 0.355547 0.432721 0.518473 0.611563 0.710147 0.811784 0.913506 1.011944 1.103498 1.184547 1.251689 1.301970 1.333105 1.343648 1.333105 1.301970 1.251689 1.184547 1.103498 1.011944 0.913506 0.811784 0.710147 0.611563 0.518473 0.432721 0.355547 0.287607 0.229047 0.179590 0.138638 0.105374 0.078859 0.058109 0.042162 0.030123 0.021193 0.014683 0.010018 0.006731 0.004454 0.002903 0.001863 0.001178 0.000734 0.000450 0.000272 0.000162 0.000095 0.000055 0.000031 0.000018 0.000010 0.000005 0.000003 0.000001 0.000001 0.000000 0.000000 0.000000 0.000000 0.000000 0.000000 
0.000000 0.000000 0.000000 0.000000 0.000000 0.000000 0.000001 0.000001 0.000002 0.000004 0.000008 0.000015 0.000026 0.000047 0.000082 0.000142 0.000242 0.000406 0.000672 0.001095 0.001757 0.002778 0.004325 0.006632 0.010018 0.014902 0.021832 0.031498 0.044752 0.062612 0.086261 0.117021 0.156314 0.205591 0.266238 0.339459 0.426132 0.526663 0.640829 0.767655 0.905308 1.051056 1.201292 1.351632 1.497099 1.632377 1.752124 1.851314 1.925592 1.971584 1.987159 1.971584 1.925592 1.851314 1.752124 1.632377 1.497099 1.351632 1.201292 1.051056 0.905308 0.767655 0.640829 0.526663 0.426132 0.339459 0.266238 0.205591 0.156314 0.117021 0.086261 0.062612 0.044752 0.031498 0.021832 0.014902 0.010018 0.006632 0.004325 0.002778 0.001757 0.001095 0.000672 0.000406 0.000242 0.000142 0.000082 0.000047 0.000026 0.000015 0.000008 0.000004 0.000002 0.000001 0.000001 0.000000 0.000000 0.000000 0.000000 0.000000 
0.000000 0.000000 0.000000 0.000000 0.000000 0.000000 0.000001 0.000002 0.000003 0.000006 0.000012 0.000021 0.000039 0.000069 0.000121 0.000209 0.000356 0.000598 0.000988 0.001609 0.002580 0.004077 0.006345 0.009726 0.014683 0.021832 0.031970 0.046106 0.065480 0.091577 0.126120 0.171034 0.228388 0.300291 0.388759 0.495537 0.621898 0.768425 0.934790 1.119561 1.320066 1.532324 1.751082 1.969960 2.181718 2.378622 2.552903 2.697256 2.805347 2.872274 2.894937 2.872274 2.805347 2.697256 2.552903 2.378622 2.181718 1.969960 1.751082 1.532324 1.320066 1.119561 0.934790 0.768425 0.621898 0.495537 0.388759 0.300291 0.228388 0.171034 0.126120 0.091577 0.065480 0.046106 0.031970 0.021832 0.014683 0.009726 0.006345 0.004077 0.002580 0.001609 0.000988 0.000598 0.000356 0.000209 0.000121 0.000069 0.000039 0.000021 0.000012 0.000006 0.000003 0.000002 0.000001 0.000000 0.000000 0.000000 0.000000 0.000000 
0.000000 0.000000 0.000000 0.000000 0.000000 0.000001 0.000001 0.000003 0.000005 0.000009 0.000017 0.000031 0.000056 0.000100 0.000176 0.000303 0.000516 0.000866 0.001430 0.002328 0.003732 0.005893 0.009166 0.014044 0.021193 0.031498 0.046106 0.066465 0.094357 0.131915 0.181609 0.246202 0.328657 0.431997 0.559107 0.712483 0.893942 1.104308 1.343100 1.608258 1.895940 2.200433 2.514200 2.828098 3.131746 3.414066 3.663927 3.870867 4.025815 4.121752 4.154238 4.121752 4.025815 3.870867 3.663927 3.414066 3.131746 2.828098 2.514200 2.200433 1.895940 1.608258 1.343100 1.104308 0.893942 0.712483 0.559107 0.431997 0.328657 0.246202 0.181609 0.131915 0.094357 0.066465 0.046106 0.031498 0.021193 0.014044 0.009166 0.005893 0.003732 0.002328 0.001430 0.000866 0.000516 0.000303 0.000176 0.000100 0.000056 0.000031 0.000017 0.000009 0.000005 0.000003 0.000001 0.000001 0.000000 0.000000 0.000000 0.000000 
0.000000 0.000000 0.000000 0.000000 0.000000 0.000001 0.000002 0.000004 0.000007 0.000013 0.000024 0.000045 0.000080 0.000143 0.000251 0.000433 0.000737 0.001235 0.002039 0.003316 0.005314 0.008387 0.013040 0.019970 0.030123 0.044752 0.065480 0.094357 0.133905 0.187139 0.257549 0.349039 0.465793 0.612077 0.791957 1.008950 1.265611 1.563090 1.900694 2.275498 2.682068 3.112323 3.555619 3.999038 4.427929 4.826656 5.179510 5.471732 5.690525 5.825987 5.871856 5.825987 5.690525 5.471732 5.179510 4.826656 4.427929 3.999038 3.555619 3.112323 2.682068 2.275498 1.900694 1.563090 1.265611 1.008950 0.791957 0.612077 0.465793 0.349039 0.257549 0.187139 0.133905 0.094357 0.065480 0.044752 0.030123 0.019970 0.013040 0.008387 0.005314 0.003316 0.002039 0.001235 0.000737 0.000433 0.000251 0.000143 0.000080 0.000045 0.000024 0.000013 0.000007 0.000004 0.000002 0.000001 0.000000 0.000000 0.000000 0.000000 
0.000000 0.000000 0.000000 0.000000 0.000001 0.000001 0.000003 0.000005 0.000010 0.000018 0.000034 0.000063 0.000113 0.000201 0.000353 0.000609 0.001035 0.001734 0.002861 0.004652 0.007450 0.011754 0.018267 0.027963 0.042162 0.062612 0.091577 0.131915 0.187139 0.261447 0.359699 0.487326 0.650147 0.854091 1.104808 1.407175 1.764733 2.179063 2.649182 3.171006 3.736954 4.335780 4.952665 5.569645 6.166344 6.721023 7.211850 7.618310 7.922620 8.111023 8.174817 8.111023 7.922620 7.618310 7.211850 6.721023 6.166344 5.569645 4.952665 4.335780 3.736954 3.171006 2.649182 2.179063 1.764733 1.407175 1.104808 0.854091 0.650147 0.487326 0.359699 0.261447 0.187139 0.131915 0.091577 0.062612 0.042162 0.027963 0.018267 0.011754 0.007450 0.004652 0.002861 0.001734 0.001035 0.000609 0.000353 0.000201 0.000113 0.000063 0.000034 0.000018 0.000010 0.000005 0.000003 0.000001 0.000001 0.000000 0.000000 0.000000 
0.000000 0.000000 0.000000 0.000000 0.000001 0.000002 0.000004 0.000007 0.000014 0.000026 0.000048 0.000087 0.000157 0.000279 0.000488 0.000842 0.001432 0.002397 0.003954 0.006425 0.010286 0.016220 0.025197 0.038555 0.058109 0.086261 0.126120 0.181609 0.257549 0.359699 0.494722 0.670060 0.893686 1.173716 1.517880 1.932846 2.423443 2.991816 3.636593 4.352154 5.128093 5.948983 6.794515 7.640074 8.457752 9.217779 9.890265 10.447124 10.864018 11.122115 11.209505 11.122115 10.864018 10.447124 9.890265 9.217779 8.457752 7.640074 6.794515 5.948983 5.128093 4.352154 3.636593 2.991816 2.423443 1.932846 1.517880 1.173716 0.893686 0.670060 0.494722 0.359699 0.257549 0.181609 0.126120 0.086261 0.058109 0.038555 0.025197 0.016220 0.010286 0.006425 0.003954 0.002397 0.001432 0.000842 0.000488 0.000279 0.000157 0.000087 0.000048 0.000026 0.000014 0.000007 0.000004 0.000002 0.000001 0.000000 0.000000 0.000000 
0.000000 0.000000 0.000000 0.000001 0.000001 0.000003 0.000005 0.000010 0.000019 0.000035 0.000065 0.000119 0.000214 0.000381 0.000666 0.001148 0.001949 0.003262 0.005379 0.008737 0.013981 0.022038 0.034221 0.052342 0.078859 0.117021 0.171034 0.246202 0.349039 0.487326 0.670060 0.907288 1.209765 1.588437 2.053719 2.614593 3.277548 4.045448 4.916412 5.882823 6.930612 8.038942 9.180394 10.321750 11.425361 12.451072 13.358573 14.109997 14.672527 15.020777 15.138691 15.020777 14.672527 14.109997 13.358573 12.451072 11.425361 10.321750 9.180394 8.038942 6.930612 5.882823 4.916412 4.045448 3.277548 2.614593 2.053719 1.588437 1.209765 0.907288 0.670060 0.487326 0.349039 0.246202 0.171034 0.117021 0.078859 0.052342 0.034221 0.022038 0.013981 0.008737 0.005379 0.003262 0.001949 0.001148 0.000666 0.000381 0.000214 0.000119 0.000065 0.000035 0.000019 0.000010 0.000005 0.000003 0.000001 0.000001 0.000000 0.000000 
0.000000 0.000000 0.000000 0.000001 0.000002 0.000003 0.000007 0.000013 0.000025 0.000047 0.000087 0.000160 0.000288 0.000511 0.000893 0.001539 0.002613 0.004371 0.007204 0.011697 0.018710 0.029481 0.045760 0.069967 0.105374 0.156314 0.228388 0.328657 0.465793 0.650147 0.893686 1.209765 1.612676 2.116960 2.736440 3.483028 4.365318 5.387079 6.545769 7.831226 9.224718 10.698523 12.216187 13.733555 15.200603 16.563984 17.770158 18.768833 19.516429 19.979236 20.135936 19.979236 19.516429 18.768833 17.770158 16.563984 15.200603 13.733555 12.216187 10.698523 9.224718 7.831226 6.545769 5.387079 4.365318 3.483028 2.736440 2.116960 1.612676 1.209765 0.893686 0.650147 0.465793 0.328657 0.228388 0.156314 0.105374 0.069967 0.045760 0.029481 0.018710 0.011697 0.007204 0.004371 0.002613 0.001539 0.000893 0.000511 0.000288 0.000160 0.000087 0.000047 0.000025 0.000013 0.000007 0.000003 0.000002 0.000001 0.000000 0.000000 
0.000000 0.000000 0.000001 0.000001 0.000002 0.000005 0.000009 0.000017 0.000033 0.000062 0.000116 0.000211 0.000381 0.000675 0.001180 0.002032 0.003449 0.005766 0.009499 0.015417 0.024651 0.038828 0.060247 0.092085 0.138638 0.205591 0.300291 0.431997 0.612077 0.854091 1.173716 1.588437 2.116960 2.778304 3.590547 4.569247 5.725613 7.064534 8.582633 10.266557 12.091746 14.021878 16.009217 17.995963 19.916648 21.701472 23.280391 24.587619 25.566156 26.171914 26.377013 26.171914 25.566156 24.587619 23.280391 21.701472 19.916648 17.995963 16.009217 14.021878 12.091746 10.266557 8.582633 7.064534 5.725613 4.569247 3.590547 2.778304 2.116960 1.588437 1.173716 0.854091 0.612077 0.431997 0.300291 0.205591 0.138638 0.092085 0.060247 0.038828 0.024651 0.015417 0.009499 0.005766 0.003449 0.002032 0.001180 0.000675 0.000381 0.000211 0.000116 0.000062 0.000033 0.000017 0.000009 0.000005 0.000002 0.000001 0.000000 0.000000 
0.000000 0.000000 0.000001 0.000001 0.000003 0.000006 0.000012 0.000023 0.000043 0.000081 0.000151 0.000275 0.000495 0.000878 0.001534 0.002641 0.004480 0.007488 0.012331 0.020006 0.031976 0.050348 0.078095 0.119324 0.179590 0.266238 0.388759 0.559107 0.791957 1.104808 1.517880 2.053719 2.736440 3.590547 4.639317 5.902770 7.395311 9.123181 11.081969 13.254402 15.608764 18.098190 20.661117 23.223030 25.699544 28.000712 30.036282 31.721500 32.982939 33.763807 34.028191 33.763807 32.982939 31.721500 30.036282 28.000712 25.699544 23.223030 20.661117 18.098190 15.608764 13.254402 11.081969 9.123181 7.395311 5.902770 4.639317 3.590547 2.736440 2.053719 1.517880 1.104808 0.791957 0.559107 0.388759 0.266238 0.179590 0.119324 0.078095 0.050348 0.031976 0.020006 0.012331 0.007488 0.004480 0.002641 0.001534 0.000878 0.000495 0.000275 0.000151 0.000081 0.000043 0.000023 0.000012 0.000006 0.000003 0.000001 0.000001 0.000000 
0.000000 0.000000 0.000001 0.000002 0.000004 0.000008 0.000015 0.000029 0.000056 0.000104 0.000193 0.000353 0.000634 0.001124 0.001964 0.003379 0.005730 0.009573 0.015758 0.025557 0.040833 0.064273 0.099662 0.152230 0.229047 0.339459 0.495537 0.712483 1.008950 1.407175 1.932846 2.614593 3.483028 4.569247 5.902770 7.508973 9.406083 11.601960 14.090927 16.850987 19.841807 23.003841 26.258898 29.512367 32.657131 35.579033 38.163544 40.303123 41.904611 42.895956 43.231600 42.895956 41.904611 40.303123 38.163544 35.579033 32.657131 29.512367 26.258898 23.003841 19.841807 16.850987 14.090927 11.601960 9.406083 7.508973 5.902770 4.569247 3.483028 2.614593 1.932846 1.407175 1.008950 0.712483 0.495537 0.339459 0.229047 0.152230 0.099662 0.064273 0.040833 0.025557 0.015758 0.009573 0.005730 0.003379 0.001964 0.001124 0.000634 0.000353 0.000193 0.000104 0.000056 0.000029 0.000015 0.000008 0.000004 0.000002 0.000001 0.000000 
0.000000 0.000000 0.000001 0.000002 0.000005 0.000010 0.000019 0.000037 0.000070 0.000132 0.000244 0.000445 0.000800 0.001417 0.002474 0.004255 0.007213 0.012047 0.019824 0.032139 0.051334 0.080776 0.125214 0.191204 0.287607 0.426132 0.621898 0.893942 1.265611 1.764733 2.423443 3.277548 4.365318 5.725613 7.395311 9.406083 11.780653 14.528770 17.643252 21.096512 24.838045 28.793342 32.864604 36.933530 40.866208 44.519949 47.751621 50.426834 52.429182 53.668639 54.088283 53.668639 52.429182 50.426834 47.751621 44.519949 40.866208 36.933530 32.864604 28.793342 24.838045 21.096512 17.643252 14.528770 11.780653 9.406083 7.395311 5.725613 4.365318 3.277548 2.423443 1.764733 1.265611 0.893942 0.621898 0.426132 0.287607 0.191204 0.125214 0.080776 0.051334 0.032139 0.019824 0.012047 0.007213 0.004255 0.002474 0.001417 0.000800 0.000445 0.000244 0.000132 0.000070 0.000037 0.000019 0.000010 0.000005 0.000002 0.000001 0.000000 
0.000000 0.000001 0.000001 0.000003 0.000006 0.000012 0.000024 0.000046 0.000087 0.000164 0.000303 0.000552 0.000993 0.001758 0.003067 0.005275 0.008938 0.014923 0.024549 0.039787 0.063531 0.099939 0.154876 0.236433 0.355547 0.526663 0.768425 1.104308 1.563090 2.179063 2.991816 4.045448 5.387079 7.064534 9.123181 11.601960 14.528770 17.915528 21.753291 26.007995 30.617369 35.489600 40.504227 45.515574 50.358776 54.858188 58.837642 62.131745 64.597246 66.123365 66.640059 66.123365 64.597246 62.131745 58.837642 54.858188 50.358776 45.515574 40.504227 35.489600 30.617369 26.007995 21.753291 17.915528 14.528770 11.601960 9.123181 7.064534 5.387079 4.045448 2.991816 2.179063 1.563090 1.104308 0.768425 0.526663 0.355547 0.236433 0.154876 0.099939 0.063531 0.039787 0.024549 0.014923 0.008938 0.005275 0.003067 0.001758 0.000993 0.000552 0.000303 0.000164 0.000087 0.000046 0.000024 0.000012 0.000006 0.000003 0.000001 0.000000 
0.000000 0.000001 0.000002 0.000004 0.000007 0.000015 0.000029 0.000056 0.000107 0.000200 0.000370 0.000675 0.001212 0.002146 0.003744 0.006436 0.010902 0.018196 0.029925 0.048486 0.077400 0.121724 0.188586 0.287823 0.432721 0.640829 0.934790 1.343100 1.900694 2.649182 3.636593 4.916412 6.545769 8.582633 11.081969 14.090927 17.643252 21.753291 26.410092 31.572240 37.164131 43.074359 49.156813 55.234834 61.108539 66.565000 71.390680 75.385122 78.374714 80.225206 80.851716 80.225206 78.374714 75.385122 71.390680 66.565000 61.108539 55.234834 49.156813 43.074359 37.164131 31.572240 26.410092 21.753291 17.643252 14.090927 11.081969 8.582633 6.545769 4.916412 3.636593 2.649182 1.900694 1.343100 0.934790 0.640829 0.432721 0.287823 0.188586 0.121724 0.077400 0.048486 0.029925 0.018196 0.010902 0.006436 0.003744 0.002146 0.001212 0.000675 0.000370 0.000200 0.000107 0.000056 0.000029 0.000015 0.000007 0.000004 0.000001 0.000000 
0.000000 0.000001 0.000002 0.000004 0.000009 0.000018 0.000035 0.000067 0.000128 0.000241 0.000445 0.000811 0.001457 0.002579 0.004497 0.007729 0.013089 0.021840 0.035907 0.058165 0.092826 0.145948 0.226061 0.344938 0.518473 0.767655 1.119561 1.608258 2.275498 3.171006 4.352154 5.882823 7.831226 10.266557 13.254402 16.850987 21.096512 26.007995 31.572240 37.739674 44.419912 51.479842 58.744940 66.004247 73.019107 79.535327 85.298006 90.067884 93.637750 95.847380 96.595475 95.847380 93.637750 90.067884 85.298006 79.535327 73.019107 66.004247 58.744940 51.479842 44.419912 37.739674 31.572240 26.007995 21.096512 16.850987 13.254402 10.266557 7.831226 5.882823 4.352154 3.171006 2.275498 1.608258 1.119561 0.767655 0.518473 0.344938 0.226061 0.145948 0.092826 0.058165 0.035907 0.021840 0.013089 0.007729 0.004497 0.002579 0.001457 0.000811 0.000445 0.000241 0.000128 0.000067 0.000035 0.000018 0.000009 0.000004 0.000002 0.000000 
0.000000 0.000001 0.000002 0.000005 0.000011 0.000021 0.000041 0.000080 0.000152 0.000285 0.000527 0.000960 0.001724 0.003050 0.005317 0.009136 0.015467 0.025803 0.042411 0.068683 0.109587 0.172262 0.266761 0.406954 0.611563 0.905308 1.320066 1.895940 2.682068 3.736954 5.128093 6.930612 9.224718 12.091746 15.608764 19.841807 24.838045 30.617369 37.164131 44.419912 52.278315 60.582726 69.127870 77.665669 85.915517 93.578578 100.355212 105.964183 110.161945 112.760180 113.639835 112.760180 110.161945 105.964183 100.355212 93.578578 85.915517 77.665669 69.127870 60.582726 52.278315 44.419912 37.164131 30.617369 24.838045 19.841807 15.608764 12.091746 9.224718 6.930612 5.128093 3.736954 2.682068 1.895940 1.320066 0.905308 0.611563 0.406954 0.266761 0.172262 0.109587 0.068683 0.042411 0.025803 0.015467 0.009136 0.005317 0.003050 0.001724 0.000960 0.000527 0.000285 0.000152 0.000080 0.000041 0.000021 0.000011 0.000005 0.000002 0.000000 
0.000000 0.000001 0.000003 0.000006 0.000012 0.000025 0.000048 0.000093 0.000177 0.000332 0.000614 0.001118 0.002007 0.003550 0.006188 0.010629 0.017991 0.030005 0.049308 0.079834 0.127352 0.200145 0.309880 0.472642 0.710147 1.051056 1.532324 2.200433 3.112323 4.335780 5.948983 8.038942 10.698523 14.021878 18.098190 23.003841 28.793342 35.489600 43.074359 51.479842 60.582726 70.201569 80.098618 89.986601 99.540622 108.414717 116.262020 122.756993 127.617735 130.626285 131.644849 130.626285 127.617735 122.756993 116.262020 108.414717 99.540622 89.986601 80.098618 70.201569 60.582726 51.479842 43.074359 35.489600 28.793342 23.003841 18.098190 14.021878 10.698523 8.038942 5.948983 4.335780 3.112323 2.200433 1.532324 1.051056 0.710147 0.472642 0.309880 0.200145 0.127352 0.079834 0.049308 0.030005 0.017991 0.010629 0.006188 0.003550 0.002007 0.001118 0.000614 0.000332 0.000177 0.000093 0.000048 0.000025 0.000012 0.000006 0.000002 0.000000 
0.000000 0.000001 0.000003 0.000007 0.000014 0.000028 0.000055 0.000107 0.000203 0.000381 0.000704 0.001282 0.002300 0.004067 0.007087 0.012171 0.020596 0.034344 0.056426 0.091341 0.145681 0.228908 0.354349 0.540376 0.811784 1.201292 1.751082 2.514200 3.555619 4.952665 6.794515 9.180394 12.216187 16.009217 20.661117 26.258898 32.864604 40.504227 49.156813 58.744940 69.127870 80.098618 91.386030 102.662531 113.557691 123.677095 132.625334 140.031328 145.573761 149.004199 150.165588 149.004199 145.573761 140.031328 132.625334 123.677095 113.557691 102.662531 91.386030 80.098618 69.127870 58.744940 49.156813 40.504227 32.864604 26.258898 20.661117 16.009217 12.216187 9.180394 6.794515 4.952665 3.555619 2.514200 1.751082 1.201292 0.811784 0.540376 0.354349 0.228908 0.145681 0.091341 0.056426 0.034344 0.020596 0.012171 0.007087 0.004067 0.002300 0.001282 0.000704 0.000381 0.000203 0.000107 0.000055 0.000028 0.000014 0.000007 0.000003 0.000000 
