0.000000 0.000000 0.000000 0.000000 0.000000 0.000000 0.000000 0.000000 0.000000 0.000000 0.000000 0.000000 0.000000 0.000000 0.000000 0.000000 0.000000 0.000000 0.000000 0.000000 0.000000 0.000000 0.000000 0.000000 0.000000 0.000000 0.000000 0.000000 0.000000 0.000000 0.000000 0.000000 0.000000 0.000000 0.000000 0.000000 0.000000 0.000000 0.000000 0.000000 0.000000 0.000000 0.000000 0.000000 0.000000 0.000000 0.000000 0.000000 0.000000 0.000000 0.000000 0.000000 0.000000 0.000000 0.000000 0.000000 0.000000 0.000000 0.000000 0.000000 0.000000 0.000000 0.000000 0.000000 0.000000 0.000000 0.000000 0.000000 0.000000 0.000000 0.000000 0.000000 0.000000 0.000000 0.000000 0.000000 0.000000 0.000000 0.000000 0.000000 0.000000 0.000000 0.000000 0.000000 0.000000 0.000000 0.000000 0.000000 0.000000 0.000000 0.000000 0.000000 0.000000 0.000000 0.000000 0.000000 0.000000 0.000000 0.000000 0.000000 
0.000000 0.000000 0.000000 0.000000 0.000000 0.000000 0.000000 0.000000 0.000000 0.000000 0.000000 0.000001 0.000001 0.000001 0.000002 0.000002 0.000003 0.000005 0.000006 0.000009 0.000012 0.000016 0.000021 0.000027 0.000036 0.000046 0.000058 0.000073 0.000091 0.000112 0.000137 0.000166 0.000199 0.000237 0.000278 0.000324 0.000374 0.000427 0.000482 0.000540 0.000598 0.000657 0.000714 0.000769 0.000820 0.000865 0.000904 0.000936 0.000959 0.000973 0.000978 0.000973 0.000959 0.000936 0.000904 0.000865 0.000820 0.000769 0.000714 0.000657 0.000598 0.000540 0.000482 0.000427 0.000374 0.000324 0.000278 0.000237 0.000199 0.000166 0.000137 0.000112 0.000091 0.000073 0.000058 0.000046 0.000036 0.000027 0.000021 0.000016 0.000012 0.000009 0.000006 0.000005 0.000003 0.000002 0.000002 0.000001 0.000001 0.000001 0.000000 0.000000 0.000000 0.000000 0.000000 0.000000 0.000000 0.000000 0.000000 0.000000 
0.000000 0.000000 0.000000 0.000000 0.000000 0.000000 0.000000 0.000000 0.000000 0.000001 0.000001 0.000001 0.000002 0.000003 0.000004 0.000005 0.000008 0.000010 0.000014 0.000019 0.000026 0.000035 0.000046 0.000060 0.000078 0.000100 0.000128 0.000161 0.000200 0.000247 0.000302 0.000366 0.000439 0.000521 0.000612 0.000713 0.000822 0.000938 0.001060 0.001187 0.001316 0.001445 0.001570 0.001690 0.001802 0.001902 0.001988 0.002057 0.002108 0.002140 0.002150 0.002140 0.002108 0.002057 0.001988 0.001902 0.001802 0.001690 0.001570 0.001445 0.001316 0.001187 0.001060 0.000938 0.000822 0.000713 0.000612 0.000521 0.000439 0.000366 0.000302 0.000247 0.000200 0.000161 0.000128 0.000100 0.000078 0.000060 0.000046 0.000035 0.000026 0.000019 0.000014 0.000010 0.000008 0.000005 0.000004 0.000003 0.000002 0.000001 0.000001 0.000001 0.000000 0.000000 0.000000 0.000000 0.000000 0.000000 0.000000 0.000000 
0.000000 0.000000 0.000000 0.000000 0.000000 0.000000 0.000000 0.000000 0.000001 0.000001 0.000002 0.000002 0.000003 0.000005 0.000007 0.000009 0.000013 0.000018 0.000025 0.000034 0.000046 0.000061 0.000080 0.000105 0.000136 0.000175 0.000222 0.000280 0.000349 0.000431 0.000526 0.000637 0.000764 0.000907 0.001066 0.001241 0.001430 0.001633 0.001846 0.002066 0.002290 0.002514 0.002733 0.002941 0.003135 0.003309 0.003458 0.003579 0.003668 0.003723 0.003741 0.003723 0.003668 0.003579 0.003458 0.003309 0.003135 0.002941 0.002733 0.002514 0.002290 0.002066 0.001846 0.001633 0.001430 0.001241 0.001066 0.000907 0.000764 0.000637 0.000526 0.000431 0.000349 0.000280 0.000222 0.000175 0.000136 0.000105 0.000080 0.000061 0.000046 0.000034 0.000025 0.000018 0.000013 0.000009 0.000007 0.000005 0.000003 0.000002 0.000002 0.000001 0.000001 0.000000 0.000000 0.000000 0.000000 0.000000 0.000000 0.000000 
0.000000 0.000000 0.000000 0.000000 0.000000 0.000000 0.000000 0.000001 0.000001 0.000002 0.000002 0.000004 0.000005 0.000008 0.000011 0.000015 0.000021 0.000029 0.000040 0.000055 0.000074 0.000099 0.000130 0.000170 0.000221 0.000283 0.000360 0.000453 0.000564 0.000696 0.000851 0.001030 0.001234 0.001465 0.001722 0.002004 0.002310 0.002637 0.002981 0.003337 0.003698 0.004059 0.004412 0.004749 0.005062 0.005342 0.005583 0.005778 0.005922 0.006009 0.006039 0.006009 0.005922 0.005778 0.005583 0.005342 0.005062 0.004749 0.004412 0.004059 0.003698 0.003337 0.002981 0.002637 0.002310 0.002004 0.001722 0.001465 0.001234 0.001030 0.000851 0.000696 0.000564 0.000453 0.000360 0.000283 0.000221 0.000170 0.000130 0.000099 0.000074 0.000055 0.000040 0.000029 0.000021 0.000015 0.000011 0.000008 0.000005 0.000004 0.000002 0.000002 0.000001 0.000001 0.000000 0.000000 0.000000 0.000000 0.000000 0.000000 
0.000000 0.000000 0.000000 0.000000 0.000000 0.000000 0.000001 0.000001 0.000002 0.000003 0.000004 0.000006 0.000008 0.000012 0.000017 0.000024 0.000033 0.000046 0.000063 0.000086 0.000116 0.000155 0.000204 0.000267 0.000346 0.000444 0.000564 0.000709 0.000883 0.001090 0.001332 0.001612 0.001931 0.002292 0.002694 0.003135 0.003613 0.004124 0.004661 0.005217 0.005782 0.006346 0.006897 0.007424 0.007912 0.008350 0.008727 0.009031 0.009255 0.009392 0.009439 0.009392 0.009255 0.009031 0.008727 0.008350 0.007912 0.007424 0.006897 0.006346 0.005782 0.005217 0.004661 0.004124 0.003613 0.003135 0.002694 0.002292 0.001931 0.001612 0.001332 0.001090 0.000883 0.000709 0.000564 0.000444 0.000346 0.000267 0.000204 0.000155 0.000116 0.000086 0.000063 0.000046 0.000033 0.000024 0.000017 0.000012 0.000008 0.000006 0.000004 0.000003 0.000002 0.000001 0.000001 0.000000 0.000000 0.000000 0.000000 0.000000 
0.000000 0.000000 0.000000 0.000000 0.000000 0.000001 0.000001 0.000002 0.000003 0.000004 0.000006 0.000009 0.000013 0.000018 0.000026 0.000037 0.000051 0.000071 0.000098 0.000133 0.000179 0.000238 0.000314 0.000411 0.000532 0.000683 0.000867 0.001091 0.001359 0.001676 0.002048 0.002478 0.002969 0.003523 0.004139 0.004817 0.005551 0.006335 0.007159 0.008012 0.008880 0.009745 0.010591 0.011398 0.012148 0.012820 0.013398 0.013865 0.014209 0.014419 0.014490 0.014419 0.014209 0.013865 0.013398 0.012820 0.012148 0.011398 0.010591 0.009745 0.008880 0.008012 0.007159 0.006335 0.005551 0.004817 0.004139 0.003523 0.002969 0.002478 0.002048 0.001676 0.001359 0.001091 0.000867 0.000683 0.000532 0.000411 0.000314 0.000238 0.000179 0.000133 0.000098 0.000071 0.000051 0.000037 0.000026 0.000018 0.000013 0.000009 0.000006 0.000004 0.000003 0.000002 0.000001 0.000001 0.000000 0.000000 0.000000 0.000000 
0.000000 0.000000 0.000000 0.000000 0.000001 0.000001 0.000002 0.000003 0.000004 0.000006 0.000009 0.000013 0.000019 0.000028 0.000040 0.000056 0.000078 0.000108 0.000149 0.000202 0.000272 0.000362 0.000478 0.000625 0.000809 0.001037 0.001317 0.001656 0.002063 0.002545 0.003109 0.003761 0.004506 0.005346 0.006281 0.007308 0.008421 0.009610 0.010859 0.012152 0.013466 0.014778 0.016059 0.017282 0.018417 0.019436 0.020311 0.021019 0.021539 0.021858 0.021965 0.021858 0.021539 0.021019 0.020311 0.019436 0.018417 0.017282 0.016059 0.014778 0.013466 0.012152 0.010859 0.009610 0.008421 0.007308 0.006281 0.005346 0.004506 0.003761 0.003109 0.002545 0.002063 0.001656 0.001317 0.001037 0.000809 0.000625 0.000478 0.000362 0.000272 0.000202 0.000149 0.000108 0.000078 0.000056 0.000040 0.000028 0.000019 0.000013 0.000009 0.000006 0.000004 0.000003 0.000002 0.000001 0.000001 0.000000 0.000000 0.000000 
0.000000 0.000000 0.000000 0.000001 0.000001 0.000002 0.000003 0.000004 0.000006 0.000009 0.000014 0.000020 0.000029 0.000042 0.000060 0.000084 0.000118 0.000163 0.000224 0.000304 0.000409 0.000545 0.000719 0.000940 0.001216 0.001559 0.001980 0.002489 0.003100 0.003823 0.004670 0.005649 0.006766 0.008027 0.009430 0.010971 0.012641 0.014423 0.016297 0.018235 0.020206 0.022173 0.024094 0.025927 0.027629 0.029155 0.030467 0.031528 0.032309 0.032786 0.032947 0.032786 0.032309 0.031528 0.030467 0.029155 0.027629 0.025927 0.024094 0.022173 0.020206 0.018235 0.016297 0.014423 0.012641 0.010971 0.009430 0.008027 0.006766 0.005649 0.004670 0.003823 0.003100 0.002489 0.001980 0.001559 0.001216 0.000940 0.000719 0.000545 0.000409 0.000304 0.000224 0.000163 0.000118 0.000084 0.000060 0.000042 0.000029 0.000020 0.000014 0.000009 0.000006 0.000004 0.000003 0.000002 0.000001 0.000001 0.000000 0.000000 
0.000000 0.000000 0.000001 0.000001 0.000002 0.000003 0.000004 0.000006 0.000009 0.000014 0.000020 0.000030 0.000044 0.000063 0.000089 0.000126 0.000176 0.000243 0.000334 0.000453 0.000609 0.000812 0.001071 0.001399 0.001811 0.002321 0.002947 0.003705 0.004613 0.005688 0.006946 0.008401 0.010062 0.011935 0.014020 0.016309 0.018789 0.021436 0.024218 0.027097 0.030023 0.032943 0.035795 0.038517 0.041042 0.043308 0.045255 0.046830 0.047989 0.048697 0.048936 0.048697 0.047989 0.046830 0.045255 0.043308 0.041042 0.038517 0.035795 0.032943 0.030023 0.027097 0.024218 0.021436 0.018789 0.016309 0.014020 0.011935 0.010062 0.008401 0.006946 0.005688 0.004613 0.003705 0.002947 0.002321 0.001811 0.001399 0.001071 0.000812 0.000609 0.000453 0.000334 0.000243 0.000176 0.000126 0.000089 0.000063 0.000044 0.000030 0.000020 0.000014 0.000009 0.000006 0.000004 0.000003 0.000002 0.000001 0.000000 0.000000 
0.000000 0.000000 0.000001 0.000002 0.000002 0.000004 0.000006 0.000009 0.000014 0.000020 0.000030 0.000044 0.000064 0.000093 0.000132 0.000186 0.000260 0.000359 0.000493 0.000669 0.000899 0.001198 0.001580 0.002064 0.002671 0.003423 0.004344 0.005461 0.006798 0.008381 0.010234 0.012375 0.014820 0.017577 0.020645 0.024013 0.027661 0.031555 0.035648 0.039882 0.044186 0.048479 0.052674 0.056676 0.060389 0.063721 0.066584 0.068899 0.070602 0.071644 0.071995 0.071644 0.070602 0.068899 0.066584 0.063721 0.060389 0.056676 0.052674 0.048479 0.044186 0.039882 0.035648 0.031555 0.027661 0.024013 0.020645 0.017577 0.014820 0.012375 0.010234 0.008381 0.006798 0.005461 0.004344 0.003423 0.002671 0.002064 0.001580 0.001198 0.000899 0.000669 0.000493 0.000359 0.000260 0.000186 0.000132 0.000093 0.000064 0.000044 0.000030 0.000020 0.000014 0.000009 0.000006 0.000004 0.000002 0.000001 0.000001 0.000000 
0.000000 0.000001 0.000001 0.000002 0.000004 0.000006 0.000009 0.000013 0.000020 0.000030 0.000044 0.000065 0.000094 0.000135 0.000193 0.000272 0.000380 0.000526 0.000720 0.000978 0.001315 0.001751 0.002309 0.003016 0.003902 0.004999 0.006344 0.007973 0.009924 0.012234 0.014935 0.018058 0.021623 0.025642 0.030114 0.035024 0.040341 0.046016 0.051980 0.058149 0.064419 0.070674 0.076784 0.082613 0.088022 0.092875 0.097045 0.100417 0.102897 0.104414 0.104925 0.104414 0.102897 0.100417 0.097045 0.092875 0.088022 0.082613 0.076784 0.070674 0.064419 0.058149 0.051980 0.046016 0.040341 0.035024 0.030114 0.025642 0.021623 0.018058 0.014935 0.012234 0.009924 0.007973 0.006344 0.004999 0.003902 0.003016 0.002309 0.001751 0.001315 0.000978 0.000720 0.000526 0.000380 0.000272 0.000193 0.000135 0.000094 0.000065 0.000044 0.000030 0.000020 0.000013 0.000009 0.000006 0.000003 0.000002 0.000001 0.000000 
0.000000 0.000001 0.000002 0.000003 0.000005 0.000008 0.000013 0.000019 0.000029 0.000044 0.000064 0.000094 0.000137 0.000196 0.000280 0.000394 0.000551 0.000762 0.001044 0.001416 0.001904 0.002535 0.003342 0.004365 0.005646 0.007233 0.009177 0.011532 0.014351 0.017689 0.021593 0.026104 0.031253 0.037058 0.043516 0.050606 0.058282 0.066474 0.075084 0.083988 0.093038 0.102065 0.110882 0.119294 0.127099 0.134102 0.140118 0.144983 0.148562 0.150751 0.151488 0.150751 0.148562 0.144983 0.140118 0.134102 0.127099 0.119294 0.110882 0.102065 0.093038 0.083988 0.075084 0.066474 0.058282 0.050606 0.043516 0.037058 0.031253 0.026104 0.021593 0.017689 0.014351 0.011532 0.009177 0.007233 0.005646 0.004365 0.003342 0.002535 0.001904 0.001416 0.001044 0.000762 0.000551 0.000394 0.000280 0.000196 0.000137 0.000094 0.000064 0.000043 0.000029 0.000019 0.000013 0.000008 0.000005 0.000003 0.000001 0.000000 
0.000000 0.000001 0.000003 0.000005 0.000008 0.000012 0.000018 0.000028 0.000042 0.000063 0.000093 0.000135 0.000196 0.000282 0.000402 0.000566 0.000791 0.001093 0.001498 0.002032 0.002731 0.003635 0.004793 0.006258 0.008093 0.010366 0.013151 0.016522 0.020559 0.025337 0.030924 0.037380 0.044749 0.053053 0.062292 0.072434 0.083414 0.095129 0.107442 0.120174 0.133114 0.146020 0.158626 0.170651 0.181809 0.191819 0.200418 0.207372 0.212487 0.215616 0.216669 0.215616 0.212487 0.207372 0.200418 0.191819 0.181809 0.170651 0.158626 0.146020 0.133114 0.120174 0.107442 0.095129 0.083414 0.072434 0.062292 0.053053 0.044749 0.037380 0.030924 0.025337 0.020559 0.016522 0.013151 0.010366 0.008093 0.006258 0.004793 0.003635 0.002731 0.002032 0.001498 0.001093 0.000791 0.000566 0.000402 0.000282 0.000196 0.000135 0.000092 0.000063 0.000042 0.000028 0.000018 0.000012 0.000007 0.000004 0.000002 0.000000 
0.000000 0.000002 0.000004 0.000007 0.000011 0.000017 0.000026 0.000040 0.000060 0.000089 0.000132 0.000193 0.000280 0.000402 0.000572 0.000805 0.001124 0.001555 0.002129 0.002889 0.003881 0.005165 0.006808 0.008888 0.011492 0.014718 0.018668 0.023450 0.029176 0.035951 0.043873 0.053025 0.063470 0.075241 0.088335 0.102706 0.118263 0.134862 0.152305 0.170341 0.188670 0.206950 0.224804 0.241834 0.257635 0.271810 0.283987 0.293834 0.301076 0.305507 0.306999 0.305507 0.301076 0.293834 0.283987 0.271810 0.257635 0.241834 0.224804 0.206950 0.188670 0.170341 0.152305 0.134862 0.118263 0.102706 0.088335 0.075241 0.063470 0.053025 0.043873 0.035951 0.029176 0.023450 0.018668 0.014718 0.011492 0.008888 0.006808 0.005165 0.003881 0.002889 0.002129 0.001555 0.001124 0.000805 0.000572 0.000402 0.000280 0.000193 0.000132 0.000089 0.000060 0.000040 0.000026 0.000017 0.000010 0.000006 0.000003 0.000000 
0.000000 0.000002 0.000005 0.000009 0.000015 0.000024 0.000037 0.000056 0.000084 0.000126 0.000186 0.000272 0.000394 0.000566 0.000805 0.001135 0.001584 0.002190 0.002998 0.004067 0.005463 0.007269 0.009579 0.012504 0.016165 0.020699 0.026250 0.032970 0.041015 0.050532 0.061659 0.074513 0.089180 0.105707 0.124089 0.144264 0.166101 0.189398 0.213877 0.239187 0.264907 0.290556 0.315606 0.339499 0.361667 0.381552 0.398634 0.412448 0.422607 0.428822 0.430914 0.428822 0.422607 0.412448 0.398634 0.381552 0.361667 0.339499 0.315606 0.290556 0.264907 0.239187 0.213877 0.189398 0.166101 0.144264 0.124089 0.105707 0.089180 0.074513 0.061659 0.050532 0.041015 0.032970 0.026250 0.020699 0.016165 0.012504 0.009579 0.007269 0.005463 0.004067 0.002998 0.002190 0.001584 0.001135 0.000805 0.000566 0.000394 0.000272 0.000186 0.000126 0.000084 0.000056 0.000037 0.000023 0.000015 0.000008 0.000004 0.000000 
0.000000 0.000003 0.000008 0.000013 0.000021 0.000033 0.000051 0.000078 0.000118 0.000176 0.000260 0.000380 0.000551 0.000791 0.001124 0.001584 0.002210 0.003055 0.004182 0.005671 0.007617 0.010133 0.013352 0.017425 0.022524 0.028836 0.036564 0.045919 0.057114 0.070358 0.085840 0.103723 0.124126 0.147113 0.172679 0.200734 0.231099 0.263490 0.297523 0.332708 0.368461 0.404113 0.438930 0.472138 0.502947 0.530583 0.554321 0.573517 0.587635 0.596272 0.599179 0.596272 0.587635 0.573517 0.554321 0.530583 0.502947 0.472138 0.438930 0.404113 0.368461 0.332708 0.297523 0.263490 0.231099 0.200734 0.172679 0.147113 0.124126 0.103723 0.085840 0.070358 0.057114 0.045919 0.036564 0.028836 0.022524 0.017425 0.013352 0.010133 0.007617 0.005671 0.004182 0.003055 0.002210 0.001584 0.001124 0.000791 0.000551 0.000380 0.000260 0.000176 0.000118 0.000078 0.000051 0.000033 0.000020 0.000012 0.000005 0.000000 
0.000000 0.000005 0.000010 0.000018 0.000029 0.000046 0.000071 0.000108 0.000163 0.000243 0.000359 0.000526 0.000762 0.001093 0.001555 0.002190 0.003055 0.004221 0.005778 0.007834 0.010520 0.013992 0.018434 0.024054 0.031087 0.039793 0.050450 0.063349 0.078784 0.097040 0.118379 0.143024 0.171140 0.202812 0.238034 0.276683 0.318509 0.363123 0.409995 0.458449 0.507682 0.556774 0.604714 0.650435 0.692852 0.730899 0.763579 0.790005 0.809440 0.821330 0.825332 0.821330 0.809440 0.790005 0.763579 0.730899 0.692852 0.650435 0.604714 0.556774 0.507682 0.458449 0.409995 0.363123 0.318509 0.276683 0.238034 0.202812 0.171140 0.143024 0.118379 0.097040 0.078784 0.063349 0.050450 0.039793 0.031087 0.024054 0.018434 0.013992 0.010520 0.007834 0.005778 0.004221 0.003055 0.002190 0.001555 0.001093 0.000762 0.000526 0.000359 0.000243 0.000163 0.000108 0.000071 0.000045 0.000028 0.000016 0.000007 0.000000 
0.000000 0.000006 0.000014 0.000025 0.000040 0.000063 0.000098 0.000149 0.000224 0.000334 0.000493 0.000720 0.001044 0.001498 0.002129 0.002998 0.004182 0.005778 0.007908 0.010719 0.014391 0.019139 0.025210 0.032890 0.042501 0.054395 0.068953 0.086571 0.107650 0.132579 0.161714 0.195359 0.233737 0.276968 0.325037 0.377779 0.434851 0.495723 0.559669 0.625772 0.692932 0.759895 0.825284 0.887644 0.945494 0.997383 1.041952 1.077990 1.104494 1.120708 1.126166 1.120708 1.104494 1.077990 1.041952 0.997383 0.945494 0.887644 0.825284 0.759895 0.692932 0.625772 0.559669 0.495723 0.434851 0.377779 0.325037 0.276968 0.233737 0.195359 0.161714 0.132579 0.107650 0.086571 0.068953 0.054395 0.042501 0.032890 0.025210 0.019139 0.014391 0.010719 0.007908 0.005778 0.004182 0.002998 0.002129 0.001498 0.001044 0.000720 0.000493 0.000333 0.000224 0.000148 0.000097 0.000062 0.000039 0.000022 0.000010 0.000000 
0.000000 0.000009 0.000019 0.000034 0.000055 0.000086 0.000133 0.000202 0.000304 0.000453 0.000669 0.000978 0.001416 0.002032 0.002889 0.004067 0.005671 0.007834 0.010719 0.014527 0.019501 0.025930 0.034150 0.044547 0.057555 0.073652 0.093352 0.117188 0.145704 0.179423 0.218828 0.264327 0.316221 0.374670 0.439656 0.510952 0.588096 0.670370 0.756792 0.846123 0.936877 1.027360 1.115711 1.199966 1.278124 1.348227 1.408437 1.457124 1.492928 1.514832 1.522204 1.514832 1.492928 1.457124 1.408437 1.348227 1.278124 1.199966 1.115711 1.027360 0.936877 0.846123 0.756792 0.670370 0.588096 0.510952 0.439656 0.374670 0.316221 0.264327 0.218828 0.179423 0.145704 0.117188 0.093352 0.073652 0.057555 0.044547 0.034150 0.025930 0.019501 0.014527 0.010719 0.007834 0.005671 0.004067 0.002889 0.002032 0.001416 0.000978 0.000669 0.000453 0.000304 0.000201 0.000132 0.000085 0.000053 0.000030 0.000014 0.000000 
0.000000 0.000012 0.000026 0.000046 0.000074 0.000116 0.000179 0.000272 0.000409 0.000609 0.000899 0.001315 0.001904 0.002731 0.003881 0.005463 0.007617 0.010520 0.014391 0.019501 0.026174 0.034797 0.045821 0.059763 0.077204 0.098783 0.125187 0.157133 0.195344 0.240524 0.293315 0.354264 0.423774 0.502055 0.589083 0.684554 0.787846 0.897999 1.013698 1.133283 1.254767 1.375880 1.494135 1.606903 1.711506 1.805325 1.885903 1.951057 1.998971 2.028283 2.038149 2.028283 1.998971 1.951057 1.885903 1.805325 1.711506 1.606903 1.494135 1.375880 1.254767 1.133283 1.013698 0.897999 0.787846 0.684554 0.589083 0.502055 0.423774 0.354264 0.293315 0.240524 0.195344 0.157133 0.125187 0.098783 0.077204 0.059763 0.045821 0.034797 0.026174 0.019501 0.014391 0.010520 0.007617 0.005463 0.003881 0.002731 0.001904 0.001315 0.000899 0.000609 0.000409 0.000271 0.000178 0.000114 0.000071 0.000041 0.000019 0.000000 
0.000000 0.000016 0.000035 0.000061 0.000099 0.000155 0.000238 0.000362 0.000545 0.000812 0.001198 0.001751 0.002535 0.003635 0.005165 0.007269 0.010133 0.013992 0.019139 0.025930 0.034797 0.046254 0.060898 0.079416 0.102578 0.131233 0.166289 0.208698 0.259418 0.319381 0.389439 0.470314 0.562539 0.666393 0.781841 0.908477 1.045478 1.191568 1.345003 1.503581 1.664668 1.825256 1.982046 2.131554 2.270233 2.394610 2.501432 2.587804 2.651320 2.690177 2.703256 2.690177 2.651320 2.587804 2.501432 2.394610 2.270233 2.131554 1.982046 1.825256 1.664668 1.503581 1.345003 1.191568 1.045478 0.908477 0.781841 0.666393 0.562539 0.470314 0.389439 0.319381 0.259418 0.208698 0.166289 0.131233 0.102578 0.079416 0.060898 0.046254 0.034797 0.025930 0.019139 0.013992 0.010133 0.007269 0.005165 0.003635 0.002535 0.001751 0.001198 0.000811 0.000544 0.000361 0.000237 0.000152 0.000095 0.000055 0.000025 0.000000 
0.000000 0.000021 0.000046 0.000080 0.000130 0.000204 0.000314 0.000478 0.000719 0.001071 0.001580 0.002309 0.003342 0.004793 0.006808 0.009579 0.013352 0.018434 0.025210 0.034150 0.045821 0.060898 0.080168 0.104530 0.134999 0.172688 0.218791 0.274557 0.341245 0.420076 0.512168 0.618470 0.739679 0.876158 1.027861 1.194252 1.374247 1.566171 1.767732 1.976035 2.187622 2.398543 2.604468 2.800819 2.982942 3.146278 3.286557 3.399978 3.483385 3.534409 3.551583 3.534409 3.483385 3.399978 3.286557 3.146278 2.982942 2.800819 2.604468 2.398543 2.187622 1.976035 1.767732 1.566171 1.374247 1.194252 1.027861 0.876158 0.739679 0.618470 0.512168 0.420076 0.341245 0.274557 0.218791 0.172688 0.134999 0.104530 0.080168 0.060898 0.045821 0.034150 0.025210 0.018434 0.013352 0.009579 0.006808 0.004793 0.003342 0.002309 0.001580 0.001071 0.000718 0.000477 0.000312 0.000201 0.000125 0.000072 0.000033 0.000000 
0.000000 0.000027 0.000060 0.000105 0.000170 0.000267 0.000411 0.000625 0.000940 0.001399 0.002064 0.003016 0.004365 0.006258 0.008888 0.012504 0.017425 0.024054 0.032890 0.044547 0.059763 0.079416 0.104530 0.136278 0.175978 0.225080 0.285137 0.357772 0.444624 0.547279 0.667192 0.805593 0.963387 1.141046 1.338505 1.555066 1.789316 2.039073 2.301354 2.572394 2.847691 3.122108 3.390012 3.645453 3.882375 4.094851 4.277328 4.424866 4.533360 4.599730 4.622069 4.599730 4.533360 4.424866 4.277328 4.094851 3.882375 3.645453 3.390012 3.122108 2.847691 2.572394 2.301354 2.039073 1.789316 1.555066 1.338505 1.141046 0.963387 0.805593 0.667192 0.547279 0.444624 0.357772 0.285137 0.225080 0.175978 0.136278 0.104530 0.079416 0.059763 0.044547 0.032890 0.024054 0.017425 0.012504 0.008888 0.006258 0.004365 0.003016 0.002064 0.001399 0.000939 0.000623 0.000409 0.000263 0.000164 0.000095 0.000043 0.000000 
0.000000 0.000036 0.000078 0.000136 0.000221 0.000346 0.000532 0.000809 0.001216 0.001811 0.002671 0.003902 0.005646 0.008093 0.011492 0.016165 0.022524 0.031087 0.042501 0.057555 0.077204 0.102578 0.134999 0.175978 0.227216 0.290578 0.368070 0.461781 0.573821 0.706234 0.860892 1.039380 1.242858 1.471934 1.726519 2.005712 2.307689 2.629634 2.967704 3.317043 3.671851 4.025509 4.370758 4.699933 5.005234 5.279025 5.514155 5.704261 5.844055 5.929573 5.958357 5.929573 5.844055 5.704261 5.514155 5.279025 5.005234 4.699933 4.370758 4.025509 3.671851 3.317043 2.967704 2.629634 2.307689 2.005712 1.726519 1.471934 1.242858 1.039380 0.860892 0.706234 0.573821 0.461781 0.368070 0.290578 0.227216 0.175978 0.134999 0.102578 0.077204 0.057555 0.042501 0.031087 0.022524 0.016165 0.011492 0.008093 0.005646 0.003901 0.002670 0.001810 0.001215 0.000807 0.000529 0.000341 0.000212 0.000122 0.000056 0.000000 
0.000000 0.000046 0.000100 0.000175 0.000283 0.000444 0.000683 0.001037 0.001559 0.002321 0.003423 0.004999 0.007233 0.010366 0.014718 0.020699 0.028836 0.039793 0.054395 0.073652 0.098783 0.131233 0.172688 0.225080 0.290578 0.371568 0.470606 0.590360 0.733523 0.902700 1.100281 1.328283 1.588187 1.880763 2.205895 2.562427 2.948029 3.359103 3.790740 4.236740 4.689701 5.141172 5.581892 6.002077 6.391775 6.741244 7.041358 7.284000 7.462424 7.571573 7.608310 7.571573 7.462424 7.284000 7.041358 6.741244 6.391775 6.002077 5.581892 5.141172 4.689701 4.236740 3.790740 3.359103 2.948029 2.562427 2.205895 1.880763 1.588187 1.328283 1.100281 0.902700 0.733523 0.590360 0.470606 0.371568 0.290578 0.225080 0.172688 0.131233 0.098783 0.073652 0.054395 0.039793 0.028836 0.020699 0.014718 0.010366 0.007233 0.004999 0.003422 0.002320 0.001558 0.001035 0.000678 0.000437 0.000272 0.000157 0.000072 0.000000 
0.000000 0.000058 0.000128 0.000222 0.000360 0.000564 0.000867 0.001317 0.001980 0.002947 0.004344 0.006344 0.009177 0.013151 0.018668 0.026250 0.036564 0.050450 0.068953 0.093352 0.125187 0.166289 0.218791 0.285137 0.368070 0.470606 0.595979 0.747560 0.928753 1.142851 1.392871 1.681362 2.010191 2.380327 2.791620 3.242603 3.730324 4.250232 4.796116 5.360136 5.932931 6.503817 7.061086 7.592372 8.085094 8.526941 8.906378 9.213147 9.438724 9.576716 9.623161 9.576716 9.438724 9.213147 8.906378 8.526941 8.085094 7.592372 7.061086 6.503817 5.932931 5.360136 4.796116 4.250232 3.730324 3.242603 2.791620 2.380327 2.010191 1.681362 1.392871 1.142851 0.928753 0.747560 0.595979 0.470606 0.368070 0.285137 0.218791 0.166289 0.125187 0.093352 0.068953 0.050450 0.036564 0.026250 0.018667 0.013150 0.009177 0.006343 0.004344 0.002946 0.001978 0.001314 0.000862 0.000555 0.000346 0.000200 0.000091 0.000000 
0.000000 0.000073 0.000161 0.000280 0.000453 0.000709 0.001091 0.001656 0.002489 0.003705 0.005461 0.007973 0.011532 0.016522 0.023450 0.032970 0.045919 0.063349 0.086571 0.117188 0.157133 0.208698 0.274557 0.357772 0.461781 0.590360 0.747560 0.937603 1.164749 1.433121 1.746494 2.108056 2.520141 2.983956 3.499308 4.064354 4.675394 5.326718 6.010549 6.717063 7.434535 8.149587 8.847557 9.512962 10.130049 10.683406 11.158593 11.542767 11.825260 11.998068 12.056231 11.998068 11.825260 11.542767 11.158593 10.683406 10.130049 9.512962 8.847557 8.149587 7.434535 6.717063 6.010549 5.326718 4.675394 4.064354 3.499308 2.983956 2.520141 2.108056 1.746494 1.433121 1.164749 0.937603 0.747560 0.590360 0.461781 0.357772 0.274557 0.208698 0.157133 0.117188 0.086571 0.063349 0.045919 0.032970 0.023450 0.016522 0.011531 0.007972 0.005460 0.003703 0.002487 0.001652 0.001084 0.000698 0.000435 0.000251 0.000115 0.000000 
0.000000 0.000091 0.000200 0.000349 0.000564 0.000883 0.001359 0.002063 0.003100 0.004613 0.006798 0.009924 0.014351 0.020559 0.029176 0.041015 0.057114 0.078784 0.107650 0.145704 0.195344 0.259418 0.341245 0.444624 0.573821 0.733523 0.928753 1.164749 1.446794 1.780000 2.169046 2.617882 3.129397 3.705083 4.344692 5.045933 5.804208 6.612430 7.460943 8.337562 9.227737 10.114875 10.980788 11.806274 12.571796 13.258242 13.847706 14.324262 14.674681 14.889039 14.961186 14.889039 14.674681 14.324262 13.847706 13.258242 12.571796 11.806274 10.980788 10.114875 9.227737 8.337562 7.460943 6.612430 5.804208 5.045933 4.344692 3.705083 3.129397 2.617882 2.169046 1.780000 1.446794 1.164749 0.928753 0.733523 0.573821 0.444624 0.341245 0.259418 0.195344 0.145704 0.107650 0.078784 0.057114 0.041014 0.029176 0.020559 0.014351 0.009923 0.006797 0.004611 0.003097 0.002058 0.001350 0.000870 0.000542 0.000313 0.000143 0.000000 
0.000000 0.000112 0.000247 0.000431 0.000696 0.001090 0.001676 0.002545 0.003823 0.005688 0.008381 0.012234 0.017689 0.025337 0.035951 0.050532 0.070358 0.097040 0.132579 0.179423 0.240524 0.319381 0.420076 0.547279 0.706234 0.902700 1.142851 1.433121 1.780000 2.189766 2.668164 3.220041 3.848942 4.556691 5.342978 6.204977 7.137030 8.130425 9.173291 10.250650 11.344624 12.434824 13.498904 14.513273 15.453934 16.297408 17.021700 17.607250 18.037809 18.301189 18.389835 18.301189 18.037809 17.607250 17.021700 16.297408 15.453934 14.513273 13.498904 12.434824 11.344624 10.250650 9.173291 8.130425 7.137030 6.204977 5.342978 4.556691 3.848942 3.220041 2.668164 2.189766 1.780000 1.433121 1.142851 0.902700 0.706234 0.547279 0.420076 0.319381 0.240524 0.179423 0.132579 0.097040 0.070358 0.050531 0.035951 0.025337 0.017688 0.012233 0.008380 0.005686 0.003820 0.002539 0.001666 0.001073 0.000669 0.000386 0.000176 0.000000 
0.000000 0.000137 0.000302 0.000526 0.000851 0.001332 0.002048 0.003109 0.004670 0.006946 0.010234 0.014935 0.021593 0.030924 0.043873 0.061659 0.085840 0.118379 0.161714 0.218828 0.293315 0.389439 0.512168 0.667192 0.860892 1.100281 1.392871 1.746494 2.169046 2.668164 3.250835 3.922952 4.688822 5.550656 6.508067 7.557606 8.692380 9.901774 11.171337 12.482833 13.814502 15.141528 16.436718 17.671365 18.816267 19.842858 20.724377 21.437026 21.961036 22.281579 22.389464 22.281579 21.961036 21.437026 20.724377 19.842858 18.816267 17.671365 16.436718 15.141528 13.814502 12.482833 11.171337 9.901774 8.692380 7.557606 6.508067 5.550656 4.688822 3.922952 3.250835 2.668164 2.169046 1.746494 1.392871 1.100281 0.860892 0.667192 0.512168 0.389439 0.293315 0.218828 0.161714 0.118379 0.085840 0.061659 0.043873 0.030924 0.021592 0.014934 0.010232 0.006943 0.004665 0.003101 0.002035 0.001311 0.000817 0.000472 0.000216 0.000000 
0.000000 0.000166 0.000366 0.000637 0.001030 0.001612 0.002478 0.003761 0.005649 0.008401 0.012375 0.018058 0.026104 0.037380 0.053025 0.074513 0.103723 0.143024 0.195359 0.264327 0.354264 0.470314 0.618470 0.805593 1.039380 1.328283 1.681362 2.108056 2.617882 3.220041 3.922952 4.733712 5.657502 6.696979 7.851666 9.117394 10.485841 11.944206 13.475056 15.056404 16.662014 18.261971 19.823495 21.311985 22.692245 23.929847 24.992540 25.851644 26.483336 26.869745 26.999799 26.869745 26.483336 25.851644 24.992540 23.929847 22.692245 21.311985 19.823495 18.261971 16.662014 15.056404 13.475056 11.944206 10.485841 9.117394 7.851666 6.696979 5.657502 4.733712 3.922952 3.220041 2.617882 2.108056 1.681362 1.328283 1.039380 0.805593 0.618470 0.470314 0.354264 0.264327 0.195359 0.143024 0.103723 0.074513 0.053025 0.037380 0.026103 0.018057 0.012373 0.008398 0.005643 0.003752 0.002462 0.001587 0.000989 0.000572 0.000261 0.000000 
0.000000 0.000199 0.000439 0.000764 0.001234 0.001931 0.002969 0.004506 0.006766 0.010062 0.014820 0.021623 0.031253 0.044749 0.063470 0.089180 0.124126 0.171140 0.233737 0.316221 0.423774 0.562539 0.739679 0.963387 1.242858 1.588187 2.010191 2.520141 3.129397 3.848942 4.688822 5.657502 6.761160 8.002957 9.382309 10.894229 12.528768 14.270627 16.098984 17.987578 19.905079 21.815766 23.680501 25.457973 27.106166 28.583978 29.852911 30.878731 31.633000 32.094389 32.249677 32.094389 31.633000 30.878731 29.852911 28.583978 27.106166 25.457973 23.680501 21.815766 19.905079 17.987578 16.098984 14.270627 12.528768 10.894229 9.382309 8.002957 6.761160 5.657502 4.688822 3.848942 3.129397 2.520141 2.010191 1.588187 1.242858 0.963387 0.739679 0.562539 0.423774 0.316221 0.233737 0.171139 0.124126 0.089180 0.063470 0.044748 0.031252 0.021622 0.014818 0.010058 0.006760 0.004495 0.002950 0.001901 0.001186 0.000685 0.000313 0.000000 
0.000000 0.000237 0.000521 0.000907 0.001465 0.002292 0.003523 0.005346 0.008027 0.011935 0.017577 0.025642 0.037058 0.053053 0.075241 0.105707 0.147113 0.202812 0.276968 0.374670 0.502055 0.666393 0.876158 1.141046 1.471934 1.880763 2.380327 2.983956 3.705083 4.556691 5.550656 6.696979 8.002957 9.472313 11.104347 12.893144 14.826924 16.887583 19.050484 21.284559 23.552752 25.812814 28.018460 30.120837 32.070261 33.818133 35.318931 36.532178 37.424251 37.969930 38.153588 37.969930 37.424251 36.532178 35.318931 33.818133 32.070261 30.120837 28.018460 25.812814 23.552752 21.284559 19.050484 16.887583 14.826924 12.893144 11.104347 9.472313 8.002957 6.696979 5.550656 4.556691 3.705083 2.983956 2.380327 1.880763 1.471934 1.141046 0.876158 0.666393 0.502055 0.374670 0.276968 0.202812 0.147113 0.105707 0.075241 0.053053 0.037057 0.025640 0.017574 0.011930 0.008019 0.005333 0.003501 0.002257 0.001407 0.000813 0.000371 0.000000 
0.000000 0.000278 0.000612 0.001066 0.001722 0.002694 0.004139 0.006281 0.009430 0.014020 0.020645 0.030114 0.043516 0.062292 0.088335 0.124089 0.172679 0.238034 0.325037 0.439656 0.589083 0.781841 1.027861 1.338505 1.726519 2.205895 2.791620 3.499308 4.344692 5.342978 6.508067 7.851666 9.382309 11.104347 13.016941 15.113150 17.379158 19.793743 22.328034 24.945629 27.603113 30.250992 32.835048 35.298061 37.581838 39.629456 41.387604 42.808876 43.853896 44.493129 44.708274 44.493129 43.853896 42.808876 41.387604 39.629456 37.581838 35.298061 32.835048 30.250992 27.603113 24.945629 22.328034 19.793743 17.379158 15.113150 13.016941 11.104347 9.382309 7.851666 6.508067 5.342978 4.344692 3.499308 2.791620 2.205895 1.726519 1.338505 1.027861 0.781841 0.589083 0.439656 0.325037 0.238034 0.172678 0.124089 0.088334 0.062292 0.043515 0.030112 0.020641 0.014014 0.009421 0.006266 0.004114 0.002652 0.001654 0.000956 0.000436 0.000000 
0.000000 0.000324 0.000713 0.001241 0.002004 0.003135 0.004817 0.007308 0.010971 0.016309 0.024013 0.035024 0.050606 0.072434 0.102706 0.144264 0.200734 0.276683 0.377779 0.510952 0.684554 0.908477 1.194252 1.555066 2.005712 2.562427 3.242603 4.064354 5.045933 6.204977 7.557606 9.117394 10.894229 12.893144 15.113150 17.546175 20.176174 22.978508 25.919665 28.957400 32.041332 35.114034 38.112599 40.970640 43.620647 45.996586 48.036612 49.685734 50.898275 51.639976 51.889607 51.639976 50.898275 49.685734 48.036612 45.996586 43.620647 40.970640 38.112599 35.114034 32.041332 28.957400 25.919665 22.978508 20.176174 17.546175 15.113150 12.893144 10.894229 9.117394 7.557606 6.204977 5.045933 4.064354 3.242603 2.562427 2.005712 1.555066 1.194252 0.908477 0.684554 0.510952 0.377779 0.276683 0.200734 0.144264 0.102706 0.072433 0.050605 0.035022 0.024010 0.016303 0.010961 0.007291 0.004787 0.003086 0.001925 0.001113 0.000508 0.000000 
0.000000 0.000374 0.000822 0.001430 0.002310 0.003613 0.005551 0.008421 0.012641 0.018789 0.027661 0.040341 0.058282 0.083414 0.118263 0.166101 0.231099 0.318509 0.434851 0.588096 0.787846 1.045478 1.374247 1.789316 2.307689 2.948029 3.730324 4.675394 5.804208 7.137030 8.692380 10.485841 12.528768 14.826924 17.379158 20.176174 23.199515 26.420849 29.801650 33.293356 36.838063 40.369770 43.816186 47.101022 50.146703 52.877352 55.221909 57.117188 58.510709 59.363110 59.649997 59.363110 58.510709 57.117188 55.221909 52.877352 50.146703 47.101022 43.816186 40.369770 36.838063 33.293356 29.801650 26.420849 23.199515 20.176174 17.379158 14.826924 12.528768 10.485841 8.692380 7.137030 5.804208 4.675394 3.730324 2.948029 2.307689 1.789316 1.374247 1.045478 0.787846 0.588096 0.434851 0.318509 0.231099 0.166101 0.118263 0.083413 0.058281 0.040339 0.027657 0.018781 0.012629 0.008401 0.005517 0.003557 0.002219 0.001282 0.000586 0.000000 
0.000000 0.000427 0.000938 0.001633 0.002637 0.004124 0.006335 0.009610 0.014423 0.021436 0.031555 0.046016 0.066474 0.095129 0.134862 0.189398 0.263490 0.363123 0.495723 0.670370 0.897999 1.191568 1.566171 2.039073 2.629634 3.359103 4.250232 5.326718 6.612430 8.130425 9.901774 11.944206 14.270627 16.887583 19.793743 22.978508 26.420849 30.088500 33.937591 37.912834 41.948311 45.968892 49.892290 53.631674 57.098750 60.207163 62.876039 65.033468 66.619725 67.590016 67.916581 67.590016 66.619725 65.033468 62.876039 60.207163 57.098750 53.631674 49.892290 45.968892 41.948311 37.912834 33.937591 30.088500 26.420849 22.978508 19.793743 16.887583 14.270627 11.944206 9.901774 8.130425 6.612430 5.326718 4.250232 3.359103 2.629634 2.039073 1.566171 1.191568 0.897999 0.670370 0.495723 0.363123 0.263490 0.189398 0.134862 0.095128 0.066472 0.046013 0.031550 0.021427 0.014409 0.009586 0.006296 0.004060 0.002532 0.001464 0.000668 0.000000 
0.000000 0.000482 0.001060 0.001846 0.002981 0.004661 0.007159 0.010859 0.016297 0.024218 0.035648 0.051980 0.075084 0.107442 0.152305 0.213877 0.297523 0.409995 0.559669 0.756792 1.013698 1.345003 1.767732 2.301354 2.967704 3.790740 4.796116 6.010549 7.460943 9.173291 11.171337 13.475056 16.098984 19.050484 22.328034 25.919665 29.801650 33.937591 38.278013 42.760571 47.310937 51.844407 56.268207 60.484449 64.393596 67.898301 70.907399 73.339830 75.128272 76.222232 76.590418 76.222232 75.128272 73.339830 70.907399 67.898301 64.393596 60.484449 56.268207 51.844407 47.310937 42.760571 38.278013 33.937591 29.801650 25.919665 22.328034 19.050484 16.098984 13.475056 11.171337 9.173291 7.460943 6.010549 4.796116 3.790740 2.967704 2.301354 1.767732 1.345003 1.013698 0.756792 0.559669 0.409994 0.297523 0.213877 0.152304 0.107441 0.075082 0.051977 0.035643 0.024209 0.016281 0.010832 0.007115 0.004589 0.002862 0.001655 0.000756 0.000000 
0.000000 0.000540 0.001187 0.002066 0.003337 0.005217 0.008012 0.012152 0.018235 0.027097 0.039882 0.058149 0.083988 0.120174 0.170341 0.239187 0.332708 0.458449 0.625772 0.846123 1.133283 1.503581 1.976035 2.572394 3.317043 4.236740 5.360136 6.717063 8.337562 10.250650 12.482833 15.056404 17.987578 21.284559 24.945629 28.957400 33.293356 37.912834 42.760571 47.766934 52.848913 57.911918 62.852353 67.560912 71.926456 75.840290 79.200626 81.916963 83.914133 85.135763 85.546918 85.135763 83.914133 81.916963 79.200626 75.840290 71.926456 67.560912 62.852353 57.911918 52.848913 47.766934 42.760571 37.912834 33.293356 28.957400 24.945629 21.284559 17.987578 15.056404 12.482833 10.250650 8.337562 6.717063 5.360136 4.236740 3.317043 2.572394 1.976035 1.503581 1.133283 0.846123 0.625772 0.458449 0.332708 0.239187 0.170340 0.120173 0.083986 0.058145 0.039876 0.027086 0.018217 0.012122 0.007963 0.005136 0.003204 0.001852 0.000846 0.000000 
0.000000 0.000598 0.001316 0.002290 0.003698 0.005782 0.008880 0.013466 0.020206 0.030023 0.044186 0.064419 0.093038 0.133114 0.188670 0.264907 0.368461 0.507682 0.692932 0.936877 1.254767 1.664668 2.187622 2.847691 3.671851 4.689701 5.932931 7.434535 9.227737 11.344624 13.814502 16.662014 19.905079 23.552752 27.603113 32.041332 36.838063 41.948311 47.310937 52.848913 58.470420 64.070833 69.535574 74.743752 79.572455 83.901477 87.618249 90.622690 92.831674 94.182861 94.637619 94.182861 92.831674 90.622690 87.618249 83.901477 79.572455 74.743752 69.535574 64.070833 58.470420 52.848913 47.310937 41.948311 36.838063 32.041332 27.603113 23.552752 19.905079 16.662014 13.814502 11.344624 9.227737 7.434535 5.932931 4.689701 3.671851 2.847691 2.187622 1.664668 1.254767 0.936877 0.692932 0.507682 0.368461 0.264906 0.188669 0.133113 0.093036 0.064415 0.044179 0.030011 0.020186 0.013433 0.008825 0.005692 0.003551 0.002053 0.000938 0.000000 
0.000000 0.000657 0.001445 0.002514 0.004059 0.006346 0.009745 0.014778 0.022173 0.032943 0.048479 0.070674 0.102065 0.146020 0.206950 0.290556 0.404113 0.556774 0.759895 1.027360 1.375880 1.825256 2.398543 3.122108 4.025509 5.141172 6.503817 8.149587 10.114875 12.434824 15.141528 18.261971 21.815766 25.812814 30.250992 35.114034 40.369770 45.968892 51.844407 57.911918 64.070833 70.206533 76.193502 81.899315 87.189330 91.931878 96.003658 99.295045 101.714992 103.195215 103.693401 103.195215 101.714992 99.295045 96.003658 91.931878 87.189330 81.899315 76.193502 70.206533 64.070833 57.911918 51.844407 45.968892 40.369770 35.114034 30.250992 25.812814 21.815766 18.261971 15.141528 12.434824 10.114875 8.149587 6.503817 5.141172 4.025509 3.122108 2.398543 1.825256 1.375880 1.027360 0.759895 0.556774 0.404113 0.290555 0.206949 0.146018 0.102062 0.070669 0.048472 0.032930 0.022151 0.014741 0.009685 0.006247 0.003898 0.002254 0.001029 0.000000 
0.000000 0.000714 0.001570 0.002733 0.004412 0.006897 0.010591 0.016059 0.024094 0.035795 0.052674 0.076784 0.110882 0.158626 0.224804 0.315606 0.438930 0.604714 0.825284 1.115711 1.494135 1.982046 2.604468 3.390012 4.370758 5.581892 7.061086 8.847557 10.980788 13.498904 16.436718 19.823495 23.680501 28.018460 32.835048 38.112599 43.816186 49.892290 56.268207 62.852353 69.535574 76.193502 82.689953 88.881245 94.621301 99.767268 104.185375 107.756691 110.382440 111.988542 112.529093 111.988542 110.382440 107.756691 104.185375 99.767268 94.621301 88.881245 82.689953 76.193502 69.535574 62.852353 56.268207 49.892290 43.816186 38.112599 32.835048 28.018460 23.680501 19.823495 16.436718 13.498904 10.980788 8.847557 7.061086 5.581892 4.370758 3.390012 2.604468 1.982046 1.494135 1.115711 0.825284 0.604714 0.438930 0.315605 0.224803 0.158624 0.110880 0.076779 0.052666 0.035781 0.024070 0.016020 0.010526 0.006790 0.004237 0.002450 0.001119 0.000000 
