0.000000 0.000000 0.000000 0.000000 0.000000 0.000000 0.000000 0.000000 0.000000 0.000000 0.000000 0.000000 0.000000 0.000000 0.000000 0.000000 0.000000 0.000000 0.000000 0.000000 0.000000 0.000000 0.000000 0.000000 0.000000 0.000000 0.000000 0.000000 0.000000 0.000000 0.000000 0.000000 0.000000 0.000000 0.000000 0.000000 0.000000 0.000000 0.000000 0.000000 0.000000 0.000000 0.000000 0.000000 0.000000 0.000000 0.000000 0.000000 0.000000 0.000000 0.000000 0.000000 0.000000 0.000000 0.000000 0.000000 0.000000 0.000000 0.000000 0.000000 0.000000 0.000000 0.000000 0.000000 0.000000 0.000000 0.000000 0.000000 0.000000 0.000000 0.000000 0.000000 0.000000 0.000000 0.000000 0.000000 0.000000 0.000000 0.000000 0.000000 0.000000 0.000000 0.000000 0.000000 0.000000 0.000000 0.000000 0.000000 0.000000 0.000000 0.000000 0.000000 0.000000 0.000000 0.000000 0.000000 0.000000 0.000000 0.000000 0.000000 
0.000000 0.000000 0.000000 0.000000 0.000000 0.000000 0.000000 0.000000 0.000000 0.000000 0.000000 0.000001 0.000001 0.000001 0.000002 0.000003 0.000004 0.000005 0.000007 0.000010 0.000013 0.000018 0.000023 0.000030 0.000039 0.000050 0.000064 0.000080 0.000100 0.000123 0.000150 0.000182 0.000218 0.000258 0.000303 0.000352 0.000405 0.000462 0.000522 0.000584 0.000647 0.000710 0.000771 0.000830 0.000884 0.000933 0.000974 0.001008 0.001033 0.001048 0.001053 0.001048 0.001033 0.001008 0.000974 0.000933 0.000884 0.000830 0.000771 0.000710 0.000647 0.000584 0.000522 0.000462 0.000405 0.000352 0.000303 0.000258 0.000218 0.000182 0.000150 0.000123 0.000100 0.000080 0.000064 0.000050 0.000039 0.000030 0.000023 0.000018 0.000013 0.000010 0.000007 0.000005 0.000004 0.000003 0.000002 0.000001 0.000001 0.000001 0.000000 0.000000 0.000000 0.000000 0.000000 0.000000 0.000000 0.000000 0.000000 0.000000 
0.000000 0.000000 0.000000 0.000000 0.000000 0.000000 0.000000 0.000000 0.000000 0.000001 0.000001 0.000001 0.000002 0.000003 0.000004 0.000006 0.000008 0.000012 0.000016 0.000022 0.000029 0.000039 0.000051 0.000067 0.000086 0.000111 0.000140 0.000176 0.000220 0.000271 0.000330 0.000399 0.000478 0.000566 0.000665 0.000773 0.000890 0.001016 0.001147 0.001283 0.001421 0.001559 0.001693 0.001822 0.001941 0.002047 0.002139 0.002213 0.002268 0.002301 0.002313 0.002301 0.002268 0.002213 0.002139 0.002047 0.001941 0.001822 0.001693 0.001559 0.001421 0.001283 0.001147 0.001016 0.000890 0.000773 0.000665 0.000566 0.000478 0.000399 0.000330 0.000271 0.000220 0.000176 0.000140 0.000111 0.000086 0.000067 0.000051 0.000039 0.000029 0.000022 0.000016 0.000012 0.000008 0.000006 0.000004 0.000003 0.000002 0.000001 0.000001 0.000001 0.000000 0.000000 0.000000 0.000000 0.000000 0.000000 0.000000 0.000000 
0.000000 0.000000 0.000000 0.000000 0.000000 0.000000 0.000000 0.000001 0.000001 0.000001 0.000002 0.000003 0.000004 0.000005 0.000007 0.000011 0.000015 0.000020 0.000028 0.000038 0.000051 0.000068 0.000089 0.000116 0.000150 0.000193 0.000244 0.000307 0.000382 0.000470 0.000574 0.000694 0.000830 0.000984 0.001155 0.001343 0.001547 0.001764 0.001992 0.002228 0.002467 0.002706 0.002940 0.003163 0.003369 0.003555 0.003714 0.003843 0.003937 0.003995 0.004015 0.003995 0.003937 0.003843 0.003714 0.003555 0.003369 0.003163 0.002940 0.002706 0.002467 0.002228 0.001992 0.001764 0.001547 0.001343 0.001155 0.000984 0.000830 0.000694 0.000574 0.000470 0.000382 0.000307 0.000244 0.000193 0.000150 0.000116 0.000089 0.000068 0.000051 0.000038 0.000028 0.000020 0.000015 0.000011 0.000007 0.000005 0.000004 0.000003 0.000002 0.000001 0.000001 0.000001 0.000000 0.000000 0.000000 0.000000 0.000000 0.000000 
0.000000 0.000000 0.000000 0.000000 0.000000 0.000000 0.000001 0.000001 0.000001 0.000002 0.000003 0.000004 0.000006 0.000008 0.000012 0.000017 0.000024 0.000033 0.000045 0.000061 0.000082 0.000109 0.000144 0.000188 0.000243 0.000311 0.000394 0.000495 0.000615 0.000758 0.000925 0.001118 0.001338 0.001586 0.001862 0.002164 0.002492 0.002841 0.003209 0.003588 0.003974 0.004359 0.004735 0.005093 0.005425 0.005724 0.005980 0.006187 0.006340 0.006433 0.006464 0.006433 0.006340 0.006187 0.005980 0.005724 0.005425 0.005093 0.004735 0.004359 0.003974 0.003588 0.003209 0.002841 0.002492 0.002164 0.001862 0.001586 0.001338 0.001118 0.000925 0.000758 0.000615 0.000495 0.000394 0.000311 0.000243 0.000188 0.000144 0.000109 0.000082 0.000061 0.000045 0.000033 0.000024 0.000017 0.000012 0.000008 0.000006 0.000004 0.000003 0.000002 0.000001 0.000001 0.000001 0.000000 0.000000 0.000000 0.000000 0.000000 
0.000000 0.000000 0.000000 0.000000 0.000000 0.000001 0.000001 0.000001 0.000002 0.000003 0.000004 0.000006 0.000009 0.000013 0.000019 0.000027 0.000037 0.000051 0.000070 0.000095 0.000128 0.000170 0.000225 0.000293 0.000379 0.000485 0.000615 0.000772 0.000961 0.001183 0.001444 0.001744 0.002087 0.002474 0.002904 0.003376 0.003886 0.004431 0.005003 0.005594 0.006195 0.006795 0.007380 0.007938 0.008456 0.008921 0.009320 0.009643 0.009880 0.010025 0.010074 0.010025 0.009880 0.009643 0.009320 0.008921 0.008456 0.007938 0.007380 0.006795 0.006195 0.005594 0.005003 0.004431 0.003886 0.003376 0.002904 0.002474 0.002087 0.001744 0.001444 0.001183 0.000961 0.000772 0.000615 0.000485 0.000379 0.000293 0.000225 0.000170 0.000128 0.000095 0.000070 0.000051 0.000037 0.000027 0.000019 0.000013 0.000009 0.000006 0.000004 0.000003 0.000002 0.000001 0.000001 0.000001 0.000000 0.000000 0.000000 0.000000 
0.000000 0.000000 0.000000 0.000000 0.000001 0.000001 0.000001 0.000002 0.000003 0.000005 0.000007 0.000010 0.000014 0.000020 0.000029 0.000041 0.000057 0.000079 0.000108 0.000147 0.000197 0.000262 0.000345 0.000450 0.000581 0.000744 0.000943 0.001184 0.001473 0.001814 0.002213 0.002673 0.003199 0.003791 0.004449 0.005171 0.005952 0.006786 0.007661 0.008566 0.009486 0.010403 0.011298 0.012152 0.012945 0.013655 0.014265 0.014759 0.015122 0.015344 0.015419 0.015344 0.015122 0.014759 0.014265 0.013655 0.012945 0.012152 0.011298 0.010403 0.009486 0.008566 0.007661 0.006786 0.005952 0.005171 0.004449 0.003791 0.003199 0.002673 0.002213 0.001814 0.001473 0.001184 0.000943 0.000744 0.000581 0.000450 0.000345 0.000262 0.000197 0.000147 0.000108 0.000079 0.000057 0.000041 0.000029 0.000020 0.000014 0.000010 0.000007 0.000005 0.000003 0.000002 0.000001 0.000001 0.000001 0.000000 0.000000 0.000000 
0.000000 0.000000 0.000000 0.000001 0.000001 0.000001 0.000002 0.000003 0.000005 0.000007 0.000010 0.000015 0.000022 0.000031 0.000044 0.000062 0.000087 0.000120 0.000164 0.000222 0.000298 0.000397 0.000523 0.000682 0.000881 0.001127 0.001429 0.001793 0.002230 0.002746 0.003349 0.004046 0.004840 0.005735 0.006730 0.007821 0.009002 0.010262 0.011585 0.012952 0.014342 0.015727 0.017080 0.018370 0.019566 0.020640 0.021562 0.022307 0.022855 0.023191 0.023303 0.023191 0.022855 0.022307 0.021562 0.020640 0.019566 0.018370 0.017080 0.015727 0.014342 0.012952 0.011585 0.010262 0.009002 0.007821 0.006730 0.005735 0.004840 0.004046 0.003349 0.002746 0.002230 0.001793 0.001429 0.001127 0.000881 0.000682 0.000523 0.000397 0.000298 0.000222 0.000164 0.000120 0.000087 0.000062 0.000044 0.000031 0.000022 0.000015 0.000010 0.000007 0.000005 0.000003 0.000002 0.000001 0.000001 0.000000 0.000000 0.000000 
0.000000 0.000000 0.000000 0.000001 0.000001 0.000002 0.000003 0.000005 0.000007 0.000010 0.000015 0.000022 0.000033 0.000047 0.000066 0.000093 0.000130 0.000180 0.000246 0.000334 0.000448 0.000595 0.000784 0.001022 0.001320 0.001689 0.002141 0.002687 0.003341 0.004113 0.005016 0.006058 0.007247 0.008585 0.010073 0.011706 0.013472 0.015356 0.017334 0.019379 0.021456 0.023527 0.025548 0.027476 0.029265 0.030869 0.032247 0.033361 0.034180 0.034681 0.034850 0.034681 0.034180 0.033361 0.032247 0.030869 0.029265 0.027476 0.025548 0.023527 0.021456 0.019379 0.017334 0.015356 0.013472 0.011706 0.010073 0.008585 0.007247 0.006058 0.005016 0.004113 0.003341 0.002687 0.002141 0.001689 0.001320 0.001022 0.000784 0.000595 0.000448 0.000334 0.000246 0.000180 0.000130 0.000093 0.000066 0.000047 0.000033 0.000022 0.000015 0.000010 0.000007 0.000005 0.000003 0.000002 0.000001 0.000001 0.000000 0.000000 
0.000000 0.000000 0.000001 0.000001 0.000002 0.000003 0.000005 0.000007 0.000010 0.000016 0.000023 0.000033 0.000048 0.000070 0.000099 0.000139 0.000194 0.000267 0.000366 0.000496 0.000665 0.000884 0.001164 0.001518 0.001960 0.002507 0.003177 0.003987 0.004956 0.006101 0.007439 0.008983 0.010744 0.012727 0.014932 0.017350 0.019965 0.022754 0.025683 0.028711 0.031786 0.034851 0.037844 0.040698 0.043345 0.045719 0.047758 0.049406 0.050619 0.051360 0.051610 0.051360 0.050619 0.049406 0.047758 0.045719 0.043345 0.040698 0.037844 0.034851 0.031786 0.028711 0.025683 0.022754 0.019965 0.017350 0.014932 0.012727 0.010744 0.008983 0.007439 0.006101 0.004956 0.003987 0.003177 0.002507 0.001960 0.001518 0.001164 0.000884 0.000665 0.000496 0.000366 0.000267 0.000194 0.000139 0.000099 0.000070 0.000048 0.000033 0.000023 0.000016 0.000010 0.000007 0.000005 0.000003 0.000002 0.000001 0.000000 0.000000 
0.000000 0.000000 0.000001 0.000002 0.000003 0.000004 0.000007 0.000010 0.000015 0.000023 0.000034 0.000049 0.000071 0.000102 0.000146 0.000205 0.000285 0.000394 0.000539 0.000729 0.000979 0.001301 0.001712 0.002232 0.002882 0.003686 0.004670 0.005860 0.007282 0.008964 0.010928 0.013195 0.015779 0.018689 0.021924 0.025471 0.029308 0.033399 0.037696 0.042135 0.046645 0.051140 0.055528 0.059713 0.063594 0.067074 0.070063 0.072480 0.074257 0.075344 0.075710 0.075344 0.074257 0.072480 0.070063 0.067074 0.063594 0.059713 0.055528 0.051140 0.046645 0.042135 0.037696 0.033399 0.029308 0.025471 0.021924 0.018689 0.015779 0.013195 0.010928 0.008964 0.007282 0.005860 0.004670 0.003686 0.002882 0.002232 0.001712 0.001301 0.000979 0.000729 0.000539 0.000394 0.000285 0.000205 0.000146 0.000102 0.000071 0.000049 0.000034 0.000023 0.000015 0.000010 0.000007 0.000004 0.000003 0.000002 0.000001 0.000000 
0.000000 0.000001 0.000001 0.000003 0.000004 0.000006 0.000010 0.000015 0.000022 0.000033 0.000049 0.000072 0.000104 0.000150 0.000212 0.000299 0.000416 0.000575 0.000785 0.001064 0.001427 0.001895 0.002494 0.003252 0.004198 0.005369 0.006800 0.008531 0.010601 0.013046 0.015903 0.019199 0.022957 0.027188 0.031889 0.037045 0.042622 0.048567 0.054809 0.061260 0.067812 0.074342 0.080716 0.086794 0.092431 0.097486 0.101828 0.105338 0.107919 0.109498 0.110029 0.109498 0.107919 0.105338 0.101828 0.097486 0.092431 0.086794 0.080716 0.074342 0.067812 0.061260 0.054809 0.048567 0.042622 0.037045 0.031889 0.027188 0.022957 0.019199 0.015903 0.013046 0.010601 0.008531 0.006800 0.005369 0.004198 0.003252 0.002494 0.001895 0.001427 0.001064 0.000785 0.000575 0.000416 0.000299 0.000212 0.000150 0.000104 0.000072 0.000049 0.000033 0.000022 0.000015 0.000010 0.000006 0.000004 0.000002 0.000001 0.000000 
0.000000 0.000001 0.000002 0.000004 0.000006 0.000009 0.000014 0.000022 0.000033 0.000048 0.000071 0.000104 0.000151 0.000216 0.000307 0.000432 0.000602 0.000830 0.001135 0.001536 0.002060 0.002737 0.003601 0.004693 0.006058 0.007746 0.009809 0.012304 0.015287 0.018811 0.022927 0.027676 0.033089 0.039182 0.045953 0.053377 0.061407 0.069965 0.078952 0.088237 0.097667 0.107066 0.116240 0.124986 0.133098 0.140372 0.146619 0.151669 0.155383 0.157655 0.158419 0.157655 0.155383 0.151669 0.146619 0.140372 0.133098 0.124986 0.116240 0.107066 0.097667 0.088237 0.078952 0.069965 0.061407 0.053377 0.045953 0.039182 0.033089 0.027676 0.022927 0.018811 0.015287 0.012304 0.009809 0.007746 0.006058 0.004693 0.003601 0.002737 0.002060 0.001536 0.001135 0.000830 0.000602 0.000432 0.000307 0.000216 0.000151 0.000104 0.000071 0.000048 0.000033 0.000022 0.000014 0.000009 0.000006 0.000003 0.000001 0.000000 
0.000000 0.000001 0.000003 0.000005 0.000008 0.000013 0.000020 0.000031 0.000047 0.000070 0.000102 0.000150 0.000216 0.000310 0.000440 0.000619 0.000861 0.001188 0.001624 0.002198 0.002947 0.003914 0.005149 0.006710 0.008660 0.011071 0.014018 0.017582 0.021840 0.026872 0.032746 0.039524 0.047249 0.055943 0.065604 0.076195 0.087648 0.099856 0.112673 0.125914 0.139361 0.152762 0.165843 0.178313 0.189878 0.200248 0.209153 0.216353 0.221646 0.224885 0.225975 0.224885 0.221646 0.216353 0.209153 0.200248 0.189878 0.178313 0.165843 0.152762 0.139361 0.125914 0.112673 0.099856 0.087648 0.076195 0.065604 0.055943 0.047249 0.039524 0.032746 0.026872 0.021840 0.017582 0.014018 0.011071 0.008660 0.006710 0.005149 0.003914 0.002947 0.002198 0.001624 0.001188 0.000861 0.000619 0.000440 0.000310 0.000216 0.000150 0.000102 0.000069 0.000047 0.000031 0.000020 0.000013 0.000008 0.000005 0.000002 0.000000 
0.000000 0.000002 0.000004 0.000007 0.000012 0.000019 0.000029 0.000044 0.000066 0.000099 0.000146 0.000212 0.000307 0.000440 0.000624 0.000877 0.001222 0.001685 0.002302 0.003116 0.004177 0.005546 0.007295 0.009504 0.012264 0.015676 0.019847 0.024887 0.030911 0.038027 0.046335 0.055919 0.066840 0.079131 0.092785 0.107754 0.123940 0.141190 0.159300 0.178009 0.197006 0.215937 0.234415 0.252030 0.268364 0.283011 0.295588 0.305756 0.313233 0.317806 0.319346 0.317806 0.313233 0.305756 0.295588 0.283011 0.268364 0.252030 0.234415 0.215937 0.197006 0.178009 0.159300 0.141190 0.123940 0.107754 0.092785 0.079131 0.066840 0.055919 0.046335 0.038027 0.030911 0.024887 0.019847 0.015676 0.012264 0.009504 0.007295 0.005546 0.004177 0.003116 0.002302 0.001685 0.001222 0.000877 0.000624 0.000440 0.000307 0.000212 0.000145 0.000099 0.000066 0.000044 0.000029 0.000019 0.000012 0.000007 0.000003 0.000000 
0.000000 0.000003 0.000006 0.000011 0.000017 0.000027 0.000041 0.000062 0.000093 0.000139 0.000205 0.000299 0.000432 0.000619 0.000877 0.001233 0.001717 0.002367 0.003233 0.004375 0.005864 0.007785 0.010238 0.013336 0.017206 0.021990 0.027835 0.034900 0.043342 0.053312 0.064951 0.078376 0.093673 0.110886 0.130007 0.150966 0.173627 0.197777 0.223128 0.249315 0.275904 0.302400 0.328259 0.352909 0.375767 0.396262 0.413861 0.428089 0.438550 0.444949 0.447103 0.444949 0.438550 0.428089 0.413861 0.396262 0.375767 0.352909 0.328259 0.302400 0.275904 0.249315 0.223128 0.197777 0.173627 0.150966 0.130007 0.110886 0.093673 0.078376 0.064951 0.053312 0.043342 0.034900 0.027835 0.021990 0.017206 0.013336 0.010238 0.007785 0.005864 0.004375 0.003233 0.002367 0.001717 0.001233 0.000877 0.000619 0.000432 0.000299 0.000205 0.000139 0.000093 0.000062 0.000041 0.000026 0.000016 0.000009 0.000004 0.000000 
0.000000 0.000004 0.000008 0.000015 0.000024 0.000037 0.000057 0.000087 0.000130 0.000194 0.000285 0.000416 0.000602 0.000861 0.001222 0.001717 0.002389 0.003294 0.004498 0.006086 0.008155 0.010825 0.014233 0.018537 0.023914 0.030557 0.038675 0.048484 0.060203 0.074043 0.090197 0.108828 0.130053 0.153935 0.180461 0.209536 0.240968 0.274462 0.309619 0.345934 0.382803 0.419540 0.455394 0.489569 0.521258 0.549671 0.574067 0.593789 0.608291 0.617161 0.620147 0.617161 0.608291 0.593789 0.574067 0.549671 0.521258 0.489569 0.455394 0.419540 0.382803 0.345934 0.309619 0.274462 0.240968 0.209536 0.180461 0.153935 0.130053 0.108828 0.090197 0.074043 0.060203 0.048484 0.038675 0.030557 0.023914 0.018537 0.014233 0.010825 0.008155 0.006086 0.004498 0.003294 0.002389 0.001717 0.001222 0.000861 0.000602 0.000416 0.000285 0.000194 0.000130 0.000087 0.000057 0.000037 0.000023 0.000013 0.000006 0.000000 
0.000000 0.000005 0.000012 0.000020 0.000033 0.000051 0.000079 0.000120 0.000180 0.000267 0.000394 0.000575 0.000830 0.001188 0.001685 0.002367 0.003294 0.004540 0.006200 0.008386 0.011235 0.014911 0.019602 0.025526 0.032924 0.042065 0.053232 0.066725 0.082842 0.101874 0.124085 0.149698 0.178876 0.211702 0.248159 0.288114 0.331306 0.377328 0.425630 0.475520 0.526168 0.576633 0.625880 0.672820 0.716344 0.755366 0.788872 0.815957 0.835872 0.848054 0.852154 0.848054 0.835872 0.815957 0.788872 0.755366 0.716344 0.672820 0.625880 0.576633 0.526168 0.475520 0.425630 0.377328 0.331306 0.288114 0.248159 0.211702 0.178876 0.149698 0.124085 0.101874 0.082842 0.066725 0.053232 0.042065 0.032924 0.025526 0.019602 0.014911 0.011235 0.008386 0.006200 0.004540 0.003294 0.002367 0.001685 0.001188 0.000830 0.000574 0.000394 0.000267 0.000180 0.000120 0.000078 0.000051 0.000032 0.000018 0.000008 0.000000 
0.000000 0.000007 0.000016 0.000028 0.000045 0.000070 0.000108 0.000164 0.000246 0.000366 0.000539 0.000785 0.001135 0.001624 0.002302 0.003233 0.004498 0.006200 0.008464 0.011446 0.015333 0.020346 0.026744 0.034820 0.044905 0.057363 0.072583 0.090968 0.112927 0.138853 0.169107 0.203991 0.243727 0.288425 0.338062 0.392459 0.451256 0.513902 0.579647 0.647547 0.716476 0.785152 0.852167 0.916039 0.975260 1.028355 1.073943 1.110794 1.137889 1.154463 1.160041 1.154463 1.137889 1.110794 1.073943 1.028355 0.975260 0.916039 0.852167 0.785152 0.716476 0.647547 0.579647 0.513902 0.451256 0.392459 0.338062 0.288425 0.243727 0.203991 0.169107 0.138853 0.112927 0.090968 0.072583 0.057363 0.044905 0.034820 0.026744 0.020346 0.015333 0.011446 0.008464 0.006200 0.004498 0.003233 0.002302 0.001624 0.001135 0.000785 0.000538 0.000366 0.000246 0.000164 0.000107 0.000069 0.000043 0.000025 0.000011 0.000000 
0.000000 0.000010 0.000022 0.000038 0.000061 0.000095 0.000147 0.000222 0.000334 0.000496 0.000729 0.001064 0.001536 0.002198 0.003116 0.004375 0.006086 0.008386 0.011446 0.015477 0.020729 0.027502 0.036143 0.047051 0.060671 0.077492 0.098038 0.122856 0.152494 0.187482 0.228306 0.275373 0.328979 0.389275 0.456228 0.529595 0.608888 0.693366 0.782018 0.873569 0.966502 1.059088 1.149431 1.235534 1.315363 1.386932 1.448380 1.498051 1.534571 1.556910 1.564428 1.556910 1.534571 1.498051 1.448380 1.386932 1.315363 1.235534 1.149431 1.059088 0.966502 0.873569 0.782018 0.693366 0.608888 0.529595 0.456228 0.389275 0.328979 0.275373 0.228306 0.187482 0.152494 0.122856 0.098038 0.077492 0.060671 0.047051 0.036143 0.027502 0.020729 0.015477 0.011446 0.008386 0.006086 0.004375 0.003116 0.002198 0.001536 0.001064 0.000729 0.000495 0.000333 0.000222 0.000146 0.000094 0.000059 0.000034 0.000015 0.000000 
0.000000 0.000013 0.000029 0.000051 0.000082 0.000128 0.000197 0.000298 0.000448 0.000665 0.000979 0.001427 0.002060 0.002947 0.004177 0.005864 0.008155 0.011235 0.015333 0.020729 0.027759 0.036824 0.048387 0.062981 0.081200 0.103699 0.131178 0.164364 0.203991 0.250767 0.305338 0.368248 0.439891 0.520467 0.609932 0.707957 0.813894 0.926748 1.045170 1.167458 1.291584 1.415240 1.535895 1.650882 1.757487 1.853059 1.935112 2.001438 2.050203 2.080031 2.090070 2.080031 2.050203 2.001438 1.935112 1.853059 1.757487 1.650882 1.535895 1.415240 1.291584 1.167458 1.045170 0.926748 0.813894 0.707957 0.609932 0.520467 0.439891 0.368248 0.305338 0.250767 0.203991 0.164364 0.131178 0.103699 0.081200 0.062981 0.048387 0.036824 0.027759 0.020729 0.015333 0.011235 0.008155 0.005864 0.004177 0.002947 0.002060 0.001427 0.000979 0.000665 0.000447 0.000298 0.000196 0.000126 0.000079 0.000046 0.000021 0.000000 
0.000000 0.000018 0.000039 0.000068 0.000109 0.000170 0.000262 0.000397 0.000595 0.000884 0.001301 0.001895 0.002737 0.003914 0.005546 0.007785 0.010825 0.014911 0.020346 0.027502 0.036824 0.048841 0.064168 0.083510 0.107654 0.137465 0.173869 0.217830 0.270316 0.332264 0.404528 0.487825 0.582678 0.689346 0.807772 0.937519 1.077728 1.227081 1.383791 1.545608 1.709848 1.873457 2.033089 2.185215 2.326248 2.452679 2.561224 2.648963 2.713470 2.752927 2.766206 2.752927 2.713470 2.648963 2.561224 2.452679 2.326248 2.185215 2.033089 1.873457 1.709848 1.545608 1.383791 1.227081 1.077728 0.937519 0.807772 0.689346 0.582678 0.487825 0.404528 0.332264 0.270316 0.217830 0.173869 0.137465 0.107654 0.083510 0.064168 0.048841 0.036824 0.027502 0.020346 0.014911 0.010825 0.007785 0.005546 0.003914 0.002737 0.001895 0.001300 0.000884 0.000595 0.000396 0.000260 0.000168 0.000105 0.000061 0.000028 0.000000 
0.000000 0.000023 0.000051 0.000089 0.000144 0.000225 0.000345 0.000523 0.000784 0.001164 0.001712 0.002494 0.003601 0.005149 0.007295 0.010238 0.014233 0.019602 0.026744 0.036143 0.048387 0.064168 0.084294 0.109687 0.141381 0.180509 0.228285 0.285971 0.354836 0.436107 0.530903 0.640161 0.764564 0.904452 1.059745 1.229871 1.413700 1.609506 1.814943 2.027062 2.242347 2.456793 2.666018 2.865397 3.050230 3.215922 3.358170 3.473150 3.557684 3.609390 3.626792 3.609390 3.557684 3.473150 3.358170 3.215922 3.050230 2.865397 2.666018 2.456793 2.242347 2.027062 1.814943 1.609506 1.413700 1.229871 1.059745 0.904452 0.764564 0.640161 0.530903 0.436107 0.354836 0.285971 0.228285 0.180509 0.141381 0.109687 0.084294 0.064168 0.048387 0.036143 0.026744 0.019602 0.014233 0.010238 0.007295 0.005149 0.003601 0.002494 0.001712 0.001163 0.000783 0.000521 0.000343 0.000221 0.000138 0.000080 0.000036 0.000000 
0.000000 0.000030 0.000067 0.000116 0.000188 0.000293 0.000450 0.000682 0.001022 0.001518 0.002232 0.003252 0.004693 0.006710 0.009504 0.013336 0.018537 0.025526 0.034820 0.047051 0.062981 0.083510 0.109687 0.142711 0.183924 0.234798 0.296907 0.371892 0.461399 0.567019 0.690203 0.832168 0.993796 1.175527 1.377256 1.598235 1.836997 2.091297 2.358090 2.633545 2.913095 3.191544 3.463200 3.722063 3.962033 4.177146 4.361818 4.511085 4.620827 4.687950 4.710541 4.687950 4.620827 4.511085 4.361818 4.177146 3.962033 3.722063 3.463200 3.191544 2.913095 2.633545 2.358090 2.091297 1.836997 1.598235 1.377256 1.175527 0.993796 0.832168 0.690203 0.567019 0.461399 0.371892 0.296907 0.234798 0.183924 0.142711 0.109687 0.083510 0.062981 0.047051 0.034820 0.025526 0.018537 0.013336 0.009504 0.006710 0.004693 0.003251 0.002231 0.001517 0.001021 0.000680 0.000447 0.000289 0.000180 0.000104 0.000048 0.000000 
0.000000 0.000039 0.000086 0.000150 0.000243 0.000379 0.000581 0.000881 0.001320 0.001960 0.002882 0.004198 0.006058 0.008660 0.012264 0.017206 0.023914 0.032924 0.044905 0.060671 0.081200 0.107654 0.141381 0.183924 0.237009 0.302532 0.382516 0.479069 0.594311 0.730284 0.888854 1.071583 1.279602 1.513476 1.773065 2.057405 2.364605 2.691776 3.035000 3.389347 3.748945 4.107108 4.456521 4.789467 5.098102 5.374760 5.612263 5.804229 5.945360 6.031683 6.060735 6.031683 5.945360 5.804229 5.612263 5.374760 5.098102 4.789467 4.456521 4.107108 3.748945 3.389347 3.035000 2.691776 2.364605 2.057405 1.773065 1.513476 1.279602 1.071583 0.888854 0.730284 0.594311 0.479069 0.382516 0.302532 0.237009 0.183924 0.141381 0.107654 0.081200 0.060671 0.044905 0.032924 0.023914 0.017206 0.012264 0.008660 0.006058 0.004198 0.002882 0.001959 0.001319 0.000879 0.000578 0.000373 0.000233 0.000135 0.000062 0.000000 
0.000000 0.000050 0.000111 0.000193 0.000311 0.000485 0.000744 0.001127 0.001689 0.002507 0.003686 0.005369 0.007746 0.011071 0.015676 0.021990 0.030557 0.042065 0.057363 0.077492 0.103699 0.137465 0.180509 0.234798 0.302532 0.386124 0.488156 0.611312 0.758289 0.931692 1.133891 1.366877 1.632086 1.930235 2.261140 2.623572 3.015115 3.432087 3.869493 4.321049 4.779276 5.235654 5.680865 6.105078 6.498305 6.850781 7.153363 7.397928 7.577726 7.687699 7.724710 7.687699 7.577726 7.397928 7.153363 6.850781 6.498305 6.105078 5.680865 5.235654 4.779276 4.321049 3.869493 3.432087 3.015115 2.623572 2.261140 1.930235 1.632086 1.366877 1.133891 0.931692 0.758289 0.611312 0.488156 0.386124 0.302532 0.234798 0.180509 0.137465 0.103699 0.077492 0.057363 0.042065 0.030557 0.021989 0.015676 0.011071 0.007745 0.005368 0.003686 0.002506 0.001688 0.001124 0.000739 0.000477 0.000298 0.000173 0.000079 0.000000 
0.000000 0.000064 0.000140 0.000244 0.000394 0.000615 0.000943 0.001429 0.002141 0.003177 0.004670 0.006800 0.009809 0.014018 0.019847 0.027835 0.038675 0.053232 0.072583 0.098038 0.131178 0.173869 0.228285 0.296907 0.382516 0.488156 0.617086 0.772692 0.958379 1.177429 1.432835 1.727103 2.062044 2.438555 2.856404 3.314030 3.808383 4.334810 4.887005 5.457035 6.035457 6.611523 7.173469 7.708895 8.205197 8.650054 9.031933 9.340585 9.567495 9.706282 9.752991 9.706282 9.567495 9.340585 9.031933 8.650054 8.205197 7.708895 7.173469 6.611523 6.035457 5.457035 4.887005 4.334810 3.808383 3.314030 2.856404 2.438555 2.062044 1.727103 1.432835 1.177429 0.958379 0.772692 0.617086 0.488156 0.382516 0.296907 0.228285 0.173869 0.131178 0.098038 0.072583 0.053232 0.038675 0.027835 0.019847 0.014018 0.009809 0.006800 0.004669 0.003176 0.002139 0.001425 0.000937 0.000605 0.000378 0.000219 0.000100 0.000000 
0.000000 0.000080 0.000176 0.000307 0.000495 0.000772 0.001184 0.001793 0.002687 0.003987 0.005860 0.008531 0.012304 0.017582 0.024887 0.034900 0.048484 0.066725 0.090968 0.122856 0.164364 0.217830 0.285971 0.371892 0.479069 0.611312 0.772692 0.967443 1.199821 1.473927 1.793499 2.161667 2.580690 3.051684 3.574352 4.146738 4.765025 5.423389 6.113941 6.826763 7.550047 8.270355 8.972983 9.642428 10.262939 10.819117 11.296547 11.682421 11.966099 12.139607 12.198000 12.139607 11.966099 11.682421 11.296547 10.819117 10.262939 9.642428 8.972983 8.270355 7.550047 6.826763 6.113941 5.423389 4.765025 4.146738 3.574352 3.051684 2.580690 2.161667 1.793499 1.473927 1.199821 0.967443 0.772692 0.611312 0.479069 0.371892 0.285971 0.217830 0.164364 0.122856 0.090968 0.066725 0.048484 0.034900 0.024887 0.017581 0.012304 0.008530 0.005859 0.003985 0.002685 0.001789 0.001177 0.000760 0.000475 0.000275 0.000126 0.000000 
0.000000 0.000100 0.000220 0.000382 0.000615 0.000961 0.001473 0.002230 0.003341 0.004956 0.007282 0.010601 0.015287 0.021840 0.030911 0.043342 0.060203 0.082842 0.112927 0.152494 0.203991 0.270316 0.354836 0.461399 0.594311 0.758289 0.958379 1.199821 1.487885 1.827649 2.223735 2.680017 3.199288 3.782922 4.430545 5.139729 5.905738 6.721355 7.576805 8.459801 9.355718 10.247914 11.118181 11.947323 12.715835 13.404653 13.995933 14.473815 14.825131 15.040005 15.112321 15.040005 14.825131 14.473815 13.995933 13.404653 12.715835 11.947323 11.118181 10.247914 9.355718 8.459801 7.576805 6.721355 5.905738 5.139729 4.430545 3.782922 3.199288 2.680017 2.223735 1.827649 1.487885 1.199821 0.958379 0.758289 0.594311 0.461399 0.354836 0.270316 0.203991 0.152494 0.112927 0.082842 0.060203 0.043342 0.030911 0.021840 0.015287 0.010600 0.007281 0.004954 0.003337 0.002224 0.001464 0.000945 0.000591 0.000342 0.000156 0.000000 
0.000000 0.000123 0.000271 0.000470 0.000758 0.001183 0.001814 0.002746 0.004113 0.006101 0.008964 0.013046 0.018811 0.026872 0.038027 0.053312 0.074043 0.101874 0.138853 0.187482 0.250767 0.332264 0.436107 0.567019 0.730284 0.931692 1.177429 1.473927 1.827649 2.244818 2.731105 3.291254 3.928684 4.645075 5.439962 6.310354 7.250437 8.251349 9.301093 10.384589 11.483897 12.578598 13.646355 14.663625 15.606484 16.451550 17.176940 17.763203 18.194190 18.457792 18.546506 18.457792 18.194190 17.763203 17.176940 16.451550 15.606484 14.663625 13.646355 12.578598 11.483897 10.384589 9.301093 8.251349 7.250437 6.310354 5.439962 4.645075 3.928684 3.291254 2.731105 2.244818 1.827649 1.473927 1.177429 0.931692 0.730284 0.567019 0.436107 0.332264 0.250767 0.187482 0.138853 0.101874 0.074043 0.053312 0.038027 0.026871 0.018811 0.013045 0.008962 0.006099 0.004109 0.002739 0.001803 0.001165 0.000728 0.000421 0.000193 0.000000 
0.000000 0.000150 0.000330 0.000574 0.000925 0.001444 0.002213 0.003349 0.005016 0.007439 0.010928 0.015903 0.022927 0.032746 0.046335 0.064951 0.090197 0.124085 0.169107 0.228306 0.305338 0.404528 0.530903 0.690203 0.888854 1.133891 1.432835 1.793499 2.223735 2.731105 3.322493 4.003657 4.778746 5.649794 6.616224 7.674395 8.817229 10.033952 11.309976 12.626973 13.963135 15.293650 16.591378 17.827707 18.973574 20.000571 20.882111 21.594564 22.118314 22.438649 22.546457 22.438649 22.118314 21.594564 20.882111 20.000571 18.973574 17.827707 16.591378 15.293650 13.963135 12.626973 11.309976 10.033952 8.817229 7.674395 6.616224 5.649794 4.778746 4.003657 3.322493 2.731105 2.223735 1.793499 1.432835 1.133891 0.888854 0.690203 0.530903 0.404528 0.305338 0.228306 0.169107 0.124085 0.090197 0.064951 0.046335 0.032746 0.022927 0.015902 0.010926 0.007436 0.005011 0.003341 0.002199 0.001421 0.000888 0.000514 0.000235 0.000000 
0.000000 0.000182 0.000399 0.000694 0.001118 0.001744 0.002673 0.004046 0.006058 0.008983 0.013195 0.019199 0.027676 0.039524 0.055919 0.078376 0.108828 0.149698 0.203991 0.275373 0.368248 0.487825 0.640161 0.832168 1.071583 1.366877 1.727103 2.161667 2.680017 3.291254 4.003657 4.824152 5.757725 6.806813 7.970712 9.245029 10.621233 12.086344 13.622794 15.208515 16.817253 18.419137 19.981497 21.469900 22.849362 24.085697 25.146908 26.004558 26.635041 27.020654 27.150429 27.020654 26.635041 26.004558 25.146908 24.085697 22.849362 21.469900 19.981497 18.419137 16.817253 15.208515 13.622794 12.086344 10.621233 9.245029 7.970712 6.806813 5.757725 4.824152 4.003657 3.291254 2.680017 2.161667 1.727103 1.366877 1.071583 0.832168 0.640161 0.487825 0.368248 0.275373 0.203991 0.149698 0.108828 0.078376 0.055919 0.039524 0.027675 0.019198 0.013193 0.008980 0.006052 0.004036 0.002656 0.001717 0.001073 0.000621 0.000284 0.000000 
0.000000 0.000218 0.000478 0.000830 0.001338 0.002087 0.003199 0.004840 0.007247 0.010744 0.015779 0.022957 0.033089 0.047249 0.066840 0.093673 0.130053 0.178876 0.243727 0.328979 0.439891 0.582678 0.764564 0.993796 1.279602 1.632086 2.062044 2.580690 3.199288 3.928684 4.778746 5.757725 6.871555 8.123132 9.511604 11.031721 12.673299 14.420849 16.253415 18.144673 20.063316 21.973723 23.836940 25.611912 27.256933 28.731243 29.996701 31.019407 31.771218 32.231035 32.385783 32.231035 31.771218 31.019407 29.996701 28.731243 27.256933 25.611912 23.836940 21.973723 20.063316 18.144673 16.253415 14.420849 12.673299 11.031721 9.511604 8.123132 6.871555 5.757725 4.778746 3.928684 3.199288 2.580690 2.062044 1.632086 1.279602 0.993796 0.764564 0.582678 0.439891 0.328979 0.243727 0.178876 0.130053 0.093673 0.066840 0.047249 0.033088 0.022956 0.015777 0.010740 0.007239 0.004828 0.003179 0.002054 0.001284 0.000744 0.000340 0.000000 
0.000000 0.000258 0.000566 0.000984 0.001586 0.002474 0.003791 0.005735 0.008585 0.012727 0.018689 0.027188 0.039182 0.055943 0.079131 0.110886 0.153935 0.211702 0.288425 0.389275 0.520467 0.689346 0.904452 1.175527 1.513476 1.930235 2.438555 3.051684 3.782922 4.645075 5.649794 6.806813 8.123132 9.602160 11.242874 13.039063 14.978683 17.043426 19.208531 21.442899 23.709541 25.966386 28.167424 30.264165 32.207356 33.948863 35.443642 36.651664 37.539697 38.082826 38.265611 38.082826 37.539697 36.651664 35.443642 33.948863 32.207356 30.264165 28.167424 25.966386 23.709541 21.442899 19.208531 17.043426 14.978683 13.039063 11.242874 9.602160 8.123132 6.806813 5.649794 4.645075 3.782922 3.051684 2.438555 1.930235 1.513476 1.175527 0.904452 0.689346 0.520467 0.389275 0.288424 0.211702 0.153935 0.110886 0.079130 0.055943 0.039181 0.027186 0.018686 0.012722 0.008577 0.005720 0.003767 0.002435 0.001522 0.000881 0.000403 0.000000 
0.000000 0.000303 0.000665 0.001155 0.001862 0.002904 0.004449 0.006730 0.010073 0.014932 0.021924 0.031889 0.045953 0.065604 0.092785 0.130007 0.180461 0.248159 0.338062 0.456228 0.609932 0.807772 1.059745 1.377256 1.773065 2.261140 2.856404 3.574352 4.430545 5.439962 6.616224 7.970712 9.511604 11.242874 13.163314 15.265637 17.535740 19.952189 22.486001 25.100779 27.753244 30.394168 32.969721 35.423174 37.696908 39.734616 41.483607 42.897057 43.936094 44.571574 44.785439 44.571574 43.936094 42.897057 41.483607 39.734616 37.696908 35.423174 32.969721 30.394168 27.753244 25.100779 22.486001 19.952189 17.535740 15.265637 13.163314 11.242874 9.511604 7.970712 6.616224 5.439962 4.430545 3.574352 2.856404 2.261140 1.773065 1.377256 1.059745 0.807772 0.609932 0.456228 0.338062 0.248159 0.180461 0.130006 0.092785 0.065603 0.045952 0.031887 0.021920 0.014926 0.010063 0.006713 0.004420 0.002858 0.001787 0.001035 0.000473 0.000000 
0.000000 0.000352 0.000773 0.001343 0.002164 0.003376 0.005171 0.007821 0.011706 0.017350 0.025471 0.037045 0.053377 0.076195 0.107754 0.150966 0.209536 0.288114 0.392459 0.529595 0.707957 0.937519 1.229871 1.598235 2.057405 2.623572 3.314030 4.146738 5.139729 6.310354 7.674395 9.245029 11.031721 13.039063 15.265637 17.702984 20.334742 23.136054 26.073318 29.104344 32.178963 35.240123 38.225436 41.069164 43.704533 46.066299 48.093405 49.731597 50.935834 51.672346 51.920213 51.672346 50.935834 49.731597 48.093405 46.066299 43.704533 41.069164 38.225436 35.240123 32.178963 29.104344 26.073318 23.136054 20.334742 17.702984 15.265637 13.039063 11.031721 9.245029 7.674395 6.310354 5.139729 4.146738 3.314030 2.623572 2.057405 1.598235 1.229871 0.937519 0.707957 0.529595 0.392459 0.288114 0.209536 0.150966 0.107754 0.076194 0.053376 0.037043 0.025467 0.017342 0.011694 0.007801 0.005138 0.003322 0.002077 0.001203 0.000550 0.000000 
0.000000 0.000405 0.000890 0.001547 0.002492 0.003886 0.005952 0.009002 0.013472 0.019965 0.029308 0.042622 0.061407 0.087648 0.123940 0.173627 0.240968 0.331306 0.451256 0.608888 0.813894 1.077728 1.413700 1.836997 2.364605 3.015115 3.808383 4.765025 5.905738 7.250437 8.817229 10.621233 12.673299 14.978683 17.535740 20.334742 23.356887 26.573623 29.946363 33.426659 36.956913 40.471623 43.899172 47.164095 50.189745 52.901232 55.228475 57.109202 58.491716 59.337258 59.621817 59.337258 58.491716 57.109202 55.228475 52.901232 50.189745 47.164095 43.899172 40.471623 36.956913 33.426659 29.946363 26.573623 23.356887 20.334742 17.535740 14.978683 12.673299 10.621233 8.817229 7.250437 5.905738 4.765025 3.808383 3.015115 2.364605 1.836997 1.413700 1.077728 0.813894 0.608888 0.451256 0.331306 0.240968 0.173627 0.123939 0.087647 0.061405 0.042619 0.029303 0.019957 0.013458 0.008979 0.005914 0.003824 0.002391 0.001385 0.000633 0.000000 
0.000000 0.000462 0.001016 0.001764 0.002841 0.004431 0.006786 0.010262 0.015356 0.022754 0.033399 0.048567 0.069965 0.099856 0.141190 0.197777 0.274462 0.377328 0.513902 0.693366 0.926748 1.227081 1.609506 2.091297 2.691776 3.432087 4.334810 5.423389 6.721355 8.251349 10.033952 12.086344 14.420849 17.043426 19.952189 23.136054 26.573623 30.232413 34.068526 38.026862 42.041914 46.039193 49.937262 53.650309 57.091186 60.174743 62.821298 64.960052 66.532229 67.493765 67.817359 67.493765 66.532229 64.960052 62.821298 60.174743 57.091186 53.650309 49.937262 46.039193 42.041914 38.026862 34.068526 30.232413 26.573623 23.136054 19.952189 17.043426 14.420849 12.086344 10.033952 8.251349 6.721355 5.423389 4.334810 3.432087 2.691776 2.091297 1.609506 1.227081 0.926748 0.693366 0.513902 0.377328 0.274462 0.197777 0.141190 0.099855 0.069964 0.048564 0.033394 0.022745 0.015340 0.010236 0.006742 0.004360 0.002727 0.001579 0.000722 0.000000 
0.000000 0.000522 0.001147 0.001992 0.003209 0.005003 0.007661 0.011585 0.017334 0.025683 0.037696 0.054809 0.078952 0.112673 0.159300 0.223128 0.309619 0.425630 0.579647 0.782018 1.045170 1.383791 1.814943 2.358090 3.035000 3.869493 4.887005 6.113941 7.576805 9.301093 11.309976 13.622794 16.253415 19.208531 22.486001 26.073318 29.946363 34.068526 38.390349 42.849753 47.372944 51.876015 56.267236 60.449955 64.326018 67.799522 70.780729 73.189903 74.960852 76.043952 76.408456 76.043952 74.960852 73.189903 70.780729 67.799522 64.326018 60.449955 56.267236 51.876015 47.372944 42.849753 38.390349 34.068526 29.946363 26.073318 22.486001 19.208531 16.253415 13.622794 11.309976 9.301093 7.576805 6.113941 4.887005 3.869493 3.035000 2.358090 1.814943 1.383791 1.045170 0.782018 0.579647 0.425630 0.309619 0.223128 0.159300 0.112671 0.078950 0.054806 0.037689 0.025673 0.017316 0.011555 0.007612 0.004923 0.003079 0.001784 0.000816 0.000000 
0.000000 0.000584 0.001283 0.002228 0.003588 0.005594 0.008566 0.012952 0.019379 0.028711 0.042135 0.061260 0.088237 0.125914 0.178009 0.249315 0.345934 0.475520 0.647547 0.873569 1.167458 1.545608 2.027062 2.633545 3.389347 4.321049 5.457035 6.826763 8.459801 10.384589 12.626973 15.208515 18.144673 21.442899 25.100779 29.104344 33.426659 38.026862 42.849753 47.826056 52.873428 57.898250 62.798172 67.465364 71.790320 75.666050 78.992442 81.680545 83.656520 84.865006 85.271707 84.865006 83.656520 81.680545 78.992442 75.666050 71.790320 67.465364 62.798172 57.898250 52.873428 47.826056 42.849753 38.026862 33.426659 29.104344 25.100779 21.442899 18.144673 15.208515 12.626973 10.384589 8.459801 6.826763 5.457035 4.321049 3.389347 2.633545 2.027062 1.545608 1.167458 0.873569 0.647547 0.475519 0.345933 0.249315 0.178008 0.125913 0.088235 0.061256 0.042128 0.028699 0.019359 0.012919 0.008512 0.005505 0.003443 0.001995 0.000912 0.000000 
0.000000 0.000647 0.001421 0.002467 0.003974 0.006195 0.009486 0.014342 0.021456 0.031786 0.046645 0.067812 0.097667 0.139361 0.197006 0.275904 0.382803 0.526168 0.716476 0.966502 1.291584 1.709848 2.242347 2.913095 3.748945 4.779276 6.035457 7.550047 9.355718 11.483897 13.963135 16.817253 20.063316 23.709541 27.753244 32.178963 36.956913 42.041914 47.372944 52.873428 58.452357 64.006257 69.422018 74.580474 79.360608 83.644190 87.320592 90.291523 92.475386 93.811010 94.260496 93.811010 92.475386 90.291523 87.320592 83.644190 79.360608 74.580474 69.422018 64.006257 58.452357 52.873428 47.372944 42.041914 36.956913 32.178963 27.753244 23.709541 20.063316 16.817253 13.963135 11.483897 9.355718 7.550047 6.035457 4.779276 3.748945 2.913095 2.242347 1.709848 1.291584 0.966502 0.716476 0.526168 0.382803 0.275904 0.197005 0.139360 0.097665 0.067807 0.046637 0.031773 0.021434 0.014305 0.009425 0.006096 0.003813 0.002209 0.001010 0.000000 
0.000000 0.000710 0.001559 0.002706 0.004359 0.006795 0.010403 0.015727 0.023527 0.034851 0.051140 0.074342 0.107066 0.152762 0.215937 0.302400 0.419540 0.576633 0.785152 1.059088 1.415240 1.873457 2.456793 3.191544 4.107108 5.235654 6.611523 8.270355 10.247914 12.578598 15.293650 18.419137 21.973723 25.966386 30.394168 35.240123 40.471623 46.039193 51.876015 57.898250 64.006257 70.086763 76.015942 81.663349 86.896513 91.586019 95.610775 98.863190 101.253954 102.716112 103.208181 102.716112 101.253954 98.863190 95.610775 91.586019 86.896513 81.663349 76.015942 70.086763 64.006257 57.898250 51.876015 46.039193 40.471623 35.240123 30.394168 25.966386 21.973723 18.419137 15.293650 12.578598 10.247914 8.270355 6.611523 5.235654 4.107108 3.191544 2.456793 1.873457 1.415240 1.059088 0.785151 0.576633 0.419540 0.302399 0.215936 0.152761 0.107063 0.074337 0.051131 0.034837 0.023502 0.015687 0.010336 0.006686 0.004183 0.002423 0.001108 0.000000 
0.000000 0.000771 0.001693 0.002940 0.004735 0.007380 0.011298 0.017080 0.025548 0.037844 0.055528 0.080716 0.116240 0.165843 0.234415 0.328259 0.455394 0.625880 0.852167 1.149431 1.535895 2.033089 2.666018 3.463200 4.456521 5.680865 7.173469 8.972983 11.118181 13.646355 16.591378 19.981497 23.836940 28.167424 32.969721 38.225436 43.899172 49.937262 56.267236 62.798172 69.422018 76.015942 82.445678 88.569779 94.244613 99.329860 103.694227 107.221062 109.813533 111.399047 111.932630 111.399047 109.813533 107.221062 103.694227 99.329860 94.244613 88.569779 82.445678 76.015942 69.422018 62.798172 56.267236 49.937262 43.899172 38.225436 32.969721 28.167424 23.836940 19.981497 16.591378 13.646355 11.118181 8.972983 7.173469 5.680865 4.456521 3.463200 2.666018 2.033089 1.535895 1.149431 0.852167 0.625880 0.455394 0.328259 0.234414 0.165841 0.116237 0.080711 0.055519 0.037829 0.025522 0.017036 0.011226 0.007262 0.004543 0.002632 0.001204 0.000000 
