0.000000 0.000000 0.000000 0.000000 0.000000 0.000000 0.000000 0.000000 0.000000 0.000000 0.000000 0.000000 0.000000 0.000000 0.000000 0.000000 0.000000 0.000000 0.000000 0.000000 0.000000 0.000000 0.000000 0.000000 0.000000 0.000000 0.000000 0.000000 0.000000 0.000000 0.000000 0.000000 0.000000 0.000000 0.000000 0.000000 0.000000 0.000000 0.000000 0.000000 0.000000 0.000000 0.000000 0.000000 0.000000 0.000000 0.000000 0.000000 0.000000 0.000000 0.000000 0.000000 0.000000 0.000000 0.000000 0.000000 0.000000 0.000000 0.000000 0.000000 0.000000 0.000000 0.000000 0.000000 0.000000 0.000000 0.000000 0.000000 0.000000 0.000000 0.000000 0.000000 0.000000 0.000000 0.000000 0.000000 0.000000 0.000000 0.000000 0.000000 0.000000 0.000000 0.000000 0.000000 0.000000 0.000000 0.000000 0.000000 0.000000 0.000000 0.000000 0.000000 0.000000 0.000000 0.000000 0.000000 0.000000 0.000000 0.000000 0.000000 
0.000000 0.000000 0.000000 0.000000 0.000000 0.000000 0.000000 0.000000 0.000000 0.000000 0.000000 0.000000 0.000000 0.000001 0.000001 0.000001 0.000002 0.000003 0.000004 0.000005 0.000007 0.000009 0.000012 0.000016 0.000022 0.000028 0.000036 0.000046 0.000057 0.000071 0.000088 0.000107 0.000129 0.000155 0.000183 0.000214 0.000248 0.000285 0.000324 0.000364 0.000405 0.000447 0.000487 0.000526 0.000562 0.000594 0.000622 0.000645 0.000662 0.000672 0.000675 0.000672 0.000662 0.000645 0.000622 0.000594 0.000562 0.000526 0.000487 0.000447 0.000405 0.000364 0.000324 0.000285 0.000248 0.000214 0.000183 0.000155 0.000129 0.000107 0.000088 0.000071 0.000057 0.000046 0.000036 0.000028 0.000022 0.000016 0.000012 0.000009 0.000007 0.000005 0.000004 0.000003 0.000002 0.000001 0.000001 0.000001 0.000000 0.000000 0.000000 0.000000 0.000000 0.000000 0.000000 0.000000 0.000000 0.000000 0.000000 0.000000 
0.000000 0.000000 0.000000 0.000000 0.000000 0.000000 0.000000 0.000000 0.000000 0.000000 0.000000 0.000001 0.000001 0.000001 0.000002 0.000003 0.000004 0.000006 0.000008 0.000011 0.000015 0.000021 0.000028 0.000036 0.000048 0.000062 0.000079 0.000101 0.000127 0.000158 0.000195 0.000237 0.000287 0.000342 0.000405 0.000475 0.000550 0.000631 0.000717 0.000807 0.000898 0.000989 0.001079 0.001165 0.001245 0.001316 0.001378 0.001429 0.001465 0.001488 0.001496 0.001488 0.001465 0.001429 0.001378 0.001316 0.001245 0.001165 0.001079 0.000989 0.000898 0.000807 0.000717 0.000631 0.000550 0.000475 0.000405 0.000342 0.000287 0.000237 0.000195 0.000158 0.000127 0.000101 0.000079 0.000062 0.000048 0.000036 0.000028 0.000021 0.000015 0.000011 0.000008 0.000006 0.000004 0.000003 0.000002 0.000001 0.000001 0.000001 0.000000 0.000000 0.000000 0.000000 0.000000 0.000000 0.000000 0.000000 0.000000 0.000000 
0.000000 0.000000 0.000000 0.000000 0.000000 0.000000 0.000000 0.000000 0.000000 0.000001 0.000001 0.000001 0.000002 0.000003 0.000004 0.000005 0.000007 0.000010 0.000014 0.000020 0.000027 0.000036 0.000049 0.000064 0.000084 0.000109 0.000140 0.000178 0.000223 0.000278 0.000343 0.000418 0.000505 0.000603 0.000713 0.000835 0.000968 0.001111 0.001262 0.001419 0.001580 0.001740 0.001898 0.002049 0.002189 0.002316 0.002425 0.002513 0.002578 0.002617 0.002631 0.002617 0.002578 0.002513 0.002425 0.002316 0.002189 0.002049 0.001898 0.001740 0.001580 0.001419 0.001262 0.001111 0.000968 0.000835 0.000713 0.000603 0.000505 0.000418 0.000343 0.000278 0.000223 0.000178 0.000140 0.000109 0.000084 0.000064 0.000049 0.000036 0.000027 0.000020 0.000014 0.000010 0.000007 0.000005 0.000004 0.000003 0.000002 0.000001 0.000001 0.000001 0.000000 0.000000 0.000000 0.000000 0.000000 0.000000 0.000000 0.000000 
0.000000 0.000000 0.000000 0.000000 0.000000 0.000000 0.000000 0.000000 0.000001 0.000001 0.000001 0.000002 0.000003 0.000004 0.000006 0.000009 0.000012 0.000017 0.000024 0.000033 0.000044 0.000060 0.000080 0.000106 0.000138 0.000179 0.000229 0.000291 0.000366 0.000456 0.000561 0.000685 0.000826 0.000987 0.001168 0.001368 0.001585 0.001819 0.002066 0.002323 0.002585 0.002848 0.003106 0.003352 0.003582 0.003789 0.003966 0.004111 0.004217 0.004282 0.004304 0.004282 0.004217 0.004111 0.003966 0.003789 0.003582 0.003352 0.003106 0.002848 0.002585 0.002323 0.002066 0.001819 0.001585 0.001368 0.001168 0.000987 0.000826 0.000685 0.000561 0.000456 0.000366 0.000291 0.000229 0.000179 0.000138 0.000106 0.000080 0.000060 0.000044 0.000033 0.000024 0.000017 0.000012 0.000009 0.000006 0.000004 0.000003 0.000002 0.000001 0.000001 0.000001 0.000000 0.000000 0.000000 0.000000 0.000000 0.000000 0.000000 
0.000000 0.000000 0.000000 0.000000 0.000000 0.000000 0.000000 0.000001 0.000001 0.000001 0.000002 0.000003 0.000005 0.000007 0.000010 0.000014 0.000019 0.000027 0.000038 0.000052 0.000071 0.000095 0.000127 0.000168 0.000220 0.000284 0.000365 0.000463 0.000582 0.000724 0.000892 0.001087 0.001312 0.001567 0.001854 0.002170 0.002515 0.002886 0.003278 0.003685 0.004100 0.004517 0.004925 0.005316 0.005680 0.006008 0.006290 0.006518 0.006686 0.006789 0.006824 0.006789 0.006686 0.006518 0.006290 0.006008 0.005680 0.005316 0.004925 0.004517 0.004100 0.003685 0.003278 0.002886 0.002515 0.002170 0.001854 0.001567 0.001312 0.001087 0.000892 0.000724 0.000582 0.000463 0.000365 0.000284 0.000220 0.000168 0.000127 0.000095 0.000071 0.000052 0.000038 0.000027 0.000019 0.000014 0.000010 0.000007 0.000005 0.000003 0.000002 0.000001 0.000001 0.000001 0.000000 0.000000 0.000000 0.000000 0.000000 0.000000 
0.000000 0.000000 0.000000 0.000000 0.000000 0.000000 0.000001 0.000001 0.000001 0.000002 0.000003 0.000005 0.000007 0.000010 0.000015 0.000021 0.000030 0.000042 0.000059 0.000081 0.000110 0.000149 0.000199 0.000262 0.000343 0.000444 0.000570 0.000723 0.000909 0.001130 0.001392 0.001696 0.002047 0.002445 0.002892 0.003385 0.003923 0.004500 0.005110 0.005744 0.006392 0.007041 0.007677 0.008286 0.008853 0.009362 0.009801 0.010157 0.010419 0.010579 0.010633 0.010579 0.010419 0.010157 0.009801 0.009362 0.008853 0.008286 0.007677 0.007041 0.006392 0.005744 0.005110 0.004500 0.003923 0.003385 0.002892 0.002445 0.002047 0.001696 0.001392 0.001130 0.000909 0.000723 0.000570 0.000444 0.000343 0.000262 0.000199 0.000149 0.000110 0.000081 0.000059 0.000042 0.000030 0.000021 0.000015 0.000010 0.000007 0.000005 0.000003 0.000002 0.000001 0.000001 0.000001 0.000000 0.000000 0.000000 0.000000 0.000000 
0.000000 0.000000 0.000000 0.000000 0.000000 0.000001 0.000001 0.000001 0.000002 0.000003 0.000005 0.000007 0.000011 0.000016 0.000023 0.000033 0.000047 0.000066 0.000091 0.000125 0.000170 0.000230 0.000307 0.000405 0.000530 0.000686 0.000879 0.001115 0.001401 0.001742 0.002145 0.002614 0.003154 0.003767 0.004455 0.005214 0.006042 0.006930 0.007869 0.008844 0.009840 0.010838 0.011817 0.012753 0.013625 0.014409 0.015084 0.015630 0.016033 0.016279 0.016362 0.016279 0.016033 0.015630 0.015084 0.014409 0.013625 0.012753 0.011817 0.010838 0.009840 0.008844 0.007869 0.006930 0.006042 0.005214 0.004455 0.003767 0.003154 0.002614 0.002145 0.001742 0.001401 0.001115 0.000879 0.000686 0.000530 0.000405 0.000307 0.000230 0.000170 0.000125 0.000091 0.000066 0.000047 0.000033 0.000023 0.000016 0.000011 0.000007 0.000005 0.000003 0.000002 0.000001 0.000001 0.000001 0.000000 0.000000 0.000000 0.000000 
0.000000 0.000000 0.000000 0.000000 0.000001 0.000001 0.000001 0.000002 0.000003 0.000005 0.000008 0.000011 0.000017 0.000024 0.000035 0.000051 0.000072 0.000100 0.000139 0.000191 0.000261 0.000351 0.000468 0.000618 0.000808 0.001046 0.001341 0.001701 0.002137 0.002657 0.003271 0.003986 0.004808 0.005742 0.006789 0.007945 0.009205 0.010558 0.011986 0.013471 0.014987 0.016506 0.017995 0.019420 0.020746 0.021938 0.022965 0.023797 0.024409 0.024784 0.024910 0.024784 0.024409 0.023797 0.022965 0.021938 0.020746 0.019420 0.017995 0.016506 0.014987 0.013471 0.011986 0.010558 0.009205 0.007945 0.006789 0.005742 0.004808 0.003986 0.003271 0.002657 0.002137 0.001701 0.001341 0.001046 0.000808 0.000618 0.000468 0.000351 0.000261 0.000191 0.000139 0.000100 0.000072 0.000051 0.000035 0.000024 0.000017 0.000011 0.000008 0.000005 0.000003 0.000002 0.000001 0.000001 0.000001 0.000000 0.000000 0.000000 
0.000000 0.000000 0.000000 0.000001 0.000001 0.000001 0.000002 0.000003 0.000005 0.000008 0.000012 0.000017 0.000025 0.000037 0.000054 0.000077 0.000108 0.000152 0.000211 0.000290 0.000394 0.000531 0.000708 0.000935 0.001222 0.001581 0.002026 0.002570 0.003227 0.004012 0.004938 0.006016 0.007257 0.008665 0.010243 0.011986 0.013885 0.015923 0.018076 0.020313 0.022598 0.024885 0.027128 0.029275 0.031272 0.033068 0.034614 0.035867 0.036789 0.037354 0.037544 0.037354 0.036789 0.035867 0.034614 0.033068 0.031272 0.029275 0.027128 0.024885 0.022598 0.020313 0.018076 0.015923 0.013885 0.011986 0.010243 0.008665 0.007257 0.006016 0.004938 0.004012 0.003227 0.002570 0.002026 0.001581 0.001222 0.000935 0.000708 0.000531 0.000394 0.000290 0.000211 0.000152 0.000108 0.000077 0.000054 0.000037 0.000025 0.000017 0.000012 0.000008 0.000005 0.000003 0.000002 0.000001 0.000001 0.000000 0.000000 0.000000 
0.000000 0.000000 0.000000 0.000001 0.000001 0.000002 0.000003 0.000005 0.000008 0.000012 0.000017 0.000026 0.000038 0.000056 0.000080 0.000115 0.000162 0.000228 0.000316 0.000434 0.000590 0.000795 0.001060 0.001399 0.001828 0.002366 0.003030 0.003843 0.004825 0.005998 0.007381 0.008992 0.010844 0.012947 0.015302 0.017904 0.020739 0.023780 0.026993 0.030331 0.033739 0.037152 0.040497 0.043699 0.046678 0.049357 0.051663 0.053531 0.054906 0.055749 0.056032 0.055749 0.054906 0.053531 0.051663 0.049357 0.046678 0.043699 0.040497 0.037152 0.033739 0.030331 0.026993 0.023780 0.020739 0.017904 0.015302 0.012947 0.010844 0.008992 0.007381 0.005998 0.004825 0.003843 0.003030 0.002366 0.001828 0.001399 0.001060 0.000795 0.000590 0.000434 0.000316 0.000228 0.000162 0.000115 0.000080 0.000056 0.000038 0.000026 0.000017 0.000012 0.000008 0.000005 0.000003 0.000002 0.000001 0.000001 0.000000 0.000000 
0.000000 0.000000 0.000001 0.000001 0.000002 0.000003 0.000005 0.000007 0.000011 0.000017 0.000026 0.000039 0.000057 0.000083 0.000119 0.000170 0.000241 0.000338 0.000469 0.000644 0.000875 0.001179 0.001571 0.002073 0.002709 0.003505 0.004489 0.005692 0.007145 0.008880 0.010926 0.013308 0.016047 0.019156 0.022638 0.026485 0.030674 0.035169 0.039916 0.044849 0.049884 0.054926 0.059868 0.064597 0.068998 0.072954 0.076360 0.079119 0.081151 0.082394 0.082813 0.082394 0.081151 0.079119 0.076360 0.072954 0.068998 0.064597 0.059868 0.054926 0.049884 0.044849 0.039916 0.035169 0.030674 0.026485 0.022638 0.019156 0.016047 0.013308 0.010926 0.008880 0.007145 0.005692 0.004489 0.003505 0.002709 0.002073 0.001571 0.001179 0.000875 0.000644 0.000469 0.000338 0.000241 0.000170 0.000119 0.000083 0.000057 0.000039 0.000026 0.000017 0.000011 0.000007 0.000005 0.000003 0.000002 0.000001 0.000000 0.000000 
0.000000 0.000000 0.000001 0.000002 0.000003 0.000005 0.000007 0.000011 0.000017 0.000025 0.000038 0.000057 0.000083 0.000122 0.000175 0.000251 0.000354 0.000497 0.000689 0.000946 0.001286 0.001730 0.002306 0.003043 0.003976 0.005142 0.006585 0.008348 0.010477 0.013019 0.016016 0.019505 0.023516 0.028069 0.033167 0.038798 0.044930 0.051508 0.058456 0.065674 0.073041 0.080417 0.087647 0.094566 0.101002 0.106790 0.111772 0.115807 0.118778 0.120597 0.121210 0.120597 0.118778 0.115807 0.111772 0.106790 0.101002 0.094566 0.087647 0.080417 0.073041 0.065674 0.058456 0.051508 0.044930 0.038798 0.033167 0.028069 0.023516 0.019505 0.016016 0.013019 0.010477 0.008348 0.006585 0.005142 0.003976 0.003043 0.002306 0.001730 0.001286 0.000946 0.000689 0.000497 0.000354 0.000251 0.000175 0.000122 0.000083 0.000057 0.000038 0.000025 0.000017 0.000011 0.000007 0.000004 0.000003 0.000002 0.000001 0.000000 
0.000000 0.000001 0.000001 0.000003 0.000004 0.000007 0.000010 0.000016 0.000024 0.000037 0.000056 0.000083 0.000122 0.000177 0.000255 0.000365 0.000516 0.000723 0.001002 0.001375 0.001870 0.002516 0.003353 0.004423 0.005777 0.007471 0.009565 0.012124 0.015214 0.018902 0.023249 0.028310 0.034127 0.040729 0.048121 0.056284 0.065172 0.074707 0.084776 0.095236 0.105911 0.116599 0.127074 0.137097 0.146421 0.154806 0.162022 0.167867 0.172170 0.174805 0.175693 0.174805 0.172170 0.167867 0.162022 0.154806 0.146421 0.137097 0.127074 0.116599 0.105911 0.095236 0.084776 0.074707 0.065172 0.056284 0.048121 0.040729 0.034127 0.028310 0.023249 0.018902 0.015214 0.012124 0.009565 0.007471 0.005777 0.004423 0.003353 0.002516 0.001870 0.001375 0.001002 0.000723 0.000516 0.000365 0.000255 0.000177 0.000122 0.000083 0.000056 0.000037 0.000024 0.000016 0.000010 0.000006 0.000004 0.000002 0.000001 0.000000 
0.000000 0.000001 0.000002 0.000004 0.000006 0.000010 0.000015 0.000023 0.000035 0.000054 0.000080 0.000119 0.000175 0.000255 0.000368 0.000526 0.000744 0.001041 0.001443 0.001981 0.002692 0.003623 0.004826 0.006366 0.008313 0.010748 0.013758 0.017436 0.021877 0.027175 0.033420 0.040690 0.049045 0.058525 0.069139 0.080859 0.093618 0.107303 0.121755 0.136766 0.152085 0.167421 0.182451 0.196830 0.210208 0.222236 0.232588 0.240972 0.247146 0.250925 0.252198 0.250925 0.247146 0.240972 0.232588 0.222236 0.210208 0.196830 0.182451 0.167421 0.152085 0.136766 0.121755 0.107303 0.093618 0.080859 0.069139 0.058525 0.049045 0.040690 0.033420 0.027175 0.021877 0.017436 0.013758 0.010748 0.008313 0.006366 0.004826 0.003623 0.002692 0.001981 0.001443 0.001041 0.000744 0.000526 0.000368 0.000255 0.000175 0.000119 0.000080 0.000054 0.000035 0.000023 0.000015 0.000009 0.000006 0.000003 0.000001 0.000000 
0.000000 0.000001 0.000003 0.000005 0.000009 0.000014 0.000021 0.000033 0.000051 0.000077 0.000115 0.000170 0.000251 0.000365 0.000526 0.000751 0.001062 0.001486 0.002059 0.002826 0.003839 0.005165 0.006879 0.009072 0.011845 0.015312 0.019597 0.024832 0.031151 0.038690 0.047575 0.057915 0.069799 0.083280 0.098371 0.115034 0.133172 0.152625 0.173165 0.194499 0.216269 0.238061 0.259417 0.279848 0.298854 0.315943 0.330649 0.342560 0.351330 0.356699 0.358507 0.356699 0.351330 0.342560 0.330649 0.315943 0.298854 0.279848 0.259417 0.238061 0.216269 0.194499 0.173165 0.152625 0.133172 0.115034 0.098371 0.083280 0.069799 0.057915 0.047575 0.038690 0.031151 0.024832 0.019597 0.015312 0.011845 0.009072 0.006879 0.005165 0.003839 0.002826 0.002059 0.001486 0.001062 0.000751 0.000526 0.000365 0.000251 0.000170 0.000115 0.000077 0.000050 0.000033 0.000021 0.000013 0.000008 0.000005 0.000002 0.000000 
0.000000 0.000002 0.000004 0.000007 0.000012 0.000019 0.000030 0.000047 0.000072 0.000108 0.000162 0.000241 0.000354 0.000516 0.000744 0.001062 0.001500 0.002099 0.002909 0.003991 0.005421 0.007291 0.009710 0.012802 0.016713 0.021601 0.027641 0.035019 0.043925 0.054547 0.067063 0.081629 0.098366 0.117351 0.138601 0.162061 0.187595 0.214978 0.243889 0.273915 0.304552 0.335219 0.365269 0.394017 0.420758 0.444799 0.465490 0.482246 0.494584 0.502138 0.504681 0.502138 0.494584 0.482246 0.465490 0.444799 0.420758 0.394017 0.365269 0.335219 0.304552 0.273915 0.243889 0.214978 0.187595 0.162061 0.138601 0.117351 0.098366 0.081629 0.067063 0.054547 0.043925 0.035019 0.027641 0.021601 0.016713 0.012802 0.009710 0.007291 0.005421 0.003991 0.002909 0.002099 0.001500 0.001062 0.000744 0.000516 0.000354 0.000241 0.000162 0.000108 0.000071 0.000047 0.000030 0.000019 0.000012 0.000007 0.000003 0.000000 
0.000000 0.000003 0.000006 0.000010 0.000017 0.000027 0.000042 0.000066 0.000100 0.000152 0.000228 0.000338 0.000497 0.000723 0.001041 0.001486 0.002099 0.002937 0.004069 0.005581 0.007580 0.010193 0.013571 0.017890 0.023350 0.030175 0.038606 0.048904 0.061332 0.076152 0.093613 0.113930 0.137274 0.163749 0.193379 0.226088 0.261685 0.299856 0.340155 0.382003 0.424700 0.467435 0.509309 0.549366 0.586625 0.620121 0.648948 0.672293 0.689481 0.700004 0.703548 0.700004 0.689481 0.672293 0.648948 0.620121 0.586625 0.549366 0.509309 0.467435 0.424700 0.382003 0.340155 0.299856 0.261685 0.226088 0.193379 0.163749 0.137274 0.113930 0.093613 0.076152 0.061332 0.048904 0.038606 0.030175 0.023350 0.017890 0.013571 0.010193 0.007580 0.005581 0.004069 0.002937 0.002099 0.001486 0.001041 0.000723 0.000497 0.000338 0.000228 0.000152 0.000100 0.000065 0.000042 0.000027 0.000016 0.000009 0.000004 0.000000 
0.000000 0.000004 0.000008 0.000014 0.000024 0.000038 0.000059 0.000091 0.000139 0.000211 0.000316 0.000469 0.000689 0.001002 0.001443 0.002059 0.002909 0.004069 0.005636 0.007728 0.010494 0.014109 0.018782 0.024755 0.032304 0.041739 0.053394 0.067625 0.084798 0.105276 0.129397 0.157460 0.189700 0.226261 0.267175 0.312335 0.361478 0.414170 0.469793 0.527551 0.586477 0.645451 0.703233 0.758505 0.809915 0.856132 0.895903 0.928111 0.951824 0.966342 0.971231 0.966342 0.951824 0.928111 0.895903 0.856132 0.809915 0.758505 0.703233 0.645451 0.586477 0.527551 0.469793 0.414170 0.361478 0.312335 0.267175 0.226261 0.189700 0.157460 0.129397 0.105276 0.084798 0.067625 0.053394 0.041739 0.032304 0.024755 0.018782 0.014109 0.010494 0.007728 0.005636 0.004069 0.002909 0.002059 0.001443 0.001002 0.000689 0.000469 0.000316 0.000211 0.000139 0.000091 0.000059 0.000037 0.000023 0.000013 0.000006 0.000000 
0.000000 0.000005 0.000011 0.000020 0.000033 0.000052 0.000081 0.000125 0.000191 0.000290 0.000434 0.000644 0.000946 0.001375 0.001981 0.002826 0.003991 0.005581 0.007728 0.010596 0.014386 0.019338 0.025738 0.033917 0.044254 0.057169 0.073121 0.092597 0.116096 0.144112 0.177109 0.215494 0.259587 0.309583 0.365526 0.427268 0.494451 0.566478 0.642506 0.721447 0.801978 0.882569 0.961528 1.037053 1.107297 1.170443 1.224781 1.268785 1.301182 1.321016 1.327695 1.321016 1.301182 1.268785 1.224781 1.170443 1.107297 1.037053 0.961528 0.882569 0.801978 0.721447 0.642506 0.566478 0.494451 0.427268 0.365526 0.309583 0.259587 0.215494 0.177109 0.144112 0.116096 0.092597 0.073121 0.057169 0.044254 0.033917 0.025738 0.019338 0.014386 0.010596 0.007728 0.005581 0.003991 0.002826 0.001981 0.001375 0.000946 0.000644 0.000434 0.000290 0.000191 0.000125 0.000081 0.000051 0.000031 0.000018 0.000008 0.000000 
0.000000 0.000007 0.000015 0.000027 0.000044 0.000071 0.000110 0.000170 0.000261 0.000394 0.000590 0.000875 0.001286 0.001870 0.002692 0.003839 0.005421 0.007580 0.010494 0.014386 0.019527 0.026244 0.034923 0.046014 0.060028 0.077535 0.099155 0.125548 0.157387 0.195342 0.240039 0.292029 0.351743 0.419444 0.495190 0.578780 0.669728 0.767225 0.870131 0.976970 1.085954 1.195014 1.301860 1.404053 1.499096 1.584533 1.658050 1.717584 1.761414 1.788247 1.797283 1.788247 1.761414 1.717584 1.658050 1.584533 1.499096 1.404053 1.301860 1.195014 1.085954 0.976970 0.870131 0.767225 0.669728 0.578780 0.495190 0.419444 0.351743 0.292029 0.240039 0.195342 0.157387 0.125548 0.099155 0.077535 0.060028 0.046014 0.034923 0.026244 0.019527 0.014386 0.010494 0.007580 0.005421 0.003839 0.002692 0.001870 0.001286 0.000875 0.000590 0.000394 0.000260 0.000170 0.000110 0.000070 0.000043 0.000024 0.000011 0.000000 
0.000000 0.000009 0.000021 0.000036 0.000060 0.000095 0.000149 0.000230 0.000351 0.000531 0.000795 0.001179 0.001730 0.002516 0.003623 0.005165 0.007291 0.010193 0.014109 0.019338 0.026244 0.035265 0.046920 0.061811 0.080624 0.104122 0.133138 0.168552 0.211270 0.262186 0.322140 0.391868 0.471945 0.562725 0.664281 0.776345 0.898261 1.028946 1.166870 1.310058 1.456109 1.602254 1.745423 1.882353 2.009697 2.124165 2.222661 2.302420 2.361140 2.397089 2.409194 2.397089 2.361140 2.302420 2.222661 2.124165 2.009697 1.882353 1.745423 1.602254 1.456109 1.310058 1.166870 1.028946 0.898261 0.776345 0.664281 0.562725 0.471945 0.391868 0.322140 0.262186 0.211270 0.168552 0.133138 0.104122 0.080624 0.061811 0.046920 0.035265 0.026244 0.019338 0.014109 0.010193 0.007291 0.005165 0.003623 0.002516 0.001730 0.001178 0.000795 0.000531 0.000351 0.000229 0.000148 0.000094 0.000058 0.000033 0.000015 0.000000 
0.000000 0.000012 0.000028 0.000049 0.000080 0.000127 0.000199 0.000307 0.000468 0.000708 0.001060 0.001571 0.002306 0.003353 0.004826 0.006879 0.009710 0.013571 0.018782 0.025738 0.034923 0.046920 0.062417 0.082214 0.107220 0.138451 0.177008 0.224063 0.280814 0.348448 0.428078 0.520679 0.627012 0.747547 0.882375 1.031142 1.192973 1.366431 1.549484 1.739509 1.933323 2.127250 2.317219 2.498901 2.667857 2.819725 2.950399 3.056212 3.134112 3.181802 3.197860 3.181802 3.134112 3.056212 2.950399 2.819725 2.667857 2.498901 2.317219 2.127250 1.933323 1.739509 1.549484 1.366431 1.192973 1.031142 0.882375 0.747547 0.627012 0.520679 0.428078 0.348448 0.280814 0.224063 0.177008 0.138451 0.107220 0.082214 0.062417 0.046920 0.034923 0.025738 0.018782 0.013571 0.009710 0.006879 0.004826 0.003353 0.002306 0.001571 0.001060 0.000708 0.000468 0.000306 0.000198 0.000125 0.000077 0.000044 0.000020 0.000000 
0.000000 0.000016 0.000036 0.000064 0.000106 0.000168 0.000262 0.000405 0.000618 0.000935 0.001399 0.002073 0.003043 0.004423 0.006366 0.009072 0.012802 0.017890 0.024755 0.033917 0.046014 0.061811 0.082214 0.108274 0.141186 0.182284 0.233018 0.294924 0.369579 0.458538 0.563263 0.685035 0.824850 0.983323 1.160572 1.356127 1.568839 1.796815 2.037386 2.287102 2.541783 2.796598 3.046201 3.284904 3.506880 3.706398 3.878067 4.017073 4.119408 4.182058 4.203152 4.182058 4.119408 4.017073 3.878067 3.706398 3.506880 3.284904 3.046201 2.796598 2.541783 2.287102 2.037386 1.796815 1.568839 1.356127 1.160572 0.983323 0.824850 0.685035 0.563263 0.458538 0.369579 0.294924 0.233018 0.182284 0.141186 0.108274 0.082214 0.061811 0.046014 0.033917 0.024755 0.017890 0.012802 0.009072 0.006366 0.004423 0.003043 0.002073 0.001399 0.000934 0.000618 0.000404 0.000261 0.000166 0.000102 0.000058 0.000026 0.000000 
0.000000 0.000022 0.000048 0.000084 0.000138 0.000220 0.000343 0.000530 0.000808 0.001222 0.001828 0.002709 0.003976 0.005777 0.008313 0.011845 0.016713 0.023350 0.032304 0.044254 0.060028 0.080624 0.107220 0.141186 0.184078 0.237629 0.303728 0.384373 0.481612 0.597471 0.733849 0.892408 1.074444 1.280751 1.511483 1.766022 2.042872 2.339566 2.652630 2.977575 3.308961 3.640504 3.965251 4.275802 4.564581 4.824136 5.047456 5.228282 5.361401 5.442897 5.470337 5.442897 5.361401 5.228282 5.047456 4.824136 4.564581 4.275802 3.965251 3.640504 3.308961 2.977575 2.652630 2.339566 2.042872 1.766022 1.511483 1.280751 1.074444 0.892408 0.733849 0.597471 0.481612 0.384373 0.303728 0.237629 0.184078 0.141186 0.107220 0.080624 0.060028 0.044254 0.032304 0.023350 0.016713 0.011845 0.008313 0.005777 0.003976 0.002709 0.001828 0.001221 0.000808 0.000528 0.000341 0.000217 0.000133 0.000076 0.000034 0.000000 
0.000000 0.000028 0.000062 0.000109 0.000179 0.000284 0.000444 0.000686 0.001046 0.001581 0.002366 0.003505 0.005142 0.007471 0.010748 0.015312 0.021601 0.030175 0.041739 0.057169 0.077535 0.104122 0.138451 0.182284 0.237629 0.306721 0.391990 0.496010 0.621422 0.770831 0.946681 1.151113 1.385791 1.651735 1.949137 2.277201 2.633992 3.016332 3.419739 3.838431 4.265398 4.692546 5.110919 5.510987 5.882995 6.217345 6.505011 6.737935 6.909405 7.014377 7.049722 7.014377 6.909405 6.737935 6.505011 6.217345 5.882995 5.510987 5.110919 4.692546 4.265398 3.838431 3.419739 3.016332 2.633992 2.277201 1.949137 1.651735 1.385791 1.151113 0.946681 0.770831 0.621422 0.496010 0.391990 0.306721 0.237629 0.182284 0.138451 0.104122 0.077535 0.057169 0.041739 0.030174 0.021601 0.015312 0.010748 0.007471 0.005142 0.003505 0.002365 0.001581 0.001046 0.000684 0.000442 0.000281 0.000172 0.000099 0.000045 0.000000 
0.000000 0.000036 0.000079 0.000140 0.000229 0.000365 0.000570 0.000879 0.001341 0.002026 0.003030 0.004489 0.006585 0.009565 0.013758 0.019597 0.027641 0.038606 0.053394 0.073121 0.099155 0.133138 0.177008 0.233018 0.303728 0.391990 0.500905 0.633755 0.793908 0.984684 1.209201 1.470184 1.769752 2.109202 2.488774 2.907447 3.362748 3.850617 4.365337 4.899529 5.444249 5.989173 6.522880 7.033215 7.507740 7.934218 8.301138 8.598229 8.816933 8.950820 8.995900 8.950820 8.816933 8.598229 8.301138 7.934218 7.507740 7.033215 6.522880 5.989173 5.444249 4.899529 4.365337 3.850617 3.362748 2.907447 2.488774 2.109202 1.769752 1.470184 1.209201 0.984684 0.793908 0.633755 0.500905 0.391990 0.303728 0.233018 0.177008 0.133138 0.099155 0.073121 0.053394 0.038606 0.027641 0.019597 0.013758 0.009565 0.006584 0.004489 0.003030 0.002025 0.001340 0.000877 0.000567 0.000360 0.000221 0.000126 0.000057 0.000000 
0.000000 0.000046 0.000101 0.000178 0.000291 0.000463 0.000723 0.001115 0.001701 0.002570 0.003843 0.005692 0.008348 0.012124 0.017436 0.024832 0.035019 0.048904 0.067625 0.092597 0.125548 0.168552 0.224063 0.294924 0.384373 0.496010 0.633755 0.801753 1.004254 1.245452 1.529281 1.859177 2.237815 2.666825 3.146505 3.675558 4.250856 4.867267 5.517562 6.192421 6.880544 7.568894 8.243045 8.887651 9.487005 10.025657 10.489076 10.864293 11.140507 11.309599 11.366533 11.309599 11.140507 10.864293 10.489076 10.025657 9.487005 8.887651 8.243045 7.568894 6.880544 6.192421 5.517562 4.867267 4.250856 3.675558 3.146505 2.666825 2.237815 1.859177 1.529281 1.245452 1.004254 0.801753 0.633755 0.496010 0.384373 0.294924 0.224063 0.168552 0.125548 0.092597 0.067625 0.048904 0.035019 0.024832 0.017436 0.012124 0.008348 0.005692 0.003843 0.002569 0.001700 0.001113 0.000719 0.000457 0.000281 0.000160 0.000073 0.000000 
0.000000 0.000057 0.000127 0.000223 0.000366 0.000582 0.000909 0.001401 0.002137 0.003227 0.004825 0.007145 0.010477 0.015214 0.021877 0.031151 0.043925 0.061332 0.084798 0.116096 0.157387 0.211270 0.280814 0.369579 0.481612 0.621422 0.793908 1.004254 1.257775 1.559714 1.914985 2.327883 2.801746 3.338606 3.938829 4.600785 5.320554 6.091713 6.905216 7.749401 8.610138 9.471119 10.314306 11.120511 11.870096 12.543747 13.123296 13.592532 13.937953 14.149410 14.220607 14.149410 13.937953 13.592532 13.123296 12.543747 11.870096 11.120511 10.314306 9.471119 8.610138 7.749401 6.905216 6.091713 5.320554 4.600785 3.938829 3.338606 2.801746 2.327883 1.914985 1.559714 1.257775 1.004254 0.793908 0.621422 0.481612 0.369579 0.280814 0.211270 0.157387 0.116096 0.084798 0.061332 0.043925 0.031151 0.021877 0.015214 0.010477 0.007145 0.004825 0.003226 0.002135 0.001398 0.000904 0.000574 0.000353 0.000202 0.000091 0.000000 
0.000000 0.000071 0.000158 0.000278 0.000456 0.000724 0.001130 0.001742 0.002657 0.004012 0.005998 0.008880 0.013019 0.018902 0.027175 0.038690 0.054547 0.076152 0.105276 0.144112 0.195342 0.262186 0.348448 0.458538 0.597471 0.770831 0.984684 1.245452 1.559714 1.933958 2.374267 2.885953 3.473143 4.138343 4.882001 5.702089 6.593743 7.549002 8.556657 9.602265 10.668323 11.734637 12.778874 13.777278 14.705535 15.539737 16.257394 16.838440 17.266163 17.528001 17.616161 17.528001 17.266163 16.838440 16.257394 15.539737 14.705535 13.777278 12.778874 11.734637 10.668323 9.602265 8.556657 7.549002 6.593743 5.702089 4.882001 4.138343 3.473143 2.885953 2.374267 1.933958 1.559714 1.245452 0.984684 0.770831 0.597471 0.458538 0.348448 0.262186 0.195342 0.144112 0.105276 0.076152 0.054547 0.038690 0.027175 0.018902 0.013019 0.008880 0.005997 0.004011 0.002655 0.001739 0.001124 0.000714 0.000439 0.000251 0.000114 0.000000 
0.000000 0.000088 0.000195 0.000343 0.000561 0.000892 0.001392 0.002145 0.003271 0.004938 0.007381 0.010926 0.016016 0.023249 0.033420 0.047575 0.067063 0.093613 0.129397 0.177109 0.240039 0.322140 0.428078 0.563263 0.733849 0.946681 1.209201 1.529281 1.914985 2.374267 2.914580 3.542430 4.262868 5.078961 5.991245 6.997223 8.090924 9.262575 10.498427 11.780763 13.088120 14.395739 15.676238 16.900493 18.038701 19.061555 19.941491 20.653914 21.178339 21.499373 21.607463 21.499373 21.178339 20.653914 19.941491 19.061555 18.038701 16.900493 15.676238 14.395739 13.088120 11.780763 10.498427 9.262575 8.090924 6.997223 5.991245 5.078961 4.262868 3.542430 2.914580 2.374267 1.914985 1.529281 1.209201 0.946681 0.733849 0.563263 0.428078 0.322140 0.240039 0.177109 0.129397 0.093613 0.067063 0.047575 0.033420 0.023249 0.016015 0.010925 0.007380 0.004936 0.003268 0.002141 0.001384 0.000879 0.000541 0.000309 0.000140 0.000000 
0.000000 0.000107 0.000237 0.000418 0.000685 0.001087 0.001696 0.002614 0.003986 0.006016 0.008992 0.013308 0.019505 0.028310 0.040690 0.057915 0.081629 0.113930 0.157460 0.215494 0.292029 0.391868 0.520679 0.685035 0.892408 1.151113 1.470184 1.859177 2.327883 2.885953 3.542430 4.305203 5.180399 6.171727 7.279829 8.501660 9.829960 11.252852 12.753637 14.310798 15.898276 17.486010 19.040759 20.527172 21.909075 23.150898 24.219187 25.084092 25.720754 26.110492 26.241715 26.110492 25.720754 25.084092 24.219187 23.150898 21.909075 20.527172 19.040759 17.486010 15.898276 14.310798 12.753637 11.252852 9.829960 8.501660 7.279829 6.171727 5.180399 4.305203 3.542430 2.885953 2.327883 1.859177 1.470184 1.151113 0.892408 0.685035 0.520679 0.391868 0.292029 0.215494 0.157460 0.113930 0.081629 0.057915 0.040690 0.028309 0.019504 0.013307 0.008991 0.006014 0.003983 0.002609 0.001687 0.001072 0.000660 0.000377 0.000171 0.000000 
0.000000 0.000129 0.000287 0.000505 0.000826 0.001312 0.002047 0.003154 0.004808 0.007257 0.010844 0.016047 0.023516 0.034127 0.049045 0.069799 0.098366 0.137274 0.189700 0.259587 0.351743 0.471945 0.627012 0.824850 1.074444 1.385791 1.769752 2.237815 2.801746 3.473143 4.262868 5.180399 6.233088 7.425383 8.758040 10.227388 11.824684 13.535642 15.340175 17.212412 19.121022 21.029869 22.899000 24.685924 26.347166 27.839978 29.124159 30.163839 30.929146 31.397632 31.555368 31.397632 30.929146 30.163839 29.124159 27.839978 26.347166 24.685924 22.899000 21.029869 19.121022 17.212412 15.340175 13.535642 11.824684 10.227388 8.758040 7.425383 6.233088 5.180399 4.262868 3.473143 2.801746 2.237815 1.769752 1.385791 1.074444 0.824850 0.627012 0.471945 0.351743 0.259587 0.189700 0.137274 0.098366 0.069799 0.049045 0.034127 0.023516 0.016046 0.010843 0.007254 0.004805 0.003148 0.002036 0.001294 0.000796 0.000455 0.000206 0.000000 
0.000000 0.000155 0.000342 0.000603 0.000987 0.001567 0.002445 0.003767 0.005742 0.008665 0.012947 0.019156 0.028069 0.040729 0.058525 0.083280 0.117351 0.163749 0.226261 0.309583 0.419444 0.562725 0.747547 0.983323 1.280751 1.651735 2.109202 2.666825 3.338606 4.138343 5.078961 6.171727 7.425383 8.845206 10.432086 12.181633 14.083429 16.120455 18.268792 20.497639 22.769700 25.041965 27.266882 29.393885 31.371238 33.148076 34.676560 35.914012 36.824889 37.382482 37.570219 37.382482 36.824889 35.914012 34.676560 33.148076 31.371238 29.393885 27.266882 25.041965 22.769700 20.497639 18.268792 16.120455 14.083429 12.181633 10.432086 8.845206 7.425383 6.171727 5.078961 4.138343 3.338606 2.666825 2.109202 1.651735 1.280751 0.983323 0.747547 0.562725 0.419444 0.309583 0.226261 0.163749 0.117351 0.083280 0.058525 0.040729 0.028068 0.019155 0.012945 0.008662 0.005738 0.003760 0.002432 0.001546 0.000951 0.000544 0.000247 0.000000 
0.000000 0.000183 0.000405 0.000713 0.001168 0.001854 0.002892 0.004455 0.006789 0.010243 0.015302 0.022638 0.033167 0.048121 0.069139 0.098371 0.138601 0.193379 0.267175 0.365526 0.495190 0.664281 0.882375 1.160572 1.511483 1.949137 2.488774 3.146505 3.938829 4.882001 5.991245 7.279829 8.758040 10.432086 12.302994 14.365577 16.607539 19.008809 21.541186 24.168361 26.846377 29.524546 32.146829 34.653647 36.984038 39.078072 40.879388 42.337704 43.411146 44.068250 44.289490 44.068250 43.411146 42.337704 40.879388 39.078072 36.984038 34.653647 32.146829 29.524546 26.846377 24.168361 21.541186 19.008809 16.607539 14.365577 12.302994 10.432086 8.758040 7.279829 5.991245 4.882001 3.938829 3.146505 2.488774 1.949137 1.511483 1.160572 0.882375 0.664281 0.495190 0.365526 0.267175 0.193379 0.138600 0.098371 0.069139 0.048121 0.033167 0.022637 0.015300 0.010240 0.006784 0.004446 0.002876 0.001828 0.001125 0.000644 0.000292 0.000000 
0.000000 0.000214 0.000475 0.000835 0.001368 0.002170 0.003385 0.005214 0.007945 0.011986 0.017904 0.026485 0.038798 0.056284 0.080859 0.115034 0.162061 0.226088 0.312335 0.427268 0.578780 0.776345 1.031142 1.356127 1.766022 2.277201 2.907447 3.675558 4.600785 5.702089 6.997223 8.501660 10.227388 12.181633 14.365577 16.773148 19.389979 22.192635 25.148195 28.214281 31.339595 34.464991 37.525085 40.450363 43.169705 45.613195 47.715086 49.416721 50.669255 51.435984 51.694133 51.435984 50.669255 49.416721 47.715086 45.613195 43.169705 40.450363 37.525085 34.464991 31.339595 28.214281 25.148195 22.192635 19.389979 16.773148 14.365577 12.181633 10.227388 8.501660 6.997223 5.702089 4.600785 3.675558 2.907447 2.277201 1.766022 1.356127 1.031142 0.776345 0.578780 0.427268 0.312335 0.226088 0.162060 0.115034 0.080859 0.056284 0.038797 0.026484 0.017902 0.011982 0.007939 0.005204 0.003367 0.002140 0.001318 0.000754 0.000342 0.000000 
0.000000 0.000248 0.000550 0.000968 0.001585 0.002515 0.003923 0.006042 0.009205 0.013885 0.020739 0.030674 0.044930 0.065172 0.093618 0.133172 0.187595 0.261685 0.361478 0.494451 0.669728 0.898261 1.192973 1.568839 2.042872 2.633992 3.362748 4.250856 5.320554 6.593743 8.090924 9.829960 11.824684 14.083429 16.607539 19.389979 22.414132 25.652903 29.068243 32.611180 36.222443 39.833695 43.369402 46.749261 49.891118 52.714215 55.142608 57.108548 58.555618 59.441426 59.739667 59.441426 58.555618 57.108548 55.142608 52.714215 49.891118 46.749261 43.369402 39.833695 36.222443 32.611180 29.068243 25.652903 22.414132 19.389979 16.607539 14.083429 11.824684 9.829960 8.090924 6.593743 5.320554 4.250856 3.362748 2.633992 2.042872 1.568839 1.192973 0.898261 0.669728 0.494451 0.361478 0.261685 0.187595 0.133172 0.093617 0.065172 0.044929 0.030673 0.020736 0.013881 0.009198 0.006029 0.003902 0.002481 0.001527 0.000874 0.000396 0.000000 
0.000000 0.000285 0.000631 0.001111 0.001819 0.002886 0.004500 0.006930 0.010558 0.015923 0.023780 0.035169 0.051508 0.074707 0.107303 0.152625 0.214978 0.299856 0.414170 0.566478 0.767225 1.028946 1.366431 1.796815 2.339566 3.016332 3.850617 4.867267 6.091713 7.549002 9.262575 11.252852 13.535642 16.120455 19.008809 22.192635 25.652903 29.358600 33.266184 37.319626 41.451116 45.582483 49.627326 53.493797 57.087931 60.317367 63.095250 65.344101 66.999400 68.012667 68.353821 68.012667 66.999400 65.344101 63.095250 60.317367 57.087931 53.493797 49.627326 45.582483 41.451116 37.319626 33.266184 29.358600 25.652903 22.192635 19.008809 16.120455 13.535642 11.252852 9.262575 7.549002 6.091713 4.867267 3.850617 3.016332 2.339566 1.796815 1.366431 1.028946 0.767225 0.566478 0.414170 0.299856 0.214978 0.152625 0.107303 0.074706 0.051507 0.035167 0.023777 0.015918 0.010549 0.006916 0.004476 0.002846 0.001753 0.001002 0.000454 0.000000 
0.000000 0.000324 0.000717 0.001262 0.002066 0.003278 0.005110 0.007869 0.011986 0.018076 0.026993 0.039916 0.058456 0.084776 0.121755 0.173165 0.243889 0.340155 0.469793 0.642506 0.870131 1.166870 1.549484 2.037386 2.652630 3.419739 4.365337 5.517562 6.905216 8.556657 10.498427 12.753637 15.340175 18.268792 21.541186 25.148195 29.068243 33.266184 37.692688 42.284281 46.964156 51.643776 56.225286 60.604671 64.675521 68.333245 71.479492 74.026529 75.901298 77.048904 77.435288 77.048904 75.901298 74.026529 71.479492 68.333245 64.675521 60.604671 56.225286 51.643776 46.964156 42.284281 37.692688 33.266184 29.068243 25.148195 21.541186 18.268792 15.340175 12.753637 10.498427 8.556657 6.905216 5.517562 4.365337 3.419739 2.652630 2.037386 1.549484 1.166870 0.870131 0.642506 0.469793 0.340155 0.243889 0.173165 0.121754 0.084775 0.058455 0.039914 0.026989 0.018071 0.011977 0.007853 0.005083 0.003232 0.001991 0.001139 0.000516 0.000000 
0.000000 0.000364 0.000807 0.001419 0.002323 0.003685 0.005744 0.008844 0.013471 0.020313 0.030331 0.044849 0.065674 0.095236 0.136766 0.194499 0.273915 0.382003 0.527551 0.721447 0.976970 1.310058 1.739509 2.287102 2.977575 3.838431 4.899529 6.192421 7.749401 9.602265 11.780763 14.310798 17.212412 20.497639 24.168361 28.214281 32.611180 37.319626 42.284281 47.433956 52.682509 57.930656 63.068668 67.979913 72.545080 76.646899 80.175101 83.031321 85.133653 86.420553 86.853833 86.420553 85.133653 83.031321 80.175101 76.646899 72.545080 67.979913 63.068668 57.930656 52.682509 47.433956 42.284281 37.319626 32.611180 28.214281 24.168361 20.497639 17.212412 14.310798 11.780763 9.602265 7.749401 6.192421 4.899529 3.838431 2.977575 2.287102 1.739509 1.310058 0.976970 0.721447 0.527551 0.382003 0.273915 0.194499 0.136766 0.095235 0.065673 0.044847 0.030327 0.020307 0.013461 0.008826 0.005714 0.003634 0.002238 0.001280 0.000580 0.000000 
0.000000 0.000405 0.000898 0.001580 0.002585 0.004100 0.006392 0.009840 0.014987 0.022598 0.033739 0.049884 0.073041 0.105911 0.152085 0.216269 0.304552 0.424700 0.586477 0.801978 1.085954 1.456109 1.933323 2.541783 3.308961 4.265398 5.444249 6.880544 8.610138 10.668323 13.088120 15.898276 19.121022 22.769700 26.846377 31.339595 36.222443 41.451116 46.964156 52.682509 58.510527 64.337970 70.043015 75.496174 80.564995 85.119291 89.036653 92.207887 94.542072 95.970889 96.451951 95.970889 94.542072 92.207887 89.036653 85.119291 80.564995 75.496174 70.043015 64.337970 58.510527 52.682509 46.964156 41.451116 36.222443 31.339595 26.846377 22.769700 19.121022 15.898276 13.088120 10.668323 8.610138 6.880544 5.444249 4.265398 3.308961 2.541783 1.933323 1.456109 1.085954 0.801978 0.586477 0.424700 0.304552 0.216269 0.152085 0.105911 0.073040 0.049882 0.033735 0.022591 0.014976 0.009820 0.006358 0.004044 0.002491 0.001425 0.000646 0.000000 
0.000000 0.000447 0.000989 0.001740 0.002848 0.004517 0.007041 0.010838 0.016506 0.024885 0.037152 0.054926 0.080417 0.116599 0.167421 0.238061 0.335219 0.467435 0.645451 0.882569 1.195014 1.602254 2.127250 2.796598 3.640504 4.692546 5.989173 7.568894 9.471119 11.734637 14.395739 17.486010 21.029869 25.041965 29.524546 34.464991 39.833695 45.582483 51.643776 57.930656 64.337970 70.744532 77.016424 83.011313 88.583608 93.590216 97.896590 101.382717 103.948663 105.519343 106.048166 105.519343 103.948663 101.382717 97.896590 93.590216 88.583608 83.011313 77.016424 70.744532 64.337970 57.930656 51.643776 45.582483 39.833695 34.464991 29.524546 25.041965 21.029869 17.486010 14.395739 11.734637 9.471119 7.568894 5.989173 4.692546 3.640504 2.796598 2.127250 1.602254 1.195014 0.882569 0.645451 0.467435 0.335218 0.238061 0.167420 0.116598 0.080416 0.054923 0.037147 0.024878 0.016493 0.010816 0.007003 0.004454 0.002744 0.001570 0.000712 0.000000 
0.000000 0.000487 0.001079 0.001898 0.003106 0.004925 0.007677 0.011817 0.017995 0.027128 0.040497 0.059868 0.087647 0.127074 0.182451 0.259417 0.365269 0.509309 0.703233 0.961528 1.301860 1.745423 2.317219 3.046201 3.965251 5.110919 6.522880 8.243045 10.314306 12.778874 15.676238 19.040759 22.899000 27.266882 32.146829 37.525085 43.369402 49.627326 56.225286 63.068668 70.043015 77.016424 83.843144 90.368268 96.433349 101.882660 106.569781 110.364106 113.156887 114.866411 115.441980 114.866411 113.156887 110.364106 106.569781 101.882660 96.433349 90.368268 83.843144 77.016424 70.043015 63.068668 56.225286 49.627326 43.369402 37.525085 32.146829 27.266882 22.899000 19.040759 15.676238 12.778874 10.314306 8.243045 6.522880 5.110919 3.965251 3.046201 2.317219 1.745423 1.301860 0.961528 0.703233 0.509309 0.365269 0.259417 0.182450 0.127073 0.087646 0.059865 0.040492 0.027120 0.017981 0.011793 0.007636 0.004857 0.002992 0.001712 0.000776 0.000000 
