0.000000 0.000000 0.000000 0.000000 0.000000 0.000000 0.000000 0.000000 0.000000 0.000000 0.000000 0.000000 0.000000 0.000000 0.000000 0.000000 0.000000 0.000000 0.000000 0.000000 0.000000 0.000000 0.000000 0.000000 0.000000 0.000000 0.000000 0.000000 0.000000 0.000000 0.000000 0.000000 0.000000 0.000000 0.000000 0.000000 0.000000 0.000000 0.000000 0.000000 0.000000 0.000000 0.000000 0.000000 0.000000 0.000000 0.000000 0.000000 0.000000 0.000000 0.000000 0.000000 0.000000 0.000000 0.000000 0.000000 0.000000 0.000000 0.000000 0.000000 0.000000 0.000000 0.000000 0.000000 0.000000 0.000000 0.000000 0.000000 0.000000 0.000000 0.000000 0.000000 0.000000 0.000000 0.000000 0.000000 0.000000 0.000000 0.000000 0.000000 0.000000 0.000000 0.000000 0.000000 0.000000 0.000000 0.000000 0.000000 0.000000 0.000000 0.000000 0.000000 0.000000 0.000000 0.000000 0.000000 0.000000 0.000000 0.000000 0.000000 
0.000000 0.000000 0.000000 0.000000 0.000000 0.000000 0.000000 0.000000 0.000000 0.000000 0.000000 0.000000 0.000000 0.000000 0.000000 0.000000 0.000000 0.000000 0.000000 0.000000 0.000000 0.000000 0.000000 0.000000 0.000000 0.000000 0.000000 0.000000 0.000000 0.000000 0.000000 0.000000 0.000000 0.000001 0.000001 0.000001 0.000001 0.000001 0.000002 0.000002 0.000002 0.000003 0.000003 0.000003 0.000004 0.000004 0.000004 0.000005 0.000005 0.000005 0.000005 0.000005 0.000005 0.000005 0.000004 0.000004 0.000004 0.000003 0.000003 0.000003 0.000002 0.000002 0.000002 0.000001 0.000001 0.000001 0.000001 0.000001 0.000000 0.000000 0.000000 0.000000 0.000000 0.000000 0.000000 0.000000 0.000000 0.000000 0.000000 0.000000 0.000000 0.000000 0.000000 0.000000 0.000000 0.000000 0.000000 0.000000 0.000000 0.000000 0.000000 0.000000 0.000000 0.000000 0.000000 0.000000 0.000000 0.000000 0.000000 0.000000 
0.000000 0.000000 0.000000 0.000000 0.000000 0.000000 0.000000 0.000000 0.000000 0.000000 0.000000 0.000000 0.000000 0.000000 0.000000 0.000000 0.000000 0.000000 0.000000 0.000000 0.000000 0.000000 0.000000 0.000000 0.000000 0.000000 0.000000 0.000000 0.000000 0.000000 0.000001 0.000001 0.000001 0.000001 0.000002 0.000002 0.000003 0.000003 0.000004 0.000005 0.000006 0.000007 0.000008 0.000008 0.000009 0.000010 0.000011 0.000011 0.000012 0.000012 0.000012 0.000012 0.000012 0.000011 0.000011 0.000010 0.000009 0.000008 0.000008 0.000007 0.000006 0.000005 0.000004 0.000003 0.000003 0.000002 0.000002 0.000001 0.000001 0.000001 0.000001 0.000000 0.000000 0.000000 0.000000 0.000000 0.000000 0.000000 0.000000 0.000000 0.000000 0.000000 0.000000 0.000000 0.000000 0.000000 0.000000 0.000000 0.000000 0.000000 0.000000 0.000000 0.000000 0.000000 0.000000 0.000000 0.000000 0.000000 0.000000 0.000000 
0.000000 0.000000 0.000000 0.000000 0.000000 0.000000 0.000000 0.000000 0.000000 0.000000 0.000000 0.000000 0.000000 0.000000 0.000000 0.000000 0.000000 0.000000 0.000000 0.000000 0.000000 0.000000 0.000000 0.000000 0.000000 0.000000 0.000000 0.000000 0.000001 0.000001 0.000001 0.000002 0.000002 0.000003 0.000004 0.000004 0.000006 0.000007 0.000008 0.000010 0.000012 0.000014 0.000016 0.000017 0.000019 0.000021 0.000022 0.000024 0.000025 0.000025 0.000025 0.000025 0.000025 0.000024 0.000022 0.000021 0.000019 0.000017 0.000016 0.000014 0.000012 0.000010 0.000008 0.000007 0.000006 0.000004 0.000004 0.000003 0.000002 0.000002 0.000001 0.000001 0.000001 0.000000 0.000000 0.000000 0.000000 0.000000 0.000000 0.000000 0.000000 0.000000 0.000000 0.000000 0.000000 0.000000 0.000000 0.000000 0.000000 0.000000 0.000000 0.000000 0.000000 0.000000 0.000000 0.000000 0.000000 0.000000 0.000000 0.000000 
0.000000 0.000000 0.000000 0.000000 0.000000 0.000000 0.000000 0.000000 0.000000 0.000000 0.000000 0.000000 0.000000 0.000000 0.000000 0.000000 0.000000 0.000000 0.000000 0.000000 0.000000 0.000000 0.000000 0.000000 0.000000 0.000000 0.000001 0.000001 0.000001 0.000002 0.000002 0.000003 0.000004 0.000005 0.000007 0.000009 0.000011 0.000014 0.000017 0.000020 0.000023 0.000027 0.000031 0.000034 0.000038 0.000041 0.000044 0.000047 0.000048 0.000050 0.000050 0.000050 0.000048 0.000047 0.000044 0.000041 0.000038 0.000034 0.000031 0.000027 0.000023 0.000020 0.000017 0.000014 0.000011 0.000009 0.000007 0.000005 0.000004 0.000003 0.000002 0.000002 0.000001 0.000001 0.000001 0.000000 0.000000 0.000000 0.000000 0.000000 0.000000 0.000000 0.000000 0.000000 0.000000 0.000000 0.000000 0.000000 0.000000 0.000000 0.000000 0.000000 0.000000 0.000000 0.000000 0.000000 0.000000 0.000000 0.000000 0.000000 
0.000000 0.000000 0.000000 0.000000 0.000000 0.000000 0.000000 0.000000 0.000000 0.000000 0.000000 0.000000 0.000000 0.000000 0.000000 0.000000 0.000000 0.000000 0.000000 0.000000 0.000000 0.000000 0.000000 0.000000 0.000001 0.000001 0.000001 0.000002 0.000002 0.000003 0.000004 0.000006 0.000008 0.000010 0.000013 0.000017 0.000021 0.000026 0.000032 0.000038 0.000045 0.000052 0.000059 0.000066 0.000073 0.000079 0.000085 0.000090 0.000093 0.000095 0.000096 0.000095 0.000093 0.000090 0.000085 0.000079 0.000073 0.000066 0.000059 0.000052 0.000045 0.000038 0.000032 0.000026 0.000021 0.000017 0.000013 0.000010 0.000008 0.000006 0.000004 0.000003 0.000002 0.000002 0.000001 0.000001 0.000001 0.000000 0.000000 0.000000 0.000000 0.000000 0.000000 0.000000 0.000000 0.000000 0.000000 0.000000 0.000000 0.000000 0.000000 0.000000 0.000000 0.000000 0.000000 0.000000 0.000000 0.000000 0.000000 0.000000 
0.000000 0.000000 0.000000 0.000000 0.000000 0.000000 0.000000 0.000000 0.000000 0.000000 0.000000 0.000000 0.000000 0.000000 0.000000 0.000000 0.000000 0.000000 0.000000 0.000000 0.000000 0.000000 0.000000 0.000001 0.000001 0.000002 0.000002 0.000003 0.000005 0.000006 0.000009 0.000012 0.000015 0.000020 0.000026 0.000033 0.000041 0.000050 0.000060 0.000072 0.000085 0.000098 0.000111 0.000125 0.000138 0.000150 0.000161 0.000170 0.000176 0.000181 0.000182 0.000181 0.000176 0.000170 0.000161 0.000150 0.000138 0.000125 0.000111 0.000098 0.000085 0.000072 0.000060 0.000050 0.000041 0.000033 0.000026 0.000020 0.000015 0.000012 0.000009 0.000006 0.000005 0.000003 0.000002 0.000002 0.000001 0.000001 0.000000 0.000000 0.000000 0.000000 0.000000 0.000000 0.000000 0.000000 0.000000 0.000000 0.000000 0.000000 0.000000 0.000000 0.000000 0.000000 0.000000 0.000000 0.000000 0.000000 0.000000 0.000000 
0.000000 0.000000 0.000000 0.000000 0.000000 0.000000 0.000000 0.000000 0.000000 0.000000 0.000000 0.000000 0.000000 0.000000 0.000000 0.000000 0.000000 0.000000 0.000000 0.000000 0.000000 0.000001 0.000001 0.000001 0.000002 0.000003 0.000004 0.000006 0.000008 0.000012 0.000016 0.000022 0.000029 0.000037 0.000048 0.000061 0.000076 0.000093 0.000113 0.000135 0.000158 0.000183 0.000208 0.000234 0.000258 0.000281 0.000301 0.000317 0.000330 0.000337 0.000340 0.000337 0.000330 0.000317 0.000301 0.000281 0.000258 0.000234 0.000208 0.000183 0.000158 0.000135 0.000113 0.000093 0.000076 0.000061 0.000048 0.000037 0.000029 0.000022 0.000016 0.000012 0.000008 0.000006 0.000004 0.000003 0.000002 0.000001 0.000001 0.000001 0.000000 0.000000 0.000000 0.000000 0.000000 0.000000 0.000000 0.000000 0.000000 0.000000 0.000000 0.000000 0.000000 0.000000 0.000000 0.000000 0.000000 0.000000 0.000000 0.000000 
0.000000 0.000000 0.000000 0.000000 0.000000 0.000000 0.000000 0.000000 0.000000 0.000000 0.000000 0.000000 0.000000 0.000000 0.000000 0.000000 0.000000 0.000000 0.000000 0.000000 0.000001 0.000001 0.000002 0.000002 0.000004 0.000005 0.000008 0.000011 0.000016 0.000022 0.000030 0.000040 0.000053 0.000069 0.000089 0.000113 0.000140 0.000172 0.000209 0.000249 0.000292 0.000337 0.000384 0.000431 0.000476 0.000517 0.000554 0.000585 0.000607 0.000621 0.000626 0.000621 0.000607 0.000585 0.000554 0.000517 0.000476 0.000431 0.000384 0.000337 0.000292 0.000249 0.000209 0.000172 0.000140 0.000113 0.000089 0.000069 0.000053 0.000040 0.000030 0.000022 0.000016 0.000011 0.000008 0.000005 0.000004 0.000002 0.000002 0.000001 0.000001 0.000000 0.000000 0.000000 0.000000 0.000000 0.000000 0.000000 0.000000 0.000000 0.000000 0.000000 0.000000 0.000000 0.000000 0.000000 0.000000 0.000000 0.000000 0.000000 
0.000000 0.000000 0.000000 0.000000 0.000000 0.000000 0.000000 0.000000 0.000000 0.000000 0.000000 0.000000 0.000000 0.000000 0.000000 0.000000 0.000000 0.000000 0.000000 0.000001 0.000001 0.000002 0.000003 0.000005 0.000007 0.000010 0.000014 0.000020 0.000029 0.000040 0.000054 0.000073 0.000097 0.000126 0.000162 0.000205 0.000256 0.000314 0.000380 0.000452 0.000531 0.000614 0.000698 0.000783 0.000865 0.000940 0.001007 0.001062 0.001104 0.001129 0.001138 0.001129 0.001104 0.001062 0.001007 0.000940 0.000865 0.000783 0.000698 0.000614 0.000531 0.000452 0.000380 0.000314 0.000256 0.000205 0.000162 0.000126 0.000097 0.000073 0.000054 0.000040 0.000029 0.000020 0.000014 0.000010 0.000007 0.000005 0.000003 0.000002 0.000001 0.000001 0.000000 0.000000 0.000000 0.000000 0.000000 0.000000 0.000000 0.000000 0.000000 0.000000 0.000000 0.000000 0.000000 0.000000 0.000000 0.000000 0.000000 0.000000 
0.000000 0.000000 0.000000 0.000000 0.000000 0.000000 0.000000 0.000000 0.000000 0.000000 0.000000 0.000000 0.000000 0.000000 0.000000 0.000000 0.000000 0.000001 0.000001 0.000001 0.000002 0.000004 0.000005 0.000008 0.000012 0.000018 0.000026 0.000037 0.000052 0.000072 0.000098 0.000131 0.000174 0.000227 0.000291 0.000368 0.000459 0.000564 0.000682 0.000812 0.000953 0.001101 0.001253 0.001404 0.001550 0.001686 0.001805 0.001904 0.001978 0.002024 0.002039 0.002024 0.001978 0.001904 0.001805 0.001686 0.001550 0.001404 0.001253 0.001101 0.000953 0.000812 0.000682 0.000564 0.000459 0.000368 0.000291 0.000227 0.000174 0.000131 0.000098 0.000072 0.000052 0.000037 0.000026 0.000018 0.000012 0.000008 0.000005 0.000004 0.000002 0.000001 0.000001 0.000001 0.000000 0.000000 0.000000 0.000000 0.000000 0.000000 0.000000 0.000000 0.000000 0.000000 0.000000 0.000000 0.000000 0.000000 0.000000 0.000000 
0.000000 0.000000 0.000000 0.000000 0.000000 0.000000 0.000000 0.000000 0.000000 0.000000 0.000000 0.000000 0.000000 0.000000 0.000000 0.000000 0.000001 0.000001 0.000002 0.000003 0.000004 0.000006 0.000010 0.000015 0.000022 0.000032 0.000046 0.000066 0.000092 0.000127 0.000174 0.000233 0.000309 0.000402 0.000516 0.000653 0.000814 0.000999 0.001207 0.001437 0.001686 0.001947 0.002216 0.002483 0.002741 0.002980 0.003191 0.003366 0.003496 0.003577 0.003604 0.003577 0.003496 0.003366 0.003191 0.002980 0.002741 0.002483 0.002216 0.001947 0.001686 0.001437 0.001207 0.000999 0.000814 0.000653 0.000516 0.000402 0.000309 0.000233 0.000174 0.000127 0.000092 0.000066 0.000046 0.000032 0.000022 0.000015 0.000010 0.000006 0.000004 0.000003 0.000002 0.000001 0.000001 0.000000 0.000000 0.000000 0.000000 0.000000 0.000000 0.000000 0.000000 0.000000 0.000000 0.000000 0.000000 0.000000 0.000000 0.000000 
0.000000 0.000000 0.000000 0.000000 0.000000 0.000000 0.000000 0.000000 0.000000 0.000000 0.000000 0.000000 0.000000 0.000000 0.000000 0.000001 0.000001 0.000002 0.000003 0.000004 0.000007 0.000011 0.000017 0.000026 0.000038 0.000056 0.000081 0.000115 0.000161 0.000223 0.000304 0.000408 0.000540 0.000703 0.000903 0.001141 0.001422 0.001744 0.002108 0.002509 0.002942 0.003398 0.003865 0.004331 0.004780 0.005196 0.005563 0.005867 0.006094 0.006234 0.006282 0.006234 0.006094 0.005867 0.005563 0.005196 0.004780 0.004331 0.003865 0.003398 0.002942 0.002509 0.002108 0.001744 0.001422 0.001141 0.000903 0.000703 0.000540 0.000408 0.000304 0.000223 0.000161 0.000115 0.000081 0.000056 0.000038 0.000026 0.000017 0.000011 0.000007 0.000004 0.000003 0.000002 0.000001 0.000001 0.000000 0.000000 0.000000 0.000000 0.000000 0.000000 0.000000 0.000000 0.000000 0.000000 0.000000 0.000000 0.000000 0.000000 
0.000000 0.000000 0.000000 0.000000 0.000000 0.000000 0.000000 0.000000 0.000000 0.000000 0.000000 0.000000 0.000000 0.000000 0.000001 0.000001 0.000002 0.000003 0.000005 0.000008 0.000012 0.000019 0.000029 0.000044 0.000066 0.000097 0.000140 0.000199 0.000279 0.000386 0.000525 0.000705 0.000932 0.001213 0.001557 0.001967 0.002449 0.003004 0.003629 0.004319 0.005063 0.005846 0.006649 0.007449 0.008220 0.008935 0.009565 0.010086 0.010476 0.010717 0.010799 0.010717 0.010476 0.010086 0.009565 0.008935 0.008220 0.007449 0.006649 0.005846 0.005063 0.004319 0.003629 0.003004 0.002449 0.001967 0.001557 0.001213 0.000932 0.000705 0.000525 0.000386 0.000279 0.000199 0.000140 0.000097 0.000066 0.000044 0.000029 0.000019 0.000012 0.000008 0.000005 0.000003 0.000002 0.000001 0.000001 0.000000 0.000000 0.000000 0.000000 0.000000 0.000000 0.000000 0.000000 0.000000 0.000000 0.000000 0.000000 0.000000 
0.000000 0.000000 0.000000 0.000000 0.000000 0.000000 0.000000 0.000000 0.000000 0.000000 0.000000 0.000000 0.000000 0.000001 0.000001 0.000002 0.000003 0.000005 0.000008 0.000013 0.000021 0.000033 0.000050 0.000076 0.000113 0.000165 0.000238 0.000339 0.000476 0.000657 0.000894 0.001200 0.001585 0.002064 0.002646 0.003343 0.004161 0.005102 0.006162 0.007331 0.008592 0.009919 0.011280 0.012635 0.013940 0.015150 0.016218 0.017100 0.017760 0.018168 0.018306 0.018168 0.017760 0.017100 0.016218 0.015150 0.013940 0.012635 0.011280 0.009919 0.008592 0.007331 0.006162 0.005102 0.004161 0.003343 0.002646 0.002064 0.001585 0.001200 0.000894 0.000657 0.000476 0.000339 0.000238 0.000165 0.000113 0.000076 0.000050 0.000033 0.000021 0.000013 0.000008 0.000005 0.000003 0.000002 0.000001 0.000001 0.000000 0.000000 0.000000 0.000000 0.000000 0.000000 0.000000 0.000000 0.000000 0.000000 0.000000 0.000000 
0.000000 0.000000 0.000000 0.000000 0.000000 0.000000 0.000000 0.000000 0.000000 0.000000 0.000000 0.000000 0.000001 0.000001 0.000002 0.000003 0.000005 0.000009 0.000014 0.000023 0.000036 0.000055 0.000085 0.000128 0.000190 0.000278 0.000401 0.000570 0.000799 0.001104 0.001502 0.002013 0.002659 0.003461 0.004436 0.005603 0.006971 0.008545 0.010317 0.012272 0.014379 0.016596 0.018869 0.021132 0.023313 0.025333 0.027115 0.028588 0.029689 0.030370 0.030601 0.030370 0.029689 0.028588 0.027115 0.025333 0.023313 0.021132 0.018869 0.016596 0.014379 0.012272 0.010317 0.008545 0.006971 0.005603 0.004436 0.003461 0.002659 0.002013 0.001502 0.001104 0.000799 0.000570 0.000401 0.000278 0.000190 0.000128 0.000085 0.000055 0.000036 0.000023 0.000014 0.000009 0.000005 0.000003 0.000002 0.000001 0.000001 0.000000 0.000000 0.000000 0.000000 0.000000 0.000000 0.000000 0.000000 0.000000 0.000000 0.000000 
0.000000 0.000000 0.000000 0.000000 0.000000 0.000000 0.000000 0.000000 0.000000 0.000000 0.000000 0.000001 0.000001 0.000002 0.000003 0.000005 0.000009 0.000014 0.000024 0.000038 0.000059 0.000092 0.000141 0.000212 0.000315 0.000461 0.000665 0.000945 0.001324 0.001828 0.002486 0.003332 0.004399 0.005722 0.007333 0.009258 0.011516 0.014111 0.017033 0.020255 0.023728 0.027381 0.031125 0.034852 0.038443 0.041769 0.044704 0.047129 0.048941 0.050062 0.050441 0.050062 0.048941 0.047129 0.044704 0.041769 0.038443 0.034852 0.031125 0.027381 0.023728 0.020255 0.017033 0.014111 0.011516 0.009258 0.007333 0.005722 0.004399 0.003332 0.002486 0.001828 0.001324 0.000945 0.000665 0.000461 0.000315 0.000212 0.000141 0.000092 0.000059 0.000038 0.000024 0.000014 0.000009 0.000005 0.000003 0.000002 0.000001 0.000001 0.000000 0.000000 0.000000 0.000000 0.000000 0.000000 0.000000 0.000000 0.000000 0.000000 
0.000000 0.000000 0.000000 0.000000 0.000000 0.000000 0.000000 0.000000 0.000000 0.000000 0.000001 0.000001 0.000002 0.000003 0.000005 0.000009 0.000014 0.000024 0.000039 0.000062 0.000097 0.000151 0.000230 0.000347 0.000515 0.000754 0.001087 0.001545 0.002164 0.002985 0.004058 0.005436 0.007174 0.009329 0.011951 0.015084 0.018755 0.022975 0.027727 0.032964 0.038607 0.044542 0.050623 0.056677 0.062507 0.067908 0.072672 0.076609 0.079550 0.081369 0.081985 0.081369 0.079550 0.076609 0.072672 0.067908 0.062507 0.056677 0.050623 0.044542 0.038607 0.032964 0.027727 0.022975 0.018755 0.015084 0.011951 0.009329 0.007174 0.005436 0.004058 0.002985 0.002164 0.001545 0.001087 0.000754 0.000515 0.000347 0.000230 0.000151 0.000097 0.000062 0.000039 0.000024 0.000014 0.000009 0.000005 0.000003 0.000002 0.000001 0.000001 0.000000 0.000000 0.000000 0.000000 0.000000 0.000000 0.000000 0.000000 0.000000 
0.000000 0.000000 0.000000 0.000000 0.000000 0.000000 0.000000 0.000000 0.000000 0.000000 0.000001 0.000002 0.000003 0.000005 0.000008 0.000014 0.000024 0.000039 0.000063 0.000100 0.000157 0.000243 0.000372 0.000560 0.000831 0.001216 0.001753 0.002490 0.003484 0.004805 0.006530 0.008744 0.011535 0.014994 0.019203 0.024229 0.030118 0.036884 0.044501 0.052894 0.061935 0.071443 0.081183 0.090877 0.100213 0.108858 0.116485 0.122786 0.127494 0.130406 0.131391 0.130406 0.127494 0.122786 0.116485 0.108858 0.100213 0.090877 0.081183 0.071443 0.061935 0.052894 0.044501 0.036884 0.030118 0.024229 0.019203 0.014994 0.011535 0.008744 0.006530 0.004805 0.003484 0.002490 0.001753 0.001216 0.000831 0.000560 0.000372 0.000243 0.000157 0.000100 0.000063 0.000039 0.000024 0.000014 0.000008 0.000005 0.000003 0.000002 0.000001 0.000000 0.000000 0.000000 0.000000 0.000000 0.000000 0.000000 0.000000 0.000000 
0.000000 0.000000 0.000000 0.000000 0.000000 0.000000 0.000000 0.000000 0.000000 0.000001 0.000001 0.000003 0.000004 0.000008 0.000013 0.000023 0.000038 0.000062 0.000100 0.000159 0.000250 0.000388 0.000592 0.000891 0.001322 0.001933 0.002785 0.003954 0.005532 0.007626 0.010360 0.013866 0.018286 0.023761 0.030420 0.038370 0.047683 0.058380 0.070419 0.083680 0.097963 0.112980 0.128362 0.143669 0.158407 0.172054 0.184093 0.194037 0.201467 0.206062 0.207616 0.206062 0.201467 0.194037 0.184093 0.172054 0.158407 0.143669 0.128362 0.112980 0.097963 0.083680 0.070419 0.058380 0.047683 0.038370 0.030420 0.023761 0.018286 0.013866 0.010360 0.007626 0.005532 0.003954 0.002785 0.001933 0.001322 0.000891 0.000592 0.000388 0.000250 0.000159 0.000100 0.000062 0.000038 0.000023 0.000013 0.000008 0.000004 0.000003 0.000001 0.000001 0.000000 0.000000 0.000000 0.000000 0.000000 0.000000 0.000000 0.000000 
0.000000 0.000000 0.000000 0.000000 0.000000 0.000000 0.000000 0.000000 0.000001 0.000001 0.000002 0.000004 0.000007 0.000012 0.000021 0.000036 0.000059 0.000097 0.000157 0.000250 0.000393 0.000609 0.000930 0.001399 0.002074 0.003030 0.004363 0.006192 0.008659 0.011932 0.016201 0.021677 0.028577 0.037120 0.047508 0.059907 0.074427 0.091100 0.109859 0.130519 0.152765 0.176152 0.200102 0.223931 0.246871 0.268113 0.286847 0.302321 0.313883 0.321032 0.323451 0.321032 0.313883 0.302321 0.286847 0.268113 0.246871 0.223931 0.200102 0.176152 0.152765 0.130519 0.109859 0.091100 0.074427 0.059907 0.047508 0.037120 0.028577 0.021677 0.016201 0.011932 0.008659 0.006192 0.004363 0.003030 0.002074 0.001399 0.000930 0.000609 0.000393 0.000250 0.000157 0.000097 0.000059 0.000036 0.000021 0.000012 0.000007 0.000004 0.000002 0.000001 0.000001 0.000000 0.000000 0.000000 0.000000 0.000000 0.000000 0.000000 
0.000000 0.000000 0.000000 0.000000 0.000000 0.000000 0.000000 0.000001 0.000001 0.000002 0.000004 0.000006 0.000011 0.000019 0.000033 0.000055 0.000092 0.000151 0.000243 0.000388 0.000609 0.000943 0.001438 0.002163 0.003205 0.004681 0.006738 0.009557 0.013359 0.018402 0.024977 0.033406 0.044025 0.057168 0.073144 0.092207 0.114525 0.140146 0.168966 0.200699 0.234862 0.270768 0.307534 0.344109 0.379315 0.411910 0.440656 0.464396 0.482135 0.493102 0.496813 0.493102 0.482135 0.464396 0.440656 0.411910 0.379315 0.344109 0.307534 0.270768 0.234862 0.200699 0.168966 0.140146 0.114525 0.092207 0.073144 0.057168 0.044025 0.033406 0.024977 0.018402 0.013359 0.009557 0.006738 0.004681 0.003205 0.002163 0.001438 0.000943 0.000609 0.000388 0.000243 0.000151 0.000092 0.000055 0.000033 0.000019 0.000011 0.000006 0.000004 0.000002 0.000001 0.000001 0.000000 0.000000 0.000000 0.000000 0.000000 0.000000 
0.000000 0.000000 0.000000 0.000000 0.000000 0.000000 0.000000 0.000001 0.000002 0.000003 0.000005 0.000010 0.000017 0.000029 0.000050 0.000085 0.000141 0.000230 0.000372 0.000592 0.000930 0.001438 0.002193 0.003296 0.004882 0.007128 0.010255 0.014541 0.020317 0.027975 0.037958 0.050750 0.066861 0.086794 0.111016 0.139910 0.173729 0.212544 0.256193 0.304245 0.355967 0.410318 0.465962 0.521308 0.574576 0.623888 0.667373 0.703284 0.730114 0.746702 0.752315 0.746702 0.730114 0.703284 0.667373 0.623888 0.574576 0.521308 0.465962 0.410318 0.355967 0.304245 0.256193 0.212544 0.173729 0.139910 0.111016 0.086794 0.066861 0.050750 0.037958 0.027975 0.020317 0.014541 0.010255 0.007128 0.004882 0.003296 0.002193 0.001438 0.000930 0.000592 0.000372 0.000230 0.000141 0.000085 0.000050 0.000029 0.000017 0.000010 0.000005 0.000003 0.000002 0.000001 0.000000 0.000000 0.000000 0.000000 0.000000 0.000000 
0.000000 0.000000 0.000000 0.000000 0.000000 0.000000 0.000001 0.000001 0.000002 0.000005 0.000008 0.000015 0.000026 0.000044 0.000076 0.000128 0.000212 0.000347 0.000560 0.000891 0.001399 0.002163 0.003296 0.004952 0.007331 0.010698 0.015386 0.021806 0.030458 0.041922 0.056862 0.075999 0.100093 0.129895 0.166098 0.209272 0.259793 0.317761 0.382936 0.454669 0.531867 0.612974 0.695998 0.778565 0.858024 0.931574 0.996426 1.049980 1.089989 1.114724 1.123093 1.114724 1.089989 1.049980 0.996426 0.931574 0.858024 0.778565 0.695998 0.612974 0.531867 0.454669 0.382936 0.317761 0.259793 0.209272 0.166098 0.129895 0.100093 0.075999 0.056862 0.041922 0.030458 0.021806 0.015386 0.010698 0.007331 0.004952 0.003296 0.002163 0.001399 0.000891 0.000560 0.000347 0.000212 0.000128 0.000076 0.000044 0.000026 0.000015 0.000008 0.000005 0.000002 0.000001 0.000001 0.000000 0.000000 0.000000 0.000000 0.000000 
0.000000 0.000000 0.000000 0.000000 0.000000 0.000001 0.000001 0.000002 0.000004 0.000007 0.000012 0.000022 0.000038 0.000066 0.000113 0.000190 0.000315 0.000515 0.000831 0.001322 0.002074 0.003205 0.004882 0.007331 0.010850 0.015827 0.022752 0.032234 0.045005 0.061923 0.083962 0.112184 0.147703 0.191625 0.244965 0.308561 0.382957 0.468303 0.564237 0.669803 0.783391 0.902711 1.024832 1.146266 1.263114 1.371261 1.466613 1.545345 1.604163 1.640525 1.652829 1.640525 1.604163 1.545345 1.466613 1.371261 1.263114 1.146266 1.024832 0.902711 0.783391 0.669803 0.564237 0.468303 0.382957 0.308561 0.244965 0.191625 0.147703 0.112184 0.083962 0.061923 0.045005 0.032234 0.022752 0.015827 0.010850 0.007331 0.004882 0.003205 0.002074 0.001322 0.000831 0.000515 0.000315 0.000190 0.000113 0.000066 0.000038 0.000022 0.000012 0.000007 0.000004 0.000002 0.000001 0.000001 0.000000 0.000000 0.000000 0.000000 
0.000000 0.000000 0.000000 0.000000 0.000000 0.000001 0.000002 0.000003 0.000005 0.000010 0.000018 0.000032 0.000056 0.000097 0.000165 0.000278 0.000461 0.000754 0.001216 0.001933 0.003030 0.004681 0.007128 0.010698 0.015827 0.023076 0.033160 0.046962 0.065546 0.090155 0.122200 0.163225 0.214841 0.278648 0.356118 0.448458 0.556456 0.680319 0.819521 0.972671 1.137427 1.310471 1.487551 1.663611 1.833004 1.989769 2.127974 2.242084 2.327327 2.380024 2.397854 2.380024 2.327327 2.242084 2.127974 1.989769 1.833004 1.663611 1.487551 1.310471 1.137427 0.972671 0.819521 0.680319 0.556456 0.448458 0.356118 0.278648 0.214841 0.163225 0.122200 0.090155 0.065546 0.046962 0.033160 0.023076 0.015827 0.010698 0.007128 0.004681 0.003030 0.001933 0.001216 0.000754 0.000461 0.000278 0.000165 0.000097 0.000056 0.000032 0.000018 0.000010 0.000005 0.000003 0.000002 0.000001 0.000000 0.000000 0.000000 0.000000 
0.000000 0.000000 0.000000 0.000000 0.000001 0.000001 0.000002 0.000004 0.000008 0.000014 0.000026 0.000046 0.000081 0.000140 0.000238 0.000401 0.000665 0.001087 0.001753 0.002785 0.004363 0.006738 0.010255 0.015386 0.022752 0.033160 0.047633 0.067435 0.094087 0.129370 0.175299 0.234079 0.308014 0.399386 0.510294 0.642457 0.796995 0.974196 1.173302 1.392318 1.627891 1.875276 2.128396 2.380028 2.622103 2.846112 3.043585 3.206619 3.328403 3.403688 3.429160 3.403688 3.328403 3.206619 3.043585 2.846112 2.622103 2.380028 2.128396 1.875276 1.627891 1.392318 1.173302 0.974196 0.796995 0.642457 0.510294 0.399386 0.308014 0.234079 0.175299 0.129370 0.094087 0.067435 0.047633 0.033160 0.022752 0.015386 0.010255 0.006738 0.004363 0.002785 0.001753 0.001087 0.000665 0.000401 0.000238 0.000140 0.000081 0.000046 0.000026 0.000014 0.000008 0.000004 0.000002 0.000001 0.000001 0.000000 0.000000 0.000000 
0.000000 0.000000 0.000000 0.000000 0.000001 0.000002 0.000003 0.000006 0.000011 0.000020 0.000037 0.000066 0.000115 0.000199 0.000339 0.000570 0.000945 0.001545 0.002490 0.003954 0.006192 0.009557 0.014541 0.021806 0.032234 0.046962 0.067435 0.095436 0.133111 0.182968 0.247852 0.330864 0.435250 0.564220 0.720725 0.907180 1.125153 1.375041 1.655763 1.964502 2.296528 2.645150 3.001805 3.356322 3.697340 4.012878 4.291017 4.520636 4.692151 4.798174 4.834046 4.798174 4.692151 4.520636 4.291017 4.012878 3.697340 3.356322 3.001805 2.645150 2.296528 1.964502 1.655763 1.375041 1.125153 0.907180 0.720725 0.564220 0.435250 0.330864 0.247852 0.182968 0.133111 0.095436 0.067435 0.046962 0.032234 0.021806 0.014541 0.009557 0.006192 0.003954 0.002490 0.001545 0.000945 0.000570 0.000339 0.000199 0.000115 0.000066 0.000037 0.000020 0.000011 0.000006 0.000003 0.000002 0.000001 0.000000 0.000000 0.000000 
0.000000 0.000000 0.000000 0.000001 0.000001 0.000002 0.000005 0.000008 0.000016 0.000029 0.000052 0.000092 0.000161 0.000279 0.000476 0.000799 0.001324 0.002164 0.003484 0.005532 0.008659 0.013359 0.020317 0.030458 0.045005 0.065546 0.094087 0.133111 0.185599 0.255039 0.345380 0.460929 0.606190 0.785617 1.003299 1.262579 1.565623 1.912969 2.303103 2.732099 3.193382 3.677651 4.173016 4.665355 5.138900 5.577025 5.963195 6.281981 6.520089 6.667273 6.717071 6.667273 6.520089 6.281981 5.963195 5.577025 5.138900 4.665355 4.173016 3.677651 3.193382 2.732099 2.303103 1.912969 1.565623 1.262579 1.003299 0.785617 0.606190 0.460929 0.345380 0.255039 0.185599 0.133111 0.094087 0.065546 0.045005 0.030458 0.020317 0.013359 0.008659 0.005532 0.003484 0.002164 0.001324 0.000799 0.000476 0.000279 0.000161 0.000092 0.000052 0.000029 0.000016 0.000008 0.000005 0.000002 0.000001 0.000001 0.000000 0.000000 
0.000000 0.000000 0.000000 0.000001 0.000002 0.000003 0.000006 0.000012 0.000022 0.000040 0.000072 0.000127 0.000223 0.000386 0.000657 0.001104 0.001828 0.002985 0.004805 0.007626 0.011932 0.018402 0.027975 0.041922 0.061923 0.090155 0.129370 0.182968 0.255039 0.350358 0.474331 0.632856 0.832090 1.078125 1.376548 1.731922 2.147193 2.623084 3.157502 3.745060 4.376742 5.039812 5.717993 6.391956 7.040130 7.639775 8.168272 8.604529 8.930364 9.131770 9.199912 9.131770 8.930364 8.604529 8.168272 7.639775 7.040130 6.391956 5.717993 5.039812 4.376742 3.745060 3.157502 2.623084 2.147193 1.731922 1.376548 1.078125 0.832090 0.632856 0.474331 0.350358 0.255039 0.182968 0.129370 0.090155 0.061923 0.041922 0.027975 0.018402 0.011932 0.007626 0.004805 0.002985 0.001828 0.001104 0.000657 0.000386 0.000223 0.000127 0.000072 0.000040 0.000022 0.000012 0.000006 0.000003 0.000002 0.000001 0.000000 0.000000 
0.000000 0.000000 0.000001 0.000001 0.000002 0.000004 0.000009 0.000016 0.000030 0.000054 0.000098 0.000174 0.000304 0.000525 0.000894 0.001502 0.002486 0.004058 0.006530 0.010360 0.016201 0.024977 0.037958 0.056862 0.083962 0.122200 0.175299 0.247852 0.345380 0.474331 0.642002 0.856347 1.125671 1.458183 1.861407 2.341483 2.902366 3.545006 4.266561 5.059739 5.912363 6.807236 7.722394 8.631768 9.506264 10.315223 11.028154 11.616622 12.056126 12.327787 12.419697 12.327787 12.056126 11.616622 11.028154 10.315223 9.506264 8.631768 7.722394 6.807236 5.912363 5.059739 4.266561 3.545006 2.902366 2.341483 1.861407 1.458183 1.125671 0.856347 0.642002 0.474331 0.345380 0.247852 0.175299 0.122200 0.083962 0.056862 0.037958 0.024977 0.016201 0.010360 0.006530 0.004058 0.002486 0.001502 0.000894 0.000525 0.000304 0.000174 0.000098 0.000054 0.000030 0.000016 0.000009 0.000004 0.000002 0.000001 0.000000 0.000000 
0.000000 0.000000 0.000001 0.000002 0.000003 0.000006 0.000012 0.000022 0.000040 0.000073 0.000131 0.000233 0.000408 0.000705 0.001200 0.002013 0.003332 0.005436 0.008744 0.013866 0.021677 0.033406 0.050750 0.075999 0.112184 0.163225 0.234079 0.330864 0.460929 0.632856 0.856347 1.141981 1.500797 1.943697 2.480673 3.119867 3.866512 4.721846 5.682058 6.737426 7.871735 9.062105 10.279323 11.488728 12.651646 13.727333 14.675270 15.457680 16.042008 16.403177 16.525369 16.403177 16.042008 15.457680 14.675270 13.727333 12.651646 11.488728 10.279323 9.062105 7.871735 6.737426 5.682058 4.721846 3.866512 3.119867 2.480673 1.943697 1.500797 1.141981 0.856347 0.632856 0.460929 0.330864 0.234079 0.163225 0.112184 0.075999 0.050750 0.033406 0.021677 0.013866 0.008744 0.005436 0.003332 0.002013 0.001200 0.000705 0.000408 0.000233 0.000131 0.000073 0.000040 0.000022 0.000011 0.000006 0.000003 0.000002 0.000001 0.000000 
0.000000 0.000000 0.000001 0.000002 0.000004 0.000008 0.000015 0.000029 0.000053 0.000097 0.000174 0.000309 0.000540 0.000932 0.001585 0.002659 0.004399 0.007174 0.011535 0.018286 0.028577 0.044025 0.066861 0.100093 0.147703 0.214841 0.308014 0.435250 0.606190 0.832090 1.125671 1.500797 1.971927 2.553339 3.258109 4.096879 5.076480 6.198495 7.457897 8.841909 10.329253 11.889922 13.485623 15.070931 16.595180 18.004992 19.247302 20.272633 21.038356 21.511632 21.671750 21.511632 21.038356 20.272633 19.247302 18.004992 16.595180 15.070931 13.485623 11.889922 10.329253 8.841909 7.457897 6.198495 5.076480 4.096879 3.258109 2.553339 1.971927 1.500797 1.125671 0.832090 0.606190 0.435250 0.308014 0.214841 0.147703 0.100093 0.066861 0.044025 0.028577 0.018286 0.011535 0.007174 0.004399 0.002659 0.001585 0.000932 0.000540 0.000309 0.000174 0.000097 0.000053 0.000029 0.000015 0.000008 0.000004 0.000002 0.000001 0.000000 
0.000000 0.000001 0.000001 0.000003 0.000005 0.000010 0.000020 0.000037 0.000069 0.000126 0.000227 0.000402 0.000703 0.001213 0.002064 0.003461 0.005722 0.009329 0.014994 0.023761 0.037120 0.057168 0.086794 0.129895 0.191625 0.278648 0.399386 0.564220 0.785617 1.078125 1.458183 1.943697 2.553339 3.305537 4.217156 5.301912 6.568590 8.019191 9.647179 11.436009 13.358158 15.374845 17.436593 19.484731 21.453830 23.274973 24.879653 26.204004 27.193004 27.804269 28.011069 27.804269 27.193004 26.204004 24.879653 23.274973 21.453830 19.484731 17.436593 15.374845 13.358158 11.436009 9.647179 8.019191 6.568590 5.301912 4.217156 3.305537 2.553339 1.943697 1.458183 1.078125 0.785617 0.564220 0.399386 0.278648 0.191625 0.129895 0.086794 0.057168 0.037120 0.023761 0.014994 0.009329 0.005722 0.003461 0.002064 0.001213 0.000703 0.000402 0.000227 0.000126 0.000069 0.000037 0.000020 0.000010 0.000005 0.000003 0.000001 0.000000 
0.000000 0.000001 0.000002 0.000004 0.000007 0.000013 0.000026 0.000048 0.000089 0.000162 0.000291 0.000516 0.000903 0.001557 0.002646 0.004436 0.007333 0.011951 0.019203 0.030420 0.047508 0.073144 0.111016 0.166098 0.244965 0.356118 0.510294 0.720725 1.003299 1.376548 1.861407 2.480673 3.258109 4.217156 5.379258 6.761838 8.376034 10.224342 12.298388 14.577059 17.025275 19.593633 22.219131 24.827077 27.334198 29.652789 31.695683 33.381624 34.640613 35.418732 35.681977 35.418732 34.640613 33.381624 31.695683 29.652789 27.334198 24.827077 22.219131 19.593633 17.025275 14.577059 12.298388 10.224342 8.376034 6.761838 5.379258 4.217156 3.258109 2.480673 1.861407 1.376548 1.003299 0.720725 0.510294 0.356118 0.244965 0.166098 0.111016 0.073144 0.047508 0.030420 0.019203 0.011951 0.007333 0.004436 0.002646 0.001557 0.000903 0.000516 0.000291 0.000162 0.000089 0.000048 0.000026 0.000013 0.000007 0.000003 0.000001 0.000000 
0.000000 0.000001 0.000002 0.000004 0.000009 0.000017 0.000033 0.000061 0.000113 0.000205 0.000368 0.000653 0.001141 0.001967 0.003343 0.005603 0.009258 0.015084 0.024229 0.038370 0.059907 0.092207 0.139910 0.209272 0.308561 0.448458 0.642457 0.907180 1.262579 1.731922 2.341483 3.119867 4.096879 5.301912 6.761838 8.498473 10.525738 12.846704 15.450802 18.311481 21.384677 24.608366 27.903482 31.176313 34.322394 37.231727 39.794991 41.910295 43.489868 44.466104 44.796372 44.466104 43.489868 41.910295 39.794991 37.231727 34.322394 31.176313 27.903482 24.608366 21.384677 18.311481 15.450802 12.846704 10.525738 8.498473 6.761838 5.301912 4.096879 3.119867 2.341483 1.731922 1.262579 0.907180 0.642457 0.448458 0.308561 0.209272 0.139910 0.092207 0.059907 0.038370 0.024229 0.015084 0.009258 0.005603 0.003343 0.001967 0.001141 0.000653 0.000368 0.000205 0.000113 0.000061 0.000032 0.000017 0.000009 0.000004 0.000002 0.000000 
0.000000 0.000001 0.000003 0.000006 0.000011 0.000021 0.000041 0.000076 0.000140 0.000256 0.000459 0.000814 0.001422 0.002449 0.004161 0.006971 0.011516 0.018755 0.030118 0.047683 0.074427 0.114525 0.173729 0.259793 0.382957 0.556456 0.796995 1.125153 1.565623 2.147193 2.902366 3.866512 5.076480 6.568590 8.376034 10.525738 13.034853 15.907108 19.129359 22.668707 26.470603 30.458309 34.534031 38.581889 42.472731 46.070580 49.240315 51.856005 53.809179 55.016293 55.424664 55.016293 53.809179 51.856005 49.240315 46.070580 42.472731 38.581889 34.534031 30.458309 26.470603 22.668707 19.129359 15.907108 13.034853 10.525738 8.376034 6.568590 5.076480 3.866512 2.902366 2.147193 1.565623 1.125153 0.796995 0.556456 0.382957 0.259793 0.173729 0.114525 0.074427 0.047683 0.030118 0.018755 0.011516 0.006971 0.004161 0.002449 0.001422 0.000814 0.000459 0.000256 0.000140 0.000076 0.000041 0.000021 0.000011 0.000005 0.000002 0.000000 
0.000000 0.000001 0.000003 0.000007 0.000014 0.000026 0.000050 0.000093 0.000172 0.000314 0.000564 0.000999 0.001744 0.003004 0.005102 0.008545 0.014111 0.022975 0.036884 0.058380 0.091100 0.140146 0.212544 0.317761 0.468303 0.680319 0.974196 1.375041 1.912969 2.623084 3.545006 4.721846 6.198495 8.019191 10.224342 12.846704 15.907108 19.410018 23.339334 27.654883 32.290119 37.151477 42.119748 47.053714 51.796006 56.180961 60.043977 63.231658 65.611884 67.082903 67.580550 67.082903 65.611884 63.231658 60.043977 56.180961 51.796006 47.053714 42.119748 37.151477 32.290119 27.654883 23.339334 19.410018 15.907108 12.846704 10.224342 8.019191 6.198495 4.721846 3.545006 2.623084 1.912969 1.375041 0.974196 0.680319 0.468303 0.317761 0.212544 0.140146 0.091100 0.058380 0.036884 0.022975 0.014111 0.008545 0.005102 0.003004 0.001744 0.000999 0.000564 0.000314 0.000172 0.000093 0.000050 0.000026 0.000013 0.000007 0.000003 0.000000 
0.000000 0.000002 0.000004 0.000008 0.000017 0.000032 0.000060 0.000113 0.000209 0.000380 0.000682 0.001207 0.002108 0.003629 0.006162 0.010317 0.017033 0.027727 0.044501 0.070419 0.109859 0.168966 0.256193 0.382936 0.564237 0.819521 1.173302 1.655763 2.303103 3.157502 4.266561 5.682058 7.457897 9.647179 12.298388 15.450802 19.129359 23.339334 28.061295 33.246908 38.816175 44.656661 50.625167 56.552083 62.248433 67.515305 72.155079 75.983601 78.842273 80.608950 81.206614 80.608950 78.842273 75.983601 72.155079 67.515305 62.248433 56.552083 50.625167 44.656661 38.816175 33.246908 28.061295 23.339334 19.129359 15.450802 12.298388 9.647179 7.457897 5.682058 4.266561 3.157502 2.303103 1.655763 1.173302 0.819521 0.564237 0.382936 0.256193 0.168966 0.109859 0.070419 0.044501 0.027727 0.017033 0.010317 0.006162 0.003629 0.002108 0.001207 0.000682 0.000380 0.000209 0.000113 0.000060 0.000032 0.000016 0.000008 0.000003 0.000000 
0.000000 0.000002 0.000005 0.000010 0.000020 0.000038 0.000072 0.000135 0.000249 0.000452 0.000812 0.001437 0.002509 0.004319 0.007331 0.012272 0.020255 0.032964 0.052894 0.083680 0.130519 0.200699 0.304245 0.454669 0.669803 0.972671 1.392318 1.964502 2.732099 3.745060 5.059739 6.737426 8.841909 11.436009 14.577059 18.311481 22.668707 27.654883 33.246908 39.387479 45.981823 52.896799 59.962881 66.979314 73.722450 79.956910 85.448865 89.980434 93.363980 95.455002 96.162387 95.455002 93.363980 89.980434 85.448865 79.956910 73.722450 66.979314 59.962881 52.896799 45.981823 39.387479 33.246908 27.654883 22.668707 18.311481 14.577059 11.436009 8.841909 6.737426 5.059739 3.745060 2.732099 1.964502 1.392318 0.972671 0.669803 0.454669 0.304245 0.200699 0.130519 0.083680 0.052894 0.032964 0.020255 0.012272 0.007331 0.004319 0.002509 0.001437 0.000812 0.000452 0.000249 0.000135 0.000072 0.000038 0.000019 0.000010 0.000004 0.000000 
0.000000 0.000002 0.000006 0.000012 0.000023 0.000045 0.000085 0.000158 0.000292 0.000531 0.000953 0.001686 0.002942 0.005063 0.008592 0.014379 0.023728 0.038607 0.061935 0.097963 0.152765 0.234862 0.355967 0.531867 0.783391 1.137427 1.627891 2.296528 3.193382 4.376742 5.912363 7.871735 10.329253 13.358158 17.025275 21.384677 26.470603 32.290119 38.816175 45.981823 53.676427 61.744622 69.988625 78.174263 86.040693 93.313418 99.719769 105.005689 108.952401 111.391426 112.216533 111.391426 108.952401 105.005689 99.719769 93.313418 86.040693 78.174263 69.988625 61.744622 53.676427 45.981823 38.816175 32.290119 26.470603 21.384677 17.025275 13.358158 10.329253 7.871735 5.912363 4.376742 3.193382 2.296528 1.627891 1.137427 0.783391 0.531867 0.355967 0.234862 0.152765 0.097963 0.061935 0.038607 0.023728 0.014379 0.008592 0.005063 0.002942 0.001686 0.000953 0.000531 0.000292 0.000158 0.000085 0.000044 0.000023 0.000011 0.000005 0.000000 
0.000000 0.000003 0.000007 0.000014 0.000027 0.000052 0.000098 0.000183 0.000337 0.000614 0.001101 0.001947 0.003398 0.005846 0.009919 0.016596 0.027381 0.044542 0.071443 0.112980 0.176152 0.270768 0.410318 0.612974 0.902711 1.310471 1.875276 2.645150 3.677651 5.039812 6.807236 9.062105 11.889922 15.374845 19.593633 24.608366 30.458309 37.151477 44.656661 52.896799 61.744622 71.021463 80.499932 89.910840 98.954376 107.315061 114.679543 120.755877 125.292665 128.096317 129.044768 128.096317 125.292665 120.755877 114.679543 107.315061 98.954376 89.910840 80.499932 71.021463 61.744622 52.896799 44.656661 37.151477 30.458309 24.608366 19.593633 15.374845 11.889922 9.062105 6.807236 5.039812 3.677651 2.645150 1.875276 1.310471 0.902711 0.612974 0.410318 0.270768 0.176152 0.112980 0.071443 0.044542 0.027381 0.016596 0.009919 0.005846 0.003398 0.001947 0.001101 0.000614 0.000337 0.000183 0.000098 0.000051 0.000026 0.000013 0.000005 0.000000 
0.000000 0.000003 0.000008 0.000016 0.000031 0.000059 0.000111 0.000208 0.000384 0.000698 0.001253 0.002216 0.003865 0.006649 0.011280 0.018869 0.031125 0.050623 0.081183 0.128362 0.200102 0.307534 0.465962 0.695998 1.024832 1.487551 2.128396 3.001805 4.173016 5.717993 7.722394 10.279323 13.485623 17.436593 22.219131 27.903482 34.534031 42.119748 50.625167 59.962881 69.988625 80.499932 91.239174 101.901404 112.147024 121.618719 129.961605 136.845056 141.984380 145.160353 146.234752 145.160353 141.984380 136.845056 129.961605 121.618719 112.147024 101.901404 91.239174 80.499932 69.988625 59.962881 50.625167 42.119748 34.534031 27.903482 22.219131 17.436593 13.485623 10.279323 7.722394 5.717993 4.173016 3.001805 2.128396 1.487551 1.024832 0.695998 0.465962 0.307534 0.200102 0.128362 0.081183 0.050623 0.031125 0.018869 0.011280 0.006649 0.003865 0.002216 0.001253 0.000698 0.000384 0.000208 0.000111 0.000059 0.000030 0.000015 0.000006 0.000000 
