0.000000 0.000000 0.000000 0.000000 0.000000 0.000000 0.000000 0.000000 0.000000 0.000000 0.000000 0.000000 0.000000 0.000000 0.000000 0.000000 0.000000 0.000000 0.000000 0.000000 0.000000 0.000000 0.000000 0.000000 0.000000 0.000000 0.000000 0.000000 0.000000 0.000000 0.000000 0.000000 0.000000 0.000000 0.000000 0.000000 0.000000 0.000000 0.000000 0.000000 0.000000 0.000000 0.000000 0.000000 0.000000 0.000000 0.000000 0.000000 0.000000 0.000000 0.000000 0.000000 0.000000 0.000000 0.000000 0.000000 0.000000 0.000000 0.000000 0.000000 0.000000 0.000000 0.000000 0.000000 0.000000 0.000000 0.000000 0.000000 0.000000 0.000000 0.000000 0.000000 0.000000 0.000000 0.000000 0.000000 0.000000 0.000000 0.000000 0.000000 0.000000 0.000000 0.000000 0.000000 0.000000 0.000000 0.000000 0.000000 0.000000 0.000000 0.000000 0.000000 0.000000 0.000000 0.000000 0.000000 0.000000 0.000000 0.000000 0.000000 
0.000000 0.000000 0.000000 0.000000 0.000000 0.000001 0.000001 0.000001 0.000002 0.000003 0.000004 0.000005 0.000007 0.000009 0.000013 0.000017 0.000023 0.000031 0.000041 0.000054 0.000070 0.000089 0.000114 0.000144 0.000181 0.000225 0.000277 0.000339 0.000410 0.000493 0.000587 0.000694 0.000813 0.000944 0.001087 0.001240 0.001404 0.001576 0.001754 0.001935 0.002117 0.002296 0.002469 0.002633 0.002784 0.002918 0.003032 0.003124 0.003192 0.003233 0.003247 0.003233 0.003192 0.003124 0.003032 0.002918 0.002784 0.002633 0.002469 0.002296 0.002117 0.001935 0.001754 0.001576 0.001404 0.001240 0.001087 0.000944 0.000813 0.000694 0.000587 0.000493 0.000410 0.000339 0.000277 0.000225 0.000181 0.000144 0.000114 0.000089 0.000070 0.000054 0.000041 0.000031 0.000023 0.000017 0.000013 0.000009 0.000007 0.000005 0.000004 0.000003 0.000002 0.000001 0.000001 0.000001 0.000000 0.000000 0.000000 0.000000 
0.000000 0.000000 0.000000 0.000001 0.000001 0.000001 0.000002 0.000003 0.000004 0.000005 0.000008 0.000011 0.000015 0.000020 0.000028 0.000038 0.000050 0.000067 0.000088 0.000115 0.000150 0.000192 0.000245 0.000310 0.000389 0.000483 0.000596 0.000728 0.000882 0.001060 0.001263 0.001492 0.001747 0.002029 0.002336 0.002667 0.003019 0.003388 0.003770 0.004160 0.004551 0.004936 0.005308 0.005660 0.005983 0.006272 0.006518 0.006716 0.006861 0.006950 0.006980 0.006950 0.006861 0.006716 0.006518 0.006272 0.005983 0.005660 0.005308 0.004936 0.004551 0.004160 0.003770 0.003388 0.003019 0.002667 0.002336 0.002029 0.001747 0.001492 0.001263 0.001060 0.000882 0.000728 0.000596 0.000483 0.000389 0.000310 0.000245 0.000192 0.000150 0.000115 0.000088 0.000067 0.000050 0.000038 0.000028 0.000020 0.000015 0.000011 0.000008 0.000005 0.000004 0.000003 0.000002 0.000001 0.000001 0.000000 0.000000 0.000000 
0.000000 0.000000 0.000001 0.000001 0.000001 0.000002 0.000003 0.000004 0.000006 0.000009 0.000013 0.000018 0.000025 0.000034 0.000047 0.000063 0.000085 0.000113 0.000149 0.000194 0.000252 0.000324 0.000413 0.000522 0.000655 0.000814 0.001003 0.001226 0.001485 0.001784 0.002125 0.002510 0.002940 0.003414 0.003930 0.004487 0.005078 0.005699 0.006342 0.006997 0.007654 0.008302 0.008928 0.009519 0.010063 0.010548 0.010961 0.011294 0.011539 0.011688 0.011738 0.011688 0.011539 0.011294 0.010961 0.010548 0.010063 0.009519 0.008928 0.008302 0.007654 0.006997 0.006342 0.005699 0.005078 0.004487 0.003930 0.003414 0.002940 0.002510 0.002125 0.001784 0.001485 0.001226 0.001003 0.000814 0.000655 0.000522 0.000413 0.000324 0.000252 0.000194 0.000149 0.000113 0.000085 0.000063 0.000047 0.000034 0.000025 0.000018 0.000013 0.000009 0.000006 0.000004 0.000003 0.000002 0.000001 0.000001 0.000000 0.000000 
0.000000 0.000000 0.000001 0.000001 0.000002 0.000003 0.000005 0.000007 0.000010 0.000014 0.000020 0.000028 0.000039 0.000053 0.000073 0.000098 0.000132 0.000175 0.000231 0.000302 0.000391 0.000503 0.000641 0.000810 0.001015 0.001262 0.001555 0.001900 0.002302 0.002765 0.003293 0.003890 0.004555 0.005289 0.006089 0.006951 0.007867 0.008828 0.009823 0.010837 0.011854 0.012857 0.013826 0.014741 0.015583 0.016333 0.016974 0.017489 0.017867 0.018097 0.018175 0.018097 0.017867 0.017489 0.016974 0.016333 0.015583 0.014741 0.013826 0.012857 0.011854 0.010837 0.009823 0.008828 0.007867 0.006951 0.006089 0.005289 0.004555 0.003890 0.003293 0.002765 0.002302 0.001900 0.001555 0.001262 0.001015 0.000810 0.000641 0.000503 0.000391 0.000302 0.000231 0.000175 0.000132 0.000098 0.000073 0.000053 0.000039 0.000028 0.000020 0.000014 0.000010 0.000007 0.000005 0.000003 0.000002 0.000001 0.000001 0.000000 
0.000000 0.000001 0.000001 0.000002 0.000003 0.000005 0.000007 0.000010 0.000015 0.000021 0.000030 0.000042 0.000058 0.000080 0.000109 0.000147 0.000197 0.000262 0.000345 0.000451 0.000585 0.000752 0.000958 0.001211 0.001518 0.001886 0.002324 0.002839 0.003439 0.004131 0.004920 0.005810 0.006803 0.007898 0.009093 0.010378 0.011746 0.013181 0.014665 0.016178 0.017696 0.019192 0.020637 0.022002 0.023258 0.024377 0.025333 0.026102 0.026665 0.027009 0.027125 0.027009 0.026665 0.026102 0.025333 0.024377 0.023258 0.022002 0.020637 0.019192 0.017696 0.016178 0.014665 0.013181 0.011746 0.010378 0.009093 0.007898 0.006803 0.005810 0.004920 0.004131 0.003439 0.002839 0.002324 0.001886 0.001518 0.001211 0.000958 0.000752 0.000585 0.000451 0.000345 0.000262 0.000197 0.000147 0.000109 0.000080 0.000058 0.000042 0.000030 0.000021 0.000015 0.000010 0.000007 0.000005 0.000003 0.000002 0.000001 0.000000 
0.000000 0.000001 0.000002 0.000003 0.000005 0.000007 0.000011 0.000015 0.000022 0.000031 0.000044 0.000061 0.000085 0.000117 0.000159 0.000216 0.000289 0.000384 0.000506 0.000662 0.000858 0.001102 0.001404 0.001775 0.002224 0.002763 0.003404 0.004158 0.005036 0.006049 0.007203 0.008506 0.009959 0.011562 0.013309 0.015190 0.017190 0.019289 0.021460 0.023673 0.025892 0.028079 0.030192 0.032189 0.034026 0.035662 0.037058 0.038183 0.039007 0.039509 0.039679 0.039509 0.039007 0.038183 0.037058 0.035662 0.034026 0.032189 0.030192 0.028079 0.025892 0.023673 0.021460 0.019289 0.017190 0.015190 0.013309 0.011562 0.009959 0.008506 0.007203 0.006049 0.005036 0.004158 0.003404 0.002763 0.002224 0.001775 0.001404 0.001102 0.000858 0.000662 0.000506 0.000384 0.000289 0.000216 0.000159 0.000117 0.000085 0.000061 0.000044 0.000031 0.000022 0.000015 0.000010 0.000007 0.000005 0.000003 0.000001 0.000000 
0.000000 0.000001 0.000003 0.000004 0.000007 0.000010 0.000015 0.000022 0.000032 0.000045 0.000064 0.000089 0.000123 0.000169 0.000231 0.000312 0.000418 0.000556 0.000733 0.000957 0.001241 0.001594 0.002031 0.002566 0.003215 0.003994 0.004920 0.006010 0.007279 0.008741 0.010409 0.012290 0.014388 0.016702 0.019224 0.021940 0.024827 0.027856 0.030989 0.034183 0.037386 0.040542 0.043591 0.046472 0.049122 0.051483 0.053498 0.055120 0.056309 0.057034 0.057278 0.057034 0.056309 0.055120 0.053498 0.051483 0.049122 0.046472 0.043591 0.040542 0.037386 0.034183 0.030989 0.027856 0.024827 0.021940 0.019224 0.016702 0.014388 0.012290 0.010409 0.008741 0.007279 0.006010 0.004920 0.003994 0.003215 0.002566 0.002031 0.001594 0.001241 0.000957 0.000733 0.000556 0.000418 0.000312 0.000231 0.000169 0.000123 0.000089 0.000064 0.000045 0.000032 0.000022 0.000015 0.000010 0.000007 0.000004 0.000002 0.000000 
0.000000 0.000002 0.000004 0.000006 0.000010 0.000015 0.000022 0.000032 0.000046 0.000065 0.000091 0.000128 0.000177 0.000243 0.000331 0.000447 0.000599 0.000796 0.001049 0.001371 0.001776 0.002282 0.002907 0.003673 0.004601 0.005715 0.007039 0.008597 0.010411 0.012501 0.014885 0.017573 0.020572 0.023878 0.027482 0.031361 0.035486 0.039813 0.044288 0.048850 0.053424 0.057931 0.062286 0.066400 0.070184 0.073555 0.076433 0.078749 0.080446 0.081482 0.081830 0.081482 0.080446 0.078749 0.076433 0.073555 0.070184 0.066400 0.062286 0.057931 0.053424 0.048850 0.044288 0.039813 0.035486 0.031361 0.027482 0.023878 0.020572 0.017573 0.014885 0.012501 0.010411 0.008597 0.007039 0.005715 0.004601 0.003673 0.002907 0.002282 0.001776 0.001371 0.001049 0.000796 0.000599 0.000447 0.000331 0.000243 0.000177 0.000128 0.000091 0.000065 0.000045 0.000032 0.000022 0.000015 0.000009 0.000006 0.000003 0.000000 
0.000000 0.000003 0.000005 0.000009 0.000014 0.000021 0.000031 0.000045 0.000065 0.000092 0.000130 0.000181 0.000251 0.000345 0.000470 0.000635 0.000851 0.001130 0.001489 0.001945 0.002520 0.003237 0.004124 0.005209 0.006524 0.008103 0.009979 0.012186 0.014755 0.017716 0.021092 0.024899 0.029144 0.033826 0.038927 0.044420 0.050258 0.056382 0.062717 0.069172 0.075646 0.082024 0.088186 0.094007 0.099362 0.104131 0.108203 0.111480 0.113881 0.115346 0.115839 0.115346 0.113881 0.111480 0.108203 0.104131 0.099362 0.094007 0.088186 0.082024 0.075646 0.069172 0.062717 0.056382 0.050258 0.044420 0.038927 0.033826 0.029144 0.024899 0.021092 0.017716 0.014755 0.012186 0.009979 0.008103 0.006524 0.005209 0.004124 0.003237 0.002520 0.001945 0.001489 0.001130 0.000851 0.000635 0.000470 0.000345 0.000251 0.000181 0.000130 0.000092 0.000065 0.000045 0.000031 0.000021 0.000013 0.000008 0.000004 0.000000 
0.000000 0.000004 0.000008 0.000013 0.000020 0.000030 0.000044 0.000064 0.000091 0.000130 0.000183 0.000255 0.000354 0.000486 0.000662 0.000894 0.001197 0.001590 0.002095 0.002736 0.003544 0.004552 0.005798 0.007323 0.009171 0.011388 0.014024 0.017123 0.020732 0.024889 0.029629 0.034973 0.040933 0.047505 0.054665 0.062373 0.070566 0.079160 0.088049 0.097106 0.106189 0.115137 0.123782 0.131947 0.139459 0.146149 0.151860 0.156457 0.159825 0.161881 0.162572 0.161881 0.159825 0.156457 0.151860 0.146149 0.139459 0.131947 0.123782 0.115137 0.106189 0.097106 0.088049 0.079160 0.070566 0.062373 0.054665 0.047505 0.040933 0.034973 0.029629 0.024889 0.020732 0.017123 0.014024 0.011388 0.009171 0.007323 0.005798 0.004552 0.003544 0.002736 0.002095 0.001590 0.001197 0.000894 0.000662 0.000486 0.000354 0.000255 0.000183 0.000130 0.000091 0.000063 0.000044 0.000029 0.000019 0.000011 0.000005 0.000000 
0.000000 0.000005 0.000011 0.000018 0.000028 0.000042 0.000061 0.000089 0.000128 0.000181 0.000255 0.000357 0.000494 0.000678 0.000924 0.001247 0.001671 0.002219 0.002922 0.003817 0.004943 0.006348 0.008084 0.010208 0.012783 0.015872 0.019542 0.023859 0.028884 0.034673 0.041272 0.048712 0.057009 0.066155 0.076121 0.086848 0.098249 0.110207 0.122575 0.135177 0.147814 0.160262 0.172288 0.183647 0.194096 0.203402 0.211346 0.217739 0.222424 0.225284 0.226245 0.225284 0.222424 0.217739 0.211346 0.203402 0.194096 0.183647 0.172288 0.160262 0.147814 0.135177 0.122575 0.110207 0.098249 0.086848 0.076121 0.066155 0.057009 0.048712 0.041272 0.034673 0.028884 0.023859 0.019542 0.015872 0.012783 0.010208 0.008084 0.006348 0.004943 0.003817 0.002922 0.002219 0.001671 0.001247 0.000924 0.000678 0.000494 0.000357 0.000255 0.000181 0.000127 0.000089 0.000061 0.000041 0.000026 0.000016 0.000007 0.000000 
0.000000 0.000007 0.000015 0.000025 0.000039 0.000058 0.000085 0.000123 0.000177 0.000251 0.000354 0.000494 0.000684 0.000939 0.001279 0.001726 0.002312 0.003070 0.004043 0.005279 0.006836 0.008777 0.011176 0.014112 0.017669 0.021936 0.027006 0.032968 0.039908 0.047901 0.057012 0.067284 0.078737 0.091362 0.105117 0.119922 0.135656 0.152158 0.169224 0.186613 0.204047 0.221222 0.237813 0.253484 0.267898 0.280735 0.291694 0.300513 0.306975 0.310919 0.312245 0.310919 0.306975 0.300513 0.291694 0.280735 0.267898 0.253484 0.237813 0.221222 0.204047 0.186613 0.169224 0.152158 0.135656 0.119922 0.105117 0.091362 0.078737 0.067284 0.057012 0.047901 0.039908 0.032968 0.027006 0.021936 0.017669 0.014112 0.011176 0.008777 0.006836 0.005279 0.004043 0.003070 0.002312 0.001726 0.001279 0.000939 0.000684 0.000494 0.000354 0.000251 0.000176 0.000123 0.000084 0.000057 0.000037 0.000022 0.000010 0.000000 
0.000000 0.000009 0.000020 0.000034 0.000053 0.000080 0.000117 0.000169 0.000243 0.000345 0.000486 0.000678 0.000939 0.001289 0.001755 0.002369 0.003172 0.004212 0.005546 0.007241 0.009375 0.012036 0.015324 0.019346 0.024220 0.030066 0.037011 0.045177 0.054681 0.065628 0.078103 0.092167 0.107847 0.125130 0.143959 0.164222 0.185757 0.208341 0.231695 0.255490 0.279347 0.302847 0.325547 0.346987 0.366709 0.384270 0.399263 0.411328 0.420169 0.425564 0.427378 0.425564 0.420169 0.411328 0.399263 0.384270 0.366709 0.346987 0.325547 0.302847 0.279347 0.255490 0.231695 0.208341 0.185757 0.164222 0.143959 0.125130 0.107847 0.092167 0.078103 0.065628 0.054681 0.045177 0.037011 0.030066 0.024220 0.019346 0.015324 0.012036 0.009375 0.007241 0.005546 0.004212 0.003172 0.002369 0.001755 0.001289 0.000939 0.000678 0.000486 0.000345 0.000242 0.000169 0.000116 0.000078 0.000051 0.000030 0.000014 0.000000 
0.000000 0.000013 0.000028 0.000047 0.000073 0.000109 0.000159 0.000231 0.000331 0.000470 0.000662 0.000924 0.001279 0.001755 0.002389 0.003225 0.004317 0.005731 0.007545 0.009849 0.012750 0.016368 0.020837 0.026303 0.032925 0.040868 0.050303 0.061395 0.074304 0.089171 0.106112 0.125209 0.146498 0.169963 0.195523 0.223030 0.252260 0.282913 0.314610 0.346903 0.379278 0.411168 0.441971 0.471063 0.497823 0.521651 0.541993 0.558363 0.570357 0.577678 0.580139 0.577678 0.570357 0.558363 0.541993 0.521651 0.497823 0.471063 0.441971 0.411168 0.379278 0.346903 0.314610 0.282913 0.252260 0.223030 0.195523 0.169963 0.146498 0.125209 0.106112 0.089171 0.074304 0.061395 0.050303 0.040868 0.032925 0.026303 0.020837 0.016368 0.012750 0.009849 0.007545 0.005731 0.004317 0.003225 0.002389 0.001755 0.001278 0.000924 0.000661 0.000470 0.000330 0.000230 0.000158 0.000106 0.000069 0.000041 0.000019 0.000000 
0.000000 0.000017 0.000038 0.000063 0.000098 0.000147 0.000216 0.000312 0.000447 0.000635 0.000894 0.001247 0.001726 0.002369 0.003225 0.004353 0.005826 0.007733 0.010179 0.013286 0.017198 0.022075 0.028097 0.035464 0.044388 0.055091 0.067802 0.082745 0.100133 0.120157 0.142973 0.168690 0.197357 0.228950 0.263364 0.300395 0.339744 0.381005 0.423670 0.467135 0.510708 0.553627 0.595081 0.634231 0.670241 0.702306 0.729679 0.751706 0.767846 0.777696 0.781008 0.777696 0.767846 0.751706 0.729679 0.702306 0.670241 0.634231 0.595081 0.553627 0.510708 0.467135 0.423670 0.381005 0.339744 0.300395 0.263364 0.228950 0.197357 0.168690 0.142973 0.120157 0.100133 0.082745 0.067802 0.055091 0.044388 0.035464 0.028097 0.022075 0.017198 0.013286 0.010179 0.007733 0.005826 0.004353 0.003225 0.002369 0.001726 0.001247 0.000894 0.000635 0.000446 0.000311 0.000213 0.000144 0.000093 0.000056 0.000026 0.000000 
0.000000 0.000023 0.000050 0.000085 0.000132 0.000197 0.000289 0.000418 0.000599 0.000851 0.001197 0.001671 0.002312 0.003172 0.004317 0.005826 0.007797 0.010348 0.013619 0.017774 0.023003 0.029523 0.037574 0.047420 0.059346 0.073648 0.090632 0.110596 0.133824 0.160571 0.191045 0.225390 0.263673 0.305861 0.351811 0.401254 0.453787 0.508870 0.565824 0.623843 0.682004 0.739290 0.794618 0.846870 0.894929 0.937722 0.974253 1.003649 1.025188 1.038332 1.042751 1.038332 1.025188 1.003649 0.974253 0.937722 0.894929 0.846870 0.794618 0.739290 0.682004 0.623843 0.565824 0.508870 0.453787 0.401254 0.351811 0.305861 0.263673 0.225390 0.191045 0.160571 0.133824 0.110596 0.090632 0.073648 0.059346 0.047420 0.037574 0.029523 0.023003 0.017774 0.013618 0.010348 0.007797 0.005826 0.004317 0.003172 0.002312 0.001670 0.001197 0.000850 0.000598 0.000416 0.000286 0.000193 0.000125 0.000074 0.000035 0.000000 
0.000000 0.000031 0.000067 0.000113 0.000175 0.000262 0.000384 0.000556 0.000796 0.001130 0.001590 0.002219 0.003070 0.004212 0.005731 0.007733 0.010348 0.013731 0.018069 0.023579 0.030514 0.039157 0.049830 0.062881 0.078686 0.097640 0.120144 0.146595 0.177369 0.212801 0.253166 0.298656 0.349357 0.405227 0.466074 0.531543 0.601099 0.674027 0.749429 0.826237 0.903229 0.979061 1.052297 1.121460 1.185071 1.241710 1.290061 1.328967 1.357474 1.374871 1.380719 1.374871 1.357474 1.328967 1.290061 1.241710 1.185071 1.121460 1.052297 0.979061 0.903229 0.826237 0.749429 0.674027 0.601099 0.531543 0.466074 0.405227 0.349357 0.298656 0.253166 0.212801 0.177369 0.146595 0.120144 0.097640 0.078686 0.062881 0.049830 0.039157 0.030514 0.023579 0.018069 0.013731 0.010348 0.007733 0.005731 0.004212 0.003070 0.002219 0.001590 0.001129 0.000795 0.000553 0.000380 0.000256 0.000166 0.000099 0.000046 0.000000 
0.000000 0.000041 0.000088 0.000149 0.000231 0.000345 0.000506 0.000733 0.001049 0.001489 0.002095 0.002922 0.004043 0.005546 0.007545 0.010179 0.013619 0.018069 0.023775 0.031021 0.040139 0.051504 0.065534 0.082690 0.103463 0.128373 0.157945 0.192701 0.233133 0.279681 0.332707 0.392460 0.459053 0.532429 0.612337 0.698309 0.789644 0.885401 0.984402 1.085243 1.186323 1.285874 1.382016 1.472807 1.556308 1.630655 1.694122 1.745189 1.782607 1.805442 1.813119 1.805442 1.782607 1.745189 1.694122 1.630655 1.556308 1.472807 1.382016 1.285874 1.186323 1.085243 0.984402 0.885401 0.789644 0.698309 0.612337 0.532429 0.459053 0.392460 0.332707 0.279681 0.233133 0.192701 0.157945 0.128373 0.103463 0.082690 0.065534 0.051504 0.040139 0.031021 0.023775 0.018069 0.013618 0.010179 0.007545 0.005546 0.004042 0.002922 0.002094 0.001488 0.001047 0.000729 0.000501 0.000337 0.000219 0.000131 0.000061 0.000000 
0.000000 0.000054 0.000115 0.000194 0.000302 0.000451 0.000662 0.000957 0.001371 0.001945 0.002736 0.003817 0.005279 0.007241 0.009849 0.013286 0.017774 0.023579 0.031021 0.040472 0.052362 0.067179 0.085471 0.107834 0.134912 0.167376 0.205915 0.251204 0.303886 0.364533 0.433612 0.511450 0.598192 0.693763 0.797835 0.909798 1.028739 1.153432 1.282342 1.413643 1.545248 1.674860 1.800028 1.918225 2.026931 2.123716 2.206336 2.272814 2.321523 2.351248 2.361241 2.351248 2.321523 2.272814 2.206336 2.123716 2.026931 1.918225 1.800028 1.674860 1.545248 1.413643 1.282342 1.153432 1.028739 0.909798 0.797835 0.693763 0.598192 0.511450 0.433612 0.364533 0.303886 0.251204 0.205915 0.167376 0.134912 0.107834 0.085471 0.067179 0.052362 0.040472 0.031021 0.023579 0.017774 0.013286 0.009849 0.007240 0.005278 0.003816 0.002735 0.001944 0.001368 0.000953 0.000655 0.000441 0.000286 0.000171 0.000080 0.000000 
0.000000 0.000070 0.000150 0.000252 0.000391 0.000585 0.000858 0.001241 0.001776 0.002520 0.003544 0.004943 0.006836 0.009375 0.012750 0.017198 0.023003 0.030514 0.040139 0.052362 0.067737 0.086896 0.110545 0.139455 0.174456 0.216417 0.266223 0.324749 0.392823 0.471181 0.560429 0.660985 0.773036 0.896485 1.030906 1.175511 1.329119 1.490147 1.656615 1.826162 1.996096 2.163448 2.325059 2.477665 2.618012 2.742966 2.849630 2.935454 2.998336 3.036711 3.049612 3.036711 2.998336 2.935454 2.849630 2.742966 2.618012 2.477665 2.325059 2.163448 1.996096 1.826162 1.656615 1.490147 1.329119 1.175511 1.030906 0.896485 0.773036 0.660985 0.560429 0.471181 0.392823 0.324749 0.266223 0.216417 0.174456 0.139455 0.110545 0.086896 0.067737 0.052362 0.040139 0.030514 0.023003 0.017198 0.012750 0.009374 0.006835 0.004942 0.003543 0.002518 0.001773 0.001235 0.000849 0.000572 0.000371 0.000221 0.000103 0.000000 
0.000000 0.000089 0.000192 0.000324 0.000503 0.000752 0.001102 0.001594 0.002282 0.003237 0.004552 0.006348 0.008777 0.012036 0.016368 0.022075 0.029523 0.039157 0.051504 0.067179 0.086896 0.111463 0.141784 0.178847 0.223713 0.277497 0.341331 0.416335 0.503566 0.603970 0.718318 0.847146 0.990691 1.148827 1.321009 1.506224 1.702961 1.909192 2.122378 2.339500 2.557108 2.771403 2.978339 3.173739 3.353439 3.513427 3.649993 3.759876 3.840385 3.889516 3.906033 3.889516 3.840385 3.759876 3.649993 3.513427 3.353439 3.173739 2.978339 2.771403 2.557108 2.339500 2.122378 1.909192 1.702961 1.506224 1.321009 1.148827 0.990691 0.847146 0.718318 0.603970 0.503566 0.416335 0.341331 0.277497 0.223713 0.178847 0.141784 0.111463 0.086896 0.067179 0.051504 0.039157 0.029523 0.022074 0.016368 0.012036 0.008777 0.006347 0.004551 0.003234 0.002278 0.001587 0.001091 0.000735 0.000477 0.000285 0.000133 0.000000 
0.000000 0.000114 0.000245 0.000413 0.000641 0.000958 0.001404 0.002031 0.002907 0.004124 0.005798 0.008084 0.011176 0.015324 0.020837 0.028097 0.037574 0.049830 0.065534 0.085471 0.110545 0.141784 0.180335 0.227454 0.284489 0.352853 0.433985 0.529307 0.640160 0.767743 0.913034 1.076713 1.259078 1.459968 1.678688 1.913952 2.163838 2.425771 2.696526 2.972267 3.248616 3.520749 3.783528 4.031652 4.259833 4.462980 4.636385 4.775906 4.878129 4.940512 4.961483 4.940512 4.878129 4.775906 4.636385 4.462980 4.259833 4.031652 3.783528 3.520749 3.248616 2.972267 2.696526 2.425771 2.163838 1.913952 1.678688 1.459968 1.259078 1.076713 0.913034 0.767743 0.640160 0.529307 0.433985 0.352853 0.284489 0.227454 0.180335 0.141784 0.110545 0.085471 0.065534 0.049830 0.037574 0.028097 0.020836 0.015323 0.011175 0.008082 0.005796 0.004120 0.002902 0.002022 0.001390 0.000937 0.000608 0.000363 0.000169 0.000000 
0.000000 0.000144 0.000310 0.000522 0.000810 0.001211 0.001775 0.002566 0.003673 0.005209 0.007323 0.010208 0.014112 0.019346 0.026303 0.035464 0.047420 0.062881 0.082690 0.107834 0.139455 0.178847 0.227454 0.286858 0.358759 0.444933 0.547194 0.667330 0.807030 0.967802 1.150876 1.357105 1.586865 1.839949 2.115481 2.411838 2.726599 3.056519 3.397536 3.744820 4.092857 4.435573 4.766499 5.078962 5.366304 5.622116 5.840472 6.016157 6.144877 6.223429 6.249835 6.223429 6.144877 6.016157 5.840472 5.622116 5.366304 5.078962 4.766499 4.435573 4.092857 3.744820 3.397536 3.056519 2.726599 2.411838 2.115481 1.839949 1.586865 1.357105 1.150876 0.967802 0.807030 0.667330 0.547194 0.444933 0.358759 0.286858 0.227454 0.178847 0.139455 0.107834 0.082689 0.062881 0.047420 0.035464 0.026302 0.019346 0.014111 0.010206 0.007320 0.005204 0.003666 0.002555 0.001757 0.001184 0.000768 0.000458 0.000214 0.000000 
0.000000 0.000181 0.000389 0.000655 0.001015 0.001518 0.002224 0.003215 0.004601 0.006524 0.009171 0.012783 0.017669 0.024220 0.032925 0.044388 0.059346 0.078686 0.103463 0.134912 0.174456 0.223713 0.284489 0.358759 0.448643 0.556363 0.684182 0.834332 1.008921 1.209830 1.438594 1.696277 1.983343 2.299533 2.643750 3.013965 3.407151 3.819256 4.245204 4.678964 5.113649 5.541675 5.954964 6.345185 6.704026 7.023485 7.296164 7.515555 7.676295 7.774386 7.807361 7.774386 7.676295 7.515555 7.296164 7.023485 6.704026 6.345185 5.954964 5.541675 5.113649 4.678964 4.245204 3.819256 3.407151 3.013965 2.643750 2.299533 1.983343 1.696277 1.438594 1.209830 1.008921 0.834332 0.684182 0.556363 0.448643 0.358759 0.284489 0.223713 0.174456 0.134912 0.103463 0.078686 0.059346 0.044388 0.032924 0.024219 0.017667 0.012780 0.009167 0.006518 0.004592 0.003201 0.002201 0.001483 0.000963 0.000575 0.000268 0.000000 
0.000000 0.000225 0.000483 0.000814 0.001262 0.001886 0.002763 0.003994 0.005715 0.008103 0.011388 0.015872 0.021936 0.030066 0.040868 0.055091 0.073648 0.097640 0.128373 0.167376 0.216417 0.277497 0.352853 0.444933 0.556363 0.689894 0.848327 1.034426 1.250801 1.499778 1.783257 2.102552 2.458236 2.849983 3.276431 3.735067 4.222139 4.732624 5.260238 5.797508 6.335905 6.866039 7.377906 7.861191 8.305603 8.701235 9.038927 9.310622 9.509682 9.631157 9.671993 9.631157 9.509682 9.310622 9.038927 8.701235 8.305603 7.861191 7.377906 6.866039 6.335905 5.797508 5.260238 4.732624 4.222139 3.735067 3.276431 2.849983 2.458236 2.102552 1.783257 1.499778 1.250801 1.034426 0.848327 0.689894 0.556363 0.444933 0.352853 0.277497 0.216416 0.167376 0.128373 0.097640 0.073648 0.055091 0.040868 0.030065 0.021935 0.015869 0.011384 0.008096 0.005704 0.003977 0.002735 0.001843 0.001196 0.000714 0.000333 0.000000 
0.000000 0.000277 0.000596 0.001003 0.001555 0.002324 0.003404 0.004920 0.007039 0.009979 0.014024 0.019542 0.027006 0.037011 0.050303 0.067802 0.090632 0.120144 0.157945 0.205915 0.266223 0.341331 0.433985 0.547194 0.684182 0.848327 1.043070 1.271803 1.537730 1.843706 2.192062 2.584407 3.021441 3.502763 4.026695 4.590145 5.188504 5.815599 6.463712 7.123662 7.784977 8.436122 9.064815 9.658388 10.204206 10.690104 11.104837 11.438513 11.682982 11.832166 11.882317 11.832166 11.682982 11.438513 11.104837 10.690104 10.204206 9.658388 9.064815 8.436122 7.784977 7.123662 6.463712 5.815599 5.188504 4.590145 4.026695 3.502763 3.021441 2.584407 2.192062 1.843706 1.537730 1.271803 1.043070 0.848327 0.684182 0.547194 0.433985 0.341331 0.266223 0.205915 0.157945 0.120144 0.090631 0.067802 0.050302 0.037010 0.027004 0.019539 0.014018 0.009970 0.007025 0.004898 0.003369 0.002271 0.001474 0.000880 0.000410 0.000000 
0.000000 0.000339 0.000728 0.001226 0.001900 0.002839 0.004158 0.006010 0.008597 0.012186 0.017123 0.023859 0.032968 0.045177 0.061395 0.082745 0.110596 0.146595 0.192701 0.251204 0.324749 0.416335 0.529307 0.667330 0.834332 1.034426 1.271803 1.550593 1.874695 2.247585 2.672097 3.150190 3.682710 4.269163 4.907504 5.593962 6.322919 7.086855 7.876365 8.680269 9.485809 10.278940 11.044703 11.767674 12.432465 13.024266 13.529386 13.935777 14.233518 14.415211 14.476290 14.415211 14.233518 13.935777 13.529386 13.024266 12.432465 11.767674 11.044703 10.278940 9.485809 8.680269 7.876365 7.086855 6.322919 5.593962 4.907504 4.269163 3.682710 3.150190 2.672097 2.247585 1.874695 1.550593 1.271803 1.034426 0.834332 0.667330 0.529307 0.416335 0.324749 0.251204 0.192701 0.146595 0.110595 0.082744 0.061394 0.045175 0.032965 0.023855 0.017116 0.012175 0.008580 0.005983 0.004116 0.002774 0.001801 0.001075 0.000502 0.000000 
0.000000 0.000410 0.000882 0.001485 0.002302 0.003439 0.005036 0.007279 0.010411 0.014755 0.020732 0.028884 0.039908 0.054681 0.074304 0.100133 0.133824 0.177369 0.233133 0.303886 0.392823 0.503566 0.640160 0.807030 1.008921 1.250801 1.537730 1.874695 2.266404 2.717052 3.230056 3.807780 4.451241 5.159837 5.931092 6.760447 7.641113 8.564003 9.517755 10.488864 11.461922 12.419963 13.344924 14.218178 15.021143 15.735936 16.346024 16.836862 17.196470 17.415915 17.489685 17.415915 17.196470 16.836862 16.346024 15.735936 15.021143 14.218178 13.344924 12.419963 11.461922 10.488864 9.517755 8.564003 7.641113 6.760447 5.931092 5.159837 4.451241 3.807780 3.230056 2.717052 2.266404 1.874695 1.537730 1.250801 1.008921 0.807030 0.640160 0.503566 0.392823 0.303886 0.233133 0.177368 0.133824 0.100133 0.074303 0.054679 0.039904 0.028879 0.020724 0.014742 0.010390 0.007246 0.004986 0.003361 0.002182 0.001303 0.000608 0.000000 
0.000000 0.000493 0.001060 0.001784 0.002765 0.004131 0.006049 0.008741 0.012501 0.017716 0.024889 0.034673 0.047901 0.065628 0.089171 0.120157 0.160571 0.212801 0.279681 0.364533 0.471181 0.603970 0.767743 0.967802 1.209830 1.499778 1.843706 2.247585 2.717052 3.257126 3.871898 4.564193 5.335224 6.184265 7.108343 8.101993 9.157078 10.262710 11.405277 12.568602 13.734227 14.881836 15.989793 17.035790 17.997579 18.853741 19.584481 20.172383 20.603099 20.865936 20.954292 20.865936 20.603099 20.172383 19.584481 18.853741 17.997579 17.035790 15.989793 14.881836 13.734227 12.568602 11.405277 10.262710 9.157078 8.101993 7.108343 6.184265 5.335224 4.564193 3.871898 3.257126 2.717052 2.247585 1.843706 1.499778 1.209830 0.967802 0.767743 0.603970 0.471181 0.364532 0.279681 0.212800 0.160571 0.120156 0.089169 0.065626 0.047898 0.034667 0.024880 0.017700 0.012477 0.008702 0.005988 0.004037 0.002621 0.001565 0.000730 0.000000 
0.000000 0.000587 0.001263 0.002125 0.003293 0.004920 0.007203 0.010409 0.014885 0.021092 0.029629 0.041272 0.057012 0.078103 0.106112 0.142973 0.191045 0.253166 0.332707 0.433612 0.560429 0.718318 0.913034 1.150876 1.438594 1.783257 2.192062 2.672097 3.230056 3.871898 4.602477 5.425140 6.341325 7.350160 8.448110 9.628677 10.882189 12.195709 13.553066 14.935042 16.319713 17.682950 18.999055 20.241536 21.383971 22.400925 23.268892 23.967189 24.478782 24.790970 24.895916 24.790970 24.478782 23.967189 23.268892 22.400925 21.383971 20.241536 18.999055 17.682950 16.319713 14.935042 13.553066 12.195709 10.882189 9.628677 8.448110 7.350160 6.341325 5.425140 4.602477 3.871898 3.230056 2.672097 2.192062 1.783257 1.438594 1.150876 0.913034 0.718318 0.560429 0.433612 0.332707 0.253166 0.191044 0.142972 0.106110 0.078100 0.057008 0.041265 0.029617 0.021073 0.014855 0.010362 0.007131 0.004807 0.003122 0.001864 0.000870 0.000000 
0.000000 0.000694 0.001492 0.002510 0.003890 0.005810 0.008506 0.012290 0.017573 0.024899 0.034973 0.048712 0.067284 0.092167 0.125209 0.168690 0.225390 0.298656 0.392460 0.511450 0.660985 0.847146 1.076713 1.357105 1.696277 2.102552 2.584407 3.150190 3.807780 4.564193 5.425140 6.394559 7.474135 8.662836 9.956488 11.347431 12.824267 14.371751 15.970832 17.598871 19.230044 20.835928 22.386259 23.849836 25.195542 26.393424 27.415800 28.238315 28.840909 29.208628 29.332241 29.208628 28.840909 28.238315 27.415800 26.393424 25.195542 23.849836 22.386259 20.835928 19.230044 17.598871 15.970832 14.371751 12.824267 11.347431 9.956488 8.662836 7.474135 6.394559 5.425140 4.564193 3.807780 3.150190 2.584407 2.102552 1.696277 1.357105 1.076713 0.847146 0.660985 0.511450 0.392460 0.298656 0.225390 0.168689 0.125207 0.092164 0.067279 0.048703 0.034960 0.024876 0.017538 0.012235 0.008420 0.005677 0.003687 0.002202 0.001027 0.000000 
0.000000 0.000813 0.001747 0.002940 0.004555 0.006803 0.009959 0.014388 0.020572 0.029144 0.040933 0.057009 0.078737 0.107847 0.146498 0.197357 0.263673 0.349357 0.459053 0.598192 0.773036 0.990691 1.259078 1.586865 1.983343 2.458236 3.021441 3.682710 4.451241 5.335224 6.341325 7.474135 8.735617 10.124555 11.636067 13.261196 14.986623 16.794534 18.662672 20.564589 22.470122 24.346071 26.157088 27.866734 29.438666 30.837906 32.032125 32.992881 33.696749 34.126266 34.270653 34.126266 33.696749 32.992881 32.032125 30.837906 29.438666 27.866734 26.157088 24.346071 22.470122 20.564589 18.662672 16.794534 14.986623 13.261196 11.636067 10.124555 8.735617 7.474135 6.341325 5.335224 4.451241 3.682710 3.021441 2.458236 1.983343 1.586865 1.259078 0.990691 0.773036 0.598191 0.459053 0.349357 0.263672 0.197355 0.146496 0.107843 0.078731 0.056999 0.040917 0.029118 0.020531 0.014324 0.009859 0.006648 0.004317 0.002578 0.001203 0.000000 
0.000000 0.000944 0.002029 0.003414 0.005289 0.007898 0.011562 0.016702 0.023878 0.033826 0.047505 0.066155 0.091362 0.125130 0.169963 0.228950 0.305861 0.405227 0.532429 0.693763 0.896485 1.148827 1.459968 1.839949 2.299533 2.849983 3.502763 4.269163 5.159837 6.184265 7.350160 8.662836 10.124555 11.733901 13.485210 15.368098 17.367130 19.461664 21.625914 23.829244 26.036710 28.209860 30.307751 32.288181 34.109059 35.729874 37.113187 38.226063 39.041371 39.538889 39.706135 39.538889 39.041371 38.226063 37.113187 35.729874 34.109059 32.288181 30.307751 28.209860 26.036710 23.829244 21.625914 19.461664 17.367130 15.368098 13.485210 11.733901 10.124555 8.662836 7.350160 6.184265 5.159837 4.269163 3.502763 2.849983 2.299533 1.839949 1.459968 1.148827 0.896485 0.693762 0.532429 0.405226 0.305860 0.228949 0.169960 0.125126 0.091355 0.066143 0.047486 0.033796 0.023830 0.016627 0.011445 0.007718 0.005012 0.002994 0.001397 0.000000 
0.000000 0.001087 0.002336 0.003930 0.006089 0.009093 0.013309 0.019224 0.027482 0.038927 0.054665 0.076121 0.105117 0.143959 0.195523 0.263364 0.351811 0.466074 0.612337 0.797835 1.030906 1.321009 1.678688 2.115481 2.643750 3.276431 4.026695 4.907504 5.931092 7.108343 8.448110 9.956488 11.636067 13.485210 15.497402 17.660706 19.957382 22.363714 24.850076 27.381274 29.917169 32.413593 34.823521 37.098480 39.190129 41.051945 42.640928 43.919255 44.855769 45.427247 45.619355 45.427247 44.855769 43.919255 42.640928 41.051945 39.190129 37.098480 34.823521 32.413593 29.917169 27.381274 24.850076 22.363714 19.957382 17.660706 15.497402 13.485210 11.636067 9.956488 8.448110 7.108343 5.931092 4.907504 4.026695 3.276431 2.643750 2.115481 1.678688 1.321008 1.030906 0.797835 0.612337 0.466074 0.351810 0.263362 0.195520 0.143953 0.105109 0.076107 0.054643 0.038893 0.027427 0.019138 0.013174 0.008885 0.005771 0.003447 0.001608 0.000000 
0.000000 0.001240 0.002667 0.004487 0.006951 0.010378 0.015190 0.021940 0.031361 0.044420 0.062373 0.086848 0.119922 0.164222 0.223030 0.300395 0.401254 0.531543 0.698309 0.909798 1.175511 1.506224 1.913952 2.411838 3.013965 3.735067 4.590145 5.593962 6.760447 8.101993 9.628677 11.347431 13.261196 15.368098 17.660706 20.125410 22.741996 25.483442 28.315994 31.199561 34.088421 36.932263 39.677525 42.269000 44.651630 46.772429 48.582428 50.038549 51.105312 51.756267 51.975092 51.756267 51.105312 50.038549 48.582428 46.772429 44.651630 42.269000 39.677525 36.932263 34.088421 31.199561 28.315994 25.483442 22.741996 20.125410 17.660706 15.368098 13.261196 11.347431 9.628677 8.101993 6.760447 5.593962 4.590145 3.735067 3.013965 2.411838 1.913952 1.506224 1.175510 0.909798 0.698309 0.531542 0.401252 0.300393 0.223027 0.164217 0.119913 0.086832 0.062348 0.044380 0.031299 0.021841 0.015036 0.010141 0.006587 0.003935 0.001836 0.000000 
0.000000 0.001404 0.003019 0.005078 0.007867 0.011746 0.017190 0.024827 0.035486 0.050258 0.070566 0.098249 0.135656 0.185757 0.252260 0.339744 0.453787 0.601099 0.789644 1.028739 1.329119 1.702961 2.163838 2.726599 3.407151 4.222139 5.188504 6.322919 7.641113 9.157078 10.882189 12.824267 14.986623 17.367130 19.957382 22.741996 25.698130 28.795250 31.995225 35.252765 38.516221 41.728767 44.829904 47.757276 50.448702 52.844337 54.888878 56.533674 57.738654 58.473950 58.721126 58.473950 57.738654 56.533674 54.888878 52.844337 50.448702 47.757276 44.829904 41.728767 38.516221 35.252765 31.995225 28.795250 25.698130 22.741996 19.957382 17.367130 14.986623 12.824267 10.882189 9.157078 7.641113 6.322919 5.188504 4.222139 3.407151 2.726599 2.163838 1.702961 1.329119 1.028738 0.789644 0.601098 0.453786 0.339742 0.252256 0.185750 0.135645 0.098232 0.070538 0.050213 0.035415 0.024715 0.017016 0.011477 0.007455 0.004454 0.002078 0.000000 
0.000000 0.001576 0.003388 0.005699 0.008828 0.013181 0.019289 0.027856 0.039813 0.056382 0.079160 0.110207 0.152158 0.208341 0.282913 0.381005 0.508870 0.674027 0.885401 1.153432 1.490147 1.909192 2.425771 3.056519 3.819256 4.732624 5.815599 7.086855 8.564003 10.262710 12.195709 14.371751 16.794534 19.461664 22.363714 25.483442 28.795250 32.264929 35.849762 39.499011 43.154824 46.753546 50.227417 53.506597 56.521440 59.204922 61.495106 63.337505 64.687244 65.510870 65.787739 65.510870 64.687244 63.337505 61.495106 59.204922 56.521440 53.506597 50.227417 46.753546 43.154824 39.499011 35.849762 32.264929 28.795250 25.483442 22.363714 19.461664 16.794534 14.371751 12.195709 10.262710 8.564003 7.086855 5.815599 4.732624 3.819256 3.056519 2.425771 1.909192 1.490147 1.153431 0.885401 0.674026 0.508868 0.381002 0.282908 0.208333 0.152146 0.110188 0.079128 0.056332 0.039733 0.027730 0.019093 0.012879 0.008366 0.004998 0.002332 0.000000 
0.000000 0.001754 0.003770 0.006342 0.009823 0.014665 0.021460 0.030989 0.044288 0.062717 0.088049 0.122575 0.169224 0.231695 0.314610 0.423670 0.565824 0.749429 0.984402 1.282342 1.656615 2.122378 2.696526 3.397536 4.245204 5.260238 6.463712 7.876365 9.517755 11.405277 13.553066 15.970832 18.662672 21.625914 24.850076 28.315994 31.995225 35.849762 39.832147 43.886020 47.947117 51.944735 55.803611 59.446175 62.795073 65.775870 68.319773 70.366271 71.865525 72.780385 73.087922 72.780385 71.865525 70.366271 68.319773 65.775870 62.795073 59.446175 55.803611 51.944735 47.947117 43.886020 39.832147 35.849762 31.995225 28.315994 24.850076 21.625914 18.662672 15.970832 13.553066 11.405277 9.517755 7.876365 6.463712 5.260238 4.245204 3.397536 2.696526 2.122378 1.656615 1.282341 0.984401 0.749428 0.565823 0.423667 0.314605 0.231687 0.169211 0.122553 0.088013 0.062661 0.044199 0.030850 0.021242 0.014329 0.009309 0.005561 0.002595 0.000000 
0.000000 0.001935 0.004160 0.006997 0.010837 0.016178 0.023673 0.034183 0.048850 0.069172 0.097106 0.135177 0.186613 0.255490 0.346903 0.467135 0.623843 0.826237 1.085243 1.413643 1.826162 2.339500 2.972267 3.744820 4.678964 5.797508 7.123662 8.680269 10.488864 12.568602 14.935042 17.598871 20.564589 23.829244 27.381274 31.199561 35.252765 39.499011 43.886020 48.351705 52.825282 57.228872 61.479577 65.491961 69.180830 72.464200 75.266310 77.520516 79.171929 80.179635 80.518383 80.179635 79.171929 77.520516 75.266310 72.464200 69.180830 65.491961 61.479577 57.228872 52.825282 48.351705 43.886020 39.499011 35.252765 31.199561 27.381274 23.829244 20.564589 17.598871 14.935042 12.568602 10.488864 8.680269 7.123662 5.797508 4.678964 3.744820 2.972267 2.339500 1.826162 1.413642 1.085243 0.826236 0.623841 0.467131 0.346897 0.255481 0.186598 0.135153 0.097068 0.069110 0.048752 0.034029 0.023433 0.015808 0.010270 0.006136 0.002863 0.000000 
0.000000 0.002117 0.004551 0.007654 0.011854 0.017696 0.025892 0.037386 0.053424 0.075646 0.106189 0.147814 0.204047 0.279347 0.379278 0.510708 0.682004 0.903229 1.186323 1.545248 1.996096 2.557108 3.248616 4.092857 5.113649 6.335905 7.784977 9.485809 11.461922 13.734227 16.319713 19.230044 22.470122 26.036710 29.917169 34.088421 38.516221 43.154824 47.947117 52.825282 57.712000 62.522206 67.165359 71.548143 75.577512 79.163926 82.224641 84.686875 86.490680 87.591375 87.961380 87.591375 86.490680 84.686875 82.224641 79.163926 75.577512 71.548143 67.165359 62.522206 57.712000 52.825282 47.947117 43.154824 38.516221 34.088421 29.917169 26.036710 22.470122 19.230044 16.319713 13.734227 11.461922 9.485809 7.784977 6.335905 5.113649 4.092857 3.248616 2.557107 1.996095 1.545248 1.186322 0.903228 0.682002 0.510704 0.379272 0.279337 0.204031 0.147787 0.106146 0.075578 0.053317 0.037217 0.025629 0.017290 0.011233 0.006712 0.003132 0.000000 
0.000000 0.002296 0.004936 0.008302 0.012857 0.019192 0.028079 0.040542 0.057931 0.082024 0.115137 0.160262 0.221222 0.302847 0.411168 0.553627 0.739290 0.979061 1.285874 1.674860 2.163448 2.771403 3.520749 4.435573 5.541675 6.866039 8.436122 10.278940 12.419963 14.881836 17.682950 20.835928 24.346071 28.209860 32.413593 36.932263 41.728767 46.753546 51.944735 57.228872 62.522206 67.732604 72.761998 77.509322 81.873801 85.758458 89.073682 91.740646 93.694428 94.886636 95.287405 94.886636 93.694428 91.740646 89.073682 85.758458 81.873801 77.509322 72.761998 67.732604 62.522206 57.228872 51.944735 46.753546 41.728767 36.932263 32.413593 28.209860 24.346071 20.835928 17.682950 14.881836 12.419963 10.278940 8.436122 6.866039 5.541675 4.435573 3.520749 2.771403 2.163448 1.674859 1.285873 0.979059 0.739288 0.553623 0.411162 0.302836 0.221205 0.160234 0.115091 0.081951 0.057815 0.040359 0.027794 0.018751 0.012183 0.007279 0.003397 0.000000 
0.000000 0.002469 0.005308 0.008928 0.013826 0.020637 0.030192 0.043591 0.062286 0.088186 0.123782 0.172288 0.237813 0.325547 0.441971 0.595081 0.794618 1.052297 1.382016 1.800028 2.325059 2.978339 3.783528 4.766499 5.954964 7.377906 9.064815 11.044703 13.344924 15.989793 18.999055 22.386259 26.157088 30.307751 34.823521 39.677525 44.829904 50.227417 55.803611 61.479577 67.165359 72.761998 78.164167 83.263318 87.951216 92.123712 95.684563 98.549113 100.647637 101.928166 102.358623 101.928166 100.647637 98.549113 95.684563 92.123712 87.951216 83.263318 78.164167 72.761998 67.165359 61.479577 55.803611 50.227417 44.829904 39.677525 34.823521 30.307751 26.157088 22.386259 18.999055 15.989793 13.344924 11.044703 9.064815 7.377906 5.954964 4.766499 3.783528 2.978339 2.325058 1.800027 1.382015 1.052296 0.794616 0.595077 0.441964 0.325535 0.237794 0.172257 0.123732 0.088107 0.062161 0.043394 0.029886 0.020163 0.013101 0.007828 0.003653 0.000000 
