0.000000 0.000000 0.000000 0.000000 0.000000 0.000000 0.000000 0.000000 0.000000 0.000000 0.000000 0.000000 0.000000 0.000000 0.000000 0.000000 0.000000 0.000000 0.000000 0.000000 0.000000 0.000000 0.000000 0.000000 0.000000 0.000000 0.000000 0.000000 0.000000 0.000000 0.000000 0.000000 0.000000 0.000000 0.000000 0.000000 0.000000 0.000000 0.000000 0.000000 0.000000 0.000000 0.000000 0.000000 0.000000 0.000000 0.000000 0.000000 0.000000 0.000000 0.000000 0.000000 0.000000 0.000000 0.000000 0.000000 0.000000 0.000000 0.000000 0.000000 0.000000 0.000000 0.000000 0.000000 0.000000 0.000000 0.000000 0.000000 0.000000 0.000000 0.000000 0.000000 0.000000 0.000000 0.000000 0.000000 0.000000 0.000000 0.000000 0.000000 0.000000 0.000000 0.000000 0.000000 0.000000 0.000000 0.000000 0.000000 0.000000 0.000000 0.000000 0.000000 0.000000 0.000000 0.000000 0.000000 0.000000 0.000000 0.000000 0.000000 
0.000000 0.000000 0.000000 0.000000 0.000000 0.000000 0.000000 0.000000 0.000000 0.000000 0.000000 0.000000 0.000000 0.000000 0.000000 0.000000 0.000000 0.000000 0.000000 0.000000 0.000000 0.000000 0.000000 0.000000 0.000000 0.000000 0.000000 0.000000 0.000000 0.000000 0.000000 0.000000 0.000000 0.000001 0.000001 0.000001 0.000001 0.000002 0.000002 0.000002 0.000003 0.000003 0.000003 0.000004 0.000004 0.000005 0.000005 0.000005 0.000006 0.000006 0.000006 0.000006 0.000006 0.000005 0.000005 0.000005 0.000004 0.000004 0.000003 0.000003 0.000003 0.000002 0.000002 0.000002 0.000001 0.000001 0.000001 0.000001 0.000000 0.000000 0.000000 0.000000 0.000000 0.000000 0.000000 0.000000 0.000000 0.000000 0.000000 0.000000 0.000000 0.000000 0.000000 0.000000 0.000000 0.000000 0.000000 0.000000 0.000000 0.000000 0.000000 0.000000 0.000000 0.000000 0.000000 0.000000 0.000000 0.000000 0.000000 0.000000 
0.000000 0.000000 0.000000 0.000000 0.000000 0.000000 0.000000 0.000000 0.000000 0.000000 0.000000 0.000000 0.000000 0.000000 0.000000 0.000000 0.000000 0.000000 0.000000 0.000000 0.000000 0.000000 0.000000 0.000000 0.000000 0.000000 0.000000 0.000000 0.000000 0.000000 0.000001 0.000001 0.000001 0.000002 0.000002 0.000003 0.000003 0.000004 0.000005 0.000006 0.000007 0.000008 0.000009 0.000010 0.000011 0.000012 0.000012 0.000013 0.000014 0.000014 0.000014 0.000014 0.000014 0.000013 0.000012 0.000012 0.000011 0.000010 0.000009 0.000008 0.000007 0.000006 0.000005 0.000004 0.000003 0.000003 0.000002 0.000002 0.000001 0.000001 0.000001 0.000000 0.000000 0.000000 0.000000 0.000000 0.000000 0.000000 0.000000 0.000000 0.000000 0.000000 0.000000 0.000000 0.000000 0.000000 0.000000 0.000000 0.000000 0.000000 0.000000 0.000000 0.000000 0.000000 0.000000 0.000000 0.000000 0.000000 0.000000 0.000000 
0.000000 0.000000 0.000000 0.000000 0.000000 0.000000 0.000000 0.000000 0.000000 0.000000 0.000000 0.000000 0.000000 0.000000 0.000000 0.000000 0.000000 0.000000 0.000000 0.000000 0.000000 0.000000 0.000000 0.000000 0.000000 0.000000 0.000000 0.000001 0.000001 0.000001 0.000001 0.000002 0.000002 0.000003 0.000004 0.000005 0.000006 0.000008 0.000010 0.000011 0.000013 0.000016 0.000018 0.000020 0.000022 0.000024 0.000026 0.000027 0.000028 0.000029 0.000029 0.000029 0.000028 0.000027 0.000026 0.000024 0.000022 0.000020 0.000018 0.000016 0.000013 0.000011 0.000010 0.000008 0.000006 0.000005 0.000004 0.000003 0.000002 0.000002 0.000001 0.000001 0.000001 0.000001 0.000000 0.000000 0.000000 0.000000 0.000000 0.000000 0.000000 0.000000 0.000000 0.000000 0.000000 0.000000 0.000000 0.000000 0.000000 0.000000 0.000000 0.000000 0.000000 0.000000 0.000000 0.000000 0.000000 0.000000 0.000000 0.000000 
0.000000 0.000000 0.000000 0.000000 0.000000 0.000000 0.000000 0.000000 0.000000 0.000000 0.000000 0.000000 0.000000 0.000000 0.000000 0.000000 0.000000 0.000000 0.000000 0.000000 0.000000 0.000000 0.000000 0.000000 0.000000 0.000000 0.000001 0.000001 0.000001 0.000002 0.000003 0.000004 0.000005 0.000006 0.000008 0.000010 0.000013 0.000016 0.000019 0.000022 0.000026 0.000030 0.000035 0.000039 0.000043 0.000047 0.000050 0.000053 0.000055 0.000056 0.000056 0.000056 0.000055 0.000053 0.000050 0.000047 0.000043 0.000039 0.000035 0.000030 0.000026 0.000022 0.000019 0.000016 0.000013 0.000010 0.000008 0.000006 0.000005 0.000004 0.000003 0.000002 0.000001 0.000001 0.000001 0.000000 0.000000 0.000000 0.000000 0.000000 0.000000 0.000000 0.000000 0.000000 0.000000 0.000000 0.000000 0.000000 0.000000 0.000000 0.000000 0.000000 0.000000 0.000000 0.000000 0.000000 0.000000 0.000000 0.000000 0.000000 
0.000000 0.000000 0.000000 0.000000 0.000000 0.000000 0.000000 0.000000 0.000000 0.000000 0.000000 0.000000 0.000000 0.000000 0.000000 0.000000 0.000000 0.000000 0.000000 0.000000 0.000000 0.000000 0.000000 0.000000 0.000001 0.000001 0.000001 0.000002 0.000003 0.000004 0.000005 0.000007 0.000009 0.000012 0.000015 0.000020 0.000024 0.000030 0.000036 0.000043 0.000050 0.000058 0.000066 0.000074 0.000082 0.000089 0.000096 0.000101 0.000105 0.000107 0.000108 0.000107 0.000105 0.000101 0.000096 0.000089 0.000082 0.000074 0.000066 0.000058 0.000050 0.000043 0.000036 0.000030 0.000024 0.000020 0.000015 0.000012 0.000009 0.000007 0.000005 0.000004 0.000003 0.000002 0.000001 0.000001 0.000001 0.000000 0.000000 0.000000 0.000000 0.000000 0.000000 0.000000 0.000000 0.000000 0.000000 0.000000 0.000000 0.000000 0.000000 0.000000 0.000000 0.000000 0.000000 0.000000 0.000000 0.000000 0.000000 0.000000 
0.000000 0.000000 0.000000 0.000000 0.000000 0.000000 0.000000 0.000000 0.000000 0.000000 0.000000 0.000000 0.000000 0.000000 0.000000 0.000000 0.000000 0.000000 0.000000 0.000000 0.000000 0.000000 0.000001 0.000001 0.000001 0.000002 0.000003 0.000004 0.000005 0.000007 0.000010 0.000013 0.000017 0.000023 0.000029 0.000037 0.000046 0.000056 0.000068 0.000081 0.000095 0.000110 0.000125 0.000140 0.000155 0.000168 0.000180 0.000190 0.000197 0.000202 0.000203 0.000202 0.000197 0.000190 0.000180 0.000168 0.000155 0.000140 0.000125 0.000110 0.000095 0.000081 0.000068 0.000056 0.000046 0.000037 0.000029 0.000023 0.000017 0.000013 0.000010 0.000007 0.000005 0.000004 0.000003 0.000002 0.000001 0.000001 0.000001 0.000000 0.000000 0.000000 0.000000 0.000000 0.000000 0.000000 0.000000 0.000000 0.000000 0.000000 0.000000 0.000000 0.000000 0.000000 0.000000 0.000000 0.000000 0.000000 0.000000 0.000000 
0.000000 0.000000 0.000000 0.000000 0.000000 0.000000 0.000000 0.000000 0.000000 0.000000 0.000000 0.000000 0.000000 0.000000 0.000000 0.000000 0.000000 0.000000 0.000000 0.000000 0.000000 0.000001 0.000001 0.000002 0.000002 0.000003 0.000005 0.000007 0.000010 0.000013 0.000018 0.000025 0.000033 0.000042 0.000054 0.000069 0.000086 0.000105 0.000127 0.000151 0.000177 0.000205 0.000233 0.000261 0.000288 0.000313 0.000335 0.000353 0.000367 0.000375 0.000378 0.000375 0.000367 0.000353 0.000335 0.000313 0.000288 0.000261 0.000233 0.000205 0.000177 0.000151 0.000127 0.000105 0.000086 0.000069 0.000054 0.000042 0.000033 0.000025 0.000018 0.000013 0.000010 0.000007 0.000005 0.000003 0.000002 0.000002 0.000001 0.000001 0.000000 0.000000 0.000000 0.000000 0.000000 0.000000 0.000000 0.000000 0.000000 0.000000 0.000000 0.000000 0.000000 0.000000 0.000000 0.000000 0.000000 0.000000 0.000000 0.000000 
0.000000 0.000000 0.000000 0.000000 0.000000 0.000000 0.000000 0.000000 0.000000 0.000000 0.000000 0.000000 0.000000 0.000000 0.000000 0.000000 0.000000 0.000000 0.000000 0.000001 0.000001 0.000001 0.000002 0.000003 0.000004 0.000006 0.000009 0.000013 0.000018 0.000025 0.000034 0.000045 0.000060 0.000078 0.000100 0.000126 0.000157 0.000193 0.000233 0.000277 0.000325 0.000375 0.000427 0.000478 0.000528 0.000573 0.000614 0.000647 0.000672 0.000688 0.000693 0.000688 0.000672 0.000647 0.000614 0.000573 0.000528 0.000478 0.000427 0.000375 0.000325 0.000277 0.000233 0.000193 0.000157 0.000126 0.000100 0.000078 0.000060 0.000045 0.000034 0.000025 0.000018 0.000013 0.000009 0.000006 0.000004 0.000003 0.000002 0.000001 0.000001 0.000001 0.000000 0.000000 0.000000 0.000000 0.000000 0.000000 0.000000 0.000000 0.000000 0.000000 0.000000 0.000000 0.000000 0.000000 0.000000 0.000000 0.000000 0.000000 
0.000000 0.000000 0.000000 0.000000 0.000000 0.000000 0.000000 0.000000 0.000000 0.000000 0.000000 0.000000 0.000000 0.000000 0.000000 0.000000 0.000000 0.000000 0.000001 0.000001 0.000001 0.000002 0.000003 0.000005 0.000008 0.000011 0.000016 0.000023 0.000033 0.000045 0.000061 0.000082 0.000109 0.000142 0.000182 0.000229 0.000285 0.000350 0.000422 0.000502 0.000589 0.000679 0.000772 0.000865 0.000954 0.001037 0.001110 0.001170 0.001215 0.001243 0.001253 0.001243 0.001215 0.001170 0.001110 0.001037 0.000954 0.000865 0.000772 0.000679 0.000589 0.000502 0.000422 0.000350 0.000285 0.000229 0.000182 0.000142 0.000109 0.000082 0.000061 0.000045 0.000033 0.000023 0.000016 0.000011 0.000008 0.000005 0.000003 0.000002 0.000001 0.000001 0.000001 0.000000 0.000000 0.000000 0.000000 0.000000 0.000000 0.000000 0.000000 0.000000 0.000000 0.000000 0.000000 0.000000 0.000000 0.000000 0.000000 0.000000 
0.000000 0.000000 0.000000 0.000000 0.000000 0.000000 0.000000 0.000000 0.000000 0.000000 0.000000 0.000000 0.000000 0.000000 0.000000 0.000000 0.000000 0.000001 0.000001 0.000002 0.000003 0.000004 0.000006 0.000009 0.000014 0.000020 0.000029 0.000042 0.000059 0.000081 0.000110 0.000148 0.000195 0.000253 0.000325 0.000410 0.000510 0.000625 0.000754 0.000897 0.001051 0.001213 0.001378 0.001543 0.001702 0.001850 0.001980 0.002087 0.002167 0.002217 0.002234 0.002217 0.002167 0.002087 0.001980 0.001850 0.001702 0.001543 0.001378 0.001213 0.001051 0.000897 0.000754 0.000625 0.000510 0.000410 0.000325 0.000253 0.000195 0.000148 0.000110 0.000081 0.000059 0.000042 0.000029 0.000020 0.000014 0.000009 0.000006 0.000004 0.000003 0.000002 0.000001 0.000001 0.000000 0.000000 0.000000 0.000000 0.000000 0.000000 0.000000 0.000000 0.000000 0.000000 0.000000 0.000000 0.000000 0.000000 0.000000 0.000000 
0.000000 0.000000 0.000000 0.000000 0.000000 0.000000 0.000000 0.000000 0.000000 0.000000 0.000000 0.000000 0.000000 0.000000 0.000000 0.000000 0.000001 0.000001 0.000002 0.000003 0.000005 0.000007 0.000011 0.000017 0.000025 0.000036 0.000052 0.000074 0.000104 0.000143 0.000195 0.000261 0.000344 0.000447 0.000573 0.000723 0.000899 0.001102 0.001329 0.001580 0.001851 0.002135 0.002426 0.002716 0.002996 0.003255 0.003483 0.003671 0.003812 0.003899 0.003929 0.003899 0.003812 0.003671 0.003483 0.003255 0.002996 0.002716 0.002426 0.002135 0.001851 0.001580 0.001329 0.001102 0.000899 0.000723 0.000573 0.000447 0.000344 0.000261 0.000195 0.000143 0.000104 0.000074 0.000052 0.000036 0.000025 0.000017 0.000011 0.000007 0.000005 0.000003 0.000002 0.000001 0.000001 0.000000 0.000000 0.000000 0.000000 0.000000 0.000000 0.000000 0.000000 0.000000 0.000000 0.000000 0.000000 0.000000 0.000000 0.000000 
0.000000 0.000000 0.000000 0.000000 0.000000 0.000000 0.000000 0.000000 0.000000 0.000000 0.000000 0.000000 0.000000 0.000000 0.000000 0.000001 0.000001 0.000002 0.000003 0.000005 0.000008 0.000013 0.000019 0.000029 0.000043 0.000063 0.000091 0.000129 0.000181 0.000250 0.000339 0.000454 0.000599 0.000779 0.000997 0.001258 0.001564 0.001915 0.002310 0.002746 0.003215 0.003708 0.004213 0.004716 0.005200 0.005648 0.006044 0.006370 0.006614 0.006765 0.006816 0.006765 0.006614 0.006370 0.006044 0.005648 0.005200 0.004716 0.004213 0.003708 0.003215 0.002746 0.002310 0.001915 0.001564 0.001258 0.000997 0.000779 0.000599 0.000454 0.000339 0.000250 0.000181 0.000129 0.000091 0.000063 0.000043 0.000029 0.000019 0.000013 0.000008 0.000005 0.000003 0.000002 0.000001 0.000001 0.000000 0.000000 0.000000 0.000000 0.000000 0.000000 0.000000 0.000000 0.000000 0.000000 0.000000 0.000000 0.000000 0.000000 
0.000000 0.000000 0.000000 0.000000 0.000000 0.000000 0.000000 0.000000 0.000000 0.000000 0.000000 0.000000 0.000000 0.000000 0.000001 0.000001 0.000002 0.000003 0.000006 0.000009 0.000014 0.000022 0.000033 0.000050 0.000075 0.000109 0.000157 0.000223 0.000312 0.000430 0.000583 0.000781 0.001029 0.001337 0.001712 0.002158 0.002682 0.003283 0.003959 0.004705 0.005507 0.006350 0.007214 0.008074 0.008901 0.009667 0.010343 0.010901 0.011319 0.011577 0.011664 0.011577 0.011319 0.010901 0.010343 0.009667 0.008901 0.008074 0.007214 0.006350 0.005507 0.004705 0.003959 0.003283 0.002682 0.002158 0.001712 0.001337 0.001029 0.000781 0.000583 0.000430 0.000312 0.000223 0.000157 0.000109 0.000075 0.000050 0.000033 0.000022 0.000014 0.000009 0.000006 0.000003 0.000002 0.000001 0.000001 0.000000 0.000000 0.000000 0.000000 0.000000 0.000000 0.000000 0.000000 0.000000 0.000000 0.000000 0.000000 0.000000 
0.000000 0.000000 0.000000 0.000000 0.000000 0.000000 0.000000 0.000000 0.000000 0.000000 0.000000 0.000000 0.000000 0.000001 0.000001 0.000002 0.000004 0.000006 0.000010 0.000015 0.000024 0.000037 0.000057 0.000086 0.000127 0.000185 0.000267 0.000378 0.000529 0.000728 0.000989 0.001323 0.001743 0.002264 0.002897 0.003652 0.004536 0.005551 0.006693 0.007950 0.009304 0.010727 0.012183 0.013633 0.015028 0.016320 0.017459 0.018400 0.019102 0.019537 0.019684 0.019537 0.019102 0.018400 0.017459 0.016320 0.015028 0.013633 0.012183 0.010727 0.009304 0.007950 0.006693 0.005551 0.004536 0.003652 0.002897 0.002264 0.001743 0.001323 0.000989 0.000728 0.000529 0.000378 0.000267 0.000185 0.000127 0.000086 0.000057 0.000037 0.000024 0.000015 0.000010 0.000006 0.000004 0.000002 0.000001 0.000001 0.000000 0.000000 0.000000 0.000000 0.000000 0.000000 0.000000 0.000000 0.000000 0.000000 0.000000 0.000000 
0.000000 0.000000 0.000000 0.000000 0.000000 0.000000 0.000000 0.000000 0.000000 0.000000 0.000000 0.000000 0.000001 0.000001 0.000002 0.000004 0.000006 0.000010 0.000016 0.000026 0.000040 0.000063 0.000095 0.000144 0.000213 0.000310 0.000447 0.000633 0.000885 0.001218 0.001653 0.002210 0.002912 0.003780 0.004835 0.006093 0.007566 0.009256 0.011157 0.013249 0.015502 0.017869 0.020292 0.022702 0.025022 0.027169 0.029063 0.030627 0.031795 0.032518 0.032762 0.032518 0.031795 0.030627 0.029063 0.027169 0.025022 0.022702 0.020292 0.017869 0.015502 0.013249 0.011157 0.009256 0.007566 0.006093 0.004835 0.003780 0.002912 0.002210 0.001653 0.001218 0.000885 0.000633 0.000447 0.000310 0.000213 0.000144 0.000095 0.000063 0.000040 0.000026 0.000016 0.000010 0.000006 0.000004 0.000002 0.000001 0.000001 0.000000 0.000000 0.000000 0.000000 0.000000 0.000000 0.000000 0.000000 0.000000 0.000000 0.000000 
0.000000 0.000000 0.000000 0.000000 0.000000 0.000000 0.000000 0.000000 0.000000 0.000000 0.000000 0.000001 0.000001 0.000002 0.000004 0.000006 0.000010 0.000017 0.000027 0.000043 0.000067 0.000104 0.000158 0.000237 0.000351 0.000513 0.000737 0.001045 0.001460 0.002009 0.002725 0.003641 0.004795 0.006223 0.007957 0.010024 0.012444 0.015220 0.018341 0.021775 0.025471 0.029355 0.033330 0.037282 0.041086 0.044607 0.047712 0.050275 0.052191 0.053375 0.053775 0.053375 0.052191 0.050275 0.047712 0.044607 0.041086 0.037282 0.033330 0.029355 0.025471 0.021775 0.018341 0.015220 0.012444 0.010024 0.007957 0.006223 0.004795 0.003641 0.002725 0.002009 0.001460 0.001045 0.000737 0.000513 0.000351 0.000237 0.000158 0.000104 0.000067 0.000043 0.000027 0.000017 0.000010 0.000006 0.000004 0.000002 0.000001 0.000001 0.000000 0.000000 0.000000 0.000000 0.000000 0.000000 0.000000 0.000000 0.000000 0.000000 
0.000000 0.000000 0.000000 0.000000 0.000000 0.000000 0.000000 0.000000 0.000000 0.000000 0.000001 0.000001 0.000002 0.000003 0.000006 0.000010 0.000017 0.000027 0.000044 0.000070 0.000110 0.000169 0.000258 0.000387 0.000573 0.000835 0.001201 0.001701 0.002374 0.003266 0.004428 0.005916 0.007788 0.010102 0.012913 0.016264 0.020183 0.024678 0.029731 0.035290 0.041272 0.047555 0.053985 0.060378 0.066529 0.072223 0.077242 0.081386 0.084482 0.086396 0.087044 0.086396 0.084482 0.081386 0.077242 0.072223 0.066529 0.060378 0.053985 0.047555 0.041272 0.035290 0.029731 0.024678 0.020183 0.016264 0.012913 0.010102 0.007788 0.005916 0.004428 0.003266 0.002374 0.001701 0.001201 0.000835 0.000573 0.000387 0.000258 0.000169 0.000110 0.000070 0.000044 0.000027 0.000017 0.000010 0.000006 0.000003 0.000002 0.000001 0.000001 0.000000 0.000000 0.000000 0.000000 0.000000 0.000000 0.000000 0.000000 0.000000 
0.000000 0.000000 0.000000 0.000000 0.000000 0.000000 0.000000 0.000000 0.000000 0.000001 0.000001 0.000002 0.000003 0.000006 0.000010 0.000016 0.000027 0.000044 0.000071 0.000113 0.000176 0.000272 0.000415 0.000622 0.000920 0.001342 0.001927 0.002729 0.003808 0.005236 0.007096 0.009477 0.012471 0.016172 0.020664 0.026018 0.032278 0.039457 0.047524 0.056398 0.065944 0.075968 0.086225 0.096422 0.106232 0.115310 0.123313 0.129920 0.134856 0.137907 0.138939 0.137907 0.134856 0.129920 0.123313 0.115310 0.106232 0.096422 0.086225 0.075968 0.065944 0.056398 0.047524 0.039457 0.032278 0.026018 0.020664 0.016172 0.012471 0.009477 0.007096 0.005236 0.003808 0.002729 0.001927 0.001342 0.000920 0.000622 0.000415 0.000272 0.000176 0.000113 0.000071 0.000044 0.000027 0.000016 0.000010 0.000006 0.000003 0.000002 0.000001 0.000001 0.000000 0.000000 0.000000 0.000000 0.000000 0.000000 0.000000 0.000000 
0.000000 0.000000 0.000000 0.000000 0.000000 0.000000 0.000000 0.000000 0.000001 0.000001 0.000002 0.000003 0.000005 0.000009 0.000015 0.000026 0.000043 0.000070 0.000113 0.000179 0.000280 0.000432 0.000658 0.000986 0.001458 0.002124 0.003050 0.004317 0.006021 0.008277 0.011212 0.014968 0.019690 0.025525 0.032605 0.041041 0.050902 0.062207 0.074907 0.088874 0.103895 0.119666 0.135801 0.151839 0.167266 0.181541 0.194123 0.204511 0.212270 0.217066 0.218689 0.217066 0.212270 0.204511 0.194123 0.181541 0.167266 0.151839 0.135801 0.119666 0.103895 0.088874 0.074907 0.062207 0.050902 0.041041 0.032605 0.025525 0.019690 0.014968 0.011212 0.008277 0.006021 0.004317 0.003050 0.002124 0.001458 0.000986 0.000658 0.000432 0.000280 0.000179 0.000113 0.000070 0.000043 0.000026 0.000015 0.000009 0.000005 0.000003 0.000002 0.000001 0.000001 0.000000 0.000000 0.000000 0.000000 0.000000 0.000000 0.000000 
0.000000 0.000000 0.000000 0.000000 0.000000 0.000000 0.000000 0.000000 0.000001 0.000001 0.000003 0.000005 0.000008 0.000014 0.000024 0.000040 0.000067 0.000110 0.000176 0.000280 0.000438 0.000676 0.001028 0.001541 0.002277 0.003316 0.004760 0.006733 0.009388 0.012899 0.017467 0.023309 0.030653 0.039723 0.050726 0.063831 0.079146 0.096700 0.116415 0.138092 0.161400 0.185867 0.210895 0.235768 0.259691 0.281824 0.301332 0.317436 0.329464 0.336899 0.339414 0.336899 0.329464 0.317436 0.301332 0.281824 0.259691 0.235768 0.210895 0.185867 0.161400 0.138092 0.116415 0.096700 0.079146 0.063831 0.050726 0.039723 0.030653 0.023309 0.017467 0.012899 0.009388 0.006733 0.004760 0.003316 0.002277 0.001541 0.001028 0.000676 0.000438 0.000280 0.000176 0.000110 0.000067 0.000040 0.000024 0.000014 0.000008 0.000005 0.000003 0.000001 0.000001 0.000000 0.000000 0.000000 0.000000 0.000000 0.000000 0.000000 
0.000000 0.000000 0.000000 0.000000 0.000000 0.000000 0.000000 0.000001 0.000001 0.000002 0.000004 0.000007 0.000013 0.000022 0.000037 0.000063 0.000104 0.000169 0.000272 0.000432 0.000676 0.001042 0.001585 0.002374 0.003506 0.005103 0.007322 0.010354 0.014429 0.019819 0.026827 0.035787 0.047046 0.060948 0.077808 0.097882 0.121336 0.148211 0.178387 0.211560 0.247221 0.284650 0.322929 0.360967 0.397547 0.431386 0.461209 0.485826 0.504212 0.515576 0.519421 0.515576 0.504212 0.485826 0.461209 0.431386 0.397547 0.360967 0.322929 0.284650 0.247221 0.211560 0.178387 0.148211 0.121336 0.097882 0.077808 0.060948 0.047046 0.035787 0.026827 0.019819 0.014429 0.010354 0.007322 0.005103 0.003506 0.002374 0.001585 0.001042 0.000676 0.000432 0.000272 0.000169 0.000104 0.000063 0.000037 0.000022 0.000013 0.000007 0.000004 0.000002 0.000001 0.000001 0.000000 0.000000 0.000000 0.000000 0.000000 0.000000 
0.000000 0.000000 0.000000 0.000000 0.000000 0.000000 0.000001 0.000001 0.000002 0.000003 0.000006 0.000011 0.000019 0.000033 0.000057 0.000095 0.000158 0.000258 0.000415 0.000658 0.001028 0.001585 0.002407 0.003605 0.005321 0.007743 0.011104 0.015695 0.021865 0.030020 0.040621 0.054170 0.071190 0.092198 0.117668 0.147985 0.183399 0.223967 0.269509 0.319563 0.373360 0.429816 0.487544 0.544900 0.600052 0.651065 0.696021 0.733125 0.760836 0.777964 0.783759 0.777964 0.760836 0.733125 0.696021 0.651065 0.600052 0.544900 0.487544 0.429816 0.373360 0.319563 0.269509 0.223967 0.183399 0.147985 0.117668 0.092198 0.071190 0.054170 0.040621 0.030020 0.021865 0.015695 0.011104 0.007743 0.005321 0.003605 0.002407 0.001585 0.001028 0.000658 0.000415 0.000258 0.000158 0.000095 0.000057 0.000033 0.000019 0.000011 0.000006 0.000003 0.000002 0.000001 0.000001 0.000000 0.000000 0.000000 0.000000 0.000000 
0.000000 0.000000 0.000000 0.000000 0.000000 0.000000 0.000001 0.000002 0.000003 0.000005 0.000009 0.000017 0.000029 0.000050 0.000086 0.000144 0.000237 0.000387 0.000622 0.000986 0.001541 0.002374 0.003605 0.005396 0.007962 0.011580 0.016599 0.023454 0.032661 0.044828 0.060637 0.080836 0.106201 0.137500 0.175436 0.220580 0.273300 0.333678 0.401444 0.475909 0.555928 0.639887 0.725725 0.810999 0.892985 0.968812 1.035629 1.090773 1.131955 1.157408 1.166019 1.157408 1.131955 1.090773 1.035629 0.968812 0.892985 0.810999 0.725725 0.639887 0.555928 0.475909 0.401444 0.333678 0.273300 0.220580 0.175436 0.137500 0.106201 0.080836 0.060637 0.044828 0.032661 0.023454 0.016599 0.011580 0.007962 0.005396 0.003605 0.002374 0.001541 0.000986 0.000622 0.000387 0.000237 0.000144 0.000086 0.000050 0.000029 0.000017 0.000009 0.000005 0.000003 0.000002 0.000001 0.000000 0.000000 0.000000 0.000000 0.000000 
0.000000 0.000000 0.000000 0.000000 0.000000 0.000001 0.000001 0.000002 0.000004 0.000008 0.000014 0.000025 0.000043 0.000075 0.000127 0.000213 0.000351 0.000573 0.000920 0.001458 0.002277 0.003506 0.005321 0.007962 0.011743 0.017071 0.024462 0.034550 0.048096 0.065989 0.089232 0.118918 0.156186 0.202160 0.257866 0.324140 0.401516 0.490113 0.589529 0.698752 0.816100 0.939205 1.065047 1.190047 1.310213 1.421342 1.519256 1.600062 1.660403 1.697697 1.710314 1.697697 1.660403 1.600062 1.519256 1.421342 1.310213 1.190047 1.065047 0.939205 0.816100 0.698752 0.589529 0.490113 0.401516 0.324140 0.257866 0.202160 0.156186 0.118918 0.089232 0.065989 0.048096 0.034550 0.024462 0.017071 0.011743 0.007962 0.005321 0.003506 0.002277 0.001458 0.000920 0.000573 0.000351 0.000213 0.000127 0.000075 0.000043 0.000025 0.000014 0.000008 0.000004 0.000002 0.000001 0.000001 0.000000 0.000000 0.000000 0.000000 
0.000000 0.000000 0.000000 0.000000 0.000000 0.000001 0.000002 0.000003 0.000006 0.000011 0.000020 0.000036 0.000063 0.000109 0.000185 0.000310 0.000513 0.000835 0.001342 0.002124 0.003316 0.005103 0.007743 0.011580 0.017071 0.024808 0.035535 0.050170 0.069817 0.095758 0.129445 0.172457 0.226438 0.293010 0.373655 0.469574 0.581535 0.709703 0.853494 1.011440 1.181106 1.359069 1.540962 1.721615 1.895263 2.055837 2.197305 2.314047 2.401220 2.455096 2.473322 2.455096 2.401220 2.314047 2.197305 2.055837 1.895263 1.721615 1.540962 1.359069 1.181106 1.011440 0.853494 0.709703 0.581535 0.469574 0.373655 0.293010 0.226438 0.172457 0.129445 0.095758 0.069817 0.050170 0.035535 0.024808 0.017071 0.011580 0.007743 0.005103 0.003316 0.002124 0.001342 0.000835 0.000513 0.000310 0.000185 0.000109 0.000063 0.000036 0.000020 0.000011 0.000006 0.000003 0.000002 0.000001 0.000000 0.000000 0.000000 0.000000 
0.000000 0.000000 0.000000 0.000000 0.000001 0.000001 0.000003 0.000005 0.000009 0.000016 0.000029 0.000052 0.000091 0.000157 0.000267 0.000447 0.000737 0.001201 0.001927 0.003050 0.004760 0.007322 0.011104 0.016599 0.024462 0.035535 0.050881 0.071813 0.099900 0.136975 0.185106 0.246541 0.323621 0.418654 0.533747 0.670607 0.830318 1.013113 1.218147 1.443324 1.685171 1.938804 2.198006 2.455409 2.702804 2.931552 3.133067 3.299351 3.423512 3.500245 3.526204 3.500245 3.423512 3.299351 3.133067 2.931552 2.702804 2.455409 2.198006 1.938804 1.685171 1.443324 1.218147 1.013113 0.830318 0.670607 0.533747 0.418654 0.323621 0.246541 0.185106 0.136975 0.099900 0.071813 0.050881 0.035535 0.024462 0.016599 0.011104 0.007322 0.004760 0.003050 0.001927 0.001201 0.000737 0.000447 0.000267 0.000157 0.000091 0.000052 0.000029 0.000016 0.000009 0.000005 0.000003 0.000001 0.000001 0.000000 0.000000 0.000000 
0.000000 0.000000 0.000000 0.000001 0.000001 0.000002 0.000004 0.000007 0.000013 0.000023 0.000042 0.000074 0.000129 0.000223 0.000378 0.000633 0.001045 0.001701 0.002729 0.004317 0.006733 0.010354 0.015695 0.023454 0.034550 0.050170 0.071813 0.101320 0.140903 0.193136 0.260923 0.347423 0.455923 0.589659 0.751584 0.944088 1.168687 1.425695 1.713918 2.030401 2.370259 2.726629 3.090775 3.452352 3.799837 4.121101 4.404099 4.637605 4.811953 4.919699 4.956149 4.919699 4.811953 4.637605 4.404099 4.121101 3.799837 3.452352 3.090775 2.726629 2.370259 2.030401 1.713918 1.425695 1.168687 0.944088 0.751584 0.589659 0.455923 0.347423 0.260923 0.193136 0.140903 0.101320 0.071813 0.050170 0.034550 0.023454 0.015695 0.010354 0.006733 0.004317 0.002729 0.001701 0.001045 0.000633 0.000378 0.000223 0.000129 0.000074 0.000042 0.000023 0.000013 0.000007 0.000004 0.000002 0.000001 0.000000 0.000000 0.000000 
0.000000 0.000000 0.000000 0.000001 0.000001 0.000003 0.000005 0.000010 0.000018 0.000033 0.000059 0.000104 0.000181 0.000312 0.000529 0.000885 0.001460 0.002374 0.003808 0.006021 0.009388 0.014429 0.021865 0.032661 0.048096 0.069817 0.099900 0.140903 0.195889 0.268426 0.362536 0.482593 0.633144 0.818666 1.043240 1.310166 1.621529 1.977751 2.377167 2.815674 3.286495 3.780124 4.284460 4.785183 5.266343 5.711159 6.102965 6.426232 6.667590 6.816744 6.867201 6.816744 6.667590 6.426232 6.102965 5.711159 5.266343 4.785183 4.284460 3.780124 3.286495 2.815674 2.377167 1.977751 1.621529 1.310166 1.043240 0.818666 0.633144 0.482593 0.362536 0.268426 0.195889 0.140903 0.099900 0.069817 0.048096 0.032661 0.021865 0.014429 0.009388 0.006021 0.003808 0.002374 0.001460 0.000885 0.000529 0.000312 0.000181 0.000104 0.000059 0.000033 0.000018 0.000010 0.000005 0.000003 0.000001 0.000001 0.000000 0.000000 
0.000000 0.000000 0.000000 0.000001 0.000002 0.000004 0.000007 0.000013 0.000025 0.000045 0.000081 0.000143 0.000250 0.000430 0.000728 0.001218 0.002009 0.003266 0.005236 0.008277 0.012899 0.019819 0.030020 0.044828 0.065989 0.095758 0.136975 0.193136 0.268426 0.367719 0.496507 0.660758 0.866679 1.120371 1.427396 1.792246 2.217750 2.704468 3.250110 3.849057 4.492049 5.166098 5.854687 6.538269 7.195084 7.802239 8.337001 8.778194 9.107585 9.311135 9.379993 9.311135 9.107585 8.778194 8.337001 7.802239 7.195084 6.538269 5.854687 5.166098 4.492049 3.849057 3.250110 2.704468 2.217750 1.792246 1.427396 1.120371 0.866679 0.660758 0.496507 0.367719 0.268426 0.193136 0.136975 0.095758 0.065989 0.044828 0.030020 0.019819 0.012899 0.008277 0.005236 0.003266 0.002009 0.001218 0.000728 0.000430 0.000250 0.000143 0.000081 0.000045 0.000025 0.000013 0.000007 0.000004 0.000002 0.000001 0.000000 0.000000 
0.000000 0.000000 0.000001 0.000001 0.000003 0.000005 0.000010 0.000018 0.000034 0.000061 0.000110 0.000195 0.000339 0.000583 0.000989 0.001653 0.002725 0.004428 0.007096 0.011212 0.017467 0.026827 0.040621 0.060637 0.089232 0.129445 0.185106 0.260923 0.362536 0.496507 0.670228 0.891730 1.169358 1.511317 1.925075 2.416661 2.989862 3.645409 4.380198 5.186648 6.052282 6.959613 7.886409 8.806374 9.690236 10.507210 11.226728 11.820320 12.263474 12.537318 12.629954 12.537318 12.263474 11.820320 11.226728 10.507210 9.690236 8.806374 7.886409 6.959613 6.052282 5.186648 4.380198 3.645409 2.989862 2.416661 1.925075 1.511317 1.169358 0.891730 0.670228 0.496507 0.362536 0.260923 0.185106 0.129445 0.089232 0.060637 0.040621 0.026827 0.017467 0.011212 0.007096 0.004428 0.002725 0.001653 0.000989 0.000583 0.000339 0.000195 0.000110 0.000061 0.000034 0.000018 0.000010 0.000005 0.000003 0.000001 0.000001 0.000000 
0.000000 0.000000 0.000001 0.000002 0.000004 0.000007 0.000013 0.000025 0.000045 0.000082 0.000148 0.000261 0.000454 0.000781 0.001323 0.002210 0.003641 0.005916 0.009477 0.014968 0.023309 0.035787 0.054170 0.080836 0.118918 0.172457 0.246541 0.347423 0.482593 0.660758 0.891730 1.186159 1.555108 2.009449 2.559076 3.211961 3.973104 4.843446 5.818842 6.889210 8.037978 9.241935 10.471589 11.692061 12.864539 13.948208 14.902550 15.689830 16.277563 16.640740 16.763595 16.640740 16.277563 15.689830 14.902550 13.948208 12.864539 11.692061 10.471589 9.241935 8.037978 6.889210 5.818842 4.843446 3.973104 3.211961 2.559076 2.009449 1.555108 1.186159 0.891730 0.660758 0.482593 0.347423 0.246541 0.172457 0.118918 0.080836 0.054170 0.035787 0.023309 0.014968 0.009477 0.005916 0.003641 0.002210 0.001323 0.000781 0.000454 0.000261 0.000148 0.000082 0.000045 0.000025 0.000013 0.000007 0.000004 0.000002 0.000001 0.000000 
0.000000 0.000000 0.000001 0.000002 0.000005 0.000009 0.000017 0.000033 0.000060 0.000109 0.000195 0.000344 0.000599 0.001029 0.001743 0.002912 0.004795 0.007788 0.012471 0.019690 0.030653 0.047046 0.071190 0.106201 0.156186 0.226438 0.323621 0.455923 0.633144 0.866679 1.169358 1.555108 2.038388 2.633399 3.353058 4.207763 5.204020 6.343025 7.619324 9.019701 10.522460 12.097237 13.705457 15.301523 16.834702 18.251654 19.499433 20.528735 21.297120 21.771916 21.932527 21.771916 21.297120 20.528735 19.499433 18.251654 16.834702 15.301523 13.705457 12.097237 10.522460 9.019701 7.619324 6.343025 5.204020 4.207763 3.353058 2.633399 2.038388 1.555108 1.169358 0.866679 0.633144 0.455923 0.323621 0.226438 0.156186 0.106201 0.071190 0.047046 0.030653 0.019690 0.012471 0.007788 0.004795 0.002912 0.001743 0.001029 0.000599 0.000344 0.000195 0.000109 0.000060 0.000033 0.000017 0.000009 0.000005 0.000002 0.000001 0.000000 
0.000000 0.000001 0.000002 0.000003 0.000006 0.000012 0.000023 0.000042 0.000078 0.000142 0.000253 0.000447 0.000779 0.001337 0.002264 0.003780 0.006223 0.010102 0.016172 0.025525 0.039723 0.060948 0.092198 0.137500 0.202160 0.293010 0.418654 0.589659 0.818666 1.120371 1.511317 2.009449 2.633399 3.401453 4.330236 5.433116 6.718442 8.187713 9.833855 11.639797 13.577541 15.607928 17.681234 19.738691 21.714933 23.541241 25.149414 26.475951 27.466192 28.078063 28.285040 28.078063 27.466192 26.475951 25.149414 23.541241 21.714933 19.738691 17.681234 15.607928 13.577541 11.639797 9.833855 8.187713 6.718442 5.433116 4.330236 3.401453 2.633399 2.009449 1.511317 1.120371 0.818666 0.589659 0.418654 0.293010 0.202160 0.137500 0.092198 0.060948 0.039723 0.025525 0.016172 0.010102 0.006223 0.003780 0.002264 0.001337 0.000779 0.000447 0.000253 0.000142 0.000078 0.000042 0.000023 0.000012 0.000006 0.000003 0.000001 0.000000 
0.000000 0.000001 0.000002 0.000004 0.000008 0.000015 0.000029 0.000054 0.000100 0.000182 0.000325 0.000573 0.000997 0.001712 0.002897 0.004835 0.007957 0.012913 0.020664 0.032605 0.050726 0.077808 0.117668 0.175436 0.257866 0.373655 0.533747 0.751584 1.043240 1.427396 1.925075 2.559076 3.353058 4.330236 5.511699 6.914397 8.548888 10.417027 12.509776 14.805398 17.268284 19.848655 22.483328 25.097649 27.608592 29.928892 31.971951 33.657143 34.915077 35.692340 35.955262 35.692340 34.915077 33.657143 31.971951 29.928892 27.608592 25.097649 22.483328 19.848655 17.268284 14.805398 12.509776 10.417027 8.548888 6.914397 5.511699 4.330236 3.353058 2.559076 1.925075 1.427396 1.043240 0.751584 0.533747 0.373655 0.257866 0.175436 0.117668 0.077808 0.050726 0.032605 0.020664 0.012913 0.007957 0.004835 0.002897 0.001712 0.000997 0.000573 0.000325 0.000182 0.000100 0.000054 0.000029 0.000015 0.000008 0.000004 0.000002 0.000000 
0.000000 0.000001 0.000003 0.000005 0.000010 0.000020 0.000037 0.000069 0.000126 0.000229 0.000410 0.000723 0.001258 0.002158 0.003652 0.006093 0.010024 0.016264 0.026018 0.041041 0.063831 0.097882 0.147985 0.220580 0.324140 0.469574 0.670607 0.944088 1.310166 1.792246 2.416661 3.211961 4.207763 5.433116 6.914397 8.672784 10.721449 13.062652 15.685016 18.561262 21.646753 24.879119 28.179221 31.453579 34.598247 37.503991 40.062418 42.172623 43.747769 44.721015 45.050227 44.721015 43.747769 42.172623 40.062418 37.503991 34.598247 31.453579 28.179221 24.879119 21.646753 18.561262 15.685016 13.062652 10.721449 8.672784 6.914397 5.433116 4.207763 3.211961 2.416661 1.792246 1.310166 0.944088 0.670607 0.469574 0.324140 0.220580 0.147985 0.097882 0.063831 0.041041 0.026018 0.016264 0.010024 0.006093 0.003652 0.002158 0.001258 0.000723 0.000410 0.000229 0.000126 0.000069 0.000037 0.000019 0.000010 0.000005 0.000002 0.000000 
0.000000 0.000001 0.000003 0.000006 0.000013 0.000024 0.000046 0.000086 0.000157 0.000285 0.000510 0.000899 0.001564 0.002682 0.004536 0.007566 0.012444 0.020183 0.032278 0.050902 0.079146 0.121336 0.183399 0.273300 0.401516 0.581535 0.830318 1.168687 1.621529 2.217750 2.989862 3.973104 5.204020 6.718442 8.548888 10.721449 13.252318 16.144220 19.383039 22.935040 26.745068 30.736102 34.810441 38.852705 42.734621 46.321402 49.479323 52.083900 54.028014 55.229214 55.635531 55.229214 54.028014 52.083900 49.479323 46.321402 42.734621 38.852705 34.810441 30.736102 26.745068 22.935040 19.383039 16.144220 13.252318 10.721449 8.548888 6.718442 5.204020 3.973104 2.989862 2.217750 1.621529 1.168687 0.830318 0.581535 0.401516 0.273300 0.183399 0.121336 0.079146 0.050902 0.032278 0.020183 0.012444 0.007566 0.004536 0.002682 0.001564 0.000899 0.000510 0.000285 0.000157 0.000086 0.000046 0.000024 0.000013 0.000006 0.000003 0.000000 
0.000000 0.000002 0.000004 0.000008 0.000016 0.000030 0.000056 0.000105 0.000193 0.000350 0.000625 0.001102 0.001915 0.003283 0.005551 0.009256 0.015220 0.024678 0.039457 0.062207 0.096700 0.148211 0.223967 0.333678 0.490113 0.709703 1.013113 1.425695 1.977751 2.704468 3.645409 4.843446 6.343025 8.187713 10.417027 13.062652 16.144220 19.664967 23.607638 27.931118 32.568240 37.425255 42.383277 47.301938 52.025207 56.389156 60.231160 63.399847 65.764964 67.226263 67.720557 67.226263 65.764964 63.399847 60.231160 56.389156 52.025207 47.301938 42.383277 37.425255 32.568240 27.931118 23.607638 19.664967 16.144220 13.062652 10.417027 8.187713 6.343025 4.843446 3.645409 2.704468 1.977751 1.425695 1.013113 0.709703 0.490113 0.333678 0.223967 0.148211 0.096700 0.062207 0.039457 0.024678 0.015220 0.009256 0.005551 0.003283 0.001915 0.001102 0.000625 0.000350 0.000193 0.000105 0.000056 0.000030 0.000015 0.000008 0.000003 0.000000 
0.000000 0.000002 0.000005 0.000010 0.000019 0.000036 0.000068 0.000127 0.000233 0.000422 0.000754 0.001329 0.002310 0.003959 0.006693 0.011157 0.018341 0.029731 0.047524 0.074907 0.116415 0.178387 0.269509 0.401444 0.589529 0.853494 1.218147 1.713918 2.377167 3.250110 4.380198 5.818842 7.619324 9.833855 12.509776 15.685016 19.383039 23.607638 28.338036 33.524842 39.087447 44.913378 50.860051 56.759146 62.423595 67.656881 72.264066 76.063716 78.899720 80.651932 81.244625 80.651932 78.899720 76.063716 72.264066 67.656881 62.423595 56.759146 50.860051 44.913378 39.087447 33.524842 28.338036 23.607638 19.383039 15.685016 12.509776 9.833855 7.619324 5.818842 4.380198 3.250110 2.377167 1.713918 1.218147 0.853494 0.589529 0.401444 0.269509 0.178387 0.116415 0.074907 0.047524 0.029731 0.018341 0.011157 0.006693 0.003959 0.002310 0.001329 0.000754 0.000422 0.000233 0.000127 0.000068 0.000036 0.000019 0.000009 0.000004 0.000000 
0.000000 0.000002 0.000006 0.000011 0.000022 0.000043 0.000081 0.000151 0.000277 0.000502 0.000897 0.001580 0.002746 0.004705 0.007950 0.013249 0.021775 0.035290 0.056398 0.088874 0.138092 0.211560 0.319563 0.475909 0.698752 1.011440 1.443324 2.030401 2.815674 3.849057 5.186648 6.889210 9.019701 11.639797 14.805398 18.561262 22.935040 27.931118 33.524842 39.657748 46.234483 53.122060 60.151930 67.125157 73.820677 80.006286 85.451665 89.942465 93.294261 95.365123 96.065596 95.365123 93.294261 89.942465 85.451665 80.006286 73.820677 67.125157 60.151930 53.122060 46.234483 39.657748 33.524842 27.931118 22.935040 18.561262 14.805398 11.639797 9.019701 6.889210 5.186648 3.849057 2.815674 2.030401 1.443324 1.011440 0.698752 0.475909 0.319563 0.211560 0.138092 0.088874 0.056398 0.035290 0.021775 0.013249 0.007950 0.004705 0.002746 0.001580 0.000897 0.000502 0.000277 0.000151 0.000081 0.000043 0.000022 0.000011 0.000004 0.000000 
0.000000 0.000003 0.000007 0.000013 0.000026 0.000050 0.000095 0.000177 0.000325 0.000589 0.001051 0.001851 0.003215 0.005507 0.009304 0.015502 0.025471 0.041272 0.065944 0.103895 0.161400 0.247221 0.373360 0.555928 0.816100 1.181106 1.685171 2.370259 3.286495 4.492049 6.052282 8.037978 10.522460 13.577541 17.268284 21.646753 26.745068 32.568240 39.087447 46.234483 53.898190 61.923590 70.114308 78.238606 86.038999 93.245055 99.588557 104.819901 108.724341 111.136614 111.952565 111.136614 108.724341 104.819901 99.588557 93.245055 86.038999 78.238606 70.114308 61.923590 53.898190 46.234483 39.087447 32.568240 26.745068 21.646753 17.268284 13.577541 10.522460 8.037978 6.052282 4.492049 3.286495 2.370259 1.685171 1.181106 0.816100 0.555928 0.373360 0.247221 0.161400 0.103895 0.065944 0.041272 0.025471 0.015502 0.009304 0.005507 0.003215 0.001851 0.001051 0.000589 0.000325 0.000177 0.000095 0.000050 0.000026 0.000013 0.000005 0.000000 
0.000000 0.000003 0.000008 0.000016 0.000030 0.000058 0.000110 0.000205 0.000375 0.000679 0.001213 0.002135 0.003708 0.006350 0.010727 0.017869 0.029355 0.047555 0.075968 0.119666 0.185867 0.284650 0.429816 0.639887 0.939205 1.359069 1.938804 2.726629 3.780124 5.166098 6.959613 9.241935 12.097237 15.607928 19.848655 24.879119 30.736102 37.425255 44.913378 53.122060 61.923590 71.139969 80.545699 89.874715 98.831426 107.105402 114.388780 120.395077 124.877827 127.647364 128.584153 127.647364 124.877827 120.395077 114.388780 107.105402 98.831426 89.874715 80.545699 71.139969 61.923590 53.122060 44.913378 37.425255 30.736102 24.879119 19.848655 15.607928 12.097237 9.241935 6.959613 5.166098 3.780124 2.726629 1.938804 1.359069 0.939205 0.639887 0.429816 0.284650 0.185867 0.119666 0.075968 0.047555 0.029355 0.017869 0.010727 0.006350 0.003708 0.002135 0.001213 0.000679 0.000375 0.000205 0.000110 0.000058 0.000030 0.000015 0.000006 0.000000 
0.000000 0.000003 0.000009 0.000018 0.000035 0.000066 0.000125 0.000233 0.000427 0.000772 0.001378 0.002426 0.004213 0.007214 0.012183 0.020292 0.033330 0.053985 0.086225 0.135801 0.210895 0.322929 0.487544 0.725725 1.065047 1.540962 2.198006 3.090775 4.284460 5.854687 7.886409 10.471589 13.705457 17.681234 22.483328 28.179221 34.810441 42.383277 50.860051 60.151930 70.114308 80.545699 91.190898 101.748826 111.885029 121.248293 129.490326 136.287041 141.359632 144.493553 145.553589 144.493553 141.359632 136.287041 129.490326 121.248293 111.885029 101.748826 91.190898 80.545699 70.114308 60.151930 50.860051 42.383277 34.810441 28.179221 22.483328 17.681234 13.705457 10.471589 7.886409 5.854687 4.284460 3.090775 2.198006 1.540962 1.065047 0.725725 0.487544 0.322929 0.210895 0.135801 0.086225 0.053985 0.033330 0.020292 0.012183 0.007214 0.004213 0.002426 0.001378 0.000772 0.000427 0.000233 0.000125 0.000066 0.000034 0.000017 0.000007 0.000000 
