0.000000 0.000000 0.000000 0.000000 0.000000 0.000000 0.000000 0.000000 0.000000 0.000000 0.000000 0.000000 0.000000 0.000000 0.000000 0.000000 0.000000 0.000000 0.000000 0.000000 0.000000 0.000000 0.000000 0.000000 0.000000 0.000000 0.000000 0.000000 0.000000 0.000000 0.000000 0.000000 0.000000 0.000000 0.000000 0.000000 0.000000 0.000000 0.000000 0.000000 0.000000 0.000000 0.000000 0.000000 0.000000 0.000000 0.000000 0.000000 0.000000 0.000000 0.000000 0.000000 0.000000 0.000000 0.000000 0.000000 0.000000 0.000000 0.000000 0.000000 0.000000 0.000000 0.000000 0.000000 0.000000 0.000000 0.000000 0.000000 0.000000 0.000000 0.000000 0.000000 0.000000 0.000000 0.000000 0.000000 0.000000 0.000000 0.000000 0.000000 0.000000 0.000000 0.000000 0.000000 0.000000 0.000000 0.000000 0.000000 0.000000 0.000000 0.000000 0.000000 0.000000 0.000000 0.000000 0.000000 0.000000 0.000000 0.000000 0.000000 
0.000000 0.000000 0.000000 0.000000 0.000000 0.000000 0.000000 0.000000 0.000000 0.000000 0.000000 0.000000 0.000000 0.000000 0.000000 0.000000 0.000000 0.000000 0.000000 0.000000 0.000000 0.000000 0.000000 0.000000 0.000001 0.000001 0.000001 0.000001 0.000002 0.000002 0.000003 0.000004 0.000005 0.000006 0.000008 0.000010 0.000012 0.000014 0.000016 0.000019 0.000022 0.000025 0.000028 0.000031 0.000034 0.000036 0.000038 0.000040 0.000041 0.000042 0.000042 0.000042 0.000041 0.000040 0.000038 0.000036 0.000034 0.000031 0.000028 0.000025 0.000022 0.000019 0.000016 0.000014 0.000012 0.000010 0.000008 0.000006 0.000005 0.000004 0.000003 0.000002 0.000002 0.000001 0.000001 0.000001 0.000001 0.000000 0.000000 0.000000 0.000000 0.000000 0.000000 0.000000 0.000000 0.000000 0.000000 0.000000 0.000000 0.000000 0.000000 0.000000 0.000000 0.000000 0.000000 0.000000 0.000000 0.000000 0.000000 0.000000 
0.000000 0.000000 0.000000 0.000000 0.000000 0.000000 0.000000 0.000000 0.000000 0.000000 0.000000 0.000000 0.000000 0.000000 0.000000 0.000000 0.000000 0.000000 0.000000 0.000000 0.000000 0.000000 0.000001 0.000001 0.000001 0.000002 0.000002 0.000003 0.000004 0.000006 0.000007 0.000009 0.000012 0.000015 0.000019 0.000023 0.000028 0.000033 0.000039 0.000045 0.000052 0.000059 0.000066 0.000072 0.000079 0.000085 0.000090 0.000094 0.000097 0.000099 0.000100 0.000099 0.000097 0.000094 0.000090 0.000085 0.000079 0.000072 0.000066 0.000059 0.000052 0.000045 0.000039 0.000033 0.000028 0.000023 0.000019 0.000015 0.000012 0.000009 0.000007 0.000006 0.000004 0.000003 0.000002 0.000002 0.000001 0.000001 0.000001 0.000000 0.000000 0.000000 0.000000 0.000000 0.000000 0.000000 0.000000 0.000000 0.000000 0.000000 0.000000 0.000000 0.000000 0.000000 0.000000 0.000000 0.000000 0.000000 0.000000 0.000000 
0.000000 0.000000 0.000000 0.000000 0.000000 0.000000 0.000000 0.000000 0.000000 0.000000 0.000000 0.000000 0.000000 0.000000 0.000000 0.000000 0.000000 0.000000 0.000000 0.000000 0.000001 0.000001 0.000001 0.000002 0.000002 0.000003 0.000004 0.000006 0.000008 0.000011 0.000014 0.000018 0.000023 0.000029 0.000036 0.000044 0.000053 0.000063 0.000075 0.000087 0.000100 0.000113 0.000126 0.000139 0.000151 0.000163 0.000173 0.000181 0.000187 0.000190 0.000192 0.000190 0.000187 0.000181 0.000173 0.000163 0.000151 0.000139 0.000126 0.000113 0.000100 0.000087 0.000075 0.000063 0.000053 0.000044 0.000036 0.000029 0.000023 0.000018 0.000014 0.000011 0.000008 0.000006 0.000004 0.000003 0.000002 0.000002 0.000001 0.000001 0.000001 0.000000 0.000000 0.000000 0.000000 0.000000 0.000000 0.000000 0.000000 0.000000 0.000000 0.000000 0.000000 0.000000 0.000000 0.000000 0.000000 0.000000 0.000000 0.000000 
0.000000 0.000000 0.000000 0.000000 0.000000 0.000000 0.000000 0.000000 0.000000 0.000000 0.000000 0.000000 0.000000 0.000000 0.000000 0.000000 0.000000 0.000000 0.000000 0.000001 0.000001 0.000001 0.000002 0.000003 0.000004 0.000006 0.000008 0.000011 0.000015 0.000019 0.000025 0.000033 0.000042 0.000052 0.000065 0.000080 0.000096 0.000115 0.000135 0.000157 0.000181 0.000204 0.000228 0.000252 0.000274 0.000295 0.000313 0.000328 0.000338 0.000345 0.000347 0.000345 0.000338 0.000328 0.000313 0.000295 0.000274 0.000252 0.000228 0.000204 0.000181 0.000157 0.000135 0.000115 0.000096 0.000080 0.000065 0.000052 0.000042 0.000033 0.000025 0.000019 0.000015 0.000011 0.000008 0.000006 0.000004 0.000003 0.000002 0.000001 0.000001 0.000001 0.000000 0.000000 0.000000 0.000000 0.000000 0.000000 0.000000 0.000000 0.000000 0.000000 0.000000 0.000000 0.000000 0.000000 0.000000 0.000000 0.000000 0.000000 
0.000000 0.000000 0.000000 0.000000 0.000000 0.000000 0.000000 0.000000 0.000000 0.000000 0.000000 0.000000 0.000000 0.000000 0.000000 0.000000 0.000000 0.000001 0.000001 0.000001 0.000002 0.000003 0.000004 0.000005 0.000008 0.000010 0.000014 0.000019 0.000026 0.000035 0.000045 0.000058 0.000074 0.000093 0.000115 0.000141 0.000171 0.000204 0.000240 0.000278 0.000319 0.000362 0.000404 0.000446 0.000485 0.000522 0.000553 0.000579 0.000598 0.000610 0.000614 0.000610 0.000598 0.000579 0.000553 0.000522 0.000485 0.000446 0.000404 0.000362 0.000319 0.000278 0.000240 0.000204 0.000171 0.000141 0.000115 0.000093 0.000074 0.000058 0.000045 0.000035 0.000026 0.000019 0.000014 0.000010 0.000008 0.000005 0.000004 0.000003 0.000002 0.000001 0.000001 0.000001 0.000000 0.000000 0.000000 0.000000 0.000000 0.000000 0.000000 0.000000 0.000000 0.000000 0.000000 0.000000 0.000000 0.000000 0.000000 0.000000 
0.000000 0.000000 0.000000 0.000000 0.000000 0.000000 0.000000 0.000000 0.000000 0.000000 0.000000 0.000000 0.000000 0.000000 0.000000 0.000000 0.000001 0.000001 0.000001 0.000002 0.000003 0.000005 0.000007 0.000009 0.000013 0.000018 0.000025 0.000034 0.000046 0.000060 0.000079 0.000102 0.000129 0.000162 0.000201 0.000246 0.000298 0.000355 0.000418 0.000485 0.000557 0.000630 0.000704 0.000776 0.000845 0.000908 0.000963 0.001008 0.001042 0.001062 0.001069 0.001062 0.001042 0.001008 0.000963 0.000908 0.000845 0.000776 0.000704 0.000630 0.000557 0.000485 0.000418 0.000355 0.000298 0.000246 0.000201 0.000162 0.000129 0.000102 0.000079 0.000060 0.000046 0.000034 0.000025 0.000018 0.000013 0.000009 0.000007 0.000005 0.000003 0.000002 0.000001 0.000001 0.000001 0.000000 0.000000 0.000000 0.000000 0.000000 0.000000 0.000000 0.000000 0.000000 0.000000 0.000000 0.000000 0.000000 0.000000 0.000000 
0.000000 0.000000 0.000000 0.000000 0.000000 0.000000 0.000000 0.000000 0.000000 0.000000 0.000000 0.000000 0.000000 0.000000 0.000000 0.000001 0.000001 0.000002 0.000002 0.000004 0.000005 0.000008 0.000011 0.000016 0.000023 0.000032 0.000043 0.000059 0.000079 0.000104 0.000136 0.000175 0.000223 0.000280 0.000347 0.000424 0.000512 0.000611 0.000719 0.000835 0.000957 0.001083 0.001210 0.001335 0.001453 0.001561 0.001655 0.001732 0.001790 0.001825 0.001837 0.001825 0.001790 0.001732 0.001655 0.001561 0.001453 0.001335 0.001210 0.001083 0.000957 0.000835 0.000719 0.000611 0.000512 0.000424 0.000347 0.000280 0.000223 0.000175 0.000136 0.000104 0.000079 0.000059 0.000043 0.000032 0.000023 0.000016 0.000011 0.000008 0.000005 0.000004 0.000002 0.000002 0.000001 0.000001 0.000000 0.000000 0.000000 0.000000 0.000000 0.000000 0.000000 0.000000 0.000000 0.000000 0.000000 0.000000 0.000000 0.000000 
0.000000 0.000000 0.000000 0.000000 0.000000 0.000000 0.000000 0.000000 0.000000 0.000000 0.000000 0.000000 0.000000 0.000000 0.000001 0.000001 0.000002 0.000003 0.000004 0.000006 0.000009 0.000013 0.000019 0.000028 0.000039 0.000054 0.000074 0.000100 0.000134 0.000177 0.000232 0.000298 0.000379 0.000476 0.000590 0.000721 0.000871 0.001038 0.001221 0.001418 0.001626 0.001840 0.002055 0.002266 0.002466 0.002649 0.002809 0.002940 0.003038 0.003098 0.003118 0.003098 0.003038 0.002940 0.002809 0.002649 0.002466 0.002266 0.002055 0.001840 0.001626 0.001418 0.001221 0.001038 0.000871 0.000721 0.000590 0.000476 0.000379 0.000298 0.000232 0.000177 0.000134 0.000100 0.000074 0.000054 0.000039 0.000028 0.000019 0.000013 0.000009 0.000006 0.000004 0.000003 0.000002 0.000001 0.000001 0.000000 0.000000 0.000000 0.000000 0.000000 0.000000 0.000000 0.000000 0.000000 0.000000 0.000000 0.000000 0.000000 
0.000000 0.000000 0.000000 0.000000 0.000000 0.000000 0.000000 0.000000 0.000000 0.000000 0.000000 0.000000 0.000000 0.000001 0.000001 0.000002 0.000003 0.000005 0.000007 0.000010 0.000015 0.000023 0.000033 0.000046 0.000065 0.000091 0.000125 0.000169 0.000226 0.000299 0.000389 0.000501 0.000637 0.000800 0.000991 0.001211 0.001462 0.001743 0.002050 0.002380 0.002728 0.003087 0.003448 0.003801 0.004137 0.004443 0.004711 0.004931 0.005094 0.005194 0.005228 0.005194 0.005094 0.004931 0.004711 0.004443 0.004137 0.003801 0.003448 0.003087 0.002728 0.002380 0.002050 0.001743 0.001462 0.001211 0.000991 0.000800 0.000637 0.000501 0.000389 0.000299 0.000226 0.000169 0.000125 0.000091 0.000065 0.000046 0.000033 0.000023 0.000015 0.000010 0.000007 0.000005 0.000003 0.000002 0.000001 0.000001 0.000000 0.000000 0.000000 0.000000 0.000000 0.000000 0.000000 0.000000 0.000000 0.000000 0.000000 0.000000 
0.000000 0.000000 0.000000 0.000000 0.000000 0.000000 0.000000 0.000000 0.000000 0.000000 0.000000 0.000000 0.000001 0.000001 0.000002 0.000003 0.000005 0.000008 0.000012 0.000017 0.000026 0.000038 0.000054 0.000077 0.000109 0.000151 0.000207 0.000281 0.000376 0.000496 0.000647 0.000833 0.001059 0.001328 0.001645 0.002011 0.002427 0.002891 0.003400 0.003947 0.004524 0.005118 0.005715 0.006300 0.006855 0.007363 0.007806 0.008169 0.008439 0.008605 0.008661 0.008605 0.008439 0.008169 0.007806 0.007363 0.006855 0.006300 0.005715 0.005118 0.004524 0.003947 0.003400 0.002891 0.002427 0.002011 0.001645 0.001328 0.001059 0.000833 0.000647 0.000496 0.000376 0.000281 0.000207 0.000151 0.000109 0.000077 0.000054 0.000038 0.000026 0.000017 0.000012 0.000008 0.000005 0.000003 0.000002 0.000001 0.000001 0.000000 0.000000 0.000000 0.000000 0.000000 0.000000 0.000000 0.000000 0.000000 0.000000 0.000000 
0.000000 0.000000 0.000000 0.000000 0.000000 0.000000 0.000000 0.000000 0.000000 0.000000 0.000000 0.000001 0.000001 0.000002 0.000003 0.000005 0.000008 0.000013 0.000019 0.000029 0.000042 0.000062 0.000089 0.000127 0.000179 0.000249 0.000341 0.000462 0.000618 0.000815 0.001063 0.001367 0.001737 0.002179 0.002697 0.003297 0.003978 0.004738 0.005571 0.006467 0.007410 0.008381 0.009358 0.010315 0.011222 0.012053 0.012778 0.013372 0.013813 0.014084 0.014176 0.014084 0.013813 0.013372 0.012778 0.012053 0.011222 0.010315 0.009358 0.008381 0.007410 0.006467 0.005571 0.004738 0.003978 0.003297 0.002697 0.002179 0.001737 0.001367 0.001063 0.000815 0.000618 0.000462 0.000341 0.000249 0.000179 0.000127 0.000089 0.000062 0.000042 0.000029 0.000019 0.000013 0.000008 0.000005 0.000003 0.000002 0.000001 0.000001 0.000000 0.000000 0.000000 0.000000 0.000000 0.000000 0.000000 0.000000 0.000000 0.000000 
0.000000 0.000000 0.000000 0.000000 0.000000 0.000000 0.000000 0.000000 0.000000 0.000000 0.000001 0.000001 0.000002 0.000003 0.000005 0.000009 0.000013 0.000021 0.000031 0.000047 0.000069 0.000101 0.000145 0.000207 0.000291 0.000404 0.000554 0.000750 0.001003 0.001323 0.001724 0.002217 0.002816 0.003531 0.004370 0.005340 0.006442 0.007671 0.009019 0.010466 0.011991 0.013561 0.015140 0.016685 0.018152 0.019493 0.020664 0.021623 0.022336 0.022774 0.022923 0.022774 0.022336 0.021623 0.020664 0.019493 0.018152 0.016685 0.015140 0.013561 0.011991 0.010466 0.009019 0.007671 0.006442 0.005340 0.004370 0.003531 0.002816 0.002217 0.001724 0.001323 0.001003 0.000750 0.000554 0.000404 0.000291 0.000207 0.000145 0.000101 0.000069 0.000047 0.000031 0.000021 0.000013 0.000009 0.000005 0.000003 0.000002 0.000001 0.000001 0.000000 0.000000 0.000000 0.000000 0.000000 0.000000 0.000000 0.000000 0.000000 
0.000000 0.000000 0.000000 0.000000 0.000000 0.000000 0.000000 0.000000 0.000000 0.000001 0.000001 0.000002 0.000003 0.000006 0.000009 0.000014 0.000022 0.000033 0.000050 0.000075 0.000111 0.000162 0.000233 0.000332 0.000467 0.000649 0.000889 0.001203 0.001607 0.002120 0.002762 0.003552 0.004509 0.005652 0.006994 0.008545 0.010306 0.012270 0.014423 0.016735 0.019170 0.021677 0.024198 0.026665 0.029005 0.031146 0.033015 0.034546 0.035683 0.036383 0.036619 0.036383 0.035683 0.034546 0.033015 0.031146 0.029005 0.026665 0.024198 0.021677 0.019170 0.016735 0.014423 0.012270 0.010306 0.008545 0.006994 0.005652 0.004509 0.003552 0.002762 0.002120 0.001607 0.001203 0.000889 0.000649 0.000467 0.000332 0.000233 0.000162 0.000111 0.000075 0.000050 0.000033 0.000022 0.000014 0.000009 0.000006 0.000003 0.000002 0.000001 0.000001 0.000000 0.000000 0.000000 0.000000 0.000000 0.000000 0.000000 0.000000 
0.000000 0.000000 0.000000 0.000000 0.000000 0.000000 0.000000 0.000000 0.000001 0.000001 0.000002 0.000003 0.000005 0.000009 0.000014 0.000022 0.000034 0.000053 0.000080 0.000119 0.000176 0.000257 0.000370 0.000527 0.000741 0.001028 0.001409 0.001906 0.002546 0.003357 0.004372 0.005620 0.007133 0.008939 0.011059 0.013508 0.016288 0.019389 0.022786 0.026435 0.030276 0.034231 0.038207 0.042097 0.045788 0.049164 0.052110 0.054524 0.056316 0.057419 0.057792 0.057419 0.056316 0.054524 0.052110 0.049164 0.045788 0.042097 0.038207 0.034231 0.030276 0.026435 0.022786 0.019389 0.016288 0.013508 0.011059 0.008939 0.007133 0.005620 0.004372 0.003357 0.002546 0.001906 0.001409 0.001028 0.000741 0.000527 0.000370 0.000257 0.000176 0.000119 0.000080 0.000053 0.000034 0.000022 0.000014 0.000009 0.000005 0.000003 0.000002 0.000001 0.000001 0.000000 0.000000 0.000000 0.000000 0.000000 0.000000 0.000000 
0.000000 0.000000 0.000000 0.000000 0.000000 0.000000 0.000000 0.000001 0.000001 0.000002 0.000003 0.000005 0.000009 0.000014 0.000022 0.000035 0.000054 0.000083 0.000125 0.000187 0.000276 0.000403 0.000581 0.000826 0.001161 0.001610 0.002205 0.002982 0.003983 0.005251 0.006835 0.008785 0.011147 0.013965 0.017273 0.021093 0.025429 0.030265 0.035561 0.041250 0.047236 0.053400 0.059594 0.065655 0.071406 0.076664 0.081253 0.085012 0.087803 0.089521 0.090102 0.089521 0.087803 0.085012 0.081253 0.076664 0.071406 0.065655 0.059594 0.053400 0.047236 0.041250 0.035561 0.030265 0.025429 0.021093 0.017273 0.013965 0.011147 0.008785 0.006835 0.005251 0.003983 0.002982 0.002205 0.001610 0.001161 0.000826 0.000581 0.000403 0.000276 0.000187 0.000125 0.000083 0.000054 0.000035 0.000022 0.000014 0.000009 0.000005 0.000003 0.000002 0.000001 0.000001 0.000000 0.000000 0.000000 0.000000 0.000000 0.000000 
0.000000 0.000000 0.000000 0.000000 0.000000 0.000000 0.000001 0.000001 0.000002 0.000003 0.000005 0.000008 0.000013 0.000022 0.000034 0.000054 0.000084 0.000128 0.000194 0.000290 0.000428 0.000625 0.000899 0.001279 0.001796 0.002491 0.003410 0.004610 0.006154 0.008112 0.010556 0.013564 0.017207 0.021552 0.026651 0.032537 0.039218 0.046667 0.054824 0.063584 0.072802 0.082290 0.091825 0.101154 0.110003 0.118094 0.125156 0.130939 0.135233 0.137877 0.138770 0.137877 0.135233 0.130939 0.125156 0.118094 0.110003 0.101154 0.091825 0.082290 0.072802 0.063584 0.054824 0.046667 0.039218 0.032537 0.026651 0.021552 0.017207 0.013564 0.010556 0.008112 0.006154 0.004610 0.003410 0.002491 0.001796 0.001279 0.000899 0.000625 0.000428 0.000290 0.000194 0.000128 0.000084 0.000054 0.000034 0.000022 0.000013 0.000008 0.000005 0.000003 0.000002 0.000001 0.000001 0.000000 0.000000 0.000000 0.000000 0.000000 
0.000000 0.000000 0.000000 0.000000 0.000000 0.000001 0.000001 0.000002 0.000003 0.000005 0.000008 0.000013 0.000021 0.000033 0.000053 0.000083 0.000128 0.000196 0.000297 0.000444 0.000656 0.000956 0.001376 0.001956 0.002745 0.003805 0.005208 0.007039 0.009394 0.012378 0.016104 0.020686 0.026236 0.032853 0.040617 0.049578 0.059745 0.071082 0.083491 0.096817 0.110837 0.125266 0.139765 0.153948 0.167402 0.179702 0.190435 0.199226 0.205753 0.209771 0.211128 0.209771 0.205753 0.199226 0.190435 0.179702 0.167402 0.153948 0.139765 0.125266 0.110837 0.096817 0.083491 0.071082 0.059745 0.049578 0.040617 0.032853 0.026236 0.020686 0.016104 0.012378 0.009394 0.007039 0.005208 0.003805 0.002745 0.001956 0.001376 0.000956 0.000656 0.000444 0.000297 0.000196 0.000128 0.000083 0.000053 0.000033 0.000021 0.000013 0.000008 0.000005 0.000003 0.000002 0.000001 0.000001 0.000000 0.000000 0.000000 0.000000 
0.000000 0.000000 0.000000 0.000000 0.000000 0.000001 0.000001 0.000002 0.000004 0.000007 0.000012 0.000019 0.000031 0.000050 0.000080 0.000125 0.000194 0.000297 0.000449 0.000672 0.000991 0.001444 0.002078 0.002953 0.004144 0.005742 0.007857 0.010615 0.014162 0.018656 0.024265 0.031162 0.039513 0.049468 0.061145 0.074619 0.089905 0.106946 0.125596 0.145620 0.166684 0.188361 0.210139 0.231441 0.251646 0.270115 0.286233 0.299432 0.309232 0.315265 0.317302 0.315265 0.309232 0.299432 0.286233 0.270115 0.251646 0.231441 0.210139 0.188361 0.166684 0.145620 0.125596 0.106946 0.089905 0.074619 0.061145 0.049468 0.039513 0.031162 0.024265 0.018656 0.014162 0.010615 0.007857 0.005742 0.004144 0.002953 0.002078 0.001444 0.000991 0.000672 0.000449 0.000297 0.000194 0.000125 0.000080 0.000050 0.000031 0.000019 0.000012 0.000007 0.000004 0.000002 0.000001 0.000001 0.000000 0.000000 0.000000 0.000000 
0.000000 0.000000 0.000000 0.000000 0.000001 0.000001 0.000002 0.000004 0.000006 0.000010 0.000017 0.000029 0.000047 0.000075 0.000119 0.000187 0.000290 0.000444 0.000672 0.001003 0.001479 0.002155 0.003100 0.004404 0.006178 0.008558 0.011706 0.015812 0.021089 0.027773 0.036114 0.046367 0.058780 0.073572 0.090920 0.110933 0.133634 0.158936 0.186623 0.216345 0.247607 0.279773 0.312087 0.343692 0.373664 0.401062 0.424969 0.444546 0.459080 0.468028 0.471049 0.468028 0.459080 0.444546 0.424969 0.401062 0.373664 0.343692 0.312087 0.279773 0.247607 0.216345 0.186623 0.158936 0.133634 0.110933 0.090920 0.073572 0.058780 0.046367 0.036114 0.027773 0.021089 0.015812 0.011706 0.008558 0.006178 0.004404 0.003100 0.002155 0.001479 0.001003 0.000672 0.000444 0.000290 0.000187 0.000119 0.000075 0.000047 0.000029 0.000017 0.000010 0.000006 0.000004 0.000002 0.000001 0.000001 0.000000 0.000000 0.000000 
0.000000 0.000000 0.000000 0.000001 0.000001 0.000002 0.000003 0.000005 0.000009 0.000015 0.000026 0.000042 0.000069 0.000111 0.000176 0.000276 0.000428 0.000656 0.000991 0.001479 0.002181 0.003176 0.004568 0.006487 0.009097 0.012597 0.017226 0.023261 0.031016 0.040836 0.053087 0.068143 0.086365 0.108076 0.133533 0.162896 0.196196 0.233304 0.273905 0.317483 0.363311 0.410461 0.457822 0.504138 0.548059 0.588204 0.623232 0.651914 0.673207 0.686316 0.690742 0.686316 0.673207 0.651914 0.623232 0.588204 0.548059 0.504138 0.457822 0.410461 0.363311 0.317483 0.273905 0.233304 0.196196 0.162896 0.133533 0.108076 0.086365 0.068143 0.053087 0.040836 0.031016 0.023261 0.017226 0.012597 0.009097 0.006487 0.004568 0.003176 0.002181 0.001479 0.000991 0.000656 0.000428 0.000276 0.000176 0.000111 0.000069 0.000042 0.000026 0.000015 0.000009 0.000005 0.000003 0.000002 0.000001 0.000001 0.000000 0.000000 
0.000000 0.000000 0.000000 0.000001 0.000001 0.000003 0.000005 0.000008 0.000013 0.000023 0.000038 0.000062 0.000101 0.000162 0.000257 0.000403 0.000625 0.000956 0.001444 0.002155 0.003176 0.004624 0.006647 0.009436 0.013229 0.018314 0.025037 0.033798 0.045054 0.059302 0.077075 0.098912 0.125335 0.156809 0.193707 0.236259 0.284507 0.338263 0.397071 0.460181 0.526543 0.594810 0.663375 0.730420 0.793994 0.852098 0.902792 0.944301 0.975115 0.994085 1.000491 0.994085 0.975115 0.944301 0.902792 0.852098 0.793994 0.730420 0.663375 0.594810 0.526543 0.460181 0.397071 0.338263 0.284507 0.236259 0.193707 0.156809 0.125335 0.098912 0.077075 0.059302 0.045054 0.033798 0.025037 0.018314 0.013229 0.009436 0.006647 0.004624 0.003176 0.002155 0.001444 0.000956 0.000625 0.000403 0.000257 0.000162 0.000101 0.000062 0.000038 0.000023 0.000013 0.000008 0.000005 0.000003 0.000001 0.000001 0.000000 0.000000 
0.000000 0.000000 0.000001 0.000001 0.000002 0.000004 0.000007 0.000011 0.000019 0.000033 0.000054 0.000089 0.000145 0.000233 0.000370 0.000581 0.000899 0.001376 0.002078 0.003100 0.004568 0.006647 0.009552 0.013556 0.018999 0.026295 0.035937 0.048500 0.064635 0.085056 0.110521 0.141802 0.179644 0.224712 0.277536 0.338442 0.407490 0.484407 0.568541 0.658819 0.753734 0.851364 0.949410 1.045274 1.136166 1.219233 1.291703 1.351038 1.395085 1.422201 1.431357 1.422201 1.395085 1.351038 1.291703 1.219233 1.136166 1.045274 0.949410 0.851364 0.753734 0.658819 0.568541 0.484407 0.407490 0.338442 0.277536 0.224712 0.179644 0.141802 0.110521 0.085056 0.064635 0.048500 0.035937 0.026295 0.018999 0.013556 0.009552 0.006647 0.004568 0.003100 0.002078 0.001376 0.000899 0.000581 0.000370 0.000233 0.000145 0.000089 0.000054 0.000033 0.000019 0.000011 0.000007 0.000004 0.000002 0.000001 0.000000 0.000000 
0.000000 0.000000 0.000001 0.000002 0.000003 0.000005 0.000009 0.000016 0.000028 0.000046 0.000077 0.000127 0.000207 0.000332 0.000527 0.000826 0.001279 0.001956 0.002953 0.004404 0.006487 0.009436 0.013556 0.019233 0.026947 0.037285 0.050943 0.068735 0.091579 0.120484 0.156520 0.200778 0.254306 0.318043 0.392735 0.478839 0.576437 0.685143 0.804031 0.931582 1.065671 1.203578 1.342059 1.477447 1.605803 1.723100 1.825428 1.909206 1.971397 2.009680 2.022606 2.009680 1.971397 1.909206 1.825428 1.723100 1.605803 1.477447 1.342059 1.203578 1.065671 0.931582 0.804031 0.685143 0.576437 0.478839 0.392735 0.318043 0.254306 0.200778 0.156520 0.120484 0.091579 0.068735 0.050943 0.037285 0.026947 0.019233 0.013556 0.009436 0.006487 0.004404 0.002953 0.001956 0.001279 0.000826 0.000527 0.000332 0.000207 0.000127 0.000077 0.000046 0.000027 0.000016 0.000009 0.000005 0.000003 0.000002 0.000001 0.000000 
0.000000 0.000001 0.000001 0.000002 0.000004 0.000008 0.000013 0.000023 0.000039 0.000065 0.000109 0.000179 0.000291 0.000467 0.000741 0.001161 0.001796 0.002745 0.004144 0.006178 0.009097 0.013229 0.018999 0.026947 0.037745 0.052211 0.071319 0.096203 0.128145 0.168552 0.218918 0.280761 0.355542 0.444570 0.548879 0.669107 0.805362 0.957101 1.123028 1.301026 1.488124 1.680530 1.873717 2.062573 2.241608 2.405206 2.547918 2.664756 2.751483 2.804871 2.822896 2.804871 2.751483 2.664756 2.547918 2.405206 2.241608 2.062573 1.873717 1.680530 1.488124 1.301026 1.123028 0.957101 0.805362 0.669107 0.548879 0.444570 0.355542 0.280761 0.218918 0.168552 0.128145 0.096203 0.071319 0.052211 0.037745 0.026947 0.018999 0.013229 0.009097 0.006178 0.004144 0.002745 0.001796 0.001161 0.000741 0.000467 0.000291 0.000179 0.000109 0.000065 0.000039 0.000023 0.000013 0.000007 0.000004 0.000002 0.000001 0.000000 
0.000000 0.000001 0.000002 0.000003 0.000006 0.000010 0.000018 0.000032 0.000054 0.000091 0.000151 0.000249 0.000404 0.000649 0.001028 0.001610 0.002491 0.003805 0.005742 0.008558 0.012597 0.018314 0.026295 0.037285 0.052211 0.072202 0.098602 0.132973 0.177082 0.232870 0.302391 0.387737 0.490919 0.613735 0.757608 0.923409 1.111282 1.320477 1.549202 1.794534 2.052380 2.317515 2.583701 2.843898 3.090546 3.315914 3.512499 3.673436 3.792895 3.866429 3.891257 3.866429 3.792895 3.673436 3.512499 3.315914 3.090546 2.843898 2.583701 2.317515 2.052380 1.794534 1.549202 1.320477 1.111282 0.923409 0.757608 0.613735 0.490919 0.387737 0.302391 0.232870 0.177082 0.132973 0.098602 0.072202 0.052211 0.037285 0.026295 0.018314 0.012597 0.008558 0.005742 0.003805 0.002491 0.001610 0.001028 0.000649 0.000404 0.000249 0.000151 0.000091 0.000054 0.000032 0.000018 0.000010 0.000006 0.000003 0.000001 0.000000 
0.000000 0.000001 0.000002 0.000004 0.000008 0.000014 0.000025 0.000043 0.000074 0.000125 0.000207 0.000341 0.000554 0.000889 0.001409 0.002205 0.003410 0.005208 0.007857 0.011706 0.017226 0.025037 0.035937 0.050943 0.071319 0.098602 0.134622 0.181508 0.241664 0.317730 0.412502 0.528824 0.669429 0.836759 1.032744 1.258565 1.514412 1.799253 2.110648 2.444613 2.795575 3.156421 3.518667 3.872734 4.208340 4.514973 4.782432 5.001381 5.163895 5.263932 5.297707 5.263932 5.163895 5.001381 4.782432 4.514973 4.208340 3.872734 3.518667 3.156421 2.795575 2.444613 2.110648 1.799253 1.514412 1.258565 1.032744 0.836759 0.669429 0.528824 0.412502 0.317730 0.241664 0.181508 0.134622 0.098602 0.071319 0.050943 0.035937 0.025037 0.017226 0.011706 0.007857 0.005208 0.003410 0.002205 0.001409 0.000889 0.000554 0.000341 0.000207 0.000125 0.000074 0.000043 0.000025 0.000014 0.000008 0.000004 0.000002 0.000000 
0.000000 0.000001 0.000003 0.000006 0.000011 0.000019 0.000034 0.000059 0.000100 0.000169 0.000281 0.000462 0.000750 0.001203 0.001906 0.002982 0.004610 0.007039 0.010615 0.015812 0.023261 0.033798 0.048500 0.068735 0.096203 0.132973 0.181508 0.244668 0.325688 0.428114 0.555704 0.712276 0.901499 1.126651 1.390317 1.694077 2.038176 2.421221 2.839922 3.288919 3.760718 4.245759 4.732640 5.208492 5.659503 6.071555 6.430947 6.725145 6.943506 7.077917 7.123297 7.077917 6.943506 6.725145 6.430947 6.071555 5.659503 5.208492 4.732640 4.245759 3.760718 3.288919 2.839922 2.421221 2.038176 1.694077 1.390317 1.126651 0.901499 0.712276 0.555704 0.428114 0.325688 0.244668 0.181508 0.132973 0.096203 0.068735 0.048500 0.033798 0.023261 0.015812 0.010615 0.007039 0.004610 0.002982 0.001906 0.001203 0.000750 0.000462 0.000281 0.000169 0.000100 0.000059 0.000034 0.000019 0.000011 0.000006 0.000002 0.000000 
0.000000 0.000002 0.000004 0.000008 0.000015 0.000026 0.000046 0.000079 0.000134 0.000226 0.000376 0.000618 0.001003 0.001607 0.002546 0.003983 0.006154 0.009394 0.014162 0.021089 0.031016 0.045054 0.064635 0.091579 0.128145 0.177082 0.241664 0.325688 0.433448 0.569652 0.739288 0.947418 1.198908 1.498101 1.848419 2.251949 2.709005 3.217726 3.773737 4.369916 4.996307 5.640221 6.286524 6.918141 7.516748 8.063616 8.540573 8.930995 9.220768 9.399133 9.459353 9.399133 9.220768 8.930995 8.540573 8.063616 7.516748 6.918141 6.286524 5.640221 4.996307 4.369916 3.773737 3.217726 2.709005 2.251949 1.848419 1.498101 1.198908 0.947418 0.739288 0.569652 0.433448 0.325688 0.241664 0.177082 0.128145 0.091579 0.064635 0.045054 0.031016 0.021089 0.014162 0.009394 0.006154 0.003983 0.002546 0.001607 0.001003 0.000618 0.000376 0.000226 0.000134 0.000079 0.000046 0.000026 0.000014 0.000008 0.000003 0.000000 
0.000000 0.000002 0.000006 0.000011 0.000019 0.000035 0.000060 0.000104 0.000177 0.000299 0.000496 0.000815 0.001323 0.002120 0.003357 0.005251 0.008112 0.012378 0.018656 0.027773 0.040836 0.059302 0.085056 0.120484 0.168552 0.232870 0.317730 0.428114 0.569652 0.748518 0.971246 1.244467 1.574556 1.967194 2.426858 2.956270 3.555826 4.223076 4.952269 5.734059 6.555390 7.399623 8.246922 9.074910 9.859577 10.576387 11.201532 11.713239 12.093020 12.326784 12.405707 12.326784 12.093020 11.713239 11.201532 10.576387 9.859577 9.074910 8.246922 7.399623 6.555390 5.734059 4.952269 4.223076 3.555826 2.956270 2.426858 1.967194 1.574556 1.244467 0.971246 0.748518 0.569652 0.428114 0.317730 0.232870 0.168552 0.120484 0.085056 0.059302 0.040836 0.027773 0.018656 0.012378 0.008112 0.005251 0.003357 0.002120 0.001323 0.000815 0.000496 0.000299 0.000177 0.000104 0.000060 0.000034 0.000019 0.000010 0.000004 0.000000 
0.000000 0.000003 0.000007 0.000014 0.000025 0.000045 0.000079 0.000136 0.000232 0.000389 0.000647 0.001063 0.001724 0.002762 0.004372 0.006835 0.010556 0.016104 0.024265 0.036114 0.053087 0.077075 0.110521 0.156520 0.218918 0.302391 0.412502 0.555704 0.739288 0.971246 1.260035 1.614234 2.042090 2.550944 3.146580 3.832504 4.609214 5.473518 6.417958 7.430419 8.493991 9.587128 10.684154 11.756107 12.771914 13.699829 14.509051 15.171410 15.662990 15.965564 16.067718 15.965564 15.662990 15.171410 14.509051 13.699829 12.771914 11.756107 10.684154 9.587128 8.493991 7.430419 6.417958 5.473518 4.609214 3.832504 3.146580 2.550944 2.042090 1.614234 1.260035 0.971246 0.739288 0.555704 0.412502 0.302391 0.218918 0.156520 0.110521 0.077075 0.053087 0.036114 0.024265 0.016104 0.010556 0.006835 0.004372 0.002762 0.001724 0.001063 0.000647 0.000389 0.000231 0.000136 0.000079 0.000045 0.000025 0.000013 0.000006 0.000000 
0.000000 0.000004 0.000009 0.000018 0.000033 0.000058 0.000102 0.000175 0.000298 0.000501 0.000833 0.001367 0.002217 0.003552 0.005620 0.008785 0.013564 0.020686 0.031162 0.046367 0.068143 0.098912 0.141802 0.200778 0.280761 0.387737 0.528824 0.712276 0.947418 1.244467 1.614234 2.067683 2.615345 3.266595 4.028808 4.906448 5.900133 7.005759 8.213770 9.508664 10.868809 12.266653 13.669369 15.039939 16.338650 17.524935 18.559437 19.406164 20.034560 20.421341 20.551923 20.421341 20.034560 19.406164 18.559437 17.524935 16.338650 15.039939 13.669369 12.266653 10.868809 9.508664 8.213770 7.005759 5.900133 4.906448 4.028808 3.266595 2.615345 2.067683 1.614234 1.244467 0.947418 0.712276 0.528824 0.387737 0.280761 0.200778 0.141802 0.098912 0.068143 0.046367 0.031162 0.020686 0.013564 0.008785 0.005620 0.003552 0.002217 0.001367 0.000833 0.000501 0.000298 0.000175 0.000101 0.000058 0.000032 0.000017 0.000007 0.000000 
0.000000 0.000005 0.000012 0.000023 0.000042 0.000074 0.000129 0.000223 0.000379 0.000637 0.001059 0.001737 0.002816 0.004509 0.007133 0.011147 0.017207 0.026236 0.039513 0.058780 0.086365 0.125335 0.179644 0.254306 0.355542 0.490919 0.669429 0.901499 1.198908 1.574556 2.042090 2.615345 3.307607 4.130697 5.093906 6.202849 7.458278 8.854989 10.380892 12.016394 13.734168 15.499422 17.270709 19.001299 20.641069 22.138821 23.444889 24.513856 25.307171 25.795451 25.960300 25.795451 25.307171 24.513856 23.444889 22.138821 20.641069 19.001299 17.270709 15.499422 13.734168 12.016394 10.380892 8.854989 7.458278 6.202849 5.093906 4.130697 3.307607 2.615345 2.042090 1.574556 1.198908 0.901499 0.669429 0.490919 0.355542 0.254306 0.179644 0.125335 0.086365 0.058780 0.039513 0.026236 0.017207 0.011147 0.007133 0.004509 0.002816 0.001737 0.001059 0.000637 0.000379 0.000223 0.000129 0.000074 0.000041 0.000021 0.000009 0.000000 
0.000000 0.000006 0.000015 0.000029 0.000052 0.000093 0.000162 0.000280 0.000476 0.000800 0.001328 0.002179 0.003531 0.005652 0.008939 0.013965 0.021552 0.032853 0.049468 0.073572 0.108076 0.156809 0.224712 0.318043 0.444570 0.613735 0.836759 1.126651 1.498101 1.967194 2.550944 3.266595 4.130697 5.157970 6.359979 7.743694 9.310027 11.052455 12.955879 14.995843 17.138258 19.339734 21.548593 23.706579 25.751214 27.618685 29.247098 30.579856 31.568915 32.177668 32.383187 32.177668 31.568915 30.579856 29.247098 27.618685 25.751214 23.706579 21.548593 19.339734 17.138258 14.995843 12.955879 11.052455 9.310027 7.743694 6.359979 5.157970 4.130697 3.266595 2.550944 1.967194 1.498101 1.126651 0.836759 0.613735 0.444570 0.318043 0.224712 0.156809 0.108076 0.073572 0.049468 0.032853 0.021552 0.013965 0.008939 0.005652 0.003531 0.002179 0.001328 0.000800 0.000476 0.000280 0.000162 0.000093 0.000051 0.000027 0.000012 0.000000 
0.000000 0.000008 0.000019 0.000036 0.000065 0.000115 0.000201 0.000347 0.000590 0.000991 0.001645 0.002697 0.004370 0.006994 0.011059 0.017273 0.026651 0.040617 0.061145 0.090920 0.133533 0.193707 0.277536 0.392735 0.548879 0.757608 1.032744 1.390317 1.848419 2.426858 3.146580 4.028808 5.093906 6.359979 7.841239 9.546236 11.476059 13.622641 15.967359 18.480072 21.118783 23.830054 26.550255 29.207663 31.725369 34.024829 36.029863 37.670818 38.888572 39.638072 39.891107 39.638072 38.888572 37.670818 36.029863 34.024829 31.725369 29.207663 26.550255 23.830054 21.118783 18.480072 15.967359 13.622641 11.476059 9.546236 7.841239 6.359979 5.093906 4.028808 3.146580 2.426858 1.848419 1.390317 1.032744 0.757608 0.548879 0.392735 0.277536 0.193707 0.133533 0.090920 0.061145 0.040617 0.026651 0.017273 0.011059 0.006994 0.004370 0.002697 0.001645 0.000991 0.000589 0.000346 0.000201 0.000115 0.000064 0.000034 0.000014 0.000000 
0.000000 0.000010 0.000023 0.000044 0.000080 0.000141 0.000246 0.000424 0.000721 0.001211 0.002011 0.003297 0.005340 0.008545 0.013508 0.021093 0.032537 0.049578 0.074619 0.110933 0.162896 0.236259 0.338442 0.478839 0.669107 0.923409 1.258565 1.694077 2.251949 2.956270 3.832504 4.906448 6.202849 7.743694 9.546236 11.620836 13.968775 16.580209 19.432453 22.488823 25.698230 28.995685 32.303811 35.535411 38.596988 41.393067 43.831057 45.826300 47.306943 48.218234 48.525889 48.218234 47.306943 45.826300 43.831057 41.393067 38.596988 35.535411 32.303811 28.995685 25.698230 22.488823 19.432453 16.580209 13.968775 11.620836 9.546236 7.743694 6.202849 4.906448 3.832504 2.956270 2.251949 1.694077 1.258565 0.923409 0.669107 0.478839 0.338442 0.236259 0.162896 0.110933 0.074619 0.049578 0.032537 0.021093 0.013508 0.008545 0.005340 0.003297 0.002011 0.001211 0.000721 0.000424 0.000246 0.000140 0.000078 0.000041 0.000018 0.000000 
0.000000 0.000012 0.000028 0.000053 0.000096 0.000171 0.000298 0.000512 0.000871 0.001462 0.002427 0.003978 0.006442 0.010306 0.016288 0.025429 0.039218 0.059745 0.089905 0.133634 0.196196 0.284507 0.407490 0.576437 0.805362 1.111282 1.514412 2.038176 2.709005 3.555826 4.609214 5.900133 7.458278 9.310027 11.476059 13.968775 16.789673 19.926884 23.353126 27.024314 30.879076 34.839356 38.812242 42.693041 46.369509 49.727038 52.654487 55.050245 56.828073 57.922260 58.291659 57.922260 56.828073 55.050245 52.654487 49.727038 46.369509 42.693041 38.812242 34.839356 30.879076 27.024314 23.353126 19.926884 16.789673 13.968775 11.476059 9.310027 7.458278 5.900133 4.609214 3.555826 2.709005 2.038176 1.514412 1.111282 0.805362 0.576437 0.407490 0.284507 0.196196 0.133634 0.089905 0.059745 0.039218 0.025429 0.016288 0.010306 0.006442 0.003978 0.002426 0.001462 0.000871 0.000512 0.000297 0.000170 0.000095 0.000050 0.000021 0.000000 
0.000000 0.000014 0.000033 0.000063 0.000115 0.000204 0.000355 0.000611 0.001038 0.001743 0.002891 0.004738 0.007671 0.012270 0.019389 0.030265 0.046667 0.071082 0.106946 0.158936 0.233304 0.338263 0.484407 0.685143 0.957101 1.320477 1.799253 2.421221 3.217726 4.223076 5.473518 7.005759 8.854989 11.052455 13.622641 16.580209 19.926884 23.648543 27.712788 32.067305 36.639289 41.336165 46.047761 50.649944 55.009646 58.991007 62.462284 65.303035 67.411046 68.708434 69.146432 68.708434 67.411046 65.303035 62.462284 58.991007 55.009646 50.649944 46.047761 41.336165 36.639289 32.067305 27.712788 23.648543 19.926884 16.580209 13.622641 11.052455 8.854989 7.005759 5.473518 4.223076 3.217726 2.421221 1.799253 1.320477 0.957101 0.685143 0.484407 0.338263 0.233304 0.158936 0.106946 0.071082 0.046667 0.030265 0.019389 0.012270 0.007671 0.004738 0.002891 0.001743 0.001038 0.000610 0.000354 0.000202 0.000113 0.000059 0.000025 0.000000 
0.000000 0.000016 0.000039 0.000075 0.000135 0.000240 0.000418 0.000719 0.001221 0.002050 0.003400 0.005571 0.009019 0.014423 0.022786 0.035561 0.054824 0.083491 0.125596 0.186623 0.273905 0.397071 0.568541 0.804031 1.123028 1.549202 2.110648 2.839922 3.773737 4.952269 6.417958 8.213770 10.380892 12.955879 15.967359 19.432453 23.353126 27.712788 32.473451 37.573815 42.928595 48.429371 53.947133 59.336542 64.441811 69.103896 73.168579 76.494883 78.963166 80.482270 80.995116 80.482270 78.963166 76.494883 73.168579 69.103896 64.441811 59.336542 53.947133 48.429371 42.928595 37.573815 32.473451 27.712788 23.353126 19.432453 15.967359 12.955879 10.380892 8.213770 6.417958 4.952269 3.773737 2.839922 2.110648 1.549202 1.123028 0.804031 0.568541 0.397071 0.273905 0.186623 0.125596 0.083491 0.054824 0.035561 0.022786 0.014423 0.009018 0.005571 0.003400 0.002050 0.001221 0.000718 0.000417 0.000238 0.000133 0.000070 0.000030 0.000000 
0.000000 0.000019 0.000045 0.000087 0.000157 0.000278 0.000485 0.000835 0.001418 0.002380 0.003947 0.006467 0.010466 0.016735 0.026435 0.041250 0.063584 0.096817 0.145620 0.216345 0.317483 0.460181 0.658819 0.931582 1.301026 1.794534 2.444613 3.288919 4.369916 5.734059 7.430419 9.508664 12.016394 14.995843 18.480072 22.488823 27.024314 32.067305 37.573815 43.472916 49.665955 56.027549 62.408518 68.640822 74.544352 79.935250 84.635247 88.481383 91.335366 93.091833 93.684810 93.091833 91.335366 88.481383 84.635247 79.935250 74.544352 68.640822 62.408518 56.027549 49.665955 43.472916 37.573815 32.067305 27.024314 22.488823 18.480072 14.995843 12.016394 9.508664 7.430419 5.734059 4.369916 3.288919 2.444613 1.794534 1.301026 0.931582 0.658819 0.460181 0.317483 0.216345 0.145620 0.096817 0.063584 0.041250 0.026435 0.016735 0.010466 0.006467 0.003947 0.002380 0.001418 0.000834 0.000484 0.000277 0.000154 0.000081 0.000035 0.000000 
0.000000 0.000022 0.000052 0.000100 0.000181 0.000319 0.000557 0.000957 0.001626 0.002728 0.004524 0.007410 0.011991 0.019170 0.030276 0.047236 0.072802 0.110837 0.166684 0.247607 0.363311 0.526543 0.753734 1.065671 1.488124 2.052380 2.795575 3.760718 4.996307 6.555390 8.493991 10.868809 13.734168 17.138258 21.118783 25.698230 30.879076 36.639289 42.928595 49.665955 56.738691 64.003614 71.290382 78.407139 85.148263 91.303864 96.670444 101.061988 104.320645 106.326148 107.003195 106.326148 104.320645 101.061988 96.670444 91.303864 85.148263 78.407139 71.290382 64.003614 56.738691 49.665955 42.928595 36.639289 30.879076 25.698230 21.118783 17.138258 13.734168 10.868809 8.493991 6.555390 4.996307 3.760718 2.795575 2.052380 1.488124 1.065671 0.753734 0.526543 0.363311 0.247607 0.166684 0.110837 0.072802 0.047236 0.030276 0.019170 0.011991 0.007410 0.004524 0.002728 0.001626 0.000957 0.000556 0.000318 0.000177 0.000093 0.000040 0.000000 
0.000000 0.000025 0.000059 0.000113 0.000204 0.000362 0.000630 0.001083 0.001840 0.003087 0.005118 0.008381 0.013561 0.021677 0.034231 0.053400 0.082290 0.125266 0.188361 0.279773 0.410461 0.594810 0.851364 1.203578 1.680530 2.317515 3.156421 4.245759 5.640221 7.399623 9.587128 12.266653 15.499422 19.339734 23.830054 28.995685 34.839356 41.336165 48.429371 56.027549 64.003614 72.196095 80.412924 88.437794 96.038893 102.979612 109.030558 113.982051 117.656163 119.917336 120.680693 119.917336 117.656163 113.982051 109.030558 102.979612 96.038893 88.437794 80.412924 72.196095 64.003614 56.027549 48.429371 41.336165 34.839356 28.995685 23.830054 19.339734 15.499422 12.266653 9.587128 7.399623 5.640221 4.245759 3.156421 2.317515 1.680530 1.203578 0.851364 0.594810 0.410461 0.279773 0.188361 0.125266 0.082290 0.053400 0.034231 0.021677 0.013561 0.008381 0.005118 0.003087 0.001840 0.001083 0.000629 0.000360 0.000200 0.000105 0.000045 0.000000 
0.000000 0.000028 0.000066 0.000126 0.000228 0.000404 0.000704 0.001210 0.002055 0.003448 0.005715 0.009358 0.015140 0.024198 0.038207 0.059594 0.091825 0.139765 0.210139 0.312087 0.457822 0.663375 0.949410 1.342059 1.873717 2.583701 3.518667 4.732640 6.286524 8.246922 10.684154 13.669369 17.270709 21.548593 26.550255 32.303811 38.812242 46.047761 53.947133 62.408518 71.290382 80.412924 89.562294 98.497671 106.960991 114.688860 121.425930 126.938802 131.029427 133.546919 134.396805 133.546919 131.029427 126.938802 121.425930 114.688860 106.960991 98.497671 89.562294 80.412924 71.290382 62.408518 53.947133 46.047761 38.812242 32.303811 26.550255 21.548593 17.270709 13.669369 10.684154 8.246922 6.286524 4.732640 3.518667 2.583701 1.873717 1.342059 0.949410 0.663375 0.457822 0.312087 0.210139 0.139765 0.091825 0.059594 0.038207 0.024198 0.015140 0.009358 0.005715 0.003448 0.002055 0.001210 0.000703 0.000402 0.000224 0.000118 0.000050 0.000000 
