0.000000 0.000000 0.000000 0.000000 0.000000 0.000000 0.000000 0.000000 0.000000 0.000000 0.000000 0.000000 0.000000 0.000000 0.000000 0.000000 0.000000 0.000000 0.000000 0.000000 0.000000 0.000000 0.000000 0.000000 0.000000 0.000000 0.000000 0.000000 0.000000 0.000000 0.000000 0.000000 0.000000 0.000000 0.000000 0.000000 0.000000 0.000000 0.000000 0.000000 0.000000 0.000000 0.000000 0.000000 0.000000 0.000000 0.000000 0.000000 0.000000 0.000000 0.000000 0.000000 0.000000 0.000000 0.000000 0.000000 0.000000 0.000000 0.000000 0.000000 0.000000 0.000000 0.000000 0.000000 0.000000 0.000000 0.000000 0.000000 0.000000 0.000000 0.000000 0.000000 0.000000 0.000000 0.000000 0.000000 0.000000 0.000000 0.000000 0.000000 0.000000 0.000000 0.000000 0.000000 0.000000 0.000000 0.000000 0.000000 0.000000 0.000000 0.000000 0.000000 0.000000 0.000000 0.000000 0.000000 0.000000 0.000000 0.000000 0.000000 
0.000000 0.000000 0.000000 0.000000 0.000000 0.000000 0.000000 0.000000 0.000000 0.000000 0.000000 0.000000 0.000000 0.000000 0.000000 0.000000 0.000000 0.000000 0.000000 0.000000 0.000000 0.000000 0.000001 0.000001 0.000001 0.000001 0.000002 0.000003 0.000003 0.000004 0.000006 0.000007 0.000009 0.000012 0.000014 0.000017 0.000021 0.000025 0.000029 0.000033 0.000038 0.000043 0.000047 0.000052 0.000057 0.000061 0.000064 0.000067 0.000069 0.000071 0.000071 0.000071 0.000069 0.000067 0.000064 0.000061 0.000057 0.000052 0.000047 0.000043 0.000038 0.000033 0.000029 0.000025 0.000021 0.000017 0.000014 0.000012 0.000009 0.000007 0.000006 0.000004 0.000003 0.000003 0.000002 0.000001 0.000001 0.000001 0.000001 0.000000 0.000000 0.000000 0.000000 0.000000 0.000000 0.000000 0.000000 0.000000 0.000000 0.000000 0.000000 0.000000 0.000000 0.000000 0.000000 0.000000 0.000000 0.000000 0.000000 0.000000 
0.000000 0.000000 0.000000 0.000000 0.000000 0.000000 0.000000 0.000000 0.000000 0.000000 0.000000 0.000000 0.000000 0.000000 0.000000 0.000000 0.000000 0.000000 0.000000 0.000000 0.000001 0.000001 0.000001 0.000002 0.000002 0.000003 0.000004 0.000006 0.000008 0.000010 0.000013 0.000017 0.000022 0.000027 0.000033 0.000040 0.000048 0.000057 0.000067 0.000077 0.000088 0.000099 0.000110 0.000121 0.000132 0.000141 0.000149 0.000156 0.000161 0.000164 0.000165 0.000164 0.000161 0.000156 0.000149 0.000141 0.000132 0.000121 0.000110 0.000099 0.000088 0.000077 0.000067 0.000057 0.000048 0.000040 0.000033 0.000027 0.000022 0.000017 0.000013 0.000010 0.000008 0.000006 0.000004 0.000003 0.000002 0.000002 0.000001 0.000001 0.000001 0.000000 0.000000 0.000000 0.000000 0.000000 0.000000 0.000000 0.000000 0.000000 0.000000 0.000000 0.000000 0.000000 0.000000 0.000000 0.000000 0.000000 0.000000 0.000000 
0.000000 0.000000 0.000000 0.000000 0.000000 0.000000 0.000000 0.000000 0.000000 0.000000 0.000000 0.000000 0.000000 0.000000 0.000000 0.000000 0.000000 0.000000 0.000001 0.000001 0.000001 0.000002 0.000002 0.000003 0.000005 0.000006 0.000008 0.000011 0.000015 0.000020 0.000025 0.000032 0.000041 0.000051 0.000062 0.000076 0.000091 0.000108 0.000126 0.000146 0.000166 0.000187 0.000208 0.000229 0.000248 0.000266 0.000282 0.000294 0.000304 0.000309 0.000311 0.000309 0.000304 0.000294 0.000282 0.000266 0.000248 0.000229 0.000208 0.000187 0.000166 0.000146 0.000126 0.000108 0.000091 0.000076 0.000062 0.000051 0.000041 0.000032 0.000025 0.000020 0.000015 0.000011 0.000008 0.000006 0.000005 0.000003 0.000002 0.000002 0.000001 0.000001 0.000001 0.000000 0.000000 0.000000 0.000000 0.000000 0.000000 0.000000 0.000000 0.000000 0.000000 0.000000 0.000000 0.000000 0.000000 0.000000 0.000000 0.000000 
0.000000 0.000000 0.000000 0.000000 0.000000 0.000000 0.000000 0.000000 0.000000 0.000000 0.000000 0.000000 0.000000 0.000000 0.000000 0.000000 0.000000 0.000001 0.000001 0.000001 0.000002 0.000003 0.000004 0.000006 0.000008 0.000011 0.000015 0.000020 0.000027 0.000035 0.000045 0.000058 0.000073 0.000090 0.000111 0.000135 0.000162 0.000192 0.000224 0.000259 0.000295 0.000333 0.000370 0.000407 0.000441 0.000473 0.000501 0.000523 0.000540 0.000550 0.000553 0.000550 0.000540 0.000523 0.000501 0.000473 0.000441 0.000407 0.000370 0.000333 0.000295 0.000259 0.000224 0.000192 0.000162 0.000135 0.000111 0.000090 0.000073 0.000058 0.000045 0.000035 0.000027 0.000020 0.000015 0.000011 0.000008 0.000006 0.000004 0.000003 0.000002 0.000001 0.000001 0.000001 0.000000 0.000000 0.000000 0.000000 0.000000 0.000000 0.000000 0.000000 0.000000 0.000000 0.000000 0.000000 0.000000 0.000000 0.000000 0.000000 
0.000000 0.000000 0.000000 0.000000 0.000000 0.000000 0.000000 0.000000 0.000000 0.000000 0.000000 0.000000 0.000000 0.000000 0.000000 0.000000 0.000001 0.000001 0.000002 0.000002 0.000003 0.000005 0.000007 0.000010 0.000014 0.000019 0.000026 0.000035 0.000046 0.000061 0.000078 0.000100 0.000126 0.000157 0.000193 0.000234 0.000281 0.000333 0.000389 0.000449 0.000512 0.000577 0.000642 0.000705 0.000765 0.000820 0.000867 0.000906 0.000935 0.000953 0.000959 0.000953 0.000935 0.000906 0.000867 0.000820 0.000765 0.000705 0.000642 0.000577 0.000512 0.000449 0.000389 0.000333 0.000281 0.000234 0.000193 0.000157 0.000126 0.000100 0.000078 0.000061 0.000046 0.000035 0.000026 0.000019 0.000014 0.000010 0.000007 0.000005 0.000003 0.000002 0.000002 0.000001 0.000001 0.000000 0.000000 0.000000 0.000000 0.000000 0.000000 0.000000 0.000000 0.000000 0.000000 0.000000 0.000000 0.000000 0.000000 0.000000 
0.000000 0.000000 0.000000 0.000000 0.000000 0.000000 0.000000 0.000000 0.000000 0.000000 0.000000 0.000000 0.000000 0.000000 0.000001 0.000001 0.000001 0.000002 0.000003 0.000004 0.000006 0.000009 0.000012 0.000017 0.000024 0.000033 0.000045 0.000060 0.000079 0.000104 0.000134 0.000171 0.000216 0.000268 0.000330 0.000400 0.000480 0.000568 0.000664 0.000767 0.000874 0.000985 0.001095 0.001203 0.001305 0.001398 0.001479 0.001546 0.001595 0.001625 0.001635 0.001625 0.001595 0.001546 0.001479 0.001398 0.001305 0.001203 0.001095 0.000985 0.000874 0.000767 0.000664 0.000568 0.000480 0.000400 0.000330 0.000268 0.000216 0.000171 0.000134 0.000104 0.000079 0.000060 0.000045 0.000033 0.000024 0.000017 0.000012 0.000009 0.000006 0.000004 0.000003 0.000002 0.000001 0.000001 0.000001 0.000000 0.000000 0.000000 0.000000 0.000000 0.000000 0.000000 0.000000 0.000000 0.000000 0.000000 0.000000 0.000000 
0.000000 0.000000 0.000000 0.000000 0.000000 0.000000 0.000000 0.000000 0.000000 0.000000 0.000000 0.000000 0.000000 0.000001 0.000001 0.000001 0.000002 0.000003 0.000005 0.000007 0.000010 0.000015 0.000021 0.000029 0.000041 0.000056 0.000076 0.000102 0.000134 0.000176 0.000227 0.000289 0.000364 0.000453 0.000556 0.000675 0.000809 0.000957 0.001119 0.001292 0.001473 0.001659 0.001845 0.002027 0.002198 0.002355 0.002491 0.002603 0.002685 0.002736 0.002754 0.002736 0.002685 0.002603 0.002491 0.002355 0.002198 0.002027 0.001845 0.001659 0.001473 0.001292 0.001119 0.000957 0.000809 0.000675 0.000556 0.000453 0.000364 0.000289 0.000227 0.000176 0.000134 0.000102 0.000076 0.000056 0.000041 0.000029 0.000021 0.000015 0.000010 0.000007 0.000005 0.000003 0.000002 0.000001 0.000001 0.000001 0.000000 0.000000 0.000000 0.000000 0.000000 0.000000 0.000000 0.000000 0.000000 0.000000 0.000000 0.000000 
0.000000 0.000000 0.000000 0.000000 0.000000 0.000000 0.000000 0.000000 0.000000 0.000000 0.000000 0.000000 0.000001 0.000001 0.000001 0.000002 0.000003 0.000005 0.000008 0.000012 0.000017 0.000024 0.000035 0.000049 0.000068 0.000093 0.000127 0.000170 0.000224 0.000293 0.000378 0.000482 0.000607 0.000755 0.000927 0.001125 0.001348 0.001595 0.001864 0.002152 0.002453 0.002762 0.003072 0.003373 0.003659 0.003919 0.004145 0.004331 0.004468 0.004553 0.004581 0.004553 0.004468 0.004331 0.004145 0.003919 0.003659 0.003373 0.003072 0.002762 0.002453 0.002152 0.001864 0.001595 0.001348 0.001125 0.000927 0.000755 0.000607 0.000482 0.000378 0.000293 0.000224 0.000170 0.000127 0.000093 0.000068 0.000049 0.000035 0.000024 0.000017 0.000012 0.000008 0.000005 0.000003 0.000002 0.000001 0.000001 0.000001 0.000000 0.000000 0.000000 0.000000 0.000000 0.000000 0.000000 0.000000 0.000000 0.000000 0.000000 
0.000000 0.000000 0.000000 0.000000 0.000000 0.000000 0.000000 0.000000 0.000000 0.000000 0.000000 0.000001 0.000001 0.000002 0.000002 0.000004 0.000006 0.000009 0.000013 0.000019 0.000028 0.000040 0.000058 0.000081 0.000112 0.000154 0.000209 0.000280 0.000370 0.000483 0.000624 0.000795 0.001001 0.001244 0.001528 0.001853 0.002220 0.002626 0.003069 0.003542 0.004037 0.004545 0.005053 0.005549 0.006018 0.006445 0.006818 0.007122 0.007348 0.007487 0.007533 0.007487 0.007348 0.007122 0.006818 0.006445 0.006018 0.005549 0.005053 0.004545 0.004037 0.003542 0.003069 0.002626 0.002220 0.001853 0.001528 0.001244 0.001001 0.000795 0.000624 0.000483 0.000370 0.000280 0.000209 0.000154 0.000112 0.000081 0.000058 0.000040 0.000028 0.000019 0.000013 0.000009 0.000006 0.000004 0.000002 0.000002 0.000001 0.000001 0.000000 0.000000 0.000000 0.000000 0.000000 0.000000 0.000000 0.000000 0.000000 0.000000 
0.000000 0.000000 0.000000 0.000000 0.000000 0.000000 0.000000 0.000000 0.000000 0.000000 0.000001 0.000001 0.000002 0.000003 0.000004 0.000006 0.000009 0.000014 0.000021 0.000032 0.000046 0.000066 0.000094 0.000132 0.000184 0.000252 0.000341 0.000457 0.000604 0.000788 0.001017 0.001295 0.001630 0.002026 0.002488 0.003016 0.003613 0.004274 0.004993 0.005762 0.006567 0.007392 0.008217 0.009022 0.009783 0.010478 0.011082 0.011576 0.011943 0.012168 0.012244 0.012168 0.011943 0.011576 0.011082 0.010478 0.009783 0.009022 0.008217 0.007392 0.006567 0.005762 0.004993 0.004274 0.003613 0.003016 0.002488 0.002026 0.001630 0.001295 0.001017 0.000788 0.000604 0.000457 0.000341 0.000252 0.000184 0.000132 0.000094 0.000066 0.000046 0.000032 0.000021 0.000014 0.000009 0.000006 0.000004 0.000003 0.000002 0.000001 0.000001 0.000000 0.000000 0.000000 0.000000 0.000000 0.000000 0.000000 0.000000 0.000000 
0.000000 0.000000 0.000000 0.000000 0.000000 0.000000 0.000000 0.000000 0.000000 0.000001 0.000001 0.000002 0.000003 0.000004 0.000006 0.000010 0.000015 0.000023 0.000035 0.000051 0.000074 0.000107 0.000152 0.000214 0.000296 0.000406 0.000550 0.000736 0.000973 0.001270 0.001638 0.002086 0.002625 0.003262 0.004003 0.004853 0.005812 0.006874 0.008029 0.009264 0.010557 0.011881 0.013207 0.014499 0.015721 0.016835 0.017805 0.018598 0.019186 0.019548 0.019670 0.019548 0.019186 0.018598 0.017805 0.016835 0.015721 0.014499 0.013207 0.011881 0.010557 0.009264 0.008029 0.006874 0.005812 0.004853 0.004003 0.003262 0.002625 0.002086 0.001638 0.001270 0.000973 0.000736 0.000550 0.000406 0.000296 0.000214 0.000152 0.000107 0.000074 0.000051 0.000035 0.000023 0.000015 0.000010 0.000006 0.000004 0.000003 0.000002 0.000001 0.000001 0.000000 0.000000 0.000000 0.000000 0.000000 0.000000 0.000000 0.000000 
0.000000 0.000000 0.000000 0.000000 0.000000 0.000000 0.000000 0.000000 0.000001 0.000001 0.000002 0.000003 0.000004 0.000007 0.000010 0.000016 0.000025 0.000037 0.000055 0.000081 0.000119 0.000171 0.000243 0.000341 0.000473 0.000648 0.000877 0.001173 0.001550 0.002023 0.002608 0.003321 0.004177 0.005189 0.006368 0.007718 0.009240 0.010927 0.012762 0.014722 0.016773 0.018875 0.020979 0.023029 0.024968 0.026735 0.028274 0.029532 0.030465 0.031039 0.031233 0.031039 0.030465 0.029532 0.028274 0.026735 0.024968 0.023029 0.020979 0.018875 0.016773 0.014722 0.012762 0.010927 0.009240 0.007718 0.006368 0.005189 0.004177 0.003321 0.002608 0.002023 0.001550 0.001173 0.000877 0.000648 0.000473 0.000341 0.000243 0.000171 0.000119 0.000081 0.000055 0.000037 0.000025 0.000016 0.000010 0.000007 0.000004 0.000003 0.000002 0.000001 0.000001 0.000000 0.000000 0.000000 0.000000 0.000000 0.000000 0.000000 
0.000000 0.000000 0.000000 0.000000 0.000000 0.000000 0.000000 0.000001 0.000001 0.000002 0.000003 0.000004 0.000007 0.000010 0.000016 0.000025 0.000039 0.000059 0.000087 0.000129 0.000187 0.000269 0.000383 0.000538 0.000745 0.001021 0.001382 0.001848 0.002441 0.003184 0.004104 0.005224 0.006569 0.008159 0.010010 0.012131 0.014520 0.017167 0.020047 0.023122 0.026341 0.029638 0.032937 0.036153 0.039193 0.041964 0.044377 0.046349 0.047812 0.048711 0.049015 0.048711 0.047812 0.046349 0.044377 0.041964 0.039193 0.036153 0.032937 0.029638 0.026341 0.023122 0.020047 0.017167 0.014520 0.012131 0.010010 0.008159 0.006569 0.005224 0.004104 0.003184 0.002441 0.001848 0.001382 0.001021 0.000745 0.000538 0.000383 0.000269 0.000187 0.000129 0.000087 0.000059 0.000039 0.000025 0.000016 0.000010 0.000007 0.000004 0.000003 0.000002 0.000001 0.000001 0.000000 0.000000 0.000000 0.000000 0.000000 0.000000 
0.000000 0.000000 0.000000 0.000000 0.000000 0.000000 0.000001 0.000001 0.000001 0.000002 0.000004 0.000006 0.000010 0.000016 0.000026 0.000040 0.000061 0.000091 0.000136 0.000201 0.000292 0.000420 0.000597 0.000838 0.001161 0.001590 0.002152 0.002876 0.003797 0.004953 0.006381 0.008122 0.010210 0.012679 0.015552 0.018843 0.022551 0.026656 0.031123 0.035892 0.040883 0.045995 0.051109 0.056093 0.060804 0.065099 0.068839 0.071895 0.074161 0.075555 0.076025 0.075555 0.074161 0.071895 0.068839 0.065099 0.060804 0.056093 0.051109 0.045995 0.040883 0.035892 0.031123 0.026656 0.022551 0.018843 0.015552 0.012679 0.010210 0.008122 0.006381 0.004953 0.003797 0.002876 0.002152 0.001590 0.001161 0.000838 0.000597 0.000420 0.000292 0.000201 0.000136 0.000091 0.000061 0.000040 0.000026 0.000016 0.000010 0.000006 0.000004 0.000002 0.000001 0.000001 0.000001 0.000000 0.000000 0.000000 0.000000 0.000000 
0.000000 0.000000 0.000000 0.000000 0.000000 0.000000 0.000001 0.000001 0.000002 0.000004 0.000006 0.000010 0.000016 0.000025 0.000040 0.000061 0.000094 0.000141 0.000210 0.000310 0.000451 0.000648 0.000920 0.001290 0.001788 0.002448 0.003311 0.004424 0.005839 0.007614 0.009807 0.012478 0.015684 0.019472 0.023879 0.028927 0.034612 0.040907 0.047754 0.055063 0.062711 0.070544 0.078379 0.086014 0.093231 0.099810 0.105537 0.110218 0.113688 0.115822 0.116543 0.115822 0.113688 0.110218 0.105537 0.099810 0.093231 0.086014 0.078379 0.070544 0.062711 0.055063 0.047754 0.040907 0.034612 0.028927 0.023879 0.019472 0.015684 0.012478 0.009807 0.007614 0.005839 0.004424 0.003311 0.002448 0.001788 0.001290 0.000920 0.000648 0.000451 0.000310 0.000210 0.000141 0.000094 0.000061 0.000040 0.000025 0.000016 0.000010 0.000006 0.000004 0.000002 0.000001 0.000001 0.000000 0.000000 0.000000 0.000000 0.000000 
0.000000 0.000000 0.000000 0.000000 0.000000 0.000001 0.000001 0.000002 0.000003 0.000006 0.000009 0.000015 0.000025 0.000039 0.000061 0.000094 0.000143 0.000215 0.000321 0.000472 0.000686 0.000986 0.001400 0.001963 0.002720 0.003723 0.005033 0.006724 0.008873 0.011566 0.014894 0.018947 0.023808 0.029553 0.036235 0.043885 0.052500 0.062039 0.072412 0.083483 0.095067 0.106928 0.118793 0.130353 0.141279 0.151237 0.159906 0.166991 0.172244 0.175474 0.176564 0.175474 0.172244 0.166991 0.159906 0.151237 0.141279 0.130353 0.118793 0.106928 0.095067 0.083483 0.072412 0.062039 0.052500 0.043885 0.036235 0.029553 0.023808 0.018947 0.014894 0.011566 0.008873 0.006724 0.005033 0.003723 0.002720 0.001963 0.001400 0.000986 0.000686 0.000472 0.000321 0.000215 0.000143 0.000094 0.000061 0.000039 0.000025 0.000015 0.000009 0.000006 0.000003 0.000002 0.000001 0.000001 0.000000 0.000000 0.000000 0.000000 
0.000000 0.000000 0.000000 0.000000 0.000001 0.000001 0.000002 0.000003 0.000005 0.000009 0.000014 0.000023 0.000037 0.000059 0.000091 0.000141 0.000215 0.000325 0.000483 0.000711 0.001033 0.001484 0.002106 0.002952 0.004089 0.005594 0.007562 0.010099 0.013323 0.017363 0.022354 0.028430 0.035716 0.044324 0.054336 0.065796 0.078699 0.092982 0.108513 0.125087 0.142425 0.160178 0.177933 0.195230 0.211577 0.226476 0.239444 0.250043 0.257900 0.262733 0.264364 0.262733 0.257900 0.250043 0.239444 0.226476 0.211577 0.195230 0.177933 0.160178 0.142425 0.125087 0.108513 0.092982 0.078699 0.065796 0.054336 0.044324 0.035716 0.028430 0.022354 0.017363 0.013323 0.010099 0.007562 0.005594 0.004089 0.002952 0.002106 0.001484 0.001033 0.000711 0.000483 0.000325 0.000215 0.000141 0.000091 0.000059 0.000037 0.000023 0.000014 0.000009 0.000005 0.000003 0.000002 0.000001 0.000001 0.000000 0.000000 0.000000 
0.000000 0.000000 0.000000 0.000001 0.000001 0.000002 0.000003 0.000005 0.000008 0.000013 0.000021 0.000035 0.000055 0.000087 0.000136 0.000210 0.000321 0.000483 0.000719 0.001058 0.001537 0.002207 0.003130 0.004387 0.006073 0.008308 0.011227 0.014989 0.019769 0.025758 0.033154 0.042155 0.052949 0.065696 0.080520 0.097484 0.116583 0.137719 0.160699 0.185219 0.210867 0.237124 0.263383 0.288961 0.313133 0.335162 0.354336 0.370005 0.381621 0.388765 0.391176 0.388765 0.381621 0.370005 0.354336 0.335162 0.313133 0.288961 0.263383 0.237124 0.210867 0.185219 0.160699 0.137719 0.116583 0.097484 0.080520 0.065696 0.052949 0.042155 0.033154 0.025758 0.019769 0.014989 0.011227 0.008308 0.006073 0.004387 0.003130 0.002207 0.001537 0.001058 0.000719 0.000483 0.000321 0.000210 0.000136 0.000087 0.000055 0.000035 0.000021 0.000013 0.000008 0.000005 0.000003 0.000002 0.000001 0.000000 0.000000 0.000000 
0.000000 0.000000 0.000000 0.000001 0.000001 0.000002 0.000004 0.000007 0.000012 0.000019 0.000032 0.000051 0.000081 0.000129 0.000201 0.000310 0.000472 0.000711 0.001058 0.001555 0.002259 0.003242 0.004597 0.006441 0.008915 0.012191 0.016471 0.021983 0.028987 0.037759 0.048590 0.061768 0.077567 0.096223 0.117912 0.142730 0.170665 0.201577 0.235179 0.271028 0.308521 0.346902 0.385280 0.422661 0.457983 0.490172 0.518187 0.541081 0.558051 0.568488 0.572011 0.568488 0.558051 0.541081 0.518187 0.490172 0.457983 0.422661 0.385280 0.346902 0.308521 0.271028 0.235179 0.201577 0.170665 0.142730 0.117912 0.096223 0.077567 0.061768 0.048590 0.037759 0.028987 0.021983 0.016471 0.012191 0.008915 0.006441 0.004597 0.003242 0.002259 0.001555 0.001058 0.000711 0.000472 0.000310 0.000201 0.000129 0.000081 0.000051 0.000032 0.000019 0.000012 0.000007 0.000004 0.000002 0.000001 0.000001 0.000000 0.000000 
0.000000 0.000000 0.000001 0.000001 0.000002 0.000003 0.000006 0.000010 0.000017 0.000028 0.000046 0.000074 0.000119 0.000187 0.000292 0.000451 0.000686 0.001033 0.001537 0.002259 0.003280 0.004706 0.006671 0.009344 0.012930 0.017677 0.023876 0.031859 0.041998 0.054695 0.070368 0.089434 0.112287 0.139267 0.170628 0.206507 0.246886 0.291559 0.340115 0.391911 0.446075 0.501516 0.556948 0.610934 0.661944 0.708426 0.748878 0.781934 0.806436 0.821505 0.826591 0.821505 0.806436 0.781934 0.748878 0.708426 0.661944 0.610934 0.556948 0.501516 0.446075 0.391911 0.340115 0.291559 0.246886 0.206507 0.170628 0.139267 0.112287 0.089434 0.070368 0.054695 0.041998 0.031859 0.023876 0.017677 0.012930 0.009344 0.006671 0.004706 0.003280 0.002259 0.001537 0.001033 0.000686 0.000451 0.000292 0.000187 0.000119 0.000074 0.000046 0.000028 0.000017 0.000010 0.000006 0.000003 0.000002 0.000001 0.000000 0.000000 
0.000000 0.000000 0.000001 0.000002 0.000003 0.000005 0.000009 0.000015 0.000024 0.000040 0.000066 0.000107 0.000171 0.000269 0.000420 0.000648 0.000986 0.001484 0.002207 0.003242 0.004706 0.006750 0.009566 0.013395 0.018530 0.025326 0.034198 0.045622 0.060127 0.078287 0.100698 0.127956 0.160621 0.199178 0.243988 0.295245 0.352920 0.416722 0.486057 0.560011 0.637337 0.716477 0.795596 0.872646 0.945444 1.011774 1.069496 1.116663 1.151624 1.173125 1.180381 1.173125 1.151624 1.116663 1.069496 1.011774 0.945444 0.872646 0.795596 0.716477 0.637337 0.560011 0.486057 0.416722 0.352920 0.295245 0.243988 0.199178 0.160621 0.127956 0.100698 0.078287 0.060127 0.045622 0.034198 0.025326 0.018530 0.013395 0.009566 0.006750 0.004706 0.003242 0.002207 0.001484 0.000986 0.000648 0.000420 0.000269 0.000171 0.000107 0.000066 0.000040 0.000024 0.000015 0.000009 0.000005 0.000003 0.000001 0.000001 0.000000 
0.000000 0.000001 0.000001 0.000002 0.000004 0.000007 0.000012 0.000021 0.000035 0.000058 0.000094 0.000152 0.000243 0.000383 0.000597 0.000920 0.001400 0.002106 0.003130 0.004597 0.006671 0.009566 0.013553 0.018972 0.026238 0.035852 0.048400 0.064552 0.085057 0.110722 0.142388 0.180896 0.227033 0.281481 0.344750 0.417109 0.498516 0.588558 0.686397 0.790739 0.899827 1.011464 1.123061 1.231729 1.334394 1.427931 1.509327 1.575834 1.625130 1.655445 1.665676 1.655445 1.625130 1.575834 1.509327 1.427931 1.334394 1.231729 1.123061 1.011464 0.899827 0.790739 0.686397 0.588558 0.498516 0.417109 0.344750 0.281481 0.227033 0.180896 0.142388 0.110722 0.085057 0.064552 0.048400 0.035852 0.026238 0.018972 0.013553 0.009566 0.006671 0.004597 0.003130 0.002106 0.001400 0.000920 0.000597 0.000383 0.000243 0.000152 0.000094 0.000058 0.000035 0.000021 0.000012 0.000007 0.000004 0.000002 0.000001 0.000000 
0.000000 0.000001 0.000002 0.000003 0.000006 0.000010 0.000017 0.000029 0.000049 0.000081 0.000132 0.000214 0.000341 0.000538 0.000838 0.001290 0.001963 0.002952 0.004387 0.006441 0.009344 0.013395 0.018972 0.026549 0.036709 0.050147 0.067681 0.090248 0.118888 0.154729 0.198942 0.252695 0.317087 0.393065 0.481337 0.582275 0.695818 0.821388 0.957813 1.103289 1.255367 1.410981 1.566526 1.717978 1.861052 1.991398 2.104820 2.197491 2.266178 2.308417 2.322672 2.308417 2.266178 2.197491 2.104820 1.991398 1.861052 1.717978 1.566526 1.410981 1.255367 1.103289 0.957813 0.821388 0.695818 0.582275 0.481337 0.393065 0.317087 0.252695 0.198942 0.154729 0.118888 0.090248 0.067681 0.050147 0.036709 0.026549 0.018972 0.013395 0.009344 0.006441 0.004387 0.002952 0.001963 0.001290 0.000838 0.000538 0.000341 0.000214 0.000132 0.000081 0.000049 0.000029 0.000017 0.000010 0.000006 0.000003 0.000001 0.000000 
0.000000 0.000001 0.000002 0.000005 0.000008 0.000014 0.000024 0.000041 0.000068 0.000112 0.000184 0.000296 0.000473 0.000745 0.001161 0.001788 0.002720 0.004089 0.006073 0.008915 0.012930 0.018530 0.026238 0.036709 0.050743 0.069302 0.093513 0.124665 0.164193 0.213648 0.274643 0.348786 0.437587 0.542348 0.664042 0.803175 0.959662 1.132700 1.320675 1.521099 1.730595 1.944942 2.159176 2.367756 2.564785 2.744277 2.900455 3.028057 3.122629 3.180787 3.200413 3.180787 3.122629 3.028057 2.900455 2.744277 2.564785 2.367756 2.159176 1.944942 1.730595 1.521099 1.320675 1.132700 0.959662 0.803175 0.664042 0.542348 0.437587 0.348786 0.274643 0.213648 0.164193 0.124665 0.093513 0.069302 0.050743 0.036709 0.026238 0.018530 0.012930 0.008915 0.006073 0.004089 0.002720 0.001788 0.001161 0.000745 0.000473 0.000296 0.000184 0.000112 0.000068 0.000041 0.000024 0.000014 0.000008 0.000004 0.000002 0.000000 
0.000000 0.000001 0.000003 0.000006 0.000011 0.000019 0.000033 0.000056 0.000093 0.000154 0.000252 0.000406 0.000648 0.001021 0.001590 0.002448 0.003723 0.005594 0.008308 0.012191 0.017677 0.025326 0.035852 0.050147 0.069302 0.094628 0.127657 0.170147 0.224050 0.291477 0.374622 0.475672 0.596677 0.739407 0.905180 1.094684 1.307794 1.543414 1.799342 2.072189 2.357359 2.649105 2.940674 3.224527 3.492643 3.736881 3.949385 4.123001 4.251673 4.330800 4.357502 4.330800 4.251673 4.123001 3.949385 3.736881 3.492643 3.224527 2.940674 2.649105 2.357359 2.072189 1.799342 1.543414 1.307794 1.094684 0.905180 0.739407 0.596677 0.475672 0.374622 0.291477 0.224050 0.170147 0.127657 0.094628 0.069302 0.050147 0.035852 0.025326 0.017677 0.012191 0.008308 0.005594 0.003723 0.002448 0.001590 0.001021 0.000648 0.000406 0.000252 0.000154 0.000093 0.000056 0.000033 0.000019 0.000011 0.000006 0.000002 0.000000 
0.000000 0.000002 0.000004 0.000008 0.000015 0.000026 0.000045 0.000076 0.000127 0.000209 0.000341 0.000550 0.000877 0.001382 0.002152 0.003311 0.005033 0.007562 0.011227 0.016471 0.023876 0.034198 0.048400 0.067681 0.093513 0.127657 0.172179 0.229440 0.302068 0.392900 0.504886 0.640963 0.803886 0.996030 1.219161 1.474198 1.760966 2.077986 2.422291 2.789318 3.172884 3.565261 3.957369 4.339074 4.699594 5.027990 5.313705 5.547125 5.720116 5.826494 5.862392 5.826494 5.720116 5.547125 5.313705 5.027990 4.699594 4.339074 3.957369 3.565261 3.172884 2.789318 2.422291 2.077986 1.760966 1.474198 1.219161 0.996030 0.803886 0.640963 0.504886 0.392900 0.302068 0.229440 0.172179 0.127657 0.093513 0.067681 0.048400 0.034198 0.023876 0.016471 0.011227 0.007562 0.005033 0.003311 0.002152 0.001382 0.000877 0.000550 0.000341 0.000209 0.000127 0.000076 0.000045 0.000026 0.000015 0.000008 0.000003 0.000000 
0.000000 0.000003 0.000006 0.000011 0.000020 0.000035 0.000060 0.000102 0.000170 0.000280 0.000457 0.000736 0.001173 0.001848 0.002876 0.004424 0.006724 0.010099 0.014989 0.021983 0.031859 0.045622 0.064552 0.090248 0.124665 0.170147 0.229440 0.305683 0.402371 0.523269 0.672298 0.853356 1.070099 1.325678 1.622431 1.961571 2.342860 2.764321 3.222006 3.709847 4.219623 4.741066 5.262111 5.769297 6.248307 6.684613 7.064196 7.374294 7.604106 7.745423 7.793111 7.745423 7.604106 7.374294 7.064196 6.684613 6.248307 5.769297 5.262111 4.741066 4.219623 3.709847 3.222006 2.764321 2.342860 1.961571 1.622431 1.325678 1.070099 0.853356 0.672298 0.523269 0.402371 0.305683 0.229440 0.170147 0.124665 0.090248 0.064552 0.045622 0.031859 0.021983 0.014989 0.010099 0.006724 0.004424 0.002876 0.001848 0.001173 0.000736 0.000457 0.000280 0.000170 0.000101 0.000060 0.000035 0.000020 0.000011 0.000005 0.000000 
0.000000 0.000003 0.000008 0.000015 0.000027 0.000046 0.000079 0.000134 0.000224 0.000370 0.000604 0.000973 0.001550 0.002441 0.003797 0.005839 0.008873 0.013323 0.019769 0.028987 0.041998 0.060127 0.085057 0.118888 0.164193 0.224050 0.302068 0.402371 0.529544 0.688535 0.884486 1.122512 1.407409 1.743303 2.133258 2.578855 3.079770 3.633399 4.234548 4.875243 5.544687 6.229398 6.913535 7.579434 8.208303 8.781079 9.279372 9.686434 9.988100 10.173598 10.236194 10.173598 9.988100 9.686434 9.279372 8.781079 8.208303 7.579434 6.913535 6.229398 5.544687 4.875243 4.234548 3.633399 3.079770 2.578855 2.133258 1.743303 1.407409 1.122512 0.884486 0.688535 0.529544 0.402371 0.302068 0.224050 0.164193 0.118888 0.085057 0.060127 0.041998 0.028987 0.019769 0.013323 0.008873 0.005839 0.003797 0.002441 0.001550 0.000973 0.000604 0.000370 0.000224 0.000134 0.000079 0.000046 0.000026 0.000014 0.000006 0.000000 
0.000000 0.000004 0.000010 0.000020 0.000035 0.000061 0.000104 0.000176 0.000293 0.000483 0.000788 0.001270 0.002023 0.003184 0.004953 0.007614 0.011566 0.017363 0.025758 0.037759 0.054695 0.078287 0.110722 0.154729 0.213648 0.291477 0.392900 0.523269 0.688535 0.895113 1.149673 1.458845 1.828844 2.265012 2.771315 3.349788 4.000001 4.718562 5.498721 6.330125 7.198762 8.087138 8.974710 9.838566 10.654340 11.397316 12.043650 12.571634 12.962902 13.203495 13.284682 13.203495 12.962902 12.571634 12.043650 11.397316 10.654340 9.838566 8.974710 8.087138 7.198762 6.330125 5.498721 4.718562 4.000001 3.349788 2.771315 2.265012 1.828844 1.458845 1.149673 0.895113 0.688535 0.523269 0.392900 0.291477 0.213648 0.154729 0.110722 0.078287 0.054695 0.037759 0.025758 0.017363 0.011566 0.007614 0.004953 0.003184 0.002023 0.001270 0.000788 0.000483 0.000293 0.000175 0.000104 0.000060 0.000034 0.000018 0.000008 0.000000 
0.000000 0.000006 0.000013 0.000025 0.000045 0.000078 0.000134 0.000227 0.000378 0.000624 0.001017 0.001638 0.002608 0.004104 0.006381 0.009807 0.014894 0.022354 0.033154 0.048590 0.070368 0.100698 0.142388 0.198942 0.274643 0.374622 0.504886 0.672298 0.884486 1.149673 1.476405 1.873174 2.347937 2.907532 3.557026 4.299015 5.132930 6.054408 7.054784 8.120776 9.234415 10.373277 11.511033 12.618323 13.663927 14.616181 15.444541 16.121201 16.622636 16.930965 17.035009 16.930965 16.622636 16.121201 15.444541 14.616181 13.663927 12.618323 11.511033 10.373277 9.234415 8.120776 7.054784 6.054408 5.132930 4.299015 3.557026 2.907532 2.347937 1.873174 1.476405 1.149673 0.884486 0.672298 0.504886 0.374622 0.274643 0.198942 0.142388 0.100698 0.070368 0.048590 0.033154 0.022354 0.014894 0.009807 0.006381 0.004104 0.002608 0.001638 0.001017 0.000624 0.000378 0.000227 0.000134 0.000078 0.000044 0.000024 0.000010 0.000000 
0.000000 0.000007 0.000017 0.000032 0.000058 0.000100 0.000171 0.000289 0.000482 0.000795 0.001295 0.002086 0.003321 0.005224 0.008122 0.012478 0.018947 0.028430 0.042155 0.061768 0.089434 0.127956 0.180896 0.252695 0.348786 0.475672 0.640963 0.853356 1.122512 1.458845 1.873174 2.376247 2.978130 3.687471 4.510669 5.450993 6.507705 7.675260 8.942667 10.293090 11.703765 13.146291 14.587324 15.989690 17.313868 18.519774 19.568749 20.425596 21.060545 21.450965 21.582710 21.450965 21.060545 20.425596 19.568749 18.519774 17.313868 15.989690 14.587324 13.146291 11.703765 10.293090 8.942667 7.675260 6.507705 5.450993 4.510669 3.687471 2.978130 2.376247 1.873174 1.458845 1.122512 0.853356 0.640963 0.475672 0.348786 0.252695 0.180896 0.127956 0.089434 0.061768 0.042155 0.028430 0.018947 0.012478 0.008122 0.005224 0.003321 0.002086 0.001295 0.000795 0.000482 0.000289 0.000171 0.000099 0.000056 0.000030 0.000013 0.000000 
0.000000 0.000009 0.000022 0.000041 0.000073 0.000126 0.000216 0.000364 0.000607 0.001001 0.001630 0.002625 0.004177 0.006569 0.010210 0.015684 0.023808 0.035716 0.052949 0.077567 0.112287 0.160621 0.227033 0.317087 0.437587 0.596677 0.803886 1.070099 1.407409 1.828844 2.347937 2.978130 3.732006 4.620369 5.651210 6.828595 8.151578 9.613198 11.199681 12.889946 14.655497 16.460790 18.264107 20.018943 21.675861 23.184728 24.497193 25.569242 26.363646 26.852106 27.016933 26.852106 26.363646 25.569242 24.497193 23.184728 21.675861 20.018943 18.264107 16.460790 14.655497 12.889946 11.199681 9.613198 8.151578 6.828595 5.651210 4.620369 3.732006 2.978130 2.347937 1.828844 1.407409 1.070099 0.803886 0.596677 0.437587 0.317087 0.227033 0.160621 0.112287 0.077567 0.052949 0.035716 0.023808 0.015684 0.010210 0.006569 0.004177 0.002625 0.001630 0.001001 0.000607 0.000364 0.000215 0.000125 0.000071 0.000038 0.000016 0.000000 
0.000000 0.000012 0.000027 0.000051 0.000090 0.000157 0.000268 0.000453 0.000755 0.001244 0.002026 0.003262 0.005189 0.008159 0.012679 0.019472 0.029553 0.044324 0.065696 0.096223 0.139267 0.199178 0.281481 0.393065 0.542348 0.739407 0.996030 1.325678 1.743303 2.265012 2.907532 3.687471 4.620369 5.719569 6.994923 8.451436 10.087909 11.895710 13.857789 15.948061 18.131284 20.363511 22.593167 24.762771 26.811224 28.676570 30.299061 31.624313 32.606325 33.210134 33.413883 33.210134 32.606325 31.624313 30.299061 28.676570 26.811224 24.762771 22.593167 20.363511 18.131284 15.948061 13.857789 11.895710 10.087909 8.451436 6.994923 5.719569 4.620369 3.687471 2.907532 2.265012 1.743303 1.325678 0.996030 0.739407 0.542348 0.393065 0.281481 0.199178 0.139267 0.096223 0.065696 0.044324 0.029553 0.019472 0.012679 0.008159 0.005189 0.003262 0.002026 0.001244 0.000755 0.000452 0.000268 0.000156 0.000088 0.000047 0.000020 0.000000 
0.000000 0.000014 0.000033 0.000062 0.000111 0.000193 0.000330 0.000556 0.000927 0.001528 0.002488 0.004003 0.006368 0.010010 0.015552 0.023879 0.036235 0.054336 0.080520 0.117912 0.170628 0.243988 0.344750 0.481337 0.664042 0.905180 1.219161 1.622431 2.133258 2.771315 3.557026 4.510669 5.651210 6.994923 8.553818 10.333980 12.333912 14.543041 16.940511 19.494439 22.161762 24.888791 27.612536 30.262794 32.764957 35.043375 37.025101 38.643737 39.843126 40.580584 40.829430 40.580584 39.843126 38.643737 37.025101 35.043375 32.764957 30.262794 27.612536 24.888791 22.161762 19.494439 16.940511 14.543041 12.333912 10.333980 8.553818 6.994923 5.651210 4.510669 3.557026 2.771315 2.133258 1.622431 1.219161 0.905180 0.664042 0.481337 0.344750 0.243988 0.170628 0.117912 0.080520 0.054336 0.036235 0.023879 0.015552 0.010010 0.006368 0.004003 0.002487 0.001528 0.000927 0.000556 0.000329 0.000192 0.000109 0.000058 0.000025 0.000000 
0.000000 0.000017 0.000040 0.000076 0.000135 0.000234 0.000400 0.000675 0.001125 0.001853 0.003016 0.004853 0.007718 0.012131 0.018843 0.028927 0.043885 0.065796 0.097484 0.142730 0.206507 0.295245 0.417109 0.582275 0.803175 1.094684 1.474198 1.961571 2.578855 3.349788 4.299015 5.450993 6.828595 8.451436 10.333980 12.483536 14.898265 17.565371 20.459652 23.542607 26.762249 30.053776 33.341173 36.539733 39.559440 42.309033 44.700510 46.653779 48.101102 48.990996 49.291277 48.990996 48.101102 46.653779 44.700510 42.309033 39.559440 36.539733 33.341173 30.053776 26.762249 23.542607 20.459652 17.565371 14.898265 12.483536 10.333980 8.451436 6.828595 5.450993 4.299015 3.349788 2.578855 1.961571 1.474198 1.094684 0.803175 0.582275 0.417109 0.295245 0.206507 0.142730 0.097484 0.065796 0.043885 0.028927 0.018843 0.012131 0.007718 0.004853 0.003016 0.001853 0.001125 0.000675 0.000399 0.000233 0.000132 0.000070 0.000030 0.000000 
0.000000 0.000021 0.000048 0.000091 0.000162 0.000281 0.000480 0.000809 0.001348 0.002220 0.003613 0.005812 0.009240 0.014520 0.022551 0.034612 0.052500 0.078699 0.116583 0.170665 0.246886 0.352920 0.498516 0.695818 0.959662 1.307794 1.760966 2.342860 3.079770 4.000001 5.132930 6.507705 8.151578 10.087909 12.333912 14.898265 17.778735 20.960027 24.412057 28.088888 31.928515 35.853665 39.773705 43.587653 47.188205 50.466583 53.317900 55.646701 57.372256 58.433211 58.791213 58.433211 57.372256 55.646701 53.317900 50.466583 47.188205 43.587653 39.773705 35.853665 31.928515 28.088888 24.412057 20.960027 17.778735 14.898265 12.333912 10.087909 8.151578 6.507705 5.132930 4.000001 3.079770 2.342860 1.760966 1.307794 0.959662 0.695818 0.498516 0.352920 0.246886 0.170665 0.116583 0.078699 0.052500 0.034612 0.022550 0.014520 0.009240 0.005812 0.003613 0.002220 0.001348 0.000808 0.000479 0.000279 0.000158 0.000085 0.000037 0.000000 
0.000000 0.000025 0.000057 0.000108 0.000192 0.000333 0.000568 0.000957 0.001595 0.002626 0.004274 0.006874 0.010927 0.017167 0.026656 0.040907 0.062039 0.092982 0.137719 0.201577 0.291559 0.416722 0.588558 0.821388 1.132700 1.543414 2.077986 2.764321 3.633399 4.718562 6.054408 7.675260 9.613198 11.895710 14.543041 17.565371 20.960027 24.708948 28.776657 33.109008 37.632937 42.257406 46.875652 51.368733 55.610277 59.472177 62.830921 65.574108 67.606678 68.856389 69.278080 68.856389 67.606678 65.574108 62.830921 59.472177 55.610277 51.368733 46.875652 42.257406 37.632937 33.109008 28.776657 24.708948 20.960027 17.565371 14.543041 11.895710 9.613198 7.675260 6.054408 4.718562 3.633399 2.764321 2.077986 1.543414 1.132700 0.821388 0.588558 0.416722 0.291559 0.201577 0.137719 0.092982 0.062039 0.040907 0.026656 0.017167 0.010927 0.006874 0.004274 0.002626 0.001595 0.000957 0.000567 0.000330 0.000188 0.000100 0.000043 0.000000 
0.000000 0.000029 0.000067 0.000126 0.000224 0.000389 0.000664 0.001119 0.001864 0.003069 0.004993 0.008029 0.012762 0.020047 0.031123 0.047754 0.072412 0.108513 0.160699 0.235179 0.340115 0.486057 0.686397 0.957813 1.320675 1.799342 2.422291 3.222006 4.234548 5.498721 7.054784 8.942667 11.199681 13.857789 16.940511 20.459652 24.412057 28.776657 33.512122 38.555400 43.821432 49.204253 54.579613 59.809100 64.745666 69.240258 73.149175 76.341646 78.707083 80.161441 80.652185 80.161441 78.707083 76.341646 73.149175 69.240258 64.745666 59.809100 54.579613 49.204253 43.821432 38.555400 33.512122 28.776657 24.412057 20.459652 16.940511 13.857789 11.199681 8.942667 7.054784 5.498721 4.234548 3.222006 2.422291 1.799342 1.320675 0.957813 0.686397 0.486057 0.340115 0.235179 0.160699 0.108513 0.072412 0.047754 0.031123 0.020047 0.012762 0.008029 0.004993 0.003069 0.001864 0.001119 0.000663 0.000386 0.000219 0.000117 0.000051 0.000000 
0.000000 0.000033 0.000077 0.000146 0.000259 0.000449 0.000767 0.001292 0.002152 0.003542 0.005762 0.009264 0.014722 0.023122 0.035892 0.055063 0.083483 0.125087 0.185219 0.271028 0.391911 0.560011 0.790739 1.103289 1.521099 2.072189 2.789318 3.709847 4.875243 6.330125 8.120776 10.293090 12.889946 15.948061 19.494439 23.542607 28.088888 33.109008 38.555400 44.355527 50.411560 56.601647 62.782921 68.796254 74.472594 79.640599 84.135085 87.805738 90.525446 92.197609 92.761845 92.197609 90.525446 87.805738 84.135085 79.640599 74.472594 68.796254 62.782921 56.601647 50.411560 44.355527 38.555400 33.109008 28.088888 23.542607 19.494439 15.948061 12.889946 10.293090 8.120776 6.330125 4.875243 3.709847 2.789318 2.072189 1.521099 1.103289 0.790739 0.560011 0.391911 0.271028 0.185219 0.125087 0.083483 0.055063 0.035892 0.023122 0.014722 0.009264 0.005762 0.003542 0.002152 0.001291 0.000765 0.000446 0.000253 0.000135 0.000059 0.000000 
0.000000 0.000038 0.000088 0.000166 0.000295 0.000512 0.000874 0.001473 0.002453 0.004037 0.006567 0.010557 0.016773 0.026341 0.040883 0.062711 0.095067 0.142425 0.210867 0.308521 0.446075 0.637337 0.899827 1.255367 1.730595 2.357359 3.172884 4.219623 5.544687 7.198762 9.234415 11.703765 14.655497 18.131284 22.161762 26.762249 31.928515 37.632937 43.821432 50.411560 57.292163 64.324806 71.347197 78.178585 84.626966 90.497739 95.603308 99.772970 102.862375 104.761825 105.402751 104.761825 102.862375 99.772970 95.603308 90.497739 84.626966 78.178585 71.347197 64.324806 57.292163 50.411560 43.821432 37.632937 31.928515 26.762249 22.161762 18.131284 14.655497 11.703765 9.234415 7.198762 5.544687 4.219623 3.172884 2.357359 1.730595 1.255367 0.899827 0.637337 0.446075 0.308521 0.210867 0.142425 0.095067 0.062711 0.040883 0.026341 0.016773 0.010556 0.006566 0.004037 0.002453 0.001473 0.000873 0.000509 0.000289 0.000154 0.000067 0.000000 
0.000000 0.000043 0.000099 0.000187 0.000333 0.000577 0.000985 0.001659 0.002762 0.004545 0.007392 0.011881 0.018875 0.029638 0.045995 0.070544 0.106928 0.160178 0.237124 0.346902 0.501516 0.716477 1.011464 1.410981 1.944942 2.649105 3.565261 4.741066 6.229398 8.087138 10.373277 13.146291 16.460790 20.363511 24.888791 30.053776 35.853665 42.257406 49.204253 56.601647 64.324806 72.218351 80.100146 87.767353 95.004517 101.593283 107.323163 112.002628 115.469723 117.601373 118.320647 117.601373 115.469723 112.002628 107.323163 101.593283 95.004517 87.767353 80.100146 72.218351 64.324806 56.601647 49.204253 42.257406 35.853665 30.053776 24.888791 20.363511 16.460790 13.146291 10.373277 8.087138 6.229398 4.741066 3.565261 2.649105 1.944942 1.410981 1.011464 0.716477 0.501516 0.346902 0.237124 0.160178 0.106928 0.070544 0.045995 0.029638 0.018875 0.011881 0.007391 0.004545 0.002762 0.001658 0.000983 0.000573 0.000326 0.000174 0.000075 0.000000 
0.000000 0.000047 0.000110 0.000208 0.000370 0.000642 0.001095 0.001845 0.003072 0.005053 0.008217 0.013207 0.020979 0.032937 0.051109 0.078379 0.118793 0.177933 0.263383 0.385280 0.556948 0.795596 1.123061 1.566526 2.159176 2.940674 3.957369 5.262111 6.913535 8.974710 11.511033 14.587324 18.264107 22.593167 27.612536 33.341173 39.773705 46.875652 54.579613 62.782921 71.347197 80.100146 88.839824 97.341348 105.365862 112.671302 119.024334 124.212651 128.056727 130.420139 131.217613 130.420139 128.056727 124.212651 119.024334 112.671302 105.365862 97.341348 88.839824 80.100146 71.347197 62.782921 54.579613 46.875652 39.773705 33.341173 27.612536 22.593167 18.264107 14.587324 11.511033 8.974710 6.913535 5.262111 3.957369 2.940674 2.159176 1.566526 1.123061 0.795596 0.556948 0.385280 0.263383 0.177933 0.118793 0.078379 0.051109 0.032937 0.020979 0.013207 0.008217 0.005053 0.003071 0.001844 0.001093 0.000638 0.000362 0.000194 0.000084 0.000000 
