0.000000 0.000000 0.000000 0.000000 0.000000 0.000000 0.000000 0.000000 0.000000 0.000000 0.000000 0.000000 0.000000 0.000000 0.000000 0.000000 0.000000 0.000000 0.000000 0.000000 0.000000 0.000000 0.000000 0.000000 0.000000 0.000000 0.000000 0.000000 0.000000 0.000000 0.000000 0.000000 0.000000 0.000000 0.000000 0.000000 0.000000 0.000000 0.000000 0.000000 0.000000 0.000000 0.000000 0.000000 0.000000 0.000000 0.000000 0.000000 0.000000 0.000000 0.000000 0.000000 0.000000 0.000000 0.000000 0.000000 0.000000 0.000000 0.000000 0.000000 0.000000 0.000000 0.000000 0.000000 0.000000 0.000000 0.000000 0.000000 0.000000 0.000000 0.000000 0.000000 0.000000 0.000000 0.000000 0.000000 0.000000 0.000000 0.000000 0.000000 0.000000 0.000000 0.000000 0.000000 0.000000 0.000000 0.000000 0.000000 0.000000 0.000000 0.000000 0.000000 0.000000 0.000000 0.000000 0.000000 0.000000 0.000000 0.000000 0.000000 
0.000000 0.000000 0.000000 0.000000 0.000000 0.000000 0.000000 0.000000 0.000000 0.000000 0.000000 0.000000 0.000000 0.000000 0.000000 0.000000 0.000000 0.000000 0.000000 0.000000 0.000000 0.000000 0.000000 0.000000 0.000000 0.000000 0.000000 0.000000 0.000000 0.000000 0.000000 0.000000 0.000000 0.000000 0.000000 0.000000 0.000000 0.000000 0.000000 0.000000 0.000000 0.000000 0.000000 0.000000 0.000000 0.000000 0.000000 0.000000 0.000000 0.000000 0.000000 0.000000 0.000000 0.000000 0.000000 0.000000 0.000000 0.000000 0.000000 0.000000 0.000000 0.000000 0.000000 0.000000 0.000000 0.000000 0.000000 0.000000 0.000000 0.000000 0.000000 0.000000 0.000000 0.000000 0.000000 0.000000 0.000000 0.000000 0.000000 0.000000 0.000000 0.000000 0.000000 0.000000 0.000000 0.000000 0.000000 0.000000 0.000000 0.000000 0.000000 0.000000 0.000000 0.000000 0.000000 0.000000 0.000000 0.000000 0.000000 0.000000 
0.000000 0.000000 0.000000 0.000000 0.000000 0.000000 0.000000 0.000000 0.000000 0.000000 0.000000 0.000000 0.000000 0.000000 0.000000 0.000000 0.000000 0.000000 0.000000 0.000000 0.000000 0.000000 0.000000 0.000000 0.000000 0.000000 0.000000 0.000000 0.000000 0.000000 0.000000 0.000000 0.000000 0.000000 0.000000 0.000000 0.000000 0.000000 0.000000 0.000000 0.000000 0.000000 0.000000 0.000000 0.000000 0.000000 0.000000 0.000000 0.000000 0.000000 0.000000 0.000000 0.000000 0.000000 0.000000 0.000000 0.000000 0.000000 0.000000 0.000000 0.000000 0.000000 0.000000 0.000000 0.000000 0.000000 0.000000 0.000000 0.000000 0.000000 0.000000 0.000000 0.000000 0.000000 0.000000 0.000000 0.000000 0.000000 0.000000 0.000000 0.000000 0.000000 0.000000 0.000000 0.000000 0.000000 0.000000 0.000000 0.000000 0.000000 0.000000 0.000000 0.000000 0.000000 0.000000 0.000000 0.000000 0.000000 0.000000 0.000000 
0.000000 0.000000 0.000000 0.000000 0.000000 0.000000 0.000000 0.000000 0.000000 0.000000 0.000000 0.000000 0.000000 0.000000 0.000000 0.000000 0.000000 0.000000 0.000000 0.000000 0.000000 0.000000 0.000000 0.000000 0.000000 0.000000 0.000000 0.000000 0.000000 0.000000 0.000000 0.000000 0.000000 0.000000 0.000000 0.000000 0.000000 0.000000 0.000000 0.000000 0.000000 0.000000 0.000000 0.000000 0.000000 0.000000 0.000000 0.000000 0.000000 0.000000 0.000000 0.000000 0.000000 0.000000 0.000000 0.000000 0.000000 0.000000 0.000000 0.000000 0.000000 0.000000 0.000000 0.000000 0.000000 0.000000 0.000000 0.000000 0.000000 0.000000 0.000000 0.000000 0.000000 0.000000 0.000000 0.000000 0.000000 0.000000 0.000000 0.000000 0.000000 0.000000 0.000000 0.000000 0.000000 0.000000 0.000000 0.000000 0.000000 0.000000 0.000000 0.000000 0.000000 0.000000 0.000000 0.000000 0.000000 0.000000 0.000000 0.000000 
0.000000 0.000000 0.000000 0.000000 0.000000 0.000000 0.000000 0.000000 0.000000 0.000000 0.000000 0.000000 0.000000 0.000000 0.000000 0.000000 0.000000 0.000000 0.000000 0.000000 0.000000 0.000000 0.000000 0.000000 0.000000 0.000000 0.000000 0.000000 0.000000 0.000000 0.000000 0.000000 0.000000 0.000000 0.000000 0.000000 0.000000 0.000000 0.000000 0.000000 0.000000 0.000000 0.000000 0.000000 0.000000 0.000001 0.000001 0.000001 0.000001 0.000001 0.000001 0.000001 0.000001 0.000001 0.000001 0.000001 0.000000 0.000000 0.000000 0.000000 0.000000 0.000000 0.000000 0.000000 0.000000 0.000000 0.000000 0.000000 0.000000 0.000000 0.000000 0.000000 0.000000 0.000000 0.000000 0.000000 0.000000 0.000000 0.000000 0.000000 0.000000 0.000000 0.000000 0.000000 0.000000 0.000000 0.000000 0.000000 0.000000 0.000000 0.000000 0.000000 0.000000 0.000000 0.000000 0.000000 0.000000 0.000000 0.000000 0.000000 
0.000000 0.000000 0.000000 0.000000 0.000000 0.000000 0.000000 0.000000 0.000000 0.000000 0.000000 0.000000 0.000000 0.000000 0.000000 0.000000 0.000000 0.000000 0.000000 0.000000 0.000000 0.000000 0.000000 0.000000 0.000000 0.000000 0.000000 0.000000 0.000000 0.000000 0.000000 0.000000 0.000000 0.000000 0.000000 0.000000 0.000000 0.000000 0.000000 0.000000 0.000001 0.000001 0.000001 0.000001 0.000001 0.000001 0.000001 0.000001 0.000002 0.000002 0.000002 0.000002 0.000002 0.000001 0.000001 0.000001 0.000001 0.000001 0.000001 0.000001 0.000001 0.000000 0.000000 0.000000 0.000000 0.000000 0.000000 0.000000 0.000000 0.000000 0.000000 0.000000 0.000000 0.000000 0.000000 0.000000 0.000000 0.000000 0.000000 0.000000 0.000000 0.000000 0.000000 0.000000 0.000000 0.000000 0.000000 0.000000 0.000000 0.000000 0.000000 0.000000 0.000000 0.000000 0.000000 0.000000 0.000000 0.000000 0.000000 0.000000 
0.000000 0.000000 0.000000 0.000000 0.000000 0.000000 0.000000 0.000000 0.000000 0.000000 0.000000 0.000000 0.000000 0.000000 0.000000 0.000000 0.000000 0.000000 0.000000 0.000000 0.000000 0.000000 0.000000 0.000000 0.000000 0.000000 0.000000 0.000000 0.000000 0.000000 0.000000 0.000000 0.000000 0.000000 0.000000 0.000000 0.000000 0.000001 0.000001 0.000001 0.000001 0.000002 0.000002 0.000002 0.000003 0.000003 0.000003 0.000003 0.000003 0.000004 0.000004 0.000004 0.000003 0.000003 0.000003 0.000003 0.000003 0.000002 0.000002 0.000002 0.000001 0.000001 0.000001 0.000001 0.000000 0.000000 0.000000 0.000000 0.000000 0.000000 0.000000 0.000000 0.000000 0.000000 0.000000 0.000000 0.000000 0.000000 0.000000 0.000000 0.000000 0.000000 0.000000 0.000000 0.000000 0.000000 0.000000 0.000000 0.000000 0.000000 0.000000 0.000000 0.000000 0.000000 0.000000 0.000000 0.000000 0.000000 0.000000 0.000000 
0.000000 0.000000 0.000000 0.000000 0.000000 0.000000 0.000000 0.000000 0.000000 0.000000 0.000000 0.000000 0.000000 0.000000 0.000000 0.000000 0.000000 0.000000 0.000000 0.000000 0.000000 0.000000 0.000000 0.000000 0.000000 0.000000 0.000000 0.000000 0.000000 0.000000 0.000000 0.000000 0.000000 0.000000 0.000001 0.000001 0.000001 0.000001 0.000002 0.000002 0.000003 0.000004 0.000004 0.000005 0.000006 0.000006 0.000007 0.000007 0.000008 0.000008 0.000008 0.000008 0.000008 0.000007 0.000007 0.000006 0.000006 0.000005 0.000004 0.000004 0.000003 0.000002 0.000002 0.000001 0.000001 0.000001 0.000001 0.000000 0.000000 0.000000 0.000000 0.000000 0.000000 0.000000 0.000000 0.000000 0.000000 0.000000 0.000000 0.000000 0.000000 0.000000 0.000000 0.000000 0.000000 0.000000 0.000000 0.000000 0.000000 0.000000 0.000000 0.000000 0.000000 0.000000 0.000000 0.000000 0.000000 0.000000 0.000000 0.000000 
0.000000 0.000000 0.000000 0.000000 0.000000 0.000000 0.000000 0.000000 0.000000 0.000000 0.000000 0.000000 0.000000 0.000000 0.000000 0.000000 0.000000 0.000000 0.000000 0.000000 0.000000 0.000000 0.000000 0.000000 0.000000 0.000000 0.000000 0.000000 0.000000 0.000000 0.000000 0.000000 0.000001 0.000001 0.000001 0.000002 0.000002 0.000003 0.000004 0.000005 0.000006 0.000008 0.000009 0.000011 0.000012 0.000014 0.000015 0.000016 0.000017 0.000018 0.000018 0.000018 0.000017 0.000016 0.000015 0.000014 0.000012 0.000011 0.000009 0.000008 0.000006 0.000005 0.000004 0.000003 0.000002 0.000002 0.000001 0.000001 0.000001 0.000000 0.000000 0.000000 0.000000 0.000000 0.000000 0.000000 0.000000 0.000000 0.000000 0.000000 0.000000 0.000000 0.000000 0.000000 0.000000 0.000000 0.000000 0.000000 0.000000 0.000000 0.000000 0.000000 0.000000 0.000000 0.000000 0.000000 0.000000 0.000000 0.000000 0.000000 
0.000000 0.000000 0.000000 0.000000 0.000000 0.000000 0.000000 0.000000 0.000000 0.000000 0.000000 0.000000 0.000000 0.000000 0.000000 0.000000 0.000000 0.000000 0.000000 0.000000 0.000000 0.000000 0.000000 0.000000 0.000000 0.000000 0.000000 0.000000 0.000000 0.000000 0.000001 0.000001 0.000001 0.000002 0.000003 0.000004 0.000005 0.000007 0.000009 0.000011 0.000014 0.000017 0.000020 0.000023 0.000027 0.000030 0.000033 0.000035 0.000037 0.000038 0.000039 0.000038 0.000037 0.000035 0.000033 0.000030 0.000027 0.000023 0.000020 0.000017 0.000014 0.000011 0.000009 0.000007 0.000005 0.000004 0.000003 0.000002 0.000001 0.000001 0.000001 0.000000 0.000000 0.000000 0.000000 0.000000 0.000000 0.000000 0.000000 0.000000 0.000000 0.000000 0.000000 0.000000 0.000000 0.000000 0.000000 0.000000 0.000000 0.000000 0.000000 0.000000 0.000000 0.000000 0.000000 0.000000 0.000000 0.000000 0.000000 0.000000 
0.000000 0.000000 0.000000 0.000000 0.000000 0.000000 0.000000 0.000000 0.000000 0.000000 0.000000 0.000000 0.000000 0.000000 0.000000 0.000000 0.000000 0.000000 0.000000 0.000000 0.000000 0.000000 0.000000 0.000000 0.000000 0.000000 0.000000 0.000000 0.000001 0.000001 0.000001 0.000002 0.000003 0.000004 0.000006 0.000008 0.000011 0.000015 0.000019 0.000024 0.000030 0.000036 0.000043 0.000050 0.000057 0.000064 0.000070 0.000075 0.000079 0.000081 0.000082 0.000081 0.000079 0.000075 0.000070 0.000064 0.000057 0.000050 0.000043 0.000036 0.000030 0.000024 0.000019 0.000015 0.000011 0.000008 0.000006 0.000004 0.000003 0.000002 0.000001 0.000001 0.000001 0.000000 0.000000 0.000000 0.000000 0.000000 0.000000 0.000000 0.000000 0.000000 0.000000 0.000000 0.000000 0.000000 0.000000 0.000000 0.000000 0.000000 0.000000 0.000000 0.000000 0.000000 0.000000 0.000000 0.000000 0.000000 0.000000 0.000000 
0.000000 0.000000 0.000000 0.000000 0.000000 0.000000 0.000000 0.000000 0.000000 0.000000 0.000000 0.000000 0.000000 0.000000 0.000000 0.000000 0.000000 0.000000 0.000000 0.000000 0.000000 0.000000 0.000000 0.000000 0.000000 0.000000 0.000001 0.000001 0.000001 0.000002 0.000003 0.000004 0.000006 0.000009 0.000013 0.000017 0.000023 0.000031 0.000040 0.000050 0.000062 0.000075 0.000089 0.000104 0.000119 0.000133 0.000146 0.000156 0.000164 0.000169 0.000171 0.000169 0.000164 0.000156 0.000146 0.000133 0.000119 0.000104 0.000089 0.000075 0.000062 0.000050 0.000040 0.000031 0.000023 0.000017 0.000013 0.000009 0.000006 0.000004 0.000003 0.000002 0.000001 0.000001 0.000001 0.000000 0.000000 0.000000 0.000000 0.000000 0.000000 0.000000 0.000000 0.000000 0.000000 0.000000 0.000000 0.000000 0.000000 0.000000 0.000000 0.000000 0.000000 0.000000 0.000000 0.000000 0.000000 0.000000 0.000000 0.000000 
0.000000 0.000000 0.000000 0.000000 0.000000 0.000000 0.000000 0.000000 0.000000 0.000000 0.000000 0.000000 0.000000 0.000000 0.000000 0.000000 0.000000 0.000000 0.000000 0.000000 0.000000 0.000000 0.000000 0.000000 0.000000 0.000001 0.000001 0.000002 0.000003 0.000004 0.000006 0.000009 0.000013 0.000019 0.000026 0.000036 0.000048 0.000063 0.000082 0.000103 0.000127 0.000154 0.000183 0.000214 0.000244 0.000272 0.000298 0.000320 0.000337 0.000347 0.000351 0.000347 0.000337 0.000320 0.000298 0.000272 0.000244 0.000214 0.000183 0.000154 0.000127 0.000103 0.000082 0.000063 0.000048 0.000036 0.000026 0.000019 0.000013 0.000009 0.000006 0.000004 0.000003 0.000002 0.000001 0.000001 0.000000 0.000000 0.000000 0.000000 0.000000 0.000000 0.000000 0.000000 0.000000 0.000000 0.000000 0.000000 0.000000 0.000000 0.000000 0.000000 0.000000 0.000000 0.000000 0.000000 0.000000 0.000000 0.000000 0.000000 
0.000000 0.000000 0.000000 0.000000 0.000000 0.000000 0.000000 0.000000 0.000000 0.000000 0.000000 0.000000 0.000000 0.000000 0.000000 0.000000 0.000000 0.000000 0.000000 0.000000 0.000000 0.000000 0.000000 0.000000 0.000001 0.000001 0.000002 0.000003 0.000005 0.000008 0.000013 0.000019 0.000027 0.000038 0.000053 0.000073 0.000098 0.000128 0.000165 0.000208 0.000257 0.000312 0.000370 0.000431 0.000491 0.000549 0.000601 0.000645 0.000679 0.000700 0.000707 0.000700 0.000679 0.000645 0.000601 0.000549 0.000491 0.000431 0.000370 0.000312 0.000257 0.000208 0.000165 0.000128 0.000098 0.000073 0.000053 0.000038 0.000027 0.000019 0.000013 0.000008 0.000005 0.000003 0.000002 0.000001 0.000001 0.000000 0.000000 0.000000 0.000000 0.000000 0.000000 0.000000 0.000000 0.000000 0.000000 0.000000 0.000000 0.000000 0.000000 0.000000 0.000000 0.000000 0.000000 0.000000 0.000000 0.000000 0.000000 0.000000 
0.000000 0.000000 0.000000 0.000000 0.000000 0.000000 0.000000 0.000000 0.000000 0.000000 0.000000 0.000000 0.000000 0.000000 0.000000 0.000000 0.000000 0.000000 0.000000 0.000000 0.000000 0.000000 0.000001 0.000001 0.000002 0.000003 0.000004 0.000007 0.000011 0.000017 0.000025 0.000037 0.000054 0.000077 0.000107 0.000145 0.000194 0.000255 0.000328 0.000413 0.000510 0.000618 0.000734 0.000853 0.000973 0.001087 0.001190 0.001277 0.001343 0.001384 0.001399 0.001384 0.001343 0.001277 0.001190 0.001087 0.000973 0.000853 0.000734 0.000618 0.000510 0.000413 0.000328 0.000255 0.000194 0.000145 0.000107 0.000077 0.000054 0.000037 0.000025 0.000017 0.000011 0.000007 0.000004 0.000003 0.000002 0.000001 0.000001 0.000000 0.000000 0.000000 0.000000 0.000000 0.000000 0.000000 0.000000 0.000000 0.000000 0.000000 0.000000 0.000000 0.000000 0.000000 0.000000 0.000000 0.000000 0.000000 0.000000 0.000000 
0.000000 0.000000 0.000000 0.000000 0.000000 0.000000 0.000000 0.000000 0.000000 0.000000 0.000000 0.000000 0.000000 0.000000 0.000000 0.000000 0.000000 0.000000 0.000000 0.000000 0.000000 0.000001 0.000001 0.000002 0.000003 0.000005 0.000009 0.000014 0.000021 0.000033 0.000049 0.000073 0.000106 0.000150 0.000208 0.000284 0.000380 0.000498 0.000640 0.000806 0.000995 0.001204 0.001428 0.001661 0.001892 0.002114 0.002314 0.002483 0.002611 0.002691 0.002719 0.002691 0.002611 0.002483 0.002314 0.002114 0.001892 0.001661 0.001428 0.001204 0.000995 0.000806 0.000640 0.000498 0.000380 0.000284 0.000208 0.000150 0.000106 0.000073 0.000049 0.000033 0.000021 0.000014 0.000009 0.000005 0.000003 0.000002 0.000001 0.000001 0.000000 0.000000 0.000000 0.000000 0.000000 0.000000 0.000000 0.000000 0.000000 0.000000 0.000000 0.000000 0.000000 0.000000 0.000000 0.000000 0.000000 0.000000 0.000000 0.000000 
0.000000 0.000000 0.000000 0.000000 0.000000 0.000000 0.000000 0.000000 0.000000 0.000000 0.000000 0.000000 0.000000 0.000000 0.000000 0.000000 0.000000 0.000000 0.000000 0.000000 0.000001 0.000001 0.000002 0.000004 0.000006 0.000010 0.000017 0.000027 0.000041 0.000063 0.000095 0.000141 0.000203 0.000288 0.000400 0.000546 0.000729 0.000955 0.001226 0.001543 0.001904 0.002303 0.002731 0.003175 0.003617 0.004039 0.004421 0.004743 0.004987 0.005139 0.005191 0.005139 0.004987 0.004743 0.004421 0.004039 0.003617 0.003175 0.002731 0.002303 0.001904 0.001543 0.001226 0.000955 0.000729 0.000546 0.000400 0.000288 0.000203 0.000141 0.000095 0.000063 0.000041 0.000027 0.000017 0.000010 0.000006 0.000004 0.000002 0.000001 0.000001 0.000000 0.000000 0.000000 0.000000 0.000000 0.000000 0.000000 0.000000 0.000000 0.000000 0.000000 0.000000 0.000000 0.000000 0.000000 0.000000 0.000000 0.000000 0.000000 
0.000000 0.000000 0.000000 0.000000 0.000000 0.000000 0.000000 0.000000 0.000000 0.000000 0.000000 0.000000 0.000000 0.000000 0.000000 0.000000 0.000000 0.000000 0.000000 0.000001 0.000001 0.000002 0.000004 0.000007 0.000012 0.000020 0.000032 0.000050 0.000079 0.000120 0.000181 0.000266 0.000384 0.000544 0.000755 0.001029 0.001373 0.001798 0.002307 0.002903 0.003580 0.004329 0.005131 0.005962 0.006790 0.007581 0.008296 0.008898 0.009355 0.009641 0.009738 0.009641 0.009355 0.008898 0.008296 0.007581 0.006790 0.005962 0.005131 0.004329 0.003580 0.002903 0.002307 0.001798 0.001373 0.001029 0.000755 0.000544 0.000384 0.000266 0.000181 0.000120 0.000079 0.000050 0.000032 0.000020 0.000012 0.000007 0.000004 0.000002 0.000001 0.000001 0.000000 0.000000 0.000000 0.000000 0.000000 0.000000 0.000000 0.000000 0.000000 0.000000 0.000000 0.000000 0.000000 0.000000 0.000000 0.000000 0.000000 0.000000 
0.000000 0.000000 0.000000 0.000000 0.000000 0.000000 0.000000 0.000000 0.000000 0.000000 0.000000 0.000000 0.000000 0.000000 0.000000 0.000000 0.000000 0.000000 0.000001 0.000001 0.000002 0.000004 0.000008 0.000013 0.000022 0.000036 0.000059 0.000094 0.000146 0.000224 0.000336 0.000494 0.000713 0.001009 0.001400 0.001905 0.002541 0.003325 0.004264 0.005362 0.006611 0.007990 0.009467 0.010997 0.012521 0.013975 0.015290 0.016398 0.017238 0.017763 0.017941 0.017763 0.017238 0.016398 0.015290 0.013975 0.012521 0.010997 0.009467 0.007990 0.006611 0.005362 0.004264 0.003325 0.002541 0.001905 0.001400 0.001009 0.000713 0.000494 0.000336 0.000224 0.000146 0.000094 0.000059 0.000036 0.000022 0.000013 0.000008 0.000004 0.000002 0.000001 0.000001 0.000000 0.000000 0.000000 0.000000 0.000000 0.000000 0.000000 0.000000 0.000000 0.000000 0.000000 0.000000 0.000000 0.000000 0.000000 0.000000 0.000000 
0.000000 0.000000 0.000000 0.000000 0.000000 0.000000 0.000000 0.000000 0.000000 0.000000 0.000000 0.000000 0.000000 0.000000 0.000000 0.000000 0.000000 0.000001 0.000001 0.000002 0.000005 0.000008 0.000014 0.000024 0.000041 0.000067 0.000108 0.000172 0.000268 0.000409 0.000613 0.000901 0.001299 0.001837 0.002547 0.003464 0.004619 0.006039 0.007741 0.009729 0.011989 0.014485 0.017156 0.019921 0.022675 0.025303 0.027678 0.029679 0.031196 0.032144 0.032466 0.032144 0.031196 0.029679 0.027678 0.025303 0.022675 0.019921 0.017156 0.014485 0.011989 0.009729 0.007741 0.006039 0.004619 0.003464 0.002547 0.001837 0.001299 0.000901 0.000613 0.000409 0.000268 0.000172 0.000108 0.000067 0.000041 0.000024 0.000014 0.000008 0.000005 0.000002 0.000001 0.000001 0.000000 0.000000 0.000000 0.000000 0.000000 0.000000 0.000000 0.000000 0.000000 0.000000 0.000000 0.000000 0.000000 0.000000 0.000000 0.000000 
0.000000 0.000000 0.000000 0.000000 0.000000 0.000000 0.000000 0.000000 0.000000 0.000000 0.000000 0.000000 0.000000 0.000000 0.000000 0.000000 0.000001 0.000001 0.000002 0.000005 0.000008 0.000015 0.000025 0.000043 0.000073 0.000120 0.000195 0.000309 0.000481 0.000734 0.001099 0.001614 0.002325 0.003285 0.004552 0.006185 0.008242 0.010770 0.013799 0.017335 0.021353 0.025786 0.030531 0.035439 0.040329 0.044991 0.049205 0.052755 0.055446 0.057126 0.057698 0.057126 0.055446 0.052755 0.049205 0.044991 0.040329 0.035439 0.030531 0.025786 0.021353 0.017335 0.013799 0.010770 0.008242 0.006185 0.004552 0.003285 0.002325 0.001614 0.001099 0.000734 0.000481 0.000309 0.000195 0.000120 0.000073 0.000043 0.000025 0.000015 0.000008 0.000005 0.000002 0.000001 0.000001 0.000000 0.000000 0.000000 0.000000 0.000000 0.000000 0.000000 0.000000 0.000000 0.000000 0.000000 0.000000 0.000000 0.000000 0.000000 
0.000000 0.000000 0.000000 0.000000 0.000000 0.000000 0.000000 0.000000 0.000000 0.000000 0.000000 0.000000 0.000000 0.000000 0.000000 0.000001 0.000001 0.000002 0.000004 0.000008 0.000015 0.000026 0.000045 0.000077 0.000129 0.000213 0.000344 0.000545 0.000847 0.001292 0.001933 0.002837 0.004085 0.005767 0.007986 0.010845 0.014443 0.018862 0.024154 0.030330 0.037342 0.045079 0.053354 0.061912 0.070436 0.078561 0.085903 0.092086 0.096774 0.099701 0.100696 0.099701 0.096774 0.092086 0.085903 0.078561 0.070436 0.061912 0.053354 0.045079 0.037342 0.030330 0.024154 0.018862 0.014443 0.010845 0.007986 0.005767 0.004085 0.002837 0.001933 0.001292 0.000847 0.000545 0.000344 0.000213 0.000129 0.000077 0.000045 0.000026 0.000015 0.000008 0.000004 0.000002 0.000001 0.000001 0.000000 0.000000 0.000000 0.000000 0.000000 0.000000 0.000000 0.000000 0.000000 0.000000 0.000000 0.000000 0.000000 0.000000 
0.000000 0.000000 0.000000 0.000000 0.000000 0.000000 0.000000 0.000000 0.000000 0.000000 0.000000 0.000000 0.000000 0.000000 0.000001 0.000001 0.000002 0.000004 0.000008 0.000014 0.000025 0.000045 0.000078 0.000134 0.000224 0.000369 0.000596 0.000943 0.001466 0.002234 0.003339 0.004897 0.007045 0.009940 0.013756 0.018669 0.024849 0.032434 0.041514 0.052104 0.064124 0.077379 0.091553 0.106207 0.120797 0.134702 0.147265 0.157843 0.165862 0.170868 0.172570 0.170868 0.165862 0.157843 0.147265 0.134702 0.120797 0.106207 0.091553 0.077379 0.064124 0.052104 0.041514 0.032434 0.024849 0.018669 0.013756 0.009940 0.007045 0.004897 0.003339 0.002234 0.001466 0.000943 0.000596 0.000369 0.000224 0.000134 0.000078 0.000045 0.000025 0.000014 0.000008 0.000004 0.000002 0.000001 0.000001 0.000000 0.000000 0.000000 0.000000 0.000000 0.000000 0.000000 0.000000 0.000000 0.000000 0.000000 0.000000 0.000000 
0.000000 0.000000 0.000000 0.000000 0.000000 0.000000 0.000000 0.000000 0.000000 0.000000 0.000000 0.000000 0.000000 0.000000 0.000001 0.000002 0.000004 0.000007 0.000013 0.000024 0.000043 0.000077 0.000134 0.000228 0.000383 0.000629 0.001014 0.001604 0.002489 0.003790 0.005663 0.008298 0.011929 0.016820 0.023262 0.031552 0.041972 0.054756 0.070051 0.087883 0.108113 0.130414 0.154251 0.178889 0.203413 0.226780 0.247887 0.265657 0.279126 0.287534 0.290393 0.287534 0.279126 0.265657 0.247887 0.226780 0.203413 0.178889 0.154251 0.130414 0.108113 0.087883 0.070051 0.054756 0.041972 0.031552 0.023262 0.016820 0.011929 0.008298 0.005663 0.003790 0.002489 0.001604 0.001014 0.000629 0.000383 0.000228 0.000134 0.000077 0.000043 0.000024 0.000013 0.000007 0.000004 0.000002 0.000001 0.000000 0.000000 0.000000 0.000000 0.000000 0.000000 0.000000 0.000000 0.000000 0.000000 0.000000 0.000000 0.000000 
0.000000 0.000000 0.000000 0.000000 0.000000 0.000000 0.000000 0.000000 0.000000 0.000000 0.000000 0.000000 0.000000 0.000001 0.000002 0.000003 0.000006 0.000012 0.000022 0.000041 0.000073 0.000129 0.000224 0.000383 0.000640 0.001051 0.001693 0.002675 0.004149 0.006314 0.009425 0.013802 0.019828 0.027939 0.038616 0.052348 0.069599 0.090752 0.116049 0.145527 0.178957 0.215795 0.255159 0.295832 0.336306 0.374862 0.409683 0.438993 0.461208 0.475075 0.479789 0.475075 0.461208 0.438993 0.409683 0.374862 0.336306 0.295832 0.255159 0.215795 0.178957 0.145527 0.116049 0.090752 0.069599 0.052348 0.038616 0.027939 0.019828 0.013802 0.009425 0.006314 0.004149 0.002675 0.001693 0.001051 0.000640 0.000383 0.000224 0.000129 0.000073 0.000041 0.000022 0.000012 0.000006 0.000003 0.000002 0.000001 0.000000 0.000000 0.000000 0.000000 0.000000 0.000000 0.000000 0.000000 0.000000 0.000000 0.000000 0.000000 
0.000000 0.000000 0.000000 0.000000 0.000000 0.000000 0.000000 0.000000 0.000000 0.000000 0.000000 0.000000 0.000001 0.000001 0.000003 0.000005 0.000010 0.000020 0.000036 0.000067 0.000120 0.000213 0.000369 0.000629 0.001051 0.001723 0.002774 0.004381 0.006789 0.010322 0.015398 0.022533 0.032349 0.045555 0.062926 0.085257 0.113294 0.147656 0.188731 0.236573 0.290808 0.350552 0.414371 0.480294 0.545878 0.608341 0.664742 0.712211 0.748185 0.770638 0.778272 0.770638 0.748185 0.712211 0.664742 0.608341 0.545878 0.480294 0.414371 0.350552 0.290808 0.236573 0.188731 0.147656 0.113294 0.085257 0.062926 0.045555 0.032349 0.022533 0.015398 0.010322 0.006789 0.004381 0.002774 0.001723 0.001051 0.000629 0.000369 0.000213 0.000120 0.000067 0.000036 0.000020 0.000010 0.000005 0.000003 0.000001 0.000001 0.000000 0.000000 0.000000 0.000000 0.000000 0.000000 0.000000 0.000000 0.000000 0.000000 0.000000 
0.000000 0.000000 0.000000 0.000000 0.000000 0.000000 0.000000 0.000000 0.000000 0.000000 0.000000 0.000001 0.000001 0.000002 0.000004 0.000009 0.000017 0.000032 0.000059 0.000108 0.000195 0.000344 0.000596 0.001014 0.001693 0.002774 0.004461 0.007040 0.010901 0.016562 0.024689 0.036107 0.051802 0.072906 0.100650 0.136295 0.181027 0.235823 0.301294 0.377522 0.463903 0.559024 0.660602 0.765501 0.869835 0.969183 1.058875 1.134352 1.191545 1.227240 1.239375 1.227240 1.191545 1.134352 1.058875 0.969183 0.869835 0.765501 0.660602 0.559024 0.463903 0.377522 0.301294 0.235823 0.181027 0.136295 0.100650 0.072906 0.051802 0.036107 0.024689 0.016562 0.010901 0.007040 0.004461 0.002774 0.001693 0.001014 0.000596 0.000344 0.000195 0.000108 0.000059 0.000032 0.000017 0.000009 0.000004 0.000002 0.000001 0.000001 0.000000 0.000000 0.000000 0.000000 0.000000 0.000000 0.000000 0.000000 0.000000 0.000000 
0.000000 0.000000 0.000000 0.000000 0.000000 0.000000 0.000000 0.000000 0.000000 0.000000 0.000000 0.000001 0.000002 0.000003 0.000007 0.000014 0.000027 0.000050 0.000094 0.000172 0.000309 0.000545 0.000943 0.001604 0.002675 0.004381 0.007040 0.011101 0.017177 0.026080 0.038851 0.056781 0.081414 0.114516 0.158010 0.213860 0.283913 0.369688 0.472130 0.591356 0.726411 0.875083 1.033802 1.197664 1.360607 1.515732 1.655757 1.773574 1.862842 1.918551 1.937489 1.918551 1.862842 1.773574 1.655757 1.515732 1.360607 1.197664 1.033802 0.875083 0.726411 0.591356 0.472130 0.369688 0.283913 0.213860 0.158010 0.114516 0.081414 0.056781 0.038851 0.026080 0.017177 0.011101 0.007040 0.004381 0.002675 0.001604 0.000943 0.000545 0.000309 0.000172 0.000094 0.000050 0.000027 0.000014 0.000007 0.000003 0.000002 0.000001 0.000000 0.000000 0.000000 0.000000 0.000000 0.000000 0.000000 0.000000 0.000000 0.000000 
0.000000 0.000000 0.000000 0.000000 0.000000 0.000000 0.000000 0.000000 0.000000 0.000000 0.000001 0.000001 0.000003 0.000005 0.000011 0.000021 0.000041 0.000079 0.000146 0.000268 0.000481 0.000847 0.001466 0.002489 0.004149 0.006789 0.010901 0.017177 0.026561 0.040300 0.059995 0.087631 0.125575 0.176535 0.243456 0.329347 0.437030 0.568822 0.726158 0.909201 1.116476 1.344576 1.588020 1.839290 2.089097 2.326871 2.541466 2.722004 2.858781 2.944134 2.973148 2.944134 2.858781 2.722004 2.541466 2.326871 2.089097 1.839290 1.588020 1.344576 1.116476 0.909201 0.726158 0.568822 0.437030 0.329347 0.243456 0.176535 0.125575 0.087631 0.059995 0.040300 0.026561 0.017177 0.010901 0.006789 0.004149 0.002489 0.001466 0.000847 0.000481 0.000268 0.000146 0.000079 0.000041 0.000021 0.000011 0.000005 0.000003 0.000001 0.000001 0.000000 0.000000 0.000000 0.000000 0.000000 0.000000 0.000000 0.000000 0.000000 
0.000000 0.000000 0.000000 0.000000 0.000000 0.000000 0.000000 0.000000 0.000000 0.000000 0.000001 0.000002 0.000004 0.000008 0.000017 0.000033 0.000063 0.000120 0.000224 0.000409 0.000734 0.001292 0.002234 0.003790 0.006314 0.010322 0.016562 0.026080 0.040300 0.061107 0.090915 0.132715 0.190074 0.267068 0.368127 0.497769 0.660231 0.858980 1.096160 1.371993 1.684236 2.027747 2.394266 2.772476 3.148402 3.506157 3.828987 4.100550 4.306269 4.434636 4.478272 4.434636 4.306269 4.100550 3.828987 3.506157 3.148402 2.772476 2.394266 2.027747 1.684236 1.371993 1.096160 0.858980 0.660231 0.497769 0.368127 0.267068 0.190074 0.132715 0.090915 0.061107 0.040300 0.026080 0.016562 0.010322 0.006314 0.003790 0.002234 0.001292 0.000734 0.000409 0.000224 0.000120 0.000063 0.000033 0.000017 0.000008 0.000004 0.000002 0.000001 0.000000 0.000000 0.000000 0.000000 0.000000 0.000000 0.000000 0.000000 0.000000 
0.000000 0.000000 0.000000 0.000000 0.000000 0.000000 0.000000 0.000000 0.000000 0.000001 0.000001 0.000003 0.000006 0.000013 0.000025 0.000049 0.000095 0.000181 0.000336 0.000613 0.001099 0.001933 0.003339 0.005663 0.009425 0.015398 0.024689 0.038851 0.059995 0.090915 0.135184 0.197228 0.282320 0.396482 0.546250 0.738293 0.978847 1.273014 1.623929 2.031892 2.493560 3.001313 3.542933 4.101700 4.656980 5.185327 5.662028 6.062978 6.366688 6.556188 6.620603 6.556188 6.366688 6.062978 5.662028 5.185327 4.656980 4.101700 3.542933 3.001313 2.493560 2.031892 1.623929 1.273014 0.978847 0.738293 0.546250 0.396482 0.282320 0.197228 0.135184 0.090915 0.059995 0.038851 0.024689 0.015398 0.009425 0.005663 0.003339 0.001933 0.001099 0.000613 0.000336 0.000181 0.000095 0.000049 0.000025 0.000013 0.000006 0.000003 0.000001 0.000001 0.000000 0.000000 0.000000 0.000000 0.000000 0.000000 0.000000 0.000000 
0.000000 0.000000 0.000000 0.000000 0.000000 0.000000 0.000000 0.000000 0.000000 0.000001 0.000002 0.000004 0.000009 0.000019 0.000037 0.000073 0.000141 0.000266 0.000494 0.000901 0.001614 0.002837 0.004897 0.008298 0.013802 0.022533 0.036107 0.056781 0.087631 0.132715 0.197228 0.287595 0.411467 0.577574 0.795391 1.074565 1.424119 1.851414 2.360956 2.953140 3.623077 4.359686 5.145232 5.955469 6.760495 7.526346 8.217240 8.798282 9.238371 9.512950 9.606283 9.512950 9.238371 8.798282 8.217240 7.526346 6.760495 5.955469 5.145232 4.359686 3.623077 2.953140 2.360956 1.851414 1.424119 1.074565 0.795391 0.577574 0.411467 0.287595 0.197228 0.132715 0.087631 0.056781 0.036107 0.022533 0.013802 0.008298 0.004897 0.002837 0.001614 0.000901 0.000494 0.000266 0.000141 0.000073 0.000037 0.000019 0.000009 0.000004 0.000002 0.000001 0.000000 0.000000 0.000000 0.000000 0.000000 0.000000 0.000000 0.000000 
0.000000 0.000000 0.000000 0.000000 0.000000 0.000000 0.000000 0.000000 0.000001 0.000001 0.000003 0.000006 0.000013 0.000027 0.000054 0.000106 0.000203 0.000384 0.000713 0.001299 0.002325 0.004085 0.007045 0.011929 0.019828 0.032349 0.051802 0.081414 0.125575 0.190074 0.282320 0.411467 0.588410 0.825573 1.136427 1.534682 2.033142 2.642238 3.368329 4.211919 5.165997 6.214751 7.332916 8.485984 9.631427 10.720959 11.703723 12.530143 13.156034 13.546518 13.679245 13.546518 13.156034 12.530143 11.703723 10.720959 9.631427 8.485984 7.332916 6.214751 5.165997 4.211919 3.368329 2.642238 2.033142 1.534682 1.136427 0.825573 0.588410 0.411467 0.282320 0.190074 0.125575 0.081414 0.051802 0.032349 0.019828 0.011929 0.007045 0.004085 0.002325 0.001299 0.000713 0.000384 0.000203 0.000106 0.000054 0.000027 0.000013 0.000006 0.000003 0.000001 0.000001 0.000000 0.000000 0.000000 0.000000 0.000000 0.000000 0.000000 
0.000000 0.000000 0.000000 0.000000 0.000000 0.000000 0.000000 0.000000 0.000001 0.000002 0.000004 0.000009 0.000019 0.000038 0.000077 0.000150 0.000288 0.000544 0.001009 0.001837 0.003285 0.005767 0.009940 0.016820 0.027939 0.045555 0.072906 0.114516 0.176535 0.267068 0.396482 0.577574 0.825573 1.157828 1.593138 2.150624 2.848120 3.700135 4.715478 5.894779 7.228174 8.693523 10.255506 11.865927 13.465420 14.986613 16.358568 17.512148 18.385750 18.930750 19.115993 18.930750 18.385750 17.512148 16.358568 14.986613 13.465420 11.865927 10.255506 8.693523 7.228174 5.894779 4.715478 3.700135 2.848120 2.150624 1.593138 1.157828 0.825573 0.577574 0.396482 0.267068 0.176535 0.114516 0.072906 0.045555 0.027939 0.016820 0.009940 0.005767 0.003285 0.001837 0.001009 0.000544 0.000288 0.000150 0.000077 0.000038 0.000019 0.000009 0.000004 0.000002 0.000001 0.000000 0.000000 0.000000 0.000000 0.000000 0.000000 0.000000 
0.000000 0.000000 0.000000 0.000000 0.000000 0.000000 0.000000 0.000001 0.000001 0.000003 0.000006 0.000013 0.000026 0.000053 0.000107 0.000208 0.000400 0.000755 0.001400 0.002547 0.004552 0.007986 0.013756 0.023262 0.038616 0.062926 0.100650 0.158010 0.243456 0.368127 0.546250 0.795391 1.136427 1.593138 2.191272 2.956994 3.914691 5.084168 6.477409 8.095177 9.923862 11.933044 14.074274 16.281491 18.473372 20.557660 22.437246 24.017509 25.214153 25.960648 26.214373 25.960648 25.214153 24.017509 22.437246 20.557660 18.473372 16.281491 14.074274 11.933044 9.923862 8.095177 6.477409 5.084168 3.914691 2.956994 2.191272 1.593138 1.136427 0.795391 0.546250 0.368127 0.243456 0.158010 0.100650 0.062926 0.038616 0.023262 0.013756 0.007986 0.004552 0.002547 0.001400 0.000755 0.000400 0.000208 0.000107 0.000053 0.000026 0.000013 0.000006 0.000003 0.000001 0.000001 0.000000 0.000000 0.000000 0.000000 0.000000 0.000000 
0.000000 0.000000 0.000000 0.000000 0.000000 0.000000 0.000000 0.000001 0.000002 0.000004 0.000008 0.000017 0.000036 0.000073 0.000145 0.000284 0.000546 0.001029 0.001905 0.003464 0.006185 0.010845 0.018669 0.031552 0.052348 0.085257 0.136295 0.213860 0.329347 0.497769 0.738293 1.074565 1.534682 2.150624 2.956994 3.988937 5.279176 6.854249 8.730156 10.907801 13.368761 16.072033 18.952400 21.921009 24.868537 27.671008 30.197965 32.322319 33.930865 34.934271 35.275308 34.934271 33.930865 32.322319 30.197965 27.671008 24.868537 21.921009 18.952400 16.072033 13.368761 10.907801 8.730156 6.854249 5.279176 3.988937 2.956994 2.150624 1.534682 1.074565 0.738293 0.497769 0.329347 0.213860 0.136295 0.085257 0.052348 0.031552 0.018669 0.010845 0.006185 0.003464 0.001905 0.001029 0.000546 0.000284 0.000145 0.000073 0.000036 0.000017 0.000008 0.000004 0.000002 0.000001 0.000000 0.000000 0.000000 0.000000 0.000000 0.000000 
0.000000 0.000000 0.000000 0.000000 0.000000 0.000000 0.000000 0.000001 0.000002 0.000005 0.000011 0.000023 0.000048 0.000098 0.000194 0.000380 0.000729 0.001373 0.002541 0.004619 0.008242 0.014443 0.024849 0.041972 0.069599 0.113294 0.181027 0.283913 0.437030 0.660231 0.978847 1.424119 2.033142 2.848120 3.914691 5.279176 6.984668 9.066069 11.544349 14.420547 17.670211 21.239108 25.041102 28.958928 32.848371 36.545944 39.879661 42.682007 44.803792 46.127301 46.577125 46.127301 44.803792 42.682007 39.879661 36.545944 32.848371 28.958928 25.041102 21.239108 17.670211 14.420547 11.544349 9.066069 6.984668 5.279176 3.914691 2.848120 2.033142 1.424119 0.978847 0.660231 0.437030 0.283913 0.181027 0.113294 0.069599 0.041972 0.024849 0.014443 0.008242 0.004619 0.002541 0.001373 0.000729 0.000380 0.000194 0.000098 0.000048 0.000023 0.000011 0.000005 0.000002 0.000001 0.000000 0.000000 0.000000 0.000000 0.000000 0.000000 
0.000000 0.000000 0.000000 0.000000 0.000000 0.000000 0.000001 0.000001 0.000003 0.000007 0.000015 0.000031 0.000063 0.000128 0.000255 0.000498 0.000955 0.001798 0.003325 0.006039 0.010770 0.018862 0.032434 0.054756 0.090752 0.147656 0.235823 0.369688 0.568822 0.858980 1.273014 1.851414 2.642238 3.700135 5.084168 6.854249 9.066069 11.764674 14.977048 18.704352 22.914746 27.537865 32.462085 37.535546 42.571575 47.358620 51.674183 55.301598 58.047922 59.760934 60.343128 59.760934 58.047922 55.301598 51.674183 47.358620 42.571575 37.535546 32.462085 27.537865 22.914746 18.704352 14.977048 11.764674 9.066069 6.854249 5.084168 3.700135 2.642238 1.851414 1.273014 0.858980 0.568822 0.369688 0.235823 0.147656 0.090752 0.054756 0.032434 0.018862 0.010770 0.006039 0.003325 0.001798 0.000955 0.000498 0.000255 0.000128 0.000063 0.000031 0.000015 0.000007 0.000003 0.000001 0.000001 0.000000 0.000000 0.000000 0.000000 0.000000 
0.000000 0.000000 0.000000 0.000000 0.000000 0.000000 0.000001 0.000002 0.000004 0.000009 0.000019 0.000040 0.000082 0.000165 0.000328 0.000640 0.001226 0.002307 0.004264 0.007741 0.013799 0.024154 0.041514 0.070051 0.116049 0.188731 0.301294 0.472130 0.726158 1.096160 1.623929 2.360956 3.368329 4.715478 6.477409 8.730156 11.544349 14.977048 19.062333 23.801463 29.153777 35.029709 41.287335 47.733696 54.131696 60.212726 65.694340 70.301540 73.789475 75.964987 76.704357 75.964987 73.789475 70.301540 65.694340 60.212726 54.131696 47.733696 41.287335 35.029709 29.153777 23.801463 19.062333 14.977048 11.544349 8.730156 6.477409 4.715478 3.368329 2.360956 1.623929 1.096160 0.726158 0.472130 0.301294 0.188731 0.116049 0.070051 0.041514 0.024154 0.013799 0.007741 0.004264 0.002307 0.001226 0.000640 0.000328 0.000165 0.000082 0.000040 0.000019 0.000009 0.000004 0.000002 0.000001 0.000000 0.000000 0.000000 0.000000 0.000000 
0.000000 0.000000 0.000000 0.000000 0.000000 0.000000 0.000001 0.000002 0.000005 0.000011 0.000024 0.000050 0.000103 0.000208 0.000413 0.000806 0.001543 0.002903 0.005362 0.009729 0.017335 0.030330 0.052104 0.087883 0.145527 0.236573 0.377522 0.591356 0.909201 1.371993 2.031892 2.953140 4.211919 5.894779 8.095177 10.907801 14.420547 18.704352 23.801463 29.713200 36.388641 43.715942 51.518065 59.554452 67.529636 75.108963 81.940625 87.682140 92.028607 94.739518 95.660833 94.739518 92.028607 87.682140 81.940625 75.108963 67.529636 59.554452 51.518065 43.715942 36.388641 29.713200 23.801463 18.704352 14.420547 10.907801 8.095177 5.894779 4.211919 2.953140 2.031892 1.371993 0.909201 0.591356 0.377522 0.236573 0.145527 0.087883 0.052104 0.030330 0.017335 0.009729 0.005362 0.002903 0.001543 0.000806 0.000413 0.000208 0.000103 0.000050 0.000024 0.000011 0.000005 0.000002 0.000001 0.000000 0.000000 0.000000 0.000000 0.000000 
0.000000 0.000000 0.000000 0.000000 0.000000 0.000001 0.000001 0.000003 0.000006 0.000014 0.000030 0.000062 0.000127 0.000257 0.000510 0.000995 0.001904 0.003580 0.006611 0.011989 0.021353 0.037342 0.064124 0.108113 0.178957 0.290808 0.463903 0.726411 1.116476 1.684236 2.493560 3.623077 5.165997 7.228174 9.923862 13.368761 17.670211 22.914746 29.153777 36.388641 44.556793 53.521227 63.065287 72.894735 82.648300 91.916903 100.270575 107.290806 112.605054 115.919474 117.045878 115.919474 112.605054 107.290806 100.270575 91.916903 82.648300 72.894735 63.065287 53.521227 44.556793 36.388641 29.153777 22.914746 17.670211 13.368761 9.923862 7.228174 5.165997 3.623077 2.493560 1.684236 1.116476 0.726411 0.463903 0.290808 0.178957 0.108113 0.064124 0.037342 0.021353 0.011989 0.006611 0.003580 0.001904 0.000995 0.000510 0.000257 0.000127 0.000062 0.000030 0.000014 0.000006 0.000003 0.000001 0.000001 0.000000 0.000000 0.000000 0.000000 
0.000000 0.000000 0.000000 0.000000 0.000000 0.000001 0.000002 0.000004 0.000008 0.000017 0.000036 0.000075 0.000154 0.000312 0.000618 0.001204 0.002303 0.004329 0.007990 0.014485 0.025786 0.045079 0.077379 0.130414 0.215795 0.350552 0.559024 0.875083 1.344576 2.027747 3.001313 4.359686 6.214751 8.693523 11.933044 16.072033 21.239108 27.537865 35.029709 43.715942 53.521227 64.280935 75.734950 87.530185 99.233249 110.353514 120.375383 128.797070 135.171947 139.147757 140.498916 139.147757 135.171947 128.797070 120.375383 110.353514 99.233249 87.530185 75.734950 64.280935 53.521227 43.715942 35.029709 27.537865 21.239108 16.072033 11.933044 8.693523 6.214751 4.359686 3.001313 2.027747 1.344576 0.875083 0.559024 0.350552 0.215795 0.130414 0.077379 0.045079 0.025786 0.014485 0.007990 0.004329 0.002303 0.001204 0.000618 0.000312 0.000154 0.000075 0.000036 0.000017 0.000008 0.000004 0.000002 0.000001 0.000000 0.000000 0.000000 0.000000 
0.000000 0.000000 0.000000 0.000000 0.000000 0.000001 0.000002 0.000004 0.000009 0.000020 0.000043 0.000089 0.000183 0.000370 0.000734 0.001428 0.002731 0.005131 0.009467 0.017156 0.030531 0.053354 0.091553 0.154251 0.255159 0.414371 0.660602 1.033802 1.588020 2.394266 3.542933 5.145232 7.332916 10.255506 14.074274 18.952400 25.041102 32.462085 41.287335 51.518065 63.065287 75.734950 89.220694 103.106834 116.883293 129.972743 141.768576 151.680498 159.183148 163.862201 165.452334 163.862201 159.183148 151.680498 141.768576 129.972743 116.883293 103.106834 89.220694 75.734950 63.065287 51.518065 41.287335 32.462085 25.041102 18.952400 14.074274 10.255506 7.332916 5.145232 3.542933 2.394266 1.588020 1.033802 0.660602 0.414371 0.255159 0.154251 0.091553 0.053354 0.030531 0.017156 0.009467 0.005131 0.002731 0.001428 0.000734 0.000370 0.000183 0.000089 0.000043 0.000020 0.000009 0.000004 0.000002 0.000001 0.000000 0.000000 0.000000 0.000000 
