0.000000 0.000000 0.000000 0.000000 0.000000 0.000000 0.000000 0.000000 0.000000 0.000000 0.000000 0.000000 0.000000 0.000000 0.000000 0.000000 0.000000 0.000000 0.000000 0.000000 0.000000 0.000000 0.000000 0.000000 0.000000 0.000000 0.000000 0.000000 0.000000 0.000000 0.000000 0.000000 0.000000 0.000000 0.000000 0.000000 0.000000 0.000000 0.000000 0.000000 0.000000 0.000000 0.000000 0.000000 0.000000 0.000000 0.000000 0.000000 0.000000 0.000000 0.000000 0.000000 0.000000 0.000000 0.000000 0.000000 0.000000 0.000000 0.000000 0.000000 0.000000 0.000000 0.000000 0.000000 0.000000 0.000000 0.000000 0.000000 0.000000 0.000000 0.000000 0.000000 0.000000 0.000000 0.000000 0.000000 0.000000 0.000000 0.000000 0.000000 0.000000 0.000000 0.000000 0.000000 0.000000 0.000000 0.000000 0.000000 0.000000 0.000000 0.000000 0.000000 0.000000 0.000000 0.000000 0.000000 0.000000 0.000000 0.000000 0.000000 
0.000000 0.000000 0.000000 0.000000 0.000000 0.000000 0.000000 0.000000 0.000000 0.000000 0.000000 0.000000 0.000000 0.000000 0.000000 0.000000 0.000000 0.000000 0.000000 0.000000 0.000000 0.000000 0.000000 0.000000 0.000000 0.000000 0.000000 0.000000 0.000000 0.000000 0.000000 0.000000 0.000000 0.000000 0.000000 0.000000 0.000000 0.000000 0.000000 0.000000 0.000000 0.000000 0.000000 0.000000 0.000000 0.000000 0.000000 0.000000 0.000000 0.000000 0.000000 0.000000 0.000000 0.000000 0.000000 0.000000 0.000000 0.000000 0.000000 0.000000 0.000000 0.000000 0.000000 0.000000 0.000000 0.000000 0.000000 0.000000 0.000000 0.000000 0.000000 0.000000 0.000000 0.000000 0.000000 0.000000 0.000000 0.000000 0.000000 0.000000 0.000000 0.000000 0.000000 0.000000 0.000000 0.000000 0.000000 0.000000 0.000000 0.000000 0.000000 0.000000 0.000000 0.000000 0.000000 0.000000 0.000000 0.000000 0.000000 0.000000 
0.000000 0.000000 0.000000 0.000000 0.000000 0.000000 0.000000 0.000000 0.000000 0.000000 0.000000 0.000000 0.000000 0.000000 0.000000 0.000000 0.000000 0.000000 0.000000 0.000000 0.000000 0.000000 0.000000 0.000000 0.000000 0.000000 0.000000 0.000000 0.000000 0.000000 0.000000 0.000000 0.000000 0.000000 0.000000 0.000000 0.000000 0.000000 0.000000 0.000000 0.000000 0.000000 0.000000 0.000000 0.000000 0.000000 0.000000 0.000000 0.000000 0.000000 0.000000 0.000000 0.000000 0.000000 0.000000 0.000000 0.000000 0.000000 0.000000 0.000000 0.000000 0.000000 0.000000 0.000000 0.000000 0.000000 0.000000 0.000000 0.000000 0.000000 0.000000 0.000000 0.000000 0.000000 0.000000 0.000000 0.000000 0.000000 0.000000 0.000000 0.000000 0.000000 0.000000 0.000000 0.000000 0.000000 0.000000 0.000000 0.000000 0.000000 0.000000 0.000000 0.000000 0.000000 0.000000 0.000000 0.000000 0.000000 0.000000 0.000000 
0.000000 0.000000 0.000000 0.000000 0.000000 0.000000 0.000000 0.000000 0.000000 0.000000 0.000000 0.000000 0.000000 0.000000 0.000000 0.000000 0.000000 0.000000 0.000000 0.000000 0.000000 0.000000 0.000000 0.000000 0.000000 0.000000 0.000000 0.000000 0.000000 0.000000 0.000000 0.000000 0.000000 0.000000 0.000000 0.000000 0.000000 0.000000 0.000000 0.000000 0.000000 0.000000 0.000000 0.000000 0.000000 0.000000 0.000000 0.000000 0.000000 0.000000 0.000000 0.000000 0.000000 0.000000 0.000000 0.000000 0.000000 0.000000 0.000000 0.000000 0.000000 0.000000 0.000000 0.000000 0.000000 0.000000 0.000000 0.000000 0.000000 0.000000 0.000000 0.000000 0.000000 0.000000 0.000000 0.000000 0.000000 0.000000 0.000000 0.000000 0.000000 0.000000 0.000000 0.000000 0.000000 0.000000 0.000000 0.000000 0.000000 0.000000 0.000000 0.000000 0.000000 0.000000 0.000000 0.000000 0.000000 0.000000 0.000000 0.000000 
0.000000 0.000000 0.000000 0.000000 0.000000 0.000000 0.000000 0.000000 0.000000 0.000000 0.000000 0.000000 0.000000 0.000000 0.000000 0.000000 0.000000 0.000000 0.000000 0.000000 0.000000 0.000000 0.000000 0.000000 0.000000 0.000000 0.000000 0.000000 0.000000 0.000000 0.000000 0.000000 0.000000 0.000000 0.000000 0.000000 0.000000 0.000000 0.000000 0.000000 0.000000 0.000000 0.000000 0.000000 0.000000 0.000000 0.000000 0.000000 0.000000 0.000000 0.000000 0.000000 0.000000 0.000000 0.000000 0.000000 0.000000 0.000000 0.000000 0.000000 0.000000 0.000000 0.000000 0.000000 0.000000 0.000000 0.000000 0.000000 0.000000 0.000000 0.000000 0.000000 0.000000 0.000000 0.000000 0.000000 0.000000 0.000000 0.000000 0.000000 0.000000 0.000000 0.000000 0.000000 0.000000 0.000000 0.000000 0.000000 0.000000 0.000000 0.000000 0.000000 0.000000 0.000000 0.000000 0.000000 0.000000 0.000000 0.000000 0.000000 
0.000000 0.000000 0.000000 0.000000 0.000000 0.000000 0.000000 0.000000 0.000000 0.000000 0.000000 0.000000 0.000000 0.000000 0.000000 0.000000 0.000000 0.000000 0.000000 0.000000 0.000000 0.000000 0.000000 0.000000 0.000000 0.000000 0.000000 0.000000 0.000000 0.000000 0.000000 0.000000 0.000000 0.000000 0.000000 0.000000 0.000000 0.000000 0.000000 0.000000 0.000000 0.000000 0.000000 0.000000 0.000000 0.000000 0.000000 0.000000 0.000000 0.000000 0.000000 0.000000 0.000000 0.000000 0.000000 0.000000 0.000000 0.000000 0.000000 0.000000 0.000000 0.000000 0.000000 0.000000 0.000000 0.000000 0.000000 0.000000 0.000000 0.000000 0.000000 0.000000 0.000000 0.000000 0.000000 0.000000 0.000000 0.000000 0.000000 0.000000 0.000000 0.000000 0.000000 0.000000 0.000000 0.000000 0.000000 0.000000 0.000000 0.000000 0.000000 0.000000 0.000000 0.000000 0.000000 0.000000 0.000000 0.000000 0.000000 0.000000 
0.000000 0.000000 0.000000 0.000000 0.000000 0.000000 0.000000 0.000000 0.000000 0.000000 0.000000 0.000000 0.000000 0.000000 0.000000 0.000000 0.000000 0.000000 0.000000 0.000000 0.000000 0.000000 0.000000 0.000000 0.000000 0.000000 0.000000 0.000000 0.000000 0.000000 0.000000 0.000000 0.000000 0.000000 0.000000 0.000000 0.000000 0.000000 0.000000 0.000000 0.000000 0.000000 0.000000 0.000000 0.000000 0.000000 0.000000 0.000000 0.000000 0.000000 0.000000 0.000000 0.000000 0.000000 0.000000 0.000000 0.000000 0.000000 0.000000 0.000000 0.000000 0.000000 0.000000 0.000000 0.000000 0.000000 0.000000 0.000000 0.000000 0.000000 0.000000 0.000000 0.000000 0.000000 0.000000 0.000000 0.000000 0.000000 0.000000 0.000000 0.000000 0.000000 0.000000 0.000000 0.000000 0.000000 0.000000 0.000000 0.000000 0.000000 0.000000 0.000000 0.000000 0.000000 0.000000 0.000000 0.000000 0.000000 0.000000 0.000000 
0.000000 0.000000 0.000000 0.000000 0.000000 0.000000 0.000000 0.000000 0.000000 0.000000 0.000000 0.000000 0.000000 0.000000 0.000000 0.000000 0.000000 0.000000 0.000000 0.000000 0.000000 0.000000 0.000000 0.000000 0.000000 0.000000 0.000000 0.000000 0.000000 0.000000 0.000000 0.000000 0.000000 0.000000 0.000000 0.000000 0.000000 0.000000 0.000000 0.000000 0.000000 0.000000 0.000000 0.000000 0.000000 0.000000 0.000000 0.000000 0.000000 0.000000 0.000000 0.000000 0.000000 0.000000 0.000000 0.000000 0.000000 0.000000 0.000000 0.000000 0.000000 0.000000 0.000000 0.000000 0.000000 0.000000 0.000000 0.000000 0.000000 0.000000 0.000000 0.000000 0.000000 0.000000 0.000000 0.000000 0.000000 0.000000 0.000000 0.000000 0.000000 0.000000 0.000000 0.000000 0.000000 0.000000 0.000000 0.000000 0.000000 0.000000 0.000000 0.000000 0.000000 0.000000 0.000000 0.000000 0.000000 0.000000 0.000000 0.000000 
0.000000 0.000000 0.000000 0.000000 0.000000 0.000000 0.000000 0.000000 0.000000 0.000000 0.000000 0.000000 0.000000 0.000000 0.000000 0.000000 0.000000 0.000000 0.000000 0.000000 0.000000 0.000000 0.000000 0.000000 0.000000 0.000000 0.000000 0.000000 0.000000 0.000000 0.000000 0.000000 0.000000 0.000000 0.000000 0.000000 0.000000 0.000000 0.000000 0.000000 0.000000 0.000000 0.000000 0.000000 0.000000 0.000000 0.000000 0.000000 0.000000 0.000000 0.000000 0.000000 0.000000 0.000000 0.000000 0.000000 0.000000 0.000000 0.000000 0.000000 0.000000 0.000000 0.000000 0.000000 0.000000 0.000000 0.000000 0.000000 0.000000 0.000000 0.000000 0.000000 0.000000 0.000000 0.000000 0.000000 0.000000 0.000000 0.000000 0.000000 0.000000 0.000000 0.000000 0.000000 0.000000 0.000000 0.000000 0.000000 0.000000 0.000000 0.000000 0.000000 0.000000 0.000000 0.000000 0.000000 0.000000 0.000000 0.000000 0.000000 
0.000000 0.000000 0.000000 0.000000 0.000000 0.000000 0.000000 0.000000 0.000000 0.000000 0.000000 0.000000 0.000000 0.000000 0.000000 0.000000 0.000000 0.000000 0.000000 0.000000 0.000000 0.000000 0.000000 0.000000 0.000000 0.000000 0.000000 0.000000 0.000000 0.000000 0.000000 0.000000 0.000000 0.000000 0.000000 0.000000 0.000000 0.000000 0.000000 0.000000 0.000000 0.000000 0.000000 0.000000 0.000000 0.000000 0.000000 0.000000 0.000000 0.000000 0.000000 0.000000 0.000000 0.000000 0.000000 0.000000 0.000000 0.000000 0.000000 0.000000 0.000000 0.000000 0.000000 0.000000 0.000000 0.000000 0.000000 0.000000 0.000000 0.000000 0.000000 0.000000 0.000000 0.000000 0.000000 0.000000 0.000000 0.000000 0.000000 0.000000 0.000000 0.000000 0.000000 0.000000 0.000000 0.000000 0.000000 0.000000 0.000000 0.000000 0.000000 0.000000 0.000000 0.000000 0.000000 0.000000 0.000000 0.000000 0.000000 0.000000 
0.000000 0.000000 0.000000 0.000000 0.000000 0.000000 0.000000 0.000000 0.000000 0.000000 0.000000 0.000000 0.000000 0.000000 0.000000 0.000000 0.000000 0.000000 0.000000 0.000000 0.000000 0.000000 0.000000 0.000000 0.000000 0.000000 0.000000 0.000000 0.000000 0.000000 0.000000 0.000000 0.000000 0.000000 0.000000 0.000000 0.000000 0.000000 0.000000 0.000000 0.000000 0.000000 0.000000 0.000000 0.000000 0.000001 0.000001 0.000001 0.000001 0.000001 0.000001 0.000001 0.000001 0.000001 0.000001 0.000001 0.000000 0.000000 0.000000 0.000000 0.000000 0.000000 0.000000 0.000000 0.000000 0.000000 0.000000 0.000000 0.000000 0.000000 0.000000 0.000000 0.000000 0.000000 0.000000 0.000000 0.000000 0.000000 0.000000 0.000000 0.000000 0.000000 0.000000 0.000000 0.000000 0.000000 0.000000 0.000000 0.000000 0.000000 0.000000 0.000000 0.000000 0.000000 0.000000 0.000000 0.000000 0.000000 0.000000 0.000000 
0.000000 0.000000 0.000000 0.000000 0.000000 0.000000 0.000000 0.000000 0.000000 0.000000 0.000000 0.000000 0.000000 0.000000 0.000000 0.000000 0.000000 0.000000 0.000000 0.000000 0.000000 0.000000 0.000000 0.000000 0.000000 0.000000 0.000000 0.000000 0.000000 0.000000 0.000000 0.000000 0.000000 0.000000 0.000000 0.000000 0.000000 0.000000 0.000000 0.000000 0.000000 0.000001 0.000001 0.000001 0.000001 0.000001 0.000002 0.000002 0.000002 0.000002 0.000002 0.000002 0.000002 0.000002 0.000002 0.000001 0.000001 0.000001 0.000001 0.000001 0.000000 0.000000 0.000000 0.000000 0.000000 0.000000 0.000000 0.000000 0.000000 0.000000 0.000000 0.000000 0.000000 0.000000 0.000000 0.000000 0.000000 0.000000 0.000000 0.000000 0.000000 0.000000 0.000000 0.000000 0.000000 0.000000 0.000000 0.000000 0.000000 0.000000 0.000000 0.000000 0.000000 0.000000 0.000000 0.000000 0.000000 0.000000 0.000000 0.000000 
0.000000 0.000000 0.000000 0.000000 0.000000 0.000000 0.000000 0.000000 0.000000 0.000000 0.000000 0.000000 0.000000 0.000000 0.000000 0.000000 0.000000 0.000000 0.000000 0.000000 0.000000 0.000000 0.000000 0.000000 0.000000 0.000000 0.000000 0.000000 0.000000 0.000000 0.000000 0.000000 0.000000 0.000000 0.000000 0.000000 0.000000 0.000000 0.000001 0.000001 0.000001 0.000002 0.000002 0.000003 0.000003 0.000004 0.000004 0.000004 0.000005 0.000005 0.000005 0.000005 0.000005 0.000004 0.000004 0.000004 0.000003 0.000003 0.000002 0.000002 0.000001 0.000001 0.000001 0.000000 0.000000 0.000000 0.000000 0.000000 0.000000 0.000000 0.000000 0.000000 0.000000 0.000000 0.000000 0.000000 0.000000 0.000000 0.000000 0.000000 0.000000 0.000000 0.000000 0.000000 0.000000 0.000000 0.000000 0.000000 0.000000 0.000000 0.000000 0.000000 0.000000 0.000000 0.000000 0.000000 0.000000 0.000000 0.000000 0.000000 
0.000000 0.000000 0.000000 0.000000 0.000000 0.000000 0.000000 0.000000 0.000000 0.000000 0.000000 0.000000 0.000000 0.000000 0.000000 0.000000 0.000000 0.000000 0.000000 0.000000 0.000000 0.000000 0.000000 0.000000 0.000000 0.000000 0.000000 0.000000 0.000000 0.000000 0.000000 0.000000 0.000000 0.000000 0.000000 0.000001 0.000001 0.000001 0.000002 0.000002 0.000003 0.000004 0.000005 0.000006 0.000008 0.000009 0.000010 0.000011 0.000012 0.000013 0.000013 0.000013 0.000012 0.000011 0.000010 0.000009 0.000008 0.000006 0.000005 0.000004 0.000003 0.000002 0.000002 0.000001 0.000001 0.000001 0.000000 0.000000 0.000000 0.000000 0.000000 0.000000 0.000000 0.000000 0.000000 0.000000 0.000000 0.000000 0.000000 0.000000 0.000000 0.000000 0.000000 0.000000 0.000000 0.000000 0.000000 0.000000 0.000000 0.000000 0.000000 0.000000 0.000000 0.000000 0.000000 0.000000 0.000000 0.000000 0.000000 0.000000 
0.000000 0.000000 0.000000 0.000000 0.000000 0.000000 0.000000 0.000000 0.000000 0.000000 0.000000 0.000000 0.000000 0.000000 0.000000 0.000000 0.000000 0.000000 0.000000 0.000000 0.000000 0.000000 0.000000 0.000000 0.000000 0.000000 0.000000 0.000000 0.000000 0.000000 0.000000 0.000000 0.000000 0.000001 0.000001 0.000001 0.000002 0.000003 0.000004 0.000006 0.000008 0.000010 0.000013 0.000016 0.000019 0.000022 0.000025 0.000028 0.000030 0.000031 0.000031 0.000031 0.000030 0.000028 0.000025 0.000022 0.000019 0.000016 0.000013 0.000010 0.000008 0.000006 0.000004 0.000003 0.000002 0.000001 0.000001 0.000001 0.000000 0.000000 0.000000 0.000000 0.000000 0.000000 0.000000 0.000000 0.000000 0.000000 0.000000 0.000000 0.000000 0.000000 0.000000 0.000000 0.000000 0.000000 0.000000 0.000000 0.000000 0.000000 0.000000 0.000000 0.000000 0.000000 0.000000 0.000000 0.000000 0.000000 0.000000 0.000000 
0.000000 0.000000 0.000000 0.000000 0.000000 0.000000 0.000000 0.000000 0.000000 0.000000 0.000000 0.000000 0.000000 0.000000 0.000000 0.000000 0.000000 0.000000 0.000000 0.000000 0.000000 0.000000 0.000000 0.000000 0.000000 0.000000 0.000000 0.000000 0.000000 0.000000 0.000000 0.000000 0.000001 0.000001 0.000002 0.000003 0.000005 0.000007 0.000010 0.000014 0.000019 0.000024 0.000031 0.000038 0.000045 0.000053 0.000060 0.000066 0.000071 0.000074 0.000075 0.000074 0.000071 0.000066 0.000060 0.000053 0.000045 0.000038 0.000031 0.000024 0.000019 0.000014 0.000010 0.000007 0.000005 0.000003 0.000002 0.000001 0.000001 0.000000 0.000000 0.000000 0.000000 0.000000 0.000000 0.000000 0.000000 0.000000 0.000000 0.000000 0.000000 0.000000 0.000000 0.000000 0.000000 0.000000 0.000000 0.000000 0.000000 0.000000 0.000000 0.000000 0.000000 0.000000 0.000000 0.000000 0.000000 0.000000 0.000000 0.000000 
0.000000 0.000000 0.000000 0.000000 0.000000 0.000000 0.000000 0.000000 0.000000 0.000000 0.000000 0.000000 0.000000 0.000000 0.000000 0.000000 0.000000 0.000000 0.000000 0.000000 0.000000 0.000000 0.000000 0.000000 0.000000 0.000000 0.000000 0.000000 0.000000 0.000000 0.000001 0.000001 0.000002 0.000003 0.000005 0.000008 0.000012 0.000017 0.000024 0.000033 0.000044 0.000057 0.000073 0.000089 0.000107 0.000125 0.000142 0.000156 0.000168 0.000175 0.000177 0.000175 0.000168 0.000156 0.000142 0.000125 0.000107 0.000089 0.000073 0.000057 0.000044 0.000033 0.000024 0.000017 0.000012 0.000008 0.000005 0.000003 0.000002 0.000001 0.000001 0.000000 0.000000 0.000000 0.000000 0.000000 0.000000 0.000000 0.000000 0.000000 0.000000 0.000000 0.000000 0.000000 0.000000 0.000000 0.000000 0.000000 0.000000 0.000000 0.000000 0.000000 0.000000 0.000000 0.000000 0.000000 0.000000 0.000000 0.000000 0.000000 
0.000000 0.000000 0.000000 0.000000 0.000000 0.000000 0.000000 0.000000 0.000000 0.000000 0.000000 0.000000 0.000000 0.000000 0.000000 0.000000 0.000000 0.000000 0.000000 0.000000 0.000000 0.000000 0.000000 0.000000 0.000000 0.000000 0.000000 0.000000 0.000001 0.000001 0.000002 0.000003 0.000005 0.000007 0.000012 0.000018 0.000027 0.000039 0.000055 0.000076 0.000102 0.000132 0.000168 0.000206 0.000247 0.000288 0.000326 0.000360 0.000386 0.000402 0.000408 0.000402 0.000386 0.000360 0.000326 0.000288 0.000247 0.000206 0.000168 0.000132 0.000102 0.000076 0.000055 0.000039 0.000027 0.000018 0.000012 0.000007 0.000005 0.000003 0.000002 0.000001 0.000001 0.000000 0.000000 0.000000 0.000000 0.000000 0.000000 0.000000 0.000000 0.000000 0.000000 0.000000 0.000000 0.000000 0.000000 0.000000 0.000000 0.000000 0.000000 0.000000 0.000000 0.000000 0.000000 0.000000 0.000000 0.000000 0.000000 0.000000 
0.000000 0.000000 0.000000 0.000000 0.000000 0.000000 0.000000 0.000000 0.000000 0.000000 0.000000 0.000000 0.000000 0.000000 0.000000 0.000000 0.000000 0.000000 0.000000 0.000000 0.000000 0.000000 0.000000 0.000000 0.000000 0.000000 0.000000 0.000001 0.000001 0.000002 0.000004 0.000006 0.000011 0.000017 0.000027 0.000041 0.000061 0.000089 0.000125 0.000172 0.000230 0.000299 0.000378 0.000465 0.000557 0.000648 0.000734 0.000809 0.000867 0.000904 0.000916 0.000904 0.000867 0.000809 0.000734 0.000648 0.000557 0.000465 0.000378 0.000299 0.000230 0.000172 0.000125 0.000089 0.000061 0.000041 0.000027 0.000017 0.000011 0.000006 0.000004 0.000002 0.000001 0.000001 0.000000 0.000000 0.000000 0.000000 0.000000 0.000000 0.000000 0.000000 0.000000 0.000000 0.000000 0.000000 0.000000 0.000000 0.000000 0.000000 0.000000 0.000000 0.000000 0.000000 0.000000 0.000000 0.000000 0.000000 0.000000 0.000000 
0.000000 0.000000 0.000000 0.000000 0.000000 0.000000 0.000000 0.000000 0.000000 0.000000 0.000000 0.000000 0.000000 0.000000 0.000000 0.000000 0.000000 0.000000 0.000000 0.000000 0.000000 0.000000 0.000000 0.000000 0.000000 0.000000 0.000001 0.000001 0.000003 0.000005 0.000008 0.000014 0.000024 0.000038 0.000060 0.000091 0.000136 0.000197 0.000277 0.000380 0.000507 0.000659 0.000832 0.001023 0.001224 0.001425 0.001613 0.001777 0.001904 0.001985 0.002012 0.001985 0.001904 0.001777 0.001613 0.001425 0.001224 0.001023 0.000832 0.000659 0.000507 0.000380 0.000277 0.000197 0.000136 0.000091 0.000060 0.000038 0.000024 0.000014 0.000008 0.000005 0.000003 0.000001 0.000001 0.000000 0.000000 0.000000 0.000000 0.000000 0.000000 0.000000 0.000000 0.000000 0.000000 0.000000 0.000000 0.000000 0.000000 0.000000 0.000000 0.000000 0.000000 0.000000 0.000000 0.000000 0.000000 0.000000 0.000000 0.000000 
0.000000 0.000000 0.000000 0.000000 0.000000 0.000000 0.000000 0.000000 0.000000 0.000000 0.000000 0.000000 0.000000 0.000000 0.000000 0.000000 0.000000 0.000000 0.000000 0.000000 0.000000 0.000000 0.000000 0.000000 0.000000 0.000001 0.000002 0.000003 0.000006 0.000011 0.000018 0.000031 0.000052 0.000083 0.000130 0.000198 0.000294 0.000426 0.000599 0.000820 0.001093 0.001419 0.001791 0.002201 0.002631 0.003060 0.003463 0.003813 0.004085 0.004257 0.004316 0.004257 0.004085 0.003813 0.003463 0.003060 0.002631 0.002201 0.001791 0.001419 0.001093 0.000820 0.000599 0.000426 0.000294 0.000198 0.000130 0.000083 0.000052 0.000031 0.000018 0.000011 0.000006 0.000003 0.000002 0.000001 0.000000 0.000000 0.000000 0.000000 0.000000 0.000000 0.000000 0.000000 0.000000 0.000000 0.000000 0.000000 0.000000 0.000000 0.000000 0.000000 0.000000 0.000000 0.000000 0.000000 0.000000 0.000000 0.000000 0.000000 
0.000000 0.000000 0.000000 0.000000 0.000000 0.000000 0.000000 0.000000 0.000000 0.000000 0.000000 0.000000 0.000000 0.000000 0.000000 0.000000 0.000000 0.000000 0.000000 0.000000 0.000000 0.000000 0.000000 0.000000 0.000001 0.000002 0.000004 0.000007 0.000013 0.000023 0.000039 0.000067 0.000110 0.000177 0.000276 0.000420 0.000623 0.000899 0.001264 0.001729 0.002302 0.002984 0.003765 0.004622 0.005522 0.006420 0.007262 0.007993 0.008560 0.008920 0.009043 0.008920 0.008560 0.007993 0.007262 0.006420 0.005522 0.004622 0.003765 0.002984 0.002302 0.001729 0.001264 0.000899 0.000623 0.000420 0.000276 0.000177 0.000110 0.000067 0.000039 0.000023 0.000013 0.000007 0.000004 0.000002 0.000001 0.000000 0.000000 0.000000 0.000000 0.000000 0.000000 0.000000 0.000000 0.000000 0.000000 0.000000 0.000000 0.000000 0.000000 0.000000 0.000000 0.000000 0.000000 0.000000 0.000000 0.000000 0.000000 0.000000 
0.000000 0.000000 0.000000 0.000000 0.000000 0.000000 0.000000 0.000000 0.000000 0.000000 0.000000 0.000000 0.000000 0.000000 0.000000 0.000000 0.000000 0.000000 0.000000 0.000000 0.000000 0.000000 0.000000 0.000001 0.000002 0.000004 0.000008 0.000015 0.000027 0.000047 0.000082 0.000139 0.000229 0.000366 0.000572 0.000869 0.001287 0.001855 0.002604 0.003559 0.004734 0.006131 0.007728 0.009481 0.011319 0.013153 0.014872 0.016364 0.017521 0.018254 0.018505 0.018254 0.017521 0.016364 0.014872 0.013153 0.011319 0.009481 0.007728 0.006131 0.004734 0.003559 0.002604 0.001855 0.001287 0.000869 0.000572 0.000366 0.000229 0.000139 0.000082 0.000047 0.000027 0.000015 0.000008 0.000004 0.000002 0.000001 0.000000 0.000000 0.000000 0.000000 0.000000 0.000000 0.000000 0.000000 0.000000 0.000000 0.000000 0.000000 0.000000 0.000000 0.000000 0.000000 0.000000 0.000000 0.000000 0.000000 0.000000 0.000000 
0.000000 0.000000 0.000000 0.000000 0.000000 0.000000 0.000000 0.000000 0.000000 0.000000 0.000000 0.000000 0.000000 0.000000 0.000000 0.000000 0.000000 0.000000 0.000000 0.000000 0.000000 0.000000 0.000001 0.000002 0.000004 0.000008 0.000016 0.000030 0.000055 0.000097 0.000167 0.000282 0.000464 0.000742 0.001156 0.001755 0.002595 0.003736 0.005238 0.007151 0.009505 0.012298 0.015489 0.018989 0.022658 0.026314 0.029742 0.032715 0.035019 0.036480 0.036980 0.036480 0.035019 0.032715 0.029742 0.026314 0.022658 0.018989 0.015489 0.012298 0.009505 0.007151 0.005238 0.003736 0.002595 0.001755 0.001156 0.000742 0.000464 0.000282 0.000167 0.000097 0.000055 0.000030 0.000016 0.000008 0.000004 0.000002 0.000001 0.000000 0.000000 0.000000 0.000000 0.000000 0.000000 0.000000 0.000000 0.000000 0.000000 0.000000 0.000000 0.000000 0.000000 0.000000 0.000000 0.000000 0.000000 0.000000 0.000000 0.000000 
0.000000 0.000000 0.000000 0.000000 0.000000 0.000000 0.000000 0.000000 0.000000 0.000000 0.000000 0.000000 0.000000 0.000000 0.000000 0.000000 0.000000 0.000000 0.000000 0.000000 0.000000 0.000001 0.000002 0.000004 0.000009 0.000017 0.000032 0.000060 0.000109 0.000193 0.000333 0.000560 0.000918 0.001466 0.002282 0.003459 0.005108 0.007346 0.010288 0.014030 0.018630 0.024084 0.030310 0.037134 0.044284 0.051404 0.058076 0.063861 0.068344 0.071184 0.072157 0.071184 0.068344 0.063861 0.058076 0.051404 0.044284 0.037134 0.030310 0.024084 0.018630 0.014030 0.010288 0.007346 0.005108 0.003459 0.002282 0.001466 0.000918 0.000560 0.000333 0.000193 0.000109 0.000060 0.000032 0.000017 0.000009 0.000004 0.000002 0.000001 0.000000 0.000000 0.000000 0.000000 0.000000 0.000000 0.000000 0.000000 0.000000 0.000000 0.000000 0.000000 0.000000 0.000000 0.000000 0.000000 0.000000 0.000000 0.000000 0.000000 
0.000000 0.000000 0.000000 0.000000 0.000000 0.000000 0.000000 0.000000 0.000000 0.000000 0.000000 0.000000 0.000000 0.000000 0.000000 0.000000 0.000000 0.000000 0.000000 0.000000 0.000001 0.000002 0.000004 0.000008 0.000017 0.000033 0.000063 0.000117 0.000212 0.000374 0.000645 0.001083 0.001773 0.002828 0.004395 0.006654 0.009813 0.014096 0.019721 0.026868 0.035644 0.046042 0.057902 0.070892 0.084495 0.098033 0.110714 0.121705 0.130221 0.135615 0.137462 0.135615 0.130221 0.121705 0.110714 0.098033 0.084495 0.070892 0.057902 0.046042 0.035644 0.026868 0.019721 0.014096 0.009813 0.006654 0.004395 0.002828 0.001773 0.001083 0.000645 0.000374 0.000212 0.000117 0.000063 0.000033 0.000017 0.000008 0.000004 0.000002 0.000001 0.000000 0.000000 0.000000 0.000000 0.000000 0.000000 0.000000 0.000000 0.000000 0.000000 0.000000 0.000000 0.000000 0.000000 0.000000 0.000000 0.000000 0.000000 0.000000 
0.000000 0.000000 0.000000 0.000000 0.000000 0.000000 0.000000 0.000000 0.000000 0.000000 0.000000 0.000000 0.000000 0.000000 0.000000 0.000000 0.000000 0.000000 0.000000 0.000001 0.000002 0.000004 0.000008 0.000016 0.000032 0.000063 0.000119 0.000222 0.000401 0.000708 0.001219 0.002044 0.003341 0.005322 0.008260 0.012490 0.018398 0.026400 0.036895 0.050218 0.066563 0.085912 0.107968 0.132107 0.157370 0.182500 0.206031 0.226419 0.242210 0.252211 0.255636 0.252211 0.242210 0.226419 0.206031 0.182500 0.157370 0.132107 0.107968 0.085912 0.066563 0.050218 0.036895 0.026400 0.018398 0.012490 0.008260 0.005322 0.003341 0.002044 0.001219 0.000708 0.000401 0.000222 0.000119 0.000063 0.000032 0.000016 0.000008 0.000004 0.000002 0.000001 0.000000 0.000000 0.000000 0.000000 0.000000 0.000000 0.000000 0.000000 0.000000 0.000000 0.000000 0.000000 0.000000 0.000000 0.000000 0.000000 0.000000 0.000000 
0.000000 0.000000 0.000000 0.000000 0.000000 0.000000 0.000000 0.000000 0.000000 0.000000 0.000000 0.000000 0.000000 0.000000 0.000000 0.000000 0.000000 0.000000 0.000001 0.000001 0.000003 0.000007 0.000015 0.000030 0.000060 0.000117 0.000222 0.000411 0.000742 0.001308 0.002247 0.003764 0.006143 0.009772 0.015147 0.022875 0.033659 0.048245 0.067359 0.091598 0.121310 0.156454 0.196486 0.240270 0.286069 0.331605 0.374225 0.411141 0.439727 0.457828 0.464026 0.457828 0.439727 0.411141 0.374225 0.331605 0.286069 0.240270 0.196486 0.156454 0.121310 0.091598 0.067359 0.048245 0.033659 0.022875 0.015147 0.009772 0.006143 0.003764 0.002247 0.001308 0.000742 0.000411 0.000222 0.000117 0.000060 0.000030 0.000015 0.000007 0.000003 0.000001 0.000001 0.000000 0.000000 0.000000 0.000000 0.000000 0.000000 0.000000 0.000000 0.000000 0.000000 0.000000 0.000000 0.000000 0.000000 0.000000 0.000000 0.000000 
0.000000 0.000000 0.000000 0.000000 0.000000 0.000000 0.000000 0.000000 0.000000 0.000000 0.000000 0.000000 0.000000 0.000000 0.000000 0.000000 0.000000 0.000001 0.000001 0.000003 0.000006 0.000013 0.000027 0.000055 0.000109 0.000212 0.000401 0.000742 0.001340 0.002357 0.004042 0.006760 0.011018 0.017503 0.027096 0.040875 0.060077 0.086023 0.119989 0.163025 0.215732 0.278029 0.348940 0.426452 0.507485 0.588016 0.663362 0.728603 0.779112 0.811090 0.822039 0.811090 0.779112 0.728603 0.663362 0.588016 0.507485 0.426452 0.348940 0.278029 0.215732 0.163025 0.119989 0.086023 0.060077 0.040875 0.027096 0.017503 0.011018 0.006760 0.004042 0.002357 0.001340 0.000742 0.000401 0.000212 0.000109 0.000055 0.000027 0.000013 0.000006 0.000003 0.000001 0.000001 0.000000 0.000000 0.000000 0.000000 0.000000 0.000000 0.000000 0.000000 0.000000 0.000000 0.000000 0.000000 0.000000 0.000000 0.000000 0.000000 
0.000000 0.000000 0.000000 0.000000 0.000000 0.000000 0.000000 0.000000 0.000000 0.000000 0.000000 0.000000 0.000000 0.000000 0.000000 0.000000 0.000000 0.000001 0.000002 0.000005 0.000011 0.000023 0.000047 0.000097 0.000193 0.000374 0.000708 0.001308 0.002357 0.004140 0.007091 0.011841 0.019274 0.030579 0.047283 0.071246 0.104605 0.149636 0.208530 0.283084 0.374318 0.482074 0.604649 0.738555 0.878472 1.017462 1.147453 1.259979 1.347076 1.402209 1.421085 1.402209 1.347076 1.259979 1.147453 1.017462 0.878472 0.738555 0.604649 0.482074 0.374318 0.283084 0.208530 0.149636 0.104605 0.071246 0.047283 0.030579 0.019274 0.011841 0.007091 0.004140 0.002357 0.001308 0.000708 0.000374 0.000193 0.000097 0.000047 0.000023 0.000011 0.000005 0.000002 0.000001 0.000000 0.000000 0.000000 0.000000 0.000000 0.000000 0.000000 0.000000 0.000000 0.000000 0.000000 0.000000 0.000000 0.000000 0.000000 0.000000 
0.000000 0.000000 0.000000 0.000000 0.000000 0.000000 0.000000 0.000000 0.000000 0.000000 0.000000 0.000000 0.000000 0.000000 0.000000 0.000000 0.000001 0.000002 0.000004 0.000008 0.000018 0.000039 0.000082 0.000167 0.000333 0.000645 0.001219 0.002247 0.004042 0.007091 0.012128 0.020225 0.032879 0.052103 0.080472 0.121126 0.177660 0.253901 0.353523 0.479530 0.633611 0.815467 1.022203 1.247922 1.483660 1.717735 1.936578 2.125966 2.272524 2.365283 2.397040 2.365283 2.272524 2.125966 1.936578 1.717735 1.483660 1.247922 1.022203 0.815467 0.633611 0.479530 0.353523 0.253901 0.177660 0.121126 0.080472 0.052103 0.032879 0.020225 0.012128 0.007091 0.004042 0.002247 0.001219 0.000645 0.000333 0.000167 0.000082 0.000039 0.000018 0.000008 0.000004 0.000002 0.000001 0.000000 0.000000 0.000000 0.000000 0.000000 0.000000 0.000000 0.000000 0.000000 0.000000 0.000000 0.000000 0.000000 0.000000 0.000000 
0.000000 0.000000 0.000000 0.000000 0.000000 0.000000 0.000000 0.000000 0.000000 0.000000 0.000000 0.000000 0.000000 0.000000 0.000000 0.000000 0.000001 0.000003 0.000006 0.000014 0.000031 0.000067 0.000139 0.000282 0.000560 0.001083 0.002044 0.003764 0.006760 0.011841 0.020225 0.033684 0.054693 0.086571 0.133562 0.200830 0.294283 0.420194 0.584579 0.792335 1.046192 1.345610 1.685787 2.057004 2.444513 2.829136 3.188611 3.499618 3.740242 3.892517 3.944645 3.892517 3.740242 3.499618 3.188611 2.829136 2.444513 2.057004 1.685787 1.345610 1.046192 0.792335 0.584579 0.420194 0.294283 0.200830 0.133562 0.086571 0.054693 0.033684 0.020225 0.011841 0.006760 0.003764 0.002044 0.001083 0.000560 0.000282 0.000139 0.000067 0.000031 0.000014 0.000006 0.000003 0.000001 0.000000 0.000000 0.000000 0.000000 0.000000 0.000000 0.000000 0.000000 0.000000 0.000000 0.000000 0.000000 0.000000 0.000000 0.000000 
0.000000 0.000000 0.000000 0.000000 0.000000 0.000000 0.000000 0.000000 0.000000 0.000000 0.000000 0.000000 0.000000 0.000000 0.000000 0.000001 0.000002 0.000005 0.000011 0.000024 0.000052 0.000110 0.000229 0.000464 0.000918 0.001773 0.003341 0.006143 0.011018 0.019274 0.032879 0.054693 0.088704 0.140250 0.216156 0.324706 0.475368 0.678179 0.942746 1.276861 1.684834 2.165723 2.711763 3.307323 3.928747 4.545305 5.121367 5.619632 6.005062 6.248943 6.332427 6.248943 6.005062 5.619632 5.121367 4.545305 3.928747 3.307323 2.711763 2.165723 1.684834 1.276861 0.942746 0.678179 0.475368 0.324706 0.216156 0.140250 0.088704 0.054693 0.032879 0.019274 0.011018 0.006143 0.003341 0.001773 0.000918 0.000464 0.000229 0.000110 0.000052 0.000024 0.000011 0.000005 0.000002 0.000001 0.000000 0.000000 0.000000 0.000000 0.000000 0.000000 0.000000 0.000000 0.000000 0.000000 0.000000 0.000000 0.000000 0.000000 
0.000000 0.000000 0.000000 0.000000 0.000000 0.000000 0.000000 0.000000 0.000000 0.000000 0.000000 0.000000 0.000000 0.000000 0.000001 0.000001 0.000003 0.000007 0.000017 0.000038 0.000083 0.000177 0.000366 0.000742 0.001466 0.002828 0.005322 0.009772 0.017503 0.030579 0.052103 0.086571 0.140250 0.221520 0.341075 0.511885 0.748748 1.067332 1.482602 2.006661 2.646144 3.399467 4.254387 5.186391 6.158459 7.122568 8.023079 8.801790 9.404048 9.785081 9.915505 9.785081 9.404048 8.801790 8.023079 7.122568 6.158459 5.186391 4.254387 3.399467 2.646144 2.006661 1.482602 1.067332 0.748748 0.511885 0.341075 0.221520 0.140250 0.086571 0.052103 0.030579 0.017503 0.009772 0.005322 0.002828 0.001466 0.000742 0.000366 0.000177 0.000083 0.000038 0.000017 0.000007 0.000003 0.000001 0.000001 0.000000 0.000000 0.000000 0.000000 0.000000 0.000000 0.000000 0.000000 0.000000 0.000000 0.000000 0.000000 0.000000 
0.000000 0.000000 0.000000 0.000000 0.000000 0.000000 0.000000 0.000000 0.000000 0.000000 0.000000 0.000000 0.000000 0.000000 0.000001 0.000002 0.000005 0.000012 0.000027 0.000060 0.000130 0.000276 0.000572 0.001156 0.002282 0.004395 0.008260 0.015147 0.027096 0.047283 0.080472 0.133562 0.216156 0.341075 0.524669 0.786736 1.149840 1.637834 2.273462 3.075061 4.052604 5.203516 6.508977 7.931500 9.414580 10.885014 12.258060 13.445118 14.363038 14.943716 15.142465 14.943716 14.363038 13.445118 12.258060 10.885014 9.414580 7.931500 6.508977 5.203516 4.052604 3.075061 2.273462 1.637834 1.149840 0.786736 0.524669 0.341075 0.216156 0.133562 0.080472 0.047283 0.027096 0.015147 0.008260 0.004395 0.002282 0.001156 0.000572 0.000276 0.000130 0.000060 0.000027 0.000012 0.000005 0.000002 0.000001 0.000000 0.000000 0.000000 0.000000 0.000000 0.000000 0.000000 0.000000 0.000000 0.000000 0.000000 0.000000 0.000000 
0.000000 0.000000 0.000000 0.000000 0.000000 0.000000 0.000000 0.000000 0.000000 0.000000 0.000000 0.000000 0.000000 0.000001 0.000001 0.000003 0.000008 0.000018 0.000041 0.000091 0.000198 0.000420 0.000869 0.001755 0.003459 0.006654 0.012490 0.022875 0.040875 0.071246 0.121126 0.200830 0.324706 0.511885 0.786736 1.178734 1.721432 2.450251 3.398905 4.594504 6.051670 7.766353 9.710355 11.827770 14.034497 16.221701 18.263497 20.028341 21.392826 22.255909 22.551301 22.255909 21.392826 20.028341 18.263497 16.221701 14.034497 11.827770 9.710355 7.766353 6.051670 4.594504 3.398905 2.450251 1.721432 1.178734 0.786736 0.511885 0.324706 0.200830 0.121126 0.071246 0.040875 0.022875 0.012490 0.006654 0.003459 0.001755 0.000869 0.000420 0.000198 0.000091 0.000041 0.000018 0.000008 0.000003 0.000001 0.000001 0.000000 0.000000 0.000000 0.000000 0.000000 0.000000 0.000000 0.000000 0.000000 0.000000 0.000000 0.000000 
0.000000 0.000000 0.000000 0.000000 0.000000 0.000000 0.000000 0.000000 0.000000 0.000000 0.000000 0.000000 0.000000 0.000001 0.000002 0.000005 0.000012 0.000027 0.000061 0.000136 0.000294 0.000623 0.001287 0.002595 0.005108 0.009813 0.018398 0.033659 0.060077 0.104605 0.177660 0.294283 0.475368 0.748748 1.149840 1.721432 2.512180 3.573380 4.953778 6.692468 8.810376 11.301324 14.124134 17.197517 20.399408 23.572016 26.532960 29.091762 31.069793 32.320839 32.748991 32.320839 31.069793 29.091762 26.532960 23.572016 20.399408 17.197517 14.124134 11.301324 8.810376 6.692468 4.953778 3.573380 2.512180 1.721432 1.149840 0.748748 0.475368 0.294283 0.177660 0.104605 0.060077 0.033659 0.018398 0.009813 0.005108 0.002595 0.001287 0.000623 0.000294 0.000136 0.000061 0.000027 0.000012 0.000005 0.000002 0.000001 0.000000 0.000000 0.000000 0.000000 0.000000 0.000000 0.000000 0.000000 0.000000 0.000000 0.000000 0.000000 
0.000000 0.000000 0.000000 0.000000 0.000000 0.000000 0.000000 0.000000 0.000000 0.000000 0.000000 0.000000 0.000000 0.000001 0.000003 0.000007 0.000017 0.000039 0.000089 0.000197 0.000426 0.000899 0.001855 0.003736 0.007346 0.014096 0.026400 0.048245 0.086023 0.149636 0.253901 0.420194 0.678179 1.067332 1.637834 2.450251 3.573380 5.079664 7.037842 9.502902 12.504068 16.032198 20.028694 24.378318 28.908328 33.395646 37.582605 41.200231 43.996371 45.764681 46.369830 45.764681 43.996371 41.200231 37.582605 33.395646 28.908328 24.378318 20.028694 16.032198 12.504068 9.502902 7.037842 5.079664 3.573380 2.450251 1.637834 1.067332 0.678179 0.420194 0.253901 0.149636 0.086023 0.048245 0.026400 0.014096 0.007346 0.003736 0.001855 0.000899 0.000426 0.000197 0.000089 0.000039 0.000017 0.000007 0.000003 0.000001 0.000000 0.000000 0.000000 0.000000 0.000000 0.000000 0.000000 0.000000 0.000000 0.000000 0.000000 0.000000 
0.000000 0.000000 0.000000 0.000000 0.000000 0.000000 0.000000 0.000000 0.000000 0.000000 0.000000 0.000000 0.000001 0.000002 0.000004 0.000010 0.000024 0.000055 0.000125 0.000277 0.000599 0.001264 0.002604 0.005238 0.010288 0.019721 0.036895 0.067359 0.119989 0.208530 0.353523 0.584579 0.942746 1.482602 2.273462 3.398905 4.953778 7.037842 9.745619 13.152553 17.298461 22.170228 27.686578 33.688266 39.936954 46.125138 51.897858 56.884748 60.738719 63.175798 64.009777 63.175798 60.738719 56.884748 51.897858 46.125138 39.936954 33.688266 27.686578 22.170228 17.298461 13.152553 9.745619 7.037842 4.953778 3.398905 2.273462 1.482602 0.942746 0.584579 0.353523 0.208530 0.119989 0.067359 0.036895 0.019721 0.010288 0.005238 0.002604 0.001264 0.000599 0.000277 0.000125 0.000055 0.000024 0.000010 0.000004 0.000002 0.000001 0.000000 0.000000 0.000000 0.000000 0.000000 0.000000 0.000000 0.000000 0.000000 0.000000 0.000000 
0.000000 0.000000 0.000000 0.000000 0.000000 0.000000 0.000000 0.000000 0.000000 0.000000 0.000000 0.000000 0.000001 0.000002 0.000006 0.000014 0.000033 0.000076 0.000172 0.000380 0.000820 0.001729 0.003559 0.007151 0.014030 0.026868 0.050218 0.091598 0.163025 0.283084 0.479530 0.792335 1.276861 2.006661 3.075061 4.594504 6.692468 9.502902 13.152553 17.742367 23.325278 29.883021 37.305750 45.378961 53.782072 62.101818 69.861435 76.563672 81.742675 85.017382 86.137956 85.017382 81.742675 76.563672 69.861435 62.101818 53.782072 45.378961 37.305750 29.883021 23.325278 17.742367 13.152553 9.502902 6.692468 4.594504 3.075061 2.006661 1.276861 0.792335 0.479530 0.283084 0.163025 0.091598 0.050218 0.026868 0.014030 0.007151 0.003559 0.001729 0.000820 0.000380 0.000172 0.000076 0.000033 0.000014 0.000006 0.000002 0.000001 0.000000 0.000000 0.000000 0.000000 0.000000 0.000000 0.000000 0.000000 0.000000 0.000000 0.000000 
0.000000 0.000000 0.000000 0.000000 0.000000 0.000000 0.000000 0.000000 0.000000 0.000000 0.000000 0.000000 0.000001 0.000003 0.000008 0.000019 0.000044 0.000102 0.000230 0.000507 0.001093 0.002302 0.004734 0.009505 0.018630 0.035644 0.066563 0.121310 0.215732 0.374318 0.633611 1.046192 1.684834 2.646144 4.052604 6.051670 8.810376 12.504068 17.298461 23.325278 30.653181 39.257473 48.993496 59.579628 70.595524 81.499737 91.667957 100.449294 107.234128 111.523895 112.991759 111.523895 107.234128 100.449294 91.667957 81.499737 70.595524 59.579628 48.993496 39.257473 30.653181 23.325278 17.298461 12.504068 8.810376 6.051670 4.052604 2.646144 1.684834 1.046192 0.633611 0.374318 0.215732 0.121310 0.066563 0.035644 0.018630 0.009505 0.004734 0.002302 0.001093 0.000507 0.000230 0.000102 0.000044 0.000019 0.000008 0.000003 0.000001 0.000000 0.000000 0.000000 0.000000 0.000000 0.000000 0.000000 0.000000 0.000000 0.000000 0.000000 
0.000000 0.000000 0.000000 0.000000 0.000000 0.000000 0.000000 0.000000 0.000000 0.000000 0.000000 0.000001 0.000002 0.000004 0.000010 0.000024 0.000057 0.000132 0.000299 0.000659 0.001419 0.002984 0.006131 0.012298 0.024084 0.046042 0.085912 0.156454 0.278029 0.482074 0.815467 1.345610 2.165723 3.399467 5.203516 7.766353 11.301324 16.032198 22.170228 29.883021 39.257473 50.261149 62.708445 76.239000 90.315585 104.246684 117.235328 128.450910 137.115681 142.593688 144.468079 142.593688 137.115681 128.450910 117.235328 104.246684 90.315585 76.239000 62.708445 50.261149 39.257473 29.883021 22.170228 16.032198 11.301324 7.766353 5.203516 3.399467 2.165723 1.345610 0.815467 0.482074 0.278029 0.156454 0.085912 0.046042 0.024084 0.012298 0.006131 0.002984 0.001419 0.000659 0.000299 0.000132 0.000057 0.000024 0.000010 0.000004 0.000002 0.000001 0.000000 0.000000 0.000000 0.000000 0.000000 0.000000 0.000000 0.000000 0.000000 0.000000 
0.000000 0.000000 0.000000 0.000000 0.000000 0.000000 0.000000 0.000000 0.000000 0.000000 0.000000 0.000001 0.000002 0.000005 0.000013 0.000031 0.000073 0.000168 0.000378 0.000832 0.001791 0.003765 0.007728 0.015489 0.030310 0.057902 0.107968 0.196486 0.348940 0.604649 1.022203 1.685787 2.711763 4.254387 6.508977 9.710355 14.124134 20.028694 27.686578 37.305750 48.993496 62.708445 78.218579 95.074524 112.607049 129.955274 146.127466 160.090351 170.876628 177.695479 180.028593 177.695479 170.876628 160.090351 146.127466 129.955274 112.607049 95.074524 78.218579 62.708445 48.993496 37.305750 27.686578 20.028694 14.124134 9.710355 6.508977 4.254387 2.711763 1.685787 1.022203 0.604649 0.348940 0.196486 0.107968 0.057902 0.030310 0.015489 0.007728 0.003765 0.001791 0.000832 0.000378 0.000168 0.000073 0.000031 0.000013 0.000005 0.000002 0.000001 0.000000 0.000000 0.000000 0.000000 0.000000 0.000000 0.000000 0.000000 0.000000 0.000000 
0.000000 0.000000 0.000000 0.000000 0.000000 0.000000 0.000000 0.000000 0.000000 0.000000 0.000000 0.000001 0.000003 0.000006 0.000016 0.000038 0.000089 0.000206 0.000465 0.001023 0.002201 0.004622 0.009481 0.018989 0.037134 0.070892 0.132107 0.240270 0.426452 0.738555 1.247922 2.057004 3.307323 5.186391 7.931500 11.827770 17.197517 24.378318 33.688266 45.378961 59.579628 76.239000 95.074524 115.540109 136.823253 157.879352 177.505482 194.448675 207.536195 215.809407 218.640065 215.809407 207.536195 194.448675 177.505482 157.879352 136.823253 115.540109 95.074524 76.239000 59.579628 45.378961 33.688266 24.378318 17.197517 11.827770 7.931500 5.186391 3.307323 2.057004 1.247922 0.738555 0.426452 0.240270 0.132107 0.070892 0.037134 0.018989 0.009481 0.004622 0.002201 0.001023 0.000465 0.000206 0.000089 0.000038 0.000016 0.000006 0.000003 0.000001 0.000000 0.000000 0.000000 0.000000 0.000000 0.000000 0.000000 0.000000 0.000000 0.000000 
