0.000000 0.000000 0.000000 0.000000 0.000000 0.000000 0.000000 0.000000 0.000000 0.000000 0.000000 0.000000 0.000000 0.000000 0.000000 0.000000 0.000000 0.000000 0.000000 0.000000 0.000000 0.000000 0.000000 0.000000 0.000000 0.000000 0.000000 0.000000 0.000000 0.000000 0.000000 0.000000 0.000000 0.000000 0.000000 0.000000 0.000000 0.000000 0.000000 0.000000 0.000000 0.000000 0.000000 0.000000 0.000000 0.000000 0.000000 0.000000 0.000000 0.000000 0.000000 0.000000 0.000000 0.000000 0.000000 0.000000 0.000000 0.000000 0.000000 0.000000 0.000000 0.000000 0.000000 0.000000 0.000000 0.000000 0.000000 0.000000 0.000000 0.000000 0.000000 0.000000 0.000000 0.000000 0.000000 0.000000 0.000000 0.000000 0.000000 0.000000 0.000000 0.000000 0.000000 0.000000 0.000000 0.000000 0.000000 0.000000 0.000000 0.000000 0.000000 0.000000 0.000000 0.000000 0.000000 0.000000 0.000000 0.000000 0.000000 0.000000 
0.000000 0.000000 0.000000 0.000000 0.000000 0.000000 0.000000 0.000000 0.000000 0.000000 0.000000 0.000000 0.000000 0.000000 0.000000 0.000000 0.000000 0.000000 0.000000 0.000001 0.000001 0.000001 0.000002 0.000002 0.000003 0.000005 0.000006 0.000008 0.000010 0.000013 0.000017 0.000021 0.000026 0.000032 0.000039 0.000046 0.000055 0.000064 0.000074 0.000085 0.000096 0.000107 0.000118 0.000129 0.000139 0.000149 0.000157 0.000163 0.000168 0.000171 0.000172 0.000171 0.000168 0.000163 0.000157 0.000149 0.000139 0.000129 0.000118 0.000107 0.000096 0.000085 0.000074 0.000064 0.000055 0.000046 0.000039 0.000032 0.000026 0.000021 0.000017 0.000013 0.000010 0.000008 0.000006 0.000005 0.000003 0.000002 0.000002 0.000001 0.000001 0.000001 0.000000 0.000000 0.000000 0.000000 0.000000 0.000000 0.000000 0.000000 0.000000 0.000000 0.000000 0.000000 0.000000 0.000000 0.000000 0.000000 0.000000 0.000000 
0.000000 0.000000 0.000000 0.000000 0.000000 0.000000 0.000000 0.000000 0.000000 0.000000 0.000000 0.000000 0.000000 0.000000 0.000000 0.000000 0.000000 0.000001 0.000001 0.000001 0.000002 0.000003 0.000004 0.000006 0.000008 0.000010 0.000014 0.000018 0.000024 0.000030 0.000038 0.000048 0.000060 0.000073 0.000088 0.000106 0.000125 0.000147 0.000170 0.000194 0.000219 0.000245 0.000270 0.000295 0.000318 0.000339 0.000357 0.000372 0.000383 0.000390 0.000392 0.000390 0.000383 0.000372 0.000357 0.000339 0.000318 0.000295 0.000270 0.000245 0.000219 0.000194 0.000170 0.000147 0.000125 0.000106 0.000088 0.000073 0.000060 0.000048 0.000038 0.000030 0.000024 0.000018 0.000014 0.000010 0.000008 0.000006 0.000004 0.000003 0.000002 0.000001 0.000001 0.000001 0.000000 0.000000 0.000000 0.000000 0.000000 0.000000 0.000000 0.000000 0.000000 0.000000 0.000000 0.000000 0.000000 0.000000 0.000000 0.000000 
0.000000 0.000000 0.000000 0.000000 0.000000 0.000000 0.000000 0.000000 0.000000 0.000000 0.000000 0.000000 0.000000 0.000000 0.000000 0.000001 0.000001 0.000001 0.000002 0.000003 0.000004 0.000005 0.000008 0.000010 0.000014 0.000019 0.000025 0.000033 0.000043 0.000056 0.000070 0.000088 0.000109 0.000134 0.000162 0.000194 0.000230 0.000269 0.000311 0.000356 0.000402 0.000449 0.000496 0.000541 0.000583 0.000622 0.000655 0.000683 0.000703 0.000715 0.000719 0.000715 0.000703 0.000683 0.000655 0.000622 0.000583 0.000541 0.000496 0.000449 0.000402 0.000356 0.000311 0.000269 0.000230 0.000194 0.000162 0.000134 0.000109 0.000088 0.000070 0.000056 0.000043 0.000033 0.000025 0.000019 0.000014 0.000010 0.000008 0.000005 0.000004 0.000003 0.000002 0.000001 0.000001 0.000001 0.000000 0.000000 0.000000 0.000000 0.000000 0.000000 0.000000 0.000000 0.000000 0.000000 0.000000 0.000000 0.000000 0.000000 
0.000000 0.000000 0.000000 0.000000 0.000000 0.000000 0.000000 0.000000 0.000000 0.000000 0.000000 0.000000 0.000000 0.000000 0.000001 0.000001 0.000002 0.000002 0.000003 0.000005 0.000007 0.000009 0.000013 0.000018 0.000025 0.000033 0.000044 0.000057 0.000075 0.000096 0.000121 0.000152 0.000188 0.000231 0.000280 0.000335 0.000396 0.000463 0.000536 0.000612 0.000692 0.000772 0.000853 0.000930 0.001003 0.001069 0.001127 0.001174 0.001208 0.001230 0.001237 0.001230 0.001208 0.001174 0.001127 0.001069 0.001003 0.000930 0.000853 0.000772 0.000692 0.000612 0.000536 0.000463 0.000396 0.000335 0.000280 0.000231 0.000188 0.000152 0.000121 0.000096 0.000075 0.000057 0.000044 0.000033 0.000025 0.000018 0.000013 0.000009 0.000007 0.000005 0.000003 0.000002 0.000002 0.000001 0.000001 0.000000 0.000000 0.000000 0.000000 0.000000 0.000000 0.000000 0.000000 0.000000 0.000000 0.000000 0.000000 0.000000 
0.000000 0.000000 0.000000 0.000000 0.000000 0.000000 0.000000 0.000000 0.000000 0.000000 0.000000 0.000000 0.000000 0.000001 0.000001 0.000002 0.000003 0.000004 0.000006 0.000008 0.000011 0.000016 0.000022 0.000030 0.000041 0.000055 0.000074 0.000096 0.000125 0.000161 0.000204 0.000255 0.000316 0.000387 0.000469 0.000561 0.000663 0.000776 0.000897 0.001025 0.001158 0.001293 0.001427 0.001557 0.001679 0.001789 0.001885 0.001964 0.002022 0.002057 0.002069 0.002057 0.002022 0.001964 0.001885 0.001789 0.001679 0.001557 0.001427 0.001293 0.001158 0.001025 0.000897 0.000776 0.000663 0.000561 0.000469 0.000387 0.000316 0.000255 0.000204 0.000161 0.000125 0.000096 0.000074 0.000055 0.000041 0.000030 0.000022 0.000016 0.000011 0.000008 0.000006 0.000004 0.000003 0.000002 0.000001 0.000001 0.000000 0.000000 0.000000 0.000000 0.000000 0.000000 0.000000 0.000000 0.000000 0.000000 0.000000 0.000000 
0.000000 0.000000 0.000000 0.000000 0.000000 0.000000 0.000000 0.000000 0.000000 0.000000 0.000000 0.000001 0.000001 0.000001 0.000002 0.000003 0.000004 0.000006 0.000009 0.000013 0.000019 0.000026 0.000037 0.000050 0.000068 0.000092 0.000121 0.000159 0.000207 0.000265 0.000336 0.000421 0.000521 0.000638 0.000773 0.000924 0.001094 0.001279 0.001478 0.001689 0.001907 0.002129 0.002350 0.002563 0.002764 0.002946 0.003104 0.003233 0.003328 0.003387 0.003406 0.003387 0.003328 0.003233 0.003104 0.002946 0.002764 0.002563 0.002350 0.002129 0.001907 0.001689 0.001478 0.001279 0.001094 0.000924 0.000773 0.000638 0.000521 0.000421 0.000336 0.000265 0.000207 0.000159 0.000121 0.000092 0.000068 0.000050 0.000037 0.000026 0.000019 0.000013 0.000009 0.000006 0.000004 0.000003 0.000002 0.000001 0.000001 0.000001 0.000000 0.000000 0.000000 0.000000 0.000000 0.000000 0.000000 0.000000 0.000000 0.000000 
0.000000 0.000000 0.000000 0.000000 0.000000 0.000000 0.000000 0.000000 0.000000 0.000000 0.000001 0.000001 0.000001 0.000002 0.000003 0.000005 0.000007 0.000010 0.000015 0.000022 0.000031 0.000043 0.000060 0.000082 0.000111 0.000149 0.000198 0.000260 0.000337 0.000432 0.000547 0.000686 0.000849 0.001039 0.001258 0.001505 0.001780 0.002081 0.002405 0.002747 0.003102 0.003463 0.003822 0.004169 0.004495 0.004791 0.005047 0.005256 0.005411 0.005505 0.005537 0.005505 0.005411 0.005256 0.005047 0.004791 0.004495 0.004169 0.003822 0.003463 0.003102 0.002747 0.002405 0.002081 0.001780 0.001505 0.001258 0.001039 0.000849 0.000686 0.000547 0.000432 0.000337 0.000260 0.000198 0.000149 0.000111 0.000082 0.000060 0.000043 0.000031 0.000022 0.000015 0.000010 0.000007 0.000005 0.000003 0.000002 0.000001 0.000001 0.000001 0.000000 0.000000 0.000000 0.000000 0.000000 0.000000 0.000000 0.000000 0.000000 
0.000000 0.000000 0.000000 0.000000 0.000000 0.000000 0.000000 0.000000 0.000000 0.000001 0.000001 0.000001 0.000002 0.000003 0.000005 0.000008 0.000011 0.000017 0.000024 0.000035 0.000050 0.000070 0.000097 0.000132 0.000180 0.000241 0.000320 0.000419 0.000543 0.000696 0.000882 0.001104 0.001367 0.001673 0.002025 0.002422 0.002864 0.003348 0.003868 0.004419 0.004989 0.005569 0.006145 0.006702 0.007226 0.007701 0.008113 0.008448 0.008696 0.008849 0.008900 0.008849 0.008696 0.008448 0.008113 0.007701 0.007226 0.006702 0.006145 0.005569 0.004989 0.004419 0.003868 0.003348 0.002864 0.002422 0.002025 0.001673 0.001367 0.001104 0.000882 0.000696 0.000543 0.000419 0.000320 0.000241 0.000180 0.000132 0.000097 0.000070 0.000050 0.000035 0.000024 0.000017 0.000011 0.000008 0.000005 0.000003 0.000002 0.000001 0.000001 0.000001 0.000000 0.000000 0.000000 0.000000 0.000000 0.000000 0.000000 0.000000 
0.000000 0.000000 0.000000 0.000000 0.000000 0.000000 0.000000 0.000000 0.000001 0.000001 0.000001 0.000002 0.000004 0.000005 0.000008 0.000012 0.000018 0.000027 0.000039 0.000056 0.000079 0.000111 0.000154 0.000211 0.000287 0.000385 0.000510 0.000668 0.000866 0.001109 0.001405 0.001759 0.002178 0.002665 0.003224 0.003855 0.004558 0.005327 0.006154 0.007029 0.007936 0.008857 0.009771 0.010656 0.011488 0.012243 0.012897 0.013430 0.013824 0.014066 0.014147 0.014066 0.013824 0.013430 0.012897 0.012243 0.011488 0.010656 0.009771 0.008857 0.007936 0.007029 0.006154 0.005327 0.004558 0.003855 0.003224 0.002665 0.002178 0.001759 0.001405 0.001109 0.000866 0.000668 0.000510 0.000385 0.000287 0.000211 0.000154 0.000111 0.000079 0.000056 0.000039 0.000027 0.000018 0.000012 0.000008 0.000005 0.000004 0.000002 0.000001 0.000001 0.000001 0.000000 0.000000 0.000000 0.000000 0.000000 0.000000 0.000000 
0.000000 0.000000 0.000000 0.000000 0.000000 0.000000 0.000000 0.000001 0.000001 0.000001 0.000002 0.000004 0.000006 0.000009 0.000013 0.000019 0.000029 0.000042 0.000062 0.000088 0.000125 0.000176 0.000244 0.000334 0.000453 0.000607 0.000804 0.001054 0.001365 0.001749 0.002214 0.002772 0.003430 0.004197 0.005076 0.006069 0.007174 0.008384 0.009684 0.011059 0.012485 0.013932 0.015369 0.016760 0.018067 0.019252 0.020279 0.021116 0.021735 0.022115 0.022243 0.022115 0.021735 0.021116 0.020279 0.019252 0.018067 0.016760 0.015369 0.013932 0.012485 0.011059 0.009684 0.008384 0.007174 0.006069 0.005076 0.004197 0.003430 0.002772 0.002214 0.001749 0.001365 0.001054 0.000804 0.000607 0.000453 0.000334 0.000244 0.000176 0.000125 0.000088 0.000062 0.000042 0.000029 0.000019 0.000013 0.000009 0.000006 0.000004 0.000002 0.000001 0.000001 0.000001 0.000000 0.000000 0.000000 0.000000 0.000000 0.000000 
0.000000 0.000000 0.000000 0.000000 0.000000 0.000000 0.000001 0.000001 0.000001 0.000002 0.000004 0.000006 0.000009 0.000013 0.000020 0.000030 0.000045 0.000066 0.000096 0.000138 0.000196 0.000274 0.000380 0.000521 0.000707 0.000947 0.001255 0.001644 0.002129 0.002726 0.003451 0.004319 0.005344 0.006537 0.007906 0.009451 0.011170 0.013051 0.015074 0.017211 0.019427 0.021677 0.023911 0.026072 0.028103 0.029945 0.031542 0.032842 0.033804 0.034394 0.034593 0.034394 0.033804 0.032842 0.031542 0.029945 0.028103 0.026072 0.023911 0.021677 0.019427 0.017211 0.015074 0.013051 0.011170 0.009451 0.007906 0.006537 0.005344 0.004319 0.003451 0.002726 0.002129 0.001644 0.001255 0.000947 0.000707 0.000521 0.000380 0.000274 0.000196 0.000138 0.000096 0.000066 0.000045 0.000030 0.000020 0.000013 0.000009 0.000006 0.000004 0.000002 0.000001 0.000001 0.000001 0.000000 0.000000 0.000000 0.000000 0.000000 
0.000000 0.000000 0.000000 0.000000 0.000000 0.000000 0.000001 0.000001 0.000002 0.000004 0.000006 0.000009 0.000014 0.000021 0.000031 0.000047 0.000070 0.000103 0.000149 0.000213 0.000302 0.000424 0.000588 0.000805 0.001091 0.001462 0.001937 0.002536 0.003284 0.004204 0.005321 0.006658 0.008236 0.010073 0.012178 0.014557 0.017202 0.020095 0.023207 0.026494 0.029902 0.033361 0.036795 0.040118 0.043240 0.046071 0.048525 0.050524 0.052002 0.052909 0.053215 0.052909 0.052002 0.050524 0.048525 0.046071 0.043240 0.040118 0.036795 0.033361 0.029902 0.026494 0.023207 0.020095 0.017202 0.014557 0.012178 0.010073 0.008236 0.006658 0.005321 0.004204 0.003284 0.002536 0.001937 0.001462 0.001091 0.000805 0.000588 0.000424 0.000302 0.000213 0.000149 0.000103 0.000070 0.000047 0.000031 0.000021 0.000014 0.000009 0.000006 0.000004 0.000002 0.000001 0.000001 0.000000 0.000000 0.000000 0.000000 0.000000 
0.000000 0.000000 0.000000 0.000000 0.000000 0.000001 0.000001 0.000002 0.000003 0.000005 0.000009 0.000013 0.000021 0.000032 0.000048 0.000072 0.000107 0.000157 0.000228 0.000326 0.000462 0.000648 0.000898 0.001230 0.001666 0.002232 0.002956 0.003870 0.005010 0.006412 0.008113 0.010150 0.012554 0.015350 0.018556 0.022176 0.026201 0.030604 0.035338 0.040339 0.045522 0.050784 0.056007 0.061060 0.065807 0.070111 0.073842 0.076881 0.079127 0.080507 0.080972 0.080507 0.079127 0.076881 0.073842 0.070111 0.065807 0.061060 0.056007 0.050784 0.045522 0.040339 0.035338 0.030604 0.026201 0.022176 0.018556 0.015350 0.012554 0.010150 0.008113 0.006412 0.005010 0.003870 0.002956 0.002232 0.001666 0.001230 0.000898 0.000648 0.000462 0.000326 0.000228 0.000157 0.000107 0.000072 0.000048 0.000032 0.000021 0.000013 0.000009 0.000005 0.000003 0.000002 0.000001 0.000001 0.000000 0.000000 0.000000 0.000000 
0.000000 0.000000 0.000000 0.000000 0.000001 0.000001 0.000002 0.000003 0.000005 0.000008 0.000013 0.000020 0.000031 0.000048 0.000073 0.000110 0.000162 0.000238 0.000344 0.000494 0.000699 0.000980 0.001357 0.001859 0.002517 0.003370 0.004462 0.005840 0.007559 0.009672 0.012236 0.015305 0.018925 0.023137 0.027965 0.033415 0.039474 0.046100 0.053225 0.060750 0.068548 0.076463 0.084319 0.091919 0.099059 0.105532 0.111142 0.115712 0.119090 0.121165 0.121864 0.121165 0.119090 0.115712 0.111142 0.105532 0.099059 0.091919 0.084319 0.076463 0.068548 0.060750 0.053225 0.046100 0.039474 0.033415 0.027965 0.023137 0.018925 0.015305 0.012236 0.009672 0.007559 0.005840 0.004462 0.003370 0.002517 0.001859 0.001357 0.000980 0.000699 0.000494 0.000344 0.000238 0.000162 0.000110 0.000073 0.000048 0.000031 0.000020 0.000013 0.000008 0.000005 0.000003 0.000002 0.000001 0.000001 0.000000 0.000000 0.000000 
0.000000 0.000000 0.000000 0.000001 0.000001 0.000002 0.000003 0.000005 0.000008 0.000012 0.000019 0.000030 0.000047 0.000072 0.000110 0.000164 0.000243 0.000356 0.000515 0.000738 0.001046 0.001464 0.002028 0.002777 0.003759 0.005033 0.006661 0.008717 0.011280 0.014430 0.018252 0.022824 0.028218 0.034492 0.041682 0.049799 0.058819 0.068683 0.079288 0.090487 0.102091 0.113869 0.125557 0.136864 0.147485 0.157114 0.165459 0.172255 0.177280 0.180365 0.181406 0.180365 0.177280 0.172255 0.165459 0.157114 0.147485 0.136864 0.125557 0.113869 0.102091 0.090487 0.079288 0.068683 0.058819 0.049799 0.041682 0.034492 0.028218 0.022824 0.018252 0.014430 0.011280 0.008717 0.006661 0.005033 0.003759 0.002777 0.002028 0.001464 0.001046 0.000738 0.000515 0.000356 0.000243 0.000164 0.000110 0.000072 0.000047 0.000030 0.000019 0.000012 0.000008 0.000005 0.000003 0.000002 0.000001 0.000001 0.000000 0.000000 
0.000000 0.000000 0.000000 0.000001 0.000002 0.000003 0.000004 0.000007 0.000011 0.000018 0.000029 0.000045 0.000070 0.000107 0.000162 0.000243 0.000360 0.000527 0.000763 0.001092 0.001546 0.002165 0.002997 0.004103 0.005554 0.007433 0.009835 0.012869 0.016647 0.021292 0.026926 0.033664 0.041613 0.050856 0.061447 0.073401 0.086685 0.101208 0.116820 0.133306 0.150386 0.167720 0.184919 0.201557 0.217184 0.231351 0.243628 0.253627 0.261019 0.265557 0.267088 0.265557 0.261019 0.253627 0.243628 0.231351 0.217184 0.201557 0.184919 0.167720 0.150386 0.133306 0.116820 0.101208 0.086685 0.073401 0.061447 0.050856 0.041613 0.033664 0.026926 0.021292 0.016647 0.012869 0.009835 0.007433 0.005554 0.004103 0.002997 0.002165 0.001546 0.001092 0.000763 0.000527 0.000360 0.000243 0.000162 0.000107 0.000070 0.000045 0.000029 0.000018 0.000011 0.000007 0.000004 0.000003 0.000002 0.000001 0.000000 0.000000 
0.000000 0.000000 0.000001 0.000001 0.000002 0.000004 0.000006 0.000010 0.000017 0.000027 0.000042 0.000066 0.000103 0.000157 0.000238 0.000356 0.000527 0.000771 0.001116 0.001598 0.002262 0.003166 0.004381 0.005996 0.008114 0.010856 0.014362 0.018787 0.024298 0.031071 0.039285 0.049107 0.060692 0.074160 0.089590 0.107003 0.126350 0.147500 0.170233 0.194234 0.219098 0.244330 0.269364 0.293577 0.316319 0.336935 0.354800 0.369349 0.380105 0.386708 0.388935 0.386708 0.380105 0.369349 0.354800 0.336935 0.316319 0.293577 0.269364 0.244330 0.219098 0.194234 0.170233 0.147500 0.126350 0.107003 0.089590 0.074160 0.060692 0.049107 0.039285 0.031071 0.024298 0.018787 0.014362 0.010856 0.008114 0.005996 0.004381 0.003166 0.002262 0.001598 0.001116 0.000771 0.000527 0.000356 0.000238 0.000157 0.000103 0.000066 0.000042 0.000027 0.000017 0.000010 0.000006 0.000004 0.000002 0.000001 0.000001 0.000000 
0.000000 0.000000 0.000001 0.000002 0.000003 0.000006 0.000009 0.000015 0.000024 0.000039 0.000062 0.000096 0.000149 0.000228 0.000344 0.000515 0.000763 0.001116 0.001615 0.002312 0.003271 0.004577 0.006333 0.008665 0.011722 0.015681 0.020740 0.027124 0.035074 0.044842 0.056685 0.070846 0.087543 0.106953 0.129186 0.154272 0.182141 0.212603 0.245341 0.279903 0.315701 0.352027 0.388065 0.422919 0.455653 0.485325 0.511036 0.531973 0.547452 0.556956 0.560160 0.556956 0.547452 0.531973 0.511036 0.485325 0.455653 0.422919 0.388065 0.352027 0.315701 0.279903 0.245341 0.212603 0.182141 0.154272 0.129186 0.106953 0.087543 0.070846 0.056685 0.044842 0.035074 0.027124 0.020740 0.015681 0.011722 0.008665 0.006333 0.004577 0.003271 0.002312 0.001615 0.001116 0.000763 0.000515 0.000344 0.000228 0.000149 0.000096 0.000061 0.000039 0.000024 0.000015 0.000009 0.000006 0.000003 0.000002 0.000001 0.000000 
0.000000 0.000001 0.000001 0.000003 0.000005 0.000008 0.000013 0.000022 0.000035 0.000056 0.000088 0.000138 0.000213 0.000326 0.000494 0.000738 0.001092 0.001598 0.002312 0.003307 0.004678 0.006544 0.009053 0.012383 0.016749 0.022399 0.029620 0.038729 0.050070 0.064002 0.080890 0.101080 0.124882 0.152546 0.184229 0.219974 0.259677 0.303069 0.349698 0.398920 0.449898 0.501622 0.552931 0.602552 0.649151 0.691389 0.727987 0.757788 0.779821 0.793347 0.797907 0.793347 0.779821 0.757788 0.727987 0.691389 0.649151 0.602552 0.552931 0.501622 0.449898 0.398920 0.349698 0.303069 0.259677 0.219974 0.184229 0.152546 0.124882 0.101080 0.080890 0.064002 0.050070 0.038729 0.029620 0.022399 0.016749 0.012383 0.009053 0.006544 0.004678 0.003307 0.002312 0.001598 0.001092 0.000738 0.000494 0.000326 0.000213 0.000138 0.000088 0.000056 0.000035 0.000022 0.000013 0.000008 0.000005 0.000003 0.000001 0.000000 
0.000000 0.000001 0.000002 0.000004 0.000007 0.000011 0.000019 0.000031 0.000050 0.000079 0.000125 0.000196 0.000302 0.000462 0.000699 0.001046 0.001546 0.002262 0.003271 0.004678 0.006616 0.009253 0.012797 0.017500 0.023665 0.031642 0.041833 0.054687 0.070686 0.090339 0.114155 0.142623 0.176180 0.215174 0.259827 0.310197 0.366138 0.427270 0.492954 0.562282 0.634078 0.706918 0.779168 0.849036 0.914645 0.974111 1.025634 1.067588 1.098603 1.117643 1.124063 1.117643 1.098603 1.067588 1.025634 0.974111 0.914645 0.849036 0.779168 0.706918 0.634078 0.562282 0.492954 0.427270 0.366138 0.310197 0.259827 0.215174 0.176180 0.142623 0.114155 0.090339 0.070686 0.054687 0.041833 0.031642 0.023665 0.017500 0.012797 0.009253 0.006616 0.004678 0.003271 0.002262 0.001546 0.001046 0.000699 0.000462 0.000302 0.000196 0.000125 0.000079 0.000050 0.000031 0.000019 0.000011 0.000007 0.000004 0.000002 0.000000 
0.000000 0.000001 0.000003 0.000005 0.000009 0.000016 0.000026 0.000043 0.000070 0.000111 0.000176 0.000274 0.000424 0.000648 0.000980 0.001464 0.002165 0.003166 0.004577 0.006544 0.009253 0.012938 0.017889 0.024458 0.033065 0.044202 0.058427 0.076363 0.098686 0.126100 0.159316 0.199014 0.245800 0.300159 0.362398 0.432596 0.510547 0.595722 0.687229 0.783803 0.883806 0.985254 1.085872 1.183167 1.274525 1.357325 1.429063 1.487474 1.530655 1.557164 1.566102 1.557164 1.530655 1.487474 1.429063 1.357325 1.274525 1.183167 1.085872 0.985254 0.883806 0.783803 0.687229 0.595722 0.510547 0.432596 0.362398 0.300159 0.245800 0.199014 0.159316 0.126100 0.098686 0.076363 0.058427 0.044202 0.033065 0.024458 0.017889 0.012938 0.009253 0.006544 0.004577 0.003166 0.002165 0.001464 0.000980 0.000648 0.000424 0.000274 0.000176 0.000111 0.000070 0.000043 0.000026 0.000016 0.000009 0.000005 0.000002 0.000000 
0.000000 0.000002 0.000004 0.000008 0.000013 0.000022 0.000037 0.000060 0.000097 0.000154 0.000244 0.000380 0.000588 0.000898 0.001357 0.002028 0.002997 0.004381 0.006333 0.009053 0.012797 0.017889 0.024728 0.033801 0.045686 0.061061 0.080696 0.105448 0.136248 0.174066 0.219880 0.274625 0.339136 0.414076 0.499869 0.596619 0.704043 0.821407 0.947484 1.080529 1.218285 1.358020 1.496602 1.630598 1.756410 1.870432 1.969216 2.049646 2.109104 2.145604 2.157911 2.145604 2.109104 2.049646 1.969216 1.870432 1.756410 1.630598 1.496602 1.358020 1.218285 1.080529 0.947484 0.821407 0.704043 0.596619 0.499869 0.414076 0.339136 0.274625 0.219880 0.174066 0.136248 0.105448 0.080696 0.061061 0.045686 0.033801 0.024728 0.017889 0.012797 0.009053 0.006333 0.004381 0.002997 0.002028 0.001357 0.000898 0.000588 0.000380 0.000243 0.000154 0.000097 0.000060 0.000036 0.000022 0.000013 0.000007 0.000003 0.000000 
0.000000 0.000002 0.000006 0.000010 0.000018 0.000030 0.000050 0.000082 0.000132 0.000211 0.000334 0.000521 0.000805 0.001230 0.001859 0.002777 0.004103 0.005996 0.008665 0.012383 0.017500 0.024458 0.033801 0.046192 0.062422 0.083412 0.110212 0.143993 0.186017 0.237609 0.300099 0.374759 0.462724 0.564896 0.681848 0.813720 0.960124 1.120058 1.291847 1.473113 1.660780 1.851129 2.039894 2.222400 2.393751 2.549037 2.683564 2.793094 2.874060 2.923764 2.940523 2.923764 2.874060 2.793094 2.683564 2.549037 2.393751 2.222400 2.039894 1.851129 1.660780 1.473113 1.291847 1.120058 0.960124 0.813720 0.681848 0.564896 0.462724 0.374759 0.300099 0.237609 0.186017 0.143993 0.110212 0.083412 0.062422 0.046192 0.033801 0.024458 0.017500 0.012383 0.008665 0.005996 0.004103 0.002777 0.001859 0.001230 0.000805 0.000521 0.000334 0.000211 0.000132 0.000082 0.000050 0.000030 0.000018 0.000010 0.000004 0.000000 
0.000000 0.000003 0.000008 0.000014 0.000025 0.000041 0.000068 0.000111 0.000180 0.000287 0.000453 0.000707 0.001091 0.001666 0.002517 0.003759 0.005554 0.008114 0.011722 0.016749 0.023665 0.033065 0.045686 0.062422 0.084337 0.112674 0.148849 0.194437 0.251141 0.320742 0.405032 0.505724 0.624340 0.762097 0.919760 1.097516 1.294837 1.510370 1.741857 1.986091 2.238929 2.495362 2.749642 2.995477 3.226272 3.435419 3.616602 3.764113 3.873153 3.940090 3.962659 3.940090 3.873153 3.764113 3.616602 3.435419 3.226272 2.995477 2.749642 2.495362 2.238929 1.986091 1.741857 1.510370 1.294837 1.097516 0.919760 0.762097 0.624340 0.505724 0.405032 0.320742 0.251141 0.194437 0.148849 0.112674 0.084337 0.062422 0.045686 0.033065 0.023665 0.016749 0.011722 0.008114 0.005554 0.003759 0.002517 0.001666 0.001091 0.000707 0.000453 0.000287 0.000180 0.000111 0.000068 0.000041 0.000024 0.000013 0.000006 0.000000 
0.000000 0.000005 0.000010 0.000019 0.000033 0.000055 0.000092 0.000149 0.000241 0.000385 0.000607 0.000947 0.001462 0.002232 0.003370 0.005033 0.007433 0.010856 0.015681 0.022399 0.031642 0.044202 0.061061 0.083412 0.112674 0.150504 0.198789 0.259627 0.335287 0.428141 0.540574 0.674865 0.833040 1.016714 1.226905 1.463854 1.726854 2.014099 2.322576 2.648011 2.984884 3.326520 3.665267 3.992743 4.300171 4.578749 4.820070 5.016538 5.161763 5.250912 5.280970 5.250912 5.161763 5.016538 4.820070 4.578749 4.300171 3.992743 3.665267 3.326520 2.984884 2.648011 2.322576 2.014099 1.726854 1.463854 1.226905 1.016714 0.833040 0.674865 0.540574 0.428141 0.335287 0.259627 0.198789 0.150504 0.112674 0.083412 0.061061 0.044202 0.031642 0.022399 0.015681 0.010856 0.007433 0.005033 0.003370 0.002232 0.001462 0.000947 0.000607 0.000385 0.000241 0.000149 0.000091 0.000055 0.000032 0.000018 0.000008 0.000000 
0.000000 0.000006 0.000014 0.000025 0.000044 0.000074 0.000121 0.000198 0.000320 0.000510 0.000804 0.001255 0.001937 0.002956 0.004462 0.006661 0.009835 0.014362 0.020740 0.029620 0.041833 0.058427 0.080696 0.110212 0.148849 0.198789 0.262519 0.342805 0.442635 0.565132 0.713437 0.890547 1.099131 1.341309 1.618415 1.930764 2.277418 2.655990 3.062508 3.491337 3.935203 4.385314 4.831588 5.262991 5.667963 6.034915 6.352781 6.611558 6.802838 6.920257 6.959845 6.920257 6.802838 6.611558 6.352781 6.034915 5.667963 5.262991 4.831588 4.385314 3.935203 3.491337 3.062508 2.655990 2.277418 1.930764 1.618415 1.341309 1.099131 0.890547 0.713437 0.565132 0.442635 0.342805 0.262519 0.198789 0.148849 0.110212 0.080696 0.058427 0.041833 0.029620 0.020740 0.014362 0.009835 0.006661 0.004462 0.002956 0.001937 0.001255 0.000804 0.000510 0.000320 0.000198 0.000121 0.000073 0.000043 0.000023 0.000010 0.000000 
0.000000 0.000008 0.000018 0.000033 0.000057 0.000096 0.000159 0.000260 0.000419 0.000668 0.001054 0.001644 0.002536 0.003870 0.005840 0.008717 0.012869 0.018787 0.027124 0.038729 0.054687 0.076363 0.105448 0.143993 0.194437 0.259627 0.342805 0.447574 0.577826 0.737630 0.931073 1.162058 1.434056 1.749821 2.111088 2.518257 2.970097 3.463496 3.993269 4.552073 5.130429 5.716881 6.298300 6.860313 7.387867 7.865874 8.279925 8.616998 8.866147 9.019087 9.070652 9.019087 8.866147 8.616998 8.279925 7.865874 7.387867 6.860313 6.298300 5.716881 5.130429 4.552073 3.993269 3.463496 2.970097 2.518257 2.111088 1.749821 1.434056 1.162058 0.931073 0.737630 0.577826 0.447574 0.342805 0.259627 0.194437 0.143993 0.105448 0.076363 0.054687 0.038729 0.027124 0.018787 0.012869 0.008717 0.005840 0.003870 0.002536 0.001644 0.001054 0.000668 0.000419 0.000260 0.000159 0.000096 0.000056 0.000031 0.000014 0.000000 
0.000000 0.000010 0.000024 0.000043 0.000075 0.000125 0.000207 0.000337 0.000543 0.000866 0.001365 0.002129 0.003284 0.005010 0.007559 0.011280 0.016647 0.024298 0.035074 0.050070 0.070686 0.098686 0.136248 0.186017 0.251141 0.335287 0.442635 0.577826 0.745875 0.952022 1.201529 1.499421 1.850162 2.257294 2.723042 3.247912 3.830310 4.466217 5.148947 5.869034 6.614261 7.369873 8.118955 8.842998 9.522616 10.138382 10.671741 11.105932 11.426859 11.623857 11.690276 11.623857 11.426859 11.105932 10.671741 10.138382 9.522616 8.842998 8.118955 7.369873 6.614261 5.869034 5.148947 4.466217 3.830310 3.247912 2.723042 2.257294 1.850162 1.499421 1.201529 0.952022 0.745875 0.577826 0.442635 0.335287 0.251141 0.186017 0.136248 0.098686 0.070686 0.050070 0.035074 0.024298 0.016647 0.011280 0.007559 0.005010 0.003284 0.002129 0.001365 0.000866 0.000543 0.000337 0.000206 0.000124 0.000073 0.000040 0.000018 0.000000 
0.000000 0.000013 0.000030 0.000056 0.000096 0.000161 0.000265 0.000432 0.000696 0.001109 0.001749 0.002726 0.004204 0.006412 0.009672 0.014430 0.021292 0.031071 0.044842 0.064002 0.090339 0.126100 0.174066 0.237609 0.320742 0.428141 0.565132 0.737630 0.952022 1.214982 1.533212 1.913106 2.360344 2.879430 3.473188 4.142251 4.884577 5.695036 6.565099 7.482701 8.432275 9.395021 10.349393 11.271819 12.137609 12.922028 13.601448 14.154528 14.563324 14.814255 14.898858 14.814255 14.563324 14.154528 13.601448 12.922028 12.137609 11.271819 10.349393 9.395021 8.432275 7.482701 6.565099 5.695036 4.884577 4.142251 3.473188 2.879430 2.360344 1.913106 1.533212 1.214982 0.952022 0.737630 0.565132 0.428141 0.320742 0.237609 0.174066 0.126100 0.090339 0.064002 0.044842 0.031071 0.021292 0.014430 0.009672 0.006412 0.004204 0.002726 0.001749 0.001109 0.000696 0.000431 0.000264 0.000159 0.000093 0.000051 0.000023 0.000000 
0.000000 0.000017 0.000038 0.000070 0.000121 0.000204 0.000336 0.000547 0.000882 0.001405 0.002214 0.003451 0.005321 0.008113 0.012236 0.018252 0.026926 0.039285 0.056685 0.080890 0.114155 0.159316 0.219880 0.300099 0.405032 0.540574 0.713437 0.931073 1.201529 1.533212 1.934560 2.413620 2.977540 3.631983 4.380494 5.223857 6.159488 7.180906 8.277361 9.433642 10.630133 11.843148 13.045550 14.207647 15.298349 16.286505 17.142365 17.839059 18.353995 18.670075 18.776642 18.670075 18.353995 17.839059 17.142365 16.286505 15.298349 14.207647 13.045550 11.843148 10.630133 9.433642 8.277361 7.180906 6.159488 5.223857 4.380494 3.631983 2.977540 2.413620 1.934560 1.533212 1.201529 0.931073 0.713437 0.540574 0.405032 0.300099 0.219880 0.159316 0.114155 0.080890 0.056685 0.039285 0.026926 0.018252 0.012236 0.008113 0.005321 0.003451 0.002214 0.001405 0.000881 0.000547 0.000335 0.000202 0.000118 0.000065 0.000029 0.000000 
0.000000 0.000021 0.000048 0.000088 0.000152 0.000255 0.000421 0.000686 0.001104 0.001759 0.002772 0.004319 0.006658 0.010150 0.015305 0.022824 0.033664 0.049107 0.070846 0.101080 0.142623 0.199014 0.274625 0.374759 0.505724 0.674865 0.890547 1.162058 1.499421 1.913106 2.413620 3.010980 3.714081 4.529964 5.463031 6.514243 7.680362 8.953303 10.319658 11.760467 13.251288 14.762615 16.260640 17.708387 19.067135 20.298094 21.364221 22.232059 22.873477 23.267191 23.399932 23.267191 22.873477 22.232059 21.364221 20.298094 19.067135 17.708387 16.260640 14.762615 13.251288 11.760467 10.319658 8.953303 7.680362 6.514243 5.463031 4.529964 3.714081 3.010980 2.413620 1.913106 1.499421 1.162058 0.890547 0.674865 0.505724 0.374759 0.274625 0.199014 0.142623 0.101080 0.070846 0.049107 0.033664 0.022824 0.015305 0.010150 0.006658 0.004319 0.002772 0.001759 0.001104 0.000685 0.000420 0.000253 0.000148 0.000081 0.000036 0.000000 
0.000000 0.000026 0.000060 0.000109 0.000188 0.000316 0.000521 0.000849 0.001367 0.002178 0.003430 0.005344 0.008236 0.012554 0.018925 0.028218 0.041613 0.060692 0.087543 0.124882 0.176180 0.245800 0.339136 0.462724 0.624340 0.833040 1.099131 1.434056 1.850162 2.360344 2.977540 3.714081 4.580912 5.586691 6.736824 8.032477 9.469641 11.038339 12.722037 14.497367 16.334214 18.196225 20.041760 21.825276 23.499089 25.015433 26.328696 27.397680 28.187754 28.672710 28.836212 28.672710 28.187754 27.397680 26.328696 25.015433 23.499089 21.825276 20.041760 18.196225 16.334214 14.497367 12.722037 11.038339 9.469641 8.032477 6.736824 5.586691 4.580912 3.714081 2.977540 2.360344 1.850162 1.434056 1.099131 0.833040 0.624340 0.462724 0.339136 0.245800 0.176180 0.124882 0.087543 0.060692 0.041613 0.028218 0.018925 0.012554 0.008236 0.005344 0.003430 0.002177 0.001367 0.000848 0.000520 0.000313 0.000184 0.000101 0.000044 0.000000 
0.000000 0.000032 0.000073 0.000134 0.000231 0.000387 0.000638 0.001039 0.001673 0.002665 0.004197 0.006537 0.010073 0.015350 0.023137 0.034492 0.050856 0.074160 0.106953 0.152546 0.215174 0.300159 0.414076 0.564896 0.762097 1.016714 1.341309 1.749821 2.257294 2.879430 3.631983 4.529964 5.586691 6.812695 8.214539 9.793623 11.545042 13.456620 15.508200 17.671302 19.909232 22.177706 24.426005 26.598662 28.637608 30.484679 32.084332 33.386411 34.348747 34.939434 35.138581 34.939434 34.348747 33.386411 32.084332 30.484679 28.637608 26.598662 24.426005 22.177706 19.909232 17.671302 15.508200 13.456620 11.545042 9.793623 8.214539 6.812695 5.586691 4.529964 3.631983 2.879430 2.257294 1.749821 1.341309 1.016714 0.762097 0.564896 0.414076 0.300159 0.215174 0.152546 0.106953 0.074160 0.050856 0.034492 0.023137 0.015350 0.010073 0.006537 0.004197 0.002664 0.001673 0.001038 0.000636 0.000384 0.000225 0.000123 0.000054 0.000000 
0.000000 0.000039 0.000088 0.000162 0.000280 0.000469 0.000773 0.001258 0.002025 0.003224 0.005076 0.007906 0.012178 0.018556 0.027965 0.041682 0.061447 0.089590 0.129186 0.184229 0.259827 0.362398 0.499869 0.681848 0.919760 1.226905 1.618415 2.111088 2.723042 3.473188 4.380494 5.463031 6.736824 8.214539 9.904060 11.807046 13.917567 16.220930 18.692836 21.298962 23.995101 26.727907 29.436292 32.053455 34.509469 36.734295 38.661057 40.229364 41.388447 42.099891 42.339750 42.099891 41.388447 40.229364 38.661057 36.734295 34.509469 32.053455 29.436292 26.727907 23.995101 21.298962 18.692836 16.220930 13.917567 11.807046 9.904060 8.214539 6.736824 5.463031 4.380494 3.473188 2.723042 2.111088 1.618415 1.226905 0.919760 0.681848 0.499869 0.362398 0.259827 0.184229 0.129186 0.089590 0.061447 0.041682 0.027965 0.018556 0.012178 0.007905 0.005076 0.003223 0.002024 0.001257 0.000770 0.000464 0.000272 0.000149 0.000066 0.000000 
0.000000 0.000046 0.000106 0.000194 0.000335 0.000561 0.000924 0.001505 0.002422 0.003855 0.006069 0.009451 0.014557 0.022176 0.033415 0.049799 0.073401 0.107003 0.154272 0.219974 0.310197 0.432596 0.596619 0.813720 1.097516 1.463854 1.930764 2.518257 3.247912 4.142251 5.223857 6.514243 8.032477 9.793623 11.807046 14.074696 16.589481 19.333874 22.278909 25.383688 28.595544 31.850933 35.077101 38.194496 41.119848 43.769762 46.064610 47.932491 49.312960 50.160283 50.445952 50.160283 49.312960 47.932491 46.064610 43.769762 41.119848 38.194496 35.077101 31.850933 28.595544 25.383688 22.278909 19.333874 16.589481 14.074696 11.807046 9.793623 8.032477 6.514243 5.223857 4.142251 3.247912 2.518257 1.930764 1.463854 1.097516 0.813720 0.596619 0.432596 0.310197 0.219974 0.154272 0.107003 0.073401 0.049799 0.033415 0.022176 0.014557 0.009451 0.006069 0.003855 0.002421 0.001503 0.000922 0.000556 0.000326 0.000179 0.000079 0.000000 
0.000000 0.000055 0.000125 0.000230 0.000396 0.000663 0.001094 0.001780 0.002864 0.004558 0.007174 0.011170 0.017202 0.026201 0.039474 0.058819 0.086685 0.126350 0.182141 0.259677 0.366138 0.510547 0.704043 0.960124 1.294837 1.726854 2.277418 2.970097 3.830310 4.884577 6.159488 7.680362 9.469641 11.545042 13.917567 16.589481 19.552400 22.785655 26.255103 29.912555 33.695969 37.530502 41.330472 45.002199 48.447633 51.568581 54.271292 56.471114 58.096885 59.094764 59.431191 59.094764 58.096885 56.471114 54.271292 51.568581 48.447633 45.002199 41.330472 37.530502 33.695969 29.912555 26.255103 22.785655 19.552400 16.589481 13.917567 11.545042 9.469641 7.680362 6.159488 4.884577 3.830310 2.970097 2.277418 1.726854 1.294837 0.960124 0.704043 0.510547 0.366138 0.259677 0.182141 0.126350 0.086685 0.058819 0.039474 0.026201 0.017202 0.011170 0.007174 0.004557 0.002863 0.001778 0.001090 0.000658 0.000386 0.000212 0.000093 0.000000 
0.000000 0.000064 0.000147 0.000269 0.000463 0.000776 0.001279 0.002081 0.003348 0.005327 0.008384 0.013051 0.020095 0.030604 0.046100 0.068683 0.101208 0.147500 0.212603 0.303069 0.427270 0.595722 0.821407 1.120058 1.510370 2.014099 2.655990 3.463496 4.466217 5.695036 7.180906 8.953303 11.038339 13.456620 16.220930 19.333874 22.785655 26.552169 30.593625 34.853881 39.260671 43.726827 48.152570 52.428818 56.441405 60.076007 63.223476 65.785260 67.678516 68.840565 69.232339 68.840565 67.678516 65.785260 63.223476 60.076007 56.441405 52.428818 48.152570 43.726827 39.260671 34.853881 30.593625 26.552169 22.785655 19.333874 16.220930 13.456620 11.038339 8.953303 7.180906 5.695036 4.466217 3.463496 2.655990 2.014099 1.510370 1.120058 0.821407 0.595722 0.427270 0.303069 0.212603 0.147500 0.101208 0.068683 0.046100 0.030604 0.020095 0.013050 0.008383 0.005326 0.003347 0.002079 0.001275 0.000769 0.000451 0.000248 0.000109 0.000000 
0.000000 0.000074 0.000170 0.000311 0.000536 0.000897 0.001478 0.002405 0.003868 0.006154 0.009684 0.015074 0.023207 0.035338 0.053225 0.079288 0.116820 0.170233 0.245341 0.349698 0.492954 0.687229 0.947484 1.291847 1.741857 2.322576 3.062508 3.993269 5.148947 6.565099 8.277361 10.319658 12.722037 15.508200 18.692836 22.278909 26.255103 30.593625 35.248624 40.155427 45.230798 50.374358 55.471207 60.395749 65.016542 69.201964 72.826364 75.776288 77.956371 79.294460 79.745582 79.294460 77.956371 75.776288 72.826364 69.201964 65.016542 60.395749 55.471207 50.374358 45.230798 40.155427 35.248624 30.593625 26.255103 22.278909 18.692836 15.508200 12.722037 10.319658 8.277361 6.565099 5.148947 3.993269 3.062508 2.322576 1.741857 1.291847 0.947484 0.687229 0.492954 0.349698 0.245341 0.170233 0.116820 0.079288 0.053225 0.035338 0.023207 0.015074 0.009684 0.006154 0.003867 0.002402 0.001473 0.000889 0.000521 0.000286 0.000126 0.000000 
0.000000 0.000085 0.000194 0.000356 0.000612 0.001025 0.001689 0.002747 0.004419 0.007029 0.011059 0.017211 0.026494 0.040339 0.060750 0.090487 0.133306 0.194234 0.279903 0.398920 0.562282 0.783803 1.080529 1.473113 1.986091 2.648011 3.491337 4.552073 5.869034 7.482701 9.433642 11.760467 14.497367 17.671302 21.298962 25.383688 29.912555 34.853881 40.155427 45.743526 51.523388 57.380706 63.184658 68.792249 74.053835 78.819581 82.946447 86.305287 88.787547 90.311095 90.824741 90.311095 88.787547 86.305287 82.946447 78.819581 74.053835 68.792249 63.184658 57.380706 51.523388 45.743526 40.155427 34.853881 29.912555 25.383688 21.298962 17.671302 14.497367 11.760467 9.433642 7.482701 5.869034 4.552073 3.491337 2.648011 1.986091 1.473113 1.080529 0.783803 0.562282 0.398920 0.279903 0.194234 0.133306 0.090487 0.060750 0.040339 0.026494 0.017211 0.011059 0.007028 0.004417 0.002744 0.001684 0.001016 0.000596 0.000327 0.000144 0.000000 
0.000000 0.000096 0.000219 0.000402 0.000692 0.001158 0.001907 0.003102 0.004989 0.007936 0.012485 0.019427 0.029902 0.045522 0.068548 0.102091 0.150386 0.219098 0.315701 0.449898 0.634078 0.883806 1.218285 1.660780 2.238929 2.984884 3.935203 5.130429 6.614261 8.432275 10.630133 13.251288 16.334214 19.909232 23.995101 28.595544 33.695969 39.260671 45.230798 51.523388 58.031696 64.627022 71.162079 77.475884 83.399984 88.765711 93.412057 97.193652 99.988312 101.703593 102.281878 101.703593 99.988312 97.193652 93.412057 88.765711 83.399984 77.475884 71.162079 64.627022 58.031696 51.523388 45.230798 39.260671 33.695969 28.595544 23.995101 19.909232 16.334214 13.251288 10.630133 8.432275 6.614261 5.130429 3.935203 2.984884 2.238929 1.660780 1.218285 0.883806 0.634078 0.449898 0.315701 0.219098 0.150386 0.102091 0.068547 0.045522 0.029901 0.019427 0.012484 0.007935 0.004988 0.003099 0.001901 0.001147 0.000673 0.000370 0.000163 0.000000 
0.000000 0.000107 0.000245 0.000449 0.000772 0.001293 0.002129 0.003463 0.005569 0.008857 0.013932 0.021677 0.033361 0.050784 0.076463 0.113869 0.167720 0.244330 0.352027 0.501622 0.706918 0.985254 1.358020 1.851129 2.495362 3.326520 4.385314 5.716881 7.369873 9.395021 11.843148 14.762615 18.196225 22.177706 26.727907 31.850933 37.530502 43.726827 50.374358 57.380706 64.627022 71.970020 79.245737 86.274971 92.870213 98.843726 104.016299 108.226138 111.337251 113.246751 113.890513 113.246751 111.337251 108.226138 104.016299 98.843726 92.870213 86.274971 79.245737 71.970020 64.627022 57.380706 50.374358 43.726827 37.530502 31.850933 26.727907 22.177706 18.196225 14.762615 11.843148 9.395021 7.369873 5.716881 4.385314 3.326520 2.495362 1.851129 1.358020 0.985254 0.706918 0.501622 0.352027 0.244330 0.167720 0.113869 0.076463 0.050784 0.033361 0.021677 0.013931 0.008856 0.005567 0.003460 0.002123 0.001281 0.000752 0.000413 0.000182 0.000000 
0.000000 0.000118 0.000270 0.000496 0.000853 0.001427 0.002350 0.003822 0.006145 0.009771 0.015369 0.023911 0.036795 0.056007 0.084319 0.125557 0.184919 0.269364 0.388065 0.552931 0.779168 1.085872 1.496602 2.039894 2.749642 3.665267 4.831588 6.298300 8.118955 10.349393 13.045550 16.260640 20.041760 24.426005 29.436292 35.077101 41.330472 48.152570 55.471207 63.184658 71.162079 79.245737 87.255148 94.993069 102.253117 108.828667 114.522485 119.156507 122.581071 124.682946 125.391562 124.682946 122.581071 119.156507 114.522485 108.828667 102.253117 94.993069 87.255148 79.245737 71.162079 63.184658 55.471207 48.152570 41.330472 35.077101 29.436292 24.426005 20.041760 16.260640 13.045550 10.349393 8.118955 6.298300 4.831588 3.665267 2.749642 2.039894 1.496602 1.085872 0.779168 0.552931 0.388065 0.269364 0.184919 0.125557 0.084319 0.056006 0.036795 0.023910 0.015368 0.009770 0.006143 0.003818 0.002343 0.001414 0.000830 0.000456 0.000201 0.000000 
