0.000000 0.000000 0.000000 0.000000 0.000000 0.000000 0.000000 0.000000 0.000000 0.000000 0.000000 0.000000 0.000000 0.000000 0.000000 0.000000 0.000000 0.000000 0.000000 0.000000 0.000000 0.000000 0.000000 0.000000 0.000000 0.000000 0.000000 0.000000 0.000000 0.000000 0.000000 0.000000 0.000000 0.000000 0.000000 0.000000 0.000000 0.000000 0.000000 0.000000 0.000000 0.000000 0.000000 0.000000 0.000000 0.000000 0.000000 0.000000 0.000000 0.000000 0.000000 0.000000 0.000000 0.000000 0.000000 0.000000 0.000000 0.000000 0.000000 0.000000 0.000000 0.000000 0.000000 0.000000 0.000000 0.000000 0.000000 0.000000 0.000000 0.000000 0.000000 0.000000 0.000000 0.000000 0.000000 0.000000 0.000000 0.000000 0.000000 0.000000 0.000000 0.000000 0.000000 0.000000 0.000000 0.000000 0.000000 0.000000 0.000000 0.000000 0.000000 0.000000 0.000000 0.000000 0.000000 0.000000 0.000000 0.000000 0.000000 0.000000 
0.000000 0.000000 0.000000 0.000000 0.000000 0.000000 0.000000 0.000000 0.000000 0.000000 0.000000 0.000000 0.000000 0.000000 0.000000 0.000000 0.000001 0.000001 0.000001 0.000002 0.000002 0.000003 0.000005 0.000006 0.000008 0.000011 0.000014 0.000019 0.000024 0.000030 0.000038 0.000047 0.000057 0.000069 0.000083 0.000098 0.000115 0.000134 0.000153 0.000174 0.000195 0.000216 0.000237 0.000257 0.000276 0.000294 0.000308 0.000320 0.000329 0.000335 0.000337 0.000335 0.000329 0.000320 0.000308 0.000294 0.000276 0.000257 0.000237 0.000216 0.000195 0.000174 0.000153 0.000134 0.000115 0.000098 0.000083 0.000069 0.000057 0.000047 0.000038 0.000030 0.000024 0.000019 0.000014 0.000011 0.000008 0.000006 0.000005 0.000003 0.000002 0.000002 0.000001 0.000001 0.000001 0.000000 0.000000 0.000000 0.000000 0.000000 0.000000 0.000000 0.000000 0.000000 0.000000 0.000000 0.000000 0.000000 0.000000 0.000000 
0.000000 0.000000 0.000000 0.000000 0.000000 0.000000 0.000000 0.000000 0.000000 0.000000 0.000000 0.000000 0.000000 0.000000 0.000001 0.000001 0.000001 0.000002 0.000003 0.000004 0.000006 0.000008 0.000010 0.000014 0.000019 0.000025 0.000033 0.000042 0.000054 0.000068 0.000085 0.000105 0.000129 0.000156 0.000187 0.000221 0.000259 0.000300 0.000344 0.000390 0.000438 0.000485 0.000533 0.000578 0.000621 0.000659 0.000693 0.000720 0.000740 0.000752 0.000756 0.000752 0.000740 0.000720 0.000693 0.000659 0.000621 0.000578 0.000533 0.000485 0.000438 0.000390 0.000344 0.000300 0.000259 0.000221 0.000187 0.000156 0.000129 0.000105 0.000085 0.000068 0.000054 0.000042 0.000033 0.000025 0.000019 0.000014 0.000010 0.000008 0.000006 0.000004 0.000003 0.000002 0.000001 0.000001 0.000001 0.000000 0.000000 0.000000 0.000000 0.000000 0.000000 0.000000 0.000000 0.000000 0.000000 0.000000 0.000000 0.000000 
0.000000 0.000000 0.000000 0.000000 0.000000 0.000000 0.000000 0.000000 0.000000 0.000000 0.000000 0.000000 0.000001 0.000001 0.000001 0.000002 0.000003 0.000004 0.000005 0.000007 0.000010 0.000014 0.000019 0.000026 0.000034 0.000045 0.000059 0.000076 0.000097 0.000122 0.000153 0.000189 0.000232 0.000280 0.000336 0.000397 0.000466 0.000539 0.000618 0.000701 0.000786 0.000872 0.000957 0.001039 0.001116 0.001185 0.001245 0.001293 0.001329 0.001351 0.001358 0.001351 0.001329 0.001293 0.001245 0.001185 0.001116 0.001039 0.000957 0.000872 0.000786 0.000701 0.000618 0.000539 0.000466 0.000397 0.000336 0.000280 0.000232 0.000189 0.000153 0.000122 0.000097 0.000076 0.000059 0.000045 0.000034 0.000026 0.000019 0.000014 0.000010 0.000007 0.000005 0.000004 0.000003 0.000002 0.000001 0.000001 0.000001 0.000000 0.000000 0.000000 0.000000 0.000000 0.000000 0.000000 0.000000 0.000000 0.000000 0.000000 
0.000000 0.000000 0.000000 0.000000 0.000000 0.000000 0.000000 0.000000 0.000000 0.000000 0.000000 0.000001 0.000001 0.000001 0.000002 0.000003 0.000004 0.000006 0.000009 0.000012 0.000017 0.000023 0.000032 0.000043 0.000057 0.000076 0.000099 0.000127 0.000163 0.000206 0.000257 0.000318 0.000389 0.000471 0.000564 0.000667 0.000782 0.000906 0.001038 0.001177 0.001320 0.001464 0.001607 0.001744 0.001872 0.001988 0.002088 0.002169 0.002229 0.002266 0.002279 0.002266 0.002229 0.002169 0.002088 0.001988 0.001872 0.001744 0.001607 0.001464 0.001320 0.001177 0.001038 0.000906 0.000782 0.000667 0.000564 0.000471 0.000389 0.000318 0.000257 0.000206 0.000163 0.000127 0.000099 0.000076 0.000057 0.000043 0.000032 0.000023 0.000017 0.000012 0.000009 0.000006 0.000004 0.000003 0.000002 0.000001 0.000001 0.000001 0.000000 0.000000 0.000000 0.000000 0.000000 0.000000 0.000000 0.000000 0.000000 0.000000 
0.000000 0.000000 0.000000 0.000000 0.000000 0.000000 0.000000 0.000000 0.000000 0.000000 0.000001 0.000001 0.000001 0.000002 0.000003 0.000005 0.000007 0.000010 0.000014 0.000020 0.000028 0.000038 0.000052 0.000070 0.000094 0.000124 0.000161 0.000208 0.000266 0.000336 0.000420 0.000519 0.000635 0.000768 0.000919 0.001089 0.001275 0.001477 0.001693 0.001919 0.002152 0.002387 0.002619 0.002842 0.003051 0.003240 0.003403 0.003535 0.003633 0.003693 0.003713 0.003693 0.003633 0.003535 0.003403 0.003240 0.003051 0.002842 0.002619 0.002387 0.002152 0.001919 0.001693 0.001477 0.001275 0.001089 0.000919 0.000768 0.000635 0.000519 0.000420 0.000336 0.000266 0.000208 0.000161 0.000124 0.000094 0.000070 0.000052 0.000038 0.000028 0.000020 0.000014 0.000010 0.000007 0.000005 0.000003 0.000002 0.000001 0.000001 0.000001 0.000000 0.000000 0.000000 0.000000 0.000000 0.000000 0.000000 0.000000 0.000000 
0.000000 0.000000 0.000000 0.000000 0.000000 0.000000 0.000000 0.000000 0.000000 0.000001 0.000001 0.000002 0.000002 0.000004 0.000005 0.000008 0.000011 0.000016 0.000023 0.000032 0.000045 0.000062 0.000084 0.000113 0.000151 0.000199 0.000259 0.000334 0.000427 0.000539 0.000674 0.000833 0.001019 0.001233 0.001475 0.001746 0.002045 0.002369 0.002715 0.003077 0.003450 0.003826 0.004198 0.004555 0.004890 0.005192 0.005453 0.005665 0.005822 0.005918 0.005950 0.005918 0.005822 0.005665 0.005453 0.005192 0.004890 0.004555 0.004198 0.003826 0.003450 0.003077 0.002715 0.002369 0.002045 0.001746 0.001475 0.001233 0.001019 0.000833 0.000674 0.000539 0.000427 0.000334 0.000259 0.000199 0.000151 0.000113 0.000084 0.000062 0.000045 0.000032 0.000023 0.000016 0.000011 0.000008 0.000005 0.000004 0.000002 0.000002 0.000001 0.000001 0.000000 0.000000 0.000000 0.000000 0.000000 0.000000 0.000000 0.000000 
0.000000 0.000000 0.000000 0.000000 0.000000 0.000000 0.000000 0.000000 0.000001 0.000001 0.000002 0.000002 0.000004 0.000006 0.000008 0.000012 0.000018 0.000026 0.000036 0.000051 0.000071 0.000098 0.000133 0.000179 0.000239 0.000315 0.000411 0.000531 0.000678 0.000856 0.001069 0.001321 0.001615 0.001954 0.002338 0.002767 0.003240 0.003753 0.004299 0.004873 0.005463 0.006058 0.006645 0.007211 0.007740 0.008218 0.008631 0.008966 0.009214 0.009366 0.009417 0.009366 0.009214 0.008966 0.008631 0.008218 0.007740 0.007211 0.006645 0.006058 0.005463 0.004873 0.004299 0.003753 0.003240 0.002767 0.002338 0.001954 0.001615 0.001321 0.001069 0.000856 0.000678 0.000531 0.000411 0.000315 0.000239 0.000179 0.000133 0.000098 0.000071 0.000051 0.000036 0.000026 0.000018 0.000012 0.000008 0.000006 0.000004 0.000002 0.000002 0.000001 0.000001 0.000000 0.000000 0.000000 0.000000 0.000000 0.000000 0.000000 
0.000000 0.000000 0.000000 0.000000 0.000000 0.000000 0.000000 0.000001 0.000001 0.000002 0.000003 0.000004 0.000006 0.000009 0.000013 0.000019 0.000028 0.000040 0.000057 0.000080 0.000112 0.000154 0.000209 0.000282 0.000376 0.000495 0.000646 0.000833 0.001063 0.001342 0.001677 0.002072 0.002533 0.003063 0.003664 0.004336 0.005076 0.005879 0.006734 0.007631 0.008555 0.009486 0.010405 0.011290 0.012117 0.012865 0.013511 0.014035 0.014422 0.014660 0.014740 0.014660 0.014422 0.014035 0.013511 0.012865 0.012117 0.011290 0.010405 0.009486 0.008555 0.007631 0.006734 0.005879 0.005076 0.004336 0.003664 0.003063 0.002533 0.002072 0.001677 0.001342 0.001063 0.000833 0.000646 0.000495 0.000376 0.000282 0.000209 0.000154 0.000112 0.000080 0.000057 0.000040 0.000028 0.000019 0.000013 0.000009 0.000006 0.000004 0.000003 0.000002 0.000001 0.000001 0.000000 0.000000 0.000000 0.000000 0.000000 0.000000 
0.000000 0.000000 0.000000 0.000000 0.000000 0.000000 0.000001 0.000001 0.000002 0.000003 0.000004 0.000006 0.000009 0.000014 0.000021 0.000030 0.000044 0.000063 0.000089 0.000125 0.000174 0.000239 0.000326 0.000438 0.000584 0.000769 0.001003 0.001293 0.001650 0.002083 0.002602 0.003215 0.003929 0.004751 0.005682 0.006723 0.007870 0.009112 0.010438 0.011827 0.013256 0.014698 0.016121 0.017490 0.018771 0.019927 0.020927 0.021739 0.022338 0.022705 0.022829 0.022705 0.022338 0.021739 0.020927 0.019927 0.018771 0.017490 0.016121 0.014698 0.013256 0.011827 0.010438 0.009112 0.007870 0.006723 0.005682 0.004751 0.003929 0.003215 0.002602 0.002083 0.001650 0.001293 0.001003 0.000769 0.000584 0.000438 0.000326 0.000239 0.000174 0.000125 0.000089 0.000063 0.000044 0.000030 0.000021 0.000014 0.000009 0.000006 0.000004 0.000003 0.000002 0.000001 0.000001 0.000000 0.000000 0.000000 0.000000 0.000000 
0.000000 0.000000 0.000000 0.000000 0.000000 0.000001 0.000001 0.000002 0.000003 0.000004 0.000006 0.000009 0.000014 0.000021 0.000032 0.000046 0.000067 0.000097 0.000137 0.000193 0.000268 0.000368 0.000501 0.000674 0.000898 0.001183 0.001541 0.001988 0.002536 0.003200 0.003996 0.004936 0.006032 0.007292 0.008720 0.010317 0.012074 0.013979 0.016010 0.018139 0.020329 0.022538 0.024717 0.026815 0.028777 0.030548 0.032079 0.033322 0.034240 0.034803 0.034992 0.034803 0.034240 0.033322 0.032079 0.030548 0.028777 0.026815 0.024717 0.022538 0.020329 0.018139 0.016010 0.013979 0.012074 0.010317 0.008720 0.007292 0.006032 0.004936 0.003996 0.003200 0.002536 0.001988 0.001541 0.001183 0.000898 0.000674 0.000501 0.000368 0.000268 0.000193 0.000137 0.000097 0.000067 0.000046 0.000032 0.000021 0.000014 0.000009 0.000006 0.000004 0.000003 0.000002 0.000001 0.000001 0.000000 0.000000 0.000000 0.000000 
0.000000 0.000000 0.000000 0.000000 0.000001 0.000001 0.000002 0.000002 0.000004 0.000006 0.000009 0.000014 0.000022 0.000033 0.000048 0.000071 0.000103 0.000147 0.000209 0.000294 0.000408 0.000561 0.000763 0.001026 0.001366 0.001799 0.002345 0.003023 0.003856 0.004865 0.006074 0.007501 0.009164 0.011077 0.013245 0.015668 0.018334 0.021223 0.024304 0.027533 0.030854 0.034204 0.037508 0.040688 0.043662 0.046348 0.048668 0.050553 0.051944 0.052797 0.053084 0.052797 0.051944 0.050553 0.048668 0.046348 0.043662 0.040688 0.037508 0.034204 0.030854 0.027533 0.024304 0.021223 0.018334 0.015668 0.013245 0.011077 0.009164 0.007501 0.006074 0.004865 0.003856 0.003023 0.002345 0.001799 0.001366 0.001026 0.000763 0.000561 0.000408 0.000294 0.000209 0.000147 0.000103 0.000071 0.000048 0.000033 0.000022 0.000014 0.000009 0.000006 0.000004 0.000002 0.000002 0.000001 0.000001 0.000000 0.000000 0.000000 
0.000000 0.000000 0.000000 0.000001 0.000001 0.000001 0.000002 0.000004 0.000006 0.000009 0.000014 0.000022 0.000033 0.000049 0.000073 0.000107 0.000155 0.000222 0.000315 0.000443 0.000615 0.000845 0.001149 0.001546 0.002057 0.002709 0.003530 0.004550 0.005802 0.007320 0.009136 0.011281 0.013780 0.016654 0.019910 0.023548 0.027552 0.031890 0.036515 0.041361 0.046346 0.051373 0.056332 0.061104 0.065567 0.069596 0.073077 0.075905 0.077991 0.079271 0.079702 0.079271 0.077991 0.075905 0.073077 0.069596 0.065567 0.061104 0.056332 0.051373 0.046346 0.041361 0.036515 0.031890 0.027552 0.023548 0.019910 0.016654 0.013780 0.011281 0.009136 0.007320 0.005802 0.004550 0.003530 0.002709 0.002057 0.001546 0.001149 0.000845 0.000615 0.000443 0.000315 0.000222 0.000155 0.000107 0.000073 0.000049 0.000033 0.000022 0.000014 0.000009 0.000006 0.000004 0.000002 0.000001 0.000001 0.000000 0.000000 0.000000 
0.000000 0.000000 0.000000 0.000001 0.000001 0.000002 0.000004 0.000006 0.000009 0.000014 0.000021 0.000033 0.000049 0.000074 0.000109 0.000160 0.000232 0.000332 0.000471 0.000661 0.000918 0.001261 0.001714 0.002305 0.003067 0.004037 0.005259 0.006777 0.008640 0.010898 0.013600 0.016790 0.020507 0.024779 0.029620 0.035027 0.040977 0.047424 0.054295 0.061495 0.068900 0.076367 0.083732 0.090819 0.097446 0.103430 0.108598 0.112797 0.115895 0.117794 0.118434 0.117794 0.115895 0.112797 0.108598 0.103430 0.097446 0.090819 0.083732 0.076367 0.068900 0.061495 0.054295 0.047424 0.040977 0.035027 0.029620 0.024779 0.020507 0.016790 0.013600 0.010898 0.008640 0.006777 0.005259 0.004037 0.003067 0.002305 0.001714 0.001261 0.000918 0.000661 0.000471 0.000332 0.000232 0.000160 0.000109 0.000074 0.000049 0.000033 0.000021 0.000014 0.000009 0.000006 0.000004 0.000002 0.000001 0.000001 0.000000 0.000000 
0.000000 0.000000 0.000001 0.000001 0.000002 0.000003 0.000005 0.000008 0.000013 0.000021 0.000032 0.000048 0.000073 0.000109 0.000162 0.000236 0.000342 0.000491 0.000696 0.000976 0.001355 0.001861 0.002529 0.003400 0.004523 0.005954 0.007753 0.009989 0.012733 0.016058 0.020036 0.024731 0.030202 0.036487 0.043609 0.051563 0.060315 0.069796 0.079900 0.090486 0.101372 0.112349 0.123175 0.133592 0.143332 0.152126 0.159722 0.165891 0.170444 0.173235 0.174176 0.173235 0.170444 0.165891 0.159722 0.152126 0.143332 0.133592 0.123175 0.112349 0.101372 0.090486 0.079900 0.069796 0.060315 0.051563 0.043609 0.036487 0.030202 0.024731 0.020036 0.016058 0.012733 0.009989 0.007753 0.005954 0.004523 0.003400 0.002529 0.001861 0.001355 0.000976 0.000696 0.000491 0.000342 0.000236 0.000162 0.000109 0.000073 0.000048 0.000032 0.000021 0.000013 0.000008 0.000005 0.000003 0.000002 0.000001 0.000000 0.000000 
0.000000 0.000000 0.000001 0.000002 0.000003 0.000005 0.000008 0.000012 0.000019 0.000030 0.000046 0.000071 0.000107 0.000160 0.000236 0.000346 0.000501 0.000717 0.001017 0.001426 0.001979 0.002718 0.003693 0.004964 0.006602 0.008688 0.011312 0.014572 0.018571 0.023417 0.029211 0.036051 0.044018 0.053172 0.063542 0.075121 0.087861 0.101660 0.116364 0.131768 0.147608 0.163578 0.179327 0.194481 0.208648 0.221439 0.232487 0.241460 0.248081 0.252140 0.253508 0.252140 0.248081 0.241460 0.232487 0.221439 0.208648 0.194481 0.179327 0.163578 0.147608 0.131768 0.116364 0.101660 0.087861 0.075121 0.063542 0.053172 0.044018 0.036051 0.029211 0.023417 0.018571 0.014572 0.011312 0.008688 0.006602 0.004964 0.003693 0.002718 0.001979 0.001426 0.001017 0.000717 0.000501 0.000346 0.000236 0.000160 0.000107 0.000071 0.000046 0.000030 0.000019 0.000012 0.000008 0.000005 0.000003 0.000002 0.000001 0.000000 
0.000000 0.000001 0.000001 0.000003 0.000004 0.000007 0.000011 0.000018 0.000028 0.000044 0.000067 0.000103 0.000155 0.000232 0.000342 0.000501 0.000725 0.001038 0.001471 0.002062 0.002862 0.003929 0.005336 0.007172 0.009537 0.012547 0.016333 0.021036 0.026805 0.033792 0.042147 0.052007 0.063491 0.076682 0.091625 0.108308 0.126660 0.146536 0.167715 0.189898 0.212708 0.235702 0.258378 0.280194 0.300588 0.319001 0.334904 0.347820 0.357350 0.363193 0.365162 0.363193 0.357350 0.347820 0.334904 0.319001 0.300588 0.280194 0.258378 0.235702 0.212708 0.189898 0.167715 0.146536 0.126660 0.108308 0.091625 0.076682 0.063491 0.052007 0.042147 0.033792 0.026805 0.021036 0.016333 0.012547 0.009537 0.007172 0.005336 0.003929 0.002862 0.002062 0.001471 0.001038 0.000725 0.000501 0.000342 0.000232 0.000155 0.000103 0.000067 0.000044 0.000028 0.000018 0.000011 0.000007 0.000004 0.000002 0.000001 0.000000 
0.000000 0.000001 0.000002 0.000004 0.000006 0.000010 0.000016 0.000026 0.000040 0.000063 0.000097 0.000147 0.000222 0.000332 0.000491 0.000717 0.001038 0.001486 0.002105 0.002952 0.004094 0.005619 0.007631 0.010254 0.013632 0.017932 0.023338 0.030051 0.038285 0.048257 0.060178 0.074246 0.090626 0.109439 0.130748 0.154536 0.180700 0.209034 0.239221 0.270836 0.303342 0.336108 0.368419 0.399502 0.428557 0.454790 0.477445 0.495844 0.509419 0.517742 0.520546 0.517742 0.509419 0.495844 0.477445 0.454790 0.428557 0.399502 0.368419 0.336108 0.303342 0.270836 0.239221 0.209034 0.180700 0.154536 0.130748 0.109439 0.090626 0.074246 0.060178 0.048257 0.038285 0.030051 0.023338 0.017932 0.013632 0.010254 0.007631 0.005619 0.004094 0.002952 0.002105 0.001486 0.001038 0.000717 0.000491 0.000332 0.000222 0.000147 0.000097 0.000063 0.000040 0.000026 0.000016 0.000010 0.000006 0.000003 0.000001 0.000000 
0.000000 0.000001 0.000003 0.000005 0.000009 0.000014 0.000023 0.000036 0.000057 0.000089 0.000137 0.000209 0.000315 0.000471 0.000696 0.001017 0.001471 0.002105 0.002982 0.004179 0.005796 0.007953 0.010798 0.014506 0.019282 0.025359 0.032998 0.042482 0.054113 0.068195 0.085029 0.104890 0.128012 0.154566 0.184637 0.218204 0.255118 0.295089 0.337671 0.382262 0.428108 0.474315 0.519876 0.563705 0.604672 0.641657 0.673597 0.699535 0.718673 0.730407 0.734360 0.730407 0.718673 0.699535 0.673597 0.641657 0.604672 0.563705 0.519876 0.474315 0.428108 0.382262 0.337671 0.295089 0.255118 0.218204 0.184637 0.154566 0.128012 0.104890 0.085029 0.068195 0.054113 0.042482 0.032998 0.025359 0.019282 0.014506 0.010798 0.007953 0.005796 0.004179 0.002982 0.002105 0.001471 0.001017 0.000696 0.000471 0.000315 0.000209 0.000137 0.000089 0.000057 0.000036 0.000023 0.000014 0.000008 0.000005 0.000002 0.000000 
0.000000 0.000002 0.000004 0.000007 0.000012 0.000020 0.000032 0.000051 0.000080 0.000125 0.000193 0.000294 0.000443 0.000661 0.000976 0.001426 0.002062 0.002952 0.004179 0.005856 0.008119 0.011139 0.015120 0.020308 0.026989 0.035488 0.046169 0.059429 0.075686 0.095367 0.118890 0.146638 0.178938 0.216027 0.258024 0.304896 0.356437 0.412240 0.471683 0.533924 0.597911 0.662398 0.725980 0.787139 0.844302 0.895907 0.940470 0.976660 1.003360 1.019730 1.025245 1.019730 1.003360 0.976660 0.940470 0.895907 0.844302 0.787139 0.725980 0.662398 0.597911 0.533924 0.471683 0.412240 0.356437 0.304896 0.258024 0.216027 0.178938 0.146638 0.118890 0.095367 0.075686 0.059429 0.046169 0.035488 0.026989 0.020308 0.015120 0.011139 0.008119 0.005856 0.004179 0.002952 0.002062 0.001426 0.000976 0.000661 0.000443 0.000294 0.000193 0.000125 0.000080 0.000051 0.000032 0.000020 0.000012 0.000007 0.000003 0.000000 
0.000000 0.000002 0.000006 0.000010 0.000017 0.000028 0.000045 0.000071 0.000112 0.000174 0.000268 0.000408 0.000615 0.000918 0.001355 0.001979 0.002862 0.004094 0.005796 0.008119 0.011255 0.015437 0.020950 0.028133 0.037380 0.049142 0.063922 0.082266 0.104753 0.131973 0.164499 0.202864 0.247515 0.298780 0.356820 0.421593 0.492808 0.569904 0.652021 0.737997 0.826377 0.915440 1.003248 1.087706 1.166641 1.237897 1.299428 1.349395 1.386260 1.408862 1.416477 1.408862 1.386260 1.349395 1.299428 1.237897 1.166641 1.087706 1.003248 0.915440 0.826377 0.737997 0.652021 0.569904 0.492808 0.421593 0.356820 0.298780 0.247515 0.202864 0.164499 0.131973 0.104753 0.082266 0.063922 0.049142 0.037380 0.028133 0.020950 0.015437 0.011255 0.008119 0.005796 0.004094 0.002862 0.001979 0.001355 0.000918 0.000615 0.000408 0.000268 0.000174 0.000112 0.000071 0.000045 0.000027 0.000016 0.000009 0.000004 0.000000 
0.000000 0.000003 0.000008 0.000014 0.000023 0.000038 0.000062 0.000098 0.000154 0.000239 0.000368 0.000561 0.000845 0.001261 0.001861 0.002718 0.003929 0.005619 0.007953 0.011139 0.015437 0.021169 0.028723 0.038564 0.051230 0.067337 0.087574 0.112687 0.143467 0.180719 0.225227 0.277716 0.338798 0.408919 0.488297 0.576872 0.674248 0.779654 0.891914 1.009439 1.130242 1.251970 1.371975 1.487393 1.595261 1.692630 1.776707 1.844981 1.895351 1.926232 1.936637 1.926232 1.895351 1.844981 1.776707 1.692630 1.595261 1.487393 1.371975 1.251970 1.130242 1.009439 0.891914 0.779654 0.674248 0.576872 0.488297 0.408919 0.338798 0.277716 0.225227 0.180719 0.143467 0.112687 0.087574 0.067337 0.051230 0.038564 0.028723 0.021169 0.015437 0.011139 0.007953 0.005619 0.003929 0.002718 0.001861 0.001261 0.000845 0.000561 0.000368 0.000239 0.000154 0.000098 0.000061 0.000038 0.000023 0.000013 0.000006 0.000000 
0.000000 0.000005 0.000010 0.000019 0.000032 0.000052 0.000084 0.000133 0.000209 0.000326 0.000501 0.000763 0.001149 0.001714 0.002529 0.003693 0.005336 0.007631 0.010798 0.015120 0.020950 0.028723 0.038967 0.052307 0.069474 0.091301 0.118720 0.152741 0.194431 0.244879 0.305146 0.376210 0.458897 0.553807 0.661236 0.781098 0.912857 1.055466 1.207336 1.366316 1.529716 1.694358 1.856658 2.012747 2.158616 2.290284 2.403973 2.496292 2.564399 2.606154 2.620223 2.606154 2.564399 2.496292 2.403973 2.290284 2.158616 2.012747 1.856658 1.694358 1.529716 1.366316 1.207336 1.055466 0.912857 0.781098 0.661236 0.553807 0.458897 0.376210 0.305146 0.244879 0.194431 0.152741 0.118720 0.091301 0.069474 0.052307 0.038967 0.028723 0.020950 0.015120 0.010798 0.007631 0.005336 0.003693 0.002529 0.001713 0.001149 0.000763 0.000501 0.000325 0.000209 0.000133 0.000084 0.000052 0.000031 0.000017 0.000008 0.000000 
0.000000 0.000006 0.000014 0.000026 0.000043 0.000070 0.000113 0.000179 0.000282 0.000438 0.000674 0.001026 0.001546 0.002305 0.003400 0.004964 0.007172 0.010254 0.014506 0.020308 0.028133 0.038564 0.052307 0.070201 0.093224 0.122493 0.159253 0.204857 0.260734 0.328339 0.409091 0.504297 0.615061 0.742183 0.886056 1.046564 1.222985 1.413917 1.617229 1.830044 2.048759 2.269122 2.486337 2.695229 2.890435 3.066629 3.218759 3.342289 3.433422 3.489291 3.508116 3.489291 3.433422 3.342289 3.218759 3.066629 2.890435 2.695229 2.486337 2.269122 2.048759 1.830044 1.617229 1.413917 1.222985 1.046564 0.886056 0.742183 0.615061 0.504297 0.409091 0.328339 0.260734 0.204857 0.159253 0.122493 0.093224 0.070201 0.052307 0.038564 0.028133 0.020308 0.014506 0.010254 0.007172 0.004964 0.003400 0.002305 0.001546 0.001026 0.000674 0.000438 0.000282 0.000179 0.000113 0.000069 0.000042 0.000023 0.000010 0.000000 
0.000000 0.000008 0.000019 0.000034 0.000057 0.000094 0.000151 0.000239 0.000376 0.000584 0.000898 0.001366 0.002057 0.003067 0.004523 0.006602 0.009537 0.013632 0.019282 0.026989 0.037380 0.051230 0.069474 0.093224 0.123777 0.162613 0.211380 0.271871 0.345976 0.435623 0.542689 0.668904 0.815726 0.984212 1.174879 1.387569 1.621323 1.874282 2.143621 2.425525 2.715227 3.007090 3.294769 3.571411 3.829916 4.063236 4.264683 4.428255 4.548924 4.622901 4.647827 4.622901 4.548924 4.428255 4.264683 4.063236 3.829916 3.571411 3.294769 3.007090 2.715227 2.425525 2.143621 1.874282 1.621323 1.387569 1.174879 0.984212 0.815726 0.668904 0.542689 0.435623 0.345976 0.271871 0.211380 0.162613 0.123777 0.093224 0.069474 0.051230 0.037380 0.026989 0.019282 0.013632 0.009537 0.006602 0.004523 0.003067 0.002057 0.001366 0.000898 0.000584 0.000375 0.000239 0.000150 0.000093 0.000056 0.000031 0.000014 0.000000 
0.000000 0.000011 0.000025 0.000045 0.000076 0.000124 0.000199 0.000315 0.000495 0.000769 0.001183 0.001799 0.002709 0.004037 0.005954 0.008688 0.012547 0.017932 0.025359 0.035488 0.049142 0.067337 0.091301 0.122493 0.162613 0.213600 0.277616 0.357010 0.454260 0.571888 0.712356 0.877926 1.070505 1.291476 1.541512 1.820400 2.126880 2.458512 2.811589 3.181112 3.560829 3.943357 4.320379 4.682918 5.021675 5.327415 5.591383 5.805714 5.963828 6.060758 6.093418 6.060758 5.963828 5.805714 5.591383 5.327415 5.021675 4.682918 4.320379 3.943357 3.560829 3.181112 2.811589 2.458512 2.126880 1.820400 1.541512 1.291476 1.070505 0.877926 0.712356 0.571888 0.454260 0.357010 0.277616 0.213600 0.162613 0.122493 0.091301 0.067337 0.049142 0.035488 0.025359 0.017932 0.012547 0.008688 0.005954 0.004037 0.002709 0.001799 0.001182 0.000769 0.000495 0.000315 0.000198 0.000122 0.000073 0.000041 0.000018 0.000000 
0.000000 0.000014 0.000033 0.000059 0.000099 0.000161 0.000259 0.000411 0.000646 0.001003 0.001541 0.002345 0.003530 0.005259 0.007753 0.011312 0.016333 0.023338 0.032998 0.046169 0.063922 0.087574 0.118720 0.159253 0.211380 0.277616 0.360765 0.463875 0.590156 0.742881 0.925236 1.140152 1.390101 1.676869 2.001323 2.363183 2.760809 3.191030 3.649037 4.128342 4.620839 5.116952 5.605898 6.076039 6.515322 6.911776 7.254053 7.531963 7.736974 7.862654 7.905000 7.862654 7.736974 7.531963 7.254053 6.911776 6.515322 6.076039 5.605898 5.116952 4.620839 4.128342 3.649037 3.191030 2.760809 2.363183 2.001323 1.676869 1.390101 1.140152 0.925236 0.742881 0.590156 0.463875 0.360765 0.277616 0.211380 0.159253 0.118720 0.087574 0.063922 0.046169 0.032998 0.023338 0.016333 0.011312 0.007753 0.005259 0.003530 0.002345 0.001541 0.001003 0.000645 0.000411 0.000258 0.000159 0.000096 0.000054 0.000024 0.000000 
0.000000 0.000019 0.000042 0.000076 0.000127 0.000208 0.000334 0.000531 0.000833 0.001293 0.001988 0.003023 0.004550 0.006777 0.009989 0.014572 0.021036 0.030051 0.042482 0.059429 0.082266 0.112687 0.152741 0.204857 0.271871 0.357010 0.463875 0.596374 0.758630 0.954837 1.189082 1.465124 1.786127 2.154378 2.570984 3.035577 3.546046 4.098318 4.686214 5.301407 5.933491 6.570181 7.197641 7.800942 8.364621 8.873327 9.312503 9.669081 9.932121 10.093372 10.147703 10.093372 9.932121 9.669081 9.312503 8.873327 8.364621 7.800942 7.197641 6.570181 5.933491 5.301407 4.686214 4.098318 3.546046 3.035577 2.570984 2.154378 1.786127 1.465124 1.189082 0.954837 0.758630 0.596374 0.463875 0.357010 0.271871 0.204857 0.152741 0.112687 0.082266 0.059429 0.042482 0.030051 0.021036 0.014572 0.009989 0.006777 0.004550 0.003023 0.001988 0.001293 0.000833 0.000530 0.000333 0.000206 0.000123 0.000069 0.000031 0.000000 
0.000000 0.000024 0.000054 0.000097 0.000163 0.000266 0.000427 0.000678 0.001063 0.001650 0.002536 0.003856 0.005802 0.008640 0.012733 0.018571 0.026805 0.038285 0.054113 0.075686 0.104753 0.143467 0.194431 0.260734 0.345976 0.454260 0.590156 0.758630 0.964912 1.214329 1.512067 1.862891 2.270814 2.738734 3.268047 3.858279 4.506740 5.208250 5.954958 6.736286 7.539020 8.347558 9.144336 9.910401 10.626129 11.272032 11.829640 12.282365 12.616325 12.821051 12.890029 12.821051 12.616325 12.282365 11.829640 11.272032 10.626129 9.910401 9.144336 8.347558 7.539020 6.736286 5.954958 5.208250 4.506740 3.858279 3.268047 2.738734 2.270814 1.862891 1.512067 1.214329 0.964912 0.758630 0.590156 0.454260 0.345976 0.260734 0.194431 0.143467 0.104753 0.075686 0.054113 0.038285 0.026805 0.018571 0.012733 0.008640 0.005802 0.003855 0.002536 0.001650 0.001063 0.000677 0.000425 0.000263 0.000158 0.000088 0.000039 0.000000 
0.000000 0.000030 0.000068 0.000122 0.000206 0.000336 0.000539 0.000856 0.001342 0.002083 0.003200 0.004865 0.007320 0.010898 0.016058 0.023417 0.033792 0.048257 0.068195 0.095367 0.131973 0.180719 0.244879 0.328339 0.435623 0.571888 0.742881 0.954837 1.214329 1.528046 1.902500 2.343674 2.856602 3.444914 4.110358 4.852326 5.667428 6.549148 7.487615 8.469530 9.478288 10.494287 11.495462 12.458006 13.357268 14.168777 14.869332 15.438105 15.857664 16.114861 16.201518 16.114861 15.857664 15.438105 14.869332 14.168777 13.357268 12.458006 11.495462 10.494287 9.478288 8.469530 7.487615 6.549148 5.667428 4.852326 4.110358 3.444914 2.856602 2.343674 1.902500 1.528046 1.214329 0.954837 0.742881 0.571888 0.435623 0.328339 0.244879 0.180719 0.131973 0.095367 0.068195 0.048257 0.033792 0.023417 0.016058 0.010898 0.007320 0.004865 0.003200 0.002083 0.001342 0.000854 0.000537 0.000332 0.000199 0.000112 0.000050 0.000000 
0.000000 0.000038 0.000085 0.000153 0.000257 0.000420 0.000674 0.001069 0.001677 0.002602 0.003996 0.006074 0.009136 0.013600 0.020036 0.029211 0.042147 0.060178 0.085029 0.118890 0.164499 0.225227 0.305146 0.409091 0.542689 0.712356 0.925236 1.189082 1.512067 1.902500 2.368476 2.917424 3.555595 4.287492 5.115275 6.038177 7.051974 8.148550 9.315626 10.536662 11.791009 13.054298 14.299098 15.495820 16.613825 17.622700 18.493616 19.200689 19.722257 20.041985 20.149710 20.041985 19.722257 19.200689 18.493616 17.622700 16.613825 15.495820 14.299098 13.054298 11.791009 10.536662 9.315626 8.148550 7.051974 6.038177 5.115275 4.287492 3.555595 2.917424 2.368476 1.902500 1.512067 1.189082 0.925236 0.712356 0.542689 0.409091 0.305146 0.225227 0.164499 0.118890 0.085029 0.060178 0.042147 0.029211 0.020036 0.013600 0.009136 0.006073 0.003996 0.002602 0.001676 0.001068 0.000671 0.000415 0.000249 0.000140 0.000062 0.000000 
0.000000 0.000047 0.000105 0.000189 0.000318 0.000519 0.000833 0.001321 0.002072 0.003215 0.004936 0.007501 0.011281 0.016790 0.024731 0.036051 0.052007 0.074246 0.104890 0.146638 0.202864 0.277716 0.376210 0.504297 0.668904 0.877926 1.140152 1.465124 1.862891 2.343674 2.917424 3.593272 4.378899 5.279832 6.298715 7.434591 8.682247 10.031691 11.467801 12.970227 14.513558 16.067819 17.599268 19.071511 20.446869 21.687941 22.759276 23.629048 24.270622 24.663910 24.796419 24.663910 24.270622 23.629048 22.759276 21.687941 20.446869 19.071511 17.599268 16.067819 14.513558 12.970227 11.467801 10.031691 8.682247 7.434591 6.298715 5.279832 4.378899 3.593272 2.917424 2.343674 1.862891 1.465124 1.140152 0.877926 0.668904 0.504297 0.376210 0.277716 0.202864 0.146638 0.104890 0.074246 0.052007 0.036051 0.024731 0.016790 0.011281 0.007501 0.004936 0.003214 0.002071 0.001319 0.000830 0.000513 0.000308 0.000173 0.000077 0.000000 
0.000000 0.000057 0.000129 0.000232 0.000389 0.000635 0.001019 0.001615 0.002533 0.003929 0.006032 0.009164 0.013780 0.020507 0.030202 0.044018 0.063491 0.090626 0.128012 0.178938 0.247515 0.338798 0.458897 0.615061 0.815726 1.070505 1.390101 1.786127 2.270814 2.856602 3.555595 4.378899 5.335852 6.433168 7.674051 9.057318 10.576609 12.219745 13.968308 15.797516 17.676434 19.568573 21.432867 23.225022 24.899186 26.409850 27.713877 28.772542 29.553439 30.032129 30.193411 30.032129 29.553439 28.772542 27.713877 26.409850 24.899186 23.225022 21.432867 19.568573 17.676434 15.797516 13.968308 12.219745 10.576609 9.057318 7.674051 6.433168 5.335852 4.378899 3.555595 2.856602 2.270814 1.786127 1.390101 1.070505 0.815726 0.615061 0.458897 0.338798 0.247515 0.178938 0.128012 0.090626 0.063491 0.044018 0.030202 0.020507 0.013780 0.009164 0.006031 0.003928 0.002531 0.001613 0.001015 0.000628 0.000377 0.000211 0.000094 0.000000 
0.000000 0.000069 0.000156 0.000280 0.000471 0.000768 0.001233 0.001954 0.003063 0.004751 0.007292 0.011077 0.016654 0.024779 0.036487 0.053172 0.076682 0.109439 0.154566 0.216027 0.298780 0.408919 0.553807 0.742183 0.984212 1.291476 1.676869 2.154378 2.738734 3.444914 4.287492 5.279832 6.433168 7.755572 9.250883 10.917661 12.748225 14.727889 16.834458 19.038070 21.301462 23.580684 25.826277 27.984904 30.001353 31.820827 33.391391 34.666420 35.606900 36.183409 36.377649 36.183409 35.606900 34.666420 33.391391 31.820827 30.001353 27.984904 25.826277 23.580684 21.301462 19.038070 16.834458 14.727889 12.748225 10.917661 9.250883 7.755572 6.433168 5.279832 4.287492 3.444914 2.738734 2.154378 1.676869 1.291476 0.984212 0.742183 0.553807 0.408919 0.298780 0.216027 0.154566 0.109439 0.076682 0.053172 0.036487 0.024779 0.016653 0.011077 0.007291 0.004750 0.003061 0.001951 0.001228 0.000760 0.000456 0.000256 0.000114 0.000000 
0.000000 0.000083 0.000187 0.000336 0.000564 0.000919 0.001475 0.002338 0.003664 0.005682 0.008720 0.013245 0.019910 0.029620 0.043609 0.063542 0.091625 0.130748 0.184637 0.258024 0.356820 0.488297 0.661236 0.886056 1.174879 1.541512 2.001323 2.570984 3.268047 4.110358 5.115275 6.298715 7.674051 9.250883 11.033770 13.020971 15.203315 17.563280 20.074397 22.701068 25.398877 28.115445 30.791835 33.364493 35.767636 37.935978 39.807645 41.327094 42.447849 43.134860 43.366330 43.134860 42.447849 41.327094 39.807645 37.935978 35.767636 33.364493 30.791835 28.115445 25.398877 22.701068 20.074397 17.563280 15.203315 13.020971 11.033770 9.250883 7.674051 6.298715 5.115275 4.110358 3.268047 2.570984 2.001323 1.541512 1.174879 0.886056 0.661236 0.488297 0.356820 0.258024 0.184637 0.130748 0.091625 0.063542 0.043609 0.029620 0.019910 0.013245 0.008720 0.005681 0.003662 0.002335 0.001469 0.000909 0.000546 0.000306 0.000137 0.000000 
0.000000 0.000098 0.000221 0.000397 0.000667 0.001089 0.001746 0.002767 0.004336 0.006723 0.010317 0.015668 0.023548 0.035027 0.051563 0.075121 0.108308 0.154536 0.218204 0.304896 0.421593 0.576872 0.781098 1.046564 1.387569 1.820400 2.363183 3.035577 3.858279 4.852326 6.038177 7.434591 9.057318 10.917661 13.020971 15.365175 17.939435 20.723067 23.684842 26.782769 29.964465 33.168164 36.324374 39.358164 42.191979 44.748856 46.955857 48.747509 50.069027 50.879098 51.152028 50.879098 50.069027 48.747509 46.955857 44.748856 42.191979 39.358164 36.324374 33.168164 29.964465 26.782769 23.684842 20.723067 17.939435 15.365175 13.020971 10.917661 9.057318 7.434591 6.038177 4.852326 3.858279 3.035577 2.363183 1.820400 1.387569 1.046564 0.781098 0.576872 0.421593 0.304896 0.218204 0.154536 0.108308 0.075121 0.051563 0.035027 0.023548 0.015667 0.010316 0.006722 0.004334 0.002763 0.001740 0.001077 0.000647 0.000362 0.000162 0.000000 
0.000000 0.000115 0.000259 0.000466 0.000782 0.001275 0.002045 0.003240 0.005076 0.007870 0.012074 0.018334 0.027552 0.040977 0.060315 0.087861 0.126660 0.180700 0.255118 0.356437 0.492808 0.674248 0.912857 1.222985 1.621323 2.126880 2.760809 3.546046 4.506740 5.667428 7.051974 8.682247 10.576609 12.748225 15.203315 17.939435 20.943913 24.192596 27.649024 31.264191 34.976970 38.715293 42.398085 45.937933 49.244367 52.227613 54.802594 56.892945 58.434766 59.379872 59.698297 59.379872 58.434766 56.892945 54.802594 52.227613 49.244367 45.937933 42.398085 38.715293 34.976970 31.264191 27.649024 24.192596 20.943913 17.939435 15.203315 12.748225 10.576609 8.682247 7.051974 5.667428 4.506740 3.546046 2.760809 2.126880 1.621323 1.222985 0.912857 0.674248 0.492808 0.356437 0.255118 0.180700 0.126660 0.087861 0.060315 0.040977 0.027552 0.018333 0.012073 0.007868 0.005074 0.003235 0.002037 0.001261 0.000757 0.000424 0.000190 0.000000 
0.000000 0.000134 0.000300 0.000539 0.000906 0.001477 0.002369 0.003753 0.005879 0.009112 0.013979 0.021223 0.031890 0.047424 0.069796 0.101660 0.146536 0.209034 0.295089 0.412240 0.569904 0.779654 1.055466 1.413917 1.874282 2.458512 3.191030 4.098318 5.208250 6.549148 8.148550 10.031691 12.219745 14.727889 17.563280 20.723067 24.192596 27.943955 31.935036 36.109246 40.396007 44.712120 48.963994 53.050728 56.867899 60.311893 63.284519 65.697642 67.477519 68.568543 68.936129 68.568543 67.477519 65.697642 63.284519 60.311893 56.867899 53.050728 48.963994 44.712120 40.396007 36.109246 31.935036 27.943955 24.192596 20.723067 17.563280 14.727889 12.219745 10.031691 8.148550 6.549148 5.208250 4.098318 3.191030 2.458512 1.874282 1.413917 1.055466 0.779654 0.569904 0.412240 0.295089 0.209034 0.146536 0.101659 0.069796 0.047424 0.031890 0.021223 0.013978 0.009111 0.005876 0.003747 0.002360 0.001461 0.000878 0.000492 0.000220 0.000000 
0.000000 0.000153 0.000344 0.000618 0.001038 0.001693 0.002715 0.004299 0.006734 0.010438 0.016010 0.024304 0.036515 0.054295 0.079900 0.116364 0.167715 0.239221 0.337671 0.471683 0.652021 0.891914 1.207336 1.617229 2.143621 2.811589 3.649037 4.686214 5.954958 7.487615 9.315626 11.467801 13.968308 16.834458 20.074397 23.684842 27.649024 31.935036 36.494755 41.263521 46.160707 51.091273 55.948323 60.616614 64.976891 68.910823 72.306279 75.062615 77.095621 78.341799 78.761658 78.341799 77.095621 75.062615 72.306279 68.910823 64.976891 60.616614 55.948323 51.091273 46.160707 41.263521 36.494755 31.935036 27.649024 23.684842 20.074397 16.834458 13.968308 11.467801 9.315626 7.487615 5.954958 4.686214 3.649037 2.811589 2.143621 1.617229 1.207336 0.891914 0.652021 0.471683 0.337671 0.239221 0.167715 0.116364 0.079900 0.054295 0.036515 0.024304 0.016009 0.010436 0.006731 0.004293 0.002704 0.001674 0.001006 0.000564 0.000252 0.000000 
0.000000 0.000174 0.000390 0.000701 0.001177 0.001919 0.003077 0.004873 0.007631 0.011827 0.018139 0.027533 0.041361 0.061495 0.090486 0.131768 0.189898 0.270836 0.382262 0.533924 0.737997 1.009439 1.366316 1.830044 2.425525 3.181112 4.128342 5.301407 6.736286 8.469530 10.536662 12.970227 15.797516 19.038070 22.701068 26.782769 31.264191 36.109246 41.263521 46.653920 52.189310 57.762274 63.252006 68.528274 73.456316 77.902423 81.739894 84.855010 87.152624 88.560992 89.035495 88.560992 87.152624 84.855010 81.739894 77.902423 73.456316 68.528274 63.252006 57.762274 52.189310 46.653920 41.263521 36.109246 31.264191 26.782769 22.701068 19.038070 15.797516 12.970227 10.536662 8.469530 6.736286 5.301407 4.128342 3.181112 2.425525 1.830044 1.366316 1.009439 0.737997 0.533924 0.382262 0.270836 0.189898 0.131767 0.090485 0.061495 0.041361 0.027532 0.018137 0.011825 0.007628 0.004866 0.003065 0.001898 0.001140 0.000639 0.000286 0.000000 
0.000000 0.000195 0.000438 0.000786 0.001320 0.002152 0.003450 0.005463 0.008555 0.013256 0.020329 0.030854 0.046346 0.068900 0.101372 0.147608 0.212708 0.303342 0.428108 0.597911 0.826377 1.130242 1.529716 2.048759 2.715227 3.560829 4.620839 5.933491 7.539020 9.478288 11.791009 14.513558 17.676434 21.301462 25.398877 29.964465 34.976970 40.396007 46.160707 52.189310 58.379896 64.612346 70.751572 76.651959 82.162831 87.134693 91.425893 94.909294 97.478525 99.053377 99.583970 99.053377 97.478525 94.909294 91.425893 87.134693 82.162831 76.651959 70.751572 64.612346 58.379896 52.189310 46.160707 40.396007 34.976970 29.964465 25.398877 21.301462 17.676434 14.513558 11.791009 9.478288 7.539020 5.933491 4.620839 3.560829 2.715227 2.048759 1.529716 1.130242 0.826377 0.597911 0.428108 0.303342 0.212708 0.147608 0.101372 0.068900 0.046346 0.030853 0.020327 0.013254 0.008550 0.005455 0.003436 0.002128 0.001279 0.000717 0.000321 0.000000 
0.000000 0.000216 0.000485 0.000872 0.001464 0.002387 0.003826 0.006058 0.009486 0.014698 0.022538 0.034204 0.051373 0.076367 0.112349 0.163578 0.235702 0.336108 0.474315 0.662398 0.915440 1.251970 1.694358 2.269122 3.007090 3.943357 5.116952 6.570181 8.347558 10.494287 13.054298 16.067819 19.568573 23.580684 28.115445 33.168164 38.715293 44.712120 51.091273 57.762274 64.612346 71.508581 78.301522 84.830072 90.927540 96.428547 101.176396 105.030449 107.873039 109.615443 110.202486 109.615443 107.873039 105.030449 101.176396 96.428547 90.927540 84.830072 78.301522 71.508581 64.612346 57.762274 51.091273 44.712120 38.715293 33.168164 28.115445 23.580684 19.568573 16.067819 13.054298 10.494287 8.347558 6.570181 5.116952 3.943357 3.007090 2.269122 1.694358 1.251970 0.915440 0.662398 0.474315 0.336108 0.235702 0.163578 0.112349 0.076366 0.051373 0.034203 0.022536 0.014695 0.009481 0.006049 0.003811 0.002360 0.001419 0.000795 0.000356 0.000000 
0.000000 0.000237 0.000533 0.000957 0.001607 0.002619 0.004198 0.006645 0.010405 0.016121 0.024717 0.037508 0.056332 0.083732 0.123175 0.179327 0.258378 0.368419 0.519876 0.725980 1.003248 1.371975 1.856658 2.486337 3.294769 4.320379 5.605898 7.197641 9.144336 11.495462 14.299098 17.599268 21.432867 25.826277 30.791835 36.324374 42.398085 48.963994 55.948323 63.252006 70.751572 78.301522 85.738250 92.885410 99.560544 105.582635 110.780172 114.999221 118.110999 120.018397 120.661028 120.018397 118.110999 114.999221 110.780172 105.582635 99.560544 92.885410 85.738250 78.301522 70.751572 63.252006 55.948323 48.963994 42.398085 36.324374 30.791835 25.826277 21.432867 17.599268 14.299098 11.495462 9.144336 7.197641 5.605898 4.320379 3.294769 2.486337 1.856658 1.371975 1.003248 0.725980 0.519876 0.368419 0.258378 0.179327 0.123175 0.083732 0.056332 0.037507 0.024716 0.016118 0.010400 0.006636 0.004181 0.002589 0.001557 0.000873 0.000390 0.000000 
