0.000000 0.000000 0.000000 0.000000 0.000000 0.000000 0.000000 0.000000 0.000000 0.000000 0.000000 0.000000 0.000000 0.000000 0.000000 0.000000 0.000000 0.000000 0.000000 0.000000 0.000000 0.000000 0.000000 0.000000 0.000000 0.000000 0.000000 0.000000 0.000000 0.000000 0.000000 0.000000 0.000000 0.000000 0.000000 0.000000 0.000000 0.000000 0.000000 0.000000 0.000000 0.000000 0.000000 0.000000 0.000000 0.000000 0.000000 0.000000 0.000000 0.000000 0.000000 0.000000 0.000000 0.000000 0.000000 0.000000 0.000000 0.000000 0.000000 0.000000 0.000000 0.000000 0.000000 0.000000 0.000000 0.000000 0.000000 0.000000 0.000000 0.000000 0.000000 0.000000 0.000000 0.000000 0.000000 0.000000 0.000000 0.000000 0.000000 0.000000 0.000000 0.000000 0.000000 0.000000 0.000000 0.000000 0.000000 0.000000 0.000000 0.000000 0.000000 0.000000 0.000000 0.000000 0.000000 0.000000 0.000000 0.000000 0.000000 0.000000 
0.000000 0.000000 0.000000 0.000000 0.000000 0.000000 0.000000 0.000000 0.000000 0.000000 0.000000 0.000000 0.000000 0.000000 0.000000 0.000000 0.000000 0.000000 0.000000 0.000000 0.000000 0.000000 0.000000 0.000000 0.000000 0.000000 0.000000 0.000000 0.000001 0.000001 0.000001 0.000001 0.000002 0.000002 0.000003 0.000004 0.000005 0.000006 0.000007 0.000008 0.000009 0.000011 0.000012 0.000013 0.000015 0.000016 0.000017 0.000018 0.000018 0.000019 0.000019 0.000019 0.000018 0.000018 0.000017 0.000016 0.000015 0.000013 0.000012 0.000011 0.000009 0.000008 0.000007 0.000006 0.000005 0.000004 0.000003 0.000002 0.000002 0.000001 0.000001 0.000001 0.000001 0.000000 0.000000 0.000000 0.000000 0.000000 0.000000 0.000000 0.000000 0.000000 0.000000 0.000000 0.000000 0.000000 0.000000 0.000000 0.000000 0.000000 0.000000 0.000000 0.000000 0.000000 0.000000 0.000000 0.000000 0.000000 0.000000 0.000000 
0.000000 0.000000 0.000000 0.000000 0.000000 0.000000 0.000000 0.000000 0.000000 0.000000 0.000000 0.000000 0.000000 0.000000 0.000000 0.000000 0.000000 0.000000 0.000000 0.000000 0.000000 0.000000 0.000000 0.000000 0.000000 0.000001 0.000001 0.000001 0.000002 0.000002 0.000003 0.000004 0.000005 0.000006 0.000008 0.000009 0.000011 0.000014 0.000016 0.000019 0.000022 0.000025 0.000029 0.000032 0.000035 0.000038 0.000040 0.000042 0.000044 0.000045 0.000045 0.000045 0.000044 0.000042 0.000040 0.000038 0.000035 0.000032 0.000029 0.000025 0.000022 0.000019 0.000016 0.000014 0.000011 0.000009 0.000008 0.000006 0.000005 0.000004 0.000003 0.000002 0.000002 0.000001 0.000001 0.000001 0.000000 0.000000 0.000000 0.000000 0.000000 0.000000 0.000000 0.000000 0.000000 0.000000 0.000000 0.000000 0.000000 0.000000 0.000000 0.000000 0.000000 0.000000 0.000000 0.000000 0.000000 0.000000 0.000000 0.000000 
0.000000 0.000000 0.000000 0.000000 0.000000 0.000000 0.000000 0.000000 0.000000 0.000000 0.000000 0.000000 0.000000 0.000000 0.000000 0.000000 0.000000 0.000000 0.000000 0.000000 0.000000 0.000000 0.000000 0.000001 0.000001 0.000001 0.000002 0.000002 0.000003 0.000004 0.000005 0.000007 0.000009 0.000012 0.000015 0.000018 0.000023 0.000027 0.000032 0.000038 0.000044 0.000050 0.000057 0.000063 0.000069 0.000074 0.000079 0.000083 0.000086 0.000088 0.000089 0.000088 0.000086 0.000083 0.000079 0.000074 0.000069 0.000063 0.000057 0.000050 0.000044 0.000038 0.000032 0.000027 0.000023 0.000018 0.000015 0.000012 0.000009 0.000007 0.000005 0.000004 0.000003 0.000002 0.000002 0.000001 0.000001 0.000001 0.000000 0.000000 0.000000 0.000000 0.000000 0.000000 0.000000 0.000000 0.000000 0.000000 0.000000 0.000000 0.000000 0.000000 0.000000 0.000000 0.000000 0.000000 0.000000 0.000000 0.000000 0.000000 
0.000000 0.000000 0.000000 0.000000 0.000000 0.000000 0.000000 0.000000 0.000000 0.000000 0.000000 0.000000 0.000000 0.000000 0.000000 0.000000 0.000000 0.000000 0.000000 0.000000 0.000000 0.000000 0.000001 0.000001 0.000002 0.000002 0.000003 0.000004 0.000006 0.000008 0.000010 0.000013 0.000017 0.000022 0.000028 0.000034 0.000042 0.000051 0.000061 0.000071 0.000082 0.000094 0.000106 0.000118 0.000129 0.000139 0.000148 0.000156 0.000161 0.000164 0.000166 0.000164 0.000161 0.000156 0.000148 0.000139 0.000129 0.000118 0.000106 0.000094 0.000082 0.000071 0.000061 0.000051 0.000042 0.000034 0.000028 0.000022 0.000017 0.000013 0.000010 0.000008 0.000006 0.000004 0.000003 0.000002 0.000002 0.000001 0.000001 0.000000 0.000000 0.000000 0.000000 0.000000 0.000000 0.000000 0.000000 0.000000 0.000000 0.000000 0.000000 0.000000 0.000000 0.000000 0.000000 0.000000 0.000000 0.000000 0.000000 0.000000 
0.000000 0.000000 0.000000 0.000000 0.000000 0.000000 0.000000 0.000000 0.000000 0.000000 0.000000 0.000000 0.000000 0.000000 0.000000 0.000000 0.000000 0.000000 0.000000 0.000000 0.000001 0.000001 0.000001 0.000002 0.000003 0.000004 0.000006 0.000008 0.000010 0.000014 0.000019 0.000025 0.000032 0.000040 0.000051 0.000063 0.000077 0.000093 0.000111 0.000130 0.000151 0.000172 0.000194 0.000215 0.000235 0.000254 0.000271 0.000284 0.000294 0.000300 0.000302 0.000300 0.000294 0.000284 0.000271 0.000254 0.000235 0.000215 0.000194 0.000172 0.000151 0.000130 0.000111 0.000093 0.000077 0.000063 0.000051 0.000040 0.000032 0.000025 0.000019 0.000014 0.000010 0.000008 0.000006 0.000004 0.000003 0.000002 0.000001 0.000001 0.000001 0.000000 0.000000 0.000000 0.000000 0.000000 0.000000 0.000000 0.000000 0.000000 0.000000 0.000000 0.000000 0.000000 0.000000 0.000000 0.000000 0.000000 0.000000 0.000000 
0.000000 0.000000 0.000000 0.000000 0.000000 0.000000 0.000000 0.000000 0.000000 0.000000 0.000000 0.000000 0.000000 0.000000 0.000000 0.000000 0.000000 0.000000 0.000000 0.000001 0.000001 0.000002 0.000002 0.000003 0.000005 0.000007 0.000010 0.000014 0.000019 0.000025 0.000034 0.000044 0.000057 0.000073 0.000092 0.000114 0.000139 0.000168 0.000200 0.000234 0.000271 0.000309 0.000348 0.000387 0.000423 0.000457 0.000486 0.000511 0.000529 0.000540 0.000544 0.000540 0.000529 0.000511 0.000486 0.000457 0.000423 0.000387 0.000348 0.000309 0.000271 0.000234 0.000200 0.000168 0.000139 0.000114 0.000092 0.000073 0.000057 0.000044 0.000034 0.000025 0.000019 0.000014 0.000010 0.000007 0.000005 0.000003 0.000002 0.000002 0.000001 0.000001 0.000000 0.000000 0.000000 0.000000 0.000000 0.000000 0.000000 0.000000 0.000000 0.000000 0.000000 0.000000 0.000000 0.000000 0.000000 0.000000 0.000000 0.000000 
0.000000 0.000000 0.000000 0.000000 0.000000 0.000000 0.000000 0.000000 0.000000 0.000000 0.000000 0.000000 0.000000 0.000000 0.000000 0.000000 0.000000 0.000001 0.000001 0.000001 0.000002 0.000003 0.000004 0.000006 0.000009 0.000013 0.000018 0.000025 0.000034 0.000045 0.000060 0.000079 0.000102 0.000130 0.000163 0.000202 0.000247 0.000298 0.000355 0.000416 0.000482 0.000550 0.000618 0.000686 0.000751 0.000811 0.000863 0.000906 0.000938 0.000958 0.000965 0.000958 0.000938 0.000906 0.000863 0.000811 0.000751 0.000686 0.000618 0.000550 0.000482 0.000416 0.000355 0.000298 0.000247 0.000202 0.000163 0.000130 0.000102 0.000079 0.000060 0.000045 0.000034 0.000025 0.000018 0.000013 0.000009 0.000006 0.000004 0.000003 0.000002 0.000001 0.000001 0.000001 0.000000 0.000000 0.000000 0.000000 0.000000 0.000000 0.000000 0.000000 0.000000 0.000000 0.000000 0.000000 0.000000 0.000000 0.000000 0.000000 
0.000000 0.000000 0.000000 0.000000 0.000000 0.000000 0.000000 0.000000 0.000000 0.000000 0.000000 0.000000 0.000000 0.000000 0.000000 0.000000 0.000001 0.000001 0.000001 0.000002 0.000003 0.000005 0.000008 0.000011 0.000016 0.000022 0.000031 0.000043 0.000059 0.000080 0.000106 0.000139 0.000179 0.000228 0.000287 0.000355 0.000434 0.000523 0.000622 0.000730 0.000844 0.000963 0.001084 0.001203 0.001316 0.001421 0.001512 0.001588 0.001644 0.001678 0.001690 0.001678 0.001644 0.001588 0.001512 0.001421 0.001316 0.001203 0.001084 0.000963 0.000844 0.000730 0.000622 0.000523 0.000434 0.000355 0.000287 0.000228 0.000179 0.000139 0.000106 0.000080 0.000059 0.000043 0.000031 0.000022 0.000016 0.000011 0.000008 0.000005 0.000003 0.000002 0.000001 0.000001 0.000001 0.000000 0.000000 0.000000 0.000000 0.000000 0.000000 0.000000 0.000000 0.000000 0.000000 0.000000 0.000000 0.000000 0.000000 0.000000 
0.000000 0.000000 0.000000 0.000000 0.000000 0.000000 0.000000 0.000000 0.000000 0.000000 0.000000 0.000000 0.000000 0.000000 0.000000 0.000001 0.000001 0.000002 0.000003 0.000004 0.000006 0.000009 0.000013 0.000019 0.000027 0.000039 0.000055 0.000076 0.000103 0.000139 0.000184 0.000241 0.000311 0.000396 0.000497 0.000616 0.000752 0.000907 0.001078 0.001264 0.001462 0.001667 0.001875 0.002081 0.002277 0.002457 0.002615 0.002745 0.002842 0.002902 0.002922 0.002902 0.002842 0.002745 0.002615 0.002457 0.002277 0.002081 0.001875 0.001667 0.001462 0.001264 0.001078 0.000907 0.000752 0.000616 0.000497 0.000396 0.000311 0.000241 0.000184 0.000139 0.000103 0.000076 0.000055 0.000039 0.000027 0.000019 0.000013 0.000009 0.000006 0.000004 0.000003 0.000002 0.000001 0.000001 0.000000 0.000000 0.000000 0.000000 0.000000 0.000000 0.000000 0.000000 0.000000 0.000000 0.000000 0.000000 0.000000 0.000000 
0.000000 0.000000 0.000000 0.000000 0.000000 0.000000 0.000000 0.000000 0.000000 0.000000 0.000000 0.000000 0.000000 0.000000 0.000001 0.000001 0.000002 0.000003 0.000004 0.000007 0.000010 0.000015 0.000022 0.000033 0.000047 0.000067 0.000094 0.000130 0.000177 0.000238 0.000315 0.000412 0.000532 0.000677 0.000850 0.001053 0.001287 0.001550 0.001843 0.002160 0.002498 0.002849 0.003204 0.003554 0.003889 0.004197 0.004466 0.004688 0.004853 0.004955 0.004989 0.004955 0.004853 0.004688 0.004466 0.004197 0.003889 0.003554 0.003204 0.002849 0.002498 0.002160 0.001843 0.001550 0.001287 0.001053 0.000850 0.000677 0.000532 0.000412 0.000315 0.000238 0.000177 0.000130 0.000094 0.000067 0.000047 0.000033 0.000022 0.000015 0.000010 0.000007 0.000004 0.000003 0.000002 0.000001 0.000001 0.000000 0.000000 0.000000 0.000000 0.000000 0.000000 0.000000 0.000000 0.000000 0.000000 0.000000 0.000000 0.000000 
0.000000 0.000000 0.000000 0.000000 0.000000 0.000000 0.000000 0.000000 0.000000 0.000000 0.000000 0.000000 0.000000 0.000001 0.000001 0.000002 0.000003 0.000005 0.000007 0.000011 0.000017 0.000026 0.000038 0.000056 0.000080 0.000114 0.000159 0.000220 0.000299 0.000402 0.000533 0.000697 0.000899 0.001145 0.001437 0.001779 0.002173 0.002618 0.003111 0.003646 0.004215 0.004806 0.005404 0.005994 0.006558 0.007076 0.007530 0.007903 0.008181 0.008353 0.008411 0.008353 0.008181 0.007903 0.007530 0.007076 0.006558 0.005994 0.005404 0.004806 0.004215 0.003646 0.003111 0.002618 0.002173 0.001779 0.001437 0.001145 0.000899 0.000697 0.000533 0.000402 0.000299 0.000220 0.000159 0.000114 0.000080 0.000056 0.000038 0.000026 0.000017 0.000011 0.000007 0.000005 0.000003 0.000002 0.000001 0.000001 0.000000 0.000000 0.000000 0.000000 0.000000 0.000000 0.000000 0.000000 0.000000 0.000000 0.000000 0.000000 
0.000000 0.000000 0.000000 0.000000 0.000000 0.000000 0.000000 0.000000 0.000000 0.000000 0.000000 0.000000 0.000001 0.000001 0.000002 0.000003 0.000005 0.000008 0.000012 0.000019 0.000029 0.000043 0.000064 0.000093 0.000134 0.000190 0.000266 0.000367 0.000500 0.000672 0.000890 0.001164 0.001501 0.001910 0.002397 0.002967 0.003623 0.004364 0.005184 0.006074 0.007021 0.008004 0.009000 0.009981 0.010918 0.011779 0.012534 0.013154 0.013616 0.013901 0.013998 0.013901 0.013616 0.013154 0.012534 0.011779 0.010918 0.009981 0.009000 0.008004 0.007021 0.006074 0.005184 0.004364 0.003623 0.002967 0.002397 0.001910 0.001501 0.001164 0.000890 0.000672 0.000500 0.000367 0.000266 0.000190 0.000134 0.000093 0.000064 0.000043 0.000029 0.000019 0.000012 0.000008 0.000005 0.000003 0.000002 0.000001 0.000001 0.000000 0.000000 0.000000 0.000000 0.000000 0.000000 0.000000 0.000000 0.000000 0.000000 0.000000 
0.000000 0.000000 0.000000 0.000000 0.000000 0.000000 0.000000 0.000000 0.000000 0.000000 0.000000 0.000001 0.000001 0.000002 0.000003 0.000005 0.000008 0.000013 0.000021 0.000032 0.000048 0.000072 0.000106 0.000154 0.000222 0.000314 0.000439 0.000606 0.000825 0.001108 0.001468 0.001919 0.002474 0.003147 0.003947 0.004885 0.005963 0.007181 0.008529 0.009992 0.011546 0.013160 0.014796 0.016407 0.017944 0.019358 0.020597 0.021615 0.022373 0.022841 0.022999 0.022841 0.022373 0.021615 0.020597 0.019358 0.017944 0.016407 0.014796 0.013160 0.011546 0.009992 0.008529 0.007181 0.005963 0.004885 0.003947 0.003147 0.002474 0.001919 0.001468 0.001108 0.000825 0.000606 0.000439 0.000314 0.000222 0.000154 0.000106 0.000072 0.000048 0.000032 0.000021 0.000013 0.000008 0.000005 0.000003 0.000002 0.000001 0.000001 0.000000 0.000000 0.000000 0.000000 0.000000 0.000000 0.000000 0.000000 0.000000 0.000000 
0.000000 0.000000 0.000000 0.000000 0.000000 0.000000 0.000000 0.000000 0.000000 0.000000 0.000001 0.000001 0.000002 0.000003 0.000005 0.000009 0.000014 0.000022 0.000034 0.000052 0.000078 0.000117 0.000173 0.000252 0.000362 0.000513 0.000716 0.000988 0.001344 0.001805 0.002390 0.003123 0.004025 0.005117 0.006417 0.007940 0.009690 0.011665 0.013852 0.016225 0.018745 0.021363 0.024013 0.026625 0.029117 0.031407 0.033415 0.035065 0.036293 0.037051 0.037307 0.037051 0.036293 0.035065 0.033415 0.031407 0.029117 0.026625 0.024013 0.021363 0.018745 0.016225 0.013852 0.011665 0.009690 0.007940 0.006417 0.005117 0.004025 0.003123 0.002390 0.001805 0.001344 0.000988 0.000716 0.000513 0.000362 0.000252 0.000173 0.000117 0.000078 0.000052 0.000034 0.000022 0.000014 0.000009 0.000005 0.000003 0.000002 0.000001 0.000001 0.000000 0.000000 0.000000 0.000000 0.000000 0.000000 0.000000 0.000000 0.000000 
0.000000 0.000000 0.000000 0.000000 0.000000 0.000000 0.000000 0.000000 0.000000 0.000001 0.000001 0.000002 0.000003 0.000005 0.000009 0.000014 0.000022 0.000035 0.000054 0.000084 0.000127 0.000189 0.000279 0.000406 0.000583 0.000825 0.001153 0.001589 0.002162 0.002901 0.003840 0.005016 0.006462 0.008214 0.010299 0.012738 0.015542 0.018706 0.022208 0.026008 0.030043 0.034232 0.038474 0.042653 0.046640 0.050304 0.053515 0.056155 0.058119 0.059331 0.059740 0.059331 0.058119 0.056155 0.053515 0.050304 0.046640 0.042653 0.038474 0.034232 0.030043 0.026008 0.022208 0.018706 0.015542 0.012738 0.010299 0.008214 0.006462 0.005016 0.003840 0.002901 0.002162 0.001589 0.001153 0.000825 0.000583 0.000406 0.000279 0.000189 0.000127 0.000084 0.000054 0.000035 0.000022 0.000014 0.000009 0.000005 0.000003 0.000002 0.000001 0.000001 0.000000 0.000000 0.000000 0.000000 0.000000 0.000000 0.000000 0.000000 
0.000000 0.000000 0.000000 0.000000 0.000000 0.000000 0.000000 0.000000 0.000001 0.000001 0.000002 0.000003 0.000005 0.000008 0.000014 0.000022 0.000035 0.000056 0.000087 0.000133 0.000202 0.000301 0.000444 0.000645 0.000926 0.001311 0.001831 0.002523 0.003431 0.004603 0.006091 0.007953 0.010243 0.013015 0.016315 0.020174 0.024609 0.029612 0.035148 0.041154 0.047531 0.054150 0.060852 0.067452 0.073750 0.079537 0.084608 0.088775 0.091877 0.093791 0.094437 0.093791 0.091877 0.088775 0.084608 0.079537 0.073750 0.067452 0.060852 0.054150 0.047531 0.041154 0.035148 0.029612 0.024609 0.020174 0.016315 0.013015 0.010243 0.007953 0.006091 0.004603 0.003431 0.002523 0.001831 0.001311 0.000926 0.000645 0.000444 0.000301 0.000202 0.000133 0.000087 0.000056 0.000035 0.000022 0.000014 0.000008 0.000005 0.000003 0.000002 0.000001 0.000001 0.000000 0.000000 0.000000 0.000000 0.000000 0.000000 0.000000 
0.000000 0.000000 0.000000 0.000000 0.000000 0.000000 0.000000 0.000001 0.000001 0.000002 0.000003 0.000005 0.000008 0.000013 0.000022 0.000035 0.000056 0.000088 0.000137 0.000210 0.000317 0.000473 0.000697 0.001013 0.001453 0.002056 0.002871 0.003955 0.005375 0.007208 0.009535 0.012446 0.016026 0.020357 0.025511 0.031538 0.038462 0.046271 0.054912 0.064282 0.074231 0.084555 0.095007 0.105299 0.115118 0.124140 0.132046 0.138542 0.143377 0.146359 0.147367 0.146359 0.143377 0.138542 0.132046 0.124140 0.115118 0.105299 0.095007 0.084555 0.074231 0.064282 0.054912 0.046271 0.038462 0.031538 0.025511 0.020357 0.016026 0.012446 0.009535 0.007208 0.005375 0.003955 0.002871 0.002056 0.001453 0.001013 0.000697 0.000473 0.000317 0.000210 0.000137 0.000088 0.000056 0.000035 0.000022 0.000013 0.000008 0.000005 0.000003 0.000002 0.000001 0.000001 0.000000 0.000000 0.000000 0.000000 0.000000 0.000000 
0.000000 0.000000 0.000000 0.000000 0.000000 0.000000 0.000000 0.000001 0.000001 0.000003 0.000004 0.000007 0.000012 0.000021 0.000034 0.000054 0.000087 0.000137 0.000212 0.000325 0.000492 0.000734 0.001080 0.001569 0.002250 0.003182 0.004442 0.006117 0.008311 0.011140 0.014734 0.019225 0.024748 0.031429 0.039375 0.048666 0.059336 0.071369 0.084679 0.099112 0.114433 0.130329 0.146419 0.162261 0.177374 0.191259 0.203425 0.213421 0.220861 0.225449 0.226999 0.225449 0.220861 0.213421 0.203425 0.191259 0.177374 0.162261 0.146419 0.130329 0.114433 0.099112 0.084679 0.071369 0.059336 0.048666 0.039375 0.031429 0.024748 0.019225 0.014734 0.011140 0.008311 0.006117 0.004442 0.003182 0.002250 0.001569 0.001080 0.000734 0.000492 0.000325 0.000212 0.000137 0.000087 0.000054 0.000034 0.000021 0.000012 0.000007 0.000004 0.000003 0.000001 0.000001 0.000000 0.000000 0.000000 0.000000 0.000000 0.000000 
0.000000 0.000000 0.000000 0.000000 0.000000 0.000000 0.000001 0.000001 0.000002 0.000004 0.000007 0.000011 0.000019 0.000032 0.000052 0.000084 0.000133 0.000210 0.000325 0.000498 0.000753 0.001123 0.001652 0.002399 0.003438 0.004862 0.006783 0.009337 0.012682 0.016995 0.022470 0.029311 0.037721 0.047891 0.059986 0.074122 0.090354 0.108654 0.128894 0.150837 0.174125 0.198285 0.222737 0.246808 0.269769 0.290862 0.309342 0.324526 0.335826 0.342795 0.345150 0.342795 0.335826 0.324526 0.309342 0.290862 0.269769 0.246808 0.222737 0.198285 0.174125 0.150837 0.128894 0.108654 0.090354 0.074122 0.059986 0.047891 0.037721 0.029311 0.022470 0.016995 0.012682 0.009337 0.006783 0.004862 0.003438 0.002399 0.001652 0.001123 0.000753 0.000498 0.000325 0.000210 0.000133 0.000084 0.000052 0.000032 0.000019 0.000011 0.000007 0.000004 0.000002 0.000001 0.000001 0.000000 0.000000 0.000000 0.000000 0.000000 
0.000000 0.000000 0.000000 0.000000 0.000000 0.000001 0.000001 0.000002 0.000003 0.000006 0.000010 0.000017 0.000029 0.000048 0.000078 0.000127 0.000202 0.000317 0.000492 0.000753 0.001137 0.001695 0.002494 0.003620 0.005186 0.007330 0.010223 0.014068 0.019101 0.025590 0.033823 0.044107 0.056747 0.072029 0.090197 0.111427 0.135800 0.163273 0.193652 0.226581 0.261523 0.297768 0.334445 0.370549 0.404983 0.436612 0.464322 0.487088 0.504030 0.514478 0.518008 0.514478 0.504030 0.487088 0.464322 0.436612 0.404983 0.370549 0.334445 0.297768 0.261523 0.226581 0.193652 0.163273 0.135800 0.111427 0.090197 0.072029 0.056747 0.044107 0.033823 0.025590 0.019101 0.014068 0.010223 0.007330 0.005186 0.003620 0.002494 0.001695 0.001137 0.000753 0.000492 0.000317 0.000202 0.000127 0.000078 0.000048 0.000029 0.000017 0.000010 0.000006 0.000003 0.000002 0.000001 0.000001 0.000000 0.000000 0.000000 0.000000 
0.000000 0.000000 0.000000 0.000000 0.000000 0.000001 0.000002 0.000003 0.000005 0.000009 0.000015 0.000026 0.000043 0.000072 0.000117 0.000189 0.000301 0.000473 0.000734 0.001123 0.001695 0.002526 0.003715 0.005390 0.007719 0.010906 0.015206 0.020918 0.028394 0.038026 0.050247 0.065507 0.084257 0.106920 0.133858 0.165329 0.201451 0.242158 0.287165 0.335939 0.387688 0.441360 0.495663 0.549112 0.600084 0.646899 0.687912 0.721604 0.746677 0.762138 0.767363 0.762138 0.746677 0.721604 0.687912 0.646899 0.600084 0.549112 0.495663 0.441360 0.387688 0.335939 0.287165 0.242158 0.201451 0.165329 0.133858 0.106920 0.084257 0.065507 0.050247 0.038026 0.028394 0.020918 0.015206 0.010906 0.007719 0.005390 0.003715 0.002526 0.001695 0.001123 0.000734 0.000473 0.000301 0.000189 0.000117 0.000072 0.000043 0.000026 0.000015 0.000009 0.000005 0.000003 0.000002 0.000001 0.000000 0.000000 0.000000 0.000000 
0.000000 0.000000 0.000000 0.000000 0.000001 0.000001 0.000002 0.000004 0.000008 0.000013 0.000022 0.000038 0.000064 0.000106 0.000173 0.000279 0.000444 0.000697 0.001080 0.001652 0.002494 0.003715 0.005460 0.007921 0.011338 0.016015 0.022321 0.030696 0.041653 0.055768 0.073669 0.096017 0.123469 0.156642 0.196063 0.242108 0.294946 0.354479 0.420290 0.491597 0.567243 0.645688 0.725047 0.803147 0.877622 0.946018 1.005933 1.055149 1.091775 1.114358 1.121990 1.114358 1.091775 1.055149 1.005933 0.946018 0.877622 0.803147 0.725047 0.645688 0.567243 0.491597 0.420290 0.354479 0.294946 0.242108 0.196063 0.156642 0.123469 0.096017 0.073669 0.055768 0.041653 0.030696 0.022321 0.016015 0.011338 0.007921 0.005460 0.003715 0.002494 0.001652 0.001080 0.000697 0.000444 0.000279 0.000173 0.000106 0.000064 0.000038 0.000022 0.000013 0.000008 0.000004 0.000002 0.000001 0.000001 0.000000 0.000000 0.000000 
0.000000 0.000000 0.000000 0.000001 0.000001 0.000002 0.000003 0.000006 0.000011 0.000019 0.000033 0.000056 0.000093 0.000154 0.000252 0.000406 0.000645 0.001013 0.001569 0.002399 0.003620 0.005390 0.007921 0.011486 0.016435 0.023207 0.032334 0.044453 0.060303 0.080715 0.106596 0.138895 0.178563 0.226486 0.283422 0.349911 0.426195 0.512129 0.607107 0.710002 0.819141 0.932304 1.046771 1.159412 1.266813 1.365441 1.451832 1.522795 1.575600 1.608159 1.619162 1.608159 1.575600 1.522795 1.451832 1.365441 1.266813 1.159412 1.046771 0.932304 0.819141 0.710002 0.607107 0.512129 0.426195 0.349911 0.283422 0.226486 0.178563 0.138895 0.106596 0.080715 0.060303 0.044453 0.032334 0.023207 0.016435 0.011486 0.007921 0.005390 0.003620 0.002399 0.001569 0.001013 0.000645 0.000406 0.000252 0.000154 0.000093 0.000056 0.000033 0.000019 0.000011 0.000006 0.000003 0.000002 0.000001 0.000001 0.000000 0.000000 
0.000000 0.000000 0.000000 0.000001 0.000002 0.000003 0.000005 0.000009 0.000016 0.000027 0.000047 0.000080 0.000134 0.000222 0.000362 0.000583 0.000926 0.001453 0.002250 0.003438 0.005186 0.007719 0.011338 0.016435 0.023510 0.033185 0.046223 0.063529 0.086156 0.115287 0.152213 0.198286 0.254856 0.323183 0.404342 0.499099 0.607795 0.730219 0.865505 1.012046 1.167458 1.328578 1.491537 1.651880 1.804750 1.945122 2.068070 2.169055 2.244199 2.290531 2.306187 2.290531 2.244199 2.169055 2.068070 1.945122 1.804750 1.651880 1.491537 1.328578 1.167458 1.012046 0.865505 0.730219 0.607795 0.499099 0.404342 0.323183 0.254856 0.198286 0.152213 0.115287 0.086156 0.063529 0.046223 0.033185 0.023510 0.016435 0.011338 0.007719 0.005186 0.003438 0.002250 0.001453 0.000926 0.000583 0.000362 0.000222 0.000134 0.000080 0.000047 0.000027 0.000016 0.000009 0.000005 0.000003 0.000001 0.000001 0.000000 0.000000 
0.000000 0.000000 0.000001 0.000001 0.000002 0.000004 0.000007 0.000013 0.000022 0.000039 0.000067 0.000114 0.000190 0.000314 0.000513 0.000825 0.001311 0.002056 0.003182 0.004862 0.007330 0.010906 0.016015 0.023207 0.033185 0.046829 0.065207 0.089595 0.121471 0.162500 0.214495 0.279354 0.358969 0.455112 0.569285 0.702563 0.855418 1.027549 1.217732 1.423709 1.642124 1.868534 2.097503 2.322773 2.537526 2.734707 2.907403 3.049241 3.154780 3.219851 3.241839 3.219851 3.154780 3.049241 2.907403 2.734707 2.537526 2.322773 2.097503 1.868534 1.642124 1.423709 1.217732 1.027549 0.855418 0.702563 0.569285 0.455112 0.358969 0.279354 0.214495 0.162500 0.121471 0.089595 0.065207 0.046829 0.033185 0.023207 0.016015 0.010906 0.007330 0.004862 0.003182 0.002056 0.001311 0.000825 0.000513 0.000314 0.000190 0.000114 0.000067 0.000039 0.000022 0.000013 0.000007 0.000004 0.000002 0.000001 0.000000 0.000000 
0.000000 0.000000 0.000001 0.000002 0.000003 0.000006 0.000010 0.000018 0.000031 0.000055 0.000094 0.000159 0.000266 0.000439 0.000716 0.001153 0.001831 0.002871 0.004442 0.006783 0.010223 0.015206 0.022321 0.032334 0.046223 0.065207 0.090771 0.124686 0.169003 0.226030 0.298280 0.388384 0.498964 0.632471 0.790984 0.975987 1.188126 1.426978 1.690840 1.976573 2.279520 2.593520 2.911034 3.223391 3.521139 3.794505 4.033911 4.230531 4.376826 4.467024 4.497502 4.467024 4.376826 4.230531 4.033911 3.794505 3.521139 3.223391 2.911034 2.593520 2.279520 1.976573 1.690840 1.426978 1.188126 0.975987 0.790984 0.632471 0.498964 0.388384 0.298280 0.226030 0.169003 0.124686 0.090771 0.065207 0.046223 0.032334 0.022321 0.015206 0.010223 0.006783 0.004442 0.002871 0.001831 0.001153 0.000716 0.000439 0.000266 0.000159 0.000094 0.000055 0.000031 0.000018 0.000010 0.000006 0.000003 0.000002 0.000001 0.000000 
0.000000 0.000000 0.000001 0.000002 0.000004 0.000008 0.000014 0.000025 0.000043 0.000076 0.000130 0.000220 0.000367 0.000606 0.000988 0.001589 0.002523 0.003955 0.006117 0.009337 0.014068 0.020918 0.030696 0.044453 0.063529 0.089595 0.124686 0.171228 0.232027 0.310245 0.409320 0.532850 0.684419 0.867375 1.084559 1.337990 1.628545 1.955635 2.316922 2.708102 3.122797 3.552574 3.987116 4.414560 4.821981 5.196013 5.523561 5.792558 5.992698 6.116093 6.157787 6.116093 5.992698 5.792558 5.523561 5.196013 4.821981 4.414560 3.987116 3.552574 3.122797 2.708102 2.316922 1.955635 1.628545 1.337990 1.084559 0.867375 0.684419 0.532850 0.409320 0.310245 0.232027 0.171228 0.124686 0.089595 0.063529 0.044453 0.030696 0.020918 0.014068 0.009337 0.006117 0.003955 0.002523 0.001589 0.000988 0.000606 0.000367 0.000220 0.000130 0.000076 0.000043 0.000025 0.000014 0.000008 0.000004 0.000002 0.000001 0.000000 
0.000000 0.000001 0.000002 0.000003 0.000006 0.000010 0.000019 0.000034 0.000059 0.000103 0.000177 0.000299 0.000500 0.000825 0.001344 0.002162 0.003431 0.005375 0.008311 0.012682 0.019101 0.028394 0.041653 0.060303 0.086156 0.121471 0.169003 0.232027 0.314339 0.420207 0.554275 0.721398 0.926414 1.173837 1.467492 1.810099 2.202830 2.644876 3.133068 3.661584 4.221804 4.802334 5.389245 5.966518 6.516707 7.021774 7.464049 7.827249 8.097469 8.264067 8.320359 8.264067 8.097469 7.827249 7.464049 7.021774 6.516707 5.966518 5.389245 4.802334 4.221804 3.661584 3.133068 2.644876 2.202830 1.810099 1.467492 1.173837 0.926414 0.721398 0.554275 0.420207 0.314339 0.232027 0.169003 0.121471 0.086156 0.060303 0.041653 0.028394 0.019101 0.012682 0.008311 0.005375 0.003431 0.002162 0.001344 0.000825 0.000500 0.000299 0.000177 0.000103 0.000059 0.000034 0.000019 0.000010 0.000006 0.000003 0.000001 0.000000 
0.000000 0.000001 0.000002 0.000004 0.000008 0.000014 0.000025 0.000045 0.000080 0.000139 0.000238 0.000402 0.000672 0.001108 0.001805 0.002901 0.004603 0.007208 0.011140 0.016995 0.025590 0.038026 0.055768 0.080715 0.115287 0.162500 0.226030 0.310245 0.420207 0.561606 0.740630 0.963747 1.237399 1.567595 1.959419 2.416485 2.940337 3.529884 4.180887 4.885575 5.632448 6.406319 7.188621 7.958013 8.691254 9.364319 9.953674 10.437638 10.797694 11.019674 11.094679 11.019674 10.797694 10.437638 9.953674 9.364319 8.691254 7.958013 7.188621 6.406319 5.632448 4.885575 4.180887 3.529884 2.940337 2.416485 1.959419 1.567595 1.237399 0.963747 0.740630 0.561606 0.420207 0.310245 0.226030 0.162500 0.115287 0.080715 0.055768 0.038026 0.025590 0.016995 0.011140 0.007208 0.004603 0.002901 0.001805 0.001108 0.000672 0.000402 0.000238 0.000139 0.000080 0.000045 0.000025 0.000014 0.000008 0.000004 0.000002 0.000000 
0.000000 0.000001 0.000003 0.000005 0.000010 0.000019 0.000034 0.000060 0.000106 0.000184 0.000315 0.000533 0.000890 0.001468 0.002390 0.003840 0.006091 0.009535 0.014734 0.022470 0.033823 0.050247 0.073669 0.106596 0.152213 0.214495 0.298280 0.409320 0.554275 0.740630 0.976523 1.270459 1.630902 2.065744 2.581660 3.183384 3.872929 4.648842 5.505526 6.432746 7.415366 8.433404 9.462442 10.474418 11.438777 12.323939 13.098976 13.735390 14.208852 14.500742 14.599368 14.500742 14.208852 13.735390 13.098976 12.323939 11.438777 10.474418 9.462442 8.433404 7.415366 6.432746 5.505526 4.648842 3.872929 3.183384 2.581660 2.065744 1.630902 1.270459 0.976523 0.740630 0.554275 0.409320 0.298280 0.214495 0.152213 0.106596 0.073669 0.050247 0.033823 0.022470 0.014734 0.009535 0.006091 0.003840 0.002390 0.001468 0.000890 0.000533 0.000315 0.000184 0.000106 0.000060 0.000034 0.000019 0.000010 0.000005 0.000002 0.000000 
0.000000 0.000001 0.000004 0.000007 0.000013 0.000025 0.000044 0.000079 0.000139 0.000241 0.000412 0.000697 0.001164 0.001919 0.003123 0.005016 0.007953 0.012446 0.019225 0.029311 0.044107 0.065507 0.096017 0.138895 0.198286 0.279354 0.388384 0.532850 0.721398 0.963747 1.270459 1.652568 2.121049 2.686134 3.356469 4.138176 5.033848 6.041571 7.154061 8.358012 9.633765 10.955376 12.291154 13.604684 14.856327 16.005113 17.010928 17.836813 18.451215 18.829987 18.957968 18.829987 18.451215 17.836813 17.010928 16.005113 14.856327 13.604684 12.291154 10.955376 9.633765 8.358012 7.154061 6.041571 5.033848 4.138176 3.356469 2.686134 2.121049 1.652568 1.270459 0.963747 0.721398 0.532850 0.388384 0.279354 0.198286 0.138895 0.096017 0.065507 0.044107 0.029311 0.019225 0.012446 0.007953 0.005016 0.003123 0.001919 0.001164 0.000697 0.000412 0.000241 0.000139 0.000079 0.000044 0.000024 0.000013 0.000007 0.000003 0.000000 
0.000000 0.000002 0.000005 0.000009 0.000017 0.000032 0.000057 0.000102 0.000179 0.000311 0.000532 0.000899 0.001501 0.002474 0.004025 0.006462 0.010243 0.016026 0.024748 0.037721 0.056747 0.084257 0.123469 0.178563 0.254856 0.358969 0.498964 0.684419 0.926414 1.237399 1.630902 2.121049 2.721889 3.446508 4.305961 5.308064 6.456108 7.747614 9.173223 10.715871 12.350359 14.043449 15.754548 17.437028 19.040136 20.511427 21.799551 22.857205 23.644005 24.129051 24.292938 24.129051 23.644005 22.857205 21.799551 20.511427 19.040136 17.437028 15.754548 14.043449 12.350359 10.715871 9.173223 7.747614 6.456108 5.308064 4.305961 3.446508 2.721889 2.121049 1.630902 1.237399 0.926414 0.684419 0.498964 0.358969 0.254856 0.178563 0.123469 0.084257 0.056747 0.037721 0.024748 0.016026 0.010243 0.006462 0.004025 0.002474 0.001501 0.000899 0.000532 0.000311 0.000179 0.000102 0.000057 0.000032 0.000017 0.000009 0.000004 0.000000 
0.000000 0.000002 0.000006 0.000012 0.000022 0.000040 0.000073 0.000130 0.000228 0.000396 0.000677 0.001145 0.001910 0.003147 0.005117 0.008214 0.013015 0.020357 0.031429 0.047891 0.072029 0.106920 0.156642 0.226486 0.323183 0.455112 0.632471 0.867375 1.173837 1.567595 2.065744 2.686134 3.446508 4.363387 5.450720 6.718352 8.170413 9.803731 11.606447 13.556961 15.623405 17.763755 19.926707 22.053338 24.079523 25.939008 27.566929 28.903538 29.897831 30.510782 30.717883 30.510782 29.897831 28.903538 27.566929 25.939008 24.079523 22.053338 19.926707 17.763755 15.623405 13.556961 11.606447 9.803731 8.170413 6.718352 5.450720 4.363387 3.446508 2.686134 2.065744 1.567595 1.173837 0.867375 0.632471 0.455112 0.323183 0.226486 0.156642 0.106920 0.072029 0.047891 0.031429 0.020357 0.013015 0.008214 0.005117 0.003146 0.001910 0.001145 0.000677 0.000396 0.000228 0.000130 0.000073 0.000040 0.000022 0.000011 0.000005 0.000000 
0.000000 0.000003 0.000008 0.000015 0.000028 0.000051 0.000092 0.000163 0.000287 0.000497 0.000850 0.001437 0.002397 0.003947 0.006417 0.010299 0.016315 0.025511 0.039375 0.059986 0.090197 0.133858 0.196063 0.283422 0.404342 0.569285 0.790984 1.084559 1.467492 1.959419 2.581660 3.356469 4.305961 5.450720 6.808112 8.390382 10.202639 12.240889 14.490299 16.923897 19.501909 22.171910 24.869912 27.522436 30.049534 32.368609 34.398806 36.065651 37.305574 38.069935 38.328193 38.069935 37.305574 36.065651 34.398806 32.368609 30.049534 27.522436 24.869912 22.171910 19.501909 16.923897 14.490299 12.240889 10.202639 8.390382 6.808112 5.450720 4.305961 3.356469 2.581660 1.959419 1.467492 1.084559 0.790984 0.569285 0.404342 0.283422 0.196063 0.133858 0.090197 0.059986 0.039375 0.025511 0.016315 0.010299 0.006417 0.003947 0.002397 0.001437 0.000850 0.000497 0.000287 0.000163 0.000092 0.000051 0.000027 0.000014 0.000006 0.000000 
0.000000 0.000004 0.000009 0.000018 0.000034 0.000063 0.000114 0.000202 0.000355 0.000616 0.001053 0.001779 0.002967 0.004885 0.007940 0.012738 0.020174 0.031538 0.048666 0.074122 0.111427 0.165329 0.242108 0.349911 0.499099 0.702563 0.975987 1.337990 1.810099 2.416485 3.183384 4.138176 5.308064 6.718352 8.390382 10.339181 12.570992 15.080851 17.850457 20.846575 24.020225 27.306872 30.627760 33.892474 37.002651 39.856678 42.355095 44.406299 45.932103 46.872684 47.190479 46.872684 45.932103 44.406299 42.355095 39.856678 37.002651 33.892474 30.627760 27.306872 24.020225 20.846575 17.850457 15.080851 12.570992 10.339181 8.390382 6.718352 5.308064 4.138176 3.183384 2.416485 1.810099 1.337990 0.975987 0.702563 0.499099 0.349911 0.242108 0.165329 0.111427 0.074122 0.048666 0.031538 0.020174 0.012738 0.007940 0.004885 0.002967 0.001779 0.001053 0.000616 0.000355 0.000202 0.000114 0.000063 0.000034 0.000017 0.000007 0.000000 
0.000000 0.000005 0.000011 0.000023 0.000042 0.000077 0.000139 0.000247 0.000434 0.000752 0.001287 0.002173 0.003623 0.005963 0.009690 0.015542 0.024609 0.038462 0.059336 0.090354 0.135800 0.201451 0.294946 0.426195 0.607795 0.855418 1.188126 1.628545 2.202830 2.940337 3.872929 5.033848 6.456108 8.170413 10.202639 12.570992 15.282999 18.332579 21.697454 25.337218 29.192353 33.184467 37.217917 41.182916 44.960042 48.425943 51.459888 53.950691 55.803454 56.945572 57.331459 56.945572 55.803454 53.950691 51.459888 48.425943 44.960042 41.182916 37.217917 33.184467 29.192353 25.337218 21.697454 18.332579 15.282999 12.570992 10.202639 8.170413 6.456108 5.033848 3.872929 2.940337 2.202830 1.628545 1.188126 0.855418 0.607795 0.426195 0.294946 0.201451 0.135800 0.090354 0.059336 0.038462 0.024609 0.015542 0.009690 0.005963 0.003623 0.002173 0.001287 0.000752 0.000434 0.000247 0.000139 0.000077 0.000042 0.000021 0.000009 0.000000 
0.000000 0.000006 0.000014 0.000027 0.000051 0.000093 0.000168 0.000298 0.000523 0.000907 0.001550 0.002618 0.004364 0.007181 0.011665 0.018706 0.029612 0.046271 0.071369 0.108654 0.163273 0.242158 0.354479 0.512129 0.730219 1.027549 1.426978 1.955635 2.644876 3.529884 4.648842 6.041571 7.747614 9.803731 12.240889 15.080851 18.332579 21.988725 26.022535 30.385538 35.006375 39.791082 44.625046 49.376724 53.903046 58.056246 61.691714 64.676275 66.896272 68.264750 68.727114 68.264750 66.896272 64.676275 61.691714 58.056246 53.903046 49.376724 44.625046 39.791082 35.006375 30.385538 26.022535 21.988725 18.332579 15.080851 12.240889 9.803731 7.747614 6.041571 4.648842 3.529884 2.644876 1.955635 1.426978 1.027549 0.730219 0.512129 0.354479 0.242158 0.163273 0.108654 0.071369 0.046271 0.029612 0.018706 0.011665 0.007181 0.004364 0.002618 0.001550 0.000907 0.000523 0.000298 0.000168 0.000093 0.000050 0.000026 0.000011 0.000000 
0.000000 0.000007 0.000016 0.000032 0.000061 0.000111 0.000200 0.000355 0.000622 0.001078 0.001843 0.003111 0.005184 0.008529 0.013852 0.022208 0.035148 0.054912 0.084679 0.128894 0.193652 0.287165 0.420290 0.607107 0.865505 1.217732 1.690840 2.316922 3.133068 4.180887 5.505526 7.154061 9.173223 11.606447 14.490299 17.850457 21.697454 26.022535 30.794001 35.954483 41.419560 47.078103 52.794586 58.413487 63.765673 68.676481 72.974981 76.503778 79.128544 80.746515 81.293171 80.746515 79.128544 76.503778 72.974981 68.676481 63.765673 58.413487 52.794586 47.078103 41.419560 35.954483 30.794001 26.022535 21.697454 17.850457 14.490299 11.606447 9.173223 7.154061 5.505526 4.180887 3.133068 2.316922 1.690840 1.217732 0.865505 0.607107 0.420290 0.287165 0.193652 0.128894 0.084679 0.054912 0.035148 0.022208 0.013852 0.008529 0.005184 0.003111 0.001843 0.001078 0.000622 0.000355 0.000199 0.000110 0.000060 0.000031 0.000013 0.000000 
0.000000 0.000008 0.000019 0.000038 0.000071 0.000130 0.000234 0.000416 0.000730 0.001264 0.002160 0.003646 0.006074 0.009992 0.016225 0.026008 0.041154 0.064282 0.099112 0.150837 0.226581 0.335939 0.491597 0.710002 1.012046 1.423709 1.976573 2.708102 3.661584 4.885575 6.432746 8.358012 10.715871 13.556961 16.923897 20.846575 25.337218 30.385538 35.954483 41.977057 48.354719 54.957783 61.628122 68.184302 74.429032 80.158585 85.173606 89.290527 92.352697 94.240273 94.878016 94.240273 92.352697 89.290527 85.173606 80.158585 74.429032 68.184302 61.628122 54.957783 48.354719 41.977057 35.954483 30.385538 25.337218 20.846575 16.923897 13.556961 10.715871 8.358012 6.432746 4.885575 3.661584 2.708102 1.976573 1.423709 1.012046 0.710002 0.491597 0.335939 0.226581 0.150837 0.099112 0.064282 0.041154 0.026008 0.016225 0.009992 0.006074 0.003646 0.002160 0.001264 0.000730 0.000416 0.000234 0.000130 0.000070 0.000036 0.000015 0.000000 
0.000000 0.000009 0.000022 0.000044 0.000082 0.000151 0.000271 0.000482 0.000844 0.001462 0.002498 0.004215 0.007021 0.011546 0.018745 0.030043 0.047531 0.074231 0.114433 0.174125 0.261523 0.387688 0.567243 0.819141 1.167458 1.642124 2.279520 3.122797 4.221804 5.632448 7.415366 9.633765 12.350359 15.623405 19.501909 24.020225 29.192353 35.006375 41.419560 48.354719 55.698359 63.301151 70.981050 78.529204 85.718526 92.314542 98.087820 102.827113 106.352149 108.525021 109.259151 108.525021 106.352149 102.827113 98.087820 92.314542 85.718526 78.529204 70.981050 63.301151 55.698359 48.354719 41.419560 35.006375 29.192353 24.020225 19.501909 15.623405 12.350359 9.633765 7.415366 5.632448 4.221804 3.122797 2.279520 1.642124 1.167458 0.819141 0.567243 0.387688 0.261523 0.174125 0.114433 0.074231 0.047531 0.030043 0.018745 0.011546 0.007021 0.004215 0.002498 0.001462 0.000844 0.000481 0.000271 0.000150 0.000081 0.000041 0.000017 0.000000 
0.000000 0.000011 0.000025 0.000050 0.000094 0.000172 0.000309 0.000550 0.000963 0.001667 0.002849 0.004806 0.008004 0.013160 0.021363 0.034232 0.054150 0.084555 0.130329 0.198285 0.297768 0.441360 0.645688 0.932304 1.328578 1.868534 2.593520 3.552574 4.802334 6.406319 8.433404 10.955376 14.043449 17.763755 22.171910 27.306872 33.184467 39.791082 47.078103 54.957783 63.301151 71.938551 80.663188 89.237839 97.404596 104.897174 111.455032 116.838287 120.842240 123.310300 124.144158 123.310300 120.842240 116.838287 111.455032 104.897174 97.404596 89.237839 80.663188 71.938551 63.301151 54.957783 47.078103 39.791082 33.184467 27.306872 22.171910 17.763755 14.043449 10.955376 8.433404 6.406319 4.802334 3.552574 2.593520 1.868534 1.328578 0.932304 0.645688 0.441360 0.297768 0.198285 0.130329 0.084555 0.054150 0.034232 0.021363 0.013160 0.008004 0.004806 0.002849 0.001667 0.000963 0.000549 0.000309 0.000171 0.000093 0.000047 0.000020 0.000000 
0.000000 0.000012 0.000029 0.000057 0.000106 0.000194 0.000348 0.000618 0.001084 0.001875 0.003204 0.005404 0.009000 0.014796 0.024013 0.038474 0.060852 0.095007 0.146419 0.222737 0.334445 0.495663 0.725047 1.046771 1.491537 2.097503 2.911034 3.987116 5.389245 7.188621 9.462442 12.291154 15.754548 19.926707 24.869912 30.627760 37.217917 44.625046 52.794586 61.628122 70.981050 80.663188 90.442749 100.053871 109.207528 117.605327 124.955325 130.988736 135.476206 138.242285 139.176829 138.242285 135.476206 130.988736 124.955325 117.605327 109.207528 100.053871 90.442749 80.663188 70.981050 61.628122 52.794586 44.625046 37.217917 30.627760 24.869912 19.926707 15.754548 12.291154 9.462442 7.188621 5.389245 3.987116 2.911034 2.097503 1.491537 1.046771 0.725047 0.495663 0.334445 0.222737 0.146419 0.095007 0.060852 0.038474 0.024013 0.014796 0.009000 0.005404 0.003204 0.001875 0.001084 0.000618 0.000348 0.000193 0.000104 0.000053 0.000022 0.000000 
