0.000000 0.000000 0.000000 0.000000 0.000000 0.000000 0.000000 0.000000 0.000000 0.000000 0.000000 0.000000 0.000000 0.000000 0.000000 0.000000 0.000000 0.000000 0.000000 0.000000 0.000000 0.000000 0.000000 0.000000 0.000000 0.000000 0.000000 0.000000 0.000000 0.000000 0.000000 0.000000 0.000000 0.000000 0.000000 0.000000 0.000000 0.000000 0.000000 0.000000 0.000000 0.000000 0.000000 0.000000 0.000000 0.000000 0.000000 0.000000 0.000000 0.000000 0.000000 0.000000 0.000000 0.000000 0.000000 0.000000 0.000000 0.000000 0.000000 0.000000 0.000000 0.000000 0.000000 0.000000 0.000000 0.000000 0.000000 0.000000 0.000000 0.000000 0.000000 0.000000 0.000000 0.000000 0.000000 0.000000 0.000000 0.000000 0.000000 0.000000 0.000000 0.000000 0.000000 0.000000 0.000000 0.000000 0.000000 0.000000 0.000000 0.000000 0.000000 0.000000 0.000000 0.000000 0.000000 0.000000 0.000000 0.000000 0.000000 0.000000 
0.000000 0.000000 0.000000 0.000000 0.000000 0.000000 0.000000 0.000000 0.000000 0.000000 0.000000 0.000000 0.000000 0.000000 0.000000 0.000000 0.000000 0.000000 0.000000 0.000000 0.000000 0.000000 0.000000 0.000001 0.000001 0.000001 0.000002 0.000002 0.000003 0.000004 0.000005 0.000007 0.000009 0.000011 0.000013 0.000016 0.000019 0.000023 0.000027 0.000031 0.000035 0.000040 0.000045 0.000049 0.000053 0.000057 0.000060 0.000063 0.000065 0.000066 0.000067 0.000066 0.000065 0.000063 0.000060 0.000057 0.000053 0.000049 0.000045 0.000040 0.000035 0.000031 0.000027 0.000023 0.000019 0.000016 0.000013 0.000011 0.000009 0.000007 0.000005 0.000004 0.000003 0.000002 0.000002 0.000001 0.000001 0.000001 0.000000 0.000000 0.000000 0.000000 0.000000 0.000000 0.000000 0.000000 0.000000 0.000000 0.000000 0.000000 0.000000 0.000000 0.000000 0.000000 0.000000 0.000000 0.000000 0.000000 0.000000 0.000000 
0.000000 0.000000 0.000000 0.000000 0.000000 0.000000 0.000000 0.000000 0.000000 0.000000 0.000000 0.000000 0.000000 0.000000 0.000000 0.000000 0.000000 0.000000 0.000000 0.000000 0.000001 0.000001 0.000001 0.000002 0.000002 0.000003 0.000004 0.000006 0.000007 0.000010 0.000012 0.000016 0.000020 0.000025 0.000031 0.000037 0.000045 0.000053 0.000063 0.000072 0.000083 0.000093 0.000104 0.000114 0.000124 0.000133 0.000140 0.000147 0.000151 0.000154 0.000155 0.000154 0.000151 0.000147 0.000140 0.000133 0.000124 0.000114 0.000104 0.000093 0.000083 0.000072 0.000063 0.000053 0.000045 0.000037 0.000031 0.000025 0.000020 0.000016 0.000012 0.000010 0.000007 0.000006 0.000004 0.000003 0.000002 0.000002 0.000001 0.000001 0.000001 0.000000 0.000000 0.000000 0.000000 0.000000 0.000000 0.000000 0.000000 0.000000 0.000000 0.000000 0.000000 0.000000 0.000000 0.000000 0.000000 0.000000 0.000000 0.000000 
0.000000 0.000000 0.000000 0.000000 0.000000 0.000000 0.000000 0.000000 0.000000 0.000000 0.000000 0.000000 0.000000 0.000000 0.000000 0.000000 0.000000 0.000000 0.000000 0.000001 0.000001 0.000001 0.000002 0.000003 0.000004 0.000006 0.000008 0.000010 0.000014 0.000018 0.000024 0.000030 0.000038 0.000047 0.000058 0.000071 0.000085 0.000101 0.000118 0.000137 0.000156 0.000176 0.000196 0.000216 0.000234 0.000251 0.000265 0.000277 0.000286 0.000292 0.000294 0.000292 0.000286 0.000277 0.000265 0.000251 0.000234 0.000216 0.000196 0.000176 0.000156 0.000137 0.000118 0.000101 0.000085 0.000071 0.000058 0.000047 0.000038 0.000030 0.000024 0.000018 0.000014 0.000010 0.000008 0.000006 0.000004 0.000003 0.000002 0.000001 0.000001 0.000001 0.000000 0.000000 0.000000 0.000000 0.000000 0.000000 0.000000 0.000000 0.000000 0.000000 0.000000 0.000000 0.000000 0.000000 0.000000 0.000000 0.000000 0.000000 
0.000000 0.000000 0.000000 0.000000 0.000000 0.000000 0.000000 0.000000 0.000000 0.000000 0.000000 0.000000 0.000000 0.000000 0.000000 0.000000 0.000000 0.000001 0.000001 0.000001 0.000002 0.000003 0.000004 0.000005 0.000007 0.000010 0.000014 0.000019 0.000025 0.000033 0.000042 0.000054 0.000068 0.000085 0.000104 0.000127 0.000152 0.000180 0.000211 0.000244 0.000278 0.000314 0.000349 0.000384 0.000417 0.000447 0.000473 0.000494 0.000510 0.000520 0.000523 0.000520 0.000510 0.000494 0.000473 0.000447 0.000417 0.000384 0.000349 0.000314 0.000278 0.000244 0.000211 0.000180 0.000152 0.000127 0.000104 0.000085 0.000068 0.000054 0.000042 0.000033 0.000025 0.000019 0.000014 0.000010 0.000007 0.000005 0.000004 0.000003 0.000002 0.000001 0.000001 0.000001 0.000000 0.000000 0.000000 0.000000 0.000000 0.000000 0.000000 0.000000 0.000000 0.000000 0.000000 0.000000 0.000000 0.000000 0.000000 0.000000 
0.000000 0.000000 0.000000 0.000000 0.000000 0.000000 0.000000 0.000000 0.000000 0.000000 0.000000 0.000000 0.000000 0.000000 0.000000 0.000000 0.000001 0.000001 0.000001 0.000002 0.000003 0.000005 0.000007 0.000009 0.000013 0.000018 0.000024 0.000033 0.000043 0.000057 0.000073 0.000094 0.000118 0.000147 0.000181 0.000220 0.000264 0.000313 0.000367 0.000424 0.000484 0.000545 0.000607 0.000667 0.000724 0.000776 0.000821 0.000859 0.000886 0.000903 0.000909 0.000903 0.000886 0.000859 0.000821 0.000776 0.000724 0.000667 0.000607 0.000545 0.000484 0.000424 0.000367 0.000313 0.000264 0.000220 0.000181 0.000147 0.000118 0.000094 0.000073 0.000057 0.000043 0.000033 0.000024 0.000018 0.000013 0.000009 0.000007 0.000005 0.000003 0.000002 0.000001 0.000001 0.000001 0.000000 0.000000 0.000000 0.000000 0.000000 0.000000 0.000000 0.000000 0.000000 0.000000 0.000000 0.000000 0.000000 0.000000 0.000000 
0.000000 0.000000 0.000000 0.000000 0.000000 0.000000 0.000000 0.000000 0.000000 0.000000 0.000000 0.000000 0.000000 0.000000 0.000000 0.000001 0.000001 0.000002 0.000003 0.000004 0.000006 0.000008 0.000011 0.000016 0.000022 0.000031 0.000042 0.000056 0.000074 0.000097 0.000126 0.000161 0.000203 0.000253 0.000311 0.000377 0.000453 0.000537 0.000628 0.000726 0.000828 0.000933 0.001038 0.001141 0.001239 0.001327 0.001405 0.001468 0.001515 0.001544 0.001554 0.001544 0.001515 0.001468 0.001405 0.001327 0.001239 0.001141 0.001038 0.000933 0.000828 0.000726 0.000628 0.000537 0.000453 0.000377 0.000311 0.000253 0.000203 0.000161 0.000126 0.000097 0.000074 0.000056 0.000042 0.000031 0.000022 0.000016 0.000011 0.000008 0.000006 0.000004 0.000003 0.000002 0.000001 0.000001 0.000000 0.000000 0.000000 0.000000 0.000000 0.000000 0.000000 0.000000 0.000000 0.000000 0.000000 0.000000 0.000000 0.000000 
0.000000 0.000000 0.000000 0.000000 0.000000 0.000000 0.000000 0.000000 0.000000 0.000000 0.000000 0.000000 0.000000 0.000001 0.000001 0.000001 0.000002 0.000003 0.000004 0.000006 0.000009 0.000014 0.000019 0.000027 0.000038 0.000052 0.000071 0.000095 0.000126 0.000165 0.000213 0.000272 0.000343 0.000427 0.000525 0.000638 0.000766 0.000907 0.001061 0.001226 0.001399 0.001576 0.001754 0.001927 0.002091 0.002241 0.002371 0.002478 0.002557 0.002606 0.002622 0.002606 0.002557 0.002478 0.002371 0.002241 0.002091 0.001927 0.001754 0.001576 0.001399 0.001226 0.001061 0.000907 0.000766 0.000638 0.000525 0.000427 0.000343 0.000272 0.000213 0.000165 0.000126 0.000095 0.000071 0.000052 0.000038 0.000027 0.000019 0.000014 0.000009 0.000006 0.000004 0.000003 0.000002 0.000001 0.000001 0.000001 0.000000 0.000000 0.000000 0.000000 0.000000 0.000000 0.000000 0.000000 0.000000 0.000000 0.000000 0.000000 
0.000000 0.000000 0.000000 0.000000 0.000000 0.000000 0.000000 0.000000 0.000000 0.000000 0.000000 0.000000 0.000001 0.000001 0.000001 0.000002 0.000003 0.000005 0.000007 0.000011 0.000016 0.000023 0.000032 0.000046 0.000064 0.000087 0.000119 0.000159 0.000211 0.000276 0.000356 0.000455 0.000574 0.000714 0.000878 0.001066 0.001279 0.001515 0.001772 0.002046 0.002335 0.002630 0.002926 0.003215 0.003489 0.003738 0.003955 0.004133 0.004265 0.004346 0.004374 0.004346 0.004265 0.004133 0.003955 0.003738 0.003489 0.003215 0.002926 0.002630 0.002335 0.002046 0.001772 0.001515 0.001279 0.001066 0.000878 0.000714 0.000574 0.000455 0.000356 0.000276 0.000211 0.000159 0.000119 0.000087 0.000064 0.000046 0.000032 0.000023 0.000016 0.000011 0.000007 0.000005 0.000003 0.000002 0.000001 0.000001 0.000001 0.000000 0.000000 0.000000 0.000000 0.000000 0.000000 0.000000 0.000000 0.000000 0.000000 0.000000 
0.000000 0.000000 0.000000 0.000000 0.000000 0.000000 0.000000 0.000000 0.000000 0.000000 0.000000 0.000001 0.000001 0.000001 0.000002 0.000003 0.000005 0.000008 0.000012 0.000018 0.000026 0.000038 0.000054 0.000076 0.000105 0.000145 0.000196 0.000263 0.000349 0.000456 0.000589 0.000752 0.000948 0.001180 0.001450 0.001760 0.002111 0.002500 0.002923 0.003376 0.003851 0.004338 0.004826 0.005302 0.005752 0.006163 0.006520 0.006813 0.007030 0.007164 0.007209 0.007164 0.007030 0.006813 0.006520 0.006163 0.005752 0.005302 0.004826 0.004338 0.003851 0.003376 0.002923 0.002500 0.002111 0.001760 0.001450 0.001180 0.000948 0.000752 0.000589 0.000456 0.000349 0.000263 0.000196 0.000145 0.000105 0.000076 0.000054 0.000038 0.000026 0.000018 0.000012 0.000008 0.000005 0.000003 0.000002 0.000001 0.000001 0.000001 0.000000 0.000000 0.000000 0.000000 0.000000 0.000000 0.000000 0.000000 0.000000 0.000000 
0.000000 0.000000 0.000000 0.000000 0.000000 0.000000 0.000000 0.000000 0.000000 0.000000 0.000001 0.000001 0.000001 0.000002 0.000004 0.000006 0.000009 0.000013 0.000020 0.000029 0.000043 0.000062 0.000088 0.000124 0.000172 0.000237 0.000321 0.000431 0.000570 0.000746 0.000963 0.001228 0.001547 0.001926 0.002366 0.002872 0.003443 0.004077 0.004767 0.005505 0.006278 0.007071 0.007865 0.008640 0.009373 0.010041 0.010624 0.011100 0.011453 0.011670 0.011744 0.011670 0.011453 0.011100 0.010624 0.010041 0.009373 0.008640 0.007865 0.007071 0.006278 0.005505 0.004767 0.004077 0.003443 0.002872 0.002366 0.001926 0.001547 0.001228 0.000963 0.000746 0.000570 0.000431 0.000321 0.000237 0.000172 0.000124 0.000088 0.000062 0.000043 0.000029 0.000020 0.000013 0.000009 0.000006 0.000004 0.000002 0.000001 0.000001 0.000001 0.000000 0.000000 0.000000 0.000000 0.000000 0.000000 0.000000 0.000000 0.000000 
0.000000 0.000000 0.000000 0.000000 0.000000 0.000000 0.000000 0.000000 0.000000 0.000001 0.000001 0.000001 0.000002 0.000004 0.000006 0.000009 0.000014 0.000022 0.000032 0.000048 0.000069 0.000100 0.000143 0.000201 0.000279 0.000383 0.000520 0.000696 0.000921 0.001204 0.001555 0.001983 0.002497 0.003107 0.003817 0.004632 0.005552 0.006572 0.007683 0.008871 0.010116 0.011392 0.012669 0.013916 0.015095 0.016170 0.017107 0.017873 0.018441 0.018791 0.018909 0.018791 0.018441 0.017873 0.017107 0.016170 0.015095 0.013916 0.012669 0.011392 0.010116 0.008871 0.007683 0.006572 0.005552 0.004632 0.003817 0.003107 0.002497 0.001983 0.001555 0.001204 0.000921 0.000696 0.000520 0.000383 0.000279 0.000201 0.000143 0.000100 0.000069 0.000048 0.000032 0.000022 0.000014 0.000009 0.000006 0.000004 0.000002 0.000001 0.000001 0.000001 0.000000 0.000000 0.000000 0.000000 0.000000 0.000000 0.000000 0.000000 
0.000000 0.000000 0.000000 0.000000 0.000000 0.000000 0.000000 0.000000 0.000001 0.000001 0.000001 0.000002 0.000004 0.000006 0.000010 0.000015 0.000023 0.000035 0.000052 0.000076 0.000111 0.000160 0.000228 0.000321 0.000446 0.000612 0.000830 0.001112 0.001471 0.001922 0.002481 0.003163 0.003983 0.004954 0.006085 0.007383 0.008847 0.010471 0.012239 0.014129 0.016108 0.018138 0.020170 0.022152 0.024027 0.025736 0.027226 0.028443 0.029346 0.029902 0.030089 0.029902 0.029346 0.028443 0.027226 0.025736 0.024027 0.022152 0.020170 0.018138 0.016108 0.014129 0.012239 0.010471 0.008847 0.007383 0.006085 0.004954 0.003983 0.003163 0.002481 0.001922 0.001471 0.001112 0.000830 0.000612 0.000446 0.000321 0.000228 0.000160 0.000111 0.000076 0.000052 0.000035 0.000023 0.000015 0.000010 0.000006 0.000004 0.000002 0.000001 0.000001 0.000001 0.000000 0.000000 0.000000 0.000000 0.000000 0.000000 0.000000 
0.000000 0.000000 0.000000 0.000000 0.000000 0.000000 0.000000 0.000001 0.000001 0.000001 0.000002 0.000004 0.000006 0.000010 0.000015 0.000024 0.000036 0.000055 0.000082 0.000121 0.000176 0.000253 0.000361 0.000507 0.000705 0.000967 0.001311 0.001755 0.002321 0.003032 0.003912 0.004987 0.006278 0.007806 0.009587 0.011629 0.013933 0.016486 0.019267 0.022239 0.025351 0.028542 0.031736 0.034850 0.037796 0.040483 0.042823 0.044736 0.046155 0.047028 0.047323 0.047028 0.046155 0.044736 0.042823 0.040483 0.037796 0.034850 0.031736 0.028542 0.025351 0.022239 0.019267 0.016486 0.013933 0.011629 0.009587 0.007806 0.006278 0.004987 0.003912 0.003032 0.002321 0.001755 0.001311 0.000967 0.000705 0.000507 0.000361 0.000253 0.000176 0.000121 0.000082 0.000055 0.000036 0.000024 0.000015 0.000010 0.000006 0.000004 0.000002 0.000001 0.000001 0.000001 0.000000 0.000000 0.000000 0.000000 0.000000 0.000000 
0.000000 0.000000 0.000000 0.000000 0.000000 0.000000 0.000000 0.000001 0.000001 0.000002 0.000004 0.000006 0.000010 0.000015 0.000024 0.000037 0.000057 0.000086 0.000128 0.000189 0.000275 0.000396 0.000564 0.000792 0.001100 0.001509 0.002045 0.002737 0.003619 0.004726 0.006097 0.007769 0.009778 0.012156 0.014926 0.018102 0.021684 0.025653 0.029975 0.034593 0.039430 0.044386 0.049348 0.054186 0.058761 0.062934 0.066568 0.069538 0.071741 0.073097 0.073554 0.073097 0.071741 0.069538 0.066568 0.062934 0.058761 0.054186 0.049348 0.044386 0.039430 0.034593 0.029975 0.025653 0.021684 0.018102 0.014926 0.012156 0.009778 0.007769 0.006097 0.004726 0.003619 0.002737 0.002045 0.001509 0.001100 0.000792 0.000564 0.000396 0.000275 0.000189 0.000128 0.000086 0.000057 0.000037 0.000024 0.000015 0.000010 0.000006 0.000004 0.000002 0.000001 0.000001 0.000000 0.000000 0.000000 0.000000 0.000000 0.000000 
0.000000 0.000000 0.000000 0.000000 0.000000 0.000000 0.000001 0.000001 0.000002 0.000003 0.000006 0.000009 0.000015 0.000024 0.000037 0.000057 0.000088 0.000132 0.000198 0.000292 0.000425 0.000612 0.000870 0.001223 0.001697 0.002327 0.003153 0.004218 0.005576 0.007280 0.009390 0.011962 0.015052 0.018707 0.022966 0.027847 0.033350 0.039448 0.046087 0.053180 0.060606 0.068217 0.075834 0.083261 0.090283 0.096687 0.102264 0.106823 0.110204 0.112283 0.112985 0.112283 0.110204 0.106823 0.102264 0.096687 0.090283 0.083261 0.075834 0.068217 0.060606 0.053180 0.046087 0.039448 0.033350 0.027847 0.022966 0.018707 0.015052 0.011962 0.009390 0.007280 0.005576 0.004218 0.003153 0.002327 0.001697 0.001223 0.000870 0.000612 0.000425 0.000292 0.000198 0.000132 0.000088 0.000057 0.000037 0.000024 0.000015 0.000009 0.000006 0.000003 0.000002 0.000001 0.000001 0.000000 0.000000 0.000000 0.000000 0.000000 
0.000000 0.000000 0.000000 0.000000 0.000000 0.000001 0.000001 0.000002 0.000003 0.000005 0.000009 0.000014 0.000023 0.000036 0.000057 0.000088 0.000134 0.000202 0.000302 0.000445 0.000649 0.000933 0.001327 0.001864 0.002587 0.003547 0.004803 0.006425 0.008490 0.011082 0.014289 0.018199 0.022895 0.028450 0.034918 0.042331 0.050688 0.059947 0.070025 0.080789 0.092060 0.103608 0.115165 0.126431 0.137084 0.146798 0.155256 0.162170 0.167297 0.170451 0.171516 0.170451 0.167297 0.162170 0.155256 0.146798 0.137084 0.126431 0.115165 0.103608 0.092060 0.080789 0.070025 0.059947 0.050688 0.042331 0.034918 0.028450 0.022895 0.018199 0.014289 0.011082 0.008490 0.006425 0.004803 0.003547 0.002587 0.001864 0.001327 0.000933 0.000649 0.000445 0.000302 0.000202 0.000134 0.000088 0.000057 0.000036 0.000023 0.000014 0.000009 0.000005 0.000003 0.000002 0.000001 0.000001 0.000000 0.000000 0.000000 0.000000 
0.000000 0.000000 0.000000 0.000000 0.000001 0.000001 0.000002 0.000003 0.000005 0.000008 0.000013 0.000022 0.000035 0.000055 0.000086 0.000132 0.000202 0.000305 0.000456 0.000672 0.000978 0.001407 0.002000 0.002809 0.003897 0.005341 0.007230 0.009669 0.012774 0.016670 0.021488 0.027361 0.034414 0.042754 0.052464 0.063591 0.076130 0.090023 0.105141 0.121286 0.138188 0.155505 0.172834 0.189724 0.205693 0.220254 0.232931 0.243295 0.250979 0.255706 0.257301 0.255706 0.250979 0.243295 0.232931 0.220254 0.205693 0.189724 0.172834 0.155505 0.138188 0.121286 0.105141 0.090023 0.076130 0.063591 0.052464 0.042754 0.034414 0.027361 0.021488 0.016670 0.012774 0.009669 0.007230 0.005341 0.003897 0.002809 0.002000 0.001407 0.000978 0.000672 0.000456 0.000305 0.000202 0.000132 0.000086 0.000055 0.000035 0.000022 0.000013 0.000008 0.000005 0.000003 0.000002 0.000001 0.000001 0.000000 0.000000 0.000000 
0.000000 0.000000 0.000000 0.000000 0.000001 0.000001 0.000003 0.000004 0.000007 0.000012 0.000020 0.000032 0.000052 0.000082 0.000128 0.000198 0.000302 0.000456 0.000680 0.001001 0.001458 0.002097 0.002979 0.004182 0.005800 0.007946 0.010755 0.014379 0.018991 0.024776 0.031931 0.040649 0.051115 0.063489 0.077894 0.094396 0.112991 0.133589 0.156000 0.179932 0.204981 0.230642 0.256318 0.281341 0.305000 0.326568 0.345347 0.360697 0.372079 0.379079 0.381442 0.379079 0.372079 0.360697 0.345347 0.326568 0.305000 0.281341 0.256318 0.230642 0.204981 0.179932 0.156000 0.133589 0.112991 0.094396 0.077894 0.063489 0.051115 0.040649 0.031931 0.024776 0.018991 0.014379 0.010755 0.007946 0.005800 0.004182 0.002979 0.002097 0.001458 0.001001 0.000680 0.000456 0.000302 0.000198 0.000128 0.000082 0.000052 0.000032 0.000020 0.000012 0.000007 0.000004 0.000003 0.000001 0.000001 0.000000 0.000000 0.000000 
0.000000 0.000000 0.000000 0.000001 0.000001 0.000002 0.000004 0.000006 0.000011 0.000018 0.000029 0.000048 0.000076 0.000121 0.000189 0.000292 0.000445 0.000672 0.001001 0.001475 0.002147 0.003086 0.004384 0.006152 0.008530 0.011682 0.015807 0.021128 0.027897 0.036388 0.046884 0.059671 0.075019 0.093163 0.114279 0.138464 0.165713 0.195891 0.228722 0.263775 0.300460 0.338037 0.375632 0.412269 0.446904 0.478477 0.505965 0.528434 0.545092 0.555339 0.558797 0.555339 0.545092 0.528434 0.505965 0.478477 0.446904 0.412269 0.375632 0.338037 0.300460 0.263775 0.228722 0.195891 0.165713 0.138464 0.114279 0.093163 0.075019 0.059671 0.046884 0.036388 0.027897 0.021128 0.015807 0.011682 0.008530 0.006152 0.004384 0.003086 0.002147 0.001475 0.001001 0.000672 0.000445 0.000292 0.000189 0.000121 0.000076 0.000048 0.000029 0.000018 0.000011 0.000006 0.000004 0.000002 0.000001 0.000001 0.000000 0.000000 
0.000000 0.000000 0.000001 0.000001 0.000002 0.000003 0.000006 0.000009 0.000016 0.000026 0.000043 0.000069 0.000111 0.000176 0.000275 0.000425 0.000649 0.000978 0.001458 0.002147 0.003123 0.004488 0.006374 0.008942 0.012394 0.016970 0.022955 0.030675 0.040493 0.052804 0.068020 0.086554 0.108794 0.135080 0.165667 0.200694 0.240150 0.283841 0.331367 0.382102 0.435193 0.489569 0.543966 0.596971 0.647076 0.692750 0.732511 0.765011 0.789105 0.803925 0.808927 0.803925 0.789105 0.765011 0.732511 0.692750 0.647076 0.596971 0.543966 0.489569 0.435193 0.382102 0.331367 0.283841 0.240150 0.200694 0.165667 0.135080 0.108794 0.086554 0.068020 0.052804 0.040493 0.030675 0.022955 0.016970 0.012394 0.008942 0.006374 0.004488 0.003123 0.002147 0.001458 0.000978 0.000649 0.000425 0.000275 0.000176 0.000111 0.000069 0.000043 0.000026 0.000016 0.000009 0.000006 0.000003 0.000002 0.000001 0.000000 0.000000 
0.000000 0.000000 0.000001 0.000001 0.000003 0.000005 0.000008 0.000014 0.000023 0.000038 0.000062 0.000100 0.000160 0.000253 0.000396 0.000612 0.000933 0.001407 0.002097 0.003086 0.004488 0.006449 0.009156 0.012841 0.017793 0.024356 0.032938 0.044003 0.058074 0.075712 0.097509 0.124051 0.155896 0.193526 0.237305 0.287431 0.343886 0.406392 0.474374 0.546937 0.622861 0.700614 0.778390 0.854169 0.925797 0.991086 1.047920 1.094372 1.128809 1.149991 1.157139 1.149991 1.128809 1.094372 1.047920 0.991086 0.925797 0.854169 0.778390 0.700614 0.622861 0.546937 0.474374 0.406392 0.343886 0.287431 0.237305 0.193526 0.155896 0.124051 0.097509 0.075712 0.058074 0.044003 0.032938 0.024356 0.017793 0.012841 0.009156 0.006449 0.004488 0.003086 0.002097 0.001407 0.000933 0.000612 0.000396 0.000253 0.000160 0.000100 0.000062 0.000038 0.000023 0.000014 0.000008 0.000005 0.000003 0.000001 0.000001 0.000000 
0.000000 0.000000 0.000001 0.000002 0.000004 0.000007 0.000011 0.000019 0.000032 0.000054 0.000088 0.000143 0.000228 0.000361 0.000564 0.000870 0.001327 0.002000 0.002979 0.004384 0.006374 0.009156 0.012994 0.018219 0.025238 0.034538 0.046695 0.062368 0.082291 0.107262 0.138112 0.175671 0.220725 0.273954 0.335870 0.406751 0.486569 0.574929 0.671017 0.773568 0.880857 0.990719 1.100603 1.207657 1.308839 1.401060 1.481335 1.546943 1.595581 1.625496 1.635592 1.625496 1.595581 1.546943 1.481335 1.401060 1.308839 1.207657 1.100603 0.990719 0.880857 0.773568 0.671017 0.574929 0.486569 0.406751 0.335870 0.273954 0.220725 0.175671 0.138112 0.107262 0.082291 0.062368 0.046695 0.034538 0.025238 0.018219 0.012994 0.009156 0.006374 0.004384 0.002979 0.002000 0.001327 0.000870 0.000564 0.000361 0.000228 0.000143 0.000088 0.000054 0.000032 0.000019 0.000011 0.000007 0.000004 0.000002 0.000001 0.000000 
0.000000 0.000001 0.000002 0.000003 0.000005 0.000009 0.000016 0.000027 0.000046 0.000076 0.000124 0.000201 0.000321 0.000507 0.000792 0.001223 0.001864 0.002809 0.004182 0.006152 0.008942 0.012841 0.018219 0.025538 0.035367 0.048389 0.065406 0.087337 0.115212 0.150140 0.193282 0.245798 0.308780 0.383176 0.469700 0.568736 0.680243 0.803665 0.937865 1.081074 1.230883 1.384269 1.537672 1.687112 1.828346 1.957064 2.069103 2.160667 2.228545 2.270293 2.284383 2.270293 2.228545 2.160667 2.069103 1.957064 1.828346 1.687112 1.537672 1.384269 1.230883 1.081074 0.937865 0.803665 0.680243 0.568736 0.469700 0.383176 0.308780 0.245798 0.193282 0.150140 0.115212 0.087337 0.065406 0.048389 0.035367 0.025538 0.018219 0.012841 0.008942 0.006152 0.004182 0.002809 0.001864 0.001223 0.000792 0.000507 0.000321 0.000201 0.000124 0.000076 0.000046 0.000027 0.000016 0.000009 0.000005 0.000003 0.000001 0.000000 
0.000000 0.000001 0.000002 0.000004 0.000007 0.000013 0.000022 0.000038 0.000064 0.000105 0.000172 0.000279 0.000446 0.000705 0.001100 0.001697 0.002587 0.003897 0.005800 0.008530 0.012394 0.017793 0.025238 0.035367 0.048967 0.066979 0.090512 0.120836 0.159367 0.207638 0.267250 0.339800 0.426792 0.529533 0.649003 0.785728 0.939647 1.109992 1.295187 1.492793 1.699483 1.911088 2.122699 2.328827 2.523623 2.701146 2.855657 2.981929 3.075533 3.133103 3.152531 3.133103 3.075533 2.981929 2.855657 2.701146 2.523623 2.328827 2.122699 1.911088 1.699483 1.492793 1.295187 1.109992 0.939647 0.785728 0.649003 0.529533 0.426792 0.339800 0.267250 0.207638 0.159367 0.120836 0.090512 0.066979 0.048967 0.035367 0.025238 0.017793 0.012394 0.008530 0.005800 0.003897 0.002587 0.001697 0.001100 0.000705 0.000446 0.000279 0.000172 0.000105 0.000064 0.000038 0.000022 0.000013 0.000007 0.000004 0.000002 0.000000 
0.000000 0.000001 0.000003 0.000006 0.000010 0.000018 0.000031 0.000052 0.000087 0.000145 0.000237 0.000383 0.000612 0.000967 0.001509 0.002327 0.003547 0.005341 0.007946 0.011682 0.016970 0.024356 0.034538 0.048389 0.066979 0.091596 0.123750 0.165173 0.217796 0.283709 0.365092 0.464119 0.582839 0.723027 0.886017 1.072519 1.282447 1.514746 1.767268 2.036681 2.318451 2.606895 2.895323 3.176256 3.441727 3.683646 3.894196 4.066257 4.193802 4.272244 4.298716 4.272244 4.193802 4.066257 3.894196 3.683646 3.441727 3.176256 2.895323 2.606895 2.318451 2.036681 1.767268 1.514746 1.282447 1.072519 0.886017 0.723027 0.582839 0.464119 0.365092 0.283709 0.217796 0.165173 0.123750 0.091596 0.066979 0.048389 0.034538 0.024356 0.016970 0.011682 0.007946 0.005341 0.003547 0.002327 0.001509 0.000967 0.000612 0.000383 0.000237 0.000145 0.000087 0.000052 0.000031 0.000018 0.000010 0.000005 0.000002 0.000000 
0.000000 0.000002 0.000004 0.000008 0.000014 0.000024 0.000042 0.000071 0.000119 0.000196 0.000321 0.000520 0.000830 0.001311 0.002045 0.003153 0.004803 0.007230 0.010755 0.015807 0.022955 0.032938 0.046695 0.065406 0.090512 0.123750 0.167155 0.223060 0.294067 0.382990 0.492762 0.626309 0.786387 0.975383 1.195084 1.446444 1.729338 2.042341 2.382552 2.745480 3.125018 3.513512 3.901952 4.280271 4.637747 4.963489 5.246982 5.478643 5.650363 5.755972 5.791612 5.755972 5.650363 5.478643 5.246982 4.963489 4.637747 4.280271 3.901952 3.513512 3.125018 2.745480 2.382552 2.042341 1.729338 1.446444 1.195084 0.975383 0.786387 0.626309 0.492762 0.382990 0.294067 0.223060 0.167155 0.123750 0.090512 0.065406 0.046695 0.032938 0.022955 0.015807 0.010755 0.007230 0.004803 0.003153 0.002045 0.001311 0.000830 0.000520 0.000321 0.000196 0.000119 0.000071 0.000042 0.000024 0.000014 0.000007 0.000003 0.000000 
0.000000 0.000002 0.000006 0.000010 0.000019 0.000033 0.000056 0.000095 0.000159 0.000263 0.000431 0.000696 0.001112 0.001755 0.002737 0.004218 0.006425 0.009669 0.014379 0.021128 0.030675 0.044003 0.062368 0.087337 0.120836 0.165173 0.223060 0.297603 0.392265 0.510788 0.657074 0.835014 1.048271 1.300011 1.592609 1.927325 2.303983 2.720679 3.173548 3.656607 4.161725 4.678719 5.195601 5.698981 6.174599 6.607974 6.985123 7.293307 7.521743 7.662231 7.709642 7.662231 7.521743 7.293307 6.985123 6.607974 6.174599 5.698981 5.195601 4.678719 4.161725 3.656607 3.173548 2.720679 2.303983 1.927325 1.592609 1.300011 1.048271 0.835014 0.657074 0.510788 0.392265 0.297603 0.223060 0.165173 0.120836 0.087337 0.062368 0.044003 0.030675 0.021128 0.014379 0.009669 0.006425 0.004218 0.002737 0.001755 0.001112 0.000696 0.000431 0.000263 0.000159 0.000095 0.000056 0.000032 0.000018 0.000010 0.000004 0.000000 
0.000000 0.000003 0.000007 0.000014 0.000025 0.000043 0.000074 0.000126 0.000211 0.000349 0.000570 0.000921 0.001471 0.002321 0.003619 0.005576 0.008490 0.012774 0.018991 0.027897 0.040493 0.058074 0.082291 0.115212 0.159367 0.217796 0.294067 0.392265 0.516943 0.673019 0.865621 1.099862 1.380550 1.711841 2.096848 2.537217 3.032705 3.580802 4.176414 4.811669 5.475874 6.155639 6.835207 7.496980 8.122220 8.691899 9.187648 9.592731 9.892985 10.077637 10.139952 10.077637 9.892985 9.592731 9.187648 8.691899 8.122220 7.496980 6.835207 6.155639 5.475874 4.811669 4.176414 3.580802 3.032705 2.537217 2.096848 1.711841 1.380550 1.099862 0.865621 0.673019 0.516943 0.392265 0.294067 0.217796 0.159367 0.115212 0.082291 0.058074 0.040493 0.027897 0.018991 0.012774 0.008490 0.005576 0.003619 0.002321 0.001471 0.000921 0.000570 0.000349 0.000211 0.000126 0.000074 0.000043 0.000024 0.000013 0.000006 0.000000 
0.000000 0.000004 0.000010 0.000018 0.000033 0.000057 0.000097 0.000165 0.000276 0.000456 0.000746 0.001204 0.001922 0.003032 0.004726 0.007280 0.011082 0.016670 0.024776 0.036388 0.052804 0.075712 0.107262 0.150140 0.207638 0.283709 0.382990 0.510788 0.673019 0.876071 1.126602 1.431247 1.796245 2.226986 2.727501 3.299916 3.943902 4.656185 5.430138 6.255528 7.118457 8.001532 8.884290 9.743878 10.555967 11.295857 11.939703 12.465782 12.855710 13.095507 13.176431 13.095507 12.855710 12.465782 11.939703 11.295857 10.555967 9.743878 8.884290 8.001532 7.118457 6.255528 5.430138 4.656185 3.943902 3.299916 2.727501 2.226986 1.796245 1.431247 1.126602 0.876071 0.673019 0.510788 0.382990 0.283709 0.207638 0.150140 0.107262 0.075712 0.052804 0.036388 0.024776 0.016670 0.011082 0.007280 0.004726 0.003032 0.001922 0.001204 0.000746 0.000456 0.000276 0.000165 0.000097 0.000056 0.000032 0.000017 0.000007 0.000000 
0.000000 0.000005 0.000012 0.000024 0.000042 0.000073 0.000126 0.000213 0.000356 0.000589 0.000963 0.001555 0.002481 0.003912 0.006097 0.009390 0.014289 0.021488 0.031931 0.046884 0.068020 0.097509 0.138112 0.193282 0.267250 0.365092 0.492762 0.657074 0.865621 1.126602 1.448556 1.839994 2.308911 2.862217 3.505069 4.240178 5.067110 5.981645 6.975264 8.034824 9.142482 10.275915 11.408865 12.512012 13.554146 14.503587 15.329751 16.004780 16.505098 16.812777 16.916609 16.812777 16.505098 16.004780 15.329751 14.503587 13.554146 12.512012 11.408865 10.275915 9.142482 8.034824 6.975264 5.981645 5.067110 4.240178 3.505069 2.862217 2.308911 1.839994 1.448556 1.126602 0.865621 0.657074 0.492762 0.365092 0.267250 0.193282 0.138112 0.097509 0.068020 0.046884 0.031931 0.021488 0.014289 0.009390 0.006097 0.003912 0.002481 0.001555 0.000963 0.000589 0.000356 0.000213 0.000126 0.000073 0.000041 0.000022 0.000009 0.000000 
0.000000 0.000007 0.000016 0.000030 0.000054 0.000094 0.000161 0.000272 0.000455 0.000752 0.001228 0.001983 0.003163 0.004987 0.007769 0.011962 0.018199 0.027361 0.040649 0.059671 0.086554 0.124051 0.175671 0.245798 0.339800 0.464119 0.626309 0.835014 1.099862 1.431247 1.839994 2.336884 2.932048 3.634229 4.449953 5.382637 6.431712 7.591807 8.852104 10.195926 11.600639 13.037938 14.474531 15.873254 17.194553 18.398274 19.445666 20.301427 20.935687 21.325731 21.457357 21.325731 20.935687 20.301427 19.445666 18.398274 17.194553 15.873254 14.474531 13.037938 11.600639 10.195926 8.852104 7.591807 6.431712 5.382637 4.449953 3.634229 2.932048 2.336884 1.839994 1.431247 1.099862 0.835014 0.626309 0.464119 0.339800 0.245798 0.175671 0.124051 0.086554 0.059671 0.040649 0.027361 0.018199 0.011962 0.007769 0.004987 0.003163 0.001983 0.001228 0.000752 0.000455 0.000272 0.000160 0.000093 0.000053 0.000028 0.000012 0.000000 
0.000000 0.000009 0.000020 0.000038 0.000068 0.000118 0.000203 0.000343 0.000574 0.000948 0.001547 0.002497 0.003983 0.006278 0.009778 0.015052 0.022895 0.034414 0.051115 0.075019 0.108794 0.155896 0.220725 0.308780 0.426792 0.582839 0.786387 1.048271 1.380550 1.796245 2.308911 2.932048 3.678332 4.558699 5.581303 6.750406 8.065268 9.519141 11.098453 12.782295 14.542305 16.343020 18.142742 19.894927 21.550043 23.057817 24.369727 25.441583 26.235988 26.724508 26.889365 26.724508 26.235988 25.441583 24.369727 23.057817 21.550043 19.894927 18.142742 16.343020 14.542305 12.782295 11.098453 9.519141 8.065268 6.750406 5.581303 4.558699 3.678332 2.932048 2.308911 1.796245 1.380550 1.048271 0.786387 0.582839 0.426792 0.308780 0.220725 0.155896 0.108794 0.075019 0.051115 0.034414 0.022895 0.015052 0.009778 0.006278 0.003983 0.002497 0.001547 0.000948 0.000573 0.000343 0.000202 0.000118 0.000066 0.000035 0.000015 0.000000 
0.000000 0.000011 0.000025 0.000047 0.000085 0.000147 0.000253 0.000427 0.000714 0.001180 0.001926 0.003107 0.004954 0.007806 0.012156 0.018707 0.028450 0.042754 0.063489 0.093163 0.135080 0.193526 0.273954 0.383176 0.529533 0.723027 0.975383 1.300011 1.711841 2.226986 2.862217 3.634229 4.558699 5.649140 6.915624 8.363395 9.991514 11.791600 13.746835 15.831321 18.009944 20.238812 22.466323 24.634885 26.683221 28.549136 30.172614 31.498991 32.482016 33.086521 33.290517 33.086521 32.482016 31.498991 30.172614 28.549136 26.683221 24.634885 22.466323 20.238812 18.009944 15.831321 13.746835 11.791600 9.991514 8.363395 6.915624 5.649140 4.558699 3.634229 2.862217 2.226986 1.711841 1.300011 0.975383 0.723027 0.529533 0.383176 0.273954 0.193526 0.135080 0.093163 0.063489 0.042754 0.028450 0.018707 0.012156 0.007806 0.004954 0.003107 0.001926 0.001179 0.000714 0.000427 0.000252 0.000146 0.000083 0.000044 0.000019 0.000000 
0.000000 0.000013 0.000031 0.000058 0.000104 0.000181 0.000311 0.000525 0.000878 0.001450 0.002366 0.003817 0.006085 0.009587 0.014926 0.022966 0.034918 0.052464 0.077894 0.114279 0.165667 0.237305 0.335870 0.469700 0.649003 0.886017 1.195084 1.592609 2.096848 2.727501 3.505069 4.449953 5.581303 6.915624 8.465199 10.236415 12.228089 14.429945 16.821389 19.370737 22.035040 24.760623 27.484399 30.135966 32.640421 34.921753 36.906611 38.528198 39.729990 40.469016 40.718405 40.469016 39.729990 38.528198 36.906611 34.921753 32.640421 30.135966 27.484399 24.760623 22.035040 19.370737 16.821389 14.429945 12.228089 10.236415 8.465199 6.915624 5.581303 4.449953 3.505069 2.727501 2.096848 1.592609 1.195084 0.886017 0.649003 0.469700 0.335870 0.237305 0.165667 0.114279 0.077894 0.052464 0.034918 0.022966 0.014926 0.009587 0.006085 0.003817 0.002366 0.001450 0.000878 0.000525 0.000310 0.000180 0.000102 0.000054 0.000023 0.000000 
0.000000 0.000016 0.000037 0.000071 0.000127 0.000220 0.000377 0.000638 0.001066 0.001760 0.002872 0.004632 0.007383 0.011629 0.018102 0.027847 0.042331 0.063591 0.094396 0.138464 0.200694 0.287431 0.406751 0.568736 0.785728 1.072519 1.446444 1.927325 2.537217 3.299916 4.240178 5.382637 6.750406 8.363395 10.236415 12.377144 14.784120 17.444894 20.334558 23.414813 26.633761 29.926560 33.217008 36.420079 39.445320 42.200946 44.598394 46.557013 48.008562 48.901162 49.202374 48.901162 48.008562 46.557013 44.598394 42.200946 39.445320 36.420079 33.217008 29.926560 26.633761 23.414813 20.334558 17.444894 14.784120 12.377144 10.236415 8.363395 6.750406 5.382637 4.240178 3.299916 2.537217 1.927325 1.446444 1.072519 0.785728 0.568736 0.406751 0.287431 0.200694 0.138464 0.094396 0.063591 0.042331 0.027847 0.018102 0.011629 0.007383 0.004632 0.002872 0.001760 0.001066 0.000638 0.000377 0.000219 0.000124 0.000066 0.000029 0.000000 
0.000000 0.000019 0.000045 0.000085 0.000152 0.000264 0.000453 0.000766 0.001279 0.002111 0.003443 0.005552 0.008847 0.013933 0.021684 0.033350 0.050688 0.076130 0.112991 0.165713 0.240150 0.343886 0.486569 0.680243 0.939647 1.282447 1.729338 2.303983 3.032705 3.943902 5.067110 6.431712 8.065268 9.991514 12.228089 14.784120 17.657820 20.834297 24.283788 27.960560 31.802661 35.732700 39.659746 43.482348 47.092590 50.380976 53.241860 55.579037 57.311111 58.376204 58.735622 58.376204 57.311111 55.579037 53.241860 50.380976 47.092590 43.482348 39.659746 35.732700 31.802661 27.960560 24.283788 20.834297 17.657820 14.784120 12.228089 9.991514 8.065268 6.431712 5.067110 3.943902 3.032705 2.303983 1.729338 1.282447 0.939647 0.680243 0.486569 0.343886 0.240150 0.165713 0.112991 0.076130 0.050688 0.033350 0.021684 0.013933 0.008847 0.005552 0.003443 0.002111 0.001278 0.000765 0.000452 0.000263 0.000149 0.000079 0.000034 0.000000 
0.000000 0.000023 0.000053 0.000101 0.000180 0.000313 0.000537 0.000907 0.001515 0.002500 0.004077 0.006572 0.010471 0.016486 0.025653 0.039448 0.059947 0.090023 0.133589 0.195891 0.283841 0.406392 0.574929 0.803665 1.109992 1.514746 2.042341 2.720679 3.580802 4.656185 5.981645 7.591807 9.519141 11.791600 14.429945 17.444894 20.834297 24.580551 28.648532 32.984288 37.514758 42.148692 46.778891 51.285766 55.542120 59.418903 62.791605 65.546854 67.588730 68.844313 69.268012 68.844313 67.588730 65.546854 62.791605 59.418903 55.542120 51.285766 46.778891 42.148692 37.514758 32.984288 28.648532 24.580551 20.834297 17.444894 14.429945 11.791600 9.519141 7.591807 5.981645 4.656185 3.580802 2.720679 2.042341 1.514746 1.109992 0.803665 0.574929 0.406392 0.283841 0.195891 0.133589 0.090023 0.059947 0.039448 0.025653 0.016486 0.010471 0.006572 0.004077 0.002499 0.001514 0.000906 0.000536 0.000311 0.000176 0.000094 0.000041 0.000000 
0.000000 0.000027 0.000063 0.000118 0.000211 0.000367 0.000628 0.001061 0.001772 0.002923 0.004767 0.007683 0.012239 0.019267 0.029975 0.046087 0.070025 0.105141 0.156000 0.228722 0.331367 0.474374 0.671017 0.937865 1.295187 1.767268 2.382552 3.173548 4.176414 5.430138 6.975264 8.852104 11.098453 13.746835 16.821389 20.334558 24.283788 28.648532 33.387836 38.438827 43.716387 49.114226 54.507491 59.756917 64.714387 69.229637 73.157700 76.366578 78.744600 80.206872 80.700316 80.206872 78.744600 76.366578 73.157700 69.229637 64.714387 59.756917 54.507491 49.114226 43.716387 38.438827 33.387836 28.648532 24.283788 20.334558 16.821389 13.746835 11.098453 8.852104 6.975264 5.430138 4.176414 3.173548 2.382552 1.767268 1.295187 0.937865 0.671017 0.474374 0.331367 0.228722 0.156000 0.105141 0.070025 0.046087 0.029975 0.019267 0.012239 0.007683 0.004767 0.002923 0.001771 0.001060 0.000627 0.000364 0.000206 0.000110 0.000048 0.000000 
0.000000 0.000031 0.000072 0.000137 0.000244 0.000424 0.000726 0.001226 0.002046 0.003376 0.005505 0.008871 0.014129 0.022239 0.034593 0.053180 0.080789 0.121286 0.179932 0.263775 0.382102 0.546937 0.773568 1.081074 1.492793 2.036681 2.745480 3.656607 4.811669 6.255528 8.034824 10.195926 12.782295 15.831321 19.370737 23.414813 27.960560 32.984288 38.438827 44.251798 50.325237 56.536831 62.742927 68.783301 74.487561 79.682854 84.202428 87.894456 90.630494 92.312900 92.880625 92.312900 90.630494 87.894456 84.202428 79.682854 74.487561 68.783301 62.742927 56.536831 50.325237 44.251798 38.438827 32.984288 27.960560 23.414813 19.370737 15.831321 12.782295 10.195926 8.034824 6.255528 4.811669 3.656607 2.745480 2.036681 1.492793 1.081074 0.773568 0.546937 0.382102 0.263775 0.179932 0.121286 0.080789 0.053180 0.034593 0.022239 0.014129 0.008871 0.005505 0.003376 0.002046 0.001225 0.000724 0.000421 0.000239 0.000127 0.000055 0.000000 
0.000000 0.000035 0.000083 0.000156 0.000278 0.000484 0.000828 0.001399 0.002335 0.003851 0.006278 0.010116 0.016108 0.025351 0.039430 0.060606 0.092060 0.138188 0.204981 0.300460 0.435193 0.622861 0.880857 1.230883 1.699483 2.318451 3.125018 4.161725 5.475874 7.118457 9.142482 11.600639 14.542305 18.009944 22.035040 26.633761 31.802661 37.514758 43.716387 50.325237 57.229923 64.291403 71.346387 78.212770 84.696901 90.602344 95.739604 99.936154 103.046040 104.958313 105.603604 104.958313 103.046040 99.936154 95.739604 90.602344 84.696901 78.212770 71.346387 64.291403 57.229923 50.325237 43.716387 37.514758 31.802661 26.633761 22.035040 18.009944 14.542305 11.600639 9.142482 7.118457 5.475874 4.161725 3.125018 2.318451 1.699483 1.230883 0.880857 0.622861 0.435193 0.300460 0.204981 0.138188 0.092060 0.060606 0.039430 0.025351 0.016108 0.010116 0.006278 0.003851 0.002334 0.001398 0.000826 0.000481 0.000272 0.000145 0.000063 0.000000 
0.000000 0.000040 0.000093 0.000176 0.000314 0.000545 0.000933 0.001576 0.002630 0.004338 0.007071 0.011392 0.018138 0.028542 0.044386 0.068217 0.103608 0.155505 0.230642 0.338037 0.489569 0.700614 0.990719 1.384269 1.911088 2.606895 3.513512 4.678719 6.155639 8.001532 10.275915 13.037938 16.343020 20.238812 24.760623 29.926560 35.732700 42.148692 49.114226 56.536831 64.291403 72.221791 80.144636 87.855464 95.136852 101.768261 107.536952 112.249243 115.741286 117.888533 118.613112 117.888533 115.741286 112.249243 107.536952 101.768261 95.136852 87.855464 80.144636 72.221791 64.291403 56.536831 49.114226 42.148692 35.732700 29.926560 24.760623 20.238812 16.343020 13.037938 10.275915 8.001532 6.155639 4.678719 3.513512 2.606895 1.911088 1.384269 0.990719 0.700614 0.489569 0.338037 0.230642 0.155505 0.103608 0.068217 0.044386 0.028542 0.018138 0.011392 0.007071 0.004338 0.002630 0.001575 0.000931 0.000542 0.000307 0.000164 0.000071 0.000000 
0.000000 0.000045 0.000104 0.000196 0.000349 0.000607 0.001038 0.001754 0.002926 0.004826 0.007865 0.012669 0.020170 0.031736 0.049348 0.075834 0.115165 0.172834 0.256318 0.375632 0.543966 0.778390 1.100603 1.537672 2.122699 2.895323 3.901952 5.195601 6.835207 8.884290 11.408865 14.474531 18.142742 22.466323 27.484399 33.217008 39.659746 46.778891 54.507491 62.742927 71.346387 80.144636 88.934269 97.488476 105.566097 112.922525 119.321813 124.549157 128.422844 130.804747 131.608508 130.804747 128.422844 124.549157 119.321813 112.922525 105.566097 97.488476 88.934269 80.144636 71.346387 62.742927 54.507491 46.778891 39.659746 33.217008 27.484399 22.466323 18.142742 14.474531 11.408865 8.884290 6.835207 5.195601 3.901952 2.895323 2.122699 1.537672 1.100603 0.778390 0.543966 0.375632 0.256318 0.172834 0.115165 0.075834 0.049348 0.031736 0.020170 0.012669 0.007865 0.004825 0.002926 0.001753 0.001036 0.000603 0.000342 0.000182 0.000079 0.000000 
