0.000000 0.000000 0.000000 0.000000 0.000000 0.000000 0.000000 0.000000 0.000000 0.000000 0.000000 0.000000 0.000000 0.000000 0.000000 0.000000 0.000000 0.000000 0.000000 0.000000 0.000000 0.000000 0.000000 0.000000 0.000000 0.000000 0.000000 0.000000 0.000000 0.000000 0.000000 0.000000 0.000000 0.000000 0.000000 0.000000 0.000000 0.000000 0.000000 0.000000 0.000000 0.000000 0.000000 0.000000 0.000000 0.000000 0.000000 0.000000 0.000000 0.000000 0.000000 0.000000 0.000000 0.000000 0.000000 0.000000 0.000000 0.000000 0.000000 0.000000 0.000000 0.000000 0.000000 0.000000 0.000000 0.000000 0.000000 0.000000 0.000000 0.000000 0.000000 0.000000 0.000000 0.000000 0.000000 0.000000 0.000000 0.000000 0.000000 0.000000 0.000000 0.000000 0.000000 0.000000 0.000000 0.000000 0.000000 0.000000 0.000000 0.000000 0.000000 0.000000 0.000000 0.000000 0.000000 0.000000 0.000000 0.000000 0.000000 0.000000 
0.000000 0.000000 0.000000 0.000000 0.000000 0.000000 0.000000 0.000000 0.000000 0.000000 0.000000 0.000000 0.000000 0.000000 0.000000 0.000000 0.000001 0.000001 0.000001 0.000002 0.000002 0.000003 0.000004 0.000006 0.000008 0.000010 0.000014 0.000018 0.000023 0.000029 0.000036 0.000044 0.000054 0.000066 0.000079 0.000093 0.000109 0.000127 0.000146 0.000165 0.000185 0.000206 0.000226 0.000245 0.000263 0.000280 0.000294 0.000306 0.000314 0.000319 0.000321 0.000319 0.000314 0.000306 0.000294 0.000280 0.000263 0.000245 0.000226 0.000206 0.000185 0.000165 0.000146 0.000127 0.000109 0.000093 0.000079 0.000066 0.000054 0.000044 0.000036 0.000029 0.000023 0.000018 0.000014 0.000010 0.000008 0.000006 0.000004 0.000003 0.000002 0.000002 0.000001 0.000001 0.000001 0.000000 0.000000 0.000000 0.000000 0.000000 0.000000 0.000000 0.000000 0.000000 0.000000 0.000000 0.000000 0.000000 0.000000 0.000000 
0.000000 0.000000 0.000000 0.000000 0.000000 0.000000 0.000000 0.000000 0.000000 0.000000 0.000000 0.000000 0.000000 0.000000 0.000001 0.000001 0.000001 0.000002 0.000003 0.000004 0.000005 0.000007 0.000010 0.000013 0.000018 0.000023 0.000031 0.000040 0.000051 0.000064 0.000080 0.000100 0.000122 0.000148 0.000177 0.000210 0.000246 0.000285 0.000327 0.000371 0.000417 0.000463 0.000508 0.000552 0.000593 0.000629 0.000661 0.000687 0.000706 0.000718 0.000722 0.000718 0.000706 0.000687 0.000661 0.000629 0.000593 0.000552 0.000508 0.000463 0.000417 0.000371 0.000327 0.000285 0.000246 0.000210 0.000177 0.000148 0.000122 0.000100 0.000080 0.000064 0.000051 0.000040 0.000031 0.000023 0.000018 0.000013 0.000010 0.000007 0.000005 0.000004 0.000003 0.000002 0.000001 0.000001 0.000001 0.000000 0.000000 0.000000 0.000000 0.000000 0.000000 0.000000 0.000000 0.000000 0.000000 0.000000 0.000000 0.000000 
0.000000 0.000000 0.000000 0.000000 0.000000 0.000000 0.000000 0.000000 0.000000 0.000000 0.000000 0.000000 0.000000 0.000001 0.000001 0.000002 0.000002 0.000003 0.000005 0.000007 0.000009 0.000013 0.000018 0.000024 0.000032 0.000042 0.000055 0.000072 0.000091 0.000116 0.000145 0.000179 0.000220 0.000266 0.000319 0.000378 0.000443 0.000514 0.000589 0.000669 0.000750 0.000833 0.000914 0.000993 0.001066 0.001133 0.001190 0.001237 0.001271 0.001292 0.001299 0.001292 0.001271 0.001237 0.001190 0.001133 0.001066 0.000993 0.000914 0.000833 0.000750 0.000669 0.000589 0.000514 0.000443 0.000378 0.000319 0.000266 0.000220 0.000179 0.000145 0.000116 0.000091 0.000072 0.000055 0.000042 0.000032 0.000024 0.000018 0.000013 0.000009 0.000007 0.000005 0.000003 0.000002 0.000002 0.000001 0.000001 0.000000 0.000000 0.000000 0.000000 0.000000 0.000000 0.000000 0.000000 0.000000 0.000000 0.000000 0.000000 
0.000000 0.000000 0.000000 0.000000 0.000000 0.000000 0.000000 0.000000 0.000000 0.000000 0.000000 0.000001 0.000001 0.000001 0.000002 0.000003 0.000004 0.000006 0.000008 0.000011 0.000016 0.000022 0.000030 0.000040 0.000054 0.000071 0.000093 0.000121 0.000154 0.000195 0.000244 0.000302 0.000370 0.000448 0.000537 0.000636 0.000745 0.000864 0.000991 0.001124 0.001262 0.001400 0.001537 0.001669 0.001792 0.001903 0.002000 0.002078 0.002136 0.002171 0.002183 0.002171 0.002136 0.002078 0.002000 0.001903 0.001792 0.001669 0.001537 0.001400 0.001262 0.001124 0.000991 0.000864 0.000745 0.000636 0.000537 0.000448 0.000370 0.000302 0.000244 0.000195 0.000154 0.000121 0.000093 0.000071 0.000054 0.000040 0.000030 0.000022 0.000016 0.000011 0.000008 0.000006 0.000004 0.000003 0.000002 0.000001 0.000001 0.000001 0.000000 0.000000 0.000000 0.000000 0.000000 0.000000 0.000000 0.000000 0.000000 0.000000 
0.000000 0.000000 0.000000 0.000000 0.000000 0.000000 0.000000 0.000000 0.000000 0.000000 0.000001 0.000001 0.000001 0.000002 0.000003 0.000004 0.000006 0.000009 0.000013 0.000019 0.000026 0.000036 0.000049 0.000066 0.000088 0.000117 0.000153 0.000197 0.000252 0.000319 0.000399 0.000494 0.000605 0.000732 0.000877 0.001039 0.001218 0.001412 0.001619 0.001837 0.002060 0.002286 0.002510 0.002725 0.002926 0.003108 0.003265 0.003393 0.003487 0.003545 0.003564 0.003545 0.003487 0.003393 0.003265 0.003108 0.002926 0.002725 0.002510 0.002286 0.002060 0.001837 0.001619 0.001412 0.001218 0.001039 0.000877 0.000732 0.000605 0.000494 0.000399 0.000319 0.000252 0.000197 0.000153 0.000117 0.000088 0.000066 0.000049 0.000036 0.000026 0.000019 0.000013 0.000009 0.000006 0.000004 0.000003 0.000002 0.000001 0.000001 0.000001 0.000000 0.000000 0.000000 0.000000 0.000000 0.000000 0.000000 0.000000 0.000000 
0.000000 0.000000 0.000000 0.000000 0.000000 0.000000 0.000000 0.000000 0.000000 0.000001 0.000001 0.000001 0.000002 0.000003 0.000005 0.000007 0.000010 0.000015 0.000021 0.000030 0.000042 0.000058 0.000079 0.000107 0.000142 0.000188 0.000246 0.000318 0.000406 0.000513 0.000642 0.000794 0.000972 0.001177 0.001410 0.001670 0.001957 0.002269 0.002602 0.002950 0.003310 0.003673 0.004031 0.004376 0.004699 0.004990 0.005242 0.005447 0.005598 0.005691 0.005722 0.005691 0.005598 0.005447 0.005242 0.004990 0.004699 0.004376 0.004031 0.003673 0.003310 0.002950 0.002602 0.002269 0.001957 0.001670 0.001410 0.001177 0.000972 0.000794 0.000642 0.000513 0.000406 0.000318 0.000246 0.000188 0.000142 0.000107 0.000079 0.000058 0.000042 0.000030 0.000021 0.000015 0.000010 0.000007 0.000005 0.000003 0.000002 0.000001 0.000001 0.000001 0.000000 0.000000 0.000000 0.000000 0.000000 0.000000 0.000000 0.000000 
0.000000 0.000000 0.000000 0.000000 0.000000 0.000000 0.000000 0.000000 0.000001 0.000001 0.000002 0.000002 0.000004 0.000005 0.000008 0.000011 0.000017 0.000024 0.000034 0.000048 0.000067 0.000092 0.000126 0.000170 0.000227 0.000299 0.000391 0.000505 0.000645 0.000816 0.001020 0.001262 0.001544 0.001870 0.002239 0.002652 0.003107 0.003601 0.004128 0.004681 0.005251 0.005826 0.006393 0.006940 0.007451 0.007914 0.008313 0.008638 0.008877 0.009024 0.009074 0.009024 0.008877 0.008638 0.008313 0.007914 0.007451 0.006940 0.006393 0.005826 0.005251 0.004681 0.004128 0.003601 0.003107 0.002652 0.002239 0.001870 0.001544 0.001262 0.001020 0.000816 0.000645 0.000505 0.000391 0.000299 0.000227 0.000170 0.000126 0.000092 0.000067 0.000048 0.000034 0.000024 0.000017 0.000011 0.000008 0.000005 0.000004 0.000002 0.000002 0.000001 0.000001 0.000000 0.000000 0.000000 0.000000 0.000000 0.000000 0.000000 
0.000000 0.000000 0.000000 0.000000 0.000000 0.000000 0.000000 0.000001 0.000001 0.000002 0.000002 0.000004 0.000006 0.000008 0.000012 0.000018 0.000026 0.000038 0.000054 0.000076 0.000106 0.000146 0.000198 0.000267 0.000357 0.000471 0.000615 0.000794 0.001014 0.001282 0.001603 0.001983 0.002426 0.002936 0.003515 0.004163 0.004877 0.005652 0.006478 0.007345 0.008238 0.009139 0.010029 0.010885 0.011687 0.012411 0.013037 0.013545 0.013921 0.014151 0.014229 0.014151 0.013921 0.013545 0.013037 0.012411 0.011687 0.010885 0.010029 0.009139 0.008238 0.007345 0.006478 0.005652 0.004877 0.004163 0.003515 0.002936 0.002426 0.001983 0.001603 0.001282 0.001014 0.000794 0.000615 0.000471 0.000357 0.000267 0.000198 0.000146 0.000106 0.000076 0.000054 0.000038 0.000026 0.000018 0.000012 0.000008 0.000006 0.000004 0.000002 0.000002 0.000001 0.000001 0.000000 0.000000 0.000000 0.000000 0.000000 0.000000 
0.000000 0.000000 0.000000 0.000000 0.000000 0.000000 0.000001 0.000001 0.000002 0.000002 0.000004 0.000006 0.000009 0.000013 0.000019 0.000028 0.000041 0.000059 0.000084 0.000118 0.000165 0.000227 0.000309 0.000416 0.000555 0.000733 0.000956 0.001235 0.001578 0.001994 0.002492 0.003082 0.003770 0.004562 0.005461 0.006467 0.007575 0.008777 0.010059 0.011404 0.012789 0.014186 0.015566 0.016894 0.018137 0.019260 0.020230 0.021019 0.021600 0.021957 0.022078 0.021957 0.021600 0.021019 0.020230 0.019260 0.018137 0.016894 0.015566 0.014186 0.012789 0.011404 0.010059 0.008777 0.007575 0.006467 0.005461 0.004562 0.003770 0.003082 0.002492 0.001994 0.001578 0.001235 0.000956 0.000733 0.000555 0.000416 0.000309 0.000227 0.000165 0.000118 0.000084 0.000059 0.000041 0.000028 0.000019 0.000013 0.000009 0.000006 0.000004 0.000002 0.000002 0.000001 0.000001 0.000000 0.000000 0.000000 0.000000 0.000000 
0.000000 0.000000 0.000000 0.000000 0.000000 0.000001 0.000001 0.000002 0.000002 0.000004 0.000006 0.000009 0.000013 0.000020 0.000030 0.000044 0.000063 0.000091 0.000130 0.000182 0.000254 0.000350 0.000476 0.000642 0.000856 0.001129 0.001473 0.001901 0.002428 0.003068 0.003834 0.004741 0.005798 0.007016 0.008397 0.009941 0.011643 0.013488 0.015457 0.017522 0.019647 0.021792 0.023910 0.025948 0.027855 0.029578 0.031067 0.032276 0.033169 0.033717 0.033901 0.033717 0.033169 0.032276 0.031067 0.029578 0.027855 0.025948 0.023910 0.021792 0.019647 0.017522 0.015457 0.013488 0.011643 0.009941 0.008397 0.007016 0.005798 0.004741 0.003834 0.003068 0.002428 0.001901 0.001473 0.001129 0.000856 0.000642 0.000476 0.000350 0.000254 0.000182 0.000130 0.000091 0.000063 0.000044 0.000030 0.000020 0.000013 0.000009 0.000006 0.000004 0.000002 0.000002 0.000001 0.000001 0.000000 0.000000 0.000000 0.000000 
0.000000 0.000000 0.000000 0.000000 0.000001 0.000001 0.000001 0.000002 0.000004 0.000006 0.000009 0.000014 0.000020 0.000031 0.000046 0.000067 0.000097 0.000139 0.000198 0.000279 0.000387 0.000533 0.000726 0.000979 0.001305 0.001720 0.002244 0.002897 0.003699 0.004672 0.005838 0.007217 0.008825 0.010676 0.012776 0.015124 0.017710 0.020514 0.023506 0.026643 0.029872 0.033130 0.036346 0.039442 0.042338 0.044954 0.047215 0.049052 0.050407 0.051238 0.051519 0.051238 0.050407 0.049052 0.047215 0.044954 0.042338 0.039442 0.036346 0.033130 0.029872 0.026643 0.023506 0.020514 0.017710 0.015124 0.012776 0.010676 0.008825 0.007217 0.005838 0.004672 0.003699 0.002897 0.002244 0.001720 0.001305 0.000979 0.000726 0.000533 0.000387 0.000279 0.000198 0.000139 0.000097 0.000067 0.000046 0.000031 0.000020 0.000014 0.000009 0.000006 0.000004 0.000002 0.000001 0.000001 0.000001 0.000000 0.000000 0.000000 
0.000000 0.000000 0.000000 0.000000 0.000001 0.000001 0.000002 0.000004 0.000006 0.000009 0.000013 0.000020 0.000031 0.000046 0.000069 0.000101 0.000147 0.000211 0.000299 0.000421 0.000585 0.000805 0.001096 0.001477 0.001968 0.002595 0.003385 0.004368 0.005575 0.007041 0.008797 0.010873 0.013293 0.016078 0.019238 0.022770 0.026660 0.030877 0.035376 0.040093 0.044948 0.049846 0.054680 0.059334 0.063687 0.067619 0.071016 0.073776 0.075813 0.077062 0.077483 0.077062 0.075813 0.073776 0.071016 0.067619 0.063687 0.059334 0.054680 0.049846 0.044948 0.040093 0.035376 0.030877 0.026660 0.022770 0.019238 0.016078 0.013293 0.010873 0.008797 0.007041 0.005575 0.004368 0.003385 0.002595 0.001968 0.001477 0.001096 0.000805 0.000585 0.000421 0.000299 0.000211 0.000147 0.000101 0.000069 0.000046 0.000031 0.000020 0.000013 0.000009 0.000006 0.000004 0.000002 0.000001 0.000001 0.000000 0.000000 0.000000 
0.000000 0.000000 0.000000 0.000001 0.000001 0.000002 0.000003 0.000005 0.000008 0.000013 0.000020 0.000031 0.000046 0.000070 0.000103 0.000151 0.000219 0.000315 0.000448 0.000629 0.000875 0.001203 0.001638 0.002206 0.002939 0.003873 0.005051 0.006516 0.008317 0.010502 0.013118 0.016210 0.019816 0.023963 0.028667 0.033926 0.039717 0.045995 0.052690 0.059710 0.066933 0.074221 0.081412 0.088335 0.094809 0.100658 0.105711 0.109816 0.112845 0.114703 0.115329 0.114703 0.112845 0.109816 0.105711 0.100658 0.094809 0.088335 0.081412 0.074221 0.066933 0.059710 0.052690 0.045995 0.039717 0.033926 0.028667 0.023963 0.019816 0.016210 0.013118 0.010502 0.008317 0.006516 0.005051 0.003873 0.002939 0.002206 0.001638 0.001203 0.000875 0.000629 0.000448 0.000315 0.000219 0.000151 0.000103 0.000070 0.000046 0.000031 0.000020 0.000013 0.000008 0.000005 0.000003 0.000002 0.000001 0.000001 0.000000 0.000000 
0.000000 0.000000 0.000001 0.000001 0.000002 0.000003 0.000005 0.000008 0.000012 0.000019 0.000030 0.000046 0.000069 0.000103 0.000153 0.000224 0.000325 0.000466 0.000662 0.000930 0.001293 0.001779 0.002421 0.003259 0.004342 0.005721 0.007459 0.009622 0.012278 0.015500 0.019357 0.023916 0.029231 0.035344 0.042276 0.050024 0.058555 0.067803 0.077665 0.088002 0.098639 0.109369 0.119957 0.130149 0.139680 0.148289 0.155727 0.161770 0.166229 0.168963 0.169884 0.168963 0.166229 0.161770 0.155727 0.148289 0.139680 0.130149 0.119957 0.109369 0.098639 0.088002 0.077665 0.067803 0.058555 0.050024 0.042276 0.035344 0.029231 0.023916 0.019357 0.015500 0.012278 0.009622 0.007459 0.005721 0.004342 0.003259 0.002421 0.001779 0.001293 0.000930 0.000662 0.000466 0.000325 0.000224 0.000153 0.000103 0.000069 0.000046 0.000030 0.000019 0.000012 0.000008 0.000005 0.000003 0.000002 0.000001 0.000000 0.000000 
0.000000 0.000000 0.000001 0.000002 0.000003 0.000004 0.000007 0.000011 0.000018 0.000028 0.000044 0.000067 0.000101 0.000151 0.000224 0.000328 0.000476 0.000683 0.000970 0.001362 0.001893 0.002603 0.003541 0.004766 0.006348 0.008363 0.010901 0.014058 0.017936 0.022638 0.028267 0.034918 0.042672 0.051588 0.061698 0.072995 0.085433 0.098913 0.113288 0.128354 0.143856 0.159492 0.174919 0.189768 0.203654 0.216196 0.227031 0.235833 0.242328 0.246311 0.247654 0.246311 0.242328 0.235833 0.227031 0.216196 0.203654 0.189768 0.174919 0.159492 0.143856 0.128354 0.113288 0.098913 0.085433 0.072995 0.061698 0.051588 0.042672 0.034918 0.028267 0.022638 0.017936 0.014058 0.010901 0.008363 0.006348 0.004766 0.003541 0.002603 0.001893 0.001362 0.000970 0.000683 0.000476 0.000328 0.000224 0.000151 0.000101 0.000067 0.000044 0.000028 0.000018 0.000011 0.000007 0.000004 0.000003 0.000001 0.000001 0.000000 
0.000000 0.000001 0.000001 0.000002 0.000004 0.000006 0.000010 0.000017 0.000026 0.000041 0.000063 0.000097 0.000147 0.000219 0.000325 0.000476 0.000690 0.000990 0.001405 0.001973 0.002741 0.003768 0.005125 0.006897 0.009183 0.012097 0.015765 0.020326 0.025927 0.032719 0.040848 0.050451 0.061645 0.074514 0.089104 0.105406 0.123351 0.142799 0.163534 0.185264 0.207621 0.230169 0.252415 0.273825 0.293846 0.311928 0.327548 0.340237 0.349601 0.355342 0.357277 0.355342 0.349601 0.340237 0.327548 0.311928 0.293846 0.273825 0.252415 0.230169 0.207621 0.185264 0.163534 0.142799 0.123351 0.105406 0.089104 0.074514 0.061645 0.050451 0.040848 0.032719 0.025927 0.020326 0.015765 0.012097 0.009183 0.006897 0.005125 0.003768 0.002741 0.001973 0.001405 0.000990 0.000690 0.000476 0.000325 0.000219 0.000147 0.000097 0.000063 0.000041 0.000026 0.000017 0.000010 0.000006 0.000004 0.000002 0.000001 0.000000 
0.000000 0.000001 0.000002 0.000003 0.000006 0.000009 0.000015 0.000024 0.000038 0.000059 0.000091 0.000139 0.000211 0.000315 0.000466 0.000683 0.000990 0.001419 0.002014 0.002828 0.003928 0.005398 0.007341 0.009876 0.013147 0.017314 0.022559 0.029081 0.037088 0.046795 0.058412 0.072133 0.088124 0.106506 0.127342 0.150622 0.176243 0.204008 0.233608 0.264624 0.296533 0.328711 0.360456 0.391006 0.419573 0.445372 0.467657 0.485759 0.499118 0.507309 0.510069 0.507309 0.499118 0.485759 0.467657 0.445372 0.419573 0.391006 0.360456 0.328711 0.296533 0.264624 0.233608 0.204008 0.176243 0.150622 0.127342 0.106506 0.088124 0.072133 0.058412 0.046795 0.037088 0.029081 0.022559 0.017314 0.013147 0.009876 0.007341 0.005398 0.003928 0.002828 0.002014 0.001419 0.000990 0.000683 0.000466 0.000315 0.000211 0.000139 0.000091 0.000059 0.000038 0.000024 0.000015 0.000009 0.000006 0.000003 0.000001 0.000000 
0.000000 0.000001 0.000003 0.000005 0.000008 0.000013 0.000021 0.000034 0.000054 0.000084 0.000130 0.000198 0.000299 0.000448 0.000662 0.000970 0.001405 0.002014 0.002857 0.004010 0.005569 0.007652 0.010403 0.013993 0.018623 0.024522 0.031945 0.041172 0.052499 0.066228 0.082656 0.102056 0.124661 0.150644 0.180092 0.212988 0.249190 0.288415 0.330229 0.374041 0.419108 0.464552 0.509381 0.552520 0.592857 0.629283 0.660747 0.686305 0.705164 0.716728 0.720625 0.716728 0.705164 0.686305 0.660747 0.629283 0.592857 0.552520 0.509381 0.464552 0.419108 0.374041 0.330229 0.288415 0.249190 0.212988 0.180092 0.150644 0.124661 0.102056 0.082656 0.066228 0.052499 0.041172 0.031945 0.024522 0.018623 0.013993 0.010403 0.007652 0.005569 0.004010 0.002857 0.002014 0.001405 0.000970 0.000662 0.000448 0.000299 0.000198 0.000130 0.000084 0.000054 0.000034 0.000021 0.000013 0.000008 0.000004 0.000002 0.000000 
0.000000 0.000002 0.000004 0.000007 0.000011 0.000019 0.000030 0.000048 0.000076 0.000118 0.000182 0.000279 0.000421 0.000629 0.000930 0.001362 0.001973 0.002828 0.004010 0.005627 0.007813 0.010733 0.014588 0.019619 0.026104 0.034365 0.044760 0.057678 0.073534 0.092749 0.115737 0.142880 0.174503 0.210846 0.252030 0.298031 0.348649 0.403489 0.461941 0.523181 0.586170 0.649682 0.712329 0.772611 0.828974 0.879870 0.923832 0.959540 0.985889 1.002045 1.007489 1.002045 0.985889 0.959540 0.923832 0.879870 0.828974 0.772611 0.712329 0.649682 0.586170 0.523181 0.461941 0.403489 0.348649 0.298031 0.252030 0.210846 0.174503 0.142880 0.115737 0.092749 0.073534 0.057678 0.044760 0.034365 0.026104 0.019619 0.014588 0.010733 0.007813 0.005627 0.004010 0.002828 0.001973 0.001362 0.000930 0.000629 0.000421 0.000279 0.000182 0.000118 0.000076 0.000048 0.000030 0.000019 0.000011 0.000006 0.000003 0.000000 
0.000000 0.000002 0.000005 0.000009 0.000016 0.000026 0.000042 0.000067 0.000106 0.000165 0.000254 0.000387 0.000585 0.000875 0.001293 0.001893 0.002741 0.003928 0.005569 0.007813 0.010845 0.014895 0.020241 0.027216 0.036206 0.047654 0.062057 0.079954 0.101916 0.128527 0.160359 0.197938 0.241714 0.292017 0.349013 0.412668 0.482704 0.558573 0.639433 0.724140 0.811261 0.899098 0.985733 1.069093 1.147029 1.217403 1.278186 1.327556 1.363985 1.386321 1.393848 1.386321 1.363985 1.327556 1.278186 1.217403 1.147029 1.069093 0.985733 0.899098 0.811261 0.724140 0.639433 0.558573 0.482704 0.412668 0.349013 0.292017 0.241714 0.197938 0.160359 0.128527 0.101916 0.079954 0.062057 0.047654 0.036206 0.027216 0.020241 0.014895 0.010845 0.007813 0.005569 0.003928 0.002741 0.001893 0.001293 0.000875 0.000585 0.000387 0.000254 0.000165 0.000106 0.000067 0.000042 0.000026 0.000015 0.000009 0.000004 0.000000 
0.000000 0.000003 0.000007 0.000013 0.000022 0.000036 0.000058 0.000092 0.000146 0.000227 0.000350 0.000533 0.000805 0.001203 0.001779 0.002603 0.003768 0.005398 0.007652 0.010733 0.014895 0.020453 0.027789 0.037357 0.049687 0.065387 0.085135 0.109668 0.139770 0.176238 0.219852 0.271336 0.331301 0.400196 0.478251 0.565413 0.661304 0.765171 0.875859 0.991804 1.111043 1.231253 1.349811 1.463881 1.570523 1.666814 1.749979 1.817525 1.867366 1.897925 1.908222 1.897925 1.867366 1.817525 1.749979 1.666814 1.570523 1.463881 1.349811 1.231253 1.111043 0.991804 0.875859 0.765171 0.661304 0.565413 0.478251 0.400196 0.331301 0.271336 0.219852 0.176238 0.139770 0.109668 0.085135 0.065387 0.049687 0.037357 0.027789 0.020453 0.014895 0.010733 0.007652 0.005398 0.003768 0.002603 0.001779 0.001203 0.000805 0.000533 0.000350 0.000227 0.000145 0.000092 0.000058 0.000036 0.000021 0.000012 0.000005 0.000000 
0.000000 0.000004 0.000010 0.000018 0.000030 0.000049 0.000079 0.000126 0.000198 0.000309 0.000476 0.000726 0.001096 0.001638 0.002421 0.003541 0.005125 0.007341 0.010403 0.014588 0.020241 0.027789 0.037749 0.050736 0.067470 0.088773 0.115564 0.148842 0.189667 0.239117 0.298251 0.368043 0.449323 0.542696 0.648469 0.766571 0.896487 1.037194 1.187129 1.344172 1.505665 1.668461 1.829010 1.983473 2.127870 2.258245 2.370845 2.462296 2.529773 2.571145 2.585085 2.571145 2.529773 2.462296 2.370845 2.258245 2.127870 1.983473 1.829010 1.668461 1.505665 1.344172 1.187129 1.037194 0.896487 0.766571 0.648469 0.542696 0.449323 0.368043 0.298251 0.239117 0.189667 0.148842 0.115564 0.088773 0.067470 0.050736 0.037749 0.027789 0.020241 0.014588 0.010403 0.007341 0.005125 0.003541 0.002421 0.001638 0.001096 0.000726 0.000476 0.000309 0.000198 0.000126 0.000079 0.000049 0.000029 0.000016 0.000007 0.000000 
0.000000 0.000006 0.000013 0.000024 0.000040 0.000066 0.000107 0.000170 0.000267 0.000416 0.000642 0.000979 0.001477 0.002206 0.003259 0.004766 0.006897 0.009876 0.013993 0.019619 0.027216 0.037357 0.050736 0.068179 0.090650 0.119252 0.155215 0.199881 0.254666 0.321017 0.400349 0.493968 0.602982 0.728201 0.870033 1.028381 1.202551 1.391170 1.592141 1.802622 2.019052 2.237214 2.452350 2.659321 2.852795 3.027475 3.178333 3.300854 3.391254 3.446680 3.465356 3.446680 3.391254 3.300854 3.178333 3.027475 2.852795 2.659321 2.452350 2.237214 2.019052 1.802622 1.592141 1.391170 1.202551 1.028381 0.870033 0.728201 0.602982 0.493968 0.400349 0.321017 0.254666 0.199881 0.155215 0.119252 0.090650 0.068179 0.050736 0.037357 0.027216 0.019619 0.013993 0.009876 0.006897 0.004766 0.003259 0.002206 0.001477 0.000979 0.000642 0.000416 0.000267 0.000170 0.000106 0.000066 0.000039 0.000022 0.000010 0.000000 
0.000000 0.000008 0.000018 0.000032 0.000054 0.000088 0.000142 0.000227 0.000357 0.000555 0.000856 0.001305 0.001968 0.002939 0.004342 0.006348 0.009183 0.013147 0.018623 0.026104 0.036206 0.049687 0.067470 0.090650 0.120507 0.158503 0.206271 0.265588 0.338334 0.426425 0.531735 0.655996 0.800672 0.966835 1.155023 1.365103 1.596150 1.846343 2.112898 2.392046 2.679062 2.968356 3.253621 3.528045 3.784562 4.016151 4.216152 4.378579 4.498422 4.571898 4.596657 4.571898 4.498422 4.378579 4.216152 4.016151 3.784562 3.528045 3.253621 2.968356 2.679062 2.392046 2.112898 1.846343 1.596150 1.365103 1.155023 0.966835 0.800672 0.655996 0.531735 0.426425 0.338334 0.265588 0.206271 0.158503 0.120507 0.090650 0.067470 0.049687 0.036206 0.026104 0.018623 0.013147 0.009183 0.006348 0.004342 0.002939 0.001968 0.001305 0.000856 0.000555 0.000357 0.000226 0.000142 0.000087 0.000052 0.000029 0.000013 0.000000 
0.000000 0.000010 0.000023 0.000042 0.000071 0.000117 0.000188 0.000299 0.000471 0.000733 0.001129 0.001720 0.002595 0.003873 0.005721 0.008363 0.012097 0.017314 0.024522 0.034365 0.047654 0.065387 0.088773 0.119252 0.158503 0.208446 0.271224 0.349169 0.444745 0.560467 0.698792 0.861987 1.051972 1.270149 1.517218 1.793002 2.096283 2.424666 2.774497 3.140827 3.517457 3.897052 4.271340 4.631385 4.967922 5.271744 5.534116 5.747192 5.904402 6.000787 6.033264 6.000787 5.904402 5.747192 5.534116 5.271744 4.967922 4.631385 4.271340 3.897052 3.517457 3.140827 2.774497 2.424666 2.096283 1.793002 1.517218 1.270149 1.051972 0.861987 0.698792 0.560467 0.444745 0.349169 0.271224 0.208446 0.158503 0.119252 0.088773 0.065387 0.047654 0.034365 0.024522 0.017314 0.012097 0.008363 0.005721 0.003873 0.002595 0.001720 0.001129 0.000733 0.000471 0.000299 0.000187 0.000116 0.000069 0.000039 0.000017 0.000000 
0.000000 0.000014 0.000031 0.000055 0.000093 0.000153 0.000246 0.000391 0.000615 0.000956 0.001473 0.002244 0.003385 0.005051 0.007459 0.010901 0.015765 0.022559 0.031945 0.044760 0.062057 0.085135 0.115564 0.155215 0.206271 0.271224 0.352857 0.454198 0.578445 0.728862 0.908636 1.120707 1.367564 1.651020 1.971981 2.330211 2.724122 3.150602 3.604900 4.080591 4.569623 5.062477 5.548414 6.015836 6.452721 6.847122 7.187706 7.464292 7.668356 7.793466 7.835623 7.793466 7.668356 7.464292 7.187706 6.847122 6.452721 6.015836 5.548414 5.062477 4.569623 4.080591 3.604900 3.150602 2.724122 2.330211 1.971981 1.651020 1.367564 1.120707 0.908636 0.728862 0.578445 0.454198 0.352857 0.271224 0.206271 0.155215 0.115564 0.085135 0.062057 0.044760 0.031945 0.022559 0.015765 0.010901 0.007459 0.005051 0.003385 0.002244 0.001473 0.000956 0.000614 0.000390 0.000245 0.000151 0.000090 0.000050 0.000023 0.000000 
0.000000 0.000018 0.000040 0.000072 0.000121 0.000197 0.000318 0.000505 0.000794 0.001235 0.001901 0.002897 0.004368 0.006516 0.009622 0.014058 0.020326 0.029081 0.041172 0.057678 0.079954 0.109668 0.148842 0.199881 0.265588 0.349169 0.454198 0.584565 0.744378 0.937828 1.169006 1.441685 1.759056 2.123444 2.536004 2.996428 3.502667 4.050719 4.634475 5.245677 5.873982 6.507160 7.131420 7.731868 8.293064 8.799671 9.237137 9.592392 9.854493 10.015184 10.069329 10.015184 9.854493 9.592392 9.237137 8.799671 8.293064 7.731868 7.131420 6.507160 5.873982 5.245677 4.634475 4.050719 3.502667 2.996428 2.536004 2.123444 1.759056 1.441685 1.169006 0.937828 0.744378 0.584565 0.454198 0.349169 0.265588 0.199881 0.148842 0.109668 0.079954 0.057678 0.041172 0.029081 0.020326 0.014058 0.009622 0.006516 0.004368 0.002897 0.001901 0.001235 0.000793 0.000504 0.000316 0.000195 0.000117 0.000065 0.000029 0.000000 
0.000000 0.000023 0.000051 0.000091 0.000154 0.000252 0.000406 0.000645 0.001014 0.001578 0.002428 0.003699 0.005575 0.008317 0.012278 0.017936 0.025927 0.037088 0.052499 0.073534 0.101916 0.139770 0.189667 0.254666 0.338334 0.444745 0.578445 0.744378 0.947765 1.193931 1.488072 1.834978 2.238700 2.702185 3.226895 3.812427 4.456172 5.153032 5.895238 6.672288 7.471033 8.275929 9.069449 9.832667 10.545965 11.189856 11.745856 12.197360 12.530466 12.734686 12.803498 12.734686 12.530466 12.197360 11.745856 11.189856 10.545965 9.832667 9.069449 8.275929 7.471033 6.672288 5.895238 5.153032 4.456172 3.812427 3.226895 2.702185 2.238700 1.834978 1.488072 1.193931 0.947765 0.744378 0.578445 0.444745 0.338334 0.254666 0.189667 0.139770 0.101916 0.073534 0.052499 0.037088 0.025927 0.017936 0.012278 0.008317 0.005575 0.003699 0.002428 0.001577 0.001014 0.000644 0.000404 0.000249 0.000149 0.000084 0.000037 0.000000 
0.000000 0.000029 0.000064 0.000116 0.000195 0.000319 0.000513 0.000816 0.001282 0.001994 0.003068 0.004672 0.007041 0.010502 0.015500 0.022638 0.032719 0.046795 0.066228 0.092749 0.128527 0.176238 0.239117 0.321017 0.426425 0.560467 0.728862 0.937828 1.193931 1.503863 1.874158 2.310834 2.818976 3.402285 4.062587 4.799366 5.609331 6.486061 7.419778 8.397269 9.401992 10.414398 11.412449 12.372346 13.269427 14.079192 14.778405 15.346195 15.765086 16.021897 16.108429 16.021897 15.765086 15.346195 14.778405 14.079192 13.269427 12.372346 11.412449 10.414398 9.401992 8.397269 7.419778 6.486061 5.609331 4.799366 4.062587 3.402285 2.818976 2.310834 1.874158 1.503863 1.193931 0.937828 0.728862 0.560467 0.426425 0.321017 0.239117 0.176238 0.128527 0.092749 0.066228 0.046795 0.032719 0.022638 0.015500 0.010502 0.007041 0.004672 0.003068 0.001993 0.001281 0.000815 0.000511 0.000316 0.000189 0.000106 0.000047 0.000000 
0.000000 0.000036 0.000080 0.000145 0.000244 0.000399 0.000642 0.001020 0.001603 0.002492 0.003834 0.005838 0.008797 0.013118 0.019357 0.028267 0.040848 0.058412 0.082656 0.115737 0.160359 0.219852 0.298251 0.400349 0.531735 0.698792 0.908636 1.169006 1.488072 1.874158 2.335391 2.879251 3.512060 4.238410 5.060565 5.977869 6.986214 8.077601 9.239851 10.456514 11.707005 12.966995 14.209062 15.403599 16.519926 17.527567 18.397619 19.104122 19.625343 19.944887 20.052555 19.944887 19.625343 19.104122 18.397619 17.527567 16.519926 15.403599 14.209062 12.966995 11.707005 10.456514 9.239851 8.077601 6.986214 5.977869 5.060565 4.238410 3.512060 2.879251 2.335391 1.874158 1.488072 1.169006 0.908636 0.698792 0.531735 0.400349 0.298251 0.219852 0.160359 0.115737 0.082656 0.058412 0.040848 0.028267 0.019357 0.013118 0.008797 0.005838 0.003834 0.002492 0.001602 0.001019 0.000640 0.000395 0.000237 0.000132 0.000059 0.000000 
0.000000 0.000044 0.000100 0.000179 0.000302 0.000494 0.000794 0.001262 0.001983 0.003082 0.004741 0.007217 0.010873 0.016210 0.023916 0.034918 0.050451 0.072133 0.102056 0.142880 0.197938 0.271336 0.368043 0.493968 0.655996 0.861987 1.120707 1.441685 1.834978 2.310834 2.879251 3.549433 4.329154 5.224055 6.236910 7.366899 8.608948 9.953195 11.384635 12.883004 14.422953 15.974525 17.503961 18.974814 20.349318 21.589966 22.661183 23.531020 24.172730 24.566139 24.698695 24.566139 24.172730 23.531020 22.661183 21.589966 20.349318 18.974814 17.503961 15.974525 14.422953 12.883004 11.384635 9.953195 8.608948 7.366899 6.236910 5.224055 4.329154 3.549433 2.879251 2.310834 1.834978 1.441685 1.120707 0.861987 0.655996 0.493968 0.368043 0.271336 0.197938 0.142880 0.102056 0.072133 0.050451 0.034918 0.023916 0.016210 0.010872 0.007217 0.004741 0.003081 0.001982 0.001260 0.000791 0.000489 0.000293 0.000164 0.000073 0.000000 
0.000000 0.000054 0.000122 0.000220 0.000370 0.000605 0.000972 0.001544 0.002426 0.003770 0.005798 0.008825 0.013293 0.019816 0.029231 0.042672 0.061645 0.088124 0.124661 0.174503 0.241714 0.331301 0.449323 0.602982 0.800672 1.051972 1.367564 1.759056 2.238700 2.818976 3.512060 4.329154 5.279717 6.370609 7.605191 8.982450 10.496187 12.134374 13.878716 15.704519 17.580894 19.471344 21.334749 23.126713 24.801241 26.312652 27.617626 28.677257 29.458974 29.938211 30.099686 29.938211 29.458974 28.677257 27.617626 26.312652 24.801241 23.126713 21.334749 19.471344 17.580894 15.704519 13.878716 12.134374 10.496187 8.982450 7.605191 6.370609 5.279717 4.329154 3.512060 2.818976 2.238700 1.759056 1.367564 1.051972 0.800672 0.602982 0.449323 0.331301 0.241714 0.174503 0.124661 0.088124 0.061645 0.042672 0.029231 0.019816 0.013293 0.008825 0.005798 0.003769 0.002425 0.001542 0.000969 0.000598 0.000358 0.000200 0.000090 0.000000 
0.000000 0.000066 0.000148 0.000266 0.000448 0.000732 0.001177 0.001870 0.002936 0.004562 0.007016 0.010676 0.016078 0.023963 0.035344 0.051588 0.074514 0.106506 0.150644 0.210846 0.292017 0.400196 0.542696 0.728201 0.966835 1.270149 1.651020 2.123444 2.702185 3.402285 4.238410 5.224055 6.370609 7.686322 9.175231 10.836094 12.661421 14.636696 16.739853 18.941114 21.203238 23.482235 25.728540 27.888649 29.907136 31.728954 33.301904 34.579107 35.521321 36.098947 36.293572 36.098947 35.521321 34.579107 33.301904 31.728954 29.907136 27.888649 25.728540 23.482235 21.203238 18.941114 16.739853 14.636696 12.661421 10.836094 9.175231 7.686322 6.370609 5.224055 4.238410 3.402285 2.702185 2.123444 1.651020 1.270149 0.966835 0.728201 0.542696 0.400196 0.292017 0.210846 0.150644 0.106506 0.074514 0.051588 0.035344 0.023963 0.016078 0.010676 0.007015 0.004561 0.002935 0.001867 0.001173 0.000724 0.000434 0.000243 0.000108 0.000000 
0.000000 0.000079 0.000177 0.000319 0.000537 0.000877 0.001410 0.002239 0.003515 0.005461 0.008397 0.012776 0.019238 0.028667 0.042276 0.061698 0.089104 0.127342 0.180092 0.252030 0.349013 0.478251 0.648469 0.870033 1.155023 1.517218 1.971981 2.536004 3.226895 4.062587 5.060565 6.236910 7.605191 9.175231 10.951824 12.933465 15.111204 17.467707 19.976641 22.602479 25.300800 28.019136 30.698380 33.274733 35.682104 37.854863 39.730776 41.253954 42.377614 43.066471 43.298572 43.066471 42.377614 41.253954 39.730776 37.854863 35.682104 33.274733 30.698380 28.019136 25.300800 22.602479 19.976641 17.467707 15.111204 12.933465 10.951824 9.175231 7.605191 6.236910 5.060565 4.062587 3.226895 2.536004 1.971981 1.517218 1.155023 0.870033 0.648469 0.478251 0.349013 0.252030 0.180092 0.127342 0.089104 0.061698 0.042276 0.028667 0.019237 0.012775 0.008396 0.005460 0.003513 0.002236 0.001405 0.000868 0.000520 0.000291 0.000130 0.000000 
0.000000 0.000093 0.000210 0.000378 0.000636 0.001039 0.001670 0.002652 0.004163 0.006467 0.009941 0.015124 0.022770 0.033926 0.050024 0.072995 0.105406 0.150622 0.212988 0.298031 0.412668 0.565413 0.766571 1.028381 1.365103 1.793002 2.330211 2.996428 3.812427 4.799366 5.977869 7.366899 8.982450 10.836094 12.933465 15.272766 17.843412 20.624925 23.586215 26.685345 29.869889 33.077933 36.239734 39.280019 42.120817 44.684705 46.898268 48.695579 50.021454 50.834271 51.108139 50.834271 50.021454 48.695579 46.898268 44.684705 42.120817 39.280019 36.239734 33.077933 29.869889 26.685345 23.586215 20.624925 17.843412 15.272766 12.933465 10.836094 8.982450 7.366899 5.977869 4.799366 3.812427 2.996428 2.330211 1.793002 1.365103 1.028381 0.766571 0.565413 0.412668 0.298031 0.212988 0.150622 0.105406 0.072995 0.050024 0.033926 0.022769 0.015123 0.009940 0.006466 0.004161 0.002648 0.001664 0.001028 0.000616 0.000345 0.000154 0.000000 
0.000000 0.000109 0.000246 0.000443 0.000745 0.001218 0.001957 0.003107 0.004877 0.007575 0.011643 0.017710 0.026660 0.039717 0.058555 0.085433 0.123351 0.176243 0.249190 0.348649 0.482704 0.661304 0.896487 1.202551 1.596150 2.096283 2.724122 3.502667 4.456172 5.609331 6.986214 8.608948 10.496187 12.661421 15.111204 17.843412 20.845660 24.094018 27.552165 31.171126 34.889681 38.635543 42.327291 45.877055 49.193820 52.187215 54.771552 56.869884 58.417807 59.366741 59.686470 59.366741 58.417807 56.869884 54.771552 52.187215 49.193820 45.877055 42.327291 38.635543 34.889681 31.171126 27.552165 24.094018 20.845660 17.843412 15.111204 12.661421 10.496187 8.608948 6.986214 5.609331 4.456172 3.502667 2.724122 2.096283 1.596150 1.202551 0.896487 0.661304 0.482704 0.348649 0.249190 0.176243 0.123351 0.085433 0.058555 0.039716 0.026659 0.017709 0.011642 0.007573 0.004875 0.003103 0.001950 0.001205 0.000723 0.000404 0.000181 0.000000 
0.000000 0.000127 0.000285 0.000514 0.000864 0.001412 0.002269 0.003601 0.005652 0.008777 0.013488 0.020514 0.030877 0.045995 0.067803 0.098913 0.142799 0.204008 0.288415 0.403489 0.558573 0.765171 1.037194 1.391170 1.846343 2.424666 3.150602 4.050719 5.153032 6.486061 8.077601 9.953195 12.134374 14.636696 17.467707 20.624925 24.094018 27.847315 31.842841 36.024002 40.320073 44.647548 48.912380 53.013077 56.844526 60.302355 63.287610 65.711432 67.499448 68.595561 68.964879 68.595561 67.499448 65.711432 63.287610 60.302355 56.844526 53.013077 48.912380 44.647548 40.320073 36.024002 31.842841 27.847315 24.094018 20.624925 17.467707 14.636696 12.134374 9.953195 8.077601 6.486061 5.153032 4.050719 3.150602 2.424666 1.846343 1.391170 1.037194 0.765171 0.558573 0.403489 0.288415 0.204008 0.142798 0.098913 0.067803 0.045994 0.030877 0.020514 0.013487 0.008775 0.005649 0.003596 0.002260 0.001397 0.000838 0.000469 0.000209 0.000000 
0.000000 0.000146 0.000327 0.000589 0.000991 0.001619 0.002602 0.004128 0.006478 0.010059 0.015457 0.023506 0.035376 0.052690 0.077665 0.113288 0.163534 0.233608 0.330229 0.461941 0.639433 0.875859 1.187129 1.592141 2.112898 2.774497 3.604900 4.634475 5.895238 7.419778 9.239851 11.384635 13.878716 16.739853 19.976641 23.586215 27.552165 31.842841 36.410242 41.189673 46.100291 51.046652 55.921276 60.608183 64.987255 68.939235 72.351054 75.121182 77.164644 78.417346 78.839423 78.417346 77.164644 75.121182 72.351054 68.939235 64.987255 60.608183 55.921276 51.046652 46.100291 41.189673 36.410242 31.842841 27.552165 23.586215 19.976641 16.739853 13.878716 11.384635 9.239851 7.419778 5.895238 4.634475 3.604900 2.774497 2.112898 1.592141 1.187129 0.875859 0.639433 0.461941 0.330229 0.233608 0.163534 0.113288 0.077665 0.052690 0.035376 0.023505 0.015456 0.010057 0.006475 0.004122 0.002591 0.001601 0.000961 0.000538 0.000240 0.000000 
0.000000 0.000165 0.000371 0.000669 0.001124 0.001837 0.002950 0.004681 0.007345 0.011404 0.017522 0.026643 0.040093 0.059710 0.088002 0.128354 0.185264 0.264624 0.374041 0.523181 0.724140 0.991804 1.344172 1.802622 2.392046 3.140827 4.080591 5.245677 6.672288 8.397269 10.456514 12.883004 15.704519 18.941114 22.602479 26.685345 31.171126 36.024002 41.189673 46.594964 52.148448 57.742195 63.254676 68.554756 73.506631 77.975472 81.833451 84.965792 87.276429 88.692910 89.170168 88.692910 87.276429 84.965792 81.833451 77.975472 73.506631 68.554756 63.254676 57.742195 52.148448 46.594964 41.189673 36.024002 31.171126 26.685345 22.602479 18.941114 15.704519 12.883004 10.456514 8.397269 6.672288 5.245677 4.080591 3.140827 2.392046 1.802622 1.344172 0.991804 0.724140 0.523181 0.374041 0.264624 0.185264 0.128354 0.088002 0.059709 0.040093 0.026642 0.017521 0.011402 0.007342 0.004675 0.002939 0.001816 0.001090 0.000610 0.000272 0.000000 
0.000000 0.000185 0.000417 0.000750 0.001262 0.002060 0.003310 0.005251 0.008238 0.012789 0.019647 0.029872 0.044948 0.066933 0.098639 0.143856 0.207621 0.296533 0.419108 0.586170 0.811261 1.111043 1.505665 2.019052 2.679062 3.517457 4.569623 5.873982 7.471033 9.401992 11.707005 14.422953 17.580894 21.203238 25.300800 29.869889 34.889681 40.320073 46.100291 52.148448 58.362245 64.620931 70.788548 76.718398 82.258568 87.258240 91.574434 95.078769 97.663795 99.248475 99.782404 99.248475 97.663795 95.078769 91.574434 87.258240 82.258568 76.718398 70.788548 64.620931 58.362245 52.148448 46.100291 40.320073 34.889681 29.869889 25.300800 21.203238 17.580894 14.422953 11.707005 9.401992 7.471033 5.873982 4.569623 3.517457 2.679062 2.019052 1.505665 1.111043 0.811261 0.586170 0.419108 0.296533 0.207621 0.143856 0.098639 0.066933 0.044948 0.029871 0.019646 0.012787 0.008234 0.005243 0.003297 0.002038 0.001223 0.000684 0.000306 0.000000 
0.000000 0.000206 0.000463 0.000833 0.001400 0.002286 0.003673 0.005826 0.009139 0.014186 0.021792 0.033130 0.049846 0.074221 0.109369 0.159492 0.230169 0.328711 0.464552 0.649682 0.899098 1.231253 1.668461 2.237214 2.968356 3.897052 5.062477 6.507160 8.275929 10.414398 12.966995 15.974525 19.471344 23.482235 28.019136 33.077933 38.635543 44.647548 51.046652 57.742195 64.620931 71.549198 78.376509 84.940498 91.073035 96.607205 101.384773 105.263661 108.124964 109.878999 110.469987 109.878999 108.124964 105.263661 101.384773 96.607205 91.073035 84.940498 78.376509 71.549198 64.620931 57.742195 51.046652 44.647548 38.635543 33.077933 28.019136 23.482235 19.471344 15.974525 12.966995 10.414398 8.275929 6.507160 5.062477 3.897052 2.968356 2.237214 1.668461 1.231253 0.899098 0.649682 0.464552 0.328711 0.230169 0.159492 0.109369 0.074220 0.049846 0.033129 0.021791 0.014184 0.009135 0.005817 0.003658 0.002261 0.001357 0.000760 0.000339 0.000000 
0.000000 0.000226 0.000508 0.000914 0.001537 0.002510 0.004031 0.006393 0.010029 0.015566 0.023910 0.036346 0.054680 0.081412 0.119957 0.174919 0.252415 0.360456 0.509381 0.712329 0.985733 1.349811 1.829010 2.452350 3.253621 4.271340 5.548414 7.131420 9.069449 11.412449 14.209062 17.503961 21.334749 25.728540 30.698380 36.239734 42.327291 48.912380 55.921276 63.254676 70.788548 78.376509 85.853760 93.042502 99.758627 105.819368 111.051461 115.299342 118.432815 120.353689 121.000889 120.353689 118.432815 115.299342 111.051461 105.819368 99.758627 93.042502 85.853760 78.376509 70.788548 63.254676 55.921276 48.912380 42.327291 36.239734 30.698380 25.728540 21.334749 17.503961 14.209062 11.412449 9.069449 7.131420 5.548414 4.271340 3.253621 2.452350 1.829010 1.349811 0.985733 0.712329 0.509381 0.360456 0.252415 0.174919 0.119957 0.081412 0.054680 0.036345 0.023908 0.015563 0.010024 0.006384 0.004015 0.002482 0.001490 0.000834 0.000373 0.000000 
