0.000000 0.000000 0.000000 0.000000 0.000000 0.000000 0.000000 0.000000 0.000000 0.000000 0.000000 0.000000 0.000000 0.000000 0.000000 0.000000 0.000000 0.000000 0.000000 0.000000 0.000000 0.000000 0.000000 0.000000 0.000000 0.000000 0.000000 0.000000 0.000000 0.000000 0.000000 0.000000 0.000000 0.000000 0.000000 0.000000 0.000000 0.000000 0.000000 0.000000 0.000000 0.000000 0.000000 0.000000 0.000000 0.000000 0.000000 0.000000 0.000000 0.000000 0.000000 0.000000 0.000000 0.000000 0.000000 0.000000 0.000000 0.000000 0.000000 0.000000 0.000000 0.000000 0.000000 0.000000 0.000000 0.000000 0.000000 0.000000 0.000000 0.000000 0.000000 0.000000 0.000000 0.000000 0.000000 0.000000 0.000000 0.000000 0.000000 0.000000 0.000000 0.000000 0.000000 0.000000 0.000000 0.000000 0.000000 0.000000 0.000000 0.000000 0.000000 0.000000 0.000000 0.000000 0.000000 0.000000 0.000000 0.000000 0.000000 0.000000 
0.000000 0.000000 0.000000 0.000000 0.000000 0.000000 0.000000 0.000000 0.000000 0.000000 0.000000 0.000000 0.000000 0.000000 0.000000 0.000000 0.000000 0.000000 0.000000 0.000000 0.000000 0.000000 0.000000 0.000000 0.000000 0.000000 0.000000 0.000000 0.000000 0.000000 0.000000 0.000000 0.000000 0.000000 0.000000 0.000000 0.000000 0.000000 0.000000 0.000000 0.000000 0.000000 0.000000 0.000000 0.000000 0.000000 0.000000 0.000000 0.000000 0.000000 0.000000 0.000000 0.000000 0.000000 0.000000 0.000000 0.000000 0.000000 0.000000 0.000000 0.000000 0.000000 0.000000 0.000000 0.000000 0.000000 0.000000 0.000000 0.000000 0.000000 0.000000 0.000000 0.000000 0.000000 0.000000 0.000000 0.000000 0.000000 0.000000 0.000000 0.000000 0.000000 0.000000 0.000000 0.000000 0.000000 0.000000 0.000000 0.000000 0.000000 0.000000 0.000000 0.000000 0.000000 0.000000 0.000000 0.000000 0.000000 0.000000 0.000000 
0.000000 0.000000 0.000000 0.000000 0.000000 0.000000 0.000000 0.000000 0.000000 0.000000 0.000000 0.000000 0.000000 0.000000 0.000000 0.000000 0.000000 0.000000 0.000000 0.000000 0.000000 0.000000 0.000000 0.000000 0.000000 0.000000 0.000000 0.000000 0.000000 0.000000 0.000000 0.000000 0.000000 0.000000 0.000000 0.000000 0.000000 0.000000 0.000000 0.000000 0.000000 0.000000 0.000000 0.000000 0.000000 0.000000 0.000000 0.000000 0.000000 0.000000 0.000000 0.000000 0.000000 0.000000 0.000000 0.000000 0.000000 0.000000 0.000000 0.000000 0.000000 0.000000 0.000000 0.000000 0.000000 0.000000 0.000000 0.000000 0.000000 0.000000 0.000000 0.000000 0.000000 0.000000 0.000000 0.000000 0.000000 0.000000 0.000000 0.000000 0.000000 0.000000 0.000000 0.000000 0.000000 0.000000 0.000000 0.000000 0.000000 0.000000 0.000000 0.000000 0.000000 0.000000 0.000000 0.000000 0.000000 0.000000 0.000000 0.000000 
0.000000 0.000000 0.000000 0.000000 0.000000 0.000000 0.000000 0.000000 0.000000 0.000000 0.000000 0.000000 0.000000 0.000000 0.000000 0.000000 0.000000 0.000000 0.000000 0.000000 0.000000 0.000000 0.000000 0.000000 0.000000 0.000000 0.000000 0.000000 0.000000 0.000000 0.000000 0.000000 0.000000 0.000000 0.000000 0.000000 0.000000 0.000000 0.000000 0.000000 0.000000 0.000000 0.000000 0.000000 0.000000 0.000000 0.000000 0.000000 0.000000 0.000000 0.000000 0.000000 0.000000 0.000000 0.000000 0.000000 0.000000 0.000000 0.000000 0.000000 0.000000 0.000000 0.000000 0.000000 0.000000 0.000000 0.000000 0.000000 0.000000 0.000000 0.000000 0.000000 0.000000 0.000000 0.000000 0.000000 0.000000 0.000000 0.000000 0.000000 0.000000 0.000000 0.000000 0.000000 0.000000 0.000000 0.000000 0.000000 0.000000 0.000000 0.000000 0.000000 0.000000 0.000000 0.000000 0.000000 0.000000 0.000000 0.000000 0.000000 
0.000000 0.000000 0.000000 0.000000 0.000000 0.000000 0.000000 0.000000 0.000000 0.000000 0.000000 0.000000 0.000000 0.000000 0.000000 0.000000 0.000000 0.000000 0.000000 0.000000 0.000000 0.000000 0.000000 0.000000 0.000000 0.000000 0.000000 0.000000 0.000000 0.000000 0.000000 0.000000 0.000000 0.000000 0.000000 0.000000 0.000000 0.000000 0.000000 0.000000 0.000000 0.000000 0.000000 0.000000 0.000000 0.000000 0.000000 0.000000 0.000000 0.000000 0.000000 0.000000 0.000000 0.000000 0.000000 0.000000 0.000000 0.000000 0.000000 0.000000 0.000000 0.000000 0.000000 0.000000 0.000000 0.000000 0.000000 0.000000 0.000000 0.000000 0.000000 0.000000 0.000000 0.000000 0.000000 0.000000 0.000000 0.000000 0.000000 0.000000 0.000000 0.000000 0.000000 0.000000 0.000000 0.000000 0.000000 0.000000 0.000000 0.000000 0.000000 0.000000 0.000000 0.000000 0.000000 0.000000 0.000000 0.000000 0.000000 0.000000 
0.000000 0.000000 0.000000 0.000000 0.000000 0.000000 0.000000 0.000000 0.000000 0.000000 0.000000 0.000000 0.000000 0.000000 0.000000 0.000000 0.000000 0.000000 0.000000 0.000000 0.000000 0.000000 0.000000 0.000000 0.000000 0.000000 0.000000 0.000000 0.000000 0.000000 0.000000 0.000000 0.000000 0.000000 0.000000 0.000000 0.000000 0.000000 0.000000 0.000000 0.000000 0.000000 0.000000 0.000000 0.000000 0.000000 0.000000 0.000000 0.000000 0.000000 0.000000 0.000000 0.000000 0.000000 0.000000 0.000000 0.000000 0.000000 0.000000 0.000000 0.000000 0.000000 0.000000 0.000000 0.000000 0.000000 0.000000 0.000000 0.000000 0.000000 0.000000 0.000000 0.000000 0.000000 0.000000 0.000000 0.000000 0.000000 0.000000 0.000000 0.000000 0.000000 0.000000 0.000000 0.000000 0.000000 0.000000 0.000000 0.000000 0.000000 0.000000 0.000000 0.000000 0.000000 0.000000 0.000000 0.000000 0.000000 0.000000 0.000000 
0.000000 0.000000 0.000000 0.000000 0.000000 0.000000 0.000000 0.000000 0.000000 0.000000 0.000000 0.000000 0.000000 0.000000 0.000000 0.000000 0.000000 0.000000 0.000000 0.000000 0.000000 0.000000 0.000000 0.000000 0.000000 0.000000 0.000000 0.000000 0.000000 0.000000 0.000000 0.000000 0.000000 0.000000 0.000000 0.000000 0.000000 0.000000 0.000000 0.000000 0.000000 0.000000 0.000000 0.000000 0.000000 0.000000 0.000000 0.000000 0.000000 0.000000 0.000000 0.000000 0.000000 0.000000 0.000000 0.000000 0.000000 0.000000 0.000000 0.000000 0.000000 0.000000 0.000000 0.000000 0.000000 0.000000 0.000000 0.000000 0.000000 0.000000 0.000000 0.000000 0.000000 0.000000 0.000000 0.000000 0.000000 0.000000 0.000000 0.000000 0.000000 0.000000 0.000000 0.000000 0.000000 0.000000 0.000000 0.000000 0.000000 0.000000 0.000000 0.000000 0.000000 0.000000 0.000000 0.000000 0.000000 0.000000 0.000000 0.000000 
0.000000 0.000000 0.000000 0.000000 0.000000 0.000000 0.000000 0.000000 0.000000 0.000000 0.000000 0.000000 0.000000 0.000000 0.000000 0.000000 0.000000 0.000000 0.000000 0.000000 0.000000 0.000000 0.000000 0.000000 0.000000 0.000000 0.000000 0.000000 0.000000 0.000000 0.000000 0.000000 0.000000 0.000000 0.000000 0.000000 0.000000 0.000000 0.000000 0.000000 0.000000 0.000000 0.000000 0.000000 0.000000 0.000000 0.000000 0.000000 0.000000 0.000000 0.000000 0.000000 0.000000 0.000000 0.000000 0.000000 0.000000 0.000000 0.000000 0.000000 0.000000 0.000000 0.000000 0.000000 0.000000 0.000000 0.000000 0.000000 0.000000 0.000000 0.000000 0.000000 0.000000 0.000000 0.000000 0.000000 0.000000 0.000000 0.000000 0.000000 0.000000 0.000000 0.000000 0.000000 0.000000 0.000000 0.000000 0.000000 0.000000 0.000000 0.000000 0.000000 0.000000 0.000000 0.000000 0.000000 0.000000 0.000000 0.000000 0.000000 
0.000000 0.000000 0.000000 0.000000 0.000000 0.000000 0.000000 0.000000 0.000000 0.000000 0.000000 0.000000 0.000000 0.000000 0.000000 0.000000 0.000000 0.000000 0.000000 0.000000 0.000000 0.000000 0.000000 0.000000 0.000000 0.000000 0.000000 0.000000 0.000000 0.000000 0.000000 0.000000 0.000000 0.000000 0.000000 0.000000 0.000000 0.000000 0.000000 0.000000 0.000000 0.000000 0.000000 0.000000 0.000000 0.000000 0.000000 0.000000 0.000000 0.000000 0.000000 0.000000 0.000000 0.000000 0.000000 0.000000 0.000000 0.000000 0.000000 0.000000 0.000000 0.000000 0.000000 0.000000 0.000000 0.000000 0.000000 0.000000 0.000000 0.000000 0.000000 0.000000 0.000000 0.000000 0.000000 0.000000 0.000000 0.000000 0.000000 0.000000 0.000000 0.000000 0.000000 0.000000 0.000000 0.000000 0.000000 0.000000 0.000000 0.000000 0.000000 0.000000 0.000000 0.000000 0.000000 0.000000 0.000000 0.000000 0.000000 0.000000 
0.000000 0.000000 0.000000 0.000000 0.000000 0.000000 0.000000 0.000000 0.000000 0.000000 0.000000 0.000000 0.000000 0.000000 0.000000 0.000000 0.000000 0.000000 0.000000 0.000000 0.000000 0.000000 0.000000 0.000000 0.000000 0.000000 0.000000 0.000000 0.000000 0.000000 0.000000 0.000000 0.000000 0.000000 0.000000 0.000000 0.000000 0.000000 0.000000 0.000000 0.000000 0.000000 0.000000 0.000000 0.000000 0.000000 0.000000 0.000000 0.000000 0.000000 0.000000 0.000000 0.000000 0.000000 0.000000 0.000000 0.000000 0.000000 0.000000 0.000000 0.000000 0.000000 0.000000 0.000000 0.000000 0.000000 0.000000 0.000000 0.000000 0.000000 0.000000 0.000000 0.000000 0.000000 0.000000 0.000000 0.000000 0.000000 0.000000 0.000000 0.000000 0.000000 0.000000 0.000000 0.000000 0.000000 0.000000 0.000000 0.000000 0.000000 0.000000 0.000000 0.000000 0.000000 0.000000 0.000000 0.000000 0.000000 0.000000 0.000000 
0.000000 0.000000 0.000000 0.000000 0.000000 0.000000 0.000000 0.000000 0.000000 0.000000 0.000000 0.000000 0.000000 0.000000 0.000000 0.000000 0.000000 0.000000 0.000000 0.000000 0.000000 0.000000 0.000000 0.000000 0.000000 0.000000 0.000000 0.000000 0.000000 0.000000 0.000000 0.000000 0.000000 0.000000 0.000000 0.000000 0.000000 0.000000 0.000000 0.000000 0.000000 0.000000 0.000000 0.000000 0.000000 0.000000 0.000000 0.000000 0.000000 0.000000 0.000000 0.000000 0.000000 0.000000 0.000000 0.000000 0.000000 0.000000 0.000000 0.000000 0.000000 0.000000 0.000000 0.000000 0.000000 0.000000 0.000000 0.000000 0.000000 0.000000 0.000000 0.000000 0.000000 0.000000 0.000000 0.000000 0.000000 0.000000 0.000000 0.000000 0.000000 0.000000 0.000000 0.000000 0.000000 0.000000 0.000000 0.000000 0.000000 0.000000 0.000000 0.000000 0.000000 0.000000 0.000000 0.000000 0.000000 0.000000 0.000000 0.000000 
0.000000 0.000000 0.000000 0.000000 0.000000 0.000000 0.000000 0.000000 0.000000 0.000000 0.000000 0.000000 0.000000 0.000000 0.000000 0.000000 0.000000 0.000000 0.000000 0.000000 0.000000 0.000000 0.000000 0.000000 0.000000 0.000000 0.000000 0.000000 0.000000 0.000000 0.000000 0.000000 0.000000 0.000000 0.000000 0.000000 0.000000 0.000000 0.000000 0.000000 0.000000 0.000000 0.000000 0.000000 0.000000 0.000000 0.000001 0.000001 0.000001 0.000001 0.000001 0.000001 0.000001 0.000001 0.000001 0.000000 0.000000 0.000000 0.000000 0.000000 0.000000 0.000000 0.000000 0.000000 0.000000 0.000000 0.000000 0.000000 0.000000 0.000000 0.000000 0.000000 0.000000 0.000000 0.000000 0.000000 0.000000 0.000000 0.000000 0.000000 0.000000 0.000000 0.000000 0.000000 0.000000 0.000000 0.000000 0.000000 0.000000 0.000000 0.000000 0.000000 0.000000 0.000000 0.000000 0.000000 0.000000 0.000000 0.000000 0.000000 
0.000000 0.000000 0.000000 0.000000 0.000000 0.000000 0.000000 0.000000 0.000000 0.000000 0.000000 0.000000 0.000000 0.000000 0.000000 0.000000 0.000000 0.000000 0.000000 0.000000 0.000000 0.000000 0.000000 0.000000 0.000000 0.000000 0.000000 0.000000 0.000000 0.000000 0.000000 0.000000 0.000000 0.000000 0.000000 0.000000 0.000000 0.000000 0.000000 0.000000 0.000000 0.000001 0.000001 0.000001 0.000001 0.000001 0.000001 0.000002 0.000002 0.000002 0.000002 0.000002 0.000002 0.000002 0.000001 0.000001 0.000001 0.000001 0.000001 0.000001 0.000000 0.000000 0.000000 0.000000 0.000000 0.000000 0.000000 0.000000 0.000000 0.000000 0.000000 0.000000 0.000000 0.000000 0.000000 0.000000 0.000000 0.000000 0.000000 0.000000 0.000000 0.000000 0.000000 0.000000 0.000000 0.000000 0.000000 0.000000 0.000000 0.000000 0.000000 0.000000 0.000000 0.000000 0.000000 0.000000 0.000000 0.000000 0.000000 0.000000 
0.000000 0.000000 0.000000 0.000000 0.000000 0.000000 0.000000 0.000000 0.000000 0.000000 0.000000 0.000000 0.000000 0.000000 0.000000 0.000000 0.000000 0.000000 0.000000 0.000000 0.000000 0.000000 0.000000 0.000000 0.000000 0.000000 0.000000 0.000000 0.000000 0.000000 0.000000 0.000000 0.000000 0.000000 0.000000 0.000000 0.000000 0.000000 0.000001 0.000001 0.000001 0.000001 0.000002 0.000002 0.000003 0.000003 0.000004 0.000004 0.000005 0.000005 0.000005 0.000005 0.000005 0.000004 0.000004 0.000003 0.000003 0.000002 0.000002 0.000001 0.000001 0.000001 0.000001 0.000000 0.000000 0.000000 0.000000 0.000000 0.000000 0.000000 0.000000 0.000000 0.000000 0.000000 0.000000 0.000000 0.000000 0.000000 0.000000 0.000000 0.000000 0.000000 0.000000 0.000000 0.000000 0.000000 0.000000 0.000000 0.000000 0.000000 0.000000 0.000000 0.000000 0.000000 0.000000 0.000000 0.000000 0.000000 0.000000 0.000000 
0.000000 0.000000 0.000000 0.000000 0.000000 0.000000 0.000000 0.000000 0.000000 0.000000 0.000000 0.000000 0.000000 0.000000 0.000000 0.000000 0.000000 0.000000 0.000000 0.000000 0.000000 0.000000 0.000000 0.000000 0.000000 0.000000 0.000000 0.000000 0.000000 0.000000 0.000000 0.000000 0.000000 0.000000 0.000000 0.000000 0.000001 0.000001 0.000001 0.000002 0.000003 0.000004 0.000005 0.000006 0.000008 0.000009 0.000010 0.000011 0.000012 0.000013 0.000013 0.000013 0.000012 0.000011 0.000010 0.000009 0.000008 0.000006 0.000005 0.000004 0.000003 0.000002 0.000001 0.000001 0.000001 0.000000 0.000000 0.000000 0.000000 0.000000 0.000000 0.000000 0.000000 0.000000 0.000000 0.000000 0.000000 0.000000 0.000000 0.000000 0.000000 0.000000 0.000000 0.000000 0.000000 0.000000 0.000000 0.000000 0.000000 0.000000 0.000000 0.000000 0.000000 0.000000 0.000000 0.000000 0.000000 0.000000 0.000000 0.000000 
0.000000 0.000000 0.000000 0.000000 0.000000 0.000000 0.000000 0.000000 0.000000 0.000000 0.000000 0.000000 0.000000 0.000000 0.000000 0.000000 0.000000 0.000000 0.000000 0.000000 0.000000 0.000000 0.000000 0.000000 0.000000 0.000000 0.000000 0.000000 0.000000 0.000000 0.000000 0.000000 0.000000 0.000000 0.000001 0.000001 0.000002 0.000003 0.000004 0.000005 0.000007 0.000010 0.000013 0.000016 0.000019 0.000022 0.000026 0.000029 0.000031 0.000032 0.000033 0.000032 0.000031 0.000029 0.000026 0.000022 0.000019 0.000016 0.000013 0.000010 0.000007 0.000005 0.000004 0.000003 0.000002 0.000001 0.000001 0.000000 0.000000 0.000000 0.000000 0.000000 0.000000 0.000000 0.000000 0.000000 0.000000 0.000000 0.000000 0.000000 0.000000 0.000000 0.000000 0.000000 0.000000 0.000000 0.000000 0.000000 0.000000 0.000000 0.000000 0.000000 0.000000 0.000000 0.000000 0.000000 0.000000 0.000000 0.000000 0.000000 
0.000000 0.000000 0.000000 0.000000 0.000000 0.000000 0.000000 0.000000 0.000000 0.000000 0.000000 0.000000 0.000000 0.000000 0.000000 0.000000 0.000000 0.000000 0.000000 0.000000 0.000000 0.000000 0.000000 0.000000 0.000000 0.000000 0.000000 0.000000 0.000000 0.000000 0.000000 0.000000 0.000001 0.000001 0.000002 0.000003 0.000004 0.000007 0.000009 0.000013 0.000018 0.000024 0.000031 0.000039 0.000047 0.000055 0.000063 0.000070 0.000076 0.000079 0.000081 0.000079 0.000076 0.000070 0.000063 0.000055 0.000047 0.000039 0.000031 0.000024 0.000018 0.000013 0.000009 0.000007 0.000004 0.000003 0.000002 0.000001 0.000001 0.000000 0.000000 0.000000 0.000000 0.000000 0.000000 0.000000 0.000000 0.000000 0.000000 0.000000 0.000000 0.000000 0.000000 0.000000 0.000000 0.000000 0.000000 0.000000 0.000000 0.000000 0.000000 0.000000 0.000000 0.000000 0.000000 0.000000 0.000000 0.000000 0.000000 0.000000 
0.000000 0.000000 0.000000 0.000000 0.000000 0.000000 0.000000 0.000000 0.000000 0.000000 0.000000 0.000000 0.000000 0.000000 0.000000 0.000000 0.000000 0.000000 0.000000 0.000000 0.000000 0.000000 0.000000 0.000000 0.000000 0.000000 0.000000 0.000000 0.000000 0.000000 0.000001 0.000001 0.000002 0.000003 0.000004 0.000007 0.000011 0.000016 0.000023 0.000032 0.000044 0.000058 0.000075 0.000094 0.000114 0.000134 0.000153 0.000170 0.000183 0.000191 0.000194 0.000191 0.000183 0.000170 0.000153 0.000134 0.000114 0.000094 0.000075 0.000058 0.000044 0.000032 0.000023 0.000016 0.000011 0.000007 0.000004 0.000003 0.000002 0.000001 0.000001 0.000000 0.000000 0.000000 0.000000 0.000000 0.000000 0.000000 0.000000 0.000000 0.000000 0.000000 0.000000 0.000000 0.000000 0.000000 0.000000 0.000000 0.000000 0.000000 0.000000 0.000000 0.000000 0.000000 0.000000 0.000000 0.000000 0.000000 0.000000 0.000000 
0.000000 0.000000 0.000000 0.000000 0.000000 0.000000 0.000000 0.000000 0.000000 0.000000 0.000000 0.000000 0.000000 0.000000 0.000000 0.000000 0.000000 0.000000 0.000000 0.000000 0.000000 0.000000 0.000000 0.000000 0.000000 0.000000 0.000000 0.000000 0.000000 0.000001 0.000001 0.000002 0.000004 0.000007 0.000011 0.000017 0.000025 0.000038 0.000054 0.000076 0.000104 0.000138 0.000177 0.000221 0.000268 0.000315 0.000360 0.000399 0.000430 0.000450 0.000456 0.000450 0.000430 0.000399 0.000360 0.000315 0.000268 0.000221 0.000177 0.000138 0.000104 0.000076 0.000054 0.000038 0.000025 0.000017 0.000011 0.000007 0.000004 0.000002 0.000001 0.000001 0.000000 0.000000 0.000000 0.000000 0.000000 0.000000 0.000000 0.000000 0.000000 0.000000 0.000000 0.000000 0.000000 0.000000 0.000000 0.000000 0.000000 0.000000 0.000000 0.000000 0.000000 0.000000 0.000000 0.000000 0.000000 0.000000 0.000000 0.000000 
0.000000 0.000000 0.000000 0.000000 0.000000 0.000000 0.000000 0.000000 0.000000 0.000000 0.000000 0.000000 0.000000 0.000000 0.000000 0.000000 0.000000 0.000000 0.000000 0.000000 0.000000 0.000000 0.000000 0.000000 0.000000 0.000000 0.000000 0.000000 0.000001 0.000002 0.000003 0.000005 0.000009 0.000015 0.000025 0.000039 0.000059 0.000087 0.000126 0.000177 0.000240 0.000318 0.000408 0.000509 0.000616 0.000724 0.000827 0.000917 0.000987 0.001032 0.001047 0.001032 0.000987 0.000917 0.000827 0.000724 0.000616 0.000509 0.000408 0.000318 0.000240 0.000177 0.000126 0.000087 0.000059 0.000039 0.000025 0.000015 0.000009 0.000005 0.000003 0.000002 0.000001 0.000000 0.000000 0.000000 0.000000 0.000000 0.000000 0.000000 0.000000 0.000000 0.000000 0.000000 0.000000 0.000000 0.000000 0.000000 0.000000 0.000000 0.000000 0.000000 0.000000 0.000000 0.000000 0.000000 0.000000 0.000000 0.000000 0.000000 
0.000000 0.000000 0.000000 0.000000 0.000000 0.000000 0.000000 0.000000 0.000000 0.000000 0.000000 0.000000 0.000000 0.000000 0.000000 0.000000 0.000000 0.000000 0.000000 0.000000 0.000000 0.000000 0.000000 0.000000 0.000000 0.000000 0.000001 0.000001 0.000002 0.000004 0.000007 0.000012 0.000021 0.000035 0.000056 0.000088 0.000134 0.000198 0.000285 0.000398 0.000541 0.000715 0.000917 0.001142 0.001382 0.001624 0.001854 0.002055 0.002211 0.002311 0.002345 0.002311 0.002211 0.002055 0.001854 0.001624 0.001382 0.001142 0.000917 0.000715 0.000541 0.000398 0.000285 0.000198 0.000134 0.000088 0.000056 0.000035 0.000021 0.000012 0.000007 0.000004 0.000002 0.000001 0.000001 0.000000 0.000000 0.000000 0.000000 0.000000 0.000000 0.000000 0.000000 0.000000 0.000000 0.000000 0.000000 0.000000 0.000000 0.000000 0.000000 0.000000 0.000000 0.000000 0.000000 0.000000 0.000000 0.000000 0.000000 0.000000 
0.000000 0.000000 0.000000 0.000000 0.000000 0.000000 0.000000 0.000000 0.000000 0.000000 0.000000 0.000000 0.000000 0.000000 0.000000 0.000000 0.000000 0.000000 0.000000 0.000000 0.000000 0.000000 0.000000 0.000000 0.000000 0.000001 0.000001 0.000002 0.000005 0.000009 0.000016 0.000027 0.000046 0.000077 0.000124 0.000194 0.000295 0.000437 0.000628 0.000877 0.001190 0.001569 0.002011 0.002503 0.003026 0.003554 0.004054 0.004491 0.004832 0.005049 0.005124 0.005049 0.004832 0.004491 0.004054 0.003554 0.003026 0.002503 0.002011 0.001569 0.001190 0.000877 0.000628 0.000437 0.000295 0.000194 0.000124 0.000077 0.000046 0.000027 0.000016 0.000009 0.000005 0.000002 0.000001 0.000001 0.000000 0.000000 0.000000 0.000000 0.000000 0.000000 0.000000 0.000000 0.000000 0.000000 0.000000 0.000000 0.000000 0.000000 0.000000 0.000000 0.000000 0.000000 0.000000 0.000000 0.000000 0.000000 0.000000 0.000000 
0.000000 0.000000 0.000000 0.000000 0.000000 0.000000 0.000000 0.000000 0.000000 0.000000 0.000000 0.000000 0.000000 0.000000 0.000000 0.000000 0.000000 0.000000 0.000000 0.000000 0.000000 0.000000 0.000000 0.000000 0.000001 0.000001 0.000003 0.000005 0.000010 0.000019 0.000034 0.000059 0.000101 0.000167 0.000268 0.000419 0.000636 0.000939 0.001348 0.001881 0.002551 0.003360 0.004301 0.005349 0.006463 0.007585 0.008648 0.009577 0.010301 0.010761 0.010919 0.010761 0.010301 0.009577 0.008648 0.007585 0.006463 0.005349 0.004301 0.003360 0.002551 0.001881 0.001348 0.000939 0.000636 0.000419 0.000268 0.000167 0.000101 0.000059 0.000034 0.000019 0.000010 0.000005 0.000003 0.000001 0.000001 0.000000 0.000000 0.000000 0.000000 0.000000 0.000000 0.000000 0.000000 0.000000 0.000000 0.000000 0.000000 0.000000 0.000000 0.000000 0.000000 0.000000 0.000000 0.000000 0.000000 0.000000 0.000000 0.000000 
0.000000 0.000000 0.000000 0.000000 0.000000 0.000000 0.000000 0.000000 0.000000 0.000000 0.000000 0.000000 0.000000 0.000000 0.000000 0.000000 0.000000 0.000000 0.000000 0.000000 0.000000 0.000000 0.000000 0.000001 0.000001 0.000003 0.000006 0.000012 0.000022 0.000040 0.000072 0.000126 0.000213 0.000352 0.000565 0.000881 0.001336 0.001971 0.002825 0.003937 0.005331 0.007016 0.008973 0.011150 0.013461 0.015790 0.017992 0.019917 0.021417 0.022370 0.022698 0.022370 0.021417 0.019917 0.017992 0.015790 0.013461 0.011150 0.008973 0.007016 0.005331 0.003937 0.002825 0.001971 0.001336 0.000881 0.000565 0.000352 0.000213 0.000126 0.000072 0.000040 0.000022 0.000012 0.000006 0.000003 0.000001 0.000001 0.000000 0.000000 0.000000 0.000000 0.000000 0.000000 0.000000 0.000000 0.000000 0.000000 0.000000 0.000000 0.000000 0.000000 0.000000 0.000000 0.000000 0.000000 0.000000 0.000000 0.000000 0.000000 
0.000000 0.000000 0.000000 0.000000 0.000000 0.000000 0.000000 0.000000 0.000000 0.000000 0.000000 0.000000 0.000000 0.000000 0.000000 0.000000 0.000000 0.000000 0.000000 0.000000 0.000000 0.000000 0.000001 0.000001 0.000003 0.000006 0.000012 0.000024 0.000046 0.000084 0.000150 0.000260 0.000440 0.000725 0.001161 0.001808 0.002738 0.004031 0.005772 0.008032 0.010865 0.014285 0.018252 0.022663 0.027342 0.032052 0.036506 0.040395 0.043425 0.045352 0.046013 0.045352 0.043425 0.040395 0.036506 0.032052 0.027342 0.022663 0.018252 0.014285 0.010865 0.008032 0.005772 0.004031 0.002738 0.001808 0.001161 0.000725 0.000440 0.000260 0.000150 0.000084 0.000046 0.000024 0.000012 0.000006 0.000003 0.000001 0.000001 0.000000 0.000000 0.000000 0.000000 0.000000 0.000000 0.000000 0.000000 0.000000 0.000000 0.000000 0.000000 0.000000 0.000000 0.000000 0.000000 0.000000 0.000000 0.000000 0.000000 0.000000 
0.000000 0.000000 0.000000 0.000000 0.000000 0.000000 0.000000 0.000000 0.000000 0.000000 0.000000 0.000000 0.000000 0.000000 0.000000 0.000000 0.000000 0.000000 0.000000 0.000000 0.000000 0.000001 0.000001 0.000003 0.000006 0.000013 0.000025 0.000049 0.000092 0.000169 0.000302 0.000524 0.000885 0.001454 0.002325 0.003615 0.005466 0.008039 0.011494 0.015977 0.021589 0.028356 0.036200 0.044912 0.054149 0.063441 0.072222 0.079888 0.085859 0.089655 0.090957 0.089655 0.085859 0.079888 0.072222 0.063441 0.054149 0.044912 0.036200 0.028356 0.021589 0.015977 0.011494 0.008039 0.005466 0.003615 0.002325 0.001454 0.000885 0.000524 0.000302 0.000169 0.000092 0.000049 0.000025 0.000013 0.000006 0.000003 0.000001 0.000001 0.000000 0.000000 0.000000 0.000000 0.000000 0.000000 0.000000 0.000000 0.000000 0.000000 0.000000 0.000000 0.000000 0.000000 0.000000 0.000000 0.000000 0.000000 0.000000 0.000000 
0.000000 0.000000 0.000000 0.000000 0.000000 0.000000 0.000000 0.000000 0.000000 0.000000 0.000000 0.000000 0.000000 0.000000 0.000000 0.000000 0.000000 0.000000 0.000000 0.000000 0.000001 0.000001 0.000003 0.000006 0.000012 0.000025 0.000050 0.000097 0.000182 0.000333 0.000593 0.001027 0.001732 0.002842 0.004537 0.007044 0.010637 0.015622 0.022309 0.030976 0.041814 0.054870 0.069988 0.086768 0.104546 0.122419 0.139302 0.154034 0.165506 0.172796 0.175298 0.172796 0.165506 0.154034 0.139302 0.122419 0.104546 0.086768 0.069988 0.054870 0.041814 0.030976 0.022309 0.015622 0.010637 0.007044 0.004537 0.002842 0.001732 0.001027 0.000593 0.000333 0.000182 0.000097 0.000050 0.000025 0.000012 0.000006 0.000003 0.000001 0.000001 0.000000 0.000000 0.000000 0.000000 0.000000 0.000000 0.000000 0.000000 0.000000 0.000000 0.000000 0.000000 0.000000 0.000000 0.000000 0.000000 0.000000 0.000000 0.000000 
0.000000 0.000000 0.000000 0.000000 0.000000 0.000000 0.000000 0.000000 0.000000 0.000000 0.000000 0.000000 0.000000 0.000000 0.000000 0.000000 0.000000 0.000000 0.000000 0.000000 0.000001 0.000002 0.000005 0.000012 0.000024 0.000049 0.000097 0.000187 0.000350 0.000639 0.001135 0.001963 0.003305 0.005413 0.008627 0.013376 0.020172 0.029587 0.042202 0.058533 0.078934 0.103486 0.131892 0.163397 0.196754 0.230270 0.261915 0.289517 0.311004 0.324657 0.329341 0.324657 0.311004 0.289517 0.261915 0.230270 0.196754 0.163397 0.131892 0.103486 0.078934 0.058533 0.042202 0.029587 0.020172 0.013376 0.008627 0.005413 0.003305 0.001963 0.001135 0.000639 0.000350 0.000187 0.000097 0.000049 0.000024 0.000012 0.000005 0.000002 0.000001 0.000000 0.000000 0.000000 0.000000 0.000000 0.000000 0.000000 0.000000 0.000000 0.000000 0.000000 0.000000 0.000000 0.000000 0.000000 0.000000 0.000000 0.000000 0.000000 
0.000000 0.000000 0.000000 0.000000 0.000000 0.000000 0.000000 0.000000 0.000000 0.000000 0.000000 0.000000 0.000000 0.000000 0.000000 0.000000 0.000000 0.000000 0.000000 0.000001 0.000002 0.000005 0.000010 0.000022 0.000046 0.000092 0.000182 0.000350 0.000655 0.001193 0.002116 0.003654 0.006141 0.010043 0.015983 0.024746 0.037270 0.054598 0.077790 0.107780 0.145207 0.190208 0.242231 0.299886 0.360893 0.422156 0.479972 0.530385 0.569617 0.594542 0.603091 0.594542 0.569617 0.530385 0.479972 0.422156 0.360893 0.299886 0.242231 0.190208 0.145207 0.107780 0.077790 0.054598 0.037270 0.024746 0.015983 0.010043 0.006141 0.003654 0.002116 0.001193 0.000655 0.000350 0.000182 0.000092 0.000046 0.000022 0.000010 0.000005 0.000002 0.000001 0.000000 0.000000 0.000000 0.000000 0.000000 0.000000 0.000000 0.000000 0.000000 0.000000 0.000000 0.000000 0.000000 0.000000 0.000000 0.000000 0.000000 0.000000 
0.000000 0.000000 0.000000 0.000000 0.000000 0.000000 0.000000 0.000000 0.000000 0.000000 0.000000 0.000000 0.000000 0.000000 0.000000 0.000000 0.000000 0.000000 0.000001 0.000002 0.000004 0.000009 0.000019 0.000040 0.000084 0.000169 0.000333 0.000639 0.001193 0.002169 0.003842 0.006623 0.011114 0.018150 0.028843 0.044596 0.067083 0.098159 0.139701 0.193367 0.260276 0.340657 0.433506 0.536336 0.645078 0.754217 0.857172 0.946911 1.016731 1.061079 1.076290 1.061079 1.016731 0.946911 0.857172 0.754217 0.645078 0.536336 0.433506 0.340657 0.260276 0.193367 0.139701 0.098159 0.067083 0.044596 0.028843 0.018150 0.011114 0.006623 0.003842 0.002169 0.001193 0.000639 0.000333 0.000169 0.000084 0.000040 0.000019 0.000009 0.000004 0.000002 0.000001 0.000000 0.000000 0.000000 0.000000 0.000000 0.000000 0.000000 0.000000 0.000000 0.000000 0.000000 0.000000 0.000000 0.000000 0.000000 0.000000 0.000000 
0.000000 0.000000 0.000000 0.000000 0.000000 0.000000 0.000000 0.000000 0.000000 0.000000 0.000000 0.000000 0.000000 0.000000 0.000000 0.000000 0.000000 0.000001 0.000001 0.000003 0.000007 0.000016 0.000034 0.000072 0.000150 0.000302 0.000593 0.001135 0.002116 0.003842 0.006793 0.011691 0.019589 0.031944 0.050694 0.078282 0.117613 0.171905 0.244404 0.337968 0.454515 0.594412 0.755888 0.934601 1.123480 1.312954 1.491616 1.647292 1.768381 1.845284 1.871657 1.845284 1.768381 1.647292 1.491616 1.312954 1.123480 0.934601 0.755888 0.594412 0.454515 0.337968 0.244404 0.171905 0.117613 0.078282 0.050694 0.031944 0.019589 0.011691 0.006793 0.003842 0.002116 0.001135 0.000593 0.000302 0.000150 0.000072 0.000034 0.000016 0.000007 0.000003 0.000001 0.000001 0.000000 0.000000 0.000000 0.000000 0.000000 0.000000 0.000000 0.000000 0.000000 0.000000 0.000000 0.000000 0.000000 0.000000 0.000000 0.000000 
0.000000 0.000000 0.000000 0.000000 0.000000 0.000000 0.000000 0.000000 0.000000 0.000000 0.000000 0.000000 0.000000 0.000000 0.000000 0.000000 0.000000 0.000001 0.000002 0.000005 0.000012 0.000027 0.000059 0.000126 0.000260 0.000524 0.001027 0.001963 0.003654 0.006623 0.011691 0.020093 0.033617 0.054744 0.086766 0.133822 0.200830 0.293222 0.416474 0.575387 0.773163 1.010373 1.283979 1.586598 1.906254 2.226764 2.528864 2.792012 2.996648 3.126588 3.171147 3.126588 2.996648 2.792012 2.528864 2.226764 1.906254 1.586598 1.283979 1.010373 0.773163 0.575387 0.416474 0.293222 0.200830 0.133822 0.086766 0.054744 0.033617 0.020093 0.011691 0.006623 0.003654 0.001963 0.001027 0.000524 0.000260 0.000126 0.000059 0.000027 0.000012 0.000005 0.000002 0.000001 0.000000 0.000000 0.000000 0.000000 0.000000 0.000000 0.000000 0.000000 0.000000 0.000000 0.000000 0.000000 0.000000 0.000000 0.000000 0.000000 
0.000000 0.000000 0.000000 0.000000 0.000000 0.000000 0.000000 0.000000 0.000000 0.000000 0.000000 0.000000 0.000000 0.000000 0.000000 0.000000 0.000001 0.000002 0.000004 0.000009 0.000021 0.000046 0.000101 0.000213 0.000440 0.000885 0.001732 0.003305 0.006141 0.011114 0.019589 0.033617 0.056165 0.091346 0.144599 0.222763 0.333941 0.487078 0.691166 0.954066 1.280988 1.672801 2.124423 2.623634 3.150669 3.678871 4.176547 4.609921 4.946855 5.160771 5.234121 5.160771 4.946855 4.609921 4.176547 3.678871 3.150669 2.623634 2.124423 1.672801 1.280988 0.954066 0.691166 0.487078 0.333941 0.222763 0.144599 0.091346 0.056165 0.033617 0.019589 0.011114 0.006141 0.003305 0.001732 0.000885 0.000440 0.000213 0.000101 0.000046 0.000021 0.000009 0.000004 0.000002 0.000001 0.000000 0.000000 0.000000 0.000000 0.000000 0.000000 0.000000 0.000000 0.000000 0.000000 0.000000 0.000000 0.000000 0.000000 0.000000 
0.000000 0.000000 0.000000 0.000000 0.000000 0.000000 0.000000 0.000000 0.000000 0.000000 0.000000 0.000000 0.000000 0.000000 0.000000 0.000000 0.000001 0.000003 0.000007 0.000015 0.000035 0.000077 0.000167 0.000352 0.000725 0.001454 0.002842 0.005413 0.010043 0.018150 0.031944 0.054744 0.091346 0.148380 0.234610 0.361033 0.540663 0.787842 1.116957 1.540550 2.066885 2.697242 3.423353 4.225518 5.071966 5.919924 6.718588 7.413862 7.954297 8.297364 8.414990 8.297364 7.954297 7.413862 6.718588 5.919924 5.071966 4.225518 3.423353 2.697242 2.066885 1.540550 1.116957 0.787842 0.540663 0.361033 0.234610 0.148380 0.091346 0.054744 0.031944 0.018150 0.010043 0.005413 0.002842 0.001454 0.000725 0.000352 0.000167 0.000077 0.000035 0.000015 0.000007 0.000003 0.000001 0.000000 0.000000 0.000000 0.000000 0.000000 0.000000 0.000000 0.000000 0.000000 0.000000 0.000000 0.000000 0.000000 0.000000 0.000000 
0.000000 0.000000 0.000000 0.000000 0.000000 0.000000 0.000000 0.000000 0.000000 0.000000 0.000000 0.000000 0.000000 0.000000 0.000000 0.000001 0.000002 0.000004 0.000011 0.000025 0.000056 0.000124 0.000268 0.000565 0.001161 0.002325 0.004537 0.008627 0.015983 0.028843 0.050694 0.086766 0.144599 0.234610 0.370542 0.569623 0.852209 1.240693 1.757504 2.422137 3.247364 4.235018 5.372009 6.627410 7.951487 9.277385 10.525782 11.612272 12.456628 12.992550 13.176286 12.992550 12.456628 11.612272 10.525782 9.277385 7.951487 6.627410 5.372009 4.235018 3.247364 2.422137 1.757504 1.240693 0.852209 0.569623 0.370542 0.234610 0.144599 0.086766 0.050694 0.028843 0.015983 0.008627 0.004537 0.002325 0.001161 0.000565 0.000268 0.000124 0.000056 0.000025 0.000011 0.000004 0.000002 0.000001 0.000000 0.000000 0.000000 0.000000 0.000000 0.000000 0.000000 0.000000 0.000000 0.000000 0.000000 0.000000 0.000000 0.000000 
0.000000 0.000000 0.000000 0.000000 0.000000 0.000000 0.000000 0.000000 0.000000 0.000000 0.000000 0.000000 0.000000 0.000000 0.000000 0.000001 0.000003 0.000007 0.000017 0.000039 0.000088 0.000194 0.000419 0.000881 0.001808 0.003615 0.007044 0.013376 0.024746 0.044596 0.078282 0.133822 0.222763 0.361033 0.569623 0.874811 1.307600 1.902050 2.692216 3.707620 4.967494 6.474388 8.208137 10.121469 12.138568 14.157666 16.058135 17.711707 18.996518 19.811898 20.091426 19.811898 18.996518 17.711707 16.058135 14.157666 12.138568 10.121469 8.208137 6.474388 4.967494 3.707620 2.692216 1.902050 1.307600 0.874811 0.569623 0.361033 0.222763 0.133822 0.078282 0.044596 0.024746 0.013376 0.007044 0.003615 0.001808 0.000881 0.000419 0.000194 0.000088 0.000039 0.000017 0.000007 0.000003 0.000001 0.000000 0.000000 0.000000 0.000000 0.000000 0.000000 0.000000 0.000000 0.000000 0.000000 0.000000 0.000000 0.000000 0.000000 
0.000000 0.000000 0.000000 0.000000 0.000000 0.000000 0.000000 0.000000 0.000000 0.000000 0.000000 0.000000 0.000000 0.000000 0.000001 0.000002 0.000004 0.000011 0.000025 0.000059 0.000134 0.000295 0.000636 0.001336 0.002738 0.005466 0.010637 0.020172 0.037270 0.067083 0.117613 0.200830 0.333941 0.540663 0.852209 1.307600 1.952823 2.838327 4.014466 5.524789 7.397516 9.636089 12.210285 15.049761 18.041980 21.036088 23.853438 26.304187 28.208054 29.416160 29.830297 29.416160 28.208054 26.304187 23.853438 21.036088 18.041980 15.049761 12.210285 9.636089 7.397516 5.524789 4.014466 2.838327 1.952823 1.307600 0.852209 0.540663 0.333941 0.200830 0.117613 0.067083 0.037270 0.020172 0.010637 0.005466 0.002738 0.001336 0.000636 0.000295 0.000134 0.000059 0.000025 0.000011 0.000004 0.000002 0.000001 0.000000 0.000000 0.000000 0.000000 0.000000 0.000000 0.000000 0.000000 0.000000 0.000000 0.000000 0.000000 0.000000 
0.000000 0.000000 0.000000 0.000000 0.000000 0.000000 0.000000 0.000000 0.000000 0.000000 0.000000 0.000000 0.000000 0.000000 0.000001 0.000003 0.000007 0.000016 0.000038 0.000087 0.000198 0.000437 0.000939 0.001971 0.004031 0.008039 0.015622 0.029587 0.054598 0.098159 0.171905 0.293222 0.487078 0.787842 1.240693 1.902050 2.838327 4.122281 5.826422 8.013321 10.723314 13.960918 17.682064 21.784858 26.106663 30.429748 34.496481 38.033248 40.780328 42.523303 43.120759 42.523303 40.780328 38.033248 34.496481 30.429748 26.106663 21.784858 17.682064 13.960918 10.723314 8.013321 5.826422 4.122281 2.838327 1.902050 1.240693 0.787842 0.487078 0.293222 0.171905 0.098159 0.054598 0.029587 0.015622 0.008039 0.004031 0.001971 0.000939 0.000437 0.000198 0.000087 0.000038 0.000016 0.000007 0.000003 0.000001 0.000000 0.000000 0.000000 0.000000 0.000000 0.000000 0.000000 0.000000 0.000000 0.000000 0.000000 0.000000 0.000000 
0.000000 0.000000 0.000000 0.000000 0.000000 0.000000 0.000000 0.000000 0.000000 0.000000 0.000000 0.000000 0.000000 0.000001 0.000001 0.000004 0.000009 0.000023 0.000054 0.000126 0.000285 0.000628 0.001348 0.002825 0.005772 0.011494 0.022309 0.042202 0.077790 0.139701 0.244404 0.416474 0.691166 1.116957 1.757504 2.692216 4.014466 5.826422 8.229759 11.312025 15.129392 19.687617 24.924188 30.695445 36.772574 42.849614 48.564813 53.534191 57.393407 59.841759 60.680960 59.841759 57.393407 53.534191 48.564813 42.849614 36.772574 30.695445 24.924188 19.687617 15.129392 11.312025 8.229759 5.826422 4.014466 2.692216 1.757504 1.116957 0.691166 0.416474 0.244404 0.139701 0.077790 0.042202 0.022309 0.011494 0.005772 0.002825 0.001348 0.000628 0.000285 0.000126 0.000054 0.000023 0.000009 0.000004 0.000001 0.000001 0.000000 0.000000 0.000000 0.000000 0.000000 0.000000 0.000000 0.000000 0.000000 0.000000 0.000000 0.000000 
0.000000 0.000000 0.000000 0.000000 0.000000 0.000000 0.000000 0.000000 0.000000 0.000000 0.000000 0.000000 0.000000 0.000001 0.000002 0.000005 0.000013 0.000032 0.000076 0.000177 0.000398 0.000877 0.001881 0.003937 0.008032 0.015977 0.030976 0.058533 0.107780 0.193367 0.337968 0.575387 0.954066 1.540550 2.422137 3.707620 5.524789 8.013321 11.312025 15.540194 20.774024 27.020646 34.193806 42.096377 50.415002 58.731121 66.550210 73.347624 78.625735 81.973936 83.121516 81.973936 78.625735 73.347624 66.550210 58.731121 50.415002 42.096377 34.193806 27.020646 20.774024 15.540194 11.312025 8.013321 5.524789 3.707620 2.422137 1.540550 0.954066 0.575387 0.337968 0.193367 0.107780 0.058533 0.030976 0.015977 0.008032 0.003937 0.001881 0.000877 0.000398 0.000177 0.000076 0.000032 0.000013 0.000005 0.000002 0.000001 0.000000 0.000000 0.000000 0.000000 0.000000 0.000000 0.000000 0.000000 0.000000 0.000000 0.000000 0.000000 
0.000000 0.000000 0.000000 0.000000 0.000000 0.000000 0.000000 0.000000 0.000000 0.000000 0.000000 0.000000 0.000000 0.000001 0.000003 0.000007 0.000018 0.000044 0.000104 0.000240 0.000541 0.001190 0.002551 0.005331 0.010865 0.021589 0.041814 0.078934 0.145207 0.260276 0.454515 0.773163 1.280988 2.066885 3.247364 4.967494 7.397516 10.723314 15.129392 20.774024 27.757889 36.089572 45.653319 56.185896 67.269605 78.347073 88.760197 97.811114 104.838120 109.295353 110.822982 109.295353 104.838120 97.811114 88.760197 78.347073 67.269605 56.185896 45.653319 36.089572 27.757889 20.774024 15.129392 10.723314 7.397516 4.967494 3.247364 2.066885 1.280988 0.773163 0.454515 0.260276 0.145207 0.078934 0.041814 0.021589 0.010865 0.005331 0.002551 0.001190 0.000541 0.000240 0.000104 0.000044 0.000018 0.000007 0.000003 0.000001 0.000000 0.000000 0.000000 0.000000 0.000000 0.000000 0.000000 0.000000 0.000000 0.000000 0.000000 0.000000 
0.000000 0.000000 0.000000 0.000000 0.000000 0.000000 0.000000 0.000000 0.000000 0.000000 0.000000 0.000000 0.000001 0.000001 0.000004 0.000010 0.000024 0.000058 0.000138 0.000318 0.000715 0.001569 0.003360 0.007016 0.014285 0.028356 0.054870 0.103486 0.190208 0.340657 0.594412 1.010373 1.672801 2.697242 4.235018 6.474388 9.636089 13.960918 19.687617 27.020646 36.089572 46.904457 59.314210 72.976785 87.350297 101.712305 115.210314 126.940703 136.046929 141.822554 143.801957 141.822554 136.046929 126.940703 115.210314 101.712305 87.350297 72.976785 59.314210 46.904457 36.089572 27.020646 19.687617 13.960918 9.636089 6.474388 4.235018 2.697242 1.672801 1.010373 0.594412 0.340657 0.190208 0.103486 0.054870 0.028356 0.014285 0.007016 0.003360 0.001569 0.000715 0.000318 0.000138 0.000058 0.000024 0.000010 0.000004 0.000001 0.000001 0.000000 0.000000 0.000000 0.000000 0.000000 0.000000 0.000000 0.000000 0.000000 0.000000 0.000000 
0.000000 0.000000 0.000000 0.000000 0.000000 0.000000 0.000000 0.000000 0.000000 0.000000 0.000000 0.000000 0.000001 0.000002 0.000005 0.000013 0.000031 0.000075 0.000177 0.000408 0.000917 0.002011 0.004301 0.008973 0.018252 0.036200 0.069988 0.131892 0.242231 0.433506 0.755888 1.283979 2.124423 3.423353 5.372009 8.208137 12.210285 17.682064 24.924188 34.193806 45.653319 59.314210 74.984689 92.232293 110.372885 128.495103 145.524091 160.320960 171.806452 179.090607 181.586921 179.090607 171.806452 160.320960 145.524091 128.495103 110.372885 92.232293 74.984689 59.314210 45.653319 34.193806 24.924188 17.682064 12.210285 8.208137 5.372009 3.423353 2.124423 1.283979 0.755888 0.433506 0.242231 0.131892 0.069988 0.036200 0.018252 0.008973 0.004301 0.002011 0.000917 0.000408 0.000177 0.000075 0.000031 0.000013 0.000005 0.000002 0.000001 0.000000 0.000000 0.000000 0.000000 0.000000 0.000000 0.000000 0.000000 0.000000 0.000000 0.000000 
0.000000 0.000000 0.000000 0.000000 0.000000 0.000000 0.000000 0.000000 0.000000 0.000000 0.000000 0.000000 0.000001 0.000002 0.000006 0.000016 0.000039 0.000094 0.000221 0.000509 0.001142 0.002503 0.005349 0.011150 0.022663 0.044912 0.086768 0.163397 0.299886 0.536336 0.934601 1.586598 2.623634 4.225518 6.627410 10.121469 15.049761 21.784858 30.695445 42.096377 56.185896 72.976785 92.232293 113.420438 135.700711 157.954235 178.862028 197.026998 211.125518 220.066308 223.130262 220.066308 211.125518 197.026998 178.862028 157.954235 135.700711 113.420438 92.232293 72.976785 56.185896 42.096377 30.695445 21.784858 15.049761 10.121469 6.627410 4.225518 2.623634 1.586598 0.934601 0.536336 0.299886 0.163397 0.086768 0.044912 0.022663 0.011150 0.005349 0.002503 0.001142 0.000509 0.000221 0.000094 0.000039 0.000016 0.000006 0.000002 0.000001 0.000000 0.000000 0.000000 0.000000 0.000000 0.000000 0.000000 0.000000 0.000000 0.000000 0.000000 
